token,exchange_timestamp,ltp,last_traded_quantity,avg_trade_price,volume,total_buy_qty,total_sell_qty,open,high,low,close,open_interest,upper_circuit,lower_circuit,52wk_high,52wk_low,buy_price_1,buy_qty_1,buy_orders_1,buy_price_2,buy_qty_2,buy_orders_2,buy_price_3,buy_qty_3,buy_orders_3,buy_price_4,buy_qty_4,buy_orders_4,buy_price_5,buy_qty_5,buy_orders_5,sell_price_1,sell_qty_1,sell_orders_1,sell_price_2,sell_qty_2,sell_orders_2,sell_price_3,sell_qty_3,sell_orders_3,sell_price_4,sell_qty_4,sell_orders_4,sell_price_5,sell_qty_5,sell_orders_5
2031,2026-06-16 09:15:11+05:30,3149.0,1,3155.89,61843,53109.0,74661.0,3163.0,3163.0,3141.5,3134.3,31501200,3447.7,2820.9,3839.9,2896.0,3147.6,41,2,3147.5,9,1,3147.4,9,1,3147.3,9,1,3147.2,9,1,3149.0,58,1,3149.7,136,5,3150.4,3,1,3150.5,22,1,3150.7,32,1
2031,2026-06-16 09:15:11+05:30,3149.0,1,3155.89,61843,53109.0,74661.0,3163.0,3163.0,3141.5,3134.3,31501200,3447.7,2820.9,3839.9,2896.0,3147.6,41,2,3147.5,9,1,3147.4,9,1,3147.3,9,1,3147.2,9,1,3149.0,58,1,3149.7,136,5,3150.4,3,1,3150.5,22,1,3150.7,32,1
2031,2026-06-16 09:15:12+05:30,3148.4,50,3155.69,63539,53051.0,76423.0,3163.0,3163.0,3141.5,3134.3,31501200,3447.7,2820.9,3839.9,2896.0,3147.1,32,1,3147.0,6,1,3146.7,9,1,3146.6,35,2,3146.5,32,2,3148.4,27,1,3148.9,17,1,3149.0,45,1,3149.1,179,2,3149.2,61,2
2031,2026-06-16 09:15:12+05:30,3148.4,50,3155.69,63539,53051.0,76423.0,3163.0,3163.0,3141.5,3134.3,31501200,3447.7,2820.9,3839.9,2896.0,3147.1,32,1,3147.0,6,1,3146.7,9,1,3146.6,35,2,3146.5,32,2,3148.4,27,1,3148.9,17,1,3149.0,45,1,3149.1,179,2,3149.2,61,2
2031,2026-06-16 09:15:12+05:30,3150.2,4,3155.69,63539,53051.0,76423.0,3163.0,3163.0,3141.5,3134.3,31501200,3447.7,2820.9,3839.9,2896.0,3147.1,32,1,3147.0,6,1,3146.7,9,1,3146.6,35,2,3146.5,32,2,3148.4,27,1,3148.9,17,1,3149.0,45,1,3149.1,179,2,3149.2,61,2
2031,2026-06-16 09:15:13+05:30,3150.8,1,3155.43,65899,57375.0,75343.0,3163.0,3163.0,3141.5,3134.3,31501200,3447.7,2820.9,3839.9,2896.0,3149.0,9,1,3148.7,179,2,3148.6,36,2,3148.5,9,1,3148.4,9,1,3151.2,30,2,3151.3,92,3,3151.4,171,2,3151.5,5,2,3151.6,14,1
2031,2026-06-16 09:15:14+05:30,3151.3,36,3155.39,66461,58004.0,75376.0,3163.0,3163.0,3141.5,3134.3,31501200,3447.7,2820.9,3839.9,2896.0,3149.3,32,1,3149.2,9,1,3149.1,120,4,3149.0,9,1,3148.9,24,2,3151.1,22,1,3151.2,1,1,3151.4,39,2,3151.6,14,1,3151.7,13,1
2031,2026-06-16 09:15:14+05:30,3151.3,36,3155.39,66461,58004.0,75376.0,3163.0,3163.0,3141.5,3134.3,31501200,3447.7,2820.9,3839.9,2896.0,3149.3,32,1,3149.2,9,1,3149.1,120,4,3149.0,9,1,3148.9,24,2,3151.1,22,1,3151.2,1,1,3151.4,39,2,3151.6,14,1,3151.7,13,1
2031,2026-06-16 09:15:14+05:30,3153.4,29,3155.39,66461,58004.0,75376.0,3163.0,3163.0,3141.5,3134.3,31501200,3447.7,2820.9,3839.9,2896.0,3149.3,32,1,3149.2,9,1,3149.1,120,4,3149.0,9,1,3148.9,24,2,3151.1,22,1,3151.2,1,1,3151.4,39,2,3151.6,14,1,3151.7,13,1
2031,2026-06-16 09:15:15+05:30,3153.4,117,3155.31,67810,59499.0,75583.0,3163.0,3163.0,3141.5,3134.3,31501200,3447.7,2820.9,3839.9,2896.0,3151.3,164,6,3151.2,11,2,3151.1,17,3,3151.0,9,1,3150.9,54,2,3153.4,22,1,3153.8,276,3,3154.1,200,1,3154.2,86,1,3154.3,347,2
2031,2026-06-16 09:15:15+05:30,3153.4,117,3155.31,67810,59499.0,75583.0,3163.0,3163.0,3141.5,3134.3,31501200,3447.7,2820.9,3839.9,2896.0,3151.3,164,6,3151.2,11,2,3151.1,17,3,3151.0,9,1,3150.9,54,2,3153.4,22,1,3153.8,276,3,3154.1,200,1,3154.2,86,1,3154.3,347,2
2031,2026-06-16 09:15:16+05:30,3152.3,5,3155.27,68854,58486.0,77979.0,3163.0,3163.0,3141.5,3134.3,31501200,3447.7,2820.9,3839.9,2896.0,3150.9,24,1,3150.4,209,2,3150.3,9,1,3150.2,70,2,3150.1,26,1,3152.3,27,1,3152.4,170,2,3152.5,6,1,3152.6,30,3,3152.7,28,1
2031,2026-06-16 09:15:16+05:30,3152.3,5,3155.27,68854,58486.0,77979.0,3163.0,3163.0,3141.5,3134.3,31501200,3447.7,2820.9,3839.9,2896.0,3150.9,24,1,3150.4,209,2,3150.3,9,1,3150.2,70,2,3150.1,26,1,3152.3,27,1,3152.4,170,2,3152.5,6,1,3152.6,30,3,3152.7,28,1
2031,2026-06-16 09:15:16+05:30,3153.5,10,3155.27,68854,58486.0,77979.0,3163.0,3163.0,3141.5,3134.3,31501200,3447.7,2820.9,3839.9,2896.0,3150.9,24,1,3150.4,209,2,3150.3,9,1,3150.2,70,2,3150.1,26,1,3152.3,27,1,3152.4,170,2,3152.5,6,1,3152.6,30,3,3152.7,28,1
2031,2026-06-16 09:15:17+05:30,3153.5,10,3155.23,69698,61053.0,76965.0,3163.0,3163.0,3141.5,3134.3,31501200,3447.7,2820.9,3839.9,2896.0,3151.9,66,3,3151.6,70,2,3151.5,72,2,3151.4,91,2,3151.3,240,4,3153.5,7,1,3153.7,19,1,3153.8,83,1,3153.9,2,1,3154.1,108,1
2031,2026-06-16 09:15:17+05:30,3153.5,10,3155.23,69698,61053.0,76965.0,3163.0,3163.0,3141.5,3134.3,31501200,3447.7,2820.9,3839.9,2896.0,3151.9,66,3,3151.6,70,2,3151.5,72,2,3151.4,91,2,3151.3,240,4,3153.5,7,1,3153.7,19,1,3153.8,83,1,3153.9,2,1,3154.1,108,1
2031,2026-06-16 09:15:18+05:30,3150.1,32,3155.11,71621,61134.0,79454.0,3163.0,3163.0,3141.5,3134.3,31501200,3447.7,2820.9,3839.9,2896.0,3150.0,150,2,3149.2,52,2,3149.1,9,2,3148.9,201,3,3148.8,38,1,3151.6,43,2,3151.7,28,1,3151.8,1,1,3152.1,284,3,3152.2,2,1
2031,2026-06-16 09:15:18+05:30,3150.1,32,3155.11,71621,61134.0,79454.0,3163.0,3163.0,3141.5,3134.3,31501200,3447.7,2820.9,3839.9,2896.0,3150.0,150,2,3149.2,52,2,3149.1,9,2,3148.9,201,3,3148.8,38,1,3151.6,43,2,3151.7,28,1,3151.8,1,1,3152.1,284,3,3152.2,2,1
2031,2026-06-16 09:15:18+05:30,3148.9,32,3155.11,71621,61134.0,79454.0,3163.0,3163.0,3141.5,3134.3,31501200,3447.7,2820.9,3839.9,2896.0,3150.0,150,2,3149.2,52,2,3149.1,9,2,3148.9,201,3,3148.8,38,1,3151.6,43,2,3151.7,28,1,3151.8,1,1,3152.1,284,3,3152.2,2,1
2031,2026-06-16 09:15:19+05:30,3150.8,23,3155.0,73226,61878.0,80089.0,3163.0,3163.0,3141.5,3134.3,31501200,3447.7,2820.9,3839.9,2896.0,3149.5,31,1,3149.4,28,1,3149.3,28,1,3149.2,28,1,3149.1,30,2,3150.8,204,1,3151.4,1,1,3151.5,19,1,3151.6,161,2,3151.7,149,2
2031,2026-06-16 09:15:19+05:30,3150.8,23,3155.0,73226,61878.0,80089.0,3163.0,3163.0,3141.5,3134.3,31501200,3447.7,2820.9,3839.9,2896.0,3149.5,31,1,3149.4,28,1,3149.3,28,1,3149.2,28,1,3149.1,30,2,3150.8,204,1,3151.4,1,1,3151.5,19,1,3151.6,161,2,3151.7,149,2
2031,2026-06-16 09:15:20+05:30,3150.8,23,3155.0,73226,61878.0,80089.0,3163.0,3163.0,3141.5,3134.3,31501200,3447.7,2820.9,3839.9,2896.0,3149.5,31,1,3149.4,28,1,3149.3,28,1,3149.2,28,1,3149.1,30,2,3150.8,204,1,3151.4,1,1,3151.5,19,1,3151.6,161,2,3151.7,149,2
2031,2026-06-16 09:15:20+05:30,3147.2,52,3154.34,80294,60007.0,82672.0,3163.0,3163.0,3141.5,3134.3,31501200,3447.7,2820.9,3839.9,2896.0,3145.4,32,1,3145.3,136,1,3145.2,38,1,3145.0,397,4,3144.9,6,2,3147.1,155,3,3147.2,65,2,3147.3,15,1,3147.5,170,1,3147.6,171,2
2031,2026-06-16 09:15:20+05:30,3147.2,52,3154.34,80294,60007.0,82672.0,3163.0,3163.0,3141.5,3134.3,31501200,3447.7,2820.9,3839.9,2896.0,3145.4,32,1,3145.3,136,1,3145.2,38,1,3145.0,397,4,3144.9,6,2,3147.1,155,3,3147.2,65,2,3147.3,15,1,3147.5,170,1,3147.6,171,2
2031,2026-06-16 09:15:20+05:30,3146.9,5,3154.34,80294,60007.0,82672.0,3163.0,3163.0,3141.5,3134.3,31501200,3447.7,2820.9,3839.9,2896.0,3145.4,32,1,3145.3,136,1,3145.2,38,1,3145.0,397,4,3144.9,6,2,3147.1,155,3,3147.2,65,2,3147.3,15,1,3147.5,170,1,3147.6,171,2
2031,2026-06-16 09:15:21+05:30,3146.9,5,3154.34,80294,60007.0,82672.0,3163.0,3163.0,3141.5,3134.3,31501200,3447.7,2820.9,3839.9,2896.0,3145.4,32,1,3145.3,136,1,3145.2,38,1,3145.0,397,4,3144.9,6,2,3147.1,155,3,3147.2,65,2,3147.3,15,1,3147.5,170,1,3147.6,171,2
2031,2026-06-16 09:15:21+05:30,3147.0,1,3153.94,84255,62734.0,84024.0,3163.0,3163.0,3141.5,3134.3,31501200,3447.7,2820.9,3839.9,2896.0,3145.0,1,1,3144.6,32,1,3144.5,16,1,3144.4,27,2,3144.3,167,1,3147.0,411,6,3147.1,371,6,3147.2,129,5,3147.3,15,1,3147.5,200,1
2031,2026-06-16 09:15:22+05:30,3147.0,1,3153.94,84255,62734.0,84024.0,3163.0,3163.0,3141.5,3134.3,31501200,3447.7,2820.9,3839.9,2896.0,3145.0,1,1,3144.6,32,1,3144.5,16,1,3144.4,27,2,3144.3,167,1,3147.0,411,6,3147.1,371,6,3147.2,129,5,3147.3,15,1,3147.5,200,1
2031,2026-06-16 09:15:22+05:30,3145.9,17,3153.48,88634,63356.0,83830.0,3163.0,3163.0,3141.5,3134.3,31501200,3447.7,2820.9,3839.9,2896.0,3143.5,226,3,3143.4,111,3,3143.3,28,1,3143.2,198,2,3143.1,32,2,3145.8,15,1,3145.9,3,1,3146.0,374,2,3146.1,28,1,3146.2,28,1
2031,2026-06-16 09:15:22+05:30,3143.3,20,3153.48,88634,63356.0,83830.0,3163.0,3163.0,3141.5,3134.3,31501200,3447.7,2820.9,3839.9,2896.0,3143.5,226,3,3143.4,111,3,3143.3,28,1,3143.2,198,2,3143.1,32,2,3145.8,15,1,3145.9,3,1,3146.0,374,2,3146.1,28,1,3146.2,28,1
2031,2026-06-16 09:15:23+05:30,3143.3,20,3153.48,88634,63356.0,83830.0,3163.0,3163.0,3141.5,3134.3,31504600,3447.7,2820.9,3839.9,2896.0,3143.5,226,3,3143.4,111,3,3143.3,28,1,3143.2,198,2,3143.1,32,2,3145.8,15,1,3145.9,3,1,3146.0,374,2,3146.1,28,1,3146.2,28,1
2031,2026-06-16 09:15:23+05:30,3146.6,1,3153.34,90134,64511.0,83348.0,3163.0,3163.0,3141.5,3134.3,31504600,3447.7,2820.9,3839.9,2896.0,3144.8,32,1,3144.7,5,1,3144.6,169,2,3144.5,64,2,3144.3,170,1,3146.6,27,2,3146.7,20,1,3147.0,346,5,3147.1,151,1,3147.2,142,4
2031,2026-06-16 09:15:24+05:30,3147.4,3,3153.14,92720,66193.0,85605.0,3163.0,3163.0,3141.5,3134.3,31504600,3447.7,2820.9,3839.9,2896.0,3145.7,32,1,3145.6,28,1,3145.4,2,1,3145.1,185,1,3145.0,34,2,3147.4,24,2,3147.5,20,1,3147.8,115,1,3147.9,3,1,3148.2,25,1
2031,2026-06-16 09:15:24+05:30,3147.4,3,3153.14,92720,66193.0,85605.0,3163.0,3163.0,3141.5,3134.3,31504600,3447.7,2820.9,3839.9,2896.0,3145.7,32,1,3145.6,28,1,3145.4,2,1,3145.1,185,1,3145.0,34,2,3147.4,24,2,3147.5,20,1,3147.8,115,1,3147.9,3,1,3148.2,25,1
2031,2026-06-16 09:15:26+05:30,3147.9,87,3153.08,93692,66475.0,85889.0,3163.0,3163.0,3141.5,3134.3,31504600,3447.7,2820.9,3839.9,2896.0,3146.6,38,2,3146.5,33,2,3146.3,165,1,3146.2,13,1,3146.1,172,2,3148.7,66,3,3148.8,153,3,3148.9,33,1,3149.1,72,2,3149.2,46,2
2031,2026-06-16 09:15:26+05:30,3146.6,55,3153.08,93692,66475.0,85889.0,3163.0,3163.0,3141.5,3134.3,31504600,3447.7,2820.9,3839.9,2896.0,3146.6,38,2,3146.5,33,2,3146.3,165,1,3146.2,13,1,3146.1,172,2,3148.7,66,3,3148.8,153,3,3148.9,33,1,3149.1,72,2,3149.2,46,2
2031,2026-06-16 09:15:27+05:30,3146.6,55,3153.04,94216,65880.0,88455.0,3163.0,3163.0,3141.5,3134.3,31504600,3447.7,2820.9,3839.9,2896.0,3146.0,110,2,3145.2,32,1,3145.1,10,1,3145.0,25,1,3144.9,13,1,3146.7,8,1,3146.8,12,1,3146.9,44,1,3147.4,83,2,3147.5,184,1
2031,2026-06-16 09:15:28+05:30,3143.9,4,3152.79,97682,64724.0,88805.0,3163.0,3163.0,3141.5,3134.3,31504600,3447.7,2820.9,3839.9,2896.0,3143.9,16,1,3143.8,33,1,3143.7,85,3,3143.6,33,1,3143.5,4,1,3145.9,248,3,3146.0,16,2,3146.1,67,3,3146.2,38,2,3146.3,194,2
2031,2026-06-16 09:15:29+05:30,3143.8,7,3152.79,97682,64724.0,88805.0,3163.0,3163.0,3141.5,3134.3,31504600,3447.7,2820.9,3839.9,2896.0,3143.9,16,1,3143.8,33,1,3143.7,85,3,3143.6,33,1,3143.5,4,1,3145.9,248,3,3146.0,16,2,3146.1,67,3,3146.2,38,2,3146.3,194,2
2031,2026-06-16 09:15:29+05:30,3144.3,18,3152.67,99190,64686.0,87579.0,3163.0,3163.0,3141.5,3134.3,31504600,3447.7,2820.9,3839.9,2896.0,3144.6,202,2,3144.5,12,1,3144.4,192,3,3144.3,63,1,3144.2,61,1,3146.6,20,1,3146.7,56,2,3146.8,5,1,3146.9,13,1,3147.0,35,2
2031,2026-06-16 09:15:30+05:30,3144.4,20,3152.6,100228,70001.0,94263.0,3163.0,3163.0,3141.5,3134.3,31504600,3447.7,2820.9,3839.9,2896.0,3144.5,189,2,3144.4,37,3,3144.3,43,2,3144.2,202,2,3144.1,11,1,3146.1,14,1,3146.6,35,3,3146.7,27,2,3146.8,69,2,3146.9,77,3
2031,2026-06-16 09:15:31+05:30,3144.3,160,3152.6,100228,70001.0,94263.0,3163.0,3163.0,3141.5,3134.3,31504600,3447.7,2820.9,3839.9,2896.0,3144.5,189,2,3144.4,37,3,3144.3,43,2,3144.2,202,2,3144.1,11,1,3146.1,14,1,3146.6,35,3,3146.7,27,2,3146.8,69,2,3146.9,77,3
2031,2026-06-16 09:15:31+05:30,3143.9,105,3152.54,100941,69672.0,97539.0,3163.0,3163.0,3141.5,3134.3,31504600,3447.7,2820.9,3839.9,2896.0,3143.0,1,1,3142.3,32,1,3142.2,162,1,3142.1,20,1,3142.0,117,2,3144.0,14,1,3144.2,26,2,3144.3,157,2,3144.4,46,2,3144.5,1,1
2031,2026-06-16 09:15:32+05:30,3143.0,12,3152.5,101424,70073.0,100487.0,3163.0,3163.0,3141.5,3134.3,31504600,3447.7,2820.9,3839.9,2896.0,3142.2,12,1,3142.0,117,2,3141.3,12,1,3141.0,20,2,3140.9,105,2,3142.9,27,2,3143.0,13,1,3143.1,27,2,3143.2,1,1,3143.3,32,1
2031,2026-06-16 09:15:33+05:30,3143.7,100,3152.5,101424,70073.0,100487.0,3163.0,3163.0,3141.5,3134.3,31504600,3447.7,2820.9,3839.9,2896.0,3142.2,12,1,3142.0,117,2,3141.3,12,1,3141.0,20,2,3140.9,105,2,3142.9,27,2,3143.0,13,1,3143.1,27,2,3143.2,1,1,3143.3,32,1
2031,2026-06-16 09:15:33+05:30,3144.0,3,3152.44,102031,72784.0,100155.0,3163.0,3163.0,3141.5,3134.3,31504600,3447.7,2820.9,3839.9,2896.0,3142.4,170,1,3142.3,32,1,3142.2,26,3,3142.1,13,1,3142.0,127,3,3144.0,200,2,3144.3,29,2,3144.4,102,1,3144.6,1,1,3144.7,193,3
2031,2026-06-16 09:15:34+05:30,3142.4,2,3152.39,102651,73256.0,101334.0,3163.0,3163.0,3141.5,3134.3,31504600,3447.7,2820.9,3839.9,2896.0,3142.4,39,1,3142.3,19,1,3142.2,174,2,3142.1,32,1,3142.0,120,3,3143.9,5,1,3144.0,94,3,3144.1,153,3,3144.2,26,1,3144.3,17,1
2031,2026-06-16 09:15:35+05:30,3142.4,2,3152.39,102651,73256.0,101334.0,3163.0,3163.0,3141.5,3134.3,31504600,3447.7,2820.9,3839.9,2896.0,3142.4,39,1,3142.3,19,1,3142.2,174,2,3142.1,32,1,3142.0,120,3,3143.9,5,1,3144.0,94,3,3144.1,153,3,3144.2,26,1,3144.3,17,1
2031,2026-06-16 09:15:35+05:30,3144.0,25,3152.33,103418,74219.0,100908.0,3163.0,3163.0,3141.5,3134.3,31504600,3447.7,2820.9,3839.9,2896.0,3142.7,186,3,3142.6,41,2,3142.5,71,3,3142.4,78,5,3142.3,10,1,3143.9,2,1,3144.0,40,6,3144.1,80,2,3144.2,10,1,3144.9,32,1
2031,2026-06-16 09:15:37+05:30,3143.3,32,3152.29,103785,74844.0,100451.0,3163.0,3163.0,3141.5,3134.3,31504600,3447.7,2820.9,3839.9,2896.0,3143.3,13,1,3143.0,25,1,3142.5,108,3,3142.4,61,4,3142.3,60,1,3144.1,80,2,3144.2,10,1,3144.4,170,1,3144.5,3,1,3144.7,32,1
2031,2026-06-16 09:15:37+05:30,3143.3,32,3152.29,103785,74844.0,100451.0,3163.0,3163.0,3141.5,3134.3,31504600,3447.7,2820.9,3839.9,2896.0,3143.3,13,1,3143.0,25,1,3142.5,108,3,3142.4,61,4,3142.3,60,1,3144.1,80,2,3144.2,10,1,3144.4,170,1,3144.5,3,1,3144.7,32,1
2031,2026-06-16 09:15:38+05:30,3144.0,250,3152.26,104214,74646.0,99942.0,3163.0,3163.0,3141.5,3134.3,31504600,3447.7,2820.9,3839.9,2896.0,3142.8,19,1,3142.7,98,1,3142.6,19,1,3142.5,25,1,3142.4,69,6,3144.1,61,2,3144.2,10,1,3144.4,19,2,3144.5,202,2,3144.6,63,1
2031,2026-06-16 09:15:39+05:30,3143.4,39,3152.26,104214,74646.0,99942.0,3163.0,3163.0,3141.5,3134.3,31504600,3447.7,2820.9,3839.9,2896.0,3142.8,19,1,3142.7,98,1,3142.6,19,1,3142.5,25,1,3142.4,69,6,3144.1,61,2,3144.2,10,1,3144.4,19,2,3144.5,202,2,3144.6,63,1
2031,2026-06-16 09:15:39+05:30,3143.4,39,3152.22,104582,74169.0,101315.0,3163.0,3163.0,3141.5,3134.3,31504600,3447.7,2820.9,3839.9,2896.0,3143.0,60,1,3142.5,10,1,3142.2,16,2,3142.1,174,2,3142.0,117,2,3143.5,35,4,3144.0,202,2,3144.1,79,3,3144.2,10,1,3144.3,28,2
2031,2026-06-16 09:15:40+05:30,3143.4,20,3152.1,106113,74256.0,101755.0,3163.0,3163.0,3141.5,3134.3,31504600,3447.7,2820.9,3839.9,2896.0,3142.5,1,1,3142.4,50,1,3142.2,4,1,3142.1,180,1,3142.0,131,3,3143.4,20,1,3143.5,216,1,3143.9,201,2,3144.0,19,1,3144.1,45,2
2031,2026-06-16 09:15:41+05:30,3143.5,2,3152.1,106113,74256.0,101755.0,3163.0,3163.0,3141.5,3134.3,31504600,3447.7,2820.9,3839.9,2896.0,3142.5,1,1,3142.4,50,1,3142.2,4,1,3142.1,180,1,3142.0,131,3,3143.4,20,1,3143.5,216,1,3143.9,201,2,3144.0,19,1,3144.1,45,2
2031,2026-06-16 09:15:41+05:30,3143.5,25,3152.04,106777,76449.0,100312.0,3163.0,3163.0,3141.5,3134.3,31504600,3447.7,2820.9,3839.9,2896.0,3143.5,389,6,3143.4,127,3,3143.3,63,1,3143.2,40,1,3143.1,88,2,3145.0,100,1,3145.3,32,1,3145.5,13,1,3145.6,31,1,3145.7,200,1
2031,2026-06-16 09:15:42+05:30,3144.6,21,3152.0,107325,77402.0,101582.0,3163.0,3163.0,3141.5,3134.3,31504600,3447.7,2820.9,3839.9,2896.0,3143.5,26,2,3143.4,123,3,3143.3,28,1,3143.1,152,2,3143.0,78,3,3145.0,341,4,3145.2,23,1,3145.3,32,1,3145.4,170,1,3145.5,16,2
2031,2026-06-16 09:15:43+05:30,3145.0,50,3152.0,107325,77402.0,101582.0,3163.0,3163.0,3141.5,3134.3,31504600,3447.7,2820.9,3839.9,2896.0,3143.5,26,2,3143.4,123,3,3143.3,28,1,3143.1,152,2,3143.0,78,3,3145.0,341,4,3145.2,23,1,3145.3,32,1,3145.4,170,1,3145.5,16,2
2031,2026-06-16 09:15:43+05:30,3143.7,45,3151.88,108965,78573.0,101167.0,3163.0,3163.0,3141.5,3134.3,31504600,3447.7,2820.9,3839.9,2896.0,3143.6,5,1,3143.4,1133,3,3143.2,10,1,3143.1,140,3,3143.0,195,3,3145.0,212,3,3145.4,84,3,3145.5,13,1,3145.6,200,1,3145.7,1,1
2031,2026-06-16 09:15:44+05:30,3144.3,30,3151.78,110254,77343.0,103751.0,3163.0,3163.0,3141.5,3134.3,31504600,3447.7,2820.9,3839.9,2896.0,3143.4,203,2,3143.0,10,1,3142.8,88,2,3142.7,50,2,3142.6,194,2,3144.3,132,1,3144.6,170,1,3144.7,32,1,3144.8,19,1,3144.9,28,3
2031,2026-06-16 09:15:45+05:30,3143.4,23,3151.78,110254,77343.0,103751.0,3163.0,3163.0,3141.5,3134.3,31504600,3447.7,2820.9,3839.9,2896.0,3143.4,203,2,3143.0,10,1,3142.8,88,2,3142.7,50,2,3142.6,194,2,3144.3,132,1,3144.6,170,1,3144.7,32,1,3144.8,19,1,3144.9,28,3
2031,2026-06-16 09:15:45+05:30,3143.1,6,3151.74,110869,77718.0,103549.0,3163.0,3163.0,3141.5,3134.3,31504600,3447.7,2820.9,3839.9,2896.0,3144.1,1,1,3143.2,132,2,3143.1,93,1,3143.0,10,1,3142.8,12,1,3144.2,26,1,3144.3,49,1,3144.6,18,1,3144.7,170,1,3144.8,32,1
2031,2026-06-16 09:15:46+05:30,3146.1,24,3151.68,111720,78178.0,100493.0,3163.0,3163.0,3141.5,3134.3,31504600,3447.7,2820.9,3839.9,2896.0,3145.1,102,1,3145.0,245,3,3144.9,104,2,3144.8,147,1,3144.7,282,2,3146.1,13,1,3146.6,20,1,3146.7,8,1,3146.9,13,1,3147.0,41,3
2031,2026-06-16 09:15:47+05:30,3146.6,16,3151.68,111720,78178.0,100493.0,3163.0,3163.0,3141.5,3134.3,31504600,3447.7,2820.9,3839.9,2896.0,3145.1,102,1,3145.0,245,3,3144.9,104,2,3144.8,147,1,3144.7,282,2,3146.1,13,1,3146.6,20,1,3146.7,8,1,3146.9,13,1,3147.0,41,3
2031,2026-06-16 09:15:47+05:30,3146.4,12,3151.64,112582,79339.0,102486.0,3163.0,3163.0,3141.5,3134.3,31504600,3447.7,2820.9,3839.9,2896.0,3144.8,26,1,3144.7,15,1,3144.6,186,2,3144.5,80,1,3144.4,37,1,3146.1,200,1,3146.4,175,2,3146.5,19,1,3146.6,92,1,3146.7,8,1
2031,2026-06-16 09:15:48+05:30,3145.9,60,3151.6,113350,79120.0,103775.0,3163.0,3163.0,3141.5,3134.3,31504600,3447.7,2820.9,3839.9,2896.0,3144.8,1,1,3144.7,15,1,3144.2,32,1,3144.1,157,1,3144.0,57,1,3145.9,40,1,3146.0,91,1,3146.1,244,2,3146.3,5,1,3146.4,19,1
2031,2026-06-16 09:15:49+05:30,3145.0,41,3151.6,113350,79120.0,103775.0,3163.0,3163.0,3141.5,3134.3,31504600,3447.7,2820.9,3839.9,2896.0,3144.8,1,1,3144.7,15,1,3144.2,32,1,3144.1,157,1,3144.0,57,1,3145.9,40,1,3146.0,91,1,3146.1,244,2,3146.3,5,1,3146.4,19,1
2031,2026-06-16 09:15:49+05:30,3144.2,32,3151.58,113645,78830.0,104900.0,3163.0,3163.0,3141.5,3134.3,31504600,3447.7,2820.9,3839.9,2896.0,3144.0,227,3,3143.9,219,3,3143.8,72,3,3143.5,266,4,3143.4,24,2,3145.9,144,2,3146.0,173,5,3146.1,267,3,3146.3,12,1,3146.4,127,2
2031,2026-06-16 09:15:51+05:30,3145.9,20,3151.58,113645,78830.0,104900.0,3163.0,3163.0,3141.5,3134.3,31504600,3447.7,2820.9,3839.9,2896.0,3144.0,227,3,3143.9,219,3,3143.8,72,3,3143.5,266,4,3143.4,24,2,3145.9,144,2,3146.0,173,5,3146.1,267,3,3146.3,12,1,3146.4,127,2
2031,2026-06-16 09:15:51+05:30,3145.9,20,3151.56,114032,79215.0,103664.0,3163.0,3163.0,3141.5,3134.3,31504600,3447.7,2820.9,3839.9,2896.0,3144.8,380,6,3144.7,84,2,3144.6,39,3,3144.4,33,2,3144.3,358,4,3145.9,63,2,3146.0,87,2,3146.1,264,2,3146.7,2,1,3146.8,143,1
2031,2026-06-16 09:15:52+05:30,3145.9,17,3151.54,114354,80202.0,104659.0,3163.0,3163.0,3141.5,3134.3,31504600,3447.7,2820.9,3839.9,2896.0,3144.7,10,1,3144.6,16,1,3144.4,166,1,3144.3,170,1,3144.2,310,2,3145.9,42,1,3146.0,87,2,3146.1,264,2,3146.2,27,1,3146.3,19,1
2031,2026-06-16 09:15:53+05:30,3146.0,50,3151.54,114354,80202.0,104659.0,3163.0,3163.0,3141.5,3134.3,31504600,3447.7,2820.9,3839.9,2896.0,3144.7,10,1,3144.6,16,1,3144.4,166,1,3144.3,170,1,3144.2,310,2,3145.9,42,1,3146.0,87,2,3146.1,264,2,3146.2,27,1,3146.3,19,1
2031,2026-06-16 09:15:53+05:30,3146.0,1,3151.53,114603,79919.0,105265.0,3163.0,3163.0,3141.5,3134.3,31504600,3447.7,2820.9,3839.9,2896.0,3145.0,10,2,3144.7,11,2,3144.6,16,1,3144.1,163,1,3144.0,118,2,3146.0,17,3,3146.1,336,4,3146.2,131,3,3146.3,26,2,3146.4,19,1
2031,2026-06-16 09:15:54+05:30,3146.1,121,3151.43,116363,81184.0,105229.0,3163.0,3163.0,3141.5,3134.3,31504600,3447.7,2820.9,3839.9,2896.0,3145.0,37,3,3144.8,32,1,3144.7,186,2,3144.6,51,2,3144.5,259,2,3146.1,143,2,3146.2,18,1,3146.3,5,1,3146.7,145,2,3146.9,41,2
2031,2026-06-16 09:15:55+05:30,3146.1,15,3151.43,116363,81184.0,105229.0,3163.0,3163.0,3141.5,3134.3,31504600,3447.7,2820.9,3839.9,2896.0,3145.0,37,3,3144.8,32,1,3144.7,186,2,3144.6,51,2,3144.5,259,2,3146.1,143,2,3146.2,18,1,3146.3,5,1,3146.7,145,2,3146.9,41,2
2031,2026-06-16 09:15:55+05:30,3144.7,7,3151.4,116968,80730.0,105434.0,3163.0,3163.0,3141.5,3134.3,31504600,3447.7,2820.9,3839.9,2896.0,3144.6,26,1,3144.3,20,1,3144.0,12,2,3143.9,13,1,3143.8,19,1,3146.1,170,6,3146.2,18,1,3146.4,19,1,3146.5,4,2,3146.6,148,2
2031,2026-06-16 09:15:56+05:30,3145.0,13,3151.37,117521,81748.0,108241.0,3163.0,3163.0,3141.5,3134.3,31504600,3447.7,2820.9,3839.9,2896.0,3145.0,87,1,3144.9,42,2,3144.7,28,2,3144.4,154,1,3144.3,89,2,3146.1,84,2,3146.4,136,2,3146.5,10,1,3146.6,32,1,3146.7,87,1
2031,2026-06-16 09:15:57+05:30,3146.1,8,3151.37,117521,81748.0,108241.0,3163.0,3163.0,3141.5,3134.3,31504600,3447.7,2820.9,3839.9,2896.0,3145.0,87,1,3144.9,42,2,3144.7,28,2,3144.4,154,1,3144.3,89,2,3146.1,84,2,3146.4,136,2,3146.5,10,1,3146.6,32,1,3146.7,87,1
2031,2026-06-16 09:15:57+05:30,3145.5,58,3151.36,117823,80639.0,108507.0,3163.0,3163.0,3141.5,3134.3,31504600,3447.7,2820.9,3839.9,2896.0,3145.0,45,2,3144.9,26,1,3144.7,9,1,3144.6,16,1,3144.3,3,1,3146.1,41,1,3146.2,136,2,3146.3,136,3,3146.4,73,2,3146.5,72,2
2031,2026-06-16 09:15:58+05:30,3146.1,23,3151.34,118067,82178.0,108607.0,3163.0,3163.0,3141.5,3134.3,31504600,3447.7,2820.9,3839.9,2896.0,3145.0,15,2,3144.9,177,2,3144.8,170,1,3144.7,9,1,3144.6,16,1,3146.1,17,3,3146.2,72,2,3146.3,73,2,3146.5,13,2,3146.6,84,1
2031,2026-06-16 09:15:59+05:30,3146.1,19,3151.34,118067,82178.0,108607.0,3163.0,3163.0,3141.5,3134.3,31504600,3447.7,2820.9,3839.9,2896.0,3145.0,15,2,3144.9,177,2,3144.8,170,1,3144.7,9,1,3144.6,16,1,3146.1,17,3,3146.2,72,2,3146.3,73,2,3146.5,13,2,3146.6,84,1
2031,2026-06-16 09:15:59+05:30,3145.5,10,3151.27,119421,80078.0,110484.0,3163.0,3163.0,3141.5,3134.3,31504600,3447.7,2820.9,3839.9,2896.0,3144.3,3,1,3144.0,27,4,3143.9,13,1,3143.6,181,1,3143.5,36,3,3145.5,39,3,3145.6,35,3,3145.7,1,1,3145.8,54,3,3145.9,233,3
2031,2026-06-16 09:16:00+05:30,3145.9,26,3151.23,120293,80841.0,108851.0,3163.0,3163.0,3141.5,3134.3,31504600,3447.7,2820.9,3839.9,2896.0,3144.9,55,1,3144.5,288,2,3144.4,47,1,3144.3,40,3,3144.2,25,1,3146.0,121,2,3146.1,43,2,3146.2,55,1,3146.3,55,1,3146.5,9,1
2031,2026-06-16 09:16:01+05:30,3144.5,56,3151.23,120293,80841.0,108851.0,3163.0,3163.0,3141.5,3134.3,31504600,3447.7,2820.9,3839.9,2896.0,3144.9,55,1,3144.5,288,2,3144.4,47,1,3144.3,40,3,3144.2,25,1,3146.0,121,2,3146.1,43,2,3146.2,55,1,3146.3,55,1,3146.5,9,1
2031,2026-06-16 09:16:02+05:30,3146.0,100,3151.2,120807,81053.0,109640.0,3163.0,3163.0,3141.5,3134.3,31504600,3447.7,2820.9,3839.9,2896.0,3144.4,269,4,3144.3,210,5,3144.2,62,2,3144.1,63,1,3143.9,63,1,3146.0,271,3,3146.1,160,4,3146.2,72,2,3146.3,55,1,3146.5,9,1
2031,2026-06-16 09:16:03+05:30,3145.7,3,3151.2,120807,81053.0,109640.0,3163.0,3163.0,3141.5,3134.3,31504600,3447.7,2820.9,3839.9,2896.0,3144.4,269,4,3144.3,210,5,3144.2,62,2,3144.1,63,1,3143.9,63,1,3146.0,271,3,3146.1,160,4,3146.2,72,2,3146.3,55,1,3146.5,9,1
2031,2026-06-16 09:16:03+05:30,3145.7,3,3151.17,121444,80665.0,110674.0,3163.0,3163.0,3141.5,3134.3,31504600,3447.7,2820.9,3839.9,2896.0,3144.3,1,1,3144.2,5,1,3143.6,24,1,3143.5,124,5,3143.4,208,5,3145.7,16,1,3145.8,23,1,3145.9,72,2,3146.0,426,7,3146.1,184,7
2031,2026-06-16 09:16:04+05:30,3144.9,4,3151.14,122164,81417.0,106730.0,3163.0,3163.0,3141.5,3134.3,31504600,3447.7,2820.9,3839.9,2896.0,3144.9,23,4,3144.8,99,3,3144.7,1,1,3144.6,196,3,3144.5,109,4,3145.7,9,1,3146.0,237,2,3146.1,137,2,3146.2,55,1,3146.5,9,1
2031,2026-06-16 09:16:04+05:30,3144.9,4,3151.14,122164,81417.0,106730.0,3163.0,3163.0,3141.5,3134.3,31504600,3447.7,2820.9,3839.9,2896.0,3144.9,23,4,3144.8,99,3,3144.7,1,1,3144.6,196,3,3144.5,109,4,3145.7,9,1,3146.0,237,2,3146.1,137,2,3146.2,55,1,3146.5,9,1
2031,2026-06-16 09:16:05+05:30,3145.7,73,3151.14,122164,81417.0,106730.0,3163.0,3163.0,3141.5,3134.3,31504600,3447.7,2820.9,3839.9,2896.0,3144.9,23,4,3144.8,99,3,3144.7,1,1,3144.6,196,3,3144.5,109,4,3145.7,9,1,3146.0,237,2,3146.1,137,2,3146.2,55,1,3146.5,9,1
2031,2026-06-16 09:16:05+05:30,3144.5,9,3151.12,122508,80970.0,107736.0,3163.0,3163.0,3141.5,3134.3,31504600,3447.7,2820.9,3839.9,2896.0,3144.9,39,1,3144.3,18,1,3143.7,74,5,3143.6,67,3,3143.5,24,3,3145.6,9,1,3145.7,149,4,3146.0,300,5,3146.1,282,5,3146.2,214,4
2031,2026-06-16 09:16:06+05:30,3144.5,9,3151.12,122508,80970.0,107736.0,3163.0,3163.0,3141.5,3134.3,31504600,3447.7,2820.9,3839.9,2896.0,3144.9,39,1,3144.3,18,1,3143.7,74,5,3143.6,67,3,3143.5,24,3,3145.6,9,1,3145.7,149,4,3146.0,300,5,3146.1,282,5,3146.2,214,4
2031,2026-06-16 09:16:06+05:30,3145.7,10,3151.11,122709,81893.0,107314.0,3163.0,3163.0,3141.5,3134.3,31504600,3447.7,2820.9,3839.9,2896.0,3145.0,50,1,3144.4,35,3,3144.3,59,4,3144.2,15,2,3144.1,78,3,3145.7,207,4,3146.0,281,4,3146.1,154,3,3146.2,55,1,3146.3,52,1
2031,2026-06-16 09:16:07+05:30,3145.5,2,3151.11,122709,81893.0,107314.0,3163.0,3163.0,3141.5,3134.3,31504600,3447.7,2820.9,3839.9,2896.0,3145.0,50,1,3144.4,35,3,3144.3,59,4,3144.2,15,2,3144.1,78,3,3145.7,207,4,3146.0,281,4,3146.1,154,3,3146.2,55,1,3146.3,52,1
2031,2026-06-16 09:16:07+05:30,3145.6,3,3151.1,123027,81134.0,107607.0,3163.0,3163.0,3141.5,3134.3,31504600,3447.7,2820.9,3839.9,2896.0,3144.3,18,1,3144.2,17,2,3144.1,37,2,3144.0,13,1,3143.9,170,1,3145.6,27,1,3145.7,196,5,3145.9,11,1,3146.0,282,5,3146.1,358,5
2031,2026-06-16 09:16:07+05:30,3145.6,3,3151.1,123027,81134.0,107607.0,3163.0,3163.0,3141.5,3134.3,31504600,3447.7,2820.9,3839.9,2896.0,3144.3,18,1,3144.2,17,2,3144.1,37,2,3144.0,13,1,3143.9,170,1,3145.6,27,1,3145.7,196,5,3145.9,11,1,3146.0,282,5,3146.1,358,5
2031,2026-06-16 09:16:08+05:30,3144.3,19,3151.08,123325,81090.0,107655.0,3163.0,3163.0,3141.5,3134.3,31504600,3447.7,2820.9,3839.9,2896.0,3144.3,25,2,3144.2,1,1,3144.1,10,1,3144.0,208,4,3143.9,3,1,3145.5,7,1,3145.6,40,2,3145.7,174,4,3145.9,11,1,3146.0,281,4
2031,2026-06-16 09:16:09+05:30,3144.3,7,3151.08,123325,81090.0,107655.0,3163.0,3163.0,3141.5,3134.3,31504600,3447.7,2820.9,3839.9,2896.0,3144.3,25,2,3144.2,1,1,3144.1,10,1,3144.0,208,4,3143.9,3,1,3145.5,7,1,3145.6,40,2,3145.7,174,4,3145.9,11,1,3146.0,281,4
2031,2026-06-16 09:16:09+05:30,3144.3,7,3151.08,123325,81090.0,107655.0,3163.0,3163.0,3141.5,3134.3,31504600,3447.7,2820.9,3839.9,2896.0,3144.3,25,2,3144.2,1,1,3144.1,10,1,3144.0,208,4,3143.9,3,1,3145.5,7,1,3145.6,40,2,3145.7,174,4,3145.9,11,1,3146.0,281,4
2031,2026-06-16 09:16:09+05:30,3144.3,7,3151.06,123627,81015.0,109081.0,3163.0,3163.0,3141.5,3134.3,31504600,3447.7,2820.9,3839.9,2896.0,3144.3,77,3,3144.1,10,1,3144.0,12,1,3143.8,118,1,3143.7,3,1,3144.4,176,1,3145.4,14,1,3145.5,218,3,3145.6,40,2,3145.7,248,5
2031,2026-06-16 09:16:10+05:30,3144.3,7,3151.06,123627,81015.0,109081.0,3163.0,3163.0,3141.5,3134.3,31504600,3447.7,2820.9,3839.9,2896.0,3144.3,77,3,3144.1,10,1,3144.0,12,1,3143.8,118,1,3143.7,3,1,3144.4,176,1,3145.4,14,1,3145.5,218,3,3145.6,40,2,3145.7,248,5
2031,2026-06-16 09:16:10+05:30,3145.5,18,3151.04,124040,81198.0,108676.0,3163.0,3163.0,3141.5,3134.3,31504600,3447.7,2820.9,3839.9,2896.0,3144.4,13,1,3144.3,44,5,3144.1,10,1,3144.0,123,2,3143.9,13,2,3145.5,200,2,3145.6,15,1,3145.7,228,4,3145.8,19,1,3145.9,54,1
2031,2026-06-16 09:16:11+05:30,3144.3,2,3151.04,124040,81198.0,108676.0,3163.0,3163.0,3141.5,3134.3,31504600,3447.7,2820.9,3839.9,2896.0,3144.4,13,1,3144.3,44,5,3144.1,10,1,3144.0,123,2,3143.9,13,2,3145.5,200,2,3145.6,15,1,3145.7,228,4,3145.8,19,1,3145.9,54,1
2031,2026-06-16 09:16:11+05:30,3145.5,61,3151.04,124131,81465.0,108329.0,3163.0,3163.0,3141.5,3134.3,31504600,3447.7,2820.9,3839.9,2896.0,3144.4,38,2,3144.3,150,6,3144.2,33,2,3144.1,204,3,3144.0,187,4,3145.5,165,3,3145.6,15,1,3145.7,176,4,3146.0,256,3,3146.1,100,1
2031,2026-06-16 09:16:12+05:30,3145.5,61,3151.04,124131,81465.0,108329.0,3163.0,3163.0,3141.5,3134.3,31504600,3447.7,2820.9,3839.9,2896.0,3144.4,38,2,3144.3,150,6,3144.2,33,2,3144.1,204,3,3144.0,187,4,3145.5,165,3,3145.6,15,1,3145.7,176,4,3146.0,256,3,3146.1,100,1
2031,2026-06-16 09:16:13+05:30,3145.1,4,3151.04,124131,81465.0,108329.0,3163.0,3163.0,3141.5,3134.3,31504600,3447.7,2820.9,3839.9,2896.0,3144.4,38,2,3144.3,150,6,3144.2,33,2,3144.1,204,3,3144.0,187,4,3145.5,165,3,3145.6,15,1,3145.7,176,4,3146.0,256,3,3146.1,100,1
2031,2026-06-16 09:16:13+05:30,3145.1,4,3151.02,124552,79970.0,109799.0,3163.0,3163.0,3141.5,3134.3,31504600,3447.7,2820.9,3839.9,2896.0,3144.1,10,1,3144.0,46,2,3143.7,3,1,3143.6,1,1,3143.5,40,4,3144.8,7,1,3144.9,50,4,3145.0,29,2,3145.1,17,1,3145.2,20,1
2031,2026-06-16 09:16:13+05:30,3145.1,4,3151.02,124552,79970.0,109799.0,3163.0,3163.0,3141.5,3134.3,31504600,3447.7,2820.9,3839.9,2896.0,3144.1,10,1,3144.0,46,2,3143.7,3,1,3143.6,1,1,3143.5,40,4,3144.8,7,1,3144.9,50,4,3145.0,29,2,3145.1,17,1,3145.2,20,1
2031,2026-06-16 09:16:14+05:30,3144.8,10,3151.0,124827,80110.0,109409.0,3163.0,3163.0,3141.5,3134.3,31504600,3447.7,2820.9,3839.9,2896.0,3144.0,31,2,3143.8,14,1,3143.7,3,1,3143.6,1,1,3143.5,26,3,3144.8,14,4,3145.1,68,3,3145.2,133,4,3145.3,21,2,3145.4,4,1
2031,2026-06-16 09:16:14+05:30,3144.8,10,3151.0,124827,80110.0,109409.0,3163.0,3163.0,3141.5,3134.3,31504600,3447.7,2820.9,3839.9,2896.0,3144.0,31,2,3143.8,14,1,3143.7,3,1,3143.6,1,1,3143.5,26,3,3144.8,14,4,3145.1,68,3,3145.2,133,4,3145.3,21,2,3145.4,4,1
2031,2026-06-16 09:16:15+05:30,3144.3,132,3151.0,124827,80110.0,109409.0,3163.0,3163.0,3141.5,3134.3,31504600,3447.7,2820.9,3839.9,2896.0,3144.0,31,2,3143.8,14,1,3143.7,3,1,3143.6,1,1,3143.5,26,3,3144.8,14,4,3145.1,68,3,3145.2,133,4,3145.3,21,2,3145.4,4,1
2031,2026-06-16 09:16:15+05:30,3144.3,132,3150.97,125370,80384.0,109965.0,3163.0,3163.0,3141.5,3134.3,31504600,3447.7,2820.9,3839.9,2896.0,3144.0,9,2,3143.8,15,2,3143.7,3,1,3143.6,1,1,3143.5,26,3,3144.3,200,1,3144.8,240,1,3145.0,10,1,3145.1,68,1,3145.2,260,4
2031,2026-06-16 09:16:15+05:30,3144.3,132,3150.97,125370,80384.0,109965.0,3163.0,3163.0,3141.5,3134.3,31504600,3447.7,2820.9,3839.9,2896.0,3144.0,9,2,3143.8,15,2,3143.7,3,1,3143.6,1,1,3143.5,26,3,3144.3,200,1,3144.8,240,1,3145.0,10,1,3145.1,68,1,3145.2,260,4
2031,2026-06-16 09:16:16+05:30,3144.8,1,3150.94,126038,81089.0,109303.0,3163.0,3163.0,3141.5,3134.3,31504600,3447.7,2820.9,3839.9,2896.0,3144.1,5,1,3144.0,5,1,3143.9,1,1,3143.8,13,2,3143.7,3,1,3144.8,51,1,3145.2,318,3,3145.3,2,1,3145.4,66,3,3145.6,87,2
2031,2026-06-16 09:16:16+05:30,3144.8,1,3150.94,126038,81089.0,109303.0,3163.0,3163.0,3141.5,3134.3,31504600,3447.7,2820.9,3839.9,2896.0,3144.1,5,1,3144.0,5,1,3143.9,1,1,3143.8,13,2,3143.7,3,1,3144.8,51,1,3145.2,318,3,3145.3,2,1,3145.4,66,3,3145.6,87,2
2031,2026-06-16 09:16:17+05:30,3144.8,1,3150.94,126038,81089.0,109303.0,3163.0,3163.0,3141.5,3134.3,31504600,3447.7,2820.9,3839.9,2896.0,3144.1,5,1,3144.0,5,1,3143.9,1,1,3143.8,13,2,3143.7,3,1,3144.8,51,1,3145.2,318,3,3145.3,2,1,3145.4,66,3,3145.6,87,2
2031,2026-06-16 09:16:17+05:30,3144.8,1,3150.94,126038,81089.0,109303.0,3163.0,3163.0,3141.5,3134.3,31504600,3447.7,2820.9,3839.9,2896.0,3144.1,5,1,3144.0,5,1,3143.9,1,1,3143.8,13,2,3143.7,3,1,3144.8,51,1,3145.2,318,3,3145.3,2,1,3145.4,66,3,3145.6,87,2
2031,2026-06-16 09:16:17+05:30,3144.8,10,3150.92,126361,82474.0,108917.0,3163.0,3163.0,3141.5,3134.3,31504600,3447.7,2820.9,3839.9,2896.0,3144.1,40,1,3144.0,83,6,3143.9,171,2,3143.8,49,1,3143.7,56,3,3144.8,29,1,3145.2,30,1,3145.4,17,1,3145.6,17,1,3145.7,94,2
2031,2026-06-16 09:16:18+05:30,3144.8,10,3150.92,126361,82474.0,108917.0,3163.0,3163.0,3141.5,3134.3,31504600,3447.7,2820.9,3839.9,2896.0,3144.1,40,1,3144.0,83,6,3143.9,171,2,3143.8,49,1,3143.7,56,3,3144.8,29,1,3145.2,30,1,3145.4,17,1,3145.6,17,1,3145.7,94,2
2031,2026-06-16 09:16:18+05:30,3145.0,14,3150.9,126736,81335.0,110469.0,3163.0,3163.0,3141.5,3134.3,31504600,3447.7,2820.9,3839.9,2896.0,3144.0,70,3,3143.6,2,2,3143.5,26,3,3143.4,110,3,3143.3,6,1,3145.1,250,2,3145.2,237,3,3145.4,17,1,3145.5,51,3,3145.6,140,2
2031,2026-06-16 09:16:18+05:30,3145.0,14,3150.9,126736,81335.0,110469.0,3163.0,3163.0,3141.5,3134.3,31504600,3447.7,2820.9,3839.9,2896.0,3144.0,70,3,3143.6,2,2,3143.5,26,3,3143.4,110,3,3143.3,6,1,3145.1,250,2,3145.2,237,3,3145.4,17,1,3145.5,51,3,3145.6,140,2
2031,2026-06-16 09:16:19+05:30,3144.8,30,3150.9,126736,81335.0,110469.0,3163.0,3163.0,3141.5,3134.3,31504600,3447.7,2820.9,3839.9,2896.0,3144.0,70,3,3143.6,2,2,3143.5,26,3,3143.4,110,3,3143.3,6,1,3145.1,250,2,3145.2,237,3,3145.4,17,1,3145.5,51,3,3145.6,140,2
2031,2026-06-16 09:16:19+05:30,3144.8,30,3150.9,126736,81335.0,110469.0,3163.0,3163.0,3141.5,3134.3,31504600,3447.7,2820.9,3839.9,2896.0,3144.0,70,3,3143.6,2,2,3143.5,26,3,3143.4,110,3,3143.3,6,1,3145.1,250,2,3145.2,237,3,3145.4,17,1,3145.5,51,3,3145.6,140,2
2031,2026-06-16 09:16:19+05:30,3144.8,30,3150.9,126833,81608.0,109322.0,3163.0,3163.0,3141.5,3134.3,31504600,3447.7,2820.9,3839.9,2896.0,3144.3,17,1,3144.1,17,1,3144.0,116,5,3143.7,24,1,3143.6,2,2,3145.0,156,2,3145.1,310,3,3145.2,118,2,3145.5,169,1,3145.6,24,1
2031,2026-06-16 09:16:20+05:30,3144.8,30,3150.9,126833,81608.0,109322.0,3163.0,3163.0,3141.5,3134.3,31504600,3447.7,2820.9,3839.9,2896.0,3144.3,17,1,3144.1,17,1,3144.0,116,5,3143.7,24,1,3143.6,2,2,3145.0,156,2,3145.1,310,3,3145.2,118,2,3145.5,169,1,3145.6,24,1
2031,2026-06-16 09:16:20+05:30,3145.0,5,3150.89,126961,82157.0,109221.0,3163.0,3163.0,3141.5,3134.3,31504600,3447.7,2820.9,3839.9,2896.0,3144.3,29,1,3144.1,42,2,3144.0,116,5,3143.7,24,1,3143.6,1,1,3145.0,143,3,3145.1,310,3,3145.2,118,2,3145.7,362,6,3145.9,183,2
2031,2026-06-16 09:16:21+05:30,3145.0,10,3150.89,126961,82157.0,109221.0,3163.0,3163.0,3141.5,3134.3,31504600,3447.7,2820.9,3839.9,2896.0,3144.3,29,1,3144.1,42,2,3144.0,116,5,3143.7,24,1,3143.6,1,1,3145.0,143,3,3145.1,310,3,3145.2,118,2,3145.7,362,6,3145.9,183,2
2031,2026-06-16 09:16:21+05:30,3145.0,10,3150.89,126961,82157.0,109221.0,3163.0,3163.0,3141.5,3134.3,31523400,3447.7,2820.9,3839.9,2896.0,3144.3,29,1,3144.1,42,2,3144.0,116,5,3143.7,24,1,3143.6,1,1,3145.0,143,3,3145.1,310,3,3145.2,118,2,3145.7,362,6,3145.9,183,2
2031,2026-06-16 09:16:21+05:30,3145.2,56,3150.85,127949,82986.0,106822.0,3163.0,3163.0,3141.5,3134.3,31523400,3447.7,2820.9,3839.9,2896.0,3144.8,27,4,3144.6,170,1,3144.5,121,2,3144.4,177,3,3144.3,404,7,3145.7,148,4,3146.0,44,2,3146.1,100,1,3146.5,9,1,3146.8,169,1
2031,2026-06-16 09:16:22+05:30,3146.0,4,3150.82,128569,83550.0,107326.0,3163.0,3163.0,3141.5,3134.3,31523400,3447.7,2820.9,3839.9,2896.0,3144.7,66,1,3144.6,109,4,3144.4,170,1,3144.3,459,10,3144.1,150,2,3146.0,30,1,3146.1,117,2,3146.5,9,1,3146.9,109,2,3147.0,193,3
2031,2026-06-16 09:16:23+05:30,3144.7,53,3150.82,128569,83550.0,107326.0,3163.0,3163.0,3141.5,3134.3,31523400,3447.7,2820.9,3839.9,2896.0,3144.7,66,1,3144.6,109,4,3144.4,170,1,3144.3,459,10,3144.1,150,2,3146.0,30,1,3146.1,117,2,3146.5,9,1,3146.9,109,2,3147.0,193,3
2031,2026-06-16 09:16:24+05:30,3145.0,5,3150.8,128973,84103.0,107054.0,3163.0,3163.0,3141.5,3134.3,31523400,3447.7,2820.9,3839.9,2896.0,3145.0,9,1,3144.9,66,2,3144.8,143,5,3144.7,53,3,3144.6,197,3,3146.0,22,2,3146.1,58,2,3146.5,9,1,3146.9,63,1,3147.0,144,4
2031,2026-06-16 09:16:25+05:30,3145.1,1,3150.8,128973,84103.0,107054.0,3163.0,3163.0,3141.5,3134.3,31523400,3447.7,2820.9,3839.9,2896.0,3145.0,9,1,3144.9,66,2,3144.8,143,5,3144.7,53,3,3144.6,197,3,3146.0,22,2,3146.1,58,2,3146.5,9,1,3146.9,63,1,3147.0,144,4
2031,2026-06-16 09:16:25+05:30,3145.1,1,3150.79,129336,83471.0,107571.0,3163.0,3163.0,3141.5,3134.3,31523400,3447.7,2820.9,3839.9,2896.0,3145.1,28,1,3145.0,79,3,3144.8,1,1,3144.7,5,1,3144.6,3,1,3146.2,235,4,3146.3,262,4,3146.4,47,3,3146.5,40,3,3146.6,66,2
2031,2026-06-16 09:16:26+05:30,3142.0,97,3150.66,131672,77902.0,111796.0,3163.0,3163.0,3141.5,3134.3,31523400,3447.7,2820.9,3839.9,2896.0,3142.0,72,6,3141.9,50,1,3141.5,98,1,3141.3,12,1,3141.2,118,1,3142.9,200,1,3143.0,46,3,3143.1,183,2,3143.2,39,2,3143.3,8,1
2031,2026-06-16 09:16:27+05:30,3141.7,89,3150.66,131672,77902.0,111796.0,3163.0,3163.0,3141.5,3134.3,31523400,3447.7,2820.9,3839.9,2896.0,3142.0,72,6,3141.9,50,1,3141.5,98,1,3141.3,12,1,3141.2,118,1,3142.9,200,1,3143.0,46,3,3143.1,183,2,3143.2,39,2,3143.3,8,1
2031,2026-06-16 09:16:27+05:30,3141.6,10,3150.57,132970,76477.0,114446.0,3163.0,3163.0,3140.2,3134.3,31523400,3447.7,2820.9,3839.9,2896.0,3140.0,1261,25,3139.5,182,2,3139.3,200,1,3139.2,239,3,3139.1,27,1,3141.6,33,4,3141.7,58,2,3141.8,305,6,3141.9,189,2,3142.0,140,2
2031,2026-06-16 09:16:28+05:30,3141.5,102,3150.41,134980,76841.0,113284.0,3163.0,3163.0,3138.7,3134.3,31523400,3447.7,2820.9,3839.9,2896.0,3140.1,17,1,3140.0,262,2,3139.8,170,1,3139.7,12,1,3139.5,118,1,3141.6,307,4,3141.7,74,2,3141.8,150,3,3141.9,18,1,3142.1,60,1
2031,2026-06-16 09:16:29+05:30,3141.3,39,3150.41,134980,76841.0,113284.0,3163.0,3163.0,3138.7,3134.3,31523400,3447.7,2820.9,3839.9,2896.0,3140.1,17,1,3140.0,262,2,3139.8,170,1,3139.7,12,1,3139.5,118,1,3141.6,307,4,3141.7,74,2,3141.8,150,3,3141.9,18,1,3142.1,60,1
2031,2026-06-16 09:16:29+05:30,3141.6,10,3150.34,135979,77387.0,113957.0,3163.0,3163.0,3138.7,3134.3,31523400,3447.7,2820.9,3839.9,2896.0,3140.3,88,4,3140.2,26,2,3140.1,17,1,3140.0,102,2,3139.9,170,1,3141.6,317,5,3141.7,17,1,3141.8,149,2,3142.2,60,1,3142.3,33,2
2031,2026-06-16 09:16:30+05:30,3141.0,1,3150.32,136363,77938.0,113954.0,3163.0,3163.0,3138.7,3134.3,31523400,3447.7,2820.9,3839.9,2896.0,3140.4,236,3,3140.3,79,2,3140.1,42,3,3140.0,129,3,3139.8,171,3,3141.6,253,5,3141.7,17,1,3141.8,124,1,3142.3,31,1,3142.4,168,3
2031,2026-06-16 09:16:31+05:30,3141.4,10,3150.32,136363,77938.0,113954.0,3163.0,3163.0,3138.7,3134.3,31523400,3447.7,2820.9,3839.9,2896.0,3140.4,236,3,3140.3,79,2,3140.1,42,3,3140.0,129,3,3139.8,171,3,3141.6,253,5,3141.7,17,1,3141.8,124,1,3142.3,31,1,3142.4,168,3
2031,2026-06-16 09:16:31+05:30,3140.7,9,3150.29,136802,77275.0,115560.0,3163.0,3163.0,3138.7,3134.3,31523400,3447.7,2820.9,3839.9,2896.0,3140.2,25,1,3140.0,88,1,3139.9,12,1,3139.6,181,2,3139.2,80,3,3140.3,13,1,3141.0,7,1,3141.1,6,1,3141.3,38,1,3141.5,49,1
2031,2026-06-16 09:16:32+05:30,3141.4,4,3150.28,136927,77984.0,116290.0,3163.0,3163.0,3138.7,3134.3,31523400,3447.7,2820.9,3839.9,2896.0,3140.3,26,1,3140.1,22,2,3140.0,172,4,3139.6,13,1,3139.4,97,3,3141.4,11,1,3141.5,53,2,3141.6,246,6,3141.7,178,2,3141.8,124,1
2031,2026-06-16 09:16:33+05:30,3141.5,35,3150.28,136927,77984.0,116290.0,3163.0,3163.0,3138.7,3134.3,31523400,3447.7,2820.9,3839.9,2896.0,3140.3,26,1,3140.1,22,2,3140.0,172,4,3139.6,13,1,3139.4,97,3,3141.4,11,1,3141.5,53,2,3141.6,246,6,3141.7,178,2,3141.8,124,1
2031,2026-06-16 09:16:33+05:30,3141.4,13,3150.25,137261,78285.0,116868.0,3163.0,3163.0,3138.7,3134.3,31523400,3447.7,2820.9,3839.9,2896.0,3140.3,12,1,3140.2,1,1,3140.0,129,5,3139.2,24,1,3139.1,2,1,3141.1,13,1,3141.2,81,4,3141.3,63,4,3141.4,27,2,3141.5,119,4
2031,2026-06-16 09:16:34+05:30,3141.1,25,3150.17,138454,78562.0,117136.0,3163.0,3163.0,3138.7,3134.3,31523400,3447.7,2820.9,3839.9,2896.0,3140.3,44,3,3140.2,1,1,3140.1,12,1,3140.0,174,7,3139.9,170,1,3140.9,3,1,3141.1,156,2,3141.4,25,1,3141.6,188,2,3142.0,118,1
2031,2026-06-16 09:16:35+05:30,3140.0,46,3150.17,138454,78562.0,117136.0,3163.0,3163.0,3138.7,3134.3,31523400,3447.7,2820.9,3839.9,2896.0,3140.3,44,3,3140.2,1,1,3140.1,12,1,3140.0,174,7,3139.9,170,1,3140.9,3,1,3141.1,156,2,3141.4,25,1,3141.6,188,2,3142.0,118,1
2031,2026-06-16 09:16:36+05:30,3140.9,1,3150.16,138627,78197.0,117460.0,3163.0,3163.0,3138.7,3134.3,31523400,3447.7,2820.9,3839.9,2896.0,3140.0,40,5,3139.7,299,3,3139.6,11,1,3139.5,137,3,3139.4,63,1,3140.9,1,1,3141.1,156,2,3141.4,25,1,3141.6,206,3,3141.7,316,3
2031,2026-06-16 09:16:37+05:30,3140.9,100,3150.16,138627,78197.0,117460.0,3163.0,3163.0,3138.7,3134.3,31523400,3447.7,2820.9,3839.9,2896.0,3140.0,40,5,3139.7,299,3,3139.6,11,1,3139.5,137,3,3139.4,63,1,3140.9,1,1,3141.1,156,2,3141.4,25,1,3141.6,206,3,3141.7,316,3
2031,2026-06-16 09:16:37+05:30,3140.1,2,3150.13,139095,78172.0,117218.0,3163.0,3163.0,3138.7,3134.3,31523400,3447.7,2820.9,3839.9,2896.0,3140.0,92,4,3139.7,11,1,3139.5,181,2,3139.4,20,1,3139.3,82,2,3141.1,105,1,3141.4,83,2,3141.5,11,1,3141.6,19,2,3141.7,29,1
2031,2026-06-16 09:16:38+05:30,3140.1,16,3150.1,139505,78847.0,116623.0,3163.0,3163.0,3138.7,3134.3,31523400,3447.7,2820.9,3839.9,2896.0,3140.5,41,1,3140.1,19,2,3140.0,132,6,3139.9,25,1,3139.8,24,1,3141.8,63,3,3141.9,40,2,3142.0,13,1,3142.2,128,4,3142.3,31,1
2031,2026-06-16 09:16:39+05:30,3140.5,3,3150.1,139505,78847.0,116623.0,3163.0,3163.0,3138.7,3134.3,31523400,3447.7,2820.9,3839.9,2896.0,3140.5,41,1,3140.1,19,2,3140.0,132,6,3139.9,25,1,3139.8,24,1,3141.8,63,3,3141.9,40,2,3142.0,13,1,3142.2,128,4,3142.3,31,1
2031,2026-06-16 09:16:39+05:30,3141.8,5,3150.08,139851,79935.0,115923.0,3163.0,3163.0,3138.7,3134.3,31523400,3447.7,2820.9,3839.9,2896.0,3141.1,6,1,3140.5,38,1,3140.3,233,2,3140.2,120,3,3140.1,136,5,3141.8,64,1,3142.2,21,1,3142.3,86,1,3142.5,233,3,3142.6,76,2
2031,2026-06-16 09:16:40+05:30,3142.7,9,3150.05,140321,80378.0,115253.0,3163.0,3163.0,3138.7,3134.3,31523400,3447.7,2820.9,3839.9,2896.0,3141.8,5,1,3141.1,21,1,3140.7,2,1,3140.6,85,2,3140.5,181,2,3142.8,263,4,3142.9,34,2,3143.0,102,3,3143.1,41,2,3143.2,144,3
2031,2026-06-16 09:16:41+05:30,3141.8,5,3150.05,140321,80378.0,115253.0,3163.0,3163.0,3138.7,3134.3,31523400,3447.7,2820.9,3839.9,2896.0,3141.8,5,1,3141.1,21,1,3140.7,2,1,3140.6,85,2,3140.5,181,2,3142.8,263,4,3142.9,34,2,3143.0,102,3,3143.1,41,2,3143.2,144,3
2031,2026-06-16 09:16:41+05:30,3142.4,5,3150.05,140486,80617.0,115942.0,3163.0,3163.0,3138.7,3134.3,31523400,3447.7,2820.9,3839.9,2896.0,3141.8,5,1,3141.1,21,1,3141.0,10,1,3140.5,65,2,3140.4,142,2,3142.4,156,4,3142.5,18,2,3142.6,23,2,3142.7,173,3,3142.8,485,8
2031,2026-06-16 09:16:42+05:30,3140.2,45,3150.01,141116,80083.0,115106.0,3163.0,3163.0,3138.7,3134.3,31523400,3447.7,2820.9,3839.9,2896.0,3140.9,44,2,3140.8,170,1,3140.7,37,2,3140.6,13,1,3140.5,64,1,3141.8,25,1,3142.3,11,1,3142.4,30,2,3142.5,8,1,3142.7,400,1
2031,2026-06-16 09:16:43+05:30,3141.1,57,3150.01,141116,80083.0,115106.0,3163.0,3163.0,3138.7,3134.3,31523400,3447.7,2820.9,3839.9,2896.0,3140.9,44,2,3140.8,170,1,3140.7,37,2,3140.6,13,1,3140.5,64,1,3141.8,25,1,3142.3,11,1,3142.4,30,2,3142.5,8,1,3142.7,400,1
2031,2026-06-16 09:16:43+05:30,3141.8,39,3149.99,141408,80034.0,116029.0,3163.0,3163.0,3138.7,3134.3,31523400,3447.7,2820.9,3839.9,2896.0,3140.8,27,2,3140.6,170,1,3140.5,53,1,3140.4,57,3,3140.3,127,2,3141.8,78,1,3142.2,25,1,3142.3,96,1,3142.4,32,3,3142.5,8,1
2031,2026-06-16 09:16:44+05:30,3142.3,1,3149.97,141638,81526.0,115232.0,3163.0,3163.0,3138.7,3134.3,31523400,3447.7,2820.9,3839.9,2896.0,3141.7,170,1,3141.6,209,4,3141.5,68,3,3141.4,9,1,3141.3,24,1,3142.3,50,1,3143.3,14,1,3143.4,11,1,3143.6,118,1,3143.7,17,1
2031,2026-06-16 09:16:45+05:30,3142.3,5,3149.97,141638,81526.0,115232.0,3163.0,3163.0,3138.7,3134.3,31523400,3447.7,2820.9,3839.9,2896.0,3141.7,170,1,3141.6,209,4,3141.5,68,3,3141.4,9,1,3141.3,24,1,3142.3,50,1,3143.3,14,1,3143.4,11,1,3143.6,118,1,3143.7,17,1
2031,2026-06-16 09:16:45+05:30,3142.2,16,3149.96,141835,81205.0,115506.0,3163.0,3163.0,3138.7,3134.3,31523400,3447.7,2820.9,3839.9,2896.0,3142.2,7,1,3142.0,2,2,3141.8,50,1,3141.7,11,3,3141.6,184,3,3142.3,3,1,3143.2,11,1,3143.3,91,1,3143.8,28,2,3143.9,369,5
2031,2026-06-16 09:16:47+05:30,3142.4,1,3149.96,141835,81205.0,115506.0,3163.0,3163.0,3138.7,3134.3,31523400,3447.7,2820.9,3839.9,2896.0,3142.2,7,1,3142.0,2,2,3141.8,50,1,3141.7,11,3,3141.6,184,3,3142.3,3,1,3143.2,11,1,3143.3,91,1,3143.8,28,2,3143.9,369,5
2031,2026-06-16 09:16:47+05:30,3142.3,39,3149.96,141932,81356.0,114126.0,3163.0,3163.0,3138.7,3134.3,31523400,3447.7,2820.9,3839.9,2896.0,3142.3,170,1,3142.2,61,3,3142.1,94,3,3142.0,52,4,3141.9,224,2,3143.3,20,1,3144.0,20,1,3144.2,7,1,3144.5,118,1,3144.7,45,2
2031,2026-06-16 09:16:48+05:30,3142.4,36,3149.96,141932,81356.0,114126.0,3163.0,3163.0,3138.7,3134.3,31523400,3447.7,2820.9,3839.9,2896.0,3142.3,170,1,3142.2,61,3,3142.1,94,3,3142.0,52,4,3141.9,224,2,3143.3,20,1,3144.0,20,1,3144.2,7,1,3144.5,118,1,3144.7,45,2
2031,2026-06-16 09:16:48+05:30,3143.3,5,3149.95,142019,82539.0,113948.0,3163.0,3163.0,3138.7,3134.3,31523400,3447.7,2820.9,3839.9,2896.0,3143.3,1,1,3142.4,21,2,3142.2,90,4,3142.0,2,2,3141.9,102,2,3143.8,24,1,3143.9,20,1,3144.0,62,3,3144.2,7,1,3144.5,118,1
2031,2026-06-16 09:16:49+05:30,3143.6,15,3149.95,142019,82539.0,113948.0,3163.0,3163.0,3138.7,3134.3,31523400,3447.7,2820.9,3839.9,2896.0,3143.3,1,1,3142.4,21,2,3142.2,90,4,3142.0,2,2,3141.9,102,2,3143.8,24,1,3143.9,20,1,3144.0,62,3,3144.2,7,1,3144.5,118,1
2031,2026-06-16 09:16:49+05:30,3143.8,25,3149.95,142100,82028.0,114090.0,3163.0,3163.0,3138.7,3134.3,31523400,3447.7,2820.9,3839.9,2896.0,3142.8,6,2,3142.7,78,2,3142.6,170,1,3142.5,190,3,3142.3,50,4,3143.9,20,1,3144.0,69,3,3144.2,7,1,3144.7,22,1,3144.8,148,2
2031,2026-06-16 09:16:50+05:30,3143.4,5,3149.95,142100,82028.0,114090.0,3163.0,3163.0,3138.7,3134.3,31523400,3447.7,2820.9,3839.9,2896.0,3142.8,6,2,3142.7,78,2,3142.6,170,1,3142.5,190,3,3142.3,50,4,3143.9,20,1,3144.0,69,3,3144.2,7,1,3144.7,22,1,3144.8,148,2
2031,2026-06-16 09:16:50+05:30,3142.7,2,3149.93,142568,82138.0,114319.0,3163.0,3163.0,3138.7,3134.3,31523400,3447.7,2820.9,3839.9,2896.0,3143.3,2,2,3142.7,18,1,3142.5,51,3,3142.4,134,2,3142.3,1,1,3143.9,34,3,3144.0,44,1,3144.2,55,2,3144.3,125,3,3144.4,13,1
2031,2026-06-16 09:16:51+05:30,3142.7,16,3149.93,142568,82138.0,114319.0,3163.0,3163.0,3138.7,3134.3,31523400,3447.7,2820.9,3839.9,2896.0,3143.3,2,2,3142.7,18,1,3142.5,51,3,3142.4,134,2,3142.3,1,1,3143.9,34,3,3144.0,44,1,3144.2,55,2,3144.3,125,3,3144.4,13,1
2031,2026-06-16 09:16:51+05:30,3143.9,3,3149.91,142927,82699.0,114356.0,3163.0,3163.0,3138.7,3134.3,31523400,3447.7,2820.9,3839.9,2896.0,3142.7,4,1,3142.5,24,2,3142.3,1,1,3142.2,27,2,3142.0,27,1,3143.9,120,7,3144.0,44,1,3144.1,11,1,3144.2,7,1,3144.3,6,1
2031,2026-06-16 09:16:52+05:30,3143.9,13,3149.91,142927,82699.0,114356.0,3163.0,3163.0,3138.7,3134.3,31523400,3447.7,2820.9,3839.9,2896.0,3142.7,4,1,3142.5,24,2,3142.3,1,1,3142.2,27,2,3142.0,27,1,3143.9,120,7,3144.0,44,1,3144.1,11,1,3144.2,7,1,3144.3,6,1
2031,2026-06-16 09:16:52+05:30,3144.2,24,3149.89,143339,83971.0,111758.0,3163.0,3163.0,3138.7,3134.3,31523400,3447.7,2820.9,3839.9,2896.0,3143.9,37,5,3143.8,216,2,3143.5,36,2,3143.4,22,2,3143.3,246,3,3144.2,7,1,3144.3,6,1,3144.9,10,1,3145.0,26,2,3145.7,22,1
2031,2026-06-16 09:16:53+05:30,3144.9,10,3149.89,143339,83971.0,111758.0,3163.0,3163.0,3138.7,3134.3,31523400,3447.7,2820.9,3839.9,2896.0,3143.9,37,5,3143.8,216,2,3143.5,36,2,3143.4,22,2,3143.3,246,3,3144.2,7,1,3144.3,6,1,3144.9,10,1,3145.0,26,2,3145.7,22,1
2031,2026-06-16 09:16:53+05:30,3145.0,10,3149.88,143574,84606.0,111919.0,3163.0,3163.0,3138.7,3134.3,31523400,3447.7,2820.9,3839.9,2896.0,3144.1,183,4,3144.0,81,2,3143.9,1,1,3143.8,60,1,3143.7,129,2,3145.0,2,1,3145.7,22,1,3146.2,14,1,3146.3,118,1,3146.4,8,1
2031,2026-06-16 09:16:54+05:30,3143.6,39,3149.88,143574,84606.0,111919.0,3163.0,3163.0,3138.7,3134.3,31523400,3447.7,2820.9,3839.9,2896.0,3144.1,183,4,3144.0,81,2,3143.9,1,1,3143.8,60,1,3143.7,129,2,3145.0,2,1,3145.7,22,1,3146.2,14,1,3146.3,118,1,3146.4,8,1
2031,2026-06-16 09:16:54+05:30,3145.0,19,3149.87,143882,84853.0,112319.0,3163.0,3163.0,3138.7,3134.3,31523400,3447.7,2820.9,3839.9,2896.0,3143.9,31,3,3143.8,13,1,3143.7,170,1,3143.6,87,4,3143.5,202,2,3145.0,14,1,3145.4,20,1,3145.6,20,1,3145.7,121,4,3145.8,4,1
2031,2026-06-16 09:16:55+05:30,3145.0,2,3149.87,143882,84853.0,112319.0,3163.0,3163.0,3138.7,3134.3,31523400,3447.7,2820.9,3839.9,2896.0,3143.9,31,3,3143.8,13,1,3143.7,170,1,3143.6,87,4,3143.5,202,2,3145.0,14,1,3145.4,20,1,3145.6,20,1,3145.7,121,4,3145.8,4,1
2031,2026-06-16 09:16:55+05:30,3145.5,2,3149.87,143967,84244.0,112241.0,3163.0,3163.0,3138.7,3134.3,31523400,3447.7,2820.9,3839.9,2896.0,3143.9,42,1,3143.7,244,4,3143.6,60,4,3143.5,3,1,3143.4,373,4,3145.0,68,1,3145.3,24,1,3145.5,22,1,3145.7,86,3,3145.8,69,2
2031,2026-06-16 09:16:56+05:30,3145.5,2,3149.87,143967,84244.0,112241.0,3163.0,3163.0,3138.7,3134.3,31523400,3447.7,2820.9,3839.9,2896.0,3143.9,42,1,3143.7,244,4,3143.6,60,4,3143.5,3,1,3143.4,373,4,3145.0,68,1,3145.3,24,1,3145.5,22,1,3145.7,86,3,3145.8,69,2
2031,2026-06-16 09:16:56+05:30,3144.1,10,3149.87,144043,83530.0,112630.0,3163.0,3163.0,3138.7,3134.3,31523400,3447.7,2820.9,3839.9,2896.0,3143.9,49,2,3143.6,60,4,3143.5,3,1,3143.3,172,2,3143.2,47,1,3144.1,24,1,3145.0,117,3,3145.3,10,1,3145.4,150,3,3145.5,22,1
2031,2026-06-16 09:16:57+05:30,3143.9,24,3149.87,144043,83530.0,112630.0,3163.0,3163.0,3138.7,3134.3,31523400,3447.7,2820.9,3839.9,2896.0,3143.9,49,2,3143.6,60,4,3143.5,3,1,3143.3,172,2,3143.2,47,1,3144.1,24,1,3145.0,117,3,3145.3,10,1,3145.4,150,3,3145.5,22,1
2031,2026-06-16 09:16:58+05:30,3143.9,53,3149.85,144504,83525.0,113882.0,3163.0,3163.0,3138.7,3134.3,31523400,3447.7,2820.9,3839.9,2896.0,3143.6,33,3,3143.3,2,1,3143.2,47,1,3142.9,3,1,3142.8,118,1,3143.9,47,1,3144.7,31,2,3144.9,63,1,3145.0,96,5,3145.1,195,3
2031,2026-06-16 09:16:58+05:30,3143.6,7,3149.85,144504,83525.0,113882.0,3163.0,3163.0,3138.7,3134.3,31523400,3447.7,2820.9,3839.9,2896.0,3143.6,33,3,3143.3,2,1,3143.2,47,1,3142.9,3,1,3142.8,118,1,3143.9,47,1,3144.7,31,2,3144.9,63,1,3145.0,96,5,3145.1,195,3
2031,2026-06-16 09:16:59+05:30,3143.5,22,3149.85,144504,83525.0,113882.0,3163.0,3163.0,3138.7,3134.3,31523400,3447.7,2820.9,3839.9,2896.0,3143.6,33,3,3143.3,2,1,3143.2,47,1,3142.9,3,1,3142.8,118,1,3143.9,47,1,3144.7,31,2,3144.9,63,1,3145.0,96,5,3145.1,195,3
2031,2026-06-16 09:16:59+05:30,3143.5,22,3149.83,144860,83866.0,114522.0,3163.0,3163.0,3138.7,3134.3,31523400,3447.7,2820.9,3839.9,2896.0,3143.6,15,1,3142.8,6,1,3142.7,15,2,3142.6,78,3,3142.5,263,2,3143.9,25,1,3144.6,14,1,3144.7,17,1,3144.8,338,4,3144.9,21,1
2031,2026-06-16 09:17:00+05:30,3143.9,30,3149.83,144860,83866.0,114522.0,3163.0,3163.0,3138.7,3134.3,31523400,3447.7,2820.9,3839.9,2896.0,3143.6,15,1,3142.8,6,1,3142.7,15,2,3142.6,78,3,3142.5,263,2,3143.9,25,1,3144.6,14,1,3144.7,17,1,3144.8,338,4,3144.9,21,1
2031,2026-06-16 09:17:00+05:30,3143.9,30,3149.83,144969,83906.0,113762.0,3163.0,3163.0,3138.7,3134.3,31523400,3447.7,2820.9,3839.9,2896.0,3143.6,55,2,3142.8,85,5,3142.7,232,4,3142.6,106,3,3142.5,257,3,3143.9,85,4,3144.7,23,2,3144.8,331,4,3144.9,9,1,3145.0,100,3
2031,2026-06-16 09:17:01+05:30,3143.8,21,3149.83,144969,83906.0,113762.0,3163.0,3163.0,3138.7,3134.3,31523400,3447.7,2820.9,3839.9,2896.0,3143.6,55,2,3142.8,85,5,3142.7,232,4,3142.6,106,3,3142.5,257,3,3143.9,85,4,3144.7,23,2,3144.8,331,4,3144.9,9,1,3145.0,100,3
2031,2026-06-16 09:17:01+05:30,3143.8,10,3149.79,145757,83079.0,114759.0,3163.0,3163.0,3138.7,3134.3,31523400,3447.7,2820.9,3839.9,2896.0,3143.6,11,1,3142.3,59,3,3142.2,126,2,3142.0,70,3,3141.8,233,6,3143.8,60,2,3143.9,55,5,3144.0,23,2,3144.2,96,1,3144.3,56,2
2031,2026-06-16 09:17:02+05:30,3143.7,108,3149.79,145757,83079.0,114759.0,3163.0,3163.0,3138.7,3134.3,31523400,3447.7,2820.9,3839.9,2896.0,3143.6,11,1,3142.3,59,3,3142.2,126,2,3142.0,70,3,3141.8,233,6,3143.8,60,2,3143.9,55,5,3144.0,23,2,3144.2,96,1,3144.3,56,2
2031,2026-06-16 09:17:02+05:30,3143.8,10,3149.79,145912,83735.0,115432.0,3163.0,3163.0,3138.7,3134.3,31523400,3447.7,2820.9,3839.9,2896.0,3143.6,51,2,3142.9,13,1,3142.7,2,1,3142.6,121,2,3142.5,257,4,3143.8,19,1,3143.9,28,4,3144.0,6,1,3144.5,117,2,3144.6,62,2
2031,2026-06-16 09:17:03+05:30,3143.8,3,3149.76,146439,85084.0,113947.0,3163.0,3163.0,3138.7,3134.3,31523400,3447.7,2820.9,3839.9,2896.0,3143.6,96,4,3143.3,2,1,3143.2,233,2,3143.1,63,1,3143.0,400,1,3143.8,10,1,3144.6,32,1,3144.9,98,2,3145.0,243,4,3145.1,3,1
2031,2026-06-16 09:17:04+05:30,3144.3,2,3149.76,146439,85084.0,113947.0,3163.0,3163.0,3138.7,3134.3,31523400,3447.7,2820.9,3839.9,2896.0,3143.6,96,4,3143.3,2,1,3143.2,233,2,3143.1,63,1,3143.0,400,1,3143.8,10,1,3144.6,32,1,3144.9,98,2,3145.0,243,4,3145.1,3,1
2031,2026-06-16 09:17:04+05:30,3144.5,15,3149.76,146633,85340.0,114281.0,3163.0,3163.0,3138.7,3134.3,31523400,3447.7,2820.9,3839.9,2896.0,3143.6,11,1,3143.0,400,1,3142.8,212,3,3142.7,45,3,3142.6,4,1,3144.6,32,1,3144.8,73,2,3144.9,158,3,3145.0,303,7,3145.1,3,1
2031,2026-06-16 09:17:05+05:30,3144.5,15,3149.76,146633,85340.0,114281.0,3163.0,3163.0,3138.7,3134.3,31523400,3447.7,2820.9,3839.9,2896.0,3143.6,11,1,3143.0,400,1,3142.8,212,3,3142.7,45,3,3142.6,4,1,3144.6,32,1,3144.8,73,2,3144.9,158,3,3145.0,303,7,3145.1,3,1
2031,2026-06-16 09:17:05+05:30,3143.9,12,3149.76,146655,85410.0,114604.0,3163.0,3163.0,3138.7,3134.3,31523400,3447.7,2820.9,3839.9,2896.0,3144.1,41,1,3143.9,28,1,3143.6,20,2,3143.1,65,2,3143.0,426,2,3144.5,62,1,3144.6,155,6,3144.7,16,1,3144.8,11,1,3144.9,20,1
2031,2026-06-16 09:17:06+05:30,3143.9,26,3149.76,146655,85410.0,114604.0,3163.0,3163.0,3138.7,3134.3,31523400,3447.7,2820.9,3839.9,2896.0,3144.1,41,1,3143.9,28,1,3143.6,20,2,3143.1,65,2,3143.0,426,2,3144.5,62,1,3144.6,155,6,3144.7,16,1,3144.8,11,1,3144.9,20,1
2031,2026-06-16 09:17:06+05:30,3143.9,26,3149.76,146655,85410.0,114604.0,3163.0,3163.0,3138.7,3134.3,31523400,3447.7,2820.9,3839.9,2896.0,3144.1,41,1,3143.9,28,1,3143.6,20,2,3143.1,65,2,3143.0,426,2,3144.5,62,1,3144.6,155,6,3144.7,16,1,3144.8,11,1,3144.9,20,1
2031,2026-06-16 09:17:06+05:30,3144.5,18,3149.74,146966,84820.0,113369.0,3163.0,3163.0,3138.7,3134.3,31523400,3447.7,2820.9,3839.9,2896.0,3143.6,37,3,3143.1,61,1,3143.0,400,1,3142.8,12,1,3142.7,20,2,3144.5,129,4,3144.6,131,5,3144.7,16,1,3144.9,208,3,3145.0,207,6
2031,2026-06-16 09:17:07+05:30,3143.6,9,3149.74,146966,84820.0,113369.0,3163.0,3163.0,3138.7,3134.3,31523400,3447.7,2820.9,3839.9,2896.0,3143.6,37,3,3143.1,61,1,3143.0,400,1,3142.8,12,1,3142.7,20,2,3144.5,129,4,3144.6,131,5,3144.7,16,1,3144.9,208,3,3145.0,207,6
2031,2026-06-16 09:17:07+05:30,3144.5,4,3149.74,147060,85496.0,113412.0,3163.0,3163.0,3138.7,3134.3,31523400,3447.7,2820.9,3839.9,2896.0,3143.6,76,3,3143.3,268,4,3143.2,61,1,3143.0,514,2,3142.9,201,2,3144.5,46,3,3144.6,82,1,3144.9,40,2,3145.0,80,5,3145.1,27,2
2031,2026-06-16 09:17:08+05:30,3143.6,2,3149.74,147060,85496.0,113412.0,3163.0,3163.0,3138.7,3134.3,31523400,3447.7,2820.9,3839.9,2896.0,3143.6,76,3,3143.3,268,4,3143.2,61,1,3143.0,514,2,3142.9,201,2,3144.5,46,3,3144.6,82,1,3144.9,40,2,3145.0,80,5,3145.1,27,2
2031,2026-06-16 09:17:08+05:30,3143.6,2,3149.74,147060,85496.0,113412.0,3163.0,3163.0,3138.7,3134.3,31523400,3447.7,2820.9,3839.9,2896.0,3143.6,76,3,3143.3,268,4,3143.2,61,1,3143.0,514,2,3142.9,201,2,3144.5,46,3,3144.6,82,1,3144.9,40,2,3145.0,80,5,3145.1,27,2
2031,2026-06-16 09:17:09+05:30,3144.6,20,3149.73,147222,85657.0,112425.0,3163.0,3163.0,3138.7,3134.3,31523400,3447.7,2820.9,3839.9,2896.0,3144.0,144,1,3143.8,10,1,3143.6,74,3,3143.4,61,1,3143.3,128,2,3144.6,29,1,3144.9,51,3,3145.0,129,6,3145.1,11,1,3145.2,54,3
2031,2026-06-16 09:17:09+05:30,3144.6,20,3149.73,147222,85657.0,112425.0,3163.0,3163.0,3138.7,3134.3,31523400,3447.7,2820.9,3839.9,2896.0,3144.0,144,1,3143.8,10,1,3143.6,74,3,3143.4,61,1,3143.3,128,2,3144.6,29,1,3144.9,51,3,3145.0,129,6,3145.1,11,1,3145.2,54,3
2031,2026-06-16 09:17:09+05:30,3144.6,20,3149.73,147222,85657.0,112425.0,3163.0,3163.0,3138.7,3134.3,31523400,3447.7,2820.9,3839.9,2896.0,3144.0,144,1,3143.8,10,1,3143.6,74,3,3143.4,61,1,3143.3,128,2,3144.6,29,1,3144.9,51,3,3145.0,129,6,3145.1,11,1,3145.2,54,3
2031,2026-06-16 09:17:10+05:30,3144.6,13,3149.73,147222,85657.0,112425.0,3163.0,3163.0,3138.7,3134.3,31523400,3447.7,2820.9,3839.9,2896.0,3144.0,144,1,3143.8,10,1,3143.6,74,3,3143.4,61,1,3143.3,128,2,3144.6,29,1,3144.9,51,3,3145.0,129,6,3145.1,11,1,3145.2,54,3
2031,2026-06-16 09:17:10+05:30,3144.6,13,3149.73,147289,87127.0,111823.0,3163.0,3163.0,3138.7,3134.3,31523400,3447.7,2820.9,3839.9,2896.0,3144.6,7,1,3144.0,216,2,3143.9,40,2,3143.8,10,1,3143.7,28,2,3144.9,19,1,3145.0,94,4,3145.1,11,1,3145.2,10,1,3145.5,139,5
2031,2026-06-16 09:17:11+05:30,3144.9,10,3149.73,147289,87127.0,111823.0,3163.0,3163.0,3138.7,3134.3,31523400,3447.7,2820.9,3839.9,2896.0,3144.6,7,1,3144.0,216,2,3143.9,40,2,3143.8,10,1,3143.7,28,2,3144.9,19,1,3145.0,94,4,3145.1,11,1,3145.2,10,1,3145.5,139,5
2031,2026-06-16 09:17:11+05:30,3144.9,10,3149.73,147300,87602.0,112260.0,3163.0,3163.0,3138.7,3134.3,31523400,3447.7,2820.9,3839.9,2896.0,3144.6,64,3,3144.0,216,2,3143.9,40,2,3143.8,11,2,3143.7,62,1,3144.9,22,3,3145.0,189,5,3145.2,10,1,3145.5,65,4,3145.7,32,2
2031,2026-06-16 09:17:11+05:30,3144.9,10,3149.73,147300,87602.0,112260.0,3163.0,3163.0,3138.7,3134.3,31523400,3447.7,2820.9,3839.9,2896.0,3144.6,64,3,3144.0,216,2,3143.9,40,2,3143.8,11,2,3143.7,62,1,3144.9,22,3,3145.0,189,5,3145.2,10,1,3145.5,65,4,3145.7,32,2
2031,2026-06-16 09:17:12+05:30,3144.6,9,3149.73,147300,87602.0,112260.0,3163.0,3163.0,3138.7,3134.3,31523400,3447.7,2820.9,3839.9,2896.0,3144.6,64,3,3144.0,216,2,3143.9,40,2,3143.8,11,2,3143.7,62,1,3144.9,22,3,3145.0,189,5,3145.2,10,1,3145.5,65,4,3145.7,32,2
2031,2026-06-16 09:17:12+05:30,3144.6,5,3149.72,147525,87039.0,112206.0,3163.0,3163.0,3138.7,3134.3,31523400,3447.7,2820.9,3839.9,2896.0,3144.6,31,3,3144.3,28,1,3144.0,216,2,3143.8,10,1,3143.4,1,1,3144.9,80,5,3145.0,159,6,3145.1,31,2,3145.2,21,2,3145.3,13,1
2031,2026-06-16 09:17:12+05:30,3144.6,5,3149.72,147525,87039.0,112206.0,3163.0,3163.0,3138.7,3134.3,31523400,3447.7,2820.9,3839.9,2896.0,3144.6,31,3,3144.3,28,1,3144.0,216,2,3143.8,10,1,3143.4,1,1,3144.9,80,5,3145.0,159,6,3145.1,31,2,3145.2,21,2,3145.3,13,1
2031,2026-06-16 09:17:13+05:30,3144.6,4,3149.72,147525,87039.0,112206.0,3163.0,3163.0,3138.7,3134.3,31523400,3447.7,2820.9,3839.9,2896.0,3144.6,31,3,3144.3,28,1,3144.0,216,2,3143.8,10,1,3143.4,1,1,3144.9,80,5,3145.0,159,6,3145.1,31,2,3145.2,21,2,3145.3,13,1
2031,2026-06-16 09:17:13+05:30,3144.9,35,3149.72,147770,87509.0,111801.0,3163.0,3163.0,3138.7,3134.3,31523400,3447.7,2820.9,3839.9,2896.0,3144.6,86,5,3144.1,91,2,3144.0,216,2,3143.8,22,2,3143.7,27,1,3144.9,8,1,3145.0,208,5,3145.2,10,1,3145.5,89,6,3145.6,19,1
2031,2026-06-16 09:17:13+05:30,3144.9,35,3149.72,147770,87509.0,111801.0,3163.0,3163.0,3138.7,3134.3,31523400,3447.7,2820.9,3839.9,2896.0,3144.6,86,5,3144.1,91,2,3144.0,216,2,3143.8,22,2,3143.7,27,1,3144.9,8,1,3145.0,208,5,3145.2,10,1,3145.5,89,6,3145.6,19,1
2031,2026-06-16 09:17:14+05:30,3145.7,36,3149.72,147770,87509.0,111801.0,3163.0,3163.0,3138.7,3134.3,31523400,3447.7,2820.9,3839.9,2896.0,3144.6,86,5,3144.1,91,2,3144.0,216,2,3143.8,22,2,3143.7,27,1,3144.9,8,1,3145.0,208,5,3145.2,10,1,3145.5,89,6,3145.6,19,1
2031,2026-06-16 09:17:14+05:30,3145.0,1,3149.7,148309,87614.0,111818.0,3163.0,3163.0,3138.7,3134.3,31523400,3447.7,2820.9,3839.9,2896.0,3144.6,127,8,3144.5,32,3,3144.4,9,1,3144.3,67,3,3144.1,190,2,3145.0,14,1,3145.7,22,1,3146.0,890,1,3146.1,114,1,3146.3,17,2
2031,2026-06-16 09:17:14+05:30,3145.0,1,3149.7,148309,87614.0,111818.0,3163.0,3163.0,3138.7,3134.3,31523400,3447.7,2820.9,3839.9,2896.0,3144.6,127,8,3144.5,32,3,3144.4,9,1,3144.3,67,3,3144.1,190,2,3145.0,14,1,3145.7,22,1,3146.0,890,1,3146.1,114,1,3146.3,17,2
2031,2026-06-16 09:17:15+05:30,3142.7,1,3149.7,148309,87614.0,111818.0,3163.0,3163.0,3138.7,3134.3,31523400,3447.7,2820.9,3839.9,2896.0,3144.6,127,8,3144.5,32,3,3144.4,9,1,3144.3,67,3,3144.1,190,2,3145.0,14,1,3145.7,22,1,3146.0,890,1,3146.1,114,1,3146.3,17,2
2031,2026-06-16 09:17:15+05:30,3142.7,1,3149.7,148309,87614.0,111818.0,3163.0,3163.0,3138.7,3134.3,31523400,3447.7,2820.9,3839.9,2896.0,3144.6,127,8,3144.5,32,3,3144.4,9,1,3144.3,67,3,3144.1,190,2,3145.0,14,1,3145.7,22,1,3146.0,890,1,3146.1,114,1,3146.3,17,2
2031,2026-06-16 09:17:15+05:30,3143.5,2,3149.59,150905,82897.0,114330.0,3163.0,3163.0,3138.7,3134.3,31523400,3447.7,2820.9,3839.9,2896.0,3142.7,4,2,3142.6,4,1,3142.5,5,1,3142.3,10,1,3142.1,20,2,3143.5,39,5,3143.6,32,2,3143.7,126,3,3143.8,187,2,3143.9,202,4
2031,2026-06-16 09:17:16+05:30,3142.1,12,3149.59,150905,82897.0,114330.0,3163.0,3163.0,3138.7,3134.3,31523400,3447.7,2820.9,3839.9,2896.0,3142.7,4,2,3142.6,4,1,3142.5,5,1,3142.3,10,1,3142.1,20,2,3143.5,39,5,3143.6,32,2,3143.7,126,3,3143.8,187,2,3143.9,202,4
2031,2026-06-16 09:17:16+05:30,3142.1,12,3149.59,150905,82897.0,114330.0,3163.0,3163.0,3138.7,3134.3,31523400,3447.7,2820.9,3839.9,2896.0,3142.7,4,2,3142.6,4,1,3142.5,5,1,3142.3,10,1,3142.1,20,2,3143.5,39,5,3143.6,32,2,3143.7,126,3,3143.8,187,2,3143.9,202,4
2031,2026-06-16 09:17:16+05:30,3143.1,72,3149.55,151896,83739.0,114623.0,3163.0,3163.0,3138.7,3134.3,31523400,3447.7,2820.9,3839.9,2896.0,3142.1,1,1,3142.0,100,5,3141.9,18,1,3141.8,119,5,3141.7,23,2,3143.5,329,6,3143.6,72,2,3143.7,122,5,3143.8,9,1,3143.9,61,1
2031,2026-06-16 09:17:16+05:30,3143.1,72,3149.55,151896,83739.0,114623.0,3163.0,3163.0,3138.7,3134.3,31523400,3447.7,2820.9,3839.9,2896.0,3142.1,1,1,3142.0,100,5,3141.9,18,1,3141.8,119,5,3141.7,23,2,3143.5,329,6,3143.6,72,2,3143.7,122,5,3143.8,9,1,3143.9,61,1
2031,2026-06-16 09:17:17+05:30,3143.0,13,3149.55,151896,83739.0,114623.0,3163.0,3163.0,3138.7,3134.3,31523400,3447.7,2820.9,3839.9,2896.0,3142.1,1,1,3142.0,100,5,3141.9,18,1,3141.8,119,5,3141.7,23,2,3143.5,329,6,3143.6,72,2,3143.7,122,5,3143.8,9,1,3143.9,61,1
2031,2026-06-16 09:17:17+05:30,3143.0,13,3149.55,151896,83739.0,114623.0,3163.0,3163.0,3138.7,3134.3,31523400,3447.7,2820.9,3839.9,2896.0,3142.1,1,1,3142.0,100,5,3141.9,18,1,3141.8,119,5,3141.7,23,2,3143.5,329,6,3143.6,72,2,3143.7,122,5,3143.8,9,1,3143.9,61,1
2031,2026-06-16 09:17:17+05:30,3142.2,12,3149.5,152971,83636.0,114678.0,3163.0,3163.0,3138.7,3134.3,31523400,3447.7,2820.9,3839.9,2896.0,3141.8,47,3,3141.7,23,2,3141.6,25,1,3141.5,29,2,3141.4,118,2,3143.2,36,4,3143.3,112,5,3143.4,70,2,3143.5,327,6,3143.6,36,2
2031,2026-06-16 09:17:18+05:30,3141.3,30,3149.5,152971,83636.0,114678.0,3163.0,3163.0,3138.7,3134.3,31523400,3447.7,2820.9,3839.9,2896.0,3141.8,47,3,3141.7,23,2,3141.6,25,1,3141.5,29,2,3141.4,118,2,3143.2,36,4,3143.3,112,5,3143.4,70,2,3143.5,327,6,3143.6,36,2
2031,2026-06-16 09:17:18+05:30,3141.3,30,3149.5,152971,83636.0,114678.0,3163.0,3163.0,3138.7,3134.3,31523400,3447.7,2820.9,3839.9,2896.0,3141.8,47,3,3141.7,23,2,3141.6,25,1,3141.5,29,2,3141.4,118,2,3143.2,36,4,3143.3,112,5,3143.4,70,2,3143.5,327,6,3143.6,36,2
2031,2026-06-16 09:17:19+05:30,3141.1,24,3149.47,153758,83256.0,114686.0,3163.0,3163.0,3138.7,3134.3,31523400,3447.7,2820.9,3839.9,2896.0,3141.1,137,5,3141.0,173,4,3140.9,22,1,3140.8,138,2,3140.7,11,1,3142.9,13,1,3143.0,60,5,3143.1,103,3,3143.2,66,3,3143.4,82,2
2031,2026-06-16 09:17:19+05:30,3141.1,24,3149.47,153758,83256.0,114686.0,3163.0,3163.0,3138.7,3134.3,31523400,3447.7,2820.9,3839.9,2896.0,3141.1,137,5,3141.0,173,4,3140.9,22,1,3140.8,138,2,3140.7,11,1,3142.9,13,1,3143.0,60,5,3143.1,103,3,3143.2,66,3,3143.4,82,2
2031,2026-06-16 09:17:19+05:30,3141.1,24,3149.47,153758,83256.0,114686.0,3163.0,3163.0,3138.7,3134.3,31523400,3447.7,2820.9,3839.9,2896.0,3141.1,137,5,3141.0,173,4,3140.9,22,1,3140.8,138,2,3140.7,11,1,3142.9,13,1,3143.0,60,5,3143.1,103,3,3143.2,66,3,3143.4,82,2
2031,2026-06-16 09:17:20+05:30,3141.8,12,3149.46,153885,82316.0,116295.0,3163.0,3163.0,3138.7,3134.3,31523400,3447.7,2820.9,3839.9,2896.0,3141.8,3,1,3141.7,1,1,3141.6,2,1,3141.5,6,1,3141.4,3,1,3142.0,232,1,3142.5,41,3,3142.6,22,1,3142.8,11,1,3142.9,19,3
2031,2026-06-16 09:17:20+05:30,3141.8,12,3149.46,153885,82316.0,116295.0,3163.0,3163.0,3138.7,3134.3,31523400,3447.7,2820.9,3839.9,2896.0,3141.8,3,1,3141.7,1,1,3141.6,2,1,3141.5,6,1,3141.4,3,1,3142.0,232,1,3142.5,41,3,3142.6,22,1,3142.8,11,1,3142.9,19,3
2031,2026-06-16 09:17:21+05:30,3142.0,10,3149.46,153885,82316.0,116295.0,3163.0,3163.0,3138.7,3134.3,31523400,3447.7,2820.9,3839.9,2896.0,3141.8,3,1,3141.7,1,1,3141.6,2,1,3141.5,6,1,3141.4,3,1,3142.0,232,1,3142.5,41,3,3142.6,22,1,3142.8,11,1,3142.9,19,3
2031,2026-06-16 09:17:21+05:30,3142.0,25,3149.46,153982,82681.0,116556.0,3163.0,3163.0,3138.7,3134.3,31523400,3447.7,2820.9,3839.9,2896.0,3141.9,5,1,3141.8,3,1,3141.7,1,1,3141.6,2,1,3141.5,6,1,3142.0,192,4,3142.3,22,1,3142.5,41,3,3142.6,12,1,3142.7,17,1
2031,2026-06-16 09:17:21+05:30,3142.0,25,3149.46,153982,82681.0,116556.0,3163.0,3163.0,3138.7,3134.3,31583400,3447.7,2820.9,3839.9,2896.0,3141.9,5,1,3141.8,3,1,3141.7,1,1,3141.6,2,1,3141.5,6,1,3142.0,192,4,3142.3,22,1,3142.5,41,3,3142.6,12,1,3142.7,17,1
2031,2026-06-16 09:17:22+05:30,3142.0,2,3149.46,153982,82681.0,116556.0,3163.0,3163.0,3138.7,3134.3,31583400,3447.7,2820.9,3839.9,2896.0,3141.9,5,1,3141.8,3,1,3141.7,1,1,3141.6,2,1,3141.5,6,1,3142.0,192,4,3142.3,22,1,3142.5,41,3,3142.6,12,1,3142.7,17,1
2031,2026-06-16 09:17:22+05:30,3142.0,2,3149.45,154090,82903.0,115817.0,3163.0,3163.0,3138.7,3134.3,31583400,3447.7,2820.9,3839.9,2896.0,3141.9,64,2,3141.8,3,1,3141.7,1,1,3141.6,2,1,3141.5,6,1,3142.0,124,4,3142.2,26,2,3142.5,41,3,3142.6,25,2,3142.7,32,2
2031,2026-06-16 09:17:23+05:30,3141.9,12,3149.45,154090,82903.0,115817.0,3163.0,3163.0,3138.7,3134.3,31583400,3447.7,2820.9,3839.9,2896.0,3141.9,64,2,3141.8,3,1,3141.7,1,1,3141.6,2,1,3141.5,6,1,3142.0,124,4,3142.2,26,2,3142.5,41,3,3142.6,25,2,3142.7,32,2
2031,2026-06-16 09:17:23+05:30,3142.0,5,3149.43,154505,83470.0,116313.0,3163.0,3163.0,3138.7,3134.3,31583400,3447.7,2820.9,3839.9,2896.0,3141.9,17,1,3141.8,14,3,3141.7,1,1,3141.6,2,1,3141.5,34,2,3142.0,39,2,3142.2,26,2,3142.5,13,1,3142.6,34,2,3142.7,32,2
2031,2026-06-16 09:17:24+05:30,3141.9,48,3149.43,154505,83470.0,116313.0,3163.0,3163.0,3138.7,3134.3,31583400,3447.7,2820.9,3839.9,2896.0,3141.9,17,1,3141.8,14,3,3141.7,1,1,3141.6,2,1,3141.5,34,2,3142.0,39,2,3142.2,26,2,3142.5,13,1,3142.6,34,2,3142.7,32,2
2031,2026-06-16 09:17:24+05:30,3141.9,48,3149.42,154681,83406.0,116103.0,3163.0,3163.0,3138.7,3134.3,31583400,3447.7,2820.9,3839.9,2896.0,3141.8,40,4,3141.7,1,1,3141.6,2,1,3141.5,6,1,3141.4,3,1,3142.0,101,2,3142.5,19,2,3142.7,11,1,3142.8,35,2,3142.9,55,5
2031,2026-06-16 09:17:25+05:30,3142.0,1,3149.42,154681,83406.0,116103.0,3163.0,3163.0,3138.7,3134.3,31583400,3447.7,2820.9,3839.9,2896.0,3141.8,40,4,3141.7,1,1,3141.6,2,1,3141.5,6,1,3141.4,3,1,3142.0,101,2,3142.5,19,2,3142.7,11,1,3142.8,35,2,3142.9,55,5
2031,2026-06-16 09:17:25+05:30,3142.6,1,3149.39,155470,83491.0,115775.0,3163.0,3163.0,3138.7,3134.3,31583400,3447.7,2820.9,3839.9,2896.0,3141.8,6,2,3141.7,1,1,3141.6,2,1,3141.5,6,1,3141.4,3,1,3142.0,28,1,3142.5,4,1,3142.6,6,1,3142.7,60,3,3142.8,33,2
2031,2026-06-16 09:17:26+05:30,3142.7,50,3149.39,155470,83491.0,115775.0,3163.0,3163.0,3138.7,3134.3,31583400,3447.7,2820.9,3839.9,2896.0,3141.8,6,2,3141.7,1,1,3141.6,2,1,3141.5,6,1,3141.4,3,1,3142.0,28,1,3142.5,4,1,3142.6,6,1,3142.7,60,3,3142.8,33,2
2031,2026-06-16 09:17:26+05:30,3141.8,1,3149.36,156011,83440.0,116124.0,3163.0,3163.0,3138.7,3134.3,31583400,3447.7,2820.9,3839.9,2896.0,3141.8,43,4,3141.7,1,1,3141.6,2,1,3141.5,6,1,3141.4,3,1,3142.0,9,1,3142.5,4,1,3142.7,4,1,3142.8,13,1,3143.0,87,3
2031,2026-06-16 09:17:27+05:30,3141.8,9,3149.36,156011,83440.0,116124.0,3163.0,3163.0,3138.7,3134.3,31583400,3447.7,2820.9,3839.9,2896.0,3141.8,43,4,3141.7,1,1,3141.6,2,1,3141.5,6,1,3141.4,3,1,3142.0,9,1,3142.5,4,1,3142.7,4,1,3142.8,13,1,3143.0,87,3
2031,2026-06-16 09:17:27+05:30,3141.8,2,3149.34,156378,83465.0,115931.0,3163.0,3163.0,3138.7,3134.3,31583400,3447.7,2820.9,3839.9,2896.0,3140.5,1,1,3140.3,15,1,3140.2,11,1,3140.1,135,2,3140.0,499,14,3141.4,200,1,3141.5,17,2,3141.9,21,1,3142.0,40,2,3142.2,100,3
2031,2026-06-16 09:17:28+05:30,3141.0,40,3149.34,156378,83465.0,115931.0,3163.0,3163.0,3138.7,3134.3,31583400,3447.7,2820.9,3839.9,2896.0,3140.5,1,1,3140.3,15,1,3140.2,11,1,3140.1,135,2,3140.0,499,14,3141.4,200,1,3141.5,17,2,3141.9,21,1,3142.0,40,2,3142.2,100,3
2031,2026-06-16 09:17:28+05:30,3141.0,2,3149.29,157452,81326.0,117762.0,3163.0,3163.0,3138.7,3134.3,31583400,3447.7,2820.9,3839.9,2896.0,3140.5,1,1,3140.3,15,1,3140.2,11,1,3140.1,135,2,3140.0,499,14,3141.4,200,1,3141.5,17,2,3141.9,21,1,3142.0,40,2,3142.2,100,3
2031,2026-06-16 09:17:29+05:30,3140.1,12,3149.29,157452,81326.0,117762.0,3163.0,3163.0,3138.7,3134.3,31583400,3447.7,2820.9,3839.9,2896.0,3140.5,1,1,3140.3,15,1,3140.2,11,1,3140.1,135,2,3140.0,499,14,3141.4,200,1,3141.5,17,2,3141.9,21,1,3142.0,40,2,3142.2,100,3
2031,2026-06-16 09:17:29+05:30,3141.4,10,3149.27,157855,80709.0,118053.0,3163.0,3163.0,3138.7,3134.3,31583400,3447.7,2820.9,3839.9,2896.0,3140.9,51,1,3140.0,379,11,3139.4,80,2,3139.3,33,1,3139.1,107,2,3141.4,278,4,3141.5,11,1,3141.6,29,2,3141.7,15,1,3141.8,12,1
2031,2026-06-16 09:17:30+05:30,3140.0,5,3149.27,157855,80709.0,118053.0,3163.0,3163.0,3138.7,3134.3,31583400,3447.7,2820.9,3839.9,2896.0,3140.9,51,1,3140.0,379,11,3139.4,80,2,3139.3,33,1,3139.1,107,2,3141.4,278,4,3141.5,11,1,3141.6,29,2,3141.7,15,1,3141.8,12,1
2031,2026-06-16 09:17:30+05:30,3140.9,1,3149.26,157920,80903.0,119133.0,3163.0,3163.0,3138.7,3134.3,31583400,3447.7,2820.9,3839.9,2896.0,3140.0,400,13,3139.4,26,1,3139.0,10,1,3138.9,200,1,3138.8,166,2,3140.9,16,3,3141.0,37,4,3141.1,20,2,3141.2,79,3,3141.3,212,3
2031,2026-06-16 09:17:31+05:30,3140.9,1,3149.26,157920,80903.0,119133.0,3163.0,3163.0,3138.7,3134.3,31583400,3447.7,2820.9,3839.9,2896.0,3140.0,400,13,3139.4,26,1,3139.0,10,1,3138.9,200,1,3138.8,166,2,3140.9,16,3,3141.0,37,4,3141.1,20,2,3141.2,79,3,3141.3,212,3
2031,2026-06-16 09:17:32+05:30,3140.9,125,3149.25,158127,81156.0,118879.0,3163.0,3163.0,3138.7,3134.3,31583400,3447.7,2820.9,3839.9,2896.0,3140.0,468,15,3139.4,16,1,3139.0,55,2,3138.9,211,2,3138.8,142,2,3140.9,154,4,3141.0,5,2,3141.1,42,2,3141.2,29,2,3141.3,93,4
2031,2026-06-16 09:17:32+05:30,3140.0,5,3149.25,158127,81156.0,118879.0,3163.0,3163.0,3138.7,3134.3,31583400,3447.7,2820.9,3839.9,2896.0,3140.0,468,15,3139.4,16,1,3139.0,55,2,3138.9,211,2,3138.8,142,2,3140.9,154,4,3141.0,5,2,3141.1,42,2,3141.2,29,2,3141.3,93,4
2031,2026-06-16 09:17:33+05:30,3140.9,10,3149.25,158127,81156.0,118879.0,3163.0,3163.0,3138.7,3134.3,31583400,3447.7,2820.9,3839.9,2896.0,3140.0,468,15,3139.4,16,1,3139.0,55,2,3138.9,211,2,3138.8,142,2,3140.9,154,4,3141.0,5,2,3141.1,42,2,3141.2,29,2,3141.3,93,4
2031,2026-06-16 09:17:33+05:30,3140.9,10,3149.22,158695,81540.0,118681.0,3163.0,3163.0,3138.7,3134.3,31583400,3447.7,2820.9,3839.9,2896.0,3140.0,425,14,3139.4,92,3,3139.1,125,2,3139.0,55,2,3138.9,285,2,3140.9,71,1,3141.0,48,4,3141.1,46,3,3141.2,6,1,3141.3,51,4
2031,2026-06-16 09:17:34+05:30,3140.9,34,3149.22,158695,81540.0,118681.0,3163.0,3163.0,3138.7,3134.3,31583400,3447.7,2820.9,3839.9,2896.0,3140.0,425,14,3139.4,92,3,3139.1,125,2,3139.0,55,2,3138.9,285,2,3140.9,71,1,3141.0,48,4,3141.1,46,3,3141.2,6,1,3141.3,51,4
2031,2026-06-16 09:17:34+05:30,3140.9,23,3149.21,158862,81625.0,118460.0,3163.0,3163.0,3138.7,3134.3,31583400,3447.7,2820.9,3839.9,2896.0,3140.4,66,2,3140.0,425,14,3139.5,25,1,3139.4,124,3,3139.3,14,1,3141.3,1,1,3141.4,246,3,3141.5,22,1,3141.6,34,2,3141.7,7,1
2031,2026-06-16 09:17:35+05:30,3141.4,5,3149.21,158862,81625.0,118460.0,3163.0,3163.0,3138.7,3134.3,31583400,3447.7,2820.9,3839.9,2896.0,3140.4,66,2,3140.0,425,14,3139.5,25,1,3139.4,124,3,3139.3,14,1,3141.3,1,1,3141.4,246,3,3141.5,22,1,3141.6,34,2,3141.7,7,1
2031,2026-06-16 09:17:35+05:30,3141.4,5,3149.2,159062,81520.0,118108.0,3163.0,3163.0,3138.7,3134.3,31583400,3447.7,2820.9,3839.9,2896.0,3140.9,25,1,3140.8,72,1,3140.4,66,2,3140.2,27,1,3140.0,415,14,3141.4,102,5,3141.5,11,1,3141.6,13,1,3141.7,17,1,3141.8,73,3
2031,2026-06-16 09:17:36+05:30,3141.3,1,3149.2,159062,81520.0,118108.0,3163.0,3163.0,3138.7,3134.3,31583400,3447.7,2820.9,3839.9,2896.0,3140.9,25,1,3140.8,72,1,3140.4,66,2,3140.2,27,1,3140.0,415,14,3141.4,102,5,3141.5,11,1,3141.6,13,1,3141.7,17,1,3141.8,73,3
2031,2026-06-16 09:17:36+05:30,3141.3,15,3149.18,159461,81386.0,119075.0,3163.0,3163.0,3138.7,3134.3,31583400,3447.7,2820.9,3839.9,2896.0,3140.4,93,3,3140.0,416,15,3139.3,214,2,3139.2,25,1,3139.1,15,2,3141.3,115,2,3141.4,144,7,3141.5,21,1,3141.6,33,2,3141.7,17,1
2031,2026-06-16 09:17:37+05:30,3140.4,24,3149.18,159461,81386.0,119075.0,3163.0,3163.0,3138.7,3134.3,31583400,3447.7,2820.9,3839.9,2896.0,3140.4,93,3,3140.0,416,15,3139.3,214,2,3139.2,25,1,3139.1,15,2,3141.3,115,2,3141.4,144,7,3141.5,21,1,3141.6,33,2,3141.7,17,1
2031,2026-06-16 09:17:37+05:30,3140.4,8,3149.18,159536,81759.0,118776.0,3163.0,3163.0,3138.7,3134.3,31583400,3447.7,2820.9,3839.9,2896.0,3140.4,22,2,3140.0,516,16,3139.4,11,1,3139.3,14,1,3139.2,125,2,3141.3,59,3,3141.4,131,6,3141.5,54,3,3141.6,110,4,3141.7,17,1
2031,2026-06-16 09:17:38+05:30,3141.4,6,3149.18,159536,81759.0,118776.0,3163.0,3163.0,3138.7,3134.3,31583400,3447.7,2820.9,3839.9,2896.0,3140.4,22,2,3140.0,516,16,3139.4,11,1,3139.3,14,1,3139.2,125,2,3141.3,59,3,3141.4,131,6,3141.5,54,3,3141.6,110,4,3141.7,17,1
2031,2026-06-16 09:17:38+05:30,3140.9,1,3149.17,159735,82027.0,118931.0,3163.0,3163.0,3138.7,3134.3,31583400,3447.7,2820.9,3839.9,2896.0,3140.5,85,1,3140.4,149,5,3140.2,41,2,3140.1,93,4,3140.0,501,15,3140.9,1,1,3141.3,1,1,3141.4,120,4,3142.0,63,2,3142.2,21,1
2031,2026-06-16 09:17:39+05:30,3140.8,40,3149.17,159735,82027.0,118931.0,3163.0,3163.0,3138.7,3134.3,31583400,3447.7,2820.9,3839.9,2896.0,3140.5,85,1,3140.4,149,5,3140.2,41,2,3140.1,93,4,3140.0,501,15,3140.9,1,1,3141.3,1,1,3141.4,120,4,3142.0,63,2,3142.2,21,1
2031,2026-06-16 09:17:39+05:30,3140.9,1,3149.16,159825,82336.0,118813.0,3163.0,3163.0,3138.7,3134.3,31583400,3447.7,2820.9,3839.9,2896.0,3140.9,28,1,3140.7,20,2,3140.6,130,3,3140.5,12,1,3140.4,156,6,3141.4,91,3,3142.0,63,2,3142.3,25,1,3142.5,67,5,3142.6,188,3
2031,2026-06-16 09:17:40+05:30,3141.3,50,3149.16,159825,82336.0,118813.0,3163.0,3163.0,3138.7,3134.3,31583400,3447.7,2820.9,3839.9,2896.0,3140.9,28,1,3140.7,20,2,3140.6,130,3,3140.5,12,1,3140.4,156,6,3141.4,91,3,3142.0,63,2,3142.3,25,1,3142.5,67,5,3142.6,188,3
2031,2026-06-16 09:17:40+05:30,3141.0,12,3149.16,159935,81668.0,119095.0,3163.0,3163.0,3138.7,3134.3,31583400,3447.7,2820.9,3839.9,2896.0,3141.0,17,1,3140.9,2,2,3140.7,8,1,3140.4,60,2,3140.0,587,17,3141.3,33,1,3141.4,120,4,3141.5,22,1,3141.6,11,1,3141.7,40,3
2031,2026-06-16 09:17:41+05:30,3141.0,12,3149.16,159935,81668.0,119095.0,3163.0,3163.0,3138.7,3134.3,31583400,3447.7,2820.9,3839.9,2896.0,3141.0,17,1,3140.9,2,2,3140.7,8,1,3140.4,60,2,3140.0,587,17,3141.3,33,1,3141.4,120,4,3141.5,22,1,3141.6,11,1,3141.7,40,3
2031,2026-06-16 09:17:41+05:30,3141.3,3,3149.14,160318,81739.0,119380.0,3163.0,3163.0,3138.7,3134.3,31583400,3447.7,2820.9,3839.9,2896.0,3140.7,8,1,3140.4,103,4,3140.0,432,15,3139.6,140,2,3139.5,139,2,3141.4,112,5,3141.9,72,4,3142.0,11,1,3142.1,63,1,3142.2,38,2
2031,2026-06-16 09:17:42+05:30,3141.4,1,3149.14,160318,81739.0,119380.0,3163.0,3163.0,3138.7,3134.3,31583400,3447.7,2820.9,3839.9,2896.0,3140.7,8,1,3140.4,103,4,3140.0,432,15,3139.6,140,2,3139.5,139,2,3141.4,112,5,3141.9,72,4,3142.0,11,1,3142.1,63,1,3142.2,38,2
2031,2026-06-16 09:17:42+05:30,3141.4,16,3149.13,160427,82307.0,117882.0,3163.0,3163.0,3138.7,3134.3,31583400,3447.7,2820.9,3839.9,2896.0,3140.8,85,1,3140.7,109,4,3140.5,30,2,3140.4,152,5,3140.3,18,1,3141.4,54,3,3142.5,30,3,3142.6,116,1,3142.7,4,1,3142.8,216,5
2031,2026-06-16 09:17:43+05:30,3141.4,1,3149.13,160427,82307.0,117882.0,3163.0,3163.0,3138.7,3134.3,31583400,3447.7,2820.9,3839.9,2896.0,3140.8,85,1,3140.7,109,4,3140.5,30,2,3140.4,152,5,3140.3,18,1,3141.4,54,3,3142.5,30,3,3142.6,116,1,3142.7,4,1,3142.8,216,5
2031,2026-06-16 09:17:43+05:30,3141.5,30,3149.12,160681,83863.0,116965.0,3163.0,3163.0,3138.7,3134.3,31583400,3447.7,2820.9,3839.9,2896.0,3141.7,32,2,3141.6,14,1,3141.5,23,2,3141.4,67,3,3141.3,52,2,3143.2,70,4,3143.3,18,1,3143.4,85,2,3143.5,83,2,3143.6,181,2
2031,2026-06-16 09:17:44+05:30,3141.7,90,3149.12,160681,83863.0,116965.0,3163.0,3163.0,3138.7,3134.3,31583400,3447.7,2820.9,3839.9,2896.0,3141.7,32,2,3141.6,14,1,3141.5,23,2,3141.4,67,3,3141.3,52,2,3143.2,70,4,3143.3,18,1,3143.4,85,2,3143.5,83,2,3143.6,181,2
2031,2026-06-16 09:17:45+05:30,3144.1,15,3149.11,161049,85053.0,115265.0,3163.0,3163.0,3138.7,3134.3,31583400,3447.7,2820.9,3839.9,2896.0,3143.3,1,1,3142.4,93,3,3142.3,121,3,3142.2,63,1,3142.1,113,3,3144.0,12,1,3144.2,169,2,3144.3,200,1,3144.4,88,3,3144.5,35,1
2031,2026-06-16 09:17:45+05:30,3144.1,15,3149.11,161049,85053.0,115265.0,3163.0,3163.0,3138.7,3134.3,31583400,3447.7,2820.9,3839.9,2896.0,3143.3,1,1,3142.4,93,3,3142.3,121,3,3142.2,63,1,3142.1,113,3,3144.0,12,1,3144.2,169,2,3144.3,200,1,3144.4,88,3,3144.5,35,1
2031,2026-06-16 09:17:46+05:30,3143.6,33,3149.11,161049,85053.0,115265.0,3163.0,3163.0,3138.7,3134.3,31583400,3447.7,2820.9,3839.9,2896.0,3143.3,1,1,3142.4,93,3,3142.3,121,3,3142.2,63,1,3142.1,113,3,3144.0,12,1,3144.2,169,2,3144.3,200,1,3144.4,88,3,3144.5,35,1
2031,2026-06-16 09:17:46+05:30,3143.6,33,3149.1,161334,86057.0,114828.0,3163.0,3163.0,3138.7,3134.3,31583400,3447.7,2820.9,3839.9,2896.0,3143.7,18,5,3143.5,11,1,3143.4,46,2,3143.2,27,1,3143.1,124,4,3144.0,43,1,3144.2,69,1,3144.3,19,1,3145.0,90,6,3145.1,22,1
2031,2026-06-16 09:17:47+05:30,3144.2,4,3149.1,161334,86057.0,114828.0,3163.0,3163.0,3138.7,3134.3,31583400,3447.7,2820.9,3839.9,2896.0,3143.7,18,5,3143.5,11,1,3143.4,46,2,3143.2,27,1,3143.1,124,4,3144.0,43,1,3144.2,69,1,3144.3,19,1,3145.0,90,6,3145.1,22,1
2031,2026-06-16 09:17:47+05:30,3144.2,4,3149.1,161420,85561.0,115190.0,3163.0,3163.0,3138.7,3134.3,31583400,3447.7,2820.9,3839.9,2896.0,3143.7,17,4,3143.4,133,3,3143.3,33,2,3143.2,27,1,3143.1,87,2,3144.2,65,1,3144.3,19,1,3145.0,62,5,3145.2,181,1,3145.3,112,1
2031,2026-06-16 09:17:48+05:30,3143.7,92,3149.1,161420,85561.0,115190.0,3163.0,3163.0,3138.7,3134.3,31583400,3447.7,2820.9,3839.9,2896.0,3143.7,17,4,3143.4,133,3,3143.3,33,2,3143.2,27,1,3143.1,87,2,3144.2,65,1,3144.3,19,1,3145.0,62,5,3145.2,181,1,3145.3,112,1
2031,2026-06-16 09:17:48+05:30,3143.8,1,3149.09,161670,86192.0,116395.0,3163.0,3163.0,3138.7,3134.3,31583400,3447.7,2820.9,3839.9,2896.0,3143.6,29,2,3143.0,12,1,3142.5,124,2,3142.3,146,2,3142.2,25,1,3144.0,27,2,3144.1,67,2,3144.2,92,2,3144.3,69,2,3144.5,21,1
2031,2026-06-16 09:17:49+05:30,3143.6,10,3149.09,161670,86192.0,116395.0,3163.0,3163.0,3138.7,3134.3,31583400,3447.7,2820.9,3839.9,2896.0,3143.6,29,2,3143.0,12,1,3142.5,124,2,3142.3,146,2,3142.2,25,1,3144.0,27,2,3144.1,67,2,3144.2,92,2,3144.3,69,2,3144.5,21,1
2031,2026-06-16 09:17:49+05:30,3144.0,9,3149.08,161837,81022.0,111620.0,3163.0,3163.0,3138.7,3134.3,31583400,3447.7,2820.9,3839.9,2896.0,3142.7,25,1,3142.4,30,2,3142.2,27,2,3142.1,3,1,3142.0,87,3,3144.0,98,4,3144.1,92,3,3144.2,92,2,3144.3,19,1,3144.4,68,2
2031,2026-06-16 09:17:50+05:30,3144.0,24,3149.08,161837,81022.0,111620.0,3163.0,3163.0,3138.7,3134.3,31583400,3447.7,2820.9,3839.9,2896.0,3142.7,25,1,3142.4,30,2,3142.2,27,2,3142.1,3,1,3142.0,87,3,3144.0,98,4,3144.1,92,3,3144.2,92,2,3144.3,19,1,3144.4,68,2
2031,2026-06-16 09:17:50+05:30,3144.0,15,3149.08,161966,83229.0,111538.0,3163.0,3163.0,3138.7,3134.3,31583400,3447.7,2820.9,3839.9,2896.0,3142.8,59,2,3142.7,39,2,3142.6,50,1,3142.4,105,2,3142.3,34,1,3144.0,51,4,3144.1,92,3,3144.2,65,1,3144.3,30,1,3144.4,14,1
2031,2026-06-16 09:17:51+05:30,3143.9,1,3149.08,161966,83229.0,111538.0,3163.0,3163.0,3138.7,3134.3,31583400,3447.7,2820.9,3839.9,2896.0,3142.8,59,2,3142.7,39,2,3142.6,50,1,3142.4,105,2,3142.3,34,1,3144.0,51,4,3144.1,92,3,3144.2,65,1,3144.3,30,1,3144.4,14,1
2031,2026-06-16 09:17:51+05:30,3144.0,3,3149.08,161990,83901.0,111379.0,3163.0,3163.0,3138.7,3134.3,31583400,3447.7,2820.9,3839.9,2896.0,3143.3,30,1,3142.9,37,3,3142.8,150,4,3142.7,110,3,3142.6,50,1,3144.0,107,7,3144.1,92,3,3144.2,65,1,3144.4,14,1,3144.8,423,2
2031,2026-06-16 09:17:52+05:30,3144.0,27,3149.08,161990,83901.0,111379.0,3163.0,3163.0,3138.7,3134.3,31583400,3447.7,2820.9,3839.9,2896.0,3143.3,30,1,3142.9,37,3,3142.8,150,4,3142.7,110,3,3142.6,50,1,3144.0,107,7,3144.1,92,3,3144.2,65,1,3144.4,14,1,3144.8,423,2
2031,2026-06-16 09:17:52+05:30,3144.0,13,3149.07,162110,84670.0,111246.0,3163.0,3163.0,3138.7,3134.3,31583400,3447.7,2820.9,3839.9,2896.0,3143.6,30,1,3143.3,63,4,3143.2,136,2,3143.1,114,1,3142.9,100,3,3144.0,96,3,3144.1,92,3,3144.2,65,1,3144.4,14,1,3145.0,65,6
2031,2026-06-16 09:17:53+05:30,3144.0,13,3149.07,162110,84670.0,111246.0,3163.0,3163.0,3138.7,3134.3,31583400,3447.7,2820.9,3839.9,2896.0,3143.6,30,1,3143.3,63,4,3143.2,136,2,3143.1,114,1,3142.9,100,3,3144.0,96,3,3144.1,92,3,3144.2,65,1,3144.4,14,1,3145.0,65,6
2031,2026-06-16 09:17:53+05:30,3144.1,200,3149.06,162628,84766.0,109739.0,3163.0,3163.0,3138.7,3134.3,31583400,3447.7,2820.9,3839.9,2896.0,3144.0,1,1,3143.8,63,2,3143.7,14,1,3143.6,135,4,3143.4,89,3,3145.0,75,7,3145.3,63,1,3145.4,20,1,3145.5,59,3,3145.6,93,4
2031,2026-06-16 09:17:54+05:30,3144.1,200,3149.06,162628,84766.0,109739.0,3163.0,3163.0,3138.7,3134.3,31583400,3447.7,2820.9,3839.9,2896.0,3144.0,1,1,3143.8,63,2,3143.7,14,1,3143.6,135,4,3143.4,89,3,3145.0,75,7,3145.3,63,1,3145.4,20,1,3145.5,59,3,3145.6,93,4
2031,2026-06-16 09:17:55+05:30,3144.2,2,3149.06,162672,85159.0,110044.0,3163.0,3163.0,3138.7,3134.3,31583400,3447.7,2820.9,3839.9,2896.0,3144.2,10,1,3144.1,214,4,3144.0,140,5,3143.9,1,1,3143.8,153,4,3145.0,109,7,3145.6,27,1,3145.7,234,4,3145.9,213,2,3146.0,957,3
2031,2026-06-16 09:17:55+05:30,3144.2,2,3149.06,162672,85159.0,110044.0,3163.0,3163.0,3138.7,3134.3,31583400,3447.7,2820.9,3839.9,2896.0,3144.2,10,1,3144.1,214,4,3144.0,140,5,3143.9,1,1,3143.8,153,4,3145.0,109,7,3145.6,27,1,3145.7,234,4,3145.9,213,2,3146.0,957,3
2031,2026-06-16 09:17:56+05:30,3144.6,28,3149.06,162672,85159.0,110044.0,3163.0,3163.0,3138.7,3134.3,31583400,3447.7,2820.9,3839.9,2896.0,3144.2,10,1,3144.1,214,4,3144.0,140,5,3143.9,1,1,3143.8,153,4,3145.0,109,7,3145.6,27,1,3145.7,234,4,3145.9,213,2,3146.0,957,3
2031,2026-06-16 09:17:56+05:30,3144.6,28,3149.05,162700,85369.0,110416.0,3163.0,3163.0,3138.7,3134.3,31583400,3447.7,2820.9,3839.9,2896.0,3144.6,28,1,3144.2,45,2,3144.0,120,5,3143.9,1,1,3143.8,136,3,3144.9,59,1,3145.0,211,11,3145.1,10,1,3145.3,24,2,3145.4,42,2
2031,2026-06-16 09:17:57+05:30,3144.2,1,3149.05,162700,85369.0,110416.0,3163.0,3163.0,3138.7,3134.3,31583400,3447.7,2820.9,3839.9,2896.0,3144.6,28,1,3144.2,45,2,3144.0,120,5,3143.9,1,1,3143.8,136,3,3144.9,59,1,3145.0,211,11,3145.1,10,1,3145.3,24,2,3145.4,42,2
2031,2026-06-16 09:17:57+05:30,3144.7,5,3149.05,163031,83648.0,111168.0,3163.0,3163.0,3138.7,3134.3,31583400,3447.7,2820.9,3839.9,2896.0,3144.0,107,3,3143.8,41,2,3142.9,16,2,3142.6,18,2,3142.5,30,2,3144.7,42,5,3144.8,28,2,3144.9,86,3,3145.0,251,10,3145.1,10,1
2031,2026-06-16 09:17:58+05:30,3144.7,1,3149.05,163031,83648.0,111168.0,3163.0,3163.0,3138.7,3134.3,31583400,3447.7,2820.9,3839.9,2896.0,3144.0,107,3,3143.8,41,2,3142.9,16,2,3142.6,18,2,3142.5,30,2,3144.7,42,5,3144.8,28,2,3144.9,86,3,3145.0,251,10,3145.1,10,1
2031,2026-06-16 09:17:58+05:30,3144.0,8,3149.04,163155,84428.0,111111.0,3163.0,3163.0,3138.7,3134.3,31583400,3447.7,2820.9,3839.9,2896.0,3144.0,99,3,3143.8,41,2,3142.9,11,1,3142.8,252,3,3142.7,2,1,3144.7,99,4,3144.8,31,2,3144.9,49,3,3145.0,218,10,3145.1,64,2
2031,2026-06-16 09:17:59+05:30,3144.6,1,3149.04,163155,84428.0,111111.0,3163.0,3163.0,3138.7,3134.3,31583400,3447.7,2820.9,3839.9,2896.0,3144.0,99,3,3143.8,41,2,3142.9,11,1,3142.8,252,3,3142.7,2,1,3144.7,99,4,3144.8,31,2,3144.9,49,3,3145.0,218,10,3145.1,64,2
2031,2026-06-16 09:17:59+05:30,3143.8,16,3149.02,163845,83136.0,112405.0,3163.0,3163.0,3138.7,3134.3,31583400,3447.7,2820.9,3839.9,2896.0,3143.8,16,1,3142.6,18,2,3142.1,3,1,3142.0,31,2,3141.9,90,2,3143.9,15,3,3144.0,6,1,3144.2,28,2,3144.3,124,5,3144.4,86,3
2031,2026-06-16 09:18:00+05:30,3144.0,21,3149.02,163845,83136.0,112405.0,3163.0,3163.0,3138.7,3134.3,31583400,3447.7,2820.9,3839.9,2896.0,3143.8,16,1,3142.6,18,2,3142.1,3,1,3142.0,31,2,3141.9,90,2,3143.9,15,3,3144.0,6,1,3144.2,28,2,3144.3,124,5,3144.4,86,3
2031,2026-06-16 09:18:00+05:30,3143.9,1,3149.0,164570,83423.0,112766.0,3163.0,3163.0,3138.7,3134.3,31583400,3447.7,2820.9,3839.9,2896.0,3143.9,2,2,3143.8,1,1,3142.7,37,3,3142.6,112,3,3142.3,138,2,3144.2,8,1,3144.3,10,1,3144.4,64,3,3144.5,11,1,3144.6,31,3
2031,2026-06-16 09:18:01+05:30,3144.0,56,3149.0,164570,83423.0,112766.0,3163.0,3163.0,3138.7,3134.3,31583400,3447.7,2820.9,3839.9,2896.0,3143.9,2,2,3143.8,1,1,3142.7,37,3,3142.6,112,3,3142.3,138,2,3144.2,8,1,3144.3,10,1,3144.4,64,3,3144.5,11,1,3144.6,31,3
2031,2026-06-16 09:18:01+05:30,3142.6,7,3148.98,165111,83757.0,112151.0,3163.0,3163.0,3138.7,3134.3,31583400,3447.7,2820.9,3839.9,2896.0,3143.0,36,2,3142.9,33,2,3142.8,29,2,3142.7,85,1,3142.6,33,3,3144.2,22,1,3144.3,14,1,3144.4,29,1,3144.6,31,3,3144.7,6,1
2031,2026-06-16 09:18:02+05:30,3142.7,12,3148.98,165111,83757.0,112151.0,3163.0,3163.0,3138.7,3134.3,31583400,3447.7,2820.9,3839.9,2896.0,3143.0,36,2,3142.9,33,2,3142.8,29,2,3142.7,85,1,3142.6,33,3,3144.2,22,1,3144.3,14,1,3144.4,29,1,3144.6,31,3,3144.7,6,1
2031,2026-06-16 09:18:02+05:30,3144.6,23,3148.96,165783,84819.0,111636.0,3163.0,3163.0,3138.7,3134.3,31583400,3447.7,2820.9,3839.9,2896.0,3144.3,31,1,3143.9,60,2,3143.2,73,2,3143.1,65,2,3143.0,90,2,3144.6,9,1,3144.7,206,2,3145.0,139,8,3145.2,200,1,3145.4,22,1
2031,2026-06-16 09:18:03+05:30,3144.2,16,3148.96,165783,84819.0,111636.0,3163.0,3163.0,3138.7,3134.3,31583400,3447.7,2820.9,3839.9,2896.0,3144.3,31,1,3143.9,60,2,3143.2,73,2,3143.1,65,2,3143.0,90,2,3144.6,9,1,3144.7,206,2,3145.0,139,8,3145.2,200,1,3145.4,22,1
2031,2026-06-16 09:18:03+05:30,3143.9,114,3148.94,166404,84399.0,111439.0,3163.0,3163.0,3138.7,3134.3,31583400,3447.7,2820.9,3839.9,2896.0,3143.5,55,5,3143.4,72,3,3143.3,33,2,3143.2,165,2,3143.1,25,1,3144.6,149,2,3144.7,109,3,3145.0,139,8,3145.2,219,2,3145.3,32,1
2031,2026-06-16 09:18:04+05:30,3144.4,6,3148.94,166404,84399.0,111439.0,3163.0,3163.0,3138.7,3134.3,31583400,3447.7,2820.9,3839.9,2896.0,3143.5,55,5,3143.4,72,3,3143.3,33,2,3143.2,165,2,3143.1,25,1,3144.6,149,2,3144.7,109,3,3145.0,139,8,3145.2,219,2,3145.3,32,1
2031,2026-06-16 09:18:04+05:30,3144.0,1,3148.94,166567,84516.0,110836.0,3163.0,3163.0,3138.7,3134.3,31583400,3447.7,2820.9,3839.9,2896.0,3144.0,47,4,3143.9,25,2,3143.8,42,2,3143.7,75,4,3143.6,5,1,3144.3,21,1,3144.4,32,1,3144.5,55,1,3144.6,149,2,3144.7,109,3
2031,2026-06-16 09:18:05+05:30,3144.0,19,3148.94,166567,84516.0,110836.0,3163.0,3163.0,3138.7,3134.3,31583400,3447.7,2820.9,3839.9,2896.0,3144.0,47,4,3143.9,25,2,3143.8,42,2,3143.7,75,4,3143.6,5,1,3144.3,21,1,3144.4,32,1,3144.5,55,1,3144.6,149,2,3144.7,109,3
2031,2026-06-16 09:18:05+05:30,3144.0,19,3148.94,166567,84516.0,110836.0,3163.0,3163.0,3138.7,3134.3,31583400,3447.7,2820.9,3839.9,2896.0,3144.0,47,4,3143.9,25,2,3143.8,42,2,3143.7,75,4,3143.6,5,1,3144.3,21,1,3144.4,32,1,3144.5,55,1,3144.6,149,2,3144.7,109,3
2031,2026-06-16 09:18:05+05:30,3144.2,6,3148.94,166609,84676.0,110617.0,3163.0,3163.0,3138.7,3134.3,31583400,3447.7,2820.9,3839.9,2896.0,3144.0,87,4,3143.9,65,4,3143.8,37,2,3143.7,53,3,3143.5,42,3,3144.2,8,1,3144.3,271,3,3144.4,32,1,3144.5,55,1,3144.6,149,2
2031,2026-06-16 09:18:06+05:30,3144.2,6,3148.94,166609,84676.0,110617.0,3163.0,3163.0,3138.7,3134.3,31583400,3447.7,2820.9,3839.9,2896.0,3144.0,87,4,3143.9,65,4,3143.8,37,2,3143.7,53,3,3143.5,42,3,3144.2,8,1,3144.3,271,3,3144.4,32,1,3144.5,55,1,3144.6,149,2
2031,2026-06-16 09:18:07+05:30,3144.5,4,3148.89,168482,84707.0,111550.0,3163.0,3163.0,3138.7,3134.3,31583400,3447.7,2820.9,3839.9,2896.0,3143.1,104,3,3143.0,48,1,3142.9,10,1,3142.8,32,2,3142.7,234,2,3144.2,1,1,3144.5,16,1,3144.7,36,2,3145.0,15,1,3145.2,22,1
2031,2026-06-16 09:18:07+05:30,3144.5,4,3148.89,168482,84707.0,111550.0,3163.0,3163.0,3138.7,3134.3,31583400,3447.7,2820.9,3839.9,2896.0,3143.1,104,3,3143.0,48,1,3142.9,10,1,3142.8,32,2,3142.7,234,2,3144.2,1,1,3144.5,16,1,3144.7,36,2,3145.0,15,1,3145.2,22,1
2031,2026-06-16 09:18:07+05:30,3143.1,38,3148.89,168482,84707.0,111550.0,3163.0,3163.0,3138.7,3134.3,31583400,3447.7,2820.9,3839.9,2896.0,3143.1,104,3,3143.0,48,1,3142.9,10,1,3142.8,32,2,3142.7,234,2,3144.2,1,1,3144.5,16,1,3144.7,36,2,3145.0,15,1,3145.2,22,1
2031,2026-06-16 09:18:08+05:30,3143.1,2,3148.89,168482,84707.0,111550.0,3163.0,3163.0,3138.7,3134.3,31583400,3447.7,2820.9,3839.9,2896.0,3143.1,104,3,3143.0,48,1,3142.9,10,1,3142.8,32,2,3142.7,234,2,3144.2,1,1,3144.5,16,1,3144.7,36,2,3145.0,15,1,3145.2,22,1
2031,2026-06-16 09:18:08+05:30,3143.1,2,3148.89,168550,84083.0,112059.0,3163.0,3163.0,3138.7,3134.3,31583400,3447.7,2820.9,3839.9,2896.0,3143.1,8,1,3142.7,66,4,3142.6,161,8,3142.5,57,3,3142.3,200,1,3143.8,183,1,3144.2,2,2,3144.7,16,1,3144.8,85,1,3144.9,29,1
2031,2026-06-16 09:18:08+05:30,3143.1,2,3148.89,168550,84083.0,112059.0,3163.0,3163.0,3138.7,3134.3,31583400,3447.7,2820.9,3839.9,2896.0,3143.1,8,1,3142.7,66,4,3142.6,161,8,3142.5,57,3,3142.3,200,1,3143.8,183,1,3144.2,2,2,3144.7,16,1,3144.8,85,1,3144.9,29,1
2031,2026-06-16 09:18:09+05:30,3144.1,25,3148.89,168550,84083.0,112059.0,3163.0,3163.0,3138.7,3134.3,31583400,3447.7,2820.9,3839.9,2896.0,3143.1,8,1,3142.7,66,4,3142.6,161,8,3142.5,57,3,3142.3,200,1,3143.8,183,1,3144.2,2,2,3144.7,16,1,3144.8,85,1,3144.9,29,1
2031,2026-06-16 09:18:09+05:30,3144.1,25,3148.87,168983,85043.0,111991.0,3163.0,3163.0,3138.7,3134.3,31583400,3447.7,2820.9,3839.9,2896.0,3143.5,44,1,3143.4,100,4,3143.3,16,1,3143.2,17,1,3143.1,54,4,3144.1,4,1,3144.2,1,1,3145.0,15,1,3145.5,14,1,3145.6,182,2
2031,2026-06-16 09:18:10+05:30,3144.1,25,3148.87,168983,85043.0,111991.0,3163.0,3163.0,3138.7,3134.3,31583400,3447.7,2820.9,3839.9,2896.0,3143.5,44,1,3143.4,100,4,3143.3,16,1,3143.2,17,1,3143.1,54,4,3144.1,4,1,3144.2,1,1,3145.0,15,1,3145.5,14,1,3145.6,182,2
2031,2026-06-16 09:18:10+05:30,3144.1,1,3148.87,168983,85043.0,111991.0,3163.0,3163.0,3138.7,3134.3,31583400,3447.7,2820.9,3839.9,2896.0,3143.5,44,1,3143.4,100,4,3143.3,16,1,3143.2,17,1,3143.1,54,4,3144.1,4,1,3144.2,1,1,3145.0,15,1,3145.5,14,1,3145.6,182,2
2031,2026-06-16 09:18:10+05:30,3144.1,1,3148.87,169056,84938.0,112030.0,3163.0,3163.0,3138.7,3134.3,31583400,3447.7,2820.9,3839.9,2896.0,3143.9,12,1,3143.5,27,2,3143.2,16,1,3143.1,85,5,3143.0,25,1,3144.1,43,3,3144.2,31,2,3144.4,7,1,3144.9,85,1,3145.0,15,1
2031,2026-06-16 09:18:11+05:30,3144.1,1,3148.87,169056,84938.0,112030.0,3163.0,3163.0,3138.7,3134.3,31583400,3447.7,2820.9,3839.9,2896.0,3143.9,12,1,3143.5,27,2,3143.2,16,1,3143.1,85,5,3143.0,25,1,3144.1,43,3,3144.2,31,2,3144.4,7,1,3144.9,85,1,3145.0,15,1
2031,2026-06-16 09:18:11+05:30,3144.1,1,3148.87,169113,85275.0,112268.0,3163.0,3163.0,3138.7,3134.3,31583400,3447.7,2820.9,3839.9,2896.0,3144.0,1,1,3143.9,59,3,3143.5,15,2,3143.4,89,2,3143.2,44,1,3144.1,97,4,3144.2,31,2,3144.4,7,1,3145.0,15,1,3145.2,85,1
2031,2026-06-16 09:18:11+05:30,3144.1,1,3148.87,169113,85275.0,112268.0,3163.0,3163.0,3138.7,3134.3,31583400,3447.7,2820.9,3839.9,2896.0,3144.0,1,1,3143.9,59,3,3143.5,15,2,3143.4,89,2,3143.2,44,1,3144.1,97,4,3144.2,31,2,3144.4,7,1,3145.0,15,1,3145.2,85,1
2031,2026-06-16 09:18:12+05:30,3144.1,3,3148.87,169113,85275.0,112268.0,3163.0,3163.0,3138.7,3134.3,31583400,3447.7,2820.9,3839.9,2896.0,3144.0,1,1,3143.9,59,3,3143.5,15,2,3143.4,89,2,3143.2,44,1,3144.1,97,4,3144.2,31,2,3144.4,7,1,3145.0,15,1,3145.2,85,1
2031,2026-06-16 09:18:12+05:30,3144.2,6,3148.86,169251,85376.0,112059.0,3163.0,3163.0,3138.7,3134.3,31583400,3447.7,2820.9,3839.9,2896.0,3144.1,8,1,3144.0,1,1,3143.9,59,3,3143.5,15,2,3143.2,200,1,3144.2,25,2,3144.4,7,1,3144.7,21,1,3144.8,22,1,3145.0,34,2
2031,2026-06-16 09:18:13+05:30,3144.2,6,3148.86,169251,85376.0,112059.0,3163.0,3163.0,3138.7,3134.3,31583400,3447.7,2820.9,3839.9,2896.0,3144.1,8,1,3144.0,1,1,3143.9,59,3,3143.5,15,2,3143.2,200,1,3144.2,25,2,3144.4,7,1,3144.7,21,1,3144.8,22,1,3145.0,34,2
2031,2026-06-16 09:18:13+05:30,3144.1,1,3148.86,169251,85376.0,112059.0,3163.0,3163.0,3138.7,3134.3,31583400,3447.7,2820.9,3839.9,2896.0,3144.1,8,1,3144.0,1,1,3143.9,59,3,3143.5,15,2,3143.2,200,1,3144.2,25,2,3144.4,7,1,3144.7,21,1,3144.8,22,1,3145.0,34,2
2031,2026-06-16 09:18:13+05:30,3144.1,20,3148.85,169763,84057.0,112840.0,3163.0,3163.0,3138.7,3134.3,31583400,3447.7,2820.9,3839.9,2896.0,3143.5,15,2,3143.3,16,1,3143.1,1,1,3142.6,18,3,3142.3,78,2,3144.1,14,3,3144.2,79,4,3144.4,29,2,3144.5,85,1,3144.6,19,1
2031,2026-06-16 09:18:14+05:30,3144.1,10,3148.85,169763,84057.0,112840.0,3163.0,3163.0,3138.7,3134.3,31583400,3447.7,2820.9,3839.9,2896.0,3143.5,15,2,3143.3,16,1,3143.1,1,1,3142.6,18,3,3142.3,78,2,3144.1,14,3,3144.2,79,4,3144.4,29,2,3144.5,85,1,3144.6,19,1
2031,2026-06-16 09:18:14+05:30,3144.1,10,3148.85,169763,84057.0,112840.0,3163.0,3163.0,3138.7,3134.3,31583400,3447.7,2820.9,3839.9,2896.0,3143.5,15,2,3143.3,16,1,3143.1,1,1,3142.6,18,3,3142.3,78,2,3144.1,14,3,3144.2,79,4,3144.4,29,2,3144.5,85,1,3144.6,19,1
2031,2026-06-16 09:18:14+05:30,3144.1,30,3148.84,169967,84576.0,112723.0,3163.0,3163.0,3138.7,3134.3,31583400,3447.7,2820.9,3839.9,2896.0,3143.5,17,2,3143.3,16,1,3143.1,7,2,3142.6,11,2,3142.5,168,3,3144.0,23,2,3144.1,123,4,3144.2,84,4,3144.4,142,3,3144.5,35,1
2031,2026-06-16 09:18:15+05:30,3144.1,30,3148.84,169967,84576.0,112723.0,3163.0,3163.0,3138.7,3134.3,31583400,3447.7,2820.9,3839.9,2896.0,3143.5,17,2,3143.3,16,1,3143.1,7,2,3142.6,11,2,3142.5,168,3,3144.0,23,2,3144.1,123,4,3144.2,84,4,3144.4,142,3,3144.5,35,1
2031,2026-06-16 09:18:15+05:30,3143.5,1,3148.84,169967,84576.0,112723.0,3163.0,3163.0,3138.7,3134.3,31583400,3447.7,2820.9,3839.9,2896.0,3143.5,17,2,3143.3,16,1,3143.1,7,2,3142.6,11,2,3142.5,168,3,3144.0,23,2,3144.1,123,4,3144.2,84,4,3144.4,142,3,3144.5,35,1
2031,2026-06-16 09:18:15+05:30,3143.5,1,3148.84,169967,84576.0,112723.0,3163.0,3163.0,3138.7,3134.3,31583400,3447.7,2820.9,3839.9,2896.0,3143.5,17,2,3143.3,16,1,3143.1,7,2,3142.6,11,2,3142.5,168,3,3144.0,23,2,3144.1,123,4,3144.2,84,4,3144.4,142,3,3144.5,35,1
2031,2026-06-16 09:18:15+05:30,3143.1,7,3148.83,170335,84285.0,113125.0,3163.0,3163.0,3138.7,3134.3,31583400,3447.7,2820.9,3839.9,2896.0,3143.1,1,1,3142.6,31,3,3142.5,7,1,3142.4,63,1,3142.3,80,1,3144.0,32,3,3144.1,99,3,3144.2,62,3,3144.3,66,2,3144.4,92,2
2031,2026-06-16 09:18:16+05:30,3143.1,7,3148.83,170335,84285.0,113125.0,3163.0,3163.0,3138.7,3134.3,31583400,3447.7,2820.9,3839.9,2896.0,3143.1,1,1,3142.6,31,3,3142.5,7,1,3142.4,63,1,3142.3,80,1,3144.0,32,3,3144.1,99,3,3144.2,62,3,3144.3,66,2,3144.4,92,2
2031,2026-06-16 09:18:16+05:30,3144.0,1,3148.83,170335,84285.0,113125.0,3163.0,3163.0,3138.7,3134.3,31583400,3447.7,2820.9,3839.9,2896.0,3143.1,1,1,3142.6,31,3,3142.5,7,1,3142.4,63,1,3142.3,80,1,3144.0,32,3,3144.1,99,3,3144.2,62,3,3144.3,66,2,3144.4,92,2
2031,2026-06-16 09:18:16+05:30,3144.0,1,3148.83,170335,84285.0,113125.0,3163.0,3163.0,3138.7,3134.3,31583400,3447.7,2820.9,3839.9,2896.0,3143.1,1,1,3142.6,31,3,3142.5,7,1,3142.4,63,1,3142.3,80,1,3144.0,32,3,3144.1,99,3,3144.2,62,3,3144.3,66,2,3144.4,92,2
2031,2026-06-16 09:18:16+05:30,3142.6,7,3148.83,170407,84186.0,113721.0,3163.0,3163.0,3138.7,3134.3,31583400,3447.7,2820.9,3839.9,2896.0,3143.1,37,1,3142.6,26,4,3142.5,26,2,3142.4,10,1,3142.3,103,2,3144.0,158,3,3144.1,184,4,3144.2,62,3,3144.3,136,4,3144.4,7,1
2031,2026-06-16 09:18:17+05:30,3142.6,7,3148.83,170407,84186.0,113721.0,3163.0,3163.0,3138.7,3134.3,31583400,3447.7,2820.9,3839.9,2896.0,3143.1,37,1,3142.6,26,4,3142.5,26,2,3142.4,10,1,3142.3,103,2,3144.0,158,3,3144.1,184,4,3144.2,62,3,3144.3,136,4,3144.4,7,1
2031,2026-06-16 09:18:17+05:30,3142.6,7,3148.83,170407,84186.0,113721.0,3163.0,3163.0,3138.7,3134.3,31583400,3447.7,2820.9,3839.9,2896.0,3143.1,37,1,3142.6,26,4,3142.5,26,2,3142.4,10,1,3142.3,103,2,3144.0,158,3,3144.1,184,4,3144.2,62,3,3144.3,136,4,3144.4,7,1
2031,2026-06-16 09:18:17+05:30,3143.7,3,3148.83,170423,84385.0,113851.0,3163.0,3163.0,3138.7,3134.3,31583400,3447.7,2820.9,3839.9,2896.0,3143.1,83,5,3143.0,29,1,3142.6,26,4,3142.5,20,1,3142.4,39,1,3143.7,15,1,3143.9,58,1,3144.0,206,5,3144.1,93,2,3144.2,174,4
2031,2026-06-16 09:18:18+05:30,3143.9,1,3148.83,170423,84385.0,113851.0,3163.0,3163.0,3138.7,3134.3,31583400,3447.7,2820.9,3839.9,2896.0,3143.1,83,5,3143.0,29,1,3142.6,26,4,3142.5,20,1,3142.4,39,1,3143.7,15,1,3143.9,58,1,3144.0,206,5,3144.1,93,2,3144.2,174,4
2031,2026-06-16 09:18:18+05:30,3143.9,1,3148.83,170423,84385.0,113851.0,3163.0,3163.0,3138.7,3134.3,31583400,3447.7,2820.9,3839.9,2896.0,3143.1,83,5,3143.0,29,1,3142.6,26,4,3142.5,20,1,3142.4,39,1,3143.7,15,1,3143.9,58,1,3144.0,206,5,3144.1,93,2,3144.2,174,4
2031,2026-06-16 09:18:19+05:30,3143.7,31,3148.83,170423,84385.0,113851.0,3163.0,3163.0,3138.7,3134.3,31583400,3447.7,2820.9,3839.9,2896.0,3143.1,83,5,3143.0,29,1,3142.6,26,4,3142.5,20,1,3142.4,39,1,3143.7,15,1,3143.9,58,1,3144.0,206,5,3144.1,93,2,3144.2,174,4
2031,2026-06-16 09:18:19+05:30,3143.7,31,3148.83,170504,84456.0,113893.0,3163.0,3163.0,3138.7,3134.3,31583400,3447.7,2820.9,3839.9,2896.0,3143.1,83,5,3143.0,29,1,3142.6,26,4,3142.5,64,2,3142.4,39,1,3143.7,126,1,3143.9,52,1,3144.0,212,4,3144.1,93,2,3144.2,170,5
2031,2026-06-16 09:18:19+05:30,3143.7,31,3148.83,170504,84456.0,113893.0,3163.0,3163.0,3138.7,3134.3,31583400,3447.7,2820.9,3839.9,2896.0,3143.1,83,5,3143.0,29,1,3142.6,26,4,3142.5,64,2,3142.4,39,1,3143.7,126,1,3143.9,52,1,3144.0,212,4,3144.1,93,2,3144.2,170,5
2031,2026-06-16 09:18:20+05:30,3143.1,2,3148.83,170504,84456.0,113893.0,3163.0,3163.0,3138.7,3134.3,31583400,3447.7,2820.9,3839.9,2896.0,3143.1,83,5,3143.0,29,1,3142.6,26,4,3142.5,64,2,3142.4,39,1,3143.7,126,1,3143.9,52,1,3144.0,212,4,3144.1,93,2,3144.2,170,5
2031,2026-06-16 09:18:20+05:30,3143.7,1,3148.82,170594,84286.0,113453.0,3163.0,3163.0,3138.7,3134.3,31583400,3447.7,2820.9,3839.9,2896.0,3143.1,29,4,3143.0,29,1,3142.6,26,4,3142.5,20,1,3142.4,39,1,3143.7,141,5,3143.9,73,3,3144.0,338,8,3144.1,76,1,3144.2,64,3
2031,2026-06-16 09:18:20+05:30,3143.7,1,3148.82,170594,84286.0,113453.0,3163.0,3163.0,3138.7,3134.3,31583400,3447.7,2820.9,3839.9,2896.0,3143.1,29,4,3143.0,29,1,3142.6,26,4,3142.5,20,1,3142.4,39,1,3143.7,141,5,3143.9,73,3,3144.0,338,8,3144.1,76,1,3144.2,64,3
2031,2026-06-16 09:18:21+05:30,3143.2,12,3148.82,170594,84286.0,113453.0,3163.0,3163.0,3138.7,3134.3,31583400,3447.7,2820.9,3839.9,2896.0,3143.1,29,4,3143.0,29,1,3142.6,26,4,3142.5,20,1,3142.4,39,1,3143.7,141,5,3143.9,73,3,3144.0,338,8,3144.1,76,1,3144.2,64,3
2031,2026-06-16 09:18:21+05:30,3143.2,12,3148.82,170594,84286.0,113453.0,3163.0,3163.0,3138.7,3134.3,31583400,3447.7,2820.9,3839.9,2896.0,3143.1,29,4,3143.0,29,1,3142.6,26,4,3142.5,20,1,3142.4,39,1,3143.7,141,5,3143.9,73,3,3144.0,338,8,3144.1,76,1,3144.2,64,3
2031,2026-06-16 09:18:21+05:30,3143.2,12,3148.81,170959,83604.0,114333.0,3163.0,3163.0,3138.7,3134.3,31583400,3447.7,2820.9,3839.9,2896.0,3143.2,3,1,3143.1,22,3,3143.0,29,1,3142.6,6,3,3142.3,80,1,3143.5,47,1,3143.9,42,4,3144.0,177,6,3144.1,361,3,3144.2,126,5
2031,2026-06-16 09:18:22+05:30,3143.2,12,3148.81,170959,83604.0,114333.0,3163.0,3163.0,3138.7,3134.3,31603200,3447.7,2820.9,3839.9,2896.0,3143.2,3,1,3143.1,22,3,3143.0,29,1,3142.6,6,3,3142.3,80,1,3143.5,47,1,3143.9,42,4,3144.0,177,6,3144.1,361,3,3144.2,126,5
2031,2026-06-16 09:18:22+05:30,3143.5,30,3148.81,170959,83604.0,114333.0,3163.0,3163.0,3138.7,3134.3,31603200,3447.7,2820.9,3839.9,2896.0,3143.2,3,1,3143.1,22,3,3143.0,29,1,3142.6,6,3,3142.3,80,1,3143.5,47,1,3143.9,42,4,3144.0,177,6,3144.1,361,3,3144.2,126,5
2031,2026-06-16 09:18:22+05:30,3143.9,36,3148.81,171082,83947.0,114026.0,3163.0,3163.0,3138.7,3134.3,31603200,3447.7,2820.9,3839.9,2896.0,3143.3,24,1,3143.2,2,1,3143.1,43,5,3142.7,10,1,3142.6,6,3,3144.0,78,3,3144.1,276,2,3144.2,128,3,3144.3,81,2,3144.4,410,3
2031,2026-06-16 09:18:23+05:30,3143.3,12,3148.81,171082,83947.0,114026.0,3163.0,3163.0,3138.7,3134.3,31603200,3447.7,2820.9,3839.9,2896.0,3143.3,24,1,3143.2,2,1,3143.1,43,5,3142.7,10,1,3142.6,6,3,3144.0,78,3,3144.1,276,2,3144.2,128,3,3144.3,81,2,3144.4,410,3
2031,2026-06-16 09:18:23+05:30,3143.9,3,3148.81,171102,83736.0,114565.0,3163.0,3163.0,3138.7,3134.3,31603200,3447.7,2820.9,3839.9,2896.0,3143.3,13,2,3143.2,2,1,3143.1,43,5,3142.6,6,3,3142.3,80,1,3143.9,25,1,3144.0,103,4,3144.1,409,5,3144.2,92,3,3144.3,97,2
2031,2026-06-16 09:18:24+05:30,3144.0,1,3148.81,171102,83736.0,114565.0,3163.0,3163.0,3138.7,3134.3,31603200,3447.7,2820.9,3839.9,2896.0,3143.3,13,2,3143.2,2,1,3143.1,43,5,3142.6,6,3,3142.3,80,1,3143.9,25,1,3144.0,103,4,3144.1,409,5,3144.2,92,3,3144.3,97,2
2031,2026-06-16 09:18:24+05:30,3144.1,7,3148.76,173120,85308.0,113287.0,3163.0,3163.0,3138.7,3134.3,31603200,3447.7,2820.9,3839.9,2896.0,3143.7,10,1,3143.6,34,2,3143.4,58,2,3143.3,82,5,3143.2,22,2,3144.1,38,2,3144.3,32,1,3144.4,6,1,3144.5,8,1,3144.6,6,1
2031,2026-06-16 09:18:25+05:30,3143.7,2,3148.76,173120,85308.0,113287.0,3163.0,3163.0,3138.7,3134.3,31603200,3447.7,2820.9,3839.9,2896.0,3143.7,10,1,3143.6,34,2,3143.4,58,2,3143.3,82,5,3143.2,22,2,3144.1,38,2,3144.3,32,1,3144.4,6,1,3144.5,8,1,3144.6,6,1
2031,2026-06-16 09:18:25+05:30,3144.3,76,3148.74,173726,85119.0,112947.0,3163.0,3163.0,3138.7,3134.3,31603200,3447.7,2820.9,3839.9,2896.0,3143.8,44,5,3143.6,27,3,3143.5,42,1,3143.4,76,6,3143.3,56,3,3144.3,32,1,3144.4,6,1,3144.5,8,1,3144.6,6,1,3144.7,6,1
2031,2026-06-16 09:18:26+05:30,3143.5,8,3148.74,173726,85119.0,112947.0,3163.0,3163.0,3138.7,3134.3,31603200,3447.7,2820.9,3839.9,2896.0,3143.8,44,5,3143.6,27,3,3143.5,42,1,3143.4,76,6,3143.3,56,3,3144.3,32,1,3144.4,6,1,3144.5,8,1,3144.6,6,1,3144.7,6,1
2031,2026-06-16 09:18:26+05:30,3143.4,2,3148.73,174006,84781.0,113382.0,3163.0,3163.0,3138.7,3134.3,31603200,3447.7,2820.9,3839.9,2896.0,3143.4,14,2,3143.3,87,4,3143.2,5,1,3143.1,13,3,3143.0,50,2,3143.9,90,1,3144.2,200,1,3144.3,64,2,3144.6,9,1,3144.7,25,1
2031,2026-06-16 09:18:27+05:30,3143.3,17,3148.73,174006,84781.0,113382.0,3163.0,3163.0,3138.7,3134.3,31603200,3447.7,2820.9,3839.9,2896.0,3143.4,14,2,3143.3,87,4,3143.2,5,1,3143.1,13,3,3143.0,50,2,3143.9,90,1,3144.2,200,1,3144.3,64,2,3144.6,9,1,3144.7,25,1
2031,2026-06-16 09:18:27+05:30,3143.3,27,3148.72,174286,84814.0,114092.0,3163.0,3163.0,3138.7,3134.3,31603200,3447.7,2820.9,3839.9,2896.0,3143.3,102,2,3143.2,5,1,3143.1,38,5,3143.0,12,1,3142.9,69,2,3143.9,160,2,3144.0,24,1,3144.1,200,1,3144.2,40,2,3144.3,63,1
2031,2026-06-16 09:18:28+05:30,3143.3,5,3148.72,174286,84814.0,114092.0,3163.0,3163.0,3138.7,3134.3,31603200,3447.7,2820.9,3839.9,2896.0,3143.3,102,2,3143.2,5,1,3143.1,38,5,3143.0,12,1,3142.9,69,2,3143.9,160,2,3144.0,24,1,3144.1,200,1,3144.2,40,2,3144.3,63,1
2031,2026-06-16 09:18:29+05:30,3143.9,7,3148.72,174500,85267.0,114220.0,3163.0,3163.0,3138.7,3134.3,31603200,3447.7,2820.9,3839.9,2896.0,3143.3,112,3,3143.2,5,1,3143.1,46,3,3143.0,53,4,3142.9,27,1,3143.9,21,2,3144.0,24,1,3144.1,219,2,3144.2,21,1,3144.3,63,1
2031,2026-06-16 09:18:29+05:30,3143.9,3,3148.72,174500,85267.0,114220.0,3163.0,3163.0,3138.7,3134.3,31603200,3447.7,2820.9,3839.9,2896.0,3143.3,112,3,3143.2,5,1,3143.1,46,3,3143.0,53,4,3142.9,27,1,3143.9,21,2,3144.0,24,1,3144.1,219,2,3144.2,21,1,3144.3,63,1
2031,2026-06-16 09:18:30+05:30,3143.5,1,3148.72,174500,85267.0,114220.0,3163.0,3163.0,3138.7,3134.3,31603200,3447.7,2820.9,3839.9,2896.0,3143.3,112,3,3143.2,5,1,3143.1,46,3,3143.0,53,4,3142.9,27,1,3143.9,21,2,3144.0,24,1,3144.1,219,2,3144.2,21,1,3144.3,63,1
2031,2026-06-16 09:18:30+05:30,3143.5,1,3148.71,174899,84280.0,114534.0,3163.0,3163.0,3138.7,3134.3,31603200,3447.7,2820.9,3839.9,2896.0,3143.3,97,2,3143.2,5,1,3143.1,18,3,3143.0,18,2,3142.6,6,3,3143.5,200,2,3143.7,14,1,3143.8,31,2,3143.9,48,2,3144.0,80,5
2031,2026-06-16 09:18:31+05:30,3143.5,1,3148.71,174899,84280.0,114534.0,3163.0,3163.0,3138.7,3134.3,31603200,3447.7,2820.9,3839.9,2896.0,3143.3,97,2,3143.2,5,1,3143.1,18,3,3143.0,18,2,3142.6,6,3,3143.5,200,2,3143.7,14,1,3143.8,31,2,3143.9,48,2,3144.0,80,5
2031,2026-06-16 09:18:31+05:30,3143.5,1,3148.7,175077,84537.0,114388.0,3163.0,3163.0,3138.7,3134.3,31603200,3447.7,2820.9,3839.9,2896.0,3143.4,2,2,3143.3,136,7,3143.2,5,1,3143.1,4,2,3143.0,18,2,3143.5,133,3,3143.9,37,1,3144.0,51,4,3144.1,289,2,3144.2,36,2
2031,2026-06-16 09:18:32+05:30,3143.4,2,3148.7,175077,84537.0,114388.0,3163.0,3163.0,3138.7,3134.3,31603200,3447.7,2820.9,3839.9,2896.0,3143.4,2,2,3143.3,136,7,3143.2,5,1,3143.1,4,2,3143.0,18,2,3143.5,133,3,3143.9,37,1,3144.0,51,4,3144.1,289,2,3144.2,36,2
2031,2026-06-16 09:18:32+05:30,3143.4,10,3148.7,175257,84328.0,114841.0,3163.0,3163.0,3138.7,3134.3,31603200,3447.7,2820.9,3839.9,2896.0,3143.3,107,7,3143.2,5,1,3143.1,17,3,3143.0,18,2,3142.6,6,3,3143.4,175,1,3143.5,192,4,3143.9,37,1,3144.0,68,3,3144.1,49,2
2031,2026-06-16 09:18:33+05:30,3143.3,8,3148.7,175257,84328.0,114841.0,3163.0,3163.0,3138.7,3134.3,31603200,3447.7,2820.9,3839.9,2896.0,3143.3,107,7,3143.2,5,1,3143.1,17,3,3143.0,18,2,3142.6,6,3,3143.4,175,1,3143.5,192,4,3143.9,37,1,3144.0,68,3,3144.1,49,2
2031,2026-06-16 09:18:33+05:30,3143.4,19,3148.68,175772,83762.0,115321.0,3163.0,3163.0,3138.7,3134.3,31603200,3447.7,2820.9,3839.9,2896.0,3143.2,5,1,3143.1,4,2,3143.0,18,2,3142.6,6,3,3142.3,80,1,3143.4,215,7,3143.5,172,4,3143.6,8,1,3143.7,51,3,3143.9,37,1
2031,2026-06-16 09:18:34+05:30,3143.2,5,3148.68,175772,83762.0,115321.0,3163.0,3163.0,3138.7,3134.3,31603200,3447.7,2820.9,3839.9,2896.0,3143.2,5,1,3143.1,4,2,3143.0,18,2,3142.6,6,3,3142.3,80,1,3143.4,215,7,3143.5,172,4,3143.6,8,1,3143.7,51,3,3143.9,37,1
2031,2026-06-16 09:18:34+05:30,3143.2,57,3148.68,175845,84410.0,115964.0,3163.0,3163.0,3138.7,3134.3,31603200,3447.7,2820.9,3839.9,2896.0,3143.1,4,2,3143.0,23,3,3142.8,11,1,3142.6,6,3,3142.3,80,1,3143.2,4,1,3143.3,14,1,3143.4,450,7,3143.5,198,4,3143.6,44,1
2031,2026-06-16 09:18:35+05:30,3143.1,2,3148.68,175845,84410.0,115964.0,3163.0,3163.0,3138.7,3134.3,31603200,3447.7,2820.9,3839.9,2896.0,3143.1,4,2,3143.0,23,3,3142.8,11,1,3142.6,6,3,3142.3,80,1,3143.2,4,1,3143.3,14,1,3143.4,450,7,3143.5,198,4,3143.6,44,1
2031,2026-06-16 09:18:35+05:30,3143.0,5,3148.67,175957,84409.0,116110.0,3163.0,3163.0,3138.7,3134.3,31603200,3447.7,2820.9,3839.9,2896.0,3142.8,11,1,3142.6,6,3,3142.5,15,1,3142.3,80,1,3142.0,81,4,3143.1,17,1,3143.2,184,6,3143.3,4,1,3143.4,309,4,3143.5,251,6
2031,2026-06-16 09:18:36+05:30,3142.8,1,3148.67,175957,84409.0,116110.0,3163.0,3163.0,3138.7,3134.3,31603200,3447.7,2820.9,3839.9,2896.0,3142.8,11,1,3142.6,6,3,3142.5,15,1,3142.3,80,1,3142.0,81,4,3143.1,17,1,3143.2,184,6,3143.3,4,1,3143.4,309,4,3143.5,251,6
2031,2026-06-16 09:18:36+05:30,3143.2,1,3148.67,176069,84365.0,116070.0,3163.0,3163.0,3138.7,3134.3,31603200,3447.7,2820.9,3839.9,2896.0,3142.8,9,1,3142.6,6,3,3142.5,15,1,3142.3,80,1,3142.2,5,1,3143.1,204,1,3143.2,237,4,3143.3,57,2,3143.4,251,2,3143.5,592,5
2031,2026-06-16 09:18:37+05:30,3143.0,1,3148.67,176069,84365.0,116070.0,3163.0,3163.0,3138.7,3134.3,31603200,3447.7,2820.9,3839.9,2896.0,3142.8,9,1,3142.6,6,3,3142.5,15,1,3142.3,80,1,3142.2,5,1,3143.1,204,1,3143.2,237,4,3143.3,57,2,3143.4,251,2,3143.5,592,5
2031,2026-06-16 09:18:37+05:30,3142.8,1,3148.67,176082,84459.0,116254.0,3163.0,3163.0,3138.7,3134.3,31603200,3447.7,2820.9,3839.9,2896.0,3142.8,10,2,3142.7,27,1,3142.6,6,3,3142.5,15,1,3142.3,80,1,3143.0,44,1,3143.1,328,6,3143.2,631,4,3143.3,200,1,3143.4,294,4
2031,2026-06-16 09:18:38+05:30,3142.6,9,3148.67,176082,84459.0,116254.0,3163.0,3163.0,3138.7,3134.3,31603200,3447.7,2820.9,3839.9,2896.0,3142.8,10,2,3142.7,27,1,3142.6,6,3,3142.5,15,1,3142.3,80,1,3143.0,44,1,3143.1,328,6,3143.2,631,4,3143.3,200,1,3143.4,294,4
2031,2026-06-16 09:18:38+05:30,3142.7,30,3148.65,176590,82772.0,118359.0,3163.0,3163.0,3138.7,3134.3,31603200,3447.7,2820.9,3839.9,2896.0,3142.5,3,1,3142.3,80,1,3142.2,5,1,3142.0,81,4,3141.7,26,2,3142.7,180,3,3142.8,134,1,3142.9,18,2,3143.0,760,6,3143.1,274,6
2031,2026-06-16 09:18:39+05:30,3142.3,3,3148.65,176590,82772.0,118359.0,3163.0,3163.0,3138.7,3134.3,31603200,3447.7,2820.9,3839.9,2896.0,3142.5,3,1,3142.3,80,1,3142.2,5,1,3142.0,81,4,3141.7,26,2,3142.7,180,3,3142.8,134,1,3142.9,18,2,3143.0,760,6,3143.1,274,6
2031,2026-06-16 09:18:39+05:30,3142.3,3,3148.65,176648,82796.0,118047.0,3163.0,3163.0,3138.7,3134.3,31603200,3447.7,2820.9,3839.9,2896.0,3142.3,77,1,3142.2,5,1,3142.1,15,1,3142.0,81,4,3141.7,26,2,3142.4,170,1,3142.5,58,3,3142.6,19,1,3142.7,177,4,3142.8,443,3
2031,2026-06-16 09:18:40+05:30,3142.3,8,3148.65,176648,82796.0,118047.0,3163.0,3163.0,3138.7,3134.3,31603200,3447.7,2820.9,3839.9,2896.0,3142.3,77,1,3142.2,5,1,3142.1,15,1,3142.0,81,4,3141.7,26,2,3142.4,170,1,3142.5,58,3,3142.6,19,1,3142.7,177,4,3142.8,443,3
2031,2026-06-16 09:18:41+05:30,3142.4,2,3148.65,176727,84203.0,119202.0,3163.0,3163.0,3138.7,3134.3,31603200,3447.7,2820.9,3839.9,2896.0,3142.3,47,2,3142.2,5,1,3142.1,15,1,3142.0,81,4,3141.7,26,2,3142.4,198,3,3142.5,46,2,3142.6,19,1,3142.7,151,2,3142.8,443,3
2031,2026-06-16 09:18:41+05:30,3142.3,24,3148.65,176727,84203.0,119202.0,3163.0,3163.0,3138.7,3134.3,31603200,3447.7,2820.9,3839.9,2896.0,3142.3,47,2,3142.2,5,1,3142.1,15,1,3142.0,81,4,3141.7,26,2,3142.4,198,3,3142.5,46,2,3142.6,19,1,3142.7,151,2,3142.8,443,3
2031,2026-06-16 09:18:42+05:30,3142.3,1,3148.65,176727,84203.0,119202.0,3163.0,3163.0,3138.7,3134.3,31603200,3447.7,2820.9,3839.9,2896.0,3142.3,47,2,3142.2,5,1,3142.1,15,1,3142.0,81,4,3141.7,26,2,3142.4,198,3,3142.5,46,2,3142.6,19,1,3142.7,151,2,3142.8,443,3
2031,2026-06-16 09:18:42+05:30,3142.3,1,3148.64,176905,84166.0,121255.0,3163.0,3163.0,3138.7,3134.3,31603200,3447.7,2820.9,3839.9,2896.0,3142.1,15,1,3142.0,81,4,3141.7,26,2,3141.5,45,2,3141.4,10,2,3142.4,446,6,3142.5,46,2,3142.6,29,2,3142.7,209,3,3142.8,443,3
2031,2026-06-16 09:18:43+05:30,3142.0,5,3148.64,176905,84166.0,121255.0,3163.0,3163.0,3138.7,3134.3,31603200,3447.7,2820.9,3839.9,2896.0,3142.1,15,1,3142.0,81,4,3141.7,26,2,3141.5,45,2,3141.4,10,2,3142.4,446,6,3142.5,46,2,3142.6,29,2,3142.7,209,3,3142.8,443,3
2031,2026-06-16 09:18:43+05:30,3141.1,3,3148.63,177341,83723.0,121274.0,3163.0,3163.0,3138.7,3134.3,31603200,3447.7,2820.9,3839.9,2896.0,3141.1,52,1,3141.0,115,4,3140.9,30,2,3140.5,88,1,3140.4,100,1,3142.0,165,4,3142.1,45,3,3142.2,26,2,3142.3,71,2,3142.4,315,6
2031,2026-06-16 09:18:44+05:30,3141.8,1,3148.63,177341,83723.0,121274.0,3163.0,3163.0,3138.7,3134.3,31603200,3447.7,2820.9,3839.9,2896.0,3141.1,52,1,3141.0,115,4,3140.9,30,2,3140.5,88,1,3140.4,100,1,3142.0,165,4,3142.1,45,3,3142.2,26,2,3142.3,71,2,3142.4,315,6
2031,2026-06-16 09:18:44+05:30,3141.1,12,3148.62,177366,82360.0,122952.0,3163.0,3163.0,3138.7,3134.3,31603200,3447.7,2820.9,3839.9,2896.0,3141.1,91,6,3141.0,115,4,3140.9,30,2,3140.5,88,1,3140.0,1085,29,3141.6,173,5,3141.7,36,3,3141.8,620,4,3141.9,293,6,3142.0,138,5
2031,2026-06-16 09:18:45+05:30,3141.5,2,3148.62,177366,82360.0,122952.0,3163.0,3163.0,3138.7,3134.3,31603200,3447.7,2820.9,3839.9,2896.0,3141.1,91,6,3141.0,115,4,3140.9,30,2,3140.5,88,1,3140.0,1085,29,3141.6,173,5,3141.7,36,3,3141.8,620,4,3141.9,293,6,3142.0,138,5
2031,2026-06-16 09:18:45+05:30,3141.4,1,3148.62,177514,82264.0,123428.0,3163.0,3163.0,3138.7,3134.3,31603200,3447.7,2820.9,3839.9,2896.0,3141.1,16,4,3141.0,115,4,3140.9,30,2,3140.5,88,1,3140.0,1088,30,3141.4,23,4,3141.5,179,4,3141.6,695,7,3141.7,224,3,3141.8,318,4
2031,2026-06-16 09:18:46+05:30,3138.9,12,3148.62,177514,82264.0,123428.0,3163.0,3163.0,3138.7,3134.3,31603200,3447.7,2820.9,3839.9,2896.0,3141.1,16,4,3141.0,115,4,3140.9,30,2,3140.5,88,1,3140.0,1088,30,3141.4,23,4,3141.5,179,4,3141.6,695,7,3141.7,224,3,3141.8,318,4
2031,2026-06-16 09:18:46+05:30,3139.6,1,3148.53,179425,79050.0,125057.0,3163.0,3163.0,3138.7,3134.3,31603200,3447.7,2820.9,3839.9,2896.0,3138.9,11,2,3138.5,1,1,3138.4,60,2,3138.3,7,1,3138.1,73,2,3139.6,238,4,3139.7,26,2,3139.8,2,1,3139.9,13,1,3140.1,113,4
2031,2026-06-16 09:18:47+05:30,3138.8,1,3148.53,179425,79050.0,125057.0,3163.0,3163.0,3138.7,3134.3,31603200,3447.7,2820.9,3839.9,2896.0,3138.9,11,2,3138.5,1,1,3138.4,60,2,3138.3,7,1,3138.1,73,2,3139.6,238,4,3139.7,26,2,3139.8,2,1,3139.9,13,1,3140.1,113,4
2031,2026-06-16 09:18:47+05:30,3139.8,76,3148.48,180236,79517.0,124847.0,3163.0,3163.0,3138.0,3134.3,31603200,3447.7,2820.9,3839.9,2896.0,3138.5,37,2,3138.4,47,3,3138.3,72,3,3138.2,54,1,3138.1,98,3,3140.0,94,1,3140.1,425,2,3140.4,54,1,3140.5,143,1,3140.6,430,3
2031,2026-06-16 09:18:48+05:30,3139.2,64,3148.48,180236,79517.0,124847.0,3163.0,3163.0,3138.0,3134.3,31603200,3447.7,2820.9,3839.9,2896.0,3138.5,37,2,3138.4,47,3,3138.3,72,3,3138.2,54,1,3138.1,98,3,3140.0,94,1,3140.1,425,2,3140.4,54,1,3140.5,143,1,3140.6,430,3
2031,2026-06-16 09:18:48+05:30,3139.3,90,3148.47,180530,79936.0,124882.0,3163.0,3163.0,3138.0,3134.3,31603200,3447.7,2820.9,3839.9,2896.0,3138.1,113,3,3138.0,688,8,3137.9,5,1,3137.7,90,2,3137.5,282,2,3139.3,17,1,3139.5,10,1,3139.6,208,1,3139.7,422,2,3139.9,37,2
2031,2026-06-16 09:18:49+05:30,3138.1,12,3148.47,180530,79936.0,124882.0,3163.0,3163.0,3138.0,3134.3,31603200,3447.7,2820.9,3839.9,2896.0,3138.1,113,3,3138.0,688,8,3137.9,5,1,3137.7,90,2,3137.5,282,2,3139.3,17,1,3139.5,10,1,3139.6,208,1,3139.7,422,2,3139.9,37,2
2031,2026-06-16 09:18:49+05:30,3139.3,4,3148.46,180590,79922.0,125104.0,3163.0,3163.0,3138.0,3134.3,31603200,3447.7,2820.9,3839.9,2896.0,3138.1,54,1,3138.0,577,7,3137.8,84,1,3137.6,42,1,3137.5,82,1,3139.3,38,3,3139.5,209,3,3139.6,208,1,3139.7,600,2,3139.8,113,5
2031,2026-06-16 09:18:50+05:30,3139.3,10,3148.46,180590,79922.0,125104.0,3163.0,3163.0,3138.0,3134.3,31603200,3447.7,2820.9,3839.9,2896.0,3138.1,54,1,3138.0,577,7,3137.8,84,1,3137.6,42,1,3137.5,82,1,3139.3,38,3,3139.5,209,3,3139.6,208,1,3139.7,600,2,3139.8,113,5
2031,2026-06-16 09:18:50+05:30,3138.1,8,3148.46,180621,79456.0,125468.0,3163.0,3163.0,3138.0,3134.3,31603200,3447.7,2820.9,3839.9,2896.0,3138.2,27,1,3138.1,54,2,3138.0,687,7,3137.9,15,1,3137.8,84,1,3138.8,242,1,3139.3,50,5,3139.4,400,1,3139.5,85,1,3139.6,493,3
2031,2026-06-16 09:18:51+05:30,3138.1,8,3148.46,180621,79456.0,125468.0,3163.0,3163.0,3138.0,3134.3,31603200,3447.7,2820.9,3839.9,2896.0,3138.2,27,1,3138.1,54,2,3138.0,687,7,3137.9,15,1,3137.8,84,1,3138.8,242,1,3139.3,50,5,3139.4,400,1,3139.5,85,1,3139.6,493,3
2031,2026-06-16 09:18:51+05:30,3138.3,8,3148.43,181137,81221.0,126478.0,3163.0,3163.0,3138.0,3134.3,31603200,3447.7,2820.9,3839.9,2896.0,3138.3,59,4,3138.2,27,1,3138.1,94,6,3138.0,755,10,3137.9,20,1,3138.8,30,1,3139.3,2,1,3139.4,14,1,3139.5,85,1,3139.6,293,2
2031,2026-06-16 09:18:52+05:30,3138.8,1,3148.43,181137,81221.0,126478.0,3163.0,3163.0,3138.0,3134.3,31603200,3447.7,2820.9,3839.9,2896.0,3138.3,59,4,3138.2,27,1,3138.1,94,6,3138.0,755,10,3137.9,20,1,3138.8,30,1,3139.3,2,1,3139.4,14,1,3139.5,85,1,3139.6,293,2
2031,2026-06-16 09:18:52+05:30,3139.1,1,3148.39,181941,82126.0,126320.0,3163.0,3163.0,3138.0,3134.3,31603200,3447.7,2820.9,3839.9,2896.0,3139.1,4,1,3139.0,28,2,3138.9,37,2,3138.8,20,1,3138.6,117,4,3139.6,208,1,3140.2,32,1,3140.3,134,1,3140.6,33,2,3140.7,333,4
2031,2026-06-16 09:18:53+05:30,3138.9,3,3148.39,181941,82126.0,126320.0,3163.0,3163.0,3138.0,3134.3,31603200,3447.7,2820.9,3839.9,2896.0,3139.1,4,1,3139.0,28,2,3138.9,37,2,3138.8,20,1,3138.6,117,4,3139.6,208,1,3140.2,32,1,3140.3,134,1,3140.6,33,2,3140.7,333,4
2031,2026-06-16 09:18:54+05:30,3139.3,12,3148.38,182253,83139.0,125876.0,3163.0,3163.0,3138.0,3134.3,31603200,3447.7,2820.9,3839.9,2896.0,3139.2,27,1,3139.0,30,1,3138.9,17,2,3138.8,47,3,3138.7,100,1,3139.6,41,1,3139.7,12,1,3140.1,18,1,3140.2,46,2,3140.3,156,2
2031,2026-06-16 09:18:54+05:30,3139.2,12,3148.38,182253,83139.0,125876.0,3163.0,3163.0,3138.0,3134.3,31603200,3447.7,2820.9,3839.9,2896.0,3139.2,27,1,3139.0,30,1,3138.9,17,2,3138.8,47,3,3138.7,100,1,3139.6,41,1,3139.7,12,1,3140.1,18,1,3140.2,46,2,3140.3,156,2
2031,2026-06-16 09:18:55+05:30,3139.6,4,3148.38,182253,83139.0,125876.0,3163.0,3163.0,3138.0,3134.3,31603200,3447.7,2820.9,3839.9,2896.0,3139.2,27,1,3139.0,30,1,3138.9,17,2,3138.8,47,3,3138.7,100,1,3139.6,41,1,3139.7,12,1,3140.1,18,1,3140.2,46,2,3140.3,156,2
2031,2026-06-16 09:18:55+05:30,3139.4,96,3148.35,182744,83871.0,126965.0,3163.0,3163.0,3138.0,3134.3,31603200,3447.7,2820.9,3839.9,2896.0,3139.4,25,1,3138.7,24,2,3138.6,42,2,3138.5,20,1,3138.4,145,3,3139.7,12,1,3140.1,18,1,3140.2,69,3,3140.3,156,2,3140.5,85,2
2031,2026-06-16 09:18:56+05:30,3139.6,1,3148.35,182744,83871.0,126965.0,3163.0,3163.0,3138.0,3134.3,31603200,3447.7,2820.9,3839.9,2896.0,3139.4,25,1,3138.7,24,2,3138.6,42,2,3138.5,20,1,3138.4,145,3,3139.7,12,1,3140.1,18,1,3140.2,69,3,3140.3,156,2,3140.5,85,2
2031,2026-06-16 09:18:56+05:30,3139.6,1,3148.35,182786,83487.0,127471.0,3163.0,3163.0,3138.0,3134.3,31603200,3447.7,2820.9,3839.9,2896.0,3139.4,25,1,3138.7,10,1,3138.6,14,1,3138.4,137,3,3138.3,64,3,3139.6,92,1,3139.7,16,2,3140.1,40,2,3140.2,291,5,3140.3,25,2
2031,2026-06-16 09:18:57+05:30,3139.6,1,3148.35,182786,83487.0,127471.0,3163.0,3163.0,3138.0,3134.3,31603200,3447.7,2820.9,3839.9,2896.0,3139.4,25,1,3138.7,10,1,3138.6,14,1,3138.4,137,3,3138.3,64,3,3139.6,92,1,3139.7,16,2,3140.1,40,2,3140.2,291,5,3140.3,25,2
2031,2026-06-16 09:18:57+05:30,3139.6,1,3148.35,182879,83887.0,126935.0,3163.0,3163.0,3138.0,3134.3,31603200,3447.7,2820.9,3839.9,2896.0,3139.4,47,2,3139.3,50,1,3138.7,17,1,3138.4,76,4,3138.3,88,4,3139.6,199,1,3139.7,16,2,3140.1,39,2,3140.2,255,3,3140.3,25,2
2031,2026-06-16 09:18:58+05:30,3139.6,1,3148.35,182879,83887.0,126935.0,3163.0,3163.0,3138.0,3134.3,31603200,3447.7,2820.9,3839.9,2896.0,3139.4,47,2,3139.3,50,1,3138.7,17,1,3138.4,76,4,3138.3,88,4,3139.6,199,1,3139.7,16,2,3140.1,39,2,3140.2,255,3,3140.3,25,2
2031,2026-06-16 09:18:58+05:30,3139.6,1,3148.35,182880,84086.0,126927.0,3163.0,3163.0,3138.0,3134.3,31603200,3447.7,2820.9,3839.9,2896.0,3139.4,137,6,3139.3,50,1,3139.0,32,2,3138.7,24,1,3138.6,26,1,3139.6,224,2,3139.7,12,1,3140.1,53,3,3140.2,255,3,3140.3,25,2
2031,2026-06-16 09:18:59+05:30,3139.6,3,3148.35,182880,84086.0,126927.0,3163.0,3163.0,3138.0,3134.3,31603200,3447.7,2820.9,3839.9,2896.0,3139.4,137,6,3139.3,50,1,3139.0,32,2,3138.7,24,1,3138.6,26,1,3139.6,224,2,3139.7,12,1,3140.1,53,3,3140.2,255,3,3140.3,25,2
2031,2026-06-16 09:18:59+05:30,3139.6,3,3148.33,183196,84506.0,127071.0,3163.0,3163.0,3138.0,3134.3,31603200,3447.7,2820.9,3839.9,2896.0,3139.4,129,5,3139.3,50,1,3139.2,17,1,3139.1,20,1,3139.0,57,2,3139.6,109,2,3139.7,12,1,3140.1,39,2,3140.2,55,2,3140.3,22,1
2031,2026-06-16 09:19:00+05:30,3139.4,4,3148.33,183196,84506.0,127071.0,3163.0,3163.0,3138.0,3134.3,31603200,3447.7,2820.9,3839.9,2896.0,3139.4,129,5,3139.3,50,1,3139.2,17,1,3139.1,20,1,3139.0,57,2,3139.6,109,2,3139.7,12,1,3140.1,39,2,3140.2,55,2,3140.3,22,1
2031,2026-06-16 09:19:00+05:30,3139.6,200,3148.31,183640,84986.0,126799.0,3163.0,3163.0,3138.0,3134.3,31603200,3447.7,2820.9,3839.9,2896.0,3139.4,192,8,3139.3,64,2,3139.2,42,1,3139.1,20,1,3139.0,615,4,3139.6,124,2,3139.7,12,1,3140.1,39,2,3140.2,55,2,3140.3,22,1
2031,2026-06-16 09:19:01+05:30,3139.6,200,3148.31,183640,84986.0,126799.0,3163.0,3163.0,3138.0,3134.3,31603200,3447.7,2820.9,3839.9,2896.0,3139.4,192,8,3139.3,64,2,3139.2,42,1,3139.1,20,1,3139.0,615,4,3139.6,124,2,3139.7,12,1,3140.1,39,2,3140.2,55,2,3140.3,22,1
2031,2026-06-16 09:19:01+05:30,3140.1,14,3148.3,183891,84720.0,124744.0,3163.0,3163.0,3138.0,3134.3,31603200,3447.7,2820.9,3839.9,2896.0,3139.6,81,4,3139.5,135,3,3139.4,74,6,3139.3,56,2,3139.2,134,3,3140.1,21,2,3140.2,23,1,3140.3,22,1,3140.8,17,1,3141.0,6,1
2031,2026-06-16 09:19:02+05:30,3139.6,14,3148.3,183891,84720.0,124744.0,3163.0,3163.0,3138.0,3134.3,31603200,3447.7,2820.9,3839.9,2896.0,3139.6,81,4,3139.5,135,3,3139.4,74,6,3139.3,56,2,3139.2,134,3,3140.1,21,2,3140.2,23,1,3140.3,22,1,3140.8,17,1,3141.0,6,1
2031,2026-06-16 09:19:02+05:30,3139.6,1,3148.28,184307,84293.0,126531.0,3163.0,3163.0,3138.0,3134.3,31603200,3447.7,2820.9,3839.9,2896.0,3139.4,64,5,3139.3,50,1,3139.1,20,1,3139.0,557,3,3138.9,61,1,3139.6,199,1,3140.0,35,1,3140.1,21,2,3140.2,23,1,3140.3,22,1
2031,2026-06-16 09:19:03+05:30,3139.6,1,3148.28,184307,84293.0,126531.0,3163.0,3163.0,3138.0,3134.3,31603200,3447.7,2820.9,3839.9,2896.0,3139.4,64,5,3139.3,50,1,3139.1,20,1,3139.0,557,3,3138.9,61,1,3139.6,199,1,3140.0,35,1,3140.1,21,2,3140.2,23,1,3140.3,22,1
2031,2026-06-16 09:19:03+05:30,3139.4,9,3148.28,184338,84797.0,126649.0,3163.0,3163.0,3138.0,3134.3,31603200,3447.7,2820.9,3839.9,2896.0,3139.4,101,6,3139.3,50,1,3139.1,20,1,3139.0,657,4,3138.9,98,1,3139.6,240,3,3140.0,57,2,3140.1,21,2,3140.2,23,1,3140.3,18,1
2031,2026-06-16 09:19:04+05:30,3139.4,12,3148.28,184338,84797.0,126649.0,3163.0,3163.0,3138.0,3134.3,31603200,3447.7,2820.9,3839.9,2896.0,3139.4,101,6,3139.3,50,1,3139.1,20,1,3139.0,657,4,3138.9,98,1,3139.6,240,3,3140.0,57,2,3140.1,21,2,3140.2,23,1,3140.3,18,1
2031,2026-06-16 09:19:04+05:30,3139.6,6,3148.28,184356,84840.0,126259.0,3163.0,3163.0,3138.0,3134.3,31603200,3447.7,2820.9,3839.9,2896.0,3139.4,99,7,3139.3,50,1,3139.1,20,1,3139.0,657,4,3138.9,156,2,3139.6,252,3,3140.0,57,2,3140.1,21,2,3140.2,23,1,3140.7,136,5
2031,2026-06-16 09:19:05+05:30,3139.4,4,3148.28,184356,84840.0,126259.0,3163.0,3163.0,3138.0,3134.3,31603200,3447.7,2820.9,3839.9,2896.0,3139.4,99,7,3139.3,50,1,3139.1,20,1,3139.0,657,4,3138.9,156,2,3139.6,252,3,3140.0,57,2,3140.1,21,2,3140.2,23,1,3140.7,136,5
2031,2026-06-16 09:19:05+05:30,3139.4,4,3148.28,184356,84840.0,126259.0,3163.0,3163.0,3138.0,3134.3,31603200,3447.7,2820.9,3839.9,2896.0,3139.4,99,7,3139.3,50,1,3139.1,20,1,3139.0,657,4,3138.9,156,2,3139.6,252,3,3140.0,57,2,3140.1,21,2,3140.2,23,1,3140.7,136,5
2031,2026-06-16 09:19:06+05:30,3139.6,26,3148.27,184612,85529.0,126110.0,3163.0,3163.0,3138.0,3134.3,31603200,3447.7,2820.9,3839.9,2896.0,3139.4,128,9,3139.3,50,1,3139.2,71,3,3139.1,60,2,3139.0,682,6,3139.6,38,1,3140.0,57,2,3140.1,21,2,3140.2,23,1,3140.8,17,1
2031,2026-06-16 09:19:06+05:30,3139.6,26,3148.27,184612,85529.0,126110.0,3163.0,3163.0,3138.0,3134.3,31603200,3447.7,2820.9,3839.9,2896.0,3139.4,128,9,3139.3,50,1,3139.2,71,3,3139.1,60,2,3139.0,682,6,3139.6,38,1,3140.0,57,2,3140.1,21,2,3140.2,23,1,3140.8,17,1
2031,2026-06-16 09:19:07+05:30,3139.6,2,3148.25,184844,85474.0,126075.0,3163.0,3163.0,3138.0,3134.3,31603200,3447.7,2820.9,3839.9,2896.0,3139.4,110,7,3139.3,50,1,3139.2,110,3,3139.1,57,3,3139.0,695,7,3139.6,7,2,3140.0,57,2,3140.1,21,2,3140.2,23,1,3140.7,22,1
2031,2026-06-16 09:19:07+05:30,3139.6,2,3148.25,184844,85474.0,126075.0,3163.0,3163.0,3138.0,3134.3,31603200,3447.7,2820.9,3839.9,2896.0,3139.4,110,7,3139.3,50,1,3139.2,110,3,3139.1,57,3,3139.0,695,7,3139.6,7,2,3140.0,57,2,3140.1,21,2,3140.2,23,1,3140.7,22,1
2031,2026-06-16 09:19:07+05:30,3139.6,2,3148.25,184844,85474.0,126075.0,3163.0,3163.0,3138.0,3134.3,31603200,3447.7,2820.9,3839.9,2896.0,3139.4,110,7,3139.3,50,1,3139.2,110,3,3139.1,57,3,3139.0,695,7,3139.6,7,2,3140.0,57,2,3140.1,21,2,3140.2,23,1,3140.7,22,1
2031,2026-06-16 09:19:08+05:30,3140.0,1,3148.25,184844,85474.0,126075.0,3163.0,3163.0,3138.0,3134.3,31603200,3447.7,2820.9,3839.9,2896.0,3139.4,110,7,3139.3,50,1,3139.2,110,3,3139.1,57,3,3139.0,695,7,3139.6,7,2,3140.0,57,2,3140.1,21,2,3140.2,23,1,3140.7,22,1
2031,2026-06-16 09:19:08+05:30,3140.0,1,3148.25,184896,86324.0,126610.0,3163.0,3163.0,3138.0,3134.3,31603200,3447.7,2820.9,3839.9,2896.0,3139.6,49,1,3139.4,227,10,3139.3,148,2,3139.2,36,1,3139.1,127,5,3140.0,56,2,3140.1,21,2,3140.2,23,1,3140.8,17,1,3141.0,58,4
2031,2026-06-16 09:19:08+05:30,3140.0,1,3148.25,184896,86324.0,126610.0,3163.0,3163.0,3138.0,3134.3,31603200,3447.7,2820.9,3839.9,2896.0,3139.6,49,1,3139.4,227,10,3139.3,148,2,3139.2,36,1,3139.1,127,5,3140.0,56,2,3140.1,21,2,3140.2,23,1,3140.8,17,1,3141.0,58,4
2031,2026-06-16 09:19:09+05:30,3140.0,1,3148.25,184896,86324.0,126610.0,3163.0,3163.0,3138.0,3134.3,31603200,3447.7,2820.9,3839.9,2896.0,3139.6,49,1,3139.4,227,10,3139.3,148,2,3139.2,36,1,3139.1,127,5,3140.0,56,2,3140.1,21,2,3140.2,23,1,3140.8,17,1,3141.0,58,4
2031,2026-06-16 09:19:09+05:30,3140.0,1,3148.25,184958,86380.0,126832.0,3163.0,3163.0,3138.0,3134.3,31603200,3447.7,2820.9,3839.9,2896.0,3139.6,84,4,3139.4,185,9,3139.3,223,5,3139.2,36,1,3139.1,77,3,3140.0,65,3,3140.1,21,2,3140.2,23,1,3140.8,17,1,3141.0,233,5
2031,2026-06-16 09:19:10+05:30,3140.0,1,3148.25,184958,86380.0,126832.0,3163.0,3163.0,3138.0,3134.3,31603200,3447.7,2820.9,3839.9,2896.0,3139.6,84,4,3139.4,185,9,3139.3,223,5,3139.2,36,1,3139.1,77,3,3140.0,65,3,3140.1,21,2,3140.2,23,1,3140.8,17,1,3141.0,233,5
2031,2026-06-16 09:19:10+05:30,3140.0,6,3148.25,184958,86380.0,126832.0,3163.0,3163.0,3138.0,3134.3,31603200,3447.7,2820.9,3839.9,2896.0,3139.6,84,4,3139.4,185,9,3139.3,223,5,3139.2,36,1,3139.1,77,3,3140.0,65,3,3140.1,21,2,3140.2,23,1,3140.8,17,1,3141.0,233,5
2031,2026-06-16 09:19:10+05:30,3140.1,3,3148.24,185050,86808.0,126669.0,3163.0,3163.0,3138.0,3134.3,31603200,3447.7,2820.9,3839.9,2896.0,3140.0,23,2,3139.9,15,1,3139.7,45,2,3139.6,176,9,3139.5,65,2,3140.1,18,2,3140.2,23,1,3140.8,17,1,3141.0,21,2,3141.2,14,1
2031,2026-06-16 09:19:11+05:30,3140.1,3,3148.24,185050,86808.0,126669.0,3163.0,3163.0,3138.0,3134.3,31603200,3447.7,2820.9,3839.9,2896.0,3140.0,23,2,3139.9,15,1,3139.7,45,2,3139.6,176,9,3139.5,65,2,3140.1,18,2,3140.2,23,1,3140.8,17,1,3141.0,21,2,3141.2,14,1
2031,2026-06-16 09:19:11+05:30,3140.2,10,3148.24,185189,86374.0,125841.0,3163.0,3163.0,3138.0,3134.3,31603200,3447.7,2820.9,3839.9,2896.0,3140.0,68,3,3139.9,45,2,3139.8,64,3,3139.7,24,1,3139.6,123,8,3140.8,17,1,3141.0,6,1,3141.4,163,1,3141.5,69,2,3141.6,130,2
2031,2026-06-16 09:19:11+05:30,3140.2,10,3148.24,185189,86374.0,125841.0,3163.0,3163.0,3138.0,3134.3,31603200,3447.7,2820.9,3839.9,2896.0,3140.0,68,3,3139.9,45,2,3139.8,64,3,3139.7,24,1,3139.6,123,8,3140.8,17,1,3141.0,6,1,3141.4,163,1,3141.5,69,2,3141.6,130,2
2031,2026-06-16 09:19:12+05:30,3140.8,5,3148.24,185189,86374.0,125841.0,3163.0,3163.0,3138.0,3134.3,31603200,3447.7,2820.9,3839.9,2896.0,3140.0,68,3,3139.9,45,2,3139.8,64,3,3139.7,24,1,3139.6,123,8,3140.8,17,1,3141.0,6,1,3141.4,163,1,3141.5,69,2,3141.6,130,2
2031,2026-06-16 09:19:12+05:30,3140.8,5,3148.24,185205,86270.0,125987.0,3163.0,3163.0,3138.0,3134.3,31603200,3447.7,2820.9,3839.9,2896.0,3140.0,75,5,3139.9,45,2,3139.8,136,5,3139.7,24,1,3139.6,182,9,3140.8,2,1,3141.0,6,1,3141.3,14,1,3141.4,183,2,3141.5,28,2
2031,2026-06-16 09:19:12+05:30,3140.8,5,3148.24,185205,86270.0,125987.0,3163.0,3163.0,3138.0,3134.3,31603200,3447.7,2820.9,3839.9,2896.0,3140.0,75,5,3139.9,45,2,3139.8,136,5,3139.7,24,1,3139.6,182,9,3140.8,2,1,3141.0,6,1,3141.3,14,1,3141.4,183,2,3141.5,28,2
2031,2026-06-16 09:19:13+05:30,3139.8,16,3148.24,185205,86270.0,125987.0,3163.0,3163.0,3138.0,3134.3,31603200,3447.7,2820.9,3839.9,2896.0,3140.0,75,5,3139.9,45,2,3139.8,136,5,3139.7,24,1,3139.6,182,9,3140.8,2,1,3141.0,6,1,3141.3,14,1,3141.4,183,2,3141.5,28,2
2031,2026-06-16 09:19:13+05:30,3140.8,1,3148.21,185845,86776.0,126227.0,3163.0,3163.0,3138.0,3134.3,31603200,3447.7,2820.9,3839.9,2896.0,3139.8,14,1,3139.7,72,3,3139.6,717,10,3139.5,24,1,3139.4,113,6,3140.8,89,3,3141.0,6,1,3141.2,12,1,3141.3,77,2,3141.4,96,3
2031,2026-06-16 09:19:14+05:30,3140.0,115,3148.21,185845,86776.0,126227.0,3163.0,3163.0,3138.0,3134.3,31603200,3447.7,2820.9,3839.9,2896.0,3139.8,14,1,3139.7,72,3,3139.6,717,10,3139.5,24,1,3139.4,113,6,3140.8,89,3,3141.0,6,1,3141.2,12,1,3141.3,77,2,3141.4,96,3
2031,2026-06-16 09:19:14+05:30,3140.0,115,3148.21,185845,86776.0,126227.0,3163.0,3163.0,3138.0,3134.3,31603200,3447.7,2820.9,3839.9,2896.0,3139.8,14,1,3139.7,72,3,3139.6,717,10,3139.5,24,1,3139.4,113,6,3140.8,89,3,3141.0,6,1,3141.2,12,1,3141.3,77,2,3141.4,96,3
2031,2026-06-16 09:19:14+05:30,3140.1,1,3148.2,186116,86962.0,125641.0,3163.0,3163.0,3138.0,3134.3,31603200,3447.7,2820.9,3839.9,2896.0,3140.1,13,1,3140.0,135,2,3139.9,79,3,3139.8,14,1,3139.6,744,12,3140.8,137,3,3141.0,6,1,3141.5,20,2,3141.6,130,2,3141.7,62,1
2031,2026-06-16 09:19:14+05:30,3140.1,1,3148.2,186116,86962.0,125641.0,3163.0,3163.0,3138.0,3134.3,31603200,3447.7,2820.9,3839.9,2896.0,3140.1,13,1,3140.0,135,2,3139.9,79,3,3139.8,14,1,3139.6,744,12,3140.8,137,3,3141.0,6,1,3141.5,20,2,3141.6,130,2,3141.7,62,1
2031,2026-06-16 09:19:15+05:30,3140.0,25,3148.2,186116,86962.0,125641.0,3163.0,3163.0,3138.0,3134.3,31603200,3447.7,2820.9,3839.9,2896.0,3140.1,13,1,3140.0,135,2,3139.9,79,3,3139.8,14,1,3139.6,744,12,3140.8,137,3,3141.0,6,1,3141.5,20,2,3141.6,130,2,3141.7,62,1
2031,2026-06-16 09:19:15+05:30,3140.0,25,3148.2,186116,86962.0,125641.0,3163.0,3163.0,3138.0,3134.3,31603200,3447.7,2820.9,3839.9,2896.0,3140.1,13,1,3140.0,135,2,3139.9,79,3,3139.8,14,1,3139.6,744,12,3140.8,137,3,3141.0,6,1,3141.5,20,2,3141.6,130,2,3141.7,62,1
2031,2026-06-16 09:19:15+05:30,3140.8,18,3148.19,186236,87034.0,126023.0,3163.0,3163.0,3138.0,3134.3,31603200,3447.7,2820.9,3839.9,2896.0,3140.1,16,4,3140.0,94,2,3139.9,62,2,3139.8,135,4,3139.6,716,10,3140.8,160,6,3141.0,6,1,3141.5,20,2,3141.6,128,3,3141.8,26,2
2031,2026-06-16 09:19:15+05:30,3140.8,18,3148.19,186236,87034.0,126023.0,3163.0,3163.0,3138.0,3134.3,31603200,3447.7,2820.9,3839.9,2896.0,3140.1,16,4,3140.0,94,2,3139.9,62,2,3139.8,135,4,3139.6,716,10,3140.8,160,6,3141.0,6,1,3141.5,20,2,3141.6,128,3,3141.8,26,2
2031,2026-06-16 09:19:16+05:30,3140.8,1,3148.19,186236,87034.0,126023.0,3163.0,3163.0,3138.0,3134.3,31603200,3447.7,2820.9,3839.9,2896.0,3140.1,16,4,3140.0,94,2,3139.9,62,2,3139.8,135,4,3139.6,716,10,3140.8,160,6,3141.0,6,1,3141.5,20,2,3141.6,128,3,3141.8,26,2
2031,2026-06-16 09:19:16+05:30,3140.8,1,3148.19,186236,87034.0,126023.0,3163.0,3163.0,3138.0,3134.3,31603200,3447.7,2820.9,3839.9,2896.0,3140.1,16,4,3140.0,94,2,3139.9,62,2,3139.8,135,4,3139.6,716,10,3140.8,160,6,3141.0,6,1,3141.5,20,2,3141.6,128,3,3141.8,26,2
2031,2026-06-16 09:19:16+05:30,3140.8,3,3148.18,186439,86973.0,126478.0,3163.0,3163.0,3138.0,3134.3,31603200,3447.7,2820.9,3839.9,2896.0,3140.1,7,3,3140.0,94,2,3139.8,16,1,3139.6,702,9,3139.5,42,1,3140.8,319,4,3141.0,6,1,3141.3,82,3,3141.4,203,2,3141.5,24,2
2031,2026-06-16 09:19:17+05:30,3140.8,3,3148.18,186439,86973.0,126478.0,3163.0,3163.0,3138.0,3134.3,31603200,3447.7,2820.9,3839.9,2896.0,3140.1,7,3,3140.0,94,2,3139.8,16,1,3139.6,702,9,3139.5,42,1,3140.8,319,4,3141.0,6,1,3141.3,82,3,3141.4,203,2,3141.5,24,2
2031,2026-06-16 09:19:17+05:30,3140.8,3,3148.18,186439,86973.0,126478.0,3163.0,3163.0,3138.0,3134.3,31603200,3447.7,2820.9,3839.9,2896.0,3140.1,7,3,3140.0,94,2,3139.8,16,1,3139.6,702,9,3139.5,42,1,3140.8,319,4,3141.0,6,1,3141.3,82,3,3141.4,203,2,3141.5,24,2
2031,2026-06-16 09:19:17+05:30,3142.0,1,3148.14,187601,88104.0,123825.0,3163.0,3163.0,3138.0,3134.3,31603200,3447.7,2820.9,3839.9,2896.0,3140.8,102,2,3140.7,43,2,3140.6,7,1,3140.5,58,2,3140.4,23,1,3142.0,79,2,3142.4,52,2,3142.6,121,2,3142.7,231,2,3142.8,21,1
2031,2026-06-16 09:19:18+05:30,3140.8,83,3148.14,187601,88104.0,123825.0,3163.0,3163.0,3138.0,3134.3,31603200,3447.7,2820.9,3839.9,2896.0,3140.8,102,2,3140.7,43,2,3140.6,7,1,3140.5,58,2,3140.4,23,1,3142.0,79,2,3142.4,52,2,3142.6,121,2,3142.7,231,2,3142.8,21,1
2031,2026-06-16 09:19:18+05:30,3140.8,83,3148.14,187601,88104.0,123825.0,3163.0,3163.0,3138.0,3134.3,31603200,3447.7,2820.9,3839.9,2896.0,3140.8,102,2,3140.7,43,2,3140.6,7,1,3140.5,58,2,3140.4,23,1,3142.0,79,2,3142.4,52,2,3142.6,121,2,3142.7,231,2,3142.8,21,1
2031,2026-06-16 09:19:18+05:30,3140.2,22,3148.1,188578,87910.0,123841.0,3163.0,3163.0,3138.0,3134.3,31603200,3447.7,2820.9,3839.9,2896.0,3140.7,60,1,3140.2,189,6,3140.1,124,7,3140.0,138,4,3139.9,331,3,3142.0,212,2,3142.3,42,1,3142.4,84,2,3142.5,123,4,3142.6,116,2
2031,2026-06-16 09:19:18+05:30,3140.2,22,3148.1,188578,87910.0,123841.0,3163.0,3163.0,3138.0,3134.3,31603200,3447.7,2820.9,3839.9,2896.0,3140.7,60,1,3140.2,189,6,3140.1,124,7,3140.0,138,4,3139.9,331,3,3142.0,212,2,3142.3,42,1,3142.4,84,2,3142.5,123,4,3142.6,116,2
2031,2026-06-16 09:19:19+05:30,3140.8,50,3148.1,188578,87910.0,123841.0,3163.0,3163.0,3138.0,3134.3,31603200,3447.7,2820.9,3839.9,2896.0,3140.7,60,1,3140.2,189,6,3140.1,124,7,3140.0,138,4,3139.9,331,3,3142.0,212,2,3142.3,42,1,3142.4,84,2,3142.5,123,4,3142.6,116,2
2031,2026-06-16 09:19:19+05:30,3140.8,50,3148.1,188578,87910.0,123841.0,3163.0,3163.0,3138.0,3134.3,31603200,3447.7,2820.9,3839.9,2896.0,3140.7,60,1,3140.2,189,6,3140.1,124,7,3140.0,138,4,3139.9,331,3,3142.0,212,2,3142.3,42,1,3142.4,84,2,3142.5,123,4,3142.6,116,2
2031,2026-06-16 09:19:19+05:30,3140.1,60,3148.08,189301,86756.0,125180.0,3163.0,3163.0,3138.0,3134.3,31603200,3447.7,2820.9,3839.9,2896.0,3140.1,28,5,3140.0,94,2,3139.9,27,1,3139.6,605,7,3139.4,33,3,3140.9,50,4,3141.0,55,3,3141.1,28,2,3141.2,10,1,3141.3,115,4
2031,2026-06-16 09:19:20+05:30,3141.0,1,3148.08,189301,86756.0,125180.0,3163.0,3163.0,3138.0,3134.3,31603200,3447.7,2820.9,3839.9,2896.0,3140.1,28,5,3140.0,94,2,3139.9,27,1,3139.6,605,7,3139.4,33,3,3140.9,50,4,3141.0,55,3,3141.1,28,2,3141.2,10,1,3141.3,115,4
2031,2026-06-16 09:19:20+05:30,3141.0,1,3148.08,189301,86756.0,125180.0,3163.0,3163.0,3138.0,3134.3,31603200,3447.7,2820.9,3839.9,2896.0,3140.1,28,5,3140.0,94,2,3139.9,27,1,3139.6,605,7,3139.4,33,3,3140.9,50,4,3141.0,55,3,3141.1,28,2,3141.2,10,1,3141.3,115,4
2031,2026-06-16 09:19:21+05:30,3140.8,52,3148.04,190299,87075.0,126458.0,3163.0,3163.0,3138.0,3134.3,31603200,3447.7,2820.9,3839.9,2896.0,3140.1,11,1,3140.0,564,3,3139.9,27,1,3139.6,605,7,3139.4,20,2,3140.8,15,1,3140.9,316,6,3141.0,450,5,3141.1,30,2,3141.3,175,4
2031,2026-06-16 09:19:21+05:30,3139.6,1,3148.04,190299,87075.0,126458.0,3163.0,3163.0,3138.0,3134.3,31603200,3447.7,2820.9,3839.9,2896.0,3140.1,11,1,3140.0,564,3,3139.9,27,1,3139.6,605,7,3139.4,20,2,3140.8,15,1,3140.9,316,6,3141.0,450,5,3141.1,30,2,3141.3,175,4
2031,2026-06-16 09:19:21+05:30,3139.6,1,3148.04,190299,87075.0,126458.0,3163.0,3163.0,3138.0,3134.3,31603200,3447.7,2820.9,3839.9,2896.0,3140.1,11,1,3140.0,564,3,3139.9,27,1,3139.6,605,7,3139.4,20,2,3140.8,15,1,3140.9,316,6,3141.0,450,5,3141.1,30,2,3141.3,175,4
2031,2026-06-16 09:19:22+05:30,3140.1,25,3147.94,192665,84546.0,127426.0,3163.0,3163.0,3138.0,3134.3,31603200,3447.7,2820.9,3839.9,2896.0,3139.4,20,2,3139.3,52,2,3139.2,42,2,3139.1,23,2,3139.0,696,6,3140.2,22,4,3140.3,10,2,3140.5,76,1,3140.6,290,5,3140.7,503,5
2031,2026-06-16 09:19:22+05:30,3140.1,25,3147.94,192665,84546.0,127426.0,3163.0,3163.0,3138.0,3134.3,31617400,3447.7,2820.9,3839.9,2896.0,3139.4,20,2,3139.3,52,2,3139.2,42,2,3139.1,23,2,3139.0,696,6,3140.2,22,4,3140.3,10,2,3140.5,76,1,3140.6,290,5,3140.7,503,5
2031,2026-06-16 09:19:22+05:30,3140.1,25,3147.94,192665,84546.0,127426.0,3163.0,3163.0,3138.0,3134.3,31617400,3447.7,2820.9,3839.9,2896.0,3139.4,20,2,3139.3,52,2,3139.2,42,2,3139.1,23,2,3139.0,696,6,3140.2,22,4,3140.3,10,2,3140.5,76,1,3140.6,290,5,3140.7,503,5
2031,2026-06-16 09:19:23+05:30,3139.4,1,3147.94,192665,84546.0,127426.0,3163.0,3163.0,3138.0,3134.3,31617400,3447.7,2820.9,3839.9,2896.0,3139.4,20,2,3139.3,52,2,3139.2,42,2,3139.1,23,2,3139.0,696,6,3140.2,22,4,3140.3,10,2,3140.5,76,1,3140.6,290,5,3140.7,503,5
2031,2026-06-16 09:19:23+05:30,3139.4,1,3147.94,192728,84402.0,127906.0,3163.0,3163.0,3138.0,3134.3,31617400,3447.7,2820.9,3839.9,2896.0,3139.4,19,2,3139.3,52,2,3139.2,42,2,3139.1,23,2,3139.0,711,7,3139.8,241,1,3140.0,487,4,3140.1,30,2,3140.2,25,3,3140.3,6,1
2031,2026-06-16 09:19:24+05:30,3139.8,1,3147.94,192728,84402.0,127906.0,3163.0,3163.0,3138.0,3134.3,31617400,3447.7,2820.9,3839.9,2896.0,3139.4,19,2,3139.3,52,2,3139.2,42,2,3139.1,23,2,3139.0,711,7,3139.8,241,1,3140.0,487,4,3140.1,30,2,3140.2,25,3,3140.3,6,1
2031,2026-06-16 09:19:24+05:30,3139.8,1,3147.88,194057,86701.0,126056.0,3163.0,3163.0,3138.0,3134.3,31617400,3447.7,2820.9,3839.9,2896.0,3140.8,50,1,3140.0,100,1,3139.9,1,1,3139.6,62,1,3139.5,117,4,3140.9,39,1,3141.0,15,1,3141.1,27,2,3141.3,23,1,3141.5,3,1
2031,2026-06-16 09:19:25+05:30,3140.8,1,3147.88,194057,86701.0,126056.0,3163.0,3163.0,3138.0,3134.3,31617400,3447.7,2820.9,3839.9,2896.0,3140.8,50,1,3140.0,100,1,3139.9,1,1,3139.6,62,1,3139.5,117,4,3140.9,39,1,3141.0,15,1,3141.1,27,2,3141.3,23,1,3141.5,3,1
2031,2026-06-16 09:19:25+05:30,3140.8,1,3147.88,194078,86637.0,126190.0,3163.0,3163.0,3138.0,3134.3,31617400,3447.7,2820.9,3839.9,2896.0,3140.8,68,2,3140.2,10,1,3140.0,100,1,3139.9,1,1,3139.6,62,1,3140.9,242,3,3141.0,15,1,3141.1,27,2,3141.3,23,1,3141.5,45,2
2031,2026-06-16 09:19:26+05:30,3140.8,18,3147.88,194078,86637.0,126190.0,3163.0,3163.0,3138.0,3134.3,31617400,3447.7,2820.9,3839.9,2896.0,3140.8,68,2,3140.2,10,1,3140.0,100,1,3139.9,1,1,3139.6,62,1,3140.9,242,3,3141.0,15,1,3141.1,27,2,3141.3,23,1,3141.5,45,2
2031,2026-06-16 09:19:26+05:30,3140.8,18,3147.87,194466,86992.0,126083.0,3163.0,3163.0,3138.0,3134.3,31617400,3447.7,2820.9,3839.9,2896.0,3140.8,26,3,3140.4,15,1,3140.2,117,5,3140.1,18,1,3140.0,138,3,3140.9,66,2,3141.1,19,1,3141.5,3,1,3141.6,32,1,3141.7,67,1
2031,2026-06-16 09:19:27+05:30,3140.9,1,3147.87,194466,86992.0,126083.0,3163.0,3163.0,3138.0,3134.3,31617400,3447.7,2820.9,3839.9,2896.0,3140.8,26,3,3140.4,15,1,3140.2,117,5,3140.1,18,1,3140.0,138,3,3140.9,66,2,3141.1,19,1,3141.5,3,1,3141.6,32,1,3141.7,67,1
2031,2026-06-16 09:19:27+05:30,3140.9,44,3147.86,194513,87263.0,126039.0,3163.0,3163.0,3138.0,3134.3,31617400,3447.7,2820.9,3839.9,2896.0,3140.8,122,5,3140.4,30,2,3140.3,32,2,3140.2,83,3,3140.1,18,1,3140.9,21,2,3141.1,19,1,3141.4,200,1,3141.5,35,2,3141.6,17,1
2031,2026-06-16 09:19:28+05:30,3140.9,1,3147.86,194513,87263.0,126039.0,3163.0,3163.0,3138.0,3134.3,31617400,3447.7,2820.9,3839.9,2896.0,3140.8,122,5,3140.4,30,2,3140.3,32,2,3140.2,83,3,3140.1,18,1,3140.9,21,2,3141.1,19,1,3141.4,200,1,3141.5,35,2,3141.6,17,1
2031,2026-06-16 09:19:28+05:30,3140.8,10,3147.86,194524,87406.0,126265.0,3163.0,3163.0,3138.0,3134.3,31617400,3447.7,2820.9,3839.9,2896.0,3140.8,112,5,3140.2,23,2,3140.1,72,1,3140.0,192,5,3139.9,114,2,3140.9,87,4,3141.1,19,1,3141.3,23,1,3141.4,217,2,3141.5,53,3
2031,2026-06-16 09:19:29+05:30,3140.8,10,3147.86,194524,87406.0,126265.0,3163.0,3163.0,3138.0,3134.3,31617400,3447.7,2820.9,3839.9,2896.0,3140.8,112,5,3140.2,23,2,3140.1,72,1,3140.0,192,5,3139.9,114,2,3140.9,87,4,3141.1,19,1,3141.3,23,1,3141.4,217,2,3141.5,53,3
2031,2026-06-16 09:19:29+05:30,3140.8,6,3147.86,194546,87088.0,126159.0,3163.0,3163.0,3138.0,3134.3,31617400,3447.7,2820.9,3839.9,2896.0,3140.8,136,5,3140.2,49,3,3140.0,172,4,3139.7,3,1,3139.6,126,2,3140.9,95,5,3141.0,15,1,3141.1,19,1,3141.3,41,2,3141.4,217,2
2031,2026-06-16 09:19:30+05:30,3140.8,6,3147.86,194546,87088.0,126159.0,3163.0,3163.0,3138.0,3134.3,31617400,3447.7,2820.9,3839.9,2896.0,3140.8,136,5,3140.2,49,3,3140.0,172,4,3139.7,3,1,3139.6,126,2,3140.9,95,5,3141.0,15,1,3141.1,19,1,3141.3,41,2,3141.4,217,2
2031,2026-06-16 09:19:30+05:30,3140.9,2,3147.86,194552,87136.0,126519.0,3163.0,3163.0,3138.0,3134.3,31617400,3447.7,2820.9,3839.9,2896.0,3140.8,137,6,3140.2,49,3,3140.0,172,4,3139.8,15,1,3139.7,3,1,3140.9,91,6,3141.1,19,1,3141.3,40,2,3141.4,200,1,3141.5,35,2
2031,2026-06-16 09:19:31+05:30,3140.9,2,3147.86,194552,87136.0,126519.0,3163.0,3163.0,3138.0,3134.3,31617400,3447.7,2820.9,3839.9,2896.0,3140.8,137,6,3140.2,49,3,3140.0,172,4,3139.8,15,1,3139.7,3,1,3140.9,91,6,3141.1,19,1,3141.3,40,2,3141.4,200,1,3141.5,35,2
2031,2026-06-16 09:19:32+05:30,3140.8,8,3147.85,194819,87222.0,126142.0,3163.0,3163.0,3138.0,3134.3,31617400,3447.7,2820.9,3839.9,2896.0,3140.8,129,6,3140.2,23,2,3140.0,187,5,3139.7,15,1,3139.6,3,1,3140.9,9,2,3141.1,34,2,3141.3,17,1,3141.4,249,4,3141.5,35,2
2031,2026-06-16 09:19:32+05:30,3140.8,7,3147.85,194819,87222.0,126142.0,3163.0,3163.0,3138.0,3134.3,31617400,3447.7,2820.9,3839.9,2896.0,3140.8,129,6,3140.2,23,2,3140.0,187,5,3139.7,15,1,3139.6,3,1,3140.9,9,2,3141.1,34,2,3141.3,17,1,3141.4,249,4,3141.5,35,2
2031,2026-06-16 09:19:33+05:30,3140.8,15,3147.83,195435,85976.0,127497.0,3163.0,3163.0,3138.0,3134.3,31617400,3447.7,2820.9,3839.9,2896.0,3140.0,68,4,3139.5,21,2,3139.4,19,2,3139.3,52,2,3139.2,42,2,3140.8,175,1,3140.9,132,6,3141.0,98,4,3141.1,57,2,3141.2,91,3
2031,2026-06-16 09:19:33+05:30,3140.0,36,3147.83,195435,85976.0,127497.0,3163.0,3163.0,3138.0,3134.3,31617400,3447.7,2820.9,3839.9,2896.0,3140.0,68,4,3139.5,21,2,3139.4,19,2,3139.3,52,2,3139.2,42,2,3140.8,175,1,3140.9,132,6,3141.0,98,4,3141.1,57,2,3141.2,91,3
2031,2026-06-16 09:19:34+05:30,3140.8,9,3147.82,195766,86388.0,127070.0,3163.0,3163.0,3138.0,3134.3,31617400,3447.7,2820.9,3839.9,2896.0,3140.0,37,1,3139.4,5,1,3139.3,108,5,3139.2,79,4,3139.1,169,5,3140.9,93,3,3141.0,36,3,3141.1,42,2,3141.2,29,1,3141.3,64,2
2031,2026-06-16 09:19:34+05:30,3140.0,37,3147.82,195766,86388.0,127070.0,3163.0,3163.0,3138.0,3134.3,31617400,3447.7,2820.9,3839.9,2896.0,3140.0,37,1,3139.4,5,1,3139.3,108,5,3139.2,79,4,3139.1,169,5,3140.9,93,3,3141.0,36,3,3141.1,42,2,3141.2,29,1,3141.3,64,2
2031,2026-06-16 09:19:35+05:30,3140.8,1,3147.82,195766,86388.0,127070.0,3163.0,3163.0,3138.0,3134.3,31617400,3447.7,2820.9,3839.9,2896.0,3140.0,37,1,3139.4,5,1,3139.3,108,5,3139.2,79,4,3139.1,169,5,3140.9,93,3,3141.0,36,3,3141.1,42,2,3141.2,29,1,3141.3,64,2
2031,2026-06-16 09:19:35+05:30,3140.8,1,3147.81,195815,86730.0,127065.0,3163.0,3163.0,3138.0,3134.3,31617400,3447.7,2820.9,3839.9,2896.0,3140.0,28,3,3139.7,15,1,3139.6,163,4,3139.5,33,2,3139.4,100,3,3140.8,53,2,3140.9,93,3,3141.0,58,4,3141.1,42,2,3141.2,29,1
2031,2026-06-16 09:19:36+05:30,3140.1,10,3147.81,195815,86730.0,127065.0,3163.0,3163.0,3138.0,3134.3,31617400,3447.7,2820.9,3839.9,2896.0,3140.0,28,3,3139.7,15,1,3139.6,163,4,3139.5,33,2,3139.4,100,3,3140.8,53,2,3140.9,93,3,3141.0,58,4,3141.1,42,2,3141.2,29,1
2031,2026-06-16 09:19:36+05:30,3140.8,14,3147.81,195918,87288.0,126697.0,3163.0,3163.0,3138.0,3134.3,31617400,3447.7,2820.9,3839.9,2896.0,3140.8,15,1,3140.1,33,3,3140.0,54,5,3139.9,10,1,3139.8,97,4,3140.9,79,3,3141.0,36,3,3141.1,19,1,3141.4,400,2,3141.5,35,2
2031,2026-06-16 09:19:37+05:30,3140.1,4,3147.81,195918,87288.0,126697.0,3163.0,3163.0,3138.0,3134.3,31617400,3447.7,2820.9,3839.9,2896.0,3140.8,15,1,3140.1,33,3,3140.0,54,5,3139.9,10,1,3139.8,97,4,3140.9,79,3,3141.0,36,3,3141.1,19,1,3141.4,400,2,3141.5,35,2
2031,2026-06-16 09:19:37+05:30,3140.1,4,3147.81,195995,87201.0,127024.0,3163.0,3163.0,3138.0,3134.3,31617400,3447.7,2820.9,3839.9,2896.0,3140.1,43,3,3140.0,47,5,3139.9,19,1,3139.8,55,2,3139.7,58,1,3140.9,98,3,3141.0,36,3,3141.1,19,1,3141.4,449,3,3141.5,35,2
2031,2026-06-16 09:19:38+05:30,3140.9,20,3147.81,195995,87201.0,127024.0,3163.0,3163.0,3138.0,3134.3,31617400,3447.7,2820.9,3839.9,2896.0,3140.1,43,3,3140.0,47,5,3139.9,19,1,3139.8,55,2,3139.7,58,1,3140.9,98,3,3141.0,36,3,3141.1,19,1,3141.4,449,3,3141.5,35,2
2031,2026-06-16 09:19:38+05:30,3140.9,20,3147.81,196027,87273.0,127504.0,3163.0,3163.0,3138.0,3134.3,31617400,3447.7,2820.9,3839.9,2896.0,3140.1,113,3,3140.0,33,4,3139.9,69,3,3139.8,77,3,3139.7,58,1,3140.8,400,2,3140.9,131,6,3141.0,36,3,3141.1,19,1,3141.4,308,3
2031,2026-06-16 09:19:39+05:30,3140.8,29,3147.81,196027,87273.0,127504.0,3163.0,3163.0,3138.0,3134.3,31617400,3447.7,2820.9,3839.9,2896.0,3140.1,113,3,3140.0,33,4,3139.9,69,3,3139.8,77,3,3139.7,58,1,3140.8,400,2,3140.9,131,6,3141.0,36,3,3141.1,19,1,3141.4,308,3
2031,2026-06-16 09:19:39+05:30,3140.8,2,3147.8,196307,87564.0,127100.0,3163.0,3163.0,3138.0,3134.3,31617400,3447.7,2820.9,3839.9,2896.0,3140.1,107,2,3140.0,633,6,3139.9,30,1,3139.8,32,1,3139.6,84,2,3140.8,397,4,3140.9,103,4,3141.0,46,4,3141.1,42,2,3141.3,122,3
2031,2026-06-16 09:19:40+05:30,3140.0,160,3147.8,196307,87564.0,127100.0,3163.0,3163.0,3138.0,3134.3,31617400,3447.7,2820.9,3839.9,2896.0,3140.1,107,2,3140.0,633,6,3139.9,30,1,3139.8,32,1,3139.6,84,2,3140.8,397,4,3140.9,103,4,3141.0,46,4,3141.1,42,2,3141.3,122,3
2031,2026-06-16 09:19:40+05:30,3140.8,100,3147.76,197375,87168.0,127848.0,3163.0,3163.0,3138.0,3134.3,31617400,3447.7,2820.9,3839.9,2896.0,3140.1,18,2,3140.0,463,4,3139.9,30,1,3139.6,59,1,3139.5,14,1,3140.8,257,6,3140.9,111,5,3141.0,211,4,3141.1,41,2,3141.2,22,1
2031,2026-06-16 09:19:41+05:30,3140.0,56,3147.76,197375,87168.0,127848.0,3163.0,3163.0,3138.0,3134.3,31617400,3447.7,2820.9,3839.9,2896.0,3140.1,18,2,3140.0,463,4,3139.9,30,1,3139.6,59,1,3139.5,14,1,3140.8,257,6,3140.9,111,5,3141.0,211,4,3141.1,41,2,3141.2,22,1
2031,2026-06-16 09:19:41+05:30,3140.2,20,3147.74,197851,87312.0,127249.0,3163.0,3163.0,3138.0,3134.3,31617400,3447.7,2820.9,3839.9,2896.0,3140.2,8,1,3140.1,50,2,3140.0,377,4,3139.9,26,1,3139.8,22,1,3140.8,405,3,3140.9,79,4,3141.0,225,5,3141.1,41,2,3141.3,200,1
2031,2026-06-16 09:19:42+05:30,3140.2,45,3147.74,197851,87312.0,127249.0,3163.0,3163.0,3138.0,3134.3,31617400,3447.7,2820.9,3839.9,2896.0,3140.2,8,1,3140.1,50,2,3140.0,377,4,3139.9,26,1,3139.8,22,1,3140.8,405,3,3140.9,79,4,3141.0,225,5,3141.1,41,2,3141.3,200,1
2031,2026-06-16 09:19:42+05:30,3140.8,3,3147.71,198551,86855.0,127851.0,3163.0,3163.0,3138.0,3134.3,31617400,3447.7,2820.9,3839.9,2896.0,3140.0,127,4,3139.6,61,1,3139.5,18,1,3139.3,80,4,3139.2,32,2,3140.8,447,3,3140.9,79,4,3141.0,267,6,3141.1,19,1,3141.2,5,1
2031,2026-06-16 09:19:43+05:30,3140.0,16,3147.71,198551,86855.0,127851.0,3163.0,3163.0,3138.0,3134.3,31617400,3447.7,2820.9,3839.9,2896.0,3140.0,127,4,3139.6,61,1,3139.5,18,1,3139.3,80,4,3139.2,32,2,3140.8,447,3,3140.9,79,4,3141.0,267,6,3141.1,19,1,3141.2,5,1
2031,2026-06-16 09:19:43+05:30,3140.8,105,3147.7,198746,87009.0,128149.0,3163.0,3163.0,3138.0,3134.3,31617400,3447.7,2820.9,3839.9,2896.0,3140.0,37,3,3139.3,88,4,3139.2,57,3,3139.1,75,4,3139.0,621,7,3140.8,382,4,3140.9,121,5,3141.0,315,6,3141.1,41,2,3141.2,110,3
2031,2026-06-16 09:19:44+05:30,3140.0,1,3147.7,198746,87009.0,128149.0,3163.0,3163.0,3138.0,3134.3,31617400,3447.7,2820.9,3839.9,2896.0,3140.0,37,3,3139.3,88,4,3139.2,57,3,3139.1,75,4,3139.0,621,7,3140.8,382,4,3140.9,121,5,3141.0,315,6,3141.1,41,2,3141.2,110,3
2031,2026-06-16 09:19:44+05:30,3140.8,1,3147.7,198805,87391.0,127784.0,3163.0,3163.0,3138.0,3134.3,31617400,3447.7,2820.9,3839.9,2896.0,3140.0,68,5,3139.8,56,3,3139.6,88,2,3139.5,87,3,3139.4,20,1,3140.8,96,3,3140.9,79,4,3141.0,76,5,3141.1,19,1,3141.3,371,2
2031,2026-06-16 09:19:45+05:30,3140.8,1,3147.7,198805,87391.0,127784.0,3163.0,3163.0,3138.0,3134.3,31617400,3447.7,2820.9,3839.9,2896.0,3140.0,68,5,3139.8,56,3,3139.6,88,2,3139.5,87,3,3139.4,20,1,3140.8,96,3,3140.9,79,4,3141.0,76,5,3141.1,19,1,3141.3,371,2
2031,2026-06-16 09:19:46+05:30,3140.4,1,3147.7,198852,87579.0,127596.0,3163.0,3163.0,3138.0,3134.3,31617400,3447.7,2820.9,3839.9,2896.0,3140.4,10,4,3140.2,14,1,3140.1,94,5,3140.0,108,8,3139.9,10,1,3140.8,51,3,3140.9,79,4,3141.0,76,5,3141.1,19,1,3141.3,200,1
2031,2026-06-16 09:19:46+05:30,3140.4,1,3147.7,198852,87579.0,127596.0,3163.0,3163.0,3138.0,3134.3,31617400,3447.7,2820.9,3839.9,2896.0,3140.4,10,4,3140.2,14,1,3140.1,94,5,3140.0,108,8,3139.9,10,1,3140.8,51,3,3140.9,79,4,3141.0,76,5,3141.1,19,1,3141.3,200,1
2031,2026-06-16 09:19:47+05:30,3140.8,1,3147.7,198856,87648.0,127961.0,3163.0,3163.0,3138.0,3134.3,31617400,3447.7,2820.9,3839.9,2896.0,3140.1,6,1,3140.0,86,6,3139.7,88,3,3139.6,90,2,3139.5,83,2,3140.8,74,4,3140.9,79,4,3141.0,62,4,3141.1,19,1,3141.3,200,1
2031,2026-06-16 09:19:47+05:30,3140.8,1,3147.7,198856,87648.0,127961.0,3163.0,3163.0,3138.0,3134.3,31617400,3447.7,2820.9,3839.9,2896.0,3140.1,6,1,3140.0,86,6,3139.7,88,3,3139.6,90,2,3139.5,83,2,3140.8,74,4,3140.9,79,4,3141.0,62,4,3141.1,19,1,3141.3,200,1
2031,2026-06-16 09:19:48+05:30,3140.8,5,3147.7,198856,87648.0,127961.0,3163.0,3163.0,3138.0,3134.3,31617400,3447.7,2820.9,3839.9,2896.0,3140.1,6,1,3140.0,86,6,3139.7,88,3,3139.6,90,2,3139.5,83,2,3140.8,74,4,3140.9,79,4,3141.0,62,4,3141.1,19,1,3141.3,200,1
2031,2026-06-16 09:19:48+05:30,3140.1,4,3147.7,198890,87458.0,127203.0,3163.0,3163.0,3138.0,3134.3,31617400,3447.7,2820.9,3839.9,2896.0,3140.1,54,7,3140.0,100,7,3139.9,41,2,3139.8,114,4,3139.7,102,4,3140.8,44,3,3140.9,79,4,3141.0,80,5,3141.1,19,1,3141.5,3,1
2031,2026-06-16 09:19:49+05:30,3141.5,3,3147.7,198890,87458.0,127203.0,3163.0,3163.0,3138.0,3134.3,31617400,3447.7,2820.9,3839.9,2896.0,3140.1,54,7,3140.0,100,7,3139.9,41,2,3139.8,114,4,3139.7,102,4,3140.8,44,3,3140.9,79,4,3141.0,80,5,3141.1,19,1,3141.5,3,1
2031,2026-06-16 09:19:49+05:30,3141.5,3,3147.69,199126,88507.0,125155.0,3163.0,3163.0,3138.0,3134.3,31617400,3447.7,2820.9,3839.9,2896.0,3141.5,18,1,3141.1,98,6,3141.0,80,5,3140.9,13,1,3140.8,269,5,3141.8,14,1,3141.9,90,1,3142.0,81,1,3142.5,14,1,3143.0,112,2
2031,2026-06-16 09:19:50+05:30,3141.1,19,3147.69,199126,88507.0,125155.0,3163.0,3163.0,3138.0,3134.3,31617400,3447.7,2820.9,3839.9,2896.0,3141.5,18,1,3141.1,98,6,3141.0,80,5,3140.9,13,1,3140.8,269,5,3141.8,14,1,3141.9,90,1,3142.0,81,1,3142.5,14,1,3143.0,112,2
2031,2026-06-16 09:19:50+05:30,3141.1,19,3147.69,199237,88616.0,126966.0,3163.0,3163.0,3138.0,3134.3,31617400,3447.7,2820.9,3839.9,2896.0,3141.5,50,5,3141.3,23,2,3141.2,11,1,3141.0,34,4,3140.9,52,2,3141.8,23,2,3141.9,90,1,3142.0,101,2,3142.5,14,1,3142.8,101,2
2031,2026-06-16 09:19:51+05:30,3141.8,1,3147.69,199237,88616.0,126966.0,3163.0,3163.0,3138.0,3134.3,31617400,3447.7,2820.9,3839.9,2896.0,3141.5,50,5,3141.3,23,2,3141.2,11,1,3141.0,34,4,3140.9,52,2,3141.8,23,2,3141.9,90,1,3142.0,101,2,3142.5,14,1,3142.8,101,2
2031,2026-06-16 09:19:51+05:30,3141.8,1,3147.69,199295,88627.0,126469.0,3163.0,3163.0,3138.0,3134.3,31617400,3447.7,2820.9,3839.9,2896.0,3141.5,89,6,3141.4,29,1,3141.3,12,1,3141.2,24,2,3141.0,34,4,3141.8,17,2,3141.9,90,1,3142.0,101,2,3142.5,14,1,3142.8,98,1
2031,2026-06-16 09:19:52+05:30,3141.8,1,3147.69,199295,88627.0,126469.0,3163.0,3163.0,3138.0,3134.3,31617400,3447.7,2820.9,3839.9,2896.0,3141.5,89,6,3141.4,29,1,3141.3,12,1,3141.2,24,2,3141.0,34,4,3141.8,17,2,3141.9,90,1,3142.0,101,2,3142.5,14,1,3142.8,98,1
2031,2026-06-16 09:19:52+05:30,3141.5,8,3147.69,199310,88804.0,126955.0,3163.0,3163.0,3138.0,3134.3,31617400,3447.7,2820.9,3839.9,2896.0,3141.5,124,5,3141.4,29,1,3141.1,12,1,3141.0,18,2,3140.7,63,3,3141.8,76,4,3141.9,90,1,3142.0,105,3,3142.2,5,1,3142.4,42,1
2031,2026-06-16 09:19:53+05:30,3141.8,1,3147.69,199310,88804.0,126955.0,3163.0,3163.0,3138.0,3134.3,31617400,3447.7,2820.9,3839.9,2896.0,3141.5,124,5,3141.4,29,1,3141.1,12,1,3141.0,18,2,3140.7,63,3,3141.8,76,4,3141.9,90,1,3142.0,105,3,3142.2,5,1,3142.4,42,1
2031,2026-06-16 09:19:53+05:30,3141.9,1,3147.68,199474,89558.0,126375.0,3163.0,3163.0,3138.0,3134.3,31617400,3447.7,2820.9,3839.9,2896.0,3141.5,157,7,3141.4,23,2,3141.2,16,1,3141.0,29,3,3140.9,128,2,3141.9,89,1,3142.0,105,3,3142.2,5,1,3142.5,22,2,3142.9,173,1
2031,2026-06-16 09:19:54+05:30,3141.9,1,3147.68,199474,89558.0,126375.0,3163.0,3163.0,3138.0,3134.3,31617400,3447.7,2820.9,3839.9,2896.0,3141.5,157,7,3141.4,23,2,3141.2,16,1,3141.0,29,3,3140.9,128,2,3141.9,89,1,3142.0,105,3,3142.2,5,1,3142.5,22,2,3142.9,173,1
2031,2026-06-16 09:19:54+05:30,3141.9,11,3147.67,199774,88958.0,126548.0,3163.0,3163.0,3138.0,3134.3,31617400,3447.7,2820.9,3839.9,2896.0,3141.5,18,5,3141.4,26,2,3141.3,11,1,3141.2,16,1,3141.1,24,1,3141.9,12,1,3142.0,105,3,3142.2,5,1,3142.5,58,4,3142.8,86,1
2031,2026-06-16 09:19:55+05:30,3141.5,2,3147.67,199774,88958.0,126548.0,3163.0,3163.0,3138.0,3134.3,31617400,3447.7,2820.9,3839.9,2896.0,3141.5,18,5,3141.4,26,2,3141.3,11,1,3141.2,16,1,3141.1,24,1,3141.9,12,1,3142.0,105,3,3142.2,5,1,3142.5,58,4,3142.8,86,1
2031,2026-06-16 09:19:55+05:30,3142.8,1,3147.66,200093,89813.0,125469.0,3163.0,3163.0,3138.0,3134.3,31617400,3447.7,2820.9,3839.9,2896.0,3141.5,35,4,3141.4,78,3,3141.3,65,2,3141.2,147,4,3141.1,287,3,3142.8,20,2,3142.9,156,1,3143.0,112,3,3143.2,129,3,3143.3,3,1
2031,2026-06-16 09:19:56+05:30,3142.8,1,3147.66,200093,89813.0,125469.0,3163.0,3163.0,3138.0,3134.3,31617400,3447.7,2820.9,3839.9,2896.0,3141.5,35,4,3141.4,78,3,3141.3,65,2,3141.2,147,4,3141.1,287,3,3142.8,20,2,3142.9,156,1,3143.0,112,3,3143.2,129,3,3143.3,3,1
2031,2026-06-16 09:19:57+05:30,3142.7,3,3147.66,200096,89687.0,126194.0,3163.0,3163.0,3138.0,3134.3,31617400,3447.7,2820.9,3839.9,2896.0,3141.6,4,1,3141.5,174,6,3141.4,26,2,3141.3,11,1,3141.2,68,2,3142.7,196,3,3142.8,126,7,3142.9,79,3,3143.0,101,4,3143.1,37,2
2031,2026-06-16 09:19:57+05:30,3142.7,3,3147.66,200096,89687.0,126194.0,3163.0,3163.0,3138.0,3134.3,31617400,3447.7,2820.9,3839.9,2896.0,3141.6,4,1,3141.5,174,6,3141.4,26,2,3141.3,11,1,3141.2,68,2,3142.7,196,3,3142.8,126,7,3142.9,79,3,3143.0,101,4,3143.1,37,2
2031,2026-06-16 09:19:58+05:30,3142.6,25,3147.66,200096,89687.0,126194.0,3163.0,3163.0,3138.0,3134.3,31617400,3447.7,2820.9,3839.9,2896.0,3141.6,4,1,3141.5,174,6,3141.4,26,2,3141.3,11,1,3141.2,68,2,3142.7,196,3,3142.8,126,7,3142.9,79,3,3143.0,101,4,3143.1,37,2
2031,2026-06-16 09:19:58+05:30,3142.6,25,3147.66,200121,89530.0,126316.0,3163.0,3163.0,3138.0,3134.3,31617400,3447.7,2820.9,3839.9,2896.0,3141.6,18,2,3141.5,174,6,3141.4,26,2,3141.2,11,1,3141.1,1,1,3142.5,179,2,3142.6,43,3,3142.7,251,8,3142.8,183,8,3142.9,37,2
2031,2026-06-16 09:19:59+05:30,3142.4,16,3147.66,200121,89530.0,126316.0,3163.0,3163.0,3138.0,3134.3,31617400,3447.7,2820.9,3839.9,2896.0,3141.6,18,2,3141.5,174,6,3141.4,26,2,3141.2,11,1,3141.1,1,1,3142.5,179,2,3142.6,43,3,3142.7,251,8,3142.8,183,8,3142.9,37,2
2031,2026-06-16 09:19:59+05:30,3142.4,1,3147.66,200138,89933.0,126537.0,3163.0,3163.0,3138.0,3134.3,31617400,3447.7,2820.9,3839.9,2896.0,3141.8,29,1,3141.6,59,3,3141.5,224,7,3141.4,1,1,3141.1,1,1,3142.4,46,2,3142.5,50,2,3142.6,26,1,3142.7,133,6,3142.8,40,4
2031,2026-06-16 09:20:00+05:30,3142.4,1,3147.66,200138,89933.0,126537.0,3163.0,3163.0,3138.0,3134.3,31617400,3447.7,2820.9,3839.9,2896.0,3141.8,29,1,3141.6,59,3,3141.5,224,7,3141.4,1,1,3141.1,1,1,3142.4,46,2,3142.5,50,2,3142.6,26,1,3142.7,133,6,3142.8,40,4
2031,2026-06-16 09:20:00+05:30,3142.4,1,3147.66,200357,90014.0,126245.0,3163.0,3163.0,3138.0,3134.3,31617400,3447.7,2820.9,3839.9,2896.0,3141.8,33,4,3141.6,59,3,3141.5,145,4,3141.4,1,1,3141.1,1,1,3142.5,67,4,3142.6,42,2,3142.7,122,5,3142.8,92,6,3142.9,76,3
2031,2026-06-16 09:20:01+05:30,3142.1,1,3147.66,200357,90014.0,126245.0,3163.0,3163.0,3138.0,3134.3,31617400,3447.7,2820.9,3839.9,2896.0,3141.8,33,4,3141.6,59,3,3141.5,145,4,3141.4,1,1,3141.1,1,1,3142.5,67,4,3142.6,42,2,3142.7,122,5,3142.8,92,6,3142.9,76,3
2031,2026-06-16 09:20:01+05:30,3142.1,1,3147.63,201238,90330.0,128346.0,3163.0,3163.0,3138.0,3134.3,31617400,3447.7,2820.9,3839.9,2896.0,3141.6,60,4,3141.5,140,3,3141.4,1,1,3141.2,10,1,3141.1,25,2,3142.2,17,1,3142.4,40,3,3142.5,28,2,3142.7,22,2,3142.8,103,5
2031,2026-06-16 09:20:02+05:30,3142.2,1,3147.63,201238,90330.0,128346.0,3163.0,3163.0,3138.0,3134.3,31617400,3447.7,2820.9,3839.9,2896.0,3141.6,60,4,3141.5,140,3,3141.4,1,1,3141.2,10,1,3141.1,25,2,3142.2,17,1,3142.4,40,3,3142.5,28,2,3142.7,22,2,3142.8,103,5
2031,2026-06-16 09:20:02+05:30,3142.2,1,3147.63,201345,90553.0,128573.0,3163.0,3163.0,3138.0,3134.3,31617400,3447.7,2820.9,3839.9,2896.0,3141.6,7,3,3141.5,140,3,3141.4,2,2,3141.1,1,1,3141.0,1,1,3142.2,16,1,3142.4,60,3,3142.5,228,3,3142.6,22,1,3142.7,139,5
2031,2026-06-16 09:20:03+05:30,3141.6,1,3147.63,201345,90553.0,128573.0,3163.0,3163.0,3138.0,3134.3,31617400,3447.7,2820.9,3839.9,2896.0,3141.6,7,3,3141.5,140,3,3141.4,2,2,3141.1,1,1,3141.0,1,1,3142.2,16,1,3142.4,60,3,3142.5,228,3,3142.6,22,1,3142.7,139,5
2031,2026-06-16 09:20:03+05:30,3141.6,1,3147.63,201367,90687.0,128791.0,3163.0,3163.0,3138.0,3134.3,31617400,3447.7,2820.9,3839.9,2896.0,3141.6,95,4,3141.5,143,4,3141.4,2,2,3141.1,1,1,3141.0,1,1,3142.2,44,3,3142.4,60,3,3142.5,234,3,3142.6,22,1,3142.7,264,4
2031,2026-06-16 09:20:04+05:30,3141.0,1,3147.63,201367,90687.0,128791.0,3163.0,3163.0,3138.0,3134.3,31617400,3447.7,2820.9,3839.9,2896.0,3141.6,95,4,3141.5,143,4,3141.4,2,2,3141.1,1,1,3141.0,1,1,3142.2,44,3,3142.4,60,3,3142.5,234,3,3142.6,22,1,3142.7,264,4
2031,2026-06-16 09:20:04+05:30,3141.0,1,3147.61,201929,89613.0,131129.0,3163.0,3163.0,3138.0,3134.3,31617400,3447.7,2820.9,3839.9,2896.0,3140.7,29,2,3140.3,17,1,3140.0,162,6,3139.4,75,2,3139.3,218,5,3141.1,208,2,3141.2,22,1,3141.3,19,1,3141.4,98,5,3141.5,170,2
2031,2026-06-16 09:20:05+05:30,3140.0,5,3147.61,201929,89613.0,131129.0,3163.0,3163.0,3138.0,3134.3,31617400,3447.7,2820.9,3839.9,2896.0,3140.7,29,2,3140.3,17,1,3140.0,162,6,3139.4,75,2,3139.3,218,5,3141.1,208,2,3141.2,22,1,3141.3,19,1,3141.4,98,5,3141.5,170,2
2031,2026-06-16 09:20:05+05:30,3140.0,5,3147.6,202117,88691.0,131118.0,3163.0,3163.0,3138.0,3134.3,31617400,3447.7,2820.9,3839.9,2896.0,3140.0,120,5,3139.9,12,1,3139.8,4,1,3139.6,6,1,3139.4,26,1,3140.7,200,1,3140.8,22,1,3140.9,29,1,3141.0,7,1,3141.1,59,4
2031,2026-06-16 09:20:06+05:30,3140.0,5,3147.6,202117,88691.0,131118.0,3163.0,3163.0,3138.0,3134.3,31617400,3447.7,2820.9,3839.9,2896.0,3140.0,120,5,3139.9,12,1,3139.8,4,1,3139.6,6,1,3139.4,26,1,3140.7,200,1,3140.8,22,1,3140.9,29,1,3141.0,7,1,3141.1,59,4
2031,2026-06-16 09:20:06+05:30,3140.0,5,3147.6,202117,88691.0,131118.0,3163.0,3163.0,3138.0,3134.3,31617400,3447.7,2820.9,3839.9,2896.0,3140.0,120,5,3139.9,12,1,3139.8,4,1,3139.6,6,1,3139.4,26,1,3140.7,200,1,3140.8,22,1,3140.9,29,1,3141.0,7,1,3141.1,59,4
2031,2026-06-16 09:20:06+05:30,3140.0,8,3147.6,202136,88274.0,131240.0,3163.0,3163.0,3138.0,3134.3,31617400,3447.7,2820.9,3839.9,2896.0,3140.0,102,4,3139.9,12,1,3139.8,4,1,3139.6,6,1,3139.4,33,1,3140.5,199,1,3140.6,64,1,3140.7,51,3,3141.0,36,2,3141.1,50,2
2031,2026-06-16 09:20:07+05:30,3140.0,8,3147.6,202136,88274.0,131240.0,3163.0,3163.0,3138.0,3134.3,31617400,3447.7,2820.9,3839.9,2896.0,3140.0,102,4,3139.9,12,1,3139.8,4,1,3139.6,6,1,3139.4,33,1,3140.5,199,1,3140.6,64,1,3140.7,51,3,3141.0,36,2,3141.1,50,2
2031,2026-06-16 09:20:07+05:30,3140.0,8,3147.6,202136,88274.0,131240.0,3163.0,3163.0,3138.0,3134.3,31617400,3447.7,2820.9,3839.9,2896.0,3140.0,102,4,3139.9,12,1,3139.8,4,1,3139.6,6,1,3139.4,33,1,3140.5,199,1,3140.6,64,1,3140.7,51,3,3141.0,36,2,3141.1,50,2
2031,2026-06-16 09:20:08+05:30,3140.0,5,3147.6,202141,88526.0,131609.0,3163.0,3163.0,3138.0,3134.3,31617400,3447.7,2820.9,3839.9,2896.0,3140.0,147,5,3139.9,12,1,3139.8,4,1,3139.6,6,1,3139.4,59,2,3140.3,199,1,3140.4,64,1,3140.5,53,3,3140.6,34,1,3140.7,23,1
2031,2026-06-16 09:20:08+05:30,3140.0,5,3147.6,202141,88526.0,131609.0,3163.0,3163.0,3138.0,3134.3,31617400,3447.7,2820.9,3839.9,2896.0,3140.0,147,5,3139.9,12,1,3139.8,4,1,3139.6,6,1,3139.4,59,2,3140.3,199,1,3140.4,64,1,3140.5,53,3,3140.6,34,1,3140.7,23,1
2031,2026-06-16 09:20:09+05:30,3140.1,22,3147.6,202141,88526.0,131609.0,3163.0,3163.0,3138.0,3134.3,31617400,3447.7,2820.9,3839.9,2896.0,3140.0,147,5,3139.9,12,1,3139.8,4,1,3139.6,6,1,3139.4,59,2,3140.3,199,1,3140.4,64,1,3140.5,53,3,3140.6,34,1,3140.7,23,1
2031,2026-06-16 09:20:09+05:30,3140.1,22,3147.6,202274,88796.0,132443.0,3163.0,3163.0,3138.0,3134.3,31617400,3447.7,2820.9,3839.9,2896.0,3140.0,185,11,3139.9,12,1,3139.8,4,1,3139.6,6,1,3139.5,26,1,3140.1,116,1,3140.2,64,1,3140.3,53,3,3140.4,34,1,3140.5,25,1
2031,2026-06-16 09:20:09+05:30,3140.1,22,3147.6,202274,88796.0,132443.0,3163.0,3163.0,3138.0,3134.3,31617400,3447.7,2820.9,3839.9,2896.0,3140.0,185,11,3139.9,12,1,3139.8,4,1,3139.6,6,1,3139.5,26,1,3140.1,116,1,3140.2,64,1,3140.3,53,3,3140.4,34,1,3140.5,25,1
2031,2026-06-16 09:20:10+05:30,3140.0,3,3147.6,202274,88796.0,132443.0,3163.0,3163.0,3138.0,3134.3,31617400,3447.7,2820.9,3839.9,2896.0,3140.0,185,11,3139.9,12,1,3139.8,4,1,3139.6,6,1,3139.5,26,1,3140.1,116,1,3140.2,64,1,3140.3,53,3,3140.4,34,1,3140.5,25,1
2031,2026-06-16 09:20:10+05:30,3140.0,3,3147.58,202773,88345.0,132145.0,3163.0,3163.0,3138.0,3134.3,31617400,3447.7,2820.9,3839.9,2896.0,3140.0,31,3,3139.9,12,1,3139.8,4,1,3139.6,6,1,3139.3,45,2,3140.2,23,1,3140.3,25,1,3140.4,34,1,3140.7,226,2,3140.8,88,3
2031,2026-06-16 09:20:10+05:30,3140.0,3,3147.58,202773,88345.0,132145.0,3163.0,3163.0,3138.0,3134.3,31617400,3447.7,2820.9,3839.9,2896.0,3140.0,31,3,3139.9,12,1,3139.8,4,1,3139.6,6,1,3139.3,45,2,3140.2,23,1,3140.3,25,1,3140.4,34,1,3140.7,226,2,3140.8,88,3
2031,2026-06-16 09:20:11+05:30,3140.4,31,3147.58,202773,88345.0,132145.0,3163.0,3163.0,3138.0,3134.3,31617400,3447.7,2820.9,3839.9,2896.0,3140.0,31,3,3139.9,12,1,3139.8,4,1,3139.6,6,1,3139.3,45,2,3140.2,23,1,3140.3,25,1,3140.4,34,1,3140.7,226,2,3140.8,88,3
2031,2026-06-16 09:20:11+05:30,3140.4,31,3147.58,202873,88936.0,132336.0,3163.0,3163.0,3138.0,3134.3,31617400,3447.7,2820.9,3839.9,2896.0,3140.0,32,4,3139.9,12,1,3139.8,4,1,3139.6,6,1,3139.3,45,2,3140.4,3,1,3140.6,23,1,3140.7,278,4,3140.8,102,3,3140.9,127,4
2031,2026-06-16 09:20:12+05:30,3140.5,1,3147.58,202873,88936.0,132336.0,3163.0,3163.0,3138.0,3134.3,31617400,3447.7,2820.9,3839.9,2896.0,3140.0,32,4,3139.9,12,1,3139.8,4,1,3139.6,6,1,3139.3,45,2,3140.4,3,1,3140.6,23,1,3140.7,278,4,3140.8,102,3,3140.9,127,4
2031,2026-06-16 09:20:12+05:30,3140.5,1,3147.58,202873,88936.0,132336.0,3163.0,3163.0,3138.0,3134.3,31617400,3447.7,2820.9,3839.9,2896.0,3140.0,32,4,3139.9,12,1,3139.8,4,1,3139.6,6,1,3139.3,45,2,3140.4,3,1,3140.6,23,1,3140.7,278,4,3140.8,102,3,3140.9,127,4
2031,2026-06-16 09:20:12+05:30,3140.0,6,3147.57,202903,89481.0,132485.0,3163.0,3163.0,3138.0,3134.3,31617400,3447.7,2820.9,3839.9,2896.0,3140.0,49,6,3139.9,42,2,3139.8,4,1,3139.6,6,1,3139.4,111,2,3140.5,11,1,3140.6,23,1,3140.7,228,2,3140.8,19,1,3141.0,50,5
2031,2026-06-16 09:20:13+05:30,3140.5,10,3147.57,202903,89481.0,132485.0,3163.0,3163.0,3138.0,3134.3,31617400,3447.7,2820.9,3839.9,2896.0,3140.0,49,6,3139.9,42,2,3139.8,4,1,3139.6,6,1,3139.4,111,2,3140.5,11,1,3140.6,23,1,3140.7,228,2,3140.8,19,1,3141.0,50,5
2031,2026-06-16 09:20:13+05:30,3140.0,6,3147.57,202950,89195.0,132542.0,3163.0,3163.0,3138.0,3134.3,31617400,3447.7,2820.9,3839.9,2896.0,3140.0,309,7,3139.9,42,2,3139.8,4,1,3139.6,6,1,3139.3,45,2,3140.5,35,3,3140.6,42,2,3140.7,228,2,3140.8,58,3,3140.9,44,2
2031,2026-06-16 09:20:13+05:30,3140.0,6,3147.57,202950,89195.0,132542.0,3163.0,3163.0,3138.0,3134.3,31617400,3447.7,2820.9,3839.9,2896.0,3140.0,309,7,3139.9,42,2,3139.8,4,1,3139.6,6,1,3139.3,45,2,3140.5,35,3,3140.6,42,2,3140.7,228,2,3140.8,58,3,3140.9,44,2
2031,2026-06-16 09:20:14+05:30,3140.4,10,3147.57,202950,89195.0,132542.0,3163.0,3163.0,3138.0,3134.3,31617400,3447.7,2820.9,3839.9,2896.0,3140.0,309,7,3139.9,42,2,3139.8,4,1,3139.6,6,1,3139.3,45,2,3140.5,35,3,3140.6,42,2,3140.7,228,2,3140.8,58,3,3140.9,44,2
2031,2026-06-16 09:20:14+05:30,3140.0,8,3147.57,203168,88929.0,132604.0,3163.0,3163.0,3138.0,3134.3,31617400,3447.7,2820.9,3839.9,2896.0,3140.0,108,4,3139.9,42,2,3139.8,4,1,3139.6,6,1,3139.3,45,2,3140.3,190,1,3140.5,85,6,3140.6,35,2,3140.7,213,3,3140.8,109,4
2031,2026-06-16 09:20:14+05:30,3140.0,8,3147.57,203168,88929.0,132604.0,3163.0,3163.0,3138.0,3134.3,31617400,3447.7,2820.9,3839.9,2896.0,3140.0,108,4,3139.9,42,2,3139.8,4,1,3139.6,6,1,3139.3,45,2,3140.3,190,1,3140.5,85,6,3140.6,35,2,3140.7,213,3,3140.8,109,4
2031,2026-06-16 09:20:15+05:30,3140.0,12,3147.57,203168,88929.0,132604.0,3163.0,3163.0,3138.0,3134.3,31617400,3447.7,2820.9,3839.9,2896.0,3140.0,108,4,3139.9,42,2,3139.8,4,1,3139.6,6,1,3139.3,45,2,3140.3,190,1,3140.5,85,6,3140.6,35,2,3140.7,213,3,3140.8,109,4
2031,2026-06-16 09:20:15+05:30,3140.0,12,3147.57,203168,88929.0,132604.0,3163.0,3163.0,3138.0,3134.3,31617400,3447.7,2820.9,3839.9,2896.0,3140.0,108,4,3139.9,42,2,3139.8,4,1,3139.6,6,1,3139.3,45,2,3140.3,190,1,3140.5,85,6,3140.6,35,2,3140.7,213,3,3140.8,109,4
2031,2026-06-16 09:20:15+05:30,3140.3,10,3147.56,203280,89432.0,133030.0,3163.0,3163.0,3138.0,3134.3,31617400,3447.7,2820.9,3839.9,2896.0,3140.2,2,2,3140.0,140,7,3139.9,38,2,3139.8,4,1,3139.6,6,1,3140.3,184,3,3140.4,16,2,3140.5,30,2,3140.6,23,1,3140.7,171,1
2031,2026-06-16 09:20:16+05:30,3140.3,10,3147.56,203280,89432.0,133030.0,3163.0,3163.0,3138.0,3134.3,31617400,3447.7,2820.9,3839.9,2896.0,3140.2,2,2,3140.0,140,7,3139.9,38,2,3139.8,4,1,3139.6,6,1,3140.3,184,3,3140.4,16,2,3140.5,30,2,3140.6,23,1,3140.7,171,1
2031,2026-06-16 09:20:16+05:30,3140.2,6,3147.56,203280,89432.0,133030.0,3163.0,3163.0,3138.0,3134.3,31617400,3447.7,2820.9,3839.9,2896.0,3140.2,2,2,3140.0,140,7,3139.9,38,2,3139.8,4,1,3139.6,6,1,3140.3,184,3,3140.4,16,2,3140.5,30,2,3140.6,23,1,3140.7,171,1
2031,2026-06-16 09:20:16+05:30,3140.2,6,3147.56,203280,89432.0,133030.0,3163.0,3163.0,3138.0,3134.3,31617400,3447.7,2820.9,3839.9,2896.0,3140.2,2,2,3140.0,140,7,3139.9,38,2,3139.8,4,1,3139.6,6,1,3140.3,184,3,3140.4,16,2,3140.5,30,2,3140.6,23,1,3140.7,171,1
2031,2026-06-16 09:20:16+05:30,3139.9,1,3147.52,204370,87871.0,133967.0,3163.0,3163.0,3138.0,3134.3,31617400,3447.7,2820.9,3839.9,2896.0,3139.0,510,4,3138.8,110,2,3138.3,10,1,3138.0,492,10,3137.8,52,1,3139.9,255,7,3140.0,220,2,3140.1,76,3,3140.2,173,8,3140.3,328,8
2031,2026-06-16 09:20:17+05:30,3139.9,1,3147.52,204370,87871.0,133967.0,3163.0,3163.0,3138.0,3134.3,31617400,3447.7,2820.9,3839.9,2896.0,3139.0,510,4,3138.8,110,2,3138.3,10,1,3138.0,492,10,3137.8,52,1,3139.9,255,7,3140.0,220,2,3140.1,76,3,3140.2,173,8,3140.3,328,8
2031,2026-06-16 09:20:17+05:30,3139.9,1,3147.52,204370,87871.0,133967.0,3163.0,3163.0,3138.0,3134.3,31617400,3447.7,2820.9,3839.9,2896.0,3139.0,510,4,3138.8,110,2,3138.3,10,1,3138.0,492,10,3137.8,52,1,3139.9,255,7,3140.0,220,2,3140.1,76,3,3140.2,173,8,3140.3,328,8
2031,2026-06-16 09:20:17+05:30,3139.0,12,3147.48,205392,88537.0,133574.0,3163.0,3163.0,3138.0,3134.3,31617400,3447.7,2820.9,3839.9,2896.0,3139.0,663,7,3138.8,110,2,3138.5,25,1,3138.3,145,5,3138.1,33,1,3139.9,10,2,3140.0,2,1,3140.1,35,5,3140.2,56,4,3140.3,247,4
2031,2026-06-16 09:20:17+05:30,3139.0,12,3147.48,205392,88537.0,133574.0,3163.0,3163.0,3138.0,3134.3,31617400,3447.7,2820.9,3839.9,2896.0,3139.0,663,7,3138.8,110,2,3138.5,25,1,3138.3,145,5,3138.1,33,1,3139.9,10,2,3140.0,2,1,3140.1,35,5,3140.2,56,4,3140.3,247,4
2031,2026-06-16 09:20:18+05:30,3139.0,12,3147.48,205392,88537.0,133574.0,3163.0,3163.0,3138.0,3134.3,31617400,3447.7,2820.9,3839.9,2896.0,3139.0,663,7,3138.8,110,2,3138.5,25,1,3138.3,145,5,3138.1,33,1,3139.9,10,2,3140.0,2,1,3140.1,35,5,3140.2,56,4,3140.3,247,4
2031,2026-06-16 09:20:18+05:30,3139.0,12,3147.48,205392,88537.0,133574.0,3163.0,3163.0,3138.0,3134.3,31617400,3447.7,2820.9,3839.9,2896.0,3139.0,663,7,3138.8,110,2,3138.5,25,1,3138.3,145,5,3138.1,33,1,3139.9,10,2,3140.0,2,1,3140.1,35,5,3140.2,56,4,3140.3,247,4
2031,2026-06-16 09:20:19+05:30,3139.0,35,3147.48,205515,88796.0,134248.0,3163.0,3163.0,3138.0,3134.3,31617400,3447.7,2820.9,3839.9,2896.0,3139.0,640,8,3138.8,199,6,3138.7,34,2,3138.5,50,1,3138.4,65,2,3139.9,11,3,3140.0,2,1,3140.1,35,5,3140.2,33,3,3140.3,244,4
2031,2026-06-16 09:20:19+05:30,3139.0,35,3147.48,205515,88796.0,134248.0,3163.0,3163.0,3138.0,3134.3,31617400,3447.7,2820.9,3839.9,2896.0,3139.0,640,8,3138.8,199,6,3138.7,34,2,3138.5,50,1,3138.4,65,2,3139.9,11,3,3140.0,2,1,3140.1,35,5,3140.2,33,3,3140.3,244,4
2031,2026-06-16 09:20:19+05:30,3139.0,35,3147.48,205515,88796.0,134248.0,3163.0,3163.0,3138.0,3134.3,31617400,3447.7,2820.9,3839.9,2896.0,3139.0,640,8,3138.8,199,6,3138.7,34,2,3138.5,50,1,3138.4,65,2,3139.9,11,3,3140.0,2,1,3140.1,35,5,3140.2,33,3,3140.3,244,4
2031,2026-06-16 09:20:20+05:30,3139.9,3,3147.45,206113,88107.0,133848.0,3163.0,3163.0,3138.0,3134.3,31617400,3447.7,2820.9,3839.9,2896.0,3139.9,25,1,3139.1,115,3,3139.0,201,7,3138.8,134,4,3138.7,200,1,3140.0,2,1,3140.1,25,3,3140.2,33,3,3140.3,68,2,3140.4,20,3
2031,2026-06-16 09:20:20+05:30,3139.9,3,3147.45,206113,88107.0,133848.0,3163.0,3163.0,3138.0,3134.3,31617400,3447.7,2820.9,3839.9,2896.0,3139.9,25,1,3139.1,115,3,3139.0,201,7,3138.8,134,4,3138.7,200,1,3140.0,2,1,3140.1,25,3,3140.2,33,3,3140.3,68,2,3140.4,20,3
2031,2026-06-16 09:20:20+05:30,3139.9,3,3147.45,206113,88107.0,133848.0,3163.0,3163.0,3138.0,3134.3,31617400,3447.7,2820.9,3839.9,2896.0,3139.9,25,1,3139.1,115,3,3139.0,201,7,3138.8,134,4,3138.7,200,1,3140.0,2,1,3140.1,25,3,3140.2,33,3,3140.3,68,2,3140.4,20,3
2031,2026-06-16 09:20:21+05:30,3139.9,12,3147.45,206113,88107.0,133848.0,3163.0,3163.0,3138.0,3134.3,31617400,3447.7,2820.9,3839.9,2896.0,3139.9,25,1,3139.1,115,3,3139.0,201,7,3138.8,134,4,3138.7,200,1,3140.0,2,1,3140.1,25,3,3140.2,33,3,3140.3,68,2,3140.4,20,3
2031,2026-06-16 09:20:21+05:30,3140.1,4,3147.45,206144,88742.0,133698.0,3163.0,3163.0,3138.0,3134.3,31617400,3447.7,2820.9,3839.9,2896.0,3139.9,54,2,3139.2,79,2,3139.1,57,2,3139.0,112,7,3138.9,147,2,3140.1,12,3,3140.2,33,3,3140.3,68,2,3140.4,20,3,3140.5,18,3
2031,2026-06-16 09:20:21+05:30,3140.1,4,3147.45,206144,88742.0,133698.0,3163.0,3163.0,3138.0,3134.3,31617400,3447.7,2820.9,3839.9,2896.0,3139.9,54,2,3139.2,79,2,3139.1,57,2,3139.0,112,7,3138.9,147,2,3140.1,12,3,3140.2,33,3,3140.3,68,2,3140.4,20,3,3140.5,18,3
2031,2026-06-16 09:20:22+05:30,3139.9,27,3147.45,206144,88742.0,133698.0,3163.0,3163.0,3138.0,3134.3,31617400,3447.7,2820.9,3839.9,2896.0,3139.9,54,2,3139.2,79,2,3139.1,57,2,3139.0,112,7,3138.9,147,2,3140.1,12,3,3140.2,33,3,3140.3,68,2,3140.4,20,3,3140.5,18,3
2031,2026-06-16 09:20:22+05:30,3139.9,27,3147.44,206387,89534.0,132001.0,3163.0,3163.0,3138.0,3134.3,31617400,3447.7,2820.9,3839.9,2896.0,3139.9,87,6,3139.8,53,3,3139.7,7,1,3139.6,61,2,3139.5,118,4,3140.5,11,1,3141.0,24,2,3141.1,8,1,3141.4,7,1,3141.6,187,2
2031,2026-06-16 09:20:22+05:30,3139.9,27,3147.44,206387,89534.0,132001.0,3163.0,3163.0,3138.0,3134.3,31647400,3447.7,2820.9,3839.9,2896.0,3139.9,87,6,3139.8,53,3,3139.7,7,1,3139.6,61,2,3139.5,118,4,3140.5,11,1,3141.0,24,2,3141.1,8,1,3141.4,7,1,3141.6,187,2
2031,2026-06-16 09:20:23+05:30,3139.3,200,3147.44,206387,89534.0,132001.0,3163.0,3163.0,3138.0,3134.3,31647400,3447.7,2820.9,3839.9,2896.0,3139.9,87,6,3139.8,53,3,3139.7,7,1,3139.6,61,2,3139.5,118,4,3140.5,11,1,3141.0,24,2,3141.1,8,1,3141.4,7,1,3141.6,187,2
2031,2026-06-16 09:20:23+05:30,3139.8,14,3147.39,207945,86641.0,133690.0,3163.0,3163.0,3138.0,3134.3,31647400,3447.7,2820.9,3839.9,2896.0,3139.0,117,8,3138.8,111,3,3138.3,11,2,3138.1,54,1,3138.0,363,13,3139.8,44,5,3139.9,109,4,3140.0,96,5,3140.1,46,2,3140.2,71,2
2031,2026-06-16 09:20:24+05:30,3139.0,2,3147.39,207945,86641.0,133690.0,3163.0,3163.0,3138.0,3134.3,31647400,3447.7,2820.9,3839.9,2896.0,3139.0,117,8,3138.8,111,3,3138.3,11,2,3138.1,54,1,3138.0,363,13,3139.8,44,5,3139.9,109,4,3140.0,96,5,3140.1,46,2,3140.2,71,2
2031,2026-06-16 09:20:24+05:30,3139.0,4,3147.38,208150,85910.0,134542.0,3163.0,3163.0,3138.0,3134.3,31647400,3447.7,2820.9,3839.9,2896.0,3139.0,53,3,3138.8,111,3,3138.3,11,2,3138.0,388,14,3137.9,9,1,3139.5,22,1,3139.6,73,6,3139.7,106,6,3139.8,55,5,3139.9,313,5
2031,2026-06-16 09:20:25+05:30,3139.7,9,3147.38,208150,85910.0,134542.0,3163.0,3163.0,3138.0,3134.3,31647400,3447.7,2820.9,3839.9,2896.0,3139.0,53,3,3138.8,111,3,3138.3,11,2,3138.0,388,14,3137.9,9,1,3139.5,22,1,3139.6,73,6,3139.7,106,6,3139.8,55,5,3139.9,313,5
2031,2026-06-16 09:20:25+05:30,3139.2,98,3147.36,208691,86995.0,134843.0,3163.0,3163.0,3138.0,3134.3,31647400,3447.7,2820.9,3839.9,2896.0,3139.0,29,2,3138.8,111,3,3138.5,12,1,3138.3,42,3,3138.2,122,2,3139.2,32,1,3139.9,119,4,3140.0,55,2,3140.1,119,2,3140.2,146,3
2031,2026-06-16 09:20:26+05:30,3139.8,23,3147.36,208691,86995.0,134843.0,3163.0,3163.0,3138.0,3134.3,31647400,3447.7,2820.9,3839.9,2896.0,3139.0,29,2,3138.8,111,3,3138.5,12,1,3138.3,42,3,3138.2,122,2,3139.2,32,1,3139.9,119,4,3140.0,55,2,3140.1,119,2,3140.2,146,3
2031,2026-06-16 09:20:26+05:30,3139.8,23,3147.35,209009,87774.0,134531.0,3163.0,3163.0,3138.0,3134.3,31647400,3447.7,2820.9,3839.9,2896.0,3139.0,47,3,3138.8,111,3,3138.4,75,2,3138.3,165,5,3138.2,117,3,3139.9,2,1,3140.0,84,4,3140.1,39,2,3140.2,165,4,3140.3,209,2
2031,2026-06-16 09:20:27+05:30,3140.0,3,3147.35,209009,87774.0,134531.0,3163.0,3163.0,3138.0,3134.3,31647400,3447.7,2820.9,3839.9,2896.0,3139.0,47,3,3138.8,111,3,3138.4,75,2,3138.3,165,5,3138.2,117,3,3139.9,2,1,3140.0,84,4,3140.1,39,2,3140.2,165,4,3140.3,209,2
2031,2026-06-16 09:20:27+05:30,3140.0,1,3147.34,209016,88175.0,134337.0,3163.0,3163.0,3138.0,3134.3,31647400,3447.7,2820.9,3839.9,2896.0,3139.0,119,8,3138.9,82,3,3138.8,314,7,3138.7,42,1,3138.6,48,2,3140.0,31,1,3140.1,17,1,3140.2,25,1,3140.3,26,1,3140.5,75,3
2031,2026-06-16 09:20:28+05:30,3140.0,1,3147.34,209016,88175.0,134337.0,3163.0,3163.0,3138.0,3134.3,31647400,3447.7,2820.9,3839.9,2896.0,3139.0,119,8,3138.9,82,3,3138.8,314,7,3138.7,42,1,3138.6,48,2,3140.0,31,1,3140.1,17,1,3140.2,25,1,3140.3,26,1,3140.5,75,3
2031,2026-06-16 09:20:28+05:30,3140.0,2,3147.34,209027,88371.0,134911.0,3163.0,3163.0,3138.0,3134.3,31647400,3447.7,2820.9,3839.9,2896.0,3139.2,27,1,3139.0,112,8,3138.9,12,1,3138.8,231,5,3138.6,48,2,3140.0,57,3,3140.1,17,1,3140.2,25,1,3140.3,26,1,3140.5,98,4
2031,2026-06-16 09:20:29+05:30,3140.0,2,3147.34,209027,88371.0,134911.0,3163.0,3163.0,3138.0,3134.3,31647400,3447.7,2820.9,3839.9,2896.0,3139.2,27,1,3139.0,112,8,3138.9,12,1,3138.8,231,5,3138.6,48,2,3140.0,57,3,3140.1,17,1,3140.2,25,1,3140.3,26,1,3140.5,98,4
2031,2026-06-16 09:20:29+05:30,3140.0,14,3147.34,209077,88795.0,134818.0,3163.0,3163.0,3138.0,3134.3,31647400,3447.7,2820.9,3839.9,2896.0,3139.4,25,1,3139.2,47,3,3139.0,112,8,3138.9,12,1,3138.8,256,6,3140.0,48,3,3140.1,17,1,3140.2,25,1,3140.3,26,1,3140.5,140,5
2031,2026-06-16 09:20:30+05:30,3140.0,14,3147.34,209077,88795.0,134818.0,3163.0,3163.0,3138.0,3134.3,31647400,3447.7,2820.9,3839.9,2896.0,3139.4,25,1,3139.2,47,3,3139.0,112,8,3138.9,12,1,3138.8,256,6,3140.0,48,3,3140.1,17,1,3140.2,25,1,3140.3,26,1,3140.5,140,5
2031,2026-06-16 09:20:31+05:30,3139.4,7,3147.34,209122,89060.0,134376.0,3163.0,3163.0,3138.0,3134.3,31647400,3447.7,2820.9,3839.9,2896.0,3139.4,3,2,3139.2,52,4,3139.0,139,9,3138.9,14,1,3138.8,111,3,3140.0,58,5,3140.1,17,1,3140.2,72,3,3140.3,96,3,3140.4,43,2
2031,2026-06-16 09:20:31+05:30,3139.4,3,3147.34,209122,89060.0,134376.0,3163.0,3163.0,3138.0,3134.3,31647400,3447.7,2820.9,3839.9,2896.0,3139.4,3,2,3139.2,52,4,3139.0,139,9,3138.9,14,1,3138.8,111,3,3140.0,58,5,3140.1,17,1,3140.2,72,3,3140.3,96,3,3140.4,43,2
2031,2026-06-16 09:20:32+05:30,3140.0,10,3147.34,209122,89060.0,134376.0,3163.0,3163.0,3138.0,3134.3,31647400,3447.7,2820.9,3839.9,2896.0,3139.4,3,2,3139.2,52,4,3139.0,139,9,3138.9,14,1,3138.8,111,3,3140.0,58,5,3140.1,17,1,3140.2,72,3,3140.3,96,3,3140.4,43,2
2031,2026-06-16 09:20:32+05:30,3140.0,10,3147.34,209146,89218.0,134547.0,3163.0,3163.0,3138.0,3134.3,31647400,3447.7,2820.9,3839.9,2896.0,3139.9,20,1,3139.4,61,3,3139.2,52,4,3139.0,194,10,3138.9,98,2,3140.0,43,5,3140.1,36,2,3140.2,25,1,3140.3,26,1,3140.4,47,2
2031,2026-06-16 09:20:33+05:30,3140.0,1,3147.34,209146,89218.0,134547.0,3163.0,3163.0,3138.0,3134.3,31647400,3447.7,2820.9,3839.9,2896.0,3139.9,20,1,3139.4,61,3,3139.2,52,4,3139.0,194,10,3138.9,98,2,3140.0,43,5,3140.1,36,2,3140.2,25,1,3140.3,26,1,3140.4,47,2
2031,2026-06-16 09:20:33+05:30,3140.0,1,3147.32,209635,89450.0,134877.0,3163.0,3163.0,3138.0,3134.3,31647400,3447.7,2820.9,3839.9,2896.0,3139.4,81,3,3139.2,62,5,3139.1,11,1,3139.0,139,9,3138.9,81,3,3140.0,32,1,3140.1,17,1,3140.2,25,1,3140.3,26,1,3140.5,12,1
2031,2026-06-16 09:20:34+05:30,3139.4,15,3147.32,209635,89450.0,134877.0,3163.0,3163.0,3138.0,3134.3,31647400,3447.7,2820.9,3839.9,2896.0,3139.4,81,3,3139.2,62,5,3139.1,11,1,3139.0,139,9,3138.9,81,3,3140.0,32,1,3140.1,17,1,3140.2,25,1,3140.3,26,1,3140.5,12,1
2031,2026-06-16 09:20:34+05:30,3140.0,1,3147.32,209705,88716.0,134918.0,3163.0,3163.0,3138.0,3134.3,31647400,3447.7,2820.9,3839.9,2896.0,3139.4,65,3,3139.2,62,5,3139.0,139,9,3138.8,101,2,3138.6,25,1,3140.0,55,2,3140.1,17,1,3140.2,25,1,3140.3,49,2,3140.5,174,2
2031,2026-06-16 09:20:35+05:30,3139.4,17,3147.32,209705,88716.0,134918.0,3163.0,3163.0,3138.0,3134.3,31647400,3447.7,2820.9,3839.9,2896.0,3139.4,65,3,3139.2,62,5,3139.0,139,9,3138.8,101,2,3138.6,25,1,3140.0,55,2,3140.1,17,1,3140.2,25,1,3140.3,49,2,3140.5,174,2
2031,2026-06-16 09:20:35+05:30,3139.4,17,3147.32,209804,89889.0,134419.0,3163.0,3163.0,3138.0,3134.3,31647400,3447.7,2820.9,3839.9,2896.0,3139.9,25,1,3139.7,30,1,3139.4,118,7,3139.2,75,4,3139.1,44,2,3140.0,15,1,3140.1,17,1,3140.2,25,1,3140.3,26,1,3140.5,12,1
2031,2026-06-16 09:20:36+05:30,3139.9,12,3147.32,209804,89889.0,134419.0,3163.0,3163.0,3138.0,3134.3,31647400,3447.7,2820.9,3839.9,2896.0,3139.9,25,1,3139.7,30,1,3139.4,118,7,3139.2,75,4,3139.1,44,2,3140.0,15,1,3140.1,17,1,3140.2,25,1,3140.3,26,1,3140.5,12,1
2031,2026-06-16 09:20:36+05:30,3140.0,25,3147.31,209991,89953.0,134326.0,3163.0,3163.0,3138.0,3134.3,31647400,3447.7,2820.9,3839.9,2896.0,3139.9,14,2,3139.7,36,2,3139.5,21,1,3139.4,134,9,3139.3,10,1,3140.0,8,1,3140.1,17,1,3140.2,25,1,3140.3,26,1,3140.5,12,1
2031,2026-06-16 09:20:37+05:30,3139.9,8,3147.31,209991,89953.0,134326.0,3163.0,3163.0,3138.0,3134.3,31647400,3447.7,2820.9,3839.9,2896.0,3139.9,14,2,3139.7,36,2,3139.5,21,1,3139.4,134,9,3139.3,10,1,3140.0,8,1,3140.1,17,1,3140.2,25,1,3140.3,26,1,3140.5,12,1
2031,2026-06-16 09:20:37+05:30,3140.0,32,3147.29,210526,90024.0,134706.0,3163.0,3163.0,3138.0,3134.3,31647400,3447.7,2820.9,3839.9,2896.0,3139.9,52,3,3139.7,30,1,3139.5,21,1,3139.4,107,7,3139.3,11,1,3140.0,32,1,3140.2,25,1,3140.3,26,1,3140.4,201,2,3140.5,12,1
2031,2026-06-16 09:20:38+05:30,3139.9,6,3147.29,210526,90024.0,134706.0,3163.0,3163.0,3138.0,3134.3,31647400,3447.7,2820.9,3839.9,2896.0,3139.9,52,3,3139.7,30,1,3139.5,21,1,3139.4,107,7,3139.3,11,1,3140.0,32,1,3140.2,25,1,3140.3,26,1,3140.4,201,2,3140.5,12,1
2031,2026-06-16 09:20:38+05:30,3140.0,4,3147.29,210658,90122.0,134794.0,3163.0,3163.0,3138.0,3134.3,31647400,3447.7,2820.9,3839.9,2896.0,3139.9,56,2,3139.7,30,1,3139.4,94,7,3139.3,25,1,3139.2,60,3,3140.0,15,2,3140.2,25,1,3140.3,26,1,3140.4,226,3,3140.5,12,1
2031,2026-06-16 09:20:39+05:30,3140.0,4,3147.29,210658,90122.0,134794.0,3163.0,3163.0,3138.0,3134.3,31647400,3447.7,2820.9,3839.9,2896.0,3139.9,56,2,3139.7,30,1,3139.4,94,7,3139.3,25,1,3139.2,60,3,3140.0,15,2,3140.2,25,1,3140.3,26,1,3140.4,226,3,3140.5,12,1
2031,2026-06-16 09:20:39+05:30,3139.9,8,3147.29,210671,90058.0,134582.0,3163.0,3163.0,3138.0,3134.3,31647400,3447.7,2820.9,3839.9,2896.0,3139.9,48,2,3139.7,30,1,3139.5,10,1,3139.4,94,7,3139.2,36,3,3140.0,35,3,3140.2,25,1,3140.3,26,1,3140.4,226,3,3140.5,12,1
2031,2026-06-16 09:20:40+05:30,3139.9,12,3147.29,210671,90058.0,134582.0,3163.0,3163.0,3138.0,3134.3,31647400,3447.7,2820.9,3839.9,2896.0,3139.9,48,2,3139.7,30,1,3139.5,10,1,3139.4,94,7,3139.2,36,3,3140.0,35,3,3140.2,25,1,3140.3,26,1,3140.4,226,3,3140.5,12,1
2031,2026-06-16 09:20:40+05:30,3140.0,1,3147.28,210988,90127.0,134588.0,3163.0,3163.0,3138.0,3134.3,31647400,3447.7,2820.9,3839.9,2896.0,3139.9,48,4,3139.8,14,1,3139.7,72,3,3139.5,10,1,3139.4,95,4,3140.0,54,2,3140.2,25,1,3140.3,26,1,3140.4,226,3,3140.5,12,1
2031,2026-06-16 09:20:41+05:30,3139.9,8,3147.28,210988,90127.0,134588.0,3163.0,3163.0,3138.0,3134.3,31647400,3447.7,2820.9,3839.9,2896.0,3139.9,48,4,3139.8,14,1,3139.7,72,3,3139.5,10,1,3139.4,95,4,3140.0,54,2,3140.2,25,1,3140.3,26,1,3140.4,226,3,3140.5,12,1
2031,2026-06-16 09:20:42+05:30,3140.0,31,3147.24,211953,89825.0,132309.0,3163.0,3163.0,3138.0,3134.3,31647400,3447.7,2820.9,3839.9,2896.0,3139.9,62,8,3139.8,37,4,3139.7,83,3,3139.6,77,3,3139.5,49,3,3140.0,31,1,3140.4,9,2,3140.5,12,1,3141.5,143,1,3141.6,22,1
2031,2026-06-16 09:20:42+05:30,3140.0,31,3147.24,211953,89825.0,132309.0,3163.0,3163.0,3138.0,3134.3,31647400,3447.7,2820.9,3839.9,2896.0,3139.9,62,8,3139.8,37,4,3139.7,83,3,3139.6,77,3,3139.5,49,3,3140.0,31,1,3140.4,9,2,3140.5,12,1,3141.5,143,1,3141.6,22,1
2031,2026-06-16 09:20:43+05:30,3140.0,32,3147.23,212443,88977.0,133646.0,3163.0,3163.0,3138.0,3134.3,31647400,3447.7,2820.9,3839.9,2896.0,3139.9,69,6,3139.8,14,1,3139.7,30,1,3139.6,59,2,3139.5,34,2,3140.0,31,1,3140.4,9,2,3140.5,12,1,3141.3,77,2,3141.4,256,2
2031,2026-06-16 09:20:43+05:30,3140.0,32,3147.23,212443,88977.0,133646.0,3163.0,3163.0,3138.0,3134.3,31647400,3447.7,2820.9,3839.9,2896.0,3139.9,69,6,3139.8,14,1,3139.7,30,1,3139.6,59,2,3139.5,34,2,3140.0,31,1,3140.4,9,2,3140.5,12,1,3141.3,77,2,3141.4,256,2
2031,2026-06-16 09:20:44+05:30,3139.9,5,3147.22,212580,89644.0,133872.0,3163.0,3163.0,3138.0,3134.3,31647400,3447.7,2820.9,3839.9,2896.0,3139.9,164,8,3139.8,15,2,3139.7,32,2,3139.6,1,1,3139.5,87,4,3140.0,53,2,3140.4,9,2,3140.5,12,1,3141.0,17,1,3141.3,31,2
2031,2026-06-16 09:20:44+05:30,3139.9,5,3147.22,212580,89644.0,133872.0,3163.0,3163.0,3138.0,3134.3,31647400,3447.7,2820.9,3839.9,2896.0,3139.9,164,8,3139.8,15,2,3139.7,32,2,3139.6,1,1,3139.5,87,4,3140.0,53,2,3140.4,9,2,3140.5,12,1,3141.0,17,1,3141.3,31,2
2031,2026-06-16 09:20:45+05:30,3140.0,125,3147.22,212580,89644.0,133872.0,3163.0,3163.0,3138.0,3134.3,31647400,3447.7,2820.9,3839.9,2896.0,3139.9,164,8,3139.8,15,2,3139.7,32,2,3139.6,1,1,3139.5,87,4,3140.0,53,2,3140.4,9,2,3140.5,12,1,3141.0,17,1,3141.3,31,2
2031,2026-06-16 09:20:45+05:30,3140.0,125,3147.21,212894,89104.0,134112.0,3163.0,3163.0,3138.0,3134.3,31647400,3447.7,2820.9,3839.9,2896.0,3139.9,143,8,3139.8,15,2,3139.7,32,2,3139.6,2,2,3139.5,34,2,3140.0,34,1,3140.4,9,2,3140.5,12,1,3141.0,17,1,3141.1,180,1
2031,2026-06-16 09:20:46+05:30,3140.0,10,3147.21,212894,89104.0,134112.0,3163.0,3163.0,3138.0,3134.3,31647400,3447.7,2820.9,3839.9,2896.0,3139.9,143,8,3139.8,15,2,3139.7,32,2,3139.6,2,2,3139.5,34,2,3140.0,34,1,3140.4,9,2,3140.5,12,1,3141.0,17,1,3141.1,180,1
2031,2026-06-16 09:20:46+05:30,3140.0,10,3147.21,212978,89041.0,134607.0,3163.0,3163.0,3138.0,3134.3,31647400,3447.7,2820.9,3839.9,2896.0,3139.9,98,8,3139.8,15,2,3139.7,32,2,3139.6,2,2,3139.5,10,1,3140.0,55,2,3140.4,9,2,3140.5,35,2,3140.6,24,1,3140.8,225,4
2031,2026-06-16 09:20:47+05:30,3139.9,8,3147.21,212978,89041.0,134607.0,3163.0,3163.0,3138.0,3134.3,31647400,3447.7,2820.9,3839.9,2896.0,3139.9,98,8,3139.8,15,2,3139.7,32,2,3139.6,2,2,3139.5,10,1,3140.0,55,2,3140.4,9,2,3140.5,35,2,3140.6,24,1,3140.8,225,4
2031,2026-06-16 09:20:47+05:30,3140.0,1,3147.19,213651,89963.0,133622.0,3163.0,3163.0,3138.0,3134.3,31647400,3447.7,2820.9,3839.9,2896.0,3139.9,64,7,3139.8,16,3,3139.7,32,2,3139.6,2,2,3139.5,10,1,3140.0,33,1,3140.5,24,2,3140.8,24,1,3140.9,162,1,3141.0,84,4
2031,2026-06-16 09:20:48+05:30,3139.8,23,3147.19,213651,89963.0,133622.0,3163.0,3163.0,3138.0,3134.3,31647400,3447.7,2820.9,3839.9,2896.0,3139.9,64,7,3139.8,16,3,3139.7,32,2,3139.6,2,2,3139.5,10,1,3140.0,33,1,3140.5,24,2,3140.8,24,1,3140.9,162,1,3141.0,84,4
2031,2026-06-16 09:20:48+05:30,3139.4,2,3147.15,214594,87537.0,135008.0,3163.0,3163.0,3138.0,3134.3,31647400,3447.7,2820.9,3839.9,2896.0,3139.2,1,1,3139.0,326,11,3138.8,101,2,3138.6,79,1,3138.3,12,3,3139.4,90,1,3139.9,96,5,3140.0,152,4,3140.1,59,2,3140.2,71,5
2031,2026-06-16 09:20:49+05:30,3139.3,38,3147.15,214594,87537.0,135008.0,3163.0,3163.0,3138.0,3134.3,31647400,3447.7,2820.9,3839.9,2896.0,3139.2,1,1,3139.0,326,11,3138.8,101,2,3138.6,79,1,3138.3,12,3,3139.4,90,1,3139.9,96,5,3140.0,152,4,3140.1,59,2,3140.2,71,5
2031,2026-06-16 09:20:49+05:30,3139.4,1,3147.13,215243,86975.0,135595.0,3163.0,3163.0,3138.0,3134.3,31647400,3447.7,2820.9,3839.9,2896.0,3139.3,38,1,3139.0,52,3,3138.8,101,2,3138.6,79,1,3138.3,12,3,3139.4,18,4,3139.5,13,2,3139.6,24,2,3139.7,9,1,3139.8,47,2
2031,2026-06-16 09:20:50+05:30,3139.4,1,3147.13,215243,86975.0,135595.0,3163.0,3163.0,3138.0,3134.3,31647400,3447.7,2820.9,3839.9,2896.0,3139.3,38,1,3139.0,52,3,3138.8,101,2,3138.6,79,1,3138.3,12,3,3139.4,18,4,3139.5,13,2,3139.6,24,2,3139.7,9,1,3139.8,47,2
2031,2026-06-16 09:20:50+05:30,3139.7,23,3147.12,215448,87758.0,134444.0,3163.0,3163.0,3138.0,3134.3,31647400,3447.7,2820.9,3839.9,2896.0,3139.3,7,1,3139.0,72,4,3138.8,101,2,3138.6,123,2,3138.4,22,1,3139.9,2,1,3140.0,170,4,3140.1,40,1,3140.2,417,3,3140.4,191,5
2031,2026-06-16 09:20:51+05:30,3139.7,23,3147.12,215448,87758.0,134444.0,3163.0,3163.0,3138.0,3134.3,31647400,3447.7,2820.9,3839.9,2896.0,3139.3,7,1,3139.0,72,4,3138.8,101,2,3138.6,123,2,3138.4,22,1,3139.9,2,1,3140.0,170,4,3140.1,40,1,3140.2,417,3,3140.4,191,5
2031,2026-06-16 09:20:51+05:30,3139.7,23,3147.12,215448,88123.0,135452.0,3163.0,3163.0,3138.0,3134.3,31647400,3447.7,2820.9,3839.9,2896.0,3139.3,19,2,3139.0,72,4,3138.8,101,2,3138.6,123,2,3138.5,22,1,3139.4,14,1,3139.9,3,2,3140.0,75,2,3140.1,112,4,3140.2,68,3
2031,2026-06-16 09:20:52+05:30,3139.0,24,3147.12,215448,88123.0,135452.0,3163.0,3163.0,3138.0,3134.3,31647400,3447.7,2820.9,3839.9,2896.0,3139.3,19,2,3139.0,72,4,3138.8,101,2,3138.6,123,2,3138.5,22,1,3139.4,14,1,3139.9,3,2,3140.0,75,2,3140.1,112,4,3140.2,68,3
2031,2026-06-16 09:20:52+05:30,3139.0,6,3147.11,215828,87319.0,135656.0,3163.0,3163.0,3138.0,3134.3,31647400,3447.7,2820.9,3839.9,2896.0,3139.0,40,3,3138.8,101,2,3138.6,79,1,3138.3,12,3,3138.1,52,1,3139.4,40,2,3139.5,7,1,3139.6,23,1,3139.7,10,1,3139.8,24,1
2031,2026-06-16 09:20:53+05:30,3139.4,1,3147.11,215828,87319.0,135656.0,3163.0,3163.0,3138.0,3134.3,31647400,3447.7,2820.9,3839.9,2896.0,3139.0,40,3,3138.8,101,2,3138.6,79,1,3138.3,12,3,3138.1,52,1,3139.4,40,2,3139.5,7,1,3139.6,23,1,3139.7,10,1,3139.8,24,1
2031,2026-06-16 09:20:53+05:30,3139.4,1,3147.1,215904,87722.0,135584.0,3163.0,3163.0,3138.0,3134.3,31647400,3447.7,2820.9,3839.9,2896.0,3139.0,83,4,3138.8,101,2,3138.6,79,1,3138.3,68,4,3138.2,49,1,3139.4,10,1,3139.5,19,2,3139.7,8,1,3139.9,186,2,3140.0,145,5
2031,2026-06-16 09:20:54+05:30,3139.4,1,3147.1,215904,87722.0,135584.0,3163.0,3163.0,3138.0,3134.3,31647400,3447.7,2820.9,3839.9,2896.0,3139.0,83,4,3138.8,101,2,3138.6,79,1,3138.3,68,4,3138.2,49,1,3139.4,10,1,3139.5,19,2,3139.7,8,1,3139.9,186,2,3140.0,145,5
2031,2026-06-16 09:20:55+05:30,3139.0,5,3147.1,216108,88028.0,135320.0,3163.0,3163.0,3138.0,3134.3,31647400,3447.7,2820.9,3839.9,2896.0,3139.0,96,4,3138.8,131,3,3138.7,79,1,3138.4,11,1,3138.3,112,6,3139.4,7,2,3139.5,19,2,3139.7,8,1,3139.9,44,2,3140.0,268,6
2031,2026-06-16 09:20:55+05:30,3139.0,5,3147.1,216108,88028.0,135320.0,3163.0,3163.0,3138.0,3134.3,31647400,3447.7,2820.9,3839.9,2896.0,3139.0,96,4,3138.8,131,3,3138.7,79,1,3138.4,11,1,3138.3,112,6,3139.4,7,2,3139.5,19,2,3139.7,8,1,3139.9,44,2,3140.0,268,6
2031,2026-06-16 09:20:56+05:30,3139.0,20,3147.08,216488,87305.0,135567.0,3163.0,3163.0,3138.0,3134.3,31647400,3447.7,2820.9,3839.9,2896.0,3139.0,10,2,3138.8,131,3,3138.7,79,1,3138.3,12,3,3138.1,78,2,3139.4,8,3,3139.5,19,2,3139.7,32,2,3139.8,23,1,3140.0,295,7
2031,2026-06-16 09:20:56+05:30,3139.0,20,3147.08,216488,87305.0,135567.0,3163.0,3163.0,3138.0,3134.3,31647400,3447.7,2820.9,3839.9,2896.0,3139.0,10,2,3138.8,131,3,3138.7,79,1,3138.3,12,3,3138.1,78,2,3139.4,8,3,3139.5,19,2,3139.7,32,2,3139.8,23,1,3140.0,295,7
2031,2026-06-16 09:20:57+05:30,3139.0,20,3147.08,216488,87699.0,136025.0,3163.0,3163.0,3138.0,3134.3,31647400,3447.7,2820.9,3839.9,2896.0,3139.0,78,5,3138.9,79,1,3138.8,131,3,3138.4,16,1,3138.3,68,4,3139.4,40,5,3139.5,36,3,3139.7,8,1,3139.9,219,3,3140.0,272,7
2031,2026-06-16 09:20:58+05:30,3139.4,4,3147.08,216488,87699.0,136025.0,3163.0,3163.0,3138.0,3134.3,31647400,3447.7,2820.9,3839.9,2896.0,3139.0,78,5,3138.9,79,1,3138.8,131,3,3138.4,16,1,3138.3,68,4,3139.4,40,5,3139.5,36,3,3139.7,8,1,3139.9,219,3,3140.0,272,7
2031,2026-06-16 09:20:58+05:30,3139.4,4,3147.08,216518,88241.0,136117.0,3163.0,3163.0,3138.0,3134.3,31647400,3447.7,2820.9,3839.9,2896.0,3139.0,121,6,3138.9,94,2,3138.8,131,3,3138.3,68,4,3138.1,93,3,3139.4,17,2,3139.5,36,3,3139.7,8,1,3139.9,47,2,3140.0,272,7
2031,2026-06-16 09:20:59+05:30,3139.5,6,3147.08,216518,88241.0,136117.0,3163.0,3163.0,3138.0,3134.3,31647400,3447.7,2820.9,3839.9,2896.0,3139.0,121,6,3138.9,94,2,3138.8,131,3,3138.3,68,4,3138.1,93,3,3139.4,17,2,3139.5,36,3,3139.7,8,1,3139.9,47,2,3140.0,272,7
2031,2026-06-16 09:20:59+05:30,3139.5,6,3147.08,216538,88554.0,136065.0,3163.0,3163.0,3138.0,3134.3,31647400,3447.7,2820.9,3839.9,2896.0,3139.2,30,1,3139.0,213,9,3138.9,15,1,3138.8,101,2,3138.3,90,5,3139.5,23,2,3139.7,8,1,3139.9,24,1,3140.0,272,7,3140.1,30,1
2031,2026-06-16 09:21:00+05:30,3139.5,5,3147.08,216538,88554.0,136065.0,3163.0,3163.0,3138.0,3134.3,31647400,3447.7,2820.9,3839.9,2896.0,3139.2,30,1,3139.0,213,9,3138.9,15,1,3138.8,101,2,3138.3,90,5,3139.5,23,2,3139.7,8,1,3139.9,24,1,3140.0,272,7,3140.1,30,1
2031,2026-06-16 09:21:00+05:30,3139.5,27,3147.05,217350,89389.0,134428.0,3163.0,3163.0,3138.0,3134.3,31647400,3447.7,2820.9,3839.9,2896.0,3139.0,88,6,3138.9,131,5,3138.8,116,3,3138.7,81,2,3138.6,22,1,3140.0,33,1,3140.1,30,1,3140.2,5,1,3140.4,1,1,3140.5,12,1
2031,2026-06-16 09:21:01+05:30,3139.1,5,3147.05,217350,89389.0,134428.0,3163.0,3163.0,3138.0,3134.3,31647400,3447.7,2820.9,3839.9,2896.0,3139.0,88,6,3138.9,131,5,3138.8,116,3,3138.7,81,2,3138.6,22,1,3140.0,33,1,3140.1,30,1,3140.2,5,1,3140.4,1,1,3140.5,12,1
2031,2026-06-16 09:21:01+05:30,3139.1,5,3147.05,217355,88800.0,135156.0,3163.0,3163.0,3138.0,3134.3,31647400,3447.7,2820.9,3839.9,2896.0,3139.1,11,1,3139.0,113,9,3138.9,31,2,3138.8,129,4,3138.7,27,1,3139.5,241,1,3140.0,50,2,3140.1,30,1,3140.2,5,1,3140.4,1,1
2031,2026-06-16 09:21:02+05:30,3139.1,5,3147.05,217355,89013.0,135013.0,3163.0,3163.0,3138.0,3134.3,31647400,3447.7,2820.9,3839.9,2896.0,3139.1,79,6,3139.0,99,7,3138.9,38,3,3138.8,145,5,3138.7,81,2,3139.5,241,1,3140.0,50,2,3140.1,30,1,3140.2,5,1,3140.4,1,1
2031,2026-06-16 09:21:03+05:30,3140.0,16,3147.04,217752,89901.0,134418.0,3163.0,3163.0,3138.0,3134.3,31647400,3447.7,2820.9,3839.9,2896.0,3139.6,20,4,3139.5,24,2,3139.4,30,2,3139.3,30,3,3139.2,34,2,3139.8,20,1,3140.0,34,1,3140.1,30,1,3140.2,5,1,3140.4,1,1
2031,2026-06-16 09:21:04+05:30,3140.0,16,3147.04,217752,89901.0,134418.0,3163.0,3163.0,3138.0,3134.3,31647400,3447.7,2820.9,3839.9,2896.0,3139.6,20,4,3139.5,24,2,3139.4,30,2,3139.3,30,3,3139.2,34,2,3139.8,20,1,3140.0,34,1,3140.1,30,1,3140.2,5,1,3140.4,1,1
2031,2026-06-16 09:21:04+05:30,3140.0,72,3147.03,217879,90087.0,134499.0,3163.0,3163.0,3138.0,3134.3,31647400,3447.7,2820.9,3839.9,2896.0,3139.9,23,6,3139.6,63,5,3139.5,38,3,3139.4,30,2,3139.3,30,3,3140.0,34,1,3140.1,30,1,3140.2,5,1,3140.4,1,1,3140.5,12,1
2031,2026-06-16 09:21:05+05:30,3140.0,72,3147.03,217879,90087.0,134499.0,3163.0,3163.0,3138.0,3134.3,31647400,3447.7,2820.9,3839.9,2896.0,3139.9,23,6,3139.6,63,5,3139.5,38,3,3139.4,30,2,3139.3,30,3,3140.0,34,1,3140.1,30,1,3140.2,5,1,3140.4,1,1,3140.5,12,1
2031,2026-06-16 09:21:06+05:30,3140.0,2,3147.03,217881,89826.0,133749.0,3163.0,3163.0,3138.0,3134.3,31647400,3447.7,2820.9,3839.9,2896.0,3139.9,53,4,3139.8,4,1,3139.7,27,2,3139.6,74,5,3139.5,57,3,3140.0,87,3,3140.1,30,1,3140.2,5,1,3140.4,1,1,3140.5,12,1
2031,2026-06-16 09:21:06+05:30,3139.9,2,3147.03,217881,89826.0,133749.0,3163.0,3163.0,3138.0,3134.3,31647400,3447.7,2820.9,3839.9,2896.0,3139.9,53,4,3139.8,4,1,3139.7,27,2,3139.6,74,5,3139.5,57,3,3140.0,87,3,3140.1,30,1,3140.2,5,1,3140.4,1,1,3140.5,12,1
2031,2026-06-16 09:21:06+05:30,3139.9,2,3147.03,217881,89826.0,133749.0,3163.0,3163.0,3138.0,3134.3,31647400,3447.7,2820.9,3839.9,2896.0,3139.9,53,4,3139.8,4,1,3139.7,27,2,3139.6,74,5,3139.5,57,3,3140.0,87,3,3140.1,30,1,3140.2,5,1,3140.4,1,1,3140.5,12,1
2031,2026-06-16 09:21:07+05:30,3140.0,1,3147.03,217899,89676.0,133695.0,3163.0,3163.0,3138.0,3134.3,31647400,3447.7,2820.9,3839.9,2896.0,3139.9,79,4,3139.8,13,2,3139.7,6,1,3139.6,82,6,3139.5,32,3,3140.0,211,5,3140.1,30,1,3140.2,5,1,3140.4,1,1,3140.5,12,1
2031,2026-06-16 09:21:07+05:30,3140.0,1,3147.03,217899,89676.0,133695.0,3163.0,3163.0,3138.0,3134.3,31647400,3447.7,2820.9,3839.9,2896.0,3139.9,79,4,3139.8,13,2,3139.7,6,1,3139.6,82,6,3139.5,32,3,3140.0,211,5,3140.1,30,1,3140.2,5,1,3140.4,1,1,3140.5,12,1
2031,2026-06-16 09:21:07+05:30,3140.0,1,3147.03,217899,89676.0,133695.0,3163.0,3163.0,3138.0,3134.3,31647400,3447.7,2820.9,3839.9,2896.0,3139.9,79,4,3139.8,13,2,3139.7,6,1,3139.6,82,6,3139.5,32,3,3140.0,211,5,3140.1,30,1,3140.2,5,1,3140.4,1,1,3140.5,12,1
2031,2026-06-16 09:21:08+05:30,3139.9,20,3147.03,217899,89676.0,133695.0,3163.0,3163.0,3138.0,3134.3,31647400,3447.7,2820.9,3839.9,2896.0,3139.9,79,4,3139.8,13,2,3139.7,6,1,3139.6,82,6,3139.5,32,3,3140.0,211,5,3140.1,30,1,3140.2,5,1,3140.4,1,1,3140.5,12,1
2031,2026-06-16 09:21:08+05:30,3140.0,39,3147.02,218379,89940.0,133065.0,3163.0,3163.0,3138.0,3134.3,31647400,3447.7,2820.9,3839.9,2896.0,3139.9,72,3,3139.8,30,3,3139.7,29,1,3139.6,114,8,3139.5,75,5,3140.0,39,1,3140.1,40,2,3140.2,5,1,3140.3,8,1,3140.4,1,1
2031,2026-06-16 09:21:09+05:30,3142.4,4,3147.02,218379,89940.0,133065.0,3163.0,3163.0,3138.0,3134.3,31647400,3447.7,2820.9,3839.9,2896.0,3139.9,72,3,3139.8,30,3,3139.7,29,1,3139.6,114,8,3139.5,75,5,3140.0,39,1,3140.1,40,2,3140.2,5,1,3140.3,8,1,3140.4,1,1
2031,2026-06-16 09:21:09+05:30,3142.3,70,3146.99,219388,92772.0,129209.0,3163.0,3163.0,3138.0,3134.3,31647400,3447.7,2820.9,3839.9,2896.0,3141.9,47,3,3141.8,40,2,3141.7,61,3,3141.6,56,3,3141.5,11,1,3142.3,69,1,3142.4,4,1,3142.6,106,2,3143.2,7,1,3143.4,20,1
2031,2026-06-16 09:21:09+05:30,3142.3,70,3146.99,219388,92772.0,129209.0,3163.0,3163.0,3138.0,3134.3,31647400,3447.7,2820.9,3839.9,2896.0,3141.9,47,3,3141.8,40,2,3141.7,61,3,3141.6,56,3,3141.5,11,1,3142.3,69,1,3142.4,4,1,3142.6,106,2,3143.2,7,1,3143.4,20,1
2031,2026-06-16 09:21:10+05:30,3142.3,1,3146.99,219388,92772.0,129209.0,3163.0,3163.0,3138.0,3134.3,31647400,3447.7,2820.9,3839.9,2896.0,3141.9,47,3,3141.8,40,2,3141.7,61,3,3141.6,56,3,3141.5,11,1,3142.3,69,1,3142.4,4,1,3142.6,106,2,3143.2,7,1,3143.4,20,1
2031,2026-06-16 09:21:10+05:30,3142.1,3,3146.98,219671,92782.0,130782.0,3163.0,3163.0,3138.0,3134.3,31647400,3447.7,2820.9,3839.9,2896.0,3142.1,52,1,3141.7,9,1,3141.6,39,2,3141.5,44,1,3141.4,6,1,3142.3,47,2,3142.4,4,1,3142.6,106,2,3143.2,115,3,3143.3,179,1
2031,2026-06-16 09:21:10+05:30,3142.1,3,3146.98,219671,92782.0,130782.0,3163.0,3163.0,3138.0,3134.3,31647400,3447.7,2820.9,3839.9,2896.0,3142.1,52,1,3141.7,9,1,3141.6,39,2,3141.5,44,1,3141.4,6,1,3142.3,47,2,3142.4,4,1,3142.6,106,2,3143.2,115,3,3143.3,179,1
2031,2026-06-16 09:21:11+05:30,3142.0,75,3146.98,219671,92782.0,130782.0,3163.0,3163.0,3138.0,3134.3,31647400,3447.7,2820.9,3839.9,2896.0,3142.1,52,1,3141.7,9,1,3141.6,39,2,3141.5,44,1,3141.4,6,1,3142.3,47,2,3142.4,4,1,3142.6,106,2,3143.2,115,3,3143.3,179,1
2031,2026-06-16 09:21:11+05:30,3142.6,50,3146.97,220008,93891.0,129796.0,3163.0,3163.0,3138.0,3134.3,31647400,3447.7,2820.9,3839.9,2896.0,3142.1,44,1,3141.8,45,5,3141.7,75,4,3141.6,35,2,3141.5,40,1,3142.6,38,1,3143.2,7,1,3143.4,88,1,3143.6,169,1,3143.7,261,3
2031,2026-06-16 09:21:12+05:30,3142.6,45,3146.97,220008,93891.0,129796.0,3163.0,3163.0,3138.0,3134.3,31647400,3447.7,2820.9,3839.9,2896.0,3142.1,44,1,3141.8,45,5,3141.7,75,4,3141.6,35,2,3141.5,40,1,3142.6,38,1,3143.2,7,1,3143.4,88,1,3143.6,169,1,3143.7,261,3
2031,2026-06-16 09:21:12+05:30,3142.6,45,3146.97,220008,93891.0,129796.0,3163.0,3163.0,3138.0,3134.3,31647400,3447.7,2820.9,3839.9,2896.0,3142.1,44,1,3141.8,45,5,3141.7,75,4,3141.6,35,2,3141.5,40,1,3142.6,38,1,3143.2,7,1,3143.4,88,1,3143.6,169,1,3143.7,261,3
2031,2026-06-16 09:21:12+05:30,3142.6,14,3146.97,220343,94005.0,130488.0,3163.0,3163.0,3138.0,3134.3,31647400,3447.7,2820.9,3839.9,2896.0,3142.1,52,4,3142.0,21,2,3141.9,10,1,3141.8,22,1,3141.7,81,3,3142.6,3,2,3142.7,12,1,3142.8,12,1,3143.2,7,1,3143.6,192,2
2031,2026-06-16 09:21:13+05:30,3142.1,10,3146.97,220343,94005.0,130488.0,3163.0,3163.0,3138.0,3134.3,31647400,3447.7,2820.9,3839.9,2896.0,3142.1,52,4,3142.0,21,2,3141.9,10,1,3141.8,22,1,3141.7,81,3,3142.6,3,2,3142.7,12,1,3142.8,12,1,3143.2,7,1,3143.6,192,2
2031,2026-06-16 09:21:13+05:30,3142.6,23,3146.97,220400,94248.0,130952.0,3163.0,3163.0,3138.0,3134.3,31647400,3447.7,2820.9,3839.9,2896.0,3142.1,73,4,3141.9,21,1,3141.8,59,2,3141.7,57,3,3141.6,262,4,3142.6,11,2,3142.7,12,1,3142.8,12,1,3143.2,7,1,3143.6,180,1
2031,2026-06-16 09:21:13+05:30,3142.6,23,3146.97,220400,94248.0,130952.0,3163.0,3163.0,3138.0,3134.3,31647400,3447.7,2820.9,3839.9,2896.0,3142.1,73,4,3141.9,21,1,3141.8,59,2,3141.7,57,3,3141.6,262,4,3142.6,11,2,3142.7,12,1,3142.8,12,1,3143.2,7,1,3143.6,180,1
2031,2026-06-16 09:21:14+05:30,3142.6,23,3146.97,220400,94248.0,130952.0,3163.0,3163.0,3138.0,3134.3,31647400,3447.7,2820.9,3839.9,2896.0,3142.1,73,4,3141.9,21,1,3141.8,59,2,3141.7,57,3,3141.6,262,4,3142.6,11,2,3142.7,12,1,3142.8,12,1,3143.2,7,1,3143.6,180,1
2031,2026-06-16 09:21:14+05:30,3142.6,3,3146.96,220403,94867.0,131449.0,3163.0,3163.0,3138.0,3134.3,31647400,3447.7,2820.9,3839.9,2896.0,3142.1,73,4,3141.9,23,2,3141.8,163,4,3141.7,63,4,3141.6,62,3,3142.6,12,3,3142.7,12,1,3142.8,12,1,3143.2,7,1,3143.6,180,1
2031,2026-06-16 09:21:15+05:30,3142.6,4,3146.96,220403,94867.0,131449.0,3163.0,3163.0,3138.0,3134.3,31647400,3447.7,2820.9,3839.9,2896.0,3142.1,73,4,3141.9,23,2,3141.8,163,4,3141.7,63,4,3141.6,62,3,3142.6,12,3,3142.7,12,1,3142.8,12,1,3143.2,7,1,3143.6,180,1
2031,2026-06-16 09:21:15+05:30,3142.6,4,3146.96,220403,94867.0,131449.0,3163.0,3163.0,3138.0,3134.3,31647400,3447.7,2820.9,3839.9,2896.0,3142.1,73,4,3141.9,23,2,3141.8,163,4,3141.7,63,4,3141.6,62,3,3142.6,12,3,3142.7,12,1,3142.8,12,1,3143.2,7,1,3143.6,180,1
2031,2026-06-16 09:21:15+05:30,3142.6,6,3146.96,220447,94500.0,131902.0,3163.0,3163.0,3138.0,3134.3,31647400,3447.7,2820.9,3839.9,2896.0,3142.6,5,3,3142.4,2,2,3142.1,68,4,3141.9,5,1,3141.8,43,3,3143.1,58,3,3143.2,47,2,3143.4,381,5,3143.5,24,1,3143.6,23,1
2031,2026-06-16 09:21:15+05:30,3142.6,6,3146.96,220447,94500.0,131902.0,3163.0,3163.0,3138.0,3134.3,31647400,3447.7,2820.9,3839.9,2896.0,3142.6,5,3,3142.4,2,2,3142.1,68,4,3141.9,5,1,3141.8,43,3,3143.1,58,3,3143.2,47,2,3143.4,381,5,3143.5,24,1,3143.6,23,1
2031,2026-06-16 09:21:16+05:30,3142.6,2,3146.96,220447,94500.0,131902.0,3163.0,3163.0,3138.0,3134.3,31647400,3447.7,2820.9,3839.9,2896.0,3142.6,5,3,3142.4,2,2,3142.1,68,4,3141.9,5,1,3141.8,43,3,3143.1,58,3,3143.2,47,2,3143.4,381,5,3143.5,24,1,3143.6,23,1
2031,2026-06-16 09:21:16+05:30,3142.6,2,3146.96,220447,94500.0,131902.0,3163.0,3163.0,3138.0,3134.3,31647400,3447.7,2820.9,3839.9,2896.0,3142.6,5,3,3142.4,2,2,3142.1,68,4,3141.9,5,1,3141.8,43,3,3143.1,58,3,3143.2,47,2,3143.4,381,5,3143.5,24,1,3143.6,23,1
2031,2026-06-16 09:21:16+05:30,3142.9,1,3146.96,220598,96901.0,135498.0,3163.0,3163.0,3138.0,3134.3,31647400,3447.7,2820.9,3839.9,2896.0,3142.1,79,5,3141.8,1,1,3141.4,4,1,3141.3,14,2,3141.2,5,1,3142.9,224,4,3143.0,40,3,3143.1,63,3,3143.2,71,3,3143.3,83,2
2031,2026-06-16 09:21:17+05:30,3142.9,1,3146.96,220598,96901.0,135498.0,3163.0,3163.0,3138.0,3134.3,31647400,3447.7,2820.9,3839.9,2896.0,3142.1,79,5,3141.8,1,1,3141.4,4,1,3141.3,14,2,3141.2,5,1,3142.9,224,4,3143.0,40,3,3143.1,63,3,3143.2,71,3,3143.3,83,2
2031,2026-06-16 09:21:17+05:30,3142.9,1,3146.96,220598,96901.0,135498.0,3163.0,3163.0,3138.0,3134.3,31647400,3447.7,2820.9,3839.9,2896.0,3142.1,79,5,3141.8,1,1,3141.4,4,1,3141.3,14,2,3141.2,5,1,3142.9,224,4,3143.0,40,3,3143.1,63,3,3143.2,71,3,3143.3,83,2
2031,2026-06-16 09:21:18+05:30,3142.6,18,3146.96,220640,96845.0,135774.0,3163.0,3163.0,3138.0,3134.3,31647400,3447.7,2820.9,3839.9,2896.0,3142.2,26,1,3142.1,37,3,3141.8,1,1,3141.7,16,1,3141.4,4,1,3142.7,94,5,3142.8,61,2,3142.9,86,5,3143.0,115,5,3143.1,112,5
2031,2026-06-16 09:21:18+05:30,3142.2,19,3146.96,220640,96845.0,135774.0,3163.0,3163.0,3138.0,3134.3,31647400,3447.7,2820.9,3839.9,2896.0,3142.2,26,1,3142.1,37,3,3141.8,1,1,3141.7,16,1,3141.4,4,1,3142.7,94,5,3142.8,61,2,3142.9,86,5,3143.0,115,5,3143.1,112,5
2031,2026-06-16 09:21:18+05:30,3142.2,19,3146.96,220640,96845.0,135774.0,3163.0,3163.0,3138.0,3134.3,31647400,3447.7,2820.9,3839.9,2896.0,3142.2,26,1,3142.1,37,3,3141.8,1,1,3141.7,16,1,3141.4,4,1,3142.7,94,5,3142.8,61,2,3142.9,86,5,3143.0,115,5,3143.1,112,5
2031,2026-06-16 09:21:19+05:30,3142.2,19,3146.96,220640,96845.0,135774.0,3163.0,3163.0,3138.0,3134.3,31647400,3447.7,2820.9,3839.9,2896.0,3142.2,26,1,3142.1,37,3,3141.8,1,1,3141.7,16,1,3141.4,4,1,3142.7,94,5,3142.8,61,2,3142.9,86,5,3143.0,115,5,3143.1,112,5
2031,2026-06-16 09:21:19+05:30,3142.6,10,3146.96,220640,96845.0,135774.0,3163.0,3163.0,3138.0,3134.3,31647400,3447.7,2820.9,3839.9,2896.0,3142.2,26,1,3142.1,37,3,3141.8,1,1,3141.7,16,1,3141.4,4,1,3142.7,94,5,3142.8,61,2,3142.9,86,5,3143.0,115,5,3143.1,112,5
2031,2026-06-16 09:21:19+05:30,3142.6,10,3146.96,220685,96285.0,135343.0,3163.0,3163.0,3138.0,3134.3,31647400,3447.7,2820.9,3839.9,2896.0,3142.2,12,3,3142.1,52,4,3141.8,1,1,3141.5,9,1,3141.4,4,1,3142.6,21,3,3142.7,103,4,3142.8,61,3,3142.9,128,6,3143.0,58,4
2031,2026-06-16 09:21:19+05:30,3142.6,10,3146.96,220685,96285.0,135343.0,3163.0,3163.0,3138.0,3134.3,31647400,3447.7,2820.9,3839.9,2896.0,3142.2,12,3,3142.1,52,4,3141.8,1,1,3141.5,9,1,3141.4,4,1,3142.6,21,3,3142.7,103,4,3142.8,61,3,3142.9,128,6,3143.0,58,4
2031,2026-06-16 09:21:20+05:30,3142.6,4,3146.96,220685,96285.0,135343.0,3163.0,3163.0,3138.0,3134.3,31647400,3447.7,2820.9,3839.9,2896.0,3142.2,12,3,3142.1,52,4,3141.8,1,1,3141.5,9,1,3141.4,4,1,3142.6,21,3,3142.7,103,4,3142.8,61,3,3142.9,128,6,3143.0,58,4
2031,2026-06-16 09:21:20+05:30,3142.6,4,3146.96,220711,96269.0,135662.0,3163.0,3163.0,3138.0,3134.3,31647400,3447.7,2820.9,3839.9,2896.0,3142.2,24,4,3142.1,24,3,3141.8,1,1,3141.5,9,1,3141.4,4,1,3142.5,15,1,3142.6,61,4,3142.7,88,3,3142.8,103,4,3142.9,89,5
2031,2026-06-16 09:21:20+05:30,3142.6,4,3146.96,220711,96269.0,135662.0,3163.0,3163.0,3138.0,3134.3,31647400,3447.7,2820.9,3839.9,2896.0,3142.2,24,4,3142.1,24,3,3141.8,1,1,3141.5,9,1,3141.4,4,1,3142.5,15,1,3142.6,61,4,3142.7,88,3,3142.8,103,4,3142.9,89,5
2031,2026-06-16 09:21:21+05:30,3142.3,1,3146.96,220711,96269.0,135662.0,3163.0,3163.0,3138.0,3134.3,31647400,3447.7,2820.9,3839.9,2896.0,3142.2,24,4,3142.1,24,3,3141.8,1,1,3141.5,9,1,3141.4,4,1,3142.5,15,1,3142.6,61,4,3142.7,88,3,3142.8,103,4,3142.9,89,5
2031,2026-06-16 09:21:21+05:30,3142.3,1,3146.96,220711,96269.0,135662.0,3163.0,3163.0,3138.0,3134.3,31647400,3447.7,2820.9,3839.9,2896.0,3142.2,24,4,3142.1,24,3,3141.8,1,1,3141.5,9,1,3141.4,4,1,3142.5,15,1,3142.6,61,4,3142.7,88,3,3142.8,103,4,3142.9,89,5
2031,2026-06-16 09:21:21+05:30,3142.3,1,3146.96,220712,96533.0,135989.0,3163.0,3163.0,3138.0,3134.3,31647400,3447.7,2820.9,3839.9,2896.0,3142.2,17,3,3142.1,24,3,3141.8,1,1,3141.5,9,1,3141.4,4,1,3142.3,14,1,3142.4,57,3,3142.5,22,3,3142.6,78,4,3142.7,115,5
2031,2026-06-16 09:21:22+05:30,3142.3,1,3146.96,220712,96533.0,135989.0,3163.0,3163.0,3138.0,3134.3,31647400,3447.7,2820.9,3839.9,2896.0,3142.2,17,3,3142.1,24,3,3141.8,1,1,3141.5,9,1,3141.4,4,1,3142.3,14,1,3142.4,57,3,3142.5,22,3,3142.6,78,4,3142.7,115,5
2031,2026-06-16 09:21:22+05:30,3142.6,5,3146.96,220712,96533.0,135989.0,3163.0,3163.0,3138.0,3134.3,31647400,3447.7,2820.9,3839.9,2896.0,3142.2,17,3,3142.1,24,3,3141.8,1,1,3141.5,9,1,3141.4,4,1,3142.3,14,1,3142.4,57,3,3142.5,22,3,3142.6,78,4,3142.7,115,5
2031,2026-06-16 09:21:22+05:30,3142.6,5,3146.96,220847,97245.0,134983.0,3163.0,3163.0,3138.0,3134.3,31647400,3447.7,2820.9,3839.9,2896.0,3142.2,43,4,3142.1,24,3,3142.0,30,1,3141.8,35,3,3141.5,99,3,3142.3,1,1,3142.6,14,1,3142.7,28,1,3142.8,20,1,3143.0,16,1
2031,2026-06-16 09:21:23+05:30,3142.6,5,3146.96,220847,97245.0,134983.0,3163.0,3163.0,3138.0,3134.3,31655200,3447.7,2820.9,3839.9,2896.0,3142.2,43,4,3142.1,24,3,3142.0,30,1,3141.8,35,3,3141.5,99,3,3142.3,1,1,3142.6,14,1,3142.7,28,1,3142.8,20,1,3143.0,16,1
2031,2026-06-16 09:21:23+05:30,3142.3,1,3146.96,220847,97245.0,134983.0,3163.0,3163.0,3138.0,3134.3,31655200,3447.7,2820.9,3839.9,2896.0,3142.2,43,4,3142.1,24,3,3142.0,30,1,3141.8,35,3,3141.5,99,3,3142.3,1,1,3142.6,14,1,3142.7,28,1,3142.8,20,1,3143.0,16,1
2031,2026-06-16 09:21:23+05:30,3142.3,8,3146.95,220902,96945.0,135800.0,3163.0,3163.0,3138.0,3134.3,31655200,3447.7,2820.9,3839.9,2896.0,3142.3,19,1,3142.2,14,3,3142.1,24,3,3142.0,30,1,3141.8,1,1,3142.6,40,3,3142.7,38,2,3142.8,83,3,3143.0,310,6,3143.1,138,4
2031,2026-06-16 09:21:24+05:30,3142.6,11,3146.95,220902,96945.0,135800.0,3163.0,3163.0,3138.0,3134.3,31655200,3447.7,2820.9,3839.9,2896.0,3142.3,19,1,3142.2,14,3,3142.1,24,3,3142.0,30,1,3141.8,1,1,3142.6,40,3,3142.7,38,2,3142.8,83,3,3143.0,310,6,3143.1,138,4
2031,2026-06-16 09:21:24+05:30,3142.7,2,3146.95,220947,97171.0,135937.0,3163.0,3163.0,3138.0,3134.3,31655200,3447.7,2820.9,3839.9,2896.0,3142.3,20,2,3142.2,15,4,3142.1,24,3,3142.0,531,3,3141.8,1,1,3142.7,26,1,3142.8,37,2,3142.9,24,1,3143.0,143,5,3143.1,272,3
2031,2026-06-16 09:21:25+05:30,3142.3,4,3146.95,220947,97171.0,135937.0,3163.0,3163.0,3138.0,3134.3,31655200,3447.7,2820.9,3839.9,2896.0,3142.3,20,2,3142.2,15,4,3142.1,24,3,3142.0,531,3,3141.8,1,1,3142.7,26,1,3142.8,37,2,3142.9,24,1,3143.0,143,5,3143.1,272,3
2031,2026-06-16 09:21:25+05:30,3142.9,2,3146.92,222957,99060.0,133603.0,3163.0,3163.0,3138.0,3134.3,31655200,3447.7,2820.9,3839.9,2896.0,3142.6,45,2,3142.5,44,2,3142.4,64,2,3142.3,214,7,3142.2,88,6,3144.0,15,1,3144.1,69,5,3144.2,15,1,3144.3,255,2,3144.4,65,2
2031,2026-06-16 09:21:26+05:30,3143.8,2,3146.92,222957,99060.0,133603.0,3163.0,3163.0,3138.0,3134.3,31655200,3447.7,2820.9,3839.9,2896.0,3142.6,45,2,3142.5,44,2,3142.4,64,2,3142.3,214,7,3142.2,88,6,3144.0,15,1,3144.1,69,5,3144.2,15,1,3144.3,255,2,3144.4,65,2
2031,2026-06-16 09:21:26+05:30,3144.2,118,3146.91,223582,100108.0,133830.0,3163.0,3163.0,3138.0,3134.3,31655200,3447.7,2820.9,3839.9,2896.0,3143.3,97,1,3142.9,93,5,3142.8,193,6,3142.7,72,2,3142.6,170,5,3143.8,14,1,3144.3,32,1,3144.5,165,1,3144.6,96,1,3144.7,9,1
2031,2026-06-16 09:21:27+05:30,3143.7,25,3146.91,223582,100108.0,133830.0,3163.0,3163.0,3138.0,3134.3,31655200,3447.7,2820.9,3839.9,2896.0,3143.3,97,1,3142.9,93,5,3142.8,193,6,3142.7,72,2,3142.6,170,5,3143.8,14,1,3144.3,32,1,3144.5,165,1,3144.6,96,1,3144.7,9,1
2031,2026-06-16 09:21:28+05:30,3144.1,3,3146.9,224127,99194.0,134694.0,3163.0,3163.0,3138.0,3134.3,31655200,3447.7,2820.9,3839.9,2896.0,3142.7,19,2,3142.6,48,3,3142.5,85,3,3142.4,183,2,3142.3,135,6,3144.1,40,1,3144.2,38,1,3144.3,124,4,3144.4,260,3,3144.5,21,1
2031,2026-06-16 09:21:28+05:30,3142.6,35,3146.9,224127,99194.0,134694.0,3163.0,3163.0,3138.0,3134.3,31655200,3447.7,2820.9,3839.9,2896.0,3142.7,19,2,3142.6,48,3,3142.5,85,3,3142.4,183,2,3142.3,135,6,3144.1,40,1,3144.2,38,1,3144.3,124,4,3144.4,260,3,3144.5,21,1
2031,2026-06-16 09:21:29+05:30,3144.1,5,3146.9,224208,99458.0,134021.0,3163.0,3163.0,3138.0,3134.3,31655200,3447.7,2820.9,3839.9,2896.0,3142.7,91,3,3142.6,16,2,3142.5,53,4,3142.4,87,1,3142.3,181,7,3144.1,78,4,3144.2,278,3,3144.3,173,5,3144.4,39,2,3144.5,286,3
2031,2026-06-16 09:21:29+05:30,3144.1,5,3146.9,224208,99458.0,134021.0,3163.0,3163.0,3138.0,3134.3,31655200,3447.7,2820.9,3839.9,2896.0,3142.7,91,3,3142.6,16,2,3142.5,53,4,3142.4,87,1,3142.3,181,7,3144.1,78,4,3144.2,278,3,3144.3,173,5,3144.4,39,2,3144.5,286,3
2031,2026-06-16 09:21:30+05:30,3144.0,14,3146.9,224572,98879.0,134753.0,3163.0,3163.0,3138.0,3134.3,31655200,3447.7,2820.9,3839.9,2896.0,3142.7,60,2,3142.6,3,1,3142.5,53,4,3142.4,87,1,3142.3,107,4,3143.9,79,3,3144.0,268,5,3144.1,278,5,3144.2,205,2,3144.3,378,7
2031,2026-06-16 09:21:30+05:30,3142.7,7,3146.9,224572,98879.0,134753.0,3163.0,3163.0,3138.0,3134.3,31655200,3447.7,2820.9,3839.9,2896.0,3142.7,60,2,3142.6,3,1,3142.5,53,4,3142.4,87,1,3142.3,107,4,3143.9,79,3,3144.0,268,5,3144.1,278,5,3144.2,205,2,3144.3,378,7
2031,2026-06-16 09:21:31+05:30,3143.7,31,3146.9,224572,98879.0,134753.0,3163.0,3163.0,3138.0,3134.3,31655200,3447.7,2820.9,3839.9,2896.0,3142.7,60,2,3142.6,3,1,3142.5,53,4,3142.4,87,1,3142.3,107,4,3143.9,79,3,3144.0,268,5,3144.1,278,5,3144.2,205,2,3144.3,378,7
2031,2026-06-16 09:21:31+05:30,3143.7,31,3146.9,224675,98812.0,135083.0,3163.0,3163.0,3138.0,3134.3,31655200,3447.7,2820.9,3839.9,2896.0,3143.3,2,2,3142.7,69,4,3142.6,3,1,3142.5,26,3,3142.4,87,1,3143.7,34,4,3143.8,106,2,3143.9,188,3,3144.0,257,7,3144.1,272,4
2031,2026-06-16 09:21:32+05:30,3143.3,1,3146.9,224675,98812.0,135083.0,3163.0,3163.0,3138.0,3134.3,31655200,3447.7,2820.9,3839.9,2896.0,3143.3,2,2,3142.7,69,4,3142.6,3,1,3142.5,26,3,3142.4,87,1,3143.7,34,4,3143.8,106,2,3143.9,188,3,3144.0,257,7,3144.1,272,4
2031,2026-06-16 09:21:32+05:30,3142.8,12,3146.9,224738,98841.0,134755.0,3163.0,3163.0,3138.0,3134.3,31655200,3447.7,2820.9,3839.9,2896.0,3142.8,4,2,3142.7,50,3,3142.6,3,1,3142.5,9,3,3142.4,99,2,3143.3,50,1,3143.5,38,2,3143.6,32,1,3143.7,292,5,3143.8,144,3
2031,2026-06-16 09:21:33+05:30,3143.3,1,3146.9,224738,98841.0,134755.0,3163.0,3163.0,3138.0,3134.3,31655200,3447.7,2820.9,3839.9,2896.0,3142.8,4,2,3142.7,50,3,3142.6,3,1,3142.5,9,3,3142.4,99,2,3143.3,50,1,3143.5,38,2,3143.6,32,1,3143.7,292,5,3143.8,144,3
2031,2026-06-16 09:21:33+05:30,3143.5,31,3146.89,224905,99221.0,133999.0,3163.0,3163.0,3138.0,3134.3,31655200,3447.7,2820.9,3839.9,2896.0,3143.1,18,1,3143.0,59,4,3142.9,12,1,3142.8,69,4,3142.7,73,4,3143.5,1,1,3143.6,32,1,3143.7,32,2,3143.8,40,1,3143.9,27,2
2031,2026-06-16 09:21:34+05:30,3143.6,4,3146.89,224905,99221.0,133999.0,3163.0,3163.0,3138.0,3134.3,31655200,3447.7,2820.9,3839.9,2896.0,3143.1,18,1,3143.0,59,4,3142.9,12,1,3142.8,69,4,3142.7,73,4,3143.5,1,1,3143.6,32,1,3143.7,32,2,3143.8,40,1,3143.9,27,2
2031,2026-06-16 09:21:34+05:30,3143.1,3,3146.89,225031,99966.0,134294.0,3163.0,3163.0,3138.0,3134.3,31655200,3447.7,2820.9,3839.9,2896.0,3143.1,38,1,3143.0,31,2,3142.8,66,4,3142.7,38,2,3142.6,230,3,3143.8,8,1,3143.9,27,2,3144.1,80,2,3144.2,357,2,3144.3,37,2
2031,2026-06-16 09:21:35+05:30,3143.0,162,3146.89,225031,99966.0,134294.0,3163.0,3163.0,3138.0,3134.3,31655200,3447.7,2820.9,3839.9,2896.0,3143.1,38,1,3143.0,31,2,3142.8,66,4,3142.7,38,2,3142.6,230,3,3143.8,8,1,3143.9,27,2,3144.1,80,2,3144.2,357,2,3144.3,37,2
2031,2026-06-16 09:21:35+05:30,3142.8,55,3146.88,225581,98406.0,136308.0,3163.0,3163.0,3138.0,3134.3,31655200,3447.7,2820.9,3839.9,2896.0,3142.8,28,2,3142.7,38,2,3142.6,53,2,3142.5,9,3,3142.4,12,1,3143.3,189,4,3143.4,400,2,3143.6,66,2,3143.7,93,5,3143.8,244,2
2031,2026-06-16 09:21:36+05:30,3142.8,55,3146.88,225581,98406.0,136308.0,3163.0,3163.0,3138.0,3134.3,31655200,3447.7,2820.9,3839.9,2896.0,3142.8,28,2,3142.7,38,2,3142.6,53,2,3142.5,9,3,3142.4,12,1,3143.3,189,4,3143.4,400,2,3143.6,66,2,3143.7,93,5,3143.8,244,2
2031,2026-06-16 09:21:36+05:30,3143.3,1,3146.88,225740,98946.0,136455.0,3163.0,3163.0,3138.0,3134.3,31655200,3447.7,2820.9,3839.9,2896.0,3142.8,3,2,3142.7,39,3,3142.6,54,3,3142.5,23,4,3142.4,12,1,3143.3,362,6,3143.4,249,2,3143.5,28,1,3143.6,95,4,3143.7,501,7
2031,2026-06-16 09:21:37+05:30,3142.8,9,3146.88,225740,98946.0,136455.0,3163.0,3163.0,3138.0,3134.3,31655200,3447.7,2820.9,3839.9,2896.0,3142.8,3,2,3142.7,39,3,3142.6,54,3,3142.5,23,4,3142.4,12,1,3143.3,362,6,3143.4,249,2,3143.5,28,1,3143.6,95,4,3143.7,501,7
2031,2026-06-16 09:21:37+05:30,3142.5,41,3146.87,226166,98300.0,136408.0,3163.0,3163.0,3138.0,3134.3,31655200,3447.7,2820.9,3839.9,2896.0,3142.4,12,1,3142.3,17,4,3142.2,21,2,3142.1,3,1,3142.0,46,3,3143.2,211,3,3143.3,124,4,3143.4,220,3,3143.6,295,4,3143.7,82,4
2031,2026-06-16 09:21:38+05:30,3142.0,15,3146.87,226166,98300.0,136408.0,3163.0,3163.0,3138.0,3134.3,31655200,3447.7,2820.9,3839.9,2896.0,3142.4,12,1,3142.3,17,4,3142.2,21,2,3142.1,3,1,3142.0,46,3,3143.2,211,3,3143.3,124,4,3143.4,220,3,3143.6,295,4,3143.7,82,4
2031,2026-06-16 09:21:39+05:30,3142.7,12,3146.86,226435,96419.0,137806.0,3163.0,3163.0,3138.0,3134.3,31655200,3447.7,2820.9,3839.9,2896.0,3142.0,34,4,3141.8,1,1,3141.4,71,3,3141.1,105,2,3141.0,79,4,3142.7,38,2,3142.8,148,2,3142.9,64,2,3143.0,11,1,3143.1,73,3
2031,2026-06-16 09:21:39+05:30,3142.7,12,3146.86,226435,96419.0,137806.0,3163.0,3163.0,3138.0,3134.3,31655200,3447.7,2820.9,3839.9,2896.0,3142.0,34,4,3141.8,1,1,3141.4,71,3,3141.1,105,2,3141.0,79,4,3142.7,38,2,3142.8,148,2,3142.9,64,2,3143.0,11,1,3143.1,73,3
2031,2026-06-16 09:21:40+05:30,3142.5,2,3146.86,226461,96449.0,137820.0,3163.0,3163.0,3138.0,3134.3,31655200,3447.7,2820.9,3839.9,2896.0,3142.0,27,5,3141.8,1,1,3141.4,17,2,3141.1,9,1,3141.0,142,4,3142.5,193,6,3142.6,82,3,3142.7,72,3,3142.8,108,5,3142.9,47,3
2031,2026-06-16 09:21:40+05:30,3142.0,24,3146.86,226461,96449.0,137820.0,3163.0,3163.0,3138.0,3134.3,31655200,3447.7,2820.9,3839.9,2896.0,3142.0,27,5,3141.8,1,1,3141.4,17,2,3141.1,9,1,3141.0,142,4,3142.5,193,6,3142.6,82,3,3142.7,72,3,3142.8,108,5,3142.9,47,3
2031,2026-06-16 09:21:41+05:30,3142.0,2,3146.86,226461,96449.0,137820.0,3163.0,3163.0,3138.0,3134.3,31655200,3447.7,2820.9,3839.9,2896.0,3142.0,27,5,3141.8,1,1,3141.4,17,2,3141.1,9,1,3141.0,142,4,3142.5,193,6,3142.6,82,3,3142.7,72,3,3142.8,108,5,3142.9,47,3
2031,2026-06-16 09:21:41+05:30,3142.0,2,3146.86,226521,96620.0,138110.0,3163.0,3163.0,3138.0,3134.3,31655200,3447.7,2820.9,3839.9,2896.0,3142.0,59,5,3141.8,1,1,3141.4,17,2,3141.1,9,1,3141.0,120,3,3142.4,18,1,3142.5,117,8,3142.6,86,4,3142.7,18,1,3142.8,224,3
2031,2026-06-16 09:21:42+05:30,3142.4,1,3146.86,226521,96620.0,138110.0,3163.0,3163.0,3138.0,3134.3,31655200,3447.7,2820.9,3839.9,2896.0,3142.0,59,5,3141.8,1,1,3141.4,17,2,3141.1,9,1,3141.0,120,3,3142.4,18,1,3142.5,117,8,3142.6,86,4,3142.7,18,1,3142.8,224,3
2031,2026-06-16 09:21:42+05:30,3142.4,1,3146.86,226532,96651.0,137721.0,3163.0,3163.0,3138.0,3134.3,31655200,3447.7,2820.9,3839.9,2896.0,3142.0,59,5,3141.8,1,1,3141.4,43,3,3141.1,9,1,3141.0,92,2,3142.4,43,4,3142.5,117,8,3142.6,75,3,3142.7,18,1,3142.8,224,3
2031,2026-06-16 09:21:43+05:30,3142.1,20,3146.86,226532,96651.0,137721.0,3163.0,3163.0,3138.0,3134.3,31655200,3447.7,2820.9,3839.9,2896.0,3142.0,59,5,3141.8,1,1,3141.4,43,3,3141.1,9,1,3141.0,92,2,3142.4,43,4,3142.5,117,8,3142.6,75,3,3142.7,18,1,3142.8,224,3
2031,2026-06-16 09:21:43+05:30,3142.1,2,3146.86,226557,96669.0,137707.0,3163.0,3163.0,3138.0,3134.3,31655200,3447.7,2820.9,3839.9,2896.0,3142.1,4,1,3142.0,101,6,3141.8,1,1,3141.4,17,2,3141.1,45,3,3142.3,17,1,3142.4,69,6,3142.5,70,5,3142.6,75,3,3142.8,223,2
2031,2026-06-16 09:21:44+05:30,3142.3,1,3146.86,226557,96669.0,137707.0,3163.0,3163.0,3138.0,3134.3,31655200,3447.7,2820.9,3839.9,2896.0,3142.1,4,1,3142.0,101,6,3141.8,1,1,3141.4,17,2,3141.1,45,3,3142.3,17,1,3142.4,69,6,3142.5,70,5,3142.6,75,3,3142.8,223,2
2031,2026-06-16 09:21:44+05:30,3142.3,1,3146.86,226762,97067.0,138531.0,3163.0,3163.0,3138.0,3134.3,31655200,3447.7,2820.9,3839.9,2896.0,3142.2,31,3,3142.1,4,1,3142.0,107,7,3141.8,24,2,3141.6,14,1,3142.3,16,1,3142.4,69,6,3142.5,66,4,3142.6,51,2,3142.8,200,1
2031,2026-06-16 09:21:45+05:30,3142.3,10,3146.86,226762,97067.0,138531.0,3163.0,3163.0,3138.0,3134.3,31655200,3447.7,2820.9,3839.9,2896.0,3142.2,31,3,3142.1,4,1,3142.0,107,7,3141.8,24,2,3141.6,14,1,3142.3,16,1,3142.4,69,6,3142.5,66,4,3142.6,51,2,3142.8,200,1
2031,2026-06-16 09:21:45+05:30,3142.3,2,3146.86,226802,96884.0,138217.0,3163.0,3163.0,3138.0,3134.3,31655200,3447.7,2820.9,3839.9,2896.0,3142.2,17,5,3142.0,88,4,3141.8,1,1,3141.6,14,1,3141.4,89,3,3142.3,28,3,3142.4,40,3,3142.5,66,4,3142.6,51,2,3142.8,200,1
2031,2026-06-16 09:21:46+05:30,3142.3,1,3146.86,226802,96884.0,138217.0,3163.0,3163.0,3138.0,3134.3,31655200,3447.7,2820.9,3839.9,2896.0,3142.2,17,5,3142.0,88,4,3141.8,1,1,3141.6,14,1,3141.4,89,3,3142.3,28,3,3142.4,40,3,3142.5,66,4,3142.6,51,2,3142.8,200,1
2031,2026-06-16 09:21:46+05:30,3142.3,23,3146.85,227304,95833.0,138875.0,3163.0,3163.0,3138.0,3134.3,31655200,3447.7,2820.9,3839.9,2896.0,3142.0,31,1,3141.8,1,1,3141.4,6,2,3141.1,9,1,3141.0,2,1,3142.3,7,1,3142.4,40,3,3142.5,123,7,3142.6,251,3,3142.7,2,1
2031,2026-06-16 09:21:47+05:30,3142.0,20,3146.85,227304,95833.0,138875.0,3163.0,3163.0,3138.0,3134.3,31655200,3447.7,2820.9,3839.9,2896.0,3142.0,31,1,3141.8,1,1,3141.4,6,2,3141.1,9,1,3141.0,2,1,3142.3,7,1,3142.4,40,3,3142.5,123,7,3142.6,251,3,3142.7,2,1
2031,2026-06-16 09:21:47+05:30,3142.4,10,3146.84,227462,95703.0,139274.0,3163.0,3163.0,3138.0,3134.3,31655200,3447.7,2820.9,3839.9,2896.0,3142.1,1,1,3142.0,2,1,3141.8,4,2,3141.4,6,2,3141.1,9,1,3142.4,29,3,3142.5,143,6,3142.6,451,4,3142.7,44,2,3142.8,70,4
2031,2026-06-16 09:21:48+05:30,3141.4,2,3146.84,227462,95703.0,139274.0,3163.0,3163.0,3138.0,3134.3,31655200,3447.7,2820.9,3839.9,2896.0,3142.1,1,1,3142.0,2,1,3141.8,4,2,3141.4,6,2,3141.1,9,1,3142.4,29,3,3142.5,143,6,3142.6,451,4,3142.7,44,2,3142.8,70,4
2031,2026-06-16 09:21:48+05:30,3142.4,20,3146.84,227584,96527.0,139069.0,3163.0,3163.0,3138.0,3134.3,31655200,3447.7,2820.9,3839.9,2896.0,3142.0,5,1,3141.8,40,2,3141.7,13,1,3141.6,11,1,3141.5,145,1,3142.4,6,1,3142.5,66,4,3142.6,276,4,3142.9,2,1,3143.0,400,2
2031,2026-06-16 09:21:49+05:30,3141.8,151,3146.84,227584,96527.0,139069.0,3163.0,3163.0,3138.0,3134.3,31655200,3447.7,2820.9,3839.9,2896.0,3142.0,5,1,3141.8,40,2,3141.7,13,1,3141.6,11,1,3141.5,145,1,3142.4,6,1,3142.5,66,4,3142.6,276,4,3142.9,2,1,3143.0,400,2
2031,2026-06-16 09:21:49+05:30,3142.0,21,3146.84,227822,97194.0,139224.0,3163.0,3163.0,3138.0,3134.3,31655200,3447.7,2820.9,3839.9,2896.0,3142.3,100,1,3142.0,41,3,3141.8,104,3,3141.7,11,1,3141.6,55,3,3142.4,31,2,3142.5,46,3,3142.6,276,4,3143.0,200,1,3143.1,152,1
2031,2026-06-16 09:21:50+05:30,3142.3,64,3146.84,227822,97194.0,139224.0,3163.0,3163.0,3138.0,3134.3,31655200,3447.7,2820.9,3839.9,2896.0,3142.3,100,1,3142.0,41,3,3141.8,104,3,3141.7,11,1,3141.6,55,3,3142.4,31,2,3142.5,46,3,3142.6,276,4,3143.0,200,1,3143.1,152,1
2031,2026-06-16 09:21:51+05:30,3142.0,26,3146.83,228166,96802.0,138983.0,3163.0,3163.0,3138.0,3134.3,31655200,3447.7,2820.9,3839.9,2896.0,3142.3,16,1,3142.0,19,2,3141.9,10,1,3141.8,32,2,3141.7,14,1,3142.4,2,1,3142.5,17,1,3142.6,256,3,3143.0,577,4,3143.1,55,1
2031,2026-06-16 09:21:51+05:30,3142.3,9,3146.83,228166,96802.0,138983.0,3163.0,3163.0,3138.0,3134.3,31655200,3447.7,2820.9,3839.9,2896.0,3142.3,16,1,3142.0,19,2,3141.9,10,1,3141.8,32,2,3141.7,14,1,3142.4,2,1,3142.5,17,1,3142.6,256,3,3143.0,577,4,3143.1,55,1
2031,2026-06-16 09:21:52+05:30,3142.3,15,3146.83,228303,97991.0,138988.0,3163.0,3163.0,3138.0,3134.3,31655200,3447.7,2820.9,3839.9,2896.0,3142.3,16,1,3142.0,46,4,3141.9,12,1,3141.8,32,2,3141.7,14,1,3142.6,248,3,3143.0,271,3,3143.1,152,1,3143.2,32,1,3143.3,59,2
2031,2026-06-16 09:21:52+05:30,3142.3,15,3146.83,228303,97991.0,138988.0,3163.0,3163.0,3138.0,3134.3,31655200,3447.7,2820.9,3839.9,2896.0,3142.3,16,1,3142.0,46,4,3141.9,12,1,3141.8,32,2,3141.7,14,1,3142.6,248,3,3143.0,271,3,3143.1,152,1,3143.2,32,1,3143.3,59,2
2031,2026-06-16 09:21:53+05:30,3142.3,40,3146.83,228303,97991.0,138988.0,3163.0,3163.0,3138.0,3134.3,31655200,3447.7,2820.9,3839.9,2896.0,3142.3,16,1,3142.0,46,4,3141.9,12,1,3141.8,32,2,3141.7,14,1,3142.6,248,3,3143.0,271,3,3143.1,152,1,3143.2,32,1,3143.3,59,2
2031,2026-06-16 09:21:53+05:30,3142.3,40,3146.83,228354,97412.0,138368.0,3163.0,3163.0,3138.0,3134.3,31655200,3447.7,2820.9,3839.9,2896.0,3142.0,26,4,3141.9,12,1,3141.8,32,2,3141.7,75,3,3141.6,16,1,3142.3,10,1,3142.6,246,3,3143.0,271,3,3143.1,371,3,3143.2,32,1
2031,2026-06-16 09:21:54+05:30,3142.0,9,3146.83,228354,97412.0,138368.0,3163.0,3163.0,3138.0,3134.3,31655200,3447.7,2820.9,3839.9,2896.0,3142.0,26,4,3141.9,12,1,3141.8,32,2,3141.7,75,3,3141.6,16,1,3142.3,10,1,3142.6,246,3,3143.0,271,3,3143.1,371,3,3143.2,32,1
2031,2026-06-16 09:21:54+05:30,3142.0,9,3146.82,228363,97325.0,138438.0,3163.0,3163.0,3138.0,3134.3,31655200,3447.7,2820.9,3839.9,2896.0,3142.0,56,5,3141.9,6,1,3141.8,32,2,3141.7,14,1,3141.6,39,2,3142.2,19,1,3142.3,52,3,3142.6,246,3,3143.0,271,3,3143.1,448,3
2031,2026-06-16 09:21:55+05:30,3142.0,5,3146.82,228363,97325.0,138438.0,3163.0,3163.0,3138.0,3134.3,31655200,3447.7,2820.9,3839.9,2896.0,3142.0,56,5,3141.9,6,1,3141.8,32,2,3141.7,14,1,3141.6,39,2,3142.2,19,1,3142.3,52,3,3142.6,246,3,3143.0,271,3,3143.1,448,3
2031,2026-06-16 09:21:55+05:30,3142.0,5,3146.82,228631,96606.0,139011.0,3163.0,3163.0,3138.0,3134.3,31655200,3447.7,2820.9,3839.9,2896.0,3141.8,28,1,3141.5,145,1,3141.4,53,4,3141.3,49,2,3141.2,29,2,3142.0,18,1,3142.3,200,1,3142.5,81,2,3142.6,285,5,3142.7,352,2
2031,2026-06-16 09:21:56+05:30,3141.8,2,3146.82,228631,96606.0,139011.0,3163.0,3163.0,3138.0,3134.3,31655200,3447.7,2820.9,3839.9,2896.0,3141.8,28,1,3141.5,145,1,3141.4,53,4,3141.3,49,2,3141.2,29,2,3142.0,18,1,3142.3,200,1,3142.5,81,2,3142.6,285,5,3142.7,352,2
2031,2026-06-16 09:21:56+05:30,3141.8,2,3146.82,228734,96577.0,139703.0,3163.0,3163.0,3138.0,3134.3,31655200,3447.7,2820.9,3839.9,2896.0,3141.8,26,1,3141.5,145,1,3141.4,4,2,3141.2,13,1,3141.1,9,1,3142.0,1,1,3142.1,393,4,3142.2,12,1,3142.3,35,2,3142.4,66,2
2031,2026-06-16 09:21:57+05:30,3141.8,87,3146.82,228734,96577.0,139703.0,3163.0,3163.0,3138.0,3134.3,31655200,3447.7,2820.9,3839.9,2896.0,3141.8,26,1,3141.5,145,1,3141.4,4,2,3141.2,13,1,3141.1,9,1,3142.0,1,1,3142.1,393,4,3142.2,12,1,3142.3,35,2,3142.4,66,2
2031,2026-06-16 09:21:57+05:30,3141.8,9,3146.81,228890,96701.0,139875.0,3163.0,3163.0,3138.0,3134.3,31655200,3447.7,2820.9,3839.9,2896.0,3141.8,8,1,3141.5,145,1,3141.4,4,2,3141.2,13,1,3141.1,9,1,3141.9,113,1,3142.0,80,5,3142.1,216,2,3142.2,35,2,3142.3,210,2
2031,2026-06-16 09:21:58+05:30,3141.8,1,3146.81,228890,96701.0,139875.0,3163.0,3163.0,3138.0,3134.3,31655200,3447.7,2820.9,3839.9,2896.0,3141.8,8,1,3141.5,145,1,3141.4,4,2,3141.2,13,1,3141.1,9,1,3141.9,113,1,3142.0,80,5,3142.1,216,2,3142.2,35,2,3142.3,210,2
2031,2026-06-16 09:21:58+05:30,3141.0,9,3146.8,229441,94656.0,140121.0,3163.0,3163.0,3138.0,3134.3,31655200,3447.7,2820.9,3839.9,2896.0,3141.0,10,2,3140.1,240,3,3140.0,952,15,3139.9,1,1,3139.8,187,4,3141.6,39,5,3141.7,19,2,3141.8,44,3,3141.9,48,2,3142.0,263,5
2031,2026-06-16 09:21:59+05:30,3141.6,1,3146.8,229441,94656.0,140121.0,3163.0,3163.0,3138.0,3134.3,31655200,3447.7,2820.9,3839.9,2896.0,3141.0,10,2,3140.1,240,3,3140.0,952,15,3139.9,1,1,3139.8,187,4,3141.6,39,5,3141.7,19,2,3141.8,44,3,3141.9,48,2,3142.0,263,5
2031,2026-06-16 09:21:59+05:30,3141.6,1,3146.8,229485,95642.0,140284.0,3163.0,3163.0,3138.0,3134.3,31655200,3447.7,2820.9,3839.9,2896.0,3141.0,83,5,3140.2,40,1,3140.1,304,5,3140.0,1074,18,3139.9,1,1,3141.6,149,5,3141.8,422,6,3141.9,299,4,3142.0,29,1,3142.1,60,1
2031,2026-06-16 09:22:00+05:30,3141.0,4,3146.8,229485,95642.0,140284.0,3163.0,3163.0,3138.0,3134.3,31655200,3447.7,2820.9,3839.9,2896.0,3141.0,83,5,3140.2,40,1,3140.1,304,5,3140.0,1074,18,3139.9,1,1,3141.6,149,5,3141.8,422,6,3141.9,299,4,3142.0,29,1,3142.1,60,1
2031,2026-06-16 09:22:00+05:30,3142.1,5,3146.75,232199,97196.0,135892.0,3163.0,3163.0,3138.0,3134.3,31655200,3447.7,2820.9,3839.9,2896.0,3142.1,86,6,3142.0,195,3,3141.9,37,3,3141.8,5,1,3141.7,130,4,3142.9,200,1,3143.1,200,1,3143.4,200,1,3143.5,10,1,3143.9,464,14
2031,2026-06-16 09:22:01+05:30,3142.0,39,3146.75,232199,97196.0,135892.0,3163.0,3163.0,3138.0,3134.3,31655200,3447.7,2820.9,3839.9,2896.0,3142.1,86,6,3142.0,195,3,3141.9,37,3,3141.8,5,1,3141.7,130,4,3142.9,200,1,3143.1,200,1,3143.4,200,1,3143.5,10,1,3143.9,464,14
2031,2026-06-16 09:22:01+05:30,3142.1,21,3146.73,232928,98203.0,137041.0,3163.0,3163.0,3138.0,3134.3,31655200,3447.7,2820.9,3839.9,2896.0,3142.1,26,3,3142.0,13,1,3141.9,118,4,3141.8,75,2,3141.7,78,2,3142.9,200,1,3143.1,8,1,3143.3,200,1,3143.4,225,2,3143.5,10,1
2031,2026-06-16 09:22:02+05:30,3142.1,21,3146.73,232928,98203.0,137041.0,3163.0,3163.0,3138.0,3134.3,31655200,3447.7,2820.9,3839.9,2896.0,3142.1,26,3,3142.0,13,1,3141.9,118,4,3141.8,75,2,3141.7,78,2,3142.9,200,1,3143.1,8,1,3143.3,200,1,3143.4,225,2,3143.5,10,1
2031,2026-06-16 09:22:03+05:30,3142.9,59,3146.73,233082,98877.0,137699.0,3163.0,3163.0,3138.0,3134.3,31655200,3447.7,2820.9,3839.9,2896.0,3142.5,99,1,3142.1,78,4,3142.0,44,3,3141.9,98,3,3141.8,72,3,3142.9,191,3,3143.1,8,1,3143.3,200,1,3143.5,210,2,3143.7,160,1
2031,2026-06-16 09:22:03+05:30,3142.5,2,3146.73,233082,98877.0,137699.0,3163.0,3163.0,3138.0,3134.3,31655200,3447.7,2820.9,3839.9,2896.0,3142.5,99,1,3142.1,78,4,3142.0,44,3,3141.9,98,3,3141.8,72,3,3142.9,191,3,3143.1,8,1,3143.3,200,1,3143.5,210,2,3143.7,160,1
2031,2026-06-16 09:22:04+05:30,3142.8,2,3146.73,233110,97609.0,138143.0,3163.0,3163.0,3138.0,3134.3,31655200,3447.7,2820.9,3839.9,2896.0,3142.6,12,1,3142.5,109,4,3142.4,8,1,3142.1,133,5,3142.0,15,2,3142.8,31,1,3142.9,191,3,3143.1,8,1,3143.3,225,2,3143.5,172,2
2031,2026-06-16 09:22:04+05:30,3142.1,37,3146.73,233110,97609.0,138143.0,3163.0,3163.0,3138.0,3134.3,31655200,3447.7,2820.9,3839.9,2896.0,3142.6,12,1,3142.5,109,4,3142.4,8,1,3142.1,133,5,3142.0,15,2,3142.8,31,1,3142.9,191,3,3143.1,8,1,3143.3,225,2,3143.5,172,2
2031,2026-06-16 09:22:05+05:30,3141.7,81,3146.73,233110,97609.0,138143.0,3163.0,3163.0,3138.0,3134.3,31655200,3447.7,2820.9,3839.9,2896.0,3142.6,12,1,3142.5,109,4,3142.4,8,1,3142.1,133,5,3142.0,15,2,3142.8,31,1,3142.9,191,3,3143.1,8,1,3143.3,225,2,3143.5,172,2
2031,2026-06-16 09:22:05+05:30,3141.0,11,3146.71,234121,94180.0,139524.0,3163.0,3163.0,3138.0,3134.3,31655200,3447.7,2820.9,3839.9,2896.0,3141.0,43,3,3140.2,183,1,3140.1,71,2,3140.0,1066,16,3139.9,93,2,3141.7,140,4,3141.8,20,1,3141.9,40,2,3142.0,33,2,3142.1,79,2
2031,2026-06-16 09:22:06+05:30,3140.6,9,3146.71,234121,94180.0,139524.0,3163.0,3163.0,3138.0,3134.3,31655200,3447.7,2820.9,3839.9,2896.0,3141.0,43,3,3140.2,183,1,3140.1,71,2,3140.0,1066,16,3139.9,93,2,3141.7,140,4,3141.8,20,1,3141.9,40,2,3142.0,33,2,3142.1,79,2
2031,2026-06-16 09:22:06+05:30,3140.1,12,3146.65,236133,92099.0,141167.0,3163.0,3163.0,3138.0,3134.3,31655200,3447.7,2820.9,3839.9,2896.0,3140.1,12,1,3139.1,181,1,3139.0,77,5,3138.9,36,2,3138.8,32,1,3140.6,50,3,3140.7,29,1,3140.8,68,3,3140.9,32,1,3141.0,75,3
2031,2026-06-16 09:22:06+05:30,3140.1,12,3146.65,236133,92099.0,141167.0,3163.0,3163.0,3138.0,3134.3,31655200,3447.7,2820.9,3839.9,2896.0,3140.1,12,1,3139.1,181,1,3139.0,77,5,3138.9,36,2,3138.8,32,1,3140.6,50,3,3140.7,29,1,3140.8,68,3,3140.9,32,1,3141.0,75,3
2031,2026-06-16 09:22:07+05:30,3140.0,1,3146.65,236133,92099.0,141167.0,3163.0,3163.0,3138.0,3134.3,31655200,3447.7,2820.9,3839.9,2896.0,3140.1,12,1,3139.1,181,1,3139.0,77,5,3138.9,36,2,3138.8,32,1,3140.6,50,3,3140.7,29,1,3140.8,68,3,3140.9,32,1,3141.0,75,3
2031,2026-06-16 09:22:07+05:30,3140.0,3,3146.64,236511,92675.0,141035.0,3163.0,3163.0,3138.0,3134.3,31655200,3447.7,2820.9,3839.9,2896.0,3140.1,35,1,3139.1,157,9,3139.0,92,5,3138.9,307,5,3138.8,71,2,3140.5,65,1,3140.6,103,3,3140.8,21,1,3141.0,160,1,3141.1,200,1
2031,2026-06-16 09:22:08+05:30,3140.0,3,3146.64,236511,92675.0,141035.0,3163.0,3163.0,3138.0,3134.3,31655200,3447.7,2820.9,3839.9,2896.0,3140.1,35,1,3139.1,157,9,3139.0,92,5,3138.9,307,5,3138.8,71,2,3140.5,65,1,3140.6,103,3,3140.8,21,1,3141.0,160,1,3141.1,200,1
2031,2026-06-16 09:22:08+05:30,3141.7,93,3146.64,236511,92675.0,141035.0,3163.0,3163.0,3138.0,3134.3,31655200,3447.7,2820.9,3839.9,2896.0,3140.1,35,1,3139.1,157,9,3139.0,92,5,3138.9,307,5,3138.8,71,2,3140.5,65,1,3140.6,103,3,3140.8,21,1,3141.0,160,1,3141.1,200,1
2031,2026-06-16 09:22:08+05:30,3142.0,15,3146.63,237253,94706.0,139486.0,3163.0,3163.0,3138.0,3134.3,31655200,3447.7,2820.9,3839.9,2896.0,3140.6,69,3,3140.5,99,3,3140.4,137,7,3140.3,71,2,3140.2,22,3,3142.0,11,1,3142.1,171,2,3142.2,56,1,3142.4,104,2,3142.5,148,2
2031,2026-06-16 09:22:09+05:30,3142.1,9,3146.63,237253,94706.0,139486.0,3163.0,3163.0,3138.0,3134.3,31655200,3447.7,2820.9,3839.9,2896.0,3140.6,69,3,3140.5,99,3,3140.4,137,7,3140.3,71,2,3140.2,22,3,3142.0,11,1,3142.1,171,2,3142.2,56,1,3142.4,104,2,3142.5,148,2
2031,2026-06-16 09:22:09+05:30,3142.1,4,3146.63,237281,95497.0,137864.0,3163.0,3163.0,3138.0,3134.3,31655200,3447.7,2820.9,3839.9,2896.0,3141.2,41,3,3141.1,97,5,3141.0,56,3,3140.9,150,4,3140.8,51,4,3142.1,22,2,3142.2,22,1,3142.4,20,1,3142.7,95,1,3142.8,10,2
2031,2026-06-16 09:22:09+05:30,3142.1,4,3146.63,237281,95497.0,137864.0,3163.0,3163.0,3138.0,3134.3,31655200,3447.7,2820.9,3839.9,2896.0,3141.2,41,3,3141.1,97,5,3141.0,56,3,3140.9,150,4,3140.8,51,4,3142.1,22,2,3142.2,22,1,3142.4,20,1,3142.7,95,1,3142.8,10,2
2031,2026-06-16 09:22:10+05:30,3141.2,21,3146.63,237281,95497.0,137864.0,3163.0,3163.0,3138.0,3134.3,31655200,3447.7,2820.9,3839.9,2896.0,3141.2,41,3,3141.1,97,5,3141.0,56,3,3140.9,150,4,3140.8,51,4,3142.1,22,2,3142.2,22,1,3142.4,20,1,3142.7,95,1,3142.8,10,2
2031,2026-06-16 09:22:10+05:30,3141.2,21,3146.63,237302,95570.0,138988.0,3163.0,3163.0,3138.0,3134.3,31655200,3447.7,2820.9,3839.9,2896.0,3141.1,2,1,3141.0,54,3,3140.9,127,3,3140.8,110,3,3140.7,216,4,3142.1,22,2,3142.2,22,1,3142.4,20,1,3142.5,8,1,3142.6,63,1
2031,2026-06-16 09:22:11+05:30,3141.2,21,3146.63,237302,95570.0,138988.0,3163.0,3163.0,3138.0,3134.3,31655200,3447.7,2820.9,3839.9,2896.0,3141.1,2,1,3141.0,54,3,3140.9,127,3,3140.8,110,3,3140.7,216,4,3142.1,22,2,3142.2,22,1,3142.4,20,1,3142.5,8,1,3142.6,63,1
2031,2026-06-16 09:22:11+05:30,3141.0,7,3146.63,237302,95570.0,138988.0,3163.0,3163.0,3138.0,3134.3,31655200,3447.7,2820.9,3839.9,2896.0,3141.1,2,1,3141.0,54,3,3140.9,127,3,3140.8,110,3,3140.7,216,4,3142.1,22,2,3142.2,22,1,3142.4,20,1,3142.5,8,1,3142.6,63,1
2031,2026-06-16 09:22:11+05:30,3141.1,2,3146.63,237313,95096.0,139856.0,3163.0,3163.0,3138.0,3134.3,31655200,3447.7,2820.9,3839.9,2896.0,3141.1,54,1,3141.0,47,3,3140.9,93,2,3140.8,2,1,3140.7,49,2,3142.1,43,3,3142.2,22,1,3142.3,54,1,3142.4,20,1,3142.5,105,3
2031,2026-06-16 09:22:12+05:30,3142.0,1,3146.63,237313,95096.0,139856.0,3163.0,3163.0,3138.0,3134.3,31655200,3447.7,2820.9,3839.9,2896.0,3141.1,54,1,3141.0,47,3,3140.9,93,2,3140.8,2,1,3140.7,49,2,3142.1,43,3,3142.2,22,1,3142.3,54,1,3142.4,20,1,3142.5,105,3
2031,2026-06-16 09:22:12+05:30,3142.0,1,3146.63,237313,95096.0,139856.0,3163.0,3163.0,3138.0,3134.3,31655200,3447.7,2820.9,3839.9,2896.0,3141.1,54,1,3141.0,47,3,3140.9,93,2,3140.8,2,1,3140.7,49,2,3142.1,43,3,3142.2,22,1,3142.3,54,1,3142.4,20,1,3142.5,105,3
2031,2026-06-16 09:22:12+05:30,3142.1,7,3146.62,237474,95699.0,139435.0,3163.0,3163.0,3138.0,3134.3,31655200,3447.7,2820.9,3839.9,2896.0,3141.1,54,1,3141.0,63,3,3140.8,54,1,3140.7,69,2,3140.6,126,3,3142.1,7,1,3142.2,22,1,3142.3,20,1,3142.5,25,2,3142.6,222,2
2031,2026-06-16 09:22:13+05:30,3141.1,18,3146.62,237474,95699.0,139435.0,3163.0,3163.0,3138.0,3134.3,31655200,3447.7,2820.9,3839.9,2896.0,3141.1,54,1,3141.0,63,3,3140.8,54,1,3140.7,69,2,3140.6,126,3,3142.1,7,1,3142.2,22,1,3142.3,20,1,3142.5,25,2,3142.6,222,2
2031,2026-06-16 09:22:13+05:30,3142.0,1,3146.62,237509,95644.0,140120.0,3163.0,3163.0,3138.0,3134.3,31655200,3447.7,2820.9,3839.9,2896.0,3141.2,21,1,3141.1,36,1,3141.0,33,2,3140.6,84,2,3140.5,202,2,3142.0,35,2,3142.1,11,2,3142.2,22,1,3142.3,98,3,3142.4,163,1
2031,2026-06-16 09:22:14+05:30,3142.0,1,3146.62,237509,95644.0,140120.0,3163.0,3163.0,3138.0,3134.3,31655200,3447.7,2820.9,3839.9,2896.0,3141.2,21,1,3141.1,36,1,3141.0,33,2,3140.6,84,2,3140.5,202,2,3142.0,35,2,3142.1,11,2,3142.2,22,1,3142.3,98,3,3142.4,163,1
2031,2026-06-16 09:22:14+05:30,3141.2,9,3146.62,237509,95644.0,140120.0,3163.0,3163.0,3138.0,3134.3,31655200,3447.7,2820.9,3839.9,2896.0,3141.2,21,1,3141.1,36,1,3141.0,33,2,3140.6,84,2,3140.5,202,2,3142.0,35,2,3142.1,11,2,3142.2,22,1,3142.3,98,3,3142.4,163,1
2031,2026-06-16 09:22:15+05:30,3141.2,9,3146.62,237518,96357.0,140126.0,3163.0,3163.0,3138.0,3134.3,31655200,3447.7,2820.9,3839.9,2896.0,3141.2,62,3,3141.1,36,1,3141.0,625,4,3140.9,13,1,3140.8,96,2,3142.0,42,3,3142.1,7,1,3142.2,22,1,3142.3,20,1,3142.4,160,1
2031,2026-06-16 09:22:15+05:30,3141.2,9,3146.62,237518,96357.0,140126.0,3163.0,3163.0,3138.0,3134.3,31655200,3447.7,2820.9,3839.9,2896.0,3141.2,62,3,3141.1,36,1,3141.0,625,4,3140.9,13,1,3140.8,96,2,3142.0,42,3,3142.1,7,1,3142.2,22,1,3142.3,20,1,3142.4,160,1
2031,2026-06-16 09:22:16+05:30,3142.8,44,3146.6,238790,96897.0,138166.0,3163.0,3163.0,3138.0,3134.3,31655200,3447.7,2820.9,3839.9,2896.0,3141.4,57,1,3141.3,230,5,3141.2,41,3,3141.1,99,2,3141.0,636,4,3142.8,156,1,3142.9,47,2,3143.0,43,2,3143.1,49,2,3143.2,479,4
2031,2026-06-16 09:22:16+05:30,3141.3,3,3146.6,238790,96897.0,138166.0,3163.0,3163.0,3138.0,3134.3,31655200,3447.7,2820.9,3839.9,2896.0,3141.4,57,1,3141.3,230,5,3141.2,41,3,3141.1,99,2,3141.0,636,4,3142.8,156,1,3142.9,47,2,3143.0,43,2,3143.1,49,2,3143.2,479,4
2031,2026-06-16 09:22:16+05:30,3141.3,3,3146.6,238790,96897.0,138166.0,3163.0,3163.0,3138.0,3134.3,31655200,3447.7,2820.9,3839.9,2896.0,3141.4,57,1,3141.3,230,5,3141.2,41,3,3141.1,99,2,3141.0,636,4,3142.8,156,1,3142.9,47,2,3143.0,43,2,3143.1,49,2,3143.2,479,4
2031,2026-06-16 09:22:17+05:30,3141.3,3,3146.6,238790,96897.0,138166.0,3163.0,3163.0,3138.0,3134.3,31655200,3447.7,2820.9,3839.9,2896.0,3141.4,57,1,3141.3,230,5,3141.2,41,3,3141.1,99,2,3141.0,636,4,3142.8,156,1,3142.9,47,2,3143.0,43,2,3143.1,49,2,3143.2,479,4
2031,2026-06-16 09:22:17+05:30,3141.2,27,3146.6,238790,96897.0,138166.0,3163.0,3163.0,3138.0,3134.3,31655200,3447.7,2820.9,3839.9,2896.0,3141.4,57,1,3141.3,230,5,3141.2,41,3,3141.1,99,2,3141.0,636,4,3142.8,156,1,3142.9,47,2,3143.0,43,2,3143.1,49,2,3143.2,479,4
2031,2026-06-16 09:22:17+05:30,3141.2,27,3146.59,239237,95505.0,138350.0,3163.0,3163.0,3138.0,3134.3,31655200,3447.7,2820.9,3839.9,2896.0,3141.2,4,2,3141.1,99,2,3141.0,600,4,3140.9,30,1,3140.8,42,1,3142.4,87,2,3142.5,24,2,3142.7,409,4,3142.8,49,3,3142.9,47,2
2031,2026-06-16 09:22:17+05:30,3141.2,27,3146.59,239237,95505.0,138350.0,3163.0,3163.0,3138.0,3134.3,31655200,3447.7,2820.9,3839.9,2896.0,3141.2,4,2,3141.1,99,2,3141.0,600,4,3140.9,30,1,3140.8,42,1,3142.4,87,2,3142.5,24,2,3142.7,409,4,3142.8,49,3,3142.9,47,2
2031,2026-06-16 09:22:18+05:30,3141.2,27,3146.59,239237,95505.0,138350.0,3163.0,3163.0,3138.0,3134.3,31655200,3447.7,2820.9,3839.9,2896.0,3141.2,4,2,3141.1,99,2,3141.0,600,4,3140.9,30,1,3140.8,42,1,3142.4,87,2,3142.5,24,2,3142.7,409,4,3142.8,49,3,3142.9,47,2
2031,2026-06-16 09:22:18+05:30,3142.7,24,3146.59,239237,95505.0,138350.0,3163.0,3163.0,3138.0,3134.3,31655200,3447.7,2820.9,3839.9,2896.0,3141.2,4,2,3141.1,99,2,3141.0,600,4,3140.9,30,1,3140.8,42,1,3142.4,87,2,3142.5,24,2,3142.7,409,4,3142.8,49,3,3142.9,47,2
2031,2026-06-16 09:22:18+05:30,3142.7,24,3146.58,239542,97142.0,138087.0,3163.0,3163.0,3138.0,3134.3,31655200,3447.7,2820.9,3839.9,2896.0,3141.8,90,2,3141.4,84,3,3141.3,277,5,3141.2,87,6,3141.1,130,5,3142.7,49,2,3142.8,219,2,3142.9,21,1,3143.0,57,1,3143.2,400,2
2031,2026-06-16 09:22:18+05:30,3142.7,24,3146.58,239542,97142.0,138087.0,3163.0,3163.0,3138.0,3134.3,31655200,3447.7,2820.9,3839.9,2896.0,3141.8,90,2,3141.4,84,3,3141.3,277,5,3141.2,87,6,3141.1,130,5,3142.7,49,2,3142.8,219,2,3142.9,21,1,3143.0,57,1,3143.2,400,2
2031,2026-06-16 09:22:19+05:30,3142.6,1,3146.58,239542,97142.0,138087.0,3163.0,3163.0,3138.0,3134.3,31655200,3447.7,2820.9,3839.9,2896.0,3141.8,90,2,3141.4,84,3,3141.3,277,5,3141.2,87,6,3141.1,130,5,3142.7,49,2,3142.8,219,2,3142.9,21,1,3143.0,57,1,3143.2,400,2
2031,2026-06-16 09:22:19+05:30,3142.2,92,3146.58,239645,96857.0,138768.0,3163.0,3163.0,3138.0,3134.3,31655200,3447.7,2820.9,3839.9,2896.0,3141.8,104,3,3141.4,4,1,3141.3,1,1,3141.2,86,5,3141.1,221,3,3142.2,108,1,3142.6,17,1,3142.7,89,3,3142.8,243,3,3142.9,22,1
2031,2026-06-16 09:22:19+05:30,3142.2,92,3146.58,239645,96857.0,138768.0,3163.0,3163.0,3138.0,3134.3,31655200,3447.7,2820.9,3839.9,2896.0,3141.8,104,3,3141.4,4,1,3141.3,1,1,3141.2,86,5,3141.1,221,3,3142.2,108,1,3142.6,17,1,3142.7,89,3,3142.8,243,3,3142.9,22,1
2031,2026-06-16 09:22:20+05:30,3141.8,9,3146.58,239645,96857.0,138768.0,3163.0,3163.0,3138.0,3134.3,31655200,3447.7,2820.9,3839.9,2896.0,3141.8,104,3,3141.4,4,1,3141.3,1,1,3141.2,86,5,3141.1,221,3,3142.2,108,1,3142.6,17,1,3142.7,89,3,3142.8,243,3,3142.9,22,1
2031,2026-06-16 09:22:20+05:30,3141.8,9,3146.58,239847,96624.0,139150.0,3163.0,3163.0,3138.0,3134.3,31655200,3447.7,2820.9,3839.9,2896.0,3141.8,16,2,3141.4,4,1,3141.3,1,1,3141.2,10,2,3141.0,597,3,3142.2,55,1,3142.5,62,3,3142.6,17,1,3142.7,303,6,3142.8,110,5
2031,2026-06-16 09:22:20+05:30,3141.8,9,3146.58,239847,96624.0,139150.0,3163.0,3163.0,3138.0,3134.3,31655200,3447.7,2820.9,3839.9,2896.0,3141.8,16,2,3141.4,4,1,3141.3,1,1,3141.2,10,2,3141.0,597,3,3142.2,55,1,3142.5,62,3,3142.6,17,1,3142.7,303,6,3142.8,110,5
2031,2026-06-16 09:22:21+05:30,3142.2,1,3146.58,239847,96624.0,139150.0,3163.0,3163.0,3138.0,3134.3,31655200,3447.7,2820.9,3839.9,2896.0,3141.8,16,2,3141.4,4,1,3141.3,1,1,3141.2,10,2,3141.0,597,3,3142.2,55,1,3142.5,62,3,3142.6,17,1,3142.7,303,6,3142.8,110,5
2031,2026-06-16 09:22:21+05:30,3142.2,1,3146.58,239847,96624.0,139150.0,3163.0,3163.0,3138.0,3134.3,31655200,3447.7,2820.9,3839.9,2896.0,3141.8,16,2,3141.4,4,1,3141.3,1,1,3141.2,10,2,3141.0,597,3,3142.2,55,1,3142.5,62,3,3142.6,17,1,3142.7,303,6,3142.8,110,5
2031,2026-06-16 09:22:21+05:30,3141.4,25,3146.57,240065,96448.0,140139.0,3163.0,3163.0,3138.0,3134.3,31655200,3447.7,2820.9,3839.9,2896.0,3141.4,4,1,3141.3,1,1,3141.2,10,2,3141.0,597,3,3140.7,96,3,3142.2,83,2,3142.5,98,3,3142.6,164,4,3142.7,302,5,3142.8,146,5
2031,2026-06-16 09:22:21+05:30,3141.4,25,3146.57,240065,96448.0,140139.0,3163.0,3163.0,3138.0,3134.3,31655200,3447.7,2820.9,3839.9,2896.0,3141.4,4,1,3141.3,1,1,3141.2,10,2,3141.0,597,3,3140.7,96,3,3142.2,83,2,3142.5,98,3,3142.6,164,4,3142.7,302,5,3142.8,146,5
2031,2026-06-16 09:22:22+05:30,3141.2,5,3146.57,240065,96448.0,140139.0,3163.0,3163.0,3138.0,3134.3,31655200,3447.7,2820.9,3839.9,2896.0,3141.4,4,1,3141.3,1,1,3141.2,10,2,3141.0,597,3,3140.7,96,3,3142.2,83,2,3142.5,98,3,3142.6,164,4,3142.7,302,5,3142.8,146,5
2031,2026-06-16 09:22:22+05:30,3142.2,44,3146.57,240165,96406.0,139490.0,3163.0,3163.0,3138.0,3134.3,31655200,3447.7,2820.9,3839.9,2896.0,3141.2,10,3,3141.0,505,2,3140.8,118,3,3140.7,92,1,3140.6,223,2,3142.2,39,2,3142.5,20,1,3142.6,17,1,3142.7,309,5,3142.8,309,4
2031,2026-06-16 09:22:22+05:30,3142.2,44,3146.57,240165,96406.0,139490.0,3163.0,3163.0,3138.0,3134.3,31655200,3447.7,2820.9,3839.9,2896.0,3141.2,10,3,3141.0,505,2,3140.8,118,3,3140.7,92,1,3140.6,223,2,3142.2,39,2,3142.5,20,1,3142.6,17,1,3142.7,309,5,3142.8,309,4
2031,2026-06-16 09:22:23+05:30,3142.2,1,3146.57,240165,96406.0,139490.0,3163.0,3163.0,3138.0,3134.3,31655200,3447.7,2820.9,3839.9,2896.0,3141.2,10,3,3141.0,505,2,3140.8,118,3,3140.7,92,1,3140.6,223,2,3142.2,39,2,3142.5,20,1,3142.6,17,1,3142.7,309,5,3142.8,309,4
2031,2026-06-16 09:22:23+05:30,3141.2,1,3146.57,240191,97421.0,139360.0,3163.0,3163.0,3138.0,3134.3,31655200,3447.7,2820.9,3839.9,2896.0,3141.2,36,2,3141.0,1522,4,3140.9,42,1,3140.8,23,2,3140.7,136,3,3141.9,200,1,3142.2,75,3,3142.3,200,1,3142.5,22,1,3142.6,43,2
2031,2026-06-16 09:22:23+05:30,3141.2,1,3146.57,240191,97421.0,139360.0,3163.0,3163.0,3138.0,3134.3,31655400,3447.7,2820.9,3839.9,2896.0,3141.2,36,2,3141.0,1522,4,3140.9,42,1,3140.8,23,2,3140.7,136,3,3141.9,200,1,3142.2,75,3,3142.3,200,1,3142.5,22,1,3142.6,43,2
2031,2026-06-16 09:22:24+05:30,3141.2,1,3146.57,240191,97421.0,139360.0,3163.0,3163.0,3138.0,3134.3,31655400,3447.7,2820.9,3839.9,2896.0,3141.2,36,2,3141.0,1522,4,3140.9,42,1,3140.8,23,2,3140.7,136,3,3141.9,200,1,3142.2,75,3,3142.3,200,1,3142.5,22,1,3142.6,43,2
2031,2026-06-16 09:22:24+05:30,3141.2,9,3146.57,240247,97201.0,140284.0,3163.0,3163.0,3138.0,3134.3,31655400,3447.7,2820.9,3839.9,2896.0,3141.2,41,3,3141.0,1505,3,3140.4,165,5,3140.3,4,1,3140.2,10,2,3141.9,244,4,3142.1,20,1,3142.2,46,2,3142.3,218,2,3142.4,102,3
2031,2026-06-16 09:22:25+05:30,3141.2,9,3146.57,240247,97201.0,140284.0,3163.0,3163.0,3138.0,3134.3,31655400,3447.7,2820.9,3839.9,2896.0,3141.2,41,3,3141.0,1505,3,3140.4,165,5,3140.3,4,1,3140.2,10,2,3141.9,244,4,3142.1,20,1,3142.2,46,2,3142.3,218,2,3142.4,102,3
2031,2026-06-16 09:22:25+05:30,3141.2,9,3146.57,240270,97096.0,140792.0,3163.0,3163.0,3138.0,3134.3,31655400,3447.7,2820.9,3839.9,2896.0,3141.2,32,3,3141.0,1505,3,3140.4,121,3,3140.3,36,2,3140.2,210,3,3141.9,230,4,3142.1,40,2,3142.2,106,5,3142.3,242,3,3142.4,88,2
2031,2026-06-16 09:22:26+05:30,3141.9,15,3146.57,240270,97096.0,140792.0,3163.0,3163.0,3138.0,3134.3,31655400,3447.7,2820.9,3839.9,2896.0,3141.2,32,3,3141.0,1505,3,3140.4,121,3,3140.3,36,2,3140.2,210,3,3141.9,230,4,3142.1,40,2,3142.2,106,5,3142.3,242,3,3142.4,88,2
2031,2026-06-16 09:22:27+05:30,3141.9,10,3146.57,240337,97201.0,140530.0,3163.0,3163.0,3138.0,3134.3,31655400,3447.7,2820.9,3839.9,2896.0,3141.2,17,3,3141.0,1700,4,3140.4,163,4,3140.3,36,2,3140.2,210,3,3141.9,199,5,3142.1,47,2,3142.2,87,4,3142.3,218,2,3142.4,113,3
2031,2026-06-16 09:22:27+05:30,3141.9,10,3146.57,240337,97201.0,140530.0,3163.0,3163.0,3138.0,3134.3,31655400,3447.7,2820.9,3839.9,2896.0,3141.2,17,3,3141.0,1700,4,3140.4,163,4,3140.3,36,2,3140.2,210,3,3141.9,199,5,3142.1,47,2,3142.2,87,4,3142.3,218,2,3142.4,113,3
2031,2026-06-16 09:22:27+05:30,3141.2,1,3146.57,240358,97175.0,140393.0,3163.0,3163.0,3138.0,3134.3,31655400,3447.7,2820.9,3839.9,2896.0,3141.2,40,3,3141.0,1792,5,3140.7,127,2,3140.5,23,1,3140.4,142,4,3141.9,187,5,3142.2,66,3,3142.3,218,2,3142.4,131,3,3142.5,48,3
2031,2026-06-16 09:22:28+05:30,3141.2,5,3146.57,240358,97175.0,140393.0,3163.0,3163.0,3138.0,3134.3,31655400,3447.7,2820.9,3839.9,2896.0,3141.2,40,3,3141.0,1792,5,3140.7,127,2,3140.5,23,1,3140.4,142,4,3141.9,187,5,3142.2,66,3,3142.3,218,2,3142.4,131,3,3142.5,48,3
2031,2026-06-16 09:22:29+05:30,3141.9,1,3146.57,240364,97436.0,140135.0,3163.0,3163.0,3138.0,3134.3,31655400,3447.7,2820.9,3839.9,2896.0,3141.2,537,5,3141.0,1327,5,3140.9,17,1,3140.8,42,1,3140.7,171,4,3141.9,186,5,3142.2,61,2,3142.3,218,2,3142.4,47,2,3142.5,48,3
2031,2026-06-16 09:22:29+05:30,3141.2,18,3146.57,240364,97436.0,140135.0,3163.0,3163.0,3138.0,3134.3,31655400,3447.7,2820.9,3839.9,2896.0,3141.2,537,5,3141.0,1327,5,3140.9,17,1,3140.8,42,1,3140.7,171,4,3141.9,186,5,3142.2,61,2,3142.3,218,2,3142.4,47,2,3142.5,48,3
2031,2026-06-16 09:22:30+05:30,3141.9,5,3146.57,240400,97442.0,140413.0,3163.0,3163.0,3138.0,3134.3,31655400,3447.7,2820.9,3839.9,2896.0,3141.2,559,6,3141.1,1,1,3141.0,1327,5,3140.7,171,4,3140.4,207,6,3141.9,181,6,3142.2,61,2,3142.3,418,3,3142.4,47,2,3142.5,48,3
2031,2026-06-16 09:22:30+05:30,3141.9,5,3146.57,240400,97442.0,140413.0,3163.0,3163.0,3138.0,3134.3,31655400,3447.7,2820.9,3839.9,2896.0,3141.2,559,6,3141.1,1,1,3141.0,1327,5,3140.7,171,4,3140.4,207,6,3141.9,181,6,3142.2,61,2,3142.3,418,3,3142.4,47,2,3142.5,48,3
2031,2026-06-16 09:22:31+05:30,3141.9,14,3146.57,240400,97442.0,140413.0,3163.0,3163.0,3138.0,3134.3,31655400,3447.7,2820.9,3839.9,2896.0,3141.2,559,6,3141.1,1,1,3141.0,1327,5,3140.7,171,4,3140.4,207,6,3141.9,181,6,3142.2,61,2,3142.3,418,3,3142.4,47,2,3142.5,48,3
2031,2026-06-16 09:22:31+05:30,3141.4,49,3146.56,240517,97507.0,140290.0,3163.0,3163.0,3138.0,3134.3,31655400,3447.7,2820.9,3839.9,2896.0,3141.4,29,1,3141.2,581,7,3141.1,1,1,3141.0,1235,4,3140.4,216,5,3141.9,117,6,3142.0,200,1,3142.2,61,2,3142.3,125,3,3142.4,246,3
2031,2026-06-16 09:22:32+05:30,3142.0,132,3146.56,240517,97507.0,140290.0,3163.0,3163.0,3138.0,3134.3,31655400,3447.7,2820.9,3839.9,2896.0,3141.4,29,1,3141.2,581,7,3141.1,1,1,3141.0,1235,4,3140.4,216,5,3141.9,117,6,3142.0,200,1,3142.2,61,2,3142.3,125,3,3142.4,246,3
2031,2026-06-16 09:22:32+05:30,3142.0,132,3146.56,240803,97180.0,139373.0,3163.0,3163.0,3138.0,3134.3,31655400,3447.7,2820.9,3839.9,2896.0,3141.4,29,1,3141.2,586,8,3141.1,1,1,3141.0,1327,5,3140.8,32,1,3142.0,90,2,3142.2,101,4,3142.3,51,2,3142.5,110,5,3142.6,307,4
2031,2026-06-16 09:22:33+05:30,3141.9,12,3146.56,240803,97180.0,139373.0,3163.0,3163.0,3138.0,3134.3,31655400,3447.7,2820.9,3839.9,2896.0,3141.4,29,1,3141.2,586,8,3141.1,1,1,3141.0,1327,5,3140.8,32,1,3142.0,90,2,3142.2,101,4,3142.3,51,2,3142.5,110,5,3142.6,307,4
2031,2026-06-16 09:22:33+05:30,3141.4,28,3146.55,241046,98405.0,139861.0,3163.0,3163.0,3138.0,3134.3,31655400,3447.7,2820.9,3839.9,2896.0,3141.4,3,2,3141.2,614,9,3141.1,1,1,3141.0,1240,5,3140.9,55,2,3142.0,60,2,3142.2,61,2,3142.3,51,2,3142.4,17,1,3142.5,61,3
2031,2026-06-16 09:22:34+05:30,3141.9,1,3146.55,241046,98405.0,139861.0,3163.0,3163.0,3138.0,3134.3,31655400,3447.7,2820.9,3839.9,2896.0,3141.4,3,2,3141.2,614,9,3141.1,1,1,3141.0,1240,5,3140.9,55,2,3142.0,60,2,3142.2,61,2,3142.3,51,2,3142.4,17,1,3142.5,61,3
2031,2026-06-16 09:22:34+05:30,3142.0,1,3146.55,241169,98570.0,139577.0,3163.0,3163.0,3138.0,3134.3,31655400,3447.7,2820.9,3839.9,2896.0,3141.2,577,9,3141.1,42,1,3141.0,1265,7,3140.9,45,2,3140.8,107,2,3142.0,17,2,3142.2,61,2,3142.3,101,3,3142.5,24,2,3142.6,23,1
2031,2026-06-16 09:22:35+05:30,3142.0,1,3146.55,241169,98570.0,139577.0,3163.0,3163.0,3138.0,3134.3,31655400,3447.7,2820.9,3839.9,2896.0,3141.2,577,9,3141.1,42,1,3141.0,1265,7,3140.9,45,2,3140.8,107,2,3142.0,17,2,3142.2,61,2,3142.3,101,3,3142.5,24,2,3142.6,23,1
2031,2026-06-16 09:22:35+05:30,3142.0,11,3146.55,241216,99375.0,139204.0,3163.0,3163.0,3138.0,3134.3,31655400,3447.7,2820.9,3839.9,2896.0,3142.0,23,2,3141.9,2,1,3141.3,179,2,3141.2,538,7,3141.0,1401,10,3142.2,61,2,3142.3,51,2,3142.7,79,2,3142.8,24,1,3142.9,294,3
2031,2026-06-16 09:22:36+05:30,3142.0,7,3146.55,241216,99375.0,139204.0,3163.0,3163.0,3138.0,3134.3,31655400,3447.7,2820.9,3839.9,2896.0,3142.0,23,2,3141.9,2,1,3141.3,179,2,3141.2,538,7,3141.0,1401,10,3142.2,61,2,3142.3,51,2,3142.7,79,2,3142.8,24,1,3142.9,294,3
2031,2026-06-16 09:22:36+05:30,3142.1,16,3146.55,241278,98755.0,139700.0,3163.0,3163.0,3138.0,3134.3,31655400,3447.7,2820.9,3839.9,2896.0,3142.0,42,1,3141.9,2,1,3141.4,2,1,3141.3,1,1,3141.2,531,8,3142.1,17,1,3142.2,90,3,3142.3,18,1,3142.5,17,1,3142.7,62,2
2031,2026-06-16 09:22:37+05:30,3141.4,43,3146.55,241278,98755.0,139700.0,3163.0,3163.0,3138.0,3134.3,31655400,3447.7,2820.9,3839.9,2896.0,3142.0,42,1,3141.9,2,1,3141.4,2,1,3141.3,1,1,3141.2,531,8,3142.1,17,1,3142.2,90,3,3142.3,18,1,3142.5,17,1,3142.7,62,2
2031,2026-06-16 09:22:37+05:30,3142.1,2,3146.55,241391,98710.0,139565.0,3163.0,3163.0,3138.0,3134.3,31655400,3447.7,2820.9,3839.9,2896.0,3141.2,647,10,3141.1,43,2,3141.0,1185,8,3140.9,107,2,3140.8,255,4,3142.1,15,1,3142.2,167,4,3142.3,18,1,3142.6,29,1,3142.7,40,1
2031,2026-06-16 09:22:38+05:30,3141.2,1,3146.55,241391,98710.0,139565.0,3163.0,3163.0,3138.0,3134.3,31655400,3447.7,2820.9,3839.9,2896.0,3141.2,647,10,3141.1,43,2,3141.0,1185,8,3140.9,107,2,3140.8,255,4,3142.1,15,1,3142.2,167,4,3142.3,18,1,3142.6,29,1,3142.7,40,1
2031,2026-06-16 09:22:39+05:30,3141.9,12,3146.55,241405,99262.0,139678.0,3163.0,3163.0,3138.0,3134.3,31655400,3447.7,2820.9,3839.9,2896.0,3141.9,10,1,3141.2,600,9,3141.1,20,1,3141.0,1387,10,3140.9,22,1,3142.1,36,2,3142.2,138,3,3142.3,18,1,3142.5,16,1,3142.6,29,1
2031,2026-06-16 09:22:39+05:30,3141.9,12,3146.55,241405,99262.0,139678.0,3163.0,3163.0,3138.0,3134.3,31655400,3447.7,2820.9,3839.9,2896.0,3141.9,10,1,3141.2,600,9,3141.1,20,1,3141.0,1387,10,3140.9,22,1,3142.1,36,2,3142.2,138,3,3142.3,18,1,3142.5,16,1,3142.6,29,1
2031,2026-06-16 09:22:40+05:30,3142.1,1,3146.54,241450,100600.0,138926.0,3163.0,3163.0,3138.0,3134.3,31655400,3447.7,2820.9,3839.9,2896.0,3142.0,192,1,3141.9,10,1,3141.7,66,2,3141.6,31,2,3141.5,101,4,3142.1,6,1,3142.2,82,3,3142.3,18,1,3142.5,16,1,3142.7,40,1
2031,2026-06-16 09:22:40+05:30,3142.0,41,3146.54,241450,100600.0,138926.0,3163.0,3163.0,3138.0,3134.3,31655400,3447.7,2820.9,3839.9,2896.0,3142.0,192,1,3141.9,10,1,3141.7,66,2,3141.6,31,2,3141.5,101,4,3142.1,6,1,3142.2,82,3,3142.3,18,1,3142.5,16,1,3142.7,40,1
2031,2026-06-16 09:22:41+05:30,3142.0,8,3146.54,241450,100600.0,138926.0,3163.0,3163.0,3138.0,3134.3,31655400,3447.7,2820.9,3839.9,2896.0,3142.0,192,1,3141.9,10,1,3141.7,66,2,3141.6,31,2,3141.5,101,4,3142.1,6,1,3142.2,82,3,3142.3,18,1,3142.5,16,1,3142.7,40,1
2031,2026-06-16 09:22:41+05:30,3142.0,8,3146.54,241508,100304.0,139101.0,3163.0,3163.0,3138.0,3134.3,31655400,3447.7,2820.9,3839.9,2896.0,3142.0,194,3,3141.9,10,1,3141.7,22,1,3141.6,83,3,3141.5,26,2,3142.2,79,3,3142.3,18,1,3142.7,40,1,3142.8,24,1,3142.9,222,2
2031,2026-06-16 09:22:42+05:30,3142.2,4,3146.54,241508,100304.0,139101.0,3163.0,3163.0,3138.0,3134.3,31655400,3447.7,2820.9,3839.9,2896.0,3142.0,194,3,3141.9,10,1,3141.7,22,1,3141.6,83,3,3141.5,26,2,3142.2,79,3,3142.3,18,1,3142.7,40,1,3142.8,24,1,3142.9,222,2
2031,2026-06-16 09:22:42+05:30,3142.2,4,3146.54,241583,99946.0,139180.0,3163.0,3163.0,3138.0,3134.3,31655400,3447.7,2820.9,3839.9,2896.0,3142.0,216,5,3141.9,28,2,3141.8,26,1,3141.7,66,2,3141.6,31,2,3142.2,99,4,3142.3,18,1,3142.7,60,2,3142.8,24,1,3142.9,222,2
2031,2026-06-16 09:22:43+05:30,3142.2,40,3146.54,241583,99946.0,139180.0,3163.0,3163.0,3138.0,3134.3,31655400,3447.7,2820.9,3839.9,2896.0,3142.0,216,5,3141.9,28,2,3141.8,26,1,3141.7,66,2,3141.6,31,2,3142.2,99,4,3142.3,18,1,3142.7,60,2,3142.8,24,1,3142.9,222,2
2031,2026-06-16 09:22:43+05:30,3142.0,12,3146.54,241734,100221.0,139224.0,3163.0,3163.0,3138.0,3134.3,31655400,3447.7,2820.9,3839.9,2896.0,3142.0,555,7,3141.9,10,1,3141.8,26,2,3141.6,31,2,3141.5,26,2,3142.2,1,1,3142.3,18,1,3142.7,60,2,3142.8,24,1,3142.9,222,2
2031,2026-06-16 09:22:44+05:30,3142.0,12,3146.54,241734,100221.0,139224.0,3163.0,3163.0,3138.0,3134.3,31655400,3447.7,2820.9,3839.9,2896.0,3142.0,555,7,3141.9,10,1,3141.8,26,2,3141.6,31,2,3141.5,26,2,3142.2,1,1,3142.3,18,1,3142.7,60,2,3142.8,24,1,3142.9,222,2
2031,2026-06-16 09:22:44+05:30,3142.0,8,3146.54,241742,100285.0,139234.0,3163.0,3163.0,3138.0,3134.3,31655400,3447.7,2820.9,3839.9,2896.0,3142.0,558,10,3141.9,28,2,3141.8,52,3,3141.7,52,2,3141.6,31,2,3142.2,2,2,3142.3,18,1,3142.7,60,2,3142.8,26,2,3142.9,222,2
2031,2026-06-16 09:22:45+05:30,3142.0,8,3146.54,241742,100285.0,139234.0,3163.0,3163.0,3138.0,3134.3,31655400,3447.7,2820.9,3839.9,2896.0,3142.0,558,10,3141.9,28,2,3141.8,52,3,3141.7,52,2,3141.6,31,2,3142.2,2,2,3142.3,18,1,3142.7,60,2,3142.8,26,2,3142.9,222,2
2031,2026-06-16 09:22:45+05:30,3142.1,71,3146.54,241851,100257.0,139244.0,3163.0,3163.0,3138.0,3134.3,31655400,3447.7,2820.9,3839.9,2896.0,3142.1,25,1,3142.0,607,14,3141.9,28,2,3141.8,53,3,3141.7,24,2,3142.2,15,2,3142.3,18,1,3142.7,60,2,3142.8,26,2,3142.9,222,2
2031,2026-06-16 09:22:46+05:30,3142.2,1,3146.54,241851,100257.0,139244.0,3163.0,3163.0,3138.0,3134.3,31655400,3447.7,2820.9,3839.9,2896.0,3142.1,25,1,3142.0,607,14,3141.9,28,2,3141.8,53,3,3141.7,24,2,3142.2,15,2,3142.3,18,1,3142.7,60,2,3142.8,26,2,3142.9,222,2
2031,2026-06-16 09:22:46+05:30,3142.2,29,3146.54,241907,100451.0,139300.0,3163.0,3163.0,3138.0,3134.3,31655400,3447.7,2820.9,3839.9,2896.0,3142.1,21,3,3142.0,699,16,3141.9,36,3,3141.8,53,3,3141.7,24,2,3142.3,18,1,3142.7,60,2,3142.8,26,2,3142.9,222,2,3143.2,169,1
2031,2026-06-16 09:22:47+05:30,3142.3,2,3146.54,241907,100451.0,139300.0,3163.0,3163.0,3138.0,3134.3,31655400,3447.7,2820.9,3839.9,2896.0,3142.1,21,3,3142.0,699,16,3141.9,36,3,3141.8,53,3,3141.7,24,2,3142.3,18,1,3142.7,60,2,3142.8,26,2,3142.9,222,2,3143.2,169,1
2031,2026-06-16 09:22:47+05:30,3142.1,8,3146.54,241917,100336.0,139746.0,3163.0,3163.0,3138.0,3134.3,31655400,3447.7,2820.9,3839.9,2896.0,3142.1,7,2,3142.0,693,15,3141.9,24,2,3141.8,11,2,3141.7,24,2,3142.2,14,1,3142.3,16,1,3142.7,162,3,3142.8,26,2,3142.9,250,3
2031,2026-06-16 09:22:48+05:30,3142.1,1,3146.54,241917,100336.0,139746.0,3163.0,3163.0,3138.0,3134.3,31655400,3447.7,2820.9,3839.9,2896.0,3142.1,7,2,3142.0,693,15,3141.9,24,2,3141.8,11,2,3141.7,24,2,3142.2,14,1,3142.3,16,1,3142.7,162,3,3142.8,26,2,3142.9,250,3
2031,2026-06-16 09:22:48+05:30,3142.0,8,3146.53,242326,100158.0,139289.0,3163.0,3163.0,3138.0,3134.3,31655400,3447.7,2820.9,3839.9,2896.0,3142.0,511,12,3141.9,24,2,3141.8,3,1,3141.7,67,3,3141.6,107,5,3142.2,14,1,3142.3,16,1,3142.7,89,3,3142.8,26,2,3142.9,222,2
2031,2026-06-16 09:22:49+05:30,3142.2,2,3146.53,242326,100158.0,139289.0,3163.0,3163.0,3138.0,3134.3,31655400,3447.7,2820.9,3839.9,2896.0,3142.0,511,12,3141.9,24,2,3141.8,3,1,3141.7,67,3,3141.6,107,5,3142.2,14,1,3142.3,16,1,3142.7,89,3,3142.8,26,2,3142.9,222,2
2031,2026-06-16 09:22:50+05:30,3142.0,200,3146.52,242540,99812.0,139444.0,3163.0,3163.0,3138.0,3134.3,31655400,3447.7,2820.9,3839.9,2896.0,3142.0,362,13,3141.9,1,1,3141.8,3,1,3141.7,15,1,3141.6,5,2,3142.2,12,1,3142.3,16,1,3142.5,200,1,3142.7,122,4,3142.8,49,3
2031,2026-06-16 09:22:50+05:30,3142.2,12,3146.52,242540,99812.0,139444.0,3163.0,3163.0,3138.0,3134.3,31655400,3447.7,2820.9,3839.9,2896.0,3142.0,362,13,3141.9,1,1,3141.8,3,1,3141.7,15,1,3141.6,5,2,3142.2,12,1,3142.3,16,1,3142.5,200,1,3142.7,122,4,3142.8,49,3
2031,2026-06-16 09:22:51+05:30,3142.3,1,3146.52,242607,100204.0,139407.0,3163.0,3163.0,3138.0,3134.3,31655400,3447.7,2820.9,3839.9,2896.0,3142.2,6,2,3142.0,288,12,3141.9,1,1,3141.8,28,2,3141.7,15,1,3142.3,15,1,3142.5,225,2,3142.7,122,4,3142.8,26,2,3142.9,554,5
2031,2026-06-16 09:22:51+05:30,3142.3,1,3146.52,242607,100204.0,139407.0,3163.0,3163.0,3138.0,3134.3,31655400,3447.7,2820.9,3839.9,2896.0,3142.2,6,2,3142.0,288,12,3141.9,1,1,3141.8,28,2,3141.7,15,1,3142.3,15,1,3142.5,225,2,3142.7,122,4,3142.8,26,2,3142.9,554,5
2031,2026-06-16 09:22:52+05:30,3142.2,2,3146.52,242607,100204.0,139407.0,3163.0,3163.0,3138.0,3134.3,31655400,3447.7,2820.9,3839.9,2896.0,3142.2,6,2,3142.0,288,12,3141.9,1,1,3141.8,28,2,3141.7,15,1,3142.3,15,1,3142.5,225,2,3142.7,122,4,3142.8,26,2,3142.9,554,5
2031,2026-06-16 09:22:52+05:30,3142.2,2,3146.52,242778,100271.0,139258.0,3163.0,3163.0,3138.0,3134.3,31655400,3447.7,2820.9,3839.9,2896.0,3142.2,9,2,3142.0,288,12,3141.9,1,1,3141.8,28,2,3141.7,15,1,3142.4,30,1,3142.5,225,2,3142.7,89,3,3142.8,26,2,3142.9,468,4
2031,2026-06-16 09:22:53+05:30,3142.1,133,3146.52,242778,100271.0,139258.0,3163.0,3163.0,3138.0,3134.3,31655400,3447.7,2820.9,3839.9,2896.0,3142.2,9,2,3142.0,288,12,3141.9,1,1,3141.8,28,2,3141.7,15,1,3142.4,30,1,3142.5,225,2,3142.7,89,3,3142.8,26,2,3142.9,468,4
2031,2026-06-16 09:22:53+05:30,3142.1,133,3146.52,242978,100644.0,139400.0,3163.0,3163.0,3138.0,3134.3,31655400,3447.7,2820.9,3839.9,2896.0,3142.1,367,1,3142.0,288,12,3141.9,1,1,3141.8,28,2,3141.7,15,1,3142.4,46,3,3142.5,253,3,3142.7,89,3,3142.8,26,2,3142.9,560,5
2031,2026-06-16 09:22:54+05:30,3142.1,20,3146.52,242978,100644.0,139400.0,3163.0,3163.0,3138.0,3134.3,31655400,3447.7,2820.9,3839.9,2896.0,3142.1,367,1,3142.0,288,12,3141.9,1,1,3141.8,28,2,3141.7,15,1,3142.4,46,3,3142.5,253,3,3142.7,89,3,3142.8,26,2,3142.9,560,5
2031,2026-06-16 09:22:54+05:30,3142.1,20,3146.52,243010,100919.0,139226.0,3163.0,3163.0,3138.0,3134.3,31655400,3447.7,2820.9,3839.9,2896.0,3142.1,421,5,3142.0,277,9,3141.9,1,1,3141.8,40,3,3141.7,52,3,3142.4,35,4,3142.5,253,3,3142.7,89,3,3142.8,26,2,3142.9,422,3
2031,2026-06-16 09:22:55+05:30,3142.4,4,3146.52,243010,100919.0,139226.0,3163.0,3163.0,3138.0,3134.3,31655400,3447.7,2820.9,3839.9,2896.0,3142.1,421,5,3142.0,277,9,3141.9,1,1,3141.8,40,3,3141.7,52,3,3142.4,35,4,3142.5,253,3,3142.7,89,3,3142.8,26,2,3142.9,422,3
2031,2026-06-16 09:22:55+05:30,3142.4,5,3146.52,243033,100914.0,138351.0,3163.0,3163.0,3138.0,3134.3,31655400,3447.7,2820.9,3839.9,2896.0,3142.2,54,4,3142.1,455,7,3142.0,284,9,3141.9,24,2,3141.8,107,5,3142.4,12,3,3142.5,70,3,3142.7,89,3,3142.8,26,2,3142.9,222,2
2031,2026-06-16 09:22:56+05:30,3142.4,3,3146.52,243033,100914.0,138351.0,3163.0,3163.0,3138.0,3134.3,31655400,3447.7,2820.9,3839.9,2896.0,3142.2,54,4,3142.1,455,7,3142.0,284,9,3141.9,24,2,3141.8,107,5,3142.4,12,3,3142.5,70,3,3142.7,89,3,3142.8,26,2,3142.9,222,2
2031,2026-06-16 09:22:56+05:30,3142.4,18,3146.52,243086,101041.0,138896.0,3163.0,3163.0,3138.0,3134.3,31655400,3447.7,2820.9,3839.9,2896.0,3142.4,30,1,3142.2,73,4,3142.1,455,7,3142.0,299,9,3141.9,1,1,3142.5,69,3,3142.7,89,3,3142.8,56,3,3142.9,222,2,3143.0,1,1
2031,2026-06-16 09:22:57+05:30,3142.4,53,3146.52,243086,101041.0,138896.0,3163.0,3163.0,3138.0,3134.3,31655400,3447.7,2820.9,3839.9,2896.0,3142.4,30,1,3142.2,73,4,3142.1,455,7,3142.0,299,9,3141.9,1,1,3142.5,69,3,3142.7,89,3,3142.8,56,3,3142.9,222,2,3143.0,1,1
2031,2026-06-16 09:22:57+05:30,3142.2,1,3146.51,243140,100737.0,138547.0,3163.0,3163.0,3138.0,3134.3,31655400,3447.7,2820.9,3839.9,2896.0,3142.2,101,5,3142.1,470,8,3142.0,278,9,3141.9,1,1,3141.8,3,1,3142.5,81,4,3142.7,89,3,3142.8,76,4,3142.9,292,4,3143.0,24,2
2031,2026-06-16 09:22:58+05:30,3142.5,1,3146.51,243140,100737.0,138547.0,3163.0,3163.0,3138.0,3134.3,31655400,3447.7,2820.9,3839.9,2896.0,3142.2,101,5,3142.1,470,8,3142.0,278,9,3141.9,1,1,3141.8,3,1,3142.5,81,4,3142.7,89,3,3142.8,76,4,3142.9,292,4,3143.0,24,2
2031,2026-06-16 09:22:58+05:30,3142.2,8,3146.51,243351,100650.0,138834.0,3163.0,3163.0,3138.0,3134.3,31655400,3447.7,2820.9,3839.9,2896.0,3142.2,24,2,3142.1,470,8,3142.0,278,9,3141.9,1,1,3141.8,3,1,3142.5,80,4,3142.7,89,3,3142.8,76,4,3142.9,292,4,3143.0,1,1
2031,2026-06-16 09:22:59+05:30,3142.2,8,3146.51,243351,100650.0,138834.0,3163.0,3163.0,3138.0,3134.3,31655400,3447.7,2820.9,3839.9,2896.0,3142.2,24,2,3142.1,470,8,3142.0,278,9,3141.9,1,1,3141.8,3,1,3142.5,80,4,3142.7,89,3,3142.8,76,4,3142.9,292,4,3143.0,1,1
2031,2026-06-16 09:22:59+05:30,3142.2,18,3146.51,243435,100660.0,138977.0,3163.0,3163.0,3138.0,3134.3,31655400,3447.7,2820.9,3839.9,2896.0,3142.2,16,2,3142.1,470,8,3142.0,278,9,3141.9,1,1,3141.8,3,1,3142.5,88,5,3142.6,20,1,3142.7,131,4,3142.8,109,6,3142.9,398,6
2031,2026-06-16 09:23:00+05:30,3142.2,18,3146.51,243435,100660.0,138977.0,3163.0,3163.0,3138.0,3134.3,31655400,3447.7,2820.9,3839.9,2896.0,3142.2,16,2,3142.1,470,8,3142.0,278,9,3141.9,1,1,3141.8,3,1,3142.5,88,5,3142.6,20,1,3142.7,131,4,3142.8,109,6,3142.9,398,6
2031,2026-06-16 09:23:00+05:30,3141.0,12,3146.46,245948,98250.0,140860.0,3163.0,3163.0,3138.0,3134.3,31655400,3447.7,2820.9,3839.9,2896.0,3141.0,915,6,3140.9,22,1,3140.7,59,2,3140.6,2,1,3140.5,85,2,3142.0,433,1,3142.2,271,2,3142.4,73,2,3142.5,93,6,3142.6,162,4
2031,2026-06-16 09:23:01+05:30,3141.0,429,3146.46,245948,98250.0,140860.0,3163.0,3163.0,3138.0,3134.3,31655400,3447.7,2820.9,3839.9,2896.0,3141.0,915,6,3140.9,22,1,3140.7,59,2,3140.6,2,1,3140.5,85,2,3142.0,433,1,3142.2,271,2,3142.4,73,2,3142.5,93,6,3142.6,162,4
2031,2026-06-16 09:23:02+05:30,3141.1,1,3146.43,247148,95030.0,142476.0,3163.0,3163.0,3138.0,3134.3,31655400,3447.7,2820.9,3839.9,2896.0,3140.0,564,14,3139.7,18,1,3139.6,8,1,3139.5,153,4,3139.4,18,1,3141.1,179,1,3141.2,151,3,3141.3,31,2,3141.4,24,1,3141.5,30,1
2031,2026-06-16 09:23:02+05:30,3140.0,8,3146.43,247148,95030.0,142476.0,3163.0,3163.0,3138.0,3134.3,31655400,3447.7,2820.9,3839.9,2896.0,3140.0,564,14,3139.7,18,1,3139.6,8,1,3139.5,153,4,3139.4,18,1,3141.1,179,1,3141.2,151,3,3141.3,31,2,3141.4,24,1,3141.5,30,1
2031,2026-06-16 09:23:03+05:30,3140.5,4,3146.43,247398,95906.0,142774.0,3163.0,3163.0,3138.0,3134.3,31655400,3447.7,2820.9,3839.9,2896.0,3140.5,59,1,3140.0,464,12,3139.9,23,1,3139.7,22,1,3139.6,8,1,3140.9,177,1,3141.0,53,1,3141.1,23,2,3141.2,65,2,3141.4,128,3
2031,2026-06-16 09:23:03+05:30,3140.0,43,3146.43,247398,95906.0,142774.0,3163.0,3163.0,3138.0,3134.3,31655400,3447.7,2820.9,3839.9,2896.0,3140.5,59,1,3140.0,464,12,3139.9,23,1,3139.7,22,1,3139.6,8,1,3140.9,177,1,3141.0,53,1,3141.1,23,2,3141.2,65,2,3141.4,128,3
2031,2026-06-16 09:23:04+05:30,3140.0,154,3146.43,247398,95906.0,142774.0,3163.0,3163.0,3138.0,3134.3,31655400,3447.7,2820.9,3839.9,2896.0,3140.5,59,1,3140.0,464,12,3139.9,23,1,3139.7,22,1,3139.6,8,1,3140.9,177,1,3141.0,53,1,3141.1,23,2,3141.2,65,2,3141.4,128,3
2031,2026-06-16 09:23:04+05:30,3140.0,154,3146.42,247864,95319.0,144095.0,3163.0,3163.0,3138.0,3134.3,31655400,3447.7,2820.9,3839.9,2896.0,3140.0,228,10,3139.2,103,3,3139.1,190,2,3139.0,1137,4,3138.9,379,6,3140.7,13,1,3140.8,55,3,3140.9,51,2,3141.0,242,7,3141.1,45,3
2031,2026-06-16 09:23:05+05:30,3140.0,3,3146.42,247864,95319.0,144095.0,3163.0,3163.0,3138.0,3134.3,31655400,3447.7,2820.9,3839.9,2896.0,3140.0,228,10,3139.2,103,3,3139.1,190,2,3139.0,1137,4,3138.9,379,6,3140.7,13,1,3140.8,55,3,3140.9,51,2,3141.0,242,7,3141.1,45,3
2031,2026-06-16 09:23:05+05:30,3140.0,3,3146.41,248157,95357.0,144303.0,3163.0,3163.0,3138.0,3134.3,31655400,3447.7,2820.9,3839.9,2896.0,3140.0,183,7,3139.9,8,1,3139.8,38,3,3139.7,39,3,3139.6,62,4,3140.3,12,1,3140.6,115,1,3140.8,19,1,3140.9,51,2,3141.1,1,1
2031,2026-06-16 09:23:06+05:30,3140.0,8,3146.41,248157,95357.0,144303.0,3163.0,3163.0,3138.0,3134.3,31655400,3447.7,2820.9,3839.9,2896.0,3140.0,183,7,3139.9,8,1,3139.8,38,3,3139.7,39,3,3139.6,62,4,3140.3,12,1,3140.6,115,1,3140.8,19,1,3140.9,51,2,3141.1,1,1
2031,2026-06-16 09:23:06+05:30,3140.0,30,3146.4,248376,95468.0,144124.0,3163.0,3163.0,3138.0,3134.3,31655400,3447.7,2820.9,3839.9,2896.0,3140.0,79,5,3139.9,18,1,3139.8,18,1,3139.7,3,2,3139.6,20,3,3140.3,46,2,3140.6,39,1,3140.8,19,1,3140.9,29,1,3141.1,182,1
2031,2026-06-16 09:23:07+05:30,3140.0,30,3146.4,248376,95468.0,144124.0,3163.0,3163.0,3138.0,3134.3,31655400,3447.7,2820.9,3839.9,2896.0,3140.0,79,5,3139.9,18,1,3139.8,18,1,3139.7,3,2,3139.6,20,3,3140.3,46,2,3140.6,39,1,3140.8,19,1,3140.9,29,1,3141.1,182,1
2031,2026-06-16 09:23:07+05:30,3140.0,22,3146.4,248376,95468.0,144124.0,3163.0,3163.0,3138.0,3134.3,31655400,3447.7,2820.9,3839.9,2896.0,3140.0,79,5,3139.9,18,1,3139.8,18,1,3139.7,3,2,3139.6,20,3,3140.3,46,2,3140.6,39,1,3140.8,19,1,3140.9,29,1,3141.1,182,1
2031,2026-06-16 09:23:07+05:30,3140.0,3,3146.4,248457,95591.0,143817.0,3163.0,3163.0,3138.0,3134.3,31655400,3447.7,2820.9,3839.9,2896.0,3140.0,86,6,3139.9,33,2,3139.8,32,2,3139.7,60,5,3139.6,37,3,3140.3,72,4,3140.6,39,1,3140.8,19,1,3141.2,355,3,3141.3,22,1
2031,2026-06-16 09:23:08+05:30,3140.0,3,3146.4,248457,95591.0,143817.0,3163.0,3163.0,3138.0,3134.3,31655400,3447.7,2820.9,3839.9,2896.0,3140.0,86,6,3139.9,33,2,3139.8,32,2,3139.7,60,5,3139.6,37,3,3140.3,72,4,3140.6,39,1,3140.8,19,1,3141.2,355,3,3141.3,22,1
2031,2026-06-16 09:23:08+05:30,3140.0,3,3146.4,248457,95591.0,143817.0,3163.0,3163.0,3138.0,3134.3,31655400,3447.7,2820.9,3839.9,2896.0,3140.0,86,6,3139.9,33,2,3139.8,32,2,3139.7,60,5,3139.6,37,3,3140.3,72,4,3140.6,39,1,3140.8,19,1,3141.2,355,3,3141.3,22,1
2031,2026-06-16 09:23:08+05:30,3140.0,8,3146.4,248480,95853.0,143855.0,3163.0,3163.0,3138.0,3134.3,31655400,3447.7,2820.9,3839.9,2896.0,3140.0,60,4,3139.9,43,2,3139.8,32,2,3139.7,15,3,3139.6,37,3,3140.3,79,5,3140.6,39,1,3140.8,19,1,3141.1,13,1,3141.2,399,4
2031,2026-06-16 09:23:09+05:30,3140.0,8,3146.4,248480,95853.0,143855.0,3163.0,3163.0,3138.0,3134.3,31655400,3447.7,2820.9,3839.9,2896.0,3140.0,60,4,3139.9,43,2,3139.8,32,2,3139.7,15,3,3139.6,37,3,3140.3,79,5,3140.6,39,1,3140.8,19,1,3141.1,13,1,3141.2,399,4
2031,2026-06-16 09:23:09+05:30,3140.2,2,3146.4,248512,95712.0,143953.0,3163.0,3163.0,3138.0,3134.3,31655400,3447.7,2820.9,3839.9,2896.0,3140.2,5,1,3140.0,149,7,3139.8,28,2,3139.7,15,3,3139.6,95,4,3140.3,79,5,3140.6,39,1,3140.8,19,1,3141.0,5,1,3141.2,265,2
2031,2026-06-16 09:23:10+05:30,3140.2,2,3146.4,248512,95712.0,143953.0,3163.0,3163.0,3138.0,3134.3,31655400,3447.7,2820.9,3839.9,2896.0,3140.2,5,1,3140.0,149,7,3139.8,28,2,3139.7,15,3,3139.6,95,4,3140.3,79,5,3140.6,39,1,3140.8,19,1,3141.0,5,1,3141.2,265,2
2031,2026-06-16 09:23:10+05:30,3140.2,25,3146.4,248512,95712.0,143953.0,3163.0,3163.0,3138.0,3134.3,31655400,3447.7,2820.9,3839.9,2896.0,3140.2,5,1,3140.0,149,7,3139.8,28,2,3139.7,15,3,3139.6,95,4,3140.3,79,5,3140.6,39,1,3140.8,19,1,3141.0,5,1,3141.2,265,2
2031,2026-06-16 09:23:10+05:30,3140.3,1,3146.39,248894,95511.0,145453.0,3163.0,3163.0,3138.0,3134.3,31655400,3447.7,2820.9,3839.9,2896.0,3140.0,62,4,3139.7,3,2,3139.6,1,1,3139.2,90,1,3139.1,165,1,3140.3,97,7,3140.4,20,1,3140.5,40,1,3140.6,39,1,3140.7,21,1
2031,2026-06-16 09:23:11+05:30,3140.3,5,3146.39,248894,95511.0,145453.0,3163.0,3163.0,3138.0,3134.3,31655400,3447.7,2820.9,3839.9,2896.0,3140.0,62,4,3139.7,3,2,3139.6,1,1,3139.2,90,1,3139.1,165,1,3140.3,97,7,3140.4,20,1,3140.5,40,1,3140.6,39,1,3140.7,21,1
2031,2026-06-16 09:23:11+05:30,3140.3,5,3146.39,248894,95511.0,145453.0,3163.0,3163.0,3138.0,3134.3,31655400,3447.7,2820.9,3839.9,2896.0,3140.0,62,4,3139.7,3,2,3139.6,1,1,3139.2,90,1,3139.1,165,1,3140.3,97,7,3140.4,20,1,3140.5,40,1,3140.6,39,1,3140.7,21,1
2031,2026-06-16 09:23:11+05:30,3140.2,28,3146.39,248993,95588.0,145298.0,3163.0,3163.0,3138.0,3134.3,31655400,3447.7,2820.9,3839.9,2896.0,3140.2,11,1,3140.0,67,4,3139.7,15,3,3139.6,1,1,3139.3,196,3,3140.3,106,8,3140.5,19,1,3140.6,39,1,3140.8,36,1,3140.9,6,1
2031,2026-06-16 09:23:12+05:30,3140.2,61,3146.39,248993,95588.0,145298.0,3163.0,3163.0,3138.0,3134.3,31655400,3447.7,2820.9,3839.9,2896.0,3140.2,11,1,3140.0,67,4,3139.7,15,3,3139.6,1,1,3139.3,196,3,3140.3,106,8,3140.5,19,1,3140.6,39,1,3140.8,36,1,3140.9,6,1
2031,2026-06-16 09:23:13+05:30,3140.0,9,3146.38,249155,95972.0,144934.0,3163.0,3163.0,3138.0,3134.3,31655400,3447.7,2820.9,3839.9,2896.0,3140.0,84,6,3139.7,3,2,3139.6,38,3,3139.5,74,2,3139.4,96,3,3140.3,106,9,3140.5,19,1,3140.6,39,1,3140.8,18,1,3140.9,6,1
2031,2026-06-16 09:23:13+05:30,3140.0,9,3146.38,249155,95972.0,144934.0,3163.0,3163.0,3138.0,3134.3,31655400,3447.7,2820.9,3839.9,2896.0,3140.0,84,6,3139.7,3,2,3139.6,38,3,3139.5,74,2,3139.4,96,3,3140.3,106,9,3140.5,19,1,3140.6,39,1,3140.8,18,1,3140.9,6,1
2031,2026-06-16 09:23:13+05:30,3140.0,10,3146.38,249155,95972.0,144934.0,3163.0,3163.0,3138.0,3134.3,31655400,3447.7,2820.9,3839.9,2896.0,3140.0,84,6,3139.7,3,2,3139.6,38,3,3139.5,74,2,3139.4,96,3,3140.3,106,9,3140.5,19,1,3140.6,39,1,3140.8,18,1,3140.9,6,1
2031,2026-06-16 09:23:14+05:30,3139.4,1,3146.38,249415,93797.0,145786.0,3163.0,3163.0,3138.0,3134.3,31655400,3447.7,2820.9,3839.9,2896.0,3140.0,4,1,3139.4,6,2,3139.3,12,1,3139.0,1115,3,3138.9,110,2,3140.2,13,1,3140.3,106,9,3140.4,64,2,3140.5,75,2,3140.6,62,2
2031,2026-06-16 09:23:14+05:30,3140.0,4,3146.38,249415,93797.0,145786.0,3163.0,3163.0,3138.0,3134.3,31655400,3447.7,2820.9,3839.9,2896.0,3140.0,4,1,3139.4,6,2,3139.3,12,1,3139.0,1115,3,3138.9,110,2,3140.2,13,1,3140.3,106,9,3140.4,64,2,3140.5,75,2,3140.6,62,2
2031,2026-06-16 09:23:14+05:30,3140.0,4,3146.38,249415,93797.0,145786.0,3163.0,3163.0,3138.0,3134.3,31655400,3447.7,2820.9,3839.9,2896.0,3140.0,4,1,3139.4,6,2,3139.3,12,1,3139.0,1115,3,3138.9,110,2,3140.2,13,1,3140.3,106,9,3140.4,64,2,3140.5,75,2,3140.6,62,2
2031,2026-06-16 09:23:15+05:30,3140.0,3,3146.38,249415,93797.0,145786.0,3163.0,3163.0,3138.0,3134.3,31655400,3447.7,2820.9,3839.9,2896.0,3140.0,4,1,3139.4,6,2,3139.3,12,1,3139.0,1115,3,3138.9,110,2,3140.2,13,1,3140.3,106,9,3140.4,64,2,3140.5,75,2,3140.6,62,2
2031,2026-06-16 09:23:15+05:30,3140.0,3,3146.38,249463,94254.0,145618.0,3163.0,3163.0,3138.0,3134.3,31655400,3447.7,2820.9,3839.9,2896.0,3139.4,37,4,3139.3,12,1,3139.0,1115,3,3138.7,15,1,3138.6,20,1,3140.1,40,1,3140.2,57,2,3140.3,112,10,3140.4,79,3,3140.5,29,2
2031,2026-06-16 09:23:15+05:30,3140.0,3,3146.38,249463,94254.0,145618.0,3163.0,3163.0,3138.0,3134.3,31655400,3447.7,2820.9,3839.9,2896.0,3139.4,37,4,3139.3,12,1,3139.0,1115,3,3138.7,15,1,3138.6,20,1,3140.1,40,1,3140.2,57,2,3140.3,112,10,3140.4,79,3,3140.5,29,2
2031,2026-06-16 09:23:16+05:30,3139.4,8,3146.38,249463,94254.0,145618.0,3163.0,3163.0,3138.0,3134.3,31655400,3447.7,2820.9,3839.9,2896.0,3139.4,37,4,3139.3,12,1,3139.0,1115,3,3138.7,15,1,3138.6,20,1,3140.1,40,1,3140.2,57,2,3140.3,112,10,3140.4,79,3,3140.5,29,2
2031,2026-06-16 09:23:16+05:30,3139.4,8,3146.36,249921,94306.0,145410.0,3163.0,3163.0,3138.0,3134.3,31655400,3447.7,2820.9,3839.9,2896.0,3139.4,30,4,3139.0,1115,3,3138.9,20,1,3138.7,38,2,3138.6,20,1,3140.1,2,1,3140.2,45,3,3140.3,61,5,3140.4,68,2,3140.5,73,2
2031,2026-06-16 09:23:16+05:30,3139.4,8,3146.36,249921,94306.0,145410.0,3163.0,3163.0,3138.0,3134.3,31655400,3447.7,2820.9,3839.9,2896.0,3139.4,30,4,3139.0,1115,3,3138.9,20,1,3138.7,38,2,3138.6,20,1,3140.1,2,1,3140.2,45,3,3140.3,61,5,3140.4,68,2,3140.5,73,2
2031,2026-06-16 09:23:17+05:30,3139.4,8,3146.36,249921,94306.0,145410.0,3163.0,3163.0,3138.0,3134.3,31655400,3447.7,2820.9,3839.9,2896.0,3139.4,30,4,3139.0,1115,3,3138.9,20,1,3138.7,38,2,3138.6,20,1,3140.1,2,1,3140.2,45,3,3140.3,61,5,3140.4,68,2,3140.5,73,2
2031,2026-06-16 09:23:17+05:30,3140.6,90,3146.36,249921,94306.0,145410.0,3163.0,3163.0,3138.0,3134.3,31655400,3447.7,2820.9,3839.9,2896.0,3139.4,30,4,3139.0,1115,3,3138.9,20,1,3138.7,38,2,3138.6,20,1,3140.1,2,1,3140.2,45,3,3140.3,61,5,3140.4,68,2,3140.5,73,2
2031,2026-06-16 09:23:17+05:30,3140.9,4,3146.36,250187,95909.0,144932.0,3163.0,3163.0,3138.0,3134.3,31655400,3447.7,2820.9,3839.9,2896.0,3140.2,1,1,3140.0,4,3,3139.5,170,1,3139.4,50,6,3139.2,46,2,3140.9,2,1,3141.0,464,6,3141.1,23,1,3141.2,110,2,3141.3,380,6
2031,2026-06-16 09:23:17+05:30,3140.9,4,3146.36,250187,95909.0,144932.0,3163.0,3163.0,3138.0,3134.3,31655400,3447.7,2820.9,3839.9,2896.0,3140.2,1,1,3140.0,4,3,3139.5,170,1,3139.4,50,6,3139.2,46,2,3140.9,2,1,3141.0,464,6,3141.1,23,1,3141.2,110,2,3141.3,380,6
2031,2026-06-16 09:23:18+05:30,3140.9,4,3146.36,250187,95909.0,144932.0,3163.0,3163.0,3138.0,3134.3,31655400,3447.7,2820.9,3839.9,2896.0,3140.2,1,1,3140.0,4,3,3139.5,170,1,3139.4,50,6,3139.2,46,2,3140.9,2,1,3141.0,464,6,3141.1,23,1,3141.2,110,2,3141.3,380,6
2031,2026-06-16 09:23:18+05:30,3140.9,1,3146.36,250187,95909.0,144932.0,3163.0,3163.0,3138.0,3134.3,31655400,3447.7,2820.9,3839.9,2896.0,3140.2,1,1,3140.0,4,3,3139.5,170,1,3139.4,50,6,3139.2,46,2,3140.9,2,1,3141.0,464,6,3141.1,23,1,3141.2,110,2,3141.3,380,6
2031,2026-06-16 09:23:18+05:30,3139.4,8,3146.35,250396,94128.0,145397.0,3163.0,3163.0,3138.0,3134.3,31655400,3447.7,2820.9,3839.9,2896.0,3139.4,24,2,3139.3,3,1,3139.2,3,1,3139.1,178,1,3139.0,1115,3,3140.3,68,5,3140.4,48,3,3140.5,42,3,3140.6,88,2,3140.7,76,4
2031,2026-06-16 09:23:19+05:30,3139.4,8,3146.35,250396,94128.0,145397.0,3163.0,3163.0,3138.0,3134.3,31655400,3447.7,2820.9,3839.9,2896.0,3139.4,24,2,3139.3,3,1,3139.2,3,1,3139.1,178,1,3139.0,1115,3,3140.3,68,5,3140.4,48,3,3140.5,42,3,3140.6,88,2,3140.7,76,4
2031,2026-06-16 09:23:19+05:30,3139.4,4,3146.35,250396,94128.0,145397.0,3163.0,3163.0,3138.0,3134.3,31655400,3447.7,2820.9,3839.9,2896.0,3139.4,24,2,3139.3,3,1,3139.2,3,1,3139.1,178,1,3139.0,1115,3,3140.3,68,5,3140.4,48,3,3140.5,42,3,3140.6,88,2,3140.7,76,4
2031,2026-06-16 09:23:20+05:30,3139.4,4,3146.35,250396,94128.0,145397.0,3163.0,3163.0,3138.0,3134.3,31655400,3447.7,2820.9,3839.9,2896.0,3139.4,24,2,3139.3,3,1,3139.2,3,1,3139.1,178,1,3139.0,1115,3,3140.3,68,5,3140.4,48,3,3140.5,42,3,3140.6,88,2,3140.7,76,4
2031,2026-06-16 09:23:20+05:30,3139.4,8,3146.35,250408,94050.0,145462.0,3163.0,3163.0,3138.0,3134.3,31655400,3447.7,2820.9,3839.9,2896.0,3139.4,12,2,3139.3,3,1,3139.2,3,1,3139.0,1115,3,3138.7,15,1,3139.9,16,1,3140.0,78,5,3140.1,41,3,3140.2,76,3,3140.3,89,5
2031,2026-06-16 09:23:20+05:30,3140.0,8,3146.35,250408,94050.0,145462.0,3163.0,3163.0,3138.0,3134.3,31655400,3447.7,2820.9,3839.9,2896.0,3139.4,12,2,3139.3,3,1,3139.2,3,1,3139.0,1115,3,3138.7,15,1,3139.9,16,1,3140.0,78,5,3140.1,41,3,3140.2,76,3,3140.3,89,5
2031,2026-06-16 09:23:20+05:30,3140.0,8,3146.35,250408,94050.0,145462.0,3163.0,3163.0,3138.0,3134.3,31655400,3447.7,2820.9,3839.9,2896.0,3139.4,12,2,3139.3,3,1,3139.2,3,1,3139.0,1115,3,3138.7,15,1,3139.9,16,1,3140.0,78,5,3140.1,41,3,3140.2,76,3,3140.3,89,5
2031,2026-06-16 09:23:21+05:30,3140.0,8,3146.35,250508,94502.0,145251.0,3163.0,3163.0,3138.0,3134.3,31655400,3447.7,2820.9,3839.9,2896.0,3139.4,23,3,3139.3,3,1,3139.2,3,1,3139.1,174,1,3139.0,1115,3,3139.9,1,1,3140.0,56,3,3140.1,42,3,3140.2,95,4,3140.3,53,4
2031,2026-06-16 09:23:21+05:30,3140.0,8,3146.35,250508,94502.0,145251.0,3163.0,3163.0,3138.0,3134.3,31655400,3447.7,2820.9,3839.9,2896.0,3139.4,23,3,3139.3,3,1,3139.2,3,1,3139.1,174,1,3139.0,1115,3,3139.9,1,1,3140.0,56,3,3140.1,42,3,3140.2,95,4,3140.3,53,4
2031,2026-06-16 09:23:22+05:30,3139.9,3,3146.35,250542,94548.0,145317.0,3163.0,3163.0,3138.0,3134.3,31655400,3447.7,2820.9,3839.9,2896.0,3139.4,37,4,3139.3,3,1,3139.2,3,1,3139.1,180,1,3139.0,1115,3,3140.1,53,3,3140.2,40,2,3140.3,47,3,3140.4,99,4,3140.5,26,2
2031,2026-06-16 09:23:22+05:30,3139.9,3,3146.35,250542,94548.0,145317.0,3163.0,3163.0,3138.0,3134.3,31655400,3447.7,2820.9,3839.9,2896.0,3139.4,37,4,3139.3,3,1,3139.2,3,1,3139.1,180,1,3139.0,1115,3,3140.1,53,3,3140.2,40,2,3140.3,47,3,3140.4,99,4,3140.5,26,2
2031,2026-06-16 09:23:22+05:30,3139.9,3,3146.35,250542,94548.0,145317.0,3163.0,3163.0,3138.0,3134.3,31655400,3447.7,2820.9,3839.9,2896.0,3139.4,37,4,3139.3,3,1,3139.2,3,1,3139.1,180,1,3139.0,1115,3,3140.1,53,3,3140.2,40,2,3140.3,47,3,3140.4,99,4,3140.5,26,2
2031,2026-06-16 09:23:23+05:30,3140.1,1,3146.35,250542,94548.0,145317.0,3163.0,3163.0,3138.0,3134.3,31655400,3447.7,2820.9,3839.9,2896.0,3139.4,37,4,3139.3,3,1,3139.2,3,1,3139.1,180,1,3139.0,1115,3,3140.1,53,3,3140.2,40,2,3140.3,47,3,3140.4,99,4,3140.5,26,2
2031,2026-06-16 09:23:23+05:30,3140.1,1,3146.35,250542,94548.0,145317.0,3163.0,3163.0,3138.0,3134.3,31655400,3447.7,2820.9,3839.9,2896.0,3139.4,37,4,3139.3,3,1,3139.2,3,1,3139.1,180,1,3139.0,1115,3,3140.1,53,3,3140.2,40,2,3140.3,47,3,3140.4,99,4,3140.5,26,2
2031,2026-06-16 09:23:23+05:30,3140.1,1,3146.35,250551,94700.0,145415.0,3163.0,3163.0,3138.0,3134.3,31655400,3447.7,2820.9,3839.9,2896.0,3139.7,2,1,3139.4,40,4,3139.3,3,1,3139.2,3,1,3139.1,180,1,3140.1,80,4,3140.2,56,2,3140.3,47,3,3140.4,73,4,3140.5,26,2
2031,2026-06-16 09:23:24+05:30,3139.4,5,3146.35,250551,94700.0,145415.0,3163.0,3163.0,3138.0,3134.3,31655400,3447.7,2820.9,3839.9,2896.0,3139.7,2,1,3139.4,40,4,3139.3,3,1,3139.2,3,1,3139.1,180,1,3140.1,80,4,3140.2,56,2,3140.3,47,3,3140.4,73,4,3140.5,26,2
2031,2026-06-16 09:23:24+05:30,3139.4,5,3146.35,250551,94700.0,145415.0,3163.0,3163.0,3138.0,3134.3,31678600,3447.7,2820.9,3839.9,2896.0,3139.7,2,1,3139.4,40,4,3139.3,3,1,3139.2,3,1,3139.1,180,1,3140.1,80,4,3140.2,56,2,3140.3,47,3,3140.4,73,4,3140.5,26,2
2031,2026-06-16 09:23:24+05:30,3139.4,5,3146.35,250565,94708.0,145501.0,3163.0,3163.0,3138.0,3134.3,31678600,3447.7,2820.9,3839.9,2896.0,3139.4,28,4,3139.3,3,1,3139.2,3,1,3139.1,8,1,3139.0,1115,3,3140.0,15,1,3140.1,110,6,3140.2,56,2,3140.3,47,3,3140.4,73,4
2031,2026-06-16 09:23:25+05:30,3139.4,8,3146.35,250565,94708.0,145501.0,3163.0,3163.0,3138.0,3134.3,31678600,3447.7,2820.9,3839.9,2896.0,3139.4,28,4,3139.3,3,1,3139.2,3,1,3139.1,8,1,3139.0,1115,3,3140.0,15,1,3140.1,110,6,3140.2,56,2,3140.3,47,3,3140.4,73,4
2031,2026-06-16 09:23:25+05:30,3139.4,8,3146.35,250588,94713.0,145737.0,3163.0,3163.0,3138.0,3134.3,31678600,3447.7,2820.9,3839.9,2896.0,3139.4,20,4,3139.3,3,1,3139.2,3,1,3139.1,8,1,3139.0,1115,3,3140.0,305,5,3140.1,79,5,3140.2,77,3,3140.3,112,4,3140.4,56,3
2031,2026-06-16 09:23:26+05:30,3139.4,5,3146.35,250588,94713.0,145737.0,3163.0,3163.0,3138.0,3134.3,31678600,3447.7,2820.9,3839.9,2896.0,3139.4,20,4,3139.3,3,1,3139.2,3,1,3139.1,8,1,3139.0,1115,3,3140.0,305,5,3140.1,79,5,3140.2,77,3,3140.3,112,4,3140.4,56,3
2031,2026-06-16 09:23:26+05:30,3139.4,5,3146.35,250607,94941.0,145032.0,3163.0,3163.0,3138.0,3134.3,31678600,3447.7,2820.9,3839.9,2896.0,3139.4,72,6,3139.3,3,1,3139.2,3,1,3139.1,182,2,3139.0,1115,3,3140.0,334,5,3140.1,61,4,3140.2,54,3,3140.3,36,2,3140.4,24,1
2031,2026-06-16 09:23:27+05:30,3139.4,4,3146.35,250607,94941.0,145032.0,3163.0,3163.0,3138.0,3134.3,31678600,3447.7,2820.9,3839.9,2896.0,3139.4,72,6,3139.3,3,1,3139.2,3,1,3139.1,182,2,3139.0,1115,3,3140.0,334,5,3140.1,61,4,3140.2,54,3,3140.3,36,2,3140.4,24,1
2031,2026-06-16 09:23:27+05:30,3139.4,4,3146.35,250631,94737.0,146097.0,3163.0,3163.0,3138.0,3134.3,31678600,3447.7,2820.9,3839.9,2896.0,3139.4,67,5,3139.3,3,1,3139.2,3,1,3139.1,191,2,3139.0,1115,3,3140.0,358,6,3140.1,47,3,3140.2,54,3,3140.3,108,4,3140.4,44,2
2031,2026-06-16 09:23:28+05:30,3140.0,5,3146.35,250631,94737.0,146097.0,3163.0,3163.0,3138.0,3134.3,31678600,3447.7,2820.9,3839.9,2896.0,3139.4,67,5,3139.3,3,1,3139.2,3,1,3139.1,191,2,3139.0,1115,3,3140.0,358,6,3140.1,47,3,3140.2,54,3,3140.3,108,4,3140.4,44,2
2031,2026-06-16 09:23:28+05:30,3140.0,1,3146.35,250637,95272.0,145513.0,3163.0,3163.0,3138.0,3134.3,31678600,3447.7,2820.9,3839.9,2896.0,3139.4,126,8,3139.3,35,3,3139.2,62,3,3139.1,118,4,3139.0,1209,6,3140.0,334,4,3140.1,17,1,3140.2,17,1,3140.3,18,1,3140.7,200,1
2031,2026-06-16 09:23:29+05:30,3139.4,4,3146.35,250637,95272.0,145513.0,3163.0,3163.0,3138.0,3134.3,31678600,3447.7,2820.9,3839.9,2896.0,3139.4,126,8,3139.3,35,3,3139.2,62,3,3139.1,118,4,3139.0,1209,6,3140.0,334,4,3140.1,17,1,3140.2,17,1,3140.3,18,1,3140.7,200,1
2031,2026-06-16 09:23:29+05:30,3139.4,4,3146.35,250641,95134.0,145697.0,3163.0,3163.0,3138.0,3134.3,31678600,3447.7,2820.9,3839.9,2896.0,3139.4,104,6,3139.3,21,2,3139.2,85,4,3139.1,118,4,3139.0,1209,6,3140.0,334,4,3140.1,17,1,3140.2,17,1,3140.3,18,1,3140.7,200,1
2031,2026-06-16 09:23:30+05:30,3139.4,28,3146.35,250641,95134.0,145697.0,3163.0,3163.0,3138.0,3134.3,31678600,3447.7,2820.9,3839.9,2896.0,3139.4,104,6,3139.3,21,2,3139.2,85,4,3139.1,118,4,3139.0,1209,6,3140.0,334,4,3140.1,17,1,3140.2,17,1,3140.3,18,1,3140.7,200,1
2031,2026-06-16 09:23:30+05:30,3140.0,1,3146.34,250860,95269.0,146303.0,3163.0,3163.0,3138.0,3134.3,31678600,3447.7,2820.9,3839.9,2896.0,3139.7,2,2,3139.4,39,5,3139.3,3,1,3139.2,3,1,3139.1,193,2,3140.0,366,6,3140.1,17,1,3140.2,417,3,3140.3,18,1,3140.4,44,2
2031,2026-06-16 09:23:31+05:30,3139.4,8,3146.34,250860,95269.0,146303.0,3163.0,3163.0,3138.0,3134.3,31678600,3447.7,2820.9,3839.9,2896.0,3139.7,2,2,3139.4,39,5,3139.3,3,1,3139.2,3,1,3139.1,193,2,3140.0,366,6,3140.1,17,1,3140.2,417,3,3140.3,18,1,3140.4,44,2
2031,2026-06-16 09:23:31+05:30,3139.4,7,3146.34,250910,95014.0,146324.0,3163.0,3163.0,3138.0,3134.3,31678600,3447.7,2820.9,3839.9,2896.0,3139.4,62,6,3139.3,3,1,3139.2,3,1,3139.1,8,1,3139.0,1183,5,3140.0,411,10,3140.1,59,4,3140.2,451,4,3140.4,81,4,3140.5,408,5
2031,2026-06-16 09:23:32+05:30,3139.4,16,3146.34,250910,95014.0,146324.0,3163.0,3163.0,3138.0,3134.3,31678600,3447.7,2820.9,3839.9,2896.0,3139.4,62,6,3139.3,3,1,3139.2,3,1,3139.1,8,1,3139.0,1183,5,3140.0,411,10,3140.1,59,4,3140.2,451,4,3140.4,81,4,3140.5,408,5
2031,2026-06-16 09:23:32+05:30,3139.4,16,3146.34,250926,95181.0,146084.0,3163.0,3163.0,3138.0,3134.3,31678600,3447.7,2820.9,3839.9,2896.0,3139.4,346,7,3139.3,4,2,3139.2,3,1,3139.1,8,1,3139.0,1183,5,3140.0,439,11,3140.1,25,2,3140.2,451,4,3140.3,3,1,3140.4,81,4
2031,2026-06-16 09:23:33+05:30,3139.4,1,3146.34,250926,95181.0,146084.0,3163.0,3163.0,3138.0,3134.3,31678600,3447.7,2820.9,3839.9,2896.0,3139.4,346,7,3139.3,4,2,3139.2,3,1,3139.1,8,1,3139.0,1183,5,3140.0,439,11,3140.1,25,2,3140.2,451,4,3140.3,3,1,3140.4,81,4
2031,2026-06-16 09:23:33+05:30,3139.4,2,3146.34,250969,95394.0,146245.0,3163.0,3163.0,3138.0,3134.3,31678600,3447.7,2820.9,3839.9,2896.0,3139.4,369,7,3139.3,4,2,3139.2,3,1,3139.1,8,1,3139.0,1323,7,3140.0,434,11,3140.1,37,2,3140.2,451,4,3140.4,58,3,3140.5,290,4
2031,2026-06-16 09:23:34+05:30,3140.0,70,3146.34,250969,95394.0,146245.0,3163.0,3163.0,3138.0,3134.3,31678600,3447.7,2820.9,3839.9,2896.0,3139.4,369,7,3139.3,4,2,3139.2,3,1,3139.1,8,1,3139.0,1323,7,3140.0,434,11,3140.1,37,2,3140.2,451,4,3140.4,58,3,3140.5,290,4
2031,2026-06-16 09:23:34+05:30,3140.0,164,3146.31,252045,95656.0,144560.0,3163.0,3163.0,3138.0,3134.3,31678600,3447.7,2820.9,3839.9,2896.0,3139.4,419,10,3139.3,38,4,3139.2,61,3,3139.1,40,2,3139.0,1364,9,3140.0,36,1,3140.1,17,1,3140.2,51,2,3140.6,200,1,3140.9,40,4
2031,2026-06-16 09:23:35+05:30,3140.8,27,3146.31,252045,95656.0,144560.0,3163.0,3163.0,3138.0,3134.3,31678600,3447.7,2820.9,3839.9,2896.0,3139.4,419,10,3139.3,38,4,3139.2,61,3,3139.1,40,2,3139.0,1364,9,3140.0,36,1,3140.1,17,1,3140.2,51,2,3140.6,200,1,3140.9,40,4
2031,2026-06-16 09:23:35+05:30,3140.9,10,3146.3,252621,97412.0,142915.0,3163.0,3163.0,3138.0,3134.3,31678600,3447.7,2820.9,3839.9,2896.0,3140.0,211,3,3139.8,128,4,3139.7,143,4,3139.6,153,2,3139.5,110,3,3140.9,6,1,3141.0,58,4,3141.1,4,1,3141.3,22,1,3141.4,47,2
2031,2026-06-16 09:23:36+05:30,3140.0,8,3146.3,252621,97412.0,142915.0,3163.0,3163.0,3138.0,3134.3,31678600,3447.7,2820.9,3839.9,2896.0,3140.0,211,3,3139.8,128,4,3139.7,143,4,3139.6,153,2,3139.5,110,3,3140.9,6,1,3141.0,58,4,3141.1,4,1,3141.3,22,1,3141.4,47,2
2031,2026-06-16 09:23:37+05:30,3140.9,1,3146.29,252887,97194.0,143151.0,3163.0,3163.0,3138.0,3134.3,31678600,3447.7,2820.9,3839.9,2896.0,3140.0,168,6,3139.9,121,4,3139.8,28,2,3139.7,155,4,3139.6,84,2,3140.9,5,1,3141.0,36,3,3141.4,23,1,3141.5,167,1,3141.6,132,3
2031,2026-06-16 09:23:37+05:30,3140.9,1,3146.29,252887,97194.0,143151.0,3163.0,3163.0,3138.0,3134.3,31678600,3447.7,2820.9,3839.9,2896.0,3140.0,168,6,3139.9,121,4,3139.8,28,2,3139.7,155,4,3139.6,84,2,3140.9,5,1,3141.0,36,3,3141.4,23,1,3141.5,167,1,3141.6,132,3
2031,2026-06-16 09:23:38+05:30,3140.9,1,3146.29,252904,97155.0,143267.0,3163.0,3163.0,3138.0,3134.3,31678600,3447.7,2820.9,3839.9,2896.0,3140.0,156,5,3139.9,27,1,3139.8,54,2,3139.7,81,1,3139.6,32,1,3140.9,32,2,3141.0,36,3,3141.4,47,2,3141.5,176,2,3141.6,396,6
2031,2026-06-16 09:23:38+05:30,3140.9,1,3146.29,252904,97155.0,143267.0,3163.0,3163.0,3138.0,3134.3,31678600,3447.7,2820.9,3839.9,2896.0,3140.0,156,5,3139.9,27,1,3139.8,54,2,3139.7,81,1,3139.6,32,1,3140.9,32,2,3141.0,36,3,3141.4,47,2,3141.5,176,2,3141.6,396,6
2031,2026-06-16 09:23:39+05:30,3140.7,4,3146.29,252904,97155.0,143267.0,3163.0,3163.0,3138.0,3134.3,31678600,3447.7,2820.9,3839.9,2896.0,3140.0,156,5,3139.9,27,1,3139.8,54,2,3139.7,81,1,3139.6,32,1,3140.9,32,2,3141.0,36,3,3141.4,47,2,3141.5,176,2,3141.6,396,6
2031,2026-06-16 09:23:39+05:30,3140.7,4,3146.29,252955,97341.0,143494.0,3163.0,3163.0,3138.0,3134.3,31678600,3447.7,2820.9,3839.9,2896.0,3140.7,23,1,3140.0,163,6,3139.7,141,2,3139.6,58,2,3139.5,159,4,3140.9,12,2,3141.0,36,3,3141.1,47,2,3141.4,109,3,3141.5,194,3
2031,2026-06-16 09:23:40+05:30,3140.9,18,3146.29,252955,97341.0,143494.0,3163.0,3163.0,3138.0,3134.3,31678600,3447.7,2820.9,3839.9,2896.0,3140.7,23,1,3140.0,163,6,3139.7,141,2,3139.6,58,2,3139.5,159,4,3140.9,12,2,3141.0,36,3,3141.1,47,2,3141.4,109,3,3141.5,194,3
2031,2026-06-16 09:23:40+05:30,3140.9,7,3146.29,253021,97617.0,143262.0,3163.0,3163.0,3138.0,3134.3,31678600,3447.7,2820.9,3839.9,2896.0,3140.7,45,2,3140.0,159,5,3139.7,81,1,3139.5,174,3,3139.4,414,8,3140.9,11,2,3141.0,60,4,3141.1,24,2,3141.2,33,2,3141.3,40,3
2031,2026-06-16 09:23:41+05:30,3141.0,1,3146.29,253021,97617.0,143262.0,3163.0,3163.0,3138.0,3134.3,31678600,3447.7,2820.9,3839.9,2896.0,3140.7,45,2,3140.0,159,5,3139.7,81,1,3139.5,174,3,3139.4,414,8,3140.9,11,2,3141.0,60,4,3141.1,24,2,3141.2,33,2,3141.3,40,3
2031,2026-06-16 09:23:41+05:30,3141.0,1,3146.28,253083,98093.0,142793.0,3163.0,3163.0,3138.0,3134.3,31678600,3447.7,2820.9,3839.9,2896.0,3140.8,65,1,3140.7,45,2,3140.0,181,5,3139.8,32,1,3139.7,194,3,3141.0,13,1,3141.1,24,2,3141.2,17,1,3141.3,49,3,3141.5,200,1
2031,2026-06-16 09:23:42+05:30,3139.0,200,3146.28,253083,98093.0,142793.0,3163.0,3163.0,3138.0,3134.3,31678600,3447.7,2820.9,3839.9,2896.0,3140.8,65,1,3140.7,45,2,3140.0,181,5,3139.8,32,1,3139.7,194,3,3141.0,13,1,3141.1,24,2,3141.2,17,1,3141.3,49,3,3141.5,200,1
2031,2026-06-16 09:23:42+05:30,3139.0,200,3146.24,254870,95011.0,146192.0,3163.0,3163.0,3138.0,3134.3,31678600,3447.7,2820.9,3839.9,2896.0,3139.0,923,5,3138.7,15,1,3138.3,3,1,3138.2,50,2,3138.1,25,1,3140.2,163,7,3140.3,322,7,3140.4,75,5,3140.5,76,4,3140.6,767,7
2031,2026-06-16 09:23:43+05:30,3139.9,10,3146.24,254870,95011.0,146192.0,3163.0,3163.0,3138.0,3134.3,31678600,3447.7,2820.9,3839.9,2896.0,3139.0,923,5,3138.7,15,1,3138.3,3,1,3138.2,50,2,3138.1,25,1,3140.2,163,7,3140.3,322,7,3140.4,75,5,3140.5,76,4,3140.6,767,7
2031,2026-06-16 09:23:43+05:30,3139.9,1,3146.23,255064,95995.0,145019.0,3163.0,3163.0,3138.0,3134.3,31678600,3447.7,2820.9,3839.9,2896.0,3139.6,94,1,3139.0,1084,7,3138.8,54,2,3138.7,35,2,3138.3,93,2,3139.9,6,1,3140.0,20,1,3140.1,20,1,3140.2,63,5,3140.3,98,4
2031,2026-06-16 09:23:44+05:30,3140.2,1,3146.23,255064,95995.0,145019.0,3163.0,3163.0,3138.0,3134.3,31678600,3447.7,2820.9,3839.9,2896.0,3139.6,94,1,3139.0,1084,7,3138.8,54,2,3138.7,35,2,3138.3,93,2,3139.9,6,1,3140.0,20,1,3140.1,20,1,3140.2,63,5,3140.3,98,4
2031,2026-06-16 09:23:44+05:30,3140.2,1,3146.23,255170,96775.0,145055.0,3163.0,3163.0,3138.0,3134.3,31678600,3447.7,2820.9,3839.9,2896.0,3139.6,119,2,3139.0,1084,7,3138.8,32,1,3138.7,35,2,3138.4,21,1,3140.2,15,4,3140.3,61,4,3140.4,88,3,3140.5,19,2,3140.6,322,4
2031,2026-06-16 09:23:45+05:30,3140.2,1,3146.23,255170,96775.0,145055.0,3163.0,3163.0,3138.0,3134.3,31678600,3447.7,2820.9,3839.9,2896.0,3139.6,119,2,3139.0,1084,7,3138.8,32,1,3138.7,35,2,3138.4,21,1,3140.2,15,4,3140.3,61,4,3140.4,88,3,3140.5,19,2,3140.6,322,4
2031,2026-06-16 09:23:45+05:30,3140.4,7,3146.23,255272,97618.0,143938.0,3163.0,3163.0,3138.0,3134.3,31678600,3447.7,2820.9,3839.9,2896.0,3139.9,146,9,3139.8,24,2,3139.7,12,1,3139.6,195,5,3139.5,55,2,3140.4,14,1,3140.5,7,1,3140.6,200,1,3141.0,39,4,3141.2,25,2
2031,2026-06-16 09:23:46+05:30,3140.4,7,3146.23,255272,97618.0,143938.0,3163.0,3163.0,3138.0,3134.3,31678600,3447.7,2820.9,3839.9,2896.0,3139.9,146,9,3139.8,24,2,3139.7,12,1,3139.6,195,5,3139.5,55,2,3140.4,14,1,3140.5,7,1,3140.6,200,1,3141.0,39,4,3141.2,25,2
2031,2026-06-16 09:23:46+05:30,3139.7,33,3146.21,256105,95643.0,144911.0,3163.0,3163.0,3138.0,3134.3,31678600,3447.7,2820.9,3839.9,2896.0,3139.0,767,7,3138.9,20,1,3138.7,114,5,3138.6,45,2,3138.5,46,2,3139.7,167,1,3139.9,200,1,3140.0,200,1,3140.2,75,1,3140.3,32,1
2031,2026-06-16 09:23:47+05:30,3139.7,33,3146.21,256105,95643.0,144911.0,3163.0,3163.0,3138.0,3134.3,31678600,3447.7,2820.9,3839.9,2896.0,3139.0,767,7,3138.9,20,1,3138.7,114,5,3138.6,45,2,3138.5,46,2,3139.7,167,1,3139.9,200,1,3140.0,200,1,3140.2,75,1,3140.3,32,1
2031,2026-06-16 09:23:47+05:30,3139.0,4,3146.21,256116,95757.0,145934.0,3163.0,3163.0,3138.0,3134.3,31678600,3447.7,2820.9,3839.9,2896.0,3139.0,773,9,3138.7,35,2,3138.5,51,2,3138.3,51,2,3138.2,53,2,3139.6,220,3,3139.7,194,2,3139.8,22,1,3139.9,23,1,3140.0,315,3
2031,2026-06-16 09:23:48+05:30,3139.0,4,3146.21,256116,95757.0,145934.0,3163.0,3163.0,3138.0,3134.3,31678600,3447.7,2820.9,3839.9,2896.0,3139.0,773,9,3138.7,35,2,3138.5,51,2,3138.3,51,2,3138.2,53,2,3139.6,220,3,3139.7,194,2,3139.8,22,1,3139.9,23,1,3140.0,315,3
2031,2026-06-16 09:23:48+05:30,3139.6,10,3146.2,256330,95395.0,146179.0,3163.0,3163.0,3138.0,3134.3,31678600,3447.7,2820.9,3839.9,2896.0,3139.0,573,9,3138.7,35,2,3138.3,23,1,3138.2,78,3,3138.0,1015,23,3139.6,206,3,3139.7,194,2,3139.9,22,1,3140.0,315,3,3140.2,226,5
2031,2026-06-16 09:23:49+05:30,3139.0,4,3146.2,256330,95395.0,146179.0,3163.0,3163.0,3138.0,3134.3,31678600,3447.7,2820.9,3839.9,2896.0,3139.0,573,9,3138.7,35,2,3138.3,23,1,3138.2,78,3,3138.0,1015,23,3139.6,206,3,3139.7,194,2,3139.9,22,1,3140.0,315,3,3140.2,226,5
2031,2026-06-16 09:23:50+05:30,3139.6,1,3146.2,256336,94840.0,145541.0,3163.0,3163.0,3138.0,3134.3,31678600,3447.7,2820.9,3839.9,2896.0,3139.0,650,11,3138.7,35,2,3138.6,25,1,3138.4,74,2,3138.3,109,2,3139.6,231,4,3139.8,20,1,3140.0,48,2,3140.2,214,4,3140.3,26,1
2031,2026-06-16 09:23:50+05:30,3139.6,1,3146.2,256336,94840.0,145541.0,3163.0,3163.0,3138.0,3134.3,31678600,3447.7,2820.9,3839.9,2896.0,3139.0,650,11,3138.7,35,2,3138.6,25,1,3138.4,74,2,3138.3,109,2,3139.6,231,4,3139.8,20,1,3140.0,48,2,3140.2,214,4,3140.3,26,1
2031,2026-06-16 09:23:51+05:30,3138.6,245,3146.15,258067,91792.0,148669.0,3163.0,3163.0,3138.0,3134.3,31678600,3447.7,2820.9,3839.9,2896.0,3138.0,588,17,3137.2,100,1,3137.0,118,5,3136.9,53,2,3136.8,23,1,3138.5,48,3,3138.6,16,1,3138.7,99,5,3138.8,36,2,3138.9,14,2
2031,2026-06-16 09:23:51+05:30,3138.6,245,3146.15,258067,91792.0,148669.0,3163.0,3163.0,3138.0,3134.3,31678600,3447.7,2820.9,3839.9,2896.0,3138.0,588,17,3137.2,100,1,3137.0,118,5,3136.9,53,2,3136.8,23,1,3138.5,48,3,3138.6,16,1,3138.7,99,5,3138.8,36,2,3138.9,14,2
2031,2026-06-16 09:23:52+05:30,3137.9,91,3146.15,258067,91792.0,148669.0,3163.0,3163.0,3138.0,3134.3,31678600,3447.7,2820.9,3839.9,2896.0,3138.0,588,17,3137.2,100,1,3137.0,118,5,3136.9,53,2,3136.8,23,1,3138.5,48,3,3138.6,16,1,3138.7,99,5,3138.8,36,2,3138.9,14,2
2031,2026-06-16 09:23:52+05:30,3137.9,91,3146.11,259340,91178.0,150245.0,3163.0,3163.0,3136.9,3134.3,31678600,3447.7,2820.9,3839.9,2896.0,3136.5,9,1,3136.4,17,1,3136.3,60,3,3136.2,147,6,3136.1,37,3,3137.9,109,1,3138.0,74,1,3138.1,90,1,3138.2,213,2,3138.3,58,1
2031,2026-06-16 09:23:53+05:30,3137.3,5,3146.11,259340,91178.0,150245.0,3163.0,3163.0,3136.9,3134.3,31678600,3447.7,2820.9,3839.9,2896.0,3136.5,9,1,3136.4,17,1,3136.3,60,3,3136.2,147,6,3136.1,37,3,3137.9,109,1,3138.0,74,1,3138.1,90,1,3138.2,213,2,3138.3,58,1
2031,2026-06-16 09:23:53+05:30,3137.3,5,3146.11,259388,91355.0,150718.0,3163.0,3163.0,3136.2,3134.3,31678600,3447.7,2820.9,3839.9,2896.0,3136.2,27,3,3136.1,62,1,3136.0,317,17,3135.9,31,1,3135.8,30,1,3137.3,101,1,3137.4,74,1,3137.6,241,2,3137.9,77,5,3138.0,222,2
2031,2026-06-16 09:23:54+05:30,3136.2,5,3146.11,259388,91355.0,150718.0,3163.0,3163.0,3136.2,3134.3,31678600,3447.7,2820.9,3839.9,2896.0,3136.2,27,3,3136.1,62,1,3136.0,317,17,3135.9,31,1,3135.8,30,1,3137.3,101,1,3137.4,74,1,3137.6,241,2,3137.9,77,5,3138.0,222,2
2031,2026-06-16 09:23:54+05:30,3136.2,5,3146.11,259394,92088.0,150587.0,3163.0,3163.0,3136.2,3134.3,31678600,3447.7,2820.9,3839.9,2896.0,3136.2,95,7,3136.1,182,1,3136.0,333,17,3135.9,48,2,3135.8,62,2,3137.3,128,3,3137.6,167,1,3137.8,73,1,3137.9,53,3,3138.0,21,2
2031,2026-06-16 09:23:55+05:30,3137.3,15,3146.11,259394,92088.0,150587.0,3163.0,3163.0,3136.2,3134.3,31678600,3447.7,2820.9,3839.9,2896.0,3136.2,95,7,3136.1,182,1,3136.0,333,17,3135.9,48,2,3135.8,62,2,3137.3,128,3,3137.6,167,1,3137.8,73,1,3137.9,53,3,3138.0,21,2
2031,2026-06-16 09:23:55+05:30,3135.7,3,3146.07,260452,91918.0,150585.0,3163.0,3163.0,3135.7,3134.3,31678600,3447.7,2820.9,3839.9,2896.0,3135.7,242,5,3135.6,38,2,3135.5,121,6,3135.4,137,3,3135.3,23,1,3137.1,69,1,3137.3,51,3,3137.5,71,1,3137.6,167,1,3137.9,23,2
2031,2026-06-16 09:23:56+05:30,3136.5,13,3146.07,260452,91918.0,150585.0,3163.0,3163.0,3135.7,3134.3,31678600,3447.7,2820.9,3839.9,2896.0,3135.7,242,5,3135.6,38,2,3135.5,121,6,3135.4,137,3,3135.3,23,1,3137.1,69,1,3137.3,51,3,3137.5,71,1,3137.6,167,1,3137.9,23,2
2031,2026-06-16 09:23:56+05:30,3136.5,13,3146.06,260748,92355.0,149467.0,3163.0,3163.0,3135.7,3134.3,31678600,3447.7,2820.9,3839.9,2896.0,3136.5,7,1,3136.3,98,6,3136.2,7,2,3136.1,16,2,3136.0,109,4,3137.1,30,2,3137.6,167,1,3137.9,3,1,3138.0,17,1,3138.1,235,3
2031,2026-06-16 09:23:57+05:30,3136.3,1,3146.06,260748,92355.0,149467.0,3163.0,3163.0,3135.7,3134.3,31678600,3447.7,2820.9,3839.9,2896.0,3136.5,7,1,3136.3,98,6,3136.2,7,2,3136.1,16,2,3136.0,109,4,3137.1,30,2,3137.6,167,1,3137.9,3,1,3138.0,17,1,3138.1,235,3
2031,2026-06-16 09:23:57+05:30,3136.5,22,3146.05,260810,92777.0,149750.0,3163.0,3163.0,3135.7,3134.3,31678600,3447.7,2820.9,3839.9,2896.0,3136.3,70,5,3136.2,58,4,3136.1,8,1,3136.0,92,3,3135.9,57,4,3137.1,33,2,3137.5,73,2,3137.6,167,1,3137.9,4,2,3138.0,18,2
2031,2026-06-16 09:23:58+05:30,3137.0,1,3146.05,260810,92777.0,149750.0,3163.0,3163.0,3135.7,3134.3,31678600,3447.7,2820.9,3839.9,2896.0,3136.3,70,5,3136.2,58,4,3136.1,8,1,3136.0,92,3,3135.9,57,4,3137.1,33,2,3137.5,73,2,3137.6,167,1,3137.9,4,2,3138.0,18,2
2031,2026-06-16 09:23:58+05:30,3136.4,100,3146.05,260931,92628.0,150009.0,3163.0,3163.0,3135.7,3134.3,31678600,3447.7,2820.9,3839.9,2896.0,3136.3,22,4,3136.2,60,3,3136.1,6,1,3136.0,32,2,3135.9,103,5,3136.4,100,1,3137.0,146,1,3137.1,33,2,3137.3,200,1,3137.5,80,4
2031,2026-06-16 09:23:59+05:30,3136.4,1,3146.05,260931,92628.0,150009.0,3163.0,3163.0,3135.7,3134.3,31678600,3447.7,2820.9,3839.9,2896.0,3136.3,22,4,3136.2,60,3,3136.1,6,1,3136.0,32,2,3135.9,103,5,3136.4,100,1,3137.0,146,1,3137.1,33,2,3137.3,200,1,3137.5,80,4
2031,2026-06-16 09:23:59+05:30,3136.6,10,3146.04,261164,93025.0,149510.0,3163.0,3163.0,3135.7,3134.3,31678600,3447.7,2820.9,3839.9,2896.0,3136.6,14,1,3136.5,65,4,3136.4,262,6,3136.3,121,6,3136.2,98,7,3137.5,2,1,3137.9,526,13,3138.0,17,1,3138.2,204,2,3138.3,9,1
2031,2026-06-16 09:24:00+05:30,3137.5,1,3146.04,261164,93025.0,149510.0,3163.0,3163.0,3135.7,3134.3,31678600,3447.7,2820.9,3839.9,2896.0,3136.6,14,1,3136.5,65,4,3136.4,262,6,3136.3,121,6,3136.2,98,7,3137.5,2,1,3137.9,526,13,3138.0,17,1,3138.2,204,2,3138.3,9,1
2031,2026-06-16 09:24:00+05:30,3137.5,6,3146.03,261544,94769.0,147613.0,3163.0,3163.0,3135.7,3134.3,31678600,3447.7,2820.9,3839.9,2896.0,3137.1,54,5,3137.0,34,1,3136.9,46,3,3136.8,70,4,3136.7,148,3,3137.5,21,1,3137.9,173,9,3138.0,17,1,3138.2,204,2,3138.3,9,1
2031,2026-06-16 09:24:01+05:30,3137.5,6,3146.03,261544,94769.0,147613.0,3163.0,3163.0,3135.7,3134.3,31678600,3447.7,2820.9,3839.9,2896.0,3137.1,54,5,3137.0,34,1,3136.9,46,3,3136.8,70,4,3136.7,148,3,3137.5,21,1,3137.9,173,9,3138.0,17,1,3138.2,204,2,3138.3,9,1
2031,2026-06-16 09:24:01+05:30,3137.9,2,3146.03,261574,94907.0,148538.0,3163.0,3163.0,3135.7,3134.3,31678600,3447.7,2820.9,3839.9,2896.0,3137.1,34,4,3137.0,30,1,3136.9,46,3,3136.8,70,4,3136.7,179,4,3137.9,164,2,3138.0,17,1,3138.2,204,2,3138.3,9,1,3138.4,35,2
2031,2026-06-16 09:24:02+05:30,3137.9,10,3146.03,261574,94907.0,148538.0,3163.0,3163.0,3135.7,3134.3,31678600,3447.7,2820.9,3839.9,2896.0,3137.1,34,4,3137.0,30,1,3136.9,46,3,3136.8,70,4,3136.7,179,4,3137.9,164,2,3138.0,17,1,3138.2,204,2,3138.3,9,1,3138.4,35,2
2031,2026-06-16 09:24:03+05:30,3138.2,16,3146.01,262255,93722.0,147388.0,3163.0,3163.0,3135.7,3134.3,31678600,3447.7,2820.9,3839.9,2896.0,3137.1,36,3,3137.0,12,1,3136.9,29,2,3136.8,69,4,3136.7,27,2,3137.8,99,1,3138.1,200,1,3138.3,41,2,3138.6,163,1,3138.7,63,1
2031,2026-06-16 09:24:03+05:30,3136.8,36,3146.01,262255,93722.0,147388.0,3163.0,3163.0,3135.7,3134.3,31678600,3447.7,2820.9,3839.9,2896.0,3137.1,36,3,3137.0,12,1,3136.9,29,2,3136.8,69,4,3136.7,27,2,3137.8,99,1,3138.1,200,1,3138.3,41,2,3138.6,163,1,3138.7,63,1
2031,2026-06-16 09:24:04+05:30,3137.8,40,3146.0,262550,94525.0,147649.0,3163.0,3163.0,3135.7,3134.3,31678600,3447.7,2820.9,3839.9,2896.0,3137.0,17,1,3136.9,180,6,3136.8,119,3,3136.7,120,5,3136.6,118,4,3137.8,4,1,3138.2,3,1,3138.3,41,2,3138.8,452,5,3138.9,339,2
2031,2026-06-16 09:24:04+05:30,3137.0,5,3146.0,262550,94525.0,147649.0,3163.0,3163.0,3135.7,3134.3,31678600,3447.7,2820.9,3839.9,2896.0,3137.0,17,1,3136.9,180,6,3136.8,119,3,3136.7,120,5,3136.6,118,4,3137.8,4,1,3138.2,3,1,3138.3,41,2,3138.8,452,5,3138.9,339,2
2031,2026-06-16 09:24:05+05:30,3137.8,2,3146.0,262550,94525.0,147649.0,3163.0,3163.0,3135.7,3134.3,31678600,3447.7,2820.9,3839.9,2896.0,3137.0,17,1,3136.9,180,6,3136.8,119,3,3136.7,120,5,3136.6,118,4,3137.8,4,1,3138.2,3,1,3138.3,41,2,3138.8,452,5,3138.9,339,2
2031,2026-06-16 09:24:05+05:30,3137.8,2,3146.0,262557,94728.0,147654.0,3163.0,3163.0,3135.7,3134.3,31678600,3447.7,2820.9,3839.9,2896.0,3137.0,118,6,3136.9,134,6,3136.8,135,4,3136.7,86,3,3136.6,118,4,3137.8,2,1,3138.2,4,2,3138.3,41,2,3138.6,20,1,3138.7,231,2
2031,2026-06-16 09:24:06+05:30,3138.2,1,3146.0,262557,94728.0,147654.0,3163.0,3163.0,3135.7,3134.3,31678600,3447.7,2820.9,3839.9,2896.0,3137.0,118,6,3136.9,134,6,3136.8,135,4,3136.7,86,3,3136.6,118,4,3137.8,2,1,3138.2,4,2,3138.3,41,2,3138.6,20,1,3138.7,231,2
2031,2026-06-16 09:24:06+05:30,3138.2,1,3145.99,262762,95147.0,146751.0,3163.0,3163.0,3135.7,3134.3,31678600,3447.7,2820.9,3839.9,2896.0,3138.0,25,1,3137.9,1,1,3137.7,36,2,3137.6,36,2,3137.5,16,1,3138.3,9,1,3138.4,22,1,3138.6,20,1,3138.7,22,1,3138.8,44,2
2031,2026-06-16 09:24:07+05:30,3138.0,4,3145.99,262762,95147.0,146751.0,3163.0,3163.0,3135.7,3134.3,31678600,3447.7,2820.9,3839.9,2896.0,3138.0,25,1,3137.9,1,1,3137.7,36,2,3137.6,36,2,3137.5,16,1,3138.3,9,1,3138.4,22,1,3138.6,20,1,3138.7,22,1,3138.8,44,2
2031,2026-06-16 09:24:07+05:30,3138.0,4,3145.99,262762,95147.0,146751.0,3163.0,3163.0,3135.7,3134.3,31678600,3447.7,2820.9,3839.9,2896.0,3138.0,25,1,3137.9,1,1,3137.7,36,2,3137.6,36,2,3137.5,16,1,3138.3,9,1,3138.4,22,1,3138.6,20,1,3138.7,22,1,3138.8,44,2
2031,2026-06-16 09:24:07+05:30,3138.0,4,3145.99,262766,94909.0,147105.0,3163.0,3163.0,3135.7,3134.3,31678600,3447.7,2820.9,3839.9,2896.0,3138.0,21,1,3137.9,11,2,3137.4,14,1,3137.3,113,2,3137.2,85,2,3138.3,28,2,3138.4,22,1,3138.6,20,1,3138.7,22,1,3138.8,44,2
2031,2026-06-16 09:24:08+05:30,3138.4,28,3145.99,262766,94909.0,147105.0,3163.0,3163.0,3135.7,3134.3,31678600,3447.7,2820.9,3839.9,2896.0,3138.0,21,1,3137.9,11,2,3137.4,14,1,3137.3,113,2,3137.2,85,2,3138.3,28,2,3138.4,22,1,3138.6,20,1,3138.7,22,1,3138.8,44,2
2031,2026-06-16 09:24:08+05:30,3138.4,28,3145.98,263115,94142.0,148132.0,3163.0,3163.0,3135.7,3134.3,31678600,3447.7,2820.9,3839.9,2896.0,3137.0,3,1,3136.9,81,5,3136.8,40,2,3136.7,76,3,3136.6,105,4,3138.4,40,1,3138.5,159,1,3138.6,82,2,3138.7,22,1,3138.8,151,4
2031,2026-06-16 09:24:08+05:30,3138.4,28,3145.98,263115,94142.0,148132.0,3163.0,3163.0,3135.7,3134.3,31678600,3447.7,2820.9,3839.9,2896.0,3137.0,3,1,3136.9,81,5,3136.8,40,2,3136.7,76,3,3136.6,105,4,3138.4,40,1,3138.5,159,1,3138.6,82,2,3138.7,22,1,3138.8,151,4
2031,2026-06-16 09:24:09+05:30,3136.6,26,3145.98,263115,94142.0,148132.0,3163.0,3163.0,3135.7,3134.3,31678600,3447.7,2820.9,3839.9,2896.0,3137.0,3,1,3136.9,81,5,3136.8,40,2,3136.7,76,3,3136.6,105,4,3138.4,40,1,3138.5,159,1,3138.6,82,2,3138.7,22,1,3138.8,151,4
2031,2026-06-16 09:24:09+05:30,3137.5,1,3145.95,263844,92853.0,150577.0,3163.0,3163.0,3135.7,3134.3,31678600,3447.7,2820.9,3839.9,2896.0,3136.6,21,2,3136.5,1,1,3136.3,2,1,3136.2,1,1,3136.1,30,1,3137.6,66,2,3137.7,246,3,3137.8,26,1,3137.9,96,2,3138.0,240,4
2031,2026-06-16 09:24:10+05:30,3137.4,7,3145.95,263844,92853.0,150577.0,3163.0,3163.0,3135.7,3134.3,31678600,3447.7,2820.9,3839.9,2896.0,3136.6,21,2,3136.5,1,1,3136.3,2,1,3136.2,1,1,3136.1,30,1,3137.6,66,2,3137.7,246,3,3137.8,26,1,3137.9,96,2,3138.0,240,4
2031,2026-06-16 09:24:10+05:30,3137.4,7,3145.95,263844,92853.0,150577.0,3163.0,3163.0,3135.7,3134.3,31678600,3447.7,2820.9,3839.9,2896.0,3136.6,21,2,3136.5,1,1,3136.3,2,1,3136.2,1,1,3136.1,30,1,3137.6,66,2,3137.7,246,3,3137.8,26,1,3137.9,96,2,3138.0,240,4
2031,2026-06-16 09:24:10+05:30,3137.4,1,3145.95,263866,93396.0,150606.0,3163.0,3163.0,3135.7,3134.3,31678600,3447.7,2820.9,3839.9,2896.0,3136.6,55,2,3136.5,1,1,3136.3,2,1,3136.2,1,1,3135.8,86,2,3137.4,18,2,3137.5,182,1,3137.6,76,4,3137.8,109,3,3137.9,113,2
2031,2026-06-16 09:24:11+05:30,3136.6,4,3145.95,263866,93396.0,150606.0,3163.0,3163.0,3135.7,3134.3,31678600,3447.7,2820.9,3839.9,2896.0,3136.6,55,2,3136.5,1,1,3136.3,2,1,3136.2,1,1,3135.8,86,2,3137.4,18,2,3137.5,182,1,3137.6,76,4,3137.8,109,3,3137.9,113,2
2031,2026-06-16 09:24:11+05:30,3136.6,40,3145.94,264110,93277.0,150442.0,3163.0,3163.0,3135.7,3134.3,31678600,3447.7,2820.9,3839.9,2896.0,3136.6,1,1,3136.5,1,1,3136.3,2,1,3136.2,1,1,3135.7,100,1,3137.3,26,1,3137.4,69,4,3137.5,12,1,3137.6,105,2,3137.7,94,3
2031,2026-06-16 09:24:11+05:30,3136.6,40,3145.94,264110,93277.0,150442.0,3163.0,3163.0,3135.7,3134.3,31678600,3447.7,2820.9,3839.9,2896.0,3136.6,1,1,3136.5,1,1,3136.3,2,1,3136.2,1,1,3135.7,100,1,3137.3,26,1,3137.4,69,4,3137.5,12,1,3137.6,105,2,3137.7,94,3
2031,2026-06-16 09:24:12+05:30,3137.3,10,3145.94,264110,93277.0,150442.0,3163.0,3163.0,3135.7,3134.3,31678600,3447.7,2820.9,3839.9,2896.0,3136.6,1,1,3136.5,1,1,3136.3,2,1,3136.2,1,1,3135.7,100,1,3137.3,26,1,3137.4,69,4,3137.5,12,1,3137.6,105,2,3137.7,94,3
2031,2026-06-16 09:24:12+05:30,3137.3,10,3145.94,264120,93235.0,149449.0,3163.0,3163.0,3135.7,3134.3,31678600,3447.7,2820.9,3839.9,2896.0,3136.6,37,2,3136.5,1,1,3136.4,2,1,3136.3,2,1,3136.2,57,3,3137.3,16,1,3137.4,48,2,3137.7,9,1,3137.8,144,4,3137.9,26,1
2031,2026-06-16 09:24:13+05:30,3137.4,11,3145.94,264120,93235.0,149449.0,3163.0,3163.0,3135.7,3134.3,31678600,3447.7,2820.9,3839.9,2896.0,3136.6,37,2,3136.5,1,1,3136.4,2,1,3136.3,2,1,3136.2,57,3,3137.3,16,1,3137.4,48,2,3137.7,9,1,3137.8,144,4,3137.9,26,1
2031,2026-06-16 09:24:13+05:30,3137.4,11,3145.94,264120,93235.0,149449.0,3163.0,3163.0,3135.7,3134.3,31678600,3447.7,2820.9,3839.9,2896.0,3136.6,37,2,3136.5,1,1,3136.4,2,1,3136.3,2,1,3136.2,57,3,3137.3,16,1,3137.4,48,2,3137.7,9,1,3137.8,144,4,3137.9,26,1
2031,2026-06-16 09:24:13+05:30,3137.4,11,3145.94,264147,93925.0,149028.0,3163.0,3163.0,3135.7,3134.3,31678600,3447.7,2820.9,3839.9,2896.0,3136.7,17,1,3136.6,85,8,3136.5,45,6,3136.4,60,3,3136.3,66,3,3137.3,10,1,3137.4,25,1,3137.8,18,1,3138.0,20,2,3138.1,26,1
2031,2026-06-16 09:24:14+05:30,3136.7,5,3145.94,264147,93925.0,149028.0,3163.0,3163.0,3135.7,3134.3,31678600,3447.7,2820.9,3839.9,2896.0,3136.7,17,1,3136.6,85,8,3136.5,45,6,3136.4,60,3,3136.3,66,3,3137.3,10,1,3137.4,25,1,3137.8,18,1,3138.0,20,2,3138.1,26,1
2031,2026-06-16 09:24:14+05:30,3136.7,5,3145.94,264147,93925.0,149028.0,3163.0,3163.0,3135.7,3134.3,31678600,3447.7,2820.9,3839.9,2896.0,3136.7,17,1,3136.6,85,8,3136.5,45,6,3136.4,60,3,3136.3,66,3,3137.3,10,1,3137.4,25,1,3137.8,18,1,3138.0,20,2,3138.1,26,1
2031,2026-06-16 09:24:14+05:30,3137.4,10,3145.94,264188,93508.0,149013.0,3163.0,3163.0,3135.7,3134.3,31678600,3447.7,2820.9,3839.9,2896.0,3136.7,40,3,3136.6,44,5,3136.5,17,4,3136.4,25,2,3136.3,2,1,3137.3,6,1,3137.4,15,1,3137.8,18,1,3138.0,20,2,3138.1,167,3
2031,2026-06-16 09:24:15+05:30,3137.3,1,3145.94,264188,93508.0,149013.0,3163.0,3163.0,3135.7,3134.3,31678600,3447.7,2820.9,3839.9,2896.0,3136.7,40,3,3136.6,44,5,3136.5,17,4,3136.4,25,2,3136.3,2,1,3137.3,6,1,3137.4,15,1,3137.8,18,1,3138.0,20,2,3138.1,167,3
2031,2026-06-16 09:24:16+05:30,3137.2,1,3145.94,264295,93347.0,149460.0,3163.0,3163.0,3135.7,3134.3,31678600,3447.7,2820.9,3839.9,2896.0,3136.7,77,6,3136.6,7,3,3136.5,5,3,3136.4,73,4,3136.3,14,2,3137.2,19,1,3137.3,8,2,3137.4,27,3,3137.8,25,2,3137.9,63,1
2031,2026-06-16 09:24:16+05:30,3137.2,1,3145.94,264295,93347.0,149460.0,3163.0,3163.0,3135.7,3134.3,31678600,3447.7,2820.9,3839.9,2896.0,3136.7,77,6,3136.6,7,3,3136.5,5,3,3136.4,73,4,3136.3,14,2,3137.2,19,1,3137.3,8,2,3137.4,27,3,3137.8,25,2,3137.9,63,1
2031,2026-06-16 09:24:16+05:30,3137.2,1,3145.94,264295,93347.0,149460.0,3163.0,3163.0,3135.7,3134.3,31678600,3447.7,2820.9,3839.9,2896.0,3136.7,77,6,3136.6,7,3,3136.5,5,3,3136.4,73,4,3136.3,14,2,3137.2,19,1,3137.3,8,2,3137.4,27,3,3137.8,25,2,3137.9,63,1
2031,2026-06-16 09:24:16+05:30,3137.2,1,3145.94,264295,93347.0,149460.0,3163.0,3163.0,3135.7,3134.3,31678600,3447.7,2820.9,3839.9,2896.0,3136.7,77,6,3136.6,7,3,3136.5,5,3,3136.4,73,4,3136.3,14,2,3137.2,19,1,3137.3,8,2,3137.4,27,3,3137.8,25,2,3137.9,63,1
2031,2026-06-16 09:24:17+05:30,3137.4,1,3145.94,264322,93473.0,149728.0,3163.0,3163.0,3135.7,3134.3,31678600,3447.7,2820.9,3839.9,2896.0,3136.7,77,6,3136.6,37,4,3136.5,5,3,3136.4,34,2,3136.3,2,1,3137.4,26,3,3137.8,25,2,3138.0,221,4,3138.1,171,3,3138.2,15,2
2031,2026-06-16 09:24:17+05:30,3136.7,8,3145.94,264322,93473.0,149728.0,3163.0,3163.0,3135.7,3134.3,31678600,3447.7,2820.9,3839.9,2896.0,3136.7,77,6,3136.6,37,4,3136.5,5,3,3136.4,34,2,3136.3,2,1,3137.4,26,3,3137.8,25,2,3138.0,221,4,3138.1,171,3,3138.2,15,2
2031,2026-06-16 09:24:17+05:30,3136.7,8,3145.94,264322,93473.0,149728.0,3163.0,3163.0,3135.7,3134.3,31678600,3447.7,2820.9,3839.9,2896.0,3136.7,77,6,3136.6,37,4,3136.5,5,3,3136.4,34,2,3136.3,2,1,3137.4,26,3,3137.8,25,2,3138.0,221,4,3138.1,171,3,3138.2,15,2
2031,2026-06-16 09:24:18+05:30,3137.4,3,3145.93,264463,93282.0,150089.0,3163.0,3163.0,3135.7,3134.3,31678600,3447.7,2820.9,3839.9,2896.0,3136.7,36,4,3136.6,43,5,3136.5,5,3,3136.4,2,1,3136.3,2,1,3137.4,30,5,3137.7,183,5,3137.8,109,5,3137.9,409,5,3138.0,86,5
2031,2026-06-16 09:24:18+05:30,3137.4,3,3145.93,264463,93282.0,150089.0,3163.0,3163.0,3135.7,3134.3,31678600,3447.7,2820.9,3839.9,2896.0,3136.7,36,4,3136.6,43,5,3136.5,5,3,3136.4,2,1,3136.3,2,1,3137.4,30,5,3137.7,183,5,3137.8,109,5,3137.9,409,5,3138.0,86,5
2031,2026-06-16 09:24:18+05:30,3137.4,3,3145.93,264463,93282.0,150089.0,3163.0,3163.0,3135.7,3134.3,31678600,3447.7,2820.9,3839.9,2896.0,3136.7,36,4,3136.6,43,5,3136.5,5,3,3136.4,2,1,3136.3,2,1,3137.4,30,5,3137.7,183,5,3137.8,109,5,3137.9,409,5,3138.0,86,5
2031,2026-06-16 09:24:19+05:30,3136.7,1,3145.93,264492,93408.0,150294.0,3163.0,3163.0,3135.7,3134.3,31678600,3447.7,2820.9,3839.9,2896.0,3136.7,44,4,3136.6,43,5,3136.5,5,3,3136.4,2,1,3136.3,2,1,3137.4,39,6,3137.7,400,7,3137.8,109,5,3137.9,247,6,3138.0,253,4
2031,2026-06-16 09:24:19+05:30,3136.7,1,3145.93,264492,93408.0,150294.0,3163.0,3163.0,3135.7,3134.3,31678600,3447.7,2820.9,3839.9,2896.0,3136.7,44,4,3136.6,43,5,3136.5,5,3,3136.4,2,1,3136.3,2,1,3137.4,39,6,3137.7,400,7,3137.8,109,5,3137.9,247,6,3138.0,253,4
2031,2026-06-16 09:24:19+05:30,3136.7,1,3145.93,264492,93408.0,150294.0,3163.0,3163.0,3135.7,3134.3,31678600,3447.7,2820.9,3839.9,2896.0,3136.7,44,4,3136.6,43,5,3136.5,5,3,3136.4,2,1,3136.3,2,1,3137.4,39,6,3137.7,400,7,3137.8,109,5,3137.9,247,6,3138.0,253,4
2031,2026-06-16 09:24:20+05:30,3136.7,1,3145.93,264536,93996.0,149831.0,3163.0,3163.0,3135.7,3134.3,31678600,3447.7,2820.9,3839.9,2896.0,3136.7,44,4,3136.6,543,6,3136.5,25,4,3136.4,2,1,3136.3,2,1,3137.4,15,3,3137.7,38,3,3137.8,87,4,3137.9,314,5,3138.0,30,2
2031,2026-06-16 09:24:20+05:30,3136.7,1,3145.93,264536,93996.0,149831.0,3163.0,3163.0,3135.7,3134.3,31678600,3447.7,2820.9,3839.9,2896.0,3136.7,44,4,3136.6,543,6,3136.5,25,4,3136.4,2,1,3136.3,2,1,3137.4,15,3,3137.7,38,3,3137.8,87,4,3137.9,314,5,3138.0,30,2
2031,2026-06-16 09:24:21+05:30,3136.0,42,3145.88,265976,91051.0,151440.0,3163.0,3163.0,3135.7,3134.3,31678600,3447.7,2820.9,3839.9,2896.0,3136.0,100,1,3135.7,106,2,3135.5,29,2,3135.2,30,2,3135.1,54,2,3136.3,26,1,3136.4,88,4,3136.5,60,4,3136.6,50,2,3136.7,214,2
2031,2026-06-16 09:24:21+05:30,3136.0,42,3145.88,265976,91051.0,151440.0,3163.0,3163.0,3135.7,3134.3,31678600,3447.7,2820.9,3839.9,2896.0,3136.0,100,1,3135.7,106,2,3135.5,29,2,3135.2,30,2,3135.1,54,2,3136.3,26,1,3136.4,88,4,3136.5,60,4,3136.6,50,2,3136.7,214,2
2031,2026-06-16 09:24:21+05:30,3136.0,42,3145.88,265976,91051.0,151440.0,3163.0,3163.0,3135.7,3134.3,31678600,3447.7,2820.9,3839.9,2896.0,3136.0,100,1,3135.7,106,2,3135.5,29,2,3135.2,30,2,3135.1,54,2,3136.3,26,1,3136.4,88,4,3136.5,60,4,3136.6,50,2,3136.7,214,2
2031,2026-06-16 09:24:22+05:30,3136.3,1,3145.88,265976,91051.0,151440.0,3163.0,3163.0,3135.7,3134.3,31678600,3447.7,2820.9,3839.9,2896.0,3136.0,100,1,3135.7,106,2,3135.5,29,2,3135.2,30,2,3135.1,54,2,3136.3,26,1,3136.4,88,4,3136.5,60,4,3136.6,50,2,3136.7,214,2
2031,2026-06-16 09:24:22+05:30,3136.3,1,3145.87,266200,92594.0,150017.0,3163.0,3163.0,3135.7,3134.3,31678600,3447.7,2820.9,3839.9,2896.0,3136.0,96,1,3135.8,3,1,3135.7,157,4,3135.6,35,2,3135.5,97,4,3136.2,200,1,3136.3,25,1,3136.5,19,1,3136.6,50,2,3137.2,51,1
2031,2026-06-16 09:24:22+05:30,3136.3,1,3145.87,266200,92594.0,150017.0,3163.0,3163.0,3135.7,3134.3,31678600,3447.7,2820.9,3839.9,2896.0,3136.0,96,1,3135.8,3,1,3135.7,157,4,3135.6,35,2,3135.5,97,4,3136.2,200,1,3136.3,25,1,3136.5,19,1,3136.6,50,2,3137.2,51,1
2031,2026-06-16 09:24:23+05:30,3136.3,1,3145.87,266200,92594.0,150017.0,3163.0,3163.0,3135.7,3134.3,31678600,3447.7,2820.9,3839.9,2896.0,3136.0,96,1,3135.8,3,1,3135.7,157,4,3135.6,35,2,3135.5,97,4,3136.2,200,1,3136.3,25,1,3136.5,19,1,3136.6,50,2,3137.2,51,1
2031,2026-06-16 09:24:23+05:30,3136.1,4,3145.87,266200,92594.0,150017.0,3163.0,3163.0,3135.7,3134.3,31678600,3447.7,2820.9,3839.9,2896.0,3136.0,96,1,3135.8,3,1,3135.7,157,4,3135.6,35,2,3135.5,97,4,3136.2,200,1,3136.3,25,1,3136.5,19,1,3136.6,50,2,3137.2,51,1
2031,2026-06-16 09:24:23+05:30,3137.4,29,3145.86,266512,94439.0,147137.0,3163.0,3163.0,3135.7,3134.3,31678600,3447.7,2820.9,3839.9,2896.0,3136.2,280,6,3136.1,167,5,3136.0,164,3,3135.9,148,5,3135.8,19,3,3137.4,171,1,3137.8,218,2,3137.9,364,4,3138.1,228,2,3138.2,31,2
2031,2026-06-16 09:24:24+05:30,3137.4,29,3145.86,266512,94439.0,147137.0,3163.0,3163.0,3135.7,3134.3,31677800,3447.7,2820.9,3839.9,2896.0,3136.2,280,6,3136.1,167,5,3136.0,164,3,3135.9,148,5,3135.8,19,3,3137.4,171,1,3137.8,218,2,3137.9,364,4,3138.1,228,2,3138.2,31,2
2031,2026-06-16 09:24:24+05:30,3136.3,3,3145.86,266512,94439.0,147137.0,3163.0,3163.0,3135.7,3134.3,31677800,3447.7,2820.9,3839.9,2896.0,3136.2,280,6,3136.1,167,5,3136.0,164,3,3135.9,148,5,3135.8,19,3,3137.4,171,1,3137.8,218,2,3137.9,364,4,3138.1,228,2,3138.2,31,2
2031,2026-06-16 09:24:24+05:30,3137.4,6,3145.86,266634,94619.0,148462.0,3163.0,3163.0,3135.7,3134.3,31677800,3447.7,2820.9,3839.9,2896.0,3136.4,205,4,3136.3,60,3,3136.2,142,5,3136.1,105,4,3136.0,197,4,3137.4,120,2,3137.8,238,3,3137.9,398,5,3138.1,249,3,3138.2,31,2
2031,2026-06-16 09:24:25+05:30,3136.4,18,3145.86,266634,94619.0,148462.0,3163.0,3163.0,3135.7,3134.3,31677800,3447.7,2820.9,3839.9,2896.0,3136.4,205,4,3136.3,60,3,3136.2,142,5,3136.1,105,4,3136.0,197,4,3137.4,120,2,3137.8,238,3,3137.9,398,5,3138.1,249,3,3138.2,31,2
2031,2026-06-16 09:24:25+05:30,3136.9,10,3145.85,266662,94676.0,149033.0,3163.0,3163.0,3135.7,3134.3,31677800,3447.7,2820.9,3839.9,2896.0,3136.9,86,2,3136.3,31,2,3136.2,16,2,3136.1,99,3,3136.0,193,4,3137.4,148,3,3137.7,160,1,3137.8,238,3,3137.9,488,6,3138.0,28,2
2031,2026-06-16 09:24:26+05:30,3136.1,18,3145.85,266662,94676.0,149033.0,3163.0,3163.0,3135.7,3134.3,31677800,3447.7,2820.9,3839.9,2896.0,3136.9,86,2,3136.3,31,2,3136.2,16,2,3136.1,99,3,3136.0,193,4,3137.4,148,3,3137.7,160,1,3137.8,238,3,3137.9,488,6,3138.0,28,2
2031,2026-06-16 09:24:26+05:30,3137.4,1,3145.83,267309,94072.0,148638.0,3163.0,3163.0,3135.7,3134.3,31677800,3447.7,2820.9,3839.9,2896.0,3136.2,118,7,3136.1,217,7,3136.0,125,3,3135.9,73,3,3135.8,130,6,3137.4,147,3,3137.8,238,3,3137.9,454,5,3138.1,371,4,3138.2,30,2
2031,2026-06-16 09:24:27+05:30,3137.4,5,3145.83,267309,94072.0,148638.0,3163.0,3163.0,3135.7,3134.3,31677800,3447.7,2820.9,3839.9,2896.0,3136.2,118,7,3136.1,217,7,3136.0,125,3,3135.9,73,3,3135.8,130,6,3137.4,147,3,3137.8,238,3,3137.9,454,5,3138.1,371,4,3138.2,30,2
2031,2026-06-16 09:24:27+05:30,3136.4,7,3145.82,267542,94154.0,148828.0,3163.0,3163.0,3135.7,3134.3,31677800,3447.7,2820.9,3839.9,2896.0,3136.4,189,3,3136.3,108,3,3136.2,99,4,3136.1,55,2,3136.0,63,1,3137.4,263,4,3137.8,281,3,3137.9,364,4,3138.1,28,1,3138.2,72,3
2031,2026-06-16 09:24:28+05:30,3136.4,7,3145.82,267542,94154.0,148828.0,3163.0,3163.0,3135.7,3134.3,31677800,3447.7,2820.9,3839.9,2896.0,3136.4,189,3,3136.3,108,3,3136.2,99,4,3136.1,55,2,3136.0,63,1,3137.4,263,4,3137.8,281,3,3137.9,364,4,3138.1,28,1,3138.2,72,3
2031,2026-06-16 09:24:28+05:30,3137.4,22,3145.82,267573,94308.0,148847.0,3163.0,3163.0,3135.7,3134.3,31677800,3447.7,2820.9,3839.9,2896.0,3136.4,13,2,3136.3,198,3,3136.2,88,5,3136.1,82,3,3136.0,165,4,3137.4,232,3,3137.5,5,1,3137.8,218,2,3137.9,454,5,3138.0,105,2
2031,2026-06-16 09:24:29+05:30,3136.4,4,3145.82,267573,94308.0,148847.0,3163.0,3163.0,3135.7,3134.3,31677800,3447.7,2820.9,3839.9,2896.0,3136.4,13,2,3136.3,198,3,3136.2,88,5,3136.1,82,3,3136.0,165,4,3137.4,232,3,3137.5,5,1,3137.8,218,2,3137.9,454,5,3138.0,105,2
2031,2026-06-16 09:24:29+05:30,3137.4,40,3145.82,267645,94207.0,149141.0,3163.0,3163.0,3135.7,3134.3,31677800,3447.7,2820.9,3839.9,2896.0,3136.4,9,3,3136.3,92,5,3136.2,93,4,3136.1,203,4,3136.0,172,4,3137.4,174,2,3137.5,5,1,3137.8,218,2,3137.9,116,2,3138.1,104,2
2031,2026-06-16 09:24:30+05:30,3137.4,40,3145.82,267645,94207.0,149141.0,3163.0,3163.0,3135.7,3134.3,31677800,3447.7,2820.9,3839.9,2896.0,3136.4,9,3,3136.3,92,5,3136.2,93,4,3136.1,203,4,3136.0,172,4,3137.4,174,2,3137.5,5,1,3137.8,218,2,3137.9,116,2,3138.1,104,2
2031,2026-06-16 09:24:31+05:30,3136.9,1,3145.82,267660,93789.0,150239.0,3163.0,3163.0,3135.7,3134.3,31677800,3447.7,2820.9,3839.9,2896.0,3136.9,1,1,3136.7,14,1,3136.6,8,1,3136.4,20,5,3136.3,1,1,3137.4,164,3,3137.5,68,2,3137.6,153,2,3137.8,260,3,3137.9,180,3
2031,2026-06-16 09:24:31+05:30,3136.9,1,3145.82,267660,93789.0,150239.0,3163.0,3163.0,3135.7,3134.3,31677800,3447.7,2820.9,3839.9,2896.0,3136.9,1,1,3136.7,14,1,3136.6,8,1,3136.4,20,5,3136.3,1,1,3137.4,164,3,3137.5,68,2,3137.6,153,2,3137.8,260,3,3137.9,180,3
2031,2026-06-16 09:24:32+05:30,3138.0,100,3145.81,267989,95320.0,147704.0,3163.0,3163.0,3135.7,3134.3,31677800,3447.7,2820.9,3839.9,2896.0,3137.0,73,5,3136.9,31,2,3136.8,11,1,3136.7,33,2,3136.6,81,2,3138.0,899,1,3138.2,10,1,3138.4,1,1,3138.5,185,2,3138.6,16,1
2031,2026-06-16 09:24:32+05:30,3138.0,100,3145.81,267989,95320.0,147704.0,3163.0,3163.0,3135.7,3134.3,31677800,3447.7,2820.9,3839.9,2896.0,3137.0,73,5,3136.9,31,2,3136.8,11,1,3136.7,33,2,3136.6,81,2,3138.0,899,1,3138.2,10,1,3138.4,1,1,3138.5,185,2,3138.6,16,1
2031,2026-06-16 09:24:33+05:30,3138.8,4,3145.78,268933,96538.0,145105.0,3163.0,3163.0,3135.7,3134.3,31677800,3447.7,2820.9,3839.9,2896.0,3138.6,10,1,3138.4,82,4,3138.3,10,1,3138.2,18,2,3138.1,14,1,3138.8,4,1,3139.0,5,1,3139.3,13,1,3139.6,8,1,3139.7,143,1
2031,2026-06-16 09:24:33+05:30,3138.8,4,3145.78,268933,96538.0,145105.0,3163.0,3163.0,3135.7,3134.3,31677800,3447.7,2820.9,3839.9,2896.0,3138.6,10,1,3138.4,82,4,3138.3,10,1,3138.2,18,2,3138.1,14,1,3138.8,4,1,3139.0,5,1,3139.3,13,1,3139.6,8,1,3139.7,143,1
2031,2026-06-16 09:24:34+05:30,3138.6,5,3145.78,268933,96538.0,145105.0,3163.0,3163.0,3135.7,3134.3,31677800,3447.7,2820.9,3839.9,2896.0,3138.6,10,1,3138.4,82,4,3138.3,10,1,3138.2,18,2,3138.1,14,1,3138.8,4,1,3139.0,5,1,3139.3,13,1,3139.6,8,1,3139.7,143,1
2031,2026-06-16 09:24:34+05:30,3139.9,49,3145.77,269382,98099.0,144053.0,3163.0,3163.0,3135.7,3134.3,31677800,3447.7,2820.9,3839.9,2896.0,3138.6,107,4,3138.5,93,4,3138.4,5,1,3138.2,114,4,3138.1,266,5,3140.0,140,6,3140.1,19,1,3140.3,206,4,3140.4,93,2,3140.5,208,3
2031,2026-06-16 09:24:35+05:30,3139.9,49,3145.77,269382,98099.0,144053.0,3163.0,3163.0,3135.7,3134.3,31677800,3447.7,2820.9,3839.9,2896.0,3138.6,107,4,3138.5,93,4,3138.4,5,1,3138.2,114,4,3138.1,266,5,3140.0,140,6,3140.1,19,1,3140.3,206,4,3140.4,93,2,3140.5,208,3
2031,2026-06-16 09:24:35+05:30,3139.9,49,3145.77,269382,98143.0,145755.0,3163.0,3163.0,3135.7,3134.3,31677800,3447.7,2820.9,3839.9,2896.0,3138.8,27,1,3138.6,48,4,3138.5,48,1,3138.4,5,1,3138.2,114,4,3139.9,282,6,3140.0,1375,11,3140.1,42,1,3140.2,87,3,3140.3,215,4
2031,2026-06-16 09:24:36+05:30,3139.9,6,3145.77,269382,98143.0,145755.0,3163.0,3163.0,3135.7,3134.3,31677800,3447.7,2820.9,3839.9,2896.0,3138.8,27,1,3138.6,48,4,3138.5,48,1,3138.4,5,1,3138.2,114,4,3139.9,282,6,3140.0,1375,11,3140.1,42,1,3140.2,87,3,3140.3,215,4
2031,2026-06-16 09:24:36+05:30,3139.9,6,3145.77,269459,98111.0,145033.0,3163.0,3163.0,3135.7,3134.3,31677800,3447.7,2820.9,3839.9,2896.0,3138.8,55,2,3138.6,72,5,3138.5,108,2,3138.4,5,1,3138.3,63,1,3139.9,25,1,3140.0,1234,8,3140.2,40,1,3140.3,53,3,3140.4,154,5
2031,2026-06-16 09:24:37+05:30,3139.9,1,3145.77,269460,98615.0,144957.0,3163.0,3163.0,3135.7,3134.3,31677800,3447.7,2820.9,3839.9,2896.0,3139.4,30,1,3139.0,63,1,3138.9,242,4,3138.8,160,3,3138.7,178,3,3139.9,3,1,3140.0,1222,7,3140.2,40,1,3140.3,11,2,3140.4,109,3
2031,2026-06-16 09:24:38+05:30,3139.4,50,3145.77,269460,98615.0,144957.0,3163.0,3163.0,3135.7,3134.3,31677800,3447.7,2820.9,3839.9,2896.0,3139.4,30,1,3139.0,63,1,3138.9,242,4,3138.8,160,3,3138.7,178,3,3139.9,3,1,3140.0,1222,7,3140.2,40,1,3140.3,11,2,3140.4,109,3
2031,2026-06-16 09:24:38+05:30,3139.8,13,3145.76,269777,97572.0,145652.0,3163.0,3163.0,3135.7,3134.3,31677800,3447.7,2820.9,3839.9,2896.0,3138.8,69,1,3138.7,61,3,3138.6,49,5,3138.4,51,2,3138.3,63,1,3139.8,18,1,3139.9,43,2,3140.0,1287,9,3140.2,28,1,3140.3,16,3
2031,2026-06-16 09:24:39+05:30,3138.7,57,3145.76,269777,97572.0,145652.0,3163.0,3163.0,3135.7,3134.3,31677800,3447.7,2820.9,3839.9,2896.0,3138.8,69,1,3138.7,61,3,3138.6,49,5,3138.4,51,2,3138.3,63,1,3139.8,18,1,3139.9,43,2,3140.0,1287,9,3140.2,28,1,3140.3,16,3
2031,2026-06-16 09:24:39+05:30,3138.7,21,3145.76,270058,95954.0,147036.0,3163.0,3163.0,3135.7,3134.3,31677800,3447.7,2820.9,3839.9,2896.0,3138.7,13,1,3138.6,49,5,3138.4,5,1,3138.2,1,1,3138.1,1,1,3139.4,61,4,3139.5,17,1,3139.6,179,2,3139.7,194,6,3139.8,131,5
2031,2026-06-16 09:24:40+05:30,3139.6,9,3145.76,270058,95954.0,147036.0,3163.0,3163.0,3135.7,3134.3,31677800,3447.7,2820.9,3839.9,2896.0,3138.7,13,1,3138.6,49,5,3138.4,5,1,3138.2,1,1,3138.1,1,1,3139.4,61,4,3139.5,17,1,3139.6,179,2,3139.7,194,6,3139.8,131,5
2031,2026-06-16 09:24:40+05:30,3138.7,20,3145.75,270239,96972.0,146158.0,3163.0,3163.0,3135.7,3134.3,31677800,3447.7,2820.9,3839.9,2896.0,3138.7,7,1,3138.6,65,4,3138.4,5,1,3138.3,48,1,3138.2,1,1,3139.4,26,1,3139.5,92,5,3139.6,18,1,3139.8,121,5,3139.9,226,2
2031,2026-06-16 09:24:41+05:30,3138.7,20,3145.75,270239,96972.0,146158.0,3163.0,3163.0,3135.7,3134.3,31677800,3447.7,2820.9,3839.9,2896.0,3138.7,7,1,3138.6,65,4,3138.4,5,1,3138.3,48,1,3138.2,1,1,3139.4,26,1,3139.5,92,5,3139.6,18,1,3139.8,121,5,3139.9,226,2
2031,2026-06-16 09:24:42+05:30,3139.4,1,3145.75,270267,97218.0,145751.0,3163.0,3163.0,3135.7,3134.3,31677800,3447.7,2820.9,3839.9,2896.0,3138.7,3,1,3138.6,65,4,3138.5,26,1,3138.4,41,2,3138.3,48,1,3139.4,2,1,3139.5,23,2,3139.6,23,1,3139.7,20,1,3139.8,35,3
2031,2026-06-16 09:24:42+05:30,3139.4,1,3145.75,270267,97218.0,145751.0,3163.0,3163.0,3135.7,3134.3,31677800,3447.7,2820.9,3839.9,2896.0,3138.7,3,1,3138.6,65,4,3138.5,26,1,3138.4,41,2,3138.3,48,1,3139.4,2,1,3139.5,23,2,3139.6,23,1,3139.7,20,1,3139.8,35,3
2031,2026-06-16 09:24:42+05:30,3139.4,1,3145.75,270269,97534.0,145697.0,3163.0,3163.0,3135.7,3134.3,31677800,3447.7,2820.9,3839.9,2896.0,3138.7,8,3,3138.6,65,4,3138.5,26,1,3138.4,24,2,3138.3,69,2,3139.4,1,1,3139.5,23,2,3139.8,13,2,3140.0,1215,7,3140.1,45,2
2031,2026-06-16 09:24:43+05:30,3138.7,4,3145.75,270269,97534.0,145697.0,3163.0,3163.0,3135.7,3134.3,31677800,3447.7,2820.9,3839.9,2896.0,3138.7,8,3,3138.6,65,4,3138.5,26,1,3138.4,24,2,3138.3,69,2,3139.4,1,1,3139.5,23,2,3139.8,13,2,3140.0,1215,7,3140.1,45,2
2031,2026-06-16 09:24:44+05:30,3138.7,4,3145.75,270277,97793.0,145495.0,3163.0,3163.0,3135.7,3134.3,31677800,3447.7,2820.9,3839.9,2896.0,3138.8,28,1,3138.7,105,6,3138.6,105,5,3138.5,26,1,3138.4,5,1,3139.4,1,1,3139.5,23,2,3139.8,12,1,3140.0,1203,6,3140.3,11,2
2031,2026-06-16 09:24:44+05:30,3138.8,5,3145.75,270277,97793.0,145495.0,3163.0,3163.0,3135.7,3134.3,31677800,3447.7,2820.9,3839.9,2896.0,3138.8,28,1,3138.7,105,6,3138.6,105,5,3138.5,26,1,3138.4,5,1,3139.4,1,1,3139.5,23,2,3139.8,12,1,3140.0,1203,6,3140.3,11,2
2031,2026-06-16 09:24:45+05:30,3138.8,12,3145.75,270294,97626.0,146154.0,3163.0,3163.0,3135.7,3134.3,31677800,3447.7,2820.9,3839.9,2896.0,3138.8,50,2,3138.7,5,2,3138.6,38,3,3138.4,5,1,3138.2,1,1,3139.4,34,3,3139.5,46,3,3139.7,31,2,3139.8,57,3,3139.9,191,2
2031,2026-06-16 09:24:45+05:30,3138.8,8,3145.75,270294,97626.0,146154.0,3163.0,3163.0,3135.7,3134.3,31677800,3447.7,2820.9,3839.9,2896.0,3138.8,50,2,3138.7,5,2,3138.6,38,3,3138.4,5,1,3138.2,1,1,3139.4,34,3,3139.5,46,3,3139.7,31,2,3139.8,57,3,3139.9,191,2
2031,2026-06-16 09:24:46+05:30,3139.8,2,3145.75,270294,97626.0,146154.0,3163.0,3163.0,3135.7,3134.3,31677800,3447.7,2820.9,3839.9,2896.0,3138.8,50,2,3138.7,5,2,3138.6,38,3,3138.4,5,1,3138.2,1,1,3139.4,34,3,3139.5,46,3,3139.7,31,2,3139.8,57,3,3139.9,191,2
2031,2026-06-16 09:24:46+05:30,3139.8,2,3145.74,270607,97738.0,145616.0,3163.0,3163.0,3135.7,3134.3,31677800,3447.7,2820.9,3839.9,2896.0,3139.1,2,2,3138.8,45,3,3138.7,5,2,3138.6,38,3,3138.4,5,1,3139.8,39,2,3139.9,23,1,3140.0,1227,7,3140.1,68,3,3140.2,116,3
2031,2026-06-16 09:24:47+05:30,3139.9,34,3145.74,270660,98148.0,144448.0,3163.0,3163.0,3135.7,3134.3,31677800,3447.7,2820.9,3839.9,2896.0,3139.4,2,1,3139.1,8,4,3139.0,18,1,3138.8,164,6,3138.7,53,3,3140.0,1203,6,3140.2,10,1,3140.3,11,2,3140.4,109,3,3140.5,12,1
2031,2026-06-16 09:24:48+05:30,3139.3,23,3145.74,270660,98148.0,144448.0,3163.0,3163.0,3135.7,3134.3,31677800,3447.7,2820.9,3839.9,2896.0,3139.4,2,1,3139.1,8,4,3139.0,18,1,3138.8,164,6,3138.7,53,3,3140.0,1203,6,3140.2,10,1,3140.3,11,2,3140.4,109,3,3140.5,12,1
2031,2026-06-16 09:24:48+05:30,3139.3,23,3145.74,270747,97112.0,146313.0,3163.0,3163.0,3135.7,3134.3,31677800,3447.7,2820.9,3839.9,2896.0,3139.1,3,1,3138.8,66,3,3138.7,6,3,3138.6,38,3,3138.4,5,1,3139.5,16,1,3139.6,202,4,3139.7,13,1,3139.9,37,1,3140.0,1347,9
2031,2026-06-16 09:24:49+05:30,3138.7,1,3145.74,270747,97112.0,146313.0,3163.0,3163.0,3135.7,3134.3,31677800,3447.7,2820.9,3839.9,2896.0,3139.1,3,1,3138.8,66,3,3138.7,6,3,3138.6,38,3,3138.4,5,1,3139.5,16,1,3139.6,202,4,3139.7,13,1,3139.9,37,1,3140.0,1347,9
2031,2026-06-16 09:24:49+05:30,3138.7,1,3145.72,271306,95498.0,148017.0,3163.0,3163.0,3135.7,3134.3,31677800,3447.7,2820.9,3839.9,2896.0,3138.7,4,2,3138.6,38,3,3138.4,5,1,3138.2,1,1,3138.1,1,1,3139.1,16,1,3139.2,186,4,3139.3,68,3,3139.4,112,3,3139.5,79,5
2031,2026-06-16 09:24:50+05:30,3138.6,4,3145.72,271306,95498.0,148017.0,3163.0,3163.0,3135.7,3134.3,31677800,3447.7,2820.9,3839.9,2896.0,3138.7,4,2,3138.6,38,3,3138.4,5,1,3138.2,1,1,3138.1,1,1,3139.1,16,1,3139.2,186,4,3139.3,68,3,3139.4,112,3,3139.5,79,5
2031,2026-06-16 09:24:50+05:30,3138.4,8,3145.72,271405,95152.0,149892.0,3163.0,3163.0,3135.7,3134.3,31677800,3447.7,2820.9,3839.9,2896.0,3138.4,5,1,3138.2,1,1,3138.1,1,1,3138.0,52,2,3137.4,155,2,3139.1,206,2,3139.2,45,2,3139.3,22,2,3139.4,70,2,3139.5,143,7
2031,2026-06-16 09:24:51+05:30,3138.4,8,3145.72,271405,95152.0,149892.0,3163.0,3163.0,3135.7,3134.3,31677800,3447.7,2820.9,3839.9,2896.0,3138.4,5,1,3138.2,1,1,3138.1,1,1,3138.0,52,2,3137.4,155,2,3139.1,206,2,3139.2,45,2,3139.3,22,2,3139.4,70,2,3139.5,143,7
2031,2026-06-16 09:24:51+05:30,3138.4,8,3145.72,271413,95700.0,150469.0,3163.0,3163.0,3135.7,3134.3,31677800,3447.7,2820.9,3839.9,2896.0,3138.4,11,2,3138.2,1,1,3138.1,1,1,3138.0,10,1,3137.5,42,1,3139.1,23,1,3139.2,234,3,3139.3,73,2,3139.4,90,1,3139.5,105,7
2031,2026-06-16 09:24:52+05:30,3138.4,4,3145.72,271413,95700.0,150469.0,3163.0,3163.0,3135.7,3134.3,31677800,3447.7,2820.9,3839.9,2896.0,3138.4,11,2,3138.2,1,1,3138.1,1,1,3138.0,10,1,3137.5,42,1,3139.1,23,1,3139.2,234,3,3139.3,73,2,3139.4,90,1,3139.5,105,7
2031,2026-06-16 09:24:52+05:30,3138.4,5,3145.72,271434,96815.0,150088.0,3163.0,3163.0,3135.7,3134.3,31677800,3447.7,2820.9,3839.9,2896.0,3138.8,3,1,3138.4,6,2,3138.2,1,1,3138.1,1,1,3138.0,10,1,3139.1,27,2,3139.5,127,8,3139.6,89,3,3139.7,324,5,3139.8,109,5
2031,2026-06-16 09:24:53+05:30,3139.1,1,3145.72,271434,96815.0,150088.0,3163.0,3163.0,3135.7,3134.3,31677800,3447.7,2820.9,3839.9,2896.0,3138.8,3,1,3138.4,6,2,3138.2,1,1,3138.1,1,1,3138.0,10,1,3139.1,27,2,3139.5,127,8,3139.6,89,3,3139.7,324,5,3139.8,109,5
2031,2026-06-16 09:24:53+05:30,3138.4,4,3145.72,271443,96783.0,151706.0,3163.0,3163.0,3135.7,3134.3,31677800,3447.7,2820.9,3839.9,2896.0,3138.4,7,2,3138.2,1,1,3138.1,1,1,3138.0,18,3,3137.5,40,1,3139.1,43,5,3139.3,89,3,3139.4,275,3,3139.5,228,8,3139.6,152,4
2031,2026-06-16 09:24:54+05:30,3138.4,4,3145.72,271443,96783.0,151706.0,3163.0,3163.0,3135.7,3134.3,31677800,3447.7,2820.9,3839.9,2896.0,3138.4,7,2,3138.2,1,1,3138.1,1,1,3138.0,18,3,3137.5,40,1,3139.1,43,5,3139.3,89,3,3139.4,275,3,3139.5,228,8,3139.6,152,4
2031,2026-06-16 09:24:55+05:30,3139.0,5,3145.72,271482,95097.0,152116.0,3163.0,3163.0,3135.7,3134.3,31677800,3447.7,2820.9,3839.9,2896.0,3138.4,23,3,3138.2,1,1,3138.1,1,1,3138.0,18,3,3137.5,40,1,3138.8,5,1,3139.0,183,4,3139.1,2,2,3139.2,63,2,3139.3,371,4
2031,2026-06-16 09:24:55+05:30,3138.8,1,3145.72,271482,95097.0,152116.0,3163.0,3163.0,3135.7,3134.3,31677800,3447.7,2820.9,3839.9,2896.0,3138.4,23,3,3138.2,1,1,3138.1,1,1,3138.0,18,3,3137.5,40,1,3138.8,5,1,3139.0,183,4,3139.1,2,2,3139.2,63,2,3139.3,371,4
2031,2026-06-16 09:24:56+05:30,3138.2,95,3145.71,271901,95321.0,152738.0,3163.0,3163.0,3135.7,3134.3,31677800,3447.7,2820.9,3839.9,2896.0,3138.2,25,1,3138.1,1,1,3138.0,18,3,3137.4,282,3,3137.0,100,1,3138.6,213,2,3138.7,10,1,3138.8,73,6,3138.9,237,3,3139.0,94,3
2031,2026-06-16 09:24:56+05:30,3138.2,95,3145.71,271901,95321.0,152738.0,3163.0,3163.0,3135.7,3134.3,31677800,3447.7,2820.9,3839.9,2896.0,3138.2,25,1,3138.1,1,1,3138.0,18,3,3137.4,282,3,3137.0,100,1,3138.6,213,2,3138.7,10,1,3138.8,73,6,3138.9,237,3,3139.0,94,3
2031,2026-06-16 09:24:57+05:30,3138.5,6,3145.7,272114,95395.0,151955.0,3163.0,3163.0,3135.7,3134.3,31677800,3447.7,2820.9,3839.9,2896.0,3137.4,240,3,3137.0,100,1,3136.5,132,3,3136.4,39,3,3136.3,92,2,3138.5,43,2,3138.6,285,5,3138.8,60,3,3138.9,312,3,3139.0,23,1
2031,2026-06-16 09:24:57+05:30,3138.5,6,3145.7,272114,95395.0,151955.0,3163.0,3163.0,3135.7,3134.3,31677800,3447.7,2820.9,3839.9,2896.0,3137.4,240,3,3137.0,100,1,3136.5,132,3,3136.4,39,3,3136.3,92,2,3138.5,43,2,3138.6,285,5,3138.8,60,3,3138.9,312,3,3139.0,23,1
2031,2026-06-16 09:24:58+05:30,3138.4,1,3145.7,272327,94882.0,152143.0,3163.0,3163.0,3135.7,3134.3,31677800,3447.7,2820.9,3839.9,2896.0,3137.4,37,3,3137.0,100,1,3136.9,22,1,3136.6,3,1,3136.5,116,3,3138.4,15,1,3138.5,23,3,3138.6,94,3,3138.7,348,4,3138.8,30,2
2031,2026-06-16 09:24:58+05:30,3138.4,1,3145.7,272327,94882.0,152143.0,3163.0,3163.0,3135.7,3134.3,31677800,3447.7,2820.9,3839.9,2896.0,3137.4,37,3,3137.0,100,1,3136.9,22,1,3136.6,3,1,3136.5,116,3,3138.4,15,1,3138.5,23,3,3138.6,94,3,3138.7,348,4,3138.8,30,2
2031,2026-06-16 09:24:59+05:30,3137.4,2,3145.7,272327,94882.0,152143.0,3163.0,3163.0,3135.7,3134.3,31677800,3447.7,2820.9,3839.9,2896.0,3137.4,37,3,3137.0,100,1,3136.9,22,1,3136.6,3,1,3136.5,116,3,3138.4,15,1,3138.5,23,3,3138.6,94,3,3138.7,348,4,3138.8,30,2
2031,2026-06-16 09:24:59+05:30,3137.4,2,3145.69,272442,95489.0,151740.0,3163.0,3163.0,3135.7,3134.3,31677800,3447.7,2820.9,3839.9,2896.0,3137.4,46,3,3137.0,100,1,3136.9,14,1,3136.8,119,2,3136.7,90,2,3138.5,30,2,3138.6,42,3,3138.7,311,3,3138.8,55,4,3138.9,27,2
2031,2026-06-16 09:25:00+05:30,3138.3,46,3145.69,272442,95489.0,151740.0,3163.0,3163.0,3135.7,3134.3,31677800,3447.7,2820.9,3839.9,2896.0,3137.4,46,3,3137.0,100,1,3136.9,14,1,3136.8,119,2,3136.7,90,2,3138.5,30,2,3138.6,42,3,3138.7,311,3,3138.8,55,4,3138.9,27,2
2031,2026-06-16 09:25:00+05:30,3138.6,35,3145.68,272929,95792.0,152063.0,3163.0,3163.0,3135.7,3134.3,31677800,3447.7,2820.9,3839.9,2896.0,3138.0,4,3,3137.9,6,1,3137.8,15,1,3137.7,22,1,3137.6,40,2,3138.2,200,1,3138.6,44,1,3138.7,155,1,3138.8,30,2,3139.3,545,4
2031,2026-06-16 09:25:01+05:30,3138.0,2,3145.68,272929,95792.0,152063.0,3163.0,3163.0,3135.7,3134.3,31677800,3447.7,2820.9,3839.9,2896.0,3138.0,4,3,3137.9,6,1,3137.8,15,1,3137.7,22,1,3137.6,40,2,3138.2,200,1,3138.6,44,1,3138.7,155,1,3138.8,30,2,3139.3,545,4
2031,2026-06-16 09:25:01+05:30,3138.2,25,3145.67,273158,96647.0,149210.0,3163.0,3163.0,3135.7,3134.3,31677800,3447.7,2820.9,3839.9,2896.0,3138.2,93,6,3138.1,38,2,3138.0,97,7,3137.9,44,2,3137.8,8,1,3138.8,30,2,3139.5,6,1,3139.8,163,2,3139.9,121,2,3140.0,3015,8
2031,2026-06-16 09:25:02+05:30,3138.7,100,3145.67,273158,96647.0,149210.0,3163.0,3163.0,3135.7,3134.3,31677800,3447.7,2820.9,3839.9,2896.0,3138.2,93,6,3138.1,38,2,3138.0,97,7,3137.9,44,2,3137.8,8,1,3138.8,30,2,3139.5,6,1,3139.8,163,2,3139.9,121,2,3140.0,3015,8
2031,2026-06-16 09:25:02+05:30,3138.7,100,3145.66,273467,96373.0,151192.0,3163.0,3163.0,3135.7,3134.3,31677800,3447.7,2820.9,3839.9,2896.0,3137.5,193,6,3137.4,168,5,3137.3,33,1,3137.2,54,2,3137.1,131,3,3138.8,29,2,3139.2,26,1,3139.3,166,2,3139.4,99,2,3139.5,228,5
2031,2026-06-16 09:25:03+05:30,3139.1,21,3145.66,273467,96373.0,151192.0,3163.0,3163.0,3135.7,3134.3,31677800,3447.7,2820.9,3839.9,2896.0,3137.5,193,6,3137.4,168,5,3137.3,33,1,3137.2,54,2,3137.1,131,3,3138.8,29,2,3139.2,26,1,3139.3,166,2,3139.4,99,2,3139.5,228,5
2031,2026-06-16 09:25:03+05:30,3137.6,12,3145.66,273529,92952.0,148361.0,3163.0,3163.0,3135.7,3134.3,31677800,3447.7,2820.9,3839.9,2896.0,3137.6,50,1,3137.5,79,3,3137.4,106,4,3137.3,33,1,3137.1,88,1,3138.9,100,1,3139.0,15,1,3139.1,155,1,3139.2,114,3,3139.3,208,3
2031,2026-06-16 09:25:04+05:30,3138.0,3,3145.66,273529,92952.0,148361.0,3163.0,3163.0,3135.7,3134.3,31677800,3447.7,2820.9,3839.9,2896.0,3137.6,50,1,3137.5,79,3,3137.4,106,4,3137.3,33,1,3137.1,88,1,3138.9,100,1,3139.0,15,1,3139.1,155,1,3139.2,114,3,3139.3,208,3
2031,2026-06-16 09:25:04+05:30,3137.7,4,3145.66,273546,93833.0,148706.0,3163.0,3163.0,3135.7,3134.3,31677800,3447.7,2820.9,3839.9,2896.0,3137.8,65,3,3137.7,256,6,3137.6,84,2,3137.5,140,5,3137.4,143,6,3138.9,1,1,3139.0,100,1,3139.2,56,2,3139.3,166,2,3139.4,23,1
2031,2026-06-16 09:25:05+05:30,3139.5,6,3145.66,273546,93833.0,148706.0,3163.0,3163.0,3135.7,3134.3,31677800,3447.7,2820.9,3839.9,2896.0,3137.8,65,3,3137.7,256,6,3137.6,84,2,3137.5,140,5,3137.4,143,6,3138.9,1,1,3139.0,100,1,3139.2,56,2,3139.3,166,2,3139.4,23,1
2031,2026-06-16 09:25:05+05:30,3139.8,6,3145.66,273836,95623.0,146483.0,3163.0,3163.0,3135.7,3134.3,31677800,3447.7,2820.9,3839.9,2896.0,3138.5,76,2,3138.3,30,2,3138.2,110,2,3138.1,165,1,3138.0,200,1,3139.7,15,1,3139.8,96,3,3139.9,100,1,3140.0,3023,8,3140.1,22,1
2031,2026-06-16 09:25:06+05:30,3139.0,4,3145.66,273836,95623.0,146483.0,3163.0,3163.0,3135.7,3134.3,31677800,3447.7,2820.9,3839.9,2896.0,3138.5,76,2,3138.3,30,2,3138.2,110,2,3138.1,165,1,3138.0,200,1,3139.7,15,1,3139.8,96,3,3139.9,100,1,3140.0,3023,8,3140.1,22,1
2031,2026-06-16 09:25:07+05:30,3139.0,4,3145.65,273888,96271.0,148439.0,3163.0,3163.0,3135.7,3134.3,31677800,3447.7,2820.9,3839.9,2896.0,3139.0,4,1,3138.5,71,1,3138.3,88,1,3138.2,121,2,3138.1,125,3,3139.4,17,1,3139.5,63,5,3139.6,29,2,3139.7,24,2,3139.8,19,1
2031,2026-06-16 09:25:07+05:30,3139.0,4,3145.65,273888,96271.0,148439.0,3163.0,3163.0,3135.7,3134.3,31677800,3447.7,2820.9,3839.9,2896.0,3139.0,4,1,3138.5,71,1,3138.3,88,1,3138.2,121,2,3138.1,125,3,3139.4,17,1,3139.5,63,5,3139.6,29,2,3139.7,24,2,3139.8,19,1
2031,2026-06-16 09:25:08+05:30,3138.2,16,3145.65,274180,96677.0,147915.0,3163.0,3163.0,3135.7,3134.3,31677800,3447.7,2820.9,3839.9,2896.0,3138.3,65,3,3138.2,105,2,3138.1,182,1,3138.0,810,4,3137.8,29,1,3139.4,5,1,3139.5,49,4,3139.7,24,2,3139.8,179,2,3139.9,118,2
2031,2026-06-16 09:25:08+05:30,3139.4,1,3145.65,274180,96677.0,147915.0,3163.0,3163.0,3135.7,3134.3,31677800,3447.7,2820.9,3839.9,2896.0,3138.3,65,3,3138.2,105,2,3138.1,182,1,3138.0,810,4,3137.8,29,1,3139.4,5,1,3139.5,49,4,3139.7,24,2,3139.8,179,2,3139.9,118,2
2031,2026-06-16 09:25:08+05:30,3139.4,1,3145.65,274180,96677.0,147915.0,3163.0,3163.0,3135.7,3134.3,31677800,3447.7,2820.9,3839.9,2896.0,3138.3,65,3,3138.2,105,2,3138.1,182,1,3138.0,810,4,3137.8,29,1,3139.4,5,1,3139.5,49,4,3139.7,24,2,3139.8,179,2,3139.9,118,2
2031,2026-06-16 09:25:09+05:30,3138.2,44,3145.63,274627,99955.0,155439.0,3163.0,3163.0,3135.7,3134.3,31677800,3447.7,2820.9,3839.9,2896.0,3138.2,27,1,3138.1,9,1,3138.0,727,3,3137.8,8,1,3137.5,23,3,3138.3,205,2,3139.2,60,3,3139.3,183,2,3139.4,188,3,3139.5,282,8
2031,2026-06-16 09:25:09+05:30,3138.3,5,3145.63,274627,99955.0,155439.0,3163.0,3163.0,3135.7,3134.3,31677800,3447.7,2820.9,3839.9,2896.0,3138.2,27,1,3138.1,9,1,3138.0,727,3,3137.8,8,1,3137.5,23,3,3138.3,205,2,3139.2,60,3,3139.3,183,2,3139.4,188,3,3139.5,282,8
2031,2026-06-16 09:25:10+05:30,3138.3,20,3145.63,274627,99955.0,155439.0,3163.0,3163.0,3135.7,3134.3,31677800,3447.7,2820.9,3839.9,2896.0,3138.2,27,1,3138.1,9,1,3138.0,727,3,3137.8,8,1,3137.5,23,3,3138.3,205,2,3139.2,60,3,3139.3,183,2,3139.4,188,3,3139.5,282,8
2031,2026-06-16 09:25:10+05:30,3138.3,20,3145.63,274861,102082.0,154042.0,3163.0,3163.0,3135.7,3134.3,31677800,3447.7,2820.9,3839.9,2896.0,3138.8,1,1,3138.3,7,1,3138.2,19,1,3138.1,9,1,3138.0,831,7,3139.0,890,1,3139.4,17,1,3139.5,50,4,3139.7,118,4,3139.8,149,3
2031,2026-06-16 09:25:10+05:30,3138.3,20,3145.63,274861,102082.0,154042.0,3163.0,3163.0,3135.7,3134.3,31677800,3447.7,2820.9,3839.9,2896.0,3138.8,1,1,3138.3,7,1,3138.2,19,1,3138.1,9,1,3138.0,831,7,3139.0,890,1,3139.4,17,1,3139.5,50,4,3139.7,118,4,3139.8,149,3
2031,2026-06-16 09:25:11+05:30,3138.8,4,3145.63,274861,102082.0,154042.0,3163.0,3163.0,3135.7,3134.3,31677800,3447.7,2820.9,3839.9,2896.0,3138.8,1,1,3138.3,7,1,3138.2,19,1,3138.1,9,1,3138.0,831,7,3139.0,890,1,3139.4,17,1,3139.5,50,4,3139.7,118,4,3139.8,149,3
2031,2026-06-16 09:25:11+05:30,3138.8,4,3145.63,274869,101937.0,154538.0,3163.0,3163.0,3135.7,3134.3,31677800,3447.7,2820.9,3839.9,2896.0,3138.8,1,1,3138.3,7,1,3138.2,19,1,3138.1,9,1,3138.0,835,7,3139.0,886,1,3139.4,17,1,3139.5,50,4,3139.6,42,1,3139.7,254,4
2031,2026-06-16 09:25:12+05:30,3138.8,4,3145.63,274869,101937.0,154538.0,3163.0,3163.0,3135.7,3134.3,31677800,3447.7,2820.9,3839.9,2896.0,3138.8,1,1,3138.3,7,1,3138.2,19,1,3138.1,9,1,3138.0,835,7,3139.0,886,1,3139.4,17,1,3139.5,50,4,3139.6,42,1,3139.7,254,4
2031,2026-06-16 09:25:12+05:30,3139.0,10,3145.63,274869,101937.0,154538.0,3163.0,3163.0,3135.7,3134.3,31677800,3447.7,2820.9,3839.9,2896.0,3138.8,1,1,3138.3,7,1,3138.2,19,1,3138.1,9,1,3138.0,835,7,3139.0,886,1,3139.4,17,1,3139.5,50,4,3139.6,42,1,3139.7,254,4
2031,2026-06-16 09:25:12+05:30,3138.8,11,3145.63,274911,101275.0,154914.0,3163.0,3163.0,3135.7,3134.3,31677800,3447.7,2820.9,3839.9,2896.0,3138.8,17,3,3138.7,10,1,3138.3,7,1,3138.2,19,1,3138.1,9,1,3139.0,986,5,3139.3,22,1,3139.4,17,1,3139.5,66,4,3139.6,42,1
2031,2026-06-16 09:25:13+05:30,3139.0,500,3145.63,274911,101275.0,154914.0,3163.0,3163.0,3135.7,3134.3,31677800,3447.7,2820.9,3839.9,2896.0,3138.8,17,3,3138.7,10,1,3138.3,7,1,3138.2,19,1,3138.1,9,1,3139.0,986,5,3139.3,22,1,3139.4,17,1,3139.5,66,4,3139.6,42,1
2031,2026-06-16 09:25:13+05:30,3139.0,50,3145.61,275461,101394.0,155029.0,3163.0,3163.0,3135.7,3134.3,31677800,3447.7,2820.9,3839.9,2896.0,3138.8,17,3,3138.7,10,1,3138.3,7,1,3138.2,19,1,3138.1,9,1,3139.0,436,5,3139.2,22,1,3139.3,32,2,3139.4,17,1,3139.5,343,8
2031,2026-06-16 09:25:13+05:30,3139.0,50,3145.61,275461,101394.0,155029.0,3163.0,3163.0,3135.7,3134.3,31677800,3447.7,2820.9,3839.9,2896.0,3138.8,17,3,3138.7,10,1,3138.3,7,1,3138.2,19,1,3138.1,9,1,3139.0,436,5,3139.2,22,1,3139.3,32,2,3139.4,17,1,3139.5,343,8
2031,2026-06-16 09:25:14+05:30,3138.8,1,3145.61,275461,101394.0,155029.0,3163.0,3163.0,3135.7,3134.3,31677800,3447.7,2820.9,3839.9,2896.0,3138.8,17,3,3138.7,10,1,3138.3,7,1,3138.2,19,1,3138.1,9,1,3139.0,436,5,3139.2,22,1,3139.3,32,2,3139.4,17,1,3139.5,343,8
2031,2026-06-16 09:25:14+05:30,3139.0,1,3145.61,275570,101527.0,154259.0,3163.0,3163.0,3135.7,3134.3,31677800,3447.7,2820.9,3839.9,2896.0,3138.8,27,3,3138.7,10,1,3138.3,7,1,3138.2,19,1,3138.1,9,1,3139.0,345,5,3139.1,182,2,3139.2,22,1,3139.3,10,1,3139.4,21,2
2031,2026-06-16 09:25:14+05:30,3139.0,1,3145.61,275570,101527.0,154259.0,3163.0,3163.0,3135.7,3134.3,31677800,3447.7,2820.9,3839.9,2896.0,3138.8,27,3,3138.7,10,1,3138.3,7,1,3138.2,19,1,3138.1,9,1,3139.0,345,5,3139.1,182,2,3139.2,22,1,3139.3,10,1,3139.4,21,2
2031,2026-06-16 09:25:15+05:30,3138.0,25,3145.61,275570,101527.0,154259.0,3163.0,3163.0,3135.7,3134.3,31677800,3447.7,2820.9,3839.9,2896.0,3138.8,27,3,3138.7,10,1,3138.3,7,1,3138.2,19,1,3138.1,9,1,3139.0,345,5,3139.1,182,2,3139.2,22,1,3139.3,10,1,3139.4,21,2
2031,2026-06-16 09:25:15+05:30,3138.8,4,3145.6,276132,102115.0,154262.0,3163.0,3163.0,3135.7,3134.3,31677800,3447.7,2820.9,3839.9,2896.0,3138.8,1,1,3138.2,26,1,3138.0,219,4,3137.8,8,1,3137.7,23,1,3139.0,196,6,3139.4,39,2,3139.5,59,4,3139.6,42,1,3139.7,283,4
2031,2026-06-16 09:25:16+05:30,3138.8,4,3145.6,276132,102115.0,154262.0,3163.0,3163.0,3135.7,3134.3,31677800,3447.7,2820.9,3839.9,2896.0,3138.8,1,1,3138.2,26,1,3138.0,219,4,3137.8,8,1,3137.7,23,1,3139.0,196,6,3139.4,39,2,3139.5,59,4,3139.6,42,1,3139.7,283,4
2031,2026-06-16 09:25:16+05:30,3139.0,25,3145.6,276132,102115.0,154262.0,3163.0,3163.0,3135.7,3134.3,31677800,3447.7,2820.9,3839.9,2896.0,3138.8,1,1,3138.2,26,1,3138.0,219,4,3137.8,8,1,3137.7,23,1,3139.0,196,6,3139.4,39,2,3139.5,59,4,3139.6,42,1,3139.7,283,4
2031,2026-06-16 09:25:16+05:30,3138.0,5,3145.58,276713,100041.0,155758.0,3163.0,3163.0,3135.7,3134.3,31677800,3447.7,2820.9,3839.9,2896.0,3138.0,29,2,3137.8,8,1,3137.6,13,2,3137.5,16,3,3137.4,16,2,3138.1,208,2,3138.9,189,6,3139.0,356,9,3139.1,42,1,3139.2,208,4
2031,2026-06-16 09:25:17+05:30,3138.0,5,3145.58,276713,100041.0,155758.0,3163.0,3163.0,3135.7,3134.3,31677800,3447.7,2820.9,3839.9,2896.0,3138.0,29,2,3137.8,8,1,3137.6,13,2,3137.5,16,3,3137.4,16,2,3138.1,208,2,3138.9,189,6,3139.0,356,9,3139.1,42,1,3139.2,208,4
2031,2026-06-16 09:25:17+05:30,3138.0,8,3145.58,276713,100041.0,155758.0,3163.0,3163.0,3135.7,3134.3,31677800,3447.7,2820.9,3839.9,2896.0,3138.0,29,2,3137.8,8,1,3137.6,13,2,3137.5,16,3,3137.4,16,2,3138.1,208,2,3138.9,189,6,3139.0,356,9,3139.1,42,1,3139.2,208,4
2031,2026-06-16 09:25:17+05:30,3138.0,8,3145.58,276713,100041.0,155758.0,3163.0,3163.0,3135.7,3134.3,31677800,3447.7,2820.9,3839.9,2896.0,3138.0,29,2,3137.8,8,1,3137.6,13,2,3137.5,16,3,3137.4,16,2,3138.1,208,2,3138.9,189,6,3139.0,356,9,3139.1,42,1,3139.2,208,4
2031,2026-06-16 09:25:17+05:30,3138.1,1,3145.57,276955,102326.0,153511.0,3163.0,3163.0,3135.7,3134.3,31677800,3447.7,2820.9,3839.9,2896.0,3138.8,10,1,3138.1,84,3,3138.0,184,7,3137.9,51,2,3137.8,272,5,3139.0,224,5,3139.4,38,2,3139.5,27,3,3139.6,1,1,3139.7,237,3
2031,2026-06-16 09:25:17+05:30,3138.1,1,3145.57,276955,102326.0,153511.0,3163.0,3163.0,3135.7,3134.3,31677800,3447.7,2820.9,3839.9,2896.0,3138.8,10,1,3138.1,84,3,3138.0,184,7,3137.9,51,2,3137.8,272,5,3139.0,224,5,3139.4,38,2,3139.5,27,3,3139.6,1,1,3139.7,237,3
2031,2026-06-16 09:25:18+05:30,3138.1,1,3145.57,276955,102326.0,153511.0,3163.0,3163.0,3135.7,3134.3,31677800,3447.7,2820.9,3839.9,2896.0,3138.8,10,1,3138.1,84,3,3138.0,184,7,3137.9,51,2,3137.8,272,5,3139.0,224,5,3139.4,38,2,3139.5,27,3,3139.6,1,1,3139.7,237,3
2031,2026-06-16 09:25:18+05:30,3138.1,1,3145.57,276955,102326.0,153511.0,3163.0,3163.0,3135.7,3134.3,31677800,3447.7,2820.9,3839.9,2896.0,3138.8,10,1,3138.1,84,3,3138.0,184,7,3137.9,51,2,3137.8,272,5,3139.0,224,5,3139.4,38,2,3139.5,27,3,3139.6,1,1,3139.7,237,3
2031,2026-06-16 09:25:19+05:30,3138.3,2,3145.57,276967,102236.0,153930.0,3163.0,3163.0,3135.7,3134.3,31677800,3447.7,2820.9,3839.9,2896.0,3138.8,86,2,3138.3,35,3,3138.2,38,2,3138.1,40,1,3138.0,283,8,3139.0,252,6,3139.3,160,1,3139.4,38,2,3139.5,25,3,3139.6,201,2
2031,2026-06-16 09:25:19+05:30,3139.0,16,3145.57,276967,102236.0,153930.0,3163.0,3163.0,3135.7,3134.3,31677800,3447.7,2820.9,3839.9,2896.0,3138.8,86,2,3138.3,35,3,3138.2,38,2,3138.1,40,1,3138.0,283,8,3139.0,252,6,3139.3,160,1,3139.4,38,2,3139.5,25,3,3139.6,201,2
2031,2026-06-16 09:25:19+05:30,3139.0,16,3145.57,276967,102236.0,153930.0,3163.0,3163.0,3135.7,3134.3,31677800,3447.7,2820.9,3839.9,2896.0,3138.8,86,2,3138.3,35,3,3138.2,38,2,3138.1,40,1,3138.0,283,8,3139.0,252,6,3139.3,160,1,3139.4,38,2,3139.5,25,3,3139.6,201,2
2031,2026-06-16 09:25:20+05:30,3138.8,1,3145.57,277174,102348.0,153618.0,3163.0,3163.0,3135.7,3134.3,31677800,3447.7,2820.9,3839.9,2896.0,3138.8,99,3,3138.3,17,2,3138.2,63,3,3138.1,40,1,3138.0,224,7,3139.0,54,2,3139.3,160,1,3139.4,21,1,3139.5,25,3,3139.6,201,2
2031,2026-06-16 09:25:20+05:30,3138.8,1,3145.57,277174,102348.0,153618.0,3163.0,3163.0,3135.7,3134.3,31677800,3447.7,2820.9,3839.9,2896.0,3138.8,99,3,3138.3,17,2,3138.2,63,3,3138.1,40,1,3138.0,224,7,3139.0,54,2,3139.3,160,1,3139.4,21,1,3139.5,25,3,3139.6,201,2
2031,2026-06-16 09:25:20+05:30,3138.8,1,3145.57,277174,102348.0,153618.0,3163.0,3163.0,3135.7,3134.3,31677800,3447.7,2820.9,3839.9,2896.0,3138.8,99,3,3138.3,17,2,3138.2,63,3,3138.1,40,1,3138.0,224,7,3139.0,54,2,3139.3,160,1,3139.4,21,1,3139.5,25,3,3139.6,201,2
2031,2026-06-16 09:25:20+05:30,3138.8,1,3145.57,277174,102348.0,153618.0,3163.0,3163.0,3135.7,3134.3,31677800,3447.7,2820.9,3839.9,2896.0,3138.8,99,3,3138.3,17,2,3138.2,63,3,3138.1,40,1,3138.0,224,7,3139.0,54,2,3139.3,160,1,3139.4,21,1,3139.5,25,3,3139.6,201,2
2031,2026-06-16 09:25:21+05:30,3138.8,8,3145.57,277183,102691.0,153806.0,3163.0,3163.0,3135.7,3134.3,31677800,3447.7,2820.9,3839.9,2896.0,3138.8,91,3,3138.7,18,1,3138.6,18,1,3138.5,110,2,3138.4,12,1,3139.0,53,2,3139.3,160,1,3139.4,21,1,3139.5,1,1,3139.6,201,2
2031,2026-06-16 09:25:21+05:30,3138.8,8,3145.57,277183,102691.0,153806.0,3163.0,3163.0,3135.7,3134.3,31677800,3447.7,2820.9,3839.9,2896.0,3138.8,91,3,3138.7,18,1,3138.6,18,1,3138.5,110,2,3138.4,12,1,3139.0,53,2,3139.3,160,1,3139.4,21,1,3139.5,1,1,3139.6,201,2
2031,2026-06-16 09:25:21+05:30,3138.8,8,3145.57,277183,102691.0,153806.0,3163.0,3163.0,3135.7,3134.3,31677800,3447.7,2820.9,3839.9,2896.0,3138.8,91,3,3138.7,18,1,3138.6,18,1,3138.5,110,2,3138.4,12,1,3139.0,53,2,3139.3,160,1,3139.4,21,1,3139.5,1,1,3139.6,201,2
2031,2026-06-16 09:25:22+05:30,3138.9,4,3145.57,277224,102473.0,153922.0,3163.0,3163.0,3135.7,3134.3,31677800,3447.7,2820.9,3839.9,2896.0,3138.9,66,1,3138.8,127,5,3138.5,110,2,3138.4,12,1,3138.3,206,7,3139.0,1902,3,3139.3,160,1,3139.4,21,1,3139.5,1,1,3139.6,201,2
2031,2026-06-16 09:25:22+05:30,3138.9,4,3145.57,277224,102473.0,153922.0,3163.0,3163.0,3135.7,3134.3,31677800,3447.7,2820.9,3839.9,2896.0,3138.9,66,1,3138.8,127,5,3138.5,110,2,3138.4,12,1,3138.3,206,7,3139.0,1902,3,3139.3,160,1,3139.4,21,1,3139.5,1,1,3139.6,201,2
2031,2026-06-16 09:25:22+05:30,3138.9,4,3145.57,277224,102473.0,153922.0,3163.0,3163.0,3135.7,3134.3,31677800,3447.7,2820.9,3839.9,2896.0,3138.9,66,1,3138.8,127,5,3138.5,110,2,3138.4,12,1,3138.3,206,7,3139.0,1902,3,3139.3,160,1,3139.4,21,1,3139.5,1,1,3139.6,201,2
2031,2026-06-16 09:25:23+05:30,3138.9,4,3145.57,277224,102473.0,153922.0,3163.0,3163.0,3135.7,3134.3,31677800,3447.7,2820.9,3839.9,2896.0,3138.9,66,1,3138.8,127,5,3138.5,110,2,3138.4,12,1,3138.3,206,7,3139.0,1902,3,3139.3,160,1,3139.4,21,1,3139.5,1,1,3139.6,201,2
2031,2026-06-16 09:25:23+05:30,3139.0,1,3145.57,277224,102473.0,153922.0,3163.0,3163.0,3135.7,3134.3,31677800,3447.7,2820.9,3839.9,2896.0,3138.9,66,1,3138.8,127,5,3138.5,110,2,3138.4,12,1,3138.3,206,7,3139.0,1902,3,3139.3,160,1,3139.4,21,1,3139.5,1,1,3139.6,201,2
2031,2026-06-16 09:25:23+05:30,3139.0,1,3145.57,277228,102558.0,154744.0,3163.0,3163.0,3135.7,3134.3,31677800,3447.7,2820.9,3839.9,2896.0,3138.9,72,3,3138.8,91,3,3138.5,145,3,3138.4,12,1,3138.3,147,4,3139.0,1924,4,3139.3,160,1,3139.4,21,1,3139.5,1,1,3139.6,201,2
2031,2026-06-16 09:25:24+05:30,3139.0,1,3145.57,277228,102558.0,154744.0,3163.0,3163.0,3135.7,3134.3,31676200,3447.7,2820.9,3839.9,2896.0,3138.9,72,3,3138.8,91,3,3138.5,145,3,3138.4,12,1,3138.3,147,4,3139.0,1924,4,3139.3,160,1,3139.4,21,1,3139.5,1,1,3139.6,201,2
2031,2026-06-16 09:25:24+05:30,3138.9,6,3145.57,277228,102558.0,154744.0,3163.0,3163.0,3135.7,3134.3,31676200,3447.7,2820.9,3839.9,2896.0,3138.9,72,3,3138.8,91,3,3138.5,145,3,3138.4,12,1,3138.3,147,4,3139.0,1924,4,3139.3,160,1,3139.4,21,1,3139.5,1,1,3139.6,201,2
2031,2026-06-16 09:25:24+05:30,3138.9,6,3145.57,277250,103890.0,155002.0,3163.0,3163.0,3135.7,3134.3,31676200,3447.7,2820.9,3839.9,2896.0,3138.9,50,3,3138.8,91,3,3138.5,145,3,3138.4,12,1,3138.3,89,3,3139.0,1924,4,3139.3,160,1,3139.4,21,1,3139.5,1,1,3139.6,259,3
2031,2026-06-16 09:25:25+05:30,3139.6,2,3145.57,277250,103890.0,155002.0,3163.0,3163.0,3135.7,3134.3,31676200,3447.7,2820.9,3839.9,2896.0,3138.9,50,3,3138.8,91,3,3138.5,145,3,3138.4,12,1,3138.3,89,3,3139.0,1924,4,3139.3,160,1,3139.4,21,1,3139.5,1,1,3139.6,259,3
2031,2026-06-16 09:25:25+05:30,3139.1,1,3145.46,282135,104398.0,150428.0,3163.0,3163.0,3135.7,3134.3,31676200,3447.7,2820.9,3839.9,2896.0,3138.9,99,5,3138.8,94,3,3138.7,31,1,3138.6,47,2,3138.5,126,2,3139.0,189,1,3140.0,85,5,3140.1,14,1,3140.2,32,2,3140.3,113,4
2031,2026-06-16 09:25:26+05:30,3139.0,156,3145.46,282135,104398.0,150428.0,3163.0,3163.0,3135.7,3134.3,31676200,3447.7,2820.9,3839.9,2896.0,3138.9,99,5,3138.8,94,3,3138.7,31,1,3138.6,47,2,3138.5,126,2,3139.0,189,1,3140.0,85,5,3140.1,14,1,3140.2,32,2,3140.3,113,4
2031,2026-06-16 09:25:26+05:30,3139.0,30,3145.46,282324,105188.0,150063.0,3163.0,3163.0,3135.7,3134.3,31676200,3447.7,2820.9,3839.9,2896.0,3138.9,71,4,3138.8,122,4,3138.7,31,1,3138.6,158,4,3138.5,299,5,3140.0,69,4,3140.2,32,2,3140.3,11,2,3140.4,39,2,3140.5,73,3
2031,2026-06-16 09:25:27+05:30,3140.0,15,3145.46,282324,105188.0,150063.0,3163.0,3163.0,3135.7,3134.3,31676200,3447.7,2820.9,3839.9,2896.0,3138.9,71,4,3138.8,122,4,3138.7,31,1,3138.6,158,4,3138.5,299,5,3140.0,69,4,3140.2,32,2,3140.3,11,2,3140.4,39,2,3140.5,73,3
2031,2026-06-16 09:25:27+05:30,3138.9,11,3145.44,283365,103866.0,152006.0,3163.0,3163.0,3135.7,3134.3,31676200,3447.7,2820.9,3839.9,2896.0,3138.9,27,3,3138.8,97,3,3138.5,100,1,3138.3,3,1,3138.2,1,1,3139.7,58,4,3139.8,84,3,3139.9,59,4,3140.0,322,6,3140.1,158,4
2031,2026-06-16 09:25:28+05:30,3139.8,12,3145.44,283365,103866.0,152006.0,3163.0,3163.0,3135.7,3134.3,31676200,3447.7,2820.9,3839.9,2896.0,3138.9,27,3,3138.8,97,3,3138.5,100,1,3138.3,3,1,3138.2,1,1,3139.7,58,4,3139.8,84,3,3139.9,59,4,3140.0,322,6,3140.1,158,4
2031,2026-06-16 09:25:28+05:30,3139.9,15,3145.44,283470,104888.0,151789.0,3163.0,3163.0,3135.7,3134.3,31676200,3447.7,2820.9,3839.9,2896.0,3139.3,88,1,3138.9,27,3,3138.8,87,2,3138.7,107,2,3138.6,28,1,3139.7,28,1,3140.0,305,6,3140.2,32,2,3140.3,46,3,3140.4,150,5
2031,2026-06-16 09:25:29+05:30,3139.3,4,3145.44,283470,104888.0,151789.0,3163.0,3163.0,3135.7,3134.3,31676200,3447.7,2820.9,3839.9,2896.0,3139.3,88,1,3138.9,27,3,3138.8,87,2,3138.7,107,2,3138.6,28,1,3139.7,28,1,3140.0,305,6,3140.2,32,2,3140.3,46,3,3140.4,150,5
2031,2026-06-16 09:25:29+05:30,3139.3,8,3145.44,283492,104669.0,151993.0,3163.0,3163.0,3135.7,3134.3,31676200,3447.7,2820.9,3839.9,2896.0,3139.3,66,1,3138.9,27,3,3138.8,87,2,3138.5,100,1,3138.4,88,1,3139.7,28,1,3140.0,305,6,3140.1,160,1,3140.2,102,3,3140.3,46,3
2031,2026-06-16 09:25:30+05:30,3139.7,1,3145.44,283492,104669.0,151993.0,3163.0,3163.0,3135.7,3134.3,31676200,3447.7,2820.9,3839.9,2896.0,3139.3,66,1,3138.9,27,3,3138.8,87,2,3138.5,100,1,3138.4,88,1,3139.7,28,1,3140.0,305,6,3140.1,160,1,3140.2,102,3,3140.3,46,3
2031,2026-06-16 09:25:30+05:30,3139.9,14,3145.42,284119,104054.0,151343.0,3163.0,3163.0,3135.7,3134.3,31676200,3447.7,2820.9,3839.9,2896.0,3138.8,28,1,3138.5,100,1,3138.2,1,1,3138.0,116,4,3137.8,64,3,3139.9,284,7,3140.0,624,8,3140.1,111,3,3140.2,61,3,3140.3,11,2
2031,2026-06-16 09:25:31+05:30,3139.9,14,3145.42,284119,104054.0,151343.0,3163.0,3163.0,3135.7,3134.3,31676200,3447.7,2820.9,3839.9,2896.0,3138.8,28,1,3138.5,100,1,3138.2,1,1,3138.0,116,4,3137.8,64,3,3139.9,284,7,3140.0,624,8,3140.1,111,3,3140.2,61,3,3140.3,11,2
2031,2026-06-16 09:25:31+05:30,3139.9,49,3145.42,284219,104248.0,152462.0,3163.0,3163.0,3135.7,3134.3,31676200,3447.7,2820.9,3839.9,2896.0,3138.8,55,2,3138.6,30,1,3138.5,100,1,3138.3,25,1,3138.2,24,2,3139.7,32,4,3139.8,49,1,3139.9,360,3,3140.0,389,6,3140.1,211,6
2031,2026-06-16 09:25:32+05:30,3139.7,59,3145.42,284219,104248.0,152462.0,3163.0,3163.0,3135.7,3134.3,31676200,3447.7,2820.9,3839.9,2896.0,3138.8,55,2,3138.6,30,1,3138.5,100,1,3138.3,25,1,3138.2,24,2,3139.7,32,4,3139.8,49,1,3139.9,360,3,3140.0,389,6,3140.1,211,6
2031,2026-06-16 09:25:33+05:30,3139.8,2,3145.4,284986,104627.0,152067.0,3163.0,3163.0,3135.7,3134.3,31676200,3447.7,2820.9,3839.9,2896.0,3138.8,43,2,3138.5,100,1,3138.3,82,2,3138.2,1,1,3138.1,178,1,3139.8,40,4,3140.0,345,5,3140.1,115,3,3140.2,70,3,3140.3,76,5
2031,2026-06-16 09:25:33+05:30,3139.8,2,3145.4,284986,104627.0,152067.0,3163.0,3163.0,3135.7,3134.3,31676200,3447.7,2820.9,3839.9,2896.0,3138.8,43,2,3138.5,100,1,3138.3,82,2,3138.2,1,1,3138.1,178,1,3139.8,40,4,3140.0,345,5,3140.1,115,3,3140.2,70,3,3140.3,76,5
2031,2026-06-16 09:25:34+05:30,3138.8,5,3145.4,284991,104533.0,152270.0,3163.0,3163.0,3135.7,3134.3,31676200,3447.7,2820.9,3839.9,2896.0,3138.8,40,3,3138.5,100,1,3138.3,68,1,3138.2,1,1,3138.1,68,1,3139.8,72,5,3140.0,372,8,3140.1,126,4,3140.2,70,3,3140.3,23,3
2031,2026-06-16 09:25:34+05:30,3138.8,5,3145.4,284991,104533.0,152270.0,3163.0,3163.0,3135.7,3134.3,31676200,3447.7,2820.9,3839.9,2896.0,3138.8,40,3,3138.5,100,1,3138.3,68,1,3138.2,1,1,3138.1,68,1,3139.8,72,5,3140.0,372,8,3140.1,126,4,3140.2,70,3,3140.3,23,3
2031,2026-06-16 09:25:35+05:30,3138.8,213,3145.4,284991,104533.0,152270.0,3163.0,3163.0,3135.7,3134.3,31676200,3447.7,2820.9,3839.9,2896.0,3138.8,40,3,3138.5,100,1,3138.3,68,1,3138.2,1,1,3138.1,68,1,3139.8,72,5,3140.0,372,8,3140.1,126,4,3140.2,70,3,3140.3,23,3
2031,2026-06-16 09:25:35+05:30,3138.8,213,3145.39,285418,105323.0,152349.0,3163.0,3163.0,3135.7,3134.3,31676200,3447.7,2820.9,3839.9,2896.0,3138.8,4,1,3138.6,25,1,3138.5,100,1,3138.4,41,2,3138.3,66,3,3139.9,193,3,3140.0,334,7,3140.1,72,2,3140.2,52,2,3140.3,146,5
2031,2026-06-16 09:25:36+05:30,3139.9,2,3145.39,285418,105323.0,152349.0,3163.0,3163.0,3135.7,3134.3,31676200,3447.7,2820.9,3839.9,2896.0,3139.0,168,3,3138.8,32,2,3138.6,81,2,3138.4,90,2,3138.3,203,4,3139.9,26,2,3140.0,334,7,3140.1,23,1,3140.2,34,2,3140.3,42,3
2031,2026-06-16 09:25:36+05:30,3139.9,2,3145.39,285421,105296.0,152149.0,3163.0,3163.0,3135.7,3134.3,31676200,3447.7,2820.9,3839.9,2896.0,3139.0,168,3,3138.8,32,2,3138.6,81,2,3138.4,90,2,3138.3,203,4,3139.9,26,2,3140.0,334,7,3140.1,23,1,3140.2,34,2,3140.3,42,3
2031,2026-06-16 09:25:37+05:30,3140.0,100,3145.39,285421,105296.0,152149.0,3163.0,3163.0,3135.7,3134.3,31676200,3447.7,2820.9,3839.9,2896.0,3139.0,168,3,3138.8,32,2,3138.6,81,2,3138.4,90,2,3138.3,203,4,3139.9,26,2,3140.0,334,7,3140.1,23,1,3140.2,34,2,3140.3,42,3
2031,2026-06-16 09:25:37+05:30,3140.0,100,3145.39,285603,105312.0,151761.0,3163.0,3163.0,3135.7,3134.3,31676200,3447.7,2820.9,3839.9,2896.0,3139.0,176,4,3138.8,79,4,3138.7,28,1,3138.6,82,3,3138.5,183,2,3140.0,103,6,3140.2,10,1,3140.3,66,4,3140.4,125,3,3140.5,20,1
2031,2026-06-16 09:25:38+05:30,3139.0,8,3145.39,285603,105312.0,151761.0,3163.0,3163.0,3135.7,3134.3,31676200,3447.7,2820.9,3839.9,2896.0,3139.0,176,4,3138.8,79,4,3138.7,28,1,3138.6,82,3,3138.5,183,2,3140.0,103,6,3140.2,10,1,3140.3,66,4,3140.4,125,3,3140.5,20,1
2031,2026-06-16 09:25:38+05:30,3140.0,22,3145.39,285633,105413.0,151987.0,3163.0,3163.0,3135.7,3134.3,31676200,3447.7,2820.9,3839.9,2896.0,3139.0,297,6,3138.8,64,3,3138.7,14,1,3138.6,137,5,3138.5,129,3,3140.0,82,7,3140.2,81,2,3140.3,42,3,3140.4,238,3,3140.5,44,2
2031,2026-06-16 09:25:39+05:30,3139.0,4,3145.39,285633,105413.0,151987.0,3163.0,3163.0,3135.7,3134.3,31676200,3447.7,2820.9,3839.9,2896.0,3139.0,297,6,3138.8,64,3,3138.7,14,1,3138.6,137,5,3138.5,129,3,3140.0,82,7,3140.2,81,2,3140.3,42,3,3140.4,238,3,3140.5,44,2
2031,2026-06-16 09:25:39+05:30,3139.0,4,3145.39,285663,105516.0,152227.0,3163.0,3163.0,3135.7,3134.3,31676200,3447.7,2820.9,3839.9,2896.0,3139.0,182,5,3138.8,64,3,3138.7,14,1,3138.6,137,5,3138.5,26,1,3140.0,76,6,3140.1,63,1,3140.2,81,2,3140.3,42,3,3140.4,238,3
2031,2026-06-16 09:25:40+05:30,3139.0,12,3145.39,285663,105516.0,152227.0,3163.0,3163.0,3135.7,3134.3,31676200,3447.7,2820.9,3839.9,2896.0,3139.0,182,5,3138.8,64,3,3138.7,14,1,3138.6,137,5,3138.5,26,1,3140.0,76,6,3140.1,63,1,3140.2,81,2,3140.3,42,3,3140.4,238,3
2031,2026-06-16 09:25:40+05:30,3139.0,12,3145.38,285881,105622.0,152340.0,3163.0,3163.0,3135.7,3134.3,31676200,3447.7,2820.9,3839.9,2896.0,3139.2,30,1,3139.0,78,3,3138.8,4,1,3138.4,14,1,3138.3,108,2,3139.9,55,1,3140.0,122,8,3140.1,29,2,3140.2,101,3,3140.3,106,5
2031,2026-06-16 09:25:41+05:30,3139.9,1,3145.38,285881,105622.0,152340.0,3163.0,3163.0,3135.7,3134.3,31676200,3447.7,2820.9,3839.9,2896.0,3139.2,30,1,3139.0,78,3,3138.8,4,1,3138.4,14,1,3138.3,108,2,3139.9,55,1,3140.0,122,8,3140.1,29,2,3140.2,101,3,3140.3,106,5
2031,2026-06-16 09:25:41+05:30,3139.9,41,3145.38,285924,105825.0,153061.0,3163.0,3163.0,3135.7,3134.3,31676200,3447.7,2820.9,3839.9,2896.0,3139.2,30,1,3139.0,78,3,3138.9,14,1,3138.8,4,1,3138.6,2,1,3139.9,57,6,3140.0,74,5,3140.1,5,1,3140.2,101,3,3140.3,64,4
2031,2026-06-16 09:25:42+05:30,3139.9,41,3145.38,285924,105825.0,153061.0,3163.0,3163.0,3135.7,3134.3,31676200,3447.7,2820.9,3839.9,2896.0,3139.2,30,1,3139.0,78,3,3138.9,14,1,3138.8,4,1,3138.6,2,1,3139.9,57,6,3140.0,74,5,3140.1,5,1,3140.2,101,3,3140.3,64,4
2031,2026-06-16 09:25:42+05:30,3139.4,20,3145.38,285949,105972.0,153002.0,3163.0,3163.0,3135.7,3134.3,31676200,3447.7,2820.9,3839.9,2896.0,3139.4,6,1,3139.2,19,1,3139.0,78,3,3138.8,4,1,3138.6,2,1,3139.9,59,6,3140.0,86,6,3140.1,19,2,3140.2,10,1,3140.3,237,5
2031,2026-06-16 09:25:43+05:30,3139.9,2,3145.38,285949,105972.0,153002.0,3163.0,3163.0,3135.7,3134.3,31676200,3447.7,2820.9,3839.9,2896.0,3139.4,6,1,3139.2,19,1,3139.0,78,3,3138.8,4,1,3138.6,2,1,3139.9,59,6,3140.0,86,6,3140.1,19,2,3140.2,10,1,3140.3,237,5
2031,2026-06-16 09:25:43+05:30,3139.4,4,3145.38,285963,105475.0,152998.0,3163.0,3163.0,3135.7,3134.3,31676200,3447.7,2820.9,3839.9,2896.0,3139.4,2,1,3139.2,19,1,3139.0,78,3,3138.8,4,1,3138.3,20,1,3139.8,16,1,3139.9,104,5,3140.0,86,6,3140.1,19,2,3140.2,92,3
2031,2026-06-16 09:25:44+05:30,3139.0,15,3145.38,285963,105475.0,152998.0,3163.0,3163.0,3135.7,3134.3,31676200,3447.7,2820.9,3839.9,2896.0,3139.4,2,1,3139.2,19,1,3139.0,78,3,3138.8,4,1,3138.3,20,1,3139.8,16,1,3139.9,104,5,3140.0,86,6,3140.1,19,2,3140.2,92,3
2031,2026-06-16 09:25:44+05:30,3139.0,17,3145.36,287029,103702.0,154853.0,3163.0,3163.0,3135.7,3134.3,31676200,3447.7,2820.9,3839.9,2896.0,3138.2,1,1,3138.1,50,1,3138.0,272,9,3137.8,34,3,3137.6,1,1,3139.3,231,5,3139.4,157,4,3139.5,131,4,3139.6,112,4,3139.7,104,5
2031,2026-06-16 09:25:45+05:30,3139.0,17,3145.36,287029,103702.0,154853.0,3163.0,3163.0,3135.7,3134.3,31676200,3447.7,2820.9,3839.9,2896.0,3138.2,1,1,3138.1,50,1,3138.0,272,9,3137.8,34,3,3137.6,1,1,3139.3,231,5,3139.4,157,4,3139.5,131,4,3139.6,112,4,3139.7,104,5
2031,2026-06-16 09:25:45+05:30,3139.0,25,3145.35,287366,103491.0,154735.0,3163.0,3163.0,3135.7,3134.3,31676200,3447.7,2820.9,3839.9,2896.0,3138.1,50,1,3138.0,272,9,3137.8,34,3,3137.6,29,2,3137.5,23,2,3139.2,213,4,3139.3,40,2,3139.4,32,2,3139.5,64,4,3139.6,93,2
2031,2026-06-16 09:25:46+05:30,3139.2,10,3145.35,287366,103491.0,154735.0,3163.0,3163.0,3135.7,3134.3,31676200,3447.7,2820.9,3839.9,2896.0,3138.1,50,1,3138.0,272,9,3137.8,34,3,3137.6,29,2,3137.5,23,2,3139.2,213,4,3139.3,40,2,3139.4,32,2,3139.5,64,4,3139.6,93,2
2031,2026-06-16 09:25:46+05:30,3138.1,8,3145.35,287614,104107.0,154518.0,3163.0,3163.0,3135.7,3134.3,31676200,3447.7,2820.9,3839.9,2896.0,3138.1,60,3,3138.0,272,9,3137.9,30,1,3137.8,61,4,3137.7,25,1,3139.3,83,3,3139.4,23,1,3139.5,119,3,3139.6,5,1,3139.7,196,3
2031,2026-06-16 09:25:47+05:30,3138.1,8,3145.35,287614,104107.0,154518.0,3163.0,3163.0,3135.7,3134.3,31676200,3447.7,2820.9,3839.9,2896.0,3138.1,60,3,3138.0,272,9,3137.9,30,1,3137.8,61,4,3137.7,25,1,3139.3,83,3,3139.4,23,1,3139.5,119,3,3139.6,5,1,3139.7,196,3
2031,2026-06-16 09:25:48+05:30,3138.1,8,3145.34,287752,103464.0,154800.0,3163.0,3163.0,3135.7,3134.3,31676200,3447.7,2820.9,3839.9,2896.0,3138.1,35,4,3138.0,272,9,3137.9,23,1,3137.8,100,5,3137.6,65,2,3139.3,82,3,3139.5,71,2,3139.6,117,3,3139.7,257,5,3139.8,329,6
2031,2026-06-16 09:25:48+05:30,3138.1,8,3145.34,287752,103464.0,154800.0,3163.0,3163.0,3135.7,3134.3,31676200,3447.7,2820.9,3839.9,2896.0,3138.1,35,4,3138.0,272,9,3137.9,23,1,3137.8,100,5,3137.6,65,2,3139.3,82,3,3139.5,71,2,3139.6,117,3,3139.7,257,5,3139.8,329,6
2031,2026-06-16 09:25:49+05:30,3138.1,3,3145.34,287971,104290.0,154536.0,3163.0,3163.0,3135.7,3134.3,31676200,3447.7,2820.9,3839.9,2896.0,3138.1,19,3,3138.0,272,9,3137.8,60,4,3137.6,1,1,3137.5,23,2,3139.1,200,1,3139.3,98,4,3139.4,22,1,3139.5,186,3,3139.7,74,3
2031,2026-06-16 09:25:49+05:30,3138.1,3,3145.34,287971,104290.0,154536.0,3163.0,3163.0,3135.7,3134.3,31676200,3447.7,2820.9,3839.9,2896.0,3138.1,19,3,3138.0,272,9,3137.8,60,4,3137.6,1,1,3137.5,23,2,3139.1,200,1,3139.3,98,4,3139.4,22,1,3139.5,186,3,3139.7,74,3
2031,2026-06-16 09:25:50+05:30,3138.2,8,3145.34,287971,104290.0,154536.0,3163.0,3163.0,3135.7,3134.3,31676200,3447.7,2820.9,3839.9,2896.0,3138.1,19,3,3138.0,272,9,3137.8,60,4,3137.6,1,1,3137.5,23,2,3139.1,200,1,3139.3,98,4,3139.4,22,1,3139.5,186,3,3139.7,74,3
2031,2026-06-16 09:25:50+05:30,3138.2,8,3145.34,287979,104459.0,154937.0,3163.0,3163.0,3135.7,3134.3,31676200,3447.7,2820.9,3839.9,2896.0,3138.2,16,1,3138.1,59,4,3138.0,272,9,3137.8,34,3,3137.7,65,1,3139.1,213,3,3139.3,62,2,3139.4,23,1,3139.5,274,4,3139.6,71,2
2031,2026-06-16 09:25:51+05:30,3139.1,3,3145.34,287979,104459.0,154937.0,3163.0,3163.0,3135.7,3134.3,31676200,3447.7,2820.9,3839.9,2896.0,3138.2,16,1,3138.1,59,4,3138.0,272,9,3137.8,34,3,3137.7,65,1,3139.1,213,3,3139.3,62,2,3139.4,23,1,3139.5,274,4,3139.6,71,2
2031,2026-06-16 09:25:51+05:30,3139.1,3,3145.34,288043,104432.0,154842.0,3163.0,3163.0,3135.7,3134.3,31676200,3447.7,2820.9,3839.9,2896.0,3138.2,8,2,3138.1,59,4,3138.0,272,9,3137.9,13,1,3137.8,86,4,3139.1,158,3,3139.3,61,1,3139.5,186,3,3139.6,93,2,3139.7,74,3
2031,2026-06-16 09:25:52+05:30,3139.1,1,3145.34,288043,104432.0,154842.0,3163.0,3163.0,3135.7,3134.3,31676200,3447.7,2820.9,3839.9,2896.0,3138.2,8,2,3138.1,59,4,3138.0,272,9,3137.9,13,1,3137.8,86,4,3139.1,158,3,3139.3,61,1,3139.5,186,3,3139.6,93,2,3139.7,74,3
2031,2026-06-16 09:25:52+05:30,3138.5,200,3145.33,288258,104060.0,154954.0,3163.0,3163.0,3135.7,3134.3,31676200,3447.7,2820.9,3839.9,2896.0,3138.5,28,1,3138.2,40,2,3138.1,59,4,3138.0,272,9,3137.8,34,3,3139.1,206,7,3139.2,28,2,3139.3,16,1,3139.5,209,4,3139.6,93,2
2031,2026-06-16 09:25:53+05:30,3139.1,1,3145.33,288258,104060.0,154954.0,3163.0,3163.0,3135.7,3134.3,31676200,3447.7,2820.9,3839.9,2896.0,3138.5,28,1,3138.2,40,2,3138.1,59,4,3138.0,272,9,3137.8,34,3,3139.1,206,7,3139.2,28,2,3139.3,16,1,3139.5,209,4,3139.6,93,2
2031,2026-06-16 09:25:53+05:30,3139.1,38,3145.33,288301,104688.0,154308.0,3163.0,3163.0,3135.7,3134.3,31676200,3447.7,2820.9,3839.9,2896.0,3139.0,2,1,3138.5,24,1,3138.3,211,2,3138.2,80,3,3138.1,99,6,3139.1,149,5,3139.5,163,2,3139.7,25,2,3139.8,8,1,3139.9,33,2
2031,2026-06-16 09:25:54+05:30,3139.0,8,3145.33,288301,104688.0,154308.0,3163.0,3163.0,3135.7,3134.3,31676200,3447.7,2820.9,3839.9,2896.0,3139.0,2,1,3138.5,24,1,3138.3,211,2,3138.2,80,3,3138.1,99,6,3139.1,149,5,3139.5,163,2,3139.7,25,2,3139.8,8,1,3139.9,33,2
2031,2026-06-16 09:25:54+05:30,3139.0,8,3145.33,288323,104815.0,154448.0,3163.0,3163.0,3135.7,3134.3,31676200,3447.7,2820.9,3839.9,2896.0,3139.0,40,2,3138.5,36,2,3138.3,197,4,3138.2,41,2,3138.1,59,5,3139.1,148,5,3139.5,163,2,3139.7,25,2,3139.8,8,1,3139.9,23,1
2031,2026-06-16 09:25:55+05:30,3139.1,10,3145.33,288323,104815.0,154448.0,3163.0,3163.0,3135.7,3134.3,31676200,3447.7,2820.9,3839.9,2896.0,3139.0,40,2,3138.5,36,2,3138.3,197,4,3138.2,41,2,3138.1,59,5,3139.1,148,5,3139.5,163,2,3139.7,25,2,3139.8,8,1,3139.9,23,1
2031,2026-06-16 09:25:55+05:30,3139.1,10,3145.33,288338,104831.0,154596.0,3163.0,3163.0,3135.7,3134.3,31676200,3447.7,2820.9,3839.9,2896.0,3139.0,46,3,3138.5,18,1,3138.3,40,1,3138.2,55,3,3138.1,90,5,3139.1,137,5,3139.5,163,2,3139.7,187,3,3139.8,296,4,3139.9,153,3
2031,2026-06-16 09:25:56+05:30,3139.1,10,3145.33,288338,104682.0,154015.0,3163.0,3163.0,3135.7,3134.3,31676200,3447.7,2820.9,3839.9,2896.0,3139.0,46,3,3138.5,18,1,3138.3,63,2,3138.2,55,3,3138.1,90,5,3139.1,137,5,3139.5,7,1,3139.6,155,1,3139.7,22,1,3139.8,8,1
2031,2026-06-16 09:25:57+05:30,3139.0,8,3145.33,288338,104682.0,154015.0,3163.0,3163.0,3135.7,3134.3,31676200,3447.7,2820.9,3839.9,2896.0,3139.0,46,3,3138.5,18,1,3138.3,63,2,3138.2,55,3,3138.1,90,5,3139.1,137,5,3139.5,7,1,3139.6,155,1,3139.7,22,1,3139.8,8,1
2031,2026-06-16 09:25:57+05:30,3139.0,3,3145.33,288370,104804.0,154796.0,3163.0,3163.0,3135.7,3134.3,31676200,3447.7,2820.9,3839.9,2896.0,3139.0,21,2,3138.5,18,1,3138.3,40,1,3138.2,55,3,3138.1,29,3,3139.1,142,6,3139.5,7,1,3139.6,178,2,3139.7,36,2,3139.8,79,3
2031,2026-06-16 09:25:58+05:30,3139.0,3,3145.33,288370,104804.0,154796.0,3163.0,3163.0,3135.7,3134.3,31676200,3447.7,2820.9,3839.9,2896.0,3139.0,21,2,3138.5,18,1,3138.3,40,1,3138.2,55,3,3138.1,29,3,3139.1,142,6,3139.5,7,1,3139.6,178,2,3139.7,36,2,3139.8,79,3
2031,2026-06-16 09:25:59+05:30,3139.1,12,3145.32,288574,105689.0,153170.0,3163.0,3163.0,3135.7,3134.3,31676200,3447.7,2820.9,3839.9,2896.0,3139.0,23,4,3138.7,13,1,3138.6,164,3,3138.5,81,2,3138.4,85,2,3139.8,8,1,3140.0,161,7,3140.2,10,1,3140.3,63,4,3140.4,250,4
2031,2026-06-16 09:25:59+05:30,3139.0,4,3145.32,288574,105689.0,153170.0,3163.0,3163.0,3135.7,3134.3,31676200,3447.7,2820.9,3839.9,2896.0,3139.0,23,4,3138.7,13,1,3138.6,164,3,3138.5,81,2,3138.4,85,2,3139.8,8,1,3140.0,161,7,3140.2,10,1,3140.3,63,4,3140.4,250,4
2031,2026-06-16 09:26:00+05:30,3139.0,1,3145.32,288606,105530.0,152837.0,3163.0,3163.0,3135.7,3134.3,31676200,3447.7,2820.9,3839.9,2896.0,3139.0,63,6,3138.5,81,2,3138.4,98,4,3138.3,120,2,3138.2,87,4,3139.9,7,1,3140.0,156,8,3140.2,87,3,3140.3,63,4,3140.4,46,2
2031,2026-06-16 09:26:00+05:30,3139.8,3,3145.32,288606,105530.0,152837.0,3163.0,3163.0,3135.7,3134.3,31676200,3447.7,2820.9,3839.9,2896.0,3139.0,63,6,3138.5,81,2,3138.4,98,4,3138.3,120,2,3138.2,87,4,3139.9,7,1,3140.0,156,8,3140.2,87,3,3140.3,63,4,3140.4,46,2
2031,2026-06-16 09:26:01+05:30,3139.0,26,3145.31,289164,105272.0,153814.0,3163.0,3163.0,3135.7,3134.3,31676200,3447.7,2820.9,3839.9,2896.0,3139.0,66,4,3138.9,16,1,3138.8,32,1,3138.6,54,1,3138.5,18,1,3139.8,15,1,3139.9,34,4,3140.0,815,3,3140.2,35,4,3140.3,53,3
2031,2026-06-16 09:26:01+05:30,3139.0,27,3145.31,289164,105272.0,153814.0,3163.0,3163.0,3135.7,3134.3,31676200,3447.7,2820.9,3839.9,2896.0,3139.0,66,4,3138.9,16,1,3138.8,32,1,3138.6,54,1,3138.5,18,1,3139.8,15,1,3139.9,34,4,3140.0,815,3,3140.2,35,4,3140.3,53,3
2031,2026-06-16 09:26:02+05:30,3139.0,27,3145.31,289271,104924.0,153806.0,3163.0,3163.0,3135.7,3134.3,31676200,3447.7,2820.9,3839.9,2896.0,3139.0,25,3,3138.9,16,1,3138.5,18,1,3138.2,110,4,3138.1,58,3,3139.9,36,4,3140.0,815,3,3140.1,76,3,3140.2,113,6,3140.3,329,5
2031,2026-06-16 09:26:02+05:30,3139.9,1,3145.31,289271,104924.0,153806.0,3163.0,3163.0,3135.7,3134.3,31676200,3447.7,2820.9,3839.9,2896.0,3139.0,25,3,3138.9,16,1,3138.5,18,1,3138.2,110,4,3138.1,58,3,3139.9,36,4,3140.0,815,3,3140.1,76,3,3140.2,113,6,3140.3,329,5
2031,2026-06-16 09:26:03+05:30,3139.0,5,3145.31,289496,104924.0,154128.0,3163.0,3163.0,3135.7,3134.3,31676200,3447.7,2820.9,3839.9,2896.0,3139.0,28,3,3138.9,16,1,3138.8,28,1,3138.3,12,1,3138.2,20,3,3139.7,19,3,3139.8,27,3,3139.9,43,4,3140.0,838,4,3140.1,71,3
2031,2026-06-16 09:26:03+05:30,3139.0,5,3145.31,289496,104924.0,154128.0,3163.0,3163.0,3135.7,3134.3,31676200,3447.7,2820.9,3839.9,2896.0,3139.0,28,3,3138.9,16,1,3138.8,28,1,3138.3,12,1,3138.2,20,3,3139.7,19,3,3139.8,27,3,3139.9,43,4,3140.0,838,4,3140.1,71,3
2031,2026-06-16 09:26:04+05:30,3139.0,5,3145.3,289561,105113.0,154192.0,3163.0,3163.0,3135.7,3134.3,31676200,3447.7,2820.9,3839.9,2896.0,3139.0,63,5,3138.9,16,1,3138.8,28,1,3138.4,86,1,3138.3,37,1,3139.7,46,4,3139.8,8,1,3139.9,23,2,3140.0,861,5,3140.1,42,1
2031,2026-06-16 09:26:04+05:30,3139.0,5,3145.3,289561,105113.0,154192.0,3163.0,3163.0,3135.7,3134.3,31676200,3447.7,2820.9,3839.9,2896.0,3139.0,63,5,3138.9,16,1,3138.8,28,1,3138.4,86,1,3138.3,37,1,3139.7,46,4,3139.8,8,1,3139.9,23,2,3140.0,861,5,3140.1,42,1
2031,2026-06-16 09:26:05+05:30,3139.7,5,3145.3,289561,105113.0,154192.0,3163.0,3163.0,3135.7,3134.3,31676200,3447.7,2820.9,3839.9,2896.0,3139.0,63,5,3138.9,16,1,3138.8,28,1,3138.4,86,1,3138.3,37,1,3139.7,46,4,3139.8,8,1,3139.9,23,2,3140.0,861,5,3140.1,42,1
2031,2026-06-16 09:26:05+05:30,3139.7,5,3145.3,289566,105737.0,154393.0,3163.0,3163.0,3135.7,3134.3,31676200,3447.7,2820.9,3839.9,2896.0,3139.3,5,1,3139.0,103,6,3138.9,61,3,3138.8,28,1,3138.4,86,1,3139.7,65,4,3139.8,26,2,3139.9,23,2,3140.0,854,5,3140.1,23,1
2031,2026-06-16 09:26:06+05:30,3139.7,5,3145.3,289566,105765.0,154263.0,3163.0,3163.0,3135.7,3134.3,31676200,3447.7,2820.9,3839.9,2896.0,3139.3,46,2,3139.0,103,6,3138.9,61,3,3138.4,86,1,3138.3,86,2,3139.7,65,4,3139.8,26,2,3139.9,23,2,3140.0,831,4,3140.2,55,3
2031,2026-06-16 09:26:07+05:30,3139.7,1,3145.3,289566,105765.0,154263.0,3163.0,3163.0,3135.7,3134.3,31676200,3447.7,2820.9,3839.9,2896.0,3139.3,46,2,3139.0,103,6,3138.9,61,3,3138.4,86,1,3138.3,86,2,3139.7,65,4,3139.8,26,2,3139.9,23,2,3140.0,831,4,3140.2,55,3
2031,2026-06-16 09:26:07+05:30,3139.7,1,3145.3,289574,105872.0,154239.0,3163.0,3163.0,3135.7,3134.3,31676200,3447.7,2820.9,3839.9,2896.0,3139.4,33,2,3139.3,46,2,3139.0,103,6,3138.9,61,3,3138.6,23,1,3139.7,57,2,3139.8,46,3,3139.9,23,2,3140.0,831,4,3140.2,13,2
2031,2026-06-16 09:26:07+05:30,3139.7,1,3145.3,289574,105872.0,154239.0,3163.0,3163.0,3135.7,3134.3,31676200,3447.7,2820.9,3839.9,2896.0,3139.4,33,2,3139.3,46,2,3139.0,103,6,3138.9,61,3,3138.6,23,1,3139.7,57,2,3139.8,46,3,3139.9,23,2,3140.0,831,4,3140.2,13,2
2031,2026-06-16 09:26:08+05:30,3139.4,16,3145.3,289574,105872.0,154239.0,3163.0,3163.0,3135.7,3134.3,31676200,3447.7,2820.9,3839.9,2896.0,3139.4,33,2,3139.3,46,2,3139.0,103,6,3138.9,61,3,3138.6,23,1,3139.7,57,2,3139.8,46,3,3139.9,23,2,3140.0,831,4,3140.2,13,2
2031,2026-06-16 09:26:08+05:30,3139.7,14,3145.3,289638,105840.0,154037.0,3163.0,3163.0,3135.7,3134.3,31676200,3447.7,2820.9,3839.9,2896.0,3139.4,57,3,3139.3,46,2,3139.2,12,1,3139.1,23,1,3139.0,163,8,3139.7,9,1,3139.8,38,2,3140.0,831,4,3140.2,13,2,3140.3,11,2
2031,2026-06-16 09:26:09+05:30,3139.7,14,3145.3,289638,105840.0,154037.0,3163.0,3163.0,3135.7,3134.3,31676200,3447.7,2820.9,3839.9,2896.0,3139.4,57,3,3139.3,46,2,3139.2,12,1,3139.1,23,1,3139.0,163,8,3139.7,9,1,3139.8,38,2,3140.0,831,4,3140.2,13,2,3140.3,11,2
2031,2026-06-16 09:26:09+05:30,3139.7,4,3145.3,289638,105840.0,154037.0,3163.0,3163.0,3135.7,3134.3,31676200,3447.7,2820.9,3839.9,2896.0,3139.4,57,3,3139.3,46,2,3139.2,12,1,3139.1,23,1,3139.0,163,8,3139.7,9,1,3139.8,38,2,3140.0,831,4,3140.2,13,2,3140.3,11,2
2031,2026-06-16 09:26:09+05:30,3139.8,2,3145.3,289692,107250.0,152893.0,3163.0,3163.0,3135.7,3134.3,31676200,3447.7,2820.9,3839.9,2896.0,3139.7,28,1,3139.4,74,4,3139.3,106,4,3139.2,12,1,3139.1,236,4,3140.0,831,4,3140.2,10,1,3140.3,11,2,3140.5,20,1,3140.9,175,3
2031,2026-06-16 09:26:10+05:30,3139.8,2,3145.3,289692,107250.0,152893.0,3163.0,3163.0,3135.7,3134.3,31676200,3447.7,2820.9,3839.9,2896.0,3139.7,28,1,3139.4,74,4,3139.3,106,4,3139.2,12,1,3139.1,236,4,3140.0,831,4,3140.2,10,1,3140.3,11,2,3140.5,20,1,3140.9,175,3
2031,2026-06-16 09:26:10+05:30,3139.8,2,3145.3,289692,107241.0,152767.0,3163.0,3163.0,3135.7,3134.3,31676200,3447.7,2820.9,3839.9,2896.0,3139.7,39,3,3139.5,79,4,3139.4,68,3,3139.3,92,3,3139.2,39,2,3140.0,857,5,3140.2,10,1,3140.3,11,2,3140.5,20,1,3140.9,112,1
2031,2026-06-16 09:26:10+05:30,3139.8,2,3145.3,289692,107241.0,152767.0,3163.0,3163.0,3135.7,3134.3,31676200,3447.7,2820.9,3839.9,2896.0,3139.7,39,3,3139.5,79,4,3139.4,68,3,3139.3,92,3,3139.2,39,2,3140.0,857,5,3140.2,10,1,3140.3,11,2,3140.5,20,1,3140.9,112,1
2031,2026-06-16 09:26:11+05:30,3140.0,15,3145.3,289692,107241.0,152767.0,3163.0,3163.0,3135.7,3134.3,31676200,3447.7,2820.9,3839.9,2896.0,3139.7,39,3,3139.5,79,4,3139.4,68,3,3139.3,92,3,3139.2,39,2,3140.0,857,5,3140.2,10,1,3140.3,11,2,3140.5,20,1,3140.9,112,1
2031,2026-06-16 09:26:11+05:30,3140.0,15,3145.3,289707,107178.0,153001.0,3163.0,3163.0,3135.7,3134.3,31676200,3447.7,2820.9,3839.9,2896.0,3139.7,39,3,3139.5,79,4,3139.4,57,3,3139.3,106,4,3139.2,39,2,3140.0,842,5,3140.2,10,1,3140.3,11,2,3140.5,20,1,3140.8,42,1
2031,2026-06-16 09:26:12+05:30,3140.0,15,3145.3,289707,107178.0,153001.0,3163.0,3163.0,3135.7,3134.3,31676200,3447.7,2820.9,3839.9,2896.0,3139.7,39,3,3139.5,79,4,3139.4,57,3,3139.3,106,4,3139.2,39,2,3140.0,842,5,3140.2,10,1,3140.3,11,2,3140.5,20,1,3140.8,42,1
2031,2026-06-16 09:26:12+05:30,3140.0,241,3145.3,289948,106867.0,152886.0,3163.0,3163.0,3135.7,3134.3,31676200,3447.7,2820.9,3839.9,2896.0,3139.7,56,4,3139.4,57,3,3139.3,106,4,3139.2,96,3,3139.1,46,3,3140.0,685,6,3140.2,10,1,3140.3,11,2,3140.5,20,1,3140.9,154,2
2031,2026-06-16 09:26:13+05:30,3140.0,1,3145.3,289948,106867.0,152886.0,3163.0,3163.0,3135.7,3134.3,31676200,3447.7,2820.9,3839.9,2896.0,3139.7,56,4,3139.4,57,3,3139.3,106,4,3139.2,96,3,3139.1,46,3,3140.0,685,6,3140.2,10,1,3140.3,11,2,3140.5,20,1,3140.9,154,2
2031,2026-06-16 09:26:13+05:30,3140.0,1,3145.3,289950,106879.0,152884.0,3163.0,3163.0,3135.7,3134.3,31676200,3447.7,2820.9,3839.9,2896.0,3139.7,57,5,3139.6,8,1,3139.5,32,3,3139.4,108,7,3139.3,107,5,3140.0,684,7,3140.2,10,1,3140.3,11,2,3140.5,20,1,3140.9,154,2
2031,2026-06-16 09:26:13+05:30,3140.0,1,3145.3,289950,106879.0,152884.0,3163.0,3163.0,3135.7,3134.3,31676200,3447.7,2820.9,3839.9,2896.0,3139.7,57,5,3139.6,8,1,3139.5,32,3,3139.4,108,7,3139.3,107,5,3140.0,684,7,3140.2,10,1,3140.3,11,2,3140.5,20,1,3140.9,154,2
2031,2026-06-16 09:26:14+05:30,3139.7,5,3145.3,289950,106879.0,152884.0,3163.0,3163.0,3135.7,3134.3,31676200,3447.7,2820.9,3839.9,2896.0,3139.7,57,5,3139.6,8,1,3139.5,32,3,3139.4,108,7,3139.3,107,5,3140.0,684,7,3140.2,10,1,3140.3,11,2,3140.5,20,1,3140.9,154,2
2031,2026-06-16 09:26:14+05:30,3140.0,5,3145.3,289960,107388.0,152879.0,3163.0,3163.0,3135.7,3134.3,31676200,3447.7,2820.9,3839.9,2896.0,3139.7,52,5,3139.4,83,6,3139.3,162,6,3139.2,18,2,3139.1,46,3,3140.0,679,7,3140.2,10,1,3140.3,11,2,3140.5,20,1,3140.9,112,1
2031,2026-06-16 09:26:15+05:30,3140.0,5,3145.3,289960,107388.0,152879.0,3163.0,3163.0,3135.7,3134.3,31676200,3447.7,2820.9,3839.9,2896.0,3139.7,52,5,3139.4,83,6,3139.3,162,6,3139.2,18,2,3139.1,46,3,3140.0,679,7,3140.2,10,1,3140.3,11,2,3140.5,20,1,3140.9,112,1
2031,2026-06-16 09:26:15+05:30,3140.0,59,3145.3,289960,107388.0,152879.0,3163.0,3163.0,3135.7,3134.3,31676200,3447.7,2820.9,3839.9,2896.0,3139.7,52,5,3139.4,83,6,3139.3,162,6,3139.2,18,2,3139.1,46,3,3140.0,679,7,3140.2,10,1,3140.3,11,2,3140.5,20,1,3140.9,112,1
2031,2026-06-16 09:26:15+05:30,3140.0,59,3145.3,290029,107538.0,152848.0,3163.0,3163.0,3135.7,3134.3,31676200,3447.7,2820.9,3839.9,2896.0,3139.9,2,2,3139.7,79,6,3139.4,87,7,3139.3,146,6,3139.2,18,2,3140.0,635,8,3140.2,10,1,3140.3,11,2,3140.5,20,1,3140.9,151,2
2031,2026-06-16 09:26:16+05:30,3140.0,10,3145.3,290029,107538.0,152848.0,3163.0,3163.0,3135.7,3134.3,31676200,3447.7,2820.9,3839.9,2896.0,3139.9,2,2,3139.7,79,6,3139.4,87,7,3139.3,146,6,3139.2,18,2,3140.0,635,8,3140.2,10,1,3140.3,11,2,3140.5,20,1,3140.9,151,2
2031,2026-06-16 09:26:16+05:30,3140.0,10,3145.3,290029,107538.0,152848.0,3163.0,3163.0,3135.7,3134.3,31676200,3447.7,2820.9,3839.9,2896.0,3139.9,2,2,3139.7,79,6,3139.4,87,7,3139.3,146,6,3139.2,18,2,3140.0,635,8,3140.2,10,1,3140.3,11,2,3140.5,20,1,3140.9,151,2
2031,2026-06-16 09:26:16+05:30,3140.0,80,3145.29,290124,106829.0,153033.0,3163.0,3163.0,3135.7,3134.3,31676200,3447.7,2820.9,3839.9,2896.0,3139.7,78,6,3139.4,69,6,3139.3,77,4,3139.2,59,2,3139.0,118,6,3140.0,545,8,3140.2,10,1,3140.3,11,2,3140.5,23,2,3140.6,42,1
2031,2026-06-16 09:26:17+05:30,3140.0,80,3145.29,290124,106829.0,153033.0,3163.0,3163.0,3135.7,3134.3,31676200,3447.7,2820.9,3839.9,2896.0,3139.7,78,6,3139.4,69,6,3139.3,77,4,3139.2,59,2,3139.0,118,6,3140.0,545,8,3140.2,10,1,3140.3,11,2,3140.5,23,2,3140.6,42,1
2031,2026-06-16 09:26:17+05:30,3140.0,80,3145.29,290124,106829.0,153033.0,3163.0,3163.0,3135.7,3134.3,31676200,3447.7,2820.9,3839.9,2896.0,3139.7,78,6,3139.4,69,6,3139.3,77,4,3139.2,59,2,3139.0,118,6,3140.0,545,8,3140.2,10,1,3140.3,11,2,3140.5,23,2,3140.6,42,1
2031,2026-06-16 09:26:17+05:30,3140.0,80,3145.29,290124,106829.0,153033.0,3163.0,3163.0,3135.7,3134.3,31676200,3447.7,2820.9,3839.9,2896.0,3139.7,78,6,3139.4,69,6,3139.3,77,4,3139.2,59,2,3139.0,118,6,3140.0,545,8,3140.2,10,1,3140.3,11,2,3140.5,23,2,3140.6,42,1
2031,2026-06-16 09:26:17+05:30,3139.9,4,3145.29,290128,107859.0,152802.0,3163.0,3163.0,3135.7,3134.3,31676200,3447.7,2820.9,3839.9,2896.0,3139.9,24,1,3139.7,59,6,3139.4,92,7,3139.3,77,4,3139.2,131,3,3140.0,545,8,3140.2,10,1,3140.3,11,2,3140.5,23,2,3140.9,207,4
2031,2026-06-16 09:26:18+05:30,3139.9,4,3145.29,290128,107859.0,152802.0,3163.0,3163.0,3135.7,3134.3,31676200,3447.7,2820.9,3839.9,2896.0,3139.9,24,1,3139.7,59,6,3139.4,92,7,3139.3,77,4,3139.2,131,3,3140.0,545,8,3140.2,10,1,3140.3,11,2,3140.5,23,2,3140.9,207,4
2031,2026-06-16 09:26:18+05:30,3140.0,1,3145.29,290128,107859.0,152802.0,3163.0,3163.0,3135.7,3134.3,31676200,3447.7,2820.9,3839.9,2896.0,3139.9,24,1,3139.7,59,6,3139.4,92,7,3139.3,77,4,3139.2,131,3,3140.0,545,8,3140.2,10,1,3140.3,11,2,3140.5,23,2,3140.9,207,4
2031,2026-06-16 09:26:18+05:30,3140.0,1,3145.29,290128,107859.0,152802.0,3163.0,3163.0,3135.7,3134.3,31676200,3447.7,2820.9,3839.9,2896.0,3139.9,24,1,3139.7,59,6,3139.4,92,7,3139.3,77,4,3139.2,131,3,3140.0,545,8,3140.2,10,1,3140.3,11,2,3140.5,23,2,3140.9,207,4
2031,2026-06-16 09:26:19+05:30,3139.7,4,3145.29,290425,107555.0,152676.0,3163.0,3163.0,3135.7,3134.3,31676200,3447.7,2820.9,3839.9,2896.0,3139.9,38,1,3139.7,49,6,3139.4,92,7,3139.3,36,3,3139.2,70,3,3140.0,266,9,3140.2,10,1,3140.3,11,2,3140.5,23,2,3140.9,266,4
2031,2026-06-16 09:26:19+05:30,3139.7,4,3145.29,290425,107555.0,152676.0,3163.0,3163.0,3135.7,3134.3,31676200,3447.7,2820.9,3839.9,2896.0,3139.9,38,1,3139.7,49,6,3139.4,92,7,3139.3,36,3,3139.2,70,3,3140.0,266,9,3140.2,10,1,3140.3,11,2,3140.5,23,2,3140.9,266,4
2031,2026-06-16 09:26:19+05:30,3139.7,4,3145.29,290425,107555.0,152676.0,3163.0,3163.0,3135.7,3134.3,31676200,3447.7,2820.9,3839.9,2896.0,3139.9,38,1,3139.7,49,6,3139.4,92,7,3139.3,36,3,3139.2,70,3,3140.0,266,9,3140.2,10,1,3140.3,11,2,3140.5,23,2,3140.9,266,4
2031,2026-06-16 09:26:20+05:30,3140.0,27,3145.29,290507,107823.0,152265.0,3163.0,3163.0,3135.7,3134.3,31676200,3447.7,2820.9,3839.9,2896.0,3139.9,34,1,3139.7,51,6,3139.5,23,1,3139.4,121,7,3139.3,36,3,3140.0,188,9,3140.2,10,1,3140.3,11,2,3140.5,23,2,3140.9,138,2
2031,2026-06-16 09:26:20+05:30,3140.0,27,3145.29,290507,107823.0,152265.0,3163.0,3163.0,3135.7,3134.3,31676200,3447.7,2820.9,3839.9,2896.0,3139.9,34,1,3139.7,51,6,3139.5,23,1,3139.4,121,7,3139.3,36,3,3140.0,188,9,3140.2,10,1,3140.3,11,2,3140.5,23,2,3140.9,138,2
2031,2026-06-16 09:26:20+05:30,3140.0,27,3145.29,290507,107823.0,152265.0,3163.0,3163.0,3135.7,3134.3,31676200,3447.7,2820.9,3839.9,2896.0,3139.9,34,1,3139.7,51,6,3139.5,23,1,3139.4,121,7,3139.3,36,3,3140.0,188,9,3140.2,10,1,3140.3,11,2,3140.5,23,2,3140.9,138,2
2031,2026-06-16 09:26:21+05:30,3140.0,27,3145.29,290507,107823.0,152265.0,3163.0,3163.0,3135.7,3134.3,31676200,3447.7,2820.9,3839.9,2896.0,3139.9,34,1,3139.7,51,6,3139.5,23,1,3139.4,121,7,3139.3,36,3,3140.0,188,9,3140.2,10,1,3140.3,11,2,3140.5,23,2,3140.9,138,2
2031,2026-06-16 09:26:21+05:30,3140.0,3,3145.29,290507,107823.0,152265.0,3163.0,3163.0,3135.7,3134.3,31676200,3447.7,2820.9,3839.9,2896.0,3139.9,34,1,3139.7,51,6,3139.5,23,1,3139.4,121,7,3139.3,36,3,3140.0,188,9,3140.2,10,1,3140.3,11,2,3140.5,23,2,3140.9,138,2
2031,2026-06-16 09:26:21+05:30,3140.0,3,3145.28,290723,107650.0,152637.0,3163.0,3163.0,3135.7,3134.3,31676200,3447.7,2820.9,3839.9,2896.0,3139.4,69,6,3139.3,60,4,3139.2,518,3,3139.1,88,3,3139.0,178,6,3140.0,183,10,3140.2,10,1,3140.3,11,2,3140.5,20,1,3140.7,25,1
2031,2026-06-16 09:26:21+05:30,3140.0,3,3145.28,290723,107650.0,152637.0,3163.0,3163.0,3135.7,3134.3,31676200,3447.7,2820.9,3839.9,2896.0,3139.4,69,6,3139.3,60,4,3139.2,518,3,3139.1,88,3,3139.0,178,6,3140.0,183,10,3140.2,10,1,3140.3,11,2,3140.5,20,1,3140.7,25,1
2031,2026-06-16 09:26:22+05:30,3139.4,4,3145.28,290723,107650.0,152637.0,3163.0,3163.0,3135.7,3134.3,31676200,3447.7,2820.9,3839.9,2896.0,3139.4,69,6,3139.3,60,4,3139.2,518,3,3139.1,88,3,3139.0,178,6,3140.0,183,10,3140.2,10,1,3140.3,11,2,3140.5,20,1,3140.7,25,1
2031,2026-06-16 09:26:22+05:30,3139.4,8,3145.28,290760,107691.0,152812.0,3163.0,3163.0,3135.7,3134.3,31676200,3447.7,2820.9,3839.9,2896.0,3139.4,36,7,3139.3,78,5,3139.2,571,4,3139.1,31,2,3139.0,231,7,3140.0,183,10,3140.2,10,1,3140.3,11,2,3140.5,20,1,3140.7,25,1
2031,2026-06-16 09:26:22+05:30,3139.4,8,3145.28,290760,107691.0,152812.0,3163.0,3163.0,3135.7,3134.3,31676200,3447.7,2820.9,3839.9,2896.0,3139.4,36,7,3139.3,78,5,3139.2,571,4,3139.1,31,2,3139.0,231,7,3140.0,183,10,3140.2,10,1,3140.3,11,2,3140.5,20,1,3140.7,25,1
2031,2026-06-16 09:26:23+05:30,3139.4,1,3145.28,290760,107691.0,152812.0,3163.0,3163.0,3135.7,3134.3,31676200,3447.7,2820.9,3839.9,2896.0,3139.4,36,7,3139.3,78,5,3139.2,571,4,3139.1,31,2,3139.0,231,7,3140.0,183,10,3140.2,10,1,3140.3,11,2,3140.5,20,1,3140.7,25,1
2031,2026-06-16 09:26:23+05:30,3139.4,1,3145.28,290760,107691.0,152812.0,3163.0,3163.0,3135.7,3134.3,31676200,3447.7,2820.9,3839.9,2896.0,3139.4,36,7,3139.3,78,5,3139.2,571,4,3139.1,31,2,3139.0,231,7,3140.0,183,10,3140.2,10,1,3140.3,11,2,3140.5,20,1,3140.7,25,1
2031,2026-06-16 09:26:23+05:30,3140.0,1,3145.28,290766,107745.0,152708.0,3163.0,3163.0,3135.7,3134.3,31676200,3447.7,2820.9,3839.9,2896.0,3139.8,5,1,3139.4,51,6,3139.3,74,5,3139.2,624,5,3139.1,31,2,3140.0,106,10,3140.2,10,1,3140.3,11,2,3140.5,20,1,3140.8,30,1
2031,2026-06-16 09:26:24+05:30,3139.8,5,3145.28,290766,107745.0,152708.0,3163.0,3163.0,3135.7,3134.3,31676200,3447.7,2820.9,3839.9,2896.0,3139.8,5,1,3139.4,51,6,3139.3,74,5,3139.2,624,5,3139.1,31,2,3140.0,106,10,3140.2,10,1,3140.3,11,2,3140.5,20,1,3140.8,30,1
2031,2026-06-16 09:26:24+05:30,3139.8,5,3145.28,290766,107745.0,152708.0,3163.0,3163.0,3135.7,3134.3,31678200,3447.7,2820.9,3839.9,2896.0,3139.8,5,1,3139.4,51,6,3139.3,74,5,3139.2,624,5,3139.1,31,2,3140.0,106,10,3140.2,10,1,3140.3,11,2,3140.5,20,1,3140.8,30,1
2031,2026-06-16 09:26:24+05:30,3139.5,8,3145.28,290779,107846.0,152592.0,3163.0,3163.0,3135.7,3134.3,31678200,3447.7,2820.9,3839.9,2896.0,3139.4,65,6,3139.3,74,5,3139.2,614,5,3139.1,36,2,3139.0,251,7,3140.0,102,11,3140.2,10,1,3140.3,11,2,3140.5,20,1,3140.8,30,1
2031,2026-06-16 09:26:25+05:30,3139.5,8,3145.28,290779,107846.0,152592.0,3163.0,3163.0,3135.7,3134.3,31678200,3447.7,2820.9,3839.9,2896.0,3139.4,65,6,3139.3,74,5,3139.2,614,5,3139.1,36,2,3139.0,251,7,3140.0,102,11,3140.2,10,1,3140.3,11,2,3140.5,20,1,3140.8,30,1
2031,2026-06-16 09:26:25+05:30,3139.4,25,3145.28,290879,107672.0,152863.0,3163.0,3163.0,3135.7,3134.3,31678200,3447.7,2820.9,3839.9,2896.0,3139.7,20,1,3139.4,34,5,3139.3,123,6,3139.2,660,5,3139.0,147,5,3140.0,105,13,3140.2,10,1,3140.3,11,2,3140.5,20,1,3140.8,30,1
2031,2026-06-16 09:26:26+05:30,3140.0,10,3145.28,290879,107672.0,152863.0,3163.0,3163.0,3135.7,3134.3,31678200,3447.7,2820.9,3839.9,2896.0,3139.7,20,1,3139.4,34,5,3139.3,123,6,3139.2,660,5,3139.0,147,5,3140.0,105,13,3140.2,10,1,3140.3,11,2,3140.5,20,1,3140.8,30,1
2031,2026-06-16 09:26:26+05:30,3139.4,1,3145.28,290917,107187.0,154255.0,3163.0,3163.0,3135.7,3134.3,31678200,3447.7,2820.9,3839.9,2896.0,3139.7,7,1,3139.4,27,2,3139.3,36,3,3139.2,655,5,3139.1,19,1,3140.0,1124,15,3140.1,9,1,3140.2,46,3,3140.3,24,3,3140.4,113,4
2031,2026-06-16 09:26:27+05:30,3139.4,1,3145.28,290917,107187.0,154255.0,3163.0,3163.0,3135.7,3134.3,31678200,3447.7,2820.9,3839.9,2896.0,3139.7,7,1,3139.4,27,2,3139.3,36,3,3139.2,655,5,3139.1,19,1,3140.0,1124,15,3140.1,9,1,3140.2,46,3,3140.3,24,3,3140.4,113,4
2031,2026-06-16 09:26:27+05:30,3139.7,7,3145.28,290953,107048.0,154476.0,3163.0,3163.0,3135.7,3134.3,31678200,3447.7,2820.9,3839.9,2896.0,3139.7,8,2,3139.4,58,5,3139.3,36,3,3139.2,649,4,3139.0,70,3,3140.0,1124,15,3140.1,9,1,3140.2,35,2,3140.3,11,2,3140.4,131,6
2031,2026-06-16 09:26:28+05:30,3139.7,7,3145.28,290953,107048.0,154476.0,3163.0,3163.0,3135.7,3134.3,31678200,3447.7,2820.9,3839.9,2896.0,3139.7,8,2,3139.4,58,5,3139.3,36,3,3139.2,649,4,3139.0,70,3,3140.0,1124,15,3140.1,9,1,3140.2,35,2,3140.3,11,2,3140.4,131,6
2031,2026-06-16 09:26:29+05:30,3140.0,4,3145.28,290975,107783.0,154497.0,3163.0,3163.0,3135.7,3134.3,31678200,3447.7,2820.9,3839.9,2896.0,3139.7,33,3,3139.5,10,1,3139.4,25,3,3139.3,31,2,3139.2,655,5,3140.0,1120,15,3140.1,18,2,3140.2,46,3,3140.3,11,2,3140.4,131,6
2031,2026-06-16 09:26:29+05:30,3140.0,10,3145.28,290975,107783.0,154497.0,3163.0,3163.0,3135.7,3134.3,31678200,3447.7,2820.9,3839.9,2896.0,3139.7,33,3,3139.5,10,1,3139.4,25,3,3139.3,31,2,3139.2,655,5,3140.0,1120,15,3140.1,18,2,3140.2,46,3,3140.3,11,2,3140.4,131,6
2031,2026-06-16 09:26:30+05:30,3140.0,10,3145.28,290996,107831.0,154370.0,3163.0,3163.0,3135.7,3134.3,31678200,3447.7,2820.9,3839.9,2896.0,3139.7,30,3,3139.5,10,1,3139.4,25,3,3139.3,31,2,3139.2,655,5,3140.0,1077,14,3140.1,9,1,3140.2,61,3,3140.3,24,3,3140.4,59,4
2031,2026-06-16 09:26:31+05:30,3140.0,8,3145.24,293004,108136.0,152151.0,3163.0,3163.0,3135.7,3134.3,31678200,3447.7,2820.9,3839.9,2896.0,3139.9,2,2,3139.7,31,4,3139.6,10,1,3139.5,10,1,3139.4,31,4,3140.0,85,5,3140.2,10,1,3140.3,11,2,3140.4,2,1,3140.5,20,1
2031,2026-06-16 09:26:31+05:30,3140.0,8,3145.24,293004,108136.0,152151.0,3163.0,3163.0,3135.7,3134.3,31678200,3447.7,2820.9,3839.9,2896.0,3139.9,2,2,3139.7,31,4,3139.6,10,1,3139.5,10,1,3139.4,31,4,3140.0,85,5,3140.2,10,1,3140.3,11,2,3140.4,2,1,3140.5,20,1
2031,2026-06-16 09:26:32+05:30,3140.0,31,3145.24,293004,108136.0,152151.0,3163.0,3163.0,3135.7,3134.3,31678200,3447.7,2820.9,3839.9,2896.0,3139.9,2,2,3139.7,31,4,3139.6,10,1,3139.5,10,1,3139.4,31,4,3140.0,85,5,3140.2,10,1,3140.3,11,2,3140.4,2,1,3140.5,20,1
2031,2026-06-16 09:26:32+05:30,3139.9,2,3145.16,297436,108303.0,150563.0,3163.0,3163.0,3135.7,3134.3,31678200,3447.7,2820.9,3839.9,2896.0,3139.9,19,5,3139.8,14,1,3139.7,9,3,3139.6,179,2,3139.5,99,6,3140.9,177,2,3141.0,62,4,3141.1,11,1,3141.2,225,2,3141.4,67,2
2031,2026-06-16 09:26:33+05:30,3139.9,6,3145.16,297436,108303.0,150563.0,3163.0,3163.0,3135.7,3134.3,31678200,3447.7,2820.9,3839.9,2896.0,3139.9,19,5,3139.8,14,1,3139.7,9,3,3139.6,179,2,3139.5,99,6,3140.9,177,2,3141.0,62,4,3141.1,11,1,3141.2,225,2,3141.4,67,2
2031,2026-06-16 09:26:33+05:30,3140.9,56,3145.14,298843,108188.0,149369.0,3163.0,3163.0,3135.7,3134.3,31678200,3447.7,2820.9,3839.9,2896.0,3140.0,82,3,3139.9,45,3,3139.8,78,4,3139.7,53,5,3139.6,45,4,3141.0,20,1,3141.1,11,1,3141.2,3,1,3141.5,45,2,3141.7,363,2
2031,2026-06-16 09:26:34+05:30,3140.0,5,3145.14,298843,108188.0,149369.0,3163.0,3163.0,3135.7,3134.3,31678200,3447.7,2820.9,3839.9,2896.0,3140.0,82,3,3139.9,45,3,3139.8,78,4,3139.7,53,5,3139.6,45,4,3141.0,20,1,3141.1,11,1,3141.2,3,1,3141.5,45,2,3141.7,363,2
2031,2026-06-16 09:26:34+05:30,3141.0,49,3145.14,299154,107842.0,150600.0,3163.0,3163.0,3135.7,3134.3,31678200,3447.7,2820.9,3839.9,2896.0,3139.8,14,1,3139.7,9,3,3139.6,21,4,3139.5,45,5,3139.4,70,4,3141.0,31,2,3141.1,11,1,3141.2,54,3,3141.3,33,1,3141.4,25,1
2031,2026-06-16 09:26:35+05:30,3141.0,4,3145.14,299154,107842.0,150600.0,3163.0,3163.0,3135.7,3134.3,31678200,3447.7,2820.9,3839.9,2896.0,3139.8,14,1,3139.7,9,3,3139.6,21,4,3139.5,45,5,3139.4,70,4,3141.0,31,2,3141.1,11,1,3141.2,54,3,3141.3,33,1,3141.4,25,1
2031,2026-06-16 09:26:35+05:30,3141.0,4,3145.14,299158,108203.0,150943.0,3163.0,3163.0,3135.7,3134.3,31678200,3447.7,2820.9,3839.9,2896.0,3140.4,80,2,3139.8,104,3,3139.7,129,5,3139.6,130,6,3139.5,132,8,3141.0,32,2,3141.1,11,1,3141.2,3,1,3141.3,25,1,3141.5,20,1
2031,2026-06-16 09:26:36+05:30,3141.0,14,3145.14,299158,108203.0,150943.0,3163.0,3163.0,3135.7,3134.3,31678200,3447.7,2820.9,3839.9,2896.0,3140.4,80,2,3139.8,104,3,3139.7,129,5,3139.6,130,6,3139.5,132,8,3141.0,32,2,3141.1,11,1,3141.2,3,1,3141.3,25,1,3141.5,20,1
2031,2026-06-16 09:26:36+05:30,3141.0,14,3145.14,299190,109239.0,150628.0,3163.0,3163.0,3135.7,3134.3,31678200,3447.7,2820.9,3839.9,2896.0,3141.0,58,1,3140.7,76,1,3140.5,10,1,3140.4,80,2,3140.3,91,2,3141.1,11,1,3141.2,3,1,3141.5,20,1,3141.8,56,2,3141.9,146,3
2031,2026-06-16 09:26:37+05:30,3141.2,16,3145.14,299190,109239.0,150628.0,3163.0,3163.0,3135.7,3134.3,31678200,3447.7,2820.9,3839.9,2896.0,3141.0,58,1,3140.7,76,1,3140.5,10,1,3140.4,80,2,3140.3,91,2,3141.1,11,1,3141.2,3,1,3141.5,20,1,3141.8,56,2,3141.9,146,3
2031,2026-06-16 09:26:37+05:30,3141.2,16,3145.14,299222,109940.0,150444.0,3163.0,3163.0,3135.7,3134.3,31678200,3447.7,2820.9,3839.9,2896.0,3141.0,61,2,3140.7,76,1,3140.5,34,3,3140.4,80,2,3140.3,145,3,3141.5,20,1,3141.9,174,1,3142.0,1164,5,3142.2,178,4,3142.3,2,1
2031,2026-06-16 09:26:38+05:30,3141.0,2,3145.14,299224,109666.0,150298.0,3163.0,3163.0,3135.7,3134.3,31678200,3447.7,2820.9,3839.9,2896.0,3141.2,79,1,3141.0,60,3,3140.7,76,1,3140.5,34,3,3140.4,5,2,3141.5,20,1,3141.9,25,1,3142.0,1250,6,3142.2,216,5,3142.3,23,2
2031,2026-06-16 09:26:39+05:30,3141.5,3,3145.14,299224,109666.0,150298.0,3163.0,3163.0,3135.7,3134.3,31678200,3447.7,2820.9,3839.9,2896.0,3141.2,79,1,3141.0,60,3,3140.7,76,1,3140.5,34,3,3140.4,5,2,3141.5,20,1,3141.9,25,1,3142.0,1250,6,3142.2,216,5,3142.3,23,2
2031,2026-06-16 09:26:39+05:30,3141.5,1,3145.14,299233,110042.0,150012.0,3163.0,3163.0,3135.7,3134.3,31678200,3447.7,2820.9,3839.9,2896.0,3141.2,77,2,3141.0,78,4,3140.9,10,1,3140.7,140,4,3140.6,18,1,3141.5,38,2,3142.0,1164,5,3142.2,111,2,3142.3,2,1,3142.4,25,1
2031,2026-06-16 09:26:40+05:30,3142.0,8,3145.14,299233,110042.0,150012.0,3163.0,3163.0,3135.7,3134.3,31678200,3447.7,2820.9,3839.9,2896.0,3141.2,77,2,3141.0,78,4,3140.9,10,1,3140.7,140,4,3140.6,18,1,3141.5,38,2,3142.0,1164,5,3142.2,111,2,3142.3,2,1,3142.4,25,1
2031,2026-06-16 09:26:40+05:30,3141.5,16,3145.13,299358,110173.0,149404.0,3163.0,3163.0,3135.7,3134.3,31678200,3447.7,2820.9,3839.9,2896.0,3141.5,33,1,3141.2,95,4,3141.0,4,2,3140.9,10,1,3140.8,1,1,3141.7,12,1,3142.0,1118,6,3142.2,25,1,3142.3,36,2,3142.4,67,2
2031,2026-06-16 09:26:41+05:30,3141.5,16,3145.13,299358,110173.0,149404.0,3163.0,3163.0,3135.7,3134.3,31678200,3447.7,2820.9,3839.9,2896.0,3141.5,33,1,3141.2,95,4,3141.0,4,2,3140.9,10,1,3140.8,1,1,3141.7,12,1,3142.0,1118,6,3142.2,25,1,3142.3,36,2,3142.4,67,2
2031,2026-06-16 09:26:42+05:30,3142.0,15,3145.13,299388,110350.0,149403.0,3163.0,3163.0,3135.7,3134.3,31678200,3447.7,2820.9,3839.9,2896.0,3141.5,33,1,3141.4,26,1,3141.2,67,3,3141.0,58,3,3140.8,117,4,3142.0,1103,6,3142.2,25,1,3142.3,2,1,3142.4,25,1,3142.5,128,2
2031,2026-06-16 09:26:42+05:30,3142.0,15,3145.13,299388,110350.0,149403.0,3163.0,3163.0,3135.7,3134.3,31678200,3447.7,2820.9,3839.9,2896.0,3141.5,33,1,3141.4,26,1,3141.2,67,3,3141.0,58,3,3140.8,117,4,3142.0,1103,6,3142.2,25,1,3142.3,2,1,3142.4,25,1,3142.5,128,2
2031,2026-06-16 09:26:43+05:30,3141.5,92,3145.13,299588,110392.0,149663.0,3163.0,3163.0,3135.7,3134.3,31678200,3447.7,2820.9,3839.9,2896.0,3141.8,30,1,3141.5,87,1,3141.2,81,4,3141.0,4,2,3140.8,1,1,3142.0,1103,6,3142.2,25,1,3142.3,36,2,3142.4,25,1,3142.5,111,2
2031,2026-06-16 09:26:43+05:30,3141.5,92,3145.13,299588,110392.0,149663.0,3163.0,3163.0,3135.7,3134.3,31678200,3447.7,2820.9,3839.9,2896.0,3141.8,30,1,3141.5,87,1,3141.2,81,4,3141.0,4,2,3140.8,1,1,3142.0,1103,6,3142.2,25,1,3142.3,36,2,3142.4,25,1,3142.5,111,2
2031,2026-06-16 09:26:44+05:30,3141.5,5,3145.13,299945,110625.0,148267.0,3163.0,3163.0,3135.7,3134.3,31678200,3447.7,2820.9,3839.9,2896.0,3141.5,82,1,3141.2,100,5,3141.1,59,2,3141.0,11,3,3140.8,190,5,3142.0,751,6,3142.2,25,1,3142.3,2,1,3142.6,70,2,3142.7,13,1
2031,2026-06-16 09:26:44+05:30,3141.5,5,3145.13,299945,110625.0,148267.0,3163.0,3163.0,3135.7,3134.3,31678200,3447.7,2820.9,3839.9,2896.0,3141.5,82,1,3141.2,100,5,3141.1,59,2,3141.0,11,3,3140.8,190,5,3142.0,751,6,3142.2,25,1,3142.3,2,1,3142.6,70,2,3142.7,13,1
2031,2026-06-16 09:26:45+05:30,3142.0,11,3145.12,300681,110690.0,148881.0,3163.0,3163.0,3135.7,3134.3,31678200,3447.7,2820.9,3839.9,2896.0,3141.5,45,2,3141.2,81,4,3141.1,13,1,3141.0,11,3,3140.8,75,5,3142.0,1215,4,3142.2,25,1,3142.3,30,2,3142.4,22,1,3142.5,42,1
2031,2026-06-16 09:26:45+05:30,3142.0,11,3145.12,300681,110690.0,148881.0,3163.0,3163.0,3135.7,3134.3,31678200,3447.7,2820.9,3839.9,2896.0,3141.5,45,2,3141.2,81,4,3141.1,13,1,3141.0,11,3,3140.8,75,5,3142.0,1215,4,3142.2,25,1,3142.3,30,2,3142.4,22,1,3142.5,42,1
2031,2026-06-16 09:26:46+05:30,3142.0,1,3145.12,300681,110690.0,148881.0,3163.0,3163.0,3135.7,3134.3,31678200,3447.7,2820.9,3839.9,2896.0,3141.5,45,2,3141.2,81,4,3141.1,13,1,3141.0,11,3,3140.8,75,5,3142.0,1215,4,3142.2,25,1,3142.3,30,2,3142.4,22,1,3142.5,42,1
2031,2026-06-16 09:26:46+05:30,3142.0,1,3145.12,300752,110900.0,148981.0,3163.0,3163.0,3135.7,3134.3,31678200,3447.7,2820.9,3839.9,2896.0,3141.6,15,1,3141.5,98,6,3141.4,30,1,3141.2,67,3,3141.0,55,4,3142.0,1278,5,3142.2,25,1,3142.3,2,1,3142.5,28,1,3142.6,84,1
2031,2026-06-16 09:26:47+05:30,3142.0,112,3145.12,300752,110900.0,148981.0,3163.0,3163.0,3135.7,3134.3,31678200,3447.7,2820.9,3839.9,2896.0,3141.6,15,1,3141.5,98,6,3141.4,30,1,3141.2,67,3,3141.0,55,4,3142.0,1278,5,3142.2,25,1,3142.3,2,1,3142.5,28,1,3142.6,84,1
2031,2026-06-16 09:26:47+05:30,3142.0,112,3145.12,300864,110985.0,148741.0,3163.0,3163.0,3135.7,3134.3,31678200,3447.7,2820.9,3839.9,2896.0,3141.6,66,2,3141.5,78,7,3141.4,30,1,3141.3,71,2,3141.2,67,3,3142.0,1180,6,3142.2,25,1,3142.3,2,1,3142.6,84,1,3142.8,116,3
2031,2026-06-16 09:26:48+05:30,3141.5,1,3145.12,300864,110985.0,148741.0,3163.0,3163.0,3135.7,3134.3,31678200,3447.7,2820.9,3839.9,2896.0,3141.6,66,2,3141.5,78,7,3141.4,30,1,3141.3,71,2,3141.2,67,3,3142.0,1180,6,3142.2,25,1,3142.3,2,1,3142.6,84,1,3142.8,116,3
2031,2026-06-16 09:26:48+05:30,3141.5,1,3145.11,301349,109787.0,149265.0,3163.0,3163.0,3135.7,3134.3,31678200,3447.7,2820.9,3839.9,2896.0,3141.6,4,1,3141.5,43,5,3141.4,30,1,3141.2,82,4,3141.0,35,3,3142.0,1217,9,3142.2,99,4,3142.3,36,2,3142.4,50,2,3142.5,108,6
2031,2026-06-16 09:26:49+05:30,3142.0,651,3145.11,301349,109787.0,149265.0,3163.0,3163.0,3135.7,3134.3,31678200,3447.7,2820.9,3839.9,2896.0,3141.6,4,1,3141.5,43,5,3141.4,30,1,3141.2,82,4,3141.0,35,3,3142.0,1217,9,3142.2,99,4,3142.3,36,2,3142.4,50,2,3142.5,108,6
2031,2026-06-16 09:26:49+05:30,3142.0,51,3145.1,302453,110128.0,150210.0,3163.0,3163.0,3135.7,3134.3,31678200,3447.7,2820.9,3839.9,2896.0,3141.6,17,2,3141.5,45,6,3141.4,30,1,3141.2,82,4,3141.0,35,3,3142.0,1342,11,3142.1,12,1,3142.2,111,5,3142.3,38,2,3142.4,50,2
2031,2026-06-16 09:26:50+05:30,3142.0,5,3145.1,302453,110128.0,150210.0,3163.0,3163.0,3135.7,3134.3,31678200,3447.7,2820.9,3839.9,2896.0,3141.6,17,2,3141.5,45,6,3141.4,30,1,3141.2,82,4,3141.0,35,3,3142.0,1342,11,3142.1,12,1,3142.2,111,5,3142.3,38,2,3142.4,50,2
2031,2026-06-16 09:26:50+05:30,3142.0,192,3145.1,302774,111586.0,149539.0,3163.0,3163.0,3135.7,3134.3,31678200,3447.7,2820.9,3839.9,2896.0,3141.6,46,4,3141.5,45,6,3141.4,30,1,3141.3,13,1,3141.2,67,3,3142.0,1029,4,3142.1,12,1,3142.2,37,2,3142.3,2,1,3142.5,34,2
2031,2026-06-16 09:26:51+05:30,3141.6,1,3145.1,302774,111586.0,149539.0,3163.0,3163.0,3135.7,3134.3,31678200,3447.7,2820.9,3839.9,2896.0,3141.6,46,4,3141.5,45,6,3141.4,30,1,3141.3,13,1,3141.2,67,3,3142.0,1029,4,3142.1,12,1,3142.2,37,2,3142.3,2,1,3142.5,34,2
2031,2026-06-16 09:26:51+05:30,3141.6,1,3145.1,302875,112258.0,149774.0,3163.0,3163.0,3135.7,3134.3,31678200,3447.7,2820.9,3839.9,2896.0,3141.8,27,1,3141.6,121,5,3141.5,45,6,3141.3,13,1,3141.2,67,3,3142.0,1055,6,3142.1,12,1,3142.2,37,2,3142.3,2,1,3142.5,42,3
2031,2026-06-16 09:26:52+05:30,3142.0,50,3145.09,303214,112287.0,151743.0,3163.0,3163.0,3135.7,3134.3,31678200,3447.7,2820.9,3839.9,2896.0,3141.8,1,1,3141.6,121,5,3141.5,45,6,3141.3,13,1,3141.2,67,3,3142.0,1216,5,3142.1,12,1,3142.2,37,2,3142.3,2,1,3142.5,34,2
2031,2026-06-16 09:26:53+05:30,3142.0,1,3145.09,303214,112287.0,151743.0,3163.0,3163.0,3135.7,3134.3,31678200,3447.7,2820.9,3839.9,2896.0,3141.8,1,1,3141.6,121,5,3141.5,45,6,3141.3,13,1,3141.2,67,3,3142.0,1216,5,3142.1,12,1,3142.2,37,2,3142.3,2,1,3142.5,34,2
2031,2026-06-16 09:26:53+05:30,3142.0,34,3145.09,303249,112512.0,151865.0,3163.0,3163.0,3135.7,3134.3,31678200,3447.7,2820.9,3839.9,2896.0,3141.9,92,1,3141.8,1,1,3141.6,121,5,3141.5,45,6,3141.3,43,1,3142.0,1181,5,3142.1,12,1,3142.2,37,2,3142.3,2,1,3142.5,6,1
2031,2026-06-16 09:26:54+05:30,3142.0,1,3145.09,303249,112512.0,151865.0,3163.0,3163.0,3135.7,3134.3,31678200,3447.7,2820.9,3839.9,2896.0,3141.9,92,1,3141.8,1,1,3141.6,121,5,3141.5,45,6,3141.3,43,1,3142.0,1181,5,3142.1,12,1,3142.2,37,2,3142.3,2,1,3142.5,6,1
2031,2026-06-16 09:26:54+05:30,3141.6,16,3145.09,303455,111913.0,152069.0,3163.0,3163.0,3135.7,3134.3,31678200,3447.7,2820.9,3839.9,2896.0,3141.6,112,6,3141.5,45,6,3141.2,5,2,3141.1,30,1,3141.0,165,5,3142.0,1197,6,3142.1,24,2,3142.2,65,3,3142.3,75,4,3142.4,44,1
2031,2026-06-16 09:26:55+05:30,3142.0,5,3145.09,303455,111913.0,152069.0,3163.0,3163.0,3135.7,3134.3,31678200,3447.7,2820.9,3839.9,2896.0,3141.6,112,6,3141.5,45,6,3141.2,5,2,3141.1,30,1,3141.0,165,5,3142.0,1197,6,3142.1,24,2,3142.2,65,3,3142.3,75,4,3142.4,44,1
2031,2026-06-16 09:26:56+05:30,3142.0,10,3145.09,303597,111709.0,152141.0,3163.0,3163.0,3135.7,3134.3,31678200,3447.7,2820.9,3839.9,2896.0,3141.9,20,2,3141.6,86,4,3141.5,24,4,3141.2,5,2,3141.1,30,1,3142.0,1095,7,3142.1,53,3,3142.2,65,3,3142.3,12,2,3142.4,28,1
2031,2026-06-16 09:26:56+05:30,3141.1,174,3145.09,303597,111709.0,152141.0,3163.0,3163.0,3135.7,3134.3,31678200,3447.7,2820.9,3839.9,2896.0,3141.9,20,2,3141.6,86,4,3141.5,24,4,3141.2,5,2,3141.1,30,1,3142.0,1095,7,3142.1,53,3,3142.2,65,3,3142.3,12,2,3142.4,28,1
2031,2026-06-16 09:26:57+05:30,3141.1,174,3145.08,304399,110135.0,152458.0,3163.0,3163.0,3135.7,3134.3,31678200,3447.7,2820.9,3839.9,2896.0,3141.1,30,1,3141.0,166,6,3140.5,2,1,3140.4,4,1,3140.3,5,1,3141.8,7,1,3142.0,1180,10,3142.1,70,4,3142.2,102,6,3142.3,186,5
2031,2026-06-16 09:26:57+05:30,3142.0,3,3145.08,304399,110135.0,152458.0,3163.0,3163.0,3135.7,3134.3,31678200,3447.7,2820.9,3839.9,2896.0,3141.1,30,1,3141.0,166,6,3140.5,2,1,3140.4,4,1,3140.3,5,1,3141.8,7,1,3142.0,1180,10,3142.1,70,4,3142.2,102,6,3142.3,186,5
2031,2026-06-16 09:26:58+05:30,3141.0,40,3145.07,305006,109451.0,154969.0,3163.0,3163.0,3135.7,3134.3,31678200,3447.7,2820.9,3839.9,2896.0,3141.1,21,2,3141.0,46,2,3140.0,792,6,3139.8,12,1,3139.6,90,2,3141.4,39,3,3141.6,115,5,3141.7,19,2,3141.8,104,3,3141.9,102,4
2031,2026-06-16 09:26:58+05:30,3141.0,40,3145.07,305006,109451.0,154969.0,3163.0,3163.0,3135.7,3134.3,31678200,3447.7,2820.9,3839.9,2896.0,3141.1,21,2,3141.0,46,2,3140.0,792,6,3139.8,12,1,3139.6,90,2,3141.4,39,3,3141.6,115,5,3141.7,19,2,3141.8,104,3,3141.9,102,4
2031,2026-06-16 09:26:59+05:30,3141.1,4,3145.07,305006,109451.0,154969.0,3163.0,3163.0,3135.7,3134.3,31678200,3447.7,2820.9,3839.9,2896.0,3141.1,21,2,3141.0,46,2,3140.0,792,6,3139.8,12,1,3139.6,90,2,3141.4,39,3,3141.6,115,5,3141.7,19,2,3141.8,104,3,3141.9,102,4
2031,2026-06-16 09:26:59+05:30,3141.1,4,3145.07,305081,109975.0,154928.0,3163.0,3163.0,3135.7,3134.3,31678200,3447.7,2820.9,3839.9,2896.0,3141.1,14,2,3141.0,18,2,3140.2,158,1,3140.1,86,1,3140.0,792,6,3141.4,27,1,3141.6,74,4,3141.7,46,3,3141.8,52,2,3141.9,121,4
2031,2026-06-16 09:27:00+05:30,3141.4,1,3145.07,305081,109975.0,154928.0,3163.0,3163.0,3135.7,3134.3,31678200,3447.7,2820.9,3839.9,2896.0,3141.1,14,2,3141.0,18,2,3140.2,158,1,3140.1,86,1,3140.0,792,6,3141.4,27,1,3141.6,74,4,3141.7,46,3,3141.8,52,2,3141.9,121,4
2031,2026-06-16 09:27:00+05:30,3142.0,322,3145.07,305515,110612.0,153010.0,3163.0,3163.0,3135.7,3134.3,31678200,3447.7,2820.9,3839.9,2896.0,3141.3,2,2,3141.1,93,7,3141.0,51,3,3140.8,14,1,3140.7,23,1,3142.0,722,6,3142.1,12,1,3142.2,437,4,3142.3,202,2,3142.4,92,2
2031,2026-06-16 09:27:01+05:30,3141.1,4,3145.07,305515,110612.0,153010.0,3163.0,3163.0,3135.7,3134.3,31678200,3447.7,2820.9,3839.9,2896.0,3141.3,2,2,3141.1,93,7,3141.0,51,3,3140.8,14,1,3140.7,23,1,3142.0,722,6,3142.1,12,1,3142.2,437,4,3142.3,202,2,3142.4,92,2
2031,2026-06-16 09:27:01+05:30,3141.3,3,3145.07,305551,110636.0,154075.0,3163.0,3163.0,3135.7,3134.3,31678200,3447.7,2820.9,3839.9,2896.0,3141.3,41,2,3141.1,93,8,3141.0,28,2,3140.6,23,1,3140.3,108,2,3141.9,15,1,3142.0,715,7,3142.1,12,1,3142.2,437,4,3142.3,255,4
2031,2026-06-16 09:27:02+05:30,3141.3,4,3145.07,305551,110636.0,154075.0,3163.0,3163.0,3135.7,3134.3,31678200,3447.7,2820.9,3839.9,2896.0,3141.3,41,2,3141.1,93,8,3141.0,28,2,3140.6,23,1,3140.3,108,2,3141.9,15,1,3142.0,715,7,3142.1,12,1,3142.2,437,4,3142.3,255,4
2031,2026-06-16 09:27:02+05:30,3141.3,4,3145.07,305560,110787.0,154161.0,3163.0,3163.0,3135.7,3134.3,31678200,3447.7,2820.9,3839.9,2896.0,3141.3,45,3,3141.1,93,8,3141.0,28,2,3140.8,62,1,3140.6,109,2,3141.9,1,1,3142.0,748,7,3142.1,12,1,3142.2,437,4,3142.3,202,2
2031,2026-06-16 09:27:03+05:30,3141.9,1,3145.07,305560,110787.0,154161.0,3163.0,3163.0,3135.7,3134.3,31678200,3447.7,2820.9,3839.9,2896.0,3141.3,45,3,3141.1,93,8,3141.0,28,2,3140.8,62,1,3140.6,109,2,3141.9,1,1,3142.0,748,7,3142.1,12,1,3142.2,437,4,3142.3,202,2
2031,2026-06-16 09:27:03+05:30,3142.0,1,3145.07,305562,111222.0,153123.0,3163.0,3163.0,3135.7,3134.3,31678200,3447.7,2820.9,3839.9,2896.0,3141.4,10,1,3141.3,45,3,3141.1,124,9,3141.0,50,2,3140.8,139,2,3142.0,747,7,3142.1,12,1,3142.2,437,4,3142.3,202,2,3142.4,25,1
2031,2026-06-16 09:27:04+05:30,3141.4,1,3145.07,305562,111222.0,153123.0,3163.0,3163.0,3135.7,3134.3,31678200,3447.7,2820.9,3839.9,2896.0,3141.4,10,1,3141.3,45,3,3141.1,124,9,3141.0,50,2,3140.8,139,2,3142.0,747,7,3142.1,12,1,3142.2,437,4,3142.3,202,2,3142.4,25,1
2031,2026-06-16 09:27:04+05:30,3141.4,15,3145.07,305588,111242.0,153270.0,3163.0,3163.0,3135.7,3134.3,31678200,3447.7,2820.9,3839.9,2896.0,3141.4,2,1,3141.3,45,3,3141.2,30,1,3141.1,93,8,3141.0,67,1,3141.9,200,1,3142.0,772,8,3142.1,12,1,3142.2,437,4,3142.3,202,2
2031,2026-06-16 09:27:05+05:30,3141.1,5,3145.07,305588,111242.0,153270.0,3163.0,3163.0,3135.7,3134.3,31678200,3447.7,2820.9,3839.9,2896.0,3141.4,2,1,3141.3,45,3,3141.2,30,1,3141.1,93,8,3141.0,67,1,3141.9,200,1,3142.0,772,8,3142.1,12,1,3142.2,437,4,3142.3,202,2
2031,2026-06-16 09:27:06+05:30,3141.8,1,3145.06,306112,111047.0,154052.0,3163.0,3163.0,3135.7,3134.3,31678200,3447.7,2820.9,3839.9,2896.0,3141.4,27,3,3141.1,20,4,3141.0,500,1,3140.2,23,1,3140.1,137,4,3141.8,4,1,3141.9,229,3,3142.0,815,10,3142.1,12,1,3142.2,492,6
2031,2026-06-16 09:27:06+05:30,3141.8,1,3145.06,306112,111047.0,154052.0,3163.0,3163.0,3135.7,3134.3,31678200,3447.7,2820.9,3839.9,2896.0,3141.4,27,3,3141.1,20,4,3141.0,500,1,3140.2,23,1,3140.1,137,4,3141.8,4,1,3141.9,229,3,3142.0,815,10,3142.1,12,1,3142.2,492,6
2031,2026-06-16 09:27:07+05:30,3140.0,58,3145.03,307998,106794.0,156383.0,3163.0,3163.0,3135.7,3134.3,31678200,3447.7,2820.9,3839.9,2896.0,3140.0,40,1,3139.8,12,1,3139.5,40,2,3139.4,5,1,3139.3,30,1,3140.8,15,1,3140.9,61,5,3141.0,146,7,3141.1,336,7,3141.2,144,4
2031,2026-06-16 09:27:07+05:30,3140.9,3,3145.03,307998,106794.0,156383.0,3163.0,3163.0,3135.7,3134.3,31678200,3447.7,2820.9,3839.9,2896.0,3140.0,40,1,3139.8,12,1,3139.5,40,2,3139.4,5,1,3139.3,30,1,3140.8,15,1,3140.9,61,5,3141.0,146,7,3141.1,336,7,3141.2,144,4
2031,2026-06-16 09:27:08+05:30,3140.4,21,3145.03,308058,108135.0,155764.0,3163.0,3163.0,3135.7,3134.3,31678200,3447.7,2820.9,3839.9,2896.0,3140.4,57,1,3140.0,123,3,3139.8,90,2,3139.6,179,2,3139.5,106,3,3140.8,200,1,3141.0,37,3,3141.1,6,1,3141.2,36,2,3141.3,7,1
2031,2026-06-16 09:27:08+05:30,3140.4,21,3145.03,308058,108135.0,155764.0,3163.0,3163.0,3135.7,3134.3,31678200,3447.7,2820.9,3839.9,2896.0,3140.4,57,1,3140.0,123,3,3139.8,90,2,3139.6,179,2,3139.5,106,3,3140.8,200,1,3141.0,37,3,3141.1,6,1,3141.2,36,2,3141.3,7,1
2031,2026-06-16 09:27:08+05:30,3140.6,1,3145.03,308058,108135.0,155764.0,3163.0,3163.0,3135.7,3134.3,31678200,3447.7,2820.9,3839.9,2896.0,3140.4,57,1,3140.0,123,3,3139.8,90,2,3139.6,179,2,3139.5,106,3,3140.8,200,1,3141.0,37,3,3141.1,6,1,3141.2,36,2,3141.3,7,1
2031,2026-06-16 09:27:09+05:30,3140.5,4,3145.03,308058,108135.0,155764.0,3163.0,3163.0,3135.7,3134.3,31678200,3447.7,2820.9,3839.9,2896.0,3140.4,57,1,3140.0,123,3,3139.8,90,2,3139.6,179,2,3139.5,106,3,3140.8,200,1,3141.0,37,3,3141.1,6,1,3141.2,36,2,3141.3,7,1
2031,2026-06-16 09:27:09+05:30,3140.5,4,3145.03,308322,109336.0,154458.0,3163.0,3163.0,3135.7,3134.3,31678200,3447.7,2820.9,3839.9,2896.0,3140.5,48,5,3140.4,188,6,3140.3,94,3,3140.2,47,3,3140.1,24,2,3141.8,200,1,3141.9,4,1,3142.0,910,10,3142.1,32,2,3142.2,523,5
2031,2026-06-16 09:27:09+05:30,3140.5,4,3145.03,308322,109336.0,154458.0,3163.0,3163.0,3135.7,3134.3,31678200,3447.7,2820.9,3839.9,2896.0,3140.5,48,5,3140.4,188,6,3140.3,94,3,3140.2,47,3,3140.1,24,2,3141.8,200,1,3141.9,4,1,3142.0,910,10,3142.1,32,2,3142.2,523,5
2031,2026-06-16 09:27:10+05:30,3140.6,3,3145.03,308322,109336.0,154458.0,3163.0,3163.0,3135.7,3134.3,31678200,3447.7,2820.9,3839.9,2896.0,3140.6,48,2,3140.5,238,8,3140.4,114,5,3140.3,172,4,3140.2,47,3,3141.8,175,1,3141.9,4,1,3142.0,763,7,3142.1,472,5,3142.2,279,4
2031,2026-06-16 09:27:10+05:30,3140.6,3,3145.03,308350,109719.0,154204.0,3163.0,3163.0,3135.7,3134.3,31678200,3447.7,2820.9,3839.9,2896.0,3140.6,48,2,3140.5,238,8,3140.4,114,5,3140.3,172,4,3140.2,47,3,3141.8,175,1,3141.9,4,1,3142.0,763,7,3142.1,472,5,3142.2,279,4
2031,2026-06-16 09:27:11+05:30,3140.6,3,3145.03,308350,109719.0,154204.0,3163.0,3163.0,3135.7,3134.3,31678200,3447.7,2820.9,3839.9,2896.0,3140.6,48,2,3140.5,238,8,3140.4,114,5,3140.3,172,4,3140.2,47,3,3141.8,175,1,3141.9,4,1,3142.0,763,7,3142.1,472,5,3142.2,279,4
2031,2026-06-16 09:27:11+05:30,3141.0,1,3145.03,308350,109719.0,154204.0,3163.0,3163.0,3135.7,3134.3,31678200,3447.7,2820.9,3839.9,2896.0,3140.6,48,2,3140.5,238,8,3140.4,114,5,3140.3,172,4,3140.2,47,3,3141.8,175,1,3141.9,4,1,3142.0,763,7,3142.1,472,5,3142.2,279,4
2031,2026-06-16 09:27:11+05:30,3141.0,1,3145.03,308360,109017.0,154535.0,3163.0,3163.0,3135.7,3134.3,31678200,3447.7,2820.9,3839.9,2896.0,3140.6,12,2,3140.5,119,3,3140.4,71,3,3140.3,20,1,3140.2,69,2,3141.0,299,1,3141.8,200,2,3141.9,121,4,3142.0,793,8,3142.1,472,5
2031,2026-06-16 09:27:12+05:30,3140.7,18,3145.03,308360,109017.0,154535.0,3163.0,3163.0,3135.7,3134.3,31678200,3447.7,2820.9,3839.9,2896.0,3140.6,12,2,3140.5,119,3,3140.4,71,3,3140.3,20,1,3140.2,69,2,3141.0,299,1,3141.8,200,2,3141.9,121,4,3142.0,793,8,3142.1,472,5
2031,2026-06-16 09:27:12+05:30,3140.7,18,3145.02,308879,109883.0,151986.0,3163.0,3163.0,3135.7,3134.3,31678200,3447.7,2820.9,3839.9,2896.0,3140.7,51,3,3140.6,119,5,3140.5,84,5,3140.4,156,7,3140.3,131,3,3141.8,200,2,3141.9,4,1,3142.0,763,7,3142.1,452,4,3142.2,316,4
2031,2026-06-16 09:27:12+05:30,3140.7,18,3145.02,308879,109883.0,151986.0,3163.0,3163.0,3135.7,3134.3,31678200,3447.7,2820.9,3839.9,2896.0,3140.7,51,3,3140.6,119,5,3140.5,84,5,3140.4,156,7,3140.3,131,3,3141.8,200,2,3141.9,4,1,3142.0,763,7,3142.1,452,4,3142.2,316,4
2031,2026-06-16 09:27:13+05:30,3141.0,6,3145.02,308879,109883.0,151986.0,3163.0,3163.0,3135.7,3134.3,31678200,3447.7,2820.9,3839.9,2896.0,3140.7,51,3,3140.6,119,5,3140.5,84,5,3140.4,156,7,3140.3,131,3,3141.8,200,2,3141.9,4,1,3142.0,763,7,3142.1,452,4,3142.2,316,4
2031,2026-06-16 09:27:13+05:30,3141.0,6,3145.02,308885,110137.0,154327.0,3163.0,3163.0,3135.7,3134.3,31678200,3447.7,2820.9,3839.9,2896.0,3141.0,15,3,3140.7,105,6,3140.6,65,3,3140.5,306,6,3140.4,181,8,3141.8,200,2,3141.9,4,1,3142.0,763,7,3142.1,452,4,3142.2,316,4
2031,2026-06-16 09:27:14+05:30,3141.0,6,3145.02,308885,110137.0,154327.0,3163.0,3163.0,3135.7,3134.3,31678200,3447.7,2820.9,3839.9,2896.0,3141.0,15,3,3140.7,105,6,3140.6,65,3,3140.5,306,6,3140.4,181,8,3141.8,200,2,3141.9,4,1,3142.0,763,7,3142.1,452,4,3142.2,316,4
2031,2026-06-16 09:27:14+05:30,3141.0,1,3145.02,308885,110137.0,154327.0,3163.0,3163.0,3135.7,3134.3,31678200,3447.7,2820.9,3839.9,2896.0,3141.0,15,3,3140.7,105,6,3140.6,65,3,3140.5,306,6,3140.4,181,8,3141.8,200,2,3141.9,4,1,3142.0,763,7,3142.1,452,4,3142.2,316,4
2031,2026-06-16 09:27:14+05:30,3141.0,4,3145.02,308899,109874.0,156219.0,3163.0,3163.0,3135.7,3134.3,31678200,3447.7,2820.9,3839.9,2896.0,3141.0,46,3,3140.7,11,1,3140.6,43,2,3140.5,46,3,3140.4,62,4,3141.8,200,2,3141.9,4,1,3142.0,763,7,3142.1,482,5,3142.2,437,7
2031,2026-06-16 09:27:15+05:30,3141.8,5,3145.02,308899,109874.0,156219.0,3163.0,3163.0,3135.7,3134.3,31678200,3447.7,2820.9,3839.9,2896.0,3141.0,46,3,3140.7,11,1,3140.6,43,2,3140.5,46,3,3140.4,62,4,3141.8,200,2,3141.9,4,1,3142.0,763,7,3142.1,482,5,3142.2,437,7
2031,2026-06-16 09:27:15+05:30,3141.8,5,3145.02,308899,109874.0,156219.0,3163.0,3163.0,3135.7,3134.3,31678200,3447.7,2820.9,3839.9,2896.0,3141.0,46,3,3140.7,11,1,3140.6,43,2,3140.5,46,3,3140.4,62,4,3141.8,200,2,3141.9,4,1,3142.0,763,7,3142.1,482,5,3142.2,437,7
2031,2026-06-16 09:27:15+05:30,3141.8,5,3145.02,308904,109965.0,155734.0,3163.0,3163.0,3135.7,3134.3,31678200,3447.7,2820.9,3839.9,2896.0,3141.4,2,2,3141.0,77,6,3140.7,25,2,3140.6,43,2,3140.5,17,2,3141.8,196,3,3141.9,4,1,3142.0,763,7,3142.1,452,4,3142.2,237,3
2031,2026-06-16 09:27:16+05:30,3141.4,1,3145.02,308904,109965.0,155734.0,3163.0,3163.0,3135.7,3134.3,31678200,3447.7,2820.9,3839.9,2896.0,3141.4,2,2,3141.0,77,6,3140.7,25,2,3140.6,43,2,3140.5,17,2,3141.8,196,3,3141.9,4,1,3142.0,763,7,3142.1,452,4,3142.2,237,3
2031,2026-06-16 09:27:16+05:30,3141.4,1,3145.02,308904,109965.0,155734.0,3163.0,3163.0,3135.7,3134.3,31678200,3447.7,2820.9,3839.9,2896.0,3141.4,1,1,3141.0,106,7,3140.7,11,1,3140.6,54,3,3140.5,17,2,3141.5,99,1,3141.8,221,4,3141.9,4,1,3142.0,794,8,3142.1,501,6
2031,2026-06-16 09:27:16+05:30,3141.4,1,3145.02,308912,109744.0,155630.0,3163.0,3163.0,3135.7,3134.3,31678200,3447.7,2820.9,3839.9,2896.0,3141.4,1,1,3141.0,106,7,3140.7,11,1,3140.6,54,3,3140.5,17,2,3141.5,99,1,3141.8,221,4,3141.9,4,1,3142.0,794,8,3142.1,501,6
2031,2026-06-16 09:27:17+05:30,3141.0,11,3145.02,308912,109744.0,155630.0,3163.0,3163.0,3135.7,3134.3,31678200,3447.7,2820.9,3839.9,2896.0,3141.4,1,1,3141.0,106,7,3140.7,11,1,3140.6,54,3,3140.5,17,2,3141.5,99,1,3141.8,221,4,3141.9,4,1,3142.0,794,8,3142.1,501,6
2031,2026-06-16 09:27:17+05:30,3141.0,11,3145.02,308912,109744.0,155630.0,3163.0,3163.0,3135.7,3134.3,31678200,3447.7,2820.9,3839.9,2896.0,3141.4,1,1,3141.0,106,7,3140.7,11,1,3140.6,54,3,3140.5,17,2,3141.5,99,1,3141.8,221,4,3141.9,4,1,3142.0,794,8,3142.1,501,6
2031,2026-06-16 09:27:17+05:30,3141.4,5,3145.02,308977,110254.0,155911.0,3163.0,3163.0,3135.7,3134.3,31678200,3447.7,2820.9,3839.9,2896.0,3141.0,61,7,3140.7,13,2,3140.6,58,4,3140.5,12,2,3140.4,77,5,3141.4,33,1,3141.5,134,4,3141.8,225,3,3141.9,4,1,3142.0,793,8
2031,2026-06-16 09:27:17+05:30,3141.4,5,3145.02,308977,110254.0,155911.0,3163.0,3163.0,3135.7,3134.3,31678200,3447.7,2820.9,3839.9,2896.0,3141.0,61,7,3140.7,13,2,3140.6,58,4,3140.5,12,2,3140.4,77,5,3141.4,33,1,3141.5,134,4,3141.8,225,3,3141.9,4,1,3142.0,793,8
2031,2026-06-16 09:27:18+05:30,3141.5,9,3145.02,308977,110254.0,155911.0,3163.0,3163.0,3135.7,3134.3,31678200,3447.7,2820.9,3839.9,2896.0,3141.0,61,7,3140.7,13,2,3140.6,58,4,3140.5,12,2,3140.4,77,5,3141.4,33,1,3141.5,134,4,3141.8,225,3,3141.9,4,1,3142.0,793,8
2031,2026-06-16 09:27:18+05:30,3141.5,9,3145.02,308977,110254.0,155911.0,3163.0,3163.0,3135.7,3134.3,31678200,3447.7,2820.9,3839.9,2896.0,3141.0,61,7,3140.7,13,2,3140.6,58,4,3140.5,12,2,3140.4,77,5,3141.4,33,1,3141.5,134,4,3141.8,225,3,3141.9,4,1,3142.0,793,8
2031,2026-06-16 09:27:19+05:30,3141.0,10,3145.02,309171,109556.0,155642.0,3163.0,3163.0,3135.7,3134.3,31678200,3447.7,2820.9,3839.9,2896.0,3141.0,44,8,3140.7,63,4,3140.6,36,4,3140.5,78,3,3140.4,45,4,3141.4,22,1,3141.8,190,2,3141.9,4,1,3142.0,662,6,3142.1,520,5
2031,2026-06-16 09:27:19+05:30,3141.0,4,3145.02,309171,109556.0,155642.0,3163.0,3163.0,3135.7,3134.3,31678200,3447.7,2820.9,3839.9,2896.0,3141.0,44,8,3140.7,63,4,3140.6,36,4,3140.5,78,3,3140.4,45,4,3141.4,22,1,3141.8,190,2,3141.9,4,1,3142.0,662,6,3142.1,520,5
2031,2026-06-16 09:27:19+05:30,3141.0,4,3145.02,309171,109556.0,155642.0,3163.0,3163.0,3135.7,3134.3,31678200,3447.7,2820.9,3839.9,2896.0,3141.0,44,8,3140.7,63,4,3140.6,36,4,3140.5,78,3,3140.4,45,4,3141.4,22,1,3141.8,190,2,3141.9,4,1,3142.0,662,6,3142.1,520,5
2031,2026-06-16 09:27:20+05:30,3141.4,24,3145.01,309233,109871.0,155513.0,3163.0,3163.0,3135.7,3134.3,31678200,3447.7,2820.9,3839.9,2896.0,3141.4,26,1,3141.0,103,8,3140.7,27,3,3140.6,85,6,3140.5,100,4,3141.5,6,1,3141.8,190,2,3141.9,4,1,3142.0,662,6,3142.1,498,4
2031,2026-06-16 09:27:20+05:30,3141.4,8,3145.01,309233,109871.0,155513.0,3163.0,3163.0,3135.7,3134.3,31678200,3447.7,2820.9,3839.9,2896.0,3141.4,26,1,3141.0,103,8,3140.7,27,3,3140.6,85,6,3140.5,100,4,3141.5,6,1,3141.8,190,2,3141.9,4,1,3142.0,662,6,3142.1,498,4
2031,2026-06-16 09:27:20+05:30,3141.4,8,3145.01,309233,109871.0,155513.0,3163.0,3163.0,3135.7,3134.3,31678200,3447.7,2820.9,3839.9,2896.0,3141.4,26,1,3141.0,103,8,3140.7,27,3,3140.6,85,6,3140.5,100,4,3141.5,6,1,3141.8,190,2,3141.9,4,1,3142.0,662,6,3142.1,498,4
2031,2026-06-16 09:27:21+05:30,3141.5,23,3145.01,309464,109914.0,155642.0,3163.0,3163.0,3135.7,3134.3,31678200,3447.7,2820.9,3839.9,2896.0,3141.4,24,2,3141.0,74,7,3140.8,14,1,3140.7,65,4,3140.6,18,3,3141.5,141,1,3141.8,426,3,3141.9,204,2,3142.0,662,6,3142.1,61,3
2031,2026-06-16 09:27:21+05:30,3141.5,23,3145.01,309464,109914.0,155642.0,3163.0,3163.0,3135.7,3134.3,31678200,3447.7,2820.9,3839.9,2896.0,3141.4,24,2,3141.0,74,7,3140.8,14,1,3140.7,65,4,3140.6,18,3,3141.5,141,1,3141.8,426,3,3141.9,204,2,3142.0,662,6,3142.1,61,3
2031,2026-06-16 09:27:21+05:30,3141.5,23,3145.01,309464,109914.0,155642.0,3163.0,3163.0,3135.7,3134.3,31678200,3447.7,2820.9,3839.9,2896.0,3141.4,24,2,3141.0,74,7,3140.8,14,1,3140.7,65,4,3140.6,18,3,3141.5,141,1,3141.8,426,3,3141.9,204,2,3142.0,662,6,3142.1,61,3
2031,2026-06-16 09:27:22+05:30,3141.5,23,3145.01,309464,109914.0,155642.0,3163.0,3163.0,3135.7,3134.3,31678200,3447.7,2820.9,3839.9,2896.0,3141.4,24,2,3141.0,74,7,3140.8,14,1,3140.7,65,4,3140.6,18,3,3141.5,141,1,3141.8,426,3,3141.9,204,2,3142.0,662,6,3142.1,61,3
2031,2026-06-16 09:27:22+05:30,3141.5,5,3145.01,309464,109914.0,155642.0,3163.0,3163.0,3135.7,3134.3,31678200,3447.7,2820.9,3839.9,2896.0,3141.4,24,2,3141.0,74,7,3140.8,14,1,3140.7,65,4,3140.6,18,3,3141.5,141,1,3141.8,426,3,3141.9,204,2,3142.0,662,6,3142.1,61,3
2031,2026-06-16 09:27:22+05:30,3141.5,5,3145.01,309469,110297.0,154841.0,3163.0,3163.0,3135.7,3134.3,31678200,3447.7,2820.9,3839.9,2896.0,3141.6,1,1,3141.4,91,5,3141.0,127,9,3140.8,27,2,3140.7,36,3,3141.8,162,2,3141.9,4,1,3142.0,662,6,3142.1,412,3,3142.2,37,2
2031,2026-06-16 09:27:22+05:30,3141.5,5,3145.01,309469,110297.0,154841.0,3163.0,3163.0,3135.7,3134.3,31678200,3447.7,2820.9,3839.9,2896.0,3141.6,1,1,3141.4,91,5,3141.0,127,9,3140.8,27,2,3140.7,36,3,3141.8,162,2,3141.9,4,1,3142.0,662,6,3142.1,412,3,3142.2,37,2
2031,2026-06-16 09:27:23+05:30,3141.8,37,3145.01,309469,110297.0,154841.0,3163.0,3163.0,3135.7,3134.3,31678200,3447.7,2820.9,3839.9,2896.0,3141.6,1,1,3141.4,91,5,3141.0,127,9,3140.8,27,2,3140.7,36,3,3141.8,162,2,3141.9,4,1,3142.0,662,6,3142.1,412,3,3142.2,37,2
2031,2026-06-16 09:27:23+05:30,3141.8,37,3145.01,309506,110391.0,157092.0,3163.0,3163.0,3135.7,3134.3,31678200,3447.7,2820.9,3839.9,2896.0,3141.6,2,2,3141.4,91,5,3141.0,269,10,3140.9,23,1,3140.8,27,2,3141.8,109,2,3141.9,4,1,3142.0,662,6,3142.1,412,3,3142.2,37,2
2031,2026-06-16 09:27:23+05:30,3141.8,37,3145.01,309506,110391.0,157092.0,3163.0,3163.0,3135.7,3134.3,31678200,3447.7,2820.9,3839.9,2896.0,3141.6,2,2,3141.4,91,5,3141.0,269,10,3140.9,23,1,3140.8,27,2,3141.8,109,2,3141.9,4,1,3142.0,662,6,3142.1,412,3,3142.2,37,2
2031,2026-06-16 09:27:24+05:30,3141.4,5,3145.01,309506,110391.0,157092.0,3163.0,3163.0,3135.7,3134.3,31678200,3447.7,2820.9,3839.9,2896.0,3141.6,2,2,3141.4,91,5,3141.0,269,10,3140.9,23,1,3140.8,27,2,3141.8,109,2,3141.9,4,1,3142.0,662,6,3142.1,412,3,3142.2,37,2
2031,2026-06-16 09:27:24+05:30,3141.4,97,3145.01,309812,110024.0,157492.0,3163.0,3163.0,3135.7,3134.3,31678200,3447.7,2820.9,3839.9,2896.0,3141.4,25,1,3141.0,227,9,3140.8,13,1,3140.7,13,2,3140.6,18,3,3141.8,153,4,3141.9,17,2,3142.0,778,8,3142.1,425,4,3142.2,67,3
2031,2026-06-16 09:27:24+05:30,3141.4,97,3145.01,309812,110024.0,157492.0,3163.0,3163.0,3135.7,3134.3,31683200,3447.7,2820.9,3839.9,2896.0,3141.4,25,1,3141.0,227,9,3140.8,13,1,3140.7,13,2,3140.6,18,3,3141.8,153,4,3141.9,17,2,3142.0,778,8,3142.1,425,4,3142.2,67,3
2031,2026-06-16 09:27:25+05:30,3141.8,7,3145.01,309812,110024.0,157492.0,3163.0,3163.0,3135.7,3134.3,31683200,3447.7,2820.9,3839.9,2896.0,3141.4,25,1,3141.0,227,9,3140.8,13,1,3140.7,13,2,3140.6,18,3,3141.8,153,4,3141.9,17,2,3142.0,778,8,3142.1,425,4,3142.2,67,3
2031,2026-06-16 09:27:25+05:30,3142.0,6,3145.0,310167,110104.0,156460.0,3163.0,3163.0,3135.7,3134.3,31683200,3447.7,2820.9,3839.9,2896.0,3141.2,15,1,3141.0,156,7,3140.8,13,1,3140.7,112,4,3140.6,21,4,3142.0,656,6,3142.1,12,1,3142.2,37,2,3142.3,54,3,3142.4,80,1
2031,2026-06-16 09:27:26+05:30,3141.2,5,3145.0,310167,110104.0,156460.0,3163.0,3163.0,3135.7,3134.3,31683200,3447.7,2820.9,3839.9,2896.0,3141.2,15,1,3141.0,156,7,3140.8,13,1,3140.7,112,4,3140.6,21,4,3142.0,656,6,3142.1,12,1,3142.2,37,2,3142.3,54,3,3142.4,80,1
2031,2026-06-16 09:27:26+05:30,3142.0,7,3145.0,310222,109936.0,157736.0,3163.0,3163.0,3135.7,3134.3,31683200,3447.7,2820.9,3839.9,2896.0,3141.2,3,1,3141.0,168,7,3140.8,28,2,3140.7,102,4,3140.6,10,3,3142.0,1405,7,3142.1,12,1,3142.2,37,2,3142.3,54,3,3142.4,188,3
2031,2026-06-16 09:27:27+05:30,3142.0,1,3145.0,310222,109936.0,157736.0,3163.0,3163.0,3135.7,3134.3,31683200,3447.7,2820.9,3839.9,2896.0,3141.2,3,1,3141.0,168,7,3140.8,28,2,3140.7,102,4,3140.6,10,3,3142.0,1405,7,3142.1,12,1,3142.2,37,2,3142.3,54,3,3142.4,188,3
2031,2026-06-16 09:27:27+05:30,3142.0,1,3145.0,310227,110958.0,157297.0,3163.0,3163.0,3135.7,3134.3,31683200,3447.7,2820.9,3839.9,2896.0,3141.8,1,1,3141.2,13,2,3141.0,174,7,3140.8,15,1,3140.7,13,2,3142.0,1424,8,3142.1,12,1,3142.2,64,3,3142.3,32,2,3142.4,112,2
2031,2026-06-16 09:27:28+05:30,3142.0,1,3145.0,310227,110958.0,157297.0,3163.0,3163.0,3135.7,3134.3,31683200,3447.7,2820.9,3839.9,2896.0,3141.8,1,1,3141.2,13,2,3141.0,174,7,3140.8,15,1,3140.7,13,2,3142.0,1424,8,3142.1,12,1,3142.2,64,3,3142.3,32,2,3142.4,112,2
2031,2026-06-16 09:27:28+05:30,3141.0,14,3145.0,310379,110931.0,157664.0,3163.0,3163.0,3135.7,3134.3,31683200,3447.7,2820.9,3839.9,2896.0,3141.0,160,7,3140.8,36,2,3140.7,53,3,3140.6,69,4,3140.5,103,3,3142.0,1407,9,3142.1,12,1,3142.2,37,2,3142.3,52,3,3142.4,242,5
2031,2026-06-16 09:27:29+05:30,3142.0,30,3145.0,310379,110931.0,157664.0,3163.0,3163.0,3135.7,3134.3,31683200,3447.7,2820.9,3839.9,2896.0,3141.0,160,7,3140.8,36,2,3140.7,53,3,3140.6,69,4,3140.5,103,3,3142.0,1407,9,3142.1,12,1,3142.2,37,2,3142.3,52,3,3142.4,242,5
2031,2026-06-16 09:27:29+05:30,3141.0,11,3145.0,310609,110311.0,158341.0,3163.0,3163.0,3135.7,3134.3,31683200,3447.7,2820.9,3839.9,2896.0,3141.0,171,7,3140.8,15,1,3140.7,13,2,3140.6,30,3,3140.5,131,3,3141.5,106,2,3141.9,59,1,3142.0,1415,10,3142.1,32,2,3142.2,164,5
2031,2026-06-16 09:27:30+05:30,3141.0,11,3145.0,310609,110311.0,158341.0,3163.0,3163.0,3135.7,3134.3,31683200,3447.7,2820.9,3839.9,2896.0,3141.0,171,7,3140.8,15,1,3140.7,13,2,3140.6,30,3,3140.5,131,3,3141.5,106,2,3141.9,59,1,3142.0,1415,10,3142.1,32,2,3142.2,164,5
2031,2026-06-16 09:27:31+05:30,3141.0,2,3145.0,310615,110428.0,157066.0,3163.0,3163.0,3135.7,3134.3,31683200,3447.7,2820.9,3839.9,2896.0,3141.0,203,10,3140.8,15,1,3140.7,13,2,3140.6,7,2,3140.5,88,2,3141.5,166,5,3141.9,130,2,3142.0,1433,10,3142.1,12,1,3142.2,266,7
2031,2026-06-16 09:27:31+05:30,3141.0,2,3145.0,310615,110428.0,157066.0,3163.0,3163.0,3135.7,3134.3,31683200,3447.7,2820.9,3839.9,2896.0,3141.0,203,10,3140.8,15,1,3140.7,13,2,3140.6,7,2,3140.5,88,2,3141.5,166,5,3141.9,130,2,3142.0,1433,10,3142.1,12,1,3142.2,266,7
2031,2026-06-16 09:27:32+05:30,3141.5,1,3145.0,310622,110715.0,157903.0,3163.0,3163.0,3135.7,3134.3,31683200,3447.7,2820.9,3839.9,2896.0,3141.4,14,1,3141.2,29,1,3141.0,193,11,3140.9,23,1,3140.8,157,3,3141.5,190,6,3141.9,100,1,3142.0,1326,7,3142.1,12,1,3142.2,67,3
2031,2026-06-16 09:27:32+05:30,3141.5,1,3145.0,310622,110715.0,157903.0,3163.0,3163.0,3135.7,3134.3,31683200,3447.7,2820.9,3839.9,2896.0,3141.4,14,1,3141.2,29,1,3141.0,193,11,3140.9,23,1,3140.8,157,3,3141.5,190,6,3141.9,100,1,3142.0,1326,7,3142.1,12,1,3142.2,67,3
2031,2026-06-16 09:27:33+05:30,3141.4,9,3145.0,310641,110625.0,158110.0,3163.0,3163.0,3135.7,3134.3,31683200,3447.7,2820.9,3839.9,2896.0,3141.4,9,3,3141.2,29,1,3141.0,193,11,3140.8,15,1,3140.7,13,2,3141.5,180,6,3141.9,100,1,3142.0,1326,7,3142.1,12,1,3142.2,127,4
2031,2026-06-16 09:27:33+05:30,3141.4,9,3145.0,310641,110625.0,158110.0,3163.0,3163.0,3135.7,3134.3,31683200,3447.7,2820.9,3839.9,2896.0,3141.4,9,3,3141.2,29,1,3141.0,193,11,3140.8,15,1,3140.7,13,2,3141.5,180,6,3141.9,100,1,3142.0,1326,7,3142.1,12,1,3142.2,127,4
2031,2026-06-16 09:27:34+05:30,3141.9,1,3145.0,310641,110625.0,158110.0,3163.0,3163.0,3135.7,3134.3,31683200,3447.7,2820.9,3839.9,2896.0,3141.4,9,3,3141.2,29,1,3141.0,193,11,3140.8,15,1,3140.7,13,2,3141.5,180,6,3141.9,100,1,3142.0,1326,7,3142.1,12,1,3142.2,127,4
2031,2026-06-16 09:27:34+05:30,3142.0,215,3144.99,311823,111875.0,156307.0,3163.0,3163.0,3135.7,3134.3,31683200,3447.7,2820.9,3839.9,2896.0,3141.8,195,1,3141.4,9,3,3141.3,80,2,3141.2,39,2,3141.1,18,1,3142.0,989,3,3142.1,12,1,3142.2,37,2,3142.3,2,1,3142.5,24,2
2031,2026-06-16 09:27:35+05:30,3141.8,3,3144.99,311823,111875.0,156307.0,3163.0,3163.0,3135.7,3134.3,31683200,3447.7,2820.9,3839.9,2896.0,3141.8,195,1,3141.4,9,3,3141.3,80,2,3141.2,39,2,3141.1,18,1,3142.0,989,3,3142.1,12,1,3142.2,37,2,3142.3,2,1,3142.5,24,2
2031,2026-06-16 09:27:35+05:30,3142.0,163,3144.98,312065,111849.0,156289.0,3163.0,3163.0,3135.7,3134.3,31683200,3447.7,2820.9,3839.9,2896.0,3141.8,319,6,3141.6,8,1,3141.5,73,3,3141.4,8,2,3141.3,97,2,3142.0,933,4,3142.1,12,1,3142.2,37,2,3142.3,2,1,3142.5,24,2
2031,2026-06-16 09:27:36+05:30,3141.9,18,3144.98,312065,111849.0,156289.0,3163.0,3163.0,3135.7,3134.3,31683200,3447.7,2820.9,3839.9,2896.0,3141.8,319,6,3141.6,8,1,3141.5,73,3,3141.4,8,2,3141.3,97,2,3142.0,933,4,3142.1,12,1,3142.2,37,2,3142.3,2,1,3142.5,24,2
2031,2026-06-16 09:27:36+05:30,3142.0,1,3144.98,312104,112074.0,156455.0,3163.0,3163.0,3135.7,3134.3,31683200,3447.7,2820.9,3839.9,2896.0,3141.8,322,7,3141.6,54,2,3141.5,110,2,3141.4,8,2,3141.3,39,2,3142.0,932,4,3142.1,12,1,3142.2,37,2,3142.3,2,1,3142.5,24,2
2031,2026-06-16 09:27:37+05:30,3141.9,2,3144.98,312104,112074.0,156455.0,3163.0,3163.0,3135.7,3134.3,31683200,3447.7,2820.9,3839.9,2896.0,3141.8,322,7,3141.6,54,2,3141.5,110,2,3141.4,8,2,3141.3,39,2,3142.0,932,4,3142.1,12,1,3142.2,37,2,3142.3,2,1,3142.5,24,2
2031,2026-06-16 09:27:37+05:30,3141.8,3,3144.98,312156,112045.0,156951.0,3163.0,3163.0,3135.7,3134.3,31683200,3447.7,2820.9,3839.9,2896.0,3141.8,272,7,3141.6,21,1,3141.5,110,2,3141.4,45,4,3141.3,39,2,3141.9,120,1,3142.0,959,5,3142.1,12,1,3142.2,37,2,3142.3,2,1
2031,2026-06-16 09:27:38+05:30,3141.9,5,3144.98,312156,112045.0,156951.0,3163.0,3163.0,3135.7,3134.3,31683200,3447.7,2820.9,3839.9,2896.0,3141.8,272,7,3141.6,21,1,3141.5,110,2,3141.4,45,4,3141.3,39,2,3141.9,120,1,3142.0,959,5,3142.1,12,1,3142.2,37,2,3142.3,2,1
2031,2026-06-16 09:27:38+05:30,3141.9,5,3144.98,312169,112011.0,156871.0,3163.0,3163.0,3135.7,3134.3,31683200,3447.7,2820.9,3839.9,2896.0,3141.8,295,8,3141.7,14,1,3141.5,101,2,3141.4,18,3,3141.3,12,1,3141.9,70,2,3142.0,932,4,3142.1,12,1,3142.2,37,2,3142.3,2,1
2031,2026-06-16 09:27:39+05:30,3141.8,4,3144.98,312169,112011.0,156871.0,3163.0,3163.0,3135.7,3134.3,31683200,3447.7,2820.9,3839.9,2896.0,3141.8,295,8,3141.7,14,1,3141.5,101,2,3141.4,18,3,3141.3,12,1,3141.9,70,2,3142.0,932,4,3142.1,12,1,3142.2,37,2,3142.3,2,1
2031,2026-06-16 09:27:39+05:30,3141.9,15,3144.98,312216,111937.0,156559.0,3163.0,3163.0,3135.7,3134.3,31683200,3447.7,2820.9,3839.9,2896.0,3141.8,285,8,3141.7,14,1,3141.5,101,2,3141.4,8,2,3141.2,74,3,3141.9,33,1,3142.0,932,4,3142.1,12,1,3142.2,37,2,3142.3,2,1
2031,2026-06-16 09:27:40+05:30,3141.9,8,3144.98,312216,111937.0,156559.0,3163.0,3163.0,3135.7,3134.3,31683200,3447.7,2820.9,3839.9,2896.0,3141.8,285,8,3141.7,14,1,3141.5,101,2,3141.4,8,2,3141.2,74,3,3141.9,33,1,3142.0,932,4,3142.1,12,1,3142.2,37,2,3142.3,2,1
2031,2026-06-16 09:27:40+05:30,3142.0,10,3144.98,312259,111833.0,156955.0,3163.0,3163.0,3135.7,3134.3,31683200,3447.7,2820.9,3839.9,2896.0,3141.9,8,1,3141.8,256,7,3141.7,14,1,3141.5,101,2,3141.4,8,2,3142.0,922,4,3142.1,12,1,3142.2,37,2,3142.3,2,1,3142.5,49,2
2031,2026-06-16 09:27:41+05:30,3141.9,3,3144.98,312259,111833.0,156955.0,3163.0,3163.0,3135.7,3134.3,31683200,3447.7,2820.9,3839.9,2896.0,3141.9,8,1,3141.8,256,7,3141.7,14,1,3141.5,101,2,3141.4,8,2,3142.0,922,4,3142.1,12,1,3142.2,37,2,3142.3,2,1,3142.5,49,2
2031,2026-06-16 09:27:41+05:30,3142.0,15,3144.98,312579,111891.0,156980.0,3163.0,3163.0,3135.7,3134.3,31683200,3447.7,2820.9,3839.9,2896.0,3141.9,88,3,3141.8,256,7,3141.7,14,1,3141.5,101,2,3141.4,8,2,3142.0,1306,4,3142.1,12,1,3142.2,37,2,3142.3,2,1,3142.5,26,2
2031,2026-06-16 09:27:42+05:30,3141.9,12,3144.98,312579,111891.0,156980.0,3163.0,3163.0,3135.7,3134.3,31683200,3447.7,2820.9,3839.9,2896.0,3141.9,88,3,3141.8,256,7,3141.7,14,1,3141.5,101,2,3141.4,8,2,3142.0,1306,4,3142.1,12,1,3142.2,37,2,3142.3,2,1,3142.5,26,2
2031,2026-06-16 09:27:43+05:30,3142.0,50,3144.98,312671,111982.0,157145.0,3163.0,3163.0,3135.7,3134.3,31683200,3447.7,2820.9,3839.9,2896.0,3141.9,89,4,3141.8,256,7,3141.7,14,1,3141.6,12,1,3141.5,101,2,3142.0,1246,5,3142.1,12,1,3142.2,37,2,3142.3,2,1,3142.5,7,1
2031,2026-06-16 09:27:43+05:30,3141.9,5,3144.98,312671,111982.0,157145.0,3163.0,3163.0,3135.7,3134.3,31683200,3447.7,2820.9,3839.9,2896.0,3141.9,89,4,3141.8,256,7,3141.7,14,1,3141.6,12,1,3141.5,101,2,3142.0,1246,5,3142.1,12,1,3142.2,37,2,3142.3,2,1,3142.5,7,1
2031,2026-06-16 09:27:44+05:30,3141.9,3,3144.98,312780,111446.0,156805.0,3163.0,3163.0,3135.7,3134.3,31683200,3447.7,2820.9,3839.9,2896.0,3141.9,12,4,3141.8,267,8,3141.7,14,1,3141.5,106,3,3141.4,8,2,3142.0,1268,7,3142.1,45,2,3142.2,46,3,3142.3,2,1,3142.4,67,2
2031,2026-06-16 09:27:44+05:30,3141.8,79,3144.98,312780,111446.0,156805.0,3163.0,3163.0,3135.7,3134.3,31683200,3447.7,2820.9,3839.9,2896.0,3141.9,12,4,3141.8,267,8,3141.7,14,1,3141.5,106,3,3141.4,8,2,3142.0,1268,7,3142.1,45,2,3142.2,46,3,3142.3,2,1,3142.4,67,2
2031,2026-06-16 09:27:45+05:30,3142.0,14,3144.98,313018,111844.0,157084.0,3163.0,3163.0,3135.7,3134.3,31683200,3447.7,2820.9,3839.9,2896.0,3141.9,37,1,3141.8,163,5,3141.7,14,1,3141.5,106,3,3141.4,8,2,3142.0,1258,8,3142.1,46,2,3142.2,79,4,3142.3,16,2,3142.4,81,3
2031,2026-06-16 09:27:45+05:30,3142.0,14,3144.98,313018,111844.0,157084.0,3163.0,3163.0,3135.7,3134.3,31683200,3447.7,2820.9,3839.9,2896.0,3141.9,37,1,3141.8,163,5,3141.7,14,1,3141.5,106,3,3141.4,8,2,3142.0,1258,8,3142.1,46,2,3142.2,79,4,3142.3,16,2,3142.4,81,3
2031,2026-06-16 09:27:46+05:30,3141.9,6,3144.98,313050,111959.0,157062.0,3163.0,3163.0,3135.7,3134.3,31683200,3447.7,2820.9,3839.9,2896.0,3141.9,37,3,3141.8,163,5,3141.7,14,1,3141.5,106,3,3141.4,8,2,3142.0,1215,7,3142.1,12,1,3142.2,79,4,3142.3,2,1,3142.4,233,2
2031,2026-06-16 09:27:46+05:30,3141.9,6,3144.98,313050,111959.0,157062.0,3163.0,3163.0,3135.7,3134.3,31683200,3447.7,2820.9,3839.9,2896.0,3141.9,37,3,3141.8,163,5,3141.7,14,1,3141.5,106,3,3141.4,8,2,3142.0,1215,7,3142.1,12,1,3142.2,79,4,3142.3,2,1,3142.4,233,2
2031,2026-06-16 09:27:47+05:30,3142.0,126,3144.97,313485,112023.0,156782.0,3163.0,3163.0,3135.7,3134.3,31683200,3447.7,2820.9,3839.9,2896.0,3141.9,63,4,3141.8,163,5,3141.7,14,1,3141.5,106,3,3141.4,8,2,3142.0,1277,6,3142.1,12,1,3142.2,37,2,3142.3,14,2,3142.4,233,2
2031,2026-06-16 09:27:47+05:30,3142.0,126,3144.97,313485,112023.0,156782.0,3163.0,3163.0,3135.7,3134.3,31683200,3447.7,2820.9,3839.9,2896.0,3141.9,63,4,3141.8,163,5,3141.7,14,1,3141.5,106,3,3141.4,8,2,3142.0,1277,6,3142.1,12,1,3142.2,37,2,3142.3,14,2,3142.4,233,2
2031,2026-06-16 09:27:48+05:30,3141.9,9,3144.97,313641,112160.0,155350.0,3163.0,3163.0,3135.7,3134.3,31683200,3447.7,2820.9,3839.9,2896.0,3141.9,60,6,3141.8,163,5,3141.7,1,1,3141.5,106,3,3141.4,31,3,3142.0,1130,4,3142.1,12,1,3142.2,37,2,3142.3,2,1,3142.4,200,1
2031,2026-06-16 09:27:48+05:30,3141.9,9,3144.97,313641,112160.0,155350.0,3163.0,3163.0,3135.7,3134.3,31683200,3447.7,2820.9,3839.9,2896.0,3141.9,60,6,3141.8,163,5,3141.7,1,1,3141.5,106,3,3141.4,31,3,3142.0,1130,4,3142.1,12,1,3142.2,37,2,3142.3,2,1,3142.4,200,1
2031,2026-06-16 09:27:49+05:30,3142.0,4,3144.97,313641,112160.0,155350.0,3163.0,3163.0,3135.7,3134.3,31683200,3447.7,2820.9,3839.9,2896.0,3141.9,60,6,3141.8,163,5,3141.7,1,1,3141.5,106,3,3141.4,31,3,3142.0,1130,4,3142.1,12,1,3142.2,37,2,3142.3,2,1,3142.4,200,1
2031,2026-06-16 09:27:49+05:30,3142.0,249,3144.97,313927,112043.0,156787.0,3163.0,3163.0,3135.7,3134.3,31683200,3447.7,2820.9,3839.9,2896.0,3141.9,56,6,3141.8,186,6,3141.7,1,1,3141.6,69,2,3141.5,116,4,3142.0,974,5,3142.1,12,1,3142.2,37,2,3142.3,2,1,3142.4,200,1
2031,2026-06-16 09:27:50+05:30,3141.9,8,3144.97,313927,112043.0,156787.0,3163.0,3163.0,3135.7,3134.3,31683200,3447.7,2820.9,3839.9,2896.0,3141.9,56,6,3141.8,186,6,3141.7,1,1,3141.6,69,2,3141.5,116,4,3142.0,974,5,3142.1,12,1,3142.2,37,2,3142.3,2,1,3142.4,200,1
2031,2026-06-16 09:27:50+05:30,3142.0,30,3144.97,313991,112091.0,157058.0,3163.0,3163.0,3135.7,3134.3,31683200,3447.7,2820.9,3839.9,2896.0,3141.9,62,9,3141.8,163,5,3141.7,24,2,3141.5,116,4,3141.4,31,3,3142.0,944,6,3142.1,12,1,3142.2,37,2,3142.3,2,1,3142.4,200,1
2031,2026-06-16 09:27:51+05:30,3142.0,1,3144.97,313991,112091.0,157058.0,3163.0,3163.0,3135.7,3134.3,31683200,3447.7,2820.9,3839.9,2896.0,3141.9,62,9,3141.8,163,5,3141.7,24,2,3141.5,116,4,3141.4,31,3,3142.0,944,6,3142.1,12,1,3142.2,37,2,3142.3,2,1,3142.4,200,1
2031,2026-06-16 09:27:51+05:30,3141.9,8,3144.97,314057,112025.0,157185.0,3163.0,3163.0,3135.7,3134.3,31683200,3447.7,2820.9,3839.9,2896.0,3141.9,54,9,3141.8,163,5,3141.7,1,1,3141.5,116,4,3141.4,31,3,3142.0,886,6,3142.1,12,1,3142.2,37,2,3142.3,2,1,3142.4,200,1
2031,2026-06-16 09:27:52+05:30,3141.9,1,3144.97,314057,112025.0,157185.0,3163.0,3163.0,3135.7,3134.3,31683200,3447.7,2820.9,3839.9,2896.0,3141.9,54,9,3141.8,163,5,3141.7,1,1,3141.5,116,4,3141.4,31,3,3142.0,886,6,3142.1,12,1,3142.2,37,2,3142.3,2,1,3142.4,200,1
2031,2026-06-16 09:27:52+05:30,3141.9,1,3144.97,314081,112305.0,157639.0,3163.0,3163.0,3135.7,3134.3,31683200,3447.7,2820.9,3839.9,2896.0,3141.9,99,9,3141.8,163,5,3141.7,1,1,3141.6,23,1,3141.5,116,4,3142.0,866,6,3142.1,12,1,3142.2,37,2,3142.3,2,1,3142.4,200,1
2031,2026-06-16 09:27:53+05:30,3141.9,4,3144.97,314081,112305.0,157639.0,3163.0,3163.0,3135.7,3134.3,31683200,3447.7,2820.9,3839.9,2896.0,3141.9,99,9,3141.8,163,5,3141.7,1,1,3141.6,23,1,3141.5,116,4,3142.0,866,6,3142.1,12,1,3142.2,37,2,3142.3,2,1,3142.4,200,1
2031,2026-06-16 09:27:53+05:30,3142.0,5,3144.96,314145,112353.0,157558.0,3163.0,3163.0,3135.7,3134.3,31683200,3447.7,2820.9,3839.9,2896.0,3141.9,102,10,3141.8,186,6,3141.7,1,1,3141.6,23,1,3141.5,116,4,3142.0,824,7,3142.1,12,1,3142.2,37,2,3142.3,2,1,3142.4,200,1
2031,2026-06-16 09:27:54+05:30,3141.9,4,3144.96,314145,112353.0,157558.0,3163.0,3163.0,3135.7,3134.3,31683200,3447.7,2820.9,3839.9,2896.0,3141.9,102,10,3141.8,186,6,3141.7,1,1,3141.6,23,1,3141.5,116,4,3142.0,824,7,3142.1,12,1,3142.2,37,2,3142.3,2,1,3142.4,200,1
2031,2026-06-16 09:27:54+05:30,3142.0,16,3144.96,314174,112694.0,157625.0,3163.0,3163.0,3135.7,3134.3,31683200,3447.7,2820.9,3839.9,2896.0,3141.9,89,10,3141.8,663,6,3141.7,7,2,3141.5,139,5,3141.4,8,2,3142.0,809,8,3142.1,12,1,3142.2,37,2,3142.3,2,1,3142.4,200,1
2031,2026-06-16 09:27:55+05:30,3142.0,8,3144.96,314174,112694.0,157625.0,3163.0,3163.0,3135.7,3134.3,31683200,3447.7,2820.9,3839.9,2896.0,3141.9,89,10,3141.8,663,6,3141.7,7,2,3141.5,139,5,3141.4,8,2,3142.0,809,8,3142.1,12,1,3142.2,37,2,3142.3,2,1,3142.4,200,1
2031,2026-06-16 09:27:55+05:30,3142.0,35,3144.96,314243,112680.0,157840.0,3163.0,3163.0,3135.7,3134.3,31683200,3447.7,2820.9,3839.9,2896.0,3141.9,115,8,3141.8,628,5,3141.7,16,2,3141.6,8,1,3141.5,139,5,3142.0,766,8,3142.1,12,1,3142.2,37,2,3142.3,2,1,3142.4,200,1
2031,2026-06-16 09:27:56+05:30,3142.0,5,3144.96,314243,112680.0,157840.0,3163.0,3163.0,3135.7,3134.3,31683200,3447.7,2820.9,3839.9,2896.0,3141.9,115,8,3141.8,628,5,3141.7,16,2,3141.6,8,1,3141.5,139,5,3142.0,766,8,3142.1,12,1,3142.2,37,2,3142.3,2,1,3142.4,200,1
2031,2026-06-16 09:27:57+05:30,3142.0,5,3144.96,314252,113701.0,157636.0,3163.0,3163.0,3135.7,3134.3,31683200,3447.7,2820.9,3839.9,2896.0,3141.9,111,8,3141.8,628,5,3141.7,16,2,3141.6,8,1,3141.5,141,5,3142.0,761,8,3142.1,12,1,3142.2,37,2,3142.3,2,1,3142.4,200,1
2031,2026-06-16 09:27:58+05:30,3142.0,1,3144.96,314661,113443.0,157580.0,3163.0,3163.0,3135.7,3134.3,31683200,3447.7,2820.9,3839.9,2896.0,3141.9,42,4,3141.8,655,6,3141.7,16,2,3141.6,23,1,3141.5,131,4,3142.0,760,8,3142.1,12,1,3142.2,37,2,3142.3,2,1,3142.5,24,2
2031,2026-06-16 09:27:58+05:30,3141.9,3,3144.96,314661,113443.0,157580.0,3163.0,3163.0,3135.7,3134.3,31683200,3447.7,2820.9,3839.9,2896.0,3141.9,42,4,3141.8,655,6,3141.7,16,2,3141.6,23,1,3141.5,131,4,3142.0,760,8,3142.1,12,1,3142.2,37,2,3142.3,2,1,3142.5,24,2
2031,2026-06-16 09:27:59+05:30,3142.0,1,3144.96,314772,113765.0,157662.0,3163.0,3163.0,3135.7,3134.3,31683200,3447.7,2820.9,3839.9,2896.0,3141.9,18,2,3141.8,655,6,3141.7,16,2,3141.6,23,1,3141.5,131,4,3142.0,693,8,3142.1,12,1,3142.2,37,2,3142.3,2,1,3142.5,17,1
2031,2026-06-16 09:27:59+05:30,3141.9,2,3144.96,314772,113765.0,157662.0,3163.0,3163.0,3135.7,3134.3,31683200,3447.7,2820.9,3839.9,2896.0,3141.9,18,2,3141.8,655,6,3141.7,16,2,3141.6,23,1,3141.5,131,4,3142.0,693,8,3142.1,12,1,3142.2,37,2,3142.3,2,1,3142.5,17,1
2031,2026-06-16 09:28:00+05:30,3141.9,4,3144.95,315371,113754.0,157840.0,3163.0,3163.0,3135.7,3134.3,31683200,3447.7,2820.9,3839.9,2896.0,3141.9,6,2,3141.8,651,6,3141.7,16,2,3141.6,23,1,3141.5,131,4,3142.0,841,7,3142.1,12,1,3142.2,37,2,3142.3,2,1,3142.5,8,1
2031,2026-06-16 09:28:00+05:30,3141.9,4,3144.95,315371,113754.0,157840.0,3163.0,3163.0,3135.7,3134.3,31683200,3447.7,2820.9,3839.9,2896.0,3141.9,6,2,3141.8,651,6,3141.7,16,2,3141.6,23,1,3141.5,131,4,3142.0,841,7,3142.1,12,1,3142.2,37,2,3142.3,2,1,3142.5,8,1
2031,2026-06-16 09:28:01+05:30,3142.0,5,3144.95,315371,113754.0,157840.0,3163.0,3163.0,3135.7,3134.3,31683200,3447.7,2820.9,3839.9,2896.0,3141.9,6,2,3141.8,651,6,3141.7,16,2,3141.6,23,1,3141.5,131,4,3142.0,841,7,3142.1,12,1,3142.2,37,2,3142.3,2,1,3142.5,8,1
2031,2026-06-16 09:28:01+05:30,3142.0,5,3144.95,315709,113778.0,157820.0,3163.0,3163.0,3135.7,3134.3,31683200,3447.7,2820.9,3839.9,2896.0,3141.9,62,7,3141.8,628,5,3141.7,16,2,3141.6,31,2,3141.5,141,5,3142.0,795,3,3142.1,12,1,3142.2,37,2,3142.3,2,1,3142.5,8,1
2031,2026-06-16 09:28:02+05:30,3142.0,5,3144.95,315718,113867.0,157815.0,3163.0,3163.0,3135.7,3134.3,31683200,3447.7,2820.9,3839.9,2896.0,3141.9,88,9,3141.8,632,6,3141.7,16,2,3141.6,31,2,3141.5,141,5,3142.0,790,3,3142.1,12,1,3142.2,37,2,3142.3,2,1,3142.5,8,1
2031,2026-06-16 09:28:02+05:30,3142.0,5,3144.95,315718,113867.0,157815.0,3163.0,3163.0,3135.7,3134.3,31683200,3447.7,2820.9,3839.9,2896.0,3141.9,88,9,3141.8,632,6,3141.7,16,2,3141.6,31,2,3141.5,141,5,3142.0,790,3,3142.1,12,1,3142.2,37,2,3142.3,2,1,3142.5,8,1
2031,2026-06-16 09:28:03+05:30,3141.9,4,3144.95,315718,113867.0,157815.0,3163.0,3163.0,3135.7,3134.3,31683200,3447.7,2820.9,3839.9,2896.0,3141.9,88,9,3141.8,632,6,3141.7,16,2,3141.6,31,2,3141.5,141,5,3142.0,790,3,3142.1,12,1,3142.2,37,2,3142.3,2,1,3142.5,8,1
2031,2026-06-16 09:28:03+05:30,3141.9,4,3144.95,315749,113819.0,157923.0,3163.0,3163.0,3135.7,3134.3,31683200,3447.7,2820.9,3839.9,2896.0,3141.9,88,10,3141.8,638,7,3141.7,16,2,3141.6,31,2,3141.5,141,5,3142.0,873,5,3142.1,12,1,3142.2,37,2,3142.3,2,1,3142.5,8,1
2031,2026-06-16 09:28:04+05:30,3142.0,1,3144.95,315749,113819.0,157923.0,3163.0,3163.0,3135.7,3134.3,31683200,3447.7,2820.9,3839.9,2896.0,3141.9,88,10,3141.8,638,7,3141.7,16,2,3141.6,31,2,3141.5,141,5,3142.0,873,5,3142.1,12,1,3142.2,37,2,3142.3,2,1,3142.5,8,1
2031,2026-06-16 09:28:04+05:30,3141.9,3,3144.95,315756,113846.0,157926.0,3163.0,3163.0,3135.7,3134.3,31683200,3447.7,2820.9,3839.9,2896.0,3141.9,108,13,3141.8,638,7,3141.7,16,2,3141.6,53,3,3141.5,141,5,3142.0,876,6,3142.1,12,1,3142.2,37,2,3142.3,2,1,3142.5,8,1
2031,2026-06-16 09:28:05+05:30,3142.0,5,3144.95,315756,113846.0,157926.0,3163.0,3163.0,3135.7,3134.3,31683200,3447.7,2820.9,3839.9,2896.0,3141.9,108,13,3141.8,638,7,3141.7,16,2,3141.6,53,3,3141.5,141,5,3142.0,876,6,3142.1,12,1,3142.2,37,2,3142.3,2,1,3142.5,8,1
2031,2026-06-16 09:28:05+05:30,3142.0,5,3144.95,315842,113837.0,157905.0,3163.0,3163.0,3135.7,3134.3,31683200,3447.7,2820.9,3839.9,2896.0,3141.9,109,13,3141.8,638,7,3141.7,16,2,3141.6,53,3,3141.5,141,5,3142.0,908,7,3142.1,12,1,3142.2,37,2,3142.3,2,1,3142.5,8,1
2031,2026-06-16 09:28:06+05:30,3141.9,1,3144.95,315842,113837.0,157905.0,3163.0,3163.0,3135.7,3134.3,31683200,3447.7,2820.9,3839.9,2896.0,3141.9,109,13,3141.8,638,7,3141.7,16,2,3141.6,53,3,3141.5,141,5,3142.0,908,7,3142.1,12,1,3142.2,37,2,3142.3,2,1,3142.5,8,1
2031,2026-06-16 09:28:06+05:30,3141.9,1,3144.95,315861,113862.0,155905.0,3163.0,3163.0,3135.7,3134.3,31683200,3447.7,2820.9,3839.9,2896.0,3141.9,112,13,3141.8,660,8,3141.7,16,2,3141.6,53,3,3141.5,141,5,3142.0,908,7,3142.1,12,1,3142.2,37,2,3142.3,2,1,3142.5,8,1
2031,2026-06-16 09:28:07+05:30,3141.9,1,3144.95,315861,113862.0,155905.0,3163.0,3163.0,3135.7,3134.3,31683200,3447.7,2820.9,3839.9,2896.0,3141.9,112,13,3141.8,660,8,3141.7,16,2,3141.6,53,3,3141.5,141,5,3142.0,908,7,3142.1,12,1,3142.2,37,2,3142.3,2,1,3142.5,8,1
2031,2026-06-16 09:28:07+05:30,3141.8,5,3144.94,316505,113190.0,157907.0,3163.0,3163.0,3135.7,3134.3,31683200,3447.7,2820.9,3839.9,2896.0,3141.8,472,5,3141.7,16,2,3141.5,131,4,3141.4,9,3,3141.3,2,2,3142.0,909,8,3142.1,21,2,3142.2,62,3,3142.3,49,3,3142.4,200,1
2031,2026-06-16 09:28:08+05:30,3141.8,4,3144.94,316505,113190.0,157907.0,3163.0,3163.0,3135.7,3134.3,31683200,3447.7,2820.9,3839.9,2896.0,3141.8,472,5,3141.7,16,2,3141.5,131,4,3141.4,9,3,3141.3,2,2,3142.0,909,8,3142.1,21,2,3142.2,62,3,3142.3,49,3,3142.4,200,1
2031,2026-06-16 09:28:08+05:30,3141.8,4,3144.94,316505,113190.0,157907.0,3163.0,3163.0,3135.7,3134.3,31683200,3447.7,2820.9,3839.9,2896.0,3141.8,472,5,3141.7,16,2,3141.5,131,4,3141.4,9,3,3141.3,2,2,3142.0,909,8,3142.1,21,2,3142.2,62,3,3142.3,49,3,3142.4,200,1
2031,2026-06-16 09:28:08+05:30,3141.8,4,3144.94,316509,113507.0,158049.0,3163.0,3163.0,3135.7,3134.3,31683200,3447.7,2820.9,3839.9,2896.0,3141.8,498,7,3141.7,16,2,3141.5,131,4,3141.4,9,3,3141.3,2,2,3141.9,1,1,3142.0,908,7,3142.1,45,2,3142.2,62,3,3142.3,16,2
2031,2026-06-16 09:28:09+05:30,3141.8,4,3144.94,316509,113507.0,158049.0,3163.0,3163.0,3135.7,3134.3,31683200,3447.7,2820.9,3839.9,2896.0,3141.8,498,7,3141.7,16,2,3141.5,131,4,3141.4,9,3,3141.3,2,2,3141.9,1,1,3142.0,908,7,3142.1,45,2,3142.2,62,3,3142.3,16,2
2031,2026-06-16 09:28:10+05:30,3141.9,1,3144.94,316514,113538.0,158094.0,3163.0,3163.0,3135.7,3134.3,31683200,3447.7,2820.9,3839.9,2896.0,3141.8,525,8,3141.7,16,2,3141.5,131,4,3141.4,9,3,3141.3,2,2,3141.9,4,2,3142.0,908,7,3142.1,12,1,3142.2,37,2,3142.3,2,1
2031,2026-06-16 09:28:10+05:30,3141.8,4,3144.94,316514,113538.0,158094.0,3163.0,3163.0,3135.7,3134.3,31683200,3447.7,2820.9,3839.9,2896.0,3141.8,525,8,3141.7,16,2,3141.5,131,4,3141.4,9,3,3141.3,2,2,3141.9,4,2,3142.0,908,7,3142.1,12,1,3142.2,37,2,3142.3,2,1
2031,2026-06-16 09:28:11+05:30,3141.9,1,3144.94,316519,113842.0,158122.0,3163.0,3163.0,3135.7,3134.3,31683200,3447.7,2820.9,3839.9,2896.0,3141.8,521,8,3141.7,16,2,3141.5,131,4,3141.4,9,3,3141.3,2,2,3141.9,23,4,3142.0,883,5,3142.1,12,1,3142.2,37,2,3142.3,2,1
2031,2026-06-16 09:28:11+05:30,3141.8,142,3144.94,316519,113842.0,158122.0,3163.0,3163.0,3135.7,3134.3,31683200,3447.7,2820.9,3839.9,2896.0,3141.8,521,8,3141.7,16,2,3141.5,131,4,3141.4,9,3,3141.3,2,2,3141.9,23,4,3142.0,883,5,3142.1,12,1,3142.2,37,2,3142.3,2,1
2031,2026-06-16 09:28:11+05:30,3141.8,142,3144.94,316519,113842.0,158122.0,3163.0,3163.0,3135.7,3134.3,31683200,3447.7,2820.9,3839.9,2896.0,3141.8,521,8,3141.7,16,2,3141.5,131,4,3141.4,9,3,3141.3,2,2,3141.9,23,4,3142.0,883,5,3142.1,12,1,3142.2,37,2,3142.3,2,1
2031,2026-06-16 09:28:12+05:30,3141.8,4,3144.94,316742,113515.0,158107.0,3163.0,3163.0,3135.7,3134.3,31683200,3447.7,2820.9,3839.9,2896.0,3141.8,401,9,3141.7,16,2,3141.5,131,4,3141.4,9,3,3141.3,2,2,3141.9,17,1,3142.0,833,5,3142.1,12,1,3142.2,37,2,3142.3,2,1
2031,2026-06-16 09:28:12+05:30,3141.8,11,3144.94,316742,113515.0,158107.0,3163.0,3163.0,3135.7,3134.3,31683200,3447.7,2820.9,3839.9,2896.0,3141.8,401,9,3141.7,16,2,3141.5,131,4,3141.4,9,3,3141.3,2,2,3141.9,17,1,3142.0,833,5,3142.1,12,1,3142.2,37,2,3142.3,2,1
2031,2026-06-16 09:28:12+05:30,3141.8,11,3144.94,316742,113515.0,158107.0,3163.0,3163.0,3135.7,3134.3,31683200,3447.7,2820.9,3839.9,2896.0,3141.8,401,9,3141.7,16,2,3141.5,131,4,3141.4,9,3,3141.3,2,2,3141.9,17,1,3142.0,833,5,3142.1,12,1,3142.2,37,2,3142.3,2,1
2031,2026-06-16 09:28:13+05:30,3141.8,28,3144.93,317689,112582.0,158260.0,3163.0,3163.0,3135.7,3134.3,31683200,3447.7,2820.9,3839.9,2896.0,3141.8,37,4,3141.7,16,2,3141.5,131,4,3141.4,9,3,3141.3,2,2,3141.9,7,1,3142.0,877,9,3142.1,12,1,3142.2,118,5,3142.3,17,2
2031,2026-06-16 09:28:13+05:30,3141.8,28,3144.93,317689,112582.0,158260.0,3163.0,3163.0,3135.7,3134.3,31683200,3447.7,2820.9,3839.9,2896.0,3141.8,37,4,3141.7,16,2,3141.5,131,4,3141.4,9,3,3141.3,2,2,3141.9,7,1,3142.0,877,9,3142.1,12,1,3142.2,118,5,3142.3,17,2
2031,2026-06-16 09:28:14+05:30,3141.9,4,3144.93,317700,112750.0,158179.0,3163.0,3163.0,3135.7,3134.3,31683200,3447.7,2820.9,3839.9,2896.0,3141.9,14,1,3141.8,49,5,3141.7,16,2,3141.5,131,4,3141.4,9,3,3142.0,786,8,3142.1,12,1,3142.2,118,5,3142.3,2,1,3142.4,218,2
2031,2026-06-16 09:28:14+05:30,3141.9,4,3144.93,317700,112750.0,158179.0,3163.0,3163.0,3135.7,3134.3,31683200,3447.7,2820.9,3839.9,2896.0,3141.9,14,1,3141.8,49,5,3141.7,16,2,3141.5,131,4,3141.4,9,3,3142.0,786,8,3142.1,12,1,3142.2,118,5,3142.3,2,1,3142.4,218,2
2031,2026-06-16 09:28:14+05:30,3141.9,4,3144.93,317700,112750.0,158179.0,3163.0,3163.0,3135.7,3134.3,31683200,3447.7,2820.9,3839.9,2896.0,3141.9,14,1,3141.8,49,5,3141.7,16,2,3141.5,131,4,3141.4,9,3,3142.0,786,8,3142.1,12,1,3142.2,118,5,3142.3,2,1,3142.4,218,2
2031,2026-06-16 09:28:15+05:30,3141.8,13,3144.93,317901,112948.0,158087.0,3163.0,3163.0,3135.7,3134.3,31683200,3447.7,2820.9,3839.9,2896.0,3141.9,1,1,3141.8,52,4,3141.7,16,2,3141.5,131,4,3141.4,9,3,3142.0,769,7,3142.1,12,1,3142.2,84,4,3142.3,39,3,3142.4,235,2
2031,2026-06-16 09:28:15+05:30,3141.8,13,3144.93,317901,112948.0,158087.0,3163.0,3163.0,3135.7,3134.3,31683200,3447.7,2820.9,3839.9,2896.0,3141.9,1,1,3141.8,52,4,3141.7,16,2,3141.5,131,4,3141.4,9,3,3142.0,769,7,3142.1,12,1,3142.2,84,4,3142.3,39,3,3142.4,235,2
2031,2026-06-16 09:28:15+05:30,3141.8,13,3144.93,317901,112948.0,158087.0,3163.0,3163.0,3135.7,3134.3,31683200,3447.7,2820.9,3839.9,2896.0,3141.9,1,1,3141.8,52,4,3141.7,16,2,3141.5,131,4,3141.4,9,3,3142.0,769,7,3142.1,12,1,3142.2,84,4,3142.3,39,3,3142.4,235,2
2031,2026-06-16 09:28:16+05:30,3141.9,4,3144.93,317901,112948.0,158087.0,3163.0,3163.0,3135.7,3134.3,31683200,3447.7,2820.9,3839.9,2896.0,3141.9,1,1,3141.8,52,4,3141.7,16,2,3141.5,131,4,3141.4,9,3,3142.0,769,7,3142.1,12,1,3142.2,84,4,3142.3,39,3,3142.4,235,2
2031,2026-06-16 09:28:16+05:30,3141.9,4,3144.93,317967,113097.0,158425.0,3163.0,3163.0,3135.7,3134.3,31683200,3447.7,2820.9,3839.9,2896.0,3141.9,2,1,3141.8,52,4,3141.7,16,2,3141.5,106,3,3141.4,9,3,3142.0,741,8,3142.1,47,2,3142.2,83,4,3142.3,5,2,3142.4,235,2
2031,2026-06-16 09:28:17+05:30,3141.9,4,3144.93,317967,113097.0,158425.0,3163.0,3163.0,3135.7,3134.3,31683200,3447.7,2820.9,3839.9,2896.0,3141.9,2,1,3141.8,52,4,3141.7,16,2,3141.5,106,3,3141.4,9,3,3142.0,741,8,3142.1,47,2,3142.2,83,4,3142.3,5,2,3142.4,235,2
2031,2026-06-16 09:28:17+05:30,3142.0,1,3144.93,317967,113097.0,158425.0,3163.0,3163.0,3135.7,3134.3,31683200,3447.7,2820.9,3839.9,2896.0,3141.9,2,1,3141.8,52,4,3141.7,16,2,3141.5,106,3,3141.4,9,3,3142.0,741,8,3142.1,47,2,3142.2,83,4,3142.3,5,2,3142.4,235,2
2031,2026-06-16 09:28:17+05:30,3142.0,1,3144.93,317996,113262.0,158272.0,3163.0,3163.0,3135.7,3134.3,31683200,3447.7,2820.9,3839.9,2896.0,3141.9,3,2,3141.8,52,4,3141.7,16,2,3141.6,12,1,3141.5,106,3,3142.0,810,10,3142.1,12,1,3142.2,118,5,3142.3,5,2,3142.4,235,2
2031,2026-06-16 09:28:17+05:30,3142.0,1,3144.93,317996,113262.0,158272.0,3163.0,3163.0,3135.7,3134.3,31683200,3447.7,2820.9,3839.9,2896.0,3141.9,3,2,3141.8,52,4,3141.7,16,2,3141.6,12,1,3141.5,106,3,3142.0,810,10,3142.1,12,1,3142.2,118,5,3142.3,5,2,3142.4,235,2
2031,2026-06-16 09:28:18+05:30,3141.9,1,3144.93,317996,113262.0,158272.0,3163.0,3163.0,3135.7,3134.3,31683200,3447.7,2820.9,3839.9,2896.0,3141.9,3,2,3141.8,52,4,3141.7,16,2,3141.6,12,1,3141.5,106,3,3142.0,810,10,3142.1,12,1,3142.2,118,5,3142.3,5,2,3142.4,235,2
2031,2026-06-16 09:28:18+05:30,3141.9,1,3144.93,318100,113140.0,157881.0,3163.0,3163.0,3135.7,3134.3,31683200,3447.7,2820.9,3839.9,2896.0,3141.9,3,2,3141.8,54,5,3141.7,16,2,3141.6,12,1,3141.5,106,3,3142.0,710,10,3142.1,12,1,3142.2,118,5,3142.3,5,2,3142.4,269,3
2031,2026-06-16 09:28:18+05:30,3141.9,1,3144.93,318100,113140.0,157881.0,3163.0,3163.0,3135.7,3134.3,31683200,3447.7,2820.9,3839.9,2896.0,3141.9,3,2,3141.8,54,5,3141.7,16,2,3141.6,12,1,3141.5,106,3,3142.0,710,10,3142.1,12,1,3142.2,118,5,3142.3,5,2,3142.4,269,3
2031,2026-06-16 09:28:19+05:30,3141.9,1,3144.93,318100,113140.0,157881.0,3163.0,3163.0,3135.7,3134.3,31683200,3447.7,2820.9,3839.9,2896.0,3141.9,3,2,3141.8,54,5,3141.7,16,2,3141.6,12,1,3141.5,106,3,3142.0,710,10,3142.1,12,1,3142.2,118,5,3142.3,5,2,3142.4,269,3
2031,2026-06-16 09:28:20+05:30,3141.9,1,3144.93,318100,113140.0,157881.0,3163.0,3163.0,3135.7,3134.3,31683200,3447.7,2820.9,3839.9,2896.0,3141.9,3,2,3141.8,54,5,3141.7,16,2,3141.6,12,1,3141.5,106,3,3142.0,710,10,3142.1,12,1,3142.2,118,5,3142.3,5,2,3142.4,269,3
2031,2026-06-16 09:28:21+05:30,3141.9,1,3144.93,318100,113140.0,157881.0,3163.0,3163.0,3135.7,3134.3,31683200,3447.7,2820.9,3839.9,2896.0,3141.9,3,2,3141.8,54,5,3141.7,16,2,3141.6,12,1,3141.5,106,3,3142.0,710,10,3142.1,12,1,3142.2,118,5,3142.3,5,2,3142.4,269,3
2031,2026-06-16 09:28:22+05:30,3141.9,1,3144.93,318100,113140.0,157881.0,3163.0,3163.0,3135.7,3134.3,31683200,3447.7,2820.9,3839.9,2896.0,3141.9,3,2,3141.8,54,5,3141.7,16,2,3141.6,12,1,3141.5,106,3,3142.0,710,10,3142.1,12,1,3142.2,118,5,3142.3,5,2,3142.4,269,3
2031,2026-06-16 09:28:23+05:30,3141.9,1,3144.93,318100,113140.0,157881.0,3163.0,3163.0,3135.7,3134.3,31683200,3447.7,2820.9,3839.9,2896.0,3141.9,3,2,3141.8,54,5,3141.7,16,2,3141.6,12,1,3141.5,106,3,3142.0,710,10,3142.1,12,1,3142.2,118,5,3142.3,5,2,3142.4,269,3
2031,2026-06-16 09:28:24+05:30,3141.9,1,3144.93,318100,113140.0,157881.0,3163.0,3163.0,3135.7,3134.3,31694400,3447.7,2820.9,3839.9,2896.0,3141.9,3,2,3141.8,54,5,3141.7,16,2,3141.6,12,1,3141.5,106,3,3142.0,710,10,3142.1,12,1,3142.2,118,5,3142.3,5,2,3142.4,269,3
2031,2026-06-16 09:28:24+05:30,3142.5,1,3144.89,322396,115244.0,155581.0,3163.0,3163.0,3135.7,3134.3,31694400,3447.7,2820.9,3839.9,2896.0,3142.5,16,2,3142.3,69,1,3142.2,35,2,3142.1,25,2,3142.0,11,2,3143.5,10,1,3143.6,148,3,3143.7,35,1,3143.8,142,3,3143.9,677,6
2031,2026-06-16 09:28:25+05:30,3143.9,20,3144.89,322396,115244.0,155581.0,3163.0,3163.0,3135.7,3134.3,31694400,3447.7,2820.9,3839.9,2896.0,3142.5,16,2,3142.3,69,1,3142.2,35,2,3142.1,25,2,3142.0,11,2,3143.5,10,1,3143.6,148,3,3143.7,35,1,3143.8,142,3,3143.9,677,6
2031,2026-06-16 09:28:32+05:30,3143.0,50,3144.89,322396,115244.0,155581.0,3163.0,3163.0,3135.7,3134.3,31694400,3447.7,2820.9,3839.9,2896.0,3142.5,16,2,3142.3,69,1,3142.2,35,2,3142.1,25,2,3142.0,11,2,3143.5,10,1,3143.6,148,3,3143.7,35,1,3143.8,142,3,3143.9,677,6
2031,2026-06-16 09:28:32+05:30,3143.0,50,3144.88,324486,116441.0,156075.0,3163.0,3163.0,3135.7,3134.3,31694400,3447.7,2820.9,3839.9,2896.0,3143.0,52,6,3142.7,51,2,3142.6,61,1,3142.5,199,8,3142.4,23,1,3143.5,63,4,3143.6,6,1,3143.7,4,1,3143.9,496,4,3144.0,220,3
2031,2026-06-16 09:28:39+05:30,3144.0,7,3144.88,324486,116441.0,156075.0,3163.0,3163.0,3135.7,3134.3,31694400,3447.7,2820.9,3839.9,2896.0,3143.0,52,6,3142.7,51,2,3142.6,61,1,3142.5,199,8,3142.4,23,1,3143.5,63,4,3143.6,6,1,3143.7,4,1,3143.9,496,4,3144.0,220,3
2031,2026-06-16 09:28:39+05:30,3143.9,4,3144.87,325713,117544.0,155929.0,3163.0,3163.0,3135.7,3134.3,31694400,3447.7,2820.9,3839.9,2896.0,3143.9,53,5,3143.4,15,1,3143.3,15,2,3143.2,4,3,3143.1,14,1,3144.0,228,5,3144.1,54,2,3144.2,43,2,3144.3,35,1,3144.4,456,6
2031,2026-06-16 09:28:47+05:30,3144.8,10,3144.87,327171,119038.0,152667.0,3163.0,3163.0,3135.7,3134.3,31694400,3447.7,2820.9,3839.9,2896.0,3144.3,74,5,3144.2,12,1,3144.1,49,3,3144.0,75,6,3143.9,83,13,3144.8,72,2,3144.9,125,4,3145.0,1614,12,3145.6,82,4,3145.8,90,2
2031,2026-06-16 09:28:47+05:30,3144.9,28,3144.87,327171,119038.0,152667.0,3163.0,3163.0,3135.7,3134.3,31694400,3447.7,2820.9,3839.9,2896.0,3144.3,74,5,3144.2,12,1,3144.1,49,3,3144.0,75,6,3143.9,83,13,3144.8,72,2,3144.9,125,4,3145.0,1614,12,3145.6,82,4,3145.8,90,2
2031,2026-06-16 09:28:54+05:30,3145.0,1,3144.87,328357,119475.0,152118.0,3163.0,3163.0,3135.7,3134.3,31694400,3447.7,2820.9,3839.9,2896.0,3144.8,16,2,3144.5,35,2,3144.4,21,3,3144.3,107,6,3144.2,52,5,3145.0,934,4,3145.3,8,1,3145.6,97,4,3145.7,153,3,3145.8,35,1
2031,2026-06-16 09:28:55+05:30,3145.0,8,3144.87,328357,119475.0,152118.0,3163.0,3163.0,3135.7,3134.3,31694400,3447.7,2820.9,3839.9,2896.0,3144.8,16,2,3144.5,35,2,3144.4,21,3,3144.3,107,6,3144.2,52,5,3145.0,934,4,3145.3,8,1,3145.6,97,4,3145.7,153,3,3145.8,35,1
2031,2026-06-16 09:29:01+05:30,3145.0,47,3144.87,329558,118743.0,154467.0,3163.0,3163.0,3135.7,3134.3,31694400,3447.7,2820.9,3839.9,2896.0,3144.9,49,7,3144.8,46,4,3144.6,13,1,3144.5,17,1,3144.4,7,2,3145.0,2498,9,3145.1,35,1,3145.2,44,2,3145.3,8,1,3145.4,35,1
2031,2026-06-16 09:29:03+05:30,3145.0,28,3144.87,329558,118743.0,154467.0,3163.0,3163.0,3135.7,3134.3,31694400,3447.7,2820.9,3839.9,2896.0,3144.9,49,7,3144.8,46,4,3144.6,13,1,3144.5,17,1,3144.4,7,2,3145.0,2498,9,3145.1,35,1,3145.2,44,2,3145.3,8,1,3145.4,35,1
2031,2026-06-16 09:29:08+05:30,3145.0,28,3144.87,329558,118743.0,154467.0,3163.0,3163.0,3135.7,3134.3,31694400,3447.7,2820.9,3839.9,2896.0,3144.9,49,7,3144.8,46,4,3144.6,13,1,3144.5,17,1,3144.4,7,2,3145.0,2498,9,3145.1,35,1,3145.2,44,2,3145.3,8,1,3145.4,35,1
2031,2026-06-16 09:29:09+05:30,3144.5,1,3144.87,332432,115540.0,157076.0,3163.0,3163.0,3135.7,3134.3,31694400,3447.7,2820.9,3839.9,2896.0,3143.5,28,1,3143.3,12,2,3143.2,15,1,3143.1,87,4,3143.0,111,2,3144.0,1,1,3144.4,169,1,3144.5,51,2,3144.6,25,2,3144.7,139,4
2031,2026-06-16 09:29:10+05:30,3144.5,1,3144.87,332432,115540.0,157076.0,3163.0,3163.0,3135.7,3134.3,31694400,3447.7,2820.9,3839.9,2896.0,3143.5,28,1,3143.3,12,2,3143.2,15,1,3143.1,87,4,3143.0,111,2,3144.0,1,1,3144.4,169,1,3144.5,51,2,3144.6,25,2,3144.7,139,4
2031,2026-06-16 09:29:11+05:30,3143.5,12,3144.87,332432,115540.0,157076.0,3163.0,3163.0,3135.7,3134.3,31694400,3447.7,2820.9,3839.9,2896.0,3143.5,28,1,3143.3,12,2,3143.2,15,1,3143.1,87,4,3143.0,111,2,3144.0,1,1,3144.4,169,1,3144.5,51,2,3144.6,25,2,3144.7,139,4
2031,2026-06-16 09:29:11+05:30,3143.5,12,3144.87,332432,115540.0,157076.0,3163.0,3163.0,3135.7,3134.3,31694400,3447.7,2820.9,3839.9,2896.0,3143.5,28,1,3143.3,12,2,3143.2,15,1,3143.1,87,4,3143.0,111,2,3144.0,1,1,3144.4,169,1,3144.5,51,2,3144.6,25,2,3144.7,139,4
2031,2026-06-16 09:29:13+05:30,3143.5,12,3144.87,332432,115540.0,157076.0,3163.0,3163.0,3135.7,3134.3,31694400,3447.7,2820.9,3839.9,2896.0,3143.5,28,1,3143.3,12,2,3143.2,15,1,3143.1,87,4,3143.0,111,2,3144.0,1,1,3144.4,169,1,3144.5,51,2,3144.6,25,2,3144.7,139,4
2031,2026-06-16 09:29:14+05:30,3143.5,12,3144.87,332432,115540.0,157076.0,3163.0,3163.0,3135.7,3134.3,31694400,3447.7,2820.9,3839.9,2896.0,3143.5,28,1,3143.3,12,2,3143.2,15,1,3143.1,87,4,3143.0,111,2,3144.0,1,1,3144.4,169,1,3144.5,51,2,3144.6,25,2,3144.7,139,4
2031,2026-06-16 09:29:16+05:30,3143.5,12,3144.87,332432,115540.0,157076.0,3163.0,3163.0,3135.7,3134.3,31694400,3447.7,2820.9,3839.9,2896.0,3143.5,28,1,3143.3,12,2,3143.2,15,1,3143.1,87,4,3143.0,111,2,3144.0,1,1,3144.4,169,1,3144.5,51,2,3144.6,25,2,3144.7,139,4
2031,2026-06-16 09:29:17+05:30,3143.5,12,3144.87,332432,115540.0,157076.0,3163.0,3163.0,3135.7,3134.3,31694400,3447.7,2820.9,3839.9,2896.0,3143.5,28,1,3143.3,12,2,3143.2,15,1,3143.1,87,4,3143.0,111,2,3144.0,1,1,3144.4,169,1,3144.5,51,2,3144.6,25,2,3144.7,139,4
2031,2026-06-16 09:29:17+05:30,3143.5,24,3144.86,333442,115049.0,158288.0,3163.0,3163.0,3135.7,3134.3,31694400,3447.7,2820.9,3839.9,2896.0,3143.5,28,1,3143.4,1,1,3143.3,1,1,3143.0,121,3,3142.6,21,1,3143.8,301,5,3143.9,30,3,3144.0,160,7,3144.1,215,3,3144.2,148,4
2031,2026-06-16 09:29:18+05:30,3143.5,24,3144.86,333442,115049.0,158288.0,3163.0,3163.0,3135.7,3134.3,31694400,3447.7,2820.9,3839.9,2896.0,3143.5,28,1,3143.4,1,1,3143.3,1,1,3143.0,121,3,3142.6,21,1,3143.8,301,5,3143.9,30,3,3144.0,160,7,3144.1,215,3,3144.2,148,4
2031,2026-06-16 09:29:19+05:30,3143.5,24,3144.86,333442,115049.0,158288.0,3163.0,3163.0,3135.7,3134.3,31694400,3447.7,2820.9,3839.9,2896.0,3143.5,28,1,3143.4,1,1,3143.3,1,1,3143.0,121,3,3142.6,21,1,3143.8,301,5,3143.9,30,3,3144.0,160,7,3144.1,215,3,3144.2,148,4
2031,2026-06-16 09:29:19+05:30,3143.0,6,3144.86,333442,115049.0,158288.0,3163.0,3163.0,3135.7,3134.3,31694400,3447.7,2820.9,3839.9,2896.0,3143.5,28,1,3143.4,1,1,3143.3,1,1,3143.0,121,3,3142.6,21,1,3143.8,301,5,3143.9,30,3,3144.0,160,7,3144.1,215,3,3144.2,148,4
2031,2026-06-16 09:29:19+05:30,3143.3,1,3144.86,334080,113940.0,159115.0,3163.0,3163.0,3135.7,3134.3,31694400,3447.7,2820.9,3839.9,2896.0,3143.0,6,1,3142.5,10,1,3142.0,608,4,3141.9,20,1,3141.8,22,1,3143.3,123,6,3143.4,17,2,3143.5,322,5,3143.6,87,3,3143.7,75,4
2031,2026-06-16 09:29:19+05:30,3143.3,1,3144.86,334080,113940.0,159115.0,3163.0,3163.0,3135.7,3134.3,31694400,3447.7,2820.9,3839.9,2896.0,3143.0,6,1,3142.5,10,1,3142.0,608,4,3141.9,20,1,3141.8,22,1,3143.3,123,6,3143.4,17,2,3143.5,322,5,3143.6,87,3,3143.7,75,4
2031,2026-06-16 09:29:20+05:30,3143.0,44,3144.86,334080,113940.0,159115.0,3163.0,3163.0,3135.7,3134.3,31694400,3447.7,2820.9,3839.9,2896.0,3143.0,6,1,3142.5,10,1,3142.0,608,4,3141.9,20,1,3141.8,22,1,3143.3,123,6,3143.4,17,2,3143.5,322,5,3143.6,87,3,3143.7,75,4
2031,2026-06-16 09:29:20+05:30,3143.0,44,3144.86,334080,113940.0,159115.0,3163.0,3163.0,3135.7,3134.3,31694400,3447.7,2820.9,3839.9,2896.0,3143.0,6,1,3142.5,10,1,3142.0,608,4,3141.9,20,1,3141.8,22,1,3143.3,123,6,3143.4,17,2,3143.5,322,5,3143.6,87,3,3143.7,75,4
2031,2026-06-16 09:29:20+05:30,3143.0,28,3144.86,334510,113031.0,160275.0,3163.0,3163.0,3135.7,3134.3,31694400,3447.7,2820.9,3839.9,2896.0,3142.5,2,1,3142.0,587,3,3141.9,20,1,3141.6,22,1,3141.5,1,1,3143.0,49,2,3143.1,30,2,3143.2,80,3,3143.3,246,5,3143.4,90,3
2031,2026-06-16 09:29:21+05:30,3143.0,28,3144.86,334510,113031.0,160275.0,3163.0,3163.0,3135.7,3134.3,31694400,3447.7,2820.9,3839.9,2896.0,3142.5,2,1,3142.0,587,3,3141.9,20,1,3141.6,22,1,3141.5,1,1,3143.0,49,2,3143.1,30,2,3143.2,80,3,3143.3,246,5,3143.4,90,3
2031,2026-06-16 09:29:21+05:30,3143.0,28,3144.86,334510,113031.0,160275.0,3163.0,3163.0,3135.7,3134.3,31694400,3447.7,2820.9,3839.9,2896.0,3142.5,2,1,3142.0,587,3,3141.9,20,1,3141.6,22,1,3141.5,1,1,3143.0,49,2,3143.1,30,2,3143.2,80,3,3143.3,246,5,3143.4,90,3
2031,2026-06-16 09:29:21+05:30,3142.8,51,3144.86,334566,113834.0,160821.0,3163.0,3163.0,3135.7,3134.3,31694400,3447.7,2820.9,3839.9,2896.0,3142.5,15,3,3142.0,616,4,3141.9,20,1,3141.6,46,3,3141.5,83,2,3142.8,149,1,3143.0,75,4,3143.1,522,5,3143.2,112,4,3143.3,102,3
2031,2026-06-16 09:29:22+05:30,3142.8,51,3144.86,334566,113834.0,160821.0,3163.0,3163.0,3135.7,3134.3,31694400,3447.7,2820.9,3839.9,2896.0,3142.5,15,3,3142.0,616,4,3141.9,20,1,3141.6,46,3,3141.5,83,2,3142.8,149,1,3143.0,75,4,3143.1,522,5,3143.2,112,4,3143.3,102,3
2031,2026-06-16 09:29:22+05:30,3142.5,6,3144.86,334566,113834.0,160821.0,3163.0,3163.0,3135.7,3134.3,31694400,3447.7,2820.9,3839.9,2896.0,3142.5,15,3,3142.0,616,4,3141.9,20,1,3141.6,46,3,3141.5,83,2,3142.8,149,1,3143.0,75,4,3143.1,522,5,3143.2,112,4,3143.3,102,3
2031,2026-06-16 09:29:22+05:30,3142.5,6,3144.86,334566,113834.0,160821.0,3163.0,3163.0,3135.7,3134.3,31694400,3447.7,2820.9,3839.9,2896.0,3142.5,15,3,3142.0,616,4,3141.9,20,1,3141.6,46,3,3141.5,83,2,3142.8,149,1,3143.0,75,4,3143.1,522,5,3143.2,112,4,3143.3,102,3
2031,2026-06-16 09:29:22+05:30,3142.8,1,3144.86,334596,114038.0,160534.0,3163.0,3163.0,3135.7,3134.3,31694400,3447.7,2820.9,3839.9,2896.0,3142.5,119,5,3142.0,616,4,3141.9,20,1,3141.7,85,2,3141.6,45,2,3142.8,145,3,3142.9,39,1,3143.0,34,2,3143.1,522,5,3143.2,80,3
2031,2026-06-16 09:29:23+05:30,3142.5,5,3144.86,334596,114038.0,160534.0,3163.0,3163.0,3135.7,3134.3,31694400,3447.7,2820.9,3839.9,2896.0,3142.5,119,5,3142.0,616,4,3141.9,20,1,3141.7,85,2,3141.6,45,2,3142.8,145,3,3142.9,39,1,3143.0,34,2,3143.1,522,5,3143.2,80,3
2031,2026-06-16 09:29:23+05:30,3142.5,5,3144.86,334596,114038.0,160534.0,3163.0,3163.0,3135.7,3134.3,31694400,3447.7,2820.9,3839.9,2896.0,3142.5,119,5,3142.0,616,4,3141.9,20,1,3141.7,85,2,3141.6,45,2,3142.8,145,3,3142.9,39,1,3143.0,34,2,3143.1,522,5,3143.2,80,3
2031,2026-06-16 09:29:23+05:30,3142.5,5,3144.86,334608,113945.0,160655.0,3163.0,3163.0,3135.7,3134.3,31694400,3447.7,2820.9,3839.9,2896.0,3142.5,121,6,3142.0,616,4,3141.9,20,1,3141.7,95,3,3141.6,23,2,3142.8,217,7,3142.9,13,1,3143.0,148,4,3143.1,492,5,3143.2,42,2
2031,2026-06-16 09:29:24+05:30,3142.5,5,3144.86,334608,113945.0,160655.0,3163.0,3163.0,3135.7,3134.3,31694400,3447.7,2820.9,3839.9,2896.0,3142.5,121,6,3142.0,616,4,3141.9,20,1,3141.7,95,3,3141.6,23,2,3142.8,217,7,3142.9,13,1,3143.0,148,4,3143.1,492,5,3143.2,42,2
2031,2026-06-16 09:29:24+05:30,3142.8,5,3144.86,334608,113945.0,160655.0,3163.0,3163.0,3135.7,3134.3,31694400,3447.7,2820.9,3839.9,2896.0,3142.5,121,6,3142.0,616,4,3141.9,20,1,3141.7,95,3,3141.6,23,2,3142.8,217,7,3142.9,13,1,3143.0,148,4,3143.1,492,5,3143.2,42,2
2031,2026-06-16 09:29:24+05:30,3142.8,8,3144.86,334630,114021.0,160925.0,3163.0,3163.0,3135.7,3134.3,31694400,3447.7,2820.9,3839.9,2896.0,3142.5,120,8,3142.0,616,4,3141.9,20,1,3141.8,12,1,3141.7,13,2,3142.8,167,5,3143.0,131,3,3143.1,472,4,3143.2,65,3,3143.3,119,3
2031,2026-06-16 09:29:25+05:30,3142.8,8,3144.86,334630,114021.0,160925.0,3163.0,3163.0,3135.7,3134.3,31697400,3447.7,2820.9,3839.9,2896.0,3142.5,120,8,3142.0,616,4,3141.9,20,1,3141.8,12,1,3141.7,13,2,3142.8,167,5,3143.0,131,3,3143.1,472,4,3143.2,65,3,3143.3,119,3
2031,2026-06-16 09:29:25+05:30,3142.5,8,3144.86,334630,114021.0,160925.0,3163.0,3163.0,3135.7,3134.3,31697400,3447.7,2820.9,3839.9,2896.0,3142.5,120,8,3142.0,616,4,3141.9,20,1,3141.8,12,1,3141.7,13,2,3142.8,167,5,3143.0,131,3,3143.1,472,4,3143.2,65,3,3143.3,119,3
2031,2026-06-16 09:29:25+05:30,3142.5,26,3144.86,334664,114085.0,160926.0,3163.0,3163.0,3135.7,3134.3,31697400,3447.7,2820.9,3839.9,2896.0,3142.5,87,9,3142.0,616,4,3141.9,20,1,3141.8,82,1,3141.7,13,2,3142.8,167,5,3143.0,39,1,3143.1,542,6,3143.2,29,2,3143.3,109,2
2031,2026-06-16 09:29:26+05:30,3142.5,26,3144.86,334664,114085.0,160926.0,3163.0,3163.0,3135.7,3134.3,31697400,3447.7,2820.9,3839.9,2896.0,3142.5,87,9,3142.0,616,4,3141.9,20,1,3141.8,82,1,3141.7,13,2,3142.8,167,5,3143.0,39,1,3143.1,542,6,3143.2,29,2,3143.3,109,2
2031,2026-06-16 09:29:27+05:30,3142.5,8,3144.86,334692,114015.0,161874.0,3163.0,3163.0,3135.7,3134.3,31697400,3447.7,2820.9,3839.9,2896.0,3142.5,80,10,3142.1,188,1,3142.0,616,4,3141.8,82,1,3141.7,13,2,3142.8,140,4,3143.0,39,1,3143.1,542,6,3143.2,29,2,3143.3,109,2
2031,2026-06-16 09:29:27+05:30,3142.5,8,3144.86,334692,114015.0,161874.0,3163.0,3163.0,3135.7,3134.3,31697400,3447.7,2820.9,3839.9,2896.0,3142.5,80,10,3142.1,188,1,3142.0,616,4,3141.8,82,1,3141.7,13,2,3142.8,140,4,3143.0,39,1,3143.1,542,6,3143.2,29,2,3143.3,109,2
2031,2026-06-16 09:29:28+05:30,3142.8,8,3144.86,334700,114653.0,161792.0,3163.0,3163.0,3135.7,3134.3,31697400,3447.7,2820.9,3839.9,2896.0,3142.5,103,12,3142.0,616,4,3141.9,12,1,3141.8,82,1,3141.7,13,2,3142.8,132,4,3143.1,452,3,3143.4,90,3,3143.5,116,4,3143.6,87,3
2031,2026-06-16 09:29:28+05:30,3142.8,8,3144.86,334700,114653.0,161792.0,3163.0,3163.0,3135.7,3134.3,31697400,3447.7,2820.9,3839.9,2896.0,3142.5,103,12,3142.0,616,4,3141.9,12,1,3141.8,82,1,3141.7,13,2,3142.8,132,4,3143.1,452,3,3143.4,90,3,3143.5,116,4,3143.6,87,3
2031,2026-06-16 09:29:29+05:30,3142.8,1,3144.86,334716,114815.0,161614.0,3163.0,3163.0,3135.7,3134.3,31697400,3447.7,2820.9,3839.9,2896.0,3142.5,125,14,3142.0,698,5,3141.8,104,2,3141.7,69,3,3141.6,45,3,3142.8,128,4,3143.1,452,3,3143.3,7,1,3143.4,77,2,3143.5,109,3
2031,2026-06-16 09:29:29+05:30,3142.8,1,3144.86,334716,114815.0,161614.0,3163.0,3163.0,3135.7,3134.3,31697400,3447.7,2820.9,3839.9,2896.0,3142.5,125,14,3142.0,698,5,3141.8,104,2,3141.7,69,3,3141.6,45,3,3142.8,128,4,3143.1,452,3,3143.3,7,1,3143.4,77,2,3143.5,109,3
2031,2026-06-16 09:29:30+05:30,3142.5,1,3144.86,334716,114815.0,161614.0,3163.0,3163.0,3135.7,3134.3,31697400,3447.7,2820.9,3839.9,2896.0,3142.5,125,14,3142.0,698,5,3141.8,104,2,3141.7,69,3,3141.6,45,3,3142.8,128,4,3143.1,452,3,3143.3,7,1,3143.4,77,2,3143.5,109,3
2031,2026-06-16 09:29:30+05:30,3142.5,1,3144.86,334725,114816.0,161910.0,3163.0,3163.0,3135.7,3134.3,31697400,3447.7,2820.9,3839.9,2896.0,3142.7,2,2,3142.5,194,16,3142.0,698,5,3141.8,104,2,3141.7,13,2,3142.8,128,5,3143.1,452,3,3143.4,39,1,3143.5,109,3,3143.6,87,3
2031,2026-06-16 09:29:31+05:30,3142.7,1,3144.86,334725,114816.0,161910.0,3163.0,3163.0,3135.7,3134.3,31697400,3447.7,2820.9,3839.9,2896.0,3142.7,2,2,3142.5,194,16,3142.0,698,5,3141.8,104,2,3141.7,13,2,3142.8,128,5,3143.1,452,3,3143.4,39,1,3143.5,109,3,3143.6,87,3
2031,2026-06-16 09:29:31+05:30,3142.7,1,3144.86,334729,114745.0,161886.0,3163.0,3163.0,3135.7,3134.3,31697400,3447.7,2820.9,3839.9,2896.0,3142.7,3,3,3142.5,210,17,3142.2,22,1,3142.0,698,5,3141.9,52,1,3142.8,125,5,3143.1,452,3,3143.5,109,3,3143.6,48,2,3143.7,96,3
2031,2026-06-16 09:29:32+05:30,3142.5,5,3144.86,334729,114745.0,161886.0,3163.0,3163.0,3135.7,3134.3,31697400,3447.7,2820.9,3839.9,2896.0,3142.7,3,3,3142.5,210,17,3142.2,22,1,3142.0,698,5,3141.9,52,1,3142.8,125,5,3143.1,452,3,3143.5,109,3,3143.6,48,2,3143.7,96,3
2031,2026-06-16 09:29:32+05:30,3142.5,5,3144.86,334822,114856.0,161705.0,3163.0,3163.0,3135.7,3134.3,31697400,3447.7,2820.9,3839.9,2896.0,3142.7,1,1,3142.5,166,16,3142.0,616,4,3141.8,82,1,3141.7,13,2,3142.8,48,4,3143.1,529,5,3143.4,189,4,3143.5,20,1,3143.6,117,4
2031,2026-06-16 09:29:33+05:30,3142.5,26,3144.86,334822,114856.0,161705.0,3163.0,3163.0,3135.7,3134.3,31697400,3447.7,2820.9,3839.9,2896.0,3142.7,1,1,3142.5,166,16,3142.0,616,4,3141.8,82,1,3141.7,13,2,3142.8,48,4,3143.1,529,5,3143.4,189,4,3143.5,20,1,3143.6,117,4
2031,2026-06-16 09:29:33+05:30,3142.8,1,3144.86,335073,114915.0,161476.0,3163.0,3163.0,3135.7,3134.3,31697400,3447.7,2820.9,3839.9,2896.0,3142.7,1,1,3142.5,108,10,3142.0,616,4,3141.9,22,1,3141.8,3,1,3142.8,31,3,3143.1,452,3,3143.4,115,2,3143.5,20,1,3143.6,117,4
2031,2026-06-16 09:29:34+05:30,3142.5,2,3144.86,335073,114915.0,161476.0,3163.0,3163.0,3135.7,3134.3,31697400,3447.7,2820.9,3839.9,2896.0,3142.7,1,1,3142.5,108,10,3142.0,616,4,3141.9,22,1,3141.8,3,1,3142.8,31,3,3143.1,452,3,3143.4,115,2,3143.5,20,1,3143.6,117,4
2031,2026-06-16 09:29:34+05:30,3142.5,8,3144.85,335124,114791.0,161552.0,3163.0,3163.0,3135.7,3134.3,31697400,3447.7,2820.9,3839.9,2896.0,3142.5,63,9,3142.0,616,4,3141.9,23,1,3141.8,22,1,3141.7,40,3,3143.1,469,4,3143.3,27,1,3143.4,153,3,3143.5,53,2,3143.6,77,2
2031,2026-06-16 09:29:35+05:30,3142.8,76,3144.85,335124,114791.0,161552.0,3163.0,3163.0,3135.7,3134.3,31697400,3447.7,2820.9,3839.9,2896.0,3142.5,63,9,3142.0,616,4,3141.9,23,1,3141.8,22,1,3141.7,40,3,3143.1,469,4,3143.3,27,1,3143.4,153,3,3143.5,53,2,3143.6,77,2
2031,2026-06-16 09:29:35+05:30,3142.8,1,3144.85,335416,114055.0,161838.0,3163.0,3163.0,3135.7,3134.3,31697400,3447.7,2820.9,3839.9,2896.0,3142.7,27,1,3142.5,13,8,3142.0,622,5,3141.7,62,4,3141.6,46,3,3142.8,123,1,3143.1,551,5,3143.3,67,3,3143.4,134,3,3143.5,76,3
2031,2026-06-16 09:29:36+05:30,3142.7,16,3144.85,335416,114055.0,161838.0,3163.0,3163.0,3135.7,3134.3,31697400,3447.7,2820.9,3839.9,2896.0,3142.7,27,1,3142.5,13,8,3142.0,622,5,3141.7,62,4,3141.6,46,3,3142.8,123,1,3143.1,551,5,3143.3,67,3,3143.4,134,3,3143.5,76,3
2031,2026-06-16 09:29:37+05:30,3142.5,1,3144.85,335782,113901.0,160907.0,3163.0,3163.0,3135.7,3134.3,31697400,3447.7,2820.9,3839.9,2896.0,3142.5,20,3,3142.0,644,6,3141.8,42,3,3141.7,89,3,3141.6,69,5,3142.8,200,1,3143.1,508,5,3143.3,1,1,3143.4,38,1,3143.5,115,4
2031,2026-06-16 09:29:37+05:30,3142.5,1,3144.85,335782,113901.0,160907.0,3163.0,3163.0,3135.7,3134.3,31697400,3447.7,2820.9,3839.9,2896.0,3142.5,20,3,3142.0,644,6,3141.8,42,3,3141.7,89,3,3141.6,69,5,3142.8,200,1,3143.1,508,5,3143.3,1,1,3143.4,38,1,3143.5,115,4
2031,2026-06-16 09:29:38+05:30,3143.1,38,3144.85,336200,114734.0,160591.0,3163.0,3163.0,3135.7,3134.3,31697400,3447.7,2820.9,3839.9,2896.0,3142.5,122,6,3142.3,22,1,3142.1,21,1,3142.0,644,6,3141.8,143,4,3142.8,200,1,3143.1,460,4,3143.3,1,1,3143.5,76,3,3143.6,38,1
2031,2026-06-16 09:29:38+05:30,3142.8,15,3144.85,336200,114734.0,160591.0,3163.0,3163.0,3135.7,3134.3,31697400,3447.7,2820.9,3839.9,2896.0,3142.5,122,6,3142.3,22,1,3142.1,21,1,3142.0,644,6,3141.8,143,4,3142.8,200,1,3143.1,460,4,3143.3,1,1,3143.5,76,3,3143.6,38,1
2031,2026-06-16 09:29:39+05:30,3142.5,4,3144.85,336219,114578.0,160982.0,3163.0,3163.0,3135.7,3134.3,31697400,3447.7,2820.9,3839.9,2896.0,3142.5,136,7,3142.4,22,1,3142.2,25,2,3142.1,21,1,3142.0,794,9,3142.8,185,1,3143.1,460,4,3143.3,1,1,3143.5,20,1,3143.6,38,1
2031,2026-06-16 09:29:39+05:30,3142.5,4,3144.85,336219,114578.0,160982.0,3163.0,3163.0,3135.7,3134.3,31697400,3447.7,2820.9,3839.9,2896.0,3142.5,136,7,3142.4,22,1,3142.2,25,2,3142.1,21,1,3142.0,794,9,3142.8,185,1,3143.1,460,4,3143.3,1,1,3143.5,20,1,3143.6,38,1
2031,2026-06-16 09:29:40+05:30,3142.8,1,3144.85,336291,114527.0,159990.0,3163.0,3163.0,3135.7,3134.3,31697400,3447.7,2820.9,3839.9,2896.0,3142.5,148,7,3142.0,660,7,3141.9,55,2,3141.8,61,3,3141.7,37,2,3142.8,146,2,3143.1,460,4,3143.3,73,2,3143.5,102,2,3143.6,38,1
2031,2026-06-16 09:29:40+05:30,3142.5,8,3144.85,336291,114527.0,159990.0,3163.0,3163.0,3135.7,3134.3,31697400,3447.7,2820.9,3839.9,2896.0,3142.5,148,7,3142.0,660,7,3141.9,55,2,3141.8,61,3,3141.7,37,2,3142.8,146,2,3143.1,460,4,3143.3,73,2,3143.5,102,2,3143.6,38,1
2031,2026-06-16 09:29:41+05:30,3142.8,1,3144.85,336302,114629.0,159068.0,3163.0,3163.0,3135.7,3134.3,31697400,3447.7,2820.9,3839.9,2896.0,3142.5,180,8,3142.2,23,1,3142.0,704,8,3141.9,3,1,3141.8,61,3,3142.8,143,2,3143.1,460,4,3143.3,73,2,3143.5,102,2,3143.6,38,1
2031,2026-06-16 09:29:41+05:30,3142.8,1,3144.85,336302,114629.0,159068.0,3163.0,3163.0,3135.7,3134.3,31697400,3447.7,2820.9,3839.9,2896.0,3142.5,180,8,3142.2,23,1,3142.0,704,8,3141.9,3,1,3141.8,61,3,3142.8,143,2,3143.1,460,4,3143.3,73,2,3143.5,102,2,3143.6,38,1
2031,2026-06-16 09:29:42+05:30,3142.5,10,3144.85,336302,114629.0,159068.0,3163.0,3163.0,3135.7,3134.3,31697400,3447.7,2820.9,3839.9,2896.0,3142.5,180,8,3142.2,23,1,3142.0,704,8,3141.9,3,1,3141.8,61,3,3142.8,143,2,3143.1,460,4,3143.3,73,2,3143.5,102,2,3143.6,38,1
2031,2026-06-16 09:29:42+05:30,3142.5,10,3144.85,336321,114702.0,160610.0,3163.0,3163.0,3135.7,3134.3,31697400,3447.7,2820.9,3839.9,2896.0,3142.5,211,10,3142.4,23,1,3142.2,14,1,3142.0,674,8,3141.9,55,2,3142.8,142,2,3143.1,460,4,3143.3,1,1,3143.5,102,2,3143.6,38,1
2031,2026-06-16 09:29:43+05:30,3142.5,8,3144.85,336321,114702.0,160610.0,3163.0,3163.0,3135.7,3134.3,31697400,3447.7,2820.9,3839.9,2896.0,3142.5,211,10,3142.4,23,1,3142.2,14,1,3142.0,674,8,3141.9,55,2,3142.8,142,2,3143.1,460,4,3143.3,1,1,3143.5,102,2,3143.6,38,1
2031,2026-06-16 09:29:43+05:30,3142.5,8,3144.85,336342,114620.0,158971.0,3163.0,3163.0,3135.7,3134.3,31697400,3447.7,2820.9,3839.9,2896.0,3142.5,220,11,3142.3,10,1,3142.2,26,2,3142.0,756,9,3141.9,3,1,3142.8,129,2,3143.1,460,4,3143.3,1,1,3143.5,102,2,3143.6,38,1
2031,2026-06-16 09:29:44+05:30,3142.6,12,3144.85,336354,114652.0,159074.0,3163.0,3163.0,3135.7,3134.3,31697400,3447.7,2820.9,3839.9,2896.0,3142.6,17,1,3142.5,203,10,3142.4,23,1,3142.2,26,2,3142.1,65,2,3142.8,129,2,3143.1,460,4,3143.3,1,1,3143.5,102,2,3143.6,38,1
2031,2026-06-16 09:29:45+05:30,3142.8,1,3144.85,336354,114652.0,159074.0,3163.0,3163.0,3135.7,3134.3,31697400,3447.7,2820.9,3839.9,2896.0,3142.6,17,1,3142.5,203,10,3142.4,23,1,3142.2,26,2,3142.1,65,2,3142.8,129,2,3143.1,460,4,3143.3,1,1,3143.5,102,2,3143.6,38,1
2031,2026-06-16 09:29:45+05:30,3142.8,8,3144.85,336571,114672.0,160454.0,3163.0,3163.0,3135.7,3134.3,31697400,3447.7,2820.9,3839.9,2896.0,3142.6,42,4,3142.5,150,8,3142.4,53,3,3142.2,126,6,3142.1,14,1,3142.8,121,3,3143.1,46,1,3143.2,252,2,3143.3,1,1,3143.5,20,1
2031,2026-06-16 09:29:46+05:30,3142.6,8,3144.85,336571,114672.0,160454.0,3163.0,3163.0,3135.7,3134.3,31697400,3447.7,2820.9,3839.9,2896.0,3142.6,42,4,3142.5,150,8,3142.4,53,3,3142.2,126,6,3142.1,14,1,3142.8,121,3,3143.1,46,1,3143.2,252,2,3143.3,1,1,3143.5,20,1
2031,2026-06-16 09:29:46+05:30,3143.1,12,3144.84,336774,115780.0,157851.0,3163.0,3163.0,3135.7,3134.3,31697400,3447.7,2820.9,3839.9,2896.0,3143.1,22,2,3143.0,109,7,3142.9,41,3,3142.8,83,6,3142.7,8,1,3143.3,1,1,3143.5,20,1,3144.0,15,2,3144.2,3,1,3144.3,82,1
2031,2026-06-16 09:29:47+05:30,3143.1,12,3144.84,336774,115780.0,157851.0,3163.0,3163.0,3135.7,3134.3,31697400,3447.7,2820.9,3839.9,2896.0,3143.1,22,2,3143.0,109,7,3142.9,41,3,3142.8,83,6,3142.7,8,1,3143.3,1,1,3143.5,20,1,3144.0,15,2,3144.2,3,1,3144.3,82,1
2031,2026-06-16 09:29:47+05:30,3143.2,15,3144.84,336821,115885.0,158181.0,3163.0,3163.0,3135.7,3134.3,31697400,3447.7,2820.9,3839.9,2896.0,3143.1,49,5,3143.0,111,7,3142.9,41,3,3142.8,92,5,3142.7,8,1,3143.2,33,1,3143.3,1,1,3143.5,20,1,3144.0,15,2,3144.2,3,1
2031,2026-06-16 09:29:48+05:30,3143.2,33,3144.84,336821,115885.0,158181.0,3163.0,3163.0,3135.7,3134.3,31697400,3447.7,2820.9,3839.9,2896.0,3143.1,49,5,3143.0,111,7,3142.9,41,3,3142.8,92,5,3142.7,8,1,3143.2,33,1,3143.3,1,1,3143.5,20,1,3144.0,15,2,3144.2,3,1
2031,2026-06-16 09:29:49+05:30,3143.1,8,3144.84,336885,116108.0,158521.0,3163.0,3163.0,3135.7,3134.3,31697400,3447.7,2820.9,3839.9,2896.0,3143.1,71,5,3143.0,63,4,3142.9,33,2,3142.8,50,4,3142.7,35,2,3143.2,138,2,3143.3,45,2,3143.5,20,1,3144.0,15,2,3144.2,3,1
2031,2026-06-16 09:29:49+05:30,3143.2,20,3144.84,336885,116108.0,158521.0,3163.0,3163.0,3135.7,3134.3,31697400,3447.7,2820.9,3839.9,2896.0,3143.1,71,5,3143.0,63,4,3142.9,33,2,3142.8,50,4,3142.7,35,2,3143.2,138,2,3143.3,45,2,3143.5,20,1,3144.0,15,2,3144.2,3,1
2031,2026-06-16 09:29:50+05:30,3143.2,209,3144.84,337214,115933.0,158392.0,3163.0,3163.0,3135.7,3134.3,31697400,3447.7,2820.9,3839.9,2896.0,3143.1,88,9,3143.0,69,4,3142.9,39,3,3142.8,104,6,3142.7,35,2,3143.2,9,1,3143.3,45,2,3143.5,20,1,3144.0,15,2,3144.2,3,1
2031,2026-06-16 09:29:50+05:30,3143.3,16,3144.84,337214,115933.0,158392.0,3163.0,3163.0,3135.7,3134.3,31697400,3447.7,2820.9,3839.9,2896.0,3143.1,88,9,3143.0,69,4,3142.9,39,3,3142.8,104,6,3142.7,35,2,3143.2,9,1,3143.3,45,2,3143.5,20,1,3144.0,15,2,3144.2,3,1
2031,2026-06-16 09:29:51+05:30,3143.3,16,3144.84,337385,116144.0,158328.0,3163.0,3163.0,3135.7,3134.3,31697400,3447.7,2820.9,3839.9,2896.0,3143.3,1,1,3143.1,88,9,3143.0,30,2,3142.9,18,2,3142.8,82,6,3143.5,20,1,3144.0,15,2,3144.2,3,1,3144.3,82,1,3144.4,207,2
2031,2026-06-16 09:29:51+05:30,3144.4,138,3144.84,337385,116144.0,158328.0,3163.0,3163.0,3135.7,3134.3,31697400,3447.7,2820.9,3839.9,2896.0,3143.3,1,1,3143.1,88,9,3143.0,30,2,3142.9,18,2,3142.8,82,6,3143.5,20,1,3144.0,15,2,3144.2,3,1,3144.3,82,1,3144.4,207,2
2031,2026-06-16 09:29:52+05:30,3144.3,63,3144.84,337948,117101.0,157874.0,3163.0,3163.0,3135.7,3134.3,31697400,3447.7,2820.9,3839.9,2896.0,3143.7,17,1,3143.6,64,3,3143.5,54,3,3143.4,95,5,3143.3,7,1,3144.4,67,2,3144.8,266,3,3144.9,699,16,3145.0,657,6,3145.1,53,1
2031,2026-06-16 09:29:52+05:30,3144.3,63,3144.84,337948,117101.0,157874.0,3163.0,3163.0,3135.7,3134.3,31697400,3447.7,2820.9,3839.9,2896.0,3143.7,17,1,3143.6,64,3,3143.5,54,3,3143.4,95,5,3143.3,7,1,3144.4,67,2,3144.8,266,3,3144.9,699,16,3145.0,657,6,3145.1,53,1
2031,2026-06-16 09:29:53+05:30,3143.7,1,3144.84,337948,117101.0,157874.0,3163.0,3163.0,3135.7,3134.3,31697400,3447.7,2820.9,3839.9,2896.0,3143.7,17,1,3143.6,64,3,3143.5,54,3,3143.4,95,5,3143.3,7,1,3144.4,67,2,3144.8,266,3,3144.9,699,16,3145.0,657,6,3145.1,53,1
2031,2026-06-16 09:29:53+05:30,3143.7,1,3144.84,337952,117104.0,157958.0,3163.0,3163.0,3135.7,3134.3,31697400,3447.7,2820.9,3839.9,2896.0,3143.7,13,2,3143.6,41,2,3143.5,54,3,3143.4,62,3,3143.3,29,2,3144.4,64,2,3144.8,266,3,3144.9,699,16,3145.0,657,6,3145.1,53,1
2031,2026-06-16 09:29:54+05:30,3144.4,5,3144.84,337952,117104.0,157958.0,3163.0,3163.0,3135.7,3134.3,31697400,3447.7,2820.9,3839.9,2896.0,3143.7,13,2,3143.6,41,2,3143.5,54,3,3143.4,62,3,3143.3,29,2,3144.4,64,2,3144.8,266,3,3144.9,699,16,3145.0,657,6,3145.1,53,1
2031,2026-06-16 09:29:54+05:30,3144.4,5,3144.84,338078,117287.0,158464.0,3163.0,3163.0,3135.7,3134.3,31697400,3447.7,2820.9,3839.9,2896.0,3143.7,47,2,3143.6,23,1,3143.5,50,1,3143.3,89,2,3143.2,114,3,3144.8,50,4,3144.9,212,3,3145.0,683,7,3145.1,103,3,3145.2,409,6
2031,2026-06-16 09:29:55+05:30,3144.8,10,3144.84,338078,117287.0,158464.0,3163.0,3163.0,3135.7,3134.3,31697400,3447.7,2820.9,3839.9,2896.0,3143.7,47,2,3143.6,23,1,3143.5,50,1,3143.3,89,2,3143.2,114,3,3144.8,50,4,3144.9,212,3,3145.0,683,7,3145.1,103,3,3145.2,409,6
2031,2026-06-16 09:29:55+05:30,3144.8,10,3144.84,338157,117187.0,158511.0,3163.0,3163.0,3135.7,3134.3,31697400,3447.7,2820.9,3839.9,2896.0,3144.0,7,1,3143.7,45,2,3143.6,30,1,3143.5,50,1,3143.3,6,1,3144.8,35,3,3144.9,212,3,3145.0,683,7,3145.1,114,4,3145.2,507,7
2031,2026-06-16 09:29:56+05:30,3144.8,1,3144.84,338157,117187.0,158511.0,3163.0,3163.0,3135.7,3134.3,31697400,3447.7,2820.9,3839.9,2896.0,3144.0,7,1,3143.7,45,2,3143.6,30,1,3143.5,50,1,3143.3,6,1,3144.8,35,3,3144.9,212,3,3145.0,683,7,3145.1,114,4,3145.2,507,7
2031,2026-06-16 09:29:56+05:30,3144.8,1,3144.84,338158,117497.0,158250.0,3163.0,3163.0,3135.7,3134.3,31697400,3447.7,2820.9,3839.9,2896.0,3144.0,65,5,3143.9,41,2,3143.8,23,1,3143.7,135,5,3143.6,84,2,3144.8,10,1,3144.9,100,1,3145.0,605,5,3145.2,282,2,3145.3,252,2
2031,2026-06-16 09:29:57+05:30,3144.0,1,3144.84,338158,117497.0,158250.0,3163.0,3163.0,3135.7,3134.3,31697400,3447.7,2820.9,3839.9,2896.0,3144.0,65,5,3143.9,41,2,3143.8,23,1,3143.7,135,5,3143.6,84,2,3144.8,10,1,3144.9,100,1,3145.0,605,5,3145.2,282,2,3145.3,252,2
2031,2026-06-16 09:29:57+05:30,3144.1,1,3144.84,338179,117453.0,158323.0,3163.0,3163.0,3135.7,3134.3,31697400,3447.7,2820.9,3839.9,2896.0,3144.1,29,1,3144.0,57,5,3143.8,2,1,3143.7,67,3,3143.6,14,1,3144.5,50,1,3144.9,214,3,3145.0,605,5,3145.2,320,3,3145.3,291,3
2031,2026-06-16 09:29:58+05:30,3144.1,1,3144.84,338179,117453.0,158323.0,3163.0,3163.0,3135.7,3134.3,31697400,3447.7,2820.9,3839.9,2896.0,3144.1,29,1,3144.0,57,5,3143.8,2,1,3143.7,67,3,3143.6,14,1,3144.5,50,1,3144.9,214,3,3145.0,605,5,3145.2,320,3,3145.3,291,3
2031,2026-06-16 09:29:58+05:30,3144.1,1,3144.84,338179,117746.0,158587.0,3163.0,3163.0,3135.7,3134.3,31697400,3447.7,2820.9,3839.9,2896.0,3144.3,40,2,3144.1,49,2,3144.0,57,5,3143.9,23,1,3143.8,2,1,3144.5,51,2,3144.9,94,1,3145.0,605,5,3145.2,320,3,3145.3,252,2
2031,2026-06-16 09:29:59+05:30,3144.1,1,3144.84,338179,117852.0,158589.0,3163.0,3163.0,3135.7,3134.3,31697400,3447.7,2820.9,3839.9,2896.0,3144.3,59,5,3144.1,49,2,3144.0,57,5,3143.9,23,1,3143.8,2,1,3144.5,51,2,3144.9,94,1,3145.0,605,5,3145.2,520,4,3145.3,52,1
2031,2026-06-16 09:30:00+05:30,3145.0,264,3144.84,338179,117852.0,158589.0,3163.0,3163.0,3135.7,3134.3,31697400,3447.7,2820.9,3839.9,2896.0,3144.3,59,5,3144.1,49,2,3144.0,57,5,3143.9,23,1,3143.8,2,1,3144.5,51,2,3144.9,94,1,3145.0,605,5,3145.2,520,4,3145.3,52,1
2031,2026-06-16 09:30:01+05:30,3145.0,3,3144.84,338717,118422.0,157218.0,3163.0,3163.0,3135.7,3134.3,31697400,3447.7,2820.9,3839.9,2896.0,3144.5,15,2,3144.4,2,2,3144.3,95,8,3144.2,16,1,3144.1,49,2,3145.0,337,5,3145.2,400,2,3145.4,30,1,3145.6,450,8,3145.7,162,1
2031,2026-06-16 09:30:01+05:30,3145.0,1,3144.84,338717,118422.0,157218.0,3163.0,3163.0,3135.7,3134.3,31697400,3447.7,2820.9,3839.9,2896.0,3144.5,15,2,3144.4,2,2,3144.3,95,8,3144.2,16,1,3144.1,49,2,3145.0,337,5,3145.2,400,2,3145.4,30,1,3145.6,450,8,3145.7,162,1
2031,2026-06-16 09:30:02+05:30,3145.0,1,3144.84,338732,118658.0,157343.0,3163.0,3163.0,3135.7,3134.3,31697400,3447.7,2820.9,3839.9,2896.0,3144.6,27,1,3144.5,99,4,3144.4,48,3,3144.3,81,7,3144.2,23,1,3145.0,325,6,3145.2,400,2,3145.6,394,6,3145.7,203,2,3145.8,200,5
2031,2026-06-16 09:30:02+05:30,3145.0,107,3144.84,338732,118658.0,157343.0,3163.0,3163.0,3135.7,3134.3,31697400,3447.7,2820.9,3839.9,2896.0,3144.6,27,1,3144.5,99,4,3144.4,48,3,3144.3,81,7,3144.2,23,1,3145.0,325,6,3145.2,400,2,3145.6,394,6,3145.7,203,2,3145.8,200,5
2031,2026-06-16 09:30:03+05:30,3145.0,107,3144.84,338989,118568.0,158181.0,3163.0,3163.0,3135.7,3134.3,31697400,3447.7,2820.9,3839.9,2896.0,3144.6,6,2,3144.5,76,3,3144.4,2,2,3144.3,81,7,3144.2,14,1,3145.0,1108,5,3145.2,400,2,3145.3,24,1,3145.5,115,3,3145.6,356,6
2031,2026-06-16 09:30:03+05:30,3145.0,19,3144.84,338989,118568.0,158181.0,3163.0,3163.0,3135.7,3134.3,31697400,3447.7,2820.9,3839.9,2896.0,3144.6,6,2,3144.5,76,3,3144.4,2,2,3144.3,81,7,3144.2,14,1,3145.0,1108,5,3145.2,400,2,3145.3,24,1,3145.5,115,3,3145.6,356,6
2031,2026-06-16 09:30:04+05:30,3144.6,4,3144.84,339012,118814.0,158091.0,3163.0,3163.0,3135.7,3134.3,31697400,3447.7,2820.9,3839.9,2896.0,3144.6,83,3,3144.5,86,4,3144.4,2,2,3144.3,154,9,3144.2,16,1,3145.0,1211,7,3145.5,427,4,3145.6,142,4,3145.8,121,3,3145.9,520,6
2031,2026-06-16 09:30:04+05:30,3144.6,4,3144.84,339012,118814.0,158091.0,3163.0,3163.0,3135.7,3134.3,31697400,3447.7,2820.9,3839.9,2896.0,3144.6,83,3,3144.5,86,4,3144.4,2,2,3144.3,154,9,3144.2,16,1,3145.0,1211,7,3145.5,427,4,3145.6,142,4,3145.8,121,3,3145.9,520,6
2031,2026-06-16 09:30:05+05:30,3145.0,64,3144.84,339012,118814.0,158091.0,3163.0,3163.0,3135.7,3134.3,31697400,3447.7,2820.9,3839.9,2896.0,3144.6,83,3,3144.5,86,4,3144.4,2,2,3144.3,154,9,3144.2,16,1,3145.0,1211,7,3145.5,427,4,3145.6,142,4,3145.8,121,3,3145.9,520,6
2031,2026-06-16 09:30:05+05:30,3145.0,64,3144.84,339078,119047.0,158351.0,3163.0,3163.0,3135.7,3134.3,31697400,3447.7,2820.9,3839.9,2896.0,3144.8,2,2,3144.6,136,6,3144.5,86,4,3144.3,67,5,3144.1,49,2,3145.0,1211,11,3145.2,78,3,3145.4,416,6,3145.5,238,3,3145.6,233,7
2031,2026-06-16 09:30:06+05:30,3144.1,31,3144.84,339078,119047.0,158351.0,3163.0,3163.0,3135.7,3134.3,31697400,3447.7,2820.9,3839.9,2896.0,3144.8,2,2,3144.6,136,6,3144.5,86,4,3144.3,67,5,3144.1,49,2,3145.0,1211,11,3145.2,78,3,3145.4,416,6,3145.5,238,3,3145.6,233,7
2031,2026-06-16 09:30:06+05:30,3144.6,1,3144.84,340204,117842.0,158858.0,3163.0,3163.0,3135.7,3134.3,31697400,3447.7,2820.9,3839.9,2896.0,3144.1,6,1,3144.0,548,5,3143.2,21,1,3143.0,51,3,3142.9,69,2,3144.6,22,3,3144.7,6,1,3144.8,121,3,3144.9,220,3,3145.0,1263,13
2031,2026-06-16 09:30:07+05:30,3144.6,3,3144.84,340204,117842.0,158858.0,3163.0,3163.0,3135.7,3134.3,31697400,3447.7,2820.9,3839.9,2896.0,3144.1,6,1,3144.0,548,5,3143.2,21,1,3143.0,51,3,3142.9,69,2,3144.6,22,3,3144.7,6,1,3144.8,121,3,3144.9,220,3,3145.0,1263,13
2031,2026-06-16 09:30:07+05:30,3144.5,2,3144.84,340212,117919.0,159528.0,3163.0,3163.0,3135.7,3134.3,31697400,3447.7,2820.9,3839.9,2896.0,3144.1,33,2,3144.0,548,5,3143.6,10,1,3143.5,6,1,3143.4,3,1,3144.5,195,1,3144.6,34,4,3144.7,6,1,3144.8,26,1,3144.9,59,3
2031,2026-06-16 09:30:08+05:30,3144.5,1,3144.84,340212,117919.0,159528.0,3163.0,3163.0,3135.7,3134.3,31697400,3447.7,2820.9,3839.9,2896.0,3144.1,33,2,3144.0,548,5,3143.6,10,1,3143.5,6,1,3143.4,3,1,3144.5,195,1,3144.6,34,4,3144.7,6,1,3144.8,26,1,3144.9,59,3
2031,2026-06-16 09:30:08+05:30,3144.5,30,3144.84,340245,118059.0,159509.0,3163.0,3163.0,3135.7,3134.3,31697400,3447.7,2820.9,3839.9,2896.0,3144.1,33,2,3144.0,548,5,3143.6,10,1,3143.5,6,1,3143.4,83,2,3144.5,172,2,3144.6,34,4,3144.7,45,2,3144.8,26,1,3144.9,20,2
2031,2026-06-16 09:30:09+05:30,3144.5,1,3144.84,340245,118059.0,159509.0,3163.0,3163.0,3135.7,3134.3,31697400,3447.7,2820.9,3839.9,2896.0,3144.1,33,2,3144.0,548,5,3143.6,10,1,3143.5,6,1,3143.4,83,2,3144.5,172,2,3144.6,34,4,3144.7,45,2,3144.8,26,1,3144.9,20,2
2031,2026-06-16 09:30:09+05:30,3144.5,1,3144.84,340245,118059.0,159509.0,3163.0,3163.0,3135.7,3134.3,31697400,3447.7,2820.9,3839.9,2896.0,3144.1,33,2,3144.0,548,5,3143.6,10,1,3143.5,6,1,3143.4,83,2,3144.5,172,2,3144.6,34,4,3144.7,45,2,3144.8,26,1,3144.9,20,2
2031,2026-06-16 09:30:09+05:30,3144.5,2,3144.84,340249,117197.0,159990.0,3163.0,3163.0,3135.7,3134.3,31697400,3447.7,2820.9,3839.9,2896.0,3144.1,55,4,3144.0,548,5,3143.5,6,1,3143.4,83,2,3143.3,2,1,3144.5,233,6,3144.6,42,4,3144.7,54,2,3144.8,112,4,3144.9,185,3
2031,2026-06-16 09:30:10+05:30,3144.5,1,3144.84,340249,117197.0,159990.0,3163.0,3163.0,3135.7,3134.3,31697400,3447.7,2820.9,3839.9,2896.0,3144.1,55,4,3144.0,548,5,3143.5,6,1,3143.4,83,2,3143.3,2,1,3144.5,233,6,3144.6,42,4,3144.7,54,2,3144.8,112,4,3144.9,185,3
2031,2026-06-16 09:30:11+05:30,3144.5,2,3144.84,340262,117394.0,159896.0,3163.0,3163.0,3135.7,3134.3,31697400,3447.7,2820.9,3839.9,2896.0,3144.1,58,6,3144.0,548,5,3143.5,6,1,3143.4,83,2,3143.3,2,1,3144.5,253,8,3144.6,42,4,3144.7,74,3,3144.8,112,4,3144.9,20,2
2031,2026-06-16 09:30:11+05:30,3144.5,2,3144.84,340262,117394.0,159896.0,3163.0,3163.0,3135.7,3134.3,31697400,3447.7,2820.9,3839.9,2896.0,3144.1,58,6,3144.0,548,5,3143.5,6,1,3143.4,83,2,3143.3,2,1,3144.5,253,8,3144.6,42,4,3144.7,74,3,3144.8,112,4,3144.9,20,2
2031,2026-06-16 09:30:11+05:30,3144.5,2,3144.84,340262,117394.0,159896.0,3163.0,3163.0,3135.7,3134.3,31697400,3447.7,2820.9,3839.9,2896.0,3144.1,58,6,3144.0,548,5,3143.5,6,1,3143.4,83,2,3143.3,2,1,3144.5,253,8,3144.6,42,4,3144.7,74,3,3144.8,112,4,3144.9,20,2
2031,2026-06-16 09:30:12+05:30,3144.5,1,3144.84,340265,117651.0,160389.0,3163.0,3163.0,3135.7,3134.3,31697400,3447.7,2820.9,3839.9,2896.0,3144.1,58,6,3144.0,548,5,3143.5,6,1,3143.4,83,2,3143.3,2,1,3144.5,310,10,3144.6,59,4,3144.7,68,2,3144.8,112,4,3144.9,20,2
2031,2026-06-16 09:30:12+05:30,3144.5,1,3144.84,340265,117651.0,160389.0,3163.0,3163.0,3135.7,3134.3,31697400,3447.7,2820.9,3839.9,2896.0,3144.1,58,6,3144.0,548,5,3143.5,6,1,3143.4,83,2,3143.3,2,1,3144.5,310,10,3144.6,59,4,3144.7,68,2,3144.8,112,4,3144.9,20,2
2031,2026-06-16 09:30:12+05:30,3144.5,1,3144.84,340265,117651.0,160389.0,3163.0,3163.0,3135.7,3134.3,31697400,3447.7,2820.9,3839.9,2896.0,3144.1,58,6,3144.0,548,5,3143.5,6,1,3143.4,83,2,3143.3,2,1,3144.5,310,10,3144.6,59,4,3144.7,68,2,3144.8,112,4,3144.9,20,2
2031,2026-06-16 09:30:13+05:30,3144.5,1,3144.84,340718,117471.0,159507.0,3163.0,3163.0,3135.7,3134.3,31697400,3447.7,2820.9,3839.9,2896.0,3144.1,58,6,3144.0,213,4,3143.5,6,1,3143.4,83,2,3143.3,2,1,3144.5,6,1,3144.6,23,1,3144.8,88,3,3144.9,10,1,3145.0,1417,11
2031,2026-06-16 09:30:13+05:30,3144.5,1,3144.84,340718,117471.0,159507.0,3163.0,3163.0,3135.7,3134.3,31697400,3447.7,2820.9,3839.9,2896.0,3144.1,58,6,3144.0,213,4,3143.5,6,1,3143.4,83,2,3143.3,2,1,3144.5,6,1,3144.6,23,1,3144.8,88,3,3144.9,10,1,3145.0,1417,11
2031,2026-06-16 09:30:14+05:30,3144.5,1,3144.84,340718,117471.0,159507.0,3163.0,3163.0,3135.7,3134.3,31697400,3447.7,2820.9,3839.9,2896.0,3144.1,58,6,3144.0,213,4,3143.5,6,1,3143.4,83,2,3143.3,2,1,3144.5,6,1,3144.6,23,1,3144.8,88,3,3144.9,10,1,3145.0,1417,11
2031,2026-06-16 09:30:14+05:30,3144.5,1,3144.84,340718,117477.0,159515.0,3163.0,3163.0,3135.7,3134.3,31697400,3447.7,2820.9,3839.9,2896.0,3144.1,60,7,3144.0,213,4,3143.5,6,1,3143.4,83,2,3143.3,75,2,3144.5,6,1,3144.6,23,1,3144.8,88,3,3144.9,10,1,3145.0,1417,11
2031,2026-06-16 09:30:15+05:30,3144.5,2,3144.84,340731,117284.0,160319.0,3163.0,3163.0,3135.7,3134.3,31697400,3447.7,2820.9,3839.9,2896.0,3144.3,2,2,3144.1,77,9,3144.0,214,5,3143.8,10,1,3143.6,18,1,3144.5,3,1,3144.6,23,1,3144.8,19,1,3144.9,184,1,3145.0,1066,6
2031,2026-06-16 09:30:15+05:30,3144.5,2,3144.84,340731,117284.0,160319.0,3163.0,3163.0,3135.7,3134.3,31697400,3447.7,2820.9,3839.9,2896.0,3144.3,2,2,3144.1,77,9,3144.0,214,5,3143.8,10,1,3143.6,18,1,3144.5,3,1,3144.6,23,1,3144.8,19,1,3144.9,184,1,3145.0,1066,6
2031,2026-06-16 09:30:15+05:30,3144.5,2,3144.84,340731,117284.0,160319.0,3163.0,3163.0,3135.7,3134.3,31697400,3447.7,2820.9,3839.9,2896.0,3144.3,2,2,3144.1,77,9,3144.0,214,5,3143.8,10,1,3143.6,18,1,3144.5,3,1,3144.6,23,1,3144.8,19,1,3144.9,184,1,3145.0,1066,6
2031,2026-06-16 09:30:16+05:30,3144.5,4,3144.84,340731,117284.0,160319.0,3163.0,3163.0,3135.7,3134.3,31697400,3447.7,2820.9,3839.9,2896.0,3144.3,2,2,3144.1,77,9,3144.0,214,5,3143.8,10,1,3143.6,18,1,3144.5,3,1,3144.6,23,1,3144.8,19,1,3144.9,184,1,3145.0,1066,6
2031,2026-06-16 09:30:16+05:30,3144.5,17,3144.84,340753,117272.0,160486.0,3163.0,3163.0,3135.7,3134.3,31697400,3447.7,2820.9,3839.9,2896.0,3144.3,3,3,3144.1,61,8,3144.0,214,5,3143.8,10,1,3143.6,98,2,3144.5,7,1,3144.6,23,1,3144.9,184,1,3145.0,1047,5,3145.1,400,2
2031,2026-06-16 09:30:17+05:30,3144.5,17,3144.84,340753,117272.0,160486.0,3163.0,3163.0,3135.7,3134.3,31697400,3447.7,2820.9,3839.9,2896.0,3144.3,3,3,3144.1,61,8,3144.0,214,5,3143.8,10,1,3143.6,98,2,3144.5,7,1,3144.6,23,1,3144.9,184,1,3145.0,1047,5,3145.1,400,2
2031,2026-06-16 09:30:17+05:30,3144.5,1,3144.84,340753,117272.0,160486.0,3163.0,3163.0,3135.7,3134.3,31697400,3447.7,2820.9,3839.9,2896.0,3144.3,3,3,3144.1,61,8,3144.0,214,5,3143.8,10,1,3143.6,98,2,3144.5,7,1,3144.6,23,1,3144.9,184,1,3145.0,1047,5,3145.1,400,2
2031,2026-06-16 09:30:17+05:30,3144.5,1,3144.84,340754,117585.0,160366.0,3163.0,3163.0,3135.7,3134.3,31697400,3447.7,2820.9,3839.9,2896.0,3144.3,30,6,3144.1,65,9,3144.0,232,5,3143.5,33,3,3143.4,106,3,3144.5,7,2,3144.6,24,2,3144.8,34,2,3144.9,225,4,3145.0,1068,7
2031,2026-06-16 09:30:18+05:30,3144.5,1,3144.84,340754,117585.0,160366.0,3163.0,3163.0,3135.7,3134.3,31697400,3447.7,2820.9,3839.9,2896.0,3144.3,30,6,3144.1,65,9,3144.0,232,5,3143.5,33,3,3143.4,106,3,3144.5,7,2,3144.6,24,2,3144.8,34,2,3144.9,225,4,3145.0,1068,7
2031,2026-06-16 09:30:18+05:30,3144.5,24,3144.84,340754,117585.0,160366.0,3163.0,3163.0,3135.7,3134.3,31697400,3447.7,2820.9,3839.9,2896.0,3144.3,30,6,3144.1,65,9,3144.0,232,5,3143.5,33,3,3143.4,106,3,3144.5,7,2,3144.6,24,2,3144.8,34,2,3144.9,225,4,3145.0,1068,7
2031,2026-06-16 09:30:18+05:30,3144.5,24,3144.84,340785,117565.0,160218.0,3163.0,3163.0,3135.7,3134.3,31697400,3447.7,2820.9,3839.9,2896.0,3144.3,62,8,3144.1,39,8,3144.0,232,5,3143.5,33,3,3143.4,83,2,3144.5,13,2,3144.6,24,2,3144.8,17,1,3144.9,22,2,3145.0,1110,9
2031,2026-06-16 09:30:19+05:30,3144.5,24,3144.84,340785,117565.0,160218.0,3163.0,3163.0,3135.7,3134.3,31697400,3447.7,2820.9,3839.9,2896.0,3144.3,62,8,3144.1,39,8,3144.0,232,5,3143.5,33,3,3143.4,83,2,3144.5,13,2,3144.6,24,2,3144.8,17,1,3144.9,22,2,3145.0,1110,9
2031,2026-06-16 09:30:19+05:30,3144.6,2,3144.84,340785,117565.0,160218.0,3163.0,3163.0,3135.7,3134.3,31697400,3447.7,2820.9,3839.9,2896.0,3144.3,62,8,3144.1,39,8,3144.0,232,5,3143.5,33,3,3143.4,83,2,3144.5,13,2,3144.6,24,2,3144.8,17,1,3144.9,22,2,3145.0,1110,9
2031,2026-06-16 09:30:19+05:30,3144.6,2,3144.84,340785,117565.0,160218.0,3163.0,3163.0,3135.7,3134.3,31697400,3447.7,2820.9,3839.9,2896.0,3144.3,62,8,3144.1,39,8,3144.0,232,5,3143.5,33,3,3143.4,83,2,3144.5,13,2,3144.6,24,2,3144.8,17,1,3144.9,22,2,3145.0,1110,9
2031,2026-06-16 09:30:19+05:30,3144.6,2,3144.84,340863,118055.0,159403.0,3163.0,3163.0,3135.7,3134.3,31697400,3447.7,2820.9,3839.9,2896.0,3144.3,64,8,3144.1,39,8,3144.0,232,5,3143.7,79,2,3143.6,150,3,3144.9,2,1,3145.0,1009,5,3145.1,463,4,3145.2,152,4,3145.3,24,1
2031,2026-06-16 09:30:20+05:30,3144.6,2,3144.84,340863,118055.0,159403.0,3163.0,3163.0,3135.7,3134.3,31697400,3447.7,2820.9,3839.9,2896.0,3144.3,64,8,3144.1,39,8,3144.0,232,5,3143.7,79,2,3143.6,150,3,3144.9,2,1,3145.0,1009,5,3145.1,463,4,3145.2,152,4,3145.3,24,1
2031,2026-06-16 09:30:20+05:30,3144.6,55,3144.84,340863,118055.0,159403.0,3163.0,3163.0,3135.7,3134.3,31697400,3447.7,2820.9,3839.9,2896.0,3144.3,64,8,3144.1,39,8,3144.0,232,5,3143.7,79,2,3143.6,150,3,3144.9,2,1,3145.0,1009,5,3145.1,463,4,3145.2,152,4,3145.3,24,1
2031,2026-06-16 09:30:20+05:30,3144.6,55,3144.84,340863,118055.0,159403.0,3163.0,3163.0,3135.7,3134.3,31697400,3447.7,2820.9,3839.9,2896.0,3144.3,64,8,3144.1,39,8,3144.0,232,5,3143.7,79,2,3143.6,150,3,3144.9,2,1,3145.0,1009,5,3145.1,463,4,3145.2,152,4,3145.3,24,1
2031,2026-06-16 09:30:20+05:30,3144.6,2,3144.84,340965,117621.0,159559.0,3163.0,3163.0,3135.7,3134.3,31697400,3447.7,2820.9,3839.9,2896.0,3144.6,21,3,3144.3,46,5,3144.1,17,6,3144.0,232,5,3143.7,79,2,3144.9,3,2,3145.0,1054,8,3145.1,463,4,3145.2,72,3,3145.3,24,1
2031,2026-06-16 09:30:21+05:30,3144.6,2,3144.84,340965,117621.0,159559.0,3163.0,3163.0,3135.7,3134.3,31697400,3447.7,2820.9,3839.9,2896.0,3144.6,21,3,3144.3,46,5,3144.1,17,6,3144.0,232,5,3143.7,79,2,3144.9,3,2,3145.0,1054,8,3145.1,463,4,3145.2,72,3,3145.3,24,1
2031,2026-06-16 09:30:21+05:30,3144.9,1,3144.84,340965,117621.0,159559.0,3163.0,3163.0,3135.7,3134.3,31697400,3447.7,2820.9,3839.9,2896.0,3144.6,21,3,3144.3,46,5,3144.1,17,6,3144.0,232,5,3143.7,79,2,3144.9,3,2,3145.0,1054,8,3145.1,463,4,3145.2,72,3,3145.3,24,1
2031,2026-06-16 09:30:22+05:30,3144.6,1,3144.84,340986,117966.0,160125.0,3163.0,3163.0,3135.7,3134.3,31697400,3447.7,2820.9,3839.9,2896.0,3144.6,58,5,3144.3,17,4,3144.1,17,6,3144.0,232,5,3143.7,140,4,3144.9,2,2,3145.0,1041,7,3145.1,400,2,3145.2,72,3,3145.3,24,1
2031,2026-06-16 09:30:22+05:30,3144.6,1,3144.84,340986,117966.0,160125.0,3163.0,3163.0,3135.7,3134.3,31697400,3447.7,2820.9,3839.9,2896.0,3144.6,58,5,3144.3,17,4,3144.1,17,6,3144.0,232,5,3143.7,140,4,3144.9,2,2,3145.0,1041,7,3145.1,400,2,3145.2,72,3,3145.3,24,1
2031,2026-06-16 09:30:22+05:30,3145.0,1,3144.84,340986,117966.0,160125.0,3163.0,3163.0,3135.7,3134.3,31697400,3447.7,2820.9,3839.9,2896.0,3144.6,58,5,3144.3,17,4,3144.1,17,6,3144.0,232,5,3143.7,140,4,3144.9,2,2,3145.0,1041,7,3145.1,400,2,3145.2,72,3,3145.3,24,1
2031,2026-06-16 09:30:22+05:30,3145.0,1,3144.84,340986,117966.0,160125.0,3163.0,3163.0,3135.7,3134.3,31697400,3447.7,2820.9,3839.9,2896.0,3144.6,58,5,3144.3,17,4,3144.1,17,6,3144.0,232,5,3143.7,140,4,3144.9,2,2,3145.0,1041,7,3145.1,400,2,3145.2,72,3,3145.3,24,1
2031,2026-06-16 09:30:23+05:30,3144.1,2,3144.84,341647,116536.0,161009.0,3163.0,3163.0,3135.7,3134.3,31697400,3447.7,2820.9,3839.9,2896.0,3144.1,6,4,3144.0,232,5,3143.7,14,1,3143.5,6,1,3143.4,17,2,3144.5,72,5,3144.6,17,1,3144.7,37,4,3144.8,72,3,3144.9,623,9
2031,2026-06-16 09:30:23+05:30,3144.5,2,3144.84,341647,116536.0,161009.0,3163.0,3163.0,3135.7,3134.3,31697400,3447.7,2820.9,3839.9,2896.0,3144.1,6,4,3144.0,232,5,3143.7,14,1,3143.5,6,1,3143.4,17,2,3144.5,72,5,3144.6,17,1,3144.7,37,4,3144.8,72,3,3144.9,623,9
2031,2026-06-16 09:30:23+05:30,3144.5,2,3144.84,341647,116536.0,161009.0,3163.0,3163.0,3135.7,3134.3,31697400,3447.7,2820.9,3839.9,2896.0,3144.1,6,4,3144.0,232,5,3143.7,14,1,3143.5,6,1,3143.4,17,2,3144.5,72,5,3144.6,17,1,3144.7,37,4,3144.8,72,3,3144.9,623,9
2031,2026-06-16 09:30:24+05:30,3144.0,169,3144.84,341849,116322.0,161028.0,3163.0,3163.0,3135.7,3134.3,31697400,3447.7,2820.9,3839.9,2896.0,3144.0,74,6,3143.7,14,1,3143.5,6,1,3143.4,17,2,3143.3,2,1,3144.5,97,6,3144.6,17,1,3144.7,37,4,3144.8,272,4,3144.9,423,8
2031,2026-06-16 09:30:24+05:30,3144.0,169,3144.84,341849,116322.0,161028.0,3163.0,3163.0,3135.7,3134.3,31697400,3447.7,2820.9,3839.9,2896.0,3144.0,74,6,3143.7,14,1,3143.5,6,1,3143.4,17,2,3143.3,2,1,3144.5,97,6,3144.6,17,1,3144.7,37,4,3144.8,272,4,3144.9,423,8
2031,2026-06-16 09:30:24+05:30,3144.0,169,3144.84,341849,116322.0,161028.0,3163.0,3163.0,3135.7,3134.3,31697400,3447.7,2820.9,3839.9,2896.0,3144.0,74,6,3143.7,14,1,3143.5,6,1,3143.4,17,2,3143.3,2,1,3144.5,97,6,3144.6,17,1,3144.7,37,4,3144.8,272,4,3144.9,423,8
2031,2026-06-16 09:30:25+05:30,3144.0,169,3144.84,341849,116322.0,161028.0,3163.0,3163.0,3135.7,3134.3,31697400,3447.7,2820.9,3839.9,2896.0,3144.0,74,6,3143.7,14,1,3143.5,6,1,3143.4,17,2,3143.3,2,1,3144.5,97,6,3144.6,17,1,3144.7,37,4,3144.8,272,4,3144.9,423,8
2031,2026-06-16 09:30:25+05:30,3144.0,1,3144.84,341914,116298.0,161012.0,3163.0,3163.0,3135.7,3134.3,31697400,3447.7,2820.9,3839.9,2896.0,3144.0,73,6,3143.5,6,1,3143.4,17,2,3143.3,2,1,3143.1,27,2,3144.5,106,7,3144.6,17,1,3144.7,37,4,3144.8,272,4,3144.9,423,8
2031,2026-06-16 09:30:25+05:30,3144.0,1,3144.84,341914,116298.0,161012.0,3163.0,3163.0,3135.7,3134.3,31697400,3447.7,2820.9,3839.9,2896.0,3144.0,73,6,3143.5,6,1,3143.4,17,2,3143.3,2,1,3143.1,27,2,3144.5,106,7,3144.6,17,1,3144.7,37,4,3144.8,272,4,3144.9,423,8
2031,2026-06-16 09:30:26+05:30,3144.0,1,3144.84,341914,116298.0,161012.0,3163.0,3163.0,3135.7,3134.3,31700600,3447.7,2820.9,3839.9,2896.0,3144.0,73,6,3143.5,6,1,3143.4,17,2,3143.3,2,1,3143.1,27,2,3144.5,106,7,3144.6,17,1,3144.7,37,4,3144.8,272,4,3144.9,423,8
2031,2026-06-16 09:30:26+05:30,3144.7,2,3144.84,342137,116745.0,160086.0,3163.0,3163.0,3135.7,3134.3,31700600,3447.7,2820.9,3839.9,2896.0,3144.0,81,8,3143.5,6,1,3143.4,17,2,3143.3,2,1,3143.2,124,3,3144.9,73,5,3145.0,1230,7,3145.1,236,3,3145.2,206,6,3145.3,35,2
2031,2026-06-16 09:30:26+05:30,3144.7,2,3144.84,342137,116745.0,160086.0,3163.0,3163.0,3135.7,3134.3,31700600,3447.7,2820.9,3839.9,2896.0,3144.0,81,8,3143.5,6,1,3143.4,17,2,3143.3,2,1,3143.2,124,3,3144.9,73,5,3145.0,1230,7,3145.1,236,3,3145.2,206,6,3145.3,35,2
2031,2026-06-16 09:30:27+05:30,3144.8,2,3144.84,342249,116641.0,161105.0,3163.0,3163.0,3135.7,3134.3,31700600,3447.7,2820.9,3839.9,2896.0,3144.0,52,5,3143.9,26,1,3143.5,6,1,3143.4,17,2,3143.3,2,1,3144.7,17,1,3144.8,275,6,3144.9,298,7,3145.0,1104,9,3145.1,59,2
2031,2026-06-16 09:30:27+05:30,3144.8,2,3144.84,342249,116641.0,161105.0,3163.0,3163.0,3135.7,3134.3,31700600,3447.7,2820.9,3839.9,2896.0,3144.0,52,5,3143.9,26,1,3143.5,6,1,3143.4,17,2,3143.3,2,1,3144.7,17,1,3144.8,275,6,3144.9,298,7,3145.0,1104,9,3145.1,59,2
2031,2026-06-16 09:30:28+05:30,3144.7,11,3144.84,342249,116641.0,161105.0,3163.0,3163.0,3135.7,3134.3,31700600,3447.7,2820.9,3839.9,2896.0,3144.0,52,5,3143.9,26,1,3143.5,6,1,3143.4,17,2,3143.3,2,1,3144.7,17,1,3144.8,275,6,3144.9,298,7,3145.0,1104,9,3145.1,59,2
2031,2026-06-16 09:30:28+05:30,3144.7,11,3144.84,342262,116738.0,161171.0,3163.0,3163.0,3135.7,3134.3,31700600,3447.7,2820.9,3839.9,2896.0,3144.0,58,6,3143.9,26,1,3143.5,6,1,3143.4,17,2,3143.3,2,1,3144.7,86,5,3144.8,249,4,3144.9,298,7,3145.0,1104,9,3145.1,59,2
2031,2026-06-16 09:30:29+05:30,3144.0,11,3144.84,342262,116738.0,161171.0,3163.0,3163.0,3135.7,3134.3,31700600,3447.7,2820.9,3839.9,2896.0,3144.0,58,6,3143.9,26,1,3143.5,6,1,3143.4,17,2,3143.3,2,1,3144.7,86,5,3144.8,249,4,3144.9,298,7,3145.0,1104,9,3145.1,59,2
2031,2026-06-16 09:30:29+05:30,3144.0,11,3144.84,342286,116476.0,161697.0,3163.0,3163.0,3135.7,3134.3,31700600,3447.7,2820.9,3839.9,2896.0,3144.0,54,6,3143.9,26,1,3143.5,6,1,3143.4,17,2,3143.3,2,1,3144.7,44,4,3144.8,249,4,3144.9,298,7,3145.0,1104,9,3145.1,59,2
2031,2026-06-16 09:30:30+05:30,3144.2,2,3144.84,342286,116476.0,161697.0,3163.0,3163.0,3135.7,3134.3,31700600,3447.7,2820.9,3839.9,2896.0,3144.0,54,6,3143.9,26,1,3143.5,6,1,3143.4,17,2,3143.3,2,1,3144.7,44,4,3144.8,249,4,3144.9,298,7,3145.0,1104,9,3145.1,59,2
2031,2026-06-16 09:30:30+05:30,3144.3,9,3144.83,343363,115602.0,161571.0,3163.0,3163.0,3135.7,3134.3,31700600,3447.7,2820.9,3839.9,2896.0,3143.0,84,4,3142.8,5,1,3142.7,94,2,3142.6,97,4,3142.5,195,6,3144.3,105,6,3144.4,69,2,3144.5,42,1,3144.6,516,5,3144.7,55,5
2031,2026-06-16 09:30:31+05:30,3144.0,16,3144.83,343363,115602.0,161571.0,3163.0,3163.0,3135.7,3134.3,31700600,3447.7,2820.9,3839.9,2896.0,3143.0,84,4,3142.8,5,1,3142.7,94,2,3142.6,97,4,3142.5,195,6,3144.3,105,6,3144.4,69,2,3144.5,42,1,3144.6,516,5,3144.7,55,5
2031,2026-06-16 09:30:31+05:30,3142.8,5,3144.83,344024,114157.0,162434.0,3163.0,3163.0,3135.7,3134.3,31700600,3447.7,2820.9,3839.9,2896.0,3142.6,5,1,3142.5,120,3,3142.2,1,1,3142.0,777,5,3141.9,32,1,3143.7,117,5,3143.8,137,4,3143.9,98,2,3144.0,570,7,3144.1,11,1
2031,2026-06-16 09:30:32+05:30,3142.6,34,3144.83,344024,114157.0,162434.0,3163.0,3163.0,3135.7,3134.3,31700600,3447.7,2820.9,3839.9,2896.0,3142.6,5,1,3142.5,120,3,3142.2,1,1,3142.0,777,5,3141.9,32,1,3143.7,117,5,3143.8,137,4,3143.9,98,2,3144.0,570,7,3144.1,11,1
2031,2026-06-16 09:30:32+05:30,3142.6,34,3144.83,344065,114747.0,163170.0,3163.0,3163.0,3135.7,3134.3,31700600,3447.7,2820.9,3839.9,2896.0,3142.6,55,4,3142.5,120,3,3142.0,856,5,3141.9,35,2,3141.8,21,1,3143.5,97,4,3143.6,57,3,3143.7,75,3,3143.8,544,6,3143.9,123,2
2031,2026-06-16 09:30:33+05:30,3143.3,60,3144.83,344065,114747.0,163170.0,3163.0,3163.0,3135.7,3134.3,31700600,3447.7,2820.9,3839.9,2896.0,3142.6,55,4,3142.5,120,3,3142.0,856,5,3141.9,35,2,3141.8,21,1,3143.5,97,4,3143.6,57,3,3143.7,75,3,3143.8,544,6,3143.9,123,2
2031,2026-06-16 09:30:33+05:30,3142.6,2,3144.83,344188,114702.0,163896.0,3163.0,3163.0,3135.7,3134.3,31700600,3447.7,2820.9,3839.9,2896.0,3142.6,62,5,3142.5,130,4,3142.0,822,5,3141.9,115,3,3141.8,21,1,3143.3,384,5,3143.5,109,4,3143.6,46,2,3143.7,528,7,3143.8,144,4
2031,2026-06-16 09:30:34+05:30,3143.3,1,3144.83,344188,114702.0,163896.0,3163.0,3163.0,3135.7,3134.3,31700600,3447.7,2820.9,3839.9,2896.0,3142.6,62,5,3142.5,130,4,3142.0,822,5,3141.9,115,3,3141.8,21,1,3143.3,384,5,3143.5,109,4,3143.6,46,2,3143.7,528,7,3143.8,144,4
2031,2026-06-16 09:30:35+05:30,3142.6,4,3144.83,344194,114721.0,162737.0,3163.0,3163.0,3135.7,3134.3,31700600,3447.7,2820.9,3839.9,2896.0,3142.6,57,5,3142.5,130,4,3142.0,822,5,3141.9,115,3,3141.8,21,1,3143.3,390,6,3143.6,19,1,3143.7,510,6,3143.8,139,4,3143.9,208,5
2031,2026-06-16 09:30:35+05:30,3142.6,4,3144.83,344194,114721.0,162737.0,3163.0,3163.0,3135.7,3134.3,31700600,3447.7,2820.9,3839.9,2896.0,3142.6,57,5,3142.5,130,4,3142.0,822,5,3141.9,115,3,3141.8,21,1,3143.3,390,6,3143.6,19,1,3143.7,510,6,3143.8,139,4,3143.9,208,5
2031,2026-06-16 09:30:36+05:30,3143.3,1,3144.83,344228,114826.0,164764.0,3163.0,3163.0,3135.7,3134.3,31700600,3447.7,2820.9,3839.9,2896.0,3142.6,60,6,3142.5,130,4,3142.1,187,1,3142.0,822,5,3141.9,115,3,3143.3,426,9,3143.4,27,1,3143.6,58,2,3143.7,433,4,3143.8,177,5
2031,2026-06-16 09:30:36+05:30,3142.6,7,3144.83,344228,114826.0,164764.0,3163.0,3163.0,3135.7,3134.3,31700600,3447.7,2820.9,3839.9,2896.0,3142.6,60,6,3142.5,130,4,3142.1,187,1,3142.0,822,5,3141.9,115,3,3143.3,426,9,3143.4,27,1,3143.6,58,2,3143.7,433,4,3143.8,177,5
2031,2026-06-16 09:30:37+05:30,3142.6,7,3144.83,344235,114632.0,164836.0,3163.0,3163.0,3135.7,3134.3,31700600,3447.7,2820.9,3839.9,2896.0,3142.6,55,7,3142.5,173,6,3142.0,822,5,3141.9,83,2,3141.8,21,1,3143.2,17,1,3143.3,403,8,3143.4,27,1,3143.5,30,1,3143.6,124,4
2031,2026-06-16 09:30:38+05:30,3143.2,1,3144.83,344306,114575.0,164721.0,3163.0,3163.0,3135.7,3134.3,31700600,3447.7,2820.9,3839.9,2896.0,3142.6,23,7,3142.5,173,6,3142.0,801,4,3141.9,83,2,3141.8,21,1,3143.2,34,3,3143.3,364,6,3143.4,117,4,3143.5,90,2,3143.6,124,4
2031,2026-06-16 09:30:38+05:30,3142.6,3,3144.83,344306,114575.0,164721.0,3163.0,3163.0,3135.7,3134.3,31700600,3447.7,2820.9,3839.9,2896.0,3142.6,23,7,3142.5,173,6,3142.0,801,4,3141.9,83,2,3141.8,21,1,3143.2,34,3,3143.3,364,6,3143.4,117,4,3143.5,90,2,3143.6,124,4
2031,2026-06-16 09:30:39+05:30,3142.6,4,3144.83,344510,114541.0,164782.0,3163.0,3163.0,3135.7,3134.3,31700600,3447.7,2820.9,3839.9,2896.0,3142.6,24,4,3142.5,173,6,3142.0,801,4,3141.9,3,1,3141.8,21,1,3142.9,1,1,3143.0,374,5,3143.2,71,6,3143.3,6,1,3143.4,553,8
2031,2026-06-16 09:30:39+05:30,3143.0,29,3144.83,344510,114541.0,164782.0,3163.0,3163.0,3135.7,3134.3,31700600,3447.7,2820.9,3839.9,2896.0,3142.6,24,4,3142.5,173,6,3142.0,801,4,3141.9,3,1,3141.8,21,1,3142.9,1,1,3143.0,374,5,3143.2,71,6,3143.3,6,1,3143.4,553,8
2031,2026-06-16 09:30:40+05:30,3143.0,50,3144.83,344751,114758.0,162543.0,3163.0,3163.0,3135.7,3134.3,31700600,3447.7,2820.9,3839.9,2896.0,3142.6,24,4,3142.5,173,6,3142.0,846,5,3141.9,3,1,3141.8,21,1,3143.0,340,3,3143.1,38,1,3143.2,49,4,3143.3,6,1,3143.4,452,4
2031,2026-06-16 09:30:40+05:30,3143.0,50,3144.83,344751,114758.0,162543.0,3163.0,3163.0,3135.7,3134.3,31700600,3447.7,2820.9,3839.9,2896.0,3142.6,24,4,3142.5,173,6,3142.0,846,5,3141.9,3,1,3141.8,21,1,3143.0,340,3,3143.1,38,1,3143.2,49,4,3143.3,6,1,3143.4,452,4
2031,2026-06-16 09:30:41+05:30,3142.7,30,3144.83,344782,114716.0,162589.0,3163.0,3163.0,3135.7,3134.3,31700600,3447.7,2820.9,3839.9,2896.0,3142.7,30,1,3142.6,26,5,3142.5,144,5,3142.0,801,4,3141.9,83,2,3143.0,372,6,3143.2,81,4,3143.3,24,1,3143.4,452,4,3143.5,110,2
2031,2026-06-16 09:30:41+05:30,3142.7,28,3144.83,344782,114716.0,162589.0,3163.0,3163.0,3135.7,3134.3,31700600,3447.7,2820.9,3839.9,2896.0,3142.7,30,1,3142.6,26,5,3142.5,144,5,3142.0,801,4,3141.9,83,2,3143.0,372,6,3143.2,81,4,3143.3,24,1,3143.4,452,4,3143.5,110,2
2031,2026-06-16 09:30:42+05:30,3143.0,15,3144.83,344782,114716.0,162589.0,3163.0,3163.0,3135.7,3134.3,31700600,3447.7,2820.9,3839.9,2896.0,3142.7,30,1,3142.6,26,5,3142.5,144,5,3142.0,801,4,3141.9,83,2,3143.0,372,6,3143.2,81,4,3143.3,24,1,3143.4,452,4,3143.5,110,2
2031,2026-06-16 09:30:42+05:30,3143.0,15,3144.83,344825,114742.0,164595.0,3163.0,3163.0,3135.7,3134.3,31700600,3447.7,2820.9,3839.9,2896.0,3142.7,49,3,3142.6,33,6,3142.5,144,5,3142.0,801,4,3141.9,83,2,3143.0,379,7,3143.1,13,1,3143.2,59,3,3143.3,24,1,3143.4,471,5
2031,2026-06-16 09:30:43+05:30,3142.7,3,3144.83,344825,114742.0,164595.0,3163.0,3163.0,3135.7,3134.3,31700600,3447.7,2820.9,3839.9,2896.0,3142.7,49,3,3142.6,33,6,3142.5,144,5,3142.0,801,4,3141.9,83,2,3143.0,379,7,3143.1,13,1,3143.2,59,3,3143.3,24,1,3143.4,471,5
2031,2026-06-16 09:30:43+05:30,3143.0,1,3144.82,345072,114756.0,164356.0,3163.0,3163.0,3135.7,3134.3,31700600,3447.7,2820.9,3839.9,2896.0,3142.7,34,3,3142.6,33,6,3142.5,144,5,3142.0,801,4,3141.9,3,1,3143.0,432,8,3143.1,13,1,3143.2,81,4,3143.3,24,1,3143.4,471,5
2031,2026-06-16 09:30:44+05:30,3142.7,6,3144.82,345072,114756.0,164356.0,3163.0,3163.0,3135.7,3134.3,31700600,3447.7,2820.9,3839.9,2896.0,3142.7,34,3,3142.6,33,6,3142.5,144,5,3142.0,801,4,3141.9,3,1,3143.0,432,8,3143.1,13,1,3143.2,81,4,3143.3,24,1,3143.4,471,5
2031,2026-06-16 09:30:44+05:30,3142.7,6,3144.82,345132,114610.0,163958.0,3163.0,3163.0,3135.7,3134.3,31700600,3447.7,2820.9,3839.9,2896.0,3142.7,31,3,3142.6,33,6,3142.5,144,5,3142.0,801,4,3141.9,3,1,3143.0,364,8,3143.1,83,2,3143.2,59,3,3143.3,24,1,3143.4,81,3
2031,2026-06-16 09:30:45+05:30,3143.0,30,3144.82,345132,114610.0,163958.0,3163.0,3163.0,3135.7,3134.3,31700600,3447.7,2820.9,3839.9,2896.0,3142.7,31,3,3142.6,33,6,3142.5,144,5,3142.0,801,4,3141.9,3,1,3143.0,364,8,3143.1,83,2,3143.2,59,3,3143.3,24,1,3143.4,81,3
2031,2026-06-16 09:30:45+05:30,3143.0,4,3144.82,345228,114875.0,164257.0,3163.0,3163.0,3135.7,3134.3,31700600,3447.7,2820.9,3839.9,2896.0,3142.9,2,2,3142.7,40,6,3142.6,16,4,3142.5,144,5,3142.0,845,5,3143.0,249,7,3143.1,70,1,3143.2,38,2,3143.3,24,1,3143.4,62,2
2031,2026-06-16 09:30:46+05:30,3142.7,2,3144.82,345228,114875.0,164257.0,3163.0,3163.0,3135.7,3134.3,31700600,3447.7,2820.9,3839.9,2896.0,3142.9,2,2,3142.7,40,6,3142.6,16,4,3142.5,144,5,3142.0,845,5,3143.0,249,7,3143.1,70,1,3143.2,38,2,3143.3,24,1,3143.4,62,2
2031,2026-06-16 09:30:46+05:30,3142.7,2,3144.82,345362,114901.0,163876.0,3163.0,3163.0,3135.7,3134.3,31700600,3447.7,2820.9,3839.9,2896.0,3142.7,31,6,3142.6,71,5,3142.5,144,5,3142.4,9,1,3142.3,66,1,3143.0,121,6,3143.2,1,1,3143.5,46,2,3143.7,34,1,3143.8,94,2
2031,2026-06-16 09:30:47+05:30,3143.0,1,3144.82,345362,114901.0,163876.0,3163.0,3163.0,3135.7,3134.3,31700600,3447.7,2820.9,3839.9,2896.0,3142.7,31,6,3142.6,71,5,3142.5,144,5,3142.4,9,1,3142.3,66,1,3143.0,121,6,3143.2,1,1,3143.5,46,2,3143.7,34,1,3143.8,94,2
2031,2026-06-16 09:30:47+05:30,3143.0,7,3144.82,345425,114438.0,164116.0,3163.0,3163.0,3135.7,3134.3,31700600,3447.7,2820.9,3839.9,2896.0,3142.7,61,7,3142.6,71,5,3142.5,94,4,3142.1,9,1,3142.0,938,7,3143.0,88,4,3143.2,1,1,3143.3,19,1,3143.5,27,1,3143.6,85,3
2031,2026-06-16 09:30:48+05:30,3143.0,7,3144.82,345425,114438.0,164116.0,3163.0,3163.0,3135.7,3134.3,31700600,3447.7,2820.9,3839.9,2896.0,3142.7,61,7,3142.6,71,5,3142.5,94,4,3142.1,9,1,3142.0,938,7,3143.0,88,4,3143.2,1,1,3143.3,19,1,3143.5,27,1,3143.6,85,3
2031,2026-06-16 09:30:49+05:30,3143.0,1,3144.82,345428,114666.0,163298.0,3163.0,3163.0,3135.7,3134.3,31700600,3447.7,2820.9,3839.9,2896.0,3142.7,97,10,3142.6,75,7,3142.5,119,5,3142.2,105,2,3142.1,10,2,3143.0,85,4,3143.2,1,1,3143.6,30,1,3143.7,68,2,3143.8,130,3
2031,2026-06-16 09:30:49+05:30,3143.0,1,3144.82,345428,114666.0,163298.0,3163.0,3163.0,3135.7,3134.3,31700600,3447.7,2820.9,3839.9,2896.0,3142.7,97,10,3142.6,75,7,3142.5,119,5,3142.2,105,2,3142.1,10,2,3143.0,85,4,3143.2,1,1,3143.6,30,1,3143.7,68,2,3143.8,130,3
2031,2026-06-16 09:30:50+05:30,3142.7,16,3144.82,345455,114707.0,162232.0,3163.0,3163.0,3135.7,3134.3,31700600,3447.7,2820.9,3839.9,2896.0,3142.7,83,10,3142.6,75,7,3142.5,94,4,3142.1,1,1,3142.0,881,5,3143.0,89,5,3143.5,19,1,3143.6,36,2,3143.7,268,3,3143.8,130,3
2031,2026-06-16 09:30:50+05:30,3142.7,16,3144.82,345455,114707.0,162232.0,3163.0,3163.0,3135.7,3134.3,31700600,3447.7,2820.9,3839.9,2896.0,3142.7,83,10,3142.6,75,7,3142.5,94,4,3142.1,1,1,3142.0,881,5,3143.0,89,5,3143.5,19,1,3143.6,36,2,3143.7,268,3,3143.8,130,3
2031,2026-06-16 09:30:51+05:30,3143.0,15,3144.82,345535,114541.0,163828.0,3163.0,3163.0,3135.7,3134.3,31700600,3447.7,2820.9,3839.9,2896.0,3142.7,79,10,3142.6,75,7,3142.5,94,4,3142.1,26,2,3142.0,881,5,3143.0,59,4,3143.5,19,1,3143.6,36,2,3143.7,338,4,3143.8,60,2
2031,2026-06-16 09:30:51+05:30,3143.0,15,3144.82,345535,114541.0,163828.0,3163.0,3163.0,3135.7,3134.3,31700600,3447.7,2820.9,3839.9,2896.0,3142.7,79,10,3142.6,75,7,3142.5,94,4,3142.1,26,2,3142.0,881,5,3143.0,59,4,3143.5,19,1,3143.6,36,2,3143.7,338,4,3143.8,60,2
2031,2026-06-16 09:30:52+05:30,3142.7,1,3144.82,345548,114600.0,162334.0,3163.0,3163.0,3135.7,3134.3,31700600,3447.7,2820.9,3839.9,2896.0,3142.7,66,10,3142.6,75,7,3142.5,94,4,3142.1,1,1,3142.0,882,6,3143.0,73,5,3143.3,35,1,3143.5,19,1,3143.6,36,2,3143.7,338,4
2031,2026-06-16 09:30:52+05:30,3142.7,1,3144.82,345548,114600.0,162334.0,3163.0,3163.0,3135.7,3134.3,31700600,3447.7,2820.9,3839.9,2896.0,3142.7,66,10,3142.6,75,7,3142.5,94,4,3142.1,1,1,3142.0,882,6,3143.0,73,5,3143.3,35,1,3143.5,19,1,3143.6,36,2,3143.7,338,4
2031,2026-06-16 09:30:53+05:30,3142.6,4,3144.82,345548,114600.0,162334.0,3163.0,3163.0,3135.7,3134.3,31700600,3447.7,2820.9,3839.9,2896.0,3142.7,66,10,3142.6,75,7,3142.5,94,4,3142.1,1,1,3142.0,882,6,3143.0,73,5,3143.3,35,1,3143.5,19,1,3143.6,36,2,3143.7,338,4
2031,2026-06-16 09:30:53+05:30,3142.6,4,3144.82,345958,114735.0,165042.0,3163.0,3163.0,3135.7,3134.3,31700600,3447.7,2820.9,3839.9,2896.0,3142.7,7,2,3142.6,57,4,3142.5,94,4,3142.1,1,1,3142.0,802,5,3142.8,270,2,3143.0,113,7,3143.2,450,5,3143.4,123,3,3143.6,36,2
2031,2026-06-16 09:30:54+05:30,3142.8,1,3144.82,345958,114735.0,165042.0,3163.0,3163.0,3135.7,3134.3,31700600,3447.7,2820.9,3839.9,2896.0,3142.7,7,2,3142.6,57,4,3142.5,94,4,3142.1,1,1,3142.0,802,5,3142.8,270,2,3143.0,113,7,3143.2,450,5,3143.4,123,3,3143.6,36,2
2031,2026-06-16 09:30:54+05:30,3142.8,1,3144.82,346005,114814.0,165351.0,3163.0,3163.0,3135.7,3134.3,31700600,3447.7,2820.9,3839.9,2896.0,3142.7,12,3,3142.6,57,4,3142.5,94,4,3142.1,179,2,3142.0,802,5,3142.8,307,7,3142.9,19,1,3143.0,147,7,3143.1,13,1,3143.2,502,7
2031,2026-06-16 09:30:55+05:30,3142.7,1,3144.82,346005,114814.0,165351.0,3163.0,3163.0,3135.7,3134.3,31700600,3447.7,2820.9,3839.9,2896.0,3142.7,12,3,3142.6,57,4,3142.5,94,4,3142.1,179,2,3142.0,802,5,3142.8,307,7,3142.9,19,1,3143.0,147,7,3143.1,13,1,3143.2,502,7
2031,2026-06-16 09:30:55+05:30,3142.7,1,3144.82,346131,114812.0,164957.0,3163.0,3163.0,3135.7,3134.3,31700600,3447.7,2820.9,3839.9,2896.0,3142.7,25,4,3142.6,57,4,3142.5,94,4,3142.1,1,1,3142.0,885,7,3142.8,343,10,3142.9,19,1,3143.0,85,6,3143.2,485,6,3143.4,102,4
2031,2026-06-16 09:30:56+05:30,3142.7,14,3144.82,346131,114812.0,164957.0,3163.0,3163.0,3135.7,3134.3,31700600,3447.7,2820.9,3839.9,2896.0,3142.7,25,4,3142.6,57,4,3142.5,94,4,3142.1,1,1,3142.0,885,7,3142.8,343,10,3142.9,19,1,3143.0,85,6,3143.2,485,6,3143.4,102,4
2031,2026-06-16 09:30:56+05:30,3142.7,14,3144.82,346146,115744.0,164971.0,3163.0,3163.0,3135.7,3134.3,31700600,3447.7,2820.9,3839.9,2896.0,3142.7,11,5,3142.6,55,3,3142.5,94,4,3142.1,154,2,3142.0,885,7,3142.8,343,10,3142.9,19,1,3143.0,85,6,3143.2,485,6,3143.4,102,4
2031,2026-06-16 09:30:57+05:30,3142.8,17,3144.82,346163,115601.0,164953.0,3163.0,3163.0,3135.7,3134.3,31700600,3447.7,2820.9,3839.9,2896.0,3142.7,12,6,3142.6,55,3,3142.5,94,4,3142.2,9,1,3142.1,1,1,3142.8,327,11,3142.9,19,1,3143.0,85,6,3143.2,485,6,3143.4,102,4
2031,2026-06-16 09:30:58+05:30,3142.8,1,3144.82,346163,115601.0,164953.0,3163.0,3163.0,3135.7,3134.3,31700600,3447.7,2820.9,3839.9,2896.0,3142.7,12,6,3142.6,55,3,3142.5,94,4,3142.2,9,1,3142.1,1,1,3142.8,327,11,3142.9,19,1,3143.0,85,6,3143.2,485,6,3143.4,102,4
2031,2026-06-16 09:30:58+05:30,3142.7,3,3144.82,346195,115471.0,165004.0,3163.0,3163.0,3135.7,3134.3,31700600,3447.7,2820.9,3839.9,2896.0,3142.7,21,4,3142.6,55,3,3142.5,122,5,3142.1,1,1,3142.0,805,6,3142.8,369,13,3143.0,124,9,3143.2,485,6,3143.4,102,4,3143.5,129,3
2031,2026-06-16 09:30:59+05:30,3142.7,13,3144.82,346195,115471.0,165004.0,3163.0,3163.0,3135.7,3134.3,31700600,3447.7,2820.9,3839.9,2896.0,3142.7,21,4,3142.6,55,3,3142.5,122,5,3142.1,1,1,3142.0,805,6,3142.8,369,13,3143.0,124,9,3143.2,485,6,3143.4,102,4,3143.5,129,3
2031,2026-06-16 09:31:00+05:30,3142.8,1,3144.82,346430,115564.0,164890.0,3163.0,3163.0,3135.7,3134.3,31700600,3447.7,2820.9,3839.9,2896.0,3142.7,26,3,3142.6,57,4,3142.5,94,4,3142.1,1,1,3142.0,805,6,3142.8,328,12,3143.0,114,8,3143.2,485,6,3143.3,20,1,3143.4,102,4
2031,2026-06-16 09:31:00+05:30,3142.8,3,3144.82,346430,115564.0,164890.0,3163.0,3163.0,3135.7,3134.3,31700600,3447.7,2820.9,3839.9,2896.0,3142.7,26,3,3142.6,57,4,3142.5,94,4,3142.1,1,1,3142.0,805,6,3142.8,328,12,3143.0,114,8,3143.2,485,6,3143.3,20,1,3143.4,102,4
2031,2026-06-16 09:31:01+05:30,3142.8,3,3144.81,347154,115677.0,162279.0,3163.0,3163.0,3135.7,3134.3,31700600,3447.7,2820.9,3839.9,2896.0,3142.7,48,3,3142.6,3,1,3142.5,94,4,3142.1,300,5,3142.0,848,7,3142.8,212,4,3143.0,32,4,3143.2,414,3,3143.5,27,1,3143.6,54,2
2031,2026-06-16 09:31:02+05:30,3142.7,44,3144.81,347199,115650.0,162865.0,3163.0,3163.0,3135.7,3134.3,31700600,3447.7,2820.9,3839.9,2896.0,3142.7,4,2,3142.6,3,1,3142.5,94,4,3142.1,168,2,3142.0,848,7,3142.8,412,5,3143.0,32,4,3143.2,304,4,3143.4,240,4,3143.5,105,2
2031,2026-06-16 09:31:02+05:30,3142.5,15,3144.81,347199,115650.0,162865.0,3163.0,3163.0,3135.7,3134.3,31700600,3447.7,2820.9,3839.9,2896.0,3142.7,4,2,3142.6,3,1,3142.5,94,4,3142.1,168,2,3142.0,848,7,3142.8,412,5,3143.0,32,4,3143.2,304,4,3143.4,240,4,3143.5,105,2
2031,2026-06-16 09:31:03+05:30,3142.5,15,3144.81,347409,115590.0,163516.0,3163.0,3163.0,3135.7,3134.3,31700600,3447.7,2820.9,3839.9,2896.0,3142.5,65,3,3142.1,1,1,3142.0,951,9,3141.9,62,3,3141.8,103,2,3142.8,15,3,3143.0,32,4,3143.2,310,2,3143.4,43,2,3143.6,271,3
2031,2026-06-16 09:31:04+05:30,3142.1,11,3144.79,349345,112437.0,166092.0,3163.0,3163.0,3135.7,3134.3,31700600,3447.7,2820.9,3839.9,2896.0,3141.0,45,3,3140.6,50,2,3140.5,43,2,3140.4,161,5,3140.3,244,2,3142.1,210,3,3142.2,372,4,3142.3,14,1,3142.4,261,3,3142.5,423,6
2031,2026-06-16 09:31:04+05:30,3142.1,11,3144.79,349345,112437.0,166092.0,3163.0,3163.0,3135.7,3134.3,31700600,3447.7,2820.9,3839.9,2896.0,3141.0,45,3,3140.6,50,2,3140.5,43,2,3140.4,161,5,3140.3,244,2,3142.1,210,3,3142.2,372,4,3142.3,14,1,3142.4,261,3,3142.5,423,6
2031,2026-06-16 09:31:05+05:30,3142.0,1,3144.79,349345,112437.0,166092.0,3163.0,3163.0,3135.7,3134.3,31700600,3447.7,2820.9,3839.9,2896.0,3141.0,45,3,3140.6,50,2,3140.5,43,2,3140.4,161,5,3140.3,244,2,3142.1,210,3,3142.2,372,4,3142.3,14,1,3142.4,261,3,3142.5,423,6
2031,2026-06-16 09:31:05+05:30,3142.0,1,3144.79,349352,112793.0,165916.0,3163.0,3163.0,3135.7,3134.3,31700600,3447.7,2820.9,3839.9,2896.0,3141.0,145,5,3140.7,25,1,3140.6,95,3,3140.5,40,1,3140.4,130,5,3142.0,199,1,3142.1,8,2,3142.2,150,2,3142.3,14,1,3142.4,58,2
2031,2026-06-16 09:31:06+05:30,3141.0,21,3144.79,349352,112793.0,165916.0,3163.0,3163.0,3135.7,3134.3,31700600,3447.7,2820.9,3839.9,2896.0,3141.0,145,5,3140.7,25,1,3140.6,95,3,3140.5,40,1,3140.4,130,5,3142.0,199,1,3142.1,8,2,3142.2,150,2,3142.3,14,1,3142.4,58,2
2031,2026-06-16 09:31:06+05:30,3141.0,21,3144.79,349688,112705.0,167218.0,3163.0,3163.0,3135.7,3134.3,31700600,3447.7,2820.9,3839.9,2896.0,3141.0,55,5,3140.6,3,1,3140.5,263,2,3140.4,21,1,3140.3,103,2,3142.0,386,8,3142.1,8,2,3142.2,458,7,3142.3,286,5,3142.4,105,3
2031,2026-06-16 09:31:07+05:30,3142.0,1,3144.79,349688,112705.0,167218.0,3163.0,3163.0,3135.7,3134.3,31700600,3447.7,2820.9,3839.9,2896.0,3141.0,55,5,3140.6,3,1,3140.5,263,2,3140.4,21,1,3140.3,103,2,3142.0,386,8,3142.1,8,2,3142.2,458,7,3142.3,286,5,3142.4,105,3
2031,2026-06-16 09:31:07+05:30,3142.0,1,3144.79,349689,112847.0,167142.0,3163.0,3163.0,3135.7,3134.3,31700600,3447.7,2820.9,3839.9,2896.0,3141.0,55,5,3140.6,28,2,3140.5,263,2,3140.4,46,2,3140.3,97,2,3142.0,310,4,3142.1,8,2,3142.2,379,5,3142.3,275,4,3142.4,116,4
2031,2026-06-16 09:31:08+05:30,3141.0,2,3144.79,349689,112847.0,167142.0,3163.0,3163.0,3135.7,3134.3,31700600,3447.7,2820.9,3839.9,2896.0,3141.0,55,5,3140.6,28,2,3140.5,263,2,3140.4,46,2,3140.3,97,2,3142.0,310,4,3142.1,8,2,3142.2,379,5,3142.3,275,4,3142.4,116,4
2031,2026-06-16 09:31:08+05:30,3141.0,29,3144.79,349743,112187.0,167700.0,3163.0,3163.0,3135.7,3134.3,31700600,3447.7,2820.9,3839.9,2896.0,3141.0,126,7,3140.3,36,1,3140.2,187,2,3140.1,65,1,3140.0,637,19,3141.4,201,2,3141.5,138,4,3141.7,46,2,3141.8,58,2,3141.9,418,3
2031,2026-06-16 09:31:09+05:30,3141.0,29,3144.79,349743,112187.0,167700.0,3163.0,3163.0,3135.7,3134.3,31700600,3447.7,2820.9,3839.9,2896.0,3141.0,126,7,3140.3,36,1,3140.2,187,2,3140.1,65,1,3140.0,637,19,3141.4,201,2,3141.5,138,4,3141.7,46,2,3141.8,58,2,3141.9,418,3
2031,2026-06-16 09:31:09+05:30,3141.4,4,3144.79,349743,112187.0,167700.0,3163.0,3163.0,3135.7,3134.3,31700600,3447.7,2820.9,3839.9,2896.0,3141.0,126,7,3140.3,36,1,3140.2,187,2,3140.1,65,1,3140.0,637,19,3141.4,201,2,3141.5,138,4,3141.7,46,2,3141.8,58,2,3141.9,418,3
2031,2026-06-16 09:31:09+05:30,3141.4,4,3144.79,349747,112523.0,167359.0,3163.0,3163.0,3135.7,3134.3,31700600,3447.7,2820.9,3839.9,2896.0,3141.0,163,8,3140.3,36,1,3140.2,210,2,3140.1,93,3,3140.0,612,18,3141.4,223,3,3141.5,63,1,3141.7,19,1,3141.8,248,2,3141.9,239,2
2031,2026-06-16 09:31:10+05:30,3141.0,2,3144.79,349747,112523.0,167359.0,3163.0,3163.0,3135.7,3134.3,31700600,3447.7,2820.9,3839.9,2896.0,3141.0,163,8,3140.3,36,1,3140.2,210,2,3140.1,93,3,3140.0,612,18,3141.4,223,3,3141.5,63,1,3141.7,19,1,3141.8,248,2,3141.9,239,2
2031,2026-06-16 09:31:10+05:30,3141.0,2,3144.79,349747,112523.0,167359.0,3163.0,3163.0,3135.7,3134.3,31700600,3447.7,2820.9,3839.9,2896.0,3141.0,163,8,3140.3,36,1,3140.2,210,2,3140.1,93,3,3140.0,612,18,3141.4,223,3,3141.5,63,1,3141.7,19,1,3141.8,248,2,3141.9,239,2
2031,2026-06-16 09:31:10+05:30,3141.0,2,3144.79,349756,112666.0,167741.0,3163.0,3163.0,3135.7,3134.3,31700600,3447.7,2820.9,3839.9,2896.0,3141.0,213,9,3140.3,114,2,3140.2,196,2,3140.1,93,3,3140.0,734,20,3141.4,223,4,3141.5,63,1,3141.6,39,1,3141.7,19,1,3141.8,127,3
2031,2026-06-16 09:31:12+05:30,3141.0,48,3144.79,349819,112709.0,167398.0,3163.0,3163.0,3135.7,3134.3,31700600,3447.7,2820.9,3839.9,2896.0,3141.0,172,9,3140.3,114,2,3140.2,196,2,3140.1,93,3,3140.0,814,21,3141.4,317,7,3141.6,41,1,3141.7,19,1,3141.8,315,4,3141.9,200,1
2031,2026-06-16 09:31:12+05:30,3141.0,48,3144.79,349819,112709.0,167398.0,3163.0,3163.0,3135.7,3134.3,31700600,3447.7,2820.9,3839.9,2896.0,3141.0,172,9,3140.3,114,2,3140.2,196,2,3140.1,93,3,3140.0,814,21,3141.4,317,7,3141.6,41,1,3141.7,19,1,3141.8,315,4,3141.9,200,1
2031,2026-06-16 09:31:12+05:30,3141.0,48,3144.79,349819,112709.0,167398.0,3163.0,3163.0,3135.7,3134.3,31700600,3447.7,2820.9,3839.9,2896.0,3141.0,172,9,3140.3,114,2,3140.2,196,2,3140.1,93,3,3140.0,814,21,3141.4,317,7,3141.6,41,1,3141.7,19,1,3141.8,315,4,3141.9,200,1
2031,2026-06-16 09:31:13+05:30,3141.4,147,3144.79,349968,111882.0,166687.0,3163.0,3163.0,3135.7,3134.3,31700600,3447.7,2820.9,3839.9,2896.0,3141.0,172,9,3140.3,114,2,3140.2,21,1,3140.1,68,2,3140.0,718,18,3141.4,209,10,3141.5,17,1,3141.6,63,2,3141.8,67,2,3141.9,450,4
2031,2026-06-16 09:31:13+05:30,3141.4,1,3144.79,349968,111882.0,166687.0,3163.0,3163.0,3135.7,3134.3,31700600,3447.7,2820.9,3839.9,2896.0,3141.0,172,9,3140.3,114,2,3140.2,21,1,3140.1,68,2,3140.0,718,18,3141.4,209,10,3141.5,17,1,3141.6,63,2,3141.8,67,2,3141.9,450,4
2031,2026-06-16 09:31:13+05:30,3141.4,1,3144.79,349968,111882.0,166687.0,3163.0,3163.0,3135.7,3134.3,31700600,3447.7,2820.9,3839.9,2896.0,3141.0,172,9,3140.3,114,2,3140.2,21,1,3140.1,68,2,3140.0,718,18,3141.4,209,10,3141.5,17,1,3141.6,63,2,3141.8,67,2,3141.9,450,4
2031,2026-06-16 09:31:14+05:30,3141.4,1,3144.79,349969,111901.0,167340.0,3163.0,3163.0,3135.7,3134.3,31700600,3447.7,2820.9,3839.9,2896.0,3141.0,172,9,3140.3,114,2,3140.2,21,1,3140.1,68,2,3140.0,737,19,3141.4,208,10,3141.6,62,2,3141.7,19,1,3141.8,255,3,3141.9,231,2
2031,2026-06-16 09:31:14+05:30,3141.0,6,3144.79,349969,111901.0,167340.0,3163.0,3163.0,3135.7,3134.3,31700600,3447.7,2820.9,3839.9,2896.0,3141.0,172,9,3140.3,114,2,3140.2,21,1,3140.1,68,2,3140.0,737,19,3141.4,208,10,3141.6,62,2,3141.7,19,1,3141.8,255,3,3141.9,231,2
2031,2026-06-16 09:31:15+05:30,3141.4,21,3144.79,350069,112598.0,165158.0,3163.0,3163.0,3135.7,3134.3,31700600,3447.7,2820.9,3839.9,2896.0,3141.2,5,2,3141.0,124,6,3140.7,9,1,3140.6,17,1,3140.5,97,2,3141.4,100,7,3141.8,388,2,3142.0,109,4,3142.1,37,1,3142.2,471,8
2031,2026-06-16 09:31:15+05:30,3141.4,21,3144.79,350069,112598.0,165158.0,3163.0,3163.0,3135.7,3134.3,31700600,3447.7,2820.9,3839.9,2896.0,3141.2,5,2,3141.0,124,6,3140.7,9,1,3140.6,17,1,3140.5,97,2,3141.4,100,7,3141.8,388,2,3142.0,109,4,3142.1,37,1,3142.2,471,8
2031,2026-06-16 09:31:15+05:30,3141.4,21,3144.79,350069,112598.0,165158.0,3163.0,3163.0,3135.7,3134.3,31700600,3447.7,2820.9,3839.9,2896.0,3141.2,5,2,3141.0,124,6,3140.7,9,1,3140.6,17,1,3140.5,97,2,3141.4,100,7,3141.8,388,2,3142.0,109,4,3142.1,37,1,3142.2,471,8
2031,2026-06-16 09:31:16+05:30,3141.2,18,3144.78,350315,112160.0,166836.0,3163.0,3163.0,3135.7,3134.3,31700600,3447.7,2820.9,3839.9,2896.0,3141.2,10,2,3141.0,148,7,3140.8,88,3,3140.7,59,2,3140.6,139,4,3141.4,82,6,3142.0,51,2,3142.2,389,3,3142.4,57,1,3142.5,430,7
2031,2026-06-16 09:31:16+05:30,3141.2,18,3144.78,350315,112160.0,166836.0,3163.0,3163.0,3135.7,3134.3,31700600,3447.7,2820.9,3839.9,2896.0,3141.2,10,2,3141.0,148,7,3140.8,88,3,3140.7,59,2,3140.6,139,4,3141.4,82,6,3142.0,51,2,3142.2,389,3,3142.4,57,1,3142.5,430,7
2031,2026-06-16 09:31:16+05:30,3141.2,18,3144.78,350315,112160.0,166836.0,3163.0,3163.0,3135.7,3134.3,31700600,3447.7,2820.9,3839.9,2896.0,3141.2,10,2,3141.0,148,7,3140.8,88,3,3140.7,59,2,3140.6,139,4,3141.4,82,6,3142.0,51,2,3142.2,389,3,3142.4,57,1,3142.5,430,7
2031,2026-06-16 09:31:17+05:30,3141.2,22,3144.78,350315,112160.0,166836.0,3163.0,3163.0,3135.7,3134.3,31700600,3447.7,2820.9,3839.9,2896.0,3141.2,10,2,3141.0,148,7,3140.8,88,3,3140.7,59,2,3140.6,139,4,3141.4,82,6,3142.0,51,2,3142.2,389,3,3142.4,57,1,3142.5,430,7
2031,2026-06-16 09:31:17+05:30,3141.2,22,3144.78,350347,112830.0,167041.0,3163.0,3163.0,3135.7,3134.3,31700600,3447.7,2820.9,3839.9,2896.0,3141.2,83,4,3141.0,173,8,3140.8,57,3,3140.7,59,2,3140.6,61,3,3141.4,161,7,3142.0,51,2,3142.2,467,4,3142.4,57,1,3142.5,230,6
2031,2026-06-16 09:31:18+05:30,3141.2,22,3144.78,350347,112830.0,167041.0,3163.0,3163.0,3135.7,3134.3,31700600,3447.7,2820.9,3839.9,2896.0,3141.2,83,4,3141.0,173,8,3140.8,57,3,3140.7,59,2,3140.6,61,3,3141.4,161,7,3142.0,51,2,3142.2,467,4,3142.4,57,1,3142.5,230,6
2031,2026-06-16 09:31:18+05:30,3141.2,3,3144.78,350347,112830.0,167041.0,3163.0,3163.0,3135.7,3134.3,31700600,3447.7,2820.9,3839.9,2896.0,3141.2,83,4,3141.0,173,8,3140.8,57,3,3140.7,59,2,3140.6,61,3,3141.4,161,7,3142.0,51,2,3142.2,467,4,3142.4,57,1,3142.5,230,6
2031,2026-06-16 09:31:18+05:30,3141.2,3,3144.78,350371,112836.0,167193.0,3163.0,3163.0,3135.7,3134.3,31700600,3447.7,2820.9,3839.9,2896.0,3141.2,67,4,3141.0,124,6,3140.8,28,2,3140.7,15,1,3140.6,61,2,3141.4,162,8,3142.0,101,3,3142.1,182,1,3142.2,467,4,3142.4,146,3
2031,2026-06-16 09:31:18+05:30,3141.2,3,3144.78,350371,112836.0,167193.0,3163.0,3163.0,3135.7,3134.3,31700600,3447.7,2820.9,3839.9,2896.0,3141.2,67,4,3141.0,124,6,3140.8,28,2,3140.7,15,1,3140.6,61,2,3141.4,162,8,3142.0,101,3,3142.1,182,1,3142.2,467,4,3142.4,146,3
2031,2026-06-16 09:31:19+05:30,3141.2,3,3144.78,350371,112836.0,167193.0,3163.0,3163.0,3135.7,3134.3,31700600,3447.7,2820.9,3839.9,2896.0,3141.2,67,4,3141.0,124,6,3140.8,28,2,3140.7,15,1,3140.6,61,2,3141.4,162,8,3142.0,101,3,3142.1,182,1,3142.2,467,4,3142.4,146,3
2031,2026-06-16 09:31:19+05:30,3141.4,2,3144.78,350371,112836.0,167193.0,3163.0,3163.0,3135.7,3134.3,31700600,3447.7,2820.9,3839.9,2896.0,3141.2,67,4,3141.0,124,6,3140.8,28,2,3140.7,15,1,3140.6,61,2,3141.4,162,8,3142.0,101,3,3142.1,182,1,3142.2,467,4,3142.4,146,3
2031,2026-06-16 09:31:19+05:30,3141.4,2,3144.78,350373,112932.0,167809.0,3163.0,3163.0,3135.7,3134.3,31700600,3447.7,2820.9,3839.9,2896.0,3141.2,73,5,3141.0,124,6,3140.8,15,1,3140.3,39,2,3140.2,98,4,3141.4,185,9,3141.5,74,1,3141.6,60,2,3141.7,66,2,3141.8,40,2
2031,2026-06-16 09:31:19+05:30,3141.4,2,3144.78,350373,112932.0,167809.0,3163.0,3163.0,3135.7,3134.3,31700600,3447.7,2820.9,3839.9,2896.0,3141.2,73,5,3141.0,124,6,3140.8,15,1,3140.3,39,2,3140.2,98,4,3141.4,185,9,3141.5,74,1,3141.6,60,2,3141.7,66,2,3141.8,40,2
2031,2026-06-16 09:31:20+05:30,3141.4,2,3144.78,350373,112932.0,167809.0,3163.0,3163.0,3135.7,3134.3,31700600,3447.7,2820.9,3839.9,2896.0,3141.2,73,5,3141.0,124,6,3140.8,15,1,3140.3,39,2,3140.2,98,4,3141.4,185,9,3141.5,74,1,3141.6,60,2,3141.7,66,2,3141.8,40,2
2031,2026-06-16 09:31:20+05:30,3141.4,30,3144.78,350373,112932.0,167809.0,3163.0,3163.0,3135.7,3134.3,31700600,3447.7,2820.9,3839.9,2896.0,3141.2,73,5,3141.0,124,6,3140.8,15,1,3140.3,39,2,3140.2,98,4,3141.4,185,9,3141.5,74,1,3141.6,60,2,3141.7,66,2,3141.8,40,2
2031,2026-06-16 09:31:20+05:30,3141.0,10,3144.78,351054,111567.0,168487.0,3163.0,3163.0,3135.7,3134.3,31700600,3447.7,2820.9,3839.9,2896.0,3140.8,15,1,3140.3,36,1,3140.0,659,18,3139.8,21,1,3139.7,31,1,3141.0,626,1,3141.4,218,11,3141.5,98,2,3141.6,100,3,3141.7,671,6
2031,2026-06-16 09:31:21+05:30,3141.0,10,3144.78,351054,111567.0,168487.0,3163.0,3163.0,3135.7,3134.3,31700600,3447.7,2820.9,3839.9,2896.0,3140.8,15,1,3140.3,36,1,3140.0,659,18,3139.8,21,1,3139.7,31,1,3141.0,626,1,3141.4,218,11,3141.5,98,2,3141.6,100,3,3141.7,671,6
2031,2026-06-16 09:31:21+05:30,3140.2,3,3144.78,351054,111567.0,168487.0,3163.0,3163.0,3135.7,3134.3,31700600,3447.7,2820.9,3839.9,2896.0,3140.8,15,1,3140.3,36,1,3140.0,659,18,3139.8,21,1,3139.7,31,1,3141.0,626,1,3141.4,218,11,3141.5,98,2,3141.6,100,3,3141.7,671,6
2031,2026-06-16 09:31:21+05:30,3140.2,3,3144.76,352310,109113.0,168759.0,3163.0,3163.0,3135.7,3134.3,31700600,3447.7,2820.9,3839.9,2896.0,3139.5,40,2,3139.3,31,2,3139.0,1001,3,3138.8,20,1,3138.6,21,1,3140.2,89,4,3140.3,246,3,3140.4,124,3,3140.5,412,4,3140.6,399,7
2031,2026-06-16 09:31:22+05:30,3140.2,3,3144.76,352310,109113.0,168759.0,3163.0,3163.0,3135.7,3134.3,31700600,3447.7,2820.9,3839.9,2896.0,3139.5,40,2,3139.3,31,2,3139.0,1001,3,3138.8,20,1,3138.6,21,1,3140.2,89,4,3140.3,246,3,3140.4,124,3,3140.5,412,4,3140.6,399,7
2031,2026-06-16 09:31:22+05:30,3140.1,1,3144.76,352310,109113.0,168759.0,3163.0,3163.0,3135.7,3134.3,31700600,3447.7,2820.9,3839.9,2896.0,3139.5,40,2,3139.3,31,2,3139.0,1001,3,3138.8,20,1,3138.6,21,1,3140.2,89,4,3140.3,246,3,3140.4,124,3,3140.5,412,4,3140.6,399,7
2031,2026-06-16 09:31:22+05:30,3140.1,1,3144.76,352310,109113.0,168759.0,3163.0,3163.0,3135.7,3134.3,31700600,3447.7,2820.9,3839.9,2896.0,3139.5,40,2,3139.3,31,2,3139.0,1001,3,3138.8,20,1,3138.6,21,1,3140.2,89,4,3140.3,246,3,3140.4,124,3,3140.5,412,4,3140.6,399,7
2031,2026-06-16 09:31:22+05:30,3140.1,1,3144.76,352311,109334.0,170002.0,3163.0,3163.0,3135.7,3134.3,31700600,3447.7,2820.9,3839.9,2896.0,3139.5,62,4,3139.3,31,2,3139.2,19,1,3139.1,31,2,3139.0,1025,4,3140.1,199,1,3140.2,15,1,3140.3,18,1,3140.6,137,4,3140.7,254,2
2031,2026-06-16 09:31:23+05:30,3140.1,12,3144.76,352311,109334.0,170002.0,3163.0,3163.0,3135.7,3134.3,31700600,3447.7,2820.9,3839.9,2896.0,3139.5,62,4,3139.3,31,2,3139.2,19,1,3139.1,31,2,3139.0,1025,4,3140.1,199,1,3140.2,15,1,3140.3,18,1,3140.6,137,4,3140.7,254,2
2031,2026-06-16 09:31:23+05:30,3140.1,12,3144.76,352311,109334.0,170002.0,3163.0,3163.0,3135.7,3134.3,31700600,3447.7,2820.9,3839.9,2896.0,3139.5,62,4,3139.3,31,2,3139.2,19,1,3139.1,31,2,3139.0,1025,4,3140.1,199,1,3140.2,15,1,3140.3,18,1,3140.6,137,4,3140.7,254,2
2031,2026-06-16 09:31:23+05:30,3140.1,1,3144.76,352424,109395.0,169853.0,3163.0,3163.0,3135.7,3134.3,31700600,3447.7,2820.9,3839.9,2896.0,3139.5,116,5,3139.3,31,2,3139.0,1025,4,3138.9,104,2,3138.8,73,3,3140.1,125,3,3140.3,18,1,3140.6,40,2,3140.7,375,4,3140.8,448,5
2031,2026-06-16 09:31:24+05:30,3140.1,1,3144.76,352424,109395.0,169853.0,3163.0,3163.0,3135.7,3134.3,31700600,3447.7,2820.9,3839.9,2896.0,3139.5,116,5,3139.3,31,2,3139.0,1025,4,3138.9,104,2,3138.8,73,3,3140.1,125,3,3140.3,18,1,3140.6,40,2,3140.7,375,4,3140.8,448,5
2031,2026-06-16 09:31:24+05:30,3139.5,8,3144.76,352424,109395.0,169853.0,3163.0,3163.0,3135.7,3134.3,31700600,3447.7,2820.9,3839.9,2896.0,3139.5,116,5,3139.3,31,2,3139.0,1025,4,3138.9,104,2,3138.8,73,3,3140.1,125,3,3140.3,18,1,3140.6,40,2,3140.7,375,4,3140.8,448,5
2031,2026-06-16 09:31:24+05:30,3139.7,50,3144.75,352690,109368.0,170134.0,3163.0,3163.0,3135.7,3134.3,31700600,3447.7,2820.9,3839.9,2896.0,3139.5,47,4,3139.3,31,2,3139.0,1001,3,3138.8,20,1,3138.7,30,1,3139.7,36,1,3140.1,42,4,3140.4,255,4,3140.5,478,3,3140.6,100,4
2031,2026-06-16 09:31:25+05:30,3139.7,50,3144.75,352690,109368.0,170134.0,3163.0,3163.0,3135.7,3134.3,31700600,3447.7,2820.9,3839.9,2896.0,3139.5,47,4,3139.3,31,2,3139.0,1001,3,3138.8,20,1,3138.7,30,1,3139.7,36,1,3140.1,42,4,3140.4,255,4,3140.5,478,3,3140.6,100,4
2031,2026-06-16 09:31:25+05:30,3139.5,1,3144.75,352690,109368.0,170134.0,3163.0,3163.0,3135.7,3134.3,31700600,3447.7,2820.9,3839.9,2896.0,3139.5,47,4,3139.3,31,2,3139.0,1001,3,3138.8,20,1,3138.7,30,1,3139.7,36,1,3140.1,42,4,3140.4,255,4,3140.5,478,3,3140.6,100,4
2031,2026-06-16 09:31:25+05:30,3139.5,1,3144.75,352760,109498.0,168474.0,3163.0,3163.0,3135.7,3134.3,31700600,3447.7,2820.9,3839.9,2896.0,3139.5,106,6,3139.3,31,2,3139.0,1001,3,3138.8,39,2,3138.7,55,2,3139.7,64,2,3140.0,388,2,3140.1,41,4,3140.2,20,1,3140.4,451,5
2031,2026-06-16 09:31:25+05:30,3139.5,1,3144.75,352760,109498.0,168474.0,3163.0,3163.0,3135.7,3134.3,31704000,3447.7,2820.9,3839.9,2896.0,3139.5,106,6,3139.3,31,2,3139.0,1001,3,3138.8,39,2,3138.7,55,2,3139.7,64,2,3140.0,388,2,3140.1,41,4,3140.2,20,1,3140.4,451,5
2031,2026-06-16 09:31:26+05:30,3139.7,1,3144.75,352760,109498.0,168474.0,3163.0,3163.0,3135.7,3134.3,31704000,3447.7,2820.9,3839.9,2896.0,3139.5,106,6,3139.3,31,2,3139.0,1001,3,3138.8,39,2,3138.7,55,2,3139.7,64,2,3140.0,388,2,3140.1,41,4,3140.2,20,1,3140.4,451,5
2031,2026-06-16 09:31:27+05:30,3139.7,1,3144.75,352762,109474.0,170596.0,3163.0,3163.0,3135.7,3134.3,31704000,3447.7,2820.9,3839.9,2896.0,3139.5,91,5,3139.3,31,2,3139.0,1001,3,3138.8,78,1,3138.7,55,2,3139.7,62,2,3140.0,398,3,3140.1,41,4,3140.2,20,1,3140.3,41,1
2031,2026-06-16 09:31:27+05:30,3136.6,2,3144.75,352762,109474.0,170596.0,3163.0,3163.0,3135.7,3134.3,31704000,3447.7,2820.9,3839.9,2896.0,3139.5,91,5,3139.3,31,2,3139.0,1001,3,3138.8,78,1,3138.7,55,2,3139.7,62,2,3140.0,398,3,3140.1,41,4,3140.2,20,1,3140.3,41,1
2031,2026-06-16 09:31:28+05:30,3136.6,2,3144.71,355318,103405.0,173970.0,3163.0,3163.0,3135.7,3134.3,31704000,3447.7,2820.9,3839.9,2896.0,3136.5,51,2,3136.4,27,2,3136.3,1,1,3136.2,98,2,3136.1,107,3,3137.7,310,4,3137.8,207,2,3137.9,385,4,3138.0,232,8,3138.1,296,4
2031,2026-06-16 09:31:28+05:30,3137.7,15,3144.71,355318,103405.0,173970.0,3163.0,3163.0,3135.7,3134.3,31704000,3447.7,2820.9,3839.9,2896.0,3136.5,51,2,3136.4,27,2,3136.3,1,1,3136.2,98,2,3136.1,107,3,3137.7,310,4,3137.8,207,2,3137.9,385,4,3138.0,232,8,3138.1,296,4
2031,2026-06-16 09:31:29+05:30,3137.7,15,3144.71,355333,104223.0,173542.0,3163.0,3163.0,3135.7,3134.3,31704000,3447.7,2820.9,3839.9,2896.0,3137.1,109,1,3136.5,29,2,3136.4,38,2,3136.3,1,1,3136.2,104,3,3137.7,229,3,3137.8,41,1,3137.9,326,3,3138.0,341,6,3138.1,78,1
2031,2026-06-16 09:31:29+05:30,3137.1,174,3144.71,355333,104223.0,173542.0,3163.0,3163.0,3135.7,3134.3,31704000,3447.7,2820.9,3839.9,2896.0,3137.1,109,1,3136.5,29,2,3136.4,38,2,3136.3,1,1,3136.2,104,3,3137.7,229,3,3137.8,41,1,3137.9,326,3,3138.0,341,6,3138.1,78,1
2031,2026-06-16 09:31:30+05:30,3137.1,90,3144.7,355706,103412.0,173218.0,3163.0,3163.0,3135.7,3134.3,31704000,3447.7,2820.9,3839.9,2896.0,3137.1,38,1,3136.5,3,1,3136.4,10,1,3136.3,1,1,3136.2,26,2,3137.3,185,1,3137.5,60,2,3137.6,17,1,3137.7,83,5,3137.8,284,4
2031,2026-06-16 09:31:30+05:30,3137.3,31,3144.7,355706,103412.0,173218.0,3163.0,3163.0,3135.7,3134.3,31704000,3447.7,2820.9,3839.9,2896.0,3137.1,38,1,3136.5,3,1,3136.4,10,1,3136.3,1,1,3136.2,26,2,3137.3,185,1,3137.5,60,2,3137.6,17,1,3137.7,83,5,3137.8,284,4
2031,2026-06-16 09:31:31+05:30,3137.1,2,3144.7,355967,104748.0,172205.0,3163.0,3163.0,3135.7,3134.3,31704000,3447.7,2820.9,3839.9,2896.0,3137.1,75,3,3136.5,22,3,3136.4,88,2,3136.3,1,1,3136.2,26,2,3137.3,25,1,3137.7,29,4,3137.9,200,1,3138.0,261,5,3138.2,57,2
2031,2026-06-16 09:31:31+05:30,3137.3,1,3144.7,355967,104748.0,172205.0,3163.0,3163.0,3135.7,3134.3,31704000,3447.7,2820.9,3839.9,2896.0,3137.1,75,3,3136.5,22,3,3136.4,88,2,3136.3,1,1,3136.2,26,2,3137.3,25,1,3137.7,29,4,3137.9,200,1,3138.0,261,5,3138.2,57,2
2031,2026-06-16 09:31:32+05:30,3137.3,1,3144.7,355968,104443.0,172560.0,3163.0,3163.0,3135.7,3134.3,31704000,3447.7,2820.9,3839.9,2896.0,3137.2,52,1,3137.1,84,5,3136.7,25,1,3136.5,22,3,3136.4,10,1,3137.3,24,1,3137.6,388,2,3137.7,68,4,3138.0,482,6,3138.1,94,2
2031,2026-06-16 09:31:32+05:30,3137.3,24,3144.7,355968,104443.0,172560.0,3163.0,3163.0,3135.7,3134.3,31704000,3447.7,2820.9,3839.9,2896.0,3137.2,52,1,3137.1,84,5,3136.7,25,1,3136.5,22,3,3136.4,10,1,3137.3,24,1,3137.6,388,2,3137.7,68,4,3138.0,482,6,3138.1,94,2
2031,2026-06-16 09:31:33+05:30,3137.2,36,3144.69,356047,104557.0,172552.0,3163.0,3163.0,3135.7,3134.3,31704000,3447.7,2820.9,3839.9,2896.0,3137.2,55,2,3137.1,87,6,3136.8,42,2,3136.7,19,1,3136.6,44,2,3137.6,393,3,3137.7,7,2,3138.0,385,4,3138.1,130,2,3138.2,42,1
2031,2026-06-16 09:31:33+05:30,3137.2,36,3144.69,356047,104557.0,172552.0,3163.0,3163.0,3135.7,3134.3,31704000,3447.7,2820.9,3839.9,2896.0,3137.2,55,2,3137.1,87,6,3136.8,42,2,3136.7,19,1,3136.6,44,2,3137.6,393,3,3137.7,7,2,3138.0,385,4,3138.1,130,2,3138.2,42,1
2031,2026-06-16 09:31:34+05:30,3137.2,3,3144.69,356276,104457.0,172466.0,3163.0,3163.0,3135.7,3134.3,31704000,3447.7,2820.9,3839.9,2896.0,3137.2,9,3,3137.1,66,6,3137.0,30,1,3136.9,9,1,3136.8,71,4,3137.3,6,1,3137.6,375,4,3137.7,1,1,3138.0,362,2,3138.1,130,2
2031,2026-06-16 09:31:34+05:30,3137.2,3,3144.69,356276,104457.0,172466.0,3163.0,3163.0,3135.7,3134.3,31704000,3447.7,2820.9,3839.9,2896.0,3137.2,9,3,3137.1,66,6,3137.0,30,1,3136.9,9,1,3136.8,71,4,3137.3,6,1,3137.6,375,4,3137.7,1,1,3138.0,362,2,3138.1,130,2
2031,2026-06-16 09:31:35+05:30,3137.1,23,3144.69,356369,104571.0,172499.0,3163.0,3163.0,3135.7,3134.3,31704000,3447.7,2820.9,3839.9,2896.0,3137.2,2,2,3137.1,16,4,3137.0,27,2,3136.9,2,2,3136.8,1,1,3137.3,10,1,3137.6,375,4,3137.7,1,1,3138.0,440,3,3138.1,71,2
2031,2026-06-16 09:31:35+05:30,3137.1,23,3144.69,356369,104571.0,172499.0,3163.0,3163.0,3135.7,3134.3,31704000,3447.7,2820.9,3839.9,2896.0,3137.2,2,2,3137.1,16,4,3137.0,27,2,3136.9,2,2,3136.8,1,1,3137.3,10,1,3137.6,375,4,3137.7,1,1,3138.0,440,3,3138.1,71,2
2031,2026-06-16 09:31:36+05:30,3137.1,6,3144.68,356831,102634.0,172850.0,3163.0,3163.0,3135.7,3134.3,31704000,3447.7,2820.9,3839.9,2896.0,3136.5,2,2,3136.4,10,1,3136.2,4,1,3136.1,79,3,3136.0,83,8,3137.0,2,1,3137.2,130,4,3137.3,41,4,3137.4,97,2,3137.6,647,8
2031,2026-06-16 09:31:36+05:30,3137.1,6,3144.68,356831,102634.0,172850.0,3163.0,3163.0,3135.7,3134.3,31704000,3447.7,2820.9,3839.9,2896.0,3136.5,2,2,3136.4,10,1,3136.2,4,1,3136.1,79,3,3136.0,83,8,3137.0,2,1,3137.2,130,4,3137.3,41,4,3137.4,97,2,3137.6,647,8
2031,2026-06-16 09:31:37+05:30,3137.0,1,3144.68,356833,102836.0,173280.0,3163.0,3163.0,3135.7,3134.3,31704000,3447.7,2820.9,3839.9,2896.0,3136.5,2,2,3136.4,10,1,3136.2,4,1,3136.1,79,3,3136.0,83,8,3137.0,47,6,3137.1,21,1,3137.2,95,3,3137.3,432,7,3137.4,369,5
2031,2026-06-16 09:31:37+05:30,3137.0,1,3144.68,356833,102836.0,173280.0,3163.0,3163.0,3135.7,3134.3,31704000,3447.7,2820.9,3839.9,2896.0,3136.5,2,2,3136.4,10,1,3136.2,4,1,3136.1,79,3,3136.0,83,8,3137.0,47,6,3137.1,21,1,3137.2,95,3,3137.3,432,7,3137.4,369,5
2031,2026-06-16 09:31:38+05:30,3138.6,8,3144.63,359333,103210.0,169531.0,3163.0,3163.0,3135.7,3134.3,31704000,3447.7,2820.9,3839.9,2896.0,3136.7,58,2,3136.6,59,2,3136.5,146,7,3136.4,10,1,3136.3,81,3,3138.1,200,1,3138.2,200,1,3138.3,72,2,3138.4,70,1,3138.5,102,2
2031,2026-06-16 09:31:39+05:30,3138.1,1,3144.63,359333,103210.0,169531.0,3163.0,3163.0,3135.7,3134.3,31704000,3447.7,2820.9,3839.9,2896.0,3136.7,58,2,3136.6,59,2,3136.5,146,7,3136.4,10,1,3136.3,81,3,3138.1,200,1,3138.2,200,1,3138.3,72,2,3138.4,70,1,3138.5,102,2
2031,2026-06-16 09:31:39+05:30,3137.4,1,3144.63,359381,104347.0,170720.0,3163.0,3163.0,3135.7,3134.3,31704000,3447.7,2820.9,3839.9,2896.0,3137.4,169,4,3137.3,17,1,3137.2,25,1,3137.1,24,2,3137.0,38,3,3138.3,200,1,3138.4,200,1,3138.6,78,1,3138.7,252,2,3138.8,270,2
2031,2026-06-16 09:31:40+05:30,3137.4,37,3144.63,359381,104347.0,170720.0,3163.0,3163.0,3135.7,3134.3,31704000,3447.7,2820.9,3839.9,2896.0,3137.4,169,4,3137.3,17,1,3137.2,25,1,3137.1,24,2,3137.0,38,3,3138.3,200,1,3138.4,200,1,3138.6,78,1,3138.7,252,2,3138.8,270,2
2031,2026-06-16 09:31:40+05:30,3137.4,37,3144.62,359704,105225.0,170895.0,3163.0,3163.0,3135.7,3134.3,31704000,3447.7,2820.9,3839.9,2896.0,3137.4,42,3,3137.2,8,2,3137.1,124,3,3137.0,83,3,3136.9,171,1,3138.3,27,2,3138.6,42,1,3138.8,27,1,3139.0,60,2,3139.1,36,1
2031,2026-06-16 09:31:41+05:30,3137.4,1,3144.62,359704,105225.0,170895.0,3163.0,3163.0,3135.7,3134.3,31704000,3447.7,2820.9,3839.9,2896.0,3137.4,42,3,3137.2,8,2,3137.1,124,3,3137.0,83,3,3136.9,171,1,3138.3,27,2,3138.6,42,1,3138.8,27,1,3139.0,60,2,3139.1,36,1
2031,2026-06-16 09:31:41+05:30,3137.4,1,3144.62,359707,105399.0,171186.0,3163.0,3163.0,3135.7,3134.3,31704000,3447.7,2820.9,3839.9,2896.0,3137.4,92,5,3137.2,46,3,3137.1,125,6,3137.0,93,4,3136.9,19,1,3138.3,27,2,3138.8,192,2,3138.9,149,3,3139.0,260,3,3139.1,78,2
2031,2026-06-16 09:31:42+05:30,3137.4,1,3144.62,359707,105399.0,171186.0,3163.0,3163.0,3135.7,3134.3,31704000,3447.7,2820.9,3839.9,2896.0,3137.4,92,5,3137.2,46,3,3137.1,125,6,3137.0,93,4,3136.9,19,1,3138.3,27,2,3138.8,192,2,3138.9,149,3,3139.0,260,3,3139.1,78,2
2031,2026-06-16 09:31:42+05:30,3137.4,1,3144.62,359709,105567.0,171637.0,3163.0,3163.0,3135.7,3134.3,31704000,3447.7,2820.9,3839.9,2896.0,3137.4,99,6,3137.2,81,4,3137.1,103,4,3137.0,129,6,3136.9,4,1,3138.3,26,2,3138.8,212,2,3138.9,116,3,3139.0,77,3,3139.1,55,2
2031,2026-06-16 09:31:43+05:30,3138.3,5,3144.62,359709,105567.0,171637.0,3163.0,3163.0,3135.7,3134.3,31704000,3447.7,2820.9,3839.9,2896.0,3137.4,99,6,3137.2,81,4,3137.1,103,4,3137.0,129,6,3136.9,4,1,3138.3,26,2,3138.8,212,2,3138.9,116,3,3139.0,77,3,3139.1,55,2
2031,2026-06-16 09:31:43+05:30,3138.3,5,3144.62,359714,105639.0,171654.0,3163.0,3163.0,3135.7,3134.3,31704000,3447.7,2820.9,3839.9,2896.0,3137.4,99,6,3137.3,25,1,3137.2,81,4,3137.1,8,2,3137.0,178,8,3138.0,9,2,3138.3,27,3,3138.8,188,1,3138.9,116,3,3139.0,81,3
2031,2026-06-16 09:31:44+05:30,3138.3,5,3144.62,359714,105486.0,172153.0,3163.0,3163.0,3135.7,3134.3,31704000,3447.7,2820.9,3839.9,2896.0,3137.4,99,6,3137.3,26,1,3137.2,24,3,3137.1,8,2,3137.0,45,4,3138.0,9,2,3138.3,27,3,3138.6,259,3,3138.7,123,2,3138.8,77,2
2031,2026-06-16 09:31:45+05:30,3138.3,5,3144.62,359714,105684.0,171941.0,3163.0,3163.0,3135.7,3134.3,31704000,3447.7,2820.9,3839.9,2896.0,3137.7,2,2,3137.5,36,2,3137.4,126,9,3137.3,26,1,3137.2,56,5,3138.0,10,3,3138.3,27,3,3138.6,154,1,3138.7,78,1,3138.8,58,1
2031,2026-06-16 09:31:46+05:30,3138.0,1,3144.62,359714,105684.0,171941.0,3163.0,3163.0,3135.7,3134.3,31704000,3447.7,2820.9,3839.9,2896.0,3137.7,2,2,3137.5,36,2,3137.4,126,9,3137.3,26,1,3137.2,56,5,3138.0,10,3,3138.3,27,3,3138.6,154,1,3138.7,78,1,3138.8,58,1
2031,2026-06-16 09:31:46+05:30,3138.0,1,3144.62,359717,105953.0,171480.0,3163.0,3163.0,3135.7,3134.3,31704000,3447.7,2820.9,3839.9,2896.0,3137.7,41,4,3137.5,52,2,3137.4,113,8,3137.3,15,1,3137.2,137,7,3138.0,6,1,3138.3,7,2,3138.8,58,1,3138.9,19,1,3139.0,305,5
2031,2026-06-16 09:31:47+05:30,3138.0,1,3144.62,359717,105953.0,171480.0,3163.0,3163.0,3135.7,3134.3,31704000,3447.7,2820.9,3839.9,2896.0,3137.7,41,4,3137.5,52,2,3137.4,113,8,3137.3,15,1,3137.2,137,7,3138.0,6,1,3138.3,7,2,3138.8,58,1,3138.9,19,1,3139.0,305,5
2031,2026-06-16 09:31:47+05:30,3138.0,10,3144.62,359733,105886.0,170850.0,3163.0,3163.0,3135.7,3134.3,31704000,3447.7,2820.9,3839.9,2896.0,3137.8,29,1,3137.7,85,6,3137.6,18,2,3137.5,49,2,3137.4,158,11,3138.0,5,1,3138.3,1,1,3139.0,102,3,3139.1,36,1,3139.2,178,3
2031,2026-06-16 09:31:48+05:30,3137.8,72,3144.62,359733,105886.0,170850.0,3163.0,3163.0,3135.7,3134.3,31704000,3447.7,2820.9,3839.9,2896.0,3137.8,29,1,3137.7,85,6,3137.6,18,2,3137.5,49,2,3137.4,158,11,3138.0,5,1,3138.3,1,1,3139.0,102,3,3139.1,36,1,3139.2,178,3
2031,2026-06-16 09:31:49+05:30,3138.0,1,3144.62,359934,105771.0,170984.0,3163.0,3163.0,3135.7,3134.3,31704000,3447.7,2820.9,3839.9,2896.0,3137.8,57,4,3137.7,41,4,3137.6,19,1,3137.5,16,2,3137.4,208,12,3138.0,18,2,3138.3,1,1,3139.0,135,3,3139.1,224,2,3139.2,126,2
2031,2026-06-16 09:31:49+05:30,3137.8,1,3144.62,359934,105771.0,170984.0,3163.0,3163.0,3135.7,3134.3,31704000,3447.7,2820.9,3839.9,2896.0,3137.8,57,4,3137.7,41,4,3137.6,19,1,3137.5,16,2,3137.4,208,12,3138.0,18,2,3138.3,1,1,3139.0,135,3,3139.1,224,2,3139.2,126,2
2031,2026-06-16 09:31:50+05:30,3138.0,2,3144.62,359966,106237.0,171614.0,3163.0,3163.0,3135.7,3134.3,31704000,3447.7,2820.9,3839.9,2896.0,3138.0,33,2,3137.8,30,2,3137.7,41,4,3137.5,30,2,3137.4,136,8,3139.0,37,2,3139.1,184,1,3139.2,252,5,3139.3,54,1,3139.4,172,4
2031,2026-06-16 09:31:50+05:30,3138.9,1,3144.62,359966,106237.0,171614.0,3163.0,3163.0,3135.7,3134.3,31704000,3447.7,2820.9,3839.9,2896.0,3138.0,33,2,3137.8,30,2,3137.7,41,4,3137.5,30,2,3137.4,136,8,3139.0,37,2,3139.1,184,1,3139.2,252,5,3139.3,54,1,3139.4,172,4
2031,2026-06-16 09:31:51+05:30,3138.0,7,3144.62,360011,106727.0,171009.0,3163.0,3163.0,3135.7,3134.3,31704000,3447.7,2820.9,3839.9,2896.0,3138.0,31,3,3137.8,30,2,3137.7,39,2,3137.5,157,2,3137.4,204,9,3139.0,36,2,3139.1,40,1,3139.2,156,4,3139.3,165,1,3139.4,273,3
2031,2026-06-16 09:31:51+05:30,3138.2,10,3144.62,360011,106727.0,171009.0,3163.0,3163.0,3135.7,3134.3,31704000,3447.7,2820.9,3839.9,2896.0,3138.0,31,3,3137.8,30,2,3137.7,39,2,3137.5,157,2,3137.4,204,9,3139.0,36,2,3139.1,40,1,3139.2,156,4,3139.3,165,1,3139.4,273,3
2031,2026-06-16 09:31:52+05:30,3138.8,21,3144.61,360122,107127.0,170071.0,3163.0,3163.0,3135.7,3134.3,31704000,3447.7,2820.9,3839.9,2896.0,3138.2,4,1,3138.0,74,6,3137.9,72,2,3137.8,102,5,3137.7,205,7,3138.8,48,1,3139.0,30,1,3139.1,1,1,3139.5,8,1,3139.6,86,2
2031,2026-06-16 09:31:52+05:30,3138.8,1,3144.61,360122,107127.0,170071.0,3163.0,3163.0,3135.7,3134.3,31704000,3447.7,2820.9,3839.9,2896.0,3138.2,4,1,3138.0,74,6,3137.9,72,2,3137.8,102,5,3137.7,205,7,3138.8,48,1,3139.0,30,1,3139.1,1,1,3139.5,8,1,3139.6,86,2
2031,2026-06-16 09:31:53+05:30,3138.8,1,3144.61,360124,107275.0,170736.0,3163.0,3163.0,3135.7,3134.3,31704000,3447.7,2820.9,3839.9,2896.0,3138.2,56,4,3138.1,15,1,3138.0,85,6,3137.9,72,2,3137.8,74,4,3138.8,46,1,3139.0,30,1,3139.1,1,1,3139.5,8,1,3139.6,86,2
2031,2026-06-16 09:31:53+05:30,3138.2,7,3144.61,360124,107275.0,170736.0,3163.0,3163.0,3135.7,3134.3,31704000,3447.7,2820.9,3839.9,2896.0,3138.2,56,4,3138.1,15,1,3138.0,85,6,3137.9,72,2,3137.8,74,4,3138.8,46,1,3139.0,30,1,3139.1,1,1,3139.5,8,1,3139.6,86,2
2031,2026-06-16 09:31:54+05:30,3138.8,1,3144.61,360234,106758.0,169264.0,3163.0,3163.0,3135.7,3134.3,31704000,3447.7,2820.9,3839.9,2896.0,3138.2,68,2,3138.0,31,3,3137.8,2,1,3137.7,39,2,3137.5,5,1,3138.8,115,5,3138.9,2,1,3139.0,78,3,3139.1,38,1,3139.2,110,3
2031,2026-06-16 09:31:54+05:30,3138.8,1,3144.61,360234,106758.0,169264.0,3163.0,3163.0,3135.7,3134.3,31704000,3447.7,2820.9,3839.9,2896.0,3138.2,68,2,3138.0,31,3,3137.8,2,1,3137.7,39,2,3137.5,5,1,3138.8,115,5,3138.9,2,1,3139.0,78,3,3139.1,38,1,3139.2,110,3
2031,2026-06-16 09:31:55+05:30,3138.7,9,3144.61,360234,106758.0,169264.0,3163.0,3163.0,3135.7,3134.3,31704000,3447.7,2820.9,3839.9,2896.0,3138.2,68,2,3138.0,31,3,3137.8,2,1,3137.7,39,2,3137.5,5,1,3138.8,115,5,3138.9,2,1,3139.0,78,3,3139.1,38,1,3139.2,110,3
2031,2026-06-16 09:31:55+05:30,3138.7,9,3144.6,360895,105953.0,172242.0,3163.0,3163.0,3135.7,3134.3,31704000,3447.7,2820.9,3839.9,2896.0,3138.2,1,1,3137.5,5,1,3137.4,20,3,3137.3,6,1,3137.2,28,5,3138.7,60,6,3138.8,75,6,3138.9,108,4,3139.0,398,7,3139.1,482,4
2031,2026-06-16 09:31:56+05:30,3137.3,28,3144.6,360895,105953.0,172242.0,3163.0,3163.0,3135.7,3134.3,31704000,3447.7,2820.9,3839.9,2896.0,3138.2,1,1,3137.5,5,1,3137.4,20,3,3137.3,6,1,3137.2,28,5,3138.7,60,6,3138.8,75,6,3138.9,108,4,3139.0,398,7,3139.1,482,4
2031,2026-06-16 09:31:56+05:30,3137.3,28,3144.6,360995,106161.0,172790.0,3163.0,3163.0,3135.7,3134.3,31704000,3447.7,2820.9,3839.9,2896.0,3137.3,6,1,3137.2,28,5,3137.1,8,2,3137.0,23,4,3136.9,33,1,3138.4,55,5,3138.5,36,3,3138.6,110,4,3138.7,95,4,3138.8,280,8
2031,2026-06-16 09:31:57+05:30,3137.3,40,3144.6,360995,106161.0,172790.0,3163.0,3163.0,3135.7,3134.3,31704000,3447.7,2820.9,3839.9,2896.0,3137.3,6,1,3137.2,28,5,3137.1,8,2,3137.0,23,4,3136.9,33,1,3138.4,55,5,3138.5,36,3,3138.6,110,4,3138.7,95,4,3138.8,280,8
2031,2026-06-16 09:31:57+05:30,3137.3,40,3144.59,361405,105628.0,171459.0,3163.0,3163.0,3135.7,3134.3,31704000,3447.7,2820.9,3839.9,2896.0,3137.3,12,1,3137.2,28,5,3137.1,8,2,3137.0,13,3,3136.8,28,1,3137.8,47,4,3137.9,39,3,3138.0,102,5,3138.1,79,6,3138.2,63,3
2031,2026-06-16 09:31:58+05:30,3137.9,3,3144.59,361405,105628.0,171459.0,3163.0,3163.0,3135.7,3134.3,31704000,3447.7,2820.9,3839.9,2896.0,3137.3,12,1,3137.2,28,5,3137.1,8,2,3137.0,13,3,3136.8,28,1,3137.8,47,4,3137.9,39,3,3138.0,102,5,3138.1,79,6,3138.2,63,3
2031,2026-06-16 09:31:58+05:30,3137.9,3,3144.59,361440,105768.0,173162.0,3163.0,3163.0,3135.7,3134.3,31704000,3447.7,2820.9,3839.9,2896.0,3137.5,25,1,3137.3,17,2,3137.2,28,5,3137.1,8,2,3137.0,13,3,3138.0,30,3,3138.1,78,5,3138.2,47,2,3138.3,201,3,3138.4,56,2
2031,2026-06-16 09:31:59+05:30,3138.0,1,3144.59,361440,105768.0,173162.0,3163.0,3163.0,3135.7,3134.3,31704000,3447.7,2820.9,3839.9,2896.0,3137.5,25,1,3137.3,17,2,3137.2,28,5,3137.1,8,2,3137.0,13,3,3138.0,30,3,3138.1,78,5,3138.2,47,2,3138.3,201,3,3138.4,56,2
2031,2026-06-16 09:31:59+05:30,3137.5,25,3144.59,361466,105722.0,173394.0,3163.0,3163.0,3135.7,3134.3,31704000,3447.7,2820.9,3839.9,2896.0,3137.3,17,2,3137.2,28,5,3137.1,8,2,3137.0,42,4,3136.7,21,1,3137.9,63,5,3138.0,63,6,3138.1,55,4,3138.2,38,2,3138.3,142,6
2031,2026-06-16 09:32:00+05:30,3139.9,127,3144.59,361466,105722.0,173394.0,3163.0,3163.0,3135.7,3134.3,31704000,3447.7,2820.9,3839.9,2896.0,3137.3,17,2,3137.2,28,5,3137.1,8,2,3137.0,42,4,3136.7,21,1,3137.9,63,5,3138.0,63,6,3138.1,55,4,3138.2,38,2,3138.3,142,6
2031,2026-06-16 09:32:01+05:30,3139.9,127,3144.54,364899,108635.0,166745.0,3163.0,3163.0,3135.7,3134.3,31704000,3447.7,2820.9,3839.9,2896.0,3138.3,335,5,3138.2,63,1,3138.1,90,2,3138.0,386,7,3137.9,84,2,3139.6,4,1,3139.9,177,1,3140.0,192,6,3140.1,15,1,3140.2,167,3
2031,2026-06-16 09:32:01+05:30,3138.3,3,3144.54,364899,108635.0,166745.0,3163.0,3163.0,3135.7,3134.3,31704000,3447.7,2820.9,3839.9,2896.0,3138.3,335,5,3138.2,63,1,3138.1,90,2,3138.0,386,7,3137.9,84,2,3139.6,4,1,3139.9,177,1,3140.0,192,6,3140.1,15,1,3140.2,167,3
2031,2026-06-16 09:32:02+05:30,3138.3,32,3144.54,364934,109102.0,169654.0,3163.0,3163.0,3135.7,3134.3,31704000,3447.7,2820.9,3839.9,2896.0,3138.9,164,1,3138.3,52,1,3138.1,63,1,3138.0,107,3,3137.9,367,6,3139.2,15,1,3139.6,182,3,3139.7,28,1,3139.8,99,3,3139.9,40,1
2031,2026-06-16 09:32:02+05:30,3138.9,164,3144.54,364934,109102.0,169654.0,3163.0,3163.0,3135.7,3134.3,31704000,3447.7,2820.9,3839.9,2896.0,3138.9,164,1,3138.3,52,1,3138.1,63,1,3138.0,107,3,3137.9,367,6,3139.2,15,1,3139.6,182,3,3139.7,28,1,3139.8,99,3,3139.9,40,1
2031,2026-06-16 09:32:03+05:30,3138.8,12,3144.53,365166,109346.0,168866.0,3163.0,3163.0,3135.7,3134.3,31704000,3447.7,2820.9,3839.9,2896.0,3138.8,488,1,3138.4,30,2,3138.3,52,1,3138.2,118,3,3138.1,21,1,3139.9,33,2,3140.0,199,9,3140.1,34,2,3140.2,120,3,3140.4,111,3
2031,2026-06-16 09:32:03+05:30,3139.9,1,3144.53,365166,109346.0,168866.0,3163.0,3163.0,3135.7,3134.3,31704000,3447.7,2820.9,3839.9,2896.0,3138.8,488,1,3138.4,30,2,3138.3,52,1,3138.2,118,3,3138.1,21,1,3139.9,33,2,3140.0,199,9,3140.1,34,2,3140.2,120,3,3140.4,111,3
2031,2026-06-16 09:32:04+05:30,3139.7,3,3144.53,365204,109476.0,169451.0,3163.0,3163.0,3135.7,3134.3,31704000,3447.7,2820.9,3839.9,2896.0,3138.8,600,3,3138.3,52,1,3138.2,2,1,3138.1,105,3,3138.0,20,2,3139.7,21,2,3139.8,39,3,3139.9,78,3,3140.0,236,8,3140.1,43,2
2031,2026-06-16 09:32:04+05:30,3139.7,3,3144.53,365204,109476.0,169451.0,3163.0,3163.0,3135.7,3134.3,31704000,3447.7,2820.9,3839.9,2896.0,3138.8,600,3,3138.3,52,1,3138.2,2,1,3138.1,105,3,3138.0,20,2,3139.7,21,2,3139.8,39,3,3139.9,78,3,3140.0,236,8,3140.1,43,2
2031,2026-06-16 09:32:05+05:30,3138.8,213,3144.53,365425,109985.0,168337.0,3163.0,3163.0,3135.7,3134.3,31704000,3447.7,2820.9,3839.9,2896.0,3139.2,29,3,3138.8,484,5,3138.6,145,4,3138.5,131,4,3138.4,1,1,3139.7,5,2,3139.8,5,2,3139.9,46,1,3140.0,136,5,3140.1,18,1
2031,2026-06-16 09:32:05+05:30,3139.7,1,3144.53,365425,109985.0,168337.0,3163.0,3163.0,3135.7,3134.3,31704000,3447.7,2820.9,3839.9,2896.0,3139.2,29,3,3138.8,484,5,3138.6,145,4,3138.5,131,4,3138.4,1,1,3139.7,5,2,3139.8,5,2,3139.9,46,1,3140.0,136,5,3140.1,18,1
2031,2026-06-16 09:32:06+05:30,3139.8,2,3144.53,365425,109985.0,168337.0,3163.0,3163.0,3135.7,3134.3,31704000,3447.7,2820.9,3839.9,2896.0,3139.2,29,3,3138.8,484,5,3138.6,145,4,3138.5,131,4,3138.4,1,1,3139.7,5,2,3139.8,5,2,3139.9,46,1,3140.0,136,5,3140.1,18,1
2031,2026-06-16 09:32:06+05:30,3139.8,2,3144.53,365428,110245.0,169100.0,3163.0,3163.0,3135.7,3134.3,31704000,3447.7,2820.9,3839.9,2896.0,3139.4,26,1,3139.2,40,3,3138.9,63,1,3138.8,484,5,3138.6,170,5,3139.8,1,1,3139.9,46,1,3140.0,136,5,3140.1,18,1,3140.5,40,1
2031,2026-06-16 09:32:07+05:30,3140.0,17,3144.53,365428,110245.0,169100.0,3163.0,3163.0,3135.7,3134.3,31704000,3447.7,2820.9,3839.9,2896.0,3139.4,26,1,3139.2,40,3,3138.9,63,1,3138.8,484,5,3138.6,170,5,3139.8,1,1,3139.9,46,1,3140.0,136,5,3140.1,18,1,3140.5,40,1
2031,2026-06-16 09:32:07+05:30,3140.0,17,3144.53,365601,111104.0,166990.0,3163.0,3163.0,3135.7,3134.3,31704000,3447.7,2820.9,3839.9,2896.0,3139.9,26,1,3139.4,40,2,3139.2,222,9,3139.1,98,3,3139.0,87,3,3140.0,12,2,3140.1,18,1,3140.5,21,1,3140.9,153,1,3141.0,675,2
2031,2026-06-16 09:32:08+05:30,3140.1,5,3144.53,365601,111104.0,166990.0,3163.0,3163.0,3135.7,3134.3,31704000,3447.7,2820.9,3839.9,2896.0,3139.9,26,1,3139.4,40,2,3139.2,222,9,3139.1,98,3,3139.0,87,3,3140.0,12,2,3140.1,18,1,3140.5,21,1,3140.9,153,1,3141.0,675,2
2031,2026-06-16 09:32:08+05:30,3140.1,5,3144.53,365646,111272.0,168081.0,3163.0,3163.0,3135.7,3134.3,31704000,3447.7,2820.9,3839.9,2896.0,3140.1,3,1,3139.9,41,1,3139.4,62,1,3139.3,10,1,3139.2,90,7,3140.5,37,2,3140.9,34,1,3141.0,625,1,3141.1,78,1,3141.2,10,1
2031,2026-06-16 09:32:09+05:30,3139.9,2,3144.53,365646,111272.0,168081.0,3163.0,3163.0,3135.7,3134.3,31704000,3447.7,2820.9,3839.9,2896.0,3140.1,3,1,3139.9,41,1,3139.4,62,1,3139.3,10,1,3139.2,90,7,3140.5,37,2,3140.9,34,1,3141.0,625,1,3141.1,78,1,3141.2,10,1
2031,2026-06-16 09:32:09+05:30,3139.9,2,3144.52,365990,110744.0,168966.0,3163.0,3163.0,3135.7,3134.3,31704000,3447.7,2820.9,3839.9,2896.0,3140.0,10,1,3139.9,2,1,3139.2,32,3,3139.1,26,2,3138.9,20,1,3140.4,82,6,3140.5,60,4,3140.6,24,1,3140.7,62,2,3140.8,574,6
2031,2026-06-16 09:32:09+05:30,3139.9,2,3144.52,365990,110744.0,168966.0,3163.0,3163.0,3135.7,3134.3,31704000,3447.7,2820.9,3839.9,2896.0,3140.0,10,1,3139.9,2,1,3139.2,32,3,3139.1,26,2,3138.9,20,1,3140.4,82,6,3140.5,60,4,3140.6,24,1,3140.7,62,2,3140.8,574,6
2031,2026-06-16 09:32:10+05:30,3140.0,2,3144.52,365990,110744.0,168966.0,3163.0,3163.0,3135.7,3134.3,31704000,3447.7,2820.9,3839.9,2896.0,3140.0,10,1,3139.9,2,1,3139.2,32,3,3139.1,26,2,3138.9,20,1,3140.4,82,6,3140.5,60,4,3140.6,24,1,3140.7,62,2,3140.8,574,6
2031,2026-06-16 09:32:10+05:30,3140.0,2,3144.52,366240,109177.0,169479.0,3163.0,3163.0,3135.7,3134.3,31704000,3447.7,2820.9,3839.9,2896.0,3139.1,26,2,3138.8,275,1,3138.5,52,1,3138.3,72,4,3138.2,96,2,3140.0,101,3,3140.1,79,3,3140.2,86,3,3140.3,141,3,3140.4,248,6
2031,2026-06-16 09:32:11+05:30,3140.0,2,3144.52,366240,109177.0,169479.0,3163.0,3163.0,3135.7,3134.3,31704000,3447.7,2820.9,3839.9,2896.0,3139.1,26,2,3138.8,275,1,3138.5,52,1,3138.3,72,4,3138.2,96,2,3140.0,101,3,3140.1,79,3,3140.2,86,3,3140.3,141,3,3140.4,248,6
2031,2026-06-16 09:32:11+05:30,3140.0,1,3144.52,366240,109177.0,169479.0,3163.0,3163.0,3135.7,3134.3,31704000,3447.7,2820.9,3839.9,2896.0,3139.1,26,2,3138.8,275,1,3138.5,52,1,3138.3,72,4,3138.2,96,2,3140.0,101,3,3140.1,79,3,3140.2,86,3,3140.3,141,3,3140.4,248,6
2031,2026-06-16 09:32:11+05:30,3138.8,30,3144.51,367229,107406.0,170446.0,3163.0,3163.0,3135.7,3134.3,31704000,3447.7,2820.9,3839.9,2896.0,3138.8,30,1,3138.0,2,1,3137.9,20,1,3137.7,20,1,3137.6,234,4,3139.6,94,6,3139.7,341,8,3139.8,323,7,3139.9,54,3,3140.0,112,5
2031,2026-06-16 09:32:12+05:30,3139.1,40,3144.51,367229,107406.0,170446.0,3163.0,3163.0,3135.7,3134.3,31704000,3447.7,2820.9,3839.9,2896.0,3138.8,30,1,3138.0,2,1,3137.9,20,1,3137.7,20,1,3137.6,234,4,3139.6,94,6,3139.7,341,8,3139.8,323,7,3139.9,54,3,3140.0,112,5
2031,2026-06-16 09:32:12+05:30,3139.1,40,3144.51,367229,107406.0,170446.0,3163.0,3163.0,3135.7,3134.3,31704000,3447.7,2820.9,3839.9,2896.0,3138.8,30,1,3138.0,2,1,3137.9,20,1,3137.7,20,1,3137.6,234,4,3139.6,94,6,3139.7,341,8,3139.8,323,7,3139.9,54,3,3140.0,112,5
2031,2026-06-16 09:32:12+05:30,3139.1,40,3144.51,367270,108871.0,170177.0,3163.0,3163.0,3135.7,3134.3,31704000,3447.7,2820.9,3839.9,2896.0,3139.1,111,2,3138.8,95,3,3138.4,59,1,3138.3,81,2,3138.2,31,1,3139.6,57,3,3139.7,6,1,3139.8,46,2,3139.9,73,3,3140.0,3,1
2031,2026-06-16 09:32:13+05:30,3139.1,98,3144.51,367270,108871.0,170177.0,3163.0,3163.0,3135.7,3134.3,31704000,3447.7,2820.9,3839.9,2896.0,3139.1,111,2,3138.8,95,3,3138.4,59,1,3138.3,81,2,3138.2,31,1,3139.6,57,3,3139.7,6,1,3139.8,46,2,3139.9,73,3,3140.0,3,1
2031,2026-06-16 09:32:14+05:30,3139.2,1,3144.49,368371,106326.0,172185.0,3163.0,3163.0,3135.7,3134.3,31704000,3447.7,2820.9,3839.9,2896.0,3138.1,28,1,3138.0,2,1,3137.9,200,1,3137.6,55,3,3137.5,70,3,3139.2,112,5,3139.3,177,5,3139.4,141,4,3139.5,130,5,3139.6,547,10
2031,2026-06-16 09:32:14+05:30,3139.2,1,3144.49,368371,106326.0,172185.0,3163.0,3163.0,3135.7,3134.3,31704000,3447.7,2820.9,3839.9,2896.0,3138.1,28,1,3138.0,2,1,3137.9,200,1,3137.6,55,3,3137.5,70,3,3139.2,112,5,3139.3,177,5,3139.4,141,4,3139.5,130,5,3139.6,547,10
2031,2026-06-16 09:32:14+05:30,3139.2,1,3144.49,368371,106326.0,172185.0,3163.0,3163.0,3135.7,3134.3,31704000,3447.7,2820.9,3839.9,2896.0,3138.1,28,1,3138.0,2,1,3137.9,200,1,3137.6,55,3,3137.5,70,3,3139.2,112,5,3139.3,177,5,3139.4,141,4,3139.5,130,5,3139.6,547,10
2031,2026-06-16 09:32:15+05:30,3139.2,25,3144.49,368396,107521.0,171799.0,3163.0,3163.0,3135.7,3134.3,31704000,3447.7,2820.9,3839.9,2896.0,3138.1,88,3,3138.0,56,2,3137.9,200,1,3137.8,62,1,3137.6,55,3,3139.2,71,5,3139.3,108,4,3139.4,662,5,3139.5,71,4,3139.6,111,6
2031,2026-06-16 09:32:15+05:30,3139.2,25,3144.49,368396,107521.0,171799.0,3163.0,3163.0,3135.7,3134.3,31704000,3447.7,2820.9,3839.9,2896.0,3138.1,88,3,3138.0,56,2,3137.9,200,1,3137.8,62,1,3137.6,55,3,3139.2,71,5,3139.3,108,4,3139.4,662,5,3139.5,71,4,3139.6,111,6
2031,2026-06-16 09:32:15+05:30,3139.2,25,3144.49,368396,107521.0,171799.0,3163.0,3163.0,3135.7,3134.3,31704000,3447.7,2820.9,3839.9,2896.0,3138.1,88,3,3138.0,56,2,3137.9,200,1,3137.8,62,1,3137.6,55,3,3139.2,71,5,3139.3,108,4,3139.4,662,5,3139.5,71,4,3139.6,111,6
2031,2026-06-16 09:32:16+05:30,3138.7,1,3144.49,368400,106622.0,173162.0,3163.0,3163.0,3135.7,3134.3,31704000,3447.7,2820.9,3839.9,2896.0,3138.1,102,5,3138.0,2,1,3137.9,200,1,3137.6,31,2,3137.5,90,2,3139.1,56,5,3139.2,638,9,3139.3,61,2,3139.4,311,4,3139.5,99,5
2031,2026-06-16 09:32:16+05:30,3138.7,1,3144.49,368400,106622.0,173162.0,3163.0,3163.0,3135.7,3134.3,31704000,3447.7,2820.9,3839.9,2896.0,3138.1,102,5,3138.0,2,1,3137.9,200,1,3137.6,31,2,3137.5,90,2,3139.1,56,5,3139.2,638,9,3139.3,61,2,3139.4,311,4,3139.5,99,5
2031,2026-06-16 09:32:17+05:30,3138.1,21,3144.49,368437,106813.0,172915.0,3163.0,3163.0,3135.7,3134.3,31704000,3447.7,2820.9,3839.9,2896.0,3138.1,85,6,3138.0,2,1,3137.9,200,1,3137.6,31,2,3137.5,76,1,3139.0,46,4,3139.1,12,3,3139.2,575,6,3139.3,261,3,3139.4,156,4
2031,2026-06-16 09:32:17+05:30,3138.1,21,3144.49,368437,106813.0,172915.0,3163.0,3163.0,3135.7,3134.3,31704000,3447.7,2820.9,3839.9,2896.0,3138.1,85,6,3138.0,2,1,3137.9,200,1,3137.6,31,2,3137.5,76,1,3139.0,46,4,3139.1,12,3,3139.2,575,6,3139.3,261,3,3139.4,156,4
2031,2026-06-16 09:32:17+05:30,3138.1,43,3144.49,368437,106813.0,172915.0,3163.0,3163.0,3135.7,3134.3,31704000,3447.7,2820.9,3839.9,2896.0,3138.1,85,6,3138.0,2,1,3137.9,200,1,3137.6,31,2,3137.5,76,1,3139.0,46,4,3139.1,12,3,3139.2,575,6,3139.3,261,3,3139.4,156,4
2031,2026-06-16 09:32:18+05:30,3138.1,43,3144.49,368487,106823.0,173010.0,3163.0,3163.0,3135.7,3134.3,31704000,3447.7,2820.9,3839.9,2896.0,3138.1,63,6,3138.0,2,1,3137.9,200,1,3137.6,31,2,3137.5,76,1,3138.9,57,5,3139.0,49,3,3139.1,53,3,3139.2,815,8,3139.3,139,3
2031,2026-06-16 09:32:18+05:30,3138.1,43,3144.49,368487,106823.0,173010.0,3163.0,3163.0,3135.7,3134.3,31704000,3447.7,2820.9,3839.9,2896.0,3138.1,63,6,3138.0,2,1,3137.9,200,1,3137.6,31,2,3137.5,76,1,3138.9,57,5,3139.0,49,3,3139.1,53,3,3139.2,815,8,3139.3,139,3
2031,2026-06-16 09:32:19+05:30,3138.1,43,3144.49,368487,106823.0,173010.0,3163.0,3163.0,3135.7,3134.3,31704000,3447.7,2820.9,3839.9,2896.0,3138.1,63,6,3138.0,2,1,3137.9,200,1,3137.6,31,2,3137.5,76,1,3138.9,57,5,3139.0,49,3,3139.1,53,3,3139.2,815,8,3139.3,139,3
2031,2026-06-16 09:32:19+05:30,3138.9,1,3144.49,368565,106808.0,170662.0,3163.0,3163.0,3135.7,3134.3,31704000,3447.7,2820.9,3839.9,2896.0,3138.1,46,5,3138.0,2,1,3137.9,200,1,3137.6,15,1,3137.5,76,1,3138.9,14,3,3139.0,73,3,3139.1,8,2,3139.2,575,6,3139.3,261,3
2031,2026-06-16 09:32:19+05:30,3138.9,1,3144.49,368565,106808.0,170662.0,3163.0,3163.0,3135.7,3134.3,31704000,3447.7,2820.9,3839.9,2896.0,3138.1,46,5,3138.0,2,1,3137.9,200,1,3137.6,15,1,3137.5,76,1,3138.9,14,3,3139.0,73,3,3139.1,8,2,3139.2,575,6,3139.3,261,3
2031,2026-06-16 09:32:19+05:30,3138.9,1,3144.49,368565,106808.0,170662.0,3163.0,3163.0,3135.7,3134.3,31704000,3447.7,2820.9,3839.9,2896.0,3138.1,46,5,3138.0,2,1,3137.9,200,1,3137.6,15,1,3137.5,76,1,3138.9,14,3,3139.0,73,3,3139.1,8,2,3139.2,575,6,3139.3,261,3
2031,2026-06-16 09:32:20+05:30,3138.9,1,3144.49,368565,106808.0,170662.0,3163.0,3163.0,3135.7,3134.3,31704000,3447.7,2820.9,3839.9,2896.0,3138.1,46,5,3138.0,2,1,3137.9,200,1,3137.6,15,1,3137.5,76,1,3138.9,14,3,3139.0,73,3,3139.1,8,2,3139.2,575,6,3139.3,261,3
2031,2026-06-16 09:32:20+05:30,3138.1,26,3144.48,368942,105986.0,173393.0,3163.0,3163.0,3135.7,3134.3,31704000,3447.7,2820.9,3839.9,2896.0,3138.1,23,4,3138.0,2,1,3137.9,200,1,3137.6,15,1,3137.4,30,1,3138.6,59,5,3138.7,204,2,3138.8,17,1,3138.9,136,6,3139.0,31,1
2031,2026-06-16 09:32:20+05:30,3138.1,26,3144.48,368942,105986.0,173393.0,3163.0,3163.0,3135.7,3134.3,31704000,3447.7,2820.9,3839.9,2896.0,3138.1,23,4,3138.0,2,1,3137.9,200,1,3137.6,15,1,3137.4,30,1,3138.6,59,5,3138.7,204,2,3138.8,17,1,3138.9,136,6,3139.0,31,1
2031,2026-06-16 09:32:20+05:30,3138.1,26,3144.48,368942,105986.0,173393.0,3163.0,3163.0,3135.7,3134.3,31704000,3447.7,2820.9,3839.9,2896.0,3138.1,23,4,3138.0,2,1,3137.9,200,1,3137.6,15,1,3137.4,30,1,3138.6,59,5,3138.7,204,2,3138.8,17,1,3138.9,136,6,3139.0,31,1
2031,2026-06-16 09:32:21+05:30,3137.9,87,3144.48,369190,106093.0,173526.0,3163.0,3163.0,3135.7,3134.3,31704000,3447.7,2820.9,3839.9,2896.0,3137.9,113,1,3137.8,26,1,3137.6,15,1,3137.4,30,1,3137.2,87,3,3138.3,204,2,3138.4,36,2,3138.6,11,2,3138.8,218,2,3138.9,79,3
2031,2026-06-16 09:32:21+05:30,3137.9,87,3144.48,369190,106093.0,173526.0,3163.0,3163.0,3135.7,3134.3,31704000,3447.7,2820.9,3839.9,2896.0,3137.9,113,1,3137.8,26,1,3137.6,15,1,3137.4,30,1,3137.2,87,3,3138.3,204,2,3138.4,36,2,3138.6,11,2,3138.8,218,2,3138.9,79,3
2031,2026-06-16 09:32:21+05:30,3137.9,87,3144.48,369190,106093.0,173526.0,3163.0,3163.0,3135.7,3134.3,31704000,3447.7,2820.9,3839.9,2896.0,3137.9,113,1,3137.8,26,1,3137.6,15,1,3137.4,30,1,3137.2,87,3,3138.3,204,2,3138.4,36,2,3138.6,11,2,3138.8,218,2,3138.9,79,3
2031,2026-06-16 09:32:22+05:30,3137.9,87,3144.48,369190,106093.0,173526.0,3163.0,3163.0,3135.7,3134.3,31704000,3447.7,2820.9,3839.9,2896.0,3137.9,113,1,3137.8,26,1,3137.6,15,1,3137.4,30,1,3137.2,87,3,3138.3,204,2,3138.4,36,2,3138.6,11,2,3138.8,218,2,3138.9,79,3
2031,2026-06-16 09:32:22+05:30,3140.0,17,3144.42,373336,109320.0,166754.0,3163.0,3163.0,3135.7,3134.3,31704000,3447.7,2820.9,3839.9,2896.0,3139.2,61,1,3139.1,82,2,3138.9,3,1,3138.8,24,1,3138.7,24,1,3140.3,17,1,3140.4,75,1,3140.6,79,3,3140.8,35,1,3141.0,779,6
2031,2026-06-16 09:32:22+05:30,3140.0,17,3144.42,373336,109320.0,166754.0,3163.0,3163.0,3135.7,3134.3,31704000,3447.7,2820.9,3839.9,2896.0,3139.2,61,1,3139.1,82,2,3138.9,3,1,3138.8,24,1,3138.7,24,1,3140.3,17,1,3140.4,75,1,3140.6,79,3,3140.8,35,1,3141.0,779,6
2031,2026-06-16 09:32:23+05:30,3140.0,17,3144.42,373336,109320.0,166754.0,3163.0,3163.0,3135.7,3134.3,31704000,3447.7,2820.9,3839.9,2896.0,3139.2,61,1,3139.1,82,2,3138.9,3,1,3138.8,24,1,3138.7,24,1,3140.3,17,1,3140.4,75,1,3140.6,79,3,3140.8,35,1,3141.0,779,6
2031,2026-06-16 09:32:23+05:30,3140.0,216,3144.42,373552,109934.0,168982.0,3163.0,3163.0,3135.7,3134.3,31704000,3447.7,2820.9,3839.9,2896.0,3138.8,146,5,3138.7,115,3,3138.6,109,4,3138.5,38,2,3138.4,344,6,3140.0,646,2,3140.3,21,2,3140.4,100,2,3140.6,133,5,3140.8,55,2
2031,2026-06-16 09:32:23+05:30,3140.0,216,3144.42,373552,109934.0,168982.0,3163.0,3163.0,3135.7,3134.3,31704000,3447.7,2820.9,3839.9,2896.0,3138.8,146,5,3138.7,115,3,3138.6,109,4,3138.5,38,2,3138.4,344,6,3140.0,646,2,3140.3,21,2,3140.4,100,2,3140.6,133,5,3140.8,55,2
2031,2026-06-16 09:32:23+05:30,3140.0,216,3144.42,373552,109934.0,168982.0,3163.0,3163.0,3135.7,3134.3,31704000,3447.7,2820.9,3839.9,2896.0,3138.8,146,5,3138.7,115,3,3138.6,109,4,3138.5,38,2,3138.4,344,6,3140.0,646,2,3140.3,21,2,3140.4,100,2,3140.6,133,5,3140.8,55,2
2031,2026-06-16 09:32:24+05:30,3140.0,97,3144.4,374854,110024.0,171332.0,3163.0,3163.0,3135.7,3134.3,31704000,3447.7,2820.9,3839.9,2896.0,3139.4,123,1,3138.6,248,7,3138.5,104,4,3138.4,200,8,3138.3,402,7,3140.0,621,4,3140.3,21,2,3140.4,100,2,3140.5,78,1,3140.6,107,3
2031,2026-06-16 09:32:24+05:30,3140.0,97,3144.4,374854,110024.0,171332.0,3163.0,3163.0,3135.7,3134.3,31704000,3447.7,2820.9,3839.9,2896.0,3139.4,123,1,3138.6,248,7,3138.5,104,4,3138.4,200,8,3138.3,402,7,3140.0,621,4,3140.3,21,2,3140.4,100,2,3140.5,78,1,3140.6,107,3
2031,2026-06-16 09:32:24+05:30,3140.0,97,3144.4,374854,110024.0,171332.0,3163.0,3163.0,3135.7,3134.3,31704000,3447.7,2820.9,3839.9,2896.0,3139.4,123,1,3138.6,248,7,3138.5,104,4,3138.4,200,8,3138.3,402,7,3140.0,621,4,3140.3,21,2,3140.4,100,2,3140.5,78,1,3140.6,107,3
2031,2026-06-16 09:32:25+05:30,3140.0,97,3144.4,374854,110024.0,171332.0,3163.0,3163.0,3135.7,3134.3,31704000,3447.7,2820.9,3839.9,2896.0,3139.4,123,1,3138.6,248,7,3138.5,104,4,3138.4,200,8,3138.3,402,7,3140.0,621,4,3140.3,21,2,3140.4,100,2,3140.5,78,1,3140.6,107,3
2031,2026-06-16 09:32:25+05:30,3140.0,1,3144.4,374854,110024.0,171332.0,3163.0,3163.0,3135.7,3134.3,31704000,3447.7,2820.9,3839.9,2896.0,3139.4,123,1,3138.6,248,7,3138.5,104,4,3138.4,200,8,3138.3,402,7,3140.0,621,4,3140.3,21,2,3140.4,100,2,3140.5,78,1,3140.6,107,3
2031,2026-06-16 09:32:25+05:30,3140.0,1,3144.4,374964,110342.0,171588.0,3163.0,3163.0,3135.7,3134.3,31704000,3447.7,2820.9,3839.9,2896.0,3139.4,123,1,3138.6,287,7,3138.5,156,7,3138.4,221,11,3138.3,199,5,3140.0,762,6,3140.3,9,1,3140.4,100,2,3140.5,32,1,3140.6,75,2
2031,2026-06-16 09:32:26+05:30,3140.0,1,3144.4,374964,110342.0,171588.0,3163.0,3163.0,3135.7,3134.3,31716800,3447.7,2820.9,3839.9,2896.0,3139.4,123,1,3138.6,287,7,3138.5,156,7,3138.4,221,11,3138.3,199,5,3140.0,762,6,3140.3,9,1,3140.4,100,2,3140.5,32,1,3140.6,75,2
2031,2026-06-16 09:32:26+05:30,3139.4,123,3144.4,374964,110342.0,171588.0,3163.0,3163.0,3135.7,3134.3,31716800,3447.7,2820.9,3839.9,2896.0,3139.4,123,1,3138.6,287,7,3138.5,156,7,3138.4,221,11,3138.3,199,5,3140.0,762,6,3140.3,9,1,3140.4,100,2,3140.5,32,1,3140.6,75,2
2031,2026-06-16 09:32:26+05:30,3139.4,123,3144.4,375233,110160.0,172481.0,3163.0,3163.0,3135.7,3134.3,31716800,3447.7,2820.9,3839.9,2896.0,3139.4,82,1,3138.6,36,2,3138.5,80,2,3138.4,119,7,3138.3,126,4,3139.9,17,1,3140.0,1376,9,3140.1,19,1,3140.2,28,1,3140.3,49,2
2031,2026-06-16 09:32:27+05:30,3139.4,74,3144.4,375233,110160.0,172481.0,3163.0,3163.0,3135.7,3134.3,31716800,3447.7,2820.9,3839.9,2896.0,3139.4,82,1,3138.6,36,2,3138.5,80,2,3138.4,119,7,3138.3,126,4,3139.9,17,1,3140.0,1376,9,3140.1,19,1,3140.2,28,1,3140.3,49,2
2031,2026-06-16 09:32:27+05:30,3139.4,74,3144.39,376085,110684.0,171496.0,3163.0,3163.0,3135.7,3134.3,31716800,3447.7,2820.9,3839.9,2896.0,3139.4,133,3,3139.2,18,1,3139.1,71,3,3139.0,44,2,3138.9,19,1,3140.0,815,4,3140.4,75,1,3140.7,64,1,3140.8,20,1,3140.9,26,1
2031,2026-06-16 09:32:28+05:30,3139.4,1,3144.39,376085,110684.0,171496.0,3163.0,3163.0,3135.7,3134.3,31716800,3447.7,2820.9,3839.9,2896.0,3139.4,133,3,3139.2,18,1,3139.1,71,3,3139.0,44,2,3138.9,19,1,3140.0,815,4,3140.4,75,1,3140.7,64,1,3140.8,20,1,3140.9,26,1
2031,2026-06-16 09:32:28+05:30,3139.4,1,3144.39,376086,110337.0,171566.0,3163.0,3163.0,3135.7,3134.3,31716800,3447.7,2820.9,3839.9,2896.0,3139.4,154,4,3138.9,57,2,3138.8,105,3,3138.7,31,2,3138.6,111,6,3140.0,688,5,3140.4,118,3,3140.5,38,1,3140.6,105,2,3140.7,95,3
2031,2026-06-16 09:32:29+05:30,3139.4,9,3144.39,376086,110337.0,171566.0,3163.0,3163.0,3135.7,3134.3,31716800,3447.7,2820.9,3839.9,2896.0,3139.4,154,4,3138.9,57,2,3138.8,105,3,3138.7,31,2,3138.6,111,6,3140.0,688,5,3140.4,118,3,3140.5,38,1,3140.6,105,2,3140.7,95,3
2031,2026-06-16 09:32:29+05:30,3139.7,61,3144.38,376322,110808.0,170507.0,3163.0,3163.0,3135.7,3134.3,31716800,3447.7,2820.9,3839.9,2896.0,3139.7,26,2,3139.5,25,1,3139.4,172,3,3139.3,15,1,3139.2,43,2,3140.0,546,4,3140.4,75,1,3141.0,882,5,3141.2,134,4,3141.3,113,3
2031,2026-06-16 09:32:30+05:30,3141.0,294,3144.38,376322,110808.0,170507.0,3163.0,3163.0,3135.7,3134.3,31716800,3447.7,2820.9,3839.9,2896.0,3139.7,26,2,3139.5,25,1,3139.4,172,3,3139.3,15,1,3139.2,43,2,3140.0,546,4,3140.4,75,1,3141.0,882,5,3141.2,134,4,3141.3,113,3
2031,2026-06-16 09:32:30+05:30,3140.9,1,3144.37,377627,111122.0,171171.0,3163.0,3163.0,3135.7,3134.3,31716800,3447.7,2820.9,3839.9,2896.0,3139.9,2,2,3139.7,27,3,3139.5,26,1,3139.4,194,5,3139.3,65,2,3140.9,128,5,3141.0,422,5,3141.1,109,2,3141.2,45,2,3141.3,59,2
2031,2026-06-16 09:32:31+05:30,3141.0,22,3144.37,377627,111122.0,171171.0,3163.0,3163.0,3135.7,3134.3,31716800,3447.7,2820.9,3839.9,2896.0,3139.9,2,2,3139.7,27,3,3139.5,26,1,3139.4,194,5,3139.3,65,2,3140.9,128,5,3141.0,422,5,3141.1,109,2,3141.2,45,2,3141.3,59,2
2031,2026-06-16 09:32:31+05:30,3140.4,35,3144.37,377894,111623.0,169936.0,3163.0,3163.0,3135.7,3134.3,31716800,3447.7,2820.9,3839.9,2896.0,3140.4,61,1,3140.0,49,2,3139.9,74,5,3139.8,136,2,3139.7,51,4,3141.0,377,3,3141.1,31,1,3141.2,10,1,3141.4,47,1,3141.6,19,1
2031,2026-06-16 09:32:32+05:30,3140.9,1,3144.37,377894,111623.0,169936.0,3163.0,3163.0,3135.7,3134.3,31716800,3447.7,2820.9,3839.9,2896.0,3140.4,61,1,3140.0,49,2,3139.9,74,5,3139.8,136,2,3139.7,51,4,3141.0,377,3,3141.1,31,1,3141.2,10,1,3141.4,47,1,3141.6,19,1
2031,2026-06-16 09:32:33+05:30,3140.9,50,3144.37,377965,111863.0,169322.0,3163.0,3163.0,3135.7,3134.3,31716800,3447.7,2820.9,3839.9,2896.0,3140.4,61,1,3140.2,30,1,3140.0,47,2,3139.9,50,4,3139.8,136,2,3140.8,36,1,3141.0,398,4,3141.1,31,1,3141.2,10,1,3141.4,47,1
2031,2026-06-16 09:32:33+05:30,3140.8,1,3144.37,377965,111863.0,169322.0,3163.0,3163.0,3135.7,3134.3,31716800,3447.7,2820.9,3839.9,2896.0,3140.4,61,1,3140.2,30,1,3140.0,47,2,3139.9,50,4,3139.8,136,2,3140.8,36,1,3141.0,398,4,3141.1,31,1,3141.2,10,1,3141.4,47,1
2031,2026-06-16 09:32:34+05:30,3140.8,1,3144.36,378436,111110.0,169998.0,3163.0,3163.0,3135.7,3134.3,31716800,3447.7,2820.9,3839.9,2896.0,3140.4,46,2,3140.2,2,1,3140.0,3,1,3139.8,3,1,3139.7,23,3,3140.8,68,2,3141.0,417,5,3141.1,143,3,3141.2,10,1,3141.3,19,1
2031,2026-06-16 09:32:34+05:30,3139.8,3,3144.36,378436,111110.0,169998.0,3163.0,3163.0,3135.7,3134.3,31716800,3447.7,2820.9,3839.9,2896.0,3140.4,46,2,3140.2,2,1,3140.0,3,1,3139.8,3,1,3139.7,23,3,3140.8,68,2,3141.0,417,5,3141.1,143,3,3141.2,10,1,3141.3,19,1
2031,2026-06-16 09:32:35+05:30,3140.4,8,3144.36,378842,109652.0,171340.0,3163.0,3163.0,3135.7,3134.3,31716800,3447.7,2820.9,3839.9,2896.0,3139.7,1,1,3139.4,113,2,3139.0,2,1,3138.9,15,1,3138.8,41,2,3140.5,258,3,3140.6,45,2,3140.7,22,1,3140.8,152,5,3140.9,519,4
2031,2026-06-16 09:32:35+05:30,3140.0,1,3144.36,378842,109652.0,171340.0,3163.0,3163.0,3135.7,3134.3,31716800,3447.7,2820.9,3839.9,2896.0,3139.7,1,1,3139.4,113,2,3139.0,2,1,3138.9,15,1,3138.8,41,2,3140.5,258,3,3140.6,45,2,3140.7,22,1,3140.8,152,5,3140.9,519,4
2031,2026-06-16 09:32:36+05:30,3140.0,1,3144.36,378843,109431.0,172598.0,3163.0,3163.0,3135.7,3134.3,31716800,3447.7,2820.9,3839.9,2896.0,3139.7,39,2,3139.4,22,1,3139.0,2,1,3138.9,15,1,3138.8,119,3,3140.0,47,1,3140.4,105,4,3140.5,230,2,3140.6,69,3,3140.7,159,4
2031,2026-06-16 09:32:36+05:30,3139.7,1,3144.36,378843,109431.0,172598.0,3163.0,3163.0,3135.7,3134.3,31716800,3447.7,2820.9,3839.9,2896.0,3139.7,39,2,3139.4,22,1,3139.0,2,1,3138.9,15,1,3138.8,119,3,3140.0,47,1,3140.4,105,4,3140.5,230,2,3140.6,69,3,3140.7,159,4
2031,2026-06-16 09:32:37+05:30,3139.7,21,3144.35,379230,107902.0,172529.0,3163.0,3163.0,3135.7,3134.3,31716800,3447.7,2820.9,3839.9,2896.0,3139.4,22,1,3139.0,2,1,3138.9,15,1,3138.7,15,1,3138.6,21,1,3139.9,71,6,3140.0,162,6,3140.2,100,4,3140.3,250,3,3140.4,236,7
2031,2026-06-16 09:32:37+05:30,3139.4,1,3144.35,379230,107902.0,172529.0,3163.0,3163.0,3135.7,3134.3,31716800,3447.7,2820.9,3839.9,2896.0,3139.4,22,1,3139.0,2,1,3138.9,15,1,3138.7,15,1,3138.6,21,1,3139.9,71,6,3140.0,162,6,3140.2,100,4,3140.3,250,3,3140.4,236,7
2031,2026-06-16 09:32:38+05:30,3139.5,4,3144.34,379941,106838.0,171926.0,3163.0,3163.0,3135.7,3134.3,31716800,3447.7,2820.9,3839.9,2896.0,3139.0,1,1,3138.9,15,1,3138.7,15,1,3138.6,21,1,3138.5,25,1,3139.5,57,4,3139.6,86,5,3139.7,245,5,3139.8,137,6,3139.9,22,2
2031,2026-06-16 09:32:38+05:30,3139.5,12,3144.34,379941,106838.0,171926.0,3163.0,3163.0,3135.7,3134.3,31716800,3447.7,2820.9,3839.9,2896.0,3139.0,1,1,3138.9,15,1,3138.7,15,1,3138.6,21,1,3138.5,25,1,3139.5,57,4,3139.6,86,5,3139.7,245,5,3139.8,137,6,3139.9,22,2
2031,2026-06-16 09:32:39+05:30,3139.7,1,3144.34,379997,108415.0,173604.0,3163.0,3163.0,3135.7,3134.3,31716800,3447.7,2820.9,3839.9,2896.0,3139.0,9,1,3138.9,36,3,3138.8,40,2,3138.7,143,4,3138.6,40,2,3139.5,80,5,3139.7,199,1,3140.0,68,2,3140.1,66,1,3140.4,147,4
2031,2026-06-16 09:32:39+05:30,3139.5,8,3144.34,379997,108415.0,173604.0,3163.0,3163.0,3135.7,3134.3,31716800,3447.7,2820.9,3839.9,2896.0,3139.0,9,1,3138.9,36,3,3138.8,40,2,3138.7,143,4,3138.6,40,2,3139.5,80,5,3139.7,199,1,3140.0,68,2,3140.1,66,1,3140.4,147,4
2031,2026-06-16 09:32:40+05:30,3138.9,16,3144.34,380255,108144.0,176124.0,3163.0,3163.0,3135.7,3134.3,31716800,3447.7,2820.9,3839.9,2896.0,3139.0,4,1,3138.9,23,2,3138.7,128,4,3138.6,85,5,3138.5,97,2,3139.5,5,1,3139.7,199,1,3140.0,98,3,3140.1,32,1,3140.2,65,1
2031,2026-06-16 09:32:40+05:30,3139.5,1,3144.34,380255,108144.0,176124.0,3163.0,3163.0,3135.7,3134.3,31716800,3447.7,2820.9,3839.9,2896.0,3139.0,4,1,3138.9,23,2,3138.7,128,4,3138.6,85,5,3138.5,97,2,3139.5,5,1,3139.7,199,1,3140.0,98,3,3140.1,32,1,3140.2,65,1
2031,2026-06-16 09:32:41+05:30,3139.5,1,3144.34,380257,108611.0,175635.0,3163.0,3163.0,3135.7,3134.3,31716800,3447.7,2820.9,3839.9,2896.0,3139.0,41,3,3138.9,79,5,3138.8,70,2,3138.7,145,5,3138.6,103,5,3139.5,3,1,3139.7,199,1,3140.0,98,3,3140.1,32,1,3140.2,35,1
2031,2026-06-16 09:32:41+05:30,3139.5,1,3144.34,380257,108611.0,175635.0,3163.0,3163.0,3135.7,3134.3,31716800,3447.7,2820.9,3839.9,2896.0,3139.0,41,3,3138.9,79,5,3138.8,70,2,3138.7,145,5,3138.6,103,5,3139.5,3,1,3139.7,199,1,3140.0,98,3,3140.1,32,1,3140.2,35,1
2031,2026-06-16 09:32:42+05:30,3139.1,36,3144.34,380370,108942.0,175674.0,3163.0,3163.0,3135.7,3134.3,31716800,3447.7,2820.9,3839.9,2896.0,3139.0,59,3,3138.9,32,2,3138.7,96,2,3138.6,153,5,3138.5,28,2,3139.5,26,1,3139.7,201,2,3139.9,22,1,3140.0,547,5,3140.1,32,1
2031,2026-06-16 09:32:42+05:30,3139.1,36,3144.34,380370,108942.0,175674.0,3163.0,3163.0,3135.7,3134.3,31716800,3447.7,2820.9,3839.9,2896.0,3139.0,59,3,3138.9,32,2,3138.7,96,2,3138.6,153,5,3138.5,28,2,3139.5,26,1,3139.7,201,2,3139.9,22,1,3140.0,547,5,3140.1,32,1
2031,2026-06-16 09:32:43+05:30,3139.5,1,3144.34,380384,109175.0,176761.0,3163.0,3163.0,3135.7,3134.3,31716800,3447.7,2820.9,3839.9,2896.0,3139.0,87,4,3138.9,45,3,3138.7,96,2,3138.6,115,3,3138.5,28,2,3139.5,22,1,3139.7,201,2,3139.9,22,1,3140.0,582,6,3140.1,32,1
2031,2026-06-16 09:32:43+05:30,3139.5,1,3144.34,380384,109175.0,176761.0,3163.0,3163.0,3135.7,3134.3,31716800,3447.7,2820.9,3839.9,2896.0,3139.0,87,4,3138.9,45,3,3138.7,96,2,3138.6,115,3,3138.5,28,2,3139.5,22,1,3139.7,201,2,3139.9,22,1,3140.0,582,6,3140.1,32,1
2031,2026-06-16 09:32:44+05:30,3139.5,1,3144.34,380385,109316.0,176559.0,3163.0,3163.0,3135.7,3134.3,31716800,3447.7,2820.9,3839.9,2896.0,3139.0,91,5,3138.9,58,4,3138.8,40,2,3138.7,130,4,3138.6,109,3,3139.5,21,1,3139.7,198,1,3139.9,22,1,3140.0,587,7,3140.1,32,1
2031,2026-06-16 09:32:44+05:30,3139.5,1,3144.34,380385,109316.0,176559.0,3163.0,3163.0,3135.7,3134.3,31716800,3447.7,2820.9,3839.9,2896.0,3139.0,91,5,3138.9,58,4,3138.8,40,2,3138.7,130,4,3138.6,109,3,3139.5,21,1,3139.7,198,1,3139.9,22,1,3140.0,587,7,3140.1,32,1
2031,2026-06-16 09:32:45+05:30,3139.5,1,3144.34,380388,109481.0,176582.0,3163.0,3163.0,3135.7,3134.3,31716800,3447.7,2820.9,3839.9,2896.0,3139.3,2,2,3139.0,124,8,3138.9,61,4,3138.7,113,3,3138.6,153,5,3139.5,18,1,3139.7,198,1,3139.9,22,1,3140.0,587,7,3140.1,32,1
2031,2026-06-16 09:32:45+05:30,3139.5,1,3144.34,380388,109481.0,176582.0,3163.0,3163.0,3135.7,3134.3,31716800,3447.7,2820.9,3839.9,2896.0,3139.3,2,2,3139.0,124,8,3138.9,61,4,3138.7,113,3,3138.6,153,5,3139.5,18,1,3139.7,198,1,3139.9,22,1,3140.0,587,7,3140.1,32,1
2031,2026-06-16 09:32:46+05:30,3139.5,1,3144.34,380388,109481.0,176582.0,3163.0,3163.0,3135.7,3134.3,31716800,3447.7,2820.9,3839.9,2896.0,3139.3,2,2,3139.0,124,8,3138.9,61,4,3138.7,113,3,3138.6,153,5,3139.5,18,1,3139.7,198,1,3139.9,22,1,3140.0,587,7,3140.1,32,1
2031,2026-06-16 09:32:46+05:30,3139.5,1,3144.34,380411,109756.0,176457.0,3163.0,3163.0,3135.7,3134.3,31716800,3447.7,2820.9,3839.9,2896.0,3139.3,44,1,3139.0,117,8,3138.9,106,6,3138.8,83,3,3138.7,134,4,3139.7,198,1,3140.0,587,7,3140.1,32,1,3140.4,50,1,3140.6,439,4
2031,2026-06-16 09:32:47+05:30,3140.0,1,3144.33,380610,109556.0,176275.0,3163.0,3163.0,3135.7,3134.3,31716800,3447.7,2820.9,3839.9,2896.0,3139.0,56,5,3138.9,93,5,3138.8,147,4,3138.7,134,4,3138.6,127,6,3139.7,43,2,3140.0,586,6,3140.1,32,1,3140.4,77,2,3140.6,496,5
2031,2026-06-16 09:32:47+05:30,3140.0,1,3144.33,380610,109556.0,176275.0,3163.0,3163.0,3135.7,3134.3,31716800,3447.7,2820.9,3839.9,2896.0,3139.0,56,5,3138.9,93,5,3138.8,147,4,3138.7,134,4,3138.6,127,6,3139.7,43,2,3140.0,586,6,3140.1,32,1,3140.4,77,2,3140.6,496,5
2031,2026-06-16 09:32:48+05:30,3140.0,25,3144.33,380610,109556.0,176275.0,3163.0,3163.0,3135.7,3134.3,31716800,3447.7,2820.9,3839.9,2896.0,3139.0,56,5,3138.9,93,5,3138.8,147,4,3138.7,134,4,3138.6,127,6,3139.7,43,2,3140.0,586,6,3140.1,32,1,3140.4,77,2,3140.6,496,5
2031,2026-06-16 09:32:48+05:30,3140.0,25,3144.33,380745,109400.0,176088.0,3163.0,3163.0,3135.7,3134.3,31716800,3447.7,2820.9,3839.9,2896.0,3139.0,33,3,3138.9,74,4,3138.8,108,4,3138.7,134,4,3138.6,279,6,3140.0,525,6,3140.1,32,1,3140.4,77,2,3140.5,123,2,3140.6,296,4
2031,2026-06-16 09:32:49+05:30,3140.0,1,3144.33,380745,109400.0,176088.0,3163.0,3163.0,3135.7,3134.3,31716800,3447.7,2820.9,3839.9,2896.0,3139.0,33,3,3138.9,74,4,3138.8,108,4,3138.7,134,4,3138.6,279,6,3140.0,525,6,3140.1,32,1,3140.4,77,2,3140.5,123,2,3140.6,296,4
2031,2026-06-16 09:32:49+05:30,3139.9,1,3144.33,380747,109406.0,177430.0,3163.0,3163.0,3135.7,3134.3,31716800,3447.7,2820.9,3839.9,2896.0,3139.0,8,2,3138.9,50,3,3138.7,40,1,3138.6,21,1,3138.5,25,1,3139.9,15,1,3140.0,661,10,3140.1,110,3,3140.2,65,1,3140.3,123,2
2031,2026-06-16 09:32:50+05:30,3139.8,1,3144.33,380747,109406.0,177430.0,3163.0,3163.0,3135.7,3134.3,31716800,3447.7,2820.9,3839.9,2896.0,3139.0,8,2,3138.9,50,3,3138.7,40,1,3138.6,21,1,3138.5,25,1,3139.9,15,1,3140.0,661,10,3140.1,110,3,3140.2,65,1,3140.3,123,2
2031,2026-06-16 09:32:50+05:30,3139.8,1,3144.33,380778,108457.0,177933.0,3163.0,3163.0,3135.7,3134.3,31716800,3447.7,2820.9,3839.9,2896.0,3139.2,27,1,3139.0,1,1,3138.9,24,2,3138.6,21,1,3138.5,25,1,3139.8,16,1,3139.9,74,5,3140.0,693,10,3140.1,171,4,3140.2,460,4
2031,2026-06-16 09:32:51+05:30,3139.2,6,3144.33,380778,108457.0,177933.0,3163.0,3163.0,3135.7,3134.3,31716800,3447.7,2820.9,3839.9,2896.0,3139.2,27,1,3139.0,1,1,3138.9,24,2,3138.6,21,1,3138.5,25,1,3139.8,16,1,3139.9,74,5,3140.0,693,10,3140.1,171,4,3140.2,460,4
2031,2026-06-16 09:32:51+05:30,3139.4,16,3144.33,380811,108927.0,178099.0,3163.0,3163.0,3135.7,3134.3,31716800,3447.7,2820.9,3839.9,2896.0,3139.2,14,2,3139.0,1,1,3138.9,24,2,3138.6,21,1,3138.5,35,2,3139.4,30,3,3139.5,75,3,3139.6,58,2,3139.7,71,4,3139.8,104,4
2031,2026-06-16 09:32:52+05:30,3139.4,6,3144.33,380811,108927.0,178099.0,3163.0,3163.0,3135.7,3134.3,31716800,3447.7,2820.9,3839.9,2896.0,3139.2,14,2,3139.0,1,1,3138.9,24,2,3138.6,21,1,3138.5,35,2,3139.4,30,3,3139.5,75,3,3139.6,58,2,3139.7,71,4,3139.8,104,4
2031,2026-06-16 09:32:53+05:30,3139.4,1,3144.33,381179,108123.0,178755.0,3163.0,3163.0,3135.7,3134.3,31716800,3447.7,2820.9,3839.9,2896.0,3139.2,1,1,3139.0,1,1,3138.9,24,2,3138.6,21,1,3138.5,35,2,3139.4,58,4,3139.5,70,5,3139.7,38,2,3139.8,224,8,3139.9,268,5
2031,2026-06-16 09:32:53+05:30,3139.4,11,3144.33,381179,108123.0,178755.0,3163.0,3163.0,3135.7,3134.3,31716800,3447.7,2820.9,3839.9,2896.0,3139.2,1,1,3139.0,1,1,3138.9,24,2,3138.6,21,1,3138.5,35,2,3139.4,58,4,3139.5,70,5,3139.7,38,2,3139.8,224,8,3139.9,268,5
2031,2026-06-16 09:32:54+05:30,3139.4,1,3144.33,381242,108026.0,178628.0,3163.0,3163.0,3135.7,3134.3,31716800,3447.7,2820.9,3839.9,2896.0,3139.0,1,1,3138.9,24,2,3138.6,21,1,3138.5,35,2,3138.1,29,2,3139.2,5,1,3139.3,86,4,3139.4,47,3,3139.5,51,3,3139.7,54,3
2031,2026-06-16 09:32:54+05:30,3139.3,1,3144.33,381242,108026.0,178628.0,3163.0,3163.0,3135.7,3134.3,31716800,3447.7,2820.9,3839.9,2896.0,3139.0,1,1,3138.9,24,2,3138.6,21,1,3138.5,35,2,3138.1,29,2,3139.2,5,1,3139.3,86,4,3139.4,47,3,3139.5,51,3,3139.7,54,3
2031,2026-06-16 09:32:55+05:30,3138.9,1,3144.32,381455,108585.0,177877.0,3163.0,3163.0,3135.7,3134.3,31716800,3447.7,2820.9,3839.9,2896.0,3139.0,67,1,3138.9,12,1,3138.6,38,2,3138.5,35,2,3138.4,46,3,3139.3,18,2,3139.4,31,2,3139.8,23,2,3139.9,17,1,3140.0,538,4
2031,2026-06-16 09:32:55+05:30,3139.3,1,3144.32,381455,108585.0,177877.0,3163.0,3163.0,3135.7,3134.3,31716800,3447.7,2820.9,3839.9,2896.0,3139.0,67,1,3138.9,12,1,3138.6,38,2,3138.5,35,2,3138.4,46,3,3139.3,18,2,3139.4,31,2,3139.8,23,2,3139.9,17,1,3140.0,538,4
2031,2026-06-16 09:32:56+05:30,3139.3,1,3144.32,381505,108626.0,178445.0,3163.0,3163.0,3135.7,3134.3,31716800,3447.7,2820.9,3839.9,2896.0,3139.0,21,2,3138.9,12,1,3138.6,21,1,3138.5,35,2,3138.3,14,1,3139.3,17,3,3139.4,27,2,3139.5,19,1,3139.6,21,1,3139.7,40,1
2031,2026-06-16 09:32:56+05:30,3139.3,1,3144.32,381505,108626.0,178445.0,3163.0,3163.0,3135.7,3134.3,31716800,3447.7,2820.9,3839.9,2896.0,3139.0,21,2,3138.9,12,1,3138.6,21,1,3138.5,35,2,3138.3,14,1,3139.3,17,3,3139.4,27,2,3139.5,19,1,3139.6,21,1,3139.7,40,1
2031,2026-06-16 09:32:57+05:30,3139.9,1,3144.32,381555,108514.0,178014.0,3163.0,3163.0,3135.7,3134.3,31716800,3447.7,2820.9,3839.9,2896.0,3139.0,9,3,3138.9,12,1,3138.6,21,1,3138.5,136,4,3138.4,25,1,3139.3,27,2,3140.0,538,4,3140.1,19,1,3140.3,126,2,3140.4,485,5
2031,2026-06-16 09:32:57+05:30,3139.9,1,3144.32,381555,108514.0,178014.0,3163.0,3163.0,3135.7,3134.3,31716800,3447.7,2820.9,3839.9,2896.0,3139.0,9,3,3138.9,12,1,3138.6,21,1,3138.5,136,4,3138.4,25,1,3139.3,27,2,3140.0,538,4,3140.1,19,1,3140.3,126,2,3140.4,485,5
2031,2026-06-16 09:32:58+05:30,3139.3,10,3144.32,381570,108706.0,178161.0,3163.0,3163.0,3135.7,3134.3,31716800,3447.7,2820.9,3839.9,2896.0,3139.0,9,3,3138.9,13,2,3138.8,29,1,3138.6,21,1,3138.5,178,5,3139.3,35,4,3140.0,590,5,3140.1,19,1,3140.2,200,1,3140.3,174,3
2031,2026-06-16 09:32:58+05:30,3139.3,10,3144.32,381570,108706.0,178161.0,3163.0,3163.0,3135.7,3134.3,31716800,3447.7,2820.9,3839.9,2896.0,3139.0,9,3,3138.9,13,2,3138.8,29,1,3138.6,21,1,3138.5,178,5,3139.3,35,4,3140.0,590,5,3140.1,19,1,3140.2,200,1,3140.3,174,3
2031,2026-06-16 09:32:59+05:30,3139.3,1,3144.32,381572,108836.0,177961.0,3163.0,3163.0,3135.7,3134.3,31716800,3447.7,2820.9,3839.9,2896.0,3139.0,9,3,3138.9,46,4,3138.8,29,1,3138.7,74,3,3138.6,276,6,3139.3,47,5,3140.0,613,6,3140.2,36,1,3140.3,78,1,3140.4,287,4
2031,2026-06-16 09:32:59+05:30,3139.3,1,3144.32,381572,108836.0,177961.0,3163.0,3163.0,3135.7,3134.3,31716800,3447.7,2820.9,3839.9,2896.0,3139.0,9,3,3138.9,46,4,3138.8,29,1,3138.7,74,3,3138.6,276,6,3139.3,47,5,3140.0,613,6,3140.2,36,1,3140.3,78,1,3140.4,287,4
2031,2026-06-16 09:33:00+05:30,3139.2,8,3144.32,381572,108836.0,177961.0,3163.0,3163.0,3135.7,3134.3,31716800,3447.7,2820.9,3839.9,2896.0,3139.0,9,3,3138.9,46,4,3138.8,29,1,3138.7,74,3,3138.6,276,6,3139.3,47,5,3140.0,613,6,3140.2,36,1,3140.3,78,1,3140.4,287,4
2031,2026-06-16 09:33:00+05:30,3139.2,8,3144.32,382102,108972.0,176942.0,3163.0,3163.0,3135.7,3134.3,31716800,3447.7,2820.9,3839.9,2896.0,3139.2,27,4,3139.1,44,2,3139.0,68,6,3138.9,128,5,3138.8,176,5,3140.0,232,7,3140.2,36,1,3140.3,36,1,3140.4,249,2,3140.8,421,3
2031,2026-06-16 09:33:01+05:30,3140.0,1,3144.32,382103,109210.0,176996.0,3163.0,3163.0,3135.7,3134.3,31716800,3447.7,2820.9,3839.9,2896.0,3139.2,93,6,3139.1,49,2,3139.0,68,6,3138.9,103,5,3138.8,173,5,3140.0,216,8,3140.2,36,1,3140.3,36,1,3140.4,249,2,3140.7,79,2
2031,2026-06-16 09:33:01+05:30,3140.0,1,3144.32,382103,109210.0,176996.0,3163.0,3163.0,3135.7,3134.3,31716800,3447.7,2820.9,3839.9,2896.0,3139.2,93,6,3139.1,49,2,3139.0,68,6,3138.9,103,5,3138.8,173,5,3140.0,216,8,3140.2,36,1,3140.3,36,1,3140.4,249,2,3140.7,79,2
2031,2026-06-16 09:33:02+05:30,3140.0,1,3144.32,382103,109210.0,176996.0,3163.0,3163.0,3135.7,3134.3,31716800,3447.7,2820.9,3839.9,2896.0,3139.2,93,6,3139.1,49,2,3139.0,68,6,3138.9,103,5,3138.8,173,5,3140.0,216,8,3140.2,36,1,3140.3,36,1,3140.4,249,2,3140.7,79,2
2031,2026-06-16 09:33:02+05:30,3140.0,1,3144.31,382159,109066.0,177402.0,3163.0,3163.0,3135.7,3134.3,31716800,3447.7,2820.9,3839.9,2896.0,3139.3,200,1,3139.2,40,3,3139.0,17,4,3138.9,13,2,3138.6,70,3,3140.0,241,11,3140.2,36,1,3140.3,37,2,3140.4,310,3,3140.5,45,1
2031,2026-06-16 09:33:03+05:30,3139.4,1,3144.31,382159,109066.0,177402.0,3163.0,3163.0,3135.7,3134.3,31716800,3447.7,2820.9,3839.9,2896.0,3139.3,200,1,3139.2,40,3,3139.0,17,4,3138.9,13,2,3138.6,70,3,3140.0,241,11,3140.2,36,1,3140.3,37,2,3140.4,310,3,3140.5,45,1
2031,2026-06-16 09:33:03+05:30,3139.4,1,3144.31,382162,109850.0,177190.0,3163.0,3163.0,3135.7,3134.3,31716800,3447.7,2820.9,3839.9,2896.0,3139.4,26,1,3139.3,242,2,3139.2,29,3,3139.1,81,2,3139.0,81,4,3140.0,265,12,3140.2,36,1,3140.3,37,2,3140.4,249,2,3140.7,145,3
2031,2026-06-16 09:33:04+05:30,3140.0,1,3144.31,382162,109850.0,177190.0,3163.0,3163.0,3135.7,3134.3,31716800,3447.7,2820.9,3839.9,2896.0,3139.4,26,1,3139.3,242,2,3139.2,29,3,3139.1,81,2,3139.0,81,4,3140.0,265,12,3140.2,36,1,3140.3,37,2,3140.4,249,2,3140.7,145,3
2031,2026-06-16 09:33:04+05:30,3140.0,1,3144.31,382171,110278.0,177415.0,3163.0,3163.0,3135.7,3134.3,31716800,3447.7,2820.9,3839.9,2896.0,3139.7,28,1,3139.3,242,2,3139.2,12,2,3139.0,142,7,3138.9,20,2,3139.9,199,1,3140.0,256,12,3140.2,36,1,3140.3,637,5,3140.4,50,1
2031,2026-06-16 09:33:05+05:30,3139.9,60,3144.31,382171,110278.0,177415.0,3163.0,3163.0,3135.7,3134.3,31716800,3447.7,2820.9,3839.9,2896.0,3139.7,28,1,3139.3,242,2,3139.2,12,2,3139.0,142,7,3138.9,20,2,3139.9,199,1,3140.0,256,12,3140.2,36,1,3140.3,637,5,3140.4,50,1
2031,2026-06-16 09:33:05+05:30,3139.9,60,3144.31,382463,110956.0,174737.0,3163.0,3163.0,3135.7,3134.3,31716800,3447.7,2820.9,3839.9,2896.0,3139.7,1,1,3139.4,15,3,3139.3,397,5,3139.2,37,3,3139.0,187,6,3140.0,223,9,3140.2,36,1,3140.3,81,2,3140.4,77,2,3140.9,40,1
2031,2026-06-16 09:33:07+05:30,3140.0,1,3144.31,382464,110693.0,176848.0,3163.0,3163.0,3135.7,3134.3,31716800,3447.7,2820.9,3839.9,2896.0,3139.7,1,1,3139.4,2,2,3139.3,257,3,3139.2,29,3,3139.1,35,2,3140.0,222,9,3140.2,36,1,3140.3,59,2,3140.4,50,1,3140.7,19,1
2031,2026-06-16 09:33:07+05:30,3140.0,1,3144.31,382464,110693.0,176848.0,3163.0,3163.0,3135.7,3134.3,31716800,3447.7,2820.9,3839.9,2896.0,3139.7,1,1,3139.4,2,2,3139.3,257,3,3139.2,29,3,3139.1,35,2,3140.0,222,9,3140.2,36,1,3140.3,59,2,3140.4,50,1,3140.7,19,1
2031,2026-06-16 09:33:08+05:30,3140.0,1,3144.31,382464,110830.0,176378.0,3163.0,3163.0,3135.7,3134.3,31716800,3447.7,2820.9,3839.9,2896.0,3139.7,37,2,3139.4,2,2,3139.3,257,3,3139.2,91,4,3139.1,60,3,3140.0,231,10,3140.2,36,1,3140.3,59,2,3140.4,50,1,3140.7,19,1
2031,2026-06-16 09:33:08+05:30,3139.7,29,3144.31,382464,110830.0,176378.0,3163.0,3163.0,3135.7,3134.3,31716800,3447.7,2820.9,3839.9,2896.0,3139.7,37,2,3139.4,2,2,3139.3,257,3,3139.2,91,4,3139.1,60,3,3140.0,231,10,3140.2,36,1,3140.3,59,2,3140.4,50,1,3140.7,19,1
2031,2026-06-16 09:33:09+05:30,3140.0,2,3144.31,382713,109779.0,176531.0,3163.0,3163.0,3135.7,3134.3,31716800,3447.7,2820.9,3839.9,2896.0,3139.5,15,1,3139.4,29,3,3139.3,42,1,3139.2,12,2,3139.1,16,1,3140.0,39,5,3140.1,19,1,3140.2,36,1,3140.3,59,2,3140.4,127,4
2031,2026-06-16 09:33:09+05:30,3140.0,3,3144.31,382713,109779.0,176531.0,3163.0,3163.0,3135.7,3134.3,31716800,3447.7,2820.9,3839.9,2896.0,3139.5,15,1,3139.4,29,3,3139.3,42,1,3139.2,12,2,3139.1,16,1,3140.0,39,5,3140.1,19,1,3140.2,36,1,3140.3,59,2,3140.4,127,4
2031,2026-06-16 09:33:09+05:30,3140.0,3,3144.31,382713,109779.0,176531.0,3163.0,3163.0,3135.7,3134.3,31716800,3447.7,2820.9,3839.9,2896.0,3139.5,15,1,3139.4,29,3,3139.3,42,1,3139.2,12,2,3139.1,16,1,3140.0,39,5,3140.1,19,1,3140.2,36,1,3140.3,59,2,3140.4,127,4
2031,2026-06-16 09:33:10+05:30,3139.9,8,3144.3,382989,109377.0,177078.0,3163.0,3163.0,3135.7,3134.3,31716800,3447.7,2820.9,3839.9,2896.0,3139.4,25,1,3139.3,42,1,3139.2,12,2,3139.1,16,1,3139.0,30,1,3139.9,47,4,3140.0,92,8,3140.1,50,3,3140.2,197,6,3140.3,200,4
2031,2026-06-16 09:33:10+05:30,3139.9,8,3144.3,382989,109377.0,177078.0,3163.0,3163.0,3135.7,3134.3,31716800,3447.7,2820.9,3839.9,2896.0,3139.4,25,1,3139.3,42,1,3139.2,12,2,3139.1,16,1,3139.0,30,1,3139.9,47,4,3140.0,92,8,3140.1,50,3,3140.2,197,6,3140.3,200,4
2031,2026-06-16 09:33:11+05:30,3139.9,8,3144.3,382989,109377.0,177078.0,3163.0,3163.0,3135.7,3134.3,31716800,3447.7,2820.9,3839.9,2896.0,3139.4,25,1,3139.3,42,1,3139.2,12,2,3139.1,16,1,3139.0,30,1,3139.9,47,4,3140.0,92,8,3140.1,50,3,3140.2,197,6,3140.3,200,4
2031,2026-06-16 09:33:11+05:30,3139.4,34,3144.3,383154,109604.0,177079.0,3163.0,3163.0,3135.7,3134.3,31716800,3447.7,2820.9,3839.9,2896.0,3139.4,27,2,3139.3,42,1,3139.2,12,2,3139.1,15,1,3139.0,30,1,3139.9,4,2,3140.0,90,8,3140.1,24,1,3140.2,103,4,3140.3,79,4
2031,2026-06-16 09:33:11+05:30,3139.4,34,3144.3,383154,109604.0,177079.0,3163.0,3163.0,3135.7,3134.3,31716800,3447.7,2820.9,3839.9,2896.0,3139.4,27,2,3139.3,42,1,3139.2,12,2,3139.1,15,1,3139.0,30,1,3139.9,4,2,3140.0,90,8,3140.1,24,1,3140.2,103,4,3140.3,79,4
2031,2026-06-16 09:33:12+05:30,3140.0,1,3144.3,383154,109604.0,177079.0,3163.0,3163.0,3135.7,3134.3,31716800,3447.7,2820.9,3839.9,2896.0,3139.4,27,2,3139.3,42,1,3139.2,12,2,3139.1,15,1,3139.0,30,1,3139.9,4,2,3140.0,90,8,3140.1,24,1,3140.2,103,4,3140.3,79,4
2031,2026-06-16 09:33:12+05:30,3140.0,1,3144.3,383158,109832.0,176874.0,3163.0,3163.0,3135.7,3134.3,31716800,3447.7,2820.9,3839.9,2896.0,3139.4,44,4,3139.3,42,1,3139.2,12,2,3139.0,90,2,3138.9,1,1,3140.0,89,8,3140.1,24,1,3140.2,103,4,3140.3,79,4,3140.4,83,2
2031,2026-06-16 09:33:13+05:30,3140.0,1,3144.3,383158,109832.0,176874.0,3163.0,3163.0,3135.7,3134.3,31716800,3447.7,2820.9,3839.9,2896.0,3139.4,44,4,3139.3,42,1,3139.2,12,2,3139.0,90,2,3138.9,1,1,3140.0,89,8,3140.1,24,1,3140.2,103,4,3140.3,79,4,3140.4,83,2
2031,2026-06-16 09:33:13+05:30,3139.4,4,3144.3,383158,109832.0,176874.0,3163.0,3163.0,3135.7,3134.3,31716800,3447.7,2820.9,3839.9,2896.0,3139.4,44,4,3139.3,42,1,3139.2,12,2,3139.0,90,2,3138.9,1,1,3140.0,89,8,3140.1,24,1,3140.2,103,4,3140.3,79,4,3140.4,83,2
2031,2026-06-16 09:33:13+05:30,3139.4,4,3144.3,383172,109850.0,176566.0,3163.0,3163.0,3135.7,3134.3,31716800,3447.7,2820.9,3839.9,2896.0,3139.4,49,4,3139.3,57,2,3139.2,65,5,3139.1,33,2,3139.0,130,4,3140.0,68,7,3140.1,24,1,3140.2,37,2,3140.3,60,3,3140.4,51,2
2031,2026-06-16 09:33:14+05:30,3139.4,4,3144.3,383172,109850.0,176566.0,3163.0,3163.0,3135.7,3134.3,31716800,3447.7,2820.9,3839.9,2896.0,3139.4,49,4,3139.3,57,2,3139.2,65,5,3139.1,33,2,3139.0,130,4,3140.0,68,7,3140.1,24,1,3140.2,37,2,3140.3,60,3,3140.4,51,2
2031,2026-06-16 09:33:14+05:30,3140.0,1,3144.3,383172,109850.0,176566.0,3163.0,3163.0,3135.7,3134.3,31716800,3447.7,2820.9,3839.9,2896.0,3139.4,49,4,3139.3,57,2,3139.2,65,5,3139.1,33,2,3139.0,130,4,3140.0,68,7,3140.1,24,1,3140.2,37,2,3140.3,60,3,3140.4,51,2
2031,2026-06-16 09:33:14+05:30,3140.0,1,3144.3,383175,109883.0,176544.0,3163.0,3163.0,3135.7,3134.3,31716800,3447.7,2820.9,3839.9,2896.0,3139.4,51,4,3139.3,42,1,3139.2,68,4,3139.1,43,2,3139.0,132,4,3140.0,82,7,3140.1,24,1,3140.2,37,2,3140.3,60,3,3140.4,51,2
2031,2026-06-16 09:33:15+05:30,3140.0,3,3144.3,383175,109883.0,176544.0,3163.0,3163.0,3135.7,3134.3,31716800,3447.7,2820.9,3839.9,2896.0,3139.4,51,4,3139.3,42,1,3139.2,68,4,3139.1,43,2,3139.0,132,4,3140.0,82,7,3140.1,24,1,3140.2,37,2,3140.3,60,3,3140.4,51,2
2031,2026-06-16 09:33:15+05:30,3139.4,3,3144.3,383187,110216.0,176506.0,3163.0,3163.0,3135.7,3134.3,31716800,3447.7,2820.9,3839.9,2896.0,3139.4,49,5,3139.3,42,1,3139.2,36,3,3139.1,65,2,3139.0,111,3,3140.0,70,6,3140.1,24,1,3140.2,37,2,3140.3,60,3,3140.4,51,2
2031,2026-06-16 09:33:16+05:30,3139.4,3,3144.3,383187,110216.0,176506.0,3163.0,3163.0,3135.7,3134.3,31716800,3447.7,2820.9,3839.9,2896.0,3139.4,49,5,3139.3,42,1,3139.2,36,3,3139.1,65,2,3139.0,111,3,3140.0,70,6,3140.1,24,1,3140.2,37,2,3140.3,60,3,3140.4,51,2
2031,2026-06-16 09:33:16+05:30,3139.4,1,3144.3,383187,110216.0,176506.0,3163.0,3163.0,3135.7,3134.3,31716800,3447.7,2820.9,3839.9,2896.0,3139.4,49,5,3139.3,42,1,3139.2,36,3,3139.1,65,2,3139.0,111,3,3140.0,70,6,3140.1,24,1,3140.2,37,2,3140.3,60,3,3140.4,51,2
2031,2026-06-16 09:33:16+05:30,3140.0,1,3144.3,383195,110443.0,176317.0,3163.0,3163.0,3135.7,3134.3,31716800,3447.7,2820.9,3839.9,2896.0,3139.4,68,6,3139.3,85,3,3139.2,81,5,3139.0,115,4,3138.9,67,4,3140.0,66,6,3140.1,24,1,3140.2,37,2,3140.3,60,3,3140.4,51,2
2031,2026-06-16 09:33:17+05:30,3140.0,1,3144.3,383195,110443.0,176317.0,3163.0,3163.0,3135.7,3134.3,31716800,3447.7,2820.9,3839.9,2896.0,3139.4,68,6,3139.3,85,3,3139.2,81,5,3139.0,115,4,3138.9,67,4,3140.0,66,6,3140.1,24,1,3140.2,37,2,3140.3,60,3,3140.4,51,2
2031,2026-06-16 09:33:17+05:30,3139.4,4,3144.3,383195,110443.0,176317.0,3163.0,3163.0,3135.7,3134.3,31716800,3447.7,2820.9,3839.9,2896.0,3139.4,68,6,3139.3,85,3,3139.2,81,5,3139.0,115,4,3138.9,67,4,3140.0,66,6,3140.1,24,1,3140.2,37,2,3140.3,60,3,3140.4,51,2
2031,2026-06-16 09:33:18+05:30,3140.0,1,3144.3,383201,110459.0,176356.0,3163.0,3163.0,3135.7,3134.3,31716800,3447.7,2820.9,3839.9,2896.0,3139.4,65,7,3139.3,57,2,3139.2,72,5,3139.1,11,1,3139.0,176,6,3140.0,64,6,3140.1,24,1,3140.2,37,2,3140.3,60,3,3140.4,51,2
2031,2026-06-16 09:33:18+05:30,3140.0,3,3144.3,383201,110459.0,176356.0,3163.0,3163.0,3135.7,3134.3,31716800,3447.7,2820.9,3839.9,2896.0,3139.4,65,7,3139.3,57,2,3139.2,72,5,3139.1,11,1,3139.0,176,6,3140.0,64,6,3140.1,24,1,3140.2,37,2,3140.3,60,3,3140.4,51,2
2031,2026-06-16 09:33:18+05:30,3140.0,3,3144.3,383201,110459.0,176356.0,3163.0,3163.0,3135.7,3134.3,31716800,3447.7,2820.9,3839.9,2896.0,3139.4,65,7,3139.3,57,2,3139.2,72,5,3139.1,11,1,3139.0,176,6,3140.0,64,6,3140.1,24,1,3140.2,37,2,3140.3,60,3,3140.4,51,2
2031,2026-06-16 09:33:19+05:30,3140.0,3,3144.3,383508,110383.0,174179.0,3163.0,3163.0,3135.7,3134.3,31716800,3447.7,2820.9,3839.9,2896.0,3139.4,141,12,3139.3,57,2,3139.2,65,5,3139.0,74,4,3138.9,141,4,3140.0,9,1,3140.1,24,1,3140.2,37,2,3140.3,60,3,3140.4,51,2
2031,2026-06-16 09:33:19+05:30,3140.0,3,3144.3,383508,110383.0,174179.0,3163.0,3163.0,3135.7,3134.3,31716800,3447.7,2820.9,3839.9,2896.0,3139.4,141,12,3139.3,57,2,3139.2,65,5,3139.0,74,4,3138.9,141,4,3140.0,9,1,3140.1,24,1,3140.2,37,2,3140.3,60,3,3140.4,51,2
2031,2026-06-16 09:33:19+05:30,3140.0,3,3144.3,383508,110383.0,174179.0,3163.0,3163.0,3135.7,3134.3,31716800,3447.7,2820.9,3839.9,2896.0,3139.4,141,12,3139.3,57,2,3139.2,65,5,3139.0,74,4,3138.9,141,4,3140.0,9,1,3140.1,24,1,3140.2,37,2,3140.3,60,3,3140.4,51,2
2031,2026-06-16 09:33:20+05:30,3140.0,3,3144.3,383508,110383.0,174179.0,3163.0,3163.0,3135.7,3134.3,31716800,3447.7,2820.9,3839.9,2896.0,3139.4,141,12,3139.3,57,2,3139.2,65,5,3139.0,74,4,3138.9,141,4,3140.0,9,1,3140.1,24,1,3140.2,37,2,3140.3,60,3,3140.4,51,2
2031,2026-06-16 09:33:20+05:30,3140.0,1,3144.3,383513,111029.0,176388.0,3163.0,3163.0,3135.7,3134.3,31716800,3447.7,2820.9,3839.9,2896.0,3139.4,165,12,3139.3,88,3,3139.2,65,5,3139.0,74,4,3138.9,119,4,3140.0,26,2,3140.1,24,1,3140.2,38,3,3140.3,60,3,3140.4,51,2
2031,2026-06-16 09:33:20+05:30,3140.0,1,3144.3,383513,111029.0,176388.0,3163.0,3163.0,3135.7,3134.3,31716800,3447.7,2820.9,3839.9,2896.0,3139.4,165,12,3139.3,88,3,3139.2,65,5,3139.0,74,4,3138.9,119,4,3140.0,26,2,3140.1,24,1,3140.2,38,3,3140.3,60,3,3140.4,51,2
2031,2026-06-16 09:33:20+05:30,3140.0,1,3144.3,383513,111029.0,176388.0,3163.0,3163.0,3135.7,3134.3,31716800,3447.7,2820.9,3839.9,2896.0,3139.4,165,12,3139.3,88,3,3139.2,65,5,3139.0,74,4,3138.9,119,4,3140.0,26,2,3140.1,24,1,3140.2,38,3,3140.3,60,3,3140.4,51,2
2031,2026-06-16 09:33:21+05:30,3140.0,1,3144.3,383513,111029.0,176388.0,3163.0,3163.0,3135.7,3134.3,31716800,3447.7,2820.9,3839.9,2896.0,3139.4,165,12,3139.3,88,3,3139.2,65,5,3139.0,74,4,3138.9,119,4,3140.0,26,2,3140.1,24,1,3140.2,38,3,3140.3,60,3,3140.4,51,2
2031,2026-06-16 09:33:21+05:30,3140.0,3,3144.3,383513,111029.0,176388.0,3163.0,3163.0,3135.7,3134.3,31716800,3447.7,2820.9,3839.9,2896.0,3139.4,165,12,3139.3,88,3,3139.2,65,5,3139.0,74,4,3138.9,119,4,3140.0,26,2,3140.1,24,1,3140.2,38,3,3140.3,60,3,3140.4,51,2
2031,2026-06-16 09:33:21+05:30,3140.0,3,3144.3,383648,110736.0,176606.0,3163.0,3163.0,3135.7,3134.3,31716800,3447.7,2820.9,3839.9,2896.0,3139.4,77,7,3139.3,42,1,3139.2,29,3,3139.1,61,2,3139.0,76,4,3140.0,130,5,3140.1,24,1,3140.2,38,3,3140.3,1,1,3140.4,1,1
2031,2026-06-16 09:33:21+05:30,3140.0,3,3144.3,383648,110736.0,176606.0,3163.0,3163.0,3135.7,3134.3,31716800,3447.7,2820.9,3839.9,2896.0,3139.4,77,7,3139.3,42,1,3139.2,29,3,3139.1,61,2,3139.0,76,4,3140.0,130,5,3140.1,24,1,3140.2,38,3,3140.3,1,1,3140.4,1,1
2031,2026-06-16 09:33:22+05:30,3140.0,20,3144.3,383648,110736.0,176606.0,3163.0,3163.0,3135.7,3134.3,31716800,3447.7,2820.9,3839.9,2896.0,3139.4,77,7,3139.3,42,1,3139.2,29,3,3139.1,61,2,3139.0,76,4,3140.0,130,5,3140.1,24,1,3140.2,38,3,3140.3,1,1,3140.4,1,1
2031,2026-06-16 09:33:22+05:30,3140.0,20,3144.3,383748,110299.0,174445.0,3163.0,3163.0,3135.7,3134.3,31716800,3447.7,2820.9,3839.9,2896.0,3139.7,28,1,3139.4,48,6,3139.3,42,1,3139.2,64,3,3139.1,61,2,3140.0,77,5,3140.1,24,1,3140.2,38,3,3140.3,1,1,3140.4,1,1
2031,2026-06-16 09:33:22+05:30,3140.0,20,3144.3,383748,110299.0,174445.0,3163.0,3163.0,3135.7,3134.3,31716800,3447.7,2820.9,3839.9,2896.0,3139.7,28,1,3139.4,48,6,3139.3,42,1,3139.2,64,3,3139.1,61,2,3140.0,77,5,3140.1,24,1,3140.2,38,3,3140.3,1,1,3140.4,1,1
2031,2026-06-16 09:33:23+05:30,3140.0,20,3144.3,383748,110299.0,174445.0,3163.0,3163.0,3135.7,3134.3,31716800,3447.7,2820.9,3839.9,2896.0,3139.7,28,1,3139.4,48,6,3139.3,42,1,3139.2,64,3,3139.1,61,2,3140.0,77,5,3140.1,24,1,3140.2,38,3,3140.3,1,1,3140.4,1,1
2031,2026-06-16 09:33:23+05:30,3140.0,1,3144.3,383748,110299.0,174445.0,3163.0,3163.0,3135.7,3134.3,31716800,3447.7,2820.9,3839.9,2896.0,3139.7,28,1,3139.4,48,6,3139.3,42,1,3139.2,64,3,3139.1,61,2,3140.0,77,5,3140.1,24,1,3140.2,38,3,3140.3,1,1,3140.4,1,1
2031,2026-06-16 09:33:23+05:30,3140.0,1,3144.3,383750,110343.0,176127.0,3163.0,3163.0,3135.7,3134.3,31716800,3447.7,2820.9,3839.9,2896.0,3139.7,28,1,3139.4,48,6,3139.3,42,1,3139.2,64,3,3139.1,42,1,3140.0,94,5,3140.1,111,2,3140.2,38,3,3140.3,1,1,3140.4,1,1
2031,2026-06-16 09:33:24+05:30,3140.0,1,3144.3,383750,110343.0,176127.0,3163.0,3163.0,3135.7,3134.3,31716800,3447.7,2820.9,3839.9,2896.0,3139.7,28,1,3139.4,48,6,3139.3,42,1,3139.2,64,3,3139.1,42,1,3140.0,94,5,3140.1,111,2,3140.2,38,3,3140.3,1,1,3140.4,1,1
2031,2026-06-16 09:33:24+05:30,3140.0,1,3144.3,383750,110343.0,176127.0,3163.0,3163.0,3135.7,3134.3,31716800,3447.7,2820.9,3839.9,2896.0,3139.7,28,1,3139.4,48,6,3139.3,42,1,3139.2,64,3,3139.1,42,1,3140.0,94,5,3140.1,111,2,3140.2,38,3,3140.3,1,1,3140.4,1,1
2031,2026-06-16 09:33:24+05:30,3140.0,1,3144.3,383750,110343.0,176127.0,3163.0,3163.0,3135.7,3134.3,31716800,3447.7,2820.9,3839.9,2896.0,3139.7,28,1,3139.4,48,6,3139.3,42,1,3139.2,64,3,3139.1,42,1,3140.0,94,5,3140.1,111,2,3140.2,38,3,3140.3,1,1,3140.4,1,1
2031,2026-06-16 09:33:24+05:30,3140.1,1,3144.29,383923,111490.0,176630.0,3163.0,3163.0,3135.7,3134.3,31716800,3447.7,2820.9,3839.9,2896.0,3140.0,150,1,3139.7,40,1,3139.4,58,6,3139.3,42,1,3139.2,62,3,3140.1,86,1,3140.2,38,3,3140.3,1,1,3140.4,1,1,3140.5,40,2
2031,2026-06-16 09:33:25+05:30,3140.1,8,3144.29,383923,111490.0,176630.0,3163.0,3163.0,3135.7,3134.3,31716800,3447.7,2820.9,3839.9,2896.0,3140.0,150,1,3139.7,40,1,3139.4,58,6,3139.3,42,1,3139.2,62,3,3140.1,86,1,3140.2,38,3,3140.3,1,1,3140.4,1,1,3140.5,40,2
2031,2026-06-16 09:33:25+05:30,3140.1,8,3144.29,383923,111490.0,176630.0,3163.0,3163.0,3135.7,3134.3,31716800,3447.7,2820.9,3839.9,2896.0,3140.0,150,1,3139.7,40,1,3139.4,58,6,3139.3,42,1,3139.2,62,3,3140.1,86,1,3140.2,38,3,3140.3,1,1,3140.4,1,1,3140.5,40,2
2031,2026-06-16 09:33:26+05:30,3139.7,11,3144.29,384535,110066.0,177072.0,3163.0,3163.0,3135.7,3134.3,31716800,3447.7,2820.9,3839.9,2896.0,3139.4,42,3,3139.2,1,1,3139.0,34,2,3138.7,21,1,3138.6,21,1,3140.1,73,6,3140.2,82,5,3140.3,3,2,3140.4,85,4,3140.5,201,2
2031,2026-06-16 09:33:26+05:30,3139.7,11,3144.29,384535,110066.0,177072.0,3163.0,3163.0,3135.7,3134.3,31716800,3447.7,2820.9,3839.9,2896.0,3139.4,42,3,3139.2,1,1,3139.0,34,2,3138.7,21,1,3138.6,21,1,3140.1,73,6,3140.2,82,5,3140.3,3,2,3140.4,85,4,3140.5,201,2
2031,2026-06-16 09:33:26+05:30,3139.7,11,3144.29,384535,110066.0,177072.0,3163.0,3163.0,3135.7,3134.3,31719200,3447.7,2820.9,3839.9,2896.0,3139.4,42,3,3139.2,1,1,3139.0,34,2,3138.7,21,1,3138.6,21,1,3140.1,73,6,3140.2,82,5,3140.3,3,2,3140.4,85,4,3140.5,201,2
2031,2026-06-16 09:33:27+05:30,3139.6,24,3144.28,385323,110029.0,177436.0,3163.0,3163.0,3135.7,3134.3,31719200,3447.7,2820.9,3839.9,2896.0,3139.2,68,2,3139.0,34,2,3138.6,21,1,3138.5,35,2,3138.3,35,2,3139.6,201,4,3139.9,19,1,3140.0,71,5,3140.1,92,6,3140.2,74,5
2031,2026-06-16 09:33:27+05:30,3139.2,1,3144.28,385323,110029.0,177436.0,3163.0,3163.0,3135.7,3134.3,31719200,3447.7,2820.9,3839.9,2896.0,3139.2,68,2,3139.0,34,2,3138.6,21,1,3138.5,35,2,3138.3,35,2,3139.6,201,4,3139.9,19,1,3140.0,71,5,3140.1,92,6,3140.2,74,5
2031,2026-06-16 09:33:28+05:30,3139.6,1,3144.27,385534,110433.0,177151.0,3163.0,3163.0,3135.7,3134.3,31719200,3447.7,2820.9,3839.9,2896.0,3139.2,123,3,3139.1,24,1,3139.0,34,2,3138.8,67,3,3138.7,123,3,3139.6,201,4,3140.0,23,2,3140.1,38,4,3140.2,38,3,3140.3,1,1
2031,2026-06-16 09:33:28+05:30,3139.6,72,3144.27,385534,110433.0,177151.0,3163.0,3163.0,3135.7,3134.3,31719200,3447.7,2820.9,3839.9,2896.0,3139.2,123,3,3139.1,24,1,3139.0,34,2,3138.8,67,3,3138.7,123,3,3139.6,201,4,3140.0,23,2,3140.1,38,4,3140.2,38,3,3140.3,1,1
2031,2026-06-16 09:33:29+05:30,3139.3,22,3144.27,385628,110463.0,177536.0,3163.0,3163.0,3135.7,3134.3,31719200,3447.7,2820.9,3839.9,2896.0,3139.2,123,3,3139.0,34,2,3138.6,67,4,3138.5,35,2,3138.4,128,3,3139.3,71,1,3139.4,30,1,3139.6,36,3,3139.9,159,2,3140.0,23,2
2031,2026-06-16 09:33:29+05:30,3139.3,22,3144.27,385628,110463.0,177536.0,3163.0,3163.0,3135.7,3134.3,31719200,3447.7,2820.9,3839.9,2896.0,3139.2,123,3,3139.0,34,2,3138.6,67,4,3138.5,35,2,3138.4,128,3,3139.3,71,1,3139.4,30,1,3139.6,36,3,3139.9,159,2,3140.0,23,2
2031,2026-06-16 09:33:30+05:30,3139.3,2,3144.27,385859,110189.0,177286.0,3163.0,3163.0,3135.7,3134.3,31719200,3447.7,2820.9,3839.9,2896.0,3139.2,62,4,3139.0,34,2,3138.6,21,1,3138.5,35,2,3138.3,35,2,3139.3,68,4,3139.4,30,1,3139.6,10,1,3139.9,140,1,3140.0,23,2
2031,2026-06-16 09:33:30+05:30,3139.3,2,3144.27,385859,110189.0,177286.0,3163.0,3163.0,3135.7,3134.3,31719200,3447.7,2820.9,3839.9,2896.0,3139.2,62,4,3139.0,34,2,3138.6,21,1,3138.5,35,2,3138.3,35,2,3139.3,68,4,3139.4,30,1,3139.6,10,1,3139.9,140,1,3140.0,23,2
2031,2026-06-16 09:33:31+05:30,3139.4,6,3144.27,385859,110189.0,177286.0,3163.0,3163.0,3135.7,3134.3,31719200,3447.7,2820.9,3839.9,2896.0,3139.2,62,4,3139.0,34,2,3138.6,21,1,3138.5,35,2,3138.3,35,2,3139.3,68,4,3139.4,30,1,3139.6,10,1,3139.9,140,1,3140.0,23,2
2031,2026-06-16 09:33:31+05:30,3139.4,6,3144.27,385941,110485.0,177368.0,3163.0,3163.0,3135.7,3134.3,31719200,3447.7,2820.9,3839.9,2896.0,3139.2,188,6,3139.0,34,2,3138.9,43,2,3138.8,10,1,3138.7,61,2,3139.3,26,1,3139.4,24,1,3139.6,10,1,3139.9,141,2,3140.0,22,1
2031,2026-06-16 09:33:32+05:30,3139.2,1,3144.27,385941,110485.0,177368.0,3163.0,3163.0,3135.7,3134.3,31719200,3447.7,2820.9,3839.9,2896.0,3139.2,188,6,3139.0,34,2,3138.9,43,2,3138.8,10,1,3138.7,61,2,3139.3,26,1,3139.4,24,1,3139.6,10,1,3139.9,141,2,3140.0,22,1
2031,2026-06-16 09:33:32+05:30,3139.2,1,3144.27,385968,110530.0,177204.0,3163.0,3163.0,3135.7,3134.3,31719200,3447.7,2820.9,3839.9,2896.0,3139.2,236,7,3139.0,58,3,3138.8,48,2,3138.7,16,2,3138.6,107,4,3139.3,43,1,3139.4,25,2,3139.6,10,1,3139.9,140,1,3140.0,25,2
2031,2026-06-16 09:33:33+05:30,3139.3,1,3144.27,385968,110530.0,177204.0,3163.0,3163.0,3135.7,3134.3,31719200,3447.7,2820.9,3839.9,2896.0,3139.2,236,7,3139.0,58,3,3138.8,48,2,3138.7,16,2,3138.6,107,4,3139.3,43,1,3139.4,25,2,3139.6,10,1,3139.9,140,1,3140.0,25,2
2031,2026-06-16 09:33:33+05:30,3139.3,1,3144.27,385969,110526.0,177409.0,3163.0,3163.0,3135.7,3134.3,31719200,3447.7,2820.9,3839.9,2896.0,3139.2,247,8,3139.0,58,3,3138.8,48,2,3138.7,58,3,3138.6,88,3,3139.3,42,1,3139.4,25,2,3139.6,10,1,3139.9,140,1,3140.0,25,2
2031,2026-06-16 09:33:34+05:30,3139.4,1,3144.27,385969,110526.0,177409.0,3163.0,3163.0,3135.7,3134.3,31719200,3447.7,2820.9,3839.9,2896.0,3139.2,247,8,3139.0,58,3,3138.8,48,2,3138.7,58,3,3138.6,88,3,3139.3,42,1,3139.4,25,2,3139.6,10,1,3139.9,140,1,3140.0,25,2
2031,2026-06-16 09:33:34+05:30,3139.4,1,3144.27,386019,110475.0,176889.0,3163.0,3163.0,3135.7,3134.3,31719200,3447.7,2820.9,3839.9,2896.0,3139.3,21,1,3139.2,232,8,3139.0,42,3,3138.9,34,2,3138.8,48,2,3139.4,31,2,3139.6,10,1,3139.9,140,1,3140.0,25,2,3140.1,1,1
2031,2026-06-16 09:33:35+05:30,3139.4,38,3144.27,386019,110475.0,176889.0,3163.0,3163.0,3135.7,3134.3,31719200,3447.7,2820.9,3839.9,2896.0,3139.3,21,1,3139.2,232,8,3139.0,42,3,3138.9,34,2,3138.8,48,2,3139.4,31,2,3139.6,10,1,3139.9,140,1,3140.0,25,2,3140.1,1,1
2031,2026-06-16 09:33:35+05:30,3139.3,96,3144.27,386215,110712.0,176650.0,3163.0,3163.0,3135.7,3134.3,31719200,3447.7,2820.9,3839.9,2896.0,3139.3,60,2,3139.2,232,8,3139.0,61,4,3138.9,34,2,3138.8,109,4,3139.4,30,1,3139.6,10,1,3139.9,140,1,3140.0,25,2,3140.1,1,1
2031,2026-06-16 09:33:36+05:30,3139.4,147,3144.27,386215,110712.0,176650.0,3163.0,3163.0,3135.7,3134.3,31719200,3447.7,2820.9,3839.9,2896.0,3139.3,60,2,3139.2,232,8,3139.0,61,4,3138.9,34,2,3138.8,109,4,3139.4,30,1,3139.6,10,1,3139.9,140,1,3140.0,25,2,3140.1,1,1
2031,2026-06-16 09:33:37+05:30,3139.4,147,3144.26,386387,110871.0,177250.0,3163.0,3163.0,3135.7,3134.3,31719200,3447.7,2820.9,3839.9,2896.0,3139.5,1,1,3139.3,94,4,3139.2,190,7,3139.1,10,1,3139.0,103,5,3139.6,10,1,3139.9,140,1,3140.0,25,2,3140.1,1,1,3140.3,200,1
2031,2026-06-16 09:33:37+05:30,3139.5,1,3144.26,386387,110871.0,177250.0,3163.0,3163.0,3135.7,3134.3,31719200,3447.7,2820.9,3839.9,2896.0,3139.5,1,1,3139.3,94,4,3139.2,190,7,3139.1,10,1,3139.0,103,5,3139.6,10,1,3139.9,140,1,3140.0,25,2,3140.1,1,1,3140.3,200,1
2031,2026-06-16 09:33:37+05:30,3139.6,10,3144.26,386408,110967.0,177349.0,3163.0,3163.0,3135.7,3134.3,31719200,3447.7,2820.9,3839.9,2896.0,3139.5,44,1,3139.3,102,7,3139.2,230,10,3139.1,10,1,3139.0,135,6,3139.6,7,2,3139.9,140,1,3140.0,24,2,3140.3,232,2,3140.4,200,1
2031,2026-06-16 09:33:38+05:30,3139.9,12,3144.26,386408,110967.0,177349.0,3163.0,3163.0,3135.7,3134.3,31719200,3447.7,2820.9,3839.9,2896.0,3139.5,44,1,3139.3,102,7,3139.2,230,10,3139.1,10,1,3139.0,135,6,3139.6,7,2,3139.9,140,1,3140.0,24,2,3140.3,232,2,3140.4,200,1
2031,2026-06-16 09:33:39+05:30,3139.6,1,3144.26,386438,111001.0,177727.0,3163.0,3163.0,3135.7,3134.3,31719200,3447.7,2820.9,3839.9,2896.0,3139.5,44,1,3139.3,104,8,3139.2,230,10,3139.1,10,1,3139.0,93,5,3139.6,18,2,3139.9,128,1,3140.0,24,2,3140.3,232,2,3140.4,232,2
2031,2026-06-16 09:33:39+05:30,3139.6,1,3144.26,386438,111001.0,177727.0,3163.0,3163.0,3135.7,3134.3,31719200,3447.7,2820.9,3839.9,2896.0,3139.5,44,1,3139.3,104,8,3139.2,230,10,3139.1,10,1,3139.0,93,5,3139.6,18,2,3139.9,128,1,3140.0,24,2,3140.3,232,2,3140.4,232,2
2031,2026-06-16 09:33:40+05:30,3139.6,5,3144.26,386461,111055.0,177614.0,3163.0,3163.0,3135.7,3134.3,31719200,3447.7,2820.9,3839.9,2896.0,3139.6,6,1,3139.5,66,3,3139.4,24,1,3139.3,51,5,3139.2,201,7,3139.9,128,1,3140.0,24,2,3140.3,232,2,3140.4,232,2,3140.6,78,1
2031,2026-06-16 09:33:40+05:30,3139.9,8,3144.26,386461,111055.0,177614.0,3163.0,3163.0,3135.7,3134.3,31719200,3447.7,2820.9,3839.9,2896.0,3139.6,6,1,3139.5,66,3,3139.4,24,1,3139.3,51,5,3139.2,201,7,3139.9,128,1,3140.0,24,2,3140.3,232,2,3140.4,232,2,3140.6,78,1
2031,2026-06-16 09:33:41+05:30,3139.6,77,3144.26,387000,110569.0,177613.0,3163.0,3163.0,3135.7,3134.3,31719200,3447.7,2820.9,3839.9,2896.0,3139.5,59,3,3139.3,45,4,3139.2,63,3,3139.0,34,2,3138.9,24,1,3139.6,69,1,3139.9,132,3,3140.0,23,2,3140.2,1,1,3140.3,233,3
2031,2026-06-16 09:33:41+05:30,3139.6,4,3144.26,387000,110569.0,177613.0,3163.0,3163.0,3135.7,3134.3,31719200,3447.7,2820.9,3839.9,2896.0,3139.5,59,3,3139.3,45,4,3139.2,63,3,3139.0,34,2,3138.9,24,1,3139.6,69,1,3139.9,132,3,3140.0,23,2,3140.2,1,1,3140.3,233,3
2031,2026-06-16 09:33:42+05:30,3140.0,4,3144.25,387193,111440.0,176550.0,3163.0,3163.0,3135.7,3134.3,31719200,3447.7,2820.9,3839.9,2896.0,3139.5,29,3,3139.4,24,2,3139.3,69,5,3139.2,79,4,3139.1,42,1,3140.0,20,3,3140.2,1,1,3140.3,33,2,3140.6,1,1,3140.7,1,1
2031,2026-06-16 09:33:42+05:30,3139.5,13,3144.25,387193,111440.0,176550.0,3163.0,3163.0,3135.7,3134.3,31719200,3447.7,2820.9,3839.9,2896.0,3139.5,29,3,3139.4,24,2,3139.3,69,5,3139.2,79,4,3139.1,42,1,3140.0,20,3,3140.2,1,1,3140.3,33,2,3140.6,1,1,3140.7,1,1
2031,2026-06-16 09:33:43+05:30,3139.6,1,3144.25,387216,112447.0,176829.0,3163.0,3163.0,3135.7,3134.3,31719200,3447.7,2820.9,3839.9,2896.0,3139.6,142,4,3139.5,23,2,3139.4,93,5,3139.3,59,5,3139.2,184,8,3140.0,18,2,3140.2,1,1,3140.3,33,2,3140.6,1,1,3140.7,1,1
2031,2026-06-16 09:33:43+05:30,3139.6,1,3144.25,387216,112447.0,176829.0,3163.0,3163.0,3135.7,3134.3,31719200,3447.7,2820.9,3839.9,2896.0,3139.6,142,4,3139.5,23,2,3139.4,93,5,3139.3,59,5,3139.2,184,8,3140.0,18,2,3140.2,1,1,3140.3,33,2,3140.6,1,1,3140.7,1,1
2031,2026-06-16 09:33:44+05:30,3140.0,1,3144.25,387217,112495.0,176794.0,3163.0,3163.0,3135.7,3134.3,31719200,3447.7,2820.9,3839.9,2896.0,3139.6,211,7,3139.5,33,3,3139.4,158,6,3139.3,78,6,3139.2,165,7,3140.0,54,3,3140.2,1,1,3140.3,33,2,3140.6,1,1,3140.7,1,1
2031,2026-06-16 09:33:44+05:30,3140.0,1,3144.25,387217,112495.0,176794.0,3163.0,3163.0,3135.7,3134.3,31719200,3447.7,2820.9,3839.9,2896.0,3139.6,211,7,3139.5,33,3,3139.4,158,6,3139.3,78,6,3139.2,165,7,3140.0,54,3,3140.2,1,1,3140.3,33,2,3140.6,1,1,3140.7,1,1
2031,2026-06-16 09:33:45+05:30,3139.6,12,3144.25,387314,112755.0,176104.0,3163.0,3163.0,3135.7,3134.3,31719200,3447.7,2820.9,3839.9,2896.0,3139.8,11,3,3139.6,142,9,3139.5,10,1,3139.4,81,4,3139.3,110,6,3140.3,33,2,3140.6,1,1,3140.7,1,1,3140.8,1,1,3140.9,1,1
2031,2026-06-16 09:33:45+05:30,3139.6,12,3144.25,387314,112755.0,176104.0,3163.0,3163.0,3135.7,3134.3,31719200,3447.7,2820.9,3839.9,2896.0,3139.8,11,3,3139.6,142,9,3139.5,10,1,3139.4,81,4,3139.3,110,6,3140.3,33,2,3140.6,1,1,3140.7,1,1,3140.8,1,1,3140.9,1,1
2031,2026-06-16 09:33:46+05:30,3140.3,4,3144.25,387314,112755.0,176104.0,3163.0,3163.0,3135.7,3134.3,31719200,3447.7,2820.9,3839.9,2896.0,3139.8,11,3,3139.6,142,9,3139.5,10,1,3139.4,81,4,3139.3,110,6,3140.3,33,2,3140.6,1,1,3140.7,1,1,3140.8,1,1,3140.9,1,1
2031,2026-06-16 09:33:46+05:30,3140.3,4,3144.25,387339,113415.0,175179.0,3163.0,3163.0,3135.7,3134.3,31719200,3447.7,2820.9,3839.9,2896.0,3140.0,167,6,3139.9,8,1,3139.8,50,6,3139.7,173,4,3139.6,149,9,3140.3,7,1,3141.0,312,2,3141.3,32,2,3141.4,33,2,3141.5,78,1
2031,2026-06-16 09:33:47+05:30,3140.3,4,3144.25,387339,113415.0,175179.0,3163.0,3163.0,3135.7,3134.3,31719200,3447.7,2820.9,3839.9,2896.0,3140.0,167,6,3139.9,8,1,3139.8,50,6,3139.7,173,4,3139.6,149,9,3140.3,7,1,3141.0,312,2,3141.3,32,2,3141.4,33,2,3141.5,78,1
2031,2026-06-16 09:33:47+05:30,3140.3,4,3144.25,387357,113155.0,175667.0,3163.0,3163.0,3135.7,3134.3,31719200,3447.7,2820.9,3839.9,2896.0,3140.0,138,5,3139.8,11,3,3139.7,12,1,3139.6,172,10,3139.5,20,2,3140.3,46,3,3141.0,352,3,3141.3,127,4,3141.4,51,3,3141.5,78,1
2031,2026-06-16 09:33:48+05:30,3140.0,6,3144.25,387357,113155.0,175667.0,3163.0,3163.0,3135.7,3134.3,31719200,3447.7,2820.9,3839.9,2896.0,3140.0,138,5,3139.8,11,3,3139.7,12,1,3139.6,172,10,3139.5,20,2,3140.3,46,3,3141.0,352,3,3141.3,127,4,3141.4,51,3,3141.5,78,1
2031,2026-06-16 09:33:48+05:30,3140.0,6,3144.25,387578,112593.0,176455.0,3163.0,3163.0,3135.7,3134.3,31719200,3447.7,2820.9,3839.9,2896.0,3140.0,91,3,3139.8,2,2,3139.6,165,9,3139.5,53,3,3139.4,28,2,3140.3,47,4,3141.0,430,4,3141.1,19,1,3141.3,210,6,3141.4,390,6
2031,2026-06-16 09:33:49+05:30,3140.3,1,3144.25,387578,112593.0,176455.0,3163.0,3163.0,3135.7,3134.3,31719200,3447.7,2820.9,3839.9,2896.0,3140.0,91,3,3139.8,2,2,3139.6,165,9,3139.5,53,3,3139.4,28,2,3140.3,47,4,3141.0,430,4,3141.1,19,1,3141.3,210,6,3141.4,390,6
2031,2026-06-16 09:33:49+05:30,3140.3,1,3144.25,387608,112646.0,176602.0,3163.0,3163.0,3135.7,3134.3,31719200,3447.7,2820.9,3839.9,2896.0,3140.0,62,3,3139.8,2,2,3139.7,29,1,3139.6,113,7,3139.5,11,2,3140.3,47,5,3140.8,58,2,3140.9,61,3,3141.0,488,6,3141.1,37,1
2031,2026-06-16 09:33:50+05:30,3140.3,1,3144.25,387608,112646.0,176602.0,3163.0,3163.0,3135.7,3134.3,31719200,3447.7,2820.9,3839.9,2896.0,3140.0,62,3,3139.8,2,2,3139.7,29,1,3139.6,113,7,3139.5,11,2,3140.3,47,5,3140.8,58,2,3140.9,61,3,3141.0,488,6,3141.1,37,1
2031,2026-06-16 09:33:50+05:30,3140.3,1,3144.25,387609,112969.0,176253.0,3163.0,3163.0,3135.7,3134.3,31719200,3447.7,2820.9,3839.9,2896.0,3140.1,6,3,3140.0,182,6,3139.9,28,1,3139.8,61,2,3139.7,12,1,3140.3,46,5,3140.8,17,1,3140.9,19,2,3141.0,374,4,3141.2,39,1
2031,2026-06-16 09:33:51+05:30,3140.3,1,3144.25,387609,112969.0,176253.0,3163.0,3163.0,3135.7,3134.3,31719200,3447.7,2820.9,3839.9,2896.0,3140.1,6,3,3140.0,182,6,3139.9,28,1,3139.8,61,2,3139.7,12,1,3140.3,46,5,3140.8,17,1,3140.9,19,2,3141.0,374,4,3141.2,39,1
2031,2026-06-16 09:33:51+05:30,3140.3,17,3144.25,387650,113127.0,176066.0,3163.0,3163.0,3135.7,3134.3,31719200,3447.7,2820.9,3839.9,2896.0,3140.2,45,2,3140.1,40,3,3140.0,170,6,3139.9,10,1,3139.8,24,1,3140.3,57,5,3140.8,17,1,3140.9,18,1,3141.0,374,4,3141.2,39,1
2031,2026-06-16 09:33:52+05:30,3140.3,7,3144.25,387650,113127.0,176066.0,3163.0,3163.0,3135.7,3134.3,31719200,3447.7,2820.9,3839.9,2896.0,3140.2,45,2,3140.1,40,3,3140.0,170,6,3139.9,10,1,3139.8,24,1,3140.3,57,5,3140.8,17,1,3140.9,18,1,3141.0,374,4,3141.2,39,1
2031,2026-06-16 09:33:53+05:30,3140.8,2,3144.25,387772,113123.0,176053.0,3163.0,3163.0,3135.7,3134.3,31719200,3447.7,2820.9,3839.9,2896.0,3140.2,15,1,3140.1,40,3,3140.0,170,6,3139.9,27,1,3139.8,15,1,3140.8,15,1,3140.9,18,1,3141.0,374,4,3141.1,30,1,3141.2,39,1
2031,2026-06-16 09:33:53+05:30,3140.8,2,3144.25,387772,113123.0,176053.0,3163.0,3163.0,3135.7,3134.3,31719200,3447.7,2820.9,3839.9,2896.0,3140.2,15,1,3140.1,40,3,3140.0,170,6,3139.9,27,1,3139.8,15,1,3140.8,15,1,3140.9,18,1,3141.0,374,4,3141.1,30,1,3141.2,39,1
2031,2026-06-16 09:33:54+05:30,3140.8,2,3144.25,387772,113115.0,176405.0,3163.0,3163.0,3135.7,3134.3,31719200,3447.7,2820.9,3839.9,2896.0,3140.2,54,3,3140.1,40,3,3140.0,186,7,3139.9,31,2,3139.6,147,7,3140.3,14,1,3140.7,63,1,3140.8,16,2,3140.9,18,1,3141.0,374,4
2031,2026-06-16 09:33:54+05:30,3140.3,3,3144.25,387772,113115.0,176405.0,3163.0,3163.0,3135.7,3134.3,31719200,3447.7,2820.9,3839.9,2896.0,3140.2,54,3,3140.1,40,3,3140.0,186,7,3139.9,31,2,3139.6,147,7,3140.3,14,1,3140.7,63,1,3140.8,16,2,3140.9,18,1,3141.0,374,4
2031,2026-06-16 09:33:55+05:30,3140.3,9,3144.25,387785,113394.0,176167.0,3163.0,3163.0,3135.7,3134.3,31719200,3447.7,2820.9,3839.9,2896.0,3140.2,99,7,3140.1,40,3,3140.0,166,5,3139.9,12,2,3139.7,43,2,3140.7,23,1,3140.8,16,2,3140.9,18,1,3141.0,312,2,3141.3,113,3
2031,2026-06-16 09:33:55+05:30,3140.2,1,3144.25,387785,113394.0,176167.0,3163.0,3163.0,3135.7,3134.3,31719200,3447.7,2820.9,3839.9,2896.0,3140.2,99,7,3140.1,40,3,3140.0,166,5,3139.9,12,2,3139.7,43,2,3140.7,23,1,3140.8,16,2,3140.9,18,1,3141.0,312,2,3141.3,113,3
2031,2026-06-16 09:33:56+05:30,3140.7,1,3144.25,387891,113338.0,175470.0,3163.0,3163.0,3135.7,3134.3,31719200,3447.7,2820.9,3839.9,2896.0,3140.2,98,7,3140.1,38,1,3140.0,166,5,3139.9,4,1,3139.7,115,3,3140.7,5,1,3140.9,19,2,3141.0,352,3,3141.1,58,2,3141.3,98,3
2031,2026-06-16 09:33:56+05:30,3140.7,1,3144.25,387891,113338.0,175470.0,3163.0,3163.0,3135.7,3134.3,31719200,3447.7,2820.9,3839.9,2896.0,3140.2,98,7,3140.1,38,1,3140.0,166,5,3139.9,4,1,3139.7,115,3,3140.7,5,1,3140.9,19,2,3141.0,352,3,3141.1,58,2,3141.3,98,3
2031,2026-06-16 09:33:57+05:30,3140.7,1,3144.25,387891,113397.0,175766.0,3163.0,3163.0,3135.7,3134.3,31719200,3447.7,2820.9,3839.9,2896.0,3140.2,98,7,3140.1,38,1,3140.0,166,5,3139.9,4,1,3139.6,55,5,3140.7,5,1,3140.9,101,5,3141.0,352,3,3141.1,60,2,3141.2,58,2
2031,2026-06-16 09:33:58+05:30,3140.7,12,3144.25,387992,113644.0,175891.0,3163.0,3163.0,3135.7,3134.3,31719200,3447.7,2820.9,3839.9,2896.0,3140.4,36,2,3140.2,59,5,3140.1,38,1,3140.0,164,5,3139.9,4,1,3140.7,6,1,3140.9,19,2,3141.0,391,4,3141.1,30,1,3141.2,58,2
2031,2026-06-16 09:33:58+05:30,3140.4,11,3144.25,387992,113644.0,175891.0,3163.0,3163.0,3135.7,3134.3,31719200,3447.7,2820.9,3839.9,2896.0,3140.4,36,2,3140.2,59,5,3140.1,38,1,3140.0,164,5,3139.9,4,1,3140.7,6,1,3140.9,19,2,3141.0,391,4,3141.1,30,1,3141.2,58,2
2031,2026-06-16 09:33:59+05:30,3140.9,17,3144.24,388111,113684.0,175466.0,3163.0,3163.0,3135.7,3134.3,31719200,3447.7,2820.9,3839.9,2896.0,3140.4,12,2,3140.2,75,6,3140.1,103,3,3140.0,196,6,3139.9,4,1,3140.9,2,2,3141.0,352,3,3141.1,30,1,3141.5,200,1,3141.6,117,3
2031,2026-06-16 09:33:59+05:30,3140.9,17,3144.24,388111,113684.0,175466.0,3163.0,3163.0,3135.7,3134.3,31719200,3447.7,2820.9,3839.9,2896.0,3140.4,12,2,3140.2,75,6,3140.1,103,3,3140.0,196,6,3139.9,4,1,3140.9,2,2,3141.0,352,3,3141.1,30,1,3141.5,200,1,3141.6,117,3
2031,2026-06-16 09:34:00+05:30,3141.7,27,3144.24,388554,114585.0,173780.0,3163.0,3163.0,3135.7,3134.3,31719200,3447.7,2820.9,3839.9,2896.0,3140.7,144,10,3140.6,22,1,3140.5,44,1,3140.4,142,5,3140.2,103,7,3141.7,23,1,3141.8,120,1,3141.9,231,2,3142.0,405,6,3142.2,820,5
2031,2026-06-16 09:34:00+05:30,3140.7,5,3144.24,388554,114585.0,173780.0,3163.0,3163.0,3135.7,3134.3,31719200,3447.7,2820.9,3839.9,2896.0,3140.7,144,10,3140.6,22,1,3140.5,44,1,3140.4,142,5,3140.2,103,7,3141.7,23,1,3141.8,120,1,3141.9,231,2,3142.0,405,6,3142.2,820,5
2031,2026-06-16 09:34:01+05:30,3140.7,5,3144.24,388754,114055.0,174547.0,3163.0,3163.0,3135.7,3134.3,31719200,3447.7,2820.9,3839.9,2896.0,3140.7,53,6,3140.4,93,4,3140.2,65,4,3140.1,82,2,3140.0,202,6,3141.7,112,4,3141.8,69,2,3141.9,224,4,3142.0,803,12,3142.2,185,6
2031,2026-06-16 09:34:02+05:30,3140.7,64,3144.24,388754,114055.0,174547.0,3163.0,3163.0,3135.7,3134.3,31719200,3447.7,2820.9,3839.9,2896.0,3140.7,53,6,3140.4,93,4,3140.2,65,4,3140.1,82,2,3140.0,202,6,3141.7,112,4,3141.8,69,2,3141.9,224,4,3142.0,803,12,3142.2,185,6
2031,2026-06-16 09:34:02+05:30,3140.7,64,3144.23,389313,114393.0,174349.0,3163.0,3163.0,3135.7,3134.3,31719200,3447.7,2820.9,3839.9,2896.0,3141.0,28,1,3140.7,66,7,3140.4,69,3,3140.3,9,1,3140.2,42,4,3141.9,29,3,3142.0,498,9,3142.1,29,1,3142.2,307,5,3142.3,445,3
2031,2026-06-16 09:34:03+05:30,3140.7,9,3144.23,389313,114393.0,174349.0,3163.0,3163.0,3135.7,3134.3,31719200,3447.7,2820.9,3839.9,2896.0,3141.0,28,1,3140.7,66,7,3140.4,69,3,3140.3,9,1,3140.2,42,4,3141.9,29,3,3142.0,498,9,3142.1,29,1,3142.2,307,5,3142.3,445,3
2031,2026-06-16 09:34:03+05:30,3140.7,9,3144.23,389615,113581.0,175377.0,3163.0,3163.0,3135.7,3134.3,31719200,3447.7,2820.9,3839.9,2896.0,3140.7,30,7,3140.4,69,3,3140.2,42,4,3140.1,1,1,3140.0,147,5,3141.5,17,1,3141.6,96,7,3141.7,141,4,3141.8,513,8,3141.9,179,5
2031,2026-06-16 09:34:04+05:30,3140.7,1,3144.23,389615,113581.0,175377.0,3163.0,3163.0,3135.7,3134.3,31719200,3447.7,2820.9,3839.9,2896.0,3140.7,30,7,3140.4,69,3,3140.2,42,4,3140.1,1,1,3140.0,147,5,3141.5,17,1,3141.6,96,7,3141.7,141,4,3141.8,513,8,3141.9,179,5
2031,2026-06-16 09:34:04+05:30,3140.7,1,3144.23,389706,113732.0,175384.0,3163.0,3163.0,3135.7,3134.3,31719200,3447.7,2820.9,3839.9,2896.0,3140.7,71,7,3140.4,69,3,3140.2,42,4,3140.1,10,2,3140.0,148,6,3141.3,43,3,3141.4,163,5,3141.5,119,3,3141.6,128,7,3141.7,261,5
2031,2026-06-16 09:34:05+05:30,3141.3,1,3144.23,389706,113732.0,175384.0,3163.0,3163.0,3135.7,3134.3,31719200,3447.7,2820.9,3839.9,2896.0,3140.7,71,7,3140.4,69,3,3140.2,42,4,3140.1,10,2,3140.0,148,6,3141.3,43,3,3141.4,163,5,3141.5,119,3,3141.6,128,7,3141.7,261,5
2031,2026-06-16 09:34:05+05:30,3141.3,1,3144.23,389785,113507.0,175287.0,3163.0,3163.0,3135.7,3134.3,31719200,3447.7,2820.9,3839.9,2896.0,3140.7,84,7,3140.4,67,2,3140.2,42,4,3140.1,10,2,3140.0,148,6,3141.3,63,4,3141.4,277,6,3141.5,100,4,3141.6,105,6,3141.7,235,3
2031,2026-06-16 09:34:06+05:30,3140.0,59,3144.23,389785,113507.0,175287.0,3163.0,3163.0,3135.7,3134.3,31719200,3447.7,2820.9,3839.9,2896.0,3140.7,84,7,3140.4,67,2,3140.2,42,4,3140.1,10,2,3140.0,148,6,3141.3,63,4,3141.4,277,6,3141.5,100,4,3141.6,105,6,3141.7,235,3
2031,2026-06-16 09:34:06+05:30,3140.4,7,3144.22,390561,112031.0,177644.0,3163.0,3163.0,3135.7,3134.3,31719200,3447.7,2820.9,3839.9,2896.0,3140.0,105,7,3139.9,4,1,3139.6,54,5,3139.5,23,2,3139.4,17,2,3140.4,193,1,3140.5,41,3,3140.6,20,2,3140.7,211,3,3140.8,47,3
2031,2026-06-16 09:34:07+05:30,3139.8,10,3144.22,390561,112031.0,177644.0,3163.0,3163.0,3135.7,3134.3,31719200,3447.7,2820.9,3839.9,2896.0,3140.0,105,7,3139.9,4,1,3139.6,54,5,3139.5,23,2,3139.4,17,2,3140.4,193,1,3140.5,41,3,3140.6,20,2,3140.7,211,3,3140.8,47,3
2031,2026-06-16 09:34:07+05:30,3139.8,10,3144.22,390856,111353.0,177849.0,3163.0,3163.0,3135.7,3134.3,31719200,3447.7,2820.9,3839.9,2896.0,3139.6,107,7,3139.5,23,2,3139.4,17,2,3139.3,17,4,3139.2,23,2,3139.8,32,1,3139.9,169,1,3140.3,48,1,3140.4,74,3,3140.5,22,1
2031,2026-06-16 09:34:08+05:30,3139.8,1,3144.22,390857,111173.0,177618.0,3163.0,3163.0,3135.7,3134.3,31719200,3447.7,2820.9,3839.9,2896.0,3139.6,116,9,3139.5,23,2,3139.4,4,1,3139.3,17,4,3139.2,23,2,3139.8,31,1,3139.9,169,1,3140.0,114,1,3140.3,48,1,3140.4,55,2
2031,2026-06-16 09:34:09+05:30,3139.8,1,3144.22,390857,111173.0,177618.0,3163.0,3163.0,3135.7,3134.3,31719200,3447.7,2820.9,3839.9,2896.0,3139.6,116,9,3139.5,23,2,3139.4,4,1,3139.3,17,4,3139.2,23,2,3139.8,31,1,3139.9,169,1,3140.0,114,1,3140.3,48,1,3140.4,55,2
2031,2026-06-16 09:34:09+05:30,3139.9,71,3144.22,391127,111013.0,178699.0,3163.0,3163.0,3135.7,3134.3,31719200,3447.7,2820.9,3839.9,2896.0,3139.6,68,7,3139.5,10,1,3139.4,4,1,3139.3,6,3,3139.2,23,2,3139.9,152,2,3140.0,246,4,3140.2,19,1,3140.3,48,1,3140.4,111,4
2031,2026-06-16 09:34:10+05:30,3139.9,71,3144.22,391127,111013.0,178699.0,3163.0,3163.0,3135.7,3134.3,31719200,3447.7,2820.9,3839.9,2896.0,3139.6,68,7,3139.5,10,1,3139.4,4,1,3139.3,6,3,3139.2,23,2,3139.9,152,2,3140.0,246,4,3140.2,19,1,3140.3,48,1,3140.4,111,4
2031,2026-06-16 09:34:10+05:30,3139.9,71,3144.22,391127,111013.0,178699.0,3163.0,3163.0,3135.7,3134.3,31719200,3447.7,2820.9,3839.9,2896.0,3139.6,68,7,3139.5,10,1,3139.4,4,1,3139.3,6,3,3139.2,23,2,3139.9,152,2,3140.0,246,4,3140.2,19,1,3140.3,48,1,3140.4,111,4
2031,2026-06-16 09:34:10+05:30,3139.9,71,3144.22,391127,110987.0,178970.0,3163.0,3163.0,3135.7,3134.3,31719200,3447.7,2820.9,3839.9,2896.0,3139.6,68,7,3139.5,10,1,3139.4,4,1,3139.3,6,3,3139.2,23,2,3139.9,197,5,3140.0,210,3,3140.1,17,1,3140.2,39,2,3140.3,271,3
2031,2026-06-16 09:34:11+05:30,3139.9,10,3144.22,391127,110987.0,178970.0,3163.0,3163.0,3135.7,3134.3,31719200,3447.7,2820.9,3839.9,2896.0,3139.6,68,7,3139.5,10,1,3139.4,4,1,3139.3,6,3,3139.2,23,2,3139.9,197,5,3140.0,210,3,3140.1,17,1,3140.2,39,2,3140.3,271,3
2031,2026-06-16 09:34:11+05:30,3139.9,10,3144.22,391138,111012.0,177997.0,3163.0,3163.0,3135.7,3134.3,31719200,3447.7,2820.9,3839.9,2896.0,3139.6,68,7,3139.5,10,1,3139.4,4,1,3139.3,6,3,3139.2,23,2,3139.9,186,5,3140.0,210,3,3140.1,17,1,3140.2,39,2,3140.3,71,2
2031,2026-06-16 09:34:11+05:30,3139.9,10,3144.22,391138,111012.0,177997.0,3163.0,3163.0,3135.7,3134.3,31719200,3447.7,2820.9,3839.9,2896.0,3139.6,68,7,3139.5,10,1,3139.4,4,1,3139.3,6,3,3139.2,23,2,3139.9,186,5,3140.0,210,3,3140.1,17,1,3140.2,39,2,3140.3,71,2
2031,2026-06-16 09:34:12+05:30,3139.0,7,3144.22,391138,111012.0,177997.0,3163.0,3163.0,3135.7,3134.3,31719200,3447.7,2820.9,3839.9,2896.0,3139.6,68,7,3139.5,10,1,3139.4,4,1,3139.3,6,3,3139.2,23,2,3139.9,186,5,3140.0,210,3,3140.1,17,1,3140.2,39,2,3140.3,71,2
2031,2026-06-16 09:34:12+05:30,3139.0,7,3144.2,392164,109108.0,179562.0,3163.0,3163.0,3135.7,3134.3,31719200,3447.7,2820.9,3839.9,2896.0,3139.1,5,1,3139.0,7,1,3138.7,29,2,3138.6,15,1,3138.5,35,2,3139.3,78,1,3139.4,75,3,3139.5,45,3,3139.6,29,2,3139.7,43,3
2031,2026-06-16 09:34:13+05:30,3139.0,7,3144.2,392164,109108.0,179562.0,3163.0,3163.0,3135.7,3134.3,31719200,3447.7,2820.9,3839.9,2896.0,3139.1,5,1,3139.0,7,1,3138.7,29,2,3138.6,15,1,3138.5,35,2,3139.3,78,1,3139.4,75,3,3139.5,45,3,3139.6,29,2,3139.7,43,3
2031,2026-06-16 09:34:13+05:30,3139.0,7,3144.2,392164,109343.0,179560.0,3163.0,3163.0,3135.7,3134.3,31719200,3447.7,2820.9,3839.9,2896.0,3139.1,44,3,3139.0,7,1,3138.7,29,2,3138.6,15,1,3138.5,35,2,3139.3,108,3,3139.4,17,1,3139.5,28,2,3139.6,10,1,3139.7,3,1
2031,2026-06-16 09:34:14+05:30,3139.1,4,3144.2,392164,109343.0,179560.0,3163.0,3163.0,3135.7,3134.3,31719200,3447.7,2820.9,3839.9,2896.0,3139.1,44,3,3139.0,7,1,3138.7,29,2,3138.6,15,1,3138.5,35,2,3139.3,108,3,3139.4,17,1,3139.5,28,2,3139.6,10,1,3139.7,3,1
2031,2026-06-16 09:34:14+05:30,3139.1,4,3144.2,392218,109845.0,179174.0,3163.0,3163.0,3135.7,3134.3,31719200,3447.7,2820.9,3839.9,2896.0,3139.0,69,2,3138.7,29,2,3138.6,15,1,3138.5,51,3,3138.4,32,2,3139.3,110,4,3139.4,17,1,3139.5,28,2,3139.6,10,1,3139.8,1,1
2031,2026-06-16 09:34:15+05:30,3139.1,4,3144.2,392218,109845.0,179174.0,3163.0,3163.0,3135.7,3134.3,31719200,3447.7,2820.9,3839.9,2896.0,3139.0,69,2,3138.7,29,2,3138.6,15,1,3138.5,51,3,3138.4,32,2,3139.3,110,4,3139.4,17,1,3139.5,28,2,3139.6,10,1,3139.8,1,1
2031,2026-06-16 09:34:15+05:30,3139.0,10,3144.2,392218,109845.0,179174.0,3163.0,3163.0,3135.7,3134.3,31719200,3447.7,2820.9,3839.9,2896.0,3139.0,69,2,3138.7,29,2,3138.6,15,1,3138.5,51,3,3138.4,32,2,3139.3,110,4,3139.4,17,1,3139.5,28,2,3139.6,10,1,3139.8,1,1
2031,2026-06-16 09:34:16+05:30,3139.3,1,3144.2,392528,109925.0,179260.0,3163.0,3163.0,3135.7,3134.3,31719200,3447.7,2820.9,3839.9,2896.0,3139.0,61,3,3138.9,23,1,3138.8,40,2,3138.7,33,2,3138.6,38,2,3139.3,108,4,3139.4,17,1,3139.6,10,1,3140.0,136,2,3140.1,200,1
2031,2026-06-16 09:34:16+05:30,3139.3,35,3144.2,392528,109925.0,179260.0,3163.0,3163.0,3135.7,3134.3,31719200,3447.7,2820.9,3839.9,2896.0,3139.0,61,3,3138.9,23,1,3138.8,40,2,3138.7,33,2,3138.6,38,2,3139.3,108,4,3139.4,17,1,3139.6,10,1,3140.0,136,2,3140.1,200,1
2031,2026-06-16 09:34:16+05:30,3139.3,35,3144.2,392528,109925.0,179260.0,3163.0,3163.0,3135.7,3134.3,31719200,3447.7,2820.9,3839.9,2896.0,3139.0,61,3,3138.9,23,1,3138.8,40,2,3138.7,33,2,3138.6,38,2,3139.3,108,4,3139.4,17,1,3139.6,10,1,3140.0,136,2,3140.1,200,1
2031,2026-06-16 09:34:17+05:30,3139.0,40,3144.2,392604,109993.0,178701.0,3163.0,3163.0,3135.7,3134.3,31719200,3447.7,2820.9,3839.9,2896.0,3139.0,163,8,3138.9,8,1,3138.8,72,4,3138.7,44,2,3138.6,38,2,3139.3,32,3,3140.0,212,3,3140.1,235,2,3140.2,42,1,3140.4,20,1
2031,2026-06-16 09:34:17+05:30,3140.0,56,3144.2,392604,109993.0,178701.0,3163.0,3163.0,3135.7,3134.3,31719200,3447.7,2820.9,3839.9,2896.0,3139.0,163,8,3138.9,8,1,3138.8,72,4,3138.7,44,2,3138.6,38,2,3139.3,32,3,3140.0,212,3,3140.1,235,2,3140.2,42,1,3140.4,20,1
2031,2026-06-16 09:34:17+05:30,3140.0,56,3144.2,392604,109993.0,178701.0,3163.0,3163.0,3135.7,3134.3,31719200,3447.7,2820.9,3839.9,2896.0,3139.0,163,8,3138.9,8,1,3138.8,72,4,3138.7,44,2,3138.6,38,2,3139.3,32,3,3140.0,212,3,3140.1,235,2,3140.2,42,1,3140.4,20,1
2031,2026-06-16 09:34:18+05:30,3140.0,28,3144.2,392754,109947.0,176282.0,3163.0,3163.0,3135.7,3134.3,31719200,3447.7,2820.9,3839.9,2896.0,3139.0,186,9,3138.9,8,1,3138.8,72,4,3138.7,14,1,3138.6,108,4,3140.0,128,3,3140.1,235,2,3140.2,65,2,3140.5,600,3,3140.6,221,3
2031,2026-06-16 09:34:18+05:30,3140.0,30,3144.2,392754,109947.0,176282.0,3163.0,3163.0,3135.7,3134.3,31719200,3447.7,2820.9,3839.9,2896.0,3139.0,186,9,3138.9,8,1,3138.8,72,4,3138.7,14,1,3138.6,108,4,3140.0,128,3,3140.1,235,2,3140.2,65,2,3140.5,600,3,3140.6,221,3
2031,2026-06-16 09:34:19+05:30,3140.0,30,3144.2,392754,109947.0,176282.0,3163.0,3163.0,3135.7,3134.3,31719200,3447.7,2820.9,3839.9,2896.0,3139.0,186,9,3138.9,8,1,3138.8,72,4,3138.7,14,1,3138.6,108,4,3140.0,128,3,3140.1,235,2,3140.2,65,2,3140.5,600,3,3140.6,221,3
2031,2026-06-16 09:34:19+05:30,3140.1,2,3144.2,392884,110063.0,178119.0,3163.0,3163.0,3135.7,3134.3,31719200,3447.7,2820.9,3839.9,2896.0,3139.0,234,12,3138.9,6,1,3138.8,66,4,3138.7,14,1,3138.6,80,3,3140.1,325,4,3140.2,65,2,3140.5,605,4,3140.6,21,2,3140.7,203,3
2031,2026-06-16 09:34:19+05:30,3139.0,13,3144.2,392884,110063.0,178119.0,3163.0,3163.0,3135.7,3134.3,31719200,3447.7,2820.9,3839.9,2896.0,3139.0,234,12,3138.9,6,1,3138.8,66,4,3138.7,14,1,3138.6,80,3,3140.1,325,4,3140.2,65,2,3140.5,605,4,3140.6,21,2,3140.7,203,3
2031,2026-06-16 09:34:20+05:30,3139.0,13,3144.2,392884,110063.0,178119.0,3163.0,3163.0,3135.7,3134.3,31719200,3447.7,2820.9,3839.9,2896.0,3139.0,234,12,3138.9,6,1,3138.8,66,4,3138.7,14,1,3138.6,80,3,3140.1,325,4,3140.2,65,2,3140.5,605,4,3140.6,21,2,3140.7,203,3
2031,2026-06-16 09:34:20+05:30,3139.0,13,3144.2,392918,110951.0,178911.0,3163.0,3163.0,3135.7,3134.3,31719200,3447.7,2820.9,3839.9,2896.0,3139.5,2,1,3139.0,327,12,3138.9,6,1,3138.8,44,3,3138.7,29,2,3140.0,75,1,3140.1,261,6,3140.2,23,1,3140.5,477,3,3140.6,240,3
2031,2026-06-16 09:34:20+05:30,3139.0,13,3144.2,392918,110951.0,178911.0,3163.0,3163.0,3135.7,3134.3,31719200,3447.7,2820.9,3839.9,2896.0,3139.5,2,1,3139.0,327,12,3138.9,6,1,3138.8,44,3,3138.7,29,2,3140.0,75,1,3140.1,261,6,3140.2,23,1,3140.5,477,3,3140.6,240,3
2031,2026-06-16 09:34:21+05:30,3140.0,1,3144.19,392977,111061.0,177005.0,3163.0,3163.0,3135.7,3134.3,31719200,3447.7,2820.9,3839.9,2896.0,3139.5,11,1,3139.4,26,1,3139.0,266,11,3138.9,6,1,3138.8,14,2,3140.0,102,3,3140.1,261,6,3140.2,23,1,3140.4,49,2,3140.5,710,5
2031,2026-06-16 09:34:21+05:30,3140.0,1,3144.19,392977,111061.0,177005.0,3163.0,3163.0,3135.7,3134.3,31719200,3447.7,2820.9,3839.9,2896.0,3139.5,11,1,3139.4,26,1,3139.0,266,11,3138.9,6,1,3138.8,14,2,3140.0,102,3,3140.1,261,6,3140.2,23,1,3140.4,49,2,3140.5,710,5
2031,2026-06-16 09:34:21+05:30,3140.0,1,3144.19,392977,111061.0,177005.0,3163.0,3163.0,3135.7,3134.3,31719200,3447.7,2820.9,3839.9,2896.0,3139.5,11,1,3139.4,26,1,3139.0,266,11,3138.9,6,1,3138.8,14,2,3140.0,102,3,3140.1,261,6,3140.2,23,1,3140.4,49,2,3140.5,710,5
2031,2026-06-16 09:34:22+05:30,3140.0,1,3144.19,392977,111061.0,177005.0,3163.0,3163.0,3135.7,3134.3,31719200,3447.7,2820.9,3839.9,2896.0,3139.5,11,1,3139.4,26,1,3139.0,266,11,3138.9,6,1,3138.8,14,2,3140.0,102,3,3140.1,261,6,3140.2,23,1,3140.4,49,2,3140.5,710,5
2031,2026-06-16 09:34:22+05:30,3140.0,10,3144.19,393163,111568.0,177741.0,3163.0,3163.0,3135.7,3134.3,31719200,3447.7,2820.9,3839.9,2896.0,3139.7,28,1,3139.5,54,4,3139.2,58,3,3139.1,202,2,3139.0,333,14,3140.0,1,1,3140.1,255,5,3140.2,23,1,3140.4,26,1,3140.5,600,3
2031,2026-06-16 09:34:22+05:30,3140.0,10,3144.19,393163,111568.0,177741.0,3163.0,3163.0,3135.7,3134.3,31719200,3447.7,2820.9,3839.9,2896.0,3139.7,28,1,3139.5,54,4,3139.2,58,3,3139.1,202,2,3139.0,333,14,3140.0,1,1,3140.1,255,5,3140.2,23,1,3140.4,26,1,3140.5,600,3
2031,2026-06-16 09:34:23+05:30,3140.0,10,3144.19,393163,111568.0,177741.0,3163.0,3163.0,3135.7,3134.3,31719200,3447.7,2820.9,3839.9,2896.0,3139.7,28,1,3139.5,54,4,3139.2,58,3,3139.1,202,2,3139.0,333,14,3140.0,1,1,3140.1,255,5,3140.2,23,1,3140.4,26,1,3140.5,600,3
2031,2026-06-16 09:34:23+05:30,3140.0,2,3144.19,393163,111568.0,177741.0,3163.0,3163.0,3135.7,3134.3,31719200,3447.7,2820.9,3839.9,2896.0,3139.7,28,1,3139.5,54,4,3139.2,58,3,3139.1,202,2,3139.0,333,14,3140.0,1,1,3140.1,255,5,3140.2,23,1,3140.4,26,1,3140.5,600,3
2031,2026-06-16 09:34:23+05:30,3140.0,2,3144.19,393167,111670.0,178567.0,3163.0,3163.0,3135.7,3134.3,31719200,3447.7,2820.9,3839.9,2896.0,3140.0,25,1,3139.7,43,2,3139.5,24,2,3139.2,58,3,3139.1,280,4,3140.1,255,5,3140.2,23,1,3140.4,26,1,3140.5,600,3,3140.9,22,1
2031,2026-06-16 09:34:23+05:30,3140.0,2,3144.19,393167,111670.0,178567.0,3163.0,3163.0,3135.7,3134.3,31719200,3447.7,2820.9,3839.9,2896.0,3140.0,25,1,3139.7,43,2,3139.5,24,2,3139.2,58,3,3139.1,280,4,3140.1,255,5,3140.2,23,1,3140.4,26,1,3140.5,600,3,3140.9,22,1
2031,2026-06-16 09:34:24+05:30,3140.0,2,3144.19,393167,111670.0,178567.0,3163.0,3163.0,3135.7,3134.3,31719200,3447.7,2820.9,3839.9,2896.0,3140.0,25,1,3139.7,43,2,3139.5,24,2,3139.2,58,3,3139.1,280,4,3140.1,255,5,3140.2,23,1,3140.4,26,1,3140.5,600,3,3140.9,22,1
2031,2026-06-16 09:34:24+05:30,3140.0,44,3144.19,393167,111670.0,178567.0,3163.0,3163.0,3135.7,3134.3,31719200,3447.7,2820.9,3839.9,2896.0,3140.0,25,1,3139.7,43,2,3139.5,24,2,3139.2,58,3,3139.1,280,4,3140.1,255,5,3140.2,23,1,3140.4,26,1,3140.5,600,3,3140.9,22,1
2031,2026-06-16 09:34:24+05:30,3140.0,44,3144.19,393785,112142.0,177701.0,3163.0,3163.0,3135.7,3134.3,31719200,3447.7,2820.9,3839.9,2896.0,3140.0,64,1,3139.7,38,1,3139.5,24,2,3139.4,26,2,3139.2,167,5,3140.1,86,6,3140.2,223,2,3140.4,26,1,3140.5,76,1,3140.6,400,2
2031,2026-06-16 09:34:25+05:30,3140.0,44,3144.19,393785,112142.0,177701.0,3163.0,3163.0,3135.7,3134.3,31719200,3447.7,2820.9,3839.9,2896.0,3140.0,64,1,3139.7,38,1,3139.5,24,2,3139.4,26,2,3139.2,167,5,3140.1,86,6,3140.2,223,2,3140.4,26,1,3140.5,76,1,3140.6,400,2
2031,2026-06-16 09:34:25+05:30,3140.0,1,3144.19,393785,112142.0,177701.0,3163.0,3163.0,3135.7,3134.3,31719200,3447.7,2820.9,3839.9,2896.0,3140.0,64,1,3139.7,38,1,3139.5,24,2,3139.4,26,2,3139.2,167,5,3140.1,86,6,3140.2,223,2,3140.4,26,1,3140.5,76,1,3140.6,400,2
2031,2026-06-16 09:34:25+05:30,3140.0,1,3144.18,393928,111830.0,177726.0,3163.0,3163.0,3135.7,3134.3,31719200,3447.7,2820.9,3839.9,2896.0,3139.7,38,1,3139.5,1,1,3139.4,12,1,3139.2,13,1,3139.1,20,1,3140.1,112,8,3140.2,223,2,3140.3,59,2,3140.4,45,2,3140.5,94,3
2031,2026-06-16 09:34:26+05:30,3140.0,1,3144.18,393928,111830.0,177726.0,3163.0,3163.0,3135.7,3134.3,31719200,3447.7,2820.9,3839.9,2896.0,3139.7,38,1,3139.5,1,1,3139.4,12,1,3139.2,13,1,3139.1,20,1,3140.1,112,8,3140.2,223,2,3140.3,59,2,3140.4,45,2,3140.5,94,3
2031,2026-06-16 09:34:26+05:30,3139.7,7,3144.18,393928,111830.0,177726.0,3163.0,3163.0,3135.7,3134.3,31719200,3447.7,2820.9,3839.9,2896.0,3139.7,38,1,3139.5,1,1,3139.4,12,1,3139.2,13,1,3139.1,20,1,3140.1,112,8,3140.2,223,2,3140.3,59,2,3140.4,45,2,3140.5,94,3
2031,2026-06-16 09:34:26+05:30,3139.8,1,3144.18,394015,110679.0,178888.0,3163.0,3163.0,3135.7,3134.3,31719200,3447.7,2820.9,3839.9,2896.0,3139.5,1,1,3139.4,38,2,3139.2,13,1,3139.1,20,1,3139.0,185,8,3139.8,16,1,3139.9,67,5,3140.0,571,5,3140.1,92,7,3140.2,304,5
2031,2026-06-16 09:34:27+05:30,3139.8,1,3144.18,394015,110679.0,178888.0,3163.0,3163.0,3135.7,3134.3,31711800,3447.7,2820.9,3839.9,2896.0,3139.5,1,1,3139.4,38,2,3139.2,13,1,3139.1,20,1,3139.0,185,8,3139.8,16,1,3139.9,67,5,3140.0,571,5,3140.1,92,7,3140.2,304,5
2031,2026-06-16 09:34:27+05:30,3139.4,44,3144.18,394015,110679.0,178888.0,3163.0,3163.0,3135.7,3134.3,31711800,3447.7,2820.9,3839.9,2896.0,3139.5,1,1,3139.4,38,2,3139.2,13,1,3139.1,20,1,3139.0,185,8,3139.8,16,1,3139.9,67,5,3140.0,571,5,3140.1,92,7,3140.2,304,5
2031,2026-06-16 09:34:27+05:30,3139.8,44,3144.18,394531,110793.0,178389.0,3163.0,3163.0,3135.7,3134.3,31711800,3447.7,2820.9,3839.9,2896.0,3139.4,26,1,3139.1,20,1,3139.0,185,8,3138.9,6,1,3138.8,15,2,3139.9,17,1,3140.0,761,9,3140.1,50,4,3140.2,307,5,3140.3,47,2
2031,2026-06-16 09:34:28+05:30,3139.4,11,3144.18,394531,110793.0,178389.0,3163.0,3163.0,3135.7,3134.3,31711800,3447.7,2820.9,3839.9,2896.0,3139.4,26,1,3139.1,20,1,3139.0,185,8,3138.9,6,1,3138.8,15,2,3139.9,17,1,3140.0,761,9,3140.1,50,4,3140.2,307,5,3140.3,47,2
2031,2026-06-16 09:34:28+05:30,3140.0,6,3144.18,394672,111114.0,178237.0,3163.0,3163.0,3135.7,3134.3,31711800,3447.7,2820.9,3839.9,2896.0,3139.4,60,5,3139.1,68,2,3139.0,177,6,3138.9,22,1,3138.8,117,4,3140.0,639,4,3140.1,48,3,3140.2,241,3,3140.3,25,1,3140.4,1,1
2031,2026-06-16 09:34:29+05:30,3140.0,10,3144.18,394672,111114.0,178237.0,3163.0,3163.0,3135.7,3134.3,31711800,3447.7,2820.9,3839.9,2896.0,3139.4,60,5,3139.1,68,2,3139.0,177,6,3138.9,22,1,3138.8,117,4,3140.0,639,4,3140.1,48,3,3140.2,241,3,3140.3,25,1,3140.4,1,1
2031,2026-06-16 09:34:29+05:30,3140.0,10,3144.18,394683,111501.0,178947.0,3163.0,3163.0,3135.7,3134.3,31711800,3447.7,2820.9,3839.9,2896.0,3139.4,66,7,3139.1,68,2,3139.0,177,6,3138.9,45,2,3138.8,94,3,3140.0,680,5,3140.1,48,3,3140.2,241,3,3140.4,1,1,3140.5,57,3
2031,2026-06-16 09:34:30+05:30,3140.0,20,3144.18,394683,111501.0,178947.0,3163.0,3163.0,3135.7,3134.3,31711800,3447.7,2820.9,3839.9,2896.0,3139.4,66,7,3139.1,68,2,3139.0,177,6,3138.9,45,2,3138.8,94,3,3140.0,680,5,3140.1,48,3,3140.2,241,3,3140.4,1,1,3140.5,57,3
2031,2026-06-16 09:34:30+05:30,3140.0,30,3144.17,394748,111524.0,176714.0,3163.0,3163.0,3135.7,3134.3,31711800,3447.7,2820.9,3839.9,2896.0,3139.7,2,2,3139.4,81,9,3139.1,48,1,3139.0,156,5,3138.9,23,1,3140.0,715,9,3140.1,48,3,3140.2,241,3,3140.3,58,2,3140.4,1,1
2031,2026-06-16 09:34:31+05:30,3139.3,66,3144.17,394748,111524.0,176714.0,3163.0,3163.0,3135.7,3134.3,31711800,3447.7,2820.9,3839.9,2896.0,3139.7,2,2,3139.4,81,9,3139.1,48,1,3139.0,156,5,3138.9,23,1,3140.0,715,9,3140.1,48,3,3140.2,241,3,3140.3,58,2,3140.4,1,1
2031,2026-06-16 09:34:31+05:30,3139.0,20,3144.16,395699,108939.0,179842.0,3163.0,3163.0,3135.7,3134.3,31711800,3447.7,2820.9,3839.9,2896.0,3138.8,5,1,3138.7,15,1,3138.5,51,4,3138.4,13,1,3138.3,18,1,3139.3,190,4,3139.4,20,1,3139.5,247,4,3139.6,220,3,3139.7,43,3
2031,2026-06-16 09:34:32+05:30,3137.9,29,3144.16,395699,108939.0,179842.0,3163.0,3163.0,3135.7,3134.3,31711800,3447.7,2820.9,3839.9,2896.0,3138.8,5,1,3138.7,15,1,3138.5,51,4,3138.4,13,1,3138.3,18,1,3139.3,190,4,3139.4,20,1,3139.5,247,4,3139.6,220,3,3139.7,43,3
2031,2026-06-16 09:34:33+05:30,3137.9,1,3144.15,396787,106673.0,181737.0,3163.0,3163.0,3135.7,3134.3,31711800,3447.7,2820.9,3839.9,2896.0,3137.4,69,3,3137.2,9,2,3137.0,123,5,3136.3,116,2,3136.2,24,2,3137.9,93,1,3138.0,86,4,3138.2,219,2,3138.3,69,2,3138.4,455,4
2031,2026-06-16 09:34:33+05:30,3137.0,58,3144.15,396787,106673.0,181737.0,3163.0,3163.0,3135.7,3134.3,31711800,3447.7,2820.9,3839.9,2896.0,3137.4,69,3,3137.2,9,2,3137.0,123,5,3136.3,116,2,3136.2,24,2,3137.9,93,1,3138.0,86,4,3138.2,219,2,3138.3,69,2,3138.4,455,4
2031,2026-06-16 09:34:34+05:30,3137.3,25,3144.12,398241,105778.0,180901.0,3163.0,3163.0,3135.7,3134.3,31711800,3447.7,2820.9,3839.9,2896.0,3136.7,67,4,3136.6,45,3,3136.5,42,3,3136.4,124,4,3136.3,65,3,3137.2,216,2,3137.3,67,1,3137.9,15,2,3138.0,21,1,3138.2,32,2
2031,2026-06-16 09:34:34+05:30,3137.2,3,3144.12,398241,105778.0,180901.0,3163.0,3163.0,3135.7,3134.3,31711800,3447.7,2820.9,3839.9,2896.0,3136.7,67,4,3136.6,45,3,3136.5,42,3,3136.4,124,4,3136.3,65,3,3137.2,216,2,3137.3,67,1,3137.9,15,2,3138.0,21,1,3138.2,32,2
2031,2026-06-16 09:34:35+05:30,3136.7,3,3144.12,398361,105979.0,181115.0,3163.0,3163.0,3135.7,3134.3,31711800,3447.7,2820.9,3839.9,2896.0,3136.7,49,2,3136.5,17,1,3136.3,40,2,3136.2,78,2,3136.1,172,6,3137.2,237,3,3137.3,68,2,3137.9,98,4,3138.0,21,1,3138.2,39,4
2031,2026-06-16 09:34:35+05:30,3137.2,1,3144.12,398361,105979.0,181115.0,3163.0,3163.0,3135.7,3134.3,31711800,3447.7,2820.9,3839.9,2896.0,3136.7,49,2,3136.5,17,1,3136.3,40,2,3136.2,78,2,3136.1,172,6,3137.2,237,3,3137.3,68,2,3137.9,98,4,3138.0,21,1,3138.2,39,4
2031,2026-06-16 09:34:36+05:30,3136.9,3,3144.12,398395,106666.0,181074.0,3163.0,3163.0,3135.7,3134.3,31711800,3447.7,2820.9,3839.9,2896.0,3136.9,79,8,3136.8,49,4,3136.7,139,4,3136.6,43,3,3136.5,40,2,3137.2,234,4,3137.3,68,2,3137.9,45,3,3138.2,33,3,3138.3,1,1
2031,2026-06-16 09:34:36+05:30,3136.9,3,3144.12,398395,106666.0,181074.0,3163.0,3163.0,3135.7,3134.3,31711800,3447.7,2820.9,3839.9,2896.0,3136.9,79,8,3136.8,49,4,3136.7,139,4,3136.6,43,3,3136.5,40,2,3137.2,234,4,3137.3,68,2,3137.9,45,3,3138.2,33,3,3138.3,1,1
2031,2026-06-16 09:34:37+05:30,3136.9,3,3144.12,398560,106940.0,181598.0,3163.0,3163.0,3135.7,3134.3,31711800,3447.7,2820.9,3839.9,2896.0,3136.9,102,2,3136.8,27,2,3136.7,122,3,3136.6,42,2,3136.5,31,2,3137.2,238,6,3137.3,68,2,3137.9,48,3,3138.2,33,3,3138.3,1,1
2031,2026-06-16 09:34:37+05:30,3137.9,10,3144.12,398560,106940.0,181598.0,3163.0,3163.0,3135.7,3134.3,31711800,3447.7,2820.9,3839.9,2896.0,3136.9,102,2,3136.8,27,2,3136.7,122,3,3136.6,42,2,3136.5,31,2,3137.2,238,6,3137.3,68,2,3137.9,48,3,3138.2,33,3,3138.3,1,1
2031,2026-06-16 09:34:38+05:30,3137.5,3,3144.11,398910,108512.0,179829.0,3163.0,3163.0,3135.7,3134.3,31711800,3447.7,2820.9,3839.9,2896.0,3137.5,54,5,3137.4,17,1,3137.3,142,6,3137.2,33,2,3137.1,95,4,3137.9,30,1,3138.8,21,1,3138.9,429,3,3139.0,218,2,3139.1,16,1
2031,2026-06-16 09:34:38+05:30,3137.5,3,3144.11,398910,108512.0,179829.0,3163.0,3163.0,3135.7,3134.3,31711800,3447.7,2820.9,3839.9,2896.0,3137.5,54,5,3137.4,17,1,3137.3,142,6,3137.2,33,2,3137.1,95,4,3137.9,30,1,3138.8,21,1,3138.9,429,3,3139.0,218,2,3139.1,16,1
2031,2026-06-16 09:34:39+05:30,3137.5,3,3144.11,398961,108687.0,179419.0,3163.0,3163.0,3135.7,3134.3,31711800,3447.7,2820.9,3839.9,2896.0,3137.5,50,6,3137.4,23,2,3137.3,200,8,3137.2,33,2,3137.1,55,3,3137.9,11,2,3138.8,61,2,3138.9,429,3,3139.0,218,2,3139.2,45,3
2031,2026-06-16 09:34:39+05:30,3137.5,3,3144.11,398961,108687.0,179419.0,3163.0,3163.0,3135.7,3134.3,31711800,3447.7,2820.9,3839.9,2896.0,3137.5,50,6,3137.4,23,2,3137.3,200,8,3137.2,33,2,3137.1,55,3,3137.9,11,2,3138.8,61,2,3138.9,429,3,3139.0,218,2,3139.2,45,3
2031,2026-06-16 09:34:40+05:30,3137.7,4,3144.11,398965,108718.0,179886.0,3163.0,3163.0,3135.7,3134.3,31711800,3447.7,2820.9,3839.9,2896.0,3137.7,105,1,3137.5,81,7,3137.3,133,6,3137.2,33,2,3137.1,103,4,3137.9,12,3,3138.7,41,2,3138.8,61,2,3138.9,429,3,3139.0,218,2
2031,2026-06-16 09:34:40+05:30,3137.7,3,3144.11,398965,108718.0,179886.0,3163.0,3163.0,3135.7,3134.3,31711800,3447.7,2820.9,3839.9,2896.0,3137.7,105,1,3137.5,81,7,3137.3,133,6,3137.2,33,2,3137.1,103,4,3137.9,12,3,3138.7,41,2,3138.8,61,2,3138.9,429,3,3139.0,218,2
2031,2026-06-16 09:34:41+05:30,3137.5,25,3144.09,399833,105368.0,180975.0,3163.0,3163.0,3135.7,3134.3,31711800,3447.7,2820.9,3839.9,2896.0,3137.0,100,1,3136.0,268,8,3135.9,55,4,3135.8,29,2,3135.7,196,5,3137.5,200,1,3137.6,81,4,3137.7,400,2,3137.8,56,4,3137.9,412,5
2031,2026-06-16 09:34:41+05:30,3137.5,25,3144.09,399833,105368.0,180975.0,3163.0,3163.0,3135.7,3134.3,31711800,3447.7,2820.9,3839.9,2896.0,3137.0,100,1,3136.0,268,8,3135.9,55,4,3135.8,29,2,3135.7,196,5,3137.5,200,1,3137.6,81,4,3137.7,400,2,3137.8,56,4,3137.9,412,5
2031,2026-06-16 09:34:42+05:30,3137.1,3,3144.08,400715,107160.0,180812.0,3163.0,3163.0,3135.7,3134.3,31711800,3447.7,2820.9,3839.9,2896.0,3137.0,197,4,3136.6,39,2,3136.5,19,1,3136.4,21,1,3136.3,42,1,3137.5,200,1,3137.9,318,5,3138.0,221,3,3138.2,46,2,3138.3,53,1
2031,2026-06-16 09:34:42+05:30,3137.5,1,3144.08,400715,107160.0,180812.0,3163.0,3163.0,3135.7,3134.3,31711800,3447.7,2820.9,3839.9,2896.0,3137.0,197,4,3136.6,39,2,3136.5,19,1,3136.4,21,1,3136.3,42,1,3137.5,200,1,3137.9,318,5,3138.0,221,3,3138.2,46,2,3138.3,53,1
2031,2026-06-16 09:34:43+05:30,3137.0,3,3144.08,400715,107160.0,180812.0,3163.0,3163.0,3135.7,3134.3,31711800,3447.7,2820.9,3839.9,2896.0,3137.0,197,4,3136.6,39,2,3136.5,19,1,3136.4,21,1,3136.3,42,1,3137.5,200,1,3137.9,318,5,3138.0,221,3,3138.2,46,2,3138.3,53,1
2031,2026-06-16 09:34:43+05:30,3137.0,3,3144.08,400820,107186.0,180935.0,3163.0,3163.0,3135.7,3134.3,31711800,3447.7,2820.9,3839.9,2896.0,3137.0,114,5,3136.8,22,1,3136.6,17,1,3136.5,61,3,3136.4,21,1,3137.4,3,1,3137.5,239,2,3137.8,22,1,3137.9,299,4,3138.0,204,2
2031,2026-06-16 09:34:44+05:30,3137.0,3,3144.08,400820,107186.0,180935.0,3163.0,3163.0,3135.7,3134.3,31711800,3447.7,2820.9,3839.9,2896.0,3137.0,114,5,3136.8,22,1,3136.6,17,1,3136.5,61,3,3136.4,21,1,3137.4,3,1,3137.5,239,2,3137.8,22,1,3137.9,299,4,3138.0,204,2
2031,2026-06-16 09:34:44+05:30,3137.0,3,3144.08,400833,107296.0,181347.0,3163.0,3163.0,3135.7,3134.3,31711800,3447.7,2820.9,3839.9,2896.0,3137.0,116,6,3136.8,22,1,3136.6,17,1,3136.5,61,3,3136.4,21,1,3137.4,3,1,3137.5,239,2,3137.8,22,1,3137.9,299,4,3138.0,204,2
2031,2026-06-16 09:34:45+05:30,3137.0,3,3144.08,400833,107296.0,181347.0,3163.0,3163.0,3135.7,3134.3,31711800,3447.7,2820.9,3839.9,2896.0,3137.0,116,6,3136.8,22,1,3136.6,17,1,3136.5,61,3,3136.4,21,1,3137.4,3,1,3137.5,239,2,3137.8,22,1,3137.9,299,4,3138.0,204,2
2031,2026-06-16 09:34:45+05:30,3137.0,3,3144.08,400841,107416.0,181087.0,3163.0,3163.0,3135.7,3134.3,31711800,3447.7,2820.9,3839.9,2896.0,3137.3,17,1,3137.2,67,7,3137.0,149,10,3136.9,10,1,3136.8,76,3,3137.4,3,1,3137.5,239,2,3137.8,22,1,3137.9,299,4,3138.0,204,2
2031,2026-06-16 09:34:46+05:30,3137.3,7,3144.08,400841,107416.0,181087.0,3163.0,3163.0,3135.7,3134.3,31711800,3447.7,2820.9,3839.9,2896.0,3137.3,17,1,3137.2,67,7,3137.0,149,10,3136.9,10,1,3136.8,76,3,3137.4,3,1,3137.5,239,2,3137.8,22,1,3137.9,299,4,3138.0,204,2
2031,2026-06-16 09:34:46+05:30,3137.3,3,3144.08,400911,107418.0,181543.0,3163.0,3163.0,3135.7,3134.3,31711800,3447.7,2820.9,3839.9,2896.0,3137.3,37,4,3137.2,57,6,3137.0,143,9,3136.8,166,6,3136.7,46,2,3137.5,239,3,3137.8,22,1,3137.9,299,4,3138.0,225,3,3138.6,54,2
2031,2026-06-16 09:34:47+05:30,3137.3,3,3144.08,400911,107418.0,181543.0,3163.0,3163.0,3135.7,3134.3,31711800,3447.7,2820.9,3839.9,2896.0,3137.3,37,4,3137.2,57,6,3137.0,143,9,3136.8,166,6,3136.7,46,2,3137.5,239,3,3137.8,22,1,3137.9,299,4,3138.0,225,3,3138.6,54,2
2031,2026-06-16 09:34:48+05:30,3137.5,1,3144.08,400945,107226.0,181789.0,3163.0,3163.0,3135.7,3134.3,31711800,3447.7,2820.9,3839.9,2896.0,3137.3,127,2,3137.2,18,3,3137.0,139,9,3136.7,16,1,3136.6,33,2,3137.5,305,6,3137.8,33,2,3137.9,333,5,3138.0,260,5,3138.1,19,1
2031,2026-06-16 09:34:48+05:30,3137.5,1,3144.08,400945,107226.0,181789.0,3163.0,3163.0,3135.7,3134.3,31711800,3447.7,2820.9,3839.9,2896.0,3137.3,127,2,3137.2,18,3,3137.0,139,9,3136.7,16,1,3136.6,33,2,3137.5,305,6,3137.8,33,2,3137.9,333,5,3138.0,260,5,3138.1,19,1
2031,2026-06-16 09:34:49+05:30,3137.3,101,3144.07,401149,106878.0,181791.0,3163.0,3163.0,3135.7,3134.3,31711800,3447.7,2820.9,3839.9,2896.0,3137.3,54,2,3137.2,2,2,3137.0,139,9,3136.5,61,3,3136.4,21,1,3137.5,304,6,3137.8,52,3,3137.9,333,5,3138.0,290,7,3138.2,30,1
2031,2026-06-16 09:34:49+05:30,3137.3,3,3144.07,401149,106878.0,181791.0,3163.0,3163.0,3135.7,3134.3,31711800,3447.7,2820.9,3839.9,2896.0,3137.3,54,2,3137.2,2,2,3137.0,139,9,3136.5,61,3,3136.4,21,1,3137.5,304,6,3137.8,52,3,3137.9,333,5,3138.0,290,7,3138.2,30,1
2031,2026-06-16 09:34:50+05:30,3137.3,5,3144.07,401187,106784.0,181672.0,3163.0,3163.0,3135.7,3134.3,31711800,3447.7,2820.9,3839.9,2896.0,3137.3,130,7,3137.2,4,3,3137.0,92,6,3136.9,22,1,3136.6,3,1,3137.5,305,7,3137.8,33,2,3137.9,333,5,3138.0,241,5,3138.2,30,1
2031,2026-06-16 09:34:50+05:30,3137.4,1,3144.07,401187,106784.0,181672.0,3163.0,3163.0,3135.7,3134.3,31711800,3447.7,2820.9,3839.9,2896.0,3137.3,130,7,3137.2,4,3,3137.0,92,6,3136.9,22,1,3136.6,3,1,3137.5,305,7,3137.8,33,2,3137.9,333,5,3138.0,241,5,3138.2,30,1
2031,2026-06-16 09:34:51+05:30,3137.4,1,3144.06,401948,106510.0,182000.0,3163.0,3163.0,3135.7,3134.3,31711800,3447.7,2820.9,3839.9,2896.0,3137.4,69,2,3137.3,31,3,3137.2,2,1,3137.0,92,6,3136.5,20,1,3137.5,229,5,3137.8,33,2,3137.9,353,6,3138.0,249,5,3138.1,27,1
2031,2026-06-16 09:34:51+05:30,3137.4,2,3144.06,401948,106510.0,182000.0,3163.0,3163.0,3135.7,3134.3,31711800,3447.7,2820.9,3839.9,2896.0,3137.4,69,2,3137.3,31,3,3137.2,2,1,3137.0,92,6,3136.5,20,1,3137.5,229,5,3137.8,33,2,3137.9,353,6,3138.0,249,5,3138.1,27,1
2031,2026-06-16 09:34:52+05:30,3137.4,3,3144.06,402163,106863.0,181648.0,3163.0,3163.0,3135.7,3134.3,31711800,3447.7,2820.9,3839.9,2896.0,3137.4,108,4,3137.3,31,3,3137.2,2,1,3137.0,114,7,3136.9,61,2,3137.5,219,3,3137.8,33,2,3137.9,333,5,3138.0,256,4,3138.3,200,1
2031,2026-06-16 09:34:52+05:30,3137.4,37,3144.06,402163,106863.0,181648.0,3163.0,3163.0,3135.7,3134.3,31711800,3447.7,2820.9,3839.9,2896.0,3137.4,108,4,3137.3,31,3,3137.2,2,1,3137.0,114,7,3136.9,61,2,3137.5,219,3,3137.8,33,2,3137.9,333,5,3138.0,256,4,3138.3,200,1
2031,2026-06-16 09:34:53+05:30,3137.5,1,3144.05,402299,106848.0,181994.0,3163.0,3163.0,3135.7,3134.3,31711800,3447.7,2820.9,3839.9,2896.0,3137.4,68,3,3137.3,31,3,3137.2,2,1,3137.0,92,6,3136.9,61,2,3137.5,196,3,3137.8,33,2,3137.9,333,5,3138.0,256,4,3138.3,200,1
2031,2026-06-16 09:34:53+05:30,3137.4,10,3144.05,402299,106848.0,181994.0,3163.0,3163.0,3135.7,3134.3,31711800,3447.7,2820.9,3839.9,2896.0,3137.4,68,3,3137.3,31,3,3137.2,2,1,3137.0,92,6,3136.9,61,2,3137.5,196,3,3137.8,33,2,3137.9,333,5,3138.0,256,4,3138.3,200,1
2031,2026-06-16 09:34:54+05:30,3137.4,3,3144.05,402338,106887.0,181814.0,3163.0,3163.0,3135.7,3134.3,31711800,3447.7,2820.9,3839.9,2896.0,3137.4,29,3,3137.3,31,3,3137.2,2,1,3137.1,10,1,3137.0,92,6,3137.5,221,4,3137.8,33,2,3137.9,333,5,3138.0,256,4,3138.3,19,1
2031,2026-06-16 09:34:54+05:30,3137.4,3,3144.05,402338,106887.0,181814.0,3163.0,3163.0,3135.7,3134.3,31711800,3447.7,2820.9,3839.9,2896.0,3137.4,29,3,3137.3,31,3,3137.2,2,1,3137.1,10,1,3137.0,92,6,3137.5,221,4,3137.8,33,2,3137.9,333,5,3138.0,256,4,3138.3,19,1
2031,2026-06-16 09:34:55+05:30,3137.5,10,3144.05,402577,106880.0,181877.0,3163.0,3163.0,3135.7,3134.3,31711800,3447.7,2820.9,3839.9,2896.0,3137.4,69,3,3137.3,14,2,3137.2,2,1,3137.1,10,1,3137.0,101,6,3137.5,218,3,3137.8,33,2,3137.9,333,5,3138.0,256,4,3138.3,49,2
2031,2026-06-16 09:34:55+05:30,3137.4,21,3144.05,402577,106880.0,181877.0,3163.0,3163.0,3135.7,3134.3,31711800,3447.7,2820.9,3839.9,2896.0,3137.4,69,3,3137.3,14,2,3137.2,2,1,3137.1,10,1,3137.0,101,6,3137.5,218,3,3137.8,33,2,3137.9,333,5,3138.0,256,4,3138.3,49,2
2031,2026-06-16 09:34:56+05:30,3137.4,25,3144.05,402626,106979.0,181823.0,3163.0,3163.0,3135.7,3134.3,31711800,3447.7,2820.9,3839.9,2896.0,3137.4,67,5,3137.3,14,2,3137.2,2,1,3137.1,22,1,3137.0,141,7,3137.5,246,4,3137.8,33,2,3137.9,333,5,3138.0,228,2,3138.4,21,1
2031,2026-06-16 09:34:56+05:30,3137.4,25,3144.05,402626,106979.0,181823.0,3163.0,3163.0,3135.7,3134.3,31711800,3447.7,2820.9,3839.9,2896.0,3137.4,67,5,3137.3,14,2,3137.2,2,1,3137.1,22,1,3137.0,141,7,3137.5,246,4,3137.8,33,2,3137.9,333,5,3138.0,228,2,3138.4,21,1
2031,2026-06-16 09:34:57+05:30,3137.4,3,3144.05,402656,107247.0,181439.0,3163.0,3163.0,3135.7,3134.3,31711800,3447.7,2820.9,3839.9,2896.0,3137.4,72,7,3137.3,47,5,3137.2,77,4,3137.1,81,4,3137.0,163,8,3137.5,266,4,3137.8,33,2,3137.9,333,5,3138.0,228,2,3138.4,21,1
2031,2026-06-16 09:34:57+05:30,3137.4,3,3144.05,402656,107247.0,181439.0,3163.0,3163.0,3135.7,3134.3,31711800,3447.7,2820.9,3839.9,2896.0,3137.4,72,7,3137.3,47,5,3137.2,77,4,3137.1,81,4,3137.0,163,8,3137.5,266,4,3137.8,33,2,3137.9,333,5,3138.0,228,2,3138.4,21,1
2031,2026-06-16 09:34:58+05:30,3137.5,1,3144.05,402660,107452.0,181440.0,3163.0,3163.0,3135.7,3134.3,31711800,3447.7,2820.9,3839.9,2896.0,3137.4,112,10,3137.3,47,5,3137.2,77,4,3137.1,70,3,3137.0,166,9,3137.5,265,4,3137.8,33,2,3137.9,333,5,3138.0,228,2,3138.4,21,1
2031,2026-06-16 09:34:58+05:30,3137.4,29,3144.05,402660,107452.0,181440.0,3163.0,3163.0,3135.7,3134.3,31711800,3447.7,2820.9,3839.9,2896.0,3137.4,112,10,3137.3,47,5,3137.2,77,4,3137.1,70,3,3137.0,166,9,3137.5,265,4,3137.8,33,2,3137.9,333,5,3138.0,228,2,3138.4,21,1
2031,2026-06-16 09:34:59+05:30,3137.5,3,3144.05,402660,107452.0,181440.0,3163.0,3163.0,3135.7,3134.3,31711800,3447.7,2820.9,3839.9,2896.0,3137.4,112,10,3137.3,47,5,3137.2,77,4,3137.1,70,3,3137.0,166,9,3137.5,265,4,3137.8,33,2,3137.9,333,5,3138.0,228,2,3138.4,21,1
2031,2026-06-16 09:34:59+05:30,3137.5,3,3144.04,403051,107055.0,181416.0,3163.0,3163.0,3135.7,3134.3,31711800,3447.7,2820.9,3839.9,2896.0,3137.4,105,8,3137.3,47,5,3137.2,30,3,3137.1,18,2,3137.0,145,9,3137.5,246,4,3137.8,33,2,3137.9,333,5,3138.0,228,2,3138.4,21,1
2031,2026-06-16 09:35:00+05:30,3137.4,7,3144.04,403051,107055.0,181416.0,3163.0,3163.0,3135.7,3134.3,31711800,3447.7,2820.9,3839.9,2896.0,3137.4,105,8,3137.3,47,5,3137.2,30,3,3137.1,18,2,3137.0,145,9,3137.5,246,4,3137.8,33,2,3137.9,333,5,3138.0,228,2,3138.4,21,1
2031,2026-06-16 09:35:00+05:30,3137.4,7,3144.01,404543,105067.0,182046.0,3163.0,3163.0,3135.7,3134.3,31711800,3447.7,2820.9,3839.9,2896.0,3136.0,258,9,3135.9,84,4,3135.8,56,3,3135.7,274,5,3135.6,71,3,3137.3,45,2,3137.4,36,3,3137.5,105,7,3137.6,1,1,3137.7,45,1
2031,2026-06-16 09:35:01+05:30,3137.3,1,3144.01,404543,105067.0,182046.0,3163.0,3163.0,3135.7,3134.3,31711800,3447.7,2820.9,3839.9,2896.0,3136.0,258,9,3135.9,84,4,3135.8,56,3,3135.7,274,5,3135.6,71,3,3137.3,45,2,3137.4,36,3,3137.5,105,7,3137.6,1,1,3137.7,45,1
2031,2026-06-16 09:35:01+05:30,3137.3,1,3144.01,404781,105002.0,182353.0,3163.0,3163.0,3135.7,3134.3,31711800,3447.7,2820.9,3839.9,2896.0,3136.0,66,5,3135.9,67,4,3135.8,194,4,3135.7,238,4,3135.6,71,3,3137.3,98,3,3137.4,60,3,3137.5,359,9,3137.6,4,1,3137.7,245,2
2031,2026-06-16 09:35:02+05:30,3136.0,7,3144.01,404781,105002.0,182353.0,3163.0,3163.0,3135.7,3134.3,31711800,3447.7,2820.9,3839.9,2896.0,3136.0,66,5,3135.9,67,4,3135.8,194,4,3135.7,238,4,3135.6,71,3,3137.3,98,3,3137.4,60,3,3137.5,359,9,3137.6,4,1,3137.7,245,2
2031,2026-06-16 09:35:02+05:30,3136.0,1,3144.01,405021,104691.0,183100.0,3163.0,3163.0,3135.7,3134.3,31711800,3447.7,2820.9,3839.9,2896.0,3136.0,81,5,3135.9,5,1,3135.8,5,1,3135.7,120,2,3135.6,30,1,3137.1,72,3,3137.2,371,8,3137.3,383,9,3137.4,325,6,3137.5,211,7
2031,2026-06-16 09:35:03+05:30,3136.0,13,3144.01,405021,104691.0,183100.0,3163.0,3163.0,3135.7,3134.3,31711800,3447.7,2820.9,3839.9,2896.0,3136.0,81,5,3135.9,5,1,3135.8,5,1,3135.7,120,2,3135.6,30,1,3137.1,72,3,3137.2,371,8,3137.3,383,9,3137.4,325,6,3137.5,211,7
2031,2026-06-16 09:35:04+05:30,3137.1,1,3144.0,405188,105079.0,183496.0,3163.0,3163.0,3135.7,3134.3,31711800,3447.7,2820.9,3839.9,2896.0,3136.0,75,5,3135.9,10,2,3135.8,5,1,3135.7,127,3,3135.6,1,1,3137.0,127,6,3137.1,123,4,3137.2,417,10,3137.3,336,5,3137.4,391,8
2031,2026-06-16 09:35:04+05:30,3136.9,13,3144.0,405188,105079.0,183496.0,3163.0,3163.0,3135.7,3134.3,31711800,3447.7,2820.9,3839.9,2896.0,3136.0,75,5,3135.9,10,2,3135.8,5,1,3135.7,127,3,3135.6,1,1,3137.0,127,6,3137.1,123,4,3137.2,417,10,3137.3,336,5,3137.4,391,8
2031,2026-06-16 09:35:05+05:30,3136.9,8,3144.0,405244,105030.0,183291.0,3163.0,3163.0,3135.7,3134.3,31711800,3447.7,2820.9,3839.9,2896.0,3136.0,46,6,3135.9,10,2,3135.8,27,2,3135.7,127,3,3135.6,85,3,3136.9,18,1,3137.0,20,2,3137.1,85,2,3137.2,289,6,3137.3,205,3
2031,2026-06-16 09:35:05+05:30,3136.0,7,3144.0,405244,105030.0,183291.0,3163.0,3163.0,3135.7,3134.3,31711800,3447.7,2820.9,3839.9,2896.0,3136.0,46,6,3135.9,10,2,3135.8,27,2,3135.7,127,3,3135.6,85,3,3136.9,18,1,3137.0,20,2,3137.1,85,2,3137.2,289,6,3137.3,205,3
2031,2026-06-16 09:35:06+05:30,3136.0,7,3144.0,405270,104681.0,183654.0,3163.0,3163.0,3135.7,3134.3,31711800,3447.7,2820.9,3839.9,2896.0,3136.0,42,5,3135.9,10,2,3135.8,5,1,3135.7,127,3,3135.6,1,1,3136.8,200,1,3136.9,87,7,3137.0,57,3,3137.1,99,3,3137.2,397,6
2031,2026-06-16 09:35:07+05:30,3136.0,5,3144.0,405300,104842.0,183677.0,3163.0,3163.0,3135.7,3134.3,31711800,3447.7,2820.9,3839.9,2896.0,3136.0,177,7,3135.9,10,2,3135.8,5,1,3135.7,127,3,3135.6,1,1,3136.7,14,2,3136.8,242,4,3136.9,30,2,3137.0,39,1,3137.1,38,2
2031,2026-06-16 09:35:07+05:30,3136.0,5,3144.0,405300,104842.0,183677.0,3163.0,3163.0,3135.7,3134.3,31711800,3447.7,2820.9,3839.9,2896.0,3136.0,177,7,3135.9,10,2,3135.8,5,1,3135.7,127,3,3135.6,1,1,3136.7,14,2,3136.8,242,4,3136.9,30,2,3137.0,39,1,3137.1,38,2
2031,2026-06-16 09:35:08+05:30,3136.7,2,3144.0,405343,104917.0,182353.0,3163.0,3163.0,3135.7,3134.3,31711800,3447.7,2820.9,3839.9,2896.0,3136.0,154,7,3135.9,10,2,3135.8,5,1,3135.7,168,5,3135.6,64,3,3136.4,1,1,3136.7,38,3,3136.8,242,4,3136.9,30,2,3137.0,19,1
2031,2026-06-16 09:35:08+05:30,3136.7,2,3144.0,405343,104917.0,182353.0,3163.0,3163.0,3135.7,3134.3,31711800,3447.7,2820.9,3839.9,2896.0,3136.0,154,7,3135.9,10,2,3135.8,5,1,3135.7,168,5,3135.6,64,3,3136.4,1,1,3136.7,38,3,3136.8,242,4,3136.9,30,2,3137.0,19,1
2031,2026-06-16 09:35:09+05:30,3136.4,1,3144.0,405344,105077.0,184284.0,3163.0,3163.0,3135.7,3134.3,31711800,3447.7,2820.9,3839.9,2896.0,3136.0,196,8,3135.9,10,2,3135.8,5,1,3135.7,146,4,3135.6,108,4,3136.4,60,4,3136.7,38,3,3136.8,228,2,3136.9,18,1,3137.1,238,3
2031,2026-06-16 09:35:09+05:30,3136.4,1,3144.0,405344,105077.0,184284.0,3163.0,3163.0,3135.7,3134.3,31711800,3447.7,2820.9,3839.9,2896.0,3136.0,196,8,3135.9,10,2,3135.8,5,1,3135.7,146,4,3135.6,108,4,3136.4,60,4,3136.7,38,3,3136.8,228,2,3136.9,18,1,3137.1,238,3
2031,2026-06-16 09:35:10+05:30,3136.4,1,3144.0,405344,105077.0,184284.0,3163.0,3163.0,3135.7,3134.3,31711800,3447.7,2820.9,3839.9,2896.0,3136.0,196,8,3135.9,10,2,3135.8,5,1,3135.7,146,4,3135.6,108,4,3136.4,60,4,3136.7,38,3,3136.8,228,2,3136.9,18,1,3137.1,238,3
2031,2026-06-16 09:35:10+05:30,3136.0,5,3144.0,405344,105077.0,184284.0,3163.0,3163.0,3135.7,3134.3,31711800,3447.7,2820.9,3839.9,2896.0,3136.0,196,8,3135.9,10,2,3135.8,5,1,3135.7,146,4,3135.6,108,4,3136.4,60,4,3136.7,38,3,3136.8,228,2,3136.9,18,1,3137.1,238,3
2031,2026-06-16 09:35:10+05:30,3136.0,5,3144.0,405364,105108.0,184491.0,3163.0,3163.0,3135.7,3134.3,31711800,3447.7,2820.9,3839.9,2896.0,3136.0,216,9,3135.9,10,2,3135.8,5,1,3135.7,127,3,3135.6,45,2,3136.4,82,7,3136.7,38,3,3136.8,228,2,3136.9,20,2,3137.0,239,2
2031,2026-06-16 09:35:11+05:30,3136.7,3,3144.0,405364,105108.0,184491.0,3163.0,3163.0,3135.7,3134.3,31711800,3447.7,2820.9,3839.9,2896.0,3136.0,216,9,3135.9,10,2,3135.8,5,1,3135.7,127,3,3135.6,45,2,3136.4,82,7,3136.7,38,3,3136.8,228,2,3136.9,20,2,3137.0,239,2
2031,2026-06-16 09:35:11+05:30,3136.7,3,3144.0,405464,105338.0,184143.0,3163.0,3163.0,3135.7,3134.3,31711800,3447.7,2820.9,3839.9,2896.0,3136.2,29,1,3136.0,290,10,3135.9,10,2,3135.8,5,1,3135.7,149,4,3136.7,35,3,3136.8,228,2,3136.9,20,2,3137.1,37,1,3137.2,534,4
2031,2026-06-16 09:35:12+05:30,3136.7,3,3144.0,405464,105338.0,184143.0,3163.0,3163.0,3135.7,3134.3,31711800,3447.7,2820.9,3839.9,2896.0,3136.2,29,1,3136.0,290,10,3135.9,10,2,3135.8,5,1,3135.7,149,4,3136.7,35,3,3136.8,228,2,3136.9,20,2,3137.1,37,1,3137.2,534,4
2031,2026-06-16 09:35:12+05:30,3136.2,51,3144.0,405464,105338.0,184143.0,3163.0,3163.0,3135.7,3134.3,31711800,3447.7,2820.9,3839.9,2896.0,3136.2,29,1,3136.0,290,10,3135.9,10,2,3135.8,5,1,3135.7,149,4,3136.7,35,3,3136.8,228,2,3136.9,20,2,3137.1,37,1,3137.2,534,4
2031,2026-06-16 09:35:12+05:30,3136.2,51,3144.0,405515,105427.0,184002.0,3163.0,3163.0,3135.7,3134.3,31711800,3447.7,2820.9,3839.9,2896.0,3136.2,88,3,3136.1,22,1,3136.0,326,10,3135.9,25,3,3135.8,138,6,3136.7,48,4,3136.8,228,2,3136.9,20,2,3137.1,18,1,3137.2,295,2
2031,2026-06-16 09:35:13+05:30,3136.2,5,3144.0,405515,105427.0,184002.0,3163.0,3163.0,3135.7,3134.3,31711800,3447.7,2820.9,3839.9,2896.0,3136.2,88,3,3136.1,22,1,3136.0,326,10,3135.9,25,3,3135.8,138,6,3136.7,48,4,3136.8,228,2,3136.9,20,2,3137.1,18,1,3137.2,295,2
2031,2026-06-16 09:35:13+05:30,3136.2,5,3144.0,405515,105427.0,184002.0,3163.0,3163.0,3135.7,3134.3,31711800,3447.7,2820.9,3839.9,2896.0,3136.2,88,3,3136.1,22,1,3136.0,326,10,3135.9,25,3,3135.8,138,6,3136.7,48,4,3136.8,228,2,3136.9,20,2,3137.1,18,1,3137.2,295,2
2031,2026-06-16 09:35:14+05:30,3136.2,5,3144.0,405520,105370.0,184202.0,3163.0,3163.0,3135.7,3134.3,31711800,3447.7,2820.9,3839.9,2896.0,3136.2,83,3,3136.0,268,8,3135.9,10,2,3135.8,20,2,3135.7,146,4,3136.7,49,5,3136.8,228,2,3136.9,20,2,3137.1,18,1,3137.2,295,2
2031,2026-06-16 09:35:14+05:30,3136.1,1,3144.0,405520,105370.0,184202.0,3163.0,3163.0,3135.7,3134.3,31711800,3447.7,2820.9,3839.9,2896.0,3136.2,83,3,3136.0,268,8,3135.9,10,2,3135.8,20,2,3135.7,146,4,3136.7,49,5,3136.8,228,2,3136.9,20,2,3137.1,18,1,3137.2,295,2
2031,2026-06-16 09:35:15+05:30,3136.1,164,3143.98,406102,105077.0,184451.0,3163.0,3163.0,3135.7,3134.3,31711800,3447.7,2820.9,3839.9,2896.0,3136.0,286,7,3135.9,10,2,3135.8,20,2,3135.7,127,3,3135.6,43,2,3136.1,19,1,3136.6,25,2,3136.7,48,5,3136.8,255,3,3136.9,273,5
2031,2026-06-16 09:35:15+05:30,3136.1,164,3143.98,406102,105077.0,184451.0,3163.0,3163.0,3135.7,3134.3,31711800,3447.7,2820.9,3839.9,2896.0,3136.0,286,7,3135.9,10,2,3135.8,20,2,3135.7,127,3,3135.6,43,2,3136.1,19,1,3136.6,25,2,3136.7,48,5,3136.8,255,3,3136.9,273,5
2031,2026-06-16 09:35:15+05:30,3136.0,10,3143.98,406102,105077.0,184451.0,3163.0,3163.0,3135.7,3134.3,31711800,3447.7,2820.9,3839.9,2896.0,3136.0,286,7,3135.9,10,2,3135.8,20,2,3135.7,127,3,3135.6,43,2,3136.1,19,1,3136.6,25,2,3136.7,48,5,3136.8,255,3,3136.9,273,5
2031,2026-06-16 09:35:16+05:30,3136.0,187,3143.96,407366,104716.0,183811.0,3163.0,3163.0,3135.7,3134.3,31711800,3447.7,2820.9,3839.9,2896.0,3136.0,204,5,3135.9,10,2,3135.8,62,4,3135.7,135,4,3135.6,65,3,3136.1,21,1,3136.5,8,1,3136.8,206,2,3136.9,6,1,3137.0,7,2
2031,2026-06-16 09:35:16+05:30,3136.0,100,3143.96,407366,104716.0,183811.0,3163.0,3163.0,3135.7,3134.3,31711800,3447.7,2820.9,3839.9,2896.0,3136.0,204,5,3135.9,10,2,3135.8,62,4,3135.7,135,4,3135.6,65,3,3136.1,21,1,3136.5,8,1,3136.8,206,2,3136.9,6,1,3137.0,7,2
2031,2026-06-16 09:35:16+05:30,3136.0,100,3143.96,407366,104716.0,183811.0,3163.0,3163.0,3135.7,3134.3,31711800,3447.7,2820.9,3839.9,2896.0,3136.0,204,5,3135.9,10,2,3135.8,62,4,3135.7,135,4,3135.6,65,3,3136.1,21,1,3136.5,8,1,3136.8,206,2,3136.9,6,1,3137.0,7,2
2031,2026-06-16 09:35:17+05:30,3136.0,100,3143.96,407466,104914.0,182075.0,3163.0,3163.0,3135.7,3134.3,31711800,3447.7,2820.9,3839.9,2896.0,3136.0,192,8,3135.9,14,3,3135.8,68,5,3135.7,135,4,3135.6,23,2,3136.1,83,3,3136.5,8,1,3136.8,231,3,3136.9,6,1,3137.0,206,2
2031,2026-06-16 09:35:17+05:30,3136.0,23,3143.96,407466,104914.0,182075.0,3163.0,3163.0,3135.7,3134.3,31711800,3447.7,2820.9,3839.9,2896.0,3136.0,192,8,3135.9,14,3,3135.8,68,5,3135.7,135,4,3135.6,23,2,3136.1,83,3,3136.5,8,1,3136.8,231,3,3136.9,6,1,3137.0,206,2
2031,2026-06-16 09:35:18+05:30,3136.0,23,3143.96,407466,104914.0,182075.0,3163.0,3163.0,3135.7,3134.3,31711800,3447.7,2820.9,3839.9,2896.0,3136.0,192,8,3135.9,14,3,3135.8,68,5,3135.7,135,4,3135.6,23,2,3136.1,83,3,3136.5,8,1,3136.8,231,3,3136.9,6,1,3137.0,206,2
2031,2026-06-16 09:35:18+05:30,3136.0,21,3143.95,407891,104572.0,184186.0,3163.0,3163.0,3135.7,3134.3,31711800,3447.7,2820.9,3839.9,2896.0,3136.0,145,7,3135.9,10,2,3135.8,20,2,3135.7,149,4,3135.6,11,2,3136.1,155,7,3136.5,8,1,3136.8,231,3,3136.9,6,1,3137.0,206,2
2031,2026-06-16 09:35:18+05:30,3136.0,5,3143.95,407891,104572.0,184186.0,3163.0,3163.0,3135.7,3134.3,31711800,3447.7,2820.9,3839.9,2896.0,3136.0,145,7,3135.9,10,2,3135.8,20,2,3135.7,149,4,3135.6,11,2,3136.1,155,7,3136.5,8,1,3136.8,231,3,3136.9,6,1,3137.0,206,2
2031,2026-06-16 09:35:19+05:30,3136.0,5,3143.95,407891,104572.0,184186.0,3163.0,3163.0,3135.7,3134.3,31711800,3447.7,2820.9,3839.9,2896.0,3136.0,145,7,3135.9,10,2,3135.8,20,2,3135.7,149,4,3135.6,11,2,3136.1,155,7,3136.5,8,1,3136.8,231,3,3136.9,6,1,3137.0,206,2
2031,2026-06-16 09:35:19+05:30,3136.1,6,3143.94,408245,104814.0,183633.0,3163.0,3163.0,3135.7,3134.3,31711800,3447.7,2820.9,3839.9,2896.0,3136.0,168,8,3135.9,10,2,3135.8,67,5,3135.7,135,4,3135.6,62,3,3136.5,9,2,3136.8,233,4,3136.9,7,2,3137.0,206,2,3137.2,200,1
2031,2026-06-16 09:35:19+05:30,3136.1,6,3143.94,408245,104814.0,183633.0,3163.0,3163.0,3135.7,3134.3,31711800,3447.7,2820.9,3839.9,2896.0,3136.0,168,8,3135.9,10,2,3135.8,67,5,3135.7,135,4,3135.6,62,3,3136.5,9,2,3136.8,233,4,3136.9,7,2,3137.0,206,2,3137.2,200,1
2031,2026-06-16 09:35:20+05:30,3136.1,6,3143.94,408245,104814.0,183633.0,3163.0,3163.0,3135.7,3134.3,31711800,3447.7,2820.9,3839.9,2896.0,3136.0,168,8,3135.9,10,2,3135.8,67,5,3135.7,135,4,3135.6,62,3,3136.5,9,2,3136.8,233,4,3136.9,7,2,3137.0,206,2,3137.2,200,1
2031,2026-06-16 09:35:20+05:30,3136.8,1,3143.94,408650,105290.0,183214.0,3163.0,3163.0,3135.7,3134.3,31711800,3447.7,2820.9,3839.9,2896.0,3136.0,147,7,3135.9,10,2,3135.8,20,2,3135.7,286,7,3135.6,43,2,3136.8,205,2,3137.0,97,3,3137.2,200,1,3137.3,334,4,3137.4,21,2
2031,2026-06-16 09:35:20+05:30,3136.0,19,3143.94,408650,105290.0,183214.0,3163.0,3163.0,3135.7,3134.3,31711800,3447.7,2820.9,3839.9,2896.0,3136.0,147,7,3135.9,10,2,3135.8,20,2,3135.7,286,7,3135.6,43,2,3136.8,205,2,3137.0,97,3,3137.2,200,1,3137.3,334,4,3137.4,21,2
2031,2026-06-16 09:35:20+05:30,3136.0,19,3143.94,408650,105290.0,183214.0,3163.0,3163.0,3135.7,3134.3,31711800,3447.7,2820.9,3839.9,2896.0,3136.0,147,7,3135.9,10,2,3135.8,20,2,3135.7,286,7,3135.6,43,2,3136.8,205,2,3137.0,97,3,3137.2,200,1,3137.3,334,4,3137.4,21,2
2031,2026-06-16 09:35:21+05:30,3136.0,19,3143.94,408650,105290.0,183214.0,3163.0,3163.0,3135.7,3134.3,31711800,3447.7,2820.9,3839.9,2896.0,3136.0,147,7,3135.9,10,2,3135.8,20,2,3135.7,286,7,3135.6,43,2,3136.8,205,2,3137.0,97,3,3137.2,200,1,3137.3,334,4,3137.4,21,2
2031,2026-06-16 09:35:21+05:30,3136.0,10,3143.94,408650,105290.0,183214.0,3163.0,3163.0,3135.7,3134.3,31711800,3447.7,2820.9,3839.9,2896.0,3136.0,147,7,3135.9,10,2,3135.8,20,2,3135.7,286,7,3135.6,43,2,3136.8,205,2,3137.0,97,3,3137.2,200,1,3137.3,334,4,3137.4,21,2
2031,2026-06-16 09:35:21+05:30,3136.0,10,3143.93,408964,104888.0,183850.0,3163.0,3163.0,3135.7,3134.3,31711800,3447.7,2820.9,3839.9,2896.0,3136.0,64,5,3135.9,10,2,3135.8,20,2,3135.7,127,3,3135.6,1,1,3136.7,76,2,3136.8,352,7,3136.9,60,2,3137.0,188,6,3137.1,39,2
2031,2026-06-16 09:35:21+05:30,3136.0,10,3143.93,408964,104888.0,183850.0,3163.0,3163.0,3135.7,3134.3,31711800,3447.7,2820.9,3839.9,2896.0,3136.0,64,5,3135.9,10,2,3135.8,20,2,3135.7,127,3,3135.6,1,1,3136.7,76,2,3136.8,352,7,3136.9,60,2,3137.0,188,6,3137.1,39,2
2031,2026-06-16 09:35:22+05:30,3136.0,10,3143.93,408964,104888.0,183850.0,3163.0,3163.0,3135.7,3134.3,31711800,3447.7,2820.9,3839.9,2896.0,3136.0,64,5,3135.9,10,2,3135.8,20,2,3135.7,127,3,3135.6,1,1,3136.7,76,2,3136.8,352,7,3136.9,60,2,3137.0,188,6,3137.1,39,2
2031,2026-06-16 09:35:22+05:30,3136.0,3,3143.93,408964,104888.0,183850.0,3163.0,3163.0,3135.7,3134.3,31711800,3447.7,2820.9,3839.9,2896.0,3136.0,64,5,3135.9,10,2,3135.8,20,2,3135.7,127,3,3135.6,1,1,3136.7,76,2,3136.8,352,7,3136.9,60,2,3137.0,188,6,3137.1,39,2
2031,2026-06-16 09:35:22+05:30,3136.0,3,3143.93,409020,105317.0,183668.0,3163.0,3163.0,3135.7,3134.3,31711800,3447.7,2820.9,3839.9,2896.0,3136.1,25,1,3136.0,101,5,3135.9,10,2,3135.8,61,4,3135.7,183,4,3136.7,76,2,3136.8,294,5,3136.9,25,1,3137.0,97,3,3137.1,37,1
2031,2026-06-16 09:35:23+05:30,3136.0,3,3143.93,409020,105317.0,183668.0,3163.0,3163.0,3135.7,3134.3,31711800,3447.7,2820.9,3839.9,2896.0,3136.1,25,1,3136.0,101,5,3135.9,10,2,3135.8,61,4,3135.7,183,4,3136.7,76,2,3136.8,294,5,3136.9,25,1,3137.0,97,3,3137.1,37,1
2031,2026-06-16 09:35:23+05:30,3136.1,11,3143.93,409020,105317.0,183668.0,3163.0,3163.0,3135.7,3134.3,31711800,3447.7,2820.9,3839.9,2896.0,3136.1,25,1,3136.0,101,5,3135.9,10,2,3135.8,61,4,3135.7,183,4,3136.7,76,2,3136.8,294,5,3136.9,25,1,3137.0,97,3,3137.1,37,1
2031,2026-06-16 09:35:23+05:30,3136.1,11,3143.93,409092,105516.0,183799.0,3163.0,3163.0,3135.7,3134.3,31711800,3447.7,2820.9,3839.9,2896.0,3136.1,36,1,3136.0,93,4,3135.9,10,2,3135.8,76,3,3135.7,149,4,3136.7,79,4,3136.8,294,5,3136.9,25,1,3137.0,97,3,3137.2,237,2
2031,2026-06-16 09:35:24+05:30,3136.1,11,3143.93,409092,105516.0,183799.0,3163.0,3163.0,3135.7,3134.3,31711800,3447.7,2820.9,3839.9,2896.0,3136.1,36,1,3136.0,93,4,3135.9,10,2,3135.8,76,3,3135.7,149,4,3136.7,79,4,3136.8,294,5,3136.9,25,1,3137.0,97,3,3137.2,237,2
2031,2026-06-16 09:35:24+05:30,3136.1,3,3143.93,409092,105516.0,183799.0,3163.0,3163.0,3135.7,3134.3,31711800,3447.7,2820.9,3839.9,2896.0,3136.1,36,1,3136.0,93,4,3135.9,10,2,3135.8,76,3,3135.7,149,4,3136.7,79,4,3136.8,294,5,3136.9,25,1,3137.0,97,3,3137.2,237,2
2031,2026-06-16 09:35:24+05:30,3136.1,3,3143.93,409092,105516.0,183799.0,3163.0,3163.0,3135.7,3134.3,31711800,3447.7,2820.9,3839.9,2896.0,3136.1,36,1,3136.0,93,4,3135.9,10,2,3135.8,76,3,3135.7,149,4,3136.7,79,4,3136.8,294,5,3136.9,25,1,3137.0,97,3,3137.2,237,2
2031,2026-06-16 09:35:24+05:30,3136.1,3,3143.93,409134,105768.0,183345.0,3163.0,3163.0,3135.7,3134.3,31711800,3447.7,2820.9,3839.9,2896.0,3136.1,103,4,3136.0,124,5,3135.9,29,3,3135.8,44,3,3135.7,220,5,3136.7,94,4,3136.8,288,4,3136.9,25,1,3137.0,89,2,3137.2,200,1
2031,2026-06-16 09:35:25+05:30,3136.1,3,3143.93,409134,105768.0,183345.0,3163.0,3163.0,3135.7,3134.3,31711800,3447.7,2820.9,3839.9,2896.0,3136.1,103,4,3136.0,124,5,3135.9,29,3,3135.8,44,3,3135.7,220,5,3136.7,94,4,3136.8,288,4,3136.9,25,1,3137.0,89,2,3137.2,200,1
2031,2026-06-16 09:35:25+05:30,3136.9,25,3143.93,409134,105768.0,183345.0,3163.0,3163.0,3135.7,3134.3,31711800,3447.7,2820.9,3839.9,2896.0,3136.1,103,4,3136.0,124,5,3135.9,29,3,3135.8,44,3,3135.7,220,5,3136.7,94,4,3136.8,288,4,3136.9,25,1,3137.0,89,2,3137.2,200,1
2031,2026-06-16 09:35:25+05:30,3136.9,25,3143.92,409624,106054.0,181626.0,3163.0,3163.0,3135.7,3134.3,31711800,3447.7,2820.9,3839.9,2896.0,3136.6,101,5,3136.5,46,2,3136.4,98,6,3136.3,45,3,3136.2,39,3,3136.9,200,1,3137.0,89,2,3137.3,203,2,3137.4,199,2,3137.5,4,1
2031,2026-06-16 09:35:26+05:30,3136.9,25,3143.92,409624,106054.0,181626.0,3163.0,3163.0,3135.7,3134.3,31711800,3447.7,2820.9,3839.9,2896.0,3136.6,101,5,3136.5,46,2,3136.4,98,6,3136.3,45,3,3136.2,39,3,3136.9,200,1,3137.0,89,2,3137.3,203,2,3137.4,199,2,3137.5,4,1
2031,2026-06-16 09:35:26+05:30,3136.8,5,3143.92,409624,106054.0,181626.0,3163.0,3163.0,3135.7,3134.3,31711800,3447.7,2820.9,3839.9,2896.0,3136.6,101,5,3136.5,46,2,3136.4,98,6,3136.3,45,3,3136.2,39,3,3136.9,200,1,3137.0,89,2,3137.3,203,2,3137.4,199,2,3137.5,4,1
2031,2026-06-16 09:35:26+05:30,3136.8,5,3143.92,409829,106170.0,182358.0,3163.0,3163.0,3135.7,3134.3,31711800,3447.7,2820.9,3839.9,2896.0,3136.7,43,5,3136.6,97,4,3136.5,62,4,3136.4,51,3,3136.3,45,3,3136.8,52,2,3136.9,226,2,3137.0,89,2,3137.3,228,3,3137.4,199,2
2031,2026-06-16 09:35:27+05:30,3136.8,5,3143.92,409829,106170.0,182358.0,3163.0,3163.0,3135.7,3134.3,31711000,3447.7,2820.9,3839.9,2896.0,3136.7,43,5,3136.6,97,4,3136.5,62,4,3136.4,51,3,3136.3,45,3,3136.8,52,2,3136.9,226,2,3137.0,89,2,3137.3,228,3,3137.4,199,2
2031,2026-06-16 09:35:27+05:30,3136.8,1,3143.92,409829,106170.0,182358.0,3163.0,3163.0,3135.7,3134.3,31711000,3447.7,2820.9,3839.9,2896.0,3136.7,43,5,3136.6,97,4,3136.5,62,4,3136.4,51,3,3136.3,45,3,3136.8,52,2,3136.9,226,2,3137.0,89,2,3137.3,228,3,3137.4,199,2
2031,2026-06-16 09:35:27+05:30,3136.7,2,3143.92,409835,106301.0,182330.0,3163.0,3163.0,3135.7,3134.3,31711000,3447.7,2820.9,3839.9,2896.0,3136.7,49,6,3136.6,46,2,3136.5,69,4,3136.4,51,3,3136.3,72,4,3136.8,50,2,3136.9,226,2,3137.0,89,2,3137.3,228,3,3137.4,199,2
2031,2026-06-16 09:35:28+05:30,3136.8,12,3143.92,409835,106301.0,182330.0,3163.0,3163.0,3135.7,3134.3,31711000,3447.7,2820.9,3839.9,2896.0,3136.7,49,6,3136.6,46,2,3136.5,69,4,3136.4,51,3,3136.3,72,4,3136.8,50,2,3136.9,226,2,3137.0,89,2,3137.3,228,3,3137.4,199,2
2031,2026-06-16 09:35:29+05:30,3136.8,12,3143.91,409985,106275.0,182413.0,3163.0,3163.0,3135.7,3134.3,31711000,3447.7,2820.9,3839.9,2896.0,3136.8,69,4,3136.7,67,6,3136.6,89,4,3136.5,12,2,3136.4,137,5,3136.9,229,3,3137.0,89,2,3137.3,228,3,3137.4,199,2,3137.5,4,1
2031,2026-06-16 09:35:29+05:30,3136.9,25,3143.91,409985,106275.0,182413.0,3163.0,3163.0,3135.7,3134.3,31711000,3447.7,2820.9,3839.9,2896.0,3136.8,69,4,3136.7,67,6,3136.6,89,4,3136.5,12,2,3136.4,137,5,3136.9,229,3,3137.0,89,2,3137.3,228,3,3137.4,199,2,3137.5,4,1
2031,2026-06-16 09:35:30+05:30,3136.9,25,3143.91,410286,106389.0,181401.0,3163.0,3163.0,3135.7,3134.3,31711000,3447.7,2820.9,3839.9,2896.0,3136.8,41,2,3136.7,56,5,3136.6,89,4,3136.5,65,3,3136.4,67,4,3137.0,89,2,3137.3,28,2,3137.4,32,2,3137.5,204,2,3137.6,14,1
2031,2026-06-16 09:35:30+05:30,3137.0,1,3143.91,410286,106389.0,181401.0,3163.0,3163.0,3135.7,3134.3,31711000,3447.7,2820.9,3839.9,2896.0,3136.8,41,2,3136.7,56,5,3136.6,89,4,3136.5,65,3,3136.4,67,4,3137.0,89,2,3137.3,28,2,3137.4,32,2,3137.5,204,2,3137.6,14,1
2031,2026-06-16 09:35:31+05:30,3137.0,1,3143.91,410328,106832.0,181199.0,3163.0,3163.0,3135.7,3134.3,31711000,3447.7,2820.9,3839.9,2896.0,3136.9,71,7,3136.8,83,5,3136.7,56,5,3136.6,104,5,3136.5,109,4,3137.0,87,3,3137.3,28,2,3137.4,32,2,3137.5,204,2,3137.6,14,1
2031,2026-06-16 09:35:31+05:30,3136.9,18,3143.91,410328,106832.0,181199.0,3163.0,3163.0,3135.7,3134.3,31711000,3447.7,2820.9,3839.9,2896.0,3136.9,71,7,3136.8,83,5,3136.7,56,5,3136.6,104,5,3136.5,109,4,3137.0,87,3,3137.3,28,2,3137.4,32,2,3137.5,204,2,3137.6,14,1
2031,2026-06-16 09:35:32+05:30,3136.9,18,3143.91,410419,106836.0,181409.0,3163.0,3163.0,3135.7,3134.3,31711000,3447.7,2820.9,3839.9,2896.0,3136.9,50,6,3136.8,94,5,3136.7,50,4,3136.6,89,4,3136.5,108,4,3137.0,64,5,3137.3,28,2,3137.4,32,2,3137.5,234,3,3137.6,14,1
2031,2026-06-16 09:35:33+05:30,3136.9,3,3143.91,410422,106925.0,181632.0,3163.0,3163.0,3135.7,3134.3,31711000,3447.7,2820.9,3839.9,2896.0,3136.9,99,7,3136.8,81,4,3136.7,50,4,3136.6,102,5,3136.5,56,3,3137.0,64,5,3137.3,28,2,3137.4,32,2,3137.5,234,3,3137.6,14,1
2031,2026-06-16 09:35:33+05:30,3136.9,3,3143.91,410422,106925.0,181632.0,3163.0,3163.0,3135.7,3134.3,31711000,3447.7,2820.9,3839.9,2896.0,3136.9,99,7,3136.8,81,4,3136.7,50,4,3136.6,102,5,3136.5,56,3,3137.0,64,5,3137.3,28,2,3137.4,32,2,3137.5,234,3,3137.6,14,1
2031,2026-06-16 09:35:34+05:30,3137.0,1,3143.91,410423,106983.0,181711.0,3163.0,3163.0,3135.7,3134.3,31711000,3447.7,2820.9,3839.9,2896.0,3136.9,85,6,3136.8,98,5,3136.7,44,3,3136.6,68,3,3136.5,56,3,3137.0,63,5,3137.3,28,2,3137.4,32,2,3137.5,234,3,3137.6,14,1
2031,2026-06-16 09:35:34+05:30,3136.9,18,3143.91,410423,106983.0,181711.0,3163.0,3163.0,3135.7,3134.3,31711000,3447.7,2820.9,3839.9,2896.0,3136.9,85,6,3136.8,98,5,3136.7,44,3,3136.6,68,3,3136.5,56,3,3137.0,63,5,3137.3,28,2,3137.4,32,2,3137.5,234,3,3137.6,14,1
2031,2026-06-16 09:35:35+05:30,3136.9,32,3143.89,411137,106699.0,181965.0,3163.0,3163.0,3135.7,3134.3,31711000,3447.7,2820.9,3839.9,2896.0,3136.9,19,2,3136.8,32,3,3136.7,49,4,3136.6,42,1,3136.1,108,5,3137.0,64,6,3137.3,28,2,3137.4,32,2,3137.5,234,3,3137.6,14,1
2031,2026-06-16 09:35:35+05:30,3136.9,52,3143.89,411137,106699.0,181965.0,3163.0,3163.0,3135.7,3134.3,31711000,3447.7,2820.9,3839.9,2896.0,3136.9,19,2,3136.8,32,3,3136.7,49,4,3136.6,42,1,3136.1,108,5,3137.0,64,6,3137.3,28,2,3137.4,32,2,3137.5,234,3,3137.6,14,1
2031,2026-06-16 09:35:36+05:30,3137.0,6,3143.89,411393,107541.0,181894.0,3163.0,3163.0,3135.7,3134.3,31711000,3447.7,2820.9,3839.9,2896.0,3137.0,33,2,3136.9,50,2,3136.8,32,3,3136.7,71,6,3136.6,77,3,3137.3,28,2,3137.4,32,2,3137.5,234,3,3137.6,14,1,3137.9,312,4
2031,2026-06-16 09:35:36+05:30,3137.0,6,3143.89,411393,107541.0,181894.0,3163.0,3163.0,3135.7,3134.3,31711000,3447.7,2820.9,3839.9,2896.0,3137.0,33,2,3136.9,50,2,3136.8,32,3,3136.7,71,6,3136.6,77,3,3137.3,28,2,3137.4,32,2,3137.5,234,3,3137.6,14,1,3137.9,312,4
2031,2026-06-16 09:35:37+05:30,3137.0,29,3143.88,411685,106707.0,181979.0,3163.0,3163.0,3135.7,3134.3,31711000,3447.7,2820.9,3839.9,2896.0,3136.9,77,3,3136.8,32,3,3136.7,60,5,3136.6,42,1,3136.3,22,1,3137.0,110,1,3137.3,27,3,3137.4,45,3,3137.5,234,3,3137.6,37,3
2031,2026-06-16 09:35:37+05:30,3136.9,5,3143.88,411685,106707.0,181979.0,3163.0,3163.0,3135.7,3134.3,31711000,3447.7,2820.9,3839.9,2896.0,3136.9,77,3,3136.8,32,3,3136.7,60,5,3136.6,42,1,3136.3,22,1,3137.0,110,1,3137.3,27,3,3137.4,45,3,3137.5,234,3,3137.6,37,3
2031,2026-06-16 09:35:38+05:30,3136.9,5,3143.88,411735,106751.0,182122.0,3163.0,3163.0,3135.7,3134.3,31711000,3447.7,2820.9,3839.9,2896.0,3136.9,72,5,3136.8,32,3,3136.7,54,3,3136.6,42,1,3136.5,22,1,3137.0,199,3,3137.3,27,3,3137.4,32,2,3137.5,234,3,3137.6,17,2
2031,2026-06-16 09:35:38+05:30,3136.9,2,3143.88,411735,106751.0,182122.0,3163.0,3163.0,3135.7,3134.3,31711000,3447.7,2820.9,3839.9,2896.0,3136.9,72,5,3136.8,32,3,3136.7,54,3,3136.6,42,1,3136.5,22,1,3137.0,199,3,3137.3,27,3,3137.4,32,2,3137.5,234,3,3137.6,17,2
2031,2026-06-16 09:35:39+05:30,3136.9,6,3143.88,411735,106751.0,182122.0,3163.0,3163.0,3135.7,3134.3,31711000,3447.7,2820.9,3839.9,2896.0,3136.9,72,5,3136.8,32,3,3136.7,54,3,3136.6,42,1,3136.5,22,1,3137.0,199,3,3137.3,27,3,3137.4,32,2,3137.5,234,3,3137.6,17,2
2031,2026-06-16 09:35:39+05:30,3136.9,6,3143.88,412179,106290.0,182275.0,3163.0,3163.0,3135.7,3134.3,31711000,3447.7,2820.9,3839.9,2896.0,3136.9,55,3,3136.8,32,3,3136.7,54,3,3136.6,42,1,3136.1,49,3,3137.0,262,6,3137.2,40,2,3137.3,27,3,3137.4,49,3,3137.5,253,4
2031,2026-06-16 09:35:40+05:30,3137.0,7,3143.88,412179,106290.0,182275.0,3163.0,3163.0,3135.7,3134.3,31711000,3447.7,2820.9,3839.9,2896.0,3136.9,55,3,3136.8,32,3,3136.7,54,3,3136.6,42,1,3136.1,49,3,3137.0,262,6,3137.2,40,2,3137.3,27,3,3137.4,49,3,3137.5,253,4
2031,2026-06-16 09:35:40+05:30,3137.0,1,3143.87,412271,106800.0,182381.0,3163.0,3163.0,3135.7,3134.3,31711000,3447.7,2820.9,3839.9,2896.0,3136.9,76,6,3136.8,31,2,3136.7,54,3,3136.6,42,1,3136.4,11,1,3137.0,268,6,3137.2,19,1,3137.3,27,3,3137.4,32,2,3137.5,204,2
2031,2026-06-16 09:35:41+05:30,3136.9,4,3143.87,412271,106800.0,182381.0,3163.0,3163.0,3135.7,3134.3,31711000,3447.7,2820.9,3839.9,2896.0,3136.9,76,6,3136.8,31,2,3136.7,54,3,3136.6,42,1,3136.4,11,1,3137.0,268,6,3137.2,19,1,3137.3,27,3,3137.4,32,2,3137.5,204,2
2031,2026-06-16 09:35:41+05:30,3136.9,4,3143.87,412278,106945.0,182302.0,3163.0,3163.0,3135.7,3134.3,31711000,3447.7,2820.9,3839.9,2896.0,3136.9,239,9,3136.8,31,2,3136.7,54,3,3136.6,42,1,3136.4,11,1,3137.0,267,6,3137.2,19,1,3137.3,27,3,3137.4,32,2,3137.5,204,2
2031,2026-06-16 09:35:42+05:30,3137.0,1,3143.87,412278,106945.0,182302.0,3163.0,3163.0,3135.7,3134.3,31711000,3447.7,2820.9,3839.9,2896.0,3136.9,239,9,3136.8,31,2,3136.7,54,3,3136.6,42,1,3136.4,11,1,3137.0,267,6,3137.2,19,1,3137.3,27,3,3137.4,32,2,3137.5,204,2
2031,2026-06-16 09:35:43+05:30,3137.0,1,3143.87,412279,107140.0,182305.0,3163.0,3163.0,3135.7,3134.3,31711000,3447.7,2820.9,3839.9,2896.0,3136.9,239,9,3136.8,31,2,3136.7,54,3,3136.6,42,1,3136.5,10,1,3137.0,266,6,3137.2,19,1,3137.3,27,3,3137.4,32,2,3137.5,204,2
2031,2026-06-16 09:35:43+05:30,3136.9,9,3143.87,412279,107140.0,182305.0,3163.0,3163.0,3135.7,3134.3,31711000,3447.7,2820.9,3839.9,2896.0,3136.9,239,9,3136.8,31,2,3136.7,54,3,3136.6,42,1,3136.5,10,1,3137.0,266,6,3137.2,19,1,3137.3,27,3,3137.4,32,2,3137.5,204,2
2031,2026-06-16 09:35:44+05:30,3136.9,9,3143.87,412487,106720.0,182330.0,3163.0,3163.0,3135.7,3134.3,31711000,3447.7,2820.9,3839.9,2896.0,3136.9,133,7,3136.8,31,2,3136.7,54,3,3136.6,42,1,3136.5,10,1,3137.0,311,9,3137.1,38,1,3137.2,48,3,3137.3,27,3,3137.4,105,5
2031,2026-06-16 09:35:45+05:30,3136.9,9,3143.87,412487,106924.0,182291.0,3163.0,3163.0,3135.7,3134.3,31711000,3447.7,2820.9,3839.9,2896.0,3136.9,134,8,3136.8,31,2,3136.7,54,3,3136.6,42,1,3136.5,10,1,3137.0,307,8,3137.1,25,2,3137.2,19,1,3137.3,40,4,3137.4,40,2
2031,2026-06-16 09:35:45+05:30,3136.4,4,3143.87,412487,106924.0,182291.0,3163.0,3163.0,3135.7,3134.3,31711000,3447.7,2820.9,3839.9,2896.0,3136.9,134,8,3136.8,31,2,3136.7,54,3,3136.6,42,1,3136.5,10,1,3137.0,307,8,3137.1,25,2,3137.2,19,1,3137.3,40,4,3137.4,40,2
2031,2026-06-16 09:35:46+05:30,3136.4,1,3143.85,413514,105589.0,181944.0,3163.0,3163.0,3135.7,3134.3,31711000,3447.7,2820.9,3839.9,2896.0,3135.8,29,3,3135.7,127,3,3135.6,23,2,3135.5,20,2,3135.4,84,3,3136.4,199,1,3136.5,8,2,3136.8,143,2,3136.9,200,1,3137.0,472,10
2031,2026-06-16 09:35:46+05:30,3136.5,15,3143.85,413514,105589.0,181944.0,3163.0,3163.0,3135.7,3134.3,31711000,3447.7,2820.9,3839.9,2896.0,3135.8,29,3,3135.7,127,3,3135.6,23,2,3135.5,20,2,3135.4,84,3,3136.4,199,1,3136.5,8,2,3136.8,143,2,3136.9,200,1,3137.0,472,10
2031,2026-06-16 09:35:47+05:30,3137.5,1,3143.82,415731,106453.0,180691.0,3163.0,3163.0,3135.7,3134.3,31711000,3447.7,2820.9,3839.9,2896.0,3136.5,210,9,3136.4,65,3,3136.3,187,5,3136.2,62,4,3136.1,92,3,3137.5,199,1,3137.9,417,4,3138.0,200,1,3138.1,11,1,3138.3,47,1
2031,2026-06-16 09:35:47+05:30,3136.5,9,3143.82,415731,106453.0,180691.0,3163.0,3163.0,3135.7,3134.3,31711000,3447.7,2820.9,3839.9,2896.0,3136.5,210,9,3136.4,65,3,3136.3,187,5,3136.2,62,4,3136.1,92,3,3137.5,199,1,3137.9,417,4,3138.0,200,1,3138.1,11,1,3138.3,47,1
2031,2026-06-16 09:35:48+05:30,3136.5,9,3143.81,416009,106415.0,181628.0,3163.0,3163.0,3135.7,3134.3,31711000,3447.7,2820.9,3839.9,2896.0,3136.5,190,9,3136.4,57,2,3136.3,133,4,3136.2,60,3,3136.1,27,1,3137.0,10,1,3137.4,134,1,3137.5,281,4,3137.8,1,1,3137.9,465,5
2031,2026-06-16 09:35:48+05:30,3136.5,7,3143.81,416009,106415.0,181628.0,3163.0,3163.0,3135.7,3134.3,31711000,3447.7,2820.9,3839.9,2896.0,3136.5,190,9,3136.4,57,2,3136.3,133,4,3136.2,60,3,3136.1,27,1,3137.0,10,1,3137.4,134,1,3137.5,281,4,3137.8,1,1,3137.9,465,5
2031,2026-06-16 09:35:49+05:30,3136.3,55,3143.8,416613,106065.0,183698.0,3163.0,3163.0,3135.7,3134.3,31711000,3447.7,2820.9,3839.9,2896.0,3136.3,20,3,3136.2,28,1,3136.1,29,2,3136.0,28,2,3135.9,11,1,3136.5,405,3,3136.9,334,2,3137.0,10,1,3137.4,374,5,3137.5,87,4
2031,2026-06-16 09:35:49+05:30,3136.3,8,3143.8,416613,106065.0,183698.0,3163.0,3163.0,3135.7,3134.3,31711000,3447.7,2820.9,3839.9,2896.0,3136.3,20,3,3136.2,28,1,3136.1,29,2,3136.0,28,2,3135.9,11,1,3136.5,405,3,3136.9,334,2,3137.0,10,1,3137.4,374,5,3137.5,87,4
2031,2026-06-16 09:35:50+05:30,3136.5,5,3143.8,416613,106065.0,183698.0,3163.0,3163.0,3135.7,3134.3,31711000,3447.7,2820.9,3839.9,2896.0,3136.3,20,3,3136.2,28,1,3136.1,29,2,3136.0,28,2,3135.9,11,1,3136.5,405,3,3136.9,334,2,3137.0,10,1,3137.4,374,5,3137.5,87,4
2031,2026-06-16 09:35:50+05:30,3136.5,100,3143.8,416936,106268.0,184164.0,3163.0,3163.0,3135.7,3134.3,31711000,3447.7,2820.9,3839.9,2896.0,3136.3,61,4,3136.2,28,1,3135.8,36,3,3135.7,227,6,3135.6,204,4,3136.5,372,6,3136.9,300,2,3137.0,210,2,3137.2,12,1,3137.3,200,1
2031,2026-06-16 09:35:51+05:30,3136.5,1,3143.8,416936,106268.0,184164.0,3163.0,3163.0,3135.7,3134.3,31711000,3447.7,2820.9,3839.9,2896.0,3136.3,61,4,3136.2,28,1,3135.8,36,3,3135.7,227,6,3135.6,204,4,3136.5,372,6,3136.9,300,2,3137.0,210,2,3137.2,12,1,3137.3,200,1
2031,2026-06-16 09:35:51+05:30,3136.5,1,3143.79,417133,106096.0,184300.0,3163.0,3163.0,3135.7,3134.3,31711000,3447.7,2820.9,3839.9,2896.0,3136.4,25,1,3136.2,41,1,3136.0,41,2,3135.8,42,3,3135.7,154,4,3136.5,361,8,3136.9,300,2,3137.0,234,3,3137.2,88,2,3137.4,278,3
2031,2026-06-16 09:35:52+05:30,3136.3,2,3143.79,417133,106096.0,184300.0,3163.0,3163.0,3135.7,3134.3,31711000,3447.7,2820.9,3839.9,2896.0,3136.4,25,1,3136.2,41,1,3136.0,41,2,3135.8,42,3,3135.7,154,4,3136.5,361,8,3136.9,300,2,3137.0,234,3,3137.2,88,2,3137.4,278,3
2031,2026-06-16 09:35:52+05:30,3136.3,4,3143.79,417227,106187.0,184478.0,3163.0,3163.0,3135.7,3134.3,31711000,3447.7,2820.9,3839.9,2896.0,3136.3,9,1,3136.2,92,4,3136.0,36,3,3135.9,9,1,3135.8,66,3,3136.4,21,1,3136.5,344,6,3136.9,500,3,3137.0,244,4,3137.2,26,1
2031,2026-06-16 09:35:53+05:30,3136.9,14,3143.79,417227,106187.0,184478.0,3163.0,3163.0,3135.7,3134.3,31711000,3447.7,2820.9,3839.9,2896.0,3136.3,9,1,3136.2,92,4,3136.0,36,3,3135.9,9,1,3135.8,66,3,3136.4,21,1,3136.5,344,6,3136.9,500,3,3137.0,244,4,3137.2,26,1
2031,2026-06-16 09:35:54+05:30,3136.9,101,3143.78,418057,105918.0,183276.0,3163.0,3163.0,3135.7,3134.3,31711000,3447.7,2820.9,3839.9,2896.0,3136.4,19,1,3136.3,3,3,3136.2,92,4,3136.0,29,2,3135.9,63,2,3136.9,85,1,3137.0,244,4,3137.3,1,1,3137.4,270,3,3137.5,82,2
2031,2026-06-16 09:35:54+05:30,3136.4,3,3143.78,418057,105918.0,183276.0,3163.0,3163.0,3135.7,3134.3,31711000,3447.7,2820.9,3839.9,2896.0,3136.4,19,1,3136.3,3,3,3136.2,92,4,3136.0,29,2,3135.9,63,2,3136.9,85,1,3137.0,244,4,3137.3,1,1,3137.4,270,3,3137.5,82,2
2031,2026-06-16 09:35:55+05:30,3136.4,3,3143.77,418458,106618.0,183053.0,3163.0,3163.0,3135.7,3134.3,31711000,3447.7,2820.9,3839.9,2896.0,3136.4,66,4,3136.3,43,7,3136.2,62,4,3136.1,51,2,3136.0,50,3,3136.8,61,2,3136.9,27,1,3137.0,44,3,3137.4,13,3,3137.5,228,2
2031,2026-06-16 09:35:56+05:30,3136.7,17,3143.76,418784,106761.0,183258.0,3163.0,3163.0,3135.7,3134.3,31711000,3447.7,2820.9,3839.9,2896.0,3136.4,25,3,3136.3,47,6,3136.2,9,1,3136.1,13,1,3136.0,105,5,3136.7,7,1,3136.8,80,2,3136.9,27,1,3137.0,44,3,3137.4,211,3
2031,2026-06-16 09:35:56+05:30,3136.5,1,3143.76,418784,106761.0,183258.0,3163.0,3163.0,3135.7,3134.3,31711000,3447.7,2820.9,3839.9,2896.0,3136.4,25,3,3136.3,47,6,3136.2,9,1,3136.1,13,1,3136.0,105,5,3136.7,7,1,3136.8,80,2,3136.9,27,1,3137.0,44,3,3137.4,211,3
2031,2026-06-16 09:35:57+05:30,3136.5,46,3143.76,418918,106512.0,183518.0,3163.0,3163.0,3135.7,3134.3,31711000,3447.7,2820.9,3839.9,2896.0,3136.5,2,1,3136.4,162,6,3136.3,7,5,3136.2,31,2,3136.1,22,2,3136.7,3,2,3136.8,98,3,3136.9,27,1,3137.0,44,3,3137.2,46,1
2031,2026-06-16 09:35:57+05:30,3136.4,7,3143.76,418918,106512.0,183518.0,3163.0,3163.0,3135.7,3134.3,31711000,3447.7,2820.9,3839.9,2896.0,3136.5,2,1,3136.4,162,6,3136.3,7,5,3136.2,31,2,3136.1,22,2,3136.7,3,2,3136.8,98,3,3136.9,27,1,3137.0,44,3,3137.2,46,1
2031,2026-06-16 09:35:58+05:30,3136.7,2,3143.76,419149,106571.0,183192.0,3163.0,3163.0,3135.7,3134.3,31711000,3447.7,2820.9,3839.9,2896.0,3136.5,51,2,3136.4,61,4,3136.3,7,5,3136.2,47,2,3136.1,11,1,3136.7,1,1,3136.8,73,2,3136.9,27,1,3137.0,44,3,3137.4,211,4
2031,2026-06-16 09:35:58+05:30,3136.4,7,3143.76,419149,106571.0,183192.0,3163.0,3163.0,3135.7,3134.3,31711000,3447.7,2820.9,3839.9,2896.0,3136.5,51,2,3136.4,61,4,3136.3,7,5,3136.2,47,2,3136.1,11,1,3136.7,1,1,3136.8,73,2,3136.9,27,1,3137.0,44,3,3137.4,211,4
2031,2026-06-16 09:35:59+05:30,3136.5,1,3143.75,419289,106225.0,183833.0,3163.0,3163.0,3135.7,3134.3,31711000,3447.7,2820.9,3839.9,2896.0,3136.4,44,3,3136.3,7,5,3136.2,25,1,3135.8,108,4,3135.7,127,3,3136.5,35,1,3136.7,2,2,3136.8,73,2,3136.9,27,1,3137.0,44,3
2031,2026-06-16 09:35:59+05:30,3136.5,1,3143.75,419289,106225.0,183833.0,3163.0,3163.0,3135.7,3134.3,31711000,3447.7,2820.9,3839.9,2896.0,3136.4,44,3,3136.3,7,5,3136.2,25,1,3135.8,108,4,3135.7,127,3,3136.5,35,1,3136.7,2,2,3136.8,73,2,3136.9,27,1,3137.0,44,3
2031,2026-06-16 09:36:00+05:30,3136.7,1,3143.75,419441,106515.0,183891.0,3163.0,3163.0,3135.7,3134.3,31711000,3447.7,2820.9,3839.9,2896.0,3136.5,9,1,3136.4,55,5,3136.3,7,5,3135.7,127,3,3135.6,18,2,3136.7,24,1,3136.8,73,2,3136.9,43,2,3137.0,20,2,3137.1,23,1
2031,2026-06-16 09:36:00+05:30,3136.7,1,3143.75,419441,106515.0,183891.0,3163.0,3163.0,3135.7,3134.3,31711000,3447.7,2820.9,3839.9,2896.0,3136.5,9,1,3136.4,55,5,3136.3,7,5,3135.7,127,3,3135.6,18,2,3136.7,24,1,3136.8,73,2,3136.9,43,2,3137.0,20,2,3137.1,23,1
2031,2026-06-16 09:36:01+05:30,3136.5,2,3143.75,419463,106512.0,183978.0,3163.0,3163.0,3135.7,3134.3,31711000,3447.7,2820.9,3839.9,2896.0,3136.5,11,3,3136.4,51,5,3136.3,7,5,3135.9,12,1,3135.8,199,2,3136.7,7,1,3136.8,73,2,3136.9,45,2,3137.0,20,2,3137.1,23,1
2031,2026-06-16 09:36:01+05:30,3136.5,2,3143.75,419463,106512.0,183978.0,3163.0,3163.0,3135.7,3134.3,31711000,3447.7,2820.9,3839.9,2896.0,3136.5,11,3,3136.4,51,5,3136.3,7,5,3135.9,12,1,3135.8,199,2,3136.7,7,1,3136.8,73,2,3136.9,45,2,3137.0,20,2,3137.1,23,1
2031,2026-06-16 09:36:02+05:30,3136.8,44,3143.75,419515,106599.0,184140.0,3163.0,3163.0,3135.7,3134.3,31711000,3447.7,2820.9,3839.9,2896.0,3136.7,27,1,3136.5,27,3,3136.4,51,5,3136.3,6,4,3135.9,96,2,3136.8,29,2,3136.9,45,2,3137.0,41,3,3137.3,30,1,3137.4,71,3
2031,2026-06-16 09:36:02+05:30,3136.8,44,3143.75,419515,106599.0,184140.0,3163.0,3163.0,3135.7,3134.3,31711000,3447.7,2820.9,3839.9,2896.0,3136.7,27,1,3136.5,27,3,3136.4,51,5,3136.3,6,4,3135.9,96,2,3136.8,29,2,3136.9,45,2,3137.0,41,3,3137.3,30,1,3137.4,71,3
2031,2026-06-16 09:36:03+05:30,3137.0,5,3143.75,419640,106622.0,183487.0,3163.0,3163.0,3135.7,3134.3,31711000,3447.7,2820.9,3839.9,2896.0,3136.7,7,2,3136.6,25,1,3136.5,24,3,3136.4,51,5,3136.3,6,4,3137.0,36,3,3137.3,30,1,3137.4,126,4,3137.5,251,4,3137.6,138,3
2031,2026-06-16 09:36:03+05:30,3137.0,5,3143.75,419640,106622.0,183487.0,3163.0,3163.0,3135.7,3134.3,31711000,3447.7,2820.9,3839.9,2896.0,3136.7,7,2,3136.6,25,1,3136.5,24,3,3136.4,51,5,3136.3,6,4,3137.0,36,3,3137.3,30,1,3137.4,126,4,3137.5,251,4,3137.6,138,3
2031,2026-06-16 09:36:04+05:30,3137.4,11,3143.75,419640,106622.0,183487.0,3163.0,3163.0,3135.7,3134.3,31711000,3447.7,2820.9,3839.9,2896.0,3136.7,7,2,3136.6,25,1,3136.5,24,3,3136.4,51,5,3136.3,6,4,3137.0,36,3,3137.3,30,1,3137.4,126,4,3137.5,251,4,3137.6,138,3
2031,2026-06-16 09:36:04+05:30,3137.4,11,3143.74,419923,106166.0,183369.0,3163.0,3163.0,3135.7,3134.3,31711000,3447.7,2820.9,3839.9,2896.0,3136.7,43,2,3136.6,25,1,3136.5,28,5,3136.4,51,5,3136.3,3,3,3137.4,82,5,3137.5,344,6,3137.6,157,4,3137.7,246,2,3137.8,236,6
2031,2026-06-16 09:36:05+05:30,3137.0,3,3143.74,419923,106166.0,183369.0,3163.0,3163.0,3135.7,3134.3,31711000,3447.7,2820.9,3839.9,2896.0,3136.7,43,2,3136.6,25,1,3136.5,28,5,3136.4,51,5,3136.3,3,3,3137.4,82,5,3137.5,344,6,3137.6,157,4,3137.7,246,2,3137.8,236,6
2031,2026-06-16 09:36:05+05:30,3137.3,11,3143.74,420167,105839.0,183544.0,3163.0,3163.0,3135.7,3134.3,31711000,3447.7,2820.9,3839.9,2896.0,3137.0,3,1,3136.7,18,1,3136.6,32,2,3136.5,28,5,3136.4,13,4,3137.3,17,3,3137.4,65,3,3137.5,319,5,3137.6,209,6,3137.7,383,5
2031,2026-06-16 09:36:06+05:30,3137.5,15,3143.74,420167,105839.0,183544.0,3163.0,3163.0,3135.7,3134.3,31711000,3447.7,2820.9,3839.9,2896.0,3137.0,3,1,3136.7,18,1,3136.6,32,2,3136.5,28,5,3136.4,13,4,3137.3,17,3,3137.4,65,3,3137.5,319,5,3137.6,209,6,3137.7,383,5
2031,2026-06-16 09:36:06+05:30,3137.5,1,3143.73,420934,106442.0,182133.0,3163.0,3163.0,3135.7,3134.3,31711000,3447.7,2820.9,3839.9,2896.0,3137.0,3,1,3136.8,22,1,3136.7,35,2,3136.6,95,3,3136.5,66,7,3137.5,170,1,3137.9,288,3,3138.0,443,5,3138.1,11,1,3138.2,91,2
2031,2026-06-16 09:36:07+05:30,3137.4,1,3143.73,420934,106442.0,182133.0,3163.0,3163.0,3135.7,3134.3,31711000,3447.7,2820.9,3839.9,2896.0,3137.0,3,1,3136.8,22,1,3136.7,35,2,3136.6,95,3,3136.5,66,7,3137.5,170,1,3137.9,288,3,3138.0,443,5,3138.1,11,1,3138.2,91,2
2031,2026-06-16 09:36:08+05:30,3137.4,1,3143.73,420980,106566.0,182257.0,3163.0,3163.0,3135.7,3134.3,31711000,3447.7,2820.9,3839.9,2896.0,3137.0,3,1,3136.7,18,1,3136.6,26,2,3136.5,47,6,3136.4,113,7,3137.4,60,1,3137.5,195,2,3137.7,19,1,3137.9,351,5,3138.0,494,6
2031,2026-06-16 09:36:08+05:30,3137.0,30,3143.73,420980,106566.0,182257.0,3163.0,3163.0,3135.7,3134.3,31711000,3447.7,2820.9,3839.9,2896.0,3137.0,3,1,3136.7,18,1,3136.6,26,2,3136.5,47,6,3136.4,113,7,3137.4,60,1,3137.5,195,2,3137.7,19,1,3137.9,351,5,3138.0,494,6
2031,2026-06-16 09:36:09+05:30,3137.4,50,3143.73,421098,106423.0,182724.0,3163.0,3163.0,3135.7,3134.3,31711000,3447.7,2820.9,3839.9,2896.0,3137.0,36,1,3136.7,18,1,3136.6,40,3,3136.5,28,5,3136.4,84,7,3137.4,16,2,3137.5,195,2,3137.9,323,5,3138.0,490,6,3138.1,11,1
2031,2026-06-16 09:36:09+05:30,3137.0,25,3143.73,421098,106423.0,182724.0,3163.0,3163.0,3135.7,3134.3,31711000,3447.7,2820.9,3839.9,2896.0,3137.0,36,1,3136.7,18,1,3136.6,40,3,3136.5,28,5,3136.4,84,7,3137.4,16,2,3137.5,195,2,3137.9,323,5,3138.0,490,6,3138.1,11,1
2031,2026-06-16 09:36:10+05:30,3137.4,7,3143.72,421140,106606.0,182805.0,3163.0,3163.0,3135.7,3134.3,31711000,3447.7,2820.9,3839.9,2896.0,3137.0,32,2,3136.7,18,1,3136.6,40,3,3136.5,28,5,3136.4,65,6,3137.4,30,2,3137.5,195,2,3137.9,362,6,3138.0,622,8,3138.2,129,3
2031,2026-06-16 09:36:10+05:30,3137.4,1,3143.72,421140,106606.0,182805.0,3163.0,3163.0,3135.7,3134.3,31711000,3447.7,2820.9,3839.9,2896.0,3137.0,32,2,3136.7,18,1,3136.6,40,3,3136.5,28,5,3136.4,65,6,3137.4,30,2,3137.5,195,2,3137.9,362,6,3138.0,622,8,3138.2,129,3
2031,2026-06-16 09:36:10+05:30,3137.4,1,3143.72,421140,106606.0,182805.0,3163.0,3163.0,3135.7,3134.3,31711000,3447.7,2820.9,3839.9,2896.0,3137.0,32,2,3136.7,18,1,3136.6,40,3,3136.5,28,5,3136.4,65,6,3137.4,30,2,3137.5,195,2,3137.9,362,6,3138.0,622,8,3138.2,129,3
2031,2026-06-16 09:36:11+05:30,3137.4,1,3143.72,421147,106675.0,182798.0,3163.0,3163.0,3135.7,3134.3,31711000,3447.7,2820.9,3839.9,2896.0,3137.0,32,2,3136.9,25,1,3136.7,18,1,3136.6,40,3,3136.5,28,5,3137.4,60,5,3137.5,202,3,3137.9,362,6,3138.0,566,7,3138.2,129,3
2031,2026-06-16 09:36:11+05:30,3137.0,1,3143.72,421147,106675.0,182798.0,3163.0,3163.0,3135.7,3134.3,31711000,3447.7,2820.9,3839.9,2896.0,3137.0,32,2,3136.9,25,1,3136.7,18,1,3136.6,40,3,3136.5,28,5,3137.4,60,5,3137.5,202,3,3137.9,362,6,3138.0,566,7,3138.2,129,3
2031,2026-06-16 09:36:12+05:30,3137.0,1,3143.72,421147,106675.0,182798.0,3163.0,3163.0,3135.7,3134.3,31711000,3447.7,2820.9,3839.9,2896.0,3137.0,32,2,3136.9,25,1,3136.7,18,1,3136.6,40,3,3136.5,28,5,3137.4,60,5,3137.5,202,3,3137.9,362,6,3138.0,566,7,3138.2,129,3
2031,2026-06-16 09:36:12+05:30,3137.0,1,3143.72,421148,106515.0,182822.0,3163.0,3163.0,3135.7,3134.3,31711000,3447.7,2820.9,3839.9,2896.0,3137.0,72,4,3136.7,18,1,3136.6,40,3,3136.5,34,6,3136.4,58,4,3137.4,84,6,3137.5,202,3,3137.9,360,5,3138.0,366,6,3138.2,329,4
2031,2026-06-16 09:36:12+05:30,3136.6,14,3143.72,421148,106515.0,182822.0,3163.0,3163.0,3135.7,3134.3,31711000,3447.7,2820.9,3839.9,2896.0,3137.0,72,4,3136.7,18,1,3136.6,40,3,3136.5,34,6,3136.4,58,4,3137.4,84,6,3137.5,202,3,3137.9,360,5,3138.0,366,6,3138.2,329,4
2031,2026-06-16 09:36:13+05:30,3136.8,1,3143.71,422036,105146.0,184592.0,3163.0,3163.0,3135.7,3134.3,31711000,3447.7,2820.9,3839.9,2896.0,3136.5,27,6,3136.4,4,2,3136.3,3,3,3136.1,1,1,3136.0,28,3,3136.8,205,2,3136.9,13,1,3137.0,86,4,3137.1,17,1,3137.2,234,4
2031,2026-06-16 09:36:13+05:30,3136.5,6,3143.71,422036,105146.0,184592.0,3163.0,3163.0,3135.7,3134.3,31711000,3447.7,2820.9,3839.9,2896.0,3136.5,27,6,3136.4,4,2,3136.3,3,3,3136.1,1,1,3136.0,28,3,3136.8,205,2,3136.9,13,1,3137.0,86,4,3137.1,17,1,3137.2,234,4
2031,2026-06-16 09:36:14+05:30,3136.5,6,3143.71,422036,105146.0,184592.0,3163.0,3163.0,3135.7,3134.3,31711000,3447.7,2820.9,3839.9,2896.0,3136.5,27,6,3136.4,4,2,3136.3,3,3,3136.1,1,1,3136.0,28,3,3136.8,205,2,3136.9,13,1,3137.0,86,4,3137.1,17,1,3137.2,234,4
2031,2026-06-16 09:36:14+05:30,3136.8,50,3143.71,422230,105380.0,184409.0,3163.0,3163.0,3135.7,3134.3,31711000,3447.7,2820.9,3839.9,2896.0,3136.4,4,2,3136.3,3,3,3136.1,1,1,3136.0,30,4,3135.9,2,1,3136.8,309,7,3136.9,13,1,3137.0,113,5,3137.1,40,2,3137.2,337,6
2031,2026-06-16 09:36:14+05:30,3136.8,50,3143.71,422230,105380.0,184409.0,3163.0,3163.0,3135.7,3134.3,31711000,3447.7,2820.9,3839.9,2896.0,3136.4,4,2,3136.3,3,3,3136.1,1,1,3136.0,30,4,3135.9,2,1,3136.8,309,7,3136.9,13,1,3137.0,113,5,3137.1,40,2,3137.2,337,6
2031,2026-06-16 09:36:15+05:30,3136.8,50,3143.71,422230,105380.0,184409.0,3163.0,3163.0,3135.7,3134.3,31711000,3447.7,2820.9,3839.9,2896.0,3136.4,4,2,3136.3,3,3,3136.1,1,1,3136.0,30,4,3135.9,2,1,3136.8,309,7,3136.9,13,1,3137.0,113,5,3137.1,40,2,3137.2,337,6
2031,2026-06-16 09:36:15+05:30,3136.4,8,3143.71,422230,105380.0,184409.0,3163.0,3163.0,3135.7,3134.3,31711000,3447.7,2820.9,3839.9,2896.0,3136.4,4,2,3136.3,3,3,3136.1,1,1,3136.0,30,4,3135.9,2,1,3136.8,309,7,3136.9,13,1,3137.0,113,5,3137.1,40,2,3137.2,337,6
2031,2026-06-16 09:36:15+05:30,3136.4,8,3143.71,422257,105380.0,184905.0,3163.0,3163.0,3135.7,3134.3,31711000,3447.7,2820.9,3839.9,2896.0,3136.6,2,2,3136.4,41,2,3136.3,3,3,3136.1,1,1,3136.0,30,4,3136.8,348,9,3136.9,13,1,3137.0,113,5,3137.1,59,3,3137.2,337,6
2031,2026-06-16 09:36:16+05:30,3136.2,1,3143.71,422257,105380.0,184905.0,3163.0,3163.0,3135.7,3134.3,31711000,3447.7,2820.9,3839.9,2896.0,3136.6,2,2,3136.4,41,2,3136.3,3,3,3136.1,1,1,3136.0,30,4,3136.8,348,9,3136.9,13,1,3137.0,113,5,3137.1,59,3,3137.2,337,6
2031,2026-06-16 09:36:16+05:30,3136.2,1,3143.7,422443,104564.0,185293.0,3163.0,3163.0,3135.7,3134.3,31711000,3447.7,2820.9,3839.9,2896.0,3135.9,2,1,3135.8,1,1,3135.7,131,4,3135.6,1,1,3135.5,56,4,3136.2,132,1,3136.3,71,3,3136.5,49,4,3136.6,65,3,3136.7,15,2
2031,2026-06-16 09:36:17+05:30,3136.2,1,3143.7,422443,104564.0,185293.0,3163.0,3163.0,3135.7,3134.3,31711000,3447.7,2820.9,3839.9,2896.0,3135.9,2,1,3135.8,1,1,3135.7,131,4,3135.6,1,1,3135.5,56,4,3136.2,132,1,3136.3,71,3,3136.5,49,4,3136.6,65,3,3136.7,15,2
2031,2026-06-16 09:36:17+05:30,3134.2,12,3143.7,422443,104564.0,185293.0,3163.0,3163.0,3135.7,3134.3,31711000,3447.7,2820.9,3839.9,2896.0,3135.9,2,1,3135.8,1,1,3135.7,131,4,3135.6,1,1,3135.5,56,4,3136.2,132,1,3136.3,71,3,3136.5,49,4,3136.6,65,3,3136.7,15,2
2031,2026-06-16 09:36:17+05:30,3134.0,10,3143.6,427251,97476.0,183998.0,3163.0,3163.0,3132.5,3134.3,31711000,3447.7,2820.9,3839.9,2896.0,3132.7,35,2,3132.6,41,3,3132.5,81,4,3132.4,20,1,3132.3,39,2,3134.0,4,1,3134.1,50,3,3134.3,51,1,3134.4,140,4,3134.5,95,2
2031,2026-06-16 09:36:18+05:30,3134.0,10,3143.6,427251,97476.0,183998.0,3163.0,3163.0,3132.5,3134.3,31711000,3447.7,2820.9,3839.9,2896.0,3132.7,35,2,3132.6,41,3,3132.5,81,4,3132.4,20,1,3132.3,39,2,3134.0,4,1,3134.1,50,3,3134.3,51,1,3134.4,140,4,3134.5,95,2
2031,2026-06-16 09:36:18+05:30,3133.9,14,3143.6,427251,97476.0,183998.0,3163.0,3163.0,3132.5,3134.3,31711000,3447.7,2820.9,3839.9,2896.0,3132.7,35,2,3132.6,41,3,3132.5,81,4,3132.4,20,1,3132.3,39,2,3134.0,4,1,3134.1,50,3,3134.3,51,1,3134.4,140,4,3134.5,95,2
2031,2026-06-16 09:36:18+05:30,3133.9,14,3143.59,427677,101630.0,184830.0,3163.0,3163.0,3132.5,3134.3,31711000,3447.7,2820.9,3839.9,2896.0,3133.7,18,1,3133.3,13,1,3133.2,30,2,3133.1,16,1,3133.0,22,2,3133.9,6,1,3134.8,42,2,3135.0,212,3,3135.2,19,1,3135.4,31,1
2031,2026-06-16 09:36:19+05:30,3134.3,16,3143.59,427677,101630.0,184830.0,3163.0,3163.0,3132.5,3134.3,31711000,3447.7,2820.9,3839.9,2896.0,3133.7,18,1,3133.3,13,1,3133.2,30,2,3133.1,16,1,3133.0,22,2,3133.9,6,1,3134.8,42,2,3135.0,212,3,3135.2,19,1,3135.4,31,1
2031,2026-06-16 09:36:19+05:30,3135.5,1,3143.57,428355,104142.0,182781.0,3163.0,3163.0,3132.5,3134.3,31711000,3447.7,2820.9,3839.9,2896.0,3134.4,82,3,3134.3,61,3,3134.2,89,2,3134.1,17,1,3134.0,103,2,3135.7,1,1,3135.8,80,2,3135.9,19,1,3136.0,86,4,3136.1,114,2
2031,2026-06-16 09:36:20+05:30,3135.5,1,3143.57,428355,104142.0,182781.0,3163.0,3163.0,3132.5,3134.3,31711000,3447.7,2820.9,3839.9,2896.0,3134.4,82,3,3134.3,61,3,3134.2,89,2,3134.1,17,1,3134.0,103,2,3135.7,1,1,3135.8,80,2,3135.9,19,1,3136.0,86,4,3136.1,114,2
2031,2026-06-16 09:36:20+05:30,3135.0,20,3143.57,428355,104142.0,182781.0,3163.0,3163.0,3132.5,3134.3,31711000,3447.7,2820.9,3839.9,2896.0,3134.4,82,3,3134.3,61,3,3134.2,89,2,3134.1,17,1,3134.0,103,2,3135.7,1,1,3135.8,80,2,3135.9,19,1,3136.0,86,4,3136.1,114,2
2031,2026-06-16 09:36:20+05:30,3135.0,20,3143.57,428355,104142.0,182781.0,3163.0,3163.0,3132.5,3134.3,31711000,3447.7,2820.9,3839.9,2896.0,3134.4,82,3,3134.3,61,3,3134.2,89,2,3134.1,17,1,3134.0,103,2,3135.7,1,1,3135.8,80,2,3135.9,19,1,3136.0,86,4,3136.1,114,2
2031,2026-06-16 09:36:20+05:30,3135.0,31,3143.57,428406,104794.0,182360.0,3163.0,3163.0,3132.5,3134.3,31711000,3447.7,2820.9,3839.9,2896.0,3135.0,128,1,3134.5,30,1,3134.4,84,3,3134.2,67,3,3134.1,61,3,3135.7,28,2,3135.8,24,1,3136.0,96,4,3136.1,114,2,3136.2,223,2
2031,2026-06-16 09:36:21+05:30,3135.0,31,3143.57,428406,104794.0,182360.0,3163.0,3163.0,3132.5,3134.3,31711000,3447.7,2820.9,3839.9,2896.0,3135.0,128,1,3134.5,30,1,3134.4,84,3,3134.2,67,3,3134.1,61,3,3135.7,28,2,3135.8,24,1,3136.0,96,4,3136.1,114,2,3136.2,223,2
2031,2026-06-16 09:36:21+05:30,3135.7,13,3143.57,428406,104794.0,182360.0,3163.0,3163.0,3132.5,3134.3,31711000,3447.7,2820.9,3839.9,2896.0,3135.0,128,1,3134.5,30,1,3134.4,84,3,3134.2,67,3,3134.1,61,3,3135.7,28,2,3135.8,24,1,3136.0,96,4,3136.1,114,2,3136.2,223,2
2031,2026-06-16 09:36:21+05:30,3135.7,13,3143.57,428406,104794.0,182360.0,3163.0,3163.0,3132.5,3134.3,31711000,3447.7,2820.9,3839.9,2896.0,3135.0,128,1,3134.5,30,1,3134.4,84,3,3134.2,67,3,3134.1,61,3,3135.7,28,2,3135.8,24,1,3136.0,96,4,3136.1,114,2,3136.2,223,2
2031,2026-06-16 09:36:21+05:30,3135.7,13,3143.57,428421,105158.0,182120.0,3163.0,3163.0,3132.5,3134.3,31711000,3447.7,2820.9,3839.9,2896.0,3135.0,141,3,3134.9,21,1,3134.8,58,3,3134.7,55,3,3134.5,70,2,3135.7,14,1,3135.8,24,1,3136.0,59,4,3136.1,28,1,3136.2,200,1
2031,2026-06-16 09:36:22+05:30,3135.7,13,3143.57,428421,105158.0,182120.0,3163.0,3163.0,3132.5,3134.3,31711000,3447.7,2820.9,3839.9,2896.0,3135.0,141,3,3134.9,21,1,3134.8,58,3,3134.7,55,3,3134.5,70,2,3135.7,14,1,3135.8,24,1,3136.0,59,4,3136.1,28,1,3136.2,200,1
2031,2026-06-16 09:36:22+05:30,3135.0,50,3143.57,428421,105158.0,182120.0,3163.0,3163.0,3132.5,3134.3,31711000,3447.7,2820.9,3839.9,2896.0,3135.0,141,3,3134.9,21,1,3134.8,58,3,3134.7,55,3,3134.5,70,2,3135.7,14,1,3135.8,24,1,3136.0,59,4,3136.1,28,1,3136.2,200,1
2031,2026-06-16 09:36:23+05:30,3135.0,8,3143.57,428681,104446.0,182679.0,3163.0,3163.0,3132.5,3134.3,31711000,3447.7,2820.9,3839.9,2896.0,3135.0,36,1,3134.4,138,3,3134.3,21,1,3134.2,19,1,3134.1,79,3,3135.6,22,1,3135.7,29,3,3135.8,74,2,3135.9,73,2,3136.0,92,5
2031,2026-06-16 09:36:23+05:30,3135.0,8,3143.57,428681,104446.0,182679.0,3163.0,3163.0,3132.5,3134.3,31711000,3447.7,2820.9,3839.9,2896.0,3135.0,36,1,3134.4,138,3,3134.3,21,1,3134.2,19,1,3134.1,79,3,3135.6,22,1,3135.7,29,3,3135.8,74,2,3135.9,73,2,3136.0,92,5
2031,2026-06-16 09:36:23+05:30,3135.0,23,3143.57,428681,104446.0,182679.0,3163.0,3163.0,3132.5,3134.3,31711000,3447.7,2820.9,3839.9,2896.0,3135.0,36,1,3134.4,138,3,3134.3,21,1,3134.2,19,1,3134.1,79,3,3135.6,22,1,3135.7,29,3,3135.8,74,2,3135.9,73,2,3136.0,92,5
2031,2026-06-16 09:36:24+05:30,3135.0,23,3143.57,428681,104446.0,182679.0,3163.0,3163.0,3132.5,3134.3,31711000,3447.7,2820.9,3839.9,2896.0,3135.0,36,1,3134.4,138,3,3134.3,21,1,3134.2,19,1,3134.1,79,3,3135.6,22,1,3135.7,29,3,3135.8,74,2,3135.9,73,2,3136.0,92,5
2031,2026-06-16 09:36:24+05:30,3135.0,23,3143.57,428741,104512.0,181140.0,3163.0,3163.0,3132.5,3134.3,31711000,3447.7,2820.9,3839.9,2896.0,3134.4,145,5,3134.3,30,1,3134.2,23,2,3134.1,80,4,3134.0,155,5,3135.6,62,3,3135.7,69,4,3135.8,122,3,3135.9,85,3,3136.0,100,5
2031,2026-06-16 09:36:24+05:30,3135.0,23,3143.57,428741,104512.0,181140.0,3163.0,3163.0,3132.5,3134.3,31711000,3447.7,2820.9,3839.9,2896.0,3134.4,145,5,3134.3,30,1,3134.2,23,2,3134.1,80,4,3134.0,155,5,3135.6,62,3,3135.7,69,4,3135.8,122,3,3135.9,85,3,3136.0,100,5
2031,2026-06-16 09:36:24+05:30,3134.5,8,3143.57,428741,104512.0,181140.0,3163.0,3163.0,3132.5,3134.3,31711000,3447.7,2820.9,3839.9,2896.0,3134.4,145,5,3134.3,30,1,3134.2,23,2,3134.1,80,4,3134.0,155,5,3135.6,62,3,3135.7,69,4,3135.8,122,3,3135.9,85,3,3136.0,100,5
2031,2026-06-16 09:36:25+05:30,3135.0,10,3143.57,428771,104583.0,182648.0,3163.0,3163.0,3132.5,3134.3,31711000,3447.7,2820.9,3839.9,2896.0,3134.5,37,2,3134.4,145,5,3134.2,31,2,3134.1,80,4,3134.0,162,5,3135.0,47,1,3135.6,94,4,3135.7,64,3,3135.8,74,2,3135.9,19,1
2031,2026-06-16 09:36:25+05:30,3135.0,10,3143.57,428771,104583.0,182648.0,3163.0,3163.0,3132.5,3134.3,31711000,3447.7,2820.9,3839.9,2896.0,3134.5,37,2,3134.4,145,5,3134.2,31,2,3134.1,80,4,3134.0,162,5,3135.0,47,1,3135.6,94,4,3135.7,64,3,3135.8,74,2,3135.9,19,1
2031,2026-06-16 09:36:25+05:30,3135.0,10,3143.57,428771,104583.0,182648.0,3163.0,3163.0,3132.5,3134.3,31711000,3447.7,2820.9,3839.9,2896.0,3134.5,37,2,3134.4,145,5,3134.2,31,2,3134.1,80,4,3134.0,162,5,3135.0,47,1,3135.6,94,4,3135.7,64,3,3135.8,74,2,3135.9,19,1
2031,2026-06-16 09:36:26+05:30,3135.0,10,3143.57,428771,104583.0,182648.0,3163.0,3163.0,3132.5,3134.3,31711000,3447.7,2820.9,3839.9,2896.0,3134.5,37,2,3134.4,145,5,3134.2,31,2,3134.1,80,4,3134.0,162,5,3135.0,47,1,3135.6,94,4,3135.7,64,3,3135.8,74,2,3135.9,19,1
2031,2026-06-16 09:36:26+05:30,3135.0,10,3143.57,428771,104910.0,183044.0,3163.0,3163.0,3132.5,3134.3,31711000,3447.7,2820.9,3839.9,2896.0,3134.8,17,1,3134.7,118,7,3134.6,24,2,3134.5,67,5,3134.4,255,10,3135.0,47,1,3135.6,54,3,3135.7,64,3,3135.8,24,1,3136.0,89,4
2031,2026-06-16 09:36:26+05:30,3135.0,6,3143.57,428771,104910.0,183044.0,3163.0,3163.0,3132.5,3134.3,31711000,3447.7,2820.9,3839.9,2896.0,3134.8,17,1,3134.7,118,7,3134.6,24,2,3134.5,67,5,3134.4,255,10,3135.0,47,1,3135.6,54,3,3135.7,64,3,3135.8,24,1,3136.0,89,4
2031,2026-06-16 09:36:27+05:30,3135.0,6,3143.57,428771,104910.0,183044.0,3163.0,3163.0,3132.5,3134.3,31711000,3447.7,2820.9,3839.9,2896.0,3134.8,17,1,3134.7,118,7,3134.6,24,2,3134.5,67,5,3134.4,255,10,3135.0,47,1,3135.6,54,3,3135.7,64,3,3135.8,24,1,3136.0,89,4
2031,2026-06-16 09:36:27+05:30,3134.7,14,3143.56,428879,104656.0,183125.0,3163.0,3163.0,3132.5,3134.3,31711000,3447.7,2820.9,3839.9,2896.0,3134.7,28,1,3134.5,19,2,3134.4,145,5,3134.2,76,3,3134.1,125,5,3134.8,6,1,3135.0,29,1,3135.6,25,2,3135.7,23,1,3135.8,91,3
2031,2026-06-16 09:36:27+05:30,3134.8,6,3143.56,428879,104656.0,183125.0,3163.0,3163.0,3132.5,3134.3,31711000,3447.7,2820.9,3839.9,2896.0,3134.7,28,1,3134.5,19,2,3134.4,145,5,3134.2,76,3,3134.1,125,5,3134.8,6,1,3135.0,29,1,3135.6,25,2,3135.7,23,1,3135.8,91,3
2031,2026-06-16 09:36:27+05:30,3134.8,6,3143.56,428879,104656.0,183125.0,3163.0,3163.0,3132.5,3134.3,31717400,3447.7,2820.9,3839.9,2896.0,3134.7,28,1,3134.5,19,2,3134.4,145,5,3134.2,76,3,3134.1,125,5,3134.8,6,1,3135.0,29,1,3135.6,25,2,3135.7,23,1,3135.8,91,3
2031,2026-06-16 09:36:28+05:30,3134.8,1,3143.56,428982,104227.0,182904.0,3163.0,3163.0,3132.5,3134.3,31717400,3447.7,2820.9,3839.9,2896.0,3134.8,3,2,3134.7,2,1,3134.5,27,2,3134.4,145,5,3134.2,1,1,3135.0,29,1,3135.6,25,2,3135.7,23,1,3135.8,72,2,3135.9,107,3
2031,2026-06-16 09:36:28+05:30,3134.8,1,3143.56,428982,104227.0,182904.0,3163.0,3163.0,3132.5,3134.3,31717400,3447.7,2820.9,3839.9,2896.0,3134.8,3,2,3134.7,2,1,3134.5,27,2,3134.4,145,5,3134.2,1,1,3135.0,29,1,3135.6,25,2,3135.7,23,1,3135.8,72,2,3135.9,107,3
2031,2026-06-16 09:36:29+05:30,3135.0,1,3143.56,428989,104450.0,183518.0,3163.0,3163.0,3132.5,3134.3,31717400,3447.7,2820.9,3839.9,2896.0,3134.8,1,1,3134.7,28,2,3134.5,2,1,3134.4,145,5,3134.2,1,1,3135.0,48,3,3135.6,71,4,3135.7,23,1,3135.8,305,4,3135.9,146,4
2031,2026-06-16 09:36:29+05:30,3135.0,5,3143.56,428989,104450.0,183518.0,3163.0,3163.0,3132.5,3134.3,31717400,3447.7,2820.9,3839.9,2896.0,3134.8,1,1,3134.7,28,2,3134.5,2,1,3134.4,145,5,3134.2,1,1,3135.0,48,3,3135.6,71,4,3135.7,23,1,3135.8,305,4,3135.9,146,4
2031,2026-06-16 09:36:30+05:30,3135.0,2,3143.56,429160,103636.0,183696.0,3163.0,3163.0,3132.5,3134.3,31717400,3447.7,2820.9,3839.9,2896.0,3135.0,43,2,3134.9,2,2,3134.7,15,2,3134.5,2,1,3134.4,7,2,3135.5,22,1,3135.6,71,4,3135.7,119,3,3135.8,333,4,3135.9,60,3
2031,2026-06-16 09:36:30+05:30,3135.0,2,3143.56,429160,103636.0,183696.0,3163.0,3163.0,3132.5,3134.3,31717400,3447.7,2820.9,3839.9,2896.0,3135.0,43,2,3134.9,2,2,3134.7,15,2,3134.5,2,1,3134.4,7,2,3135.5,22,1,3135.6,71,4,3135.7,119,3,3135.8,333,4,3135.9,60,3
2031,2026-06-16 09:36:31+05:30,3135.3,16,3143.56,429176,104023.0,184507.0,3163.0,3163.0,3132.5,3134.3,31717400,3447.7,2820.9,3839.9,2896.0,3135.0,45,3,3134.9,2,2,3134.7,15,2,3134.5,2,1,3134.4,7,2,3135.3,5,1,3135.4,50,3,3135.5,103,4,3135.6,71,4,3135.7,23,1
2031,2026-06-16 09:36:31+05:30,3135.3,16,3143.56,429176,104023.0,184507.0,3163.0,3163.0,3132.5,3134.3,31717400,3447.7,2820.9,3839.9,2896.0,3135.0,45,3,3134.9,2,2,3134.7,15,2,3134.5,2,1,3134.4,7,2,3135.3,5,1,3135.4,50,3,3135.5,103,4,3135.6,71,4,3135.7,23,1
2031,2026-06-16 09:36:32+05:30,3135.0,8,3143.54,430099,104012.0,183369.0,3163.0,3163.0,3132.5,3134.3,31717400,3447.7,2820.9,3839.9,2896.0,3135.0,122,2,3134.7,2,1,3134.5,2,1,3134.4,7,2,3134.3,27,2,3135.1,11,2,3135.2,200,1,3135.3,26,3,3135.4,18,1,3135.5,114,3
2031,2026-06-16 09:36:32+05:30,3135.0,77,3143.54,430099,104012.0,183369.0,3163.0,3163.0,3132.5,3134.3,31717400,3447.7,2820.9,3839.9,2896.0,3135.0,122,2,3134.7,2,1,3134.5,2,1,3134.4,7,2,3134.3,27,2,3135.1,11,2,3135.2,200,1,3135.3,26,3,3135.4,18,1,3135.5,114,3
2031,2026-06-16 09:36:33+05:30,3135.0,1,3143.54,430099,104012.0,183369.0,3163.0,3163.0,3132.5,3134.3,31717400,3447.7,2820.9,3839.9,2896.0,3135.0,122,2,3134.7,2,1,3134.5,2,1,3134.4,7,2,3134.3,27,2,3135.1,11,2,3135.2,200,1,3135.3,26,3,3135.4,18,1,3135.5,114,3
2031,2026-06-16 09:36:33+05:30,3135.0,1,3143.53,430415,104175.0,183887.0,3163.0,3163.0,3132.5,3134.3,31717400,3447.7,2820.9,3839.9,2896.0,3134.7,2,1,3134.5,2,1,3134.4,7,2,3134.2,33,3,3134.1,3,1,3135.0,64,1,3135.1,3,2,3135.2,23,1,3135.3,26,3,3135.4,18,1
2031,2026-06-16 09:36:34+05:30,3135.0,1,3143.53,430415,104175.0,183887.0,3163.0,3163.0,3132.5,3134.3,31717400,3447.7,2820.9,3839.9,2896.0,3134.7,2,1,3134.5,2,1,3134.4,7,2,3134.2,33,3,3134.1,3,1,3135.0,64,1,3135.1,3,2,3135.2,23,1,3135.3,26,3,3135.4,18,1
2031,2026-06-16 09:36:34+05:30,3135.0,1,3143.53,430556,104583.0,183555.0,3163.0,3163.0,3132.5,3134.3,31717400,3447.7,2820.9,3839.9,2896.0,3135.0,4,1,3134.7,42,3,3134.6,9,1,3134.5,77,4,3134.4,47,4,3135.1,1,1,3135.2,23,1,3135.5,69,1,3135.6,1,1,3135.8,200,1
2031,2026-06-16 09:36:35+05:30,3135.0,13,3143.53,430556,104583.0,183555.0,3163.0,3163.0,3132.5,3134.3,31717400,3447.7,2820.9,3839.9,2896.0,3135.0,4,1,3134.7,42,3,3134.6,9,1,3134.5,77,4,3134.4,47,4,3135.1,1,1,3135.2,23,1,3135.5,69,1,3135.6,1,1,3135.8,200,1
2031,2026-06-16 09:36:35+05:30,3135.0,13,3143.53,430569,104689.0,184624.0,3163.0,3163.0,3132.5,3134.3,31717400,3447.7,2820.9,3839.9,2896.0,3135.0,40,1,3134.7,10,2,3134.6,21,1,3134.5,52,2,3134.4,26,3,3135.1,1,1,3135.2,24,2,3135.5,94,2,3135.7,1,1,3135.8,200,1
2031,2026-06-16 09:36:36+05:30,3135.0,2,3143.53,430569,104689.0,184624.0,3163.0,3163.0,3132.5,3134.3,31717400,3447.7,2820.9,3839.9,2896.0,3135.0,40,1,3134.7,10,2,3134.6,21,1,3134.5,52,2,3134.4,26,3,3135.1,1,1,3135.2,24,2,3135.5,94,2,3135.7,1,1,3135.8,200,1
2031,2026-06-16 09:36:37+05:30,3135.0,2,3143.53,430571,104732.0,184370.0,3163.0,3163.0,3132.5,3134.3,31717400,3447.7,2820.9,3839.9,2896.0,3135.0,38,1,3134.7,10,2,3134.6,21,1,3134.5,52,2,3134.4,54,4,3135.1,1,1,3135.2,24,2,3135.5,94,2,3135.7,1,1,3135.8,200,1
2031,2026-06-16 09:36:37+05:30,3134.7,3,3143.53,430571,104732.0,184370.0,3163.0,3163.0,3132.5,3134.3,31717400,3447.7,2820.9,3839.9,2896.0,3135.0,38,1,3134.7,10,2,3134.6,21,1,3134.5,52,2,3134.4,54,4,3135.1,1,1,3135.2,24,2,3135.5,94,2,3135.7,1,1,3135.8,200,1
2031,2026-06-16 09:36:38+05:30,3135.0,25,3143.53,430649,103158.0,184945.0,3163.0,3163.0,3132.5,3134.3,31717400,3447.7,2820.9,3839.9,2896.0,3134.7,11,3,3134.5,2,1,3134.4,7,2,3134.3,6,2,3134.2,1,1,3135.1,2,2,3135.2,224,3,3135.4,53,3,3135.5,121,3,3135.6,571,7
2031,2026-06-16 09:36:38+05:30,3135.0,25,3143.53,430649,103158.0,184945.0,3163.0,3163.0,3132.5,3134.3,31717400,3447.7,2820.9,3839.9,2896.0,3134.7,11,3,3134.5,2,1,3134.4,7,2,3134.3,6,2,3134.2,1,1,3135.1,2,2,3135.2,224,3,3135.4,53,3,3135.5,121,3,3135.6,571,7
2031,2026-06-16 09:36:39+05:30,3134.3,48,3143.52,431105,101696.0,186284.0,3163.0,3163.0,3132.5,3134.3,31717400,3447.7,2820.9,3839.9,2896.0,3134.2,1,1,3134.1,5,2,3134.0,51,2,3133.8,8,1,3133.7,11,1,3134.3,91,1,3134.7,153,6,3134.8,211,2,3134.9,115,4,3135.0,135,4
2031,2026-06-16 09:36:39+05:30,3134.1,1,3143.52,431105,101696.0,186284.0,3163.0,3163.0,3132.5,3134.3,31717400,3447.7,2820.9,3839.9,2896.0,3134.2,1,1,3134.1,5,2,3134.0,51,2,3133.8,8,1,3133.7,11,1,3134.3,91,1,3134.7,153,6,3134.8,211,2,3134.9,115,4,3135.0,135,4
2031,2026-06-16 09:36:40+05:30,3134.1,1,3143.52,431145,102011.0,185828.0,3163.0,3163.0,3132.5,3134.3,31717400,3447.7,2820.9,3839.9,2896.0,3134.1,4,2,3134.0,51,2,3133.8,8,1,3133.7,11,1,3133.2,21,1,3134.3,141,5,3134.5,10,1,3134.6,65,2,3134.7,136,6,3134.8,230,3
2031,2026-06-16 09:36:40+05:30,3134.3,3,3143.52,431145,102011.0,185828.0,3163.0,3163.0,3132.5,3134.3,31717400,3447.7,2820.9,3839.9,2896.0,3134.1,4,2,3134.0,51,2,3133.8,8,1,3133.7,11,1,3133.2,21,1,3134.3,141,5,3134.5,10,1,3134.6,65,2,3134.7,136,6,3134.8,230,3
2031,2026-06-16 09:36:41+05:30,3134.1,53,3143.5,431845,100815.0,183936.0,3163.0,3163.0,3132.5,3134.3,31717400,3447.7,2820.9,3839.9,2896.0,3133.8,8,1,3133.7,11,1,3132.6,23,2,3132.5,3,2,3132.4,1,1,3134.2,30,2,3134.3,201,6,3134.4,114,3,3134.5,21,2,3134.6,19,1
2031,2026-06-16 09:36:41+05:30,3133.8,24,3143.5,431845,100815.0,183936.0,3163.0,3163.0,3132.5,3134.3,31717400,3447.7,2820.9,3839.9,2896.0,3133.8,8,1,3133.7,11,1,3132.6,23,2,3132.5,3,2,3132.4,1,1,3134.2,30,2,3134.3,201,6,3134.4,114,3,3134.5,21,2,3134.6,19,1
2031,2026-06-16 09:36:42+05:30,3134.2,3,3143.5,431872,102463.0,185921.0,3163.0,3163.0,3132.5,3134.3,31717400,3447.7,2820.9,3839.9,2896.0,3133.8,39,1,3133.7,12,2,3132.7,82,2,3132.6,171,5,3132.5,23,3,3134.2,14,1,3134.3,127,5,3134.4,51,1,3134.5,10,1,3134.6,200,1
2031,2026-06-16 09:36:42+05:30,3133.8,6,3143.5,431872,102463.0,185921.0,3163.0,3163.0,3132.5,3134.3,31717400,3447.7,2820.9,3839.9,2896.0,3133.8,39,1,3133.7,12,2,3132.7,82,2,3132.6,171,5,3132.5,23,3,3134.2,14,1,3134.3,127,5,3134.4,51,1,3134.5,10,1,3134.6,200,1
2031,2026-06-16 09:36:43+05:30,3133.1,166,3143.5,432164,102379.0,184783.0,3163.0,3163.0,3132.5,3134.3,31717400,3447.7,2820.9,3839.9,2896.0,3133.5,17,1,3133.4,104,6,3133.3,46,4,3133.2,54,3,3133.1,134,5,3134.2,6,1,3134.3,28,2,3134.9,63,2,3135.0,225,2,3135.1,12,2
2031,2026-06-16 09:36:43+05:30,3133.1,166,3143.5,432164,102379.0,184783.0,3163.0,3163.0,3132.5,3134.3,31717400,3447.7,2820.9,3839.9,2896.0,3133.5,17,1,3133.4,104,6,3133.3,46,4,3133.2,54,3,3133.1,134,5,3134.2,6,1,3134.3,28,2,3134.9,63,2,3135.0,225,2,3135.1,12,2
2031,2026-06-16 09:36:44+05:30,3133.5,33,3143.49,432354,102746.0,185060.0,3163.0,3163.0,3132.5,3134.3,31717400,3447.7,2820.9,3839.9,2896.0,3133.4,56,3,3133.3,60,4,3133.2,57,2,3133.1,36,2,3133.0,167,6,3134.2,47,4,3134.3,9,2,3135.0,69,3,3135.1,310,3,3135.3,20,1
2031,2026-06-16 09:36:44+05:30,3134.2,3,3143.49,432354,102746.0,185060.0,3163.0,3163.0,3132.5,3134.3,31717400,3447.7,2820.9,3839.9,2896.0,3133.4,56,3,3133.3,60,4,3133.2,57,2,3133.1,36,2,3133.0,167,6,3134.2,47,4,3134.3,9,2,3135.0,69,3,3135.1,310,3,3135.3,20,1
2031,2026-06-16 09:36:45+05:30,3133.5,7,3143.49,432415,102939.0,185224.0,3163.0,3163.0,3132.5,3134.3,31717400,3447.7,2820.9,3839.9,2896.0,3134.1,50,1,3133.8,2,2,3133.5,1,1,3133.4,95,4,3133.3,17,1,3134.2,39,4,3134.3,8,1,3134.9,50,2,3135.0,88,4,3135.1,291,3
2031,2026-06-16 09:36:45+05:30,3133.5,7,3143.49,432415,102939.0,185224.0,3163.0,3163.0,3132.5,3134.3,31717400,3447.7,2820.9,3839.9,2896.0,3134.1,50,1,3133.8,2,2,3133.5,1,1,3133.4,95,4,3133.3,17,1,3134.2,39,4,3134.3,8,1,3134.9,50,2,3135.0,88,4,3135.1,291,3
2031,2026-06-16 09:36:46+05:30,3134.1,39,3143.49,432582,101788.0,186090.0,3163.0,3163.0,3132.5,3134.3,31717400,3447.7,2820.9,3839.9,2896.0,3133.8,2,2,3133.5,1,1,3133.4,9,2,3133.0,18,1,3132.9,25,2,3134.1,50,1,3134.2,53,6,3134.3,16,2,3134.4,67,3,3134.6,46,2
2031,2026-06-16 09:36:46+05:30,3134.1,39,3143.49,432582,101788.0,186090.0,3163.0,3163.0,3132.5,3134.3,31717400,3447.7,2820.9,3839.9,2896.0,3133.8,2,2,3133.5,1,1,3133.4,9,2,3133.0,18,1,3132.9,25,2,3134.1,50,1,3134.2,53,6,3134.3,16,2,3134.4,67,3,3134.6,46,2
2031,2026-06-16 09:36:47+05:30,3133.8,1,3143.49,432586,102213.0,186074.0,3163.0,3163.0,3132.5,3134.3,31717400,3447.7,2820.9,3839.9,2896.0,3133.5,1,1,3133.4,59,3,3133.0,18,1,3132.9,4,1,3132.6,39,4,3134.1,205,7,3134.2,9,3,3134.3,39,3,3134.4,67,3,3134.5,23,1
2031,2026-06-16 09:36:47+05:30,3133.8,1,3143.49,432586,102213.0,186074.0,3163.0,3163.0,3132.5,3134.3,31717400,3447.7,2820.9,3839.9,2896.0,3133.5,1,1,3133.4,59,3,3133.0,18,1,3132.9,4,1,3132.6,39,4,3134.1,205,7,3134.2,9,3,3134.3,39,3,3134.4,67,3,3134.5,23,1
2031,2026-06-16 09:36:48+05:30,3132.9,18,3143.49,432586,102213.0,186074.0,3163.0,3163.0,3132.5,3134.3,31717400,3447.7,2820.9,3839.9,2896.0,3133.5,1,1,3133.4,59,3,3133.0,18,1,3132.9,4,1,3132.6,39,4,3134.1,205,7,3134.2,9,3,3134.3,39,3,3134.4,67,3,3134.5,23,1
2031,2026-06-16 09:36:48+05:30,3132.9,18,3143.48,432891,101513.0,186338.0,3163.0,3163.0,3132.5,3134.3,31717400,3447.7,2820.9,3839.9,2896.0,3132.9,4,1,3132.7,169,1,3132.6,100,5,3132.5,79,3,3132.4,28,2,3133.9,50,1,3134.0,12,1,3134.1,136,5,3134.2,47,4,3134.3,216,3
2031,2026-06-16 09:36:49+05:30,3132.9,5,3143.48,432891,101513.0,186338.0,3163.0,3163.0,3132.5,3134.3,31717400,3447.7,2820.9,3839.9,2896.0,3132.9,4,1,3132.7,169,1,3132.6,100,5,3132.5,79,3,3132.4,28,2,3133.9,50,1,3134.0,12,1,3134.1,136,5,3134.2,47,4,3134.3,216,3
2031,2026-06-16 09:36:49+05:30,3132.9,8,3143.48,432936,102091.0,185896.0,3163.0,3163.0,3132.5,3134.3,31717400,3447.7,2820.9,3839.9,2896.0,3132.9,211,3,3132.8,76,1,3132.7,194,6,3132.6,28,3,3132.5,104,4,3133.9,84,4,3134.0,12,1,3134.1,96,2,3134.2,8,2,3134.3,16,2
2031,2026-06-16 09:36:50+05:30,3133.9,10,3143.48,432936,102091.0,185896.0,3163.0,3163.0,3132.5,3134.3,31717400,3447.7,2820.9,3839.9,2896.0,3132.9,211,3,3132.8,76,1,3132.7,194,6,3132.6,28,3,3132.5,104,4,3133.9,84,4,3134.0,12,1,3134.1,96,2,3134.2,8,2,3134.3,16,2
2031,2026-06-16 09:36:50+05:30,3133.9,1,3143.48,432994,102133.0,186289.0,3163.0,3163.0,3132.5,3134.3,31717400,3447.7,2820.9,3839.9,2896.0,3132.9,53,3,3132.8,154,3,3132.7,140,5,3132.6,70,4,3132.5,124,5,3133.9,59,4,3134.0,12,1,3134.1,96,2,3134.2,8,2,3134.3,16,2
2031,2026-06-16 09:36:51+05:30,3133.9,7,3143.48,432994,102133.0,186289.0,3163.0,3163.0,3132.5,3134.3,31717400,3447.7,2820.9,3839.9,2896.0,3132.9,53,3,3132.8,154,3,3132.7,140,5,3132.6,70,4,3132.5,124,5,3133.9,59,4,3134.0,12,1,3134.1,96,2,3134.2,8,2,3134.3,16,2
2031,2026-06-16 09:36:52+05:30,3133.9,16,3143.47,433087,102932.0,185790.0,3163.0,3163.0,3132.5,3134.3,31717400,3447.7,2820.9,3839.9,2896.0,3133.9,13,1,3133.0,1,1,3132.9,69,3,3132.8,76,1,3132.7,140,5,3134.0,12,1,3134.1,96,2,3134.2,8,2,3134.3,29,3,3134.5,58,2
2031,2026-06-16 09:36:52+05:30,3133.9,38,3143.47,433087,102932.0,185790.0,3163.0,3163.0,3132.5,3134.3,31717400,3447.7,2820.9,3839.9,2896.0,3133.9,13,1,3133.0,1,1,3132.9,69,3,3132.8,76,1,3132.7,140,5,3134.0,12,1,3134.1,96,2,3134.2,8,2,3134.3,29,3,3134.5,58,2
2031,2026-06-16 09:36:53+05:30,3134.0,10,3143.47,433136,102902.0,185763.0,3163.0,3163.0,3132.5,3134.3,31717400,3447.7,2820.9,3839.9,2896.0,3133.9,8,1,3133.0,42,3,3132.9,116,4,3132.8,76,1,3132.7,112,4,3134.0,1,1,3134.1,103,3,3134.2,8,2,3134.3,67,4,3134.4,19,1
2031,2026-06-16 09:36:53+05:30,3133.9,3,3143.47,433136,102902.0,185763.0,3163.0,3163.0,3132.5,3134.3,31717400,3447.7,2820.9,3839.9,2896.0,3133.9,8,1,3133.0,42,3,3132.9,116,4,3132.8,76,1,3132.7,112,4,3134.0,1,1,3134.1,103,3,3134.2,8,2,3134.3,67,4,3134.4,19,1
2031,2026-06-16 09:36:54+05:30,3133.9,3,3143.47,433139,103057.0,185374.0,3163.0,3163.0,3132.5,3134.3,31717400,3447.7,2820.9,3839.9,2896.0,3133.9,43,2,3133.0,121,5,3132.9,235,5,3132.8,163,3,3132.7,132,5,3134.0,2,2,3134.1,96,2,3134.2,8,2,3134.3,16,2,3134.5,20,1
2031,2026-06-16 09:36:54+05:30,3134.0,1,3143.47,433139,103057.0,185374.0,3163.0,3163.0,3132.5,3134.3,31717400,3447.7,2820.9,3839.9,2896.0,3133.9,43,2,3133.0,121,5,3132.9,235,5,3132.8,163,3,3132.7,132,5,3134.0,2,2,3134.1,96,2,3134.2,8,2,3134.3,16,2,3134.5,20,1
2031,2026-06-16 09:36:55+05:30,3134.0,5,3143.46,433557,102767.0,184376.0,3163.0,3163.0,3132.5,3134.3,31717400,3447.7,2820.9,3839.9,2896.0,3133.4,68,5,3133.3,99,4,3133.2,36,2,3133.1,35,2,3133.0,189,8,3134.0,1,1,3134.1,96,2,3134.2,8,2,3134.3,16,2,3134.9,202,2
2031,2026-06-16 09:36:55+05:30,3134.0,1,3143.46,433557,102767.0,184376.0,3163.0,3163.0,3132.5,3134.3,31717400,3447.7,2820.9,3839.9,2896.0,3133.4,68,5,3133.3,99,4,3133.2,36,2,3133.1,35,2,3133.0,189,8,3134.0,1,1,3134.1,96,2,3134.2,8,2,3134.3,16,2,3134.9,202,2
2031,2026-06-16 09:36:56+05:30,3133.5,2,3143.46,433560,103089.0,184248.0,3163.0,3163.0,3132.5,3134.3,31717400,3447.7,2820.9,3839.9,2896.0,3133.5,85,7,3133.4,100,6,3133.3,45,3,3133.2,70,4,3133.1,18,1,3134.0,7,2,3134.1,96,2,3134.2,8,2,3134.3,16,2,3134.9,200,1
2031,2026-06-16 09:36:56+05:30,3133.5,6,3143.46,433560,103089.0,184248.0,3163.0,3163.0,3132.5,3134.3,31717400,3447.7,2820.9,3839.9,2896.0,3133.5,85,7,3133.4,100,6,3133.3,45,3,3133.2,70,4,3133.1,18,1,3134.0,7,2,3134.1,96,2,3134.2,8,2,3134.3,16,2,3134.9,200,1
2031,2026-06-16 09:36:57+05:30,3134.0,1,3143.46,433650,102916.0,184583.0,3163.0,3163.0,3132.5,3134.3,31717400,3447.7,2820.9,3839.9,2896.0,3133.5,58,4,3133.4,112,6,3133.3,97,4,3133.2,50,3,3133.1,18,1,3134.0,5,1,3134.1,96,2,3134.2,8,2,3134.3,16,2,3134.8,2,1
2031,2026-06-16 09:36:57+05:30,3133.5,115,3143.46,433650,102916.0,184583.0,3163.0,3163.0,3132.5,3134.3,31717400,3447.7,2820.9,3839.9,2896.0,3133.5,58,4,3133.4,112,6,3133.3,97,4,3133.2,50,3,3133.1,18,1,3134.0,5,1,3134.1,96,2,3134.2,8,2,3134.3,16,2,3134.8,2,1
2031,2026-06-16 09:36:58+05:30,3134.3,32,3143.45,434193,104423.0,182736.0,3163.0,3163.0,3132.5,3134.3,31717400,3447.7,2820.9,3839.9,2896.0,3134.1,68,5,3134.0,134,6,3133.9,75,3,3133.8,98,5,3133.7,80,4,3135.0,117,4,3135.6,200,1,3135.9,19,3,3136.0,543,9,3136.1,237,2
2031,2026-06-16 09:36:58+05:30,3135.0,20,3143.45,434193,104423.0,182736.0,3163.0,3163.0,3132.5,3134.3,31717400,3447.7,2820.9,3839.9,2896.0,3134.1,68,5,3134.0,134,6,3133.9,75,3,3133.8,98,5,3133.7,80,4,3135.0,117,4,3135.6,200,1,3135.9,19,3,3136.0,543,9,3136.1,237,2
2031,2026-06-16 09:36:59+05:30,3135.0,1,3143.45,434214,104039.0,183618.0,3163.0,3163.0,3132.5,3134.3,31717400,3447.7,2820.9,3839.9,2896.0,3134.3,17,1,3134.1,33,2,3134.0,34,1,3133.9,27,1,3133.8,80,2,3135.0,133,8,3135.2,56,2,3135.3,33,1,3135.5,436,3,3135.6,115,4
2031,2026-06-16 09:36:59+05:30,3135.0,1,3143.45,434214,104039.0,183618.0,3163.0,3163.0,3132.5,3134.3,31717400,3447.7,2820.9,3839.9,2896.0,3134.3,17,1,3134.1,33,2,3134.0,34,1,3133.9,27,1,3133.8,80,2,3135.0,133,8,3135.2,56,2,3135.3,33,1,3135.5,436,3,3135.6,115,4
2031,2026-06-16 09:37:00+05:30,3134.2,2,3143.44,434707,102266.0,184593.0,3163.0,3163.0,3132.5,3134.3,31717400,3447.7,2820.9,3839.9,2896.0,3133.9,2,1,3133.0,114,2,3132.9,30,2,3132.8,3,1,3132.7,255,4,3134.3,33,2,3134.5,71,3,3134.6,196,1,3134.7,52,2,3134.8,30,1
2031,2026-06-16 09:37:00+05:30,3134.2,1,3143.44,434707,102266.0,184593.0,3163.0,3163.0,3132.5,3134.3,31717400,3447.7,2820.9,3839.9,2896.0,3133.9,2,1,3133.0,114,2,3132.9,30,2,3132.8,3,1,3132.7,255,4,3134.3,33,2,3134.5,71,3,3134.6,196,1,3134.7,52,2,3134.8,30,1
2031,2026-06-16 09:37:01+05:30,3133.9,42,3143.44,434770,102765.0,186227.0,3163.0,3163.0,3132.5,3134.3,31717400,3447.7,2820.9,3839.9,2896.0,3133.0,121,3,3132.9,85,2,3132.8,3,1,3132.7,9,1,3132.6,152,6,3134.2,57,2,3134.3,270,3,3134.4,19,1,3134.5,67,3,3134.6,38,1
2031,2026-06-16 09:37:01+05:30,3133.9,42,3143.44,434770,102765.0,186227.0,3163.0,3163.0,3132.5,3134.3,31717400,3447.7,2820.9,3839.9,2896.0,3133.0,121,3,3132.9,85,2,3132.8,3,1,3132.7,9,1,3132.6,152,6,3134.2,57,2,3134.3,270,3,3134.4,19,1,3134.5,67,3,3134.6,38,1
2031,2026-06-16 09:37:02+05:30,3133.0,2,3143.43,434884,102643.0,186417.0,3163.0,3163.0,3132.5,3134.3,31717400,3447.7,2820.9,3839.9,2896.0,3133.0,14,3,3132.9,85,2,3132.8,3,1,3132.7,9,1,3132.6,106,4,3134.2,106,8,3134.3,270,3,3134.4,65,2,3134.5,35,3,3134.6,98,2
2031,2026-06-16 09:37:02+05:30,3133.0,2,3143.43,434884,102643.0,186417.0,3163.0,3163.0,3132.5,3134.3,31717400,3447.7,2820.9,3839.9,2896.0,3133.0,14,3,3132.9,85,2,3132.8,3,1,3132.7,9,1,3132.6,106,4,3134.2,106,8,3134.3,270,3,3134.4,65,2,3134.5,35,3,3134.6,98,2
2031,2026-06-16 09:37:03+05:30,3133.6,11,3143.43,435063,103898.0,182398.0,3163.0,3163.0,3132.5,3134.3,31717400,3447.7,2820.9,3839.9,2896.0,3134.0,100,1,3133.6,26,3,3133.5,75,4,3133.4,16,1,3133.3,28,2,3134.3,209,2,3134.5,7,1,3134.7,196,1,3134.8,200,1,3134.9,1,1
2031,2026-06-16 09:37:03+05:30,3133.6,11,3143.43,435063,103898.0,182398.0,3163.0,3163.0,3132.5,3134.3,31717400,3447.7,2820.9,3839.9,2896.0,3134.0,100,1,3133.6,26,3,3133.5,75,4,3133.4,16,1,3133.3,28,2,3134.3,209,2,3134.5,7,1,3134.7,196,1,3134.8,200,1,3134.9,1,1
2031,2026-06-16 09:37:04+05:30,3134.0,100,3143.43,435063,103898.0,182398.0,3163.0,3163.0,3132.5,3134.3,31717400,3447.7,2820.9,3839.9,2896.0,3134.0,100,1,3133.6,26,3,3133.5,75,4,3133.4,16,1,3133.3,28,2,3134.3,209,2,3134.5,7,1,3134.7,196,1,3134.8,200,1,3134.9,1,1
2031,2026-06-16 09:37:04+05:30,3134.0,100,3143.43,435163,103752.0,184330.0,3163.0,3163.0,3132.5,3134.3,31717400,3447.7,2820.9,3839.9,2896.0,3133.6,26,3,3133.5,52,3,3133.4,17,2,3133.3,80,3,3133.2,108,5,3134.2,2,1,3134.3,209,2,3134.5,7,1,3134.7,196,1,3134.8,200,1
2031,2026-06-16 09:37:05+05:30,3134.3,1,3143.43,435163,103752.0,184330.0,3163.0,3163.0,3132.5,3134.3,31717400,3447.7,2820.9,3839.9,2896.0,3133.6,26,3,3133.5,52,3,3133.4,17,2,3133.3,80,3,3133.2,108,5,3134.2,2,1,3134.3,209,2,3134.5,7,1,3134.7,196,1,3134.8,200,1
2031,2026-06-16 09:37:05+05:30,3134.3,1,3143.43,435176,103961.0,184527.0,3163.0,3163.0,3132.5,3134.3,31717400,3447.7,2820.9,3839.9,2896.0,3134.2,6,1,3134.0,5,1,3133.8,29,2,3133.5,89,5,3133.4,17,2,3134.3,208,2,3134.5,7,1,3134.7,196,1,3134.8,200,1,3134.9,1,1
2031,2026-06-16 09:37:06+05:30,3134.2,38,3143.43,435176,103961.0,184527.0,3163.0,3163.0,3132.5,3134.3,31717400,3447.7,2820.9,3839.9,2896.0,3134.2,6,1,3134.0,5,1,3133.8,29,2,3133.5,89,5,3133.4,17,2,3134.3,208,2,3134.5,7,1,3134.7,196,1,3134.8,200,1,3134.9,1,1
2031,2026-06-16 09:37:07+05:30,3134.3,1,3143.43,435216,103705.0,183044.0,3163.0,3163.0,3132.5,3134.3,31717400,3447.7,2820.9,3839.9,2896.0,3134.2,9,1,3134.0,5,1,3133.5,28,2,3133.4,16,1,3133.3,64,4,3134.3,206,2,3134.5,7,1,3134.7,196,1,3134.8,400,2,3134.9,59,3
2031,2026-06-16 09:37:07+05:30,3134.2,17,3143.43,435216,103705.0,183044.0,3163.0,3163.0,3132.5,3134.3,31717400,3447.7,2820.9,3839.9,2896.0,3134.2,9,1,3134.0,5,1,3133.5,28,2,3133.4,16,1,3133.3,64,4,3134.3,206,2,3134.5,7,1,3134.7,196,1,3134.8,400,2,3134.9,59,3
2031,2026-06-16 09:37:08+05:30,3134.3,50,3143.43,435283,103701.0,184296.0,3163.0,3163.0,3132.5,3134.3,31717400,3447.7,2820.9,3839.9,2896.0,3134.2,16,2,3134.0,5,1,3133.9,7,1,3133.5,28,2,3133.4,36,2,3134.3,20,2,3134.5,146,2,3134.9,396,2,3135.0,586,11,3135.1,79,3
2031,2026-06-16 09:37:08+05:30,3134.3,50,3143.43,435283,103701.0,184296.0,3163.0,3163.0,3132.5,3134.3,31717400,3447.7,2820.9,3839.9,2896.0,3134.2,16,2,3134.0,5,1,3133.9,7,1,3133.5,28,2,3133.4,36,2,3134.3,20,2,3134.5,146,2,3134.9,396,2,3135.0,586,11,3135.1,79,3
2031,2026-06-16 09:37:09+05:30,3134.2,9,3143.42,435384,103399.0,185017.0,3163.0,3163.0,3132.5,3134.3,31717400,3447.7,2820.9,3839.9,2896.0,3134.0,5,1,3133.3,20,1,3133.1,44,2,3133.0,3,1,3132.9,101,3,3134.2,17,1,3134.3,76,8,3134.4,13,1,3134.5,172,4,3134.6,19,1
2031,2026-06-16 09:37:09+05:30,3134.2,16,3143.42,435384,103399.0,185017.0,3163.0,3163.0,3132.5,3134.3,31717400,3447.7,2820.9,3839.9,2896.0,3134.0,5,1,3133.3,20,1,3133.1,44,2,3133.0,3,1,3132.9,101,3,3134.2,17,1,3134.3,76,8,3134.4,13,1,3134.5,172,4,3134.6,19,1
2031,2026-06-16 09:37:10+05:30,3134.0,5,3143.42,435535,104831.0,185363.0,3163.0,3163.0,3132.5,3134.3,31717400,3447.7,2820.9,3839.9,2896.0,3133.4,26,1,3133.1,23,1,3133.0,21,2,3132.9,101,3,3132.8,23,2,3134.0,41,1,3134.3,31,4,3134.5,146,2,3134.7,19,1,3134.8,112,4
2031,2026-06-16 09:37:10+05:30,3133.4,1,3143.42,435535,104831.0,185363.0,3163.0,3163.0,3132.5,3134.3,31717400,3447.7,2820.9,3839.9,2896.0,3133.4,26,1,3133.1,23,1,3133.0,21,2,3132.9,101,3,3132.8,23,2,3134.0,41,1,3134.3,31,4,3134.5,146,2,3134.7,19,1,3134.8,112,4
2031,2026-06-16 09:37:11+05:30,3133.4,1,3143.42,435535,104831.0,185363.0,3163.0,3163.0,3132.5,3134.3,31717400,3447.7,2820.9,3839.9,2896.0,3133.4,26,1,3133.1,23,1,3133.0,21,2,3132.9,101,3,3132.8,23,2,3134.0,41,1,3134.3,31,4,3134.5,146,2,3134.7,19,1,3134.8,112,4
2031,2026-06-16 09:37:11+05:30,3134.3,1,3143.42,435613,105359.0,185066.0,3163.0,3163.0,3132.5,3134.3,31717400,3447.7,2820.9,3839.9,2896.0,3134.2,15,1,3134.0,59,1,3133.4,79,4,3133.3,59,3,3133.2,67,3,3134.3,18,3,3134.5,146,2,3134.8,60,1,3134.9,396,2,3135.0,585,10
2031,2026-06-16 09:37:11+05:30,3134.3,1,3143.42,435613,105359.0,185066.0,3163.0,3163.0,3132.5,3134.3,31717400,3447.7,2820.9,3839.9,2896.0,3134.2,15,1,3134.0,59,1,3133.4,79,4,3133.3,59,3,3133.2,67,3,3134.3,18,3,3134.5,146,2,3134.8,60,1,3134.9,396,2,3135.0,585,10
2031,2026-06-16 09:37:12+05:30,3134.2,23,3143.42,435652,105356.0,185126.0,3163.0,3163.0,3132.5,3134.3,31717400,3447.7,2820.9,3839.9,2896.0,3134.2,6,1,3134.0,59,1,3133.4,49,3,3133.3,32,2,3133.2,87,4,3134.3,140,5,3134.5,146,2,3134.8,60,1,3134.9,396,2,3135.0,462,11
2031,2026-06-16 09:37:12+05:30,3134.2,23,3143.42,435652,105356.0,185126.0,3163.0,3163.0,3132.5,3134.3,31717400,3447.7,2820.9,3839.9,2896.0,3134.2,6,1,3134.0,59,1,3133.4,49,3,3133.3,32,2,3133.2,87,4,3134.3,140,5,3134.5,146,2,3134.8,60,1,3134.9,396,2,3135.0,462,11
2031,2026-06-16 09:37:12+05:30,3134.2,23,3143.42,435652,105356.0,185126.0,3163.0,3163.0,3132.5,3134.3,31717400,3447.7,2820.9,3839.9,2896.0,3134.2,6,1,3134.0,59,1,3133.4,49,3,3133.3,32,2,3133.2,87,4,3134.3,140,5,3134.5,146,2,3134.8,60,1,3134.9,396,2,3135.0,462,11
2031,2026-06-16 09:37:13+05:30,3134.0,27,3143.42,435741,104702.0,185854.0,3163.0,3163.0,3132.5,3134.3,31717400,3447.7,2820.9,3839.9,2896.0,3133.4,27,2,3133.0,133,4,3132.9,101,3,3132.8,3,1,3132.6,106,4,3134.2,16,1,3134.3,304,11,3134.5,164,3,3134.6,90,3,3134.7,100,4
2031,2026-06-16 09:37:13+05:30,3133.4,1,3143.42,435741,104702.0,185854.0,3163.0,3163.0,3132.5,3134.3,31717400,3447.7,2820.9,3839.9,2896.0,3133.4,27,2,3133.0,133,4,3132.9,101,3,3132.8,3,1,3132.6,106,4,3134.2,16,1,3134.3,304,11,3134.5,164,3,3134.6,90,3,3134.7,100,4
2031,2026-06-16 09:37:14+05:30,3133.4,47,3143.41,436027,103350.0,186934.0,3163.0,3163.0,3132.5,3134.3,31717400,3447.7,2820.9,3839.9,2896.0,3133.0,133,4,3132.9,3,1,3132.8,3,1,3132.6,9,2,3132.5,3,2,3133.2,200,1,3133.5,41,3,3133.6,38,1,3133.7,25,2,3133.8,88,5
2031,2026-06-16 09:37:14+05:30,3133.4,47,3143.41,436027,103350.0,186934.0,3163.0,3163.0,3132.5,3134.3,31717400,3447.7,2820.9,3839.9,2896.0,3133.0,133,4,3132.9,3,1,3132.8,3,1,3132.6,9,2,3132.5,3,2,3133.2,200,1,3133.5,41,3,3133.6,38,1,3133.7,25,2,3133.8,88,5
2031,2026-06-16 09:37:14+05:30,3133.4,47,3143.41,436027,103350.0,186934.0,3163.0,3163.0,3132.5,3134.3,31717400,3447.7,2820.9,3839.9,2896.0,3133.0,133,4,3132.9,3,1,3132.8,3,1,3132.6,9,2,3132.5,3,2,3133.2,200,1,3133.5,41,3,3133.6,38,1,3133.7,25,2,3133.8,88,5
2031,2026-06-16 09:37:15+05:30,3132.0,30,3143.38,437301,101017.0,187154.0,3163.0,3163.0,3132.0,3134.3,31717400,3447.7,2820.9,3839.9,2896.0,3131.8,32,2,3131.6,265,3,3131.5,111,5,3131.4,60,3,3131.3,86,2,3132.7,200,1,3132.8,101,1,3133.2,75,4,3133.3,233,3,3133.4,400,2
2031,2026-06-16 09:37:15+05:30,3132.0,30,3143.38,437301,101017.0,187154.0,3163.0,3163.0,3132.0,3134.3,31717400,3447.7,2820.9,3839.9,2896.0,3131.8,32,2,3131.6,265,3,3131.5,111,5,3131.4,60,3,3131.3,86,2,3132.7,200,1,3132.8,101,1,3133.2,75,4,3133.3,233,3,3133.4,400,2
2031,2026-06-16 09:37:16+05:30,3132.0,30,3143.38,437301,101017.0,187154.0,3163.0,3163.0,3132.0,3134.3,31717400,3447.7,2820.9,3839.9,2896.0,3131.8,32,2,3131.6,265,3,3131.5,111,5,3131.4,60,3,3131.3,86,2,3132.7,200,1,3132.8,101,1,3133.2,75,4,3133.3,233,3,3133.4,400,2
2031,2026-06-16 09:37:16+05:30,3134.2,1,3143.38,437301,101017.0,187154.0,3163.0,3163.0,3132.0,3134.3,31717400,3447.7,2820.9,3839.9,2896.0,3131.8,32,2,3131.6,265,3,3131.5,111,5,3131.4,60,3,3131.3,86,2,3132.7,200,1,3132.8,101,1,3133.2,75,4,3133.3,233,3,3133.4,400,2
2031,2026-06-16 09:37:16+05:30,3134.2,1,3143.37,437670,104368.0,185077.0,3163.0,3163.0,3131.8,3134.3,31717400,3447.7,2820.9,3839.9,2896.0,3133.2,7,1,3132.9,51,1,3132.8,247,3,3132.7,139,2,3132.6,39,2,3134.2,6,1,3134.3,452,8,3134.4,200,1,3134.5,7,1,3134.6,256,3
2031,2026-06-16 09:37:17+05:30,3134.3,25,3143.37,437670,104368.0,185077.0,3163.0,3163.0,3131.8,3134.3,31717400,3447.7,2820.9,3839.9,2896.0,3133.2,7,1,3132.9,51,1,3132.8,247,3,3132.7,139,2,3132.6,39,2,3134.2,6,1,3134.3,452,8,3134.4,200,1,3134.5,7,1,3134.6,256,3
2031,2026-06-16 09:37:17+05:30,3134.3,25,3143.37,437720,104267.0,185721.0,3163.0,3163.0,3131.8,3134.3,31717400,3447.7,2820.9,3839.9,2896.0,3133.2,52,3,3133.1,5,1,3133.0,134,3,3132.9,24,1,3132.8,76,2,3133.9,200,1,3134.2,16,1,3134.3,384,6,3134.4,200,1,3134.5,45,2
2031,2026-06-16 09:37:17+05:30,3134.3,25,3143.37,437720,104267.0,185721.0,3163.0,3163.0,3131.8,3134.3,31717400,3447.7,2820.9,3839.9,2896.0,3133.2,52,3,3133.1,5,1,3133.0,134,3,3132.9,24,1,3132.8,76,2,3133.9,200,1,3134.2,16,1,3134.3,384,6,3134.4,200,1,3134.5,45,2
2031,2026-06-16 09:37:18+05:30,3133.1,3,3143.37,437720,104267.0,185721.0,3163.0,3163.0,3131.8,3134.3,31717400,3447.7,2820.9,3839.9,2896.0,3133.2,52,3,3133.1,5,1,3133.0,134,3,3132.9,24,1,3132.8,76,2,3133.9,200,1,3134.2,16,1,3134.3,384,6,3134.4,200,1,3134.5,45,2
2031,2026-06-16 09:37:18+05:30,3133.1,3,3143.35,438333,103802.0,184228.0,3163.0,3163.0,3131.8,3134.3,31717400,3447.7,2820.9,3839.9,2896.0,3133.0,507,2,3132.9,10,1,3132.8,12,1,3132.7,12,1,3132.5,34,2,3133.5,38,3,3133.6,24,2,3133.8,216,2,3134.1,198,2,3134.2,451,3
2031,2026-06-16 09:37:19+05:30,3133.1,3,3143.35,438333,103802.0,184228.0,3163.0,3163.0,3131.8,3134.3,31717400,3447.7,2820.9,3839.9,2896.0,3133.0,507,2,3132.9,10,1,3132.8,12,1,3132.7,12,1,3132.5,34,2,3133.5,38,3,3133.6,24,2,3133.8,216,2,3134.1,198,2,3134.2,451,3
2031,2026-06-16 09:37:19+05:30,3133.0,6,3143.35,438333,103802.0,184228.0,3163.0,3163.0,3131.8,3134.3,31717400,3447.7,2820.9,3839.9,2896.0,3133.0,507,2,3132.9,10,1,3132.8,12,1,3132.7,12,1,3132.5,34,2,3133.5,38,3,3133.6,24,2,3133.8,216,2,3134.1,198,2,3134.2,451,3
2031,2026-06-16 09:37:19+05:30,3133.0,6,3143.35,438346,104340.0,186725.0,3163.0,3163.0,3131.8,3134.3,31717400,3447.7,2820.9,3839.9,2896.0,3133.0,621,4,3132.8,20,1,3132.7,14,1,3132.6,56,2,3132.5,71,3,3133.5,38,3,3133.6,24,2,3133.7,200,1,3133.8,16,1,3133.9,3,1
2031,2026-06-16 09:37:20+05:30,3133.0,6,3143.35,438346,104340.0,186725.0,3163.0,3163.0,3131.8,3134.3,31717400,3447.7,2820.9,3839.9,2896.0,3133.0,621,4,3132.8,20,1,3132.7,14,1,3132.6,56,2,3132.5,71,3,3133.5,38,3,3133.6,24,2,3133.7,200,1,3133.8,16,1,3133.9,3,1
2031,2026-06-16 09:37:20+05:30,3133.5,3,3143.35,438346,104340.0,186725.0,3163.0,3163.0,3131.8,3134.3,31717400,3447.7,2820.9,3839.9,2896.0,3133.0,621,4,3132.8,20,1,3132.7,14,1,3132.6,56,2,3132.5,71,3,3133.5,38,3,3133.6,24,2,3133.7,200,1,3133.8,16,1,3133.9,3,1
2031,2026-06-16 09:37:21+05:30,3133.5,3,3143.35,438349,104417.0,185855.0,3163.0,3163.0,3131.8,3134.3,31717400,3447.7,2820.9,3839.9,2896.0,3133.0,725,8,3132.9,40,3,3132.8,31,2,3132.7,28,2,3132.6,95,4,3133.5,21,2,3133.6,8,1,3133.7,200,1,3133.9,3,1,3134.1,196,1
2031,2026-06-16 09:37:21+05:30,3133.5,3,3143.35,438349,104417.0,185855.0,3163.0,3163.0,3131.8,3134.3,31717400,3447.7,2820.9,3839.9,2896.0,3133.0,725,8,3132.9,40,3,3132.8,31,2,3132.7,28,2,3132.6,95,4,3133.5,21,2,3133.6,8,1,3133.7,200,1,3133.9,3,1,3134.1,196,1
2031,2026-06-16 09:37:22+05:30,3133.2,9,3143.34,438698,106056.0,184326.0,3163.0,3163.0,3131.8,3134.3,31717400,3447.7,2820.9,3839.9,2896.0,3133.2,26,1,3133.1,40,3,3133.0,841,10,3132.9,79,5,3132.8,24,3,3133.9,3,1,3134.2,11,1,3134.3,475,6,3134.5,7,1,3134.6,50,1
2031,2026-06-16 09:37:22+05:30,3133.2,9,3143.34,438698,106056.0,184326.0,3163.0,3163.0,3131.8,3134.3,31717400,3447.7,2820.9,3839.9,2896.0,3133.2,26,1,3133.1,40,3,3133.0,841,10,3132.9,79,5,3132.8,24,3,3133.9,3,1,3134.2,11,1,3134.3,475,6,3134.5,7,1,3134.6,50,1
2031,2026-06-16 09:37:22+05:30,3133.2,3,3143.34,438698,106056.0,184326.0,3163.0,3163.0,3131.8,3134.3,31717400,3447.7,2820.9,3839.9,2896.0,3133.2,26,1,3133.1,40,3,3133.0,841,10,3132.9,79,5,3132.8,24,3,3133.9,3,1,3134.2,11,1,3134.3,475,6,3134.5,7,1,3134.6,50,1
2031,2026-06-16 09:37:23+05:30,3133.2,3,3143.34,438698,106056.0,184326.0,3163.0,3163.0,3131.8,3134.3,31717400,3447.7,2820.9,3839.9,2896.0,3133.2,26,1,3133.1,40,3,3133.0,841,10,3132.9,79,5,3132.8,24,3,3133.9,3,1,3134.2,11,1,3134.3,475,6,3134.5,7,1,3134.6,50,1
2031,2026-06-16 09:37:23+05:30,3133.2,3,3143.34,438709,106156.0,184356.0,3163.0,3163.0,3131.8,3134.3,31717400,3447.7,2820.9,3839.9,2896.0,3133.3,83,7,3133.2,87,3,3133.1,73,4,3133.0,932,10,3132.9,84,5,3133.9,2,1,3134.2,11,1,3134.3,380,5,3134.5,7,1,3134.6,50,1
2031,2026-06-16 09:37:23+05:30,3134.2,4,3143.34,438709,106156.0,184356.0,3163.0,3163.0,3131.8,3134.3,31717400,3447.7,2820.9,3839.9,2896.0,3133.3,83,7,3133.2,87,3,3133.1,73,4,3133.0,932,10,3132.9,84,5,3133.9,2,1,3134.2,11,1,3134.3,380,5,3134.5,7,1,3134.6,50,1
2031,2026-06-16 09:37:23+05:30,3134.2,4,3143.34,438709,106156.0,184356.0,3163.0,3163.0,3131.8,3134.3,31717400,3447.7,2820.9,3839.9,2896.0,3133.3,83,7,3133.2,87,3,3133.1,73,4,3133.0,932,10,3132.9,84,5,3133.9,2,1,3134.2,11,1,3134.3,380,5,3134.5,7,1,3134.6,50,1
2031,2026-06-16 09:37:24+05:30,3134.2,1,3143.34,438716,106448.0,184355.0,3163.0,3163.0,3131.8,3134.3,31717400,3447.7,2820.9,3839.9,2896.0,3133.4,1,1,3133.3,171,9,3133.2,145,4,3133.1,45,3,3133.0,904,10,3133.9,1,1,3134.2,7,2,3134.3,380,5,3134.5,7,1,3134.6,50,1
2031,2026-06-16 09:37:24+05:30,3134.2,1,3143.34,438716,106448.0,184355.0,3163.0,3163.0,3131.8,3134.3,31717400,3447.7,2820.9,3839.9,2896.0,3133.4,1,1,3133.3,171,9,3133.2,145,4,3133.1,45,3,3133.0,904,10,3133.9,1,1,3134.2,7,2,3134.3,380,5,3134.5,7,1,3134.6,50,1
2031,2026-06-16 09:37:24+05:30,3134.2,1,3143.34,438716,106448.0,184355.0,3163.0,3163.0,3131.8,3134.3,31717400,3447.7,2820.9,3839.9,2896.0,3133.4,1,1,3133.3,171,9,3133.2,145,4,3133.1,45,3,3133.0,904,10,3133.9,1,1,3134.2,7,2,3134.3,380,5,3134.5,7,1,3134.6,50,1
2031,2026-06-16 09:37:25+05:30,3134.2,1,3143.34,438716,106448.0,184355.0,3163.0,3163.0,3131.8,3134.3,31717400,3447.7,2820.9,3839.9,2896.0,3133.4,1,1,3133.3,171,9,3133.2,145,4,3133.1,45,3,3133.0,904,10,3133.9,1,1,3134.2,7,2,3134.3,380,5,3134.5,7,1,3134.6,50,1
2031,2026-06-16 09:37:25+05:30,3133.4,5,3143.34,438723,106469.0,184288.0,3163.0,3163.0,3131.8,3134.3,31717400,3447.7,2820.9,3839.9,2896.0,3133.4,40,4,3133.3,136,7,3133.2,145,4,3133.1,28,2,3133.0,932,11,3133.9,1,1,3134.2,7,2,3134.3,380,5,3134.5,7,1,3134.6,50,1
2031,2026-06-16 09:37:25+05:30,3133.4,5,3143.34,438723,106469.0,184288.0,3163.0,3163.0,3131.8,3134.3,31717400,3447.7,2820.9,3839.9,2896.0,3133.4,40,4,3133.3,136,7,3133.2,145,4,3133.1,28,2,3133.0,932,11,3133.9,1,1,3134.2,7,2,3134.3,380,5,3134.5,7,1,3134.6,50,1
2031,2026-06-16 09:37:26+05:30,3133.4,5,3143.34,438723,106469.0,184288.0,3163.0,3163.0,3131.8,3134.3,31717400,3447.7,2820.9,3839.9,2896.0,3133.4,40,4,3133.3,136,7,3133.2,145,4,3133.1,28,2,3133.0,932,11,3133.9,1,1,3134.2,7,2,3134.3,380,5,3134.5,7,1,3134.6,50,1
2031,2026-06-16 09:37:26+05:30,3133.4,1,3143.34,438768,106643.0,185052.0,3163.0,3163.0,3131.8,3134.3,31717400,3447.7,2820.9,3839.9,2896.0,3133.4,34,3,3133.3,84,3,3133.2,17,1,3133.1,20,1,3133.0,903,9,3134.0,8,1,3134.2,7,2,3134.3,380,5,3134.5,59,2,3134.6,50,1
2031,2026-06-16 09:37:26+05:30,3133.4,1,3143.34,438768,106643.0,185052.0,3163.0,3163.0,3131.8,3134.3,31717400,3447.7,2820.9,3839.9,2896.0,3133.4,34,3,3133.3,84,3,3133.2,17,1,3133.1,20,1,3133.0,903,9,3134.0,8,1,3134.2,7,2,3134.3,380,5,3134.5,59,2,3134.6,50,1
2031,2026-06-16 09:37:26+05:30,3133.4,1,3143.34,438768,106643.0,185052.0,3163.0,3163.0,3131.8,3134.3,31717400,3447.7,2820.9,3839.9,2896.0,3133.4,34,3,3133.3,84,3,3133.2,17,1,3133.1,20,1,3133.0,903,9,3134.0,8,1,3134.2,7,2,3134.3,380,5,3134.5,59,2,3134.6,50,1
2031,2026-06-16 09:37:27+05:30,3133.3,5,3143.33,439174,106311.0,185290.0,3163.0,3163.0,3131.8,3134.3,31717400,3447.7,2820.9,3839.9,2896.0,3133.3,26,2,3133.0,894,9,3132.6,41,2,3132.4,82,3,3132.3,62,3,3134.0,175,5,3134.1,19,1,3134.2,88,4,3134.3,379,4,3134.4,52,2
2031,2026-06-16 09:37:27+05:30,3133.3,5,3143.33,439174,106311.0,185290.0,3163.0,3163.0,3131.8,3134.3,31717400,3447.7,2820.9,3839.9,2896.0,3133.3,26,2,3133.0,894,9,3132.6,41,2,3132.4,82,3,3132.3,62,3,3134.0,175,5,3134.1,19,1,3134.2,88,4,3134.3,379,4,3134.4,52,2
2031,2026-06-16 09:37:27+05:30,3133.3,5,3143.33,439174,106311.0,185290.0,3163.0,3163.0,3131.8,3134.3,31717400,3447.7,2820.9,3839.9,2896.0,3133.3,26,2,3133.0,894,9,3132.6,41,2,3132.4,82,3,3132.3,62,3,3134.0,175,5,3134.1,19,1,3134.2,88,4,3134.3,379,4,3134.4,52,2
2031,2026-06-16 09:37:28+05:30,3134.0,27,3143.33,439214,106531.0,185172.0,3163.0,3163.0,3131.8,3134.3,31717400,3447.7,2820.9,3839.9,2896.0,3133.3,26,2,3133.0,1194,10,3132.7,86,2,3132.6,21,1,3132.4,82,3,3134.0,152,4,3134.2,207,3,3134.3,179,3,3134.4,33,1,3134.5,156,4
2031,2026-06-16 09:37:28+05:30,3134.0,27,3143.33,439214,106531.0,185172.0,3163.0,3163.0,3131.8,3134.3,31708000,3447.7,2820.9,3839.9,2896.0,3133.3,26,2,3133.0,1194,10,3132.7,86,2,3132.6,21,1,3132.4,82,3,3134.0,152,4,3134.2,207,3,3134.3,179,3,3134.4,33,1,3134.5,156,4
2031,2026-06-16 09:37:28+05:30,3134.0,27,3143.33,439214,106531.0,185172.0,3163.0,3163.0,3131.8,3134.3,31708000,3447.7,2820.9,3839.9,2896.0,3133.3,26,2,3133.0,1194,10,3132.7,86,2,3132.6,21,1,3132.4,82,3,3134.0,152,4,3134.2,207,3,3134.3,179,3,3134.4,33,1,3134.5,156,4
2031,2026-06-16 09:37:29+05:30,3133.3,1,3143.33,439214,106531.0,185172.0,3163.0,3163.0,3131.8,3134.3,31708000,3447.7,2820.9,3839.9,2896.0,3133.3,26,2,3133.0,1194,10,3132.7,86,2,3132.6,21,1,3132.4,82,3,3134.0,152,4,3134.2,207,3,3134.3,179,3,3134.4,33,1,3134.5,156,4
2031,2026-06-16 09:37:29+05:30,3133.3,1,3143.33,439215,106473.0,185161.0,3163.0,3163.0,3131.8,3134.3,31708000,3447.7,2820.9,3839.9,2896.0,3133.3,65,4,3133.0,1194,10,3132.7,107,3,3132.6,21,1,3132.4,82,3,3134.0,153,5,3134.2,7,2,3134.3,379,4,3134.4,33,1,3134.5,156,4
2031,2026-06-16 09:37:30+05:30,3133.5,1,3143.33,439215,106473.0,185161.0,3163.0,3163.0,3131.8,3134.3,31708000,3447.7,2820.9,3839.9,2896.0,3133.3,65,4,3133.0,1194,10,3132.7,107,3,3132.6,21,1,3132.4,82,3,3134.0,153,5,3134.2,7,2,3134.3,379,4,3134.4,33,1,3134.5,156,4
2031,2026-06-16 09:37:30+05:30,3133.5,1,3143.33,439216,106746.0,185279.0,3163.0,3163.0,3131.8,3134.3,31708000,3447.7,2820.9,3839.9,2896.0,3133.7,2,2,3133.5,1,1,3133.3,65,4,3133.1,178,2,3133.0,1094,9,3134.0,185,8,3134.2,7,2,3134.3,379,4,3134.4,33,1,3134.5,7,1
2031,2026-06-16 09:37:31+05:30,3134.0,100,3143.33,439216,106746.0,185279.0,3163.0,3163.0,3131.8,3134.3,31708000,3447.7,2820.9,3839.9,2896.0,3133.7,2,2,3133.5,1,1,3133.3,65,4,3133.1,178,2,3133.0,1094,9,3134.0,185,8,3134.2,7,2,3134.3,379,4,3134.4,33,1,3134.5,7,1
2031,2026-06-16 09:37:31+05:30,3133.3,16,3143.33,439380,106490.0,185791.0,3163.0,3163.0,3131.8,3134.3,31708000,3447.7,2820.9,3839.9,2896.0,3133.3,52,5,3133.0,1094,9,3132.9,76,1,3132.8,41,2,3132.7,89,2,3134.0,59,8,3134.2,107,3,3134.3,417,5,3134.4,19,1,3134.5,207,2
2031,2026-06-16 09:37:32+05:30,3134.0,5,3143.33,439380,106490.0,185791.0,3163.0,3163.0,3131.8,3134.3,31708000,3447.7,2820.9,3839.9,2896.0,3133.3,52,5,3133.0,1094,9,3132.9,76,1,3132.8,41,2,3132.7,89,2,3134.0,59,8,3134.2,107,3,3134.3,417,5,3134.4,19,1,3134.5,207,2
2031,2026-06-16 09:37:32+05:30,3134.0,5,3143.33,439424,106464.0,183914.0,3163.0,3163.0,3131.8,3134.3,31708000,3447.7,2820.9,3839.9,2896.0,3133.3,37,4,3133.0,1094,9,3132.9,76,1,3132.8,20,1,3132.7,70,1,3134.0,95,7,3134.1,26,1,3134.2,345,5,3134.3,431,6,3134.5,74,2
2031,2026-06-16 09:37:33+05:30,3134.2,48,3143.33,439424,106464.0,183914.0,3163.0,3163.0,3131.8,3134.3,31708000,3447.7,2820.9,3839.9,2896.0,3133.3,37,4,3133.0,1094,9,3132.9,76,1,3132.8,20,1,3132.7,70,1,3134.0,95,7,3134.1,26,1,3134.2,345,5,3134.3,431,6,3134.5,74,2
2031,2026-06-16 09:37:34+05:30,3134.2,13,3143.31,440244,106009.0,184839.0,3163.0,3163.0,3131.8,3134.3,31708000,3447.7,2820.9,3839.9,2896.0,3133.3,53,4,3133.0,1081,8,3132.8,20,1,3132.6,21,1,3132.5,87,2,3134.2,177,3,3134.3,141,4,3134.4,223,2,3134.5,76,2,3134.6,343,5
2031,2026-06-16 09:37:34+05:30,3133.3,2,3143.31,440244,106009.0,184839.0,3163.0,3163.0,3131.8,3134.3,31708000,3447.7,2820.9,3839.9,2896.0,3133.3,53,4,3133.0,1081,8,3132.8,20,1,3132.6,21,1,3132.5,87,2,3134.2,177,3,3134.3,141,4,3134.4,223,2,3134.5,76,2,3134.6,343,5
2031,2026-06-16 09:37:35+05:30,3133.3,2,3143.31,440446,106102.0,183688.0,3163.0,3163.0,3131.8,3134.3,31708000,3447.7,2820.9,3839.9,2896.0,3133.3,42,3,3133.0,1081,8,3132.8,20,1,3132.6,21,1,3132.4,131,3,3134.2,46,4,3134.3,251,4,3134.4,236,2,3134.5,115,3,3134.6,147,4
2031,2026-06-16 09:37:35+05:30,3133.3,19,3143.31,440446,106102.0,183688.0,3163.0,3163.0,3131.8,3134.3,31708000,3447.7,2820.9,3839.9,2896.0,3133.3,42,3,3133.0,1081,8,3132.8,20,1,3132.6,21,1,3132.4,131,3,3134.2,46,4,3134.3,251,4,3134.4,236,2,3134.5,115,3,3134.6,147,4
2031,2026-06-16 09:37:36+05:30,3133.3,19,3143.3,440516,106162.0,185567.0,3163.0,3163.0,3131.8,3134.3,31708000,3447.7,2820.9,3839.9,2896.0,3133.3,3,1,3133.0,1081,8,3132.8,20,1,3132.6,97,2,3132.4,77,2,3134.1,28,3,3134.2,182,5,3134.3,112,3,3134.4,262,3,3134.5,115,3
2031,2026-06-16 09:37:37+05:30,3133.3,3,3143.3,440519,105254.0,186869.0,3163.0,3163.0,3131.8,3134.3,31708000,3447.7,2820.9,3839.9,2896.0,3133.0,1081,8,3132.4,113,4,3132.3,135,4,3132.2,36,2,3132.1,99,2,3133.3,197,1,3133.5,6,1,3134.0,140,2,3134.1,33,2,3134.2,347,6
2031,2026-06-16 09:37:37+05:30,3133.3,20,3143.3,440519,105254.0,186869.0,3163.0,3163.0,3131.8,3134.3,31708000,3447.7,2820.9,3839.9,2896.0,3133.0,1081,8,3132.4,113,4,3132.3,135,4,3132.2,36,2,3132.1,99,2,3133.3,197,1,3133.5,6,1,3134.0,140,2,3134.1,33,2,3134.2,347,6
2031,2026-06-16 09:37:38+05:30,3133.0,23,3143.3,440605,105216.0,187302.0,3163.0,3163.0,3131.8,3134.3,31708000,3447.7,2820.9,3839.9,2896.0,3133.0,1017,8,3132.4,113,4,3132.3,38,2,3132.2,36,2,3132.1,99,2,3133.3,224,3,3133.5,6,1,3133.8,139,1,3134.0,39,2,3134.1,252,4
2031,2026-06-16 09:37:38+05:30,3133.0,23,3143.3,440605,105216.0,187302.0,3163.0,3163.0,3131.8,3134.3,31708000,3447.7,2820.9,3839.9,2896.0,3133.0,1017,8,3132.4,113,4,3132.3,38,2,3132.2,36,2,3132.1,99,2,3133.3,224,3,3133.5,6,1,3133.8,139,1,3134.0,39,2,3134.1,252,4
2031,2026-06-16 09:37:39+05:30,3133.0,7,3143.3,440612,105342.0,184705.0,3163.0,3163.0,3131.8,3134.3,31708000,3447.7,2820.9,3839.9,2896.0,3133.0,1029,9,3132.4,93,3,3132.3,57,3,3132.2,111,4,3132.1,99,2,3133.3,75,3,3133.8,139,1,3134.0,39,2,3134.1,7,1,3134.2,540,7
2031,2026-06-16 09:37:39+05:30,3133.0,7,3143.3,440612,105342.0,184705.0,3163.0,3163.0,3131.8,3134.3,31708000,3447.7,2820.9,3839.9,2896.0,3133.0,1029,9,3132.4,93,3,3132.3,57,3,3132.2,111,4,3132.1,99,2,3133.3,75,3,3133.8,139,1,3134.0,39,2,3134.1,7,1,3134.2,540,7
2031,2026-06-16 09:37:40+05:30,3133.0,109,3143.3,440724,105249.0,185090.0,3163.0,3163.0,3131.8,3134.3,31708000,3447.7,2820.9,3839.9,2896.0,3133.0,956,11,3132.6,102,3,3132.4,135,4,3132.3,78,4,3132.2,36,2,3133.3,72,3,3133.8,139,1,3134.0,1,1,3134.1,7,1,3134.2,540,7
2031,2026-06-16 09:37:40+05:30,3133.0,109,3143.3,440724,105249.0,185090.0,3163.0,3163.0,3131.8,3134.3,31708000,3447.7,2820.9,3839.9,2896.0,3133.0,956,11,3132.6,102,3,3132.4,135,4,3132.3,78,4,3132.2,36,2,3133.3,72,3,3133.8,139,1,3134.0,1,1,3134.1,7,1,3134.2,540,7
2031,2026-06-16 09:37:41+05:30,3133.0,13,3143.3,440752,105403.0,187457.0,3163.0,3163.0,3131.8,3134.3,31708000,3447.7,2820.9,3839.9,2896.0,3133.0,943,11,3132.9,14,1,3132.4,93,3,3132.3,78,4,3132.2,88,3,3133.3,56,4,3133.5,139,1,3133.7,175,1,3133.9,596,3,3134.0,201,2
2031,2026-06-16 09:37:41+05:30,3133.0,13,3143.3,440752,105403.0,187457.0,3163.0,3163.0,3131.8,3134.3,31708000,3447.7,2820.9,3839.9,2896.0,3133.0,943,11,3132.9,14,1,3132.4,93,3,3132.3,78,4,3132.2,88,3,3133.3,56,4,3133.5,139,1,3133.7,175,1,3133.9,596,3,3134.0,201,2
2031,2026-06-16 09:37:42+05:30,3133.3,10,3143.3,440752,105403.0,187457.0,3163.0,3163.0,3131.8,3134.3,31708000,3447.7,2820.9,3839.9,2896.0,3133.0,943,11,3132.9,14,1,3132.4,93,3,3132.3,78,4,3132.2,88,3,3133.3,56,4,3133.5,139,1,3133.7,175,1,3133.9,596,3,3134.0,201,2
2031,2026-06-16 09:37:42+05:30,3133.3,10,3143.3,440762,105461.0,187475.0,3163.0,3163.0,3131.8,3134.3,31708000,3447.7,2820.9,3839.9,2896.0,3133.0,943,11,3132.9,14,1,3132.4,77,2,3132.3,78,4,3132.2,88,3,3133.3,46,4,3133.5,139,1,3133.7,175,1,3133.8,200,1,3133.9,396,2
2031,2026-06-16 09:37:43+05:30,3133.0,200,3143.3,440762,105461.0,187475.0,3163.0,3163.0,3131.8,3134.3,31708000,3447.7,2820.9,3839.9,2896.0,3133.0,943,11,3132.9,14,1,3132.4,77,2,3132.3,78,4,3132.2,88,3,3133.3,46,4,3133.5,139,1,3133.7,175,1,3133.8,200,1,3133.9,396,2
2031,2026-06-16 09:37:43+05:30,3133.0,11,3143.28,441542,104745.0,186919.0,3163.0,3163.0,3131.8,3134.3,31708000,3447.7,2820.9,3839.9,2896.0,3133.0,666,11,3132.9,14,1,3132.5,13,1,3132.4,1,1,3132.3,21,1,3133.2,197,1,3133.6,396,2,3133.7,219,2,3133.9,38,1,3134.0,20,2
2031,2026-06-16 09:37:44+05:30,3133.2,1,3143.28,441542,104745.0,186919.0,3163.0,3163.0,3131.8,3134.3,31708000,3447.7,2820.9,3839.9,2896.0,3133.0,666,11,3132.9,14,1,3132.5,13,1,3132.4,1,1,3132.3,21,1,3133.2,197,1,3133.6,396,2,3133.7,219,2,3133.9,38,1,3134.0,20,2
2031,2026-06-16 09:37:44+05:30,3133.2,1,3143.26,442419,103943.0,187299.0,3163.0,3163.0,3131.8,3134.3,31708000,3447.7,2820.9,3839.9,2896.0,3133.0,67,3,3132.9,14,1,3132.5,13,1,3132.4,1,1,3132.3,21,1,3133.2,221,3,3133.4,13,1,3133.5,68,3,3133.6,396,2,3133.7,227,3
2031,2026-06-16 09:37:45+05:30,3133.0,2,3143.26,442419,103943.0,187299.0,3163.0,3163.0,3131.8,3134.3,31708000,3447.7,2820.9,3839.9,2896.0,3133.0,67,3,3132.9,14,1,3132.5,13,1,3132.4,1,1,3132.3,21,1,3133.2,221,3,3133.4,13,1,3133.5,68,3,3133.6,396,2,3133.7,227,3
2031,2026-06-16 09:37:45+05:30,3133.0,2,3143.24,443350,103448.0,186909.0,3163.0,3163.0,3131.8,3134.3,31708000,3447.7,2820.9,3839.9,2896.0,3132.5,26,4,3132.4,1,1,3132.3,39,2,3132.2,62,4,3132.1,171,2,3133.0,11,2,3133.5,14,1,3133.6,196,1,3133.7,400,2,3133.9,29,1
2031,2026-06-16 09:37:46+05:30,3133.0,39,3143.24,443350,103448.0,186909.0,3163.0,3163.0,3131.8,3134.3,31708000,3447.7,2820.9,3839.9,2896.0,3132.5,26,4,3132.4,1,1,3132.3,39,2,3132.2,62,4,3132.1,171,2,3133.0,11,2,3133.5,14,1,3133.6,196,1,3133.7,400,2,3133.9,29,1
2031,2026-06-16 09:37:46+05:30,3132.5,5,3143.24,443433,103886.0,187454.0,3163.0,3163.0,3131.8,3134.3,31708000,3447.7,2820.9,3839.9,2896.0,3132.5,1,1,3132.4,20,2,3132.2,36,2,3132.0,73,3,3131.9,94,3,3133.0,77,3,3133.2,200,1,3133.5,32,2,3133.6,196,1,3133.7,479,3
2031,2026-06-16 09:37:47+05:30,3133.0,6,3143.24,443433,103886.0,187454.0,3163.0,3163.0,3131.8,3134.3,31708000,3447.7,2820.9,3839.9,2896.0,3132.5,1,1,3132.4,20,2,3132.2,36,2,3132.0,73,3,3131.9,94,3,3133.0,77,3,3133.2,200,1,3133.5,32,2,3133.6,196,1,3133.7,479,3
2031,2026-06-16 09:37:48+05:30,3133.0,6,3143.24,443439,103959.0,186078.0,3163.0,3163.0,3131.8,3134.3,31708000,3447.7,2820.9,3839.9,2896.0,3132.5,12,2,3132.4,20,2,3132.3,21,1,3132.2,15,1,3132.0,94,4,3133.0,71,3,3133.2,200,1,3133.5,40,3,3133.6,196,1,3133.7,479,3
2031,2026-06-16 09:37:48+05:30,3133.0,1,3143.24,443439,103959.0,186078.0,3163.0,3163.0,3131.8,3134.3,31708000,3447.7,2820.9,3839.9,2896.0,3132.5,12,2,3132.4,20,2,3132.3,21,1,3132.2,15,1,3132.0,94,4,3133.0,71,3,3133.2,200,1,3133.5,40,3,3133.6,196,1,3133.7,479,3
2031,2026-06-16 09:37:49+05:30,3133.0,1,3143.24,443440,103876.0,188029.0,3163.0,3163.0,3131.8,3134.3,31708000,3447.7,2820.9,3839.9,2896.0,3132.5,12,2,3132.4,1,1,3132.0,94,4,3131.8,54,4,3131.7,202,2,3133.0,71,4,3133.2,223,2,3133.3,26,1,3133.4,58,2,3133.5,40,3
2031,2026-06-16 09:37:49+05:30,3133.0,25,3143.24,443440,103876.0,188029.0,3163.0,3163.0,3131.8,3134.3,31708000,3447.7,2820.9,3839.9,2896.0,3132.5,12,2,3132.4,1,1,3132.0,94,4,3131.8,54,4,3131.7,202,2,3133.0,71,4,3133.2,223,2,3133.3,26,1,3133.4,58,2,3133.5,40,3
2031,2026-06-16 09:37:50+05:30,3133.0,25,3143.23,443567,103902.0,186820.0,3163.0,3163.0,3131.8,3134.3,31708000,3447.7,2820.9,3839.9,2896.0,3132.4,1,1,3132.3,27,1,3132.0,73,3,3131.9,19,1,3131.8,35,3,3133.0,50,5,3133.2,200,1,3133.3,26,1,3133.4,58,2,3133.5,80,5
2031,2026-06-16 09:37:50+05:30,3133.0,10,3143.23,443567,103902.0,186820.0,3163.0,3163.0,3131.8,3134.3,31708000,3447.7,2820.9,3839.9,2896.0,3132.4,1,1,3132.3,27,1,3132.0,73,3,3131.9,19,1,3131.8,35,3,3133.0,50,5,3133.2,200,1,3133.3,26,1,3133.4,58,2,3133.5,80,5
2031,2026-06-16 09:37:51+05:30,3132.3,62,3143.23,443682,103598.0,188799.0,3163.0,3163.0,3131.8,3134.3,31708000,3447.7,2820.9,3839.9,2896.0,3132.3,27,1,3132.0,73,3,3131.9,19,1,3131.8,35,3,3131.7,21,1,3133.0,39,5,3133.2,200,1,3133.3,26,1,3133.4,58,2,3133.5,156,6
2031,2026-06-16 09:37:51+05:30,3132.0,39,3143.23,443682,103598.0,188799.0,3163.0,3163.0,3131.8,3134.3,31708000,3447.7,2820.9,3839.9,2896.0,3132.3,27,1,3132.0,73,3,3131.9,19,1,3131.8,35,3,3131.7,21,1,3133.0,39,5,3133.2,200,1,3133.3,26,1,3133.4,58,2,3133.5,156,6
2031,2026-06-16 09:37:52+05:30,3133.0,86,3143.23,443923,103899.0,185822.0,3163.0,3163.0,3131.8,3134.3,31708000,3447.7,2820.9,3839.9,2896.0,3132.0,76,7,3131.9,440,7,3131.8,81,5,3131.7,105,3,3131.6,96,5,3133.1,2,1,3133.2,202,2,3133.5,63,4,3133.6,223,2,3133.7,623,4
2031,2026-06-16 09:37:52+05:30,3133.0,86,3143.23,443923,103899.0,185822.0,3163.0,3163.0,3131.8,3134.3,31708000,3447.7,2820.9,3839.9,2896.0,3132.0,76,7,3131.9,440,7,3131.8,81,5,3131.7,105,3,3131.6,96,5,3133.1,2,1,3133.2,202,2,3133.5,63,4,3133.6,223,2,3133.7,623,4
2031,2026-06-16 09:37:53+05:30,3133.0,86,3143.23,443923,103811.0,187198.0,3163.0,3163.0,3131.8,3134.3,31708000,3447.7,2820.9,3839.9,2896.0,3132.0,118,9,3131.9,346,7,3131.8,81,5,3131.7,63,2,3131.6,133,5,3133.1,3,2,3133.2,202,2,3133.5,65,5,3133.6,223,2,3133.7,623,4
2031,2026-06-16 09:37:53+05:30,3132.0,5,3143.23,443923,103811.0,187198.0,3163.0,3163.0,3131.8,3134.3,31708000,3447.7,2820.9,3839.9,2896.0,3132.0,118,9,3131.9,346,7,3131.8,81,5,3131.7,63,2,3131.6,133,5,3133.1,3,2,3133.2,202,2,3133.5,65,5,3133.6,223,2,3133.7,623,4
2031,2026-06-16 09:37:54+05:30,3133.0,5,3143.22,443961,104055.0,186406.0,3163.0,3163.0,3131.8,3134.3,31708000,3447.7,2820.9,3839.9,2896.0,3133.0,10,1,3132.0,200,11,3131.9,121,3,3131.8,79,5,3131.7,21,1,3133.1,24,3,3133.2,202,2,3133.5,63,4,3133.6,423,3,3133.7,458,4
2031,2026-06-16 09:37:54+05:30,3133.0,5,3143.22,443961,104055.0,186406.0,3163.0,3163.0,3131.8,3134.3,31708000,3447.7,2820.9,3839.9,2896.0,3133.0,10,1,3132.0,200,11,3131.9,121,3,3131.8,79,5,3131.7,21,1,3133.1,24,3,3133.2,202,2,3133.5,63,4,3133.6,423,3,3133.7,458,4
2031,2026-06-16 09:37:55+05:30,3133.0,5,3143.22,443961,104561.0,188520.0,3163.0,3163.0,3131.8,3134.3,31708000,3447.7,2820.9,3839.9,2896.0,3133.0,56,4,3132.1,172,1,3132.0,156,8,3131.9,142,4,3131.8,79,5,3133.1,24,3,3133.2,202,2,3133.5,40,3,3133.6,423,3,3133.7,423,3
2031,2026-06-16 09:37:56+05:30,3132.1,92,3143.22,444171,103812.0,187837.0,3163.0,3163.0,3131.8,3134.3,31708000,3447.7,2820.9,3839.9,2896.0,3132.0,26,3,3131.9,88,3,3131.8,112,5,3131.7,101,3,3131.6,59,3,3133.1,17,4,3133.2,202,2,3133.4,74,1,3133.5,40,3,3133.6,223,2
2031,2026-06-16 09:37:56+05:30,3132.1,92,3143.22,444171,103812.0,187837.0,3163.0,3163.0,3131.8,3134.3,31708000,3447.7,2820.9,3839.9,2896.0,3132.0,26,3,3131.9,88,3,3131.8,112,5,3131.7,101,3,3131.6,59,3,3133.1,17,4,3133.2,202,2,3133.4,74,1,3133.5,40,3,3133.6,223,2
2031,2026-06-16 09:37:57+05:30,3132.3,22,3143.22,444171,103812.0,187837.0,3163.0,3163.0,3131.8,3134.3,31708000,3447.7,2820.9,3839.9,2896.0,3132.0,26,3,3131.9,88,3,3131.8,112,5,3131.7,101,3,3131.6,59,3,3133.1,17,4,3133.2,202,2,3133.4,74,1,3133.5,40,3,3133.6,223,2
2031,2026-06-16 09:37:57+05:30,3132.3,22,3143.22,444233,103893.0,186227.0,3163.0,3163.0,3131.8,3134.3,31708000,3447.7,2820.9,3839.9,2896.0,3132.3,27,1,3132.0,45,4,3131.9,35,2,3131.8,77,5,3131.7,67,2,3133.1,25,4,3133.2,202,2,3133.4,110,2,3133.5,81,5,3133.6,266,3
2031,2026-06-16 09:37:58+05:30,3132.3,22,3143.22,444233,103700.0,188125.0,3163.0,3163.0,3131.8,3134.3,31708000,3447.7,2820.9,3839.9,2896.0,3132.3,47,3,3132.2,21,1,3132.1,11,1,3132.0,45,4,3131.9,64,2,3133.0,4,1,3133.1,42,5,3133.2,202,2,3133.5,46,4,3133.6,266,3
2031,2026-06-16 09:37:59+05:30,3133.0,1,3143.22,444275,103892.0,188203.0,3163.0,3163.0,3131.8,3134.3,31708000,3447.7,2820.9,3839.9,2896.0,3132.3,33,3,3132.2,21,1,3132.1,11,1,3132.0,45,4,3131.9,64,2,3133.0,4,2,3133.1,43,6,3133.2,202,2,3133.5,46,4,3133.6,337,4
2031,2026-06-16 09:37:59+05:30,3133.0,1,3143.22,444275,103892.0,188203.0,3163.0,3163.0,3131.8,3134.3,31708000,3447.7,2820.9,3839.9,2896.0,3132.3,33,3,3132.2,21,1,3132.1,11,1,3132.0,45,4,3131.9,64,2,3133.0,4,2,3133.1,43,6,3133.2,202,2,3133.5,46,4,3133.6,337,4
2031,2026-06-16 09:38:00+05:30,3132.7,1,3143.22,444275,103892.0,188203.0,3163.0,3163.0,3131.8,3134.3,31708000,3447.7,2820.9,3839.9,2896.0,3132.3,33,3,3132.2,21,1,3132.1,11,1,3132.0,45,4,3131.9,64,2,3133.0,4,2,3133.1,43,6,3133.2,202,2,3133.5,46,4,3133.6,337,4
2031,2026-06-16 09:38:00+05:30,3132.7,1,3143.22,444287,103878.0,186528.0,3163.0,3163.0,3131.8,3134.3,31708000,3447.7,2820.9,3839.9,2896.0,3132.3,28,5,3132.1,21,1,3132.0,27,4,3131.9,14,1,3131.8,53,4,3133.0,9,6,3133.1,25,4,3133.2,196,1,3133.5,94,4,3133.6,266,3
2031,2026-06-16 09:38:01+05:30,3132.7,1,3143.22,444287,103915.0,188032.0,3163.0,3163.0,3131.8,3134.3,31708000,3447.7,2820.9,3839.9,2896.0,3132.3,28,5,3132.1,21,1,3132.0,43,5,3131.9,14,1,3131.8,53,4,3133.0,11,7,3133.1,25,4,3133.2,196,1,3133.5,94,4,3133.6,335,4
2031,2026-06-16 09:38:02+05:30,3132.3,1,3143.22,444287,103915.0,188032.0,3163.0,3163.0,3131.8,3134.3,31708000,3447.7,2820.9,3839.9,2896.0,3132.3,28,5,3132.1,21,1,3132.0,43,5,3131.9,14,1,3131.8,53,4,3133.0,11,7,3133.1,25,4,3133.2,196,1,3133.5,94,4,3133.6,335,4
2031,2026-06-16 09:38:02+05:30,3132.3,1,3143.22,444294,103754.0,188103.0,3163.0,3163.0,3131.8,3134.3,31708000,3447.7,2820.9,3839.9,2896.0,3132.3,26,5,3132.1,21,1,3132.0,27,4,3131.9,14,1,3131.8,94,5,3133.0,9,7,3133.1,25,4,3133.2,198,2,3133.5,94,4,3133.6,266,3
2031,2026-06-16 09:38:03+05:30,3133.0,1,3143.22,444294,103754.0,188103.0,3163.0,3163.0,3131.8,3134.3,31708000,3447.7,2820.9,3839.9,2896.0,3132.3,26,5,3132.1,21,1,3132.0,27,4,3131.9,14,1,3131.8,94,5,3133.0,9,7,3133.1,25,4,3133.2,198,2,3133.5,94,4,3133.6,266,3
2031,2026-06-16 09:38:03+05:30,3132.7,1,3143.22,444304,103992.0,188453.0,3163.0,3163.0,3131.8,3134.3,31708000,3447.7,2820.9,3839.9,2896.0,3132.7,27,1,3132.3,9,4,3132.1,33,2,3132.0,27,4,3131.9,62,2,3133.1,25,4,3133.2,198,2,3133.5,107,5,3133.6,266,3,3133.7,600,3
2031,2026-06-16 09:38:04+05:30,3133.1,1,3143.22,444304,103992.0,188453.0,3163.0,3163.0,3131.8,3134.3,31708000,3447.7,2820.9,3839.9,2896.0,3132.7,27,1,3132.3,9,4,3132.1,33,2,3132.0,27,4,3131.9,62,2,3133.1,25,4,3133.2,198,2,3133.5,107,5,3133.6,266,3,3133.7,600,3
2031,2026-06-16 09:38:04+05:30,3133.1,1,3143.22,444306,104234.0,188163.0,3163.0,3163.0,3131.8,3134.3,31708000,3447.7,2820.9,3839.9,2896.0,3133.0,30,1,3132.3,9,4,3132.1,21,1,3132.0,48,5,3131.9,32,2,3133.1,41,6,3133.2,198,2,3133.3,10,1,3133.5,107,5,3133.6,316,5
2031,2026-06-16 09:38:05+05:30,3133.1,2,3143.22,444306,104234.0,188163.0,3163.0,3163.0,3131.8,3134.3,31708000,3447.7,2820.9,3839.9,2896.0,3133.0,30,1,3132.3,9,4,3132.1,21,1,3132.0,48,5,3131.9,32,2,3133.1,41,6,3133.2,198,2,3133.3,10,1,3133.5,107,5,3133.6,316,5
2031,2026-06-16 09:38:05+05:30,3133.1,2,3143.22,444349,104464.0,186569.0,3163.0,3163.0,3131.8,3134.3,31708000,3447.7,2820.9,3839.9,2896.0,3133.0,72,3,3132.7,6,2,3132.3,2,2,3132.0,45,5,3131.9,51,3,3133.1,39,6,3133.2,198,2,3133.5,94,4,3133.6,443,4,3133.7,400,2
2031,2026-06-16 09:38:06+05:30,3133.1,5,3143.22,444349,104464.0,186569.0,3163.0,3163.0,3131.8,3134.3,31708000,3447.7,2820.9,3839.9,2896.0,3133.0,72,3,3132.7,6,2,3132.3,2,2,3132.0,45,5,3131.9,51,3,3133.1,39,6,3133.2,198,2,3133.5,94,4,3133.6,443,4,3133.7,400,2
2031,2026-06-16 09:38:07+05:30,3133.1,5,3143.21,444436,104539.0,188258.0,3163.0,3163.0,3131.8,3134.3,31708000,3447.7,2820.9,3839.9,2896.0,3133.1,11,1,3133.0,45,3,3132.7,6,2,3132.6,11,1,3132.3,2,2,3133.2,198,2,3133.5,94,4,3133.6,423,3,3133.7,400,2,3133.8,23,1
2031,2026-06-16 09:38:07+05:30,3133.2,7,3143.21,444436,104539.0,188258.0,3163.0,3163.0,3131.8,3134.3,31708000,3447.7,2820.9,3839.9,2896.0,3133.1,11,1,3133.0,45,3,3132.7,6,2,3132.6,11,1,3132.3,2,2,3133.2,198,2,3133.5,94,4,3133.6,423,3,3133.7,400,2,3133.8,23,1
2031,2026-06-16 09:38:08+05:30,3133.0,7,3143.21,444713,104585.0,187719.0,3163.0,3163.0,3131.8,3134.3,31708000,3447.7,2820.9,3839.9,2896.0,3133.0,48,4,3132.7,6,2,3132.3,12,3,3132.2,21,1,3132.1,137,2,3133.3,200,1,3133.5,26,2,3133.7,396,2,3133.8,223,2,3133.9,258,3
2031,2026-06-16 09:38:08+05:30,3133.3,50,3143.21,444713,104585.0,187719.0,3163.0,3163.0,3131.8,3134.3,31708000,3447.7,2820.9,3839.9,2896.0,3133.0,48,4,3132.7,6,2,3132.3,12,3,3132.2,21,1,3132.1,137,2,3133.3,200,1,3133.5,26,2,3133.7,396,2,3133.8,223,2,3133.9,258,3
2031,2026-06-16 09:38:09+05:30,3133.0,1,3143.2,445139,104054.0,188304.0,3163.0,3163.0,3131.8,3134.3,31708000,3447.7,2820.9,3839.9,2896.0,3132.7,6,2,3132.3,12,3,3132.0,122,6,3131.9,14,1,3131.8,83,5,3133.3,150,1,3133.5,91,4,3133.7,631,4,3133.8,282,5,3133.9,89,2
2031,2026-06-16 09:38:09+05:30,3133.3,1,3143.2,445139,104054.0,188304.0,3163.0,3163.0,3131.8,3134.3,31708000,3447.7,2820.9,3839.9,2896.0,3132.7,6,2,3132.3,12,3,3132.0,122,6,3131.9,14,1,3131.8,83,5,3133.3,150,1,3133.5,91,4,3133.7,631,4,3133.8,282,5,3133.9,89,2
2031,2026-06-16 09:38:10+05:30,3133.3,39,3143.2,445194,104503.0,186295.0,3163.0,3163.0,3131.8,3134.3,31708000,3447.7,2820.9,3839.9,2896.0,3133.0,37,2,3132.3,38,5,3132.1,155,1,3132.0,178,8,3131.9,128,4,3133.3,122,3,3133.5,72,3,3133.7,396,2,3133.8,463,5,3133.9,23,1
2031,2026-06-16 09:38:10+05:30,3133.3,1,3143.2,445194,104503.0,186295.0,3163.0,3163.0,3131.8,3134.3,31708000,3447.7,2820.9,3839.9,2896.0,3133.0,37,2,3132.3,38,5,3132.1,155,1,3132.0,178,8,3131.9,128,4,3133.3,122,3,3133.5,72,3,3133.7,396,2,3133.8,463,5,3133.9,23,1
2031,2026-06-16 09:38:11+05:30,3133.3,1,3143.2,445203,104968.0,188268.0,3163.0,3163.0,3131.8,3134.3,31708000,3447.7,2820.9,3839.9,2896.0,3133.0,110,4,3132.7,1,1,3132.3,33,4,3132.2,74,1,3132.1,89,2,3133.3,104,3,3133.5,18,1,3133.7,396,2,3133.8,423,3,3133.9,30,1
2031,2026-06-16 09:38:11+05:30,3133.3,1,3143.2,445203,104968.0,188268.0,3163.0,3163.0,3131.8,3134.3,31708000,3447.7,2820.9,3839.9,2896.0,3133.0,110,4,3132.7,1,1,3132.3,33,4,3132.2,74,1,3132.1,89,2,3133.3,104,3,3133.5,18,1,3133.7,396,2,3133.8,423,3,3133.9,30,1
2031,2026-06-16 09:38:11+05:30,3133.0,12,3143.2,445203,104968.0,188268.0,3163.0,3163.0,3131.8,3134.3,31708000,3447.7,2820.9,3839.9,2896.0,3133.0,110,4,3132.7,1,1,3132.3,33,4,3132.2,74,1,3132.1,89,2,3133.3,104,3,3133.5,18,1,3133.7,396,2,3133.8,423,3,3133.9,30,1
2031,2026-06-16 09:38:12+05:30,3133.3,8,3143.19,445595,104263.0,186383.0,3163.0,3163.0,3131.8,3134.3,31708000,3447.7,2820.9,3839.9,2896.0,3133.0,78,4,3132.7,1,1,3132.3,12,3,3132.1,22,1,3132.0,111,7,3133.3,144,5,3133.5,60,3,3133.7,419,3,3133.8,311,6,3133.9,65,2
2031,2026-06-16 09:38:12+05:30,3133.3,8,3143.19,445595,104263.0,186383.0,3163.0,3163.0,3131.8,3134.3,31708000,3447.7,2820.9,3839.9,2896.0,3133.0,78,4,3132.7,1,1,3132.3,12,3,3132.1,22,1,3132.0,111,7,3133.3,144,5,3133.5,60,3,3133.7,419,3,3133.8,311,6,3133.9,65,2
2031,2026-06-16 09:38:12+05:30,3133.3,8,3143.19,445595,104263.0,186383.0,3163.0,3163.0,3131.8,3134.3,31708000,3447.7,2820.9,3839.9,2896.0,3133.0,78,4,3132.7,1,1,3132.3,12,3,3132.1,22,1,3132.0,111,7,3133.3,144,5,3133.5,60,3,3133.7,419,3,3133.8,311,6,3133.9,65,2
2031,2026-06-16 09:38:13+05:30,3133.0,19,3143.19,445634,104102.0,187578.0,3163.0,3163.0,3131.8,3134.3,31708000,3447.7,2820.9,3839.9,2896.0,3133.0,42,4,3132.7,1,1,3132.3,12,3,3132.1,22,1,3132.0,131,7,3133.3,142,4,3133.5,17,1,3133.6,20,1,3133.7,196,1,3133.8,300,5
2031,2026-06-16 09:38:13+05:30,3133.0,19,3143.19,445634,104102.0,187578.0,3163.0,3163.0,3131.8,3134.3,31708000,3447.7,2820.9,3839.9,2896.0,3133.0,42,4,3132.7,1,1,3132.3,12,3,3132.1,22,1,3132.0,131,7,3133.3,142,4,3133.5,17,1,3133.6,20,1,3133.7,196,1,3133.8,300,5
2031,2026-06-16 09:38:14+05:30,3132.1,1,3143.18,446045,103553.0,187764.0,3163.0,3163.0,3131.8,3134.3,31708000,3447.7,2820.9,3839.9,2896.0,3132.1,21,1,3132.0,110,6,3131.9,88,2,3131.8,34,3,3131.7,95,2,3133.0,311,3,3133.3,106,4,3133.4,196,1,3133.5,208,2,3133.6,206,2
2031,2026-06-16 09:38:14+05:30,3132.1,1,3143.18,446045,103553.0,187764.0,3163.0,3163.0,3131.8,3134.3,31708000,3447.7,2820.9,3839.9,2896.0,3132.1,21,1,3132.0,110,6,3131.9,88,2,3131.8,34,3,3131.7,95,2,3133.0,311,3,3133.3,106,4,3133.4,196,1,3133.5,208,2,3133.6,206,2
2031,2026-06-16 09:38:14+05:30,3132.1,1,3143.18,446045,103553.0,187764.0,3163.0,3163.0,3131.8,3134.3,31708000,3447.7,2820.9,3839.9,2896.0,3132.1,21,1,3132.0,110,6,3131.9,88,2,3131.8,34,3,3131.7,95,2,3133.0,311,3,3133.3,106,4,3133.4,196,1,3133.5,208,2,3133.6,206,2
2031,2026-06-16 09:38:15+05:30,3133.0,1,3143.18,446046,104222.0,188633.0,3163.0,3163.0,3131.8,3134.3,31708000,3447.7,2820.9,3839.9,2896.0,3132.6,2,2,3132.1,49,4,3132.0,110,6,3131.9,88,2,3131.8,101,5,3133.0,335,4,3133.3,15,2,3133.4,196,1,3133.5,238,3,3133.6,34,1
2031,2026-06-16 09:38:15+05:30,3133.0,1,3143.18,446046,104222.0,188633.0,3163.0,3163.0,3131.8,3134.3,31708000,3447.7,2820.9,3839.9,2896.0,3132.6,2,2,3132.1,49,4,3132.0,110,6,3131.9,88,2,3131.8,101,5,3133.0,335,4,3133.3,15,2,3133.4,196,1,3133.5,238,3,3133.6,34,1
2031,2026-06-16 09:38:16+05:30,3133.0,1,3143.18,446046,104222.0,188633.0,3163.0,3163.0,3131.8,3134.3,31708000,3447.7,2820.9,3839.9,2896.0,3132.6,2,2,3132.1,49,4,3132.0,110,6,3131.9,88,2,3131.8,101,5,3133.0,335,4,3133.3,15,2,3133.4,196,1,3133.5,238,3,3133.6,34,1
2031,2026-06-16 09:38:16+05:30,3132.9,40,3143.18,446086,104524.0,188027.0,3163.0,3163.0,3131.8,3134.3,31708000,3447.7,2820.9,3839.9,2896.0,3132.6,2,2,3132.4,19,1,3132.3,10,1,3132.2,53,3,3132.1,57,5,3132.9,24,1,3133.0,345,5,3133.3,15,2,3133.4,196,1,3133.5,208,2
2031,2026-06-16 09:38:16+05:30,3132.6,1,3143.18,446086,104524.0,188027.0,3163.0,3163.0,3131.8,3134.3,31708000,3447.7,2820.9,3839.9,2896.0,3132.6,2,2,3132.4,19,1,3132.3,10,1,3132.2,53,3,3132.1,57,5,3132.9,24,1,3133.0,345,5,3133.3,15,2,3133.4,196,1,3133.5,208,2
2031,2026-06-16 09:38:17+05:30,3132.9,1,3143.18,446091,104477.0,186704.0,3163.0,3163.0,3131.8,3134.3,31708000,3447.7,2820.9,3839.9,2896.0,3132.1,95,8,3132.0,171,8,3131.9,106,3,3131.8,93,6,3131.7,161,3,3132.9,30,2,3133.0,345,5,3133.3,14,1,3133.4,196,1,3133.5,208,2
2031,2026-06-16 09:38:17+05:30,3132.9,1,3143.18,446091,104477.0,186704.0,3163.0,3163.0,3131.8,3134.3,31708000,3447.7,2820.9,3839.9,2896.0,3132.1,95,8,3132.0,171,8,3131.9,106,3,3131.8,93,6,3131.7,161,3,3132.9,30,2,3133.0,345,5,3133.3,14,1,3133.4,196,1,3133.5,208,2
2031,2026-06-16 09:38:17+05:30,3132.9,1,3143.18,446091,104477.0,186704.0,3163.0,3163.0,3131.8,3134.3,31708000,3447.7,2820.9,3839.9,2896.0,3132.1,95,8,3132.0,171,8,3131.9,106,3,3131.8,93,6,3131.7,161,3,3132.9,30,2,3133.0,345,5,3133.3,14,1,3133.4,196,1,3133.5,208,2
2031,2026-06-16 09:38:18+05:30,3132.1,12,3143.17,446177,104111.0,188169.0,3163.0,3163.0,3131.8,3134.3,31708000,3447.7,2820.9,3839.9,2896.0,3132.1,25,4,3132.0,1089,6,3131.9,88,2,3131.8,55,4,3131.7,74,1,3132.9,243,3,3133.0,118,3,3133.3,81,2,3133.4,415,3,3133.5,212,3
2031,2026-06-16 09:38:18+05:30,3132.1,12,3143.17,446177,104111.0,188169.0,3163.0,3163.0,3131.8,3134.3,31708000,3447.7,2820.9,3839.9,2896.0,3132.1,25,4,3132.0,1089,6,3131.9,88,2,3131.8,55,4,3131.7,74,1,3132.9,243,3,3133.0,118,3,3133.3,81,2,3133.4,415,3,3133.5,212,3
2031,2026-06-16 09:38:19+05:30,3132.1,12,3143.17,446177,104111.0,188169.0,3163.0,3163.0,3131.8,3134.3,31708000,3447.7,2820.9,3839.9,2896.0,3132.1,25,4,3132.0,1089,6,3131.9,88,2,3131.8,55,4,3131.7,74,1,3132.9,243,3,3133.0,118,3,3133.3,81,2,3133.4,415,3,3133.5,212,3
2031,2026-06-16 09:38:19+05:30,3132.9,10,3143.17,446228,104298.0,188220.0,3163.0,3163.0,3131.8,3134.3,31708000,3447.7,2820.9,3839.9,2896.0,3132.1,17,3,3132.0,1255,7,3131.9,74,1,3131.8,34,3,3131.7,74,1,3132.9,262,4,3133.0,118,3,3133.2,19,1,3133.3,122,4,3133.4,415,3
2031,2026-06-16 09:38:19+05:30,3132.9,10,3143.17,446228,104298.0,188220.0,3163.0,3163.0,3131.8,3134.3,31708000,3447.7,2820.9,3839.9,2896.0,3132.1,17,3,3132.0,1255,7,3131.9,74,1,3131.8,34,3,3131.7,74,1,3132.9,262,4,3133.0,118,3,3133.2,19,1,3133.3,122,4,3133.4,415,3
2031,2026-06-16 09:38:20+05:30,3132.9,10,3143.17,446228,104298.0,188220.0,3163.0,3163.0,3131.8,3134.3,31708000,3447.7,2820.9,3839.9,2896.0,3132.1,17,3,3132.0,1255,7,3131.9,74,1,3131.8,34,3,3131.7,74,1,3132.9,262,4,3133.0,118,3,3133.2,19,1,3133.3,122,4,3133.4,415,3
2031,2026-06-16 09:38:20+05:30,3132.6,4,3143.17,446228,104298.0,188220.0,3163.0,3163.0,3131.8,3134.3,31708000,3447.7,2820.9,3839.9,2896.0,3132.1,17,3,3132.0,1255,7,3131.9,74,1,3131.8,34,3,3131.7,74,1,3132.9,262,4,3133.0,118,3,3133.2,19,1,3133.3,122,4,3133.4,415,3
2031,2026-06-16 09:38:20+05:30,3132.6,4,3143.17,446238,104493.0,187150.0,3163.0,3163.0,3131.8,3134.3,31708000,3447.7,2820.9,3839.9,2896.0,3132.6,11,1,3132.1,17,4,3132.0,1255,7,3131.9,74,1,3131.8,74,5,3132.9,367,6,3133.0,11,2,3133.1,34,1,3133.3,491,6,3133.4,200,1
2031,2026-06-16 09:38:21+05:30,3132.6,4,3143.17,446238,104493.0,187150.0,3163.0,3163.0,3131.8,3134.3,31708000,3447.7,2820.9,3839.9,2896.0,3132.6,11,1,3132.1,17,4,3132.0,1255,7,3131.9,74,1,3131.8,74,5,3132.9,367,6,3133.0,11,2,3133.1,34,1,3133.3,491,6,3133.4,200,1
2031,2026-06-16 09:38:21+05:30,3132.9,2,3143.17,446238,104493.0,187150.0,3163.0,3163.0,3131.8,3134.3,31708000,3447.7,2820.9,3839.9,2896.0,3132.6,11,1,3132.1,17,4,3132.0,1255,7,3131.9,74,1,3131.8,74,5,3132.9,367,6,3133.0,11,2,3133.1,34,1,3133.3,491,6,3133.4,200,1
2031,2026-06-16 09:38:21+05:30,3132.1,5,3143.17,446284,103479.0,189070.0,3163.0,3163.0,3131.8,3134.3,31708000,3447.7,2820.9,3839.9,2896.0,3132.1,45,5,3132.0,1089,6,3131.9,10,1,3131.8,34,3,3131.7,74,1,3132.9,375,7,3133.0,11,2,3133.1,34,1,3133.3,492,6,3133.4,227,2
2031,2026-06-16 09:38:22+05:30,3132.1,5,3143.17,446284,103479.0,189070.0,3163.0,3163.0,3131.8,3134.3,31708000,3447.7,2820.9,3839.9,2896.0,3132.1,45,5,3132.0,1089,6,3131.9,10,1,3131.8,34,3,3131.7,74,1,3132.9,375,7,3133.0,11,2,3133.1,34,1,3133.3,492,6,3133.4,227,2
2031,2026-06-16 09:38:22+05:30,3132.1,5,3143.17,446284,103479.0,189070.0,3163.0,3163.0,3131.8,3134.3,31708000,3447.7,2820.9,3839.9,2896.0,3132.1,45,5,3132.0,1089,6,3131.9,10,1,3131.8,34,3,3131.7,74,1,3132.9,375,7,3133.0,11,2,3133.1,34,1,3133.3,492,6,3133.4,227,2
2031,2026-06-16 09:38:22+05:30,3132.1,5,3143.17,446284,104359.0,189294.0,3163.0,3163.0,3131.8,3134.3,31708000,3447.7,2820.9,3839.9,2896.0,3132.2,100,1,3132.1,82,6,3132.0,1310,8,3131.8,34,3,3131.5,76,3,3132.9,411,8,3133.0,11,2,3133.1,34,1,3133.2,239,2,3133.3,273,4
2031,2026-06-16 09:38:23+05:30,3132.1,5,3143.17,446284,104359.0,189294.0,3163.0,3163.0,3131.8,3134.3,31708000,3447.7,2820.9,3839.9,2896.0,3132.2,100,1,3132.1,82,6,3132.0,1310,8,3131.8,34,3,3131.5,76,3,3132.9,411,8,3133.0,11,2,3133.1,34,1,3133.2,239,2,3133.3,273,4
2031,2026-06-16 09:38:23+05:30,3132.9,1,3143.17,446284,104359.0,189294.0,3163.0,3163.0,3131.8,3134.3,31708000,3447.7,2820.9,3839.9,2896.0,3132.2,100,1,3132.1,82,6,3132.0,1310,8,3131.8,34,3,3131.5,76,3,3132.9,411,8,3133.0,11,2,3133.1,34,1,3133.2,239,2,3133.3,273,4
2031,2026-06-16 09:38:24+05:30,3132.9,1,3143.17,446289,103923.0,189326.0,3163.0,3163.0,3131.8,3134.3,31708000,3447.7,2820.9,3839.9,2896.0,3132.2,100,1,3132.1,82,6,3132.0,1310,8,3131.9,10,1,3131.8,34,3,3132.8,305,2,3132.9,101,6,3133.0,12,3,3133.1,234,2,3133.2,235,2
2031,2026-06-16 09:38:24+05:30,3132.9,1,3143.17,446289,103923.0,189326.0,3163.0,3163.0,3131.8,3134.3,31708000,3447.7,2820.9,3839.9,2896.0,3132.2,100,1,3132.1,82,6,3132.0,1310,8,3131.9,10,1,3131.8,34,3,3132.8,305,2,3132.9,101,6,3133.0,12,3,3133.1,234,2,3133.2,235,2
2031,2026-06-16 09:38:24+05:30,3132.2,13,3143.17,446289,103923.0,189326.0,3163.0,3163.0,3131.8,3134.3,31708000,3447.7,2820.9,3839.9,2896.0,3132.2,100,1,3132.1,82,6,3132.0,1310,8,3131.9,10,1,3131.8,34,3,3132.8,305,2,3132.9,101,6,3133.0,12,3,3133.1,234,2,3133.2,235,2
2031,2026-06-16 09:38:24+05:30,3132.2,13,3143.17,446289,103923.0,189326.0,3163.0,3163.0,3131.8,3134.3,31708000,3447.7,2820.9,3839.9,2896.0,3132.2,100,1,3132.1,82,6,3132.0,1310,8,3131.9,10,1,3131.8,34,3,3132.8,305,2,3132.9,101,6,3133.0,12,3,3133.1,234,2,3133.2,235,2
2031,2026-06-16 09:38:25+05:30,3132.2,13,3143.17,446365,103811.0,187207.0,3163.0,3163.0,3131.8,3134.3,31708000,3447.7,2820.9,3839.9,2896.0,3132.2,28,2,3132.1,82,6,3132.0,1310,8,3131.8,34,3,3131.5,30,2,3132.7,105,1,3132.8,272,5,3132.9,48,4,3133.0,230,4,3133.1,230,2
2031,2026-06-16 09:38:25+05:30,3132.2,13,3143.17,446365,103811.0,187207.0,3163.0,3163.0,3131.8,3134.3,31708000,3447.7,2820.9,3839.9,2896.0,3132.2,28,2,3132.1,82,6,3132.0,1310,8,3131.8,34,3,3131.5,30,2,3132.7,105,1,3132.8,272,5,3132.9,48,4,3133.0,230,4,3133.1,230,2
2031,2026-06-16 09:38:25+05:30,3132.3,1,3143.17,446365,103811.0,187207.0,3163.0,3163.0,3131.8,3134.3,31708000,3447.7,2820.9,3839.9,2896.0,3132.2,28,2,3132.1,82,6,3132.0,1310,8,3131.8,34,3,3131.5,30,2,3132.7,105,1,3132.8,272,5,3132.9,48,4,3133.0,230,4,3133.1,230,2
2031,2026-06-16 09:38:26+05:30,3132.3,100,3143.15,447013,103098.0,189565.0,3163.0,3163.0,3131.8,3134.3,31708000,3447.7,2820.9,3839.9,2896.0,3132.0,1253,6,3131.8,34,3,3131.5,30,2,3131.3,10,1,3131.1,647,6,3132.3,116,2,3132.7,197,2,3132.8,692,7,3132.9,74,6,3133.0,69,4
2031,2026-06-16 09:38:26+05:30,3132.3,100,3143.15,447013,103098.0,189565.0,3163.0,3163.0,3131.8,3134.3,31708000,3447.7,2820.9,3839.9,2896.0,3132.0,1253,6,3131.8,34,3,3131.5,30,2,3131.3,10,1,3131.1,647,6,3132.3,116,2,3132.7,197,2,3132.8,692,7,3132.9,74,6,3133.0,69,4
2031,2026-06-16 09:38:26+05:30,3132.0,2,3143.15,447013,103098.0,189565.0,3163.0,3163.0,3131.8,3134.3,31708000,3447.7,2820.9,3839.9,2896.0,3132.0,1253,6,3131.8,34,3,3131.5,30,2,3131.3,10,1,3131.1,647,6,3132.3,116,2,3132.7,197,2,3132.8,692,7,3132.9,74,6,3133.0,69,4
2031,2026-06-16 09:38:27+05:30,3132.0,2,3143.15,447015,103652.0,187581.0,3163.0,3163.0,3131.8,3134.3,31708000,3447.7,2820.9,3839.9,2896.0,3132.0,1361,8,3131.8,34,3,3131.5,30,2,3131.3,10,1,3131.2,116,2,3132.3,146,4,3132.5,39,1,3132.7,215,2,3132.8,652,6,3132.9,73,5
2031,2026-06-16 09:38:27+05:30,3132.0,2,3143.15,447015,103652.0,187581.0,3163.0,3163.0,3131.8,3134.3,31708000,3447.7,2820.9,3839.9,2896.0,3132.0,1361,8,3131.8,34,3,3131.5,30,2,3131.3,10,1,3131.2,116,2,3132.3,146,4,3132.5,39,1,3132.7,215,2,3132.8,652,6,3132.9,73,5
2031,2026-06-16 09:38:27+05:30,3131.9,1,3143.15,447015,103652.0,187581.0,3163.0,3163.0,3131.8,3134.3,31708000,3447.7,2820.9,3839.9,2896.0,3132.0,1361,8,3131.8,34,3,3131.5,30,2,3131.3,10,1,3131.2,116,2,3132.3,146,4,3132.5,39,1,3132.7,215,2,3132.8,652,6,3132.9,73,5
2031,2026-06-16 09:38:28+05:30,3131.9,1,3143.11,448826,102002.0,189487.0,3163.0,3163.0,3131.8,3134.3,31708000,3447.7,2820.9,3839.9,2896.0,3131.9,16,1,3131.8,32,2,3131.5,30,2,3131.3,10,1,3131.1,503,2,3132.1,53,4,3132.2,31,2,3132.3,204,7,3132.4,83,3,3132.5,40,2
2031,2026-06-16 09:38:28+05:30,3131.9,1,3143.11,448826,102002.0,189487.0,3163.0,3163.0,3131.8,3134.3,31704600,3447.7,2820.9,3839.9,2896.0,3131.9,16,1,3131.8,32,2,3131.5,30,2,3131.3,10,1,3131.1,503,2,3132.1,53,4,3132.2,31,2,3132.3,204,7,3132.4,83,3,3132.5,40,2
2031,2026-06-16 09:38:28+05:30,3132.0,79,3143.11,448826,102002.0,189487.0,3163.0,3163.0,3131.8,3134.3,31704600,3447.7,2820.9,3839.9,2896.0,3131.9,16,1,3131.8,32,2,3131.5,30,2,3131.3,10,1,3131.1,503,2,3132.1,53,4,3132.2,31,2,3132.3,204,7,3132.4,83,3,3132.5,40,2
2031,2026-06-16 09:38:29+05:30,3132.0,79,3143.11,448916,102223.0,189442.0,3163.0,3163.0,3131.8,3134.3,31704600,3447.7,2820.9,3839.9,2896.0,3132.0,41,1,3131.8,32,2,3131.5,30,2,3131.3,130,3,3131.1,526,3,3132.1,44,5,3132.2,21,1,3132.3,161,4,3132.4,25,1,3132.6,39,1
2031,2026-06-16 09:38:30+05:30,3132.0,79,3143.11,448916,102469.0,189352.0,3163.0,3163.0,3131.8,3134.3,31704600,3447.7,2820.9,3839.9,2896.0,3132.0,47,2,3131.8,32,2,3131.5,30,2,3131.3,130,3,3131.2,19,1,3132.1,44,5,3132.2,21,1,3132.3,161,4,3132.4,25,1,3132.7,396,2
2031,2026-06-16 09:38:30+05:30,3131.8,23,3143.11,448916,102469.0,189352.0,3163.0,3163.0,3131.8,3134.3,31704600,3447.7,2820.9,3839.9,2896.0,3132.0,47,2,3131.8,32,2,3131.5,30,2,3131.3,130,3,3131.2,19,1,3132.1,44,5,3132.2,21,1,3132.3,161,4,3132.4,25,1,3132.7,396,2
2031,2026-06-16 09:38:31+05:30,3132.1,1,3143.09,449564,101766.0,188421.0,3163.0,3163.0,3131.1,3134.3,31704600,3447.7,2820.9,3839.9,2896.0,3131.1,478,2,3131.0,135,14,3130.8,21,1,3130.7,73,2,3130.6,88,3,3132.1,30,3,3132.2,21,1,3132.3,137,3,3132.4,25,1,3132.5,39,1
2031,2026-06-16 09:38:31+05:30,3131.1,158,3143.09,449564,101766.0,188421.0,3163.0,3163.0,3131.1,3134.3,31704600,3447.7,2820.9,3839.9,2896.0,3131.1,478,2,3131.0,135,14,3130.8,21,1,3130.7,73,2,3130.6,88,3,3132.1,30,3,3132.2,21,1,3132.3,137,3,3132.4,25,1,3132.5,39,1
2031,2026-06-16 09:38:32+05:30,3132.0,9,3143.08,449747,101419.0,189176.0,3163.0,3163.0,3131.1,3134.3,31704600,3447.7,2820.9,3839.9,2896.0,3131.5,18,2,3131.1,320,2,3131.0,135,14,3130.8,19,1,3130.7,45,2,3132.0,19,3,3132.1,36,4,3132.2,21,1,3132.3,300,4,3132.4,94,3
2031,2026-06-16 09:38:32+05:30,3132.0,1,3143.08,449747,101419.0,189176.0,3163.0,3163.0,3131.1,3134.3,31704600,3447.7,2820.9,3839.9,2896.0,3131.5,18,2,3131.1,320,2,3131.0,135,14,3130.8,19,1,3130.7,45,2,3132.0,19,3,3132.1,36,4,3132.2,21,1,3132.3,300,4,3132.4,94,3
2031,2026-06-16 09:38:33+05:30,3131.5,44,3143.08,449803,102033.0,188919.0,3163.0,3163.0,3131.1,3134.3,31704600,3447.7,2820.9,3839.9,2896.0,3131.5,15,2,3131.1,360,4,3131.0,340,17,3130.9,10,1,3130.8,114,3,3132.0,91,6,3132.1,7,2,3132.2,21,1,3132.3,260,3,3132.4,25,1
2031,2026-06-16 09:38:33+05:30,3131.2,104,3143.08,449803,102033.0,188919.0,3163.0,3163.0,3131.1,3134.3,31704600,3447.7,2820.9,3839.9,2896.0,3131.5,15,2,3131.1,360,4,3131.0,340,17,3130.9,10,1,3130.8,114,3,3132.0,91,6,3132.1,7,2,3132.2,21,1,3132.3,260,3,3132.4,25,1
2031,2026-06-16 09:38:34+05:30,3131.1,24,3143.08,450027,101463.0,186460.0,3163.0,3163.0,3131.1,3134.3,31704600,3447.7,2820.9,3839.9,2896.0,3131.1,354,5,3131.0,322,17,3130.9,20,1,3130.8,230,5,3130.7,48,2,3132.0,115,6,3132.1,1,1,3132.3,243,2,3132.4,25,1,3132.5,73,1
2031,2026-06-16 09:38:34+05:30,3131.1,24,3143.08,450027,101463.0,186460.0,3163.0,3163.0,3131.1,3134.3,31704600,3447.7,2820.9,3839.9,2896.0,3131.1,354,5,3131.0,322,17,3130.9,20,1,3130.8,230,5,3130.7,48,2,3132.0,115,6,3132.1,1,1,3132.3,243,2,3132.4,25,1,3132.5,73,1
2031,2026-06-16 09:38:35+05:30,3132.0,10,3143.08,450037,101441.0,186135.0,3163.0,3163.0,3131.1,3134.3,31704600,3447.7,2820.9,3839.9,2896.0,3131.1,314,3,3131.0,300,17,3130.8,217,4,3130.7,24,1,3130.6,66,3,3132.0,119,6,3132.1,1,1,3132.3,243,2,3132.4,98,2,3132.6,200,1
2031,2026-06-16 09:38:35+05:30,3132.0,10,3143.08,450037,101441.0,186135.0,3163.0,3163.0,3131.1,3134.3,31704600,3447.7,2820.9,3839.9,2896.0,3131.1,314,3,3131.0,300,17,3130.8,217,4,3130.7,24,1,3130.6,66,3,3132.0,119,6,3132.1,1,1,3132.3,243,2,3132.4,98,2,3132.6,200,1
2031,2026-06-16 09:38:36+05:30,3131.7,1,3143.06,450541,101411.0,189039.0,3163.0,3163.0,3131.1,3134.3,31704600,3447.7,2820.9,3839.9,2896.0,3131.1,79,3,3131.0,260,15,3130.4,101,2,3130.3,180,5,3130.2,42,2,3131.7,16,1,3131.8,218,2,3131.9,274,4,3132.0,406,12,3132.1,62,3
2031,2026-06-16 09:38:36+05:30,3131.7,1,3143.06,450541,101411.0,189039.0,3163.0,3163.0,3131.1,3134.3,31704600,3447.7,2820.9,3839.9,2896.0,3131.1,79,3,3131.0,260,15,3130.4,101,2,3130.3,180,5,3130.2,42,2,3131.7,16,1,3131.8,218,2,3131.9,274,4,3132.0,406,12,3132.1,62,3
2031,2026-06-16 09:38:37+05:30,3131.7,1,3143.06,450542,101612.0,189397.0,3163.0,3163.0,3131.1,3134.3,31704600,3447.7,2820.9,3839.9,2896.0,3131.1,185,5,3131.0,260,15,3130.8,16,1,3130.4,101,2,3130.3,59,2,3131.5,200,1,3131.7,92,5,3131.8,218,2,3131.9,235,3,3132.0,400,10
2031,2026-06-16 09:38:37+05:30,3131.5,10,3143.06,450542,101612.0,189397.0,3163.0,3163.0,3131.1,3134.3,31704600,3447.7,2820.9,3839.9,2896.0,3131.1,185,5,3131.0,260,15,3130.8,16,1,3130.4,101,2,3130.3,59,2,3131.5,200,1,3131.7,92,5,3131.8,218,2,3131.9,235,3,3132.0,400,10
2031,2026-06-16 09:38:38+05:30,3131.1,4,3143.06,450568,101826.0,189486.0,3163.0,3163.0,3131.1,3134.3,31704600,3447.7,2820.9,3839.9,2896.0,3131.1,196,6,3131.0,260,15,3130.8,16,1,3130.4,101,2,3130.3,133,3,3131.5,221,4,3131.7,37,2,3131.8,218,2,3131.9,255,3,3132.0,461,10
2031,2026-06-16 09:38:38+05:30,3131.1,4,3143.06,450568,101826.0,189486.0,3163.0,3163.0,3131.1,3134.3,31704600,3447.7,2820.9,3839.9,2896.0,3131.1,196,6,3131.0,260,15,3130.8,16,1,3130.4,101,2,3130.3,133,3,3131.5,221,4,3131.7,37,2,3131.8,218,2,3131.9,255,3,3132.0,461,10
2031,2026-06-16 09:38:39+05:30,3131.5,1,3143.06,450569,101779.0,189498.0,3163.0,3163.0,3131.1,3134.3,31704600,3447.7,2820.9,3839.9,2896.0,3131.1,196,6,3131.0,260,15,3130.8,16,1,3130.4,101,2,3130.3,133,3,3131.5,265,6,3131.7,12,1,3131.8,244,3,3131.9,235,3,3132.0,511,12
2031,2026-06-16 09:38:39+05:30,3131.5,1,3143.06,450569,101779.0,189498.0,3163.0,3163.0,3131.1,3134.3,31704600,3447.7,2820.9,3839.9,2896.0,3131.1,196,6,3131.0,260,15,3130.8,16,1,3130.4,101,2,3130.3,133,3,3131.5,265,6,3131.7,12,1,3131.8,244,3,3131.9,235,3,3132.0,511,12
2031,2026-06-16 09:38:40+05:30,3131.5,50,3143.06,450639,102620.0,189412.0,3163.0,3163.0,3131.1,3134.3,31704600,3447.7,2820.9,3839.9,2896.0,3131.1,196,6,3131.0,1044,16,3130.8,16,1,3130.4,101,2,3130.3,133,3,3131.5,163,5,3131.6,39,1,3131.7,12,1,3131.8,244,3,3131.9,216,2
2031,2026-06-16 09:38:40+05:30,3131.5,50,3143.06,450639,102620.0,189412.0,3163.0,3163.0,3131.1,3134.3,31704600,3447.7,2820.9,3839.9,2896.0,3131.1,196,6,3131.0,1044,16,3130.8,16,1,3130.4,101,2,3130.3,133,3,3131.5,163,5,3131.6,39,1,3131.7,12,1,3131.8,244,3,3131.9,216,2
2031,2026-06-16 09:38:41+05:30,3131.5,1,3143.06,450866,102429.0,189760.0,3163.0,3163.0,3131.1,3134.3,31704600,3447.7,2820.9,3839.9,2896.0,3131.1,33,5,3131.0,1236,18,3130.8,16,1,3130.4,123,3,3130.3,152,4,3131.5,161,5,3131.8,218,2,3131.9,223,2,3132.0,507,11,3132.1,61,2
2031,2026-06-16 09:38:41+05:30,3131.5,1,3143.06,450866,102429.0,189760.0,3163.0,3163.0,3131.1,3134.3,31704600,3447.7,2820.9,3839.9,2896.0,3131.1,33,5,3131.0,1236,18,3130.8,16,1,3130.4,123,3,3130.3,152,4,3131.5,161,5,3131.8,218,2,3131.9,223,2,3132.0,507,11,3132.1,61,2
2031,2026-06-16 09:38:42+05:30,3131.5,1,3143.06,450866,102647.0,189765.0,3163.0,3163.0,3131.1,3134.3,31704600,3447.7,2820.9,3839.9,2896.0,3131.1,33,5,3131.0,1236,18,3130.8,16,1,3130.4,123,3,3130.3,152,4,3131.5,161,5,3131.8,218,2,3131.9,223,2,3132.0,507,11,3132.1,61,2
2031,2026-06-16 09:38:43+05:30,3131.5,1,3143.06,450870,102659.0,189772.0,3163.0,3163.0,3131.1,3134.3,31704600,3447.7,2820.9,3839.9,2896.0,3131.1,33,5,3131.0,1236,18,3130.8,16,1,3130.4,123,3,3130.3,152,4,3131.5,157,5,3131.8,218,2,3131.9,223,2,3132.0,507,11,3132.1,61,2
2031,2026-06-16 09:38:43+05:30,3130.7,1,3143.06,450870,102659.0,189772.0,3163.0,3163.0,3131.1,3134.3,31704600,3447.7,2820.9,3839.9,2896.0,3131.1,33,5,3131.0,1236,18,3130.8,16,1,3130.4,123,3,3130.3,152,4,3131.5,157,5,3131.8,218,2,3131.9,223,2,3132.0,507,11,3132.1,61,2
2031,2026-06-16 09:38:44+05:30,3131.5,1,3143.06,450870,102659.0,189772.0,3163.0,3163.0,3131.1,3134.3,31704600,3447.7,2820.9,3839.9,2896.0,3131.1,33,5,3131.0,1236,18,3130.8,16,1,3130.4,123,3,3130.3,152,4,3131.5,157,5,3131.8,218,2,3131.9,223,2,3132.0,507,11,3132.1,61,2
2031,2026-06-16 09:38:44+05:30,3131.5,1,3142.97,453948,100839.0,187763.0,3163.0,3163.0,3130.3,3134.3,31704600,3447.7,2820.9,3839.9,2896.0,3131.0,20,1,3130.8,6,1,3130.7,34,2,3130.6,19,1,3130.4,19,1,3131.5,51,4,3131.9,71,1,3132.0,424,7,3132.2,71,1,3132.3,137,4
2031,2026-06-16 09:38:45+05:30,3131.7,4,3142.97,453948,100839.0,187763.0,3163.0,3163.0,3130.3,3134.3,31704600,3447.7,2820.9,3839.9,2896.0,3131.0,20,1,3130.8,6,1,3130.7,34,2,3130.6,19,1,3130.4,19,1,3131.5,51,4,3131.9,71,1,3132.0,424,7,3132.2,71,1,3132.3,137,4
2031,2026-06-16 09:38:45+05:30,3131.7,4,3142.97,454223,101601.0,185283.0,3163.0,3163.0,3130.3,3134.3,31704600,3447.7,2820.9,3839.9,2896.0,3131.6,20,1,3131.5,58,3,3131.4,18,1,3131.3,13,1,3131.2,100,4,3132.0,434,8,3132.3,43,1,3132.4,25,1,3132.5,150,1,3132.8,71,1
2031,2026-06-16 09:38:46+05:30,3132.0,50,3142.97,454223,101601.0,185283.0,3163.0,3163.0,3130.3,3134.3,31704600,3447.7,2820.9,3839.9,2896.0,3131.6,20,1,3131.5,58,3,3131.4,18,1,3131.3,13,1,3131.2,100,4,3132.0,434,8,3132.3,43,1,3132.4,25,1,3132.5,150,1,3132.8,71,1
2031,2026-06-16 09:38:47+05:30,3132.3,1,3142.95,454752,103181.0,185424.0,3163.0,3163.0,3130.3,3134.3,31704600,3447.7,2820.9,3839.9,2896.0,3132.0,7,1,3131.7,99,4,3131.6,45,3,3131.4,173,6,3131.3,13,1,3132.3,17,1,3132.4,37,2,3132.5,392,3,3132.9,250,2,3133.0,1,1
2031,2026-06-16 09:38:47+05:30,3132.0,39,3142.95,454752,103181.0,185424.0,3163.0,3163.0,3130.3,3134.3,31704600,3447.7,2820.9,3839.9,2896.0,3132.0,7,1,3131.7,99,4,3131.6,45,3,3131.4,173,6,3131.3,13,1,3132.3,17,1,3132.4,37,2,3132.5,392,3,3132.9,250,2,3133.0,1,1
2031,2026-06-16 09:38:48+05:30,3132.0,39,3142.95,454791,102631.0,183862.0,3163.0,3163.0,3130.3,3134.3,31704600,3447.7,2820.9,3839.9,2896.0,3132.0,38,1,3131.7,99,4,3131.6,32,2,3131.4,173,6,3131.3,13,1,3132.3,17,1,3132.4,37,2,3132.5,392,3,3132.9,292,3,3133.0,21,2
2031,2026-06-16 09:38:48+05:30,3132.5,42,3142.95,454791,102631.0,183862.0,3163.0,3163.0,3130.3,3134.3,31704600,3447.7,2820.9,3839.9,2896.0,3132.0,38,1,3131.7,99,4,3131.6,32,2,3131.4,173,6,3131.3,13,1,3132.3,17,1,3132.4,37,2,3132.5,392,3,3132.9,292,3,3133.0,21,2
2031,2026-06-16 09:38:49+05:30,3132.3,34,3142.94,455320,103807.0,183849.0,3163.0,3163.0,3130.3,3134.3,31704600,3447.7,2820.9,3839.9,2896.0,3132.3,20,1,3132.2,122,6,3132.1,57,5,3132.0,181,8,3131.9,84,3,3132.9,92,2,3133.0,21,2,3133.5,236,4,3133.9,220,2,3134.0,242,3
2031,2026-06-16 09:38:49+05:30,3132.9,1,3142.94,455320,103807.0,183849.0,3163.0,3163.0,3130.3,3134.3,31704600,3447.7,2820.9,3839.9,2896.0,3132.3,20,1,3132.2,122,6,3132.1,57,5,3132.0,181,8,3131.9,84,3,3132.9,92,2,3133.0,21,2,3133.5,236,4,3133.9,220,2,3134.0,242,3
2031,2026-06-16 09:38:50+05:30,3132.9,1,3142.94,455359,104309.0,184342.0,3163.0,3163.0,3130.3,3134.3,31704600,3447.7,2820.9,3839.9,2896.0,3132.5,9,2,3132.3,165,7,3132.2,26,2,3132.1,24,3,3132.0,118,7,3132.9,105,3,3133.0,21,2,3133.5,267,5,3133.8,67,1,3133.9,220,2
2031,2026-06-16 09:38:51+05:30,3132.9,1,3142.94,455359,104505.0,184364.0,3163.0,3163.0,3130.3,3134.3,31704600,3447.7,2820.9,3839.9,2896.0,3132.5,55,3,3132.3,121,6,3132.2,26,2,3132.1,24,3,3132.0,165,8,3132.9,105,3,3133.0,21,2,3133.4,66,1,3133.5,231,2,3133.8,32,1
2031,2026-06-16 09:38:52+05:30,3132.9,1,3142.94,455360,104810.0,184266.0,3163.0,3163.0,3130.3,3134.3,31704600,3447.7,2820.9,3839.9,2896.0,3132.5,55,3,3132.3,152,6,3132.2,13,1,3132.1,24,3,3132.0,118,7,3132.9,104,3,3133.0,21,2,3133.4,66,1,3133.5,231,2,3133.8,232,2
2031,2026-06-16 09:38:52+05:30,3132.9,1,3142.94,455360,104810.0,184266.0,3163.0,3163.0,3130.3,3134.3,31704600,3447.7,2820.9,3839.9,2896.0,3132.5,55,3,3132.3,152,6,3132.2,13,1,3132.1,24,3,3132.0,118,7,3132.9,104,3,3133.0,21,2,3133.4,66,1,3133.5,231,2,3133.8,232,2
2031,2026-06-16 09:38:53+05:30,3132.9,1,3142.94,455360,104870.0,184275.0,3163.0,3163.0,3130.3,3134.3,31704600,3447.7,2820.9,3839.9,2896.0,3132.5,55,3,3132.3,137,6,3132.2,13,1,3132.1,24,3,3132.0,173,8,3132.9,104,3,3133.0,31,3,3133.4,31,1,3133.5,231,2,3133.7,62,1
2031,2026-06-16 09:38:53+05:30,3132.5,1,3142.94,455360,104870.0,184275.0,3163.0,3163.0,3130.3,3134.3,31704600,3447.7,2820.9,3839.9,2896.0,3132.5,55,3,3132.3,137,6,3132.2,13,1,3132.1,24,3,3132.0,173,8,3132.9,104,3,3133.0,31,3,3133.4,31,1,3133.5,231,2,3133.7,62,1
2031,2026-06-16 09:38:54+05:30,3132.3,80,3142.93,455705,104876.0,184159.0,3163.0,3163.0,3130.3,3134.3,31704600,3447.7,2820.9,3839.9,2896.0,3132.5,40,1,3132.4,16,1,3132.3,62,3,3132.2,41,2,3132.1,1,1,3132.9,160,5,3133.0,31,3,3133.4,31,1,3133.5,231,2,3133.6,44,1
2031,2026-06-16 09:38:54+05:30,3132.3,9,3142.93,455705,104876.0,184159.0,3163.0,3163.0,3130.3,3134.3,31704600,3447.7,2820.9,3839.9,2896.0,3132.5,40,1,3132.4,16,1,3132.3,62,3,3132.2,41,2,3132.1,1,1,3132.9,160,5,3133.0,31,3,3133.4,31,1,3133.5,231,2,3133.6,44,1
2031,2026-06-16 09:38:55+05:30,3132.3,9,3142.93,455770,104711.0,184722.0,3163.0,3163.0,3130.3,3134.3,31704600,3447.7,2820.9,3839.9,2896.0,3132.5,5,1,3132.3,18,2,3132.2,52,3,3132.1,1,1,3132.0,109,6,3132.9,161,6,3133.0,31,3,3133.4,31,1,3133.5,231,2,3133.6,44,1
2031,2026-06-16 09:38:56+05:30,3132.9,11,3142.93,455871,106712.0,185047.0,3163.0,3163.0,3130.3,3134.3,31704600,3447.7,2820.9,3839.9,2896.0,3132.5,5,1,3132.3,18,2,3132.1,1,1,3132.0,62,3,3131.9,64,2,3132.9,86,5,3133.0,109,4,3133.4,231,2,3133.5,31,1,3133.6,79,2
2031,2026-06-16 09:38:56+05:30,3132.9,11,3142.93,455871,106712.0,185047.0,3163.0,3163.0,3130.3,3134.3,31704600,3447.7,2820.9,3839.9,2896.0,3132.5,5,1,3132.3,18,2,3132.1,1,1,3132.0,62,3,3131.9,64,2,3132.9,86,5,3133.0,109,4,3133.4,231,2,3133.5,31,1,3133.6,79,2
2031,2026-06-16 09:38:57+05:30,3132.8,1,3142.93,455872,106683.0,185792.0,3163.0,3163.0,3130.3,3134.3,31704600,3447.7,2820.9,3839.9,2896.0,3132.5,5,1,3132.3,18,2,3132.1,1,1,3132.0,40,2,3131.8,22,1,3132.8,70,1,3132.9,310,7,3133.0,56,5,3133.1,39,2,3133.3,266,3
2031,2026-06-16 09:38:57+05:30,3132.8,1,3142.93,455872,106683.0,185792.0,3163.0,3163.0,3130.3,3134.3,31704600,3447.7,2820.9,3839.9,2896.0,3132.5,5,1,3132.3,18,2,3132.1,1,1,3132.0,40,2,3131.8,22,1,3132.8,70,1,3132.9,310,7,3133.0,56,5,3133.1,39,2,3133.3,266,3
2031,2026-06-16 09:38:58+05:30,3132.8,1,3142.93,455872,106831.0,185849.0,3163.0,3163.0,3130.3,3134.3,31704600,3447.7,2820.9,3839.9,2896.0,3132.5,23,2,3132.3,18,2,3132.1,1,1,3132.0,40,2,3131.7,58,2,3132.8,135,5,3132.9,293,5,3133.0,56,5,3133.1,78,3,3133.3,227,2
2031,2026-06-16 09:38:58+05:30,3132.3,22,3142.93,455872,106831.0,185849.0,3163.0,3163.0,3130.3,3134.3,31704600,3447.7,2820.9,3839.9,2896.0,3132.5,23,2,3132.3,18,2,3132.1,1,1,3132.0,40,2,3131.7,58,2,3132.8,135,5,3132.9,293,5,3133.0,56,5,3133.1,78,3,3133.3,227,2
2031,2026-06-16 09:38:59+05:30,3132.8,3,3142.92,456098,106402.0,184880.0,3163.0,3163.0,3130.3,3134.3,31704600,3447.7,2820.9,3839.9,2896.0,3132.3,5,2,3132.0,112,6,3131.9,28,2,3131.8,19,1,3131.7,43,2,3132.8,132,5,3132.9,280,4,3133.0,56,5,3133.3,200,1,3133.4,200,1
2031,2026-06-16 09:38:59+05:30,3132.3,21,3142.92,456098,106402.0,184880.0,3163.0,3163.0,3130.3,3134.3,31704600,3447.7,2820.9,3839.9,2896.0,3132.3,5,2,3132.0,112,6,3131.9,28,2,3131.8,19,1,3131.7,43,2,3132.8,132,5,3132.9,280,4,3133.0,56,5,3133.3,200,1,3133.4,200,1
2031,2026-06-16 09:39:00+05:30,3132.3,21,3142.92,456124,106160.0,185636.0,3163.0,3163.0,3130.3,3134.3,31704600,3447.7,2820.9,3839.9,2896.0,3132.6,2,2,3132.3,12,4,3132.0,75,4,3131.7,22,1,3131.6,234,3,3132.8,182,8,3132.9,280,4,3133.0,36,4,3133.3,280,3,3133.4,235,2
2031,2026-06-16 09:39:01+05:30,3132.3,21,3142.92,456124,106149.0,185670.0,3163.0,3163.0,3130.3,3134.3,31704600,3447.7,2820.9,3839.9,2896.0,3132.6,2,2,3132.3,40,5,3132.0,75,4,3131.7,22,1,3131.6,51,2,3132.8,182,8,3132.9,280,4,3133.0,236,5,3133.3,280,3,3133.4,435,3
2031,2026-06-16 09:39:02+05:30,3132.8,1,3142.92,456124,106149.0,185670.0,3163.0,3163.0,3130.3,3134.3,31704600,3447.7,2820.9,3839.9,2896.0,3132.6,2,2,3132.3,40,5,3132.0,75,4,3131.7,22,1,3131.6,51,2,3132.8,182,8,3132.9,280,4,3133.0,236,5,3133.3,280,3,3133.4,435,3
2031,2026-06-16 09:39:02+05:30,3132.8,1,3142.92,456128,106086.0,186203.0,3163.0,3163.0,3130.3,3134.3,31704600,3447.7,2820.9,3839.9,2896.0,3132.6,2,2,3132.3,40,5,3132.0,35,2,3131.7,22,1,3131.6,205,3,3132.8,178,8,3132.9,289,5,3133.0,236,5,3133.3,280,3,3133.4,400,2
2031,2026-06-16 09:39:03+05:30,3131.5,8,3142.92,456128,106086.0,186203.0,3163.0,3163.0,3130.3,3134.3,31704600,3447.7,2820.9,3839.9,2896.0,3132.6,2,2,3132.3,40,5,3132.0,35,2,3131.7,22,1,3131.6,205,3,3132.8,178,8,3132.9,289,5,3133.0,236,5,3133.3,280,3,3133.4,400,2
2031,2026-06-16 09:39:03+05:30,3131.5,8,3142.91,456520,104437.0,187732.0,3163.0,3163.0,3130.3,3134.3,31704600,3447.7,2820.9,3839.9,2896.0,3131.5,502,3,3131.0,50,4,3130.9,88,2,3130.8,16,4,3130.7,20,1,3132.1,73,5,3132.2,62,4,3132.3,280,6,3132.4,88,4,3132.5,20,2
2031,2026-06-16 09:39:04+05:30,3131.0,6,3142.91,456520,104437.0,187732.0,3163.0,3163.0,3130.3,3134.3,31704600,3447.7,2820.9,3839.9,2896.0,3131.5,502,3,3131.0,50,4,3130.9,88,2,3130.8,16,4,3130.7,20,1,3132.1,73,5,3132.2,62,4,3132.3,280,6,3132.4,88,4,3132.5,20,2
2031,2026-06-16 09:39:04+05:30,3131.0,6,3142.9,457034,102883.0,189078.0,3163.0,3163.0,3130.3,3134.3,31704600,3447.7,2820.9,3839.9,2896.0,3131.0,38,3,3130.8,11,2,3130.3,45,3,3130.2,160,1,3130.1,6,1,3131.3,25,1,3131.4,28,2,3131.5,38,2,3131.6,24,1,3131.7,303,5
2031,2026-06-16 09:39:05+05:30,3131.0,1,3142.9,457034,102883.0,189078.0,3163.0,3163.0,3130.3,3134.3,31704600,3447.7,2820.9,3839.9,2896.0,3131.0,38,3,3130.8,11,2,3130.3,45,3,3130.2,160,1,3130.1,6,1,3131.3,25,1,3131.4,28,2,3131.5,38,2,3131.6,24,1,3131.7,303,5
2031,2026-06-16 09:39:05+05:30,3131.0,1,3142.89,457323,102721.0,189103.0,3163.0,3163.0,3130.3,3134.3,31704600,3447.7,2820.9,3839.9,2896.0,3131.0,19,2,3130.8,11,2,3130.3,45,3,3130.2,160,1,3130.1,78,2,3131.2,25,1,3131.3,25,1,3131.5,56,3,3131.7,79,3,3131.8,227,2
2031,2026-06-16 09:39:06+05:30,3131.4,7,3142.89,457323,102721.0,189103.0,3163.0,3163.0,3130.3,3134.3,31704600,3447.7,2820.9,3839.9,2896.0,3131.0,19,2,3130.8,11,2,3130.3,45,3,3130.2,160,1,3130.1,78,2,3131.2,25,1,3131.3,25,1,3131.5,56,3,3131.7,79,3,3131.8,227,2
2031,2026-06-16 09:39:06+05:30,3131.4,7,3142.89,457500,103133.0,189272.0,3163.0,3163.0,3130.3,3134.3,31704600,3447.7,2820.9,3839.9,2896.0,3131.0,61,2,3130.8,11,2,3130.3,45,3,3130.2,232,2,3130.1,57,2,3131.5,41,2,3131.7,102,3,3131.9,122,3,3132.0,480,5,3132.1,78,4
2031,2026-06-16 09:39:07+05:30,3131.4,7,3142.89,457500,103228.0,190237.0,3163.0,3163.0,3130.3,3134.3,31704600,3447.7,2820.9,3839.9,2896.0,3131.0,61,2,3130.8,11,2,3130.3,45,3,3130.2,160,1,3130.1,6,1,3131.2,17,1,3131.3,81,3,3131.4,30,2,3131.5,267,5,3131.6,39,2
2031,2026-06-16 09:39:08+05:30,3130.3,115,3142.89,457500,103228.0,190237.0,3163.0,3163.0,3130.3,3134.3,31704600,3447.7,2820.9,3839.9,2896.0,3131.0,61,2,3130.8,11,2,3130.3,45,3,3130.2,160,1,3130.1,6,1,3131.2,17,1,3131.3,81,3,3131.4,30,2,3131.5,267,5,3131.6,39,2
2031,2026-06-16 09:39:08+05:30,3130.3,115,3142.88,457930,101735.0,190401.0,3163.0,3163.0,3130.3,3134.3,31704600,3447.7,2820.9,3839.9,2896.0,3130.3,25,1,3130.2,160,1,3130.1,6,1,3130.0,2723,63,3129.4,20,1,3130.9,133,1,3131.1,83,6,3131.2,225,4,3131.3,52,3,3131.4,77,3
2031,2026-06-16 09:39:09+05:30,3130.0,94,3142.88,457930,101735.0,190401.0,3163.0,3163.0,3130.3,3134.3,31704600,3447.7,2820.9,3839.9,2896.0,3130.3,25,1,3130.2,160,1,3130.1,6,1,3130.0,2723,63,3129.4,20,1,3130.9,133,1,3131.1,83,6,3131.2,225,4,3131.3,52,3,3131.4,77,3
2031,2026-06-16 09:39:10+05:30,3130.6,94,3142.85,458956,101646.0,190598.0,3163.0,3163.0,3130.0,3134.3,31704600,3447.7,2820.9,3839.9,2896.0,3130.0,2424,48,3129.3,41,2,3129.2,65,3,3129.1,72,1,3129.0,440,10,3130.6,114,2,3130.7,47,2,3130.8,66,4,3130.9,61,2,3131.0,219,2
2031,2026-06-16 09:39:10+05:30,3130.6,10,3142.85,458956,101646.0,190598.0,3163.0,3163.0,3130.0,3134.3,31704600,3447.7,2820.9,3839.9,2896.0,3130.0,2424,48,3129.3,41,2,3129.2,65,3,3129.1,72,1,3129.0,440,10,3130.6,114,2,3130.7,47,2,3130.8,66,4,3130.9,61,2,3131.0,219,2
2031,2026-06-16 09:39:11+05:30,3130.0,15,3142.84,459200,101770.0,189121.0,3163.0,3163.0,3130.0,3134.3,31704600,3447.7,2820.9,3839.9,2896.0,3130.0,2596,47,3129.3,11,1,3129.2,14,1,3129.1,72,1,3129.0,335,7,3130.4,96,1,3130.6,146,6,3130.7,50,3,3130.8,522,8,3130.9,241,2
2031,2026-06-16 09:39:11+05:30,3130.0,15,3142.84,459200,101770.0,189121.0,3163.0,3163.0,3130.0,3134.3,31704600,3447.7,2820.9,3839.9,2896.0,3130.0,2596,47,3129.3,11,1,3129.2,14,1,3129.1,72,1,3129.0,335,7,3130.4,96,1,3130.6,146,6,3130.7,50,3,3130.8,522,8,3130.9,241,2
2031,2026-06-16 09:39:11+05:30,3130.2,1,3142.84,459200,101770.0,189121.0,3163.0,3163.0,3130.0,3134.3,31704600,3447.7,2820.9,3839.9,2896.0,3130.0,2596,47,3129.3,11,1,3129.2,14,1,3129.1,72,1,3129.0,335,7,3130.4,96,1,3130.6,146,6,3130.7,50,3,3130.8,522,8,3130.9,241,2
2031,2026-06-16 09:39:12+05:30,3130.2,1,3142.84,459242,102180.0,191266.0,3163.0,3163.0,3130.0,3134.3,31704600,3447.7,2820.9,3839.9,2896.0,3130.2,25,1,3130.0,2661,47,3129.3,127,3,3129.2,86,3,3129.1,72,1,3130.4,98,3,3130.6,193,4,3130.7,66,3,3130.8,90,4,3130.9,230,2
2031,2026-06-16 09:39:12+05:30,3130.2,3,3142.84,459242,102180.0,191266.0,3163.0,3163.0,3130.0,3134.3,31704600,3447.7,2820.9,3839.9,2896.0,3130.2,25,1,3130.0,2661,47,3129.3,127,3,3129.2,86,3,3129.1,72,1,3130.4,98,3,3130.6,193,4,3130.7,66,3,3130.8,90,4,3130.9,230,2
2031,2026-06-16 09:39:13+05:30,3130.2,3,3142.84,459242,102180.0,191266.0,3163.0,3163.0,3130.0,3134.3,31704600,3447.7,2820.9,3839.9,2896.0,3130.2,25,1,3130.0,2661,47,3129.3,127,3,3129.2,86,3,3129.1,72,1,3130.4,98,3,3130.6,193,4,3130.7,66,3,3130.8,90,4,3130.9,230,2
2031,2026-06-16 09:39:13+05:30,3130.4,42,3142.84,459287,102482.0,190590.0,3163.0,3163.0,3130.0,3134.3,31704600,3447.7,2820.9,3839.9,2896.0,3130.2,138,6,3130.1,6,1,3130.0,2740,51,3129.9,80,3,3129.8,31,2,3130.4,57,4,3130.6,160,2,3130.7,19,1,3130.8,60,2,3131.0,200,1
2031,2026-06-16 09:39:13+05:30,3131.9,1,3142.84,459287,102482.0,190590.0,3163.0,3163.0,3130.0,3134.3,31704600,3447.7,2820.9,3839.9,2896.0,3130.2,138,6,3130.1,6,1,3130.0,2740,51,3129.9,80,3,3129.8,31,2,3130.4,57,4,3130.6,160,2,3130.7,19,1,3130.8,60,2,3131.0,200,1
2031,2026-06-16 09:39:14+05:30,3131.0,9,3142.8,460832,103865.0,186649.0,3163.0,3163.0,3130.0,3134.3,31704600,3447.7,2820.9,3839.9,2896.0,3131.0,130,1,3130.8,76,3,3130.7,116,4,3130.6,89,3,3130.5,130,7,3131.8,71,1,3131.9,198,1,3132.0,17,1,3132.3,50,1,3132.4,30,2
2031,2026-06-16 09:39:14+05:30,3131.0,1,3142.8,460832,103865.0,186649.0,3163.0,3163.0,3130.0,3134.3,31704600,3447.7,2820.9,3839.9,2896.0,3131.0,130,1,3130.8,76,3,3130.7,116,4,3130.6,89,3,3130.5,130,7,3131.8,71,1,3131.9,198,1,3132.0,17,1,3132.3,50,1,3132.4,30,2
2031,2026-06-16 09:39:14+05:30,3131.0,1,3142.8,460832,103865.0,186649.0,3163.0,3163.0,3130.0,3134.3,31704600,3447.7,2820.9,3839.9,2896.0,3131.0,130,1,3130.8,76,3,3130.7,116,4,3130.6,89,3,3130.5,130,7,3131.8,71,1,3131.9,198,1,3132.0,17,1,3132.3,50,1,3132.4,30,2
2031,2026-06-16 09:39:15+05:30,3131.4,54,3142.79,461102,103856.0,187747.0,3163.0,3163.0,3130.0,3134.3,31704600,3447.7,2820.9,3839.9,2896.0,3131.5,30,3,3131.0,86,2,3130.8,11,1,3130.7,19,1,3130.6,23,1,3131.7,60,1,3131.8,23,1,3131.9,221,2,3132.0,17,1,3132.2,71,1
2031,2026-06-16 09:39:15+05:30,3131.5,16,3142.79,461102,103856.0,187747.0,3163.0,3163.0,3130.0,3134.3,31704600,3447.7,2820.9,3839.9,2896.0,3131.5,30,3,3131.0,86,2,3130.8,11,1,3130.7,19,1,3130.6,23,1,3131.7,60,1,3131.8,23,1,3131.9,221,2,3132.0,17,1,3132.2,71,1
2031,2026-06-16 09:39:16+05:30,3131.8,1,3142.79,461219,104083.0,187320.0,3163.0,3163.0,3130.0,3134.3,31704600,3447.7,2820.9,3839.9,2896.0,3131.7,24,1,3131.5,8,3,3131.0,83,3,3130.9,23,1,3130.8,30,2,3131.8,70,2,3131.9,221,2,3132.0,17,1,3132.3,50,1,3132.5,341,4
2031,2026-06-16 09:39:16+05:30,3131.8,1,3142.79,461219,104083.0,187320.0,3163.0,3163.0,3130.0,3134.3,31704600,3447.7,2820.9,3839.9,2896.0,3131.7,24,1,3131.5,8,3,3131.0,83,3,3130.9,23,1,3130.8,30,2,3131.8,70,2,3131.9,221,2,3132.0,17,1,3132.3,50,1,3132.5,341,4
2031,2026-06-16 09:39:16+05:30,3132.3,24,3142.79,461219,104083.0,187320.0,3163.0,3163.0,3130.0,3134.3,31704600,3447.7,2820.9,3839.9,2896.0,3131.7,24,1,3131.5,8,3,3131.0,83,3,3130.9,23,1,3130.8,30,2,3131.8,70,2,3131.9,221,2,3132.0,17,1,3132.3,50,1,3132.5,341,4
2031,2026-06-16 09:39:17+05:30,3132.0,28,3142.78,461793,106508.0,185598.0,3163.0,3163.0,3130.0,3134.3,31704600,3447.7,2820.9,3839.9,2896.0,3132.0,43,1,3131.8,103,4,3131.7,78,3,3131.6,19,1,3131.5,76,5,3132.6,41,4,3132.7,190,1,3132.8,11,1,3132.9,269,5,3133.0,351,4
2031,2026-06-16 09:39:17+05:30,3132.6,11,3142.78,461793,106508.0,185598.0,3163.0,3163.0,3130.0,3134.3,31704600,3447.7,2820.9,3839.9,2896.0,3132.0,43,1,3131.8,103,4,3131.7,78,3,3131.6,19,1,3131.5,76,5,3132.6,41,4,3132.7,190,1,3132.8,11,1,3132.9,269,5,3133.0,351,4
2031,2026-06-16 09:39:18+05:30,3132.6,11,3142.78,461793,106508.0,185598.0,3163.0,3163.0,3130.0,3134.3,31704600,3447.7,2820.9,3839.9,2896.0,3132.0,43,1,3131.8,103,4,3131.7,78,3,3131.6,19,1,3131.5,76,5,3132.6,41,4,3132.7,190,1,3132.8,11,1,3132.9,269,5,3133.0,351,4
2031,2026-06-16 09:39:18+05:30,3132.6,1,3142.78,461793,106508.0,185598.0,3163.0,3163.0,3130.0,3134.3,31704600,3447.7,2820.9,3839.9,2896.0,3132.0,43,1,3131.8,103,4,3131.7,78,3,3131.6,19,1,3131.5,76,5,3132.6,41,4,3132.7,190,1,3132.8,11,1,3132.9,269,5,3133.0,351,4
2031,2026-06-16 09:39:18+05:30,3132.6,1,3142.77,461925,106489.0,186534.0,3163.0,3163.0,3130.0,3134.3,31704600,3447.7,2820.9,3839.9,2896.0,3132.1,12,1,3132.0,261,3,3131.8,69,3,3131.7,101,4,3131.6,87,2,3132.6,56,4,3132.7,212,2,3132.8,11,1,3132.9,309,6,3133.0,351,4
2031,2026-06-16 09:39:19+05:30,3132.6,1,3142.77,461925,106489.0,186534.0,3163.0,3163.0,3130.0,3134.3,31704600,3447.7,2820.9,3839.9,2896.0,3132.1,12,1,3132.0,261,3,3131.8,69,3,3131.7,101,4,3131.6,87,2,3132.6,56,4,3132.7,212,2,3132.8,11,1,3132.9,309,6,3133.0,351,4
2031,2026-06-16 09:39:19+05:30,3132.6,1,3142.77,461925,106975.0,186385.0,3163.0,3163.0,3130.0,3134.3,31704600,3447.7,2820.9,3839.9,2896.0,3132.3,26,1,3132.1,103,4,3132.0,243,3,3131.8,69,3,3131.7,101,4,3132.6,56,4,3132.7,212,2,3132.8,11,1,3132.9,309,6,3133.0,351,4
2031,2026-06-16 09:39:20+05:30,3132.6,1,3142.77,461925,106975.0,186385.0,3163.0,3163.0,3130.0,3134.3,31704600,3447.7,2820.9,3839.9,2896.0,3132.3,26,1,3132.1,103,4,3132.0,243,3,3131.8,69,3,3131.7,101,4,3132.6,56,4,3132.7,212,2,3132.8,11,1,3132.9,309,6,3133.0,351,4
2031,2026-06-16 09:39:20+05:30,3132.6,1,3142.77,461925,106975.0,186385.0,3163.0,3163.0,3130.0,3134.3,31704600,3447.7,2820.9,3839.9,2896.0,3132.3,26,1,3132.1,103,4,3132.0,243,3,3131.8,69,3,3131.7,101,4,3132.6,56,4,3132.7,212,2,3132.8,11,1,3132.9,309,6,3133.0,351,4
2031,2026-06-16 09:39:20+05:30,3132.6,1,3142.77,462064,107241.0,187358.0,3163.0,3163.0,3130.0,3134.3,31704600,3447.7,2820.9,3839.9,2896.0,3132.6,52,4,3132.4,95,4,3132.3,62,2,3132.2,29,2,3132.1,51,1,3132.7,212,2,3132.8,11,1,3132.9,309,6,3133.0,351,4,3133.2,200,1
2031,2026-06-16 09:39:21+05:30,3132.6,1,3142.77,462064,107241.0,187358.0,3163.0,3163.0,3130.0,3134.3,31704600,3447.7,2820.9,3839.9,2896.0,3132.6,52,4,3132.4,95,4,3132.3,62,2,3132.2,29,2,3132.1,51,1,3132.7,212,2,3132.8,11,1,3132.9,309,6,3133.0,351,4,3133.2,200,1
2031,2026-06-16 09:39:21+05:30,3132.4,47,3142.77,462064,107241.0,187358.0,3163.0,3163.0,3130.0,3134.3,31704600,3447.7,2820.9,3839.9,2896.0,3132.6,52,4,3132.4,95,4,3132.3,62,2,3132.2,29,2,3132.1,51,1,3132.7,212,2,3132.8,11,1,3132.9,309,6,3133.0,351,4,3133.2,200,1
2031,2026-06-16 09:39:22+05:30,3132.4,47,3142.76,462426,107436.0,186166.0,3163.0,3163.0,3130.0,3134.3,31704600,3447.7,2820.9,3839.9,2896.0,3132.7,100,1,3132.3,96,3,3132.2,22,2,3132.1,145,4,3132.0,410,7,3132.8,11,1,3132.9,309,6,3133.0,391,5,3133.2,200,1,3133.3,200,1
2031,2026-06-16 09:39:22+05:30,3132.4,47,3142.76,462426,107436.0,186166.0,3163.0,3163.0,3130.0,3134.3,31704600,3447.7,2820.9,3839.9,2896.0,3132.7,100,1,3132.3,96,3,3132.2,22,2,3132.1,145,4,3132.0,410,7,3132.8,11,1,3132.9,309,6,3133.0,391,5,3133.2,200,1,3133.3,200,1
2031,2026-06-16 09:39:22+05:30,3132.8,1,3142.76,462426,107436.0,186166.0,3163.0,3163.0,3130.0,3134.3,31704600,3447.7,2820.9,3839.9,2896.0,3132.7,100,1,3132.3,96,3,3132.2,22,2,3132.1,145,4,3132.0,410,7,3132.8,11,1,3132.9,309,6,3133.0,391,5,3133.2,200,1,3133.3,200,1
2031,2026-06-16 09:39:23+05:30,3132.8,1,3142.76,462467,107193.0,186330.0,3163.0,3163.0,3130.0,3134.3,31704600,3447.7,2820.9,3839.9,2896.0,3132.7,151,2,3132.3,122,5,3132.2,10,1,3132.1,69,2,3132.0,410,7,3132.8,10,1,3132.9,280,5,3133.0,449,6,3133.2,240,2,3133.3,200,1
2031,2026-06-16 09:39:23+05:30,3132.8,1,3142.76,462467,107193.0,186330.0,3163.0,3163.0,3130.0,3134.3,31704600,3447.7,2820.9,3839.9,2896.0,3132.7,151,2,3132.3,122,5,3132.2,10,1,3132.1,69,2,3132.0,410,7,3132.8,10,1,3132.9,280,5,3133.0,449,6,3133.2,240,2,3133.3,200,1
2031,2026-06-16 09:39:23+05:30,3132.8,91,3142.76,462467,107193.0,186330.0,3163.0,3163.0,3130.0,3134.3,31704600,3447.7,2820.9,3839.9,2896.0,3132.7,151,2,3132.3,122,5,3132.2,10,1,3132.1,69,2,3132.0,410,7,3132.8,10,1,3132.9,280,5,3133.0,449,6,3133.2,240,2,3133.3,200,1
2031,2026-06-16 09:39:24+05:30,3132.8,91,3142.76,462467,107193.0,186330.0,3163.0,3163.0,3130.0,3134.3,31704600,3447.7,2820.9,3839.9,2896.0,3132.7,151,2,3132.3,122,5,3132.2,10,1,3132.1,69,2,3132.0,410,7,3132.8,10,1,3132.9,280,5,3133.0,449,6,3133.2,240,2,3133.3,200,1
2031,2026-06-16 09:39:24+05:30,3132.9,1,3142.76,462559,107307.0,186470.0,3163.0,3163.0,3130.0,3134.3,31704600,3447.7,2820.9,3839.9,2896.0,3132.8,51,1,3132.7,158,3,3132.6,19,1,3132.5,31,2,3132.4,19,1,3132.9,279,5,3133.0,449,6,3133.2,240,2,3133.3,200,1,3133.4,200,1
2031,2026-06-16 09:39:24+05:30,3132.8,15,3142.76,462559,107307.0,186470.0,3163.0,3163.0,3130.0,3134.3,31704600,3447.7,2820.9,3839.9,2896.0,3132.8,51,1,3132.7,158,3,3132.6,19,1,3132.5,31,2,3132.4,19,1,3132.9,279,5,3133.0,449,6,3133.2,240,2,3133.3,200,1,3133.4,200,1
2031,2026-06-16 09:39:25+05:30,3132.8,15,3142.76,462559,107307.0,186470.0,3163.0,3163.0,3130.0,3134.3,31704600,3447.7,2820.9,3839.9,2896.0,3132.8,51,1,3132.7,158,3,3132.6,19,1,3132.5,31,2,3132.4,19,1,3132.9,279,5,3133.0,449,6,3133.2,240,2,3133.3,200,1,3133.4,200,1
2031,2026-06-16 09:39:25+05:30,3132.9,8,3142.75,462856,107636.0,186675.0,3163.0,3163.0,3130.0,3134.3,31704600,3447.7,2820.9,3839.9,2896.0,3132.8,134,2,3132.7,98,2,3132.6,19,1,3132.5,23,1,3132.4,19,1,3132.9,314,5,3133.0,449,6,3133.2,40,1,3133.3,240,2,3133.4,400,2
2031,2026-06-16 09:39:25+05:30,3132.9,8,3142.75,462856,107636.0,186675.0,3163.0,3163.0,3130.0,3134.3,31704600,3447.7,2820.9,3839.9,2896.0,3132.8,134,2,3132.7,98,2,3132.6,19,1,3132.5,23,1,3132.4,19,1,3132.9,314,5,3133.0,449,6,3133.2,40,1,3133.3,240,2,3133.4,400,2
2031,2026-06-16 09:39:25+05:30,3132.9,1,3142.75,462856,107636.0,186675.0,3163.0,3163.0,3130.0,3134.3,31704600,3447.7,2820.9,3839.9,2896.0,3132.8,134,2,3132.7,98,2,3132.6,19,1,3132.5,23,1,3132.4,19,1,3132.9,314,5,3133.0,449,6,3133.2,40,1,3133.3,240,2,3133.4,400,2
2031,2026-06-16 09:39:26+05:30,3132.9,1,3142.75,462961,107675.0,186053.0,3163.0,3163.0,3130.0,3134.3,31704600,3447.7,2820.9,3839.9,2896.0,3132.8,140,2,3132.7,98,2,3132.3,75,3,3132.1,83,3,3132.0,340,5,3132.9,281,4,3133.0,449,6,3133.2,40,1,3133.3,240,2,3133.4,400,2
2031,2026-06-16 09:39:26+05:30,3132.9,1,3142.75,462961,107675.0,186053.0,3163.0,3163.0,3130.0,3134.3,31704600,3447.7,2820.9,3839.9,2896.0,3132.8,140,2,3132.7,98,2,3132.3,75,3,3132.1,83,3,3132.0,340,5,3132.9,281,4,3133.0,449,6,3133.2,40,1,3133.3,240,2,3133.4,400,2
2031,2026-06-16 09:39:26+05:30,3132.8,94,3142.75,462961,107675.0,186053.0,3163.0,3163.0,3130.0,3134.3,31704600,3447.7,2820.9,3839.9,2896.0,3132.8,140,2,3132.7,98,2,3132.3,75,3,3132.1,83,3,3132.0,340,5,3132.9,281,4,3133.0,449,6,3133.2,40,1,3133.3,240,2,3133.4,400,2
2031,2026-06-16 09:39:27+05:30,3132.8,94,3142.75,462961,107675.0,186053.0,3163.0,3163.0,3130.0,3134.3,31704600,3447.7,2820.9,3839.9,2896.0,3132.8,140,2,3132.7,98,2,3132.3,75,3,3132.1,83,3,3132.0,340,5,3132.9,281,4,3133.0,449,6,3133.2,40,1,3133.3,240,2,3133.4,400,2
2031,2026-06-16 09:39:27+05:30,3132.8,200,3142.74,463344,107475.0,186653.0,3163.0,3163.0,3130.0,3134.3,31704600,3447.7,2820.9,3839.9,2896.0,3132.8,10,1,3132.7,98,2,3132.3,56,2,3132.0,274,2,3131.8,39,2,3132.9,313,5,3133.0,449,6,3133.2,59,2,3133.3,257,3,3133.4,478,5
2031,2026-06-16 09:39:27+05:30,3132.8,10,3142.74,463344,107475.0,186653.0,3163.0,3163.0,3130.0,3134.3,31704600,3447.7,2820.9,3839.9,2896.0,3132.8,10,1,3132.7,98,2,3132.3,56,2,3132.0,274,2,3131.8,39,2,3132.9,313,5,3133.0,449,6,3133.2,59,2,3133.3,257,3,3133.4,478,5
2031,2026-06-16 09:39:27+05:30,3132.8,10,3142.74,463344,107475.0,186653.0,3163.0,3163.0,3130.0,3134.3,31704600,3447.7,2820.9,3839.9,2896.0,3132.8,10,1,3132.7,98,2,3132.3,56,2,3132.0,274,2,3131.8,39,2,3132.9,313,5,3133.0,449,6,3133.2,59,2,3133.3,257,3,3133.4,478,5
2031,2026-06-16 09:39:28+05:30,3132.8,40,3142.74,463394,107671.0,185530.0,3163.0,3163.0,3130.0,3134.3,31704600,3447.7,2820.9,3839.9,2896.0,3132.7,123,3,3132.3,56,2,3132.2,19,1,3132.0,316,4,3131.8,111,3,3132.8,19,1,3132.9,140,6,3133.0,474,7,3133.2,40,1,3133.3,240,2
2031,2026-06-16 09:39:28+05:30,3132.8,40,3142.74,463394,107671.0,185530.0,3163.0,3163.0,3130.0,3134.3,31704600,3447.7,2820.9,3839.9,2896.0,3132.7,123,3,3132.3,56,2,3132.2,19,1,3132.0,316,4,3131.8,111,3,3132.8,19,1,3132.9,140,6,3133.0,474,7,3133.2,40,1,3133.3,240,2
2031,2026-06-16 09:39:28+05:30,3132.8,40,3142.74,463394,107671.0,185530.0,3163.0,3163.0,3130.0,3134.3,31687400,3447.7,2820.9,3839.9,2896.0,3132.7,123,3,3132.3,56,2,3132.2,19,1,3132.0,316,4,3131.8,111,3,3132.8,19,1,3132.9,140,6,3133.0,474,7,3133.2,40,1,3133.3,240,2
2031,2026-06-16 09:39:29+05:30,3132.8,1,3142.74,463396,107380.0,185546.0,3163.0,3163.0,3130.0,3134.3,31687400,3447.7,2820.9,3839.9,2896.0,3132.7,123,3,3132.3,56,2,3132.0,274,2,3131.8,111,3,3131.7,51,3,3132.8,18,2,3132.9,139,5,3133.0,474,7,3133.2,96,3,3133.3,200,1
2031,2026-06-16 09:39:29+05:30,3132.7,50,3142.74,463396,107380.0,185546.0,3163.0,3163.0,3130.0,3134.3,31687400,3447.7,2820.9,3839.9,2896.0,3132.7,123,3,3132.3,56,2,3132.0,274,2,3131.8,111,3,3131.7,51,3,3132.8,18,2,3132.9,139,5,3133.0,474,7,3133.2,96,3,3133.3,200,1
2031,2026-06-16 09:39:30+05:30,3132.8,2,3142.74,463455,107388.0,184678.0,3163.0,3163.0,3130.0,3134.3,31687400,3447.7,2820.9,3839.9,2896.0,3132.7,90,5,3132.3,56,2,3132.0,274,2,3131.8,111,3,3131.7,65,4,3132.8,34,4,3132.9,113,4,3133.0,474,7,3133.2,40,1,3133.3,239,2
2031,2026-06-16 09:39:30+05:30,3132.8,2,3142.74,463455,107388.0,184678.0,3163.0,3163.0,3130.0,3134.3,31687400,3447.7,2820.9,3839.9,2896.0,3132.7,90,5,3132.3,56,2,3132.0,274,2,3131.8,111,3,3131.7,65,4,3132.8,34,4,3132.9,113,4,3133.0,474,7,3133.2,40,1,3133.3,239,2
2031,2026-06-16 09:39:31+05:30,3133.0,41,3142.73,463705,107563.0,186659.0,3163.0,3163.0,3130.0,3134.3,31687400,3447.7,2820.9,3839.9,2896.0,3132.7,90,5,3132.3,56,2,3132.0,274,2,3131.9,19,1,3131.8,111,3,3133.0,432,6,3133.2,40,1,3133.3,200,1,3133.5,29,2,3133.6,274,3
2031,2026-06-16 09:39:31+05:30,3133.0,41,3142.73,463705,107563.0,186659.0,3163.0,3163.0,3130.0,3134.3,31687400,3447.7,2820.9,3839.9,2896.0,3132.7,90,5,3132.3,56,2,3132.0,274,2,3131.9,19,1,3131.8,111,3,3133.0,432,6,3133.2,40,1,3133.3,200,1,3133.5,29,2,3133.6,274,3
2031,2026-06-16 09:39:32+05:30,3133.0,7,3142.73,463956,106695.0,186216.0,3163.0,3163.0,3130.0,3134.3,31687400,3447.7,2820.9,3839.9,2896.0,3132.7,39,4,3132.3,56,2,3132.0,219,1,3131.8,11,1,3131.7,65,4,3133.0,435,7,3133.1,39,1,3133.2,57,2,3133.3,31,1,3133.4,282,4
2031,2026-06-16 09:39:32+05:30,3132.7,1,3142.73,463956,106695.0,186216.0,3163.0,3163.0,3130.0,3134.3,31687400,3447.7,2820.9,3839.9,2896.0,3132.7,39,4,3132.3,56,2,3132.0,219,1,3131.8,11,1,3131.7,65,4,3133.0,435,7,3133.1,39,1,3133.2,57,2,3133.3,31,1,3133.4,282,4
2031,2026-06-16 09:39:33+05:30,3132.7,1,3142.73,463996,107120.0,186315.0,3163.0,3163.0,3130.0,3134.3,31687400,3447.7,2820.9,3839.9,2896.0,3132.7,59,4,3132.3,56,2,3132.0,310,3,3131.8,53,3,3131.7,137,5,3133.0,425,6,3133.1,19,1,3133.2,40,1,3133.3,31,1,3133.4,223,2
2031,2026-06-16 09:39:33+05:30,3132.7,24,3142.73,463996,107120.0,186315.0,3163.0,3163.0,3130.0,3134.3,31687400,3447.7,2820.9,3839.9,2896.0,3132.7,59,4,3132.3,56,2,3132.0,310,3,3131.8,53,3,3131.7,137,5,3133.0,425,6,3133.1,19,1,3133.2,40,1,3133.3,31,1,3133.4,223,2
2031,2026-06-16 09:39:34+05:30,3133.0,1,3142.73,464088,107108.0,186115.0,3163.0,3163.0,3130.0,3134.3,31687400,3447.7,2820.9,3839.9,2896.0,3132.7,46,4,3132.3,56,2,3132.0,291,2,3131.8,34,2,3131.7,137,5,3133.0,423,6,3133.1,19,1,3133.2,40,1,3133.3,270,3,3133.4,23,1
2031,2026-06-16 09:39:34+05:30,3133.0,1,3142.73,464088,107108.0,186115.0,3163.0,3163.0,3130.0,3134.3,31687400,3447.7,2820.9,3839.9,2896.0,3132.7,46,4,3132.3,56,2,3132.0,291,2,3131.8,34,2,3131.7,137,5,3133.0,423,6,3133.1,19,1,3133.2,40,1,3133.3,270,3,3133.4,23,1
2031,2026-06-16 09:39:35+05:30,3133.0,1,3142.73,464090,107112.0,186282.0,3163.0,3163.0,3130.0,3134.3,31687400,3447.7,2820.9,3839.9,2896.0,3132.7,46,4,3132.3,56,2,3132.0,291,2,3131.8,34,2,3131.7,137,5,3133.0,512,7,3133.1,88,2,3133.2,40,1,3133.3,270,3,3133.4,23,1
2031,2026-06-16 09:39:35+05:30,3133.0,1,3142.73,464090,107112.0,186282.0,3163.0,3163.0,3130.0,3134.3,31687400,3447.7,2820.9,3839.9,2896.0,3132.7,46,4,3132.3,56,2,3132.0,291,2,3131.8,34,2,3131.7,137,5,3133.0,512,7,3133.1,88,2,3133.2,40,1,3133.3,270,3,3133.4,23,1
2031,2026-06-16 09:39:36+05:30,3132.9,15,3142.72,464552,106885.0,187624.0,3163.0,3163.0,3130.0,3134.3,31687400,3447.7,2820.9,3839.9,2896.0,3132.7,5,1,3132.3,56,2,3132.0,219,1,3131.7,29,2,3131.5,14,1,3133.0,589,10,3133.1,101,3,3133.2,332,6,3133.3,51,2,3133.4,116,4
2031,2026-06-16 09:39:36+05:30,3132.7,19,3142.72,464552,106885.0,187624.0,3163.0,3163.0,3130.0,3134.3,31687400,3447.7,2820.9,3839.9,2896.0,3132.7,5,1,3132.3,56,2,3132.0,219,1,3131.7,29,2,3131.5,14,1,3133.0,589,10,3133.1,101,3,3133.2,332,6,3133.3,51,2,3133.4,116,4
2031,2026-06-16 09:39:37+05:30,3132.9,1,3142.71,464572,106867.0,188969.0,3163.0,3163.0,3130.0,3134.3,31687400,3447.7,2820.9,3839.9,2896.0,3132.7,21,2,3132.3,58,3,3132.0,219,1,3131.7,29,2,3131.5,14,1,3132.8,238,3,3132.9,60,2,3133.0,598,10,3133.1,101,3,3133.2,522,7
2031,2026-06-16 09:39:37+05:30,3132.7,19,3142.71,464572,106867.0,188969.0,3163.0,3163.0,3130.0,3134.3,31687400,3447.7,2820.9,3839.9,2896.0,3132.7,21,2,3132.3,58,3,3132.0,219,1,3131.7,29,2,3131.5,14,1,3132.8,238,3,3132.9,60,2,3133.0,598,10,3133.1,101,3,3133.2,522,7
2031,2026-06-16 09:39:38+05:30,3132.7,19,3142.71,464612,106899.0,189064.0,3163.0,3163.0,3130.0,3134.3,31687400,3447.7,2820.9,3839.9,2896.0,3132.7,11,2,3132.3,58,3,3132.0,219,1,3131.7,29,2,3131.5,14,1,3132.8,271,5,3132.9,60,2,3133.0,617,11,3133.1,119,4,3133.2,482,6
2031,2026-06-16 09:39:38+05:30,3132.7,56,3142.71,464612,106899.0,189064.0,3163.0,3163.0,3130.0,3134.3,31687400,3447.7,2820.9,3839.9,2896.0,3132.7,11,2,3132.3,58,3,3132.0,219,1,3131.7,29,2,3131.5,14,1,3132.8,271,5,3132.9,60,2,3133.0,617,11,3133.1,119,4,3133.2,482,6
2031,2026-06-16 09:39:39+05:30,3132.6,35,3142.71,464612,106899.0,189064.0,3163.0,3163.0,3130.0,3134.3,31687400,3447.7,2820.9,3839.9,2896.0,3132.7,11,2,3132.3,58,3,3132.0,219,1,3131.7,29,2,3131.5,14,1,3132.8,271,5,3132.9,60,2,3133.0,617,11,3133.1,119,4,3133.2,482,6
2031,2026-06-16 09:39:39+05:30,3132.6,35,3142.71,464708,106839.0,188207.0,3163.0,3163.0,3130.0,3134.3,31687400,3447.7,2820.9,3839.9,2896.0,3132.3,58,3,3132.0,219,1,3131.7,29,2,3131.5,14,1,3131.3,53,1,3132.6,165,1,3132.7,42,3,3132.8,59,3,3132.9,60,2,3133.0,989,12
2031,2026-06-16 09:39:40+05:30,3132.5,1,3142.71,464708,106839.0,188207.0,3163.0,3163.0,3130.0,3134.3,31687400,3447.7,2820.9,3839.9,2896.0,3132.3,58,3,3132.0,219,1,3131.7,29,2,3131.5,14,1,3131.3,53,1,3132.6,165,1,3132.7,42,3,3132.8,59,3,3132.9,60,2,3133.0,989,12
2031,2026-06-16 09:39:40+05:30,3132.5,1,3142.71,464709,107203.0,188319.0,3163.0,3163.0,3130.0,3134.3,31687400,3447.7,2820.9,3839.9,2896.0,3132.3,62,5,3132.2,42,2,3132.0,281,5,3131.9,12,1,3131.8,56,3,3132.5,18,1,3132.6,193,2,3132.7,20,2,3132.8,56,2,3133.0,672,7
2031,2026-06-16 09:39:41+05:30,3132.8,10,3142.71,464709,107203.0,188319.0,3163.0,3163.0,3130.0,3134.3,31687400,3447.7,2820.9,3839.9,2896.0,3132.3,62,5,3132.2,42,2,3132.0,281,5,3131.9,12,1,3131.8,56,3,3132.5,18,1,3132.6,193,2,3132.7,20,2,3132.8,56,2,3133.0,672,7
2031,2026-06-16 09:39:41+05:30,3132.8,10,3142.71,464995,106959.0,188583.0,3163.0,3163.0,3130.0,3134.3,31687400,3447.7,2820.9,3839.9,2896.0,3132.3,17,5,3132.0,219,1,3131.9,54,1,3131.7,101,3,3131.6,41,2,3132.5,20,1,3132.8,18,1,3133.0,510,7,3133.1,19,1,3133.2,238,2
2031,2026-06-16 09:39:42+05:30,3132.5,1,3142.71,464995,106959.0,188583.0,3163.0,3163.0,3130.0,3134.3,31687400,3447.7,2820.9,3839.9,2896.0,3132.3,17,5,3132.0,219,1,3131.9,54,1,3131.7,101,3,3131.6,41,2,3132.5,20,1,3132.8,18,1,3133.0,510,7,3133.1,19,1,3133.2,238,2
2031,2026-06-16 09:39:42+05:30,3132.5,1,3142.71,464996,107100.0,188472.0,3163.0,3163.0,3130.0,3134.3,31687400,3447.7,2820.9,3839.9,2896.0,3132.3,44,6,3132.0,219,1,3131.9,115,2,3131.8,14,1,3131.7,117,4,3132.5,25,2,3132.8,18,1,3133.0,530,7,3133.3,200,1,3133.5,55,4
2031,2026-06-16 09:39:43+05:30,3132.3,1,3142.71,464996,107100.0,188472.0,3163.0,3163.0,3130.0,3134.3,31687400,3447.7,2820.9,3839.9,2896.0,3132.3,44,6,3132.0,219,1,3131.9,115,2,3131.8,14,1,3131.7,117,4,3132.5,25,2,3132.8,18,1,3133.0,530,7,3133.3,200,1,3133.5,55,4
2031,2026-06-16 09:39:43+05:30,3132.3,1,3142.71,464997,107385.0,186673.0,3163.0,3163.0,3130.0,3134.3,31687400,3447.7,2820.9,3839.9,2896.0,3132.3,43,6,3132.2,42,2,3132.0,261,3,3131.9,64,1,3131.8,84,3,3132.5,25,2,3132.8,18,1,3133.0,530,7,3133.3,237,2,3133.5,55,4
2031,2026-06-16 09:39:44+05:30,3133.0,25,3142.71,464997,107385.0,186673.0,3163.0,3163.0,3130.0,3134.3,31687400,3447.7,2820.9,3839.9,2896.0,3132.3,43,6,3132.2,42,2,3132.0,261,3,3131.9,64,1,3131.8,84,3,3132.5,25,2,3132.8,18,1,3133.0,530,7,3133.3,237,2,3133.5,55,4
2031,2026-06-16 09:39:45+05:30,3133.0,25,3142.69,465537,107288.0,185754.0,3163.0,3163.0,3130.0,3134.3,31687400,3447.7,2820.9,3839.9,2896.0,3132.3,43,6,3132.2,23,1,3132.0,289,3,3131.9,82,2,3131.8,37,2,3132.5,1,1,3132.8,1,1,3133.0,83,2,3133.3,37,1,3133.4,273,2
2031,2026-06-16 09:39:45+05:30,3132.5,1,3142.69,465537,107288.0,185754.0,3163.0,3163.0,3130.0,3134.3,31687400,3447.7,2820.9,3839.9,2896.0,3132.3,43,6,3132.2,23,1,3132.0,289,3,3131.9,82,2,3131.8,37,2,3132.5,1,1,3132.8,1,1,3133.0,83,2,3133.3,37,1,3133.4,273,2
2031,2026-06-16 09:39:46+05:30,3132.3,23,3142.69,465738,106349.0,188048.0,3163.0,3163.0,3130.0,3134.3,31687400,3447.7,2820.9,3839.9,2896.0,3132.3,11,4,3132.0,242,2,3131.8,23,1,3131.7,120,4,3131.6,23,1,3132.5,79,3,3132.6,6,1,3132.8,1,1,3133.0,83,2,3133.2,65,1
2031,2026-06-16 09:39:46+05:30,3132.3,23,3142.69,465738,106349.0,188048.0,3163.0,3163.0,3130.0,3134.3,31687400,3447.7,2820.9,3839.9,2896.0,3132.3,11,4,3132.0,242,2,3131.8,23,1,3131.7,120,4,3131.6,23,1,3132.5,79,3,3132.6,6,1,3132.8,1,1,3133.0,83,2,3133.2,65,1
2031,2026-06-16 09:39:47+05:30,3132.3,23,3142.69,465738,106783.0,188217.0,3163.0,3163.0,3130.0,3134.3,31687400,3447.7,2820.9,3839.9,2896.0,3132.3,11,4,3132.0,429,3,3131.8,23,1,3131.7,120,4,3131.6,23,1,3132.5,104,4,3132.6,6,1,3132.8,1,1,3133.0,83,2,3133.2,65,1
2031,2026-06-16 09:39:47+05:30,3132.3,2,3142.69,465738,106783.0,188217.0,3163.0,3163.0,3130.0,3134.3,31687400,3447.7,2820.9,3839.9,2896.0,3132.3,11,4,3132.0,429,3,3131.8,23,1,3131.7,120,4,3131.6,23,1,3132.5,104,4,3132.6,6,1,3132.8,1,1,3133.0,83,2,3133.2,65,1
2031,2026-06-16 09:39:48+05:30,3132.3,2,3142.69,465783,106679.0,188182.0,3163.0,3163.0,3130.0,3134.3,31687400,3447.7,2820.9,3839.9,2896.0,3132.3,30,3,3132.0,429,3,3131.7,29,2,3131.5,71,4,3131.4,149,4,3132.5,104,4,3132.6,6,1,3132.8,6,2,3133.0,83,2,3133.3,257,3
2031,2026-06-16 09:39:48+05:30,3133.3,30,3142.69,465783,106679.0,188182.0,3163.0,3163.0,3130.0,3134.3,31687400,3447.7,2820.9,3839.9,2896.0,3132.3,30,3,3132.0,429,3,3131.7,29,2,3131.5,71,4,3131.4,149,4,3132.5,104,4,3132.6,6,1,3132.8,6,2,3133.0,83,2,3133.3,257,3
2031,2026-06-16 09:39:49+05:30,3133.3,4,3142.67,466580,108988.0,186664.0,3163.0,3163.0,3130.0,3134.3,31687400,3447.7,2820.9,3839.9,2896.0,3133.0,539,1,3132.6,71,5,3132.5,16,1,3132.4,53,3,3132.3,144,7,3133.3,98,1,3133.5,55,1,3133.7,226,3,3133.8,200,1,3134.0,370,3
2031,2026-06-16 09:39:49+05:30,3133.3,4,3142.67,466580,108988.0,186664.0,3163.0,3163.0,3130.0,3134.3,31687400,3447.7,2820.9,3839.9,2896.0,3133.0,539,1,3132.6,71,5,3132.5,16,1,3132.4,53,3,3132.3,144,7,3133.3,98,1,3133.5,55,1,3133.7,226,3,3133.8,200,1,3134.0,370,3
2031,2026-06-16 09:39:50+05:30,3133.0,1,3142.67,466581,109005.0,184861.0,3163.0,3163.0,3130.0,3134.3,31687400,3447.7,2820.9,3839.9,2896.0,3133.0,654,3,3132.9,19,1,3132.8,23,1,3132.6,71,5,3132.5,128,3,3133.2,77,1,3133.3,126,3,3133.5,76,2,3133.7,258,4,3133.8,235,2
2031,2026-06-16 09:39:50+05:30,3133.2,1,3142.67,466581,109005.0,184861.0,3163.0,3163.0,3130.0,3134.3,31687400,3447.7,2820.9,3839.9,2896.0,3133.0,654,3,3132.9,19,1,3132.8,23,1,3132.6,71,5,3132.5,128,3,3133.2,77,1,3133.3,126,3,3133.5,76,2,3133.7,258,4,3133.8,235,2
2031,2026-06-16 09:39:51+05:30,3133.2,5,3142.67,466587,109280.0,186627.0,3163.0,3163.0,3130.0,3134.3,31687400,3447.7,2820.9,3839.9,2896.0,3133.0,711,6,3132.9,29,2,3132.8,35,3,3132.6,71,5,3132.5,128,3,3133.2,97,2,3133.3,126,3,3133.5,76,2,3133.7,258,4,3133.8,200,1
2031,2026-06-16 09:39:51+05:30,3133.0,50,3142.67,466587,109280.0,186627.0,3163.0,3163.0,3130.0,3134.3,31687400,3447.7,2820.9,3839.9,2896.0,3133.0,711,6,3132.9,29,2,3132.8,35,3,3132.6,71,5,3132.5,128,3,3133.2,97,2,3133.3,126,3,3133.5,76,2,3133.7,258,4,3133.8,200,1
2031,2026-06-16 09:39:52+05:30,3133.2,40,3142.67,466678,109296.0,186787.0,3163.0,3163.0,3130.0,3134.3,31687400,3447.7,2820.9,3839.9,2896.0,3133.0,723,9,3132.9,6,1,3132.8,58,4,3132.6,70,4,3132.5,128,3,3133.2,56,2,3133.3,126,3,3133.5,76,2,3133.7,258,4,3133.8,200,1
2031,2026-06-16 09:39:52+05:30,3133.2,40,3142.67,466678,109296.0,186787.0,3163.0,3163.0,3130.0,3134.3,31687400,3447.7,2820.9,3839.9,2896.0,3133.0,723,9,3132.9,6,1,3132.8,58,4,3132.6,70,4,3132.5,128,3,3133.2,56,2,3133.3,126,3,3133.5,76,2,3133.7,258,4,3133.8,200,1
2031,2026-06-16 09:39:53+05:30,3133.0,5,3142.67,466683,109317.0,186998.0,3163.0,3163.0,3130.0,3134.3,31687400,3447.7,2820.9,3839.9,2896.0,3133.0,718,9,3132.9,6,1,3132.8,58,4,3132.6,70,4,3132.5,154,4,3133.2,85,3,3133.3,126,3,3133.5,76,2,3133.7,232,2,3133.8,200,1
2031,2026-06-16 09:39:53+05:30,3133.0,32,3142.67,466683,109317.0,186998.0,3163.0,3163.0,3130.0,3134.3,31687400,3447.7,2820.9,3839.9,2896.0,3133.0,718,9,3132.9,6,1,3132.8,58,4,3132.6,70,4,3132.5,154,4,3133.2,85,3,3133.3,126,3,3133.5,76,2,3133.7,232,2,3133.8,200,1
2031,2026-06-16 09:39:54+05:30,3133.2,15,3142.67,466832,109280.0,187067.0,3163.0,3163.0,3130.0,3134.3,31687400,3447.7,2820.9,3839.9,2896.0,3133.0,650,7,3132.9,6,1,3132.8,58,4,3132.6,70,4,3132.5,128,3,3133.2,62,2,3133.3,126,3,3133.5,76,2,3133.7,232,2,3133.8,200,1
2031,2026-06-16 09:39:54+05:30,3133.2,26,3142.67,466832,109280.0,187067.0,3163.0,3163.0,3130.0,3134.3,31687400,3447.7,2820.9,3839.9,2896.0,3133.0,650,7,3132.9,6,1,3132.8,58,4,3132.6,70,4,3132.5,128,3,3133.2,62,2,3133.3,126,3,3133.5,76,2,3133.7,232,2,3133.8,200,1
2031,2026-06-16 09:39:55+05:30,3133.3,1,3142.67,466922,109315.0,186940.0,3163.0,3163.0,3130.0,3134.3,31687400,3447.7,2820.9,3839.9,2896.0,3133.0,646,6,3132.8,50,3,3132.7,48,2,3132.6,70,4,3132.5,128,3,3133.3,124,3,3133.5,76,2,3133.7,232,2,3133.8,200,1,3134.0,370,3
2031,2026-06-16 09:39:55+05:30,3133.7,63,3142.67,466922,109315.0,186940.0,3163.0,3163.0,3130.0,3134.3,31687400,3447.7,2820.9,3839.9,2896.0,3133.0,646,6,3132.8,50,3,3132.7,48,2,3132.6,70,4,3132.5,128,3,3133.3,124,3,3133.5,76,2,3133.7,232,2,3133.8,200,1,3134.0,370,3
2031,2026-06-16 09:39:56+05:30,3133.0,5,3142.66,467219,109756.0,185933.0,3163.0,3163.0,3130.0,3134.3,31687400,3447.7,2820.9,3839.9,2896.0,3133.0,639,7,3132.9,19,1,3132.8,105,4,3132.7,71,2,3132.6,70,4,3133.7,31,1,3133.8,36,1,3134.0,370,3,3134.3,21,1,3134.4,137,1
2031,2026-06-16 09:39:56+05:30,3133.0,200,3142.66,467219,109756.0,185933.0,3163.0,3163.0,3130.0,3134.3,31687400,3447.7,2820.9,3839.9,2896.0,3133.0,639,7,3132.9,19,1,3132.8,105,4,3132.7,71,2,3132.6,70,4,3133.7,31,1,3133.8,36,1,3134.0,370,3,3134.3,21,1,3134.4,137,1
2031,2026-06-16 09:39:57+05:30,3133.0,9,3142.64,468019,108916.0,186494.0,3163.0,3163.0,3130.0,3134.3,31687400,3447.7,2820.9,3839.9,2896.0,3133.0,67,3,3132.6,3,1,3132.5,55,2,3132.4,16,1,3132.3,5,2,3133.7,88,4,3133.8,36,1,3133.9,267,3,3134.0,317,4,3134.1,5,1
2031,2026-06-16 09:39:57+05:30,3133.6,3,3142.64,468019,108916.0,186494.0,3163.0,3163.0,3130.0,3134.3,31687400,3447.7,2820.9,3839.9,2896.0,3133.0,67,3,3132.6,3,1,3132.5,55,2,3132.4,16,1,3132.3,5,2,3133.7,88,4,3133.8,36,1,3133.9,267,3,3134.0,317,4,3134.1,5,1
2031,2026-06-16 09:39:58+05:30,3133.0,27,3142.64,468275,108828.0,186669.0,3163.0,3163.0,3130.0,3134.3,31687400,3447.7,2820.9,3839.9,2896.0,3133.0,65,3,3132.6,3,1,3132.5,55,2,3132.4,16,1,3132.3,77,3,3133.5,30,2,3133.6,216,3,3133.7,65,3,3133.8,74,2,3133.9,60,2
2031,2026-06-16 09:39:58+05:30,3133.0,31,3142.64,468275,108828.0,186669.0,3163.0,3163.0,3130.0,3134.3,31687400,3447.7,2820.9,3839.9,2896.0,3133.0,65,3,3132.6,3,1,3132.5,55,2,3132.4,16,1,3132.3,77,3,3133.5,30,2,3133.6,216,3,3133.7,65,3,3133.8,74,2,3133.9,60,2
2031,2026-06-16 09:39:59+05:30,3133.0,31,3142.64,468306,108771.0,186527.0,3163.0,3163.0,3130.0,3134.3,31687400,3447.7,2820.9,3839.9,2896.0,3133.0,34,3,3132.6,3,1,3132.5,55,2,3132.4,16,1,3132.3,77,3,3133.5,80,5,3133.6,241,4,3133.7,65,3,3133.8,59,2,3133.9,229,2
2031,2026-06-16 09:39:59+05:30,3133.3,1,3142.64,468306,108771.0,186527.0,3163.0,3163.0,3130.0,3134.3,31687400,3447.7,2820.9,3839.9,2896.0,3133.0,34,3,3132.6,3,1,3132.5,55,2,3132.4,16,1,3132.3,77,3,3133.5,80,5,3133.6,241,4,3133.7,65,3,3133.8,59,2,3133.9,229,2
2031,2026-06-16 09:40:00+05:30,3133.3,2,3142.64,468380,108544.0,187199.0,3163.0,3163.0,3130.0,3134.3,31687400,3447.7,2820.9,3839.9,2896.0,3133.0,42,4,3132.8,40,1,3132.6,3,1,3132.5,55,2,3132.4,16,1,3133.3,31,3,3133.4,58,3,3133.5,251,4,3133.6,118,6,3133.7,54,2
2031,2026-06-16 09:40:00+05:30,3132.8,40,3142.64,468380,108544.0,187199.0,3163.0,3163.0,3130.0,3134.3,31687400,3447.7,2820.9,3839.9,2896.0,3133.0,42,4,3132.8,40,1,3132.6,3,1,3132.5,55,2,3132.4,16,1,3133.3,31,3,3133.4,58,3,3133.5,251,4,3133.6,118,6,3133.7,54,2
2031,2026-06-16 09:40:01+05:30,3132.7,24,3142.62,469174,107473.0,187517.0,3163.0,3163.0,3130.0,3134.3,31687400,3447.7,2820.9,3839.9,2896.0,3132.6,3,1,3132.5,55,2,3132.4,16,1,3132.3,1,1,3132.2,14,1,3132.7,44,1,3133.2,45,2,3133.3,269,6,3133.4,64,2,3133.5,72,5
2031,2026-06-16 09:40:01+05:30,3132.0,98,3142.62,469174,107473.0,187517.0,3163.0,3163.0,3130.0,3134.3,31687400,3447.7,2820.9,3839.9,2896.0,3132.6,3,1,3132.5,55,2,3132.4,16,1,3132.3,1,1,3132.2,14,1,3132.7,44,1,3133.2,45,2,3133.3,269,6,3133.4,64,2,3133.5,72,5
2031,2026-06-16 09:40:02+05:30,3132.5,8,3142.61,469480,106074.0,188684.0,3163.0,3163.0,3130.0,3134.3,31687400,3447.7,2820.9,3839.9,2896.0,3132.0,351,6,3131.7,14,1,3131.4,85,2,3131.2,23,1,3131.1,119,3,3132.5,9,2,3132.6,289,3,3132.7,82,3,3132.8,83,3,3132.9,29,1
2031,2026-06-16 09:40:02+05:30,3132.0,52,3142.61,469480,106074.0,188684.0,3163.0,3163.0,3130.0,3134.3,31687400,3447.7,2820.9,3839.9,2896.0,3132.0,351,6,3131.7,14,1,3131.4,85,2,3131.2,23,1,3131.1,119,3,3132.5,9,2,3132.6,289,3,3132.7,82,3,3132.8,83,3,3132.9,29,1
2031,2026-06-16 09:40:03+05:30,3132.5,21,3142.61,469562,107365.0,187546.0,3163.0,3163.0,3130.0,3134.3,31687400,3447.7,2820.9,3839.9,2896.0,3132.0,494,11,3131.8,71,3,3131.7,70,3,3131.6,60,3,3131.5,62,2,3132.5,18,3,3132.6,51,1,3132.7,81,2,3132.8,26,1,3133.3,270,4
2031,2026-06-16 09:40:03+05:30,3132.5,21,3142.61,469562,107365.0,187546.0,3163.0,3163.0,3130.0,3134.3,31687400,3447.7,2820.9,3839.9,2896.0,3132.0,494,11,3131.8,71,3,3131.7,70,3,3131.6,60,3,3131.5,62,2,3132.5,18,3,3132.6,51,1,3132.7,81,2,3132.8,26,1,3133.3,270,4
2031,2026-06-16 09:40:04+05:30,3132.0,1,3142.61,469563,107126.0,188101.0,3163.0,3163.0,3130.0,3134.3,31687400,3447.7,2820.9,3839.9,2896.0,3132.0,519,13,3131.9,12,1,3131.8,71,3,3131.7,70,3,3131.6,60,3,3132.5,51,5,3132.6,51,1,3132.7,81,2,3132.8,26,1,3133.3,252,3
2031,2026-06-16 09:40:04+05:30,3132.0,1,3142.61,469563,107126.0,188101.0,3163.0,3163.0,3130.0,3134.3,31687400,3447.7,2820.9,3839.9,2896.0,3132.0,519,13,3131.9,12,1,3131.8,71,3,3131.7,70,3,3131.6,60,3,3132.5,51,5,3132.6,51,1,3132.7,81,2,3132.8,26,1,3133.3,252,3
2031,2026-06-16 09:40:05+05:30,3132.0,1,3142.61,469563,107065.0,188136.0,3163.0,3163.0,3130.0,3134.3,31687400,3447.7,2820.9,3839.9,2896.0,3132.0,560,14,3131.9,12,1,3131.8,85,4,3131.7,70,3,3131.6,60,3,3132.5,84,7,3132.6,51,1,3132.7,81,2,3132.8,26,1,3133.3,52,2
2031,2026-06-16 09:40:06+05:30,3132.5,2,3142.61,469566,107163.0,188930.0,3163.0,3163.0,3130.0,3134.3,31687400,3447.7,2820.9,3839.9,2896.0,3132.0,436,10,3131.9,23,1,3131.7,16,1,3131.6,41,2,3131.5,60,4,3132.5,81,7,3132.6,51,1,3132.7,281,3,3132.8,26,1,3133.0,200,1
2031,2026-06-16 09:40:06+05:30,3132.5,2,3142.61,469566,107163.0,188930.0,3163.0,3163.0,3130.0,3134.3,31687400,3447.7,2820.9,3839.9,2896.0,3132.0,436,10,3131.9,23,1,3131.7,16,1,3131.6,41,2,3131.5,60,4,3132.5,81,7,3132.6,51,1,3132.7,281,3,3132.8,26,1,3133.0,200,1
2031,2026-06-16 09:40:07+05:30,3132.5,2,3142.61,469566,107313.0,188947.0,3163.0,3163.0,3130.0,3134.3,31687400,3447.7,2820.9,3839.9,2896.0,3132.1,23,1,3132.0,436,10,3131.5,40,3,3131.4,117,3,3131.3,48,2,3132.5,153,9,3132.6,51,1,3132.7,281,3,3132.8,26,1,3133.0,210,2
2031,2026-06-16 09:40:08+05:30,3132.5,1,3142.61,469566,107313.0,188947.0,3163.0,3163.0,3130.0,3134.3,31687400,3447.7,2820.9,3839.9,2896.0,3132.1,23,1,3132.0,436,10,3131.5,40,3,3131.4,117,3,3131.3,48,2,3132.5,153,9,3132.6,51,1,3132.7,281,3,3132.8,26,1,3133.0,210,2
2031,2026-06-16 09:40:08+05:30,3132.5,1,3142.61,469567,108087.0,189154.0,3163.0,3163.0,3130.0,3134.3,31687400,3447.7,2820.9,3839.9,2896.0,3132.1,61,2,3132.0,436,10,3131.9,23,1,3131.6,23,1,3131.5,40,3,3132.3,1,1,3132.5,183,11,3132.6,51,1,3132.7,281,3,3132.8,26,1
2031,2026-06-16 09:40:09+05:30,3132.5,1,3142.61,469567,108062.0,189410.0,3163.0,3163.0,3130.0,3134.3,31687400,3447.7,2820.9,3839.9,2896.0,3132.2,1,1,3132.1,61,2,3132.0,436,10,3131.9,23,1,3131.7,19,1,3132.3,79,2,3132.5,183,11,3132.6,51,1,3132.7,281,3,3133.0,260,3
2031,2026-06-16 09:40:10+05:30,3132.3,1,3142.61,469567,108062.0,189410.0,3163.0,3163.0,3130.0,3134.3,31687400,3447.7,2820.9,3839.9,2896.0,3132.2,1,1,3132.1,61,2,3132.0,436,10,3131.9,23,1,3131.7,19,1,3132.3,79,2,3132.5,183,11,3132.6,51,1,3132.7,281,3,3133.0,260,3
2031,2026-06-16 09:40:11+05:30,3132.1,10,3142.61,469699,108131.0,188903.0,3163.0,3163.0,3130.0,3134.3,31687400,3447.7,2820.9,3839.9,2896.0,3132.1,76,4,3132.0,435,10,3131.8,42,2,3131.6,73,2,3131.5,21,2,3132.3,30,2,3132.5,132,6,3132.6,51,1,3132.7,281,3,3133.0,260,3
2031,2026-06-16 09:40:11+05:30,3132.0,8,3142.61,469699,108131.0,188903.0,3163.0,3163.0,3130.0,3134.3,31687400,3447.7,2820.9,3839.9,2896.0,3132.1,76,4,3132.0,435,10,3131.8,42,2,3131.6,73,2,3131.5,21,2,3132.3,30,2,3132.5,132,6,3132.6,51,1,3132.7,281,3,3133.0,260,3
2031,2026-06-16 09:40:11+05:30,3132.0,8,3142.61,469699,108131.0,188903.0,3163.0,3163.0,3130.0,3134.3,31687400,3447.7,2820.9,3839.9,2896.0,3132.1,76,4,3132.0,435,10,3131.8,42,2,3131.6,73,2,3131.5,21,2,3132.3,30,2,3132.5,132,6,3132.6,51,1,3132.7,281,3,3133.0,260,3
2031,2026-06-16 09:40:12+05:30,3132.3,1,3142.58,470900,107431.0,189033.0,3163.0,3163.0,3130.0,3134.3,31687400,3447.7,2820.9,3839.9,2896.0,3132.0,283,3,3131.9,16,1,3131.8,23,1,3131.7,19,1,3131.6,23,1,3132.3,100,3,3132.5,126,6,3132.6,51,1,3132.7,281,3,3133.0,260,3
2031,2026-06-16 09:40:12+05:30,3132.0,107,3142.58,470900,107431.0,189033.0,3163.0,3163.0,3130.0,3134.3,31687400,3447.7,2820.9,3839.9,2896.0,3132.0,283,3,3131.9,16,1,3131.8,23,1,3131.7,19,1,3131.6,23,1,3132.3,100,3,3132.5,126,6,3132.6,51,1,3132.7,281,3,3133.0,260,3
2031,2026-06-16 09:40:13+05:30,3132.3,1,3142.58,471041,107227.0,188873.0,3163.0,3163.0,3130.0,3134.3,31687400,3447.7,2820.9,3839.9,2896.0,3132.0,184,3,3131.9,16,1,3131.6,23,1,3131.5,1,1,3131.4,136,4,3132.3,129,4,3132.5,126,6,3132.6,51,1,3132.7,281,3,3133.0,260,3
2031,2026-06-16 09:40:13+05:30,3132.3,1,3142.58,471041,107227.0,188873.0,3163.0,3163.0,3130.0,3134.3,31687400,3447.7,2820.9,3839.9,2896.0,3132.0,184,3,3131.9,16,1,3131.6,23,1,3131.5,1,1,3131.4,136,4,3132.3,129,4,3132.5,126,6,3132.6,51,1,3132.7,281,3,3133.0,260,3
2031,2026-06-16 09:40:13+05:30,3132.0,4,3142.58,471041,107227.0,188873.0,3163.0,3163.0,3130.0,3134.3,31687400,3447.7,2820.9,3839.9,2896.0,3132.0,184,3,3131.9,16,1,3131.6,23,1,3131.5,1,1,3131.4,136,4,3132.3,129,4,3132.5,126,6,3132.6,51,1,3132.7,281,3,3133.0,260,3
2031,2026-06-16 09:40:14+05:30,3132.0,4,3142.57,471204,107284.0,189099.0,3163.0,3163.0,3130.0,3134.3,31687400,3447.7,2820.9,3839.9,2896.0,3132.0,302,4,3131.9,16,1,3131.5,1,1,3131.4,45,2,3131.3,96,2,3132.2,21,1,3132.3,244,5,3132.5,126,6,3132.6,51,1,3132.7,200,1
2031,2026-06-16 09:40:14+05:30,3132.2,1,3142.57,471204,107284.0,189099.0,3163.0,3163.0,3130.0,3134.3,31687400,3447.7,2820.9,3839.9,2896.0,3132.0,302,4,3131.9,16,1,3131.5,1,1,3131.4,45,2,3131.3,96,2,3132.2,21,1,3132.3,244,5,3132.5,126,6,3132.6,51,1,3132.7,200,1
2031,2026-06-16 09:40:15+05:30,3132.2,1,3142.57,471204,107284.0,189099.0,3163.0,3163.0,3130.0,3134.3,31687400,3447.7,2820.9,3839.9,2896.0,3132.0,302,4,3131.9,16,1,3131.5,1,1,3131.4,45,2,3131.3,96,2,3132.2,21,1,3132.3,244,5,3132.5,126,6,3132.6,51,1,3132.7,200,1
2031,2026-06-16 09:40:15+05:30,3132.0,12,3142.57,471253,107248.0,189033.0,3163.0,3163.0,3130.0,3134.3,31687400,3447.7,2820.9,3839.9,2896.0,3132.0,297,6,3131.9,16,1,3131.5,24,2,3131.3,72,1,3131.2,42,2,3132.2,26,2,3132.3,244,5,3132.5,120,5,3132.6,51,1,3132.7,200,1
2031,2026-06-16 09:40:15+05:30,3132.0,12,3142.57,471253,107248.0,189033.0,3163.0,3163.0,3130.0,3134.3,31687400,3447.7,2820.9,3839.9,2896.0,3132.0,297,6,3131.9,16,1,3131.5,24,2,3131.3,72,1,3131.2,42,2,3132.2,26,2,3132.3,244,5,3132.5,120,5,3132.6,51,1,3132.7,200,1
2031,2026-06-16 09:40:16+05:30,3132.0,12,3142.57,471253,107612.0,190576.0,3163.0,3163.0,3130.0,3134.3,31687400,3447.7,2820.9,3839.9,2896.0,3132.1,2,2,3132.0,497,7,3131.9,39,2,3131.5,1,1,3131.4,23,1,3132.2,81,5,3132.3,218,4,3132.5,122,6,3132.6,53,2,3132.7,238,2
2031,2026-06-16 09:40:16+05:30,3132.0,12,3142.57,471253,107612.0,190576.0,3163.0,3163.0,3130.0,3134.3,31687400,3447.7,2820.9,3839.9,2896.0,3132.1,2,2,3132.0,497,7,3131.9,39,2,3131.5,1,1,3131.4,23,1,3132.2,81,5,3132.3,218,4,3132.5,122,6,3132.6,53,2,3132.7,238,2
2031,2026-06-16 09:40:17+05:30,3132.0,100,3142.57,471358,107333.0,190791.0,3163.0,3163.0,3130.0,3134.3,31687400,3447.7,2820.9,3839.9,2896.0,3132.0,397,7,3131.9,39,2,3131.5,1,1,3131.3,72,1,3131.1,96,2,3132.2,116,9,3132.3,218,4,3132.4,251,3,3132.5,122,6,3132.6,126,5
2031,2026-06-16 09:40:17+05:30,3132.0,48,3142.57,471358,107333.0,190791.0,3163.0,3163.0,3130.0,3134.3,31687400,3447.7,2820.9,3839.9,2896.0,3132.0,397,7,3131.9,39,2,3131.5,1,1,3131.3,72,1,3131.1,96,2,3132.2,116,9,3132.3,218,4,3132.4,251,3,3132.5,122,6,3132.6,126,5
2031,2026-06-16 09:40:18+05:30,3132.0,48,3142.57,471358,107333.0,190791.0,3163.0,3163.0,3130.0,3134.3,31687400,3447.7,2820.9,3839.9,2896.0,3132.0,397,7,3131.9,39,2,3131.5,1,1,3131.3,72,1,3131.1,96,2,3132.2,116,9,3132.3,218,4,3132.4,251,3,3132.5,122,6,3132.6,126,5
2031,2026-06-16 09:40:18+05:30,3132.0,48,3142.57,471406,107354.0,190615.0,3163.0,3163.0,3130.0,3134.3,31687400,3447.7,2820.9,3839.9,2896.0,3132.0,388,8,3131.9,39,2,3131.5,1,1,3131.3,72,1,3131.1,96,2,3132.2,130,10,3132.3,218,4,3132.4,301,5,3132.5,122,6,3132.6,75,4
2031,2026-06-16 09:40:19+05:30,3132.0,48,3142.57,471406,107354.0,190615.0,3163.0,3163.0,3130.0,3134.3,31687400,3447.7,2820.9,3839.9,2896.0,3132.0,388,8,3131.9,39,2,3131.5,1,1,3131.3,72,1,3131.1,96,2,3132.2,130,10,3132.3,218,4,3132.4,301,5,3132.5,122,6,3132.6,75,4
2031,2026-06-16 09:40:19+05:30,3132.2,12,3142.57,471406,107354.0,190615.0,3163.0,3163.0,3130.0,3134.3,31687400,3447.7,2820.9,3839.9,2896.0,3132.0,388,8,3131.9,39,2,3131.5,1,1,3131.3,72,1,3131.1,96,2,3132.2,130,10,3132.3,218,4,3132.4,301,5,3132.5,122,6,3132.6,75,4
2031,2026-06-16 09:40:19+05:30,3132.2,12,3142.56,471606,107451.0,190278.0,3163.0,3163.0,3130.0,3134.3,31687400,3447.7,2820.9,3839.9,2896.0,3132.0,389,9,3131.9,39,2,3131.5,1,1,3131.3,72,1,3131.2,48,1,3132.2,6,1,3132.3,218,4,3132.4,31,1,3132.5,122,6,3132.6,2,1
2031,2026-06-16 09:40:20+05:30,3132.1,50,3142.56,471606,107451.0,190278.0,3163.0,3163.0,3130.0,3134.3,31687400,3447.7,2820.9,3839.9,2896.0,3132.0,389,9,3131.9,39,2,3131.5,1,1,3131.3,72,1,3131.2,48,1,3132.2,6,1,3132.3,218,4,3132.4,31,1,3132.5,122,6,3132.6,2,1
2031,2026-06-16 09:40:20+05:30,3132.1,50,3142.56,471656,107522.0,190508.0,3163.0,3163.0,3130.0,3134.3,31687400,3447.7,2820.9,3839.9,2896.0,3132.1,28,1,3132.0,408,10,3131.9,16,1,3131.5,1,1,3131.4,19,1,3132.2,6,1,3132.3,249,5,3132.4,31,1,3132.5,122,6,3132.6,2,1
2031,2026-06-16 09:40:21+05:30,3132.1,50,3142.56,471656,107522.0,190508.0,3163.0,3163.0,3130.0,3134.3,31687400,3447.7,2820.9,3839.9,2896.0,3132.1,28,1,3132.0,408,10,3131.9,16,1,3131.5,1,1,3131.4,19,1,3132.2,6,1,3132.3,249,5,3132.4,31,1,3132.5,122,6,3132.6,2,1
2031,2026-06-16 09:40:21+05:30,3132.2,1,3142.56,471656,107522.0,190508.0,3163.0,3163.0,3130.0,3134.3,31687400,3447.7,2820.9,3839.9,2896.0,3132.1,28,1,3132.0,408,10,3131.9,16,1,3131.5,1,1,3131.4,19,1,3132.2,6,1,3132.3,249,5,3132.4,31,1,3132.5,122,6,3132.6,2,1
2031,2026-06-16 09:40:21+05:30,3132.2,1,3142.56,471656,107522.0,190508.0,3163.0,3163.0,3130.0,3134.3,31687400,3447.7,2820.9,3839.9,2896.0,3132.1,28,1,3132.0,408,10,3131.9,16,1,3131.5,1,1,3131.4,19,1,3132.2,6,1,3132.3,249,5,3132.4,31,1,3132.5,122,6,3132.6,2,1
2031,2026-06-16 09:40:21+05:30,3132.2,1,3142.56,471657,107865.0,190679.0,3163.0,3163.0,3130.0,3134.3,31687400,3447.7,2820.9,3839.9,2896.0,3132.1,28,1,3132.0,433,11,3131.9,16,1,3131.5,1,1,3131.4,60,2,3132.2,5,1,3132.3,249,5,3132.4,31,1,3132.5,122,6,3132.6,2,1
2031,2026-06-16 09:40:22+05:30,3132.2,1,3142.56,471657,107865.0,190679.0,3163.0,3163.0,3130.0,3134.3,31687400,3447.7,2820.9,3839.9,2896.0,3132.1,28,1,3132.0,433,11,3131.9,16,1,3131.5,1,1,3131.4,60,2,3132.2,5,1,3132.3,249,5,3132.4,31,1,3132.5,122,6,3132.6,2,1
2031,2026-06-16 09:40:22+05:30,3132.2,1,3142.56,471657,107865.0,190679.0,3163.0,3163.0,3130.0,3134.3,31687400,3447.7,2820.9,3839.9,2896.0,3132.1,28,1,3132.0,433,11,3131.9,16,1,3131.5,1,1,3131.4,60,2,3132.2,5,1,3132.3,249,5,3132.4,31,1,3132.5,122,6,3132.6,2,1
2031,2026-06-16 09:40:22+05:30,3132.2,1,3142.56,471683,107799.0,190935.0,3163.0,3163.0,3130.0,3134.3,31687400,3447.7,2820.9,3839.9,2896.0,3132.1,3,1,3132.0,433,11,3131.9,16,1,3131.5,1,1,3131.4,19,1,3132.2,24,2,3132.3,249,5,3132.4,31,1,3132.5,122,6,3132.6,202,2
2031,2026-06-16 09:40:23+05:30,3132.2,1,3142.56,471683,107799.0,190935.0,3163.0,3163.0,3130.0,3134.3,31687400,3447.7,2820.9,3839.9,2896.0,3132.1,3,1,3132.0,433,11,3131.9,16,1,3131.5,1,1,3131.4,19,1,3132.2,24,2,3132.3,249,5,3132.4,31,1,3132.5,122,6,3132.6,202,2
2031,2026-06-16 09:40:23+05:30,3132.2,12,3142.56,471683,107799.0,190935.0,3163.0,3163.0,3130.0,3134.3,31687400,3447.7,2820.9,3839.9,2896.0,3132.1,3,1,3132.0,433,11,3131.9,16,1,3131.5,1,1,3131.4,19,1,3132.2,24,2,3132.3,249,5,3132.4,31,1,3132.5,122,6,3132.6,202,2
2031,2026-06-16 09:40:23+05:30,3132.2,12,3142.56,471734,107815.0,190868.0,3163.0,3163.0,3130.0,3134.3,31687400,3447.7,2820.9,3839.9,2896.0,3132.1,41,2,3132.0,443,12,3131.5,1,1,3131.3,72,1,3131.2,19,1,3132.3,249,5,3132.4,31,1,3132.5,122,6,3132.6,202,2,3132.7,20,1
2031,2026-06-16 09:40:24+05:30,3132.2,12,3142.56,471734,107815.0,190868.0,3163.0,3163.0,3130.0,3134.3,31687400,3447.7,2820.9,3839.9,2896.0,3132.1,41,2,3132.0,443,12,3131.5,1,1,3131.3,72,1,3131.2,19,1,3132.3,249,5,3132.4,31,1,3132.5,122,6,3132.6,202,2,3132.7,20,1
2031,2026-06-16 09:40:24+05:30,3132.3,1,3142.56,471734,107815.0,190868.0,3163.0,3163.0,3130.0,3134.3,31687400,3447.7,2820.9,3839.9,2896.0,3132.1,41,2,3132.0,443,12,3131.5,1,1,3131.3,72,1,3131.2,19,1,3132.3,249,5,3132.4,31,1,3132.5,122,6,3132.6,202,2,3132.7,20,1
2031,2026-06-16 09:40:24+05:30,3132.3,1,3142.56,471734,107815.0,190868.0,3163.0,3163.0,3130.0,3134.3,31687400,3447.7,2820.9,3839.9,2896.0,3132.1,41,2,3132.0,443,12,3131.5,1,1,3131.3,72,1,3131.2,19,1,3132.3,249,5,3132.4,31,1,3132.5,122,6,3132.6,202,2,3132.7,20,1
2031,2026-06-16 09:40:25+05:30,3132.3,1,3142.56,471735,107973.0,190960.0,3163.0,3163.0,3130.0,3134.3,31687400,3447.7,2820.9,3839.9,2896.0,3132.1,25,1,3132.0,443,12,3131.9,16,1,3131.5,1,1,3131.3,72,1,3132.3,248,5,3132.4,31,1,3132.5,122,6,3132.6,236,3,3132.9,238,2
2031,2026-06-16 09:40:25+05:30,3132.3,1,3142.56,471735,107973.0,190960.0,3163.0,3163.0,3130.0,3134.3,31687400,3447.7,2820.9,3839.9,2896.0,3132.1,25,1,3132.0,443,12,3131.9,16,1,3131.5,1,1,3131.3,72,1,3132.3,248,5,3132.4,31,1,3132.5,122,6,3132.6,236,3,3132.9,238,2
2031,2026-06-16 09:40:25+05:30,3132.1,10,3142.56,471735,107973.0,190960.0,3163.0,3163.0,3130.0,3134.3,31687400,3447.7,2820.9,3839.9,2896.0,3132.1,25,1,3132.0,443,12,3131.9,16,1,3131.5,1,1,3131.3,72,1,3132.3,248,5,3132.4,31,1,3132.5,122,6,3132.6,236,3,3132.9,238,2
2031,2026-06-16 09:40:26+05:30,3132.1,10,3142.55,472370,107717.0,190678.0,3163.0,3163.0,3130.0,3134.3,31687400,3447.7,2820.9,3839.9,2896.0,3132.0,473,7,3131.9,16,1,3131.5,1,1,3131.4,23,1,3131.3,72,1,3132.3,121,4,3132.4,31,1,3132.5,122,6,3132.6,112,3,3132.7,200,1
2031,2026-06-16 09:40:26+05:30,3132.1,10,3142.55,472370,107717.0,190678.0,3163.0,3163.0,3130.0,3134.3,31687400,3447.7,2820.9,3839.9,2896.0,3132.0,473,7,3131.9,16,1,3131.5,1,1,3131.4,23,1,3131.3,72,1,3132.3,121,4,3132.4,31,1,3132.5,122,6,3132.6,112,3,3132.7,200,1
2031,2026-06-16 09:40:27+05:30,3132.1,10,3142.55,472370,107717.0,190678.0,3163.0,3163.0,3130.0,3134.3,31687400,3447.7,2820.9,3839.9,2896.0,3132.0,473,7,3131.9,16,1,3131.5,1,1,3131.4,23,1,3131.3,72,1,3132.3,121,4,3132.4,31,1,3132.5,122,6,3132.6,112,3,3132.7,200,1
2031,2026-06-16 09:40:27+05:30,3132.1,10,3142.55,472370,108015.0,190681.0,3163.0,3163.0,3130.0,3134.3,31687400,3447.7,2820.9,3839.9,2896.0,3132.0,522,9,3131.9,16,1,3131.5,1,1,3131.4,23,1,3131.3,72,1,3132.2,114,1,3132.3,82,4,3132.4,31,1,3132.5,122,6,3132.6,202,2
2031,2026-06-16 09:40:27+05:30,3132.2,1,3142.55,472370,108015.0,190681.0,3163.0,3163.0,3130.0,3134.3,31687400,3447.7,2820.9,3839.9,2896.0,3132.0,522,9,3131.9,16,1,3131.5,1,1,3131.4,23,1,3131.3,72,1,3132.2,114,1,3132.3,82,4,3132.4,31,1,3132.5,122,6,3132.6,202,2
2031,2026-06-16 09:40:28+05:30,3132.2,1,3142.55,472370,108015.0,190681.0,3163.0,3163.0,3130.0,3134.3,31687400,3447.7,2820.9,3839.9,2896.0,3132.0,522,9,3131.9,16,1,3131.5,1,1,3131.4,23,1,3131.3,72,1,3132.2,114,1,3132.3,82,4,3132.4,31,1,3132.5,122,6,3132.6,202,2
2031,2026-06-16 09:40:28+05:30,3132.2,1,3142.55,472372,108021.0,190740.0,3163.0,3163.0,3130.0,3134.3,31687400,3447.7,2820.9,3839.9,2896.0,3132.0,522,9,3131.9,16,1,3131.5,1,1,3131.4,23,1,3131.3,72,1,3132.2,112,1,3132.3,82,4,3132.4,31,1,3132.5,122,6,3132.6,202,2
2031,2026-06-16 09:40:28+05:30,3132.2,1,3142.55,472372,108021.0,190740.0,3163.0,3163.0,3130.0,3134.3,31701800,3447.7,2820.9,3839.9,2896.0,3132.0,522,9,3131.9,16,1,3131.5,1,1,3131.4,23,1,3131.3,72,1,3132.2,112,1,3132.3,82,4,3132.4,31,1,3132.5,122,6,3132.6,202,2
2031,2026-06-16 09:40:29+05:30,3132.2,5,3142.55,472377,107997.0,190685.0,3163.0,3163.0,3130.0,3134.3,31701800,3447.7,2820.9,3839.9,2896.0,3132.0,522,9,3131.9,16,1,3131.6,10,1,3131.5,1,1,3131.4,23,1,3132.2,83,2,3132.3,203,5,3132.4,31,1,3132.5,122,6,3132.6,202,2
2031,2026-06-16 09:40:29+05:30,3132.2,5,3142.55,472377,107997.0,190685.0,3163.0,3163.0,3130.0,3134.3,31701800,3447.7,2820.9,3839.9,2896.0,3132.0,522,9,3131.9,16,1,3131.6,10,1,3131.5,1,1,3131.4,23,1,3132.2,83,2,3132.3,203,5,3132.4,31,1,3132.5,122,6,3132.6,202,2
2031,2026-06-16 09:40:30+05:30,3132.0,48,3142.53,472977,107877.0,190696.0,3163.0,3163.0,3130.0,3134.3,31701800,3447.7,2820.9,3839.9,2896.0,3132.0,277,5,3131.9,44,2,3131.8,23,1,3131.6,23,1,3131.5,20,2,3132.2,85,4,3132.3,155,5,3132.4,31,1,3132.5,122,6,3132.6,2,1
2031,2026-06-16 09:40:30+05:30,3132.0,14,3142.53,472977,107877.0,190696.0,3163.0,3163.0,3130.0,3134.3,31701800,3447.7,2820.9,3839.9,2896.0,3132.0,277,5,3131.9,44,2,3131.8,23,1,3131.6,23,1,3131.5,20,2,3132.2,85,4,3132.3,155,5,3132.4,31,1,3132.5,122,6,3132.6,2,1
2031,2026-06-16 09:40:31+05:30,3132.0,44,3142.51,474263,107025.0,191598.0,3163.0,3163.0,3130.0,3134.3,31701800,3447.7,2820.9,3839.9,2896.0,3131.9,37,2,3131.5,1,1,3131.0,560,3,3130.8,319,1,3130.7,20,1,3132.0,133,4,3132.1,284,3,3132.2,149,7,3132.3,155,5,3132.4,101,4
2031,2026-06-16 09:40:31+05:30,3131.0,22,3142.51,474263,107025.0,191598.0,3163.0,3163.0,3130.0,3134.3,31701800,3447.7,2820.9,3839.9,2896.0,3131.9,37,2,3131.5,1,1,3131.0,560,3,3130.8,319,1,3130.7,20,1,3132.0,133,4,3132.1,284,3,3132.2,149,7,3132.3,155,5,3132.4,101,4
2031,2026-06-16 09:40:32+05:30,3131.8,1,3142.5,474614,106002.0,191934.0,3163.0,3163.0,3130.0,3134.3,31701800,3447.7,2820.9,3839.9,2896.0,3131.0,765,4,3130.8,391,2,3130.6,12,1,3130.5,87,2,3130.4,151,3,3131.8,63,1,3131.9,200,1,3132.0,177,7,3132.1,84,2,3132.2,395,7
2031,2026-06-16 09:40:32+05:30,3131.0,24,3142.5,474614,106002.0,191934.0,3163.0,3163.0,3130.0,3134.3,31701800,3447.7,2820.9,3839.9,2896.0,3131.0,765,4,3130.8,391,2,3130.6,12,1,3130.5,87,2,3130.4,151,3,3131.8,63,1,3131.9,200,1,3132.0,177,7,3132.1,84,2,3132.2,395,7
2031,2026-06-16 09:40:33+05:30,3131.8,1,3142.5,474683,107112.0,191862.0,3163.0,3163.0,3130.0,3134.3,31701800,3447.7,2820.9,3839.9,2896.0,3131.0,996,7,3130.8,452,3,3130.6,12,1,3130.5,87,2,3130.4,163,4,3131.8,214,3,3131.9,223,2,3132.0,157,5,3132.1,84,2,3132.2,380,7
2031,2026-06-16 09:40:33+05:30,3131.8,1,3142.5,474683,107112.0,191862.0,3163.0,3163.0,3130.0,3134.3,31701800,3447.7,2820.9,3839.9,2896.0,3131.0,996,7,3130.8,452,3,3130.6,12,1,3130.5,87,2,3130.4,163,4,3131.8,214,3,3131.9,223,2,3132.0,157,5,3132.1,84,2,3132.2,380,7
2031,2026-06-16 09:40:34+05:30,3132.0,14,3142.49,475077,107376.0,191267.0,3163.0,3163.0,3130.0,3134.3,31701800,3447.7,2820.9,3839.9,2896.0,3132.0,22,1,3131.3,65,4,3131.2,91,4,3131.1,43,3,3131.0,1144,12,3132.1,138,3,3132.2,201,2,3132.3,17,2,3132.5,266,4,3132.6,139,2
2031,2026-06-16 09:40:34+05:30,3132.0,14,3142.49,475077,107376.0,191267.0,3163.0,3163.0,3130.0,3134.3,31701800,3447.7,2820.9,3839.9,2896.0,3132.0,22,1,3131.3,65,4,3131.2,91,4,3131.1,43,3,3131.0,1144,12,3132.1,138,3,3132.2,201,2,3132.3,17,2,3132.5,266,4,3132.6,139,2
2031,2026-06-16 09:40:35+05:30,3132.1,3,3142.49,475080,107363.0,191443.0,3163.0,3163.0,3130.0,3134.3,31701800,3447.7,2820.9,3839.9,2896.0,3132.0,90,2,3131.5,23,1,3131.3,19,1,3131.2,198,7,3131.1,25,2,3132.1,135,3,3132.2,224,3,3132.3,17,2,3132.5,299,5,3132.6,139,2
2031,2026-06-16 09:40:35+05:30,3132.1,3,3142.49,475080,107363.0,191443.0,3163.0,3163.0,3130.0,3134.3,31701800,3447.7,2820.9,3839.9,2896.0,3132.0,90,2,3131.5,23,1,3131.3,19,1,3131.2,198,7,3131.1,25,2,3132.1,135,3,3132.2,224,3,3132.3,17,2,3132.5,299,5,3132.6,139,2
2031,2026-06-16 09:40:36+05:30,3132.0,22,3142.49,475124,107381.0,190900.0,3163.0,3163.0,3130.0,3134.3,31701800,3447.7,2820.9,3839.9,2896.0,3132.0,146,2,3131.2,85,5,3131.1,16,1,3131.0,992,11,3130.9,22,1,3132.1,141,3,3132.2,224,3,3132.3,2,1,3132.5,245,4,3132.6,139,2
2031,2026-06-16 09:40:36+05:30,3132.0,22,3142.49,475124,107381.0,190900.0,3163.0,3163.0,3130.0,3134.3,31701800,3447.7,2820.9,3839.9,2896.0,3132.0,146,2,3131.2,85,5,3131.1,16,1,3131.0,992,11,3130.9,22,1,3132.1,141,3,3132.2,224,3,3132.3,2,1,3132.5,245,4,3132.6,139,2
2031,2026-06-16 09:40:37+05:30,3131.2,20,3142.49,475124,107381.0,190900.0,3163.0,3163.0,3130.0,3134.3,31701800,3447.7,2820.9,3839.9,2896.0,3132.0,146,2,3131.2,85,5,3131.1,16,1,3131.0,992,11,3130.9,22,1,3132.1,141,3,3132.2,224,3,3132.3,2,1,3132.5,245,4,3132.6,139,2
2031,2026-06-16 09:40:37+05:30,3131.2,20,3142.48,475470,106010.0,191660.0,3163.0,3163.0,3130.0,3134.3,31701800,3447.7,2820.9,3839.9,2896.0,3131.2,10,2,3131.1,23,1,3131.0,798,5,3130.8,382,4,3130.7,22,1,3131.9,200,1,3132.0,407,3,3132.1,341,4,3132.2,24,2,3132.3,2,1
2031,2026-06-16 09:40:38+05:30,3131.2,3,3142.48,475470,106010.0,191660.0,3163.0,3163.0,3130.0,3134.3,31701800,3447.7,2820.9,3839.9,2896.0,3131.2,10,2,3131.1,23,1,3131.0,798,5,3130.8,382,4,3130.7,22,1,3131.9,200,1,3132.0,407,3,3132.1,341,4,3132.2,24,2,3132.3,2,1
2031,2026-06-16 09:40:38+05:30,3131.2,3,3142.48,475484,106256.0,192165.0,3163.0,3163.0,3130.0,3134.3,31701800,3447.7,2820.9,3839.9,2896.0,3131.2,27,2,3131.1,23,1,3131.0,798,5,3130.8,401,5,3130.7,22,1,3131.8,200,1,3131.9,301,3,3132.0,254,4,3132.1,316,3,3132.2,23,1
2031,2026-06-16 09:40:39+05:30,3131.8,68,3142.48,475484,106256.0,192165.0,3163.0,3163.0,3130.0,3134.3,31701800,3447.7,2820.9,3839.9,2896.0,3131.2,27,2,3131.1,23,1,3131.0,798,5,3130.8,401,5,3130.7,22,1,3131.8,200,1,3131.9,301,3,3132.0,254,4,3132.1,316,3,3132.2,23,1
2031,2026-06-16 09:40:40+05:30,3131.8,68,3142.48,475552,106491.0,191912.0,3163.0,3163.0,3130.0,3134.3,31701800,3447.7,2820.9,3839.9,2896.0,3131.2,86,4,3131.1,14,1,3131.0,966,8,3130.8,401,5,3130.7,84,2,3131.8,181,3,3131.9,301,3,3132.0,240,3,3132.1,116,2,3132.2,200,1
2031,2026-06-16 09:40:40+05:30,3131.6,1,3142.48,475552,106491.0,191912.0,3163.0,3163.0,3130.0,3134.3,31701800,3447.7,2820.9,3839.9,2896.0,3131.2,86,4,3131.1,14,1,3131.0,966,8,3130.8,401,5,3130.7,84,2,3131.8,181,3,3131.9,301,3,3132.0,240,3,3132.1,116,2,3132.2,200,1
2031,2026-06-16 09:40:41+05:30,3131.6,1,3142.48,475558,106322.0,190514.0,3163.0,3163.0,3130.0,3134.3,31701800,3447.7,2820.9,3839.9,2896.0,3131.2,95,5,3131.1,1,1,3131.0,979,9,3130.9,15,1,3130.8,401,5,3131.6,131,1,3131.7,113,2,3131.8,74,3,3131.9,276,2,3132.0,240,3
2031,2026-06-16 09:40:41+05:30,3131.0,54,3142.48,475558,106322.0,190514.0,3163.0,3163.0,3130.0,3134.3,31701800,3447.7,2820.9,3839.9,2896.0,3131.2,95,5,3131.1,1,1,3131.0,979,9,3130.9,15,1,3130.8,401,5,3131.6,131,1,3131.7,113,2,3131.8,74,3,3131.9,276,2,3132.0,240,3
2031,2026-06-16 09:40:42+05:30,3131.0,54,3142.47,475758,106018.0,193412.0,3163.0,3163.0,3130.0,3134.3,31701800,3447.7,2820.9,3839.9,2896.0,3131.0,896,7,3130.8,362,3,3130.7,22,1,3130.6,61,3,3130.5,15,1,3131.1,131,1,3131.2,200,1,3131.5,200,1,3131.6,213,2,3131.7,244,2
2031,2026-06-16 09:40:43+05:30,3131.0,44,3142.47,476002,106297.0,193891.0,3163.0,3163.0,3130.0,3134.3,31701800,3447.7,2820.9,3839.9,2896.0,3131.0,826,6,3130.8,376,2,3130.5,15,1,3130.3,20,2,3130.2,165,5,3131.1,88,2,3131.2,284,3,3131.5,223,2,3131.6,213,2,3131.7,200,1
2031,2026-06-16 09:40:43+05:30,3131.2,1,3142.47,476002,106297.0,193891.0,3163.0,3163.0,3130.0,3134.3,31701800,3447.7,2820.9,3839.9,2896.0,3131.0,826,6,3130.8,376,2,3130.5,15,1,3130.3,20,2,3130.2,165,5,3131.1,88,2,3131.2,284,3,3131.5,223,2,3131.6,213,2,3131.7,200,1
2031,2026-06-16 09:40:44+05:30,3131.2,1,3142.46,476164,106442.0,191967.0,3163.0,3163.0,3130.0,3134.3,31701800,3447.7,2820.9,3839.9,2896.0,3131.0,819,6,3130.8,376,2,3130.5,15,1,3130.4,25,1,3130.3,2,1,3131.2,283,3,3131.5,223,2,3131.6,213,2,3131.7,200,1,3131.8,26,1
2031,2026-06-16 09:40:44+05:30,3131.2,30,3142.46,476164,106442.0,191967.0,3163.0,3163.0,3130.0,3134.3,31701800,3447.7,2820.9,3839.9,2896.0,3131.0,819,6,3130.8,376,2,3130.5,15,1,3130.4,25,1,3130.3,2,1,3131.2,283,3,3131.5,223,2,3131.6,213,2,3131.7,200,1,3131.8,26,1
2031,2026-06-16 09:40:45+05:30,3131.0,151,3142.46,476394,106524.0,193467.0,3163.0,3163.0,3130.0,3134.3,31701800,3447.7,2820.9,3839.9,2896.0,3131.0,620,6,3130.8,376,2,3130.5,15,1,3130.4,25,1,3130.3,2,1,3131.2,254,4,3131.5,223,2,3131.6,213,2,3131.7,233,2,3131.8,45,2
2031,2026-06-16 09:40:45+05:30,3131.2,10,3142.46,476394,106524.0,193467.0,3163.0,3163.0,3130.0,3134.3,31701800,3447.7,2820.9,3839.9,2896.0,3131.0,620,6,3130.8,376,2,3130.5,15,1,3130.4,25,1,3130.3,2,1,3131.2,254,4,3131.5,223,2,3131.6,213,2,3131.7,233,2,3131.8,45,2
2031,2026-06-16 09:40:46+05:30,3131.2,1,3142.45,476445,106864.0,193811.0,3163.0,3163.0,3130.0,3134.3,31701800,3447.7,2820.9,3839.9,2896.0,3131.1,7,3,3131.0,731,10,3130.8,420,4,3130.6,44,2,3130.5,79,3,3131.2,203,4,3131.5,223,2,3131.6,213,2,3131.7,233,2,3131.8,26,1
2031,2026-06-16 09:40:46+05:30,3131.2,1,3142.45,476445,106864.0,193811.0,3163.0,3163.0,3130.0,3134.3,31701800,3447.7,2820.9,3839.9,2896.0,3131.1,7,3,3131.0,731,10,3130.8,420,4,3130.6,44,2,3130.5,79,3,3131.2,203,4,3131.5,223,2,3131.6,213,2,3131.7,233,2,3131.8,26,1
2031,2026-06-16 09:40:47+05:30,3131.1,5,3142.45,476654,106082.0,193474.0,3163.0,3163.0,3130.0,3134.3,31701800,3447.7,2820.9,3839.9,2896.0,3131.0,619,10,3130.8,391,3,3130.7,25,1,3130.5,15,1,3130.4,116,3,3131.1,109,1,3131.2,366,5,3131.5,223,2,3131.6,213,2,3131.7,233,2
2031,2026-06-16 09:40:47+05:30,3131.1,5,3142.45,476654,106082.0,193474.0,3163.0,3163.0,3130.0,3134.3,31701800,3447.7,2820.9,3839.9,2896.0,3131.0,619,10,3130.8,391,3,3130.7,25,1,3130.5,15,1,3130.4,116,3,3131.1,109,1,3131.2,366,5,3131.5,223,2,3131.6,213,2,3131.7,233,2
2031,2026-06-16 09:40:48+05:30,3131.2,20,3142.44,477103,105899.0,193403.0,3163.0,3163.0,3130.0,3134.3,31701800,3447.7,2820.9,3839.9,2896.0,3131.0,413,9,3130.9,25,1,3130.8,410,4,3130.6,57,3,3130.5,15,1,3131.2,345,4,3131.5,223,2,3131.6,213,2,3131.7,200,1,3131.8,26,1
2031,2026-06-16 09:40:48+05:30,3131.2,20,3142.44,477103,105899.0,193403.0,3163.0,3163.0,3130.0,3134.3,31701800,3447.7,2820.9,3839.9,2896.0,3131.0,413,9,3130.9,25,1,3130.8,410,4,3130.6,57,3,3130.5,15,1,3131.2,345,4,3131.5,223,2,3131.6,213,2,3131.7,200,1,3131.8,26,1
2031,2026-06-16 09:40:49+05:30,3131.2,1,3142.44,477104,105891.0,193673.0,3163.0,3163.0,3130.0,3134.3,31701800,3447.7,2820.9,3839.9,2896.0,3131.0,394,8,3130.9,25,1,3130.8,423,5,3130.6,57,3,3130.5,30,2,3131.2,379,5,3131.5,223,2,3131.6,213,2,3131.7,234,2,3131.8,26,1
2031,2026-06-16 09:40:49+05:30,3131.2,1,3142.44,477104,105891.0,193673.0,3163.0,3163.0,3130.0,3134.3,31701800,3447.7,2820.9,3839.9,2896.0,3131.0,394,8,3130.9,25,1,3130.8,423,5,3130.6,57,3,3130.5,30,2,3131.2,379,5,3131.5,223,2,3131.6,213,2,3131.7,234,2,3131.8,26,1
2031,2026-06-16 09:40:50+05:30,3131.0,44,3142.44,477104,105891.0,193673.0,3163.0,3163.0,3130.0,3134.3,31701800,3447.7,2820.9,3839.9,2896.0,3131.0,394,8,3130.9,25,1,3130.8,423,5,3130.6,57,3,3130.5,30,2,3131.2,379,5,3131.5,223,2,3131.6,213,2,3131.7,234,2,3131.8,26,1
2031,2026-06-16 09:40:50+05:30,3131.0,44,3142.44,477148,105847.0,193698.0,3163.0,3163.0,3130.0,3134.3,31701800,3447.7,2820.9,3839.9,2896.0,3131.0,350,8,3130.8,404,4,3130.6,19,1,3130.5,15,1,3130.4,116,3,3131.2,404,6,3131.5,223,2,3131.6,213,2,3131.7,234,2,3131.8,26,1
2031,2026-06-16 09:40:51+05:30,3131.2,12,3142.44,477148,105847.0,193698.0,3163.0,3163.0,3130.0,3134.3,31701800,3447.7,2820.9,3839.9,2896.0,3131.0,350,8,3130.8,404,4,3130.6,19,1,3130.5,15,1,3130.4,116,3,3131.2,404,6,3131.5,223,2,3131.6,213,2,3131.7,234,2,3131.8,26,1
2031,2026-06-16 09:40:51+05:30,3131.2,12,3142.44,477198,105817.0,193797.0,3163.0,3163.0,3130.0,3134.3,31701800,3447.7,2820.9,3839.9,2896.0,3131.0,350,8,3130.8,404,4,3130.6,19,1,3130.5,15,1,3130.4,116,3,3131.2,388,5,3131.5,223,2,3131.6,213,2,3131.7,200,1,3131.8,126,2
2031,2026-06-16 09:40:52+05:30,3131.2,12,3142.44,477198,105886.0,193692.0,3163.0,3163.0,3130.0,3134.3,31701800,3447.7,2820.9,3839.9,2896.0,3131.0,350,8,3130.8,423,5,3130.7,25,1,3130.6,19,1,3130.5,15,1,3131.2,388,5,3131.5,223,2,3131.6,213,2,3131.7,234,2,3131.8,126,2
2031,2026-06-16 09:40:53+05:30,3131.2,5,3142.43,477404,105976.0,193618.0,3163.0,3163.0,3130.0,3134.3,31701800,3447.7,2820.9,3839.9,2896.0,3131.0,556,11,3130.9,25,1,3130.8,423,5,3130.6,57,3,3130.5,15,1,3131.2,382,5,3131.5,223,2,3131.6,213,2,3131.7,234,2,3131.8,126,2
2031,2026-06-16 09:40:53+05:30,3131.2,5,3142.43,477404,105976.0,193618.0,3163.0,3163.0,3130.0,3134.3,31701800,3447.7,2820.9,3839.9,2896.0,3131.0,556,11,3130.9,25,1,3130.8,423,5,3130.6,57,3,3130.5,15,1,3131.2,382,5,3131.5,223,2,3131.6,213,2,3131.7,234,2,3131.8,126,2
2031,2026-06-16 09:40:54+05:30,3131.1,13,3142.43,477404,105976.0,193618.0,3163.0,3163.0,3130.0,3134.3,31701800,3447.7,2820.9,3839.9,2896.0,3131.0,556,11,3130.9,25,1,3130.8,423,5,3130.6,57,3,3130.5,15,1,3131.2,382,5,3131.5,223,2,3131.6,213,2,3131.7,234,2,3131.8,126,2
2031,2026-06-16 09:40:54+05:30,3131.1,13,3142.43,477418,105961.0,193979.0,3163.0,3163.0,3130.0,3134.3,31701800,3447.7,2820.9,3839.9,2896.0,3131.1,165,6,3131.0,537,10,3130.9,7,1,3130.8,448,6,3130.7,59,2,3131.2,381,5,3131.5,223,2,3131.6,213,2,3131.7,234,2,3131.8,126,2
2031,2026-06-16 09:40:55+05:30,3131.1,1,3142.43,477418,105961.0,193979.0,3163.0,3163.0,3130.0,3134.3,31701800,3447.7,2820.9,3839.9,2896.0,3131.1,165,6,3131.0,537,10,3130.9,7,1,3130.8,448,6,3130.7,59,2,3131.2,381,5,3131.5,223,2,3131.6,213,2,3131.7,234,2,3131.8,126,2
2031,2026-06-16 09:40:56+05:30,3131.2,2,3142.43,477530,105982.0,193997.0,3163.0,3163.0,3130.0,3134.3,31701800,3447.7,2820.9,3839.9,2896.0,3131.1,194,8,3131.0,503,8,3130.9,7,1,3130.8,448,6,3130.7,59,2,3131.2,329,5,3131.5,223,2,3131.6,213,2,3131.7,234,2,3131.8,126,2
2031,2026-06-16 09:40:56+05:30,3131.7,42,3142.43,477530,105982.0,193997.0,3163.0,3163.0,3130.0,3134.3,31701800,3447.7,2820.9,3839.9,2896.0,3131.1,194,8,3131.0,503,8,3130.9,7,1,3130.8,448,6,3130.7,59,2,3131.2,329,5,3131.5,223,2,3131.6,213,2,3131.7,234,2,3131.8,126,2
2031,2026-06-16 09:40:57+05:30,3131.4,26,3142.37,480520,107063.0,189206.0,3163.0,3163.0,3130.0,3134.3,31701800,3447.7,2820.9,3839.9,2896.0,3131.5,59,2,3131.4,72,1,3131.3,8,1,3131.2,92,3,3131.1,394,8,3132.9,58,2,3133.2,212,6,3133.3,25,2,3133.4,39,1,3133.5,171,6
2031,2026-06-16 09:40:57+05:30,3132.2,130,3142.37,480520,107063.0,189206.0,3163.0,3163.0,3130.0,3134.3,31701800,3447.7,2820.9,3839.9,2896.0,3131.5,59,2,3131.4,72,1,3131.3,8,1,3131.2,92,3,3131.1,394,8,3132.9,58,2,3133.2,212,6,3133.3,25,2,3133.4,39,1,3133.5,171,6
2031,2026-06-16 09:40:58+05:30,3131.4,44,3142.36,480905,106899.0,191444.0,3163.0,3163.0,3130.0,3134.3,31701800,3447.7,2820.9,3839.9,2896.0,3131.4,8,1,3131.2,18,2,3131.1,150,6,3131.0,484,9,3130.9,66,3,3132.4,25,2,3132.5,69,2,3132.6,212,5,3132.7,200,1,3132.8,103,4
2031,2026-06-16 09:40:58+05:30,3132.4,1,3142.36,480905,106899.0,191444.0,3163.0,3163.0,3130.0,3134.3,31701800,3447.7,2820.9,3839.9,2896.0,3131.4,8,1,3131.2,18,2,3131.1,150,6,3131.0,484,9,3130.9,66,3,3132.4,25,2,3132.5,69,2,3132.6,212,5,3132.7,200,1,3132.8,103,4
2031,2026-06-16 09:40:59+05:30,3132.4,1,3142.35,480972,107777.0,191140.0,3163.0,3163.0,3130.0,3134.3,31701800,3447.7,2820.9,3839.9,2896.0,3132.0,100,1,3131.4,158,5,3131.3,155,4,3131.2,307,4,3131.1,229,8,3132.3,6,1,3132.4,24,3,3132.5,34,2,3132.6,92,3,3132.7,19,1
2031,2026-06-16 09:40:59+05:30,3131.4,20,3142.35,480972,107777.0,191140.0,3163.0,3163.0,3130.0,3134.3,31701800,3447.7,2820.9,3839.9,2896.0,3132.0,100,1,3131.4,158,5,3131.3,155,4,3131.2,307,4,3131.1,229,8,3132.3,6,1,3132.4,24,3,3132.5,34,2,3132.6,92,3,3132.7,19,1
2031,2026-06-16 09:41:00+05:30,3132.3,2,3142.35,481208,107062.0,192652.0,3163.0,3163.0,3130.0,3134.3,31701800,3447.7,2820.9,3839.9,2896.0,3132.3,29,3,3132.0,14,1,3131.4,2,1,3131.3,44,2,3131.2,69,3,3132.4,24,3,3132.5,34,2,3132.6,64,2,3132.7,200,1,3132.8,26,1
2031,2026-06-16 09:41:00+05:30,3132.4,22,3142.35,481208,107062.0,192652.0,3163.0,3163.0,3130.0,3134.3,31701800,3447.7,2820.9,3839.9,2896.0,3132.3,29,3,3132.0,14,1,3131.4,2,1,3131.3,44,2,3131.2,69,3,3132.4,24,3,3132.5,34,2,3132.6,64,2,3132.7,200,1,3132.8,26,1
2031,2026-06-16 09:41:01+05:30,3132.5,9,3142.35,481334,107466.0,192468.0,3163.0,3163.0,3130.0,3134.3,31701800,3447.7,2820.9,3839.9,2896.0,3132.3,32,4,3132.0,14,1,3131.5,46,2,3131.4,74,2,3131.3,34,1,3132.5,19,1,3132.6,93,3,3132.7,34,1,3132.8,26,1,3132.9,2,1
2031,2026-06-16 09:41:01+05:30,3132.3,37,3142.35,481334,107466.0,192468.0,3163.0,3163.0,3130.0,3134.3,31701800,3447.7,2820.9,3839.9,2896.0,3132.3,32,4,3132.0,14,1,3131.5,46,2,3131.4,74,2,3131.3,34,1,3132.5,19,1,3132.6,93,3,3132.7,34,1,3132.8,26,1,3132.9,2,1
2031,2026-06-16 09:41:02+05:30,3132.3,37,3142.34,481557,107406.0,192623.0,3163.0,3163.0,3130.0,3134.3,31701800,3447.7,2820.9,3839.9,2896.0,3132.3,30,2,3132.0,14,1,3131.4,2,1,3131.3,40,2,3131.2,74,3,3132.5,30,3,3132.6,93,3,3132.7,34,1,3132.8,29,2,3132.9,22,2
2031,2026-06-16 09:41:02+05:30,3132.3,45,3142.34,481557,107406.0,192623.0,3163.0,3163.0,3130.0,3134.3,31701800,3447.7,2820.9,3839.9,2896.0,3132.3,30,2,3132.0,14,1,3131.4,2,1,3131.3,40,2,3131.2,74,3,3132.5,30,3,3132.6,93,3,3132.7,34,1,3132.8,29,2,3132.9,22,2
2031,2026-06-16 09:41:03+05:30,3132.3,45,3142.34,481605,108389.0,192633.0,3163.0,3163.0,3130.0,3134.3,31701800,3447.7,2820.9,3839.9,2896.0,3132.3,27,1,3132.0,14,1,3131.9,19,1,3131.6,19,1,3131.4,46,3,3132.5,30,3,3132.6,93,3,3132.7,34,1,3132.8,29,2,3132.9,2,1
2031,2026-06-16 09:41:03+05:30,3132.3,27,3142.34,481605,108389.0,192633.0,3163.0,3163.0,3130.0,3134.3,31701800,3447.7,2820.9,3839.9,2896.0,3132.3,27,1,3132.0,14,1,3131.9,19,1,3131.6,19,1,3131.4,46,3,3132.5,30,3,3132.6,93,3,3132.7,34,1,3132.8,29,2,3132.9,2,1
2031,2026-06-16 09:41:04+05:30,3132.6,1,3142.34,481800,109055.0,191042.0,3163.0,3163.0,3130.0,3134.3,31701800,3447.7,2820.9,3839.9,2896.0,3132.5,31,1,3132.3,78,4,3132.2,11,1,3132.1,11,1,3132.0,71,4,3132.6,85,2,3132.7,34,1,3132.8,29,2,3132.9,2,1,3133.0,19,1
2031,2026-06-16 09:41:04+05:30,3132.6,15,3142.34,481800,109055.0,191042.0,3163.0,3163.0,3130.0,3134.3,31701800,3447.7,2820.9,3839.9,2896.0,3132.5,31,1,3132.3,78,4,3132.2,11,1,3132.1,11,1,3132.0,71,4,3132.6,85,2,3132.7,34,1,3132.8,29,2,3132.9,2,1,3133.0,19,1
2031,2026-06-16 09:41:05+05:30,3132.6,56,3142.33,481967,108643.0,192228.0,3163.0,3163.0,3130.0,3134.3,31701800,3447.7,2820.9,3839.9,2896.0,3132.5,36,3,3132.1,16,1,3132.0,39,2,3131.9,99,2,3131.8,44,2,3132.6,4,1,3132.7,34,1,3132.8,29,2,3132.9,2,1,3133.0,19,1
2031,2026-06-16 09:41:05+05:30,3132.6,56,3142.33,481967,108643.0,192228.0,3163.0,3163.0,3130.0,3134.3,31701800,3447.7,2820.9,3839.9,2896.0,3132.5,36,3,3132.1,16,1,3132.0,39,2,3131.9,99,2,3131.8,44,2,3132.6,4,1,3132.7,34,1,3132.8,29,2,3132.9,2,1,3133.0,19,1
2031,2026-06-16 09:41:06+05:30,3132.5,7,3142.33,481967,108643.0,192228.0,3163.0,3163.0,3130.0,3134.3,31701800,3447.7,2820.9,3839.9,2896.0,3132.5,36,3,3132.1,16,1,3132.0,39,2,3131.9,99,2,3131.8,44,2,3132.6,4,1,3132.7,34,1,3132.8,29,2,3132.9,2,1,3133.0,19,1
2031,2026-06-16 09:41:06+05:30,3132.5,7,3142.33,481980,108692.0,192316.0,3163.0,3163.0,3130.0,3134.3,31701800,3447.7,2820.9,3839.9,2896.0,3132.5,24,3,3132.0,14,1,3131.9,112,3,3131.8,44,2,3131.7,68,2,3132.6,3,1,3132.7,34,1,3132.8,29,2,3132.9,2,1,3133.0,19,1
2031,2026-06-16 09:41:07+05:30,3132.6,4,3142.33,481980,108692.0,192316.0,3163.0,3163.0,3130.0,3134.3,31701800,3447.7,2820.9,3839.9,2896.0,3132.5,24,3,3132.0,14,1,3131.9,112,3,3131.8,44,2,3131.7,68,2,3132.6,3,1,3132.7,34,1,3132.8,29,2,3132.9,2,1,3133.0,19,1
2031,2026-06-16 09:41:07+05:30,3132.6,4,3142.33,482021,109288.0,190934.0,3163.0,3163.0,3130.0,3134.3,31701800,3447.7,2820.9,3839.9,2896.0,3132.5,197,9,3132.4,4,1,3132.3,105,4,3132.2,53,3,3132.1,14,2,3132.6,53,3,3132.7,34,1,3132.8,29,2,3133.3,200,1,3133.5,43,3
2031,2026-06-16 09:41:08+05:30,3132.8,6,3142.33,482021,109288.0,190934.0,3163.0,3163.0,3130.0,3134.3,31701800,3447.7,2820.9,3839.9,2896.0,3132.5,197,9,3132.4,4,1,3132.3,105,4,3132.2,53,3,3132.1,14,2,3132.6,53,3,3132.7,34,1,3132.8,29,2,3133.3,200,1,3133.5,43,3
2031,2026-06-16 09:41:08+05:30,3132.8,6,3142.32,482432,109552.0,190176.0,3163.0,3163.0,3130.0,3134.3,31701800,3447.7,2820.9,3839.9,2896.0,3132.6,127,5,3132.5,118,7,3132.4,80,4,3132.3,69,3,3132.2,128,6,3132.8,3,1,3133.3,31,1,3133.7,225,3,3133.9,22,1,3134.0,200,1
2031,2026-06-16 09:41:09+05:30,3132.6,1,3142.32,482432,109552.0,190176.0,3163.0,3163.0,3130.0,3134.3,31701800,3447.7,2820.9,3839.9,2896.0,3132.6,127,5,3132.5,118,7,3132.4,80,4,3132.3,69,3,3132.2,128,6,3132.8,3,1,3133.3,31,1,3133.7,225,3,3133.9,22,1,3134.0,200,1
2031,2026-06-16 09:41:10+05:30,3132.6,1,3142.32,482660,109531.0,190459.0,3163.0,3163.0,3130.0,3134.3,31701800,3447.7,2820.9,3839.9,2896.0,3132.6,46,3,3132.5,128,6,3132.3,19,1,3132.2,58,3,3132.1,37,2,3132.8,28,2,3133.3,31,1,3133.4,200,1,3133.6,6,1,3133.7,231,3
2031,2026-06-16 09:41:10+05:30,3132.6,1,3142.32,482660,109531.0,190459.0,3163.0,3163.0,3130.0,3134.3,31701800,3447.7,2820.9,3839.9,2896.0,3132.6,46,3,3132.5,128,6,3132.3,19,1,3132.2,58,3,3132.1,37,2,3132.8,28,2,3133.3,31,1,3133.4,200,1,3133.6,6,1,3133.7,231,3
2031,2026-06-16 09:41:11+05:30,3132.6,1,3142.32,482662,109325.0,190925.0,3163.0,3163.0,3130.0,3134.3,31701800,3447.7,2820.9,3839.9,2896.0,3132.6,149,6,3132.5,54,5,3132.4,25,2,3132.3,9,1,3132.2,58,3,3132.7,27,1,3132.8,28,2,3133.3,231,2,3133.4,28,1,3133.7,208,3
2031,2026-06-16 09:41:12+05:30,3132.6,1,3142.32,482662,109325.0,190925.0,3163.0,3163.0,3130.0,3134.3,31701800,3447.7,2820.9,3839.9,2896.0,3132.6,149,6,3132.5,54,5,3132.4,25,2,3132.3,9,1,3132.2,58,3,3132.7,27,1,3132.8,28,2,3133.3,231,2,3133.4,28,1,3133.7,208,3
2031,2026-06-16 09:41:12+05:30,3132.6,1,3142.32,482662,109252.0,190817.0,3163.0,3163.0,3130.0,3134.3,31701800,3447.7,2820.9,3839.9,2896.0,3132.6,149,6,3132.5,54,5,3132.4,25,2,3132.3,9,1,3132.2,58,3,3132.7,27,1,3132.8,112,4,3133.3,231,2,3133.4,28,1,3133.7,208,3
2031,2026-06-16 09:41:13+05:30,3132.7,1,3142.32,482664,109299.0,190832.0,3163.0,3163.0,3130.0,3134.3,31701800,3447.7,2820.9,3839.9,2896.0,3132.6,149,6,3132.5,58,6,3132.4,25,2,3132.3,9,1,3132.2,58,3,3132.7,44,2,3132.8,112,4,3133.3,231,2,3133.4,28,1,3133.7,208,3
2031,2026-06-16 09:41:13+05:30,3132.7,1,3142.32,482664,109299.0,190832.0,3163.0,3163.0,3130.0,3134.3,31701800,3447.7,2820.9,3839.9,2896.0,3132.6,149,6,3132.5,58,6,3132.4,25,2,3132.3,9,1,3132.2,58,3,3132.7,44,2,3132.8,112,4,3133.3,231,2,3133.4,28,1,3133.7,208,3
2031,2026-06-16 09:41:13+05:30,3132.5,25,3142.32,482664,109299.0,190832.0,3163.0,3163.0,3130.0,3134.3,31701800,3447.7,2820.9,3839.9,2896.0,3132.6,149,6,3132.5,58,6,3132.4,25,2,3132.3,9,1,3132.2,58,3,3132.7,44,2,3132.8,112,4,3133.3,231,2,3133.4,28,1,3133.7,208,3
2031,2026-06-16 09:41:14+05:30,3132.5,55,3142.3,483575,106164.0,192926.0,3163.0,3163.0,3130.0,3134.3,31701800,3447.7,2820.9,3839.9,2896.0,3131.7,14,1,3131.6,14,1,3131.4,3,1,3131.3,6,2,3131.2,30,1,3132.5,257,3,3132.6,225,3,3132.7,110,5,3132.8,236,6,3132.9,214,2
2031,2026-06-16 09:41:14+05:30,3132.5,55,3142.3,483575,106164.0,192926.0,3163.0,3163.0,3130.0,3134.3,31701800,3447.7,2820.9,3839.9,2896.0,3131.7,14,1,3131.6,14,1,3131.4,3,1,3131.3,6,2,3131.2,30,1,3132.5,257,3,3132.6,225,3,3132.7,110,5,3132.8,236,6,3132.9,214,2
2031,2026-06-16 09:41:15+05:30,3132.5,12,3142.29,484075,106411.0,192902.0,3163.0,3163.0,3130.0,3134.3,31701800,3447.7,2820.9,3839.9,2896.0,3131.7,16,3,3131.6,14,1,3131.4,22,2,3131.3,6,2,3131.2,74,3,3132.4,200,1,3132.5,41,3,3132.6,26,1,3132.7,65,2,3132.8,111,4
2031,2026-06-16 09:41:15+05:30,3132.5,12,3142.29,484075,106411.0,192902.0,3163.0,3163.0,3130.0,3134.3,31701800,3447.7,2820.9,3839.9,2896.0,3131.7,16,3,3131.6,14,1,3131.4,22,2,3131.3,6,2,3131.2,74,3,3132.4,200,1,3132.5,41,3,3132.6,26,1,3132.7,65,2,3132.8,111,4
2031,2026-06-16 09:41:15+05:30,3131.7,14,3142.29,484075,106411.0,192902.0,3163.0,3163.0,3130.0,3134.3,31701800,3447.7,2820.9,3839.9,2896.0,3131.7,16,3,3131.6,14,1,3131.4,22,2,3131.3,6,2,3131.2,74,3,3132.4,200,1,3132.5,41,3,3132.6,26,1,3132.7,65,2,3132.8,111,4
2031,2026-06-16 09:41:16+05:30,3131.7,8,3142.29,484104,106943.0,191208.0,3163.0,3163.0,3130.0,3134.3,31701800,3447.7,2820.9,3839.9,2896.0,3131.7,202,8,3131.6,14,1,3131.5,15,1,3131.4,64,4,3131.3,90,5,3132.2,219,2,3132.3,18,1,3132.4,44,2,3132.5,41,3,3132.6,26,1
2031,2026-06-16 09:41:16+05:30,3132.0,100,3142.29,484104,106943.0,191208.0,3163.0,3163.0,3130.0,3134.3,31701800,3447.7,2820.9,3839.9,2896.0,3131.7,202,8,3131.6,14,1,3131.5,15,1,3131.4,64,4,3131.3,90,5,3132.2,219,2,3132.3,18,1,3132.4,44,2,3132.5,41,3,3132.6,26,1
2031,2026-06-16 09:41:17+05:30,3132.0,100,3142.29,484104,106943.0,191208.0,3163.0,3163.0,3130.0,3134.3,31701800,3447.7,2820.9,3839.9,2896.0,3131.7,202,8,3131.6,14,1,3131.5,15,1,3131.4,64,4,3131.3,90,5,3132.2,219,2,3132.3,18,1,3132.4,44,2,3132.5,41,3,3132.6,26,1
2031,2026-06-16 09:41:17+05:30,3131.7,6,3142.28,484425,106469.0,193988.0,3163.0,3163.0,3130.0,3134.3,31701800,3447.7,2820.9,3839.9,2896.0,3131.7,10,4,3131.4,3,1,3131.3,30,3,3131.2,30,1,3131.1,101,4,3132.0,127,4,3132.1,43,2,3132.2,72,5,3132.3,18,1,3132.4,109,5
2031,2026-06-16 09:41:17+05:30,3131.6,1,3142.28,484425,106469.0,193988.0,3163.0,3163.0,3130.0,3134.3,31701800,3447.7,2820.9,3839.9,2896.0,3131.7,10,4,3131.4,3,1,3131.3,30,3,3131.2,30,1,3131.1,101,4,3132.0,127,4,3132.1,43,2,3132.2,72,5,3132.3,18,1,3132.4,109,5
2031,2026-06-16 09:41:18+05:30,3131.6,3,3142.28,484513,106438.0,194038.0,3163.0,3163.0,3130.0,3134.3,31701800,3447.7,2820.9,3839.9,2896.0,3131.4,3,1,3131.3,30,3,3131.2,30,1,3131.1,101,4,3131.0,330,5,3131.6,57,1,3131.7,95,1,3132.0,72,5,3132.1,43,2,3132.2,78,6
2031,2026-06-16 09:41:18+05:30,3131.6,3,3142.28,484513,106438.0,194038.0,3163.0,3163.0,3130.0,3134.3,31701800,3447.7,2820.9,3839.9,2896.0,3131.4,3,1,3131.3,30,3,3131.2,30,1,3131.1,101,4,3131.0,330,5,3131.6,57,1,3131.7,95,1,3132.0,72,5,3132.1,43,2,3132.2,78,6
2031,2026-06-16 09:41:18+05:30,3131.3,21,3142.28,484513,106438.0,194038.0,3163.0,3163.0,3130.0,3134.3,31701800,3447.7,2820.9,3839.9,2896.0,3131.4,3,1,3131.3,30,3,3131.2,30,1,3131.1,101,4,3131.0,330,5,3131.6,57,1,3131.7,95,1,3132.0,72,5,3132.1,43,2,3132.2,78,6
2031,2026-06-16 09:41:19+05:30,3131.6,15,3142.28,484728,106531.0,194466.0,3163.0,3163.0,3130.0,3134.3,31701800,3447.7,2820.9,3839.9,2896.0,3131.4,34,1,3131.3,9,3,3131.2,30,1,3131.1,101,4,3131.0,330,5,3131.6,75,4,3131.7,64,1,3132.0,286,7,3132.1,83,3,3132.2,83,5
2031,2026-06-16 09:41:19+05:30,3131.6,1,3142.28,484728,106531.0,194466.0,3163.0,3163.0,3130.0,3134.3,31701800,3447.7,2820.9,3839.9,2896.0,3131.4,34,1,3131.3,9,3,3131.2,30,1,3131.1,101,4,3131.0,330,5,3131.6,75,4,3131.7,64,1,3132.0,286,7,3132.1,83,3,3132.2,83,5
2031,2026-06-16 09:41:20+05:30,3131.6,1,3142.28,484728,106531.0,194466.0,3163.0,3163.0,3130.0,3134.3,31701800,3447.7,2820.9,3839.9,2896.0,3131.4,34,1,3131.3,9,3,3131.2,30,1,3131.1,101,4,3131.0,330,5,3131.6,75,4,3131.7,64,1,3132.0,286,7,3132.1,83,3,3132.2,83,5
2031,2026-06-16 09:41:20+05:30,3131.6,5,3142.28,484803,106530.0,194767.0,3163.0,3163.0,3130.0,3134.3,31701800,3447.7,2820.9,3839.9,2896.0,3131.4,4,1,3131.3,47,5,3131.2,30,1,3131.1,101,4,3131.0,330,5,3131.6,88,5,3131.7,104,2,3131.8,19,1,3131.9,200,1,3132.0,144,8
2031,2026-06-16 09:41:20+05:30,3131.4,36,3142.28,484803,106530.0,194767.0,3163.0,3163.0,3130.0,3134.3,31701800,3447.7,2820.9,3839.9,2896.0,3131.4,4,1,3131.3,47,5,3131.2,30,1,3131.1,101,4,3131.0,330,5,3131.6,88,5,3131.7,104,2,3131.8,19,1,3131.9,200,1,3132.0,144,8
2031,2026-06-16 09:41:21+05:30,3131.5,1,3142.27,484840,106474.0,194658.0,3163.0,3163.0,3130.0,3134.3,31701800,3447.7,2820.9,3839.9,2896.0,3131.4,3,1,3131.3,47,5,3131.2,30,1,3131.1,101,4,3131.0,330,5,3131.5,24,1,3131.6,52,4,3131.7,64,1,3131.9,259,3,3132.0,39,4
2031,2026-06-16 09:41:21+05:30,3131.5,1,3142.27,484840,106474.0,194658.0,3163.0,3163.0,3130.0,3134.3,31701800,3447.7,2820.9,3839.9,2896.0,3131.4,3,1,3131.3,47,5,3131.2,30,1,3131.1,101,4,3131.0,330,5,3131.5,24,1,3131.6,52,4,3131.7,64,1,3131.9,259,3,3132.0,39,4
2031,2026-06-16 09:41:21+05:30,3131.5,1,3142.27,484840,106474.0,194658.0,3163.0,3163.0,3130.0,3134.3,31701800,3447.7,2820.9,3839.9,2896.0,3131.4,3,1,3131.3,47,5,3131.2,30,1,3131.1,101,4,3131.0,330,5,3131.5,24,1,3131.6,52,4,3131.7,64,1,3131.9,259,3,3132.0,39,4
2031,2026-06-16 09:41:22+05:30,3131.5,1,3142.27,484840,106474.0,194658.0,3163.0,3163.0,3130.0,3134.3,31701800,3447.7,2820.9,3839.9,2896.0,3131.4,3,1,3131.3,47,5,3131.2,30,1,3131.1,101,4,3131.0,330,5,3131.5,24,1,3131.6,52,4,3131.7,64,1,3131.9,259,3,3132.0,39,4
2031,2026-06-16 09:41:22+05:30,3131.5,1,3142.27,484840,106458.0,194718.0,3163.0,3163.0,3130.0,3134.3,31701800,3447.7,2820.9,3839.9,2896.0,3131.4,4,2,3131.3,49,6,3131.2,30,1,3131.1,101,4,3131.0,330,5,3131.5,34,3,3131.6,32,2,3131.7,104,2,3131.9,230,2,3132.0,79,5
2031,2026-06-16 09:41:22+05:30,3131.5,1,3142.27,484840,106458.0,194718.0,3163.0,3163.0,3130.0,3134.3,31701800,3447.7,2820.9,3839.9,2896.0,3131.4,4,2,3131.3,49,6,3131.2,30,1,3131.1,101,4,3131.0,330,5,3131.5,34,3,3131.6,32,2,3131.7,104,2,3131.9,230,2,3132.0,79,5
2031,2026-06-16 09:41:23+05:30,3131.5,1,3142.27,484840,106458.0,194718.0,3163.0,3163.0,3130.0,3134.3,31701800,3447.7,2820.9,3839.9,2896.0,3131.4,4,2,3131.3,49,6,3131.2,30,1,3131.1,101,4,3131.0,330,5,3131.5,34,3,3131.6,32,2,3131.7,104,2,3131.9,230,2,3132.0,79,5
2031,2026-06-16 09:41:23+05:30,3131.3,12,3142.27,485083,106407.0,194744.0,3163.0,3163.0,3130.0,3134.3,31701800,3447.7,2820.9,3839.9,2896.0,3131.3,60,3,3131.2,30,1,3131.1,101,4,3131.0,330,5,3130.8,334,2,3131.5,50,4,3131.6,32,2,3131.7,64,1,3131.9,230,2,3132.0,103,6
2031,2026-06-16 09:41:23+05:30,3131.3,26,3142.27,485083,106407.0,194744.0,3163.0,3163.0,3130.0,3134.3,31701800,3447.7,2820.9,3839.9,2896.0,3131.3,60,3,3131.2,30,1,3131.1,101,4,3131.0,330,5,3130.8,334,2,3131.5,50,4,3131.6,32,2,3131.7,64,1,3131.9,230,2,3132.0,103,6
2031,2026-06-16 09:41:23+05:30,3131.3,26,3142.27,485083,106407.0,194744.0,3163.0,3163.0,3130.0,3134.3,31701800,3447.7,2820.9,3839.9,2896.0,3131.3,60,3,3131.2,30,1,3131.1,101,4,3131.0,330,5,3130.8,334,2,3131.5,50,4,3131.6,32,2,3131.7,64,1,3131.9,230,2,3132.0,103,6
2031,2026-06-16 09:41:24+05:30,3131.3,26,3142.27,485083,106407.0,194744.0,3163.0,3163.0,3130.0,3134.3,31701800,3447.7,2820.9,3839.9,2896.0,3131.3,101,4,3131.2,49,2,3131.1,101,4,3131.0,383,8,3130.9,11,1,3131.4,30,1,3131.5,59,5,3131.6,32,2,3131.7,64,1,3131.9,200,1
2031,2026-06-16 09:41:24+05:30,3131.3,26,3142.26,485283,106630.0,194717.0,3163.0,3163.0,3130.0,3134.3,31701800,3447.7,2820.9,3839.9,2896.0,3131.3,101,4,3131.2,49,2,3131.1,101,4,3131.0,383,8,3130.9,11,1,3131.4,30,1,3131.5,59,5,3131.6,32,2,3131.7,64,1,3131.9,200,1
2031,2026-06-16 09:41:25+05:30,3131.3,26,3142.26,485283,106630.0,194717.0,3163.0,3163.0,3130.0,3134.3,31701800,3447.7,2820.9,3839.9,2896.0,3131.3,101,4,3131.2,49,2,3131.1,101,4,3131.0,383,8,3130.9,11,1,3131.4,30,1,3131.5,59,5,3131.6,32,2,3131.7,64,1,3131.9,200,1
2031,2026-06-16 09:41:25+05:30,3131.3,26,3142.26,485283,106633.0,194288.0,3163.0,3163.0,3130.0,3134.3,31701800,3447.7,2820.9,3839.9,2896.0,3131.3,101,4,3131.2,49,2,3131.1,101,4,3131.0,383,8,3130.9,11,1,3131.4,30,1,3131.5,121,6,3131.6,32,2,3131.7,74,2,3131.9,200,1
2031,2026-06-16 09:41:26+05:30,3131.3,26,3142.26,485283,106633.0,194288.0,3163.0,3163.0,3130.0,3134.3,31701800,3447.7,2820.9,3839.9,2896.0,3131.3,101,4,3131.2,49,2,3131.1,101,4,3131.0,383,8,3130.9,11,1,3131.4,30,1,3131.5,121,6,3131.6,32,2,3131.7,74,2,3131.9,200,1
2031,2026-06-16 09:41:26+05:30,3131.3,3,3142.26,485301,106693.0,192905.0,3163.0,3163.0,3130.0,3134.3,31701800,3447.7,2820.9,3839.9,2896.0,3131.3,91,4,3131.2,30,1,3131.1,101,4,3131.0,330,5,3130.9,11,1,3131.4,100,2,3131.5,121,6,3131.6,32,2,3131.7,74,2,3131.9,200,1
2031,2026-06-16 09:41:26+05:30,3131.4,1,3142.26,485301,106693.0,192905.0,3163.0,3163.0,3130.0,3134.3,31701800,3447.7,2820.9,3839.9,2896.0,3131.3,91,4,3131.2,30,1,3131.1,101,4,3131.0,330,5,3130.9,11,1,3131.4,100,2,3131.5,121,6,3131.6,32,2,3131.7,74,2,3131.9,200,1
2031,2026-06-16 09:41:27+05:30,3131.4,1,3142.26,485301,106693.0,192905.0,3163.0,3163.0,3130.0,3134.3,31701800,3447.7,2820.9,3839.9,2896.0,3131.3,91,4,3131.2,30,1,3131.1,101,4,3131.0,330,5,3130.9,11,1,3131.4,100,2,3131.5,121,6,3131.6,32,2,3131.7,74,2,3131.9,200,1
2031,2026-06-16 09:41:27+05:30,3131.4,1,3142.26,485394,106755.0,194068.0,3163.0,3163.0,3130.0,3134.3,31701800,3447.7,2820.9,3839.9,2896.0,3131.3,31,2,3131.2,44,2,3131.1,101,4,3131.0,330,5,3130.8,431,4,3131.4,119,4,3131.5,71,3,3131.6,32,2,3131.7,74,2,3131.9,200,1
2031,2026-06-16 09:41:27+05:30,3131.4,1,3142.26,485394,106755.0,194068.0,3163.0,3163.0,3130.0,3134.3,31701800,3447.7,2820.9,3839.9,2896.0,3131.3,31,2,3131.2,44,2,3131.1,101,4,3131.0,330,5,3130.8,431,4,3131.4,119,4,3131.5,71,3,3131.6,32,2,3131.7,74,2,3131.9,200,1
2031,2026-06-16 09:41:28+05:30,3131.4,1,3142.26,485394,106755.0,194068.0,3163.0,3163.0,3130.0,3134.3,31701800,3447.7,2820.9,3839.9,2896.0,3131.3,31,2,3131.2,44,2,3131.1,101,4,3131.0,330,5,3130.8,431,4,3131.4,119,4,3131.5,71,3,3131.6,32,2,3131.7,74,2,3131.9,200,1
2031,2026-06-16 09:41:28+05:30,3131.2,53,3142.26,485394,106755.0,194068.0,3163.0,3163.0,3130.0,3134.3,31701800,3447.7,2820.9,3839.9,2896.0,3131.2,14,1,3131.1,101,4,3131.0,330,5,3130.8,334,2,3130.7,20,2,3131.4,134,5,3131.5,71,3,3131.6,32,2,3131.7,74,2,3131.9,200,1
2031,2026-06-16 09:41:28+05:30,3131.2,53,3142.25,485768,106788.0,194903.0,3163.0,3163.0,3130.0,3134.3,31701800,3447.7,2820.9,3839.9,2896.0,3131.2,14,1,3131.1,101,4,3131.0,330,5,3130.8,334,2,3130.7,20,2,3131.4,134,5,3131.5,71,3,3131.6,32,2,3131.7,74,2,3131.9,200,1
2031,2026-06-16 09:41:29+05:30,3131.2,53,3142.25,485768,106788.0,194903.0,3163.0,3163.0,3130.0,3134.3,31712800,3447.7,2820.9,3839.9,2896.0,3131.2,14,1,3131.1,101,4,3131.0,330,5,3130.8,334,2,3130.7,20,2,3131.4,134,5,3131.5,71,3,3131.6,32,2,3131.7,74,2,3131.9,200,1
2031,2026-06-16 09:41:29+05:30,3131.2,53,3142.25,485768,106965.0,194873.0,3163.0,3163.0,3130.0,3134.3,31712800,3447.7,2820.9,3839.9,2896.0,3131.3,1,1,3131.2,14,1,3131.1,107,5,3131.0,382,6,3130.9,36,2,3131.4,134,5,3131.5,62,2,3131.6,32,2,3131.7,74,2,3131.9,200,1
2031,2026-06-16 09:41:30+05:30,3131.4,2,3142.25,485768,106965.0,194873.0,3163.0,3163.0,3130.0,3134.3,31712800,3447.7,2820.9,3839.9,2896.0,3131.3,1,1,3131.2,14,1,3131.1,107,5,3131.0,382,6,3130.9,36,2,3131.4,134,5,3131.5,62,2,3131.6,32,2,3131.7,74,2,3131.9,200,1
2031,2026-06-16 09:41:31+05:30,3131.4,2,3142.25,485840,106985.0,194198.0,3163.0,3163.0,3130.0,3134.3,31712800,3447.7,2820.9,3839.9,2896.0,3131.2,15,2,3131.1,101,4,3131.0,382,6,3130.8,334,2,3130.7,20,2,3131.4,136,7,3131.5,62,2,3131.6,32,2,3131.7,74,2,3131.9,200,1
2031,2026-06-16 09:41:31+05:30,3131.4,1,3142.25,485840,106985.0,194198.0,3163.0,3163.0,3130.0,3134.3,31712800,3447.7,2820.9,3839.9,2896.0,3131.2,15,2,3131.1,101,4,3131.0,382,6,3130.8,334,2,3130.7,20,2,3131.4,136,7,3131.5,62,2,3131.6,32,2,3131.7,74,2,3131.9,200,1
2031,2026-06-16 09:41:32+05:30,3131.4,1,3142.25,485841,107021.0,194262.0,3163.0,3163.0,3130.0,3134.3,31712800,3447.7,2820.9,3839.9,2896.0,3131.2,24,3,3131.1,101,4,3131.0,382,6,3130.9,19,1,3130.8,334,2,3131.4,161,8,3131.5,62,2,3131.6,32,2,3131.7,74,2,3131.9,200,1
2031,2026-06-16 09:41:32+05:30,3131.4,1,3142.25,485841,107021.0,194262.0,3163.0,3163.0,3130.0,3134.3,31712800,3447.7,2820.9,3839.9,2896.0,3131.2,24,3,3131.1,101,4,3131.0,382,6,3130.9,19,1,3130.8,334,2,3131.4,161,8,3131.5,62,2,3131.6,32,2,3131.7,74,2,3131.9,200,1
2031,2026-06-16 09:41:33+05:30,3131.4,1,3142.25,485843,107062.0,194657.0,3163.0,3163.0,3130.0,3134.3,31712800,3447.7,2820.9,3839.9,2896.0,3131.3,25,1,3131.2,28,4,3131.1,120,5,3131.0,407,7,3130.9,11,1,3131.4,177,9,3131.5,62,2,3131.6,32,2,3131.7,74,2,3132.0,22,2
2031,2026-06-16 09:41:33+05:30,3131.4,6,3142.25,485843,107062.0,194657.0,3163.0,3163.0,3130.0,3134.3,31712800,3447.7,2820.9,3839.9,2896.0,3131.3,25,1,3131.2,28,4,3131.1,120,5,3131.0,407,7,3130.9,11,1,3131.4,177,9,3131.5,62,2,3131.6,32,2,3131.7,74,2,3132.0,22,2
2031,2026-06-16 09:41:34+05:30,3131.1,36,3142.21,488109,105872.0,193335.0,3163.0,3163.0,3130.0,3134.3,31712800,3447.7,2820.9,3839.9,2896.0,3131.1,65,4,3131.0,382,6,3130.8,334,2,3130.7,5,1,3130.5,14,1,3131.4,250,3,3132.2,6,1,3132.3,240,2,3132.5,19,1,3132.6,80,2
2031,2026-06-16 09:41:34+05:30,3131.2,12,3142.21,488109,105872.0,193335.0,3163.0,3163.0,3130.0,3134.3,31712800,3447.7,2820.9,3839.9,2896.0,3131.1,65,4,3131.0,382,6,3130.8,334,2,3130.7,5,1,3130.5,14,1,3131.4,250,3,3132.2,6,1,3132.3,240,2,3132.5,19,1,3132.6,80,2
2031,2026-06-16 09:41:35+05:30,3131.2,20,3142.21,488141,106692.0,194081.0,3163.0,3163.0,3130.0,3134.3,31712800,3447.7,2820.9,3839.9,2896.0,3131.1,71,5,3131.0,410,7,3130.8,334,2,3130.7,5,1,3130.5,25,1,3131.2,168,1,3131.3,298,1,3131.4,79,3,3132.2,244,3,3132.3,28,1
2031,2026-06-16 09:41:35+05:30,3131.1,134,3142.21,488141,106692.0,194081.0,3163.0,3163.0,3130.0,3134.3,31712800,3447.7,2820.9,3839.9,2896.0,3131.1,71,5,3131.0,410,7,3130.8,334,2,3130.7,5,1,3130.5,25,1,3131.2,168,1,3131.3,298,1,3131.4,79,3,3132.2,244,3,3132.3,28,1
2031,2026-06-16 09:41:36+05:30,3131.1,54,3142.19,488691,106752.0,193915.0,3163.0,3163.0,3130.0,3134.3,31712800,3447.7,2820.9,3839.9,2896.0,3131.1,75,1,3131.0,317,11,3130.8,387,6,3130.7,16,2,3130.6,134,5,3131.2,38,2,3131.3,89,1,3131.4,79,3,3132.2,28,1,3132.4,200,1
2031,2026-06-16 09:41:36+05:30,3131.4,3,3142.19,488691,106752.0,193915.0,3163.0,3163.0,3130.0,3134.3,31712800,3447.7,2820.9,3839.9,2896.0,3131.1,75,1,3131.0,317,11,3130.8,387,6,3130.7,16,2,3130.6,134,5,3131.2,38,2,3131.3,89,1,3131.4,79,3,3132.2,28,1,3132.4,200,1
2031,2026-06-16 09:41:37+05:30,3131.4,3,3142.19,488791,106961.0,193485.0,3163.0,3163.0,3130.0,3134.3,31712800,3447.7,2820.9,3839.9,2896.0,3131.3,1,1,3131.1,125,4,3131.0,273,9,3130.8,387,6,3130.7,111,4,3131.4,76,3,3132.2,28,1,3132.4,200,1,3132.5,21,1,3132.7,30,3
2031,2026-06-16 09:41:37+05:30,3131.1,2,3142.19,488791,106961.0,193485.0,3163.0,3163.0,3130.0,3134.3,31712800,3447.7,2820.9,3839.9,2896.0,3131.3,1,1,3131.1,125,4,3131.0,273,9,3130.8,387,6,3130.7,111,4,3131.4,76,3,3132.2,28,1,3132.4,200,1,3132.5,21,1,3132.7,30,3
2031,2026-06-16 09:41:38+05:30,3131.3,107,3142.16,490202,106462.0,192990.0,3163.0,3163.0,3130.0,3134.3,31712800,3447.7,2820.9,3839.9,2896.0,3131.3,72,2,3131.1,73,1,3131.0,137,5,3130.8,334,2,3130.7,5,1,3131.6,200,1,3132.0,38,2,3132.1,19,1,3132.2,66,3,3132.3,40,1
2031,2026-06-16 09:41:38+05:30,3131.3,12,3142.16,490202,106462.0,192990.0,3163.0,3163.0,3130.0,3134.3,31712800,3447.7,2820.9,3839.9,2896.0,3131.3,72,2,3131.1,73,1,3131.0,137,5,3130.8,334,2,3130.7,5,1,3131.6,200,1,3132.0,38,2,3132.1,19,1,3132.2,66,3,3132.3,40,1
2031,2026-06-16 09:41:39+05:30,3131.4,1,3142.16,490431,106470.0,194717.0,3163.0,3163.0,3130.0,3134.3,31712800,3447.7,2820.9,3839.9,2896.0,3131.3,60,2,3131.1,73,1,3131.0,137,5,3130.8,334,2,3130.7,5,1,3131.4,14,1,3131.5,230,1,3131.6,243,3,3131.7,40,1,3131.8,19,1
2031,2026-06-16 09:41:39+05:30,3131.3,62,3142.16,490431,106470.0,194717.0,3163.0,3163.0,3130.0,3134.3,31712800,3447.7,2820.9,3839.9,2896.0,3131.3,60,2,3131.1,73,1,3131.0,137,5,3130.8,334,2,3130.7,5,1,3131.4,14,1,3131.5,230,1,3131.6,243,3,3131.7,40,1,3131.8,19,1
2031,2026-06-16 09:41:40+05:30,3131.5,20,3142.14,490945,105773.0,194531.0,3163.0,3163.0,3130.0,3134.3,31712800,3447.7,2820.9,3839.9,2896.0,3131.1,23,1,3131.0,137,5,3130.8,334,2,3130.7,5,1,3130.4,14,1,3131.5,49,1,3131.6,24,1,3131.7,18,1,3131.8,32,1,3131.9,240,2
2031,2026-06-16 09:41:40+05:30,3131.5,20,3142.14,490945,105773.0,194531.0,3163.0,3163.0,3130.0,3134.3,31712800,3447.7,2820.9,3839.9,2896.0,3131.1,23,1,3131.0,137,5,3130.8,334,2,3130.7,5,1,3130.4,14,1,3131.5,49,1,3131.6,24,1,3131.7,18,1,3131.8,32,1,3131.9,240,2
2031,2026-06-16 09:41:41+05:30,3131.5,20,3142.14,490945,106354.0,194687.0,3163.0,3163.0,3130.0,3134.3,31712800,3447.7,2820.9,3839.9,2896.0,3131.1,23,1,3131.0,137,5,3130.8,334,2,3130.7,5,1,3130.4,14,1,3131.5,49,1,3131.6,24,1,3131.7,58,2,3131.8,78,2,3131.9,240,2
2031,2026-06-16 09:41:41+05:30,3131.0,75,3142.14,490945,106354.0,194687.0,3163.0,3163.0,3130.0,3134.3,31712800,3447.7,2820.9,3839.9,2896.0,3131.1,23,1,3131.0,137,5,3130.8,334,2,3130.7,5,1,3130.4,14,1,3131.5,49,1,3131.6,24,1,3131.7,58,2,3131.8,78,2,3131.9,240,2
2031,2026-06-16 09:41:42+05:30,3130.9,14,3142.13,491440,105201.0,193140.0,3163.0,3163.0,3130.0,3134.3,31712800,3447.7,2820.9,3839.9,2896.0,3130.8,362,3,3130.7,5,1,3130.3,13,1,3130.2,20,1,3130.1,55,3,3130.9,110,1,3131.3,4,1,3131.4,208,2,3131.5,132,4,3131.6,104,4
2031,2026-06-16 09:41:42+05:30,3130.9,20,3142.13,491440,105201.0,193140.0,3163.0,3163.0,3130.0,3134.3,31712800,3447.7,2820.9,3839.9,2896.0,3130.8,362,3,3130.7,5,1,3130.3,13,1,3130.2,20,1,3130.1,55,3,3130.9,110,1,3131.3,4,1,3131.4,208,2,3131.5,132,4,3131.6,104,4
2031,2026-06-16 09:41:43+05:30,3130.9,10,3142.13,491440,105201.0,193140.0,3163.0,3163.0,3130.0,3134.3,31712800,3447.7,2820.9,3839.9,2896.0,3130.8,362,3,3130.7,5,1,3130.3,13,1,3130.2,20,1,3130.1,55,3,3130.9,110,1,3131.3,4,1,3131.4,208,2,3131.5,132,4,3131.6,104,4
2031,2026-06-16 09:41:43+05:30,3130.9,10,3142.13,491516,105477.0,195271.0,3163.0,3163.0,3130.0,3134.3,31712800,3447.7,2820.9,3839.9,2896.0,3130.8,348,5,3130.7,5,1,3130.6,25,1,3130.3,16,2,3130.2,21,2,3130.9,207,3,3131.3,4,1,3131.4,233,3,3131.5,158,4,3131.6,21,1
2031,2026-06-16 09:41:44+05:30,3130.9,10,3142.13,491516,105477.0,195271.0,3163.0,3163.0,3130.0,3134.3,31712800,3447.7,2820.9,3839.9,2896.0,3130.8,348,5,3130.7,5,1,3130.6,25,1,3130.3,16,2,3130.2,21,2,3130.9,207,3,3131.3,4,1,3131.4,233,3,3131.5,158,4,3131.6,21,1
2031,2026-06-16 09:41:44+05:30,3130.9,10,3142.13,491552,105666.0,195265.0,3163.0,3163.0,3130.0,3134.3,31712800,3447.7,2820.9,3839.9,2896.0,3130.8,362,6,3130.7,5,1,3130.6,25,1,3130.3,16,2,3130.2,21,2,3130.9,197,3,3131.3,4,1,3131.4,233,3,3131.5,158,4,3131.6,21,1
2031,2026-06-16 09:41:45+05:30,3131.0,1,3142.13,491552,105666.0,195265.0,3163.0,3163.0,3130.0,3134.3,31712800,3447.7,2820.9,3839.9,2896.0,3130.8,362,6,3130.7,5,1,3130.6,25,1,3130.3,16,2,3130.2,21,2,3130.9,197,3,3131.3,4,1,3131.4,233,3,3131.5,158,4,3131.6,21,1
2031,2026-06-16 09:41:46+05:30,3131.4,49,3142.12,491812,106435.0,194572.0,3163.0,3163.0,3130.0,3134.3,31712800,3447.7,2820.9,3839.9,2896.0,3130.9,21,3,3130.8,488,9,3130.7,5,1,3130.6,44,2,3130.5,20,1,3131.4,176,2,3131.5,118,3,3131.8,200,1,3131.9,234,2,3132.0,200,1
2031,2026-06-16 09:41:46+05:30,3131.4,49,3142.12,491812,106435.0,194572.0,3163.0,3163.0,3130.0,3134.3,31712800,3447.7,2820.9,3839.9,2896.0,3130.9,21,3,3130.8,488,9,3130.7,5,1,3130.6,44,2,3130.5,20,1,3131.4,176,2,3131.5,118,3,3131.8,200,1,3131.9,234,2,3132.0,200,1
2031,2026-06-16 09:41:47+05:30,3131.4,49,3142.12,491812,106409.0,194525.0,3163.0,3163.0,3130.0,3134.3,31712800,3447.7,2820.9,3839.9,2896.0,3130.9,15,4,3130.8,514,11,3130.7,20,2,3130.6,44,2,3130.5,20,1,3131.4,201,3,3131.5,177,4,3131.8,226,2,3131.9,261,3,3132.1,291,5
2031,2026-06-16 09:41:47+05:30,3131.4,1,3142.12,491812,106409.0,194525.0,3163.0,3163.0,3130.0,3134.3,31712800,3447.7,2820.9,3839.9,2896.0,3130.9,15,4,3130.8,514,11,3130.7,20,2,3130.6,44,2,3130.5,20,1,3131.4,201,3,3131.5,177,4,3131.8,226,2,3131.9,261,3,3132.1,291,5
2031,2026-06-16 09:41:48+05:30,3130.8,71,3142.11,492303,105770.0,194597.0,3163.0,3163.0,3130.0,3134.3,31712800,3447.7,2820.9,3839.9,2896.0,3130.8,137,8,3130.7,5,1,3130.6,44,2,3130.5,178,2,3130.4,165,4,3131.4,200,3,3131.5,177,4,3131.8,226,2,3131.9,227,2,3132.1,375,6
2031,2026-06-16 09:41:48+05:30,3131.0,100,3142.11,492303,105770.0,194597.0,3163.0,3163.0,3130.0,3134.3,31712800,3447.7,2820.9,3839.9,2896.0,3130.8,137,8,3130.7,5,1,3130.6,44,2,3130.5,178,2,3130.4,165,4,3131.4,200,3,3131.5,177,4,3131.8,226,2,3131.9,227,2,3132.1,375,6
2031,2026-06-16 09:41:49+05:30,3131.0,100,3142.11,492503,106745.0,194621.0,3163.0,3163.0,3130.0,3134.3,31712800,3447.7,2820.9,3839.9,2896.0,3131.0,568,1,3130.8,148,9,3130.7,37,3,3130.6,72,5,3130.4,150,5,3131.3,53,1,3131.4,200,3,3131.5,177,4,3131.8,226,2,3131.9,200,1
2031,2026-06-16 09:41:49+05:30,3131.0,100,3142.11,492503,106745.0,194621.0,3163.0,3163.0,3130.0,3134.3,31712800,3447.7,2820.9,3839.9,2896.0,3131.0,568,1,3130.8,148,9,3130.7,37,3,3130.6,72,5,3130.4,150,5,3131.3,53,1,3131.4,200,3,3131.5,177,4,3131.8,226,2,3131.9,200,1
2031,2026-06-16 09:41:50+05:30,3131.3,1,3142.11,492504,106774.0,194781.0,3163.0,3163.0,3130.0,3134.3,31712800,3447.7,2820.9,3839.9,2896.0,3131.0,653,4,3130.8,68,5,3130.7,5,1,3130.6,42,3,3130.4,170,6,3131.3,120,3,3131.4,333,3,3131.5,177,4,3131.8,426,3,3131.9,200,1
2031,2026-06-16 09:41:50+05:30,3131.3,2,3142.11,492504,106774.0,194781.0,3163.0,3163.0,3130.0,3134.3,31712800,3447.7,2820.9,3839.9,2896.0,3131.0,653,4,3130.8,68,5,3130.7,5,1,3130.6,42,3,3130.4,170,6,3131.3,120,3,3131.4,333,3,3131.5,177,4,3131.8,426,3,3131.9,200,1
2031,2026-06-16 09:41:51+05:30,3131.3,1,3142.11,492527,107236.0,194700.0,3163.0,3163.0,3130.0,3134.3,31712800,3447.7,2820.9,3839.9,2896.0,3131.0,1013,6,3130.8,93,6,3130.7,5,1,3130.6,67,4,3130.4,150,5,3131.3,115,4,3131.4,250,3,3131.5,177,4,3131.7,200,1,3131.8,249,3
2031,2026-06-16 09:41:51+05:30,3131.3,1,3142.11,492527,107236.0,194700.0,3163.0,3163.0,3130.0,3134.3,31712800,3447.7,2820.9,3839.9,2896.0,3131.0,1013,6,3130.8,93,6,3130.7,5,1,3130.6,67,4,3130.4,150,5,3131.3,115,4,3131.4,250,3,3131.5,177,4,3131.7,200,1,3131.8,249,3
2031,2026-06-16 09:41:52+05:30,3131.3,1,3142.1,492928,106075.0,194260.0,3163.0,3163.0,3130.0,3134.3,31712800,3447.7,2820.9,3839.9,2896.0,3131.0,636,7,3130.8,68,5,3130.7,5,1,3130.6,17,2,3130.5,25,1,3131.3,114,4,3131.4,292,4,3131.5,177,4,3131.7,26,1,3131.8,400,2
2031,2026-06-16 09:41:52+05:30,3131.0,21,3142.1,492928,106075.0,194260.0,3163.0,3163.0,3130.0,3134.3,31712800,3447.7,2820.9,3839.9,2896.0,3131.0,636,7,3130.8,68,5,3130.7,5,1,3130.6,17,2,3130.5,25,1,3131.3,114,4,3131.4,292,4,3131.5,177,4,3131.7,26,1,3131.8,400,2
2031,2026-06-16 09:41:53+05:30,3131.0,10,3142.08,493829,105457.0,194900.0,3163.0,3163.0,3130.0,3134.3,31712800,3447.7,2820.9,3839.9,2896.0,3131.0,42,2,3130.8,68,5,3130.7,5,1,3130.6,17,2,3130.3,16,2,3131.3,371,7,3131.4,228,4,3131.5,122,3,3131.6,42,2,3131.7,50,2
2031,2026-06-16 09:41:53+05:30,3130.8,15,3142.08,493829,105457.0,194900.0,3163.0,3163.0,3130.0,3134.3,31712800,3447.7,2820.9,3839.9,2896.0,3131.0,42,2,3130.8,68,5,3130.7,5,1,3130.6,17,2,3130.3,16,2,3131.3,371,7,3131.4,228,4,3131.5,122,3,3131.6,42,2,3131.7,50,2
2031,2026-06-16 09:41:54+05:30,3130.8,15,3142.07,494074,105184.0,195806.0,3163.0,3163.0,3130.0,3134.3,31712800,3447.7,2820.9,3839.9,2896.0,3130.8,39,4,3130.7,5,1,3130.6,17,2,3130.3,16,2,3130.2,21,2,3130.9,200,1,3131.1,78,3,3131.2,50,1,3131.3,540,10,3131.4,158,6
2031,2026-06-16 09:41:55+05:30,3130.8,15,3142.07,494074,105184.0,195806.0,3163.0,3163.0,3130.0,3134.3,31712800,3447.7,2820.9,3839.9,2896.0,3130.8,39,4,3130.7,5,1,3130.6,17,2,3130.3,16,2,3130.2,21,2,3130.9,200,1,3131.1,78,3,3131.2,50,1,3131.3,540,10,3131.4,158,6
2031,2026-06-16 09:41:55+05:30,3130.8,15,3142.07,494248,105102.0,195851.0,3163.0,3163.0,3130.0,3134.3,31712800,3447.7,2820.9,3839.9,2896.0,3130.8,22,2,3130.7,5,1,3130.6,17,2,3130.3,16,2,3130.2,21,2,3130.9,294,3,3131.0,40,1,3131.1,24,1,3131.2,91,3,3131.3,458,8
2031,2026-06-16 09:41:56+05:30,3129.7,14,3141.98,498047,99406.0,196886.0,3163.0,3163.0,3129.0,3134.3,31712800,3447.7,2820.9,3839.9,2896.0,3129.0,109,2,3128.7,5,1,3128.4,14,1,3128.3,226,3,3128.2,84,2,3129.7,157,1,3129.8,105,4,3129.9,2,1,3130.0,97,4,3130.1,234,2
2031,2026-06-16 09:41:56+05:30,3129.7,14,3141.98,498047,99406.0,196886.0,3163.0,3163.0,3129.0,3134.3,31712800,3447.7,2820.9,3839.9,2896.0,3129.0,109,2,3128.7,5,1,3128.4,14,1,3128.3,226,3,3128.2,84,2,3129.7,157,1,3129.8,105,4,3129.9,2,1,3130.0,97,4,3130.1,234,2
2031,2026-06-16 09:41:57+05:30,3128.2,87,3141.96,498634,100565.0,195521.0,3163.0,3163.0,3128.0,3134.3,31712800,3447.7,2820.9,3839.9,2896.0,3128.2,14,1,3128.0,1500,9,3127.9,10,1,3127.8,67,4,3127.6,72,5,3129.4,70,1,3129.5,195,4,3129.6,72,2,3129.7,95,3,3129.8,286,4
2031,2026-06-16 09:41:57+05:30,3128.2,87,3141.96,498634,100565.0,195521.0,3163.0,3163.0,3128.0,3134.3,31712800,3447.7,2820.9,3839.9,2896.0,3128.2,14,1,3128.0,1500,9,3127.9,10,1,3127.8,67,4,3127.6,72,5,3129.4,70,1,3129.5,195,4,3129.6,72,2,3129.7,95,3,3129.8,286,4
2031,2026-06-16 09:41:58+05:30,3128.8,200,3141.96,498634,100565.0,195521.0,3163.0,3163.0,3128.0,3134.3,31712800,3447.7,2820.9,3839.9,2896.0,3128.2,14,1,3128.0,1500,9,3127.9,10,1,3127.8,67,4,3127.6,72,5,3129.4,70,1,3129.5,195,4,3129.6,72,2,3129.7,95,3,3129.8,286,4
2031,2026-06-16 09:41:59+05:30,3128.8,200,3141.96,498878,102157.0,194969.0,3163.0,3163.0,3128.0,3134.3,31712800,3447.7,2820.9,3839.9,2896.0,3128.8,16,1,3128.4,1,1,3128.2,112,4,3128.1,219,3,3128.0,1851,14,3129.4,8,2,3129.5,18,2,3129.6,167,3,3129.7,57,2,3129.8,19,1
2031,2026-06-16 09:41:59+05:30,3128.2,7,3141.96,498878,102157.0,194969.0,3163.0,3163.0,3128.0,3134.3,31712800,3447.7,2820.9,3839.9,2896.0,3128.8,16,1,3128.4,1,1,3128.2,112,4,3128.1,219,3,3128.0,1851,14,3129.4,8,2,3129.5,18,2,3129.6,167,3,3129.7,57,2,3129.8,19,1
2031,2026-06-16 09:42:00+05:30,3128.2,7,3141.95,498928,102109.0,194367.0,3163.0,3163.0,3128.0,3134.3,31712800,3447.7,2820.9,3839.9,2896.0,3128.8,115,2,3128.7,32,2,3128.4,64,3,3128.3,22,1,3128.2,82,5,3129.3,26,2,3129.4,65,6,3129.5,8,1,3129.7,26,1,3129.9,60,2
2031,2026-06-16 09:42:01+05:30,3128.2,7,3141.95,498928,102407.0,194452.0,3163.0,3163.0,3128.0,3134.3,31712800,3447.7,2820.9,3839.9,2896.0,3129.1,2,2,3128.8,135,4,3128.6,44,2,3128.4,39,2,3128.3,94,2,3129.3,26,1,3129.4,17,3,3129.8,108,1,3130.0,268,4,3130.1,137,2
2031,2026-06-16 09:42:01+05:30,3129.1,1,3141.95,498928,102407.0,194452.0,3163.0,3163.0,3128.0,3134.3,31712800,3447.7,2820.9,3839.9,2896.0,3129.1,2,2,3128.8,135,4,3128.6,44,2,3128.4,39,2,3128.3,94,2,3129.3,26,1,3129.4,17,3,3129.8,108,1,3130.0,268,4,3130.1,137,2
2031,2026-06-16 09:42:02+05:30,3129.1,1,3141.95,498929,102474.0,194506.0,3163.0,3163.0,3128.0,3134.3,31712800,3447.7,2820.9,3839.9,2896.0,3129.1,45,3,3128.8,135,4,3128.6,44,2,3128.4,67,3,3128.3,94,2,3129.3,26,1,3129.4,17,3,3129.7,14,1,3129.8,108,1,3130.0,348,5
2031,2026-06-16 09:42:03+05:30,3129.3,1,3141.95,499181,102605.0,194773.0,3163.0,3163.0,3128.0,3134.3,31712800,3447.7,2820.9,3839.9,2896.0,3129.1,27,1,3128.8,134,5,3128.6,217,3,3128.5,128,2,3128.4,64,3,3129.3,25,1,3129.4,17,3,3129.8,108,1,3130.0,368,5,3130.1,253,2
2031,2026-06-16 09:42:03+05:30,3129.4,6,3141.95,499181,102605.0,194773.0,3163.0,3163.0,3128.0,3134.3,31712800,3447.7,2820.9,3839.9,2896.0,3129.1,27,1,3128.8,134,5,3128.6,217,3,3128.5,128,2,3128.4,64,3,3129.3,25,1,3129.4,17,3,3129.8,108,1,3130.0,368,5,3130.1,253,2
2031,2026-06-16 09:42:04+05:30,3129.8,5,3141.94,499457,102990.0,194164.0,3163.0,3163.0,3128.0,3134.3,31712800,3447.7,2820.9,3839.9,2896.0,3129.1,76,5,3129.0,9,1,3128.8,191,7,3128.6,62,3,3128.5,29,1,3129.8,103,1,3130.0,368,5,3130.1,232,2,3130.2,200,1,3130.3,200,1
2031,2026-06-16 09:42:04+05:30,3129.8,9,3141.94,499457,102990.0,194164.0,3163.0,3163.0,3128.0,3134.3,31712800,3447.7,2820.9,3839.9,2896.0,3129.1,76,5,3129.0,9,1,3128.8,191,7,3128.6,62,3,3128.5,29,1,3129.8,103,1,3130.0,368,5,3130.1,232,2,3130.2,200,1,3130.3,200,1
2031,2026-06-16 09:42:05+05:30,3129.8,1,3141.94,499567,103302.0,194532.0,3163.0,3163.0,3128.0,3134.3,31712800,3447.7,2820.9,3839.9,2896.0,3129.1,121,6,3129.0,27,2,3128.9,20,1,3128.8,145,6,3128.6,134,4,3129.8,100,2,3130.0,368,5,3130.1,232,2,3130.2,230,2,3130.3,200,1
2031,2026-06-16 09:42:05+05:30,3129.8,1,3141.94,499567,103302.0,194532.0,3163.0,3163.0,3128.0,3134.3,31712800,3447.7,2820.9,3839.9,2896.0,3129.1,121,6,3129.0,27,2,3128.9,20,1,3128.8,145,6,3128.6,134,4,3129.8,100,2,3130.0,368,5,3130.1,232,2,3130.2,230,2,3130.3,200,1
2031,2026-06-16 09:42:06+05:30,3129.1,10,3141.93,499792,103025.0,194446.0,3163.0,3163.0,3128.0,3134.3,31712800,3447.7,2820.9,3839.9,2896.0,3129.1,97,5,3128.9,25,1,3128.8,70,4,3128.7,24,1,3128.6,62,3,3129.8,124,4,3130.0,368,5,3130.1,232,2,3130.2,314,3,3130.3,338,3
2031,2026-06-16 09:42:06+05:30,3129.1,10,3141.93,499792,103025.0,194446.0,3163.0,3163.0,3128.0,3134.3,31712800,3447.7,2820.9,3839.9,2896.0,3129.1,97,5,3128.9,25,1,3128.8,70,4,3128.7,24,1,3128.6,62,3,3129.8,124,4,3130.0,368,5,3130.1,232,2,3130.2,314,3,3130.3,338,3
2031,2026-06-16 09:42:07+05:30,3129.1,34,3141.93,499994,102891.0,192722.0,3163.0,3163.0,3128.0,3134.3,31712800,3447.7,2820.9,3839.9,2896.0,3129.1,39,2,3128.9,20,1,3128.8,94,5,3128.7,24,1,3128.6,70,3,3129.8,122,4,3129.9,63,1,3130.0,368,5,3130.1,232,2,3130.2,314,3
2031,2026-06-16 09:42:07+05:30,3129.1,34,3141.93,499994,102891.0,192722.0,3163.0,3163.0,3128.0,3134.3,31712800,3447.7,2820.9,3839.9,2896.0,3129.1,39,2,3128.9,20,1,3128.8,94,5,3128.7,24,1,3128.6,70,3,3129.8,122,4,3129.9,63,1,3130.0,368,5,3130.1,232,2,3130.2,314,3
2031,2026-06-16 09:42:08+05:30,3129.8,2,3141.92,500197,103132.0,194751.0,3163.0,3163.0,3128.0,3134.3,31712800,3447.7,2820.9,3839.9,2896.0,3129.1,83,4,3128.9,40,2,3128.8,140,6,3128.7,48,2,3128.6,205,5,3129.8,197,1,3130.0,353,5,3130.1,32,1,3130.2,230,2,3130.3,284,2
2031,2026-06-16 09:42:08+05:30,3129.8,2,3141.92,500197,103132.0,194751.0,3163.0,3163.0,3128.0,3134.3,31712800,3447.7,2820.9,3839.9,2896.0,3129.1,83,4,3128.9,40,2,3128.8,140,6,3128.7,48,2,3128.6,205,5,3129.8,197,1,3130.0,353,5,3130.1,32,1,3130.2,230,2,3130.3,284,2
2031,2026-06-16 09:42:09+05:30,3129.8,10,3141.92,500197,103132.0,194751.0,3163.0,3163.0,3128.0,3134.3,31712800,3447.7,2820.9,3839.9,2896.0,3129.1,83,4,3128.9,40,2,3128.8,140,6,3128.7,48,2,3128.6,205,5,3129.8,197,1,3130.0,353,5,3130.1,32,1,3130.2,230,2,3130.3,284,2
2031,2026-06-16 09:42:10+05:30,3129.8,10,3141.92,500207,103093.0,192986.0,3163.0,3163.0,3128.0,3134.3,31712800,3447.7,2820.9,3839.9,2896.0,3129.1,39,2,3128.8,68,3,3128.7,23,1,3128.6,44,2,3128.5,72,1,3129.8,213,2,3130.0,353,5,3130.1,116,2,3130.2,230,2,3130.3,358,4
2031,2026-06-16 09:42:10+05:30,3130.0,8,3141.92,500207,103093.0,192986.0,3163.0,3163.0,3128.0,3134.3,31712800,3447.7,2820.9,3839.9,2896.0,3129.1,39,2,3128.8,68,3,3128.7,23,1,3128.6,44,2,3128.5,72,1,3129.8,213,2,3130.0,353,5,3130.1,116,2,3130.2,230,2,3130.3,358,4
2031,2026-06-16 09:42:11+05:30,3130.0,8,3141.91,500685,103297.0,194247.0,3163.0,3163.0,3128.0,3134.3,31712800,3447.7,2820.9,3839.9,2896.0,3129.0,20,1,3128.9,108,4,3128.8,213,5,3128.7,23,1,3128.6,160,5,3130.0,345,5,3130.1,32,1,3130.2,30,1,3130.3,41,1,3130.5,209,6
2031,2026-06-16 09:42:12+05:30,3129.8,1,3141.91,500686,103166.0,194184.0,3163.0,3163.0,3128.0,3134.3,31712800,3447.7,2820.9,3839.9,2896.0,3129.0,20,1,3128.9,122,6,3128.8,165,4,3128.7,23,1,3128.6,160,5,3129.8,65,1,3130.0,131,2,3130.1,40,2,3130.2,56,2,3130.3,41,1
2031,2026-06-16 09:42:12+05:30,3129.8,1,3141.91,500686,103166.0,194184.0,3163.0,3163.0,3128.0,3134.3,31712800,3447.7,2820.9,3839.9,2896.0,3129.0,20,1,3128.9,122,6,3128.8,165,4,3128.7,23,1,3128.6,160,5,3129.8,65,1,3130.0,131,2,3130.1,40,2,3130.2,56,2,3130.3,41,1
2031,2026-06-16 09:42:12+05:30,3129.8,1,3141.91,500686,103166.0,194184.0,3163.0,3163.0,3128.0,3134.3,31712800,3447.7,2820.9,3839.9,2896.0,3129.0,20,1,3128.9,122,6,3128.8,165,4,3128.7,23,1,3128.6,160,5,3129.8,65,1,3130.0,131,2,3130.1,40,2,3130.2,56,2,3130.3,41,1
2031,2026-06-16 09:42:13+05:30,3129.0,15,3141.91,500728,103300.0,194775.0,3163.0,3163.0,3128.0,3134.3,31712800,3447.7,2820.9,3839.9,2896.0,3129.0,90,5,3128.9,78,4,3128.8,209,6,3128.7,47,2,3128.6,160,5,3129.8,92,2,3130.0,372,3,3130.1,40,2,3130.5,262,5,3130.6,41,1
2031,2026-06-16 09:42:13+05:30,3130.0,89,3141.91,500728,103300.0,194775.0,3163.0,3163.0,3128.0,3134.3,31712800,3447.7,2820.9,3839.9,2896.0,3129.0,90,5,3128.9,78,4,3128.8,209,6,3128.7,47,2,3128.6,160,5,3129.8,92,2,3130.0,372,3,3130.1,40,2,3130.5,262,5,3130.6,41,1
2031,2026-06-16 09:42:14+05:30,3130.0,89,3141.91,500728,103300.0,194775.0,3163.0,3163.0,3128.0,3134.3,31712800,3447.7,2820.9,3839.9,2896.0,3129.0,90,5,3128.9,78,4,3128.8,209,6,3128.7,47,2,3128.6,160,5,3129.8,92,2,3130.0,372,3,3130.1,40,2,3130.5,262,5,3130.6,41,1
2031,2026-06-16 09:42:14+05:30,3130.0,1,3141.9,501079,103784.0,194445.0,3163.0,3163.0,3128.0,3134.3,31712800,3447.7,2820.9,3839.9,2896.0,3129.1,24,1,3129.0,90,5,3128.9,120,5,3128.8,272,7,3128.7,47,2,3129.8,6,1,3130.0,290,3,3130.1,40,2,3130.5,262,5,3130.6,41,1
2031,2026-06-16 09:42:14+05:30,3129.8,53,3141.9,501079,103784.0,194445.0,3163.0,3163.0,3128.0,3134.3,31712800,3447.7,2820.9,3839.9,2896.0,3129.1,24,1,3129.0,90,5,3128.9,120,5,3128.8,272,7,3128.7,47,2,3129.8,6,1,3130.0,290,3,3130.1,40,2,3130.5,262,5,3130.6,41,1
2031,2026-06-16 09:42:15+05:30,3129.8,53,3141.9,501132,104694.0,194858.0,3163.0,3163.0,3128.0,3134.3,31712800,3447.7,2820.9,3839.9,2896.0,3129.8,47,1,3129.5,2,2,3129.1,57,5,3129.0,80,3,3128.9,69,3,3130.0,265,3,3130.1,40,2,3130.5,298,6,3130.6,41,1,3130.8,383,5
2031,2026-06-16 09:42:15+05:30,3129.8,53,3141.9,501132,104694.0,194858.0,3163.0,3163.0,3128.0,3134.3,31712800,3447.7,2820.9,3839.9,2896.0,3129.8,47,1,3129.5,2,2,3129.1,57,5,3129.0,80,3,3128.9,69,3,3130.0,265,3,3130.1,40,2,3130.5,298,6,3130.6,41,1,3130.8,383,5
2031,2026-06-16 09:42:15+05:30,3129.1,43,3141.9,501132,104694.0,194858.0,3163.0,3163.0,3128.0,3134.3,31712800,3447.7,2820.9,3839.9,2896.0,3129.8,47,1,3129.5,2,2,3129.1,57,5,3129.0,80,3,3128.9,69,3,3130.0,265,3,3130.1,40,2,3130.5,298,6,3130.6,41,1,3130.8,383,5
2031,2026-06-16 09:42:16+05:30,3129.3,200,3141.87,502289,102583.0,195083.0,3163.0,3163.0,3128.0,3134.3,31712800,3447.7,2820.9,3839.9,2896.0,3129.3,28,1,3128.4,21,1,3128.3,24,1,3128.2,46,3,3128.1,188,1,3129.8,466,6,3129.9,119,5,3130.0,448,6,3130.1,99,3,3130.2,292,4
2031,2026-06-16 09:42:16+05:30,3129.8,1,3141.87,502289,102583.0,195083.0,3163.0,3163.0,3128.0,3134.3,31712800,3447.7,2820.9,3839.9,2896.0,3129.3,28,1,3128.4,21,1,3128.3,24,1,3128.2,46,3,3128.1,188,1,3129.8,466,6,3129.9,119,5,3130.0,448,6,3130.1,99,3,3130.2,292,4
2031,2026-06-16 09:42:17+05:30,3129.8,1,3141.87,502289,102583.0,195083.0,3163.0,3163.0,3128.0,3134.3,31712800,3447.7,2820.9,3839.9,2896.0,3129.3,28,1,3128.4,21,1,3128.3,24,1,3128.2,46,3,3128.1,188,1,3129.8,466,6,3129.9,119,5,3130.0,448,6,3130.1,99,3,3130.2,292,4
2031,2026-06-16 09:42:17+05:30,3129.6,87,3141.87,502377,103743.0,193254.0,3163.0,3163.0,3128.0,3134.3,31712800,3447.7,2820.9,3839.9,2896.0,3129.3,52,2,3128.5,24,1,3128.4,135,2,3128.3,47,2,3128.2,237,7,3129.6,142,3,3129.7,26,2,3129.8,41,3,3129.9,24,1,3130.0,411,5
2031,2026-06-16 09:42:17+05:30,3129.6,87,3141.87,502377,103743.0,193254.0,3163.0,3163.0,3128.0,3134.3,31712800,3447.7,2820.9,3839.9,2896.0,3129.3,52,2,3128.5,24,1,3128.4,135,2,3128.3,47,2,3128.2,237,7,3129.6,142,3,3129.7,26,2,3129.8,41,3,3129.9,24,1,3130.0,411,5
2031,2026-06-16 09:42:18+05:30,3129.6,1,3141.86,502578,103342.0,193660.0,3163.0,3163.0,3128.0,3134.3,31712800,3447.7,2820.9,3839.9,2896.0,3129.3,24,1,3128.5,25,2,3128.4,91,2,3128.3,53,2,3128.2,65,4,3129.6,112,1,3129.7,19,1,3129.8,24,2,3130.0,486,6,3130.1,325,3
2031,2026-06-16 09:42:18+05:30,3128.7,16,3141.86,502578,103342.0,193660.0,3163.0,3163.0,3128.0,3134.3,31712800,3447.7,2820.9,3839.9,2896.0,3129.3,24,1,3128.5,25,2,3128.4,91,2,3128.3,53,2,3128.2,65,4,3129.6,112,1,3129.7,19,1,3129.8,24,2,3130.0,486,6,3130.1,325,3
2031,2026-06-16 09:42:18+05:30,3128.7,16,3141.86,502578,103342.0,193660.0,3163.0,3163.0,3128.0,3134.3,31712800,3447.7,2820.9,3839.9,2896.0,3129.3,24,1,3128.5,25,2,3128.4,91,2,3128.3,53,2,3128.2,65,4,3129.6,112,1,3129.7,19,1,3129.8,24,2,3130.0,486,6,3130.1,325,3
2031,2026-06-16 09:42:19+05:30,3129.9,10,3141.85,502951,103112.0,194953.0,3163.0,3163.0,3128.0,3134.3,31712800,3447.7,2820.9,3839.9,2896.0,3128.6,99,4,3128.5,44,3,3128.4,50,5,3128.3,9,1,3128.2,131,7,3130.0,486,6,3130.1,37,1,3130.2,13,1,3130.3,72,1,3130.4,84,1
2031,2026-06-16 09:42:19+05:30,3130.0,22,3141.85,502951,103112.0,194953.0,3163.0,3163.0,3128.0,3134.3,31712800,3447.7,2820.9,3839.9,2896.0,3128.6,99,4,3128.5,44,3,3128.4,50,5,3128.3,9,1,3128.2,131,7,3130.0,486,6,3130.1,37,1,3130.2,13,1,3130.3,72,1,3130.4,84,1
2031,2026-06-16 09:42:20+05:30,3130.0,22,3141.85,502951,103112.0,194953.0,3163.0,3163.0,3128.0,3134.3,31712800,3447.7,2820.9,3839.9,2896.0,3128.6,99,4,3128.5,44,3,3128.4,50,5,3128.3,9,1,3128.2,131,7,3130.0,486,6,3130.1,37,1,3130.2,13,1,3130.3,72,1,3130.4,84,1
2031,2026-06-16 09:42:20+05:30,3130.0,22,3141.85,503166,104371.0,193481.0,3163.0,3163.0,3128.0,3134.3,31712800,3447.7,2820.9,3839.9,2896.0,3129.1,42,1,3129.0,112,5,3128.9,198,5,3128.8,132,5,3128.7,144,4,3130.0,286,4,3130.5,49,3,3130.9,291,4,3131.0,309,2,3131.1,231,4
2031,2026-06-16 09:42:20+05:30,3130.0,3,3141.85,503166,104371.0,193481.0,3163.0,3163.0,3128.0,3134.3,31712800,3447.7,2820.9,3839.9,2896.0,3129.1,42,1,3129.0,112,5,3128.9,198,5,3128.8,132,5,3128.7,144,4,3130.0,286,4,3130.5,49,3,3130.9,291,4,3131.0,309,2,3131.1,231,4
2031,2026-06-16 09:42:21+05:30,3129.5,42,3141.84,503415,104492.0,193094.0,3163.0,3163.0,3128.0,3134.3,31712800,3447.7,2820.9,3839.9,2896.0,3129.4,68,3,3129.2,45,4,3129.1,85,4,3129.0,106,6,3128.9,80,3,3130.0,154,3,3130.5,24,1,3130.9,33,1,3131.0,344,3,3131.1,20,1
2031,2026-06-16 09:42:21+05:30,3129.5,42,3141.84,503415,104492.0,193094.0,3163.0,3163.0,3128.0,3134.3,31712800,3447.7,2820.9,3839.9,2896.0,3129.4,68,3,3129.2,45,4,3129.1,85,4,3129.0,106,6,3128.9,80,3,3130.0,154,3,3130.5,24,1,3130.9,33,1,3131.0,344,3,3131.1,20,1
2031,2026-06-16 09:42:21+05:30,3129.5,42,3141.84,503415,104492.0,193094.0,3163.0,3163.0,3128.0,3134.3,31712800,3447.7,2820.9,3839.9,2896.0,3129.4,68,3,3129.2,45,4,3129.1,85,4,3129.0,106,6,3128.9,80,3,3130.0,154,3,3130.5,24,1,3130.9,33,1,3131.0,344,3,3131.1,20,1
2031,2026-06-16 09:42:22+05:30,3129.5,42,3141.84,503415,104492.0,193094.0,3163.0,3163.0,3128.0,3134.3,31712800,3447.7,2820.9,3839.9,2896.0,3129.4,68,3,3129.2,45,4,3129.1,85,4,3129.0,106,6,3128.9,80,3,3130.0,154,3,3130.5,24,1,3130.9,33,1,3131.0,344,3,3131.1,20,1
2031,2026-06-16 09:42:22+05:30,3129.5,42,3141.84,503415,104761.0,193011.0,3163.0,3163.0,3128.0,3134.3,31712800,3447.7,2820.9,3839.9,2896.0,3129.4,121,4,3129.2,75,5,3129.1,127,5,3129.0,106,6,3128.9,105,4,3130.0,155,4,3130.5,24,1,3130.9,33,1,3131.0,344,3,3131.1,20,1
2031,2026-06-16 09:42:22+05:30,3130.0,10,3141.84,503415,104761.0,193011.0,3163.0,3163.0,3128.0,3134.3,31712800,3447.7,2820.9,3839.9,2896.0,3129.4,121,4,3129.2,75,5,3129.1,127,5,3129.0,106,6,3128.9,105,4,3130.0,155,4,3130.5,24,1,3130.9,33,1,3131.0,344,3,3131.1,20,1
2031,2026-06-16 09:42:23+05:30,3130.0,10,3141.84,503415,104761.0,193011.0,3163.0,3163.0,3128.0,3134.3,31712800,3447.7,2820.9,3839.9,2896.0,3129.4,121,4,3129.2,75,5,3129.1,127,5,3129.0,106,6,3128.9,105,4,3130.0,155,4,3130.5,24,1,3130.9,33,1,3131.0,344,3,3131.1,20,1
2031,2026-06-16 09:42:23+05:30,3130.0,10,3141.84,503425,104022.0,193472.0,3163.0,3163.0,3128.0,3134.3,31712800,3447.7,2820.9,3839.9,2896.0,3129.4,53,1,3129.1,14,2,3129.0,49,1,3128.9,81,3,3128.8,19,1,3130.0,219,6,3130.5,52,3,3130.6,70,1,3130.8,26,2,3130.9,117,2
2031,2026-06-16 09:42:24+05:30,3130.0,10,3141.84,503425,104022.0,193472.0,3163.0,3163.0,3128.0,3134.3,31712800,3447.7,2820.9,3839.9,2896.0,3129.4,53,1,3129.1,14,2,3129.0,49,1,3128.9,81,3,3128.8,19,1,3130.0,219,6,3130.5,52,3,3130.6,70,1,3130.8,26,2,3130.9,117,2
2031,2026-06-16 09:42:24+05:30,3129.7,1,3141.84,503479,103959.0,193215.0,3163.0,3163.0,3128.0,3134.3,31712800,3447.7,2820.9,3839.9,2896.0,3129.5,27,1,3129.1,14,2,3129.0,49,1,3128.6,14,1,3128.5,101,2,3129.7,17,1,3129.8,54,3,3129.9,303,6,3130.0,320,9,3130.1,35,1
2031,2026-06-16 09:42:24+05:30,3129.7,1,3141.84,503479,103959.0,193215.0,3163.0,3163.0,3128.0,3134.3,31712800,3447.7,2820.9,3839.9,2896.0,3129.5,27,1,3129.1,14,2,3129.0,49,1,3128.6,14,1,3128.5,101,2,3129.7,17,1,3129.8,54,3,3129.9,303,6,3130.0,320,9,3130.1,35,1
2031,2026-06-16 09:42:25+05:30,3129.7,1,3141.84,503479,103959.0,193215.0,3163.0,3163.0,3128.0,3134.3,31712800,3447.7,2820.9,3839.9,2896.0,3129.5,27,1,3129.1,14,2,3129.0,49,1,3128.6,14,1,3128.5,101,2,3129.7,17,1,3129.8,54,3,3129.9,303,6,3130.0,320,9,3130.1,35,1
2031,2026-06-16 09:42:25+05:30,3129.7,1,3141.84,503480,104072.0,195261.0,3163.0,3163.0,3128.0,3134.3,31712800,3447.7,2820.9,3839.9,2896.0,3129.5,28,2,3129.4,12,2,3129.0,59,2,3128.6,14,1,3128.5,101,2,3129.7,19,2,3129.8,56,3,3129.9,125,5,3130.0,306,7,3130.1,252,3
2031,2026-06-16 09:42:25+05:30,3129.7,1,3141.84,503480,104072.0,195261.0,3163.0,3163.0,3128.0,3134.3,31712800,3447.7,2820.9,3839.9,2896.0,3129.5,28,2,3129.4,12,2,3129.0,59,2,3128.6,14,1,3128.5,101,2,3129.7,19,2,3129.8,56,3,3129.9,125,5,3130.0,306,7,3130.1,252,3
2031,2026-06-16 09:42:26+05:30,3129.7,1,3141.84,503480,104072.0,195261.0,3163.0,3163.0,3128.0,3134.3,31712800,3447.7,2820.9,3839.9,2896.0,3129.5,28,2,3129.4,12,2,3129.0,59,2,3128.6,14,1,3128.5,101,2,3129.7,19,2,3129.8,56,3,3129.9,125,5,3130.0,306,7,3130.1,252,3
2031,2026-06-16 09:42:26+05:30,3129.8,37,3141.84,503645,104531.0,194822.0,3163.0,3163.0,3128.0,3134.3,31712800,3447.7,2820.9,3839.9,2896.0,3129.5,29,2,3129.4,12,2,3129.0,59,2,3128.7,16,1,3128.6,14,1,3129.9,42,2,3130.0,341,7,3130.1,93,3,3130.2,163,1,3130.3,76,3
2031,2026-06-16 09:42:26+05:30,3129.8,37,3141.84,503645,104531.0,194822.0,3163.0,3163.0,3128.0,3134.3,31712800,3447.7,2820.9,3839.9,2896.0,3129.5,29,2,3129.4,12,2,3129.0,59,2,3128.7,16,1,3128.6,14,1,3129.9,42,2,3130.0,341,7,3130.1,93,3,3130.2,163,1,3130.3,76,3
2031,2026-06-16 09:42:27+05:30,3129.8,37,3141.84,503645,104531.0,194822.0,3163.0,3163.0,3128.0,3134.3,31712800,3447.7,2820.9,3839.9,2896.0,3129.5,29,2,3129.4,12,2,3129.0,59,2,3128.7,16,1,3128.6,14,1,3129.9,42,2,3130.0,341,7,3130.1,93,3,3130.2,163,1,3130.3,76,3
2031,2026-06-16 09:42:27+05:30,3129.5,28,3141.83,503959,104334.0,195397.0,3163.0,3163.0,3128.0,3134.3,31712800,3447.7,2820.9,3839.9,2896.0,3129.5,11,1,3129.4,12,2,3129.0,59,2,3128.7,16,1,3128.6,14,1,3129.8,72,5,3129.9,157,6,3130.0,523,9,3130.1,52,2,3130.2,203,5
2031,2026-06-16 09:42:27+05:30,3129.5,28,3141.83,503959,104334.0,195397.0,3163.0,3163.0,3128.0,3134.3,31712800,3447.7,2820.9,3839.9,2896.0,3129.5,11,1,3129.4,12,2,3129.0,59,2,3128.7,16,1,3128.6,14,1,3129.8,72,5,3129.9,157,6,3130.0,523,9,3130.1,52,2,3130.2,203,5
2031,2026-06-16 09:42:28+05:30,3129.5,28,3141.83,503959,104334.0,195397.0,3163.0,3163.0,3128.0,3134.3,31712800,3447.7,2820.9,3839.9,2896.0,3129.5,11,1,3129.4,12,2,3129.0,59,2,3128.7,16,1,3128.6,14,1,3129.8,72,5,3129.9,157,6,3130.0,523,9,3130.1,52,2,3130.2,203,5
2031,2026-06-16 09:42:28+05:30,3129.6,2,3141.83,503959,104334.0,195397.0,3163.0,3163.0,3128.0,3134.3,31712800,3447.7,2820.9,3839.9,2896.0,3129.5,11,1,3129.4,12,2,3129.0,59,2,3128.7,16,1,3128.6,14,1,3129.8,72,5,3129.9,157,6,3130.0,523,9,3130.1,52,2,3130.2,203,5
2031,2026-06-16 09:42:28+05:30,3129.6,2,3141.82,504326,103419.0,196247.0,3163.0,3163.0,3128.0,3134.3,31712800,3447.7,2820.9,3839.9,2896.0,3129.4,8,2,3129.0,59,2,3128.7,16,1,3128.6,14,1,3128.5,101,2,3129.6,335,5,3129.7,95,3,3129.8,229,4,3129.9,97,4,3130.0,535,11
2031,2026-06-16 09:42:29+05:30,3129.6,2,3141.82,504326,103419.0,196247.0,3163.0,3163.0,3128.0,3134.3,31717800,3447.7,2820.9,3839.9,2896.0,3129.4,8,2,3129.0,59,2,3128.7,16,1,3128.6,14,1,3128.5,101,2,3129.6,335,5,3129.7,95,3,3129.8,229,4,3129.9,97,4,3130.0,535,11
2031,2026-06-16 09:42:29+05:30,3129.4,100,3141.82,504326,103419.0,196247.0,3163.0,3163.0,3128.0,3134.3,31717800,3447.7,2820.9,3839.9,2896.0,3129.4,8,2,3129.0,59,2,3128.7,16,1,3128.6,14,1,3128.5,101,2,3129.6,335,5,3129.7,95,3,3129.8,229,4,3129.9,97,4,3130.0,535,11
2031,2026-06-16 09:42:30+05:30,3129.4,1,3141.82,504449,104112.0,193924.0,3163.0,3163.0,3128.0,3134.3,31717800,3447.7,2820.9,3839.9,2896.0,3129.0,259,3,3128.7,16,1,3128.6,13,1,3128.5,108,4,3128.2,111,3,3129.4,84,2,3129.6,121,3,3129.8,47,2,3129.9,16,1,3130.0,569,9
2031,2026-06-16 09:42:30+05:30,3129.6,7,3141.82,504449,104112.0,193924.0,3163.0,3163.0,3128.0,3134.3,31717800,3447.7,2820.9,3839.9,2896.0,3129.0,259,3,3128.7,16,1,3128.6,13,1,3128.5,108,4,3128.2,111,3,3129.4,84,2,3129.6,121,3,3129.8,47,2,3129.9,16,1,3130.0,569,9
2031,2026-06-16 09:42:31+05:30,3129.4,42,3141.81,504583,104378.0,195863.0,3163.0,3163.0,3128.0,3134.3,31717800,3447.7,2820.9,3839.9,2896.0,3129.4,18,1,3129.2,2,2,3129.0,260,4,3128.7,16,1,3128.6,14,1,3129.6,114,3,3129.8,7,1,3129.9,16,1,3130.0,406,8,3130.1,163,1
2031,2026-06-16 09:42:31+05:30,3129.1,1,3141.81,504583,104378.0,195863.0,3163.0,3163.0,3128.0,3134.3,31717800,3447.7,2820.9,3839.9,2896.0,3129.4,18,1,3129.2,2,2,3129.0,260,4,3128.7,16,1,3128.6,14,1,3129.6,114,3,3129.8,7,1,3129.9,16,1,3130.0,406,8,3130.1,163,1
2031,2026-06-16 09:42:32+05:30,3129.1,1,3141.81,504777,104156.0,196066.0,3163.0,3163.0,3128.0,3134.3,31717800,3447.7,2820.9,3839.9,2896.0,3129.0,260,4,3128.7,16,1,3128.5,88,3,3128.4,25,1,3128.3,93,3,3129.1,6,1,3129.4,12,1,3129.6,114,3,3129.8,7,1,3129.9,71,2
2031,2026-06-16 09:42:33+05:30,3129.1,1,3141.81,504777,104174.0,195693.0,3163.0,3163.0,3128.0,3134.3,31717800,3447.7,2820.9,3839.9,2896.0,3129.0,273,5,3128.7,16,1,3128.6,25,1,3128.5,88,3,3128.3,93,3,3129.1,32,2,3129.4,12,1,3129.6,88,2,3129.8,7,1,3129.9,64,1
2031,2026-06-16 09:42:33+05:30,3129.0,104,3141.81,504777,104174.0,195693.0,3163.0,3163.0,3128.0,3134.3,31717800,3447.7,2820.9,3839.9,2896.0,3129.0,273,5,3128.7,16,1,3128.6,25,1,3128.5,88,3,3128.3,93,3,3129.1,32,2,3129.4,12,1,3129.6,88,2,3129.8,7,1,3129.9,64,1
2031,2026-06-16 09:42:34+05:30,3129.0,104,3141.8,504940,103950.0,195495.0,3163.0,3163.0,3128.0,3134.3,31717800,3447.7,2820.9,3839.9,2896.0,3129.0,156,5,3128.7,41,2,3128.5,95,4,3128.4,25,1,3128.3,52,2,3129.1,47,3,3129.4,12,1,3129.6,81,1,3129.8,7,1,3130.0,249,6
2031,2026-06-16 09:42:35+05:30,3129.0,104,3141.8,504940,104004.0,195533.0,3163.0,3163.0,3128.0,3134.3,31717800,3447.7,2820.9,3839.9,2896.0,3129.0,156,5,3128.7,41,2,3128.5,114,5,3128.4,79,2,3128.3,52,2,3129.1,47,3,3129.4,12,1,3129.6,81,1,3129.8,7,1,3130.0,307,6
2031,2026-06-16 09:42:35+05:30,3129.0,3,3141.8,504940,104004.0,195533.0,3163.0,3163.0,3128.0,3134.3,31717800,3447.7,2820.9,3839.9,2896.0,3129.0,156,5,3128.7,41,2,3128.5,114,5,3128.4,79,2,3128.3,52,2,3129.1,47,3,3129.4,12,1,3129.6,81,1,3129.8,7,1,3130.0,307,6
2031,2026-06-16 09:42:36+05:30,3129.0,3,3141.8,505137,103944.0,194593.0,3163.0,3163.0,3128.0,3134.3,31717800,3447.7,2820.9,3839.9,2896.0,3129.0,68,6,3128.9,4,1,3128.8,33,3,3128.7,69,4,3128.6,19,1,3129.1,31,2,3129.4,12,1,3129.8,7,1,3130.0,307,6,3130.2,53,1
2031,2026-06-16 09:42:37+05:30,3129.1,1,3141.8,505138,103911.0,194626.0,3163.0,3163.0,3128.0,3134.3,31717800,3447.7,2820.9,3839.9,2896.0,3129.0,68,6,3128.9,4,1,3128.8,33,3,3128.7,109,5,3128.6,19,1,3129.1,41,3,3129.4,12,1,3129.8,7,1,3130.0,307,6,3130.2,78,2
2031,2026-06-16 09:42:37+05:30,3129.1,1,3141.8,505138,103911.0,194626.0,3163.0,3163.0,3128.0,3134.3,31717800,3447.7,2820.9,3839.9,2896.0,3129.0,68,6,3128.9,4,1,3128.8,33,3,3128.7,109,5,3128.6,19,1,3129.1,41,3,3129.4,12,1,3129.8,7,1,3130.0,307,6,3130.2,78,2
2031,2026-06-16 09:42:38+05:30,3129.5,3,3141.8,505194,103923.0,194580.0,3163.0,3163.0,3128.0,3134.3,31717800,3447.7,2820.9,3839.9,2896.0,3129.1,16,1,3129.0,118,7,3128.8,33,3,3128.7,83,4,3128.6,19,1,3129.5,72,1,3129.8,7,1,3130.0,232,5,3130.2,78,2,3130.3,61,1
2031,2026-06-16 09:42:38+05:30,3129.5,1,3141.8,505194,103923.0,194580.0,3163.0,3163.0,3128.0,3134.3,31717800,3447.7,2820.9,3839.9,2896.0,3129.1,16,1,3129.0,118,7,3128.8,33,3,3128.7,83,4,3128.6,19,1,3129.5,72,1,3129.8,7,1,3130.0,232,5,3130.2,78,2,3130.3,61,1
2031,2026-06-16 09:42:39+05:30,3129.5,1,3141.8,505196,104258.0,195265.0,3163.0,3163.0,3128.0,3134.3,31717800,3447.7,2820.9,3839.9,2896.0,3129.1,220,3,3129.0,118,7,3128.8,62,3,3128.7,43,3,3128.6,19,1,3129.5,87,2,3129.8,7,1,3129.9,7,1,3130.0,287,6,3130.2,78,2
2031,2026-06-16 09:42:39+05:30,3129.1,3,3141.8,505196,104258.0,195265.0,3163.0,3163.0,3128.0,3134.3,31717800,3447.7,2820.9,3839.9,2896.0,3129.1,220,3,3129.0,118,7,3128.8,62,3,3128.7,43,3,3128.6,19,1,3129.5,87,2,3129.8,7,1,3129.9,7,1,3130.0,287,6,3130.2,78,2
2031,2026-06-16 09:42:40+05:30,3129.5,7,3141.79,505534,104024.0,195541.0,3163.0,3163.0,3128.0,3134.3,31717800,3447.7,2820.9,3839.9,2896.0,3129.1,68,5,3129.0,68,3,3128.7,19,1,3128.5,27,1,3128.4,19,1,3129.5,164,4,3129.8,22,3,3130.0,287,6,3130.1,119,2,3130.2,135,4
2031,2026-06-16 09:42:40+05:30,3129.1,8,3141.79,505534,104024.0,195541.0,3163.0,3163.0,3128.0,3134.3,31717800,3447.7,2820.9,3839.9,2896.0,3129.1,68,5,3129.0,68,3,3128.7,19,1,3128.5,27,1,3128.4,19,1,3129.5,164,4,3129.8,22,3,3130.0,287,6,3130.1,119,2,3130.2,135,4
2031,2026-06-16 09:42:41+05:30,3129.0,27,3141.78,505871,103241.0,196712.0,3163.0,3163.0,3128.0,3134.3,31717800,3447.7,2820.9,3839.9,2896.0,3128.7,14,1,3128.2,20,1,3128.0,1725,9,3127.9,10,1,3127.8,22,1,3129.0,117,4,3129.3,54,3,3129.4,40,1,3129.5,197,6,3129.6,59,2
2031,2026-06-16 09:42:41+05:30,3129.0,5,3141.78,505871,103241.0,196712.0,3163.0,3163.0,3128.0,3134.3,31717800,3447.7,2820.9,3839.9,2896.0,3128.7,14,1,3128.2,20,1,3128.0,1725,9,3127.9,10,1,3127.8,22,1,3129.0,117,4,3129.3,54,3,3129.4,40,1,3129.5,197,6,3129.6,59,2
2031,2026-06-16 09:42:42+05:30,3129.0,5,3141.78,505876,103248.0,196885.0,3163.0,3163.0,3128.0,3134.3,31717800,3447.7,2820.9,3839.9,2896.0,3128.2,20,1,3128.1,14,1,3128.0,1725,9,3127.9,46,2,3127.7,106,2,3129.0,112,4,3129.3,33,2,3129.4,100,2,3129.5,153,4,3129.6,107,3
2031,2026-06-16 09:42:43+05:30,3129.0,5,3141.78,505876,103550.0,196973.0,3163.0,3163.0,3128.0,3134.3,31717800,3447.7,2820.9,3839.9,2896.0,3128.2,68,3,3128.1,14,1,3128.0,1965,10,3127.9,46,2,3127.7,106,2,3129.0,134,6,3129.1,5,1,3129.3,73,3,3129.4,60,1,3129.5,153,4
2031,2026-06-16 09:42:44+05:30,3128.6,3,3141.78,505879,102242.0,197862.0,3163.0,3163.0,3128.0,3134.3,31717800,3447.7,2820.9,3839.9,2896.0,3128.2,94,4,3128.1,14,1,3128.0,1975,11,3127.9,10,1,3127.6,71,2,3128.6,86,1,3129.0,132,8,3129.1,45,2,3129.2,19,1,3129.3,6,1
2031,2026-06-16 09:42:44+05:30,3128.6,1,3141.78,505879,102242.0,197862.0,3163.0,3163.0,3128.0,3134.3,31717800,3447.7,2820.9,3839.9,2896.0,3128.2,94,4,3128.1,14,1,3128.0,1975,11,3127.9,10,1,3127.6,71,2,3128.6,86,1,3129.0,132,8,3129.1,45,2,3129.2,19,1,3129.3,6,1
2031,2026-06-16 09:42:45+05:30,3128.2,1,3141.78,505881,103040.0,195542.0,3163.0,3163.0,3128.0,3134.3,31717800,3447.7,2820.9,3839.9,2896.0,3128.4,2,2,3128.2,94,5,3128.1,14,1,3128.0,1975,11,3127.9,10,1,3128.6,105,3,3129.0,97,6,3129.1,45,2,3129.2,19,1,3129.3,6,1
2031,2026-06-16 09:42:45+05:30,3128.6,1,3141.78,505881,103040.0,195542.0,3163.0,3163.0,3128.0,3134.3,31717800,3447.7,2820.9,3839.9,2896.0,3128.4,2,2,3128.2,94,5,3128.1,14,1,3128.0,1975,11,3127.9,10,1,3128.6,105,3,3129.0,97,6,3129.1,45,2,3129.2,19,1,3129.3,6,1
2031,2026-06-16 09:42:46+05:30,3128.6,1,3141.78,505882,103014.0,197787.0,3163.0,3163.0,3128.0,3134.3,31717800,3447.7,2820.9,3839.9,2896.0,3128.4,2,2,3128.2,102,7,3128.1,14,1,3128.0,1975,11,3127.9,10,1,3128.6,131,4,3129.0,82,5,3129.1,5,1,3129.2,59,2,3129.3,6,1
2031,2026-06-16 09:42:46+05:30,3128.6,5,3141.78,505882,103014.0,197787.0,3163.0,3163.0,3128.0,3134.3,31717800,3447.7,2820.9,3839.9,2896.0,3128.4,2,2,3128.2,102,7,3128.1,14,1,3128.0,1975,11,3127.9,10,1,3128.6,131,4,3129.0,82,5,3129.1,5,1,3129.2,59,2,3129.3,6,1
2031,2026-06-16 09:42:47+05:30,3128.6,5,3141.78,505888,103104.0,197850.0,3163.0,3163.0,3128.0,3134.3,31717800,3447.7,2820.9,3839.9,2896.0,3128.4,2,2,3128.2,102,7,3128.1,14,1,3128.0,1975,11,3127.9,10,1,3128.6,126,4,3128.9,47,2,3129.0,627,7,3129.1,5,1,3129.2,59,2
2031,2026-06-16 09:42:47+05:30,3129.0,5,3141.78,505888,103104.0,197850.0,3163.0,3163.0,3128.0,3134.3,31717800,3447.7,2820.9,3839.9,2896.0,3128.4,2,2,3128.2,102,7,3128.1,14,1,3128.0,1975,11,3127.9,10,1,3128.6,126,4,3128.9,47,2,3129.0,627,7,3129.1,5,1,3129.2,59,2
2031,2026-06-16 09:42:48+05:30,3129.0,42,3141.76,506881,105517.0,195815.0,3163.0,3163.0,3128.0,3134.3,31717800,3447.7,2820.9,3839.9,2896.0,3129.0,1204,1,3128.4,2,2,3128.3,19,1,3128.2,125,8,3128.1,14,1,3129.5,135,4,3129.7,3,1,3129.8,207,2,3129.9,48,1,3130.0,812,9
2031,2026-06-16 09:42:48+05:30,3129.0,3,3141.76,506881,105517.0,195815.0,3163.0,3163.0,3128.0,3134.3,31717800,3447.7,2820.9,3839.9,2896.0,3129.0,1204,1,3128.4,2,2,3128.3,19,1,3128.2,125,8,3128.1,14,1,3129.5,135,4,3129.7,3,1,3129.8,207,2,3129.9,48,1,3130.0,812,9
2031,2026-06-16 09:42:49+05:30,3129.0,3,3141.76,506884,106293.0,195983.0,3163.0,3163.0,3128.0,3134.3,31717800,3447.7,2820.9,3839.9,2896.0,3129.0,1850,2,3128.7,27,1,3128.6,108,4,3128.5,72,2,3128.4,74,5,3129.5,135,4,3129.8,207,2,3129.9,48,1,3130.0,738,7,3130.2,154,3
2031,2026-06-16 09:42:49+05:30,3129.5,1,3141.76,506884,106293.0,195983.0,3163.0,3163.0,3128.0,3134.3,31717800,3447.7,2820.9,3839.9,2896.0,3129.0,1850,2,3128.7,27,1,3128.6,108,4,3128.5,72,2,3128.4,74,5,3129.5,135,4,3129.8,207,2,3129.9,48,1,3130.0,738,7,3130.2,154,3
2031,2026-06-16 09:42:50+05:30,3129.5,1,3141.76,506885,106903.0,192570.0,3163.0,3163.0,3128.0,3134.3,31717800,3447.7,2820.9,3839.9,2896.0,3129.2,39,4,3129.0,2312,10,3128.8,114,3,3128.7,19,1,3128.6,174,5,3129.5,128,3,3129.8,7,1,3129.9,48,1,3130.0,538,6,3130.2,90,2
2031,2026-06-16 09:42:50+05:30,3129.2,15,3141.76,506885,106903.0,192570.0,3163.0,3163.0,3128.0,3134.3,31717800,3447.7,2820.9,3839.9,2896.0,3129.2,39,4,3129.0,2312,10,3128.8,114,3,3128.7,19,1,3128.6,174,5,3129.5,128,3,3129.8,7,1,3129.9,48,1,3130.0,538,6,3130.2,90,2
2031,2026-06-16 09:42:51+05:30,3129.5,1,3141.75,506904,106897.0,194235.0,3163.0,3163.0,3128.0,3134.3,31717800,3447.7,2820.9,3839.9,2896.0,3129.2,1,1,3129.0,2338,10,3128.9,14,1,3128.8,133,4,3128.7,19,1,3129.5,153,4,3129.8,7,1,3129.9,48,1,3130.0,538,6,3130.2,90,2
2031,2026-06-16 09:42:51+05:30,3129.5,1,3141.75,506904,106897.0,194235.0,3163.0,3163.0,3128.0,3134.3,31717800,3447.7,2820.9,3839.9,2896.0,3129.2,1,1,3129.0,2338,10,3128.9,14,1,3128.8,133,4,3128.7,19,1,3129.5,153,4,3129.8,7,1,3129.9,48,1,3130.0,538,6,3130.2,90,2
2031,2026-06-16 09:42:52+05:30,3129.5,1,3141.75,506904,107321.0,194242.0,3163.0,3163.0,3128.0,3134.3,31717800,3447.7,2820.9,3839.9,2896.0,3129.2,53,2,3129.0,2338,10,3128.8,133,4,3128.7,19,1,3128.6,140,3,3129.5,171,6,3129.8,7,1,3130.0,538,6,3130.2,90,2,3130.4,52,1
2031,2026-06-16 09:42:52+05:30,3129.0,200,3141.75,506904,107321.0,194242.0,3163.0,3163.0,3128.0,3134.3,31717800,3447.7,2820.9,3839.9,2896.0,3129.2,53,2,3129.0,2338,10,3128.8,133,4,3128.7,19,1,3128.6,140,3,3129.5,171,6,3129.8,7,1,3130.0,538,6,3130.2,90,2,3130.4,52,1
2031,2026-06-16 09:42:53+05:30,3129.1,147,3141.74,507304,106548.0,195485.0,3163.0,3163.0,3128.0,3134.3,31717800,3447.7,2820.9,3839.9,2896.0,3129.0,2198,9,3128.8,48,2,3128.7,42,2,3128.6,79,2,3128.5,49,1,3129.5,172,7,3129.8,7,1,3130.0,538,6,3130.2,123,2,3130.4,240,2
2031,2026-06-16 09:42:53+05:30,3129.1,147,3141.74,507304,106548.0,195485.0,3163.0,3163.0,3128.0,3134.3,31717800,3447.7,2820.9,3839.9,2896.0,3129.0,2198,9,3128.8,48,2,3128.7,42,2,3128.6,79,2,3128.5,49,1,3129.5,172,7,3129.8,7,1,3130.0,538,6,3130.2,123,2,3130.4,240,2
2031,2026-06-16 09:42:54+05:30,3129.0,200,3141.74,507504,106533.0,195526.0,3163.0,3163.0,3128.0,3134.3,31717800,3447.7,2820.9,3839.9,2896.0,3129.0,1998,9,3128.8,48,2,3128.7,42,2,3128.6,84,3,3128.5,49,1,3129.5,172,7,3129.8,7,1,3130.0,538,6,3130.2,123,2,3130.4,276,3
2031,2026-06-16 09:42:54+05:30,3129.0,200,3141.74,507504,106533.0,195526.0,3163.0,3163.0,3128.0,3134.3,31717800,3447.7,2820.9,3839.9,2896.0,3129.0,1998,9,3128.8,48,2,3128.7,42,2,3128.6,84,3,3128.5,49,1,3129.5,172,7,3129.8,7,1,3130.0,538,6,3130.2,123,2,3130.4,276,3
2031,2026-06-16 09:42:55+05:30,3129.0,15,3141.74,507611,106555.0,195364.0,3163.0,3163.0,3128.0,3134.3,31717800,3447.7,2820.9,3839.9,2896.0,3129.0,2000,9,3128.8,48,2,3128.7,68,3,3128.6,24,2,3128.5,49,1,3129.5,93,5,3129.8,7,1,3130.0,538,6,3130.2,123,2,3130.4,276,3
2031,2026-06-16 09:42:55+05:30,3129.0,200,3141.74,507611,106555.0,195364.0,3163.0,3163.0,3128.0,3134.3,31717800,3447.7,2820.9,3839.9,2896.0,3129.0,2000,9,3128.8,48,2,3128.7,68,3,3128.6,24,2,3128.5,49,1,3129.5,93,5,3129.8,7,1,3130.0,538,6,3130.2,123,2,3130.4,276,3
2031,2026-06-16 09:42:56+05:30,3129.5,1,3141.73,508028,105666.0,193784.0,3163.0,3163.0,3128.0,3134.3,31717800,3447.7,2820.9,3839.9,2896.0,3129.0,1600,9,3128.8,56,2,3128.7,41,2,3128.6,175,6,3128.5,23,1,3129.5,76,5,3129.8,7,1,3129.9,3,1,3130.0,538,6,3130.2,77,2
2031,2026-06-16 09:42:56+05:30,3129.5,1,3141.73,508028,105666.0,193784.0,3163.0,3163.0,3128.0,3134.3,31717800,3447.7,2820.9,3839.9,2896.0,3129.0,1600,9,3128.8,56,2,3128.7,41,2,3128.6,175,6,3128.5,23,1,3129.5,76,5,3129.8,7,1,3129.9,3,1,3130.0,538,6,3130.2,77,2
2031,2026-06-16 09:42:57+05:30,3129.5,1,3141.72,508280,105485.0,194536.0,3163.0,3163.0,3128.0,3134.3,31717800,3447.7,2820.9,3839.9,2896.0,3129.0,1399,9,3128.8,56,2,3128.7,41,2,3128.6,105,4,3128.5,121,2,3129.5,7,2,3129.8,7,1,3130.0,788,7,3130.2,77,2,3130.3,86,1
2031,2026-06-16 09:42:57+05:30,3129.0,41,3141.72,508280,105485.0,194536.0,3163.0,3163.0,3128.0,3134.3,31717800,3447.7,2820.9,3839.9,2896.0,3129.0,1399,9,3128.8,56,2,3128.7,41,2,3128.6,105,4,3128.5,121,2,3129.5,7,2,3129.8,7,1,3130.0,788,7,3130.2,77,2,3130.3,86,1
2031,2026-06-16 09:42:58+05:30,3129.0,41,3141.72,508321,106270.0,193941.0,3163.0,3163.0,3128.0,3134.3,31717800,3447.7,2820.9,3839.9,2896.0,3129.0,1497,13,3128.9,53,3,3128.8,116,4,3128.7,110,4,3128.6,110,5,3129.5,7,2,3129.8,7,1,3130.0,788,7,3130.2,37,1,3130.3,36,1
2031,2026-06-16 09:42:58+05:30,3129.0,69,3141.72,508321,106270.0,193941.0,3163.0,3163.0,3128.0,3134.3,31717800,3447.7,2820.9,3839.9,2896.0,3129.0,1497,13,3128.9,53,3,3128.8,116,4,3128.7,110,4,3128.6,110,5,3129.5,7,2,3129.8,7,1,3130.0,788,7,3130.2,37,1,3130.3,36,1
2031,2026-06-16 09:42:59+05:30,3129.1,200,3141.71,508721,105194.0,194662.0,3163.0,3163.0,3128.0,3134.3,31717800,3447.7,2820.9,3839.9,2896.0,3129.1,26,2,3129.0,1239,9,3128.8,29,1,3128.7,15,1,3128.6,15,2,3129.2,28,2,3129.3,30,2,3129.4,163,5,3129.5,24,3,3129.6,57,2
2031,2026-06-16 09:42:59+05:30,3129.1,200,3141.71,508721,105194.0,194662.0,3163.0,3163.0,3128.0,3134.3,31717800,3447.7,2820.9,3839.9,2896.0,3129.1,26,2,3129.0,1239,9,3128.8,29,1,3128.7,15,1,3128.6,15,2,3129.2,28,2,3129.3,30,2,3129.4,163,5,3129.5,24,3,3129.6,57,2
2031,2026-06-16 09:43:00+05:30,3129.2,1,3141.7,508943,105525.0,195353.0,3163.0,3163.0,3128.0,3134.3,31717800,3447.7,2820.9,3839.9,2896.0,3129.1,48,4,3129.0,1140,7,3128.8,29,1,3128.6,15,2,3128.5,72,1,3129.2,84,4,3129.3,30,2,3129.4,105,3,3129.5,24,3,3129.8,71,3
2031,2026-06-16 09:43:00+05:30,3129.1,3,3141.7,508943,105525.0,195353.0,3163.0,3163.0,3128.0,3134.3,31717800,3447.7,2820.9,3839.9,2896.0,3129.1,48,4,3129.0,1140,7,3128.8,29,1,3128.6,15,2,3128.5,72,1,3129.2,84,4,3129.3,30,2,3129.4,105,3,3129.5,24,3,3129.8,71,3
2031,2026-06-16 09:43:01+05:30,3129.2,1,3141.7,508955,105635.0,195376.0,3163.0,3163.0,3128.0,3134.3,31717800,3447.7,2820.9,3839.9,2896.0,3129.1,165,6,3129.0,1103,6,3128.8,87,2,3128.6,15,2,3128.5,72,1,3129.2,109,6,3129.3,30,2,3129.4,105,3,3129.8,47,2,3130.0,759,6
2031,2026-06-16 09:43:01+05:30,3129.2,1,3141.7,508955,105635.0,195376.0,3163.0,3163.0,3128.0,3134.3,31717800,3447.7,2820.9,3839.9,2896.0,3129.1,165,6,3129.0,1103,6,3128.8,87,2,3128.6,15,2,3128.5,72,1,3129.2,109,6,3129.3,30,2,3129.4,105,3,3129.8,47,2,3130.0,759,6
2031,2026-06-16 09:43:02+05:30,3129.2,1,3141.7,508955,105797.0,195751.0,3163.0,3163.0,3128.0,3134.3,31717800,3447.7,2820.9,3839.9,2896.0,3129.1,150,5,3129.0,1103,6,3128.8,29,1,3128.6,15,2,3128.5,72,1,3129.2,109,6,3129.3,30,2,3129.4,145,4,3129.5,14,1,3129.6,276,4
2031,2026-06-16 09:43:03+05:30,3129.0,7,3141.7,508955,105797.0,195751.0,3163.0,3163.0,3128.0,3134.3,31717800,3447.7,2820.9,3839.9,2896.0,3129.1,150,5,3129.0,1103,6,3128.8,29,1,3128.6,15,2,3128.5,72,1,3129.2,109,6,3129.3,30,2,3129.4,145,4,3129.5,14,1,3129.6,276,4
2031,2026-06-16 09:43:03+05:30,3129.0,7,3141.63,512109,103885.0,195901.0,3163.0,3163.0,3128.0,3134.3,31717800,3447.7,2820.9,3839.9,2896.0,3129.0,29,1,3128.8,29,1,3128.6,15,2,3128.4,12,1,3128.2,19,1,3129.2,26,3,3129.4,35,1,3129.5,65,3,3129.6,230,4,3129.7,21,1
2031,2026-06-16 09:43:04+05:30,3129.6,6,3141.63,512109,103885.0,195901.0,3163.0,3163.0,3128.0,3134.3,31717800,3447.7,2820.9,3839.9,2896.0,3129.0,29,1,3128.8,29,1,3128.6,15,2,3128.4,12,1,3128.2,19,1,3129.2,26,3,3129.4,35,1,3129.5,65,3,3129.6,230,4,3129.7,21,1
2031,2026-06-16 09:43:04+05:30,3129.6,6,3141.61,512611,104791.0,194235.0,3163.0,3163.0,3128.0,3134.3,31717800,3447.7,2820.9,3839.9,2896.0,3129.4,16,1,3129.0,84,2,3128.8,29,1,3128.7,28,1,3128.6,15,2,3129.6,205,3,3129.7,10,1,3129.8,247,3,3130.0,870,8,3130.1,122,2
2031,2026-06-16 09:43:05+05:30,3129.0,46,3141.61,512611,104791.0,194235.0,3163.0,3163.0,3128.0,3134.3,31717800,3447.7,2820.9,3839.9,2896.0,3129.4,16,1,3129.0,84,2,3128.8,29,1,3128.7,28,1,3128.6,15,2,3129.6,205,3,3129.7,10,1,3129.8,247,3,3130.0,870,8,3130.1,122,2
2031,2026-06-16 09:43:05+05:30,3129.0,46,3141.59,513470,104632.0,196035.0,3163.0,3163.0,3128.0,3134.3,31717800,3447.7,2820.9,3839.9,2896.0,3128.8,29,1,3128.7,70,3,3128.6,24,3,3128.4,168,5,3128.2,65,3,3129.0,84,2,3129.6,200,2,3129.8,207,2,3130.0,1008,8,3130.1,35,1
2031,2026-06-16 09:43:06+05:30,3129.0,256,3141.59,513470,104632.0,196035.0,3163.0,3163.0,3128.0,3134.3,31717800,3447.7,2820.9,3839.9,2896.0,3128.8,29,1,3128.7,70,3,3128.6,24,3,3128.4,168,5,3128.2,65,3,3129.0,84,2,3129.6,200,2,3129.8,207,2,3130.0,1008,8,3130.1,35,1
2031,2026-06-16 09:43:06+05:30,3129.0,256,3141.58,513810,104900.0,195960.0,3163.0,3163.0,3128.0,3134.3,31717800,3447.7,2820.9,3839.9,2896.0,3128.8,29,1,3128.7,103,6,3128.6,24,3,3128.5,12,1,3128.4,230,7,3129.0,200,1,3129.6,6,1,3129.7,194,1,3129.8,207,2,3130.0,1012,8
2031,2026-06-16 09:43:07+05:30,3129.0,35,3141.56,514675,104621.0,195473.0,3163.0,3163.0,3128.0,3134.3,31717800,3447.7,2820.9,3839.9,2896.0,3129.1,20,1,3129.0,28,1,3128.9,20,1,3128.8,51,3,3128.7,22,2,3129.6,6,1,3129.7,194,1,3129.8,207,2,3130.0,1112,9,3130.5,149,6
2031,2026-06-16 09:43:07+05:30,3129.0,35,3141.56,514675,104621.0,195473.0,3163.0,3163.0,3128.0,3134.3,31717800,3447.7,2820.9,3839.9,2896.0,3129.1,20,1,3129.0,28,1,3128.9,20,1,3128.8,51,3,3128.7,22,2,3129.6,6,1,3129.7,194,1,3129.8,207,2,3130.0,1112,9,3130.5,149,6
2031,2026-06-16 09:43:08+05:30,3129.0,35,3141.56,514675,105123.0,195439.0,3163.0,3163.0,3128.0,3134.3,31717800,3447.7,2820.9,3839.9,2896.0,3129.1,89,5,3129.0,28,2,3128.9,40,3,3128.8,76,4,3128.7,39,3,3129.6,57,3,3129.8,7,1,3129.9,200,1,3130.0,1133,10,3130.2,194,1
2031,2026-06-16 09:43:09+05:30,3129.1,21,3141.56,514716,105137.0,195678.0,3163.0,3163.0,3128.0,3134.3,31717800,3447.7,2820.9,3839.9,2896.0,3129.2,50,1,3129.1,5,2,3129.0,19,1,3128.9,24,2,3128.8,49,3,3129.6,142,5,3129.8,14,2,3129.9,200,1,3130.0,1171,12,3130.2,306,3
2031,2026-06-16 09:43:09+05:30,3129.1,21,3141.56,514716,105137.0,195678.0,3163.0,3163.0,3128.0,3134.3,31717800,3447.7,2820.9,3839.9,2896.0,3129.2,50,1,3129.1,5,2,3129.0,19,1,3128.9,24,2,3128.8,49,3,3129.6,142,5,3129.8,14,2,3129.9,200,1,3130.0,1171,12,3130.2,306,3
2031,2026-06-16 09:43:10+05:30,3129.6,1,3141.56,514716,105137.0,195678.0,3163.0,3163.0,3128.0,3134.3,31717800,3447.7,2820.9,3839.9,2896.0,3129.2,50,1,3129.1,5,2,3129.0,19,1,3128.9,24,2,3128.8,49,3,3129.6,142,5,3129.8,14,2,3129.9,200,1,3130.0,1171,12,3130.2,306,3
2031,2026-06-16 09:43:10+05:30,3129.6,1,3141.56,514767,105306.0,196444.0,3163.0,3163.0,3128.0,3134.3,31717800,3447.7,2820.9,3839.9,2896.0,3129.3,26,1,3129.1,53,3,3129.0,26,1,3128.9,40,3,3128.8,75,4,3129.6,142,6,3129.8,14,2,3129.9,200,1,3130.0,1177,14,3130.2,306,3
2031,2026-06-16 09:43:11+05:30,3129.1,1,3141.56,514767,105306.0,196444.0,3163.0,3163.0,3128.0,3134.3,31717800,3447.7,2820.9,3839.9,2896.0,3129.3,26,1,3129.1,53,3,3129.0,26,1,3128.9,40,3,3128.8,75,4,3129.6,142,6,3129.8,14,2,3129.9,200,1,3130.0,1177,14,3130.2,306,3
2031,2026-06-16 09:43:12+05:30,3129.1,1,3141.55,515077,105580.0,196001.0,3163.0,3163.0,3128.0,3134.3,31717800,3447.7,2820.9,3839.9,2896.0,3129.1,55,4,3129.0,26,1,3128.9,24,2,3128.8,118,6,3128.7,18,2,3129.2,300,1,3129.6,142,6,3129.8,14,2,3129.9,200,1,3130.0,877,13
2031,2026-06-16 09:43:12+05:30,3129.1,1,3141.55,515077,105580.0,196001.0,3163.0,3163.0,3128.0,3134.3,31717800,3447.7,2820.9,3839.9,2896.0,3129.1,55,4,3129.0,26,1,3128.9,24,2,3128.8,118,6,3128.7,18,2,3129.2,300,1,3129.6,142,6,3129.8,14,2,3129.9,200,1,3130.0,877,13
2031,2026-06-16 09:43:12+05:30,3129.1,13,3141.55,515077,105580.0,196001.0,3163.0,3163.0,3128.0,3134.3,31717800,3447.7,2820.9,3839.9,2896.0,3129.1,55,4,3129.0,26,1,3128.9,24,2,3128.8,118,6,3128.7,18,2,3129.2,300,1,3129.6,142,6,3129.8,14,2,3129.9,200,1,3130.0,877,13
2031,2026-06-16 09:43:13+05:30,3128.8,28,3141.54,515701,104784.0,196225.0,3163.0,3163.0,3128.0,3134.3,31717800,3447.7,2820.9,3839.9,2896.0,3128.8,2,2,3128.6,15,2,3128.4,96,4,3128.3,16,1,3128.2,65,3,3129.2,277,2,3129.6,141,5,3129.7,194,1,3129.8,119,4,3129.9,284,2
2031,2026-06-16 09:43:13+05:30,3128.8,28,3141.54,515701,104784.0,196225.0,3163.0,3163.0,3128.0,3134.3,31717800,3447.7,2820.9,3839.9,2896.0,3128.8,2,2,3128.6,15,2,3128.4,96,4,3128.3,16,1,3128.2,65,3,3129.2,277,2,3129.6,141,5,3129.7,194,1,3129.8,119,4,3129.9,284,2
2031,2026-06-16 09:43:14+05:30,3129.2,1,3141.54,515702,104669.0,196565.0,3163.0,3163.0,3128.0,3134.3,31717800,3447.7,2820.9,3839.9,2896.0,3128.8,13,3,3128.6,15,2,3128.4,50,2,3128.2,19,1,3128.1,2,1,3129.2,290,3,3129.3,41,1,3129.4,21,1,3129.6,376,7,3129.7,51,2
2031,2026-06-16 09:43:14+05:30,3129.2,1,3141.54,515702,104669.0,196565.0,3163.0,3163.0,3128.0,3134.3,31717800,3447.7,2820.9,3839.9,2896.0,3128.8,13,3,3128.6,15,2,3128.4,50,2,3128.2,19,1,3128.1,2,1,3129.2,290,3,3129.3,41,1,3129.4,21,1,3129.6,376,7,3129.7,51,2
2031,2026-06-16 09:43:14+05:30,3128.8,28,3141.54,515702,104669.0,196565.0,3163.0,3163.0,3128.0,3134.3,31717800,3447.7,2820.9,3839.9,2896.0,3128.8,13,3,3128.6,15,2,3128.4,50,2,3128.2,19,1,3128.1,2,1,3129.2,290,3,3129.3,41,1,3129.4,21,1,3129.6,376,7,3129.7,51,2
2031,2026-06-16 09:43:15+05:30,3128.8,28,3141.54,515743,104545.0,196620.0,3163.0,3163.0,3128.0,3134.3,31717800,3447.7,2820.9,3839.9,2896.0,3128.8,14,4,3128.7,27,1,3128.6,15,2,3128.4,50,2,3128.2,19,1,3129.2,323,5,3129.3,80,1,3129.4,84,3,3129.5,44,2,3129.6,182,6
2031,2026-06-16 09:43:15+05:30,3129.2,3,3141.54,515743,104545.0,196620.0,3163.0,3163.0,3128.0,3134.3,31717800,3447.7,2820.9,3839.9,2896.0,3128.8,14,4,3128.7,27,1,3128.6,15,2,3128.4,50,2,3128.2,19,1,3129.2,323,5,3129.3,80,1,3129.4,84,3,3129.5,44,2,3129.6,182,6
2031,2026-06-16 09:43:16+05:30,3129.2,3,3141.54,515743,104545.0,196620.0,3163.0,3163.0,3128.0,3134.3,31717800,3447.7,2820.9,3839.9,2896.0,3128.8,14,4,3128.7,27,1,3128.6,15,2,3128.4,50,2,3128.2,19,1,3129.2,323,5,3129.3,80,1,3129.4,84,3,3129.5,44,2,3129.6,182,6
2031,2026-06-16 09:43:16+05:30,3129.2,3,3141.54,515746,104593.0,194889.0,3163.0,3163.0,3128.0,3134.3,31717800,3447.7,2820.9,3839.9,2896.0,3129.0,2,2,3128.8,14,4,3128.7,27,1,3128.6,15,2,3128.4,50,2,3129.2,299,4,3129.3,80,1,3129.4,21,1,3129.5,7,1,3129.6,182,6
2031,2026-06-16 09:43:17+05:30,3129.2,3,3141.54,515746,104593.0,194889.0,3163.0,3163.0,3128.0,3134.3,31717800,3447.7,2820.9,3839.9,2896.0,3129.0,2,2,3128.8,14,4,3128.7,27,1,3128.6,15,2,3128.4,50,2,3129.2,299,4,3129.3,80,1,3129.4,21,1,3129.5,7,1,3129.6,182,6
2031,2026-06-16 09:43:17+05:30,3129.2,1,3141.54,515747,104704.0,195064.0,3163.0,3163.0,3128.0,3134.3,31717800,3447.7,2820.9,3839.9,2896.0,3129.0,2,2,3128.8,14,4,3128.7,27,1,3128.6,15,2,3128.4,50,2,3129.2,298,4,3129.3,80,1,3129.5,7,1,3129.6,182,6,3129.7,226,2
2031,2026-06-16 09:43:17+05:30,3129.2,1,3141.54,515747,104704.0,195064.0,3163.0,3163.0,3128.0,3134.3,31717800,3447.7,2820.9,3839.9,2896.0,3129.0,2,2,3128.8,14,4,3128.7,27,1,3128.6,15,2,3128.4,50,2,3129.2,298,4,3129.3,80,1,3129.5,7,1,3129.6,182,6,3129.7,226,2
2031,2026-06-16 09:43:18+05:30,3129.2,262,3141.53,516010,104700.0,196107.0,3163.0,3163.0,3128.0,3134.3,31717800,3447.7,2820.9,3839.9,2896.0,3129.0,2,2,3128.8,14,4,3128.6,15,2,3128.4,50,2,3128.2,19,1,3129.2,88,6,3129.3,80,1,3129.6,91,4,3129.7,194,1,3129.8,354,6
2031,2026-06-16 09:43:18+05:30,3129.2,262,3141.53,516010,104700.0,196107.0,3163.0,3163.0,3128.0,3134.3,31717800,3447.7,2820.9,3839.9,2896.0,3129.0,2,2,3128.8,14,4,3128.6,15,2,3128.4,50,2,3128.2,19,1,3129.2,88,6,3129.3,80,1,3129.6,91,4,3129.7,194,1,3129.8,354,6
2031,2026-06-16 09:43:19+05:30,3129.2,262,3141.53,516010,104700.0,196107.0,3163.0,3163.0,3128.0,3134.3,31717800,3447.7,2820.9,3839.9,2896.0,3129.0,2,2,3128.8,14,4,3128.6,15,2,3128.4,50,2,3128.2,19,1,3129.2,88,6,3129.3,80,1,3129.6,91,4,3129.7,194,1,3129.8,354,6
2031,2026-06-16 09:43:19+05:30,3129.2,1,3141.53,516010,104700.0,196107.0,3163.0,3163.0,3128.0,3134.3,31717800,3447.7,2820.9,3839.9,2896.0,3129.0,2,2,3128.8,14,4,3128.6,15,2,3128.4,50,2,3128.2,19,1,3129.2,88,6,3129.3,80,1,3129.6,91,4,3129.7,194,1,3129.8,354,6
2031,2026-06-16 09:43:20+05:30,3129.2,1,3141.53,516052,103876.0,196156.0,3163.0,3163.0,3128.0,3134.3,31717800,3447.7,2820.9,3839.9,2896.0,3128.8,19,4,3128.6,15,2,3128.5,22,1,3128.4,50,2,3128.2,19,1,3129.0,1,1,3129.2,101,7,3129.3,80,1,3129.4,81,3,3129.5,7,1
2031,2026-06-16 09:43:20+05:30,3129.2,1,3141.53,516052,103876.0,196156.0,3163.0,3163.0,3128.0,3134.3,31717800,3447.7,2820.9,3839.9,2896.0,3128.8,19,4,3128.6,15,2,3128.5,22,1,3128.4,50,2,3128.2,19,1,3129.0,1,1,3129.2,101,7,3129.3,80,1,3129.4,81,3,3129.5,7,1
2031,2026-06-16 09:43:20+05:30,3129.0,8,3141.53,516052,103876.0,196156.0,3163.0,3163.0,3128.0,3134.3,31717800,3447.7,2820.9,3839.9,2896.0,3128.8,19,4,3128.6,15,2,3128.5,22,1,3128.4,50,2,3128.2,19,1,3129.0,1,1,3129.2,101,7,3129.3,80,1,3129.4,81,3,3129.5,7,1
2031,2026-06-16 09:43:21+05:30,3129.1,1,3141.53,516074,103512.0,197516.0,3163.0,3163.0,3128.0,3134.3,31717800,3447.7,2820.9,3839.9,2896.0,3129.0,1,1,3128.8,8,3,3128.6,15,2,3128.5,22,1,3128.4,50,2,3129.1,50,4,3129.2,99,7,3129.3,124,3,3129.4,81,3,3129.5,201,2
2031,2026-06-16 09:43:21+05:30,3129.1,1,3141.53,516074,103512.0,197516.0,3163.0,3163.0,3128.0,3134.3,31717800,3447.7,2820.9,3839.9,2896.0,3129.0,1,1,3128.8,8,3,3128.6,15,2,3128.5,22,1,3128.4,50,2,3129.1,50,4,3129.2,99,7,3129.3,124,3,3129.4,81,3,3129.5,201,2
2031,2026-06-16 09:43:21+05:30,3129.1,1,3141.53,516074,103512.0,197516.0,3163.0,3163.0,3128.0,3134.3,31717800,3447.7,2820.9,3839.9,2896.0,3129.0,1,1,3128.8,8,3,3128.6,15,2,3128.5,22,1,3128.4,50,2,3129.1,50,4,3129.2,99,7,3129.3,124,3,3129.4,81,3,3129.5,201,2
2031,2026-06-16 09:43:22+05:30,3129.1,1,3141.53,516074,103986.0,197774.0,3163.0,3163.0,3128.0,3134.3,31717800,3447.7,2820.9,3839.9,2896.0,3129.0,37,2,3128.8,8,3,3128.6,15,2,3128.5,22,1,3128.4,50,2,3129.1,63,5,3129.2,73,5,3129.3,83,2,3129.4,81,3,3129.5,7,1
2031,2026-06-16 09:43:22+05:30,3129.1,1,3141.53,516074,103986.0,197774.0,3163.0,3163.0,3128.0,3134.3,31717800,3447.7,2820.9,3839.9,2896.0,3129.0,37,2,3128.8,8,3,3128.6,15,2,3128.5,22,1,3128.4,50,2,3129.1,63,5,3129.2,73,5,3129.3,83,2,3129.4,81,3,3129.5,7,1
2031,2026-06-16 09:43:23+05:30,3129.1,1,3141.53,516074,103986.0,197774.0,3163.0,3163.0,3128.0,3134.3,31717800,3447.7,2820.9,3839.9,2896.0,3129.0,37,2,3128.8,8,3,3128.6,15,2,3128.5,22,1,3128.4,50,2,3129.1,63,5,3129.2,73,5,3129.3,83,2,3129.4,81,3,3129.5,7,1
2031,2026-06-16 09:43:23+05:30,3129.1,1,3141.53,516075,103970.0,196709.0,3163.0,3163.0,3128.0,3134.3,31717800,3447.7,2820.9,3839.9,2896.0,3129.0,43,3,3128.8,8,3,3128.6,15,2,3128.5,22,1,3128.4,50,2,3129.1,89,7,3129.2,73,5,3129.3,277,3,3129.4,295,5,3129.5,7,1
2031,2026-06-16 09:43:23+05:30,3129.1,1,3141.53,516075,103970.0,196709.0,3163.0,3163.0,3128.0,3134.3,31717800,3447.7,2820.9,3839.9,2896.0,3129.0,43,3,3128.8,8,3,3128.6,15,2,3128.5,22,1,3128.4,50,2,3129.1,89,7,3129.2,73,5,3129.3,277,3,3129.4,295,5,3129.5,7,1
2031,2026-06-16 09:43:23+05:30,3128.8,2,3141.53,516075,103970.0,196709.0,3163.0,3163.0,3128.0,3134.3,31717800,3447.7,2820.9,3839.9,2896.0,3129.0,43,3,3128.8,8,3,3128.6,15,2,3128.5,22,1,3128.4,50,2,3129.1,89,7,3129.2,73,5,3129.3,277,3,3129.4,295,5,3129.5,7,1
2031,2026-06-16 09:43:24+05:30,3128.8,2,3141.53,516075,103970.0,196709.0,3163.0,3163.0,3128.0,3134.3,31717800,3447.7,2820.9,3839.9,2896.0,3129.0,43,3,3128.8,8,3,3128.6,15,2,3128.5,22,1,3128.4,50,2,3129.1,89,7,3129.2,73,5,3129.3,277,3,3129.4,295,5,3129.5,7,1
2031,2026-06-16 09:43:24+05:30,3128.8,2,3141.52,516276,102483.0,197460.0,3163.0,3163.0,3128.0,3134.3,31717800,3447.7,2820.9,3839.9,2896.0,3128.8,28,2,3128.6,15,2,3128.5,22,1,3128.4,50,2,3128.2,19,1,3129.0,28,2,3129.1,93,8,3129.2,138,7,3129.3,80,1,3129.4,275,4
2031,2026-06-16 09:43:24+05:30,3128.8,13,3141.52,516276,102483.0,197460.0,3163.0,3163.0,3128.0,3134.3,31717800,3447.7,2820.9,3839.9,2896.0,3128.8,28,2,3128.6,15,2,3128.5,22,1,3128.4,50,2,3128.2,19,1,3129.0,28,2,3129.1,93,8,3129.2,138,7,3129.3,80,1,3129.4,275,4
2031,2026-06-16 09:43:25+05:30,3128.8,13,3141.52,516276,102483.0,197460.0,3163.0,3163.0,3128.0,3134.3,31717800,3447.7,2820.9,3839.9,2896.0,3128.8,28,2,3128.6,15,2,3128.5,22,1,3128.4,50,2,3128.2,19,1,3129.0,28,2,3129.1,93,8,3129.2,138,7,3129.3,80,1,3129.4,275,4
2031,2026-06-16 09:43:25+05:30,3129.0,5,3141.52,516328,103538.0,198120.0,3163.0,3163.0,3128.0,3134.3,31717800,3447.7,2820.9,3839.9,2896.0,3128.8,16,1,3128.7,24,1,3128.6,15,2,3128.5,22,1,3128.4,50,2,3129.0,37,3,3129.1,287,9,3129.2,206,8,3129.3,280,2,3129.4,81,3
2031,2026-06-16 09:43:25+05:30,3129.0,5,3141.52,516328,103538.0,198120.0,3163.0,3163.0,3128.0,3134.3,31717800,3447.7,2820.9,3839.9,2896.0,3128.8,16,1,3128.7,24,1,3128.6,15,2,3128.5,22,1,3128.4,50,2,3129.0,37,3,3129.1,287,9,3129.2,206,8,3129.3,280,2,3129.4,81,3
2031,2026-06-16 09:43:25+05:30,3129.0,5,3141.52,516328,103538.0,198120.0,3163.0,3163.0,3128.0,3134.3,31717800,3447.7,2820.9,3839.9,2896.0,3128.8,16,1,3128.7,24,1,3128.6,15,2,3128.5,22,1,3128.4,50,2,3129.0,37,3,3129.1,287,9,3129.2,206,8,3129.3,280,2,3129.4,81,3
2031,2026-06-16 09:43:26+05:30,3128.8,11,3141.52,516339,103513.0,198103.0,3163.0,3163.0,3128.0,3134.3,31717800,3447.7,2820.9,3839.9,2896.0,3128.8,8,2,3128.7,24,1,3128.6,15,2,3128.5,22,1,3128.4,50,2,3129.0,86,6,3129.1,47,4,3129.2,267,9,3129.3,474,3,3129.4,81,3
2031,2026-06-16 09:43:26+05:30,3128.8,11,3141.52,516339,103513.0,198103.0,3163.0,3163.0,3128.0,3134.3,31717800,3447.7,2820.9,3839.9,2896.0,3128.8,8,2,3128.7,24,1,3128.6,15,2,3128.5,22,1,3128.4,50,2,3129.0,86,6,3129.1,47,4,3129.2,267,9,3129.3,474,3,3129.4,81,3
2031,2026-06-16 09:43:26+05:30,3128.8,2,3141.52,516339,103513.0,198103.0,3163.0,3163.0,3128.0,3134.3,31717800,3447.7,2820.9,3839.9,2896.0,3128.8,8,2,3128.7,24,1,3128.6,15,2,3128.5,22,1,3128.4,50,2,3129.0,86,6,3129.1,47,4,3129.2,267,9,3129.3,474,3,3129.4,81,3
2031,2026-06-16 09:43:27+05:30,3128.8,2,3141.52,516339,103513.0,198103.0,3163.0,3163.0,3128.0,3134.3,31717800,3447.7,2820.9,3839.9,2896.0,3128.8,8,2,3128.7,24,1,3128.6,15,2,3128.5,22,1,3128.4,50,2,3129.0,86,6,3129.1,47,4,3129.2,267,9,3129.3,474,3,3129.4,81,3
2031,2026-06-16 09:43:27+05:30,3128.9,14,3141.52,516414,103466.0,197953.0,3163.0,3163.0,3128.0,3134.3,31717800,3447.7,2820.9,3839.9,2896.0,3128.8,4,2,3128.7,23,1,3128.6,15,2,3128.5,22,1,3128.4,50,2,3129.0,128,7,3129.1,47,4,3129.2,461,10,3129.3,280,2,3129.4,153,4
2031,2026-06-16 09:43:27+05:30,3128.9,14,3141.52,516414,103466.0,197953.0,3163.0,3163.0,3128.0,3134.3,31717800,3447.7,2820.9,3839.9,2896.0,3128.8,4,2,3128.7,23,1,3128.6,15,2,3128.5,22,1,3128.4,50,2,3129.0,128,7,3129.1,47,4,3129.2,461,10,3129.3,280,2,3129.4,153,4
2031,2026-06-16 09:43:28+05:30,3128.9,14,3141.52,516414,103466.0,197953.0,3163.0,3163.0,3128.0,3134.3,31717800,3447.7,2820.9,3839.9,2896.0,3128.8,4,2,3128.7,23,1,3128.6,15,2,3128.5,22,1,3128.4,50,2,3129.0,128,7,3129.1,47,4,3129.2,461,10,3129.3,280,2,3129.4,153,4
2031,2026-06-16 09:43:28+05:30,3129.0,1,3141.52,516416,103739.0,198198.0,3163.0,3163.0,3128.0,3134.3,31717800,3447.7,2820.9,3839.9,2896.0,3128.8,4,2,3128.7,24,2,3128.6,15,2,3128.5,22,1,3128.4,50,2,3129.0,376,9,3129.1,38,3,3129.2,461,10,3129.3,280,2,3129.4,153,4
2031,2026-06-16 09:43:28+05:30,3129.0,1,3141.52,516416,103739.0,198198.0,3163.0,3163.0,3128.0,3134.3,31717800,3447.7,2820.9,3839.9,2896.0,3128.8,4,2,3128.7,24,2,3128.6,15,2,3128.5,22,1,3128.4,50,2,3129.0,376,9,3129.1,38,3,3129.2,461,10,3129.3,280,2,3129.4,153,4
2031,2026-06-16 09:43:28+05:30,3129.0,1,3141.52,516416,103739.0,198198.0,3163.0,3163.0,3128.0,3134.3,31717800,3447.7,2820.9,3839.9,2896.0,3128.8,4,2,3128.7,24,2,3128.6,15,2,3128.5,22,1,3128.4,50,2,3129.0,376,9,3129.1,38,3,3129.2,461,10,3129.3,280,2,3129.4,153,4
2031,2026-06-16 09:43:29+05:30,3128.9,7,3141.51,516717,104089.0,198389.0,3163.0,3163.0,3128.0,3134.3,31717800,3447.7,2820.9,3839.9,2896.0,3128.7,23,1,3128.6,15,2,3128.5,22,1,3128.4,50,2,3128.2,19,1,3128.9,29,3,3129.0,904,11,3129.1,38,3,3129.2,408,8,3129.3,280,2
2031,2026-06-16 09:43:29+05:30,3128.9,7,3141.51,516717,104089.0,198389.0,3163.0,3163.0,3128.0,3134.3,31723600,3447.7,2820.9,3839.9,2896.0,3128.7,23,1,3128.6,15,2,3128.5,22,1,3128.4,50,2,3128.2,19,1,3128.9,29,3,3129.0,904,11,3129.1,38,3,3129.2,408,8,3129.3,280,2
2031,2026-06-16 09:43:29+05:30,3128.9,1,3141.51,516717,104089.0,198389.0,3163.0,3163.0,3128.0,3134.3,31723600,3447.7,2820.9,3839.9,2896.0,3128.7,23,1,3128.6,15,2,3128.5,22,1,3128.4,50,2,3128.2,19,1,3128.9,29,3,3129.0,904,11,3129.1,38,3,3129.2,408,8,3129.3,280,2
2031,2026-06-16 09:43:30+05:30,3128.8,2,3141.51,516864,103826.0,198413.0,3163.0,3163.0,3128.0,3134.3,31723600,3447.7,2820.9,3839.9,2896.0,3128.7,1,1,3128.6,6,1,3128.5,22,1,3128.4,50,2,3128.2,19,1,3128.8,96,1,3128.9,42,4,3129.0,813,5,3129.1,20,2,3129.2,145,6
2031,2026-06-16 09:43:30+05:30,3128.8,2,3141.51,516864,103826.0,198413.0,3163.0,3163.0,3128.0,3134.3,31723600,3447.7,2820.9,3839.9,2896.0,3128.7,1,1,3128.6,6,1,3128.5,22,1,3128.4,50,2,3128.2,19,1,3128.8,96,1,3128.9,42,4,3129.0,813,5,3129.1,20,2,3129.2,145,6
2031,2026-06-16 09:43:31+05:30,3128.8,15,3141.51,516864,103826.0,198413.0,3163.0,3163.0,3128.0,3134.3,31723600,3447.7,2820.9,3839.9,2896.0,3128.7,1,1,3128.6,6,1,3128.5,22,1,3128.4,50,2,3128.2,19,1,3128.8,96,1,3128.9,42,4,3129.0,813,5,3129.1,20,2,3129.2,145,6
2031,2026-06-16 09:43:31+05:30,3128.8,15,3141.51,516879,104263.0,198350.0,3163.0,3163.0,3128.0,3134.3,31723600,3447.7,2820.9,3839.9,2896.0,3128.7,46,3,3128.6,6,1,3128.5,22,1,3128.4,50,2,3128.2,19,1,3128.8,107,3,3128.9,26,2,3129.0,865,7,3129.1,16,1,3129.2,131,5
2031,2026-06-16 09:43:32+05:30,3128.8,15,3141.51,516879,103997.0,198164.0,3163.0,3163.0,3128.0,3134.3,31723600,3447.7,2820.9,3839.9,2896.0,3128.7,48,4,3128.6,6,1,3128.5,22,1,3128.4,50,2,3128.2,19,1,3128.8,133,4,3128.9,1,1,3129.0,865,7,3129.1,16,1,3129.2,131,5
2031,2026-06-16 09:43:33+05:30,3128.7,25,3141.51,516879,103997.0,198164.0,3163.0,3163.0,3128.0,3134.3,31723600,3447.7,2820.9,3839.9,2896.0,3128.7,48,4,3128.6,6,1,3128.5,22,1,3128.4,50,2,3128.2,19,1,3128.8,133,4,3128.9,1,1,3129.0,865,7,3129.1,16,1,3129.2,131,5
2031,2026-06-16 09:43:33+05:30,3128.7,25,3141.51,516965,103969.0,197182.0,3163.0,3163.0,3128.0,3134.3,31723600,3447.7,2820.9,3839.9,2896.0,3128.7,14,4,3128.6,6,1,3128.5,22,1,3128.4,50,2,3128.2,19,1,3128.8,82,4,3128.9,1,1,3129.0,865,7,3129.1,16,1,3129.2,131,5
2031,2026-06-16 09:43:34+05:30,3128.5,54,3141.51,516965,103969.0,197182.0,3163.0,3163.0,3128.0,3134.3,31723600,3447.7,2820.9,3839.9,2896.0,3128.7,14,4,3128.6,6,1,3128.5,22,1,3128.4,50,2,3128.2,19,1,3128.8,82,4,3128.9,1,1,3129.0,865,7,3129.1,16,1,3129.2,131,5
2031,2026-06-16 09:43:34+05:30,3128.5,54,3141.5,517106,103932.0,197829.0,3163.0,3163.0,3128.0,3134.3,31723600,3447.7,2820.9,3839.9,2896.0,3128.5,22,1,3128.4,50,2,3128.2,19,1,3128.1,2,1,3128.0,1779,14,3128.8,82,4,3128.9,1,1,3129.0,875,8,3129.1,16,1,3129.2,131,5
2031,2026-06-16 09:43:35+05:30,3128.8,10,3141.5,517106,103932.0,197829.0,3163.0,3163.0,3128.0,3134.3,31723600,3447.7,2820.9,3839.9,2896.0,3128.5,22,1,3128.4,50,2,3128.2,19,1,3128.1,2,1,3128.0,1779,14,3128.8,82,4,3128.9,1,1,3129.0,875,8,3129.1,16,1,3129.2,131,5
2031,2026-06-16 09:43:35+05:30,3128.8,10,3141.5,517246,103793.0,195953.0,3163.0,3163.0,3128.0,3134.3,31723600,3447.7,2820.9,3839.9,2896.0,3128.7,1,1,3128.5,22,1,3128.4,73,3,3128.2,19,1,3128.1,2,1,3128.8,42,3,3128.9,1,1,3129.0,875,8,3129.1,16,1,3129.2,131,5
2031,2026-06-16 09:43:36+05:30,3128.8,3,3141.5,517246,103793.0,195953.0,3163.0,3163.0,3128.0,3134.3,31723600,3447.7,2820.9,3839.9,2896.0,3128.7,1,1,3128.5,22,1,3128.4,73,3,3128.2,19,1,3128.1,2,1,3128.8,42,3,3128.9,1,1,3129.0,875,8,3129.1,16,1,3129.2,131,5
2031,2026-06-16 09:43:37+05:30,3129.0,30,3141.5,517320,104253.0,198077.0,3163.0,3163.0,3128.0,3134.3,31723600,3447.7,2820.9,3839.9,2896.0,3128.7,1,1,3128.5,22,1,3128.4,73,3,3128.2,19,1,3128.1,2,1,3129.0,804,7,3129.1,16,1,3129.2,131,5,3129.3,80,1,3129.4,41,1
2031,2026-06-16 09:43:37+05:30,3128.7,1,3141.5,517320,104253.0,198077.0,3163.0,3163.0,3128.0,3134.3,31723600,3447.7,2820.9,3839.9,2896.0,3128.7,1,1,3128.5,22,1,3128.4,73,3,3128.2,19,1,3128.1,2,1,3129.0,804,7,3129.1,16,1,3129.2,131,5,3129.3,80,1,3129.4,41,1
2031,2026-06-16 09:43:38+05:30,3128.7,1,3141.5,517321,104300.0,198350.0,3163.0,3163.0,3128.0,3134.3,31723600,3447.7,2820.9,3839.9,2896.0,3128.7,6,1,3128.5,22,1,3128.4,73,3,3128.2,19,1,3128.1,2,1,3129.0,848,10,3129.1,57,2,3129.2,90,4,3129.3,101,2,3129.4,235,2
2031,2026-06-16 09:43:38+05:30,3128.7,2,3141.5,517321,104300.0,198350.0,3163.0,3163.0,3128.0,3134.3,31723600,3447.7,2820.9,3839.9,2896.0,3128.7,6,1,3128.5,22,1,3128.4,73,3,3128.2,19,1,3128.1,2,1,3129.0,848,10,3129.1,57,2,3129.2,90,4,3129.3,101,2,3129.4,235,2
2031,2026-06-16 09:43:39+05:30,3129.0,43,3141.5,517374,104100.0,197477.0,3163.0,3163.0,3128.0,3134.3,31723600,3447.7,2820.9,3839.9,2896.0,3128.7,30,2,3128.5,35,2,3128.4,50,2,3128.2,19,1,3128.1,2,1,3129.0,797,9,3129.1,16,1,3129.2,131,5,3129.3,274,2,3129.4,260,3
2031,2026-06-16 09:43:39+05:30,3129.0,43,3141.5,517374,104100.0,197477.0,3163.0,3163.0,3128.0,3134.3,31723600,3447.7,2820.9,3839.9,2896.0,3128.7,30,2,3128.5,35,2,3128.4,50,2,3128.2,19,1,3128.1,2,1,3129.0,797,9,3129.1,16,1,3129.2,131,5,3129.3,274,2,3129.4,260,3
2031,2026-06-16 09:43:40+05:30,3129.0,100,3141.5,517474,104359.0,195505.0,3163.0,3163.0,3128.0,3134.3,31723600,3447.7,2820.9,3839.9,2896.0,3128.7,33,3,3128.5,36,3,3128.4,50,2,3128.2,19,1,3128.1,2,1,3129.0,698,10,3129.1,57,2,3129.2,90,4,3129.3,80,1,3129.4,41,1
2031,2026-06-16 09:43:40+05:30,3129.0,100,3141.5,517474,104359.0,195505.0,3163.0,3163.0,3128.0,3134.3,31723600,3447.7,2820.9,3839.9,2896.0,3128.7,33,3,3128.5,36,3,3128.4,50,2,3128.2,19,1,3128.1,2,1,3129.0,698,10,3129.1,57,2,3129.2,90,4,3129.3,80,1,3129.4,41,1
2031,2026-06-16 09:43:41+05:30,3128.7,17,3141.49,517524,104498.0,195354.0,3163.0,3163.0,3128.0,3134.3,31723600,3447.7,2820.9,3839.9,2896.0,3128.7,74,5,3128.5,36,3,3128.4,50,2,3128.2,37,2,3128.1,22,2,3129.0,694,9,3129.1,16,1,3129.2,90,4,3129.3,80,1,3129.5,279,3
2031,2026-06-16 09:43:41+05:30,3128.7,17,3141.49,517524,104498.0,195354.0,3163.0,3163.0,3128.0,3134.3,31723600,3447.7,2820.9,3839.9,2896.0,3128.7,74,5,3128.5,36,3,3128.4,50,2,3128.2,37,2,3128.1,22,2,3129.0,694,9,3129.1,16,1,3129.2,90,4,3129.3,80,1,3129.5,279,3
2031,2026-06-16 09:43:42+05:30,3128.7,10,3141.49,517563,104486.0,197359.0,3163.0,3163.0,3128.0,3134.3,31723600,3447.7,2820.9,3839.9,2896.0,3128.7,43,5,3128.5,36,3,3128.4,50,2,3128.2,19,1,3128.1,22,2,3129.0,676,7,3129.1,16,1,3129.2,90,4,3129.3,80,1,3129.4,41,1
2031,2026-06-16 09:43:42+05:30,3128.7,10,3141.49,517563,104486.0,197359.0,3163.0,3163.0,3128.0,3134.3,31723600,3447.7,2820.9,3839.9,2896.0,3128.7,43,5,3128.5,36,3,3128.4,50,2,3128.2,19,1,3128.1,22,2,3129.0,676,7,3129.1,16,1,3129.2,90,4,3129.3,80,1,3129.4,41,1
2031,2026-06-16 09:43:43+05:30,3129.0,50,3141.49,517614,104622.0,197230.0,3163.0,3163.0,3128.0,3134.3,31723600,3447.7,2820.9,3839.9,2896.0,3128.7,93,6,3128.5,36,3,3128.4,69,3,3128.2,38,2,3128.1,47,3,3129.0,625,7,3129.1,16,1,3129.2,90,4,3129.3,80,1,3129.5,279,3
2031,2026-06-16 09:43:43+05:30,3129.0,50,3141.49,517614,104622.0,197230.0,3163.0,3163.0,3128.0,3134.3,31723600,3447.7,2820.9,3839.9,2896.0,3128.7,93,6,3128.5,36,3,3128.4,69,3,3128.2,38,2,3128.1,47,3,3129.0,625,7,3129.1,16,1,3129.2,90,4,3129.3,80,1,3129.5,279,3
2031,2026-06-16 09:43:44+05:30,3129.0,1,3141.49,517845,104640.0,196282.0,3163.0,3163.0,3128.0,3134.3,31723600,3447.7,2820.9,3839.9,2896.0,3128.7,77,5,3128.5,36,3,3128.4,77,3,3128.3,19,1,3128.2,44,2,3129.0,419,7,3129.1,16,1,3129.2,90,4,3129.3,80,1,3129.5,279,3
2031,2026-06-16 09:43:44+05:30,3129.0,1,3141.49,517845,104640.0,196282.0,3163.0,3163.0,3128.0,3134.3,31723600,3447.7,2820.9,3839.9,2896.0,3128.7,77,5,3128.5,36,3,3128.4,77,3,3128.3,19,1,3128.2,44,2,3129.0,419,7,3129.1,16,1,3129.2,90,4,3129.3,80,1,3129.5,279,3
2031,2026-06-16 09:43:45+05:30,3128.7,7,3141.48,518045,104600.0,196462.0,3163.0,3163.0,3128.0,3134.3,31723600,3447.7,2820.9,3839.9,2896.0,3128.7,47,5,3128.5,36,3,3128.4,94,4,3128.2,63,3,3128.1,72,3,3129.0,419,7,3129.1,16,1,3129.2,90,4,3129.3,80,1,3129.5,279,3
2031,2026-06-16 09:43:45+05:30,3128.7,7,3141.48,518045,104600.0,196462.0,3163.0,3163.0,3128.0,3134.3,31723600,3447.7,2820.9,3839.9,2896.0,3128.7,47,5,3128.5,36,3,3128.4,94,4,3128.2,63,3,3128.1,72,3,3129.0,419,7,3129.1,16,1,3129.2,90,4,3129.3,80,1,3129.5,279,3
2031,2026-06-16 09:43:46+05:30,3129.0,2,3141.48,518047,104727.0,196873.0,3163.0,3163.0,3128.0,3134.3,31723600,3447.7,2820.9,3839.9,2896.0,3128.7,47,5,3128.5,36,3,3128.4,94,4,3128.2,63,3,3128.1,72,3,3129.0,492,8,3129.1,16,1,3129.2,90,4,3129.3,80,1,3129.5,214,3
2031,2026-06-16 09:43:46+05:30,3129.0,2,3141.48,518047,104727.0,196873.0,3163.0,3163.0,3128.0,3134.3,31723600,3447.7,2820.9,3839.9,2896.0,3128.7,47,5,3128.5,36,3,3128.4,94,4,3128.2,63,3,3128.1,72,3,3129.0,492,8,3129.1,16,1,3129.2,90,4,3129.3,80,1,3129.5,214,3
2031,2026-06-16 09:43:47+05:30,3128.7,8,3141.48,518047,104727.0,196873.0,3163.0,3163.0,3128.0,3134.3,31723600,3447.7,2820.9,3839.9,2896.0,3128.7,47,5,3128.5,36,3,3128.4,94,4,3128.2,63,3,3128.1,72,3,3129.0,492,8,3129.1,16,1,3129.2,90,4,3129.3,80,1,3129.5,214,3
2031,2026-06-16 09:43:47+05:30,3128.7,8,3141.48,518156,104793.0,197098.0,3163.0,3163.0,3128.0,3134.3,31723600,3447.7,2820.9,3839.9,2896.0,3128.7,46,5,3128.5,36,3,3128.4,50,2,3128.2,44,2,3128.1,70,3,3128.8,300,1,3129.0,492,8,3129.1,16,1,3129.2,20,3,3129.3,80,1
2031,2026-06-16 09:43:48+05:30,3128.8,1,3141.48,518156,104793.0,197098.0,3163.0,3163.0,3128.0,3134.3,31723600,3447.7,2820.9,3839.9,2896.0,3128.7,46,5,3128.5,36,3,3128.4,50,2,3128.2,44,2,3128.1,70,3,3128.8,300,1,3129.0,492,8,3129.1,16,1,3129.2,20,3,3129.3,80,1
2031,2026-06-16 09:43:48+05:30,3128.8,1,3141.44,519597,104355.0,195926.0,3163.0,3163.0,3128.0,3134.3,31723600,3447.7,2820.9,3839.9,2896.0,3128.1,123,5,3128.0,1879,19,3127.9,74,3,3127.8,128,6,3127.7,24,1,3128.7,32,1,3128.8,22,1,3129.0,423,4,3129.2,3,1,3129.3,80,1
2031,2026-06-16 09:43:49+05:30,3128.7,1,3141.44,519597,104355.0,195926.0,3163.0,3163.0,3128.0,3134.3,31723600,3447.7,2820.9,3839.9,2896.0,3128.1,123,5,3128.0,1879,19,3127.9,74,3,3127.8,128,6,3127.7,24,1,3128.7,32,1,3128.8,22,1,3129.0,423,4,3129.2,3,1,3129.3,80,1
2031,2026-06-16 09:43:50+05:30,3128.7,1,3141.44,519606,104571.0,195508.0,3163.0,3163.0,3128.0,3134.3,31723600,3447.7,2820.9,3839.9,2896.0,3128.1,124,6,3128.0,1879,19,3127.9,74,3,3127.8,128,6,3127.7,24,1,3128.7,23,1,3128.8,22,1,3129.0,423,4,3129.2,3,1,3129.3,80,1
2031,2026-06-16 09:43:50+05:30,3128.1,20,3141.44,519606,104571.0,195508.0,3163.0,3163.0,3128.0,3134.3,31723600,3447.7,2820.9,3839.9,2896.0,3128.1,124,6,3128.0,1879,19,3127.9,74,3,3127.8,128,6,3127.7,24,1,3128.7,23,1,3128.8,22,1,3129.0,423,4,3129.2,3,1,3129.3,80,1
2031,2026-06-16 09:43:51+05:30,3128.1,20,3141.44,519646,104864.0,195829.0,3163.0,3163.0,3128.0,3134.3,31723600,3447.7,2820.9,3839.9,2896.0,3128.1,207,7,3128.0,2055,18,3127.9,74,3,3127.8,128,6,3127.7,24,1,3128.7,39,2,3129.0,437,5,3129.2,3,1,3129.3,80,1,3129.5,286,4
2031,2026-06-16 09:43:52+05:30,3129.6,3,3141.41,520770,107757.0,190661.0,3163.0,3163.0,3128.0,3134.3,31723600,3447.7,2820.9,3839.9,2896.0,3129.6,19,1,3129.5,91,3,3129.4,45,3,3129.3,72,3,3129.2,80,4,3130.0,436,9,3130.6,13,1,3130.9,202,2,3131.1,20,1,3131.3,92,2
2031,2026-06-16 09:43:52+05:30,3129.9,10,3141.41,520770,107757.0,190661.0,3163.0,3163.0,3128.0,3134.3,31723600,3447.7,2820.9,3839.9,2896.0,3129.6,19,1,3129.5,91,3,3129.4,45,3,3129.3,72,3,3129.2,80,4,3130.0,436,9,3130.6,13,1,3130.9,202,2,3131.1,20,1,3131.3,92,2
2031,2026-06-16 09:43:53+05:30,3129.9,10,3141.35,523683,108519.0,190852.0,3163.0,3163.0,3128.0,3134.3,31723600,3447.7,2820.9,3839.9,2896.0,3129.9,5,1,3129.8,19,1,3129.7,19,1,3129.6,228,4,3129.4,118,3,3130.6,13,1,3130.9,39,2,3131.3,20,1,3131.4,200,1,3131.5,20,1
2031,2026-06-16 09:43:54+05:30,3130.6,5,3141.35,523746,108935.0,191940.0,3163.0,3163.0,3128.0,3134.3,31723600,3447.7,2820.9,3839.9,2896.0,3130.6,25,1,3129.8,77,2,3129.7,175,4,3129.6,203,3,3129.4,92,4,3130.9,39,2,3131.2,41,1,3131.3,13,1,3131.4,155,4,3131.5,232,2
2031,2026-06-16 09:43:54+05:30,3131.3,1,3141.35,523746,108935.0,191940.0,3163.0,3163.0,3128.0,3134.3,31723600,3447.7,2820.9,3839.9,2896.0,3130.6,25,1,3129.8,77,2,3129.7,175,4,3129.6,203,3,3129.4,92,4,3130.9,39,2,3131.2,41,1,3131.3,13,1,3131.4,155,4,3131.5,232,2
2031,2026-06-16 09:43:55+05:30,3130.6,362,3141.34,524394,109640.0,190259.0,3163.0,3163.0,3128.0,3134.3,31723600,3447.7,2820.9,3839.9,2896.0,3130.6,125,2,3130.2,19,1,3130.1,146,2,3130.0,44,2,3129.9,163,3,3131.3,12,1,3131.4,32,1,3131.7,41,1,3131.8,412,4,3131.9,130,2
2031,2026-06-16 09:43:55+05:30,3130.6,39,3141.34,524394,109640.0,190259.0,3163.0,3163.0,3128.0,3134.3,31723600,3447.7,2820.9,3839.9,2896.0,3130.6,125,2,3130.2,19,1,3130.1,146,2,3130.0,44,2,3129.9,163,3,3131.3,12,1,3131.4,32,1,3131.7,41,1,3131.8,412,4,3131.9,130,2
2031,2026-06-16 09:43:56+05:30,3131.3,1,3141.34,524434,109238.0,189641.0,3163.0,3163.0,3128.0,3134.3,31723600,3447.7,2820.9,3839.9,2896.0,3130.6,86,2,3130.2,2,1,3130.1,98,2,3130.0,19,1,3129.9,25,1,3131.3,58,2,3131.4,32,1,3131.5,41,1,3131.6,35,1,3131.7,20,1
2031,2026-06-16 09:43:56+05:30,3131.3,1,3141.34,524434,109238.0,189641.0,3163.0,3163.0,3128.0,3134.3,31723600,3447.7,2820.9,3839.9,2896.0,3130.6,86,2,3130.2,2,1,3130.1,98,2,3130.0,19,1,3129.9,25,1,3131.3,58,2,3131.4,32,1,3131.5,41,1,3131.6,35,1,3131.7,20,1
2031,2026-06-16 09:43:57+05:30,3131.3,1,3141.34,524434,109272.0,189962.0,3163.0,3163.0,3128.0,3134.3,31723600,3447.7,2820.9,3839.9,2896.0,3130.6,127,3,3130.2,2,1,3130.1,98,2,3130.0,45,2,3129.9,97,2,3131.3,80,3,3131.4,232,2,3131.5,61,2,3131.6,17,1,3131.8,222,5
2031,2026-06-16 09:43:58+05:30,3131.3,1,3141.34,524434,109583.0,190080.0,3163.0,3163.0,3128.0,3134.3,31723600,3447.7,2820.9,3839.9,2896.0,3130.6,127,3,3130.2,2,1,3130.1,214,5,3130.0,226,2,3129.9,72,1,3131.3,80,3,3131.4,232,2,3131.5,20,1,3131.6,93,3,3131.8,295,6
2031,2026-06-16 09:43:59+05:30,3128.8,20,3141.31,525854,103980.0,192259.0,3163.0,3163.0,3128.0,3134.3,31723600,3447.7,2820.9,3839.9,2896.0,3128.8,20,2,3128.7,7,2,3128.6,118,3,3128.5,73,2,3128.4,85,3,3129.8,200,1,3129.9,200,1,3130.4,19,1,3130.5,166,3,3130.6,340,4
2031,2026-06-16 09:43:59+05:30,3129.2,1,3141.31,525854,103980.0,192259.0,3163.0,3163.0,3128.0,3134.3,31723600,3447.7,2820.9,3839.9,2896.0,3128.8,20,2,3128.7,7,2,3128.6,118,3,3128.5,73,2,3128.4,85,3,3129.8,200,1,3129.9,200,1,3130.4,19,1,3130.5,166,3,3130.6,340,4
2031,2026-06-16 09:44:00+05:30,3130.6,57,3141.29,526644,107430.0,190583.0,3163.0,3163.0,3128.0,3134.3,31723600,3447.7,2820.9,3839.9,2896.0,3129.8,19,1,3129.7,97,6,3129.6,109,5,3129.5,88,5,3129.4,171,5,3130.6,284,3,3131.3,343,6,3131.5,93,2,3131.7,35,2,3131.8,119,3
2031,2026-06-16 09:44:00+05:30,3130.6,57,3141.29,526644,107430.0,190583.0,3163.0,3163.0,3128.0,3134.3,31723600,3447.7,2820.9,3839.9,2896.0,3129.8,19,1,3129.7,97,6,3129.6,109,5,3129.5,88,5,3129.4,171,5,3130.6,284,3,3131.3,343,6,3131.5,93,2,3131.7,35,2,3131.8,119,3
2031,2026-06-16 09:44:01+05:30,3130.6,57,3141.29,526644,107289.0,189627.0,3163.0,3163.0,3128.0,3134.3,31723600,3447.7,2820.9,3839.9,2896.0,3129.8,196,5,3129.7,35,4,3129.6,106,5,3129.5,69,4,3129.4,98,4,3130.0,113,1,3130.6,309,4,3131.0,14,1,3131.1,293,3,3131.3,157,5
2031,2026-06-16 09:44:02+05:30,3130.0,1,3141.29,526644,107289.0,189627.0,3163.0,3163.0,3128.0,3134.3,31723600,3447.7,2820.9,3839.9,2896.0,3129.8,196,5,3129.7,35,4,3129.6,106,5,3129.5,69,4,3129.4,98,4,3130.0,113,1,3130.6,309,4,3131.0,14,1,3131.1,293,3,3131.3,157,5
2031,2026-06-16 09:44:03+05:30,3130.0,1,3141.29,526645,107361.0,191094.0,3163.0,3163.0,3128.0,3134.3,31723600,3447.7,2820.9,3839.9,2896.0,3129.8,177,4,3129.7,35,4,3129.6,106,5,3129.5,51,3,3129.4,97,3,3130.0,86,1,3130.5,113,1,3130.6,309,4,3131.0,14,1,3131.1,127,3
2031,2026-06-16 09:44:04+05:30,3130.0,1,3141.29,526645,107224.0,191328.0,3163.0,3163.0,3128.0,3134.3,31723600,3447.7,2820.9,3839.9,2896.0,3129.8,190,6,3129.7,35,4,3129.6,67,4,3129.5,51,3,3129.4,97,3,3130.0,150,3,3130.3,5,1,3130.5,113,1,3130.6,284,3,3131.0,14,1
2031,2026-06-16 09:44:05+05:30,3130.0,1,3141.29,526645,107094.0,191207.0,3163.0,3163.0,3128.0,3134.3,31723600,3447.7,2820.9,3839.9,2896.0,3129.8,290,7,3129.7,35,4,3129.6,67,4,3129.5,51,3,3129.4,97,3,3130.0,150,3,3130.3,5,1,3130.5,113,1,3130.6,284,3,3131.0,14,1
2031,2026-06-16 09:44:05+05:30,3130.3,4,3141.29,526645,107094.0,191207.0,3163.0,3163.0,3128.0,3134.3,31723600,3447.7,2820.9,3839.9,2896.0,3129.8,290,7,3129.7,35,4,3129.6,67,4,3129.5,51,3,3129.4,97,3,3130.0,150,3,3130.3,5,1,3130.5,113,1,3130.6,284,3,3131.0,14,1
2031,2026-06-16 09:44:06+05:30,3130.3,4,3141.28,526834,108050.0,190371.0,3163.0,3163.0,3128.0,3134.3,31723600,3447.7,2820.9,3839.9,2896.0,3130.2,86,5,3130.1,28,4,3130.0,89,5,3129.9,81,6,3129.8,325,11,3130.5,113,1,3130.6,284,3,3131.3,25,2,3131.4,200,1,3131.5,93,2
2031,2026-06-16 09:44:06+05:30,3130.5,30,3141.28,526834,108050.0,190371.0,3163.0,3163.0,3128.0,3134.3,31723600,3447.7,2820.9,3839.9,2896.0,3130.2,86,5,3130.1,28,4,3130.0,89,5,3129.9,81,6,3129.8,325,11,3130.5,113,1,3130.6,284,3,3131.3,25,2,3131.4,200,1,3131.5,93,2
2031,2026-06-16 09:44:07+05:30,3130.5,30,3141.28,526884,108260.0,190404.0,3163.0,3163.0,3128.0,3134.3,31723600,3447.7,2820.9,3839.9,2896.0,3130.3,19,1,3130.2,183,5,3130.1,28,4,3130.0,89,5,3129.9,63,5,3130.5,110,2,3130.6,284,3,3130.9,2,1,3131.3,25,2,3131.4,229,2
2031,2026-06-16 09:44:08+05:30,3130.9,1,3141.28,527279,108313.0,189166.0,3163.0,3163.0,3128.0,3134.3,31723600,3447.7,2820.9,3839.9,2896.0,3130.5,19,1,3130.4,55,3,3130.3,28,4,3130.2,168,4,3130.1,99,4,3130.9,1,1,3131.3,25,2,3131.6,13,1,3131.7,21,1,3131.8,392,4
2031,2026-06-16 09:44:08+05:30,3130.9,1,3141.28,527279,108313.0,189166.0,3163.0,3163.0,3128.0,3134.3,31723600,3447.7,2820.9,3839.9,2896.0,3130.5,19,1,3130.4,55,3,3130.3,28,4,3130.2,168,4,3130.1,99,4,3130.9,1,1,3131.3,25,2,3131.6,13,1,3131.7,21,1,3131.8,392,4
2031,2026-06-16 09:44:09+05:30,3130.9,1,3141.28,527282,108084.0,189459.0,3163.0,3163.0,3128.0,3134.3,31723600,3447.7,2820.9,3839.9,2896.0,3130.4,63,3,3130.3,20,2,3130.2,268,6,3130.1,4,1,3130.0,114,4,3130.9,10,2,3131.2,5,1,3131.3,25,2,3131.6,200,2,3131.7,21,1
2031,2026-06-16 09:44:09+05:30,3130.9,1,3141.28,527282,108084.0,189459.0,3163.0,3163.0,3128.0,3134.3,31723600,3447.7,2820.9,3839.9,2896.0,3130.4,63,3,3130.3,20,2,3130.2,268,6,3130.1,4,1,3130.0,114,4,3130.9,10,2,3131.2,5,1,3131.3,25,2,3131.6,200,2,3131.7,21,1
2031,2026-06-16 09:44:10+05:30,3130.9,7,3141.27,527338,108748.0,188573.0,3163.0,3163.0,3128.0,3134.3,31723600,3447.7,2820.9,3839.9,2896.0,3130.7,19,1,3130.6,69,6,3130.5,45,2,3130.4,221,6,3130.3,27,3,3130.9,5,2,3131.2,5,1,3131.3,25,2,3131.6,30,1,3131.7,109,1
2031,2026-06-16 09:44:10+05:30,3130.9,1,3141.27,527338,108748.0,188573.0,3163.0,3163.0,3128.0,3134.3,31723600,3447.7,2820.9,3839.9,2896.0,3130.7,19,1,3130.6,69,6,3130.5,45,2,3130.4,221,6,3130.3,27,3,3130.9,5,2,3131.2,5,1,3131.3,25,2,3131.6,30,1,3131.7,109,1
2031,2026-06-16 09:44:11+05:30,3130.9,1,3141.27,527477,109405.0,189369.0,3163.0,3163.0,3128.0,3134.3,31723600,3447.7,2820.9,3839.9,2896.0,3130.8,19,1,3130.7,101,5,3130.6,60,6,3130.5,118,4,3130.4,202,5,3131.2,5,1,3131.3,45,3,3131.6,30,1,3131.7,110,1,3131.8,278,3
2031,2026-06-16 09:44:11+05:30,3131.2,1,3141.27,527477,109405.0,189369.0,3163.0,3163.0,3128.0,3134.3,31723600,3447.7,2820.9,3839.9,2896.0,3130.8,19,1,3130.7,101,5,3130.6,60,6,3130.5,118,4,3130.4,202,5,3131.2,5,1,3131.3,45,3,3131.6,30,1,3131.7,110,1,3131.8,278,3
2031,2026-06-16 09:44:12+05:30,3131.2,10,3141.27,527536,109267.0,189096.0,3163.0,3163.0,3128.0,3134.3,31723600,3447.7,2820.9,3839.9,2896.0,3131.0,25,1,3130.8,19,1,3130.7,78,3,3130.6,2,2,3130.5,58,3,3131.2,5,1,3131.3,65,4,3131.6,30,1,3131.7,30,1,3131.8,278,3
2031,2026-06-16 09:44:12+05:30,3131.2,10,3141.27,527536,109267.0,189096.0,3163.0,3163.0,3128.0,3134.3,31723600,3447.7,2820.9,3839.9,2896.0,3131.0,25,1,3130.8,19,1,3130.7,78,3,3130.6,2,2,3130.5,58,3,3131.2,5,1,3131.3,65,4,3131.6,30,1,3131.7,30,1,3131.8,278,3
2031,2026-06-16 09:44:13+05:30,3131.2,10,3141.27,527536,109267.0,189096.0,3163.0,3163.0,3128.0,3134.3,31723600,3447.7,2820.9,3839.9,2896.0,3131.0,25,1,3130.8,19,1,3130.7,78,3,3130.6,2,2,3130.5,58,3,3131.2,5,1,3131.3,65,4,3131.6,30,1,3131.7,30,1,3131.8,278,3
2031,2026-06-16 09:44:13+05:30,3131.3,14,3141.27,527536,109267.0,189096.0,3163.0,3163.0,3128.0,3134.3,31723600,3447.7,2820.9,3839.9,2896.0,3131.0,25,1,3130.8,19,1,3130.7,78,3,3130.6,2,2,3130.5,58,3,3131.2,5,1,3131.3,65,4,3131.6,30,1,3131.7,30,1,3131.8,278,3
2031,2026-06-16 09:44:13+05:30,3131.3,14,3141.27,527758,109091.0,188695.0,3163.0,3163.0,3128.0,3134.3,31723600,3447.7,2820.9,3839.9,2896.0,3131.0,42,1,3130.7,53,2,3130.6,42,4,3130.5,49,2,3130.4,128,6,3131.2,14,1,3131.3,39,3,3131.6,30,1,3131.7,30,1,3131.8,278,3
2031,2026-06-16 09:44:14+05:30,3131.3,14,3141.27,527758,109091.0,188695.0,3163.0,3163.0,3128.0,3134.3,31723600,3447.7,2820.9,3839.9,2896.0,3131.0,42,1,3130.7,53,2,3130.6,42,4,3130.5,49,2,3130.4,128,6,3131.2,14,1,3131.3,39,3,3131.6,30,1,3131.7,30,1,3131.8,278,3
2031,2026-06-16 09:44:14+05:30,3131.0,8,3141.27,527758,109091.0,188695.0,3163.0,3163.0,3128.0,3134.3,31723600,3447.7,2820.9,3839.9,2896.0,3131.0,42,1,3130.7,53,2,3130.6,42,4,3130.5,49,2,3130.4,128,6,3131.2,14,1,3131.3,39,3,3131.6,30,1,3131.7,30,1,3131.8,278,3
2031,2026-06-16 09:44:15+05:30,3131.2,56,3141.26,527856,109182.0,187532.0,3163.0,3163.0,3128.0,3134.3,31723600,3447.7,2820.9,3839.9,2896.0,3131.2,36,1,3131.0,47,2,3130.7,53,2,3130.6,28,3,3130.4,65,4,3131.3,39,3,3131.6,30,1,3131.8,6,1,3131.9,113,1,3132.0,352,5
2031,2026-06-16 09:44:15+05:30,3131.3,1,3141.26,527856,109182.0,187532.0,3163.0,3163.0,3128.0,3134.3,31723600,3447.7,2820.9,3839.9,2896.0,3131.2,36,1,3131.0,47,2,3130.7,53,2,3130.6,28,3,3130.4,65,4,3131.3,39,3,3131.6,30,1,3131.8,6,1,3131.9,113,1,3132.0,352,5
2031,2026-06-16 09:44:16+05:30,3131.8,20,3141.26,528065,110452.0,188840.0,3163.0,3163.0,3128.0,3134.3,31723600,3447.7,2820.9,3839.9,2896.0,3131.4,1,1,3131.2,120,8,3131.1,100,1,3131.0,107,7,3130.9,122,3,3131.8,6,1,3131.9,29,1,3132.0,39,2,3132.2,6,1,3132.4,72,1
2031,2026-06-16 09:44:16+05:30,3131.8,20,3141.26,528065,110452.0,188840.0,3163.0,3163.0,3128.0,3134.3,31723600,3447.7,2820.9,3839.9,2896.0,3131.4,1,1,3131.2,120,8,3131.1,100,1,3131.0,107,7,3130.9,122,3,3131.8,6,1,3131.9,29,1,3132.0,39,2,3132.2,6,1,3132.4,72,1
2031,2026-06-16 09:44:16+05:30,3132.2,2,3141.26,528065,110452.0,188840.0,3163.0,3163.0,3128.0,3134.3,31723600,3447.7,2820.9,3839.9,2896.0,3131.4,1,1,3131.2,120,8,3131.1,100,1,3131.0,107,7,3130.9,122,3,3131.8,6,1,3131.9,29,1,3132.0,39,2,3132.2,6,1,3132.4,72,1
2031,2026-06-16 09:44:17+05:30,3131.4,1,3141.26,528226,109273.0,188808.0,3163.0,3163.0,3128.0,3134.3,31723600,3447.7,2820.9,3839.9,2896.0,3131.4,43,2,3131.2,74,5,3131.1,100,1,3131.0,75,4,3130.6,134,4,3132.2,209,6,3132.3,171,4,3132.4,230,5,3132.5,79,2,3132.6,373,4
2031,2026-06-16 09:44:17+05:30,3131.4,1,3141.26,528226,109273.0,188808.0,3163.0,3163.0,3128.0,3134.3,31723600,3447.7,2820.9,3839.9,2896.0,3131.4,43,2,3131.2,74,5,3131.1,100,1,3131.0,75,4,3130.6,134,4,3132.2,209,6,3132.3,171,4,3132.4,230,5,3132.5,79,2,3132.6,373,4
2031,2026-06-16 09:44:17+05:30,3131.4,1,3141.26,528226,109273.0,188808.0,3163.0,3163.0,3128.0,3134.3,31723600,3447.7,2820.9,3839.9,2896.0,3131.4,43,2,3131.2,74,5,3131.1,100,1,3131.0,75,4,3130.6,134,4,3132.2,209,6,3132.3,171,4,3132.4,230,5,3132.5,79,2,3132.6,373,4
2031,2026-06-16 09:44:18+05:30,3132.1,48,3141.26,528326,108864.0,188761.0,3163.0,3163.0,3128.0,3134.3,31723600,3447.7,2820.9,3839.9,2896.0,3131.5,25,1,3131.4,43,2,3131.2,74,5,3131.0,47,2,3130.8,13,1,3132.1,154,3,3132.2,112,5,3132.3,84,3,3132.4,178,5,3132.5,323,3
2031,2026-06-16 09:44:18+05:30,3131.5,15,3141.26,528326,108864.0,188761.0,3163.0,3163.0,3128.0,3134.3,31723600,3447.7,2820.9,3839.9,2896.0,3131.5,25,1,3131.4,43,2,3131.2,74,5,3131.0,47,2,3130.8,13,1,3132.1,154,3,3132.2,112,5,3132.3,84,3,3132.4,178,5,3132.5,323,3
2031,2026-06-16 09:44:19+05:30,3131.7,6,3141.25,528784,108038.0,189961.0,3163.0,3163.0,3128.0,3134.3,31723600,3447.7,2820.9,3839.9,2896.0,3131.2,74,5,3131.0,47,2,3130.8,13,1,3130.7,35,1,3130.4,10,1,3131.7,204,6,3131.8,54,1,3131.9,60,3,3132.0,421,8,3132.1,104,4
2031,2026-06-16 09:44:19+05:30,3131.7,6,3141.25,528784,108038.0,189961.0,3163.0,3163.0,3128.0,3134.3,31723600,3447.7,2820.9,3839.9,2896.0,3131.2,74,5,3131.0,47,2,3130.8,13,1,3130.7,35,1,3130.4,10,1,3131.7,204,6,3131.8,54,1,3131.9,60,3,3132.0,421,8,3132.1,104,4
2031,2026-06-16 09:44:19+05:30,3131.2,14,3141.25,528784,108038.0,189961.0,3163.0,3163.0,3128.0,3134.3,31723600,3447.7,2820.9,3839.9,2896.0,3131.2,74,5,3131.0,47,2,3130.8,13,1,3130.7,35,1,3130.4,10,1,3131.7,204,6,3131.8,54,1,3131.9,60,3,3132.0,421,8,3132.1,104,4
2031,2026-06-16 09:44:20+05:30,3131.7,4,3141.24,529053,107322.0,190977.0,3163.0,3163.0,3128.0,3134.3,31723600,3447.7,2820.9,3839.9,2896.0,3131.2,29,3,3131.0,34,1,3130.7,35,1,3130.4,10,1,3130.3,1,1,3131.6,38,1,3131.7,115,5,3131.8,19,1,3131.9,89,4,3132.0,206,6
2031,2026-06-16 09:44:20+05:30,3131.2,6,3141.24,529053,107322.0,190977.0,3163.0,3163.0,3128.0,3134.3,31723600,3447.7,2820.9,3839.9,2896.0,3131.2,29,3,3131.0,34,1,3130.7,35,1,3130.4,10,1,3130.3,1,1,3131.6,38,1,3131.7,115,5,3131.8,19,1,3131.9,89,4,3132.0,206,6
2031,2026-06-16 09:44:20+05:30,3131.2,6,3141.24,529053,107322.0,190977.0,3163.0,3163.0,3128.0,3134.3,31723600,3447.7,2820.9,3839.9,2896.0,3131.2,29,3,3131.0,34,1,3130.7,35,1,3130.4,10,1,3130.3,1,1,3131.6,38,1,3131.7,115,5,3131.8,19,1,3131.9,89,4,3132.0,206,6
2031,2026-06-16 09:44:21+05:30,3131.5,1,3141.24,529079,107336.0,191158.0,3163.0,3163.0,3128.0,3134.3,31723600,3447.7,2820.9,3839.9,2896.0,3131.2,18,3,3131.0,34,1,3130.7,35,1,3130.4,10,1,3130.3,1,1,3131.5,21,1,3131.6,118,5,3131.7,95,4,3131.8,332,5,3131.9,144,4
2031,2026-06-16 09:44:21+05:30,3131.5,1,3141.24,529079,107336.0,191158.0,3163.0,3163.0,3128.0,3134.3,31723600,3447.7,2820.9,3839.9,2896.0,3131.2,18,3,3131.0,34,1,3130.7,35,1,3130.4,10,1,3130.3,1,1,3131.5,21,1,3131.6,118,5,3131.7,95,4,3131.8,332,5,3131.9,144,4
2031,2026-06-16 09:44:22+05:30,3131.5,1,3141.24,529079,107336.0,191158.0,3163.0,3163.0,3128.0,3134.3,31723600,3447.7,2820.9,3839.9,2896.0,3131.2,18,3,3131.0,34,1,3130.7,35,1,3130.4,10,1,3130.3,1,1,3131.5,21,1,3131.6,118,5,3131.7,95,4,3131.8,332,5,3131.9,144,4
2031,2026-06-16 09:44:22+05:30,3131.5,1,3141.24,529080,107756.0,190982.0,3163.0,3163.0,3128.0,3134.3,31723600,3447.7,2820.9,3839.9,2896.0,3131.2,18,3,3131.0,94,2,3130.7,35,1,3130.4,10,1,3130.3,1,1,3131.5,34,2,3131.6,100,4,3131.7,63,3,3131.8,79,3,3131.9,60,3
2031,2026-06-16 09:44:22+05:30,3131.5,1,3141.24,529080,107756.0,190982.0,3163.0,3163.0,3128.0,3134.3,31723600,3447.7,2820.9,3839.9,2896.0,3131.2,18,3,3131.0,94,2,3130.7,35,1,3130.4,10,1,3130.3,1,1,3131.5,34,2,3131.6,100,4,3131.7,63,3,3131.8,79,3,3131.9,60,3
2031,2026-06-16 09:44:23+05:30,3131.5,1,3141.24,529080,107756.0,190982.0,3163.0,3163.0,3128.0,3134.3,31723600,3447.7,2820.9,3839.9,2896.0,3131.2,18,3,3131.0,94,2,3130.7,35,1,3130.4,10,1,3130.3,1,1,3131.5,34,2,3131.6,100,4,3131.7,63,3,3131.8,79,3,3131.9,60,3
2031,2026-06-16 09:44:23+05:30,3131.5,1,3141.24,529080,107976.0,191098.0,3163.0,3163.0,3128.0,3134.3,31723600,3447.7,2820.9,3839.9,2896.0,3131.2,43,4,3131.0,94,2,3130.7,35,1,3130.4,10,1,3130.3,1,1,3131.5,34,2,3131.6,123,4,3131.7,63,3,3131.8,79,3,3131.9,60,3
2031,2026-06-16 09:44:23+05:30,3131.5,1,3141.24,529080,107976.0,191098.0,3163.0,3163.0,3128.0,3134.3,31723600,3447.7,2820.9,3839.9,2896.0,3131.2,43,4,3131.0,94,2,3130.7,35,1,3130.4,10,1,3130.3,1,1,3131.5,34,2,3131.6,123,4,3131.7,63,3,3131.8,79,3,3131.9,60,3
2031,2026-06-16 09:44:24+05:30,3131.5,1,3141.24,529080,107976.0,191098.0,3163.0,3163.0,3128.0,3134.3,31723600,3447.7,2820.9,3839.9,2896.0,3131.2,43,4,3131.0,94,2,3130.7,35,1,3130.4,10,1,3130.3,1,1,3131.5,34,2,3131.6,123,4,3131.7,63,3,3131.8,79,3,3131.9,60,3
2031,2026-06-16 09:44:24+05:30,3131.5,1,3141.24,529080,108056.0,191328.0,3163.0,3163.0,3128.0,3134.3,31723600,3447.7,2820.9,3839.9,2896.0,3131.2,43,4,3131.0,124,4,3130.9,7,1,3130.7,35,1,3130.4,82,2,3131.5,34,2,3131.6,123,4,3131.7,45,2,3131.8,79,3,3131.9,60,3
2031,2026-06-16 09:44:24+05:30,3131.5,1,3141.24,529080,108056.0,191328.0,3163.0,3163.0,3128.0,3134.3,31723600,3447.7,2820.9,3839.9,2896.0,3131.2,43,4,3131.0,124,4,3130.9,7,1,3130.7,35,1,3130.4,82,2,3131.5,34,2,3131.6,123,4,3131.7,45,2,3131.8,79,3,3131.9,60,3
2031,2026-06-16 09:44:25+05:30,3131.5,1,3141.24,529080,108056.0,191328.0,3163.0,3163.0,3128.0,3134.3,31723600,3447.7,2820.9,3839.9,2896.0,3131.5,9,1,3131.2,29,2,3131.0,124,4,3130.9,7,1,3130.7,35,1,3131.6,38,2,3131.7,86,3,3131.8,49,3,3131.9,40,2,3132.0,59,2
2031,2026-06-16 09:44:25+05:30,3131.5,2,3141.24,529148,108611.0,191045.0,3163.0,3163.0,3128.0,3134.3,31723600,3447.7,2820.9,3839.9,2896.0,3131.5,9,1,3131.2,29,2,3131.0,124,4,3130.9,7,1,3130.7,35,1,3131.6,38,2,3131.7,86,3,3131.8,49,3,3131.9,40,2,3132.0,59,2
2031,2026-06-16 09:44:25+05:30,3131.6,5,3141.24,529148,108611.0,191045.0,3163.0,3163.0,3128.0,3134.3,31723600,3447.7,2820.9,3839.9,2896.0,3131.5,9,1,3131.2,29,2,3131.0,124,4,3130.9,7,1,3130.7,35,1,3131.6,38,2,3131.7,86,3,3131.8,49,3,3131.9,40,2,3132.0,59,2
2031,2026-06-16 09:44:26+05:30,3131.6,5,3141.24,529148,108611.0,191045.0,3163.0,3163.0,3128.0,3134.3,31723600,3447.7,2820.9,3839.9,2896.0,3131.5,9,1,3131.2,29,2,3131.0,124,4,3130.9,7,1,3130.7,35,1,3131.6,38,2,3131.7,86,3,3131.8,49,3,3131.9,40,2,3132.0,59,2
2031,2026-06-16 09:44:26+05:30,3131.6,1,3141.24,529281,108794.0,190018.0,3163.0,3163.0,3128.0,3134.3,31723600,3447.7,2820.9,3839.9,2896.0,3131.3,23,1,3131.2,17,2,3131.0,98,3,3130.9,117,5,3130.8,18,1,3131.6,20,1,3131.7,45,2,3131.8,38,2,3131.9,19,1,3132.0,18,1
2031,2026-06-16 09:44:26+05:30,3131.6,6,3141.24,529281,108794.0,190018.0,3163.0,3163.0,3128.0,3134.3,31723600,3447.7,2820.9,3839.9,2896.0,3131.3,23,1,3131.2,17,2,3131.0,98,3,3130.9,117,5,3130.8,18,1,3131.6,20,1,3131.7,45,2,3131.8,38,2,3131.9,19,1,3132.0,18,1
2031,2026-06-16 09:44:27+05:30,3131.6,6,3141.24,529281,108794.0,190018.0,3163.0,3163.0,3128.0,3134.3,31723600,3447.7,2820.9,3839.9,2896.0,3131.3,23,1,3131.2,17,2,3131.0,98,3,3130.9,117,5,3130.8,18,1,3131.6,20,1,3131.7,45,2,3131.8,38,2,3131.9,19,1,3132.0,18,1
2031,2026-06-16 09:44:27+05:30,3131.6,6,3141.24,529306,108439.0,190155.0,3163.0,3163.0,3128.0,3134.3,31723600,3447.7,2820.9,3839.9,2896.0,3131.3,24,2,3131.2,17,2,3131.1,25,1,3131.0,98,3,3130.9,92,4,3131.6,14,1,3131.7,45,2,3131.8,38,2,3132.0,18,1,3132.1,82,1
2031,2026-06-16 09:44:27+05:30,3131.6,6,3141.24,529306,108439.0,190155.0,3163.0,3163.0,3128.0,3134.3,31723600,3447.7,2820.9,3839.9,2896.0,3131.3,24,2,3131.2,17,2,3131.1,25,1,3131.0,98,3,3130.9,92,4,3131.6,14,1,3131.7,45,2,3131.8,38,2,3132.0,18,1,3132.1,82,1
2031,2026-06-16 09:44:28+05:30,3131.6,6,3141.24,529306,108439.0,190155.0,3163.0,3163.0,3128.0,3134.3,31723600,3447.7,2820.9,3839.9,2896.0,3131.3,24,2,3131.2,17,2,3131.1,25,1,3131.0,98,3,3130.9,92,4,3131.6,14,1,3131.7,45,2,3131.8,38,2,3132.0,18,1,3132.1,82,1
2031,2026-06-16 09:44:28+05:30,3131.6,1,3141.24,529306,108439.0,190155.0,3163.0,3163.0,3128.0,3134.3,31723600,3447.7,2820.9,3839.9,2896.0,3131.3,24,2,3131.2,17,2,3131.1,25,1,3131.0,98,3,3130.9,92,4,3131.6,14,1,3131.7,45,2,3131.8,38,2,3132.0,18,1,3132.1,82,1
2031,2026-06-16 09:44:28+05:30,3131.6,1,3141.24,529332,108813.0,189623.0,3163.0,3163.0,3128.0,3134.3,31723600,3447.7,2820.9,3839.9,2896.0,3131.5,18,1,3131.3,52,4,3131.2,26,3,3131.0,155,6,3130.9,94,3,3131.6,17,1,3131.7,45,2,3131.8,38,2,3132.0,18,1,3132.2,219,4
2031,2026-06-16 09:44:29+05:30,3131.6,1,3141.24,529332,108813.0,189623.0,3163.0,3163.0,3128.0,3134.3,31723600,3447.7,2820.9,3839.9,2896.0,3131.5,18,1,3131.3,52,4,3131.2,26,3,3131.0,155,6,3130.9,94,3,3131.6,17,1,3131.7,45,2,3131.8,38,2,3132.0,18,1,3132.2,219,4
2031,2026-06-16 09:44:29+05:30,3131.6,49,3141.24,529332,108813.0,189623.0,3163.0,3163.0,3128.0,3134.3,31723600,3447.7,2820.9,3839.9,2896.0,3131.5,18,1,3131.3,52,4,3131.2,26,3,3131.0,155,6,3130.9,94,3,3131.6,17,1,3131.7,45,2,3131.8,38,2,3132.0,18,1,3132.2,219,4
2031,2026-06-16 09:44:30+05:30,3131.6,49,3141.24,529381,108869.0,188069.0,3163.0,3163.0,3128.0,3134.3,31723600,3447.7,2820.9,3839.9,2896.0,3131.5,25,1,3131.3,52,4,3131.2,26,3,3131.0,155,6,3130.9,94,3,3131.7,45,2,3131.8,38,2,3132.0,18,1,3132.2,219,4,3132.4,200,1
2031,2026-06-16 09:44:30+05:30,3131.6,49,3141.24,529381,108869.0,188069.0,3163.0,3163.0,3128.0,3134.3,31736400,3447.7,2820.9,3839.9,2896.0,3131.5,25,1,3131.3,52,4,3131.2,26,3,3131.0,155,6,3130.9,94,3,3131.7,45,2,3131.8,38,2,3132.0,18,1,3132.2,219,4,3132.4,200,1
2031,2026-06-16 09:44:30+05:30,3131.5,1,3141.24,529381,108869.0,188069.0,3163.0,3163.0,3128.0,3134.3,31736400,3447.7,2820.9,3839.9,2896.0,3131.5,25,1,3131.3,52,4,3131.2,26,3,3131.0,155,6,3130.9,94,3,3131.7,45,2,3131.8,38,2,3132.0,18,1,3132.2,219,4,3132.4,200,1
2031,2026-06-16 09:44:31+05:30,3131.5,1,3141.24,529393,109119.0,188726.0,3163.0,3163.0,3128.0,3134.3,31736400,3447.7,2820.9,3839.9,2896.0,3131.6,40,6,3131.5,50,5,3131.4,60,4,3131.3,7,1,3131.2,68,4,3131.7,62,4,3131.8,38,2,3132.0,18,1,3132.2,219,4,3132.3,20,1
2031,2026-06-16 09:44:31+05:30,3131.6,15,3141.24,529393,109119.0,188726.0,3163.0,3163.0,3128.0,3134.3,31736400,3447.7,2820.9,3839.9,2896.0,3131.6,40,6,3131.5,50,5,3131.4,60,4,3131.3,7,1,3131.2,68,4,3131.7,62,4,3131.8,38,2,3132.0,18,1,3132.2,219,4,3132.3,20,1
2031,2026-06-16 09:44:32+05:30,3131.8,1,3141.23,529657,108962.0,190540.0,3163.0,3163.0,3128.0,3134.3,31736400,3447.7,2820.9,3839.9,2896.0,3131.6,25,5,3131.5,23,3,3131.4,60,4,3131.3,7,1,3131.2,68,4,3131.8,37,2,3132.2,248,5,3132.3,20,1,3132.4,200,1,3132.7,22,1
2031,2026-06-16 09:44:32+05:30,3131.8,10,3141.23,529657,108962.0,190540.0,3163.0,3163.0,3128.0,3134.3,31736400,3447.7,2820.9,3839.9,2896.0,3131.6,25,5,3131.5,23,3,3131.4,60,4,3131.3,7,1,3131.2,68,4,3131.8,37,2,3132.2,248,5,3132.3,20,1,3132.4,200,1,3132.7,22,1
2031,2026-06-16 09:44:33+05:30,3131.8,10,3141.23,529667,109094.0,190843.0,3163.0,3163.0,3128.0,3134.3,31736400,3447.7,2820.9,3839.9,2896.0,3131.6,81,7,3131.5,38,4,3131.4,60,4,3131.3,7,1,3131.2,58,4,3131.8,58,3,3132.0,200,1,3132.1,52,1,3132.2,248,5,3132.3,20,1
2031,2026-06-16 09:44:33+05:30,3131.5,8,3141.23,529667,109094.0,190843.0,3163.0,3163.0,3128.0,3134.3,31736400,3447.7,2820.9,3839.9,2896.0,3131.6,81,7,3131.5,38,4,3131.4,60,4,3131.3,7,1,3131.2,58,4,3131.8,58,3,3132.0,200,1,3132.1,52,1,3132.2,248,5,3132.3,20,1
2031,2026-06-16 09:44:34+05:30,3131.5,8,3141.23,529868,108933.0,190267.0,3163.0,3163.0,3128.0,3134.3,31736400,3447.7,2820.9,3839.9,2896.0,3131.5,30,4,3131.4,25,1,3131.2,5,1,3131.1,15,1,3131.0,139,6,3131.8,57,3,3132.0,23,1,3132.1,52,1,3132.2,248,5,3132.3,78,2
2031,2026-06-16 09:44:34+05:30,3131.6,7,3141.23,529868,108933.0,190267.0,3163.0,3163.0,3128.0,3134.3,31736400,3447.7,2820.9,3839.9,2896.0,3131.5,30,4,3131.4,25,1,3131.2,5,1,3131.1,15,1,3131.0,139,6,3131.8,57,3,3132.0,23,1,3132.1,52,1,3132.2,248,5,3132.3,78,2
2031,2026-06-16 09:44:35+05:30,3131.8,40,3141.23,529941,108933.0,188319.0,3163.0,3163.0,3128.0,3134.3,31736400,3447.7,2820.9,3839.9,2896.0,3131.8,14,1,3131.6,31,2,3131.5,48,4,3131.4,34,2,3131.2,78,5,3132.0,23,1,3132.1,52,1,3132.2,248,5,3132.3,20,1,3132.4,200,1
2031,2026-06-16 09:44:35+05:30,3132.1,23,3141.23,529941,108933.0,188319.0,3163.0,3163.0,3128.0,3134.3,31736400,3447.7,2820.9,3839.9,2896.0,3131.8,14,1,3131.6,31,2,3131.5,48,4,3131.4,34,2,3131.2,78,5,3132.0,23,1,3132.1,52,1,3132.2,248,5,3132.3,20,1,3132.4,200,1
2031,2026-06-16 09:44:36+05:30,3132.1,23,3141.23,529988,108972.0,189767.0,3163.0,3163.0,3128.0,3134.3,31736400,3447.7,2820.9,3839.9,2896.0,3131.8,13,1,3131.6,40,3,3131.5,64,5,3131.4,34,2,3131.2,62,4,3132.1,29,1,3132.2,248,5,3132.3,20,1,3132.4,200,1,3132.8,188,3
2031,2026-06-16 09:44:37+05:30,3132.1,23,3141.23,529988,108984.0,188492.0,3163.0,3163.0,3128.0,3134.3,31736400,3447.7,2820.9,3839.9,2896.0,3131.8,13,1,3131.6,40,3,3131.5,48,4,3131.4,34,2,3131.2,76,5,3132.1,29,1,3132.2,248,5,3132.3,20,1,3132.4,230,2,3132.8,188,3
2031,2026-06-16 09:44:37+05:30,3131.9,10,3141.23,529988,108984.0,188492.0,3163.0,3163.0,3128.0,3134.3,31736400,3447.7,2820.9,3839.9,2896.0,3131.8,13,1,3131.6,40,3,3131.5,48,4,3131.4,34,2,3131.2,76,5,3132.1,29,1,3132.2,248,5,3132.3,20,1,3132.4,230,2,3132.8,188,3
2031,2026-06-16 09:44:38+05:30,3131.9,7,3141.23,530006,108518.0,190153.0,3163.0,3163.0,3128.0,3134.3,31736400,3447.7,2820.9,3839.9,2896.0,3131.8,13,1,3131.6,7,2,3131.5,43,4,3131.2,30,2,3131.1,15,1,3131.9,183,1,3132.0,200,1,3132.1,48,2,3132.2,48,4,3132.3,64,2
2031,2026-06-16 09:44:38+05:30,3131.9,25,3141.23,530006,108518.0,190153.0,3163.0,3163.0,3128.0,3134.3,31736400,3447.7,2820.9,3839.9,2896.0,3131.8,13,1,3131.6,7,2,3131.5,43,4,3131.2,30,2,3131.1,15,1,3131.9,183,1,3132.0,200,1,3132.1,48,2,3132.2,48,4,3132.3,64,2
2031,2026-06-16 09:44:39+05:30,3131.9,25,3141.22,530244,108552.0,188595.0,3163.0,3163.0,3128.0,3134.3,31736400,3447.7,2820.9,3839.9,2896.0,3131.8,14,1,3131.6,21,3,3131.5,2,2,3131.2,30,2,3131.1,15,1,3131.9,40,1,3132.0,23,1,3132.1,48,2,3132.2,248,5,3132.3,20,1
2031,2026-06-16 09:44:39+05:30,3131.6,9,3141.22,530244,108552.0,188595.0,3163.0,3163.0,3128.0,3134.3,31736400,3447.7,2820.9,3839.9,2896.0,3131.8,14,1,3131.6,21,3,3131.5,2,2,3131.2,30,2,3131.1,15,1,3131.9,40,1,3132.0,23,1,3132.1,48,2,3132.2,248,5,3132.3,20,1
2031,2026-06-16 09:44:40+05:30,3131.9,5,3141.22,530303,108326.0,190092.0,3163.0,3163.0,3128.0,3134.3,31736400,3447.7,2820.9,3839.9,2896.0,3131.6,11,2,3131.5,3,1,3131.2,5,1,3131.0,82,3,3130.9,15,1,3131.9,249,3,3132.0,238,3,3132.1,84,2,3132.2,48,4,3132.3,233,5
2031,2026-06-16 09:44:40+05:30,3131.9,5,3141.22,530303,108326.0,190092.0,3163.0,3163.0,3128.0,3134.3,31736400,3447.7,2820.9,3839.9,2896.0,3131.6,11,2,3131.5,3,1,3131.2,5,1,3131.0,82,3,3130.9,15,1,3131.9,249,3,3132.0,238,3,3132.1,84,2,3132.2,48,4,3132.3,233,5
2031,2026-06-16 09:44:41+05:30,3131.9,25,3141.22,530328,108720.0,189948.0,3163.0,3163.0,3128.0,3134.3,31736400,3447.7,2820.9,3839.9,2896.0,3131.6,60,3,3131.5,30,2,3131.2,5,1,3131.0,64,2,3130.8,43,2,3131.9,250,5,3132.0,240,3,3132.1,28,1,3132.2,48,4,3132.3,20,1
2031,2026-06-16 09:44:41+05:30,3131.9,1,3141.22,530328,108720.0,189948.0,3163.0,3163.0,3128.0,3134.3,31736400,3447.7,2820.9,3839.9,2896.0,3131.6,60,3,3131.5,30,2,3131.2,5,1,3131.0,64,2,3130.8,43,2,3131.9,250,5,3132.0,240,3,3132.1,28,1,3132.2,48,4,3132.3,20,1
2031,2026-06-16 09:44:42+05:30,3131.9,1,3141.22,530329,108829.0,190290.0,3163.0,3163.0,3128.0,3134.3,31736400,3447.7,2820.9,3839.9,2896.0,3131.6,78,5,3131.5,30,2,3131.2,5,1,3131.0,64,2,3130.8,43,2,3131.9,301,6,3132.0,240,3,3132.1,28,1,3132.2,48,4,3132.3,92,2
2031,2026-06-16 09:44:42+05:30,3131.9,1,3141.22,530329,108829.0,190290.0,3163.0,3163.0,3128.0,3134.3,31736400,3447.7,2820.9,3839.9,2896.0,3131.6,78,5,3131.5,30,2,3131.2,5,1,3131.0,64,2,3130.8,43,2,3131.9,301,6,3132.0,240,3,3132.1,28,1,3132.2,48,4,3132.3,92,2
2031,2026-06-16 09:44:43+05:30,3131.9,1,3141.22,530330,108828.0,189210.0,3163.0,3163.0,3128.0,3134.3,31736400,3447.7,2820.9,3839.9,2896.0,3131.6,62,4,3131.5,44,3,3131.2,5,1,3131.0,64,2,3130.8,43,2,3131.9,300,6,3132.0,240,3,3132.1,228,2,3132.2,48,4,3132.3,92,2
2031,2026-06-16 09:44:43+05:30,3132.0,57,3141.22,530330,108828.0,189210.0,3163.0,3163.0,3128.0,3134.3,31736400,3447.7,2820.9,3839.9,2896.0,3131.6,62,4,3131.5,44,3,3131.2,5,1,3131.0,64,2,3130.8,43,2,3131.9,300,6,3132.0,240,3,3132.1,228,2,3132.2,48,4,3132.3,92,2
2031,2026-06-16 09:44:44+05:30,3131.7,200,3141.21,531030,108494.0,190259.0,3163.0,3163.0,3128.0,3134.3,31736400,3447.7,2820.9,3839.9,2896.0,3131.6,62,4,3131.5,18,2,3131.2,24,2,3131.1,26,2,3131.0,107,4,3131.9,143,1,3132.1,228,2,3132.2,48,4,3132.3,20,1,3132.5,84,1
2031,2026-06-16 09:44:44+05:30,3131.6,8,3141.21,531030,108494.0,190259.0,3163.0,3163.0,3128.0,3134.3,31736400,3447.7,2820.9,3839.9,2896.0,3131.6,62,4,3131.5,18,2,3131.2,24,2,3131.1,26,2,3131.0,107,4,3131.9,143,1,3132.1,228,2,3132.2,48,4,3132.3,20,1,3132.5,84,1
2031,2026-06-16 09:44:45+05:30,3131.8,2,3141.21,531133,108831.0,190361.0,3163.0,3163.0,3128.0,3134.3,31736400,3447.7,2820.9,3839.9,2896.0,3131.6,110,9,3131.5,12,2,3131.4,54,3,3131.3,26,2,3131.2,93,5,3131.9,51,2,3132.0,150,2,3132.1,228,2,3132.2,48,4,3132.3,216,2
2031,2026-06-16 09:44:45+05:30,3131.6,1,3141.21,531133,108831.0,190361.0,3163.0,3163.0,3128.0,3134.3,31736400,3447.7,2820.9,3839.9,2896.0,3131.6,110,9,3131.5,12,2,3131.4,54,3,3131.3,26,2,3131.2,93,5,3131.9,51,2,3132.0,150,2,3132.1,228,2,3132.2,48,4,3132.3,216,2
2031,2026-06-16 09:44:46+05:30,3131.6,1,3141.21,531134,108808.0,190461.0,3163.0,3163.0,3128.0,3134.3,31736400,3447.7,2820.9,3839.9,2896.0,3131.6,53,6,3131.5,18,2,3131.4,19,1,3131.3,13,1,3131.2,63,4,3131.9,51,2,3132.0,171,3,3132.1,228,2,3132.2,48,4,3132.3,216,2
2031,2026-06-16 09:44:47+05:30,3131.6,1,3141.21,531134,108855.0,190432.0,3163.0,3163.0,3128.0,3134.3,31736400,3447.7,2820.9,3839.9,2896.0,3131.6,68,7,3131.5,3,1,3131.3,43,2,3131.2,20,2,3131.1,68,3,3131.9,91,3,3132.0,171,3,3132.1,228,2,3132.2,48,4,3132.3,216,2
2031,2026-06-16 09:44:47+05:30,3132.0,102,3141.21,531134,108855.0,190432.0,3163.0,3163.0,3128.0,3134.3,31736400,3447.7,2820.9,3839.9,2896.0,3131.6,68,7,3131.5,3,1,3131.3,43,2,3131.2,20,2,3131.1,68,3,3131.9,91,3,3132.0,171,3,3132.1,228,2,3132.2,48,4,3132.3,216,2
2031,2026-06-16 09:44:48+05:30,3132.0,1,3141.2,531536,108693.0,191132.0,3163.0,3163.0,3128.0,3134.3,31736400,3447.7,2820.9,3839.9,2896.0,3131.6,30,4,3131.5,3,1,3131.2,5,1,3131.1,24,1,3131.0,202,5,3132.0,60,2,3132.1,228,2,3132.2,48,4,3132.3,288,3,3132.5,84,1
2031,2026-06-16 09:44:48+05:30,3131.6,7,3141.2,531536,108693.0,191132.0,3163.0,3163.0,3128.0,3134.3,31736400,3447.7,2820.9,3839.9,2896.0,3131.6,30,4,3131.5,3,1,3131.2,5,1,3131.1,24,1,3131.0,202,5,3132.0,60,2,3132.1,228,2,3132.2,48,4,3132.3,288,3,3132.5,84,1
2031,2026-06-16 09:44:49+05:30,3132.0,1,3141.2,531574,109127.0,190710.0,3163.0,3163.0,3128.0,3134.3,31736400,3447.7,2820.9,3839.9,2896.0,3131.9,25,1,3131.6,94,8,3131.5,39,3,3131.4,69,4,3131.3,10,1,3132.0,59,2,3132.1,228,2,3132.2,48,4,3132.3,249,3,3132.6,72,1
2031,2026-06-16 09:44:49+05:30,3131.9,21,3141.2,531574,109127.0,190710.0,3163.0,3163.0,3128.0,3134.3,31736400,3447.7,2820.9,3839.9,2896.0,3131.9,25,1,3131.6,94,8,3131.5,39,3,3131.4,69,4,3131.3,10,1,3132.0,59,2,3132.1,228,2,3132.2,48,4,3132.3,249,3,3132.6,72,1
2031,2026-06-16 09:44:50+05:30,3131.9,3,3141.2,531574,109127.0,190710.0,3163.0,3163.0,3128.0,3134.3,31736400,3447.7,2820.9,3839.9,2896.0,3131.9,25,1,3131.6,94,8,3131.5,39,3,3131.4,69,4,3131.3,10,1,3132.0,59,2,3132.1,228,2,3132.2,48,4,3132.3,249,3,3132.6,72,1
2031,2026-06-16 09:44:50+05:30,3131.9,3,3141.2,531599,109165.0,190985.0,3163.0,3163.0,3128.0,3134.3,31736400,3447.7,2820.9,3839.9,2896.0,3131.6,94,8,3131.5,28,2,3131.4,56,3,3131.3,10,1,3131.2,74,5,3131.9,27,1,3132.0,99,3,3132.1,228,2,3132.2,48,4,3132.3,249,3
2031,2026-06-16 09:44:51+05:30,3131.6,9,3141.19,531799,108825.0,190867.0,3163.0,3163.0,3128.0,3134.3,31736400,3447.7,2820.9,3839.9,2896.0,3131.6,44,5,3131.5,47,3,3131.4,24,1,3131.3,10,1,3131.2,74,5,3131.9,27,1,3132.0,99,3,3132.1,228,2,3132.2,48,4,3132.3,216,2
2031,2026-06-16 09:44:51+05:30,3131.6,9,3141.19,531799,108825.0,190867.0,3163.0,3163.0,3128.0,3134.3,31736400,3447.7,2820.9,3839.9,2896.0,3131.6,44,5,3131.5,47,3,3131.4,24,1,3131.3,10,1,3131.2,74,5,3131.9,27,1,3132.0,99,3,3132.1,228,2,3132.2,48,4,3132.3,216,2
2031,2026-06-16 09:44:52+05:30,3131.8,1,3141.19,531799,108825.0,190867.0,3163.0,3163.0,3128.0,3134.3,31736400,3447.7,2820.9,3839.9,2896.0,3131.6,44,5,3131.5,47,3,3131.4,24,1,3131.3,10,1,3131.2,74,5,3131.9,27,1,3132.0,99,3,3132.1,228,2,3132.2,48,4,3132.3,216,2
2031,2026-06-16 09:44:52+05:30,3131.8,1,3141.19,531800,110326.0,190956.0,3163.0,3163.0,3128.0,3134.3,31736400,3447.7,2820.9,3839.9,2896.0,3131.6,67,8,3131.5,43,5,3131.4,52,3,3131.3,11,2,3131.2,77,6,3131.8,20,1,3131.9,46,2,3132.0,99,3,3132.1,228,2,3132.2,19,3
2031,2026-06-16 09:44:53+05:30,3131.8,14,3141.19,531800,110326.0,190956.0,3163.0,3163.0,3128.0,3134.3,31736400,3447.7,2820.9,3839.9,2896.0,3131.6,67,8,3131.5,43,5,3131.4,52,3,3131.3,11,2,3131.2,77,6,3131.8,20,1,3131.9,46,2,3132.0,99,3,3132.1,228,2,3132.2,19,3
2031,2026-06-16 09:44:54+05:30,3131.8,14,3141.19,531834,110407.0,190900.0,3163.0,3163.0,3128.0,3134.3,31736400,3447.7,2820.9,3839.9,2896.0,3131.6,67,8,3131.5,43,5,3131.4,63,4,3131.3,1,1,3131.2,77,6,3131.9,68,2,3132.0,99,3,3132.1,228,2,3132.2,19,3,3132.3,216,2
2031,2026-06-16 09:44:54+05:30,3131.9,1,3141.19,531834,110407.0,190900.0,3163.0,3163.0,3128.0,3134.3,31736400,3447.7,2820.9,3839.9,2896.0,3131.6,67,8,3131.5,43,5,3131.4,63,4,3131.3,1,1,3131.2,77,6,3131.9,68,2,3132.0,99,3,3132.1,228,2,3132.2,19,3,3132.3,216,2
2031,2026-06-16 09:44:55+05:30,3131.9,1,3141.19,531846,110350.0,191133.0,3163.0,3163.0,3128.0,3134.3,31736400,3447.7,2820.9,3839.9,2896.0,3131.6,62,8,3131.5,53,7,3131.4,52,3,3131.3,1,1,3131.2,77,6,3131.9,68,3,3132.0,119,4,3132.1,228,2,3132.2,19,3,3132.3,216,2
2031,2026-06-16 09:44:55+05:30,3131.9,1,3141.19,531846,110350.0,191133.0,3163.0,3163.0,3128.0,3134.3,31736400,3447.7,2820.9,3839.9,2896.0,3131.6,62,8,3131.5,53,7,3131.4,52,3,3131.3,1,1,3131.2,77,6,3131.9,68,3,3132.0,119,4,3132.1,228,2,3132.2,19,3,3132.3,216,2
2031,2026-06-16 09:44:56+05:30,3131.9,1,3141.19,531847,110288.0,191541.0,3163.0,3163.0,3128.0,3134.3,31736400,3447.7,2820.9,3839.9,2896.0,3131.6,43,6,3131.5,38,5,3131.3,1,1,3131.2,8,2,3131.1,60,1,3131.9,68,4,3132.0,135,5,3132.1,228,2,3132.2,19,3,3132.3,216,2
2031,2026-06-16 09:44:56+05:30,3131.9,15,3141.19,531847,110288.0,191541.0,3163.0,3163.0,3128.0,3134.3,31736400,3447.7,2820.9,3839.9,2896.0,3131.6,43,6,3131.5,38,5,3131.3,1,1,3131.2,8,2,3131.1,60,1,3131.9,68,4,3132.0,135,5,3132.1,228,2,3132.2,19,3,3132.3,216,2
2031,2026-06-16 09:44:57+05:30,3131.6,2,3141.19,532090,109889.0,189473.0,3163.0,3163.0,3128.0,3134.3,31736400,3447.7,2820.9,3839.9,2896.0,3131.6,28,3,3131.5,38,5,3131.3,1,1,3131.2,8,2,3131.1,60,1,3131.9,195,1,3132.0,135,5,3132.1,246,3,3132.2,110,6,3132.3,91,3
2031,2026-06-16 09:44:57+05:30,3131.6,2,3141.19,532090,109889.0,189473.0,3163.0,3163.0,3128.0,3134.3,31736400,3447.7,2820.9,3839.9,2896.0,3131.6,28,3,3131.5,38,5,3131.3,1,1,3131.2,8,2,3131.1,60,1,3131.9,195,1,3132.0,135,5,3132.1,246,3,3132.2,110,6,3132.3,91,3
2031,2026-06-16 09:44:58+05:30,3131.6,2,3141.19,532090,109941.0,191723.0,3163.0,3163.0,3128.0,3134.3,31736400,3447.7,2820.9,3839.9,2896.0,3131.6,40,4,3131.5,38,5,3131.3,1,1,3131.2,8,2,3131.1,60,1,3131.8,21,1,3131.9,220,2,3132.0,144,6,3132.1,246,3,3132.2,79,5
2031,2026-06-16 09:44:58+05:30,3131.9,1,3141.19,532090,109941.0,191723.0,3163.0,3163.0,3128.0,3134.3,31736400,3447.7,2820.9,3839.9,2896.0,3131.6,40,4,3131.5,38,5,3131.3,1,1,3131.2,8,2,3131.1,60,1,3131.8,21,1,3131.9,220,2,3132.0,144,6,3132.1,246,3,3132.2,79,5
2031,2026-06-16 09:44:59+05:30,3131.9,22,3141.18,532342,109798.0,191737.0,3163.0,3163.0,3128.0,3134.3,31736400,3447.7,2820.9,3839.9,2896.0,3131.6,42,5,3131.5,10,4,3131.3,1,1,3131.2,8,2,3131.1,60,1,3131.9,3,1,3132.0,168,8,3132.1,277,4,3132.2,60,4,3132.3,245,3
2031,2026-06-16 09:44:59+05:30,3131.9,1,3141.18,532342,109798.0,191737.0,3163.0,3163.0,3128.0,3134.3,31736400,3447.7,2820.9,3839.9,2896.0,3131.6,42,5,3131.5,10,4,3131.3,1,1,3131.2,8,2,3131.1,60,1,3131.9,3,1,3132.0,168,8,3132.1,277,4,3132.2,60,4,3132.3,245,3
2031,2026-06-16 09:45:00+05:30,3131.8,12,3141.18,532416,109856.0,191402.0,3163.0,3163.0,3128.0,3134.3,31736400,3447.7,2820.9,3839.9,2896.0,3131.8,9,1,3131.6,17,4,3131.5,9,3,3131.3,1,1,3131.2,8,2,3132.0,107,7,3132.1,318,5,3132.2,247,5,3132.3,45,2,3132.4,89,3
2031,2026-06-16 09:45:00+05:30,3132.0,1,3141.18,532416,109856.0,191402.0,3163.0,3163.0,3128.0,3134.3,31736400,3447.7,2820.9,3839.9,2896.0,3131.8,9,1,3131.6,17,4,3131.5,9,3,3131.3,1,1,3131.2,8,2,3132.0,107,7,3132.1,318,5,3132.2,247,5,3132.3,45,2,3132.4,89,3
2031,2026-06-16 09:45:01+05:30,3132.0,7,3141.18,532519,109733.0,190129.0,3163.0,3163.0,3128.0,3134.3,31736400,3447.7,2820.9,3839.9,2896.0,3131.9,2,2,3131.8,9,1,3131.6,17,4,3131.5,9,3,3131.3,1,1,3132.0,36,3,3132.1,318,5,3132.2,266,6,3132.3,67,3,3132.4,60,2
2031,2026-06-16 09:45:01+05:30,3131.9,5,3141.18,532519,109733.0,190129.0,3163.0,3163.0,3128.0,3134.3,31736400,3447.7,2820.9,3839.9,2896.0,3131.9,2,2,3131.8,9,1,3131.6,17,4,3131.5,9,3,3131.3,1,1,3132.0,36,3,3132.1,318,5,3132.2,266,6,3132.3,67,3,3132.4,60,2
2031,2026-06-16 09:45:02+05:30,3131.9,18,3141.18,532546,110110.0,191838.0,3163.0,3163.0,3128.0,3134.3,31736400,3447.7,2820.9,3839.9,2896.0,3131.9,24,1,3131.8,19,2,3131.6,17,4,3131.5,9,3,3131.3,1,1,3132.0,56,4,3132.1,266,3,3132.2,47,4,3132.3,242,3,3132.5,89,2
2031,2026-06-16 09:45:02+05:30,3131.9,23,3141.18,532546,110110.0,191838.0,3163.0,3163.0,3128.0,3134.3,31736400,3447.7,2820.9,3839.9,2896.0,3131.9,24,1,3131.8,19,2,3131.6,17,4,3131.5,9,3,3131.3,1,1,3132.0,56,4,3132.1,266,3,3132.2,47,4,3132.3,242,3,3132.5,89,2
2031,2026-06-16 09:45:03+05:30,3132.0,6,3141.18,532612,110051.0,191666.0,3163.0,3163.0,3128.0,3134.3,31736400,3447.7,2820.9,3839.9,2896.0,3131.8,19,2,3131.6,17,4,3131.5,32,4,3131.3,1,1,3131.2,8,2,3132.0,14,1,3132.1,266,3,3132.2,58,5,3132.3,283,4,3132.5,89,2
2031,2026-06-16 09:45:03+05:30,3132.0,1,3141.18,532612,110051.0,191666.0,3163.0,3163.0,3128.0,3134.3,31736400,3447.7,2820.9,3839.9,2896.0,3131.8,19,2,3131.6,17,4,3131.5,32,4,3131.3,1,1,3131.2,8,2,3132.0,14,1,3132.1,266,3,3132.2,58,5,3132.3,283,4,3132.5,89,2
2031,2026-06-16 09:45:04+05:30,3132.0,1,3141.18,532613,110049.0,191753.0,3163.0,3163.0,3128.0,3134.3,31736400,3447.7,2820.9,3839.9,2896.0,3131.8,19,2,3131.6,17,4,3131.5,32,4,3131.3,1,1,3131.2,8,2,3132.0,29,2,3132.1,266,3,3132.2,247,5,3132.3,83,3,3132.5,89,2
2031,2026-06-16 09:45:05+05:30,3132.0,1,3141.18,532686,109955.0,191571.0,3163.0,3163.0,3128.0,3134.3,31736400,3447.7,2820.9,3839.9,2896.0,3131.9,60,1,3131.8,11,2,3131.6,17,4,3131.5,32,4,3131.3,1,1,3132.0,180,1,3132.1,285,4,3132.2,58,5,3132.3,83,3,3132.5,40,2
2031,2026-06-16 09:45:05+05:30,3132.0,1,3141.18,532686,109955.0,191571.0,3163.0,3163.0,3128.0,3134.3,31736400,3447.7,2820.9,3839.9,2896.0,3131.9,60,1,3131.8,11,2,3131.6,17,4,3131.5,32,4,3131.3,1,1,3132.0,180,1,3132.1,285,4,3132.2,58,5,3132.3,83,3,3132.5,40,2
2031,2026-06-16 09:45:06+05:30,3131.6,1,3141.18,532686,109955.0,191571.0,3163.0,3163.0,3128.0,3134.3,31736400,3447.7,2820.9,3839.9,2896.0,3131.9,60,1,3131.8,11,2,3131.6,17,4,3131.5,32,4,3131.3,1,1,3132.0,180,1,3132.1,285,4,3132.2,58,5,3132.3,83,3,3132.5,40,2
2031,2026-06-16 09:45:06+05:30,3131.6,1,3141.17,532956,109375.0,191851.0,3163.0,3163.0,3128.0,3134.3,31736400,3447.7,2820.9,3839.9,2896.0,3131.9,25,1,3131.6,12,2,3131.5,9,3,3131.3,1,1,3131.2,8,2,3132.0,334,3,3132.1,85,3,3132.2,47,4,3132.3,92,3,3132.5,88,1
2031,2026-06-16 09:45:07+05:30,3132.0,1,3141.17,532956,109375.0,191851.0,3163.0,3163.0,3128.0,3134.3,31736400,3447.7,2820.9,3839.9,2896.0,3131.9,25,1,3131.6,12,2,3131.5,9,3,3131.3,1,1,3131.2,8,2,3132.0,334,3,3132.1,85,3,3132.2,47,4,3132.3,92,3,3132.5,88,1
2031,2026-06-16 09:45:08+05:30,3132.0,1,3141.17,533018,109946.0,190972.0,3163.0,3163.0,3128.0,3134.3,31736400,3447.7,2820.9,3839.9,2896.0,3131.9,29,2,3131.6,12,2,3131.5,9,3,3131.4,24,1,3131.3,1,1,3132.0,249,3,3132.1,47,2,3132.2,85,5,3132.3,42,2,3132.4,110,1
2031,2026-06-16 09:45:09+05:30,3132.0,1,3141.17,533019,110184.0,190600.0,3163.0,3163.0,3128.0,3134.3,31736400,3447.7,2820.9,3839.9,2896.0,3131.9,70,5,3131.7,6,1,3131.6,61,4,3131.5,31,5,3131.4,43,2,3132.0,248,3,3132.1,47,2,3132.2,85,5,3132.3,42,2,3132.4,110,1
2031,2026-06-16 09:45:09+05:30,3132.0,1,3141.17,533019,110184.0,190600.0,3163.0,3163.0,3128.0,3134.3,31736400,3447.7,2820.9,3839.9,2896.0,3131.9,70,5,3131.7,6,1,3131.6,61,4,3131.5,31,5,3131.4,43,2,3132.0,248,3,3132.1,47,2,3132.2,85,5,3132.3,42,2,3132.4,110,1
2031,2026-06-16 09:45:10+05:30,3132.0,1,3141.17,533020,110354.0,191081.0,3163.0,3163.0,3128.0,3134.3,31736400,3447.7,2820.9,3839.9,2896.0,3131.9,50,4,3131.8,19,1,3131.6,60,3,3131.5,31,5,3131.4,43,2,3132.0,247,3,3132.1,47,2,3132.2,85,5,3132.3,42,2,3132.4,110,1
2031,2026-06-16 09:45:10+05:30,3132.0,26,3141.17,533020,110354.0,191081.0,3163.0,3163.0,3128.0,3134.3,31736400,3447.7,2820.9,3839.9,2896.0,3131.9,50,4,3131.8,19,1,3131.6,60,3,3131.5,31,5,3131.4,43,2,3132.0,247,3,3132.1,47,2,3132.2,85,5,3132.3,42,2,3132.4,110,1
2031,2026-06-16 09:45:11+05:30,3132.3,20,3141.16,533452,113028.0,189344.0,3163.0,3163.0,3128.0,3134.3,31736400,3447.7,2820.9,3839.9,2896.0,3132.6,18,1,3132.5,64,3,3132.4,103,5,3132.3,99,5,3132.2,75,4,3133.0,774,6,3133.4,110,1,3133.5,400,1,3133.6,32,1,3133.7,93,3
2031,2026-06-16 09:45:11+05:30,3132.3,20,3141.16,533452,113028.0,189344.0,3163.0,3163.0,3128.0,3134.3,31736400,3447.7,2820.9,3839.9,2896.0,3132.6,18,1,3132.5,64,3,3132.4,103,5,3132.3,99,5,3132.2,75,4,3133.0,774,6,3133.4,110,1,3133.5,400,1,3133.6,32,1,3133.7,93,3
2031,2026-06-16 09:45:12+05:30,3132.3,20,3141.16,533452,113356.0,187755.0,3163.0,3163.0,3128.0,3134.3,31736400,3447.7,2820.9,3839.9,2896.0,3132.6,41,1,3132.5,78,5,3132.4,103,5,3132.3,63,3,3132.2,59,3,3133.0,825,7,3133.4,23,1,3133.5,446,2,3133.7,23,2,3133.9,22,1
2031,2026-06-16 09:45:13+05:30,3132.3,20,3141.16,533452,113356.0,187755.0,3163.0,3163.0,3128.0,3134.3,31736400,3447.7,2820.9,3839.9,2896.0,3132.6,41,1,3132.5,78,5,3132.4,103,5,3132.3,63,3,3132.2,59,3,3133.0,825,7,3133.4,23,1,3133.5,446,2,3133.7,23,2,3133.9,22,1
2031,2026-06-16 09:45:13+05:30,3132.3,20,3141.16,533452,112790.0,187664.0,3163.0,3163.0,3128.0,3134.3,31736400,3447.7,2820.9,3839.9,2896.0,3132.7,24,1,3132.6,109,5,3132.5,25,2,3132.4,61,4,3132.3,38,3,3133.0,825,7,3133.4,23,1,3133.5,446,2,3133.7,23,2,3133.9,22,1
2031,2026-06-16 09:45:14+05:30,3133.0,1,3141.16,533714,113367.0,187608.0,3163.0,3163.0,3128.0,3134.3,31736400,3447.7,2820.9,3839.9,2896.0,3132.8,77,4,3132.7,60,2,3132.6,121,6,3132.5,71,4,3132.4,61,4,3133.0,589,7,3133.4,23,1,3133.5,446,2,3133.7,2,1,3133.9,22,1
2031,2026-06-16 09:45:14+05:30,3133.0,1,3141.16,533714,113367.0,187608.0,3163.0,3163.0,3128.0,3134.3,31736400,3447.7,2820.9,3839.9,2896.0,3132.8,77,4,3132.7,60,2,3132.6,121,6,3132.5,71,4,3132.4,61,4,3133.0,589,7,3133.4,23,1,3133.5,446,2,3133.7,2,1,3133.9,22,1
2031,2026-06-16 09:45:14+05:30,3132.9,1,3141.16,533714,113367.0,187608.0,3163.0,3163.0,3128.0,3134.3,31736400,3447.7,2820.9,3839.9,2896.0,3132.8,77,4,3132.7,60,2,3132.6,121,6,3132.5,71,4,3132.4,61,4,3133.0,589,7,3133.4,23,1,3133.5,446,2,3133.7,2,1,3133.9,22,1
2031,2026-06-16 09:45:15+05:30,3132.9,2,3141.16,533719,113106.0,188127.0,3163.0,3163.0,3128.0,3134.3,31736400,3447.7,2820.9,3839.9,2896.0,3132.8,30,4,3132.7,66,2,3132.6,43,2,3132.5,35,3,3132.4,49,3,3132.9,29,1,3133.0,670,8,3133.4,23,1,3133.5,446,2,3133.7,2,1
2031,2026-06-16 09:45:15+05:30,3132.9,2,3141.16,533719,113106.0,188127.0,3163.0,3163.0,3128.0,3134.3,31736400,3447.7,2820.9,3839.9,2896.0,3132.8,30,4,3132.7,66,2,3132.6,43,2,3132.5,35,3,3132.4,49,3,3132.9,29,1,3133.0,670,8,3133.4,23,1,3133.5,446,2,3133.7,2,1
2031,2026-06-16 09:45:16+05:30,3132.9,2,3141.16,533719,113106.0,188127.0,3163.0,3163.0,3128.0,3134.3,31736400,3447.7,2820.9,3839.9,2896.0,3132.8,30,4,3132.7,66,2,3132.6,43,2,3132.5,35,3,3132.4,49,3,3132.9,29,1,3133.0,670,8,3133.4,23,1,3133.5,446,2,3133.7,2,1
2031,2026-06-16 09:45:16+05:30,3132.9,2,3141.16,533719,113095.0,188349.0,3163.0,3163.0,3128.0,3134.3,31736400,3447.7,2820.9,3839.9,2896.0,3132.8,30,4,3132.7,66,2,3132.6,43,2,3132.5,25,2,3132.4,57,3,3132.9,30,2,3133.0,669,7,3133.4,23,1,3133.5,446,2,3133.7,2,1
2031,2026-06-16 09:45:18+05:30,3132.9,2,3141.16,533719,113097.0,187772.0,3163.0,3163.0,3128.0,3134.3,31736400,3447.7,2820.9,3839.9,2896.0,3132.8,111,7,3132.7,42,1,3132.6,92,5,3132.5,33,3,3132.4,67,4,3132.9,55,3,3133.0,656,7,3133.4,23,1,3133.5,446,2,3133.7,13,2
2031,2026-06-16 09:45:18+05:30,3132.9,2,3141.16,533719,113097.0,187772.0,3163.0,3163.0,3128.0,3134.3,31736400,3447.7,2820.9,3839.9,2896.0,3132.8,111,7,3132.7,42,1,3132.6,92,5,3132.5,33,3,3132.4,67,4,3132.9,55,3,3133.0,656,7,3133.4,23,1,3133.5,446,2,3133.7,13,2
2031,2026-06-16 09:45:18+05:30,3132.8,10,3141.16,533719,113097.0,187772.0,3163.0,3163.0,3128.0,3134.3,31736400,3447.7,2820.9,3839.9,2896.0,3132.8,111,7,3132.7,42,1,3132.6,92,5,3132.5,33,3,3132.4,67,4,3132.9,55,3,3133.0,656,7,3133.4,23,1,3133.5,446,2,3133.7,13,2
2031,2026-06-16 09:45:19+05:30,3132.8,10,3141.16,533729,113170.0,188317.0,3163.0,3163.0,3128.0,3134.3,31736400,3447.7,2820.9,3839.9,2896.0,3132.8,60,5,3132.7,66,2,3132.6,49,3,3132.5,25,2,3132.4,124,5,3132.9,91,4,3133.0,656,7,3133.4,23,1,3133.5,446,2,3133.7,13,2
2031,2026-06-16 09:45:19+05:30,3132.8,10,3141.16,533729,113170.0,188317.0,3163.0,3163.0,3128.0,3134.3,31736400,3447.7,2820.9,3839.9,2896.0,3132.8,60,5,3132.7,66,2,3132.6,49,3,3132.5,25,2,3132.4,124,5,3132.9,91,4,3133.0,656,7,3133.4,23,1,3133.5,446,2,3133.7,13,2
2031,2026-06-16 09:45:19+05:30,3133.0,10,3141.16,533729,113170.0,188317.0,3163.0,3163.0,3128.0,3134.3,31736400,3447.7,2820.9,3839.9,2896.0,3132.8,60,5,3132.7,66,2,3132.6,49,3,3132.5,25,2,3132.4,124,5,3132.9,91,4,3133.0,656,7,3133.4,23,1,3133.5,446,2,3133.7,13,2
2031,2026-06-16 09:45:20+05:30,3133.0,10,3141.16,533926,113306.0,187702.0,3163.0,3163.0,3128.0,3134.3,31736400,3447.7,2820.9,3839.9,2896.0,3132.9,6,2,3132.8,82,4,3132.7,42,1,3132.6,137,6,3132.5,14,2,3133.0,612,7,3133.4,23,1,3133.5,446,2,3133.7,13,2,3134.1,21,1
2031,2026-06-16 09:45:20+05:30,3132.9,2,3141.16,533926,113306.0,187702.0,3163.0,3163.0,3128.0,3134.3,31736400,3447.7,2820.9,3839.9,2896.0,3132.9,6,2,3132.8,82,4,3132.7,42,1,3132.6,137,6,3132.5,14,2,3133.0,612,7,3133.4,23,1,3133.5,446,2,3133.7,13,2,3134.1,21,1
2031,2026-06-16 09:45:21+05:30,3132.9,2,3141.16,533926,113306.0,187702.0,3163.0,3163.0,3128.0,3134.3,31736400,3447.7,2820.9,3839.9,2896.0,3132.9,6,2,3132.8,82,4,3132.7,42,1,3132.6,137,6,3132.5,14,2,3133.0,612,7,3133.4,23,1,3133.5,446,2,3133.7,13,2,3134.1,21,1
2031,2026-06-16 09:45:21+05:30,3133.0,1,3141.16,533933,113138.0,186055.0,3163.0,3163.0,3128.0,3134.3,31736400,3447.7,2820.9,3839.9,2896.0,3132.9,22,3,3132.8,65,4,3132.7,42,1,3132.6,94,5,3132.5,14,2,3133.0,611,7,3133.4,23,1,3133.5,446,2,3133.7,13,2,3134.1,21,1
2031,2026-06-16 09:45:21+05:30,3133.0,1,3141.16,533933,113138.0,186055.0,3163.0,3163.0,3128.0,3134.3,31736400,3447.7,2820.9,3839.9,2896.0,3132.9,22,3,3132.8,65,4,3132.7,42,1,3132.6,94,5,3132.5,14,2,3133.0,611,7,3133.4,23,1,3133.5,446,2,3133.7,13,2,3134.1,21,1
2031,2026-06-16 09:45:22+05:30,3133.7,11,3141.14,535123,114244.0,185304.0,3163.0,3163.0,3128.0,3134.3,31736400,3447.7,2820.9,3839.9,2896.0,3133.3,105,7,3133.2,69,5,3133.1,49,5,3133.0,70,4,3132.9,77,7,3133.7,13,2,3134.7,112,3,3134.8,110,1,3134.9,41,2,3135.0,1460,11
2031,2026-06-16 09:45:22+05:30,3133.7,11,3141.14,535123,114244.0,185304.0,3163.0,3163.0,3128.0,3134.3,31736400,3447.7,2820.9,3839.9,2896.0,3133.3,105,7,3133.2,69,5,3133.1,49,5,3133.0,70,4,3132.9,77,7,3133.7,13,2,3134.7,112,3,3134.8,110,1,3134.9,41,2,3135.0,1460,11
2031,2026-06-16 09:45:22+05:30,3133.7,11,3141.14,535123,114244.0,185304.0,3163.0,3163.0,3128.0,3134.3,31736400,3447.7,2820.9,3839.9,2896.0,3133.3,105,7,3133.2,69,5,3133.1,49,5,3133.0,70,4,3132.9,77,7,3133.7,13,2,3134.7,112,3,3134.8,110,1,3134.9,41,2,3135.0,1460,11
2031,2026-06-16 09:45:23+05:30,3133.7,11,3141.14,535123,114244.0,185304.0,3163.0,3163.0,3128.0,3134.3,31736400,3447.7,2820.9,3839.9,2896.0,3133.3,105,7,3133.2,69,5,3133.1,49,5,3133.0,70,4,3132.9,77,7,3133.7,13,2,3134.7,112,3,3134.8,110,1,3134.9,41,2,3135.0,1460,11
2031,2026-06-16 09:45:23+05:30,3133.7,11,3141.14,535123,114971.0,186889.0,3163.0,3163.0,3128.0,3134.3,31736400,3447.7,2820.9,3839.9,2896.0,3133.3,143,4,3133.2,65,4,3133.1,85,5,3133.0,87,4,3132.9,75,6,3133.7,99,5,3134.7,254,6,3134.8,141,4,3134.9,100,5,3135.0,1462,11
2031,2026-06-16 09:45:23+05:30,3133.7,11,3141.14,535123,114971.0,186889.0,3163.0,3163.0,3128.0,3134.3,31736400,3447.7,2820.9,3839.9,2896.0,3133.3,143,4,3133.2,65,4,3133.1,85,5,3133.0,87,4,3132.9,75,6,3133.7,99,5,3134.7,254,6,3134.8,141,4,3134.9,100,5,3135.0,1462,11
2031,2026-06-16 09:45:23+05:30,3133.3,10,3141.14,535123,114971.0,186889.0,3163.0,3163.0,3128.0,3134.3,31736400,3447.7,2820.9,3839.9,2896.0,3133.3,143,4,3133.2,65,4,3133.1,85,5,3133.0,87,4,3132.9,75,6,3133.7,99,5,3134.7,254,6,3134.8,141,4,3134.9,100,5,3135.0,1462,11
2031,2026-06-16 09:45:24+05:30,3133.3,10,3141.14,535123,114971.0,186889.0,3163.0,3163.0,3128.0,3134.3,31736400,3447.7,2820.9,3839.9,2896.0,3133.3,143,4,3133.2,65,4,3133.1,85,5,3133.0,87,4,3132.9,75,6,3133.7,99,5,3134.7,254,6,3134.8,141,4,3134.9,100,5,3135.0,1462,11
2031,2026-06-16 09:45:24+05:30,3133.3,41,3141.14,535197,114930.0,186903.0,3163.0,3163.0,3128.0,3134.3,31736400,3447.7,2820.9,3839.9,2896.0,3133.3,120,5,3133.2,51,4,3133.1,78,5,3133.0,106,5,3132.9,114,8,3133.7,99,5,3134.7,254,6,3134.8,141,4,3134.9,100,5,3135.0,1462,11
2031,2026-06-16 09:45:24+05:30,3133.3,41,3141.14,535197,114930.0,186903.0,3163.0,3163.0,3128.0,3134.3,31736400,3447.7,2820.9,3839.9,2896.0,3133.3,120,5,3133.2,51,4,3133.1,78,5,3133.0,106,5,3132.9,114,8,3133.7,99,5,3134.7,254,6,3134.8,141,4,3134.9,100,5,3135.0,1462,11
2031,2026-06-16 09:45:24+05:30,3133.3,80,3141.14,535197,114930.0,186903.0,3163.0,3163.0,3128.0,3134.3,31736400,3447.7,2820.9,3839.9,2896.0,3133.3,120,5,3133.2,51,4,3133.1,78,5,3133.0,106,5,3132.9,114,8,3133.7,99,5,3134.7,254,6,3134.8,141,4,3134.9,100,5,3135.0,1462,11
2031,2026-06-16 09:45:25+05:30,3133.7,9,3141.13,535463,114438.0,187990.0,3163.0,3163.0,3128.0,3134.3,31736400,3447.7,2820.9,3839.9,2896.0,3133.4,25,1,3133.3,23,2,3132.9,99,3,3132.8,54,4,3132.7,76,2,3133.7,97,5,3134.2,59,2,3134.3,125,2,3134.4,253,4,3134.5,108,2
2031,2026-06-16 09:45:25+05:30,3133.7,9,3141.13,535463,114438.0,187990.0,3163.0,3163.0,3128.0,3134.3,31736400,3447.7,2820.9,3839.9,2896.0,3133.4,25,1,3133.3,23,2,3132.9,99,3,3132.8,54,4,3132.7,76,2,3133.7,97,5,3134.2,59,2,3134.3,125,2,3134.4,253,4,3134.5,108,2
2031,2026-06-16 09:45:25+05:30,3133.4,29,3141.13,535463,114438.0,187990.0,3163.0,3163.0,3128.0,3134.3,31736400,3447.7,2820.9,3839.9,2896.0,3133.4,25,1,3133.3,23,2,3132.9,99,3,3132.8,54,4,3132.7,76,2,3133.7,97,5,3134.2,59,2,3134.3,125,2,3134.4,253,4,3134.5,108,2
2031,2026-06-16 09:45:26+05:30,3133.4,29,3141.13,535463,114438.0,187990.0,3163.0,3163.0,3128.0,3134.3,31736400,3447.7,2820.9,3839.9,2896.0,3133.4,25,1,3133.3,23,2,3132.9,99,3,3132.8,54,4,3132.7,76,2,3133.7,97,5,3134.2,59,2,3134.3,125,2,3134.4,253,4,3134.5,108,2
2031,2026-06-16 09:45:26+05:30,3133.4,29,3141.13,535492,114158.0,188313.0,3163.0,3163.0,3128.0,3134.3,31736400,3447.7,2820.9,3839.9,2896.0,3133.4,27,2,3133.3,28,3,3133.2,3,1,3133.1,4,1,3133.0,3,1,3133.7,104,7,3133.9,59,2,3134.1,110,2,3134.2,178,4,3134.3,246,5
2031,2026-06-16 09:45:26+05:30,3133.7,10,3141.13,535492,114158.0,188313.0,3163.0,3163.0,3128.0,3134.3,31736400,3447.7,2820.9,3839.9,2896.0,3133.4,27,2,3133.3,28,3,3133.2,3,1,3133.1,4,1,3133.0,3,1,3133.7,104,7,3133.9,59,2,3134.1,110,2,3134.2,178,4,3134.3,246,5
2031,2026-06-16 09:45:26+05:30,3133.7,10,3141.13,535492,114158.0,188313.0,3163.0,3163.0,3128.0,3134.3,31736400,3447.7,2820.9,3839.9,2896.0,3133.4,27,2,3133.3,28,3,3133.2,3,1,3133.1,4,1,3133.0,3,1,3133.7,104,7,3133.9,59,2,3134.1,110,2,3134.2,178,4,3134.3,246,5
2031,2026-06-16 09:45:27+05:30,3133.7,1,3141.13,535592,114367.0,187703.0,3163.0,3163.0,3128.0,3134.3,31736400,3447.7,2820.9,3839.9,2896.0,3133.4,20,3,3133.3,44,4,3133.2,3,1,3133.1,4,1,3133.0,3,1,3133.7,135,8,3133.9,28,1,3134.1,29,1,3134.2,28,1,3134.4,40,1
2031,2026-06-16 09:45:27+05:30,3133.7,1,3141.13,535592,114367.0,187703.0,3163.0,3163.0,3128.0,3134.3,31736400,3447.7,2820.9,3839.9,2896.0,3133.4,20,3,3133.3,44,4,3133.2,3,1,3133.1,4,1,3133.0,3,1,3133.7,135,8,3133.9,28,1,3134.1,29,1,3134.2,28,1,3134.4,40,1
2031,2026-06-16 09:45:27+05:30,3133.7,1,3141.13,535592,114367.0,187703.0,3163.0,3163.0,3128.0,3134.3,31736400,3447.7,2820.9,3839.9,2896.0,3133.4,20,3,3133.3,44,4,3133.2,3,1,3133.1,4,1,3133.0,3,1,3133.7,135,8,3133.9,28,1,3134.1,29,1,3134.2,28,1,3134.4,40,1
2031,2026-06-16 09:45:28+05:30,3133.7,1,3141.13,535592,114367.0,187703.0,3163.0,3163.0,3128.0,3134.3,31736400,3447.7,2820.9,3839.9,2896.0,3133.4,20,3,3133.3,44,4,3133.2,3,1,3133.1,4,1,3133.0,3,1,3133.7,135,8,3133.9,28,1,3134.1,29,1,3134.2,28,1,3134.4,40,1
2031,2026-06-16 09:45:28+05:30,3133.4,12,3141.13,535992,114878.0,187149.0,3163.0,3163.0,3128.0,3134.3,31736400,3447.7,2820.9,3839.9,2896.0,3133.4,108,7,3133.3,60,5,3133.2,68,5,3133.1,14,2,3133.0,46,3,3133.6,28,1,3133.7,129,7,3133.9,28,1,3134.1,29,1,3134.5,70,1
2031,2026-06-16 09:45:28+05:30,3133.4,12,3141.13,535992,114878.0,187149.0,3163.0,3163.0,3128.0,3134.3,31736400,3447.7,2820.9,3839.9,2896.0,3133.4,108,7,3133.3,60,5,3133.2,68,5,3133.1,14,2,3133.0,46,3,3133.6,28,1,3133.7,129,7,3133.9,28,1,3134.1,29,1,3134.5,70,1
2031,2026-06-16 09:45:29+05:30,3133.4,12,3141.13,535992,114878.0,187149.0,3163.0,3163.0,3128.0,3134.3,31736400,3447.7,2820.9,3839.9,2896.0,3133.4,108,7,3133.3,60,5,3133.2,68,5,3133.1,14,2,3133.0,46,3,3133.6,28,1,3133.7,129,7,3133.9,28,1,3134.1,29,1,3134.5,70,1
2031,2026-06-16 09:45:29+05:30,3133.4,56,3141.12,536192,113978.0,187785.0,3163.0,3163.0,3128.0,3134.3,31736400,3447.7,2820.9,3839.9,2896.0,3133.4,44,1,3133.3,67,5,3133.2,3,1,3133.1,4,1,3133.0,39,3,3133.6,32,2,3133.7,157,8,3133.9,28,1,3134.1,29,1,3134.4,81,1
2031,2026-06-16 09:45:29+05:30,3133.4,59,3141.12,536192,113978.0,187785.0,3163.0,3163.0,3128.0,3134.3,31736400,3447.7,2820.9,3839.9,2896.0,3133.4,44,1,3133.3,67,5,3133.2,3,1,3133.1,4,1,3133.0,39,3,3133.6,32,2,3133.7,157,8,3133.9,28,1,3134.1,29,1,3134.4,81,1
2031,2026-06-16 09:45:30+05:30,3133.4,59,3141.12,536192,113978.0,187785.0,3163.0,3163.0,3128.0,3134.3,31744000,3447.7,2820.9,3839.9,2896.0,3133.4,44,1,3133.3,67,5,3133.2,3,1,3133.1,4,1,3133.0,39,3,3133.6,32,2,3133.7,157,8,3133.9,28,1,3134.1,29,1,3134.4,81,1
2031,2026-06-16 09:45:30+05:30,3133.7,18,3141.12,536442,114502.0,187859.0,3163.0,3163.0,3128.0,3134.3,31744000,3447.7,2820.9,3839.9,2896.0,3133.5,2,2,3133.4,94,4,3133.3,43,4,3133.2,3,1,3133.1,4,1,3133.7,127,6,3133.9,28,1,3134.3,70,1,3134.4,132,2,3134.5,127,3
2031,2026-06-16 09:45:30+05:30,3133.7,18,3141.12,536442,114502.0,187859.0,3163.0,3163.0,3128.0,3134.3,31744000,3447.7,2820.9,3839.9,2896.0,3133.5,2,2,3133.4,94,4,3133.3,43,4,3133.2,3,1,3133.1,4,1,3133.7,127,6,3133.9,28,1,3134.3,70,1,3134.4,132,2,3134.5,127,3
2031,2026-06-16 09:45:31+05:30,3133.4,13,3141.12,536459,114770.0,187390.0,3163.0,3163.0,3128.0,3134.3,31744000,3447.7,2820.9,3839.9,2896.0,3133.5,42,1,3133.4,180,11,3133.3,36,4,3133.2,87,6,3133.1,16,2,3133.7,142,8,3133.9,28,1,3134.3,28,1,3134.4,28,1,3134.5,70,1
2031,2026-06-16 09:45:31+05:30,3133.4,13,3141.12,536459,114770.0,187390.0,3163.0,3163.0,3128.0,3134.3,31744000,3447.7,2820.9,3839.9,2896.0,3133.5,42,1,3133.4,180,11,3133.3,36,4,3133.2,87,6,3133.1,16,2,3133.7,142,8,3133.9,28,1,3134.3,28,1,3134.4,28,1,3134.5,70,1
2031,2026-06-16 09:45:32+05:30,3133.7,48,3141.12,536459,114770.0,187390.0,3163.0,3163.0,3128.0,3134.3,31744000,3447.7,2820.9,3839.9,2896.0,3133.5,42,1,3133.4,180,11,3133.3,36,4,3133.2,87,6,3133.1,16,2,3133.7,142,8,3133.9,28,1,3134.3,28,1,3134.4,28,1,3134.5,70,1
2031,2026-06-16 09:45:33+05:30,3133.7,48,3141.12,536559,114755.0,187473.0,3163.0,3163.0,3128.0,3134.3,31744000,3447.7,2820.9,3839.9,2896.0,3133.5,98,6,3133.4,131,8,3133.3,36,4,3133.2,66,5,3133.1,113,5,3133.7,34,5,3133.9,28,1,3134.3,28,1,3134.4,28,1,3134.7,105,4
2031,2026-06-16 09:45:33+05:30,3133.7,2,3141.12,536559,114755.0,187473.0,3163.0,3163.0,3128.0,3134.3,31744000,3447.7,2820.9,3839.9,2896.0,3133.5,98,6,3133.4,131,8,3133.3,36,4,3133.2,66,5,3133.1,113,5,3133.7,34,5,3133.9,28,1,3134.3,28,1,3134.4,28,1,3134.7,105,4
2031,2026-06-16 09:45:34+05:30,3133.7,1,3141.12,536565,114784.0,187703.0,3163.0,3163.0,3128.0,3134.3,31744000,3447.7,2820.9,3839.9,2896.0,3133.5,69,4,3133.4,159,10,3133.3,16,3,3133.2,66,5,3133.1,71,4,3133.7,48,6,3133.9,28,1,3134.3,28,1,3134.4,28,1,3134.7,105,4
2031,2026-06-16 09:45:34+05:30,3133.7,50,3141.12,536565,114784.0,187703.0,3163.0,3163.0,3128.0,3134.3,31744000,3447.7,2820.9,3839.9,2896.0,3133.5,69,4,3133.4,159,10,3133.3,16,3,3133.2,66,5,3133.1,71,4,3133.7,48,6,3133.9,28,1,3134.3,28,1,3134.4,28,1,3134.7,105,4
2031,2026-06-16 09:45:35+05:30,3133.5,10,3141.12,536675,114952.0,187658.0,3163.0,3163.0,3128.0,3134.3,31744000,3447.7,2820.9,3839.9,2896.0,3133.5,82,7,3133.4,90,6,3133.3,8,2,3133.2,66,5,3133.1,71,4,3133.9,28,1,3134.3,28,1,3134.4,28,1,3134.7,91,3,3134.8,222,4
2031,2026-06-16 09:45:35+05:30,3133.9,3,3141.12,536675,114952.0,187658.0,3163.0,3163.0,3128.0,3134.3,31744000,3447.7,2820.9,3839.9,2896.0,3133.5,82,7,3133.4,90,6,3133.3,8,2,3133.2,66,5,3133.1,71,4,3133.9,28,1,3134.3,28,1,3134.4,28,1,3134.7,91,3,3134.8,222,4
2031,2026-06-16 09:45:36+05:30,3133.9,3,3141.12,536685,114859.0,188174.0,3163.0,3163.0,3128.0,3134.3,31744000,3447.7,2820.9,3839.9,2896.0,3133.7,20,1,3133.5,39,5,3133.4,104,7,3133.3,8,2,3133.2,37,3,3133.9,66,2,3134.3,28,1,3134.4,28,1,3134.6,96,2,3134.7,119,4
2031,2026-06-16 09:45:36+05:30,3133.7,1,3141.12,536685,114859.0,188174.0,3163.0,3163.0,3128.0,3134.3,31744000,3447.7,2820.9,3839.9,2896.0,3133.7,20,1,3133.5,39,5,3133.4,104,7,3133.3,8,2,3133.2,37,3,3133.9,66,2,3134.3,28,1,3134.4,28,1,3134.6,96,2,3134.7,119,4
2031,2026-06-16 09:45:37+05:30,3133.7,1,3141.12,536686,114937.0,188069.0,3163.0,3163.0,3128.0,3134.3,31744000,3447.7,2820.9,3839.9,2896.0,3133.7,62,2,3133.5,39,5,3133.4,129,8,3133.3,8,2,3133.2,37,3,3133.9,66,2,3134.3,28,1,3134.4,28,1,3134.6,96,2,3134.7,5,2
2031,2026-06-16 09:45:38+05:30,3133.9,27,3141.12,536779,115105.0,187511.0,3163.0,3163.0,3128.0,3134.3,31744000,3447.7,2820.9,3839.9,2896.0,3133.9,27,1,3133.7,62,2,3133.5,53,6,3133.4,64,5,3133.3,27,3,3134.3,28,1,3134.4,28,1,3134.6,28,1,3134.7,5,2,3134.8,276,4
2031,2026-06-16 09:45:38+05:30,3134.3,1,3141.12,536779,115105.0,187511.0,3163.0,3163.0,3128.0,3134.3,31744000,3447.7,2820.9,3839.9,2896.0,3133.9,27,1,3133.7,62,2,3133.5,53,6,3133.4,64,5,3133.3,27,3,3134.3,28,1,3134.4,28,1,3134.6,28,1,3134.7,5,2,3134.8,276,4
2031,2026-06-16 09:45:39+05:30,3133.9,38,3141.11,536954,115072.0,187523.0,3163.0,3163.0,3128.0,3134.3,31744000,3447.7,2820.9,3839.9,2896.0,3133.7,85,3,3133.5,1063,7,3133.4,64,5,3133.3,27,3,3133.2,39,3,3133.8,143,1,3134.7,83,3,3134.8,166,4,3134.9,91,3,3135.0,1370,13
2031,2026-06-16 09:45:39+05:30,3133.9,38,3141.11,536954,115072.0,187523.0,3163.0,3163.0,3128.0,3134.3,31744000,3447.7,2820.9,3839.9,2896.0,3133.7,85,3,3133.5,1063,7,3133.4,64,5,3133.3,27,3,3133.2,39,3,3133.8,143,1,3134.7,83,3,3134.8,166,4,3134.9,91,3,3135.0,1370,13
2031,2026-06-16 09:45:40+05:30,3133.8,1,3141.11,536973,115154.0,187810.0,3163.0,3163.0,3128.0,3134.3,31744000,3447.7,2820.9,3839.9,2896.0,3133.7,63,3,3133.5,1042,5,3133.4,86,5,3133.3,8,2,3133.2,3,1,3133.8,153,2,3134.5,40,1,3134.7,107,4,3134.8,153,6,3134.9,228,5
2031,2026-06-16 09:45:40+05:30,3133.8,15,3141.11,536973,115154.0,187810.0,3163.0,3163.0,3128.0,3134.3,31744000,3447.7,2820.9,3839.9,2896.0,3133.7,63,3,3133.5,1042,5,3133.4,86,5,3133.3,8,2,3133.2,3,1,3133.8,153,2,3134.5,40,1,3134.7,107,4,3134.8,153,6,3134.9,228,5
2031,2026-06-16 09:45:41+05:30,3133.8,1,3141.11,537127,114532.0,186113.0,3163.0,3163.0,3128.0,3134.3,31744000,3447.7,2820.9,3839.9,2896.0,3133.7,81,5,3133.5,1027,4,3133.4,63,4,3133.3,67,4,3133.2,3,1,3133.9,100,1,3134.5,19,1,3134.7,107,4,3134.8,117,4,3134.9,163,3
2031,2026-06-16 09:45:41+05:30,3133.8,1,3141.11,537127,114532.0,186113.0,3163.0,3163.0,3128.0,3134.3,31744000,3447.7,2820.9,3839.9,2896.0,3133.7,81,5,3133.5,1027,4,3133.4,63,4,3133.3,67,4,3133.2,3,1,3133.9,100,1,3134.5,19,1,3134.7,107,4,3134.8,117,4,3134.9,163,3
2031,2026-06-16 09:45:42+05:30,3133.8,1,3141.11,537127,114616.0,186395.0,3163.0,3163.0,3128.0,3134.3,31744000,3447.7,2820.9,3839.9,2896.0,3133.7,67,4,3133.5,1041,5,3133.4,89,5,3133.3,48,3,3133.2,3,1,3133.9,162,3,3134.5,19,1,3134.6,23,1,3134.7,28,3,3134.8,227,5
2031,2026-06-16 09:45:43+05:30,3133.8,1,3141.11,537127,114888.0,186483.0,3163.0,3163.0,3128.0,3134.3,31744000,3447.7,2820.9,3839.9,2896.0,3133.7,146,8,3133.6,54,3,3133.5,1050,6,3133.4,179,9,3133.3,21,3,3133.9,176,4,3134.5,19,1,3134.7,28,3,3134.8,98,3,3134.9,111,2
2031,2026-06-16 09:45:44+05:30,3133.9,3,3141.11,537127,114888.0,186483.0,3163.0,3163.0,3128.0,3134.3,31744000,3447.7,2820.9,3839.9,2896.0,3133.7,146,8,3133.6,54,3,3133.5,1050,6,3133.4,179,9,3133.3,21,3,3133.9,176,4,3134.5,19,1,3134.7,28,3,3134.8,98,3,3134.9,111,2
2031,2026-06-16 09:45:45+05:30,3133.9,3,3141.11,537130,114890.0,186170.0,3163.0,3163.0,3128.0,3134.3,31744000,3447.7,2820.9,3839.9,2896.0,3133.7,146,8,3133.6,54,3,3133.5,1050,6,3133.4,179,9,3133.3,21,3,3133.9,198,5,3134.5,19,1,3134.7,28,3,3134.8,98,3,3134.9,111,2
2031,2026-06-16 09:45:45+05:30,3133.9,9,3141.11,537130,114890.0,186170.0,3163.0,3163.0,3128.0,3134.3,31744000,3447.7,2820.9,3839.9,2896.0,3133.7,146,8,3133.6,54,3,3133.5,1050,6,3133.4,179,9,3133.3,21,3,3133.9,198,5,3134.5,19,1,3134.7,28,3,3134.8,98,3,3134.9,111,2
2031,2026-06-16 09:45:46+05:30,3133.8,6,3141.11,537447,115299.0,185721.0,3163.0,3163.0,3128.0,3134.3,31744000,3447.7,2820.9,3839.9,2896.0,3133.9,19,1,3133.8,37,5,3133.7,112,7,3133.6,78,5,3133.5,1060,7,3134.5,57,2,3134.7,28,3,3134.8,28,2,3134.9,1,1,3135.0,1283,9
2031,2026-06-16 09:45:46+05:30,3134.5,1,3141.11,537447,115299.0,185721.0,3163.0,3163.0,3128.0,3134.3,31744000,3447.7,2820.9,3839.9,2896.0,3133.9,19,1,3133.8,37,5,3133.7,112,7,3133.6,78,5,3133.5,1060,7,3134.5,57,2,3134.7,28,3,3134.8,28,2,3134.9,1,1,3135.0,1283,9
2031,2026-06-16 09:45:47+05:30,3134.4,1,3141.11,537449,115352.0,185482.0,3163.0,3163.0,3128.0,3134.3,31744000,3447.7,2820.9,3839.9,2896.0,3133.8,52,7,3133.7,156,9,3133.6,118,6,3133.5,1062,7,3133.4,153,8,3134.4,199,1,3134.5,56,2,3134.7,28,3,3134.8,28,2,3134.9,1,1
2031,2026-06-16 09:45:47+05:30,3134.4,10,3141.11,537449,115352.0,185482.0,3163.0,3163.0,3128.0,3134.3,31744000,3447.7,2820.9,3839.9,2896.0,3133.8,52,7,3133.7,156,9,3133.6,118,6,3133.5,1062,7,3133.4,153,8,3134.4,199,1,3134.5,56,2,3134.7,28,3,3134.8,28,2,3134.9,1,1
2031,2026-06-16 09:45:48+05:30,3134.4,10,3141.11,537459,115208.0,185703.0,3163.0,3163.0,3128.0,3134.3,31744000,3447.7,2820.9,3839.9,2896.0,3134.0,24,1,3133.8,92,8,3133.7,144,9,3133.6,118,6,3133.5,1046,6,3134.4,219,2,3134.5,56,2,3134.7,28,3,3134.8,28,2,3134.9,1,1
2031,2026-06-16 09:45:48+05:30,3134.2,4,3141.11,537459,115208.0,185703.0,3163.0,3163.0,3128.0,3134.3,31744000,3447.7,2820.9,3839.9,2896.0,3134.0,24,1,3133.8,92,8,3133.7,144,9,3133.6,118,6,3133.5,1046,6,3134.4,219,2,3134.5,56,2,3134.7,28,3,3134.8,28,2,3134.9,1,1
2031,2026-06-16 09:45:49+05:30,3134.2,4,3141.11,537542,115325.0,184728.0,3163.0,3163.0,3128.0,3134.3,31744000,3447.7,2820.9,3839.9,2896.0,3134.0,71,5,3133.9,16,1,3133.8,108,8,3133.7,136,11,3133.6,83,5,3134.2,195,1,3134.8,28,2,3134.9,1,1,3135.0,1283,9,3135.3,14,1
2031,2026-06-16 09:45:49+05:30,3134.2,30,3141.11,537542,115325.0,184728.0,3163.0,3163.0,3128.0,3134.3,31744000,3447.7,2820.9,3839.9,2896.0,3134.0,71,5,3133.9,16,1,3133.8,108,8,3133.7,136,11,3133.6,83,5,3134.2,195,1,3134.8,28,2,3134.9,1,1,3135.0,1283,9,3135.3,14,1
2031,2026-06-16 09:45:50+05:30,3134.0,14,3141.1,537832,116202.0,184954.0,3163.0,3163.0,3128.0,3134.3,31744000,3447.7,2820.9,3839.9,2896.0,3134.0,47,5,3133.9,81,3,3133.8,125,6,3133.7,128,11,3133.6,183,7,3134.8,20,2,3134.9,3,2,3135.0,1436,11,3135.2,70,1,3135.4,70,1
2031,2026-06-16 09:45:50+05:30,3134.2,1,3141.1,537832,116202.0,184954.0,3163.0,3163.0,3128.0,3134.3,31744000,3447.7,2820.9,3839.9,2896.0,3134.0,47,5,3133.9,81,3,3133.8,125,6,3133.7,128,11,3133.6,183,7,3134.8,20,2,3134.9,3,2,3135.0,1436,11,3135.2,70,1,3135.4,70,1
2031,2026-06-16 09:45:51+05:30,3134.2,1,3141.1,537835,115930.0,184730.0,3163.0,3163.0,3128.0,3134.3,31744000,3447.7,2820.9,3839.9,2896.0,3134.0,82,7,3133.9,59,2,3133.8,85,4,3133.7,113,10,3133.6,133,5,3134.2,38,1,3134.8,19,2,3134.9,3,2,3135.0,1436,11,3135.2,95,2
2031,2026-06-16 09:45:51+05:30,3134.2,1,3141.1,537835,115930.0,184730.0,3163.0,3163.0,3128.0,3134.3,31744000,3447.7,2820.9,3839.9,2896.0,3134.0,82,7,3133.9,59,2,3133.8,85,4,3133.7,113,10,3133.6,133,5,3134.2,38,1,3134.8,19,2,3134.9,3,2,3135.0,1436,11,3135.2,95,2
2031,2026-06-16 09:45:52+05:30,3134.2,17,3141.1,537858,115990.0,184876.0,3163.0,3163.0,3128.0,3134.3,31744000,3447.7,2820.9,3839.9,2896.0,3134.0,131,9,3133.9,22,1,3133.8,87,4,3133.7,151,11,3133.6,133,5,3134.2,59,3,3134.8,19,2,3134.9,3,2,3135.0,1436,11,3135.2,70,1
2031,2026-06-16 09:45:52+05:30,3134.2,17,3141.1,537858,115990.0,184876.0,3163.0,3163.0,3128.0,3134.3,31744000,3447.7,2820.9,3839.9,2896.0,3134.0,131,9,3133.9,22,1,3133.8,87,4,3133.7,151,11,3133.6,133,5,3134.2,59,3,3134.8,19,2,3134.9,3,2,3135.0,1436,11,3135.2,70,1
2031,2026-06-16 09:45:53+05:30,3134.2,1,3141.1,537859,116035.0,184885.0,3163.0,3163.0,3128.0,3134.3,31744000,3447.7,2820.9,3839.9,2896.0,3134.0,130,9,3133.8,127,5,3133.7,113,10,3133.6,133,5,3133.5,1142,7,3134.2,58,3,3134.8,19,2,3134.9,3,2,3135.0,1436,11,3135.2,70,1
2031,2026-06-16 09:45:53+05:30,3135.0,4,3141.1,537859,116035.0,184885.0,3163.0,3163.0,3128.0,3134.3,31744000,3447.7,2820.9,3839.9,2896.0,3134.0,130,9,3133.8,127,5,3133.7,113,10,3133.6,133,5,3133.5,1142,7,3134.2,58,3,3134.8,19,2,3134.9,3,2,3135.0,1436,11,3135.2,70,1
2031,2026-06-16 09:45:54+05:30,3135.0,4,3141.1,537959,116016.0,185299.0,3163.0,3163.0,3128.0,3134.3,31744000,3447.7,2820.9,3839.9,2896.0,3134.0,89,7,3133.8,43,2,3133.7,96,9,3133.6,50,3,3133.5,1142,7,3135.0,1422,10,3135.2,211,3,3135.3,146,4,3135.4,81,2,3135.5,334,5
2031,2026-06-16 09:45:54+05:30,3135.0,1,3141.1,537959,116016.0,185299.0,3163.0,3163.0,3128.0,3134.3,31744000,3447.7,2820.9,3839.9,2896.0,3134.0,89,7,3133.8,43,2,3133.7,96,9,3133.6,50,3,3133.5,1142,7,3135.0,1422,10,3135.2,211,3,3135.3,146,4,3135.4,81,2,3135.5,334,5
2031,2026-06-16 09:45:55+05:30,3135.0,9,3141.1,537969,116126.0,185595.0,3163.0,3163.0,3128.0,3134.3,31744000,3447.7,2820.9,3839.9,2896.0,3134.2,10,1,3134.0,89,7,3133.8,43,2,3133.7,91,7,3133.6,31,2,3135.0,1439,11,3135.1,95,3,3135.2,235,4,3135.3,112,3,3135.4,172,5
2031,2026-06-16 09:45:55+05:30,3135.0,9,3141.1,537969,116126.0,185595.0,3163.0,3163.0,3128.0,3134.3,31744000,3447.7,2820.9,3839.9,2896.0,3134.2,10,1,3134.0,89,7,3133.8,43,2,3133.7,91,7,3133.6,31,2,3135.0,1439,11,3135.1,95,3,3135.2,235,4,3135.3,112,3,3135.4,172,5
2031,2026-06-16 09:45:56+05:30,3135.0,9,3141.1,537969,116007.0,186032.0,3163.0,3163.0,3128.0,3134.3,31744000,3447.7,2820.9,3839.9,2896.0,3134.3,23,1,3134.2,54,2,3134.0,70,7,3133.8,43,2,3133.7,56,5,3134.9,173,4,3135.0,1694,16,3135.1,51,2,3135.2,236,5,3135.3,301,4
2031,2026-06-16 09:45:57+05:30,3134.0,2,3141.1,537969,116007.0,186032.0,3163.0,3163.0,3128.0,3134.3,31744000,3447.7,2820.9,3839.9,2896.0,3134.3,23,1,3134.2,54,2,3134.0,70,7,3133.8,43,2,3133.7,56,5,3134.9,173,4,3135.0,1694,16,3135.1,51,2,3135.2,236,5,3135.3,301,4
2031,2026-06-16 09:45:57+05:30,3134.0,2,3141.09,538462,115565.0,188379.0,3163.0,3163.0,3128.0,3134.3,31744000,3447.7,2820.9,3839.9,2896.0,3133.9,6,1,3133.8,43,2,3133.7,66,5,3133.6,6,1,3133.5,1025,3,3134.0,29,1,3134.1,66,4,3134.2,203,3,3134.3,48,2,3134.4,120,4
2031,2026-06-16 09:45:58+05:30,3134.0,10,3141.09,538462,115565.0,188379.0,3163.0,3163.0,3128.0,3134.3,31744000,3447.7,2820.9,3839.9,2896.0,3133.9,6,1,3133.8,43,2,3133.7,66,5,3133.6,6,1,3133.5,1025,3,3134.0,29,1,3134.1,66,4,3134.2,203,3,3134.3,48,2,3134.4,120,4
2031,2026-06-16 09:45:59+05:30,3134.0,10,3141.09,538586,115444.0,188348.0,3163.0,3163.0,3128.0,3134.3,31744000,3447.7,2820.9,3839.9,2896.0,3133.8,14,2,3133.7,66,5,3133.6,6,1,3133.5,1025,3,3133.4,14,2,3134.0,26,2,3134.1,54,3,3134.2,77,4,3134.3,234,4,3134.4,294,6
2031,2026-06-16 09:45:59+05:30,3134.2,14,3141.09,538586,115444.0,188348.0,3163.0,3163.0,3128.0,3134.3,31744000,3447.7,2820.9,3839.9,2896.0,3133.8,14,2,3133.7,66,5,3133.6,6,1,3133.5,1025,3,3133.4,14,2,3134.0,26,2,3134.1,54,3,3134.2,77,4,3134.3,234,4,3134.4,294,6
2031,2026-06-16 09:46:00+05:30,3134.0,1,3141.09,538757,114894.0,188492.0,3163.0,3163.0,3128.0,3134.3,31744000,3447.7,2820.9,3839.9,2896.0,3134.2,1,1,3134.1,1,1,3134.0,29,2,3133.9,5,1,3133.8,14,2,3134.3,224,3,3134.4,40,2,3134.5,173,2,3134.6,81,5,3134.7,85,3
2031,2026-06-16 09:46:00+05:30,3134.2,2,3141.09,538757,114894.0,188492.0,3163.0,3163.0,3128.0,3134.3,31744000,3447.7,2820.9,3839.9,2896.0,3134.2,1,1,3134.1,1,1,3134.0,29,2,3133.9,5,1,3133.8,14,2,3134.3,224,3,3134.4,40,2,3134.5,173,2,3134.6,81,5,3134.7,85,3
2031,2026-06-16 09:46:01+05:30,3134.2,2,3141.09,538762,115004.0,188466.0,3163.0,3163.0,3128.0,3134.3,31744000,3447.7,2820.9,3839.9,2896.0,3134.1,1,1,3134.0,29,2,3133.9,5,1,3133.8,14,2,3133.7,90,6,3134.2,167,1,3134.3,263,4,3134.4,27,3,3134.5,26,2,3134.6,112,6
2031,2026-06-16 09:46:02+05:30,3134.2,13,3141.09,538775,115875.0,188851.0,3163.0,3163.0,3128.0,3134.3,31744000,3447.7,2820.9,3839.9,2896.0,3134.1,4,2,3134.0,35,4,3133.9,20,2,3133.8,14,2,3133.7,74,5,3134.2,235,3,3134.3,263,4,3134.4,20,2,3134.5,26,2,3134.6,81,5
2031,2026-06-16 09:46:02+05:30,3134.2,1,3141.09,538775,115875.0,188851.0,3163.0,3163.0,3128.0,3134.3,31744000,3447.7,2820.9,3839.9,2896.0,3134.1,4,2,3134.0,35,4,3133.9,20,2,3133.8,14,2,3133.7,74,5,3134.2,235,3,3134.3,263,4,3134.4,20,2,3134.5,26,2,3134.6,81,5
2031,2026-06-16 09:46:03+05:30,3134.2,50,3141.09,539010,115754.0,187798.0,3163.0,3163.0,3128.0,3134.3,31744000,3447.7,2820.9,3839.9,2896.0,3134.2,3,1,3134.1,4,2,3134.0,53,6,3133.9,5,1,3133.8,14,2,3134.3,224,3,3134.4,20,2,3134.5,26,2,3134.6,61,3,3134.7,1,1
2031,2026-06-16 09:46:03+05:30,3134.3,17,3141.09,539010,115754.0,187798.0,3163.0,3163.0,3128.0,3134.3,31744000,3447.7,2820.9,3839.9,2896.0,3134.2,3,1,3134.1,4,2,3134.0,53,6,3133.9,5,1,3133.8,14,2,3134.3,224,3,3134.4,20,2,3134.5,26,2,3134.6,61,3,3134.7,1,1
2031,2026-06-16 09:46:04+05:30,3134.1,9,3141.09,539067,114836.0,188353.0,3163.0,3163.0,3128.0,3134.3,31744000,3447.7,2820.9,3839.9,2896.0,3134.0,53,6,3133.9,5,1,3133.8,14,2,3133.7,50,4,3133.6,6,1,3134.1,360,2,3134.3,7,2,3134.4,20,2,3134.5,26,2,3134.6,109,5
2031,2026-06-16 09:46:04+05:30,3134.1,2,3141.09,539067,114836.0,188353.0,3163.0,3163.0,3128.0,3134.3,31744000,3447.7,2820.9,3839.9,2896.0,3134.0,53,6,3133.9,5,1,3133.8,14,2,3133.7,50,4,3133.6,6,1,3134.1,360,2,3134.3,7,2,3134.4,20,2,3134.5,26,2,3134.6,109,5
2031,2026-06-16 09:46:05+05:30,3134.0,7,3141.08,539245,115159.0,189087.0,3163.0,3163.0,3128.0,3134.3,31744000,3447.7,2820.9,3839.9,2896.0,3134.0,30,6,3133.9,5,1,3133.8,14,2,3133.7,50,4,3133.6,6,1,3134.1,29,1,3134.3,196,3,3134.4,20,2,3134.5,226,3,3134.6,1,1
2031,2026-06-16 09:46:05+05:30,3134.0,3,3141.08,539245,115159.0,189087.0,3163.0,3163.0,3128.0,3134.3,31744000,3447.7,2820.9,3839.9,2896.0,3134.0,30,6,3133.9,5,1,3133.8,14,2,3133.7,50,4,3133.6,6,1,3134.1,29,1,3134.3,196,3,3134.4,20,2,3134.5,226,3,3134.6,1,1
2031,2026-06-16 09:46:06+05:30,3134.1,1,3141.08,539275,114924.0,187250.0,3163.0,3163.0,3128.0,3134.3,31744000,3447.7,2820.9,3839.9,2896.0,3134.0,2,2,3133.9,21,2,3133.8,14,2,3133.7,50,4,3133.6,6,1,3134.1,28,1,3134.3,6,1,3134.4,20,2,3134.5,26,2,3134.6,1,1
2031,2026-06-16 09:46:06+05:30,3134.1,7,3141.08,539275,114924.0,187250.0,3163.0,3163.0,3128.0,3134.3,31744000,3447.7,2820.9,3839.9,2896.0,3134.0,2,2,3133.9,21,2,3133.8,14,2,3133.7,50,4,3133.6,6,1,3134.1,28,1,3134.3,6,1,3134.4,20,2,3134.5,26,2,3134.6,1,1
2031,2026-06-16 09:46:07+05:30,3134.1,1,3141.08,539284,114736.0,185791.0,3163.0,3163.0,3128.0,3134.3,31744000,3447.7,2820.9,3839.9,2896.0,3134.0,19,3,3133.9,5,1,3133.8,14,2,3133.7,50,4,3133.6,6,1,3134.1,44,2,3134.3,6,1,3134.4,19,1,3134.5,26,2,3134.6,1,1
2031,2026-06-16 09:46:07+05:30,3134.1,1,3141.08,539284,114736.0,185791.0,3163.0,3163.0,3128.0,3134.3,31744000,3447.7,2820.9,3839.9,2896.0,3134.0,19,3,3133.9,5,1,3133.8,14,2,3133.7,50,4,3133.6,6,1,3134.1,44,2,3134.3,6,1,3134.4,19,1,3134.5,26,2,3134.6,1,1
2031,2026-06-16 09:46:08+05:30,3134.4,5,3141.08,539339,114781.0,187518.0,3163.0,3163.0,3128.0,3134.3,31744000,3447.7,2820.9,3839.9,2896.0,3134.0,19,3,3133.9,5,1,3133.8,14,2,3133.7,74,5,3133.6,6,1,3134.4,28,2,3134.5,25,1,3134.7,84,2,3134.8,69,2,3134.9,210,3
2031,2026-06-16 09:46:08+05:30,3134.4,4,3141.08,539339,114781.0,187518.0,3163.0,3163.0,3128.0,3134.3,31744000,3447.7,2820.9,3839.9,2896.0,3134.0,19,3,3133.9,5,1,3133.8,14,2,3133.7,74,5,3133.6,6,1,3134.4,28,2,3134.5,25,1,3134.7,84,2,3134.8,69,2,3134.9,210,3
2031,2026-06-16 09:46:09+05:30,3134.4,4,3141.08,539357,114551.0,186744.0,3163.0,3163.0,3128.0,3134.3,31744000,3447.7,2820.9,3839.9,2896.0,3134.0,103,4,3133.9,5,1,3133.8,14,2,3133.7,74,5,3133.6,31,2,3134.4,10,1,3134.5,25,1,3134.7,108,3,3134.8,31,2,3134.9,1,1
2031,2026-06-16 09:46:10+05:30,3134.4,4,3141.08,539357,114289.0,186940.0,3163.0,3163.0,3128.0,3134.3,31744000,3447.7,2820.9,3839.9,2896.0,3134.0,127,5,3133.9,5,1,3133.8,14,2,3133.7,50,4,3133.6,6,1,3134.4,2,1,3134.5,25,1,3134.7,25,2,3134.8,31,2,3134.9,293,3
2031,2026-06-16 09:46:12+05:30,3134.4,4,3141.08,539357,113954.0,186682.0,3163.0,3163.0,3128.0,3134.3,31744000,3447.7,2820.9,3839.9,2896.0,3134.0,185,8,3133.8,14,2,3133.7,50,4,3133.6,6,1,3133.5,1049,4,3134.4,41,3,3134.5,25,1,3134.7,24,1,3134.8,31,2,3134.9,1,1
2031,2026-06-16 09:46:12+05:30,3134.7,1,3141.08,539357,113954.0,186682.0,3163.0,3163.0,3128.0,3134.3,31744000,3447.7,2820.9,3839.9,2896.0,3134.0,185,8,3133.8,14,2,3133.7,50,4,3133.6,6,1,3133.5,1049,4,3134.4,41,3,3134.5,25,1,3134.7,24,1,3134.8,31,2,3134.9,1,1
2031,2026-06-16 09:46:13+05:30,3134.8,1,3141.08,539710,113391.0,186166.0,3163.0,3163.0,3128.0,3134.3,31744000,3447.7,2820.9,3839.9,2896.0,3134.0,47,5,3133.8,14,2,3133.7,50,4,3133.6,6,1,3133.5,1025,3,3134.9,97,5,3135.0,1694,18,3135.1,199,2,3135.2,209,4,3135.3,99,3
2031,2026-06-16 09:46:13+05:30,3134.8,1,3141.08,539710,113391.0,186166.0,3163.0,3163.0,3128.0,3134.3,31744000,3447.7,2820.9,3839.9,2896.0,3134.0,47,5,3133.8,14,2,3133.7,50,4,3133.6,6,1,3133.5,1025,3,3134.9,97,5,3135.0,1694,18,3135.1,199,2,3135.2,209,4,3135.3,99,3
2031,2026-06-16 09:46:13+05:30,3134.0,3,3141.08,539710,113391.0,186166.0,3163.0,3163.0,3128.0,3134.3,31744000,3447.7,2820.9,3839.9,2896.0,3134.0,47,5,3133.8,14,2,3133.7,50,4,3133.6,6,1,3133.5,1025,3,3134.9,97,5,3135.0,1694,18,3135.1,199,2,3135.2,209,4,3135.3,99,3
2031,2026-06-16 09:46:14+05:30,3132.9,115,3141.04,542136,109086.0,190165.0,3163.0,3163.0,3128.0,3134.3,31744000,3447.7,2820.9,3839.9,2896.0,3132.6,14,1,3132.5,31,2,3132.0,218,6,3131.5,14,2,3131.4,103,4,3132.9,74,1,3133.1,257,3,3133.3,62,3,3133.4,169,4,3133.5,39,2
2031,2026-06-16 09:46:14+05:30,3132.0,51,3141.04,542136,109086.0,190165.0,3163.0,3163.0,3128.0,3134.3,31744000,3447.7,2820.9,3839.9,2896.0,3132.6,14,1,3132.5,31,2,3132.0,218,6,3131.5,14,2,3131.4,103,4,3132.9,74,1,3133.1,257,3,3133.3,62,3,3133.4,169,4,3133.5,39,2
2031,2026-06-16 09:46:15+05:30,3132.0,51,3141.04,542136,109086.0,190165.0,3163.0,3163.0,3128.0,3134.3,31744000,3447.7,2820.9,3839.9,2896.0,3132.6,14,1,3132.5,31,2,3132.0,218,6,3131.5,14,2,3131.4,103,4,3132.9,74,1,3133.1,257,3,3133.3,62,3,3133.4,169,4,3133.5,39,2
2031,2026-06-16 09:46:15+05:30,3132.5,43,3141.04,542399,108273.0,190364.0,3163.0,3163.0,3128.0,3134.3,31744000,3447.7,2820.9,3839.9,2896.0,3132.0,263,11,3131.9,13,1,3131.8,58,3,3131.7,43,2,3131.6,43,2,3132.5,23,1,3132.6,282,1,3132.9,108,2,3133.1,30,1,3133.2,322,3
2031,2026-06-16 09:46:15+05:30,3132.3,19,3141.04,542399,108273.0,190364.0,3163.0,3163.0,3128.0,3134.3,31744000,3447.7,2820.9,3839.9,2896.0,3132.0,263,11,3131.9,13,1,3131.8,58,3,3131.7,43,2,3131.6,43,2,3132.5,23,1,3132.6,282,1,3132.9,108,2,3133.1,30,1,3133.2,322,3
2031,2026-06-16 09:46:16+05:30,3132.3,19,3141.04,542704,108138.0,188307.0,3163.0,3163.0,3128.0,3134.3,31744000,3447.7,2820.9,3839.9,2896.0,3132.1,35,4,3132.0,139,6,3131.9,11,1,3131.8,47,3,3131.7,6,1,3132.4,30,1,3132.5,71,2,3132.6,85,1,3132.9,108,2,3133.1,61,1
2031,2026-06-16 09:46:16+05:30,3132.3,19,3141.04,542704,108138.0,188307.0,3163.0,3163.0,3128.0,3134.3,31744000,3447.7,2820.9,3839.9,2896.0,3132.1,35,4,3132.0,139,6,3131.9,11,1,3131.8,47,3,3131.7,6,1,3132.4,30,1,3132.5,71,2,3132.6,85,1,3132.9,108,2,3133.1,61,1
2031,2026-06-16 09:46:17+05:30,3132.3,19,3141.04,542704,108181.0,188466.0,3163.0,3163.0,3128.0,3134.3,31744000,3447.7,2820.9,3839.9,2896.0,3132.1,72,5,3132.0,139,6,3131.9,11,1,3131.8,47,3,3131.7,6,1,3132.4,30,1,3132.5,123,3,3132.6,60,1,3132.9,108,2,3133.1,61,1
2031,2026-06-16 09:46:17+05:30,3132.1,86,3141.04,542704,108181.0,188466.0,3163.0,3163.0,3128.0,3134.3,31744000,3447.7,2820.9,3839.9,2896.0,3132.1,72,5,3132.0,139,6,3131.9,11,1,3131.8,47,3,3131.7,6,1,3132.4,30,1,3132.5,123,3,3132.6,60,1,3132.9,108,2,3133.1,61,1
2031,2026-06-16 09:46:18+05:30,3132.1,86,3141.04,542704,108181.0,188466.0,3163.0,3163.0,3128.0,3134.3,31744000,3447.7,2820.9,3839.9,2896.0,3132.1,72,5,3132.0,139,6,3131.9,11,1,3131.8,47,3,3131.7,6,1,3132.4,30,1,3132.5,123,3,3132.6,60,1,3132.9,108,2,3133.1,61,1
2031,2026-06-16 09:46:18+05:30,3132.4,1,3141.03,542910,108537.0,187863.0,3163.0,3163.0,3128.0,3134.3,31744000,3447.7,2820.9,3839.9,2896.0,3132.0,174,7,3131.9,24,3,3131.8,50,4,3131.7,6,1,3131.6,76,4,3132.4,45,3,3132.5,97,2,3132.6,60,1,3132.9,176,3,3133.2,89,2
2031,2026-06-16 09:46:18+05:30,3132.5,19,3141.03,542910,108537.0,187863.0,3163.0,3163.0,3128.0,3134.3,31744000,3447.7,2820.9,3839.9,2896.0,3132.0,174,7,3131.9,24,3,3131.8,50,4,3131.7,6,1,3131.6,76,4,3132.4,45,3,3132.5,97,2,3132.6,60,1,3132.9,176,3,3133.2,89,2
2031,2026-06-16 09:46:19+05:30,3132.9,38,3141.03,543202,109808.0,185837.0,3163.0,3163.0,3128.0,3134.3,31744000,3447.7,2820.9,3839.9,2896.0,3132.9,10,1,3132.8,86,4,3132.7,184,2,3132.6,191,7,3132.5,112,2,3134.0,40,1,3134.4,105,3,3134.5,23,1,3134.6,155,5,3134.7,89,2
2031,2026-06-16 09:46:19+05:30,3132.9,38,3141.03,543202,109808.0,185837.0,3163.0,3163.0,3128.0,3134.3,31744000,3447.7,2820.9,3839.9,2896.0,3132.9,10,1,3132.8,86,4,3132.7,184,2,3132.6,191,7,3132.5,112,2,3134.0,40,1,3134.4,105,3,3134.5,23,1,3134.6,155,5,3134.7,89,2
2031,2026-06-16 09:46:20+05:30,3132.9,38,3141.03,543202,109808.0,185837.0,3163.0,3163.0,3128.0,3134.3,31744000,3447.7,2820.9,3839.9,2896.0,3132.9,10,1,3132.8,86,4,3132.7,184,2,3132.6,191,7,3132.5,112,2,3134.0,40,1,3134.4,105,3,3134.5,23,1,3134.6,155,5,3134.7,89,2
2031,2026-06-16 09:46:20+05:30,3132.9,9,3141.02,543402,109033.0,185511.0,3163.0,3163.0,3128.0,3134.3,31744000,3447.7,2820.9,3839.9,2896.0,3132.9,38,1,3132.6,66,4,3132.5,28,1,3132.4,108,5,3132.3,74,3,3134.0,59,2,3134.1,121,2,3134.3,84,1,3134.4,127,4,3134.5,107,2
2031,2026-06-16 09:46:20+05:30,3132.9,9,3141.02,543402,109033.0,185511.0,3163.0,3163.0,3128.0,3134.3,31744000,3447.7,2820.9,3839.9,2896.0,3132.9,38,1,3132.6,66,4,3132.5,28,1,3132.4,108,5,3132.3,74,3,3134.0,59,2,3134.1,121,2,3134.3,84,1,3134.4,127,4,3134.5,107,2
2031,2026-06-16 09:46:21+05:30,3132.9,9,3141.02,543402,109033.0,185511.0,3163.0,3163.0,3128.0,3134.3,31744000,3447.7,2820.9,3839.9,2896.0,3132.9,38,1,3132.6,66,4,3132.5,28,1,3132.4,108,5,3132.3,74,3,3134.0,59,2,3134.1,121,2,3134.3,84,1,3134.4,127,4,3134.5,107,2
2031,2026-06-16 09:46:21+05:30,3133.9,7,3141.02,543409,109190.0,186324.0,3163.0,3163.0,3128.0,3134.3,31744000,3447.7,2820.9,3839.9,2896.0,3132.9,38,1,3132.7,24,1,3132.6,1,1,3132.4,76,4,3132.3,74,3,3133.9,186,3,3134.0,143,3,3134.1,181,4,3134.3,42,2,3134.4,148,5
2031,2026-06-16 09:46:21+05:30,3133.9,7,3141.02,543409,109190.0,186324.0,3163.0,3163.0,3128.0,3134.3,31744000,3447.7,2820.9,3839.9,2896.0,3132.9,38,1,3132.7,24,1,3132.6,1,1,3132.4,76,4,3132.3,74,3,3133.9,186,3,3134.0,143,3,3134.1,181,4,3134.3,42,2,3134.4,148,5
2031,2026-06-16 09:46:22+05:30,3133.9,7,3141.02,543409,109190.0,186324.0,3163.0,3163.0,3128.0,3134.3,31744000,3447.7,2820.9,3839.9,2896.0,3132.9,38,1,3132.7,24,1,3132.6,1,1,3132.4,76,4,3132.3,74,3,3133.9,186,3,3134.0,143,3,3134.1,181,4,3134.3,42,2,3134.4,148,5
2031,2026-06-16 09:46:22+05:30,3133.6,1,3141.02,543409,109190.0,186324.0,3163.0,3163.0,3128.0,3134.3,31744000,3447.7,2820.9,3839.9,2896.0,3132.9,38,1,3132.7,24,1,3132.6,1,1,3132.4,76,4,3132.3,74,3,3133.9,186,3,3134.0,143,3,3134.1,181,4,3134.3,42,2,3134.4,148,5
2031,2026-06-16 09:46:23+05:30,3133.6,1,3141.02,543410,109018.0,185890.0,3163.0,3163.0,3128.0,3134.3,31744000,3447.7,2820.9,3839.9,2896.0,3133.0,26,1,3132.9,38,1,3132.5,19,1,3132.4,48,3,3132.3,61,2,3133.6,20,1,3133.8,22,1,3133.9,89,2,3134.0,59,2,3134.1,190,3
2031,2026-06-16 09:46:23+05:30,3133.6,1,3141.02,543410,109018.0,185890.0,3163.0,3163.0,3128.0,3134.3,31744000,3447.7,2820.9,3839.9,2896.0,3133.0,26,1,3132.9,38,1,3132.5,19,1,3132.4,48,3,3132.3,61,2,3133.6,20,1,3133.8,22,1,3133.9,89,2,3134.0,59,2,3134.1,190,3
2031,2026-06-16 09:46:23+05:30,3133.6,1,3141.02,543410,109018.0,185890.0,3163.0,3163.0,3128.0,3134.3,31744000,3447.7,2820.9,3839.9,2896.0,3133.0,26,1,3132.9,38,1,3132.5,19,1,3132.4,48,3,3132.3,61,2,3133.6,20,1,3133.8,22,1,3133.9,89,2,3134.0,59,2,3134.1,190,3
2031,2026-06-16 09:46:24+05:30,3133.6,1,3141.02,543411,109202.0,185913.0,3163.0,3163.0,3128.0,3134.3,31744000,3447.7,2820.9,3839.9,2896.0,3133.0,47,4,3132.9,64,3,3132.8,19,1,3132.7,60,2,3132.6,85,4,3133.6,45,2,3133.7,20,1,3133.8,22,1,3133.9,21,1,3134.0,59,2
2031,2026-06-16 09:46:24+05:30,3133.6,1,3141.02,543411,109202.0,185913.0,3163.0,3163.0,3128.0,3134.3,31744000,3447.7,2820.9,3839.9,2896.0,3133.0,47,4,3132.9,64,3,3132.8,19,1,3132.7,60,2,3132.6,85,4,3133.6,45,2,3133.7,20,1,3133.8,22,1,3133.9,21,1,3134.0,59,2
2031,2026-06-16 09:46:24+05:30,3133.6,11,3141.02,543411,109202.0,185913.0,3163.0,3163.0,3128.0,3134.3,31744000,3447.7,2820.9,3839.9,2896.0,3133.0,47,4,3132.9,64,3,3132.8,19,1,3132.7,60,2,3132.6,85,4,3133.6,45,2,3133.7,20,1,3133.8,22,1,3133.9,21,1,3134.0,59,2
2031,2026-06-16 09:46:25+05:30,3133.6,11,3141.02,543441,109255.0,185803.0,3163.0,3163.0,3128.0,3134.3,31744000,3447.7,2820.9,3839.9,2896.0,3133.0,127,8,3132.9,40,2,3132.8,60,3,3132.7,60,2,3132.6,85,4,3133.6,15,1,3133.7,20,1,3133.8,22,1,3133.9,21,1,3134.0,240,2
2031,2026-06-16 09:46:25+05:30,3133.6,11,3141.02,543441,109255.0,185803.0,3163.0,3163.0,3128.0,3134.3,31744000,3447.7,2820.9,3839.9,2896.0,3133.0,127,8,3132.9,40,2,3132.8,60,3,3132.7,60,2,3132.6,85,4,3133.6,15,1,3133.7,20,1,3133.8,22,1,3133.9,21,1,3134.0,240,2
2031,2026-06-16 09:46:25+05:30,3134.0,6,3141.02,543441,109255.0,185803.0,3163.0,3163.0,3128.0,3134.3,31744000,3447.7,2820.9,3839.9,2896.0,3133.0,127,8,3132.9,40,2,3132.8,60,3,3132.7,60,2,3132.6,85,4,3133.6,15,1,3133.7,20,1,3133.8,22,1,3133.9,21,1,3134.0,240,2
2031,2026-06-16 09:46:26+05:30,3134.0,6,3141.02,543565,109998.0,183218.0,3163.0,3163.0,3128.0,3134.3,31744000,3447.7,2820.9,3839.9,2896.0,3133.7,1,1,3133.4,69,3,3133.2,43,2,3133.1,212,2,3133.0,91,6,3134.0,194,1,3134.1,74,1,3134.4,75,2,3134.6,3,1,3134.7,100,2
2031,2026-06-16 09:46:26+05:30,3134.0,6,3141.02,543565,109998.0,183218.0,3163.0,3163.0,3128.0,3134.3,31744000,3447.7,2820.9,3839.9,2896.0,3133.7,1,1,3133.4,69,3,3133.2,43,2,3133.1,212,2,3133.0,91,6,3134.0,194,1,3134.1,74,1,3134.4,75,2,3134.6,3,1,3134.7,100,2
2031,2026-06-16 09:46:27+05:30,3133.7,1,3141.02,543566,110105.0,185262.0,3163.0,3163.0,3128.0,3134.3,31744000,3447.7,2820.9,3839.9,2896.0,3133.4,26,1,3133.2,43,2,3133.1,41,1,3133.0,115,7,3132.9,63,3,3133.6,29,1,3134.0,226,3,3134.1,95,2,3134.4,98,3,3134.6,17,2
2031,2026-06-16 09:46:27+05:30,3133.7,1,3141.02,543566,110105.0,185262.0,3163.0,3163.0,3128.0,3134.3,31744000,3447.7,2820.9,3839.9,2896.0,3133.4,26,1,3133.2,43,2,3133.1,41,1,3133.0,115,7,3132.9,63,3,3133.6,29,1,3134.0,226,3,3134.1,95,2,3134.4,98,3,3134.6,17,2
2031,2026-06-16 09:46:27+05:30,3133.6,29,3141.02,543566,110105.0,185262.0,3163.0,3163.0,3128.0,3134.3,31744000,3447.7,2820.9,3839.9,2896.0,3133.4,26,1,3133.2,43,2,3133.1,41,1,3133.0,115,7,3132.9,63,3,3133.6,29,1,3134.0,226,3,3134.1,95,2,3134.4,98,3,3134.6,17,2
2031,2026-06-16 09:46:28+05:30,3133.6,29,3141.02,543566,110105.0,185262.0,3163.0,3163.0,3128.0,3134.3,31744000,3447.7,2820.9,3839.9,2896.0,3133.4,26,1,3133.2,43,2,3133.1,41,1,3133.0,115,7,3132.9,63,3,3133.6,29,1,3134.0,226,3,3134.1,95,2,3134.4,98,3,3134.6,17,2
2031,2026-06-16 09:46:28+05:30,3134.1,2,3141.02,543704,110443.0,184852.0,3163.0,3163.0,3128.0,3134.3,31744000,3447.7,2820.9,3839.9,2896.0,3133.1,22,1,3133.0,173,9,3132.9,126,4,3132.8,228,6,3132.7,114,3,3134.1,19,1,3134.4,38,2,3134.7,102,2,3134.8,140,3,3134.9,232,2
2031,2026-06-16 09:46:28+05:30,3134.1,2,3141.02,543704,110443.0,184852.0,3163.0,3163.0,3128.0,3134.3,31744000,3447.7,2820.9,3839.9,2896.0,3133.1,22,1,3133.0,173,9,3132.9,126,4,3132.8,228,6,3132.7,114,3,3134.1,19,1,3134.4,38,2,3134.7,102,2,3134.8,140,3,3134.9,232,2
2031,2026-06-16 09:46:28+05:30,3134.1,1,3141.02,543704,110443.0,184852.0,3163.0,3163.0,3128.0,3134.3,31744000,3447.7,2820.9,3839.9,2896.0,3133.1,22,1,3133.0,173,9,3132.9,126,4,3132.8,228,6,3132.7,114,3,3134.1,19,1,3134.4,38,2,3134.7,102,2,3134.8,140,3,3134.9,232,2
2031,2026-06-16 09:46:29+05:30,3134.1,38,3141.02,543761,110298.0,183617.0,3163.0,3163.0,3128.0,3134.3,31744000,3447.7,2820.9,3839.9,2896.0,3134.1,25,1,3133.7,2,1,3133.6,1,1,3133.5,24,1,3133.4,9,1,3134.4,23,1,3134.7,22,1,3134.8,27,1,3135.0,1442,12,3135.1,61,2
2031,2026-06-16 09:46:29+05:30,3134.1,38,3141.02,543761,110298.0,183617.0,3163.0,3163.0,3128.0,3134.3,31744000,3447.7,2820.9,3839.9,2896.0,3134.1,25,1,3133.7,2,1,3133.6,1,1,3133.5,24,1,3133.4,9,1,3134.4,23,1,3134.7,22,1,3134.8,27,1,3135.0,1442,12,3135.1,61,2
2031,2026-06-16 09:46:29+05:30,3134.1,38,3141.02,543761,110298.0,183617.0,3163.0,3163.0,3128.0,3134.3,31744000,3447.7,2820.9,3839.9,2896.0,3134.1,25,1,3133.7,2,1,3133.6,1,1,3133.5,24,1,3133.4,9,1,3134.4,23,1,3134.7,22,1,3134.8,27,1,3135.0,1442,12,3135.1,61,2
2031,2026-06-16 09:46:30+05:30,3134.1,38,3141.02,543761,110069.0,184190.0,3163.0,3163.0,3128.0,3134.3,31744000,3447.7,2820.9,3839.9,2896.0,3134.3,2,2,3134.1,47,3,3134.0,24,2,3133.7,26,2,3133.6,37,3,3134.4,40,3,3134.7,22,1,3134.8,27,1,3135.0,1555,12,3135.2,21,1
2031,2026-06-16 09:46:30+05:30,3134.1,38,3141.02,543761,110069.0,184190.0,3163.0,3163.0,3128.0,3134.3,31759600,3447.7,2820.9,3839.9,2896.0,3134.3,2,2,3134.1,47,3,3134.0,24,2,3133.7,26,2,3133.6,37,3,3134.4,40,3,3134.7,22,1,3134.8,27,1,3135.0,1555,12,3135.2,21,1
2031,2026-06-16 09:46:30+05:30,3134.7,10,3141.02,543761,110069.0,184190.0,3163.0,3163.0,3128.0,3134.3,31759600,3447.7,2820.9,3839.9,2896.0,3134.3,2,2,3134.1,47,3,3134.0,24,2,3133.7,26,2,3133.6,37,3,3134.4,40,3,3134.7,22,1,3134.8,27,1,3135.0,1555,12,3135.2,21,1
2031,2026-06-16 09:46:31+05:30,3134.3,52,3141.02,543891,110364.0,183679.0,3163.0,3163.0,3128.0,3134.3,31759600,3447.7,2820.9,3839.9,2896.0,3134.3,25,2,3134.1,47,3,3134.0,1,1,3133.7,2,1,3133.6,42,3,3134.4,9,1,3134.7,12,1,3134.8,27,1,3135.0,1555,12,3135.3,386,4
2031,2026-06-16 09:46:31+05:30,3134.3,52,3141.02,543891,110364.0,183679.0,3163.0,3163.0,3128.0,3134.3,31759600,3447.7,2820.9,3839.9,2896.0,3134.3,25,2,3134.1,47,3,3134.0,1,1,3133.7,2,1,3133.6,42,3,3134.4,9,1,3134.7,12,1,3134.8,27,1,3135.0,1555,12,3135.3,386,4
2031,2026-06-16 09:46:32+05:30,3135.0,61,3141.02,544000,110876.0,182832.0,3163.0,3163.0,3128.0,3134.3,31759600,3447.7,2820.9,3839.9,2896.0,3134.4,17,1,3134.3,43,2,3134.1,47,3,3134.0,9,2,3133.8,68,1,3135.0,1514,13,3135.2,194,1,3135.3,240,2,3135.4,122,2,3135.5,65,2
2031,2026-06-16 09:46:32+05:30,3135.0,1,3141.02,544000,110876.0,182832.0,3163.0,3163.0,3128.0,3134.3,31759600,3447.7,2820.9,3839.9,2896.0,3134.4,17,1,3134.3,43,2,3134.1,47,3,3134.0,9,2,3133.8,68,1,3135.0,1514,13,3135.2,194,1,3135.3,240,2,3135.4,122,2,3135.5,65,2
2031,2026-06-16 09:46:33+05:30,3134.7,152,3141.01,544257,110651.0,182518.0,3163.0,3163.0,3128.0,3134.3,31759600,3447.7,2820.9,3839.9,2896.0,3134.4,43,2,3134.3,44,3,3134.1,50,4,3134.0,1,1,3133.8,1,1,3134.5,48,1,3135.0,1566,13,3135.1,13,1,3135.2,284,3,3135.3,325,5
2031,2026-06-16 09:46:33+05:30,3134.7,152,3141.01,544257,110651.0,182518.0,3163.0,3163.0,3128.0,3134.3,31759600,3447.7,2820.9,3839.9,2896.0,3134.4,43,2,3134.3,44,3,3134.1,50,4,3134.0,1,1,3133.8,1,1,3134.5,48,1,3135.0,1566,13,3135.1,13,1,3135.2,284,3,3135.3,325,5
2031,2026-06-16 09:46:34+05:30,3134.5,1,3141.01,544258,110649.0,182056.0,3163.0,3163.0,3128.0,3134.3,31759600,3447.7,2820.9,3839.9,2896.0,3134.4,43,2,3134.3,44,3,3134.1,50,4,3134.0,1,1,3133.8,1,1,3134.5,70,2,3135.0,1493,12,3135.1,13,1,3135.2,284,3,3135.3,297,4
2031,2026-06-16 09:46:34+05:30,3134.5,1,3141.01,544258,110649.0,182056.0,3163.0,3163.0,3128.0,3134.3,31759600,3447.7,2820.9,3839.9,2896.0,3134.4,43,2,3134.3,44,3,3134.1,50,4,3134.0,1,1,3133.8,1,1,3134.5,70,2,3135.0,1493,12,3135.1,13,1,3135.2,284,3,3135.3,297,4
2031,2026-06-16 09:46:35+05:30,3134.4,6,3141.01,544270,110451.0,181507.0,3163.0,3163.0,3128.0,3134.3,31759600,3447.7,2820.9,3839.9,2896.0,3134.4,37,2,3134.3,70,4,3134.1,4,2,3134.0,1,1,3133.9,24,1,3134.5,64,2,3135.0,1493,12,3135.2,90,2,3135.3,19,1,3135.4,284,3
2031,2026-06-16 09:46:35+05:30,3134.4,10,3141.01,544270,110451.0,181507.0,3163.0,3163.0,3128.0,3134.3,31759600,3447.7,2820.9,3839.9,2896.0,3134.4,37,2,3134.3,70,4,3134.1,4,2,3134.0,1,1,3133.9,24,1,3134.5,64,2,3135.0,1493,12,3135.2,90,2,3135.3,19,1,3135.4,284,3
2031,2026-06-16 09:46:36+05:30,3134.4,10,3141.01,544280,110501.0,181842.0,3163.0,3163.0,3128.0,3134.3,31759600,3447.7,2820.9,3839.9,2896.0,3134.4,27,2,3134.3,70,4,3134.1,4,2,3134.0,16,2,3133.8,1,1,3134.5,64,2,3134.9,16,1,3135.0,1512,13,3135.1,217,2,3135.2,347,5
2031,2026-06-16 09:46:36+05:30,3134.4,3,3141.01,544280,110501.0,181842.0,3163.0,3163.0,3128.0,3134.3,31759600,3447.7,2820.9,3839.9,2896.0,3134.4,27,2,3134.3,70,4,3134.1,4,2,3134.0,16,2,3133.8,1,1,3134.5,64,2,3134.9,16,1,3135.0,1512,13,3135.1,217,2,3135.2,347,5
2031,2026-06-16 09:46:37+05:30,3134.5,23,3141.01,544347,110980.0,181880.0,3163.0,3163.0,3128.0,3134.3,31759600,3447.7,2820.9,3839.9,2896.0,3134.4,25,3,3134.3,59,4,3134.1,4,2,3134.0,1,1,3133.8,1,1,3135.0,1493,12,3135.1,22,1,3135.2,455,4,3135.3,114,3,3135.4,106,2
2031,2026-06-16 09:46:37+05:30,3134.5,23,3141.01,544347,110980.0,181880.0,3163.0,3163.0,3128.0,3134.3,31759600,3447.7,2820.9,3839.9,2896.0,3134.4,25,3,3134.3,59,4,3134.1,4,2,3134.0,1,1,3133.8,1,1,3135.0,1493,12,3135.1,22,1,3135.2,455,4,3135.3,114,3,3135.4,106,2
2031,2026-06-16 09:46:38+05:30,3135.0,1,3141.01,544383,111035.0,182036.0,3163.0,3163.0,3128.0,3134.3,31759600,3447.7,2820.9,3839.9,2896.0,3134.4,40,4,3134.3,70,4,3134.1,4,2,3134.0,1,1,3133.8,1,1,3135.0,1579,14,3135.1,60,2,3135.2,294,4,3135.3,230,2,3135.4,106,2
2031,2026-06-16 09:46:38+05:30,3135.0,1,3141.01,544383,111035.0,182036.0,3163.0,3163.0,3128.0,3134.3,31759600,3447.7,2820.9,3839.9,2896.0,3134.4,40,4,3134.3,70,4,3134.1,4,2,3134.0,1,1,3133.8,1,1,3135.0,1579,14,3135.1,60,2,3135.2,294,4,3135.3,230,2,3135.4,106,2
2031,2026-06-16 09:46:39+05:30,3135.0,1,3141.01,544385,110232.0,179422.0,3163.0,3163.0,3128.0,3134.3,31759600,3447.7,2820.9,3839.9,2896.0,3134.5,25,3,3134.4,40,4,3134.3,44,3,3134.1,4,2,3134.0,1,1,3135.0,1577,14,3135.1,60,2,3135.2,294,4,3135.3,230,2,3135.4,106,2
2031,2026-06-16 09:46:39+05:30,3135.0,1,3141.01,544385,110232.0,179422.0,3163.0,3163.0,3128.0,3134.3,31759600,3447.7,2820.9,3839.9,2896.0,3134.5,25,3,3134.4,40,4,3134.3,44,3,3134.1,4,2,3134.0,1,1,3135.0,1577,14,3135.1,60,2,3135.2,294,4,3135.3,230,2,3135.4,106,2
2031,2026-06-16 09:46:40+05:30,3134.5,18,3141.01,544674,109949.0,182075.0,3163.0,3163.0,3128.0,3134.3,31759600,3447.7,2820.9,3839.9,2896.0,3134.4,40,4,3134.3,44,3,3134.1,3,1,3134.0,1,1,3133.8,1,1,3134.5,58,1,3134.8,73,3,3134.9,156,3,3135.0,1745,21,3135.1,227,3
2031,2026-06-16 09:46:40+05:30,3134.5,18,3141.01,544674,109949.0,182075.0,3163.0,3163.0,3128.0,3134.3,31759600,3447.7,2820.9,3839.9,2896.0,3134.4,40,4,3134.3,44,3,3134.1,3,1,3134.0,1,1,3133.8,1,1,3134.5,58,1,3134.8,73,3,3134.9,156,3,3135.0,1745,21,3135.1,227,3
2031,2026-06-16 09:46:41+05:30,3134.5,1,3141.01,544729,109879.0,182380.0,3163.0,3163.0,3128.0,3134.3,31759600,3447.7,2820.9,3839.9,2896.0,3134.4,7,2,3134.3,44,3,3134.1,3,1,3134.0,1,1,3133.8,1,1,3134.5,174,4,3134.6,7,1,3134.8,76,3,3134.9,442,4,3135.0,1749,20
2031,2026-06-16 09:46:41+05:30,3134.5,19,3141.01,544729,109879.0,182380.0,3163.0,3163.0,3128.0,3134.3,31759600,3447.7,2820.9,3839.9,2896.0,3134.4,7,2,3134.3,44,3,3134.1,3,1,3134.0,1,1,3133.8,1,1,3134.5,174,4,3134.6,7,1,3134.8,76,3,3134.9,442,4,3135.0,1749,20
2031,2026-06-16 09:46:42+05:30,3133.4,179,3141.0,545232,109336.0,182447.0,3163.0,3163.0,3128.0,3134.3,31759600,3447.7,2820.9,3839.9,2896.0,3134.3,5,1,3133.4,63,1,3133.3,159,3,3133.2,64,4,3133.1,29,1,3134.5,94,4,3134.6,40,1,3134.8,110,3,3134.9,51,2,3135.0,1718,17
2031,2026-06-16 09:46:42+05:30,3133.4,179,3141.0,545232,109336.0,182447.0,3163.0,3163.0,3128.0,3134.3,31759600,3447.7,2820.9,3839.9,2896.0,3134.3,5,1,3133.4,63,1,3133.3,159,3,3133.2,64,4,3133.1,29,1,3134.5,94,4,3134.6,40,1,3134.8,110,3,3134.9,51,2,3135.0,1718,17
2031,2026-06-16 09:46:43+05:30,3134.3,41,3141.0,545432,110118.0,181743.0,3163.0,3163.0,3128.0,3134.3,31759600,3447.7,2820.9,3839.9,2896.0,3134.3,36,2,3133.4,43,2,3133.3,102,3,3133.2,225,5,3133.1,148,4,3134.4,31,1,3134.5,114,5,3134.6,19,1,3134.8,22,1,3135.0,1530,15
2031,2026-06-16 09:46:43+05:30,3134.3,14,3141.0,545432,110118.0,181743.0,3163.0,3163.0,3128.0,3134.3,31759600,3447.7,2820.9,3839.9,2896.0,3134.3,36,2,3133.4,43,2,3133.3,102,3,3133.2,225,5,3133.1,148,4,3134.4,31,1,3134.5,114,5,3134.6,19,1,3134.8,22,1,3135.0,1530,15
2031,2026-06-16 09:46:44+05:30,3134.4,1,3141.0,545683,110048.0,180464.0,3163.0,3163.0,3128.0,3134.3,31759600,3447.7,2820.9,3839.9,2896.0,3134.3,45,3,3133.6,7,2,3133.5,8,1,3133.4,91,2,3133.3,92,4,3134.4,30,1,3134.5,142,6,3134.6,19,1,3134.8,22,1,3135.0,1554,14
2031,2026-06-16 09:46:44+05:30,3134.3,24,3141.0,545683,110048.0,180464.0,3163.0,3163.0,3128.0,3134.3,31759600,3447.7,2820.9,3839.9,2896.0,3134.3,45,3,3133.6,7,2,3133.5,8,1,3133.4,91,2,3133.3,92,4,3134.4,30,1,3134.5,142,6,3134.6,19,1,3134.8,22,1,3135.0,1554,14
2031,2026-06-16 09:46:45+05:30,3134.4,1,3141.0,545683,110048.0,180464.0,3163.0,3163.0,3128.0,3134.3,31759600,3447.7,2820.9,3839.9,2896.0,3134.3,45,3,3133.6,7,2,3133.5,8,1,3133.4,91,2,3133.3,92,4,3134.4,30,1,3134.5,142,6,3134.6,19,1,3134.8,22,1,3135.0,1554,14
2031,2026-06-16 09:46:46+05:30,3134.4,1,3141.0,545762,110675.0,180224.0,3163.0,3163.0,3128.0,3134.3,31759600,3447.7,2820.9,3839.9,2896.0,3134.3,120,6,3134.2,4,1,3134.1,20,2,3134.0,50,3,3133.9,80,3,3134.4,48,3,3134.5,116,4,3134.6,19,1,3134.8,22,1,3135.0,1470,13
2031,2026-06-16 09:46:46+05:30,3134.4,16,3141.0,545762,110675.0,180224.0,3163.0,3163.0,3128.0,3134.3,31759600,3447.7,2820.9,3839.9,2896.0,3134.3,120,6,3134.2,4,1,3134.1,20,2,3134.0,50,3,3133.9,80,3,3134.4,48,3,3134.5,116,4,3134.6,19,1,3134.8,22,1,3135.0,1470,13
2031,2026-06-16 09:46:47+05:30,3135.0,15,3140.99,546120,110377.0,180079.0,3163.0,3163.0,3128.0,3134.3,31759600,3447.7,2820.9,3839.9,2896.0,3134.4,2,1,3134.3,156,9,3134.2,4,1,3134.1,60,3,3134.0,50,3,3135.0,1422,11,3135.7,86,2,3135.8,276,3,3135.9,68,1,3136.0,54,4
2031,2026-06-16 09:46:47+05:30,3135.0,15,3140.99,546120,110377.0,180079.0,3163.0,3163.0,3128.0,3134.3,31759600,3447.7,2820.9,3839.9,2896.0,3134.4,2,1,3134.3,156,9,3134.2,4,1,3134.1,60,3,3134.0,50,3,3135.0,1422,11,3135.7,86,2,3135.8,276,3,3135.9,68,1,3136.0,54,4
2031,2026-06-16 09:46:48+05:30,3135.0,15,3140.99,546120,111099.0,180383.0,3163.0,3163.0,3128.0,3134.3,31759600,3447.7,2820.9,3839.9,2896.0,3134.5,110,6,3134.4,14,2,3134.3,150,8,3134.2,46,3,3134.1,24,2,3135.0,1584,12,3135.7,114,3,3135.8,224,3,3135.9,101,2,3136.0,35,3
2031,2026-06-16 09:46:48+05:30,3135.0,3,3140.99,546120,111099.0,180383.0,3163.0,3163.0,3128.0,3134.3,31759600,3447.7,2820.9,3839.9,2896.0,3134.5,110,6,3134.4,14,2,3134.3,150,8,3134.2,46,3,3134.1,24,2,3135.0,1584,12,3135.7,114,3,3135.8,224,3,3135.9,101,2,3136.0,35,3
2031,2026-06-16 09:46:49+05:30,3135.0,3,3140.99,546123,111415.0,180215.0,3163.0,3163.0,3128.0,3134.3,31759600,3447.7,2820.9,3839.9,2896.0,3134.5,111,7,3134.4,14,2,3134.3,150,8,3134.2,46,3,3134.1,24,2,3135.0,1599,13,3135.7,114,3,3135.8,224,3,3135.9,101,2,3136.0,35,3
2031,2026-06-16 09:46:49+05:30,3134.5,32,3140.99,546123,111415.0,180215.0,3163.0,3163.0,3128.0,3134.3,31759600,3447.7,2820.9,3839.9,2896.0,3134.5,111,7,3134.4,14,2,3134.3,150,8,3134.2,46,3,3134.1,24,2,3135.0,1599,13,3135.7,114,3,3135.8,224,3,3135.9,101,2,3136.0,35,3
2031,2026-06-16 09:46:50+05:30,3134.5,8,3140.99,546184,111145.0,180528.0,3163.0,3163.0,3128.0,3134.3,31759600,3447.7,2820.9,3839.9,2896.0,3134.7,26,1,3134.5,11,2,3134.4,2,1,3134.3,24,4,3134.2,27,2,3135.0,1608,14,3135.6,95,2,3135.7,285,4,3135.8,53,2,3135.9,120,3
2031,2026-06-16 09:46:50+05:30,3134.5,8,3140.99,546184,111145.0,180528.0,3163.0,3163.0,3128.0,3134.3,31759600,3447.7,2820.9,3839.9,2896.0,3134.7,26,1,3134.5,11,2,3134.4,2,1,3134.3,24,4,3134.2,27,2,3135.0,1608,14,3135.6,95,2,3135.7,285,4,3135.8,53,2,3135.9,120,3
2031,2026-06-16 09:46:51+05:30,3134.5,8,3140.99,546184,111079.0,180546.0,3163.0,3163.0,3128.0,3134.3,31759600,3447.7,2820.9,3839.9,2896.0,3134.7,29,3,3134.5,13,3,3134.3,28,5,3134.2,4,1,3134.1,18,1,3135.0,1608,14,3135.4,19,1,3135.5,190,4,3135.6,47,2,3135.7,359,6
2031,2026-06-16 09:46:52+05:30,3135.0,100,3140.99,546285,111294.0,180786.0,3163.0,3163.0,3128.0,3134.3,31759600,3447.7,2820.9,3839.9,2896.0,3134.7,29,3,3134.5,13,3,3134.3,14,4,3134.1,18,1,3134.0,8,1,3135.0,1526,15,3135.2,76,3,3135.4,70,3,3135.5,350,4,3135.6,87,3
2031,2026-06-16 09:46:52+05:30,3135.0,100,3140.99,546285,111294.0,180786.0,3163.0,3163.0,3128.0,3134.3,31759600,3447.7,2820.9,3839.9,2896.0,3134.7,29,3,3134.5,13,3,3134.3,14,4,3134.1,18,1,3134.0,8,1,3135.0,1526,15,3135.2,76,3,3135.4,70,3,3135.5,350,4,3135.6,87,3
2031,2026-06-16 09:46:53+05:30,3135.0,277,3140.99,546570,111203.0,180465.0,3163.0,3163.0,3128.0,3134.3,31759600,3447.7,2820.9,3839.9,2896.0,3134.7,3,2,3134.5,13,3,3134.3,14,4,3133.9,10,1,3133.8,23,1,3135.0,1280,17,3135.1,40,1,3135.2,63,3,3135.3,94,2,3135.4,269,5
2031,2026-06-16 09:46:53+05:30,3134.7,11,3140.99,546570,111203.0,180465.0,3163.0,3163.0,3128.0,3134.3,31759600,3447.7,2820.9,3839.9,2896.0,3134.7,3,2,3134.5,13,3,3134.3,14,4,3133.9,10,1,3133.8,23,1,3135.0,1280,17,3135.1,40,1,3135.2,63,3,3135.3,94,2,3135.4,269,5
2031,2026-06-16 09:46:54+05:30,3134.7,1,3140.99,546625,110809.0,180483.0,3163.0,3163.0,3128.0,3134.3,31759600,3447.7,2820.9,3839.9,2896.0,3134.7,99,1,3134.5,13,3,3134.3,14,4,3134.0,8,1,3133.9,78,2,3135.0,1322,18,3135.1,19,1,3135.2,27,1,3135.3,33,1,3135.5,108,2
2031,2026-06-16 09:46:54+05:30,3134.7,1,3140.99,546625,110809.0,180483.0,3163.0,3163.0,3128.0,3134.3,31759600,3447.7,2820.9,3839.9,2896.0,3134.7,99,1,3134.5,13,3,3134.3,14,4,3134.0,8,1,3133.9,78,2,3135.0,1322,18,3135.1,19,1,3135.2,27,1,3135.3,33,1,3135.5,108,2
2031,2026-06-16 09:46:55+05:30,3135.0,1,3140.99,546635,111209.0,180564.0,3163.0,3163.0,3128.0,3134.3,31759600,3447.7,2820.9,3839.9,2896.0,3134.7,109,2,3134.5,3,2,3134.3,13,3,3134.0,8,1,3133.9,78,2,3135.0,1360,20,3135.1,33,2,3135.2,86,3,3135.4,167,4,3135.5,95,2
2031,2026-06-16 09:46:55+05:30,3135.0,1,3140.99,546635,111209.0,180564.0,3163.0,3163.0,3128.0,3134.3,31759600,3447.7,2820.9,3839.9,2896.0,3134.7,109,2,3134.5,3,2,3134.3,13,3,3134.0,8,1,3133.9,78,2,3135.0,1360,20,3135.1,33,2,3135.2,86,3,3135.4,167,4,3135.5,95,2
2031,2026-06-16 09:46:56+05:30,3135.0,10,3140.98,547150,110631.0,181934.0,3163.0,3163.0,3128.0,3134.3,31759600,3447.7,2820.9,3839.9,2896.0,3134.7,109,2,3134.5,29,3,3134.3,13,3,3134.0,8,1,3133.9,10,1,3135.0,2563,17,3135.1,19,1,3135.2,103,4,3135.4,128,3,3135.5,255,2
2031,2026-06-16 09:46:56+05:30,3134.7,6,3140.98,547150,110631.0,181934.0,3163.0,3163.0,3128.0,3134.3,31759600,3447.7,2820.9,3839.9,2896.0,3134.7,109,2,3134.5,29,3,3134.3,13,3,3134.0,8,1,3133.9,10,1,3135.0,2563,17,3135.1,19,1,3135.2,103,4,3135.4,128,3,3135.5,255,2
2031,2026-06-16 09:46:57+05:30,3134.7,40,3140.98,547150,110631.0,181934.0,3163.0,3163.0,3128.0,3134.3,31759600,3447.7,2820.9,3839.9,2896.0,3134.7,109,2,3134.5,29,3,3134.3,13,3,3134.0,8,1,3133.9,10,1,3135.0,2563,17,3135.1,19,1,3135.2,103,4,3135.4,128,3,3135.5,255,2
2031,2026-06-16 09:46:58+05:30,3134.7,40,3140.98,547422,109684.0,182566.0,3163.0,3163.0,3128.0,3134.3,31759600,3447.7,2820.9,3839.9,2896.0,3134.5,29,3,3134.3,6,2,3133.6,2,1,3133.4,24,2,3133.3,25,2,3134.7,50,3,3134.9,89,4,3135.0,2800,25,3135.1,258,3,3135.2,303,5
2031,2026-06-16 09:46:58+05:30,3134.5,1,3140.98,547422,109684.0,182566.0,3163.0,3163.0,3128.0,3134.3,31759600,3447.7,2820.9,3839.9,2896.0,3134.5,29,3,3134.3,6,2,3133.6,2,1,3133.4,24,2,3133.3,25,2,3134.7,50,3,3134.9,89,4,3135.0,2800,25,3135.1,258,3,3135.2,303,5
2031,2026-06-16 09:46:59+05:30,3134.5,1,3140.97,547749,109067.0,183419.0,3163.0,3163.0,3128.0,3134.3,31759600,3447.7,2820.9,3839.9,2896.0,3134.3,4,1,3133.6,2,1,3133.4,3,1,3133.3,25,2,3133.2,35,2,3134.5,64,3,3134.6,58,2,3134.7,112,8,3134.8,325,5,3134.9,262,3
2031,2026-06-16 09:46:59+05:30,3134.4,16,3140.97,547749,109067.0,183419.0,3163.0,3163.0,3128.0,3134.3,31759600,3447.7,2820.9,3839.9,2896.0,3134.3,4,1,3133.6,2,1,3133.4,3,1,3133.3,25,2,3133.2,35,2,3134.5,64,3,3134.6,58,2,3134.7,112,8,3134.8,325,5,3134.9,262,3
2031,2026-06-16 09:47:00+05:30,3133.2,26,3140.97,548071,107829.0,182873.0,3163.0,3163.0,3128.0,3134.3,31759600,3447.7,2820.9,3839.9,2896.0,3133.2,14,1,3133.0,427,3,3132.6,20,1,3132.4,55,3,3132.3,98,3,3134.3,402,10,3134.4,456,5,3134.5,88,5,3134.6,198,6,3134.7,103,7
2031,2026-06-16 09:47:00+05:30,3134.3,1,3140.97,548071,107829.0,182873.0,3163.0,3163.0,3128.0,3134.3,31759600,3447.7,2820.9,3839.9,2896.0,3133.2,14,1,3133.0,427,3,3132.6,20,1,3132.4,55,3,3132.3,98,3,3134.3,402,10,3134.4,456,5,3134.5,88,5,3134.6,198,6,3134.7,103,7
2031,2026-06-16 09:47:01+05:30,3134.3,1,3140.97,548172,109203.0,182886.0,3163.0,3163.0,3128.0,3134.3,31759600,3447.7,2820.9,3839.9,2896.0,3133.8,26,3,3133.7,24,1,3133.6,1,1,3133.2,50,2,3133.0,494,4,3134.3,175,8,3134.4,106,2,3134.5,258,5,3134.6,445,6,3134.7,69,5
2031,2026-06-16 09:47:01+05:30,3134.3,8,3140.97,548172,109203.0,182886.0,3163.0,3163.0,3128.0,3134.3,31759600,3447.7,2820.9,3839.9,2896.0,3133.8,26,3,3133.7,24,1,3133.6,1,1,3133.2,50,2,3133.0,494,4,3134.3,175,8,3134.4,106,2,3134.5,258,5,3134.6,445,6,3134.7,69,5
2031,2026-06-16 09:47:02+05:30,3133.8,3,3140.96,548417,109027.0,180782.0,3163.0,3163.0,3128.0,3134.3,31759600,3447.7,2820.9,3839.9,2896.0,3133.8,23,2,3133.7,24,1,3133.6,1,1,3133.0,427,3,3132.8,20,1,3134.3,205,9,3134.4,37,1,3134.5,38,2,3134.6,230,3,3134.7,408,7
2031,2026-06-16 09:47:02+05:30,3133.8,21,3140.96,548417,109027.0,180782.0,3163.0,3163.0,3128.0,3134.3,31759600,3447.7,2820.9,3839.9,2896.0,3133.8,23,2,3133.7,24,1,3133.6,1,1,3133.0,427,3,3132.8,20,1,3134.3,205,9,3134.4,37,1,3134.5,38,2,3134.6,230,3,3134.7,408,7
2031,2026-06-16 09:47:03+05:30,3133.8,21,3140.96,548461,109273.0,181342.0,3163.0,3163.0,3128.0,3134.3,31759600,3447.7,2820.9,3839.9,2896.0,3133.8,5,2,3133.7,24,1,3133.6,1,1,3133.1,184,1,3133.0,518,5,3134.3,156,8,3134.4,37,1,3134.5,71,2,3134.6,52,2,3134.7,289,5
2031,2026-06-16 09:47:04+05:30,3133.8,21,3140.96,548461,109657.0,183564.0,3163.0,3163.0,3128.0,3134.3,31759600,3447.7,2820.9,3839.9,2896.0,3134.0,24,1,3133.8,14,3,3133.6,1,1,3133.0,518,5,3132.8,109,3,3134.3,137,7,3134.4,56,2,3134.5,31,1,3134.6,88,2,3134.7,382,6
2031,2026-06-16 09:47:04+05:30,3134.0,3,3140.96,548461,109657.0,183564.0,3163.0,3163.0,3128.0,3134.3,31759600,3447.7,2820.9,3839.9,2896.0,3134.0,24,1,3133.8,14,3,3133.6,1,1,3133.0,518,5,3132.8,109,3,3134.3,137,7,3134.4,56,2,3134.5,31,1,3134.6,88,2,3134.7,382,6
2031,2026-06-16 09:47:05+05:30,3134.3,1,3140.96,548685,109467.0,183747.0,3163.0,3163.0,3128.0,3134.3,31759600,3447.7,2820.9,3839.9,2896.0,3134.0,20,4,3133.8,9,1,3133.6,1,1,3133.1,17,1,3133.0,482,5,3134.3,203,10,3134.4,37,1,3134.5,122,3,3134.6,125,3,3134.7,192,5
2031,2026-06-16 09:47:05+05:30,3134.2,13,3140.96,548685,109467.0,183747.0,3163.0,3163.0,3128.0,3134.3,31759600,3447.7,2820.9,3839.9,2896.0,3134.0,20,4,3133.8,9,1,3133.6,1,1,3133.1,17,1,3133.0,482,5,3134.3,203,10,3134.4,37,1,3134.5,122,3,3134.6,125,3,3134.7,192,5
2031,2026-06-16 09:47:06+05:30,3134.3,1,3140.96,548783,109897.0,182845.0,3163.0,3163.0,3128.0,3134.3,31759600,3447.7,2820.9,3839.9,2896.0,3134.0,5,1,3133.8,9,1,3133.6,1,1,3133.1,17,1,3133.0,548,6,3134.3,211,10,3134.4,105,2,3134.5,88,3,3134.6,51,2,3134.7,455,5
2031,2026-06-16 09:47:06+05:30,3134.3,1,3140.96,548783,109897.0,182845.0,3163.0,3163.0,3128.0,3134.3,31759600,3447.7,2820.9,3839.9,2896.0,3134.0,5,1,3133.8,9,1,3133.6,1,1,3133.1,17,1,3133.0,548,6,3134.3,211,10,3134.4,105,2,3134.5,88,3,3134.6,51,2,3134.7,455,5
2031,2026-06-16 09:47:07+05:30,3133.1,18,3140.95,549207,108679.0,183978.0,3163.0,3163.0,3128.0,3134.3,31759600,3447.7,2820.9,3839.9,2896.0,3133.1,17,1,3133.0,482,5,3132.5,8,1,3132.4,124,6,3132.3,96,3,3133.9,200,1,3134.2,219,2,3134.3,256,9,3134.4,270,6,3134.5,63,2
2031,2026-06-16 09:47:07+05:30,3133.1,18,3140.95,549207,108679.0,183978.0,3163.0,3163.0,3128.0,3134.3,31759600,3447.7,2820.9,3839.9,2896.0,3133.1,17,1,3133.0,482,5,3132.5,8,1,3132.4,124,6,3132.3,96,3,3133.9,200,1,3134.2,219,2,3134.3,256,9,3134.4,270,6,3134.5,63,2
2031,2026-06-16 09:47:08+05:30,3133.9,1,3140.95,549208,109799.0,183703.0,3163.0,3163.0,3128.0,3134.3,31759600,3447.7,2820.9,3839.9,2896.0,3133.1,17,1,3133.0,505,6,3132.8,23,1,3132.5,27,2,3132.4,102,5,3133.5,1,1,3133.9,399,5,3134.1,200,1,3134.2,46,2,3134.3,199,5
2031,2026-06-16 09:47:08+05:30,3133.1,26,3140.95,549208,109799.0,183703.0,3163.0,3163.0,3128.0,3134.3,31759600,3447.7,2820.9,3839.9,2896.0,3133.1,17,1,3133.0,505,6,3132.8,23,1,3132.5,27,2,3132.4,102,5,3133.5,1,1,3133.9,399,5,3134.1,200,1,3134.2,46,2,3134.3,199,5
2031,2026-06-16 09:47:09+05:30,3133.5,49,3140.95,549208,109799.0,183703.0,3163.0,3163.0,3128.0,3134.3,31759600,3447.7,2820.9,3839.9,2896.0,3133.1,17,1,3133.0,505,6,3132.8,23,1,3132.5,27,2,3132.4,102,5,3133.5,1,1,3133.9,399,5,3134.1,200,1,3134.2,46,2,3134.3,199,5
2031,2026-06-16 09:47:10+05:30,3133.5,49,3140.95,549284,110083.0,182256.0,3163.0,3163.0,3128.0,3134.3,31759600,3447.7,2820.9,3839.9,2896.0,3133.1,85,4,3133.0,571,7,3132.8,23,1,3132.7,32,2,3132.6,181,6,3133.5,94,1,3133.9,357,5,3134.1,43,1,3134.2,347,4,3134.3,94,3
2031,2026-06-16 09:47:10+05:30,3133.5,25,3140.95,549284,110083.0,182256.0,3163.0,3163.0,3128.0,3134.3,31759600,3447.7,2820.9,3839.9,2896.0,3133.1,85,4,3133.0,571,7,3132.8,23,1,3132.7,32,2,3132.6,181,6,3133.5,94,1,3133.9,357,5,3134.1,43,1,3134.2,347,4,3134.3,94,3
2031,2026-06-16 09:47:11+05:30,3133.5,1,3140.95,549310,110096.0,183739.0,3163.0,3163.0,3128.0,3134.3,31759600,3447.7,2820.9,3839.9,2896.0,3133.1,94,5,3133.0,571,7,3132.9,19,1,3132.8,23,1,3132.7,32,2,3133.5,98,3,3133.9,356,5,3134.1,43,1,3134.2,79,2,3134.3,293,3
2031,2026-06-16 09:47:11+05:30,3133.5,1,3140.95,549310,110096.0,183739.0,3163.0,3163.0,3128.0,3134.3,31759600,3447.7,2820.9,3839.9,2896.0,3133.1,94,5,3133.0,571,7,3132.9,19,1,3132.8,23,1,3132.7,32,2,3133.5,98,3,3133.9,356,5,3134.1,43,1,3134.2,79,2,3134.3,293,3
2031,2026-06-16 09:47:12+05:30,3133.5,4,3140.95,549326,110170.0,184036.0,3163.0,3163.0,3128.0,3134.3,31759600,3447.7,2820.9,3839.9,2896.0,3133.1,107,7,3133.0,601,9,3132.9,12,1,3132.8,42,2,3132.7,32,2,3133.5,156,4,3133.9,328,4,3134.1,43,1,3134.2,79,2,3134.3,219,2
2031,2026-06-16 09:47:12+05:30,3133.5,4,3140.95,549326,110170.0,184036.0,3163.0,3163.0,3128.0,3134.3,31759600,3447.7,2820.9,3839.9,2896.0,3133.1,107,7,3133.0,601,9,3132.9,12,1,3132.8,42,2,3132.7,32,2,3133.5,156,4,3133.9,328,4,3134.1,43,1,3134.2,79,2,3134.3,219,2
2031,2026-06-16 09:47:13+05:30,3133.1,1,3140.95,549374,110007.0,182093.0,3163.0,3163.0,3128.0,3134.3,31759600,3447.7,2820.9,3839.9,2896.0,3133.1,43,5,3133.0,600,8,3132.8,57,3,3132.6,60,3,3132.5,20,1,3133.5,162,5,3133.9,300,3,3134.1,43,1,3134.2,79,2,3134.3,294,3
2031,2026-06-16 09:47:13+05:30,3133.1,1,3140.95,549374,110007.0,182093.0,3163.0,3163.0,3128.0,3134.3,31759600,3447.7,2820.9,3839.9,2896.0,3133.1,43,5,3133.0,600,8,3132.8,57,3,3132.6,60,3,3132.5,20,1,3133.5,162,5,3133.9,300,3,3134.1,43,1,3134.2,79,2,3134.3,294,3
2031,2026-06-16 09:47:13+05:30,3133.1,1,3140.95,549374,110007.0,182093.0,3163.0,3163.0,3128.0,3134.3,31759600,3447.7,2820.9,3839.9,2896.0,3133.1,43,5,3133.0,600,8,3132.8,57,3,3132.6,60,3,3132.5,20,1,3133.5,162,5,3133.9,300,3,3134.1,43,1,3134.2,79,2,3134.3,294,3
2031,2026-06-16 09:47:14+05:30,3133.1,1,3140.95,549374,110184.0,183914.0,3163.0,3163.0,3128.0,3134.3,31759600,3447.7,2820.9,3839.9,2896.0,3133.1,80,7,3133.0,581,7,3132.9,12,1,3132.8,58,3,3132.7,54,2,3133.5,182,6,3133.9,500,4,3134.1,43,1,3134.2,79,2,3134.3,94,2
2031,2026-06-16 09:47:14+05:30,3133.5,25,3140.95,549374,110184.0,183914.0,3163.0,3163.0,3128.0,3134.3,31759600,3447.7,2820.9,3839.9,2896.0,3133.1,80,7,3133.0,581,7,3132.9,12,1,3132.8,58,3,3132.7,54,2,3133.5,182,6,3133.9,500,4,3134.1,43,1,3134.2,79,2,3134.3,94,2
2031,2026-06-16 09:47:15+05:30,3133.5,25,3140.95,549399,109985.0,184310.0,3163.0,3163.0,3128.0,3134.3,31759600,3447.7,2820.9,3839.9,2896.0,3133.3,16,3,3133.2,19,1,3133.1,44,6,3133.0,599,8,3132.9,12,1,3133.5,158,7,3133.8,200,1,3133.9,300,3,3134.1,43,1,3134.2,79,2
2031,2026-06-16 09:47:15+05:30,3133.5,25,3140.95,549399,109985.0,184310.0,3163.0,3163.0,3128.0,3134.3,31759600,3447.7,2820.9,3839.9,2896.0,3133.3,16,3,3133.2,19,1,3133.1,44,6,3133.0,599,8,3132.9,12,1,3133.5,158,7,3133.8,200,1,3133.9,300,3,3134.1,43,1,3134.2,79,2
2031,2026-06-16 09:47:15+05:30,3133.1,3,3140.95,549399,109985.0,184310.0,3163.0,3163.0,3128.0,3134.3,31759600,3447.7,2820.9,3839.9,2896.0,3133.3,16,3,3133.2,19,1,3133.1,44,6,3133.0,599,8,3132.9,12,1,3133.5,158,7,3133.8,200,1,3133.9,300,3,3134.1,43,1,3134.2,79,2
2031,2026-06-16 09:47:16+05:30,3133.5,1,3140.95,549600,109966.0,183737.0,3163.0,3163.0,3128.0,3134.3,31759600,3447.7,2820.9,3839.9,2896.0,3133.1,79,8,3133.0,580,7,3132.9,12,1,3132.8,145,5,3132.7,17,1,3133.5,157,7,3133.8,27,1,3133.9,500,4,3134.1,43,1,3134.2,52,1
2031,2026-06-16 09:47:16+05:30,3133.5,1,3140.95,549600,109966.0,183737.0,3163.0,3163.0,3128.0,3134.3,31759600,3447.7,2820.9,3839.9,2896.0,3133.1,79,8,3133.0,580,7,3132.9,12,1,3132.8,145,5,3132.7,17,1,3133.5,157,7,3133.8,27,1,3133.9,500,4,3134.1,43,1,3134.2,52,1
2031,2026-06-16 09:47:17+05:30,3133.5,1,3140.95,549600,109966.0,183737.0,3163.0,3163.0,3128.0,3134.3,31759600,3447.7,2820.9,3839.9,2896.0,3133.1,79,8,3133.0,580,7,3132.9,12,1,3132.8,145,5,3132.7,17,1,3133.5,157,7,3133.8,27,1,3133.9,500,4,3134.1,43,1,3134.2,52,1
2031,2026-06-16 09:47:17+05:30,3133.1,4,3140.95,549638,109775.0,182609.0,3163.0,3163.0,3128.0,3134.3,31759600,3447.7,2820.9,3839.9,2896.0,3133.1,53,6,3133.0,599,8,3132.9,12,1,3132.8,93,3,3132.7,71,3,3133.5,197,8,3133.8,27,1,3133.9,500,4,3134.1,43,1,3134.2,52,1
2031,2026-06-16 09:47:17+05:30,3133.1,4,3140.95,549638,109775.0,182609.0,3163.0,3163.0,3128.0,3134.3,31759600,3447.7,2820.9,3839.9,2896.0,3133.1,53,6,3133.0,599,8,3132.9,12,1,3132.8,93,3,3132.7,71,3,3133.5,197,8,3133.8,27,1,3133.9,500,4,3134.1,43,1,3134.2,52,1
2031,2026-06-16 09:47:18+05:30,3133.5,1,3140.95,549639,110022.0,184014.0,3163.0,3163.0,3128.0,3134.3,31759600,3447.7,2820.9,3839.9,2896.0,3133.1,95,7,3133.0,619,9,3132.9,12,1,3132.8,93,3,3132.7,71,3,3133.5,196,8,3133.8,27,1,3133.9,500,4,3134.0,22,1,3134.1,43,1
2031,2026-06-16 09:47:18+05:30,3133.5,1,3140.95,549639,110022.0,184014.0,3163.0,3163.0,3128.0,3134.3,31759600,3447.7,2820.9,3839.9,2896.0,3133.1,95,7,3133.0,619,9,3132.9,12,1,3132.8,93,3,3132.7,71,3,3133.5,196,8,3133.8,27,1,3133.9,500,4,3134.0,22,1,3134.1,43,1
2031,2026-06-16 09:47:18+05:30,3133.1,2,3140.95,549639,110022.0,184014.0,3163.0,3163.0,3128.0,3134.3,31759600,3447.7,2820.9,3839.9,2896.0,3133.1,95,7,3133.0,619,9,3132.9,12,1,3132.8,93,3,3132.7,71,3,3133.5,196,8,3133.8,27,1,3133.9,500,4,3134.0,22,1,3134.1,43,1
2031,2026-06-16 09:47:19+05:30,3133.5,29,3140.95,549705,110064.0,183563.0,3163.0,3163.0,3128.0,3134.3,31759600,3447.7,2820.9,3839.9,2896.0,3133.1,105,9,3133.0,619,9,3132.9,12,1,3132.8,99,4,3132.7,75,4,3133.5,153,7,3133.8,27,1,3133.9,500,4,3134.0,22,1,3134.2,52,1
2031,2026-06-16 09:47:19+05:30,3133.5,29,3140.95,549705,110064.0,183563.0,3163.0,3163.0,3128.0,3134.3,31759600,3447.7,2820.9,3839.9,2896.0,3133.1,105,9,3133.0,619,9,3132.9,12,1,3132.8,99,4,3132.7,75,4,3133.5,153,7,3133.8,27,1,3133.9,500,4,3134.0,22,1,3134.2,52,1
2031,2026-06-16 09:47:20+05:30,3133.5,29,3140.95,549705,110064.0,183563.0,3163.0,3163.0,3128.0,3134.3,31759600,3447.7,2820.9,3839.9,2896.0,3133.1,105,9,3133.0,619,9,3132.9,12,1,3132.8,99,4,3132.7,75,4,3133.5,153,7,3133.8,27,1,3133.9,500,4,3134.0,22,1,3134.2,52,1
2031,2026-06-16 09:47:20+05:30,3133.5,1,3140.95,549792,110167.0,182343.0,3163.0,3163.0,3128.0,3134.3,31759600,3447.7,2820.9,3839.9,2896.0,3133.1,60,5,3133.0,643,10,3132.9,12,1,3132.8,99,4,3132.7,72,4,3133.5,131,7,3133.8,27,1,3133.9,500,4,3134.0,22,1,3134.2,52,1
2031,2026-06-16 09:47:20+05:30,3133.5,1,3140.95,549792,110167.0,182343.0,3163.0,3163.0,3128.0,3134.3,31759600,3447.7,2820.9,3839.9,2896.0,3133.1,60,5,3133.0,643,10,3132.9,12,1,3132.8,99,4,3132.7,72,4,3133.5,131,7,3133.8,27,1,3133.9,500,4,3134.0,22,1,3134.2,52,1
2031,2026-06-16 09:47:21+05:30,3133.5,1,3140.95,549792,110167.0,182343.0,3163.0,3163.0,3128.0,3134.3,31759600,3447.7,2820.9,3839.9,2896.0,3133.1,60,5,3133.0,643,10,3132.9,12,1,3132.8,99,4,3132.7,72,4,3133.5,131,7,3133.8,27,1,3133.9,500,4,3134.0,22,1,3134.2,52,1
2031,2026-06-16 09:47:21+05:30,3133.5,1,3140.95,549792,110167.0,182343.0,3163.0,3163.0,3128.0,3134.3,31759600,3447.7,2820.9,3839.9,2896.0,3133.1,60,5,3133.0,643,10,3132.9,12,1,3132.8,99,4,3132.7,72,4,3133.5,131,7,3133.8,27,1,3133.9,500,4,3134.0,22,1,3134.2,52,1
2031,2026-06-16 09:47:22+05:30,3133.5,1,3140.95,549793,110168.0,184312.0,3163.0,3163.0,3128.0,3134.3,31759600,3447.7,2820.9,3839.9,2896.0,3133.3,24,1,3133.1,80,6,3133.0,595,8,3132.9,12,1,3132.8,99,4,3133.5,130,7,3133.8,27,1,3133.9,500,4,3134.0,22,1,3134.2,52,1
2031,2026-06-16 09:47:22+05:30,3133.5,46,3140.95,549793,110168.0,184312.0,3163.0,3163.0,3128.0,3134.3,31759600,3447.7,2820.9,3839.9,2896.0,3133.3,24,1,3133.1,80,6,3133.0,595,8,3132.9,12,1,3132.8,99,4,3133.5,130,7,3133.8,27,1,3133.9,500,4,3134.0,22,1,3134.2,52,1
2031,2026-06-16 09:47:23+05:30,3133.5,46,3140.94,549969,109992.0,183701.0,3163.0,3163.0,3128.0,3134.3,31759600,3447.7,2820.9,3839.9,2896.0,3133.1,104,8,3133.0,576,7,3132.9,12,1,3132.8,99,4,3132.7,72,4,3133.8,27,1,3133.9,500,4,3134.0,22,1,3134.3,62,2,3134.4,66,1
2031,2026-06-16 09:47:23+05:30,3133.5,46,3140.94,549969,109992.0,183701.0,3163.0,3163.0,3128.0,3134.3,31759600,3447.7,2820.9,3839.9,2896.0,3133.1,104,8,3133.0,576,7,3132.9,12,1,3132.8,99,4,3132.7,72,4,3133.8,27,1,3133.9,500,4,3134.0,22,1,3134.3,62,2,3134.4,66,1
2031,2026-06-16 09:47:24+05:30,3133.5,46,3140.94,549969,109992.0,183701.0,3163.0,3163.0,3128.0,3134.3,31759600,3447.7,2820.9,3839.9,2896.0,3133.1,104,8,3133.0,576,7,3132.9,12,1,3132.8,99,4,3132.7,72,4,3133.8,27,1,3133.9,500,4,3134.0,22,1,3134.3,62,2,3134.4,66,1
2031,2026-06-16 09:47:24+05:30,3133.5,46,3140.94,549969,110460.0,184068.0,3163.0,3163.0,3128.0,3134.3,31759600,3447.7,2820.9,3839.9,2896.0,3133.5,24,2,3133.3,29,2,3133.1,75,6,3133.0,626,9,3132.9,12,1,3133.8,41,2,3133.9,500,4,3134.0,22,1,3134.3,48,2,3134.4,66,1
2031,2026-06-16 09:47:24+05:30,3133.5,46,3140.94,549969,110460.0,184068.0,3163.0,3163.0,3128.0,3134.3,31759600,3447.7,2820.9,3839.9,2896.0,3133.5,24,2,3133.3,29,2,3133.1,75,6,3133.0,626,9,3132.9,12,1,3133.8,41,2,3133.9,500,4,3134.0,22,1,3134.3,48,2,3134.4,66,1
2031,2026-06-16 09:47:24+05:30,3133.8,1,3140.94,549969,110460.0,184068.0,3163.0,3163.0,3128.0,3134.3,31759600,3447.7,2820.9,3839.9,2896.0,3133.5,24,2,3133.3,29,2,3133.1,75,6,3133.0,626,9,3132.9,12,1,3133.8,41,2,3133.9,500,4,3134.0,22,1,3134.3,48,2,3134.4,66,1
2031,2026-06-16 09:47:25+05:30,3133.8,1,3140.94,549969,110460.0,184068.0,3163.0,3163.0,3128.0,3134.3,31759600,3447.7,2820.9,3839.9,2896.0,3133.5,24,2,3133.3,29,2,3133.1,75,6,3133.0,626,9,3132.9,12,1,3133.8,41,2,3133.9,500,4,3134.0,22,1,3134.3,48,2,3134.4,66,1
2031,2026-06-16 09:47:25+05:30,3133.8,20,3140.94,549994,110446.0,184473.0,3163.0,3163.0,3128.0,3134.3,31759600,3447.7,2820.9,3839.9,2896.0,3133.5,41,4,3133.3,24,1,3133.1,74,5,3133.0,626,9,3132.9,46,2,3133.8,16,2,3133.9,500,4,3134.0,22,1,3134.3,48,2,3134.4,66,1
2031,2026-06-16 09:47:25+05:30,3133.8,20,3140.94,549994,110446.0,184473.0,3163.0,3163.0,3128.0,3134.3,31759600,3447.7,2820.9,3839.9,2896.0,3133.5,41,4,3133.3,24,1,3133.1,74,5,3133.0,626,9,3132.9,46,2,3133.8,16,2,3133.9,500,4,3134.0,22,1,3134.3,48,2,3134.4,66,1
2031,2026-06-16 09:47:25+05:30,3133.5,10,3140.94,549994,110446.0,184473.0,3163.0,3163.0,3128.0,3134.3,31759600,3447.7,2820.9,3839.9,2896.0,3133.5,41,4,3133.3,24,1,3133.1,74,5,3133.0,626,9,3132.9,46,2,3133.8,16,2,3133.9,500,4,3134.0,22,1,3134.3,48,2,3134.4,66,1
2031,2026-06-16 09:47:26+05:30,3133.6,10,3140.94,550014,110540.0,184762.0,3163.0,3163.0,3128.0,3134.3,31759600,3447.7,2820.9,3839.9,2896.0,3133.5,91,8,3133.3,19,1,3133.2,24,1,3133.1,55,4,3133.0,645,10,3133.6,190,1,3133.7,199,1,3133.8,34,3,3133.9,101,2,3134.0,22,1
2031,2026-06-16 09:47:26+05:30,3133.6,10,3140.94,550014,110540.0,184762.0,3163.0,3163.0,3128.0,3134.3,31759600,3447.7,2820.9,3839.9,2896.0,3133.5,91,8,3133.3,19,1,3133.2,24,1,3133.1,55,4,3133.0,645,10,3133.6,190,1,3133.7,199,1,3133.8,34,3,3133.9,101,2,3134.0,22,1
2031,2026-06-16 09:47:26+05:30,3133.5,1,3140.94,550014,110540.0,184762.0,3163.0,3163.0,3128.0,3134.3,31759600,3447.7,2820.9,3839.9,2896.0,3133.5,91,8,3133.3,19,1,3133.2,24,1,3133.1,55,4,3133.0,645,10,3133.6,190,1,3133.7,199,1,3133.8,34,3,3133.9,101,2,3134.0,22,1
2031,2026-06-16 09:47:27+05:30,3133.6,8,3140.94,550402,109878.0,183431.0,3163.0,3163.0,3128.0,3134.3,31759600,3447.7,2820.9,3839.9,2896.0,3133.5,21,4,3133.1,55,4,3133.0,610,9,3132.9,47,2,3132.8,96,3,3133.7,29,1,3133.8,34,3,3133.9,78,2,3134.0,22,1,3134.3,43,2
2031,2026-06-16 09:47:27+05:30,3133.6,8,3140.94,550402,109878.0,183431.0,3163.0,3163.0,3128.0,3134.3,31759600,3447.7,2820.9,3839.9,2896.0,3133.5,21,4,3133.1,55,4,3133.0,610,9,3132.9,47,2,3132.8,96,3,3133.7,29,1,3133.8,34,3,3133.9,78,2,3134.0,22,1,3134.3,43,2
2031,2026-06-16 09:47:27+05:30,3133.6,8,3140.94,550402,109878.0,183431.0,3163.0,3163.0,3128.0,3134.3,31759600,3447.7,2820.9,3839.9,2896.0,3133.5,21,4,3133.1,55,4,3133.0,610,9,3132.9,47,2,3132.8,96,3,3133.7,29,1,3133.8,34,3,3133.9,78,2,3134.0,22,1,3134.3,43,2
2031,2026-06-16 09:47:28+05:30,3133.6,8,3140.94,550402,109878.0,183431.0,3163.0,3163.0,3128.0,3134.3,31759600,3447.7,2820.9,3839.9,2896.0,3133.5,21,4,3133.1,55,4,3133.0,610,9,3132.9,47,2,3132.8,96,3,3133.7,29,1,3133.8,34,3,3133.9,78,2,3134.0,22,1,3134.3,43,2
2031,2026-06-16 09:47:28+05:30,3133.6,8,3140.94,550402,110371.0,183767.0,3163.0,3163.0,3128.0,3134.3,31759600,3447.7,2820.9,3839.9,2896.0,3133.5,63,5,3133.2,24,1,3133.1,55,4,3133.0,610,9,3132.9,47,2,3133.7,29,1,3133.8,34,3,3133.9,78,2,3134.0,22,1,3134.3,19,1
2031,2026-06-16 09:47:29+05:30,3133.6,8,3140.94,550402,110429.0,183769.0,3163.0,3163.0,3128.0,3134.3,31759600,3447.7,2820.9,3839.9,2896.0,3133.5,63,5,3133.2,24,1,3133.1,55,4,3133.0,676,10,3132.9,47,2,3133.7,47,2,3133.8,16,2,3133.9,78,2,3134.0,22,1,3134.3,19,1
2031,2026-06-16 09:47:29+05:30,3133.6,8,3140.94,550402,110429.0,183769.0,3163.0,3163.0,3128.0,3134.3,31759600,3447.7,2820.9,3839.9,2896.0,3133.5,63,5,3133.2,24,1,3133.1,55,4,3133.0,676,10,3132.9,47,2,3133.7,47,2,3133.8,16,2,3133.9,78,2,3134.0,22,1,3134.3,19,1
2031,2026-06-16 09:47:30+05:30,3133.6,8,3140.94,550402,110429.0,183769.0,3163.0,3163.0,3128.0,3134.3,31759600,3447.7,2820.9,3839.9,2896.0,3133.5,63,5,3133.2,24,1,3133.1,55,4,3133.0,676,10,3132.9,47,2,3133.7,47,2,3133.8,16,2,3133.9,78,2,3134.0,22,1,3134.3,19,1
2031,2026-06-16 09:47:30+05:30,3133.5,2,3140.93,550594,109699.0,183344.0,3163.0,3163.0,3128.0,3134.3,31759600,3447.7,2820.9,3839.9,2896.0,3133.1,55,4,3133.0,610,9,3132.9,13,1,3132.8,30,2,3132.7,21,2,3133.4,8,1,3133.7,48,3,3133.8,16,2,3133.9,78,2,3134.0,22,1
2031,2026-06-16 09:47:30+05:30,3133.5,2,3140.93,550594,109699.0,183344.0,3163.0,3163.0,3128.0,3134.3,31759600,3447.7,2820.9,3839.9,2896.0,3133.1,55,4,3133.0,610,9,3132.9,13,1,3132.8,30,2,3132.7,21,2,3133.4,8,1,3133.7,48,3,3133.8,16,2,3133.9,78,2,3134.0,22,1
2031,2026-06-16 09:47:31+05:30,3133.5,2,3140.93,550594,109699.0,183344.0,3163.0,3163.0,3128.0,3134.3,31759600,3447.7,2820.9,3839.9,2896.0,3133.1,55,4,3133.0,610,9,3132.9,13,1,3132.8,30,2,3132.7,21,2,3133.4,8,1,3133.7,48,3,3133.8,16,2,3133.9,78,2,3134.0,22,1
2031,2026-06-16 09:47:31+05:30,3133.1,2,3140.93,550647,109738.0,184677.0,3163.0,3163.0,3128.0,3134.3,31759600,3447.7,2820.9,3839.9,2896.0,3133.1,17,3,3133.0,609,9,3132.9,13,1,3132.8,6,1,3132.7,21,2,3133.4,42,2,3133.7,48,3,3133.8,16,2,3133.9,78,2,3134.0,22,1
2031,2026-06-16 09:47:31+05:30,3133.1,2,3140.93,550647,109738.0,184677.0,3163.0,3163.0,3128.0,3134.3,31759600,3447.7,2820.9,3839.9,2896.0,3133.1,17,3,3133.0,609,9,3132.9,13,1,3132.8,6,1,3132.7,21,2,3133.4,42,2,3133.7,48,3,3133.8,16,2,3133.9,78,2,3134.0,22,1
2031,2026-06-16 09:47:32+05:30,3133.1,2,3140.93,550647,109738.0,184677.0,3163.0,3163.0,3128.0,3134.3,31767800,3447.7,2820.9,3839.9,2896.0,3133.1,17,3,3133.0,609,9,3132.9,13,1,3132.8,6,1,3132.7,21,2,3133.4,42,2,3133.7,48,3,3133.8,16,2,3133.9,78,2,3134.0,22,1
2031,2026-06-16 09:47:32+05:30,3133.4,1,3140.93,550647,109738.0,184677.0,3163.0,3163.0,3128.0,3134.3,31767800,3447.7,2820.9,3839.9,2896.0,3133.1,17,3,3133.0,609,9,3132.9,13,1,3132.8,6,1,3132.7,21,2,3133.4,42,2,3133.7,48,3,3133.8,16,2,3133.9,78,2,3134.0,22,1
2031,2026-06-16 09:47:32+05:30,3133.4,1,3140.93,550648,109541.0,184820.0,3163.0,3163.0,3128.0,3134.3,31767800,3447.7,2820.9,3839.9,2896.0,3133.1,17,3,3133.0,609,9,3132.9,13,1,3132.8,6,1,3132.7,28,2,3133.4,60,4,3133.7,30,2,3133.8,16,2,3133.9,78,2,3134.0,22,1
2031,2026-06-16 09:47:34+05:30,3133.4,1,3140.93,550648,109538.0,184518.0,3163.0,3163.0,3128.0,3134.3,31767800,3447.7,2820.9,3839.9,2896.0,3133.1,17,3,3133.0,609,9,3132.9,13,1,3132.8,6,1,3132.7,28,2,3133.4,85,5,3133.7,30,2,3133.8,16,2,3133.9,78,2,3134.0,22,1
2031,2026-06-16 09:47:35+05:30,3133.4,3,3140.93,550651,109553.0,184801.0,3163.0,3163.0,3128.0,3134.3,31767800,3447.7,2820.9,3839.9,2896.0,3133.1,31,4,3133.0,609,9,3132.9,13,1,3132.8,30,2,3132.7,4,1,3133.4,82,5,3133.7,30,2,3133.8,16,2,3133.9,78,2,3134.0,22,1
2031,2026-06-16 09:47:35+05:30,3133.1,3,3140.93,550651,109553.0,184801.0,3163.0,3163.0,3128.0,3134.3,31767800,3447.7,2820.9,3839.9,2896.0,3133.1,31,4,3133.0,609,9,3132.9,13,1,3132.8,30,2,3132.7,4,1,3133.4,82,5,3133.7,30,2,3133.8,16,2,3133.9,78,2,3134.0,22,1
2031,2026-06-16 09:47:36+05:30,3133.1,3,3140.93,550657,109726.0,184575.0,3163.0,3163.0,3128.0,3134.3,31767800,3447.7,2820.9,3839.9,2896.0,3133.1,30,4,3133.0,609,9,3132.9,13,1,3132.8,6,1,3132.7,28,2,3133.4,108,6,3133.7,30,2,3133.8,16,2,3133.9,78,2,3134.0,22,1
2031,2026-06-16 09:47:36+05:30,3133.1,6,3140.93,550657,109726.0,184575.0,3163.0,3163.0,3128.0,3134.3,31767800,3447.7,2820.9,3839.9,2896.0,3133.1,30,4,3133.0,609,9,3132.9,13,1,3132.8,6,1,3132.7,28,2,3133.4,108,6,3133.7,30,2,3133.8,16,2,3133.9,78,2,3134.0,22,1
2031,2026-06-16 09:47:37+05:30,3133.1,6,3140.93,550771,110845.0,184799.0,3163.0,3163.0,3128.0,3134.3,31767800,3447.7,2820.9,3839.9,2896.0,3133.1,24,4,3133.0,636,10,3132.9,46,2,3132.8,30,2,3132.7,23,2,3133.7,30,2,3133.8,16,2,3133.9,78,2,3134.0,22,1,3134.3,52,2
2031,2026-06-16 09:47:37+05:30,3133.7,1,3140.93,550771,110845.0,184799.0,3163.0,3163.0,3128.0,3134.3,31767800,3447.7,2820.9,3839.9,2896.0,3133.1,24,4,3133.0,636,10,3132.9,46,2,3132.8,30,2,3132.7,23,2,3133.7,30,2,3133.8,16,2,3133.9,78,2,3134.0,22,1,3134.3,52,2
2031,2026-06-16 09:47:38+05:30,3133.4,1,3140.93,550814,110852.0,184497.0,3163.0,3163.0,3128.0,3134.3,31767800,3447.7,2820.9,3839.9,2896.0,3133.1,50,5,3133.0,679,12,3132.9,30,2,3132.8,89,4,3132.7,4,1,3133.7,26,1,3133.8,16,2,3133.9,78,2,3134.0,22,1,3134.3,52,2
2031,2026-06-16 09:47:38+05:30,3133.7,18,3140.93,550814,110852.0,184497.0,3163.0,3163.0,3128.0,3134.3,31767800,3447.7,2820.9,3839.9,2896.0,3133.1,50,5,3133.0,679,12,3132.9,30,2,3132.8,89,4,3132.7,4,1,3133.7,26,1,3133.8,16,2,3133.9,78,2,3134.0,22,1,3134.3,52,2
2031,2026-06-16 09:47:39+05:30,3133.7,18,3140.93,550832,111028.0,184059.0,3163.0,3163.0,3128.0,3134.3,31767800,3447.7,2820.9,3839.9,2896.0,3133.2,35,3,3133.1,43,5,3133.0,750,13,3132.9,30,2,3132.8,108,5,3133.7,8,1,3133.8,16,2,3133.9,78,2,3134.0,22,1,3134.3,52,2
2031,2026-06-16 09:47:40+05:30,3133.7,18,3140.93,550832,111065.0,181831.0,3163.0,3163.0,3128.0,3134.3,31767800,3447.7,2820.9,3839.9,2896.0,3133.4,27,1,3133.2,49,5,3133.1,29,4,3133.0,743,13,3132.9,30,2,3133.7,8,1,3133.8,16,2,3133.9,78,2,3134.0,22,1,3134.3,52,2
2031,2026-06-16 09:47:40+05:30,3133.4,10,3140.93,550832,111065.0,181831.0,3163.0,3163.0,3128.0,3134.3,31767800,3447.7,2820.9,3839.9,2896.0,3133.4,27,1,3133.2,49,5,3133.1,29,4,3133.0,743,13,3132.9,30,2,3133.7,8,1,3133.8,16,2,3133.9,78,2,3134.0,22,1,3134.3,52,2
2031,2026-06-16 09:47:41+05:30,3133.4,1,3140.93,550843,111117.0,184016.0,3163.0,3163.0,3128.0,3134.3,31767800,3447.7,2820.9,3839.9,2896.0,3133.5,330,1,3133.4,40,2,3133.3,46,2,3133.2,65,6,3133.1,29,4,3133.7,8,1,3133.8,16,2,3133.9,78,2,3134.0,22,1,3134.3,52,2
2031,2026-06-16 09:47:41+05:30,3133.7,5,3140.93,550843,111117.0,184016.0,3163.0,3163.0,3128.0,3134.3,31767800,3447.7,2820.9,3839.9,2896.0,3133.5,330,1,3133.4,40,2,3133.3,46,2,3133.2,65,6,3133.1,29,4,3133.7,8,1,3133.8,16,2,3133.9,78,2,3134.0,22,1,3134.3,52,2
2031,2026-06-16 09:47:42+05:30,3133.7,3,3140.93,550851,111600.0,183978.0,3163.0,3163.0,3128.0,3134.3,31767800,3447.7,2820.9,3839.9,2896.0,3133.7,21,1,3133.5,338,2,3133.4,24,1,3133.2,65,6,3133.1,29,4,3133.8,16,2,3133.9,78,2,3134.0,22,1,3134.3,52,2,3134.4,27,1
2031,2026-06-16 09:47:42+05:30,3133.7,3,3140.93,550851,111600.0,183978.0,3163.0,3163.0,3128.0,3134.3,31767800,3447.7,2820.9,3839.9,2896.0,3133.7,21,1,3133.5,338,2,3133.4,24,1,3133.2,65,6,3133.1,29,4,3133.8,16,2,3133.9,78,2,3134.0,22,1,3134.3,52,2,3134.4,27,1
2031,2026-06-16 09:47:43+05:30,3133.8,11,3140.93,550878,111503.0,183917.0,3163.0,3163.0,3128.0,3134.3,31767800,3447.7,2820.9,3839.9,2896.0,3133.8,1,1,3133.7,36,3,3133.5,338,2,3133.4,24,1,3133.2,49,5,3133.9,78,2,3134.0,22,1,3134.3,77,3,3134.4,27,1,3134.5,1,1
2031,2026-06-16 09:47:43+05:30,3133.8,11,3140.93,550878,111503.0,183917.0,3163.0,3163.0,3128.0,3134.3,31767800,3447.7,2820.9,3839.9,2896.0,3133.8,1,1,3133.7,36,3,3133.5,338,2,3133.4,24,1,3133.2,49,5,3133.9,78,2,3134.0,22,1,3134.3,77,3,3134.4,27,1,3134.5,1,1
2031,2026-06-16 09:47:44+05:30,3133.7,1,3140.93,550979,111331.0,183955.0,3163.0,3163.0,3128.0,3134.3,31767800,3447.7,2820.9,3839.9,2896.0,3133.7,61,3,3133.5,338,2,3133.4,16,1,3133.2,41,4,3133.1,19,3,3134.0,22,1,3134.2,70,1,3134.3,96,4,3134.4,27,1,3134.5,1,1
2031,2026-06-16 09:47:44+05:30,3133.7,5,3140.93,550979,111331.0,183955.0,3163.0,3163.0,3128.0,3134.3,31767800,3447.7,2820.9,3839.9,2896.0,3133.7,61,3,3133.5,338,2,3133.4,16,1,3133.2,41,4,3133.1,19,3,3134.0,22,1,3134.2,70,1,3134.3,96,4,3134.4,27,1,3134.5,1,1
2031,2026-06-16 09:47:45+05:30,3133.7,1,3140.93,550979,111331.0,183955.0,3163.0,3163.0,3128.0,3134.3,31767800,3447.7,2820.9,3839.9,2896.0,3133.7,61,3,3133.5,338,2,3133.4,16,1,3133.2,41,4,3133.1,19,3,3134.0,22,1,3134.2,70,1,3134.3,96,4,3134.4,27,1,3134.5,1,1
2031,2026-06-16 09:47:46+05:30,3133.7,1,3140.93,551249,111289.0,184067.0,3163.0,3163.0,3128.0,3134.3,31767800,3447.7,2820.9,3839.9,2896.0,3133.7,62,4,3133.5,353,3,3133.2,26,2,3133.1,85,4,3133.0,201,7,3134.2,27,1,3134.3,77,3,3134.4,46,2,3134.5,103,3,3134.6,124,3
2031,2026-06-16 09:47:47+05:30,3133.7,1,3140.93,551249,111494.0,184026.0,3163.0,3163.0,3128.0,3134.3,31767800,3447.7,2820.9,3839.9,2896.0,3134.0,50,1,3133.7,62,4,3133.5,353,3,3133.2,26,2,3133.1,19,3,3134.2,85,3,3134.3,96,4,3134.4,81,4,3134.5,26,2,3134.6,131,3
2031,2026-06-16 09:47:48+05:30,3134.0,3,3140.92,551449,111149.0,184164.0,3163.0,3163.0,3128.0,3134.3,31767800,3447.7,2820.9,3839.9,2896.0,3134.0,6,2,3133.7,78,5,3133.5,338,2,3133.2,2,1,3133.1,5,1,3134.2,85,3,3134.3,96,4,3134.4,68,3,3134.5,148,5,3134.6,19,1
2031,2026-06-16 09:47:49+05:30,3134.2,1,3140.92,551449,111149.0,184164.0,3163.0,3163.0,3128.0,3134.3,31767800,3447.7,2820.9,3839.9,2896.0,3134.0,6,2,3133.7,78,5,3133.5,338,2,3133.2,2,1,3133.1,5,1,3134.2,85,3,3134.3,96,4,3134.4,68,3,3134.5,148,5,3134.6,19,1
2031,2026-06-16 09:47:49+05:30,3134.2,1,3140.92,551460,111399.0,184038.0,3163.0,3163.0,3128.0,3134.3,31767800,3447.7,2820.9,3839.9,2896.0,3134.0,9,3,3133.7,78,5,3133.5,338,2,3133.2,2,1,3133.1,5,1,3134.2,88,3,3134.3,96,4,3134.4,49,2,3134.5,26,2,3134.6,83,2
2031,2026-06-16 09:47:50+05:30,3134.2,33,3140.92,551460,111399.0,184038.0,3163.0,3163.0,3128.0,3134.3,31767800,3447.7,2820.9,3839.9,2896.0,3134.0,9,3,3133.7,78,5,3133.5,338,2,3133.2,2,1,3133.1,5,1,3134.2,88,3,3134.3,96,4,3134.4,49,2,3134.5,26,2,3134.6,83,2
2031,2026-06-16 09:47:50+05:30,3134.2,100,3140.92,551648,111408.0,184037.0,3163.0,3163.0,3128.0,3134.3,31767800,3447.7,2820.9,3839.9,2896.0,3134.0,49,6,3133.7,36,4,3133.5,338,2,3133.4,24,1,3133.2,26,2,3134.2,101,2,3134.3,63,3,3134.4,41,2,3134.5,25,1,3134.6,19,1
2031,2026-06-16 09:47:51+05:30,3134.2,1,3140.92,551648,111408.0,184037.0,3163.0,3163.0,3128.0,3134.3,31767800,3447.7,2820.9,3839.9,2896.0,3134.0,49,6,3133.7,36,4,3133.5,338,2,3133.4,24,1,3133.2,26,2,3134.2,101,2,3134.3,63,3,3134.4,41,2,3134.5,25,1,3134.6,19,1
2031,2026-06-16 09:47:51+05:30,3134.2,1,3140.92,551649,111359.0,184088.0,3163.0,3163.0,3128.0,3134.3,31767800,3447.7,2820.9,3839.9,2896.0,3134.0,49,6,3133.7,36,4,3133.5,338,2,3133.4,24,1,3133.2,26,2,3134.2,141,3,3134.3,63,3,3134.4,41,2,3134.5,25,1,3134.6,19,1
2031,2026-06-16 09:47:52+05:30,3134.2,1,3140.92,551749,111583.0,183916.0,3163.0,3163.0,3128.0,3134.3,31767800,3447.7,2820.9,3839.9,2896.0,3134.0,48,6,3133.7,36,4,3133.6,24,1,3133.5,338,2,3133.4,24,1,3134.2,67,2,3134.3,63,3,3134.4,22,1,3134.5,25,1,3134.8,154,3
2031,2026-06-16 09:47:53+05:30,3134.2,1,3140.92,551749,111583.0,183916.0,3163.0,3163.0,3128.0,3134.3,31767800,3447.7,2820.9,3839.9,2896.0,3134.0,48,6,3133.7,36,4,3133.6,24,1,3133.5,338,2,3133.4,24,1,3134.2,67,2,3134.3,63,3,3134.4,22,1,3134.5,25,1,3134.8,154,3
2031,2026-06-16 09:47:53+05:30,3134.2,26,3140.92,551816,111520.0,184091.0,3163.0,3163.0,3128.0,3134.3,31767800,3447.7,2820.9,3839.9,2896.0,3134.2,25,1,3134.0,11,4,3133.7,51,5,3133.5,338,2,3133.4,24,1,3134.3,63,3,3134.4,41,2,3134.5,25,1,3134.6,19,1,3134.8,101,2
2031,2026-06-16 09:47:54+05:30,3134.3,1,3140.92,551816,111520.0,184091.0,3163.0,3163.0,3128.0,3134.3,31767800,3447.7,2820.9,3839.9,2896.0,3134.2,25,1,3134.0,11,4,3133.7,51,5,3133.5,338,2,3133.4,24,1,3134.3,63,3,3134.4,41,2,3134.5,25,1,3134.6,19,1,3134.8,101,2
2031,2026-06-16 09:47:54+05:30,3134.3,39,3140.92,551895,111814.0,182285.0,3163.0,3163.0,3128.0,3134.3,31767800,3447.7,2820.9,3839.9,2896.0,3134.2,2,1,3134.0,77,8,3133.8,24,1,3133.7,36,4,3133.6,52,2,3134.4,22,1,3134.5,25,1,3134.8,200,1,3134.9,299,2,3135.0,2168,12
2031,2026-06-16 09:47:55+05:30,3134.3,39,3140.92,551895,111814.0,182285.0,3163.0,3163.0,3128.0,3134.3,31767800,3447.7,2820.9,3839.9,2896.0,3134.2,2,1,3134.0,77,8,3133.8,24,1,3133.7,36,4,3133.6,52,2,3134.4,22,1,3134.5,25,1,3134.8,200,1,3134.9,299,2,3135.0,2168,12
2031,2026-06-16 09:47:55+05:30,3134.4,9,3140.92,551904,112054.0,182462.0,3163.0,3163.0,3128.0,3134.3,31767800,3447.7,2820.9,3839.9,2896.0,3134.2,22,4,3134.1,6,1,3134.0,57,5,3133.9,10,1,3133.8,43,2,3134.4,13,1,3134.5,25,1,3134.8,234,2,3134.9,333,3,3135.0,2102,11
2031,2026-06-16 09:47:56+05:30,3134.4,9,3140.92,551904,112054.0,182462.0,3163.0,3163.0,3128.0,3134.3,31767800,3447.7,2820.9,3839.9,2896.0,3134.2,22,4,3134.1,6,1,3134.0,57,5,3133.9,10,1,3133.8,43,2,3134.4,13,1,3134.5,25,1,3134.8,234,2,3134.9,333,3,3135.0,2102,11
2031,2026-06-16 09:47:56+05:30,3134.4,13,3140.92,551917,112016.0,182790.0,3163.0,3163.0,3128.0,3134.3,31767800,3447.7,2820.9,3839.9,2896.0,3134.3,27,1,3134.2,44,7,3134.0,381,6,3133.9,10,1,3133.8,43,2,3134.5,25,1,3134.8,234,2,3134.9,333,3,3135.0,2102,11,3135.2,86,2
2031,2026-06-16 09:47:57+05:30,3134.4,13,3140.92,551917,112016.0,182790.0,3163.0,3163.0,3128.0,3134.3,31767800,3447.7,2820.9,3839.9,2896.0,3134.3,27,1,3134.2,44,7,3134.0,381,6,3133.9,10,1,3133.8,43,2,3134.5,25,1,3134.8,234,2,3134.9,333,3,3135.0,2102,11,3135.2,86,2
2031,2026-06-16 09:47:57+05:30,3134.5,39,3140.92,551981,112673.0,183038.0,3163.0,3163.0,3128.0,3134.3,31767800,3447.7,2820.9,3839.9,2896.0,3134.6,1,1,3134.5,23,1,3134.3,18,2,3134.2,16,5,3134.0,396,7,3134.8,234,2,3134.9,333,3,3135.0,2341,12,3135.4,118,3,3135.5,123,4
2031,2026-06-16 09:47:58+05:30,3134.5,39,3140.92,551981,112673.0,183038.0,3163.0,3163.0,3128.0,3134.3,31767800,3447.7,2820.9,3839.9,2896.0,3134.6,1,1,3134.5,23,1,3134.3,18,2,3134.2,16,5,3134.0,396,7,3134.8,234,2,3134.9,333,3,3135.0,2341,12,3135.4,118,3,3135.5,123,4
2031,2026-06-16 09:47:59+05:30,3134.5,39,3140.92,551981,112444.0,182879.0,3163.0,3163.0,3128.0,3134.3,31767800,3447.7,2820.9,3839.9,2896.0,3134.6,1,1,3134.3,43,3,3134.2,16,5,3134.0,381,6,3133.8,32,2,3134.8,244,3,3134.9,333,3,3135.0,2368,13,3135.1,19,1,3135.3,24,1
2031,2026-06-16 09:48:00+05:30,3134.8,100,3140.92,551981,112444.0,182879.0,3163.0,3163.0,3128.0,3134.3,31767800,3447.7,2820.9,3839.9,2896.0,3134.6,1,1,3134.3,43,3,3134.2,16,5,3134.0,381,6,3133.8,32,2,3134.8,244,3,3134.9,333,3,3135.0,2368,13,3135.1,19,1,3135.3,24,1
2031,2026-06-16 09:48:00+05:30,3134.3,25,3140.91,552181,112497.0,182322.0,3163.0,3163.0,3128.0,3134.3,31767800,3447.7,2820.9,3839.9,2896.0,3134.3,18,3,3134.2,34,4,3134.0,381,6,3133.8,32,2,3133.7,40,3,3134.8,45,3,3134.9,134,2,3135.0,2567,14,3135.2,83,2,3135.4,149,4
2031,2026-06-16 09:48:01+05:30,3134.8,3,3140.91,552181,112497.0,182322.0,3163.0,3163.0,3128.0,3134.3,31767800,3447.7,2820.9,3839.9,2896.0,3134.3,18,3,3134.2,34,4,3134.0,381,6,3133.8,32,2,3133.7,40,3,3134.8,45,3,3134.9,134,2,3135.0,2567,14,3135.2,83,2,3135.4,149,4
2031,2026-06-16 09:48:01+05:30,3134.8,3,3140.91,552606,112181.0,182935.0,3163.0,3163.0,3128.0,3134.3,31767800,3447.7,2820.9,3839.9,2896.0,3134.6,2,2,3134.2,5,3,3134.0,357,5,3133.8,8,1,3133.7,35,3,3134.8,28,1,3134.9,154,4,3135.0,2870,18,3135.2,121,4,3135.4,126,5
2031,2026-06-16 09:48:02+05:30,3134.8,10,3140.91,552606,112181.0,182935.0,3163.0,3163.0,3128.0,3134.3,31767800,3447.7,2820.9,3839.9,2896.0,3134.6,2,2,3134.2,5,3,3134.0,357,5,3133.8,8,1,3133.7,35,3,3134.8,28,1,3134.9,154,4,3135.0,2870,18,3135.2,121,4,3135.4,126,5
2031,2026-06-16 09:48:02+05:30,3134.8,10,3140.91,552616,112412.0,183081.0,3163.0,3163.0,3128.0,3134.3,31767800,3447.7,2820.9,3839.9,2896.0,3134.6,42,3,3134.2,5,3,3134.0,357,5,3133.8,8,1,3133.7,35,3,3134.8,130,7,3134.9,135,3,3135.0,2898,20,3135.2,160,5,3135.4,126,5
2031,2026-06-16 09:48:03+05:30,3134.0,8,3140.91,552616,112412.0,183081.0,3163.0,3163.0,3128.0,3134.3,31767800,3447.7,2820.9,3839.9,2896.0,3134.6,42,3,3134.2,5,3,3134.0,357,5,3133.8,8,1,3133.7,35,3,3134.8,130,7,3134.9,135,3,3135.0,2898,20,3135.2,160,5,3135.4,126,5
2031,2026-06-16 09:48:03+05:30,3134.0,8,3140.9,553072,110482.0,183203.0,3163.0,3163.0,3128.0,3134.3,31767800,3447.7,2820.9,3839.9,2896.0,3133.8,40,2,3133.7,11,2,3133.6,21,1,3133.5,8,1,3133.1,5,1,3134.3,15,1,3134.5,100,4,3134.6,177,2,3134.7,298,4,3134.8,282,11
2031,2026-06-16 09:48:04+05:30,3133.8,9,3140.9,553072,110482.0,183203.0,3163.0,3163.0,3128.0,3134.3,31767800,3447.7,2820.9,3839.9,2896.0,3133.8,40,2,3133.7,11,2,3133.6,21,1,3133.5,8,1,3133.1,5,1,3134.3,15,1,3134.5,100,4,3134.6,177,2,3134.7,298,4,3134.8,282,11
2031,2026-06-16 09:48:04+05:30,3134.4,1,3140.9,553427,110229.0,182985.0,3163.0,3163.0,3128.0,3134.3,31767800,3447.7,2820.9,3839.9,2896.0,3133.7,57,4,3133.6,21,1,3133.5,8,1,3133.2,24,1,3133.1,5,1,3134.5,87,4,3134.6,277,4,3134.7,244,3,3134.8,389,10,3134.9,185,3
2031,2026-06-16 09:48:05+05:30,3134.2,15,3140.9,553427,110229.0,182985.0,3163.0,3163.0,3128.0,3134.3,31767800,3447.7,2820.9,3839.9,2896.0,3133.7,57,4,3133.6,21,1,3133.5,8,1,3133.2,24,1,3133.1,5,1,3134.5,87,4,3134.6,277,4,3134.7,244,3,3134.8,389,10,3134.9,185,3
2031,2026-06-16 09:48:05+05:30,3134.3,23,3140.9,553472,110935.0,183574.0,3163.0,3163.0,3128.0,3134.3,31767800,3447.7,2820.9,3839.9,2896.0,3133.8,15,2,3133.7,57,4,3133.6,21,1,3133.5,8,1,3133.3,116,3,3134.3,8,1,3134.4,45,2,3134.5,70,3,3134.6,284,5,3134.7,199,1
2031,2026-06-16 09:48:06+05:30,3133.8,5,3140.9,553472,110935.0,183574.0,3163.0,3163.0,3128.0,3134.3,31767800,3447.7,2820.9,3839.9,2896.0,3133.8,15,2,3133.7,57,4,3133.6,21,1,3133.5,8,1,3133.3,116,3,3134.3,8,1,3134.4,45,2,3134.5,70,3,3134.6,284,5,3134.7,199,1
2031,2026-06-16 09:48:06+05:30,3133.8,5,3140.9,553487,110724.0,183285.0,3163.0,3163.0,3128.0,3134.3,31767800,3447.7,2820.9,3839.9,2896.0,3133.8,10,2,3133.7,57,4,3133.6,21,1,3133.5,8,1,3133.3,24,1,3134.3,8,1,3134.4,45,2,3134.5,70,3,3134.6,456,5,3134.7,123,2
2031,2026-06-16 09:48:07+05:30,3133.8,5,3140.9,553487,110559.0,181691.0,3163.0,3163.0,3128.0,3134.3,31767800,3447.7,2820.9,3839.9,2896.0,3133.8,10,2,3133.7,57,4,3133.6,21,1,3133.5,8,1,3133.1,5,1,3134.2,7,1,3134.3,27,2,3134.4,46,2,3134.5,183,5,3134.6,483,6
2031,2026-06-16 09:48:08+05:30,3134.2,4,3140.9,553692,109017.0,183489.0,3163.0,3163.0,3128.0,3134.3,31767800,3447.7,2820.9,3839.9,2896.0,3134.0,26,1,3133.8,15,1,3133.7,24,3,3133.6,21,1,3133.5,8,1,3134.2,46,4,3134.3,47,2,3134.4,69,3,3134.5,44,2,3134.6,390,7
2031,2026-06-16 09:48:09+05:30,3134.0,34,3140.9,553692,109017.0,183489.0,3163.0,3163.0,3128.0,3134.3,31767800,3447.7,2820.9,3839.9,2896.0,3134.0,26,1,3133.8,15,1,3133.7,24,3,3133.6,21,1,3133.5,8,1,3134.2,46,4,3134.3,47,2,3134.4,69,3,3134.5,44,2,3134.6,390,7
2031,2026-06-16 09:48:09+05:30,3133.6,21,3140.89,554358,108727.0,184425.0,3163.0,3163.0,3128.0,3134.3,31767800,3447.7,2820.9,3839.9,2896.0,3133.5,8,1,3133.1,5,1,3133.0,205,7,3132.8,6,1,3132.7,20,2,3133.6,200,1,3133.7,81,4,3133.8,35,2,3133.9,24,2,3134.0,58,2
2031,2026-06-16 09:48:10+05:30,3133.0,20,3140.89,554358,108727.0,184425.0,3163.0,3163.0,3128.0,3134.3,31767800,3447.7,2820.9,3839.9,2896.0,3133.5,8,1,3133.1,5,1,3133.0,205,7,3132.8,6,1,3132.7,20,2,3133.6,200,1,3133.7,81,4,3133.8,35,2,3133.9,24,2,3134.0,58,2
2031,2026-06-16 09:48:10+05:30,3133.4,1,3140.88,554625,107677.0,182348.0,3163.0,3163.0,3128.0,3134.3,31767800,3447.7,2820.9,3839.9,2896.0,3133.0,120,7,3132.8,6,1,3132.7,20,2,3132.4,2,1,3132.3,45,3,3133.4,199,1,3133.5,103,3,3133.6,54,3,3133.7,22,1,3133.8,146,4
2031,2026-06-16 09:48:11+05:30,3133.0,27,3140.88,554625,107677.0,182348.0,3163.0,3163.0,3128.0,3134.3,31767800,3447.7,2820.9,3839.9,2896.0,3133.0,120,7,3132.8,6,1,3132.7,20,2,3132.4,2,1,3132.3,45,3,3133.4,199,1,3133.5,103,3,3133.6,54,3,3133.7,22,1,3133.8,146,4
2031,2026-06-16 09:48:11+05:30,3133.4,11,3140.88,554785,107286.0,184872.0,3163.0,3163.0,3128.0,3134.3,31767800,3447.7,2820.9,3839.9,2896.0,3133.0,69,4,3132.8,6,1,3132.7,20,2,3132.4,2,1,3132.3,30,2,3133.4,268,4,3133.5,57,2,3133.6,112,5,3133.7,45,2,3133.8,497,5
2031,2026-06-16 09:48:12+05:30,3133.4,11,3140.88,554785,107286.0,184872.0,3163.0,3163.0,3128.0,3134.3,31767800,3447.7,2820.9,3839.9,2896.0,3133.0,69,4,3132.8,6,1,3132.7,20,2,3132.4,2,1,3132.3,30,2,3133.4,268,4,3133.5,57,2,3133.6,112,5,3133.7,45,2,3133.8,497,5
2031,2026-06-16 09:48:13+05:30,3133.4,20,3140.88,554785,107286.0,184872.0,3163.0,3163.0,3128.0,3134.3,31767800,3447.7,2820.9,3839.9,2896.0,3133.0,69,4,3132.8,6,1,3132.7,20,2,3132.4,2,1,3132.3,30,2,3133.4,268,4,3133.5,57,2,3133.6,112,5,3133.7,45,2,3133.8,497,5
2031,2026-06-16 09:48:13+05:30,3133.4,20,3140.88,554865,107656.0,183214.0,3163.0,3163.0,3128.0,3134.3,31767800,3447.7,2820.9,3839.9,2896.0,3133.0,102,5,3132.8,6,1,3132.7,20,2,3132.4,66,2,3132.3,30,2,3133.4,362,9,3133.5,91,4,3133.6,287,6,3133.7,267,4,3133.8,58,2
2031,2026-06-16 09:48:14+05:30,3133.0,27,3140.88,555026,107043.0,186082.0,3163.0,3163.0,3128.0,3134.3,31767800,3447.7,2820.9,3839.9,2896.0,3133.0,37,4,3132.8,6,1,3132.7,20,2,3132.4,16,2,3132.3,30,2,3133.1,233,5,3133.2,234,3,3133.3,35,3,3133.4,257,9,3133.5,175,5
2031,2026-06-16 09:48:14+05:30,3133.0,27,3140.88,555026,107043.0,186082.0,3163.0,3163.0,3128.0,3134.3,31767800,3447.7,2820.9,3839.9,2896.0,3133.0,37,4,3132.8,6,1,3132.7,20,2,3132.4,16,2,3132.3,30,2,3133.1,233,5,3133.2,234,3,3133.3,35,3,3133.4,257,9,3133.5,175,5
2031,2026-06-16 09:48:15+05:30,3133.0,3,3140.88,555026,107043.0,186082.0,3163.0,3163.0,3128.0,3134.3,31767800,3447.7,2820.9,3839.9,2896.0,3133.0,37,4,3132.8,6,1,3132.7,20,2,3132.4,16,2,3132.3,30,2,3133.1,233,5,3133.2,234,3,3133.3,35,3,3133.4,257,9,3133.5,175,5
2031,2026-06-16 09:48:15+05:30,3133.0,1,3140.87,555383,106950.0,185811.0,3163.0,3163.0,3128.0,3134.3,31767800,3447.7,2820.9,3839.9,2896.0,3132.8,8,3,3132.7,29,2,3132.4,16,2,3132.3,30,2,3132.0,391,4,3133.0,13,1,3133.1,315,8,3133.2,261,4,3133.3,42,3,3133.4,192,5
2031,2026-06-16 09:48:15+05:30,3133.0,1,3140.87,555383,106950.0,185811.0,3163.0,3163.0,3128.0,3134.3,31767800,3447.7,2820.9,3839.9,2896.0,3132.8,8,3,3132.7,29,2,3132.4,16,2,3132.3,30,2,3132.0,391,4,3133.0,13,1,3133.1,315,8,3133.2,261,4,3133.3,42,3,3133.4,192,5
2031,2026-06-16 09:48:16+05:30,3132.8,6,3140.87,555383,106950.0,185811.0,3163.0,3163.0,3128.0,3134.3,31767800,3447.7,2820.9,3839.9,2896.0,3132.8,8,3,3132.7,29,2,3132.4,16,2,3132.3,30,2,3132.0,391,4,3133.0,13,1,3133.1,315,8,3133.2,261,4,3133.3,42,3,3133.4,192,5
2031,2026-06-16 09:48:16+05:30,3132.8,6,3140.87,555467,106982.0,185643.0,3163.0,3163.0,3128.0,3134.3,31767800,3447.7,2820.9,3839.9,2896.0,3132.9,2,2,3132.8,8,3,3132.7,29,2,3132.4,16,2,3132.3,30,2,3133.1,243,5,3133.2,257,3,3133.3,42,3,3133.4,126,3,3133.5,29,2
2031,2026-06-16 09:48:17+05:30,3133.1,1,3140.87,555467,106982.0,185643.0,3163.0,3163.0,3128.0,3134.3,31767800,3447.7,2820.9,3839.9,2896.0,3132.9,2,2,3132.8,8,3,3132.7,29,2,3132.4,16,2,3132.3,30,2,3133.1,243,5,3133.2,257,3,3133.3,42,3,3133.4,126,3,3133.5,29,2
2031,2026-06-16 09:48:17+05:30,3133.1,1,3140.87,555467,106982.0,185643.0,3163.0,3163.0,3128.0,3134.3,31767800,3447.7,2820.9,3839.9,2896.0,3132.9,2,2,3132.8,8,3,3132.7,29,2,3132.4,16,2,3132.3,30,2,3133.1,243,5,3133.2,257,3,3133.3,42,3,3133.4,126,3,3133.5,29,2
2031,2026-06-16 09:48:17+05:30,3133.1,1,3140.87,555469,106913.0,185553.0,3163.0,3163.0,3128.0,3134.3,31767800,3447.7,2820.9,3839.9,2896.0,3133.0,25,1,3132.9,44,3,3132.8,8,3,3132.7,4,1,3132.4,16,2,3133.1,223,4,3133.2,276,4,3133.3,25,2,3133.4,87,2,3133.5,51,2
2031,2026-06-16 09:48:18+05:30,3133.0,39,3140.86,555984,107037.0,183761.0,3163.0,3163.0,3128.0,3134.3,31767800,3447.7,2820.9,3839.9,2896.0,3132.9,44,3,3132.8,8,3,3132.7,4,1,3132.4,16,2,3132.3,30,2,3133.0,85,1,3133.1,242,5,3133.2,257,3,3133.3,25,2,3133.4,115,3
2031,2026-06-16 09:48:18+05:30,3133.0,39,3140.86,555984,107037.0,183761.0,3163.0,3163.0,3128.0,3134.3,31767800,3447.7,2820.9,3839.9,2896.0,3132.9,44,3,3132.8,8,3,3132.7,4,1,3132.4,16,2,3132.3,30,2,3133.0,85,1,3133.1,242,5,3133.2,257,3,3133.3,25,2,3133.4,115,3
2031,2026-06-16 09:48:19+05:30,3132.8,2,3140.86,555984,107037.0,183761.0,3163.0,3163.0,3128.0,3134.3,31767800,3447.7,2820.9,3839.9,2896.0,3132.9,44,3,3132.8,8,3,3132.7,4,1,3132.4,16,2,3132.3,30,2,3133.0,85,1,3133.1,242,5,3133.2,257,3,3133.3,25,2,3133.4,115,3
2031,2026-06-16 09:48:19+05:30,3132.8,1,3140.86,556133,107057.0,185910.0,3163.0,3163.0,3128.0,3134.3,31767800,3447.7,2820.9,3839.9,2896.0,3132.7,4,1,3132.4,16,2,3132.3,30,2,3132.0,391,4,3131.9,74,3,3132.8,56,1,3132.9,13,1,3133.0,58,3,3133.1,212,3,3133.2,257,3
2031,2026-06-16 09:48:20+05:30,3132.8,5,3140.86,556133,107057.0,185910.0,3163.0,3163.0,3128.0,3134.3,31767800,3447.7,2820.9,3839.9,2896.0,3132.7,4,1,3132.4,16,2,3132.3,30,2,3132.0,391,4,3131.9,74,3,3132.8,56,1,3132.9,13,1,3133.0,58,3,3133.1,212,3,3133.2,257,3
2031,2026-06-16 09:48:20+05:30,3132.8,5,3140.86,556133,107057.0,185910.0,3163.0,3163.0,3128.0,3134.3,31767800,3447.7,2820.9,3839.9,2896.0,3132.7,4,1,3132.4,16,2,3132.3,30,2,3132.0,391,4,3131.9,74,3,3132.8,56,1,3132.9,13,1,3133.0,58,3,3133.1,212,3,3133.2,257,3
2031,2026-06-16 09:48:20+05:30,3132.6,1,3140.86,556480,106612.0,186028.0,3163.0,3163.0,3128.0,3134.3,31767800,3447.7,2820.9,3839.9,2896.0,3132.4,14,1,3132.3,59,4,3132.2,16,2,3132.1,10,1,3132.0,426,6,3132.6,263,2,3132.8,55,2,3132.9,13,1,3133.0,57,2,3133.1,38,1
2031,2026-06-16 09:48:21+05:30,3132.4,67,3140.86,556480,106612.0,186028.0,3163.0,3163.0,3128.0,3134.3,31767800,3447.7,2820.9,3839.9,2896.0,3132.4,14,1,3132.3,59,4,3132.2,16,2,3132.1,10,1,3132.0,426,6,3132.6,263,2,3132.8,55,2,3132.9,13,1,3133.0,57,2,3133.1,38,1
2031,2026-06-16 09:48:21+05:30,3132.3,4,3140.86,556632,106638.0,186069.0,3163.0,3163.0,3128.0,3134.3,31767800,3447.7,2820.9,3839.9,2896.0,3132.3,26,2,3132.0,414,5,3131.9,20,1,3131.8,109,3,3131.6,126,4,3132.6,315,5,3132.8,54,1,3132.9,13,1,3133.4,68,1,3133.5,87,2
2031,2026-06-16 09:48:21+05:30,3132.3,4,3140.86,556632,106638.0,186069.0,3163.0,3163.0,3128.0,3134.3,31767800,3447.7,2820.9,3839.9,2896.0,3132.3,26,2,3132.0,414,5,3131.9,20,1,3131.8,109,3,3131.6,126,4,3132.6,315,5,3132.8,54,1,3132.9,13,1,3133.4,68,1,3133.5,87,2
2031,2026-06-16 09:48:22+05:30,3132.3,4,3140.86,556632,106638.0,186069.0,3163.0,3163.0,3128.0,3134.3,31767800,3447.7,2820.9,3839.9,2896.0,3132.3,26,2,3132.0,414,5,3131.9,20,1,3131.8,109,3,3131.6,126,4,3132.6,315,5,3132.8,54,1,3132.9,13,1,3133.4,68,1,3133.5,87,2
2031,2026-06-16 09:48:23+05:30,3132.3,4,3140.86,556632,106638.0,186069.0,3163.0,3163.0,3128.0,3134.3,31767800,3447.7,2820.9,3839.9,2896.0,3132.3,26,2,3132.0,414,5,3131.9,20,1,3131.8,109,3,3131.6,126,4,3132.6,315,5,3132.8,54,1,3132.9,13,1,3133.4,68,1,3133.5,87,2
2031,2026-06-16 09:48:23+05:30,3132.3,4,3140.86,556636,106564.0,185504.0,3163.0,3163.0,3128.0,3134.3,31767800,3447.7,2820.9,3839.9,2896.0,3132.3,71,6,3132.2,27,2,3132.1,20,2,3132.0,465,7,3131.9,34,2,3132.6,315,5,3132.8,54,1,3132.9,13,1,3133.4,95,2,3133.5,87,2
2031,2026-06-16 09:48:23+05:30,3132.3,4,3140.86,556636,106564.0,185504.0,3163.0,3163.0,3128.0,3134.3,31767800,3447.7,2820.9,3839.9,2896.0,3132.3,71,6,3132.2,27,2,3132.1,20,2,3132.0,465,7,3131.9,34,2,3132.6,315,5,3132.8,54,1,3132.9,13,1,3133.4,95,2,3133.5,87,2
2031,2026-06-16 09:48:24+05:30,3132.5,1,3140.86,556636,106564.0,185504.0,3163.0,3163.0,3128.0,3134.3,31767800,3447.7,2820.9,3839.9,2896.0,3132.3,71,6,3132.2,27,2,3132.1,20,2,3132.0,465,7,3131.9,34,2,3132.6,315,5,3132.8,54,1,3132.9,13,1,3133.4,95,2,3133.5,87,2
2031,2026-06-16 09:48:24+05:30,3132.5,1,3140.86,556636,106564.0,185504.0,3163.0,3163.0,3128.0,3134.3,31767800,3447.7,2820.9,3839.9,2896.0,3132.3,71,6,3132.2,27,2,3132.1,20,2,3132.0,465,7,3131.9,34,2,3132.6,315,5,3132.8,54,1,3132.9,13,1,3133.4,95,2,3133.5,87,2
2031,2026-06-16 09:48:24+05:30,3132.5,1,3140.86,556637,106355.0,185348.0,3163.0,3163.0,3128.0,3134.3,31767800,3447.7,2820.9,3839.9,2896.0,3132.3,65,5,3132.2,19,1,3132.1,20,2,3132.0,475,8,3131.9,34,2,3132.5,62,1,3132.6,390,7,3132.8,54,1,3132.9,13,1,3133.5,87,2
2031,2026-06-16 09:48:24+05:30,3132.5,1,3140.86,556637,106355.0,185348.0,3163.0,3163.0,3128.0,3134.3,31767800,3447.7,2820.9,3839.9,2896.0,3132.3,65,5,3132.2,19,1,3132.1,20,2,3132.0,475,8,3131.9,34,2,3132.5,62,1,3132.6,390,7,3132.8,54,1,3132.9,13,1,3133.5,87,2
2031,2026-06-16 09:48:25+05:30,3132.5,1,3140.86,556637,106561.0,185103.0,3163.0,3163.0,3128.0,3134.3,31767800,3447.7,2820.9,3839.9,2896.0,3132.3,88,8,3132.2,19,1,3132.1,20,2,3132.0,475,8,3131.9,34,2,3132.5,92,3,3132.6,360,5,3132.8,54,1,3132.9,13,1,3133.5,87,2
2031,2026-06-16 09:48:25+05:30,3132.5,1,3140.86,556637,106561.0,185103.0,3163.0,3163.0,3128.0,3134.3,31767800,3447.7,2820.9,3839.9,2896.0,3132.3,88,8,3132.2,19,1,3132.1,20,2,3132.0,475,8,3131.9,34,2,3132.5,92,3,3132.6,360,5,3132.8,54,1,3132.9,13,1,3133.5,87,2
2031,2026-06-16 09:48:26+05:30,3132.5,1,3140.86,556637,106561.0,185103.0,3163.0,3163.0,3128.0,3134.3,31767800,3447.7,2820.9,3839.9,2896.0,3132.3,88,8,3132.2,19,1,3132.1,20,2,3132.0,475,8,3131.9,34,2,3132.5,92,3,3132.6,360,5,3132.8,54,1,3132.9,13,1,3133.5,87,2
2031,2026-06-16 09:48:26+05:30,3132.5,1,3140.86,556638,106352.0,186019.0,3163.0,3163.0,3128.0,3134.3,31767800,3447.7,2820.9,3839.9,2896.0,3132.3,72,7,3132.2,23,1,3132.0,414,5,3131.9,14,1,3131.8,123,4,3132.5,313,6,3132.6,139,3,3132.8,54,1,3132.9,13,1,3133.1,32,1
2031,2026-06-16 09:48:26+05:30,3132.5,1,3140.86,556638,106352.0,186019.0,3163.0,3163.0,3128.0,3134.3,31767800,3447.7,2820.9,3839.9,2896.0,3132.3,72,7,3132.2,23,1,3132.0,414,5,3131.9,14,1,3131.8,123,4,3132.5,313,6,3132.6,139,3,3132.8,54,1,3132.9,13,1,3133.1,32,1
2031,2026-06-16 09:48:27+05:30,3132.3,6,3140.86,556638,106352.0,186019.0,3163.0,3163.0,3128.0,3134.3,31767800,3447.7,2820.9,3839.9,2896.0,3132.3,72,7,3132.2,23,1,3132.0,414,5,3131.9,14,1,3131.8,123,4,3132.5,313,6,3132.6,139,3,3132.8,54,1,3132.9,13,1,3133.1,32,1
2031,2026-06-16 09:48:27+05:30,3132.3,6,3140.85,556699,106330.0,186214.0,3163.0,3163.0,3128.0,3134.3,31767800,3447.7,2820.9,3839.9,2896.0,3132.3,46,6,3132.0,414,5,3131.8,87,2,3131.7,16,1,3131.6,157,5,3132.5,321,7,3132.6,139,3,3132.8,54,1,3133.1,32,1,3133.4,125,3
2031,2026-06-16 09:48:27+05:30,3132.3,6,3140.85,556699,106330.0,186214.0,3163.0,3163.0,3128.0,3134.3,31767800,3447.7,2820.9,3839.9,2896.0,3132.3,46,6,3132.0,414,5,3131.8,87,2,3131.7,16,1,3131.6,157,5,3132.5,321,7,3132.6,139,3,3132.8,54,1,3133.1,32,1,3133.4,125,3
2031,2026-06-16 09:48:28+05:30,3132.1,31,3140.85,556699,106330.0,186214.0,3163.0,3163.0,3128.0,3134.3,31767800,3447.7,2820.9,3839.9,2896.0,3132.3,46,6,3132.0,414,5,3131.8,87,2,3131.7,16,1,3131.6,157,5,3132.5,321,7,3132.6,139,3,3132.8,54,1,3133.1,32,1,3133.4,125,3
2031,2026-06-16 09:48:28+05:30,3132.1,31,3140.85,557157,106206.0,185234.0,3163.0,3163.0,3128.0,3134.3,31767800,3447.7,2820.9,3839.9,2896.0,3132.0,391,4,3131.8,23,1,3131.6,23,1,3131.5,12,2,3131.4,76,4,3132.1,33,1,3132.5,47,4,3132.6,360,5,3132.8,54,1,3133.1,14,1
2031,2026-06-16 09:48:28+05:30,3132.1,31,3140.85,557157,106206.0,185234.0,3163.0,3163.0,3128.0,3134.3,31767800,3447.7,2820.9,3839.9,2896.0,3132.0,391,4,3131.8,23,1,3131.6,23,1,3131.5,12,2,3131.4,76,4,3132.1,33,1,3132.5,47,4,3132.6,360,5,3132.8,54,1,3133.1,14,1
2031,2026-06-16 09:48:29+05:30,3132.3,1,3140.85,557157,106206.0,185234.0,3163.0,3163.0,3128.0,3134.3,31767800,3447.7,2820.9,3839.9,2896.0,3132.0,391,4,3131.8,23,1,3131.6,23,1,3131.5,12,2,3131.4,76,4,3132.1,33,1,3132.5,47,4,3132.6,360,5,3132.8,54,1,3133.1,14,1
2031,2026-06-16 09:48:29+05:30,3132.3,1,3140.85,557240,106313.0,185405.0,3163.0,3163.0,3128.0,3134.3,31767800,3447.7,2820.9,3839.9,2896.0,3132.3,17,1,3132.0,499,8,3131.9,33,2,3131.8,37,2,3131.6,74,3,3132.5,48,2,3132.6,360,5,3132.8,54,1,3133.2,99,3,3133.3,34,1
2031,2026-06-16 09:48:29+05:30,3132.3,1,3140.85,557240,106313.0,185405.0,3163.0,3163.0,3128.0,3134.3,31767800,3447.7,2820.9,3839.9,2896.0,3132.3,17,1,3132.0,499,8,3131.9,33,2,3131.8,37,2,3131.6,74,3,3132.5,48,2,3132.6,360,5,3132.8,54,1,3133.2,99,3,3133.3,34,1
2031,2026-06-16 09:48:30+05:30,3133.2,1,3140.85,557240,106313.0,185405.0,3163.0,3163.0,3128.0,3134.3,31767800,3447.7,2820.9,3839.9,2896.0,3132.3,17,1,3132.0,499,8,3131.9,33,2,3131.8,37,2,3131.6,74,3,3132.5,48,2,3132.6,360,5,3132.8,54,1,3133.2,99,3,3133.3,34,1
2031,2026-06-16 09:48:30+05:30,3133.2,1,3140.85,557240,106313.0,185405.0,3163.0,3163.0,3128.0,3134.3,31767800,3447.7,2820.9,3839.9,2896.0,3132.3,17,1,3132.0,499,8,3131.9,33,2,3131.8,37,2,3131.6,74,3,3132.5,48,2,3132.6,360,5,3132.8,54,1,3133.2,99,3,3133.3,34,1
2031,2026-06-16 09:48:30+05:30,3133.2,1,3140.83,558346,106853.0,183115.0,3163.0,3163.0,3128.0,3134.3,31767800,3447.7,2820.9,3839.9,2896.0,3132.5,41,3,3132.3,131,6,3132.2,43,2,3132.1,53,4,3132.0,702,13,3133.2,25,2,3133.9,102,2,3134.0,403,5,3134.2,153,6,3134.3,64,1
2031,2026-06-16 09:48:31+05:30,3133.2,1,3140.83,558346,106853.0,183115.0,3163.0,3163.0,3128.0,3134.3,31767800,3447.7,2820.9,3839.9,2896.0,3132.5,41,3,3132.3,131,6,3132.2,43,2,3132.1,53,4,3132.0,702,13,3133.2,25,2,3133.9,102,2,3134.0,403,5,3134.2,153,6,3134.3,64,1
2031,2026-06-16 09:48:31+05:30,3133.2,1,3140.83,558346,106853.0,183115.0,3163.0,3163.0,3128.0,3134.3,31772200,3447.7,2820.9,3839.9,2896.0,3132.5,41,3,3132.3,131,6,3132.2,43,2,3132.1,53,4,3132.0,702,13,3133.2,25,2,3133.9,102,2,3134.0,403,5,3134.2,153,6,3134.3,64,1
2031,2026-06-16 09:48:31+05:30,3133.2,1,3140.83,558347,107742.0,181911.0,3163.0,3163.0,3128.0,3134.3,31772200,3447.7,2820.9,3839.9,2896.0,3132.9,2,2,3132.8,10,2,3132.7,23,1,3132.6,19,1,3132.5,257,5,3133.2,85,4,3133.9,137,3,3134.0,256,5,3134.1,39,1,3134.2,128,5
2031,2026-06-16 09:48:32+05:30,3133.2,5,3140.83,558352,107887.0,182548.0,3163.0,3163.0,3128.0,3134.3,31772200,3447.7,2820.9,3839.9,2896.0,3132.9,37,4,3132.8,37,4,3132.7,10,1,3132.6,76,3,3132.5,263,6,3133.2,104,5,3133.9,96,2,3134.0,237,4,3134.1,19,1,3134.2,303,5
2031,2026-06-16 09:48:33+05:30,3133.2,5,3140.83,558352,107887.0,182548.0,3163.0,3163.0,3128.0,3134.3,31772200,3447.7,2820.9,3839.9,2896.0,3132.9,37,4,3132.8,37,4,3132.7,10,1,3132.6,76,3,3132.5,263,6,3133.2,104,5,3133.9,96,2,3134.0,237,4,3134.1,19,1,3134.2,303,5
2031,2026-06-16 09:48:33+05:30,3133.2,5,3140.83,558352,107615.0,182077.0,3163.0,3163.0,3128.0,3134.3,31772200,3447.7,2820.9,3839.9,2896.0,3132.9,22,3,3132.8,2,1,3132.6,23,1,3132.5,185,4,3132.4,23,1,3133.1,19,1,3133.2,214,6,3133.9,115,3,3134.0,437,5,3134.1,214,2
2031,2026-06-16 09:48:34+05:30,3133.1,9,3140.83,558361,107758.0,183764.0,3163.0,3163.0,3128.0,3134.3,31772200,3447.7,2820.9,3839.9,2896.0,3132.9,97,4,3132.8,25,2,3132.7,8,1,3132.6,33,2,3132.5,197,5,3133.1,10,1,3133.2,214,6,3133.5,12,1,3133.9,52,2,3134.0,237,4
2031,2026-06-16 09:48:35+05:30,3133.1,9,3140.83,558361,107758.0,183764.0,3163.0,3163.0,3128.0,3134.3,31772200,3447.7,2820.9,3839.9,2896.0,3132.9,97,4,3132.8,25,2,3132.7,8,1,3132.6,33,2,3132.5,197,5,3133.1,10,1,3133.2,214,6,3133.5,12,1,3133.9,52,2,3134.0,237,4
2031,2026-06-16 09:48:35+05:30,3133.2,3,3140.83,558380,107920.0,183309.0,3163.0,3163.0,3128.0,3134.3,31772200,3447.7,2820.9,3839.9,2896.0,3133.0,2,2,3132.9,94,3,3132.8,25,2,3132.7,34,2,3132.6,33,2,3133.1,6,1,3133.2,194,5,3133.5,12,1,3133.9,52,2,3134.0,184,3
2031,2026-06-16 09:48:36+05:30,3133.0,3,3140.83,558380,107920.0,183309.0,3163.0,3163.0,3128.0,3134.3,31772200,3447.7,2820.9,3839.9,2896.0,3133.0,2,2,3132.9,94,3,3132.8,25,2,3132.7,34,2,3132.6,33,2,3133.1,6,1,3133.2,194,5,3133.5,12,1,3133.9,52,2,3134.0,184,3
2031,2026-06-16 09:48:36+05:30,3133.1,1,3140.83,558430,107477.0,183412.0,3163.0,3163.0,3128.0,3134.3,31772200,3447.7,2820.9,3839.9,2896.0,3133.0,26,3,3132.9,103,4,3132.6,23,1,3132.5,249,5,3132.4,37,2,3133.1,19,2,3133.2,194,5,3133.9,142,4,3134.0,223,4,3134.1,14,1
2031,2026-06-16 09:48:37+05:30,3133.1,1,3140.83,558430,107477.0,183412.0,3163.0,3163.0,3128.0,3134.3,31772200,3447.7,2820.9,3839.9,2896.0,3133.0,26,3,3132.9,103,4,3132.6,23,1,3132.5,249,5,3132.4,37,2,3133.1,19,2,3133.2,194,5,3133.9,142,4,3134.0,223,4,3134.1,14,1
2031,2026-06-16 09:48:37+05:30,3133.1,20,3140.83,558470,107567.0,183832.0,3163.0,3163.0,3128.0,3134.3,31772200,3447.7,2820.9,3839.9,2896.0,3133.0,3,2,3132.9,104,4,3132.5,249,5,3132.4,14,1,3132.3,105,4,3133.2,194,5,3133.5,22,1,3133.6,19,1,3133.8,19,1,3133.9,91,3
2031,2026-06-16 09:48:38+05:30,3133.1,20,3140.83,558470,107567.0,183832.0,3163.0,3163.0,3128.0,3134.3,31772200,3447.7,2820.9,3839.9,2896.0,3133.0,3,2,3132.9,104,4,3132.5,249,5,3132.4,14,1,3132.3,105,4,3133.2,194,5,3133.5,22,1,3133.6,19,1,3133.8,19,1,3133.9,91,3
2031,2026-06-16 09:48:38+05:30,3133.1,20,3140.83,558470,107558.0,183860.0,3163.0,3163.0,3128.0,3134.3,31772200,3447.7,2820.9,3839.9,2896.0,3133.0,94,4,3132.9,88,3,3132.6,23,1,3132.5,263,6,3132.4,57,2,3133.1,1,1,3133.2,199,5,3133.5,15,1,3133.9,64,1,3134.0,242,5
2031,2026-06-16 09:48:39+05:30,3133.2,15,3140.83,558570,107443.0,183737.0,3163.0,3163.0,3128.0,3134.3,31772200,3447.7,2820.9,3839.9,2896.0,3133.0,94,4,3132.9,88,3,3132.5,249,5,3132.4,23,1,3132.3,103,4,3133.2,95,1,3133.5,15,1,3133.7,19,1,3133.9,92,2,3134.0,422,5
2031,2026-06-16 09:48:40+05:30,3133.2,33,3140.83,558570,107443.0,183737.0,3163.0,3163.0,3128.0,3134.3,31772200,3447.7,2820.9,3839.9,2896.0,3133.0,94,4,3132.9,88,3,3132.5,249,5,3132.4,23,1,3132.3,103,4,3133.2,95,1,3133.5,15,1,3133.7,19,1,3133.9,92,2,3134.0,422,5
2031,2026-06-16 09:48:40+05:30,3133.7,8,3140.82,558706,108984.0,183713.0,3163.0,3163.0,3128.0,3134.3,31772200,3447.7,2820.9,3839.9,2896.0,3133.2,200,1,3133.1,1,1,3133.0,89,4,3132.9,112,3,3132.7,85,2,3133.7,18,1,3133.9,28,1,3134.0,100,1,3134.2,121,4,3134.3,68,1
2031,2026-06-16 09:48:41+05:30,3133.7,8,3140.82,558706,108984.0,183713.0,3163.0,3163.0,3128.0,3134.3,31772200,3447.7,2820.9,3839.9,2896.0,3133.2,200,1,3133.1,1,1,3133.0,89,4,3132.9,112,3,3132.7,85,2,3133.7,18,1,3133.9,28,1,3134.0,100,1,3134.2,121,4,3134.3,68,1
2031,2026-06-16 09:48:41+05:30,3133.7,1,3140.82,558707,108937.0,183977.0,3163.0,3163.0,3128.0,3134.3,31772200,3447.7,2820.9,3839.9,2896.0,3133.4,2,1,3133.2,312,2,3133.1,1,1,3133.0,109,4,3132.9,80,2,3133.7,5,1,3133.9,28,1,3134.0,148,2,3134.1,239,2,3134.2,310,5
2031,2026-06-16 09:48:42+05:30,3133.7,1,3140.82,558707,108937.0,183977.0,3163.0,3163.0,3128.0,3134.3,31772200,3447.7,2820.9,3839.9,2896.0,3133.4,2,1,3133.2,312,2,3133.1,1,1,3133.0,109,4,3132.9,80,2,3133.7,5,1,3133.9,28,1,3134.0,148,2,3134.1,239,2,3134.2,310,5
2031,2026-06-16 09:48:42+05:30,3133.7,5,3140.82,558712,108744.0,183604.0,3163.0,3163.0,3128.0,3134.3,31772200,3447.7,2820.9,3839.9,2896.0,3133.4,2,1,3133.2,312,2,3133.1,2,2,3133.0,109,4,3132.9,80,2,3133.9,28,1,3134.0,167,3,3134.1,267,3,3134.2,82,3,3134.4,307,7
2031,2026-06-16 09:48:43+05:30,3133.7,5,3140.82,558712,108744.0,183604.0,3163.0,3163.0,3128.0,3134.3,31772200,3447.7,2820.9,3839.9,2896.0,3133.4,2,1,3133.2,312,2,3133.1,2,2,3133.0,109,4,3132.9,80,2,3133.9,28,1,3134.0,167,3,3134.1,267,3,3134.2,82,3,3134.4,307,7
2031,2026-06-16 09:48:43+05:30,3133.9,1,3140.82,558713,108946.0,183411.0,3163.0,3163.0,3128.0,3134.3,31772200,3447.7,2820.9,3839.9,2896.0,3133.4,33,4,3133.2,312,2,3133.1,2,2,3133.0,87,3,3132.9,80,2,3133.9,27,1,3134.0,167,3,3134.1,250,3,3134.2,109,4,3134.4,286,6
2031,2026-06-16 09:48:44+05:30,3133.9,1,3140.82,558713,108946.0,183411.0,3163.0,3163.0,3128.0,3134.3,31772200,3447.7,2820.9,3839.9,2896.0,3133.4,33,4,3133.2,312,2,3133.1,2,2,3133.0,87,3,3132.9,80,2,3133.9,27,1,3134.0,167,3,3134.1,250,3,3134.2,109,4,3134.4,286,6
2031,2026-06-16 09:48:45+05:30,3133.4,10,3140.82,558756,108514.0,184075.0,3163.0,3163.0,3128.0,3134.3,31772200,3447.7,2820.9,3839.9,2896.0,3133.4,131,5,3133.2,325,3,3133.1,2,2,3133.0,87,3,3132.9,65,1,3133.9,47,3,3134.0,187,3,3134.1,274,4,3134.2,208,6,3134.3,30,1
2031,2026-06-16 09:48:45+05:30,3133.4,10,3140.82,558756,108514.0,184075.0,3163.0,3163.0,3128.0,3134.3,31772200,3447.7,2820.9,3839.9,2896.0,3133.4,131,5,3133.2,325,3,3133.1,2,2,3133.0,87,3,3132.9,65,1,3133.9,47,3,3134.0,187,3,3134.1,274,4,3134.2,208,6,3134.3,30,1
2031,2026-06-16 09:48:46+05:30,3133.2,32,3140.81,559533,108059.0,184685.0,3163.0,3163.0,3128.0,3134.3,31772200,3447.7,2820.9,3839.9,2896.0,3133.4,86,3,3133.2,280,2,3133.1,1,1,3133.0,69,2,3132.9,65,1,3133.8,141,7,3133.9,93,5,3134.0,426,6,3134.1,104,4,3134.2,435,8
2031,2026-06-16 09:48:46+05:30,3133.2,32,3140.81,559533,108059.0,184685.0,3163.0,3163.0,3128.0,3134.3,31772200,3447.7,2820.9,3839.9,2896.0,3133.4,86,3,3133.2,280,2,3133.1,1,1,3133.0,69,2,3132.9,65,1,3133.8,141,7,3133.9,93,5,3134.0,426,6,3134.1,104,4,3134.2,435,8
2031,2026-06-16 09:48:47+05:30,3133.6,1,3140.81,559533,108059.0,184685.0,3163.0,3163.0,3128.0,3134.3,31772200,3447.7,2820.9,3839.9,2896.0,3133.4,86,3,3133.2,280,2,3133.1,1,1,3133.0,69,2,3132.9,65,1,3133.8,141,7,3133.9,93,5,3134.0,426,6,3134.1,104,4,3134.2,435,8
2031,2026-06-16 09:48:47+05:30,3133.6,1,3140.8,560212,107396.0,184412.0,3163.0,3163.0,3128.0,3134.3,31772200,3447.7,2820.9,3839.9,2896.0,3133.2,80,1,3133.1,1,1,3133.0,69,2,3132.9,65,1,3132.5,112,2,3133.6,42,3,3133.7,77,4,3133.8,220,7,3133.9,318,5,3134.0,206,4
2031,2026-06-16 09:48:48+05:30,3133.2,80,3140.8,560212,107396.0,184412.0,3163.0,3163.0,3128.0,3134.3,31772200,3447.7,2820.9,3839.9,2896.0,3133.2,80,1,3133.1,1,1,3133.0,69,2,3132.9,65,1,3132.5,112,2,3133.6,42,3,3133.7,77,4,3133.8,220,7,3133.9,318,5,3134.0,206,4
2031,2026-06-16 09:48:48+05:30,3132.5,63,3140.8,560492,106563.0,184532.0,3163.0,3163.0,3128.0,3134.3,31772200,3447.7,2820.9,3839.9,2896.0,3132.5,49,2,3132.3,5,1,3132.1,14,1,3132.0,289,5,3131.9,26,1,3133.2,97,1,3133.5,77,4,3133.6,187,7,3133.7,134,3,3133.8,242,8
2031,2026-06-16 09:48:49+05:30,3133.2,95,3140.8,560492,106563.0,184532.0,3163.0,3163.0,3128.0,3134.3,31772200,3447.7,2820.9,3839.9,2896.0,3132.5,49,2,3132.3,5,1,3132.1,14,1,3132.0,289,5,3131.9,26,1,3133.2,97,1,3133.5,77,4,3133.6,187,7,3133.7,134,3,3133.8,242,8
2031,2026-06-16 09:48:49+05:30,3133.2,95,3140.8,560587,107111.0,184336.0,3163.0,3163.0,3128.0,3134.3,31772200,3447.7,2820.9,3839.9,2896.0,3133.0,60,2,3132.5,55,3,3132.3,5,1,3132.1,46,2,3132.0,312,6,3133.2,2,1,3133.4,153,2,3133.5,86,4,3133.6,120,6,3133.7,50,2
2031,2026-06-16 09:48:50+05:30,3133.2,1,3140.8,560587,107111.0,184336.0,3163.0,3163.0,3128.0,3134.3,31772200,3447.7,2820.9,3839.9,2896.0,3133.0,60,2,3132.5,55,3,3132.3,5,1,3132.1,46,2,3132.0,312,6,3133.2,2,1,3133.4,153,2,3133.5,86,4,3133.6,120,6,3133.7,50,2
2031,2026-06-16 09:48:50+05:30,3133.2,1,3140.8,560589,108237.0,184590.0,3163.0,3163.0,3128.0,3134.3,31772200,3447.7,2820.9,3839.9,2896.0,3133.1,28,3,3133.0,60,2,3132.5,55,3,3132.3,5,1,3132.1,14,1,3133.2,1,1,3133.4,93,2,3133.5,73,3,3133.6,95,5,3133.7,66,2
2031,2026-06-16 09:48:51+05:30,3133.1,9,3140.8,560589,108237.0,184590.0,3163.0,3163.0,3128.0,3134.3,31772200,3447.7,2820.9,3839.9,2896.0,3133.1,28,3,3133.0,60,2,3132.5,55,3,3132.3,5,1,3132.1,14,1,3133.2,1,1,3133.4,93,2,3133.5,73,3,3133.6,95,5,3133.7,66,2
2031,2026-06-16 09:48:51+05:30,3133.1,37,3140.8,560672,107976.0,183102.0,3163.0,3163.0,3128.0,3134.3,31772200,3447.7,2820.9,3839.9,2896.0,3133.1,24,1,3133.0,34,1,3132.5,55,3,3132.3,5,1,3132.1,14,1,3133.2,20,2,3133.4,132,3,3133.5,73,3,3133.6,351,8,3133.7,66,2
2031,2026-06-16 09:48:52+05:30,3133.1,43,3140.8,560672,107976.0,183102.0,3163.0,3163.0,3128.0,3134.3,31772200,3447.7,2820.9,3839.9,2896.0,3133.1,24,1,3133.0,34,1,3132.5,55,3,3132.3,5,1,3132.1,14,1,3133.2,20,2,3133.4,132,3,3133.5,73,3,3133.6,351,8,3133.7,66,2
2031,2026-06-16 09:48:52+05:30,3133.2,1,3140.8,560716,108036.0,184938.0,3163.0,3163.0,3128.0,3134.3,31772200,3447.7,2820.9,3839.9,2896.0,3133.0,55,2,3132.5,55,3,3132.3,5,1,3132.1,14,1,3132.0,312,6,3133.2,31,2,3133.3,39,1,3133.4,107,3,3133.5,73,3,3133.6,371,9
2031,2026-06-16 09:48:53+05:30,3133.0,10,3140.8,560716,108036.0,184938.0,3163.0,3163.0,3128.0,3134.3,31772200,3447.7,2820.9,3839.9,2896.0,3133.0,55,2,3132.5,55,3,3132.3,5,1,3132.1,14,1,3132.0,312,6,3133.2,31,2,3133.3,39,1,3133.4,107,3,3133.5,73,3,3133.6,371,9
2031,2026-06-16 09:48:53+05:30,3133.0,10,3140.8,560726,108107.0,185139.0,3163.0,3163.0,3128.0,3134.3,31772200,3447.7,2820.9,3839.9,2896.0,3133.0,47,3,3132.5,55,3,3132.3,5,1,3132.1,185,2,3132.0,312,6,3133.2,35,2,3133.3,58,2,3133.4,93,2,3133.5,73,3,3133.6,321,7
2031,2026-06-16 09:48:54+05:30,3133.0,16,3140.8,560766,107671.0,185129.0,3163.0,3163.0,3128.0,3134.3,31772200,3447.7,2820.9,3839.9,2896.0,3133.0,41,3,3132.5,55,3,3132.3,5,1,3132.1,14,1,3132.0,312,6,3133.2,93,5,3133.3,29,2,3133.4,132,3,3133.5,73,3,3133.6,405,8
2031,2026-06-16 09:48:55+05:30,3133.0,16,3140.8,560766,107671.0,185129.0,3163.0,3163.0,3128.0,3134.3,31772200,3447.7,2820.9,3839.9,2896.0,3133.0,41,3,3132.5,55,3,3132.3,5,1,3132.1,14,1,3132.0,312,6,3133.2,93,5,3133.3,29,2,3133.4,132,3,3133.5,73,3,3133.6,405,8
2031,2026-06-16 09:48:55+05:30,3133.6,63,3140.79,561267,108360.0,184562.0,3163.0,3163.0,3128.0,3134.3,31772200,3447.7,2820.9,3839.9,2896.0,3133.0,41,3,3132.5,55,3,3132.3,5,1,3132.1,14,1,3132.0,289,5,3133.2,2,1,3133.5,89,3,3133.6,174,3,3133.7,2,1,3133.8,373,6
2031,2026-06-16 09:48:56+05:30,3133.6,63,3140.79,561267,108360.0,184562.0,3163.0,3163.0,3128.0,3134.3,31772200,3447.7,2820.9,3839.9,2896.0,3133.0,41,3,3132.5,55,3,3132.3,5,1,3132.1,14,1,3132.0,289,5,3133.2,2,1,3133.5,89,3,3133.6,174,3,3133.7,2,1,3133.8,373,6
2031,2026-06-16 09:48:56+05:30,3133.2,19,3140.79,561308,108216.0,184715.0,3163.0,3163.0,3128.0,3134.3,31772200,3447.7,2820.9,3839.9,2896.0,3133.2,28,2,3133.0,36,2,3132.5,55,3,3132.3,5,1,3132.1,14,1,3133.4,65,3,3133.5,37,2,3133.6,222,4,3133.7,2,1,3133.8,353,6
2031,2026-06-16 09:48:57+05:30,3133.2,1,3140.79,561308,108216.0,184715.0,3163.0,3163.0,3128.0,3134.3,31772200,3447.7,2820.9,3839.9,2896.0,3133.2,28,2,3133.0,36,2,3132.5,55,3,3132.3,5,1,3132.1,14,1,3133.4,65,3,3133.5,37,2,3133.6,222,4,3133.7,2,1,3133.8,353,6
2031,2026-06-16 09:48:57+05:30,3133.2,1,3140.79,561309,108185.0,185060.0,3163.0,3163.0,3128.0,3134.3,31772200,3447.7,2820.9,3839.9,2896.0,3133.0,63,4,3132.5,55,3,3132.3,5,1,3132.1,14,1,3132.0,289,5,3133.3,17,1,3133.4,143,7,3133.5,181,3,3133.6,143,4,3133.7,310,4
2031,2026-06-16 09:48:58+05:30,3133.1,1,3140.79,561309,108185.0,185060.0,3163.0,3163.0,3128.0,3134.3,31772200,3447.7,2820.9,3839.9,2896.0,3133.0,63,4,3132.5,55,3,3132.3,5,1,3132.1,14,1,3132.0,289,5,3133.3,17,1,3133.4,143,7,3133.5,181,3,3133.6,143,4,3133.7,310,4
2031,2026-06-16 09:48:58+05:30,3133.1,1,3140.78,561858,107497.0,184955.0,3163.0,3163.0,3128.0,3134.3,31772200,3447.7,2820.9,3839.9,2896.0,3132.5,55,3,3132.3,5,1,3132.0,289,5,3131.6,44,2,3131.5,12,2,3133.1,43,3,3133.2,17,1,3133.3,113,4,3133.4,280,7,3133.5,65,3
2031,2026-06-16 09:48:59+05:30,3132.7,1,3140.78,561859,107158.0,186328.0,3163.0,3163.0,3128.0,3134.3,31772200,3447.7,2820.9,3839.9,2896.0,3132.5,70,4,3132.3,5,1,3132.0,289,5,3131.5,12,2,3131.4,122,4,3132.7,136,1,3132.9,258,3,3133.0,41,1,3133.1,113,5,3133.2,142,3
2031,2026-06-16 09:49:00+05:30,3132.5,4,3140.78,561859,107158.0,186328.0,3163.0,3163.0,3128.0,3134.3,31772200,3447.7,2820.9,3839.9,2896.0,3132.5,70,4,3132.3,5,1,3132.0,289,5,3131.5,12,2,3131.4,122,4,3132.7,136,1,3132.9,258,3,3133.0,41,1,3133.1,113,5,3133.2,142,3
2031,2026-06-16 09:49:00+05:30,3132.5,4,3140.78,561900,121704.0,186180.0,3163.0,3163.0,3128.0,3134.3,31772200,3447.7,2820.9,3839.9,2896.0,3132.6,2,2,3132.5,30,4,3132.3,5,1,3132.0,289,5,3131.5,12,2,3132.7,166,3,3132.8,19,1,3132.9,230,2,3133.0,60,2,3133.1,93,4
2031,2026-06-16 09:49:01+05:30,3132.0,70,3140.78,561900,121704.0,186180.0,3163.0,3163.0,3128.0,3134.3,31772200,3447.7,2820.9,3839.9,2896.0,3132.6,2,2,3132.5,30,4,3132.3,5,1,3132.0,289,5,3131.5,12,2,3132.7,166,3,3132.8,19,1,3132.9,230,2,3133.0,60,2,3133.1,93,4
2031,2026-06-16 09:49:01+05:30,3132.0,70,3140.77,562876,121290.0,185150.0,3163.0,3163.0,3128.0,3134.3,31772200,3447.7,2820.9,3839.9,2896.0,3132.0,334,7,3131.9,55,3,3131.8,100,4,3131.7,40,2,3131.6,140,4,3132.7,30,2,3132.9,230,2,3133.0,41,1,3133.4,86,3,3133.5,75,1
2031,2026-06-16 09:49:02+05:30,3132.6,10,3140.77,562876,121290.0,185150.0,3163.0,3163.0,3128.0,3134.3,31772200,3447.7,2820.9,3839.9,2896.0,3132.0,334,7,3131.9,55,3,3131.8,100,4,3131.7,40,2,3131.6,140,4,3132.7,30,2,3132.9,230,2,3133.0,41,1,3133.4,86,3,3133.5,75,1
2031,2026-06-16 09:49:02+05:30,3132.6,10,3140.77,562886,121690.0,185324.0,3163.0,3163.0,3128.0,3134.3,31772200,3447.7,2820.9,3839.9,2896.0,3132.1,17,1,3132.0,334,7,3131.9,91,4,3131.8,100,4,3131.7,40,2,3132.7,159,4,3132.9,230,2,3133.0,41,1,3133.4,114,4,3133.5,185,3
2031,2026-06-16 09:49:03+05:30,3132.7,1,3140.77,562886,121690.0,185324.0,3163.0,3163.0,3128.0,3134.3,31772200,3447.7,2820.9,3839.9,2896.0,3132.1,17,1,3132.0,334,7,3131.9,91,4,3131.8,100,4,3131.7,40,2,3132.7,159,4,3132.9,230,2,3133.0,41,1,3133.4,114,4,3133.5,185,3
2031,2026-06-16 09:49:03+05:30,3132.7,1,3140.77,562888,121762.0,185199.0,3163.0,3163.0,3128.0,3134.3,31772200,3447.7,2820.9,3839.9,2896.0,3132.0,332,8,3131.9,91,4,3131.8,100,4,3131.7,40,2,3131.6,110,4,3132.7,184,5,3132.9,230,2,3133.0,41,1,3133.4,114,4,3133.5,185,3
2031,2026-06-16 09:49:04+05:30,3132.7,1,3140.77,562888,121951.0,185519.0,3163.0,3163.0,3128.0,3134.3,31772200,3447.7,2820.9,3839.9,2896.0,3132.1,67,6,3132.0,328,8,3131.9,91,4,3131.8,100,4,3131.7,40,2,3132.7,184,5,3132.9,230,2,3133.0,41,1,3133.4,114,4,3133.5,110,2
2031,2026-06-16 09:49:05+05:30,3132.1,8,3140.77,562896,123634.0,185095.0,3163.0,3163.0,3128.0,3134.3,31772200,3447.7,2820.9,3839.9,2896.0,3132.5,1600,1,3132.1,90,9,3132.0,313,6,3131.9,142,6,3131.8,143,6,3132.7,184,5,3132.9,230,2,3133.0,41,1,3133.4,60,2,3133.5,110,2
2031,2026-06-16 09:49:06+05:30,3132.1,8,3140.77,562896,123634.0,185095.0,3163.0,3163.0,3128.0,3134.3,31772200,3447.7,2820.9,3839.9,2896.0,3132.5,1600,1,3132.1,90,9,3132.0,313,6,3131.9,142,6,3131.8,143,6,3132.7,184,5,3132.9,230,2,3133.0,41,1,3133.4,60,2,3133.5,110,2
2031,2026-06-16 09:49:06+05:30,3132.1,8,3140.77,562896,123664.0,185167.0,3163.0,3163.0,3128.0,3134.3,31772200,3447.7,2820.9,3839.9,2896.0,3132.5,1636,2,3132.3,59,2,3132.1,58,7,3132.0,336,7,3131.9,142,6,3132.7,184,5,3132.9,230,2,3133.0,41,1,3133.4,60,2,3133.5,110,2
2031,2026-06-16 09:49:07+05:30,3132.1,8,3140.77,562896,123958.0,185189.0,3163.0,3163.0,3128.0,3134.3,31772200,3447.7,2820.9,3839.9,2896.0,3132.5,1834,5,3132.3,44,2,3132.2,23,1,3132.1,104,9,3132.0,336,7,3132.7,184,5,3132.9,230,2,3133.0,41,1,3133.4,124,3,3133.5,110,2
2031,2026-06-16 09:49:08+05:30,3132.5,40,3140.77,562937,123917.0,185277.0,3163.0,3163.0,3128.0,3134.3,31772200,3447.7,2820.9,3839.9,2896.0,3132.5,1771,4,3132.4,23,1,3132.3,36,1,3132.2,23,1,3132.1,85,8,3132.7,383,6,3132.9,30,1,3133.0,241,2,3133.4,60,2,3133.5,174,3
2031,2026-06-16 09:49:09+05:30,3132.5,40,3140.77,562937,123917.0,185277.0,3163.0,3163.0,3128.0,3134.3,31772200,3447.7,2820.9,3839.9,2896.0,3132.5,1771,4,3132.4,23,1,3132.3,36,1,3132.2,23,1,3132.1,85,8,3132.7,383,6,3132.9,30,1,3133.0,241,2,3133.4,60,2,3133.5,174,3
2031,2026-06-16 09:49:09+05:30,3132.7,71,3140.76,563191,123950.0,183536.0,3163.0,3163.0,3128.0,3134.3,31772200,3447.7,2820.9,3839.9,2896.0,3132.5,1771,4,3132.4,23,1,3132.3,36,1,3132.2,23,1,3132.1,25,5,3132.7,225,4,3132.9,30,1,3133.0,241,2,3133.4,60,2,3133.5,174,3
2031,2026-06-16 09:49:10+05:30,3132.7,71,3140.76,563191,123950.0,183536.0,3163.0,3163.0,3128.0,3134.3,31772200,3447.7,2820.9,3839.9,2896.0,3132.5,1771,4,3132.4,23,1,3132.3,36,1,3132.2,23,1,3132.1,25,5,3132.7,225,4,3132.9,30,1,3133.0,241,2,3133.4,60,2,3133.5,174,3
2031,2026-06-16 09:49:10+05:30,3132.5,31,3140.76,563222,124019.0,183740.0,3163.0,3163.0,3128.0,3134.3,31772200,3447.7,2820.9,3839.9,2896.0,3132.5,1829,5,3132.3,36,1,3132.1,35,5,3132.0,313,6,3131.9,79,5,3132.7,327,6,3132.9,30,1,3133.0,241,2,3133.4,60,2,3133.5,174,3
2031,2026-06-16 09:49:11+05:30,3132.5,31,3140.76,563222,124019.0,183740.0,3163.0,3163.0,3128.0,3134.3,31772200,3447.7,2820.9,3839.9,2896.0,3132.5,1829,5,3132.3,36,1,3132.1,35,5,3132.0,313,6,3131.9,79,5,3132.7,327,6,3132.9,30,1,3133.0,241,2,3133.4,60,2,3133.5,174,3
2031,2026-06-16 09:49:11+05:30,3132.5,31,3140.76,563222,123986.0,185540.0,3163.0,3163.0,3128.0,3134.3,31772200,3447.7,2820.9,3839.9,2896.0,3132.5,1945,7,3132.3,36,1,3132.2,26,1,3132.1,9,4,3132.0,403,8,3132.7,327,6,3132.9,30,1,3133.0,241,2,3133.4,60,2,3133.5,174,3
2031,2026-06-16 09:49:12+05:30,3132.5,31,3140.76,563222,123009.0,185570.0,3163.0,3163.0,3128.0,3134.3,31772200,3447.7,2820.9,3839.9,2896.0,3132.5,1919,6,3132.3,36,1,3132.2,26,1,3132.1,14,4,3132.0,403,8,3132.7,352,7,3132.9,30,1,3133.0,241,2,3133.4,60,2,3133.5,174,3
2031,2026-06-16 09:49:13+05:30,3132.7,72,3140.76,563295,123025.0,185213.0,3163.0,3163.0,3128.0,3134.3,31772200,3447.7,2820.9,3839.9,2896.0,3132.5,1933,7,3132.4,26,1,3132.3,36,1,3132.2,26,1,3132.1,14,4,3132.7,266,7,3132.9,30,1,3133.0,241,2,3133.4,60,2,3133.5,174,3
2031,2026-06-16 09:49:14+05:30,3132.7,72,3140.76,563295,123025.0,185213.0,3163.0,3163.0,3128.0,3134.3,31772200,3447.7,2820.9,3839.9,2896.0,3132.5,1933,7,3132.4,26,1,3132.3,36,1,3132.2,26,1,3132.1,14,4,3132.7,266,7,3132.9,30,1,3133.0,241,2,3133.4,60,2,3133.5,174,3
2031,2026-06-16 09:49:14+05:30,3132.7,72,3140.76,563295,123025.0,185213.0,3163.0,3163.0,3128.0,3134.3,31772200,3447.7,2820.9,3839.9,2896.0,3132.5,1933,7,3132.4,26,1,3132.3,36,1,3132.2,26,1,3132.1,14,4,3132.7,266,7,3132.9,30,1,3133.0,241,2,3133.4,60,2,3133.5,174,3
2031,2026-06-16 09:49:14+05:30,3132.7,72,3140.76,563295,123043.0,183775.0,3163.0,3163.0,3128.0,3134.3,31772200,3447.7,2820.9,3839.9,2896.0,3132.5,1931,8,3132.4,26,1,3132.3,61,2,3132.2,26,1,3132.1,3,3,3132.7,286,8,3132.9,30,1,3133.0,241,2,3133.4,60,2,3133.5,174,3
2031,2026-06-16 09:49:15+05:30,3132.5,175,3140.76,563650,122907.0,183813.0,3163.0,3163.0,3128.0,3134.3,31772200,3447.7,2820.9,3839.9,2896.0,3132.5,1718,10,3132.4,26,1,3132.3,89,4,3132.2,26,1,3132.1,49,4,3132.7,213,6,3132.9,30,1,3133.0,241,2,3133.4,28,1,3133.5,142,3
2031,2026-06-16 09:49:16+05:30,3132.5,175,3140.76,563650,122907.0,183813.0,3163.0,3163.0,3128.0,3134.3,31772200,3447.7,2820.9,3839.9,2896.0,3132.5,1718,10,3132.4,26,1,3132.3,89,4,3132.2,26,1,3132.1,49,4,3132.7,213,6,3132.9,30,1,3133.0,241,2,3133.4,28,1,3133.5,142,3
2031,2026-06-16 09:49:16+05:30,3132.5,175,3140.76,563650,122907.0,183813.0,3163.0,3163.0,3128.0,3134.3,31772200,3447.7,2820.9,3839.9,2896.0,3132.5,1718,10,3132.4,26,1,3132.3,89,4,3132.2,26,1,3132.1,49,4,3132.7,213,6,3132.9,30,1,3133.0,241,2,3133.4,28,1,3133.5,142,3
2031,2026-06-16 09:49:17+05:30,3132.5,21,3140.76,563650,122907.0,183813.0,3163.0,3163.0,3128.0,3134.3,31772200,3447.7,2820.9,3839.9,2896.0,3132.5,1718,10,3132.4,26,1,3132.3,89,4,3132.2,26,1,3132.1,49,4,3132.7,213,6,3132.9,30,1,3133.0,241,2,3133.4,28,1,3133.5,142,3
2031,2026-06-16 09:49:17+05:30,3132.5,21,3140.75,563940,122851.0,184880.0,3163.0,3163.0,3128.0,3134.3,31772200,3447.7,2820.9,3839.9,2896.0,3132.5,1692,9,3132.4,26,1,3132.3,36,1,3132.2,26,1,3132.1,30,4,3132.7,118,3,3132.8,200,1,3132.9,30,1,3133.0,41,1,3133.4,28,1
2031,2026-06-16 09:49:17+05:30,3132.5,21,3140.75,563940,122851.0,184880.0,3163.0,3163.0,3128.0,3134.3,31772200,3447.7,2820.9,3839.9,2896.0,3132.5,1692,9,3132.4,26,1,3132.3,36,1,3132.2,26,1,3132.1,30,4,3132.7,118,3,3132.8,200,1,3132.9,30,1,3133.0,41,1,3133.4,28,1
2031,2026-06-16 09:49:17+05:30,3132.5,21,3140.75,563940,122880.0,185215.0,3163.0,3163.0,3128.0,3134.3,31772200,3447.7,2820.9,3839.9,2896.0,3132.5,1792,10,3132.3,36,1,3132.1,30,4,3132.0,390,7,3131.9,34,3,3132.7,170,4,3132.8,225,2,3132.9,30,1,3133.0,41,1,3133.4,66,1
2031,2026-06-16 09:49:19+05:30,3132.7,1,3140.75,563940,122880.0,185215.0,3163.0,3163.0,3128.0,3134.3,31772200,3447.7,2820.9,3839.9,2896.0,3132.5,1792,10,3132.3,36,1,3132.1,30,4,3132.0,390,7,3131.9,34,3,3132.7,170,4,3132.8,225,2,3132.9,30,1,3133.0,41,1,3133.4,66,1
2031,2026-06-16 09:49:19+05:30,3132.7,1,3140.75,563941,122981.0,185804.0,3163.0,3163.0,3128.0,3134.3,31772200,3447.7,2820.9,3839.9,2896.0,3132.5,1792,10,3132.3,62,2,3132.1,15,2,3132.0,390,7,3131.9,67,4,3132.6,200,1,3132.7,209,5,3132.8,225,2,3132.9,30,1,3133.0,41,1
2031,2026-06-16 09:49:19+05:30,3132.7,1,3140.75,563941,122981.0,185804.0,3163.0,3163.0,3128.0,3134.3,31772200,3447.7,2820.9,3839.9,2896.0,3132.5,1792,10,3132.3,62,2,3132.1,15,2,3132.0,390,7,3131.9,67,4,3132.6,200,1,3132.7,209,5,3132.8,225,2,3132.9,30,1,3133.0,41,1
2031,2026-06-16 09:49:20+05:30,3132.6,4,3140.75,563945,122718.0,185416.0,3163.0,3163.0,3128.0,3134.3,31772200,3447.7,2820.9,3839.9,2896.0,3132.5,1788,9,3132.3,36,1,3132.1,41,3,3132.0,364,6,3131.9,34,3,3132.6,227,2,3132.7,209,5,3132.8,245,3,3132.9,30,1,3133.5,342,4
2031,2026-06-16 09:49:20+05:30,3132.6,4,3140.75,563945,122718.0,185416.0,3163.0,3163.0,3128.0,3134.3,31772200,3447.7,2820.9,3839.9,2896.0,3132.5,1788,9,3132.3,36,1,3132.1,41,3,3132.0,364,6,3131.9,34,3,3132.6,227,2,3132.7,209,5,3132.8,245,3,3132.9,30,1,3133.5,342,4
2031,2026-06-16 09:49:21+05:30,3132.6,4,3140.75,563945,122718.0,185416.0,3163.0,3163.0,3128.0,3134.3,31772200,3447.7,2820.9,3839.9,2896.0,3132.5,1788,9,3132.3,36,1,3132.1,41,3,3132.0,364,6,3131.9,34,3,3132.6,227,2,3132.7,209,5,3132.8,245,3,3132.9,30,1,3133.5,342,4
2031,2026-06-16 09:49:21+05:30,3132.5,200,3140.75,564145,122538.0,184911.0,3163.0,3163.0,3128.0,3134.3,31772200,3447.7,2820.9,3839.9,2896.0,3132.5,1588,9,3132.3,36,1,3132.2,26,1,3132.1,1,1,3132.0,409,7,3132.6,227,2,3132.7,209,5,3132.8,45,2,3132.9,30,1,3133.4,19,1
2031,2026-06-16 09:49:22+05:30,3132.5,200,3140.75,564145,122538.0,184911.0,3163.0,3163.0,3128.0,3134.3,31772200,3447.7,2820.9,3839.9,2896.0,3132.5,1588,9,3132.3,36,1,3132.2,26,1,3132.1,1,1,3132.0,409,7,3132.6,227,2,3132.7,209,5,3132.8,45,2,3132.9,30,1,3133.4,19,1
2031,2026-06-16 09:49:22+05:30,3132.5,200,3140.75,564145,122538.0,184911.0,3163.0,3163.0,3128.0,3134.3,31772200,3447.7,2820.9,3839.9,2896.0,3132.5,1588,9,3132.3,36,1,3132.2,26,1,3132.1,1,1,3132.0,409,7,3132.6,227,2,3132.7,209,5,3132.8,45,2,3132.9,30,1,3133.4,19,1
2031,2026-06-16 09:49:22+05:30,3132.6,1,3140.75,564146,122753.0,185605.0,3163.0,3163.0,3128.0,3134.3,31772200,3447.7,2820.9,3839.9,2896.0,3132.5,1588,9,3132.3,61,2,3132.1,1,1,3132.0,286,4,3131.9,2,1,3132.6,227,3,3132.7,241,6,3132.8,45,2,3132.9,30,1,3133.0,19,1
2031,2026-06-16 09:49:23+05:30,3132.6,1,3140.75,564146,122753.0,185605.0,3163.0,3163.0,3128.0,3134.3,31772200,3447.7,2820.9,3839.9,2896.0,3132.5,1588,9,3132.3,61,2,3132.1,1,1,3132.0,286,4,3131.9,2,1,3132.6,227,3,3132.7,241,6,3132.8,45,2,3132.9,30,1,3133.0,19,1
2031,2026-06-16 09:49:23+05:30,3132.6,1,3140.75,564146,122636.0,185727.0,3163.0,3163.0,3128.0,3134.3,31772200,3447.7,2820.9,3839.9,2896.0,3132.5,1588,9,3132.3,61,2,3132.1,1,1,3132.0,286,4,3131.9,2,1,3132.6,253,4,3132.7,260,7,3132.8,45,2,3132.9,70,2,3133.0,1119,2
2031,2026-06-16 09:49:23+05:30,3132.6,1,3140.75,564146,122636.0,185727.0,3163.0,3163.0,3128.0,3134.3,31772200,3447.7,2820.9,3839.9,2896.0,3132.5,1588,9,3132.3,61,2,3132.1,1,1,3132.0,286,4,3131.9,2,1,3132.6,253,4,3132.7,260,7,3132.8,45,2,3132.9,70,2,3133.0,1119,2
2031,2026-06-16 09:49:24+05:30,3132.4,1,3140.75,564146,122636.0,185727.0,3163.0,3163.0,3128.0,3134.3,31772200,3447.7,2820.9,3839.9,2896.0,3132.5,1588,9,3132.3,61,2,3132.1,1,1,3132.0,286,4,3131.9,2,1,3132.6,253,4,3132.7,260,7,3132.8,45,2,3132.9,70,2,3133.0,1119,2
2031,2026-06-16 09:49:24+05:30,3132.4,1,3140.75,564146,122636.0,185727.0,3163.0,3163.0,3128.0,3134.3,31772200,3447.7,2820.9,3839.9,2896.0,3132.3,70,3,3132.1,1,1,3132.0,286,4,3131.9,2,1,3131.8,6,1,3132.4,150,1,3132.5,88,4,3132.6,63,4,3132.7,248,7,3132.8,109,5
2031,2026-06-16 09:49:24+05:30,3132.4,1,3140.71,566791,120378.0,187106.0,3163.0,3163.0,3128.0,3134.3,31772200,3447.7,2820.9,3839.9,2896.0,3132.3,70,3,3132.1,1,1,3132.0,286,4,3131.9,2,1,3131.8,6,1,3132.4,150,1,3132.5,88,4,3132.6,63,4,3132.7,248,7,3132.8,109,5
2031,2026-06-16 09:49:24+05:30,3132.4,1,3140.71,566791,120378.0,187106.0,3163.0,3163.0,3128.0,3134.3,31772200,3447.7,2820.9,3839.9,2896.0,3132.3,70,3,3132.1,1,1,3132.0,286,4,3131.9,2,1,3131.8,6,1,3132.4,150,1,3132.5,88,4,3132.6,63,4,3132.7,248,7,3132.8,109,5
2031,2026-06-16 09:49:25+05:30,3132.4,45,3140.71,566791,120378.0,187106.0,3163.0,3163.0,3128.0,3134.3,31772200,3447.7,2820.9,3839.9,2896.0,3132.3,70,3,3132.1,1,1,3132.0,286,4,3131.9,2,1,3131.8,6,1,3132.4,150,1,3132.5,88,4,3132.6,63,4,3132.7,248,7,3132.8,109,5
2031,2026-06-16 09:49:25+05:30,3132.4,45,3140.71,566791,120378.0,187106.0,3163.0,3163.0,3128.0,3134.3,31772200,3447.7,2820.9,3839.9,2896.0,3132.3,70,3,3132.1,1,1,3132.0,286,4,3131.9,2,1,3131.8,6,1,3132.4,150,1,3132.5,88,4,3132.6,63,4,3132.7,248,7,3132.8,109,5
2031,2026-06-16 09:49:25+05:30,3132.5,6,3140.7,567761,121233.0,185605.0,3163.0,3163.0,3128.0,3134.3,31772200,3447.7,2820.9,3839.9,2896.0,3132.3,11,2,3132.1,15,2,3132.0,300,5,3131.9,2,1,3131.8,38,2,3132.5,81,1,3132.6,36,2,3132.7,209,5,3132.8,5,1,3133.0,2140,3
2031,2026-06-16 09:49:25+05:30,3132.5,6,3140.7,567761,121233.0,185605.0,3163.0,3163.0,3128.0,3134.3,31772200,3447.7,2820.9,3839.9,2896.0,3132.3,11,2,3132.1,15,2,3132.0,300,5,3131.9,2,1,3131.8,38,2,3132.5,81,1,3132.6,36,2,3132.7,209,5,3132.8,5,1,3133.0,2140,3
2031,2026-06-16 09:49:26+05:30,3132.5,81,3140.7,567761,121233.0,185605.0,3163.0,3163.0,3128.0,3134.3,31772200,3447.7,2820.9,3839.9,2896.0,3132.3,11,2,3132.1,15,2,3132.0,300,5,3131.9,2,1,3131.8,38,2,3132.5,81,1,3132.6,36,2,3132.7,209,5,3132.8,5,1,3133.0,2140,3
2031,2026-06-16 09:49:26+05:30,3132.5,81,3140.69,567842,121485.0,186422.0,3163.0,3163.0,3128.0,3134.3,31772200,3447.7,2820.9,3839.9,2896.0,3132.5,96,1,3132.3,28,3,3132.1,15,2,3132.0,300,5,3131.9,2,1,3132.6,104,3,3132.7,209,5,3132.8,5,1,3133.0,2119,3,3133.2,114,4
2031,2026-06-16 09:49:26+05:30,3132.5,81,3140.69,567842,121485.0,186422.0,3163.0,3163.0,3128.0,3134.3,31772200,3447.7,2820.9,3839.9,2896.0,3132.5,96,1,3132.3,28,3,3132.1,15,2,3132.0,300,5,3131.9,2,1,3132.6,104,3,3132.7,209,5,3132.8,5,1,3133.0,2119,3,3133.2,114,4
2031,2026-06-16 09:49:27+05:30,3132.5,96,3140.69,567842,121485.0,186422.0,3163.0,3163.0,3128.0,3134.3,31772200,3447.7,2820.9,3839.9,2896.0,3132.5,96,1,3132.3,28,3,3132.1,15,2,3132.0,300,5,3131.9,2,1,3132.6,104,3,3132.7,209,5,3132.8,5,1,3133.0,2119,3,3133.2,114,4
2031,2026-06-16 09:49:27+05:30,3132.5,96,3140.69,567842,121485.0,186422.0,3163.0,3163.0,3128.0,3134.3,31772200,3447.7,2820.9,3839.9,2896.0,3132.5,96,1,3132.3,28,3,3132.1,15,2,3132.0,300,5,3131.9,2,1,3132.6,104,3,3132.7,209,5,3132.8,5,1,3133.0,2119,3,3133.2,114,4
2031,2026-06-16 09:49:27+05:30,3132.5,50,3140.69,567988,121725.0,187023.0,3163.0,3163.0,3128.0,3134.3,31772200,3447.7,2820.9,3839.9,2896.0,3132.4,100,1,3132.3,28,3,3132.1,15,2,3132.0,300,5,3131.9,34,2,3132.5,1,1,3132.6,104,3,3132.7,209,5,3133.0,2341,3,3133.2,95,2
2031,2026-06-16 09:49:28+05:30,3132.5,50,3140.69,567988,121725.0,187023.0,3163.0,3163.0,3128.0,3134.3,31772200,3447.7,2820.9,3839.9,2896.0,3132.4,100,1,3132.3,28,3,3132.1,15,2,3132.0,300,5,3131.9,34,2,3132.5,1,1,3132.6,104,3,3132.7,209,5,3133.0,2341,3,3133.2,95,2
2031,2026-06-16 09:49:28+05:30,3132.5,50,3140.69,567988,121725.0,187023.0,3163.0,3163.0,3128.0,3134.3,31772200,3447.7,2820.9,3839.9,2896.0,3132.4,100,1,3132.3,28,3,3132.1,15,2,3132.0,300,5,3131.9,34,2,3132.5,1,1,3132.6,104,3,3132.7,209,5,3133.0,2341,3,3133.2,95,2
2031,2026-06-16 09:49:28+05:30,3132.7,1,3140.69,568339,122024.0,186167.0,3163.0,3163.0,3128.0,3134.3,31772200,3447.7,2820.9,3839.9,2896.0,3132.4,144,2,3132.3,28,3,3132.1,15,2,3132.0,326,6,3131.9,2,1,3132.7,18,1,3133.0,2366,4,3133.4,304,3,3133.5,201,5,3133.6,145,4
2031,2026-06-16 09:49:29+05:30,3132.7,1,3140.69,568339,122024.0,186167.0,3163.0,3163.0,3128.0,3134.3,31772200,3447.7,2820.9,3839.9,2896.0,3132.4,144,2,3132.3,28,3,3132.1,15,2,3132.0,326,6,3131.9,2,1,3132.7,18,1,3133.0,2366,4,3133.4,304,3,3133.5,201,5,3133.6,145,4
2031,2026-06-16 09:49:29+05:30,3132.7,1,3140.69,568339,122024.0,186167.0,3163.0,3163.0,3128.0,3134.3,31772200,3447.7,2820.9,3839.9,2896.0,3132.4,144,2,3132.3,28,3,3132.1,15,2,3132.0,326,6,3131.9,2,1,3132.7,18,1,3133.0,2366,4,3133.4,304,3,3133.5,201,5,3133.6,145,4
2031,2026-06-16 09:49:29+05:30,3132.7,1,3140.69,568339,122024.0,186167.0,3163.0,3163.0,3128.0,3134.3,31772200,3447.7,2820.9,3839.9,2896.0,3132.4,144,2,3132.3,28,3,3132.1,15,2,3132.0,326,6,3131.9,2,1,3132.7,18,1,3133.0,2366,4,3133.4,304,3,3133.5,201,5,3133.6,145,4
2031,2026-06-16 09:49:29+05:30,3132.7,1,3140.69,568372,121940.0,187142.0,3163.0,3163.0,3128.0,3134.3,31772200,3447.7,2820.9,3839.9,2896.0,3132.4,112,2,3132.3,28,3,3132.1,15,2,3132.0,300,5,3131.9,2,1,3132.5,26,1,3132.7,17,1,3133.0,2366,4,3133.2,83,2,3133.3,40,1
2031,2026-06-16 09:49:30+05:30,3132.7,1,3140.69,568372,121940.0,187142.0,3163.0,3163.0,3128.0,3134.3,31772200,3447.7,2820.9,3839.9,2896.0,3132.4,112,2,3132.3,28,3,3132.1,15,2,3132.0,300,5,3131.9,2,1,3132.5,26,1,3132.7,17,1,3133.0,2366,4,3133.2,83,2,3133.3,40,1
2031,2026-06-16 09:49:30+05:30,3132.7,1,3140.69,568372,121940.0,187142.0,3163.0,3163.0,3128.0,3134.3,31772200,3447.7,2820.9,3839.9,2896.0,3132.4,112,2,3132.3,28,3,3132.1,15,2,3132.0,300,5,3131.9,2,1,3132.5,26,1,3132.7,17,1,3133.0,2366,4,3133.2,83,2,3133.3,40,1
2031,2026-06-16 09:49:30+05:30,3132.5,2,3140.69,568386,121730.0,187102.0,3163.0,3163.0,3128.0,3134.3,31772200,3447.7,2820.9,3839.9,2896.0,3132.4,110,4,3132.3,19,2,3132.1,15,2,3132.0,300,5,3131.9,2,1,3132.5,23,2,3132.7,17,1,3133.0,2366,4,3133.2,122,3,3133.3,40,1
2031,2026-06-16 09:49:31+05:30,3132.5,2,3140.69,568386,121730.0,187102.0,3163.0,3163.0,3128.0,3134.3,31772200,3447.7,2820.9,3839.9,2896.0,3132.4,110,4,3132.3,19,2,3132.1,15,2,3132.0,300,5,3131.9,2,1,3132.5,23,2,3132.7,17,1,3133.0,2366,4,3133.2,122,3,3133.3,40,1
2031,2026-06-16 09:49:31+05:30,3132.5,2,3140.69,568386,121730.0,187102.0,3163.0,3163.0,3128.0,3134.3,31773000,3447.7,2820.9,3839.9,2896.0,3132.4,110,4,3132.3,19,2,3132.1,15,2,3132.0,300,5,3131.9,2,1,3132.5,23,2,3132.7,17,1,3133.0,2366,4,3133.2,122,3,3133.3,40,1
2031,2026-06-16 09:49:31+05:30,3132.5,2,3140.69,568386,121724.0,187247.0,3163.0,3163.0,3128.0,3134.3,31773000,3447.7,2820.9,3839.9,2896.0,3132.4,124,5,3132.3,19,2,3132.1,1,1,3132.0,300,5,3131.9,2,1,3132.5,79,4,3132.7,17,1,3132.9,71,1,3133.0,2385,5,3133.1,40,1
2031,2026-06-16 09:49:32+05:30,3132.4,10,3140.67,569496,121227.0,186290.0,3163.0,3163.0,3128.0,3134.3,31773000,3447.7,2820.9,3839.9,2896.0,3132.4,3,1,3132.0,315,4,3131.9,2,1,3131.8,6,1,3131.7,2,1,3132.5,88,5,3132.7,17,1,3132.8,19,1,3132.9,71,1,3133.0,1285,4
2031,2026-06-16 09:49:33+05:30,3132.4,3,3140.67,569496,121227.0,186290.0,3163.0,3163.0,3128.0,3134.3,31773000,3447.7,2820.9,3839.9,2896.0,3132.4,3,1,3132.0,315,4,3131.9,2,1,3131.8,6,1,3131.7,2,1,3132.5,88,5,3132.7,17,1,3132.8,19,1,3132.9,71,1,3133.0,1285,4
2031,2026-06-16 09:49:33+05:30,3132.4,44,3140.67,569543,121271.0,185947.0,3163.0,3163.0,3128.0,3134.3,31773000,3447.7,2820.9,3839.9,2896.0,3132.0,315,4,3131.9,25,2,3131.8,6,1,3131.7,2,1,3131.5,110,5,3132.4,127,1,3132.5,118,6,3132.7,17,1,3132.9,96,2,3133.0,1059,3
2031,2026-06-16 09:49:34+05:30,3132.4,30,3140.67,569543,121271.0,185947.0,3163.0,3163.0,3128.0,3134.3,31773000,3447.7,2820.9,3839.9,2896.0,3132.0,315,4,3131.9,25,2,3131.8,6,1,3131.7,2,1,3131.5,110,5,3132.4,127,1,3132.5,118,6,3132.7,17,1,3132.9,96,2,3133.0,1059,3
2031,2026-06-16 09:49:34+05:30,3132.5,1,3140.66,569926,121495.0,185736.0,3163.0,3163.0,3128.0,3134.3,31773000,3447.7,2820.9,3839.9,2896.0,3132.4,44,1,3132.0,315,4,3131.9,25,2,3131.8,6,1,3131.7,42,2,3132.5,92,4,3132.7,17,1,3132.9,44,2,3133.0,1000,1,3133.1,40,1
2031,2026-06-16 09:49:35+05:30,3132.4,47,3140.66,569926,121495.0,185736.0,3163.0,3163.0,3128.0,3134.3,31773000,3447.7,2820.9,3839.9,2896.0,3132.4,44,1,3132.0,315,4,3131.9,25,2,3131.8,6,1,3131.7,42,2,3132.5,92,4,3132.7,17,1,3132.9,44,2,3133.0,1000,1,3133.1,40,1
2031,2026-06-16 09:49:35+05:30,3132.5,1,3140.66,569980,121505.0,185916.0,3163.0,3163.0,3128.0,3134.3,31773000,3447.7,2820.9,3839.9,2896.0,3132.4,118,3,3132.1,24,1,3132.0,341,5,3131.9,2,1,3131.8,32,2,3132.5,91,4,3132.7,17,1,3132.9,101,2,3133.0,1114,2,3133.3,264,2
2031,2026-06-16 09:49:36+05:30,3132.5,1,3140.66,569980,121505.0,185916.0,3163.0,3163.0,3128.0,3134.3,31773000,3447.7,2820.9,3839.9,2896.0,3132.4,118,3,3132.1,24,1,3132.0,341,5,3131.9,2,1,3131.8,32,2,3132.5,91,4,3132.7,17,1,3132.9,101,2,3133.0,1114,2,3133.3,264,2
2031,2026-06-16 09:49:36+05:30,3132.5,30,3140.66,570231,121701.0,185832.0,3163.0,3163.0,3128.0,3134.3,31773000,3447.7,2820.9,3839.9,2896.0,3132.5,26,1,3132.4,61,2,3132.0,341,5,3131.9,2,1,3131.8,32,2,3132.7,17,1,3132.9,124,3,3133.0,1114,2,3133.3,64,1,3133.4,240,2
2031,2026-06-16 09:49:37+05:30,3132.5,30,3140.66,570231,121701.0,185832.0,3163.0,3163.0,3128.0,3134.3,31773000,3447.7,2820.9,3839.9,2896.0,3132.5,26,1,3132.4,61,2,3132.0,341,5,3131.9,2,1,3131.8,32,2,3132.7,17,1,3132.9,124,3,3133.0,1114,2,3133.3,64,1,3133.4,240,2
2031,2026-06-16 09:49:37+05:30,3132.5,30,3140.66,570231,121856.0,184858.0,3163.0,3163.0,3128.0,3134.3,31773000,3447.7,2820.9,3839.9,2896.0,3132.5,69,2,3132.4,61,2,3132.3,25,1,3132.1,26,1,3132.0,315,4,3132.7,17,1,3132.9,48,2,3133.0,1114,2,3133.3,295,3,3133.5,406,7
2031,2026-06-16 09:49:38+05:30,3132.5,30,3140.66,570231,121881.0,186942.0,3163.0,3163.0,3128.0,3134.3,31773000,3447.7,2820.9,3839.9,2896.0,3132.5,69,2,3132.4,61,2,3132.3,25,1,3132.0,315,4,3131.9,2,1,3132.7,77,3,3132.9,48,2,3133.0,1114,2,3133.2,19,1,3133.3,295,3
2031,2026-06-16 09:49:40+05:30,3132.7,1,3140.66,570231,121881.0,186942.0,3163.0,3163.0,3128.0,3134.3,31773000,3447.7,2820.9,3839.9,2896.0,3132.5,69,2,3132.4,61,2,3132.3,25,1,3132.0,315,4,3131.9,2,1,3132.7,77,3,3132.9,48,2,3133.0,1114,2,3133.2,19,1,3133.3,295,3
2031,2026-06-16 09:49:40+05:30,3132.7,1,3140.66,570263,121883.0,186941.0,3163.0,3163.0,3128.0,3134.3,31773000,3447.7,2820.9,3839.9,2896.0,3132.5,66,4,3132.4,57,1,3132.3,25,1,3132.0,315,4,3131.9,28,2,3132.7,76,3,3132.9,48,2,3133.0,1114,2,3133.2,19,1,3133.3,295,3
2031,2026-06-16 09:49:41+05:30,3132.6,20,3140.66,570263,121883.0,186941.0,3163.0,3163.0,3128.0,3134.3,31773000,3447.7,2820.9,3839.9,2896.0,3132.5,66,4,3132.4,57,1,3132.3,25,1,3132.0,315,4,3131.9,28,2,3132.7,76,3,3132.9,48,2,3133.0,1114,2,3133.2,19,1,3133.3,295,3
2031,2026-06-16 09:49:41+05:30,3132.6,20,3140.66,570283,121914.0,186858.0,3163.0,3163.0,3128.0,3134.3,31773000,3447.7,2820.9,3839.9,2896.0,3132.5,66,4,3132.4,57,1,3132.3,25,1,3132.0,340,6,3131.9,28,2,3132.6,5,1,3132.7,104,4,3132.9,48,2,3133.0,1114,2,3133.2,19,1
2031,2026-06-16 09:49:42+05:30,3132.7,1,3140.66,570283,121914.0,186858.0,3163.0,3163.0,3128.0,3134.3,31773000,3447.7,2820.9,3839.9,2896.0,3132.5,66,4,3132.4,57,1,3132.3,25,1,3132.0,340,6,3131.9,28,2,3132.6,5,1,3132.7,104,4,3132.9,48,2,3133.0,1114,2,3133.2,19,1
2031,2026-06-16 09:49:42+05:30,3132.6,1,3140.66,570467,121927.0,186150.0,3163.0,3163.0,3128.0,3134.3,31773000,3447.7,2820.9,3839.9,2896.0,3132.5,66,4,3132.4,57,1,3132.3,24,1,3132.0,315,4,3131.9,28,2,3132.6,24,1,3132.9,48,2,3133.0,1114,2,3133.3,200,1,3133.4,83,2
2031,2026-06-16 09:49:43+05:30,3132.6,5,3140.66,570467,121927.0,186150.0,3163.0,3163.0,3128.0,3134.3,31773000,3447.7,2820.9,3839.9,2896.0,3132.5,66,4,3132.4,57,1,3132.3,24,1,3132.0,315,4,3131.9,28,2,3132.6,24,1,3132.9,48,2,3133.0,1114,2,3133.3,200,1,3133.4,83,2
2031,2026-06-16 09:49:43+05:30,3132.6,5,3140.66,570472,121639.0,186233.0,3163.0,3163.0,3128.0,3134.3,31773000,3447.7,2820.9,3839.9,2896.0,3132.5,103,5,3132.4,57,1,3132.3,24,1,3132.0,343,6,3131.9,28,2,3132.6,27,2,3132.9,48,2,3133.0,1114,2,3133.3,236,2,3133.4,126,3
2031,2026-06-16 09:49:44+05:30,3132.6,5,3140.66,570472,121778.0,186273.0,3163.0,3163.0,3128.0,3134.3,31773000,3447.7,2820.9,3839.9,2896.0,3132.5,103,5,3132.4,57,1,3132.3,24,1,3132.0,343,6,3131.9,28,2,3132.6,72,3,3132.9,48,2,3133.0,1114,2,3133.3,236,2,3133.4,126,3
2031,2026-06-16 09:49:45+05:30,3132.6,48,3140.66,570472,121778.0,186273.0,3163.0,3163.0,3128.0,3134.3,31773000,3447.7,2820.9,3839.9,2896.0,3132.5,103,5,3132.4,57,1,3132.3,24,1,3132.0,343,6,3131.9,28,2,3132.6,72,3,3132.9,48,2,3133.0,1114,2,3133.3,236,2,3133.4,126,3
2031,2026-06-16 09:49:45+05:30,3132.6,1,3140.65,570548,121973.0,186038.0,3163.0,3163.0,3128.0,3134.3,31773000,3447.7,2820.9,3839.9,2896.0,3132.5,254,9,3132.3,48,2,3132.1,19,1,3132.0,433,8,3131.9,42,2,3132.6,25,1,3132.9,48,2,3133.0,1114,2,3133.3,236,2,3133.5,391,5
2031,2026-06-16 09:49:46+05:30,3132.6,2,3140.65,570548,121973.0,186038.0,3163.0,3163.0,3128.0,3134.3,31773000,3447.7,2820.9,3839.9,2896.0,3132.5,254,9,3132.3,48,2,3132.1,19,1,3132.0,433,8,3131.9,42,2,3132.6,25,1,3132.9,48,2,3133.0,1114,2,3133.3,236,2,3133.5,391,5
2031,2026-06-16 09:49:46+05:30,3132.6,2,3140.65,570552,121991.0,185983.0,3163.0,3163.0,3128.0,3134.3,31773000,3447.7,2820.9,3839.9,2896.0,3132.5,254,9,3132.3,48,2,3132.1,30,2,3132.0,405,6,3131.9,58,3,3132.6,21,1,3132.9,48,2,3133.0,1114,2,3133.3,36,1,3133.4,200,1
2031,2026-06-16 09:49:47+05:30,3132.6,2,3140.65,570552,121973.0,186176.0,3163.0,3163.0,3128.0,3134.3,31773000,3447.7,2820.9,3839.9,2896.0,3132.5,236,9,3132.3,48,2,3132.1,30,2,3132.0,405,6,3131.9,58,3,3132.6,21,1,3132.9,48,2,3133.0,1114,2,3133.3,36,1,3133.4,200,1
2031,2026-06-16 09:49:48+05:30,3132.6,21,3140.65,570552,121973.0,186176.0,3163.0,3163.0,3128.0,3134.3,31773000,3447.7,2820.9,3839.9,2896.0,3132.5,236,9,3132.3,48,2,3132.1,30,2,3132.0,405,6,3131.9,58,3,3132.6,21,1,3132.9,48,2,3133.0,1114,2,3133.3,36,1,3133.4,200,1
2031,2026-06-16 09:49:48+05:30,3132.9,1,3140.65,570574,122129.0,185963.0,3163.0,3163.0,3128.0,3134.3,31773000,3447.7,2820.9,3839.9,2896.0,3132.7,19,1,3132.6,86,5,3132.5,264,11,3132.4,67,4,3132.3,24,1,3132.9,47,2,3133.0,1119,3,3133.3,36,1,3133.4,200,1,3133.5,123,2
2031,2026-06-16 09:49:49+05:30,3132.9,14,3140.65,570574,122129.0,185963.0,3163.0,3163.0,3128.0,3134.3,31773000,3447.7,2820.9,3839.9,2896.0,3132.7,19,1,3132.6,86,5,3132.5,264,11,3132.4,67,4,3132.3,24,1,3132.9,47,2,3133.0,1119,3,3133.3,36,1,3133.4,200,1,3133.5,123,2
2031,2026-06-16 09:49:49+05:30,3132.9,14,3140.65,570612,122141.0,185925.0,3163.0,3163.0,3128.0,3134.3,31773000,3447.7,2820.9,3839.9,2896.0,3132.7,19,1,3132.6,93,6,3132.5,264,11,3132.4,67,4,3132.3,89,2,3132.9,9,1,3133.0,1119,3,3133.3,36,1,3133.4,236,2,3133.5,123,2
2031,2026-06-16 09:49:50+05:30,3132.9,9,3140.65,570621,122484.0,183941.0,3163.0,3163.0,3128.0,3134.3,31773000,3447.7,2820.9,3839.9,2896.0,3132.9,101,6,3132.8,18,1,3132.7,81,3,3132.6,59,4,3132.5,279,10,3133.0,1119,3,3133.3,36,1,3133.4,236,2,3133.5,123,2,3133.7,200,1
2031,2026-06-16 09:49:51+05:30,3133.0,1,3140.65,570621,122484.0,183941.0,3163.0,3163.0,3128.0,3134.3,31773000,3447.7,2820.9,3839.9,2896.0,3132.9,101,6,3132.8,18,1,3132.7,81,3,3132.6,59,4,3132.5,279,10,3133.0,1119,3,3133.3,36,1,3133.4,236,2,3133.5,123,2,3133.7,200,1
2031,2026-06-16 09:49:51+05:30,3132.9,6,3140.65,571138,122768.0,185866.0,3163.0,3163.0,3128.0,3134.3,31773000,3447.7,2820.9,3839.9,2896.0,3132.9,98,5,3132.8,18,1,3132.7,81,3,3132.6,304,4,3132.5,276,10,3133.0,912,4,3133.1,84,1,3133.3,36,1,3133.4,271,3,3133.5,136,2
2031,2026-06-16 09:49:52+05:30,3132.9,29,3140.65,571138,122768.0,185866.0,3163.0,3163.0,3128.0,3134.3,31773000,3447.7,2820.9,3839.9,2896.0,3132.9,98,5,3132.8,18,1,3132.7,81,3,3132.6,304,4,3132.5,276,10,3133.0,912,4,3133.1,84,1,3133.3,36,1,3133.4,271,3,3133.5,136,2
2031,2026-06-16 09:49:52+05:30,3132.9,29,3140.65,571226,122675.0,185954.0,3163.0,3163.0,3128.0,3134.3,31773000,3447.7,2820.9,3839.9,2896.0,3132.9,57,4,3132.8,19,1,3132.7,62,2,3132.6,304,4,3132.5,239,9,3133.0,1002,5,3133.1,113,2,3133.3,36,1,3133.4,271,3,3133.5,100,1
2031,2026-06-16 09:49:53+05:30,3132.9,29,3140.65,571226,123367.0,185676.0,3163.0,3163.0,3128.0,3134.3,31773000,3447.7,2820.9,3839.9,2896.0,3132.9,761,7,3132.8,19,1,3132.7,69,3,3132.6,304,4,3132.5,239,9,3133.0,1086,6,3133.1,31,2,3133.3,36,1,3133.4,271,3,3133.5,100,1
2031,2026-06-16 09:49:54+05:30,3132.9,8,3140.65,571226,123367.0,185676.0,3163.0,3163.0,3128.0,3134.3,31773000,3447.7,2820.9,3839.9,2896.0,3132.9,761,7,3132.8,19,1,3132.7,69,3,3132.6,304,4,3132.5,239,9,3133.0,1086,6,3133.1,31,2,3133.3,36,1,3133.4,271,3,3133.5,100,1
2031,2026-06-16 09:49:54+05:30,3132.9,8,3140.65,571240,123363.0,185744.0,3163.0,3163.0,3128.0,3134.3,31773000,3447.7,2820.9,3839.9,2896.0,3132.9,751,6,3132.7,62,2,3132.6,285,3,3132.5,263,10,3132.4,48,3,3133.0,1126,7,3133.1,31,2,3133.3,36,1,3133.4,271,3,3133.5,100,1
2031,2026-06-16 09:49:55+05:30,3133.0,1,3140.65,571240,123363.0,185744.0,3163.0,3163.0,3128.0,3134.3,31773000,3447.7,2820.9,3839.9,2896.0,3132.9,751,6,3132.7,62,2,3132.6,285,3,3132.5,263,10,3132.4,48,3,3133.0,1126,7,3133.1,31,2,3133.3,36,1,3133.4,271,3,3133.5,100,1
2031,2026-06-16 09:49:55+05:30,3133.0,9,3140.64,571302,123421.0,183899.0,3163.0,3163.0,3128.0,3134.3,31773000,3447.7,2820.9,3839.9,2896.0,3132.9,725,3,3132.7,89,3,3132.6,276,2,3132.5,238,8,3132.4,67,4,3133.0,1082,7,3133.1,31,2,3133.3,36,1,3133.4,271,3,3133.5,100,1
2031,2026-06-16 09:49:56+05:30,3133.0,1,3140.64,571302,123421.0,183899.0,3163.0,3163.0,3128.0,3134.3,31773000,3447.7,2820.9,3839.9,2896.0,3132.9,725,3,3132.7,89,3,3132.6,276,2,3132.5,238,8,3132.4,67,4,3133.0,1082,7,3133.1,31,2,3133.3,36,1,3133.4,271,3,3133.5,100,1
2031,2026-06-16 09:49:56+05:30,3133.0,250,3140.64,571553,123635.0,184966.0,3163.0,3163.0,3128.0,3134.3,31773000,3447.7,2820.9,3839.9,2896.0,3132.9,836,4,3132.7,69,3,3132.6,304,4,3132.5,219,7,3132.4,67,4,3133.0,831,7,3133.1,31,2,3133.3,36,1,3133.4,71,2,3133.5,100,1
2031,2026-06-16 09:49:57+05:30,3132.9,5,3140.64,571553,123635.0,184966.0,3163.0,3163.0,3128.0,3134.3,31773000,3447.7,2820.9,3839.9,2896.0,3132.9,836,4,3132.7,69,3,3132.6,304,4,3132.5,219,7,3132.4,67,4,3133.0,831,7,3133.1,31,2,3133.3,36,1,3133.4,71,2,3133.5,100,1
2031,2026-06-16 09:49:57+05:30,3132.9,5,3140.64,571558,123652.0,184690.0,3163.0,3163.0,3128.0,3134.3,31773000,3447.7,2820.9,3839.9,2896.0,3132.9,903,7,3132.7,69,3,3132.6,304,4,3132.5,169,5,3132.4,67,4,3133.0,868,8,3133.1,31,2,3133.3,36,1,3133.4,71,2,3133.5,100,1
2031,2026-06-16 09:49:58+05:30,3133.0,19,3140.64,571577,123653.0,184662.0,3163.0,3163.0,3128.0,3134.3,31773000,3447.7,2820.9,3839.9,2896.0,3132.9,903,7,3132.7,69,3,3132.6,304,4,3132.5,169,5,3132.4,67,4,3133.0,849,8,3133.1,31,2,3133.3,36,1,3133.4,71,2,3133.5,100,1
2031,2026-06-16 09:49:59+05:30,3133.0,19,3140.64,571577,123653.0,184662.0,3163.0,3163.0,3128.0,3134.3,31773000,3447.7,2820.9,3839.9,2896.0,3132.9,903,7,3132.7,69,3,3132.6,304,4,3132.5,169,5,3132.4,67,4,3133.0,849,8,3133.1,31,2,3133.3,36,1,3133.4,71,2,3133.5,100,1
2031,2026-06-16 09:49:59+05:30,3133.0,19,3140.64,571577,123653.0,184664.0,3163.0,3163.0,3128.0,3134.3,31773000,3447.7,2820.9,3839.9,2896.0,3132.9,903,7,3132.7,69,3,3132.6,304,4,3132.5,169,5,3132.4,67,4,3133.0,849,8,3133.1,31,2,3133.3,36,1,3133.4,71,2,3133.5,100,1
2031,2026-06-16 09:50:00+05:30,3133.0,2,3140.64,571581,123736.0,184583.0,3163.0,3163.0,3128.0,3134.3,31773000,3447.7,2820.9,3839.9,2896.0,3132.9,950,9,3132.8,24,2,3132.7,62,2,3132.6,304,4,3132.5,166,4,3133.0,874,11,3133.1,31,2,3133.3,36,1,3133.4,71,2,3133.5,100,1
2031,2026-06-16 09:50:01+05:30,3133.0,2,3140.64,571581,123736.0,184583.0,3163.0,3163.0,3128.0,3134.3,31773000,3447.7,2820.9,3839.9,2896.0,3132.9,950,9,3132.8,24,2,3132.7,62,2,3132.6,304,4,3132.5,166,4,3133.0,874,11,3133.1,31,2,3133.3,36,1,3133.4,71,2,3133.5,100,1
2031,2026-06-16 09:50:02+05:30,3133.0,1,3140.64,571617,123747.0,183152.0,3163.0,3163.0,3128.0,3134.3,31773000,3447.7,2820.9,3839.9,2896.0,3132.9,951,10,3132.8,24,2,3132.7,62,2,3132.6,304,4,3132.5,166,4,3133.0,838,11,3133.1,31,2,3133.3,36,1,3133.4,71,2,3133.5,100,1
2031,2026-06-16 09:50:02+05:30,3133.0,1,3140.64,571617,123747.0,183152.0,3163.0,3163.0,3128.0,3134.3,31773000,3447.7,2820.9,3839.9,2896.0,3132.9,951,10,3132.8,24,2,3132.7,62,2,3132.6,304,4,3132.5,166,4,3133.0,838,11,3133.1,31,2,3133.3,36,1,3133.4,71,2,3133.5,100,1
2031,2026-06-16 09:50:03+05:30,3133.0,1,3140.64,571617,123851.0,185153.0,3163.0,3163.0,3128.0,3134.3,31773000,3447.7,2820.9,3839.9,2896.0,3132.9,951,10,3132.8,24,2,3132.7,62,2,3132.6,304,4,3132.5,166,4,3133.0,838,11,3133.1,31,2,3133.3,36,1,3133.4,71,2,3133.5,100,1
2031,2026-06-16 09:50:04+05:30,3132.9,10,3140.64,571617,123851.0,185153.0,3163.0,3163.0,3128.0,3134.3,31773000,3447.7,2820.9,3839.9,2896.0,3132.9,951,10,3132.8,24,2,3132.7,62,2,3132.6,304,4,3132.5,166,4,3133.0,838,11,3133.1,31,2,3133.3,36,1,3133.4,71,2,3133.5,100,1
2031,2026-06-16 09:50:04+05:30,3132.9,10,3140.64,571708,123612.0,184640.0,3163.0,3163.0,3128.0,3134.3,31773000,3447.7,2820.9,3839.9,2896.0,3132.9,889,10,3132.7,69,3,3132.6,304,4,3132.5,166,4,3132.4,67,4,3133.0,835,11,3133.1,31,2,3133.3,36,1,3133.4,71,2,3133.5,100,1
2031,2026-06-16 09:50:05+05:30,3134.0,3,3140.64,571708,123612.0,184640.0,3163.0,3163.0,3128.0,3134.3,31773000,3447.7,2820.9,3839.9,2896.0,3132.9,889,10,3132.7,69,3,3132.6,304,4,3132.5,166,4,3132.4,67,4,3133.0,835,11,3133.1,31,2,3133.3,36,1,3133.4,71,2,3133.5,100,1
2031,2026-06-16 09:50:05+05:30,3133.9,7,3140.62,573078,125862.0,179254.0,3163.0,3163.0,3128.0,3134.3,31773000,3447.7,2820.9,3839.9,2896.0,3133.9,14,1,3133.8,47,2,3133.7,21,1,3133.6,127,5,3133.5,60,7,3134.2,61,1,3134.3,18,1,3134.4,39,2,3134.5,3,1,3134.8,67,2
2031,2026-06-16 09:50:06+05:30,3133.9,7,3140.62,573078,125862.0,179254.0,3163.0,3163.0,3128.0,3134.3,31773000,3447.7,2820.9,3839.9,2896.0,3133.9,14,1,3133.8,47,2,3133.7,21,1,3133.6,127,5,3133.5,60,7,3134.2,61,1,3134.3,18,1,3134.4,39,2,3134.5,3,1,3134.8,67,2
2031,2026-06-16 09:50:06+05:30,3133.9,7,3140.62,573078,125807.0,181684.0,3163.0,3163.0,3128.0,3134.3,31773000,3447.7,2820.9,3839.9,2896.0,3133.9,93,1,3133.8,47,2,3133.7,90,2,3133.6,82,3,3133.5,72,6,3134.1,44,1,3134.2,90,2,3134.3,18,1,3134.4,58,3,3134.5,3,1
2031,2026-06-16 09:50:07+05:30,3134.2,1,3140.62,573078,125807.0,181684.0,3163.0,3163.0,3128.0,3134.3,31773000,3447.7,2820.9,3839.9,2896.0,3133.9,93,1,3133.8,47,2,3133.7,90,2,3133.6,82,3,3133.5,72,6,3134.1,44,1,3134.2,90,2,3134.3,18,1,3134.4,58,3,3134.5,3,1
2031,2026-06-16 09:50:07+05:30,3134.3,18,3140.62,573407,125945.0,181402.0,3163.0,3163.0,3128.0,3134.3,31773000,3447.7,2820.9,3839.9,2896.0,3134.1,121,7,3134.0,83,3,3133.9,147,5,3133.8,66,3,3133.7,86,3,3134.3,18,1,3134.4,46,2,3134.5,3,1,3134.8,3,1,3135.0,2160,10
2031,2026-06-16 09:50:08+05:30,3134.0,147,3140.62,573407,125945.0,181402.0,3163.0,3163.0,3128.0,3134.3,31773000,3447.7,2820.9,3839.9,2896.0,3134.1,121,7,3134.0,83,3,3133.9,147,5,3133.8,66,3,3133.7,86,3,3134.3,18,1,3134.4,46,2,3134.5,3,1,3134.8,3,1,3135.0,2160,10
2031,2026-06-16 09:50:08+05:30,3134.3,12,3140.61,573786,125904.0,181199.0,3163.0,3163.0,3128.0,3134.3,31773000,3447.7,2820.9,3839.9,2896.0,3134.1,68,3,3134.0,122,5,3133.9,119,3,3133.8,66,3,3133.7,11,1,3134.5,3,1,3134.8,3,1,3135.0,2160,10,3135.1,200,1,3135.2,64,1
2031,2026-06-16 09:50:09+05:30,3134.3,12,3140.61,573786,125904.0,181199.0,3163.0,3163.0,3128.0,3134.3,31773000,3447.7,2820.9,3839.9,2896.0,3134.1,68,3,3134.0,122,5,3133.9,119,3,3133.8,66,3,3133.7,11,1,3134.5,3,1,3134.8,3,1,3135.0,2160,10,3135.1,200,1,3135.2,64,1
2031,2026-06-16 09:50:09+05:30,3134.3,12,3140.61,573786,125494.0,181859.0,3163.0,3163.0,3128.0,3134.3,31773000,3447.7,2820.9,3839.9,2896.0,3134.1,138,1,3134.0,69,4,3133.9,121,4,3133.8,85,4,3133.6,46,2,3134.5,5,2,3134.8,3,1,3134.9,76,1,3135.0,2405,11,3135.1,234,2
2031,2026-06-16 09:50:10+05:30,3134.5,5,3140.61,573786,125494.0,181859.0,3163.0,3163.0,3128.0,3134.3,31773000,3447.7,2820.9,3839.9,2896.0,3134.1,138,1,3134.0,69,4,3133.9,121,4,3133.8,85,4,3133.6,46,2,3134.5,5,2,3134.8,3,1,3134.9,76,1,3135.0,2405,11,3135.1,234,2
2031,2026-06-16 09:50:10+05:30,3134.5,8,3140.61,573804,125733.0,182123.0,3163.0,3163.0,3128.0,3134.3,31773000,3447.7,2820.9,3839.9,2896.0,3134.1,173,4,3134.0,46,3,3133.9,121,4,3133.8,59,3,3133.6,46,2,3134.5,6,2,3134.8,22,2,3134.9,76,1,3135.0,2457,13,3135.1,234,2
2031,2026-06-16 09:50:11+05:30,3134.5,8,3140.61,573804,125733.0,182123.0,3163.0,3163.0,3128.0,3134.3,31773000,3447.7,2820.9,3839.9,2896.0,3134.1,173,4,3134.0,46,3,3133.9,121,4,3133.8,59,3,3133.6,46,2,3134.5,6,2,3134.8,22,2,3134.9,76,1,3135.0,2457,13,3135.1,234,2
2031,2026-06-16 09:50:11+05:30,3134.5,8,3140.61,573804,125676.0,182512.0,3163.0,3163.0,3128.0,3134.3,31773000,3447.7,2820.9,3839.9,2896.0,3134.1,173,4,3134.0,46,3,3133.9,121,4,3133.8,23,2,3133.6,21,1,3134.5,24,3,3134.7,64,1,3134.8,222,3,3134.9,80,2,3135.0,2691,15
2031,2026-06-16 09:50:12+05:30,3134.5,1,3140.61,573804,125676.0,182512.0,3163.0,3163.0,3128.0,3134.3,31773000,3447.7,2820.9,3839.9,2896.0,3134.1,173,4,3134.0,46,3,3133.9,121,4,3133.8,23,2,3133.6,21,1,3134.5,24,3,3134.7,64,1,3134.8,222,3,3134.9,80,2,3135.0,2691,15
2031,2026-06-16 09:50:12+05:30,3134.5,1,3140.61,573805,125639.0,182514.0,3163.0,3163.0,3128.0,3134.3,31773000,3447.7,2820.9,3839.9,2896.0,3134.1,173,4,3134.0,25,2,3133.9,121,4,3133.8,2,1,3133.5,55,4,3134.5,31,4,3134.7,110,2,3134.8,222,3,3134.9,98,2,3135.0,2737,16
2031,2026-06-16 09:50:14+05:30,3134.5,1,3140.61,573805,125912.0,182492.0,3163.0,3163.0,3128.0,3134.3,31773000,3447.7,2820.9,3839.9,2896.0,3134.3,23,1,3134.1,230,5,3134.0,25,2,3133.9,121,4,3133.8,2,1,3134.5,66,4,3134.6,19,1,3134.7,41,2,3134.8,326,5,3134.9,98,2
2031,2026-06-16 09:50:14+05:30,3134.5,1,3140.61,573805,125912.0,182492.0,3163.0,3163.0,3128.0,3134.3,31773000,3447.7,2820.9,3839.9,2896.0,3134.3,23,1,3134.1,230,5,3134.0,25,2,3133.9,121,4,3133.8,2,1,3134.5,66,4,3134.6,19,1,3134.7,41,2,3134.8,326,5,3134.9,98,2
2031,2026-06-16 09:50:15+05:30,3134.5,1,3140.61,573806,125980.0,182526.0,3163.0,3163.0,3128.0,3134.3,31773000,3447.7,2820.9,3839.9,2896.0,3134.3,24,2,3134.1,230,5,3134.0,25,2,3133.9,121,4,3133.8,2,1,3134.5,161,8,3134.7,41,2,3134.8,334,6,3134.9,64,1,3135.0,2458,14
2031,2026-06-16 09:50:15+05:30,3134.3,1,3140.61,573806,125980.0,182526.0,3163.0,3163.0,3128.0,3134.3,31773000,3447.7,2820.9,3839.9,2896.0,3134.3,24,2,3134.1,230,5,3134.0,25,2,3133.9,121,4,3133.8,2,1,3134.5,161,8,3134.7,41,2,3134.8,334,6,3134.9,64,1,3135.0,2458,14
2031,2026-06-16 09:50:16+05:30,3134.8,42,3140.61,574366,126651.0,182113.0,3163.0,3163.0,3128.0,3134.3,31773000,3447.7,2820.9,3839.9,2896.0,3134.5,15,1,3134.4,2,2,3134.3,134,3,3134.1,207,3,3134.0,25,2,3134.8,263,5,3134.9,31,1,3135.0,2458,14,3135.2,142,4,3135.3,37,2
2031,2026-06-16 09:50:16+05:30,3134.8,42,3140.61,574366,126651.0,182113.0,3163.0,3163.0,3128.0,3134.3,31773000,3447.7,2820.9,3839.9,2896.0,3134.5,15,1,3134.4,2,2,3134.3,134,3,3134.1,207,3,3134.0,25,2,3134.8,263,5,3134.9,31,1,3135.0,2458,14,3135.2,142,4,3135.3,37,2
2031,2026-06-16 09:50:16+05:30,3134.8,42,3140.61,574366,126651.0,182113.0,3163.0,3163.0,3128.0,3134.3,31773000,3447.7,2820.9,3839.9,2896.0,3134.5,15,1,3134.4,2,2,3134.3,134,3,3134.1,207,3,3134.0,25,2,3134.8,263,5,3134.9,31,1,3135.0,2458,14,3135.2,142,4,3135.3,37,2
2031,2026-06-16 09:50:17+05:30,3134.7,3,3140.61,574369,126680.0,182429.0,3163.0,3163.0,3128.0,3134.3,31773000,3447.7,2820.9,3839.9,2896.0,3134.5,15,1,3134.4,2,2,3134.3,134,3,3134.1,207,3,3134.0,40,3,3134.7,41,1,3134.8,311,7,3134.9,31,1,3135.0,2737,15,3135.2,206,5
2031,2026-06-16 09:50:17+05:30,3134.7,3,3140.61,574369,126680.0,182429.0,3163.0,3163.0,3128.0,3134.3,31773000,3447.7,2820.9,3839.9,2896.0,3134.5,15,1,3134.4,2,2,3134.3,134,3,3134.1,207,3,3134.0,40,3,3134.7,41,1,3134.8,311,7,3134.9,31,1,3135.0,2737,15,3135.2,206,5
2031,2026-06-16 09:50:18+05:30,3134.7,3,3140.61,574369,126680.0,182429.0,3163.0,3163.0,3128.0,3134.3,31773000,3447.7,2820.9,3839.9,2896.0,3134.5,15,1,3134.4,2,2,3134.3,134,3,3134.1,207,3,3134.0,40,3,3134.7,41,1,3134.8,311,7,3134.9,31,1,3135.0,2737,15,3135.2,206,5
2031,2026-06-16 09:50:18+05:30,3134.5,4,3140.61,574369,126680.0,182429.0,3163.0,3163.0,3128.0,3134.3,31773000,3447.7,2820.9,3839.9,2896.0,3134.5,15,1,3134.4,2,2,3134.3,134,3,3134.1,207,3,3134.0,40,3,3134.7,41,1,3134.8,311,7,3134.9,31,1,3135.0,2737,15,3135.2,206,5
2031,2026-06-16 09:50:18+05:30,3134.4,1,3140.6,574900,124875.0,183336.0,3163.0,3163.0,3128.0,3134.3,31773000,3447.7,2820.9,3839.9,2896.0,3134.3,134,3,3134.1,207,3,3134.0,40,3,3133.9,28,3,3133.8,2,1,3134.4,198,1,3134.5,23,1,3134.6,73,3,3134.7,55,3,3134.8,319,7
2031,2026-06-16 09:50:19+05:30,3134.3,94,3140.6,574996,125107.0,183029.0,3163.0,3163.0,3128.0,3134.3,31773000,3447.7,2820.9,3839.9,2896.0,3134.3,40,3,3134.1,207,3,3134.0,40,3,3133.9,28,3,3133.8,2,1,3134.4,292,6,3134.5,1,1,3134.6,106,5,3134.7,118,5,3134.8,290,6
2031,2026-06-16 09:50:19+05:30,3134.3,94,3140.6,574996,125107.0,183029.0,3163.0,3163.0,3128.0,3134.3,31773000,3447.7,2820.9,3839.9,2896.0,3134.3,40,3,3134.1,207,3,3134.0,40,3,3133.9,28,3,3133.8,2,1,3134.4,292,6,3134.5,1,1,3134.6,106,5,3134.7,118,5,3134.8,290,6
2031,2026-06-16 09:50:21+05:30,3134.3,94,3140.6,574996,125107.0,183029.0,3163.0,3163.0,3128.0,3134.3,31773000,3447.7,2820.9,3839.9,2896.0,3134.3,40,3,3134.1,207,3,3134.0,40,3,3133.9,28,3,3133.8,2,1,3134.4,292,6,3134.5,1,1,3134.6,106,5,3134.7,118,5,3134.8,290,6
2031,2026-06-16 09:50:22+05:30,3134.4,1,3140.6,574996,125107.0,183029.0,3163.0,3163.0,3128.0,3134.3,31773000,3447.7,2820.9,3839.9,2896.0,3134.3,40,3,3134.1,207,3,3134.0,40,3,3133.9,28,3,3133.8,2,1,3134.4,292,6,3134.5,1,1,3134.6,106,5,3134.7,118,5,3134.8,290,6
2031,2026-06-16 09:50:22+05:30,3134.4,1,3140.6,574996,125107.0,183029.0,3163.0,3163.0,3128.0,3134.3,31773000,3447.7,2820.9,3839.9,2896.0,3134.3,40,3,3134.1,207,3,3134.0,40,3,3133.9,28,3,3133.8,2,1,3134.4,292,6,3134.5,1,1,3134.6,106,5,3134.7,118,5,3134.8,290,6
2031,2026-06-16 09:50:23+05:30,3134.4,1,3140.6,574996,125107.0,183029.0,3163.0,3163.0,3128.0,3134.3,31773000,3447.7,2820.9,3839.9,2896.0,3134.3,40,3,3134.1,207,3,3134.0,40,3,3133.9,28,3,3133.8,2,1,3134.4,292,6,3134.5,1,1,3134.6,106,5,3134.7,118,5,3134.8,290,6
2031,2026-06-16 09:50:24+05:30,3134.4,1,3140.6,574996,125107.0,183029.0,3163.0,3163.0,3128.0,3134.3,31773000,3447.7,2820.9,3839.9,2896.0,3134.3,40,3,3134.1,207,3,3134.0,40,3,3133.9,28,3,3133.8,2,1,3134.4,292,6,3134.5,1,1,3134.6,106,5,3134.7,118,5,3134.8,290,6
2031,2026-06-16 09:50:25+05:30,3134.4,1,3140.6,574996,125107.0,183029.0,3163.0,3163.0,3128.0,3134.3,31773000,3447.7,2820.9,3839.9,2896.0,3134.3,40,3,3134.1,207,3,3134.0,40,3,3133.9,28,3,3133.8,2,1,3134.4,292,6,3134.5,1,1,3134.6,106,5,3134.7,118,5,3134.8,290,6
2031,2026-06-16 09:50:25+05:30,3134.1,12,3140.58,576502,123757.0,183850.0,3163.0,3163.0,3128.0,3134.3,31773000,3447.7,2820.9,3839.9,2896.0,3134.1,12,1,3134.0,226,3,3133.9,3,2,3133.8,2,1,3133.5,14,1,3134.2,135,8,3134.3,234,3,3134.4,175,9,3134.5,1401,3,3134.6,186,8
2031,2026-06-16 09:50:26+05:30,3134.1,12,3140.58,576502,123757.0,183850.0,3163.0,3163.0,3128.0,3134.3,31773000,3447.7,2820.9,3839.9,2896.0,3134.1,12,1,3134.0,226,3,3133.9,3,2,3133.8,2,1,3133.5,14,1,3134.2,135,8,3134.3,234,3,3134.4,175,9,3134.5,1401,3,3134.6,186,8
2031,2026-06-16 09:50:27+05:30,3133.6,7,3140.58,576502,123757.0,183850.0,3163.0,3163.0,3128.0,3134.3,31773000,3447.7,2820.9,3839.9,2896.0,3134.1,12,1,3134.0,226,3,3133.9,3,2,3133.8,2,1,3133.5,14,1,3134.2,135,8,3134.3,234,3,3134.4,175,9,3134.5,1401,3,3134.6,186,8
2031,2026-06-16 09:50:27+05:30,3133.6,7,3140.58,576502,123757.0,183850.0,3163.0,3163.0,3128.0,3134.3,31773000,3447.7,2820.9,3839.9,2896.0,3134.1,12,1,3134.0,226,3,3133.9,3,2,3133.8,2,1,3133.5,14,1,3134.2,135,8,3134.3,234,3,3134.4,175,9,3134.5,1401,3,3134.6,186,8
2031,2026-06-16 09:50:28+05:30,3133.6,7,3140.58,576502,123757.0,183850.0,3163.0,3163.0,3128.0,3134.3,31773000,3447.7,2820.9,3839.9,2896.0,3134.1,12,1,3134.0,226,3,3133.9,3,2,3133.8,2,1,3133.5,14,1,3134.2,135,8,3134.3,234,3,3134.4,175,9,3134.5,1401,3,3134.6,186,8
2031,2026-06-16 09:50:29+05:30,3133.6,7,3140.58,576502,123757.0,183850.0,3163.0,3163.0,3128.0,3134.3,31773000,3447.7,2820.9,3839.9,2896.0,3134.1,12,1,3134.0,226,3,3133.9,3,2,3133.8,2,1,3133.5,14,1,3134.2,135,8,3134.3,234,3,3134.4,175,9,3134.5,1401,3,3134.6,186,8
2031,2026-06-16 09:50:30+05:30,3133.6,7,3140.58,576502,123757.0,183850.0,3163.0,3163.0,3128.0,3134.3,31773000,3447.7,2820.9,3839.9,2896.0,3134.1,12,1,3134.0,226,3,3133.9,3,2,3133.8,2,1,3133.5,14,1,3134.2,135,8,3134.3,234,3,3134.4,175,9,3134.5,1401,3,3134.6,186,8
2031,2026-06-16 09:50:31+05:30,3133.6,7,3140.58,576502,123757.0,183850.0,3163.0,3163.0,3128.0,3134.3,31782200,3447.7,2820.9,3839.9,2896.0,3134.1,12,1,3134.0,226,3,3133.9,3,2,3133.8,2,1,3133.5,14,1,3134.2,135,8,3134.3,234,3,3134.4,175,9,3134.5,1401,3,3134.6,186,8
2031,2026-06-16 09:50:32+05:30,3133.6,5,3140.58,576502,123757.0,183850.0,3163.0,3163.0,3128.0,3134.3,31782200,3447.7,2820.9,3839.9,2896.0,3134.1,12,1,3134.0,226,3,3133.9,3,2,3133.8,2,1,3133.5,14,1,3134.2,135,8,3134.3,234,3,3134.4,175,9,3134.5,1401,3,3134.6,186,8
2031,2026-06-16 09:50:32+05:30,3133.6,5,3140.56,578135,122388.0,186510.0,3163.0,3163.0,3128.0,3134.3,31782200,3447.7,2820.9,3839.9,2896.0,3133.0,22,1,3132.9,396,3,3132.7,26,1,3132.6,275,2,3132.5,152,3,3133.6,67,1,3133.8,200,1,3134.0,433,4,3134.1,294,3,3134.2,200,4
2031,2026-06-16 09:50:37+05:30,3135.0,170,3140.56,578135,122388.0,186510.0,3163.0,3163.0,3128.0,3134.3,31782200,3447.7,2820.9,3839.9,2896.0,3133.0,22,1,3132.9,396,3,3132.7,26,1,3132.6,275,2,3132.5,152,3,3133.6,67,1,3133.8,200,1,3134.0,433,4,3134.1,294,3,3134.2,200,4
2031,2026-06-16 09:50:39+05:30,3135.0,4,3140.48,586389,127018.0,178939.0,3163.0,3163.0,3128.0,3134.3,31782200,3447.7,2820.9,3839.9,2896.0,3135.1,1,1,3135.0,101,3,3134.9,17,1,3134.8,27,2,3134.7,98,2,3135.3,5,1,3135.5,14,1,3135.7,18,1,3136.0,424,7,3136.3,34,2
2031,2026-06-16 09:50:42+05:30,3134.0,100,3140.48,586389,127018.0,178939.0,3163.0,3163.0,3128.0,3134.3,31782200,3447.7,2820.9,3839.9,2896.0,3135.1,1,1,3135.0,101,3,3134.9,17,1,3134.8,27,2,3134.7,98,2,3135.3,5,1,3135.5,14,1,3135.7,18,1,3136.0,424,7,3136.3,34,2
2031,2026-06-16 09:50:46+05:30,3134.2,2,3140.46,588116,121701.0,185236.0,3163.0,3163.0,3128.0,3134.3,31782200,3447.7,2820.9,3839.9,2896.0,3133.0,20,1,3132.9,109,4,3132.6,269,2,3132.5,164,2,3132.4,106,3,3134.1,200,1,3134.2,126,4,3134.3,162,3,3134.4,248,6,3134.5,99,4
2031,2026-06-16 09:50:48+05:30,3134.0,10,3140.46,588116,121701.0,185236.0,3163.0,3163.0,3128.0,3134.3,31782200,3447.7,2820.9,3839.9,2896.0,3133.0,20,1,3132.9,109,4,3132.6,269,2,3132.5,164,2,3132.4,106,3,3134.1,200,1,3134.2,126,4,3134.3,162,3,3134.4,248,6,3134.5,99,4
2031,2026-06-16 09:50:53+05:30,3133.6,5,3140.46,588116,121701.0,185236.0,3163.0,3163.0,3128.0,3134.3,31782200,3447.7,2820.9,3839.9,2896.0,3133.0,20,1,3132.9,109,4,3132.6,269,2,3132.5,164,2,3132.4,106,3,3134.1,200,1,3134.2,126,4,3134.3,162,3,3134.4,248,6,3134.5,99,4
2031,2026-06-16 09:50:53+05:30,3133.6,5,3140.46,588551,122692.0,183708.0,3163.0,3163.0,3128.0,3134.3,31782200,3447.7,2820.9,3839.9,2896.0,3133.6,19,1,3133.0,185,3,3132.9,100,3,3132.7,23,1,3132.6,276,2,3134.0,227,1,3134.1,355,7,3134.2,131,3,3134.3,87,2,3134.4,268,7
2031,2026-06-16 09:50:58+05:30,3133.0,5,3140.46,588551,122692.0,183708.0,3163.0,3163.0,3128.0,3134.3,31782200,3447.7,2820.9,3839.9,2896.0,3133.6,19,1,3133.0,185,3,3132.9,100,3,3132.7,23,1,3132.6,276,2,3134.0,227,1,3134.1,355,7,3134.2,131,3,3134.3,87,2,3134.4,268,7
2031,2026-06-16 09:51:00+05:30,3133.1,1,3140.4,593018,120445.0,187599.0,3163.0,3163.0,3128.0,3134.3,31782200,3447.7,2820.9,3839.9,2896.0,3132.0,115,3,3131.9,23,1,3131.5,12,2,3131.4,90,2,3131.3,54,2,3133.1,240,3,3133.2,200,5,3133.3,369,5,3133.4,168,5,3133.5,171,5
2031,2026-06-16 09:51:03+05:30,3132.0,17,3140.4,593018,120445.0,187599.0,3163.0,3163.0,3128.0,3134.3,31782200,3447.7,2820.9,3839.9,2896.0,3132.0,115,3,3131.9,23,1,3131.5,12,2,3131.4,90,2,3131.3,54,2,3133.1,240,3,3133.2,200,5,3133.3,369,5,3133.4,168,5,3133.5,171,5
2031,2026-06-16 09:51:07+05:30,3131.6,142,3140.35,595911,117674.0,186603.0,3163.0,3163.0,3128.0,3134.3,31782200,3447.7,2820.9,3839.9,2896.0,3131.8,19,1,3131.7,175,3,3131.6,122,4,3131.5,31,1,3131.4,76,3,3132.9,99,1,3133.0,38,1,3133.1,921,4,3133.2,332,3,3133.3,190,2
2031,2026-06-16 09:51:08+05:30,3132.9,2,3140.35,595911,117674.0,186603.0,3163.0,3163.0,3128.0,3134.3,31782200,3447.7,2820.9,3839.9,2896.0,3131.8,19,1,3131.7,175,3,3131.6,122,4,3131.5,31,1,3131.4,76,3,3132.9,99,1,3133.0,38,1,3133.1,921,4,3133.2,332,3,3133.3,190,2
2031,2026-06-16 09:51:13+05:30,3128.5,10,3140.35,595911,117674.0,186603.0,3163.0,3163.0,3128.0,3134.3,31782200,3447.7,2820.9,3839.9,2896.0,3131.8,19,1,3131.7,175,3,3131.6,122,4,3131.5,31,1,3131.4,76,3,3132.9,99,1,3133.0,38,1,3133.1,921,4,3133.2,332,3,3133.3,190,2
2031,2026-06-16 09:51:14+05:30,3128.7,13,3140.01,616979,101100.0,205376.0,3163.0,3163.0,3128.0,3134.3,31782200,3447.7,2820.9,3839.9,2896.0,3128.1,185,2,3128.0,3184,27,3127.8,33,2,3127.5,173,5,3127.4,157,4,3128.6,200,1,3128.9,8,1,3129.0,3,1,3129.1,59,3,3129.2,19,1
2031,2026-06-16 09:51:15+05:30,3128.7,13,3140.01,616979,101100.0,205376.0,3163.0,3163.0,3128.0,3134.3,31782200,3447.7,2820.9,3839.9,2896.0,3128.1,185,2,3128.0,3184,27,3127.8,33,2,3127.5,173,5,3127.4,157,4,3128.6,200,1,3128.9,8,1,3129.0,3,1,3129.1,59,3,3129.2,19,1
2031,2026-06-16 09:51:16+05:30,3128.7,13,3140.01,616979,101100.0,205376.0,3163.0,3163.0,3128.0,3134.3,31782200,3447.7,2820.9,3839.9,2896.0,3128.1,185,2,3128.0,3184,27,3127.8,33,2,3127.5,173,5,3127.4,157,4,3128.6,200,1,3128.9,8,1,3129.0,3,1,3129.1,59,3,3129.2,19,1
2031,2026-06-16 09:51:18+05:30,3128.6,40,3140.01,616979,101100.0,205376.0,3163.0,3163.0,3128.0,3134.3,31782200,3447.7,2820.9,3839.9,2896.0,3128.1,185,2,3128.0,3184,27,3127.8,33,2,3127.5,173,5,3127.4,157,4,3128.6,200,1,3128.9,8,1,3129.0,3,1,3129.1,59,3,3129.2,19,1
2031,2026-06-16 09:51:18+05:30,3128.6,40,3140.01,616979,101100.0,205376.0,3163.0,3163.0,3128.0,3134.3,31782200,3447.7,2820.9,3839.9,2896.0,3128.1,185,2,3128.0,3184,27,3127.8,33,2,3127.5,173,5,3127.4,157,4,3128.6,200,1,3128.9,8,1,3129.0,3,1,3129.1,59,3,3129.2,19,1
2031,2026-06-16 09:51:18+05:30,3128.2,26,3140.01,617092,101338.0,194179.0,3163.0,3163.0,3128.0,3134.3,31782200,3447.7,2820.9,3839.9,2896.0,3128.2,1,1,3128.1,169,5,3128.0,3425,28,3127.8,33,2,3127.5,91,3,3128.4,158,1,3128.5,23,1,3128.6,69,4,3128.7,20,1,3128.9,36,3
2031,2026-06-16 09:51:19+05:30,3128.2,26,3140.01,617092,101338.0,194179.0,3163.0,3163.0,3128.0,3134.3,31782200,3447.7,2820.9,3839.9,2896.0,3128.2,1,1,3128.1,169,5,3128.0,3425,28,3127.8,33,2,3127.5,91,3,3128.4,158,1,3128.5,23,1,3128.6,69,4,3128.7,20,1,3128.9,36,3
2031,2026-06-16 09:51:19+05:30,3128.2,26,3140.01,617092,101338.0,194179.0,3163.0,3163.0,3128.0,3134.3,31782200,3447.7,2820.9,3839.9,2896.0,3128.2,1,1,3128.1,169,5,3128.0,3425,28,3127.8,33,2,3127.5,91,3,3128.4,158,1,3128.5,23,1,3128.6,69,4,3128.7,20,1,3128.9,36,3
2031,2026-06-16 09:51:20+05:30,3127.0,21,3139.88,623609,94088.0,193696.0,3163.0,3163.0,3126.9,3134.3,31782200,3447.7,2820.9,3839.9,2896.0,3126.6,100,1,3126.5,105,2,3126.4,1,1,3126.3,156,3,3126.1,1,1,3127.2,152,1,3127.3,47,2,3127.4,94,2,3127.5,96,5,3127.6,19,1
2031,2026-06-16 09:51:20+05:30,3127.0,21,3139.88,623609,94088.0,193696.0,3163.0,3163.0,3126.9,3134.3,31782200,3447.7,2820.9,3839.9,2896.0,3126.6,100,1,3126.5,105,2,3126.4,1,1,3126.3,156,3,3126.1,1,1,3127.2,152,1,3127.3,47,2,3127.4,94,2,3127.5,96,5,3127.6,19,1
2031,2026-06-16 09:51:21+05:30,3127.2,1,3139.88,623615,94816.0,194217.0,3163.0,3163.0,3126.9,3134.3,31782200,3447.7,2820.9,3839.9,2896.0,3126.6,100,1,3126.5,105,2,3126.4,1,1,3126.3,161,4,3126.1,1,1,3127.2,146,1,3127.3,19,1,3127.4,173,2,3127.5,342,7,3127.6,85,2
2031,2026-06-16 09:51:21+05:30,3127.2,1,3139.88,623615,94816.0,194217.0,3163.0,3163.0,3126.9,3134.3,31782200,3447.7,2820.9,3839.9,2896.0,3126.6,100,1,3126.5,105,2,3126.4,1,1,3126.3,161,4,3126.1,1,1,3127.2,146,1,3127.3,19,1,3127.4,173,2,3127.5,342,7,3127.6,85,2
2031,2026-06-16 09:51:21+05:30,3127.2,1,3139.88,623615,94816.0,194217.0,3163.0,3163.0,3126.9,3134.3,31782200,3447.7,2820.9,3839.9,2896.0,3126.6,100,1,3126.5,105,2,3126.4,1,1,3126.3,161,4,3126.1,1,1,3127.2,146,1,3127.3,19,1,3127.4,173,2,3127.5,342,7,3127.6,85,2
2031,2026-06-16 09:51:22+05:30,3127.2,146,3139.88,623811,95943.0,193969.0,3163.0,3163.0,3126.6,3134.3,31782200,3447.7,2820.9,3839.9,2896.0,3126.6,203,2,3126.5,105,2,3126.4,1,1,3126.3,207,6,3126.2,22,1,3127.2,31,2,3127.6,145,1,3127.7,266,2,3127.9,69,2,3128.0,124,3
2031,2026-06-16 09:51:22+05:30,3127.2,146,3139.88,623811,95943.0,193969.0,3163.0,3163.0,3126.6,3134.3,31782200,3447.7,2820.9,3839.9,2896.0,3126.6,203,2,3126.5,105,2,3126.4,1,1,3126.3,207,6,3126.2,22,1,3127.2,31,2,3127.6,145,1,3127.7,266,2,3127.9,69,2,3128.0,124,3
2031,2026-06-16 09:51:22+05:30,3127.2,146,3139.88,623811,95943.0,193969.0,3163.0,3163.0,3126.6,3134.3,31782200,3447.7,2820.9,3839.9,2896.0,3126.6,203,2,3126.5,105,2,3126.4,1,1,3126.3,207,6,3126.2,22,1,3127.2,31,2,3127.6,145,1,3127.7,266,2,3127.9,69,2,3128.0,124,3
2031,2026-06-16 09:51:23+05:30,3127.2,146,3139.88,623811,96232.0,192102.0,3163.0,3163.0,3126.6,3134.3,31782200,3447.7,2820.9,3839.9,2896.0,3126.7,21,1,3126.6,230,4,3126.5,105,2,3126.4,20,2,3126.3,207,6,3127.2,31,2,3127.7,266,2,3127.9,69,2,3128.0,58,2,3128.1,164,3
2031,2026-06-16 09:51:24+05:30,3126.6,1,3139.88,623811,96232.0,192102.0,3163.0,3163.0,3126.6,3134.3,31782200,3447.7,2820.9,3839.9,2896.0,3126.7,21,1,3126.6,230,4,3126.5,105,2,3126.4,20,2,3126.3,207,6,3127.2,31,2,3127.7,266,2,3127.9,69,2,3128.0,58,2,3128.1,164,3
2031,2026-06-16 09:51:24+05:30,3126.6,1,3139.88,623811,96232.0,192102.0,3163.0,3163.0,3126.6,3134.3,31782200,3447.7,2820.9,3839.9,2896.0,3126.7,21,1,3126.6,230,4,3126.5,105,2,3126.4,20,2,3126.3,207,6,3127.2,31,2,3127.7,266,2,3127.9,69,2,3128.0,58,2,3128.1,164,3
2031,2026-06-16 09:51:24+05:30,3127.2,3,3139.88,623863,96513.0,191497.0,3163.0,3163.0,3126.6,3134.3,31782200,3447.7,2820.9,3839.9,2896.0,3126.8,23,1,3126.7,212,8,3126.6,310,8,3126.5,137,4,3126.4,78,3,3127.2,26,2,3127.7,200,1,3127.9,3,1,3128.0,93,2,3128.1,11,1
2031,2026-06-16 09:51:24+05:30,3127.2,3,3139.88,623863,96513.0,191497.0,3163.0,3163.0,3126.6,3134.3,31782200,3447.7,2820.9,3839.9,2896.0,3126.8,23,1,3126.7,212,8,3126.6,310,8,3126.5,137,4,3126.4,78,3,3127.2,26,2,3127.7,200,1,3127.9,3,1,3128.0,93,2,3128.1,11,1
2031,2026-06-16 09:51:25+05:30,3127.2,2,3139.88,623863,96513.0,191497.0,3163.0,3163.0,3126.6,3134.3,31782200,3447.7,2820.9,3839.9,2896.0,3126.8,23,1,3126.7,212,8,3126.6,310,8,3126.5,137,4,3126.4,78,3,3127.2,26,2,3127.7,200,1,3127.9,3,1,3128.0,93,2,3128.1,11,1
2031,2026-06-16 09:51:25+05:30,3127.2,2,3139.88,623865,96688.0,193971.0,3163.0,3163.0,3126.6,3134.3,31782200,3447.7,2820.9,3839.9,2896.0,3126.8,23,1,3126.7,171,5,3126.6,231,6,3126.5,121,3,3126.4,104,4,3127.2,24,2,3127.7,200,1,3127.9,203,2,3128.0,93,2,3128.1,138,2
2031,2026-06-16 09:51:25+05:30,3127.2,2,3139.88,623865,96688.0,193971.0,3163.0,3163.0,3126.6,3134.3,31782200,3447.7,2820.9,3839.9,2896.0,3126.8,23,1,3126.7,171,5,3126.6,231,6,3126.5,121,3,3126.4,104,4,3127.2,24,2,3127.7,200,1,3127.9,203,2,3128.0,93,2,3128.1,138,2
2031,2026-06-16 09:51:26+05:30,3127.2,1,3139.88,623865,96688.0,193971.0,3163.0,3163.0,3126.6,3134.3,31782200,3447.7,2820.9,3839.9,2896.0,3126.8,23,1,3126.7,171,5,3126.6,231,6,3126.5,121,3,3126.4,104,4,3127.2,24,2,3127.7,200,1,3127.9,203,2,3128.0,93,2,3128.1,138,2
2031,2026-06-16 09:51:26+05:30,3127.0,1,3139.88,623867,96627.0,194037.0,3163.0,3163.0,3126.6,3134.3,31782200,3447.7,2820.9,3839.9,2896.0,3126.8,23,1,3126.7,98,4,3126.6,253,7,3126.5,105,2,3126.4,38,3,3127.0,115,2,3127.2,23,2,3127.5,20,1,3127.6,14,1,3127.7,266,2
2031,2026-06-16 09:51:26+05:30,3127.0,1,3139.88,623867,96627.0,194037.0,3163.0,3163.0,3126.6,3134.3,31782200,3447.7,2820.9,3839.9,2896.0,3126.8,23,1,3126.7,98,4,3126.6,253,7,3126.5,105,2,3126.4,38,3,3127.0,115,2,3127.2,23,2,3127.5,20,1,3127.6,14,1,3127.7,266,2
2031,2026-06-16 09:51:27+05:30,3127.0,1,3139.88,623867,96627.0,194037.0,3163.0,3163.0,3126.6,3134.3,31782200,3447.7,2820.9,3839.9,2896.0,3126.8,23,1,3126.7,98,4,3126.6,253,7,3126.5,105,2,3126.4,38,3,3127.0,115,2,3127.2,23,2,3127.5,20,1,3127.6,14,1,3127.7,266,2
2031,2026-06-16 09:51:27+05:30,3127.0,1,3139.88,623867,96627.0,194037.0,3163.0,3163.0,3126.6,3134.3,31782200,3447.7,2820.9,3839.9,2896.0,3126.8,23,1,3126.7,98,4,3126.6,253,7,3126.5,105,2,3126.4,38,3,3127.0,115,2,3127.2,23,2,3127.5,20,1,3127.6,14,1,3127.7,266,2
2031,2026-06-16 09:51:27+05:30,3127.7,7,3139.87,624067,97068.0,193493.0,3163.0,3163.0,3126.6,3134.3,31782200,3447.7,2820.9,3839.9,2896.0,3126.8,23,1,3126.7,120,5,3126.6,379,8,3126.5,273,4,3126.4,105,5,3127.7,215,2,3127.9,203,2,3128.0,27,1,3128.1,11,1,3128.2,67,2
2031,2026-06-16 09:51:28+05:30,3126.7,19,3139.87,624067,97068.0,193493.0,3163.0,3163.0,3126.6,3134.3,31782200,3447.7,2820.9,3839.9,2896.0,3126.8,23,1,3126.7,120,5,3126.6,379,8,3126.5,273,4,3126.4,105,5,3127.7,215,2,3127.9,203,2,3128.0,27,1,3128.1,11,1,3128.2,67,2
2031,2026-06-16 09:51:28+05:30,3126.7,19,3139.87,624067,97068.0,193493.0,3163.0,3163.0,3126.6,3134.3,31782200,3447.7,2820.9,3839.9,2896.0,3126.8,23,1,3126.7,120,5,3126.6,379,8,3126.5,273,4,3126.4,105,5,3127.7,215,2,3127.9,203,2,3128.0,27,1,3128.1,11,1,3128.2,67,2
2031,2026-06-16 09:51:28+05:30,3127.6,99,3139.87,624217,96705.0,193683.0,3163.0,3163.0,3126.6,3134.3,31782200,3447.7,2820.9,3839.9,2896.0,3126.7,38,1,3126.6,209,5,3126.5,105,2,3126.4,1,1,3126.3,161,4,3127.7,241,3,3127.8,132,3,3127.9,219,2,3128.0,212,3,3128.1,148,2
2031,2026-06-16 09:51:28+05:30,3127.6,99,3139.87,624217,96705.0,193683.0,3163.0,3163.0,3126.6,3134.3,31782200,3447.7,2820.9,3839.9,2896.0,3126.7,38,1,3126.6,209,5,3126.5,105,2,3126.4,1,1,3126.3,161,4,3127.7,241,3,3127.8,132,3,3127.9,219,2,3128.0,212,3,3128.1,148,2
2031,2026-06-16 09:51:29+05:30,3127.6,99,3139.87,624217,96705.0,193683.0,3163.0,3163.0,3126.6,3134.3,31782200,3447.7,2820.9,3839.9,2896.0,3126.7,38,1,3126.6,209,5,3126.5,105,2,3126.4,1,1,3126.3,161,4,3127.7,241,3,3127.8,132,3,3127.9,219,2,3128.0,212,3,3128.1,148,2
2031,2026-06-16 09:51:29+05:30,3127.6,99,3139.87,624217,96705.0,193683.0,3163.0,3163.0,3126.6,3134.3,31782200,3447.7,2820.9,3839.9,2896.0,3126.7,38,1,3126.6,209,5,3126.5,105,2,3126.4,1,1,3126.3,161,4,3127.7,241,3,3127.8,132,3,3127.9,219,2,3128.0,212,3,3128.1,148,2
2031,2026-06-16 09:51:29+05:30,3126.6,42,3139.87,624297,96310.0,194486.0,3163.0,3163.0,3126.6,3134.3,31782200,3447.7,2820.9,3839.9,2896.0,3126.9,22,1,3126.6,145,4,3126.5,105,2,3126.4,1,1,3126.3,161,4,3127.6,183,6,3127.7,241,3,3127.8,292,6,3127.9,248,2,3128.0,201,4
2031,2026-06-16 09:51:30+05:30,3126.6,42,3139.87,624297,96310.0,194486.0,3163.0,3163.0,3126.6,3134.3,31782200,3447.7,2820.9,3839.9,2896.0,3126.9,22,1,3126.6,145,4,3126.5,105,2,3126.4,1,1,3126.3,161,4,3127.6,183,6,3127.7,241,3,3127.8,292,6,3127.9,248,2,3128.0,201,4
2031,2026-06-16 09:51:30+05:30,3126.6,42,3139.87,624297,96310.0,194486.0,3163.0,3163.0,3126.6,3134.3,31782200,3447.7,2820.9,3839.9,2896.0,3126.9,22,1,3126.6,145,4,3126.5,105,2,3126.4,1,1,3126.3,161,4,3127.6,183,6,3127.7,241,3,3127.8,292,6,3127.9,248,2,3128.0,201,4
2031,2026-06-16 09:51:30+05:30,3127.2,2,3139.87,624401,96810.0,192210.0,3163.0,3163.0,3126.6,3134.3,31782200,3447.7,2820.9,3839.9,2896.0,3126.9,23,2,3126.7,115,2,3126.6,30,2,3126.5,105,2,3126.4,1,1,3127.2,96,1,3127.6,124,5,3127.7,261,3,3127.8,239,4,3127.9,248,2
2031,2026-06-16 09:51:31+05:30,3127.2,2,3139.87,624401,96810.0,192210.0,3163.0,3163.0,3126.6,3134.3,31782200,3447.7,2820.9,3839.9,2896.0,3126.9,23,2,3126.7,115,2,3126.6,30,2,3126.5,105,2,3126.4,1,1,3127.2,96,1,3127.6,124,5,3127.7,261,3,3127.8,239,4,3127.9,248,2
2031,2026-06-16 09:51:31+05:30,3127.2,2,3139.87,624401,96810.0,192210.0,3163.0,3163.0,3126.6,3134.3,31782200,3447.7,2820.9,3839.9,2896.0,3126.9,23,2,3126.7,115,2,3126.6,30,2,3126.5,105,2,3126.4,1,1,3127.2,96,1,3127.6,124,5,3127.7,261,3,3127.8,239,4,3127.9,248,2
2031,2026-06-16 09:51:31+05:30,3127.2,1,3139.87,624402,96792.0,194273.0,3163.0,3163.0,3126.6,3134.3,31782200,3447.7,2820.9,3839.9,2896.0,3126.9,24,3,3126.7,115,2,3126.6,30,2,3126.5,105,2,3126.4,1,1,3127.2,106,3,3127.3,35,2,3127.5,19,1,3127.6,177,8,3127.7,218,3
2031,2026-06-16 09:51:32+05:30,3127.2,1,3139.87,624402,96792.0,194273.0,3163.0,3163.0,3126.6,3134.3,31795200,3447.7,2820.9,3839.9,2896.0,3126.9,24,3,3126.7,115,2,3126.6,30,2,3126.5,105,2,3126.4,1,1,3127.2,106,3,3127.3,35,2,3127.5,19,1,3127.6,177,8,3127.7,218,3
2031,2026-06-16 09:51:32+05:30,3126.9,10,3139.87,624402,96792.0,194273.0,3163.0,3163.0,3126.6,3134.3,31795200,3447.7,2820.9,3839.9,2896.0,3126.9,24,3,3126.7,115,2,3126.6,30,2,3126.5,105,2,3126.4,1,1,3127.2,106,3,3127.3,35,2,3127.5,19,1,3127.6,177,8,3127.7,218,3
2031,2026-06-16 09:51:33+05:30,3127.3,1,3139.86,624613,96446.0,192205.0,3163.0,3163.0,3126.6,3134.3,31795200,3447.7,2820.9,3839.9,2896.0,3126.9,2,2,3126.7,115,2,3126.6,74,4,3126.5,131,3,3126.4,1,1,3127.5,19,1,3127.6,66,4,3127.7,218,3,3127.8,3,1,3127.9,19,1
2031,2026-06-16 09:51:33+05:30,3126.7,228,3139.86,624613,96446.0,192205.0,3163.0,3163.0,3126.6,3134.3,31795200,3447.7,2820.9,3839.9,2896.0,3126.9,2,2,3126.7,115,2,3126.6,74,4,3126.5,131,3,3126.4,1,1,3127.5,19,1,3127.6,66,4,3127.7,218,3,3127.8,3,1,3127.9,19,1
2031,2026-06-16 09:51:33+05:30,3127.3,2,3139.85,625040,95986.0,192466.0,3163.0,3163.0,3126.6,3134.3,31795200,3447.7,2820.9,3839.9,2896.0,3126.7,114,1,3126.6,54,3,3126.5,105,2,3126.4,1,1,3126.3,161,4,3127.3,29,1,3127.4,57,1,3127.5,73,3,3127.6,55,5,3127.7,25,2
2031,2026-06-16 09:51:34+05:30,3127.3,2,3139.85,625040,95986.0,192466.0,3163.0,3163.0,3126.6,3134.3,31795200,3447.7,2820.9,3839.9,2896.0,3126.7,114,1,3126.6,54,3,3126.5,105,2,3126.4,1,1,3126.3,161,4,3127.3,29,1,3127.4,57,1,3127.5,73,3,3127.6,55,5,3127.7,25,2
2031,2026-06-16 09:51:35+05:30,3126.7,45,3139.85,625085,96605.0,193329.0,3163.0,3163.0,3126.6,3134.3,31795200,3447.7,2820.9,3839.9,2896.0,3126.7,87,2,3126.6,54,3,3126.5,105,2,3126.4,1,1,3126.3,161,4,3127.5,19,1,3127.6,109,5,3127.7,44,3,3127.8,228,5,3127.9,86,1
2031,2026-06-16 09:51:35+05:30,3126.7,45,3139.85,625085,96605.0,193329.0,3163.0,3163.0,3126.6,3134.3,31795200,3447.7,2820.9,3839.9,2896.0,3126.7,87,2,3126.6,54,3,3126.5,105,2,3126.4,1,1,3126.3,161,4,3127.5,19,1,3127.6,109,5,3127.7,44,3,3127.8,228,5,3127.9,86,1
2031,2026-06-16 09:51:36+05:30,3127.3,6,3139.85,625085,96605.0,193329.0,3163.0,3163.0,3126.6,3134.3,31795200,3447.7,2820.9,3839.9,2896.0,3126.7,87,2,3126.6,54,3,3126.5,105,2,3126.4,1,1,3126.3,161,4,3127.5,19,1,3127.6,109,5,3127.7,44,3,3127.8,228,5,3127.9,86,1
2031,2026-06-16 09:51:36+05:30,3127.3,6,3139.85,625291,97224.0,193780.0,3163.0,3163.0,3126.6,3134.3,31795200,3447.7,2820.9,3839.9,2896.0,3127.3,61,1,3126.7,18,1,3126.6,54,3,3126.5,105,2,3126.4,1,1,3127.4,100,1,3127.5,19,1,3127.6,20,4,3127.7,44,3,3127.8,85,3
2031,2026-06-16 09:51:37+05:30,3127.4,1,3139.85,625291,97224.0,193780.0,3163.0,3163.0,3126.6,3134.3,31795200,3447.7,2820.9,3839.9,2896.0,3127.3,61,1,3126.7,18,1,3126.6,54,3,3126.5,105,2,3126.4,1,1,3127.4,100,1,3127.5,19,1,3127.6,20,4,3127.7,44,3,3127.8,85,3
2031,2026-06-16 09:51:37+05:30,3127.4,1,3139.84,625542,97066.0,193759.0,3163.0,3163.0,3126.6,3134.3,31795200,3447.7,2820.9,3839.9,2896.0,3127.3,67,1,3126.7,18,1,3126.6,54,3,3126.5,105,2,3126.4,1,1,3127.4,124,2,3127.5,19,1,3127.6,39,5,3127.7,71,3,3127.8,105,3
2031,2026-06-16 09:51:38+05:30,3127.3,2,3139.84,625542,97066.0,193759.0,3163.0,3163.0,3126.6,3134.3,31795200,3447.7,2820.9,3839.9,2896.0,3127.3,67,1,3126.7,18,1,3126.6,54,3,3126.5,105,2,3126.4,1,1,3127.4,124,2,3127.5,19,1,3127.6,39,5,3127.7,71,3,3127.8,105,3
2031,2026-06-16 09:51:38+05:30,3127.5,1,3139.84,625670,97490.0,193336.0,3163.0,3163.0,3126.6,3134.3,31795200,3447.7,2820.9,3839.9,2896.0,3127.3,85,3,3126.8,13,1,3126.7,18,1,3126.6,83,4,3126.5,147,3,3127.5,18,1,3127.6,7,2,3127.7,25,2,3127.8,3,1,3128.1,66,1
2031,2026-06-16 09:51:39+05:30,3127.5,1,3139.84,625670,97490.0,193336.0,3163.0,3163.0,3126.6,3134.3,31795200,3447.7,2820.9,3839.9,2896.0,3127.3,85,3,3126.8,13,1,3126.7,18,1,3126.6,83,4,3126.5,147,3,3127.5,18,1,3127.6,7,2,3127.7,25,2,3127.8,3,1,3128.1,66,1
2031,2026-06-16 09:51:39+05:30,3127.5,1,3139.84,625676,97801.0,193068.0,3163.0,3163.0,3126.6,3134.3,31795200,3447.7,2820.9,3839.9,2896.0,3127.3,85,3,3127.2,12,1,3127.0,26,1,3126.9,100,1,3126.8,13,1,3127.5,12,1,3127.6,7,2,3127.7,25,2,3127.8,3,1,3128.1,66,1
2031,2026-06-16 09:51:40+05:30,3127.3,10,3139.84,625676,97801.0,193068.0,3163.0,3163.0,3126.6,3134.3,31795200,3447.7,2820.9,3839.9,2896.0,3127.3,85,3,3127.2,12,1,3127.0,26,1,3126.9,100,1,3126.8,13,1,3127.5,12,1,3127.6,7,2,3127.7,25,2,3127.8,3,1,3128.1,66,1
2031,2026-06-16 09:51:40+05:30,3127.3,10,3139.84,625686,97933.0,192354.0,3163.0,3163.0,3126.6,3134.3,31795200,3447.7,2820.9,3839.9,2896.0,3127.5,20,1,3127.3,63,5,3127.2,57,3,3127.0,32,2,3126.9,142,3,3127.6,7,2,3127.7,225,3,3127.8,3,1,3128.1,66,1,3128.2,66,1
2031,2026-06-16 09:51:41+05:30,3127.5,45,3139.84,625686,97933.0,192354.0,3163.0,3163.0,3126.6,3134.3,31795200,3447.7,2820.9,3839.9,2896.0,3127.5,20,1,3127.3,63,5,3127.2,57,3,3127.0,32,2,3126.9,142,3,3127.6,7,2,3127.7,225,3,3127.8,3,1,3128.1,66,1,3128.2,66,1
2031,2026-06-16 09:51:41+05:30,3127.7,5,3139.84,625850,98188.0,194094.0,3163.0,3163.0,3126.6,3134.3,31795200,3447.7,2820.9,3839.9,2896.0,3127.5,20,1,3127.4,22,1,3127.3,39,4,3127.2,38,2,3126.9,142,3,3127.7,172,2,3127.8,3,1,3128.2,64,1,3128.3,98,2,3128.4,32,1
2031,2026-06-16 09:51:42+05:30,3127.7,1,3139.84,625850,98188.0,194094.0,3163.0,3163.0,3126.6,3134.3,31795200,3447.7,2820.9,3839.9,2896.0,3127.5,20,1,3127.4,22,1,3127.3,39,4,3127.2,38,2,3126.9,142,3,3127.7,172,2,3127.8,3,1,3128.2,64,1,3128.3,98,2,3128.4,32,1
2031,2026-06-16 09:51:42+05:30,3127.7,83,3139.83,626117,99029.0,191864.0,3163.0,3163.0,3126.6,3134.3,31795200,3447.7,2820.9,3839.9,2896.0,3127.5,20,1,3127.4,552,4,3127.3,48,5,3127.2,57,3,3127.1,93,3,3127.7,170,2,3127.8,3,1,3128.4,32,1,3128.6,239,3,3128.7,14,1
2031,2026-06-16 09:51:43+05:30,3127.5,50,3139.83,626117,99029.0,191864.0,3163.0,3163.0,3126.6,3134.3,31795200,3447.7,2820.9,3839.9,2896.0,3127.5,20,1,3127.4,552,4,3127.3,48,5,3127.2,57,3,3127.1,93,3,3127.7,170,2,3127.8,3,1,3128.4,32,1,3128.6,239,3,3128.7,14,1
2031,2026-06-16 09:51:43+05:30,3127.5,50,3139.83,626167,98871.0,191183.0,3163.0,3163.0,3126.6,3134.3,31795200,3447.7,2820.9,3839.9,2896.0,3127.5,20,1,3127.4,592,3,3127.3,106,5,3127.2,95,4,3127.1,62,2,3127.7,53,1,3127.8,3,1,3128.6,36,1,3128.9,14,1,3129.0,112,6
2031,2026-06-16 09:51:44+05:30,3127.5,5,3139.83,626172,99450.0,191355.0,3163.0,3163.0,3126.6,3134.3,31795200,3447.7,2820.9,3839.9,2896.0,3127.5,15,1,3127.4,500,1,3127.3,39,4,3127.2,23,2,3127.1,13,1,3127.7,53,1,3127.8,3,1,3128.5,39,1,3128.6,36,1,3128.7,66,2
2031,2026-06-16 09:51:45+05:30,3127.7,25,3139.83,626172,99450.0,191355.0,3163.0,3163.0,3126.6,3134.3,31795200,3447.7,2820.9,3839.9,2896.0,3127.5,15,1,3127.4,500,1,3127.3,39,4,3127.2,23,2,3127.1,13,1,3127.7,53,1,3127.8,3,1,3128.5,39,1,3128.6,36,1,3128.7,66,2
2031,2026-06-16 09:51:46+05:30,3127.8,1,3139.83,626264,99516.0,191281.0,3163.0,3163.0,3126.6,3134.3,31795200,3447.7,2820.9,3839.9,2896.0,3127.7,24,2,3127.6,2,2,3127.5,1,1,3127.4,525,2,3127.3,21,3,3127.8,2,1,3128.5,75,2,3128.6,103,2,3128.7,164,2,3128.8,131,3
2031,2026-06-16 09:51:46+05:30,3127.8,1,3139.83,626264,99516.0,191281.0,3163.0,3163.0,3126.6,3134.3,31795200,3447.7,2820.9,3839.9,2896.0,3127.7,24,2,3127.6,2,2,3127.5,1,1,3127.4,525,2,3127.3,21,3,3127.8,2,1,3128.5,75,2,3128.6,103,2,3128.7,164,2,3128.8,131,3
2031,2026-06-16 09:51:47+05:30,3127.4,62,3139.82,626512,99470.0,191985.0,3163.0,3163.0,3126.6,3134.3,31795200,3447.7,2820.9,3839.9,2896.0,3127.4,463,2,3127.3,21,3,3127.2,12,1,3127.0,26,1,3126.9,116,2,3127.8,2,1,3128.5,192,3,3128.6,36,1,3128.7,341,4,3128.8,139,3
2031,2026-06-16 09:51:47+05:30,3128.5,4,3139.82,626512,99470.0,191985.0,3163.0,3163.0,3126.6,3134.3,31795200,3447.7,2820.9,3839.9,2896.0,3127.4,463,2,3127.3,21,3,3127.2,12,1,3127.0,26,1,3126.9,116,2,3127.8,2,1,3128.5,192,3,3128.6,36,1,3128.7,341,4,3128.8,139,3
2031,2026-06-16 09:51:48+05:30,3128.4,1,3139.82,626512,99470.0,191985.0,3163.0,3163.0,3126.6,3134.3,31795200,3447.7,2820.9,3839.9,2896.0,3127.4,463,2,3127.3,21,3,3127.2,12,1,3127.0,26,1,3126.9,116,2,3127.8,2,1,3128.5,192,3,3128.6,36,1,3128.7,341,4,3128.8,139,3
2031,2026-06-16 09:51:48+05:30,3128.4,1,3139.82,626525,99317.0,192424.0,3163.0,3163.0,3126.6,3134.3,31795200,3447.7,2820.9,3839.9,2896.0,3127.4,529,4,3127.3,21,3,3126.9,192,3,3126.7,549,2,3126.6,226,7,3127.7,100,1,3128.4,187,3,3128.5,156,5,3128.6,426,6,3128.7,95,2
2031,2026-06-16 09:51:49+05:30,3128.4,20,3139.82,626525,99317.0,192424.0,3163.0,3163.0,3126.6,3134.3,31795200,3447.7,2820.9,3839.9,2896.0,3127.4,529,4,3127.3,21,3,3126.9,192,3,3126.7,549,2,3126.6,226,7,3127.7,100,1,3128.4,187,3,3128.5,156,5,3128.6,426,6,3128.7,95,2
2031,2026-06-16 09:51:49+05:30,3128.4,20,3139.82,626731,100901.0,191061.0,3163.0,3163.0,3126.6,3134.3,31795200,3447.7,2820.9,3839.9,2896.0,3128.0,96,2,3127.4,575,7,3127.3,5,2,3127.0,20,1,3126.9,172,2,3128.5,54,2,3128.6,82,2,3128.7,95,2,3128.8,217,5,3128.9,72,2
2031,2026-06-16 09:51:50+05:30,3128.4,20,3139.82,626731,100826.0,190960.0,3163.0,3163.0,3126.6,3134.3,31795200,3447.7,2820.9,3839.9,2896.0,3128.0,108,3,3127.5,25,1,3127.4,548,6,3127.3,5,2,3127.0,160,3,3128.5,54,2,3128.6,82,2,3128.7,95,2,3128.8,302,5,3128.9,108,2
2031,2026-06-16 09:51:51+05:30,3128.5,15,3139.82,626731,100826.0,190960.0,3163.0,3163.0,3126.6,3134.3,31795200,3447.7,2820.9,3839.9,2896.0,3128.0,108,3,3127.5,25,1,3127.4,548,6,3127.3,5,2,3127.0,160,3,3128.5,54,2,3128.6,82,2,3128.7,95,2,3128.8,302,5,3128.9,108,2
2031,2026-06-16 09:51:51+05:30,3128.5,15,3139.82,626781,100848.0,191360.0,3163.0,3163.0,3126.6,3134.3,31795200,3447.7,2820.9,3839.9,2896.0,3128.0,108,3,3127.9,24,1,3127.5,25,1,3127.4,559,5,3127.3,5,2,3128.6,101,3,3128.7,95,2,3128.8,302,5,3128.9,108,2,3129.0,87,4
2031,2026-06-16 09:51:52+05:30,3128.6,1,3139.82,626781,100848.0,191360.0,3163.0,3163.0,3126.6,3134.3,31795200,3447.7,2820.9,3839.9,2896.0,3128.0,108,3,3127.9,24,1,3127.5,25,1,3127.4,559,5,3127.3,5,2,3128.6,101,3,3128.7,95,2,3128.8,302,5,3128.9,108,2,3129.0,87,4
2031,2026-06-16 09:51:52+05:30,3128.0,15,3139.82,626827,100848.0,191326.0,3163.0,3163.0,3126.6,3134.3,31795200,3447.7,2820.9,3839.9,2896.0,3128.2,23,1,3128.0,98,4,3127.5,25,1,3127.4,559,5,3127.3,67,2,3128.6,31,2,3128.7,65,2,3128.8,218,4,3128.9,73,2,3129.0,87,4
2031,2026-06-16 09:51:53+05:30,3128.6,1,3139.82,626827,100848.0,191326.0,3163.0,3163.0,3126.6,3134.3,31795200,3447.7,2820.9,3839.9,2896.0,3128.2,23,1,3128.0,98,4,3127.5,25,1,3127.4,559,5,3127.3,67,2,3128.6,31,2,3128.7,65,2,3128.8,218,4,3128.9,73,2,3129.0,87,4
2031,2026-06-16 09:51:53+05:30,3128.6,1,3139.82,626828,100822.0,191463.0,3163.0,3163.0,3126.6,3134.3,31795200,3447.7,2820.9,3839.9,2896.0,3128.2,23,1,3128.0,155,5,3127.5,25,1,3127.4,559,5,3127.3,67,2,3128.6,70,4,3128.7,111,3,3128.8,172,3,3128.9,73,2,3129.0,68,3
2031,2026-06-16 09:51:54+05:30,3128.6,7,3139.82,626954,100669.0,191276.0,3163.0,3163.0,3126.6,3134.3,31795200,3447.7,2820.9,3839.9,2896.0,3128.4,26,1,3128.0,155,5,3127.5,25,1,3127.4,482,4,3127.3,2,2,3128.6,67,4,3128.7,65,2,3128.8,218,4,3128.9,93,3,3129.0,379,7
2031,2026-06-16 09:51:55+05:30,3128.4,26,3139.82,626954,100669.0,191276.0,3163.0,3163.0,3126.6,3134.3,31795200,3447.7,2820.9,3839.9,2896.0,3128.4,26,1,3128.0,155,5,3127.5,25,1,3127.4,482,4,3127.3,2,2,3128.6,67,4,3128.7,65,2,3128.8,218,4,3128.9,93,3,3129.0,379,7
2031,2026-06-16 09:51:55+05:30,3128.4,26,3139.82,627006,100587.0,191666.0,3163.0,3163.0,3126.6,3134.3,31795200,3447.7,2820.9,3839.9,2896.0,3128.4,26,1,3128.2,13,2,3128.0,141,3,3127.5,25,1,3127.4,482,4,3128.5,87,5,3128.6,66,4,3128.7,42,3,3128.8,218,4,3128.9,238,5
2031,2026-06-16 09:51:56+05:30,3128.0,11,3139.82,627006,100587.0,191666.0,3163.0,3163.0,3126.6,3134.3,31795200,3447.7,2820.9,3839.9,2896.0,3128.4,26,1,3128.2,13,2,3128.0,141,3,3127.5,25,1,3127.4,482,4,3128.5,87,5,3128.6,66,4,3128.7,42,3,3128.8,218,4,3128.9,238,5
2031,2026-06-16 09:51:56+05:30,3127.2,44,3139.79,628214,97957.0,191120.0,3163.0,3163.0,3126.6,3134.3,31795200,3447.7,2820.9,3839.9,2896.0,3127.2,8,1,3126.9,100,1,3126.7,500,1,3126.6,21,1,3126.5,105,2,3127.6,23,1,3127.7,123,5,3127.8,105,4,3127.9,120,4,3128.0,182,3
2031,2026-06-16 09:51:57+05:30,3127.0,16,3139.79,628214,97957.0,191120.0,3163.0,3163.0,3126.6,3134.3,31795200,3447.7,2820.9,3839.9,2896.0,3127.2,8,1,3126.9,100,1,3126.7,500,1,3126.6,21,1,3126.5,105,2,3127.6,23,1,3127.7,123,5,3127.8,105,4,3127.9,120,4,3128.0,182,3
2031,2026-06-16 09:51:58+05:30,3127.2,1,3139.77,629394,96382.0,192362.0,3163.0,3163.0,3126.3,3134.3,31795200,3447.7,2820.9,3839.9,2896.0,3126.3,61,3,3126.1,1,1,3126.0,167,14,3125.6,25,2,3125.5,237,5,3127.1,200,1,3127.3,75,3,3127.4,110,2,3127.5,126,3,3127.6,428,8
2031,2026-06-16 09:51:58+05:30,3127.0,1,3139.77,629394,96382.0,192362.0,3163.0,3163.0,3126.3,3134.3,31795200,3447.7,2820.9,3839.9,2896.0,3126.3,61,3,3126.1,1,1,3126.0,167,14,3125.6,25,2,3125.5,237,5,3127.1,200,1,3127.3,75,3,3127.4,110,2,3127.5,126,3,3127.6,428,8
2031,2026-06-16 09:51:59+05:30,3127.1,1,3139.76,629585,96312.0,192177.0,3163.0,3163.0,3126.3,3134.3,31795200,3447.7,2820.9,3839.9,2896.0,3126.3,17,3,3126.1,21,2,3126.0,167,14,3125.8,67,2,3125.7,19,1,3127.1,225,2,3127.3,18,1,3127.4,183,3,3127.5,456,6,3127.6,159,4
2031,2026-06-16 09:51:59+05:30,3127.1,1,3139.76,629585,96312.0,192177.0,3163.0,3163.0,3126.3,3134.3,31795200,3447.7,2820.9,3839.9,2896.0,3126.3,17,3,3126.1,21,2,3126.0,167,14,3125.8,67,2,3125.7,19,1,3127.1,225,2,3127.3,18,1,3127.4,183,3,3127.5,456,6,3127.6,159,4
2031,2026-06-16 09:52:00+05:30,3127.1,1,3139.76,629585,98211.0,194318.0,3163.0,3163.0,3126.3,3134.3,31795200,3447.7,2820.9,3839.9,2896.0,3126.3,126,6,3126.1,1,1,3126.0,175,15,3125.8,93,3,3125.7,19,1,3127.1,248,4,3127.3,81,2,3127.4,183,3,3127.5,215,5,3127.6,359,5
2031,2026-06-16 09:52:01+05:30,3127.1,1,3139.76,629585,99330.0,193913.0,3163.0,3163.0,3126.3,3134.3,31795200,3447.7,2820.9,3839.9,2896.0,3126.7,2,2,3126.4,39,2,3126.3,208,9,3126.2,19,1,3126.1,68,4,3127.1,248,4,3127.3,18,1,3127.4,36,1,3127.5,94,3,3127.6,125,2
2031,2026-06-16 09:52:02+05:30,3127.2,6,3139.76,629585,99330.0,193913.0,3163.0,3163.0,3126.3,3134.3,31795200,3447.7,2820.9,3839.9,2896.0,3126.7,2,2,3126.4,39,2,3126.3,208,9,3126.2,19,1,3126.1,68,4,3127.1,248,4,3127.3,18,1,3127.4,36,1,3127.5,94,3,3127.6,125,2
2031,2026-06-16 09:52:02+05:30,3127.2,6,3139.75,630522,100825.0,186579.0,3163.0,3163.0,3126.3,3134.3,31795200,3447.7,2820.9,3839.9,2896.0,3127.2,85,3,3127.1,86,4,3127.0,35,2,3126.9,72,1,3126.8,131,6,3128.4,23,1,3128.5,72,3,3128.6,9,1,3128.8,58,1,3128.9,263,4
2031,2026-06-16 09:52:03+05:30,3127.2,12,3139.75,630522,100825.0,186579.0,3163.0,3163.0,3126.3,3134.3,31795200,3447.7,2820.9,3839.9,2896.0,3127.2,85,3,3127.1,86,4,3127.0,35,2,3126.9,72,1,3126.8,131,6,3128.4,23,1,3128.5,72,3,3128.6,9,1,3128.8,58,1,3128.9,263,4
2031,2026-06-16 09:52:03+05:30,3127.9,1,3139.74,630583,100815.0,189088.0,3163.0,3163.0,3126.3,3134.3,31795200,3447.7,2820.9,3839.9,2896.0,3127.4,26,1,3127.2,135,2,3127.1,1,1,3126.8,86,2,3126.7,103,4,3127.9,45,2,3128.0,100,1,3128.1,28,1,3128.4,85,2,3128.5,115,3
2031,2026-06-16 09:52:04+05:30,3127.4,14,3139.74,630583,100815.0,189088.0,3163.0,3163.0,3126.3,3134.3,31795200,3447.7,2820.9,3839.9,2896.0,3127.4,26,1,3127.2,135,2,3127.1,1,1,3126.8,86,2,3126.7,103,4,3127.9,45,2,3128.0,100,1,3128.1,28,1,3128.4,85,2,3128.5,115,3
2031,2026-06-16 09:52:04+05:30,3127.4,14,3139.74,630597,100714.0,190350.0,3163.0,3163.0,3126.3,3134.3,31795200,3447.7,2820.9,3839.9,2896.0,3127.4,12,1,3127.2,135,2,3127.1,1,1,3126.7,54,4,3126.6,4,1,3127.9,155,7,3128.0,118,2,3128.1,56,2,3128.2,59,2,3128.3,36,1
2031,2026-06-16 09:52:05+05:30,3127.4,10,3139.74,630597,100714.0,190350.0,3163.0,3163.0,3126.3,3134.3,31795200,3447.7,2820.9,3839.9,2896.0,3127.4,12,1,3127.2,135,2,3127.1,1,1,3126.7,54,4,3126.6,4,1,3127.9,155,7,3128.0,118,2,3128.1,56,2,3128.2,59,2,3128.3,36,1
2031,2026-06-16 09:52:05+05:30,3127.4,7,3139.74,630695,101138.0,190693.0,3163.0,3163.0,3126.3,3134.3,31795200,3447.7,2820.9,3839.9,2896.0,3127.6,2,2,3127.4,170,4,3127.2,135,2,3127.0,50,1,3126.7,38,1,3127.9,87,5,3128.0,118,2,3128.1,79,3,3128.2,19,1,3128.3,82,2
2031,2026-06-16 09:52:06+05:30,3127.4,8,3139.74,630695,101138.0,190693.0,3163.0,3163.0,3126.3,3134.3,31795200,3447.7,2820.9,3839.9,2896.0,3127.6,2,2,3127.4,170,4,3127.2,135,2,3127.0,50,1,3126.7,38,1,3127.9,87,5,3128.0,118,2,3128.1,79,3,3128.2,19,1,3128.3,82,2
2031,2026-06-16 09:52:06+05:30,3127.4,8,3139.74,630716,100677.0,190471.0,3163.0,3163.0,3126.3,3134.3,31795200,3447.7,2820.9,3839.9,2896.0,3127.4,188,5,3127.2,135,2,3127.1,14,1,3127.0,51,2,3126.8,98,2,3127.9,87,5,3128.0,118,2,3128.1,51,2,3128.4,19,1,3128.5,97,2
2031,2026-06-16 09:52:07+05:30,3127.4,10,3139.74,630716,100677.0,190471.0,3163.0,3163.0,3126.3,3134.3,31795200,3447.7,2820.9,3839.9,2896.0,3127.4,188,5,3127.2,135,2,3127.1,14,1,3127.0,51,2,3126.8,98,2,3127.9,87,5,3128.0,118,2,3128.1,51,2,3128.4,19,1,3128.5,97,2
2031,2026-06-16 09:52:07+05:30,3127.9,16,3139.74,630742,100963.0,190436.0,3163.0,3163.0,3126.3,3134.3,31795200,3447.7,2820.9,3839.9,2896.0,3127.6,27,1,3127.4,152,4,3127.2,149,3,3127.0,52,3,3126.9,14,1,3127.9,71,5,3128.0,118,2,3128.1,23,1,3128.5,143,3,3128.6,103,2
2031,2026-06-16 09:52:08+05:30,3127.9,16,3139.74,630742,100963.0,190436.0,3163.0,3163.0,3126.3,3134.3,31795200,3447.7,2820.9,3839.9,2896.0,3127.6,27,1,3127.4,152,4,3127.2,149,3,3127.0,52,3,3126.9,14,1,3127.9,71,5,3128.0,118,2,3128.1,23,1,3128.5,143,3,3128.6,103,2
2031,2026-06-16 09:52:08+05:30,3127.6,5,3139.74,631047,102245.0,189795.0,3163.0,3163.0,3126.3,3134.3,31795200,3447.7,2820.9,3839.9,2896.0,3128.0,1,1,3127.6,138,2,3127.5,22,1,3127.4,152,4,3127.3,27,1,3128.5,34,1,3128.9,250,5,3129.0,60,4,3129.1,104,2,3129.2,217,4
2031,2026-06-16 09:52:09+05:30,3127.6,5,3139.74,631047,102245.0,189795.0,3163.0,3163.0,3126.3,3134.3,31795200,3447.7,2820.9,3839.9,2896.0,3128.0,1,1,3127.6,138,2,3127.5,22,1,3127.4,152,4,3127.3,27,1,3128.5,34,1,3128.9,250,5,3129.0,60,4,3129.1,104,2,3129.2,217,4
2031,2026-06-16 09:52:10+05:30,3127.6,5,3139.74,631047,102143.0,190113.0,3163.0,3163.0,3126.3,3134.3,31795200,3447.7,2820.9,3839.9,2896.0,3128.0,2,2,3127.9,27,1,3127.6,116,1,3127.5,22,1,3127.4,152,4,3128.5,34,1,3128.8,80,2,3128.9,274,6,3129.0,84,5,3129.1,77,2
2031,2026-06-16 09:52:10+05:30,3128.5,21,3139.74,631047,102143.0,190113.0,3163.0,3163.0,3126.3,3134.3,31795200,3447.7,2820.9,3839.9,2896.0,3128.0,2,2,3127.9,27,1,3127.6,116,1,3127.5,22,1,3127.4,152,4,3128.5,34,1,3128.8,80,2,3128.9,274,6,3129.0,84,5,3129.1,77,2
2031,2026-06-16 09:52:11+05:30,3128.9,5,3139.73,631194,102505.0,189037.0,3163.0,3163.0,3126.3,3134.3,31795200,3447.7,2820.9,3839.9,2896.0,3128.5,37,2,3128.3,19,1,3128.1,18,1,3128.0,232,8,3127.9,99,2,3129.0,82,5,3129.5,32,1,3129.6,46,1,3129.7,111,2,3129.8,167,4
2031,2026-06-16 09:52:11+05:30,3128.9,5,3139.73,631194,102505.0,189037.0,3163.0,3163.0,3126.3,3134.3,31795200,3447.7,2820.9,3839.9,2896.0,3128.5,37,2,3128.3,19,1,3128.1,18,1,3128.0,232,8,3127.9,99,2,3129.0,82,5,3129.5,32,1,3129.6,46,1,3129.7,111,2,3129.8,167,4
2031,2026-06-16 09:52:12+05:30,3129.0,1,3139.73,631194,102505.0,189037.0,3163.0,3163.0,3126.3,3134.3,31795200,3447.7,2820.9,3839.9,2896.0,3128.5,37,2,3128.3,19,1,3128.1,18,1,3128.0,232,8,3127.9,99,2,3129.0,82,5,3129.5,32,1,3129.6,46,1,3129.7,111,2,3129.8,167,4
2031,2026-06-16 09:52:12+05:30,3128.5,6,3139.73,631202,102417.0,187181.0,3163.0,3163.0,3126.3,3134.3,31795200,3447.7,2820.9,3839.9,2896.0,3128.5,31,2,3128.4,27,1,3128.0,129,2,3127.9,72,1,3127.8,27,1,3129.0,64,4,3129.2,72,2,3129.4,68,2,3129.5,32,1,3129.6,83,3
2031,2026-06-16 09:52:13+05:30,3129.2,10,3139.73,631202,102417.0,187181.0,3163.0,3163.0,3126.3,3134.3,31795200,3447.7,2820.9,3839.9,2896.0,3128.5,31,2,3128.4,27,1,3128.0,129,2,3127.9,72,1,3127.8,27,1,3129.0,64,4,3129.2,72,2,3129.4,68,2,3129.5,32,1,3129.6,83,3
2031,2026-06-16 09:52:13+05:30,3129.2,10,3139.73,631450,102287.0,187131.0,3163.0,3163.0,3126.3,3134.3,31795200,3447.7,2820.9,3839.9,2896.0,3128.5,166,3,3128.4,1,1,3128.0,129,2,3127.9,99,2,3127.6,94,3,3129.2,97,5,3129.4,123,4,3129.5,130,3,3129.6,262,5,3129.7,154,3
2031,2026-06-16 09:52:14+05:30,3128.5,1,3139.73,631450,102287.0,187131.0,3163.0,3163.0,3126.3,3134.3,31795200,3447.7,2820.9,3839.9,2896.0,3128.5,166,3,3128.4,1,1,3128.0,129,2,3127.9,99,2,3127.6,94,3,3129.2,97,5,3129.4,123,4,3129.5,130,3,3129.6,262,5,3129.7,154,3
2031,2026-06-16 09:52:14+05:30,3128.5,1,3139.73,631457,102463.0,189109.0,3163.0,3163.0,3126.3,3134.3,31795200,3447.7,2820.9,3839.9,2896.0,3128.5,176,3,3128.4,26,2,3128.0,129,2,3127.9,72,1,3127.7,16,1,3129.2,96,5,3129.4,76,3,3129.5,163,4,3129.6,210,5,3129.7,317,5
2031,2026-06-16 09:52:15+05:30,3129.2,17,3139.73,631457,102463.0,189109.0,3163.0,3163.0,3126.3,3134.3,31795200,3447.7,2820.9,3839.9,2896.0,3128.5,176,3,3128.4,26,2,3128.0,129,2,3127.9,72,1,3127.7,16,1,3129.2,96,5,3129.4,76,3,3129.5,163,4,3129.6,210,5,3129.7,317,5
2031,2026-06-16 09:52:15+05:30,3129.2,17,3139.73,631457,102463.0,189109.0,3163.0,3163.0,3126.3,3134.3,31795200,3447.7,2820.9,3839.9,2896.0,3128.5,176,3,3128.4,26,2,3128.0,129,2,3127.9,72,1,3127.7,16,1,3129.2,96,5,3129.4,76,3,3129.5,163,4,3129.6,210,5,3129.7,317,5
2031,2026-06-16 09:52:15+05:30,3129.4,1,3139.73,631583,103707.0,186671.0,3163.0,3163.0,3126.3,3134.3,31795200,3447.7,2820.9,3839.9,2896.0,3129.2,26,3,3128.9,2,2,3128.5,182,2,3128.4,1,1,3128.2,134,2,3129.4,23,1,3129.5,45,2,3129.6,32,1,3129.7,64,2,3129.8,67,1
2031,2026-06-16 09:52:16+05:30,3129.4,1,3139.73,631583,103707.0,186671.0,3163.0,3163.0,3126.3,3134.3,31795200,3447.7,2820.9,3839.9,2896.0,3129.2,26,3,3128.9,2,2,3128.5,182,2,3128.4,1,1,3128.2,134,2,3129.4,23,1,3129.5,45,2,3129.6,32,1,3129.7,64,2,3129.8,67,1
2031,2026-06-16 09:52:16+05:30,3129.4,1,3139.73,631583,104662.0,188441.0,3163.0,3163.0,3126.3,3134.3,31795200,3447.7,2820.9,3839.9,2896.0,3129.3,156,1,3129.2,31,4,3128.9,13,3,3128.7,99,2,3128.6,45,2,3129.4,23,1,3129.5,33,1,3129.6,32,1,3129.7,26,1,3129.8,67,1
2031,2026-06-16 09:52:16+05:30,3129.4,1,3139.73,631583,104662.0,188441.0,3163.0,3163.0,3126.3,3134.3,31795200,3447.7,2820.9,3839.9,2896.0,3129.3,156,1,3129.2,31,4,3128.9,13,3,3128.7,99,2,3128.6,45,2,3129.4,23,1,3129.5,33,1,3129.6,32,1,3129.7,26,1,3129.8,67,1
2031,2026-06-16 09:52:17+05:30,3129.2,2,3139.73,631583,104662.0,188441.0,3163.0,3163.0,3126.3,3134.3,31795200,3447.7,2820.9,3839.9,2896.0,3129.3,156,1,3129.2,31,4,3128.9,13,3,3128.7,99,2,3128.6,45,2,3129.4,23,1,3129.5,33,1,3129.6,32,1,3129.7,26,1,3129.8,67,1
2031,2026-06-16 09:52:17+05:30,3129.2,2,3139.72,631989,103635.0,188418.0,3163.0,3163.0,3126.3,3134.3,31795200,3447.7,2820.9,3839.9,2896.0,3129.2,16,3,3128.9,2,2,3128.7,27,1,3128.5,87,2,3128.4,1,1,3129.4,23,1,3129.5,33,1,3129.6,77,2,3129.7,26,1,3129.8,109,3
2031,2026-06-16 09:52:18+05:30,3129.4,20,3139.72,631989,103635.0,188418.0,3163.0,3163.0,3126.3,3134.3,31795200,3447.7,2820.9,3839.9,2896.0,3129.2,16,3,3128.9,2,2,3128.7,27,1,3128.5,87,2,3128.4,1,1,3129.4,23,1,3129.5,33,1,3129.6,77,2,3129.7,26,1,3129.8,109,3
2031,2026-06-16 09:52:18+05:30,3129.4,20,3139.72,631989,103635.0,188418.0,3163.0,3163.0,3126.3,3134.3,31795200,3447.7,2820.9,3839.9,2896.0,3129.2,16,3,3128.9,2,2,3128.7,27,1,3128.5,87,2,3128.4,1,1,3129.4,23,1,3129.5,33,1,3129.6,77,2,3129.7,26,1,3129.8,109,3
2031,2026-06-16 09:52:18+05:30,3129.5,23,3139.72,632069,103529.0,189117.0,3163.0,3163.0,3126.3,3134.3,31795200,3447.7,2820.9,3839.9,2896.0,3129.4,25,1,3129.2,72,4,3128.9,2,2,3128.5,107,3,3128.4,1,1,3129.6,32,1,3129.7,90,3,3129.8,90,2,3130.0,1236,8,3130.1,163,2
2031,2026-06-16 09:52:19+05:30,3129.5,23,3139.72,632069,103529.0,189117.0,3163.0,3163.0,3126.3,3134.3,31795200,3447.7,2820.9,3839.9,2896.0,3129.4,25,1,3129.2,72,4,3128.9,2,2,3128.5,107,3,3128.4,1,1,3129.6,32,1,3129.7,90,3,3129.8,90,2,3130.0,1236,8,3130.1,163,2
2031,2026-06-16 09:52:19+05:30,3129.4,39,3139.72,632158,103451.0,189667.0,3163.0,3163.0,3126.3,3134.3,31795200,3447.7,2820.9,3839.9,2896.0,3129.5,26,1,3129.2,72,4,3128.9,2,2,3128.4,16,2,3128.3,29,1,3129.7,82,4,3129.8,114,3,3130.0,1509,11,3130.1,27,1,3130.2,214,4
2031,2026-06-16 09:52:20+05:30,3129.4,39,3139.72,632158,103451.0,189667.0,3163.0,3163.0,3126.3,3134.3,31795200,3447.7,2820.9,3839.9,2896.0,3129.5,26,1,3129.2,72,4,3128.9,2,2,3128.4,16,2,3128.3,29,1,3129.7,82,4,3129.8,114,3,3130.0,1509,11,3130.1,27,1,3130.2,214,4
2031,2026-06-16 09:52:20+05:30,3129.4,39,3139.72,632158,103451.0,189667.0,3163.0,3163.0,3126.3,3134.3,31795200,3447.7,2820.9,3839.9,2896.0,3129.5,26,1,3129.2,72,4,3128.9,2,2,3128.4,16,2,3128.3,29,1,3129.7,82,4,3129.8,114,3,3130.0,1509,11,3130.1,27,1,3130.2,214,4
2031,2026-06-16 09:52:20+05:30,3129.4,39,3139.72,632158,104414.0,186974.0,3163.0,3163.0,3126.3,3134.3,31795200,3447.7,2820.9,3839.9,2896.0,3129.6,4,3,3129.5,27,2,3129.4,43,1,3129.2,60,3,3128.8,20,1,3129.7,74,3,3129.8,187,3,3129.9,45,1,3130.0,1344,9,3130.2,45,1
2031,2026-06-16 09:52:21+05:30,3129.7,25,3139.72,632257,104844.0,188755.0,3163.0,3163.0,3126.3,3134.3,31795200,3447.7,2820.9,3839.9,2896.0,3129.6,4,3,3129.5,15,2,3129.4,43,1,3129.2,60,3,3129.1,14,1,3129.8,120,2,3130.0,1329,8,3130.4,129,2,3130.5,92,4,3130.6,123,4
2031,2026-06-16 09:52:21+05:30,3129.7,25,3139.72,632257,104844.0,188755.0,3163.0,3163.0,3126.3,3134.3,31795200,3447.7,2820.9,3839.9,2896.0,3129.6,4,3,3129.5,15,2,3129.4,43,1,3129.2,60,3,3129.1,14,1,3129.8,120,2,3130.0,1329,8,3130.4,129,2,3130.5,92,4,3130.6,123,4
2031,2026-06-16 09:52:22+05:30,3129.8,1,3139.72,632257,104844.0,188755.0,3163.0,3163.0,3126.3,3134.3,31795200,3447.7,2820.9,3839.9,2896.0,3129.6,4,3,3129.5,15,2,3129.4,43,1,3129.2,60,3,3129.1,14,1,3129.8,120,2,3130.0,1329,8,3130.4,129,2,3130.5,92,4,3130.6,123,4
2031,2026-06-16 09:52:22+05:30,3129.8,1,3139.71,632343,104665.0,188736.0,3163.0,3163.0,3126.3,3134.3,31795200,3447.7,2820.9,3839.9,2896.0,3129.5,25,1,3129.4,43,1,3129.2,60,3,3129.1,14,1,3128.8,20,1,3129.8,120,3,3130.0,1190,7,3130.3,72,2,3130.4,32,1,3130.5,280,7
2031,2026-06-16 09:52:23+05:30,3129.8,1,3139.71,632343,104665.0,188736.0,3163.0,3163.0,3126.3,3134.3,31795200,3447.7,2820.9,3839.9,2896.0,3129.5,25,1,3129.4,43,1,3129.2,60,3,3129.1,14,1,3128.8,20,1,3129.8,120,3,3130.0,1190,7,3130.3,72,2,3130.4,32,1,3130.5,280,7
2031,2026-06-16 09:52:24+05:30,3129.8,1,3139.71,632343,104779.0,189042.0,3163.0,3163.0,3126.3,3134.3,31795200,3447.7,2820.9,3839.9,2896.0,3129.7,27,1,3129.5,4,1,3129.4,43,1,3129.3,14,1,3129.2,60,3,3129.8,120,3,3130.0,1190,7,3130.2,45,1,3130.3,56,2,3130.4,32,1
2031,2026-06-16 09:52:24+05:30,3129.8,1,3139.71,632343,104779.0,189042.0,3163.0,3163.0,3126.3,3134.3,31795200,3447.7,2820.9,3839.9,2896.0,3129.7,27,1,3129.5,4,1,3129.4,43,1,3129.3,14,1,3129.2,60,3,3129.8,120,3,3130.0,1190,7,3130.2,45,1,3130.3,56,2,3130.4,32,1
2031,2026-06-16 09:52:25+05:30,3129.9,1,3139.71,632575,103760.0,190235.0,3163.0,3163.0,3126.3,3134.3,31795200,3447.7,2820.9,3839.9,2896.0,3129.7,42,2,3129.3,16,1,3129.2,60,3,3128.8,20,1,3128.7,72,1,3130.0,1190,7,3130.1,45,1,3130.2,18,1,3130.3,48,2,3130.5,303,7
2031,2026-06-16 09:52:25+05:30,3129.9,1,3139.71,632575,103760.0,190235.0,3163.0,3163.0,3126.3,3134.3,31795200,3447.7,2820.9,3839.9,2896.0,3129.7,42,2,3129.3,16,1,3129.2,60,3,3128.8,20,1,3128.7,72,1,3130.0,1190,7,3130.1,45,1,3130.2,18,1,3130.3,48,2,3130.5,303,7
2031,2026-06-16 09:52:25+05:30,3129.9,1,3139.71,632575,103760.0,190235.0,3163.0,3163.0,3126.3,3134.3,31795200,3447.7,2820.9,3839.9,2896.0,3129.7,42,2,3129.3,16,1,3129.2,60,3,3128.8,20,1,3128.7,72,1,3130.0,1190,7,3130.1,45,1,3130.2,18,1,3130.3,48,2,3130.5,303,7
2031,2026-06-16 09:52:26+05:30,3129.9,1,3139.71,632575,103760.0,190235.0,3163.0,3163.0,3126.3,3134.3,31795200,3447.7,2820.9,3839.9,2896.0,3129.7,42,2,3129.3,16,1,3129.2,60,3,3128.8,20,1,3128.7,72,1,3130.0,1190,7,3130.1,45,1,3130.2,18,1,3130.3,48,2,3130.5,303,7
2031,2026-06-16 09:52:26+05:30,3129.7,4,3139.71,632575,103760.0,190235.0,3163.0,3163.0,3126.3,3134.3,31795200,3447.7,2820.9,3839.9,2896.0,3129.7,42,2,3129.3,16,1,3129.2,60,3,3128.8,20,1,3128.7,72,1,3130.0,1190,7,3130.1,45,1,3130.2,18,1,3130.3,48,2,3130.5,303,7
2031,2026-06-16 09:52:26+05:30,3129.7,4,3139.71,632657,104003.0,190055.0,3163.0,3163.0,3126.3,3134.3,31795200,3447.7,2820.9,3839.9,2896.0,3129.7,42,2,3129.3,14,1,3129.2,59,2,3128.8,20,1,3128.6,13,1,3130.0,1150,7,3130.1,63,2,3130.2,65,3,3130.3,48,2,3130.5,293,7
2031,2026-06-16 09:52:26+05:30,3129.7,4,3139.71,632657,104003.0,190055.0,3163.0,3163.0,3126.3,3134.3,31795200,3447.7,2820.9,3839.9,2896.0,3129.7,42,2,3129.3,14,1,3129.2,59,2,3128.8,20,1,3128.6,13,1,3130.0,1150,7,3130.1,63,2,3130.2,65,3,3130.3,48,2,3130.5,293,7
2031,2026-06-16 09:52:27+05:30,3129.7,4,3139.71,632657,104003.0,190055.0,3163.0,3163.0,3126.3,3134.3,31795200,3447.7,2820.9,3839.9,2896.0,3129.7,42,2,3129.3,14,1,3129.2,59,2,3128.8,20,1,3128.6,13,1,3130.0,1150,7,3130.1,63,2,3130.2,65,3,3130.3,48,2,3130.5,293,7
2031,2026-06-16 09:52:27+05:30,3129.9,14,3139.71,632657,104003.0,190055.0,3163.0,3163.0,3126.3,3134.3,31795200,3447.7,2820.9,3839.9,2896.0,3129.7,42,2,3129.3,14,1,3129.2,59,2,3128.8,20,1,3128.6,13,1,3130.0,1150,7,3130.1,63,2,3130.2,65,3,3130.3,48,2,3130.5,293,7
2031,2026-06-16 09:52:27+05:30,3129.7,14,3139.7,633093,102570.0,190014.0,3163.0,3163.0,3126.3,3134.3,31795200,3447.7,2820.9,3839.9,2896.0,3129.4,3,1,3129.3,26,2,3129.2,2,1,3129.1,14,1,3128.6,13,1,3129.7,23,1,3129.8,124,6,3130.0,1366,11,3130.1,121,3,3130.2,200,6
2031,2026-06-16 09:52:27+05:30,3129.7,14,3139.7,633093,102570.0,190014.0,3163.0,3163.0,3126.3,3134.3,31795200,3447.7,2820.9,3839.9,2896.0,3129.4,3,1,3129.3,26,2,3129.2,2,1,3129.1,14,1,3128.6,13,1,3129.7,23,1,3129.8,124,6,3130.0,1366,11,3130.1,121,3,3130.2,200,6
2031,2026-06-16 09:52:28+05:30,3129.4,5,3139.7,633093,102570.0,190014.0,3163.0,3163.0,3126.3,3134.3,31795200,3447.7,2820.9,3839.9,2896.0,3129.4,3,1,3129.3,26,2,3129.2,2,1,3129.1,14,1,3128.6,13,1,3129.7,23,1,3129.8,124,6,3130.0,1366,11,3130.1,121,3,3130.2,200,6
2031,2026-06-16 09:52:28+05:30,3129.4,5,3139.7,633502,102023.0,190029.0,3163.0,3163.0,3126.3,3134.3,31795200,3447.7,2820.9,3839.9,2896.0,3129.3,14,1,3128.6,13,1,3128.4,1,1,3128.0,1,1,3127.8,108,3,3129.6,75,4,3129.7,131,4,3129.8,43,2,3129.9,110,2,3130.0,1366,11
2031,2026-06-16 09:52:28+05:30,3129.4,5,3139.7,633502,102023.0,190029.0,3163.0,3163.0,3126.3,3134.3,31795200,3447.7,2820.9,3839.9,2896.0,3129.3,14,1,3128.6,13,1,3128.4,1,1,3128.0,1,1,3127.8,108,3,3129.6,75,4,3129.7,131,4,3129.8,43,2,3129.9,110,2,3130.0,1366,11
2031,2026-06-16 09:52:29+05:30,3129.6,3,3139.7,633502,102023.0,190029.0,3163.0,3163.0,3126.3,3134.3,31795200,3447.7,2820.9,3839.9,2896.0,3129.3,14,1,3128.6,13,1,3128.4,1,1,3128.0,1,1,3127.8,108,3,3129.6,75,4,3129.7,131,4,3129.8,43,2,3129.9,110,2,3130.0,1366,11
2031,2026-06-16 09:52:29+05:30,3129.6,3,3139.7,633502,102023.0,190029.0,3163.0,3163.0,3126.3,3134.3,31795200,3447.7,2820.9,3839.9,2896.0,3129.3,14,1,3128.6,13,1,3128.4,1,1,3128.0,1,1,3127.8,108,3,3129.6,75,4,3129.7,131,4,3129.8,43,2,3129.9,110,2,3130.0,1366,11
2031,2026-06-16 09:52:29+05:30,3129.6,3,3139.69,633596,102329.0,189950.0,3163.0,3163.0,3126.3,3134.3,31795200,3447.7,2820.9,3839.9,2896.0,3129.3,14,1,3128.6,13,1,3128.4,1,1,3128.1,26,1,3128.0,89,3,3129.6,113,5,3129.7,70,5,3129.8,146,4,3129.9,70,2,3130.0,1223,9
2031,2026-06-16 09:52:30+05:30,3129.6,3,3139.69,633596,102329.0,189950.0,3163.0,3163.0,3126.3,3134.3,31795200,3447.7,2820.9,3839.9,2896.0,3129.3,14,1,3128.6,13,1,3128.4,1,1,3128.1,26,1,3128.0,89,3,3129.6,113,5,3129.7,70,5,3129.8,146,4,3129.9,70,2,3130.0,1223,9
2031,2026-06-16 09:52:30+05:30,3129.3,1,3139.69,633596,102329.0,189950.0,3163.0,3163.0,3126.3,3134.3,31795200,3447.7,2820.9,3839.9,2896.0,3129.3,14,1,3128.6,13,1,3128.4,1,1,3128.1,26,1,3128.0,89,3,3129.6,113,5,3129.7,70,5,3129.8,146,4,3129.9,70,2,3130.0,1223,9
2031,2026-06-16 09:52:30+05:30,3128.6,5,3139.69,633894,101768.0,189654.0,3163.0,3163.0,3126.3,3134.3,31795200,3447.7,2820.9,3839.9,2896.0,3128.6,9,2,3128.4,1,1,3128.0,73,2,3127.9,26,1,3127.8,111,3,3129.5,22,1,3129.6,127,6,3129.7,318,6,3129.8,207,5,3129.9,317,5
2031,2026-06-16 09:52:30+05:30,3128.6,5,3139.69,633894,101768.0,189654.0,3163.0,3163.0,3126.3,3134.3,31795200,3447.7,2820.9,3839.9,2896.0,3128.6,9,2,3128.4,1,1,3128.0,73,2,3127.9,26,1,3127.8,111,3,3129.5,22,1,3129.6,127,6,3129.7,318,6,3129.8,207,5,3129.9,317,5
2031,2026-06-16 09:52:31+05:30,3128.6,5,3139.69,633894,101768.0,189654.0,3163.0,3163.0,3126.3,3134.3,31795200,3447.7,2820.9,3839.9,2896.0,3128.6,9,2,3128.4,1,1,3128.0,73,2,3127.9,26,1,3127.8,111,3,3129.5,22,1,3129.6,127,6,3129.7,318,6,3129.8,207,5,3129.9,317,5
2031,2026-06-16 09:52:31+05:30,3129.5,1,3139.69,633895,101693.0,190084.0,3163.0,3163.0,3126.3,3134.3,31795200,3447.7,2820.9,3839.9,2896.0,3128.6,9,2,3128.4,1,1,3128.0,1,1,3127.9,26,1,3127.7,156,1,3129.4,200,1,3129.5,227,5,3129.6,192,6,3129.7,34,4,3129.8,200,5
2031,2026-06-16 09:52:31+05:30,3129.5,1,3139.69,633895,101693.0,190084.0,3163.0,3163.0,3126.3,3134.3,31795200,3447.7,2820.9,3839.9,2896.0,3128.6,9,2,3128.4,1,1,3128.0,1,1,3127.9,26,1,3127.7,156,1,3129.4,200,1,3129.5,227,5,3129.6,192,6,3129.7,34,4,3129.8,200,5
2031,2026-06-16 09:52:32+05:30,3129.5,1,3139.69,633895,101693.0,190084.0,3163.0,3163.0,3126.3,3134.3,31795200,3447.7,2820.9,3839.9,2896.0,3128.6,9,2,3128.4,1,1,3128.0,1,1,3127.9,26,1,3127.7,156,1,3129.4,200,1,3129.5,227,5,3129.6,192,6,3129.7,34,4,3129.8,200,5
2031,2026-06-16 09:52:32+05:30,3129.5,1,3139.69,633895,101682.0,187862.0,3163.0,3163.0,3126.3,3134.3,31795200,3447.7,2820.9,3839.9,2896.0,3128.6,9,2,3128.4,1,1,3128.0,1,1,3127.9,98,2,3127.7,228,2,3129.0,20,2,3129.3,39,2,3129.4,228,3,3129.5,215,4,3129.6,164,5
2031,2026-06-16 09:52:32+05:30,3129.5,1,3139.69,633895,101682.0,187862.0,3163.0,3163.0,3126.3,3134.3,31790400,3447.7,2820.9,3839.9,2896.0,3128.6,9,2,3128.4,1,1,3128.0,1,1,3127.9,98,2,3127.7,228,2,3129.0,20,2,3129.3,39,2,3129.4,228,3,3129.5,215,4,3129.6,164,5
2031,2026-06-16 09:52:33+05:30,3129.5,1,3139.69,633895,101422.0,190364.0,3163.0,3163.0,3126.3,3134.3,31790400,3447.7,2820.9,3839.9,2896.0,3128.6,20,4,3128.4,1,1,3128.0,1,1,3127.6,98,3,3127.5,147,4,3129.0,46,5,3129.3,342,5,3129.4,109,2,3129.5,131,3,3129.6,194,6
2031,2026-06-16 09:52:34+05:30,3128.6,1,3139.69,633895,101422.0,190364.0,3163.0,3163.0,3126.3,3134.3,31790400,3447.7,2820.9,3839.9,2896.0,3128.6,20,4,3128.4,1,1,3128.0,1,1,3127.6,98,3,3127.5,147,4,3129.0,46,5,3129.3,342,5,3129.4,109,2,3129.5,131,3,3129.6,194,6
2031,2026-06-16 09:52:34+05:30,3128.6,1,3139.69,633942,101779.0,190650.0,3163.0,3163.0,3126.3,3134.3,31790400,3447.7,2820.9,3839.9,2896.0,3128.6,13,4,3128.4,1,1,3128.0,1,1,3127.6,110,4,3127.5,128,3,3129.0,177,8,3129.2,219,2,3129.3,168,4,3129.4,68,3,3129.5,215,4
2031,2026-06-16 09:52:35+05:30,3129.0,1,3139.69,633967,101698.0,188548.0,3163.0,3163.0,3126.3,3134.3,31790400,3447.7,2820.9,3839.9,2896.0,3128.6,12,3,3128.4,27,2,3128.0,1,1,3127.7,16,1,3127.6,97,4,3129.0,165,7,3129.2,228,2,3129.3,58,3,3129.4,152,4,3129.5,72,1
2031,2026-06-16 09:52:36+05:30,3128.6,3,3139.69,633967,101698.0,188548.0,3163.0,3163.0,3126.3,3134.3,31790400,3447.7,2820.9,3839.9,2896.0,3128.6,12,3,3128.4,27,2,3128.0,1,1,3127.7,16,1,3127.6,97,4,3129.0,165,7,3129.2,228,2,3129.3,58,3,3129.4,152,4,3129.5,72,1
2031,2026-06-16 09:52:36+05:30,3128.6,3,3139.69,634020,101650.0,189892.0,3163.0,3163.0,3126.3,3134.3,31790400,3447.7,2820.9,3839.9,2896.0,3128.4,27,2,3128.0,1,1,3127.7,16,1,3127.6,97,4,3127.5,102,2,3128.9,100,1,3129.0,65,6,3129.2,312,3,3129.3,58,3,3129.4,68,3
2031,2026-06-16 09:52:37+05:30,3128.4,22,3139.69,634020,101650.0,189892.0,3163.0,3163.0,3126.3,3134.3,31790400,3447.7,2820.9,3839.9,2896.0,3128.4,27,2,3128.0,1,1,3127.7,16,1,3127.6,97,4,3127.5,102,2,3128.9,100,1,3129.0,65,6,3129.2,312,3,3129.3,58,3,3129.4,68,3
2031,2026-06-16 09:52:37+05:30,3128.4,38,3139.69,634086,101750.0,189997.0,3163.0,3163.0,3126.3,3134.3,31790400,3447.7,2820.9,3839.9,2896.0,3128.4,29,3,3128.0,1,1,3127.7,88,2,3127.6,78,3,3127.5,102,2,3128.9,134,3,3129.0,43,4,3129.2,28,1,3129.3,361,6,3129.4,76,2
2031,2026-06-16 09:52:38+05:30,3128.9,1,3139.69,634086,101750.0,189997.0,3163.0,3163.0,3126.3,3134.3,31790400,3447.7,2820.9,3839.9,2896.0,3128.4,29,3,3128.0,1,1,3127.7,88,2,3127.6,78,3,3127.5,102,2,3128.9,134,3,3129.0,43,4,3129.2,28,1,3129.3,361,6,3129.4,76,2
2031,2026-06-16 09:52:38+05:30,3128.9,1,3139.69,634087,102139.0,189386.0,3163.0,3163.0,3126.3,3134.3,31790400,3447.7,2820.9,3839.9,2896.0,3128.4,29,3,3128.0,1,1,3127.7,88,2,3127.6,78,3,3127.5,102,2,3128.9,158,4,3129.0,43,4,3129.2,28,1,3129.3,305,3,3129.4,76,2
2031,2026-06-16 09:52:39+05:30,3128.4,18,3139.68,634137,102255.0,187435.0,3163.0,3163.0,3126.3,3134.3,31790400,3447.7,2820.9,3839.9,2896.0,3128.4,12,3,3128.3,13,1,3128.2,16,1,3128.1,14,1,3128.0,119,5,3128.9,158,4,3129.0,43,4,3129.2,28,1,3129.3,21,1,3129.5,272,2
2031,2026-06-16 09:52:40+05:30,3128.4,18,3139.68,634137,102255.0,187435.0,3163.0,3163.0,3126.3,3134.3,31790400,3447.7,2820.9,3839.9,2896.0,3128.4,12,3,3128.3,13,1,3128.2,16,1,3128.1,14,1,3128.0,119,5,3128.9,158,4,3129.0,43,4,3129.2,28,1,3129.3,21,1,3129.5,272,2
2031,2026-06-16 09:52:40+05:30,3128.8,1,3139.68,634141,102567.0,189562.0,3163.0,3163.0,3126.3,3134.3,31790400,3447.7,2820.9,3839.9,2896.0,3128.4,58,6,3128.3,11,1,3128.2,32,2,3128.1,120,4,3128.0,131,7,3128.8,13,1,3128.9,159,5,3129.0,43,4,3129.2,28,1,3129.3,21,1
2031,2026-06-16 09:52:41+05:30,3128.8,1,3139.68,634141,102567.0,189562.0,3163.0,3163.0,3126.3,3134.3,31790400,3447.7,2820.9,3839.9,2896.0,3128.4,58,6,3128.3,11,1,3128.2,32,2,3128.1,120,4,3128.0,131,7,3128.8,13,1,3128.9,159,5,3129.0,43,4,3129.2,28,1,3129.3,21,1
2031,2026-06-16 09:52:41+05:30,3128.8,1,3139.68,634141,102433.0,189561.0,3163.0,3163.0,3126.3,3134.3,31790400,3447.7,2820.9,3839.9,2896.0,3128.4,21,4,3128.3,11,1,3128.2,75,2,3128.1,95,3,3128.0,131,7,3128.8,39,3,3128.9,127,3,3129.0,43,4,3129.2,28,1,3129.3,21,1
2031,2026-06-16 09:52:42+05:30,3128.8,1,3139.68,634141,102467.0,189255.0,3163.0,3163.0,3126.3,3134.3,31790400,3447.7,2820.9,3839.9,2896.0,3128.4,79,6,3128.3,11,1,3128.2,75,2,3128.1,95,3,3128.0,131,7,3128.8,39,3,3128.9,127,3,3129.0,43,4,3129.3,21,1,3129.5,200,1
2031,2026-06-16 09:52:44+05:30,3128.8,5,3139.68,634146,102633.0,189142.0,3163.0,3163.0,3126.3,3134.3,31790400,3447.7,2820.9,3839.9,2896.0,3128.5,22,1,3128.4,104,7,3128.3,41,3,3128.2,50,1,3128.1,120,4,3128.8,34,3,3128.9,127,3,3129.0,43,4,3129.3,21,1,3129.6,57,2
2031,2026-06-16 09:52:44+05:30,3128.8,5,3139.68,634146,102633.0,189142.0,3163.0,3163.0,3126.3,3134.3,31790400,3447.7,2820.9,3839.9,2896.0,3128.5,22,1,3128.4,104,7,3128.3,41,3,3128.2,50,1,3128.1,120,4,3128.8,34,3,3128.9,127,3,3129.0,43,4,3129.3,21,1,3129.6,57,2
2031,2026-06-16 09:52:45+05:30,3128.8,1,3139.68,634180,103063.0,189865.0,3163.0,3163.0,3126.3,3134.3,31790400,3447.7,2820.9,3839.9,2896.0,3128.7,27,1,3128.5,79,6,3128.4,89,4,3128.3,22,2,3128.2,34,2,3128.8,23,1,3128.9,127,3,3129.0,218,5,3129.3,21,1,3129.5,200,1
2031,2026-06-16 09:52:45+05:30,3128.8,1,3139.68,634180,103063.0,189865.0,3163.0,3163.0,3126.3,3134.3,31790400,3447.7,2820.9,3839.9,2896.0,3128.7,27,1,3128.5,79,6,3128.4,89,4,3128.3,22,2,3128.2,34,2,3128.8,23,1,3128.9,127,3,3129.0,218,5,3129.3,21,1,3129.5,200,1
2031,2026-06-16 09:52:46+05:30,3130.0,1,3139.68,634180,103063.0,189865.0,3163.0,3163.0,3126.3,3134.3,31790400,3447.7,2820.9,3839.9,2896.0,3128.7,27,1,3128.5,79,6,3128.4,89,4,3128.3,22,2,3128.2,34,2,3128.8,23,1,3128.9,127,3,3129.0,218,5,3129.3,21,1,3129.5,200,1
2031,2026-06-16 09:52:46+05:30,3130.0,1,3139.67,634838,105346.0,186391.0,3163.0,3163.0,3126.3,3134.3,31790400,3447.7,2820.9,3839.9,2896.0,3129.7,1,1,3129.5,83,4,3129.4,34,2,3129.2,28,3,3129.1,21,3,3130.0,1022,6,3130.8,33,2,3131.0,118,3,3131.1,72,1,3131.2,32,2
2031,2026-06-16 09:52:47+05:30,3129.9,40,3139.67,634838,105346.0,186391.0,3163.0,3163.0,3126.3,3134.3,31790400,3447.7,2820.9,3839.9,2896.0,3129.7,1,1,3129.5,83,4,3129.4,34,2,3129.2,28,3,3129.1,21,3,3130.0,1022,6,3130.8,33,2,3131.0,118,3,3131.1,72,1,3131.2,32,2
2031,2026-06-16 09:52:47+05:30,3129.9,40,3139.67,634878,105415.0,187519.0,3163.0,3163.0,3126.3,3134.3,31790400,3447.7,2820.9,3839.9,2896.0,3129.7,1,1,3129.6,25,1,3129.5,44,2,3129.4,21,1,3129.3,84,3,3129.9,31,2,3130.0,1204,7,3130.8,105,3,3131.0,69,3,3131.1,72,1
2031,2026-06-16 09:52:48+05:30,3129.7,25,3139.67,634878,105415.0,187519.0,3163.0,3163.0,3126.3,3134.3,31790400,3447.7,2820.9,3839.9,2896.0,3129.7,1,1,3129.6,25,1,3129.5,44,2,3129.4,21,1,3129.3,84,3,3129.9,31,2,3130.0,1204,7,3130.8,105,3,3131.0,69,3,3131.1,72,1
2031,2026-06-16 09:52:48+05:30,3129.7,25,3139.67,634955,105105.0,188991.0,3163.0,3163.0,3126.3,3134.3,31790400,3447.7,2820.9,3839.9,2896.0,3129.6,1,1,3129.1,3,1,3129.0,21,1,3128.9,53,2,3128.8,45,7,3129.9,9,1,3130.0,1254,8,3130.2,43,1,3130.4,156,2,3130.5,134,5
2031,2026-06-16 09:52:49+05:30,3129.6,2,3139.67,634955,105105.0,188991.0,3163.0,3163.0,3126.3,3134.3,31790400,3447.7,2820.9,3839.9,2896.0,3129.6,1,1,3129.1,3,1,3129.0,21,1,3128.9,53,2,3128.8,45,7,3129.9,9,1,3130.0,1254,8,3130.2,43,1,3130.4,156,2,3130.5,134,5
2031,2026-06-16 09:52:49+05:30,3129.6,2,3139.67,634957,104949.0,187618.0,3163.0,3163.0,3126.3,3134.3,31790400,3447.7,2820.9,3839.9,2896.0,3129.6,42,2,3129.5,22,1,3129.1,5,2,3129.0,6,1,3128.9,101,4,3129.9,38,3,3130.0,1284,10,3130.2,17,1,3130.3,243,2,3130.4,186,3
2031,2026-06-16 09:52:50+05:30,3129.9,4,3139.67,634957,104949.0,187618.0,3163.0,3163.0,3126.3,3134.3,31790400,3447.7,2820.9,3839.9,2896.0,3129.6,42,2,3129.5,22,1,3129.1,5,2,3129.0,6,1,3128.9,101,4,3129.9,38,3,3130.0,1284,10,3130.2,17,1,3130.3,243,2,3130.4,186,3
2031,2026-06-16 09:52:50+05:30,3129.9,4,3139.67,634978,105106.0,189077.0,3163.0,3163.0,3126.3,3134.3,31790400,3447.7,2820.9,3839.9,2896.0,3129.8,26,1,3129.7,2,2,3129.6,43,3,3129.1,2,1,3129.0,6,1,3129.9,34,3,3130.0,1284,10,3130.2,60,2,3130.3,219,2,3130.5,89,3
2031,2026-06-16 09:52:51+05:30,3129.9,1,3139.67,634978,105106.0,189077.0,3163.0,3163.0,3126.3,3134.3,31790400,3447.7,2820.9,3839.9,2896.0,3129.8,26,1,3129.7,2,2,3129.6,43,3,3129.1,2,1,3129.0,6,1,3129.9,34,3,3130.0,1284,10,3130.2,60,2,3130.3,219,2,3130.5,89,3
2031,2026-06-16 09:52:51+05:30,3129.8,41,3139.67,635262,104960.0,187526.0,3163.0,3163.0,3126.3,3134.3,31790400,3447.7,2820.9,3839.9,2896.0,3129.7,2,2,3129.6,43,3,3129.1,2,1,3129.0,26,2,3128.9,3,1,3129.9,37,2,3130.0,1129,12,3130.2,55,3,3130.3,90,2,3130.4,103,2
2031,2026-06-16 09:52:52+05:30,3129.7,1,3139.67,635262,104960.0,187526.0,3163.0,3163.0,3126.3,3134.3,31790400,3447.7,2820.9,3839.9,2896.0,3129.7,2,2,3129.6,43,3,3129.1,2,1,3129.0,26,2,3128.9,3,1,3129.9,37,2,3130.0,1129,12,3130.2,55,3,3130.3,90,2,3130.4,103,2
2031,2026-06-16 09:52:52+05:30,3129.6,8,3139.67,635275,104868.0,187693.0,3163.0,3163.0,3126.3,3134.3,31790400,3447.7,2820.9,3839.9,2896.0,3129.6,56,4,3129.1,27,2,3129.0,26,2,3128.9,3,1,3128.8,132,5,3129.7,78,3,3129.9,18,1,3130.0,1118,11,3130.2,36,2,3130.3,90,2
2031,2026-06-16 09:52:53+05:30,3129.7,15,3139.67,635275,104868.0,187693.0,3163.0,3163.0,3126.3,3134.3,31790400,3447.7,2820.9,3839.9,2896.0,3129.6,56,4,3129.1,27,2,3129.0,26,2,3128.9,3,1,3128.8,132,5,3129.7,78,3,3129.9,18,1,3130.0,1118,11,3130.2,36,2,3130.3,90,2
2031,2026-06-16 09:52:53+05:30,3129.7,15,3139.67,635362,104889.0,188333.0,3163.0,3163.0,3126.3,3134.3,31790400,3447.7,2820.9,3839.9,2896.0,3129.6,26,4,3129.5,25,1,3129.1,17,2,3129.0,26,2,3128.9,3,1,3129.7,21,1,3129.9,18,1,3130.0,1075,10,3130.2,17,1,3130.3,60,1
2031,2026-06-16 09:52:55+05:30,3129.7,10,3139.66,635372,105863.0,187942.0,3163.0,3163.0,3126.3,3134.3,31790400,3447.7,2820.9,3839.9,2896.0,3129.6,25,3,3129.5,25,1,3129.2,25,1,3129.1,36,3,3129.0,51,3,3129.7,34,2,3129.9,18,1,3130.0,1075,10,3130.2,17,1,3130.5,71,3
2031,2026-06-16 09:52:55+05:30,3129.7,10,3139.66,635372,105863.0,187942.0,3163.0,3163.0,3126.3,3134.3,31790400,3447.7,2820.9,3839.9,2896.0,3129.6,25,3,3129.5,25,1,3129.2,25,1,3129.1,36,3,3129.0,51,3,3129.7,34,2,3129.9,18,1,3130.0,1075,10,3130.2,17,1,3130.5,71,3
2031,2026-06-16 09:52:56+05:30,3129.5,93,3139.66,635372,105863.0,187942.0,3163.0,3163.0,3126.3,3134.3,31790400,3447.7,2820.9,3839.9,2896.0,3129.6,25,3,3129.5,25,1,3129.2,25,1,3129.1,36,3,3129.0,51,3,3129.7,34,2,3129.9,18,1,3130.0,1075,10,3130.2,17,1,3130.5,71,3
2031,2026-06-16 09:52:56+05:30,3129.5,93,3139.66,635681,105855.0,187736.0,3163.0,3163.0,3126.3,3134.3,31790400,3447.7,2820.9,3839.9,2896.0,3129.5,25,1,3129.2,36,2,3129.1,49,4,3129.0,66,4,3128.9,20,2,3129.7,23,1,3130.0,1075,10,3130.2,17,1,3130.5,28,2,3130.6,172,3
2031,2026-06-16 09:52:57+05:30,3129.1,14,3139.66,635681,105855.0,187736.0,3163.0,3163.0,3126.3,3134.3,31790400,3447.7,2820.9,3839.9,2896.0,3129.5,25,1,3129.2,36,2,3129.1,49,4,3129.0,66,4,3128.9,20,2,3129.7,23,1,3130.0,1075,10,3130.2,17,1,3130.5,28,2,3130.6,172,3
2031,2026-06-16 09:52:57+05:30,3129.1,14,3139.66,635869,103875.0,189554.0,3163.0,3163.0,3126.3,3134.3,31790400,3447.7,2820.9,3839.9,2896.0,3129.1,20,3,3129.0,26,2,3128.9,3,1,3128.8,99,4,3128.0,88,3,3129.5,200,1,3129.7,249,4,3129.8,51,2,3129.9,15,1,3130.0,1205,14
2031,2026-06-16 09:52:58+05:30,3129.4,1,3139.66,635869,103875.0,189554.0,3163.0,3163.0,3126.3,3134.3,31790400,3447.7,2820.9,3839.9,2896.0,3129.1,20,3,3129.0,26,2,3128.9,3,1,3128.8,99,4,3128.0,88,3,3129.5,200,1,3129.7,249,4,3129.8,51,2,3129.9,15,1,3130.0,1205,14
2031,2026-06-16 09:52:58+05:30,3129.4,1,3139.66,635870,104237.0,189184.0,3163.0,3163.0,3126.3,3134.3,31790400,3447.7,2820.9,3839.9,2896.0,3129.1,24,4,3129.0,26,2,3128.9,3,1,3128.8,99,4,3128.0,88,3,3129.4,44,2,3129.5,443,5,3129.6,43,1,3129.7,150,5,3129.8,139,3
2031,2026-06-16 09:52:59+05:30,3129.3,3,3139.66,635870,104237.0,189184.0,3163.0,3163.0,3126.3,3134.3,31790400,3447.7,2820.9,3839.9,2896.0,3129.1,24,4,3129.0,26,2,3128.9,3,1,3128.8,99,4,3128.0,88,3,3129.4,44,2,3129.5,443,5,3129.6,43,1,3129.7,150,5,3129.8,139,3
2031,2026-06-16 09:52:59+05:30,3129.3,3,3139.65,636167,103607.0,189236.0,3163.0,3163.0,3126.3,3134.3,31790400,3447.7,2820.9,3839.9,2896.0,3128.9,3,1,3128.8,99,4,3128.0,1,1,3127.8,63,2,3127.6,46,3,3129.3,70,4,3129.4,86,4,3129.5,257,4,3129.6,217,5,3129.7,250,3
2031,2026-06-16 09:53:00+05:30,3128.8,15,3139.65,636167,103607.0,189236.0,3163.0,3163.0,3126.3,3134.3,31790400,3447.7,2820.9,3839.9,2896.0,3128.9,3,1,3128.8,99,4,3128.0,1,1,3127.8,63,2,3127.6,46,3,3129.3,70,4,3129.4,86,4,3129.5,257,4,3129.6,217,5,3129.7,250,3
2031,2026-06-16 09:53:00+05:30,3128.9,2,3139.65,636322,103221.0,189947.0,3163.0,3163.0,3126.3,3134.3,31790400,3447.7,2820.9,3839.9,2896.0,3128.8,6,1,3128.0,102,3,3127.9,25,1,3127.6,39,2,3127.5,83,2,3128.9,55,2,3129.0,33,2,3129.2,15,1,3129.3,160,6,3129.4,129,5
2031,2026-06-16 09:53:01+05:30,3128.0,82,3139.65,636322,103221.0,189947.0,3163.0,3163.0,3126.3,3134.3,31790400,3447.7,2820.9,3839.9,2896.0,3128.8,6,1,3128.0,102,3,3127.9,25,1,3127.6,39,2,3127.5,83,2,3128.9,55,2,3129.0,33,2,3129.2,15,1,3129.3,160,6,3129.4,129,5
2031,2026-06-16 09:53:01+05:30,3128.0,82,3139.65,636442,103310.0,189162.0,3163.0,3163.0,3126.3,3134.3,31790400,3447.7,2820.9,3839.9,2896.0,3128.3,1,1,3128.2,112,6,3128.1,103,5,3128.0,107,8,3127.9,45,2,3128.9,108,5,3129.0,22,1,3129.3,75,4,3129.4,17,1,3129.5,200,1
2031,2026-06-16 09:53:02+05:30,3128.9,1,3139.65,636442,103310.0,189162.0,3163.0,3163.0,3126.3,3134.3,31790400,3447.7,2820.9,3839.9,2896.0,3128.3,1,1,3128.2,112,6,3128.1,103,5,3128.0,107,8,3127.9,45,2,3128.9,108,5,3129.0,22,1,3129.3,75,4,3129.4,17,1,3129.5,200,1
2031,2026-06-16 09:53:02+05:30,3128.9,10,3139.65,636471,103513.0,189396.0,3163.0,3163.0,3126.3,3134.3,31790400,3447.7,2820.9,3839.9,2896.0,3128.2,105,9,3128.1,103,5,3128.0,107,8,3127.9,45,2,3127.8,130,5,3128.9,106,6,3129.0,22,1,3129.3,75,4,3129.4,17,1,3129.5,206,2
2031,2026-06-16 09:53:03+05:30,3128.2,2,3139.65,636471,103513.0,189396.0,3163.0,3163.0,3126.3,3134.3,31790400,3447.7,2820.9,3839.9,2896.0,3128.2,105,9,3128.1,103,5,3128.0,107,8,3127.9,45,2,3127.8,130,5,3128.9,106,6,3129.0,22,1,3129.3,75,4,3129.4,17,1,3129.5,206,2
2031,2026-06-16 09:53:03+05:30,3128.2,1,3139.64,636579,103050.0,189895.0,3163.0,3163.0,3126.3,3134.3,31790400,3447.7,2820.9,3839.9,2896.0,3128.2,8,3,3128.1,2,1,3128.0,30,4,3127.9,27,2,3127.8,7,1,3128.9,124,7,3129.0,32,2,3129.2,71,2,3129.3,159,5,3129.4,225,5
2031,2026-06-16 09:53:04+05:30,3128.2,1,3139.64,636579,103050.0,189895.0,3163.0,3163.0,3126.3,3134.3,31790400,3447.7,2820.9,3839.9,2896.0,3128.2,8,3,3128.1,2,1,3128.0,30,4,3127.9,27,2,3127.8,7,1,3128.9,124,7,3129.0,32,2,3129.2,71,2,3129.3,159,5,3129.4,225,5
2031,2026-06-16 09:53:04+05:30,3128.2,21,3139.64,636693,103112.0,188490.0,3163.0,3163.0,3126.3,3134.3,31790400,3447.7,2820.9,3839.9,2896.0,3128.2,37,1,3128.1,9,2,3128.0,31,5,3127.9,28,2,3127.8,7,1,3128.9,124,7,3129.0,47,3,3129.1,39,2,3129.2,175,3,3129.3,180,6
2031,2026-06-16 09:53:05+05:30,3128.2,21,3139.64,636693,103112.0,188490.0,3163.0,3163.0,3126.3,3134.3,31790400,3447.7,2820.9,3839.9,2896.0,3128.2,37,1,3128.1,9,2,3128.0,31,5,3127.9,28,2,3127.8,7,1,3128.9,124,7,3129.0,47,3,3129.1,39,2,3129.2,175,3,3129.3,180,6
2031,2026-06-16 09:53:05+05:30,3128.9,20,3139.64,636735,103037.0,190262.0,3163.0,3163.0,3126.3,3134.3,31790400,3447.7,2820.9,3839.9,2896.0,3128.2,15,1,3128.1,16,3,3128.0,24,4,3127.9,28,2,3127.8,32,2,3128.9,130,8,3129.0,66,4,3129.2,28,1,3129.3,268,6,3129.4,119,3
2031,2026-06-16 09:53:06+05:30,3128.9,20,3139.64,636735,103037.0,190262.0,3163.0,3163.0,3126.3,3134.3,31790400,3447.7,2820.9,3839.9,2896.0,3128.2,15,1,3128.1,16,3,3128.0,24,4,3127.9,28,2,3127.8,32,2,3128.9,130,8,3129.0,66,4,3129.2,28,1,3129.3,268,6,3129.4,119,3
2031,2026-06-16 09:53:07+05:30,3128.5,1,3139.64,636754,103140.0,191045.0,3163.0,3163.0,3126.3,3134.3,31790400,3447.7,2820.9,3839.9,2896.0,3128.2,27,2,3128.1,16,3,3128.0,24,4,3127.9,4,1,3127.8,7,1,3128.5,9,1,3128.9,130,8,3129.0,66,4,3129.2,28,1,3129.3,410,7
2031,2026-06-16 09:53:07+05:30,3128.5,1,3139.64,636754,103140.0,191045.0,3163.0,3163.0,3126.3,3134.3,31790400,3447.7,2820.9,3839.9,2896.0,3128.2,27,2,3128.1,16,3,3128.0,24,4,3127.9,4,1,3127.8,7,1,3128.5,9,1,3128.9,130,8,3129.0,66,4,3129.2,28,1,3129.3,410,7
2031,2026-06-16 09:53:08+05:30,3128.5,1,3139.64,636754,103072.0,189268.0,3163.0,3163.0,3126.3,3134.3,31790400,3447.7,2820.9,3839.9,2896.0,3128.2,29,3,3128.1,16,3,3128.0,24,4,3127.9,4,1,3127.8,7,1,3128.5,55,5,3128.9,78,5,3129.0,66,4,3129.2,247,3,3129.3,182,5
2031,2026-06-16 09:53:09+05:30,3128.5,25,3139.64,636754,103072.0,189268.0,3163.0,3163.0,3126.3,3134.3,31790400,3447.7,2820.9,3839.9,2896.0,3128.2,29,3,3128.1,16,3,3128.0,24,4,3127.9,4,1,3127.8,7,1,3128.5,55,5,3128.9,78,5,3129.0,66,4,3129.2,247,3,3129.3,182,5
2031,2026-06-16 09:53:09+05:30,3128.5,25,3139.64,636948,103088.0,191092.0,3163.0,3163.0,3126.3,3134.3,31790400,3447.7,2820.9,3839.9,2896.0,3128.2,11,4,3128.1,16,3,3128.0,24,4,3127.9,4,1,3127.8,7,1,3128.9,97,6,3129.0,788,7,3129.1,320,4,3129.2,84,3,3129.3,158,5
2031,2026-06-16 09:53:10+05:30,3128.2,7,3139.64,636948,103088.0,191092.0,3163.0,3163.0,3126.3,3134.3,31790400,3447.7,2820.9,3839.9,2896.0,3128.2,11,4,3128.1,16,3,3128.0,24,4,3127.9,4,1,3127.8,7,1,3128.9,97,6,3129.0,788,7,3129.1,320,4,3129.2,84,3,3129.3,158,5
2031,2026-06-16 09:53:10+05:30,3128.8,8,3139.64,636987,102724.0,191255.0,3163.0,3163.0,3126.3,3134.3,31790400,3447.7,2820.9,3839.9,2896.0,3128.2,17,4,3128.1,9,2,3128.0,23,3,3127.9,4,1,3127.8,7,1,3128.8,91,5,3128.9,446,9,3129.0,821,8,3129.1,59,2,3129.2,84,3
2031,2026-06-16 09:53:11+05:30,3128.7,1,3139.64,636987,102724.0,191255.0,3163.0,3163.0,3126.3,3134.3,31790400,3447.7,2820.9,3839.9,2896.0,3128.2,17,4,3128.1,9,2,3128.0,23,3,3127.9,4,1,3127.8,7,1,3128.8,91,5,3128.9,446,9,3129.0,821,8,3129.1,59,2,3129.2,84,3
2031,2026-06-16 09:53:11+05:30,3128.7,1,3139.64,636988,103055.0,191098.0,3163.0,3163.0,3126.3,3134.3,31790400,3447.7,2820.9,3839.9,2896.0,3128.2,44,5,3128.1,9,2,3128.0,23,3,3127.9,4,1,3127.8,7,1,3128.7,30,1,3128.8,18,1,3128.9,119,7,3129.0,845,8,3129.1,167,3
2031,2026-06-16 09:53:12+05:30,3128.2,26,3139.64,636988,103055.0,191098.0,3163.0,3163.0,3126.3,3134.3,31790400,3447.7,2820.9,3839.9,2896.0,3128.2,44,5,3128.1,9,2,3128.0,23,3,3127.9,4,1,3127.8,7,1,3128.7,30,1,3128.8,18,1,3128.9,119,7,3129.0,845,8,3129.1,167,3
2031,2026-06-16 09:53:12+05:30,3128.2,26,3139.64,637075,102668.0,192120.0,3163.0,3163.0,3126.3,3134.3,31790400,3447.7,2820.9,3839.9,2896.0,3128.2,18,5,3128.1,9,2,3128.0,23,3,3127.9,4,1,3127.8,7,1,3128.7,78,5,3128.8,238,3,3128.9,184,7,3129.0,954,11,3129.1,58,2
2031,2026-06-16 09:53:13+05:30,3128.7,1,3139.64,637075,102668.0,192120.0,3163.0,3163.0,3126.3,3134.3,31790400,3447.7,2820.9,3839.9,2896.0,3128.2,18,5,3128.1,9,2,3128.0,23,3,3127.9,4,1,3127.8,7,1,3128.7,78,5,3128.8,238,3,3128.9,184,7,3129.0,954,11,3129.1,58,2
2031,2026-06-16 09:53:13+05:30,3128.7,1,3139.64,637076,102503.0,190452.0,3163.0,3163.0,3126.3,3134.3,31790400,3447.7,2820.9,3839.9,2896.0,3128.2,18,5,3128.1,9,2,3128.0,33,4,3127.9,4,1,3127.8,7,1,3128.6,222,2,3128.7,85,4,3128.8,38,2,3128.9,119,7,3129.0,988,10
2031,2026-06-16 09:53:14+05:30,3128.2,27,3139.64,637076,102503.0,190452.0,3163.0,3163.0,3126.3,3134.3,31790400,3447.7,2820.9,3839.9,2896.0,3128.2,18,5,3128.1,9,2,3128.0,33,4,3127.9,4,1,3127.8,7,1,3128.6,222,2,3128.7,85,4,3128.8,38,2,3128.9,119,7,3129.0,988,10
2031,2026-06-16 09:53:14+05:30,3128.2,11,3139.63,637325,102602.0,192291.0,3163.0,3163.0,3126.3,3134.3,31790400,3447.7,2820.9,3839.9,2896.0,3128.2,22,2,3128.1,9,2,3128.0,33,4,3127.9,4,1,3127.8,7,1,3128.5,106,4,3128.6,62,3,3128.7,241,4,3128.8,57,3,3128.9,178,4
2031,2026-06-16 09:53:15+05:30,3128.2,4,3139.63,637325,102602.0,192291.0,3163.0,3163.0,3126.3,3134.3,31790400,3447.7,2820.9,3839.9,2896.0,3128.2,22,2,3128.1,9,2,3128.0,33,4,3127.9,4,1,3127.8,7,1,3128.5,106,4,3128.6,62,3,3128.7,241,4,3128.8,57,3,3128.9,178,4
2031,2026-06-16 09:53:15+05:30,3128.2,4,3139.63,637325,102602.0,192291.0,3163.0,3163.0,3126.3,3134.3,31790400,3447.7,2820.9,3839.9,2896.0,3128.2,22,2,3128.1,9,2,3128.0,33,4,3127.9,4,1,3127.8,7,1,3128.5,106,4,3128.6,62,3,3128.7,241,4,3128.8,57,3,3128.9,178,4
2031,2026-06-16 09:53:15+05:30,3128.2,1,3139.63,637380,102429.0,193068.0,3163.0,3163.0,3126.3,3134.3,31790400,3447.7,2820.9,3839.9,2896.0,3128.2,17,3,3128.1,9,2,3128.0,33,4,3127.9,4,1,3127.8,7,1,3128.4,243,3,3128.5,107,5,3128.6,43,2,3128.7,104,5,3128.8,126,3
2031,2026-06-16 09:53:16+05:30,3128.2,1,3139.63,637380,102429.0,193068.0,3163.0,3163.0,3126.3,3134.3,31790400,3447.7,2820.9,3839.9,2896.0,3128.2,17,3,3128.1,9,2,3128.0,33,4,3127.9,4,1,3127.8,7,1,3128.4,243,3,3128.5,107,5,3128.6,43,2,3128.7,104,5,3128.8,126,3
2031,2026-06-16 09:53:16+05:30,3128.2,1,3139.63,637380,102899.0,191843.0,3163.0,3163.0,3126.3,3134.3,31790400,3447.7,2820.9,3839.9,2896.0,3128.2,60,5,3128.1,9,2,3128.0,33,4,3127.9,4,1,3127.8,7,1,3128.3,21,1,3128.4,40,2,3128.5,51,2,3128.6,21,1,3128.7,1,1
2031,2026-06-16 09:53:16+05:30,3128.2,1,3139.63,637380,102899.0,191843.0,3163.0,3163.0,3126.3,3134.3,31790400,3447.7,2820.9,3839.9,2896.0,3128.2,60,5,3128.1,9,2,3128.0,33,4,3127.9,4,1,3127.8,7,1,3128.3,21,1,3128.4,40,2,3128.5,51,2,3128.6,21,1,3128.7,1,1
2031,2026-06-16 09:53:17+05:30,3128.3,1,3139.63,637380,102899.0,191843.0,3163.0,3163.0,3126.3,3134.3,31790400,3447.7,2820.9,3839.9,2896.0,3128.2,60,5,3128.1,9,2,3128.0,33,4,3127.9,4,1,3127.8,7,1,3128.3,21,1,3128.4,40,2,3128.5,51,2,3128.6,21,1,3128.7,1,1
2031,2026-06-16 09:53:17+05:30,3128.3,1,3139.63,637382,102912.0,191884.0,3163.0,3163.0,3126.3,3134.3,31790400,3447.7,2820.9,3839.9,2896.0,3128.2,60,5,3128.1,9,2,3128.0,33,4,3127.9,4,1,3127.8,7,1,3128.3,20,2,3128.4,63,3,3128.5,51,2,3128.6,21,1,3128.7,1,1
2031,2026-06-16 09:53:18+05:30,3128.3,1,3139.63,637382,102912.0,191884.0,3163.0,3163.0,3126.3,3134.3,31790400,3447.7,2820.9,3839.9,2896.0,3128.2,60,5,3128.1,9,2,3128.0,33,4,3127.9,4,1,3127.8,7,1,3128.3,20,2,3128.4,63,3,3128.5,51,2,3128.6,21,1,3128.7,1,1
2031,2026-06-16 09:53:18+05:30,3128.3,1,3139.63,637382,102912.0,191884.0,3163.0,3163.0,3126.3,3134.3,31790400,3447.7,2820.9,3839.9,2896.0,3128.2,60,5,3128.1,9,2,3128.0,33,4,3127.9,4,1,3127.8,7,1,3128.3,20,2,3128.4,63,3,3128.5,51,2,3128.6,21,1,3128.7,1,1
2031,2026-06-16 09:53:18+05:30,3128.2,3,3139.63,637472,102877.0,191639.0,3163.0,3163.0,3126.3,3134.3,31790400,3447.7,2820.9,3839.9,2896.0,3128.2,19,4,3128.1,9,2,3128.0,33,4,3127.9,4,1,3127.8,7,1,3128.3,51,3,3128.4,63,3,3128.5,29,1,3128.6,36,2,3128.7,45,2
2031,2026-06-16 09:53:19+05:30,3128.3,69,3139.63,637472,102877.0,191639.0,3163.0,3163.0,3126.3,3134.3,31790400,3447.7,2820.9,3839.9,2896.0,3128.2,19,4,3128.1,9,2,3128.0,33,4,3127.9,4,1,3127.8,7,1,3128.3,51,3,3128.4,63,3,3128.5,29,1,3128.6,36,2,3128.7,45,2
2031,2026-06-16 09:53:19+05:30,3128.0,25,3139.62,637874,101647.0,191654.0,3163.0,3163.0,3126.3,3134.3,31790400,3447.7,2820.9,3839.9,2896.0,3127.9,4,1,3127.8,7,1,3127.4,36,2,3127.3,19,1,3127.2,115,3,3128.0,446,1,3128.3,26,1,3128.4,37,2,3128.5,29,1,3128.6,105,2
2031,2026-06-16 09:53:20+05:30,3127.9,21,3139.62,637874,101647.0,191654.0,3163.0,3163.0,3126.3,3134.3,31790400,3447.7,2820.9,3839.9,2896.0,3127.9,4,1,3127.8,7,1,3127.4,36,2,3127.3,19,1,3127.2,115,3,3128.0,446,1,3128.3,26,1,3128.4,37,2,3128.5,29,1,3128.6,105,2
2031,2026-06-16 09:53:20+05:30,3127.9,21,3139.62,637874,101647.0,191654.0,3163.0,3163.0,3126.3,3134.3,31790400,3447.7,2820.9,3839.9,2896.0,3127.9,4,1,3127.8,7,1,3127.4,36,2,3127.3,19,1,3127.2,115,3,3128.0,446,1,3128.3,26,1,3128.4,37,2,3128.5,29,1,3128.6,105,2
2031,2026-06-16 09:53:20+05:30,3127.9,11,3139.62,637938,101846.0,193868.0,3163.0,3163.0,3126.3,3134.3,31790400,3447.7,2820.9,3839.9,2896.0,3127.9,17,2,3127.8,7,1,3127.3,24,1,3127.2,21,1,3127.1,80,4,3128.0,508,3,3128.1,200,1,3128.3,26,1,3128.4,121,3,3128.5,52,2
2031,2026-06-16 09:53:21+05:30,3128.0,5,3139.62,637938,101846.0,193868.0,3163.0,3163.0,3126.3,3134.3,31790400,3447.7,2820.9,3839.9,2896.0,3127.9,17,2,3127.8,7,1,3127.3,24,1,3127.2,21,1,3127.1,80,4,3128.0,508,3,3128.1,200,1,3128.3,26,1,3128.4,121,3,3128.5,52,2
2031,2026-06-16 09:53:21+05:30,3128.0,1,3139.62,637954,102227.0,193862.0,3163.0,3163.0,3126.3,3134.3,31790400,3447.7,2820.9,3839.9,2896.0,3127.9,26,3,3127.8,7,1,3127.1,80,4,3127.0,265,7,3126.9,192,5,3128.0,562,5,3128.1,229,2,3128.4,37,2,3128.5,23,1,3128.6,70,1
2031,2026-06-16 09:53:21+05:30,3128.0,1,3139.62,637954,102227.0,193862.0,3163.0,3163.0,3126.3,3134.3,31790400,3447.7,2820.9,3839.9,2896.0,3127.9,26,3,3127.8,7,1,3127.1,80,4,3127.0,265,7,3126.9,192,5,3128.0,562,5,3128.1,229,2,3128.4,37,2,3128.5,23,1,3128.6,70,1
2031,2026-06-16 09:53:22+05:30,3128.0,1,3139.62,637954,102227.0,193862.0,3163.0,3163.0,3126.3,3134.3,31790400,3447.7,2820.9,3839.9,2896.0,3127.9,26,3,3127.8,7,1,3127.1,80,4,3127.0,265,7,3126.9,192,5,3128.0,562,5,3128.1,229,2,3128.4,37,2,3128.5,23,1,3128.6,70,1
2031,2026-06-16 09:53:22+05:30,3128.0,1,3139.62,637954,102273.0,193924.0,3163.0,3163.0,3126.3,3134.3,31790400,3447.7,2820.9,3839.9,2896.0,3127.9,27,4,3127.8,7,1,3127.1,150,5,3127.0,265,7,3126.9,192,5,3128.0,562,5,3128.1,229,2,3128.4,37,2,3128.5,23,1,3128.6,70,1
2031,2026-06-16 09:53:23+05:30,3128.0,1,3139.62,637954,102273.0,193924.0,3163.0,3163.0,3126.3,3134.3,31790400,3447.7,2820.9,3839.9,2896.0,3127.9,27,4,3127.8,7,1,3127.1,150,5,3127.0,265,7,3126.9,192,5,3128.0,562,5,3128.1,229,2,3128.4,37,2,3128.5,23,1,3128.6,70,1
2031,2026-06-16 09:53:23+05:30,3128.0,1,3139.62,637954,102273.0,193924.0,3163.0,3163.0,3126.3,3134.3,31790400,3447.7,2820.9,3839.9,2896.0,3127.9,27,4,3127.8,7,1,3127.1,150,5,3127.0,265,7,3126.9,192,5,3128.0,562,5,3128.1,229,2,3128.4,37,2,3128.5,23,1,3128.6,70,1
2031,2026-06-16 09:53:23+05:30,3128.0,100,3139.62,638056,101624.0,194114.0,3163.0,3163.0,3126.3,3134.3,31790400,3447.7,2820.9,3839.9,2896.0,3127.9,28,5,3127.8,7,1,3127.1,80,4,3127.0,276,8,3126.9,173,4,3128.0,686,7,3128.1,229,2,3128.4,165,4,3128.5,42,2,3128.6,114,2
2031,2026-06-16 09:53:24+05:30,3128.0,238,3139.62,638056,101624.0,194114.0,3163.0,3163.0,3126.3,3134.3,31790400,3447.7,2820.9,3839.9,2896.0,3127.9,28,5,3127.8,7,1,3127.1,80,4,3127.0,276,8,3126.9,173,4,3128.0,686,7,3128.1,229,2,3128.4,165,4,3128.5,42,2,3128.6,114,2
2031,2026-06-16 09:53:24+05:30,3128.0,238,3139.62,638056,101624.0,194114.0,3163.0,3163.0,3126.3,3134.3,31790400,3447.7,2820.9,3839.9,2896.0,3127.9,28,5,3127.8,7,1,3127.1,80,4,3127.0,276,8,3126.9,173,4,3128.0,686,7,3128.1,229,2,3128.4,165,4,3128.5,42,2,3128.6,114,2
2031,2026-06-16 09:53:24+05:30,3128.0,238,3139.61,638324,101673.0,193823.0,3163.0,3163.0,3126.3,3134.3,31790400,3447.7,2820.9,3839.9,2896.0,3127.9,52,4,3127.8,7,1,3127.1,80,4,3127.0,332,9,3126.9,47,2,3128.0,470,8,3128.1,229,2,3128.4,121,3,3128.5,17,1,3128.6,126,2
2031,2026-06-16 09:53:25+05:30,3127.9,29,3139.61,638324,101673.0,193823.0,3163.0,3163.0,3126.3,3134.3,31790400,3447.7,2820.9,3839.9,2896.0,3127.9,52,4,3127.8,7,1,3127.1,80,4,3127.0,332,9,3126.9,47,2,3128.0,470,8,3128.1,229,2,3128.4,121,3,3128.5,17,1,3128.6,126,2
2031,2026-06-16 09:53:25+05:30,3127.9,29,3139.61,638324,101673.0,193823.0,3163.0,3163.0,3126.3,3134.3,31790400,3447.7,2820.9,3839.9,2896.0,3127.9,52,4,3127.8,7,1,3127.1,80,4,3127.0,332,9,3126.9,47,2,3128.0,470,8,3128.1,229,2,3128.4,121,3,3128.5,17,1,3128.6,126,2
2031,2026-06-16 09:53:25+05:30,3127.9,45,3139.61,638442,101725.0,193487.0,3163.0,3163.0,3126.3,3134.3,31790400,3447.7,2820.9,3839.9,2896.0,3127.8,7,1,3127.2,43,2,3127.1,80,4,3127.0,445,12,3126.9,23,1,3127.9,122,1,3128.0,270,7,3128.1,229,2,3128.4,37,2,3128.5,101,2
2031,2026-06-16 09:53:26+05:30,3127.9,38,3139.61,638442,101725.0,193487.0,3163.0,3163.0,3126.3,3134.3,31790400,3447.7,2820.9,3839.9,2896.0,3127.8,7,1,3127.2,43,2,3127.1,80,4,3127.0,445,12,3126.9,23,1,3127.9,122,1,3128.0,270,7,3128.1,229,2,3128.4,37,2,3128.5,101,2
2031,2026-06-16 09:53:26+05:30,3127.9,38,3139.61,638442,101725.0,193487.0,3163.0,3163.0,3126.3,3134.3,31790400,3447.7,2820.9,3839.9,2896.0,3127.8,7,1,3127.2,43,2,3127.1,80,4,3127.0,445,12,3126.9,23,1,3127.9,122,1,3128.0,270,7,3128.1,229,2,3128.4,37,2,3128.5,101,2
2031,2026-06-16 09:53:26+05:30,3127.8,50,3139.61,638654,101748.0,193267.0,3163.0,3163.0,3126.3,3134.3,31790400,3447.7,2820.9,3839.9,2896.0,3127.8,7,1,3127.2,43,2,3127.1,80,4,3127.0,389,11,3126.9,23,1,3127.9,31,2,3128.0,204,5,3128.1,229,2,3128.4,93,3,3128.7,103,4
2031,2026-06-16 09:53:26+05:30,3127.8,50,3139.61,638654,101748.0,193267.0,3163.0,3163.0,3126.3,3134.3,31790400,3447.7,2820.9,3839.9,2896.0,3127.8,7,1,3127.2,43,2,3127.1,80,4,3127.0,389,11,3126.9,23,1,3127.9,31,2,3128.0,204,5,3128.1,229,2,3128.4,93,3,3128.7,103,4
2031,2026-06-16 09:53:27+05:30,3127.8,50,3139.61,638654,101748.0,193267.0,3163.0,3163.0,3126.3,3134.3,31790400,3447.7,2820.9,3839.9,2896.0,3127.8,7,1,3127.2,43,2,3127.1,80,4,3127.0,389,11,3126.9,23,1,3127.9,31,2,3128.0,204,5,3128.1,229,2,3128.4,93,3,3128.7,103,4
2031,2026-06-16 09:53:27+05:30,3127.8,50,3139.61,638654,101748.0,193267.0,3163.0,3163.0,3126.3,3134.3,31790400,3447.7,2820.9,3839.9,2896.0,3127.8,7,1,3127.2,43,2,3127.1,80,4,3127.0,389,11,3126.9,23,1,3127.9,31,2,3128.0,204,5,3128.1,229,2,3128.4,93,3,3128.7,103,4
2031,2026-06-16 09:53:27+05:30,3128.0,48,3139.61,638756,101669.0,193226.0,3163.0,3163.0,3126.3,3134.3,31790400,3447.7,2820.9,3839.9,2896.0,3127.8,17,2,3127.2,24,1,3127.1,80,4,3127.0,370,10,3126.9,42,2,3128.0,195,6,3128.1,229,2,3128.4,93,3,3128.7,187,5,3128.8,51,2
2031,2026-06-16 09:53:28+05:30,3127.8,4,3139.61,638756,101669.0,193226.0,3163.0,3163.0,3126.3,3134.3,31790400,3447.7,2820.9,3839.9,2896.0,3127.8,17,2,3127.2,24,1,3127.1,80,4,3127.0,370,10,3126.9,42,2,3128.0,195,6,3128.1,229,2,3128.4,93,3,3128.7,187,5,3128.8,51,2
2031,2026-06-16 09:53:28+05:30,3127.8,4,3139.61,638756,101669.0,193226.0,3163.0,3163.0,3126.3,3134.3,31790400,3447.7,2820.9,3839.9,2896.0,3127.8,17,2,3127.2,24,1,3127.1,80,4,3127.0,370,10,3126.9,42,2,3128.0,195,6,3128.1,229,2,3128.4,93,3,3128.7,187,5,3128.8,51,2
2031,2026-06-16 09:53:29+05:30,3128.4,23,3139.59,639442,103820.0,190055.0,3163.0,3163.0,3126.3,3134.3,31790400,3447.7,2820.9,3839.9,2896.0,3128.5,67,5,3128.4,54,4,3128.3,46,3,3128.2,63,4,3128.1,20,2,3128.7,29,2,3128.9,9,1,3129.5,6,1,3129.6,80,2,3129.7,232,2
2031,2026-06-16 09:53:29+05:30,3128.4,23,3139.59,639442,103820.0,190055.0,3163.0,3163.0,3126.3,3134.3,31790400,3447.7,2820.9,3839.9,2896.0,3128.5,67,5,3128.4,54,4,3128.3,46,3,3128.2,63,4,3128.1,20,2,3128.7,29,2,3128.9,9,1,3129.5,6,1,3129.6,80,2,3129.7,232,2
2031,2026-06-16 09:53:29+05:30,3128.4,23,3139.59,639442,103820.0,190055.0,3163.0,3163.0,3126.3,3134.3,31790400,3447.7,2820.9,3839.9,2896.0,3128.5,67,5,3128.4,54,4,3128.3,46,3,3128.2,63,4,3128.1,20,2,3128.7,29,2,3128.9,9,1,3129.5,6,1,3129.6,80,2,3129.7,232,2
2031,2026-06-16 09:53:30+05:30,3128.7,1,3139.59,639443,104000.0,190110.0,3163.0,3163.0,3126.3,3134.3,31790400,3447.7,2820.9,3839.9,2896.0,3128.5,109,6,3128.4,54,4,3128.3,46,3,3128.2,63,4,3128.1,20,2,3128.7,30,3,3128.9,9,1,3129.5,6,1,3129.6,50,2,3129.7,32,1
2031,2026-06-16 09:53:30+05:30,3128.7,1,3139.59,639443,104000.0,190110.0,3163.0,3163.0,3126.3,3134.3,31790400,3447.7,2820.9,3839.9,2896.0,3128.5,109,6,3128.4,54,4,3128.3,46,3,3128.2,63,4,3128.1,20,2,3128.7,30,3,3128.9,9,1,3129.5,6,1,3129.6,50,2,3129.7,32,1
2031,2026-06-16 09:53:30+05:30,3128.7,1,3139.59,639443,104000.0,190110.0,3163.0,3163.0,3126.3,3134.3,31790400,3447.7,2820.9,3839.9,2896.0,3128.5,109,6,3128.4,54,4,3128.3,46,3,3128.2,63,4,3128.1,20,2,3128.7,30,3,3128.9,9,1,3129.5,6,1,3129.6,50,2,3129.7,32,1
2031,2026-06-16 09:53:31+05:30,3128.7,1,3139.59,639443,104000.0,190110.0,3163.0,3163.0,3126.3,3134.3,31790400,3447.7,2820.9,3839.9,2896.0,3128.5,109,6,3128.4,54,4,3128.3,46,3,3128.2,63,4,3128.1,20,2,3128.7,30,3,3128.9,9,1,3129.5,6,1,3129.6,50,2,3129.7,32,1
2031,2026-06-16 09:53:31+05:30,3128.7,1,3139.59,639474,104297.0,190436.0,3163.0,3163.0,3126.3,3134.3,31790400,3447.7,2820.9,3839.9,2896.0,3128.8,20,1,3128.7,103,6,3128.6,48,6,3128.5,90,7,3128.4,111,5,3128.9,9,1,3129.5,6,1,3129.6,28,1,3129.7,32,1,3129.8,93,3
2031,2026-06-16 09:53:31+05:30,3128.7,1,3139.59,639474,104297.0,190436.0,3163.0,3163.0,3126.3,3134.3,31790400,3447.7,2820.9,3839.9,2896.0,3128.8,20,1,3128.7,103,6,3128.6,48,6,3128.5,90,7,3128.4,111,5,3128.9,9,1,3129.5,6,1,3129.6,28,1,3129.7,32,1,3129.8,93,3
2031,2026-06-16 09:53:31+05:30,3128.7,1,3139.59,639474,104297.0,190436.0,3163.0,3163.0,3126.3,3134.3,31790400,3447.7,2820.9,3839.9,2896.0,3128.8,20,1,3128.7,103,6,3128.6,48,6,3128.5,90,7,3128.4,111,5,3128.9,9,1,3129.5,6,1,3129.6,28,1,3129.7,32,1,3129.8,93,3
2031,2026-06-16 09:53:32+05:30,3128.9,17,3139.59,639474,104297.0,190436.0,3163.0,3163.0,3126.3,3134.3,31790400,3447.7,2820.9,3839.9,2896.0,3128.8,20,1,3128.7,103,6,3128.6,48,6,3128.5,90,7,3128.4,111,5,3128.9,9,1,3129.5,6,1,3129.6,28,1,3129.7,32,1,3129.8,93,3
2031,2026-06-16 09:53:32+05:30,3129.0,6,3139.59,639604,104654.0,189284.0,3163.0,3163.0,3126.3,3134.3,31790400,3447.7,2820.9,3839.9,2896.0,3129.0,19,2,3128.9,18,1,3128.8,60,2,3128.7,6,1,3128.6,28,4,3129.5,6,1,3129.6,28,1,3129.9,57,1,3130.0,805,7,3130.2,91,2
2031,2026-06-16 09:53:32+05:30,3129.0,6,3139.59,639604,104654.0,189284.0,3163.0,3163.0,3126.3,3134.3,31787800,3447.7,2820.9,3839.9,2896.0,3129.0,19,2,3128.9,18,1,3128.8,60,2,3128.7,6,1,3128.6,28,4,3129.5,6,1,3129.6,28,1,3129.9,57,1,3130.0,805,7,3130.2,91,2
2031,2026-06-16 09:53:33+05:30,3128.8,22,3139.59,639604,104654.0,189284.0,3163.0,3163.0,3126.3,3134.3,31787800,3447.7,2820.9,3839.9,2896.0,3129.0,19,2,3128.9,18,1,3128.8,60,2,3128.7,6,1,3128.6,28,4,3129.5,6,1,3129.6,28,1,3129.9,57,1,3130.0,805,7,3130.2,91,2
2031,2026-06-16 09:53:33+05:30,3128.8,22,3139.59,639652,104481.0,189350.0,3163.0,3163.0,3126.3,3134.3,31787800,3447.7,2820.9,3839.9,2896.0,3128.8,17,1,3128.6,2,2,3128.5,60,4,3128.3,71,2,3128.2,25,2,3129.5,10,2,3129.6,47,2,3129.8,30,2,3129.9,316,6,3130.0,882,8
2031,2026-06-16 09:53:34+05:30,3129.5,1,3139.59,639652,104481.0,189350.0,3163.0,3163.0,3126.3,3134.3,31787800,3447.7,2820.9,3839.9,2896.0,3128.8,17,1,3128.6,2,2,3128.5,60,4,3128.3,71,2,3128.2,25,2,3129.5,10,2,3129.6,47,2,3129.8,30,2,3129.9,316,6,3130.0,882,8
2031,2026-06-16 09:53:34+05:30,3129.5,1,3139.59,639653,105151.0,189471.0,3163.0,3163.0,3126.3,3134.3,31787800,3447.7,2820.9,3839.9,2896.0,3128.8,17,1,3128.6,2,2,3128.5,82,5,3128.4,72,2,3128.3,71,2,3129.5,9,2,3129.6,28,1,3129.9,121,3,3130.0,875,8,3130.1,182,3
2031,2026-06-16 09:53:35+05:30,3128.8,6,3139.59,639659,105104.0,189894.0,3163.0,3163.0,3126.3,3134.3,31787800,3447.7,2820.9,3839.9,2896.0,3128.8,35,3,3128.7,27,1,3128.6,2,2,3128.5,46,3,3128.4,72,2,3129.5,9,2,3129.6,28,1,3129.9,140,4,3130.0,1012,10,3130.1,182,3
2031,2026-06-16 09:53:36+05:30,3128.8,6,3139.59,639659,105104.0,189894.0,3163.0,3163.0,3126.3,3134.3,31787800,3447.7,2820.9,3839.9,2896.0,3128.8,35,3,3128.7,27,1,3128.6,2,2,3128.5,46,3,3128.4,72,2,3129.5,9,2,3129.6,28,1,3129.9,140,4,3130.0,1012,10,3130.1,182,3
2031,2026-06-16 09:53:36+05:30,3129.5,1,3139.59,639669,105057.0,190495.0,3163.0,3163.0,3126.3,3134.3,31787800,3447.7,2820.9,3839.9,2896.0,3129.1,28,3,3129.0,30,1,3128.8,35,3,3128.5,46,3,3128.3,18,1,3129.5,46,4,3129.6,47,2,3129.8,63,2,3129.9,205,4,3130.0,1096,13
2031,2026-06-16 09:53:37+05:30,3129.1,26,3139.59,639669,105057.0,190495.0,3163.0,3163.0,3126.3,3134.3,31787800,3447.7,2820.9,3839.9,2896.0,3129.1,28,3,3129.0,30,1,3128.8,35,3,3128.5,46,3,3128.3,18,1,3129.5,46,4,3129.6,47,2,3129.8,63,2,3129.9,205,4,3130.0,1096,13
2031,2026-06-16 09:53:37+05:30,3129.1,26,3139.59,639698,105736.0,190040.0,3163.0,3163.0,3126.3,3134.3,31787800,3447.7,2820.9,3839.9,2896.0,3129.1,28,3,3129.0,31,2,3128.8,36,4,3128.5,46,3,3128.3,18,1,3129.5,53,4,3129.6,66,3,3129.8,88,3,3129.9,125,3,3130.0,1243,13
2031,2026-06-16 09:53:38+05:30,3129.1,26,3139.59,639698,105365.0,190195.0,3163.0,3163.0,3126.3,3134.3,31787800,3447.7,2820.9,3839.9,2896.0,3129.1,99,4,3129.0,31,2,3128.9,11,1,3128.8,36,4,3128.5,46,3,3129.5,53,4,3129.6,28,1,3129.8,25,1,3129.9,264,3,3130.0,889,10
2031,2026-06-16 09:53:39+05:30,3129.5,1,3139.59,639698,105365.0,190195.0,3163.0,3163.0,3126.3,3134.3,31787800,3447.7,2820.9,3839.9,2896.0,3129.1,99,4,3129.0,31,2,3128.9,11,1,3128.8,36,4,3128.5,46,3,3129.5,53,4,3129.6,28,1,3129.8,25,1,3129.9,264,3,3130.0,889,10
2031,2026-06-16 09:53:39+05:30,3129.5,1,3139.59,639699,105941.0,190032.0,3163.0,3163.0,3126.3,3134.3,31787800,3447.7,2820.9,3839.9,2896.0,3129.3,23,1,3129.1,111,4,3129.0,31,2,3128.9,11,1,3128.8,36,4,3129.5,52,4,3129.6,28,1,3129.8,25,1,3129.9,23,1,3130.0,823,8
2031,2026-06-16 09:53:40+05:30,3129.5,19,3139.59,639699,105941.0,190032.0,3163.0,3163.0,3126.3,3134.3,31787800,3447.7,2820.9,3839.9,2896.0,3129.3,23,1,3129.1,111,4,3129.0,31,2,3128.9,11,1,3128.8,36,4,3129.5,52,4,3129.6,28,1,3129.8,25,1,3129.9,23,1,3130.0,823,8
2031,2026-06-16 09:53:40+05:30,3129.6,8,3139.59,639835,106544.0,189890.0,3163.0,3163.0,3126.3,3134.3,31787800,3447.7,2820.9,3839.9,2896.0,3129.5,10,1,3129.3,14,1,3129.1,135,5,3129.0,31,2,3128.9,34,2,3129.6,20,1,3129.8,25,1,3129.9,23,1,3130.0,823,8,3130.1,200,1
2031,2026-06-16 09:53:41+05:30,3129.6,8,3139.59,639835,106544.0,189890.0,3163.0,3163.0,3126.3,3134.3,31787800,3447.7,2820.9,3839.9,2896.0,3129.5,10,1,3129.3,14,1,3129.1,135,5,3129.0,31,2,3128.9,34,2,3129.6,20,1,3129.8,25,1,3129.9,23,1,3130.0,823,8,3130.1,200,1
2031,2026-06-16 09:53:41+05:30,3129.6,8,3139.59,639835,106373.0,189903.0,3163.0,3163.0,3126.3,3134.3,31787800,3447.7,2820.9,3839.9,2896.0,3129.5,53,4,3129.3,38,2,3129.1,132,3,3129.0,87,3,3128.9,11,1,3129.6,20,1,3129.8,25,1,3129.9,23,1,3130.0,901,9,3130.2,200,1
2031,2026-06-16 09:53:42+05:30,3130.0,14,3139.59,639835,106373.0,189903.0,3163.0,3163.0,3126.3,3134.3,31787800,3447.7,2820.9,3839.9,2896.0,3129.5,53,4,3129.3,38,2,3129.1,132,3,3129.0,87,3,3128.9,11,1,3129.6,20,1,3129.8,25,1,3129.9,23,1,3130.0,901,9,3130.2,200,1
2031,2026-06-16 09:53:42+05:30,3130.0,14,3139.58,639999,106488.0,189494.0,3163.0,3163.0,3126.3,3134.3,31787800,3447.7,2820.9,3839.9,2896.0,3129.5,11,2,3129.3,38,2,3129.1,109,2,3129.0,87,3,3128.8,71,2,3130.0,906,10,3130.1,45,1,3130.2,227,2,3130.3,19,1,3130.4,129,2
2031,2026-06-16 09:53:43+05:30,3130.0,3,3139.58,639999,106488.0,189494.0,3163.0,3163.0,3126.3,3134.3,31787800,3447.7,2820.9,3839.9,2896.0,3129.5,11,2,3129.3,38,2,3129.1,109,2,3129.0,87,3,3128.8,71,2,3130.0,906,10,3130.1,45,1,3130.2,227,2,3130.3,19,1,3130.4,129,2
2031,2026-06-16 09:53:43+05:30,3130.0,3,3139.58,640038,106341.0,190367.0,3163.0,3163.0,3126.3,3134.3,31787800,3447.7,2820.9,3839.9,2896.0,3129.5,35,3,3129.3,14,1,3129.1,109,2,3129.0,31,2,3128.8,1,1,3130.0,956,13,3130.1,218,2,3130.2,119,4,3130.3,31,1,3130.4,234,4
2031,2026-06-16 09:53:44+05:30,3130.0,1,3139.58,640039,106566.0,190350.0,3163.0,3163.0,3126.3,3134.3,31787800,3447.7,2820.9,3839.9,2896.0,3129.5,12,3,3129.3,14,1,3129.1,109,2,3129.0,31,2,3128.8,1,1,3130.0,1055,14,3130.1,218,2,3130.2,274,7,3130.3,31,1,3130.4,150,3
2031,2026-06-16 09:53:45+05:30,3129.0,5,3139.58,640039,106566.0,190350.0,3163.0,3163.0,3126.3,3134.3,31787800,3447.7,2820.9,3839.9,2896.0,3129.5,12,3,3129.3,14,1,3129.1,109,2,3129.0,31,2,3128.8,1,1,3130.0,1055,14,3130.1,218,2,3130.2,274,7,3130.3,31,1,3130.4,150,3
2031,2026-06-16 09:53:45+05:30,3129.2,2,3139.57,640673,104773.0,190291.0,3163.0,3163.0,3126.3,3134.3,31787800,3447.7,2820.9,3839.9,2896.0,3129.1,15,1,3128.8,1,1,3128.7,5,1,3128.4,12,1,3128.3,15,1,3129.2,185,1,3129.3,64,2,3129.4,200,1,3129.5,27,1,3129.6,159,4
2031,2026-06-16 09:53:46+05:30,3129.1,1,3139.57,640673,104773.0,190291.0,3163.0,3163.0,3126.3,3134.3,31787800,3447.7,2820.9,3839.9,2896.0,3129.1,15,1,3128.8,1,1,3128.7,5,1,3128.4,12,1,3128.3,15,1,3129.2,185,1,3129.3,64,2,3129.4,200,1,3129.5,27,1,3129.6,159,4
2031,2026-06-16 09:53:46+05:30,3129.1,1,3139.57,640753,104661.0,190971.0,3163.0,3163.0,3126.3,3134.3,31787800,3447.7,2820.9,3839.9,2896.0,3129.1,16,2,3129.0,1,1,3128.8,2,2,3128.7,5,1,3128.4,12,1,3129.2,205,4,3129.3,41,2,3129.4,263,3,3129.5,226,3,3129.6,136,4
2031,2026-06-16 09:53:47+05:30,3129.1,5,3139.57,640753,104661.0,190971.0,3163.0,3163.0,3126.3,3134.3,31787800,3447.7,2820.9,3839.9,2896.0,3129.1,16,2,3129.0,1,1,3128.8,2,2,3128.7,5,1,3128.4,12,1,3129.2,205,4,3129.3,41,2,3129.4,263,3,3129.5,226,3,3129.6,136,4
2031,2026-06-16 09:53:47+05:30,3129.1,5,3139.57,640758,104941.0,190637.0,3163.0,3163.0,3126.3,3134.3,31787800,3447.7,2820.9,3839.9,2896.0,3129.1,57,5,3129.0,1,1,3128.8,2,2,3128.7,5,1,3128.4,12,1,3129.2,205,4,3129.3,22,1,3129.4,218,2,3129.5,26,1,3129.7,284,2
2031,2026-06-16 09:53:48+05:30,3129.2,5,3139.57,640758,104941.0,190637.0,3163.0,3163.0,3126.3,3134.3,31787800,3447.7,2820.9,3839.9,2896.0,3129.1,57,5,3129.0,1,1,3128.8,2,2,3128.7,5,1,3128.4,12,1,3129.2,205,4,3129.3,22,1,3129.4,218,2,3129.5,26,1,3129.7,284,2
2031,2026-06-16 09:53:48+05:30,3129.2,5,3139.57,640787,105034.0,191223.0,3163.0,3163.0,3126.3,3134.3,31787800,3447.7,2820.9,3839.9,2896.0,3129.1,58,6,3129.0,1,1,3128.8,2,2,3128.4,35,2,3128.3,95,3,3129.2,224,5,3129.3,22,1,3129.4,218,2,3129.5,26,1,3129.7,284,2
2031,2026-06-16 09:53:49+05:30,3129.2,20,3139.57,640787,105034.0,191223.0,3163.0,3163.0,3126.3,3134.3,31787800,3447.7,2820.9,3839.9,2896.0,3129.1,58,6,3129.0,1,1,3128.8,2,2,3128.4,35,2,3128.3,95,3,3129.2,224,5,3129.3,22,1,3129.4,218,2,3129.5,26,1,3129.7,284,2
2031,2026-06-16 09:53:50+05:30,3129.1,13,3139.56,641230,105194.0,190936.0,3163.0,3163.0,3126.3,3134.3,31787800,3447.7,2820.9,3839.9,2896.0,3129.1,18,3,3129.0,1,1,3128.8,2,2,3128.6,2,1,3128.5,23,1,3129.3,20,1,3129.4,218,2,3129.5,26,1,3129.8,103,2,3129.9,315,6
2031,2026-06-16 09:53:50+05:30,3129.1,2,3139.56,641230,105194.0,190936.0,3163.0,3163.0,3126.3,3134.3,31787800,3447.7,2820.9,3839.9,2896.0,3129.1,18,3,3129.0,1,1,3128.8,2,2,3128.6,2,1,3128.5,23,1,3129.3,20,1,3129.4,218,2,3129.5,26,1,3129.8,103,2,3129.9,315,6
2031,2026-06-16 09:53:51+05:30,3129.1,2,3139.56,641269,105254.0,190893.0,3163.0,3163.0,3126.3,3134.3,31787800,3447.7,2820.9,3839.9,2896.0,3129.1,58,4,3129.0,1,1,3128.8,2,2,3128.6,4,2,3128.5,24,2,3129.3,34,2,3129.4,218,2,3129.5,26,1,3129.8,25,1,3129.9,188,5
2031,2026-06-16 09:53:52+05:30,3129.1,2,3139.56,641269,105784.0,190799.0,3163.0,3163.0,3126.3,3134.3,31787800,3447.7,2820.9,3839.9,2896.0,3129.2,100,1,3129.1,158,5,3129.0,24,2,3128.9,19,1,3128.8,35,4,3129.3,34,2,3129.4,218,2,3129.5,26,1,3129.6,30,1,3129.8,25,1
2031,2026-06-16 09:53:53+05:30,3129.1,2,3139.56,641269,105758.0,190798.0,3163.0,3163.0,3126.3,3134.3,31787800,3447.7,2820.9,3839.9,2896.0,3129.2,140,2,3129.1,159,6,3129.0,24,2,3128.9,8,1,3128.8,35,4,3129.3,91,4,3129.4,218,2,3129.5,26,1,3129.6,30,1,3129.8,25,1
2031,2026-06-16 09:53:54+05:30,3129.1,2,3139.56,641269,105891.0,188785.0,3163.0,3163.0,3126.3,3134.3,31787800,3447.7,2820.9,3839.9,2896.0,3129.2,147,3,3129.1,159,6,3129.0,24,2,3128.9,8,1,3128.8,35,4,3129.3,103,6,3129.4,218,2,3129.5,26,1,3129.6,30,1,3129.9,220,2
2031,2026-06-16 09:53:55+05:30,3129.3,1,3139.56,641269,105891.0,188785.0,3163.0,3163.0,3126.3,3134.3,31787800,3447.7,2820.9,3839.9,2896.0,3129.2,147,3,3129.1,159,6,3129.0,24,2,3128.9,8,1,3128.8,35,4,3129.3,103,6,3129.4,218,2,3129.5,26,1,3129.6,30,1,3129.9,220,2
2031,2026-06-16 09:53:55+05:30,3129.3,1,3139.56,641270,105807.0,190859.0,3163.0,3163.0,3126.3,3134.3,31787800,3447.7,2820.9,3839.9,2896.0,3129.2,154,4,3129.1,140,5,3129.0,24,2,3128.8,25,3,3128.7,12,1,3129.3,102,6,3129.4,218,2,3129.5,26,1,3129.6,30,1,3129.8,200,1
2031,2026-06-16 09:53:56+05:30,3129.3,1,3139.56,641270,105807.0,190859.0,3163.0,3163.0,3126.3,3134.3,31787800,3447.7,2820.9,3839.9,2896.0,3129.2,154,4,3129.1,140,5,3129.0,24,2,3128.8,25,3,3128.7,12,1,3129.3,102,6,3129.4,218,2,3129.5,26,1,3129.6,30,1,3129.8,200,1
2031,2026-06-16 09:53:56+05:30,3129.3,1,3139.56,641271,106607.0,190663.0,3163.0,3163.0,3126.3,3134.3,31787800,3447.7,2820.9,3839.9,2896.0,3129.2,154,4,3129.1,166,6,3129.0,24,2,3128.8,44,4,3128.7,12,1,3129.3,101,6,3129.4,218,2,3129.5,26,1,3129.6,30,1,3129.8,200,1
2031,2026-06-16 09:53:57+05:30,3129.3,11,3139.56,641271,106607.0,190663.0,3163.0,3163.0,3126.3,3134.3,31787800,3447.7,2820.9,3839.9,2896.0,3129.2,154,4,3129.1,166,6,3129.0,24,2,3128.8,44,4,3128.7,12,1,3129.3,101,6,3129.4,218,2,3129.5,26,1,3129.6,30,1,3129.8,200,1
2031,2026-06-16 09:53:57+05:30,3129.3,11,3139.56,641371,106504.0,191146.0,3163.0,3163.0,3126.3,3134.3,31787800,3447.7,2820.9,3839.9,2896.0,3129.2,75,4,3129.1,185,7,3129.0,40,4,3128.9,8,1,3128.8,44,4,3129.3,1,1,3129.4,218,2,3129.5,26,1,3129.6,30,1,3129.8,200,1
2031,2026-06-16 09:53:58+05:30,3129.3,1,3139.56,641371,106504.0,191146.0,3163.0,3163.0,3126.3,3134.3,31787800,3447.7,2820.9,3839.9,2896.0,3129.2,75,4,3129.1,185,7,3129.0,40,4,3128.9,8,1,3128.8,44,4,3129.3,1,1,3129.4,218,2,3129.5,26,1,3129.6,30,1,3129.8,200,1
2031,2026-06-16 09:53:58+05:30,3129.4,1,3139.56,641373,106492.0,190943.0,3163.0,3163.0,3126.3,3134.3,31787800,3447.7,2820.9,3839.9,2896.0,3129.2,115,8,3129.1,182,5,3129.0,40,4,3128.9,8,1,3128.8,44,4,3129.4,217,2,3129.5,26,1,3129.6,30,1,3129.8,200,1,3129.9,20,1
2031,2026-06-16 09:53:59+05:30,3129.2,3,3139.56,641373,106492.0,190943.0,3163.0,3163.0,3126.3,3134.3,31787800,3447.7,2820.9,3839.9,2896.0,3129.2,115,8,3129.1,182,5,3129.0,40,4,3128.9,8,1,3128.8,44,4,3129.4,217,2,3129.5,26,1,3129.6,30,1,3129.8,200,1,3129.9,20,1
2031,2026-06-16 09:53:59+05:30,3129.4,24,3139.56,641665,106592.0,190150.0,3163.0,3163.0,3126.3,3134.3,31787800,3447.7,2820.9,3839.9,2896.0,3129.4,21,1,3129.3,87,5,3129.2,51,6,3129.1,160,5,3129.0,59,5,3129.5,26,1,3129.6,30,1,3129.8,223,2,3129.9,20,1,3130.0,937,10
2031,2026-06-16 09:54:00+05:30,3129.5,1,3139.56,641665,106592.0,190150.0,3163.0,3163.0,3126.3,3134.3,31787800,3447.7,2820.9,3839.9,2896.0,3129.4,21,1,3129.3,87,5,3129.2,51,6,3129.1,160,5,3129.0,59,5,3129.5,26,1,3129.6,30,1,3129.8,223,2,3129.9,20,1,3130.0,937,10
2031,2026-06-16 09:54:00+05:30,3129.5,2,3139.56,641670,106588.0,189672.0,3163.0,3163.0,3126.3,3134.3,31787800,3447.7,2820.9,3839.9,2896.0,3129.4,59,5,3129.3,46,3,3129.2,101,9,3129.1,160,5,3129.0,107,6,3129.5,22,2,3129.6,70,2,3129.8,223,2,3129.9,20,1,3130.0,937,10
2031,2026-06-16 09:54:01+05:30,3129.6,40,3139.56,641670,106588.0,189672.0,3163.0,3163.0,3126.3,3134.3,31787800,3447.7,2820.9,3839.9,2896.0,3129.4,59,5,3129.3,46,3,3129.2,101,9,3129.1,160,5,3129.0,107,6,3129.5,22,2,3129.6,70,2,3129.8,223,2,3129.9,20,1,3130.0,937,10
2031,2026-06-16 09:54:01+05:30,3129.7,10,3139.56,641811,106994.0,186613.0,3163.0,3163.0,3126.3,3134.3,31787800,3447.7,2820.9,3839.9,2896.0,3129.7,28,2,3129.6,20,1,3129.5,65,4,3129.4,126,5,3129.3,63,3,3129.8,23,1,3130.0,917,9,3130.8,288,3,3131.0,207,5,3131.1,4,1
2031,2026-06-16 09:54:02+05:30,3129.7,10,3139.56,641811,106994.0,186613.0,3163.0,3163.0,3126.3,3134.3,31787800,3447.7,2820.9,3839.9,2896.0,3129.7,28,2,3129.6,20,1,3129.5,65,4,3129.4,126,5,3129.3,63,3,3129.8,23,1,3130.0,917,9,3130.8,288,3,3131.0,207,5,3131.1,4,1
2031,2026-06-16 09:54:02+05:30,3129.8,1,3139.56,641812,107082.0,189017.0,3163.0,3163.0,3126.3,3134.3,31787800,3447.7,2820.9,3839.9,2896.0,3129.7,42,1,3129.6,62,3,3129.5,59,3,3129.4,82,4,3129.3,63,3,3129.8,22,1,3130.0,1004,10,3130.6,22,1,3130.8,316,4,3131.0,230,6
2031,2026-06-16 09:54:03+05:30,3129.8,1,3139.56,641812,107082.0,189017.0,3163.0,3163.0,3126.3,3134.3,31787800,3447.7,2820.9,3839.9,2896.0,3129.7,42,1,3129.6,62,3,3129.5,59,3,3129.4,82,4,3129.3,63,3,3129.8,22,1,3130.0,1004,10,3130.6,22,1,3130.8,316,4,3131.0,230,6
2031,2026-06-16 09:54:03+05:30,3129.8,1,3139.56,641812,107113.0,188601.0,3163.0,3163.0,3126.3,3134.3,31787800,3447.7,2820.9,3839.9,2896.0,3129.7,42,1,3129.6,62,3,3129.5,59,3,3129.4,82,4,3129.3,15,2,3129.8,22,1,3130.0,1004,10,3130.5,22,1,3130.6,22,1,3130.8,248,3
2031,2026-06-16 09:54:04+05:30,3129.8,1,3139.56,641812,107097.0,188814.0,3163.0,3163.0,3126.3,3134.3,31787800,3447.7,2820.9,3839.9,2896.0,3129.7,42,1,3129.6,62,3,3129.5,59,3,3129.4,82,4,3129.3,15,2,3129.8,22,1,3130.0,1004,10,3130.5,32,2,3130.6,22,1,3130.7,200,1
2031,2026-06-16 09:54:05+05:30,3129.8,22,3139.56,641812,107097.0,188814.0,3163.0,3163.0,3126.3,3134.3,31787800,3447.7,2820.9,3839.9,2896.0,3129.7,42,1,3129.6,62,3,3129.5,59,3,3129.4,82,4,3129.3,15,2,3129.8,22,1,3130.0,1004,10,3130.5,32,2,3130.6,22,1,3130.7,200,1
2031,2026-06-16 09:54:05+05:30,3130.0,97,3139.55,642032,106962.0,188238.0,3163.0,3163.0,3126.3,3134.3,31787800,3447.7,2820.9,3839.9,2896.0,3129.8,10,2,3129.7,44,2,3129.5,44,2,3129.4,40,2,3129.2,77,7,3130.0,895,10,3130.3,19,1,3130.5,143,4,3130.6,22,1,3130.8,48,2
2031,2026-06-16 09:54:06+05:30,3130.0,97,3139.55,642032,106962.0,188238.0,3163.0,3163.0,3126.3,3134.3,31787800,3447.7,2820.9,3839.9,2896.0,3129.8,10,2,3129.7,44,2,3129.5,44,2,3129.4,40,2,3129.2,77,7,3130.0,895,10,3130.3,19,1,3130.5,143,4,3130.6,22,1,3130.8,48,2
2031,2026-06-16 09:54:06+05:30,3130.0,97,3139.55,642032,107291.0,188596.0,3163.0,3163.0,3126.3,3134.3,31787800,3447.7,2820.9,3839.9,2896.0,3129.8,48,3,3129.7,71,3,3129.5,18,1,3129.4,82,4,3129.3,98,2,3130.0,895,10,3130.5,58,3,3130.6,22,1,3130.7,200,1,3130.8,126,3
2031,2026-06-16 09:54:07+05:30,3130.0,97,3139.55,642032,107256.0,188522.0,3163.0,3163.0,3126.3,3134.3,31787800,3447.7,2820.9,3839.9,2896.0,3129.8,48,3,3129.7,71,3,3129.5,18,1,3129.4,82,4,3129.3,60,1,3130.0,920,11,3130.5,58,3,3130.6,106,2,3130.7,200,1,3130.8,126,3
2031,2026-06-16 09:54:08+05:30,3129.8,38,3139.55,642032,107256.0,188522.0,3163.0,3163.0,3126.3,3134.3,31787800,3447.7,2820.9,3839.9,2896.0,3129.8,48,3,3129.7,71,3,3129.5,18,1,3129.4,82,4,3129.3,60,1,3130.0,920,11,3130.5,58,3,3130.6,106,2,3130.7,200,1,3130.8,126,3
2031,2026-06-16 09:54:09+05:30,3129.8,15,3139.55,642306,107229.0,189789.0,3163.0,3163.0,3126.3,3134.3,31787800,3447.7,2820.9,3839.9,2896.0,3129.8,3,1,3129.7,71,3,3129.4,40,2,3129.2,20,3,3129.1,116,3,3130.0,1146,14,3130.1,12,1,3130.2,64,2,3130.3,38,2,3130.4,165,4
2031,2026-06-16 09:54:09+05:30,3129.9,1,3139.55,642306,107229.0,189789.0,3163.0,3163.0,3126.3,3134.3,31787800,3447.7,2820.9,3839.9,2896.0,3129.8,3,1,3129.7,71,3,3129.4,40,2,3129.2,20,3,3129.1,116,3,3130.0,1146,14,3130.1,12,1,3130.2,64,2,3130.3,38,2,3130.4,165,4
2031,2026-06-16 09:54:10+05:30,3129.8,4,3139.54,642538,106772.0,187916.0,3163.0,3163.0,3126.3,3134.3,31787800,3447.7,2820.9,3839.9,2896.0,3129.8,6,1,3129.7,27,1,3129.4,40,2,3129.2,20,3,3129.1,116,3,3129.9,66,3,3130.0,1167,14,3130.1,12,1,3130.2,69,2,3130.3,19,1
2031,2026-06-16 09:54:10+05:30,3129.8,6,3139.54,642538,106772.0,187916.0,3163.0,3163.0,3126.3,3134.3,31787800,3447.7,2820.9,3839.9,2896.0,3129.8,6,1,3129.7,27,1,3129.4,40,2,3129.2,20,3,3129.1,116,3,3129.9,66,3,3130.0,1167,14,3130.1,12,1,3130.2,69,2,3130.3,19,1
2031,2026-06-16 09:54:11+05:30,3129.8,1,3139.54,642564,106954.0,190067.0,3163.0,3163.0,3126.3,3134.3,31787800,3447.7,2820.9,3839.9,2896.0,3129.7,27,1,3129.4,39,1,3129.2,20,3,3129.1,116,3,3129.0,69,2,3129.8,43,1,3129.9,136,5,3130.0,1097,12,3130.1,31,2,3130.2,69,2
2031,2026-06-16 09:54:11+05:30,3129.8,43,3139.54,642564,106954.0,190067.0,3163.0,3163.0,3126.3,3134.3,31787800,3447.7,2820.9,3839.9,2896.0,3129.7,27,1,3129.4,39,1,3129.2,20,3,3129.1,116,3,3129.0,69,2,3129.8,43,1,3129.9,136,5,3130.0,1097,12,3130.1,31,2,3130.2,69,2
2031,2026-06-16 09:54:12+05:30,3130.0,63,3139.54,642564,106954.0,190067.0,3163.0,3163.0,3126.3,3134.3,31787800,3447.7,2820.9,3839.9,2896.0,3129.7,27,1,3129.4,39,1,3129.2,20,3,3129.1,116,3,3129.0,69,2,3129.8,43,1,3129.9,136,5,3130.0,1097,12,3130.1,31,2,3130.2,69,2
2031,2026-06-16 09:54:12+05:30,3130.0,63,3139.5,645394,106768.0,187890.0,3163.0,3163.0,3126.3,3134.3,31787800,3447.7,2820.9,3839.9,2896.0,3129.8,12,4,3129.7,20,1,3129.4,39,1,3129.2,3,1,3129.1,116,3,3130.0,574,3,3130.5,260,4,3130.6,148,4,3130.7,38,1,3130.8,160,5
2031,2026-06-16 09:54:13+05:30,3129.8,105,3139.5,645394,106768.0,187890.0,3163.0,3163.0,3126.3,3134.3,31787800,3447.7,2820.9,3839.9,2896.0,3129.8,12,4,3129.7,20,1,3129.4,39,1,3129.2,3,1,3129.1,116,3,3130.0,574,3,3130.5,260,4,3130.6,148,4,3130.7,38,1,3130.8,160,5
2031,2026-06-16 09:54:13+05:30,3129.8,105,3139.5,645610,106765.0,189555.0,3163.0,3163.0,3126.3,3134.3,31787800,3447.7,2820.9,3839.9,2896.0,3129.7,20,1,3129.4,39,1,3129.2,3,1,3129.1,116,3,3129.0,1,1,3129.8,35,1,3130.0,731,7,3130.1,15,1,3130.2,241,2,3130.3,23,1
2031,2026-06-16 09:54:14+05:30,3129.7,32,3139.5,645610,106765.0,189555.0,3163.0,3163.0,3126.3,3134.3,31787800,3447.7,2820.9,3839.9,2896.0,3129.7,20,1,3129.4,39,1,3129.2,3,1,3129.1,116,3,3129.0,1,1,3129.8,35,1,3130.0,731,7,3130.1,15,1,3130.2,241,2,3130.3,23,1
2031,2026-06-16 09:54:14+05:30,3129.7,32,3139.5,645642,106805.0,189906.0,3163.0,3163.0,3126.3,3134.3,31787800,3447.7,2820.9,3839.9,2896.0,3129.7,20,1,3129.4,39,1,3129.2,3,1,3129.1,116,3,3129.0,1,1,3129.8,35,1,3129.9,24,1,3130.0,686,6,3130.1,15,1,3130.2,268,3
2031,2026-06-16 09:54:15+05:30,3129.8,2,3139.5,645646,107124.0,189378.0,3163.0,3163.0,3126.3,3134.3,31787800,3447.7,2820.9,3839.9,2896.0,3129.7,65,3,3129.5,2,1,3129.4,39,1,3129.3,32,2,3129.2,3,1,3129.8,31,1,3129.9,45,2,3130.0,686,6,3130.5,233,3,3130.6,83,4
2031,2026-06-16 09:54:15+05:30,3129.8,2,3139.5,645646,107124.0,189378.0,3163.0,3163.0,3126.3,3134.3,31787800,3447.7,2820.9,3839.9,2896.0,3129.7,65,3,3129.5,2,1,3129.4,39,1,3129.3,32,2,3129.2,3,1,3129.8,31,1,3129.9,45,2,3130.0,686,6,3130.5,233,3,3130.6,83,4
2031,2026-06-16 09:54:16+05:30,3129.8,1,3139.5,645646,107124.0,189378.0,3163.0,3163.0,3126.3,3134.3,31787800,3447.7,2820.9,3839.9,2896.0,3129.7,65,3,3129.5,2,1,3129.4,39,1,3129.3,32,2,3129.2,3,1,3129.8,31,1,3129.9,45,2,3130.0,686,6,3130.5,233,3,3130.6,83,4
2031,2026-06-16 09:54:16+05:30,3129.8,1,3139.5,645665,107337.0,189008.0,3163.0,3163.0,3126.3,3134.3,31787800,3447.7,2820.9,3839.9,2896.0,3129.7,92,4,3129.5,2,1,3129.4,39,1,3129.3,10,1,3129.2,26,2,3129.8,34,3,3129.9,45,2,3130.0,685,5,3130.4,200,1,3130.5,139,4
2031,2026-06-16 09:54:17+05:30,3129.8,1,3139.5,645665,107337.0,189008.0,3163.0,3163.0,3126.3,3134.3,31787800,3447.7,2820.9,3839.9,2896.0,3129.7,92,4,3129.5,2,1,3129.4,39,1,3129.3,10,1,3129.2,26,2,3129.8,34,3,3129.9,45,2,3130.0,685,5,3130.4,200,1,3130.5,139,4
2031,2026-06-16 09:54:17+05:30,3129.8,10,3139.5,645755,107444.0,189288.0,3163.0,3163.0,3126.3,3134.3,31787800,3447.7,2820.9,3839.9,2896.0,3129.7,167,5,3129.5,2,1,3129.4,81,3,3129.3,10,1,3129.2,45,3,3129.8,24,3,3129.9,45,2,3130.0,685,5,3130.4,22,1,3130.5,33,2
2031,2026-06-16 09:54:18+05:30,3129.8,10,3139.5,645755,107444.0,189288.0,3163.0,3163.0,3126.3,3134.3,31787800,3447.7,2820.9,3839.9,2896.0,3129.7,167,5,3129.5,2,1,3129.4,81,3,3129.3,10,1,3129.2,45,3,3129.8,24,3,3129.9,45,2,3130.0,685,5,3130.4,22,1,3130.5,33,2
2031,2026-06-16 09:54:19+05:30,3129.8,21,3139.5,645779,107485.0,187399.0,3163.0,3163.0,3126.3,3134.3,31787800,3447.7,2820.9,3839.9,2896.0,3129.8,3,1,3129.7,163,6,3129.6,24,2,3129.5,2,1,3129.4,60,3,3129.9,45,2,3130.0,685,5,3130.4,22,1,3130.5,11,1,3130.6,25,2
2031,2026-06-16 09:54:19+05:30,3129.8,21,3139.5,645779,107485.0,187399.0,3163.0,3163.0,3126.3,3134.3,31787800,3447.7,2820.9,3839.9,2896.0,3129.8,3,1,3129.7,163,6,3129.6,24,2,3129.5,2,1,3129.4,60,3,3129.9,45,2,3130.0,685,5,3130.4,22,1,3130.5,11,1,3130.6,25,2
2031,2026-06-16 09:54:19+05:30,3129.8,21,3139.5,645779,107485.0,187399.0,3163.0,3163.0,3126.3,3134.3,31787800,3447.7,2820.9,3839.9,2896.0,3129.8,3,1,3129.7,163,6,3129.6,24,2,3129.5,2,1,3129.4,60,3,3129.9,45,2,3130.0,685,5,3130.4,22,1,3130.5,11,1,3130.6,25,2
2031,2026-06-16 09:54:20+05:30,3129.7,13,3139.49,646021,107009.0,189418.0,3163.0,3163.0,3126.3,3134.3,31787800,3447.7,2820.9,3839.9,2896.0,3129.7,104,7,3129.6,1,1,3129.5,2,1,3129.4,42,2,3129.3,23,1,3129.9,14,1,3130.0,685,5,3130.4,22,1,3130.5,116,4,3130.6,106,2
2031,2026-06-16 09:54:20+05:30,3129.7,13,3139.49,646021,107009.0,189418.0,3163.0,3163.0,3126.3,3134.3,31787800,3447.7,2820.9,3839.9,2896.0,3129.7,104,7,3129.6,1,1,3129.5,2,1,3129.4,42,2,3129.3,23,1,3129.9,14,1,3130.0,685,5,3130.4,22,1,3130.5,116,4,3130.6,106,2
2031,2026-06-16 09:54:20+05:30,3129.7,13,3139.49,646021,107009.0,189418.0,3163.0,3163.0,3126.3,3134.3,31787800,3447.7,2820.9,3839.9,2896.0,3129.7,104,7,3129.6,1,1,3129.5,2,1,3129.4,42,2,3129.3,23,1,3129.9,14,1,3130.0,685,5,3130.4,22,1,3130.5,116,4,3130.6,106,2
2031,2026-06-16 09:54:21+05:30,3129.7,13,3139.49,646021,107349.0,189164.0,3163.0,3163.0,3126.3,3134.3,31787800,3447.7,2820.9,3839.9,2896.0,3129.8,52,2,3129.7,54,6,3129.6,1,1,3129.5,2,1,3129.4,42,2,3129.9,18,2,3130.0,685,5,3130.4,22,1,3130.5,126,4,3130.6,306,3
2031,2026-06-16 09:54:21+05:30,3129.9,1,3139.49,646021,107349.0,189164.0,3163.0,3163.0,3126.3,3134.3,31787800,3447.7,2820.9,3839.9,2896.0,3129.8,52,2,3129.7,54,6,3129.6,1,1,3129.5,2,1,3129.4,42,2,3129.9,18,2,3130.0,685,5,3130.4,22,1,3130.5,126,4,3130.6,306,3
2031,2026-06-16 09:54:22+05:30,3130.0,1,3139.49,646021,107349.0,189164.0,3163.0,3163.0,3126.3,3134.3,31787800,3447.7,2820.9,3839.9,2896.0,3129.8,52,2,3129.7,54,6,3129.6,1,1,3129.5,2,1,3129.4,42,2,3129.9,18,2,3130.0,685,5,3130.4,22,1,3130.5,126,4,3130.6,306,3
2031,2026-06-16 09:54:22+05:30,3130.0,1,3139.49,646118,107293.0,189667.0,3163.0,3163.0,3126.3,3134.3,31787800,3447.7,2820.9,3839.9,2896.0,3129.9,22,1,3129.8,52,2,3129.7,27,5,3129.6,1,1,3129.5,2,1,3130.0,606,5,3130.4,41,2,3130.5,375,6,3130.6,41,2,3130.7,183,3
2031,2026-06-16 09:54:22+05:30,3130.0,1,3139.49,646118,107293.0,189667.0,3163.0,3163.0,3126.3,3134.3,31787800,3447.7,2820.9,3839.9,2896.0,3129.9,22,1,3129.8,52,2,3129.7,27,5,3129.6,1,1,3129.5,2,1,3130.0,606,5,3130.4,41,2,3130.5,375,6,3130.6,41,2,3130.7,183,3
2031,2026-06-16 09:54:23+05:30,3130.0,17,3139.49,646118,107293.0,189667.0,3163.0,3163.0,3126.3,3134.3,31787800,3447.7,2820.9,3839.9,2896.0,3129.9,22,1,3129.8,52,2,3129.7,27,5,3129.6,1,1,3129.5,2,1,3130.0,606,5,3130.4,41,2,3130.5,375,6,3130.6,41,2,3130.7,183,3
2031,2026-06-16 09:54:23+05:30,3130.0,17,3139.49,646167,107309.0,189331.0,3163.0,3163.0,3126.3,3134.3,31787800,3447.7,2820.9,3839.9,2896.0,3129.9,25,1,3129.8,52,2,3129.7,27,5,3129.6,1,1,3129.5,2,1,3130.0,622,6,3130.4,22,1,3130.5,58,3,3130.6,84,3,3130.7,352,3
2031,2026-06-16 09:54:23+05:30,3130.0,17,3139.49,646167,107309.0,189331.0,3163.0,3163.0,3126.3,3134.3,31787800,3447.7,2820.9,3839.9,2896.0,3129.9,25,1,3129.8,52,2,3129.7,27,5,3129.6,1,1,3129.5,2,1,3130.0,622,6,3130.4,22,1,3130.5,58,3,3130.6,84,3,3130.7,352,3
2031,2026-06-16 09:54:24+05:30,3130.0,139,3139.49,646167,107309.0,189331.0,3163.0,3163.0,3126.3,3134.3,31787800,3447.7,2820.9,3839.9,2896.0,3129.9,25,1,3129.8,52,2,3129.7,27,5,3129.6,1,1,3129.5,2,1,3130.0,622,6,3130.4,22,1,3130.5,58,3,3130.6,84,3,3130.7,352,3
2031,2026-06-16 09:54:24+05:30,3130.0,139,3139.49,646384,107081.0,189196.0,3163.0,3163.0,3126.3,3134.3,31787800,3447.7,2820.9,3839.9,2896.0,3129.8,52,2,3129.7,27,5,3129.6,1,1,3129.5,2,1,3129.4,42,2,3130.0,642,6,3130.4,67,2,3130.5,142,4,3130.6,284,4,3130.7,68,1
2031,2026-06-16 09:54:25+05:30,3130.0,7,3139.49,646384,107081.0,189196.0,3163.0,3163.0,3126.3,3134.3,31787800,3447.7,2820.9,3839.9,2896.0,3129.8,52,2,3129.7,27,5,3129.6,1,1,3129.5,2,1,3129.4,42,2,3130.0,642,6,3130.4,67,2,3130.5,142,4,3130.6,284,4,3130.7,68,1
2031,2026-06-16 09:54:25+05:30,3130.0,7,3139.49,646384,107081.0,189196.0,3163.0,3163.0,3126.3,3134.3,31787800,3447.7,2820.9,3839.9,2896.0,3129.8,52,2,3129.7,27,5,3129.6,1,1,3129.5,2,1,3129.4,42,2,3130.0,642,6,3130.4,67,2,3130.5,142,4,3130.6,284,4,3130.7,68,1
2031,2026-06-16 09:54:25+05:30,3130.0,3,3139.49,646437,107095.0,187569.0,3163.0,3163.0,3126.3,3134.3,31787800,3447.7,2820.9,3839.9,2896.0,3129.8,47,1,3129.7,26,4,3129.6,1,1,3129.5,2,1,3129.4,42,2,3130.0,778,6,3130.4,22,1,3130.5,318,5,3130.6,170,4,3130.7,68,1
2031,2026-06-16 09:54:25+05:30,3130.0,3,3139.49,646437,107095.0,187569.0,3163.0,3163.0,3126.3,3134.3,31787800,3447.7,2820.9,3839.9,2896.0,3129.8,47,1,3129.7,26,4,3129.6,1,1,3129.5,2,1,3129.4,42,2,3130.0,778,6,3130.4,22,1,3130.5,318,5,3130.6,170,4,3130.7,68,1
2031,2026-06-16 09:54:26+05:30,3130.0,3,3139.49,646437,107095.0,187569.0,3163.0,3163.0,3126.3,3134.3,31787800,3447.7,2820.9,3839.9,2896.0,3129.8,47,1,3129.7,26,4,3129.6,1,1,3129.5,2,1,3129.4,42,2,3130.0,778,6,3130.4,22,1,3130.5,318,5,3130.6,170,4,3130.7,68,1
2031,2026-06-16 09:54:26+05:30,3130.0,3,3139.49,646437,107146.0,187745.0,3163.0,3163.0,3126.3,3134.3,31787800,3447.7,2820.9,3839.9,2896.0,3129.8,86,3,3129.7,26,4,3129.6,1,1,3129.5,2,1,3129.4,42,2,3130.0,967,9,3130.4,67,2,3130.5,318,5,3130.6,86,3,3130.7,152,2
2031,2026-06-16 09:54:26+05:30,3130.0,3,3139.49,646437,107146.0,187745.0,3163.0,3163.0,3126.3,3134.3,31787800,3447.7,2820.9,3839.9,2896.0,3129.8,86,3,3129.7,26,4,3129.6,1,1,3129.5,2,1,3129.4,42,2,3130.0,967,9,3130.4,67,2,3130.5,318,5,3130.6,86,3,3130.7,152,2
2031,2026-06-16 09:54:27+05:30,3130.0,1,3139.49,646437,107146.0,187745.0,3163.0,3163.0,3126.3,3134.3,31787800,3447.7,2820.9,3839.9,2896.0,3129.8,86,3,3129.7,26,4,3129.6,1,1,3129.5,2,1,3129.4,42,2,3130.0,967,9,3130.4,67,2,3130.5,318,5,3130.6,86,3,3130.7,152,2
2031,2026-06-16 09:54:27+05:30,3130.0,1,3139.49,646438,107261.0,189740.0,3163.0,3163.0,3126.3,3134.3,31787800,3447.7,2820.9,3839.9,2896.0,3129.8,98,4,3129.7,52,5,3129.6,1,1,3129.5,2,1,3129.4,42,2,3130.0,966,9,3130.4,22,1,3130.5,318,5,3130.6,86,3,3130.7,152,2
2031,2026-06-16 09:54:27+05:30,3130.0,1,3139.49,646438,107261.0,189740.0,3163.0,3163.0,3126.3,3134.3,31787800,3447.7,2820.9,3839.9,2896.0,3129.8,98,4,3129.7,52,5,3129.6,1,1,3129.5,2,1,3129.4,42,2,3130.0,966,9,3130.4,22,1,3130.5,318,5,3130.6,86,3,3130.7,152,2
2031,2026-06-16 09:54:28+05:30,3129.8,47,3139.49,646438,107261.0,189740.0,3163.0,3163.0,3126.3,3134.3,31787800,3447.7,2820.9,3839.9,2896.0,3129.8,98,4,3129.7,52,5,3129.6,1,1,3129.5,2,1,3129.4,42,2,3130.0,966,9,3130.4,22,1,3130.5,318,5,3130.6,86,3,3130.7,152,2
2031,2026-06-16 09:54:28+05:30,3129.8,47,3139.49,646438,107261.0,189740.0,3163.0,3163.0,3126.3,3134.3,31787800,3447.7,2820.9,3839.9,2896.0,3129.8,98,4,3129.7,52,5,3129.6,1,1,3129.5,2,1,3129.4,42,2,3130.0,966,9,3130.4,22,1,3130.5,318,5,3130.6,86,3,3130.7,152,2
2031,2026-06-16 09:54:28+05:30,3130.0,1,3139.48,646718,107040.0,189159.0,3163.0,3163.0,3126.3,3134.3,31787800,3447.7,2820.9,3839.9,2896.0,3129.8,59,2,3129.7,52,5,3129.6,1,1,3129.5,2,1,3129.4,42,2,3130.0,969,10,3130.3,19,1,3130.4,90,3,3130.5,118,4,3130.6,125,5
2031,2026-06-16 09:54:29+05:30,3130.0,1,3139.48,646718,107040.0,189159.0,3163.0,3163.0,3126.3,3134.3,31787800,3447.7,2820.9,3839.9,2896.0,3129.8,59,2,3129.7,52,5,3129.6,1,1,3129.5,2,1,3129.4,42,2,3130.0,969,10,3130.3,19,1,3130.4,90,3,3130.5,118,4,3130.6,125,5
2031,2026-06-16 09:54:29+05:30,3130.0,17,3139.48,646718,107040.0,189159.0,3163.0,3163.0,3126.3,3134.3,31787800,3447.7,2820.9,3839.9,2896.0,3129.8,59,2,3129.7,52,5,3129.6,1,1,3129.5,2,1,3129.4,42,2,3130.0,969,10,3130.3,19,1,3130.4,90,3,3130.5,118,4,3130.6,125,5
2031,2026-06-16 09:54:29+05:30,3130.0,17,3139.48,646736,107162.0,189678.0,3163.0,3163.0,3126.3,3134.3,31787800,3447.7,2820.9,3839.9,2896.0,3129.8,59,2,3129.7,52,5,3129.6,1,1,3129.5,2,1,3129.4,42,2,3130.0,951,10,3130.4,22,1,3130.5,118,4,3130.6,22,1,3130.7,352,3
2031,2026-06-16 09:54:29+05:30,3130.0,17,3139.48,646736,107162.0,189678.0,3163.0,3163.0,3126.3,3134.3,31787800,3447.7,2820.9,3839.9,2896.0,3129.8,59,2,3129.7,52,5,3129.6,1,1,3129.5,2,1,3129.4,42,2,3130.0,951,10,3130.4,22,1,3130.5,118,4,3130.6,22,1,3130.7,352,3
2031,2026-06-16 09:54:30+05:30,3130.0,54,3139.48,646736,107162.0,189678.0,3163.0,3163.0,3126.3,3134.3,31787800,3447.7,2820.9,3839.9,2896.0,3129.8,59,2,3129.7,52,5,3129.6,1,1,3129.5,2,1,3129.4,42,2,3130.0,951,10,3130.4,22,1,3130.5,118,4,3130.6,22,1,3130.7,352,3
2031,2026-06-16 09:54:30+05:30,3130.0,54,3139.48,646736,107162.0,189678.0,3163.0,3163.0,3126.3,3134.3,31787800,3447.7,2820.9,3839.9,2896.0,3129.8,59,2,3129.7,52,5,3129.6,1,1,3129.5,2,1,3129.4,42,2,3130.0,951,10,3130.4,22,1,3130.5,118,4,3130.6,22,1,3130.7,352,3
2031,2026-06-16 09:54:30+05:30,3130.0,155,3139.47,647248,107344.0,189421.0,3163.0,3163.0,3126.3,3134.3,31787800,3447.7,2820.9,3839.9,2896.0,3129.9,2,2,3129.8,21,4,3129.7,21,3,3129.6,1,1,3129.5,2,1,3130.0,803,11,3130.4,22,1,3130.5,21,1,3130.6,84,1,3130.7,200,1
2031,2026-06-16 09:54:31+05:30,3129.9,1,3139.47,647248,107344.0,189421.0,3163.0,3163.0,3126.3,3134.3,31787800,3447.7,2820.9,3839.9,2896.0,3129.9,2,2,3129.8,21,4,3129.7,21,3,3129.6,1,1,3129.5,2,1,3130.0,803,11,3130.4,22,1,3130.5,21,1,3130.6,84,1,3130.7,200,1
2031,2026-06-16 09:54:31+05:30,3129.9,1,3139.47,647248,107344.0,189421.0,3163.0,3163.0,3126.3,3134.3,31787800,3447.7,2820.9,3839.9,2896.0,3129.9,2,2,3129.8,21,4,3129.7,21,3,3129.6,1,1,3129.5,2,1,3130.0,803,11,3130.4,22,1,3130.5,21,1,3130.6,84,1,3130.7,200,1
2031,2026-06-16 09:54:31+05:30,3129.9,1,3139.47,647252,107058.0,189703.0,3163.0,3163.0,3126.3,3134.3,31787800,3447.7,2820.9,3839.9,2896.0,3129.8,21,4,3129.7,21,3,3129.6,1,1,3129.5,2,1,3129.4,42,2,3129.9,37,1,3130.0,849,13,3130.2,64,2,3130.3,19,1,3130.4,125,3
2031,2026-06-16 09:54:32+05:30,3129.9,1,3139.47,647252,107058.0,189703.0,3163.0,3163.0,3126.3,3134.3,31787800,3447.7,2820.9,3839.9,2896.0,3129.8,21,4,3129.7,21,3,3129.6,1,1,3129.5,2,1,3129.4,42,2,3129.9,37,1,3130.0,849,13,3130.2,64,2,3130.3,19,1,3130.4,125,3
2031,2026-06-16 09:54:32+05:30,3129.9,1,3139.47,647252,107058.0,189703.0,3163.0,3163.0,3126.3,3134.3,31787800,3447.7,2820.9,3839.9,2896.0,3129.8,21,4,3129.7,21,3,3129.6,1,1,3129.5,2,1,3129.4,42,2,3129.9,37,1,3130.0,849,13,3130.2,64,2,3130.3,19,1,3130.4,125,3
2031,2026-06-16 09:54:32+05:30,3129.9,1,3139.47,647325,107146.0,189502.0,3163.0,3163.0,3126.3,3134.3,31787800,3447.7,2820.9,3839.9,2896.0,3129.8,55,5,3129.7,21,3,3129.6,1,1,3129.5,2,1,3129.4,42,2,3129.9,62,3,3130.0,804,10,3130.2,22,1,3130.4,45,1,3130.5,211,2
2031,2026-06-16 09:54:33+05:30,3129.9,1,3139.47,647325,107146.0,189502.0,3163.0,3163.0,3126.3,3134.3,31789400,3447.7,2820.9,3839.9,2896.0,3129.8,55,5,3129.7,21,3,3129.6,1,1,3129.5,2,1,3129.4,42,2,3129.9,62,3,3130.0,804,10,3130.2,22,1,3130.4,45,1,3130.5,211,2
2031,2026-06-16 09:54:33+05:30,3129.9,15,3139.47,647325,107146.0,189502.0,3163.0,3163.0,3126.3,3134.3,31789400,3447.7,2820.9,3839.9,2896.0,3129.8,55,5,3129.7,21,3,3129.6,1,1,3129.5,2,1,3129.4,42,2,3129.9,62,3,3130.0,804,10,3130.2,22,1,3130.4,45,1,3130.5,211,2
2031,2026-06-16 09:54:33+05:30,3129.9,15,3139.47,647386,107051.0,190061.0,3163.0,3163.0,3126.3,3134.3,31789400,3447.7,2820.9,3839.9,2896.0,3129.8,31,6,3129.7,21,3,3129.6,1,1,3129.5,2,1,3129.4,42,2,3129.9,47,3,3130.0,804,10,3130.1,45,1,3130.2,22,1,3130.3,19,1
2031,2026-06-16 09:54:34+05:30,3129.8,1,3139.47,647439,106644.0,190594.0,3163.0,3163.0,3126.3,3134.3,31789400,3447.7,2820.9,3839.9,2896.0,3129.8,22,5,3129.7,21,3,3129.6,1,1,3129.5,2,1,3129.4,42,2,3129.9,131,7,3130.0,904,10,3130.1,230,3,3130.2,86,3,3130.3,84,3
2031,2026-06-16 09:54:35+05:30,3129.9,1,3139.47,647439,106644.0,190594.0,3163.0,3163.0,3126.3,3134.3,31789400,3447.7,2820.9,3839.9,2896.0,3129.8,22,5,3129.7,21,3,3129.6,1,1,3129.5,2,1,3129.4,42,2,3129.9,131,7,3130.0,904,10,3130.1,230,3,3130.2,86,3,3130.3,84,3
2031,2026-06-16 09:54:35+05:30,3129.8,6,3139.47,647446,106663.0,190750.0,3163.0,3163.0,3126.3,3134.3,31789400,3447.7,2820.9,3839.9,2896.0,3129.8,23,6,3129.7,21,3,3129.6,1,1,3129.5,2,1,3129.4,42,2,3129.9,136,7,3130.0,1123,12,3130.1,30,2,3130.2,86,3,3130.3,84,3
2031,2026-06-16 09:54:36+05:30,3129.8,6,3139.47,647446,106663.0,190750.0,3163.0,3163.0,3126.3,3134.3,31789400,3447.7,2820.9,3839.9,2896.0,3129.8,23,6,3129.7,21,3,3129.6,1,1,3129.5,2,1,3129.4,42,2,3129.9,136,7,3130.0,1123,12,3130.1,30,2,3130.2,86,3,3130.3,84,3
2031,2026-06-16 09:54:36+05:30,3129.7,15,3139.47,647646,106526.0,189623.0,3163.0,3163.0,3126.3,3134.3,31789400,3447.7,2820.9,3839.9,2896.0,3129.7,10,2,3129.6,1,1,3129.5,2,1,3129.4,42,2,3129.1,101,2,3129.9,126,6,3130.0,934,11,3130.1,63,2,3130.2,41,2,3130.3,19,1
2031,2026-06-16 09:54:37+05:30,3129.7,12,3139.47,647646,106526.0,189623.0,3163.0,3163.0,3126.3,3134.3,31789400,3447.7,2820.9,3839.9,2896.0,3129.7,10,2,3129.6,1,1,3129.5,2,1,3129.4,42,2,3129.1,101,2,3129.9,126,6,3130.0,934,11,3130.1,63,2,3130.2,41,2,3130.3,19,1
2031,2026-06-16 09:54:37+05:30,3129.9,1,3139.47,647699,106633.0,189280.0,3163.0,3163.0,3126.3,3134.3,31789400,3447.7,2820.9,3839.9,2896.0,3129.7,13,2,3129.6,1,1,3129.5,2,1,3129.4,42,2,3129.1,101,2,3129.9,158,7,3130.0,965,13,3130.1,18,1,3130.2,83,3,3130.4,72,2
2031,2026-06-16 09:54:38+05:30,3129.9,1,3139.47,647699,106633.0,189280.0,3163.0,3163.0,3126.3,3134.3,31789400,3447.7,2820.9,3839.9,2896.0,3129.7,13,2,3129.6,1,1,3129.5,2,1,3129.4,42,2,3129.1,101,2,3129.9,158,7,3130.0,965,13,3130.1,18,1,3130.2,83,3,3130.4,72,2
2031,2026-06-16 09:54:39+05:30,3129.7,6,3139.47,647747,106623.0,189356.0,3163.0,3163.0,3126.3,3134.3,31789400,3447.7,2820.9,3839.9,2896.0,3129.7,30,3,3129.6,1,1,3129.5,2,1,3129.4,42,2,3129.1,101,2,3129.8,1,1,3129.9,158,7,3130.0,945,11,3130.1,18,1,3130.2,155,5
2031,2026-06-16 09:54:39+05:30,3129.7,6,3139.47,647747,106623.0,189356.0,3163.0,3163.0,3126.3,3134.3,31789400,3447.7,2820.9,3839.9,2896.0,3129.7,30,3,3129.6,1,1,3129.5,2,1,3129.4,42,2,3129.1,101,2,3129.8,1,1,3129.9,158,7,3130.0,945,11,3130.1,18,1,3130.2,155,5
2031,2026-06-16 09:54:40+05:30,3129.7,6,3139.47,647747,106629.0,189354.0,3163.0,3163.0,3126.3,3134.3,31789400,3447.7,2820.9,3839.9,2896.0,3129.7,30,3,3129.6,1,1,3129.5,17,2,3129.4,42,2,3129.1,101,2,3129.8,1,1,3129.9,158,7,3130.0,945,11,3130.1,18,1,3130.2,135,4
2031,2026-06-16 09:54:41+05:30,3129.7,6,3139.47,647747,106824.0,189203.0,3163.0,3163.0,3126.3,3134.3,31789400,3447.7,2820.9,3839.9,2896.0,3129.7,31,4,3129.6,1,1,3129.5,17,2,3129.4,42,2,3129.1,101,2,3129.8,1,1,3129.9,113,6,3130.0,944,11,3130.1,18,1,3130.2,19,1
2031,2026-06-16 09:54:42+05:30,3129.8,1,3139.47,647747,106824.0,189203.0,3163.0,3163.0,3126.3,3134.3,31789400,3447.7,2820.9,3839.9,2896.0,3129.7,31,4,3129.6,1,1,3129.5,17,2,3129.4,42,2,3129.1,101,2,3129.8,1,1,3129.9,113,6,3130.0,944,11,3130.1,18,1,3130.2,19,1
2031,2026-06-16 09:54:42+05:30,3129.8,1,3139.47,647748,106933.0,189279.0,3163.0,3163.0,3126.3,3134.3,31789400,3447.7,2820.9,3839.9,2896.0,3129.7,32,5,3129.6,1,1,3129.5,17,2,3129.4,42,2,3129.1,101,2,3129.8,28,3,3129.9,62,3,3130.0,889,10,3130.1,18,1,3130.4,44,1
2031,2026-06-16 09:54:43+05:30,3129.8,15,3139.47,647748,106933.0,189279.0,3163.0,3163.0,3126.3,3134.3,31789400,3447.7,2820.9,3839.9,2896.0,3129.7,32,5,3129.6,1,1,3129.5,17,2,3129.4,42,2,3129.1,101,2,3129.8,28,3,3129.9,62,3,3130.0,889,10,3130.1,18,1,3130.4,44,1
2031,2026-06-16 09:54:43+05:30,3129.8,15,3139.47,647765,106981.0,188679.0,3163.0,3163.0,3126.3,3134.3,31789400,3447.7,2820.9,3839.9,2896.0,3129.7,32,5,3129.6,1,1,3129.5,17,2,3129.4,42,2,3129.1,101,2,3129.8,15,3,3129.9,62,3,3130.0,889,10,3130.1,18,1,3130.4,44,1
2031,2026-06-16 09:54:44+05:30,3129.7,7,3139.47,647765,106981.0,188679.0,3163.0,3163.0,3126.3,3134.3,31789400,3447.7,2820.9,3839.9,2896.0,3129.7,32,5,3129.6,1,1,3129.5,17,2,3129.4,42,2,3129.1,101,2,3129.8,15,3,3129.9,62,3,3130.0,889,10,3130.1,18,1,3130.4,44,1
2031,2026-06-16 09:54:44+05:30,3129.7,7,3139.46,647880,107090.0,188732.0,3163.0,3163.0,3126.3,3134.3,31789400,3447.7,2820.9,3839.9,2896.0,3129.7,30,5,3129.6,1,1,3129.5,17,2,3129.4,42,2,3129.1,101,2,3129.8,29,4,3129.9,62,3,3130.0,889,10,3130.1,18,1,3130.4,113,3
2031,2026-06-16 09:54:45+05:30,3129.7,8,3139.46,647880,107090.0,188732.0,3163.0,3163.0,3126.3,3134.3,31789400,3447.7,2820.9,3839.9,2896.0,3129.7,30,5,3129.6,1,1,3129.5,17,2,3129.4,42,2,3129.1,101,2,3129.8,29,4,3129.9,62,3,3130.0,889,10,3130.1,18,1,3130.4,113,3
2031,2026-06-16 09:54:45+05:30,3129.7,8,3139.46,647904,107042.0,189519.0,3163.0,3163.0,3126.3,3134.3,31789400,3447.7,2820.9,3839.9,2896.0,3129.7,34,6,3129.6,1,1,3129.5,17,2,3129.4,42,2,3129.1,165,4,3129.8,29,4,3129.9,62,3,3130.0,889,10,3130.1,18,1,3130.4,2,1
2031,2026-06-16 09:54:46+05:30,3129.8,6,3139.46,647904,107042.0,189519.0,3163.0,3163.0,3126.3,3134.3,31789400,3447.7,2820.9,3839.9,2896.0,3129.7,34,6,3129.6,1,1,3129.5,17,2,3129.4,42,2,3129.1,165,4,3129.8,29,4,3129.9,62,3,3130.0,889,10,3130.1,18,1,3130.4,2,1
2031,2026-06-16 09:54:46+05:30,3129.8,6,3139.46,647925,106981.0,189484.0,3163.0,3163.0,3126.3,3134.3,31789400,3447.7,2820.9,3839.9,2896.0,3129.7,39,7,3129.6,1,1,3129.5,17,2,3129.4,64,3,3129.2,22,1,3129.8,23,3,3129.9,62,3,3130.0,889,10,3130.1,18,1,3130.5,298,4
2031,2026-06-16 09:54:47+05:30,3129.8,1,3139.46,647925,106981.0,189484.0,3163.0,3163.0,3126.3,3134.3,31789400,3447.7,2820.9,3839.9,2896.0,3129.7,39,7,3129.6,1,1,3129.5,17,2,3129.4,64,3,3129.2,22,1,3129.8,23,3,3129.9,62,3,3130.0,889,10,3130.1,18,1,3130.5,298,4
2031,2026-06-16 09:54:47+05:30,3129.8,1,3139.46,647926,106985.0,188948.0,3163.0,3163.0,3126.3,3134.3,31789400,3447.7,2820.9,3839.9,2896.0,3129.7,79,9,3129.6,1,1,3129.5,39,3,3129.4,42,2,3129.2,22,1,3129.8,42,5,3129.9,62,3,3130.0,889,10,3130.1,18,1,3130.5,298,4
2031,2026-06-16 09:54:48+05:30,3129.9,1,3139.46,647926,106985.0,188948.0,3163.0,3163.0,3126.3,3134.3,31789400,3447.7,2820.9,3839.9,2896.0,3129.7,79,9,3129.6,1,1,3129.5,39,3,3129.4,42,2,3129.2,22,1,3129.8,42,5,3129.9,62,3,3130.0,889,10,3130.1,18,1,3130.5,298,4
2031,2026-06-16 09:54:48+05:30,3129.9,1,3139.46,648025,107263.0,189211.0,3163.0,3163.0,3126.3,3134.3,31789400,3447.7,2820.9,3839.9,2896.0,3129.7,55,8,3129.6,23,2,3129.5,17,2,3129.4,64,3,3129.2,41,2,3129.9,60,3,3130.0,889,10,3130.1,18,1,3130.5,30,2,3130.6,21,1
2031,2026-06-16 09:54:49+05:30,3129.9,1,3139.46,648025,107085.0,187226.0,3163.0,3163.0,3126.3,3134.3,31789400,3447.7,2820.9,3839.9,2896.0,3129.7,80,9,3129.6,23,2,3129.5,17,2,3129.4,64,3,3129.2,22,1,3129.9,60,3,3130.0,889,10,3130.1,18,1,3130.5,30,2,3130.6,105,2
2031,2026-06-16 09:54:50+05:30,3129.9,6,3139.46,648025,107085.0,187226.0,3163.0,3163.0,3126.3,3134.3,31789400,3447.7,2820.9,3839.9,2896.0,3129.7,80,9,3129.6,23,2,3129.5,17,2,3129.4,64,3,3129.2,22,1,3129.9,60,3,3130.0,889,10,3130.1,18,1,3130.5,30,2,3130.6,105,2
2031,2026-06-16 09:54:50+05:30,3129.9,6,3139.46,648036,107204.0,189364.0,3163.0,3163.0,3126.3,3134.3,31789400,3447.7,2820.9,3839.9,2896.0,3129.7,78,9,3129.6,1,1,3129.5,18,3,3129.4,44,3,3129.3,2,1,3129.9,50,3,3130.0,889,10,3130.1,18,1,3130.3,46,1,3130.4,71,2
2031,2026-06-16 09:54:51+05:30,3129.9,6,3139.46,648036,107204.0,189243.0,3163.0,3163.0,3126.3,3134.3,31789400,3447.7,2820.9,3839.9,2896.0,3129.7,86,10,3129.6,1,1,3129.5,18,3,3129.4,44,3,3129.3,2,1,3129.9,19,2,3130.0,889,10,3130.1,18,1,3130.3,18,1,3130.4,27,1
2031,2026-06-16 09:54:52+05:30,3129.9,6,3139.46,648036,107220.0,188813.0,3163.0,3163.0,3126.3,3134.3,31789400,3447.7,2820.9,3839.9,2896.0,3129.8,10,1,3129.7,86,10,3129.6,1,1,3129.5,40,4,3129.4,44,3,3129.9,19,2,3130.0,889,10,3130.1,18,1,3130.3,18,1,3130.5,298,4
2031,2026-06-16 09:54:53+05:30,3130.0,1,3139.46,648036,107220.0,188813.0,3163.0,3163.0,3126.3,3134.3,31789400,3447.7,2820.9,3839.9,2896.0,3129.8,10,1,3129.7,86,10,3129.6,1,1,3129.5,40,4,3129.4,44,3,3129.9,19,2,3130.0,889,10,3130.1,18,1,3130.3,18,1,3130.5,298,4
2031,2026-06-16 09:54:53+05:30,3130.0,1,3139.46,648070,107301.0,189348.0,3163.0,3163.0,3126.3,3134.3,31789400,3447.7,2820.9,3839.9,2896.0,3129.8,13,2,3129.7,87,10,3129.6,1,1,3129.5,18,3,3129.4,66,4,3130.0,887,10,3130.1,18,1,3130.3,18,1,3130.4,23,1,3130.5,30,2
2031,2026-06-16 09:54:54+05:30,3129.7,27,3139.46,648070,107301.0,189348.0,3163.0,3163.0,3126.3,3134.3,31789400,3447.7,2820.9,3839.9,2896.0,3129.8,13,2,3129.7,87,10,3129.6,1,1,3129.5,18,3,3129.4,66,4,3130.0,887,10,3130.1,18,1,3130.3,18,1,3130.4,23,1,3130.5,30,2
2031,2026-06-16 09:54:54+05:30,3129.7,27,3139.46,648140,107087.0,189480.0,3163.0,3163.0,3126.3,3134.3,31789400,3447.7,2820.9,3839.9,2896.0,3129.7,65,9,3129.6,1,1,3129.5,18,3,3129.4,44,3,3129.3,2,1,3130.0,939,12,3130.1,33,2,3130.3,18,1,3130.4,23,1,3130.5,370,5
2031,2026-06-16 09:54:55+05:30,3129.7,2,3139.46,648140,107087.0,189480.0,3163.0,3163.0,3126.3,3134.3,31789400,3447.7,2820.9,3839.9,2896.0,3129.7,65,9,3129.6,1,1,3129.5,18,3,3129.4,44,3,3129.3,2,1,3130.0,939,12,3130.1,33,2,3130.3,18,1,3130.4,23,1,3130.5,370,5
2031,2026-06-16 09:54:55+05:30,3130.0,8,3139.46,648414,107178.0,188911.0,3163.0,3163.0,3126.3,3134.3,31789400,3447.7,2820.9,3839.9,2896.0,3129.7,36,7,3129.6,1,1,3129.5,18,3,3129.4,44,3,3129.3,24,2,3130.0,904,9,3130.1,18,1,3130.3,18,1,3130.4,23,1,3130.5,182,4
2031,2026-06-16 09:54:56+05:30,3129.7,1,3139.46,648414,107178.0,188911.0,3163.0,3163.0,3126.3,3134.3,31789400,3447.7,2820.9,3839.9,2896.0,3129.7,36,7,3129.6,1,1,3129.5,18,3,3129.4,44,3,3129.3,24,2,3130.0,904,9,3130.1,18,1,3130.3,18,1,3130.4,23,1,3130.5,182,4
2031,2026-06-16 09:54:56+05:30,3130.0,17,3139.46,648432,107131.0,188825.0,3163.0,3163.0,3126.3,3134.3,31789400,3447.7,2820.9,3839.9,2896.0,3129.7,35,7,3129.6,1,1,3129.5,18,3,3129.4,44,3,3129.3,2,1,3129.8,10,1,3130.0,976,10,3130.1,33,2,3130.3,18,1,3130.4,23,1
2031,2026-06-16 09:54:57+05:30,3130.0,17,3139.46,648432,107131.0,188825.0,3163.0,3163.0,3126.3,3134.3,31789400,3447.7,2820.9,3839.9,2896.0,3129.7,35,7,3129.6,1,1,3129.5,18,3,3129.4,44,3,3129.3,2,1,3129.8,10,1,3130.0,976,10,3130.1,33,2,3130.3,18,1,3130.4,23,1
2031,2026-06-16 09:54:57+05:30,3130.0,17,3139.46,648432,107157.0,189287.0,3163.0,3163.0,3126.3,3134.3,31789400,3447.7,2820.9,3839.9,2896.0,3129.7,35,7,3129.6,1,1,3129.5,18,3,3129.4,44,3,3129.3,2,1,3129.8,510,2,3129.9,8,1,3130.0,1018,12,3130.1,33,2,3130.3,124,3
2031,2026-06-16 09:54:58+05:30,3129.8,10,3139.46,648452,106981.0,189910.0,3163.0,3163.0,3126.3,3134.3,31789400,3447.7,2820.9,3839.9,2896.0,3129.7,42,8,3129.6,1,1,3129.5,18,3,3129.4,44,3,3129.3,2,1,3129.8,502,2,3129.9,8,1,3130.0,1006,11,3130.1,33,2,3130.3,124,3
2031,2026-06-16 09:54:59+05:30,3129.8,1,3139.46,648452,106981.0,189910.0,3163.0,3163.0,3126.3,3134.3,31789400,3447.7,2820.9,3839.9,2896.0,3129.7,42,8,3129.6,1,1,3129.5,18,3,3129.4,44,3,3129.3,2,1,3129.8,502,2,3129.9,8,1,3130.0,1006,11,3130.1,33,2,3130.3,124,3
2031,2026-06-16 09:54:59+05:30,3129.8,247,3139.45,648700,107005.0,187407.0,3163.0,3163.0,3126.3,3134.3,31789400,3447.7,2820.9,3839.9,2896.0,3129.7,42,8,3129.6,1,1,3129.5,18,3,3129.4,44,3,3129.3,2,1,3129.8,302,3,3130.0,1006,11,3130.1,33,2,3130.2,63,2,3130.4,86,3
2031,2026-06-16 09:55:00+05:30,3129.8,18,3139.45,648700,107005.0,187407.0,3163.0,3163.0,3126.3,3134.3,31789400,3447.7,2820.9,3839.9,2896.0,3129.7,42,8,3129.6,1,1,3129.5,18,3,3129.4,44,3,3129.3,2,1,3129.8,302,3,3130.0,1006,11,3130.1,33,2,3130.2,63,2,3130.4,86,3
2031,2026-06-16 09:55:00+05:30,3129.8,18,3139.45,648766,106964.0,189908.0,3163.0,3163.0,3126.3,3134.3,31789400,3447.7,2820.9,3839.9,2896.0,3129.7,31,7,3129.6,1,1,3129.5,18,3,3129.4,44,3,3129.3,2,1,3129.8,285,4,3130.0,1006,11,3130.1,33,2,3130.2,71,3,3130.3,44,1
2031,2026-06-16 09:55:01+05:30,3129.8,10,3139.45,648766,106964.0,189908.0,3163.0,3163.0,3126.3,3134.3,31789400,3447.7,2820.9,3839.9,2896.0,3129.7,31,7,3129.6,1,1,3129.5,18,3,3129.4,44,3,3129.3,2,1,3129.8,285,4,3130.0,1006,11,3130.1,33,2,3130.2,71,3,3130.3,44,1
2031,2026-06-16 09:55:01+05:30,3129.8,1,3139.45,648981,106740.0,189939.0,3163.0,3163.0,3126.3,3134.3,31789400,3447.7,2820.9,3839.9,2896.0,3129.7,36,1,3129.5,9,2,3129.4,44,3,3129.3,2,1,3129.2,2,1,3129.8,270,4,3130.0,1006,11,3130.1,33,2,3130.2,17,1,3130.3,44,1
2031,2026-06-16 09:55:02+05:30,3129.7,1,3139.45,648981,106740.0,189939.0,3163.0,3163.0,3126.3,3134.3,31789400,3447.7,2820.9,3839.9,2896.0,3129.7,36,1,3129.5,9,2,3129.4,44,3,3129.3,2,1,3129.2,2,1,3129.8,270,4,3130.0,1006,11,3130.1,33,2,3130.2,17,1,3130.3,44,1
2031,2026-06-16 09:55:02+05:30,3129.7,1,3139.45,649033,106866.0,189609.0,3163.0,3163.0,3126.3,3134.3,31789400,3447.7,2820.9,3839.9,2896.0,3129.7,3,1,3129.5,14,1,3129.4,44,3,3129.3,2,1,3129.2,2,1,3129.8,295,5,3130.0,1006,11,3130.1,33,2,3130.2,69,3,3130.4,152,4
2031,2026-06-16 09:55:03+05:30,3129.7,1,3139.45,649033,106846.0,189930.0,3163.0,3163.0,3126.3,3134.3,31789400,3447.7,2820.9,3839.9,2896.0,3129.7,3,1,3129.5,24,2,3129.4,44,3,3129.3,2,1,3129.2,2,1,3129.8,295,5,3129.9,8,1,3130.0,1006,11,3130.1,33,2,3130.2,80,3
2031,2026-06-16 09:55:04+05:30,3129.8,1,3139.45,649033,106846.0,189930.0,3163.0,3163.0,3126.3,3134.3,31789400,3447.7,2820.9,3839.9,2896.0,3129.7,3,1,3129.5,24,2,3129.4,44,3,3129.3,2,1,3129.2,2,1,3129.8,295,5,3129.9,8,1,3130.0,1006,11,3130.1,33,2,3130.2,80,3
2031,2026-06-16 09:55:04+05:30,3129.8,1,3139.45,649080,107224.0,190255.0,3163.0,3163.0,3126.3,3134.3,31789400,3447.7,2820.9,3839.9,2896.0,3129.7,15,3,3129.5,24,2,3129.4,44,3,3129.3,2,1,3129.2,2,1,3129.8,294,5,3130.0,1017,12,3130.1,18,1,3130.2,36,2,3130.3,44,1
2031,2026-06-16 09:55:05+05:30,3129.7,8,3139.45,649088,107107.0,190161.0,3163.0,3163.0,3126.3,3134.3,31789400,3447.7,2820.9,3839.9,2896.0,3129.7,8,4,3129.5,24,2,3129.4,44,3,3129.3,2,1,3129.2,43,3,3129.8,294,5,3130.0,1006,11,3130.1,18,1,3130.2,17,1,3130.4,66,1
2031,2026-06-16 09:55:06+05:30,3129.7,8,3139.45,649088,107107.0,190161.0,3163.0,3163.0,3126.3,3134.3,31789400,3447.7,2820.9,3839.9,2896.0,3129.7,8,4,3129.5,24,2,3129.4,44,3,3129.3,2,1,3129.2,43,3,3129.8,294,5,3130.0,1006,11,3130.1,18,1,3130.2,17,1,3130.4,66,1
2031,2026-06-16 09:55:06+05:30,3129.7,8,3139.45,649088,107044.0,190283.0,3163.0,3163.0,3126.3,3134.3,31789400,3447.7,2820.9,3839.9,2896.0,3129.7,8,4,3129.5,46,3,3129.4,44,3,3129.3,2,1,3129.2,24,2,3129.8,308,6,3130.0,917,10,3130.1,18,1,3130.2,17,1,3130.4,66,1
2031,2026-06-16 09:55:07+05:30,3129.7,18,3139.45,649088,107044.0,190283.0,3163.0,3163.0,3126.3,3134.3,31789400,3447.7,2820.9,3839.9,2896.0,3129.7,8,4,3129.5,46,3,3129.4,44,3,3129.3,2,1,3129.2,24,2,3129.8,308,6,3130.0,917,10,3130.1,18,1,3130.2,17,1,3130.4,66,1
2031,2026-06-16 09:55:07+05:30,3129.7,18,3139.44,649243,107814.0,190259.0,3163.0,3163.0,3126.3,3134.3,31789400,3447.7,2820.9,3839.9,2896.0,3129.7,25,4,3129.5,24,2,3129.4,44,3,3129.3,24,2,3129.2,2,1,3129.8,313,7,3130.0,917,10,3130.1,18,1,3130.2,63,2,3130.4,66,1
2031,2026-06-16 09:55:08+05:30,3129.7,31,3139.44,649243,107814.0,190259.0,3163.0,3163.0,3126.3,3134.3,31789400,3447.7,2820.9,3839.9,2896.0,3129.7,25,4,3129.5,24,2,3129.4,44,3,3129.3,24,2,3129.2,2,1,3129.8,313,7,3130.0,917,10,3130.1,18,1,3130.2,63,2,3130.4,66,1
2031,2026-06-16 09:55:08+05:30,3129.7,31,3139.44,649404,106707.0,190522.0,3163.0,3163.0,3126.3,3134.3,31789400,3447.7,2820.9,3839.9,2896.0,3129.7,32,3,3129.5,24,2,3129.4,44,3,3129.3,2,1,3129.2,2,1,3129.8,357,10,3129.9,8,1,3130.0,980,12,3130.1,33,2,3130.2,126,4
2031,2026-06-16 09:55:09+05:30,3129.5,1,3139.44,649404,106707.0,190522.0,3163.0,3163.0,3126.3,3134.3,31789400,3447.7,2820.9,3839.9,2896.0,3129.7,32,3,3129.5,24,2,3129.4,44,3,3129.3,2,1,3129.2,2,1,3129.8,357,10,3129.9,8,1,3130.0,980,12,3130.1,33,2,3130.2,126,4
2031,2026-06-16 09:55:09+05:30,3129.5,1,3139.44,649822,107270.0,190516.0,3163.0,3163.0,3126.3,3134.3,31789400,3447.7,2820.9,3839.9,2896.0,3129.7,20,1,3129.4,44,3,3129.3,2,1,3129.2,2,1,3129.1,135,3,3129.8,312,7,3129.9,44,1,3130.0,917,10,3130.1,33,2,3130.2,63,2
2031,2026-06-16 09:55:10+05:30,3129.7,31,3139.44,649822,107270.0,190516.0,3163.0,3163.0,3126.3,3134.3,31789400,3447.7,2820.9,3839.9,2896.0,3129.7,20,1,3129.4,44,3,3129.3,2,1,3129.2,2,1,3129.1,135,3,3129.8,312,7,3129.9,44,1,3130.0,917,10,3130.1,33,2,3130.2,63,2
2031,2026-06-16 09:55:10+05:30,3129.7,31,3139.43,649892,107256.0,190042.0,3163.0,3163.0,3126.3,3134.3,31789400,3447.7,2820.9,3839.9,2896.0,3129.7,10,1,3129.4,53,4,3129.3,2,1,3129.2,2,1,3129.1,135,3,3129.8,347,8,3129.9,70,3,3130.0,936,11,3130.1,33,2,3130.2,63,2
2031,2026-06-16 09:55:11+05:30,3129.7,31,3139.43,649892,107263.0,190719.0,3163.0,3163.0,3126.3,3134.3,31789400,3447.7,2820.9,3839.9,2896.0,3129.7,12,2,3129.4,53,4,3129.3,2,1,3129.2,2,1,3129.1,135,3,3129.8,347,8,3129.9,70,3,3130.0,936,11,3130.1,33,2,3130.2,63,2
2031,2026-06-16 09:55:12+05:30,3129.8,15,3139.43,649892,107263.0,190719.0,3163.0,3163.0,3126.3,3134.3,31789400,3447.7,2820.9,3839.9,2896.0,3129.7,12,2,3129.4,53,4,3129.3,2,1,3129.2,2,1,3129.1,135,3,3129.8,347,8,3129.9,70,3,3130.0,936,11,3130.1,33,2,3130.2,63,2
2031,2026-06-16 09:55:12+05:30,3129.8,85,3139.43,650006,107262.0,190663.0,3163.0,3163.0,3126.3,3134.3,31789400,3447.7,2820.9,3839.9,2896.0,3129.7,29,3,3129.4,53,4,3129.3,2,1,3129.2,2,1,3129.1,135,3,3129.8,260,9,3129.9,18,1,3130.0,936,11,3130.1,77,3,3130.2,19,1
2031,2026-06-16 09:55:13+05:30,3129.7,3,3139.43,650006,107262.0,190663.0,3163.0,3163.0,3126.3,3134.3,31789400,3447.7,2820.9,3839.9,2896.0,3129.7,29,3,3129.4,53,4,3129.3,2,1,3129.2,2,1,3129.1,135,3,3129.8,260,9,3129.9,18,1,3130.0,936,11,3130.1,77,3,3130.2,19,1
2031,2026-06-16 09:55:13+05:30,3129.7,3,3139.43,650175,107125.0,189552.0,3163.0,3163.0,3126.3,3134.3,31789400,3447.7,2820.9,3839.9,2896.0,3129.7,2,1,3129.4,53,4,3129.3,2,1,3129.2,2,1,3129.1,135,3,3129.8,279,10,3129.9,62,2,3130.0,947,12,3130.1,18,1,3130.2,82,3
2031,2026-06-16 09:55:14+05:30,3129.4,39,3139.43,650175,107125.0,189552.0,3163.0,3163.0,3126.3,3134.3,31789400,3447.7,2820.9,3839.9,2896.0,3129.7,2,1,3129.4,53,4,3129.3,2,1,3129.2,2,1,3129.1,135,3,3129.8,279,10,3129.9,62,2,3130.0,947,12,3130.1,18,1,3130.2,82,3
2031,2026-06-16 09:55:14+05:30,3129.8,1,3139.43,650222,106699.0,190302.0,3163.0,3163.0,3126.3,3134.3,31789400,3447.7,2820.9,3839.9,2896.0,3129.7,50,1,3129.4,14,3,3129.3,28,2,3129.2,2,1,3129.1,135,3,3129.8,259,9,3129.9,62,2,3130.0,936,11,3130.1,18,1,3130.2,82,3
2031,2026-06-16 09:55:15+05:30,3129.7,32,3139.43,650222,106699.0,190302.0,3163.0,3163.0,3126.3,3134.3,31789400,3447.7,2820.9,3839.9,2896.0,3129.7,50,1,3129.4,14,3,3129.3,28,2,3129.2,2,1,3129.1,135,3,3129.8,259,9,3129.9,62,2,3130.0,936,11,3130.1,18,1,3130.2,82,3
2031,2026-06-16 09:55:15+05:30,3129.5,20,3139.43,650394,106638.0,190406.0,3163.0,3163.0,3126.3,3134.3,31789400,3447.7,2820.9,3839.9,2896.0,3129.4,5,2,3129.3,28,2,3129.2,2,1,3129.1,135,3,3129.0,53,5,3129.5,61,1,3129.8,258,9,3129.9,18,1,3130.0,917,10,3130.1,18,1
2031,2026-06-16 09:55:16+05:30,3129.5,20,3139.43,650394,106638.0,190406.0,3163.0,3163.0,3126.3,3134.3,31789400,3447.7,2820.9,3839.9,2896.0,3129.4,5,2,3129.3,28,2,3129.2,2,1,3129.1,135,3,3129.0,53,5,3129.5,61,1,3129.8,258,9,3129.9,18,1,3130.0,917,10,3130.1,18,1
2031,2026-06-16 09:55:16+05:30,3129.4,3,3139.43,650394,106638.0,190406.0,3163.0,3163.0,3126.3,3134.3,31789400,3447.7,2820.9,3839.9,2896.0,3129.4,5,2,3129.3,28,2,3129.2,2,1,3129.1,135,3,3129.0,53,5,3129.5,61,1,3129.8,258,9,3129.9,18,1,3130.0,917,10,3130.1,18,1
2031,2026-06-16 09:55:16+05:30,3129.4,3,3139.43,650412,106860.0,190572.0,3163.0,3163.0,3126.3,3134.3,31789400,3447.7,2820.9,3839.9,2896.0,3129.4,5,2,3129.3,28,2,3129.2,2,1,3129.1,135,3,3129.0,53,5,3129.5,115,4,3129.8,193,4,3129.9,18,1,3130.0,980,12,3130.2,63,2
2031,2026-06-16 09:55:17+05:30,3129.8,5,3139.43,650412,106860.0,190572.0,3163.0,3163.0,3126.3,3134.3,31789400,3447.7,2820.9,3839.9,2896.0,3129.4,5,2,3129.3,28,2,3129.2,2,1,3129.1,135,3,3129.0,53,5,3129.5,115,4,3129.8,193,4,3129.9,18,1,3130.0,980,12,3130.2,63,2
2031,2026-06-16 09:55:17+05:30,3129.8,5,3139.42,650553,107135.0,190183.0,3163.0,3163.0,3126.3,3134.3,31789400,3447.7,2820.9,3839.9,2896.0,3129.4,13,3,3129.3,2,1,3129.2,2,1,3129.1,135,3,3129.0,53,5,3129.8,188,4,3129.9,18,1,3130.0,917,10,3130.2,44,1,3130.3,66,1
2031,2026-06-16 09:55:17+05:30,3129.8,5,3139.42,650553,107135.0,190183.0,3163.0,3163.0,3126.3,3134.3,31789400,3447.7,2820.9,3839.9,2896.0,3129.4,13,3,3129.3,2,1,3129.2,2,1,3129.1,135,3,3129.0,53,5,3129.8,188,4,3129.9,18,1,3130.0,917,10,3130.2,44,1,3130.3,66,1
2031,2026-06-16 09:55:18+05:30,3129.8,5,3139.42,650553,106873.0,190196.0,3163.0,3163.0,3126.3,3134.3,31789400,3447.7,2820.9,3839.9,2896.0,3129.4,22,5,3129.3,2,1,3129.2,2,1,3129.1,135,3,3129.0,53,5,3129.8,188,4,3129.9,18,1,3130.0,917,10,3130.2,62,2,3130.3,66,1
2031,2026-06-16 09:55:19+05:30,3129.8,5,3139.42,650553,106873.0,190196.0,3163.0,3163.0,3126.3,3134.3,31789400,3447.7,2820.9,3839.9,2896.0,3129.4,22,5,3129.3,2,1,3129.2,2,1,3129.1,135,3,3129.0,53,5,3129.8,188,4,3129.9,18,1,3130.0,917,10,3130.2,62,2,3130.3,66,1
2031,2026-06-16 09:55:19+05:30,3129.8,5,3139.42,650553,107075.0,190622.0,3163.0,3163.0,3126.3,3134.3,31789400,3447.7,2820.9,3839.9,2896.0,3129.4,22,5,3129.3,2,1,3129.2,2,1,3129.1,135,3,3129.0,53,5,3129.8,188,4,3129.9,18,1,3130.0,980,12,3130.2,143,4,3130.3,66,1
2031,2026-06-16 09:55:20+05:30,3129.8,1,3139.42,650553,107075.0,190622.0,3163.0,3163.0,3126.3,3134.3,31789400,3447.7,2820.9,3839.9,2896.0,3129.4,22,5,3129.3,2,1,3129.2,2,1,3129.1,135,3,3129.0,53,5,3129.8,188,4,3129.9,18,1,3130.0,980,12,3130.2,143,4,3130.3,66,1
2031,2026-06-16 09:55:20+05:30,3129.8,1,3139.42,650655,106877.0,190649.0,3163.0,3163.0,3126.3,3134.3,31789400,3447.7,2820.9,3839.9,2896.0,3129.4,22,5,3129.3,2,1,3129.2,2,1,3129.1,135,3,3129.0,56,6,3129.8,86,3,3129.9,18,1,3130.0,980,12,3130.2,143,4,3130.4,261,6
2031,2026-06-16 09:55:20+05:30,3129.8,1,3139.42,650655,106877.0,190649.0,3163.0,3163.0,3126.3,3134.3,31789400,3447.7,2820.9,3839.9,2896.0,3129.4,22,5,3129.3,2,1,3129.2,2,1,3129.1,135,3,3129.0,56,6,3129.8,86,3,3129.9,18,1,3130.0,980,12,3130.2,143,4,3130.4,261,6
2031,2026-06-16 09:55:21+05:30,3129.4,2,3139.42,650655,106877.0,190649.0,3163.0,3163.0,3126.3,3134.3,31789400,3447.7,2820.9,3839.9,2896.0,3129.4,22,5,3129.3,2,1,3129.2,2,1,3129.1,135,3,3129.0,56,6,3129.8,86,3,3129.9,18,1,3130.0,980,12,3130.2,143,4,3130.4,261,6
2031,2026-06-16 09:55:21+05:30,3129.4,2,3139.42,650662,106907.0,190746.0,3163.0,3163.0,3126.3,3134.3,31789400,3447.7,2820.9,3839.9,2896.0,3129.4,20,5,3129.3,2,1,3129.2,2,1,3129.1,135,3,3129.0,56,6,3129.8,112,4,3129.9,18,1,3130.0,961,11,3130.2,143,4,3130.4,261,6
2031,2026-06-16 09:55:22+05:30,3129.4,2,3139.42,650662,106907.0,190746.0,3163.0,3163.0,3126.3,3134.3,31789400,3447.7,2820.9,3839.9,2896.0,3129.4,20,5,3129.3,2,1,3129.2,2,1,3129.1,135,3,3129.0,56,6,3129.8,112,4,3129.9,18,1,3130.0,961,11,3130.2,143,4,3130.4,261,6
2031,2026-06-16 09:55:22+05:30,3129.8,7,3139.42,650669,106813.0,190336.0,3163.0,3163.0,3126.3,3134.3,31789400,3447.7,2820.9,3839.9,2896.0,3129.4,21,6,3129.3,27,2,3129.2,2,1,3129.1,157,4,3129.0,56,6,3129.8,105,4,3129.9,18,1,3130.0,917,10,3130.2,18,1,3130.4,212,5
2031,2026-06-16 09:55:23+05:30,3129.4,1,3139.42,650669,106813.0,190336.0,3163.0,3163.0,3126.3,3134.3,31789400,3447.7,2820.9,3839.9,2896.0,3129.4,21,6,3129.3,27,2,3129.2,2,1,3129.1,157,4,3129.0,56,6,3129.8,105,4,3129.9,18,1,3130.0,917,10,3130.2,18,1,3130.4,212,5
2031,2026-06-16 09:55:23+05:30,3129.4,1,3139.42,650735,107095.0,190259.0,3163.0,3163.0,3126.3,3134.3,31789400,3447.7,2820.9,3839.9,2896.0,3129.5,25,1,3129.4,16,3,3129.3,2,1,3129.2,2,1,3129.1,135,3,3129.8,105,4,3129.9,18,1,3130.0,877,9,3130.2,62,2,3130.4,212,5
2031,2026-06-16 09:55:24+05:30,3129.4,1,3139.42,650735,107095.0,190259.0,3163.0,3163.0,3126.3,3134.3,31789400,3447.7,2820.9,3839.9,2896.0,3129.5,25,1,3129.4,16,3,3129.3,2,1,3129.2,2,1,3129.1,135,3,3129.8,105,4,3129.9,18,1,3130.0,877,9,3130.2,62,2,3130.4,212,5
2031,2026-06-16 09:55:24+05:30,3129.8,1,3139.42,650735,107095.0,190259.0,3163.0,3163.0,3126.3,3134.3,31789400,3447.7,2820.9,3839.9,2896.0,3129.5,25,1,3129.4,16,3,3129.3,2,1,3129.2,2,1,3129.1,135,3,3129.8,105,4,3129.9,18,1,3130.0,877,9,3130.2,62,2,3130.4,212,5
2031,2026-06-16 09:55:24+05:30,3129.8,3,3139.42,650739,107125.0,190246.0,3163.0,3163.0,3126.3,3134.3,31789400,3447.7,2820.9,3839.9,2896.0,3129.5,25,1,3129.4,16,3,3129.3,2,1,3129.2,36,2,3129.1,135,3,3129.8,101,4,3129.9,18,1,3130.0,877,9,3130.2,18,1,3130.4,212,5
2031,2026-06-16 09:55:25+05:30,3129.8,1,3139.42,650739,107125.0,190246.0,3163.0,3163.0,3126.3,3134.3,31789400,3447.7,2820.9,3839.9,2896.0,3129.5,25,1,3129.4,16,3,3129.3,2,1,3129.2,36,2,3129.1,135,3,3129.8,101,4,3129.9,18,1,3130.0,877,9,3130.2,18,1,3130.4,212,5
2031,2026-06-16 09:55:25+05:30,3129.8,1,3139.42,650739,107125.0,190246.0,3163.0,3163.0,3126.3,3134.3,31789400,3447.7,2820.9,3839.9,2896.0,3129.5,25,1,3129.4,16,3,3129.3,2,1,3129.2,36,2,3129.1,135,3,3129.8,101,4,3129.9,18,1,3130.0,877,9,3130.2,18,1,3130.4,212,5
2031,2026-06-16 09:55:26+05:30,3129.8,26,3139.42,650840,107426.0,189700.0,3163.0,3163.0,3126.3,3134.3,31789400,3447.7,2820.9,3839.9,2896.0,3129.5,30,3,3129.4,5,1,3129.3,2,1,3129.2,2,1,3129.1,135,3,3129.9,18,1,3130.0,877,9,3130.2,18,1,3130.4,62,1,3130.5,114,3
2031,2026-06-16 09:55:26+05:30,3129.8,26,3139.42,650840,107426.0,189700.0,3163.0,3163.0,3126.3,3134.3,31789400,3447.7,2820.9,3839.9,2896.0,3129.5,30,3,3129.4,5,1,3129.3,2,1,3129.2,2,1,3129.1,135,3,3129.9,18,1,3130.0,877,9,3130.2,18,1,3130.4,62,1,3130.5,114,3
2031,2026-06-16 09:55:26+05:30,3129.8,26,3139.42,650840,107426.0,189700.0,3163.0,3163.0,3126.3,3134.3,31789400,3447.7,2820.9,3839.9,2896.0,3129.5,30,3,3129.4,5,1,3129.3,2,1,3129.2,2,1,3129.1,135,3,3129.9,18,1,3130.0,877,9,3130.2,18,1,3130.4,62,1,3130.5,114,3
2031,2026-06-16 09:55:26+05:30,3129.8,26,3139.42,650840,107426.0,189700.0,3163.0,3163.0,3126.3,3134.3,31789400,3447.7,2820.9,3839.9,2896.0,3129.5,30,3,3129.4,5,1,3129.3,2,1,3129.2,2,1,3129.1,135,3,3129.9,18,1,3130.0,877,9,3130.2,18,1,3130.4,62,1,3130.5,114,3
2031,2026-06-16 09:55:27+05:30,3129.8,26,3139.42,650840,107426.0,189700.0,3163.0,3163.0,3126.3,3134.3,31789400,3447.7,2820.9,3839.9,2896.0,3129.5,30,3,3129.4,5,1,3129.3,2,1,3129.2,2,1,3129.1,135,3,3129.9,18,1,3130.0,877,9,3130.2,18,1,3130.4,62,1,3130.5,114,3
2031,2026-06-16 09:55:27+05:30,3129.9,3,3139.42,650843,107216.0,190085.0,3163.0,3163.0,3126.3,3134.3,31789400,3447.7,2820.9,3839.9,2896.0,3129.5,30,3,3129.4,5,1,3129.3,2,1,3129.2,2,1,3129.1,135,3,3129.9,15,1,3130.0,1125,13,3130.2,108,4,3130.4,178,5,3130.5,114,3
2031,2026-06-16 09:55:27+05:30,3129.5,13,3139.42,650843,107216.0,190085.0,3163.0,3163.0,3126.3,3134.3,31789400,3447.7,2820.9,3839.9,2896.0,3129.5,30,3,3129.4,5,1,3129.3,2,1,3129.2,2,1,3129.1,135,3,3129.9,15,1,3130.0,1125,13,3130.2,108,4,3130.4,178,5,3130.5,114,3
2031,2026-06-16 09:55:27+05:30,3129.5,13,3139.42,650843,107216.0,190085.0,3163.0,3163.0,3126.3,3134.3,31789400,3447.7,2820.9,3839.9,2896.0,3129.5,30,3,3129.4,5,1,3129.3,2,1,3129.2,2,1,3129.1,135,3,3129.9,15,1,3130.0,1125,13,3130.2,108,4,3130.4,178,5,3130.5,114,3
2031,2026-06-16 09:55:28+05:30,3129.8,1,3139.42,650894,107281.0,190084.0,3163.0,3163.0,3126.3,3134.3,31789400,3447.7,2820.9,3839.9,2896.0,3129.5,17,3,3129.4,5,1,3129.3,2,1,3129.2,5,2,3129.1,135,3,3129.8,4,1,3129.9,52,4,3130.0,1062,11,3130.2,195,6,3130.4,200,5
2031,2026-06-16 09:55:28+05:30,3129.8,1,3139.42,650894,107281.0,190084.0,3163.0,3163.0,3126.3,3134.3,31789400,3447.7,2820.9,3839.9,2896.0,3129.5,17,3,3129.4,5,1,3129.3,2,1,3129.2,5,2,3129.1,135,3,3129.8,4,1,3129.9,52,4,3130.0,1062,11,3130.2,195,6,3130.4,200,5
2031,2026-06-16 09:55:28+05:30,3129.8,1,3139.42,650894,107281.0,190084.0,3163.0,3163.0,3126.3,3134.3,31789400,3447.7,2820.9,3839.9,2896.0,3129.5,17,3,3129.4,5,1,3129.3,2,1,3129.2,5,2,3129.1,135,3,3129.8,4,1,3129.9,52,4,3130.0,1062,11,3130.2,195,6,3130.4,200,5
2031,2026-06-16 09:55:29+05:30,3129.5,23,3139.42,650894,107281.0,190084.0,3163.0,3163.0,3126.3,3134.3,31789400,3447.7,2820.9,3839.9,2896.0,3129.5,17,3,3129.4,5,1,3129.3,2,1,3129.2,5,2,3129.1,135,3,3129.8,4,1,3129.9,52,4,3130.0,1062,11,3130.2,195,6,3130.4,200,5
2031,2026-06-16 09:55:29+05:30,3129.5,23,3139.42,651059,107370.0,190457.0,3163.0,3163.0,3126.3,3134.3,31789400,3447.7,2820.9,3839.9,2896.0,3129.5,31,4,3129.4,5,1,3129.3,2,1,3129.2,5,2,3129.1,135,3,3129.8,1,1,3129.9,50,3,3130.0,1062,11,3130.1,62,1,3130.2,133,5
2031,2026-06-16 09:55:29+05:30,3129.5,23,3139.42,651059,107370.0,190457.0,3163.0,3163.0,3126.3,3134.3,31789400,3447.7,2820.9,3839.9,2896.0,3129.5,31,4,3129.4,5,1,3129.3,2,1,3129.2,5,2,3129.1,135,3,3129.8,1,1,3129.9,50,3,3130.0,1062,11,3130.1,62,1,3130.2,133,5
2031,2026-06-16 09:55:30+05:30,3129.8,1,3139.42,651059,107370.0,190457.0,3163.0,3163.0,3126.3,3134.3,31789400,3447.7,2820.9,3839.9,2896.0,3129.5,31,4,3129.4,5,1,3129.3,2,1,3129.2,5,2,3129.1,135,3,3129.8,1,1,3129.9,50,3,3130.0,1062,11,3130.1,62,1,3130.2,133,5
2031,2026-06-16 09:55:30+05:30,3129.8,1,3139.42,651061,107156.0,190515.0,3163.0,3163.0,3126.3,3134.3,31789400,3447.7,2820.9,3839.9,2896.0,3129.8,2,1,3129.5,25,3,3129.4,5,1,3129.3,2,1,3129.2,5,2,3129.9,14,1,3130.0,1114,13,3130.2,152,4,3130.4,97,3,3130.5,180,4
2031,2026-06-16 09:55:30+05:30,3129.8,1,3139.42,651061,107156.0,190515.0,3163.0,3163.0,3126.3,3134.3,31789400,3447.7,2820.9,3839.9,2896.0,3129.8,2,1,3129.5,25,3,3129.4,5,1,3129.3,2,1,3129.2,5,2,3129.9,14,1,3130.0,1114,13,3130.2,152,4,3130.4,97,3,3130.5,180,4
2031,2026-06-16 09:55:31+05:30,3129.8,5,3139.42,651061,107156.0,190515.0,3163.0,3163.0,3126.3,3134.3,31789400,3447.7,2820.9,3839.9,2896.0,3129.8,2,1,3129.5,25,3,3129.4,5,1,3129.3,2,1,3129.2,5,2,3129.9,14,1,3130.0,1114,13,3130.2,152,4,3130.4,97,3,3130.5,180,4
2031,2026-06-16 09:55:31+05:30,3129.8,5,3139.42,651079,107223.0,190707.0,3163.0,3163.0,3126.3,3134.3,31789400,3447.7,2820.9,3839.9,2896.0,3129.5,25,3,3129.3,2,1,3129.2,5,2,3129.1,135,3,3129.0,56,6,3129.8,14,1,3129.9,105,4,3130.0,1051,11,3130.1,62,1,3130.2,142,4
2031,2026-06-16 09:55:31+05:30,3129.8,5,3139.42,651079,107223.0,190707.0,3163.0,3163.0,3126.3,3134.3,31789400,3447.7,2820.9,3839.9,2896.0,3129.5,25,3,3129.3,2,1,3129.2,5,2,3129.1,135,3,3129.0,56,6,3129.8,14,1,3129.9,105,4,3130.0,1051,11,3130.1,62,1,3130.2,142,4
2031,2026-06-16 09:55:32+05:30,3129.5,21,3139.42,651079,107223.0,190707.0,3163.0,3163.0,3126.3,3134.3,31789400,3447.7,2820.9,3839.9,2896.0,3129.5,25,3,3129.3,2,1,3129.2,5,2,3129.1,135,3,3129.0,56,6,3129.8,14,1,3129.9,105,4,3130.0,1051,11,3130.1,62,1,3130.2,142,4
2031,2026-06-16 09:55:32+05:30,3129.5,21,3139.42,651125,106691.0,190885.0,3163.0,3163.0,3126.3,3134.3,31789400,3447.7,2820.9,3839.9,2896.0,3129.5,37,5,3129.3,2,1,3129.2,5,2,3129.1,135,3,3129.0,56,6,3129.8,87,5,3129.9,132,4,3130.0,1115,13,3130.1,42,2,3130.2,117,4
2031,2026-06-16 09:55:32+05:30,3129.5,21,3139.42,651125,106691.0,190885.0,3163.0,3163.0,3126.3,3134.3,31789400,3447.7,2820.9,3839.9,2896.0,3129.5,37,5,3129.3,2,1,3129.2,5,2,3129.1,135,3,3129.0,56,6,3129.8,87,5,3129.9,132,4,3130.0,1115,13,3130.1,42,2,3130.2,117,4
2031,2026-06-16 09:55:33+05:30,3129.5,21,3139.42,651125,106691.0,190885.0,3163.0,3163.0,3126.3,3134.3,31793800,3447.7,2820.9,3839.9,2896.0,3129.5,37,5,3129.3,2,1,3129.2,5,2,3129.1,135,3,3129.0,56,6,3129.8,87,5,3129.9,132,4,3130.0,1115,13,3130.1,42,2,3130.2,117,4
2031,2026-06-16 09:55:33+05:30,3129.6,10,3139.42,651135,106932.0,191171.0,3163.0,3163.0,3126.3,3134.3,31793800,3447.7,2820.9,3839.9,2896.0,3129.5,84,7,3129.3,2,1,3129.2,5,2,3129.1,135,3,3129.0,56,6,3129.6,52,1,3129.8,115,6,3129.9,70,3,3130.0,1115,13,3130.1,42,2
2031,2026-06-16 09:55:34+05:30,3129.6,1,3139.42,651135,106932.0,191171.0,3163.0,3163.0,3126.3,3134.3,31793800,3447.7,2820.9,3839.9,2896.0,3129.5,84,7,3129.3,2,1,3129.2,5,2,3129.1,135,3,3129.0,56,6,3129.6,52,1,3129.8,115,6,3129.9,70,3,3130.0,1115,13,3130.1,42,2
2031,2026-06-16 09:55:34+05:30,3129.6,4,3139.41,651280,106648.0,190219.0,3163.0,3163.0,3126.3,3134.3,31793800,3447.7,2820.9,3839.9,2896.0,3129.5,57,5,3129.3,2,1,3129.2,5,2,3129.1,135,3,3129.0,56,6,3129.7,20,1,3129.8,89,5,3129.9,70,3,3130.0,1115,13,3130.1,23,1
2031,2026-06-16 09:55:35+05:30,3129.5,4,3139.41,651280,106648.0,190219.0,3163.0,3163.0,3126.3,3134.3,31793800,3447.7,2820.9,3839.9,2896.0,3129.5,57,5,3129.3,2,1,3129.2,5,2,3129.1,135,3,3129.0,56,6,3129.7,20,1,3129.8,89,5,3129.9,70,3,3130.0,1115,13,3130.1,23,1
2031,2026-06-16 09:55:35+05:30,3129.5,4,3139.41,651286,106698.0,191913.0,3163.0,3163.0,3126.3,3134.3,31793800,3447.7,2820.9,3839.9,2896.0,3129.5,57,6,3129.4,1,1,3129.3,2,1,3129.2,5,2,3129.1,135,3,3129.7,253,4,3129.8,53,3,3129.9,70,3,3130.0,1022,10,3130.1,23,1
2031,2026-06-16 09:55:36+05:30,3129.6,1,3139.41,651286,106698.0,191913.0,3163.0,3163.0,3126.3,3134.3,31793800,3447.7,2820.9,3839.9,2896.0,3129.5,57,6,3129.4,1,1,3129.3,2,1,3129.2,5,2,3129.1,135,3,3129.7,253,4,3129.8,53,3,3129.9,70,3,3130.0,1022,10,3130.1,23,1
2031,2026-06-16 09:55:36+05:30,3129.6,1,3139.41,651287,106941.0,192095.0,3163.0,3163.0,3126.3,3134.3,31793800,3447.7,2820.9,3839.9,2896.0,3129.5,78,7,3129.4,1,1,3129.3,2,1,3129.2,5,2,3129.1,135,3,3129.6,279,5,3129.7,53,2,3129.8,116,5,3129.9,70,3,3130.0,1022,10
2031,2026-06-16 09:55:37+05:30,3129.5,18,3139.41,651704,106656.0,191441.0,3163.0,3163.0,3126.3,3134.3,31793800,3447.7,2820.9,3839.9,2896.0,3129.4,1,1,3129.3,2,1,3129.2,5,2,3129.1,135,3,3129.0,56,6,3129.6,177,5,3129.7,34,1,3129.8,116,5,3129.9,85,4,3130.0,1022,10
2031,2026-06-16 09:55:38+05:30,3129.5,18,3139.41,651704,106656.0,191441.0,3163.0,3163.0,3126.3,3134.3,31793800,3447.7,2820.9,3839.9,2896.0,3129.4,1,1,3129.3,2,1,3129.2,5,2,3129.1,135,3,3129.0,56,6,3129.6,177,5,3129.7,34,1,3129.8,116,5,3129.9,85,4,3130.0,1022,10
2031,2026-06-16 09:55:39+05:30,3129.6,3,3139.41,651707,106588.0,191898.0,3163.0,3163.0,3126.3,3134.3,31793800,3447.7,2820.9,3839.9,2896.0,3129.4,1,1,3129.3,16,2,3129.2,5,2,3129.1,135,3,3129.0,56,6,3129.6,174,5,3129.7,34,1,3129.8,116,5,3129.9,43,2,3130.0,1022,10
2031,2026-06-16 09:55:39+05:30,3129.6,3,3139.41,651707,106588.0,191898.0,3163.0,3163.0,3126.3,3134.3,31793800,3447.7,2820.9,3839.9,2896.0,3129.4,1,1,3129.3,16,2,3129.2,5,2,3129.1,135,3,3129.0,56,6,3129.6,174,5,3129.7,34,1,3129.8,116,5,3129.9,43,2,3130.0,1022,10
2031,2026-06-16 09:55:40+05:30,3129.5,10,3139.41,651717,106587.0,191749.0,3163.0,3163.0,3126.3,3134.3,31793800,3447.7,2820.9,3839.9,2896.0,3129.4,8,2,3129.3,16,2,3129.2,5,2,3129.1,135,3,3129.0,56,6,3129.5,88,1,3129.6,96,5,3129.7,34,1,3129.8,116,5,3129.9,260,4
2031,2026-06-16 09:55:40+05:30,3129.4,1,3139.41,651717,106587.0,191749.0,3163.0,3163.0,3126.3,3134.3,31793800,3447.7,2820.9,3839.9,2896.0,3129.4,8,2,3129.3,16,2,3129.2,5,2,3129.1,135,3,3129.0,56,6,3129.5,88,1,3129.6,96,5,3129.7,34,1,3129.8,116,5,3129.9,260,4
2031,2026-06-16 09:55:41+05:30,3129.5,1,3139.41,651777,106527.0,192007.0,3163.0,3163.0,3126.3,3134.3,31793800,3447.7,2820.9,3839.9,2896.0,3129.4,9,3,3129.3,16,2,3129.2,5,2,3129.1,135,3,3129.0,56,6,3129.5,189,5,3129.6,52,3,3129.7,47,3,3129.8,116,5,3129.9,43,2
2031,2026-06-16 09:55:41+05:30,3129.5,1,3139.41,651777,106527.0,192007.0,3163.0,3163.0,3126.3,3134.3,31793800,3447.7,2820.9,3839.9,2896.0,3129.4,9,3,3129.3,16,2,3129.2,5,2,3129.1,135,3,3129.0,56,6,3129.5,189,5,3129.6,52,3,3129.7,47,3,3129.8,116,5,3129.9,43,2
2031,2026-06-16 09:55:42+05:30,3129.5,10,3139.41,651777,106527.0,192007.0,3163.0,3163.0,3126.3,3134.3,31793800,3447.7,2820.9,3839.9,2896.0,3129.4,9,3,3129.3,16,2,3129.2,5,2,3129.1,135,3,3129.0,56,6,3129.5,189,5,3129.6,52,3,3129.7,47,3,3129.8,116,5,3129.9,43,2
2031,2026-06-16 09:55:42+05:30,3129.5,10,3139.41,651832,106693.0,191652.0,3163.0,3163.0,3126.3,3134.3,31793800,3447.7,2820.9,3839.9,2896.0,3129.4,7,2,3129.3,16,2,3129.2,5,2,3129.1,135,3,3129.0,56,6,3129.5,49,2,3129.6,173,4,3129.7,34,1,3129.8,116,5,3129.9,28,1
2031,2026-06-16 09:55:43+05:30,3129.4,4,3139.41,651832,106693.0,191652.0,3163.0,3163.0,3126.3,3134.3,31793800,3447.7,2820.9,3839.9,2896.0,3129.4,7,2,3129.3,16,2,3129.2,5,2,3129.1,135,3,3129.0,56,6,3129.5,49,2,3129.6,173,4,3129.7,34,1,3129.8,116,5,3129.9,28,1
2031,2026-06-16 09:55:43+05:30,3129.4,4,3139.41,651856,106523.0,191444.0,3163.0,3163.0,3126.3,3134.3,31793800,3447.7,2820.9,3839.9,2896.0,3129.3,17,3,3129.2,5,2,3129.1,135,3,3129.0,56,6,3128.9,6,2,3129.5,67,3,3129.6,149,4,3129.7,49,2,3129.8,105,4,3129.9,50,2
2031,2026-06-16 09:55:44+05:30,3129.5,2,3139.41,651856,106523.0,191444.0,3163.0,3163.0,3126.3,3134.3,31793800,3447.7,2820.9,3839.9,2896.0,3129.3,17,3,3129.2,5,2,3129.1,135,3,3129.0,56,6,3128.9,6,2,3129.5,67,3,3129.6,149,4,3129.7,49,2,3129.8,105,4,3129.9,50,2
2031,2026-06-16 09:55:44+05:30,3129.5,2,3139.41,651858,106794.0,191601.0,3163.0,3163.0,3126.3,3134.3,31793800,3447.7,2820.9,3839.9,2896.0,3129.4,7,1,3129.3,59,4,3129.2,5,2,3129.1,135,3,3129.0,56,6,3129.5,47,2,3129.6,130,3,3129.7,34,1,3129.8,42,2,3129.9,28,1
2031,2026-06-16 09:55:45+05:30,3129.5,2,3139.41,651862,107002.0,191409.0,3163.0,3163.0,3126.3,3134.3,31793800,3447.7,2820.9,3839.9,2896.0,3129.4,69,5,3129.3,81,5,3129.2,26,3,3129.1,154,4,3129.0,77,7,3129.5,70,3,3129.6,130,3,3129.7,34,1,3129.8,42,2,3129.9,28,1
2031,2026-06-16 09:55:46+05:30,3129.5,40,3139.41,651862,107002.0,191409.0,3163.0,3163.0,3126.3,3134.3,31793800,3447.7,2820.9,3839.9,2896.0,3129.4,69,5,3129.3,81,5,3129.2,26,3,3129.1,154,4,3129.0,77,7,3129.5,70,3,3129.6,130,3,3129.7,34,1,3129.8,42,2,3129.9,28,1
2031,2026-06-16 09:55:46+05:30,3129.6,1,3139.4,651946,106831.0,191531.0,3163.0,3163.0,3126.3,3134.3,31793800,3447.7,2820.9,3839.9,2896.0,3129.5,18,2,3129.4,69,5,3129.3,81,5,3129.2,26,3,3129.1,135,3,3129.6,143,4,3129.7,34,1,3129.8,42,2,3129.9,28,1,3130.0,950,7
2031,2026-06-16 09:55:47+05:30,3129.6,1,3139.4,651946,106831.0,191531.0,3163.0,3163.0,3126.3,3134.3,31793800,3447.7,2820.9,3839.9,2896.0,3129.5,18,2,3129.4,69,5,3129.3,81,5,3129.2,26,3,3129.1,135,3,3129.6,143,4,3129.7,34,1,3129.8,42,2,3129.9,28,1,3130.0,950,7
2031,2026-06-16 09:55:47+05:30,3129.6,1,3139.4,652090,107416.0,189221.0,3163.0,3163.0,3126.3,3134.3,31793800,3447.7,2820.9,3839.9,2896.0,3129.5,111,4,3129.4,51,4,3129.3,59,4,3129.2,56,4,3129.1,137,4,3129.7,34,1,3129.8,42,2,3129.9,28,1,3130.0,950,7,3130.4,221,2
2031,2026-06-16 09:55:48+05:30,3129.6,1,3139.4,652090,107416.0,189221.0,3163.0,3163.0,3126.3,3134.3,31793800,3447.7,2820.9,3839.9,2896.0,3129.5,111,4,3129.4,51,4,3129.3,59,4,3129.2,56,4,3129.1,137,4,3129.7,34,1,3129.8,42,2,3129.9,28,1,3130.0,950,7,3130.4,221,2
2031,2026-06-16 09:55:48+05:30,3129.6,1,3139.4,652090,107254.0,190298.0,3163.0,3163.0,3126.3,3134.3,31793800,3447.7,2820.9,3839.9,2896.0,3129.5,95,4,3129.4,51,4,3129.3,59,4,3129.2,5,2,3129.1,135,3,3129.7,74,2,3129.8,42,2,3129.9,28,1,3130.0,1059,9,3130.2,219,2
2031,2026-06-16 09:55:49+05:30,3129.5,21,3139.4,652090,107254.0,190298.0,3163.0,3163.0,3126.3,3134.3,31793800,3447.7,2820.9,3839.9,2896.0,3129.5,95,4,3129.4,51,4,3129.3,59,4,3129.2,5,2,3129.1,135,3,3129.7,74,2,3129.8,42,2,3129.9,28,1,3130.0,1059,9,3130.2,219,2
2031,2026-06-16 09:55:49+05:30,3129.5,21,3139.4,652290,107336.0,188418.0,3163.0,3163.0,3126.3,3134.3,31793800,3447.7,2820.9,3839.9,2896.0,3129.5,7,2,3129.4,51,4,3129.3,59,4,3129.2,26,3,3129.1,135,3,3129.7,74,2,3129.8,42,2,3129.9,28,1,3130.0,1040,8,3130.2,85,2
2031,2026-06-16 09:55:50+05:30,3129.5,21,3139.4,652290,107336.0,190437.0,3163.0,3163.0,3126.3,3134.3,31793800,3447.7,2820.9,3839.9,2896.0,3129.5,9,4,3129.4,61,5,3129.3,45,3,3129.2,5,2,3129.1,156,4,3129.7,100,3,3129.8,42,2,3129.9,28,1,3130.0,1040,8,3130.2,66,1
2031,2026-06-16 09:55:51+05:30,3129.7,1,3139.4,652291,107253.0,190193.0,3163.0,3163.0,3126.3,3134.3,31793800,3447.7,2820.9,3839.9,2896.0,3129.5,23,5,3129.4,61,5,3129.3,69,5,3129.2,5,2,3129.1,135,3,3129.7,99,3,3129.8,42,2,3129.9,28,1,3130.0,1040,8,3130.2,266,2
2031,2026-06-16 09:55:52+05:30,3129.1,104,3139.4,652291,107253.0,190193.0,3163.0,3163.0,3126.3,3134.3,31793800,3447.7,2820.9,3839.9,2896.0,3129.5,23,5,3129.4,61,5,3129.3,69,5,3129.2,5,2,3129.1,135,3,3129.7,99,3,3129.8,42,2,3129.9,28,1,3130.0,1040,8,3130.2,266,2
2031,2026-06-16 09:55:52+05:30,3129.1,104,3139.39,652991,106789.0,190955.0,3163.0,3163.0,3126.3,3134.3,31793800,3447.7,2820.9,3839.9,2896.0,3129.4,9,1,3129.1,31,3,3129.0,107,8,3128.9,6,2,3128.8,24,3,3129.7,99,3,3129.8,42,2,3129.9,28,1,3130.0,1081,10,3130.1,309,3
2031,2026-06-16 09:55:53+05:30,3129.4,61,3139.39,652991,106789.0,190955.0,3163.0,3163.0,3126.3,3134.3,31793800,3447.7,2820.9,3839.9,2896.0,3129.4,9,1,3129.1,31,3,3129.0,107,8,3128.9,6,2,3128.8,24,3,3129.7,99,3,3129.8,42,2,3129.9,28,1,3130.0,1081,10,3130.1,309,3
2031,2026-06-16 09:55:54+05:30,3129.6,1,3139.39,653053,106818.0,191281.0,3163.0,3163.0,3126.3,3134.3,31793800,3447.7,2820.9,3839.9,2896.0,3129.4,9,1,3129.1,31,3,3129.0,86,7,3128.9,6,2,3128.8,3,2,3129.6,39,1,3129.7,161,5,3129.8,57,3,3129.9,28,1,3130.0,1234,11
2031,2026-06-16 09:55:54+05:30,3129.6,1,3139.39,653053,106818.0,191281.0,3163.0,3163.0,3126.3,3134.3,31793800,3447.7,2820.9,3839.9,2896.0,3129.4,9,1,3129.1,31,3,3129.0,86,7,3128.9,6,2,3128.8,3,2,3129.6,39,1,3129.7,161,5,3129.8,57,3,3129.9,28,1,3130.0,1234,11
2031,2026-06-16 09:55:55+05:30,3129.7,11,3139.39,653103,106693.0,191247.0,3163.0,3163.0,3126.3,3134.3,31793800,3447.7,2820.9,3839.9,2896.0,3129.4,32,3,3129.3,21,1,3129.1,31,3,3129.0,86,7,3128.9,6,2,3129.6,26,1,3129.7,142,5,3129.8,257,4,3129.9,28,1,3130.0,1034,10
2031,2026-06-16 09:55:55+05:30,3129.7,11,3139.39,653103,106693.0,191247.0,3163.0,3163.0,3126.3,3134.3,31793800,3447.7,2820.9,3839.9,2896.0,3129.4,32,3,3129.3,21,1,3129.1,31,3,3129.0,86,7,3128.9,6,2,3129.6,26,1,3129.7,142,5,3129.8,257,4,3129.9,28,1,3130.0,1034,10
2031,2026-06-16 09:55:56+05:30,3129.7,11,3139.39,653103,107008.0,191165.0,3163.0,3163.0,3126.3,3134.3,31793800,3447.7,2820.9,3839.9,2896.0,3129.4,32,3,3129.3,21,1,3129.1,31,3,3129.0,86,7,3128.9,6,2,3129.5,19,1,3129.6,45,2,3129.7,80,3,3129.8,119,5,3129.9,228,2
2031,2026-06-16 09:55:57+05:30,3129.5,10,3139.39,653103,107008.0,191165.0,3163.0,3163.0,3126.3,3134.3,31793800,3447.7,2820.9,3839.9,2896.0,3129.4,32,3,3129.3,21,1,3129.1,31,3,3129.0,86,7,3128.9,6,2,3129.5,19,1,3129.6,45,2,3129.7,80,3,3129.8,119,5,3129.9,228,2
2031,2026-06-16 09:55:57+05:30,3129.5,10,3139.39,653154,106595.0,190098.0,3163.0,3163.0,3126.3,3134.3,31793800,3447.7,2820.9,3839.9,2896.0,3129.4,21,3,3129.3,22,2,3129.1,31,3,3129.0,86,7,3128.9,6,2,3129.5,235,3,3129.6,52,3,3129.7,80,3,3129.8,119,5,3129.9,28,1
2031,2026-06-16 09:55:58+05:30,3129.5,16,3139.38,653378,106922.0,190548.0,3163.0,3163.0,3126.3,3134.3,31793800,3447.7,2820.9,3839.9,2896.0,3129.4,21,3,3129.3,1,1,3129.1,31,3,3129.0,86,7,3128.9,6,2,3129.5,87,4,3129.6,28,2,3129.7,80,3,3129.8,319,6,3129.9,47,2
2031,2026-06-16 09:55:59+05:30,3129.5,2,3139.38,653378,106922.0,190548.0,3163.0,3163.0,3126.3,3134.3,31793800,3447.7,2820.9,3839.9,2896.0,3129.4,21,3,3129.3,1,1,3129.1,31,3,3129.0,86,7,3128.9,6,2,3129.5,87,4,3129.6,28,2,3129.7,80,3,3129.8,319,6,3129.9,47,2
2031,2026-06-16 09:55:59+05:30,3129.5,2,3139.38,653406,106359.0,192221.0,3163.0,3163.0,3126.3,3134.3,31793800,3447.7,2820.9,3839.9,2896.0,3129.4,19,3,3129.3,1,1,3129.1,31,3,3129.0,86,7,3128.9,6,2,3129.5,275,5,3129.6,28,2,3129.7,80,3,3129.8,119,5,3129.9,47,2
2031,2026-06-16 09:56:00+05:30,3129.5,1,3139.38,653406,106359.0,192221.0,3163.0,3163.0,3126.3,3134.3,31793800,3447.7,2820.9,3839.9,2896.0,3129.4,19,3,3129.3,1,1,3129.1,31,3,3129.0,86,7,3128.9,6,2,3129.5,275,5,3129.6,28,2,3129.7,80,3,3129.8,119,5,3129.9,47,2
2031,2026-06-16 09:56:00+05:30,3129.5,2,3139.38,653511,106753.0,191061.0,3163.0,3163.0,3126.3,3134.3,31793800,3447.7,2820.9,3839.9,2896.0,3129.4,20,4,3129.3,1,1,3129.1,31,3,3129.0,86,7,3128.9,6,2,3129.5,48,3,3129.6,28,2,3129.7,80,3,3129.8,270,5,3129.9,47,2
2031,2026-06-16 09:56:01+05:30,3129.5,3,3139.38,653511,106753.0,191061.0,3163.0,3163.0,3126.3,3134.3,31793800,3447.7,2820.9,3839.9,2896.0,3129.4,20,4,3129.3,1,1,3129.1,31,3,3129.0,86,7,3128.9,6,2,3129.5,48,3,3129.6,28,2,3129.7,80,3,3129.8,270,5,3129.9,47,2
2031,2026-06-16 09:56:01+05:30,3129.5,3,3139.38,653561,106698.0,191446.0,3163.0,3163.0,3126.3,3134.3,31793800,3447.7,2820.9,3839.9,2896.0,3129.4,20,4,3129.3,1,1,3129.1,31,3,3129.0,86,7,3128.9,6,2,3129.5,1,1,3129.6,71,3,3129.7,250,4,3129.8,100,4,3129.9,28,1
2031,2026-06-16 09:56:02+05:30,3129.5,2,3139.38,653564,106538.0,190855.0,3163.0,3163.0,3126.3,3134.3,31793800,3447.7,2820.9,3839.9,2896.0,3129.4,22,5,3129.3,27,2,3129.1,31,3,3129.0,86,7,3128.9,6,2,3129.5,24,1,3129.6,71,3,3129.7,80,3,3129.8,100,4,3129.9,28,1
2031,2026-06-16 09:56:03+05:30,3129.5,2,3139.38,653564,106538.0,190855.0,3163.0,3163.0,3126.3,3134.3,31793800,3447.7,2820.9,3839.9,2896.0,3129.4,22,5,3129.3,27,2,3129.1,31,3,3129.0,86,7,3128.9,6,2,3129.5,24,1,3129.6,71,3,3129.7,80,3,3129.8,100,4,3129.9,28,1
2031,2026-06-16 09:56:03+05:30,3129.3,9,3139.38,653764,105708.0,190567.0,3163.0,3163.0,3126.3,3134.3,31793800,3447.7,2820.9,3839.9,2896.0,3129.3,18,2,3129.1,31,3,3129.0,86,7,3128.9,6,2,3128.8,3,2,3129.5,24,1,3129.6,71,3,3129.7,80,3,3129.8,100,4,3129.9,47,2
2031,2026-06-16 09:56:04+05:30,3129.3,1,3139.38,653764,105708.0,190567.0,3163.0,3163.0,3126.3,3134.3,31793800,3447.7,2820.9,3839.9,2896.0,3129.3,18,2,3129.1,31,3,3129.0,86,7,3128.9,6,2,3128.8,3,2,3129.5,24,1,3129.6,71,3,3129.7,80,3,3129.8,100,4,3129.9,47,2
2031,2026-06-16 09:56:04+05:30,3129.3,1,3139.38,653811,105801.0,190886.0,3163.0,3163.0,3126.3,3134.3,31793800,3447.7,2820.9,3839.9,2896.0,3129.3,26,2,3129.1,31,3,3129.0,86,7,3128.9,6,2,3128.8,3,2,3129.5,24,1,3129.6,64,2,3129.7,80,3,3129.8,100,4,3129.9,47,2
2031,2026-06-16 09:56:05+05:30,3129.3,7,3139.38,653811,105801.0,190886.0,3163.0,3163.0,3126.3,3134.3,31793800,3447.7,2820.9,3839.9,2896.0,3129.3,26,2,3129.1,31,3,3129.0,86,7,3128.9,6,2,3128.8,3,2,3129.5,24,1,3129.6,64,2,3129.7,80,3,3129.8,100,4,3129.9,47,2
2031,2026-06-16 09:56:05+05:30,3129.3,21,3139.37,653858,106202.0,190937.0,3163.0,3163.0,3126.3,3134.3,31793800,3447.7,2820.9,3839.9,2896.0,3129.3,6,2,3129.1,31,3,3129.0,86,7,3128.9,6,2,3128.8,3,2,3129.5,24,1,3129.6,75,3,3129.7,99,4,3129.8,58,2,3129.9,28,1
2031,2026-06-16 09:56:06+05:30,3129.3,21,3139.37,653858,106202.0,190937.0,3163.0,3163.0,3126.3,3134.3,31793800,3447.7,2820.9,3839.9,2896.0,3129.3,6,2,3129.1,31,3,3129.0,86,7,3128.9,6,2,3128.8,3,2,3129.5,24,1,3129.6,75,3,3129.7,99,4,3129.8,58,2,3129.9,28,1
2031,2026-06-16 09:56:06+05:30,3129.5,1,3139.37,653859,106140.0,191443.0,3163.0,3163.0,3126.3,3134.3,31793800,3447.7,2820.9,3839.9,2896.0,3129.3,6,2,3129.1,31,3,3129.0,86,7,3128.9,6,2,3128.8,3,2,3129.5,23,1,3129.6,94,4,3129.7,80,3,3129.8,270,5,3129.9,28,1
2031,2026-06-16 09:56:07+05:30,3129.5,17,3139.37,653859,106140.0,191443.0,3163.0,3163.0,3126.3,3134.3,31793800,3447.7,2820.9,3839.9,2896.0,3129.3,6,2,3129.1,31,3,3129.0,86,7,3128.9,6,2,3128.8,3,2,3129.5,23,1,3129.6,94,4,3129.7,80,3,3129.8,270,5,3129.9,28,1
2031,2026-06-16 09:56:07+05:30,3129.5,1,3139.37,654177,104840.0,191413.0,3163.0,3163.0,3126.3,3134.3,31793800,3447.7,2820.9,3839.9,2896.0,3129.0,32,3,3128.9,6,2,3128.8,3,2,3128.6,41,5,3128.5,1,1,3129.4,20,1,3129.5,88,5,3129.6,213,3,3129.7,80,3,3129.8,100,4
2031,2026-06-16 09:56:08+05:30,3129.3,159,3139.37,654177,104840.0,191413.0,3163.0,3163.0,3126.3,3134.3,31793800,3447.7,2820.9,3839.9,2896.0,3129.0,32,3,3128.9,6,2,3128.8,3,2,3128.6,41,5,3128.5,1,1,3129.4,20,1,3129.5,88,5,3129.6,213,3,3129.7,80,3,3129.8,100,4
2031,2026-06-16 09:56:08+05:30,3129.3,159,3139.37,654417,104668.0,191743.0,3163.0,3163.0,3126.3,3134.3,31793800,3447.7,2820.9,3839.9,2896.0,3129.0,16,3,3128.9,6,2,3128.8,3,2,3128.6,41,5,3128.5,1,1,3129.5,47,4,3129.6,43,2,3129.7,40,1,3129.8,152,5,3129.9,228,2
2031,2026-06-16 09:56:09+05:30,3129.0,1,3139.37,654417,104668.0,191743.0,3163.0,3163.0,3126.3,3134.3,31793800,3447.7,2820.9,3839.9,2896.0,3129.0,16,3,3128.9,6,2,3128.8,3,2,3128.6,41,5,3128.5,1,1,3129.5,47,4,3129.6,43,2,3129.7,40,1,3129.8,152,5,3129.9,228,2
2031,2026-06-16 09:56:09+05:30,3129.0,1,3139.37,654434,105105.0,191444.0,3163.0,3163.0,3126.3,3134.3,31793800,3447.7,2820.9,3839.9,2896.0,3129.0,15,3,3128.9,6,2,3128.8,3,2,3128.6,41,5,3128.5,22,2,3129.4,18,1,3129.5,47,4,3129.6,43,2,3129.7,40,1,3129.8,105,3
2031,2026-06-16 09:56:10+05:30,3129.4,1,3139.37,654435,105370.0,190995.0,3163.0,3163.0,3126.3,3134.3,31793800,3447.7,2820.9,3839.9,2896.0,3129.0,52,4,3128.9,27,3,3128.8,3,2,3128.7,6,1,3128.6,27,4,3129.4,17,1,3129.5,36,3,3129.6,21,1,3129.7,40,1,3129.8,32,2
2031,2026-06-16 09:56:11+05:30,3129.4,1,3139.37,654435,105370.0,190995.0,3163.0,3163.0,3126.3,3134.3,31793800,3447.7,2820.9,3839.9,2896.0,3129.0,52,4,3128.9,27,3,3128.8,3,2,3128.7,6,1,3128.6,27,4,3129.4,17,1,3129.5,36,3,3129.6,21,1,3129.7,40,1,3129.8,32,2
2031,2026-06-16 09:56:11+05:30,3128.9,11,3139.36,654636,105299.0,191081.0,3163.0,3163.0,3126.3,3134.3,31793800,3447.7,2820.9,3839.9,2896.0,3128.9,4,1,3128.8,3,2,3128.7,21,1,3128.6,6,3,3128.5,1,1,3129.4,43,4,3129.5,35,2,3129.6,21,1,3129.7,51,2,3129.8,21,1
2031,2026-06-16 09:56:12+05:30,3128.9,4,3139.36,654636,105299.0,191081.0,3163.0,3163.0,3126.3,3134.3,31793800,3447.7,2820.9,3839.9,2896.0,3128.9,4,1,3128.8,3,2,3128.7,21,1,3128.6,6,3,3128.5,1,1,3129.4,43,4,3129.5,35,2,3129.6,21,1,3129.7,51,2,3129.8,21,1
2031,2026-06-16 09:56:12+05:30,3128.9,4,3139.36,654640,105364.0,191092.0,3163.0,3163.0,3126.3,3134.3,31793800,3447.7,2820.9,3839.9,2896.0,3128.8,3,2,3128.7,23,1,3128.6,6,3,3128.5,1,1,3128.4,48,3,3128.9,29,1,3129.4,52,5,3129.5,35,2,3129.6,52,3,3129.7,125,3
2031,2026-06-16 09:56:13+05:30,3128.9,1,3139.36,654640,105364.0,191092.0,3163.0,3163.0,3126.3,3134.3,31793800,3447.7,2820.9,3839.9,2896.0,3128.8,3,2,3128.7,23,1,3128.6,6,3,3128.5,1,1,3128.4,48,3,3128.9,29,1,3129.4,52,5,3129.5,35,2,3129.6,52,3,3129.7,125,3
2031,2026-06-16 09:56:13+05:30,3128.9,1,3139.36,654642,105360.0,191368.0,3163.0,3163.0,3126.3,3134.3,31793800,3447.7,2820.9,3839.9,2896.0,3128.8,3,2,3128.7,23,1,3128.6,6,3,3128.5,1,1,3128.4,48,3,3128.9,28,2,3129.0,150,1,3129.3,21,1,3129.4,39,3,3129.5,35,2
2031,2026-06-16 09:56:14+05:30,3128.7,40,3139.36,654642,105360.0,191368.0,3163.0,3163.0,3126.3,3134.3,31793800,3447.7,2820.9,3839.9,2896.0,3128.8,3,2,3128.7,23,1,3128.6,6,3,3128.5,1,1,3128.4,48,3,3128.9,28,2,3129.0,150,1,3129.3,21,1,3129.4,39,3,3129.5,35,2
2031,2026-06-16 09:56:14+05:30,3128.7,40,3139.36,654702,105506.0,191749.0,3163.0,3163.0,3126.3,3134.3,31793800,3447.7,2820.9,3839.9,2896.0,3128.7,23,1,3128.6,6,3,3128.5,1,1,3128.4,27,2,3128.2,85,2,3128.8,1,1,3128.9,32,3,3129.0,186,2,3129.3,21,1,3129.4,30,2
2031,2026-06-16 09:56:15+05:30,3128.8,1,3139.36,654703,105535.0,192040.0,3163.0,3163.0,3126.3,3134.3,31793800,3447.7,2820.9,3839.9,2896.0,3128.8,2,2,3128.7,24,2,3128.6,6,3,3128.5,22,2,3128.4,27,2,3128.9,32,3,3129.0,186,2,3129.3,21,1,3129.4,14,1,3129.5,100,1
2031,2026-06-16 09:56:16+05:30,3128.8,1,3139.36,654703,105535.0,192040.0,3163.0,3163.0,3126.3,3134.3,31793800,3447.7,2820.9,3839.9,2896.0,3128.8,2,2,3128.7,24,2,3128.6,6,3,3128.5,22,2,3128.4,27,2,3128.9,32,3,3129.0,186,2,3129.3,21,1,3129.4,14,1,3129.5,100,1
2031,2026-06-16 09:56:16+05:30,3128.8,1,3139.36,654703,105535.0,192040.0,3163.0,3163.0,3126.3,3134.3,31793800,3447.7,2820.9,3839.9,2896.0,3128.8,2,2,3128.7,24,2,3128.6,6,3,3128.5,22,2,3128.4,27,2,3128.9,32,3,3129.0,186,2,3129.3,21,1,3129.4,14,1,3129.5,100,1
2031,2026-06-16 09:56:16+05:30,3128.8,1,3139.36,654703,105454.0,192078.0,3163.0,3163.0,3126.3,3134.3,31793800,3447.7,2820.9,3839.9,2896.0,3128.8,3,3,3128.7,24,2,3128.6,6,3,3128.5,1,1,3128.4,27,2,3128.9,68,5,3129.0,186,2,3129.3,21,1,3129.4,14,1,3129.5,100,1
2031,2026-06-16 09:56:17+05:30,3128.8,1,3139.36,654703,105454.0,192078.0,3163.0,3163.0,3126.3,3134.3,31793800,3447.7,2820.9,3839.9,2896.0,3128.8,3,3,3128.7,24,2,3128.6,6,3,3128.5,1,1,3128.4,27,2,3128.9,68,5,3129.0,186,2,3129.3,21,1,3129.4,14,1,3129.5,100,1
2031,2026-06-16 09:56:17+05:30,3128.0,248,3139.35,655500,100733.0,192736.0,3163.0,3163.0,3126.3,3134.3,31793800,3447.7,2820.9,3839.9,2896.0,3128.0,3,2,3127.9,2,1,3127.8,14,1,3127.7,18,1,3127.3,3,1,3128.7,54,3,3128.8,75,4,3128.9,191,8,3129.0,390,10,3129.2,265,4
2031,2026-06-16 09:56:18+05:30,3128.0,248,3139.35,655500,100733.0,192736.0,3163.0,3163.0,3126.3,3134.3,31793800,3447.7,2820.9,3839.9,2896.0,3128.0,3,2,3127.9,2,1,3127.8,14,1,3127.7,18,1,3127.3,3,1,3128.7,54,3,3128.8,75,4,3128.9,191,8,3129.0,390,10,3129.2,265,4
2031,2026-06-16 09:56:18+05:30,3128.6,1,3139.35,655500,100733.0,192736.0,3163.0,3163.0,3126.3,3134.3,31793800,3447.7,2820.9,3839.9,2896.0,3128.0,3,2,3127.9,2,1,3127.8,14,1,3127.7,18,1,3127.3,3,1,3128.7,54,3,3128.8,75,4,3128.9,191,8,3129.0,390,10,3129.2,265,4
2031,2026-06-16 09:56:19+05:30,3128.6,1,3139.35,655500,100733.0,192736.0,3163.0,3163.0,3126.3,3134.3,31793800,3447.7,2820.9,3839.9,2896.0,3128.0,3,2,3127.9,2,1,3127.8,14,1,3127.7,18,1,3127.3,3,1,3128.7,54,3,3128.8,75,4,3128.9,191,8,3129.0,390,10,3129.2,265,4
2031,2026-06-16 09:56:21+05:30,3128.0,1,3139.33,656813,102587.0,192769.0,3163.0,3163.0,3126.3,3134.3,31793800,3447.7,2820.9,3839.9,2896.0,3128.0,283,4,3127.9,2,1,3127.8,15,2,3127.7,19,2,3127.5,62,1,3128.3,11,1,3128.4,17,1,3128.5,18,1,3128.6,70,2,3128.7,166,4
2031,2026-06-16 09:56:21+05:30,3128.0,106,3139.33,656813,102587.0,192769.0,3163.0,3163.0,3126.3,3134.3,31793800,3447.7,2820.9,3839.9,2896.0,3128.0,283,4,3127.9,2,1,3127.8,15,2,3127.7,19,2,3127.5,62,1,3128.3,11,1,3128.4,17,1,3128.5,18,1,3128.6,70,2,3128.7,166,4
2031,2026-06-16 09:56:21+05:30,3128.0,106,3139.33,656813,102587.0,192769.0,3163.0,3163.0,3126.3,3134.3,31793800,3447.7,2820.9,3839.9,2896.0,3128.0,283,4,3127.9,2,1,3127.8,15,2,3127.7,19,2,3127.5,62,1,3128.3,11,1,3128.4,17,1,3128.5,18,1,3128.6,70,2,3128.7,166,4
2031,2026-06-16 09:56:23+05:30,3128.0,106,3139.33,656813,102587.0,192769.0,3163.0,3163.0,3126.3,3134.3,31793800,3447.7,2820.9,3839.9,2896.0,3128.0,283,4,3127.9,2,1,3127.8,15,2,3127.7,19,2,3127.5,62,1,3128.3,11,1,3128.4,17,1,3128.5,18,1,3128.6,70,2,3128.7,166,4
2031,2026-06-16 09:56:24+05:30,3128.0,106,3139.33,656813,102587.0,192769.0,3163.0,3163.0,3126.3,3134.3,31793800,3447.7,2820.9,3839.9,2896.0,3128.0,283,4,3127.9,2,1,3127.8,15,2,3127.7,19,2,3127.5,62,1,3128.3,11,1,3128.4,17,1,3128.5,18,1,3128.6,70,2,3128.7,166,4
2031,2026-06-16 09:56:25+05:30,3128.0,106,3139.33,656813,102587.0,192769.0,3163.0,3163.0,3126.3,3134.3,31793800,3447.7,2820.9,3839.9,2896.0,3128.0,283,4,3127.9,2,1,3127.8,15,2,3127.7,19,2,3127.5,62,1,3128.3,11,1,3128.4,17,1,3128.5,18,1,3128.6,70,2,3128.7,166,4
2031,2026-06-16 09:56:26+05:30,3128.0,1,3139.33,656813,102587.0,192769.0,3163.0,3163.0,3126.3,3134.3,31793800,3447.7,2820.9,3839.9,2896.0,3128.0,283,4,3127.9,2,1,3127.8,15,2,3127.7,19,2,3127.5,62,1,3128.3,11,1,3128.4,17,1,3128.5,18,1,3128.6,70,2,3128.7,166,4
2031,2026-06-16 09:56:26+05:30,3128.0,1,3139.33,656813,102587.0,192769.0,3163.0,3163.0,3126.3,3134.3,31793800,3447.7,2820.9,3839.9,2896.0,3128.0,283,4,3127.9,2,1,3127.8,15,2,3127.7,19,2,3127.5,62,1,3128.3,11,1,3128.4,17,1,3128.5,18,1,3128.6,70,2,3128.7,166,4
2031,2026-06-16 09:56:27+05:30,3128.0,51,3139.3,658345,102887.0,193950.0,3163.0,3163.0,3126.3,3134.3,31793800,3447.7,2820.9,3839.9,2896.0,3128.0,96,3,3127.9,46,2,3127.8,1,1,3127.7,1,1,3127.6,41,3,3128.2,14,1,3128.3,29,2,3128.6,254,2,3128.7,20,2,3128.8,21,1
2031,2026-06-16 09:56:27+05:30,3128.0,51,3139.3,658345,102887.0,193950.0,3163.0,3163.0,3126.3,3134.3,31793800,3447.7,2820.9,3839.9,2896.0,3128.0,96,3,3127.9,46,2,3127.8,1,1,3127.7,1,1,3127.6,41,3,3128.2,14,1,3128.3,29,2,3128.6,254,2,3128.7,20,2,3128.8,21,1
2031,2026-06-16 09:56:28+05:30,3128.0,51,3139.3,658345,102887.0,193950.0,3163.0,3163.0,3126.3,3134.3,31793800,3447.7,2820.9,3839.9,2896.0,3128.0,96,3,3127.9,46,2,3127.8,1,1,3127.7,1,1,3127.6,41,3,3128.2,14,1,3128.3,29,2,3128.6,254,2,3128.7,20,2,3128.8,21,1
2031,2026-06-16 09:56:29+05:30,3128.0,51,3139.3,658345,102887.0,193950.0,3163.0,3163.0,3126.3,3134.3,31793800,3447.7,2820.9,3839.9,2896.0,3128.0,96,3,3127.9,46,2,3127.8,1,1,3127.7,1,1,3127.6,41,3,3128.2,14,1,3128.3,29,2,3128.6,254,2,3128.7,20,2,3128.8,21,1
2031,2026-06-16 09:56:30+05:30,3128.0,51,3139.3,658345,102887.0,193950.0,3163.0,3163.0,3126.3,3134.3,31793800,3447.7,2820.9,3839.9,2896.0,3128.0,96,3,3127.9,46,2,3127.8,1,1,3127.7,1,1,3127.6,41,3,3128.2,14,1,3128.3,29,2,3128.6,254,2,3128.7,20,2,3128.8,21,1
2031,2026-06-16 09:56:31+05:30,3128.0,51,3139.3,658345,102887.0,193950.0,3163.0,3163.0,3126.3,3134.3,31793800,3447.7,2820.9,3839.9,2896.0,3128.0,96,3,3127.9,46,2,3127.8,1,1,3127.7,1,1,3127.6,41,3,3128.2,14,1,3128.3,29,2,3128.6,254,2,3128.7,20,2,3128.8,21,1
2031,2026-06-16 09:56:31+05:30,3127.9,25,3139.3,658345,102887.0,193950.0,3163.0,3163.0,3126.3,3134.3,31793800,3447.7,2820.9,3839.9,2896.0,3128.0,96,3,3127.9,46,2,3127.8,1,1,3127.7,1,1,3127.6,41,3,3128.2,14,1,3128.3,29,2,3128.6,254,2,3128.7,20,2,3128.8,21,1
2031,2026-06-16 09:56:31+05:30,3127.9,25,3139.3,658345,102887.0,193950.0,3163.0,3163.0,3126.3,3134.3,31793800,3447.7,2820.9,3839.9,2896.0,3128.0,96,3,3127.9,46,2,3127.8,1,1,3127.7,1,1,3127.6,41,3,3128.2,14,1,3128.3,29,2,3128.6,254,2,3128.7,20,2,3128.8,21,1
2031,2026-06-16 09:56:32+05:30,3127.9,25,3139.3,658345,102887.0,193950.0,3163.0,3163.0,3126.3,3134.3,31793800,3447.7,2820.9,3839.9,2896.0,3128.0,96,3,3127.9,46,2,3127.8,1,1,3127.7,1,1,3127.6,41,3,3128.2,14,1,3128.3,29,2,3128.6,254,2,3128.7,20,2,3128.8,21,1
2031,2026-06-16 09:56:33+05:30,3127.9,25,3139.3,658345,102887.0,193950.0,3163.0,3163.0,3126.3,3134.3,31805000,3447.7,2820.9,3839.9,2896.0,3128.0,96,3,3127.9,46,2,3127.8,1,1,3127.7,1,1,3127.6,41,3,3128.2,14,1,3128.3,29,2,3128.6,254,2,3128.7,20,2,3128.8,21,1
2031,2026-06-16 09:56:33+05:30,3128.2,1,3139.27,660283,104465.0,191073.0,3163.0,3163.0,3126.3,3134.3,31805000,3447.7,2820.9,3839.9,2896.0,3128.1,24,1,3128.0,1688,6,3127.9,5,1,3127.8,48,4,3127.7,1,1,3128.2,44,1,3128.3,29,2,3128.6,234,2,3128.7,1,1,3128.9,1,1
2031,2026-06-16 09:56:36+05:30,3128.1,87,3139.27,660283,104465.0,191073.0,3163.0,3163.0,3126.3,3134.3,31805000,3447.7,2820.9,3839.9,2896.0,3128.1,24,1,3128.0,1688,6,3127.9,5,1,3127.8,48,4,3127.7,1,1,3128.2,44,1,3128.3,29,2,3128.6,234,2,3128.7,1,1,3128.9,1,1
2031,2026-06-16 09:56:39+05:30,3128.2,1,3139.25,660959,104211.0,193279.0,3163.0,3163.0,3126.3,3134.3,31805000,3447.7,2820.9,3839.9,2896.0,3128.0,1407,7,3127.9,71,3,3127.8,1,1,3127.7,17,2,3127.6,78,6,3128.2,344,5,3128.3,26,1,3128.6,34,1,3128.9,58,2,3129.0,382,4
2031,2026-06-16 09:56:40+05:30,3128.0,200,3139.25,660959,104211.0,193279.0,3163.0,3163.0,3126.3,3134.3,31805000,3447.7,2820.9,3839.9,2896.0,3128.0,1407,7,3127.9,71,3,3127.8,1,1,3127.7,17,2,3127.6,78,6,3128.2,344,5,3128.3,26,1,3128.6,34,1,3128.9,58,2,3129.0,382,4
2031,2026-06-16 09:56:43+05:30,3128.2,31,3139.25,660959,104211.0,193279.0,3163.0,3163.0,3126.3,3134.3,31805000,3447.7,2820.9,3839.9,2896.0,3128.0,1407,7,3127.9,71,3,3127.8,1,1,3127.7,17,2,3127.6,78,6,3128.2,344,5,3128.3,26,1,3128.6,34,1,3128.9,58,2,3129.0,382,4
2031,2026-06-16 09:56:46+05:30,3126.5,122,3139.09,669964,97831.0,194800.0,3163.0,3163.0,3125.0,3134.3,31805000,3447.7,2820.9,3839.9,2896.0,3125.2,21,1,3125.1,54,2,3125.0,2177,47,3124.9,5,1,3124.8,152,5,3126.3,217,2,3126.4,112,3,3126.5,159,3,3126.8,167,3,3126.9,275,3
2031,2026-06-16 09:56:46+05:30,3125.9,200,3139.09,669964,97831.0,194800.0,3163.0,3163.0,3125.0,3134.3,31805000,3447.7,2820.9,3839.9,2896.0,3125.2,21,1,3125.1,54,2,3125.0,2177,47,3124.9,5,1,3124.8,152,5,3126.3,217,2,3126.4,112,3,3126.5,159,3,3126.8,167,3,3126.9,275,3
2031,2026-06-16 09:56:49+05:30,3125.1,52,3139.09,669964,97831.0,194800.0,3163.0,3163.0,3125.0,3134.3,31805000,3447.7,2820.9,3839.9,2896.0,3125.2,21,1,3125.1,54,2,3125.0,2177,47,3124.9,5,1,3124.8,152,5,3126.3,217,2,3126.4,112,3,3126.5,159,3,3126.8,167,3,3126.9,275,3
2031,2026-06-16 09:56:52+05:30,3124.8,20,3139.09,669964,97831.0,194800.0,3163.0,3163.0,3125.0,3134.3,31805000,3447.7,2820.9,3839.9,2896.0,3125.2,21,1,3125.1,54,2,3125.0,2177,47,3124.9,5,1,3124.8,152,5,3126.3,217,2,3126.4,112,3,3126.5,159,3,3126.8,167,3,3126.9,275,3
2031,2026-06-16 09:56:52+05:30,3124.8,20,3139.0,674088,95557.0,198429.0,3163.0,3163.0,3124.0,3134.3,31805000,3447.7,2820.9,3839.9,2896.0,3124.0,104,2,3123.6,10,1,3123.4,22,1,3123.2,131,3,3123.1,200,1,3124.8,78,4,3124.9,344,4,3125.0,19,1,3125.2,279,5,3125.4,312,4
2031,2026-06-16 09:56:56+05:30,3124.5,1,3139.0,674088,95557.0,198429.0,3163.0,3163.0,3124.0,3134.3,31805000,3447.7,2820.9,3839.9,2896.0,3124.0,104,2,3123.6,10,1,3123.4,22,1,3123.2,131,3,3123.1,200,1,3124.8,78,4,3124.9,344,4,3125.0,19,1,3125.2,279,5,3125.4,312,4
2031,2026-06-16 09:56:58+05:30,3124.5,5,3138.99,674465,97031.0,198301.0,3163.0,3163.0,3124.0,3134.3,31805000,3447.7,2820.9,3839.9,2896.0,3124.0,204,2,3123.6,32,2,3123.5,64,1,3123.4,41,2,3123.3,24,1,3124.5,22,2,3124.6,15,1,3124.7,17,1,3124.8,221,7,3124.9,150,1
2031,2026-06-16 09:57:00+05:30,3124.0,45,3138.99,674465,97031.0,198301.0,3163.0,3163.0,3124.0,3134.3,31805000,3447.7,2820.9,3839.9,2896.0,3124.0,204,2,3123.6,32,2,3123.5,64,1,3123.4,41,2,3123.3,24,1,3124.5,22,2,3124.6,15,1,3124.7,17,1,3124.8,221,7,3124.9,150,1
2031,2026-06-16 09:57:04+05:30,3125.0,27,3138.99,674465,97031.0,198301.0,3163.0,3163.0,3124.0,3134.3,31805000,3447.7,2820.9,3839.9,2896.0,3124.0,204,2,3123.6,32,2,3123.5,64,1,3123.4,41,2,3123.3,24,1,3124.5,22,2,3124.6,15,1,3124.7,17,1,3124.8,221,7,3124.9,150,1
2031,2026-06-16 09:57:04+05:30,3125.3,10,3138.98,675134,98414.0,193987.0,3163.0,3163.0,3124.0,3134.3,31805000,3447.7,2820.9,3839.9,2896.0,3125.3,14,1,3125.0,23,2,3124.8,175,6,3124.7,6,1,3124.6,212,6,3126.0,161,2,3126.2,1,1,3126.4,150,2,3126.5,97,2,3126.6,150,1
2031,2026-06-16 09:57:08+05:30,3124.6,20,3138.98,675134,98414.0,193987.0,3163.0,3163.0,3124.0,3134.3,31805000,3447.7,2820.9,3839.9,2896.0,3125.3,14,1,3125.0,23,2,3124.8,175,6,3124.7,6,1,3124.6,212,6,3126.0,161,2,3126.2,1,1,3126.4,150,2,3126.5,97,2,3126.6,150,1
2031,2026-06-16 09:57:10+05:30,3125.9,7,3138.94,676840,98646.0,193758.0,3163.0,3163.0,3124.0,3134.3,31805000,3447.7,2820.9,3839.9,2896.0,3125.3,9,1,3125.0,204,2,3124.6,28,2,3124.5,94,3,3124.3,78,2,3125.9,72,2,3126.0,276,7,3126.2,158,4,3126.3,108,1,3126.4,213,5
2031,2026-06-16 09:57:12+05:30,3125.3,99,3138.94,676840,98646.0,193758.0,3163.0,3163.0,3124.0,3134.3,31805000,3447.7,2820.9,3839.9,2896.0,3125.3,9,1,3125.0,204,2,3124.6,28,2,3124.5,94,3,3124.3,78,2,3125.9,72,2,3126.0,276,7,3126.2,158,4,3126.3,108,1,3126.4,213,5
2031,2026-06-16 09:57:16+05:30,3125.9,10,3138.94,676840,98646.0,193758.0,3163.0,3163.0,3124.0,3134.3,31805000,3447.7,2820.9,3839.9,2896.0,3125.3,9,1,3125.0,204,2,3124.6,28,2,3124.5,94,3,3124.3,78,2,3125.9,72,2,3126.0,276,7,3126.2,158,4,3126.3,108,1,3126.4,213,5
2031,2026-06-16 09:57:16+05:30,3125.9,1,3138.93,677315,105426.0,193331.0,3163.0,3163.0,3124.0,3134.3,31805000,3447.7,2820.9,3839.9,2896.0,3125.8,27,2,3125.6,1,1,3125.4,23,2,3125.3,12,1,3125.1,211,3,3125.9,146,3,3126.0,264,5,3126.2,29,2,3126.3,24,1,3126.4,84,1
2031,2026-06-16 09:57:17+05:30,3125.9,1,3138.93,677315,105426.0,193331.0,3163.0,3163.0,3124.0,3134.3,31805000,3447.7,2820.9,3839.9,2896.0,3125.8,27,2,3125.6,1,1,3125.4,23,2,3125.3,12,1,3125.1,211,3,3125.9,146,3,3126.0,264,5,3126.2,29,2,3126.3,24,1,3126.4,84,1
2031,2026-06-16 09:57:18+05:30,3125.9,1,3138.93,677315,105426.0,193331.0,3163.0,3163.0,3124.0,3134.3,31805000,3447.7,2820.9,3839.9,2896.0,3125.8,27,2,3125.6,1,1,3125.4,23,2,3125.3,12,1,3125.1,211,3,3125.9,146,3,3126.0,264,5,3126.2,29,2,3126.3,24,1,3126.4,84,1
2031,2026-06-16 09:57:19+05:30,3125.9,1,3138.93,677574,105358.0,193123.0,3163.0,3163.0,3124.0,3134.3,31805000,3447.7,2820.9,3839.9,2896.0,3125.8,45,2,3125.6,1,1,3125.4,1,1,3125.3,12,1,3125.2,171,1,3125.9,219,2,3126.0,263,4,3126.2,29,2,3126.3,32,2,3126.5,78,1
2031,2026-06-16 09:57:19+05:30,3125.9,1,3138.93,677574,105358.0,193123.0,3163.0,3163.0,3124.0,3134.3,31805000,3447.7,2820.9,3839.9,2896.0,3125.8,45,2,3125.6,1,1,3125.4,1,1,3125.3,12,1,3125.2,171,1,3125.9,219,2,3126.0,263,4,3126.2,29,2,3126.3,32,2,3126.5,78,1
2031,2026-06-16 09:57:20+05:30,3126.0,19,3138.92,677990,105232.0,192930.0,3163.0,3163.0,3124.0,3134.3,31805000,3447.7,2820.9,3839.9,2896.0,3125.8,26,2,3125.6,1,1,3125.4,1,1,3125.3,78,2,3125.2,1,1,3126.0,244,4,3126.2,29,2,3126.3,32,2,3126.5,78,1,3126.8,145,3
2031,2026-06-16 09:57:20+05:30,3126.0,19,3138.92,677990,105232.0,192930.0,3163.0,3163.0,3124.0,3134.3,31805000,3447.7,2820.9,3839.9,2896.0,3125.8,26,2,3125.6,1,1,3125.4,1,1,3125.3,78,2,3125.2,1,1,3126.0,244,4,3126.2,29,2,3126.3,32,2,3126.5,78,1,3126.8,145,3
2031,2026-06-16 09:57:20+05:30,3125.8,23,3138.92,677990,105232.0,192930.0,3163.0,3163.0,3124.0,3134.3,31805000,3447.7,2820.9,3839.9,2896.0,3125.8,26,2,3125.6,1,1,3125.4,1,1,3125.3,78,2,3125.2,1,1,3126.0,244,4,3126.2,29,2,3126.3,32,2,3126.5,78,1,3126.8,145,3
2031,2026-06-16 09:57:21+05:30,3125.9,1,3138.92,678014,105240.0,192957.0,3163.0,3163.0,3124.0,3134.3,31805000,3447.7,2820.9,3839.9,2896.0,3125.8,41,2,3125.6,24,1,3125.4,1,1,3125.3,34,2,3125.2,1,1,3125.9,227,2,3126.0,244,4,3126.2,29,2,3126.3,32,2,3126.5,162,2
2031,2026-06-16 09:57:21+05:30,3125.9,1,3138.92,678014,105240.0,192957.0,3163.0,3163.0,3124.0,3134.3,31805000,3447.7,2820.9,3839.9,2896.0,3125.8,41,2,3125.6,24,1,3125.4,1,1,3125.3,34,2,3125.2,1,1,3125.9,227,2,3126.0,244,4,3126.2,29,2,3126.3,32,2,3126.5,162,2
2031,2026-06-16 09:57:21+05:30,3125.9,1,3138.92,678014,105240.0,192957.0,3163.0,3163.0,3124.0,3134.3,31805000,3447.7,2820.9,3839.9,2896.0,3125.8,41,2,3125.6,24,1,3125.4,1,1,3125.3,34,2,3125.2,1,1,3125.9,227,2,3126.0,244,4,3126.2,29,2,3126.3,32,2,3126.5,162,2
2031,2026-06-16 09:57:22+05:30,3125.9,1,3138.92,678014,105240.0,192957.0,3163.0,3163.0,3124.0,3134.3,31805000,3447.7,2820.9,3839.9,2896.0,3125.8,41,2,3125.6,24,1,3125.4,1,1,3125.3,34,2,3125.2,1,1,3125.9,227,2,3126.0,244,4,3126.2,29,2,3126.3,32,2,3126.5,162,2
2031,2026-06-16 09:57:22+05:30,3125.9,1,3138.92,678015,105252.0,193425.0,3163.0,3163.0,3124.0,3134.3,31805000,3447.7,2820.9,3839.9,2896.0,3125.8,41,2,3125.6,24,1,3125.4,1,1,3125.3,34,2,3125.2,1,1,3125.9,226,2,3126.0,244,4,3126.2,29,2,3126.3,32,2,3126.5,162,2
2031,2026-06-16 09:57:23+05:30,3125.9,10,3138.92,678025,105187.0,193454.0,3163.0,3163.0,3124.0,3134.3,31805000,3447.7,2820.9,3839.9,2896.0,3125.8,41,2,3125.6,24,1,3125.4,1,1,3125.3,12,1,3125.2,1,1,3125.9,241,3,3126.0,244,4,3126.2,29,2,3126.3,32,2,3126.4,84,1
2031,2026-06-16 09:57:23+05:30,3125.9,10,3138.92,678025,105187.0,193454.0,3163.0,3163.0,3124.0,3134.3,31805000,3447.7,2820.9,3839.9,2896.0,3125.8,41,2,3125.6,24,1,3125.4,1,1,3125.3,12,1,3125.2,1,1,3125.9,241,3,3126.0,244,4,3126.2,29,2,3126.3,32,2,3126.4,84,1
2031,2026-06-16 09:57:24+05:30,3125.4,3,3138.92,678025,105187.0,193454.0,3163.0,3163.0,3124.0,3134.3,31805000,3447.7,2820.9,3839.9,2896.0,3125.8,41,2,3125.6,24,1,3125.4,1,1,3125.3,12,1,3125.2,1,1,3125.9,241,3,3126.0,244,4,3126.2,29,2,3126.3,32,2,3126.4,84,1
2031,2026-06-16 09:57:24+05:30,3125.3,2,3138.92,678292,105066.0,193193.0,3163.0,3163.0,3124.0,3134.3,31805000,3447.7,2820.9,3839.9,2896.0,3125.3,10,1,3125.2,3,1,3125.0,5371,6,3124.8,88,2,3124.6,94,6,3125.8,43,2,3125.9,268,4,3126.0,263,5,3126.2,48,3,3126.3,32,2
2031,2026-06-16 09:57:24+05:30,3125.3,2,3138.92,678292,105066.0,193193.0,3163.0,3163.0,3124.0,3134.3,31805000,3447.7,2820.9,3839.9,2896.0,3125.3,10,1,3125.2,3,1,3125.0,5371,6,3124.8,88,2,3124.6,94,6,3125.8,43,2,3125.9,268,4,3126.0,263,5,3126.2,48,3,3126.3,32,2
2031,2026-06-16 09:57:25+05:30,3125.9,22,3138.92,678292,105066.0,193193.0,3163.0,3163.0,3124.0,3134.3,31805000,3447.7,2820.9,3839.9,2896.0,3125.3,10,1,3125.2,3,1,3125.0,5371,6,3124.8,88,2,3124.6,94,6,3125.8,43,2,3125.9,268,4,3126.0,263,5,3126.2,48,3,3126.3,32,2
2031,2026-06-16 09:57:25+05:30,3125.0,2,3138.91,678406,104083.0,193641.0,3163.0,3163.0,3124.0,3134.3,31805000,3447.7,2820.9,3839.9,2896.0,3125.0,5303,5,3124.6,72,5,3124.5,91,3,3124.4,302,5,3124.3,18,1,3125.8,35,2,3125.9,224,2,3126.0,359,8,3126.2,190,6,3126.3,74,2
2031,2026-06-16 09:57:26+05:30,3125.0,2,3138.91,678406,104083.0,193641.0,3163.0,3163.0,3124.0,3134.3,31805000,3447.7,2820.9,3839.9,2896.0,3125.0,5303,5,3124.6,72,5,3124.5,91,3,3124.4,302,5,3124.3,18,1,3125.8,35,2,3125.9,224,2,3126.0,359,8,3126.2,190,6,3126.3,74,2
2031,2026-06-16 09:57:26+05:30,3125.0,2,3138.91,678406,104083.0,193641.0,3163.0,3163.0,3124.0,3134.3,31805000,3447.7,2820.9,3839.9,2896.0,3125.0,5303,5,3124.6,72,5,3124.5,91,3,3124.4,302,5,3124.3,18,1,3125.8,35,2,3125.9,224,2,3126.0,359,8,3126.2,190,6,3126.3,74,2
2031,2026-06-16 09:57:26+05:30,3125.0,2,3138.91,678406,104325.0,194157.0,3163.0,3163.0,3124.0,3134.3,31805000,3447.7,2820.9,3839.9,2896.0,3125.0,5544,7,3124.6,39,3,3124.5,91,3,3124.4,253,4,3124.3,67,2,3125.7,42,2,3125.8,57,3,3125.9,224,2,3126.0,401,9,3126.2,190,6
2031,2026-06-16 09:57:26+05:30,3125.0,2,3138.91,678406,104325.0,194157.0,3163.0,3163.0,3124.0,3134.3,31805000,3447.7,2820.9,3839.9,2896.0,3125.0,5544,7,3124.6,39,3,3124.5,91,3,3124.4,253,4,3124.3,67,2,3125.7,42,2,3125.8,57,3,3125.9,224,2,3126.0,401,9,3126.2,190,6
2031,2026-06-16 09:57:27+05:30,3125.7,1,3138.91,678406,104325.0,194157.0,3163.0,3163.0,3124.0,3134.3,31805000,3447.7,2820.9,3839.9,2896.0,3125.0,5544,7,3124.6,39,3,3124.5,91,3,3124.4,253,4,3124.3,67,2,3125.7,42,2,3125.8,57,3,3125.9,224,2,3126.0,401,9,3126.2,190,6
2031,2026-06-16 09:57:27+05:30,3125.7,1,3138.91,678406,104325.0,194157.0,3163.0,3163.0,3124.0,3134.3,31805000,3447.7,2820.9,3839.9,2896.0,3125.0,5544,7,3124.6,39,3,3124.5,91,3,3124.4,253,4,3124.3,67,2,3125.7,42,2,3125.8,57,3,3125.9,224,2,3126.0,401,9,3126.2,190,6
2031,2026-06-16 09:57:27+05:30,3125.7,1,3138.91,678447,104366.0,193886.0,3163.0,3163.0,3124.0,3134.3,31805000,3447.7,2820.9,3839.9,2896.0,3125.0,5524,6,3124.6,39,3,3124.5,113,4,3124.4,253,4,3124.3,67,2,3125.7,41,2,3125.8,57,3,3125.9,224,2,3126.0,208,6,3126.2,190,6
2031,2026-06-16 09:57:27+05:30,3125.7,1,3138.91,678447,104366.0,193886.0,3163.0,3163.0,3124.0,3134.3,31805000,3447.7,2820.9,3839.9,2896.0,3125.0,5524,6,3124.6,39,3,3124.5,113,4,3124.4,253,4,3124.3,67,2,3125.7,41,2,3125.8,57,3,3125.9,224,2,3126.0,208,6,3126.2,190,6
2031,2026-06-16 09:57:28+05:30,3125.7,1,3138.91,678447,104366.0,193886.0,3163.0,3163.0,3124.0,3134.3,31805000,3447.7,2820.9,3839.9,2896.0,3125.0,5524,6,3124.6,39,3,3124.5,113,4,3124.4,253,4,3124.3,67,2,3125.7,41,2,3125.8,57,3,3125.9,224,2,3126.0,208,6,3126.2,190,6
2031,2026-06-16 09:57:28+05:30,3125.7,1,3138.91,678448,104388.0,194122.0,3163.0,3163.0,3124.0,3134.3,31805000,3447.7,2820.9,3839.9,2896.0,3125.0,5548,7,3124.6,39,3,3124.5,113,4,3124.4,224,3,3124.3,67,2,3125.7,57,3,3125.8,80,4,3125.9,224,2,3126.0,208,6,3126.2,162,5
2031,2026-06-16 09:57:29+05:30,3125.7,1,3138.91,678448,104388.0,194122.0,3163.0,3163.0,3124.0,3134.3,31805000,3447.7,2820.9,3839.9,2896.0,3125.0,5548,7,3124.6,39,3,3124.5,113,4,3124.4,224,3,3124.3,67,2,3125.7,57,3,3125.8,80,4,3125.9,224,2,3126.0,208,6,3126.2,162,5
2031,2026-06-16 09:57:29+05:30,3125.7,1,3138.91,678448,104388.0,194122.0,3163.0,3163.0,3124.0,3134.3,31805000,3447.7,2820.9,3839.9,2896.0,3125.0,5548,7,3124.6,39,3,3124.5,113,4,3124.4,224,3,3124.3,67,2,3125.7,57,3,3125.8,80,4,3125.9,224,2,3126.0,208,6,3126.2,162,5
2031,2026-06-16 09:57:29+05:30,3125.0,2,3138.91,678451,104552.0,194115.0,3163.0,3163.0,3124.0,3134.3,31805000,3447.7,2820.9,3839.9,2896.0,3125.0,5643,8,3124.7,105,3,3124.6,39,3,3124.5,91,3,3124.4,246,4,3125.7,37,2,3125.8,80,4,3125.9,224,2,3126.0,152,5,3126.2,129,4
2031,2026-06-16 09:57:30+05:30,3125.0,2,3138.91,678451,104552.0,194115.0,3163.0,3163.0,3124.0,3134.3,31805000,3447.7,2820.9,3839.9,2896.0,3125.0,5643,8,3124.7,105,3,3124.6,39,3,3124.5,91,3,3124.4,246,4,3125.7,37,2,3125.8,80,4,3125.9,224,2,3126.0,152,5,3126.2,129,4
2031,2026-06-16 09:57:30+05:30,3125.7,1,3138.91,678451,104552.0,194115.0,3163.0,3163.0,3124.0,3134.3,31805000,3447.7,2820.9,3839.9,2896.0,3125.0,5643,8,3124.7,105,3,3124.6,39,3,3124.5,91,3,3124.4,246,4,3125.7,37,2,3125.8,80,4,3125.9,224,2,3126.0,152,5,3126.2,129,4
2031,2026-06-16 09:57:30+05:30,3125.7,1,3138.91,678451,104552.0,194115.0,3163.0,3163.0,3124.0,3134.3,31805000,3447.7,2820.9,3839.9,2896.0,3125.0,5643,8,3124.7,105,3,3124.6,39,3,3124.5,91,3,3124.4,246,4,3125.7,37,2,3125.8,80,4,3125.9,224,2,3126.0,152,5,3126.2,129,4
2031,2026-06-16 09:57:31+05:30,3125.8,5,3138.89,679650,103406.0,194028.0,3163.0,3163.0,3124.0,3134.3,31805000,3447.7,2820.9,3839.9,2896.0,3125.0,4576,9,3124.6,26,2,3124.5,79,3,3124.4,200,1,3124.3,40,2,3125.8,60,3,3125.9,234,3,3126.0,152,5,3126.1,42,1,3126.2,183,4
2031,2026-06-16 09:57:31+05:30,3125.8,1,3138.89,679650,103406.0,194028.0,3163.0,3163.0,3124.0,3134.3,31805000,3447.7,2820.9,3839.9,2896.0,3125.0,4576,9,3124.6,26,2,3124.5,79,3,3124.4,200,1,3124.3,40,2,3125.8,60,3,3125.9,234,3,3126.0,152,5,3126.1,42,1,3126.2,183,4
2031,2026-06-16 09:57:31+05:30,3125.8,1,3138.89,679650,103406.0,194028.0,3163.0,3163.0,3124.0,3134.3,31805000,3447.7,2820.9,3839.9,2896.0,3125.0,4576,9,3124.6,26,2,3124.5,79,3,3124.4,200,1,3124.3,40,2,3125.8,60,3,3125.9,234,3,3126.0,152,5,3126.1,42,1,3126.2,183,4
2031,2026-06-16 09:57:32+05:30,3125.8,1,3138.89,679651,103273.0,194433.0,3163.0,3163.0,3124.0,3134.3,31805000,3447.7,2820.9,3839.9,2896.0,3125.0,4586,10,3124.6,26,2,3124.5,79,3,3124.4,222,2,3124.3,18,1,3125.6,242,3,3125.7,19,1,3125.8,59,3,3125.9,34,2,3126.0,204,7
2031,2026-06-16 09:57:32+05:30,3125.8,1,3138.89,679651,103273.0,194433.0,3163.0,3163.0,3124.0,3134.3,31805000,3447.7,2820.9,3839.9,2896.0,3125.0,4586,10,3124.6,26,2,3124.5,79,3,3124.4,222,2,3124.3,18,1,3125.6,242,3,3125.7,19,1,3125.8,59,3,3125.9,34,2,3126.0,204,7
2031,2026-06-16 09:57:33+05:30,3124.0,19,3138.71,688392,95432.0,197252.0,3163.0,3163.0,3123.5,3134.3,31805000,3447.7,2820.9,3839.9,2896.0,3124.0,6,1,3123.5,15,1,3123.2,80,1,3123.0,356,9,3122.8,19,1,3124.2,20,1,3124.6,112,4,3124.7,266,2,3124.8,61,2,3124.9,284,2
2031,2026-06-16 09:57:33+05:30,3124.0,19,3138.71,688392,95432.0,197252.0,3163.0,3163.0,3123.5,3134.3,31805000,3447.7,2820.9,3839.9,2896.0,3124.0,6,1,3123.5,15,1,3123.2,80,1,3123.0,356,9,3122.8,19,1,3124.2,20,1,3124.6,112,4,3124.7,266,2,3124.8,61,2,3124.9,284,2
2031,2026-06-16 09:57:34+05:30,3124.0,19,3138.71,688392,95432.0,197252.0,3163.0,3163.0,3123.5,3134.3,31801600,3447.7,2820.9,3839.9,2896.0,3124.0,6,1,3123.5,15,1,3123.2,80,1,3123.0,356,9,3122.8,19,1,3124.2,20,1,3124.6,112,4,3124.7,266,2,3124.8,61,2,3124.9,284,2
2031,2026-06-16 09:57:34+05:30,3124.0,19,3138.71,688392,96006.0,195998.0,3163.0,3163.0,3123.5,3134.3,31801600,3447.7,2820.9,3839.9,2896.0,3124.0,6,1,3123.2,80,1,3123.0,356,9,3122.7,201,4,3122.6,19,1,3124.2,50,3,3124.4,221,2,3124.5,108,2,3124.6,71,2,3124.7,150,2
2031,2026-06-16 09:57:35+05:30,3124.0,6,3138.71,688392,96006.0,195998.0,3163.0,3163.0,3123.5,3134.3,31801600,3447.7,2820.9,3839.9,2896.0,3124.0,6,1,3123.2,80,1,3123.0,356,9,3122.7,201,4,3122.6,19,1,3124.2,50,3,3124.4,221,2,3124.5,108,2,3124.6,71,2,3124.7,150,2
2031,2026-06-16 09:57:35+05:30,3124.0,6,3138.71,688418,96459.0,195781.0,3163.0,3163.0,3123.5,3134.3,31801600,3447.7,2820.9,3839.9,2896.0,3124.0,156,2,3123.2,80,1,3123.0,356,9,3122.9,86,2,3122.7,201,4,3124.2,25,3,3124.4,221,2,3124.5,108,2,3124.6,93,3,3124.7,66,1
2031,2026-06-16 09:57:36+05:30,3124.0,6,3138.71,688418,96631.0,197529.0,3163.0,3163.0,3123.5,3134.3,31801600,3447.7,2820.9,3839.9,2896.0,3124.0,156,2,3123.2,89,2,3123.1,9,1,3123.0,365,10,3122.9,86,2,3124.2,12,2,3124.4,221,2,3124.5,108,2,3124.6,93,3,3124.7,66,1
2031,2026-06-16 09:57:37+05:30,3124.0,88,3138.71,688418,96631.0,197529.0,3163.0,3163.0,3123.5,3134.3,31801600,3447.7,2820.9,3839.9,2896.0,3124.0,156,2,3123.2,89,2,3123.1,9,1,3123.0,365,10,3122.9,86,2,3124.2,12,2,3124.4,221,2,3124.5,108,2,3124.6,93,3,3124.7,66,1
2031,2026-06-16 09:57:37+05:30,3124.0,88,3138.69,689287,96119.0,198806.0,3163.0,3163.0,3123.5,3134.3,31801600,3447.7,2820.9,3839.9,2896.0,3124.0,68,2,3123.2,89,2,3123.1,9,1,3123.0,343,9,3122.9,20,1,3124.2,59,5,3124.3,200,1,3124.4,76,3,3124.5,56,1,3124.6,149,4
2031,2026-06-16 09:57:38+05:30,3124.2,1,3138.69,689287,96119.0,198806.0,3163.0,3163.0,3123.5,3134.3,31801600,3447.7,2820.9,3839.9,2896.0,3124.0,68,2,3123.2,89,2,3123.1,9,1,3123.0,343,9,3122.9,20,1,3124.2,59,5,3124.3,200,1,3124.4,76,3,3124.5,56,1,3124.6,149,4
2031,2026-06-16 09:57:38+05:30,3124.2,1,3138.69,689319,96450.0,199015.0,3163.0,3163.0,3123.5,3134.3,31801600,3447.7,2820.9,3839.9,2896.0,3124.0,48,2,3123.2,155,3,3123.1,9,1,3123.0,432,11,3122.9,72,2,3124.4,20,1,3124.5,56,1,3124.6,61,2,3124.8,327,4,3124.9,343,4
2031,2026-06-16 09:57:39+05:30,3124.2,1,3138.69,689319,95950.0,198859.0,3163.0,3163.0,3123.5,3134.3,31801600,3447.7,2820.9,3839.9,2896.0,3124.0,82,4,3123.2,89,2,3123.1,9,1,3123.0,409,10,3122.9,35,2,3124.5,59,3,3124.6,283,4,3124.8,211,4,3124.9,259,3,3125.0,181,5
2031,2026-06-16 09:57:40+05:30,3124.0,118,3138.69,689319,95950.0,198859.0,3163.0,3163.0,3123.5,3134.3,31801600,3447.7,2820.9,3839.9,2896.0,3124.0,82,4,3123.2,89,2,3123.1,9,1,3123.0,409,10,3122.9,35,2,3124.5,59,3,3124.6,283,4,3124.8,211,4,3124.9,259,3,3125.0,181,5
2031,2026-06-16 09:57:40+05:30,3124.5,70,3138.68,689689,96429.0,199081.0,3163.0,3163.0,3123.5,3134.3,31801600,3447.7,2820.9,3839.9,2896.0,3124.0,62,3,3123.2,89,2,3123.1,75,2,3123.0,356,10,3122.9,86,2,3124.5,130,1,3124.6,39,2,3124.7,41,1,3124.8,166,4,3124.9,291,3
2031,2026-06-16 09:57:41+05:30,3124.5,70,3138.68,689689,96429.0,199081.0,3163.0,3163.0,3123.5,3134.3,31801600,3447.7,2820.9,3839.9,2896.0,3124.0,62,3,3123.2,89,2,3123.1,75,2,3123.0,356,10,3122.9,86,2,3124.5,130,1,3124.6,39,2,3124.7,41,1,3124.8,166,4,3124.9,291,3
2031,2026-06-16 09:57:41+05:30,3124.2,16,3138.68,689705,96700.0,198557.0,3163.0,3163.0,3123.5,3134.3,31801600,3447.7,2820.9,3839.9,2896.0,3124.0,157,4,3123.2,89,2,3123.1,9,1,3123.0,356,10,3122.9,86,2,3124.1,130,1,3124.2,4,1,3124.3,20,1,3124.4,97,3,3124.5,55,2
2031,2026-06-16 09:57:42+05:30,3124.0,23,3138.68,689705,96700.0,198557.0,3163.0,3163.0,3123.5,3134.3,31801600,3447.7,2820.9,3839.9,2896.0,3124.0,157,4,3123.2,89,2,3123.1,9,1,3123.0,356,10,3122.9,86,2,3124.1,130,1,3124.2,4,1,3124.3,20,1,3124.4,97,3,3124.5,55,2
2031,2026-06-16 09:57:42+05:30,3124.1,122,3138.67,690200,96537.0,199280.0,3163.0,3163.0,3123.5,3134.3,31801600,3447.7,2820.9,3839.9,2896.0,3124.1,10,1,3124.0,108,1,3123.9,16,1,3123.2,89,2,3123.1,14,3,3124.4,20,1,3124.5,69,3,3124.6,219,2,3124.7,75,1,3124.8,221,5
2031,2026-06-16 09:57:43+05:30,3124.1,1,3138.67,690200,96537.0,199280.0,3163.0,3163.0,3123.5,3134.3,31801600,3447.7,2820.9,3839.9,2896.0,3124.1,10,1,3124.0,108,1,3123.9,16,1,3123.2,89,2,3123.1,14,3,3124.4,20,1,3124.5,69,3,3124.6,219,2,3124.7,75,1,3124.8,221,5
2031,2026-06-16 09:57:43+05:30,3123.9,31,3138.67,690361,96217.0,199931.0,3163.0,3163.0,3123.5,3134.3,31801600,3447.7,2820.9,3839.9,2896.0,3123.9,16,1,3123.2,89,2,3123.1,11,2,3123.0,355,10,3122.7,142,3,3124.0,239,3,3124.1,91,2,3124.2,26,2,3124.3,19,2,3124.4,60,2
2031,2026-06-16 09:57:44+05:30,3124.0,10,3138.67,690361,96217.0,199931.0,3163.0,3163.0,3123.5,3134.3,31801600,3447.7,2820.9,3839.9,2896.0,3123.9,16,1,3123.2,89,2,3123.1,11,2,3123.0,355,10,3122.7,142,3,3124.0,239,3,3124.1,91,2,3124.2,26,2,3124.3,19,2,3124.4,60,2
2031,2026-06-16 09:57:44+05:30,3124.0,10,3138.67,690402,96058.0,199619.0,3163.0,3163.0,3123.5,3134.3,31801600,3447.7,2820.9,3839.9,2896.0,3123.8,26,1,3123.2,89,2,3123.1,11,2,3123.0,355,10,3122.7,100,1,3124.0,245,4,3124.1,50,1,3124.2,33,2,3124.3,41,1,3124.4,19,1
2031,2026-06-16 09:57:45+05:30,3124.0,10,3138.67,690402,96309.0,199812.0,3163.0,3163.0,3123.5,3134.3,31801600,3447.7,2820.9,3839.9,2896.0,3123.9,2,2,3123.8,1,1,3123.2,89,2,3123.1,11,2,3123.0,443,12,3124.0,206,2,3124.1,50,1,3124.5,214,2,3124.6,110,3,3124.7,159,2
2031,2026-06-16 09:57:46+05:30,3123.9,1,3138.67,690402,96309.0,199812.0,3163.0,3163.0,3123.5,3134.3,31801600,3447.7,2820.9,3839.9,2896.0,3123.9,2,2,3123.8,1,1,3123.2,89,2,3123.1,11,2,3123.0,443,12,3124.0,206,2,3124.1,50,1,3124.5,214,2,3124.6,110,3,3124.7,159,2
2031,2026-06-16 09:57:46+05:30,3123.9,1,3138.67,690404,96305.0,200015.0,3163.0,3163.0,3123.5,3134.3,31801600,3447.7,2820.9,3839.9,2896.0,3123.9,2,2,3123.8,1,1,3123.2,89,2,3123.1,11,2,3123.0,443,12,3124.0,206,2,3124.1,50,1,3124.5,214,2,3124.6,110,3,3124.7,159,2
2031,2026-06-16 09:57:47+05:30,3123.9,1,3138.67,690404,96261.0,200243.0,3163.0,3163.0,3123.5,3134.3,31801600,3447.7,2820.9,3839.9,2896.0,3123.9,2,2,3123.8,1,1,3123.2,89,2,3123.1,11,2,3123.0,443,12,3124.0,270,4,3124.1,50,1,3124.3,60,2,3124.5,214,2,3124.6,235,5
2031,2026-06-16 09:57:48+05:30,3123.9,20,3138.67,690404,96261.0,200243.0,3163.0,3163.0,3123.5,3134.3,31801600,3447.7,2820.9,3839.9,2896.0,3123.9,2,2,3123.8,1,1,3123.2,89,2,3123.1,11,2,3123.0,443,12,3124.0,270,4,3124.1,50,1,3124.3,60,2,3124.5,214,2,3124.6,235,5
2031,2026-06-16 09:57:48+05:30,3123.9,1,3138.66,690427,96458.0,200271.0,3163.0,3163.0,3123.5,3134.3,31801600,3447.7,2820.9,3839.9,2896.0,3123.8,1,1,3123.2,89,2,3123.1,11,2,3123.0,443,12,3122.8,22,1,3123.9,156,1,3124.0,110,4,3124.1,91,2,3124.2,19,1,3124.3,14,1
2031,2026-06-16 09:57:49+05:30,3123.2,11,3138.66,690427,96458.0,200271.0,3163.0,3163.0,3123.5,3134.3,31801600,3447.7,2820.9,3839.9,2896.0,3123.8,1,1,3123.2,89,2,3123.1,11,2,3123.0,443,12,3122.8,22,1,3123.9,156,1,3124.0,110,4,3124.1,91,2,3124.2,19,1,3124.3,14,1
2031,2026-06-16 09:57:49+05:30,3123.9,27,3138.66,690710,96664.0,199053.0,3163.0,3163.0,3123.2,3134.3,31801600,3447.7,2820.9,3839.9,2896.0,3123.3,6,1,3123.2,9,1,3123.1,11,2,3123.0,486,11,3122.9,41,2,3124.0,190,3,3124.1,50,1,3124.5,229,3,3124.6,44,2,3124.8,251,6
2031,2026-06-16 09:57:50+05:30,3123.9,27,3138.66,690710,96664.0,199053.0,3163.0,3163.0,3123.2,3134.3,31801600,3447.7,2820.9,3839.9,2896.0,3123.3,6,1,3123.2,9,1,3123.1,11,2,3123.0,486,11,3122.9,41,2,3124.0,190,3,3124.1,50,1,3124.5,229,3,3124.6,44,2,3124.8,251,6
2031,2026-06-16 09:57:50+05:30,3123.9,27,3138.66,690710,96574.0,199097.0,3163.0,3163.0,3123.2,3134.3,31801600,3447.7,2820.9,3839.9,2896.0,3123.3,6,1,3123.2,9,1,3123.1,11,2,3123.0,399,9,3122.9,41,2,3124.0,190,3,3124.1,250,2,3124.5,56,4,3124.6,448,6,3124.7,41,1
2031,2026-06-16 09:57:51+05:30,3124.0,1,3138.66,690710,96574.0,199097.0,3163.0,3163.0,3123.2,3134.3,31801600,3447.7,2820.9,3839.9,2896.0,3123.3,6,1,3123.2,9,1,3123.1,11,2,3123.0,399,9,3122.9,41,2,3124.0,190,3,3124.1,250,2,3124.5,56,4,3124.6,448,6,3124.7,41,1
2031,2026-06-16 09:57:51+05:30,3124.0,1,3138.66,690711,96557.0,199849.0,3163.0,3163.0,3123.2,3134.3,31801600,3447.7,2820.9,3839.9,2896.0,3123.3,6,1,3123.2,9,1,3123.1,11,2,3123.0,413,10,3122.9,41,2,3123.9,200,1,3124.0,176,2,3124.1,50,1,3124.2,15,1,3124.3,19,1
2031,2026-06-16 09:57:52+05:30,3123.9,10,3138.66,690711,96557.0,199849.0,3163.0,3163.0,3123.2,3134.3,31801600,3447.7,2820.9,3839.9,2896.0,3123.3,6,1,3123.2,9,1,3123.1,11,2,3123.0,413,10,3122.9,41,2,3123.9,200,1,3124.0,176,2,3124.1,50,1,3124.2,15,1,3124.3,19,1
2031,2026-06-16 09:57:52+05:30,3123.3,37,3138.66,690766,96383.0,199810.0,3163.0,3163.0,3123.2,3134.3,31801600,3447.7,2820.9,3839.9,2896.0,3123.3,24,1,3123.2,9,1,3123.1,11,2,3123.0,413,10,3122.9,41,2,3123.9,188,1,3124.0,176,2,3124.1,50,1,3124.2,14,1,3124.3,19,1
2031,2026-06-16 09:57:53+05:30,3123.3,37,3138.66,690766,96383.0,199810.0,3163.0,3163.0,3123.2,3134.3,31801600,3447.7,2820.9,3839.9,2896.0,3123.3,24,1,3123.2,9,1,3123.1,11,2,3123.0,413,10,3122.9,41,2,3123.9,188,1,3124.0,176,2,3124.1,50,1,3124.2,14,1,3124.3,19,1
2031,2026-06-16 09:57:53+05:30,3123.9,1,3138.66,690767,96402.0,200153.0,3163.0,3163.0,3123.2,3134.3,31801600,3447.7,2820.9,3839.9,2896.0,3123.3,24,1,3123.2,9,1,3123.1,11,2,3123.0,413,10,3122.9,19,1,3123.9,251,3,3124.0,195,3,3124.2,74,3,3124.4,325,3,3124.5,148,5
2031,2026-06-16 09:57:54+05:30,3123.9,1,3138.66,690767,96402.0,200153.0,3163.0,3163.0,3123.2,3134.3,31801600,3447.7,2820.9,3839.9,2896.0,3123.3,24,1,3123.2,9,1,3123.1,11,2,3123.0,413,10,3122.9,19,1,3123.9,251,3,3124.0,195,3,3124.2,74,3,3124.4,325,3,3124.5,148,5
2031,2026-06-16 09:57:54+05:30,3123.9,1,3138.66,690767,96567.0,200153.0,3163.0,3163.0,3123.2,3134.3,31801600,3447.7,2820.9,3839.9,2896.0,3123.3,40,2,3123.2,9,1,3123.1,11,2,3123.0,399,9,3122.9,19,1,3123.9,251,3,3124.0,195,3,3124.2,74,3,3124.4,325,3,3124.5,148,5
2031,2026-06-16 09:57:55+05:30,3123.3,10,3138.66,690777,96299.0,199995.0,3163.0,3163.0,3123.2,3134.3,31801600,3447.7,2820.9,3839.9,2896.0,3123.3,30,2,3123.2,9,1,3123.1,11,2,3123.0,332,7,3122.7,100,1,3123.8,187,1,3123.9,91,4,3124.0,195,3,3124.2,74,3,3124.3,266,2
2031,2026-06-16 09:57:56+05:30,3123.3,10,3138.66,690777,96299.0,199995.0,3163.0,3163.0,3123.2,3134.3,31801600,3447.7,2820.9,3839.9,2896.0,3123.3,30,2,3123.2,9,1,3123.1,11,2,3123.0,332,7,3122.7,100,1,3123.8,187,1,3123.9,91,4,3124.0,195,3,3124.2,74,3,3124.3,266,2
2031,2026-06-16 09:57:56+05:30,3123.3,10,3138.66,690777,96369.0,199838.0,3163.0,3163.0,3123.2,3134.3,31801600,3447.7,2820.9,3839.9,2896.0,3123.3,14,1,3123.2,11,2,3123.1,11,2,3123.0,347,8,3122.7,100,1,3123.8,188,2,3123.9,90,3,3124.0,195,3,3124.2,74,3,3124.3,350,3
2031,2026-06-16 09:57:57+05:30,3123.7,3,3138.66,690777,96369.0,199838.0,3163.0,3163.0,3123.2,3134.3,31801600,3447.7,2820.9,3839.9,2896.0,3123.3,14,1,3123.2,11,2,3123.1,11,2,3123.0,347,8,3122.7,100,1,3123.8,188,2,3123.9,90,3,3124.0,195,3,3124.2,74,3,3124.3,350,3
2031,2026-06-16 09:57:57+05:30,3123.3,5,3138.65,690996,96192.0,199947.0,3163.0,3163.0,3123.2,3134.3,31801600,3447.7,2820.9,3839.9,2896.0,3123.3,27,2,3123.2,11,2,3123.1,11,2,3123.0,332,7,3122.7,100,1,3123.7,183,1,3123.8,116,5,3123.9,64,2,3124.0,287,6,3124.1,70,1
2031,2026-06-16 09:57:58+05:30,3123.3,5,3138.65,690996,96192.0,199947.0,3163.0,3163.0,3123.2,3134.3,31801600,3447.7,2820.9,3839.9,2896.0,3123.3,27,2,3123.2,11,2,3123.1,11,2,3123.0,332,7,3122.7,100,1,3123.7,183,1,3123.8,116,5,3123.9,64,2,3124.0,287,6,3124.1,70,1
2031,2026-06-16 09:57:58+05:30,3123.8,17,3138.65,691056,96653.0,199482.0,3163.0,3163.0,3123.2,3134.3,31801600,3447.7,2820.9,3839.9,2896.0,3123.3,27,2,3123.2,11,2,3123.1,11,2,3123.0,332,7,3122.7,100,1,3123.7,1,1,3123.8,9,1,3123.9,64,2,3124.0,404,5,3124.2,92,3
2031,2026-06-16 09:57:59+05:30,3123.7,1,3138.65,691056,96653.0,199482.0,3163.0,3163.0,3123.2,3134.3,31801600,3447.7,2820.9,3839.9,2896.0,3123.3,27,2,3123.2,11,2,3123.1,11,2,3123.0,332,7,3122.7,100,1,3123.7,1,1,3123.8,9,1,3123.9,64,2,3124.0,404,5,3124.2,92,3
2031,2026-06-16 09:57:59+05:30,3123.7,1,3138.65,691064,96678.0,199467.0,3163.0,3163.0,3123.2,3134.3,31801600,3447.7,2820.9,3839.9,2896.0,3123.3,34,2,3123.2,11,2,3123.1,11,2,3123.0,332,7,3122.7,100,1,3123.8,9,1,3123.9,64,2,3124.0,404,5,3124.1,41,1,3124.2,51,2
2031,2026-06-16 09:58:00+05:30,3123.3,8,3138.65,691064,96678.0,199467.0,3163.0,3163.0,3123.2,3134.3,31801600,3447.7,2820.9,3839.9,2896.0,3123.3,34,2,3123.2,11,2,3123.1,11,2,3123.0,332,7,3122.7,100,1,3123.8,9,1,3123.9,64,2,3124.0,404,5,3124.1,41,1,3124.2,51,2
2031,2026-06-16 09:58:00+05:30,3123.6,1,3138.65,691146,96563.0,198944.0,3163.0,3163.0,3123.2,3134.3,31801600,3447.7,2820.9,3839.9,2896.0,3123.3,31,3,3123.2,11,2,3123.1,11,2,3123.0,332,7,3122.7,100,1,3123.6,196,1,3123.7,142,1,3123.8,1,1,3123.9,64,2,3124.0,202,3
2031,2026-06-16 09:58:01+05:30,3123.6,1,3138.65,691146,96563.0,198944.0,3163.0,3163.0,3123.2,3134.3,31801600,3447.7,2820.9,3839.9,2896.0,3123.3,31,3,3123.2,11,2,3123.1,11,2,3123.0,332,7,3122.7,100,1,3123.6,196,1,3123.7,142,1,3123.8,1,1,3123.9,64,2,3124.0,202,3
2031,2026-06-16 09:58:01+05:30,3123.3,4,3138.64,691347,95872.0,196710.0,3163.0,3163.0,3123.2,3134.3,31801600,3447.7,2820.9,3839.9,2896.0,3123.3,19,2,3123.2,11,2,3123.1,11,2,3123.0,352,9,3122.7,100,1,3123.5,142,1,3123.6,195,1,3123.8,1,1,3123.9,345,6,3124.0,270,4
2031,2026-06-16 09:58:02+05:30,3123.3,12,3138.64,691347,95872.0,196710.0,3163.0,3163.0,3123.2,3134.3,31801600,3447.7,2820.9,3839.9,2896.0,3123.3,19,2,3123.2,11,2,3123.1,11,2,3123.0,352,9,3122.7,100,1,3123.5,142,1,3123.6,195,1,3123.8,1,1,3123.9,345,6,3124.0,270,4
2031,2026-06-16 09:58:02+05:30,3123.3,12,3138.64,691559,96469.0,199319.0,3163.0,3163.0,3123.2,3134.3,31801600,3447.7,2820.9,3839.9,2896.0,3123.3,7,2,3123.2,11,2,3123.1,11,2,3123.0,352,9,3122.7,100,1,3123.5,200,1,3123.6,137,1,3123.8,1,1,3123.9,283,4,3124.0,243,4
2031,2026-06-16 09:58:03+05:30,3123.9,49,3138.64,691559,96469.0,199319.0,3163.0,3163.0,3123.2,3134.3,31801600,3447.7,2820.9,3839.9,2896.0,3123.3,7,2,3123.2,11,2,3123.1,11,2,3123.0,352,9,3122.7,100,1,3123.5,200,1,3123.6,137,1,3123.8,1,1,3123.9,283,4,3124.0,243,4
2031,2026-06-16 09:58:03+05:30,3124.5,14,3138.63,692194,98724.0,195154.0,3163.0,3163.0,3123.2,3134.3,31801600,3447.7,2820.9,3839.9,2896.0,3124.2,21,1,3124.1,179,6,3124.0,33,2,3123.9,32,2,3123.8,69,4,3124.6,200,1,3125.0,219,2,3125.2,32,1,3125.4,14,1,3125.6,36,2
2031,2026-06-16 09:58:04+05:30,3124.1,1,3138.63,692194,98724.0,195154.0,3163.0,3163.0,3123.2,3134.3,31801600,3447.7,2820.9,3839.9,2896.0,3124.2,21,1,3124.1,179,6,3124.0,33,2,3123.9,32,2,3123.8,69,4,3124.6,200,1,3125.0,219,2,3125.2,32,1,3125.4,14,1,3125.6,36,2
2031,2026-06-16 09:58:04+05:30,3124.5,1,3138.62,692336,97776.0,195055.0,3163.0,3163.0,3123.2,3134.3,31801600,3447.7,2820.9,3839.9,2896.0,3123.7,10,1,3123.6,155,5,3123.5,40,2,3123.4,63,4,3123.3,109,5,3124.5,198,1,3124.6,200,1,3125.0,306,3,3125.1,152,2,3125.2,149,4
2031,2026-06-16 09:58:05+05:30,3123.7,7,3138.62,692336,97776.0,195055.0,3163.0,3163.0,3123.2,3134.3,31801600,3447.7,2820.9,3839.9,2896.0,3123.7,10,1,3123.6,155,5,3123.5,40,2,3123.4,63,4,3123.3,109,5,3124.5,198,1,3124.6,200,1,3125.0,306,3,3125.1,152,2,3125.2,149,4
2031,2026-06-16 09:58:05+05:30,3123.7,7,3138.62,692343,97752.0,196890.0,3163.0,3163.0,3123.2,3134.3,31801600,3447.7,2820.9,3839.9,2896.0,3123.6,96,3,3123.5,49,2,3123.4,71,4,3123.3,109,5,3123.2,157,9,3124.5,198,1,3124.6,200,1,3125.0,306,3,3125.1,173,3,3125.2,175,5
2031,2026-06-16 09:58:06+05:30,3123.7,7,3138.62,692343,97842.0,196949.0,3163.0,3163.0,3123.2,3134.3,31801600,3447.7,2820.9,3839.9,2896.0,3123.6,141,6,3123.5,85,4,3123.4,71,4,3123.3,129,6,3123.2,157,9,3124.4,198,1,3124.5,63,2,3124.6,226,2,3125.0,306,3,3125.1,173,3
2031,2026-06-16 09:58:07+05:30,3124.3,10,3138.62,692423,98115.0,196954.0,3163.0,3163.0,3123.2,3134.3,31801600,3447.7,2820.9,3839.9,2896.0,3123.7,371,3,3123.6,123,5,3123.5,127,5,3123.4,106,5,3123.3,24,3,3124.3,183,1,3124.4,14,1,3124.5,84,4,3124.6,226,2,3125.0,396,4
2031,2026-06-16 09:58:08+05:30,3124.3,10,3138.62,692423,98115.0,196954.0,3163.0,3163.0,3123.2,3134.3,31801600,3447.7,2820.9,3839.9,2896.0,3123.7,371,3,3123.6,123,5,3123.5,127,5,3123.4,106,5,3123.3,24,3,3124.3,183,1,3124.4,14,1,3124.5,84,4,3124.6,226,2,3125.0,396,4
2031,2026-06-16 09:58:08+05:30,3123.8,10,3138.62,692443,98094.0,197079.0,3163.0,3163.0,3123.2,3134.3,31801600,3447.7,2820.9,3839.9,2896.0,3123.7,390,5,3123.6,187,6,3123.5,63,4,3123.4,106,5,3123.3,24,3,3124.2,183,1,3124.3,25,1,3124.4,14,1,3124.5,71,4,3124.6,226,2
2031,2026-06-16 09:58:09+05:30,3124.6,8,3138.62,692443,98094.0,197079.0,3163.0,3163.0,3123.2,3134.3,31801600,3447.7,2820.9,3839.9,2896.0,3123.7,390,5,3123.6,187,6,3123.5,63,4,3123.4,106,5,3123.3,24,3,3124.2,183,1,3124.3,25,1,3124.4,14,1,3124.5,71,4,3124.6,226,2
2031,2026-06-16 09:58:10+05:30,3125.0,1,3138.61,693014,105257.0,193978.0,3163.0,3163.0,3123.2,3134.3,31801600,3447.7,2820.9,3839.9,2896.0,3124.6,22,1,3124.5,195,8,3124.4,64,5,3124.3,30,2,3124.2,219,9,3125.0,118,2,3125.4,14,1,3125.8,77,3,3125.9,24,2,3126.0,99,3
2031,2026-06-16 09:58:10+05:30,3125.0,1,3138.61,693014,105257.0,193978.0,3163.0,3163.0,3123.2,3134.3,31801600,3447.7,2820.9,3839.9,2896.0,3124.6,22,1,3124.5,195,8,3124.4,64,5,3124.3,30,2,3124.2,219,9,3125.0,118,2,3125.4,14,1,3125.8,77,3,3125.9,24,2,3126.0,99,3
2031,2026-06-16 09:58:11+05:30,3125.0,1,3138.61,693016,105148.0,194698.0,3163.0,3163.0,3123.2,3134.3,31801600,3447.7,2820.9,3839.9,2896.0,3124.6,121,6,3124.5,67,4,3124.4,139,9,3124.3,36,3,3124.2,199,10,3125.0,334,3,3125.4,14,1,3125.8,101,4,3125.9,24,2,3126.0,99,3
2031,2026-06-16 09:58:12+05:30,3124.9,148,3138.6,693708,104501.0,195057.0,3163.0,3163.0,3123.2,3134.3,31801600,3447.7,2820.9,3839.9,2896.0,3124.8,22,1,3124.6,24,2,3124.3,6,1,3124.2,31,3,3124.1,5,1,3125.0,89,1,3125.4,21,1,3125.6,171,4,3125.7,231,2,3125.8,160,6
2031,2026-06-16 09:58:12+05:30,3124.9,148,3138.6,693708,104501.0,195057.0,3163.0,3163.0,3123.2,3134.3,31801600,3447.7,2820.9,3839.9,2896.0,3124.8,22,1,3124.6,24,2,3124.3,6,1,3124.2,31,3,3124.1,5,1,3125.0,89,1,3125.4,21,1,3125.6,171,4,3125.7,231,2,3125.8,160,6
2031,2026-06-16 09:58:13+05:30,3124.5,145,3138.6,693708,104501.0,195057.0,3163.0,3163.0,3123.2,3134.3,31801600,3447.7,2820.9,3839.9,2896.0,3124.8,22,1,3124.6,24,2,3124.3,6,1,3124.2,31,3,3124.1,5,1,3125.0,89,1,3125.4,21,1,3125.6,171,4,3125.7,231,2,3125.8,160,6
2031,2026-06-16 09:58:13+05:30,3124.5,145,3138.59,693908,104358.0,195495.0,3163.0,3163.0,3123.2,3134.3,31801600,3447.7,2820.9,3839.9,2896.0,3124.5,22,1,3124.2,65,5,3124.1,255,4,3124.0,88,7,3123.9,237,5,3125.0,154,3,3125.2,200,1,3125.6,24,1,3125.7,90,2,3125.8,136,5
2031,2026-06-16 09:58:14+05:30,3124.5,5,3138.59,693908,104358.0,195495.0,3163.0,3163.0,3123.2,3134.3,31801600,3447.7,2820.9,3839.9,2896.0,3124.5,22,1,3124.2,65,5,3124.1,255,4,3124.0,88,7,3123.9,237,5,3125.0,154,3,3125.2,200,1,3125.6,24,1,3125.7,90,2,3125.8,136,5
2031,2026-06-16 09:58:14+05:30,3124.5,5,3138.59,693913,104329.0,195319.0,3163.0,3163.0,3123.2,3134.3,31801600,3447.7,2820.9,3839.9,2896.0,3124.5,17,1,3124.2,31,3,3124.1,241,4,3124.0,69,6,3123.9,155,4,3125.0,154,3,3125.2,226,2,3125.6,24,1,3125.7,90,2,3125.8,220,6
2031,2026-06-16 09:58:15+05:30,3125.0,1,3138.59,693913,104329.0,195319.0,3163.0,3163.0,3123.2,3134.3,31801600,3447.7,2820.9,3839.9,2896.0,3124.5,17,1,3124.2,31,3,3124.1,241,4,3124.0,69,6,3123.9,155,4,3125.0,154,3,3125.2,226,2,3125.6,24,1,3125.7,90,2,3125.8,220,6
2031,2026-06-16 09:58:15+05:30,3125.0,1,3138.59,693914,104965.0,195849.0,3163.0,3163.0,3123.2,3134.3,31801600,3447.7,2820.9,3839.9,2896.0,3124.8,2,2,3124.5,18,2,3124.2,50,4,3124.1,238,3,3124.0,591,9,3125.0,179,5,3125.2,226,2,3125.6,24,1,3125.7,90,2,3125.8,117,4
2031,2026-06-16 09:58:16+05:30,3125.0,2,3138.59,693916,105065.0,195868.0,3163.0,3163.0,3123.2,3134.3,31801600,3447.7,2820.9,3839.9,2896.0,3124.8,2,2,3124.5,18,2,3124.2,50,4,3124.1,238,3,3124.0,616,10,3125.0,177,5,3125.2,226,2,3125.6,24,1,3125.7,90,2,3125.8,117,4
2031,2026-06-16 09:58:17+05:30,3125.0,2,3138.59,693916,105065.0,195868.0,3163.0,3163.0,3123.2,3134.3,31801600,3447.7,2820.9,3839.9,2896.0,3124.8,2,2,3124.5,18,2,3124.2,50,4,3124.1,238,3,3124.0,616,10,3125.0,177,5,3125.2,226,2,3125.6,24,1,3125.7,90,2,3125.8,117,4
2031,2026-06-16 09:58:17+05:30,3125.0,1,3138.59,693916,105065.0,195868.0,3163.0,3163.0,3123.2,3134.3,31801600,3447.7,2820.9,3839.9,2896.0,3124.8,2,2,3124.5,18,2,3124.2,50,4,3124.1,238,3,3124.0,616,10,3125.0,177,5,3125.2,226,2,3125.6,24,1,3125.7,90,2,3125.8,117,4
2031,2026-06-16 09:58:17+05:30,3125.0,1,3138.59,693917,104803.0,195851.0,3163.0,3163.0,3123.2,3134.3,31801600,3447.7,2820.9,3839.9,2896.0,3124.9,26,1,3124.8,2,2,3124.5,1,1,3124.3,22,1,3124.2,28,3,3125.0,176,5,3125.2,226,2,3125.6,24,1,3125.7,174,3,3125.8,117,4
2031,2026-06-16 09:58:18+05:30,3124.9,26,3138.59,693917,104803.0,195851.0,3163.0,3163.0,3123.2,3134.3,31801600,3447.7,2820.9,3839.9,2896.0,3124.9,26,1,3124.8,2,2,3124.5,1,1,3124.3,22,1,3124.2,28,3,3125.0,176,5,3125.2,226,2,3125.6,24,1,3125.7,174,3,3125.8,117,4
2031,2026-06-16 09:58:18+05:30,3124.9,26,3138.59,693917,104803.0,195851.0,3163.0,3163.0,3123.2,3134.3,31801600,3447.7,2820.9,3839.9,2896.0,3124.9,26,1,3124.8,2,2,3124.5,1,1,3124.3,22,1,3124.2,28,3,3125.0,176,5,3125.2,226,2,3125.6,24,1,3125.7,174,3,3125.8,117,4
2031,2026-06-16 09:58:18+05:30,3124.8,1,3138.59,694149,104454.0,196489.0,3163.0,3163.0,3123.2,3134.3,31801600,3447.7,2820.9,3839.9,2896.0,3124.5,1,1,3124.2,2,1,3124.0,518,3,3123.9,4,1,3123.8,38,3,3124.8,196,1,3125.0,200,1,3125.2,26,1,3125.4,84,1,3125.5,85,2
2031,2026-06-16 09:58:19+05:30,3124.8,25,3138.59,694149,104454.0,196489.0,3163.0,3163.0,3123.2,3134.3,31801600,3447.7,2820.9,3839.9,2896.0,3124.5,1,1,3124.2,2,1,3124.0,518,3,3123.9,4,1,3123.8,38,3,3124.8,196,1,3125.0,200,1,3125.2,26,1,3125.4,84,1,3125.5,85,2
2031,2026-06-16 09:58:19+05:30,3124.8,25,3138.59,694174,104685.0,195648.0,3163.0,3163.0,3123.2,3134.3,31801600,3447.7,2820.9,3839.9,2896.0,3124.5,1,1,3124.2,2,1,3124.0,540,4,3123.9,143,5,3123.8,174,5,3125.0,24,1,3125.2,26,1,3125.4,192,2,3125.5,94,2,3125.6,19,1
2031,2026-06-16 09:58:20+05:30,3124.8,25,3138.59,694174,104685.0,195648.0,3163.0,3163.0,3123.2,3134.3,31801600,3447.7,2820.9,3839.9,2896.0,3124.5,1,1,3124.2,2,1,3124.0,540,4,3123.9,143,5,3123.8,174,5,3125.0,24,1,3125.2,26,1,3125.4,192,2,3125.5,94,2,3125.6,19,1
2031,2026-06-16 09:58:21+05:30,3124.0,192,3138.58,694407,103629.0,196146.0,3163.0,3163.0,3123.2,3134.3,31801600,3447.7,2820.9,3839.9,2896.0,3124.0,326,3,3123.8,75,2,3123.7,5349,4,3123.6,86,3,3123.5,31,2,3124.9,21,1,3125.0,192,3,3125.2,163,4,3125.4,122,4,3125.5,330,4
2031,2026-06-16 09:58:21+05:30,3124.8,10,3138.58,694407,103629.0,196146.0,3163.0,3163.0,3123.2,3134.3,31801600,3447.7,2820.9,3839.9,2896.0,3124.0,326,3,3123.8,75,2,3123.7,5349,4,3123.6,86,3,3123.5,31,2,3124.9,21,1,3125.0,192,3,3125.2,163,4,3125.4,122,4,3125.5,330,4
2031,2026-06-16 09:58:22+05:30,3124.8,10,3138.58,694407,103629.0,196146.0,3163.0,3163.0,3123.2,3134.3,31801600,3447.7,2820.9,3839.9,2896.0,3124.0,326,3,3123.8,75,2,3123.7,5349,4,3123.6,86,3,3123.5,31,2,3124.9,21,1,3125.0,192,3,3125.2,163,4,3125.4,122,4,3125.5,330,4
2031,2026-06-16 09:58:22+05:30,3124.1,91,3138.58,694617,103881.0,195411.0,3163.0,3163.0,3123.2,3134.3,31801600,3447.7,2820.9,3839.9,2896.0,3124.0,456,10,3123.9,65,4,3123.8,85,7,3123.7,5391,4,3123.6,124,5,3124.9,41,1,3125.0,197,3,3125.1,23,1,3125.2,26,1,3125.4,41,2
2031,2026-06-16 09:58:22+05:30,3124.1,91,3138.58,694617,103881.0,195411.0,3163.0,3163.0,3123.2,3134.3,31801600,3447.7,2820.9,3839.9,2896.0,3124.0,456,10,3123.9,65,4,3123.8,85,7,3123.7,5391,4,3123.6,124,5,3124.9,41,1,3125.0,197,3,3125.1,23,1,3125.2,26,1,3125.4,41,2
2031,2026-06-16 09:58:23+05:30,3125.1,30,3138.57,694887,105027.0,194629.0,3163.0,3163.0,3123.2,3134.3,31801600,3447.7,2820.9,3839.9,2896.0,3124.2,107,7,3124.1,158,6,3124.0,611,15,3123.9,118,5,3123.8,162,8,3125.1,13,1,3125.2,26,1,3125.4,21,1,3125.7,68,1,3125.8,277,4
2031,2026-06-16 09:58:23+05:30,3125.1,30,3138.57,694887,105027.0,194629.0,3163.0,3163.0,3123.2,3134.3,31801600,3447.7,2820.9,3839.9,2896.0,3124.2,107,7,3124.1,158,6,3124.0,611,15,3123.9,118,5,3123.8,162,8,3125.1,13,1,3125.2,26,1,3125.4,21,1,3125.7,68,1,3125.8,277,4
2031,2026-06-16 09:58:23+05:30,3125.1,30,3138.57,694887,105027.0,194629.0,3163.0,3163.0,3123.2,3134.3,31801600,3447.7,2820.9,3839.9,2896.0,3124.2,107,7,3124.1,158,6,3124.0,611,15,3123.9,118,5,3123.8,162,8,3125.1,13,1,3125.2,26,1,3125.4,21,1,3125.7,68,1,3125.8,277,4
2031,2026-06-16 09:58:24+05:30,3125.1,3,3138.57,694887,105027.0,194629.0,3163.0,3163.0,3123.2,3134.3,31801600,3447.7,2820.9,3839.9,2896.0,3124.2,107,7,3124.1,158,6,3124.0,611,15,3123.9,118,5,3123.8,162,8,3125.1,13,1,3125.2,26,1,3125.4,21,1,3125.7,68,1,3125.8,277,4
2031,2026-06-16 09:58:24+05:30,3125.1,3,3138.57,694891,104615.0,195410.0,3163.0,3163.0,3123.2,3134.3,31801600,3447.7,2820.9,3839.9,2896.0,3124.0,456,10,3123.9,37,3,3123.8,85,6,3123.7,5478,6,3123.6,157,7,3125.0,20,1,3125.1,34,2,3125.2,226,2,3125.4,89,2,3125.6,21,1
2031,2026-06-16 09:58:25+05:30,3125.1,3,3138.57,694891,104615.0,195410.0,3163.0,3163.0,3123.2,3134.3,31801600,3447.7,2820.9,3839.9,2896.0,3124.0,456,10,3123.9,37,3,3123.8,85,6,3123.7,5478,6,3123.6,157,7,3125.0,20,1,3125.1,34,2,3125.2,226,2,3125.4,89,2,3125.6,21,1
2031,2026-06-16 09:58:25+05:30,3124.0,2,3138.57,694891,104615.0,195410.0,3163.0,3163.0,3123.2,3134.3,31801600,3447.7,2820.9,3839.9,2896.0,3124.0,456,10,3123.9,37,3,3123.8,85,6,3123.7,5478,6,3123.6,157,7,3125.0,20,1,3125.1,34,2,3125.2,226,2,3125.4,89,2,3125.6,21,1
2031,2026-06-16 09:58:25+05:30,3124.0,2,3138.56,695297,103460.0,196862.0,3163.0,3163.0,3123.2,3134.3,31801600,3447.7,2820.9,3839.9,2896.0,3124.0,85,6,3123.9,56,2,3123.8,1,1,3123.7,5345,4,3123.6,37,2,3124.8,242,3,3125.0,40,2,3125.1,160,4,3125.2,165,4,3125.3,200,1
2031,2026-06-16 09:58:26+05:30,3124.8,1,3138.56,695297,103460.0,196862.0,3163.0,3163.0,3123.2,3134.3,31801600,3447.7,2820.9,3839.9,2896.0,3124.0,85,6,3123.9,56,2,3123.8,1,1,3123.7,5345,4,3123.6,37,2,3124.8,242,3,3125.0,40,2,3125.1,160,4,3125.2,165,4,3125.3,200,1
2031,2026-06-16 09:58:26+05:30,3124.8,1,3138.56,695297,103460.0,196862.0,3163.0,3163.0,3123.2,3134.3,31801600,3447.7,2820.9,3839.9,2896.0,3124.0,85,6,3123.9,56,2,3123.8,1,1,3123.7,5345,4,3123.6,37,2,3124.8,242,3,3125.0,40,2,3125.1,160,4,3125.2,165,4,3125.3,200,1
2031,2026-06-16 09:58:26+05:30,3124.8,1,3138.56,695298,103460.0,196864.0,3163.0,3163.0,3123.2,3134.3,31801600,3447.7,2820.9,3839.9,2896.0,3124.0,85,6,3123.9,56,2,3123.8,1,1,3123.7,5345,4,3123.6,154,4,3124.8,245,3,3125.0,40,2,3125.1,156,4,3125.2,146,3,3125.3,226,2
2031,2026-06-16 09:58:27+05:30,3124.8,1,3138.56,695298,103460.0,196864.0,3163.0,3163.0,3123.2,3134.3,31801600,3447.7,2820.9,3839.9,2896.0,3124.0,85,6,3123.9,56,2,3123.8,1,1,3123.7,5345,4,3123.6,154,4,3124.8,245,3,3125.0,40,2,3125.1,156,4,3125.2,146,3,3125.3,226,2
2031,2026-06-16 09:58:27+05:30,3124.7,1,3138.56,695298,103460.0,196864.0,3163.0,3163.0,3123.2,3134.3,31801600,3447.7,2820.9,3839.9,2896.0,3124.0,85,6,3123.9,56,2,3123.8,1,1,3123.7,5345,4,3123.6,154,4,3124.8,245,3,3125.0,40,2,3125.1,156,4,3125.2,146,3,3125.3,226,2
2031,2026-06-16 09:58:27+05:30,3124.7,1,3138.56,695298,103460.0,196864.0,3163.0,3163.0,3123.2,3134.3,31801600,3447.7,2820.9,3839.9,2896.0,3124.0,85,6,3123.9,56,2,3123.8,1,1,3123.7,5345,4,3123.6,154,4,3124.8,245,3,3125.0,40,2,3125.1,156,4,3125.2,146,3,3125.3,226,2
2031,2026-06-16 09:58:27+05:30,3124.7,1,3138.56,695349,103559.0,196529.0,3163.0,3163.0,3123.2,3134.3,31801600,3447.7,2820.9,3839.9,2896.0,3124.0,128,6,3123.9,55,1,3123.8,82,3,3123.7,5345,4,3123.6,173,5,3124.8,245,3,3125.0,40,2,3125.1,30,2,3125.2,68,2,3125.3,226,2
2031,2026-06-16 09:58:28+05:30,3124.7,1,3138.56,695349,103559.0,196529.0,3163.0,3163.0,3123.2,3134.3,31801600,3447.7,2820.9,3839.9,2896.0,3124.0,128,6,3123.9,55,1,3123.8,82,3,3123.7,5345,4,3123.6,173,5,3124.8,245,3,3125.0,40,2,3125.1,30,2,3125.2,68,2,3125.3,226,2
2031,2026-06-16 09:58:28+05:30,3124.0,20,3138.56,695349,103559.0,196529.0,3163.0,3163.0,3123.2,3134.3,31801600,3447.7,2820.9,3839.9,2896.0,3124.0,128,6,3123.9,55,1,3123.8,82,3,3123.7,5345,4,3123.6,173,5,3124.8,245,3,3125.0,40,2,3125.1,30,2,3125.2,68,2,3125.3,226,2
2031,2026-06-16 09:58:28+05:30,3124.0,20,3138.56,695349,103559.0,196529.0,3163.0,3163.0,3123.2,3134.3,31801600,3447.7,2820.9,3839.9,2896.0,3124.0,128,6,3123.9,55,1,3123.8,82,3,3123.7,5345,4,3123.6,173,5,3124.8,245,3,3125.0,40,2,3125.1,30,2,3125.2,68,2,3125.3,226,2
2031,2026-06-16 09:58:28+05:30,3124.0,2,3138.56,695649,102961.0,197891.0,3163.0,3163.0,3123.2,3134.3,31801600,3447.7,2820.9,3839.9,2896.0,3124.0,33,3,3123.9,55,1,3123.8,1,1,3123.7,5342,3,3123.6,15,1,3124.4,21,1,3124.5,248,4,3124.6,138,4,3124.7,89,2,3124.8,113,4
2031,2026-06-16 09:58:29+05:30,3124.0,2,3138.56,695649,102961.0,197891.0,3163.0,3163.0,3123.2,3134.3,31801600,3447.7,2820.9,3839.9,2896.0,3124.0,33,3,3123.9,55,1,3123.8,1,1,3123.7,5342,3,3123.6,15,1,3124.4,21,1,3124.5,248,4,3124.6,138,4,3124.7,89,2,3124.8,113,4
2031,2026-06-16 09:58:29+05:30,3124.0,2,3138.56,695649,102961.0,197891.0,3163.0,3163.0,3123.2,3134.3,31801600,3447.7,2820.9,3839.9,2896.0,3124.0,33,3,3123.9,55,1,3123.8,1,1,3123.7,5342,3,3123.6,15,1,3124.4,21,1,3124.5,248,4,3124.6,138,4,3124.7,89,2,3124.8,113,4
2031,2026-06-16 09:58:29+05:30,3124.0,2,3138.56,695649,102989.0,196031.0,3163.0,3163.0,3123.2,3134.3,31801600,3447.7,2820.9,3839.9,2896.0,3124.0,35,4,3123.9,55,1,3123.8,1,1,3123.7,5342,3,3123.6,15,1,3124.3,200,1,3124.4,67,3,3124.5,58,3,3124.6,138,4,3124.7,89,2
2031,2026-06-16 09:58:30+05:30,3124.3,1,3138.56,695649,102989.0,196031.0,3163.0,3163.0,3123.2,3134.3,31801600,3447.7,2820.9,3839.9,2896.0,3124.0,35,4,3123.9,55,1,3123.8,1,1,3123.7,5342,3,3123.6,15,1,3124.3,200,1,3124.4,67,3,3124.5,58,3,3124.6,138,4,3124.7,89,2
2031,2026-06-16 09:58:30+05:30,3124.3,1,3138.56,695649,102989.0,196031.0,3163.0,3163.0,3123.2,3134.3,31801600,3447.7,2820.9,3839.9,2896.0,3124.0,35,4,3123.9,55,1,3123.8,1,1,3123.7,5342,3,3123.6,15,1,3124.3,200,1,3124.4,67,3,3124.5,58,3,3124.6,138,4,3124.7,89,2
2031,2026-06-16 09:58:30+05:30,3124.1,2,3138.56,695654,103023.0,197948.0,3163.0,3163.0,3123.2,3134.3,31801600,3447.7,2820.9,3839.9,2896.0,3124.0,36,5,3123.9,55,1,3123.8,1,1,3123.7,5342,3,3123.6,15,1,3124.1,16,1,3124.2,84,5,3124.3,256,5,3124.4,80,3,3124.5,17,1
2031,2026-06-16 09:58:30+05:30,3124.1,2,3138.56,695654,103023.0,197948.0,3163.0,3163.0,3123.2,3134.3,31801600,3447.7,2820.9,3839.9,2896.0,3124.0,36,5,3123.9,55,1,3123.8,1,1,3123.7,5342,3,3123.6,15,1,3124.1,16,1,3124.2,84,5,3124.3,256,5,3124.4,80,3,3124.5,17,1
2031,2026-06-16 09:58:31+05:30,3124.1,1,3138.56,695654,103023.0,197948.0,3163.0,3163.0,3123.2,3134.3,31801600,3447.7,2820.9,3839.9,2896.0,3124.0,36,5,3123.9,55,1,3123.8,1,1,3123.7,5342,3,3123.6,15,1,3124.1,16,1,3124.2,84,5,3124.3,256,5,3124.4,80,3,3124.5,17,1
2031,2026-06-16 09:58:31+05:30,3124.1,1,3138.56,695654,103023.0,197948.0,3163.0,3163.0,3123.2,3134.3,31801600,3447.7,2820.9,3839.9,2896.0,3124.0,36,5,3123.9,55,1,3123.8,1,1,3123.7,5342,3,3123.6,15,1,3124.1,16,1,3124.2,84,5,3124.3,256,5,3124.4,80,3,3124.5,17,1
2031,2026-06-16 09:58:32+05:30,3124.1,199,3138.55,695869,104082.0,194585.0,3163.0,3163.0,3123.2,3134.3,31801600,3447.7,2820.9,3839.9,2896.0,3124.0,36,5,3123.9,55,1,3123.8,23,2,3123.7,5391,4,3123.6,50,3,3124.3,27,2,3125.0,25,2,3125.1,28,2,3125.2,108,2,3125.3,158,1
2031,2026-06-16 09:58:32+05:30,3124.1,199,3138.55,695869,104082.0,194585.0,3163.0,3163.0,3123.2,3134.3,31801600,3447.7,2820.9,3839.9,2896.0,3124.0,36,5,3123.9,55,1,3123.8,23,2,3123.7,5391,4,3123.6,50,3,3124.3,27,2,3125.0,25,2,3125.1,28,2,3125.2,108,2,3125.3,158,1
2031,2026-06-16 09:58:32+05:30,3124.1,199,3138.55,695869,104082.0,194585.0,3163.0,3163.0,3123.2,3134.3,31801600,3447.7,2820.9,3839.9,2896.0,3124.0,36,5,3123.9,55,1,3123.8,23,2,3123.7,5391,4,3123.6,50,3,3124.3,27,2,3125.0,25,2,3125.1,28,2,3125.2,108,2,3125.3,158,1
2031,2026-06-16 09:58:33+05:30,3124.1,199,3138.55,695869,104160.0,196860.0,3163.0,3163.0,3123.2,3134.3,31801600,3447.7,2820.9,3839.9,2896.0,3124.0,36,5,3123.9,55,1,3123.8,23,2,3123.7,5391,4,3123.6,109,4,3124.3,27,2,3125.0,25,2,3125.1,19,1,3125.2,128,3,3125.3,183,2
2031,2026-06-16 09:58:33+05:30,3124.1,199,3138.55,695869,104160.0,196860.0,3163.0,3163.0,3123.2,3134.3,31801600,3447.7,2820.9,3839.9,2896.0,3124.0,36,5,3123.9,55,1,3123.8,23,2,3123.7,5391,4,3123.6,109,4,3124.3,27,2,3125.0,25,2,3125.1,19,1,3125.2,128,3,3125.3,183,2
2031,2026-06-16 09:58:34+05:30,3124.1,199,3138.55,695869,103976.0,197371.0,3163.0,3163.0,3123.2,3134.3,31801600,3447.7,2820.9,3839.9,2896.0,3124.0,36,5,3123.9,55,1,3123.8,1,1,3123.7,5364,4,3123.6,28,2,3124.3,28,3,3124.8,200,1,3125.0,25,2,3125.1,20,1,3125.2,128,3
2031,2026-06-16 09:58:34+05:30,3124.1,199,3138.55,695869,103976.0,197371.0,3163.0,3163.0,3123.2,3134.3,31802800,3447.7,2820.9,3839.9,2896.0,3124.0,36,5,3123.9,55,1,3123.8,1,1,3123.7,5364,4,3123.6,28,2,3124.3,28,3,3124.8,200,1,3125.0,25,2,3125.1,20,1,3125.2,128,3
2031,2026-06-16 09:58:35+05:30,3124.0,3,3138.55,695869,103976.0,197371.0,3163.0,3163.0,3123.2,3134.3,31802800,3447.7,2820.9,3839.9,2896.0,3124.0,36,5,3123.9,55,1,3123.8,1,1,3123.7,5364,4,3123.6,28,2,3124.3,28,3,3124.8,200,1,3125.0,25,2,3125.1,20,1,3125.2,128,3
2031,2026-06-16 09:58:35+05:30,3124.0,3,3138.55,695875,103868.0,197382.0,3163.0,3163.0,3123.2,3134.3,31802800,3447.7,2820.9,3839.9,2896.0,3124.0,30,4,3123.9,55,1,3123.8,1,1,3123.7,5342,3,3123.6,15,1,3124.3,102,7,3124.4,205,2,3124.6,40,1,3124.7,55,3,3124.8,40,1
2031,2026-06-16 09:58:36+05:30,3124.2,1,3138.55,695875,103868.0,197382.0,3163.0,3163.0,3123.2,3134.3,31802800,3447.7,2820.9,3839.9,2896.0,3124.0,30,4,3123.9,55,1,3123.8,1,1,3123.7,5342,3,3123.6,15,1,3124.3,102,7,3124.4,205,2,3124.6,40,1,3124.7,55,3,3124.8,40,1
2031,2026-06-16 09:58:36+05:30,3124.2,1,3138.55,695926,103216.0,197532.0,3163.0,3163.0,3123.2,3134.3,31802800,3447.7,2820.9,3839.9,2896.0,3124.0,30,4,3123.9,55,1,3123.8,1,1,3123.7,5342,3,3123.6,15,1,3124.3,99,6,3124.4,19,2,3124.5,199,1,3124.6,40,1,3124.7,43,2
2031,2026-06-16 09:58:37+05:30,3124.3,1,3138.55,695926,103216.0,197532.0,3163.0,3163.0,3123.2,3134.3,31802800,3447.7,2820.9,3839.9,2896.0,3124.0,30,4,3123.9,55,1,3123.8,1,1,3123.7,5342,3,3123.6,15,1,3124.3,99,6,3124.4,19,2,3124.5,199,1,3124.6,40,1,3124.7,43,2
2031,2026-06-16 09:58:37+05:30,3124.3,1,3138.55,695983,103868.0,197515.0,3163.0,3163.0,3123.2,3134.3,31802800,3447.7,2820.9,3839.9,2896.0,3124.0,30,4,3123.8,1,1,3123.7,5342,3,3123.6,15,1,3123.5,10,1,3124.3,37,4,3124.4,5,1,3124.5,199,1,3124.6,40,1,3124.7,24,1
2031,2026-06-16 09:58:38+05:30,3124.3,1,3138.55,695983,103868.0,197515.0,3163.0,3163.0,3123.2,3134.3,31802800,3447.7,2820.9,3839.9,2896.0,3124.0,30,4,3123.8,1,1,3123.7,5342,3,3123.6,15,1,3123.5,10,1,3124.3,37,4,3124.4,5,1,3124.5,199,1,3124.6,40,1,3124.7,24,1
2031,2026-06-16 09:58:38+05:30,3124.3,19,3138.55,696021,103896.0,197346.0,3163.0,3163.0,3123.2,3134.3,31802800,3447.7,2820.9,3839.9,2896.0,3124.0,16,5,3123.8,1,1,3123.7,5342,3,3123.6,15,1,3123.5,10,1,3124.3,14,3,3124.4,5,1,3124.5,199,1,3124.7,24,1,3124.8,44,2
2031,2026-06-16 09:58:39+05:30,3124.3,19,3138.55,696021,103896.0,197346.0,3163.0,3163.0,3123.2,3134.3,31802800,3447.7,2820.9,3839.9,2896.0,3124.0,16,5,3123.8,1,1,3123.7,5342,3,3123.6,15,1,3123.5,10,1,3124.3,14,3,3124.4,5,1,3124.5,199,1,3124.7,24,1,3124.8,44,2
2031,2026-06-16 09:58:39+05:30,3124.3,19,3138.55,696021,104050.0,197384.0,3163.0,3163.0,3123.2,3134.3,31802800,3447.7,2820.9,3839.9,2896.0,3124.0,45,7,3123.8,1,1,3123.7,5342,3,3123.6,15,1,3123.5,10,1,3124.3,14,3,3124.4,5,1,3124.5,199,1,3124.8,4,1,3124.9,50,2
2031,2026-06-16 09:58:40+05:30,3124.3,8,3138.55,696021,104050.0,197384.0,3163.0,3163.0,3123.2,3134.3,31802800,3447.7,2820.9,3839.9,2896.0,3124.0,45,7,3123.8,1,1,3123.7,5342,3,3123.6,15,1,3123.5,10,1,3124.3,14,3,3124.4,5,1,3124.5,199,1,3124.8,4,1,3124.9,50,2
2031,2026-06-16 09:58:40+05:30,3124.0,1,3138.55,696047,104127.0,197195.0,3163.0,3163.0,3123.2,3134.3,31802800,3447.7,2820.9,3839.9,2896.0,3124.0,57,6,3123.8,1,1,3123.7,5342,3,3123.6,15,1,3123.5,81,3,3124.3,4,2,3124.4,5,1,3124.7,199,1,3124.9,71,2,3125.0,235,4
2031,2026-06-16 09:58:41+05:30,3124.0,13,3138.55,696047,104127.0,197195.0,3163.0,3163.0,3123.2,3134.3,31802800,3447.7,2820.9,3839.9,2896.0,3124.0,57,6,3123.8,1,1,3123.7,5342,3,3123.6,15,1,3123.5,81,3,3124.3,4,2,3124.4,5,1,3124.7,199,1,3124.9,71,2,3125.0,235,4
2031,2026-06-16 09:58:41+05:30,3124.2,8,3138.54,696276,103059.0,197594.0,3163.0,3163.0,3123.2,3134.3,31802800,3447.7,2820.9,3839.9,2896.0,3124.0,14,3,3123.8,1,1,3123.7,5342,3,3123.6,15,1,3123.5,10,1,3124.2,12,1,3124.3,92,6,3124.4,223,3,3124.5,28,2,3124.6,59,2
2031,2026-06-16 09:58:42+05:30,3124.2,1,3138.54,696276,103059.0,197594.0,3163.0,3163.0,3123.2,3134.3,31802800,3447.7,2820.9,3839.9,2896.0,3124.0,14,3,3123.8,1,1,3123.7,5342,3,3123.6,15,1,3123.5,10,1,3124.2,12,1,3124.3,92,6,3124.4,223,3,3124.5,28,2,3124.6,59,2
2031,2026-06-16 09:58:42+05:30,3124.2,1,3138.54,696477,103244.0,197371.0,3163.0,3163.0,3123.2,3134.3,31802800,3447.7,2820.9,3839.9,2896.0,3124.0,11,1,3123.8,1,1,3123.7,5342,3,3123.5,10,1,3123.2,60,3,3124.2,26,3,3124.3,31,4,3124.4,5,1,3124.6,239,2,3124.8,95,3
2031,2026-06-16 09:58:43+05:30,3124.2,1,3138.54,696477,103244.0,197371.0,3163.0,3163.0,3123.2,3134.3,31802800,3447.7,2820.9,3839.9,2896.0,3124.0,11,1,3123.8,1,1,3123.7,5342,3,3123.5,10,1,3123.2,60,3,3124.2,26,3,3124.3,31,4,3124.4,5,1,3124.6,239,2,3124.8,95,3
2031,2026-06-16 09:58:43+05:30,3124.2,1,3138.54,696478,103922.0,197369.0,3163.0,3163.0,3123.2,3134.3,31802800,3447.7,2820.9,3839.9,2896.0,3124.0,11,1,3123.8,1,1,3123.7,5342,3,3123.5,10,1,3123.2,60,3,3124.2,29,4,3124.3,31,4,3124.4,5,1,3124.6,239,2,3124.8,95,3
2031,2026-06-16 09:58:44+05:30,3124.2,1,3138.54,696478,103992.0,197563.0,3163.0,3163.0,3123.2,3134.3,31802800,3447.7,2820.9,3839.9,2896.0,3124.0,39,3,3123.9,10,1,3123.8,1,1,3123.7,5342,3,3123.5,29,2,3124.2,29,4,3124.3,31,4,3124.4,5,1,3124.6,199,1,3124.8,40,1
2031,2026-06-16 09:58:45+05:30,3124.2,8,3138.54,696478,103992.0,197563.0,3163.0,3163.0,3123.2,3134.3,31802800,3447.7,2820.9,3839.9,2896.0,3124.0,39,3,3123.9,10,1,3123.8,1,1,3123.7,5342,3,3123.5,29,2,3124.2,29,4,3124.3,31,4,3124.4,5,1,3124.6,199,1,3124.8,40,1
2031,2026-06-16 09:58:45+05:30,3124.2,8,3138.54,696547,103836.0,197490.0,3163.0,3163.0,3123.2,3134.3,31802800,3447.7,2820.9,3839.9,2896.0,3124.1,2,2,3124.0,4,2,3123.9,10,1,3123.8,1,1,3123.7,5342,3,3124.2,24,2,3124.3,31,4,3124.4,5,1,3124.5,199,1,3124.8,200,1
2031,2026-06-16 09:58:46+05:30,3124.2,8,3138.54,696547,103872.0,198125.0,3163.0,3163.0,3123.2,3134.3,31802800,3447.7,2820.9,3839.9,2896.0,3124.1,2,2,3124.0,4,2,3123.9,25,2,3123.8,1,1,3123.7,5342,3,3124.2,33,3,3124.3,24,3,3124.4,204,2,3124.7,200,1,3124.8,40,1
2031,2026-06-16 09:58:47+05:30,3124.0,3,3138.54,696547,103872.0,198125.0,3163.0,3163.0,3123.2,3134.3,31802800,3447.7,2820.9,3839.9,2896.0,3124.1,2,2,3124.0,4,2,3123.9,25,2,3123.8,1,1,3123.7,5342,3,3124.2,33,3,3124.3,24,3,3124.4,204,2,3124.7,200,1,3124.8,40,1
2031,2026-06-16 09:58:47+05:30,3124.9,63,3138.52,697454,103135.0,196519.0,3163.0,3163.0,3123.2,3134.3,31802800,3447.7,2820.9,3839.9,2896.0,3124.0,4,2,3123.9,25,2,3123.8,1,1,3123.7,5342,3,3123.5,78,2,3124.6,7,1,3124.7,207,2,3124.8,41,2,3124.9,61,3,3125.0,346,8
2031,2026-06-16 09:58:48+05:30,3124.9,63,3138.52,697454,103135.0,196519.0,3163.0,3163.0,3123.2,3134.3,31802800,3447.7,2820.9,3839.9,2896.0,3124.0,4,2,3123.9,25,2,3123.8,1,1,3123.7,5342,3,3123.5,78,2,3124.6,7,1,3124.7,207,2,3124.8,41,2,3124.9,61,3,3125.0,346,8
2031,2026-06-16 09:58:48+05:30,3124.9,63,3138.52,697454,102991.0,197625.0,3163.0,3163.0,3123.2,3134.3,31802800,3447.7,2820.9,3839.9,2896.0,3124.0,28,3,3123.9,25,2,3123.8,1,1,3123.7,5342,3,3123.5,10,1,3124.4,11,2,3124.5,97,5,3124.6,45,3,3124.7,219,2,3124.8,109,4
2031,2026-06-16 09:58:49+05:30,3124.0,4,3138.52,697454,102991.0,197625.0,3163.0,3163.0,3123.2,3134.3,31802800,3447.7,2820.9,3839.9,2896.0,3124.0,28,3,3123.9,25,2,3123.8,1,1,3123.7,5342,3,3123.5,10,1,3124.4,11,2,3124.5,97,5,3124.6,45,3,3124.7,219,2,3124.8,109,4
2031,2026-06-16 09:58:49+05:30,3124.3,1,3138.52,697463,103401.0,197608.0,3163.0,3163.0,3123.2,3134.3,31802800,3447.7,2820.9,3839.9,2896.0,3124.0,166,5,3123.9,25,2,3123.8,1,1,3123.7,5342,3,3123.5,10,1,3124.3,47,3,3124.4,52,4,3124.5,81,3,3124.6,45,3,3124.7,200,1
2031,2026-06-16 09:58:50+05:30,3124.0,2,3138.52,697463,103401.0,197608.0,3163.0,3163.0,3123.2,3134.3,31802800,3447.7,2820.9,3839.9,2896.0,3124.0,166,5,3123.9,25,2,3123.8,1,1,3123.7,5342,3,3123.5,10,1,3124.3,47,3,3124.4,52,4,3124.5,81,3,3124.6,45,3,3124.7,200,1
2031,2026-06-16 09:58:50+05:30,3124.0,2,3138.52,697465,103562.0,197333.0,3163.0,3163.0,3123.2,3134.3,31802800,3447.7,2820.9,3839.9,2896.0,3124.0,164,5,3123.9,25,2,3123.8,1,1,3123.7,5342,3,3123.5,10,1,3124.3,27,2,3124.4,31,3,3124.5,41,2,3124.6,41,2,3124.7,200,1
2031,2026-06-16 09:58:51+05:30,3124.0,2,3138.52,697465,103598.0,197316.0,3163.0,3163.0,3123.2,3134.3,31802800,3447.7,2820.9,3839.9,2896.0,3124.0,164,5,3123.9,25,2,3123.8,1,1,3123.7,5342,3,3123.5,10,1,3124.3,56,3,3124.4,31,3,3124.5,20,1,3124.6,20,1,3124.7,200,1
2031,2026-06-16 09:58:52+05:30,3124.3,1,3138.52,697465,103598.0,197316.0,3163.0,3163.0,3123.2,3134.3,31802800,3447.7,2820.9,3839.9,2896.0,3124.0,164,5,3123.9,25,2,3123.8,1,1,3123.7,5342,3,3123.5,10,1,3124.3,56,3,3124.4,31,3,3124.5,20,1,3124.6,20,1,3124.7,200,1
2031,2026-06-16 09:58:52+05:30,3124.3,1,3138.52,697471,103604.0,197333.0,3163.0,3163.0,3123.2,3134.3,31802800,3447.7,2820.9,3839.9,2896.0,3124.0,191,6,3123.9,25,2,3123.8,1,1,3123.7,5342,3,3123.5,10,1,3124.3,95,5,3124.4,31,3,3124.5,20,1,3124.7,200,1,3124.8,40,1
2031,2026-06-16 09:58:53+05:30,3124.3,1,3138.52,697566,103881.0,197266.0,3163.0,3163.0,3123.2,3134.3,31802800,3447.7,2820.9,3839.9,2896.0,3124.0,173,5,3123.9,25,2,3123.8,1,1,3123.7,5410,4,3123.6,70,2,3124.4,24,2,3124.5,20,1,3124.7,200,1,3124.9,20,1,3125.0,340,7
2031,2026-06-16 09:58:54+05:30,3124.3,1,3138.52,697566,103881.0,197266.0,3163.0,3163.0,3123.2,3134.3,31802800,3447.7,2820.9,3839.9,2896.0,3124.0,173,5,3123.9,25,2,3123.8,1,1,3123.7,5410,4,3123.6,70,2,3124.4,24,2,3124.5,20,1,3124.7,200,1,3124.9,20,1,3125.0,340,7
2031,2026-06-16 09:58:54+05:30,3124.5,5,3138.52,697591,103942.0,197287.0,3163.0,3163.0,3123.2,3134.3,31802800,3447.7,2820.9,3839.9,2896.0,3124.0,198,6,3123.9,25,2,3123.8,1,1,3123.7,5410,4,3123.6,51,1,3124.5,15,1,3124.7,220,2,3124.9,20,1,3125.0,373,8,3125.2,101,3
2031,2026-06-16 09:58:55+05:30,3123.0,103,3138.52,697591,103942.0,197287.0,3163.0,3163.0,3123.2,3134.3,31802800,3447.7,2820.9,3839.9,2896.0,3124.0,198,6,3123.9,25,2,3123.8,1,1,3123.7,5410,4,3123.6,51,1,3124.5,15,1,3124.7,220,2,3124.9,20,1,3125.0,373,8,3125.2,101,3
2031,2026-06-16 09:58:55+05:30,3123.0,103,3138.38,704026,96157.0,199055.0,3163.0,3163.0,3123.0,3134.3,31802800,3447.7,2820.9,3839.9,2896.0,3123.0,354,9,3122.7,100,1,3122.5,14,1,3122.3,74,2,3122.2,150,2,3123.3,27,2,3123.4,88,4,3123.5,61,3,3123.6,40,1,3123.7,20,1
2031,2026-06-16 09:58:56+05:30,3123.0,5,3138.38,704026,96157.0,199055.0,3163.0,3163.0,3123.0,3134.3,31802800,3447.7,2820.9,3839.9,2896.0,3123.0,354,9,3122.7,100,1,3122.5,14,1,3122.3,74,2,3122.2,150,2,3123.3,27,2,3123.4,88,4,3123.5,61,3,3123.6,40,1,3123.7,20,1
2031,2026-06-16 09:58:56+05:30,3122.8,10,3138.37,704546,93831.0,197292.0,3163.0,3163.0,3122.8,3134.3,31802800,3447.7,2820.9,3839.9,2896.0,3122.7,100,1,3122.5,14,1,3122.3,6,1,3122.2,100,1,3122.0,562,14,3122.8,197,2,3122.9,7,1,3123.0,64,3,3123.2,59,2,3123.3,49,3
2031,2026-06-16 09:58:57+05:30,3123.3,2,3138.37,704546,93831.0,197292.0,3163.0,3163.0,3122.8,3134.3,31802800,3447.7,2820.9,3839.9,2896.0,3122.7,100,1,3122.5,14,1,3122.3,6,1,3122.2,100,1,3122.0,562,14,3122.8,197,2,3122.9,7,1,3123.0,64,3,3123.2,59,2,3123.3,49,3
2031,2026-06-16 09:58:57+05:30,3122.8,70,3138.36,704838,97001.0,198714.0,3163.0,3163.0,3122.8,3134.3,31802800,3447.7,2820.9,3839.9,2896.0,3122.7,351,5,3122.5,55,3,3122.4,103,3,3122.3,136,4,3122.2,188,4,3123.3,42,1,3123.8,54,1,3123.9,290,1,3124.0,68,1,3124.1,158,2
2031,2026-06-16 09:58:58+05:30,3122.8,70,3138.36,704838,97001.0,198714.0,3163.0,3163.0,3122.8,3134.3,31802800,3447.7,2820.9,3839.9,2896.0,3122.7,351,5,3122.5,55,3,3122.4,103,3,3122.3,136,4,3122.2,188,4,3123.3,42,1,3123.8,54,1,3123.9,290,1,3124.0,68,1,3124.1,158,2
2031,2026-06-16 09:58:59+05:30,3122.7,5,3138.36,704843,97876.0,196840.0,3163.0,3163.0,3122.7,3134.3,31802800,3447.7,2820.9,3839.9,2896.0,3122.8,405,5,3122.7,320,5,3122.6,165,7,3122.5,3,1,3122.4,191,5,3124.1,35,2,3124.3,68,1,3124.4,4,1,3124.5,256,3,3124.6,88,2
2031,2026-06-16 09:58:59+05:30,3122.7,5,3138.36,704843,97876.0,196840.0,3163.0,3163.0,3122.7,3134.3,31802800,3447.7,2820.9,3839.9,2896.0,3122.8,405,5,3122.7,320,5,3122.6,165,7,3122.5,3,1,3122.4,191,5,3124.1,35,2,3124.3,68,1,3124.4,4,1,3124.5,256,3,3124.6,88,2
2031,2026-06-16 09:59:00+05:30,3122.7,5,3138.36,704843,98634.0,196321.0,3163.0,3163.0,3122.7,3134.3,31802800,3447.7,2820.9,3839.9,2896.0,3123.4,186,1,3123.0,207,6,3122.9,274,1,3122.8,241,7,3122.7,449,7,3124.1,39,2,3124.5,16,1,3124.6,261,2,3124.8,66,2,3124.9,384,5
2031,2026-06-16 09:59:00+05:30,3123.2,6,3138.36,704843,98634.0,196321.0,3163.0,3163.0,3122.7,3134.3,31802800,3447.7,2820.9,3839.9,2896.0,3123.4,186,1,3123.0,207,6,3122.9,274,1,3122.8,241,7,3122.7,449,7,3124.1,39,2,3124.5,16,1,3124.6,261,2,3124.8,66,2,3124.9,384,5
2031,2026-06-16 09:59:01+05:30,3124.1,10,3138.36,705153,98267.0,197172.0,3163.0,3163.0,3122.7,3134.3,31802800,3447.7,2820.9,3839.9,2896.0,3123.8,2,2,3123.4,5,1,3123.2,6,1,3123.1,11,1,3123.0,32,2,3124.1,31,1,3124.3,40,2,3124.4,68,1,3124.5,16,1,3124.6,277,2
2031,2026-06-16 09:59:01+05:30,3124.1,10,3138.36,705153,98267.0,197172.0,3163.0,3163.0,3122.7,3134.3,31802800,3447.7,2820.9,3839.9,2896.0,3123.8,2,2,3123.4,5,1,3123.2,6,1,3123.1,11,1,3123.0,32,2,3124.1,31,1,3124.3,40,2,3124.4,68,1,3124.5,16,1,3124.6,277,2
2031,2026-06-16 09:59:02+05:30,3124.1,10,3138.36,705153,98333.0,197011.0,3163.0,3163.0,3122.7,3134.3,31802800,3447.7,2820.9,3839.9,2896.0,3123.8,136,4,3123.4,5,1,3123.3,11,1,3123.2,25,2,3123.1,11,1,3124.6,40,2,3124.7,261,2,3124.9,100,3,3125.0,453,8,3125.1,254,1
2031,2026-06-16 09:59:03+05:30,3124.6,1,3138.36,705155,98374.0,196866.0,3163.0,3163.0,3122.7,3134.3,31802800,3447.7,2820.9,3839.9,2896.0,3123.8,136,4,3123.4,5,1,3123.2,25,2,3123.1,11,1,3123.0,189,5,3124.6,34,2,3124.7,281,3,3124.8,159,3,3124.9,107,3,3125.0,413,8
2031,2026-06-16 09:59:03+05:30,3124.6,1,3138.36,705155,98374.0,196866.0,3163.0,3163.0,3122.7,3134.3,31802800,3447.7,2820.9,3839.9,2896.0,3123.8,136,4,3123.4,5,1,3123.2,25,2,3123.1,11,1,3123.0,189,5,3124.6,34,2,3124.7,281,3,3124.8,159,3,3124.9,107,3,3125.0,413,8
2031,2026-06-16 09:59:04+05:30,3123.8,1,3138.36,705157,98347.0,197069.0,3163.0,3163.0,3122.7,3134.3,31802800,3447.7,2820.9,3839.9,2896.0,3123.8,136,4,3123.4,5,1,3123.2,6,1,3123.1,11,1,3123.0,124,3,3124.6,130,6,3124.7,365,4,3124.8,54,2,3124.9,88,2,3125.0,648,9
2031,2026-06-16 09:59:04+05:30,3123.8,1,3138.36,705157,98347.0,197069.0,3163.0,3163.0,3122.7,3134.3,31802800,3447.7,2820.9,3839.9,2896.0,3123.8,136,4,3123.4,5,1,3123.2,6,1,3123.1,11,1,3123.0,124,3,3124.6,130,6,3124.7,365,4,3124.8,54,2,3124.9,88,2,3125.0,648,9
2031,2026-06-16 09:59:05+05:30,3123.8,8,3138.35,705244,97890.0,197373.0,3163.0,3163.0,3122.7,3134.3,31802800,3447.7,2820.9,3839.9,2896.0,3123.8,49,4,3123.4,5,1,3123.3,27,2,3123.2,6,1,3123.1,11,1,3124.2,20,1,3124.3,74,4,3124.4,121,5,3124.5,99,4,3124.6,251,4
2031,2026-06-16 09:59:05+05:30,3123.8,8,3138.35,705244,97890.0,197373.0,3163.0,3163.0,3122.7,3134.3,31802800,3447.7,2820.9,3839.9,2896.0,3123.8,49,4,3123.4,5,1,3123.3,27,2,3123.2,6,1,3123.1,11,1,3124.2,20,1,3124.3,74,4,3124.4,121,5,3124.5,99,4,3124.6,251,4
2031,2026-06-16 09:59:06+05:30,3124.0,1,3138.35,705244,97890.0,197373.0,3163.0,3163.0,3122.7,3134.3,31802800,3447.7,2820.9,3839.9,2896.0,3123.8,49,4,3123.4,5,1,3123.3,27,2,3123.2,6,1,3123.1,11,1,3124.2,20,1,3124.3,74,4,3124.4,121,5,3124.5,99,4,3124.6,251,4
2031,2026-06-16 09:59:06+05:30,3124.0,5,3138.35,705251,97888.0,197787.0,3163.0,3163.0,3122.7,3134.3,31802800,3447.7,2820.9,3839.9,2896.0,3124.0,18,1,3123.8,47,2,3123.4,5,1,3123.3,1,1,3123.2,6,1,3124.1,20,1,3124.2,107,4,3124.3,40,2,3124.4,180,7,3124.5,296,5
2031,2026-06-16 09:59:07+05:30,3124.0,1,3138.35,705251,97888.0,197787.0,3163.0,3163.0,3122.7,3134.3,31802800,3447.7,2820.9,3839.9,2896.0,3124.0,18,1,3123.8,47,2,3123.4,5,1,3123.3,1,1,3123.2,6,1,3124.1,20,1,3124.2,107,4,3124.3,40,2,3124.4,180,7,3124.5,296,5
2031,2026-06-16 09:59:07+05:30,3124.0,1,3138.35,705252,98383.0,196820.0,3163.0,3163.0,3122.7,3134.3,31802800,3447.7,2820.9,3839.9,2896.0,3124.1,25,1,3124.0,41,2,3123.8,47,2,3123.4,5,1,3123.3,1,1,3124.2,34,1,3124.4,41,2,3124.5,214,2,3124.6,23,1,3124.7,40,1
2031,2026-06-16 09:59:08+05:30,3123.8,13,3138.35,705252,98383.0,196820.0,3163.0,3163.0,3122.7,3134.3,31802800,3447.7,2820.9,3839.9,2896.0,3124.1,25,1,3124.0,41,2,3123.8,47,2,3123.4,5,1,3123.3,1,1,3124.2,34,1,3124.4,41,2,3124.5,214,2,3124.6,23,1,3124.7,40,1
2031,2026-06-16 09:59:08+05:30,3123.8,13,3138.35,705647,96601.0,198427.0,3163.0,3163.0,3122.7,3134.3,31802800,3447.7,2820.9,3839.9,2896.0,3123.4,5,1,3123.3,1,1,3123.2,6,1,3123.1,11,1,3123.0,58,3,3123.8,69,5,3123.9,20,1,3124.0,350,6,3124.1,200,1,3124.2,27,4
2031,2026-06-16 09:59:09+05:30,3123.8,1,3138.35,705647,96601.0,198427.0,3163.0,3163.0,3122.7,3134.3,31802800,3447.7,2820.9,3839.9,2896.0,3123.4,5,1,3123.3,1,1,3123.2,6,1,3123.1,11,1,3123.0,58,3,3123.8,69,5,3123.9,20,1,3124.0,350,6,3124.1,200,1,3124.2,27,4
2031,2026-06-16 09:59:09+05:30,3123.8,1,3138.35,705704,96745.0,199287.0,3163.0,3163.0,3122.7,3134.3,31802800,3447.7,2820.9,3839.9,2896.0,3123.4,11,1,3123.3,1,1,3123.2,6,1,3123.1,11,1,3123.0,58,3,3123.7,20,1,3123.8,468,6,3123.9,213,2,3124.0,178,6,3124.1,352,3
2031,2026-06-16 09:59:10+05:30,3123.2,10,3138.35,705704,96745.0,199287.0,3163.0,3163.0,3122.7,3134.3,31802800,3447.7,2820.9,3839.9,2896.0,3123.4,11,1,3123.3,1,1,3123.2,6,1,3123.1,11,1,3123.0,58,3,3123.7,20,1,3123.8,468,6,3123.9,213,2,3124.0,178,6,3124.1,352,3
2031,2026-06-16 09:59:10+05:30,3123.2,10,3138.34,705793,96298.0,199782.0,3163.0,3163.0,3122.7,3134.3,31802800,3447.7,2820.9,3839.9,2896.0,3123.1,11,1,3123.0,58,3,3122.8,36,2,3122.7,107,3,3122.3,19,2,3123.4,106,6,3123.5,233,3,3123.6,102,6,3123.7,104,2,3123.8,809,9
2031,2026-06-16 09:59:11+05:30,3123.1,18,3138.34,705793,96298.0,199782.0,3163.0,3163.0,3122.7,3134.3,31802800,3447.7,2820.9,3839.9,2896.0,3123.1,11,1,3123.0,58,3,3122.8,36,2,3122.7,107,3,3122.3,19,2,3123.4,106,6,3123.5,233,3,3123.6,102,6,3123.7,104,2,3123.8,809,9
2031,2026-06-16 09:59:11+05:30,3123.2,1,3138.33,706444,96117.0,199362.0,3163.0,3163.0,3122.7,3134.3,31802800,3447.7,2820.9,3839.9,2896.0,3122.8,49,3,3122.7,107,3,3122.3,19,2,3122.2,100,1,3122.0,366,13,3123.2,65,4,3123.3,195,2,3123.4,55,4,3123.5,21,1,3123.6,390,8
2031,2026-06-16 09:59:12+05:30,3123.2,2,3138.33,706444,96117.0,199362.0,3163.0,3163.0,3122.7,3134.3,31802800,3447.7,2820.9,3839.9,2896.0,3122.8,49,3,3122.7,107,3,3122.3,19,2,3122.2,100,1,3122.0,366,13,3123.2,65,4,3123.3,195,2,3123.4,55,4,3123.5,21,1,3123.6,390,8
2031,2026-06-16 09:59:12+05:30,3123.2,2,3138.33,706544,96194.0,197579.0,3163.0,3163.0,3122.7,3134.3,31802800,3447.7,2820.9,3839.9,2896.0,3122.8,72,3,3122.7,101,2,3122.3,19,2,3122.2,100,1,3122.0,366,13,3123.1,193,1,3123.2,59,2,3123.3,24,2,3123.4,55,4,3123.5,200,1
2031,2026-06-16 09:59:13+05:30,3123.1,2,3138.33,706544,96194.0,197579.0,3163.0,3163.0,3122.7,3134.3,31802800,3447.7,2820.9,3839.9,2896.0,3122.8,72,3,3122.7,101,2,3122.3,19,2,3122.2,100,1,3122.0,366,13,3123.1,193,1,3123.2,59,2,3123.3,24,2,3123.4,55,4,3123.5,200,1
2031,2026-06-16 09:59:13+05:30,3123.1,1,3138.33,706548,96352.0,198932.0,3163.0,3163.0,3122.7,3134.3,31802800,3447.7,2820.9,3839.9,2896.0,3122.8,72,3,3122.7,101,2,3122.3,6,1,3122.2,100,1,3122.0,426,14,3123.1,36,3,3123.2,56,3,3123.3,24,2,3123.4,57,2,3123.6,301,6
2031,2026-06-16 09:59:14+05:30,3123.1,9,3138.33,706548,96352.0,198932.0,3163.0,3163.0,3122.7,3134.3,31802800,3447.7,2820.9,3839.9,2896.0,3122.8,72,3,3122.7,101,2,3122.3,6,1,3122.2,100,1,3122.0,426,14,3123.1,36,3,3123.2,56,3,3123.3,24,2,3123.4,57,2,3123.6,301,6
2031,2026-06-16 09:59:14+05:30,3123.1,9,3138.33,706598,95774.0,197706.0,3163.0,3163.0,3122.7,3134.3,31802800,3447.7,2820.9,3839.9,2896.0,3122.8,88,4,3122.7,101,2,3122.3,6,1,3122.2,100,1,3122.0,366,13,3123.1,193,1,3123.2,75,3,3123.3,43,3,3123.4,78,3,3123.5,284,2
2031,2026-06-16 09:59:15+05:30,3123.1,23,3138.33,706598,95774.0,197706.0,3163.0,3163.0,3122.7,3134.3,31802800,3447.7,2820.9,3839.9,2896.0,3122.8,88,4,3122.7,101,2,3122.3,6,1,3122.2,100,1,3122.0,366,13,3123.1,193,1,3123.2,75,3,3123.3,43,3,3123.4,78,3,3123.5,284,2
2031,2026-06-16 09:59:15+05:30,3123.0,1,3138.32,706679,95788.0,199906.0,3163.0,3163.0,3122.7,3134.3,31802800,3447.7,2820.9,3839.9,2896.0,3122.8,89,5,3122.7,101,2,3122.3,6,1,3122.2,100,1,3122.0,366,13,3123.0,31,2,3123.1,196,2,3123.2,82,4,3123.3,24,2,3123.4,276,4
2031,2026-06-16 09:59:16+05:30,3122.8,4,3138.32,706679,95788.0,199906.0,3163.0,3163.0,3122.7,3134.3,31802800,3447.7,2820.9,3839.9,2896.0,3122.8,89,5,3122.7,101,2,3122.3,6,1,3122.2,100,1,3122.0,366,13,3123.0,31,2,3123.1,196,2,3123.2,82,4,3123.3,24,2,3123.4,276,4
2031,2026-06-16 09:59:16+05:30,3122.9,9,3138.32,706892,95752.0,200040.0,3163.0,3163.0,3122.7,3134.3,31802800,3447.7,2820.9,3839.9,2896.0,3122.8,64,4,3122.7,101,2,3122.3,6,1,3122.2,100,1,3122.0,298,12,3122.9,168,1,3123.0,32,2,3123.1,38,2,3123.2,104,5,3123.3,222,2
2031,2026-06-16 09:59:17+05:30,3122.9,9,3138.32,706892,95752.0,200040.0,3163.0,3163.0,3122.7,3134.3,31802800,3447.7,2820.9,3839.9,2896.0,3122.8,64,4,3122.7,101,2,3122.3,6,1,3122.2,100,1,3122.0,298,12,3122.9,168,1,3123.0,32,2,3123.1,38,2,3123.2,104,5,3123.3,222,2
2031,2026-06-16 09:59:17+05:30,3122.8,5,3138.32,706892,95752.0,200040.0,3163.0,3163.0,3122.7,3134.3,31802800,3447.7,2820.9,3839.9,2896.0,3122.8,64,4,3122.7,101,2,3122.3,6,1,3122.2,100,1,3122.0,298,12,3122.9,168,1,3123.0,32,2,3123.1,38,2,3123.2,104,5,3123.3,222,2
2031,2026-06-16 09:59:17+05:30,3122.9,44,3138.31,707126,96994.0,199140.0,3163.0,3163.0,3122.7,3134.3,31802800,3447.7,2820.9,3839.9,2896.0,3122.8,39,3,3122.7,101,2,3122.3,6,1,3122.2,160,2,3122.0,366,13,3123.1,28,1,3123.2,43,3,3123.4,57,2,3123.5,57,1,3123.6,134,5
2031,2026-06-16 09:59:18+05:30,3122.8,15,3138.31,707126,96994.0,199140.0,3163.0,3163.0,3122.7,3134.3,31802800,3447.7,2820.9,3839.9,2896.0,3122.8,39,3,3122.7,101,2,3122.3,6,1,3122.2,160,2,3122.0,366,13,3123.1,28,1,3123.2,43,3,3123.4,57,2,3123.5,57,1,3123.6,134,5
2031,2026-06-16 09:59:18+05:30,3123.1,10,3138.31,707177,97317.0,199598.0,3163.0,3163.0,3122.7,3134.3,31802800,3447.7,2820.9,3839.9,2896.0,3122.8,15,2,3122.7,101,2,3122.3,6,1,3122.2,100,1,3122.0,358,13,3123.1,77,3,3123.2,43,3,3123.3,17,1,3123.4,117,5,3123.5,101,3
2031,2026-06-16 09:59:18+05:30,3123.1,10,3138.31,707177,97317.0,199598.0,3163.0,3163.0,3122.7,3134.3,31802800,3447.7,2820.9,3839.9,2896.0,3122.8,15,2,3122.7,101,2,3122.3,6,1,3122.2,100,1,3122.0,358,13,3123.1,77,3,3123.2,43,3,3123.3,17,1,3123.4,117,5,3123.5,101,3
2031,2026-06-16 09:59:19+05:30,3123.1,1,3138.31,707177,97317.0,199598.0,3163.0,3163.0,3122.7,3134.3,31802800,3447.7,2820.9,3839.9,2896.0,3122.8,15,2,3122.7,101,2,3122.3,6,1,3122.2,100,1,3122.0,358,13,3123.1,77,3,3123.2,43,3,3123.3,17,1,3123.4,117,5,3123.5,101,3
2031,2026-06-16 09:59:19+05:30,3123.1,1,3138.31,707178,97095.0,199625.0,3163.0,3163.0,3122.7,3134.3,31802800,3447.7,2820.9,3839.9,2896.0,3122.8,15,2,3122.7,101,2,3122.3,6,1,3122.2,100,1,3122.0,298,12,3123.1,17,1,3123.2,43,3,3123.3,56,2,3123.4,59,3,3123.5,81,2
2031,2026-06-16 09:59:20+05:30,3123.1,1,3138.31,707178,97095.0,199625.0,3163.0,3163.0,3122.7,3134.3,31802800,3447.7,2820.9,3839.9,2896.0,3122.8,15,2,3122.7,101,2,3122.3,6,1,3122.2,100,1,3122.0,298,12,3123.1,17,1,3123.2,43,3,3123.3,56,2,3123.4,59,3,3123.5,81,2
2031,2026-06-16 09:59:20+05:30,3123.1,1,3138.31,707178,97084.0,199741.0,3163.0,3163.0,3122.7,3134.3,31802800,3447.7,2820.9,3839.9,2896.0,3122.8,15,2,3122.7,101,2,3122.3,6,1,3122.2,100,1,3122.0,298,12,3123.1,61,3,3123.2,43,3,3123.3,37,2,3123.4,298,5,3123.5,81,2
2031,2026-06-16 09:59:21+05:30,3123.1,2,3138.31,707178,97084.0,199741.0,3163.0,3163.0,3122.7,3134.3,31802800,3447.7,2820.9,3839.9,2896.0,3122.8,15,2,3122.7,101,2,3122.3,6,1,3122.2,100,1,3122.0,298,12,3123.1,61,3,3123.2,43,3,3123.3,37,2,3123.4,298,5,3123.5,81,2
2031,2026-06-16 09:59:21+05:30,3123.1,2,3138.31,707198,97150.0,199475.0,3163.0,3163.0,3122.7,3134.3,31802800,3447.7,2820.9,3839.9,2896.0,3122.8,15,2,3122.7,101,2,3122.3,6,1,3122.2,100,1,3122.0,298,12,3123.1,42,2,3123.2,43,3,3123.3,37,2,3123.4,298,5,3123.5,81,2
2031,2026-06-16 09:59:22+05:30,3123.1,2,3138.31,707198,97150.0,199475.0,3163.0,3163.0,3122.7,3134.3,31802800,3447.7,2820.9,3839.9,2896.0,3122.8,15,2,3122.7,101,2,3122.3,6,1,3122.2,100,1,3122.0,298,12,3123.1,42,2,3123.2,43,3,3123.3,37,2,3123.4,298,5,3123.5,81,2
2031,2026-06-16 09:59:22+05:30,3123.1,1,3138.31,707198,97150.0,199475.0,3163.0,3163.0,3122.7,3134.3,31802800,3447.7,2820.9,3839.9,2896.0,3122.8,15,2,3122.7,101,2,3122.3,6,1,3122.2,100,1,3122.0,298,12,3123.1,42,2,3123.2,43,3,3123.3,37,2,3123.4,298,5,3123.5,81,2
2031,2026-06-16 09:59:23+05:30,3123.1,1,3138.31,707199,97169.0,199722.0,3163.0,3163.0,3122.7,3134.3,31802800,3447.7,2820.9,3839.9,2896.0,3122.8,15,2,3122.7,101,2,3122.3,6,1,3122.2,100,1,3122.0,298,12,3123.1,24,1,3123.2,82,4,3123.3,20,1,3123.4,78,3,3123.5,257,2
2031,2026-06-16 09:59:23+05:30,3123.1,24,3138.31,707199,97169.0,199722.0,3163.0,3163.0,3122.7,3134.3,31802800,3447.7,2820.9,3839.9,2896.0,3122.8,15,2,3122.7,101,2,3122.3,6,1,3122.2,100,1,3122.0,298,12,3123.1,24,1,3123.2,82,4,3123.3,20,1,3123.4,78,3,3123.5,257,2
2031,2026-06-16 09:59:23+05:30,3123.1,24,3138.31,707199,97169.0,199722.0,3163.0,3163.0,3122.7,3134.3,31802800,3447.7,2820.9,3839.9,2896.0,3122.8,15,2,3122.7,101,2,3122.3,6,1,3122.2,100,1,3122.0,298,12,3123.1,24,1,3123.2,82,4,3123.3,20,1,3123.4,78,3,3123.5,257,2
2031,2026-06-16 09:59:24+05:30,3122.8,1,3138.3,707567,97406.0,199158.0,3163.0,3163.0,3122.7,3134.3,31802800,3447.7,2820.9,3839.9,2896.0,3122.7,101,2,3122.3,6,1,3122.2,100,1,3122.1,123,3,3122.0,317,13,3122.8,56,1,3123.2,43,3,3123.3,20,1,3123.4,21,1,3123.5,257,2
2031,2026-06-16 09:59:24+05:30,3122.7,35,3138.3,707567,97406.0,199158.0,3163.0,3163.0,3122.7,3134.3,31802800,3447.7,2820.9,3839.9,2896.0,3122.7,101,2,3122.3,6,1,3122.2,100,1,3122.1,123,3,3122.0,317,13,3122.8,56,1,3123.2,43,3,3123.3,20,1,3123.4,21,1,3123.5,257,2
2031,2026-06-16 09:59:25+05:30,3122.7,35,3138.3,707602,97386.0,199035.0,3163.0,3163.0,3122.7,3134.3,31802800,3447.7,2820.9,3839.9,2896.0,3122.7,105,3,3122.3,6,1,3122.2,134,2,3122.1,40,2,3122.0,333,14,3122.8,88,2,3123.2,43,3,3123.3,20,1,3123.4,43,2,3123.5,257,2
2031,2026-06-16 09:59:25+05:30,3122.7,35,3138.3,707602,97386.0,199035.0,3163.0,3163.0,3122.7,3134.3,31802800,3447.7,2820.9,3839.9,2896.0,3122.7,105,3,3122.3,6,1,3122.2,134,2,3122.1,40,2,3122.0,333,14,3122.8,88,2,3123.2,43,3,3123.3,20,1,3123.4,43,2,3123.5,257,2
2031,2026-06-16 09:59:25+05:30,3122.3,43,3138.3,707602,97386.0,199035.0,3163.0,3163.0,3122.7,3134.3,31802800,3447.7,2820.9,3839.9,2896.0,3122.7,105,3,3122.3,6,1,3122.2,134,2,3122.1,40,2,3122.0,333,14,3122.8,88,2,3123.2,43,3,3123.3,20,1,3123.4,43,2,3123.5,257,2
2031,2026-06-16 09:59:26+05:30,3122.2,96,3138.3,707899,96402.0,199066.0,3163.0,3163.0,3122.2,3134.3,31802800,3447.7,2820.9,3839.9,2896.0,3122.2,3,1,3122.0,354,15,3121.9,39,4,3121.8,65,3,3121.7,132,4,3122.4,25,1,3122.8,88,2,3122.9,200,1,3123.0,26,2,3123.2,243,4
2031,2026-06-16 09:59:26+05:30,3122.0,12,3138.3,707899,96402.0,199066.0,3163.0,3163.0,3122.2,3134.3,31802800,3447.7,2820.9,3839.9,2896.0,3122.2,3,1,3122.0,354,15,3121.9,39,4,3121.8,65,3,3121.7,132,4,3122.4,25,1,3122.8,88,2,3122.9,200,1,3123.0,26,2,3123.2,243,4
2031,2026-06-16 09:59:26+05:30,3122.0,12,3138.3,707899,96402.0,199066.0,3163.0,3163.0,3122.2,3134.3,31802800,3447.7,2820.9,3839.9,2896.0,3122.2,3,1,3122.0,354,15,3121.9,39,4,3121.8,65,3,3121.7,132,4,3122.4,25,1,3122.8,88,2,3122.9,200,1,3123.0,26,2,3123.2,243,4
2031,2026-06-16 09:59:27+05:30,3122.4,1,3138.29,708213,96147.0,200102.0,3163.0,3163.0,3122.0,3134.3,31802800,3447.7,2820.9,3839.9,2896.0,3122.2,1,1,3122.0,77,3,3121.9,27,3,3121.8,65,3,3121.7,153,5,3122.4,60,3,3122.8,88,2,3122.9,219,2,3123.0,40,3,3123.1,71,2
2031,2026-06-16 09:59:27+05:30,3122.0,12,3138.29,708213,96147.0,200102.0,3163.0,3163.0,3122.0,3134.3,31802800,3447.7,2820.9,3839.9,2896.0,3122.2,1,1,3122.0,77,3,3121.9,27,3,3121.8,65,3,3121.7,153,5,3122.4,60,3,3122.8,88,2,3122.9,219,2,3123.0,40,3,3123.1,71,2
2031,2026-06-16 09:59:27+05:30,3122.0,12,3138.29,708213,96147.0,200102.0,3163.0,3163.0,3122.0,3134.3,31802800,3447.7,2820.9,3839.9,2896.0,3122.2,1,1,3122.0,77,3,3121.9,27,3,3121.8,65,3,3121.7,153,5,3122.4,60,3,3122.8,88,2,3122.9,219,2,3123.0,40,3,3123.1,71,2
2031,2026-06-16 09:59:28+05:30,3122.4,1,3138.29,708259,96170.0,200133.0,3163.0,3163.0,3122.0,3134.3,31802800,3447.7,2820.9,3839.9,2896.0,3122.0,33,1,3121.9,12,2,3121.8,65,3,3121.7,134,4,3121.6,114,4,3122.4,61,4,3122.8,93,3,3122.9,219,2,3123.0,40,3,3123.1,71,2
2031,2026-06-16 09:59:28+05:30,3122.4,1,3138.29,708259,96170.0,200133.0,3163.0,3163.0,3122.0,3134.3,31802800,3447.7,2820.9,3839.9,2896.0,3122.0,33,1,3121.9,12,2,3121.8,65,3,3121.7,134,4,3121.6,114,4,3122.4,61,4,3122.8,93,3,3122.9,219,2,3123.0,40,3,3123.1,71,2
2031,2026-06-16 09:59:28+05:30,3122.4,1,3138.29,708259,96170.0,200133.0,3163.0,3163.0,3122.0,3134.3,31802800,3447.7,2820.9,3839.9,2896.0,3122.0,33,1,3121.9,12,2,3121.8,65,3,3121.7,134,4,3121.6,114,4,3122.4,61,4,3122.8,93,3,3122.9,219,2,3123.0,40,3,3123.1,71,2
2031,2026-06-16 09:59:29+05:30,3122.4,1,3138.29,708260,96296.0,200164.0,3163.0,3163.0,3122.0,3134.3,31802800,3447.7,2820.9,3839.9,2896.0,3122.0,35,2,3121.9,12,2,3121.8,65,3,3121.7,113,3,3121.6,114,4,3122.4,60,4,3122.8,93,3,3122.9,219,2,3123.0,40,3,3123.1,71,2
2031,2026-06-16 09:59:29+05:30,3122.4,13,3138.29,708260,96296.0,200164.0,3163.0,3163.0,3122.0,3134.3,31802800,3447.7,2820.9,3839.9,2896.0,3122.0,35,2,3121.9,12,2,3121.8,65,3,3121.7,113,3,3121.6,114,4,3122.4,60,4,3122.8,93,3,3122.9,219,2,3123.0,40,3,3123.1,71,2
2031,2026-06-16 09:59:29+05:30,3122.4,13,3138.29,708260,96296.0,200164.0,3163.0,3163.0,3122.0,3134.3,31802800,3447.7,2820.9,3839.9,2896.0,3122.0,35,2,3121.9,12,2,3121.8,65,3,3121.7,113,3,3121.6,114,4,3122.4,60,4,3122.8,93,3,3122.9,219,2,3123.0,40,3,3123.1,71,2
2031,2026-06-16 09:59:30+05:30,3122.4,1,3138.29,708361,96148.0,200170.0,3163.0,3163.0,3122.0,3134.3,31802800,3447.7,2820.9,3839.9,2896.0,3122.0,35,2,3121.9,12,2,3121.8,65,3,3121.7,56,2,3121.6,168,4,3122.4,5,1,3122.8,94,4,3122.9,219,2,3123.0,40,3,3123.1,79,3
2031,2026-06-16 09:59:30+05:30,3122.4,1,3138.29,708361,96148.0,200170.0,3163.0,3163.0,3122.0,3134.3,31802800,3447.7,2820.9,3839.9,2896.0,3122.0,35,2,3121.9,12,2,3121.8,65,3,3121.7,56,2,3121.6,168,4,3122.4,5,1,3122.8,94,4,3122.9,219,2,3123.0,40,3,3123.1,79,3
2031,2026-06-16 09:59:30+05:30,3122.4,1,3138.29,708361,96148.0,200170.0,3163.0,3163.0,3122.0,3134.3,31802800,3447.7,2820.9,3839.9,2896.0,3122.0,35,2,3121.9,12,2,3121.8,65,3,3121.7,56,2,3121.6,168,4,3122.4,5,1,3122.8,94,4,3122.9,219,2,3123.0,40,3,3123.1,79,3
2031,2026-06-16 09:59:31+05:30,3122.4,1,3138.29,708361,95889.0,200272.0,3163.0,3163.0,3122.0,3134.3,31802800,3447.7,2820.9,3839.9,2896.0,3122.2,2,2,3122.0,36,3,3121.9,12,2,3121.8,1,1,3121.7,35,1,3122.4,30,3,3122.8,94,4,3122.9,219,2,3123.0,40,3,3123.1,148,5
2031,2026-06-16 09:59:31+05:30,3122.4,1,3138.29,708361,95889.0,200272.0,3163.0,3163.0,3122.0,3134.3,31802800,3447.7,2820.9,3839.9,2896.0,3122.2,2,2,3122.0,36,3,3121.9,12,2,3121.8,1,1,3121.7,35,1,3122.4,30,3,3122.8,94,4,3122.9,219,2,3123.0,40,3,3123.1,148,5
2031,2026-06-16 09:59:32+05:30,3122.2,1,3138.29,708422,95879.0,199010.0,3163.0,3163.0,3122.0,3134.3,31802800,3447.7,2820.9,3839.9,2896.0,3122.0,102,6,3121.9,42,4,3121.8,99,4,3121.7,21,1,3121.6,54,3,3122.2,140,1,3122.4,44,4,3122.8,94,4,3122.9,219,2,3123.0,26,2
2031,2026-06-16 09:59:32+05:30,3122.1,3,3138.29,708422,95879.0,199010.0,3163.0,3163.0,3122.0,3134.3,31802800,3447.7,2820.9,3839.9,2896.0,3122.0,102,6,3121.9,42,4,3121.8,99,4,3121.7,21,1,3121.6,54,3,3122.2,140,1,3122.4,44,4,3122.8,94,4,3122.9,219,2,3123.0,26,2
2031,2026-06-16 09:59:32+05:30,3122.1,3,3138.29,708422,95879.0,199010.0,3163.0,3163.0,3122.0,3134.3,31802800,3447.7,2820.9,3839.9,2896.0,3122.0,102,6,3121.9,42,4,3121.8,99,4,3121.7,21,1,3121.6,54,3,3122.2,140,1,3122.4,44,4,3122.8,94,4,3122.9,219,2,3123.0,26,2
2031,2026-06-16 09:59:33+05:30,3122.0,20,3138.28,708481,95666.0,199279.0,3163.0,3163.0,3122.0,3134.3,31802800,3447.7,2820.9,3839.9,2896.0,3122.0,3,2,3121.9,12,2,3121.8,81,3,3121.6,69,4,3121.5,53,3,3122.1,16,1,3122.2,147,2,3122.4,41,3,3122.8,38,3,3122.9,200,1
2031,2026-06-16 09:59:33+05:30,3122.0,20,3138.28,708481,95666.0,199279.0,3163.0,3163.0,3122.0,3134.3,31802800,3447.7,2820.9,3839.9,2896.0,3122.0,3,2,3121.9,12,2,3121.8,81,3,3121.6,69,4,3121.5,53,3,3122.1,16,1,3122.2,147,2,3122.4,41,3,3122.8,38,3,3122.9,200,1
2031,2026-06-16 09:59:33+05:30,3122.0,20,3138.28,708481,95666.0,199279.0,3163.0,3163.0,3122.0,3134.3,31802800,3447.7,2820.9,3839.9,2896.0,3122.0,3,2,3121.9,12,2,3121.8,81,3,3121.6,69,4,3121.5,53,3,3122.1,16,1,3122.2,147,2,3122.4,41,3,3122.8,38,3,3122.9,200,1
2031,2026-06-16 09:59:34+05:30,3122.1,1,3138.28,708481,95666.0,199279.0,3163.0,3163.0,3122.0,3134.3,31802800,3447.7,2820.9,3839.9,2896.0,3122.0,3,2,3121.9,12,2,3121.8,81,3,3121.6,69,4,3121.5,53,3,3122.1,16,1,3122.2,147,2,3122.4,41,3,3122.8,38,3,3122.9,200,1
2031,2026-06-16 09:59:34+05:30,3122.1,1,3138.28,708482,95686.0,199232.0,3163.0,3163.0,3122.0,3134.3,31802800,3447.7,2820.9,3839.9,2896.0,3122.0,3,2,3121.9,12,2,3121.8,58,3,3121.6,69,4,3121.5,96,4,3122.1,16,2,3122.2,169,4,3122.4,41,3,3122.8,38,3,3122.9,200,1
2031,2026-06-16 09:59:34+05:30,3122.1,1,3138.28,708482,95686.0,199232.0,3163.0,3163.0,3122.0,3134.3,31801000,3447.7,2820.9,3839.9,2896.0,3122.0,3,2,3121.9,12,2,3121.8,58,3,3121.6,69,4,3121.5,96,4,3122.1,16,2,3122.2,169,4,3122.4,41,3,3122.8,38,3,3122.9,200,1
2031,2026-06-16 09:59:35+05:30,3122.0,1,3138.28,708482,95686.0,199232.0,3163.0,3163.0,3122.0,3134.3,31801000,3447.7,2820.9,3839.9,2896.0,3122.0,3,2,3121.9,12,2,3121.8,58,3,3121.6,69,4,3121.5,96,4,3122.1,16,2,3122.2,169,4,3122.4,41,3,3122.8,38,3,3122.9,200,1
2031,2026-06-16 09:59:35+05:30,3122.0,1,3138.28,708490,95683.0,199172.0,3163.0,3163.0,3122.0,3134.3,31801000,3447.7,2820.9,3839.9,2896.0,3122.0,3,2,3121.9,12,2,3121.8,58,3,3121.6,49,2,3121.5,69,3,3122.1,14,2,3122.2,169,4,3122.4,41,3,3122.7,200,1,3122.8,38,3
2031,2026-06-16 09:59:36+05:30,3122.1,8,3138.28,708521,95855.0,198733.0,3163.0,3163.0,3122.0,3134.3,31801000,3447.7,2820.9,3839.9,2896.0,3122.0,3,2,3121.9,12,2,3121.8,23,2,3121.5,26,2,3121.4,34,1,3122.2,162,3,3122.4,26,2,3122.7,219,2,3122.8,90,3,3122.9,123,2
2031,2026-06-16 09:59:37+05:30,3122.1,21,3138.28,708521,95855.0,198733.0,3163.0,3163.0,3122.0,3134.3,31801000,3447.7,2820.9,3839.9,2896.0,3122.0,3,2,3121.9,12,2,3121.8,23,2,3121.5,26,2,3121.4,34,1,3122.2,162,3,3122.4,26,2,3122.7,219,2,3122.8,90,3,3122.9,123,2
2031,2026-06-16 09:59:37+05:30,3122.1,21,3138.28,708542,95839.0,199222.0,3163.0,3163.0,3122.0,3134.3,31801000,3447.7,2820.9,3839.9,2896.0,3122.0,3,2,3121.9,12,2,3121.8,25,2,3121.5,60,3,3121.4,11,1,3122.2,245,6,3122.4,26,2,3122.7,24,2,3122.8,24,3,3122.9,268,2
2031,2026-06-16 09:59:38+05:30,3122.0,1,3138.28,708791,96094.0,198858.0,3163.0,3163.0,3122.0,3134.3,31801000,3447.7,2820.9,3839.9,2896.0,3122.0,3,2,3121.9,12,2,3121.8,1,1,3121.5,147,5,3121.4,11,1,3122.2,36,3,3122.4,26,2,3122.7,24,2,3122.8,5,1,3122.9,200,1
2031,2026-06-16 09:59:39+05:30,3122.0,1,3138.28,708791,96094.0,198858.0,3163.0,3163.0,3122.0,3134.3,31801000,3447.7,2820.9,3839.9,2896.0,3122.0,3,2,3121.9,12,2,3121.8,1,1,3121.5,147,5,3121.4,11,1,3122.2,36,3,3122.4,26,2,3122.7,24,2,3122.8,5,1,3122.9,200,1
2031,2026-06-16 09:59:39+05:30,3122.0,1,3138.28,708791,96104.0,198792.0,3163.0,3163.0,3122.0,3134.3,31801000,3447.7,2820.9,3839.9,2896.0,3122.0,6,3,3121.9,12,2,3121.8,1,1,3121.6,34,1,3121.5,113,4,3122.2,34,2,3122.4,26,2,3122.7,24,2,3122.8,5,1,3122.9,200,1
2031,2026-06-16 09:59:40+05:30,3122.2,1,3138.28,708791,96104.0,198792.0,3163.0,3163.0,3122.0,3134.3,31801000,3447.7,2820.9,3839.9,2896.0,3122.0,6,3,3121.9,12,2,3121.8,1,1,3121.6,34,1,3121.5,113,4,3122.2,34,2,3122.4,26,2,3122.7,24,2,3122.8,5,1,3122.9,200,1
2031,2026-06-16 09:59:40+05:30,3122.2,1,3138.28,708796,96102.0,198401.0,3163.0,3163.0,3122.0,3134.3,31801000,3447.7,2820.9,3839.9,2896.0,3122.0,5,2,3121.9,12,2,3121.8,1,1,3121.7,33,1,3121.5,113,4,3122.2,33,2,3122.4,26,2,3122.7,24,2,3122.8,5,1,3122.9,200,1
2031,2026-06-16 09:59:41+05:30,3122.0,7,3138.28,708796,96102.0,198401.0,3163.0,3163.0,3122.0,3134.3,31801000,3447.7,2820.9,3839.9,2896.0,3122.0,5,2,3121.9,12,2,3121.8,1,1,3121.7,33,1,3121.5,113,4,3122.2,33,2,3122.4,26,2,3122.7,24,2,3122.8,5,1,3122.9,200,1
2031,2026-06-16 09:59:41+05:30,3122.0,1,3138.28,708809,96023.0,198648.0,3163.0,3163.0,3122.0,3134.3,31801000,3447.7,2820.9,3839.9,2896.0,3121.9,12,2,3121.8,1,1,3121.7,33,1,3121.5,45,3,3121.4,34,1,3122.0,23,2,3122.2,68,4,3122.4,26,2,3122.7,24,2,3122.8,26,2
2031,2026-06-16 09:59:42+05:30,3122.0,2,3138.28,708809,96023.0,198648.0,3163.0,3163.0,3122.0,3134.3,31801000,3447.7,2820.9,3839.9,2896.0,3121.9,12,2,3121.8,1,1,3121.7,33,1,3121.5,45,3,3121.4,34,1,3122.0,23,2,3122.2,68,4,3122.4,26,2,3122.7,24,2,3122.8,26,2
2031,2026-06-16 09:59:42+05:30,3122.0,3,3138.27,708884,96136.0,198782.0,3163.0,3163.0,3121.9,3134.3,31801000,3447.7,2820.9,3839.9,2896.0,3121.9,44,3,3121.8,21,3,3121.7,33,1,3121.6,30,2,3121.5,90,3,3122.0,24,2,3122.2,68,4,3122.4,26,2,3122.7,24,2,3122.8,5,1
2031,2026-06-16 09:59:43+05:30,3122.0,3,3138.27,708884,96136.0,198782.0,3163.0,3163.0,3121.9,3134.3,31801000,3447.7,2820.9,3839.9,2896.0,3121.9,44,3,3121.8,21,3,3121.7,33,1,3121.6,30,2,3121.5,90,3,3122.0,24,2,3122.2,68,4,3122.4,26,2,3122.7,24,2,3122.8,5,1
2031,2026-06-16 09:59:44+05:30,3122.0,3,3138.27,708884,96018.0,199297.0,3163.0,3163.0,3121.9,3134.3,31801000,3447.7,2820.9,3839.9,2896.0,3121.9,44,3,3121.8,2,2,3121.7,8,2,3121.5,59,3,3121.4,17,1,3122.0,57,3,3122.2,46,3,3122.4,26,2,3122.7,24,2,3122.8,223,3
2031,2026-06-16 09:59:45+05:30,3122.0,3,3138.27,708884,96001.0,199306.0,3163.0,3163.0,3121.9,3134.3,31801000,3447.7,2820.9,3839.9,2896.0,3121.9,44,3,3121.8,2,2,3121.7,8,2,3121.5,59,3,3121.4,17,1,3122.0,104,5,3122.2,46,3,3122.4,26,2,3122.7,24,2,3122.8,205,2
2031,2026-06-16 09:59:45+05:30,3122.0,1,3138.27,708884,96001.0,199306.0,3163.0,3163.0,3121.9,3134.3,31801000,3447.7,2820.9,3839.9,2896.0,3121.9,44,3,3121.8,2,2,3121.7,8,2,3121.5,59,3,3121.4,17,1,3122.0,104,5,3122.2,46,3,3122.4,26,2,3122.7,24,2,3122.8,205,2
2031,2026-06-16 09:59:46+05:30,3122.0,2,3138.27,708889,95416.0,199247.0,3163.0,3163.0,3121.9,3134.3,31801000,3447.7,2820.9,3839.9,2896.0,3121.9,45,4,3121.8,2,2,3121.7,8,2,3121.5,26,2,3121.4,33,1,3122.0,99,5,3122.2,46,3,3122.4,26,2,3122.7,51,3,3122.8,205,2
2031,2026-06-16 09:59:46+05:30,3122.0,2,3138.27,708889,95416.0,199247.0,3163.0,3163.0,3121.9,3134.3,31801000,3447.7,2820.9,3839.9,2896.0,3121.9,45,4,3121.8,2,2,3121.7,8,2,3121.5,26,2,3121.4,33,1,3122.0,99,5,3122.2,46,3,3122.4,26,2,3122.7,51,3,3122.8,205,2
2031,2026-06-16 09:59:47+05:30,3122.0,8,3138.27,708974,95647.0,199263.0,3163.0,3163.0,3121.9,3134.3,31801000,3447.7,2820.9,3839.9,2896.0,3121.9,20,4,3121.8,2,2,3121.7,8,2,3121.5,26,2,3121.3,115,3,3122.0,135,5,3122.2,46,3,3122.4,26,2,3122.7,51,3,3122.8,205,2
2031,2026-06-16 09:59:47+05:30,3122.0,8,3138.27,708974,95647.0,199263.0,3163.0,3163.0,3121.9,3134.3,31801000,3447.7,2820.9,3839.9,2896.0,3121.9,20,4,3121.8,2,2,3121.7,8,2,3121.5,26,2,3121.3,115,3,3122.0,135,5,3122.2,46,3,3122.4,26,2,3122.7,51,3,3122.8,205,2
2031,2026-06-16 09:59:48+05:30,3123.4,20,3138.07,719096,97183.0,191724.0,3163.0,3163.0,3121.9,3134.3,31801000,3447.7,2820.9,3839.9,2896.0,3123.0,25,2,3122.9,41,3,3122.8,57,3,3122.7,28,2,3122.6,53,3,3124.1,20,1,3124.2,108,3,3124.3,64,2,3124.4,39,2,3124.5,94,2
2031,2026-06-16 09:59:48+05:30,3122.5,1,3138.07,719096,97183.0,191724.0,3163.0,3163.0,3121.9,3134.3,31801000,3447.7,2820.9,3839.9,2896.0,3123.0,25,2,3122.9,41,3,3122.8,57,3,3122.7,28,2,3122.6,53,3,3124.1,20,1,3124.2,108,3,3124.3,64,2,3124.4,39,2,3124.5,94,2
2031,2026-06-16 09:59:49+05:30,3123.0,104,3138.04,720565,99130.0,193732.0,3163.0,3163.0,3121.9,3134.3,31801000,3447.7,2820.9,3839.9,2896.0,3123.0,6,2,3122.7,89,3,3122.6,33,1,3122.5,17,2,3122.4,117,3,3123.9,39,2,3124.0,56,4,3124.2,87,2,3124.3,18,1,3124.4,148,2
2031,2026-06-16 09:59:49+05:30,3123.0,99,3138.04,720565,99130.0,193732.0,3163.0,3163.0,3121.9,3134.3,31801000,3447.7,2820.9,3839.9,2896.0,3123.0,6,2,3122.7,89,3,3122.6,33,1,3122.5,17,2,3122.4,117,3,3123.9,39,2,3124.0,56,4,3124.2,87,2,3124.3,18,1,3124.4,148,2
2031,2026-06-16 09:59:50+05:30,3123.3,31,3138.02,721701,99377.0,193998.0,3163.0,3163.0,3121.9,3134.3,31801000,3447.7,2820.9,3839.9,2896.0,3123.2,1,1,3123.0,132,4,3122.8,1,1,3122.6,1,1,3122.5,20,1,3124.1,103,2,3124.2,141,4,3124.3,38,2,3124.4,123,3,3124.5,39,1
2031,2026-06-16 09:59:50+05:30,3123.0,15,3138.02,721701,99377.0,193998.0,3163.0,3163.0,3121.9,3134.3,31801000,3447.7,2820.9,3839.9,2896.0,3123.2,1,1,3123.0,132,4,3122.8,1,1,3122.6,1,1,3122.5,20,1,3124.1,103,2,3124.2,141,4,3124.3,38,2,3124.4,123,3,3124.5,39,1
2031,2026-06-16 09:59:51+05:30,3123.1,6,3138.01,721758,99095.0,193437.0,3163.0,3163.0,3121.9,3134.3,31801000,3447.7,2820.9,3839.9,2896.0,3123.1,44,3,3123.0,124,2,3122.8,41,1,3122.7,33,1,3122.6,36,2,3123.2,122,1,3124.1,14,1,3124.2,148,3,3124.3,143,1,3124.4,52,3
2031,2026-06-16 09:59:51+05:30,3123.1,6,3138.01,721758,99095.0,193437.0,3163.0,3163.0,3121.9,3134.3,31801000,3447.7,2820.9,3839.9,2896.0,3123.1,44,3,3123.0,124,2,3122.8,41,1,3122.7,33,1,3122.6,36,2,3123.2,122,1,3124.1,14,1,3124.2,148,3,3124.3,143,1,3124.4,52,3
2031,2026-06-16 09:59:52+05:30,3123.2,25,3138.01,721758,99095.0,193437.0,3163.0,3163.0,3121.9,3134.3,31801000,3447.7,2820.9,3839.9,2896.0,3123.7,10,1,3123.2,31,1,3123.1,40,4,3123.0,106,2,3122.9,33,1,3123.9,122,1,3124.2,19,1,3124.3,17,1,3124.4,159,3,3124.5,94,2
2031,2026-06-16 09:59:52+05:30,3123.2,25,3138.01,721864,100146.0,194438.0,3163.0,3163.0,3121.9,3134.3,31801000,3447.7,2820.9,3839.9,2896.0,3123.7,10,1,3123.2,31,1,3123.1,40,4,3123.0,106,2,3122.9,33,1,3123.9,122,1,3124.2,19,1,3124.3,17,1,3124.4,159,3,3124.5,94,2
2031,2026-06-16 09:59:53+05:30,3124.4,2,3138.01,721864,100146.0,194438.0,3163.0,3163.0,3121.9,3134.3,31801000,3447.7,2820.9,3839.9,2896.0,3123.7,10,1,3123.2,31,1,3123.1,40,4,3123.0,106,2,3122.9,33,1,3123.9,122,1,3124.2,19,1,3124.3,17,1,3124.4,159,3,3124.5,94,2
2031,2026-06-16 09:59:53+05:30,3124.4,2,3138.01,722040,100820.0,193886.0,3163.0,3163.0,3121.9,3134.3,31801000,3447.7,2820.9,3839.9,2896.0,3123.2,359,6,3123.1,212,8,3123.0,208,8,3122.9,71,3,3122.8,97,5,3124.4,116,2,3124.5,26,1,3124.9,200,1,3125.0,286,10,3125.1,7,1
2031,2026-06-16 09:59:54+05:30,3124.4,65,3138.01,722040,100820.0,193886.0,3163.0,3163.0,3121.9,3134.3,31801000,3447.7,2820.9,3839.9,2896.0,3123.2,359,6,3123.1,212,8,3123.0,208,8,3122.9,71,3,3122.8,97,5,3124.4,116,2,3124.5,26,1,3124.9,200,1,3125.0,286,10,3125.1,7,1
2031,2026-06-16 09:59:54+05:30,3124.4,65,3138.01,722120,100471.0,194446.0,3163.0,3163.0,3121.9,3134.3,31801000,3447.7,2820.9,3839.9,2896.0,3123.3,47,2,3123.2,171,4,3123.1,15,3,3123.0,180,6,3122.9,66,2,3124.4,101,3,3124.5,176,3,3124.6,327,4,3124.7,39,1,3124.8,146,3
2031,2026-06-16 09:59:55+05:30,3124.3,10,3138.01,722120,100471.0,194446.0,3163.0,3163.0,3121.9,3134.3,31801000,3447.7,2820.9,3839.9,2896.0,3123.3,47,2,3123.2,171,4,3123.1,15,3,3123.0,180,6,3122.9,66,2,3124.4,101,3,3124.5,176,3,3124.6,327,4,3124.7,39,1,3124.8,146,3
2031,2026-06-16 09:59:55+05:30,3124.3,10,3138.0,722305,100326.0,194214.0,3163.0,3163.0,3121.9,3134.3,31801000,3447.7,2820.9,3839.9,2896.0,3123.3,73,3,3123.2,118,2,3123.1,15,3,3123.0,127,4,3122.9,89,2,3124.3,190,1,3124.4,73,3,3124.5,273,6,3124.6,140,4,3124.8,108,3
2031,2026-06-16 09:59:56+05:30,3124.2,1,3138.0,722305,100326.0,194214.0,3163.0,3163.0,3121.9,3134.3,31801000,3447.7,2820.9,3839.9,2896.0,3123.3,73,3,3123.2,118,2,3123.1,15,3,3123.0,127,4,3122.9,89,2,3124.3,190,1,3124.4,73,3,3124.5,273,6,3124.6,140,4,3124.8,108,3
2031,2026-06-16 09:59:56+05:30,3124.2,1,3138.0,722417,100812.0,194036.0,3163.0,3163.0,3121.9,3134.3,31801000,3447.7,2820.9,3839.9,2896.0,3123.5,23,1,3123.3,70,2,3123.2,118,2,3123.1,172,6,3123.0,169,7,3124.3,18,1,3124.4,55,3,3124.5,45,2,3124.6,57,2,3124.7,181,2
2031,2026-06-16 09:59:57+05:30,3124.5,18,3138.0,722417,100812.0,194036.0,3163.0,3163.0,3121.9,3134.3,31801000,3447.7,2820.9,3839.9,2896.0,3123.5,23,1,3123.3,70,2,3123.2,118,2,3123.1,172,6,3123.0,169,7,3124.3,18,1,3124.4,55,3,3124.5,45,2,3124.6,57,2,3124.7,181,2
2031,2026-06-16 09:59:57+05:30,3124.5,18,3138.0,722534,101154.0,193520.0,3163.0,3163.0,3121.9,3134.3,31801000,3447.7,2820.9,3839.9,2896.0,3123.6,23,1,3123.5,112,5,3123.4,171,5,3123.3,252,7,3123.2,226,6,3124.5,1,1,3124.6,19,1,3124.7,78,1,3125.0,155,8,3125.1,68,1
2031,2026-06-16 09:59:58+05:30,3123.8,17,3138.0,722534,101154.0,193520.0,3163.0,3163.0,3121.9,3134.3,31801000,3447.7,2820.9,3839.9,2896.0,3123.6,23,1,3123.5,112,5,3123.4,171,5,3123.3,252,7,3123.2,226,6,3124.5,1,1,3124.6,19,1,3124.7,78,1,3125.0,155,8,3125.1,68,1
2031,2026-06-16 09:59:58+05:30,3123.8,17,3138.0,722632,101101.0,192847.0,3163.0,3163.0,3121.9,3134.3,31801000,3447.7,2820.9,3839.9,2896.0,3123.8,26,1,3123.6,44,1,3123.5,7,2,3123.4,8,2,3123.3,84,3,3124.5,26,1,3124.7,19,1,3124.8,19,1,3124.9,237,3,3125.0,297,10
2031,2026-06-16 09:59:59+05:30,3123.8,17,3138.0,722632,101076.0,192646.0,3163.0,3163.0,3121.9,3134.3,31801000,3447.7,2820.9,3839.9,2896.0,3124.0,23,1,3123.6,44,1,3123.5,7,2,3123.4,8,2,3123.3,84,3,3124.5,108,5,3124.6,61,2,3124.7,46,2,3124.8,371,4,3124.9,54,2
2031,2026-06-16 10:00:00+05:30,3124.3,1,3138.0,722634,101846.0,194199.0,3163.0,3163.0,3121.9,3134.3,31801000,3447.7,2820.9,3839.9,2896.0,3124.3,2,2,3124.0,73,3,3123.6,44,1,3123.5,2,1,3123.4,1,1,3124.5,53,3,3124.6,17,1,3124.7,19,1,3124.8,52,2,3124.9,44,2
2031,2026-06-16 10:00:01+05:30,3124.5,11,3138.0,722634,101846.0,194199.0,3163.0,3163.0,3121.9,3134.3,31801000,3447.7,2820.9,3839.9,2896.0,3124.3,2,2,3124.0,73,3,3123.6,44,1,3123.5,2,1,3123.4,1,1,3124.5,53,3,3124.6,17,1,3124.7,19,1,3124.8,52,2,3124.9,44,2
2031,2026-06-16 10:00:01+05:30,3124.5,11,3138.0,722734,101621.0,194451.0,3163.0,3163.0,3121.9,3134.3,31801000,3447.7,2820.9,3839.9,2896.0,3124.3,48,3,3124.0,75,3,3123.5,2,1,3123.4,14,2,3123.1,227,4,3124.5,26,1,3124.6,39,3,3124.7,219,2,3124.8,197,5,3124.9,75,2
2031,2026-06-16 10:00:03+05:30,3124.0,49,3137.99,723056,100613.0,194766.0,3163.0,3163.0,3121.9,3134.3,31801000,3447.7,2820.9,3839.9,2896.0,3124.0,1,1,3123.5,2,1,3123.4,14,2,3123.1,229,3,3123.0,367,2,3124.4,50,3,3124.6,117,6,3124.7,103,2,3124.8,183,5,3124.9,205,2
2031,2026-06-16 10:00:03+05:30,3124.4,2,3137.99,723056,100613.0,194766.0,3163.0,3163.0,3121.9,3134.3,31801000,3447.7,2820.9,3839.9,2896.0,3124.0,1,1,3123.5,2,1,3123.4,14,2,3123.1,229,3,3123.0,367,2,3124.4,50,3,3124.6,117,6,3124.7,103,2,3124.8,183,5,3124.9,205,2
2031,2026-06-16 10:00:04+05:30,3123.5,25,3137.99,723095,99916.0,194935.0,3163.0,3163.0,3121.9,3134.3,31801000,3447.7,2820.9,3839.9,2896.0,3123.5,27,2,3123.4,14,2,3123.1,6,1,3123.0,367,2,3122.6,33,1,3124.2,70,4,3124.3,258,3,3124.4,222,6,3124.5,34,1,3124.6,516,7
2031,2026-06-16 10:00:04+05:30,3123.5,25,3137.99,723095,99916.0,194935.0,3163.0,3163.0,3121.9,3134.3,31801000,3447.7,2820.9,3839.9,2896.0,3123.5,27,2,3123.4,14,2,3123.1,6,1,3123.0,367,2,3122.6,33,1,3124.2,70,4,3124.3,258,3,3124.4,222,6,3124.5,34,1,3124.6,516,7
2031,2026-06-16 10:00:05+05:30,3123.5,6,3137.99,723160,99918.0,195876.0,3163.0,3163.0,3121.9,3134.3,31801000,3447.7,2820.9,3839.9,2896.0,3123.5,21,2,3123.4,14,2,3123.1,6,1,3123.0,367,2,3122.6,33,1,3124.0,170,1,3124.1,80,3,3124.2,154,6,3124.3,173,3,3124.4,464,5
2031,2026-06-16 10:00:05+05:30,3123.5,6,3137.99,723160,99918.0,195876.0,3163.0,3163.0,3121.9,3134.3,31801000,3447.7,2820.9,3839.9,2896.0,3123.5,21,2,3123.4,14,2,3123.1,6,1,3123.0,367,2,3122.6,33,1,3124.0,170,1,3124.1,80,3,3124.2,154,6,3124.3,173,3,3124.4,464,5
2031,2026-06-16 10:00:06+05:30,3123.5,6,3137.99,723160,99879.0,194254.0,3163.0,3163.0,3121.9,3134.3,31801000,3447.7,2820.9,3839.9,2896.0,3123.5,21,2,3123.4,14,2,3123.1,6,1,3123.0,367,2,3122.5,21,1,3123.9,170,1,3124.0,306,4,3124.1,22,1,3124.2,134,5,3124.3,270,2
2031,2026-06-16 10:00:07+05:30,3123.9,1,3137.99,723160,99879.0,194254.0,3163.0,3163.0,3121.9,3134.3,31801000,3447.7,2820.9,3839.9,2896.0,3123.5,21,2,3123.4,14,2,3123.1,6,1,3123.0,367,2,3122.5,21,1,3123.9,170,1,3124.0,306,4,3124.1,22,1,3124.2,134,5,3124.3,270,2
2031,2026-06-16 10:00:07+05:30,3123.9,1,3137.99,723161,99954.0,194101.0,3163.0,3163.0,3121.9,3134.3,31801000,3447.7,2820.9,3839.9,2896.0,3123.5,21,2,3123.4,14,2,3123.1,6,1,3123.0,367,2,3122.5,21,1,3123.9,169,1,3124.0,306,4,3124.1,22,1,3124.2,134,5,3124.3,270,2
2031,2026-06-16 10:00:08+05:30,3123.9,1,3137.99,723161,99954.0,194101.0,3163.0,3163.0,3121.9,3134.3,31801000,3447.7,2820.9,3839.9,2896.0,3123.5,21,2,3123.4,14,2,3123.1,6,1,3123.0,367,2,3122.5,21,1,3123.9,169,1,3124.0,306,4,3124.1,22,1,3124.2,134,5,3124.3,270,2
2031,2026-06-16 10:00:08+05:30,3123.9,1,3137.99,723181,100152.0,195621.0,3163.0,3163.0,3121.9,3134.3,31801000,3447.7,2820.9,3839.9,2896.0,3123.5,27,2,3123.4,14,2,3123.1,6,1,3123.0,367,2,3122.8,60,1,3124.0,265,2,3124.1,190,2,3124.2,39,1,3124.4,335,4,3124.5,79,2
2031,2026-06-16 10:00:09+05:30,3123.0,6,3137.99,723181,100152.0,195621.0,3163.0,3163.0,3121.9,3134.3,31801000,3447.7,2820.9,3839.9,2896.0,3123.5,27,2,3123.4,14,2,3123.1,6,1,3123.0,367,2,3122.8,60,1,3124.0,265,2,3124.1,190,2,3124.2,39,1,3124.4,335,4,3124.5,79,2
2031,2026-06-16 10:00:09+05:30,3123.0,6,3137.98,723746,99433.0,192801.0,3163.0,3163.0,3121.9,3134.3,31801000,3447.7,2820.9,3839.9,2896.0,3123.1,19,1,3123.0,232,6,3122.9,32,1,3122.8,98,3,3122.7,105,3,3124.0,265,2,3124.1,22,1,3124.2,39,1,3124.6,22,1,3124.7,52,1
2031,2026-06-16 10:00:10+05:30,3123.0,12,3137.98,723746,99433.0,192801.0,3163.0,3163.0,3121.9,3134.3,31801000,3447.7,2820.9,3839.9,2896.0,3123.1,19,1,3123.0,232,6,3122.9,32,1,3122.8,98,3,3122.7,105,3,3124.0,265,2,3124.1,22,1,3124.2,39,1,3124.6,22,1,3124.7,52,1
2031,2026-06-16 10:00:10+05:30,3124.0,156,3137.97,724075,100160.0,191116.0,3163.0,3163.0,3121.9,3134.3,31801000,3447.7,2820.9,3839.9,2896.0,3123.5,2,1,3123.0,403,10,3122.9,32,1,3122.8,85,2,3122.7,161,4,3124.0,79,1,3124.1,22,1,3124.2,39,1,3124.9,195,2,3125.0,163,7
2031,2026-06-16 10:00:11+05:30,3124.1,20,3137.97,724075,100160.0,191116.0,3163.0,3163.0,3121.9,3134.3,31801000,3447.7,2820.9,3839.9,2896.0,3123.5,2,1,3123.0,403,10,3122.9,32,1,3122.8,85,2,3122.7,161,4,3124.0,79,1,3124.1,22,1,3124.2,39,1,3124.9,195,2,3125.0,163,7
2031,2026-06-16 10:00:11+05:30,3124.8,3,3137.96,724347,101438.0,193193.0,3163.0,3163.0,3121.9,3134.3,31801000,3447.7,2820.9,3839.9,2896.0,3124.6,2,1,3124.0,2,1,3123.8,63,1,3123.7,133,2,3123.6,102,3,3124.8,16,1,3124.9,19,1,3125.0,90,5,3125.2,61,2,3125.3,24,1
2031,2026-06-16 10:00:12+05:30,3124.0,34,3137.96,724347,101438.0,193193.0,3163.0,3163.0,3121.9,3134.3,31801000,3447.7,2820.9,3839.9,2896.0,3124.6,2,1,3124.0,2,1,3123.8,63,1,3123.7,133,2,3123.6,102,3,3124.8,16,1,3124.9,19,1,3125.0,90,5,3125.2,61,2,3125.3,24,1
2031,2026-06-16 10:00:12+05:30,3124.8,4,3137.96,724517,101217.0,194049.0,3163.0,3163.0,3121.9,3134.3,31801000,3447.7,2820.9,3839.9,2896.0,3124.0,30,1,3123.5,62,1,3123.4,12,1,3123.3,60,2,3123.2,33,1,3124.8,32,3,3124.9,19,1,3125.0,143,7,3125.1,84,1,3125.2,87,3
2031,2026-06-16 10:00:13+05:30,3124.8,4,3137.96,724517,101217.0,194049.0,3163.0,3163.0,3121.9,3134.3,31801000,3447.7,2820.9,3839.9,2896.0,3124.0,30,1,3123.5,62,1,3123.4,12,1,3123.3,60,2,3123.2,33,1,3124.8,32,3,3124.9,19,1,3125.0,143,7,3125.1,84,1,3125.2,87,3
2031,2026-06-16 10:00:13+05:30,3124.8,4,3137.96,724517,101000.0,194093.0,3163.0,3163.0,3121.9,3134.3,31801000,3447.7,2820.9,3839.9,2896.0,3124.0,30,1,3123.5,84,2,3123.3,40,1,3123.2,33,1,3123.1,39,2,3124.6,49,3,3124.7,44,3,3124.8,77,4,3124.9,103,2,3125.0,162,8
2031,2026-06-16 10:00:14+05:30,3124.5,1,3137.96,724517,101000.0,194093.0,3163.0,3163.0,3121.9,3134.3,31801000,3447.7,2820.9,3839.9,2896.0,3124.0,30,1,3123.5,84,2,3123.3,40,1,3123.2,33,1,3123.1,39,2,3124.6,49,3,3124.7,44,3,3124.8,77,4,3124.9,103,2,3125.0,162,8
2031,2026-06-16 10:00:14+05:30,3124.0,16,3137.96,724534,100383.0,193922.0,3163.0,3163.0,3121.9,3134.3,31801000,3447.7,2820.9,3839.9,2896.0,3124.0,50,2,3123.5,50,2,3123.4,31,1,3123.3,103,2,3123.2,31,2,3124.5,46,4,3124.6,32,4,3124.7,25,2,3124.8,31,3,3124.9,84,1
2031,2026-06-16 10:00:15+05:30,3124.0,36,3137.96,724534,100383.0,193922.0,3163.0,3163.0,3121.9,3134.3,31801000,3447.7,2820.9,3839.9,2896.0,3124.0,50,2,3123.5,50,2,3123.4,31,1,3123.3,103,2,3123.2,31,2,3124.5,46,4,3124.6,32,4,3124.7,25,2,3124.8,31,3,3124.9,84,1
2031,2026-06-16 10:00:15+05:30,3124.5,9,3137.96,724804,101290.0,194392.0,3163.0,3163.0,3121.9,3134.3,31801000,3447.7,2820.9,3839.9,2896.0,3124.3,2,2,3124.0,65,4,3123.5,98,2,3123.4,64,2,3123.3,146,3,3124.5,39,1,3125.0,90,5,3125.1,139,2,3125.2,40,1,3125.3,113,4
2031,2026-06-16 10:00:16+05:30,3124.5,4,3137.96,724804,101290.0,194392.0,3163.0,3163.0,3121.9,3134.3,31801000,3447.7,2820.9,3839.9,2896.0,3124.3,2,2,3124.0,65,4,3123.5,98,2,3123.4,64,2,3123.3,146,3,3124.5,39,1,3125.0,90,5,3125.1,139,2,3125.2,40,1,3125.3,113,4
2031,2026-06-16 10:00:17+05:30,3124.5,30,3137.95,724959,101714.0,193865.0,3163.0,3163.0,3121.9,3134.3,31801000,3447.7,2820.9,3839.9,2896.0,3124.0,65,4,3123.9,50,2,3123.8,112,4,3123.6,19,1,3123.5,150,4,3124.5,88,2,3125.0,108,6,3125.1,18,1,3125.3,45,1,3125.4,147,2
2031,2026-06-16 10:00:17+05:30,3124.4,1,3137.95,724959,101714.0,193865.0,3163.0,3163.0,3121.9,3134.3,31801000,3447.7,2820.9,3839.9,2896.0,3124.0,65,4,3123.9,50,2,3123.8,112,4,3123.6,19,1,3123.5,150,4,3124.5,88,2,3125.0,108,6,3125.1,18,1,3125.3,45,1,3125.4,147,2
2031,2026-06-16 10:00:17+05:30,3124.4,1,3137.95,724959,101714.0,193865.0,3163.0,3163.0,3121.9,3134.3,31801000,3447.7,2820.9,3839.9,2896.0,3124.0,65,4,3123.9,50,2,3123.8,112,4,3123.6,19,1,3123.5,150,4,3124.5,88,2,3125.0,108,6,3125.1,18,1,3125.3,45,1,3125.4,147,2
2031,2026-06-16 10:00:18+05:30,3124.0,19,3137.95,724979,101528.0,194219.0,3163.0,3163.0,3121.9,3134.3,31801000,3447.7,2820.9,3839.9,2896.0,3124.0,46,4,3123.8,40,1,3123.7,20,1,3123.6,23,1,3123.5,120,4,3124.4,22,1,3124.5,88,2,3125.0,110,7,3125.1,18,1,3125.3,245,2
2031,2026-06-16 10:00:18+05:30,3124.0,19,3137.95,724979,101528.0,194219.0,3163.0,3163.0,3121.9,3134.3,31801000,3447.7,2820.9,3839.9,2896.0,3124.0,46,4,3123.8,40,1,3123.7,20,1,3123.6,23,1,3123.5,120,4,3124.4,22,1,3124.5,88,2,3125.0,110,7,3125.1,18,1,3125.3,245,2
2031,2026-06-16 10:00:19+05:30,3124.0,1,3137.95,725006,100833.0,194525.0,3163.0,3163.0,3121.9,3134.3,31801000,3447.7,2820.9,3839.9,2896.0,3124.0,45,4,3123.6,52,2,3123.5,70,1,3123.4,104,3,3123.3,171,4,3124.5,122,4,3124.6,69,1,3125.0,560,9,3125.1,18,1,3125.2,119,2
2031,2026-06-16 10:00:19+05:30,3124.0,1,3137.95,725006,100833.0,194525.0,3163.0,3163.0,3121.9,3134.3,31801000,3447.7,2820.9,3839.9,2896.0,3124.0,45,4,3123.6,52,2,3123.5,70,1,3123.4,104,3,3123.3,171,4,3124.5,122,4,3124.6,69,1,3125.0,560,9,3125.1,18,1,3125.2,119,2
2031,2026-06-16 10:00:19+05:30,3124.0,1,3137.95,725006,100833.0,194525.0,3163.0,3163.0,3121.9,3134.3,31801000,3447.7,2820.9,3839.9,2896.0,3124.0,45,4,3123.6,52,2,3123.5,70,1,3123.4,104,3,3123.3,171,4,3124.5,122,4,3124.6,69,1,3125.0,560,9,3125.1,18,1,3125.2,119,2
2031,2026-06-16 10:00:20+05:30,3124.4,17,3137.95,725099,101314.0,194850.0,3163.0,3163.0,3121.9,3134.3,31801000,3447.7,2820.9,3839.9,2896.0,3124.4,9,1,3124.0,23,3,3123.4,31,1,3123.3,138,3,3123.2,1,1,3124.5,134,5,3124.6,87,2,3124.7,84,1,3124.8,33,2,3125.0,675,13
2031,2026-06-16 10:00:20+05:30,3124.0,12,3137.95,725099,101314.0,194850.0,3163.0,3163.0,3121.9,3134.3,31801000,3447.7,2820.9,3839.9,2896.0,3124.4,9,1,3124.0,23,3,3123.4,31,1,3123.3,138,3,3123.2,1,1,3124.5,134,5,3124.6,87,2,3124.7,84,1,3124.8,33,2,3125.0,675,13
2031,2026-06-16 10:00:21+05:30,3123.0,10,3137.95,725099,101314.0,194850.0,3163.0,3163.0,3121.9,3134.3,31801000,3447.7,2820.9,3839.9,2896.0,3124.4,9,1,3124.0,23,3,3123.4,31,1,3123.3,138,3,3123.2,1,1,3124.5,134,5,3124.6,87,2,3124.7,84,1,3124.8,33,2,3125.0,675,13
2031,2026-06-16 10:00:21+05:30,3123.0,10,3137.94,725573,97939.0,196693.0,3163.0,3163.0,3121.9,3134.3,31801000,3447.7,2820.9,3839.9,2896.0,3122.6,13,1,3122.1,120,2,3122.0,223,12,3121.9,104,4,3121.8,20,2,3123.6,118,3,3123.7,251,6,3123.8,83,3,3123.9,107,3,3124.0,217,2
2031,2026-06-16 10:00:21+05:30,3123.0,10,3137.94,725573,97939.0,196693.0,3163.0,3163.0,3121.9,3134.3,31801000,3447.7,2820.9,3839.9,2896.0,3122.6,13,1,3122.1,120,2,3122.0,223,12,3121.9,104,4,3121.8,20,2,3123.6,118,3,3123.7,251,6,3123.8,83,3,3123.9,107,3,3124.0,217,2
2031,2026-06-16 10:00:22+05:30,3123.6,1,3137.94,725574,97934.0,195602.0,3163.0,3163.0,3121.9,3134.3,31801000,3447.7,2820.9,3839.9,2896.0,3122.6,14,2,3122.5,59,2,3122.4,119,2,3122.3,56,2,3122.2,63,1,3123.6,74,2,3123.7,39,2,3123.8,33,2,3123.9,144,2,3124.0,301,3
2031,2026-06-16 10:00:23+05:30,3123.6,1,3137.94,725574,97934.0,195602.0,3163.0,3163.0,3121.9,3134.3,31801000,3447.7,2820.9,3839.9,2896.0,3122.6,14,2,3122.5,59,2,3122.4,119,2,3122.3,56,2,3122.2,63,1,3123.6,74,2,3123.7,39,2,3123.8,33,2,3123.9,144,2,3124.0,301,3
2031,2026-06-16 10:00:23+05:30,3122.6,9,3137.94,725574,97934.0,195602.0,3163.0,3163.0,3121.9,3134.3,31801000,3447.7,2820.9,3839.9,2896.0,3122.6,14,2,3122.5,59,2,3122.4,119,2,3122.3,56,2,3122.2,63,1,3123.6,74,2,3123.7,39,2,3123.8,33,2,3123.9,144,2,3124.0,301,3
2031,2026-06-16 10:00:23+05:30,3122.6,9,3137.94,725654,97228.0,197331.0,3163.0,3163.0,3121.9,3134.3,31801000,3447.7,2820.9,3839.9,2896.0,3122.6,5,2,3122.2,171,1,3122.1,100,1,3122.0,223,12,3121.9,104,4,3123.4,38,2,3123.5,3,1,3123.6,235,6,3123.7,347,5,3123.8,122,4
2031,2026-06-16 10:00:24+05:30,3123.4,31,3137.94,725654,97228.0,197331.0,3163.0,3163.0,3121.9,3134.3,31801000,3447.7,2820.9,3839.9,2896.0,3122.6,5,2,3122.2,171,1,3122.1,100,1,3122.0,223,12,3121.9,104,4,3123.4,38,2,3123.5,3,1,3123.6,235,6,3123.7,347,5,3123.8,122,4
2031,2026-06-16 10:00:24+05:30,3123.4,31,3137.94,725714,98306.0,196960.0,3163.0,3163.0,3121.9,3134.3,31801000,3447.7,2820.9,3839.9,2896.0,3122.6,5,2,3122.4,47,2,3122.3,77,3,3122.2,190,2,3122.1,100,1,3123.4,64,2,3123.5,3,1,3123.6,90,4,3123.7,309,4,3123.8,148,3
2031,2026-06-16 10:00:24+05:30,3123.4,31,3137.94,725714,98306.0,196960.0,3163.0,3163.0,3121.9,3134.3,31801000,3447.7,2820.9,3839.9,2896.0,3122.6,5,2,3122.4,47,2,3122.3,77,3,3122.2,190,2,3122.1,100,1,3123.4,64,2,3123.5,3,1,3123.6,90,4,3123.7,309,4,3123.8,148,3
2031,2026-06-16 10:00:25+05:30,3122.6,6,3137.94,725714,98306.0,196960.0,3163.0,3163.0,3121.9,3134.3,31801000,3447.7,2820.9,3839.9,2896.0,3122.6,5,2,3122.4,47,2,3122.3,77,3,3122.2,190,2,3122.1,100,1,3123.4,64,2,3123.5,3,1,3123.6,90,4,3123.7,309,4,3123.8,148,3
2031,2026-06-16 10:00:25+05:30,3122.1,1,3137.94,725826,97541.0,197451.0,3163.0,3163.0,3121.9,3134.3,31801000,3447.7,2820.9,3839.9,2896.0,3122.1,54,2,3122.0,226,13,3121.9,101,4,3121.8,34,2,3121.7,130,3,3123.3,87,3,3123.4,91,4,3123.6,237,7,3123.7,309,4,3123.8,36,2
2031,2026-06-16 10:00:26+05:30,3122.1,1,3137.94,725826,97541.0,197451.0,3163.0,3163.0,3121.9,3134.3,31801000,3447.7,2820.9,3839.9,2896.0,3122.1,54,2,3122.0,226,13,3121.9,101,4,3121.8,34,2,3121.7,130,3,3123.3,87,3,3123.4,91,4,3123.6,237,7,3123.7,309,4,3123.8,36,2
2031,2026-06-16 10:00:26+05:30,3122.4,11,3137.94,725826,97541.0,197451.0,3163.0,3163.0,3121.9,3134.3,31801000,3447.7,2820.9,3839.9,2896.0,3122.1,54,2,3122.0,226,13,3121.9,101,4,3121.8,34,2,3121.7,130,3,3123.3,87,3,3123.4,91,4,3123.6,237,7,3123.7,309,4,3123.8,36,2
2031,2026-06-16 10:00:26+05:30,3122.3,10,3137.93,726202,97279.0,196745.0,3163.0,3163.0,3121.9,3134.3,31801000,3447.7,2820.9,3839.9,2896.0,3122.1,46,4,3122.0,308,15,3121.9,105,6,3121.8,105,5,3121.6,114,2,3123.3,61,2,3123.4,20,2,3123.5,8,1,3123.6,80,2,3123.7,18,1
2031,2026-06-16 10:00:27+05:30,3123.3,1,3137.93,726202,97279.0,196745.0,3163.0,3163.0,3121.9,3134.3,31801000,3447.7,2820.9,3839.9,2896.0,3122.1,46,4,3122.0,308,15,3121.9,105,6,3121.8,105,5,3121.6,114,2,3123.3,61,2,3123.4,20,2,3123.5,8,1,3123.6,80,2,3123.7,18,1
2031,2026-06-16 10:00:27+05:30,3123.3,1,3137.93,726202,97279.0,196745.0,3163.0,3163.0,3121.9,3134.3,31801000,3447.7,2820.9,3839.9,2896.0,3122.1,46,4,3122.0,308,15,3121.9,105,6,3121.8,105,5,3121.6,114,2,3123.3,61,2,3123.4,20,2,3123.5,8,1,3123.6,80,2,3123.7,18,1
2031,2026-06-16 10:00:28+05:30,3123.3,1,3137.93,726204,97755.0,197150.0,3163.0,3163.0,3121.9,3134.3,31801000,3447.7,2820.9,3839.9,2896.0,3122.1,26,3,3122.0,302,14,3121.9,108,7,3121.8,103,5,3121.6,116,3,3123.3,129,6,3123.4,61,3,3123.5,8,1,3123.6,164,3,3123.7,54,1
2031,2026-06-16 10:00:28+05:30,3123.3,1,3137.93,726204,97755.0,197150.0,3163.0,3163.0,3121.9,3134.3,31801000,3447.7,2820.9,3839.9,2896.0,3122.1,26,3,3122.0,302,14,3121.9,108,7,3121.8,103,5,3121.6,116,3,3123.3,129,6,3123.4,61,3,3123.5,8,1,3123.6,164,3,3123.7,54,1
2031,2026-06-16 10:00:28+05:30,3123.3,1,3137.93,726204,97755.0,197150.0,3163.0,3163.0,3121.9,3134.3,31801000,3447.7,2820.9,3839.9,2896.0,3122.1,26,3,3122.0,302,14,3121.9,108,7,3121.8,103,5,3121.6,116,3,3123.3,129,6,3123.4,61,3,3123.5,8,1,3123.6,164,3,3123.7,54,1
2031,2026-06-16 10:00:28+05:30,3123.3,1,3137.93,726204,97755.0,197150.0,3163.0,3163.0,3121.9,3134.3,31801000,3447.7,2820.9,3839.9,2896.0,3122.1,26,3,3122.0,302,14,3121.9,108,7,3121.8,103,5,3121.6,116,3,3123.3,129,6,3123.4,61,3,3123.5,8,1,3123.6,164,3,3123.7,54,1
2031,2026-06-16 10:00:29+05:30,3123.3,20,3137.93,726224,97795.0,197048.0,3163.0,3163.0,3121.9,3134.3,31801000,3447.7,2820.9,3839.9,2896.0,3122.1,65,5,3122.0,333,15,3121.9,108,7,3121.8,54,4,3121.7,21,1,3123.3,115,6,3123.4,79,4,3123.5,8,1,3123.6,80,2,3123.8,146,3
2031,2026-06-16 10:00:29+05:30,3123.3,20,3137.93,726224,97795.0,197048.0,3163.0,3163.0,3121.9,3134.3,31801000,3447.7,2820.9,3839.9,2896.0,3122.1,65,5,3122.0,333,15,3121.9,108,7,3121.8,54,4,3121.7,21,1,3123.3,115,6,3123.4,79,4,3123.5,8,1,3123.6,80,2,3123.8,146,3
2031,2026-06-16 10:00:29+05:30,3123.1,2,3137.93,726224,97795.0,197048.0,3163.0,3163.0,3121.9,3134.3,31801000,3447.7,2820.9,3839.9,2896.0,3122.1,65,5,3122.0,333,15,3121.9,108,7,3121.8,54,4,3121.7,21,1,3123.3,115,6,3123.4,79,4,3123.5,8,1,3123.6,80,2,3123.8,146,3
2031,2026-06-16 10:00:29+05:30,3123.1,2,3137.93,726224,97795.0,197048.0,3163.0,3163.0,3121.9,3134.3,31801000,3447.7,2820.9,3839.9,2896.0,3122.1,65,5,3122.0,333,15,3121.9,108,7,3121.8,54,4,3121.7,21,1,3123.3,115,6,3123.4,79,4,3123.5,8,1,3123.6,80,2,3123.8,146,3
2031,2026-06-16 10:00:30+05:30,3122.1,6,3137.92,726382,97903.0,197972.0,3163.0,3163.0,3121.9,3134.3,31801000,3447.7,2820.9,3839.9,2896.0,3122.1,31,3,3122.0,199,11,3121.9,45,4,3121.8,37,3,3121.7,65,2,3123.2,184,5,3123.3,181,9,3123.4,79,4,3123.5,92,2,3123.6,150,3
2031,2026-06-16 10:00:30+05:30,3122.1,6,3137.92,726382,97903.0,197972.0,3163.0,3163.0,3121.9,3134.3,31801000,3447.7,2820.9,3839.9,2896.0,3122.1,31,3,3122.0,199,11,3121.9,45,4,3121.8,37,3,3121.7,65,2,3123.2,184,5,3123.3,181,9,3123.4,79,4,3123.5,92,2,3123.6,150,3
2031,2026-06-16 10:00:30+05:30,3122.1,6,3137.92,726382,97903.0,197972.0,3163.0,3163.0,3121.9,3134.3,31801000,3447.7,2820.9,3839.9,2896.0,3122.1,31,3,3122.0,199,11,3121.9,45,4,3121.8,37,3,3121.7,65,2,3123.2,184,5,3123.3,181,9,3123.4,79,4,3123.5,92,2,3123.6,150,3
2031,2026-06-16 10:00:31+05:30,3122.3,6,3137.91,726915,97230.0,198531.0,3163.0,3163.0,3121.9,3134.3,31801000,3447.7,2820.9,3839.9,2896.0,3121.8,1,1,3121.5,26,2,3121.3,101,2,3121.2,1,1,3121.1,639,6,3122.3,33,3,3122.4,51,4,3122.5,70,3,3122.6,43,2,3122.7,174,4
2031,2026-06-16 10:00:31+05:30,3122.3,6,3137.91,726915,97230.0,198531.0,3163.0,3163.0,3121.9,3134.3,31801000,3447.7,2820.9,3839.9,2896.0,3121.8,1,1,3121.5,26,2,3121.3,101,2,3121.2,1,1,3121.1,639,6,3122.3,33,3,3122.4,51,4,3122.5,70,3,3122.6,43,2,3122.7,174,4
2031,2026-06-16 10:00:31+05:30,3122.3,6,3137.91,726915,97230.0,198531.0,3163.0,3163.0,3121.9,3134.3,31801000,3447.7,2820.9,3839.9,2896.0,3121.8,1,1,3121.5,26,2,3121.3,101,2,3121.2,1,1,3121.1,639,6,3122.3,33,3,3122.4,51,4,3122.5,70,3,3122.6,43,2,3122.7,174,4
2031,2026-06-16 10:00:32+05:30,3122.3,6,3137.91,726915,97230.0,198531.0,3163.0,3163.0,3121.9,3134.3,31801000,3447.7,2820.9,3839.9,2896.0,3121.1,445,4,3121.0,196,17,3120.6,26,2,3120.5,90,2,3120.4,37,3,3121.8,41,2,3121.9,110,6,3122.0,94,3,3122.1,73,3,3122.2,56,2
2031,2026-06-16 10:00:32+05:30,3121.1,103,3137.91,727147,95983.0,197508.0,3163.0,3163.0,3121.1,3134.3,31801000,3447.7,2820.9,3839.9,2896.0,3121.1,445,4,3121.0,196,17,3120.6,26,2,3120.5,90,2,3120.4,37,3,3121.8,41,2,3121.9,110,6,3122.0,94,3,3122.1,73,3,3122.2,56,2
2031,2026-06-16 10:00:32+05:30,3121.1,15,3137.91,727147,95983.0,197508.0,3163.0,3163.0,3121.1,3134.3,31801000,3447.7,2820.9,3839.9,2896.0,3121.1,445,4,3121.0,196,17,3120.6,26,2,3120.5,90,2,3120.4,37,3,3121.8,41,2,3121.9,110,6,3122.0,94,3,3122.1,73,3,3122.2,56,2
2031,2026-06-16 10:00:32+05:30,3121.1,15,3137.91,727147,95983.0,197508.0,3163.0,3163.0,3121.1,3134.3,31801000,3447.7,2820.9,3839.9,2896.0,3121.1,445,4,3121.0,196,17,3120.6,26,2,3120.5,90,2,3120.4,37,3,3121.8,41,2,3121.9,110,6,3122.0,94,3,3122.1,73,3,3122.2,56,2
2031,2026-06-16 10:00:33+05:30,3121.4,1,3137.89,727768,95806.0,199174.0,3163.0,3163.0,3121.1,3134.3,31801000,3447.7,2820.9,3839.9,2896.0,3121.1,94,1,3121.0,218,18,3120.6,86,3,3120.4,37,3,3120.3,215,6,3121.4,18,1,3121.5,48,3,3121.6,48,3,3121.7,43,2,3121.8,195,5
2031,2026-06-16 10:00:33+05:30,3121.3,15,3137.89,727768,95806.0,199174.0,3163.0,3163.0,3121.1,3134.3,31801000,3447.7,2820.9,3839.9,2896.0,3121.1,94,1,3121.0,218,18,3120.6,86,3,3120.4,37,3,3120.3,215,6,3121.4,18,1,3121.5,48,3,3121.6,48,3,3121.7,43,2,3121.8,195,5
2031,2026-06-16 10:00:33+05:30,3121.3,15,3137.89,727768,95806.0,199174.0,3163.0,3163.0,3121.1,3134.3,31801000,3447.7,2820.9,3839.9,2896.0,3121.1,94,1,3121.0,218,18,3120.6,86,3,3120.4,37,3,3120.3,215,6,3121.4,18,1,3121.5,48,3,3121.6,48,3,3121.7,43,2,3121.8,195,5
2031,2026-06-16 10:00:34+05:30,3121.4,39,3137.89,727987,95660.0,197576.0,3163.0,3163.0,3121.1,3134.3,31801000,3447.7,2820.9,3839.9,2896.0,3121.0,218,18,3120.6,13,1,3120.4,37,3,3120.3,215,6,3120.2,200,1,3121.4,222,8,3121.5,100,6,3121.6,145,6,3121.7,69,4,3121.8,222,7
2031,2026-06-16 10:00:34+05:30,3121.0,115,3137.89,727987,95660.0,197576.0,3163.0,3163.0,3121.1,3134.3,31801000,3447.7,2820.9,3839.9,2896.0,3121.0,218,18,3120.6,13,1,3120.4,37,3,3120.3,215,6,3120.2,200,1,3121.4,222,8,3121.5,100,6,3121.6,145,6,3121.7,69,4,3121.8,222,7
2031,2026-06-16 10:00:34+05:30,3121.0,115,3137.89,727987,95660.0,197576.0,3163.0,3163.0,3121.1,3134.3,31801000,3447.7,2820.9,3839.9,2896.0,3121.0,218,18,3120.6,13,1,3120.4,37,3,3120.3,215,6,3120.2,200,1,3121.4,222,8,3121.5,100,6,3121.6,145,6,3121.7,69,4,3121.8,222,7
2031,2026-06-16 10:00:35+05:30,3121.0,6,3137.87,728728,95272.0,196652.0,3163.0,3163.0,3120.4,3134.3,31801000,3447.7,2820.9,3839.9,2896.0,3121.0,9,1,3120.4,32,2,3120.3,124,4,3120.2,270,2,3120.1,283,5,3121.2,23,3,3121.3,58,3,3121.4,210,8,3121.5,262,5,3121.6,57,3
2031,2026-06-16 10:00:35+05:30,3121.0,6,3137.87,728728,95272.0,196652.0,3163.0,3163.0,3120.4,3134.3,31801000,3447.7,2820.9,3839.9,2896.0,3121.0,9,1,3120.4,32,2,3120.3,124,4,3120.2,270,2,3120.1,283,5,3121.2,23,3,3121.3,58,3,3121.4,210,8,3121.5,262,5,3121.6,57,3
2031,2026-06-16 10:00:35+05:30,3121.0,6,3137.87,728728,95272.0,196652.0,3163.0,3163.0,3120.4,3134.3,31794800,3447.7,2820.9,3839.9,2896.0,3121.0,9,1,3120.4,32,2,3120.3,124,4,3120.2,270,2,3120.1,283,5,3121.2,23,3,3121.3,58,3,3121.4,210,8,3121.5,262,5,3121.6,57,3
2031,2026-06-16 10:00:36+05:30,3121.2,17,3137.87,728858,95239.0,198715.0,3163.0,3163.0,3120.4,3134.3,31794800,3447.7,2820.9,3839.9,2896.0,3120.4,31,2,3120.3,124,4,3120.2,200,1,3120.1,262,4,3120.0,2071,64,3121.2,26,5,3121.3,68,4,3121.4,210,8,3121.5,313,5,3121.6,173,4
2031,2026-06-16 10:00:36+05:30,3121.2,17,3137.87,728858,95239.0,198715.0,3163.0,3163.0,3120.4,3134.3,31794800,3447.7,2820.9,3839.9,2896.0,3120.4,31,2,3120.3,124,4,3120.2,200,1,3120.1,262,4,3120.0,2071,64,3121.2,26,5,3121.3,68,4,3121.4,210,8,3121.5,313,5,3121.6,173,4
2031,2026-06-16 10:00:37+05:30,3121.1,57,3137.86,728958,95221.0,198810.0,3163.0,3163.0,3120.4,3134.3,31794800,3447.7,2820.9,3839.9,2896.0,3120.4,31,2,3120.3,124,4,3120.2,200,1,3120.1,262,4,3120.0,2137,65,3121.1,9,1,3121.2,112,8,3121.3,228,4,3121.4,209,7,3121.5,153,5
2031,2026-06-16 10:00:37+05:30,3121.1,57,3137.86,728958,95221.0,198810.0,3163.0,3163.0,3120.4,3134.3,31794800,3447.7,2820.9,3839.9,2896.0,3120.4,31,2,3120.3,124,4,3120.2,200,1,3120.1,262,4,3120.0,2137,65,3121.1,9,1,3121.2,112,8,3121.3,228,4,3121.4,209,7,3121.5,153,5
2031,2026-06-16 10:00:38+05:30,3120.9,10,3137.86,729048,95121.0,199454.0,3163.0,3163.0,3120.4,3134.3,31794800,3447.7,2820.9,3839.9,2896.0,3120.4,25,2,3120.3,124,4,3120.2,200,1,3120.1,262,4,3120.0,2071,64,3120.6,1,1,3120.9,59,2,3121.0,302,5,3121.1,60,3,3121.2,128,8
2031,2026-06-16 10:00:38+05:30,3120.9,10,3137.86,729048,95121.0,199454.0,3163.0,3163.0,3120.4,3134.3,31794800,3447.7,2820.9,3839.9,2896.0,3120.4,25,2,3120.3,124,4,3120.2,200,1,3120.1,262,4,3120.0,2071,64,3120.6,1,1,3120.9,59,2,3121.0,302,5,3121.1,60,3,3121.2,128,8
2031,2026-06-16 10:00:39+05:30,3120.4,10,3137.86,729048,95121.0,199454.0,3163.0,3163.0,3120.4,3134.3,31794800,3447.7,2820.9,3839.9,2896.0,3120.4,25,2,3120.3,124,4,3120.2,200,1,3120.1,262,4,3120.0,2071,64,3120.6,1,1,3120.9,59,2,3121.0,302,5,3121.1,60,3,3121.2,128,8
2031,2026-06-16 10:00:39+05:30,3120.1,200,3137.82,730960,94045.0,199411.0,3163.0,3163.0,3120.1,3134.3,31794800,3447.7,2820.9,3839.9,2896.0,3120.1,55,2,3120.0,2071,64,3119.6,65,2,3119.3,20,1,3119.1,21,1,3120.4,90,5,3120.6,87,5,3120.7,200,1,3120.8,49,4,3120.9,108,4
2031,2026-06-16 10:00:40+05:30,3120.3,1,3137.82,730960,94045.0,199411.0,3163.0,3163.0,3120.1,3134.3,31794800,3447.7,2820.9,3839.9,2896.0,3120.1,55,2,3120.0,2071,64,3119.6,65,2,3119.3,20,1,3119.1,21,1,3120.4,90,5,3120.6,87,5,3120.7,200,1,3120.8,49,4,3120.9,108,4
2031,2026-06-16 10:00:40+05:30,3120.3,1,3137.81,731362,94757.0,199938.0,3163.0,3163.0,3120.1,3134.3,31794800,3447.7,2820.9,3839.9,2896.0,3120.1,215,4,3120.0,2071,64,3119.9,23,1,3119.6,65,2,3119.3,90,2,3120.3,197,1,3120.4,278,8,3120.6,101,6,3120.7,269,3,3120.8,67,5
2031,2026-06-16 10:00:41+05:30,3119.6,40,3137.81,731362,94757.0,199938.0,3163.0,3163.0,3120.1,3134.3,31794800,3447.7,2820.9,3839.9,2896.0,3120.1,215,4,3120.0,2071,64,3119.9,23,1,3119.6,65,2,3119.3,90,2,3120.3,197,1,3120.4,278,8,3120.6,101,6,3120.7,269,3,3120.8,67,5
2031,2026-06-16 10:00:41+05:30,3119.8,3,3137.69,736089,91934.0,200205.0,3163.0,3163.0,3119.6,3134.3,31794800,3447.7,2820.9,3839.9,2896.0,3119.6,6,1,3119.0,45,2,3118.8,73,2,3118.6,6,1,3118.5,142,5,3119.8,328,4,3119.9,105,3,3120.0,303,7,3120.1,317,5,3120.2,28,3
2031,2026-06-16 10:00:42+05:30,3119.6,1,3137.69,736089,91934.0,200205.0,3163.0,3163.0,3119.6,3134.3,31794800,3447.7,2820.9,3839.9,2896.0,3119.6,6,1,3119.0,45,2,3118.8,73,2,3118.6,6,1,3118.5,142,5,3119.8,328,4,3119.9,105,3,3120.0,303,7,3120.1,317,5,3120.2,28,3
2031,2026-06-16 10:00:42+05:30,3118.8,18,3137.68,736510,92719.0,198166.0,3163.0,3163.0,3118.8,3134.3,31794800,3447.7,2820.9,3839.9,2896.0,3118.8,74,3,3118.6,6,1,3118.5,122,4,3118.3,81,2,3118.2,101,4,3119.7,190,1,3119.8,483,3,3119.9,85,2,3120.0,133,5,3120.1,287,4
2031,2026-06-16 10:00:43+05:30,3118.8,4,3137.68,736510,92719.0,198166.0,3163.0,3163.0,3118.8,3134.3,31794800,3447.7,2820.9,3839.9,2896.0,3118.8,74,3,3118.6,6,1,3118.5,122,4,3118.3,81,2,3118.2,101,4,3119.7,190,1,3119.8,483,3,3119.9,85,2,3120.0,133,5,3120.1,287,4
2031,2026-06-16 10:00:43+05:30,3118.8,4,3137.67,736934,92036.0,199436.0,3163.0,3163.0,3118.8,3134.3,31794800,3447.7,2820.9,3839.9,2896.0,3118.6,6,1,3118.5,52,3,3118.1,139,3,3118.0,295,7,3117.9,92,2,3118.8,1,1,3119.3,190,1,3119.4,65,4,3119.5,40,1,3119.6,143,5
2031,2026-06-16 10:00:44+05:30,3118.8,1,3137.67,736934,92036.0,199436.0,3163.0,3163.0,3118.8,3134.3,31794800,3447.7,2820.9,3839.9,2896.0,3118.6,6,1,3118.5,52,3,3118.1,139,3,3118.0,295,7,3117.9,92,2,3118.8,1,1,3119.3,190,1,3119.4,65,4,3119.5,40,1,3119.6,143,5
2031,2026-06-16 10:00:44+05:30,3118.8,1,3137.67,737125,92507.0,198528.0,3163.0,3163.0,3118.7,3134.3,31794800,3447.7,2820.9,3839.9,2896.0,3118.8,12,1,3118.6,26,2,3118.5,52,3,3118.4,70,2,3118.3,47,1,3119.7,31,2,3119.8,505,3,3119.9,136,3,3120.0,263,5,3120.1,210,2
2031,2026-06-16 10:00:45+05:30,3118.8,9,3137.67,737125,92507.0,198528.0,3163.0,3163.0,3118.7,3134.3,31794800,3447.7,2820.9,3839.9,2896.0,3118.8,12,1,3118.6,26,2,3118.5,52,3,3118.4,70,2,3118.3,47,1,3119.7,31,2,3119.8,505,3,3119.9,136,3,3120.0,263,5,3120.1,210,2
2031,2026-06-16 10:00:45+05:30,3118.8,2,3137.66,737161,92151.0,198736.0,3163.0,3163.0,3118.7,3134.3,31794800,3447.7,2820.9,3839.9,2896.0,3118.6,6,1,3118.5,52,3,3118.1,142,3,3118.0,377,9,3117.9,70,1,3118.8,1,1,3119.6,206,2,3119.7,51,4,3119.8,498,6,3119.9,223,2
2031,2026-06-16 10:00:46+05:30,3118.8,1,3137.66,737161,92151.0,198736.0,3163.0,3163.0,3118.7,3134.3,31794800,3447.7,2820.9,3839.9,2896.0,3118.6,6,1,3118.5,52,3,3118.1,142,3,3118.0,377,9,3117.9,70,1,3118.8,1,1,3119.6,206,2,3119.7,51,4,3119.8,498,6,3119.9,223,2
2031,2026-06-16 10:00:46+05:30,3118.8,1,3137.66,737162,92387.0,199083.0,3163.0,3163.0,3118.7,3134.3,31794800,3447.7,2820.9,3839.9,2896.0,3118.6,6,1,3118.5,52,3,3118.1,142,3,3118.0,345,8,3117.9,119,2,3118.8,35,2,3119.5,196,1,3119.7,22,3,3119.8,688,7,3119.9,61,2
2031,2026-06-16 10:00:47+05:30,3118.6,1,3137.66,737162,92387.0,199083.0,3163.0,3163.0,3118.7,3134.3,31794800,3447.7,2820.9,3839.9,2896.0,3118.6,6,1,3118.5,52,3,3118.1,142,3,3118.0,345,8,3117.9,119,2,3118.8,35,2,3119.5,196,1,3119.7,22,3,3119.8,688,7,3119.9,61,2
2031,2026-06-16 10:00:47+05:30,3118.6,1,3137.66,737221,92381.0,199322.0,3163.0,3163.0,3118.5,3134.3,31794800,3447.7,2820.9,3839.9,2896.0,3118.0,345,8,3117.3,135,4,3117.1,80,3,3117.0,75,4,3116.9,78,2,3118.6,19,1,3118.8,194,8,3119.0,197,5,3119.1,236,2,3119.2,151,4
2031,2026-06-16 10:00:48+05:30,3118.0,4,3137.66,737221,92381.0,199322.0,3163.0,3163.0,3118.5,3134.3,31794800,3447.7,2820.9,3839.9,2896.0,3118.0,345,8,3117.3,135,4,3117.1,80,3,3117.0,75,4,3116.9,78,2,3118.6,19,1,3118.8,194,8,3119.0,197,5,3119.1,236,2,3119.2,151,4
2031,2026-06-16 10:00:48+05:30,3118.0,18,3137.65,737815,92397.0,198981.0,3163.0,3163.0,3118.0,3134.3,31794800,3447.7,2820.9,3839.9,2896.0,3118.0,26,2,3117.3,174,5,3117.2,19,1,3117.1,107,3,3117.0,94,5,3118.5,2,1,3118.6,25,4,3118.8,153,5,3119.1,84,1,3119.2,141,3
2031,2026-06-16 10:00:49+05:30,3118.5,1,3137.65,737815,92397.0,198981.0,3163.0,3163.0,3118.0,3134.3,31794800,3447.7,2820.9,3839.9,2896.0,3118.0,26,2,3117.3,174,5,3117.2,19,1,3117.1,107,3,3117.0,94,5,3118.5,2,1,3118.6,25,4,3118.8,153,5,3119.1,84,1,3119.2,141,3
2031,2026-06-16 10:00:49+05:30,3118.5,1,3137.64,737930,92877.0,198300.0,3163.0,3163.0,3118.0,3134.3,31794800,3447.7,2820.9,3839.9,2896.0,3118.2,19,1,3118.1,85,5,3118.0,146,8,3117.9,39,2,3117.8,79,3,3118.5,17,2,3118.6,5,2,3118.8,112,3,3119.6,70,1,3119.7,181,3
2031,2026-06-16 10:00:50+05:30,3118.5,12,3137.64,737930,92877.0,198300.0,3163.0,3163.0,3118.0,3134.3,31794800,3447.7,2820.9,3839.9,2896.0,3118.2,19,1,3118.1,85,5,3118.0,146,8,3117.9,39,2,3117.8,79,3,3118.5,17,2,3118.6,5,2,3118.8,112,3,3119.6,70,1,3119.7,181,3
2031,2026-06-16 10:00:51+05:30,3118.8,14,3137.62,738747,93150.0,197672.0,3163.0,3163.0,3118.0,3134.3,31794800,3447.7,2820.9,3839.9,2896.0,3118.7,20,1,3118.6,116,5,3118.5,62,4,3118.4,25,2,3118.3,20,1,3118.8,98,3,3119.7,14,1,3119.8,473,2,3119.9,98,2,3120.0,269,5
2031,2026-06-16 10:00:51+05:30,3118.6,6,3137.62,738747,93150.0,197672.0,3163.0,3163.0,3118.0,3134.3,31794800,3447.7,2820.9,3839.9,2896.0,3118.7,20,1,3118.6,116,5,3118.5,62,4,3118.4,25,2,3118.3,20,1,3118.8,98,3,3119.7,14,1,3119.8,473,2,3119.9,98,2,3120.0,269,5
2031,2026-06-16 10:00:52+05:30,3118.8,3,3137.62,738776,92984.0,198275.0,3163.0,3163.0,3118.0,3134.3,31794800,3447.7,2820.9,3839.9,2896.0,3118.5,24,2,3118.4,51,2,3118.3,36,2,3118.2,115,4,3118.1,20,1,3118.8,125,5,3119.7,210,3,3119.8,473,2,3119.9,102,3,3120.0,361,7
2031,2026-06-16 10:00:52+05:30,3118.8,3,3137.62,738776,92984.0,198275.0,3163.0,3163.0,3118.0,3134.3,31794800,3447.7,2820.9,3839.9,2896.0,3118.5,24,2,3118.4,51,2,3118.3,36,2,3118.2,115,4,3118.1,20,1,3118.8,125,5,3119.7,210,3,3119.8,473,2,3119.9,102,3,3120.0,361,7
2031,2026-06-16 10:00:53+05:30,3118.5,5,3137.62,738781,93057.0,198409.0,3163.0,3163.0,3118.0,3134.3,31794800,3447.7,2820.9,3839.9,2896.0,3118.5,38,1,3118.4,76,3,3118.2,115,4,3118.1,20,1,3118.0,136,7,3118.8,125,5,3119.7,228,3,3119.8,473,2,3119.9,102,3,3120.0,387,8
2031,2026-06-16 10:00:53+05:30,3118.8,1,3137.62,738781,93057.0,198409.0,3163.0,3163.0,3118.0,3134.3,31794800,3447.7,2820.9,3839.9,2896.0,3118.5,38,1,3118.4,76,3,3118.2,115,4,3118.1,20,1,3118.0,136,7,3118.8,125,5,3119.7,228,3,3119.8,473,2,3119.9,102,3,3120.0,387,8
2031,2026-06-16 10:00:54+05:30,3118.6,100,3137.61,739134,92934.0,198054.0,3163.0,3163.0,3118.0,3134.3,31794800,3447.7,2820.9,3839.9,2896.0,3118.6,25,1,3118.5,67,4,3118.4,22,2,3118.2,139,6,3118.1,151,4,3118.8,5,1,3119.7,198,2,3119.8,473,2,3119.9,98,2,3120.0,387,8
2031,2026-06-16 10:00:54+05:30,3118.8,1,3137.61,739134,92934.0,198054.0,3163.0,3163.0,3118.0,3134.3,31794800,3447.7,2820.9,3839.9,2896.0,3118.6,25,1,3118.5,67,4,3118.4,22,2,3118.2,139,6,3118.1,151,4,3118.8,5,1,3119.7,198,2,3119.8,473,2,3119.9,98,2,3120.0,387,8
2031,2026-06-16 10:00:55+05:30,3118.7,16,3137.6,739618,93048.0,197111.0,3163.0,3163.0,3118.0,3134.3,31794800,3447.7,2820.9,3839.9,2896.0,3118.7,45,3,3118.6,116,5,3118.5,103,7,3118.4,57,2,3118.3,20,2,3119.1,8,1,3119.7,122,1,3119.8,277,1,3119.9,41,1,3120.0,226,5
2031,2026-06-16 10:00:55+05:30,3118.7,16,3137.6,739618,93048.0,197111.0,3163.0,3163.0,3118.0,3134.3,31794800,3447.7,2820.9,3839.9,2896.0,3118.7,45,3,3118.6,116,5,3118.5,103,7,3118.4,57,2,3118.3,20,2,3119.1,8,1,3119.7,122,1,3119.8,277,1,3119.9,41,1,3120.0,226,5
2031,2026-06-16 10:00:56+05:30,3119.1,1,3137.6,739704,94170.0,196573.0,3163.0,3163.0,3118.0,3134.3,31794800,3447.7,2820.9,3839.9,2896.0,3118.8,93,4,3118.7,86,4,3118.6,172,7,3118.5,72,6,3118.4,39,2,3119.8,277,1,3119.9,132,1,3120.0,396,7,3120.1,190,1,3120.2,121,2
2031,2026-06-16 10:00:56+05:30,3119.1,1,3137.6,739704,94170.0,196573.0,3163.0,3163.0,3118.0,3134.3,31794800,3447.7,2820.9,3839.9,2896.0,3118.8,93,4,3118.7,86,4,3118.6,172,7,3118.5,72,6,3118.4,39,2,3119.8,277,1,3119.9,132,1,3120.0,396,7,3120.1,190,1,3120.2,121,2
2031,2026-06-16 10:00:57+05:30,3120.0,64,3137.58,740504,94777.0,193775.0,3163.0,3163.0,3118.0,3134.3,31794800,3447.7,2820.9,3839.9,2896.0,3119.1,46,1,3119.0,386,5,3118.9,198,5,3118.8,58,2,3118.7,187,4,3120.0,2,1,3120.1,190,1,3120.4,25,1,3120.5,41,1,3120.6,148,4
2031,2026-06-16 10:00:57+05:30,3120.0,64,3137.58,740504,94777.0,193775.0,3163.0,3163.0,3118.0,3134.3,31794800,3447.7,2820.9,3839.9,2896.0,3119.1,46,1,3119.0,386,5,3118.9,198,5,3118.8,58,2,3118.7,187,4,3120.0,2,1,3120.1,190,1,3120.4,25,1,3120.5,41,1,3120.6,148,4
2031,2026-06-16 10:00:58+05:30,3120.0,64,3137.58,740504,94697.0,193897.0,3163.0,3163.0,3118.0,3134.3,31794800,3447.7,2820.9,3839.9,2896.0,3119.1,46,1,3119.0,396,6,3118.9,149,4,3118.8,99,2,3118.7,187,4,3120.0,81,2,3120.1,210,2,3120.4,25,1,3120.5,17,1,3120.6,148,4
2031,2026-06-16 10:00:59+05:30,3120.1,1,3137.57,741051,95450.0,195185.0,3163.0,3163.0,3118.0,3134.3,31794800,3447.7,2820.9,3839.9,2896.0,3119.5,60,4,3119.3,122,5,3119.2,150,5,3119.1,319,7,3119.0,423,6,3120.2,199,1,3120.6,11,1,3120.9,445,15,3121.0,52,2,3121.1,91,2
2031,2026-06-16 10:00:59+05:30,3120.1,1,3137.57,741051,95450.0,195185.0,3163.0,3163.0,3118.0,3134.3,31794800,3447.7,2820.9,3839.9,2896.0,3119.5,60,4,3119.3,122,5,3119.2,150,5,3119.1,319,7,3119.0,423,6,3120.2,199,1,3120.6,11,1,3120.9,445,15,3121.0,52,2,3121.1,91,2
2031,2026-06-16 10:01:00+05:30,3120.0,1,3137.57,741051,95450.0,195185.0,3163.0,3163.0,3118.0,3134.3,31794800,3447.7,2820.9,3839.9,2896.0,3119.5,60,4,3119.3,122,5,3119.2,150,5,3119.1,319,7,3119.0,423,6,3120.2,199,1,3120.6,11,1,3120.9,445,15,3121.0,52,2,3121.1,91,2
2031,2026-06-16 10:01:00+05:30,3120.0,1,3137.57,741073,95580.0,196308.0,3163.0,3163.0,3118.0,3134.3,31794800,3447.7,2820.9,3839.9,2896.0,3119.9,2,2,3119.5,124,4,3119.3,61,3,3119.2,10,1,3119.1,125,4,3120.0,25,2,3120.2,247,3,3120.6,24,1,3120.7,41,1,3120.8,185,3
2031,2026-06-16 10:01:01+05:30,3119.5,96,3137.57,741073,95580.0,196308.0,3163.0,3163.0,3118.0,3134.3,31794800,3447.7,2820.9,3839.9,2896.0,3119.9,2,2,3119.5,124,4,3119.3,61,3,3119.2,10,1,3119.1,125,4,3120.0,25,2,3120.2,247,3,3120.6,24,1,3120.7,41,1,3120.8,185,3
2031,2026-06-16 10:01:01+05:30,3120.2,18,3137.56,741261,95280.0,195392.0,3163.0,3163.0,3118.0,3134.3,31794800,3447.7,2820.9,3839.9,2896.0,3119.5,28,4,3119.4,23,1,3119.1,76,2,3119.0,422,4,3118.9,38,1,3120.2,229,3,3120.3,27,1,3120.4,19,1,3120.5,57,2,3120.6,94,2
2031,2026-06-16 10:01:02+05:30,3120.2,18,3137.56,741261,95280.0,195392.0,3163.0,3163.0,3118.0,3134.3,31794800,3447.7,2820.9,3839.9,2896.0,3119.5,28,4,3119.4,23,1,3119.1,76,2,3119.0,422,4,3118.9,38,1,3120.2,229,3,3120.3,27,1,3120.4,19,1,3120.5,57,2,3120.6,94,2
2031,2026-06-16 10:01:02+05:30,3120.2,18,3137.56,741261,95372.0,196133.0,3163.0,3163.0,3118.0,3134.3,31794800,3447.7,2820.9,3839.9,2896.0,3119.6,24,1,3119.5,28,4,3119.1,76,2,3119.0,454,5,3118.9,38,1,3120.0,31,2,3120.2,272,5,3120.5,15,1,3120.6,94,2,3120.7,149,3
2031,2026-06-16 10:01:03+05:30,3120.0,8,3137.56,741261,95372.0,196133.0,3163.0,3163.0,3118.0,3134.3,31794800,3447.7,2820.9,3839.9,2896.0,3119.6,24,1,3119.5,28,4,3119.1,76,2,3119.0,454,5,3118.9,38,1,3120.0,31,2,3120.2,272,5,3120.5,15,1,3120.6,94,2,3120.7,149,3
2031,2026-06-16 10:01:03+05:30,3120.0,8,3137.56,741286,95613.0,196191.0,3163.0,3163.0,3118.0,3134.3,31794800,3447.7,2820.9,3839.9,2896.0,3119.6,24,1,3119.5,28,4,3119.1,76,2,3119.0,454,5,3118.9,38,1,3120.0,6,1,3120.2,272,5,3120.5,15,1,3120.6,113,3,3120.7,149,3
2031,2026-06-16 10:01:04+05:30,3120.0,6,3137.56,741286,95613.0,196191.0,3163.0,3163.0,3118.0,3134.3,31794800,3447.7,2820.9,3839.9,2896.0,3119.6,24,1,3119.5,28,4,3119.1,76,2,3119.0,454,5,3118.9,38,1,3120.0,6,1,3120.2,272,5,3120.5,15,1,3120.6,113,3,3120.7,149,3
2031,2026-06-16 10:01:04+05:30,3120.0,6,3137.56,741398,95725.0,196556.0,3163.0,3163.0,3118.0,3134.3,31794800,3447.7,2820.9,3839.9,2896.0,3120.1,3,1,3120.0,88,1,3119.9,22,1,3119.6,37,1,3119.5,28,4,3120.2,274,6,3120.6,43,2,3120.8,196,4,3120.9,476,16,3121.0,155,4
2031,2026-06-16 10:01:05+05:30,3120.0,8,3137.56,741398,95725.0,196556.0,3163.0,3163.0,3118.0,3134.3,31794800,3447.7,2820.9,3839.9,2896.0,3120.1,3,1,3120.0,88,1,3119.9,22,1,3119.6,37,1,3119.5,28,4,3120.2,274,6,3120.6,43,2,3120.8,196,4,3120.9,476,16,3121.0,155,4
2031,2026-06-16 10:01:05+05:30,3120.0,8,3137.55,741529,97066.0,195102.0,3163.0,3163.0,3118.0,3134.3,31794800,3447.7,2820.9,3839.9,2896.0,3120.0,79,1,3119.9,22,1,3119.7,15,1,3119.6,37,1,3119.5,48,5,3120.2,50,4,3120.3,80,1,3120.6,19,1,3120.8,75,2,3120.9,45,1
2031,2026-06-16 10:01:06+05:30,3120.3,1,3137.55,741529,97066.0,195102.0,3163.0,3163.0,3118.0,3134.3,31794800,3447.7,2820.9,3839.9,2896.0,3120.0,79,1,3119.9,22,1,3119.7,15,1,3119.6,37,1,3119.5,48,5,3120.2,50,4,3120.3,80,1,3120.6,19,1,3120.8,75,2,3120.9,45,1
2031,2026-06-16 10:01:06+05:30,3120.3,1,3137.55,741828,96622.0,193427.0,3163.0,3163.0,3118.0,3134.3,31794800,3447.7,2820.9,3839.9,2896.0,3120.2,23,1,3120.0,20,1,3119.6,37,1,3119.5,58,4,3119.2,37,2,3120.3,100,2,3120.5,10,1,3120.6,19,1,3120.7,294,3,3120.8,123,3
2031,2026-06-16 10:01:07+05:30,3120.2,40,3137.55,741828,96622.0,193427.0,3163.0,3163.0,3118.0,3134.3,31794800,3447.7,2820.9,3839.9,2896.0,3120.2,23,1,3120.0,20,1,3119.6,37,1,3119.5,58,4,3119.2,37,2,3120.3,100,2,3120.5,10,1,3120.6,19,1,3120.7,294,3,3120.8,123,3
2031,2026-06-16 10:01:07+05:30,3120.2,40,3137.55,741868,97611.0,195373.0,3163.0,3163.0,3118.0,3134.3,31794800,3447.7,2820.9,3839.9,2896.0,3120.2,27,2,3120.0,20,1,3119.6,37,1,3119.5,21,3,3119.4,32,1,3120.3,101,3,3120.6,19,1,3120.7,220,2,3121.0,317,4,3121.1,101,2
2031,2026-06-16 10:01:08+05:30,3120.3,9,3137.55,741868,97611.0,195373.0,3163.0,3163.0,3118.0,3134.3,31794800,3447.7,2820.9,3839.9,2896.0,3120.2,27,2,3120.0,20,1,3119.6,37,1,3119.5,21,3,3119.4,32,1,3120.3,101,3,3120.6,19,1,3120.7,220,2,3121.0,317,4,3121.1,101,2
2031,2026-06-16 10:01:08+05:30,3120.3,9,3137.54,742121,97923.0,194720.0,3163.0,3163.0,3118.0,3134.3,31794800,3447.7,2820.9,3839.9,2896.0,3120.2,14,2,3120.0,20,1,3119.8,36,2,3119.7,115,3,3119.6,63,2,3120.6,19,1,3120.7,20,1,3121.0,82,3,3121.1,27,1,3121.2,50,1
2031,2026-06-16 10:01:09+05:30,3120.2,8,3137.54,742121,97923.0,194720.0,3163.0,3163.0,3118.0,3134.3,31794800,3447.7,2820.9,3839.9,2896.0,3120.2,14,2,3120.0,20,1,3119.8,36,2,3119.7,115,3,3119.6,63,2,3120.6,19,1,3120.7,20,1,3121.0,82,3,3121.1,27,1,3121.2,50,1
2031,2026-06-16 10:01:09+05:30,3120.2,8,3137.54,742132,97761.0,195086.0,3163.0,3163.0,3118.0,3134.3,31794800,3447.7,2820.9,3839.9,2896.0,3120.2,46,3,3120.0,20,1,3119.9,23,1,3119.6,44,1,3119.5,48,3,3120.6,45,3,3120.7,20,1,3120.8,40,2,3120.9,66,2,3121.0,153,5
2031,2026-06-16 10:01:10+05:30,3120.6,1,3137.54,742132,97761.0,195086.0,3163.0,3163.0,3118.0,3134.3,31794800,3447.7,2820.9,3839.9,2896.0,3120.2,46,3,3120.0,20,1,3119.9,23,1,3119.6,44,1,3119.5,48,3,3120.6,45,3,3120.7,20,1,3120.8,40,2,3120.9,66,2,3121.0,153,5
2031,2026-06-16 10:01:10+05:30,3120.6,1,3137.54,742160,97510.0,192476.0,3163.0,3163.0,3118.0,3134.3,31794800,3447.7,2820.9,3839.9,2896.0,3120.2,77,5,3120.0,30,2,3119.6,44,1,3119.5,47,2,3119.4,32,1,3120.6,10,3,3120.7,20,1,3120.8,21,1,3120.9,42,2,3121.0,71,3
2031,2026-06-16 10:01:11+05:30,3120.6,1,3137.54,742160,97662.0,194607.0,3163.0,3163.0,3118.0,3134.3,31794800,3447.7,2820.9,3839.9,2896.0,3120.2,77,5,3120.0,80,3,3119.6,75,2,3119.5,117,3,3119.4,32,1,3120.6,10,3,3120.7,20,1,3120.9,19,1,3121.0,52,2,3121.1,227,2
2031,2026-06-16 10:01:12+05:30,3120.2,39,3137.54,742210,97820.0,194495.0,3163.0,3163.0,3118.0,3134.3,31794800,3447.7,2820.9,3839.9,2896.0,3120.2,46,5,3120.0,80,3,3119.6,75,2,3119.5,148,4,3119.3,73,2,3120.6,16,4,3120.7,20,1,3120.9,19,1,3121.0,2,1,3121.1,227,2
2031,2026-06-16 10:01:13+05:30,3120.6,1,3137.54,742210,97820.0,194495.0,3163.0,3163.0,3118.0,3134.3,31794800,3447.7,2820.9,3839.9,2896.0,3120.2,46,5,3120.0,80,3,3119.6,75,2,3119.5,148,4,3119.3,73,2,3120.6,16,4,3120.7,20,1,3120.9,19,1,3121.0,2,1,3121.1,227,2
2031,2026-06-16 10:01:13+05:30,3120.6,1,3137.54,742211,97794.0,194591.0,3163.0,3163.0,3118.0,3134.3,31794800,3447.7,2820.9,3839.9,2896.0,3120.2,46,5,3120.0,94,4,3119.7,93,2,3119.6,75,2,3119.5,136,4,3120.6,15,4,3120.7,20,1,3120.9,19,1,3121.0,2,1,3121.1,227,2
2031,2026-06-16 10:01:14+05:30,3120.6,1,3137.54,742211,97800.0,194436.0,3163.0,3163.0,3118.0,3134.3,31794800,3447.7,2820.9,3839.9,2896.0,3120.2,44,4,3120.0,144,6,3119.9,93,2,3119.8,19,1,3119.7,62,1,3120.6,20,4,3120.7,20,1,3120.9,19,1,3121.0,2,1,3121.1,200,1
2031,2026-06-16 10:01:15+05:30,3120.6,10,3137.54,742211,97800.0,194436.0,3163.0,3163.0,3118.0,3134.3,31794800,3447.7,2820.9,3839.9,2896.0,3120.2,44,4,3120.0,144,6,3119.9,93,2,3119.8,19,1,3119.7,62,1,3120.6,20,4,3120.7,20,1,3120.9,19,1,3121.0,2,1,3121.1,200,1
2031,2026-06-16 10:01:15+05:30,3120.7,14,3137.53,742601,98981.0,192676.0,3163.0,3163.0,3118.0,3134.3,31794800,3447.7,2820.9,3839.9,2896.0,3120.7,44,5,3120.6,101,6,3120.5,44,4,3120.4,53,6,3120.3,39,2,3121.0,2,1,3121.2,50,1,3121.4,201,2,3121.8,4,1,3121.9,65,2
2031,2026-06-16 10:01:16+05:30,3120.7,14,3137.53,742601,98981.0,192676.0,3163.0,3163.0,3118.0,3134.3,31794800,3447.7,2820.9,3839.9,2896.0,3120.7,44,5,3120.6,101,6,3120.5,44,4,3120.4,53,6,3120.3,39,2,3121.0,2,1,3121.2,50,1,3121.4,201,2,3121.8,4,1,3121.9,65,2
2031,2026-06-16 10:01:16+05:30,3120.7,1,3137.53,742602,99010.0,192887.0,3163.0,3163.0,3118.0,3134.3,31794800,3447.7,2820.9,3839.9,2896.0,3120.7,57,6,3120.6,73,5,3120.5,94,5,3120.4,124,7,3120.3,52,3,3121.0,5,4,3121.2,69,2,3121.4,220,3,3121.8,4,1,3121.9,65,2
2031,2026-06-16 10:01:17+05:30,3121.0,8,3137.53,742602,99010.0,192887.0,3163.0,3163.0,3118.0,3134.3,31794800,3447.7,2820.9,3839.9,2896.0,3120.7,57,6,3120.6,73,5,3120.5,94,5,3120.4,124,7,3120.3,52,3,3121.0,5,4,3121.2,69,2,3121.4,220,3,3121.8,4,1,3121.9,65,2
2031,2026-06-16 10:01:17+05:30,3121.0,8,3137.53,742602,99010.0,192887.0,3163.0,3163.0,3118.0,3134.3,31794800,3447.7,2820.9,3839.9,2896.0,3120.7,57,6,3120.6,73,5,3120.5,94,5,3120.4,124,7,3120.3,52,3,3121.0,5,4,3121.2,69,2,3121.4,220,3,3121.8,4,1,3121.9,65,2
2031,2026-06-16 10:01:17+05:30,3120.7,12,3137.52,742847,99132.0,192727.0,3163.0,3163.0,3118.0,3134.3,31794800,3447.7,2820.9,3839.9,2896.0,3120.7,48,3,3120.6,81,4,3120.5,94,5,3120.4,10,3,3120.3,75,4,3121.0,201,1,3121.2,69,2,3121.4,220,3,3121.8,4,1,3121.9,65,2
2031,2026-06-16 10:01:18+05:30,3120.7,8,3137.52,742847,99132.0,192727.0,3163.0,3163.0,3118.0,3134.3,31794800,3447.7,2820.9,3839.9,2896.0,3120.7,48,3,3120.6,81,4,3120.5,94,5,3120.4,10,3,3120.3,75,4,3121.0,201,1,3121.2,69,2,3121.4,220,3,3121.8,4,1,3121.9,65,2
2031,2026-06-16 10:01:19+05:30,3121.0,21,3137.52,743003,98678.0,193716.0,3163.0,3163.0,3118.0,3134.3,31794800,3447.7,2820.9,3839.9,2896.0,3120.7,8,1,3120.6,4,1,3120.5,51,2,3120.4,26,3,3120.3,13,1,3121.0,238,3,3121.1,26,1,3121.2,69,2,3121.4,220,3,3121.6,187,3
2031,2026-06-16 10:01:19+05:30,3121.0,21,3137.52,743003,98678.0,193716.0,3163.0,3163.0,3118.0,3134.3,31794800,3447.7,2820.9,3839.9,2896.0,3120.7,8,1,3120.6,4,1,3120.5,51,2,3120.4,26,3,3120.3,13,1,3121.0,238,3,3121.1,26,1,3121.2,69,2,3121.4,220,3,3121.6,187,3
2031,2026-06-16 10:01:19+05:30,3121.0,21,3137.52,743003,98678.0,193716.0,3163.0,3163.0,3118.0,3134.3,31794800,3447.7,2820.9,3839.9,2896.0,3120.7,8,1,3120.6,4,1,3120.5,51,2,3120.4,26,3,3120.3,13,1,3121.0,238,3,3121.1,26,1,3121.2,69,2,3121.4,220,3,3121.6,187,3
2031,2026-06-16 10:01:20+05:30,3121.0,150,3137.52,743164,98747.0,193475.0,3163.0,3163.0,3118.0,3134.3,31794800,3447.7,2820.9,3839.9,2896.0,3120.7,43,3,3120.6,4,1,3120.5,84,4,3120.4,18,3,3120.3,105,4,3121.0,87,3,3121.1,26,1,3121.2,69,2,3121.4,201,2,3121.8,4,1
2031,2026-06-16 10:01:20+05:30,3121.0,150,3137.52,743164,98747.0,193475.0,3163.0,3163.0,3118.0,3134.3,31794800,3447.7,2820.9,3839.9,2896.0,3120.7,43,3,3120.6,4,1,3120.5,84,4,3120.4,18,3,3120.3,105,4,3121.0,87,3,3121.1,26,1,3121.2,69,2,3121.4,201,2,3121.8,4,1
2031,2026-06-16 10:01:21+05:30,3121.0,150,3137.52,743164,98747.0,193475.0,3163.0,3163.0,3118.0,3134.3,31794800,3447.7,2820.9,3839.9,2896.0,3120.7,43,3,3120.6,4,1,3120.5,84,4,3120.4,18,3,3120.3,105,4,3121.0,87,3,3121.1,26,1,3121.2,69,2,3121.4,201,2,3121.8,4,1
2031,2026-06-16 10:01:21+05:30,3121.0,23,3137.51,743301,98630.0,193249.0,3163.0,3163.0,3118.0,3134.3,31794800,3447.7,2820.9,3839.9,2896.0,3121.0,45,2,3120.8,2,2,3120.7,27,2,3120.5,48,3,3120.4,16,1,3121.1,26,1,3121.2,69,2,3121.4,201,2,3121.8,4,1,3121.9,24,1
2031,2026-06-16 10:01:21+05:30,3121.0,30,3137.51,743301,98630.0,193249.0,3163.0,3163.0,3118.0,3134.3,31794800,3447.7,2820.9,3839.9,2896.0,3121.0,45,2,3120.8,2,2,3120.7,27,2,3120.5,48,3,3120.4,16,1,3121.1,26,1,3121.2,69,2,3121.4,201,2,3121.8,4,1,3121.9,24,1
2031,2026-06-16 10:01:22+05:30,3121.1,1,3137.51,743344,98546.0,193294.0,3163.0,3163.0,3118.0,3134.3,31794800,3447.7,2820.9,3839.9,2896.0,3121.0,7,3,3120.9,25,1,3120.8,2,2,3120.7,43,3,3120.5,32,2,3121.1,26,2,3121.2,69,2,3121.4,220,3,3121.8,74,2,3121.9,108,2
2031,2026-06-16 10:01:22+05:30,3121.1,1,3137.51,743344,98546.0,193294.0,3163.0,3163.0,3118.0,3134.3,31794800,3447.7,2820.9,3839.9,2896.0,3121.0,7,3,3120.9,25,1,3120.8,2,2,3120.7,43,3,3120.5,32,2,3121.1,26,2,3121.2,69,2,3121.4,220,3,3121.8,74,2,3121.9,108,2
2031,2026-06-16 10:01:23+05:30,3121.1,1,3137.51,743344,98546.0,193294.0,3163.0,3163.0,3118.0,3134.3,31794800,3447.7,2820.9,3839.9,2896.0,3121.0,7,3,3120.9,25,1,3120.8,2,2,3120.7,43,3,3120.5,32,2,3121.1,26,2,3121.2,69,2,3121.4,220,3,3121.8,74,2,3121.9,108,2
2031,2026-06-16 10:01:23+05:30,3121.1,8,3137.51,743388,98520.0,193373.0,3163.0,3163.0,3118.0,3134.3,31794800,3447.7,2820.9,3839.9,2896.0,3121.0,33,4,3120.9,25,1,3120.8,2,2,3120.7,8,1,3120.5,17,2,3121.1,18,1,3121.2,69,2,3121.4,220,3,3121.7,47,1,3121.8,176,4
2031,2026-06-16 10:01:23+05:30,3121.1,18,3137.51,743388,98520.0,193373.0,3163.0,3163.0,3118.0,3134.3,31794800,3447.7,2820.9,3839.9,2896.0,3121.0,33,4,3120.9,25,1,3120.8,2,2,3120.7,8,1,3120.5,17,2,3121.1,18,1,3121.2,69,2,3121.4,220,3,3121.7,47,1,3121.8,176,4
2031,2026-06-16 10:01:24+05:30,3121.0,10,3137.51,743388,98520.0,193373.0,3163.0,3163.0,3118.0,3134.3,31794800,3447.7,2820.9,3839.9,2896.0,3121.0,33,4,3120.9,25,1,3120.8,2,2,3120.7,8,1,3120.5,17,2,3121.1,18,1,3121.2,69,2,3121.4,220,3,3121.7,47,1,3121.8,176,4
2031,2026-06-16 10:01:24+05:30,3121.0,10,3137.51,743608,103882.0,193414.0,3163.0,3163.0,3118.0,3134.3,31794800,3447.7,2820.9,3839.9,2896.0,3121.0,5017,3,3120.9,112,3,3120.8,13,3,3120.7,66,4,3120.6,66,3,3121.2,68,2,3121.4,220,3,3121.7,18,1,3121.8,4,1,3121.9,24,1
2031,2026-06-16 10:01:25+05:30,3121.0,10,3137.51,743608,103882.0,193414.0,3163.0,3163.0,3118.0,3134.3,31794800,3447.7,2820.9,3839.9,2896.0,3121.0,5017,3,3120.9,112,3,3120.8,13,3,3120.7,66,4,3120.6,66,3,3121.2,68,2,3121.4,220,3,3121.7,18,1,3121.8,4,1,3121.9,24,1
2031,2026-06-16 10:01:25+05:30,3121.1,10,3137.51,743608,103882.0,193414.0,3163.0,3163.0,3118.0,3134.3,31794800,3447.7,2820.9,3839.9,2896.0,3121.0,5017,3,3120.9,112,3,3120.8,13,3,3120.7,66,4,3120.6,66,3,3121.2,68,2,3121.4,220,3,3121.7,18,1,3121.8,4,1,3121.9,24,1
2031,2026-06-16 10:01:25+05:30,3121.1,2,3137.51,743622,103918.0,193704.0,3163.0,3163.0,3118.0,3134.3,31794800,3447.7,2820.9,3839.9,2896.0,3121.0,5017,3,3120.9,39,2,3120.7,33,2,3120.4,120,3,3120.3,22,1,3121.1,186,1,3121.2,112,4,3121.4,220,3,3121.7,18,1,3121.8,4,1
2031,2026-06-16 10:01:26+05:30,3121.1,1,3137.51,743622,103918.0,193704.0,3163.0,3163.0,3118.0,3134.3,31794800,3447.7,2820.9,3839.9,2896.0,3121.0,5017,3,3120.9,39,2,3120.7,33,2,3120.4,120,3,3120.3,22,1,3121.1,186,1,3121.2,112,4,3121.4,220,3,3121.7,18,1,3121.8,4,1
2031,2026-06-16 10:01:26+05:30,3121.1,1,3137.51,743684,104204.0,193823.0,3163.0,3163.0,3118.0,3134.3,31794800,3447.7,2820.9,3839.9,2896.0,3121.0,5220,5,3120.9,39,2,3120.7,8,1,3120.4,120,3,3120.3,22,1,3121.1,202,2,3121.2,112,4,3121.4,220,3,3121.7,18,1,3121.8,4,1
2031,2026-06-16 10:01:26+05:30,3121.1,1,3137.51,743684,104204.0,193823.0,3163.0,3163.0,3118.0,3134.3,31794800,3447.7,2820.9,3839.9,2896.0,3121.0,5220,5,3120.9,39,2,3120.7,8,1,3120.4,120,3,3120.3,22,1,3121.1,202,2,3121.2,112,4,3121.4,220,3,3121.7,18,1,3121.8,4,1
2031,2026-06-16 10:01:27+05:30,3120.7,1,3137.37,749686,97991.0,194320.0,3163.0,3163.0,3118.0,3134.3,31794800,3447.7,2820.9,3839.9,2896.0,3120.2,109,2,3120.0,333,9,3119.7,3,1,3119.4,160,1,3119.3,58,2,3120.7,21,1,3120.8,19,1,3120.9,128,6,3121.0,19,1,3121.1,202,2
2031,2026-06-16 10:01:27+05:30,3120.7,1,3137.37,749686,97991.0,194320.0,3163.0,3163.0,3118.0,3134.3,31794800,3447.7,2820.9,3839.9,2896.0,3120.2,109,2,3120.0,333,9,3119.7,3,1,3119.4,160,1,3119.3,58,2,3120.7,21,1,3120.8,19,1,3120.9,128,6,3121.0,19,1,3121.1,202,2
2031,2026-06-16 10:01:28+05:30,3120.5,9,3137.37,749686,97991.0,194320.0,3163.0,3163.0,3118.0,3134.3,31794800,3447.7,2820.9,3839.9,2896.0,3120.2,109,2,3120.0,333,9,3119.7,3,1,3119.4,160,1,3119.3,58,2,3120.7,21,1,3120.8,19,1,3120.9,128,6,3121.0,19,1,3121.1,202,2
2031,2026-06-16 10:01:28+05:30,3120.5,9,3137.37,749686,97991.0,194320.0,3163.0,3163.0,3118.0,3134.3,31794800,3447.7,2820.9,3839.9,2896.0,3120.2,109,2,3120.0,333,9,3119.7,3,1,3119.4,160,1,3119.3,58,2,3120.7,21,1,3120.8,19,1,3120.9,128,6,3121.0,19,1,3121.1,202,2
2031,2026-06-16 10:01:28+05:30,3119.7,1,3137.35,750501,96672.0,193645.0,3163.0,3163.0,3118.0,3134.3,31794800,3447.7,2820.9,3839.9,2896.0,3119.6,2,1,3119.1,51,3,3119.0,325,3,3118.8,10,1,3118.7,51,2,3120.3,22,1,3120.4,59,4,3120.5,10,1,3120.6,97,4,3120.7,119,3
2031,2026-06-16 10:01:29+05:30,3119.7,1,3137.35,750501,96672.0,193645.0,3163.0,3163.0,3118.0,3134.3,31794800,3447.7,2820.9,3839.9,2896.0,3119.6,2,1,3119.1,51,3,3119.0,325,3,3118.8,10,1,3118.7,51,2,3120.3,22,1,3120.4,59,4,3120.5,10,1,3120.6,97,4,3120.7,119,3
2031,2026-06-16 10:01:29+05:30,3119.7,1,3137.35,750501,96672.0,193645.0,3163.0,3163.0,3118.0,3134.3,31794800,3447.7,2820.9,3839.9,2896.0,3119.6,2,1,3119.1,51,3,3119.0,325,3,3118.8,10,1,3118.7,51,2,3120.3,22,1,3120.4,59,4,3120.5,10,1,3120.6,97,4,3120.7,119,3
2031,2026-06-16 10:01:29+05:30,3119.7,1,3137.35,750501,96672.0,193645.0,3163.0,3163.0,3118.0,3134.3,31794800,3447.7,2820.9,3839.9,2896.0,3119.6,2,1,3119.1,51,3,3119.0,325,3,3118.8,10,1,3118.7,51,2,3120.3,22,1,3120.4,59,4,3120.5,10,1,3120.6,97,4,3120.7,119,3
2031,2026-06-16 10:01:29+05:30,3119.1,4,3137.35,750516,96553.0,195939.0,3163.0,3163.0,3118.0,3134.3,31794800,3447.7,2820.9,3839.9,2896.0,3119.1,27,2,3119.0,325,3,3118.9,14,1,3118.8,80,2,3118.7,34,2,3120.0,252,1,3120.2,2,1,3120.3,41,2,3120.4,65,3,3120.5,127,3
2031,2026-06-16 10:01:30+05:30,3119.1,4,3137.35,750516,96553.0,195939.0,3163.0,3163.0,3118.0,3134.3,31794800,3447.7,2820.9,3839.9,2896.0,3119.1,27,2,3119.0,325,3,3118.9,14,1,3118.8,80,2,3118.7,34,2,3120.0,252,1,3120.2,2,1,3120.3,41,2,3120.4,65,3,3120.5,127,3
2031,2026-06-16 10:01:30+05:30,3119.1,4,3137.35,750516,96553.0,195939.0,3163.0,3163.0,3118.0,3134.3,31794800,3447.7,2820.9,3839.9,2896.0,3119.1,27,2,3119.0,325,3,3118.9,14,1,3118.8,80,2,3118.7,34,2,3120.0,252,1,3120.2,2,1,3120.3,41,2,3120.4,65,3,3120.5,127,3
2031,2026-06-16 10:01:31+05:30,3120.0,200,3137.35,750716,96812.0,195848.0,3163.0,3163.0,3118.0,3134.3,31794800,3447.7,2820.9,3839.9,2896.0,3119.6,2,2,3119.1,41,4,3119.0,325,3,3118.9,14,1,3118.8,80,2,3120.0,130,4,3120.2,2,1,3120.3,58,3,3120.4,33,2,3120.5,40,2
2031,2026-06-16 10:01:31+05:30,3120.0,200,3137.35,750716,96812.0,195848.0,3163.0,3163.0,3118.0,3134.3,31794800,3447.7,2820.9,3839.9,2896.0,3119.6,2,2,3119.1,41,4,3119.0,325,3,3118.9,14,1,3118.8,80,2,3120.0,130,4,3120.2,2,1,3120.3,58,3,3120.4,33,2,3120.5,40,2
2031,2026-06-16 10:01:31+05:30,3119.1,18,3137.35,750716,96812.0,195848.0,3163.0,3163.0,3118.0,3134.3,31794800,3447.7,2820.9,3839.9,2896.0,3119.6,2,2,3119.1,41,4,3119.0,325,3,3118.9,14,1,3118.8,80,2,3120.0,130,4,3120.2,2,1,3120.3,58,3,3120.4,33,2,3120.5,40,2
2031,2026-06-16 10:01:32+05:30,3119.1,18,3137.35,750716,96812.0,195848.0,3163.0,3163.0,3118.0,3134.3,31794800,3447.7,2820.9,3839.9,2896.0,3119.6,2,2,3119.1,41,4,3119.0,325,3,3118.9,14,1,3118.8,80,2,3120.0,130,4,3120.2,2,1,3120.3,58,3,3120.4,33,2,3120.5,40,2
2031,2026-06-16 10:01:32+05:30,3119.0,45,3137.34,751086,96207.0,195404.0,3163.0,3163.0,3118.0,3134.3,31794800,3447.7,2820.9,3839.9,2896.0,3119.1,3,1,3119.0,280,3,3118.8,80,2,3118.7,45,2,3118.6,117,4,3120.0,32,1,3120.1,32,2,3120.2,10,1,3120.3,50,2,3120.4,84,3
2031,2026-06-16 10:01:32+05:30,3119.0,45,3137.34,751086,96207.0,195404.0,3163.0,3163.0,3118.0,3134.3,31794800,3447.7,2820.9,3839.9,2896.0,3119.1,3,1,3119.0,280,3,3118.8,80,2,3118.7,45,2,3118.6,117,4,3120.0,32,1,3120.1,32,2,3120.2,10,1,3120.3,50,2,3120.4,84,3
2031,2026-06-16 10:01:32+05:30,3119.0,45,3137.34,751086,96207.0,195404.0,3163.0,3163.0,3118.0,3134.3,31794800,3447.7,2820.9,3839.9,2896.0,3119.1,3,1,3119.0,280,3,3118.8,80,2,3118.7,45,2,3118.6,117,4,3120.0,32,1,3120.1,32,2,3120.2,10,1,3120.3,50,2,3120.4,84,3
2031,2026-06-16 10:01:33+05:30,3119.7,1,3137.34,751137,95519.0,197242.0,3163.0,3163.0,3118.0,3134.3,31794800,3447.7,2820.9,3839.9,2896.0,3119.1,2,1,3119.0,259,3,3118.8,10,1,3118.5,3,2,3118.4,22,1,3119.7,20,1,3119.8,20,2,3119.9,16,1,3120.0,83,4,3120.1,46,2
2031,2026-06-16 10:01:33+05:30,3119.7,1,3137.34,751137,95519.0,197242.0,3163.0,3163.0,3118.0,3134.3,31794800,3447.7,2820.9,3839.9,2896.0,3119.1,2,1,3119.0,259,3,3118.8,10,1,3118.5,3,2,3118.4,22,1,3119.7,20,1,3119.8,20,2,3119.9,16,1,3120.0,83,4,3120.1,46,2
2031,2026-06-16 10:01:33+05:30,3119.7,1,3137.34,751137,95519.0,197242.0,3163.0,3163.0,3118.0,3134.3,31794800,3447.7,2820.9,3839.9,2896.0,3119.1,2,1,3119.0,259,3,3118.8,10,1,3118.5,3,2,3118.4,22,1,3119.7,20,1,3119.8,20,2,3119.9,16,1,3120.0,83,4,3120.1,46,2
2031,2026-06-16 10:01:34+05:30,3119.0,8,3137.34,751258,95767.0,196053.0,3163.0,3163.0,3118.0,3134.3,31794800,3447.7,2820.9,3839.9,2896.0,3119.0,400,8,3118.9,22,1,3118.8,54,3,3118.7,27,1,3118.6,152,4,3119.7,50,2,3120.0,49,2,3120.1,17,1,3120.6,116,3,3120.7,3,1
2031,2026-06-16 10:01:34+05:30,3119.0,8,3137.34,751258,95767.0,196053.0,3163.0,3163.0,3118.0,3134.3,31794800,3447.7,2820.9,3839.9,2896.0,3119.0,400,8,3118.9,22,1,3118.8,54,3,3118.7,27,1,3118.6,152,4,3119.7,50,2,3120.0,49,2,3120.1,17,1,3120.6,116,3,3120.7,3,1
2031,2026-06-16 10:01:34+05:30,3119.0,8,3137.34,751258,95767.0,196053.0,3163.0,3163.0,3118.0,3134.3,31794800,3447.7,2820.9,3839.9,2896.0,3119.0,400,8,3118.9,22,1,3118.8,54,3,3118.7,27,1,3118.6,152,4,3119.7,50,2,3120.0,49,2,3120.1,17,1,3120.6,116,3,3120.7,3,1
2031,2026-06-16 10:01:35+05:30,3119.0,8,3137.34,751258,95767.0,196053.0,3163.0,3163.0,3118.0,3134.3,31794800,3447.7,2820.9,3839.9,2896.0,3119.0,400,8,3118.9,22,1,3118.8,54,3,3118.7,27,1,3118.6,152,4,3119.7,50,2,3120.0,49,2,3120.1,17,1,3120.6,116,3,3120.7,3,1
2031,2026-06-16 10:01:35+05:30,3119.6,6,3137.33,751535,96546.0,194914.0,3163.0,3163.0,3118.0,3134.3,31794800,3447.7,2820.9,3839.9,2896.0,3119.6,55,4,3119.5,161,6,3119.4,57,3,3119.3,43,3,3119.2,41,1,3120.0,33,1,3120.1,17,1,3120.6,17,1,3120.9,99,2,3121.0,68,3
2031,2026-06-16 10:01:35+05:30,3120.6,17,3137.33,751535,96546.0,194914.0,3163.0,3163.0,3118.0,3134.3,31794800,3447.7,2820.9,3839.9,2896.0,3119.6,55,4,3119.5,161,6,3119.4,57,3,3119.3,43,3,3119.2,41,1,3120.0,33,1,3120.1,17,1,3120.6,17,1,3120.9,99,2,3121.0,68,3
2031,2026-06-16 10:01:35+05:30,3120.6,17,3137.33,751535,96546.0,194914.0,3163.0,3163.0,3118.0,3134.3,31800400,3447.7,2820.9,3839.9,2896.0,3119.6,55,4,3119.5,161,6,3119.4,57,3,3119.3,43,3,3119.2,41,1,3120.0,33,1,3120.1,17,1,3120.6,17,1,3120.9,99,2,3121.0,68,3
2031,2026-06-16 10:01:36+05:30,3120.2,1,3137.33,751535,96546.0,194914.0,3163.0,3163.0,3118.0,3134.3,31800400,3447.7,2820.9,3839.9,2896.0,3119.6,55,4,3119.5,161,6,3119.4,57,3,3119.3,43,3,3119.2,41,1,3120.0,33,1,3120.1,17,1,3120.6,17,1,3120.9,99,2,3121.0,68,3
2031,2026-06-16 10:01:36+05:30,3120.2,1,3137.32,751833,97998.0,193224.0,3163.0,3163.0,3118.0,3134.3,31800400,3447.7,2820.9,3839.9,2896.0,3120.2,95,6,3120.1,131,4,3120.0,109,5,3119.9,99,3,3119.8,113,4,3120.9,17,1,3121.0,47,2,3121.1,184,1,3121.2,90,2,3121.4,201,2
2031,2026-06-16 10:01:37+05:30,3120.9,1,3137.32,751833,97998.0,193224.0,3163.0,3163.0,3118.0,3134.3,31800400,3447.7,2820.9,3839.9,2896.0,3120.2,95,6,3120.1,131,4,3120.0,109,5,3119.9,99,3,3119.8,113,4,3120.9,17,1,3121.0,47,2,3121.1,184,1,3121.2,90,2,3121.4,201,2
2031,2026-06-16 10:01:37+05:30,3120.2,1,3137.32,752054,97608.0,194892.0,3163.0,3163.0,3118.0,3134.3,31800400,3447.7,2820.9,3839.9,2896.0,3120.2,11,2,3119.9,22,1,3119.7,22,1,3119.6,3,1,3119.4,38,2,3120.9,30,4,3121.0,117,4,3121.1,294,4,3121.2,159,5,3121.3,69,1
2031,2026-06-16 10:01:38+05:30,3120.2,1,3137.32,752054,97608.0,194892.0,3163.0,3163.0,3118.0,3134.3,31800400,3447.7,2820.9,3839.9,2896.0,3120.2,11,2,3119.9,22,1,3119.7,22,1,3119.6,3,1,3119.4,38,2,3120.9,30,4,3121.0,117,4,3121.1,294,4,3121.2,159,5,3121.3,69,1
2031,2026-06-16 10:01:38+05:30,3120.2,1,3137.32,752054,97907.0,195005.0,3163.0,3163.0,3118.0,3134.3,31800400,3447.7,2820.9,3839.9,2896.0,3120.5,3,1,3120.2,35,3,3120.0,50,2,3119.9,14,1,3119.8,19,1,3120.9,30,4,3121.0,147,5,3121.1,210,3,3121.2,107,3,3121.4,205,3
2031,2026-06-16 10:01:39+05:30,3121.0,5,3137.32,752054,97907.0,195005.0,3163.0,3163.0,3118.0,3134.3,31800400,3447.7,2820.9,3839.9,2896.0,3120.5,3,1,3120.2,35,3,3120.0,50,2,3119.9,14,1,3119.8,19,1,3120.9,30,4,3121.0,147,5,3121.1,210,3,3121.2,107,3,3121.4,205,3
2031,2026-06-16 10:01:39+05:30,3120.2,1,3137.32,752195,98083.0,194212.0,3163.0,3163.0,3118.0,3134.3,31800400,3447.7,2820.9,3839.9,2896.0,3120.2,26,2,3119.8,19,1,3119.7,103,3,3119.6,3,1,3119.4,89,4,3120.9,10,1,3121.0,102,4,3121.1,210,3,3121.2,391,5,3121.3,14,1
2031,2026-06-16 10:01:40+05:30,3120.2,1,3137.32,752195,98083.0,194212.0,3163.0,3163.0,3118.0,3134.3,31800400,3447.7,2820.9,3839.9,2896.0,3120.2,26,2,3119.8,19,1,3119.7,103,3,3119.6,3,1,3119.4,89,4,3120.9,10,1,3121.0,102,4,3121.1,210,3,3121.2,391,5,3121.3,14,1
2031,2026-06-16 10:01:40+05:30,3120.2,1,3137.32,752195,98129.0,195011.0,3163.0,3163.0,3118.0,3134.3,31800400,3447.7,2820.9,3839.9,2896.0,3120.5,1,1,3120.4,25,1,3120.2,2,1,3119.8,19,1,3119.7,103,3,3120.8,68,2,3120.9,13,2,3121.0,102,4,3121.1,216,4,3121.2,197,4
2031,2026-06-16 10:01:41+05:30,3120.4,1,3137.32,752197,98429.0,194940.0,3163.0,3163.0,3118.0,3134.3,31800400,3447.7,2820.9,3839.9,2896.0,3120.4,24,1,3120.2,2,1,3119.7,72,2,3119.6,3,1,3119.4,53,2,3120.8,53,4,3120.9,29,3,3121.0,102,4,3121.1,340,7,3121.2,197,4
2031,2026-06-16 10:01:42+05:30,3120.9,1,3137.32,752197,98429.0,194940.0,3163.0,3163.0,3118.0,3134.3,31800400,3447.7,2820.9,3839.9,2896.0,3120.4,24,1,3120.2,2,1,3119.7,72,2,3119.6,3,1,3119.4,53,2,3120.8,53,4,3120.9,29,3,3121.0,102,4,3121.1,340,7,3121.2,197,4
2031,2026-06-16 10:01:42+05:30,3120.9,1,3137.31,752413,97548.0,195316.0,3163.0,3163.0,3118.0,3134.3,31800400,3447.7,2820.9,3839.9,2896.0,3120.2,2,1,3120.0,5,1,3119.7,50,1,3119.6,3,1,3119.1,31,1,3120.8,72,5,3120.9,42,4,3121.0,458,8,3121.1,102,4,3121.2,174,5
2031,2026-06-16 10:01:43+05:30,3120.2,2,3137.31,752413,97548.0,195316.0,3163.0,3163.0,3118.0,3134.3,31800400,3447.7,2820.9,3839.9,2896.0,3120.2,2,1,3120.0,5,1,3119.7,50,1,3119.6,3,1,3119.1,31,1,3120.8,72,5,3120.9,42,4,3121.0,458,8,3121.1,102,4,3121.2,174,5
2031,2026-06-16 10:01:43+05:30,3120.2,2,3137.31,752415,97021.0,195764.0,3163.0,3163.0,3118.0,3134.3,31800400,3447.7,2820.9,3839.9,2896.0,3120.0,5,1,3119.7,50,1,3119.6,3,1,3119.0,872,8,3118.8,102,3,3120.2,76,1,3120.7,81,4,3120.8,380,6,3120.9,62,6,3121.0,190,6
2031,2026-06-16 10:01:44+05:30,3119.7,22,3137.31,752415,97021.0,195764.0,3163.0,3163.0,3118.0,3134.3,31800400,3447.7,2820.9,3839.9,2896.0,3120.0,5,1,3119.7,50,1,3119.6,3,1,3119.0,872,8,3118.8,102,3,3120.2,76,1,3120.7,81,4,3120.8,380,6,3120.9,62,6,3121.0,190,6
2031,2026-06-16 10:01:44+05:30,3119.7,22,3137.31,752485,97006.0,195981.0,3163.0,3163.0,3118.0,3134.3,31800400,3447.7,2820.9,3839.9,2896.0,3119.7,29,2,3119.6,24,2,3119.0,872,8,3118.8,102,3,3118.6,90,2,3120.2,50,3,3120.4,80,3,3120.5,14,1,3120.6,19,1,3120.7,106,3
2031,2026-06-16 10:01:45+05:30,3119.7,7,3137.31,752485,97006.0,195981.0,3163.0,3163.0,3118.0,3134.3,31800400,3447.7,2820.9,3839.9,2896.0,3119.7,29,2,3119.6,24,2,3119.0,872,8,3118.8,102,3,3118.6,90,2,3120.2,50,3,3120.4,80,3,3120.5,14,1,3120.6,19,1,3120.7,106,3
2031,2026-06-16 10:01:45+05:30,3120.6,28,3137.3,752723,97172.0,195882.0,3163.0,3163.0,3118.0,3134.3,31800400,3447.7,2820.9,3839.9,2896.0,3120.0,2,2,3119.6,24,2,3119.2,63,1,3119.1,235,2,3119.0,963,10,3120.6,19,1,3120.8,333,6,3120.9,98,6,3121.0,252,7,3121.1,465,5
2031,2026-06-16 10:01:46+05:30,3120.6,28,3137.3,752723,97172.0,195882.0,3163.0,3163.0,3118.0,3134.3,31800400,3447.7,2820.9,3839.9,2896.0,3120.0,2,2,3119.6,24,2,3119.2,63,1,3119.1,235,2,3119.0,963,10,3120.6,19,1,3120.8,333,6,3120.9,98,6,3121.0,252,7,3121.1,465,5
2031,2026-06-16 10:01:46+05:30,3120.6,28,3137.3,752723,97298.0,193960.0,3163.0,3163.0,3118.0,3134.3,31800400,3447.7,2820.9,3839.9,2896.0,3120.0,27,4,3119.6,24,2,3119.2,63,1,3119.1,306,3,3119.0,982,11,3120.7,98,2,3120.8,238,4,3120.9,47,6,3121.0,173,6,3121.1,349,5
2031,2026-06-16 10:01:47+05:30,3120.5,1,3137.3,752724,97749.0,196049.0,3163.0,3163.0,3118.0,3134.3,31800400,3447.7,2820.9,3839.9,2896.0,3120.4,25,1,3120.0,57,5,3119.6,24,2,3119.3,63,1,3119.2,231,2,3120.5,183,1,3120.6,31,2,3120.7,99,3,3120.8,45,2,3120.9,228,7
2031,2026-06-16 10:01:48+05:30,3120.4,20,3137.3,752724,97749.0,196049.0,3163.0,3163.0,3118.0,3134.3,31800400,3447.7,2820.9,3839.9,2896.0,3120.4,25,1,3120.0,57,5,3119.6,24,2,3119.3,63,1,3119.2,231,2,3120.5,183,1,3120.6,31,2,3120.7,99,3,3120.8,45,2,3120.9,228,7
2031,2026-06-16 10:01:48+05:30,3120.4,20,3137.3,752744,97443.0,196177.0,3163.0,3163.0,3118.0,3134.3,31800400,3447.7,2820.9,3839.9,2896.0,3120.4,6,2,3120.0,57,5,3119.6,3,1,3119.1,175,1,3119.0,982,11,3120.5,226,4,3120.6,53,4,3120.7,94,2,3120.8,64,3,3120.9,330,8
2031,2026-06-16 10:01:49+05:30,3120.2,50,3137.3,752744,97443.0,196177.0,3163.0,3163.0,3118.0,3134.3,31800400,3447.7,2820.9,3839.9,2896.0,3120.4,6,2,3120.0,57,5,3119.6,3,1,3119.1,175,1,3119.0,982,11,3120.5,226,4,3120.6,53,4,3120.7,94,2,3120.8,64,3,3120.9,330,8
2031,2026-06-16 10:01:49+05:30,3120.2,40,3137.3,752841,98330.0,195965.0,3163.0,3163.0,3118.0,3134.3,31800400,3447.7,2820.9,3839.9,2896.0,3120.2,25,1,3120.0,65,6,3119.6,3,1,3119.2,63,1,3119.1,278,3,3120.5,19,2,3120.6,40,3,3120.7,132,3,3120.8,45,2,3120.9,222,7
2031,2026-06-16 10:01:50+05:30,3120.2,40,3137.3,752841,98330.0,195965.0,3163.0,3163.0,3118.0,3134.3,31800400,3447.7,2820.9,3839.9,2896.0,3120.2,25,1,3120.0,65,6,3119.6,3,1,3119.2,63,1,3119.1,278,3,3120.5,19,2,3120.6,40,3,3120.7,132,3,3120.8,45,2,3120.9,222,7
2031,2026-06-16 10:01:51+05:30,3120.7,1,3137.3,752941,98204.0,195757.0,3163.0,3163.0,3118.0,3134.3,31800400,3447.7,2820.9,3839.9,2896.0,3120.3,2,2,3120.2,25,1,3120.0,63,4,3119.6,3,1,3119.2,63,1,3120.5,2,1,3120.6,38,1,3120.7,284,5,3120.8,14,2,3120.9,78,5
2031,2026-06-16 10:01:51+05:30,3120.5,12,3137.3,752941,98204.0,195757.0,3163.0,3163.0,3118.0,3134.3,31800400,3447.7,2820.9,3839.9,2896.0,3120.3,2,2,3120.2,25,1,3120.0,63,4,3119.6,3,1,3119.2,63,1,3120.5,2,1,3120.6,38,1,3120.7,284,5,3120.8,14,2,3120.9,78,5
2031,2026-06-16 10:01:52+05:30,3120.5,1,3137.3,752962,98182.0,196215.0,3163.0,3163.0,3118.0,3134.3,31800400,3447.7,2820.9,3839.9,2896.0,3120.3,2,2,3120.2,25,1,3120.0,63,4,3119.6,3,1,3119.1,173,1,3120.5,1,1,3120.6,237,4,3120.7,108,4,3120.8,33,3,3120.9,314,6
2031,2026-06-16 10:01:52+05:30,3120.5,1,3137.3,752962,98182.0,196215.0,3163.0,3163.0,3118.0,3134.3,31800400,3447.7,2820.9,3839.9,2896.0,3120.3,2,2,3120.2,25,1,3120.0,63,4,3119.6,3,1,3119.1,173,1,3120.5,1,1,3120.6,237,4,3120.7,108,4,3120.8,33,3,3120.9,314,6
2031,2026-06-16 10:01:53+05:30,3120.2,1,3137.28,753568,96686.0,195831.0,3163.0,3163.0,3118.0,3134.3,31800400,3447.7,2820.9,3839.9,2896.0,3119.1,50,3,3119.0,946,12,3118.9,81,2,3118.8,64,3,3118.7,120,3,3120.2,199,1,3120.3,163,1,3120.5,142,4,3120.6,95,4,3120.7,204,6
2031,2026-06-16 10:01:53+05:30,3120.2,1,3137.28,753568,96686.0,195831.0,3163.0,3163.0,3118.0,3134.3,31800400,3447.7,2820.9,3839.9,2896.0,3119.1,50,3,3119.0,946,12,3118.9,81,2,3118.8,64,3,3118.7,120,3,3120.2,199,1,3120.3,163,1,3120.5,142,4,3120.6,95,4,3120.7,204,6
2031,2026-06-16 10:01:54+05:30,3119.0,1,3137.28,753569,96518.0,196593.0,3163.0,3163.0,3118.0,3134.3,31800400,3447.7,2820.9,3839.9,2896.0,3119.0,855,9,3118.9,54,1,3118.8,35,2,3118.6,128,2,3118.5,71,4,3119.9,199,1,3120.0,92,1,3120.2,126,4,3120.3,180,2,3120.4,50,1
2031,2026-06-16 10:01:54+05:30,3119.0,1,3137.28,753569,96518.0,196593.0,3163.0,3163.0,3118.0,3134.3,31800400,3447.7,2820.9,3839.9,2896.0,3119.0,855,9,3118.9,54,1,3118.8,35,2,3118.6,128,2,3118.5,71,4,3119.9,199,1,3120.0,92,1,3120.2,126,4,3120.3,180,2,3120.4,50,1
2031,2026-06-16 10:01:55+05:30,3119.0,1,3137.28,753569,96528.0,196220.0,3163.0,3163.0,3118.0,3134.3,31800400,3447.7,2820.9,3839.9,2896.0,3119.0,855,9,3118.9,69,2,3118.8,35,2,3118.6,70,1,3118.5,22,3,3119.9,41,2,3120.0,345,3,3120.2,95,3,3120.3,230,3,3120.4,58,2
2031,2026-06-16 10:01:56+05:30,3119.9,23,3137.28,753679,96598.0,196864.0,3163.0,3163.0,3118.0,3134.3,31800400,3447.7,2820.9,3839.9,2896.0,3119.0,857,12,3118.9,15,1,3118.8,35,2,3118.5,3,2,3118.4,49,1,3119.9,18,2,3120.0,395,4,3120.1,39,2,3120.2,198,6,3120.3,292,4
2031,2026-06-16 10:01:56+05:30,3119.9,23,3137.28,753679,96598.0,196864.0,3163.0,3163.0,3118.0,3134.3,31800400,3447.7,2820.9,3839.9,2896.0,3119.0,857,12,3118.9,15,1,3118.8,35,2,3118.5,3,2,3118.4,49,1,3119.9,18,2,3120.0,395,4,3120.1,39,2,3120.2,198,6,3120.3,292,4
2031,2026-06-16 10:01:57+05:30,3119.9,94,3137.28,753774,96617.0,197045.0,3163.0,3163.0,3118.0,3134.3,31800400,3447.7,2820.9,3839.9,2896.0,3119.1,23,1,3119.0,857,12,3118.9,15,1,3118.8,10,1,3118.5,3,2,3119.8,199,1,3119.9,74,3,3120.0,196,3,3120.1,202,3,3120.2,110,4
2031,2026-06-16 10:01:57+05:30,3119.9,94,3137.28,753774,96617.0,197045.0,3163.0,3163.0,3118.0,3134.3,31800400,3447.7,2820.9,3839.9,2896.0,3119.1,23,1,3119.0,857,12,3118.9,15,1,3118.8,10,1,3118.5,3,2,3119.8,199,1,3119.9,74,3,3120.0,196,3,3120.1,202,3,3120.2,110,4
2031,2026-06-16 10:01:58+05:30,3119.8,1,3137.28,753774,96617.0,197045.0,3163.0,3163.0,3118.0,3134.3,31800400,3447.7,2820.9,3839.9,2896.0,3119.1,23,1,3119.0,857,12,3118.9,15,1,3118.8,10,1,3118.5,3,2,3119.8,199,1,3119.9,74,3,3120.0,196,3,3120.1,202,3,3120.2,110,4
2031,2026-06-16 10:01:58+05:30,3119.8,1,3137.28,753795,96544.0,196765.0,3163.0,3163.0,3118.0,3134.3,31800400,3447.7,2820.9,3839.9,2896.0,3119.1,25,2,3119.0,873,13,3118.9,15,1,3118.8,10,1,3118.5,3,2,3119.8,192,2,3119.9,55,2,3120.0,309,3,3120.1,59,3,3120.2,40,3
2031,2026-06-16 10:01:59+05:30,3119.4,177,3137.28,753795,96544.0,196765.0,3163.0,3163.0,3118.0,3134.3,31800400,3447.7,2820.9,3839.9,2896.0,3119.1,25,2,3119.0,873,13,3118.9,15,1,3118.8,10,1,3118.5,3,2,3119.8,192,2,3119.9,55,2,3120.0,309,3,3120.1,59,3,3120.2,40,3
2031,2026-06-16 10:01:59+05:30,3119.4,177,3137.27,753973,95824.0,197572.0,3163.0,3163.0,3118.0,3134.3,31800400,3447.7,2820.9,3839.9,2896.0,3119.4,26,1,3119.1,2,1,3119.0,873,13,3118.9,15,1,3118.8,10,1,3119.7,200,1,3119.8,21,2,3119.9,64,3,3120.0,418,5,3120.1,99,4
2031,2026-06-16 10:02:00+05:30,3119.4,40,3137.27,753973,95824.0,197572.0,3163.0,3163.0,3118.0,3134.3,31800400,3447.7,2820.9,3839.9,2896.0,3119.4,26,1,3119.1,2,1,3119.0,873,13,3118.9,15,1,3118.8,10,1,3119.7,200,1,3119.8,21,2,3119.9,64,3,3120.0,418,5,3120.1,99,4
2031,2026-06-16 10:02:00+05:30,3119.6,1,3137.27,754026,96279.0,197641.0,3163.0,3163.0,3118.0,3134.3,31800400,3447.7,2820.9,3839.9,2896.0,3119.4,40,4,3119.1,2,1,3119.0,873,13,3118.9,34,2,3118.8,31,2,3119.6,187,1,3119.7,1,1,3119.8,21,2,3119.9,7,1,3120.0,382,6
2031,2026-06-16 10:02:01+05:30,3119.6,19,3137.27,754026,96279.0,197641.0,3163.0,3163.0,3118.0,3134.3,31800400,3447.7,2820.9,3839.9,2896.0,3119.4,40,4,3119.1,2,1,3119.0,873,13,3118.9,34,2,3118.8,31,2,3119.6,187,1,3119.7,1,1,3119.8,21,2,3119.9,7,1,3120.0,382,6
2031,2026-06-16 10:02:01+05:30,3119.6,19,3137.27,754260,96592.0,197349.0,3163.0,3163.0,3118.0,3134.3,31800400,3447.7,2820.9,3839.9,2896.0,3119.4,6,1,3119.1,2,1,3119.0,873,13,3118.9,34,2,3118.8,132,4,3119.6,179,2,3119.7,1,1,3119.8,21,2,3119.9,7,1,3120.0,367,5
2031,2026-06-16 10:02:02+05:30,3120.1,1,3137.27,754260,96592.0,197349.0,3163.0,3163.0,3118.0,3134.3,31800400,3447.7,2820.9,3839.9,2896.0,3119.4,6,1,3119.1,2,1,3119.0,873,13,3118.9,34,2,3118.8,132,4,3119.6,179,2,3119.7,1,1,3119.8,21,2,3119.9,7,1,3120.0,367,5
2031,2026-06-16 10:02:02+05:30,3120.1,1,3137.25,754991,98033.0,195519.0,3163.0,3163.0,3118.0,3134.3,31800400,3447.7,2820.9,3839.9,2896.0,3120.1,22,2,3119.9,20,1,3119.8,46,2,3119.7,22,2,3119.6,41,2,3120.4,200,1,3120.7,92,2,3120.8,1,1,3120.9,3,1,3121.0,212,7
2031,2026-06-16 10:02:03+05:30,3120.4,1,3137.25,754991,98033.0,195519.0,3163.0,3163.0,3118.0,3134.3,31800400,3447.7,2820.9,3839.9,2896.0,3120.1,22,2,3119.9,20,1,3119.8,46,2,3119.7,22,2,3119.6,41,2,3120.4,200,1,3120.7,92,2,3120.8,1,1,3120.9,3,1,3121.0,212,7
2031,2026-06-16 10:02:03+05:30,3120.4,1,3137.25,754992,98099.0,196011.0,3163.0,3163.0,3118.0,3134.3,31800400,3447.7,2820.9,3839.9,2896.0,3120.1,22,2,3119.9,20,1,3119.8,46,2,3119.7,7,1,3119.6,83,5,3120.4,218,2,3120.5,85,1,3120.7,109,3,3120.8,1,1,3120.9,3,1
2031,2026-06-16 10:02:04+05:30,3120.4,1,3137.25,754992,98272.0,195771.0,3163.0,3163.0,3118.0,3134.3,31800400,3447.7,2820.9,3839.9,2896.0,3120.1,22,2,3119.9,20,1,3119.8,46,2,3119.7,26,2,3119.6,83,5,3120.4,223,3,3120.5,102,2,3120.7,109,3,3120.8,1,1,3120.9,3,1
2031,2026-06-16 10:02:05+05:30,3120.7,7,3137.25,754992,98272.0,195771.0,3163.0,3163.0,3118.0,3134.3,31800400,3447.7,2820.9,3839.9,2896.0,3120.1,22,2,3119.9,20,1,3119.8,46,2,3119.7,26,2,3119.6,83,5,3120.4,223,3,3120.5,102,2,3120.7,109,3,3120.8,1,1,3120.9,3,1
2031,2026-06-16 10:02:05+05:30,3120.7,7,3137.24,755655,99812.0,192536.0,3163.0,3163.0,3118.0,3134.3,31800400,3447.7,2820.9,3839.9,2896.0,3120.7,13,1,3120.5,77,3,3120.4,74,3,3120.3,3,1,3120.2,138,6,3120.9,3,1,3121.0,128,6,3121.1,14,2,3121.2,49,1,3121.5,6,1
2031,2026-06-16 10:02:06+05:30,3120.9,1,3137.24,755655,99812.0,192536.0,3163.0,3163.0,3118.0,3134.3,31800400,3447.7,2820.9,3839.9,2896.0,3120.7,13,1,3120.5,77,3,3120.4,74,3,3120.3,3,1,3120.2,138,6,3120.9,3,1,3121.0,128,6,3121.1,14,2,3121.2,49,1,3121.5,6,1
2031,2026-06-16 10:02:06+05:30,3120.9,1,3137.24,755656,99328.0,192419.0,3163.0,3163.0,3118.0,3134.3,31800400,3447.7,2820.9,3839.9,2896.0,3120.5,1,1,3120.4,22,1,3120.2,16,2,3120.1,23,2,3120.0,113,6,3120.9,50,3,3121.0,145,7,3121.1,14,2,3121.2,267,3,3121.4,84,1
2031,2026-06-16 10:02:07+05:30,3120.4,39,3137.24,755656,99328.0,192419.0,3163.0,3163.0,3118.0,3134.3,31800400,3447.7,2820.9,3839.9,2896.0,3120.5,1,1,3120.4,22,1,3120.2,16,2,3120.1,23,2,3120.0,113,6,3120.9,50,3,3121.0,145,7,3121.1,14,2,3121.2,267,3,3121.4,84,1
2031,2026-06-16 10:02:07+05:30,3120.4,20,3137.24,755722,99157.0,194472.0,3163.0,3163.0,3118.0,3134.3,31800400,3447.7,2820.9,3839.9,2896.0,3120.4,2,1,3120.2,1,1,3120.1,2,1,3120.0,32,3,3119.9,21,1,3120.7,200,1,3120.8,52,3,3120.9,89,6,3121.0,164,8,3121.1,14,2
2031,2026-06-16 10:02:08+05:30,3120.5,51,3137.24,755722,99157.0,194472.0,3163.0,3163.0,3118.0,3134.3,31800400,3447.7,2820.9,3839.9,2896.0,3120.4,2,1,3120.2,1,1,3120.1,2,1,3120.0,32,3,3119.9,21,1,3120.7,200,1,3120.8,52,3,3120.9,89,6,3121.0,164,8,3121.1,14,2
2031,2026-06-16 10:02:08+05:30,3120.1,4,3137.22,756276,97718.0,195781.0,3163.0,3163.0,3118.0,3134.3,31800400,3447.7,2820.9,3839.9,2896.0,3120.1,2,1,3120.0,2,1,3119.1,43,3,3119.0,851,13,3118.9,21,1,3120.6,66,4,3120.7,837,6,3120.8,157,4,3120.9,304,5,3121.0,168,9
2031,2026-06-16 10:02:09+05:30,3120.4,2,3137.22,756276,97718.0,195781.0,3163.0,3163.0,3118.0,3134.3,31800400,3447.7,2820.9,3839.9,2896.0,3120.1,2,1,3120.0,2,1,3119.1,43,3,3119.0,851,13,3118.9,21,1,3120.6,66,4,3120.7,837,6,3120.8,157,4,3120.9,304,5,3121.0,168,9
2031,2026-06-16 10:02:09+05:30,3120.1,6,3137.22,756284,97096.0,197103.0,3163.0,3163.0,3118.0,3134.3,31800400,3447.7,2820.9,3839.9,2896.0,3119.1,2,1,3119.0,851,13,3118.8,21,1,3118.7,41,1,3118.5,25,3,3120.0,16,1,3120.2,75,3,3120.3,69,2,3120.4,204,2,3120.5,220,2
2031,2026-06-16 10:02:10+05:30,3120.1,6,3137.22,756284,97096.0,197103.0,3163.0,3163.0,3118.0,3134.3,31800400,3447.7,2820.9,3839.9,2896.0,3119.1,2,1,3119.0,851,13,3118.8,21,1,3118.7,41,1,3118.5,25,3,3120.0,16,1,3120.2,75,3,3120.3,69,2,3120.4,204,2,3120.5,220,2
2031,2026-06-16 10:02:10+05:30,3119.1,1,3137.22,756285,96772.0,197153.0,3163.0,3163.0,3118.0,3134.3,31800400,3447.7,2820.9,3839.9,2896.0,3119.1,1,1,3119.0,851,13,3118.5,3,2,3118.4,54,2,3118.3,53,2,3119.9,80,5,3120.0,353,5,3120.1,112,3,3120.2,36,2,3120.3,345,5
2031,2026-06-16 10:02:11+05:30,3119.1,1,3137.22,756285,96772.0,197153.0,3163.0,3163.0,3118.0,3134.3,31800400,3447.7,2820.9,3839.9,2896.0,3119.1,1,1,3119.0,851,13,3118.5,3,2,3118.4,54,2,3118.3,53,2,3119.9,80,5,3120.0,353,5,3120.1,112,3,3120.2,36,2,3120.3,345,5
2031,2026-06-16 10:02:11+05:30,3119.8,5,3137.22,756301,96798.0,196117.0,3163.0,3163.0,3118.0,3134.3,31800400,3447.7,2820.9,3839.9,2896.0,3119.1,23,2,3119.0,851,13,3118.5,3,2,3118.4,13,1,3118.3,123,3,3119.8,34,2,3119.9,254,5,3120.0,213,7,3120.1,131,4,3120.2,236,3
2031,2026-06-16 10:02:12+05:30,3119.1,1,3137.22,756301,96798.0,196117.0,3163.0,3163.0,3118.0,3134.3,31800400,3447.7,2820.9,3839.9,2896.0,3119.1,23,2,3119.0,851,13,3118.5,3,2,3118.4,13,1,3118.3,123,3,3119.8,34,2,3119.9,254,5,3120.0,213,7,3120.1,131,4,3120.2,236,3
2031,2026-06-16 10:02:13+05:30,3119.8,15,3137.22,756403,96700.0,197856.0,3163.0,3163.0,3118.0,3134.3,31800400,3447.7,2820.9,3839.9,2896.0,3119.1,23,2,3119.0,851,13,3118.5,3,2,3118.4,13,1,3118.3,123,3,3119.7,20,1,3119.8,207,4,3119.9,154,5,3120.0,205,7,3120.1,331,5
2031,2026-06-16 10:02:13+05:30,3119.7,1,3137.22,756403,96700.0,197856.0,3163.0,3163.0,3118.0,3134.3,31800400,3447.7,2820.9,3839.9,2896.0,3119.1,23,2,3119.0,851,13,3118.5,3,2,3118.4,13,1,3118.3,123,3,3119.7,20,1,3119.8,207,4,3119.9,154,5,3120.0,205,7,3120.1,331,5
2031,2026-06-16 10:02:14+05:30,3119.6,1,3137.22,756405,96693.0,196256.0,3163.0,3163.0,3118.0,3134.3,31800400,3447.7,2820.9,3839.9,2896.0,3119.1,23,2,3119.0,851,13,3118.5,3,2,3118.4,13,1,3118.3,101,2,3119.6,19,1,3119.7,97,3,3119.8,225,4,3119.9,35,2,3120.0,222,8
2031,2026-06-16 10:02:14+05:30,3119.6,1,3137.22,756405,96693.0,196256.0,3163.0,3163.0,3118.0,3134.3,31800400,3447.7,2820.9,3839.9,2896.0,3119.1,23,2,3119.0,851,13,3118.5,3,2,3118.4,13,1,3118.3,101,2,3119.6,19,1,3119.7,97,3,3119.8,225,4,3119.9,35,2,3120.0,222,8
2031,2026-06-16 10:02:15+05:30,3119.1,17,3137.22,756422,96614.0,196439.0,3163.0,3163.0,3118.0,3134.3,31800400,3447.7,2820.9,3839.9,2896.0,3119.1,16,3,3119.0,851,13,3118.5,3,2,3118.1,62,2,3118.0,94,8,3119.6,50,5,3119.7,103,4,3119.8,212,3,3119.9,82,3,3120.0,477,11
2031,2026-06-16 10:02:15+05:30,3119.1,2,3137.22,756422,96614.0,196439.0,3163.0,3163.0,3118.0,3134.3,31800400,3447.7,2820.9,3839.9,2896.0,3119.1,16,3,3119.0,851,13,3118.5,3,2,3118.1,62,2,3118.0,94,8,3119.6,50,5,3119.7,103,4,3119.8,212,3,3119.9,82,3,3120.0,477,11
2031,2026-06-16 10:02:16+05:30,3119.1,2,3137.22,756462,96522.0,196587.0,3163.0,3163.0,3118.0,3134.3,31800400,3447.7,2820.9,3839.9,2896.0,3119.4,2,2,3119.1,25,3,3119.0,851,13,3118.5,3,2,3118.3,13,1,3119.6,28,4,3119.7,222,2,3119.8,2,1,3119.9,36,2,3120.0,500,11
2031,2026-06-16 10:02:17+05:30,3119.1,18,3137.21,756688,96597.0,197712.0,3163.0,3163.0,3118.0,3134.3,31800400,3447.7,2820.9,3839.9,2896.0,3119.1,2,2,3119.0,851,13,3118.5,3,2,3118.3,13,1,3118.2,19,1,3119.6,20,3,3119.7,222,2,3119.8,2,1,3119.9,29,2,3120.0,552,11
2031,2026-06-16 10:02:17+05:30,3119.1,18,3137.21,756688,96597.0,197712.0,3163.0,3163.0,3118.0,3134.3,31800400,3447.7,2820.9,3839.9,2896.0,3119.1,2,2,3119.0,851,13,3118.5,3,2,3118.3,13,1,3118.2,19,1,3119.6,20,3,3119.7,222,2,3119.8,2,1,3119.9,29,2,3120.0,552,11
2031,2026-06-16 10:02:18+05:30,3119.1,18,3137.21,756688,96597.0,197712.0,3163.0,3163.0,3118.0,3134.3,31800400,3447.7,2820.9,3839.9,2896.0,3119.1,2,2,3119.0,851,13,3118.5,3,2,3118.3,13,1,3118.2,19,1,3119.6,20,3,3119.7,222,2,3119.8,2,1,3119.9,29,2,3120.0,552,11
2031,2026-06-16 10:02:18+05:30,3119.6,1,3137.21,756688,96597.0,197712.0,3163.0,3163.0,3118.0,3134.3,31800400,3447.7,2820.9,3839.9,2896.0,3119.1,2,2,3119.0,851,13,3118.5,3,2,3118.3,13,1,3118.2,19,1,3119.6,20,3,3119.7,222,2,3119.8,2,1,3119.9,29,2,3120.0,552,11
2031,2026-06-16 10:02:18+05:30,3119.6,1,3137.21,756714,96670.0,198391.0,3163.0,3163.0,3118.0,3134.3,31800400,3447.7,2820.9,3839.9,2896.0,3119.1,2,2,3119.0,851,13,3118.5,3,2,3118.3,83,2,3118.2,19,1,3119.6,25,3,3119.7,185,1,3119.8,2,1,3119.9,29,2,3120.0,505,11
2031,2026-06-16 10:02:19+05:30,3119.6,1,3137.21,756715,96527.0,198207.0,3163.0,3163.0,3118.0,3134.3,31800400,3447.7,2820.9,3839.9,2896.0,3119.1,2,2,3119.0,851,13,3118.5,73,3,3118.3,70,1,3118.2,84,2,3119.6,43,4,3119.7,204,2,3119.8,226,3,3119.9,39,3,3120.0,324,10
2031,2026-06-16 10:02:19+05:30,3119.6,1,3137.21,756715,96527.0,198207.0,3163.0,3163.0,3118.0,3134.3,31800400,3447.7,2820.9,3839.9,2896.0,3119.1,2,2,3119.0,851,13,3118.5,73,3,3118.3,70,1,3118.2,84,2,3119.6,43,4,3119.7,204,2,3119.8,226,3,3119.9,39,3,3120.0,324,10
2031,2026-06-16 10:02:19+05:30,3119.6,1,3137.21,756715,96527.0,198207.0,3163.0,3163.0,3118.0,3134.3,31800400,3447.7,2820.9,3839.9,2896.0,3119.1,2,2,3119.0,851,13,3118.5,73,3,3118.3,70,1,3118.2,84,2,3119.6,43,4,3119.7,204,2,3119.8,226,3,3119.9,39,3,3120.0,324,10
2031,2026-06-16 10:02:20+05:30,3119.6,1,3137.21,756715,96586.0,198130.0,3163.0,3163.0,3118.0,3134.3,31800400,3447.7,2820.9,3839.9,2896.0,3119.1,30,4,3119.0,851,13,3118.5,73,3,3118.3,70,1,3118.2,84,2,3119.6,43,4,3119.7,204,2,3119.8,226,3,3119.9,39,3,3120.0,240,8
2031,2026-06-16 10:02:21+05:30,3119.1,4,3137.21,756715,96586.0,198130.0,3163.0,3163.0,3118.0,3134.3,31800400,3447.7,2820.9,3839.9,2896.0,3119.1,30,4,3119.0,851,13,3118.5,73,3,3118.3,70,1,3118.2,84,2,3119.6,43,4,3119.7,204,2,3119.8,226,3,3119.9,39,3,3120.0,240,8
2031,2026-06-16 10:02:21+05:30,3119.1,4,3137.21,756715,96586.0,198130.0,3163.0,3163.0,3118.0,3134.3,31800400,3447.7,2820.9,3839.9,2896.0,3119.1,30,4,3119.0,851,13,3118.5,73,3,3118.3,70,1,3118.2,84,2,3119.6,43,4,3119.7,204,2,3119.8,226,3,3119.9,39,3,3120.0,240,8
2031,2026-06-16 10:02:21+05:30,3119.1,4,3137.21,756765,96610.0,197950.0,3163.0,3163.0,3118.0,3134.3,31800400,3447.7,2820.9,3839.9,2896.0,3119.1,52,4,3119.0,843,12,3118.5,3,2,3118.2,12,1,3118.1,92,3,3119.5,18,1,3119.6,114,8,3119.7,204,2,3119.8,2,1,3119.9,39,3
2031,2026-06-16 10:02:22+05:30,3119.6,8,3137.21,756765,96610.0,197950.0,3163.0,3163.0,3118.0,3134.3,31800400,3447.7,2820.9,3839.9,2896.0,3119.1,52,4,3119.0,843,12,3118.5,3,2,3118.2,12,1,3118.1,92,3,3119.5,18,1,3119.6,114,8,3119.7,204,2,3119.8,2,1,3119.9,39,3
2031,2026-06-16 10:02:22+05:30,3119.6,8,3137.21,756815,96510.0,197952.0,3163.0,3163.0,3118.0,3134.3,31800400,3447.7,2820.9,3839.9,2896.0,3119.1,102,6,3119.0,843,12,3118.5,3,2,3118.1,92,3,3118.0,153,9,3119.4,18,1,3119.5,81,5,3119.6,281,9,3119.7,78,2,3119.8,58,3
2031,2026-06-16 10:02:23+05:30,3119.6,8,3137.21,756815,96510.0,197952.0,3163.0,3163.0,3118.0,3134.3,31800400,3447.7,2820.9,3839.9,2896.0,3119.1,102,6,3119.0,843,12,3118.5,3,2,3118.1,92,3,3118.0,153,9,3119.4,18,1,3119.5,81,5,3119.6,281,9,3119.7,78,2,3119.8,58,3
2031,2026-06-16 10:02:23+05:30,3119.1,18,3137.21,756815,96510.0,197952.0,3163.0,3163.0,3118.0,3134.3,31800400,3447.7,2820.9,3839.9,2896.0,3119.1,102,6,3119.0,843,12,3118.5,3,2,3118.1,92,3,3118.0,153,9,3119.4,18,1,3119.5,81,5,3119.6,281,9,3119.7,78,2,3119.8,58,3
2031,2026-06-16 10:02:23+05:30,3119.3,1,3137.21,756898,96941.0,197701.0,3163.0,3163.0,3118.0,3134.3,31800400,3447.7,2820.9,3839.9,2896.0,3119.1,578,6,3119.0,843,12,3118.5,3,2,3118.1,92,3,3118.0,109,9,3119.3,32,3,3119.4,28,2,3119.5,47,3,3119.6,298,8,3119.7,19,1
2031,2026-06-16 10:02:24+05:30,3119.3,1,3137.21,756898,96941.0,197701.0,3163.0,3163.0,3118.0,3134.3,31800400,3447.7,2820.9,3839.9,2896.0,3119.1,578,6,3119.0,843,12,3118.5,3,2,3118.1,92,3,3118.0,109,9,3119.3,32,3,3119.4,28,2,3119.5,47,3,3119.6,298,8,3119.7,19,1
2031,2026-06-16 10:02:24+05:30,3119.3,1,3137.21,756920,96931.0,197529.0,3163.0,3163.0,3118.0,3134.3,31800400,3447.7,2820.9,3839.9,2896.0,3119.1,578,6,3119.0,843,12,3118.5,3,2,3118.1,92,3,3118.0,109,9,3119.3,53,4,3119.4,12,1,3119.5,233,4,3119.6,95,6,3119.7,19,1
2031,2026-06-16 10:02:25+05:30,3119.3,1,3137.21,756920,96931.0,197529.0,3163.0,3163.0,3118.0,3134.3,31800400,3447.7,2820.9,3839.9,2896.0,3119.1,578,6,3119.0,843,12,3118.5,3,2,3118.1,92,3,3118.0,109,9,3119.3,53,4,3119.4,12,1,3119.5,233,4,3119.6,95,6,3119.7,19,1
2031,2026-06-16 10:02:25+05:30,3119.3,12,3137.21,756920,96931.0,197529.0,3163.0,3163.0,3118.0,3134.3,31800400,3447.7,2820.9,3839.9,2896.0,3119.1,578,6,3119.0,843,12,3118.5,3,2,3118.1,92,3,3118.0,109,9,3119.3,53,4,3119.4,12,1,3119.5,233,4,3119.6,95,6,3119.7,19,1
2031,2026-06-16 10:02:25+05:30,3119.3,12,3137.21,757009,97057.0,195710.0,3163.0,3163.0,3118.0,3134.3,31800400,3447.7,2820.9,3839.9,2896.0,3119.1,555,4,3119.0,933,13,3118.5,3,2,3118.1,111,4,3118.0,168,10,3119.3,1,1,3119.5,55,2,3119.6,243,6,3119.7,38,2,3119.8,37,1
2031,2026-06-16 10:02:26+05:30,3119.5,2,3137.21,757009,97057.0,195710.0,3163.0,3163.0,3118.0,3134.3,31800400,3447.7,2820.9,3839.9,2896.0,3119.1,555,4,3119.0,933,13,3118.5,3,2,3118.1,111,4,3118.0,168,10,3119.3,1,1,3119.5,55,2,3119.6,243,6,3119.7,38,2,3119.8,37,1
2031,2026-06-16 10:02:26+05:30,3119.5,2,3137.21,757009,97057.0,195710.0,3163.0,3163.0,3118.0,3134.3,31800400,3447.7,2820.9,3839.9,2896.0,3119.1,555,4,3119.0,933,13,3118.5,3,2,3118.1,111,4,3118.0,168,10,3119.3,1,1,3119.5,55,2,3119.6,243,6,3119.7,38,2,3119.8,37,1
2031,2026-06-16 10:02:26+05:30,3119.5,2,3137.21,757012,97057.0,198115.0,3163.0,3163.0,3118.0,3134.3,31800400,3447.7,2820.9,3839.9,2896.0,3119.1,555,4,3119.0,933,13,3118.5,3,2,3118.1,111,4,3118.0,168,10,3119.5,185,1,3119.6,95,6,3119.7,238,3,3119.8,37,1,3119.9,39,3
2031,2026-06-16 10:02:27+05:30,3119.5,2,3137.21,757012,97057.0,198115.0,3163.0,3163.0,3118.0,3134.3,31800400,3447.7,2820.9,3839.9,2896.0,3119.1,170,3,3119.0,933,13,3118.5,3,2,3118.1,1,1,3118.0,109,9,3119.2,200,1,3119.3,80,4,3119.4,18,1,3119.5,247,4,3119.6,114,6
2031,2026-06-16 10:02:27+05:30,3119.1,200,3137.2,757397,96424.0,197977.0,3163.0,3163.0,3118.0,3134.3,31800400,3447.7,2820.9,3839.9,2896.0,3119.1,170,3,3119.0,933,13,3118.5,3,2,3118.1,1,1,3118.0,109,9,3119.2,200,1,3119.3,80,4,3119.4,18,1,3119.5,247,4,3119.6,114,6
2031,2026-06-16 10:02:28+05:30,3119.1,90,3137.2,757397,96424.0,197977.0,3163.0,3163.0,3118.0,3134.3,31800400,3447.7,2820.9,3839.9,2896.0,3119.1,170,3,3119.0,933,13,3118.5,3,2,3118.1,1,1,3118.0,109,9,3119.2,200,1,3119.3,80,4,3119.4,18,1,3119.5,247,4,3119.6,114,6
2031,2026-06-16 10:02:28+05:30,3119.1,90,3137.2,757397,96424.0,197977.0,3163.0,3163.0,3118.0,3134.3,31800400,3447.7,2820.9,3839.9,2896.0,3119.1,170,3,3119.0,933,13,3118.5,3,2,3118.1,1,1,3118.0,109,9,3119.2,200,1,3119.3,80,4,3119.4,18,1,3119.5,247,4,3119.6,114,6
2031,2026-06-16 10:02:29+05:30,3119.1,90,3137.19,757797,97425.0,198319.0,3163.0,3163.0,3118.0,3134.3,31800400,3447.7,2820.9,3839.9,2896.0,3119.1,25,1,3119.0,1933,14,3118.5,3,2,3118.1,130,3,3118.0,109,9,3119.2,46,1,3119.3,201,2,3119.5,71,3,3119.6,274,5,3119.7,19,1
2031,2026-06-16 10:02:29+05:30,3119.1,26,3137.19,757797,97425.0,198319.0,3163.0,3163.0,3118.0,3134.3,31800400,3447.7,2820.9,3839.9,2896.0,3119.1,25,1,3119.0,1933,14,3118.5,3,2,3118.1,130,3,3118.0,109,9,3119.2,46,1,3119.3,201,2,3119.5,71,3,3119.6,274,5,3119.7,19,1
2031,2026-06-16 10:02:29+05:30,3119.1,26,3137.19,757797,97425.0,198319.0,3163.0,3163.0,3118.0,3134.3,31800400,3447.7,2820.9,3839.9,2896.0,3119.1,25,1,3119.0,1933,14,3118.5,3,2,3118.1,130,3,3118.0,109,9,3119.2,46,1,3119.3,201,2,3119.5,71,3,3119.6,274,5,3119.7,19,1
2031,2026-06-16 10:02:30+05:30,3119.1,26,3137.19,757797,97425.0,198319.0,3163.0,3163.0,3118.0,3134.3,31800400,3447.7,2820.9,3839.9,2896.0,3119.1,25,1,3119.0,1933,14,3118.5,3,2,3118.1,130,3,3118.0,109,9,3119.2,46,1,3119.3,201,2,3119.5,71,3,3119.6,274,5,3119.7,19,1
2031,2026-06-16 10:02:30+05:30,3119.1,1,3137.19,757824,97395.0,199060.0,3163.0,3163.0,3118.0,3134.3,31800400,3447.7,2820.9,3839.9,2896.0,3119.0,1943,15,3118.5,3,2,3118.1,130,3,3118.0,109,9,3117.8,150,2,3119.1,197,3,3119.2,71,2,3119.3,230,4,3119.4,37,1,3119.5,25,2
2031,2026-06-16 10:02:30+05:30,3118.6,2,3137.19,757824,97395.0,199060.0,3163.0,3163.0,3118.0,3134.3,31800400,3447.7,2820.9,3839.9,2896.0,3119.0,1943,15,3118.5,3,2,3118.1,130,3,3118.0,109,9,3117.8,150,2,3119.1,197,3,3119.2,71,2,3119.3,230,4,3119.4,37,1,3119.5,25,2
2031,2026-06-16 10:02:30+05:30,3118.6,2,3137.19,757824,97395.0,199060.0,3163.0,3163.0,3118.0,3134.3,31800400,3447.7,2820.9,3839.9,2896.0,3119.0,1943,15,3118.5,3,2,3118.1,130,3,3118.0,109,9,3117.8,150,2,3119.1,197,3,3119.2,71,2,3119.3,230,4,3119.4,37,1,3119.5,25,2
2031,2026-06-16 10:02:31+05:30,3118.1,4,3137.12,760676,95235.0,198546.0,3163.0,3163.0,3118.0,3134.3,31800400,3447.7,2820.9,3839.9,2896.0,3118.9,1,1,3118.1,47,3,3118.0,404,12,3117.8,140,5,3117.7,30,1,3119.0,78,1,3119.1,1,1,3119.2,71,2,3119.3,200,1,3119.4,59,1
2031,2026-06-16 10:02:31+05:30,3119.0,78,3137.12,760676,95235.0,198546.0,3163.0,3163.0,3118.0,3134.3,31800400,3447.7,2820.9,3839.9,2896.0,3118.9,1,1,3118.1,47,3,3118.0,404,12,3117.8,140,5,3117.7,30,1,3119.0,78,1,3119.1,1,1,3119.2,71,2,3119.3,200,1,3119.4,59,1
2031,2026-06-16 10:02:31+05:30,3119.0,78,3137.12,760676,95235.0,198546.0,3163.0,3163.0,3118.0,3134.3,31800400,3447.7,2820.9,3839.9,2896.0,3118.9,1,1,3118.1,47,3,3118.0,404,12,3117.8,140,5,3117.7,30,1,3119.0,78,1,3119.1,1,1,3119.2,71,2,3119.3,200,1,3119.4,59,1
2031,2026-06-16 10:02:32+05:30,3119.0,8,3137.11,761062,95469.0,198623.0,3163.0,3163.0,3118.0,3134.3,31800400,3447.7,2820.9,3839.9,2896.0,3118.9,1,1,3118.1,5,1,3118.0,358,10,3117.8,75,2,3117.7,30,1,3119.0,8,1,3119.1,133,3,3119.2,102,3,3119.3,10,1,3119.4,115,3
2031,2026-06-16 10:02:32+05:30,3119.0,8,3137.11,761062,95469.0,198623.0,3163.0,3163.0,3118.0,3134.3,31800400,3447.7,2820.9,3839.9,2896.0,3118.9,1,1,3118.1,5,1,3118.0,358,10,3117.8,75,2,3117.7,30,1,3119.0,8,1,3119.1,133,3,3119.2,102,3,3119.3,10,1,3119.4,115,3
2031,2026-06-16 10:02:32+05:30,3119.0,8,3137.11,761062,95469.0,198623.0,3163.0,3163.0,3118.0,3134.3,31800400,3447.7,2820.9,3839.9,2896.0,3118.9,1,1,3118.1,5,1,3118.0,358,10,3117.8,75,2,3117.7,30,1,3119.0,8,1,3119.1,133,3,3119.2,102,3,3119.3,10,1,3119.4,115,3
2031,2026-06-16 10:02:33+05:30,3119.0,8,3137.11,761062,95469.0,198623.0,3163.0,3163.0,3118.0,3134.3,31800400,3447.7,2820.9,3839.9,2896.0,3118.9,1,1,3118.1,5,1,3118.0,358,10,3117.8,75,2,3117.7,30,1,3119.0,8,1,3119.1,133,3,3119.2,102,3,3119.3,10,1,3119.4,115,3
2031,2026-06-16 10:02:33+05:30,3118.9,1,3137.11,761062,95469.0,198623.0,3163.0,3163.0,3118.0,3134.3,31800400,3447.7,2820.9,3839.9,2896.0,3118.9,1,1,3118.1,5,1,3118.0,358,10,3117.8,75,2,3117.7,30,1,3119.0,8,1,3119.1,133,3,3119.2,102,3,3119.3,10,1,3119.4,115,3
2031,2026-06-16 10:02:33+05:30,3118.9,1,3137.11,761068,94998.0,198564.0,3163.0,3163.0,3118.0,3134.3,31800400,3447.7,2820.9,3839.9,2896.0,3118.1,27,2,3118.0,358,10,3117.4,12,1,3117.3,86,3,3117.2,19,1,3119.0,26,3,3119.1,380,8,3119.2,167,3,3119.3,116,3,3119.4,315,4
2031,2026-06-16 10:02:34+05:30,3118.9,1,3137.11,761068,94998.0,198564.0,3163.0,3163.0,3118.0,3134.3,31800400,3447.7,2820.9,3839.9,2896.0,3118.1,27,2,3118.0,358,10,3117.4,12,1,3117.3,86,3,3117.2,19,1,3119.0,26,3,3119.1,380,8,3119.2,167,3,3119.3,116,3,3119.4,315,4
2031,2026-06-16 10:02:34+05:30,3119.0,200,3137.11,761068,94998.0,198564.0,3163.0,3163.0,3118.0,3134.3,31800400,3447.7,2820.9,3839.9,2896.0,3118.1,27,2,3118.0,358,10,3117.4,12,1,3117.3,86,3,3117.2,19,1,3119.0,26,3,3119.1,380,8,3119.2,167,3,3119.3,116,3,3119.4,315,4
2031,2026-06-16 10:02:34+05:30,3119.0,200,3137.1,761318,96091.0,197175.0,3163.0,3163.0,3118.0,3134.3,31800400,3447.7,2820.9,3839.9,2896.0,3119.0,53,2,3118.1,27,2,3118.0,377,11,3117.8,50,2,3117.6,31,1,3119.1,129,3,3119.2,248,3,3119.4,59,1,3119.5,300,4,3119.6,33,2
2031,2026-06-16 10:02:34+05:30,3119.0,200,3137.1,761318,96091.0,197175.0,3163.0,3163.0,3118.0,3134.3,31800400,3447.7,2820.9,3839.9,2896.0,3119.0,53,2,3118.1,27,2,3118.0,377,11,3117.8,50,2,3117.6,31,1,3119.1,129,3,3119.2,248,3,3119.4,59,1,3119.5,300,4,3119.6,33,2
2031,2026-06-16 10:02:35+05:30,3119.1,1,3137.1,761318,96091.0,197175.0,3163.0,3163.0,3118.0,3134.3,31800400,3447.7,2820.9,3839.9,2896.0,3119.0,53,2,3118.1,27,2,3118.0,377,11,3117.8,50,2,3117.6,31,1,3119.1,129,3,3119.2,248,3,3119.4,59,1,3119.5,300,4,3119.6,33,2
2031,2026-06-16 10:02:35+05:30,3119.1,1,3137.1,761527,96143.0,196383.0,3163.0,3163.0,3118.0,3134.3,31800400,3447.7,2820.9,3839.9,2896.0,3118.5,19,1,3118.4,150,6,3118.3,74,3,3118.2,123,6,3118.1,164,6,3119.1,110,3,3119.2,246,2,3119.5,201,2,3119.6,14,1,3119.8,92,2
2031,2026-06-16 10:02:35+05:30,3119.1,1,3137.1,761527,96143.0,196383.0,3163.0,3163.0,3118.0,3134.3,31800400,3447.7,2820.9,3839.9,2896.0,3118.5,19,1,3118.4,150,6,3118.3,74,3,3118.2,123,6,3118.1,164,6,3119.1,110,3,3119.2,246,2,3119.5,201,2,3119.6,14,1,3119.8,92,2
2031,2026-06-16 10:02:36+05:30,3120.9,1,3137.1,761527,96143.0,196383.0,3163.0,3163.0,3118.0,3134.3,31800400,3447.7,2820.9,3839.9,2896.0,3118.5,19,1,3118.4,150,6,3118.3,74,3,3118.2,123,6,3118.1,164,6,3119.1,110,3,3119.2,246,2,3119.5,201,2,3119.6,14,1,3119.8,92,2
2031,2026-06-16 10:02:36+05:30,3120.9,1,3137.1,761527,96143.0,196383.0,3163.0,3163.0,3118.0,3134.3,31798000,3447.7,2820.9,3839.9,2896.0,3118.5,19,1,3118.4,150,6,3118.3,74,3,3118.2,123,6,3118.1,164,6,3119.1,110,3,3119.2,246,2,3119.5,201,2,3119.6,14,1,3119.8,92,2
2031,2026-06-16 10:02:36+05:30,3120.9,1,3137.08,762251,99593.0,195201.0,3163.0,3163.0,3118.0,3134.3,31798000,3447.7,2820.9,3839.9,2896.0,3120.0,1000,1,3119.8,2,1,3119.7,76,2,3119.6,69,2,3119.5,23,2,3120.9,218,3,3121.0,161,8,3121.1,14,2,3121.2,86,2,3121.4,58,2
2031,2026-06-16 10:02:37+05:30,3120.0,10,3137.08,762262,100087.0,194941.0,3163.0,3163.0,3118.0,3134.3,31798000,3447.7,2820.9,3839.9,2896.0,3120.0,1150,4,3119.9,86,2,3119.8,21,2,3119.7,49,1,3119.6,161,4,3120.9,333,6,3121.0,179,9,3121.1,14,2,3121.2,67,2,3121.4,58,2
2031,2026-06-16 10:02:38+05:30,3120.8,1,3137.08,762262,100087.0,194941.0,3163.0,3163.0,3118.0,3134.3,31798000,3447.7,2820.9,3839.9,2896.0,3120.0,1150,4,3119.9,86,2,3119.8,21,2,3119.7,49,1,3119.6,161,4,3120.9,333,6,3121.0,179,9,3121.1,14,2,3121.2,67,2,3121.4,58,2
2031,2026-06-16 10:02:38+05:30,3120.8,1,3137.07,762840,99027.0,196014.0,3163.0,3163.0,3118.0,3134.3,31798000,3447.7,2820.9,3839.9,2896.0,3120.0,524,3,3119.9,24,1,3119.8,2,1,3119.7,49,1,3119.5,60,2,3120.8,64,4,3120.9,351,7,3121.0,201,10,3121.1,105,4,3121.2,104,3
2031,2026-06-16 10:02:39+05:30,3120.8,1,3137.07,762840,99207.0,196475.0,3163.0,3163.0,3118.0,3134.3,31798000,3447.7,2820.9,3839.9,2896.0,3120.2,25,1,3120.0,524,3,3119.7,49,1,3119.3,93,3,3119.1,108,3,3120.7,83,5,3120.8,281,4,3120.9,153,6,3121.0,201,10,3121.1,173,6
2031,2026-06-16 10:02:40+05:30,3120.2,25,3137.07,762840,99207.0,196475.0,3163.0,3163.0,3118.0,3134.3,31798000,3447.7,2820.9,3839.9,2896.0,3120.2,25,1,3120.0,524,3,3119.7,49,1,3119.3,93,3,3119.1,108,3,3120.7,83,5,3120.8,281,4,3120.9,153,6,3121.0,201,10,3121.1,173,6
2031,2026-06-16 10:02:40+05:30,3120.2,23,3137.07,762920,99070.0,196196.0,3163.0,3163.0,3118.0,3134.3,31798000,3447.7,2820.9,3839.9,2896.0,3120.2,4,2,3120.0,543,4,3119.4,12,1,3119.3,82,3,3119.2,49,1,3120.7,97,6,3120.8,99,4,3120.9,353,7,3121.0,201,10,3121.1,99,4
2031,2026-06-16 10:02:41+05:30,3120.2,23,3137.07,762920,99070.0,196196.0,3163.0,3163.0,3118.0,3134.3,31798000,3447.7,2820.9,3839.9,2896.0,3120.2,4,2,3120.0,543,4,3119.4,12,1,3119.3,82,3,3119.2,49,1,3120.7,97,6,3120.8,99,4,3120.9,353,7,3121.0,201,10,3121.1,99,4
2031,2026-06-16 10:02:41+05:30,3120.2,23,3137.07,762920,99017.0,197299.0,3163.0,3163.0,3118.0,3134.3,31798000,3447.7,2820.9,3839.9,2896.0,3120.2,4,2,3120.0,543,4,3119.3,6,1,3119.0,75,2,3118.8,31,1,3120.4,200,1,3120.5,67,5,3120.7,79,5,3120.8,202,7,3120.9,172,7
2031,2026-06-16 10:02:42+05:30,3120.0,5,3137.07,762920,99017.0,197299.0,3163.0,3163.0,3118.0,3134.3,31798000,3447.7,2820.9,3839.9,2896.0,3120.2,4,2,3120.0,543,4,3119.3,6,1,3119.0,75,2,3118.8,31,1,3120.4,200,1,3120.5,67,5,3120.7,79,5,3120.8,202,7,3120.9,172,7
2031,2026-06-16 10:02:43+05:30,3120.4,1,3137.05,763724,98267.0,196916.0,3163.0,3163.0,3118.0,3134.3,31798000,3447.7,2820.9,3839.9,2896.0,3120.0,47,2,3119.3,6,1,3119.2,14,1,3119.1,26,1,3119.0,75,2,3120.2,200,1,3120.3,32,2,3120.4,18,2,3120.5,43,3,3120.6,155,4
2031,2026-06-16 10:02:43+05:30,3120.0,9,3137.05,763724,98267.0,196916.0,3163.0,3163.0,3118.0,3134.3,31798000,3447.7,2820.9,3839.9,2896.0,3120.0,47,2,3119.3,6,1,3119.2,14,1,3119.1,26,1,3119.0,75,2,3120.2,200,1,3120.3,32,2,3120.4,18,2,3120.5,43,3,3120.6,155,4
2031,2026-06-16 10:02:44+05:30,3118.1,16,3137.02,765047,96039.0,197457.0,3163.0,3163.0,3118.0,3134.3,31798000,3447.7,2820.9,3839.9,2896.0,3118.3,36,2,3118.2,19,1,3118.1,129,7,3118.0,468,15,3117.9,24,1,3119.9,203,4,3120.0,362,5,3120.1,81,2,3120.2,190,8,3120.3,359,4
2031,2026-06-16 10:02:44+05:30,3119.8,1,3137.02,765047,96039.0,197457.0,3163.0,3163.0,3118.0,3134.3,31798000,3447.7,2820.9,3839.9,2896.0,3118.3,36,2,3118.2,19,1,3118.1,129,7,3118.0,468,15,3117.9,24,1,3119.9,203,4,3120.0,362,5,3120.1,81,2,3120.2,190,8,3120.3,359,4
2031,2026-06-16 10:02:45+05:30,3119.8,1,3137.02,765048,95629.0,198818.0,3163.0,3163.0,3118.0,3134.3,31798000,3447.7,2820.9,3839.9,2896.0,3118.3,19,2,3118.1,26,3,3118.0,438,14,3117.8,32,1,3117.7,127,3,3119.4,82,5,3119.5,103,4,3119.6,105,3,3119.7,234,4,3119.8,46,3
2031,2026-06-16 10:02:46+05:30,3118.3,2,3137.02,765066,94339.0,199597.0,3163.0,3163.0,3118.0,3134.3,31798000,3447.7,2820.9,3839.9,2896.0,3118.1,5,1,3118.0,368,13,3117.4,15,1,3117.3,87,3,3117.1,129,5,3118.9,9,1,3119.0,78,5,3119.1,238,3,3119.2,80,3,3119.3,120,2
2031,2026-06-16 10:02:46+05:30,3118.3,2,3137.02,765066,94339.0,199597.0,3163.0,3163.0,3118.0,3134.3,31798000,3447.7,2820.9,3839.9,2896.0,3118.1,5,1,3118.0,368,13,3117.4,15,1,3117.3,87,3,3117.1,129,5,3118.9,9,1,3119.0,78,5,3119.1,238,3,3119.2,80,3,3119.3,120,2
2031,2026-06-16 10:02:47+05:30,3118.1,1,3137.02,765066,94339.0,199597.0,3163.0,3163.0,3118.0,3134.3,31798000,3447.7,2820.9,3839.9,2896.0,3118.1,5,1,3118.0,368,13,3117.4,15,1,3117.3,87,3,3117.1,129,5,3118.9,9,1,3119.0,78,5,3119.1,238,3,3119.2,80,3,3119.3,120,2
2031,2026-06-16 10:02:47+05:30,3118.1,1,3137.02,765069,94710.0,200739.0,3163.0,3163.0,3118.0,3134.3,31798000,3447.7,2820.9,3839.9,2896.0,3118.1,2,1,3118.0,368,13,3117.4,15,1,3117.3,44,2,3117.1,35,2,3118.2,69,6,3118.3,258,2,3118.4,32,2,3118.5,36,1,3118.6,35,2
2031,2026-06-16 10:02:48+05:30,3118.0,2,3137.02,765069,94710.0,200739.0,3163.0,3163.0,3118.0,3134.3,31798000,3447.7,2820.9,3839.9,2896.0,3118.1,2,1,3118.0,368,13,3117.4,15,1,3117.3,44,2,3117.1,35,2,3118.2,69,6,3118.3,258,2,3118.4,32,2,3118.5,36,1,3118.6,35,2
2031,2026-06-16 10:02:48+05:30,3118.0,2,3137.0,765601,92674.0,201115.0,3163.0,3163.0,3118.0,3134.3,31798000,3447.7,2820.9,3839.9,2896.0,3117.4,15,1,3117.3,44,2,3117.0,7,3,3116.5,68,3,3116.3,64,4,3118.0,231,3,3118.1,120,4,3118.2,77,6,3118.4,86,3,3118.5,54,2
2031,2026-06-16 10:02:49+05:30,3118.0,2,3137.0,765601,93109.0,200767.0,3163.0,3163.0,3118.0,3134.3,31798000,3447.7,2820.9,3839.9,2896.0,3117.4,16,2,3117.3,44,2,3117.0,7,3,3116.6,19,1,3116.5,138,4,3118.0,200,1,3118.1,17,2,3118.2,113,7,3118.3,84,1,3118.4,32,2
2031,2026-06-16 10:02:50+05:30,3118.0,18,3137.0,765601,93109.0,200767.0,3163.0,3163.0,3118.0,3134.3,31798000,3447.7,2820.9,3839.9,2896.0,3117.4,16,2,3117.3,44,2,3117.0,7,3,3116.6,19,1,3116.5,138,4,3118.0,200,1,3118.1,17,2,3118.2,113,7,3118.3,84,1,3118.4,32,2
2031,2026-06-16 10:02:50+05:30,3117.9,1,3137.0,765672,93253.0,200792.0,3163.0,3163.0,3117.9,3134.3,31798000,3447.7,2820.9,3839.9,2896.0,3117.4,16,2,3117.3,44,2,3117.0,7,3,3116.5,68,3,3116.4,51,2,3117.9,163,3,3118.0,146,6,3118.1,162,4,3118.2,81,4,3118.4,67,2
2031,2026-06-16 10:02:51+05:30,3117.3,8,3137.0,765672,93253.0,200792.0,3163.0,3163.0,3117.9,3134.3,31798000,3447.7,2820.9,3839.9,2896.0,3117.4,16,2,3117.3,44,2,3117.0,7,3,3116.5,68,3,3116.4,51,2,3117.9,163,3,3118.0,146,6,3118.1,162,4,3118.2,81,4,3118.4,67,2
2031,2026-06-16 10:02:51+05:30,3117.7,2,3136.99,766087,93295.0,198677.0,3163.0,3163.0,3117.3,3134.3,31798000,3447.7,2820.9,3839.9,2896.0,3117.3,36,2,3117.0,7,3,3116.6,102,3,3116.5,44,2,3116.4,19,1,3117.7,13,2,3117.8,36,1,3118.0,108,4,3118.1,15,2,3118.2,164,4
2031,2026-06-16 10:02:52+05:30,3117.3,10,3136.99,766087,93295.0,198677.0,3163.0,3163.0,3117.3,3134.3,31798000,3447.7,2820.9,3839.9,2896.0,3117.3,36,2,3117.0,7,3,3116.6,102,3,3116.5,44,2,3116.4,19,1,3117.7,13,2,3117.8,36,1,3118.0,108,4,3118.1,15,2,3118.2,164,4
2031,2026-06-16 10:02:52+05:30,3117.3,10,3136.98,766307,94080.0,200561.0,3163.0,3163.0,3116.9,3134.3,31798000,3447.7,2820.9,3839.9,2896.0,3117.3,15,1,3117.0,33,2,3116.8,55,3,3116.7,75,3,3116.6,30,3,3117.7,33,3,3117.9,200,1,3118.0,78,2,3118.1,14,1,3118.3,142,2
2031,2026-06-16 10:02:53+05:30,3117.3,10,3136.98,766307,94346.0,200210.0,3163.0,3163.0,3116.9,3134.3,31798000,3447.7,2820.9,3839.9,2896.0,3117.3,54,2,3117.0,38,2,3116.8,38,2,3116.7,17,1,3116.6,8,1,3117.7,47,4,3117.8,200,1,3118.0,78,2,3118.1,14,1,3118.2,70,1
2031,2026-06-16 10:02:54+05:30,3117.7,7,3136.98,766307,94346.0,200210.0,3163.0,3163.0,3116.9,3134.3,31798000,3447.7,2820.9,3839.9,2896.0,3117.3,54,2,3117.0,38,2,3116.8,38,2,3116.7,17,1,3116.6,8,1,3117.7,47,4,3117.8,200,1,3118.0,78,2,3118.1,14,1,3118.2,70,1
2031,2026-06-16 10:02:55+05:30,3117.7,7,3136.98,766377,95074.0,200132.0,3163.0,3163.0,3116.9,3134.3,31798000,3447.7,2820.9,3839.9,2896.0,3117.3,49,2,3117.0,39,2,3116.9,42,2,3116.8,77,2,3116.7,51,2,3117.7,31,3,3117.8,200,1,3118.0,78,2,3118.1,14,1,3118.3,3,1
2031,2026-06-16 10:02:56+05:30,3117.7,7,3136.98,766377,94409.0,199847.0,3163.0,3163.0,3116.9,3134.3,31798000,3447.7,2820.9,3839.9,2896.0,3117.3,49,2,3117.0,19,1,3116.8,44,2,3116.7,19,1,3116.6,39,2,3117.7,24,2,3117.8,200,1,3118.0,114,3,3118.1,14,1,3118.2,140,1
2031,2026-06-16 10:02:57+05:30,3117.7,1,3136.98,766379,94370.0,199672.0,3163.0,3163.0,3116.9,3134.3,31798000,3447.7,2820.9,3839.9,2896.0,3117.3,54,3,3116.8,44,2,3116.6,39,2,3116.5,134,4,3116.4,121,4,3117.7,22,2,3117.8,200,1,3117.9,36,1,3118.0,78,2,3118.1,14,1
2031,2026-06-16 10:02:57+05:30,3117.7,1,3136.98,766379,94370.0,199672.0,3163.0,3163.0,3116.9,3134.3,31798000,3447.7,2820.9,3839.9,2896.0,3117.3,54,3,3116.8,44,2,3116.6,39,2,3116.5,134,4,3116.4,121,4,3117.7,22,2,3117.8,200,1,3117.9,36,1,3118.0,78,2,3118.1,14,1
2031,2026-06-16 10:02:58+05:30,3117.3,12,3136.98,766628,93964.0,199893.0,3163.0,3163.0,3116.9,3134.3,31798000,3447.7,2820.9,3839.9,2896.0,3117.3,18,2,3116.5,44,2,3116.3,3,1,3116.1,101,4,3116.0,151,5,3117.7,285,8,3117.8,84,1,3117.9,57,2,3118.0,145,4,3118.1,108,4
2031,2026-06-16 10:02:58+05:30,3117.3,12,3136.98,766628,93964.0,199893.0,3163.0,3163.0,3116.9,3134.3,31798000,3447.7,2820.9,3839.9,2896.0,3117.3,18,2,3116.5,44,2,3116.3,3,1,3116.1,101,4,3116.0,151,5,3117.7,285,8,3117.8,84,1,3117.9,57,2,3118.0,145,4,3118.1,108,4
2031,2026-06-16 10:02:59+05:30,3116.5,1,3136.97,766694,93990.0,199131.0,3163.0,3163.0,3116.5,3134.3,31798000,3447.7,2820.9,3839.9,2896.0,3116.5,43,2,3116.3,14,2,3116.2,22,2,3116.1,61,2,3116.0,170,6,3117.5,200,1,3117.7,259,6,3117.8,84,1,3117.9,38,1,3118.0,123,3
2031,2026-06-16 10:02:59+05:30,3116.5,1,3136.97,766694,93990.0,199131.0,3163.0,3163.0,3116.5,3134.3,31798000,3447.7,2820.9,3839.9,2896.0,3116.5,43,2,3116.3,14,2,3116.2,22,2,3116.1,61,2,3116.0,170,6,3117.5,200,1,3117.7,259,6,3117.8,84,1,3117.9,38,1,3118.0,123,3
2031,2026-06-16 10:03:00+05:30,3117.5,74,3136.97,766694,93990.0,199131.0,3163.0,3163.0,3116.5,3134.3,31798000,3447.7,2820.9,3839.9,2896.0,3116.5,43,2,3116.3,14,2,3116.2,22,2,3116.1,61,2,3116.0,170,6,3117.5,200,1,3117.7,259,6,3117.8,84,1,3117.9,38,1,3118.0,123,3
2031,2026-06-16 10:03:00+05:30,3117.5,2,3136.96,767246,94622.0,198599.0,3163.0,3163.0,3116.5,3134.3,31798000,3447.7,2820.9,3839.9,2896.0,3117.0,6,3,3116.9,53,3,3116.8,32,1,3116.6,82,5,3116.5,120,5,3117.5,15,2,3117.7,202,2,3118.0,72,1,3118.1,17,2,3118.2,20,1
2031,2026-06-16 10:03:01+05:30,3117.0,168,3136.96,767246,94622.0,198599.0,3163.0,3163.0,3116.5,3134.3,31798000,3447.7,2820.9,3839.9,2896.0,3117.0,6,3,3116.9,53,3,3116.8,32,1,3116.6,82,5,3116.5,120,5,3117.5,15,2,3117.7,202,2,3118.0,72,1,3118.1,17,2,3118.2,20,1
2031,2026-06-16 10:03:01+05:30,3117.0,168,3136.95,767846,94632.0,198292.0,3163.0,3163.0,3116.5,3134.3,31798000,3447.7,2820.9,3839.9,2896.0,3116.9,117,6,3116.8,32,2,3116.7,34,2,3116.6,109,6,3116.5,82,5,3117.3,2,1,3117.5,56,1,3117.6,56,1,3117.7,2,1,3118.1,14,1
2031,2026-06-16 10:03:02+05:30,3116.8,18,3136.95,767846,94632.0,198292.0,3163.0,3163.0,3116.5,3134.3,31798000,3447.7,2820.9,3839.9,2896.0,3116.9,117,6,3116.8,32,2,3116.7,34,2,3116.6,109,6,3116.5,82,5,3117.3,2,1,3117.5,56,1,3117.6,56,1,3117.7,2,1,3118.1,14,1
2031,2026-06-16 10:03:02+05:30,3116.8,18,3136.94,768152,94699.0,199273.0,3163.0,3163.0,3116.5,3134.3,31798000,3447.7,2820.9,3839.9,2896.0,3116.8,43,3,3116.7,74,4,3116.6,97,5,3116.5,116,6,3116.4,133,5,3117.3,2,2,3117.5,56,1,3117.6,56,1,3117.7,15,2,3118.0,200,1
2031,2026-06-16 10:03:03+05:30,3116.9,16,3136.94,768152,94699.0,199273.0,3163.0,3163.0,3116.5,3134.3,31798000,3447.7,2820.9,3839.9,2896.0,3116.8,43,3,3116.7,74,4,3116.6,97,5,3116.5,116,6,3116.4,133,5,3117.3,2,2,3117.5,56,1,3117.6,56,1,3117.7,15,2,3118.0,200,1
2031,2026-06-16 10:03:03+05:30,3117.3,1,3136.92,768653,95482.0,199177.0,3163.0,3163.0,3116.5,3134.3,31798000,3447.7,2820.9,3839.9,2896.0,3117.0,97,6,3116.9,87,4,3116.8,112,5,3116.7,88,4,3116.6,76,5,3117.5,55,1,3117.6,56,1,3117.7,15,2,3118.0,200,1,3118.1,14,1
2031,2026-06-16 10:03:04+05:30,3116.8,200,3136.92,768653,95482.0,199177.0,3163.0,3163.0,3116.5,3134.3,31798000,3447.7,2820.9,3839.9,2896.0,3117.0,97,6,3116.9,87,4,3116.8,112,5,3116.7,88,4,3116.6,76,5,3117.5,55,1,3117.6,56,1,3117.7,15,2,3118.0,200,1,3118.1,14,1
2031,2026-06-16 10:03:04+05:30,3116.8,200,3136.9,769411,93441.0,198541.0,3163.0,3163.0,3116.5,3134.3,31798000,3447.7,2820.9,3839.9,2896.0,3116.8,53,4,3116.7,135,6,3116.6,92,4,3116.5,44,3,3116.4,47,2,3117.5,111,2,3117.7,15,2,3118.0,200,1,3118.1,18,2,3118.2,192,2
2031,2026-06-16 10:03:05+05:30,3116.7,19,3136.9,769411,93441.0,198541.0,3163.0,3163.0,3116.5,3134.3,31798000,3447.7,2820.9,3839.9,2896.0,3116.8,53,4,3116.7,135,6,3116.6,92,4,3116.5,44,3,3116.4,47,2,3117.5,111,2,3117.7,15,2,3118.0,200,1,3118.1,18,2,3118.2,192,2
2031,2026-06-16 10:03:05+05:30,3116.7,46,3136.9,769739,93443.0,199082.0,3163.0,3163.0,3116.5,3134.3,31798000,3447.7,2820.9,3839.9,2896.0,3116.7,39,2,3116.6,10,1,3116.5,63,4,3116.3,121,4,3116.2,39,2,3116.8,20,1,3116.9,401,3,3117.5,31,2,3117.7,15,2,3117.8,84,2
2031,2026-06-16 10:03:06+05:30,3117.0,139,3136.9,769739,93443.0,199082.0,3163.0,3163.0,3116.5,3134.3,31798000,3447.7,2820.9,3839.9,2896.0,3116.7,39,2,3116.6,10,1,3116.5,63,4,3116.3,121,4,3116.2,39,2,3116.8,20,1,3116.9,401,3,3117.5,31,2,3117.7,15,2,3117.8,84,2
2031,2026-06-16 10:03:06+05:30,3117.0,139,3136.88,770324,93894.0,198438.0,3163.0,3163.0,3116.5,3134.3,31798000,3447.7,2820.9,3839.9,2896.0,3117.0,25,2,3116.9,114,6,3116.8,89,6,3116.7,121,5,3116.6,77,3,3117.5,31,2,3117.7,15,2,3118.0,266,2,3118.1,46,2,3118.2,22,1
2031,2026-06-16 10:03:07+05:30,3117.5,1,3136.88,770324,93894.0,198438.0,3163.0,3163.0,3116.5,3134.3,31798000,3447.7,2820.9,3839.9,2896.0,3117.0,25,2,3116.9,114,6,3116.8,89,6,3116.7,121,5,3116.6,77,3,3117.5,31,2,3117.7,15,2,3118.0,266,2,3118.1,46,2,3118.2,22,1
2031,2026-06-16 10:03:08+05:30,3117.0,8,3136.88,770350,93630.0,198580.0,3163.0,3163.0,3116.5,3134.3,31798000,3447.7,2820.9,3839.9,2896.0,3116.9,29,2,3116.8,47,4,3116.7,74,4,3116.6,10,1,3116.5,44,3,3117.5,69,5,3117.7,15,2,3117.9,10,1,3118.0,269,3,3118.1,65,3
2031,2026-06-16 10:03:08+05:30,3117.0,8,3136.88,770350,93630.0,198580.0,3163.0,3163.0,3116.5,3134.3,31798000,3447.7,2820.9,3839.9,2896.0,3116.9,29,2,3116.8,47,4,3116.7,74,4,3116.6,10,1,3116.5,44,3,3117.5,69,5,3117.7,15,2,3117.9,10,1,3118.0,269,3,3118.1,65,3
2031,2026-06-16 10:03:09+05:30,3117.0,8,3136.88,770350,94555.0,199554.0,3163.0,3163.0,3116.5,3134.3,31798000,3447.7,2820.9,3839.9,2896.0,3117.2,10,1,3117.0,1000,1,3116.9,42,1,3116.8,4,1,3116.7,49,2,3117.5,69,5,3117.7,15,2,3117.9,10,1,3118.0,269,3,3118.1,46,2
2031,2026-06-16 10:03:10+05:30,3117.5,8,3136.88,770452,94502.0,199419.0,3163.0,3163.0,3116.5,3134.3,31798000,3447.7,2820.9,3839.9,2896.0,3117.0,1000,1,3116.9,42,1,3116.8,4,1,3116.7,49,2,3116.5,43,2,3117.5,263,7,3117.7,51,3,3117.9,51,3,3118.0,300,4,3118.1,108,4
2031,2026-06-16 10:03:10+05:30,3117.0,43,3136.88,770452,94502.0,199419.0,3163.0,3163.0,3116.5,3134.3,31798000,3447.7,2820.9,3839.9,2896.0,3117.0,1000,1,3116.9,42,1,3116.8,4,1,3116.7,49,2,3116.5,43,2,3117.5,263,7,3117.7,51,3,3117.9,51,3,3118.0,300,4,3118.1,108,4
2031,2026-06-16 10:03:11+05:30,3117.2,17,3136.88,770537,94459.0,199521.0,3163.0,3163.0,3116.5,3134.3,31798000,3447.7,2820.9,3839.9,2896.0,3117.0,1158,2,3116.9,43,2,3116.8,4,1,3116.7,49,2,3116.5,43,2,3117.4,67,4,3117.5,323,9,3117.6,23,1,3117.7,37,3,3117.8,19,1
2031,2026-06-16 10:03:11+05:30,3117.2,17,3136.88,770537,94459.0,199521.0,3163.0,3163.0,3116.5,3134.3,31798000,3447.7,2820.9,3839.9,2896.0,3117.0,1158,2,3116.9,43,2,3116.8,4,1,3116.7,49,2,3116.5,43,2,3117.4,67,4,3117.5,323,9,3117.6,23,1,3117.7,37,3,3117.8,19,1
2031,2026-06-16 10:03:12+05:30,3117.2,6,3136.88,770537,94459.0,199521.0,3163.0,3163.0,3116.5,3134.3,31798000,3447.7,2820.9,3839.9,2896.0,3117.0,1158,2,3116.9,43,2,3116.8,4,1,3116.7,49,2,3116.5,43,2,3117.4,67,4,3117.5,323,9,3117.6,23,1,3117.7,37,3,3117.8,19,1
2031,2026-06-16 10:03:12+05:30,3117.4,1,3136.87,770547,94561.0,199911.0,3163.0,3163.0,3116.5,3134.3,31798000,3447.7,2820.9,3839.9,2896.0,3117.2,2,1,3117.0,1180,3,3116.9,43,2,3116.8,4,1,3116.7,49,2,3117.4,82,6,3117.5,264,7,3117.6,23,1,3117.7,90,3,3117.8,38,2
2031,2026-06-16 10:03:13+05:30,3117.2,1,3136.87,770547,94561.0,199911.0,3163.0,3163.0,3116.5,3134.3,31798000,3447.7,2820.9,3839.9,2896.0,3117.2,2,1,3117.0,1180,3,3116.9,43,2,3116.8,4,1,3116.7,49,2,3117.4,82,6,3117.5,264,7,3117.6,23,1,3117.7,90,3,3117.8,38,2
2031,2026-06-16 10:03:13+05:30,3117.2,1,3136.87,770559,94642.0,199856.0,3163.0,3163.0,3116.5,3134.3,31798000,3447.7,2820.9,3839.9,2896.0,3117.2,51,2,3117.0,1180,3,3116.9,43,2,3116.8,4,1,3116.7,49,2,3117.4,64,6,3117.5,269,8,3117.6,23,1,3117.7,94,3,3117.8,38,2
2031,2026-06-16 10:03:14+05:30,3117.4,18,3136.87,770559,94642.0,199856.0,3163.0,3163.0,3116.5,3134.3,31798000,3447.7,2820.9,3839.9,2896.0,3117.2,51,2,3117.0,1180,3,3116.9,43,2,3116.8,4,1,3116.7,49,2,3117.4,64,6,3117.5,269,8,3117.6,23,1,3117.7,94,3,3117.8,38,2
2031,2026-06-16 10:03:14+05:30,3117.0,45,3136.85,771330,93505.0,197400.0,3163.0,3163.0,3116.5,3134.3,31798000,3447.7,2820.9,3839.9,2896.0,3117.0,156,1,3116.9,43,2,3116.8,4,1,3116.7,49,2,3116.5,43,2,3117.5,271,8,3117.7,42,3,3117.8,42,1,3117.9,56,2,3118.0,448,7
2031,2026-06-16 10:03:15+05:30,3117.0,45,3136.85,771330,93505.0,197400.0,3163.0,3163.0,3116.5,3134.3,31798000,3447.7,2820.9,3839.9,2896.0,3117.0,156,1,3116.9,43,2,3116.8,4,1,3116.7,49,2,3116.5,43,2,3117.5,271,8,3117.7,42,3,3117.8,42,1,3117.9,56,2,3118.0,448,7
2031,2026-06-16 10:03:15+05:30,3117.4,6,3136.85,771336,93536.0,199922.0,3163.0,3163.0,3116.5,3134.3,31798000,3447.7,2820.9,3839.9,2896.0,3117.3,2,2,3117.0,157,2,3116.9,43,2,3116.8,4,1,3116.7,49,2,3117.5,240,6,3117.7,14,1,3117.9,58,2,3118.0,370,5,3118.1,167,5
2031,2026-06-16 10:03:16+05:30,3117.4,6,3136.85,771336,93536.0,199922.0,3163.0,3163.0,3116.5,3134.3,31798000,3447.7,2820.9,3839.9,2896.0,3117.3,2,2,3117.0,157,2,3116.9,43,2,3116.8,4,1,3116.7,49,2,3117.5,240,6,3117.7,14,1,3117.9,58,2,3118.0,370,5,3118.1,167,5
2031,2026-06-16 10:03:16+05:30,3117.4,1,3136.85,771344,93530.0,199561.0,3163.0,3163.0,3116.5,3134.3,31798000,3447.7,2820.9,3839.9,2896.0,3117.0,154,2,3116.9,43,2,3116.8,4,1,3116.7,49,2,3116.5,43,2,3117.4,271,5,3117.5,154,7,3117.6,28,2,3117.7,14,1,3117.8,83,3
2031,2026-06-16 10:03:17+05:30,3117.4,16,3136.85,771344,93530.0,199561.0,3163.0,3163.0,3116.5,3134.3,31798000,3447.7,2820.9,3839.9,2896.0,3117.0,154,2,3116.9,43,2,3116.8,4,1,3116.7,49,2,3116.5,43,2,3117.4,271,5,3117.5,154,7,3117.6,28,2,3117.7,14,1,3117.8,83,3
2031,2026-06-16 10:03:17+05:30,3117.2,1,3136.85,771361,93678.0,200662.0,3163.0,3163.0,3116.5,3134.3,31798000,3447.7,2820.9,3839.9,2896.0,3117.0,192,4,3116.9,43,2,3116.8,4,1,3116.7,68,2,3116.5,43,2,3117.2,199,1,3117.4,69,5,3117.5,128,6,3117.6,9,1,3117.7,14,1
2031,2026-06-16 10:03:18+05:30,3117.2,1,3136.85,771361,93678.0,200662.0,3163.0,3163.0,3116.5,3134.3,31798000,3447.7,2820.9,3839.9,2896.0,3117.0,192,4,3116.9,43,2,3116.8,4,1,3116.7,68,2,3116.5,43,2,3117.2,199,1,3117.4,69,5,3117.5,128,6,3117.6,9,1,3117.7,14,1
2031,2026-06-16 10:03:18+05:30,3117.2,1,3136.85,771361,93678.0,200662.0,3163.0,3163.0,3116.5,3134.3,31798000,3447.7,2820.9,3839.9,2896.0,3117.0,192,4,3116.9,43,2,3116.8,4,1,3116.7,68,2,3116.5,43,2,3117.2,199,1,3117.4,69,5,3117.5,128,6,3117.6,9,1,3117.7,14,1
2031,2026-06-16 10:03:18+05:30,3117.0,26,3136.84,771745,93438.0,200497.0,3163.0,3163.0,3116.5,3134.3,31798000,3447.7,2820.9,3839.9,2896.0,3117.0,76,5,3116.9,43,2,3116.8,4,1,3116.7,42,1,3116.5,43,2,3117.2,3,1,3117.3,235,2,3117.4,35,3,3117.5,138,6,3117.6,36,1
2031,2026-06-16 10:03:19+05:30,3117.0,1,3136.84,771745,93438.0,200497.0,3163.0,3163.0,3116.5,3134.3,31798000,3447.7,2820.9,3839.9,2896.0,3117.0,76,5,3116.9,43,2,3116.8,4,1,3116.7,42,1,3116.5,43,2,3117.2,3,1,3117.3,235,2,3117.4,35,3,3117.5,138,6,3117.6,36,1
2031,2026-06-16 10:03:19+05:30,3117.0,1,3136.84,771821,93476.0,199214.0,3163.0,3163.0,3116.5,3134.3,31798000,3447.7,2820.9,3839.9,2896.0,3117.0,102,5,3116.9,43,2,3116.8,4,1,3116.7,42,1,3116.5,43,2,3117.2,1,1,3117.4,232,3,3117.5,123,5,3117.7,14,1,3117.9,22,1
2031,2026-06-16 10:03:19+05:30,3117.0,1,3136.84,771821,93476.0,199214.0,3163.0,3163.0,3116.5,3134.3,31798000,3447.7,2820.9,3839.9,2896.0,3117.0,102,5,3116.9,43,2,3116.8,4,1,3116.7,42,1,3116.5,43,2,3117.2,1,1,3117.4,232,3,3117.5,123,5,3117.7,14,1,3117.9,22,1
2031,2026-06-16 10:03:20+05:30,3117.2,25,3136.84,771821,93476.0,199214.0,3163.0,3163.0,3116.5,3134.3,31798000,3447.7,2820.9,3839.9,2896.0,3117.0,102,5,3116.9,43,2,3116.8,4,1,3116.7,42,1,3116.5,43,2,3117.2,1,1,3117.4,232,3,3117.5,123,5,3117.7,14,1,3117.9,22,1
2031,2026-06-16 10:03:20+05:30,3117.0,16,3136.84,771946,93352.0,199370.0,3163.0,3163.0,3116.5,3134.3,31798000,3447.7,2820.9,3839.9,2896.0,3117.0,86,5,3116.9,43,2,3116.8,4,1,3116.7,42,1,3116.5,43,2,3117.4,206,2,3117.5,123,5,3117.7,50,2,3117.9,22,1,3118.0,544,8
2031,2026-06-16 10:03:21+05:30,3117.0,12,3136.84,771946,93352.0,199370.0,3163.0,3163.0,3116.5,3134.3,31798000,3447.7,2820.9,3839.9,2896.0,3117.0,86,5,3116.9,43,2,3116.8,4,1,3116.7,42,1,3116.5,43,2,3117.4,206,2,3117.5,123,5,3117.7,50,2,3117.9,22,1,3118.0,544,8
2031,2026-06-16 10:03:21+05:30,3117.0,12,3136.84,771946,93352.0,199370.0,3163.0,3163.0,3116.5,3134.3,31798000,3447.7,2820.9,3839.9,2896.0,3117.0,86,5,3116.9,43,2,3116.8,4,1,3116.7,42,1,3116.5,43,2,3117.4,206,2,3117.5,123,5,3117.7,50,2,3117.9,22,1,3118.0,544,8
2031,2026-06-16 10:03:21+05:30,3117.0,12,3136.83,772146,93138.0,200496.0,3163.0,3163.0,3116.5,3134.3,31798000,3447.7,2820.9,3839.9,2896.0,3117.0,90,5,3116.9,43,2,3116.8,4,1,3116.7,42,1,3116.5,43,2,3117.2,199,1,3117.4,29,2,3117.5,138,6,3117.6,94,2,3117.7,125,4
2031,2026-06-16 10:03:22+05:30,3117.0,4,3136.83,772146,93138.0,200496.0,3163.0,3163.0,3116.5,3134.3,31798000,3447.7,2820.9,3839.9,2896.0,3117.0,90,5,3116.9,43,2,3116.8,4,1,3116.7,42,1,3116.5,43,2,3117.2,199,1,3117.4,29,2,3117.5,138,6,3117.6,94,2,3117.7,125,4
2031,2026-06-16 10:03:22+05:30,3117.0,4,3136.83,772150,93427.0,200247.0,3163.0,3163.0,3116.5,3134.3,31798000,3447.7,2820.9,3839.9,2896.0,3117.0,86,5,3116.9,43,2,3116.8,4,1,3116.7,42,1,3116.5,43,2,3117.3,199,1,3117.4,16,2,3117.5,123,5,3117.7,36,1,3117.9,103,3
2031,2026-06-16 10:03:23+05:30,3117.0,4,3136.83,772150,93427.0,200247.0,3163.0,3163.0,3116.5,3134.3,31798000,3447.7,2820.9,3839.9,2896.0,3117.0,86,5,3116.9,43,2,3116.8,4,1,3116.7,42,1,3116.5,43,2,3117.3,199,1,3117.4,16,2,3117.5,123,5,3117.7,36,1,3117.9,103,3
2031,2026-06-16 10:03:23+05:30,3117.3,1,3136.83,772150,93427.0,200247.0,3163.0,3163.0,3116.5,3134.3,31798000,3447.7,2820.9,3839.9,2896.0,3117.0,86,5,3116.9,43,2,3116.8,4,1,3116.7,42,1,3116.5,43,2,3117.3,199,1,3117.4,16,2,3117.5,123,5,3117.7,36,1,3117.9,103,3
2031,2026-06-16 10:03:24+05:30,3117.0,12,3136.83,772357,93182.0,200084.0,3163.0,3163.0,3116.5,3134.3,31798000,3447.7,2820.9,3839.9,2896.0,3117.0,90,5,3116.9,43,2,3116.8,4,1,3116.7,42,1,3116.5,43,2,3117.3,193,2,3117.4,16,2,3117.5,174,7,3117.7,22,1,3117.8,36,1
2031,2026-06-16 10:03:24+05:30,3117.4,1,3136.83,772357,93182.0,200084.0,3163.0,3163.0,3116.5,3134.3,31798000,3447.7,2820.9,3839.9,2896.0,3117.0,90,5,3116.9,43,2,3116.8,4,1,3116.7,42,1,3116.5,43,2,3117.3,193,2,3117.4,16,2,3117.5,174,7,3117.7,22,1,3117.8,36,1
2031,2026-06-16 10:03:25+05:30,3117.4,1,3136.83,772357,93182.0,200084.0,3163.0,3163.0,3116.5,3134.3,31798000,3447.7,2820.9,3839.9,2896.0,3117.0,90,5,3116.9,43,2,3116.8,4,1,3116.7,42,1,3116.5,43,2,3117.3,193,2,3117.4,16,2,3117.5,174,7,3117.7,22,1,3117.8,36,1
2031,2026-06-16 10:03:25+05:30,3116.5,2,3136.8,773295,92117.0,200552.0,3163.0,3163.0,3116.5,3134.3,31798000,3447.7,2820.9,3839.9,2896.0,3116.3,3,1,3116.0,239,5,3115.5,55,2,3115.4,6,1,3115.3,1,1,3116.6,63,4,3116.7,55,3,3116.8,117,6,3116.9,419,3,3117.0,457,7
2031,2026-06-16 10:03:25+05:30,3116.3,3,3136.8,773295,92117.0,200552.0,3163.0,3163.0,3116.5,3134.3,31798000,3447.7,2820.9,3839.9,2896.0,3116.3,3,1,3116.0,239,5,3115.5,55,2,3115.4,6,1,3115.3,1,1,3116.6,63,4,3116.7,55,3,3116.8,117,6,3116.9,419,3,3117.0,457,7
2031,2026-06-16 10:03:26+05:30,3116.3,9,3136.8,773317,92283.0,200478.0,3163.0,3163.0,3116.3,3134.3,31798000,3447.7,2820.9,3839.9,2896.0,3116.0,239,5,3115.5,55,2,3115.4,6,1,3115.3,1,1,3115.2,50,1,3116.3,199,1,3116.4,45,4,3116.5,200,1,3116.6,88,4,3116.7,58,2
2031,2026-06-16 10:03:26+05:30,3116.3,9,3136.8,773317,92283.0,200478.0,3163.0,3163.0,3116.3,3134.3,31798000,3447.7,2820.9,3839.9,2896.0,3116.0,239,5,3115.5,55,2,3115.4,6,1,3115.3,1,1,3115.2,50,1,3116.3,199,1,3116.4,45,4,3116.5,200,1,3116.6,88,4,3116.7,58,2
2031,2026-06-16 10:03:26+05:30,3116.3,9,3136.8,773317,92283.0,200478.0,3163.0,3163.0,3116.3,3134.3,31798000,3447.7,2820.9,3839.9,2896.0,3116.0,239,5,3115.5,55,2,3115.4,6,1,3115.3,1,1,3115.2,50,1,3116.3,199,1,3116.4,45,4,3116.5,200,1,3116.6,88,4,3116.7,58,2
2031,2026-06-16 10:03:27+05:30,3116.3,9,3136.8,773317,92821.0,200672.0,3163.0,3163.0,3116.3,3134.3,31798000,3447.7,2820.9,3839.9,2896.0,3116.0,263,7,3115.5,55,2,3115.4,6,1,3115.3,109,3,3115.2,90,3,3116.3,233,3,3116.4,15,2,3116.6,219,2,3116.7,1,1,3116.8,28,2
2031,2026-06-16 10:03:28+05:30,3116.3,9,3136.8,773317,92821.0,200672.0,3163.0,3163.0,3116.3,3134.3,31798000,3447.7,2820.9,3839.9,2896.0,3116.0,263,7,3115.5,55,2,3115.4,6,1,3115.3,109,3,3115.2,90,3,3116.3,233,3,3116.4,15,2,3116.6,219,2,3116.7,1,1,3116.8,28,2
2031,2026-06-16 10:03:28+05:30,3116.3,1,3136.8,773317,92821.0,200672.0,3163.0,3163.0,3116.3,3134.3,31798000,3447.7,2820.9,3839.9,2896.0,3116.0,263,7,3115.5,55,2,3115.4,6,1,3115.3,109,3,3115.2,90,3,3116.3,233,3,3116.4,15,2,3116.6,219,2,3116.7,1,1,3116.8,28,2
2031,2026-06-16 10:03:28+05:30,3116.3,1,3136.8,773475,92505.0,200521.0,3163.0,3163.0,3116.0,3134.3,31798000,3447.7,2820.9,3839.9,2896.0,3116.0,116,4,3115.5,55,2,3115.4,6,1,3115.3,1,1,3115.2,90,3,3116.3,222,3,3116.4,15,2,3116.6,219,2,3116.7,1,1,3116.8,170,4
2031,2026-06-16 10:03:28+05:30,3116.3,1,3136.8,773475,92505.0,200521.0,3163.0,3163.0,3116.0,3134.3,31798000,3447.7,2820.9,3839.9,2896.0,3116.0,116,4,3115.5,55,2,3115.4,6,1,3115.3,1,1,3115.2,90,3,3116.3,222,3,3116.4,15,2,3116.6,219,2,3116.7,1,1,3116.8,170,4
2031,2026-06-16 10:03:29+05:30,3116.3,1,3136.8,773475,92505.0,200521.0,3163.0,3163.0,3116.0,3134.3,31798000,3447.7,2820.9,3839.9,2896.0,3116.0,116,4,3115.5,55,2,3115.4,6,1,3115.3,1,1,3115.2,90,3,3116.3,222,3,3116.4,15,2,3116.6,219,2,3116.7,1,1,3116.8,170,4
2031,2026-06-16 10:03:29+05:30,3116.3,1,3136.8,773475,92829.0,199819.0,3163.0,3163.0,3116.0,3134.3,31798000,3447.7,2820.9,3839.9,2896.0,3116.0,116,4,3115.6,23,1,3115.5,81,3,3115.4,29,2,3115.3,90,3,3116.3,222,3,3116.4,15,2,3116.6,19,1,3116.7,1,1,3116.8,19,1
2031,2026-06-16 10:03:29+05:30,3116.3,1,3136.8,773475,92829.0,199819.0,3163.0,3163.0,3116.0,3134.3,31798000,3447.7,2820.9,3839.9,2896.0,3116.0,116,4,3115.6,23,1,3115.5,81,3,3115.4,29,2,3115.3,90,3,3116.3,222,3,3116.4,15,2,3116.6,19,1,3116.7,1,1,3116.8,19,1
2031,2026-06-16 10:03:30+05:30,3116.3,68,3136.8,773475,92829.0,199819.0,3163.0,3163.0,3116.0,3134.3,31798000,3447.7,2820.9,3839.9,2896.0,3116.0,116,4,3115.6,23,1,3115.5,81,3,3115.4,29,2,3115.3,90,3,3116.3,222,3,3116.4,15,2,3116.6,19,1,3116.7,1,1,3116.8,19,1
2031,2026-06-16 10:03:30+05:30,3116.3,68,3136.8,773475,92829.0,199819.0,3163.0,3163.0,3116.0,3134.3,31798000,3447.7,2820.9,3839.9,2896.0,3116.0,116,4,3115.6,23,1,3115.5,81,3,3115.4,29,2,3115.3,90,3,3116.3,222,3,3116.4,15,2,3116.6,19,1,3116.7,1,1,3116.8,19,1
2031,2026-06-16 10:03:30+05:30,3116.3,68,3136.78,774204,93950.0,196384.0,3163.0,3163.0,3116.0,3134.3,31798000,3447.7,2820.9,3839.9,2896.0,3116.3,84,6,3116.2,33,5,3116.1,32,3,3116.0,129,4,3115.9,13,1,3116.9,200,1,3117.0,216,2,3117.4,6,1,3117.5,33,2,3117.6,31,2
2031,2026-06-16 10:03:31+05:30,3116.3,68,3136.78,774204,93950.0,196384.0,3163.0,3163.0,3116.0,3134.3,31798000,3447.7,2820.9,3839.9,2896.0,3116.3,84,6,3116.2,33,5,3116.1,32,3,3116.0,129,4,3115.9,13,1,3116.9,200,1,3117.0,216,2,3117.4,6,1,3117.5,33,2,3117.6,31,2
2031,2026-06-16 10:03:31+05:30,3116.3,14,3136.78,774204,93950.0,196384.0,3163.0,3163.0,3116.0,3134.3,31798000,3447.7,2820.9,3839.9,2896.0,3116.3,84,6,3116.2,33,5,3116.1,32,3,3116.0,129,4,3115.9,13,1,3116.9,200,1,3117.0,216,2,3117.4,6,1,3117.5,33,2,3117.6,31,2
2031,2026-06-16 10:03:31+05:30,3116.3,14,3136.78,774218,94124.0,198669.0,3163.0,3163.0,3116.0,3134.3,31798000,3447.7,2820.9,3839.9,2896.0,3116.6,19,1,3116.5,119,6,3116.4,74,4,3116.3,98,6,3116.2,74,6,3116.9,200,1,3117.0,216,2,3117.4,6,1,3117.5,33,2,3117.6,11,1
2031,2026-06-16 10:03:32+05:30,3116.3,14,3136.78,774218,94124.0,198669.0,3163.0,3163.0,3116.0,3134.3,31798000,3447.7,2820.9,3839.9,2896.0,3116.6,19,1,3116.5,119,6,3116.4,74,4,3116.3,98,6,3116.2,74,6,3116.9,200,1,3117.0,216,2,3117.4,6,1,3117.5,33,2,3117.6,11,1
2031,2026-06-16 10:03:32+05:30,3117.3,10,3136.78,774218,94124.0,198669.0,3163.0,3163.0,3116.0,3134.3,31798000,3447.7,2820.9,3839.9,2896.0,3116.6,19,1,3116.5,119,6,3116.4,74,4,3116.3,98,6,3116.2,74,6,3116.9,200,1,3117.0,216,2,3117.4,6,1,3117.5,33,2,3117.6,11,1
2031,2026-06-16 10:03:32+05:30,3117.3,14,3136.76,775043,95800.0,196157.0,3163.0,3163.0,3116.0,3134.3,31798000,3447.7,2820.9,3839.9,2896.0,3117.3,10,1,3117.2,142,6,3117.1,114,4,3117.0,138,4,3116.9,93,5,3118.0,116,2,3118.3,14,1,3118.6,20,1,3118.8,91,2,3118.9,20,2
2031,2026-06-16 10:03:33+05:30,3117.3,14,3136.76,775043,95800.0,196157.0,3163.0,3163.0,3116.0,3134.3,31798000,3447.7,2820.9,3839.9,2896.0,3117.3,10,1,3117.2,142,6,3117.1,114,4,3117.0,138,4,3116.9,93,5,3118.0,116,2,3118.3,14,1,3118.6,20,1,3118.8,91,2,3118.9,20,2
2031,2026-06-16 10:03:33+05:30,3117.3,1,3136.76,775043,95800.0,196157.0,3163.0,3163.0,3116.0,3134.3,31798000,3447.7,2820.9,3839.9,2896.0,3117.3,10,1,3117.2,142,6,3117.1,114,4,3117.0,138,4,3116.9,93,5,3118.0,116,2,3118.3,14,1,3118.6,20,1,3118.8,91,2,3118.9,20,2
2031,2026-06-16 10:03:33+05:30,3117.3,1,3136.76,775043,95800.0,196157.0,3163.0,3163.0,3116.0,3134.3,31798000,3447.7,2820.9,3839.9,2896.0,3117.3,10,1,3117.2,142,6,3117.1,114,4,3117.0,138,4,3116.9,93,5,3118.0,116,2,3118.3,14,1,3118.6,20,1,3118.8,91,2,3118.9,20,2
2031,2026-06-16 10:03:33+05:30,3118.0,1,3136.76,775045,95796.0,196263.0,3163.0,3163.0,3116.0,3134.3,31798000,3447.7,2820.9,3839.9,2896.0,3117.3,62,4,3117.2,86,4,3117.1,114,4,3117.0,165,6,3116.9,109,6,3118.0,115,2,3118.6,20,1,3118.8,91,2,3118.9,1,1,3119.0,194,4
2031,2026-06-16 10:03:34+05:30,3118.0,1,3136.76,775045,95796.0,196263.0,3163.0,3163.0,3116.0,3134.3,31798000,3447.7,2820.9,3839.9,2896.0,3117.3,62,4,3117.2,86,4,3117.1,114,4,3117.0,165,6,3116.9,109,6,3118.0,115,2,3118.6,20,1,3118.8,91,2,3118.9,1,1,3119.0,194,4
2031,2026-06-16 10:03:34+05:30,3118.0,1,3136.76,775045,95796.0,196263.0,3163.0,3163.0,3116.0,3134.3,31798000,3447.7,2820.9,3839.9,2896.0,3117.3,62,4,3117.2,86,4,3117.1,114,4,3117.0,165,6,3116.9,109,6,3118.0,115,2,3118.6,20,1,3118.8,91,2,3118.9,1,1,3119.0,194,4
2031,2026-06-16 10:03:35+05:30,3117.3,1,3136.76,775055,96177.0,196992.0,3163.0,3163.0,3116.0,3134.3,31798000,3447.7,2820.9,3839.9,2896.0,3117.3,83,4,3117.2,58,3,3117.1,173,5,3117.0,165,6,3116.9,109,6,3118.0,147,4,3118.6,20,1,3118.8,91,2,3118.9,1,1,3119.0,191,3
2031,2026-06-16 10:03:35+05:30,3117.3,1,3136.76,775055,96177.0,196992.0,3163.0,3163.0,3116.0,3134.3,31798000,3447.7,2820.9,3839.9,2896.0,3117.3,83,4,3117.2,58,3,3117.1,173,5,3117.0,165,6,3116.9,109,6,3118.0,147,4,3118.6,20,1,3118.8,91,2,3118.9,1,1,3119.0,191,3
2031,2026-06-16 10:03:35+05:30,3117.7,6,3136.76,775055,96177.0,196992.0,3163.0,3163.0,3116.0,3134.3,31798000,3447.7,2820.9,3839.9,2896.0,3117.3,83,4,3117.2,58,3,3117.1,173,5,3117.0,165,6,3116.9,109,6,3118.0,147,4,3118.6,20,1,3118.8,91,2,3118.9,1,1,3119.0,191,3
2031,2026-06-16 10:03:36+05:30,3117.3,10,3136.75,775337,96262.0,197158.0,3163.0,3163.0,3116.0,3134.3,31798000,3447.7,2820.9,3839.9,2896.0,3117.3,21,1,3117.0,200,1,3116.9,16,1,3116.7,16,1,3116.6,3,1,3118.0,214,7,3118.4,84,1,3118.5,37,1,3118.6,118,2,3118.7,63,2
2031,2026-06-16 10:03:36+05:30,3117.3,10,3136.75,775337,96262.0,197158.0,3163.0,3163.0,3116.0,3134.3,31806200,3447.7,2820.9,3839.9,2896.0,3117.3,21,1,3117.0,200,1,3116.9,16,1,3116.7,16,1,3116.6,3,1,3118.0,214,7,3118.4,84,1,3118.5,37,1,3118.6,118,2,3118.7,63,2
2031,2026-06-16 10:03:36+05:30,3118.0,1,3136.75,775337,96262.0,197158.0,3163.0,3163.0,3116.0,3134.3,31806200,3447.7,2820.9,3839.9,2896.0,3117.3,21,1,3117.0,200,1,3116.9,16,1,3116.7,16,1,3116.6,3,1,3118.0,214,7,3118.4,84,1,3118.5,37,1,3118.6,118,2,3118.7,63,2
2031,2026-06-16 10:03:37+05:30,3118.0,37,3136.75,775389,96379.0,197492.0,3163.0,3163.0,3116.0,3134.3,31806200,3447.7,2820.9,3839.9,2896.0,3117.3,21,1,3117.0,240,3,3116.7,19,1,3116.5,50,2,3116.4,39,2,3118.0,164,7,3118.1,25,1,3118.2,143,2,3118.3,274,4,3118.4,70,1
2031,2026-06-16 10:03:37+05:30,3118.0,37,3136.75,775389,96379.0,197492.0,3163.0,3163.0,3116.0,3134.3,31806200,3447.7,2820.9,3839.9,2896.0,3117.3,21,1,3117.0,240,3,3116.7,19,1,3116.5,50,2,3116.4,39,2,3118.0,164,7,3118.1,25,1,3118.2,143,2,3118.3,274,4,3118.4,70,1
2031,2026-06-16 10:03:38+05:30,3118.0,12,3136.75,775401,96557.0,197548.0,3163.0,3163.0,3116.0,3134.3,31806200,3447.7,2820.9,3839.9,2896.0,3117.3,57,3,3117.0,200,1,3116.7,19,1,3116.5,50,2,3116.4,39,2,3118.0,162,8,3118.1,5,1,3118.3,358,5,3118.4,70,1,3118.5,146,3
2031,2026-06-16 10:03:38+05:30,3117.6,20,3136.75,775401,96557.0,197548.0,3163.0,3163.0,3116.0,3134.3,31806200,3447.7,2820.9,3839.9,2896.0,3117.3,57,3,3117.0,200,1,3116.7,19,1,3116.5,50,2,3116.4,39,2,3118.0,162,8,3118.1,5,1,3118.3,358,5,3118.4,70,1,3118.5,146,3
2031,2026-06-16 10:03:39+05:30,3118.0,1,3136.75,775422,97058.0,197422.0,3163.0,3163.0,3116.0,3134.3,31806200,3447.7,2820.9,3839.9,2896.0,3117.6,11,1,3117.3,57,3,3117.1,37,1,3117.0,219,2,3116.8,138,4,3118.0,210,8,3118.1,5,1,3118.5,284,2,3118.6,72,2,3118.8,107,3
2031,2026-06-16 10:03:39+05:30,3118.0,1,3136.75,775422,97058.0,197422.0,3163.0,3163.0,3116.0,3134.3,31806200,3447.7,2820.9,3839.9,2896.0,3117.6,11,1,3117.3,57,3,3117.1,37,1,3117.0,219,2,3116.8,138,4,3118.0,210,8,3118.1,5,1,3118.5,284,2,3118.6,72,2,3118.8,107,3
2031,2026-06-16 10:03:40+05:30,3118.0,3,3136.75,775431,97063.0,197505.0,3163.0,3163.0,3116.0,3134.3,31806200,3447.7,2820.9,3839.9,2896.0,3117.6,11,1,3117.3,57,3,3117.1,37,1,3117.0,289,3,3116.8,138,4,3118.0,207,8,3118.1,5,1,3118.5,284,2,3118.6,72,2,3118.8,166,4
2031,2026-06-16 10:03:40+05:30,3118.0,5,3136.75,775431,97063.0,197505.0,3163.0,3163.0,3116.0,3134.3,31806200,3447.7,2820.9,3839.9,2896.0,3117.6,11,1,3117.3,57,3,3117.1,37,1,3117.0,289,3,3116.8,138,4,3118.0,207,8,3118.1,5,1,3118.5,284,2,3118.6,72,2,3118.8,166,4
2031,2026-06-16 10:03:41+05:30,3118.0,5,3136.75,775436,97389.0,197242.0,3163.0,3163.0,3116.0,3134.3,31806200,3447.7,2820.9,3839.9,2896.0,3117.9,21,1,3117.6,104,5,3117.5,16,1,3117.4,75,3,3117.3,112,4,3118.0,202,8,3118.1,5,1,3118.6,200,1,3118.8,21,1,3118.9,71,2
2031,2026-06-16 10:03:42+05:30,3117.6,6,3136.75,775436,97389.0,197242.0,3163.0,3163.0,3116.0,3134.3,31806200,3447.7,2820.9,3839.9,2896.0,3117.9,21,1,3117.6,104,5,3117.5,16,1,3117.4,75,3,3117.3,112,4,3118.0,202,8,3118.1,5,1,3118.6,200,1,3118.8,21,1,3118.9,71,2
2031,2026-06-16 10:03:42+05:30,3117.6,6,3136.74,775775,97585.0,197372.0,3163.0,3163.0,3116.0,3134.3,31806200,3447.7,2820.9,3839.9,2896.0,3117.6,5,1,3117.3,107,4,3117.2,26,1,3117.1,29,1,3117.0,558,6,3118.0,234,10,3118.1,5,1,3118.5,200,1,3118.8,21,1,3118.9,205,4
2031,2026-06-16 10:03:43+05:30,3118.0,1,3136.74,775775,97585.0,197372.0,3163.0,3163.0,3116.0,3134.3,31806200,3447.7,2820.9,3839.9,2896.0,3117.6,5,1,3117.3,107,4,3117.2,26,1,3117.1,29,1,3117.0,558,6,3118.0,234,10,3118.1,5,1,3118.5,200,1,3118.8,21,1,3118.9,205,4
2031,2026-06-16 10:03:43+05:30,3118.0,1,3136.74,775776,97799.0,197336.0,3163.0,3163.0,3116.0,3134.3,31806200,3447.7,2820.9,3839.9,2896.0,3117.6,5,1,3117.3,81,4,3117.2,63,2,3117.1,29,1,3117.0,558,6,3118.0,205,9,3118.1,5,1,3118.5,200,1,3118.8,21,1,3118.9,205,4
2031,2026-06-16 10:03:44+05:30,3118.0,1,3136.74,775776,97799.0,197336.0,3163.0,3163.0,3116.0,3134.3,31806200,3447.7,2820.9,3839.9,2896.0,3117.6,5,1,3117.3,81,4,3117.2,63,2,3117.1,29,1,3117.0,558,6,3118.0,205,9,3118.1,5,1,3118.5,200,1,3118.8,21,1,3118.9,205,4
2031,2026-06-16 10:03:44+05:30,3118.0,1,3136.74,775780,97799.0,197085.0,3163.0,3163.0,3116.0,3134.3,31806200,3447.7,2820.9,3839.9,2896.0,3117.6,5,1,3117.3,81,4,3117.2,63,2,3117.1,29,1,3117.0,608,7,3118.0,201,9,3118.1,5,1,3118.6,200,1,3118.8,21,1,3118.9,205,4
2031,2026-06-16 10:03:45+05:30,3118.0,48,3136.74,775946,97952.0,196865.0,3163.0,3163.0,3116.0,3134.3,31806200,3447.7,2820.9,3839.9,2896.0,3117.8,2,2,3117.7,37,1,3117.6,19,1,3117.5,16,1,3117.4,136,5,3118.0,372,9,3118.1,5,1,3118.6,200,1,3118.8,21,1,3118.9,142,3
2031,2026-06-16 10:03:46+05:30,3118.0,20,3136.74,775946,97952.0,196865.0,3163.0,3163.0,3116.0,3134.3,31806200,3447.7,2820.9,3839.9,2896.0,3117.8,2,2,3117.7,37,1,3117.6,19,1,3117.5,16,1,3117.4,136,5,3118.0,372,9,3118.1,5,1,3118.6,200,1,3118.8,21,1,3118.9,142,3
2031,2026-06-16 10:03:46+05:30,3118.0,20,3136.73,776166,98117.0,196751.0,3163.0,3163.0,3116.0,3134.3,31806200,3447.7,2820.9,3839.9,2896.0,3117.8,2,2,3117.4,61,2,3117.3,87,5,3117.2,98,3,3117.1,92,3,3118.0,263,6,3118.1,5,1,3118.6,200,1,3118.8,21,1,3118.9,212,4
2031,2026-06-16 10:03:47+05:30,3118.0,20,3136.73,776166,98029.0,197117.0,3163.0,3163.0,3116.0,3134.3,31806200,3447.7,2820.9,3839.9,2896.0,3117.8,2,2,3117.6,2,1,3117.4,42,1,3117.3,62,4,3117.2,98,3,3118.0,312,7,3118.1,7,2,3118.5,200,1,3118.8,21,1,3118.9,267,6
2031,2026-06-16 10:03:48+05:30,3117.3,13,3136.73,776266,97904.0,197385.0,3163.0,3163.0,3116.0,3134.3,31806200,3447.7,2820.9,3839.9,2896.0,3117.7,24,1,3117.3,16,2,3117.2,61,2,3117.1,49,1,3117.0,521,5,3118.0,376,10,3118.1,7,2,3118.4,284,2,3118.5,36,1,3118.7,89,2
2031,2026-06-16 10:03:49+05:30,3118.0,1,3136.73,776266,97904.0,197385.0,3163.0,3163.0,3116.0,3134.3,31806200,3447.7,2820.9,3839.9,2896.0,3117.7,24,1,3117.3,16,2,3117.2,61,2,3117.1,49,1,3117.0,521,5,3118.0,376,10,3118.1,7,2,3118.4,284,2,3118.5,36,1,3118.7,89,2
2031,2026-06-16 10:03:50+05:30,3118.0,1,3136.73,776282,98237.0,197310.0,3163.0,3163.0,3116.0,3134.3,31806200,3447.7,2820.9,3839.9,2896.0,3117.7,53,3,3117.4,94,3,3117.3,87,4,3117.2,98,3,3117.1,272,3,3118.0,370,10,3118.1,7,2,3118.5,200,1,3118.8,57,2,3118.9,15,2
2031,2026-06-16 10:03:50+05:30,3118.0,1,3136.73,776282,98237.0,197310.0,3163.0,3163.0,3116.0,3134.3,31806200,3447.7,2820.9,3839.9,2896.0,3117.7,53,3,3117.4,94,3,3117.3,87,4,3117.2,98,3,3117.1,272,3,3118.0,370,10,3118.1,7,2,3118.5,200,1,3118.8,57,2,3118.9,15,2
2031,2026-06-16 10:03:51+05:30,3118.0,1,3136.73,776282,98015.0,197066.0,3163.0,3163.0,3116.0,3134.3,31806200,3447.7,2820.9,3839.9,2896.0,3117.7,39,2,3117.5,37,1,3117.3,87,4,3117.2,117,4,3117.1,107,2,3118.0,370,10,3118.1,7,2,3118.4,200,1,3118.8,57,2,3118.9,15,2
2031,2026-06-16 10:03:51+05:30,3118.0,1,3136.73,776282,98015.0,197066.0,3163.0,3163.0,3116.0,3134.3,31806200,3447.7,2820.9,3839.9,2896.0,3117.7,39,2,3117.5,37,1,3117.3,87,4,3117.2,117,4,3117.1,107,2,3118.0,370,10,3118.1,7,2,3118.4,200,1,3118.8,57,2,3118.9,15,2
2031,2026-06-16 10:03:52+05:30,3118.0,20,3136.72,776731,97483.0,197102.0,3163.0,3163.0,3116.0,3134.3,31806200,3447.7,2820.9,3839.9,2896.0,3117.3,51,5,3117.2,26,1,3117.1,87,2,3117.0,521,7,3116.9,138,3,3118.0,193,9,3118.1,7,2,3118.2,200,1,3118.5,200,1,3118.6,21,1
2031,2026-06-16 10:03:52+05:30,3118.0,20,3136.72,776731,97483.0,197102.0,3163.0,3163.0,3116.0,3134.3,31806200,3447.7,2820.9,3839.9,2896.0,3117.3,51,5,3117.2,26,1,3117.1,87,2,3117.0,521,7,3116.9,138,3,3118.0,193,9,3118.1,7,2,3118.2,200,1,3118.5,200,1,3118.6,21,1
2031,2026-06-16 10:03:53+05:30,3118.0,1,3136.72,776732,97638.0,196887.0,3163.0,3163.0,3116.0,3134.3,31806200,3447.7,2820.9,3839.9,2896.0,3117.3,99,8,3117.2,26,1,3117.1,186,4,3117.0,521,7,3116.9,188,4,3118.0,192,9,3118.1,7,2,3118.2,200,1,3118.5,200,1,3118.6,21,1
2031,2026-06-16 10:03:53+05:30,3118.0,1,3136.72,776732,97638.0,196887.0,3163.0,3163.0,3116.0,3134.3,31806200,3447.7,2820.9,3839.9,2896.0,3117.3,99,8,3117.2,26,1,3117.1,186,4,3117.0,521,7,3116.9,188,4,3118.0,192,9,3118.1,7,2,3118.2,200,1,3118.5,200,1,3118.6,21,1
2031,2026-06-16 10:03:54+05:30,3118.0,5,3136.72,776732,97638.0,196887.0,3163.0,3163.0,3116.0,3134.3,31806200,3447.7,2820.9,3839.9,2896.0,3117.3,99,8,3117.2,26,1,3117.1,186,4,3117.0,521,7,3116.9,188,4,3118.0,192,9,3118.1,7,2,3118.2,200,1,3118.5,200,1,3118.6,21,1
2031,2026-06-16 10:03:54+05:30,3118.0,5,3136.72,776739,97594.0,196929.0,3163.0,3163.0,3116.0,3134.3,31806200,3447.7,2820.9,3839.9,2896.0,3117.3,114,7,3117.2,78,2,3117.1,87,2,3117.0,568,9,3116.9,138,3,3118.0,228,11,3118.1,207,3,3118.4,200,1,3118.6,21,1,3118.8,91,2
2031,2026-06-16 10:03:55+05:30,3118.0,6,3136.72,776788,97600.0,197075.0,3163.0,3163.0,3116.0,3134.3,31806200,3447.7,2820.9,3839.9,2896.0,3117.3,109,5,3117.1,157,3,3117.0,568,9,3116.9,138,3,3116.8,234,6,3118.0,221,11,3118.1,207,3,3118.4,200,1,3118.6,21,1,3118.8,91,2
2031,2026-06-16 10:03:55+05:30,3118.0,6,3136.72,776788,97600.0,197075.0,3163.0,3163.0,3116.0,3134.3,31806200,3447.7,2820.9,3839.9,2896.0,3117.3,109,5,3117.1,157,3,3117.0,568,9,3116.9,138,3,3116.8,234,6,3118.0,221,11,3118.1,207,3,3118.4,200,1,3118.6,21,1,3118.8,91,2
2031,2026-06-16 10:03:56+05:30,3118.0,1,3136.72,776788,97600.0,197075.0,3163.0,3163.0,3116.0,3134.3,31806200,3447.7,2820.9,3839.9,2896.0,3117.3,109,5,3117.1,157,3,3117.0,568,9,3116.9,138,3,3116.8,234,6,3118.0,221,11,3118.1,207,3,3118.4,200,1,3118.6,21,1,3118.8,91,2
2031,2026-06-16 10:03:56+05:30,3118.0,1,3136.72,776789,97340.0,196765.0,3163.0,3163.0,3116.0,3134.3,31806200,3447.7,2820.9,3839.9,2896.0,3117.3,72,3,3117.0,415,3,3116.5,13,1,3116.4,126,4,3116.3,642,7,3117.9,200,1,3118.0,279,13,3118.1,262,5,3118.2,84,1,3118.3,70,1
2031,2026-06-16 10:03:57+05:30,3117.3,21,3136.72,776789,97340.0,196765.0,3163.0,3163.0,3116.0,3134.3,31806200,3447.7,2820.9,3839.9,2896.0,3117.3,72,3,3117.0,415,3,3116.5,13,1,3116.4,126,4,3116.3,642,7,3117.9,200,1,3118.0,279,13,3118.1,262,5,3118.2,84,1,3118.3,70,1
2031,2026-06-16 10:03:57+05:30,3117.3,14,3136.71,776861,97387.0,195484.0,3163.0,3163.0,3116.0,3134.3,31806200,3447.7,2820.9,3839.9,2896.0,3117.3,47,2,3117.0,431,4,3116.5,13,1,3116.4,126,4,3116.3,642,7,3117.8,200,1,3117.9,25,1,3118.0,290,13,3118.1,58,4,3118.2,236,2
2031,2026-06-16 10:03:58+05:30,3117.3,14,3136.71,776861,97387.0,195484.0,3163.0,3163.0,3116.0,3134.3,31806200,3447.7,2820.9,3839.9,2896.0,3117.3,47,2,3117.0,431,4,3116.5,13,1,3116.4,126,4,3116.3,642,7,3117.8,200,1,3117.9,25,1,3118.0,290,13,3118.1,58,4,3118.2,236,2
2031,2026-06-16 10:03:58+05:30,3117.3,14,3136.71,776861,97437.0,197159.0,3163.0,3163.0,3116.0,3134.3,31806200,3447.7,2820.9,3839.9,2896.0,3117.3,62,3,3117.0,415,3,3116.9,56,2,3116.8,11,1,3116.7,50,1,3117.9,25,1,3118.0,349,11,3118.1,7,2,3118.3,270,2,3118.4,60,3
2031,2026-06-16 10:03:59+05:30,3117.9,1,3136.71,776861,97437.0,197159.0,3163.0,3163.0,3116.0,3134.3,31806200,3447.7,2820.9,3839.9,2896.0,3117.3,62,3,3117.0,415,3,3116.9,56,2,3116.8,11,1,3116.7,50,1,3117.9,25,1,3118.0,349,11,3118.1,7,2,3118.3,270,2,3118.4,60,3
2031,2026-06-16 10:03:59+05:30,3117.9,1,3136.71,776909,97475.0,195543.0,3163.0,3163.0,3116.0,3134.3,31806200,3447.7,2820.9,3839.9,2896.0,3117.3,61,2,3117.0,431,4,3116.6,56,2,3116.5,13,1,3116.4,126,4,3117.8,219,2,3117.9,43,2,3118.0,149,10,3118.1,268,5,3118.2,103,2
2031,2026-06-16 10:04:00+05:30,3117.7,1,3136.71,776909,97475.0,195543.0,3163.0,3163.0,3116.0,3134.3,31806200,3447.7,2820.9,3839.9,2896.0,3117.3,61,2,3117.0,431,4,3116.6,56,2,3116.5,13,1,3116.4,126,4,3117.8,219,2,3117.9,43,2,3118.0,149,10,3118.1,268,5,3118.2,103,2
2031,2026-06-16 10:04:00+05:30,3117.3,8,3136.7,777616,96189.0,197996.0,3163.0,3163.0,3116.0,3134.3,31806200,3447.7,2820.9,3839.9,2896.0,3117.0,430,4,3116.4,37,1,3116.3,553,5,3116.2,72,2,3116.1,25,2,3117.4,200,2,3117.7,200,1,3117.8,51,1,3117.9,10,1,3118.0,380,12
2031,2026-06-16 10:04:01+05:30,3117.3,8,3136.7,777616,96189.0,197996.0,3163.0,3163.0,3116.0,3134.3,31806200,3447.7,2820.9,3839.9,2896.0,3117.0,430,4,3116.4,37,1,3116.3,553,5,3116.2,72,2,3116.1,25,2,3117.4,200,2,3117.7,200,1,3117.8,51,1,3117.9,10,1,3118.0,380,12
2031,2026-06-16 10:04:01+05:30,3117.3,8,3136.7,777616,96430.0,197645.0,3163.0,3163.0,3116.0,3134.3,31806200,3447.7,2820.9,3839.9,2896.0,3117.0,569,7,3116.7,37,1,3116.4,56,2,3116.3,553,5,3116.2,91,3,3117.4,206,3,3117.5,200,1,3117.8,251,2,3117.9,10,1,3118.0,207,10
2031,2026-06-16 10:04:02+05:30,3117.2,1,3136.7,777616,96430.0,197645.0,3163.0,3163.0,3116.0,3134.3,31806200,3447.7,2820.9,3839.9,2896.0,3117.0,569,7,3116.7,37,1,3116.4,56,2,3116.3,553,5,3116.2,91,3,3117.4,206,3,3117.5,200,1,3117.8,251,2,3117.9,10,1,3118.0,207,10
2031,2026-06-16 10:04:02+05:30,3117.2,15,3136.7,777632,96743.0,198112.0,3163.0,3163.0,3116.0,3134.3,31806200,3447.7,2820.9,3839.9,2896.0,3117.0,629,8,3116.9,37,1,3116.6,94,4,3116.5,23,1,3116.4,108,4,3117.2,182,1,3117.3,28,1,3117.4,10,3,3117.8,200,1,3117.9,61,2
2031,2026-06-16 10:04:03+05:30,3117.2,15,3136.7,777632,96743.0,198112.0,3163.0,3163.0,3116.0,3134.3,31806200,3447.7,2820.9,3839.9,2896.0,3117.0,629,8,3116.9,37,1,3116.6,94,4,3116.5,23,1,3116.4,108,4,3117.2,182,1,3117.3,28,1,3117.4,10,3,3117.8,200,1,3117.9,61,2
2031,2026-06-16 10:04:03+05:30,3117.0,45,3136.66,779086,94831.0,199191.0,3163.0,3163.0,3116.0,3134.3,31806200,3447.7,2820.9,3839.9,2896.0,3117.0,73,4,3116.3,553,5,3116.0,51,5,3115.8,101,3,3115.7,21,1,3117.2,88,8,3117.3,18,2,3117.4,54,3,3117.6,236,2,3117.7,96,3
2031,2026-06-16 10:04:04+05:30,3117.0,45,3136.66,779086,94831.0,199191.0,3163.0,3163.0,3116.0,3134.3,31806200,3447.7,2820.9,3839.9,2896.0,3117.0,73,4,3116.3,553,5,3116.0,51,5,3115.8,101,3,3115.7,21,1,3117.2,88,8,3117.3,18,2,3117.4,54,3,3117.6,236,2,3117.7,96,3
2031,2026-06-16 10:04:05+05:30,3117.0,5,3136.66,779091,95517.0,198675.0,3163.0,3163.0,3116.0,3134.3,31806200,3447.7,2820.9,3839.9,2896.0,3117.0,109,5,3116.5,19,1,3116.4,37,1,3116.3,553,5,3116.2,56,2,3117.2,65,6,3117.4,6,1,3117.7,55,1,3117.8,3,1,3117.9,72,2
2031,2026-06-16 10:04:05+05:30,3117.0,7,3136.66,779091,95517.0,198675.0,3163.0,3163.0,3116.0,3134.3,31806200,3447.7,2820.9,3839.9,2896.0,3117.0,109,5,3116.5,19,1,3116.4,37,1,3116.3,553,5,3116.2,56,2,3117.2,65,6,3117.4,6,1,3117.7,55,1,3117.8,3,1,3117.9,72,2
2031,2026-06-16 10:04:06+05:30,3117.0,39,3136.66,779199,95719.0,199584.0,3163.0,3163.0,3116.0,3134.3,31806200,3447.7,2820.9,3839.9,2896.0,3117.0,86,4,3116.4,152,4,3116.3,553,5,3116.2,139,4,3116.1,105,2,3117.2,53,5,3117.3,152,1,3117.4,6,1,3117.7,55,1,3117.8,1,1
2031,2026-06-16 10:04:06+05:30,3117.0,39,3136.66,779199,95719.0,199584.0,3163.0,3163.0,3116.0,3134.3,31806200,3447.7,2820.9,3839.9,2896.0,3117.0,86,4,3116.4,152,4,3116.3,553,5,3116.2,139,4,3116.1,105,2,3117.2,53,5,3117.3,152,1,3117.4,6,1,3117.7,55,1,3117.8,1,1
2031,2026-06-16 10:04:07+05:30,3117.2,3,3136.65,779251,95782.0,198935.0,3163.0,3163.0,3116.0,3134.3,31806200,3447.7,2820.9,3839.9,2896.0,3117.0,39,3,3116.3,590,6,3116.2,28,2,3116.1,35,1,3116.0,248,9,3117.2,48,5,3117.3,152,1,3117.4,6,1,3117.7,55,1,3117.8,41,3
2031,2026-06-16 10:04:07+05:30,3117.2,3,3136.65,779251,95782.0,198935.0,3163.0,3163.0,3116.0,3134.3,31806200,3447.7,2820.9,3839.9,2896.0,3117.0,39,3,3116.3,590,6,3116.2,28,2,3116.1,35,1,3116.0,248,9,3117.2,48,5,3117.3,152,1,3117.4,6,1,3117.7,55,1,3117.8,41,3
2031,2026-06-16 10:04:08+05:30,3117.2,3,3136.65,779251,97118.0,199198.0,3163.0,3163.0,3116.0,3134.3,31806200,3447.7,2820.9,3839.9,2896.0,3117.0,53,4,3116.9,37,1,3116.8,19,1,3116.6,113,4,3116.5,23,1,3117.2,39,4,3117.3,152,1,3117.4,6,1,3117.7,55,1,3117.8,1,1
2031,2026-06-16 10:04:09+05:30,3117.2,1,3136.65,779252,97110.0,199435.0,3163.0,3163.0,3116.0,3134.3,31806200,3447.7,2820.9,3839.9,2896.0,3117.1,95,3,3117.0,76,4,3116.8,56,2,3116.6,132,5,3116.5,79,2,3117.2,32,3,3117.3,152,1,3117.4,6,1,3117.7,55,1,3117.8,1,1
2031,2026-06-16 10:04:09+05:30,3117.2,1,3136.65,779252,97110.0,199435.0,3163.0,3163.0,3116.0,3134.3,31806200,3447.7,2820.9,3839.9,2896.0,3117.1,95,3,3117.0,76,4,3116.8,56,2,3116.6,132,5,3116.5,79,2,3117.2,32,3,3117.3,152,1,3117.4,6,1,3117.7,55,1,3117.8,1,1
2031,2026-06-16 10:04:10+05:30,3117.2,3,3136.65,779252,97110.0,199435.0,3163.0,3163.0,3116.0,3134.3,31806200,3447.7,2820.9,3839.9,2896.0,3117.1,95,3,3117.0,76,4,3116.8,56,2,3116.6,132,5,3116.5,79,2,3117.2,32,3,3117.3,152,1,3117.4,6,1,3117.7,55,1,3117.8,1,1
2031,2026-06-16 10:04:10+05:30,3117.2,3,3136.65,779497,96859.0,198631.0,3163.0,3163.0,3116.0,3134.3,31806200,3447.7,2820.9,3839.9,2896.0,3117.0,57,5,3116.8,77,3,3116.6,76,3,3116.5,280,4,3116.4,113,4,3117.2,4,2,3117.3,152,1,3117.4,6,1,3117.7,255,2,3117.8,1,1
2031,2026-06-16 10:04:11+05:30,3117.2,1,3136.65,779497,96859.0,198631.0,3163.0,3163.0,3116.0,3134.3,31806200,3447.7,2820.9,3839.9,2896.0,3117.0,57,5,3116.8,77,3,3116.6,76,3,3116.5,280,4,3116.4,113,4,3117.2,4,2,3117.3,152,1,3117.4,6,1,3117.7,255,2,3117.8,1,1
2031,2026-06-16 10:04:11+05:30,3117.0,2,3136.65,779505,97314.0,198755.0,3163.0,3163.0,3116.0,3134.3,31806200,3447.7,2820.9,3839.9,2896.0,3117.0,210,7,3116.8,90,4,3116.7,23,2,3116.6,76,3,3116.5,121,3,3117.2,7,2,3117.3,152,1,3117.4,6,1,3117.7,255,2,3117.8,1,1
2031,2026-06-16 10:04:12+05:30,3117.0,5,3136.65,779505,97314.0,198755.0,3163.0,3163.0,3116.0,3134.3,31806200,3447.7,2820.9,3839.9,2896.0,3117.0,210,7,3116.8,90,4,3116.7,23,2,3116.6,76,3,3116.5,121,3,3117.2,7,2,3117.3,152,1,3117.4,6,1,3117.7,255,2,3117.8,1,1
2031,2026-06-16 10:04:12+05:30,3117.0,67,3136.63,780225,96882.0,199034.0,3163.0,3163.0,3116.0,3134.3,31806200,3447.7,2820.9,3839.9,2896.0,3117.0,74,6,3116.8,90,4,3116.7,16,1,3116.6,76,3,3116.4,113,4,3117.2,4,2,3117.3,152,1,3117.4,6,1,3117.7,255,2,3117.8,1,1
2031,2026-06-16 10:04:13+05:30,3117.0,3,3136.63,780225,96882.0,199034.0,3163.0,3163.0,3116.0,3134.3,31806200,3447.7,2820.9,3839.9,2896.0,3117.0,74,6,3116.8,90,4,3116.7,16,1,3116.6,76,3,3116.4,113,4,3117.2,4,2,3117.3,152,1,3117.4,6,1,3117.7,255,2,3117.8,1,1
2031,2026-06-16 10:04:13+05:30,3117.4,27,3136.62,780428,97008.0,197537.0,3163.0,3163.0,3116.0,3134.3,31806200,3447.7,2820.9,3839.9,2896.0,3117.0,71,6,3116.8,123,4,3116.6,99,4,3116.5,147,3,3116.4,113,4,3117.4,6,1,3117.7,255,2,3117.8,1,1,3117.9,220,2,3118.0,321,7
2031,2026-06-16 10:04:14+05:30,3117.0,5,3136.62,780428,97008.0,197537.0,3163.0,3163.0,3116.0,3134.3,31806200,3447.7,2820.9,3839.9,2896.0,3117.0,71,6,3116.8,123,4,3116.6,99,4,3116.5,147,3,3116.4,113,4,3117.4,6,1,3117.7,255,2,3117.8,1,1,3117.9,220,2,3118.0,321,7
2031,2026-06-16 10:04:14+05:30,3117.0,4,3136.59,781910,94943.0,198865.0,3163.0,3163.0,3115.5,3134.3,31806200,3447.7,2820.9,3839.9,2896.0,3117.0,28,1,3115.7,185,5,3115.6,43,4,3115.5,18,2,3115.4,122,5,3117.1,6,1,3117.2,6,1,3117.4,32,3,3117.5,74,2,3117.6,367,2
2031,2026-06-16 10:04:15+05:30,3117.0,71,3136.59,781910,94943.0,198865.0,3163.0,3163.0,3115.5,3134.3,31806200,3447.7,2820.9,3839.9,2896.0,3117.0,28,1,3115.7,185,5,3115.6,43,4,3115.5,18,2,3115.4,122,5,3117.1,6,1,3117.2,6,1,3117.4,32,3,3117.5,74,2,3117.6,367,2
2031,2026-06-16 10:04:15+05:30,3117.0,71,3136.56,782900,95338.0,200040.0,3163.0,3163.0,3115.5,3134.3,31806200,3447.7,2820.9,3839.9,2896.0,3116.1,67,6,3116.0,106,2,3115.9,101,2,3115.8,91,4,3115.7,86,2,3117.0,724,1,3117.1,3,2,3117.4,27,3,3117.5,84,1,3117.6,270,3
2031,2026-06-16 10:04:16+05:30,3117.0,1,3136.56,782900,95338.0,200040.0,3163.0,3163.0,3115.5,3134.3,31806200,3447.7,2820.9,3839.9,2896.0,3116.1,67,6,3116.0,106,2,3115.9,101,2,3115.8,91,4,3115.7,86,2,3117.0,724,1,3117.1,3,2,3117.4,27,3,3117.5,84,1,3117.6,270,3
2031,2026-06-16 10:04:17+05:30,3117.0,15,3136.56,783032,95480.0,199464.0,3163.0,3163.0,3115.5,3134.3,31806200,3447.7,2820.9,3839.9,2896.0,3116.0,95,5,3115.9,50,1,3115.8,119,5,3115.7,86,2,3115.6,39,3,3117.0,698,2,3117.1,1,1,3117.4,7,2,3117.5,84,1,3117.6,220,2
2031,2026-06-16 10:04:17+05:30,3117.0,15,3136.56,783032,95480.0,199464.0,3163.0,3163.0,3115.5,3134.3,31806200,3447.7,2820.9,3839.9,2896.0,3116.0,95,5,3115.9,50,1,3115.8,119,5,3115.7,86,2,3115.6,39,3,3117.0,698,2,3117.1,1,1,3117.4,7,2,3117.5,84,1,3117.6,220,2
2031,2026-06-16 10:04:18+05:30,3117.0,15,3136.56,783032,95571.0,200405.0,3163.0,3163.0,3115.5,3134.3,31806200,3447.7,2820.9,3839.9,2896.0,3116.0,110,4,3115.9,120,2,3115.8,125,5,3115.7,86,2,3115.6,39,3,3117.0,1318,6,3117.3,2,1,3117.4,141,4,3117.5,70,1,3117.6,220,2
2031,2026-06-16 10:04:18+05:30,3116.0,3,3136.56,783032,95571.0,200405.0,3163.0,3163.0,3115.5,3134.3,31806200,3447.7,2820.9,3839.9,2896.0,3116.0,110,4,3115.9,120,2,3115.8,125,5,3115.7,86,2,3115.6,39,3,3117.0,1318,6,3117.3,2,1,3117.4,141,4,3117.5,70,1,3117.6,220,2
2031,2026-06-16 10:04:18+05:30,3116.0,3,3136.56,783032,95571.0,200405.0,3163.0,3163.0,3115.5,3134.3,31806200,3447.7,2820.9,3839.9,2896.0,3116.0,110,4,3115.9,120,2,3115.8,125,5,3115.7,86,2,3115.6,39,3,3117.0,1318,6,3117.3,2,1,3117.4,141,4,3117.5,70,1,3117.6,220,2
2031,2026-06-16 10:04:19+05:30,3116.0,3,3136.56,783079,95492.0,200315.0,3163.0,3163.0,3115.5,3134.3,31806200,3447.7,2820.9,3839.9,2896.0,3116.0,63,1,3115.9,143,4,3115.8,136,3,3115.7,58,2,3115.6,65,3,3117.0,1343,9,3117.1,10,1,3117.3,86,2,3117.4,21,2,3117.5,70,1
2031,2026-06-16 10:04:20+05:30,3116.0,3,3136.56,783079,95492.0,200315.0,3163.0,3163.0,3115.5,3134.3,31806200,3447.7,2820.9,3839.9,2896.0,3116.0,63,1,3115.9,143,4,3115.8,136,3,3115.7,58,2,3115.6,65,3,3117.0,1343,9,3117.1,10,1,3117.3,86,2,3117.4,21,2,3117.5,70,1
2031,2026-06-16 10:04:20+05:30,3116.0,3,3136.56,783079,95761.0,200056.0,3163.0,3163.0,3115.5,3134.3,31806200,3447.7,2820.9,3839.9,2896.0,3116.0,63,1,3115.9,179,5,3115.8,217,7,3115.7,58,2,3115.6,65,3,3117.0,1336,8,3117.3,2,1,3117.4,105,3,3117.5,70,1,3117.6,420,3
2031,2026-06-16 10:04:21+05:30,3117.0,1,3136.56,783079,95761.0,200056.0,3163.0,3163.0,3115.5,3134.3,31806200,3447.7,2820.9,3839.9,2896.0,3116.0,63,1,3115.9,179,5,3115.8,217,7,3115.7,58,2,3115.6,65,3,3117.0,1336,8,3117.3,2,1,3117.4,105,3,3117.5,70,1,3117.6,420,3
2031,2026-06-16 10:04:21+05:30,3117.0,1,3136.56,783080,95785.0,200169.0,3163.0,3163.0,3115.5,3134.3,31806200,3447.7,2820.9,3839.9,2896.0,3116.1,19,1,3116.0,223,6,3115.9,122,3,3115.8,245,8,3115.7,58,2,3117.0,1341,9,3117.3,2,1,3117.4,21,2,3117.5,154,2,3117.6,220,2
2031,2026-06-16 10:04:21+05:30,3117.0,1,3136.56,783080,95785.0,200169.0,3163.0,3163.0,3115.5,3134.3,31806200,3447.7,2820.9,3839.9,2896.0,3116.1,19,1,3116.0,223,6,3115.9,122,3,3115.8,245,8,3115.7,58,2,3117.0,1341,9,3117.3,2,1,3117.4,21,2,3117.5,154,2,3117.6,220,2
2031,2026-06-16 10:04:22+05:30,3117.0,33,3136.56,783080,95785.0,200169.0,3163.0,3163.0,3115.5,3134.3,31806200,3447.7,2820.9,3839.9,2896.0,3116.1,19,1,3116.0,223,6,3115.9,122,3,3115.8,245,8,3115.7,58,2,3117.0,1341,9,3117.3,2,1,3117.4,21,2,3117.5,154,2,3117.6,220,2
2031,2026-06-16 10:04:22+05:30,3116.2,200,3136.49,785750,95893.0,196882.0,3163.0,3163.0,3115.5,3134.3,31806200,3447.7,2820.9,3839.9,2896.0,3116.2,56,4,3116.1,191,6,3116.0,164,4,3115.9,10,1,3115.8,205,6,3117.3,2,1,3117.4,1,1,3117.6,200,1,3117.9,167,1,3118.0,411,10
2031,2026-06-16 10:04:23+05:30,3116.1,3,3136.49,785750,95893.0,196882.0,3163.0,3163.0,3115.5,3134.3,31806200,3447.7,2820.9,3839.9,2896.0,3116.2,56,4,3116.1,191,6,3116.0,164,4,3115.9,10,1,3115.8,205,6,3117.3,2,1,3117.4,1,1,3117.6,200,1,3117.9,167,1,3118.0,411,10
2031,2026-06-16 10:04:23+05:30,3116.1,3,3136.49,785750,95893.0,196882.0,3163.0,3163.0,3115.5,3134.3,31806200,3447.7,2820.9,3839.9,2896.0,3116.2,56,4,3116.1,191,6,3116.0,164,4,3115.9,10,1,3115.8,205,6,3117.3,2,1,3117.4,1,1,3117.6,200,1,3117.9,167,1,3118.0,411,10
2031,2026-06-16 10:04:23+05:30,3116.1,3,3136.48,785950,96449.0,196985.0,3163.0,3163.0,3115.5,3134.3,31806200,3447.7,2820.9,3839.9,2896.0,3116.3,90,7,3116.2,247,4,3116.1,232,7,3116.0,129,3,3115.9,144,4,3117.0,6,1,3117.6,204,2,3117.7,1,1,3118.0,322,8,3118.1,77,3
2031,2026-06-16 10:04:24+05:30,3117.0,56,3136.48,785950,96449.0,196985.0,3163.0,3163.0,3115.5,3134.3,31806200,3447.7,2820.9,3839.9,2896.0,3116.3,90,7,3116.2,247,4,3116.1,232,7,3116.0,129,3,3115.9,144,4,3117.0,6,1,3117.6,204,2,3117.7,1,1,3118.0,322,8,3118.1,77,3
2031,2026-06-16 10:04:24+05:30,3117.0,56,3136.45,787207,97596.0,196919.0,3163.0,3163.0,3115.5,3134.3,31806200,3447.7,2820.9,3839.9,2896.0,3117.0,40,1,3116.4,301,4,3116.3,26,1,3116.2,46,4,3116.1,172,5,3117.6,4,1,3117.7,201,2,3118.0,131,7,3118.1,73,4,3118.2,170,3
2031,2026-06-16 10:04:25+05:30,3117.0,56,3136.45,787207,97596.0,196919.0,3163.0,3163.0,3115.5,3134.3,31806200,3447.7,2820.9,3839.9,2896.0,3117.0,40,1,3116.4,301,4,3116.3,26,1,3116.2,46,4,3116.1,172,5,3117.6,4,1,3117.7,201,2,3118.0,131,7,3118.1,73,4,3118.2,170,3
2031,2026-06-16 10:04:25+05:30,3117.0,20,3136.45,787277,97701.0,197260.0,3163.0,3163.0,3115.5,3134.3,31806200,3447.7,2820.9,3839.9,2896.0,3117.0,240,3,3116.8,26,1,3116.7,86,3,3116.5,26,1,3116.4,57,2,3117.6,3,2,3117.7,203,3,3117.9,150,1,3118.0,101,6,3118.1,124,4
2031,2026-06-16 10:04:26+05:30,3117.6,22,3136.45,787277,97701.0,197260.0,3163.0,3163.0,3115.5,3134.3,31806200,3447.7,2820.9,3839.9,2896.0,3117.0,240,3,3116.8,26,1,3116.7,86,3,3116.5,26,1,3116.4,57,2,3117.6,3,2,3117.7,203,3,3117.9,150,1,3118.0,101,6,3118.1,124,4
2031,2026-06-16 10:04:26+05:30,3117.6,22,3136.45,787277,97701.0,197260.0,3163.0,3163.0,3115.5,3134.3,31806200,3447.7,2820.9,3839.9,2896.0,3117.0,240,3,3116.8,26,1,3116.7,86,3,3116.5,26,1,3116.4,57,2,3117.6,3,2,3117.7,203,3,3117.9,150,1,3118.0,101,6,3118.1,124,4
2031,2026-06-16 10:04:26+05:30,3117.6,1,3136.45,787391,97999.0,197026.0,3163.0,3163.0,3115.5,3134.3,31806200,3447.7,2820.9,3839.9,2896.0,3117.0,263,4,3116.8,26,1,3116.7,29,1,3116.6,38,1,3116.5,62,1,3117.6,123,1,3117.7,3,2,3118.0,101,6,3118.1,62,3,3118.2,86,2
2031,2026-06-16 10:04:27+05:30,3117.0,27,3136.45,787391,97999.0,197026.0,3163.0,3163.0,3115.5,3134.3,31806200,3447.7,2820.9,3839.9,2896.0,3117.0,263,4,3116.8,26,1,3116.7,29,1,3116.6,38,1,3116.5,62,1,3117.6,123,1,3117.7,3,2,3118.0,101,6,3118.1,62,3,3118.2,86,2
2031,2026-06-16 10:04:27+05:30,3117.0,27,3136.44,787681,97628.0,197401.0,3163.0,3163.0,3115.5,3134.3,31806200,3447.7,2820.9,3839.9,2896.0,3117.0,237,4,3116.3,3,1,3116.1,121,3,3116.0,158,3,3115.9,112,3,3117.5,29,2,3117.6,144,3,3117.7,2,1,3117.8,30,2,3117.9,179,2
2031,2026-06-16 10:04:28+05:30,3117.0,27,3136.44,787681,97628.0,197401.0,3163.0,3163.0,3115.5,3134.3,31806200,3447.7,2820.9,3839.9,2896.0,3117.0,237,4,3116.3,3,1,3116.1,121,3,3116.0,158,3,3115.9,112,3,3117.5,29,2,3117.6,144,3,3117.7,2,1,3117.8,30,2,3117.9,179,2
2031,2026-06-16 10:04:28+05:30,3117.5,1,3136.44,787681,97628.0,197401.0,3163.0,3163.0,3115.5,3134.3,31806200,3447.7,2820.9,3839.9,2896.0,3117.0,237,4,3116.3,3,1,3116.1,121,3,3116.0,158,3,3115.9,112,3,3117.5,29,2,3117.6,144,3,3117.7,2,1,3117.8,30,2,3117.9,179,2
2031,2026-06-16 10:04:28+05:30,3117.5,1,3136.44,787681,97628.0,197401.0,3163.0,3163.0,3115.5,3134.3,31806200,3447.7,2820.9,3839.9,2896.0,3117.0,237,4,3116.3,3,1,3116.1,121,3,3116.0,158,3,3115.9,112,3,3117.5,29,2,3117.6,144,3,3117.7,2,1,3117.8,30,2,3117.9,179,2
2031,2026-06-16 10:04:29+05:30,3117.3,1,3136.44,787683,97974.0,197328.0,3163.0,3163.0,3115.5,3134.3,31806200,3447.7,2820.9,3839.9,2896.0,3117.3,23,1,3117.0,211,3,3116.7,26,1,3116.6,48,2,3116.5,38,1,3117.6,144,3,3117.7,2,1,3118.0,101,6,3118.1,7,2,3118.2,36,1
2031,2026-06-16 10:04:29+05:30,3117.3,1,3136.44,787683,97974.0,197328.0,3163.0,3163.0,3115.5,3134.3,31806200,3447.7,2820.9,3839.9,2896.0,3117.3,23,1,3117.0,211,3,3116.7,26,1,3116.6,48,2,3116.5,38,1,3117.6,144,3,3117.7,2,1,3118.0,101,6,3118.1,7,2,3118.2,36,1
2031,2026-06-16 10:04:29+05:30,3117.3,1,3136.44,787683,97974.0,197328.0,3163.0,3163.0,3115.5,3134.3,31806200,3447.7,2820.9,3839.9,2896.0,3117.3,23,1,3117.0,211,3,3116.7,26,1,3116.6,48,2,3116.5,38,1,3117.6,144,3,3117.7,2,1,3118.0,101,6,3118.1,7,2,3118.2,36,1
2031,2026-06-16 10:04:29+05:30,3117.3,1,3136.44,787683,97974.0,197328.0,3163.0,3163.0,3115.5,3134.3,31806200,3447.7,2820.9,3839.9,2896.0,3117.3,23,1,3117.0,211,3,3116.7,26,1,3116.6,48,2,3116.5,38,1,3117.6,144,3,3117.7,2,1,3118.0,101,6,3118.1,7,2,3118.2,36,1
2031,2026-06-16 10:04:30+05:30,3117.5,123,3136.44,787806,98277.0,196889.0,3163.0,3163.0,3115.5,3134.3,31806200,3447.7,2820.9,3839.9,2896.0,3117.5,37,2,3117.3,78,3,3117.0,309,8,3116.7,81,2,3116.6,52,2,3117.6,22,3,3117.7,200,1,3118.0,101,6,3118.1,7,2,3118.3,60,1
2031,2026-06-16 10:04:30+05:30,3117.5,123,3136.44,787806,98277.0,196889.0,3163.0,3163.0,3115.5,3134.3,31806200,3447.7,2820.9,3839.9,2896.0,3117.5,37,2,3117.3,78,3,3117.0,309,8,3116.7,81,2,3116.6,52,2,3117.6,22,3,3117.7,200,1,3118.0,101,6,3118.1,7,2,3118.3,60,1
2031,2026-06-16 10:04:30+05:30,3117.6,2,3136.44,787806,98277.0,196889.0,3163.0,3163.0,3115.5,3134.3,31806200,3447.7,2820.9,3839.9,2896.0,3117.5,37,2,3117.3,78,3,3117.0,309,8,3116.7,81,2,3116.6,52,2,3117.6,22,3,3117.7,200,1,3118.0,101,6,3118.1,7,2,3118.3,60,1
2031,2026-06-16 10:04:31+05:30,3117.6,2,3136.44,787806,98277.0,196889.0,3163.0,3163.0,3115.5,3134.3,31806200,3447.7,2820.9,3839.9,2896.0,3117.5,37,2,3117.3,78,3,3117.0,309,8,3116.7,81,2,3116.6,52,2,3117.6,22,3,3117.7,200,1,3118.0,101,6,3118.1,7,2,3118.3,60,1
2031,2026-06-16 10:04:31+05:30,3117.6,2,3136.44,787810,98333.0,197476.0,3163.0,3163.0,3115.5,3134.3,31806200,3447.7,2820.9,3839.9,2896.0,3117.5,38,3,3117.3,78,3,3117.0,305,8,3116.9,19,1,3116.7,81,2,3117.6,18,3,3117.7,200,1,3118.0,301,7,3118.1,7,2,3118.3,60,1
2031,2026-06-16 10:04:32+05:30,3117.6,2,3136.44,787810,98333.0,197476.0,3163.0,3163.0,3115.5,3134.3,31806200,3447.7,2820.9,3839.9,2896.0,3117.5,38,3,3117.3,78,3,3117.0,305,8,3116.9,19,1,3116.7,81,2,3117.6,18,3,3117.7,200,1,3118.0,301,7,3118.1,7,2,3118.3,60,1
2031,2026-06-16 10:04:32+05:30,3117.6,1,3136.44,787858,98377.0,197434.0,3163.0,3163.0,3115.5,3134.3,31806200,3447.7,2820.9,3839.9,2896.0,3117.5,86,5,3117.3,78,3,3117.0,311,8,3116.8,38,1,3116.7,91,2,3117.6,17,3,3117.7,200,1,3118.0,301,7,3118.1,7,2,3118.3,60,1
2031,2026-06-16 10:04:32+05:30,3117.6,15,3136.44,787858,98377.0,197434.0,3163.0,3163.0,3115.5,3134.3,31806200,3447.7,2820.9,3839.9,2896.0,3117.5,86,5,3117.3,78,3,3117.0,311,8,3116.8,38,1,3116.7,91,2,3117.6,17,3,3117.7,200,1,3118.0,301,7,3118.1,7,2,3118.3,60,1
2031,2026-06-16 10:04:32+05:30,3117.6,15,3136.44,787858,98377.0,197434.0,3163.0,3163.0,3115.5,3134.3,31806200,3447.7,2820.9,3839.9,2896.0,3117.5,86,5,3117.3,78,3,3117.0,311,8,3116.8,38,1,3116.7,91,2,3117.6,17,3,3117.7,200,1,3118.0,301,7,3118.1,7,2,3118.3,60,1
2031,2026-06-16 10:04:33+05:30,3117.6,15,3136.44,787858,98377.0,197434.0,3163.0,3163.0,3115.5,3134.3,31806200,3447.7,2820.9,3839.9,2896.0,3117.5,86,5,3117.3,78,3,3117.0,311,8,3116.8,38,1,3116.7,91,2,3117.6,17,3,3117.7,200,1,3118.0,301,7,3118.1,7,2,3118.3,60,1
2031,2026-06-16 10:04:33+05:30,3118.0,13,3136.41,789084,100735.0,192516.0,3163.0,3163.0,3115.5,3134.3,31806200,3447.7,2820.9,3839.9,2896.0,3118.0,117,6,3117.9,162,7,3117.8,141,5,3117.7,131,5,3117.6,167,6,3119.0,30,3,3119.5,2,1,3119.6,21,1,3119.7,235,2,3119.8,24,2
2031,2026-06-16 10:04:33+05:30,3118.0,13,3136.41,789084,100735.0,192516.0,3163.0,3163.0,3115.5,3134.3,31806200,3447.7,2820.9,3839.9,2896.0,3118.0,117,6,3117.9,162,7,3117.8,141,5,3117.7,131,5,3117.6,167,6,3119.0,30,3,3119.5,2,1,3119.6,21,1,3119.7,235,2,3119.8,24,2
2031,2026-06-16 10:04:34+05:30,3118.0,13,3136.41,789084,100735.0,192516.0,3163.0,3163.0,3115.5,3134.3,31806200,3447.7,2820.9,3839.9,2896.0,3118.0,117,6,3117.9,162,7,3117.8,141,5,3117.7,131,5,3117.6,167,6,3119.0,30,3,3119.5,2,1,3119.6,21,1,3119.7,235,2,3119.8,24,2
2031,2026-06-16 10:04:34+05:30,3118.0,15,3136.41,789084,100735.0,192516.0,3163.0,3163.0,3115.5,3134.3,31806200,3447.7,2820.9,3839.9,2896.0,3118.0,117,6,3117.9,162,7,3117.8,141,5,3117.7,131,5,3117.6,167,6,3119.0,30,3,3119.5,2,1,3119.6,21,1,3119.7,235,2,3119.8,24,2
2031,2026-06-16 10:04:34+05:30,3118.0,15,3136.41,789134,100912.0,192353.0,3163.0,3163.0,3115.5,3134.3,31806200,3447.7,2820.9,3839.9,2896.0,3118.1,125,6,3118.0,61,3,3117.9,118,5,3117.8,141,5,3117.7,131,5,3119.0,51,4,3119.5,2,1,3119.6,21,1,3119.8,24,2,3119.9,243,3
2031,2026-06-16 10:04:34+05:30,3118.0,15,3136.41,789134,100912.0,192353.0,3163.0,3163.0,3115.5,3134.3,31806200,3447.7,2820.9,3839.9,2896.0,3118.1,125,6,3118.0,61,3,3117.9,118,5,3117.8,141,5,3117.7,131,5,3119.0,51,4,3119.5,2,1,3119.6,21,1,3119.8,24,2,3119.9,243,3
2031,2026-06-16 10:04:35+05:30,3118.7,6,3136.41,789134,100912.0,192353.0,3163.0,3163.0,3115.5,3134.3,31806200,3447.7,2820.9,3839.9,2896.0,3118.1,125,6,3118.0,61,3,3117.9,118,5,3117.8,141,5,3117.7,131,5,3119.0,51,4,3119.5,2,1,3119.6,21,1,3119.8,24,2,3119.9,243,3
2031,2026-06-16 10:04:35+05:30,3118.7,6,3136.4,789316,101911.0,192650.0,3163.0,3163.0,3115.5,3134.3,31806200,3447.7,2820.9,3839.9,2896.0,3118.7,67,3,3118.6,11,1,3118.5,153,6,3118.4,133,6,3118.3,90,5,3119.0,5,1,3119.5,2,1,3119.8,3,1,3119.9,173,1,3120.0,1394,6
2031,2026-06-16 10:04:35+05:30,3118.7,6,3136.4,789316,101911.0,192650.0,3163.0,3163.0,3115.5,3134.3,31803800,3447.7,2820.9,3839.9,2896.0,3118.7,67,3,3118.6,11,1,3118.5,153,6,3118.4,133,6,3118.3,90,5,3119.0,5,1,3119.5,2,1,3119.8,3,1,3119.9,173,1,3120.0,1394,6
2031,2026-06-16 10:04:36+05:30,3118.7,6,3136.4,789316,101318.0,193141.0,3163.0,3163.0,3115.5,3134.3,31803800,3447.7,2820.9,3839.9,2896.0,3118.8,22,1,3118.7,15,2,3118.4,13,2,3118.2,16,1,3118.1,131,2,3119.0,44,3,3119.5,22,2,3119.7,83,2,3119.8,109,3,3119.9,282,4
2031,2026-06-16 10:04:37+05:30,3119.1,1,3136.4,789316,101318.0,193141.0,3163.0,3163.0,3115.5,3134.3,31803800,3447.7,2820.9,3839.9,2896.0,3118.8,22,1,3118.7,15,2,3118.4,13,2,3118.2,16,1,3118.1,131,2,3119.0,44,3,3119.5,22,2,3119.7,83,2,3119.8,109,3,3119.9,282,4
2031,2026-06-16 10:04:37+05:30,3119.1,1,3136.4,789429,101409.0,193037.0,3163.0,3163.0,3115.5,3134.3,31803800,3447.7,2820.9,3839.9,2896.0,3118.8,97,2,3118.7,15,2,3118.6,26,1,3118.4,1,1,3118.3,38,1,3119.4,19,1,3119.5,41,3,3119.6,218,2,3119.8,181,4,3119.9,23,1
2031,2026-06-16 10:04:38+05:30,3118.8,20,3136.4,789429,101409.0,193037.0,3163.0,3163.0,3115.5,3134.3,31803800,3447.7,2820.9,3839.9,2896.0,3118.8,97,2,3118.7,15,2,3118.6,26,1,3118.4,1,1,3118.3,38,1,3119.4,19,1,3119.5,41,3,3119.6,218,2,3119.8,181,4,3119.9,23,1
2031,2026-06-16 10:04:38+05:30,3118.8,20,3136.4,789449,101989.0,193249.0,3163.0,3163.0,3115.5,3134.3,31803800,3447.7,2820.9,3839.9,2896.0,3119.1,13,1,3118.8,103,3,3118.7,15,2,3118.4,1,1,3118.3,38,1,3119.4,21,2,3119.5,21,2,3119.6,218,2,3119.8,181,4,3119.9,23,1
2031,2026-06-16 10:04:39+05:30,3119.1,5,3136.4,789449,101989.0,193249.0,3163.0,3163.0,3115.5,3134.3,31803800,3447.7,2820.9,3839.9,2896.0,3119.1,13,1,3118.8,103,3,3118.7,15,2,3118.4,1,1,3118.3,38,1,3119.4,21,2,3119.5,21,2,3119.6,218,2,3119.8,181,4,3119.9,23,1
2031,2026-06-16 10:04:40+05:30,3119.1,5,3136.4,789454,102266.0,194126.0,3163.0,3163.0,3115.5,3134.3,31803800,3447.7,2820.9,3839.9,2896.0,3119.1,112,4,3118.8,77,2,3118.7,15,2,3118.4,1,1,3118.3,85,2,3119.4,5,2,3119.5,2,1,3119.6,15,1,3119.7,200,1,3119.8,24,2
2031,2026-06-16 10:04:40+05:30,3119.4,5,3136.4,789454,102266.0,194126.0,3163.0,3163.0,3115.5,3134.3,31803800,3447.7,2820.9,3839.9,2896.0,3119.1,112,4,3118.8,77,2,3118.7,15,2,3118.4,1,1,3118.3,85,2,3119.4,5,2,3119.5,2,1,3119.6,15,1,3119.7,200,1,3119.8,24,2
2031,2026-06-16 10:04:41+05:30,3119.4,18,3136.4,789482,102066.0,194177.0,3163.0,3163.0,3115.5,3134.3,31803800,3447.7,2820.9,3839.9,2896.0,3119.1,112,4,3118.8,77,2,3118.7,15,2,3118.4,1,1,3118.3,85,2,3119.4,29,2,3119.5,14,2,3119.6,20,1,3119.7,200,1,3119.8,43,3
2031,2026-06-16 10:04:41+05:30,3119.4,10,3136.4,789482,102066.0,194177.0,3163.0,3163.0,3115.5,3134.3,31803800,3447.7,2820.9,3839.9,2896.0,3119.1,112,4,3118.8,77,2,3118.7,15,2,3118.4,1,1,3118.3,85,2,3119.4,29,2,3119.5,14,2,3119.6,20,1,3119.7,200,1,3119.8,43,3
2031,2026-06-16 10:04:42+05:30,3119.4,1,3136.4,789533,101416.0,194811.0,3163.0,3163.0,3115.5,3134.3,31803800,3447.7,2820.9,3839.9,2896.0,3119.4,24,1,3119.1,89,3,3118.8,77,2,3118.7,30,3,3118.4,1,1,3119.5,1,1,3119.6,6,1,3119.7,200,1,3119.8,43,3,3120.0,1499,8
2031,2026-06-16 10:04:42+05:30,3119.4,1,3136.4,789533,101416.0,194811.0,3163.0,3163.0,3115.5,3134.3,31803800,3447.7,2820.9,3839.9,2896.0,3119.4,24,1,3119.1,89,3,3118.8,77,2,3118.7,30,3,3118.4,1,1,3119.5,1,1,3119.6,6,1,3119.7,200,1,3119.8,43,3,3120.0,1499,8
2031,2026-06-16 10:04:43+05:30,3119.6,1,3136.39,789761,101352.0,194550.0,3163.0,3163.0,3115.5,3134.3,31803800,3447.7,2820.9,3839.9,2896.0,3119.4,86,1,3119.1,89,3,3118.9,15,1,3118.8,2,1,3118.7,15,2,3119.7,200,1,3119.8,9,2,3119.9,19,1,3120.0,1562,7,3120.1,119,2
2031,2026-06-16 10:04:43+05:30,3119.6,1,3136.39,789761,101352.0,194550.0,3163.0,3163.0,3115.5,3134.3,31803800,3447.7,2820.9,3839.9,2896.0,3119.4,86,1,3119.1,89,3,3118.9,15,1,3118.8,2,1,3118.7,15,2,3119.7,200,1,3119.8,9,2,3119.9,19,1,3120.0,1562,7,3120.1,119,2
2031,2026-06-16 10:04:44+05:30,3119.7,1,3136.39,789762,101275.0,195033.0,3163.0,3163.0,3115.5,3134.3,31803800,3447.7,2820.9,3839.9,2896.0,3119.4,86,1,3119.1,112,4,3118.9,15,1,3118.8,2,1,3118.7,15,2,3119.7,324,5,3119.8,9,2,3120.0,1849,11,3120.1,63,2,3120.2,229,6
2031,2026-06-16 10:04:44+05:30,3119.7,1,3136.39,789762,101275.0,195033.0,3163.0,3163.0,3115.5,3134.3,31803800,3447.7,2820.9,3839.9,2896.0,3119.4,86,1,3119.1,112,4,3118.9,15,1,3118.8,2,1,3118.7,15,2,3119.7,324,5,3119.8,9,2,3120.0,1849,11,3120.1,63,2,3120.2,229,6
2031,2026-06-16 10:04:45+05:30,3119.4,15,3136.39,789953,101112.0,195400.0,3163.0,3163.0,3115.5,3134.3,31803800,3447.7,2820.9,3839.9,2896.0,3119.1,105,4,3118.9,15,1,3118.8,2,1,3118.7,15,2,3118.5,12,1,3119.4,6,1,3119.6,252,4,3119.7,190,4,3119.8,33,3,3120.0,2106,14
2031,2026-06-16 10:04:45+05:30,3119.4,53,3136.39,789953,101112.0,195400.0,3163.0,3163.0,3115.5,3134.3,31803800,3447.7,2820.9,3839.9,2896.0,3119.1,105,4,3118.9,15,1,3118.8,2,1,3118.7,15,2,3118.5,12,1,3119.4,6,1,3119.6,252,4,3119.7,190,4,3119.8,33,3,3120.0,2106,14
2031,2026-06-16 10:04:46+05:30,3119.4,4,3136.39,789953,101112.0,195400.0,3163.0,3163.0,3115.5,3134.3,31803800,3447.7,2820.9,3839.9,2896.0,3119.1,105,4,3118.9,15,1,3118.8,2,1,3118.7,15,2,3118.5,12,1,3119.4,6,1,3119.6,252,4,3119.7,190,4,3119.8,33,3,3120.0,2106,14
2031,2026-06-16 10:04:46+05:30,3119.4,46,3136.38,790257,101237.0,195611.0,3163.0,3163.0,3115.5,3134.3,31803800,3447.7,2820.9,3839.9,2896.0,3119.4,7,1,3119.1,10,3,3118.9,15,1,3118.8,2,1,3118.7,15,2,3119.6,232,3,3119.7,116,3,3119.8,43,3,3119.9,84,1,3120.0,2005,11
2031,2026-06-16 10:04:47+05:30,3119.6,4,3136.38,790257,101237.0,195611.0,3163.0,3163.0,3115.5,3134.3,31803800,3447.7,2820.9,3839.9,2896.0,3119.4,7,1,3119.1,10,3,3118.9,15,1,3118.8,2,1,3118.7,15,2,3119.6,232,3,3119.7,116,3,3119.8,43,3,3119.9,84,1,3120.0,2005,11
2031,2026-06-16 10:04:47+05:30,3119.4,14,3136.38,790282,100958.0,195623.0,3163.0,3163.0,3115.5,3134.3,31803800,3447.7,2820.9,3839.9,2896.0,3119.4,7,1,3119.1,10,3,3118.9,15,1,3118.8,2,1,3118.7,15,2,3119.6,285,6,3119.7,165,3,3119.8,55,4,3119.9,15,1,3120.0,2095,13
2031,2026-06-16 10:04:48+05:30,3119.6,1,3136.38,790282,100958.0,195623.0,3163.0,3163.0,3115.5,3134.3,31803800,3447.7,2820.9,3839.9,2896.0,3119.4,7,1,3119.1,10,3,3118.9,15,1,3118.8,2,1,3118.7,15,2,3119.6,285,6,3119.7,165,3,3119.8,55,4,3119.9,15,1,3120.0,2095,13
2031,2026-06-16 10:04:48+05:30,3119.6,1,3136.38,790284,100965.0,195698.0,3163.0,3163.0,3115.5,3134.3,31803800,3447.7,2820.9,3839.9,2896.0,3119.4,7,1,3119.1,10,3,3118.9,15,1,3118.8,2,1,3118.7,15,2,3119.6,333,7,3119.7,165,3,3119.8,55,4,3119.9,15,1,3120.0,2122,14
2031,2026-06-16 10:04:49+05:30,3119.6,1,3136.38,790284,101236.0,196043.0,3163.0,3163.0,3115.5,3134.3,31803800,3447.7,2820.9,3839.9,2896.0,3119.4,59,5,3119.1,2,2,3118.8,2,1,3118.7,2,1,3118.4,64,2,3119.6,101,4,3119.7,273,3,3119.8,24,2,3119.9,19,1,3120.0,2068,12
2031,2026-06-16 10:04:50+05:30,3119.6,3,3136.38,790284,101236.0,196043.0,3163.0,3163.0,3115.5,3134.3,31803800,3447.7,2820.9,3839.9,2896.0,3119.4,59,5,3119.1,2,2,3118.8,2,1,3118.7,2,1,3118.4,64,2,3119.6,101,4,3119.7,273,3,3119.8,24,2,3119.9,19,1,3120.0,2068,12
2031,2026-06-16 10:04:50+05:30,3119.7,67,3136.38,790587,101399.0,195709.0,3163.0,3163.0,3115.5,3134.3,31803800,3447.7,2820.9,3839.9,2896.0,3119.4,59,5,3119.1,2,2,3118.8,2,1,3118.7,2,1,3118.4,64,2,3119.6,198,2,3119.7,14,2,3119.8,24,2,3119.9,19,1,3120.0,2170,14
2031,2026-06-16 10:04:51+05:30,3119.7,67,3136.38,790587,101399.0,195709.0,3163.0,3163.0,3115.5,3134.3,31803800,3447.7,2820.9,3839.9,2896.0,3119.4,59,5,3119.1,2,2,3118.8,2,1,3118.7,2,1,3118.4,64,2,3119.6,198,2,3119.7,14,2,3119.8,24,2,3119.9,19,1,3120.0,2170,14
2031,2026-06-16 10:04:51+05:30,3119.7,67,3136.38,790587,101615.0,195781.0,3163.0,3163.0,3115.5,3134.3,31803800,3447.7,2820.9,3839.9,2896.0,3119.4,116,4,3119.1,28,3,3118.9,16,1,3118.8,64,3,3118.7,31,2,3119.6,192,1,3119.7,14,2,3119.8,3,1,3120.0,2108,14,3120.1,84,1
2031,2026-06-16 10:04:52+05:30,3119.7,2,3136.38,790587,101615.0,195781.0,3163.0,3163.0,3115.5,3134.3,31803800,3447.7,2820.9,3839.9,2896.0,3119.4,116,4,3119.1,28,3,3118.9,16,1,3118.8,64,3,3118.7,31,2,3119.6,192,1,3119.7,14,2,3119.8,3,1,3120.0,2108,14,3120.1,84,1
2031,2026-06-16 10:04:53+05:30,3119.7,2,3136.37,790875,102282.0,194659.0,3163.0,3163.0,3115.5,3134.3,31803800,3447.7,2820.9,3839.9,2896.0,3119.4,117,5,3119.2,103,5,3119.1,18,3,3119.0,37,1,3118.9,17,1,3119.6,26,2,3119.7,1,1,3119.8,3,1,3120.0,2090,13,3120.4,20,1
2031,2026-06-16 10:04:53+05:30,3119.6,1,3136.37,790875,102282.0,194659.0,3163.0,3163.0,3115.5,3134.3,31803800,3447.7,2820.9,3839.9,2896.0,3119.4,117,5,3119.2,103,5,3119.1,18,3,3119.0,37,1,3118.9,17,1,3119.6,26,2,3119.7,1,1,3119.8,3,1,3120.0,2090,13,3120.4,20,1
2031,2026-06-16 10:04:54+05:30,3119.4,5,3136.37,790891,101980.0,194841.0,3163.0,3163.0,3115.5,3134.3,31803800,3447.7,2820.9,3839.9,2896.0,3119.4,102,3,3119.1,2,2,3119.0,19,1,3118.9,42,3,3118.8,27,2,3119.6,38,2,3119.7,1,1,3119.8,3,1,3120.0,2078,13,3120.1,84,1
2031,2026-06-16 10:04:54+05:30,3119.4,48,3136.37,790891,101980.0,194841.0,3163.0,3163.0,3115.5,3134.3,31803800,3447.7,2820.9,3839.9,2896.0,3119.4,102,3,3119.1,2,2,3119.0,19,1,3118.9,42,3,3118.8,27,2,3119.6,38,2,3119.7,1,1,3119.8,3,1,3120.0,2078,13,3120.1,84,1
2031,2026-06-16 10:04:55+05:30,3119.6,5,3136.37,791020,101991.0,194948.0,3163.0,3163.0,3115.5,3134.3,31803800,3447.7,2820.9,3839.9,2896.0,3119.4,78,4,3119.1,1,1,3119.0,37,1,3118.9,3,1,3118.8,91,4,3119.6,11,2,3119.7,1,1,3119.8,3,1,3120.0,2178,14,3120.1,34,1
2031,2026-06-16 10:04:55+05:30,3119.6,5,3136.37,791020,101991.0,194948.0,3163.0,3163.0,3115.5,3134.3,31803800,3447.7,2820.9,3839.9,2896.0,3119.4,78,4,3119.1,1,1,3119.0,37,1,3118.9,3,1,3118.8,91,4,3119.6,11,2,3119.7,1,1,3119.8,3,1,3120.0,2178,14,3120.1,34,1
2031,2026-06-16 10:04:56+05:30,3119.6,5,3136.37,791020,101814.0,194734.0,3163.0,3163.0,3115.5,3134.3,31803800,3447.7,2820.9,3839.9,2896.0,3119.4,84,4,3119.1,1,1,3119.0,37,1,3118.9,20,2,3118.8,91,4,3119.6,25,3,3119.7,1,1,3119.8,3,1,3120.0,2202,15,3120.1,34,1
2031,2026-06-16 10:04:57+05:30,3119.6,18,3136.37,791063,102012.0,194722.0,3163.0,3163.0,3115.5,3134.3,31803800,3447.7,2820.9,3839.9,2896.0,3119.6,74,3,3119.4,158,7,3119.3,82,3,3119.2,72,3,3119.1,71,2,3119.7,1,1,3119.8,3,1,3120.0,2202,15,3120.1,34,1,3120.4,20,1
2031,2026-06-16 10:04:57+05:30,3119.6,18,3136.37,791063,102012.0,194722.0,3163.0,3163.0,3115.5,3134.3,31803800,3447.7,2820.9,3839.9,2896.0,3119.6,74,3,3119.4,158,7,3119.3,82,3,3119.2,72,3,3119.1,71,2,3119.7,1,1,3119.8,3,1,3120.0,2202,15,3120.1,34,1,3120.4,20,1
2031,2026-06-16 10:04:58+05:30,3119.4,5,3136.36,791263,102124.0,194961.0,3163.0,3163.0,3115.5,3134.3,31803800,3447.7,2820.9,3839.9,2896.0,3119.4,74,5,3119.3,13,1,3119.2,56,2,3119.1,57,2,3119.0,100,4,3119.7,15,2,3119.8,3,1,3120.0,2322,14,3120.1,34,1,3120.4,20,1
2031,2026-06-16 10:04:58+05:30,3119.4,5,3136.36,791263,102124.0,194961.0,3163.0,3163.0,3115.5,3134.3,31803800,3447.7,2820.9,3839.9,2896.0,3119.4,74,5,3119.3,13,1,3119.2,56,2,3119.1,57,2,3119.0,100,4,3119.7,15,2,3119.8,3,1,3120.0,2322,14,3120.1,34,1,3120.4,20,1
2031,2026-06-16 10:04:59+05:30,3119.7,1,3136.36,791264,101993.0,195163.0,3163.0,3163.0,3115.5,3134.3,31803800,3447.7,2820.9,3839.9,2896.0,3119.4,37,3,3119.2,55,2,3119.1,1,1,3119.0,81,3,3118.9,25,1,3119.7,15,2,3119.8,3,1,3120.0,2464,16,3120.1,34,1,3120.3,84,1
2031,2026-06-16 10:04:59+05:30,3119.7,1,3136.36,791264,101993.0,195163.0,3163.0,3163.0,3115.5,3134.3,31803800,3447.7,2820.9,3839.9,2896.0,3119.4,37,3,3119.2,55,2,3119.1,1,1,3119.0,81,3,3118.9,25,1,3119.7,15,2,3119.8,3,1,3120.0,2464,16,3120.1,34,1,3120.3,84,1
2031,2026-06-16 10:05:00+05:30,3119.7,1,3136.36,791271,102156.0,193419.0,3163.0,3163.0,3115.5,3134.3,31803800,3447.7,2820.9,3839.9,2896.0,3119.4,111,9,3119.3,26,2,3119.2,69,3,3119.1,20,2,3119.0,119,3,3119.7,2,2,3119.8,3,1,3120.0,2418,16,3120.1,34,1,3120.3,34,1
2031,2026-06-16 10:05:00+05:30,3119.7,1,3136.36,791271,102156.0,193419.0,3163.0,3163.0,3115.5,3134.3,31803800,3447.7,2820.9,3839.9,2896.0,3119.4,111,9,3119.3,26,2,3119.2,69,3,3119.1,20,2,3119.0,119,3,3119.7,2,2,3119.8,3,1,3120.0,2418,16,3120.1,34,1,3120.3,34,1
2031,2026-06-16 10:05:01+05:30,3119.7,1,3136.36,791272,101930.0,195413.0,3163.0,3163.0,3115.5,3134.3,31803800,3447.7,2820.9,3839.9,2896.0,3119.6,48,6,3119.4,79,7,3119.3,26,2,3119.2,85,4,3119.1,20,2,3119.7,3,2,3119.8,3,1,3120.0,2418,16,3120.1,34,1,3120.3,34,1
2031,2026-06-16 10:05:01+05:30,3119.7,1,3136.36,791272,101930.0,195413.0,3163.0,3163.0,3115.5,3134.3,31803800,3447.7,2820.9,3839.9,2896.0,3119.6,48,6,3119.4,79,7,3119.3,26,2,3119.2,85,4,3119.1,20,2,3119.7,3,2,3119.8,3,1,3120.0,2418,16,3120.1,34,1,3120.3,34,1
2031,2026-06-16 10:05:02+05:30,3119.6,82,3136.36,791424,101923.0,195447.0,3163.0,3163.0,3115.5,3134.3,31803800,3447.7,2820.9,3839.9,2896.0,3119.6,23,1,3119.4,83,8,3119.3,26,2,3119.2,85,4,3119.1,20,2,3119.7,2,1,3119.8,3,1,3120.0,2492,17,3120.1,34,1,3120.3,118,2
2031,2026-06-16 10:05:02+05:30,3119.6,82,3136.36,791424,101923.0,195447.0,3163.0,3163.0,3115.5,3134.3,31803800,3447.7,2820.9,3839.9,2896.0,3119.6,23,1,3119.4,83,8,3119.3,26,2,3119.2,85,4,3119.1,20,2,3119.7,2,1,3119.8,3,1,3120.0,2492,17,3120.1,34,1,3120.3,118,2
2031,2026-06-16 10:05:03+05:30,3119.6,1,3136.36,791424,101923.0,195447.0,3163.0,3163.0,3115.5,3134.3,31803800,3447.7,2820.9,3839.9,2896.0,3119.6,23,1,3119.4,83,8,3119.3,26,2,3119.2,85,4,3119.1,20,2,3119.7,2,1,3119.8,3,1,3120.0,2492,17,3120.1,34,1,3120.3,118,2
2031,2026-06-16 10:05:03+05:30,3119.6,1,3136.36,791425,102265.0,195501.0,3163.0,3163.0,3115.5,3134.3,31803800,3447.7,2820.9,3839.9,2896.0,3119.6,43,4,3119.4,29,3,3119.3,13,1,3119.2,65,3,3119.1,39,3,3119.7,33,5,3119.8,3,1,3120.0,2515,18,3120.1,34,1,3120.2,84,1
2031,2026-06-16 10:05:04+05:30,3119.7,1,3136.36,791425,102265.0,195501.0,3163.0,3163.0,3115.5,3134.3,31803800,3447.7,2820.9,3839.9,2896.0,3119.6,43,4,3119.4,29,3,3119.3,13,1,3119.2,65,3,3119.1,39,3,3119.7,33,5,3119.8,3,1,3120.0,2515,18,3120.1,34,1,3120.2,84,1
2031,2026-06-16 10:05:04+05:30,3119.7,17,3136.36,791528,102426.0,195278.0,3163.0,3163.0,3115.5,3134.3,31803800,3447.7,2820.9,3839.9,2896.0,3119.6,57,5,3119.4,13,2,3119.1,20,2,3119.0,63,3,3118.9,56,2,3119.8,3,1,3120.0,2418,16,3120.1,118,2,3120.2,34,1,3120.4,20,1
2031,2026-06-16 10:05:05+05:30,3119.6,8,3136.36,791528,102426.0,195278.0,3163.0,3163.0,3115.5,3134.3,31803800,3447.7,2820.9,3839.9,2896.0,3119.6,57,5,3119.4,13,2,3119.1,20,2,3119.0,63,3,3118.9,56,2,3119.8,3,1,3120.0,2418,16,3120.1,118,2,3120.2,34,1,3120.4,20,1
2031,2026-06-16 10:05:05+05:30,3119.6,8,3136.36,791544,102399.0,195397.0,3163.0,3163.0,3115.5,3134.3,31803800,3447.7,2820.9,3839.9,2896.0,3119.6,27,4,3119.4,27,3,3119.1,1,1,3119.0,63,3,3118.9,56,2,3119.7,3,1,3119.8,5,2,3120.0,2418,16,3120.1,118,2,3120.2,34,1
2031,2026-06-16 10:05:06+05:30,3119.6,8,3136.36,791544,102341.0,195454.0,3163.0,3163.0,3115.5,3134.3,31803800,3447.7,2820.9,3839.9,2896.0,3119.6,35,4,3119.4,13,2,3119.1,1,1,3119.0,4,1,3118.8,42,3,3119.7,1,1,3119.8,6,3,3120.0,2437,17,3120.1,118,2,3120.2,53,2
2031,2026-06-16 10:05:07+05:30,3119.7,1,3136.36,791544,102341.0,195454.0,3163.0,3163.0,3115.5,3134.3,31803800,3447.7,2820.9,3839.9,2896.0,3119.6,35,4,3119.4,13,2,3119.1,1,1,3119.0,4,1,3118.8,42,3,3119.7,1,1,3119.8,6,3,3120.0,2437,17,3120.1,118,2,3120.2,53,2
2031,2026-06-16 10:05:07+05:30,3119.8,1,3136.35,791595,102535.0,196089.0,3163.0,3163.0,3115.5,3134.3,31803800,3447.7,2820.9,3839.9,2896.0,3119.7,5,1,3119.6,21,3,3119.4,13,2,3119.1,1,1,3119.0,4,1,3119.8,14,3,3119.9,41,2,3120.0,2437,17,3120.1,94,3,3120.2,172,4
2031,2026-06-16 10:05:08+05:30,3119.8,4,3136.35,791595,102535.0,196089.0,3163.0,3163.0,3115.5,3134.3,31803800,3447.7,2820.9,3839.9,2896.0,3119.7,5,1,3119.6,21,3,3119.4,13,2,3119.1,1,1,3119.0,4,1,3119.8,14,3,3119.9,41,2,3120.0,2437,17,3120.1,94,3,3120.2,172,4
2031,2026-06-16 10:05:08+05:30,3119.8,4,3136.35,791615,102876.0,195613.0,3163.0,3163.0,3115.5,3134.3,31803800,3447.7,2820.9,3839.9,2896.0,3119.8,3,1,3119.7,12,1,3119.6,135,5,3119.4,1,1,3119.1,1,1,3120.0,2284,16,3120.1,46,2,3120.2,100,4,3120.3,15,1,3120.4,104,4
2031,2026-06-16 10:05:09+05:30,3120.0,244,3136.35,791615,102876.0,195613.0,3163.0,3163.0,3115.5,3134.3,31803800,3447.7,2820.9,3839.9,2896.0,3119.8,3,1,3119.7,12,1,3119.6,135,5,3119.4,1,1,3119.1,1,1,3120.0,2284,16,3120.1,46,2,3120.2,100,4,3120.3,15,1,3120.4,104,4
2031,2026-06-16 10:05:09+05:30,3119.7,50,3136.35,792046,102873.0,195257.0,3163.0,3163.0,3115.5,3134.3,31803800,3447.7,2820.9,3839.9,2896.0,3119.7,12,1,3119.6,135,5,3119.4,1,1,3119.1,1,1,3119.0,4,1,3120.0,2018,15,3120.1,81,3,3120.2,135,4,3120.4,86,3,3120.5,207,3
2031,2026-06-16 10:05:10+05:30,3120.0,8,3136.35,792046,102873.0,195257.0,3163.0,3163.0,3115.5,3134.3,31803800,3447.7,2820.9,3839.9,2896.0,3119.7,12,1,3119.6,135,5,3119.4,1,1,3119.1,1,1,3119.0,4,1,3120.0,2018,15,3120.1,81,3,3120.2,135,4,3120.4,86,3,3120.5,207,3
2031,2026-06-16 10:05:10+05:30,3120.0,8,3136.35,792054,102878.0,193635.0,3163.0,3163.0,3115.5,3134.3,31803800,3447.7,2820.9,3839.9,2896.0,3119.7,12,1,3119.6,135,5,3119.1,1,1,3119.0,4,1,3118.8,2,1,3120.0,2055,18,3120.1,46,2,3120.2,190,6,3120.4,117,4,3120.5,123,2
2031,2026-06-16 10:05:11+05:30,3120.0,1,3136.35,792055,103089.0,195788.0,3163.0,3163.0,3115.5,3134.3,31803800,3447.7,2820.9,3839.9,2896.0,3119.7,12,1,3119.6,135,5,3119.2,10,1,3119.1,1,1,3119.0,4,1,3120.0,2095,19,3120.1,46,2,3120.2,190,6,3120.4,117,4,3120.5,70,1
2031,2026-06-16 10:05:12+05:30,3119.7,2,3136.35,792055,103089.0,195788.0,3163.0,3163.0,3115.5,3134.3,31803800,3447.7,2820.9,3839.9,2896.0,3119.7,12,1,3119.6,135,5,3119.2,10,1,3119.1,1,1,3119.0,4,1,3120.0,2095,19,3120.1,46,2,3120.2,190,6,3120.4,117,4,3120.5,70,1
2031,2026-06-16 10:05:12+05:30,3119.6,8,3136.34,792117,102846.0,195808.0,3163.0,3163.0,3115.5,3134.3,31803800,3447.7,2820.9,3839.9,2896.0,3119.6,127,5,3119.1,1,1,3119.0,4,1,3118.8,2,1,3118.7,2,1,3119.9,19,1,3120.0,2368,21,3120.1,130,3,3120.2,190,6,3120.4,138,5
2031,2026-06-16 10:05:13+05:30,3119.9,1,3136.34,792117,102846.0,195808.0,3163.0,3163.0,3115.5,3134.3,31803800,3447.7,2820.9,3839.9,2896.0,3119.6,127,5,3119.1,1,1,3119.0,4,1,3118.8,2,1,3118.7,2,1,3119.9,19,1,3120.0,2368,21,3120.1,130,3,3120.2,190,6,3120.4,138,5
2031,2026-06-16 10:05:14+05:30,3119.9,1,3136.34,792119,102855.0,196046.0,3163.0,3163.0,3115.5,3134.3,31803800,3447.7,2820.9,3839.9,2896.0,3119.7,6,1,3119.6,124,2,3119.1,1,1,3119.0,4,1,3118.9,16,1,3119.9,1,1,3120.0,2298,20,3120.1,64,3,3120.2,190,6,3120.4,222,6
2031,2026-06-16 10:05:14+05:30,3119.9,1,3136.34,792119,102855.0,196046.0,3163.0,3163.0,3115.5,3134.3,31803800,3447.7,2820.9,3839.9,2896.0,3119.7,6,1,3119.6,124,2,3119.1,1,1,3119.0,4,1,3118.9,16,1,3119.9,1,1,3120.0,2298,20,3120.1,64,3,3120.2,190,6,3120.4,222,6
2031,2026-06-16 10:05:15+05:30,3119.7,5,3136.34,792126,102886.0,196029.0,3163.0,3163.0,3115.5,3134.3,31803800,3447.7,2820.9,3839.9,2896.0,3119.7,1,1,3119.6,139,3,3119.1,1,1,3119.0,4,1,3118.9,37,1,3119.9,21,3,3120.0,2254,18,3120.1,64,3,3120.2,190,6,3120.4,222,6
2031,2026-06-16 10:05:15+05:30,3119.8,2,3136.34,792126,102886.0,196029.0,3163.0,3163.0,3115.5,3134.3,31803800,3447.7,2820.9,3839.9,2896.0,3119.7,1,1,3119.6,139,3,3119.1,1,1,3119.0,4,1,3118.9,37,1,3119.9,21,3,3120.0,2254,18,3120.1,64,3,3120.2,190,6,3120.4,222,6
2031,2026-06-16 10:05:16+05:30,3119.7,1,3136.34,792384,102446.0,196440.0,3163.0,3163.0,3115.5,3134.3,31803800,3447.7,2820.9,3839.9,2896.0,3119.6,40,3,3119.1,1,1,3119.0,4,1,3118.8,2,1,3118.7,2,1,3119.7,16,1,3119.8,55,2,3119.9,144,7,3120.0,2419,21,3120.1,64,3
2031,2026-06-16 10:05:16+05:30,3119.7,1,3136.34,792384,102446.0,196440.0,3163.0,3163.0,3115.5,3134.3,31803800,3447.7,2820.9,3839.9,2896.0,3119.6,40,3,3119.1,1,1,3119.0,4,1,3118.8,2,1,3118.7,2,1,3119.7,16,1,3119.8,55,2,3119.9,144,7,3120.0,2419,21,3120.1,64,3
2031,2026-06-16 10:05:17+05:30,3119.7,1,3136.34,792385,102654.0,195945.0,3163.0,3163.0,3115.5,3134.3,31803800,3447.7,2820.9,3839.9,2896.0,3119.6,66,3,3119.1,1,1,3119.0,4,1,3118.9,16,1,3118.8,2,1,3119.7,67,5,3119.8,36,1,3119.9,40,4,3120.0,2266,18,3120.1,148,4
2031,2026-06-16 10:05:17+05:30,3119.7,24,3136.34,792385,102654.0,195945.0,3163.0,3163.0,3115.5,3134.3,31803800,3447.7,2820.9,3839.9,2896.0,3119.6,66,3,3119.1,1,1,3119.0,4,1,3118.9,16,1,3118.8,2,1,3119.7,67,5,3119.8,36,1,3119.9,40,4,3120.0,2266,18,3120.1,148,4
2031,2026-06-16 10:05:18+05:30,3119.7,2,3136.34,792529,102493.0,196226.0,3163.0,3163.0,3115.5,3134.3,31803800,3447.7,2820.9,3839.9,2896.0,3119.6,79,4,3119.1,1,1,3119.0,4,1,3118.9,10,1,3118.8,2,1,3119.9,68,5,3120.0,2184,17,3120.1,64,3,3120.2,108,3,3120.3,84,1
2031,2026-06-16 10:05:18+05:30,3119.7,2,3136.34,792529,102493.0,196226.0,3163.0,3163.0,3115.5,3134.3,31803800,3447.7,2820.9,3839.9,2896.0,3119.6,79,4,3119.1,1,1,3119.0,4,1,3118.9,10,1,3118.8,2,1,3119.9,68,5,3120.0,2184,17,3120.1,64,3,3120.2,108,3,3120.3,84,1
2031,2026-06-16 10:05:19+05:30,3119.7,2,3136.34,792529,102493.0,196226.0,3163.0,3163.0,3115.5,3134.3,31803800,3447.7,2820.9,3839.9,2896.0,3119.6,79,4,3119.1,1,1,3119.0,4,1,3118.9,10,1,3118.8,2,1,3119.9,68,5,3120.0,2184,17,3120.1,64,3,3120.2,108,3,3120.3,84,1
2031,2026-06-16 10:05:19+05:30,3119.7,2,3136.34,792529,102619.0,196251.0,3163.0,3163.0,3115.5,3134.3,31803800,3447.7,2820.9,3839.9,2896.0,3119.6,67,4,3119.1,1,1,3119.0,4,1,3118.9,14,1,3118.8,2,1,3119.9,59,5,3120.0,2231,17,3120.1,100,4,3120.2,104,3,3120.3,34,1
2031,2026-06-16 10:05:19+05:30,3119.9,16,3136.34,792529,102619.0,196251.0,3163.0,3163.0,3115.5,3134.3,31803800,3447.7,2820.9,3839.9,2896.0,3119.6,67,4,3119.1,1,1,3119.0,4,1,3118.9,14,1,3118.8,2,1,3119.9,59,5,3120.0,2231,17,3120.1,100,4,3120.2,104,3,3120.3,34,1
2031,2026-06-16 10:05:20+05:30,3119.9,1,3136.33,792547,102697.0,196128.0,3163.0,3163.0,3115.5,3134.3,31803800,3447.7,2820.9,3839.9,2896.0,3119.6,105,6,3119.1,1,1,3119.0,4,1,3118.8,2,1,3118.7,49,4,3119.9,35,4,3120.0,2025,16,3120.1,271,4,3120.2,86,3,3120.3,104,2
2031,2026-06-16 10:05:20+05:30,3119.9,1,3136.33,792547,102697.0,196128.0,3163.0,3163.0,3115.5,3134.3,31803800,3447.7,2820.9,3839.9,2896.0,3119.6,105,6,3119.1,1,1,3119.0,4,1,3118.8,2,1,3118.7,49,4,3119.9,35,4,3120.0,2025,16,3120.1,271,4,3120.2,86,3,3120.3,104,2
2031,2026-06-16 10:05:20+05:30,3119.9,1,3136.33,792547,102697.0,196128.0,3163.0,3163.0,3115.5,3134.3,31803800,3447.7,2820.9,3839.9,2896.0,3119.6,105,6,3119.1,1,1,3119.0,4,1,3118.8,2,1,3118.7,49,4,3119.9,35,4,3120.0,2025,16,3120.1,271,4,3120.2,86,3,3120.3,104,2
2031,2026-06-16 10:05:21+05:30,3119.9,4,3136.33,792566,102797.0,196371.0,3163.0,3163.0,3115.5,3134.3,31803800,3447.7,2820.9,3839.9,2896.0,3119.6,105,6,3119.1,1,1,3119.0,4,1,3118.8,2,1,3118.7,49,4,3119.9,20,4,3120.0,2080,17,3120.1,271,4,3120.2,86,3,3120.3,104,2
2031,2026-06-16 10:05:21+05:30,3119.9,4,3136.33,792566,102797.0,196371.0,3163.0,3163.0,3115.5,3134.3,31803800,3447.7,2820.9,3839.9,2896.0,3119.6,105,6,3119.1,1,1,3119.0,4,1,3118.8,2,1,3118.7,49,4,3119.9,20,4,3120.0,2080,17,3120.1,271,4,3120.2,86,3,3120.3,104,2
2031,2026-06-16 10:05:22+05:30,3119.9,4,3136.33,792566,102797.0,196371.0,3163.0,3163.0,3115.5,3134.3,31803800,3447.7,2820.9,3839.9,2896.0,3119.6,105,6,3119.1,1,1,3119.0,4,1,3118.8,2,1,3118.7,49,4,3119.9,20,4,3120.0,2080,17,3120.1,271,4,3120.2,86,3,3120.3,104,2
2031,2026-06-16 10:05:22+05:30,3119.9,4,3136.33,792566,102792.0,194475.0,3163.0,3163.0,3115.5,3134.3,31803800,3447.7,2820.9,3839.9,2896.0,3119.6,90,5,3119.1,1,1,3119.0,4,1,3118.9,15,1,3118.8,2,1,3119.9,39,5,3120.0,2032,17,3120.1,336,4,3120.2,105,4,3120.3,104,2
2031,2026-06-16 10:05:22+05:30,3119.9,1,3136.33,792566,102792.0,194475.0,3163.0,3163.0,3115.5,3134.3,31803800,3447.7,2820.9,3839.9,2896.0,3119.6,90,5,3119.1,1,1,3119.0,4,1,3118.9,15,1,3118.8,2,1,3119.9,39,5,3120.0,2032,17,3120.1,336,4,3120.2,105,4,3120.3,104,2
2031,2026-06-16 10:05:23+05:30,3119.9,1,3136.33,792583,102822.0,196235.0,3163.0,3163.0,3115.5,3134.3,31803800,3447.7,2820.9,3839.9,2896.0,3119.6,105,6,3119.1,1,1,3119.0,4,1,3118.8,2,1,3118.7,39,3,3119.9,10,3,3120.0,1846,17,3120.1,336,4,3120.2,105,4,3120.3,104,2
2031,2026-06-16 10:05:23+05:30,3119.9,1,3136.33,792583,102822.0,196235.0,3163.0,3163.0,3115.5,3134.3,31803800,3447.7,2820.9,3839.9,2896.0,3119.6,105,6,3119.1,1,1,3119.0,4,1,3118.8,2,1,3118.7,39,3,3119.9,10,3,3120.0,1846,17,3120.1,336,4,3120.2,105,4,3120.3,104,2
2031,2026-06-16 10:05:24+05:30,3119.9,1,3136.33,792583,102823.0,196089.0,3163.0,3163.0,3115.5,3134.3,31803800,3447.7,2820.9,3839.9,2896.0,3119.6,105,6,3119.1,1,1,3119.0,4,1,3118.8,2,1,3118.7,39,3,3119.9,10,3,3120.0,1732,15,3120.1,336,4,3120.2,105,4,3120.3,104,2
2031,2026-06-16 10:05:25+05:30,3119.9,7,3136.33,792593,102847.0,196116.0,3163.0,3163.0,3115.5,3134.3,31803800,3447.7,2820.9,3839.9,2896.0,3119.6,89,4,3119.1,1,1,3119.0,4,1,3118.9,15,1,3118.8,2,1,3119.9,4,2,3120.0,1732,15,3120.1,252,3,3120.2,189,5,3120.3,104,2
2031,2026-06-16 10:05:25+05:30,3119.9,7,3136.33,792593,102847.0,196116.0,3163.0,3163.0,3115.5,3134.3,31803800,3447.7,2820.9,3839.9,2896.0,3119.6,89,4,3119.1,1,1,3119.0,4,1,3118.9,15,1,3118.8,2,1,3119.9,4,2,3120.0,1732,15,3120.1,252,3,3120.2,189,5,3120.3,104,2
2031,2026-06-16 10:05:25+05:30,3119.9,7,3136.33,792593,102847.0,196116.0,3163.0,3163.0,3115.5,3134.3,31803800,3447.7,2820.9,3839.9,2896.0,3119.6,89,4,3119.1,1,1,3119.0,4,1,3118.9,15,1,3118.8,2,1,3119.9,4,2,3120.0,1732,15,3120.1,252,3,3120.2,189,5,3120.3,104,2
2031,2026-06-16 10:05:26+05:30,3120.0,193,3136.33,792812,102786.0,193096.0,3163.0,3163.0,3115.5,3134.3,31803800,3447.7,2820.9,3839.9,2896.0,3119.6,89,4,3119.1,1,1,3119.0,4,1,3118.9,16,1,3118.8,65,2,3120.0,1439,13,3120.1,252,3,3120.2,189,5,3120.3,34,1,3120.4,108,4
2031,2026-06-16 10:05:26+05:30,3120.0,193,3136.33,792812,102786.0,193096.0,3163.0,3163.0,3115.5,3134.3,31803800,3447.7,2820.9,3839.9,2896.0,3119.6,89,4,3119.1,1,1,3119.0,4,1,3118.9,16,1,3118.8,65,2,3120.0,1439,13,3120.1,252,3,3120.2,189,5,3120.3,34,1,3120.4,108,4
2031,2026-06-16 10:05:27+05:30,3120.0,1,3136.33,792812,102786.0,193096.0,3163.0,3163.0,3115.5,3134.3,31803800,3447.7,2820.9,3839.9,2896.0,3119.6,89,4,3119.1,1,1,3119.0,4,1,3118.9,16,1,3118.8,65,2,3120.0,1439,13,3120.1,252,3,3120.2,189,5,3120.3,34,1,3120.4,108,4
2031,2026-06-16 10:05:27+05:30,3120.0,1,3136.33,792830,103039.0,193181.0,3163.0,3163.0,3115.5,3134.3,31803800,3447.7,2820.9,3839.9,2896.0,3119.6,105,5,3119.1,1,1,3119.0,4,1,3118.8,135,3,3118.7,58,4,3120.0,1409,12,3120.1,252,3,3120.2,110,4,3120.3,118,2,3120.4,81,3
2031,2026-06-16 10:05:28+05:30,3120.0,30,3136.33,792830,103039.0,193181.0,3163.0,3163.0,3115.5,3134.3,31803800,3447.7,2820.9,3839.9,2896.0,3119.6,105,5,3119.1,1,1,3119.0,4,1,3118.8,135,3,3118.7,58,4,3120.0,1409,12,3120.1,252,3,3120.2,110,4,3120.3,118,2,3120.4,81,3
2031,2026-06-16 10:05:28+05:30,3120.0,30,3136.33,792830,103039.0,193181.0,3163.0,3163.0,3115.5,3134.3,31803800,3447.7,2820.9,3839.9,2896.0,3119.6,105,5,3119.1,1,1,3119.0,4,1,3118.8,135,3,3118.7,58,4,3120.0,1409,12,3120.1,252,3,3120.2,110,4,3120.3,118,2,3120.4,81,3
2031,2026-06-16 10:05:28+05:30,3120.0,30,3136.33,792860,103214.0,195555.0,3163.0,3163.0,3115.5,3134.3,31803800,3447.7,2820.9,3839.9,2896.0,3119.7,13,1,3119.6,105,5,3119.1,1,1,3119.0,4,1,3118.8,135,3,3120.0,1434,14,3120.1,252,3,3120.2,110,4,3120.3,84,1,3120.4,60,2
2031,2026-06-16 10:05:29+05:30,3120.0,30,3136.33,792860,103214.0,195555.0,3163.0,3163.0,3115.5,3134.3,31803800,3447.7,2820.9,3839.9,2896.0,3119.7,13,1,3119.6,105,5,3119.1,1,1,3119.0,4,1,3118.8,135,3,3120.0,1434,14,3120.1,252,3,3120.2,110,4,3120.3,84,1,3120.4,60,2
2031,2026-06-16 10:05:29+05:30,3119.7,23,3136.31,793561,102772.0,195305.0,3163.0,3163.0,3115.5,3134.3,31803800,3447.7,2820.9,3839.9,2896.0,3119.7,44,2,3119.6,82,4,3119.1,1,1,3119.0,4,1,3118.8,2,1,3119.8,200,1,3120.0,1685,19,3120.1,336,4,3120.2,110,4,3120.3,19,1
2031,2026-06-16 10:05:29+05:30,3119.7,23,3136.31,793561,102772.0,195305.0,3163.0,3163.0,3115.5,3134.3,31803800,3447.7,2820.9,3839.9,2896.0,3119.7,44,2,3119.6,82,4,3119.1,1,1,3119.0,4,1,3118.8,2,1,3119.8,200,1,3120.0,1685,19,3120.1,336,4,3120.2,110,4,3120.3,19,1
2031,2026-06-16 10:05:30+05:30,3119.7,23,3136.31,793561,102772.0,195305.0,3163.0,3163.0,3115.5,3134.3,31803800,3447.7,2820.9,3839.9,2896.0,3119.7,44,2,3119.6,82,4,3119.1,1,1,3119.0,4,1,3118.8,2,1,3119.8,200,1,3120.0,1685,19,3120.1,336,4,3120.2,110,4,3120.3,19,1
2031,2026-06-16 10:05:30+05:30,3119.8,17,3136.31,793561,102772.0,195305.0,3163.0,3163.0,3115.5,3134.3,31803800,3447.7,2820.9,3839.9,2896.0,3119.7,44,2,3119.6,82,4,3119.1,1,1,3119.0,4,1,3118.8,2,1,3119.8,200,1,3120.0,1685,19,3120.1,336,4,3120.2,110,4,3120.3,19,1
2031,2026-06-16 10:05:30+05:30,3119.8,17,3136.31,793561,102772.0,195305.0,3163.0,3163.0,3115.5,3134.3,31803800,3447.7,2820.9,3839.9,2896.0,3119.7,44,2,3119.6,82,4,3119.1,1,1,3119.0,4,1,3118.8,2,1,3119.8,200,1,3120.0,1685,19,3120.1,336,4,3120.2,110,4,3120.3,19,1
2031,2026-06-16 10:05:30+05:30,3119.7,6,3136.31,793808,102938.0,196162.0,3163.0,3163.0,3115.5,3134.3,31803800,3447.7,2820.9,3839.9,2896.0,3119.7,50,4,3119.6,82,4,3119.1,1,1,3119.0,4,1,3118.8,2,1,3119.8,202,4,3120.0,1628,17,3120.1,352,5,3120.2,110,4,3120.3,19,1
2031,2026-06-16 10:05:31+05:30,3119.8,21,3136.31,793808,102938.0,196162.0,3163.0,3163.0,3115.5,3134.3,31803800,3447.7,2820.9,3839.9,2896.0,3119.7,50,4,3119.6,82,4,3119.1,1,1,3119.0,4,1,3118.8,2,1,3119.8,202,4,3120.0,1628,17,3120.1,352,5,3120.2,110,4,3120.3,19,1
2031,2026-06-16 10:05:31+05:30,3119.8,21,3136.31,793808,102938.0,196162.0,3163.0,3163.0,3115.5,3134.3,31803800,3447.7,2820.9,3839.9,2896.0,3119.7,50,4,3119.6,82,4,3119.1,1,1,3119.0,4,1,3118.8,2,1,3119.8,202,4,3120.0,1628,17,3120.1,352,5,3120.2,110,4,3120.3,19,1
2031,2026-06-16 10:05:31+05:30,3119.8,21,3136.3,794193,102646.0,195488.0,3163.0,3163.0,3115.5,3134.3,31803800,3447.7,2820.9,3839.9,2896.0,3119.7,151,5,3119.6,59,3,3119.1,1,1,3119.0,4,1,3118.8,72,2,3119.8,1,1,3119.9,10,1,3120.0,1441,14,3120.1,252,3,3120.2,55,2
2031,2026-06-16 10:05:32+05:30,3119.8,21,3136.3,794193,102646.0,195488.0,3163.0,3163.0,3115.5,3134.3,31803800,3447.7,2820.9,3839.9,2896.0,3119.7,151,5,3119.6,59,3,3119.1,1,1,3119.0,4,1,3118.8,72,2,3119.8,1,1,3119.9,10,1,3120.0,1441,14,3120.1,252,3,3120.2,55,2
2031,2026-06-16 10:05:32+05:30,3119.8,25,3136.3,794193,102646.0,195488.0,3163.0,3163.0,3115.5,3134.3,31803800,3447.7,2820.9,3839.9,2896.0,3119.7,151,5,3119.6,59,3,3119.1,1,1,3119.0,4,1,3118.8,72,2,3119.8,1,1,3119.9,10,1,3120.0,1441,14,3120.1,252,3,3120.2,55,2
2031,2026-06-16 10:05:33+05:30,3119.8,25,3136.3,794218,103218.0,196343.0,3163.0,3163.0,3115.5,3134.3,31803800,3447.7,2820.9,3839.9,2896.0,3119.7,197,6,3119.6,59,3,3119.1,1,1,3119.0,74,2,3118.9,35,1,3119.8,22,1,3119.9,11,2,3120.0,1515,15,3120.1,252,3,3120.2,55,2
2031,2026-06-16 10:05:33+05:30,3119.8,25,3136.3,794218,103218.0,196343.0,3163.0,3163.0,3115.5,3134.3,31803800,3447.7,2820.9,3839.9,2896.0,3119.7,197,6,3119.6,59,3,3119.1,1,1,3119.0,74,2,3118.9,35,1,3119.8,22,1,3119.9,11,2,3120.0,1515,15,3120.1,252,3,3120.2,55,2
2031,2026-06-16 10:05:33+05:30,3119.8,5,3136.3,794218,103218.0,196343.0,3163.0,3163.0,3115.5,3134.3,31803800,3447.7,2820.9,3839.9,2896.0,3119.7,197,6,3119.6,59,3,3119.1,1,1,3119.0,74,2,3118.9,35,1,3119.8,22,1,3119.9,11,2,3120.0,1515,15,3120.1,252,3,3120.2,55,2
2031,2026-06-16 10:05:33+05:30,3119.8,5,3136.3,794218,103218.0,196343.0,3163.0,3163.0,3115.5,3134.3,31803800,3447.7,2820.9,3839.9,2896.0,3119.7,197,6,3119.6,59,3,3119.1,1,1,3119.0,74,2,3118.9,35,1,3119.8,22,1,3119.9,11,2,3120.0,1515,15,3120.1,252,3,3120.2,55,2
2031,2026-06-16 10:05:34+05:30,3119.8,1,3136.3,794314,103194.0,196374.0,3163.0,3163.0,3115.5,3134.3,31803800,3447.7,2820.9,3839.9,2896.0,3119.7,178,6,3119.6,59,3,3119.1,1,1,3119.0,109,3,3118.8,157,5,3119.8,69,2,3119.9,11,2,3120.0,1519,15,3120.1,252,3,3120.2,55,2
2031,2026-06-16 10:05:34+05:30,3119.8,51,3136.3,794314,103194.0,196374.0,3163.0,3163.0,3115.5,3134.3,31803800,3447.7,2820.9,3839.9,2896.0,3119.7,178,6,3119.6,59,3,3119.1,1,1,3119.0,109,3,3118.8,157,5,3119.8,69,2,3119.9,11,2,3120.0,1519,15,3120.1,252,3,3120.2,55,2
2031,2026-06-16 10:05:34+05:30,3119.8,51,3136.3,794314,103194.0,196374.0,3163.0,3163.0,3115.5,3134.3,31803800,3447.7,2820.9,3839.9,2896.0,3119.7,178,6,3119.6,59,3,3119.1,1,1,3119.0,109,3,3118.8,157,5,3119.8,69,2,3119.9,11,2,3120.0,1519,15,3120.1,252,3,3120.2,55,2
2031,2026-06-16 10:05:35+05:30,3119.9,7,3136.3,794451,102985.0,195673.0,3163.0,3163.0,3115.5,3134.3,31803800,3447.7,2820.9,3839.9,2896.0,3119.7,178,6,3119.6,43,2,3119.1,36,2,3119.0,4,1,3118.8,169,5,3119.9,1,1,3120.0,1519,15,3120.1,252,3,3120.2,55,2,3120.3,103,2
2031,2026-06-16 10:05:35+05:30,3119.9,7,3136.3,794451,102985.0,195673.0,3163.0,3163.0,3115.5,3134.3,31803800,3447.7,2820.9,3839.9,2896.0,3119.7,178,6,3119.6,43,2,3119.1,36,2,3119.0,4,1,3118.8,169,5,3119.9,1,1,3120.0,1519,15,3120.1,252,3,3120.2,55,2,3120.3,103,2
2031,2026-06-16 10:05:35+05:30,3119.7,4,3136.3,794451,102985.0,195673.0,3163.0,3163.0,3115.5,3134.3,31803800,3447.7,2820.9,3839.9,2896.0,3119.7,178,6,3119.6,43,2,3119.1,36,2,3119.0,4,1,3118.8,169,5,3119.9,1,1,3120.0,1519,15,3120.1,252,3,3120.2,55,2,3120.3,103,2
2031,2026-06-16 10:05:36+05:30,3119.9,1,3136.3,794458,102970.0,194985.0,3163.0,3163.0,3115.5,3134.3,31803800,3447.7,2820.9,3839.9,2896.0,3119.7,188,6,3119.6,43,2,3119.1,36,2,3119.0,74,2,3118.8,169,5,3119.9,1,1,3120.0,1519,15,3120.1,52,2,3120.2,55,2,3120.3,119,2
2031,2026-06-16 10:05:36+05:30,3119.9,1,3136.3,794458,102970.0,194985.0,3163.0,3163.0,3115.5,3134.3,31807200,3447.7,2820.9,3839.9,2896.0,3119.7,188,6,3119.6,43,2,3119.1,36,2,3119.0,74,2,3118.8,169,5,3119.9,1,1,3120.0,1519,15,3120.1,52,2,3120.2,55,2,3120.3,119,2
2031,2026-06-16 10:05:36+05:30,3119.9,1,3136.3,794458,102970.0,194985.0,3163.0,3163.0,3115.5,3134.3,31807200,3447.7,2820.9,3839.9,2896.0,3119.7,188,6,3119.6,43,2,3119.1,36,2,3119.0,74,2,3118.8,169,5,3119.9,1,1,3120.0,1519,15,3120.1,52,2,3120.2,55,2,3120.3,119,2
2031,2026-06-16 10:05:37+05:30,3120.0,12,3136.17,800625,104745.0,192215.0,3163.0,3163.0,3115.5,3134.3,31807200,3447.7,2820.9,3839.9,2896.0,3120.0,53,4,3119.9,55,3,3119.8,111,4,3119.7,188,6,3119.6,104,4,3120.3,35,1,3120.6,16,1,3120.7,5,1,3120.8,21,1,3120.9,5,2
2031,2026-06-16 10:05:37+05:30,3120.0,275,3136.17,800625,104745.0,192215.0,3163.0,3163.0,3115.5,3134.3,31807200,3447.7,2820.9,3839.9,2896.0,3120.0,53,4,3119.9,55,3,3119.8,111,4,3119.7,188,6,3119.6,104,4,3120.3,35,1,3120.6,16,1,3120.7,5,1,3120.8,21,1,3120.9,5,2
2031,2026-06-16 10:05:38+05:30,3120.1,127,3136.16,801213,104760.0,190720.0,3163.0,3163.0,3115.5,3134.3,31807200,3447.7,2820.9,3839.9,2896.0,3120.3,9,1,3120.1,603,8,3120.0,86,6,3119.9,76,4,3119.8,103,5,3120.6,58,2,3120.7,5,1,3120.9,5,2,3121.0,436,4,3121.2,70,2
2031,2026-06-16 10:05:38+05:30,3120.1,127,3136.16,801213,104760.0,190720.0,3163.0,3163.0,3115.5,3134.3,31807200,3447.7,2820.9,3839.9,2896.0,3120.3,9,1,3120.1,603,8,3120.0,86,6,3119.9,76,4,3119.8,103,5,3120.6,58,2,3120.7,5,1,3120.9,5,2,3121.0,436,4,3121.2,70,2
2031,2026-06-16 10:05:39+05:30,3120.1,42,3136.15,801659,102294.0,190267.0,3163.0,3163.0,3115.5,3134.3,31807200,3447.7,2820.9,3839.9,2896.0,3120.3,1,1,3120.1,170,4,3120.0,24,2,3119.9,18,1,3119.8,97,4,3120.6,161,5,3120.7,5,1,3120.9,5,2,3121.0,478,5,3121.2,49,1
2031,2026-06-16 10:05:39+05:30,3120.3,11,3136.15,801659,102294.0,190267.0,3163.0,3163.0,3115.5,3134.3,31807200,3447.7,2820.9,3839.9,2896.0,3120.3,1,1,3120.1,170,4,3120.0,24,2,3119.9,18,1,3119.8,97,4,3120.6,161,5,3120.7,5,1,3120.9,5,2,3121.0,478,5,3121.2,49,1
2031,2026-06-16 10:05:40+05:30,3120.5,3,3136.15,801704,102314.0,189997.0,3163.0,3163.0,3115.5,3134.3,31807200,3447.7,2820.9,3839.9,2896.0,3120.4,1,1,3120.3,204,3,3120.2,12,1,3120.1,204,3,3120.0,86,4,3120.5,110,1,3120.6,161,5,3120.7,5,1,3120.9,5,2,3121.0,436,4
2031,2026-06-16 10:05:40+05:30,3120.5,3,3136.15,801704,102314.0,189997.0,3163.0,3163.0,3115.5,3134.3,31807200,3447.7,2820.9,3839.9,2896.0,3120.4,1,1,3120.3,204,3,3120.2,12,1,3120.1,204,3,3120.0,86,4,3120.5,110,1,3120.6,161,5,3120.7,5,1,3120.9,5,2,3121.0,436,4
2031,2026-06-16 10:05:41+05:30,3120.3,28,3136.15,801704,102314.0,189997.0,3163.0,3163.0,3115.5,3134.3,31807200,3447.7,2820.9,3839.9,2896.0,3120.4,1,1,3120.3,204,3,3120.2,12,1,3120.1,204,3,3120.0,86,4,3120.5,110,1,3120.6,161,5,3120.7,5,1,3120.9,5,2,3121.0,436,4
2031,2026-06-16 10:05:41+05:30,3120.3,28,3136.14,801973,102118.0,192242.0,3163.0,3163.0,3115.5,3134.3,31807200,3447.7,2820.9,3839.9,2896.0,3120.3,8,1,3120.2,24,1,3120.1,122,1,3119.9,36,1,3119.8,55,3,3120.5,111,2,3120.6,184,7,3120.7,5,1,3120.9,5,2,3121.0,436,4
2031,2026-06-16 10:05:42+05:30,3120.5,6,3136.14,801973,102118.0,192242.0,3163.0,3163.0,3115.5,3134.3,31807200,3447.7,2820.9,3839.9,2896.0,3120.3,8,1,3120.2,24,1,3120.1,122,1,3119.9,36,1,3119.8,55,3,3120.5,111,2,3120.6,184,7,3120.7,5,1,3120.9,5,2,3121.0,436,4
2031,2026-06-16 10:05:42+05:30,3120.5,6,3136.14,802108,102517.0,191660.0,3163.0,3163.0,3115.5,3134.3,31807200,3447.7,2820.9,3839.9,2896.0,3120.3,95,7,3120.2,25,1,3120.1,192,2,3120.0,164,6,3119.9,117,3,3120.6,184,7,3120.7,5,1,3120.9,5,2,3121.0,436,4,3121.2,49,1
2031,2026-06-16 10:05:43+05:30,3120.3,2,3136.14,802108,102517.0,191660.0,3163.0,3163.0,3115.5,3134.3,31807200,3447.7,2820.9,3839.9,2896.0,3120.3,95,7,3120.2,25,1,3120.1,192,2,3120.0,164,6,3119.9,117,3,3120.6,184,7,3120.7,5,1,3120.9,5,2,3121.0,436,4,3121.2,49,1
2031,2026-06-16 10:05:43+05:30,3120.3,2,3136.14,802135,103475.0,191907.0,3163.0,3163.0,3115.5,3134.3,31807200,3447.7,2820.9,3839.9,2896.0,3120.4,26,1,3120.3,76,7,3120.2,46,2,3120.1,122,1,3120.0,142,5,3120.6,184,8,3120.7,5,1,3120.9,5,2,3121.0,436,4,3121.2,49,1
2031,2026-06-16 10:05:44+05:30,3120.4,64,3136.14,802135,103475.0,191907.0,3163.0,3163.0,3115.5,3134.3,31807200,3447.7,2820.9,3839.9,2896.0,3120.4,26,1,3120.3,76,7,3120.2,46,2,3120.1,122,1,3120.0,142,5,3120.6,184,8,3120.7,5,1,3120.9,5,2,3121.0,436,4,3121.2,49,1
2031,2026-06-16 10:05:44+05:30,3120.4,64,3136.14,802199,103810.0,191572.0,3163.0,3163.0,3115.5,3134.3,31807200,3447.7,2820.9,3839.9,2896.0,3120.4,51,4,3120.3,48,5,3120.2,111,3,3120.1,122,1,3120.0,219,7,3120.6,226,9,3120.7,5,1,3120.9,5,2,3121.0,436,4,3121.2,49,1
2031,2026-06-16 10:05:45+05:30,3120.6,34,3136.14,802199,103810.0,191572.0,3163.0,3163.0,3115.5,3134.3,31807200,3447.7,2820.9,3839.9,2896.0,3120.4,51,4,3120.3,48,5,3120.2,111,3,3120.1,122,1,3120.0,219,7,3120.6,226,9,3120.7,5,1,3120.9,5,2,3121.0,436,4,3121.2,49,1
2031,2026-06-16 10:05:45+05:30,3120.6,34,3136.14,802249,103100.0,192390.0,3163.0,3163.0,3115.5,3134.3,31807200,3447.7,2820.9,3839.9,2896.0,3120.5,2,2,3120.4,28,3,3120.3,64,6,3120.2,35,1,3120.1,122,1,3120.6,176,8,3120.7,5,1,3120.9,5,2,3121.0,478,5,3121.2,49,1
2031,2026-06-16 10:05:46+05:30,3120.6,1,3136.14,802249,103100.0,192390.0,3163.0,3163.0,3115.5,3134.3,31807200,3447.7,2820.9,3839.9,2896.0,3120.5,2,2,3120.4,28,3,3120.3,64,6,3120.2,35,1,3120.1,122,1,3120.6,176,8,3120.7,5,1,3120.9,5,2,3121.0,478,5,3121.2,49,1
2031,2026-06-16 10:05:46+05:30,3120.6,1,3136.13,802533,103237.0,192314.0,3163.0,3163.0,3115.5,3134.3,31807200,3447.7,2820.9,3839.9,2896.0,3120.5,3,3,3120.4,3,3,3120.3,90,7,3120.1,137,2,3120.0,85,2,3120.6,9,4,3120.7,5,1,3120.9,5,2,3121.0,478,5,3121.2,49,1
2031,2026-06-16 10:05:47+05:30,3120.6,1,3136.13,802533,103237.0,192314.0,3163.0,3163.0,3115.5,3134.3,31807200,3447.7,2820.9,3839.9,2896.0,3120.5,3,3,3120.4,3,3,3120.3,90,7,3120.1,137,2,3120.0,85,2,3120.6,9,4,3120.7,5,1,3120.9,5,2,3121.0,478,5,3121.2,49,1
2031,2026-06-16 10:05:48+05:30,3120.6,1,3136.13,802533,103180.0,191687.0,3163.0,3163.0,3115.5,3134.3,31807200,3447.7,2820.9,3839.9,2896.0,3120.5,26,6,3120.4,3,3,3120.3,79,8,3120.2,135,4,3120.1,207,3,3120.6,11,4,3120.7,5,1,3120.9,5,2,3121.0,478,5,3121.2,49,1
2031,2026-06-16 10:05:49+05:30,3120.6,1,3136.13,802587,103279.0,191225.0,3163.0,3163.0,3115.5,3134.3,31807200,3447.7,2820.9,3839.9,2896.0,3120.5,41,6,3120.4,9,4,3120.3,79,8,3120.2,135,4,3120.1,207,3,3120.6,8,4,3120.7,5,1,3120.9,5,2,3121.0,478,5,3121.2,49,1
2031,2026-06-16 10:05:49+05:30,3120.6,22,3136.13,802587,103279.0,191225.0,3163.0,3163.0,3115.5,3134.3,31807200,3447.7,2820.9,3839.9,2896.0,3120.5,41,6,3120.4,9,4,3120.3,79,8,3120.2,135,4,3120.1,207,3,3120.6,8,4,3120.7,5,1,3120.9,5,2,3121.0,478,5,3121.2,49,1
2031,2026-06-16 10:05:50+05:30,3120.6,1,3136.13,802618,103347.0,191226.0,3163.0,3163.0,3115.5,3134.3,31807200,3447.7,2820.9,3839.9,2896.0,3120.5,38,5,3120.4,3,3,3120.3,79,8,3120.2,135,4,3120.1,207,3,3120.6,9,4,3120.7,5,1,3120.9,5,2,3121.0,478,5,3121.2,49,1
2031,2026-06-16 10:05:50+05:30,3120.6,1,3136.13,802618,103347.0,191226.0,3163.0,3163.0,3115.5,3134.3,31807200,3447.7,2820.9,3839.9,2896.0,3120.5,38,5,3120.4,3,3,3120.3,79,8,3120.2,135,4,3120.1,207,3,3120.6,9,4,3120.7,5,1,3120.9,5,2,3121.0,478,5,3121.2,49,1
2031,2026-06-16 10:05:51+05:30,3120.6,1,3136.13,802618,103253.0,191679.0,3163.0,3163.0,3115.5,3134.3,31807200,3447.7,2820.9,3839.9,2896.0,3120.5,56,7,3120.4,47,6,3120.3,64,7,3120.2,135,4,3120.1,207,3,3120.6,48,5,3120.7,5,1,3120.9,5,2,3121.0,478,5,3121.2,49,1
2031,2026-06-16 10:05:52+05:30,3121.0,1,3136.13,802834,103636.0,191434.0,3163.0,3163.0,3115.5,3134.3,31807200,3447.7,2820.9,3839.9,2896.0,3120.7,1,1,3120.5,54,6,3120.4,41,5,3120.3,72,8,3120.2,232,4,3121.0,384,3,3121.2,49,1,3121.5,209,2,3121.6,84,1,3121.7,73,2
2031,2026-06-16 10:05:52+05:30,3121.0,1,3136.13,802834,103636.0,191434.0,3163.0,3163.0,3115.5,3134.3,31807200,3447.7,2820.9,3839.9,2896.0,3120.7,1,1,3120.5,54,6,3120.4,41,5,3120.3,72,8,3120.2,232,4,3121.0,384,3,3121.2,49,1,3121.5,209,2,3121.6,84,1,3121.7,73,2
2031,2026-06-16 10:05:53+05:30,3120.5,3,3136.13,802834,103636.0,191434.0,3163.0,3163.0,3115.5,3134.3,31807200,3447.7,2820.9,3839.9,2896.0,3120.7,1,1,3120.5,54,6,3120.4,41,5,3120.3,72,8,3120.2,232,4,3121.0,384,3,3121.2,49,1,3121.5,209,2,3121.6,84,1,3121.7,73,2
2031,2026-06-16 10:05:53+05:30,3120.5,3,3136.13,802840,103479.0,191642.0,3163.0,3163.0,3115.5,3134.3,31807200,3447.7,2820.9,3839.9,2896.0,3120.5,25,5,3120.4,41,5,3120.3,60,7,3120.2,28,1,3120.1,59,2,3120.9,43,1,3121.0,394,4,3121.2,69,2,3121.5,412,5,3121.6,27,1
2031,2026-06-16 10:05:54+05:30,3120.9,30,3136.13,802840,103479.0,191642.0,3163.0,3163.0,3115.5,3134.3,31807200,3447.7,2820.9,3839.9,2896.0,3120.5,25,5,3120.4,41,5,3120.3,60,7,3120.2,28,1,3120.1,59,2,3120.9,43,1,3121.0,394,4,3121.2,69,2,3121.5,412,5,3121.6,27,1
2031,2026-06-16 10:05:54+05:30,3120.9,30,3136.13,802870,103242.0,191648.0,3163.0,3163.0,3115.5,3134.3,31807200,3447.7,2820.9,3839.9,2896.0,3120.5,25,5,3120.4,41,5,3120.3,60,7,3120.0,51,2,3119.8,84,4,3120.9,52,3,3121.0,413,5,3121.1,84,1,3121.2,69,2,3121.5,328,4
2031,2026-06-16 10:05:55+05:30,3120.9,10,3136.13,802870,103242.0,191648.0,3163.0,3163.0,3115.5,3134.3,31807200,3447.7,2820.9,3839.9,2896.0,3120.5,25,5,3120.4,41,5,3120.3,60,7,3120.0,51,2,3119.8,84,4,3120.9,52,3,3121.0,413,5,3121.1,84,1,3121.2,69,2,3121.5,328,4
2031,2026-06-16 10:05:55+05:30,3120.9,10,3136.12,802880,103253.0,191743.0,3163.0,3163.0,3115.5,3134.3,31807200,3447.7,2820.9,3839.9,2896.0,3120.7,25,3,3120.5,27,4,3120.4,14,3,3120.3,38,4,3120.0,121,3,3120.9,72,6,3121.0,413,5,3121.1,34,1,3121.2,168,4,3121.3,105,2
2031,2026-06-16 10:05:56+05:30,3120.9,10,3136.12,802880,103278.0,192297.0,3163.0,3163.0,3115.5,3134.3,31807200,3447.7,2820.9,3839.9,2896.0,3120.7,25,3,3120.5,27,4,3120.4,14,3,3120.3,38,4,3120.0,121,3,3120.9,93,8,3121.0,413,5,3121.1,34,1,3121.2,49,1,3121.3,138,3
2031,2026-06-16 10:05:57+05:30,3120.9,1,3136.12,802880,103278.0,192297.0,3163.0,3163.0,3115.5,3134.3,31807200,3447.7,2820.9,3839.9,2896.0,3120.7,25,3,3120.5,27,4,3120.4,14,3,3120.3,38,4,3120.0,121,3,3120.9,93,8,3121.0,413,5,3121.1,34,1,3121.2,49,1,3121.3,138,3
2031,2026-06-16 10:05:57+05:30,3120.9,1,3136.12,803112,103422.0,191894.0,3163.0,3163.0,3115.5,3134.3,31807200,3447.7,2820.9,3839.9,2896.0,3120.5,27,4,3120.4,14,3,3120.3,38,4,3120.0,121,3,3119.6,93,4,3120.9,92,8,3121.0,567,7,3121.1,88,3,3121.2,175,3,3121.3,58,1
2031,2026-06-16 10:05:58+05:30,3120.9,1,3136.12,803112,103564.0,190398.0,3163.0,3163.0,3115.5,3134.3,31807200,3447.7,2820.9,3839.9,2896.0,3120.6,50,1,3120.5,30,5,3120.4,14,3,3120.3,38,4,3120.0,138,4,3120.8,22,1,3120.9,92,8,3121.0,463,6,3121.1,34,1,3121.2,119,2
2031,2026-06-16 10:05:59+05:30,3120.6,5,3136.12,803112,103564.0,190398.0,3163.0,3163.0,3115.5,3134.3,31807200,3447.7,2820.9,3839.9,2896.0,3120.6,50,1,3120.5,30,5,3120.4,14,3,3120.3,38,4,3120.0,138,4,3120.8,22,1,3120.9,92,8,3121.0,463,6,3121.1,34,1,3121.2,119,2
2031,2026-06-16 10:06:00+05:30,3120.8,1,3136.12,803121,103763.0,192256.0,3163.0,3163.0,3115.5,3134.3,31807200,3447.7,2820.9,3839.9,2896.0,3120.6,131,5,3120.5,30,5,3120.4,125,7,3120.3,53,5,3120.2,72,3,3120.8,21,1,3120.9,129,9,3121.0,463,6,3121.1,34,1,3121.2,49,1
2031,2026-06-16 10:06:00+05:30,3120.5,5,3136.12,803121,103763.0,192256.0,3163.0,3163.0,3115.5,3134.3,31807200,3447.7,2820.9,3839.9,2896.0,3120.6,131,5,3120.5,30,5,3120.4,125,7,3120.3,53,5,3120.2,72,3,3120.8,21,1,3120.9,129,9,3121.0,463,6,3121.1,34,1,3121.2,49,1
2031,2026-06-16 10:06:01+05:30,3120.5,5,3136.12,803321,103379.0,192434.0,3163.0,3163.0,3115.5,3134.3,31807200,3447.7,2820.9,3839.9,2896.0,3120.7,2,2,3120.6,5,1,3120.5,18,3,3120.4,39,4,3120.3,38,4,3120.8,49,4,3120.9,102,7,3121.0,463,6,3121.1,118,2,3121.2,49,1
2031,2026-06-16 10:06:01+05:30,3120.7,1,3136.12,803321,103379.0,192434.0,3163.0,3163.0,3115.5,3134.3,31807200,3447.7,2820.9,3839.9,2896.0,3120.7,2,2,3120.6,5,1,3120.5,18,3,3120.4,39,4,3120.3,38,4,3120.8,49,4,3120.9,102,7,3121.0,463,6,3121.1,118,2,3121.2,49,1
2031,2026-06-16 10:06:02+05:30,3120.7,1,3136.12,803325,103439.0,192339.0,3163.0,3163.0,3115.5,3134.3,31807200,3447.7,2820.9,3839.9,2896.0,3120.6,5,1,3120.5,18,3,3120.4,39,4,3120.3,38,4,3120.0,121,3,3120.7,68,1,3120.8,49,4,3120.9,102,7,3121.0,482,7,3121.1,133,3
2031,2026-06-16 10:06:02+05:30,3120.6,19,3136.12,803325,103439.0,192339.0,3163.0,3163.0,3115.5,3134.3,31807200,3447.7,2820.9,3839.9,2896.0,3120.6,5,1,3120.5,18,3,3120.4,39,4,3120.3,38,4,3120.0,121,3,3120.7,68,1,3120.8,49,4,3120.9,102,7,3121.0,482,7,3121.1,133,3
2031,2026-06-16 10:06:03+05:30,3120.7,26,3136.11,803504,103333.0,192382.0,3163.0,3163.0,3115.5,3134.3,31807200,3447.7,2820.9,3839.9,2896.0,3120.7,22,1,3120.5,23,3,3120.4,14,3,3120.3,38,4,3120.0,121,3,3120.8,22,2,3120.9,102,7,3121.0,463,6,3121.2,84,2,3121.3,136,2
2031,2026-06-16 10:06:03+05:30,3120.7,26,3136.11,803504,103333.0,192382.0,3163.0,3163.0,3115.5,3134.3,31807200,3447.7,2820.9,3839.9,2896.0,3120.7,22,1,3120.5,23,3,3120.4,14,3,3120.3,38,4,3120.0,121,3,3120.8,22,2,3120.9,102,7,3121.0,463,6,3121.2,84,2,3121.3,136,2
2031,2026-06-16 10:06:04+05:30,3120.9,4,3136.11,803574,103406.0,192293.0,3163.0,3163.0,3115.5,3134.3,31807200,3447.7,2820.9,3839.9,2896.0,3120.6,2,1,3120.5,23,3,3120.4,39,4,3120.3,38,4,3120.0,121,3,3120.7,10,1,3120.8,15,1,3120.9,92,5,3121.0,463,6,3121.1,84,1
2031,2026-06-16 10:06:04+05:30,3120.9,4,3136.11,803574,103406.0,192293.0,3163.0,3163.0,3115.5,3134.3,31807200,3447.7,2820.9,3839.9,2896.0,3120.6,2,1,3120.5,23,3,3120.4,39,4,3120.3,38,4,3120.0,121,3,3120.7,10,1,3120.8,15,1,3120.9,92,5,3121.0,463,6,3121.1,84,1
2031,2026-06-16 10:06:05+05:30,3120.6,7,3136.11,803601,103172.0,192289.0,3163.0,3163.0,3115.5,3134.3,31807200,3447.7,2820.9,3839.9,2896.0,3120.6,2,1,3120.5,23,3,3120.4,39,4,3120.3,38,4,3120.0,121,3,3120.8,26,3,3120.9,93,5,3121.0,482,7,3121.1,151,3,3121.2,171,4
2031,2026-06-16 10:06:05+05:30,3120.6,7,3136.11,803601,103172.0,192289.0,3163.0,3163.0,3115.5,3134.3,31807200,3447.7,2820.9,3839.9,2896.0,3120.6,2,1,3120.5,23,3,3120.4,39,4,3120.3,38,4,3120.0,121,3,3120.8,26,3,3120.9,93,5,3121.0,482,7,3121.1,151,3,3121.2,171,4
2031,2026-06-16 10:06:06+05:30,3120.6,10,3136.11,803601,103172.0,192289.0,3163.0,3163.0,3115.5,3134.3,31807200,3447.7,2820.9,3839.9,2896.0,3120.6,2,1,3120.5,23,3,3120.4,39,4,3120.3,38,4,3120.0,121,3,3120.8,26,3,3120.9,93,5,3121.0,482,7,3121.1,151,3,3121.2,171,4
2031,2026-06-16 10:06:06+05:30,3120.6,10,3136.11,803824,103181.0,191848.0,3163.0,3163.0,3115.5,3134.3,31807200,3447.7,2820.9,3839.9,2896.0,3120.5,19,2,3120.4,39,4,3120.3,38,4,3120.0,421,4,3119.8,30,1,3120.9,6,2,3121.0,517,8,3121.1,33,1,3121.2,103,3,3121.3,84,1
2031,2026-06-16 10:06:07+05:30,3120.7,5,3136.11,803824,103181.0,191848.0,3163.0,3163.0,3115.5,3134.3,31807200,3447.7,2820.9,3839.9,2896.0,3120.5,19,2,3120.4,39,4,3120.3,38,4,3120.0,421,4,3119.8,30,1,3120.9,6,2,3121.0,517,8,3121.1,33,1,3121.2,103,3,3121.3,84,1
2031,2026-06-16 10:06:07+05:30,3120.9,12,3136.11,803879,103309.0,191919.0,3163.0,3163.0,3115.5,3134.3,31807200,3447.7,2820.9,3839.9,2896.0,3120.7,17,1,3120.6,1,1,3120.5,19,2,3120.4,14,3,3120.3,38,4,3120.9,58,4,3121.0,463,6,3121.1,33,1,3121.2,187,5,3121.3,136,2
2031,2026-06-16 10:06:08+05:30,3120.7,5,3136.11,803879,103309.0,191919.0,3163.0,3163.0,3115.5,3134.3,31807200,3447.7,2820.9,3839.9,2896.0,3120.7,17,1,3120.6,1,1,3120.5,19,2,3120.4,14,3,3120.3,38,4,3120.9,58,4,3121.0,463,6,3121.1,33,1,3121.2,187,5,3121.3,136,2
2031,2026-06-16 10:06:08+05:30,3120.7,5,3136.11,803885,103340.0,192408.0,3163.0,3163.0,3115.5,3134.3,31807200,3447.7,2820.9,3839.9,2896.0,3120.8,1,1,3120.7,12,1,3120.5,19,2,3120.4,14,3,3120.3,38,4,3120.9,58,4,3121.0,463,6,3121.1,80,3,3121.2,220,5,3121.3,154,3
2031,2026-06-16 10:06:09+05:30,3120.9,25,3136.11,803885,103340.0,192408.0,3163.0,3163.0,3115.5,3134.3,31807200,3447.7,2820.9,3839.9,2896.0,3120.8,1,1,3120.7,12,1,3120.5,19,2,3120.4,14,3,3120.3,38,4,3120.9,58,4,3121.0,463,6,3121.1,80,3,3121.2,220,5,3121.3,154,3
2031,2026-06-16 10:06:09+05:30,3120.9,25,3136.1,803937,102969.0,191913.0,3163.0,3163.0,3115.5,3134.3,31807200,3447.7,2820.9,3839.9,2896.0,3120.8,31,2,3120.7,57,3,3120.5,3,1,3120.4,14,3,3120.3,57,5,3121.0,463,6,3121.1,33,1,3121.2,82,2,3121.5,317,5,3121.6,35,1
2031,2026-06-16 10:06:10+05:30,3121.0,220,3136.1,803937,102969.0,191913.0,3163.0,3163.0,3115.5,3134.3,31807200,3447.7,2820.9,3839.9,2896.0,3120.8,31,2,3120.7,57,3,3120.5,3,1,3120.4,14,3,3120.3,57,5,3121.0,463,6,3121.1,33,1,3121.2,82,2,3121.5,317,5,3121.6,35,1
2031,2026-06-16 10:06:10+05:30,3121.0,220,3136.1,804195,102723.0,191976.0,3163.0,3163.0,3115.5,3134.3,31807200,3447.7,2820.9,3839.9,2896.0,3120.7,25,2,3120.5,3,1,3120.4,14,3,3120.3,38,4,3120.0,421,4,3121.0,363,10,3121.1,61,2,3121.2,287,7,3121.3,40,1,3121.4,86,3
2031,2026-06-16 10:06:11+05:30,3121.0,220,3136.1,804195,102502.0,191838.0,3163.0,3163.0,3115.5,3134.3,31807200,3447.7,2820.9,3839.9,2896.0,3120.7,50,2,3120.6,30,1,3120.5,19,2,3120.4,14,3,3120.3,38,4,3120.9,23,3,3121.0,380,10,3121.1,108,3,3121.2,203,6,3121.3,124,2
2031,2026-06-16 10:06:12+05:30,3120.9,1,3136.1,804195,102502.0,191838.0,3163.0,3163.0,3115.5,3134.3,31807200,3447.7,2820.9,3839.9,2896.0,3120.7,50,2,3120.6,30,1,3120.5,19,2,3120.4,14,3,3120.3,38,4,3120.9,23,3,3121.0,380,10,3121.1,108,3,3121.2,203,6,3121.3,124,2
2031,2026-06-16 10:06:12+05:30,3120.7,1,3136.09,804615,102169.0,192433.0,3163.0,3163.0,3115.5,3134.3,31807200,3447.7,2820.9,3839.9,2896.0,3120.4,14,3,3120.3,38,4,3120.0,356,4,3119.7,14,1,3119.6,2,1,3120.7,46,1,3120.8,90,5,3120.9,1,1,3121.0,759,16,3121.1,261,3
2031,2026-06-16 10:06:13+05:30,3120.7,1,3136.09,804615,102169.0,192433.0,3163.0,3163.0,3115.5,3134.3,31807200,3447.7,2820.9,3839.9,2896.0,3120.4,14,3,3120.3,38,4,3120.0,356,4,3119.7,14,1,3119.6,2,1,3120.7,46,1,3120.8,90,5,3120.9,1,1,3121.0,759,16,3121.1,261,3
2031,2026-06-16 10:06:13+05:30,3120.7,1,3136.09,804615,101975.0,192885.0,3163.0,3163.0,3115.5,3134.3,31807200,3447.7,2820.9,3839.9,2896.0,3120.4,14,3,3120.3,38,4,3120.0,356,4,3119.7,14,1,3119.6,2,1,3120.6,125,5,3120.7,51,3,3120.8,155,7,3120.9,1,1,3121.0,650,13
2031,2026-06-16 10:06:14+05:30,3120.6,1,3136.09,804615,101975.0,192885.0,3163.0,3163.0,3115.5,3134.3,31807200,3447.7,2820.9,3839.9,2896.0,3120.4,14,3,3120.3,38,4,3120.0,356,4,3119.7,14,1,3119.6,2,1,3120.6,125,5,3120.7,51,3,3120.8,155,7,3120.9,1,1,3121.0,650,13
2031,2026-06-16 10:06:15+05:30,3120.6,2,3136.09,804618,101991.0,192920.0,3163.0,3163.0,3115.5,3134.3,31807200,3447.7,2820.9,3839.9,2896.0,3120.4,37,4,3120.3,38,4,3120.0,356,4,3119.7,14,1,3119.6,2,1,3120.6,135,6,3120.7,51,3,3120.8,132,6,3121.0,566,12,3121.1,160,3
2031,2026-06-16 10:06:15+05:30,3120.6,8,3136.09,804618,101991.0,192920.0,3163.0,3163.0,3115.5,3134.3,31807200,3447.7,2820.9,3839.9,2896.0,3120.4,37,4,3120.3,38,4,3120.0,356,4,3119.7,14,1,3119.6,2,1,3120.6,135,6,3120.7,51,3,3120.8,132,6,3121.0,566,12,3121.1,160,3
2031,2026-06-16 10:06:16+05:30,3120.6,8,3136.09,804727,101957.0,192854.0,3163.0,3163.0,3115.5,3134.3,31807200,3447.7,2820.9,3839.9,2896.0,3120.5,2,2,3120.4,55,6,3120.3,38,4,3120.0,356,4,3119.7,14,1,3120.6,128,8,3120.7,24,2,3120.8,113,5,3120.9,47,1,3121.0,566,12
2031,2026-06-16 10:06:17+05:30,3120.6,8,3136.09,804727,102100.0,192968.0,3163.0,3163.0,3115.5,3134.3,31807200,3447.7,2820.9,3839.9,2896.0,3120.5,43,3,3120.4,55,6,3120.3,38,4,3120.0,371,5,3119.7,14,1,3120.6,70,4,3120.7,24,2,3120.8,107,4,3120.9,66,2,3121.0,557,11
2031,2026-06-16 10:06:17+05:30,3120.6,30,3136.09,804727,102100.0,192968.0,3163.0,3163.0,3115.5,3134.3,31807200,3447.7,2820.9,3839.9,2896.0,3120.5,43,3,3120.4,55,6,3120.3,38,4,3120.0,371,5,3119.7,14,1,3120.6,70,4,3120.7,24,2,3120.8,107,4,3120.9,66,2,3121.0,557,11
2031,2026-06-16 10:06:18+05:30,3120.6,30,3136.09,804827,102361.0,192793.0,3163.0,3163.0,3115.5,3134.3,31807200,3447.7,2820.9,3839.9,2896.0,3120.5,43,3,3120.4,55,6,3120.3,38,4,3120.0,388,6,3119.9,34,1,3120.6,13,1,3120.7,24,2,3120.8,33,1,3120.9,19,1,3121.0,434,8
2031,2026-06-16 10:06:18+05:30,3120.6,1,3136.09,804827,102361.0,192793.0,3163.0,3163.0,3115.5,3134.3,31807200,3447.7,2820.9,3839.9,2896.0,3120.5,43,3,3120.4,55,6,3120.3,38,4,3120.0,388,6,3119.9,34,1,3120.6,13,1,3120.7,24,2,3120.8,33,1,3120.9,19,1,3121.0,434,8
2031,2026-06-16 10:06:19+05:30,3120.6,1,3136.09,804827,102361.0,192793.0,3163.0,3163.0,3115.5,3134.3,31807200,3447.7,2820.9,3839.9,2896.0,3120.5,43,3,3120.4,55,6,3120.3,38,4,3120.0,388,6,3119.9,34,1,3120.6,13,1,3120.7,24,2,3120.8,33,1,3120.9,19,1,3121.0,434,8
2031,2026-06-16 10:06:19+05:30,3120.4,1,3136.08,805030,102232.0,192671.0,3163.0,3163.0,3115.5,3134.3,31807200,3447.7,2820.9,3839.9,2896.0,3120.4,45,5,3120.3,38,4,3120.0,371,5,3119.7,14,1,3119.6,50,2,3120.6,11,1,3120.7,24,2,3120.8,33,1,3120.9,38,2,3121.0,424,7
2031,2026-06-16 10:06:19+05:30,3120.4,1,3136.08,805030,102232.0,192671.0,3163.0,3163.0,3115.5,3134.3,31807200,3447.7,2820.9,3839.9,2896.0,3120.4,45,5,3120.3,38,4,3120.0,371,5,3119.7,14,1,3119.6,50,2,3120.6,11,1,3120.7,24,2,3120.8,33,1,3120.9,38,2,3121.0,424,7
2031,2026-06-16 10:06:20+05:30,3120.4,16,3136.08,805068,102157.0,192791.0,3163.0,3163.0,3115.5,3134.3,31807200,3447.7,2820.9,3839.9,2896.0,3120.4,38,5,3120.3,38,4,3120.0,371,5,3119.7,14,1,3119.6,2,1,3120.6,38,2,3120.7,43,3,3120.8,33,1,3120.9,103,3,3121.0,511,9
2031,2026-06-16 10:06:20+05:30,3120.4,16,3136.08,805068,102157.0,192791.0,3163.0,3163.0,3115.5,3134.3,31807200,3447.7,2820.9,3839.9,2896.0,3120.4,38,5,3120.3,38,4,3120.0,371,5,3119.7,14,1,3119.6,2,1,3120.6,38,2,3120.7,43,3,3120.8,33,1,3120.9,103,3,3121.0,511,9
2031,2026-06-16 10:06:20+05:30,3120.4,16,3136.08,805068,102157.0,192791.0,3163.0,3163.0,3115.5,3134.3,31807200,3447.7,2820.9,3839.9,2896.0,3120.4,38,5,3120.3,38,4,3120.0,371,5,3119.7,14,1,3119.6,2,1,3120.6,38,2,3120.7,43,3,3120.8,33,1,3120.9,103,3,3121.0,511,9
2031,2026-06-16 10:06:21+05:30,3120.6,3,3136.08,805068,102157.0,192791.0,3163.0,3163.0,3115.5,3134.3,31807200,3447.7,2820.9,3839.9,2896.0,3120.4,38,5,3120.3,38,4,3120.0,371,5,3119.7,14,1,3119.6,2,1,3120.6,38,2,3120.7,43,3,3120.8,33,1,3120.9,103,3,3121.0,511,9
2031,2026-06-16 10:06:21+05:30,3120.6,3,3136.08,805082,102165.0,190893.0,3163.0,3163.0,3115.5,3134.3,31807200,3447.7,2820.9,3839.9,2896.0,3120.4,38,5,3120.3,38,4,3120.0,371,5,3119.7,14,1,3119.6,2,1,3120.6,57,4,3120.7,24,2,3120.8,133,4,3120.9,85,3,3121.0,566,11
2031,2026-06-16 10:06:22+05:30,3120.6,43,3136.08,805082,102165.0,190893.0,3163.0,3163.0,3115.5,3134.3,31807200,3447.7,2820.9,3839.9,2896.0,3120.4,38,5,3120.3,38,4,3120.0,371,5,3119.7,14,1,3119.6,2,1,3120.6,57,4,3120.7,24,2,3120.8,133,4,3120.9,85,3,3121.0,566,11
2031,2026-06-16 10:06:22+05:30,3120.6,43,3136.08,805082,102165.0,190893.0,3163.0,3163.0,3115.5,3134.3,31807200,3447.7,2820.9,3839.9,2896.0,3120.4,38,5,3120.3,38,4,3120.0,371,5,3119.7,14,1,3119.6,2,1,3120.6,57,4,3120.7,24,2,3120.8,133,4,3120.9,85,3,3121.0,566,11
2031,2026-06-16 10:06:22+05:30,3120.6,43,3136.08,805201,102202.0,192766.0,3163.0,3163.0,3115.5,3134.3,31807200,3447.7,2820.9,3839.9,2896.0,3120.4,42,5,3120.3,38,4,3120.0,356,4,3119.7,14,1,3119.6,48,2,3120.7,24,2,3120.8,133,4,3121.0,434,8,3121.1,112,2,3121.2,243,6
2031,2026-06-16 10:06:23+05:30,3120.7,10,3136.08,805201,102202.0,192766.0,3163.0,3163.0,3115.5,3134.3,31807200,3447.7,2820.9,3839.9,2896.0,3120.4,42,5,3120.3,38,4,3120.0,356,4,3119.7,14,1,3119.6,48,2,3120.7,24,2,3120.8,133,4,3121.0,434,8,3121.1,112,2,3121.2,243,6
2031,2026-06-16 10:06:23+05:30,3120.7,1,3136.08,805213,102270.0,192919.0,3163.0,3163.0,3115.5,3134.3,31807200,3447.7,2820.9,3839.9,2896.0,3120.4,42,5,3120.3,38,4,3120.0,356,4,3119.7,14,1,3119.6,48,2,3120.7,12,2,3120.8,152,5,3121.0,476,9,3121.1,148,3,3121.2,243,6
2031,2026-06-16 10:06:24+05:30,3120.7,1,3136.08,805213,102270.0,192919.0,3163.0,3163.0,3115.5,3134.3,31807200,3447.7,2820.9,3839.9,2896.0,3120.4,42,5,3120.3,38,4,3120.0,356,4,3119.7,14,1,3119.6,48,2,3120.7,12,2,3120.8,152,5,3121.0,476,9,3121.1,148,3,3121.2,243,6
2031,2026-06-16 10:06:24+05:30,3120.7,2,3136.08,805213,102270.0,192919.0,3163.0,3163.0,3115.5,3134.3,31807200,3447.7,2820.9,3839.9,2896.0,3120.4,42,5,3120.3,38,4,3120.0,356,4,3119.7,14,1,3119.6,48,2,3120.7,12,2,3120.8,152,5,3121.0,476,9,3121.1,148,3,3121.2,243,6
2031,2026-06-16 10:06:24+05:30,3120.7,2,3136.08,805215,102276.0,193067.0,3163.0,3163.0,3115.5,3134.3,31807200,3447.7,2820.9,3839.9,2896.0,3120.4,42,5,3120.3,38,4,3120.0,356,4,3119.7,14,1,3119.6,116,3,3120.7,18,3,3120.8,152,5,3121.0,476,9,3121.1,148,3,3121.2,197,5
2031,2026-06-16 10:06:25+05:30,3120.7,1,3136.08,805215,102276.0,193067.0,3163.0,3163.0,3115.5,3134.3,31807200,3447.7,2820.9,3839.9,2896.0,3120.4,42,5,3120.3,38,4,3120.0,356,4,3119.7,14,1,3119.6,116,3,3120.7,18,3,3120.8,152,5,3121.0,476,9,3121.1,148,3,3121.2,197,5
2031,2026-06-16 10:06:25+05:30,3120.7,1,3136.08,805215,102276.0,193067.0,3163.0,3163.0,3115.5,3134.3,31807200,3447.7,2820.9,3839.9,2896.0,3120.4,42,5,3120.3,38,4,3120.0,356,4,3119.7,14,1,3119.6,116,3,3120.7,18,3,3120.8,152,5,3121.0,476,9,3121.1,148,3,3121.2,197,5
2031,2026-06-16 10:06:26+05:30,3120.7,1,3136.08,805260,102445.0,193015.0,3163.0,3163.0,3115.5,3134.3,31807200,3447.7,2820.9,3839.9,2896.0,3120.4,33,4,3120.3,38,4,3120.0,356,4,3119.7,14,1,3119.6,48,2,3120.7,70,5,3120.8,97,3,3120.9,16,1,3121.0,476,9,3121.1,148,3
2031,2026-06-16 10:06:26+05:30,3120.7,3,3136.08,805260,102445.0,193015.0,3163.0,3163.0,3115.5,3134.3,31807200,3447.7,2820.9,3839.9,2896.0,3120.4,33,4,3120.3,38,4,3120.0,356,4,3119.7,14,1,3119.6,48,2,3120.7,70,5,3120.8,97,3,3120.9,16,1,3121.0,476,9,3121.1,148,3
2031,2026-06-16 10:06:27+05:30,3120.7,3,3136.08,805263,102445.0,193009.0,3163.0,3163.0,3115.5,3134.3,31807200,3447.7,2820.9,3839.9,2896.0,3120.4,33,4,3120.3,38,4,3120.0,356,4,3119.7,14,1,3119.6,48,2,3120.7,101,7,3120.8,97,3,3120.9,16,1,3121.0,434,8,3121.1,112,2
2031,2026-06-16 10:06:27+05:30,3120.7,3,3136.08,805263,102445.0,193009.0,3163.0,3163.0,3115.5,3134.3,31807200,3447.7,2820.9,3839.9,2896.0,3120.4,33,4,3120.3,38,4,3120.0,356,4,3119.7,14,1,3119.6,48,2,3120.7,101,7,3120.8,97,3,3120.9,16,1,3121.0,434,8,3121.1,112,2
2031,2026-06-16 10:06:27+05:30,3119.4,12,3136.08,805263,102445.0,193009.0,3163.0,3163.0,3115.5,3134.3,31807200,3447.7,2820.9,3839.9,2896.0,3120.4,33,4,3120.3,38,4,3120.0,356,4,3119.7,14,1,3119.6,48,2,3120.7,101,7,3120.8,97,3,3120.9,16,1,3121.0,434,8,3121.1,112,2
2031,2026-06-16 10:06:28+05:30,3119.4,12,3136.06,806062,99086.0,195838.0,3163.0,3163.0,3115.5,3134.3,31807200,3447.7,2820.9,3839.9,2896.0,3119.4,14,1,3119.1,1,1,3119.0,509,3,3118.9,15,1,3118.8,2,1,3119.5,200,1,3119.6,108,4,3119.8,86,5,3119.9,16,1,3120.0,79,5
2031,2026-06-16 10:06:28+05:30,3119.5,17,3136.06,806062,99086.0,195838.0,3163.0,3163.0,3115.5,3134.3,31807200,3447.7,2820.9,3839.9,2896.0,3119.4,14,1,3119.1,1,1,3119.0,509,3,3118.9,15,1,3118.8,2,1,3119.5,200,1,3119.6,108,4,3119.8,86,5,3119.9,16,1,3120.0,79,5
2031,2026-06-16 10:06:28+05:30,3119.5,17,3136.06,806062,99086.0,195838.0,3163.0,3163.0,3115.5,3134.3,31807200,3447.7,2820.9,3839.9,2896.0,3119.4,14,1,3119.1,1,1,3119.0,509,3,3118.9,15,1,3118.8,2,1,3119.5,200,1,3119.6,108,4,3119.8,86,5,3119.9,16,1,3120.0,79,5
2031,2026-06-16 10:06:29+05:30,3119.5,1,3136.06,806115,99146.0,195624.0,3163.0,3163.0,3115.5,3134.3,31807200,3447.7,2820.9,3839.9,2896.0,3119.4,36,2,3119.1,1,1,3119.0,509,3,3118.9,15,1,3118.8,2,1,3119.5,321,6,3119.6,16,1,3119.7,9,1,3119.8,74,4,3119.9,16,1
2031,2026-06-16 10:06:29+05:30,3119.5,1,3136.06,806115,99146.0,195624.0,3163.0,3163.0,3115.5,3134.3,31807200,3447.7,2820.9,3839.9,2896.0,3119.4,36,2,3119.1,1,1,3119.0,509,3,3118.9,15,1,3118.8,2,1,3119.5,321,6,3119.6,16,1,3119.7,9,1,3119.8,74,4,3119.9,16,1
2031,2026-06-16 10:06:29+05:30,3119.5,1,3136.06,806115,99146.0,195624.0,3163.0,3163.0,3115.5,3134.3,31807200,3447.7,2820.9,3839.9,2896.0,3119.4,36,2,3119.1,1,1,3119.0,509,3,3118.9,15,1,3118.8,2,1,3119.5,321,6,3119.6,16,1,3119.7,9,1,3119.8,74,4,3119.9,16,1
2031,2026-06-16 10:06:29+05:30,3119.5,1,3136.06,806115,99146.0,195624.0,3163.0,3163.0,3115.5,3134.3,31807200,3447.7,2820.9,3839.9,2896.0,3119.4,36,2,3119.1,1,1,3119.0,509,3,3118.9,15,1,3118.8,2,1,3119.5,321,6,3119.6,16,1,3119.7,9,1,3119.8,74,4,3119.9,16,1
2031,2026-06-16 10:06:30+05:30,3119.5,100,3136.06,806216,99509.0,195568.0,3163.0,3163.0,3115.5,3134.3,31807200,3447.7,2820.9,3839.9,2896.0,3119.4,80,5,3119.1,1,1,3119.0,509,3,3118.9,15,1,3118.8,2,1,3119.5,166,5,3119.6,16,1,3119.9,52,2,3120.0,41,3,3120.1,107,4
2031,2026-06-16 10:06:30+05:30,3119.5,100,3136.06,806216,99509.0,195568.0,3163.0,3163.0,3115.5,3134.3,31807200,3447.7,2820.9,3839.9,2896.0,3119.4,80,5,3119.1,1,1,3119.0,509,3,3118.9,15,1,3118.8,2,1,3119.5,166,5,3119.6,16,1,3119.9,52,2,3120.0,41,3,3120.1,107,4
2031,2026-06-16 10:06:30+05:30,3119.5,2,3136.06,806216,99509.0,195568.0,3163.0,3163.0,3115.5,3134.3,31807200,3447.7,2820.9,3839.9,2896.0,3119.4,80,5,3119.1,1,1,3119.0,509,3,3118.9,15,1,3118.8,2,1,3119.5,166,5,3119.6,16,1,3119.9,52,2,3120.0,41,3,3120.1,107,4
2031,2026-06-16 10:06:30+05:30,3119.5,2,3136.06,806216,99509.0,195568.0,3163.0,3163.0,3115.5,3134.3,31807200,3447.7,2820.9,3839.9,2896.0,3119.4,80,5,3119.1,1,1,3119.0,509,3,3118.9,15,1,3118.8,2,1,3119.5,166,5,3119.6,16,1,3119.9,52,2,3120.0,41,3,3120.1,107,4
2031,2026-06-16 10:06:31+05:30,3119.4,2,3136.06,806263,98982.0,195741.0,3163.0,3163.0,3115.5,3134.3,31807200,3447.7,2820.9,3839.9,2896.0,3119.4,53,4,3119.1,26,2,3119.0,509,3,3118.9,15,1,3118.8,2,1,3119.5,175,6,3119.6,71,3,3119.8,55,2,3119.9,68,2,3120.0,144,7
2031,2026-06-16 10:06:31+05:30,3119.4,2,3136.06,806263,98982.0,195741.0,3163.0,3163.0,3115.5,3134.3,31807200,3447.7,2820.9,3839.9,2896.0,3119.4,53,4,3119.1,26,2,3119.0,509,3,3118.9,15,1,3118.8,2,1,3119.5,175,6,3119.6,71,3,3119.8,55,2,3119.9,68,2,3120.0,144,7
2031,2026-06-16 10:06:31+05:30,3119.4,2,3136.06,806263,98982.0,195741.0,3163.0,3163.0,3115.5,3134.3,31807200,3447.7,2820.9,3839.9,2896.0,3119.4,53,4,3119.1,26,2,3119.0,509,3,3118.9,15,1,3118.8,2,1,3119.5,175,6,3119.6,71,3,3119.8,55,2,3119.9,68,2,3120.0,144,7
2031,2026-06-16 10:06:32+05:30,3119.4,4,3136.06,806263,98982.0,195741.0,3163.0,3163.0,3115.5,3134.3,31807200,3447.7,2820.9,3839.9,2896.0,3119.4,53,4,3119.1,26,2,3119.0,509,3,3118.9,15,1,3118.8,2,1,3119.5,175,6,3119.6,71,3,3119.8,55,2,3119.9,68,2,3120.0,144,7
2031,2026-06-16 10:06:32+05:30,3119.4,4,3136.06,806335,99103.0,195650.0,3163.0,3163.0,3115.5,3134.3,31807200,3447.7,2820.9,3839.9,2896.0,3119.4,49,4,3119.1,26,2,3119.0,509,3,3118.9,15,1,3118.8,2,1,3119.5,122,6,3119.6,52,2,3119.8,55,2,3119.9,32,2,3120.0,186,6
2031,2026-06-16 10:06:32+05:30,3119.4,4,3136.06,806335,99103.0,195650.0,3163.0,3163.0,3115.5,3134.3,31807200,3447.7,2820.9,3839.9,2896.0,3119.4,49,4,3119.1,26,2,3119.0,509,3,3118.9,15,1,3118.8,2,1,3119.5,122,6,3119.6,52,2,3119.8,55,2,3119.9,32,2,3120.0,186,6
2031,2026-06-16 10:06:33+05:30,3119.4,4,3136.06,806335,99103.0,195650.0,3163.0,3163.0,3115.5,3134.3,31807200,3447.7,2820.9,3839.9,2896.0,3119.4,49,4,3119.1,26,2,3119.0,509,3,3118.9,15,1,3118.8,2,1,3119.5,122,6,3119.6,52,2,3119.8,55,2,3119.9,32,2,3120.0,186,6
2031,2026-06-16 10:06:33+05:30,3119.5,18,3136.06,806335,99103.0,195650.0,3163.0,3163.0,3115.5,3134.3,31807200,3447.7,2820.9,3839.9,2896.0,3119.4,49,4,3119.1,26,2,3119.0,509,3,3118.9,15,1,3118.8,2,1,3119.5,122,6,3119.6,52,2,3119.8,55,2,3119.9,32,2,3120.0,186,6
2031,2026-06-16 10:06:33+05:30,3119.5,18,3136.05,806798,99457.0,195723.0,3163.0,3163.0,3115.5,3134.3,31807200,3447.7,2820.9,3839.9,2896.0,3119.4,6,2,3119.1,1,1,3119.0,509,3,3118.9,15,1,3118.8,47,2,3119.5,40,4,3119.6,16,1,3119.9,16,1,3120.0,103,6,3120.1,16,1
2031,2026-06-16 10:06:34+05:30,3119.5,18,3136.05,806798,99457.0,195723.0,3163.0,3163.0,3115.5,3134.3,31807200,3447.7,2820.9,3839.9,2896.0,3119.4,6,2,3119.1,1,1,3119.0,509,3,3118.9,15,1,3118.8,47,2,3119.5,40,4,3119.6,16,1,3119.9,16,1,3120.0,103,6,3120.1,16,1
2031,2026-06-16 10:06:34+05:30,3119.5,1,3136.05,806798,99457.0,195723.0,3163.0,3163.0,3115.5,3134.3,31807200,3447.7,2820.9,3839.9,2896.0,3119.4,6,2,3119.1,1,1,3119.0,509,3,3118.9,15,1,3118.8,47,2,3119.5,40,4,3119.6,16,1,3119.9,16,1,3120.0,103,6,3120.1,16,1
2031,2026-06-16 10:06:34+05:30,3119.5,1,3136.04,806984,100021.0,195312.0,3163.0,3163.0,3115.5,3134.3,31807200,3447.7,2820.9,3839.9,2896.0,3119.4,62,4,3119.2,34,1,3119.1,1,1,3119.0,558,5,3118.9,36,2,3119.5,3,1,3120.0,40,3,3120.3,16,1,3120.4,62,2,3120.5,34,1
2031,2026-06-16 10:06:34+05:30,3119.5,1,3136.04,806984,100021.0,195312.0,3163.0,3163.0,3115.5,3134.3,31807200,3447.7,2820.9,3839.9,2896.0,3119.4,62,4,3119.2,34,1,3119.1,1,1,3119.0,558,5,3118.9,36,2,3119.5,3,1,3120.0,40,3,3120.3,16,1,3120.4,62,2,3120.5,34,1
2031,2026-06-16 10:06:35+05:30,3120.4,37,3136.04,806984,100021.0,195312.0,3163.0,3163.0,3115.5,3134.3,31807200,3447.7,2820.9,3839.9,2896.0,3119.4,62,4,3119.2,34,1,3119.1,1,1,3119.0,558,5,3118.9,36,2,3119.5,3,1,3120.0,40,3,3120.3,16,1,3120.4,62,2,3120.5,34,1
2031,2026-06-16 10:06:35+05:30,3120.4,37,3136.04,806984,100021.0,195312.0,3163.0,3163.0,3115.5,3134.3,31807200,3447.7,2820.9,3839.9,2896.0,3119.4,62,4,3119.2,34,1,3119.1,1,1,3119.0,558,5,3118.9,36,2,3119.5,3,1,3120.0,40,3,3120.3,16,1,3120.4,62,2,3120.5,34,1
2031,2026-06-16 10:06:35+05:30,3120.4,37,3136.04,807147,100371.0,194972.0,3163.0,3163.0,3115.5,3134.3,31807200,3447.7,2820.9,3839.9,2896.0,3119.4,82,3,3119.2,34,1,3119.1,1,1,3119.0,611,5,3118.9,60,2,3119.5,80,2,3120.0,6,1,3120.3,27,2,3120.4,46,3,3120.5,34,1
2031,2026-06-16 10:06:36+05:30,3119.5,22,3136.04,807147,100371.0,194972.0,3163.0,3163.0,3115.5,3134.3,31807200,3447.7,2820.9,3839.9,2896.0,3119.4,82,3,3119.2,34,1,3119.1,1,1,3119.0,611,5,3118.9,60,2,3119.5,80,2,3120.0,6,1,3120.3,27,2,3120.4,46,3,3120.5,34,1
2031,2026-06-16 10:06:36+05:30,3119.5,22,3136.04,807147,100371.0,194972.0,3163.0,3163.0,3115.5,3134.3,31811800,3447.7,2820.9,3839.9,2896.0,3119.4,82,3,3119.2,34,1,3119.1,1,1,3119.0,611,5,3118.9,60,2,3119.5,80,2,3120.0,6,1,3120.3,27,2,3120.4,46,3,3120.5,34,1
2031,2026-06-16 10:06:36+05:30,3119.5,22,3136.04,807170,99914.0,195330.0,3163.0,3163.0,3115.5,3134.3,31811800,3447.7,2820.9,3839.9,2896.0,3119.4,82,3,3119.1,1,1,3119.0,543,4,3118.9,15,1,3118.8,56,3,3119.5,57,1,3120.0,75,1,3120.3,43,1,3120.4,108,3,3120.5,45,1
2031,2026-06-16 10:06:37+05:30,3119.5,1,3136.04,807170,99914.0,195330.0,3163.0,3163.0,3115.5,3134.3,31811800,3447.7,2820.9,3839.9,2896.0,3119.4,82,3,3119.1,1,1,3119.0,543,4,3118.9,15,1,3118.8,56,3,3119.5,57,1,3120.0,75,1,3120.3,43,1,3120.4,108,3,3120.5,45,1
2031,2026-06-16 10:06:37+05:30,3119.5,1,3136.04,807209,99632.0,195518.0,3163.0,3163.0,3115.5,3134.3,31811800,3447.7,2820.9,3839.9,2896.0,3119.4,68,4,3119.1,1,1,3119.0,509,3,3118.9,75,2,3118.8,2,1,3119.5,62,2,3120.0,132,4,3120.3,60,2,3120.4,108,3,3120.5,99,3
2031,2026-06-16 10:06:38+05:30,3119.5,1,3136.04,807209,99632.0,195518.0,3163.0,3163.0,3115.5,3134.3,31811800,3447.7,2820.9,3839.9,2896.0,3119.4,68,4,3119.1,1,1,3119.0,509,3,3118.9,75,2,3118.8,2,1,3119.5,62,2,3120.0,132,4,3120.3,60,2,3120.4,108,3,3120.5,99,3
2031,2026-06-16 10:06:38+05:30,3119.5,1,3136.04,807236,99478.0,195386.0,3163.0,3163.0,3115.5,3134.3,31811800,3447.7,2820.9,3839.9,2896.0,3119.4,49,3,3119.1,1,1,3119.0,600,4,3118.9,15,1,3118.8,2,1,3119.5,60,2,3120.0,177,5,3120.1,36,1,3120.2,87,2,3120.3,60,2
2031,2026-06-16 10:06:39+05:30,3119.5,1,3136.04,807236,99478.0,195386.0,3163.0,3163.0,3115.5,3134.3,31811800,3447.7,2820.9,3839.9,2896.0,3119.4,49,3,3119.1,1,1,3119.0,600,4,3118.9,15,1,3118.8,2,1,3119.5,60,2,3120.0,177,5,3120.1,36,1,3120.2,87,2,3120.3,60,2
2031,2026-06-16 10:06:40+05:30,3119.5,1,3136.04,807237,99496.0,195637.0,3163.0,3163.0,3115.5,3134.3,31811800,3447.7,2820.9,3839.9,2896.0,3119.4,49,3,3119.1,1,1,3119.0,600,4,3118.9,49,2,3118.8,2,1,3119.5,114,3,3120.0,177,5,3120.1,36,1,3120.2,106,3,3120.3,60,2
2031,2026-06-16 10:06:41+05:30,3119.5,15,3136.03,807496,100096.0,194965.0,3163.0,3163.0,3115.5,3134.3,31811800,3447.7,2820.9,3839.9,2896.0,3119.4,28,3,3119.2,34,1,3119.1,20,2,3119.0,634,5,3118.9,75,2,3119.5,6,1,3120.0,113,3,3120.2,19,1,3120.3,17,1,3120.4,89,2
2031,2026-06-16 10:06:41+05:30,3119.5,15,3136.03,807496,100096.0,194965.0,3163.0,3163.0,3115.5,3134.3,31811800,3447.7,2820.9,3839.9,2896.0,3119.4,28,3,3119.2,34,1,3119.1,20,2,3119.0,634,5,3118.9,75,2,3119.5,6,1,3120.0,113,3,3120.2,19,1,3120.3,17,1,3120.4,89,2
2031,2026-06-16 10:06:42+05:30,3119.5,20,3136.03,807516,100088.0,193240.0,3163.0,3163.0,3115.5,3134.3,31811800,3447.7,2820.9,3839.9,2896.0,3119.4,28,3,3119.3,34,1,3119.1,20,2,3119.0,634,5,3118.9,75,2,3119.5,6,1,3120.0,113,3,3120.2,19,1,3120.3,62,2,3120.4,117,3
2031,2026-06-16 10:06:42+05:30,3119.5,20,3136.03,807516,100088.0,193240.0,3163.0,3163.0,3115.5,3134.3,31811800,3447.7,2820.9,3839.9,2896.0,3119.4,28,3,3119.3,34,1,3119.1,20,2,3119.0,634,5,3118.9,75,2,3119.5,6,1,3120.0,113,3,3120.2,19,1,3120.3,62,2,3120.4,117,3
2031,2026-06-16 10:06:43+05:30,3119.4,3,3136.03,807716,99991.0,195555.0,3163.0,3163.0,3115.5,3134.3,31811800,3447.7,2820.9,3839.9,2896.0,3119.4,86,4,3119.1,1,1,3119.0,600,4,3118.9,49,2,3118.8,21,2,3119.5,7,2,3119.8,200,1,3119.9,85,2,3120.0,108,3,3120.2,144,6
2031,2026-06-16 10:06:43+05:30,3119.4,3,3136.03,807716,99991.0,195555.0,3163.0,3163.0,3115.5,3134.3,31811800,3447.7,2820.9,3839.9,2896.0,3119.4,86,4,3119.1,1,1,3119.0,600,4,3118.9,49,2,3118.8,21,2,3119.5,7,2,3119.8,200,1,3119.9,85,2,3120.0,108,3,3120.2,144,6
2031,2026-06-16 10:06:44+05:30,3119.5,7,3136.03,807779,100890.0,193480.0,3163.0,3163.0,3115.5,3134.3,31811800,3447.7,2820.9,3839.9,2896.0,3119.4,130,6,3119.2,77,3,3119.1,83,4,3119.0,738,11,3118.9,73,2,3120.0,108,3,3120.2,20,2,3120.3,2,1,3120.4,200,1,3120.7,6,2
2031,2026-06-16 10:06:44+05:30,3119.5,7,3136.03,807779,100890.0,193480.0,3163.0,3163.0,3115.5,3134.3,31811800,3447.7,2820.9,3839.9,2896.0,3119.4,130,6,3119.2,77,3,3119.1,83,4,3119.0,738,11,3118.9,73,2,3120.0,108,3,3120.2,20,2,3120.3,2,1,3120.4,200,1,3120.7,6,2
2031,2026-06-16 10:06:45+05:30,3120.0,1,3136.03,807871,101010.0,193503.0,3163.0,3163.0,3115.5,3134.3,31811800,3447.7,2820.9,3839.9,2896.0,3119.8,4,3,3119.7,36,3,3119.5,9,1,3119.4,128,5,3119.2,77,3,3120.0,37,3,3120.2,20,2,3120.3,2,1,3120.4,33,1,3120.7,6,2
2031,2026-06-16 10:06:45+05:30,3120.0,7,3136.03,807871,101010.0,193503.0,3163.0,3163.0,3115.5,3134.3,31811800,3447.7,2820.9,3839.9,2896.0,3119.8,4,3,3119.7,36,3,3119.5,9,1,3119.4,128,5,3119.2,77,3,3120.0,37,3,3120.2,20,2,3120.3,2,1,3120.4,33,1,3120.7,6,2
2031,2026-06-16 10:06:46+05:30,3120.2,1,3136.03,807936,101436.0,193023.0,3163.0,3163.0,3115.5,3134.3,31811800,3447.7,2820.9,3839.9,2896.0,3120.0,30,6,3119.9,9,1,3119.8,68,8,3119.7,52,5,3119.6,71,3,3120.2,2,1,3120.3,2,1,3120.4,33,1,3120.7,6,2,3120.9,143,1
2031,2026-06-16 10:06:46+05:30,3120.2,1,3136.03,807936,101436.0,193023.0,3163.0,3163.0,3115.5,3134.3,31811800,3447.7,2820.9,3839.9,2896.0,3120.0,30,6,3119.9,9,1,3119.8,68,8,3119.7,52,5,3119.6,71,3,3120.2,2,1,3120.3,2,1,3120.4,33,1,3120.7,6,2,3120.9,143,1
2031,2026-06-16 10:06:47+05:30,3120.2,1,3136.03,807936,101431.0,192779.0,3163.0,3163.0,3115.5,3134.3,31811800,3447.7,2820.9,3839.9,2896.0,3120.0,27,5,3119.9,18,2,3119.8,53,7,3119.7,32,4,3119.6,71,3,3120.2,3,2,3120.3,2,1,3120.4,33,1,3120.7,6,2,3121.0,335,6
2031,2026-06-16 10:06:48+05:30,3120.4,1,3136.03,807936,101431.0,192779.0,3163.0,3163.0,3115.5,3134.3,31811800,3447.7,2820.9,3839.9,2896.0,3120.0,27,5,3119.9,18,2,3119.8,53,7,3119.7,32,4,3119.6,71,3,3120.2,3,2,3120.3,2,1,3120.4,33,1,3120.7,6,2,3121.0,335,6
2031,2026-06-16 10:06:48+05:30,3120.4,1,3136.02,808178,100815.0,192659.0,3163.0,3163.0,3115.5,3134.3,31811800,3447.7,2820.9,3839.9,2896.0,3119.8,59,4,3119.7,77,6,3119.6,56,3,3119.5,61,3,3119.4,104,5,3120.4,32,1,3120.7,6,2,3121.0,335,6,3121.1,28,1,3121.2,138,3
2031,2026-06-16 10:06:49+05:30,3120.4,1,3136.02,808178,101342.0,192630.0,3163.0,3163.0,3115.5,3134.3,31811800,3447.7,2820.9,3839.9,2896.0,3120.0,198,7,3119.9,34,2,3119.8,59,4,3119.7,66,5,3119.6,77,4,3120.2,1,1,3120.4,32,1,3120.7,6,2,3120.9,50,1,3121.0,350,6
2031,2026-06-16 10:06:50+05:30,3120.2,1,3136.02,808178,101342.0,192630.0,3163.0,3163.0,3115.5,3134.3,31811800,3447.7,2820.9,3839.9,2896.0,3120.0,198,7,3119.9,34,2,3119.8,59,4,3119.7,66,5,3119.6,77,4,3120.2,1,1,3120.4,32,1,3120.7,6,2,3120.9,50,1,3121.0,350,6
2031,2026-06-16 10:06:50+05:30,3120.2,1,3136.02,808179,101223.0,192411.0,3163.0,3163.0,3115.5,3134.3,31811800,3447.7,2820.9,3839.9,2896.0,3120.1,11,3,3120.0,169,5,3119.9,41,2,3119.8,59,4,3119.7,73,3,3120.2,1,1,3120.4,32,1,3120.7,6,2,3120.9,70,2,3121.0,314,5
2031,2026-06-16 10:06:51+05:30,3120.2,1,3136.02,808179,101223.0,192411.0,3163.0,3163.0,3115.5,3134.3,31811800,3447.7,2820.9,3839.9,2896.0,3120.1,11,3,3120.0,169,5,3119.9,41,2,3119.8,59,4,3119.7,73,3,3120.2,1,1,3120.4,32,1,3120.7,6,2,3120.9,70,2,3121.0,314,5
2031,2026-06-16 10:06:51+05:30,3120.2,1,3136.02,808219,100860.0,191250.0,3163.0,3163.0,3115.5,3134.3,31811800,3447.7,2820.9,3839.9,2896.0,3120.2,23,1,3120.0,171,6,3119.8,35,2,3119.6,49,2,3119.5,21,1,3120.4,32,1,3120.7,62,3,3120.8,142,1,3120.9,70,2,3121.0,466,7
2031,2026-06-16 10:06:52+05:30,3120.0,15,3136.02,808219,100860.0,191250.0,3163.0,3163.0,3115.5,3134.3,31811800,3447.7,2820.9,3839.9,2896.0,3120.2,23,1,3120.0,171,6,3119.8,35,2,3119.6,49,2,3119.5,21,1,3120.4,32,1,3120.7,62,3,3120.8,142,1,3120.9,70,2,3121.0,466,7
2031,2026-06-16 10:06:52+05:30,3120.0,15,3136.01,808650,101438.0,191684.0,3163.0,3163.0,3115.5,3134.3,31811800,3447.7,2820.9,3839.9,2896.0,3120.2,1,1,3120.0,161,7,3119.8,57,4,3119.6,90,3,3119.5,89,2,3120.4,31,1,3120.7,31,3,3120.8,35,1,3120.9,70,2,3121.0,314,5
2031,2026-06-16 10:06:53+05:30,3120.0,15,3136.01,808650,102145.0,191685.0,3163.0,3163.0,3115.5,3134.3,31811800,3447.7,2820.9,3839.9,2896.0,3120.2,58,3,3120.0,261,12,3119.9,15,1,3119.8,93,6,3119.6,77,3,3120.4,53,3,3120.7,62,4,3120.8,35,1,3120.9,70,2,3121.0,314,5
2031,2026-06-16 10:06:54+05:30,3120.4,3,3136.01,808650,102145.0,191685.0,3163.0,3163.0,3115.5,3134.3,31811800,3447.7,2820.9,3839.9,2896.0,3120.2,58,3,3120.0,261,12,3119.9,15,1,3119.8,93,6,3119.6,77,3,3120.4,53,3,3120.7,62,4,3120.8,35,1,3120.9,70,2,3121.0,314,5
2031,2026-06-16 10:06:54+05:30,3120.4,3,3136.01,808656,102195.0,191293.0,3163.0,3163.0,3115.5,3134.3,31811800,3447.7,2820.9,3839.9,2896.0,3120.2,59,4,3120.0,226,9,3119.8,93,6,3119.7,21,1,3119.6,77,3,3120.4,73,5,3120.7,62,4,3120.8,35,1,3120.9,50,1,3121.0,314,5
2031,2026-06-16 10:06:55+05:30,3120.4,1,3136.01,808656,102195.0,191293.0,3163.0,3163.0,3115.5,3134.3,31811800,3447.7,2820.9,3839.9,2896.0,3120.2,59,4,3120.0,226,9,3119.8,93,6,3119.7,21,1,3119.6,77,3,3120.4,73,5,3120.7,62,4,3120.8,35,1,3120.9,50,1,3121.0,314,5
2031,2026-06-16 10:06:55+05:30,3120.4,1,3136.01,808936,101656.0,192131.0,3163.0,3163.0,3115.5,3134.3,31811800,3447.7,2820.9,3839.9,2896.0,3120.0,181,5,3119.9,25,2,3119.8,92,5,3119.7,62,2,3119.6,140,6,3120.4,6,1,3120.7,62,4,3120.8,35,1,3120.9,50,1,3121.0,314,5
2031,2026-06-16 10:06:56+05:30,3120.4,1,3136.01,808936,101698.0,191615.0,3163.0,3163.0,3115.5,3134.3,31811800,3447.7,2820.9,3839.9,2896.0,3120.0,197,6,3119.9,34,2,3119.8,36,2,3119.7,62,2,3119.6,101,4,3120.4,44,3,3120.7,62,4,3120.8,35,1,3120.9,228,3,3121.0,314,5
2031,2026-06-16 10:06:57+05:30,3120.4,1,3136.01,808936,101861.0,191592.0,3163.0,3163.0,3115.5,3134.3,31811800,3447.7,2820.9,3839.9,2896.0,3120.0,256,8,3119.9,54,3,3119.8,71,3,3119.6,142,5,3119.5,89,2,3120.4,44,3,3120.7,62,4,3120.8,35,1,3120.9,70,2,3121.0,314,5
2031,2026-06-16 10:06:58+05:30,3120.4,1,3136.01,808936,101861.0,191592.0,3163.0,3163.0,3115.5,3134.3,31811800,3447.7,2820.9,3839.9,2896.0,3120.0,256,8,3119.9,54,3,3119.8,71,3,3119.6,142,5,3119.5,89,2,3120.4,44,3,3120.7,62,4,3120.8,35,1,3120.9,70,2,3121.0,314,5
2031,2026-06-16 10:06:58+05:30,3120.4,34,3136.0,809014,103130.0,192037.0,3163.0,3163.0,3115.5,3134.3,31811800,3447.7,2820.9,3839.9,2896.0,3120.4,250,1,3120.1,89,4,3120.0,251,8,3119.9,86,4,3119.8,122,5,3120.7,62,4,3120.8,35,1,3120.9,70,2,3121.0,314,5,3121.1,28,1
2031,2026-06-16 10:06:59+05:30,3120.4,34,3136.0,809014,103130.0,192037.0,3163.0,3163.0,3115.5,3134.3,31811800,3447.7,2820.9,3839.9,2896.0,3120.4,250,1,3120.1,89,4,3120.0,251,8,3119.9,86,4,3119.8,122,5,3120.7,62,4,3120.8,35,1,3120.9,70,2,3121.0,314,5,3121.1,28,1
2031,2026-06-16 10:06:59+05:30,3120.4,34,3136.0,809014,102923.0,192037.0,3163.0,3163.0,3115.5,3134.3,31811800,3447.7,2820.9,3839.9,2896.0,3120.4,317,6,3120.3,12,1,3120.2,92,4,3120.1,36,2,3120.0,115,6,3120.7,62,4,3120.8,35,1,3120.9,70,2,3121.0,344,6,3121.1,28,1
2031,2026-06-16 10:07:01+05:30,3120.8,8,3136.0,809145,102885.0,191924.0,3163.0,3163.0,3115.5,3134.3,31811800,3447.7,2820.9,3839.9,2896.0,3120.6,23,5,3120.4,380,10,3120.2,92,4,3120.1,39,3,3120.0,178,8,3120.8,27,1,3120.9,70,2,3121.0,419,7,3121.1,28,1,3121.2,49,1
2031,2026-06-16 10:07:01+05:30,3120.8,8,3136.0,809145,102885.0,191924.0,3163.0,3163.0,3115.5,3134.3,31811800,3447.7,2820.9,3839.9,2896.0,3120.6,23,5,3120.4,380,10,3120.2,92,4,3120.1,39,3,3120.0,178,8,3120.8,27,1,3120.9,70,2,3121.0,419,7,3121.1,28,1,3121.2,49,1
2031,2026-06-16 10:07:02+05:30,3121.0,75,3135.99,809661,103155.0,190360.0,3163.0,3163.0,3115.5,3134.3,31811800,3447.7,2820.9,3839.9,2896.0,3120.8,85,1,3120.7,66,5,3120.6,43,5,3120.5,23,2,3120.4,408,12,3121.1,28,1,3121.2,49,1,3121.3,1,1,3121.5,9,1,3121.7,3,1
2031,2026-06-16 10:07:02+05:30,3121.0,75,3135.99,809661,103155.0,190360.0,3163.0,3163.0,3115.5,3134.3,31811800,3447.7,2820.9,3839.9,2896.0,3120.8,85,1,3120.7,66,5,3120.6,43,5,3120.5,23,2,3120.4,408,12,3121.1,28,1,3121.2,49,1,3121.3,1,1,3121.5,9,1,3121.7,3,1
2031,2026-06-16 10:07:03+05:30,3121.0,75,3135.99,809661,103347.0,190330.0,3163.0,3163.0,3115.5,3134.3,31811800,3447.7,2820.9,3839.9,2896.0,3120.9,18,1,3120.8,165,5,3120.7,56,4,3120.6,96,7,3120.5,67,3,3121.1,24,2,3121.2,69,2,3121.3,1,1,3121.5,9,1,3121.7,3,1
2031,2026-06-16 10:07:03+05:30,3121.1,25,3135.99,809661,103347.0,190330.0,3163.0,3163.0,3115.5,3134.3,31811800,3447.7,2820.9,3839.9,2896.0,3120.9,18,1,3120.8,165,5,3120.7,56,4,3120.6,96,7,3120.5,67,3,3121.1,24,2,3121.2,69,2,3121.3,1,1,3121.5,9,1,3121.7,3,1
2031,2026-06-16 10:07:04+05:30,3121.1,25,3135.99,809710,103254.0,190618.0,3163.0,3163.0,3115.5,3134.3,31811800,3447.7,2820.9,3839.9,2896.0,3120.9,99,4,3120.8,9,1,3120.7,56,4,3120.6,78,6,3120.5,67,3,3121.1,5,1,3121.2,69,2,3121.3,1,1,3121.5,9,1,3121.7,3,1
2031,2026-06-16 10:07:04+05:30,3121.1,5,3135.99,809710,103254.0,190618.0,3163.0,3163.0,3115.5,3134.3,31811800,3447.7,2820.9,3839.9,2896.0,3120.9,99,4,3120.8,9,1,3120.7,56,4,3120.6,78,6,3120.5,67,3,3121.1,5,1,3121.2,69,2,3121.3,1,1,3121.5,9,1,3121.7,3,1
2031,2026-06-16 10:07:05+05:30,3121.1,8,3135.99,809729,103426.0,190607.0,3163.0,3163.0,3115.5,3134.3,31811800,3447.7,2820.9,3839.9,2896.0,3121.1,126,4,3120.9,44,2,3120.8,63,3,3120.7,23,2,3120.6,78,6,3121.2,68,2,3121.3,1,1,3121.5,9,1,3121.7,3,1,3121.9,148,1
2031,2026-06-16 10:07:05+05:30,3121.2,47,3135.99,809729,103426.0,190607.0,3163.0,3163.0,3115.5,3134.3,31811800,3447.7,2820.9,3839.9,2896.0,3121.1,126,4,3120.9,44,2,3120.8,63,3,3120.7,23,2,3120.6,78,6,3121.2,68,2,3121.3,1,1,3121.5,9,1,3121.7,3,1,3121.9,148,1
2031,2026-06-16 10:07:06+05:30,3121.3,1,3135.99,809845,103089.0,190469.0,3163.0,3163.0,3115.5,3134.3,31811800,3447.7,2820.9,3839.9,2896.0,3121.1,74,5,3120.9,44,2,3120.8,43,2,3120.7,41,3,3120.6,41,2,3121.5,9,1,3121.7,3,1,3121.9,214,2,3122.0,474,4,3122.1,72,2
2031,2026-06-16 10:07:06+05:30,3122.0,55,3135.99,809845,103089.0,190469.0,3163.0,3163.0,3115.5,3134.3,31811800,3447.7,2820.9,3839.9,2896.0,3121.1,74,5,3120.9,44,2,3120.8,43,2,3120.7,41,3,3120.6,41,2,3121.5,9,1,3121.7,3,1,3121.9,214,2,3122.0,474,4,3122.1,72,2
2031,2026-06-16 10:07:07+05:30,3121.1,4,3135.98,810359,103271.0,190010.0,3163.0,3163.0,3115.5,3134.3,31811800,3447.7,2820.9,3839.9,2896.0,3121.1,66,5,3120.9,44,2,3120.8,43,2,3120.7,41,3,3120.6,34,1,3121.3,1,1,3121.9,55,2,3122.0,260,2,3122.1,91,3,3122.2,22,1
2031,2026-06-16 10:07:07+05:30,3121.1,4,3135.98,810359,103271.0,190010.0,3163.0,3163.0,3115.5,3134.3,31811800,3447.7,2820.9,3839.9,2896.0,3121.1,66,5,3120.9,44,2,3120.8,43,2,3120.7,41,3,3120.6,34,1,3121.3,1,1,3121.9,55,2,3122.0,260,2,3122.1,91,3,3122.2,22,1
2031,2026-06-16 10:07:08+05:30,3121.1,4,3135.98,810359,103020.0,190306.0,3163.0,3163.0,3115.5,3134.3,31811800,3447.7,2820.9,3839.9,2896.0,3121.1,52,4,3121.0,25,1,3120.9,60,3,3120.8,9,1,3120.7,5,1,3121.3,22,2,3121.8,20,1,3121.9,141,4,3122.0,260,2,3122.1,120,4
2031,2026-06-16 10:07:08+05:30,3121.3,200,3135.98,810359,103020.0,190306.0,3163.0,3163.0,3115.5,3134.3,31811800,3447.7,2820.9,3839.9,2896.0,3121.1,52,4,3121.0,25,1,3120.9,60,3,3120.8,9,1,3120.7,5,1,3121.3,22,2,3121.8,20,1,3121.9,141,4,3122.0,260,2,3122.1,120,4
2031,2026-06-16 10:07:09+05:30,3121.1,22,3135.97,810782,103135.0,190703.0,3163.0,3163.0,3115.5,3134.3,31811800,3447.7,2820.9,3839.9,2896.0,3121.2,7,1,3121.1,8,1,3120.9,60,3,3120.8,9,1,3120.7,5,1,3121.7,85,2,3121.8,70,3,3121.9,191,4,3122.0,314,4,3122.1,126,4
2031,2026-06-16 10:07:09+05:30,3121.2,62,3135.97,810782,103135.0,190703.0,3163.0,3163.0,3115.5,3134.3,31811800,3447.7,2820.9,3839.9,2896.0,3121.2,7,1,3121.1,8,1,3120.9,60,3,3120.8,9,1,3120.7,5,1,3121.7,85,2,3121.8,70,3,3121.9,191,4,3122.0,314,4,3122.1,126,4
2031,2026-06-16 10:07:10+05:30,3121.6,8,3135.97,810782,103135.0,190703.0,3163.0,3163.0,3115.5,3134.3,31811800,3447.7,2820.9,3839.9,2896.0,3121.2,7,1,3121.1,8,1,3120.9,60,3,3120.8,9,1,3120.7,5,1,3121.7,85,2,3121.8,70,3,3121.9,191,4,3122.0,314,4,3122.1,126,4
2031,2026-06-16 10:07:10+05:30,3121.6,8,3135.97,810855,103239.0,191009.0,3163.0,3163.0,3115.5,3134.3,31811800,3447.7,2820.9,3839.9,2896.0,3121.2,1,1,3121.1,20,3,3120.9,60,3,3120.8,9,1,3120.7,5,1,3121.5,33,1,3121.6,72,2,3121.7,124,4,3121.8,128,3,3121.9,86,2
2031,2026-06-16 10:07:11+05:30,3121.5,1,3135.97,810855,103239.0,191009.0,3163.0,3163.0,3115.5,3134.3,31811800,3447.7,2820.9,3839.9,2896.0,3121.2,1,1,3121.1,20,3,3120.9,60,3,3120.8,9,1,3120.7,5,1,3121.5,33,1,3121.6,72,2,3121.7,124,4,3121.8,128,3,3121.9,86,2
2031,2026-06-16 10:07:11+05:30,3121.5,1,3135.97,810857,103292.0,190867.0,3163.0,3163.0,3115.5,3134.3,31811800,3447.7,2820.9,3839.9,2896.0,3121.2,40,2,3121.1,25,4,3120.9,60,3,3120.8,9,1,3120.7,5,1,3121.5,31,1,3121.6,101,3,3121.7,124,4,3121.8,16,1,3121.9,148,2
2031,2026-06-16 10:07:12+05:30,3121.2,39,3135.97,810857,103292.0,190867.0,3163.0,3163.0,3115.5,3134.3,31811800,3447.7,2820.9,3839.9,2896.0,3121.2,40,2,3121.1,25,4,3120.9,60,3,3120.8,9,1,3120.7,5,1,3121.5,31,1,3121.6,101,3,3121.7,124,4,3121.8,16,1,3121.9,148,2
2031,2026-06-16 10:07:12+05:30,3121.2,39,3135.97,810992,103352.0,190891.0,3163.0,3163.0,3115.5,3134.3,31811800,3447.7,2820.9,3839.9,2896.0,3121.1,25,4,3121.0,24,1,3120.9,60,3,3120.8,9,1,3120.7,5,1,3121.5,1,1,3121.6,93,3,3121.7,20,1,3121.8,33,1,3121.9,204,4
2031,2026-06-16 10:07:13+05:30,3121.2,39,3135.97,810992,103343.0,190829.0,3163.0,3163.0,3115.5,3134.3,31811800,3447.7,2820.9,3839.9,2896.0,3121.2,3,1,3121.1,63,5,3121.0,24,1,3120.9,60,3,3120.8,9,1,3121.5,2,2,3121.6,126,4,3121.7,20,1,3121.9,204,4,3122.0,215,1
2031,2026-06-16 10:07:14+05:30,3121.2,39,3135.97,810992,103381.0,190881.0,3163.0,3163.0,3115.5,3134.3,31811800,3447.7,2820.9,3839.9,2896.0,3121.2,44,2,3121.1,63,5,3121.0,24,1,3120.9,60,3,3120.8,9,1,3121.5,2,2,3121.6,126,4,3121.7,39,2,3121.9,214,4,3122.0,284,3
2031,2026-06-16 10:07:15+05:30,3121.5,1,3135.97,810992,103381.0,190881.0,3163.0,3163.0,3115.5,3134.3,31811800,3447.7,2820.9,3839.9,2896.0,3121.2,44,2,3121.1,63,5,3121.0,24,1,3120.9,60,3,3120.8,9,1,3121.5,2,2,3121.6,126,4,3121.7,39,2,3121.9,214,4,3122.0,284,3
2031,2026-06-16 10:07:15+05:30,3121.5,1,3135.96,811394,103478.0,189335.0,3163.0,3163.0,3115.5,3134.3,31811800,3447.7,2820.9,3839.9,2896.0,3121.5,1,1,3121.1,11,2,3121.0,24,1,3120.9,60,3,3120.8,9,1,3121.6,7,2,3121.7,39,2,3121.9,87,2,3122.0,436,6,3122.1,88,3
2031,2026-06-16 10:07:16+05:30,3121.5,1,3135.96,811394,103478.0,189335.0,3163.0,3163.0,3115.5,3134.3,31811800,3447.7,2820.9,3839.9,2896.0,3121.5,1,1,3121.1,11,2,3121.0,24,1,3120.9,60,3,3120.8,9,1,3121.6,7,2,3121.7,39,2,3121.9,87,2,3122.0,436,6,3122.1,88,3
2031,2026-06-16 10:07:16+05:30,3121.5,1,3135.96,811414,103526.0,190977.0,3163.0,3163.0,3115.5,3134.3,31811800,3447.7,2820.9,3839.9,2896.0,3121.3,25,1,3121.1,11,2,3120.9,93,4,3120.8,9,1,3120.7,5,1,3121.5,29,1,3121.6,19,4,3121.7,20,1,3121.9,87,2,3122.0,424,5
2031,2026-06-16 10:07:17+05:30,3121.3,29,3135.96,811414,103526.0,190977.0,3163.0,3163.0,3115.5,3134.3,31811800,3447.7,2820.9,3839.9,2896.0,3121.3,25,1,3121.1,11,2,3120.9,93,4,3120.8,9,1,3120.7,5,1,3121.5,29,1,3121.6,19,4,3121.7,20,1,3121.9,87,2,3122.0,424,5
2031,2026-06-16 10:07:17+05:30,3121.3,29,3135.96,811443,103554.0,191484.0,3163.0,3163.0,3115.5,3134.3,31811800,3447.7,2820.9,3839.9,2896.0,3121.3,25,1,3121.1,11,2,3120.9,60,3,3120.8,9,1,3120.7,5,1,3121.5,91,4,3121.6,15,3,3121.7,20,1,3121.9,106,3,3122.0,382,4
2031,2026-06-16 10:07:18+05:30,3121.5,1,3135.96,811443,103554.0,191484.0,3163.0,3163.0,3115.5,3134.3,31811800,3447.7,2820.9,3839.9,2896.0,3121.3,25,1,3121.1,11,2,3120.9,60,3,3120.8,9,1,3120.7,5,1,3121.5,91,4,3121.6,15,3,3121.7,20,1,3121.9,106,3,3122.0,382,4
2031,2026-06-16 10:07:18+05:30,3121.5,1,3135.96,811467,103334.0,191525.0,3163.0,3163.0,3115.5,3134.3,31811800,3447.7,2820.9,3839.9,2896.0,3121.3,3,1,3121.1,11,2,3120.9,60,3,3120.8,9,1,3120.7,5,1,3121.5,150,7,3121.6,15,3,3121.7,39,2,3121.8,84,1,3121.9,140,4
2031,2026-06-16 10:07:19+05:30,3121.5,1,3135.96,811467,103334.0,191525.0,3163.0,3163.0,3115.5,3134.3,31811800,3447.7,2820.9,3839.9,2896.0,3121.3,3,1,3121.1,11,2,3120.9,60,3,3120.8,9,1,3120.7,5,1,3121.5,150,7,3121.6,15,3,3121.7,39,2,3121.8,84,1,3121.9,140,4
2031,2026-06-16 10:07:19+05:30,3121.5,1,3135.96,811467,103509.0,191340.0,3163.0,3163.0,3115.5,3134.3,31811800,3447.7,2820.9,3839.9,2896.0,3121.1,11,2,3120.9,60,3,3120.8,9,1,3120.7,5,1,3120.4,326,5,3121.5,150,7,3121.6,34,4,3121.7,60,2,3121.8,132,3,3121.9,93,2
2031,2026-06-16 10:07:20+05:30,3121.5,37,3135.96,811467,103509.0,191340.0,3163.0,3163.0,3115.5,3134.3,31811800,3447.7,2820.9,3839.9,2896.0,3121.1,11,2,3120.9,60,3,3120.8,9,1,3120.7,5,1,3120.4,326,5,3121.5,150,7,3121.6,34,4,3121.7,60,2,3121.8,132,3,3121.9,93,2
2031,2026-06-16 10:07:20+05:30,3121.5,37,3135.96,811654,103670.0,190609.0,3163.0,3163.0,3115.5,3134.3,31811800,3447.7,2820.9,3839.9,2896.0,3121.2,1,1,3121.1,5,1,3121.0,24,1,3120.9,61,3,3120.8,9,1,3121.6,15,3,3121.7,20,1,3121.8,29,1,3122.0,265,2,3122.1,117,3
2031,2026-06-16 10:07:21+05:30,3121.5,37,3135.96,811654,103670.0,190609.0,3163.0,3163.0,3115.5,3134.3,31811800,3447.7,2820.9,3839.9,2896.0,3121.2,1,1,3121.1,5,1,3121.0,24,1,3120.9,61,3,3120.8,9,1,3121.6,15,3,3121.7,20,1,3121.8,29,1,3122.0,265,2,3122.1,117,3
2031,2026-06-16 10:07:21+05:30,3121.5,37,3135.96,811654,103594.0,190727.0,3163.0,3163.0,3115.5,3134.3,31811800,3447.7,2820.9,3839.9,2896.0,3121.2,1,1,3121.1,5,1,3121.0,24,1,3120.9,61,3,3120.8,9,1,3121.6,21,4,3121.7,20,1,3121.8,29,1,3122.0,361,4,3122.1,88,2
2031,2026-06-16 10:07:22+05:30,3121.6,1,3135.96,811654,103594.0,190727.0,3163.0,3163.0,3115.5,3134.3,31811800,3447.7,2820.9,3839.9,2896.0,3121.2,1,1,3121.1,5,1,3121.0,24,1,3120.9,61,3,3120.8,9,1,3121.6,21,4,3121.7,20,1,3121.8,29,1,3122.0,361,4,3122.1,88,2
2031,2026-06-16 10:07:22+05:30,3121.8,4,3135.95,811755,103756.0,190613.0,3163.0,3163.0,3115.5,3134.3,31811800,3447.7,2820.9,3839.9,2896.0,3121.2,1,1,3121.1,38,2,3121.0,56,3,3120.9,61,3,3120.8,42,2,3121.8,25,1,3122.0,295,3,3122.1,4,1,3122.2,19,1,3122.4,162,5
2031,2026-06-16 10:07:22+05:30,3121.8,4,3135.95,811755,103756.0,190613.0,3163.0,3163.0,3115.5,3134.3,31811800,3447.7,2820.9,3839.9,2896.0,3121.2,1,1,3121.1,38,2,3121.0,56,3,3120.9,61,3,3120.8,42,2,3121.8,25,1,3122.0,295,3,3122.1,4,1,3122.2,19,1,3122.4,162,5
2031,2026-06-16 10:07:23+05:30,3121.0,25,3135.95,811755,103756.0,190613.0,3163.0,3163.0,3115.5,3134.3,31811800,3447.7,2820.9,3839.9,2896.0,3121.2,1,1,3121.1,38,2,3121.0,56,3,3120.9,61,3,3120.8,42,2,3121.8,25,1,3122.0,295,3,3122.1,4,1,3122.2,19,1,3122.4,162,5
2031,2026-06-16 10:07:23+05:30,3121.0,25,3135.95,811883,103917.0,190446.0,3163.0,3163.0,3115.5,3134.3,31811800,3447.7,2820.9,3839.9,2896.0,3121.0,24,1,3120.9,142,5,3120.8,94,4,3120.7,36,2,3120.6,184,5,3121.8,11,2,3122.0,295,3,3122.1,4,1,3122.4,137,4,3122.5,127,2
2031,2026-06-16 10:07:24+05:30,3121.0,25,3135.95,811883,103917.0,190446.0,3163.0,3163.0,3115.5,3134.3,31811800,3447.7,2820.9,3839.9,2896.0,3121.0,24,1,3120.9,142,5,3120.8,94,4,3120.7,36,2,3120.6,184,5,3121.8,11,2,3122.0,295,3,3122.1,4,1,3122.4,137,4,3122.5,127,2
2031,2026-06-16 10:07:24+05:30,3121.8,1,3135.95,811883,103917.0,190446.0,3163.0,3163.0,3115.5,3134.3,31811800,3447.7,2820.9,3839.9,2896.0,3121.0,24,1,3120.9,142,5,3120.8,94,4,3120.7,36,2,3120.6,184,5,3121.8,11,2,3122.0,295,3,3122.1,4,1,3122.4,137,4,3122.5,127,2
2031,2026-06-16 10:07:25+05:30,3121.8,1,3135.95,811887,103965.0,190685.0,3163.0,3163.0,3115.5,3134.3,31811800,3447.7,2820.9,3839.9,2896.0,3121.0,24,1,3120.9,94,4,3120.8,9,1,3120.7,43,2,3120.6,94,3,3121.8,55,4,3122.0,295,3,3122.1,4,1,3122.3,84,1,3122.4,168,5
2031,2026-06-16 10:07:26+05:30,3121.8,1,3135.95,811887,103265.0,191663.0,3163.0,3163.0,3115.5,3134.3,31811800,3447.7,2820.9,3839.9,2896.0,3121.0,24,1,3120.9,61,3,3120.8,9,1,3120.7,5,1,3120.4,271,3,3121.5,73,4,3121.6,83,3,3121.7,310,4,3121.8,192,10,3122.0,580,7
2031,2026-06-16 10:07:26+05:30,3121.8,1,3135.95,811887,103265.0,191663.0,3163.0,3163.0,3115.5,3134.3,31811800,3447.7,2820.9,3839.9,2896.0,3121.0,24,1,3120.9,61,3,3120.8,9,1,3120.7,5,1,3120.4,271,3,3121.5,73,4,3121.6,83,3,3121.7,310,4,3121.8,192,10,3122.0,580,7
2031,2026-06-16 10:07:27+05:30,3121.0,1,3135.95,811912,103438.0,191812.0,3163.0,3163.0,3115.5,3134.3,31811800,3447.7,2820.9,3839.9,2896.0,3121.0,35,2,3120.9,61,3,3120.8,9,1,3120.7,5,1,3120.4,271,3,3121.5,126,7,3121.6,113,4,3121.7,340,5,3121.8,167,8,3122.0,581,7
2031,2026-06-16 10:07:27+05:30,3121.0,1,3135.95,811912,103438.0,191812.0,3163.0,3163.0,3115.5,3134.3,31811800,3447.7,2820.9,3839.9,2896.0,3121.0,35,2,3120.9,61,3,3120.8,9,1,3120.7,5,1,3120.4,271,3,3121.5,126,7,3121.6,113,4,3121.7,340,5,3121.8,167,8,3122.0,581,7
2031,2026-06-16 10:07:27+05:30,3121.5,1,3135.95,811912,103438.0,191812.0,3163.0,3163.0,3115.5,3134.3,31811800,3447.7,2820.9,3839.9,2896.0,3121.0,35,2,3120.9,61,3,3120.8,9,1,3120.7,5,1,3120.4,271,3,3121.5,126,7,3121.6,113,4,3121.7,340,5,3121.8,167,8,3122.0,581,7
2031,2026-06-16 10:07:28+05:30,3121.5,1,3135.95,811913,103428.0,191758.0,3163.0,3163.0,3115.5,3134.3,31811800,3447.7,2820.9,3839.9,2896.0,3121.0,35,2,3120.9,61,3,3120.8,9,1,3120.7,5,1,3120.4,271,3,3121.5,125,7,3121.6,113,4,3121.7,340,5,3121.8,167,8,3122.0,581,7
2031,2026-06-16 10:07:28+05:30,3121.5,1,3135.95,811913,103428.0,191758.0,3163.0,3163.0,3115.5,3134.3,31811800,3447.7,2820.9,3839.9,2896.0,3121.0,35,2,3120.9,61,3,3120.8,9,1,3120.7,5,1,3120.4,271,3,3121.5,125,7,3121.6,113,4,3121.7,340,5,3121.8,167,8,3122.0,581,7
2031,2026-06-16 10:07:29+05:30,3120.9,17,3135.94,812313,103623.0,190752.0,3163.0,3163.0,3115.5,3134.3,31811800,3447.7,2820.9,3839.9,2896.0,3120.9,24,2,3120.8,9,1,3120.7,5,1,3120.5,168,1,3120.4,304,4,3121.5,53,3,3121.6,30,1,3121.7,30,1,3121.8,66,4,3122.0,568,5
2031,2026-06-16 10:07:29+05:30,3120.9,17,3135.94,812313,103623.0,190752.0,3163.0,3163.0,3115.5,3134.3,31811800,3447.7,2820.9,3839.9,2896.0,3120.9,24,2,3120.8,9,1,3120.7,5,1,3120.5,168,1,3120.4,304,4,3121.5,53,3,3121.6,30,1,3121.7,30,1,3121.8,66,4,3122.0,568,5
2031,2026-06-16 10:07:29+05:30,3120.9,17,3135.94,812313,103623.0,190752.0,3163.0,3163.0,3115.5,3134.3,31811800,3447.7,2820.9,3839.9,2896.0,3120.9,24,2,3120.8,9,1,3120.7,5,1,3120.5,168,1,3120.4,304,4,3121.5,53,3,3121.6,30,1,3121.7,30,1,3121.8,66,4,3122.0,568,5
2031,2026-06-16 10:07:30+05:30,3120.9,17,3135.94,812313,103623.0,190752.0,3163.0,3163.0,3115.5,3134.3,31811800,3447.7,2820.9,3839.9,2896.0,3120.9,24,2,3120.8,9,1,3120.7,5,1,3120.5,168,1,3120.4,304,4,3121.5,53,3,3121.6,30,1,3121.7,30,1,3121.8,66,4,3122.0,568,5
2031,2026-06-16 10:07:30+05:30,3121.5,1,3135.94,812314,103877.0,191149.0,3163.0,3163.0,3115.5,3134.3,31811800,3447.7,2820.9,3839.9,2896.0,3121.2,2,2,3120.9,37,4,3120.8,9,1,3120.7,64,3,3120.6,8,1,3121.5,137,6,3121.6,30,1,3121.7,30,1,3121.8,47,3,3122.0,568,5
2031,2026-06-16 10:07:30+05:30,3121.5,1,3135.94,812314,103877.0,191149.0,3163.0,3163.0,3115.5,3134.3,31811800,3447.7,2820.9,3839.9,2896.0,3121.2,2,2,3120.9,37,4,3120.8,9,1,3120.7,64,3,3120.6,8,1,3121.5,137,6,3121.6,30,1,3121.7,30,1,3121.8,47,3,3122.0,568,5
2031,2026-06-16 10:07:30+05:30,3121.5,1,3135.94,812314,103877.0,191149.0,3163.0,3163.0,3115.5,3134.3,31811800,3447.7,2820.9,3839.9,2896.0,3121.2,2,2,3120.9,37,4,3120.8,9,1,3120.7,64,3,3120.6,8,1,3121.5,137,6,3121.6,30,1,3121.7,30,1,3121.8,47,3,3122.0,568,5
2031,2026-06-16 10:07:31+05:30,3121.5,1,3135.94,812314,103877.0,191149.0,3163.0,3163.0,3115.5,3134.3,31811800,3447.7,2820.9,3839.9,2896.0,3121.2,2,2,3120.9,37,4,3120.8,9,1,3120.7,64,3,3120.6,8,1,3121.5,137,6,3121.6,30,1,3121.7,30,1,3121.8,47,3,3122.0,568,5
2031,2026-06-16 10:07:31+05:30,3121.5,1,3135.94,812314,103877.0,191149.0,3163.0,3163.0,3115.5,3134.3,31811800,3447.7,2820.9,3839.9,2896.0,3121.2,2,2,3120.9,37,4,3120.8,9,1,3120.7,64,3,3120.6,8,1,3121.5,137,6,3121.6,30,1,3121.7,30,1,3121.8,47,3,3122.0,568,5
2031,2026-06-16 10:07:31+05:30,3121.5,1,3135.94,812315,103941.0,191155.0,3163.0,3163.0,3115.5,3134.3,31811800,3447.7,2820.9,3839.9,2896.0,3121.2,2,2,3120.9,37,4,3120.8,9,1,3120.7,64,3,3120.6,8,1,3121.5,136,6,3121.6,30,1,3121.7,30,1,3121.8,47,3,3122.0,568,5
2031,2026-06-16 10:07:32+05:30,3121.5,1,3135.94,812315,103941.0,191155.0,3163.0,3163.0,3115.5,3134.3,31811800,3447.7,2820.9,3839.9,2896.0,3121.2,2,2,3120.9,37,4,3120.8,9,1,3120.7,64,3,3120.6,8,1,3121.5,136,6,3121.6,30,1,3121.7,30,1,3121.8,47,3,3122.0,568,5
2031,2026-06-16 10:07:32+05:30,3121.5,47,3135.94,812315,103941.0,191155.0,3163.0,3163.0,3115.5,3134.3,31811800,3447.7,2820.9,3839.9,2896.0,3121.2,2,2,3120.9,37,4,3120.8,9,1,3120.7,64,3,3120.6,8,1,3121.5,136,6,3121.6,30,1,3121.7,30,1,3121.8,47,3,3122.0,568,5
2031,2026-06-16 10:07:32+05:30,3121.5,1,3135.94,812516,103759.0,191001.0,3163.0,3163.0,3115.5,3134.3,31811800,3447.7,2820.9,3839.9,2896.0,3121.2,2,2,3120.9,37,4,3120.8,9,1,3120.7,31,2,3120.6,8,1,3121.5,7,1,3121.6,30,1,3121.7,49,2,3121.8,47,3,3122.0,634,6
2031,2026-06-16 10:07:32+05:30,3121.5,1,3135.94,812516,103759.0,191001.0,3163.0,3163.0,3115.5,3134.3,31811800,3447.7,2820.9,3839.9,2896.0,3121.2,2,2,3120.9,37,4,3120.8,9,1,3120.7,31,2,3120.6,8,1,3121.5,7,1,3121.6,30,1,3121.7,49,2,3121.8,47,3,3122.0,634,6
2031,2026-06-16 10:07:33+05:30,3121.5,6,3135.94,812516,103759.0,191001.0,3163.0,3163.0,3115.5,3134.3,31811800,3447.7,2820.9,3839.9,2896.0,3121.2,2,2,3120.9,37,4,3120.8,9,1,3120.7,31,2,3120.6,8,1,3121.5,7,1,3121.6,30,1,3121.7,49,2,3121.8,47,3,3122.0,634,6
2031,2026-06-16 10:07:33+05:30,3121.5,6,3135.94,812516,103759.0,191001.0,3163.0,3163.0,3115.5,3134.3,31811800,3447.7,2820.9,3839.9,2896.0,3121.2,2,2,3120.9,37,4,3120.8,9,1,3120.7,31,2,3120.6,8,1,3121.5,7,1,3121.6,30,1,3121.7,49,2,3121.8,47,3,3122.0,634,6
2031,2026-06-16 10:07:33+05:30,3121.5,6,3135.94,812537,103807.0,191038.0,3163.0,3163.0,3115.5,3134.3,31811800,3447.7,2820.9,3839.9,2896.0,3121.2,2,2,3121.0,21,1,3120.9,37,4,3120.8,9,1,3120.7,5,1,3121.5,6,1,3121.6,30,1,3121.7,49,2,3121.8,47,3,3122.0,669,7
2031,2026-06-16 10:07:34+05:30,3121.5,6,3135.94,812537,103807.0,191038.0,3163.0,3163.0,3115.5,3134.3,31811800,3447.7,2820.9,3839.9,2896.0,3121.2,2,2,3121.0,21,1,3120.9,37,4,3120.8,9,1,3120.7,5,1,3121.5,6,1,3121.6,30,1,3121.7,49,2,3121.8,47,3,3122.0,669,7
2031,2026-06-16 10:07:34+05:30,3121.2,1,3135.94,812537,103807.0,191038.0,3163.0,3163.0,3115.5,3134.3,31811800,3447.7,2820.9,3839.9,2896.0,3121.2,2,2,3121.0,21,1,3120.9,37,4,3120.8,9,1,3120.7,5,1,3121.5,6,1,3121.6,30,1,3121.7,49,2,3121.8,47,3,3122.0,669,7
2031,2026-06-16 10:07:34+05:30,3121.4,5,3135.94,812812,103009.0,192054.0,3163.0,3163.0,3115.5,3134.3,31811800,3447.7,2820.9,3839.9,2896.0,3120.9,37,4,3120.8,9,1,3120.7,5,1,3120.4,271,3,3120.1,74,2,3121.4,64,3,3121.5,77,8,3121.6,93,4,3121.7,204,4,3121.8,101,5
2031,2026-06-16 10:07:35+05:30,3121.4,5,3135.94,812812,103009.0,192054.0,3163.0,3163.0,3115.5,3134.3,31811800,3447.7,2820.9,3839.9,2896.0,3120.9,37,4,3120.8,9,1,3120.7,5,1,3120.4,271,3,3120.1,74,2,3121.4,64,3,3121.5,77,8,3121.6,93,4,3121.7,204,4,3121.8,101,5
2031,2026-06-16 10:07:35+05:30,3121.3,3,3135.94,812812,103009.0,192054.0,3163.0,3163.0,3115.5,3134.3,31811800,3447.7,2820.9,3839.9,2896.0,3120.9,37,4,3120.8,9,1,3120.7,5,1,3120.4,271,3,3120.1,74,2,3121.4,64,3,3121.5,77,8,3121.6,93,4,3121.7,204,4,3121.8,101,5
2031,2026-06-16 10:07:35+05:30,3121.3,3,3135.94,812815,103371.0,192912.0,3163.0,3163.0,3115.5,3134.3,31811800,3447.7,2820.9,3839.9,2896.0,3120.9,37,4,3120.8,9,1,3120.7,5,1,3120.4,271,3,3120.1,74,2,3121.2,1,1,3121.3,72,4,3121.4,49,3,3121.5,41,6,3121.6,115,5
2031,2026-06-16 10:07:35+05:30,3121.3,3,3135.94,812815,103371.0,192912.0,3163.0,3163.0,3115.5,3134.3,31811800,3447.7,2820.9,3839.9,2896.0,3120.9,37,4,3120.8,9,1,3120.7,5,1,3120.4,271,3,3120.1,74,2,3121.2,1,1,3121.3,72,4,3121.4,49,3,3121.5,41,6,3121.6,115,5
2031,2026-06-16 10:07:36+05:30,3121.2,1,3135.94,812815,103371.0,192912.0,3163.0,3163.0,3115.5,3134.3,31811800,3447.7,2820.9,3839.9,2896.0,3120.9,37,4,3120.8,9,1,3120.7,5,1,3120.4,271,3,3120.1,74,2,3121.2,1,1,3121.3,72,4,3121.4,49,3,3121.5,41,6,3121.6,115,5
2031,2026-06-16 10:07:36+05:30,3121.2,1,3135.94,812815,103371.0,192912.0,3163.0,3163.0,3115.5,3134.3,31812200,3447.7,2820.9,3839.9,2896.0,3120.9,37,4,3120.8,9,1,3120.7,5,1,3120.4,271,3,3120.1,74,2,3121.2,1,1,3121.3,72,4,3121.4,49,3,3121.5,41,6,3121.6,115,5
2031,2026-06-16 10:07:36+05:30,3121.2,1,3135.94,812816,103356.0,193014.0,3163.0,3163.0,3115.5,3134.3,31812200,3447.7,2820.9,3839.9,2896.0,3120.9,132,5,3120.8,9,1,3120.7,5,1,3120.4,271,3,3120.1,74,2,3121.2,101,8,3121.3,36,3,3121.4,103,5,3121.5,22,5,3121.6,85,4
2031,2026-06-16 10:07:37+05:30,3121.1,1,3135.94,812816,103356.0,193014.0,3163.0,3163.0,3115.5,3134.3,31812200,3447.7,2820.9,3839.9,2896.0,3120.9,132,5,3120.8,9,1,3120.7,5,1,3120.4,271,3,3120.1,74,2,3121.2,101,8,3121.3,36,3,3121.4,103,5,3121.5,22,5,3121.6,85,4
2031,2026-06-16 10:07:37+05:30,3121.1,1,3135.94,812822,103333.0,192979.0,3163.0,3163.0,3115.5,3134.3,31812200,3447.7,2820.9,3839.9,2896.0,3120.9,135,6,3120.8,9,1,3120.7,5,1,3120.4,271,3,3120.1,74,2,3121.1,59,4,3121.2,67,5,3121.3,36,3,3121.4,82,4,3121.5,13,3
2031,2026-06-16 10:07:38+05:30,3121.1,1,3135.94,812822,103333.0,192979.0,3163.0,3163.0,3115.5,3134.3,31812200,3447.7,2820.9,3839.9,2896.0,3120.9,135,6,3120.8,9,1,3120.7,5,1,3120.4,271,3,3120.1,74,2,3121.1,59,4,3121.2,67,5,3121.3,36,3,3121.4,82,4,3121.5,13,3
2031,2026-06-16 10:07:38+05:30,3121.1,1,3135.94,812823,103402.0,192997.0,3163.0,3163.0,3115.5,3134.3,31812200,3447.7,2820.9,3839.9,2896.0,3121.0,32,2,3120.9,123,5,3120.8,9,1,3120.7,29,2,3120.4,271,3,3121.1,59,5,3121.2,97,6,3121.3,18,2,3121.4,82,4,3121.5,7,2
2031,2026-06-16 10:07:39+05:30,3121.1,1,3135.94,812823,103436.0,192997.0,3163.0,3163.0,3115.5,3134.3,31812200,3447.7,2820.9,3839.9,2896.0,3121.0,32,2,3120.9,123,5,3120.8,9,1,3120.7,29,2,3120.4,271,3,3121.1,84,6,3121.2,72,5,3121.3,18,2,3121.4,82,4,3121.5,7,2
2031,2026-06-16 10:07:40+05:30,3121.0,5,3135.94,812823,103436.0,192997.0,3163.0,3163.0,3115.5,3134.3,31812200,3447.7,2820.9,3839.9,2896.0,3121.0,32,2,3120.9,123,5,3120.8,9,1,3120.7,29,2,3120.4,271,3,3121.1,84,6,3121.2,72,5,3121.3,18,2,3121.4,82,4,3121.5,7,2
2031,2026-06-16 10:07:40+05:30,3121.0,5,3135.93,812836,103447.0,193033.0,3163.0,3163.0,3115.5,3134.3,31812200,3447.7,2820.9,3839.9,2896.0,3121.0,27,2,3120.9,122,4,3120.8,9,1,3120.7,29,2,3120.4,271,3,3121.1,110,7,3121.2,72,5,3121.3,18,2,3121.4,82,4,3121.5,23,3
2031,2026-06-16 10:07:41+05:30,3121.1,14,3135.93,812836,103447.0,193033.0,3163.0,3163.0,3115.5,3134.3,31812200,3447.7,2820.9,3839.9,2896.0,3121.0,27,2,3120.9,122,4,3120.8,9,1,3120.7,29,2,3120.4,271,3,3121.1,110,7,3121.2,72,5,3121.3,18,2,3121.4,82,4,3121.5,23,3
2031,2026-06-16 10:07:41+05:30,3121.1,14,3135.93,813011,103400.0,192933.0,3163.0,3163.0,3115.5,3134.3,31812200,3447.7,2820.9,3839.9,2896.0,3121.0,6,1,3120.9,124,5,3120.8,9,1,3120.7,5,1,3120.4,271,3,3121.2,117,7,3121.3,18,2,3121.4,82,4,3121.5,23,3,3121.6,85,4
2031,2026-06-16 10:07:42+05:30,3121.1,14,3135.93,813011,103438.0,193045.0,3163.0,3163.0,3115.5,3134.3,31812200,3447.7,2820.9,3839.9,2896.0,3121.0,6,1,3120.9,124,5,3120.8,9,1,3120.7,5,1,3120.4,271,3,3121.1,77,4,3121.2,108,7,3121.3,27,3,3121.4,82,4,3121.5,23,3
2031,2026-06-16 10:07:43+05:30,3121.2,3,3135.93,813011,103438.0,193045.0,3163.0,3163.0,3115.5,3134.3,31812200,3447.7,2820.9,3839.9,2896.0,3121.0,6,1,3120.9,124,5,3120.8,9,1,3120.7,5,1,3120.4,271,3,3121.1,77,4,3121.2,108,7,3121.3,27,3,3121.4,82,4,3121.5,23,3
2031,2026-06-16 10:07:43+05:30,3121.2,3,3135.93,813182,103445.0,193023.0,3163.0,3163.0,3115.5,3134.3,31812200,3447.7,2820.9,3839.9,2896.0,3121.0,6,1,3120.9,124,5,3120.8,9,1,3120.7,5,1,3120.4,271,3,3121.1,6,1,3121.2,65,5,3121.3,18,2,3121.4,94,5,3121.5,52,5
2031,2026-06-16 10:07:44+05:30,3121.1,1,3135.93,813182,103445.0,193023.0,3163.0,3163.0,3115.5,3134.3,31812200,3447.7,2820.9,3839.9,2896.0,3121.0,6,1,3120.9,124,5,3120.8,9,1,3120.7,5,1,3120.4,271,3,3121.1,6,1,3121.2,65,5,3121.3,18,2,3121.4,94,5,3121.5,52,5
2031,2026-06-16 10:07:44+05:30,3121.1,1,3135.93,813183,103290.0,193102.0,3163.0,3163.0,3115.5,3134.3,31812200,3447.7,2820.9,3839.9,2896.0,3121.0,32,2,3120.9,124,5,3120.8,9,1,3120.7,5,1,3120.4,271,3,3121.1,45,3,3121.2,68,4,3121.3,47,3,3121.4,94,5,3121.5,52,5
2031,2026-06-16 10:07:45+05:30,3121.0,40,3135.93,813183,103290.0,193102.0,3163.0,3163.0,3115.5,3134.3,31812200,3447.7,2820.9,3839.9,2896.0,3121.0,32,2,3120.9,124,5,3120.8,9,1,3120.7,5,1,3120.4,271,3,3121.1,45,3,3121.2,68,4,3121.3,47,3,3121.4,94,5,3121.5,52,5
2031,2026-06-16 10:07:46+05:30,3121.0,40,3135.92,813525,103670.0,192783.0,3163.0,3163.0,3115.5,3134.3,31812200,3447.7,2820.9,3839.9,2896.0,3121.0,31,3,3120.9,29,4,3120.8,9,1,3120.7,5,1,3120.4,304,4,3121.2,112,4,3121.3,18,2,3121.4,37,2,3121.5,22,2,3121.6,21,2
2031,2026-06-16 10:07:46+05:30,3121.0,25,3135.92,813525,103670.0,192783.0,3163.0,3163.0,3115.5,3134.3,31812200,3447.7,2820.9,3839.9,2896.0,3121.0,31,3,3120.9,29,4,3120.8,9,1,3120.7,5,1,3120.4,304,4,3121.2,112,4,3121.3,18,2,3121.4,37,2,3121.5,22,2,3121.6,21,2
2031,2026-06-16 10:07:47+05:30,3121.2,33,3135.92,813705,103639.0,192761.0,3163.0,3163.0,3115.5,3134.3,31812200,3447.7,2820.9,3839.9,2896.0,3121.1,4,1,3121.0,27,2,3120.9,29,4,3120.8,9,1,3120.7,5,1,3121.2,26,3,3121.3,18,2,3121.4,37,2,3121.5,56,3,3121.6,21,2
2031,2026-06-16 10:07:47+05:30,3121.2,33,3135.92,813705,103639.0,192761.0,3163.0,3163.0,3115.5,3134.3,31812200,3447.7,2820.9,3839.9,2896.0,3121.1,4,1,3121.0,27,2,3120.9,29,4,3120.8,9,1,3120.7,5,1,3121.2,26,3,3121.3,18,2,3121.4,37,2,3121.5,56,3,3121.6,21,2
2031,2026-06-16 10:07:48+05:30,3121.2,33,3135.92,813705,103555.0,192771.0,3163.0,3163.0,3115.5,3134.3,31812200,3447.7,2820.9,3839.9,2896.0,3121.1,4,1,3121.0,46,4,3120.9,21,3,3120.8,9,1,3120.7,5,1,3121.2,29,4,3121.3,18,2,3121.4,37,2,3121.5,79,4,3121.6,21,2
2031,2026-06-16 10:07:48+05:30,3121.2,1,3135.92,813705,103555.0,192771.0,3163.0,3163.0,3115.5,3134.3,31812200,3447.7,2820.9,3839.9,2896.0,3121.1,4,1,3121.0,46,4,3120.9,21,3,3120.8,9,1,3120.7,5,1,3121.2,29,4,3121.3,18,2,3121.4,37,2,3121.5,79,4,3121.6,21,2
2031,2026-06-16 10:07:49+05:30,3121.0,23,3135.91,814127,103143.0,193882.0,3163.0,3163.0,3115.5,3134.3,31812200,3447.7,2820.9,3839.9,2896.0,3120.9,26,3,3120.8,9,1,3120.7,5,1,3120.4,271,3,3120.1,50,1,3121.0,67,5,3121.1,187,3,3121.2,61,4,3121.3,42,4,3121.4,103,3
2031,2026-06-16 10:07:49+05:30,3120.9,38,3135.91,814127,103143.0,193882.0,3163.0,3163.0,3115.5,3134.3,31812200,3447.7,2820.9,3839.9,2896.0,3120.9,26,3,3120.8,9,1,3120.7,5,1,3120.4,271,3,3120.1,50,1,3121.0,67,5,3121.1,187,3,3121.2,61,4,3121.3,42,4,3121.4,103,3
2031,2026-06-16 10:07:50+05:30,3120.9,38,3135.91,814202,103289.0,193868.0,3163.0,3163.0,3115.5,3134.3,31812200,3447.7,2820.9,3839.9,2896.0,3120.9,26,3,3120.8,9,1,3120.7,5,1,3120.4,271,3,3120.1,50,1,3121.0,67,5,3121.1,187,3,3121.2,148,7,3121.3,28,2,3121.4,169,3
2031,2026-06-16 10:07:50+05:30,3121.0,1,3135.91,814202,103289.0,193868.0,3163.0,3163.0,3115.5,3134.3,31812200,3447.7,2820.9,3839.9,2896.0,3120.9,26,3,3120.8,9,1,3120.7,5,1,3120.4,271,3,3120.1,50,1,3121.0,67,5,3121.1,187,3,3121.2,148,7,3121.3,28,2,3121.4,169,3
2031,2026-06-16 10:07:51+05:30,3120.4,3,3135.9,814861,101822.0,193531.0,3163.0,3163.0,3115.5,3134.3,31812200,3447.7,2820.9,3839.9,2896.0,3120.1,66,2,3120.0,24,4,3119.8,16,1,3119.7,16,1,3119.4,3,1,3120.3,48,3,3120.4,39,3,3120.5,38,3,3120.6,91,5,3120.7,109,3
2031,2026-06-16 10:07:51+05:30,3120.1,17,3135.9,814861,101822.0,193531.0,3163.0,3163.0,3115.5,3134.3,31812200,3447.7,2820.9,3839.9,2896.0,3120.1,66,2,3120.0,24,4,3119.8,16,1,3119.7,16,1,3119.4,3,1,3120.3,48,3,3120.4,39,3,3120.5,38,3,3120.6,91,5,3120.7,109,3
2031,2026-06-16 10:07:52+05:30,3120.2,2,3135.9,814904,101686.0,193859.0,3163.0,3163.0,3115.5,3134.3,31812200,3447.7,2820.9,3839.9,2896.0,3120.1,62,3,3120.0,24,4,3119.8,16,1,3119.7,16,1,3119.4,3,1,3120.2,43,3,3120.3,8,1,3120.4,40,3,3120.5,8,1,3120.6,69,4
2031,2026-06-16 10:07:52+05:30,3120.1,37,3135.9,814904,101686.0,193859.0,3163.0,3163.0,3115.5,3134.3,31812200,3447.7,2820.9,3839.9,2896.0,3120.1,62,3,3120.0,24,4,3119.8,16,1,3119.7,16,1,3119.4,3,1,3120.2,43,3,3120.3,8,1,3120.4,40,3,3120.5,8,1,3120.6,69,4
2031,2026-06-16 10:07:53+05:30,3120.1,37,3135.9,814966,101488.0,193680.0,3163.0,3163.0,3115.5,3134.3,31812200,3447.7,2820.9,3839.9,2896.0,3120.0,24,4,3119.8,16,1,3119.7,16,1,3119.4,3,1,3119.3,15,1,3120.1,28,3,3120.2,50,3,3120.3,72,4,3120.4,40,3,3120.5,8,1
2031,2026-06-16 10:07:53+05:30,3120.1,19,3135.9,814966,101488.0,193680.0,3163.0,3163.0,3115.5,3134.3,31812200,3447.7,2820.9,3839.9,2896.0,3120.0,24,4,3119.8,16,1,3119.7,16,1,3119.4,3,1,3119.3,15,1,3120.1,28,3,3120.2,50,3,3120.3,72,4,3120.4,40,3,3120.5,8,1
2031,2026-06-16 10:07:54+05:30,3120.3,4,3135.89,815107,101489.0,193565.0,3163.0,3163.0,3115.5,3134.3,31812200,3447.7,2820.9,3839.9,2896.0,3120.1,43,1,3120.0,24,4,3119.8,16,1,3119.7,16,1,3119.4,3,1,3120.3,4,1,3120.4,32,2,3120.6,43,3,3120.7,41,2,3120.8,110,3
2031,2026-06-16 10:07:54+05:30,3120.3,4,3135.89,815107,101489.0,193565.0,3163.0,3163.0,3115.5,3134.3,31812200,3447.7,2820.9,3839.9,2896.0,3120.1,43,1,3120.0,24,4,3119.8,16,1,3119.7,16,1,3119.4,3,1,3120.3,4,1,3120.4,32,2,3120.6,43,3,3120.7,41,2,3120.8,110,3
2031,2026-06-16 10:07:55+05:30,3120.3,4,3135.89,815107,101629.0,193722.0,3163.0,3163.0,3115.5,3134.3,31812200,3447.7,2820.9,3839.9,2896.0,3120.1,43,1,3120.0,24,4,3119.9,22,1,3119.4,3,1,3119.3,81,2,3120.2,5,1,3120.3,6,2,3120.4,32,2,3120.6,52,3,3120.7,51,2
2031,2026-06-16 10:07:56+05:30,3120.3,4,3135.89,815107,101550.0,193817.0,3163.0,3163.0,3115.5,3134.3,31812200,3447.7,2820.9,3839.9,2896.0,3120.1,43,1,3120.0,24,4,3119.9,22,1,3119.4,3,1,3119.3,81,2,3120.2,11,2,3120.3,6,2,3120.4,53,2,3120.6,70,3,3120.7,17,1
2031,2026-06-16 10:07:57+05:30,3119.8,1,3135.87,816151,99392.0,195690.0,3163.0,3163.0,3115.5,3134.3,31812200,3447.7,2820.9,3839.9,2896.0,3119.4,3,1,3119.3,15,1,3119.2,15,1,3119.1,1,1,3119.0,173,6,3119.8,17,1,3119.9,71,3,3120.0,263,7,3120.1,78,7,3120.2,163,7
2031,2026-06-16 10:07:57+05:30,3119.8,1,3135.87,816151,99392.0,195690.0,3163.0,3163.0,3115.5,3134.3,31812200,3447.7,2820.9,3839.9,2896.0,3119.4,3,1,3119.3,15,1,3119.2,15,1,3119.1,1,1,3119.0,173,6,3119.8,17,1,3119.9,71,3,3120.0,263,7,3120.1,78,7,3120.2,163,7
2031,2026-06-16 10:07:58+05:30,3119.8,1,3135.87,816151,100171.0,194159.0,3163.0,3163.0,3115.5,3134.3,31812200,3447.7,2820.9,3839.9,2896.0,3119.4,45,2,3119.3,15,1,3119.2,15,1,3119.1,1,1,3119.0,173,6,3119.8,24,3,3120.0,80,5,3120.1,43,5,3120.2,191,8,3120.3,4,1
2031,2026-06-16 10:07:59+05:30,3119.8,1,3135.87,816152,100433.0,194460.0,3163.0,3163.0,3115.5,3134.3,31812200,3447.7,2820.9,3839.9,2896.0,3119.4,45,2,3119.2,15,1,3119.1,1,1,3119.0,173,6,3118.8,35,2,3119.8,29,4,3119.9,15,1,3120.0,80,5,3120.1,77,6,3120.2,221,7
2031,2026-06-16 10:07:59+05:30,3119.8,5,3135.87,816152,100433.0,194460.0,3163.0,3163.0,3115.5,3134.3,31812200,3447.7,2820.9,3839.9,2896.0,3119.4,45,2,3119.2,15,1,3119.1,1,1,3119.0,173,6,3118.8,35,2,3119.8,29,4,3119.9,15,1,3120.0,80,5,3120.1,77,6,3120.2,221,7
2031,2026-06-16 10:08:00+05:30,3119.8,5,3135.87,816157,100625.0,194153.0,3163.0,3163.0,3115.5,3134.3,31812200,3447.7,2820.9,3839.9,2896.0,3119.4,96,5,3119.2,22,2,3119.1,1,1,3119.0,206,7,3118.8,35,2,3119.8,19,5,3120.0,25,2,3120.1,24,3,3120.2,40,3,3120.4,107,3
2031,2026-06-16 10:08:01+05:30,3119.8,5,3135.87,816157,100771.0,194332.0,3163.0,3163.0,3115.5,3134.3,31812200,3447.7,2820.9,3839.9,2896.0,3119.6,10,3,3119.4,129,6,3119.2,40,2,3119.1,20,2,3119.0,229,8,3119.8,19,5,3120.0,17,1,3120.1,17,1,3120.2,33,2,3120.4,28,1
2031,2026-06-16 10:08:02+05:30,3119.6,34,3135.87,816201,100832.0,193118.0,3163.0,3163.0,3115.5,3134.3,31812200,3447.7,2820.9,3839.9,2896.0,3119.6,8,3,3119.4,96,5,3119.2,7,1,3119.1,1,1,3119.0,229,8,3119.8,19,5,3120.0,17,1,3120.1,17,1,3120.2,33,2,3120.4,84,2
2031,2026-06-16 10:08:02+05:30,3119.6,34,3135.87,816201,100832.0,193118.0,3163.0,3163.0,3115.5,3134.3,31812200,3447.7,2820.9,3839.9,2896.0,3119.6,8,3,3119.4,96,5,3119.2,7,1,3119.1,1,1,3119.0,229,8,3119.8,19,5,3120.0,17,1,3120.1,17,1,3120.2,33,2,3120.4,84,2
2031,2026-06-16 10:08:03+05:30,3119.6,1,3135.87,816201,100832.0,193118.0,3163.0,3163.0,3115.5,3134.3,31812200,3447.7,2820.9,3839.9,2896.0,3119.6,8,3,3119.4,96,5,3119.2,7,1,3119.1,1,1,3119.0,229,8,3119.8,19,5,3120.0,17,1,3120.1,17,1,3120.2,33,2,3120.4,84,2
2031,2026-06-16 10:08:03+05:30,3119.8,1,3135.87,816210,100864.0,195183.0,3163.0,3163.0,3115.5,3134.3,31812200,3447.7,2820.9,3839.9,2896.0,3119.4,121,6,3119.1,1,1,3119.0,173,6,3118.8,35,2,3118.7,66,2,3119.8,20,6,3120.0,23,2,3120.1,17,1,3120.2,73,4,3120.4,84,2
2031,2026-06-16 10:08:04+05:30,3119.4,17,3135.87,816210,100864.0,195183.0,3163.0,3163.0,3115.5,3134.3,31812200,3447.7,2820.9,3839.9,2896.0,3119.4,121,6,3119.1,1,1,3119.0,173,6,3118.8,35,2,3118.7,66,2,3119.8,20,6,3120.0,23,2,3120.1,17,1,3120.2,73,4,3120.4,84,2
2031,2026-06-16 10:08:04+05:30,3119.4,17,3135.86,816726,100270.0,195605.0,3163.0,3163.0,3115.5,3134.3,31812200,3447.7,2820.9,3839.9,2896.0,3119.4,59,4,3119.1,1,1,3119.0,173,6,3118.8,2,1,3118.6,35,1,3119.8,110,5,3119.9,34,1,3120.0,36,2,3120.1,101,2,3120.2,145,7
2031,2026-06-16 10:08:05+05:30,3119.4,7,3135.86,816726,100270.0,195605.0,3163.0,3163.0,3115.5,3134.3,31812200,3447.7,2820.9,3839.9,2896.0,3119.4,59,4,3119.1,1,1,3119.0,173,6,3118.8,2,1,3118.6,35,1,3119.8,110,5,3119.9,34,1,3120.0,36,2,3120.1,101,2,3120.2,145,7
2031,2026-06-16 10:08:05+05:30,3119.4,7,3135.86,816733,100557.0,195608.0,3163.0,3163.0,3115.5,3134.3,31812200,3447.7,2820.9,3839.9,2896.0,3119.4,52,4,3119.1,1,1,3119.0,173,6,3118.8,2,1,3118.6,101,2,3119.8,120,6,3119.9,34,1,3120.0,36,2,3120.1,17,1,3120.2,145,7
2031,2026-06-16 10:08:06+05:30,3119.8,1,3135.86,816733,100557.0,195608.0,3163.0,3163.0,3115.5,3134.3,31812200,3447.7,2820.9,3839.9,2896.0,3119.4,52,4,3119.1,1,1,3119.0,173,6,3118.8,2,1,3118.6,101,2,3119.8,120,6,3119.9,34,1,3120.0,36,2,3120.1,17,1,3120.2,145,7
2031,2026-06-16 10:08:06+05:30,3119.8,1,3135.86,816738,100517.0,195557.0,3163.0,3163.0,3115.5,3134.3,31812200,3447.7,2820.9,3839.9,2896.0,3119.4,52,4,3119.1,1,1,3119.0,173,6,3118.8,2,1,3118.6,35,1,3119.8,146,7,3119.9,34,1,3120.0,36,2,3120.1,101,2,3120.2,145,7
2031,2026-06-16 10:08:07+05:30,3119.8,1,3135.86,816738,100445.0,195678.0,3163.0,3163.0,3115.5,3134.3,31812200,3447.7,2820.9,3839.9,2896.0,3119.4,52,4,3119.1,1,1,3119.0,160,5,3118.8,2,1,3118.5,86,2,3119.7,83,4,3119.8,163,8,3120.0,78,4,3120.1,101,2,3120.2,121,6
2031,2026-06-16 10:08:09+05:30,3119.7,8,3135.86,816818,100621.0,195650.0,3163.0,3163.0,3115.5,3134.3,31812200,3447.7,2820.9,3839.9,2896.0,3119.4,52,4,3119.1,1,1,3119.0,160,5,3118.8,2,1,3118.5,86,2,3119.7,44,4,3119.8,111,5,3120.0,102,5,3120.1,101,2,3120.2,119,5
2031,2026-06-16 10:08:09+05:30,3119.4,30,3135.86,816818,100621.0,195650.0,3163.0,3163.0,3115.5,3134.3,31812200,3447.7,2820.9,3839.9,2896.0,3119.4,52,4,3119.1,1,1,3119.0,160,5,3118.8,2,1,3118.5,86,2,3119.7,44,4,3119.8,111,5,3120.0,102,5,3120.1,101,2,3120.2,119,5
2031,2026-06-16 10:08:10+05:30,3119.7,1,3135.86,816864,100748.0,195649.0,3163.0,3163.0,3115.5,3134.3,31812200,3447.7,2820.9,3839.9,2896.0,3119.4,46,4,3119.1,1,1,3119.0,160,5,3118.8,2,1,3118.7,35,1,3119.7,5,2,3119.8,130,6,3120.0,100,5,3120.1,101,2,3120.2,119,5
2031,2026-06-16 10:08:10+05:30,3119.7,2,3135.86,816864,100748.0,195649.0,3163.0,3163.0,3115.5,3134.3,31812200,3447.7,2820.9,3839.9,2896.0,3119.4,46,4,3119.1,1,1,3119.0,160,5,3118.8,2,1,3118.7,35,1,3119.7,5,2,3119.8,130,6,3120.0,100,5,3120.1,101,2,3120.2,119,5
2031,2026-06-16 10:08:11+05:30,3119.7,2,3135.86,816866,100749.0,195606.0,3163.0,3163.0,3115.5,3134.3,31812200,3447.7,2820.9,3839.9,2896.0,3119.4,38,2,3119.1,1,1,3119.0,160,5,3118.8,2,1,3118.7,101,2,3119.7,3,2,3119.8,111,5,3120.0,76,4,3120.1,17,1,3120.2,203,6
2031,2026-06-16 10:08:12+05:30,3119.7,2,3135.86,816866,101122.0,195237.0,3163.0,3163.0,3115.5,3134.3,31812200,3447.7,2820.9,3839.9,2896.0,3119.4,63,4,3119.3,24,2,3119.2,65,3,3119.1,1,1,3119.0,288,9,3119.7,3,2,3119.8,111,5,3120.0,23,2,3120.1,17,1,3120.2,28,1
2031,2026-06-16 10:08:12+05:30,3119.6,23,3135.86,816866,101122.0,195237.0,3163.0,3163.0,3115.5,3134.3,31812200,3447.7,2820.9,3839.9,2896.0,3119.4,63,4,3119.3,24,2,3119.2,65,3,3119.1,1,1,3119.0,288,9,3119.7,3,2,3119.8,111,5,3120.0,23,2,3120.1,17,1,3120.2,28,1
2031,2026-06-16 10:08:13+05:30,3119.6,23,3135.86,816912,99879.0,195647.0,3163.0,3163.0,3115.5,3134.3,31812200,3447.7,2820.9,3839.9,2896.0,3119.6,23,1,3119.4,25,1,3119.1,1,1,3119.0,160,5,3118.8,2,1,3119.7,3,2,3119.8,163,7,3120.0,182,7,3120.1,17,1,3120.2,134,4
2031,2026-06-16 10:08:14+05:30,3119.6,23,3135.86,816912,99913.0,195622.0,3163.0,3163.0,3115.5,3134.3,31812200,3447.7,2820.9,3839.9,2896.0,3119.6,33,3,3119.4,25,1,3119.1,1,1,3119.0,160,5,3118.8,2,1,3119.7,3,2,3119.8,163,7,3120.0,182,7,3120.1,17,1,3120.2,134,4
2031,2026-06-16 10:08:15+05:30,3119.7,2,3135.86,816926,100342.0,195463.0,3163.0,3163.0,3115.5,3134.3,31812200,3447.7,2820.9,3839.9,2896.0,3119.6,50,4,3119.4,25,1,3119.1,1,1,3119.0,160,5,3118.8,2,1,3119.7,10,1,3119.8,132,7,3120.0,65,5,3120.1,31,2,3120.2,101,3
2031,2026-06-16 10:08:15+05:30,3119.7,10,3135.86,816926,100342.0,195463.0,3163.0,3163.0,3115.5,3134.3,31812200,3447.7,2820.9,3839.9,2896.0,3119.6,50,4,3119.4,25,1,3119.1,1,1,3119.0,160,5,3118.8,2,1,3119.7,10,1,3119.8,132,7,3120.0,65,5,3120.1,31,2,3120.2,101,3
2031,2026-06-16 10:08:16+05:30,3119.8,3,3135.85,817101,100824.0,195411.0,3163.0,3163.0,3115.5,3134.3,31812200,3447.7,2820.9,3839.9,2896.0,3119.8,13,1,3119.7,7,1,3119.6,57,4,3119.4,28,2,3119.1,1,1,3120.0,41,4,3120.1,17,1,3120.2,28,1,3120.3,210,3,3120.4,19,1
2031,2026-06-16 10:08:16+05:30,3119.8,3,3135.85,817101,100824.0,195411.0,3163.0,3163.0,3115.5,3134.3,31812200,3447.7,2820.9,3839.9,2896.0,3119.8,13,1,3119.7,7,1,3119.6,57,4,3119.4,28,2,3119.1,1,1,3120.0,41,4,3120.1,17,1,3120.2,28,1,3120.3,210,3,3120.4,19,1
2031,2026-06-16 10:08:17+05:30,3120.2,21,3135.85,817315,101330.0,193599.0,3163.0,3163.0,3115.5,3134.3,31812200,3447.7,2820.9,3839.9,2896.0,3119.7,7,1,3119.6,81,5,3119.4,3,1,3119.1,175,3,3119.0,224,6,3120.2,7,1,3120.3,185,2,3120.8,20,1,3120.9,266,2,3121.0,235,5
2031,2026-06-16 10:08:17+05:30,3120.2,21,3135.85,817315,101330.0,193599.0,3163.0,3163.0,3115.5,3134.3,31812200,3447.7,2820.9,3839.9,2896.0,3119.7,7,1,3119.6,81,5,3119.4,3,1,3119.1,175,3,3119.0,224,6,3120.2,7,1,3120.3,185,2,3120.8,20,1,3120.9,266,2,3121.0,235,5
2031,2026-06-16 10:08:18+05:30,3119.8,200,3135.85,817515,101127.0,194427.0,3163.0,3163.0,3115.5,3134.3,31812200,3447.7,2820.9,3839.9,2896.0,3119.8,12,1,3119.7,7,1,3119.6,81,5,3119.4,3,1,3119.1,1,1,3120.2,56,5,3120.3,204,4,3120.4,52,2,3120.5,23,1,3120.6,188,4
2031,2026-06-16 10:08:18+05:30,3119.8,200,3135.85,817515,101127.0,194427.0,3163.0,3163.0,3115.5,3134.3,31812200,3447.7,2820.9,3839.9,2896.0,3119.8,12,1,3119.7,7,1,3119.6,81,5,3119.4,3,1,3119.1,1,1,3120.2,56,5,3120.3,204,4,3120.4,52,2,3120.5,23,1,3120.6,188,4
2031,2026-06-16 10:08:19+05:30,3119.8,200,3135.85,817515,101246.0,194467.0,3163.0,3163.0,3115.5,3134.3,31812200,3447.7,2820.9,3839.9,2896.0,3119.8,50,2,3119.7,7,1,3119.6,81,5,3119.4,3,1,3119.1,1,1,3120.2,18,3,3120.3,204,4,3120.4,73,3,3120.5,107,2,3120.6,104,3
2031,2026-06-16 10:08:19+05:30,3119.8,200,3135.85,817515,101246.0,194467.0,3163.0,3163.0,3115.5,3134.3,31812200,3447.7,2820.9,3839.9,2896.0,3119.8,50,2,3119.7,7,1,3119.6,81,5,3119.4,3,1,3119.1,1,1,3120.2,18,3,3120.3,204,4,3120.4,73,3,3120.5,107,2,3120.6,104,3
2031,2026-06-16 10:08:20+05:30,3120.2,1,3135.84,817541,101553.0,194480.0,3163.0,3163.0,3115.5,3134.3,31812200,3447.7,2820.9,3839.9,2896.0,3120.0,1,1,3119.9,25,1,3119.8,37,2,3119.7,7,1,3119.6,57,4,3120.2,34,6,3120.3,235,4,3120.4,40,2,3120.5,47,3,3120.6,188,4
2031,2026-06-16 10:08:20+05:30,3120.2,1,3135.84,817541,101553.0,194480.0,3163.0,3163.0,3115.5,3134.3,31812200,3447.7,2820.9,3839.9,2896.0,3120.0,1,1,3119.9,25,1,3119.8,37,2,3119.7,7,1,3119.6,57,4,3120.2,34,6,3120.3,235,4,3120.4,40,2,3120.5,47,3,3120.6,188,4
2031,2026-06-16 10:08:21+05:30,3120.2,1,3135.84,817541,101553.0,194480.0,3163.0,3163.0,3115.5,3134.3,31812200,3447.7,2820.9,3839.9,2896.0,3120.0,1,1,3119.9,25,1,3119.8,37,2,3119.7,7,1,3119.6,57,4,3120.2,34,6,3120.3,235,4,3120.4,40,2,3120.5,47,3,3120.6,188,4
2031,2026-06-16 10:08:21+05:30,3120.0,17,3135.84,817559,101987.0,192368.0,3163.0,3163.0,3115.5,3134.3,31812200,3447.7,2820.9,3839.9,2896.0,3120.0,21,1,3119.9,25,1,3119.8,37,2,3119.7,7,1,3119.6,74,6,3120.2,23,4,3120.3,185,2,3120.4,21,1,3120.5,21,1,3120.9,301,3
2031,2026-06-16 10:08:21+05:30,3120.0,17,3135.84,817559,101987.0,192368.0,3163.0,3163.0,3115.5,3134.3,31812200,3447.7,2820.9,3839.9,2896.0,3120.0,21,1,3119.9,25,1,3119.8,37,2,3119.7,7,1,3119.6,74,6,3120.2,23,4,3120.3,185,2,3120.4,21,1,3120.5,21,1,3120.9,301,3
2031,2026-06-16 10:08:22+05:30,3119.9,79,3135.84,817559,101987.0,192368.0,3163.0,3163.0,3115.5,3134.3,31812200,3447.7,2820.9,3839.9,2896.0,3120.0,21,1,3119.9,25,1,3119.8,37,2,3119.7,7,1,3119.6,74,6,3120.2,23,4,3120.3,185,2,3120.4,21,1,3120.5,21,1,3120.9,301,3
2031,2026-06-16 10:08:22+05:30,3119.9,79,3135.84,817659,101938.0,193466.0,3163.0,3163.0,3115.5,3134.3,31812200,3447.7,2820.9,3839.9,2896.0,3119.9,25,1,3119.8,37,2,3119.7,7,1,3119.6,58,5,3119.4,35,2,3120.2,23,4,3120.3,185,2,3120.4,21,1,3120.5,21,1,3120.8,103,2
2031,2026-06-16 10:08:23+05:30,3119.9,79,3135.84,817659,101938.0,193466.0,3163.0,3163.0,3115.5,3134.3,31812200,3447.7,2820.9,3839.9,2896.0,3119.9,25,1,3119.8,37,2,3119.7,7,1,3119.6,58,5,3119.4,35,2,3120.2,23,4,3120.3,185,2,3120.4,21,1,3120.5,21,1,3120.8,103,2
2031,2026-06-16 10:08:23+05:30,3120.2,5,3135.84,817659,101938.0,193466.0,3163.0,3163.0,3115.5,3134.3,31812200,3447.7,2820.9,3839.9,2896.0,3119.9,25,1,3119.8,37,2,3119.7,7,1,3119.6,58,5,3119.4,35,2,3120.2,23,4,3120.3,185,2,3120.4,21,1,3120.5,21,1,3120.8,103,2
2031,2026-06-16 10:08:23+05:30,3120.2,5,3135.84,817665,102081.0,191689.0,3163.0,3163.0,3115.5,3134.3,31812200,3447.7,2820.9,3839.9,2896.0,3119.9,25,1,3119.8,99,5,3119.7,53,3,3119.6,125,8,3119.5,57,2,3120.2,17,3,3120.3,185,2,3120.4,21,1,3120.5,21,1,3120.9,200,1
2031,2026-06-16 10:08:24+05:30,3120.0,11,3135.84,817665,102081.0,191689.0,3163.0,3163.0,3115.5,3134.3,31812200,3447.7,2820.9,3839.9,2896.0,3119.9,25,1,3119.8,99,5,3119.7,53,3,3119.6,125,8,3119.5,57,2,3120.2,17,3,3120.3,185,2,3120.4,21,1,3120.5,21,1,3120.9,200,1
2031,2026-06-16 10:08:24+05:30,3120.0,11,3135.84,817792,102038.0,192367.0,3163.0,3163.0,3115.5,3134.3,31812200,3447.7,2820.9,3839.9,2896.0,3119.9,17,1,3119.8,37,2,3119.6,58,5,3119.4,83,4,3119.3,89,2,3120.0,477,3,3120.2,1,1,3120.3,185,2,3120.4,21,1,3120.5,21,1
2031,2026-06-16 10:08:24+05:30,3120.0,11,3135.84,817792,102038.0,192367.0,3163.0,3163.0,3115.5,3134.3,31812200,3447.7,2820.9,3839.9,2896.0,3119.9,17,1,3119.8,37,2,3119.6,58,5,3119.4,83,4,3119.3,89,2,3120.0,477,3,3120.2,1,1,3120.3,185,2,3120.4,21,1,3120.5,21,1
2031,2026-06-16 10:08:25+05:30,3120.0,237,3135.84,817792,102038.0,192367.0,3163.0,3163.0,3115.5,3134.3,31812200,3447.7,2820.9,3839.9,2896.0,3119.9,17,1,3119.8,37,2,3119.6,58,5,3119.4,83,4,3119.3,89,2,3120.0,477,3,3120.2,1,1,3120.3,185,2,3120.4,21,1,3120.5,21,1
2031,2026-06-16 10:08:25+05:30,3120.0,1,3135.83,818100,101912.0,193866.0,3163.0,3163.0,3115.5,3134.3,31812200,3447.7,2820.9,3839.9,2896.0,3119.8,62,3,3119.6,42,4,3119.4,35,2,3119.2,59,2,3119.1,58,3,3119.9,200,1,3120.0,259,4,3120.2,1,1,3120.3,269,3,3120.4,21,1
2031,2026-06-16 10:08:26+05:30,3119.9,1,3135.83,818100,101912.0,193866.0,3163.0,3163.0,3115.5,3134.3,31812200,3447.7,2820.9,3839.9,2896.0,3119.8,62,3,3119.6,42,4,3119.4,35,2,3119.2,59,2,3119.1,58,3,3119.9,200,1,3120.0,259,4,3120.2,1,1,3120.3,269,3,3120.4,21,1
2031,2026-06-16 10:08:26+05:30,3119.9,1,3135.83,818100,101912.0,193866.0,3163.0,3163.0,3115.5,3134.3,31812200,3447.7,2820.9,3839.9,2896.0,3119.8,62,3,3119.6,42,4,3119.4,35,2,3119.2,59,2,3119.1,58,3,3119.9,200,1,3120.0,259,4,3120.2,1,1,3120.3,269,3,3120.4,21,1
2031,2026-06-16 10:08:26+05:30,3119.8,17,3135.83,818300,102025.0,194072.0,3163.0,3163.0,3115.5,3134.3,31812200,3447.7,2820.9,3839.9,2896.0,3119.8,20,2,3119.6,42,4,3119.5,32,1,3119.4,3,1,3119.2,81,4,3120.0,292,6,3120.3,188,3,3120.4,21,1,3120.7,144,2,3120.8,21,1
2031,2026-06-16 10:08:27+05:30,3119.8,17,3135.83,818300,102025.0,194072.0,3163.0,3163.0,3115.5,3134.3,31812200,3447.7,2820.9,3839.9,2896.0,3119.8,20,2,3119.6,42,4,3119.5,32,1,3119.4,3,1,3119.2,81,4,3120.0,292,6,3120.3,188,3,3120.4,21,1,3120.7,144,2,3120.8,21,1
2031,2026-06-16 10:08:28+05:30,3119.8,17,3135.83,818300,102160.0,194118.0,3163.0,3163.0,3115.5,3134.3,31812200,3447.7,2820.9,3839.9,2896.0,3119.8,140,4,3119.7,32,1,3119.6,18,3,3119.5,9,2,3119.4,54,3,3120.0,319,7,3120.3,188,3,3120.4,21,1,3120.7,20,1,3120.8,21,1
2031,2026-06-16 10:08:28+05:30,3119.8,17,3135.83,818300,102160.0,194118.0,3163.0,3163.0,3115.5,3134.3,31812200,3447.7,2820.9,3839.9,2896.0,3119.8,140,4,3119.7,32,1,3119.6,18,3,3119.5,9,2,3119.4,54,3,3120.0,319,7,3120.3,188,3,3120.4,21,1,3120.7,20,1,3120.8,21,1
2031,2026-06-16 10:08:29+05:30,3119.8,17,3135.83,818300,102160.0,194113.0,3163.0,3163.0,3115.5,3134.3,31812200,3447.7,2820.9,3839.9,2896.0,3119.8,140,4,3119.7,32,1,3119.6,18,3,3119.5,9,2,3119.4,54,3,3120.0,319,7,3120.3,188,3,3120.4,21,1,3120.7,20,1,3120.8,21,1
2031,2026-06-16 10:08:29+05:30,3119.8,17,3135.83,818300,102160.0,194113.0,3163.0,3163.0,3115.5,3134.3,31812200,3447.7,2820.9,3839.9,2896.0,3119.8,140,4,3119.7,32,1,3119.6,18,3,3119.5,9,2,3119.4,54,3,3120.0,319,7,3120.3,188,3,3120.4,21,1,3120.7,20,1,3120.8,21,1
2031,2026-06-16 10:08:30+05:30,3119.8,17,3135.83,818300,102160.0,194113.0,3163.0,3163.0,3115.5,3134.3,31812200,3447.7,2820.9,3839.9,2896.0,3119.8,140,4,3119.7,32,1,3119.6,18,3,3119.5,9,2,3119.4,54,3,3120.0,319,7,3120.3,188,3,3120.4,21,1,3120.7,20,1,3120.8,21,1
2031,2026-06-16 10:08:30+05:30,3120.0,10,3135.83,818314,102171.0,194097.0,3163.0,3163.0,3115.5,3134.3,31812200,3447.7,2820.9,3839.9,2896.0,3119.8,152,6,3119.6,18,3,3119.5,9,2,3119.4,3,1,3119.3,32,1,3120.0,292,7,3120.3,188,3,3120.4,21,1,3120.7,80,2,3120.8,105,2
2031,2026-06-16 10:08:30+05:30,3119.8,17,3135.83,818314,102171.0,194097.0,3163.0,3163.0,3115.5,3134.3,31812200,3447.7,2820.9,3839.9,2896.0,3119.8,152,6,3119.6,18,3,3119.5,9,2,3119.4,3,1,3119.3,32,1,3120.0,292,7,3120.3,188,3,3120.4,21,1,3120.7,80,2,3120.8,105,2
2031,2026-06-16 10:08:30+05:30,3119.8,17,3135.83,818314,102171.0,194097.0,3163.0,3163.0,3115.5,3134.3,31812200,3447.7,2820.9,3839.9,2896.0,3119.8,152,6,3119.6,18,3,3119.5,9,2,3119.4,3,1,3119.3,32,1,3120.0,292,7,3120.3,188,3,3120.4,21,1,3120.7,80,2,3120.8,105,2
2031,2026-06-16 10:08:31+05:30,3119.8,17,3135.83,818314,102171.0,194097.0,3163.0,3163.0,3115.5,3134.3,31812200,3447.7,2820.9,3839.9,2896.0,3119.8,152,6,3119.6,18,3,3119.5,9,2,3119.4,3,1,3119.3,32,1,3120.0,292,7,3120.3,188,3,3120.4,21,1,3120.7,80,2,3120.8,105,2
2031,2026-06-16 10:08:31+05:30,3119.8,5,3135.83,818359,101805.0,193617.0,3163.0,3163.0,3115.5,3134.3,31812200,3447.7,2820.9,3839.9,2896.0,3119.8,124,5,3119.6,18,3,3119.4,3,1,3119.2,59,2,3119.1,51,3,3120.0,284,6,3120.3,188,3,3120.4,21,1,3120.6,84,1,3120.7,80,2
2031,2026-06-16 10:08:31+05:30,3119.8,5,3135.83,818359,101805.0,193617.0,3163.0,3163.0,3115.5,3134.3,31812200,3447.7,2820.9,3839.9,2896.0,3119.8,124,5,3119.6,18,3,3119.4,3,1,3119.2,59,2,3119.1,51,3,3120.0,284,6,3120.3,188,3,3120.4,21,1,3120.6,84,1,3120.7,80,2
2031,2026-06-16 10:08:31+05:30,3119.8,5,3135.83,818359,101805.0,193617.0,3163.0,3163.0,3115.5,3134.3,31812200,3447.7,2820.9,3839.9,2896.0,3119.8,124,5,3119.6,18,3,3119.4,3,1,3119.2,59,2,3119.1,51,3,3120.0,284,6,3120.3,188,3,3120.4,21,1,3120.6,84,1,3120.7,80,2
2031,2026-06-16 10:08:32+05:30,3119.8,50,3135.83,818409,101847.0,194068.0,3163.0,3163.0,3115.5,3134.3,31812200,3447.7,2820.9,3839.9,2896.0,3119.8,74,5,3119.6,40,4,3119.4,3,1,3119.3,32,1,3119.2,27,1,3120.0,284,6,3120.3,188,3,3120.4,21,1,3120.6,103,2,3120.7,60,1
2031,2026-06-16 10:08:32+05:30,3119.8,50,3135.83,818409,101847.0,194068.0,3163.0,3163.0,3115.5,3134.3,31812200,3447.7,2820.9,3839.9,2896.0,3119.8,74,5,3119.6,40,4,3119.4,3,1,3119.3,32,1,3119.2,27,1,3120.0,284,6,3120.3,188,3,3120.4,21,1,3120.6,103,2,3120.7,60,1
2031,2026-06-16 10:08:32+05:30,3119.8,50,3135.83,818409,101847.0,194068.0,3163.0,3163.0,3115.5,3134.3,31812200,3447.7,2820.9,3839.9,2896.0,3119.8,74,5,3119.6,40,4,3119.4,3,1,3119.3,32,1,3119.2,27,1,3120.0,284,6,3120.3,188,3,3120.4,21,1,3120.6,103,2,3120.7,60,1
2031,2026-06-16 10:08:33+05:30,3120.0,10,3135.83,818420,102132.0,193889.0,3163.0,3163.0,3115.5,3134.3,31812200,3447.7,2820.9,3839.9,2896.0,3119.8,74,5,3119.7,32,1,3119.6,40,4,3119.5,19,1,3119.4,35,2,3120.0,273,6,3120.3,188,3,3120.4,21,1,3120.6,19,1,3120.7,60,1
2031,2026-06-16 10:08:33+05:30,3120.0,10,3135.83,818420,102132.0,193889.0,3163.0,3163.0,3115.5,3134.3,31812200,3447.7,2820.9,3839.9,2896.0,3119.8,74,5,3119.7,32,1,3119.6,40,4,3119.5,19,1,3119.4,35,2,3120.0,273,6,3120.3,188,3,3120.4,21,1,3120.6,19,1,3120.7,60,1
2031,2026-06-16 10:08:33+05:30,3120.0,10,3135.83,818420,102132.0,193889.0,3163.0,3163.0,3115.5,3134.3,31812200,3447.7,2820.9,3839.9,2896.0,3119.8,74,5,3119.7,32,1,3119.6,40,4,3119.5,19,1,3119.4,35,2,3120.0,273,6,3120.3,188,3,3120.4,21,1,3120.6,19,1,3120.7,60,1
2031,2026-06-16 10:08:34+05:30,3120.0,10,3135.83,818420,102132.0,193889.0,3163.0,3163.0,3115.5,3134.3,31812200,3447.7,2820.9,3839.9,2896.0,3119.8,74,5,3119.7,32,1,3119.6,40,4,3119.5,19,1,3119.4,35,2,3120.0,273,6,3120.3,188,3,3120.4,21,1,3120.6,19,1,3120.7,60,1
2031,2026-06-16 10:08:34+05:30,3120.0,10,3135.83,818420,102062.0,194188.0,3163.0,3163.0,3115.5,3134.3,31812200,3447.7,2820.9,3839.9,2896.0,3119.8,74,5,3119.6,40,4,3119.4,35,2,3119.3,26,1,3119.2,59,2,3120.0,273,6,3120.3,188,3,3120.4,21,1,3120.6,103,2,3120.7,79,2
2031,2026-06-16 10:08:34+05:30,3120.0,10,3135.83,818420,102062.0,194188.0,3163.0,3163.0,3115.5,3134.3,31812200,3447.7,2820.9,3839.9,2896.0,3119.8,74,5,3119.6,40,4,3119.4,35,2,3119.3,26,1,3119.2,59,2,3120.0,273,6,3120.3,188,3,3120.4,21,1,3120.6,103,2,3120.7,79,2
2031,2026-06-16 10:08:35+05:30,3119.8,6,3135.82,818755,101695.0,194684.0,3163.0,3163.0,3115.5,3134.3,31812200,3447.7,2820.9,3839.9,2896.0,3119.8,140,5,3119.6,18,3,3119.4,3,1,3119.1,1,1,3119.0,160,5,3120.0,587,8,3120.1,9,1,3120.2,131,5,3120.3,286,5,3120.4,112,5
2031,2026-06-16 10:08:35+05:30,3119.8,6,3135.82,818755,101695.0,194684.0,3163.0,3163.0,3115.5,3134.3,31812200,3447.7,2820.9,3839.9,2896.0,3119.8,140,5,3119.6,18,3,3119.4,3,1,3119.1,1,1,3119.0,160,5,3120.0,587,8,3120.1,9,1,3120.2,131,5,3120.3,286,5,3120.4,112,5
2031,2026-06-16 10:08:35+05:30,3119.8,6,3135.82,818755,101695.0,194684.0,3163.0,3163.0,3115.5,3134.3,31812200,3447.7,2820.9,3839.9,2896.0,3119.8,140,5,3119.6,18,3,3119.4,3,1,3119.1,1,1,3119.0,160,5,3120.0,587,8,3120.1,9,1,3120.2,131,5,3120.3,286,5,3120.4,112,5
2031,2026-06-16 10:08:36+05:30,3119.8,6,3135.82,818755,101695.0,194684.0,3163.0,3163.0,3115.5,3134.3,31812200,3447.7,2820.9,3839.9,2896.0,3119.8,140,5,3119.6,18,3,3119.4,3,1,3119.1,1,1,3119.0,160,5,3120.0,587,8,3120.1,9,1,3120.2,131,5,3120.3,286,5,3120.4,112,5
2031,2026-06-16 10:08:36+05:30,3120.0,1,3135.82,818755,101695.0,194684.0,3163.0,3163.0,3115.5,3134.3,31812200,3447.7,2820.9,3839.9,2896.0,3119.8,181,6,3119.6,18,3,3119.4,3,1,3119.1,1,1,3119.0,160,5,3120.0,663,10,3120.1,9,1,3120.2,115,4,3120.3,272,4,3120.4,91,4
2031,2026-06-16 10:08:36+05:30,3120.0,1,3135.82,818758,101807.0,194657.0,3163.0,3163.0,3115.5,3134.3,31812200,3447.7,2820.9,3839.9,2896.0,3119.8,181,6,3119.6,18,3,3119.4,3,1,3119.1,1,1,3119.0,160,5,3120.0,663,10,3120.1,9,1,3120.2,115,4,3120.3,272,4,3120.4,91,4
2031,2026-06-16 10:08:37+05:30,3120.0,1,3135.82,818758,101807.0,194657.0,3163.0,3163.0,3115.5,3134.3,31812000,3447.7,2820.9,3839.9,2896.0,3119.8,181,6,3119.6,18,3,3119.4,3,1,3119.1,1,1,3119.0,160,5,3120.0,663,10,3120.1,9,1,3120.2,115,4,3120.3,272,4,3120.4,91,4
2031,2026-06-16 10:08:37+05:30,3119.8,39,3135.82,818758,101807.0,194657.0,3163.0,3163.0,3115.5,3134.3,31812000,3447.7,2820.9,3839.9,2896.0,3119.8,181,6,3119.6,18,3,3119.4,3,1,3119.1,1,1,3119.0,160,5,3120.0,663,10,3120.1,9,1,3120.2,115,4,3120.3,272,4,3120.4,91,4
2031,2026-06-16 10:08:37+05:30,3119.8,39,3135.82,818797,101443.0,194747.0,3163.0,3163.0,3115.5,3134.3,31812000,3447.7,2820.9,3839.9,2896.0,3119.8,142,6,3119.6,18,3,3119.4,3,1,3119.1,1,1,3119.0,160,5,3120.0,729,12,3120.1,9,1,3120.2,115,4,3120.3,272,4,3120.4,91,4
2031,2026-06-16 10:08:38+05:30,3119.6,15,3135.82,818797,101443.0,194747.0,3163.0,3163.0,3115.5,3134.3,31812000,3447.7,2820.9,3839.9,2896.0,3119.8,142,6,3119.6,18,3,3119.4,3,1,3119.1,1,1,3119.0,160,5,3120.0,729,12,3120.1,9,1,3120.2,115,4,3120.3,272,4,3120.4,91,4
2031,2026-06-16 10:08:38+05:30,3119.6,15,3135.82,819040,100533.0,194594.0,3163.0,3163.0,3115.5,3134.3,31812000,3447.7,2820.9,3839.9,2896.0,3119.6,17,2,3119.4,3,1,3119.1,1,1,3119.0,160,5,3118.8,2,1,3119.9,103,6,3120.0,698,11,3120.1,123,4,3120.2,118,5,3120.3,202,4
2031,2026-06-16 10:08:39+05:30,3119.9,19,3135.82,819040,100533.0,194594.0,3163.0,3163.0,3115.5,3134.3,31812000,3447.7,2820.9,3839.9,2896.0,3119.6,17,2,3119.4,3,1,3119.1,1,1,3119.0,160,5,3118.8,2,1,3119.9,103,6,3120.0,698,11,3120.1,123,4,3120.2,118,5,3120.3,202,4
2031,2026-06-16 10:08:39+05:30,3119.9,19,3135.81,819162,100673.0,194942.0,3163.0,3163.0,3115.5,3134.3,31812000,3447.7,2820.9,3839.9,2896.0,3119.6,17,2,3119.4,3,1,3119.1,1,1,3119.0,160,5,3118.8,2,1,3119.9,74,4,3120.0,684,10,3120.1,132,4,3120.2,71,3,3120.3,225,5
2031,2026-06-16 10:08:40+05:30,3119.9,25,3135.81,819162,100673.0,194942.0,3163.0,3163.0,3115.5,3134.3,31812000,3447.7,2820.9,3839.9,2896.0,3119.6,17,2,3119.4,3,1,3119.1,1,1,3119.0,160,5,3118.8,2,1,3119.9,74,4,3120.0,684,10,3120.1,132,4,3120.2,71,3,3120.3,225,5
2031,2026-06-16 10:08:40+05:30,3119.9,25,3135.81,819187,100884.0,195071.0,3163.0,3163.0,3115.5,3134.3,31812000,3447.7,2820.9,3839.9,2896.0,3119.6,42,3,3119.4,3,1,3119.1,1,1,3119.0,160,5,3118.8,2,1,3119.9,58,4,3120.0,694,11,3120.1,114,4,3120.2,155,4,3120.3,225,5
2031,2026-06-16 10:08:41+05:30,3119.6,2,3135.81,819187,100884.0,195071.0,3163.0,3163.0,3115.5,3134.3,31812000,3447.7,2820.9,3839.9,2896.0,3119.6,42,3,3119.4,3,1,3119.1,1,1,3119.0,160,5,3118.8,2,1,3119.9,58,4,3120.0,694,11,3120.1,114,4,3120.2,155,4,3120.3,225,5
2031,2026-06-16 10:08:41+05:30,3119.9,1,3135.81,819192,100922.0,195219.0,3163.0,3163.0,3115.5,3134.3,31812000,3447.7,2820.9,3839.9,2896.0,3119.6,69,4,3119.4,3,1,3119.1,1,1,3119.0,160,5,3118.8,2,1,3119.9,57,4,3120.0,711,12,3120.1,114,4,3120.2,155,4,3120.3,202,4
2031,2026-06-16 10:08:42+05:30,3119.9,1,3135.81,819192,100922.0,195219.0,3163.0,3163.0,3115.5,3134.3,31812000,3447.7,2820.9,3839.9,2896.0,3119.6,69,4,3119.4,3,1,3119.1,1,1,3119.0,160,5,3118.8,2,1,3119.9,57,4,3120.0,711,12,3120.1,114,4,3120.2,155,4,3120.3,202,4
2031,2026-06-16 10:08:42+05:30,3119.9,1,3135.81,819193,100961.0,195200.0,3163.0,3163.0,3115.5,3134.3,31812000,3447.7,2820.9,3839.9,2896.0,3119.6,69,4,3119.4,3,1,3119.1,1,1,3119.0,160,5,3118.8,2,1,3119.9,63,6,3120.0,711,12,3120.1,114,4,3120.2,155,4,3120.3,199,3
2031,2026-06-16 10:08:43+05:30,3119.9,1,3135.81,819193,100961.0,195200.0,3163.0,3163.0,3115.5,3134.3,31812000,3447.7,2820.9,3839.9,2896.0,3119.6,69,4,3119.4,3,1,3119.1,1,1,3119.0,160,5,3118.8,2,1,3119.9,63,6,3120.0,711,12,3120.1,114,4,3120.2,155,4,3120.3,199,3
2031,2026-06-16 10:08:43+05:30,3119.9,1,3135.81,819193,100910.0,195362.0,3163.0,3163.0,3115.5,3134.3,31812000,3447.7,2820.9,3839.9,2896.0,3119.6,70,5,3119.4,3,1,3119.1,1,1,3119.0,160,5,3118.8,2,1,3119.9,63,6,3120.0,874,13,3120.1,114,4,3120.2,155,4,3120.3,36,2
2031,2026-06-16 10:08:44+05:30,3119.5,12,3135.81,819193,100910.0,195362.0,3163.0,3163.0,3115.5,3134.3,31812000,3447.7,2820.9,3839.9,2896.0,3119.6,70,5,3119.4,3,1,3119.1,1,1,3119.0,160,5,3118.8,2,1,3119.9,63,6,3120.0,874,13,3120.1,114,4,3120.2,155,4,3120.3,36,2
2031,2026-06-16 10:08:44+05:30,3119.5,12,3135.8,819873,99846.0,196036.0,3163.0,3163.0,3115.5,3134.3,31812000,3447.7,2820.9,3839.9,2896.0,3119.1,1,1,3119.0,160,5,3118.8,2,1,3118.4,15,1,3118.3,13,1,3119.5,203,3,3119.6,29,4,3119.8,124,3,3119.9,54,6,3120.0,995,17
2031,2026-06-16 10:08:45+05:30,3119.0,29,3135.8,819873,99846.0,196036.0,3163.0,3163.0,3115.5,3134.3,31812000,3447.7,2820.9,3839.9,2896.0,3119.1,1,1,3119.0,160,5,3118.8,2,1,3118.4,15,1,3118.3,13,1,3119.5,203,3,3119.6,29,4,3119.8,124,3,3119.9,54,6,3120.0,995,17
2031,2026-06-16 10:08:45+05:30,3119.5,1,3135.8,819913,100111.0,196726.0,3163.0,3163.0,3115.5,3134.3,31812000,3447.7,2820.9,3839.9,2896.0,3119.3,2,2,3119.1,1,1,3119.0,122,3,3118.8,2,1,3118.4,15,1,3119.5,237,6,3119.6,19,3,3119.8,40,2,3119.9,39,4,3120.0,813,15
2031,2026-06-16 10:08:46+05:30,3119.5,1,3135.8,819913,100111.0,196726.0,3163.0,3163.0,3115.5,3134.3,31812000,3447.7,2820.9,3839.9,2896.0,3119.3,2,2,3119.1,1,1,3119.0,122,3,3118.8,2,1,3118.4,15,1,3119.5,237,6,3119.6,19,3,3119.8,40,2,3119.9,39,4,3120.0,813,15
2031,2026-06-16 10:08:47+05:30,3119.5,1,3135.8,819914,100059.0,194519.0,3163.0,3163.0,3115.5,3134.3,31812000,3447.7,2820.9,3839.9,2896.0,3119.3,2,2,3119.1,1,1,3119.0,122,3,3118.8,2,1,3118.4,15,1,3119.5,236,6,3119.6,19,3,3119.7,84,1,3119.8,40,2,3119.9,39,4
2031,2026-06-16 10:08:47+05:30,3119.5,1,3135.8,819914,100059.0,194519.0,3163.0,3163.0,3115.5,3134.3,31812000,3447.7,2820.9,3839.9,2896.0,3119.3,2,2,3119.1,1,1,3119.0,122,3,3118.8,2,1,3118.4,15,1,3119.5,236,6,3119.6,19,3,3119.7,84,1,3119.8,40,2,3119.9,39,4
2031,2026-06-16 10:08:48+05:30,3119.5,1,3135.8,819914,100139.0,196419.0,3163.0,3163.0,3115.5,3134.3,31812000,3447.7,2820.9,3839.9,2896.0,3119.3,44,3,3119.1,1,1,3119.0,122,3,3118.8,2,1,3118.4,15,1,3119.5,236,6,3119.6,7,2,3119.8,124,3,3119.9,39,4,3120.0,718,12
2031,2026-06-16 10:08:48+05:30,3119.0,45,3135.8,819914,100139.0,196419.0,3163.0,3163.0,3115.5,3134.3,31812000,3447.7,2820.9,3839.9,2896.0,3119.3,44,3,3119.1,1,1,3119.0,122,3,3118.8,2,1,3118.4,15,1,3119.5,236,6,3119.6,7,2,3119.8,124,3,3119.9,39,4,3120.0,718,12
2031,2026-06-16 10:08:49+05:30,3119.5,1,3135.79,820115,98478.0,196267.0,3163.0,3163.0,3115.5,3134.3,31812000,3447.7,2820.9,3839.9,2896.0,3119.0,15,2,3118.8,2,1,3118.4,15,1,3118.3,13,1,3118.1,199,2,3119.5,331,9,3119.6,64,2,3119.7,84,1,3119.8,40,2,3119.9,39,4
2031,2026-06-16 10:08:49+05:30,3119.5,1,3135.79,820115,98478.0,196267.0,3163.0,3163.0,3115.5,3134.3,31812000,3447.7,2820.9,3839.9,2896.0,3119.0,15,2,3118.8,2,1,3118.4,15,1,3118.3,13,1,3118.1,199,2,3119.5,331,9,3119.6,64,2,3119.7,84,1,3119.8,40,2,3119.9,39,4
2031,2026-06-16 10:08:50+05:30,3119.5,1,3135.79,820116,98468.0,196246.0,3163.0,3163.0,3115.5,3134.3,31812000,3447.7,2820.9,3839.9,2896.0,3119.0,15,2,3118.8,2,1,3118.4,15,1,3118.3,13,1,3118.1,170,1,3119.5,452,12,3119.6,64,2,3119.8,40,2,3119.9,39,4,3120.0,860,12
2031,2026-06-16 10:08:51+05:30,3119.5,1,3135.79,820116,98945.0,196651.0,3163.0,3163.0,3115.5,3134.3,31812000,3447.7,2820.9,3839.9,2896.0,3119.0,35,3,3118.8,2,1,3118.4,15,1,3118.3,13,1,3118.1,170,1,3119.4,18,1,3119.5,452,12,3119.6,64,2,3119.8,40,2,3119.9,239,5
2031,2026-06-16 10:08:51+05:30,3119.5,3,3135.79,820116,98945.0,196651.0,3163.0,3163.0,3115.5,3134.3,31812000,3447.7,2820.9,3839.9,2896.0,3119.0,35,3,3118.8,2,1,3118.4,15,1,3118.3,13,1,3118.1,170,1,3119.4,18,1,3119.5,452,12,3119.6,64,2,3119.8,40,2,3119.9,239,5
2031,2026-06-16 10:08:52+05:30,3119.5,1,3135.79,820120,99081.0,196439.0,3163.0,3163.0,3115.5,3134.3,31812000,3447.7,2820.9,3839.9,2896.0,3119.0,35,3,3118.8,26,2,3118.4,15,1,3118.3,13,1,3118.1,170,1,3119.5,364,11,3119.6,64,2,3119.7,84,1,3119.8,40,2,3119.9,39,4
2031,2026-06-16 10:08:52+05:30,3119.0,24,3135.79,820120,99081.0,196439.0,3163.0,3163.0,3115.5,3134.3,31812000,3447.7,2820.9,3839.9,2896.0,3119.0,35,3,3118.8,26,2,3118.4,15,1,3118.3,13,1,3118.1,170,1,3119.5,364,11,3119.6,64,2,3119.7,84,1,3119.8,40,2,3119.9,39,4
2031,2026-06-16 10:08:53+05:30,3119.0,24,3135.79,820159,99724.0,196222.0,3163.0,3163.0,3115.5,3134.3,31812000,3447.7,2820.9,3839.9,2896.0,3119.1,23,1,3119.0,20,1,3118.8,2,1,3118.4,15,1,3118.3,42,2,3119.5,362,10,3119.6,74,3,3119.8,124,3,3119.9,30,3,3120.0,648,10
2031,2026-06-16 10:08:54+05:30,3119.1,52,3135.79,820159,99724.0,196222.0,3163.0,3163.0,3115.5,3134.3,31812000,3447.7,2820.9,3839.9,2896.0,3119.1,23,1,3119.0,20,1,3118.8,2,1,3118.4,15,1,3118.3,42,2,3119.5,362,10,3119.6,74,3,3119.8,124,3,3119.9,30,3,3120.0,648,10
2031,2026-06-16 10:08:54+05:30,3119.1,52,3135.79,820211,99753.0,196285.0,3163.0,3163.0,3115.5,3134.3,31812000,3447.7,2820.9,3839.9,2896.0,3119.1,28,2,3119.0,21,2,3118.8,2,1,3118.4,15,1,3118.3,42,2,3119.5,310,8,3119.6,29,2,3119.7,33,1,3119.8,103,2,3119.9,30,3
2031,2026-06-16 10:08:55+05:30,3119.1,52,3135.79,820211,100376.0,196043.0,3163.0,3163.0,3115.5,3134.3,31812000,3447.7,2820.9,3839.9,2896.0,3119.1,218,3,3119.0,21,2,3118.8,2,1,3118.5,27,1,3118.4,112,3,3119.5,310,8,3119.9,1,1,3120.0,592,7,3120.1,295,4,3120.2,52,2
2031,2026-06-16 10:08:56+05:30,3119.5,1,3135.79,820211,100376.0,196043.0,3163.0,3163.0,3115.5,3134.3,31812000,3447.7,2820.9,3839.9,2896.0,3119.1,218,3,3119.0,21,2,3118.8,2,1,3118.5,27,1,3118.4,112,3,3119.5,310,8,3119.9,1,1,3120.0,592,7,3120.1,295,4,3120.2,52,2
2031,2026-06-16 10:08:56+05:30,3119.5,1,3135.79,820212,100468.0,195459.0,3163.0,3163.0,3115.5,3134.3,31812000,3447.7,2820.9,3839.9,2896.0,3119.1,258,4,3119.0,21,2,3118.8,2,1,3118.5,58,2,3118.4,81,2,3119.5,167,7,3119.8,52,2,3119.9,1,1,3120.0,825,10,3120.1,37,2
2031,2026-06-16 10:08:57+05:30,3119.5,1,3135.79,820212,100468.0,195459.0,3163.0,3163.0,3115.5,3134.3,31812000,3447.7,2820.9,3839.9,2896.0,3119.1,258,4,3119.0,21,2,3118.8,2,1,3118.5,58,2,3118.4,81,2,3119.5,167,7,3119.8,52,2,3119.9,1,1,3120.0,825,10,3120.1,37,2
2031,2026-06-16 10:08:57+05:30,3119.5,1,3135.79,820215,100467.0,195466.0,3163.0,3163.0,3115.5,3134.3,31812000,3447.7,2820.9,3839.9,2896.0,3119.1,258,4,3119.0,71,3,3118.8,2,1,3118.5,58,2,3118.4,81,2,3119.5,164,7,3119.8,52,2,3119.9,1,1,3120.0,846,11,3120.1,121,3
2031,2026-06-16 10:08:58+05:30,3119.5,3,3135.79,820215,100467.0,195466.0,3163.0,3163.0,3115.5,3134.3,31812000,3447.7,2820.9,3839.9,2896.0,3119.1,258,4,3119.0,71,3,3118.8,2,1,3118.5,58,2,3118.4,81,2,3119.5,164,7,3119.8,52,2,3119.9,1,1,3120.0,846,11,3120.1,121,3
2031,2026-06-16 10:08:58+05:30,3119.5,3,3135.79,820478,100527.0,195149.0,3163.0,3163.0,3115.5,3134.3,31812000,3447.7,2820.9,3839.9,2896.0,3119.1,258,4,3119.0,71,3,3118.8,78,4,3118.7,62,1,3118.6,50,2,3119.5,29,2,3119.9,1,1,3120.0,794,9,3120.1,28,1,3120.2,72,3
2031,2026-06-16 10:08:59+05:30,3119.1,6,3135.79,820478,100527.0,195149.0,3163.0,3163.0,3115.5,3134.3,31812000,3447.7,2820.9,3839.9,2896.0,3119.1,258,4,3119.0,71,3,3118.8,78,4,3118.7,62,1,3118.6,50,2,3119.5,29,2,3119.9,1,1,3120.0,794,9,3120.1,28,1,3120.2,72,3
2031,2026-06-16 10:08:59+05:30,3119.1,6,3135.79,820523,100494.0,195609.0,3163.0,3163.0,3115.5,3134.3,31812000,3447.7,2820.9,3839.9,2896.0,3119.1,241,4,3119.0,71,3,3118.8,21,2,3118.7,91,2,3118.6,50,2,3119.5,43,3,3119.9,1,1,3120.0,794,9,3120.1,61,2,3120.2,49,2
2031,2026-06-16 10:09:00+05:30,3120.0,1,3135.79,820523,100494.0,195609.0,3163.0,3163.0,3115.5,3134.3,31812000,3447.7,2820.9,3839.9,2896.0,3119.1,241,4,3119.0,71,3,3118.8,21,2,3118.7,91,2,3118.6,50,2,3119.5,43,3,3119.9,1,1,3120.0,794,9,3120.1,61,2,3120.2,49,2
2031,2026-06-16 10:09:01+05:30,3120.0,1,3135.78,820719,100616.0,194865.0,3163.0,3163.0,3115.5,3134.3,31812000,3447.7,2820.9,3839.9,2896.0,3119.4,79,5,3119.3,7,3,3119.2,66,3,3119.1,293,8,3119.0,188,7,3120.0,771,7,3120.1,28,1,3120.2,29,1,3120.6,200,1,3120.7,96,2
2031,2026-06-16 10:09:02+05:30,3119.4,20,3135.78,820977,100412.0,196139.0,3163.0,3163.0,3115.5,3134.3,31812000,3447.7,2820.9,3839.9,2896.0,3119.3,2,2,3119.1,91,6,3119.0,71,3,3118.9,31,1,3118.8,2,1,3119.4,84,1,3120.0,666,9,3120.1,28,1,3120.2,29,1,3120.4,21,1
2031,2026-06-16 10:09:02+05:30,3119.4,75,3135.78,820977,100412.0,196139.0,3163.0,3163.0,3115.5,3134.3,31812000,3447.7,2820.9,3839.9,2896.0,3119.3,2,2,3119.1,91,6,3119.0,71,3,3118.9,31,1,3118.8,2,1,3119.4,84,1,3120.0,666,9,3120.1,28,1,3120.2,29,1,3120.4,21,1
2031,2026-06-16 10:09:03+05:30,3119.4,1,3135.78,821057,100446.0,196378.0,3163.0,3163.0,3115.5,3134.3,31812000,3447.7,2820.9,3839.9,2896.0,3119.3,2,2,3119.2,31,1,3119.1,80,5,3119.0,97,5,3118.9,13,1,3119.4,30,2,3120.0,916,10,3120.1,28,1,3120.2,93,2,3120.4,21,1
2031,2026-06-16 10:09:03+05:30,3119.4,1,3135.78,821057,100446.0,196378.0,3163.0,3163.0,3115.5,3134.3,31812000,3447.7,2820.9,3839.9,2896.0,3119.3,2,2,3119.2,31,1,3119.1,80,5,3119.0,97,5,3118.9,13,1,3119.4,30,2,3120.0,916,10,3120.1,28,1,3120.2,93,2,3120.4,21,1
2031,2026-06-16 10:09:04+05:30,3119.1,8,3135.77,821257,100385.0,196154.0,3163.0,3163.0,3115.5,3134.3,31812000,3447.7,2820.9,3839.9,2896.0,3119.1,32,4,3119.0,55,3,3118.8,2,1,3118.6,49,1,3118.5,27,1,3119.4,30,2,3120.0,968,12,3120.1,28,1,3120.2,229,5,3120.3,29,1
2031,2026-06-16 10:09:04+05:30,3119.1,8,3135.77,821257,100385.0,196154.0,3163.0,3163.0,3115.5,3134.3,31812000,3447.7,2820.9,3839.9,2896.0,3119.1,32,4,3119.0,55,3,3118.8,2,1,3118.6,49,1,3118.5,27,1,3119.4,30,2,3120.0,968,12,3120.1,28,1,3120.2,229,5,3120.3,29,1
2031,2026-06-16 10:09:05+05:30,3119.1,4,3135.77,821265,100636.0,196053.0,3163.0,3163.0,3115.5,3134.3,31812000,3447.7,2820.9,3839.9,2896.0,3119.1,36,4,3119.0,55,3,3118.8,2,1,3118.7,31,1,3118.6,49,1,3119.4,35,4,3120.0,1032,13,3120.1,28,1,3120.2,145,4,3120.3,29,1
2031,2026-06-16 10:09:05+05:30,3119.1,4,3135.77,821265,100636.0,196053.0,3163.0,3163.0,3115.5,3134.3,31812000,3447.7,2820.9,3839.9,2896.0,3119.1,36,4,3119.0,55,3,3118.8,2,1,3118.7,31,1,3118.6,49,1,3119.4,35,4,3120.0,1032,13,3120.1,28,1,3120.2,145,4,3120.3,29,1
2031,2026-06-16 10:09:06+05:30,3119.1,4,3135.77,821269,100641.0,196279.0,3163.0,3163.0,3115.5,3134.3,31812000,3447.7,2820.9,3839.9,2896.0,3119.1,32,4,3119.0,55,3,3118.8,2,1,3118.7,31,1,3118.6,49,1,3119.4,35,4,3120.0,1053,14,3120.1,28,1,3120.2,145,4,3120.3,29,1
2031,2026-06-16 10:09:07+05:30,3119.1,7,3135.77,821269,100641.0,196279.0,3163.0,3163.0,3115.5,3134.3,31812000,3447.7,2820.9,3839.9,2896.0,3119.1,32,4,3119.0,55,3,3118.8,2,1,3118.7,31,1,3118.6,49,1,3119.4,35,4,3120.0,1053,14,3120.1,28,1,3120.2,145,4,3120.3,29,1
2031,2026-06-16 10:09:07+05:30,3119.1,7,3135.77,821308,100075.0,196761.0,3163.0,3163.0,3115.5,3134.3,31812000,3447.7,2820.9,3839.9,2896.0,3119.1,87,6,3119.0,55,3,3118.8,2,1,3118.4,15,1,3118.3,13,1,3119.4,56,6,3119.5,33,1,3119.6,19,1,3119.7,17,1,3119.8,136,3
2031,2026-06-16 10:09:08+05:30,3119.4,22,3135.77,821308,100075.0,196761.0,3163.0,3163.0,3115.5,3134.3,31812000,3447.7,2820.9,3839.9,2896.0,3119.1,87,6,3119.0,55,3,3118.8,2,1,3118.4,15,1,3118.3,13,1,3119.4,56,6,3119.5,33,1,3119.6,19,1,3119.7,17,1,3119.8,136,3
2031,2026-06-16 10:09:08+05:30,3119.4,22,3135.77,821334,100349.0,196371.0,3163.0,3163.0,3115.5,3134.3,31812000,3447.7,2820.9,3839.9,2896.0,3119.2,9,1,3119.1,31,3,3119.0,55,3,3118.8,26,2,3118.4,15,1,3119.4,69,6,3119.5,200,1,3119.6,52,2,3119.8,52,2,3119.9,107,2
2031,2026-06-16 10:09:09+05:30,3119.4,1,3135.77,821334,100349.0,196371.0,3163.0,3163.0,3115.5,3134.3,31812000,3447.7,2820.9,3839.9,2896.0,3119.2,9,1,3119.1,31,3,3119.0,55,3,3118.8,26,2,3118.4,15,1,3119.4,69,6,3119.5,200,1,3119.6,52,2,3119.8,52,2,3119.9,107,2
2031,2026-06-16 10:09:09+05:30,3119.4,1,3135.77,821335,100481.0,196265.0,3163.0,3163.0,3115.5,3134.3,31812000,3447.7,2820.9,3839.9,2896.0,3119.2,9,1,3119.1,57,4,3119.0,55,3,3118.8,2,1,3118.7,10,1,3119.4,49,5,3119.5,200,1,3120.0,745,9,3120.1,258,3,3120.2,202,5
2031,2026-06-16 10:09:10+05:30,3119.4,5,3135.77,821335,100481.0,196265.0,3163.0,3163.0,3115.5,3134.3,31812000,3447.7,2820.9,3839.9,2896.0,3119.2,9,1,3119.1,57,4,3119.0,55,3,3118.8,2,1,3118.7,10,1,3119.4,49,5,3119.5,200,1,3120.0,745,9,3120.1,258,3,3120.2,202,5
2031,2026-06-16 10:09:10+05:30,3119.5,1,3135.77,821430,100246.0,196358.0,3163.0,3163.0,3115.5,3134.3,31812000,3447.7,2820.9,3839.9,2896.0,3119.2,8,1,3119.1,51,3,3119.0,55,3,3118.8,2,1,3118.7,10,1,3119.5,199,1,3120.0,752,9,3120.1,338,4,3120.2,146,5,3120.3,29,1
2031,2026-06-16 10:09:11+05:30,3119.5,1,3135.77,821430,100246.0,196358.0,3163.0,3163.0,3115.5,3134.3,31812000,3447.7,2820.9,3839.9,2896.0,3119.2,8,1,3119.1,51,3,3119.0,55,3,3118.8,2,1,3118.7,10,1,3119.5,199,1,3120.0,752,9,3120.1,338,4,3120.2,146,5,3120.3,29,1
2031,2026-06-16 10:09:11+05:30,3119.5,1,3135.77,821430,100324.0,196770.0,3163.0,3163.0,3115.5,3134.3,31812000,3447.7,2820.9,3839.9,2896.0,3119.2,8,1,3119.1,54,4,3119.0,105,4,3118.8,2,1,3118.7,10,1,3119.5,199,1,3119.9,137,3,3120.0,764,8,3120.1,254,3,3120.2,146,5
2031,2026-06-16 10:09:13+05:30,3119.5,1,3135.77,821430,100493.0,196940.0,3163.0,3163.0,3115.5,3134.3,31812000,3447.7,2820.9,3839.9,2896.0,3119.2,8,1,3119.1,54,4,3119.0,105,4,3118.8,2,1,3118.7,10,1,3119.5,248,4,3119.6,34,1,3119.8,53,2,3119.9,84,1,3120.0,817,10
2031,2026-06-16 10:09:13+05:30,3119.5,1,3135.77,821430,100493.0,196940.0,3163.0,3163.0,3115.5,3134.3,31812000,3447.7,2820.9,3839.9,2896.0,3119.2,8,1,3119.1,54,4,3119.0,105,4,3118.8,2,1,3118.7,10,1,3119.5,248,4,3119.6,34,1,3119.8,53,2,3119.9,84,1,3120.0,817,10
2031,2026-06-16 10:09:14+05:30,3119.5,1,3135.77,821519,100495.0,196754.0,3163.0,3163.0,3115.5,3134.3,31812000,3447.7,2820.9,3839.9,2896.0,3119.2,8,1,3119.1,54,4,3119.0,105,4,3118.8,2,1,3118.7,10,1,3119.5,140,3,3119.6,53,2,3119.8,53,2,3119.9,84,1,3120.0,677,8
2031,2026-06-16 10:09:14+05:30,3119.5,1,3135.77,821519,100495.0,196754.0,3163.0,3163.0,3115.5,3134.3,31812000,3447.7,2820.9,3839.9,2896.0,3119.2,8,1,3119.1,54,4,3119.0,105,4,3118.8,2,1,3118.7,10,1,3119.5,140,3,3119.6,53,2,3119.8,53,2,3119.9,84,1,3120.0,677,8
2031,2026-06-16 10:09:15+05:30,3119.5,1,3135.77,821519,100494.0,196369.0,3163.0,3163.0,3115.5,3134.3,31812000,3447.7,2820.9,3839.9,2896.0,3119.2,9,2,3119.1,54,4,3119.0,105,4,3118.8,2,1,3118.7,10,1,3119.5,178,4,3119.6,53,2,3119.8,53,2,3119.9,84,1,3120.0,677,8
2031,2026-06-16 10:09:15+05:30,3119.5,10,3135.77,821519,100494.0,196369.0,3163.0,3163.0,3115.5,3134.3,31812000,3447.7,2820.9,3839.9,2896.0,3119.2,9,2,3119.1,54,4,3119.0,105,4,3118.8,2,1,3118.7,10,1,3119.5,178,4,3119.6,53,2,3119.8,53,2,3119.9,84,1,3120.0,677,8
2031,2026-06-16 10:09:16+05:30,3119.5,10,3135.76,821743,100660.0,196272.0,3163.0,3163.0,3115.5,3134.3,31812000,3447.7,2820.9,3839.9,2896.0,3119.5,8,1,3119.4,2,2,3119.2,1,1,3119.1,33,3,3119.0,105,4,3119.6,200,1,3120.0,677,8,3120.1,113,2,3120.2,252,3,3120.3,93,2
2031,2026-06-16 10:09:17+05:30,3119.6,20,3135.76,821765,100726.0,196258.0,3163.0,3163.0,3115.5,3134.3,31812000,3447.7,2820.9,3839.9,2896.0,3119.5,54,3,3119.4,2,2,3119.2,16,2,3119.1,8,2,3119.0,105,4,3119.6,178,1,3120.0,624,6,3120.1,19,1,3120.2,224,2,3120.3,182,3
2031,2026-06-16 10:09:17+05:30,3119.6,20,3135.76,821765,100726.0,196258.0,3163.0,3163.0,3115.5,3134.3,31812000,3447.7,2820.9,3839.9,2896.0,3119.5,54,3,3119.4,2,2,3119.2,16,2,3119.1,8,2,3119.0,105,4,3119.6,178,1,3120.0,624,6,3120.1,19,1,3120.2,224,2,3120.3,182,3
2031,2026-06-16 10:09:18+05:30,3119.5,16,3135.76,821966,100473.0,195827.0,3163.0,3163.0,3115.5,3134.3,31812000,3447.7,2820.9,3839.9,2896.0,3119.5,38,3,3119.4,2,2,3119.2,16,2,3119.1,31,3,3119.0,105,4,3119.6,4,1,3119.9,19,1,3120.0,899,9,3120.1,19,1,3120.2,277,4
2031,2026-06-16 10:09:18+05:30,3119.5,16,3135.76,821966,100473.0,195827.0,3163.0,3163.0,3115.5,3134.3,31812000,3447.7,2820.9,3839.9,2896.0,3119.5,38,3,3119.4,2,2,3119.2,16,2,3119.1,31,3,3119.0,105,4,3119.6,4,1,3119.9,19,1,3120.0,899,9,3120.1,19,1,3120.2,277,4
2031,2026-06-16 10:09:20+05:30,3119.5,16,3135.76,821966,100473.0,195827.0,3163.0,3163.0,3115.5,3134.3,31812000,3447.7,2820.9,3839.9,2896.0,3119.5,38,3,3119.4,2,2,3119.2,16,2,3119.1,31,3,3119.0,105,4,3119.6,4,1,3119.9,19,1,3120.0,899,9,3120.1,19,1,3120.2,277,4
2031,2026-06-16 10:09:20+05:30,3119.6,1,3135.76,821967,100553.0,195668.0,3163.0,3163.0,3115.5,3134.3,31812000,3447.7,2820.9,3839.9,2896.0,3119.5,38,3,3119.4,28,3,3119.2,16,2,3119.1,8,2,3119.0,105,4,3119.6,1,1,3119.9,2,1,3120.0,801,7,3120.1,38,2,3120.2,58,2
2031,2026-06-16 10:09:21+05:30,3119.6,1,3135.76,821967,100553.0,195668.0,3163.0,3163.0,3115.5,3134.3,31812000,3447.7,2820.9,3839.9,2896.0,3119.5,38,3,3119.4,28,3,3119.2,16,2,3119.1,8,2,3119.0,105,4,3119.6,1,1,3119.9,2,1,3120.0,801,7,3120.1,38,2,3120.2,58,2
2031,2026-06-16 10:09:22+05:30,3120.0,1,3135.76,821967,100553.0,195668.0,3163.0,3163.0,3115.5,3134.3,31812000,3447.7,2820.9,3839.9,2896.0,3119.5,38,3,3119.4,28,3,3119.2,16,2,3119.1,8,2,3119.0,105,4,3119.6,1,1,3119.9,2,1,3120.0,801,7,3120.1,38,2,3120.2,58,2
2031,2026-06-16 10:09:23+05:30,3120.0,1,3135.76,821967,100553.0,195668.0,3163.0,3163.0,3115.5,3134.3,31812000,3447.7,2820.9,3839.9,2896.0,3119.5,38,3,3119.4,28,3,3119.2,16,2,3119.1,8,2,3119.0,105,4,3119.6,1,1,3119.9,2,1,3120.0,801,7,3120.1,38,2,3120.2,58,2
2031,2026-06-16 10:09:25+05:30,3120.0,1,3135.76,821967,100553.0,195668.0,3163.0,3163.0,3115.5,3134.3,31812000,3447.7,2820.9,3839.9,2896.0,3119.5,38,3,3119.4,28,3,3119.2,16,2,3119.1,8,2,3119.0,105,4,3119.6,1,1,3119.9,2,1,3120.0,801,7,3120.1,38,2,3120.2,58,2
2031,2026-06-16 10:09:26+05:30,3119.6,1,3135.75,822333,100923.0,195029.0,3163.0,3163.0,3115.5,3134.3,31812000,3447.7,2820.9,3839.9,2896.0,3119.6,14,2,3119.5,32,4,3119.1,8,2,3119.0,105,4,3118.9,14,1,3120.0,712,10,3120.1,19,1,3120.2,129,4,3120.3,108,2,3120.4,53,2
2031,2026-06-16 10:09:26+05:30,3119.6,1,3135.75,822333,100923.0,195029.0,3163.0,3163.0,3115.5,3134.3,31812000,3447.7,2820.9,3839.9,2896.0,3119.6,14,2,3119.5,32,4,3119.1,8,2,3119.0,105,4,3118.9,14,1,3120.0,712,10,3120.1,19,1,3120.2,129,4,3120.3,108,2,3120.4,53,2
2031,2026-06-16 10:09:26+05:30,3119.6,1,3135.75,822333,100923.0,195029.0,3163.0,3163.0,3115.5,3134.3,31812000,3447.7,2820.9,3839.9,2896.0,3119.6,14,2,3119.5,32,4,3119.1,8,2,3119.0,105,4,3118.9,14,1,3120.0,712,10,3120.1,19,1,3120.2,129,4,3120.3,108,2,3120.4,53,2
2031,2026-06-16 10:09:28+05:30,3119.6,1,3135.75,822333,100923.0,195029.0,3163.0,3163.0,3115.5,3134.3,31812000,3447.7,2820.9,3839.9,2896.0,3119.6,14,2,3119.5,32,4,3119.1,8,2,3119.0,105,4,3118.9,14,1,3120.0,712,10,3120.1,19,1,3120.2,129,4,3120.3,108,2,3120.4,53,2
2031,2026-06-16 10:09:29+05:30,3119.6,1,3135.75,822333,100923.0,195029.0,3163.0,3163.0,3115.5,3134.3,31812000,3447.7,2820.9,3839.9,2896.0,3119.6,14,2,3119.5,32,4,3119.1,8,2,3119.0,105,4,3118.9,14,1,3120.0,712,10,3120.1,19,1,3120.2,129,4,3120.3,108,2,3120.4,53,2
2031,2026-06-16 10:09:30+05:30,3119.6,1,3135.75,822333,100923.0,195029.0,3163.0,3163.0,3115.5,3134.3,31812000,3447.7,2820.9,3839.9,2896.0,3119.6,14,2,3119.5,32,4,3119.1,8,2,3119.0,105,4,3118.9,14,1,3120.0,712,10,3120.1,19,1,3120.2,129,4,3120.3,108,2,3120.4,53,2
2031,2026-06-16 10:09:30+05:30,3120.0,1,3135.75,822333,100923.0,195029.0,3163.0,3163.0,3115.5,3134.3,31812000,3447.7,2820.9,3839.9,2896.0,3119.6,14,2,3119.5,32,4,3119.1,8,2,3119.0,105,4,3118.9,14,1,3120.0,712,10,3120.1,19,1,3120.2,129,4,3120.3,108,2,3120.4,53,2
2031,2026-06-16 10:09:30+05:30,3120.0,1,3135.75,822333,100923.0,195029.0,3163.0,3163.0,3115.5,3134.3,31812000,3447.7,2820.9,3839.9,2896.0,3119.6,14,2,3119.5,32,4,3119.1,8,2,3119.0,105,4,3118.9,14,1,3120.0,712,10,3120.1,19,1,3120.2,129,4,3120.3,108,2,3120.4,53,2
2031,2026-06-16 10:09:31+05:30,3120.0,1,3135.75,822333,100923.0,195029.0,3163.0,3163.0,3115.5,3134.3,31812000,3447.7,2820.9,3839.9,2896.0,3119.6,14,2,3119.5,32,4,3119.1,8,2,3119.0,105,4,3118.9,14,1,3120.0,712,10,3120.1,19,1,3120.2,129,4,3120.3,108,2,3120.4,53,2
2031,2026-06-16 10:09:32+05:30,3120.0,1,3135.75,822341,101083.0,195276.0,3163.0,3163.0,3115.5,3134.3,31812000,3447.7,2820.9,3839.9,2896.0,3119.9,28,2,3119.8,4,4,3119.6,100,8,3119.1,63,4,3119.0,105,4,3120.0,1256,12,3120.1,19,1,3120.2,24,1,3120.3,21,1,3120.5,99,2
2031,2026-06-16 10:09:32+05:30,3120.0,1,3135.75,822341,101083.0,195276.0,3163.0,3163.0,3115.5,3134.3,31812000,3447.7,2820.9,3839.9,2896.0,3119.9,28,2,3119.8,4,4,3119.6,100,8,3119.1,63,4,3119.0,105,4,3120.0,1256,12,3120.1,19,1,3120.2,24,1,3120.3,21,1,3120.5,99,2
2031,2026-06-16 10:09:33+05:30,3120.0,1,3135.75,822341,101083.0,195276.0,3163.0,3163.0,3115.5,3134.3,31812000,3447.7,2820.9,3839.9,2896.0,3119.9,28,2,3119.8,4,4,3119.6,100,8,3119.1,63,4,3119.0,105,4,3120.0,1256,12,3120.1,19,1,3120.2,24,1,3120.3,21,1,3120.5,99,2
2031,2026-06-16 10:09:34+05:30,3120.0,1,3135.75,822341,101083.0,195276.0,3163.0,3163.0,3115.5,3134.3,31812000,3447.7,2820.9,3839.9,2896.0,3119.9,28,2,3119.8,4,4,3119.6,100,8,3119.1,63,4,3119.0,105,4,3120.0,1256,12,3120.1,19,1,3120.2,24,1,3120.3,21,1,3120.5,99,2
2031,2026-06-16 10:09:34+05:30,3120.0,3,3135.75,822341,101083.0,195276.0,3163.0,3163.0,3115.5,3134.3,31812000,3447.7,2820.9,3839.9,2896.0,3119.9,28,2,3119.8,4,4,3119.6,100,8,3119.1,63,4,3119.0,105,4,3120.0,1256,12,3120.1,19,1,3120.2,24,1,3120.3,21,1,3120.5,99,2
2031,2026-06-16 10:09:35+05:30,3120.0,3,3135.75,822341,101083.0,195276.0,3163.0,3163.0,3115.5,3134.3,31812000,3447.7,2820.9,3839.9,2896.0,3119.9,28,2,3119.8,4,4,3119.6,100,8,3119.1,63,4,3119.0,105,4,3120.0,1256,12,3120.1,19,1,3120.2,24,1,3120.3,21,1,3120.5,99,2
2031,2026-06-16 10:09:36+05:30,3120.0,3,3135.75,822341,101083.0,195276.0,3163.0,3163.0,3115.5,3134.3,31812000,3447.7,2820.9,3839.9,2896.0,3119.9,28,2,3119.8,4,4,3119.6,100,8,3119.1,63,4,3119.0,105,4,3120.0,1256,12,3120.1,19,1,3120.2,24,1,3120.3,21,1,3120.5,99,2
2031,2026-06-16 10:09:37+05:30,3120.0,3,3135.75,822341,101083.0,195276.0,3163.0,3163.0,3115.5,3134.3,31796600,3447.7,2820.9,3839.9,2896.0,3119.9,28,2,3119.8,4,4,3119.6,100,8,3119.1,63,4,3119.0,105,4,3120.0,1256,12,3120.1,19,1,3120.2,24,1,3120.3,21,1,3120.5,99,2
2031,2026-06-16 10:09:38+05:30,3119.6,20,3135.73,823343,101210.0,196775.0,3163.0,3163.0,3115.5,3134.3,31796600,3447.7,2820.9,3839.9,2896.0,3119.9,12,1,3119.6,5,1,3119.1,8,2,3119.0,105,4,3118.9,55,3,3120.0,930,15,3120.1,34,2,3120.2,161,4,3120.3,219,3,3120.4,131,4
2031,2026-06-16 10:09:38+05:30,3119.6,20,3135.73,823343,101210.0,196775.0,3163.0,3163.0,3115.5,3134.3,31796600,3447.7,2820.9,3839.9,2896.0,3119.9,12,1,3119.6,5,1,3119.1,8,2,3119.0,105,4,3118.9,55,3,3120.0,930,15,3120.1,34,2,3120.2,161,4,3120.3,219,3,3120.4,131,4
2031,2026-06-16 10:09:42+05:30,3120.0,13,3135.73,823343,101210.0,196775.0,3163.0,3163.0,3115.5,3134.3,31796600,3447.7,2820.9,3839.9,2896.0,3119.9,12,1,3119.6,5,1,3119.1,8,2,3119.0,105,4,3118.9,55,3,3120.0,930,15,3120.1,34,2,3120.2,161,4,3120.3,219,3,3120.4,131,4
2031,2026-06-16 10:09:44+05:30,3119.9,1,3135.73,823410,101110.0,196109.0,3163.0,3163.0,3115.5,3134.3,31796600,3447.7,2820.9,3839.9,2896.0,3119.9,11,1,3119.8,5,1,3119.6,11,3,3119.4,14,2,3119.1,33,4,3120.0,905,15,3120.1,19,1,3120.2,24,1,3120.3,328,5,3120.4,54,1
2031,2026-06-16 10:09:46+05:30,3120.0,25,3135.73,823410,101110.0,196109.0,3163.0,3163.0,3115.5,3134.3,31796600,3447.7,2820.9,3839.9,2896.0,3119.9,11,1,3119.8,5,1,3119.6,11,3,3119.4,14,2,3119.1,33,4,3120.0,905,15,3120.1,19,1,3120.2,24,1,3120.3,328,5,3120.4,54,1
2031,2026-06-16 10:09:50+05:30,3119.1,2,3135.73,823410,101110.0,196109.0,3163.0,3163.0,3115.5,3134.3,31796600,3447.7,2820.9,3839.9,2896.0,3119.1,18,3,3119.0,105,4,3118.9,17,1,3118.8,14,2,3118.7,10,1,3119.3,66,5,3119.4,27,2,3119.5,45,3,3119.6,93,5,3119.7,99,2
2031,2026-06-16 10:09:50+05:30,3119.1,2,3135.71,824207,99033.0,195577.0,3163.0,3163.0,3115.5,3134.3,31796600,3447.7,2820.9,3839.9,2896.0,3119.1,18,3,3119.0,105,4,3118.9,17,1,3118.8,14,2,3118.7,10,1,3119.3,66,5,3119.4,27,2,3119.5,45,3,3119.6,93,5,3119.7,99,2
2031,2026-06-16 10:09:54+05:30,3119.3,1,3135.71,824207,99033.0,195577.0,3163.0,3163.0,3115.5,3134.3,31796600,3447.7,2820.9,3839.9,2896.0,3119.1,18,3,3119.0,105,4,3118.9,17,1,3118.8,14,2,3118.7,10,1,3119.3,66,5,3119.4,27,2,3119.5,45,3,3119.6,93,5,3119.7,99,2
2031,2026-06-16 10:09:57+05:30,3119.1,19,3135.71,824442,100346.0,197368.0,3163.0,3163.0,3115.5,3134.3,31796600,3447.7,2820.9,3839.9,2896.0,3119.1,182,6,3119.0,105,4,3118.8,2,1,3118.7,10,1,3118.5,24,1,3119.3,34,3,3119.4,53,2,3119.6,53,2,3119.7,20,1,3119.8,65,3
2031,2026-06-16 10:09:58+05:30,3119.7,160,3135.71,824442,100346.0,197368.0,3163.0,3163.0,3115.5,3134.3,31796600,3447.7,2820.9,3839.9,2896.0,3119.1,182,6,3119.0,105,4,3118.8,2,1,3118.7,10,1,3118.5,24,1,3119.3,34,3,3119.4,53,2,3119.6,53,2,3119.7,20,1,3119.8,65,3
2031,2026-06-16 10:10:02+05:30,3119.3,1,3135.71,824442,100346.0,197368.0,3163.0,3163.0,3115.5,3134.3,31796600,3447.7,2820.9,3839.9,2896.0,3119.1,182,6,3119.0,105,4,3118.8,2,1,3118.7,10,1,3118.5,24,1,3119.3,34,3,3119.4,53,2,3119.6,53,2,3119.7,20,1,3119.8,65,3
2031,2026-06-16 10:10:03+05:30,3119.7,9,3135.7,824984,100326.0,197818.0,3163.0,3163.0,3115.5,3134.3,31796600,3447.7,2820.9,3839.9,2896.0,3119.4,1,1,3119.2,2,2,3119.1,134,6,3119.0,105,4,3118.8,2,1,3119.7,27,2,3119.8,53,2,3119.9,17,2,3120.0,1233,18,3120.1,114,2
2031,2026-06-16 10:10:06+05:30,3119.5,12,3135.7,824984,100326.0,197818.0,3163.0,3163.0,3115.5,3134.3,31796600,3447.7,2820.9,3839.9,2896.0,3119.4,1,1,3119.2,2,2,3119.1,134,6,3119.0,105,4,3118.8,2,1,3119.7,27,2,3119.8,53,2,3119.9,17,2,3120.0,1233,18,3120.1,114,2
2031,2026-06-16 10:10:09+05:30,3119.7,8,3135.69,825339,100940.0,198038.0,3163.0,3163.0,3115.5,3134.3,31796600,3447.7,2820.9,3839.9,2896.0,3119.4,68,3,3119.2,44,1,3119.1,54,5,3119.0,105,4,3118.8,2,1,3119.7,29,3,3119.8,34,1,3119.9,15,1,3120.0,1366,17,3120.1,166,3
2031,2026-06-16 10:10:10+05:30,3119.4,25,3135.69,825339,100940.0,198038.0,3163.0,3163.0,3115.5,3134.3,31796600,3447.7,2820.9,3839.9,2896.0,3119.4,68,3,3119.2,44,1,3119.1,54,5,3119.0,105,4,3118.8,2,1,3119.7,29,3,3119.8,34,1,3119.9,15,1,3120.0,1366,17,3120.1,166,3
2031,2026-06-16 10:10:14+05:30,3119.7,19,3135.69,825339,100940.0,198038.0,3163.0,3163.0,3115.5,3134.3,31796600,3447.7,2820.9,3839.9,2896.0,3119.4,68,3,3119.2,44,1,3119.1,54,5,3119.0,105,4,3118.8,2,1,3119.7,29,3,3119.8,34,1,3119.9,15,1,3120.0,1366,17,3120.1,166,3
2031,2026-06-16 10:10:15+05:30,3119.7,19,3135.67,826381,101489.0,196570.0,3163.0,3163.0,3115.5,3134.3,31796600,3447.7,2820.9,3839.9,2896.0,3119.8,2,2,3119.7,54,1,3119.6,49,4,3119.5,2,1,3119.4,146,7,3120.0,1057,9,3120.1,26,1,3120.5,62,1,3120.6,220,2,3120.7,64,1
2031,2026-06-16 10:10:18+05:30,3120.0,5,3135.67,826381,101489.0,196570.0,3163.0,3163.0,3115.5,3134.3,31796600,3447.7,2820.9,3839.9,2896.0,3119.8,2,2,3119.7,54,1,3119.6,49,4,3119.5,2,1,3119.4,146,7,3120.0,1057,9,3120.1,26,1,3120.5,62,1,3120.6,220,2,3120.7,64,1
2031,2026-06-16 10:10:19+05:30,3120.0,5,3135.67,826477,101385.0,197646.0,3163.0,3163.0,3115.5,3134.3,31796600,3447.7,2820.9,3839.9,2896.0,3119.8,1,1,3119.7,54,1,3119.6,24,3,3119.5,2,1,3119.4,72,3,3120.0,1383,16,3120.1,87,3,3120.2,54,2,3120.3,18,2,3120.4,201,5
2031,2026-06-16 10:10:20+05:30,3120.0,9,3135.66,826716,102285.0,197286.0,3163.0,3163.0,3115.5,3134.3,31796600,3447.7,2820.9,3839.9,2896.0,3119.8,1,1,3119.7,54,1,3119.6,17,3,3119.5,2,1,3119.4,57,2,3120.0,1165,15,3120.1,35,2,3120.2,54,2,3120.3,102,3,3120.4,55,3
2031,2026-06-16 10:10:20+05:30,3120.0,9,3135.66,826716,102285.0,197286.0,3163.0,3163.0,3115.5,3134.3,31796600,3447.7,2820.9,3839.9,2896.0,3119.8,1,1,3119.7,54,1,3119.6,17,3,3119.5,2,1,3119.4,57,2,3120.0,1165,15,3120.1,35,2,3120.2,54,2,3120.3,102,3,3120.4,55,3
2031,2026-06-16 10:10:20+05:30,3119.0,30,3135.66,826716,102285.0,197286.0,3163.0,3163.0,3115.5,3134.3,31796600,3447.7,2820.9,3839.9,2896.0,3119.8,1,1,3119.7,54,1,3119.6,17,3,3119.5,2,1,3119.4,57,2,3120.0,1165,15,3120.1,35,2,3120.2,54,2,3120.3,102,3,3120.4,55,3
2031,2026-06-16 10:10:21+05:30,3119.0,5,3135.63,828222,100816.0,198052.0,3163.0,3163.0,3115.5,3134.3,31796600,3447.7,2820.9,3839.9,2896.0,3118.4,18,1,3118.3,63,4,3118.2,144,7,3118.1,41,2,3118.0,335,9,3119.1,5,1,3119.2,7,1,3119.5,48,1,3119.6,74,2,3119.7,335,3
2031,2026-06-16 10:10:21+05:30,3119.8,26,3135.63,828222,100816.0,198052.0,3163.0,3163.0,3115.5,3134.3,31796600,3447.7,2820.9,3839.9,2896.0,3118.4,18,1,3118.3,63,4,3118.2,144,7,3118.1,41,2,3118.0,335,9,3119.1,5,1,3119.2,7,1,3119.5,48,1,3119.6,74,2,3119.7,335,3
2031,2026-06-16 10:10:22+05:30,3119.8,26,3135.63,828222,100816.0,198052.0,3163.0,3163.0,3115.5,3134.3,31796600,3447.7,2820.9,3839.9,2896.0,3118.4,18,1,3118.3,63,4,3118.2,144,7,3118.1,41,2,3118.0,335,9,3119.1,5,1,3119.2,7,1,3119.5,48,1,3119.6,74,2,3119.7,335,3
2031,2026-06-16 10:10:22+05:30,3120.0,3,3135.62,828807,102354.0,196797.0,3163.0,3163.0,3115.5,3134.3,31796600,3447.7,2820.9,3839.9,2896.0,3119.8,16,1,3118.8,222,3,3118.7,52,2,3118.6,98,4,3118.5,131,4,3120.0,1068,19,3120.3,26,2,3120.4,72,2,3120.6,220,2,3120.7,62,1
2031,2026-06-16 10:10:22+05:30,3120.0,1,3135.62,828807,102354.0,196797.0,3163.0,3163.0,3115.5,3134.3,31796600,3447.7,2820.9,3839.9,2896.0,3119.8,16,1,3118.8,222,3,3118.7,52,2,3118.6,98,4,3118.5,131,4,3120.0,1068,19,3120.3,26,2,3120.4,72,2,3120.6,220,2,3120.7,62,1
2031,2026-06-16 10:10:23+05:30,3120.0,1,3135.62,828808,102743.0,196510.0,3163.0,3163.0,3115.5,3134.3,31796600,3447.7,2820.9,3839.9,2896.0,3119.8,131,4,3119.7,7,1,3119.6,47,2,3119.5,5,1,3119.4,75,4,3120.0,1193,18,3120.6,220,2,3120.7,62,1,3120.8,20,1,3120.9,431,13
2031,2026-06-16 10:10:23+05:30,3120.0,1,3135.62,828808,102743.0,196510.0,3163.0,3163.0,3115.5,3134.3,31796600,3447.7,2820.9,3839.9,2896.0,3119.8,131,4,3119.7,7,1,3119.6,47,2,3119.5,5,1,3119.4,75,4,3120.0,1193,18,3120.6,220,2,3120.7,62,1,3120.8,20,1,3120.9,431,13
2031,2026-06-16 10:10:24+05:30,3119.8,425,3135.62,828808,102743.0,196510.0,3163.0,3163.0,3115.5,3134.3,31796600,3447.7,2820.9,3839.9,2896.0,3119.8,131,4,3119.7,7,1,3119.6,47,2,3119.5,5,1,3119.4,75,4,3120.0,1193,18,3120.6,220,2,3120.7,62,1,3120.8,20,1,3120.9,431,13
2031,2026-06-16 10:10:24+05:30,3119.8,425,3135.61,829369,102188.0,196662.0,3163.0,3163.0,3115.5,3134.3,31796600,3447.7,2820.9,3839.9,2896.0,3119.8,129,1,3119.2,24,1,3119.1,28,1,3119.0,24,1,3118.8,47,2,3120.0,1196,16,3120.5,21,1,3120.6,241,3,3120.7,62,1,3120.8,220,2
2031,2026-06-16 10:10:25+05:30,3119.8,425,3135.61,829369,102188.0,196662.0,3163.0,3163.0,3115.5,3134.3,31796600,3447.7,2820.9,3839.9,2896.0,3119.8,129,1,3119.2,24,1,3119.1,28,1,3119.0,24,1,3118.8,47,2,3120.0,1196,16,3120.5,21,1,3120.6,241,3,3120.7,62,1,3120.8,220,2
2031,2026-06-16 10:10:25+05:30,3119.8,425,3135.61,829369,102461.0,196837.0,3163.0,3163.0,3115.5,3134.3,31796600,3447.7,2820.9,3839.9,2896.0,3119.8,172,2,3119.2,37,2,3119.1,28,1,3119.0,24,1,3118.8,47,2,3119.9,69,1,3120.0,1264,17,3120.1,13,1,3120.5,21,1,3120.6,241,3
2031,2026-06-16 10:10:26+05:30,3119.8,40,3135.61,829410,102385.0,196919.0,3163.0,3163.0,3115.5,3134.3,31796600,3447.7,2820.9,3839.9,2896.0,3119.8,131,2,3119.6,25,1,3119.4,19,1,3119.2,37,2,3119.1,28,1,3119.9,94,2,3120.0,1126,14,3120.1,13,1,3120.6,262,4,3120.7,62,1
2031,2026-06-16 10:10:27+05:30,3119.8,40,3135.61,829410,102385.0,196919.0,3163.0,3163.0,3115.5,3134.3,31796600,3447.7,2820.9,3839.9,2896.0,3119.8,131,2,3119.6,25,1,3119.4,19,1,3119.2,37,2,3119.1,28,1,3119.9,94,2,3120.0,1126,14,3120.1,13,1,3120.6,262,4,3120.7,62,1
2031,2026-06-16 10:10:27+05:30,3119.9,13,3135.61,829410,102385.0,196919.0,3163.0,3163.0,3115.5,3134.3,31796600,3447.7,2820.9,3839.9,2896.0,3119.8,131,2,3119.6,25,1,3119.4,19,1,3119.2,37,2,3119.1,28,1,3119.9,94,2,3120.0,1126,14,3120.1,13,1,3120.6,262,4,3120.7,62,1
2031,2026-06-16 10:10:27+05:30,3120.0,1,3135.61,829615,102568.0,196529.0,3163.0,3163.0,3115.5,3134.3,31796600,3447.7,2820.9,3839.9,2896.0,3119.8,131,2,3119.4,1,1,3119.3,19,1,3119.2,13,1,3119.1,90,2,3120.0,1173,15,3120.1,13,1,3120.6,302,6,3120.7,122,3,3120.8,47,2
2031,2026-06-16 10:10:28+05:30,3120.0,1,3135.61,829615,102568.0,196529.0,3163.0,3163.0,3115.5,3134.3,31796600,3447.7,2820.9,3839.9,2896.0,3119.8,131,2,3119.4,1,1,3119.3,19,1,3119.2,13,1,3119.1,90,2,3120.0,1173,15,3120.1,13,1,3120.6,302,6,3120.7,122,3,3120.8,47,2
2031,2026-06-16 10:10:28+05:30,3120.0,50,3135.61,829615,102568.0,196529.0,3163.0,3163.0,3115.5,3134.3,31796600,3447.7,2820.9,3839.9,2896.0,3119.8,131,2,3119.4,1,1,3119.3,19,1,3119.2,13,1,3119.1,90,2,3120.0,1173,15,3120.1,13,1,3120.6,302,6,3120.7,122,3,3120.8,47,2
2031,2026-06-16 10:10:28+05:30,3120.0,50,3135.61,829665,102504.0,196367.0,3163.0,3163.0,3115.5,3134.3,31796600,3447.7,2820.9,3839.9,2896.0,3119.8,131,2,3119.4,1,1,3119.2,13,1,3119.1,90,2,3119.0,43,2,3120.0,1205,16,3120.1,13,1,3120.6,302,6,3120.7,122,3,3120.8,47,2
2031,2026-06-16 10:10:29+05:30,3120.0,50,3135.61,829665,102504.0,196367.0,3163.0,3163.0,3115.5,3134.3,31796600,3447.7,2820.9,3839.9,2896.0,3119.8,131,2,3119.4,1,1,3119.2,13,1,3119.1,90,2,3119.0,43,2,3120.0,1205,16,3120.1,13,1,3120.6,302,6,3120.7,122,3,3120.8,47,2
2031,2026-06-16 10:10:30+05:30,3120.0,50,3135.61,829665,102511.0,196443.0,3163.0,3163.0,3115.5,3134.3,31796600,3447.7,2820.9,3839.9,2896.0,3119.8,143,3,3119.4,1,1,3119.2,13,1,3119.1,28,1,3119.0,105,3,3120.0,1269,17,3120.1,13,1,3120.6,281,5,3120.7,122,3,3120.8,47,2
2031,2026-06-16 10:10:30+05:30,3120.0,20,3135.61,829665,102511.0,196443.0,3163.0,3163.0,3115.5,3134.3,31796600,3447.7,2820.9,3839.9,2896.0,3119.8,143,3,3119.4,1,1,3119.2,13,1,3119.1,28,1,3119.0,105,3,3120.0,1269,17,3120.1,13,1,3120.6,281,5,3120.7,122,3,3120.8,47,2
2031,2026-06-16 10:10:30+05:30,3120.0,20,3135.61,829665,102511.0,196443.0,3163.0,3163.0,3115.5,3134.3,31796600,3447.7,2820.9,3839.9,2896.0,3119.8,143,3,3119.4,1,1,3119.2,13,1,3119.1,28,1,3119.0,105,3,3120.0,1269,17,3120.1,13,1,3120.6,281,5,3120.7,122,3,3120.8,47,2
2031,2026-06-16 10:10:31+05:30,3119.8,44,3135.61,829733,102735.0,195159.0,3163.0,3163.0,3115.5,3134.3,31796600,3447.7,2820.9,3839.9,2896.0,3119.8,100,4,3119.4,1,1,3119.1,28,1,3119.0,24,1,3118.9,23,1,3120.0,1450,20,3120.1,13,1,3120.5,118,3,3120.6,281,5,3120.7,87,2
2031,2026-06-16 10:10:31+05:30,3119.8,44,3135.61,829733,102735.0,195159.0,3163.0,3163.0,3115.5,3134.3,31796600,3447.7,2820.9,3839.9,2896.0,3119.8,100,4,3119.4,1,1,3119.1,28,1,3119.0,24,1,3118.9,23,1,3120.0,1450,20,3120.1,13,1,3120.5,118,3,3120.6,281,5,3120.7,87,2
2031,2026-06-16 10:10:31+05:30,3119.8,44,3135.61,829733,102735.0,195159.0,3163.0,3163.0,3115.5,3134.3,31796600,3447.7,2820.9,3839.9,2896.0,3119.8,100,4,3119.4,1,1,3119.1,28,1,3119.0,24,1,3118.9,23,1,3120.0,1450,20,3120.1,13,1,3120.5,118,3,3120.6,281,5,3120.7,87,2
2031,2026-06-16 10:10:31+05:30,3119.8,44,3135.61,829733,102735.0,195159.0,3163.0,3163.0,3115.5,3134.3,31796600,3447.7,2820.9,3839.9,2896.0,3119.8,100,4,3119.4,1,1,3119.1,28,1,3119.0,24,1,3118.9,23,1,3120.0,1450,20,3120.1,13,1,3120.5,118,3,3120.6,281,5,3120.7,87,2
2031,2026-06-16 10:10:32+05:30,3119.8,44,3135.61,829733,102735.0,195159.0,3163.0,3163.0,3115.5,3134.3,31796600,3447.7,2820.9,3839.9,2896.0,3119.8,100,4,3119.4,1,1,3119.1,28,1,3119.0,24,1,3118.9,23,1,3120.0,1450,20,3120.1,13,1,3120.5,118,3,3120.6,281,5,3120.7,87,2
2031,2026-06-16 10:10:32+05:30,3119.8,44,3135.61,829733,102801.0,197227.0,3163.0,3163.0,3115.5,3134.3,31796600,3447.7,2820.9,3839.9,2896.0,3119.8,100,4,3119.4,1,1,3119.1,47,2,3119.0,24,1,3118.9,23,1,3120.0,1523,21,3120.1,13,1,3120.5,123,4,3120.6,260,4,3120.7,62,1
2031,2026-06-16 10:10:32+05:30,3119.8,5,3135.61,829733,102801.0,197227.0,3163.0,3163.0,3115.5,3134.3,31796600,3447.7,2820.9,3839.9,2896.0,3119.8,100,4,3119.4,1,1,3119.1,47,2,3119.0,24,1,3118.9,23,1,3120.0,1523,21,3120.1,13,1,3120.5,123,4,3120.6,260,4,3120.7,62,1
2031,2026-06-16 10:10:33+05:30,3119.8,5,3135.61,829733,102801.0,197227.0,3163.0,3163.0,3115.5,3134.3,31796600,3447.7,2820.9,3839.9,2896.0,3119.8,100,4,3119.4,1,1,3119.1,47,2,3119.0,24,1,3118.9,23,1,3120.0,1523,21,3120.1,13,1,3120.5,123,4,3120.6,260,4,3120.7,62,1
2031,2026-06-16 10:10:33+05:30,3120.0,1,3135.61,829739,103166.0,197083.0,3163.0,3163.0,3115.5,3134.3,31796600,3447.7,2820.9,3839.9,2896.0,3119.8,160,6,3119.6,51,2,3119.4,48,3,3119.2,47,2,3119.1,163,1,3120.0,1529,21,3120.1,13,1,3120.5,19,1,3120.6,265,5,3120.7,62,1
2031,2026-06-16 10:10:33+05:30,3120.0,1,3135.61,829739,103166.0,197083.0,3163.0,3163.0,3115.5,3134.3,31796600,3447.7,2820.9,3839.9,2896.0,3119.8,160,6,3119.6,51,2,3119.4,48,3,3119.2,47,2,3119.1,163,1,3120.0,1529,21,3120.1,13,1,3120.5,19,1,3120.6,265,5,3120.7,62,1
2031,2026-06-16 10:10:34+05:30,3120.0,1,3135.61,829739,103166.0,197083.0,3163.0,3163.0,3115.5,3134.3,31796600,3447.7,2820.9,3839.9,2896.0,3119.8,160,6,3119.6,51,2,3119.4,48,3,3119.2,47,2,3119.1,163,1,3120.0,1529,21,3120.1,13,1,3120.5,19,1,3120.6,265,5,3120.7,62,1
2031,2026-06-16 10:10:34+05:30,3120.0,1,3135.61,829740,103194.0,197162.0,3163.0,3163.0,3115.5,3134.3,31796600,3447.7,2820.9,3839.9,2896.0,3119.8,160,6,3119.6,51,2,3119.4,48,3,3119.2,47,2,3119.0,114,3,3120.0,1579,23,3120.1,13,1,3120.5,19,1,3120.6,246,4,3120.7,62,1
2031,2026-06-16 10:10:34+05:30,3119.8,12,3135.61,829740,103194.0,197162.0,3163.0,3163.0,3115.5,3134.3,31796600,3447.7,2820.9,3839.9,2896.0,3119.8,160,6,3119.6,51,2,3119.4,48,3,3119.2,47,2,3119.0,114,3,3120.0,1579,23,3120.1,13,1,3120.5,19,1,3120.6,246,4,3120.7,62,1
2031,2026-06-16 10:10:34+05:30,3119.8,12,3135.61,829740,103194.0,197162.0,3163.0,3163.0,3115.5,3134.3,31796600,3447.7,2820.9,3839.9,2896.0,3119.8,160,6,3119.6,51,2,3119.4,48,3,3119.2,47,2,3119.0,114,3,3120.0,1579,23,3120.1,13,1,3120.5,19,1,3120.6,246,4,3120.7,62,1
2031,2026-06-16 10:10:35+05:30,3120.0,209,3135.6,829967,102699.0,197074.0,3163.0,3163.0,3115.5,3134.3,31796600,3447.7,2820.9,3839.9,2896.0,3119.8,148,6,3119.4,1,1,3118.8,28,1,3118.7,46,2,3118.6,78,3,3120.0,1443,26,3120.1,19,2,3120.2,54,2,3120.3,15,1,3120.4,75,3
2031,2026-06-16 10:10:35+05:30,3120.0,209,3135.6,829967,102699.0,197074.0,3163.0,3163.0,3115.5,3134.3,31796600,3447.7,2820.9,3839.9,2896.0,3119.8,148,6,3119.4,1,1,3118.8,28,1,3118.7,46,2,3118.6,78,3,3120.0,1443,26,3120.1,19,2,3120.2,54,2,3120.3,15,1,3120.4,75,3
2031,2026-06-16 10:10:35+05:30,3120.0,209,3135.6,829967,102699.0,197074.0,3163.0,3163.0,3115.5,3134.3,31796600,3447.7,2820.9,3839.9,2896.0,3119.8,148,6,3119.4,1,1,3118.8,28,1,3118.7,46,2,3118.6,78,3,3120.0,1443,26,3120.1,19,2,3120.2,54,2,3120.3,15,1,3120.4,75,3
2031,2026-06-16 10:10:36+05:30,3120.0,209,3135.6,829967,102699.0,197074.0,3163.0,3163.0,3115.5,3134.3,31796600,3447.7,2820.9,3839.9,2896.0,3119.8,148,6,3119.4,1,1,3118.8,28,1,3118.7,46,2,3118.6,78,3,3120.0,1443,26,3120.1,19,2,3120.2,54,2,3120.3,15,1,3120.4,75,3
2031,2026-06-16 10:10:36+05:30,3120.0,209,3135.6,829967,103304.0,197397.0,3163.0,3163.0,3115.5,3134.3,31796600,3447.7,2820.9,3839.9,2896.0,3119.8,148,6,3119.4,1,1,3118.8,28,1,3118.7,17,1,3118.6,59,2,3120.0,1415,26,3120.1,19,2,3120.2,72,3,3120.3,15,1,3120.4,129,4
2031,2026-06-16 10:10:37+05:30,3120.0,209,3135.6,829967,103304.0,197397.0,3163.0,3163.0,3115.5,3134.3,31796600,3447.7,2820.9,3839.9,2896.0,3119.8,148,6,3119.4,1,1,3118.8,28,1,3118.7,17,1,3118.6,59,2,3120.0,1415,26,3120.1,19,2,3120.2,72,3,3120.3,15,1,3120.4,129,4
2031,2026-06-16 10:10:37+05:30,3119.8,7,3135.6,829967,103304.0,197397.0,3163.0,3163.0,3115.5,3134.3,31796600,3447.7,2820.9,3839.9,2896.0,3119.8,148,6,3119.4,1,1,3118.8,28,1,3118.7,17,1,3118.6,59,2,3120.0,1415,26,3120.1,19,2,3120.2,72,3,3120.3,15,1,3120.4,129,4
2031,2026-06-16 10:10:37+05:30,3119.8,7,3135.59,830386,102941.0,197585.0,3163.0,3163.0,3115.5,3134.3,31796600,3447.7,2820.9,3839.9,2896.0,3119.8,71,4,3119.4,1,1,3118.7,17,1,3118.5,57,2,3118.3,200,3,3119.9,85,5,3120.0,1444,27,3120.1,19,2,3120.2,120,4,3120.3,15,1
2031,2026-06-16 10:10:38+05:30,3119.8,7,3135.59,830386,102941.0,197585.0,3163.0,3163.0,3115.5,3134.3,31799200,3447.7,2820.9,3839.9,2896.0,3119.8,71,4,3119.4,1,1,3118.7,17,1,3118.5,57,2,3118.3,200,3,3119.9,85,5,3120.0,1444,27,3120.1,19,2,3120.2,120,4,3120.3,15,1
2031,2026-06-16 10:10:38+05:30,3119.8,9,3135.59,830386,102941.0,197585.0,3163.0,3163.0,3115.5,3134.3,31799200,3447.7,2820.9,3839.9,2896.0,3119.8,71,4,3119.4,1,1,3118.7,17,1,3118.5,57,2,3118.3,200,3,3119.9,85,5,3120.0,1444,27,3120.1,19,2,3120.2,120,4,3120.3,15,1
2031,2026-06-16 10:10:38+05:30,3119.8,9,3135.59,830396,102714.0,197195.0,3163.0,3163.0,3115.5,3134.3,31799200,3447.7,2820.9,3839.9,2896.0,3119.8,102,5,3119.4,1,1,3118.7,17,1,3118.5,85,3,3118.4,19,1,3119.9,32,5,3120.0,1456,25,3120.1,19,2,3120.2,139,5,3120.3,36,2
2031,2026-06-16 10:10:39+05:30,3119.8,9,3135.59,830396,102806.0,197438.0,3163.0,3163.0,3115.5,3134.3,31799200,3447.7,2820.9,3839.9,2896.0,3119.8,102,5,3119.6,24,1,3119.4,1,1,3118.7,17,1,3118.6,233,3,3119.9,17,4,3120.0,1601,25,3120.1,13,1,3120.2,104,4,3120.3,50,2
2031,2026-06-16 10:10:40+05:30,3118.7,11,3135.59,830396,102806.0,197438.0,3163.0,3163.0,3115.5,3134.3,31799200,3447.7,2820.9,3839.9,2896.0,3119.8,102,5,3119.6,24,1,3119.4,1,1,3118.7,17,1,3118.6,233,3,3119.9,17,4,3120.0,1601,25,3120.1,13,1,3120.2,104,4,3120.3,50,2
2031,2026-06-16 10:10:40+05:30,3119.8,5,3135.58,831119,102584.0,197073.0,3163.0,3163.0,3115.5,3134.3,31799200,3447.7,2820.9,3839.9,2896.0,3119.8,4,1,3118.7,6,1,3118.5,63,1,3118.4,170,1,3118.3,64,2,3119.9,91,8,3120.0,1658,29,3120.1,28,2,3120.2,139,5,3120.3,15,1
2031,2026-06-16 10:10:41+05:30,3119.8,6,3135.58,831119,102584.0,197073.0,3163.0,3163.0,3115.5,3134.3,31799200,3447.7,2820.9,3839.9,2896.0,3119.8,4,1,3118.7,6,1,3118.5,63,1,3118.4,170,1,3118.3,64,2,3119.9,91,8,3120.0,1658,29,3120.1,28,2,3120.2,139,5,3120.3,15,1
2031,2026-06-16 10:10:41+05:30,3119.8,6,3135.58,831198,101988.0,196288.0,3163.0,3163.0,3115.5,3134.3,31799200,3447.7,2820.9,3839.9,2896.0,3119.8,11,2,3118.7,116,4,3118.6,36,2,3118.4,210,3,3118.3,132,5,3119.9,50,5,3120.0,1457,26,3120.1,30,2,3120.2,37,2,3120.3,50,2
2031,2026-06-16 10:10:42+05:30,3119.9,7,3135.58,831198,101988.0,196288.0,3163.0,3163.0,3115.5,3134.3,31799200,3447.7,2820.9,3839.9,2896.0,3119.8,11,2,3118.7,116,4,3118.6,36,2,3118.4,210,3,3118.3,132,5,3119.9,50,5,3120.0,1457,26,3120.1,30,2,3120.2,37,2,3120.3,50,2
2031,2026-06-16 10:10:42+05:30,3119.9,7,3135.58,831208,102227.0,196173.0,3163.0,3163.0,3115.5,3134.3,31799200,3447.7,2820.9,3839.9,2896.0,3119.8,54,3,3118.8,110,3,3118.7,89,3,3118.6,125,4,3118.5,63,1,3119.9,44,5,3120.0,1414,25,3120.1,13,1,3120.2,37,2,3120.3,35,2
2031,2026-06-16 10:10:43+05:30,3119.8,1,3135.58,831210,102182.0,196322.0,3163.0,3163.0,3115.5,3134.3,31799200,3447.7,2820.9,3839.9,2896.0,3119.8,53,3,3119.2,27,1,3119.1,6,1,3119.0,27,1,3118.9,19,1,3119.9,42,4,3120.0,1414,25,3120.1,13,1,3120.2,37,2,3120.3,20,1
2031,2026-06-16 10:10:44+05:30,3119.8,3,3135.58,831210,102182.0,196322.0,3163.0,3163.0,3115.5,3134.3,31799200,3447.7,2820.9,3839.9,2896.0,3119.8,53,3,3119.2,27,1,3119.1,6,1,3119.0,27,1,3118.9,19,1,3119.9,42,4,3120.0,1414,25,3120.1,13,1,3120.2,37,2,3120.3,20,1
2031,2026-06-16 10:10:44+05:30,3119.8,3,3135.58,831220,102174.0,195928.0,3163.0,3163.0,3115.5,3134.3,31799200,3447.7,2820.9,3839.9,2896.0,3119.8,60,3,3119.3,27,1,3119.1,44,3,3119.0,27,1,3118.8,128,4,3119.9,42,4,3120.0,1409,25,3120.1,13,1,3120.2,37,2,3120.3,20,1
2031,2026-06-16 10:10:45+05:30,3119.9,2,3135.58,831220,102174.0,195928.0,3163.0,3163.0,3115.5,3134.3,31799200,3447.7,2820.9,3839.9,2896.0,3119.8,60,3,3119.3,27,1,3119.1,44,3,3119.0,27,1,3118.8,128,4,3119.9,42,4,3120.0,1409,25,3120.1,13,1,3120.2,37,2,3120.3,20,1
2031,2026-06-16 10:10:45+05:30,3119.9,2,3135.58,831281,102434.0,195574.0,3163.0,3163.0,3115.5,3134.3,31799200,3447.7,2820.9,3839.9,2896.0,3119.8,34,3,3119.7,27,1,3119.4,27,1,3119.3,19,1,3119.2,27,1,3119.9,5,2,3120.0,1386,24,3120.1,13,1,3120.2,37,2,3120.3,20,1
2031,2026-06-16 10:10:46+05:30,3119.9,1,3135.58,831281,102434.0,195574.0,3163.0,3163.0,3115.5,3134.3,31799200,3447.7,2820.9,3839.9,2896.0,3119.8,34,3,3119.7,27,1,3119.4,27,1,3119.3,19,1,3119.2,27,1,3119.9,5,2,3120.0,1386,24,3120.1,13,1,3120.2,37,2,3120.3,20,1
2031,2026-06-16 10:10:46+05:30,3119.9,1,3135.58,831282,102385.0,196153.0,3163.0,3163.0,3115.5,3134.3,31799200,3447.7,2820.9,3839.9,2896.0,3119.8,36,4,3119.2,27,1,3119.1,28,3,3119.0,241,3,3118.9,73,2,3119.9,4,1,3120.0,1367,23,3120.1,13,1,3120.2,37,2,3120.3,20,1
2031,2026-06-16 10:10:47+05:30,3119.9,5,3135.58,831282,102385.0,196153.0,3163.0,3163.0,3115.5,3134.3,31799200,3447.7,2820.9,3839.9,2896.0,3119.8,36,4,3119.2,27,1,3119.1,28,3,3119.0,241,3,3118.9,73,2,3119.9,4,1,3120.0,1367,23,3120.1,13,1,3120.2,37,2,3120.3,20,1
2031,2026-06-16 10:10:47+05:30,3119.9,5,3135.58,831287,102204.0,196080.0,3163.0,3163.0,3115.5,3134.3,31799200,3447.7,2820.9,3839.9,2896.0,3119.8,36,4,3119.3,27,1,3119.1,28,3,3119.0,74,2,3118.9,259,4,3119.9,4,1,3120.0,1487,24,3120.1,13,1,3120.2,37,2,3120.3,20,1
2031,2026-06-16 10:10:49+05:30,3119.9,5,3135.58,831287,102233.0,196138.0,3163.0,3163.0,3115.5,3134.3,31799200,3447.7,2820.9,3839.9,2896.0,3119.8,36,4,3119.6,24,1,3119.1,28,3,3119.0,74,2,3118.9,259,4,3119.9,30,2,3120.0,1512,25,3120.1,13,1,3120.2,37,2,3120.3,20,1
2031,2026-06-16 10:10:49+05:30,3119.9,1,3135.58,831287,102233.0,196138.0,3163.0,3163.0,3115.5,3134.3,31799200,3447.7,2820.9,3839.9,2896.0,3119.8,36,4,3119.6,24,1,3119.1,28,3,3119.0,74,2,3118.9,259,4,3119.9,30,2,3120.0,1512,25,3120.1,13,1,3120.2,37,2,3120.3,20,1
2031,2026-06-16 10:10:50+05:30,3119.9,1,3135.58,831289,102192.0,196341.0,3163.0,3163.0,3115.5,3134.3,31799200,3447.7,2820.9,3839.9,2896.0,3119.8,36,4,3119.6,24,1,3119.1,28,3,3119.0,74,2,3118.9,92,3,3119.9,28,2,3120.0,1512,25,3120.1,13,1,3120.2,37,2,3120.3,20,1
2031,2026-06-16 10:10:50+05:30,3119.9,11,3135.58,831289,102192.0,196341.0,3163.0,3163.0,3115.5,3134.3,31799200,3447.7,2820.9,3839.9,2896.0,3119.8,36,4,3119.6,24,1,3119.1,28,3,3119.0,74,2,3118.9,92,3,3119.9,28,2,3120.0,1512,25,3120.1,13,1,3120.2,37,2,3120.3,20,1
2031,2026-06-16 10:10:51+05:30,3119.8,5,3135.57,831357,102184.0,196125.0,3163.0,3163.0,3115.5,3134.3,31799200,3447.7,2820.9,3839.9,2896.0,3119.8,107,4,3119.6,24,1,3118.9,27,1,3118.8,187,2,3118.7,144,5,3119.9,5,2,3120.0,1464,24,3120.1,13,1,3120.2,37,2,3120.3,74,2
2031,2026-06-16 10:10:51+05:30,3119.8,5,3135.57,831357,102184.0,196125.0,3163.0,3163.0,3115.5,3134.3,31799200,3447.7,2820.9,3839.9,2896.0,3119.8,107,4,3119.6,24,1,3118.9,27,1,3118.8,187,2,3118.7,144,5,3119.9,5,2,3120.0,1464,24,3120.1,13,1,3120.2,37,2,3120.3,74,2
2031,2026-06-16 10:10:52+05:30,3119.8,5,3135.57,831357,102184.0,196100.0,3163.0,3163.0,3115.5,3134.3,31799200,3447.7,2820.9,3839.9,2896.0,3119.8,107,4,3119.6,24,1,3118.9,27,1,3118.8,187,2,3118.7,144,5,3119.9,6,3,3120.0,1464,24,3120.1,13,1,3120.2,37,2,3120.3,74,2
2031,2026-06-16 10:10:52+05:30,3119.9,94,3135.57,831357,102184.0,196100.0,3163.0,3163.0,3115.5,3134.3,31799200,3447.7,2820.9,3839.9,2896.0,3119.8,107,4,3119.6,24,1,3118.9,27,1,3118.8,187,2,3118.7,144,5,3119.9,6,3,3120.0,1464,24,3120.1,13,1,3120.2,37,2,3120.3,74,2
2031,2026-06-16 10:10:53+05:30,3120.0,11,3135.57,831692,102654.0,196381.0,3163.0,3163.0,3115.5,3134.3,31799200,3447.7,2820.9,3839.9,2896.0,3119.9,1,1,3119.8,107,4,3118.9,46,2,3118.8,249,3,3118.7,82,4,3120.0,1751,24,3120.1,13,1,3120.2,37,2,3120.3,20,1,3120.4,52,2
2031,2026-06-16 10:10:53+05:30,3120.0,1,3135.57,831692,102654.0,196381.0,3163.0,3163.0,3115.5,3134.3,31799200,3447.7,2820.9,3839.9,2896.0,3119.9,1,1,3119.8,107,4,3118.9,46,2,3118.8,249,3,3118.7,82,4,3120.0,1751,24,3120.1,13,1,3120.2,37,2,3120.3,20,1,3120.4,52,2
2031,2026-06-16 10:10:54+05:30,3120.0,1,3135.57,831694,102836.0,196715.0,3163.0,3163.0,3115.5,3134.3,31799200,3447.7,2820.9,3839.9,2896.0,3119.9,38,2,3119.8,122,5,3119.0,27,1,3118.9,19,1,3118.8,276,4,3120.0,1879,25,3120.1,13,1,3120.2,37,2,3120.3,20,1,3120.4,17,1
2031,2026-06-16 10:10:54+05:30,3120.0,1,3135.57,831694,102836.0,196715.0,3163.0,3163.0,3115.5,3134.3,31799200,3447.7,2820.9,3839.9,2896.0,3119.9,38,2,3119.8,122,5,3119.0,27,1,3118.9,19,1,3118.8,276,4,3120.0,1879,25,3120.1,13,1,3120.2,37,2,3120.3,20,1,3120.4,17,1
2031,2026-06-16 10:10:55+05:30,3119.8,8,3135.56,831895,102287.0,196848.0,3163.0,3163.0,3115.5,3134.3,31799200,3447.7,2820.9,3839.9,2896.0,3119.8,24,4,3118.8,157,1,3118.7,82,4,3118.6,36,2,3118.5,66,2,3120.0,2222,27,3120.1,57,3,3120.2,73,4,3120.3,75,3,3120.4,53,2
2031,2026-06-16 10:10:55+05:30,3120.0,1,3135.56,831895,102287.0,196848.0,3163.0,3163.0,3115.5,3134.3,31799200,3447.7,2820.9,3839.9,2896.0,3119.8,24,4,3118.8,157,1,3118.7,82,4,3118.6,36,2,3118.5,66,2,3120.0,2222,27,3120.1,57,3,3120.2,73,4,3120.3,75,3,3120.4,53,2
2031,2026-06-16 10:10:56+05:30,3120.0,1,3135.56,831902,102416.0,196951.0,3163.0,3163.0,3115.5,3134.3,31799200,3447.7,2820.9,3839.9,2896.0,3119.8,23,3,3118.8,157,1,3118.7,82,4,3118.6,36,2,3118.5,66,2,3120.0,2318,27,3120.1,77,4,3120.2,73,4,3120.3,55,2,3120.4,53,2
2031,2026-06-16 10:10:56+05:30,3120.0,1,3135.56,831902,102416.0,196951.0,3163.0,3163.0,3115.5,3134.3,31799200,3447.7,2820.9,3839.9,2896.0,3119.8,23,3,3118.8,157,1,3118.7,82,4,3118.6,36,2,3118.5,66,2,3120.0,2318,27,3120.1,77,4,3120.2,73,4,3120.3,55,2,3120.4,53,2
2031,2026-06-16 10:10:57+05:30,3120.0,1,3135.56,831905,102394.0,195265.0,3163.0,3163.0,3115.5,3134.3,31799200,3447.7,2820.9,3839.9,2896.0,3119.8,23,3,3118.7,55,3,3118.6,176,2,3118.5,128,3,3118.4,109,4,3120.0,2421,29,3120.1,42,3,3120.2,108,5,3120.3,55,2,3120.4,72,3
2031,2026-06-16 10:10:58+05:30,3119.6,23,3135.56,832053,102278.0,196877.0,3163.0,3163.0,3115.5,3134.3,31799200,3447.7,2820.9,3839.9,2896.0,3119.6,23,1,3118.7,82,4,3118.6,17,1,3118.5,66,2,3118.4,268,4,3120.0,2477,30,3120.1,59,4,3120.2,91,4,3120.3,55,2,3120.4,72,3
2031,2026-06-16 10:10:58+05:30,3119.6,23,3135.56,832053,102278.0,196877.0,3163.0,3163.0,3115.5,3134.3,31799200,3447.7,2820.9,3839.9,2896.0,3119.6,23,1,3118.7,82,4,3118.6,17,1,3118.5,66,2,3118.4,268,4,3120.0,2477,30,3120.1,59,4,3120.2,91,4,3120.3,55,2,3120.4,72,3
2031,2026-06-16 10:10:59+05:30,3119.8,41,3135.56,832094,102501.0,197352.0,3163.0,3163.0,3115.5,3134.3,31799200,3447.7,2820.9,3839.9,2896.0,3119.8,9,1,3119.6,2,1,3118.8,171,1,3118.7,55,3,3118.6,59,3,3120.0,2264,28,3120.1,42,3,3120.2,108,5,3120.3,77,3,3120.4,72,3
2031,2026-06-16 10:10:59+05:30,3119.8,41,3135.56,832094,102501.0,197352.0,3163.0,3163.0,3115.5,3134.3,31799200,3447.7,2820.9,3839.9,2896.0,3119.8,9,1,3119.6,2,1,3118.8,171,1,3118.7,55,3,3118.6,59,3,3120.0,2264,28,3120.1,42,3,3120.2,108,5,3120.3,77,3,3120.4,72,3
2031,2026-06-16 10:11:00+05:30,3120.0,1,3135.56,832096,102543.0,196806.0,3163.0,3163.0,3115.5,3134.3,31799200,3447.7,2820.9,3839.9,2896.0,3119.8,20,3,3119.6,2,1,3118.9,6,1,3118.8,19,1,3118.7,55,3,3120.0,2375,29,3120.1,42,3,3120.2,56,3,3120.3,109,4,3120.4,19,1
2031,2026-06-16 10:11:00+05:30,3120.0,1,3135.56,832096,102543.0,196806.0,3163.0,3163.0,3115.5,3134.3,31799200,3447.7,2820.9,3839.9,2896.0,3119.8,20,3,3119.6,2,1,3118.9,6,1,3118.8,19,1,3118.7,55,3,3120.0,2375,29,3120.1,42,3,3120.2,56,3,3120.3,109,4,3120.4,19,1
2031,2026-06-16 10:11:01+05:30,3119.2,200,3135.55,832496,102212.0,194780.0,3163.0,3163.0,3115.5,3134.3,31799200,3447.7,2820.9,3839.9,2896.0,3119.2,14,1,3119.1,63,3,3119.0,40,3,3118.9,19,1,3118.8,84,3,3120.0,2033,28,3120.1,33,2,3120.2,37,2,3120.3,31,1,3120.4,21,1
2031,2026-06-16 10:11:01+05:30,3119.2,200,3135.55,832496,102212.0,194780.0,3163.0,3163.0,3115.5,3134.3,31799200,3447.7,2820.9,3839.9,2896.0,3119.2,14,1,3119.1,63,3,3119.0,40,3,3118.9,19,1,3118.8,84,3,3120.0,2033,28,3120.1,33,2,3120.2,37,2,3120.3,31,1,3120.4,21,1
2031,2026-06-16 10:11:02+05:30,3119.2,200,3135.55,832496,102736.0,194793.0,3163.0,3163.0,3115.5,3134.3,31799200,3447.7,2820.9,3839.9,2896.0,3119.9,1,1,3119.8,5,1,3119.2,41,3,3119.1,2,1,3119.0,67,2,3120.0,2107,28,3120.1,33,2,3120.2,37,2,3120.3,17,1,3120.4,35,1
2031,2026-06-16 10:11:02+05:30,3119.8,39,3135.55,832496,102736.0,194793.0,3163.0,3163.0,3115.5,3134.3,31799200,3447.7,2820.9,3839.9,2896.0,3119.9,1,1,3119.8,5,1,3119.2,41,3,3119.1,2,1,3119.0,67,2,3120.0,2107,28,3120.1,33,2,3120.2,37,2,3120.3,17,1,3120.4,35,1
2031,2026-06-16 10:11:03+05:30,3119.8,39,3135.55,832805,102968.0,196169.0,3163.0,3163.0,3115.5,3134.3,31799200,3447.7,2820.9,3839.9,2896.0,3119.9,37,1,3119.8,5,1,3119.2,41,3,3119.1,2,1,3119.0,67,2,3120.0,1747,26,3120.1,33,2,3120.2,37,2,3120.4,35,1,3120.5,17,1
2031,2026-06-16 10:11:04+05:30,3119.8,39,3135.55,832805,102990.0,196223.0,3163.0,3163.0,3115.5,3134.3,31799200,3447.7,2820.9,3839.9,2896.0,3119.9,37,1,3119.8,5,1,3119.2,41,3,3119.1,2,1,3119.0,67,2,3120.0,1792,27,3120.1,33,2,3120.2,37,2,3120.3,17,1,3120.4,35,1
2031,2026-06-16 10:11:05+05:30,3119.9,8,3135.55,832814,103065.0,196274.0,3163.0,3163.0,3115.5,3134.3,31799200,3447.7,2820.9,3839.9,2896.0,3119.9,29,1,3119.8,5,1,3119.2,41,3,3119.1,2,1,3119.0,67,2,3120.0,1791,27,3120.1,33,2,3120.2,37,2,3120.3,36,2,3120.4,35,1
2031,2026-06-16 10:11:05+05:30,3120.0,20,3135.55,832814,103065.0,196274.0,3163.0,3163.0,3115.5,3134.3,31799200,3447.7,2820.9,3839.9,2896.0,3119.9,29,1,3119.8,5,1,3119.2,41,3,3119.1,2,1,3119.0,67,2,3120.0,1791,27,3120.1,33,2,3120.2,37,2,3120.3,36,2,3120.4,35,1
2031,2026-06-16 10:11:06+05:30,3120.0,1,3135.55,832835,103146.0,196394.0,3163.0,3163.0,3115.5,3134.3,31799200,3447.7,2820.9,3839.9,2896.0,3119.9,126,3,3119.8,5,1,3119.2,41,3,3119.1,2,1,3119.0,230,3,3120.0,1770,27,3120.1,33,2,3120.2,37,2,3120.4,60,1,3120.6,277,5
2031,2026-06-16 10:11:06+05:30,3120.0,1,3135.55,832835,103146.0,196394.0,3163.0,3163.0,3115.5,3134.3,31799200,3447.7,2820.9,3839.9,2896.0,3119.9,126,3,3119.8,5,1,3119.2,41,3,3119.1,2,1,3119.0,230,3,3120.0,1770,27,3120.1,33,2,3120.2,37,2,3120.4,60,1,3120.6,277,5
2031,2026-06-16 10:11:07+05:30,3120.1,13,3135.45,838085,104669.0,192607.0,3163.0,3163.0,3115.5,3134.3,31799200,3447.7,2820.9,3839.9,2896.0,3120.1,13,4,3120.0,50,4,3119.9,156,5,3119.8,69,4,3119.7,21,2,3120.4,24,1,3120.6,200,1,3121.0,44,3,3121.2,21,1,3121.3,22,2
2031,2026-06-16 10:11:07+05:30,3120.1,3,3135.45,838085,104669.0,192607.0,3163.0,3163.0,3115.5,3134.3,31799200,3447.7,2820.9,3839.9,2896.0,3120.1,13,4,3120.0,50,4,3119.9,156,5,3119.8,69,4,3119.7,21,2,3120.4,24,1,3120.6,200,1,3121.0,44,3,3121.2,21,1,3121.3,22,2
2031,2026-06-16 10:11:08+05:30,3120.1,3,3135.44,838538,105092.0,192812.0,3163.0,3163.0,3115.5,3134.3,31799200,3447.7,2820.9,3839.9,2896.0,3120.2,3,1,3120.1,163,4,3120.0,51,4,3119.9,181,7,3119.8,106,4,3120.4,50,2,3120.6,43,1,3121.0,23,2,3121.2,21,1,3121.3,22,2
2031,2026-06-16 10:11:09+05:30,3120.1,82,3135.43,838946,104821.0,193216.0,3163.0,3163.0,3115.5,3134.3,31799200,3447.7,2820.9,3839.9,2896.0,3120.3,240,1,3120.1,36,2,3120.0,22,2,3119.9,201,8,3119.8,112,5,3120.4,97,5,3120.6,43,1,3121.0,23,2,3121.2,21,1,3121.3,36,3
2031,2026-06-16 10:11:09+05:30,3120.1,82,3135.43,838946,104821.0,193216.0,3163.0,3163.0,3115.5,3134.3,31799200,3447.7,2820.9,3839.9,2896.0,3120.3,240,1,3120.1,36,2,3120.0,22,2,3119.9,201,8,3119.8,112,5,3120.4,97,5,3120.6,43,1,3121.0,23,2,3121.2,21,1,3121.3,36,3
2031,2026-06-16 10:11:10+05:30,3120.4,1,3135.43,838955,104927.0,193024.0,3163.0,3163.0,3115.5,3134.3,31799200,3447.7,2820.9,3839.9,2896.0,3120.3,246,2,3120.2,32,2,3120.1,28,2,3120.0,116,4,3119.9,195,7,3120.4,115,6,3120.6,43,1,3121.0,23,2,3121.3,36,3,3121.4,116,3
2031,2026-06-16 10:11:10+05:30,3121.0,5,3135.43,838955,104927.0,193024.0,3163.0,3163.0,3115.5,3134.3,31799200,3447.7,2820.9,3839.9,2896.0,3120.3,246,2,3120.2,32,2,3120.1,28,2,3120.0,116,4,3119.9,195,7,3120.4,115,6,3120.6,43,1,3121.0,23,2,3121.3,36,3,3121.4,116,3
2031,2026-06-16 10:11:11+05:30,3120.3,132,3135.43,839404,103928.0,191175.0,3163.0,3163.0,3115.5,3134.3,31799200,3447.7,2820.9,3839.9,2896.0,3120.3,114,2,3120.2,5,1,3120.1,9,1,3120.0,92,3,3119.9,223,7,3121.1,14,1,3121.2,98,4,3121.3,41,3,3121.4,53,2,3121.5,123,3
2031,2026-06-16 10:11:11+05:30,3120.3,6,3135.43,839404,103928.0,191175.0,3163.0,3163.0,3115.5,3134.3,31799200,3447.7,2820.9,3839.9,2896.0,3120.3,114,2,3120.2,5,1,3120.1,9,1,3120.0,92,3,3119.9,223,7,3121.1,14,1,3121.2,98,4,3121.3,41,3,3121.4,53,2,3121.5,123,3
2031,2026-06-16 10:11:12+05:30,3120.9,1,3135.42,839608,105635.0,193376.0,3163.0,3163.0,3115.5,3134.3,31799200,3447.7,2820.9,3839.9,2896.0,3120.3,8,1,3120.2,29,2,3120.1,9,1,3120.0,3,1,3119.9,150,5,3120.9,62,3,3121.0,39,2,3121.1,245,4,3121.2,177,5,3121.3,121,5
2031,2026-06-16 10:11:12+05:30,3120.3,60,3135.42,839608,105635.0,193376.0,3163.0,3163.0,3115.5,3134.3,31799200,3447.7,2820.9,3839.9,2896.0,3120.3,8,1,3120.2,29,2,3120.1,9,1,3120.0,3,1,3119.9,150,5,3120.9,62,3,3121.0,39,2,3121.1,245,4,3121.2,177,5,3121.3,121,5
2031,2026-06-16 10:11:13+05:30,3120.4,15,3135.42,839894,105014.0,194009.0,3163.0,3163.0,3115.5,3134.3,31799200,3447.7,2820.9,3839.9,2896.0,3120.4,9,1,3120.3,14,1,3120.2,5,1,3120.1,9,1,3120.0,3,1,3120.5,39,1,3120.8,130,4,3120.9,254,5,3121.0,74,3,3121.1,35,2
2031,2026-06-16 10:11:13+05:30,3120.4,15,3135.42,839894,105014.0,194009.0,3163.0,3163.0,3115.5,3134.3,31799200,3447.7,2820.9,3839.9,2896.0,3120.4,9,1,3120.3,14,1,3120.2,5,1,3120.1,9,1,3120.0,3,1,3120.5,39,1,3120.8,130,4,3120.9,254,5,3121.0,74,3,3121.1,35,2
2031,2026-06-16 10:11:14+05:30,3120.4,31,3135.42,839934,105726.0,192963.0,3163.0,3163.0,3115.5,3134.3,31799200,3447.7,2820.9,3839.9,2896.0,3120.4,37,2,3120.3,14,1,3120.2,5,1,3120.1,9,1,3120.0,3,1,3120.5,44,2,3120.8,96,2,3120.9,54,4,3121.0,55,2,3121.1,214,2
2031,2026-06-16 10:11:14+05:30,3120.4,13,3135.42,839934,105726.0,192963.0,3163.0,3163.0,3115.5,3134.3,31799200,3447.7,2820.9,3839.9,2896.0,3120.4,37,2,3120.3,14,1,3120.2,5,1,3120.1,9,1,3120.0,3,1,3120.5,44,2,3120.8,96,2,3120.9,54,4,3121.0,55,2,3121.1,214,2
2031,2026-06-16 10:11:15+05:30,3120.4,10,3135.42,839981,105455.0,193924.0,3163.0,3163.0,3115.5,3134.3,31799200,3447.7,2820.9,3839.9,2896.0,3120.3,15,2,3120.1,9,1,3120.0,3,1,3119.9,55,4,3119.6,6,1,3120.4,15,1,3120.5,97,5,3120.7,19,1,3120.8,96,2,3120.9,241,4
2031,2026-06-16 10:11:15+05:30,3120.4,1,3135.42,839981,105455.0,193924.0,3163.0,3163.0,3115.5,3134.3,31799200,3447.7,2820.9,3839.9,2896.0,3120.3,15,2,3120.1,9,1,3120.0,3,1,3119.9,55,4,3119.6,6,1,3120.4,15,1,3120.5,97,5,3120.7,19,1,3120.8,96,2,3120.9,241,4
2031,2026-06-16 10:11:16+05:30,3120.4,1,3135.41,840073,105802.0,193661.0,3163.0,3163.0,3115.5,3134.3,31799200,3447.7,2820.9,3839.9,2896.0,3120.4,82,1,3120.3,25,1,3120.1,9,1,3120.0,3,1,3119.9,55,4,3120.5,83,4,3120.6,34,1,3120.8,96,2,3120.9,9,1,3121.0,253,3
2031,2026-06-16 10:11:16+05:30,3120.4,13,3135.41,840073,105802.0,193661.0,3163.0,3163.0,3115.5,3134.3,31799200,3447.7,2820.9,3839.9,2896.0,3120.4,82,1,3120.3,25,1,3120.1,9,1,3120.0,3,1,3119.9,55,4,3120.5,83,4,3120.6,34,1,3120.8,96,2,3120.9,9,1,3121.0,253,3
2031,2026-06-16 10:11:17+05:30,3120.4,13,3135.41,840086,105814.0,193549.0,3163.0,3163.0,3115.5,3134.3,31799200,3447.7,2820.9,3839.9,2896.0,3120.4,69,1,3120.3,25,1,3120.1,9,1,3120.0,35,2,3119.9,55,4,3120.5,116,5,3120.6,34,1,3120.8,96,2,3120.9,9,1,3121.0,253,3
2031,2026-06-16 10:11:18+05:30,3120.4,13,3135.41,840086,105663.0,193921.0,3163.0,3163.0,3115.5,3134.3,31799200,3447.7,2820.9,3839.9,2896.0,3120.4,69,1,3120.3,25,1,3120.2,24,1,3120.1,9,1,3120.0,35,2,3120.5,116,5,3120.6,34,1,3120.8,96,2,3120.9,9,1,3121.0,271,4
2031,2026-06-16 10:11:18+05:30,3120.5,1,3135.41,840086,105663.0,193921.0,3163.0,3163.0,3115.5,3134.3,31799200,3447.7,2820.9,3839.9,2896.0,3120.4,69,1,3120.3,25,1,3120.2,24,1,3120.1,9,1,3120.0,35,2,3120.5,116,5,3120.6,34,1,3120.8,96,2,3120.9,9,1,3121.0,271,4
2031,2026-06-16 10:11:19+05:30,3120.5,1,3135.41,840131,105650.0,191610.0,3163.0,3163.0,3115.5,3134.3,31799200,3447.7,2820.9,3839.9,2896.0,3120.3,25,1,3120.2,24,1,3120.1,9,1,3120.0,35,2,3119.9,55,4,3120.5,83,5,3120.6,34,1,3120.8,96,2,3120.9,9,1,3121.0,271,4
2031,2026-06-16 10:11:19+05:30,3120.5,1,3135.41,840131,105650.0,191610.0,3163.0,3163.0,3115.5,3134.3,31799200,3447.7,2820.9,3839.9,2896.0,3120.3,25,1,3120.2,24,1,3120.1,9,1,3120.0,35,2,3119.9,55,4,3120.5,83,5,3120.6,34,1,3120.8,96,2,3120.9,9,1,3121.0,271,4
2031,2026-06-16 10:11:20+05:30,3120.5,4,3135.41,840218,105559.0,193235.0,3163.0,3163.0,3115.5,3134.3,31799200,3447.7,2820.9,3839.9,2896.0,3120.3,25,1,3120.2,24,1,3120.1,9,1,3120.0,35,2,3119.9,55,4,3120.5,16,3,3120.6,34,1,3120.8,96,2,3120.9,9,1,3121.0,271,4
2031,2026-06-16 10:11:20+05:30,3120.5,4,3135.41,840218,105559.0,193235.0,3163.0,3163.0,3115.5,3134.3,31799200,3447.7,2820.9,3839.9,2896.0,3120.3,25,1,3120.2,24,1,3120.1,9,1,3120.0,35,2,3119.9,55,4,3120.5,16,3,3120.6,34,1,3120.8,96,2,3120.9,9,1,3121.0,271,4
2031,2026-06-16 10:11:20+05:30,3120.5,4,3135.41,840218,105559.0,193235.0,3163.0,3163.0,3115.5,3134.3,31799200,3447.7,2820.9,3839.9,2896.0,3120.3,25,1,3120.2,24,1,3120.1,9,1,3120.0,35,2,3119.9,55,4,3120.5,16,3,3120.6,34,1,3120.8,96,2,3120.9,9,1,3121.0,271,4
2031,2026-06-16 10:11:21+05:30,3120.5,1,3135.41,840419,105581.0,193671.0,3163.0,3163.0,3115.5,3134.3,31799200,3447.7,2820.9,3839.9,2896.0,3120.3,9,1,3120.2,24,1,3120.0,35,2,3119.9,55,4,3119.6,6,1,3120.5,57,4,3120.8,96,2,3120.9,9,1,3121.0,276,4,3121.1,100,3
2031,2026-06-16 10:11:21+05:30,3120.5,1,3135.41,840419,105581.0,193671.0,3163.0,3163.0,3115.5,3134.3,31799200,3447.7,2820.9,3839.9,2896.0,3120.3,9,1,3120.2,24,1,3120.0,35,2,3119.9,55,4,3119.6,6,1,3120.5,57,4,3120.8,96,2,3120.9,9,1,3121.0,276,4,3121.1,100,3
2031,2026-06-16 10:11:22+05:30,3120.5,1,3135.41,840419,105581.0,193671.0,3163.0,3163.0,3115.5,3134.3,31799200,3447.7,2820.9,3839.9,2896.0,3120.3,9,1,3120.2,24,1,3120.0,35,2,3119.9,55,4,3119.6,6,1,3120.5,57,4,3120.8,96,2,3120.9,9,1,3121.0,276,4,3121.1,100,3
2031,2026-06-16 10:11:22+05:30,3120.3,86,3135.38,842025,105782.0,191731.0,3163.0,3163.0,3115.5,3134.3,31799200,3447.7,2820.9,3839.9,2896.0,3120.2,67,4,3120.1,120,3,3120.0,150,8,3119.9,105,6,3119.8,81,4,3121.0,200,1,3121.7,49,1,3121.8,81,2,3121.9,105,4,3122.0,103,3
2031,2026-06-16 10:11:22+05:30,3120.3,86,3135.38,842025,105782.0,191731.0,3163.0,3163.0,3115.5,3134.3,31799200,3447.7,2820.9,3839.9,2896.0,3120.2,67,4,3120.1,120,3,3120.0,150,8,3119.9,105,6,3119.8,81,4,3121.0,200,1,3121.7,49,1,3121.8,81,2,3121.9,105,4,3122.0,103,3
2031,2026-06-16 10:11:23+05:30,3119.9,2,3135.37,842582,103016.0,196161.0,3163.0,3163.0,3115.5,3134.3,31799200,3447.7,2820.9,3839.9,2896.0,3119.0,26,2,3118.9,23,2,3118.3,1,1,3118.1,210,2,3118.0,287,5,3119.8,200,1,3119.9,318,5,3120.0,245,3,3120.1,234,3,3120.2,139,4
2031,2026-06-16 10:11:23+05:30,3119.9,2,3135.37,842582,103016.0,196161.0,3163.0,3163.0,3115.5,3134.3,31799200,3447.7,2820.9,3839.9,2896.0,3119.0,26,2,3118.9,23,2,3118.3,1,1,3118.1,210,2,3118.0,287,5,3119.8,200,1,3119.9,318,5,3120.0,245,3,3120.1,234,3,3120.2,139,4
2031,2026-06-16 10:11:24+05:30,3119.9,2,3135.37,842582,103016.0,196161.0,3163.0,3163.0,3115.5,3134.3,31799200,3447.7,2820.9,3839.9,2896.0,3119.0,26,2,3118.9,23,2,3118.3,1,1,3118.1,210,2,3118.0,287,5,3119.8,200,1,3119.9,318,5,3120.0,245,3,3120.1,234,3,3120.2,139,4
2031,2026-06-16 10:11:24+05:30,3119.3,50,3135.37,842632,103044.0,196965.0,3163.0,3163.0,3115.5,3134.3,31799200,3447.7,2820.9,3839.9,2896.0,3119.0,26,2,3118.9,23,2,3118.3,1,1,3118.1,189,1,3118.0,302,6,3119.3,199,3,3119.4,19,1,3119.6,37,2,3119.7,94,2,3119.8,284,4
2031,2026-06-16 10:11:24+05:30,3119.3,50,3135.37,842632,103044.0,196965.0,3163.0,3163.0,3115.5,3134.3,31799200,3447.7,2820.9,3839.9,2896.0,3119.0,26,2,3118.9,23,2,3118.3,1,1,3118.1,189,1,3118.0,302,6,3119.3,199,3,3119.4,19,1,3119.6,37,2,3119.7,94,2,3119.8,284,4
2031,2026-06-16 10:11:25+05:30,3119.0,10,3135.37,842692,103213.0,195978.0,3163.0,3163.0,3115.5,3134.3,31799200,3447.7,2820.9,3839.9,2896.0,3119.0,103,4,3118.9,23,2,3118.3,61,2,3118.1,208,2,3118.0,344,7,3119.3,115,2,3119.6,34,1,3119.8,275,3,3119.9,307,3,3120.0,465,6
2031,2026-06-16 10:11:25+05:30,3119.0,10,3135.37,842692,103213.0,195978.0,3163.0,3163.0,3115.5,3134.3,31799200,3447.7,2820.9,3839.9,2896.0,3119.0,103,4,3118.9,23,2,3118.3,61,2,3118.1,208,2,3118.0,344,7,3119.3,115,2,3119.6,34,1,3119.8,275,3,3119.9,307,3,3120.0,465,6
2031,2026-06-16 10:11:25+05:30,3119.0,10,3135.37,842692,103213.0,195978.0,3163.0,3163.0,3115.5,3134.3,31799200,3447.7,2820.9,3839.9,2896.0,3119.0,103,4,3118.9,23,2,3118.3,61,2,3118.1,208,2,3118.0,344,7,3119.3,115,2,3119.6,34,1,3119.8,275,3,3119.9,307,3,3120.0,465,6
2031,2026-06-16 10:11:26+05:30,3119.1,1,3135.37,842692,103213.0,195978.0,3163.0,3163.0,3115.5,3134.3,31799200,3447.7,2820.9,3839.9,2896.0,3119.0,103,4,3118.9,23,2,3118.3,61,2,3118.1,208,2,3118.0,344,7,3119.3,115,2,3119.6,34,1,3119.8,275,3,3119.9,307,3,3120.0,465,6
2031,2026-06-16 10:11:26+05:30,3119.1,1,3135.36,842904,102874.0,196043.0,3163.0,3163.0,3115.5,3134.3,31799200,3447.7,2820.9,3839.9,2896.0,3119.0,3,2,3118.9,23,2,3118.6,154,1,3118.5,66,2,3118.4,62,3,3119.1,97,2,3119.3,2,1,3119.8,241,2,3119.9,198,1,3120.0,420,5
2031,2026-06-16 10:11:27+05:30,3119.0,36,3135.36,842904,102874.0,196043.0,3163.0,3163.0,3115.5,3134.3,31799200,3447.7,2820.9,3839.9,2896.0,3119.0,3,2,3118.9,23,2,3118.6,154,1,3118.5,66,2,3118.4,62,3,3119.1,97,2,3119.3,2,1,3119.8,241,2,3119.9,198,1,3120.0,420,5
2031,2026-06-16 10:11:27+05:30,3119.0,36,3135.36,842992,103088.0,196171.0,3163.0,3163.0,3115.5,3134.3,31799200,3447.7,2820.9,3839.9,2896.0,3119.0,27,3,3118.9,10,1,3118.5,28,1,3118.4,62,3,3118.3,61,2,3119.1,9,1,3119.3,2,1,3119.8,200,1,3119.9,198,1,3120.0,441,6
2031,2026-06-16 10:11:28+05:30,3119.0,36,3135.36,842992,103088.0,196171.0,3163.0,3163.0,3115.5,3134.3,31799200,3447.7,2820.9,3839.9,2896.0,3119.0,27,3,3118.9,10,1,3118.5,28,1,3118.4,62,3,3118.3,61,2,3119.1,9,1,3119.3,2,1,3119.8,200,1,3119.9,198,1,3120.0,441,6
2031,2026-06-16 10:11:28+05:30,3119.1,4,3135.36,842992,103088.0,196171.0,3163.0,3163.0,3115.5,3134.3,31799200,3447.7,2820.9,3839.9,2896.0,3119.0,27,3,3118.9,10,1,3118.5,28,1,3118.4,62,3,3118.3,61,2,3119.1,9,1,3119.3,2,1,3119.8,200,1,3119.9,198,1,3120.0,441,6
2031,2026-06-16 10:11:28+05:30,3119.1,4,3135.36,842996,103083.0,196462.0,3163.0,3163.0,3115.5,3134.3,31799200,3447.7,2820.9,3839.9,2896.0,3119.0,27,3,3118.9,10,1,3118.8,25,1,3118.5,88,2,3118.4,20,2,3119.1,23,2,3119.3,2,1,3119.6,200,1,3119.9,198,1,3120.0,422,5
2031,2026-06-16 10:11:29+05:30,3119.1,4,3135.36,842996,103083.0,196462.0,3163.0,3163.0,3115.5,3134.3,31799200,3447.7,2820.9,3839.9,2896.0,3119.0,27,3,3118.9,10,1,3118.8,25,1,3118.5,88,2,3118.4,20,2,3119.1,23,2,3119.3,2,1,3119.6,200,1,3119.9,198,1,3120.0,422,5
2031,2026-06-16 10:11:29+05:30,3119.0,17,3135.36,842996,103083.0,196462.0,3163.0,3163.0,3115.5,3134.3,31799200,3447.7,2820.9,3839.9,2896.0,3119.0,27,3,3118.9,10,1,3118.8,25,1,3118.5,88,2,3118.4,20,2,3119.1,23,2,3119.3,2,1,3119.6,200,1,3119.9,198,1,3120.0,422,5
2031,2026-06-16 10:11:29+05:30,3119.0,17,3135.36,843042,103165.0,194639.0,3163.0,3163.0,3115.5,3134.3,31799200,3447.7,2820.9,3839.9,2896.0,3119.0,30,1,3118.9,10,1,3118.8,25,1,3118.5,60,1,3118.4,20,2,3119.1,3,1,3119.3,2,1,3119.5,34,1,3119.6,200,1,3119.8,34,1
2031,2026-06-16 10:11:30+05:30,3119.1,80,3135.36,843042,103165.0,194639.0,3163.0,3163.0,3115.5,3134.3,31799200,3447.7,2820.9,3839.9,2896.0,3119.0,30,1,3118.9,10,1,3118.8,25,1,3118.5,60,1,3118.4,20,2,3119.1,3,1,3119.3,2,1,3119.5,34,1,3119.6,200,1,3119.8,34,1
2031,2026-06-16 10:11:30+05:30,3119.1,80,3135.36,843042,103165.0,194639.0,3163.0,3163.0,3115.5,3134.3,31799200,3447.7,2820.9,3839.9,2896.0,3119.0,30,1,3118.9,10,1,3118.8,25,1,3118.5,60,1,3118.4,20,2,3119.1,3,1,3119.3,2,1,3119.5,34,1,3119.6,200,1,3119.8,34,1
2031,2026-06-16 10:11:31+05:30,3119.1,1,3135.36,843130,103297.0,196547.0,3163.0,3163.0,3115.5,3134.3,31799200,3447.7,2820.9,3839.9,2896.0,3119.0,127,5,3118.9,26,2,3118.8,50,2,3118.6,28,1,3118.5,102,2,3119.3,2,1,3119.5,200,1,3119.8,43,1,3119.9,198,1,3120.0,167,1
2031,2026-06-16 10:11:31+05:30,3119.1,1,3135.36,843130,103297.0,196547.0,3163.0,3163.0,3115.5,3134.3,31799200,3447.7,2820.9,3839.9,2896.0,3119.0,127,5,3118.9,26,2,3118.8,50,2,3118.6,28,1,3118.5,102,2,3119.3,2,1,3119.5,200,1,3119.8,43,1,3119.9,198,1,3120.0,167,1
2031,2026-06-16 10:11:31+05:30,3119.3,1,3135.36,843130,103297.0,196547.0,3163.0,3163.0,3115.5,3134.3,31799200,3447.7,2820.9,3839.9,2896.0,3119.0,127,5,3118.9,26,2,3118.8,50,2,3118.6,28,1,3118.5,102,2,3119.3,2,1,3119.5,200,1,3119.8,43,1,3119.9,198,1,3120.0,167,1
2031,2026-06-16 10:11:32+05:30,3119.3,1,3135.36,843130,103297.0,196547.0,3163.0,3163.0,3115.5,3134.3,31799200,3447.7,2820.9,3839.9,2896.0,3119.0,127,5,3118.9,26,2,3118.8,50,2,3118.6,28,1,3118.5,102,2,3119.3,2,1,3119.5,200,1,3119.8,43,1,3119.9,198,1,3120.0,167,1
2031,2026-06-16 10:11:32+05:30,3119.3,1,3135.36,843141,103756.0,193955.0,3163.0,3163.0,3115.5,3134.3,31799200,3447.7,2820.9,3839.9,2896.0,3119.0,149,7,3118.9,46,4,3118.8,156,6,3118.7,14,1,3118.6,89,4,3119.3,1,1,3119.6,200,1,3119.9,198,1,3120.0,242,2,3120.2,221,2
2031,2026-06-16 10:11:32+05:30,3119.3,1,3135.36,843141,103756.0,193955.0,3163.0,3163.0,3115.5,3134.3,31799200,3447.7,2820.9,3839.9,2896.0,3119.0,149,7,3118.9,46,4,3118.8,156,6,3118.7,14,1,3118.6,89,4,3119.3,1,1,3119.6,200,1,3119.9,198,1,3120.0,242,2,3120.2,221,2
2031,2026-06-16 10:11:32+05:30,3119.3,1,3135.36,843141,103756.0,193955.0,3163.0,3163.0,3115.5,3134.3,31799200,3447.7,2820.9,3839.9,2896.0,3119.0,149,7,3118.9,46,4,3118.8,156,6,3118.7,14,1,3118.6,89,4,3119.3,1,1,3119.6,200,1,3119.9,198,1,3120.0,242,2,3120.2,221,2
2031,2026-06-16 10:11:33+05:30,3119.3,1,3135.36,843141,103756.0,193955.0,3163.0,3163.0,3115.5,3134.3,31799200,3447.7,2820.9,3839.9,2896.0,3119.0,149,7,3118.9,46,4,3118.8,156,6,3118.7,14,1,3118.6,89,4,3119.3,1,1,3119.6,200,1,3119.9,198,1,3120.0,242,2,3120.2,221,2
2031,2026-06-16 10:11:33+05:30,3119.3,1,3135.36,843153,103461.0,195942.0,3163.0,3163.0,3115.5,3134.3,31799200,3447.7,2820.9,3839.9,2896.0,3119.0,133,6,3118.9,26,2,3118.8,72,3,3118.7,14,1,3118.6,67,3,3119.3,35,2,3119.6,200,1,3119.9,198,1,3120.0,86,1,3120.2,305,4
2031,2026-06-16 10:11:33+05:30,3119.3,1,3135.36,843153,103461.0,195942.0,3163.0,3163.0,3115.5,3134.3,31799200,3447.7,2820.9,3839.9,2896.0,3119.0,133,6,3118.9,26,2,3118.8,72,3,3118.7,14,1,3118.6,67,3,3119.3,35,2,3119.6,200,1,3119.9,198,1,3120.0,86,1,3120.2,305,4
2031,2026-06-16 10:11:33+05:30,3119.3,1,3135.36,843153,103461.0,195942.0,3163.0,3163.0,3115.5,3134.3,31799200,3447.7,2820.9,3839.9,2896.0,3119.0,133,6,3118.9,26,2,3118.8,72,3,3118.7,14,1,3118.6,67,3,3119.3,35,2,3119.6,200,1,3119.9,198,1,3120.0,86,1,3120.2,305,4
2031,2026-06-16 10:11:34+05:30,3119.3,1,3135.36,843153,103461.0,195744.0,3163.0,3163.0,3115.5,3134.3,31799200,3447.7,2820.9,3839.9,2896.0,3119.1,23,2,3119.0,127,6,3118.9,36,3,3118.7,42,2,3118.6,39,2,3119.3,59,3,3119.6,200,1,3119.9,198,1,3120.0,195,2,3120.2,339,5
2031,2026-06-16 10:11:34+05:30,3119.3,24,3135.36,843153,103461.0,195744.0,3163.0,3163.0,3115.5,3134.3,31799200,3447.7,2820.9,3839.9,2896.0,3119.1,23,2,3119.0,127,6,3118.9,36,3,3118.7,42,2,3118.6,39,2,3119.3,59,3,3119.6,200,1,3119.9,198,1,3120.0,195,2,3120.2,339,5
2031,2026-06-16 10:11:34+05:30,3119.3,24,3135.36,843153,103461.0,195744.0,3163.0,3163.0,3115.5,3134.3,31799200,3447.7,2820.9,3839.9,2896.0,3119.1,23,2,3119.0,127,6,3118.9,36,3,3118.7,42,2,3118.6,39,2,3119.3,59,3,3119.6,200,1,3119.9,198,1,3120.0,195,2,3120.2,339,5
2031,2026-06-16 10:11:35+05:30,3119.3,24,3135.36,843153,103461.0,195744.0,3163.0,3163.0,3115.5,3134.3,31799200,3447.7,2820.9,3839.9,2896.0,3119.1,87,5,3119.0,128,7,3118.9,36,3,3118.8,62,4,3118.7,303,6,3119.6,200,1,3119.9,198,1,3120.0,195,2,3120.2,284,3,3120.3,73,2
2031,2026-06-16 10:11:35+05:30,3119.3,56,3135.36,843276,103995.0,195591.0,3163.0,3163.0,3115.5,3134.3,31799200,3447.7,2820.9,3839.9,2896.0,3119.1,87,5,3119.0,128,7,3118.9,36,3,3118.8,62,4,3118.7,303,6,3119.6,200,1,3119.9,198,1,3120.0,195,2,3120.2,284,3,3120.3,73,2
2031,2026-06-16 10:11:35+05:30,3119.3,56,3135.36,843276,103995.0,195591.0,3163.0,3163.0,3115.5,3134.3,31799200,3447.7,2820.9,3839.9,2896.0,3119.1,87,5,3119.0,128,7,3118.9,36,3,3118.8,62,4,3118.7,303,6,3119.6,200,1,3119.9,198,1,3120.0,195,2,3120.2,284,3,3120.3,73,2
2031,2026-06-16 10:11:36+05:30,3119.3,56,3135.36,843276,103995.0,195591.0,3163.0,3163.0,3115.5,3134.3,31799200,3447.7,2820.9,3839.9,2896.0,3119.1,87,5,3119.0,128,7,3118.9,36,3,3118.8,62,4,3118.7,303,6,3119.6,200,1,3119.9,198,1,3120.0,195,2,3120.2,284,3,3120.3,73,2
2031,2026-06-16 10:11:36+05:30,3119.6,1,3135.36,843282,104096.0,196001.0,3163.0,3163.0,3115.5,3134.3,31799200,3447.7,2820.9,3839.9,2896.0,3119.2,18,1,3119.1,114,7,3119.0,158,8,3118.9,36,3,3118.8,108,5,3119.6,219,2,3119.9,198,1,3120.0,140,2,3120.2,284,3,3120.3,55,2
2031,2026-06-16 10:11:36+05:30,3119.6,1,3135.36,843282,104096.0,196001.0,3163.0,3163.0,3115.5,3134.3,31799200,3447.7,2820.9,3839.9,2896.0,3119.2,18,1,3119.1,114,7,3119.0,158,8,3118.9,36,3,3118.8,108,5,3119.6,219,2,3119.9,198,1,3120.0,140,2,3120.2,284,3,3120.3,55,2
2031,2026-06-16 10:11:36+05:30,3119.6,1,3135.36,843282,104096.0,196001.0,3163.0,3163.0,3115.5,3134.3,31799200,3447.7,2820.9,3839.9,2896.0,3119.2,18,1,3119.1,114,7,3119.0,158,8,3118.9,36,3,3118.8,108,5,3119.6,219,2,3119.9,198,1,3120.0,140,2,3120.2,284,3,3120.3,55,2
2031,2026-06-16 10:11:37+05:30,3119.6,20,3135.35,843501,104214.0,195091.0,3163.0,3163.0,3115.5,3134.3,31799200,3447.7,2820.9,3839.9,2896.0,3119.4,24,1,3119.3,69,4,3119.2,54,2,3119.1,82,5,3119.0,225,12,3119.6,20,1,3119.9,198,1,3120.0,414,4,3120.2,24,1,3120.3,55,2
2031,2026-06-16 10:11:37+05:30,3119.6,20,3135.35,843501,104214.0,195091.0,3163.0,3163.0,3115.5,3134.3,31799200,3447.7,2820.9,3839.9,2896.0,3119.4,24,1,3119.3,69,4,3119.2,54,2,3119.1,82,5,3119.0,225,12,3119.6,20,1,3119.9,198,1,3120.0,414,4,3120.2,24,1,3120.3,55,2
2031,2026-06-16 10:11:37+05:30,3119.6,20,3135.35,843501,104214.0,195091.0,3163.0,3163.0,3115.5,3134.3,31799200,3447.7,2820.9,3839.9,2896.0,3119.4,24,1,3119.3,69,4,3119.2,54,2,3119.1,82,5,3119.0,225,12,3119.6,20,1,3119.9,198,1,3120.0,414,4,3120.2,24,1,3120.3,55,2
2031,2026-06-16 10:11:38+05:30,3119.9,2,3135.35,843589,104670.0,195446.0,3163.0,3163.0,3115.5,3134.3,31799200,3447.7,2820.9,3839.9,2896.0,3119.5,10,1,3119.4,81,4,3119.3,56,3,3119.2,106,4,3119.1,137,8,3119.9,196,1,3120.0,464,5,3120.2,24,1,3120.3,55,2,3120.6,221,2
2031,2026-06-16 10:11:38+05:30,3119.9,35,3135.35,843589,104670.0,195446.0,3163.0,3163.0,3115.5,3134.3,31799200,3447.7,2820.9,3839.9,2896.0,3119.5,10,1,3119.4,81,4,3119.3,56,3,3119.2,106,4,3119.1,137,8,3119.9,196,1,3120.0,464,5,3120.2,24,1,3120.3,55,2,3120.6,221,2
2031,2026-06-16 10:11:38+05:30,3119.9,35,3135.35,843589,104670.0,195446.0,3163.0,3163.0,3115.5,3134.3,31810400,3447.7,2820.9,3839.9,2896.0,3119.5,10,1,3119.4,81,4,3119.3,56,3,3119.2,106,4,3119.1,137,8,3119.9,196,1,3120.0,464,5,3120.2,24,1,3120.3,55,2,3120.6,221,2
2031,2026-06-16 10:11:39+05:30,3119.9,1,3135.35,843625,104696.0,195401.0,3163.0,3163.0,3115.5,3134.3,31810400,3447.7,2820.9,3839.9,2896.0,3119.5,87,6,3119.4,76,3,3119.3,36,3,3119.2,106,4,3119.1,128,8,3119.9,160,1,3120.0,464,5,3120.2,24,1,3120.3,55,2,3120.6,281,3
2031,2026-06-16 10:11:39+05:30,3119.9,1,3135.35,843625,104696.0,195401.0,3163.0,3163.0,3115.5,3134.3,31810400,3447.7,2820.9,3839.9,2896.0,3119.5,87,6,3119.4,76,3,3119.3,36,3,3119.2,106,4,3119.1,128,8,3119.9,160,1,3120.0,464,5,3120.2,24,1,3120.3,55,2,3120.6,281,3
2031,2026-06-16 10:11:40+05:30,3120.1,7,3135.35,843625,104696.0,195401.0,3163.0,3163.0,3115.5,3134.3,31810400,3447.7,2820.9,3839.9,2896.0,3119.5,87,6,3119.4,76,3,3119.3,36,3,3119.2,106,4,3119.1,128,8,3119.9,160,1,3120.0,464,5,3120.2,24,1,3120.3,55,2,3120.6,281,3
2031,2026-06-16 10:11:40+05:30,3120.1,7,3135.33,844619,106321.0,192634.0,3163.0,3163.0,3115.5,3134.3,31810400,3447.7,2820.9,3839.9,2896.0,3120.4,1,1,3120.0,9,2,3119.8,90,3,3119.6,273,5,3119.5,115,7,3121.2,18,1,3121.3,78,2,3121.4,43,3,3121.5,59,3,3121.6,160,5
2031,2026-06-16 10:11:41+05:30,3120.1,7,3135.33,844619,106883.0,192635.0,3163.0,3163.0,3115.5,3134.3,31810400,3447.7,2820.9,3839.9,2896.0,3120.4,83,2,3120.1,68,2,3120.0,155,4,3119.9,94,3,3119.8,128,4,3121.3,31,1,3121.4,28,2,3121.5,34,2,3121.6,248,3,3121.7,100,2
2031,2026-06-16 10:11:42+05:30,3121.3,1,3135.33,844619,106883.0,192635.0,3163.0,3163.0,3115.5,3134.3,31810400,3447.7,2820.9,3839.9,2896.0,3120.4,83,2,3120.1,68,2,3120.0,155,4,3119.9,94,3,3119.8,128,4,3121.3,31,1,3121.4,28,2,3121.5,34,2,3121.6,248,3,3121.7,100,2
2031,2026-06-16 10:11:42+05:30,3121.3,1,3135.33,844620,106718.0,192684.0,3163.0,3163.0,3115.5,3134.3,31810400,3447.7,2820.9,3839.9,2896.0,3120.4,83,2,3120.3,80,2,3120.2,8,1,3120.1,49,1,3120.0,174,5,3121.3,34,2,3121.4,18,1,3121.5,24,1,3121.6,40,2,3121.8,256,3
2031,2026-06-16 10:11:43+05:30,3121.3,1,3135.33,844620,106708.0,192571.0,3163.0,3163.0,3115.5,3134.3,31810400,3447.7,2820.9,3839.9,2896.0,3120.7,22,1,3120.4,83,2,3120.3,38,1,3120.2,27,2,3120.1,234,3,3121.3,34,2,3121.5,24,1,3121.6,27,1,3121.8,277,3,3121.9,96,4
2031,2026-06-16 10:11:45+05:30,3121.3,1,3135.33,844620,106907.0,192304.0,3163.0,3163.0,3115.5,3134.3,31810400,3447.7,2820.9,3839.9,2896.0,3120.7,124,4,3120.5,60,2,3120.4,105,3,3120.3,80,2,3120.2,46,2,3121.3,58,3,3121.5,24,1,3121.6,27,1,3121.7,200,1,3121.8,21,1
2031,2026-06-16 10:11:45+05:30,3120.7,17,3135.33,844620,106907.0,192304.0,3163.0,3163.0,3115.5,3134.3,31810400,3447.7,2820.9,3839.9,2896.0,3120.7,124,4,3120.5,60,2,3120.4,105,3,3120.3,80,2,3120.2,46,2,3121.3,58,3,3121.5,24,1,3121.6,27,1,3121.7,200,1,3121.8,21,1
2031,2026-06-16 10:11:46+05:30,3120.7,17,3135.33,844821,106933.0,193243.0,3163.0,3163.0,3115.5,3134.3,31810400,3447.7,2820.9,3839.9,2896.0,3121.2,10,1,3121.0,8,1,3120.7,6,2,3120.4,109,3,3120.2,46,2,3121.3,105,6,3121.5,44,2,3121.6,27,1,3121.7,227,2,3121.8,160,5
2031,2026-06-16 10:11:47+05:30,3121.3,25,3135.33,844848,106960.0,192593.0,3163.0,3163.0,3115.5,3134.3,31810400,3447.7,2820.9,3839.9,2896.0,3121.2,47,2,3121.0,34,3,3120.7,1,1,3120.5,19,1,3120.4,109,4,3121.3,83,7,3121.5,44,2,3121.6,27,1,3121.7,227,2,3121.8,21,1
2031,2026-06-16 10:11:47+05:30,3121.3,1,3135.33,844848,106960.0,192593.0,3163.0,3163.0,3115.5,3134.3,31810400,3447.7,2820.9,3839.9,2896.0,3121.2,47,2,3121.0,34,3,3120.7,1,1,3120.5,19,1,3120.4,109,4,3121.3,83,7,3121.5,44,2,3121.6,27,1,3121.7,227,2,3121.8,21,1
2031,2026-06-16 10:11:48+05:30,3121.2,3,3135.32,845059,107111.0,192664.0,3163.0,3163.0,3115.5,3134.3,31810400,3447.7,2820.9,3839.9,2896.0,3121.2,47,3,3121.0,9,2,3120.7,1,1,3120.5,122,3,3120.4,101,4,3121.3,2,1,3121.5,44,2,3121.6,27,1,3121.7,27,1,3121.8,200,1
2031,2026-06-16 10:11:48+05:30,3121.3,1,3135.32,845059,107111.0,192664.0,3163.0,3163.0,3115.5,3134.3,31810400,3447.7,2820.9,3839.9,2896.0,3121.2,47,3,3121.0,9,2,3120.7,1,1,3120.5,122,3,3120.4,101,4,3121.3,2,1,3121.5,44,2,3121.6,27,1,3121.7,27,1,3121.8,200,1
2031,2026-06-16 10:11:49+05:30,3121.3,1,3135.32,845060,106938.0,192688.0,3163.0,3163.0,3115.5,3134.3,31810400,3447.7,2820.9,3839.9,2896.0,3121.2,47,3,3121.1,1,1,3121.0,9,2,3120.7,41,3,3120.5,59,2,3121.3,16,3,3121.5,44,2,3121.6,27,1,3121.7,27,1,3121.8,200,1
2031,2026-06-16 10:11:50+05:30,3121.8,9,3135.32,845465,106960.0,190213.0,3163.0,3163.0,3115.5,3134.3,31810400,3447.7,2820.9,3839.9,2896.0,3121.2,47,3,3121.1,1,1,3121.0,31,3,3120.7,16,2,3120.4,60,1,3121.8,71,3,3121.9,243,4,3122.0,111,4,3122.2,123,5,3122.3,107,2
2031,2026-06-16 10:11:50+05:30,3121.8,9,3135.32,845465,106960.0,190213.0,3163.0,3163.0,3115.5,3134.3,31810400,3447.7,2820.9,3839.9,2896.0,3121.2,47,3,3121.1,1,1,3121.0,31,3,3120.7,16,2,3120.4,60,1,3121.8,71,3,3121.9,243,4,3122.0,111,4,3122.2,123,5,3122.3,107,2
2031,2026-06-16 10:11:51+05:30,3121.8,9,3135.32,845465,107168.0,191864.0,3163.0,3163.0,3115.5,3134.3,31810400,3447.7,2820.9,3839.9,2896.0,3121.3,24,1,3121.2,47,3,3121.1,1,1,3121.0,9,2,3120.9,16,1,3121.8,92,4,3121.9,259,5,3122.0,106,4,3122.1,1,1,3122.2,150,6
2031,2026-06-16 10:11:52+05:30,3121.4,5,3135.32,845473,107884.0,192564.0,3163.0,3163.0,3115.5,3134.3,31810400,3447.7,2820.9,3839.9,2896.0,3121.4,20,1,3121.3,43,2,3121.2,52,4,3121.1,1,1,3121.0,9,2,3121.7,71,1,3121.8,39,3,3121.9,238,4,3122.0,71,3,3122.2,76,4
2031,2026-06-16 10:11:52+05:30,3121.4,5,3135.32,845473,107884.0,192564.0,3163.0,3163.0,3115.5,3134.3,31810400,3447.7,2820.9,3839.9,2896.0,3121.4,20,1,3121.3,43,2,3121.2,52,4,3121.1,1,1,3121.0,9,2,3121.7,71,1,3121.8,39,3,3121.9,238,4,3122.0,71,3,3122.2,76,4
2031,2026-06-16 10:11:53+05:30,3121.7,1,3135.32,845473,107884.0,192564.0,3163.0,3163.0,3115.5,3134.3,31810400,3447.7,2820.9,3839.9,2896.0,3121.4,20,1,3121.3,43,2,3121.2,52,4,3121.1,1,1,3121.0,9,2,3121.7,71,1,3121.8,39,3,3121.9,238,4,3122.0,71,3,3122.2,76,4
2031,2026-06-16 10:11:53+05:30,3121.7,1,3135.32,845474,107891.0,192691.0,3163.0,3163.0,3115.5,3134.3,31810400,3447.7,2820.9,3839.9,2896.0,3121.4,22,2,3121.3,43,2,3121.2,52,4,3121.1,1,1,3121.0,23,3,3121.7,143,5,3121.8,235,4,3121.9,53,4,3122.0,150,6,3122.1,38,1
2031,2026-06-16 10:11:54+05:30,3121.7,12,3135.32,845474,107891.0,192691.0,3163.0,3163.0,3115.5,3134.3,31810400,3447.7,2820.9,3839.9,2896.0,3121.4,22,2,3121.3,43,2,3121.2,52,4,3121.1,1,1,3121.0,23,3,3121.7,143,5,3121.8,235,4,3121.9,53,4,3122.0,150,6,3122.1,38,1
2031,2026-06-16 10:11:54+05:30,3121.7,12,3135.31,845749,107709.0,192571.0,3163.0,3163.0,3115.5,3134.3,31810400,3447.7,2820.9,3839.9,2896.0,3121.4,42,2,3121.3,57,3,3121.2,52,4,3121.0,1,1,3120.7,1,1,3121.7,67,2,3121.8,219,5,3121.9,53,4,3122.0,129,5,3122.2,116,6
2031,2026-06-16 10:11:55+05:30,3121.7,6,3135.31,845749,107709.0,192571.0,3163.0,3163.0,3115.5,3134.3,31810400,3447.7,2820.9,3839.9,2896.0,3121.4,42,2,3121.3,57,3,3121.2,52,4,3121.0,1,1,3120.7,1,1,3121.7,67,2,3121.8,219,5,3121.9,53,4,3122.0,129,5,3122.2,116,6
2031,2026-06-16 10:11:55+05:30,3121.7,49,3135.31,845892,107958.0,191933.0,3163.0,3163.0,3115.5,3134.3,31810400,3447.7,2820.9,3839.9,2896.0,3121.4,42,2,3121.3,57,3,3121.2,52,4,3121.1,8,1,3121.0,1,1,3121.7,6,1,3121.8,35,3,3121.9,187,4,3122.0,76,3,3122.2,23,2
2031,2026-06-16 10:11:56+05:30,3121.7,49,3135.31,845892,107958.0,191933.0,3163.0,3163.0,3115.5,3134.3,31810400,3447.7,2820.9,3839.9,2896.0,3121.4,42,2,3121.3,57,3,3121.2,52,4,3121.1,8,1,3121.0,1,1,3121.7,6,1,3121.8,35,3,3121.9,187,4,3122.0,76,3,3122.2,23,2
2031,2026-06-16 10:11:56+05:30,3121.7,49,3135.31,845892,107896.0,192487.0,3163.0,3163.0,3115.5,3134.3,31810400,3447.7,2820.9,3839.9,2896.0,3121.4,42,2,3121.3,57,3,3121.2,52,4,3121.0,25,2,3120.8,60,1,3121.7,34,3,3121.8,69,4,3121.9,38,3,3122.0,278,6,3122.1,19,1
2031,2026-06-16 10:11:57+05:30,3121.9,3,3135.31,845892,107896.0,192487.0,3163.0,3163.0,3115.5,3134.3,31810400,3447.7,2820.9,3839.9,2896.0,3121.4,42,2,3121.3,57,3,3121.2,52,4,3121.0,25,2,3120.8,60,1,3121.7,34,3,3121.8,69,4,3121.9,38,3,3122.0,278,6,3122.1,19,1
2031,2026-06-16 10:11:57+05:30,3121.9,1,3135.31,846209,107628.0,192230.0,3163.0,3163.0,3115.5,3134.3,31810400,3447.7,2820.9,3839.9,2896.0,3121.9,2,1,3121.4,42,2,3121.3,57,3,3121.2,52,4,3121.1,27,1,3122.0,175,3,3122.2,11,2,3122.3,35,1,3122.4,28,2,3122.5,57,2
2031,2026-06-16 10:11:58+05:30,3122.4,4,3135.31,846209,107628.0,192230.0,3163.0,3163.0,3115.5,3134.3,31810400,3447.7,2820.9,3839.9,2896.0,3121.9,2,1,3121.4,42,2,3121.3,57,3,3121.2,52,4,3121.1,27,1,3122.0,175,3,3122.2,11,2,3122.3,35,1,3122.4,28,2,3122.5,57,2
2031,2026-06-16 10:11:58+05:30,3122.4,4,3135.3,846450,107827.0,191374.0,3163.0,3163.0,3115.5,3134.3,31810400,3447.7,2820.9,3839.9,2896.0,3122.0,2,1,3121.9,76,1,3121.5,12,1,3121.4,117,4,3121.3,15,2,3122.4,9,1,3122.6,289,4,3122.7,32,1,3122.8,102,3,3122.9,82,2
2031,2026-06-16 10:11:59+05:30,3122.0,12,3135.3,846450,107827.0,191374.0,3163.0,3163.0,3115.5,3134.3,31810400,3447.7,2820.9,3839.9,2896.0,3122.0,2,1,3121.9,76,1,3121.5,12,1,3121.4,117,4,3121.3,15,2,3122.4,9,1,3122.6,289,4,3122.7,32,1,3122.8,102,3,3122.9,82,2
2031,2026-06-16 10:12:00+05:30,3122.0,12,3135.3,846779,107649.0,192831.0,3163.0,3163.0,3115.5,3134.3,31810400,3447.7,2820.9,3839.9,2896.0,3122.0,3,1,3121.4,67,3,3121.3,15,2,3121.2,15,3,3121.0,41,2,3122.3,82,3,3122.4,210,3,3122.6,159,6,3122.7,63,2,3122.8,146,6
2031,2026-06-16 10:12:00+05:30,3122.2,2,3135.3,846779,107649.0,192831.0,3163.0,3163.0,3115.5,3134.3,31810400,3447.7,2820.9,3839.9,2896.0,3122.0,3,1,3121.4,67,3,3121.3,15,2,3121.2,15,3,3121.0,41,2,3122.3,82,3,3122.4,210,3,3122.6,159,6,3122.7,63,2,3122.8,146,6
2031,2026-06-16 10:12:01+05:30,3122.2,2,3135.29,847046,107460.0,193438.0,3163.0,3163.0,3115.5,3134.3,31810400,3447.7,2820.9,3839.9,2896.0,3122.0,9,2,3121.4,3,2,3121.3,15,2,3121.2,15,3,3121.0,1,1,3122.3,256,4,3122.4,73,4,3122.6,141,5,3122.7,104,3,3122.8,63,3
2031,2026-06-16 10:12:02+05:30,3122.2,2,3135.29,847046,107309.0,193834.0,3163.0,3163.0,3115.5,3134.3,31810400,3447.7,2820.9,3839.9,2896.0,3122.0,9,2,3121.7,15,1,3121.4,3,2,3121.3,15,2,3121.2,15,3,3122.1,196,1,3122.3,119,6,3122.4,88,4,3122.5,15,1,3122.6,159,6
2031,2026-06-16 10:12:02+05:30,3122.1,70,3135.29,847046,107309.0,193834.0,3163.0,3163.0,3115.5,3134.3,31810400,3447.7,2820.9,3839.9,2896.0,3122.0,9,2,3121.7,15,1,3121.4,3,2,3121.3,15,2,3121.2,15,3,3122.1,196,1,3122.3,119,6,3122.4,88,4,3122.5,15,1,3122.6,159,6
2031,2026-06-16 10:12:03+05:30,3122.3,2,3135.29,847261,108223.0,192249.0,3163.0,3163.0,3115.5,3134.3,31810400,3447.7,2820.9,3839.9,2896.0,3122.0,13,4,3121.8,400,1,3121.7,15,1,3121.4,28,2,3121.3,77,3,3122.3,179,4,3122.4,77,3,3122.5,15,1,3122.6,35,1,3122.8,79,3
2031,2026-06-16 10:12:03+05:30,3122.3,1,3135.29,847261,108223.0,192249.0,3163.0,3163.0,3115.5,3134.3,31810400,3447.7,2820.9,3839.9,2896.0,3122.0,13,4,3121.8,400,1,3121.7,15,1,3121.4,28,2,3121.3,77,3,3122.3,179,4,3122.4,77,3,3122.5,15,1,3122.6,35,1,3122.8,79,3
2031,2026-06-16 10:12:04+05:30,3122.3,1,3135.29,847262,108427.0,193322.0,3163.0,3163.0,3115.5,3134.3,31810400,3447.7,2820.9,3839.9,2896.0,3122.0,13,4,3121.8,400,1,3121.7,15,1,3121.4,28,2,3121.3,77,3,3122.2,117,1,3122.3,61,3,3122.4,77,3,3122.6,35,1,3122.8,279,4
2031,2026-06-16 10:12:04+05:30,3122.4,68,3135.29,847262,108427.0,193322.0,3163.0,3163.0,3115.5,3134.3,31810400,3447.7,2820.9,3839.9,2896.0,3122.0,13,4,3121.8,400,1,3121.7,15,1,3121.4,28,2,3121.3,77,3,3122.2,117,1,3122.3,61,3,3122.4,77,3,3122.6,35,1,3122.8,279,4
2031,2026-06-16 10:12:05+05:30,3122.2,1,3135.28,847663,107748.0,192923.0,3163.0,3163.0,3115.5,3134.3,31810400,3447.7,2820.9,3839.9,2896.0,3122.0,13,4,3121.8,26,1,3121.7,29,2,3121.4,2,1,3121.3,82,3,3122.2,1,1,3122.4,13,1,3122.6,35,1,3122.8,55,2,3122.9,31,2
2031,2026-06-16 10:12:05+05:30,3122.0,2,3135.28,847663,107748.0,192923.0,3163.0,3163.0,3115.5,3134.3,31810400,3447.7,2820.9,3839.9,2896.0,3122.0,13,4,3121.8,26,1,3121.7,29,2,3121.4,2,1,3121.3,82,3,3122.2,1,1,3122.4,13,1,3122.6,35,1,3122.8,55,2,3122.9,31,2
2031,2026-06-16 10:12:06+05:30,3122.2,1,3135.28,847671,107877.0,191832.0,3163.0,3163.0,3115.5,3134.3,31810400,3447.7,2820.9,3839.9,2896.0,3122.0,49,5,3121.8,26,1,3121.7,29,2,3121.5,64,2,3121.4,21,2,3122.2,2,2,3122.4,13,1,3122.6,12,1,3122.7,200,1,3122.8,42,2
2031,2026-06-16 10:12:06+05:30,3122.2,1,3135.28,847671,107877.0,191832.0,3163.0,3163.0,3115.5,3134.3,31810400,3447.7,2820.9,3839.9,2896.0,3122.0,49,5,3121.8,26,1,3121.7,29,2,3121.5,64,2,3121.4,21,2,3122.2,2,2,3122.4,13,1,3122.6,12,1,3122.7,200,1,3122.8,42,2
2031,2026-06-16 10:12:07+05:30,3122.2,1,3135.28,847671,107980.0,191881.0,3163.0,3163.0,3115.5,3134.3,31810400,3447.7,2820.9,3839.9,2896.0,3122.1,24,1,3122.0,49,5,3121.9,19,1,3121.7,29,2,3121.6,21,2,3122.2,27,3,3122.4,13,1,3122.7,222,2,3122.8,20,1,3123.0,80,5
2031,2026-06-16 10:12:07+05:30,3122.2,5,3135.28,847671,107980.0,191881.0,3163.0,3163.0,3115.5,3134.3,31810400,3447.7,2820.9,3839.9,2896.0,3122.1,24,1,3122.0,49,5,3121.9,19,1,3121.7,29,2,3121.6,21,2,3122.2,27,3,3122.4,13,1,3122.7,222,2,3122.8,20,1,3123.0,80,5
2031,2026-06-16 10:12:08+05:30,3122.2,2,3135.28,847705,108311.0,191846.0,3163.0,3163.0,3115.5,3134.3,31810400,3447.7,2820.9,3839.9,2896.0,3122.3,5,1,3122.2,54,4,3122.1,7,1,3122.0,95,7,3121.9,12,1,3122.4,13,1,3122.7,22,1,3122.9,200,1,3123.0,64,5,3123.2,30,3
2031,2026-06-16 10:12:08+05:30,3122.2,2,3135.28,847705,108311.0,191846.0,3163.0,3163.0,3115.5,3134.3,31810400,3447.7,2820.9,3839.9,2896.0,3122.3,5,1,3122.2,54,4,3122.1,7,1,3122.0,95,7,3121.9,12,1,3122.4,13,1,3122.7,22,1,3122.9,200,1,3123.0,64,5,3123.2,30,3
2031,2026-06-16 10:12:09+05:30,3122.4,9,3135.28,847727,108388.0,191423.0,3163.0,3163.0,3115.5,3134.3,31810400,3447.7,2820.9,3839.9,2896.0,3122.3,69,6,3122.2,18,3,3122.1,30,3,3122.0,132,8,3121.9,12,1,3122.4,13,2,3122.7,22,1,3122.9,219,2,3123.0,87,6,3123.2,30,3
2031,2026-06-16 10:12:09+05:30,3122.4,35,3135.28,847727,108388.0,191423.0,3163.0,3163.0,3115.5,3134.3,31810400,3447.7,2820.9,3839.9,2896.0,3122.3,69,6,3122.2,18,3,3122.1,30,3,3122.0,132,8,3121.9,12,1,3122.4,13,2,3122.7,22,1,3122.9,219,2,3123.0,87,6,3123.2,30,3
2031,2026-06-16 10:12:10+05:30,3123.5,45,3135.27,848266,108852.0,190179.0,3163.0,3163.0,3115.5,3134.3,31810400,3447.7,2820.9,3839.9,2896.0,3122.4,8,1,3122.3,93,7,3122.2,44,3,3122.1,30,3,3122.0,132,8,3123.0,18,1,3123.2,17,1,3123.4,23,1,3123.5,173,2,3123.6,21,1
2031,2026-06-16 10:12:10+05:30,3123.5,45,3135.27,848266,108852.0,190179.0,3163.0,3163.0,3115.5,3134.3,31810400,3447.7,2820.9,3839.9,2896.0,3122.4,8,1,3122.3,93,7,3122.2,44,3,3122.1,30,3,3122.0,132,8,3123.0,18,1,3123.2,17,1,3123.4,23,1,3123.5,173,2,3123.6,21,1
2031,2026-06-16 10:12:11+05:30,3122.4,146,3135.27,848466,109140.0,191182.0,3163.0,3163.0,3115.5,3134.3,31810400,3447.7,2820.9,3839.9,2896.0,3122.4,186,7,3122.3,141,7,3122.2,109,6,3122.1,14,2,3122.0,133,9,3123.4,23,1,3123.5,41,2,3123.6,21,1,3123.7,3,1,3123.8,221,2
2031,2026-06-16 10:12:11+05:30,3123.4,1,3135.27,848466,109140.0,191182.0,3163.0,3163.0,3115.5,3134.3,31810400,3447.7,2820.9,3839.9,2896.0,3122.4,186,7,3122.3,141,7,3122.2,109,6,3122.1,14,2,3122.0,133,9,3123.4,23,1,3123.5,41,2,3123.6,21,1,3123.7,3,1,3123.8,221,2
2031,2026-06-16 10:12:12+05:30,3123.5,1,3135.27,848468,109174.0,191181.0,3163.0,3163.0,3115.5,3134.3,31810400,3447.7,2820.9,3839.9,2896.0,3122.4,186,7,3122.3,168,7,3122.2,68,6,3122.1,29,3,3122.0,138,10,3123.5,22,1,3123.6,21,1,3123.7,3,1,3123.8,221,2,3123.9,19,3
2031,2026-06-16 10:12:12+05:30,3123.5,1,3135.27,848468,109174.0,191181.0,3163.0,3163.0,3115.5,3134.3,31810400,3447.7,2820.9,3839.9,2896.0,3122.4,186,7,3122.3,168,7,3122.2,68,6,3122.1,29,3,3122.0,138,10,3123.5,22,1,3123.6,21,1,3123.7,3,1,3123.8,221,2,3123.9,19,3
2031,2026-06-16 10:12:13+05:30,3123.5,1,3135.27,848468,108805.0,191720.0,3163.0,3163.0,3115.5,3134.3,31810400,3447.7,2820.9,3839.9,2896.0,3122.4,97,3,3122.3,63,4,3122.2,2,2,3122.0,84,5,3121.9,212,2,3123.3,308,6,3123.4,94,5,3123.5,59,4,3123.6,174,5,3123.7,42,2
2031,2026-06-16 10:12:14+05:30,3123.1,1,3135.27,848474,108980.0,192357.0,3163.0,3163.0,3115.5,3134.3,31810400,3447.7,2820.9,3839.9,2896.0,3122.4,108,6,3122.3,58,3,3122.2,2,2,3122.0,41,2,3121.9,200,1,3123.1,107,5,3123.2,265,4,3123.3,89,3,3123.4,145,6,3123.5,74,4
2031,2026-06-16 10:12:14+05:30,3123.1,1,3135.27,848474,108980.0,192357.0,3163.0,3163.0,3115.5,3134.3,31810400,3447.7,2820.9,3839.9,2896.0,3122.4,108,6,3122.3,58,3,3122.2,2,2,3122.0,41,2,3121.9,200,1,3123.1,107,5,3123.2,265,4,3123.3,89,3,3123.4,145,6,3123.5,74,4
2031,2026-06-16 10:12:15+05:30,3123.0,18,3135.27,848492,109982.0,192474.0,3163.0,3163.0,3115.5,3134.3,31810400,3447.7,2820.9,3839.9,2896.0,3122.8,2,2,3122.4,168,9,3122.3,55,2,3122.2,2,2,3122.1,59,1,3123.1,43,1,3123.2,24,1,3123.3,257,2,3123.4,58,2,3123.5,19,2
2031,2026-06-16 10:12:16+05:30,3123.0,5,3135.27,848492,109982.0,192474.0,3163.0,3163.0,3115.5,3134.3,31810400,3447.7,2820.9,3839.9,2896.0,3122.8,2,2,3122.4,168,9,3122.3,55,2,3122.2,2,2,3122.1,59,1,3123.1,43,1,3123.2,24,1,3123.3,257,2,3123.4,58,2,3123.5,19,2
2031,2026-06-16 10:12:16+05:30,3123.0,5,3135.27,848497,109865.0,192570.0,3163.0,3163.0,3115.5,3134.3,31810400,3447.7,2820.9,3839.9,2896.0,3123.0,2,1,3122.8,2,2,3122.4,130,8,3122.3,55,2,3122.2,2,2,3123.1,43,1,3123.2,24,1,3123.3,57,1,3123.4,270,4,3123.5,19,2
2031,2026-06-16 10:12:17+05:30,3123.1,1,3135.27,848498,110055.0,192154.0,3163.0,3163.0,3115.5,3134.3,31810400,3447.7,2820.9,3839.9,2896.0,3123.0,98,3,3122.8,2,2,3122.4,41,6,3122.3,15,1,3122.2,106,6,3123.1,69,3,3123.2,24,1,3123.3,57,1,3123.4,24,1,3123.5,219,3
2031,2026-06-16 10:12:18+05:30,3123.2,1,3135.27,848498,110055.0,192154.0,3163.0,3163.0,3115.5,3134.3,31810400,3447.7,2820.9,3839.9,2896.0,3123.0,98,3,3122.8,2,2,3122.4,41,6,3122.3,15,1,3122.2,106,6,3123.1,69,3,3123.2,24,1,3123.3,57,1,3123.4,24,1,3123.5,219,3
2031,2026-06-16 10:12:18+05:30,3123.0,12,3135.27,848752,108944.0,192371.0,3163.0,3163.0,3115.5,3134.3,31810400,3447.7,2820.9,3839.9,2896.0,3122.8,2,2,3122.4,46,6,3122.3,15,1,3122.2,12,3,3122.0,3,1,3123.0,112,1,3123.1,7,1,3123.2,57,2,3123.3,257,2,3123.4,77,3
2031,2026-06-16 10:12:19+05:30,3123.0,1,3135.27,848752,108944.0,192371.0,3163.0,3163.0,3115.5,3134.3,31810400,3447.7,2820.9,3839.9,2896.0,3122.8,2,2,3122.4,46,6,3122.3,15,1,3122.2,12,3,3122.0,3,1,3123.0,112,1,3123.1,7,1,3123.2,57,2,3123.3,257,2,3123.4,77,3
2031,2026-06-16 10:12:19+05:30,3123.0,1,3135.27,848772,109615.0,190401.0,3163.0,3163.0,3115.5,3134.3,31810400,3447.7,2820.9,3839.9,2896.0,3122.8,17,3,3122.4,46,6,3122.2,12,3,3122.0,56,2,3121.9,200,1,3123.0,182,5,3123.1,14,1,3123.2,258,4,3123.3,72,2,3123.4,53,2
2031,2026-06-16 10:12:20+05:30,3122.9,1,3135.27,848772,109615.0,190401.0,3163.0,3163.0,3115.5,3134.3,31810400,3447.7,2820.9,3839.9,2896.0,3122.8,17,3,3122.4,46,6,3122.2,12,3,3122.0,56,2,3121.9,200,1,3123.0,182,5,3123.1,14,1,3123.2,258,4,3123.3,72,2,3123.4,53,2
2031,2026-06-16 10:12:20+05:30,3122.9,1,3135.26,849116,108537.0,192434.0,3163.0,3163.0,3115.5,3134.3,31810400,3447.7,2820.9,3839.9,2896.0,3122.4,41,6,3122.2,12,3,3122.0,4,2,3121.9,200,1,3121.7,30,2,3122.9,56,4,3123.0,274,4,3123.1,45,3,3123.2,77,4,3123.3,72,2
2031,2026-06-16 10:12:21+05:30,3122.9,1,3135.26,849116,108537.0,192434.0,3163.0,3163.0,3115.5,3134.3,31810400,3447.7,2820.9,3839.9,2896.0,3122.4,41,6,3122.2,12,3,3122.0,4,2,3121.9,200,1,3121.7,30,2,3122.9,56,4,3123.0,274,4,3123.1,45,3,3123.2,77,4,3123.3,72,2
2031,2026-06-16 10:12:21+05:30,3122.9,1,3135.26,849116,108640.0,190510.0,3163.0,3163.0,3115.5,3134.3,31810400,3447.7,2820.9,3839.9,2896.0,3122.4,41,6,3122.2,12,3,3122.0,4,2,3121.9,200,1,3121.7,92,3,3122.9,47,3,3123.0,293,5,3123.1,45,3,3123.2,77,4,3123.3,15,1
2031,2026-06-16 10:12:22+05:30,3122.9,1,3135.26,849116,108640.0,190510.0,3163.0,3163.0,3115.5,3134.3,31810400,3447.7,2820.9,3839.9,2896.0,3122.4,41,6,3122.2,12,3,3122.0,4,2,3121.9,200,1,3121.7,92,3,3122.9,47,3,3123.0,293,5,3123.1,45,3,3123.2,77,4,3123.3,15,1
2031,2026-06-16 10:12:22+05:30,3122.9,1,3135.26,849116,108882.0,192201.0,3163.0,3163.0,3115.5,3134.3,31810400,3447.7,2820.9,3839.9,2896.0,3122.4,41,6,3122.2,12,3,3122.0,6,3,3121.9,200,1,3121.7,92,3,3122.9,27,2,3123.0,293,5,3123.1,79,4,3123.2,43,3,3123.3,15,1
2031,2026-06-16 10:12:23+05:30,3122.4,1,3135.26,849116,108882.0,192201.0,3163.0,3163.0,3115.5,3134.3,31810400,3447.7,2820.9,3839.9,2896.0,3122.4,41,6,3122.2,12,3,3122.0,6,3,3121.9,200,1,3121.7,92,3,3122.9,27,2,3123.0,293,5,3123.1,79,4,3123.2,43,3,3123.3,15,1
2031,2026-06-16 10:12:23+05:30,3122.4,1,3135.26,849117,108868.0,193383.0,3163.0,3163.0,3115.5,3134.3,31810400,3447.7,2820.9,3839.9,2896.0,3122.4,40,6,3122.2,12,3,3122.0,6,3,3121.9,200,1,3121.7,15,1,3122.8,200,1,3122.9,28,3,3123.0,127,5,3123.1,45,3,3123.2,106,5
2031,2026-06-16 10:12:24+05:30,3122.4,1,3135.26,849117,108868.0,193383.0,3163.0,3163.0,3115.5,3134.3,31810400,3447.7,2820.9,3839.9,2896.0,3122.4,40,6,3122.2,12,3,3122.0,6,3,3121.9,200,1,3121.7,15,1,3122.8,200,1,3122.9,28,3,3123.0,127,5,3123.1,45,3,3123.2,106,5
2031,2026-06-16 10:12:24+05:30,3122.8,1,3135.26,849117,108868.0,193383.0,3163.0,3163.0,3115.5,3134.3,31810400,3447.7,2820.9,3839.9,2896.0,3122.4,40,6,3122.2,12,3,3122.0,6,3,3121.9,200,1,3121.7,15,1,3122.8,200,1,3122.9,28,3,3123.0,127,5,3123.1,45,3,3123.2,106,5
2031,2026-06-16 10:12:24+05:30,3122.8,1,3135.26,849119,108840.0,192684.0,3163.0,3163.0,3115.5,3134.3,31810400,3447.7,2820.9,3839.9,2896.0,3122.4,40,6,3122.2,12,3,3122.0,16,4,3121.9,200,1,3121.7,15,1,3122.8,52,2,3122.9,61,3,3123.0,74,3,3123.1,241,4,3123.2,54,3
2031,2026-06-16 10:12:25+05:30,3122.8,8,3135.26,849119,108840.0,192684.0,3163.0,3163.0,3115.5,3134.3,31810400,3447.7,2820.9,3839.9,2896.0,3122.4,40,6,3122.2,12,3,3122.0,16,4,3121.9,200,1,3121.7,15,1,3122.8,52,2,3122.9,61,3,3123.0,74,3,3123.1,241,4,3123.2,54,3
2031,2026-06-16 10:12:25+05:30,3122.8,8,3135.26,849127,108863.0,193286.0,3163.0,3163.0,3115.5,3134.3,31810400,3447.7,2820.9,3839.9,2896.0,3122.4,39,5,3122.2,12,3,3122.0,16,4,3121.9,200,1,3121.7,15,1,3122.8,244,3,3122.9,61,3,3123.0,273,4,3123.1,42,3,3123.2,54,3
2031,2026-06-16 10:12:25+05:30,3122.8,8,3135.26,849127,108863.0,193286.0,3163.0,3163.0,3115.5,3134.3,31810400,3447.7,2820.9,3839.9,2896.0,3122.4,39,5,3122.2,12,3,3122.0,16,4,3121.9,200,1,3121.7,15,1,3122.8,244,3,3122.9,61,3,3123.0,273,4,3123.1,42,3,3123.2,54,3
2031,2026-06-16 10:12:26+05:30,3122.8,1,3135.26,849127,108863.0,193286.0,3163.0,3163.0,3115.5,3134.3,31810400,3447.7,2820.9,3839.9,2896.0,3122.4,39,5,3122.2,12,3,3122.0,16,4,3121.9,200,1,3121.7,15,1,3122.8,244,3,3122.9,61,3,3123.0,273,4,3123.1,42,3,3123.2,54,3
2031,2026-06-16 10:12:26+05:30,3122.8,1,3135.26,849171,109012.0,192738.0,3163.0,3163.0,3115.5,3134.3,31810400,3447.7,2820.9,3839.9,2896.0,3122.4,42,6,3122.2,12,3,3122.0,16,4,3121.9,200,1,3121.7,77,2,3122.8,200,1,3122.9,23,1,3123.0,74,3,3123.1,42,3,3123.2,263,4
2031,2026-06-16 10:12:27+05:30,3122.8,1,3135.26,849171,109012.0,192738.0,3163.0,3163.0,3115.5,3134.3,31810400,3447.7,2820.9,3839.9,2896.0,3122.4,42,6,3122.2,12,3,3122.0,16,4,3121.9,200,1,3121.7,77,2,3122.8,200,1,3122.9,23,1,3123.0,74,3,3123.1,42,3,3123.2,263,4
2031,2026-06-16 10:12:27+05:30,3122.8,44,3135.26,849266,109116.0,192723.0,3163.0,3163.0,3115.5,3134.3,31810400,3447.7,2820.9,3839.9,2896.0,3122.8,23,1,3122.4,5,2,3122.2,12,3,3122.1,53,3,3122.0,34,5,3122.9,23,1,3123.0,274,4,3123.1,42,3,3123.4,199,1,3123.5,11,2
2031,2026-06-16 10:12:28+05:30,3122.9,3,3135.26,849266,109116.0,192723.0,3163.0,3163.0,3115.5,3134.3,31810400,3447.7,2820.9,3839.9,2896.0,3122.8,23,1,3122.4,5,2,3122.2,12,3,3122.1,53,3,3122.0,34,5,3122.9,23,1,3123.0,274,4,3123.1,42,3,3123.4,199,1,3123.5,11,2
2031,2026-06-16 10:12:29+05:30,3122.9,3,3135.26,849269,109191.0,193638.0,3163.0,3163.0,3115.5,3134.3,31810400,3447.7,2820.9,3839.9,2896.0,3122.4,26,3,3122.2,12,3,3122.1,53,3,3122.0,44,6,3121.9,324,4,3122.9,43,2,3123.0,56,2,3123.1,242,4,3123.4,223,2,3123.5,11,2
2031,2026-06-16 10:12:29+05:30,3122.9,3,3135.26,849269,109191.0,193638.0,3163.0,3163.0,3115.5,3134.3,31810400,3447.7,2820.9,3839.9,2896.0,3122.4,26,3,3122.2,12,3,3122.1,53,3,3122.0,44,6,3121.9,324,4,3122.9,43,2,3123.0,56,2,3123.1,242,4,3123.4,223,2,3123.5,11,2
2031,2026-06-16 10:12:30+05:30,3122.9,1,3135.26,849276,109119.0,192971.0,3163.0,3163.0,3115.5,3134.3,31810400,3447.7,2820.9,3839.9,2896.0,3122.4,63,6,3122.2,90,6,3122.1,26,2,3122.0,293,9,3121.9,305,4,3122.9,73,4,3123.0,51,2,3123.1,42,3,3123.2,399,2,3123.4,223,2
2031,2026-06-16 10:12:30+05:30,3122.9,1,3135.26,849276,109119.0,192971.0,3163.0,3163.0,3115.5,3134.3,31810400,3447.7,2820.9,3839.9,2896.0,3122.4,63,6,3122.2,90,6,3122.1,26,2,3122.0,293,9,3121.9,305,4,3122.9,73,4,3123.0,51,2,3123.1,42,3,3123.2,399,2,3123.4,223,2
2031,2026-06-16 10:12:30+05:30,3122.9,2,3135.26,849276,109119.0,192971.0,3163.0,3163.0,3115.5,3134.3,31810400,3447.7,2820.9,3839.9,2896.0,3122.4,63,6,3122.2,90,6,3122.1,26,2,3122.0,293,9,3121.9,305,4,3122.9,73,4,3123.0,51,2,3123.1,42,3,3123.2,399,2,3123.4,223,2
2031,2026-06-16 10:12:30+05:30,3122.8,1,3135.26,849289,109851.0,193966.0,3163.0,3163.0,3115.5,3134.3,31810400,3447.7,2820.9,3839.9,2896.0,3122.7,10,3,3122.6,26,1,3122.4,90,8,3122.3,14,1,3122.2,110,6,3122.8,99,1,3122.9,65,6,3123.0,49,2,3123.1,32,2,3123.2,423,3
2031,2026-06-16 10:12:31+05:30,3122.8,1,3135.26,849289,109851.0,193966.0,3163.0,3163.0,3115.5,3134.3,31810400,3447.7,2820.9,3839.9,2896.0,3122.7,10,3,3122.6,26,1,3122.4,90,8,3122.3,14,1,3122.2,110,6,3122.8,99,1,3122.9,65,6,3123.0,49,2,3123.1,32,2,3123.2,423,3
2031,2026-06-16 10:12:31+05:30,3122.8,26,3135.26,849289,109851.0,193966.0,3163.0,3163.0,3115.5,3134.3,31810400,3447.7,2820.9,3839.9,2896.0,3122.7,10,3,3122.6,26,1,3122.4,90,8,3122.3,14,1,3122.2,110,6,3122.8,99,1,3122.9,65,6,3123.0,49,2,3123.1,32,2,3123.2,423,3
2031,2026-06-16 10:12:31+05:30,3122.8,26,3135.26,849289,109851.0,193966.0,3163.0,3163.0,3115.5,3134.3,31810400,3447.7,2820.9,3839.9,2896.0,3122.7,10,3,3122.6,26,1,3122.4,90,8,3122.3,14,1,3122.2,110,6,3122.8,99,1,3122.9,65,6,3123.0,49,2,3123.1,32,2,3123.2,423,3
2031,2026-06-16 10:12:31+05:30,3122.8,26,3135.26,849438,109906.0,193986.0,3163.0,3163.0,3115.5,3134.3,31810400,3447.7,2820.9,3839.9,2896.0,3122.7,21,3,3122.6,26,1,3122.5,9,1,3122.4,95,8,3122.3,14,1,3122.9,58,6,3123.0,49,2,3123.1,32,2,3123.2,199,1,3123.5,210,3
2031,2026-06-16 10:12:32+05:30,3122.8,26,3135.26,849438,109906.0,193986.0,3163.0,3163.0,3115.5,3134.3,31810400,3447.7,2820.9,3839.9,2896.0,3122.7,21,3,3122.6,26,1,3122.5,9,1,3122.4,95,8,3122.3,14,1,3122.9,58,6,3123.0,49,2,3123.1,32,2,3123.2,199,1,3123.5,210,3
2031,2026-06-16 10:12:32+05:30,3122.9,4,3135.26,849438,109906.0,193986.0,3163.0,3163.0,3115.5,3134.3,31810400,3447.7,2820.9,3839.9,2896.0,3122.7,21,3,3122.6,26,1,3122.5,9,1,3122.4,95,8,3122.3,14,1,3122.9,58,6,3123.0,49,2,3123.1,32,2,3123.2,199,1,3123.5,210,3
2031,2026-06-16 10:12:32+05:30,3122.9,4,3135.26,849438,109906.0,193986.0,3163.0,3163.0,3115.5,3134.3,31810400,3447.7,2820.9,3839.9,2896.0,3122.7,21,3,3122.6,26,1,3122.5,9,1,3122.4,95,8,3122.3,14,1,3122.9,58,6,3123.0,49,2,3123.1,32,2,3123.2,199,1,3123.5,210,3
2031,2026-06-16 10:12:32+05:30,3122.9,4,3135.26,849538,109848.0,193356.0,3163.0,3163.0,3115.5,3134.3,31810400,3447.7,2820.9,3839.9,2896.0,3122.7,21,3,3122.6,26,1,3122.5,38,3,3122.4,95,8,3122.3,14,1,3122.9,4,2,3123.0,49,2,3123.1,32,2,3123.2,225,2,3123.5,210,3
2031,2026-06-16 10:12:33+05:30,3122.9,4,3135.26,849538,109848.0,193356.0,3163.0,3163.0,3115.5,3134.3,31810400,3447.7,2820.9,3839.9,2896.0,3122.7,21,3,3122.6,26,1,3122.5,38,3,3122.4,95,8,3122.3,14,1,3122.9,4,2,3123.0,49,2,3123.1,32,2,3123.2,225,2,3123.5,210,3
2031,2026-06-16 10:12:33+05:30,3122.4,2,3135.25,849738,109297.0,193287.0,3163.0,3163.0,3115.5,3134.3,31810400,3447.7,2820.9,3839.9,2896.0,3122.4,108,10,3122.3,14,1,3122.2,64,5,3122.1,15,2,3122.0,138,9,3122.9,4,2,3123.0,69,3,3123.1,32,2,3123.2,225,2,3123.4,13,1
2031,2026-06-16 10:12:34+05:30,3122.4,2,3135.25,849738,109297.0,193287.0,3163.0,3163.0,3115.5,3134.3,31810400,3447.7,2820.9,3839.9,2896.0,3122.4,108,10,3122.3,14,1,3122.2,64,5,3122.1,15,2,3122.0,138,9,3122.9,4,2,3123.0,69,3,3123.1,32,2,3123.2,225,2,3123.4,13,1
2031,2026-06-16 10:12:34+05:30,3122.4,11,3135.25,849738,109297.0,193287.0,3163.0,3163.0,3115.5,3134.3,31810400,3447.7,2820.9,3839.9,2896.0,3122.4,108,10,3122.3,14,1,3122.2,64,5,3122.1,15,2,3122.0,138,9,3122.9,4,2,3123.0,69,3,3123.1,32,2,3123.2,225,2,3123.4,13,1
2031,2026-06-16 10:12:34+05:30,3122.4,11,3135.25,849938,109250.0,193198.0,3163.0,3163.0,3115.5,3134.3,31810400,3447.7,2820.9,3839.9,2896.0,3122.4,98,9,3122.3,14,1,3122.2,64,5,3122.1,15,2,3122.0,138,9,3122.9,3,1,3123.0,72,4,3123.1,32,2,3123.2,225,2,3123.4,199,1
2031,2026-06-16 10:12:35+05:30,3122.4,11,3135.25,849938,109250.0,193198.0,3163.0,3163.0,3115.5,3134.3,31810400,3447.7,2820.9,3839.9,2896.0,3122.4,98,9,3122.3,14,1,3122.2,64,5,3122.1,15,2,3122.0,138,9,3122.9,3,1,3123.0,72,4,3123.1,32,2,3123.2,225,2,3123.4,199,1
2031,2026-06-16 10:12:35+05:30,3122.9,1,3135.25,849938,109250.0,193198.0,3163.0,3163.0,3115.5,3134.3,31810400,3447.7,2820.9,3839.9,2896.0,3122.4,98,9,3122.3,14,1,3122.2,64,5,3122.1,15,2,3122.0,138,9,3122.9,3,1,3123.0,72,4,3123.1,32,2,3123.2,225,2,3123.4,199,1
2031,2026-06-16 10:12:35+05:30,3122.9,1,3135.25,849946,109373.0,192988.0,3163.0,3163.0,3115.5,3134.3,31810400,3447.7,2820.9,3839.9,2896.0,3122.4,148,10,3122.3,28,2,3122.2,90,6,3122.1,15,2,3122.0,176,10,3122.9,1,1,3123.0,72,4,3123.1,32,2,3123.2,225,2,3123.5,210,3
2031,2026-06-16 10:12:35+05:30,3122.9,1,3135.25,849946,109373.0,192988.0,3163.0,3163.0,3115.5,3134.3,31810400,3447.7,2820.9,3839.9,2896.0,3122.4,148,10,3122.3,28,2,3122.2,90,6,3122.1,15,2,3122.0,176,10,3122.9,1,1,3123.0,72,4,3123.1,32,2,3123.2,225,2,3123.5,210,3
2031,2026-06-16 10:12:36+05:30,3123.0,4,3135.25,849946,109373.0,192988.0,3163.0,3163.0,3115.5,3134.3,31810400,3447.7,2820.9,3839.9,2896.0,3122.4,148,10,3122.3,28,2,3122.2,90,6,3122.1,15,2,3122.0,176,10,3122.9,1,1,3123.0,72,4,3123.1,32,2,3123.2,225,2,3123.5,210,3
2031,2026-06-16 10:12:36+05:30,3123.0,4,3135.25,849946,109373.0,192988.0,3163.0,3163.0,3115.5,3134.3,31810400,3447.7,2820.9,3839.9,2896.0,3122.4,148,10,3122.3,28,2,3122.2,90,6,3122.1,15,2,3122.0,176,10,3122.9,1,1,3123.0,72,4,3123.1,32,2,3123.2,225,2,3123.5,210,3
2031,2026-06-16 10:12:36+05:30,3123.0,4,3135.25,849952,110145.0,191554.0,3163.0,3163.0,3115.5,3134.3,31810400,3447.7,2820.9,3839.9,2896.0,3122.6,80,6,3122.5,80,4,3122.4,187,11,3122.3,56,3,3122.2,106,6,3123.0,68,4,3123.1,32,2,3123.2,225,2,3123.5,210,3,3123.6,20,1
2031,2026-06-16 10:12:37+05:30,3123.0,4,3135.25,849952,110145.0,191554.0,3163.0,3163.0,3115.5,3134.3,31810400,3447.7,2820.9,3839.9,2896.0,3122.6,80,6,3122.5,80,4,3122.4,187,11,3122.3,56,3,3122.2,106,6,3123.0,68,4,3123.1,32,2,3123.2,225,2,3123.5,210,3,3123.6,20,1
2031,2026-06-16 10:12:37+05:30,3123.2,1,3135.25,849952,110145.0,191554.0,3163.0,3163.0,3115.5,3134.3,31810400,3447.7,2820.9,3839.9,2896.0,3122.6,80,6,3122.5,80,4,3122.4,187,11,3122.3,56,3,3122.2,106,6,3123.0,68,4,3123.1,32,2,3123.2,225,2,3123.5,210,3,3123.6,20,1
2031,2026-06-16 10:12:37+05:30,3123.2,1,3135.25,850113,110782.0,193002.0,3163.0,3163.0,3115.5,3134.3,31810400,3447.7,2820.9,3839.9,2896.0,3123.1,1,1,3123.0,66,4,3122.9,49,3,3122.8,80,5,3122.6,293,8,3123.2,224,2,3123.5,236,4,3123.7,3,1,3123.8,21,1,3123.9,19,3
2031,2026-06-16 10:12:38+05:30,3123.2,1,3135.25,850113,110782.0,193002.0,3163.0,3163.0,3115.5,3134.3,31808800,3447.7,2820.9,3839.9,2896.0,3123.1,1,1,3123.0,66,4,3122.9,49,3,3122.8,80,5,3122.6,293,8,3123.2,224,2,3123.5,236,4,3123.7,3,1,3123.8,21,1,3123.9,19,3
2031,2026-06-16 10:12:38+05:30,3123.2,19,3135.25,850113,110782.0,193002.0,3163.0,3163.0,3115.5,3134.3,31808800,3447.7,2820.9,3839.9,2896.0,3123.1,1,1,3123.0,66,4,3122.9,49,3,3122.8,80,5,3122.6,293,8,3123.2,224,2,3123.5,236,4,3123.7,3,1,3123.8,21,1,3123.9,19,3
2031,2026-06-16 10:12:38+05:30,3123.2,19,3135.24,850356,110560.0,192772.0,3163.0,3163.0,3115.5,3134.3,31808800,3447.7,2820.9,3839.9,2896.0,3123.2,17,1,3123.1,60,7,3123.0,21,2,3122.9,49,3,3122.8,112,6,3123.5,236,4,3123.7,3,1,3123.9,19,3,3124.0,53,2,3124.1,187,2
2031,2026-06-16 10:12:39+05:30,3123.2,41,3135.24,850356,110560.0,192772.0,3163.0,3163.0,3115.5,3134.3,31808800,3447.7,2820.9,3839.9,2896.0,3123.2,17,1,3123.1,60,7,3123.0,21,2,3122.9,49,3,3122.8,112,6,3123.5,236,4,3123.7,3,1,3123.9,19,3,3124.0,53,2,3124.1,187,2
2031,2026-06-16 10:12:39+05:30,3123.2,41,3135.24,850508,110436.0,192397.0,3163.0,3163.0,3115.5,3134.3,31808800,3447.7,2820.9,3839.9,2896.0,3123.1,55,7,3123.0,34,2,3122.9,34,3,3122.8,80,5,3122.7,231,2,3123.2,11,1,3123.5,273,6,3123.7,3,1,3123.9,19,3,3124.0,95,4
2031,2026-06-16 10:12:40+05:30,3123.2,36,3135.24,850508,110436.0,192397.0,3163.0,3163.0,3115.5,3134.3,31808800,3447.7,2820.9,3839.9,2896.0,3123.1,55,7,3123.0,34,2,3122.9,34,3,3122.8,80,5,3122.7,231,2,3123.2,11,1,3123.5,273,6,3123.7,3,1,3123.9,19,3,3124.0,95,4
2031,2026-06-16 10:12:40+05:30,3123.2,36,3135.24,850618,110416.0,192737.0,3163.0,3163.0,3115.5,3134.3,31808800,3447.7,2820.9,3839.9,2896.0,3123.1,39,6,3123.0,20,2,3122.9,34,3,3122.8,183,9,3122.6,99,6,3123.5,273,6,3123.7,3,1,3123.9,19,3,3124.0,74,3,3124.1,187,2
2031,2026-06-16 10:12:41+05:30,3123.2,2,3135.24,850618,110416.0,192737.0,3163.0,3163.0,3115.5,3134.3,31808800,3447.7,2820.9,3839.9,2896.0,3123.1,39,6,3123.0,20,2,3122.9,34,3,3122.8,183,9,3122.6,99,6,3123.5,273,6,3123.7,3,1,3123.9,19,3,3124.0,74,3,3124.1,187,2
2031,2026-06-16 10:12:41+05:30,3123.2,2,3135.24,850620,110443.0,192680.0,3163.0,3163.0,3115.5,3134.3,31808800,3447.7,2820.9,3839.9,2896.0,3123.1,52,7,3123.0,20,2,3122.9,34,3,3122.8,169,9,3122.6,57,5,3123.2,1,1,3123.5,291,7,3123.7,3,1,3123.9,19,3,3124.0,99,4
2031,2026-06-16 10:12:43+05:30,3123.2,1,3135.24,850621,110483.0,192568.0,3163.0,3163.0,3115.5,3134.3,31808800,3447.7,2820.9,3839.9,2896.0,3123.1,52,7,3123.0,34,3,3122.9,34,3,3122.8,130,8,3122.6,221,5,3123.2,77,3,3123.5,273,6,3123.7,3,1,3123.9,19,3,3124.0,74,3
2031,2026-06-16 10:12:43+05:30,3123.2,1,3135.24,850621,110483.0,192568.0,3163.0,3163.0,3115.5,3134.3,31808800,3447.7,2820.9,3839.9,2896.0,3123.1,52,7,3123.0,34,3,3122.9,34,3,3122.8,130,8,3122.6,221,5,3123.2,77,3,3123.5,273,6,3123.7,3,1,3123.9,19,3,3124.0,74,3
2031,2026-06-16 10:12:43+05:30,3123.2,1,3135.24,850623,110572.0,190923.0,3163.0,3163.0,3115.5,3134.3,31808800,3447.7,2820.9,3839.9,2896.0,3123.1,28,4,3123.0,30,2,3122.9,20,1,3122.8,33,3,3122.5,107,3,3123.2,133,5,3123.5,273,6,3123.7,203,2,3123.9,19,3,3124.0,100,4
2031,2026-06-16 10:12:44+05:30,3123.2,17,3135.24,850623,110572.0,190923.0,3163.0,3163.0,3115.5,3134.3,31808800,3447.7,2820.9,3839.9,2896.0,3123.1,28,4,3123.0,30,2,3122.9,20,1,3122.8,33,3,3122.5,107,3,3123.2,133,5,3123.5,273,6,3123.7,203,2,3123.9,19,3,3124.0,100,4
2031,2026-06-16 10:12:44+05:30,3123.2,17,3135.24,850785,110449.0,192856.0,3163.0,3163.0,3115.5,3134.3,31808800,3447.7,2820.9,3839.9,2896.0,3123.1,7,3,3123.0,30,2,3122.9,20,1,3122.8,66,3,3122.5,180,4,3123.5,273,6,3123.7,23,2,3123.8,34,1,3123.9,248,5,3124.0,134,5
2031,2026-06-16 10:12:45+05:30,3124.8,1,3135.24,850785,110449.0,192856.0,3163.0,3163.0,3115.5,3134.3,31808800,3447.7,2820.9,3839.9,2896.0,3123.1,7,3,3123.0,30,2,3122.9,20,1,3122.8,66,3,3122.5,180,4,3123.5,273,6,3123.7,23,2,3123.8,34,1,3123.9,248,5,3124.0,134,5
2031,2026-06-16 10:12:45+05:30,3125.0,1,3135.21,852581,112961.0,190676.0,3163.0,3163.0,3115.5,3134.3,31808800,3447.7,2820.9,3839.9,2896.0,3124.9,25,1,3124.8,1,1,3124.7,19,1,3124.5,7,1,3124.4,19,1,3125.0,692,2,3125.3,32,1,3125.6,22,1,3125.8,20,1,3125.9,49,3
2031,2026-06-16 10:12:46+05:30,3125.0,1,3135.21,852581,112961.0,190676.0,3163.0,3163.0,3115.5,3134.3,31808800,3447.7,2820.9,3839.9,2896.0,3124.9,25,1,3124.8,1,1,3124.7,19,1,3124.5,7,1,3124.4,19,1,3125.0,692,2,3125.3,32,1,3125.6,22,1,3125.8,20,1,3125.9,49,3
2031,2026-06-16 10:12:47+05:30,3125.0,1,3135.21,852582,113097.0,191258.0,3163.0,3163.0,3115.5,3134.3,31808800,3447.7,2820.9,3839.9,2896.0,3124.9,114,3,3124.8,20,2,3124.6,22,1,3124.5,7,1,3124.4,57,3,3125.0,884,5,3125.3,32,1,3125.5,200,1,3125.6,22,1,3125.8,82,2
2031,2026-06-16 10:12:47+05:30,3124.9,67,3135.21,852582,113097.0,191258.0,3163.0,3163.0,3115.5,3134.3,31808800,3447.7,2820.9,3839.9,2896.0,3124.9,114,3,3124.8,20,2,3124.6,22,1,3124.5,7,1,3124.4,57,3,3125.0,884,5,3125.3,32,1,3125.5,200,1,3125.6,22,1,3125.8,82,2
2031,2026-06-16 10:12:48+05:30,3124.9,67,3135.21,852676,112605.0,191812.0,3163.0,3163.0,3115.5,3134.3,31808800,3447.7,2820.9,3839.9,2896.0,3124.9,22,2,3124.8,1,1,3124.4,38,2,3124.0,717,7,3123.9,17,1,3125.0,884,5,3125.3,432,3,3125.5,37,2,3125.6,114,3,3125.7,28,1
2031,2026-06-16 10:12:49+05:30,3125.0,1,3135.21,852677,112474.0,191805.0,3163.0,3163.0,3115.5,3134.3,31808800,3447.7,2820.9,3839.9,2896.0,3124.9,22,2,3124.4,38,2,3124.1,169,1,3124.0,683,5,3123.9,34,2,3125.0,970,6,3125.3,473,4,3125.4,34,1,3125.5,55,3,3125.6,138,4
2031,2026-06-16 10:12:49+05:30,3125.0,211,3135.21,852677,112474.0,191805.0,3163.0,3163.0,3115.5,3134.3,31808800,3447.7,2820.9,3839.9,2896.0,3124.9,22,2,3124.4,38,2,3124.1,169,1,3124.0,683,5,3123.9,34,2,3125.0,970,6,3125.3,473,4,3125.4,34,1,3125.5,55,3,3125.6,138,4
2031,2026-06-16 10:12:50+05:30,3125.0,20,3135.2,853948,112717.0,190469.0,3163.0,3163.0,3115.5,3134.3,31808800,3447.7,2820.9,3839.9,2896.0,3125.0,772,1,3124.9,22,2,3124.5,42,1,3124.4,19,1,3124.3,62,1,3125.3,273,3,3125.5,19,1,3125.8,20,1,3125.9,69,3,3126.0,416,3
2031,2026-06-16 10:12:50+05:30,3125.3,1,3135.2,853948,112717.0,190469.0,3163.0,3163.0,3115.5,3134.3,31808800,3447.7,2820.9,3839.9,2896.0,3125.0,772,1,3124.9,22,2,3124.5,42,1,3124.4,19,1,3124.3,62,1,3125.3,273,3,3125.5,19,1,3125.8,20,1,3125.9,69,3,3126.0,416,3
2031,2026-06-16 10:12:51+05:30,3125.3,1,3135.2,853949,112843.0,190637.0,3163.0,3163.0,3115.5,3134.3,31808800,3447.7,2820.9,3839.9,2896.0,3125.1,2,2,3125.0,804,2,3124.9,22,2,3124.4,14,1,3124.3,62,1,3125.3,298,4,3125.5,19,1,3125.7,34,1,3125.8,20,1,3125.9,59,3
2031,2026-06-16 10:12:51+05:30,3123.5,43,3135.2,853949,112843.0,190637.0,3163.0,3163.0,3115.5,3134.3,31808800,3447.7,2820.9,3839.9,2896.0,3125.1,2,2,3125.0,804,2,3124.9,22,2,3124.4,14,1,3124.3,62,1,3125.3,298,4,3125.5,19,1,3125.7,34,1,3125.8,20,1,3125.9,59,3
2031,2026-06-16 10:12:52+05:30,3123.1,114,3135.11,861591,108206.0,193091.0,3163.0,3163.0,3115.5,3134.3,31808800,3447.7,2820.9,3839.9,2896.0,3123.0,16,1,3122.8,32,2,3122.6,26,1,3122.5,27,2,3122.4,10,1,3123.2,180,1,3123.9,200,1,3124.0,262,2,3124.2,33,2,3124.3,66,2
2031,2026-06-16 10:12:52+05:30,3123.1,15,3135.11,861591,108206.0,193091.0,3163.0,3163.0,3115.5,3134.3,31808800,3447.7,2820.9,3839.9,2896.0,3123.0,16,1,3122.8,32,2,3122.6,26,1,3122.5,27,2,3122.4,10,1,3123.2,180,1,3123.9,200,1,3124.0,262,2,3124.2,33,2,3124.3,66,2
2031,2026-06-16 10:12:53+05:30,3123.1,1,3135.09,862617,107372.0,192732.0,3163.0,3163.0,3115.5,3134.3,31808800,3447.7,2820.9,3839.9,2896.0,3123.0,6,1,3122.5,1,1,3122.0,5,2,3121.9,200,1,3121.7,15,1,3123.2,611,7,3123.3,96,2,3123.4,59,3,3123.5,32,1,3123.6,71,3
2031,2026-06-16 10:12:53+05:30,3121.9,59,3135.09,862617,107372.0,192732.0,3163.0,3163.0,3115.5,3134.3,31808800,3447.7,2820.9,3839.9,2896.0,3123.0,6,1,3122.5,1,1,3122.0,5,2,3121.9,200,1,3121.7,15,1,3123.2,611,7,3123.3,96,2,3123.4,59,3,3123.5,32,1,3123.6,71,3
2031,2026-06-16 10:12:54+05:30,3121.9,59,3135.09,862707,107630.0,194067.0,3163.0,3163.0,3115.5,3134.3,31808800,3447.7,2820.9,3839.9,2896.0,3121.9,268,4,3121.7,49,3,3121.6,80,2,3121.5,26,1,3121.4,156,5,3123.1,47,2,3123.2,479,7,3123.3,59,2,3123.4,21,1,3123.5,32,1
2031,2026-06-16 10:12:55+05:30,3121.9,59,3135.09,862707,107442.0,194050.0,3163.0,3163.0,3115.5,3134.3,31808800,3447.7,2820.9,3839.9,2896.0,3121.9,249,4,3121.8,22,1,3121.7,30,2,3121.6,84,3,3121.5,90,3,3122.5,183,1,3122.6,27,1,3122.7,166,1,3123.1,92,4,3123.2,166,6
2031,2026-06-16 10:12:55+05:30,3121.9,249,3135.09,862707,107442.0,194050.0,3163.0,3163.0,3115.5,3134.3,31808800,3447.7,2820.9,3839.9,2896.0,3121.9,249,4,3121.8,22,1,3121.7,30,2,3121.6,84,3,3121.5,90,3,3122.5,183,1,3122.6,27,1,3122.7,166,1,3123.1,92,4,3123.2,166,6
2031,2026-06-16 10:12:56+05:30,3121.9,249,3135.08,863205,107285.0,193288.0,3163.0,3163.0,3115.5,3134.3,31808800,3447.7,2820.9,3839.9,2896.0,3121.9,15,1,3121.8,67,3,3121.7,30,2,3121.6,136,5,3121.5,205,3,3122.5,148,1,3122.6,27,1,3122.7,50,1,3123.1,45,2,3123.2,115,4
2031,2026-06-16 10:12:56+05:30,3122.5,1,3135.08,863205,107285.0,193288.0,3163.0,3163.0,3115.5,3134.3,31808800,3447.7,2820.9,3839.9,2896.0,3121.9,15,1,3121.8,67,3,3121.7,30,2,3121.6,136,5,3121.5,205,3,3122.5,148,1,3122.6,27,1,3122.7,50,1,3123.1,45,2,3123.2,115,4
2031,2026-06-16 10:12:57+05:30,3121.9,1,3135.08,863439,107362.0,194632.0,3163.0,3163.0,3115.5,3134.3,31808800,3447.7,2820.9,3839.9,2896.0,3121.8,22,1,3121.7,15,1,3121.6,1,1,3121.4,22,3,3121.3,205,2,3122.5,166,2,3122.6,27,1,3122.7,50,1,3122.9,29,1,3123.0,148,1
2031,2026-06-16 10:12:57+05:30,3121.8,140,3135.08,863439,107362.0,194632.0,3163.0,3163.0,3115.5,3134.3,31808800,3447.7,2820.9,3839.9,2896.0,3121.8,22,1,3121.7,15,1,3121.6,1,1,3121.4,22,3,3121.3,205,2,3122.5,166,2,3122.6,27,1,3122.7,50,1,3122.9,29,1,3123.0,148,1
2031,2026-06-16 10:12:58+05:30,3121.8,80,3135.07,863659,105528.0,195662.0,3163.0,3163.0,3115.5,3134.3,31808800,3447.7,2820.9,3839.9,2896.0,3121.7,15,1,3121.4,2,1,3121.2,7,1,3120.6,41,3,3120.5,200,2,3122.0,18,1,3122.1,92,4,3122.2,27,2,3122.3,36,2,3122.4,43,3
2031,2026-06-16 10:12:58+05:30,3121.7,50,3135.07,863659,105528.0,195662.0,3163.0,3163.0,3115.5,3134.3,31808800,3447.7,2820.9,3839.9,2896.0,3121.7,15,1,3121.4,2,1,3121.2,7,1,3120.6,41,3,3120.5,200,2,3122.0,18,1,3122.1,92,4,3122.2,27,2,3122.3,36,2,3122.4,43,3
2031,2026-06-16 10:12:59+05:30,3121.7,38,3135.07,863776,105888.0,194973.0,3163.0,3163.0,3115.5,3134.3,31808800,3447.7,2820.9,3839.9,2896.0,3121.4,2,1,3121.2,7,1,3120.8,26,1,3120.6,7,1,3120.5,303,4,3121.7,28,1,3122.0,102,3,3122.1,28,1,3122.2,10,1,3122.3,62,1
2031,2026-06-16 10:12:59+05:30,3121.7,38,3135.07,863776,105888.0,194973.0,3163.0,3163.0,3115.5,3134.3,31808800,3447.7,2820.9,3839.9,2896.0,3121.4,2,1,3121.2,7,1,3120.8,26,1,3120.6,7,1,3120.5,303,4,3121.7,28,1,3122.0,102,3,3122.1,28,1,3122.2,10,1,3122.3,62,1
2031,2026-06-16 10:13:00+05:30,3121.7,25,3135.07,863801,106616.0,195175.0,3163.0,3163.0,3115.5,3134.3,31808800,3447.7,2820.9,3839.9,2896.0,3121.4,125,5,3121.3,26,1,3121.2,29,2,3121.0,98,2,3120.9,68,2,3121.7,44,4,3122.0,155,2,3122.1,28,1,3122.4,15,2,3122.5,112,3
2031,2026-06-16 10:13:00+05:30,3121.7,3,3135.07,863801,106616.0,195175.0,3163.0,3163.0,3115.5,3134.3,31808800,3447.7,2820.9,3839.9,2896.0,3121.4,125,5,3121.3,26,1,3121.2,29,2,3121.0,98,2,3120.9,68,2,3121.7,44,4,3122.0,155,2,3122.1,28,1,3122.4,15,2,3122.5,112,3
2031,2026-06-16 10:13:01+05:30,3121.7,3,3135.07,864145,107078.0,193996.0,3163.0,3163.0,3115.5,3134.3,31808800,3447.7,2820.9,3839.9,2896.0,3121.4,52,6,3121.2,76,5,3121.1,63,3,3121.0,112,4,3120.9,201,3,3122.0,137,2,3122.1,28,1,3122.4,1,1,3122.8,85,2,3122.9,211,3
2031,2026-06-16 10:13:01+05:30,3122.0,1,3135.07,864145,107078.0,193996.0,3163.0,3163.0,3115.5,3134.3,31808800,3447.7,2820.9,3839.9,2896.0,3121.4,52,6,3121.2,76,5,3121.1,63,3,3121.0,112,4,3120.9,201,3,3122.0,137,2,3122.1,28,1,3122.4,1,1,3122.8,85,2,3122.9,211,3
2031,2026-06-16 10:13:02+05:30,3122.0,1,3135.07,864147,106748.0,192600.0,3163.0,3163.0,3115.5,3134.3,31808800,3447.7,2820.9,3839.9,2896.0,3121.8,4,1,3121.4,74,7,3121.2,76,5,3121.1,63,3,3121.0,112,4,3122.0,161,3,3122.1,28,1,3122.4,1,1,3122.8,106,3,3122.9,42,2
2031,2026-06-16 10:13:02+05:30,3122.0,1,3135.07,864147,106748.0,192600.0,3163.0,3163.0,3115.5,3134.3,31808800,3447.7,2820.9,3839.9,2896.0,3121.8,4,1,3121.4,74,7,3121.2,76,5,3121.1,63,3,3121.0,112,4,3122.0,161,3,3122.1,28,1,3122.4,1,1,3122.8,106,3,3122.9,42,2
2031,2026-06-16 10:13:03+05:30,3122.0,2,3135.07,864203,107017.0,193978.0,3163.0,3163.0,3115.5,3134.3,31808800,3447.7,2820.9,3839.9,2896.0,3121.9,10,1,3121.8,56,3,3121.6,19,1,3121.5,36,2,3121.4,34,3,3122.0,173,4,3122.1,28,1,3122.4,1,1,3122.8,106,3,3122.9,14,1
2031,2026-06-16 10:13:03+05:30,3122.0,1,3135.07,864203,107017.0,193978.0,3163.0,3163.0,3115.5,3134.3,31808800,3447.7,2820.9,3839.9,2896.0,3121.9,10,1,3121.8,56,3,3121.6,19,1,3121.5,36,2,3121.4,34,3,3122.0,173,4,3122.1,28,1,3122.4,1,1,3122.8,106,3,3122.9,14,1
2031,2026-06-16 10:13:04+05:30,3121.7,10,3135.06,864381,106308.0,194710.0,3163.0,3163.0,3115.5,3134.3,31808800,3447.7,2820.9,3839.9,2896.0,3121.4,34,3,3121.2,7,1,3120.9,26,1,3120.8,101,3,3120.7,22,1,3121.7,56,1,3121.8,20,1,3122.0,161,4,3122.1,28,1,3122.4,56,2
2031,2026-06-16 10:13:04+05:30,3121.7,10,3135.06,864381,106308.0,194710.0,3163.0,3163.0,3115.5,3134.3,31808800,3447.7,2820.9,3839.9,2896.0,3121.4,34,3,3121.2,7,1,3120.9,26,1,3120.8,101,3,3120.7,22,1,3121.7,56,1,3121.8,20,1,3122.0,161,4,3122.1,28,1,3122.4,56,2
2031,2026-06-16 10:13:05+05:30,3121.6,10,3135.06,864381,106308.0,194710.0,3163.0,3163.0,3115.5,3134.3,31808800,3447.7,2820.9,3839.9,2896.0,3121.4,34,3,3121.2,7,1,3120.9,26,1,3120.8,101,3,3120.7,22,1,3121.7,56,1,3121.8,20,1,3122.0,161,4,3122.1,28,1,3122.4,56,2
2031,2026-06-16 10:13:05+05:30,3121.6,10,3135.06,864399,105520.0,194939.0,3163.0,3163.0,3115.5,3134.3,31808800,3447.7,2820.9,3839.9,2896.0,3121.4,63,4,3121.2,7,1,3120.9,26,1,3120.8,62,1,3120.7,22,1,3121.6,59,1,3121.7,105,3,3121.8,20,1,3122.0,96,3,3122.3,96,2
2031,2026-06-16 10:13:06+05:30,3121.4,2,3135.06,864399,105520.0,194939.0,3163.0,3163.0,3115.5,3134.3,31808800,3447.7,2820.9,3839.9,2896.0,3121.4,63,4,3121.2,7,1,3120.9,26,1,3120.8,62,1,3120.7,22,1,3121.6,59,1,3121.7,105,3,3121.8,20,1,3122.0,96,3,3122.3,96,2
2031,2026-06-16 10:13:06+05:30,3121.4,2,3135.06,864656,105830.0,194732.0,3163.0,3163.0,3115.5,3134.3,31808800,3447.7,2820.9,3839.9,2896.0,3121.4,31,2,3121.2,7,1,3120.6,7,1,3120.4,34,1,3120.3,46,2,3121.6,65,2,3121.7,156,5,3121.8,20,1,3121.9,12,1,3122.0,170,4
2031,2026-06-16 10:13:07+05:30,3121.6,1,3135.06,864656,105830.0,194732.0,3163.0,3163.0,3115.5,3134.3,31808800,3447.7,2820.9,3839.9,2896.0,3121.4,31,2,3121.2,7,1,3120.6,7,1,3120.4,34,1,3120.3,46,2,3121.6,65,2,3121.7,156,5,3121.8,20,1,3121.9,12,1,3122.0,170,4
2031,2026-06-16 10:13:07+05:30,3121.6,1,3135.06,864710,106015.0,195607.0,3163.0,3163.0,3115.5,3134.3,31808800,3447.7,2820.9,3839.9,2896.0,3121.4,7,2,3121.2,7,1,3120.6,7,1,3120.5,26,1,3120.3,20,1,3121.6,126,5,3121.7,162,4,3121.8,20,1,3121.9,12,1,3122.0,128,4
2031,2026-06-16 10:13:08+05:30,3121.4,10,3135.06,864710,106015.0,195607.0,3163.0,3163.0,3115.5,3134.3,31808800,3447.7,2820.9,3839.9,2896.0,3121.4,7,2,3121.2,7,1,3120.6,7,1,3120.5,26,1,3120.3,20,1,3121.6,126,5,3121.7,162,4,3121.8,20,1,3121.9,12,1,3122.0,128,4
2031,2026-06-16 10:13:08+05:30,3121.5,10,3135.06,864730,106002.0,195704.0,3163.0,3163.0,3115.5,3134.3,31808800,3447.7,2820.9,3839.9,2896.0,3121.5,3,1,3121.4,12,1,3121.2,7,1,3120.6,7,1,3120.5,26,1,3121.6,108,5,3121.7,79,2,3121.8,20,1,3122.0,124,4,3122.1,39,2
2031,2026-06-16 10:13:09+05:30,3121.5,12,3135.06,864730,106002.0,195704.0,3163.0,3163.0,3115.5,3134.3,31808800,3447.7,2820.9,3839.9,2896.0,3121.5,3,1,3121.4,12,1,3121.2,7,1,3120.6,7,1,3120.5,26,1,3121.6,108,5,3121.7,79,2,3121.8,20,1,3122.0,124,4,3122.1,39,2
2031,2026-06-16 10:13:10+05:30,3121.5,12,3135.06,864742,105927.0,196150.0,3163.0,3163.0,3115.5,3134.3,31808800,3447.7,2820.9,3839.9,2896.0,3121.5,3,2,3121.4,12,1,3121.2,7,1,3120.7,25,1,3120.6,7,1,3121.6,109,6,3121.7,113,4,3121.8,60,2,3121.9,12,1,3122.0,126,4
2031,2026-06-16 10:13:10+05:30,3121.6,1,3135.06,864742,105927.0,196150.0,3163.0,3163.0,3115.5,3134.3,31808800,3447.7,2820.9,3839.9,2896.0,3121.5,3,2,3121.4,12,1,3121.2,7,1,3120.7,25,1,3120.6,7,1,3121.6,109,6,3121.7,113,4,3121.8,60,2,3121.9,12,1,3122.0,126,4
2031,2026-06-16 10:13:11+05:30,3121.6,1,3135.06,864743,105848.0,195640.0,3163.0,3163.0,3115.5,3134.3,31808800,3447.7,2820.9,3839.9,2896.0,3121.5,3,2,3121.4,12,1,3121.2,7,1,3120.7,25,1,3120.6,7,1,3121.6,146,7,3121.7,98,3,3121.8,60,2,3121.9,28,1,3122.0,124,4
2031,2026-06-16 10:13:11+05:30,3121.5,11,3135.06,864743,105848.0,195640.0,3163.0,3163.0,3115.5,3134.3,31808800,3447.7,2820.9,3839.9,2896.0,3121.5,3,2,3121.4,12,1,3121.2,7,1,3120.7,25,1,3120.6,7,1,3121.6,146,7,3121.7,98,3,3121.8,60,2,3121.9,28,1,3122.0,124,4
2031,2026-06-16 10:13:12+05:30,3121.6,52,3135.06,864815,105880.0,195770.0,3163.0,3163.0,3115.5,3134.3,31808800,3447.7,2820.9,3839.9,2896.0,3121.5,5,1,3121.4,37,2,3121.2,7,1,3120.7,25,1,3120.6,7,1,3121.6,99,8,3121.7,98,3,3121.8,60,2,3121.9,28,1,3122.0,124,4
2031,2026-06-16 10:13:12+05:30,3121.6,1,3135.06,864815,105880.0,195770.0,3163.0,3163.0,3115.5,3134.3,31808800,3447.7,2820.9,3839.9,2896.0,3121.5,5,1,3121.4,37,2,3121.2,7,1,3120.7,25,1,3120.6,7,1,3121.6,99,8,3121.7,98,3,3121.8,60,2,3121.9,28,1,3122.0,124,4
2031,2026-06-16 10:13:13+05:30,3121.6,1,3135.06,864816,105886.0,195567.0,3163.0,3163.0,3115.5,3134.3,31808800,3447.7,2820.9,3839.9,2896.0,3121.5,5,1,3121.4,37,2,3121.2,7,1,3120.7,25,1,3120.6,7,1,3121.6,132,9,3121.7,79,2,3121.8,60,2,3121.9,28,1,3122.0,124,4
2031,2026-06-16 10:13:13+05:30,3121.6,2,3135.06,864816,105886.0,195567.0,3163.0,3163.0,3115.5,3134.3,31808800,3447.7,2820.9,3839.9,2896.0,3121.5,5,1,3121.4,37,2,3121.2,7,1,3120.7,25,1,3120.6,7,1,3121.6,132,9,3121.7,79,2,3121.8,60,2,3121.9,28,1,3122.0,124,4
2031,2026-06-16 10:13:14+05:30,3121.6,2,3135.05,865024,105952.0,195318.0,3163.0,3163.0,3115.5,3134.3,31808800,3447.7,2820.9,3839.9,2896.0,3121.5,5,1,3121.2,7,1,3120.9,25,1,3120.7,12,1,3120.6,41,3,3121.6,13,3,3121.7,79,2,3121.8,20,1,3122.0,51,2,3122.1,7,1
2031,2026-06-16 10:13:15+05:30,3121.6,2,3135.05,865024,106870.0,195195.0,3163.0,3163.0,3115.5,3134.3,31808800,3447.7,2820.9,3839.9,2896.0,3121.5,2,1,3121.4,26,2,3121.2,31,2,3121.0,25,1,3120.9,34,2,3121.6,39,4,3121.7,79,2,3121.8,20,1,3122.0,70,3,3122.1,7,1
2031,2026-06-16 10:13:15+05:30,3121.6,1,3135.05,865024,106870.0,195195.0,3163.0,3163.0,3115.5,3134.3,31808800,3447.7,2820.9,3839.9,2896.0,3121.5,2,1,3121.4,26,2,3121.2,31,2,3121.0,25,1,3120.9,34,2,3121.6,39,4,3121.7,79,2,3121.8,20,1,3122.0,70,3,3122.1,7,1
2031,2026-06-16 10:13:16+05:30,3121.6,1,3135.05,865038,106672.0,195213.0,3163.0,3163.0,3115.5,3134.3,31808800,3447.7,2820.9,3839.9,2896.0,3121.5,2,1,3121.4,26,2,3121.2,31,2,3121.0,107,4,3120.9,57,2,3121.6,40,4,3121.7,79,2,3121.8,20,1,3122.0,64,2,3122.5,64,1
2031,2026-06-16 10:13:16+05:30,3121.5,1,3135.05,865038,106672.0,195213.0,3163.0,3163.0,3115.5,3134.3,31808800,3447.7,2820.9,3839.9,2896.0,3121.5,2,1,3121.4,26,2,3121.2,31,2,3121.0,107,4,3120.9,57,2,3121.6,40,4,3121.7,79,2,3121.8,20,1,3122.0,64,2,3122.5,64,1
2031,2026-06-16 10:13:17+05:30,3121.5,1,3135.05,865052,106063.0,194792.0,3163.0,3163.0,3115.5,3134.3,31808800,3447.7,2820.9,3839.9,2896.0,3121.4,1,1,3121.2,13,2,3120.8,25,1,3120.6,126,5,3120.5,127,2,3121.5,205,2,3121.6,40,4,3121.7,23,1,3121.8,20,1,3121.9,28,1
2031,2026-06-16 10:13:17+05:30,3121.5,10,3135.05,865052,106063.0,194792.0,3163.0,3163.0,3115.5,3134.3,31808800,3447.7,2820.9,3839.9,2896.0,3121.4,1,1,3121.2,13,2,3120.8,25,1,3120.6,126,5,3120.5,127,2,3121.5,205,2,3121.6,40,4,3121.7,23,1,3121.8,20,1,3121.9,28,1
2031,2026-06-16 10:13:18+05:30,3121.5,1,3135.05,865063,106066.0,195430.0,3163.0,3163.0,3115.5,3134.3,31808800,3447.7,2820.9,3839.9,2896.0,3121.4,6,2,3121.2,13,2,3120.6,22,2,3120.5,63,1,3120.4,56,2,3121.5,260,4,3121.6,15,3,3121.7,23,1,3121.8,39,2,3121.9,84,2
2031,2026-06-16 10:13:18+05:30,3121.5,1,3135.05,865063,106066.0,195430.0,3163.0,3163.0,3115.5,3134.3,31808800,3447.7,2820.9,3839.9,2896.0,3121.4,6,2,3121.2,13,2,3120.6,22,2,3120.5,63,1,3120.4,56,2,3121.5,260,4,3121.6,15,3,3121.7,23,1,3121.8,39,2,3121.9,84,2
2031,2026-06-16 10:13:19+05:30,3121.5,20,3135.05,865083,106170.0,195615.0,3163.0,3163.0,3115.5,3134.3,31808800,3447.7,2820.9,3839.9,2896.0,3121.4,30,3,3121.2,13,2,3121.0,20,1,3120.8,25,1,3120.6,32,2,3121.5,240,4,3121.6,15,3,3121.7,23,1,3121.8,20,1,3121.9,56,1
2031,2026-06-16 10:13:19+05:30,3121.4,4,3135.05,865083,106170.0,195615.0,3163.0,3163.0,3115.5,3134.3,31808800,3447.7,2820.9,3839.9,2896.0,3121.4,30,3,3121.2,13,2,3121.0,20,1,3120.8,25,1,3120.6,32,2,3121.5,240,4,3121.6,15,3,3121.7,23,1,3121.8,20,1,3121.9,56,1
2031,2026-06-16 10:13:20+05:30,3121.4,4,3135.05,865093,106240.0,195642.0,3163.0,3163.0,3115.5,3134.3,31808800,3447.7,2820.9,3839.9,2896.0,3121.4,26,3,3121.2,13,2,3121.0,20,1,3120.8,25,1,3120.6,95,3,3121.5,249,5,3121.6,15,3,3121.7,23,1,3121.8,20,1,3121.9,84,2
2031,2026-06-16 10:13:21+05:30,3121.4,4,3135.05,865093,106240.0,195642.0,3163.0,3163.0,3115.5,3134.3,31808800,3447.7,2820.9,3839.9,2896.0,3121.4,26,3,3121.2,13,2,3121.0,20,1,3120.8,25,1,3120.6,95,3,3121.5,249,5,3121.6,15,3,3121.7,23,1,3121.8,20,1,3121.9,84,2
2031,2026-06-16 10:13:21+05:30,3121.5,11,3135.05,865319,106414.0,195542.0,3163.0,3163.0,3115.5,3134.3,31808800,3447.7,2820.9,3839.9,2896.0,3121.4,50,3,3121.2,13,2,3121.0,45,2,3120.8,25,1,3120.6,159,4,3121.5,42,3,3121.6,6,1,3121.7,23,1,3121.8,20,1,3122.0,75,2
2031,2026-06-16 10:13:21+05:30,3121.5,11,3135.05,865319,106414.0,195542.0,3163.0,3163.0,3115.5,3134.3,31808800,3447.7,2820.9,3839.9,2896.0,3121.4,50,3,3121.2,13,2,3121.0,45,2,3120.8,25,1,3120.6,159,4,3121.5,42,3,3121.6,6,1,3121.7,23,1,3121.8,20,1,3122.0,75,2
2031,2026-06-16 10:13:22+05:30,3120.3,200,3135.04,865883,103886.0,195360.0,3163.0,3163.0,3115.5,3134.3,31808800,3447.7,2820.9,3839.9,2896.0,3120.1,10,1,3120.0,801,5,3119.9,67,3,3119.8,99,3,3119.7,13,1,3121.0,380,2,3121.1,19,1,3121.2,34,1,3121.3,247,3,3121.4,49,2
2031,2026-06-16 10:13:22+05:30,3120.3,200,3135.04,865883,103886.0,195360.0,3163.0,3163.0,3115.5,3134.3,31808800,3447.7,2820.9,3839.9,2896.0,3120.1,10,1,3120.0,801,5,3119.9,67,3,3119.8,99,3,3119.7,13,1,3121.0,380,2,3121.1,19,1,3121.2,34,1,3121.3,247,3,3121.4,49,2
2031,2026-06-16 10:13:22+05:30,3120.3,200,3135.04,865883,103886.0,195360.0,3163.0,3163.0,3115.5,3134.3,31808800,3447.7,2820.9,3839.9,2896.0,3120.1,10,1,3120.0,801,5,3119.9,67,3,3119.8,99,3,3119.7,13,1,3121.0,380,2,3121.1,19,1,3121.2,34,1,3121.3,247,3,3121.4,49,2
2031,2026-06-16 10:13:23+05:30,3120.3,1,3135.04,865885,104626.0,197763.0,3163.0,3163.0,3115.5,3134.3,31808800,3447.7,2820.9,3839.9,2896.0,3120.0,947,6,3119.9,32,1,3119.8,14,1,3119.5,15,1,3119.4,42,1,3120.2,200,1,3120.3,198,1,3120.5,19,1,3120.8,19,1,3120.9,59,2
2031,2026-06-16 10:13:23+05:30,3120.3,1,3135.04,865885,104626.0,197763.0,3163.0,3163.0,3115.5,3134.3,31808800,3447.7,2820.9,3839.9,2896.0,3120.0,947,6,3119.9,32,1,3119.8,14,1,3119.5,15,1,3119.4,42,1,3120.2,200,1,3120.3,198,1,3120.5,19,1,3120.8,19,1,3120.9,59,2
2031,2026-06-16 10:13:24+05:30,3120.2,23,3135.04,865908,104624.0,197553.0,3163.0,3163.0,3115.5,3134.3,31808800,3447.7,2820.9,3839.9,2896.0,3120.0,947,6,3119.9,32,1,3119.8,14,1,3119.6,42,1,3119.5,15,1,3120.2,266,2,3120.3,242,3,3120.5,19,1,3120.8,19,1,3120.9,217,2
2031,2026-06-16 10:13:24+05:30,3120.2,23,3135.04,865908,104624.0,197553.0,3163.0,3163.0,3115.5,3134.3,31808800,3447.7,2820.9,3839.9,2896.0,3120.0,947,6,3119.9,32,1,3119.8,14,1,3119.6,42,1,3119.5,15,1,3120.2,266,2,3120.3,242,3,3120.5,19,1,3120.8,19,1,3120.9,217,2
2031,2026-06-16 10:13:24+05:30,3120.2,23,3135.04,865908,104624.0,197553.0,3163.0,3163.0,3115.5,3134.3,31808800,3447.7,2820.9,3839.9,2896.0,3120.0,947,6,3119.9,32,1,3119.8,14,1,3119.6,42,1,3119.5,15,1,3120.2,266,2,3120.3,242,3,3120.5,19,1,3120.8,19,1,3120.9,217,2
2031,2026-06-16 10:13:25+05:30,3120.0,101,3135.03,866308,103812.0,197146.0,3163.0,3163.0,3115.5,3134.3,31808800,3447.7,2820.9,3839.9,2896.0,3120.0,564,4,3119.9,32,1,3119.8,14,1,3119.5,15,1,3119.3,77,2,3120.2,322,4,3120.3,44,2,3120.5,19,1,3120.6,33,1,3120.7,82,3
2031,2026-06-16 10:13:25+05:30,3120.0,101,3135.03,866308,103812.0,197146.0,3163.0,3163.0,3115.5,3134.3,31808800,3447.7,2820.9,3839.9,2896.0,3120.0,564,4,3119.9,32,1,3119.8,14,1,3119.5,15,1,3119.3,77,2,3120.2,322,4,3120.3,44,2,3120.5,19,1,3120.6,33,1,3120.7,82,3
2031,2026-06-16 10:13:26+05:30,3120.0,101,3135.03,866308,103812.0,197146.0,3163.0,3163.0,3115.5,3134.3,31808800,3447.7,2820.9,3839.9,2896.0,3120.0,564,4,3119.9,32,1,3119.8,14,1,3119.5,15,1,3119.3,77,2,3120.2,322,4,3120.3,44,2,3120.5,19,1,3120.6,33,1,3120.7,82,3
2031,2026-06-16 10:13:26+05:30,3120.2,1,3135.03,866509,103894.0,196539.0,3163.0,3163.0,3115.5,3134.3,31808800,3447.7,2820.9,3839.9,2896.0,3120.0,364,4,3119.9,32,1,3119.8,14,1,3119.6,11,1,3119.5,15,1,3120.2,321,4,3120.3,44,2,3120.6,33,1,3120.7,29,1,3120.8,58,2
2031,2026-06-16 10:13:26+05:30,3120.0,41,3135.03,866509,103894.0,196539.0,3163.0,3163.0,3115.5,3134.3,31808800,3447.7,2820.9,3839.9,2896.0,3120.0,364,4,3119.9,32,1,3119.8,14,1,3119.6,11,1,3119.5,15,1,3120.2,321,4,3120.3,44,2,3120.6,33,1,3120.7,29,1,3120.8,58,2
2031,2026-06-16 10:13:27+05:30,3120.1,32,3135.02,866806,103746.0,196552.0,3163.0,3163.0,3115.5,3134.3,31808800,3447.7,2820.9,3839.9,2896.0,3120.0,124,3,3119.9,32,1,3119.8,14,1,3119.6,11,1,3119.5,15,1,3120.1,23,1,3120.2,145,3,3120.3,44,2,3120.6,33,1,3120.7,29,1
2031,2026-06-16 10:13:27+05:30,3120.1,32,3135.02,866806,103746.0,196552.0,3163.0,3163.0,3115.5,3134.3,31808800,3447.7,2820.9,3839.9,2896.0,3120.0,124,3,3119.9,32,1,3119.8,14,1,3119.6,11,1,3119.5,15,1,3120.1,23,1,3120.2,145,3,3120.3,44,2,3120.6,33,1,3120.7,29,1
2031,2026-06-16 10:13:27+05:30,3120.1,32,3135.02,866806,103746.0,196552.0,3163.0,3163.0,3115.5,3134.3,31808800,3447.7,2820.9,3839.9,2896.0,3120.0,124,3,3119.9,32,1,3119.8,14,1,3119.6,11,1,3119.5,15,1,3120.1,23,1,3120.2,145,3,3120.3,44,2,3120.6,33,1,3120.7,29,1
2031,2026-06-16 10:13:28+05:30,3120.1,32,3135.02,866806,103884.0,196585.0,3163.0,3163.0,3115.5,3134.3,31808800,3447.7,2820.9,3839.9,2896.0,3120.0,124,3,3119.9,58,2,3119.8,14,1,3119.6,11,1,3119.5,15,1,3120.1,23,1,3120.2,145,3,3120.3,44,2,3120.6,33,1,3120.7,29,1
2031,2026-06-16 10:13:28+05:30,3120.1,9,3135.02,866806,103884.0,196585.0,3163.0,3163.0,3115.5,3134.3,31808800,3447.7,2820.9,3839.9,2896.0,3120.0,124,3,3119.9,58,2,3119.8,14,1,3119.6,11,1,3119.5,15,1,3120.1,23,1,3120.2,145,3,3120.3,44,2,3120.6,33,1,3120.7,29,1
2031,2026-06-16 10:13:29+05:30,3120.1,9,3135.02,866806,103884.0,196585.0,3163.0,3163.0,3115.5,3134.3,31808800,3447.7,2820.9,3839.9,2896.0,3120.0,124,3,3119.9,58,2,3119.8,14,1,3119.6,11,1,3119.5,15,1,3120.1,23,1,3120.2,145,3,3120.3,44,2,3120.6,33,1,3120.7,29,1
2031,2026-06-16 10:13:29+05:30,3120.1,9,3135.02,866816,103750.0,196595.0,3163.0,3163.0,3115.5,3134.3,31808800,3447.7,2820.9,3839.9,2896.0,3120.0,124,3,3119.9,58,2,3119.8,14,1,3119.6,11,1,3119.5,40,2,3120.1,13,1,3120.2,145,3,3120.3,44,2,3120.6,33,1,3120.7,29,1
2031,2026-06-16 10:13:29+05:30,3120.1,1,3135.02,866816,103750.0,196595.0,3163.0,3163.0,3115.5,3134.3,31808800,3447.7,2820.9,3839.9,2896.0,3120.0,124,3,3119.9,58,2,3119.8,14,1,3119.6,11,1,3119.5,40,2,3120.1,13,1,3120.2,145,3,3120.3,44,2,3120.6,33,1,3120.7,29,1
2031,2026-06-16 10:13:30+05:30,3120.1,1,3135.02,866817,103830.0,196595.0,3163.0,3163.0,3115.5,3134.3,31808800,3447.7,2820.9,3839.9,2896.0,3120.0,136,5,3119.9,58,2,3119.8,14,1,3119.7,25,1,3119.6,11,1,3120.1,35,3,3120.2,116,2,3120.3,44,2,3120.6,33,1,3120.7,29,1
2031,2026-06-16 10:13:30+05:30,3120.1,1,3135.02,866817,103830.0,196595.0,3163.0,3163.0,3115.5,3134.3,31808800,3447.7,2820.9,3839.9,2896.0,3120.0,136,5,3119.9,58,2,3119.8,14,1,3119.7,25,1,3119.6,11,1,3120.1,35,3,3120.2,116,2,3120.3,44,2,3120.6,33,1,3120.7,29,1
2031,2026-06-16 10:13:30+05:30,3120.1,2,3135.02,866817,103830.0,196595.0,3163.0,3163.0,3115.5,3134.3,31808800,3447.7,2820.9,3839.9,2896.0,3120.0,136,5,3119.9,58,2,3119.8,14,1,3119.7,25,1,3119.6,11,1,3120.1,35,3,3120.2,116,2,3120.3,44,2,3120.6,33,1,3120.7,29,1
2031,2026-06-16 10:13:31+05:30,3120.1,5,3135.02,866857,103990.0,196649.0,3163.0,3163.0,3115.5,3134.3,31808800,3447.7,2820.9,3839.9,2896.0,3120.1,19,1,3120.0,136,5,3119.9,32,1,3119.8,14,1,3119.5,15,1,3120.2,116,2,3120.3,44,2,3120.6,33,1,3120.7,29,1,3120.8,25,1
2031,2026-06-16 10:13:31+05:30,3120.1,5,3135.02,866857,103990.0,196649.0,3163.0,3163.0,3115.5,3134.3,31808800,3447.7,2820.9,3839.9,2896.0,3120.1,19,1,3120.0,136,5,3119.9,32,1,3119.8,14,1,3119.5,15,1,3120.2,116,2,3120.3,44,2,3120.6,33,1,3120.7,29,1,3120.8,25,1
2031,2026-06-16 10:13:31+05:30,3120.1,5,3135.02,866857,103990.0,196649.0,3163.0,3163.0,3115.5,3134.3,31808800,3447.7,2820.9,3839.9,2896.0,3120.1,19,1,3120.0,136,5,3119.9,32,1,3119.8,14,1,3119.5,15,1,3120.2,116,2,3120.3,44,2,3120.6,33,1,3120.7,29,1,3120.8,25,1
2031,2026-06-16 10:13:31+05:30,3120.1,5,3135.02,866857,103990.0,196649.0,3163.0,3163.0,3115.5,3134.3,31808800,3447.7,2820.9,3839.9,2896.0,3120.1,19,1,3120.0,136,5,3119.9,32,1,3119.8,14,1,3119.5,15,1,3120.2,116,2,3120.3,44,2,3120.6,33,1,3120.7,29,1,3120.8,25,1
2031,2026-06-16 10:13:32+05:30,3120.1,5,3135.02,866857,103990.0,196649.0,3163.0,3163.0,3115.5,3134.3,31808800,3447.7,2820.9,3839.9,2896.0,3120.1,19,1,3120.0,136,5,3119.9,32,1,3119.8,14,1,3119.5,15,1,3120.2,116,2,3120.3,44,2,3120.6,33,1,3120.7,29,1,3120.8,25,1
2031,2026-06-16 10:13:32+05:30,3120.0,42,3135.02,866899,103982.0,197385.0,3163.0,3163.0,3115.5,3134.3,31808800,3447.7,2820.9,3839.9,2896.0,3120.0,94,5,3119.9,54,2,3119.8,14,1,3119.5,15,1,3119.4,25,1,3120.2,127,3,3120.3,44,2,3120.6,60,2,3120.7,29,1,3120.8,25,1
2031,2026-06-16 10:13:32+05:30,3120.0,42,3135.02,866899,103982.0,197385.0,3163.0,3163.0,3115.5,3134.3,31808800,3447.7,2820.9,3839.9,2896.0,3120.0,94,5,3119.9,54,2,3119.8,14,1,3119.5,15,1,3119.4,25,1,3120.2,127,3,3120.3,44,2,3120.6,60,2,3120.7,29,1,3120.8,25,1
2031,2026-06-16 10:13:32+05:30,3120.0,42,3135.02,866899,103982.0,197385.0,3163.0,3163.0,3115.5,3134.3,31808800,3447.7,2820.9,3839.9,2896.0,3120.0,94,5,3119.9,54,2,3119.8,14,1,3119.5,15,1,3119.4,25,1,3120.2,127,3,3120.3,44,2,3120.6,60,2,3120.7,29,1,3120.8,25,1
2031,2026-06-16 10:13:33+05:30,3120.0,42,3135.02,866899,104009.0,197532.0,3163.0,3163.0,3115.5,3134.3,31808800,3447.7,2820.9,3839.9,2896.0,3120.0,94,5,3119.9,54,2,3119.8,14,1,3119.5,15,1,3119.4,25,1,3120.2,128,4,3120.3,44,2,3120.6,60,2,3120.7,29,1,3120.8,25,1
2031,2026-06-16 10:13:33+05:30,3120.0,42,3135.02,866899,104009.0,197532.0,3163.0,3163.0,3115.5,3134.3,31808800,3447.7,2820.9,3839.9,2896.0,3120.0,94,5,3119.9,54,2,3119.8,14,1,3119.5,15,1,3119.4,25,1,3120.2,128,4,3120.3,44,2,3120.6,60,2,3120.7,29,1,3120.8,25,1
2031,2026-06-16 10:13:33+05:30,3120.2,1,3135.02,866899,104009.0,197532.0,3163.0,3163.0,3115.5,3134.3,31808800,3447.7,2820.9,3839.9,2896.0,3120.0,94,5,3119.9,54,2,3119.8,14,1,3119.5,15,1,3119.4,25,1,3120.2,128,4,3120.3,44,2,3120.6,60,2,3120.7,29,1,3120.8,25,1
2031,2026-06-16 10:13:34+05:30,3120.0,18,3135.02,867154,104694.0,197394.0,3163.0,3163.0,3115.5,3134.3,31808800,3447.7,2820.9,3839.9,2896.0,3120.0,76,5,3119.9,32,1,3119.8,14,1,3119.7,25,1,3119.5,107,3,3120.2,68,2,3120.3,44,2,3120.6,33,1,3120.7,29,1,3120.8,25,1
2031,2026-06-16 10:13:34+05:30,3120.0,18,3135.02,867154,104694.0,197394.0,3163.0,3163.0,3115.5,3134.3,31808800,3447.7,2820.9,3839.9,2896.0,3120.0,76,5,3119.9,32,1,3119.8,14,1,3119.7,25,1,3119.5,107,3,3120.2,68,2,3120.3,44,2,3120.6,33,1,3120.7,29,1,3120.8,25,1
2031,2026-06-16 10:13:34+05:30,3120.0,18,3135.02,867154,104694.0,197394.0,3163.0,3163.0,3115.5,3134.3,31808800,3447.7,2820.9,3839.9,2896.0,3120.0,76,5,3119.9,32,1,3119.8,14,1,3119.7,25,1,3119.5,107,3,3120.2,68,2,3120.3,44,2,3120.6,33,1,3120.7,29,1,3120.8,25,1
2031,2026-06-16 10:13:35+05:30,3120.0,18,3135.02,867154,104694.0,197394.0,3163.0,3163.0,3115.5,3134.3,31808800,3447.7,2820.9,3839.9,2896.0,3120.0,76,5,3119.9,32,1,3119.8,14,1,3119.7,25,1,3119.5,107,3,3120.2,68,2,3120.3,44,2,3120.6,33,1,3120.7,29,1,3120.8,25,1
2031,2026-06-16 10:13:35+05:30,3120.0,6,3135.02,867160,104685.0,197411.0,3163.0,3163.0,3115.5,3134.3,31808800,3447.7,2820.9,3839.9,2896.0,3120.0,70,5,3119.9,32,1,3119.8,14,1,3119.5,65,2,3119.4,250,3,3120.2,103,3,3120.3,44,2,3120.6,33,1,3120.7,29,1,3120.8,25,1
2031,2026-06-16 10:13:35+05:30,3120.0,6,3135.02,867160,104685.0,197411.0,3163.0,3163.0,3115.5,3134.3,31808800,3447.7,2820.9,3839.9,2896.0,3120.0,70,5,3119.9,32,1,3119.8,14,1,3119.5,65,2,3119.4,250,3,3120.2,103,3,3120.3,44,2,3120.6,33,1,3120.7,29,1,3120.8,25,1
2031,2026-06-16 10:13:36+05:30,3120.0,6,3135.02,867160,104685.0,197411.0,3163.0,3163.0,3115.5,3134.3,31808800,3447.7,2820.9,3839.9,2896.0,3120.0,70,5,3119.9,32,1,3119.8,14,1,3119.5,65,2,3119.4,250,3,3120.2,103,3,3120.3,44,2,3120.6,33,1,3120.7,29,1,3120.8,25,1
2031,2026-06-16 10:13:36+05:30,3120.2,1,3135.02,867161,104628.0,197439.0,3163.0,3163.0,3115.5,3134.3,31808800,3447.7,2820.9,3839.9,2896.0,3120.0,70,5,3119.9,32,1,3119.8,14,1,3119.5,65,2,3119.4,67,2,3120.2,102,3,3120.3,44,2,3120.6,33,1,3120.7,29,1,3120.8,25,1
2031,2026-06-16 10:13:36+05:30,3120.2,1,3135.02,867161,104628.0,197439.0,3163.0,3163.0,3115.5,3134.3,31808800,3447.7,2820.9,3839.9,2896.0,3120.0,70,5,3119.9,32,1,3119.8,14,1,3119.5,65,2,3119.4,67,2,3120.2,102,3,3120.3,44,2,3120.6,33,1,3120.7,29,1,3120.8,25,1
2031,2026-06-16 10:13:36+05:30,3120.2,1,3135.02,867161,104628.0,197439.0,3163.0,3163.0,3115.5,3134.3,31808800,3447.7,2820.9,3839.9,2896.0,3120.0,70,5,3119.9,32,1,3119.8,14,1,3119.5,65,2,3119.4,67,2,3120.2,102,3,3120.3,44,2,3120.6,33,1,3120.7,29,1,3120.8,25,1
2031,2026-06-16 10:13:37+05:30,3120.2,1,3135.02,867162,104610.0,197463.0,3163.0,3163.0,3115.5,3134.3,31808800,3447.7,2820.9,3839.9,2896.0,3120.0,53,4,3119.9,32,1,3119.8,14,1,3119.5,65,2,3119.4,25,1,3120.2,126,4,3120.3,44,2,3120.6,33,1,3120.7,29,1,3120.8,25,1
2031,2026-06-16 10:13:37+05:30,3120.2,1,3135.02,867162,104610.0,197463.0,3163.0,3163.0,3115.5,3134.3,31808800,3447.7,2820.9,3839.9,2896.0,3120.0,53,4,3119.9,32,1,3119.8,14,1,3119.5,65,2,3119.4,25,1,3120.2,126,4,3120.3,44,2,3120.6,33,1,3120.7,29,1,3120.8,25,1
2031,2026-06-16 10:13:37+05:30,3120.3,1,3135.02,867162,104610.0,197463.0,3163.0,3163.0,3115.5,3134.3,31808800,3447.7,2820.9,3839.9,2896.0,3120.0,53,4,3119.9,32,1,3119.8,14,1,3119.5,65,2,3119.4,25,1,3120.2,126,4,3120.3,44,2,3120.6,33,1,3120.7,29,1,3120.8,25,1
2031,2026-06-16 10:13:38+05:30,3120.3,1,3135.01,867403,104799.0,197365.0,3163.0,3163.0,3115.5,3134.3,31808800,3447.7,2820.9,3839.9,2896.0,3120.0,53,4,3119.9,57,2,3119.8,14,1,3119.5,107,3,3119.4,25,1,3120.3,43,2,3120.6,33,1,3120.7,29,1,3120.8,25,1,3120.9,278,3
2031,2026-06-16 10:13:38+05:30,3120.3,1,3135.01,867403,104799.0,197365.0,3163.0,3163.0,3115.5,3134.3,31812200,3447.7,2820.9,3839.9,2896.0,3120.0,53,4,3119.9,57,2,3119.8,14,1,3119.5,107,3,3119.4,25,1,3120.3,43,2,3120.6,33,1,3120.7,29,1,3120.8,25,1,3120.9,278,3
2031,2026-06-16 10:13:39+05:30,3120.3,1,3135.01,867405,104717.0,197582.0,3163.0,3163.0,3115.5,3134.3,31812200,3447.7,2820.9,3839.9,2896.0,3120.1,11,1,3120.0,42,3,3119.9,57,2,3119.8,14,1,3119.5,40,2,3120.3,41,2,3120.6,33,1,3120.7,29,1,3120.8,44,2,3120.9,274,3
2031,2026-06-16 10:13:39+05:30,3120.3,1,3135.01,867405,104717.0,197582.0,3163.0,3163.0,3115.5,3134.3,31812200,3447.7,2820.9,3839.9,2896.0,3120.1,11,1,3120.0,42,3,3119.9,57,2,3119.8,14,1,3119.5,40,2,3120.3,41,2,3120.6,33,1,3120.7,29,1,3120.8,44,2,3120.9,274,3
2031,2026-06-16 10:13:40+05:30,3120.3,8,3135.01,867413,104931.0,197517.0,3163.0,3163.0,3115.5,3134.3,31812200,3447.7,2820.9,3839.9,2896.0,3120.1,95,2,3120.0,41,2,3119.9,57,2,3119.8,14,1,3119.6,42,1,3120.3,33,2,3120.6,33,1,3120.7,29,1,3120.8,44,2,3120.9,307,4
2031,2026-06-16 10:13:40+05:30,3120.3,8,3135.01,867413,104931.0,197517.0,3163.0,3163.0,3115.5,3134.3,31812200,3447.7,2820.9,3839.9,2896.0,3120.1,95,2,3120.0,41,2,3119.9,57,2,3119.8,14,1,3119.6,42,1,3120.3,33,2,3120.6,33,1,3120.7,29,1,3120.8,44,2,3120.9,307,4
2031,2026-06-16 10:13:41+05:30,3120.3,22,3135.01,867448,105163.0,197159.0,3163.0,3163.0,3115.5,3134.3,31812200,3447.7,2820.9,3839.9,2896.0,3120.2,25,2,3120.1,95,2,3120.0,41,2,3119.9,32,1,3119.8,38,2,3120.3,20,1,3120.9,214,2,3121.0,180,1,3121.1,262,2,3121.2,69,2
2031,2026-06-16 10:13:41+05:30,3120.3,22,3135.01,867448,105163.0,197159.0,3163.0,3163.0,3115.5,3134.3,31812200,3447.7,2820.9,3839.9,2896.0,3120.2,25,2,3120.1,95,2,3120.0,41,2,3119.9,32,1,3119.8,38,2,3120.3,20,1,3120.9,214,2,3121.0,180,1,3121.1,262,2,3121.2,69,2
2031,2026-06-16 10:13:42+05:30,3120.3,24,3135.01,867659,105114.0,197715.0,3163.0,3163.0,3115.5,3134.3,31812200,3447.7,2820.9,3839.9,2896.0,3120.2,1,1,3120.1,95,2,3120.0,41,2,3119.9,32,1,3119.8,14,1,3120.8,258,4,3120.9,87,4,3121.0,359,7,3121.1,246,3,3121.2,52,2
2031,2026-06-16 10:13:42+05:30,3120.7,1,3135.01,867659,105114.0,197715.0,3163.0,3163.0,3115.5,3134.3,31812200,3447.7,2820.9,3839.9,2896.0,3120.2,1,1,3120.1,95,2,3120.0,41,2,3119.9,32,1,3119.8,14,1,3120.8,258,4,3120.9,87,4,3121.0,359,7,3121.1,246,3,3121.2,52,2
2031,2026-06-16 10:13:43+05:30,3120.7,1,3135.01,867660,104977.0,197911.0,3163.0,3163.0,3115.5,3134.3,31812200,3447.7,2820.9,3839.9,2896.0,3120.2,1,1,3120.1,95,2,3120.0,66,3,3119.9,32,1,3119.8,14,1,3120.3,84,3,3120.4,184,1,3120.5,41,3,3120.6,62,3,3120.7,37,2
2031,2026-06-16 10:13:44+05:30,3120.3,1,3135.01,867661,105041.0,198429.0,3163.0,3163.0,3115.5,3134.3,31812200,3447.7,2820.9,3839.9,2896.0,3120.2,31,2,3120.1,95,2,3120.0,82,4,3119.9,32,1,3119.8,14,1,3120.3,128,5,3120.4,226,3,3120.5,9,1,3120.6,69,3,3120.7,28,2
2031,2026-06-16 10:13:44+05:30,3120.3,1,3135.01,867661,105041.0,198429.0,3163.0,3163.0,3115.5,3134.3,31812200,3447.7,2820.9,3839.9,2896.0,3120.2,31,2,3120.1,95,2,3120.0,82,4,3119.9,32,1,3119.8,14,1,3120.3,128,5,3120.4,226,3,3120.5,9,1,3120.6,69,3,3120.7,28,2
2031,2026-06-16 10:13:45+05:30,3120.1,2,3134.98,869098,103584.0,199239.0,3163.0,3163.0,3115.5,3134.3,31812200,3447.7,2820.9,3839.9,2896.0,3120.0,1,1,3119.8,14,1,3119.6,25,1,3119.5,15,1,3119.3,35,1,3120.1,17,1,3120.3,354,6,3120.4,61,2,3120.5,138,4,3120.6,126,5
2031,2026-06-16 10:13:45+05:30,3120.0,9,3134.98,869098,103584.0,199239.0,3163.0,3163.0,3115.5,3134.3,31812200,3447.7,2820.9,3839.9,2896.0,3120.0,1,1,3119.8,14,1,3119.6,25,1,3119.5,15,1,3119.3,35,1,3120.1,17,1,3120.3,354,6,3120.4,61,2,3120.5,138,4,3120.6,126,5
2031,2026-06-16 10:13:46+05:30,3120.0,23,3134.98,869219,103625.0,199052.0,3163.0,3163.0,3115.5,3134.3,31812200,3447.7,2820.9,3839.9,2896.0,3119.8,14,1,3119.6,25,1,3119.5,15,1,3119.3,35,1,3119.1,41,2,3120.0,26,2,3120.1,165,2,3120.3,321,5,3120.4,113,4,3120.5,161,5
2031,2026-06-16 10:13:46+05:30,3120.0,23,3134.98,869219,103625.0,199052.0,3163.0,3163.0,3115.5,3134.3,31812200,3447.7,2820.9,3839.9,2896.0,3119.8,14,1,3119.6,25,1,3119.5,15,1,3119.3,35,1,3119.1,41,2,3120.0,26,2,3120.1,165,2,3120.3,321,5,3120.4,113,4,3120.5,161,5
2031,2026-06-16 10:13:47+05:30,3120.0,23,3134.98,869219,103771.0,198987.0,3163.0,3163.0,3115.5,3134.3,31812200,3447.7,2820.9,3839.9,2896.0,3119.8,58,2,3119.6,25,1,3119.5,15,1,3119.3,35,1,3119.1,22,1,3120.0,51,4,3120.1,165,2,3120.3,321,5,3120.4,94,3,3120.5,144,4
2031,2026-06-16 10:13:48+05:30,3119.8,10,3134.98,869394,103617.0,198527.0,3163.0,3163.0,3115.5,3134.3,31812200,3447.7,2820.9,3839.9,2896.0,3119.6,25,1,3119.5,15,1,3119.3,35,1,3119.1,93,3,3119.0,160,7,3119.8,6,2,3120.0,59,4,3120.1,148,1,3120.3,288,3,3120.4,61,2
2031,2026-06-16 10:13:48+05:30,3119.8,10,3134.98,869394,103617.0,198527.0,3163.0,3163.0,3115.5,3134.3,31812200,3447.7,2820.9,3839.9,2896.0,3119.6,25,1,3119.5,15,1,3119.3,35,1,3119.1,93,3,3119.0,160,7,3119.8,6,2,3120.0,59,4,3120.1,148,1,3120.3,288,3,3120.4,61,2
2031,2026-06-16 10:13:49+05:30,3119.7,1,3134.98,869395,103532.0,200282.0,3163.0,3163.0,3115.5,3134.3,31812200,3447.7,2820.9,3839.9,2896.0,3119.6,65,2,3119.5,15,1,3119.3,35,1,3119.1,22,1,3119.0,157,6,3119.7,197,1,3119.8,6,2,3120.0,305,6,3120.1,67,2,3120.2,57,2
2031,2026-06-16 10:13:49+05:30,3119.7,1,3134.98,869395,103532.0,200282.0,3163.0,3163.0,3115.5,3134.3,31812200,3447.7,2820.9,3839.9,2896.0,3119.6,65,2,3119.5,15,1,3119.3,35,1,3119.1,22,1,3119.0,157,6,3119.7,197,1,3119.8,6,2,3120.0,305,6,3120.1,67,2,3120.2,57,2
2031,2026-06-16 10:13:50+05:30,3119.7,10,3134.97,869627,103575.0,198557.0,3163.0,3163.0,3115.5,3134.3,31812200,3447.7,2820.9,3839.9,2896.0,3119.6,99,2,3119.5,15,1,3119.3,35,1,3119.1,46,2,3119.0,157,6,3119.8,6,2,3120.0,274,5,3120.1,44,1,3120.2,38,1,3120.3,386,4
2031,2026-06-16 10:13:50+05:30,3119.7,10,3134.97,869627,103575.0,198557.0,3163.0,3163.0,3115.5,3134.3,31812200,3447.7,2820.9,3839.9,2896.0,3119.6,99,2,3119.5,15,1,3119.3,35,1,3119.1,46,2,3119.0,157,6,3119.8,6,2,3120.0,274,5,3120.1,44,1,3120.2,38,1,3120.3,386,4
2031,2026-06-16 10:13:51+05:30,3119.6,2,3134.97,869629,103903.0,199059.0,3163.0,3163.0,3115.5,3134.3,31812200,3447.7,2820.9,3839.9,2896.0,3119.7,300,1,3119.6,97,2,3119.5,15,1,3119.3,35,1,3119.2,24,1,3119.8,6,2,3120.0,274,5,3120.1,44,1,3120.2,38,1,3120.3,423,5
2031,2026-06-16 10:13:51+05:30,3119.6,2,3134.97,869629,103903.0,199059.0,3163.0,3163.0,3115.5,3134.3,31812200,3447.7,2820.9,3839.9,2896.0,3119.7,300,1,3119.6,97,2,3119.5,15,1,3119.3,35,1,3119.2,24,1,3119.8,6,2,3120.0,274,5,3120.1,44,1,3120.2,38,1,3120.3,423,5
2031,2026-06-16 10:13:52+05:30,3119.8,2,3134.97,869634,104100.0,198998.0,3163.0,3163.0,3115.5,3134.3,31812200,3447.7,2820.9,3839.9,2896.0,3119.7,362,2,3119.6,121,3,3119.5,15,1,3119.4,24,1,3119.3,77,2,3119.8,1,1,3120.0,177,5,3120.1,44,1,3120.2,38,1,3120.3,359,4
2031,2026-06-16 10:13:52+05:30,3119.8,2,3134.97,869634,104100.0,198998.0,3163.0,3163.0,3115.5,3134.3,31812200,3447.7,2820.9,3839.9,2896.0,3119.7,362,2,3119.6,121,3,3119.5,15,1,3119.4,24,1,3119.3,77,2,3119.8,1,1,3120.0,177,5,3120.1,44,1,3120.2,38,1,3120.3,359,4
2031,2026-06-16 10:13:53+05:30,3119.8,2,3134.97,869634,104100.0,198999.0,3163.0,3163.0,3115.5,3134.3,31812200,3447.7,2820.9,3839.9,2896.0,3119.7,362,2,3119.6,121,3,3119.5,15,1,3119.4,24,1,3119.3,35,1,3119.8,1,1,3120.0,177,5,3120.1,44,1,3120.2,39,2,3120.3,359,4
2031,2026-06-16 10:13:54+05:30,3119.7,200,3134.97,869834,103894.0,199954.0,3163.0,3163.0,3115.5,3134.3,31812200,3447.7,2820.9,3839.9,2896.0,3119.7,162,2,3119.6,97,2,3119.5,15,1,3119.3,35,1,3119.2,24,1,3119.8,1,1,3120.0,367,6,3120.1,44,1,3120.2,39,2,3120.3,233,4
2031,2026-06-16 10:13:54+05:30,3119.7,200,3134.97,869834,103894.0,199954.0,3163.0,3163.0,3115.5,3134.3,31812200,3447.7,2820.9,3839.9,2896.0,3119.7,162,2,3119.6,97,2,3119.5,15,1,3119.3,35,1,3119.2,24,1,3119.8,1,1,3120.0,367,6,3120.1,44,1,3120.2,39,2,3120.3,233,4
2031,2026-06-16 10:13:55+05:30,3119.7,1,3134.97,869997,103727.0,199930.0,3163.0,3163.0,3115.5,3134.3,31812200,3447.7,2820.9,3839.9,2896.0,3119.6,123,3,3119.5,15,1,3119.3,35,1,3119.1,230,3,3119.0,159,7,3119.7,37,1,3119.8,39,2,3120.0,515,7,3120.1,44,1,3120.2,39,2
2031,2026-06-16 10:13:55+05:30,3119.7,1,3134.97,869997,103727.0,199930.0,3163.0,3163.0,3115.5,3134.3,31812200,3447.7,2820.9,3839.9,2896.0,3119.6,123,3,3119.5,15,1,3119.3,35,1,3119.1,230,3,3119.0,159,7,3119.7,37,1,3119.8,39,2,3120.0,515,7,3120.1,44,1,3120.2,39,2
2031,2026-06-16 10:13:56+05:30,3119.7,1,3134.97,869998,103739.0,199688.0,3163.0,3163.0,3115.5,3134.3,31812200,3447.7,2820.9,3839.9,2896.0,3119.6,129,4,3119.5,39,2,3119.3,35,1,3119.2,24,1,3119.1,22,1,3119.7,36,1,3119.8,39,2,3120.0,398,7,3120.1,44,1,3120.2,39,2
2031,2026-06-16 10:13:57+05:30,3119.7,1,3134.97,869998,103719.0,199350.0,3163.0,3163.0,3115.5,3134.3,31812200,3447.7,2820.9,3839.9,2896.0,3119.6,146,6,3119.5,34,2,3119.4,30,2,3119.3,35,1,3119.2,54,3,3119.7,36,1,3119.8,39,2,3120.0,348,5,3120.1,44,1,3120.2,1,1
2031,2026-06-16 10:13:58+05:30,3119.6,4,3134.97,870049,103723.0,199308.0,3163.0,3163.0,3115.5,3134.3,31812200,3447.7,2820.9,3839.9,2896.0,3119.6,94,4,3119.5,15,1,3119.4,43,2,3119.3,35,1,3119.2,33,2,3119.7,97,2,3119.8,39,2,3120.0,348,5,3120.1,44,1,3120.2,43,2
2031,2026-06-16 10:13:58+05:30,3119.6,4,3134.97,870049,103723.0,199308.0,3163.0,3163.0,3115.5,3134.3,31812200,3447.7,2820.9,3839.9,2896.0,3119.6,94,4,3119.5,15,1,3119.4,43,2,3119.3,35,1,3119.2,33,2,3119.7,97,2,3119.8,39,2,3120.0,348,5,3120.1,44,1,3120.2,43,2
2031,2026-06-16 10:13:59+05:30,3119.7,84,3134.96,870265,103720.0,198845.0,3163.0,3163.0,3115.5,3134.3,31812200,3447.7,2820.9,3839.9,2896.0,3119.6,87,4,3119.5,15,1,3119.4,43,2,3119.3,44,2,3119.2,33,2,3119.8,39,2,3120.0,348,5,3120.1,79,2,3120.2,60,3,3120.3,322,3
2031,2026-06-16 10:13:59+05:30,3119.7,84,3134.96,870265,103720.0,198845.0,3163.0,3163.0,3115.5,3134.3,31812200,3447.7,2820.9,3839.9,2896.0,3119.6,87,4,3119.5,15,1,3119.4,43,2,3119.3,44,2,3119.2,33,2,3119.8,39,2,3120.0,348,5,3120.1,79,2,3120.2,60,3,3120.3,322,3
2031,2026-06-16 10:14:00+05:30,3119.8,1,3134.96,870266,103353.0,199810.0,3163.0,3163.0,3115.5,3134.3,31812200,3447.7,2820.9,3839.9,2896.0,3119.7,2,2,3119.6,18,3,3119.5,15,1,3119.3,35,1,3119.2,14,1,3119.8,40,3,3120.0,348,5,3120.1,79,2,3120.2,250,4,3120.3,225,4
2031,2026-06-16 10:14:00+05:30,3119.8,1,3134.96,870266,103353.0,199810.0,3163.0,3163.0,3115.5,3134.3,31812200,3447.7,2820.9,3839.9,2896.0,3119.7,2,2,3119.6,18,3,3119.5,15,1,3119.3,35,1,3119.2,14,1,3119.8,40,3,3120.0,348,5,3120.1,79,2,3120.2,250,4,3120.3,225,4
2031,2026-06-16 10:14:01+05:30,3119.8,1,3134.96,870266,103452.0,199802.0,3163.0,3163.0,3115.5,3134.3,31812200,3447.7,2820.9,3839.9,2896.0,3119.7,3,3,3119.6,18,3,3119.5,15,1,3119.3,35,1,3119.1,25,2,3119.8,40,3,3120.0,278,4,3120.1,79,2,3120.2,269,5,3120.3,225,4
2031,2026-06-16 10:14:02+05:30,3119.8,1,3134.96,870274,103611.0,199780.0,3163.0,3163.0,3115.5,3134.3,31812200,3447.7,2820.9,3839.9,2896.0,3119.7,3,3,3119.6,18,3,3119.5,15,1,3119.3,35,1,3119.1,49,3,3119.8,35,4,3120.0,278,4,3120.1,79,2,3120.2,250,4,3120.3,251,5
2031,2026-06-16 10:14:02+05:30,3119.8,1,3134.96,870274,103611.0,199780.0,3163.0,3163.0,3115.5,3134.3,31812200,3447.7,2820.9,3839.9,2896.0,3119.7,3,3,3119.6,18,3,3119.5,15,1,3119.3,35,1,3119.1,49,3,3119.8,35,4,3120.0,278,4,3120.1,79,2,3120.2,250,4,3120.3,251,5
2031,2026-06-16 10:14:03+05:30,3119.8,1,3134.96,870274,103695.0,199660.0,3163.0,3163.0,3115.5,3134.3,31812200,3447.7,2820.9,3839.9,2896.0,3119.7,108,4,3119.6,43,4,3119.5,15,1,3119.4,24,1,3119.3,35,1,3119.8,35,4,3120.0,257,4,3120.1,79,2,3120.2,250,4,3120.3,225,4
2031,2026-06-16 10:14:04+05:30,3119.8,1,3134.96,870274,103931.0,198872.0,3163.0,3163.0,3115.5,3134.3,31812200,3447.7,2820.9,3839.9,2896.0,3119.7,123,5,3119.6,43,4,3119.5,15,1,3119.4,24,1,3119.3,35,1,3119.8,35,4,3120.0,310,5,3120.1,79,2,3120.2,250,4,3120.3,163,3
2031,2026-06-16 10:14:05+05:30,3119.8,1,3134.96,870274,103931.0,198872.0,3163.0,3163.0,3115.5,3134.3,31812200,3447.7,2820.9,3839.9,2896.0,3119.7,123,5,3119.6,43,4,3119.5,15,1,3119.4,24,1,3119.3,35,1,3119.8,35,4,3120.0,310,5,3120.1,79,2,3120.2,250,4,3120.3,163,3
2031,2026-06-16 10:14:05+05:30,3119.8,1,3134.96,870282,103883.0,199069.0,3163.0,3163.0,3115.5,3134.3,31812200,3447.7,2820.9,3839.9,2896.0,3119.7,103,3,3119.6,67,5,3119.5,115,2,3119.4,24,1,3119.3,35,1,3119.8,34,4,3120.0,310,5,3120.1,79,2,3120.2,250,4,3120.3,163,3
2031,2026-06-16 10:14:06+05:30,3119.8,19,3134.96,870282,103883.0,199069.0,3163.0,3163.0,3115.5,3134.3,31812200,3447.7,2820.9,3839.9,2896.0,3119.7,103,3,3119.6,67,5,3119.5,115,2,3119.4,24,1,3119.3,35,1,3119.8,34,4,3120.0,310,5,3120.1,79,2,3120.2,250,4,3120.3,163,3
2031,2026-06-16 10:14:06+05:30,3119.8,19,3134.96,870431,104058.0,199080.0,3163.0,3163.0,3115.5,3134.3,31812200,3447.7,2820.9,3839.9,2896.0,3119.8,26,1,3119.7,103,3,3119.6,42,4,3119.5,115,2,3119.4,24,1,3120.0,310,5,3120.1,79,2,3120.2,250,4,3120.3,163,3,3120.6,109,2
2031,2026-06-16 10:14:07+05:30,3119.7,46,3134.96,870431,104058.0,199080.0,3163.0,3163.0,3115.5,3134.3,31812200,3447.7,2820.9,3839.9,2896.0,3119.8,26,1,3119.7,103,3,3119.6,42,4,3119.5,115,2,3119.4,24,1,3120.0,310,5,3120.1,79,2,3120.2,250,4,3120.3,163,3,3120.6,109,2
2031,2026-06-16 10:14:07+05:30,3119.7,46,3134.96,870677,103736.0,199215.0,3163.0,3163.0,3115.5,3134.3,31812200,3447.7,2820.9,3839.9,2896.0,3119.7,105,1,3119.6,43,4,3119.5,115,2,3119.3,35,1,3119.2,124,2,3120.0,339,6,3120.1,234,2,3120.2,18,2,3120.3,177,3,3120.6,64,1
2031,2026-06-16 10:14:08+05:30,3119.7,46,3134.96,870677,103924.0,199714.0,3163.0,3163.0,3115.5,3134.3,31812200,3447.7,2820.9,3839.9,2896.0,3119.8,11,1,3119.7,105,1,3119.6,32,3,3119.5,115,2,3119.3,35,1,3120.0,360,7,3120.1,234,2,3120.2,44,3,3120.3,177,3,3120.5,19,1
2031,2026-06-16 10:14:09+05:30,3120.0,1,3134.96,870677,103924.0,199714.0,3163.0,3163.0,3115.5,3134.3,31812200,3447.7,2820.9,3839.9,2896.0,3119.8,11,1,3119.7,105,1,3119.6,32,3,3119.5,115,2,3119.3,35,1,3120.0,360,7,3120.1,234,2,3120.2,44,3,3120.3,177,3,3120.5,19,1
2031,2026-06-16 10:14:09+05:30,3120.0,1,3134.96,870678,104058.0,199555.0,3163.0,3163.0,3115.5,3134.3,31812200,3447.7,2820.9,3839.9,2896.0,3119.8,12,2,3119.7,110,2,3119.6,32,3,3119.5,139,3,3119.3,35,1,3120.0,359,7,3120.1,234,2,3120.2,44,3,3120.3,132,2,3120.6,78,2
2031,2026-06-16 10:14:10+05:30,3120.0,8,3134.96,870686,104050.0,201526.0,3163.0,3163.0,3115.5,3134.3,31812200,3447.7,2820.9,3839.9,2896.0,3119.8,12,2,3119.7,110,2,3119.6,55,3,3119.5,115,2,3119.4,24,1,3120.0,332,6,3120.1,234,2,3120.2,18,2,3120.3,132,2,3120.6,64,1
2031,2026-06-16 10:14:10+05:30,3120.0,8,3134.96,870686,104050.0,201526.0,3163.0,3163.0,3115.5,3134.3,31812200,3447.7,2820.9,3839.9,2896.0,3119.8,12,2,3119.7,110,2,3119.6,55,3,3119.5,115,2,3119.4,24,1,3120.0,332,6,3120.1,234,2,3120.2,18,2,3120.3,132,2,3120.6,64,1
2031,2026-06-16 10:14:11+05:30,3120.0,25,3134.95,871043,104116.0,200396.0,3163.0,3163.0,3115.5,3134.3,31812200,3447.7,2820.9,3839.9,2896.0,3119.8,38,6,3119.7,118,4,3119.6,104,5,3119.5,188,4,3119.4,85,3,3120.0,29,1,3120.1,234,2,3120.2,18,2,3120.3,132,2,3120.9,312,11
2031,2026-06-16 10:14:11+05:30,3120.0,25,3134.95,871043,104116.0,200396.0,3163.0,3163.0,3115.5,3134.3,31812200,3447.7,2820.9,3839.9,2896.0,3119.8,38,6,3119.7,118,4,3119.6,104,5,3119.5,188,4,3119.4,85,3,3120.0,29,1,3120.1,234,2,3120.2,18,2,3120.3,132,2,3120.9,312,11
2031,2026-06-16 10:14:12+05:30,3119.7,92,3134.95,871043,104116.0,200396.0,3163.0,3163.0,3115.5,3134.3,31812200,3447.7,2820.9,3839.9,2896.0,3119.8,38,6,3119.7,118,4,3119.6,104,5,3119.5,188,4,3119.4,85,3,3120.0,29,1,3120.1,234,2,3120.2,18,2,3120.3,132,2,3120.9,312,11
2031,2026-06-16 10:14:12+05:30,3119.7,92,3134.95,871293,103857.0,200621.0,3163.0,3163.0,3115.5,3134.3,31812200,3447.7,2820.9,3839.9,2896.0,3119.7,42,3,3119.6,6,1,3119.5,119,3,3119.4,43,2,3119.3,207,3,3120.0,60,2,3120.1,234,2,3120.2,18,2,3120.3,151,3,3120.9,388,13
2031,2026-06-16 10:14:13+05:30,3119.7,92,3134.95,871293,103915.0,201137.0,3163.0,3163.0,3115.5,3134.3,31812200,3447.7,2820.9,3839.9,2896.0,3119.8,6,1,3119.7,48,4,3119.6,33,3,3119.5,119,3,3119.4,43,2,3120.0,274,4,3120.1,44,1,3120.2,18,2,3120.3,151,3,3120.7,42,1
2031,2026-06-16 10:14:14+05:30,3120.0,21,3134.95,871293,103915.0,201137.0,3163.0,3163.0,3115.5,3134.3,31812200,3447.7,2820.9,3839.9,2896.0,3119.8,6,1,3119.7,48,4,3119.6,33,3,3119.5,119,3,3119.4,43,2,3120.0,274,4,3120.1,44,1,3120.2,18,2,3120.3,151,3,3120.7,42,1
2031,2026-06-16 10:14:14+05:30,3120.0,21,3134.94,871343,104017.0,200929.0,3163.0,3163.0,3115.5,3134.3,31812200,3447.7,2820.9,3839.9,2896.0,3119.8,27,3,3119.7,30,3,3119.6,48,5,3119.5,119,3,3119.4,43,2,3120.0,253,4,3120.1,44,1,3120.2,18,2,3120.3,151,3,3120.7,62,1
2031,2026-06-16 10:14:15+05:30,3120.0,103,3134.94,871343,104017.0,200929.0,3163.0,3163.0,3115.5,3134.3,31812200,3447.7,2820.9,3839.9,2896.0,3119.8,27,3,3119.7,30,3,3119.6,48,5,3119.5,119,3,3119.4,43,2,3120.0,253,4,3120.1,44,1,3120.2,18,2,3120.3,151,3,3120.7,62,1
2031,2026-06-16 10:14:15+05:30,3120.0,103,3134.94,871715,104025.0,200237.0,3163.0,3163.0,3115.5,3134.3,31812200,3447.7,2820.9,3839.9,2896.0,3119.9,16,4,3119.8,23,5,3119.7,11,2,3119.6,72,6,3119.5,181,4,3120.0,29,1,3120.1,44,1,3120.2,18,2,3120.3,151,3,3120.9,312,11
2031,2026-06-16 10:14:16+05:30,3120.0,1,3134.94,871715,104025.0,200237.0,3163.0,3163.0,3115.5,3134.3,31812200,3447.7,2820.9,3839.9,2896.0,3119.9,16,4,3119.8,23,5,3119.7,11,2,3119.6,72,6,3119.5,181,4,3120.0,29,1,3120.1,44,1,3120.2,18,2,3120.3,151,3,3120.9,312,11
2031,2026-06-16 10:14:16+05:30,3120.0,1,3134.94,871732,104145.0,200201.0,3163.0,3163.0,3115.5,3134.3,31812200,3447.7,2820.9,3839.9,2896.0,3119.9,61,7,3119.8,27,6,3119.7,11,2,3119.6,97,7,3119.5,181,4,3120.0,12,1,3120.1,44,1,3120.2,18,2,3120.3,151,3,3120.9,312,11
2031,2026-06-16 10:14:17+05:30,3120.0,1,3134.94,871732,104162.0,200236.0,3163.0,3163.0,3115.5,3134.3,31812200,3447.7,2820.9,3839.9,2896.0,3119.9,47,5,3119.8,46,7,3119.7,11,2,3119.6,97,7,3119.5,181,4,3120.0,45,2,3120.1,44,1,3120.2,18,2,3120.3,151,3,3120.9,312,11
2031,2026-06-16 10:14:18+05:30,3120.0,1,3134.94,871732,104187.0,199699.0,3163.0,3163.0,3115.5,3134.3,31812200,3447.7,2820.9,3839.9,2896.0,3119.9,85,8,3119.8,27,6,3119.7,11,2,3119.6,72,6,3119.5,181,4,3120.0,45,2,3120.1,49,2,3120.2,18,2,3120.3,151,3,3121.0,68,3
2031,2026-06-16 10:14:19+05:30,3120.0,1,3134.94,871902,104917.0,198892.0,3163.0,3163.0,3115.5,3134.3,31812200,3447.7,2820.9,3839.9,2896.0,3120.0,27,5,3119.9,64,6,3119.8,83,8,3119.7,11,2,3119.6,114,7,3120.2,16,1,3120.3,151,3,3121.1,9,1,3121.2,82,2,3121.3,32,1
2031,2026-06-16 10:14:19+05:30,3120.3,1,3134.94,871902,104917.0,198892.0,3163.0,3163.0,3115.5,3134.3,31812200,3447.7,2820.9,3839.9,2896.0,3120.0,27,5,3119.9,64,6,3119.8,83,8,3119.7,11,2,3119.6,114,7,3120.2,16,1,3120.3,151,3,3121.1,9,1,3121.2,82,2,3121.3,32,1
2031,2026-06-16 10:14:20+05:30,3119.8,1,3134.93,872019,104818.0,198669.0,3163.0,3163.0,3115.5,3134.3,31812200,3447.7,2820.9,3839.9,2896.0,3119.8,138,10,3119.7,11,2,3119.6,72,6,3119.5,181,4,3119.4,83,3,3120.3,50,2,3121.2,115,3,3121.3,32,1,3121.4,102,4,3121.6,65,2
2031,2026-06-16 10:14:20+05:30,3119.8,1,3134.93,872019,104818.0,198669.0,3163.0,3163.0,3115.5,3134.3,31812200,3447.7,2820.9,3839.9,2896.0,3119.8,138,10,3119.7,11,2,3119.6,72,6,3119.5,181,4,3119.4,83,3,3120.3,50,2,3121.2,115,3,3121.3,32,1,3121.4,102,4,3121.6,65,2
2031,2026-06-16 10:14:21+05:30,3119.8,1,3134.93,872019,104818.0,198669.0,3163.0,3163.0,3115.5,3134.3,31812200,3447.7,2820.9,3839.9,2896.0,3119.8,138,10,3119.7,11,2,3119.6,72,6,3119.5,181,4,3119.4,83,3,3120.3,50,2,3121.2,115,3,3121.3,32,1,3121.4,102,4,3121.6,65,2
2031,2026-06-16 10:14:21+05:30,3120.3,6,3134.93,872131,105624.0,198610.0,3163.0,3163.0,3115.5,3134.3,31812200,3447.7,2820.9,3839.9,2896.0,3120.4,1,1,3120.2,48,5,3120.1,10,1,3120.0,154,9,3119.9,42,1,3121.2,19,1,3121.3,32,1,3121.4,19,1,3121.6,8,1,3121.7,90,3
2031,2026-06-16 10:14:21+05:30,3120.3,6,3134.93,872131,105624.0,198610.0,3163.0,3163.0,3115.5,3134.3,31812200,3447.7,2820.9,3839.9,2896.0,3120.4,1,1,3120.2,48,5,3120.1,10,1,3120.0,154,9,3119.9,42,1,3121.2,19,1,3121.3,32,1,3121.4,19,1,3121.6,8,1,3121.7,90,3
2031,2026-06-16 10:14:22+05:30,3121.2,1,3134.93,872131,105624.0,198610.0,3163.0,3163.0,3115.5,3134.3,31812200,3447.7,2820.9,3839.9,2896.0,3120.4,1,1,3120.2,48,5,3120.1,10,1,3120.0,154,9,3119.9,42,1,3121.2,19,1,3121.3,32,1,3121.4,19,1,3121.6,8,1,3121.7,90,3
2031,2026-06-16 10:14:22+05:30,3121.2,1,3134.93,872132,105984.0,199485.0,3163.0,3163.0,3115.5,3134.3,31812200,3447.7,2820.9,3839.9,2896.0,3120.4,66,3,3120.2,1,1,3120.1,24,1,3120.0,52,2,3119.8,70,7,3121.2,31,2,3121.3,55,2,3121.4,57,2,3121.5,19,1,3121.6,14,1
2031,2026-06-16 10:14:23+05:30,3121.2,1,3134.93,872132,105984.0,199485.0,3163.0,3163.0,3115.5,3134.3,31812200,3447.7,2820.9,3839.9,2896.0,3120.4,66,3,3120.2,1,1,3120.1,24,1,3120.0,52,2,3119.8,70,7,3121.2,31,2,3121.3,55,2,3121.4,57,2,3121.5,19,1,3121.6,14,1
2031,2026-06-16 10:14:23+05:30,3121.2,2,3134.93,872132,105984.0,199485.0,3163.0,3163.0,3115.5,3134.3,31812200,3447.7,2820.9,3839.9,2896.0,3120.4,66,3,3120.2,1,1,3120.1,24,1,3120.0,52,2,3119.8,70,7,3121.2,31,2,3121.3,55,2,3121.4,57,2,3121.5,19,1,3121.6,14,1
2031,2026-06-16 10:14:23+05:30,3121.2,2,3134.93,872134,105841.0,199839.0,3163.0,3163.0,3115.5,3134.3,31812200,3447.7,2820.9,3839.9,2896.0,3120.4,66,3,3120.2,1,1,3120.0,5,1,3119.8,21,4,3119.7,86,4,3121.2,188,8,3121.3,71,3,3121.4,153,5,3121.6,135,4,3121.7,104,3
2031,2026-06-16 10:14:24+05:30,3121.2,1,3134.93,872134,105841.0,199839.0,3163.0,3163.0,3115.5,3134.3,31812200,3447.7,2820.9,3839.9,2896.0,3120.4,66,3,3120.2,1,1,3120.0,5,1,3119.8,21,4,3119.7,86,4,3121.2,188,8,3121.3,71,3,3121.4,153,5,3121.6,135,4,3121.7,104,3
2031,2026-06-16 10:14:24+05:30,3121.2,1,3134.93,872135,105906.0,199919.0,3163.0,3163.0,3115.5,3134.3,31812200,3447.7,2820.9,3839.9,2896.0,3120.7,24,1,3120.4,40,1,3120.2,1,1,3120.0,5,1,3119.8,17,3,3121.2,200,10,3121.3,64,3,3121.4,153,5,3121.5,8,1,3121.6,107,4
2031,2026-06-16 10:14:24+05:30,3121.2,1,3134.93,872135,105906.0,199919.0,3163.0,3163.0,3115.5,3134.3,31812200,3447.7,2820.9,3839.9,2896.0,3120.7,24,1,3120.4,40,1,3120.2,1,1,3120.0,5,1,3119.8,17,3,3121.2,200,10,3121.3,64,3,3121.4,153,5,3121.5,8,1,3121.6,107,4
2031,2026-06-16 10:14:25+05:30,3121.0,24,3134.93,872135,105906.0,199919.0,3163.0,3163.0,3115.5,3134.3,31812200,3447.7,2820.9,3839.9,2896.0,3120.7,24,1,3120.4,40,1,3120.2,1,1,3120.0,5,1,3119.8,17,3,3121.2,200,10,3121.3,64,3,3121.4,153,5,3121.5,8,1,3121.6,107,4
2031,2026-06-16 10:14:25+05:30,3121.0,24,3134.93,872175,105525.0,199845.0,3163.0,3163.0,3115.5,3134.3,31812200,3447.7,2820.9,3839.9,2896.0,3121.0,24,1,3120.7,2,1,3120.4,41,2,3120.2,1,1,3120.0,5,1,3121.2,104,8,3121.3,98,4,3121.4,102,4,3121.5,8,1,3121.6,87,4
2031,2026-06-16 10:14:26+05:30,3121.0,24,3134.93,872175,105525.0,199845.0,3163.0,3163.0,3115.5,3134.3,31812200,3447.7,2820.9,3839.9,2896.0,3121.0,24,1,3120.7,2,1,3120.4,41,2,3120.2,1,1,3120.0,5,1,3121.2,104,8,3121.3,98,4,3121.4,102,4,3121.5,8,1,3121.6,87,4
2031,2026-06-16 10:14:26+05:30,3121.2,7,3134.93,872175,105525.0,199845.0,3163.0,3163.0,3115.5,3134.3,31812200,3447.7,2820.9,3839.9,2896.0,3121.0,24,1,3120.7,2,1,3120.4,41,2,3120.2,1,1,3120.0,5,1,3121.2,104,8,3121.3,98,4,3121.4,102,4,3121.5,8,1,3121.6,87,4
2031,2026-06-16 10:14:26+05:30,3121.2,7,3134.92,872553,105915.0,199234.0,3163.0,3163.0,3115.5,3134.3,31812200,3447.7,2820.9,3839.9,2896.0,3121.0,71,3,3120.7,2,1,3120.4,25,2,3120.2,25,2,3120.0,175,5,3121.2,46,1,3121.3,54,2,3121.4,19,1,3121.5,14,1,3121.7,62,1
2031,2026-06-16 10:14:27+05:30,3121.2,1,3134.92,872553,105915.0,199234.0,3163.0,3163.0,3115.5,3134.3,31812200,3447.7,2820.9,3839.9,2896.0,3121.0,71,3,3120.7,2,1,3120.4,25,2,3120.2,25,2,3120.0,175,5,3121.2,46,1,3121.3,54,2,3121.4,19,1,3121.5,14,1,3121.7,62,1
2031,2026-06-16 10:14:27+05:30,3121.2,1,3134.92,872554,105906.0,199119.0,3163.0,3163.0,3115.5,3134.3,31812200,3447.7,2820.9,3839.9,2896.0,3121.0,71,3,3120.7,2,1,3120.4,25,2,3120.2,25,2,3120.0,175,5,3121.2,64,2,3121.3,54,2,3121.4,19,1,3121.6,48,2,3121.7,81,2
2031,2026-06-16 10:14:28+05:30,3121.2,1,3134.92,872554,105906.0,199119.0,3163.0,3163.0,3115.5,3134.3,31812200,3447.7,2820.9,3839.9,2896.0,3121.0,71,3,3120.7,2,1,3120.4,25,2,3120.2,25,2,3120.0,175,5,3121.2,64,2,3121.3,54,2,3121.4,19,1,3121.6,48,2,3121.7,81,2
2031,2026-06-16 10:14:28+05:30,3121.3,1,3134.92,872554,105906.0,199119.0,3163.0,3163.0,3115.5,3134.3,31812200,3447.7,2820.9,3839.9,2896.0,3121.0,71,3,3120.7,2,1,3120.4,25,2,3120.2,25,2,3120.0,175,5,3121.2,64,2,3121.3,54,2,3121.4,19,1,3121.6,48,2,3121.7,81,2
2031,2026-06-16 10:14:28+05:30,3121.3,1,3134.92,872702,105799.0,199285.0,3163.0,3163.0,3115.5,3134.3,31812200,3447.7,2820.9,3839.9,2896.0,3121.2,2,1,3121.0,70,3,3120.7,2,1,3120.4,1,1,3120.2,1,1,3121.3,36,2,3121.4,53,2,3121.6,66,3,3121.7,102,2,3121.8,73,3
2031,2026-06-16 10:14:29+05:30,3121.3,1,3134.92,872702,105799.0,199285.0,3163.0,3163.0,3115.5,3134.3,31812200,3447.7,2820.9,3839.9,2896.0,3121.2,2,1,3121.0,70,3,3120.7,2,1,3120.4,1,1,3120.2,1,1,3121.3,36,2,3121.4,53,2,3121.6,66,3,3121.7,102,2,3121.8,73,3
2031,2026-06-16 10:14:29+05:30,3121.2,10,3134.92,872702,105799.0,199285.0,3163.0,3163.0,3115.5,3134.3,31812200,3447.7,2820.9,3839.9,2896.0,3121.2,2,1,3121.0,70,3,3120.7,2,1,3120.4,1,1,3120.2,1,1,3121.3,36,2,3121.4,53,2,3121.6,66,3,3121.7,102,2,3121.8,73,3
2031,2026-06-16 10:14:29+05:30,3121.2,10,3134.92,872712,105798.0,199347.0,3163.0,3163.0,3115.5,3134.3,31812200,3447.7,2820.9,3839.9,2896.0,3121.2,1,1,3121.0,70,3,3120.7,2,1,3120.4,1,1,3120.2,1,1,3121.3,36,2,3121.4,53,2,3121.6,66,3,3121.7,139,4,3121.8,54,2
2031,2026-06-16 10:14:30+05:30,3121.2,20,3134.92,872712,105798.0,199347.0,3163.0,3163.0,3115.5,3134.3,31812200,3447.7,2820.9,3839.9,2896.0,3121.2,1,1,3121.0,70,3,3120.7,2,1,3120.4,1,1,3120.2,1,1,3121.3,36,2,3121.4,53,2,3121.6,66,3,3121.7,139,4,3121.8,54,2
2031,2026-06-16 10:14:30+05:30,3121.2,20,3134.92,872712,105798.0,199347.0,3163.0,3163.0,3115.5,3134.3,31812200,3447.7,2820.9,3839.9,2896.0,3121.2,1,1,3121.0,70,3,3120.7,2,1,3120.4,1,1,3120.2,1,1,3121.3,36,2,3121.4,53,2,3121.6,66,3,3121.7,139,4,3121.8,54,2
2031,2026-06-16 10:14:30+05:30,3121.2,20,3134.91,873278,105473.0,200344.0,3163.0,3163.0,3115.5,3134.3,31812200,3447.7,2820.9,3839.9,2896.0,3120.7,2,1,3120.4,1,1,3120.2,1,1,3120.0,5,1,3119.8,128,3,3121.1,25,1,3121.2,47,3,3121.3,48,5,3121.4,160,6,3121.5,44,2
2031,2026-06-16 10:14:31+05:30,3121.2,20,3134.91,873278,105473.0,200344.0,3163.0,3163.0,3115.5,3134.3,31812200,3447.7,2820.9,3839.9,2896.0,3120.7,2,1,3120.4,1,1,3120.2,1,1,3120.0,5,1,3119.8,128,3,3121.1,25,1,3121.2,47,3,3121.3,48,5,3121.4,160,6,3121.5,44,2
2031,2026-06-16 10:14:31+05:30,3121.2,20,3134.91,873278,105534.0,200370.0,3163.0,3163.0,3115.5,3134.3,31812200,3447.7,2820.9,3839.9,2896.0,3120.7,2,1,3120.4,1,1,3120.2,1,1,3120.0,5,1,3119.8,128,3,3121.1,48,3,3121.2,47,3,3121.3,64,5,3121.4,97,4,3121.5,23,1
2031,2026-06-16 10:14:32+05:30,3121.2,20,3134.91,873278,105534.0,200370.0,3163.0,3163.0,3115.5,3134.3,31812200,3447.7,2820.9,3839.9,2896.0,3120.7,2,1,3120.4,1,1,3120.2,1,1,3120.0,5,1,3119.8,128,3,3121.1,48,3,3121.2,47,3,3121.3,64,5,3121.4,97,4,3121.5,23,1
2031,2026-06-16 10:14:32+05:30,3121.1,1,3134.91,873278,105534.0,200370.0,3163.0,3163.0,3115.5,3134.3,31812200,3447.7,2820.9,3839.9,2896.0,3120.7,2,1,3120.4,1,1,3120.2,1,1,3120.0,5,1,3119.8,128,3,3121.1,48,3,3121.2,47,3,3121.3,64,5,3121.4,97,4,3121.5,23,1
2031,2026-06-16 10:14:32+05:30,3121.1,1,3134.91,873279,105607.0,199860.0,3163.0,3163.0,3115.5,3134.3,31812200,3447.7,2820.9,3839.9,2896.0,3120.7,44,2,3120.4,1,1,3120.2,1,1,3120.0,5,1,3119.8,128,3,3121.1,35,3,3121.2,47,3,3121.3,30,4,3121.4,135,5,3121.5,23,1
2031,2026-06-16 10:14:33+05:30,3121.1,1,3134.91,873279,105607.0,199860.0,3163.0,3163.0,3115.5,3134.3,31812200,3447.7,2820.9,3839.9,2896.0,3120.7,44,2,3120.4,1,1,3120.2,1,1,3120.0,5,1,3119.8,128,3,3121.1,35,3,3121.2,47,3,3121.3,30,4,3121.4,135,5,3121.5,23,1
2031,2026-06-16 10:14:33+05:30,3120.7,33,3134.91,873279,105607.0,199860.0,3163.0,3163.0,3115.5,3134.3,31812200,3447.7,2820.9,3839.9,2896.0,3120.7,44,2,3120.4,1,1,3120.2,1,1,3120.0,5,1,3119.8,128,3,3121.1,35,3,3121.2,47,3,3121.3,30,4,3121.4,135,5,3121.5,23,1
2031,2026-06-16 10:14:33+05:30,3120.7,33,3134.91,873279,105607.0,199860.0,3163.0,3163.0,3115.5,3134.3,31812200,3447.7,2820.9,3839.9,2896.0,3120.7,44,2,3120.4,1,1,3120.2,1,1,3120.0,5,1,3119.8,128,3,3121.1,35,3,3121.2,47,3,3121.3,30,4,3121.4,135,5,3121.5,23,1
2031,2026-06-16 10:14:33+05:30,3120.7,33,3134.91,873314,105604.0,200064.0,3163.0,3163.0,3115.5,3134.3,31812200,3447.7,2820.9,3839.9,2896.0,3120.7,11,2,3120.4,1,1,3120.2,1,1,3120.0,5,1,3119.8,104,2,3121.0,126,7,3121.1,82,5,3121.2,126,6,3121.3,2,2,3121.4,110,4
2031,2026-06-16 10:14:34+05:30,3120.7,1,3134.91,873314,105604.0,200064.0,3163.0,3163.0,3115.5,3134.3,31812200,3447.7,2820.9,3839.9,2896.0,3120.7,11,2,3120.4,1,1,3120.2,1,1,3120.0,5,1,3119.8,104,2,3121.0,126,7,3121.1,82,5,3121.2,126,6,3121.3,2,2,3121.4,110,4
2031,2026-06-16 10:14:34+05:30,3120.7,1,3134.91,873314,105604.0,200064.0,3163.0,3163.0,3115.5,3134.3,31812200,3447.7,2820.9,3839.9,2896.0,3120.7,11,2,3120.4,1,1,3120.2,1,1,3120.0,5,1,3119.8,104,2,3121.0,126,7,3121.1,82,5,3121.2,126,6,3121.3,2,2,3121.4,110,4
2031,2026-06-16 10:14:35+05:30,3120.7,1,3134.91,873334,105806.0,200350.0,3163.0,3163.0,3115.5,3134.3,31812200,3447.7,2820.9,3839.9,2896.0,3120.4,23,2,3120.2,1,1,3120.0,5,1,3119.8,104,2,3119.7,7,2,3120.7,24,1,3120.8,101,5,3120.9,57,3,3121.0,158,7,3121.1,61,4
2031,2026-06-16 10:14:35+05:30,3120.7,1,3134.91,873334,105806.0,200350.0,3163.0,3163.0,3115.5,3134.3,31812200,3447.7,2820.9,3839.9,2896.0,3120.4,23,2,3120.2,1,1,3120.0,5,1,3119.8,104,2,3119.7,7,2,3120.7,24,1,3120.8,101,5,3120.9,57,3,3121.0,158,7,3121.1,61,4
2031,2026-06-16 10:14:35+05:30,3120.4,5,3134.91,873334,105806.0,200350.0,3163.0,3163.0,3115.5,3134.3,31812200,3447.7,2820.9,3839.9,2896.0,3120.4,23,2,3120.2,1,1,3120.0,5,1,3119.8,104,2,3119.7,7,2,3120.7,24,1,3120.8,101,5,3120.9,57,3,3121.0,158,7,3121.1,61,4
2031,2026-06-16 10:14:36+05:30,3120.4,5,3134.91,873340,105632.0,198297.0,3163.0,3163.0,3115.5,3134.3,31812200,3447.7,2820.9,3839.9,2896.0,3120.4,18,2,3120.2,1,1,3120.0,5,1,3119.8,104,2,3119.7,7,2,3120.7,82,4,3120.8,70,4,3120.9,36,2,3121.0,132,6,3121.1,18,2
2031,2026-06-16 10:14:36+05:30,3120.4,5,3134.91,873340,105632.0,198297.0,3163.0,3163.0,3115.5,3134.3,31812200,3447.7,2820.9,3839.9,2896.0,3120.4,18,2,3120.2,1,1,3120.0,5,1,3119.8,104,2,3119.7,7,2,3120.7,82,4,3120.8,70,4,3120.9,36,2,3121.0,132,6,3121.1,18,2
2031,2026-06-16 10:14:37+05:30,3120.4,5,3134.91,873340,105632.0,198297.0,3163.0,3163.0,3115.5,3134.3,31812200,3447.7,2820.9,3839.9,2896.0,3120.4,18,2,3120.2,1,1,3120.0,5,1,3119.8,104,2,3119.7,7,2,3120.7,82,4,3120.8,70,4,3120.9,36,2,3121.0,132,6,3121.1,18,2
2031,2026-06-16 10:14:37+05:30,3120.4,5,3134.91,873340,105813.0,198348.0,3163.0,3163.0,3115.5,3134.3,31812200,3447.7,2820.9,3839.9,2896.0,3120.4,18,2,3120.2,1,1,3120.0,5,1,3119.8,104,2,3119.7,7,2,3120.7,116,6,3120.8,84,5,3120.9,36,2,3121.0,135,6,3121.1,38,3
2031,2026-06-16 10:14:37+05:30,3120.7,17,3134.91,873340,105813.0,198348.0,3163.0,3163.0,3115.5,3134.3,31812200,3447.7,2820.9,3839.9,2896.0,3120.4,18,2,3120.2,1,1,3120.0,5,1,3119.8,104,2,3119.7,7,2,3120.7,116,6,3120.8,84,5,3120.9,36,2,3121.0,135,6,3121.1,38,3
2031,2026-06-16 10:14:37+05:30,3120.7,17,3134.91,873340,105813.0,198348.0,3163.0,3163.0,3115.5,3134.3,31812200,3447.7,2820.9,3839.9,2896.0,3120.4,18,2,3120.2,1,1,3120.0,5,1,3119.8,104,2,3119.7,7,2,3120.7,116,6,3120.8,84,5,3120.9,36,2,3121.0,135,6,3121.1,38,3
2031,2026-06-16 10:14:38+05:30,3120.7,17,3134.91,873358,105832.0,198362.0,3163.0,3163.0,3115.5,3134.3,31812200,3447.7,2820.9,3839.9,2896.0,3120.4,18,2,3120.2,1,1,3120.0,5,1,3119.8,104,2,3119.7,7,2,3120.7,108,7,3120.8,84,5,3120.9,36,2,3121.0,160,7,3121.1,34,3
2031,2026-06-16 10:14:38+05:30,3120.7,17,3134.91,873358,105832.0,198362.0,3163.0,3163.0,3115.5,3134.3,31817600,3447.7,2820.9,3839.9,2896.0,3120.4,18,2,3120.2,1,1,3120.0,5,1,3119.8,104,2,3119.7,7,2,3120.7,108,7,3120.8,84,5,3120.9,36,2,3121.0,160,7,3121.1,34,3
2031,2026-06-16 10:14:39+05:30,3120.7,17,3134.91,873358,106233.0,200516.0,3163.0,3163.0,3115.5,3134.3,31817600,3447.7,2820.9,3839.9,2896.0,3120.4,19,3,3120.2,1,1,3120.0,30,2,3119.8,134,3,3119.7,69,3,3120.6,1,1,3120.7,81,5,3120.8,58,3,3120.9,32,2,3121.0,96,4
2031,2026-06-16 10:14:39+05:30,3120.7,91,3134.91,873358,106233.0,200516.0,3163.0,3163.0,3115.5,3134.3,31817600,3447.7,2820.9,3839.9,2896.0,3120.4,19,3,3120.2,1,1,3120.0,30,2,3119.8,134,3,3119.7,69,3,3120.6,1,1,3120.7,81,5,3120.8,58,3,3120.9,32,2,3121.0,96,4
2031,2026-06-16 10:14:40+05:30,3120.7,91,3134.91,873521,106261.0,199993.0,3163.0,3163.0,3115.5,3134.3,31817600,3447.7,2820.9,3839.9,2896.0,3120.4,2,2,3120.2,1,1,3120.0,30,2,3119.9,8,1,3119.8,104,2,3120.8,40,2,3121.0,96,4,3121.1,28,3,3121.2,78,4,3121.3,29,2
2031,2026-06-16 10:14:40+05:30,3120.0,21,3134.91,873521,106261.0,199993.0,3163.0,3163.0,3115.5,3134.3,31817600,3447.7,2820.9,3839.9,2896.0,3120.4,2,2,3120.2,1,1,3120.0,30,2,3119.9,8,1,3119.8,104,2,3120.8,40,2,3121.0,96,4,3121.1,28,3,3121.2,78,4,3121.3,29,2
2031,2026-06-16 10:14:41+05:30,3120.7,1,3134.91,873566,106811.0,200957.0,3163.0,3163.0,3115.5,3134.3,31817600,3447.7,2820.9,3839.9,2896.0,3120.5,61,1,3120.4,24,1,3120.0,4,1,3119.8,104,2,3119.7,69,3,3120.7,17,1,3120.8,58,3,3120.9,10,1,3121.0,65,3,3121.1,28,3
2031,2026-06-16 10:14:41+05:30,3120.7,1,3134.91,873566,106811.0,200957.0,3163.0,3163.0,3115.5,3134.3,31817600,3447.7,2820.9,3839.9,2896.0,3120.5,61,1,3120.4,24,1,3120.0,4,1,3119.8,104,2,3119.7,69,3,3120.7,17,1,3120.8,58,3,3120.9,10,1,3121.0,65,3,3121.1,28,3
2031,2026-06-16 10:14:42+05:30,3120.7,1,3134.91,873566,106859.0,201226.0,3163.0,3163.0,3115.5,3134.3,31817600,3447.7,2820.9,3839.9,2896.0,3120.5,61,1,3120.4,24,1,3120.0,4,1,3119.8,104,2,3119.7,69,3,3120.8,41,3,3120.9,10,1,3121.0,65,3,3121.1,28,3,3121.2,34,1
2031,2026-06-16 10:14:42+05:30,3120.8,1,3134.91,873566,106859.0,201226.0,3163.0,3163.0,3115.5,3134.3,31817600,3447.7,2820.9,3839.9,2896.0,3120.5,61,1,3120.4,24,1,3120.0,4,1,3119.8,104,2,3119.7,69,3,3120.8,41,3,3120.9,10,1,3121.0,65,3,3121.1,28,3,3121.2,34,1
2031,2026-06-16 10:14:43+05:30,3120.8,1,3134.91,873567,106698.0,200631.0,3163.0,3163.0,3115.5,3134.3,31817600,3447.7,2820.9,3839.9,2896.0,3120.5,61,1,3120.4,24,1,3120.0,4,1,3119.8,104,2,3119.7,69,3,3120.8,41,4,3120.9,10,1,3121.0,79,4,3121.1,66,4,3121.3,3,1
2031,2026-06-16 10:14:44+05:30,3120.8,1,3134.91,873567,106890.0,200367.0,3163.0,3163.0,3115.5,3134.3,31817600,3447.7,2820.9,3839.9,2896.0,3120.5,83,2,3120.4,24,1,3120.1,8,1,3120.0,77,4,3119.9,42,1,3120.8,66,5,3121.0,65,3,3121.1,45,4,3121.4,33,1,3121.6,153,6
2031,2026-06-16 10:14:45+05:30,3120.8,1,3134.91,873567,106695.0,201126.0,3163.0,3163.0,3115.5,3134.3,31817600,3447.7,2820.9,3839.9,2896.0,3120.7,2,2,3120.5,84,3,3120.4,24,1,3120.0,4,1,3119.8,104,2,3120.8,66,5,3121.0,79,4,3121.1,31,3,3121.2,39,2,3121.4,150,5
2031,2026-06-16 10:14:46+05:30,3120.8,1,3134.91,873567,107038.0,201107.0,3163.0,3163.0,3115.5,3134.3,31817600,3447.7,2820.9,3839.9,2896.0,3120.7,2,2,3120.5,84,3,3120.4,24,1,3120.0,154,2,3119.8,104,2,3120.8,66,5,3121.0,79,4,3121.1,31,3,3121.2,20,1,3121.3,33,1
2031,2026-06-16 10:14:46+05:30,3120.8,8,3134.91,873567,107038.0,201107.0,3163.0,3163.0,3115.5,3134.3,31817600,3447.7,2820.9,3839.9,2896.0,3120.7,2,2,3120.5,84,3,3120.4,24,1,3120.0,154,2,3119.8,104,2,3120.8,66,5,3121.0,79,4,3121.1,31,3,3121.2,20,1,3121.3,33,1
2031,2026-06-16 10:14:47+05:30,3121.0,17,3134.91,873658,107217.0,200992.0,3163.0,3163.0,3115.5,3134.3,31817600,3447.7,2820.9,3839.9,2896.0,3120.8,3,1,3120.7,35,4,3120.5,84,3,3120.3,72,2,3120.2,42,1,3121.0,48,3,3121.1,31,3,3121.3,14,1,3121.6,32,1,3121.8,187,6
2031,2026-06-16 10:14:47+05:30,3121.0,17,3134.91,873658,107217.0,200992.0,3163.0,3163.0,3115.5,3134.3,31817600,3447.7,2820.9,3839.9,2896.0,3120.8,3,1,3120.7,35,4,3120.5,84,3,3120.3,72,2,3120.2,42,1,3121.0,48,3,3121.1,31,3,3121.3,14,1,3121.6,32,1,3121.8,187,6
2031,2026-06-16 10:14:48+05:30,3121.0,1,3134.91,873660,107042.0,200979.0,3163.0,3163.0,3115.5,3134.3,31817600,3447.7,2820.9,3839.9,2896.0,3120.8,3,1,3120.7,35,4,3120.5,84,3,3120.4,66,2,3120.3,67,2,3121.0,46,2,3121.1,32,4,3121.4,14,1,3121.6,32,1,3121.8,168,5
2031,2026-06-16 10:14:48+05:30,3120.7,4,3134.91,873660,107042.0,200979.0,3163.0,3163.0,3115.5,3134.3,31817600,3447.7,2820.9,3839.9,2896.0,3120.8,3,1,3120.7,35,4,3120.5,84,3,3120.4,66,2,3120.3,67,2,3121.0,46,2,3121.1,32,4,3121.4,14,1,3121.6,32,1,3121.8,168,5
2031,2026-06-16 10:14:49+05:30,3120.7,4,3134.91,873704,106943.0,199413.0,3163.0,3163.0,3115.5,3134.3,31817600,3447.7,2820.9,3839.9,2896.0,3120.7,29,2,3120.5,84,3,3120.3,48,1,3120.1,19,1,3120.0,308,5,3121.0,47,3,3121.1,32,4,3121.3,14,1,3121.5,75,3,3121.6,32,1
2031,2026-06-16 10:14:50+05:30,3120.7,4,3134.91,873704,106993.0,200845.0,3163.0,3163.0,3115.5,3134.3,31817600,3447.7,2820.9,3839.9,2896.0,3120.7,29,2,3120.5,84,3,3120.0,303,5,3119.9,24,1,3119.8,183,5,3121.0,47,3,3121.1,32,4,3121.2,14,1,3121.3,33,1,3121.4,20,1
2031,2026-06-16 10:14:51+05:30,3120.7,4,3134.91,873704,107143.0,199452.0,3163.0,3163.0,3115.5,3134.3,31817600,3447.7,2820.9,3839.9,2896.0,3120.7,29,2,3120.5,84,3,3120.1,175,1,3120.0,303,5,3119.9,24,1,3121.0,47,3,3121.1,32,4,3121.3,14,1,3121.5,75,3,3121.6,152,4
2031,2026-06-16 10:14:51+05:30,3121.0,5,3134.91,873704,107143.0,199452.0,3163.0,3163.0,3115.5,3134.3,31817600,3447.7,2820.9,3839.9,2896.0,3120.7,29,2,3120.5,84,3,3120.1,175,1,3120.0,303,5,3119.9,24,1,3121.0,47,3,3121.1,32,4,3121.3,14,1,3121.5,75,3,3121.6,152,4
2031,2026-06-16 10:14:52+05:30,3120.7,4,3134.91,873713,107150.0,200732.0,3163.0,3163.0,3115.5,3134.3,31817600,3447.7,2820.9,3839.9,2896.0,3120.7,25,2,3120.5,84,3,3120.4,3,1,3120.1,156,1,3120.0,327,6,3121.0,42,3,3121.1,32,4,3121.2,14,1,3121.5,75,3,3121.6,152,4
2031,2026-06-16 10:14:52+05:30,3121.0,16,3134.91,873713,107150.0,200732.0,3163.0,3163.0,3115.5,3134.3,31817600,3447.7,2820.9,3839.9,2896.0,3120.7,25,2,3120.5,84,3,3120.4,3,1,3120.1,156,1,3120.0,327,6,3121.0,42,3,3121.1,32,4,3121.2,14,1,3121.5,75,3,3121.6,152,4
2031,2026-06-16 10:14:53+05:30,3121.1,22,3134.9,873848,107112.0,200183.0,3163.0,3163.0,3115.5,3134.3,31817600,3447.7,2820.9,3839.9,2896.0,3121.1,1,1,3120.7,26,2,3120.5,84,3,3120.4,3,1,3120.2,63,1,3121.4,32,2,3121.5,44,2,3121.6,65,2,3121.7,62,2,3121.8,146,4
2031,2026-06-16 10:14:53+05:30,3121.1,1,3134.9,873848,107112.0,200183.0,3163.0,3163.0,3115.5,3134.3,31817600,3447.7,2820.9,3839.9,2896.0,3121.1,1,1,3120.7,26,2,3120.5,84,3,3120.4,3,1,3120.2,63,1,3121.4,32,2,3121.5,44,2,3121.6,65,2,3121.7,62,2,3121.8,146,4
2031,2026-06-16 10:14:54+05:30,3121.3,1,3134.9,873850,106975.0,199763.0,3163.0,3163.0,3115.5,3134.3,31817600,3447.7,2820.9,3839.9,2896.0,3120.7,26,2,3120.5,84,3,3120.4,3,1,3120.1,24,1,3120.0,266,4,3121.3,31,2,3121.4,37,2,3121.5,73,3,3121.6,140,4,3121.7,43,1
2031,2026-06-16 10:14:54+05:30,3121.3,1,3134.9,873850,106975.0,199763.0,3163.0,3163.0,3115.5,3134.3,31817600,3447.7,2820.9,3839.9,2896.0,3120.7,26,2,3120.5,84,3,3120.4,3,1,3120.1,24,1,3120.0,266,4,3121.3,31,2,3121.4,37,2,3121.5,73,3,3121.6,140,4,3121.7,43,1
2031,2026-06-16 10:14:55+05:30,3121.3,10,3134.9,873860,106986.0,200372.0,3163.0,3163.0,3115.5,3134.3,31817600,3447.7,2820.9,3839.9,2896.0,3120.7,63,3,3120.5,83,2,3120.4,3,1,3120.1,24,1,3120.0,266,4,3121.3,42,3,3121.4,37,2,3121.5,73,3,3121.6,140,4,3121.7,43,1
2031,2026-06-16 10:14:55+05:30,3121.3,10,3134.9,873860,106986.0,200372.0,3163.0,3163.0,3115.5,3134.3,31817600,3447.7,2820.9,3839.9,2896.0,3120.7,63,3,3120.5,83,2,3120.4,3,1,3120.1,24,1,3120.0,266,4,3121.3,42,3,3121.4,37,2,3121.5,73,3,3121.6,140,4,3121.7,43,1
2031,2026-06-16 10:14:56+05:30,3121.3,10,3134.9,873860,106975.0,198142.0,3163.0,3163.0,3115.5,3134.3,31817600,3447.7,2820.9,3839.9,2896.0,3121.0,26,1,3120.7,38,2,3120.5,83,2,3120.4,3,1,3120.2,7,1,3121.1,14,1,3121.3,40,3,3121.4,33,1,3121.5,92,4,3121.6,33,1
2031,2026-06-16 10:14:56+05:30,3121.1,10,3134.9,873860,106975.0,198142.0,3163.0,3163.0,3115.5,3134.3,31817600,3447.7,2820.9,3839.9,2896.0,3121.0,26,1,3120.7,38,2,3120.5,83,2,3120.4,3,1,3120.2,7,1,3121.1,14,1,3121.3,40,3,3121.4,33,1,3121.5,92,4,3121.6,33,1
2031,2026-06-16 10:14:57+05:30,3120.4,3,3134.9,874249,105543.0,201030.0,3163.0,3163.0,3115.5,3134.3,31817600,3447.7,2820.9,3839.9,2896.0,3120.0,205,4,3119.8,104,2,3119.7,7,2,3119.6,8,2,3119.5,15,1,3120.3,70,3,3120.6,52,2,3120.8,52,2,3121.0,19,1,3121.1,20,1
2031,2026-06-16 10:14:57+05:30,3120.4,3,3134.9,874249,105543.0,201030.0,3163.0,3163.0,3115.5,3134.3,31817600,3447.7,2820.9,3839.9,2896.0,3120.0,205,4,3119.8,104,2,3119.7,7,2,3119.6,8,2,3119.5,15,1,3120.3,70,3,3120.6,52,2,3120.8,52,2,3121.0,19,1,3121.1,20,1
2031,2026-06-16 10:14:58+05:30,3120.4,3,3134.9,874249,105432.0,200785.0,3163.0,3163.0,3115.5,3134.3,31817600,3447.7,2820.9,3839.9,2896.0,3120.1,2,1,3120.0,235,5,3119.9,21,1,3119.8,104,2,3119.7,7,2,3120.3,163,5,3120.4,52,2,3120.5,2,1,3120.6,84,4,3120.7,20,1
2031,2026-06-16 10:14:58+05:30,3120.3,1,3134.9,874249,105432.0,200785.0,3163.0,3163.0,3115.5,3134.3,31817600,3447.7,2820.9,3839.9,2896.0,3120.1,2,1,3120.0,235,5,3119.9,21,1,3119.8,104,2,3119.7,7,2,3120.3,163,5,3120.4,52,2,3120.5,2,1,3120.6,84,4,3120.7,20,1
2031,2026-06-16 10:14:59+05:30,3120.3,1,3134.9,874250,106254.0,201200.0,3163.0,3163.0,3115.5,3134.3,31817600,3447.7,2820.9,3839.9,2896.0,3120.1,111,2,3120.0,235,5,3119.9,21,1,3119.8,104,2,3119.7,7,2,3120.3,164,6,3120.4,52,2,3120.5,2,1,3120.6,84,4,3120.8,72,3
2031,2026-06-16 10:14:59+05:30,3120.3,3,3134.9,874250,106254.0,201200.0,3163.0,3163.0,3115.5,3134.3,31817600,3447.7,2820.9,3839.9,2896.0,3120.1,111,2,3120.0,235,5,3119.9,21,1,3119.8,104,2,3119.7,7,2,3120.3,164,6,3120.4,52,2,3120.5,2,1,3120.6,84,4,3120.8,72,3
2031,2026-06-16 10:15:00+05:30,3120.1,49,3134.9,874304,106460.0,200759.0,3163.0,3163.0,3115.5,3134.3,31817600,3447.7,2820.9,3839.9,2896.0,3120.2,2,2,3120.1,71,3,3120.0,248,6,3119.9,21,1,3119.8,104,2,3120.3,161,6,3120.4,20,2,3120.5,2,1,3120.6,18,1,3120.8,33,1
2031,2026-06-16 10:15:00+05:30,3120.3,7,3134.9,874304,106460.0,200759.0,3163.0,3163.0,3115.5,3134.3,31817600,3447.7,2820.9,3839.9,2896.0,3120.2,2,2,3120.1,71,3,3120.0,248,6,3119.9,21,1,3119.8,104,2,3120.3,161,6,3120.4,20,2,3120.5,2,1,3120.6,18,1,3120.8,33,1
2031,2026-06-16 10:15:01+05:30,3120.3,1,3134.89,874415,106371.0,200643.0,3163.0,3163.0,3115.5,3134.3,31817600,3447.7,2820.9,3839.9,2896.0,3120.2,2,2,3120.1,71,3,3120.0,350,8,3119.9,21,1,3119.8,104,2,3120.3,50,4,3120.4,19,1,3120.5,3,2,3120.6,18,1,3121.2,19,1
2031,2026-06-16 10:15:01+05:30,3120.3,1,3134.89,874415,106371.0,200643.0,3163.0,3163.0,3115.5,3134.3,31817600,3447.7,2820.9,3839.9,2896.0,3120.2,2,2,3120.1,71,3,3120.0,350,8,3119.9,21,1,3119.8,104,2,3120.3,50,4,3120.4,19,1,3120.5,3,2,3120.6,18,1,3121.2,19,1
2031,2026-06-16 10:15:02+05:30,3120.3,1,3134.89,874415,106105.0,200689.0,3163.0,3163.0,3115.5,3134.3,31817600,3447.7,2820.9,3839.9,2896.0,3120.2,2,2,3120.1,71,3,3120.0,248,6,3119.9,21,1,3119.8,146,3,3120.3,70,5,3120.4,19,1,3120.5,3,2,3120.6,18,1,3120.9,33,1
2031,2026-06-16 10:15:02+05:30,3120.3,3,3134.89,874415,106105.0,200689.0,3163.0,3163.0,3115.5,3134.3,31817600,3447.7,2820.9,3839.9,2896.0,3120.2,2,2,3120.1,71,3,3120.0,248,6,3119.9,21,1,3119.8,146,3,3120.3,70,5,3120.4,19,1,3120.5,3,2,3120.6,18,1,3120.9,33,1
2031,2026-06-16 10:15:03+05:30,3120.4,17,3134.89,874505,106538.0,200588.0,3163.0,3163.0,3115.5,3134.3,31817600,3447.7,2820.9,3839.9,2896.0,3120.2,23,3,3120.1,71,3,3120.0,248,6,3119.9,94,2,3119.8,104,2,3120.4,4,2,3120.5,3,2,3120.6,18,1,3120.9,33,1,3121.0,19,1
2031,2026-06-16 10:15:03+05:30,3120.2,177,3134.89,874505,106538.0,200588.0,3163.0,3163.0,3115.5,3134.3,31817600,3447.7,2820.9,3839.9,2896.0,3120.2,23,3,3120.1,71,3,3120.0,248,6,3119.9,94,2,3119.8,104,2,3120.4,4,2,3120.5,3,2,3120.6,18,1,3120.9,33,1,3121.0,19,1
2031,2026-06-16 10:15:04+05:30,3120.4,1,3134.89,874708,106517.0,200617.0,3163.0,3163.0,3115.5,3134.3,31817600,3447.7,2820.9,3839.9,2896.0,3120.2,11,1,3120.1,113,4,3120.0,248,6,3119.9,60,1,3119.8,116,3,3120.4,3,2,3120.5,3,2,3120.6,18,1,3121.0,33,1,3121.2,33,1
2031,2026-06-16 10:15:04+05:30,3120.4,1,3134.89,874708,106517.0,200617.0,3163.0,3163.0,3115.5,3134.3,31817600,3447.7,2820.9,3839.9,2896.0,3120.2,11,1,3120.1,113,4,3120.0,248,6,3119.9,60,1,3119.8,116,3,3120.4,3,2,3120.5,3,2,3120.6,18,1,3121.0,33,1,3121.2,33,1
2031,2026-06-16 10:15:05+05:30,3120.2,8,3134.89,874716,106706.0,200618.0,3163.0,3163.0,3115.5,3134.3,31817600,3447.7,2820.9,3839.9,2896.0,3120.2,41,2,3120.1,113,4,3120.0,248,6,3119.9,60,1,3119.8,140,4,3120.4,4,3,3120.5,3,2,3120.6,18,1,3121.2,33,1,3121.3,31,1
2031,2026-06-16 10:15:05+05:30,3120.2,8,3134.89,874716,106706.0,200618.0,3163.0,3163.0,3115.5,3134.3,31817600,3447.7,2820.9,3839.9,2896.0,3120.2,41,2,3120.1,113,4,3120.0,248,6,3119.9,60,1,3119.8,140,4,3120.4,4,3,3120.5,3,2,3120.6,18,1,3121.2,33,1,3121.3,31,1
2031,2026-06-16 10:15:06+05:30,3121.4,3,3134.89,874891,107071.0,200646.0,3163.0,3163.0,3115.5,3134.3,31817600,3447.7,2820.9,3839.9,2896.0,3120.2,16,1,3120.1,71,3,3120.0,290,7,3119.9,60,1,3119.8,104,2,3121.1,16,1,3121.2,97,5,3121.3,18,1,3121.4,117,5,3121.5,76,2
2031,2026-06-16 10:15:06+05:30,3121.4,3,3134.89,874891,107071.0,200646.0,3163.0,3163.0,3115.5,3134.3,31817600,3447.7,2820.9,3839.9,2896.0,3120.2,16,1,3120.1,71,3,3120.0,290,7,3119.9,60,1,3119.8,104,2,3121.1,16,1,3121.2,97,5,3121.3,18,1,3121.4,117,5,3121.5,76,2
2031,2026-06-16 10:15:07+05:30,3120.4,1,3134.89,874892,106930.0,199894.0,3163.0,3163.0,3115.5,3134.3,31817600,3447.7,2820.9,3839.9,2896.0,3120.2,16,1,3120.1,71,3,3120.0,293,7,3119.9,102,2,3119.8,104,2,3120.4,66,1,3121.1,60,3,3121.2,59,3,3121.4,139,6,3121.5,76,2
2031,2026-06-16 10:15:07+05:30,3120.4,1,3134.89,874892,106930.0,199894.0,3163.0,3163.0,3115.5,3134.3,31817600,3447.7,2820.9,3839.9,2896.0,3120.2,16,1,3120.1,71,3,3120.0,293,7,3119.9,102,2,3119.8,104,2,3120.4,66,1,3121.1,60,3,3121.2,59,3,3121.4,139,6,3121.5,76,2
2031,2026-06-16 10:15:08+05:30,3120.4,1,3134.89,874892,106916.0,200164.0,3163.0,3163.0,3115.5,3134.3,31817600,3447.7,2820.9,3839.9,2896.0,3120.2,16,1,3120.1,61,2,3120.0,293,7,3119.8,104,2,3119.7,49,3,3120.4,107,4,3120.8,33,1,3120.9,19,1,3121.0,33,1,3121.1,94,3
2031,2026-06-16 10:15:09+05:30,3120.4,1,3134.89,874993,106945.0,200624.0,3163.0,3163.0,3115.5,3134.3,31817600,3447.7,2820.9,3839.9,2896.0,3120.3,10,1,3120.2,39,2,3120.1,61,2,3120.0,293,7,3119.9,42,1,3120.4,61,3,3120.7,33,1,3120.9,19,1,3121.0,33,1,3121.1,94,3
2031,2026-06-16 10:15:09+05:30,3120.4,1,3134.89,874993,106945.0,200624.0,3163.0,3163.0,3115.5,3134.3,31817600,3447.7,2820.9,3839.9,2896.0,3120.3,10,1,3120.2,39,2,3120.1,61,2,3120.0,293,7,3119.9,42,1,3120.4,61,3,3120.7,33,1,3120.9,19,1,3121.0,33,1,3121.1,94,3
2031,2026-06-16 10:15:10+05:30,3120.4,2,3134.89,875001,107005.0,200888.0,3163.0,3163.0,3115.5,3134.3,31817600,3447.7,2820.9,3839.9,2896.0,3120.3,11,2,3120.2,45,4,3120.1,3,1,3120.0,328,9,3119.8,170,4,3120.4,78,4,3120.9,22,1,3121.1,76,2,3121.2,52,2,3121.3,63,2
2031,2026-06-16 10:15:10+05:30,3120.4,2,3134.89,875001,107005.0,200888.0,3163.0,3163.0,3115.5,3134.3,31817600,3447.7,2820.9,3839.9,2896.0,3120.3,11,2,3120.2,45,4,3120.1,3,1,3120.0,328,9,3119.8,170,4,3120.4,78,4,3120.9,22,1,3121.1,76,2,3121.2,52,2,3121.3,63,2
2031,2026-06-16 10:15:11+05:30,3120.4,2,3134.89,875001,107060.0,200590.0,3163.0,3163.0,3115.5,3134.3,31817600,3447.7,2820.9,3839.9,2896.0,3120.3,47,3,3120.2,45,4,3120.1,71,4,3120.0,304,8,3119.9,10,1,3120.4,78,4,3121.3,60,1,3121.4,102,5,3121.5,76,2,3121.6,112,4
2031,2026-06-16 10:15:12+05:30,3120.4,3,3134.89,875004,107945.0,200556.0,3163.0,3163.0,3115.5,3134.3,31817600,3447.7,2820.9,3839.9,2896.0,3120.3,1089,5,3120.2,73,6,3120.1,5,2,3120.0,328,9,3119.9,54,3,3120.4,75,4,3121.4,94,4,3121.5,89,3,3121.6,112,4,3121.7,57,2
2031,2026-06-16 10:15:12+05:30,3120.4,3,3134.89,875004,107945.0,200556.0,3163.0,3163.0,3115.5,3134.3,31817600,3447.7,2820.9,3839.9,2896.0,3120.3,1089,5,3120.2,73,6,3120.1,5,2,3120.0,328,9,3119.9,54,3,3120.4,75,4,3121.4,94,4,3121.5,89,3,3121.6,112,4,3121.7,57,2
2031,2026-06-16 10:15:13+05:30,3120.4,60,3134.88,875132,107937.0,200044.0,3163.0,3163.0,3115.5,3134.3,31817600,3447.7,2820.9,3839.9,2896.0,3120.4,25,1,3120.3,1104,6,3120.2,22,3,3120.1,5,2,3120.0,291,7,3121.2,18,1,3121.3,18,1,3121.4,53,3,3121.5,85,4,3121.6,98,3
2031,2026-06-16 10:15:13+05:30,3120.4,60,3134.88,875132,107937.0,200044.0,3163.0,3163.0,3115.5,3134.3,31817600,3447.7,2820.9,3839.9,2896.0,3120.4,25,1,3120.3,1104,6,3120.2,22,3,3120.1,5,2,3120.0,291,7,3121.2,18,1,3121.3,18,1,3121.4,53,3,3121.5,85,4,3121.6,98,3
2031,2026-06-16 10:15:14+05:30,3121.2,1,3134.88,875159,108184.0,200580.0,3163.0,3163.0,3115.5,3134.3,31817600,3447.7,2820.9,3839.9,2896.0,3120.4,43,1,3120.3,1095,6,3120.2,46,4,3120.1,5,2,3120.0,291,7,3121.2,11,1,3121.3,18,1,3121.4,53,3,3121.5,122,5,3121.6,121,3
2031,2026-06-16 10:15:14+05:30,3121.2,1,3134.88,875159,108184.0,200580.0,3163.0,3163.0,3115.5,3134.3,31817600,3447.7,2820.9,3839.9,2896.0,3120.4,43,1,3120.3,1095,6,3120.2,46,4,3120.1,5,2,3120.0,291,7,3121.2,11,1,3121.3,18,1,3121.4,53,3,3121.5,122,5,3121.6,121,3
2031,2026-06-16 10:15:15+05:30,3121.2,17,3134.88,875159,108184.0,200580.0,3163.0,3163.0,3115.5,3134.3,31817600,3447.7,2820.9,3839.9,2896.0,3120.4,43,1,3120.3,1095,6,3120.2,46,4,3120.1,5,2,3120.0,291,7,3121.2,11,1,3121.3,18,1,3121.4,53,3,3121.5,122,5,3121.6,121,3
2031,2026-06-16 10:15:15+05:30,3121.2,17,3134.88,875187,108483.0,199368.0,3163.0,3163.0,3115.5,3134.3,31817600,3447.7,2820.9,3839.9,2896.0,3120.8,2,2,3120.5,42,1,3120.4,242,5,3120.3,1073,5,3120.2,73,6,3121.3,18,1,3121.4,36,2,3121.5,20,1,3121.9,24,1,3122.0,170,5
2031,2026-06-16 10:15:16+05:30,3121.2,11,3134.88,875187,108483.0,199368.0,3163.0,3163.0,3115.5,3134.3,31817600,3447.7,2820.9,3839.9,2896.0,3120.8,2,2,3120.5,42,1,3120.4,242,5,3120.3,1073,5,3120.2,73,6,3121.3,18,1,3121.4,36,2,3121.5,20,1,3121.9,24,1,3122.0,170,5
2031,2026-06-16 10:15:16+05:30,3121.3,1,3134.88,875199,108827.0,199356.0,3163.0,3163.0,3115.5,3134.3,31817600,3447.7,2820.9,3839.9,2896.0,3121.2,10,2,3120.8,45,3,3120.5,167,1,3120.4,81,5,3120.3,1043,4,3121.3,29,2,3121.4,36,2,3121.5,20,1,3121.9,84,2,3122.0,150,4
2031,2026-06-16 10:15:17+05:30,3121.2,8,3134.88,875199,108827.0,199356.0,3163.0,3163.0,3115.5,3134.3,31817600,3447.7,2820.9,3839.9,2896.0,3121.2,10,2,3120.8,45,3,3120.5,167,1,3120.4,81,5,3120.3,1043,4,3121.3,29,2,3121.4,36,2,3121.5,20,1,3121.9,84,2,3122.0,150,4
2031,2026-06-16 10:15:17+05:30,3121.2,8,3134.88,875217,108638.0,199753.0,3163.0,3163.0,3115.5,3134.3,31817600,3447.7,2820.9,3839.9,2896.0,3121.2,1,1,3120.8,45,3,3120.5,167,1,3120.4,80,5,3120.3,1109,6,3121.3,29,2,3121.4,36,2,3121.5,20,1,3121.9,103,3,3122.0,150,4
2031,2026-06-16 10:15:18+05:30,3121.3,2,3134.88,875217,108638.0,199753.0,3163.0,3163.0,3115.5,3134.3,31817600,3447.7,2820.9,3839.9,2896.0,3121.2,1,1,3120.8,45,3,3120.5,167,1,3120.4,80,5,3120.3,1109,6,3121.3,29,2,3121.4,36,2,3121.5,20,1,3121.9,103,3,3122.0,150,4
2031,2026-06-16 10:15:19+05:30,3121.3,2,3134.88,875219,109324.0,197549.0,3163.0,3163.0,3115.5,3134.3,31817600,3447.7,2820.9,3839.9,2896.0,3121.2,42,2,3120.8,45,3,3120.7,26,1,3120.6,42,1,3120.5,123,2,3121.3,27,3,3121.4,36,2,3121.9,56,2,3122.0,137,4,3122.1,136,3
2031,2026-06-16 10:15:20+05:30,3121.3,1,3134.88,875220,109286.0,199804.0,3163.0,3163.0,3115.5,3134.3,31817600,3447.7,2820.9,3839.9,2896.0,3121.2,42,2,3120.8,45,3,3120.7,26,1,3120.5,76,2,3120.4,43,4,3121.3,63,6,3121.4,18,1,3121.5,32,1,3121.7,33,2,3121.8,32,1
2031,2026-06-16 10:15:20+05:30,3121.4,1,3134.88,875220,109286.0,199804.0,3163.0,3163.0,3115.5,3134.3,31817600,3447.7,2820.9,3839.9,2896.0,3121.2,42,2,3120.8,45,3,3120.7,26,1,3120.5,76,2,3120.4,43,4,3121.3,63,6,3121.4,18,1,3121.5,32,1,3121.7,33,2,3121.8,32,1
2031,2026-06-16 10:15:21+05:30,3121.4,1,3134.88,875450,109370.0,199703.0,3163.0,3163.0,3115.5,3134.3,31817600,3447.7,2820.9,3839.9,2896.0,3121.2,17,5,3120.8,43,1,3120.7,15,1,3120.5,63,1,3120.4,185,4,3121.4,17,1,3121.5,32,1,3121.6,19,1,3121.7,14,1,3121.8,51,2
2031,2026-06-16 10:15:21+05:30,3121.2,3,3134.88,875450,109370.0,199703.0,3163.0,3163.0,3115.5,3134.3,31817600,3447.7,2820.9,3839.9,2896.0,3121.2,17,5,3120.8,43,1,3120.7,15,1,3120.5,63,1,3120.4,185,4,3121.4,17,1,3121.5,32,1,3121.6,19,1,3121.7,14,1,3121.8,51,2
2031,2026-06-16 10:15:21+05:30,3121.2,3,3134.88,875450,109370.0,199703.0,3163.0,3163.0,3115.5,3134.3,31817600,3447.7,2820.9,3839.9,2896.0,3121.2,17,5,3120.8,43,1,3120.7,15,1,3120.5,63,1,3120.4,185,4,3121.4,17,1,3121.5,32,1,3121.6,19,1,3121.7,14,1,3121.8,51,2
2031,2026-06-16 10:15:22+05:30,3121.2,3,3134.88,875467,109190.0,199891.0,3163.0,3163.0,3115.5,3134.3,31817600,3447.7,2820.9,3839.9,2896.0,3121.2,14,4,3120.9,15,1,3120.8,43,1,3120.4,185,4,3120.3,1001,2,3121.4,151,6,3121.5,18,1,3121.6,62,3,3121.8,51,2,3121.9,106,3
2031,2026-06-16 10:15:23+05:30,3121.2,3,3134.88,875467,109320.0,199851.0,3163.0,3163.0,3115.5,3134.3,31817600,3447.7,2820.9,3839.9,2896.0,3121.2,37,6,3121.0,24,1,3120.9,15,1,3120.8,43,1,3120.4,185,4,3121.4,101,4,3121.5,18,1,3121.6,32,1,3121.8,32,1,3121.9,79,2
2031,2026-06-16 10:15:23+05:30,3121.2,3,3134.88,875467,109320.0,199851.0,3163.0,3163.0,3115.5,3134.3,31817600,3447.7,2820.9,3839.9,2896.0,3121.2,37,6,3121.0,24,1,3120.9,15,1,3120.8,43,1,3120.4,185,4,3121.4,101,4,3121.5,18,1,3121.6,32,1,3121.8,32,1,3121.9,79,2
2031,2026-06-16 10:15:23+05:30,3121.2,6,3134.88,875467,109320.0,199851.0,3163.0,3163.0,3115.5,3134.3,31817600,3447.7,2820.9,3839.9,2896.0,3121.2,37,6,3121.0,24,1,3120.9,15,1,3120.8,43,1,3120.4,185,4,3121.4,101,4,3121.5,18,1,3121.6,32,1,3121.8,32,1,3121.9,79,2
2031,2026-06-16 10:15:24+05:30,3121.2,6,3134.88,875487,109315.0,199864.0,3163.0,3163.0,3115.5,3134.3,31817600,3447.7,2820.9,3839.9,2896.0,3121.2,29,4,3121.0,24,1,3120.9,15,1,3120.8,43,1,3120.4,185,4,3121.4,106,5,3121.5,18,1,3121.6,32,1,3121.7,19,1,3121.8,32,1
2031,2026-06-16 10:15:24+05:30,3121.4,4,3134.88,875487,109315.0,199864.0,3163.0,3163.0,3115.5,3134.3,31817600,3447.7,2820.9,3839.9,2896.0,3121.2,29,4,3121.0,24,1,3120.9,15,1,3120.8,43,1,3120.4,185,4,3121.4,106,5,3121.5,18,1,3121.6,32,1,3121.7,19,1,3121.8,32,1
2031,2026-06-16 10:15:25+05:30,3121.4,4,3134.88,875592,109393.0,199273.0,3163.0,3163.0,3115.5,3134.3,31817600,3447.7,2820.9,3839.9,2896.0,3121.2,20,3,3121.0,24,1,3120.9,15,1,3120.8,83,3,3120.7,81,3,3121.4,1,1,3121.5,18,1,3122.0,96,3,3122.1,32,1,3122.2,72,3
2031,2026-06-16 10:15:25+05:30,3121.4,4,3134.88,875592,109393.0,199273.0,3163.0,3163.0,3115.5,3134.3,31817600,3447.7,2820.9,3839.9,2896.0,3121.2,20,3,3121.0,24,1,3120.9,15,1,3120.8,83,3,3120.7,81,3,3121.4,1,1,3121.5,18,1,3122.0,96,3,3122.1,32,1,3122.2,72,3
2031,2026-06-16 10:15:25+05:30,3121.4,9,3134.88,875592,109393.0,199273.0,3163.0,3163.0,3115.5,3134.3,31817600,3447.7,2820.9,3839.9,2896.0,3121.2,20,3,3121.0,24,1,3120.9,15,1,3120.8,83,3,3120.7,81,3,3121.4,1,1,3121.5,18,1,3122.0,96,3,3122.1,32,1,3122.2,72,3
2031,2026-06-16 10:15:26+05:30,3121.4,9,3134.88,875602,109456.0,199463.0,3163.0,3163.0,3115.5,3134.3,31817600,3447.7,2820.9,3839.9,2896.0,3121.2,20,3,3121.0,24,1,3120.9,15,1,3120.8,71,2,3120.7,57,2,3121.4,5,1,3121.5,18,1,3122.0,96,3,3122.1,32,1,3122.2,132,4
2031,2026-06-16 10:15:26+05:30,3121.4,23,3134.88,875602,109456.0,199463.0,3163.0,3163.0,3115.5,3134.3,31817600,3447.7,2820.9,3839.9,2896.0,3121.2,20,3,3121.0,24,1,3120.9,15,1,3120.8,71,2,3120.7,57,2,3121.4,5,1,3121.5,18,1,3122.0,96,3,3122.1,32,1,3122.2,132,4
2031,2026-06-16 10:15:26+05:30,3121.4,23,3134.88,875602,109456.0,199463.0,3163.0,3163.0,3115.5,3134.3,31817600,3447.7,2820.9,3839.9,2896.0,3121.2,20,3,3121.0,24,1,3120.9,15,1,3120.8,71,2,3120.7,57,2,3121.4,5,1,3121.5,18,1,3122.0,96,3,3122.1,32,1,3122.2,132,4
2031,2026-06-16 10:15:27+05:30,3121.5,1,3134.87,875832,109139.0,199619.0,3163.0,3163.0,3115.5,3134.3,31817600,3447.7,2820.9,3839.9,2896.0,3121.2,21,4,3120.9,15,1,3120.8,71,2,3120.7,57,2,3120.6,61,2,3121.4,27,1,3121.5,17,1,3121.9,32,1,3122.0,65,3,3122.1,32,1
2031,2026-06-16 10:15:27+05:30,3121.2,5,3134.87,875832,109139.0,199619.0,3163.0,3163.0,3115.5,3134.3,31817600,3447.7,2820.9,3839.9,2896.0,3121.2,21,4,3120.9,15,1,3120.8,71,2,3120.7,57,2,3120.6,61,2,3121.4,27,1,3121.5,17,1,3121.9,32,1,3122.0,65,3,3122.1,32,1
2031,2026-06-16 10:15:28+05:30,3121.2,18,3134.87,875914,109755.0,199922.0,3163.0,3163.0,3115.5,3134.3,31817600,3447.7,2820.9,3839.9,2896.0,3121.2,27,4,3120.9,15,1,3120.8,43,1,3120.7,15,1,3120.6,20,2,3121.4,211,2,3121.5,17,1,3121.7,32,1,3122.0,97,4,3122.1,32,1
2031,2026-06-16 10:15:28+05:30,3121.2,18,3134.87,875914,109755.0,199922.0,3163.0,3163.0,3115.5,3134.3,31817600,3447.7,2820.9,3839.9,2896.0,3121.2,27,4,3120.9,15,1,3120.8,43,1,3120.7,15,1,3120.6,20,2,3121.4,211,2,3121.5,17,1,3121.7,32,1,3122.0,97,4,3122.1,32,1
2031,2026-06-16 10:15:28+05:30,3121.4,1,3134.87,875914,109755.0,199922.0,3163.0,3163.0,3115.5,3134.3,31817600,3447.7,2820.9,3839.9,2896.0,3121.2,27,4,3120.9,15,1,3120.8,43,1,3120.7,15,1,3120.6,20,2,3121.4,211,2,3121.5,17,1,3121.7,32,1,3122.0,97,4,3122.1,32,1
2031,2026-06-16 10:15:29+05:30,3121.4,1,3134.87,875955,109762.0,199989.0,3163.0,3163.0,3115.5,3134.3,31817600,3447.7,2820.9,3839.9,2896.0,3121.2,22,4,3120.9,15,1,3120.8,43,1,3120.6,19,1,3120.5,19,1,3121.4,235,4,3121.5,17,1,3121.6,32,1,3121.7,19,1,3121.8,49,2
2031,2026-06-16 10:15:29+05:30,3121.4,1,3134.87,875955,109762.0,199989.0,3163.0,3163.0,3115.5,3134.3,31817600,3447.7,2820.9,3839.9,2896.0,3121.2,22,4,3120.9,15,1,3120.8,43,1,3120.6,19,1,3120.5,19,1,3121.4,235,4,3121.5,17,1,3121.6,32,1,3121.7,19,1,3121.8,49,2
2031,2026-06-16 10:15:30+05:30,3121.2,4,3134.87,875959,109953.0,199925.0,3163.0,3163.0,3115.5,3134.3,31817600,3447.7,2820.9,3839.9,2896.0,3121.2,28,6,3120.9,15,1,3120.8,43,1,3120.6,19,1,3120.5,19,1,3121.4,236,5,3121.5,17,1,3121.7,19,1,3121.8,32,1,3122.0,206,7
2031,2026-06-16 10:15:30+05:30,3121.4,1,3134.87,875959,109953.0,199925.0,3163.0,3163.0,3115.5,3134.3,31817600,3447.7,2820.9,3839.9,2896.0,3121.2,28,6,3120.9,15,1,3120.8,43,1,3120.6,19,1,3120.5,19,1,3121.4,236,5,3121.5,17,1,3121.7,19,1,3121.8,32,1,3122.0,206,7
2031,2026-06-16 10:15:31+05:30,3121.4,11,3134.87,875980,109918.0,199841.0,3163.0,3163.0,3115.5,3134.3,31817600,3447.7,2820.9,3839.9,2896.0,3121.3,2,2,3121.2,70,7,3121.0,23,1,3120.9,15,1,3120.8,43,1,3121.4,248,5,3121.5,17,1,3122.0,106,3,3122.1,64,2,3122.2,125,4
2031,2026-06-16 10:15:31+05:30,3121.4,11,3134.87,875980,109918.0,199841.0,3163.0,3163.0,3115.5,3134.3,31817600,3447.7,2820.9,3839.9,2896.0,3121.3,2,2,3121.2,70,7,3121.0,23,1,3120.9,15,1,3120.8,43,1,3121.4,248,5,3121.5,17,1,3122.0,106,3,3122.1,64,2,3122.2,125,4
2031,2026-06-16 10:15:31+05:30,3121.4,11,3134.87,875980,109918.0,199841.0,3163.0,3163.0,3115.5,3134.3,31817600,3447.7,2820.9,3839.9,2896.0,3121.3,2,2,3121.2,70,7,3121.0,23,1,3120.9,15,1,3120.8,43,1,3121.4,248,5,3121.5,17,1,3122.0,106,3,3122.1,64,2,3122.2,125,4
2031,2026-06-16 10:15:32+05:30,3121.4,11,3134.87,875980,109918.0,199841.0,3163.0,3163.0,3115.5,3134.3,31817600,3447.7,2820.9,3839.9,2896.0,3121.3,2,2,3121.2,70,7,3121.0,23,1,3120.9,15,1,3120.8,43,1,3121.4,248,5,3121.5,17,1,3122.0,106,3,3122.1,64,2,3122.2,125,4
2031,2026-06-16 10:15:32+05:30,3121.4,11,3134.87,875980,109865.0,199843.0,3163.0,3163.0,3115.5,3134.3,31817600,3447.7,2820.9,3839.9,2896.0,3121.3,2,2,3121.2,70,7,3121.0,23,1,3120.9,15,1,3120.8,43,1,3121.4,248,5,3121.5,17,1,3122.0,106,3,3122.1,64,2,3122.2,100,3
2031,2026-06-16 10:15:32+05:30,3121.4,11,3134.87,875980,109865.0,199843.0,3163.0,3163.0,3115.5,3134.3,31817600,3447.7,2820.9,3839.9,2896.0,3121.3,2,2,3121.2,70,7,3121.0,23,1,3120.9,15,1,3120.8,43,1,3121.4,248,5,3121.5,17,1,3122.0,106,3,3122.1,64,2,3122.2,100,3
2031,2026-06-16 10:15:33+05:30,3121.4,11,3134.87,875980,109865.0,199843.0,3163.0,3163.0,3115.5,3134.3,31817600,3447.7,2820.9,3839.9,2896.0,3121.3,2,2,3121.2,70,7,3121.0,23,1,3120.9,15,1,3120.8,43,1,3121.4,248,5,3121.5,17,1,3122.0,106,3,3122.1,64,2,3122.2,100,3
2031,2026-06-16 10:15:33+05:30,3121.4,11,3134.87,875980,110059.0,199814.0,3163.0,3163.0,3115.5,3134.3,31817600,3447.7,2820.9,3839.9,2896.0,3121.3,25,4,3121.2,55,5,3121.1,24,1,3120.9,34,2,3120.8,64,2,3121.4,248,5,3121.5,17,1,3122.0,46,2,3122.1,32,1,3122.2,81,2
2031,2026-06-16 10:15:33+05:30,3121.4,11,3134.87,875980,110059.0,199814.0,3163.0,3163.0,3115.5,3134.3,31817600,3447.7,2820.9,3839.9,2896.0,3121.3,25,4,3121.2,55,5,3121.1,24,1,3120.9,34,2,3120.8,64,2,3121.4,248,5,3121.5,17,1,3122.0,46,2,3122.1,32,1,3122.2,81,2
2031,2026-06-16 10:15:33+05:30,3121.4,1,3134.87,875980,110059.0,199814.0,3163.0,3163.0,3115.5,3134.3,31817600,3447.7,2820.9,3839.9,2896.0,3121.3,25,4,3121.2,55,5,3121.1,24,1,3120.9,34,2,3120.8,64,2,3121.4,248,5,3121.5,17,1,3122.0,46,2,3122.1,32,1,3122.2,81,2
2031,2026-06-16 10:15:34+05:30,3121.4,1,3134.87,875980,110059.0,199814.0,3163.0,3163.0,3115.5,3134.3,31817600,3447.7,2820.9,3839.9,2896.0,3121.3,25,4,3121.2,55,5,3121.1,24,1,3120.9,34,2,3120.8,64,2,3121.4,248,5,3121.5,17,1,3122.0,46,2,3122.1,32,1,3122.2,81,2
2031,2026-06-16 10:15:34+05:30,3121.4,1,3134.87,875981,110029.0,199818.0,3163.0,3163.0,3115.5,3134.3,31817600,3447.7,2820.9,3839.9,2896.0,3121.3,39,5,3121.2,55,5,3121.1,24,1,3120.8,64,2,3120.6,114,5,3121.4,247,5,3121.5,17,1,3122.0,46,2,3122.1,32,1,3122.2,81,2
2031,2026-06-16 10:15:35+05:30,3121.4,1,3134.87,875981,110029.0,199818.0,3163.0,3163.0,3115.5,3134.3,31817600,3447.7,2820.9,3839.9,2896.0,3121.3,39,5,3121.2,55,5,3121.1,24,1,3120.8,64,2,3120.6,114,5,3121.4,247,5,3121.5,17,1,3122.0,46,2,3122.1,32,1,3122.2,81,2
2031,2026-06-16 10:15:35+05:30,3121.4,4,3134.87,876243,110180.0,199510.0,3163.0,3163.0,3115.5,3134.3,31817600,3447.7,2820.9,3839.9,2896.0,3121.3,58,5,3121.2,55,5,3121.1,24,1,3121.0,158,2,3120.9,42,1,3121.4,14,2,3121.5,17,1,3122.0,46,2,3122.1,32,1,3122.3,25,2
2031,2026-06-16 10:15:35+05:30,3121.4,4,3134.87,876243,110180.0,199510.0,3163.0,3163.0,3115.5,3134.3,31817600,3447.7,2820.9,3839.9,2896.0,3121.3,58,5,3121.2,55,5,3121.1,24,1,3121.0,158,2,3120.9,42,1,3121.4,14,2,3121.5,17,1,3122.0,46,2,3122.1,32,1,3122.3,25,2
2031,2026-06-16 10:15:35+05:30,3121.4,4,3134.87,876243,110180.0,199510.0,3163.0,3163.0,3115.5,3134.3,31817600,3447.7,2820.9,3839.9,2896.0,3121.3,58,5,3121.2,55,5,3121.1,24,1,3121.0,158,2,3120.9,42,1,3121.4,14,2,3121.5,17,1,3122.0,46,2,3122.1,32,1,3122.3,25,2
2031,2026-06-16 10:15:36+05:30,3121.4,5,3134.87,876254,109884.0,199965.0,3163.0,3163.0,3115.5,3134.3,31817600,3447.7,2820.9,3839.9,2896.0,3121.3,46,5,3121.2,55,5,3121.0,150,1,3120.9,15,1,3120.8,43,1,3121.4,208,3,3121.5,17,1,3122.0,46,2,3122.1,111,3,3122.3,66,3
2031,2026-06-16 10:15:36+05:30,3121.4,5,3134.87,876254,109884.0,199965.0,3163.0,3163.0,3115.5,3134.3,31817600,3447.7,2820.9,3839.9,2896.0,3121.3,46,5,3121.2,55,5,3121.0,150,1,3120.9,15,1,3120.8,43,1,3121.4,208,3,3121.5,17,1,3122.0,46,2,3122.1,111,3,3122.3,66,3
2031,2026-06-16 10:15:36+05:30,3121.2,9,3134.87,876254,109884.0,199965.0,3163.0,3163.0,3115.5,3134.3,31817600,3447.7,2820.9,3839.9,2896.0,3121.3,46,5,3121.2,55,5,3121.0,150,1,3120.9,15,1,3120.8,43,1,3121.4,208,3,3121.5,17,1,3122.0,46,2,3122.1,111,3,3122.3,66,3
2031,2026-06-16 10:15:37+05:30,3121.2,9,3134.87,876254,109884.0,199965.0,3163.0,3163.0,3115.5,3134.3,31817600,3447.7,2820.9,3839.9,2896.0,3121.3,46,5,3121.2,55,5,3121.0,150,1,3120.9,15,1,3120.8,43,1,3121.4,208,3,3121.5,17,1,3122.0,46,2,3122.1,111,3,3122.3,66,3
2031,2026-06-16 10:15:37+05:30,3121.4,33,3134.86,876523,109863.0,200054.0,3163.0,3163.0,3115.5,3134.3,31817600,3447.7,2820.9,3839.9,2896.0,3121.2,5,1,3121.0,150,1,3120.9,15,1,3120.8,67,2,3120.6,90,3,3121.4,192,3,3121.5,17,1,3122.0,65,3,3122.1,92,2,3122.2,96,4
2031,2026-06-16 10:15:37+05:30,3121.4,33,3134.86,876523,109863.0,200054.0,3163.0,3163.0,3115.5,3134.3,31817600,3447.7,2820.9,3839.9,2896.0,3121.2,5,1,3121.0,150,1,3120.9,15,1,3120.8,67,2,3120.6,90,3,3121.4,192,3,3121.5,17,1,3122.0,65,3,3122.1,92,2,3122.2,96,4
2031,2026-06-16 10:15:38+05:30,3121.4,33,3134.86,876523,109863.0,200054.0,3163.0,3163.0,3115.5,3134.3,31817600,3447.7,2820.9,3839.9,2896.0,3121.2,5,1,3121.0,150,1,3120.9,15,1,3120.8,67,2,3120.6,90,3,3121.4,192,3,3121.5,17,1,3122.0,65,3,3122.1,92,2,3122.2,96,4
2031,2026-06-16 10:15:38+05:30,3121.4,3,3134.86,876526,109974.0,200108.0,3163.0,3163.0,3115.5,3134.3,31817600,3447.7,2820.9,3839.9,2896.0,3121.3,34,2,3121.0,150,1,3120.9,39,2,3120.8,43,1,3120.6,90,3,3121.4,219,5,3121.5,17,1,3122.0,46,2,3122.1,92,2,3122.2,96,4
2031,2026-06-16 10:15:38+05:30,3121.4,3,3134.86,876526,109974.0,200108.0,3163.0,3163.0,3115.5,3134.3,31817600,3447.7,2820.9,3839.9,2896.0,3121.3,34,2,3121.0,150,1,3120.9,39,2,3120.8,43,1,3120.6,90,3,3121.4,219,5,3121.5,17,1,3122.0,46,2,3122.1,92,2,3122.2,96,4
2031,2026-06-16 10:15:39+05:30,3121.4,3,3134.86,876526,109974.0,200108.0,3163.0,3163.0,3115.5,3134.3,31821200,3447.7,2820.9,3839.9,2896.0,3121.3,34,2,3121.0,150,1,3120.9,39,2,3120.8,43,1,3120.6,90,3,3121.4,219,5,3121.5,17,1,3122.0,46,2,3122.1,92,2,3122.2,96,4
2031,2026-06-16 10:15:39+05:30,3121.4,20,3134.86,876570,109970.0,200113.0,3163.0,3163.0,3115.5,3134.3,31821200,3447.7,2820.9,3839.9,2896.0,3121.3,38,6,3121.0,150,1,3120.9,24,1,3120.8,43,1,3120.6,90,3,3121.4,199,5,3121.5,17,1,3122.0,46,2,3122.1,92,2,3122.2,96,4
2031,2026-06-16 10:15:39+05:30,3121.4,20,3134.86,876570,109970.0,200113.0,3163.0,3163.0,3115.5,3134.3,31821200,3447.7,2820.9,3839.9,2896.0,3121.3,38,6,3121.0,150,1,3120.9,24,1,3120.8,43,1,3120.6,90,3,3121.4,199,5,3121.5,17,1,3122.0,46,2,3122.1,92,2,3122.2,96,4
2031,2026-06-16 10:15:40+05:30,3121.4,6,3134.86,876577,109925.0,199900.0,3163.0,3163.0,3115.5,3134.3,31821200,3447.7,2820.9,3839.9,2896.0,3121.3,23,5,3121.0,173,2,3120.9,15,1,3120.8,67,2,3120.6,93,3,3121.4,192,5,3121.5,17,1,3122.0,59,3,3122.1,92,2,3122.2,96,4
2031,2026-06-16 10:15:40+05:30,3121.4,6,3134.86,876577,109925.0,199900.0,3163.0,3163.0,3115.5,3134.3,31821200,3447.7,2820.9,3839.9,2896.0,3121.3,23,5,3121.0,173,2,3120.9,15,1,3120.8,67,2,3120.6,93,3,3121.4,192,5,3121.5,17,1,3122.0,59,3,3122.1,92,2,3122.2,96,4
2031,2026-06-16 10:15:41+05:30,3121.4,1,3134.86,876598,109964.0,200041.0,3163.0,3163.0,3115.5,3134.3,31821200,3447.7,2820.9,3839.9,2896.0,3121.3,46,5,3121.1,24,1,3121.0,150,1,3120.9,10,1,3120.8,86,3,3121.4,191,5,3121.5,17,1,3122.0,46,2,3122.1,92,2,3122.2,20,1
2031,2026-06-16 10:15:41+05:30,3121.4,1,3134.86,876598,109964.0,200041.0,3163.0,3163.0,3115.5,3134.3,31821200,3447.7,2820.9,3839.9,2896.0,3121.3,46,5,3121.1,24,1,3121.0,150,1,3120.9,10,1,3120.8,86,3,3121.4,191,5,3121.5,17,1,3122.0,46,2,3122.1,92,2,3122.2,20,1
2031,2026-06-16 10:15:42+05:30,3121.4,1,3134.86,876598,109949.0,200117.0,3163.0,3163.0,3115.5,3134.3,31821200,3447.7,2820.9,3839.9,2896.0,3121.3,32,4,3121.0,150,1,3120.9,16,1,3120.8,43,1,3120.7,24,1,3121.4,237,6,3121.5,17,1,3122.0,46,2,3122.1,92,2,3122.2,45,2
2031,2026-06-16 10:15:43+05:30,3121.0,19,3134.86,876598,109949.0,200117.0,3163.0,3163.0,3115.5,3134.3,31821200,3447.7,2820.9,3839.9,2896.0,3121.3,32,4,3121.0,150,1,3120.9,16,1,3120.8,43,1,3120.7,24,1,3121.4,237,6,3121.5,17,1,3122.0,46,2,3122.1,92,2,3122.2,45,2
2031,2026-06-16 10:15:43+05:30,3121.0,19,3134.85,877065,109557.0,199934.0,3163.0,3163.0,3115.5,3134.3,31821200,3447.7,2820.9,3839.9,2896.0,3120.9,16,1,3120.8,43,1,3120.5,24,1,3120.4,38,3,3120.3,1024,3,3121.0,31,1,3121.2,38,1,3121.4,104,6,3121.5,17,1,3121.7,79,2
2031,2026-06-16 10:15:44+05:30,3121.3,28,3134.85,877065,109557.0,199934.0,3163.0,3163.0,3115.5,3134.3,31821200,3447.7,2820.9,3839.9,2896.0,3120.9,16,1,3120.8,43,1,3120.5,24,1,3120.4,38,3,3120.3,1024,3,3121.0,31,1,3121.2,38,1,3121.4,104,6,3121.5,17,1,3121.7,79,2
2031,2026-06-16 10:15:44+05:30,3121.4,5,3134.85,877262,109518.0,200221.0,3163.0,3163.0,3115.5,3134.3,31821200,3447.7,2820.9,3839.9,2896.0,3120.9,1,1,3120.8,43,1,3120.4,12,2,3120.3,1001,2,3120.2,26,2,3121.4,328,8,3121.5,48,2,3121.6,79,2,3121.7,59,2,3121.8,106,4
2031,2026-06-16 10:15:45+05:30,3121.2,1,3134.85,877262,109518.0,200221.0,3163.0,3163.0,3115.5,3134.3,31821200,3447.7,2820.9,3839.9,2896.0,3120.9,1,1,3120.8,43,1,3120.4,12,2,3120.3,1001,2,3120.2,26,2,3121.4,328,8,3121.5,48,2,3121.6,79,2,3121.7,59,2,3121.8,106,4
2031,2026-06-16 10:15:45+05:30,3121.2,1,3134.85,877266,109239.0,200426.0,3163.0,3163.0,3115.5,3134.3,31821200,3447.7,2820.9,3839.9,2896.0,3121.2,2,2,3120.9,2,2,3120.8,43,1,3120.4,12,2,3120.3,1001,2,3121.3,25,1,3121.4,365,9,3121.5,27,2,3121.6,147,5,3121.7,59,2
2031,2026-06-16 10:15:46+05:30,3121.2,1,3134.85,877266,109239.0,200426.0,3163.0,3163.0,3115.5,3134.3,31821200,3447.7,2820.9,3839.9,2896.0,3121.2,2,2,3120.9,2,2,3120.8,43,1,3120.4,12,2,3120.3,1001,2,3121.3,25,1,3121.4,365,9,3121.5,27,2,3121.6,147,5,3121.7,59,2
2031,2026-06-16 10:15:46+05:30,3121.2,1,3134.85,877272,109654.0,200108.0,3163.0,3163.0,3115.5,3134.3,31821200,3447.7,2820.9,3839.9,2896.0,3120.9,2,2,3120.8,43,1,3120.6,24,1,3120.4,210,4,3120.3,1061,3,3121.2,21,1,3121.4,315,7,3121.5,34,2,3121.6,35,1,3121.7,37,1
2031,2026-06-16 10:15:47+05:30,3121.2,1,3134.85,877272,109648.0,200147.0,3163.0,3163.0,3115.5,3134.3,31821200,3447.7,2820.9,3839.9,2896.0,3120.9,2,2,3120.8,43,1,3120.6,24,1,3120.4,229,5,3120.3,1061,3,3121.2,38,3,3121.3,22,1,3121.4,290,6,3121.5,54,3,3121.6,35,1
2031,2026-06-16 10:15:48+05:30,3121.2,1,3134.85,877272,109453.0,200911.0,3163.0,3163.0,3115.5,3134.3,31821200,3447.7,2820.9,3839.9,2896.0,3120.9,2,2,3120.8,43,1,3120.4,35,3,3120.3,1001,2,3120.2,46,3,3121.2,57,6,3121.3,22,1,3121.4,315,7,3121.5,54,3,3121.6,66,2
2031,2026-06-16 10:15:50+05:30,3121.2,10,3134.85,877282,109351.0,200923.0,3163.0,3163.0,3115.5,3134.3,31821200,3447.7,2820.9,3839.9,2896.0,3120.9,2,2,3120.8,43,1,3120.4,35,3,3120.3,1001,2,3120.2,46,3,3121.2,47,6,3121.3,22,1,3121.4,315,7,3121.5,54,3,3121.6,85,3
2031,2026-06-16 10:15:50+05:30,3121.2,10,3134.85,877282,109351.0,200923.0,3163.0,3163.0,3115.5,3134.3,31821200,3447.7,2820.9,3839.9,2896.0,3120.9,2,2,3120.8,43,1,3120.4,35,3,3120.3,1001,2,3120.2,46,3,3121.2,47,6,3121.3,22,1,3121.4,315,7,3121.5,54,3,3121.6,85,3
2031,2026-06-16 10:15:51+05:30,3121.2,10,3134.85,877282,109674.0,200925.0,3163.0,3163.0,3115.5,3134.3,31821200,3447.7,2820.9,3839.9,2896.0,3120.9,2,2,3120.8,43,1,3120.4,222,4,3120.3,1001,2,3120.2,46,3,3121.2,47,6,3121.3,22,1,3121.4,315,7,3121.5,54,3,3121.6,35,1
2031,2026-06-16 10:15:51+05:30,3121.2,1,3134.85,877282,109674.0,200925.0,3163.0,3163.0,3115.5,3134.3,31821200,3447.7,2820.9,3839.9,2896.0,3120.9,2,2,3120.8,43,1,3120.4,222,4,3120.3,1001,2,3120.2,46,3,3121.2,47,6,3121.3,22,1,3121.4,315,7,3121.5,54,3,3121.6,35,1
2031,2026-06-16 10:15:52+05:30,3120.9,14,3134.85,877329,109456.0,200787.0,3163.0,3163.0,3115.5,3134.3,31821200,3447.7,2820.9,3839.9,2896.0,3120.9,15,2,3120.8,43,1,3120.7,22,1,3120.4,172,3,3120.3,1001,2,3121.2,46,6,3121.3,22,1,3121.4,244,5,3121.5,54,3,3121.6,63,2
2031,2026-06-16 10:15:52+05:30,3120.9,14,3134.85,877329,109456.0,200787.0,3163.0,3163.0,3115.5,3134.3,31821200,3447.7,2820.9,3839.9,2896.0,3120.9,15,2,3120.8,43,1,3120.7,22,1,3120.4,172,3,3120.3,1001,2,3121.2,46,6,3121.3,22,1,3121.4,244,5,3121.5,54,3,3121.6,63,2
2031,2026-06-16 10:15:53+05:30,3121.2,1,3134.85,877330,109727.0,200816.0,3163.0,3163.0,3115.5,3134.3,31821200,3447.7,2820.9,3839.9,2896.0,3120.9,15,2,3120.8,43,1,3120.7,22,1,3120.4,37,3,3120.3,1025,3,3121.2,75,7,3121.3,22,1,3121.4,244,5,3121.5,54,3,3121.6,63,2
2031,2026-06-16 10:15:53+05:30,3121.0,1,3134.85,877330,109727.0,200816.0,3163.0,3163.0,3115.5,3134.3,31821200,3447.7,2820.9,3839.9,2896.0,3120.9,15,2,3120.8,43,1,3120.7,22,1,3120.4,37,3,3120.3,1025,3,3121.2,75,7,3121.3,22,1,3121.4,244,5,3121.5,54,3,3121.6,63,2
2031,2026-06-16 10:15:54+05:30,3121.2,17,3134.84,877611,109814.0,200433.0,3163.0,3163.0,3115.5,3134.3,31821200,3447.7,2820.9,3839.9,2896.0,3121.0,23,1,3120.9,15,2,3120.8,43,1,3120.4,61,4,3120.3,1001,2,3121.2,22,4,3121.3,22,1,3121.4,41,3,3121.5,234,3,3121.6,35,1
2031,2026-06-16 10:15:54+05:30,3120.9,34,3134.84,877611,109814.0,200433.0,3163.0,3163.0,3115.5,3134.3,31821200,3447.7,2820.9,3839.9,2896.0,3121.0,23,1,3120.9,15,2,3120.8,43,1,3120.4,61,4,3120.3,1001,2,3121.2,22,4,3121.3,22,1,3121.4,41,3,3121.5,234,3,3121.6,35,1
2031,2026-06-16 10:15:55+05:30,3120.9,34,3134.84,877795,109709.0,200345.0,3163.0,3163.0,3115.5,3134.3,31821200,3447.7,2820.9,3839.9,2896.0,3120.8,43,1,3120.6,24,1,3120.4,36,3,3120.3,26,2,3120.2,67,4,3120.9,33,1,3121.1,30,1,3121.2,30,4,3121.3,22,1,3121.4,41,3
2031,2026-06-16 10:15:55+05:30,3120.8,31,3134.84,877795,109709.0,200345.0,3163.0,3163.0,3115.5,3134.3,31821200,3447.7,2820.9,3839.9,2896.0,3120.8,43,1,3120.6,24,1,3120.4,36,3,3120.3,26,2,3120.2,67,4,3120.9,33,1,3121.1,30,1,3121.2,30,4,3121.3,22,1,3121.4,41,3
2031,2026-06-16 10:15:56+05:30,3120.8,31,3134.84,877826,109581.0,200327.0,3163.0,3163.0,3115.5,3134.3,31821200,3447.7,2820.9,3839.9,2896.0,3120.8,14,2,3120.4,12,2,3120.3,1,1,3120.2,25,2,3120.1,226,7,3120.9,46,2,3121.1,30,1,3121.2,9,3,3121.3,50,2,3121.4,81,4
2031,2026-06-16 10:15:56+05:30,3121.1,11,3134.84,877826,109581.0,200327.0,3163.0,3163.0,3115.5,3134.3,31821200,3447.7,2820.9,3839.9,2896.0,3120.8,14,2,3120.4,12,2,3120.3,1,1,3120.2,25,2,3120.1,226,7,3120.9,46,2,3121.1,30,1,3121.2,9,3,3121.3,50,2,3121.4,81,4
2031,2026-06-16 10:15:57+05:30,3120.9,1,3134.84,877964,109064.0,200116.0,3163.0,3163.0,3115.5,3134.3,31821200,3447.7,2820.9,3839.9,2896.0,3120.4,12,2,3120.3,1,1,3120.2,1,1,3120.1,8,3,3120.0,189,9,3120.9,29,1,3121.1,82,4,3121.2,9,3,3121.3,222,2,3121.4,71,2
2031,2026-06-16 10:15:57+05:30,3120.9,1,3134.84,877964,109064.0,200116.0,3163.0,3163.0,3115.5,3134.3,31821200,3447.7,2820.9,3839.9,2896.0,3120.4,12,2,3120.3,1,1,3120.2,1,1,3120.1,8,3,3120.0,189,9,3120.9,29,1,3121.1,82,4,3121.2,9,3,3121.3,222,2,3121.4,71,2
2031,2026-06-16 10:15:58+05:30,3120.9,1,3134.84,877964,109279.0,199946.0,3163.0,3163.0,3115.5,3134.3,31821200,3447.7,2820.9,3839.9,2896.0,3120.4,12,2,3120.3,1,1,3120.2,1,1,3120.1,8,3,3120.0,189,9,3121.0,28,1,3121.1,54,3,3121.2,9,3,3121.3,222,2,3121.4,102,3
2031,2026-06-16 10:15:59+05:30,3120.4,1,3134.84,877965,109281.0,199888.0,3163.0,3163.0,3115.5,3134.3,31821200,3447.7,2820.9,3839.9,2896.0,3120.4,37,3,3120.3,1,1,3120.2,1,1,3120.1,172,4,3120.0,231,10,3121.0,31,2,3121.1,54,3,3121.2,9,3,3121.3,222,2,3121.4,102,3
2031,2026-06-16 10:15:59+05:30,3121.0,1,3134.84,877965,109281.0,199888.0,3163.0,3163.0,3115.5,3134.3,31821200,3447.7,2820.9,3839.9,2896.0,3120.4,37,3,3120.3,1,1,3120.2,1,1,3120.1,172,4,3120.0,231,10,3121.0,31,2,3121.1,54,3,3121.2,9,3,3121.3,222,2,3121.4,102,3
2031,2026-06-16 10:16:00+05:30,3121.0,1,3134.84,877966,109343.0,200260.0,3163.0,3163.0,3115.5,3134.3,31821200,3447.7,2820.9,3839.9,2896.0,3120.4,62,5,3120.3,1,1,3120.2,25,2,3120.1,8,3,3120.0,231,10,3121.0,58,5,3121.1,19,1,3121.2,9,3,3121.3,222,2,3121.4,52,1
2031,2026-06-16 10:16:00+05:30,3121.0,5,3134.84,877966,109343.0,200260.0,3163.0,3163.0,3115.5,3134.3,31821200,3447.7,2820.9,3839.9,2896.0,3120.4,62,5,3120.3,1,1,3120.2,25,2,3120.1,8,3,3120.0,231,10,3121.0,58,5,3121.1,19,1,3121.2,9,3,3121.3,222,2,3121.4,52,1
2031,2026-06-16 10:16:01+05:30,3120.7,1,3134.84,878005,108827.0,200631.0,3163.0,3163.0,3115.5,3134.3,31821200,3447.7,2820.9,3839.9,2896.0,3120.4,114,7,3120.3,1,1,3120.2,1,1,3120.1,8,3,3120.0,165,8,3120.9,122,6,3121.0,113,8,3121.1,57,2,3121.2,59,5,3121.3,222,2
2031,2026-06-16 10:16:01+05:30,3120.7,1,3134.84,878005,108827.0,200631.0,3163.0,3163.0,3115.5,3134.3,31821200,3447.7,2820.9,3839.9,2896.0,3120.4,114,7,3120.3,1,1,3120.2,1,1,3120.1,8,3,3120.0,165,8,3120.9,122,6,3121.0,113,8,3121.1,57,2,3121.2,59,5,3121.3,222,2
2031,2026-06-16 10:16:02+05:30,3120.7,1,3134.84,878005,109000.0,200648.0,3163.0,3163.0,3115.5,3134.3,31821200,3447.7,2820.9,3839.9,2896.0,3120.4,114,7,3120.3,1,1,3120.2,1,1,3120.1,8,3,3120.0,165,8,3120.7,105,5,3120.8,35,2,3120.9,53,3,3121.0,117,7,3121.1,58,3
2031,2026-06-16 10:16:02+05:30,3120.7,1,3134.84,878005,109000.0,200648.0,3163.0,3163.0,3115.5,3134.3,31821200,3447.7,2820.9,3839.9,2896.0,3120.4,114,7,3120.3,1,1,3120.2,1,1,3120.1,8,3,3120.0,165,8,3120.7,105,5,3120.8,35,2,3120.9,53,3,3121.0,117,7,3121.1,58,3
2031,2026-06-16 10:16:03+05:30,3120.7,1,3134.84,878006,108996.0,200864.0,3163.0,3163.0,3115.5,3134.3,31821200,3447.7,2820.9,3839.9,2896.0,3120.4,114,7,3120.3,1,1,3120.2,1,1,3120.1,8,3,3120.0,165,8,3120.7,123,6,3120.8,46,3,3120.9,94,5,3121.0,133,8,3121.1,39,2
2031,2026-06-16 10:16:04+05:30,3120.2,1,3134.83,878577,107179.0,201189.0,3163.0,3163.0,3115.5,3134.3,31821200,3447.7,2820.9,3839.9,2896.0,3120.2,1,1,3120.1,8,3,3120.0,165,8,3119.8,104,2,3119.7,7,2,3120.3,108,6,3120.4,367,4,3120.5,35,2,3120.6,56,4,3120.7,39,4
2031,2026-06-16 10:16:04+05:30,3120.0,16,3134.83,878577,107179.0,201189.0,3163.0,3163.0,3115.5,3134.3,31821200,3447.7,2820.9,3839.9,2896.0,3120.2,1,1,3120.1,8,3,3120.0,165,8,3119.8,104,2,3119.7,7,2,3120.3,108,6,3120.4,367,4,3120.5,35,2,3120.6,56,4,3120.7,39,4
2031,2026-06-16 10:16:05+05:30,3120.0,16,3134.83,878722,107324.0,200912.0,3163.0,3163.0,3115.5,3134.3,31821200,3447.7,2820.9,3839.9,2896.0,3120.0,145,7,3119.8,104,2,3119.7,7,2,3119.6,8,2,3119.5,15,1,3120.2,100,4,3120.3,70,1,3120.4,253,4,3120.6,36,3,3120.7,33,3
2031,2026-06-16 10:16:05+05:30,3120.0,7,3134.83,878722,107324.0,200912.0,3163.0,3163.0,3115.5,3134.3,31821200,3447.7,2820.9,3839.9,2896.0,3120.0,145,7,3119.8,104,2,3119.7,7,2,3119.6,8,2,3119.5,15,1,3120.2,100,4,3120.3,70,1,3120.4,253,4,3120.6,36,3,3120.7,33,3
2031,2026-06-16 10:16:06+05:30,3120.2,1,3134.82,878836,107339.0,202298.0,3163.0,3163.0,3115.5,3134.3,31821200,3447.7,2820.9,3839.9,2896.0,3120.0,110,4,3119.8,104,2,3119.7,7,2,3119.6,8,2,3119.5,15,1,3120.2,110,5,3120.3,43,1,3120.4,285,5,3120.6,55,4,3120.7,52,4
2031,2026-06-16 10:16:06+05:30,3120.2,1,3134.82,878836,107339.0,202298.0,3163.0,3163.0,3115.5,3134.3,31821200,3447.7,2820.9,3839.9,2896.0,3120.0,110,4,3119.8,104,2,3119.7,7,2,3119.6,8,2,3119.5,15,1,3120.2,110,5,3120.3,43,1,3120.4,285,5,3120.6,55,4,3120.7,52,4
2031,2026-06-16 10:16:07+05:30,3120.2,1,3134.82,878836,107395.0,202232.0,3163.0,3163.0,3115.5,3134.3,31821200,3447.7,2820.9,3839.9,2896.0,3120.0,110,4,3119.8,104,2,3119.7,7,2,3119.6,8,2,3119.5,15,1,3120.1,85,4,3120.2,160,6,3120.3,43,1,3120.4,285,5,3120.6,55,4
2031,2026-06-16 10:16:07+05:30,3120.0,1,3134.82,878836,107395.0,202232.0,3163.0,3163.0,3115.5,3134.3,31821200,3447.7,2820.9,3839.9,2896.0,3120.0,110,4,3119.8,104,2,3119.7,7,2,3119.6,8,2,3119.5,15,1,3120.1,85,4,3120.2,160,6,3120.3,43,1,3120.4,285,5,3120.6,55,4
2031,2026-06-16 10:16:08+05:30,3120.0,1,3134.81,879528,106905.0,202049.0,3163.0,3163.0,3115.5,3134.3,31821200,3447.7,2820.9,3839.9,2896.0,3119.8,104,2,3119.7,7,2,3119.6,8,2,3119.5,15,1,3119.3,25,1,3120.0,43,3,3120.1,58,2,3120.2,159,7,3120.3,43,1,3120.4,543,7
2031,2026-06-16 10:16:08+05:30,3119.8,66,3134.81,879528,106905.0,202049.0,3163.0,3163.0,3115.5,3134.3,31821200,3447.7,2820.9,3839.9,2896.0,3119.8,104,2,3119.7,7,2,3119.6,8,2,3119.5,15,1,3119.3,25,1,3120.0,43,3,3120.1,58,2,3120.2,159,7,3120.3,43,1,3120.4,543,7
2031,2026-06-16 10:16:09+05:30,3119.8,66,3134.81,879598,107137.0,200720.0,3163.0,3163.0,3115.5,3134.3,31821200,3447.7,2820.9,3839.9,2896.0,3119.8,38,2,3119.7,7,2,3119.6,33,3,3119.5,15,1,3119.3,25,1,3119.9,1,1,3120.0,190,5,3120.2,140,6,3120.3,43,1,3120.4,458,3
2031,2026-06-16 10:16:09+05:30,3119.6,22,3134.81,879598,107137.0,200720.0,3163.0,3163.0,3115.5,3134.3,31821200,3447.7,2820.9,3839.9,2896.0,3119.8,38,2,3119.7,7,2,3119.6,33,3,3119.5,15,1,3119.3,25,1,3119.9,1,1,3120.0,190,5,3120.2,140,6,3120.3,43,1,3120.4,458,3
2031,2026-06-16 10:16:10+05:30,3119.8,1,3134.8,880099,106635.0,203920.0,3163.0,3163.0,3115.5,3134.3,31821200,3447.7,2820.9,3839.9,2896.0,3119.6,9,2,3119.5,15,1,3119.3,25,1,3119.2,100,1,3119.1,22,1,3119.8,34,2,3119.9,90,7,3120.0,232,6,3120.2,190,8,3120.3,43,1
2031,2026-06-16 10:16:10+05:30,3119.6,3,3134.8,880099,106635.0,203920.0,3163.0,3163.0,3115.5,3134.3,31821200,3447.7,2820.9,3839.9,2896.0,3119.6,9,2,3119.5,15,1,3119.3,25,1,3119.2,100,1,3119.1,22,1,3119.8,34,2,3119.9,90,7,3120.0,232,6,3120.2,190,8,3120.3,43,1
2031,2026-06-16 10:16:11+05:30,3119.6,3,3134.8,880102,106721.0,201553.0,3163.0,3163.0,3115.5,3134.3,31821200,3447.7,2820.9,3839.9,2896.0,3119.6,31,2,3119.5,15,1,3119.3,25,1,3119.2,100,1,3119.1,22,1,3119.8,12,3,3119.9,55,5,3120.0,232,6,3120.2,176,7,3120.3,43,1
2031,2026-06-16 10:16:12+05:30,3119.8,3,3134.8,880112,106724.0,203656.0,3163.0,3163.0,3115.5,3134.3,31821200,3447.7,2820.9,3839.9,2896.0,3119.6,32,3,3119.5,15,1,3119.3,25,1,3119.2,100,1,3119.1,22,1,3119.8,6,3,3119.9,74,6,3120.0,232,6,3120.2,176,7,3120.3,62,2
2031,2026-06-16 10:16:12+05:30,3119.8,1,3134.8,880112,106724.0,203656.0,3163.0,3163.0,3115.5,3134.3,31821200,3447.7,2820.9,3839.9,2896.0,3119.6,32,3,3119.5,15,1,3119.3,25,1,3119.2,100,1,3119.1,22,1,3119.8,6,3,3119.9,74,6,3120.0,232,6,3120.2,176,7,3120.3,62,2
2031,2026-06-16 10:16:13+05:30,3119.8,1,3134.8,880118,106959.0,203845.0,3163.0,3163.0,3115.5,3134.3,31821200,3447.7,2820.9,3839.9,2896.0,3119.6,126,5,3119.5,15,1,3119.3,25,1,3119.2,100,1,3119.1,22,1,3119.8,33,5,3119.9,36,3,3120.0,201,5,3120.2,145,6,3120.3,243,2
2031,2026-06-16 10:16:13+05:30,3119.6,1,3134.8,880118,106959.0,203845.0,3163.0,3163.0,3115.5,3134.3,31821200,3447.7,2820.9,3839.9,2896.0,3119.6,126,5,3119.5,15,1,3119.3,25,1,3119.2,100,1,3119.1,22,1,3119.8,33,5,3119.9,36,3,3120.0,201,5,3120.2,145,6,3120.3,243,2
2031,2026-06-16 10:16:14+05:30,3119.6,21,3134.8,880167,107000.0,203679.0,3163.0,3163.0,3115.5,3134.3,31821200,3447.7,2820.9,3839.9,2896.0,3119.6,106,5,3119.5,15,1,3119.3,25,1,3119.2,100,1,3119.1,22,1,3119.8,33,5,3119.9,35,2,3120.0,201,5,3120.2,172,7,3120.3,243,2
2031,2026-06-16 10:16:14+05:30,3119.6,21,3134.8,880167,107000.0,203679.0,3163.0,3163.0,3115.5,3134.3,31821200,3447.7,2820.9,3839.9,2896.0,3119.6,106,5,3119.5,15,1,3119.3,25,1,3119.2,100,1,3119.1,22,1,3119.8,33,5,3119.9,35,2,3120.0,201,5,3120.2,172,7,3120.3,243,2
2031,2026-06-16 10:16:15+05:30,3119.6,21,3134.8,880167,107006.0,203477.0,3163.0,3163.0,3115.5,3134.3,31821200,3447.7,2820.9,3839.9,2896.0,3119.6,107,6,3119.5,15,1,3119.3,25,1,3119.2,100,1,3119.1,22,1,3119.8,33,5,3119.9,35,2,3120.0,201,5,3120.1,31,1,3120.2,141,6
2031,2026-06-16 10:16:16+05:30,3119.6,21,3134.8,880167,106938.0,203699.0,3163.0,3163.0,3115.5,3134.3,31821200,3447.7,2820.9,3839.9,2896.0,3119.7,2,2,3119.6,68,5,3119.5,15,1,3119.3,25,1,3119.2,100,1,3119.8,33,5,3119.9,6,1,3120.0,201,5,3120.2,141,6,3120.3,243,2
2031,2026-06-16 10:16:17+05:30,3119.6,21,3134.8,880167,106704.0,203782.0,3163.0,3163.0,3115.5,3134.3,31821200,3447.7,2820.9,3839.9,2896.0,3119.7,2,2,3119.6,68,5,3119.5,15,1,3119.3,25,1,3119.2,100,1,3119.8,98,8,3119.9,6,1,3120.0,232,6,3120.2,112,6,3120.3,243,2
2031,2026-06-16 10:16:18+05:30,3119.8,1,3134.8,880169,106742.0,203752.0,3163.0,3163.0,3115.5,3134.3,31821200,3447.7,2820.9,3839.9,2896.0,3119.7,2,2,3119.6,69,6,3119.5,15,1,3119.3,25,1,3119.2,100,1,3119.8,147,12,3119.9,6,1,3120.0,301,8,3120.2,125,7,3120.3,243,2
2031,2026-06-16 10:16:18+05:30,3119.8,1,3134.8,880169,106742.0,203752.0,3163.0,3163.0,3115.5,3134.3,31821200,3447.7,2820.9,3839.9,2896.0,3119.7,2,2,3119.6,69,6,3119.5,15,1,3119.3,25,1,3119.2,100,1,3119.8,147,12,3119.9,6,1,3120.0,301,8,3120.2,125,7,3120.3,243,2
2031,2026-06-16 10:16:19+05:30,3119.8,1,3134.8,880170,106748.0,203784.0,3163.0,3163.0,3115.5,3134.3,31821200,3447.7,2820.9,3839.9,2896.0,3119.7,2,2,3119.6,69,6,3119.5,15,1,3119.3,25,1,3119.2,100,1,3119.8,146,12,3119.9,6,1,3120.0,334,9,3120.2,125,7,3120.3,243,2
2031,2026-06-16 10:16:19+05:30,3119.8,15,3134.8,880170,106748.0,203784.0,3163.0,3163.0,3115.5,3134.3,31821200,3447.7,2820.9,3839.9,2896.0,3119.7,2,2,3119.6,69,6,3119.5,15,1,3119.3,25,1,3119.2,100,1,3119.8,146,12,3119.9,6,1,3120.0,334,9,3120.2,125,7,3120.3,243,2
2031,2026-06-16 10:16:20+05:30,3119.8,1,3134.8,880403,106927.0,203571.0,3163.0,3163.0,3115.5,3134.3,31821200,3447.7,2820.9,3839.9,2896.0,3119.7,2,2,3119.6,69,6,3119.5,15,1,3119.3,25,1,3119.2,100,1,3119.8,24,1,3119.9,37,2,3120.0,289,6,3120.2,112,6,3120.3,243,2
2031,2026-06-16 10:16:20+05:30,3119.8,1,3134.8,880403,106927.0,203571.0,3163.0,3163.0,3115.5,3134.3,31821200,3447.7,2820.9,3839.9,2896.0,3119.7,2,2,3119.6,69,6,3119.5,15,1,3119.3,25,1,3119.2,100,1,3119.8,24,1,3119.9,37,2,3120.0,289,6,3120.2,112,6,3120.3,243,2
2031,2026-06-16 10:16:21+05:30,3119.8,1,3134.8,880403,106939.0,203536.0,3163.0,3163.0,3115.5,3134.3,31821200,3447.7,2820.9,3839.9,2896.0,3119.7,40,3,3119.6,69,6,3119.5,15,1,3119.3,25,1,3119.2,100,1,3119.8,27,2,3119.9,6,1,3120.0,301,6,3120.2,93,5,3120.3,243,2
2031,2026-06-16 10:16:21+05:30,3119.8,6,3134.8,880403,106939.0,203536.0,3163.0,3163.0,3115.5,3134.3,31821200,3447.7,2820.9,3839.9,2896.0,3119.7,40,3,3119.6,69,6,3119.5,15,1,3119.3,25,1,3119.2,100,1,3119.8,27,2,3119.9,6,1,3120.0,301,6,3120.2,93,5,3120.3,243,2
2031,2026-06-16 10:16:22+05:30,3119.8,6,3134.8,880403,106939.0,203536.0,3163.0,3163.0,3115.5,3134.3,31821200,3447.7,2820.9,3839.9,2896.0,3119.7,40,3,3119.6,69,6,3119.5,15,1,3119.3,25,1,3119.2,100,1,3119.8,27,2,3119.9,6,1,3120.0,301,6,3120.2,93,5,3120.3,243,2
2031,2026-06-16 10:16:22+05:30,3119.8,6,3134.8,880433,107076.0,203632.0,3163.0,3163.0,3115.5,3134.3,31821200,3447.7,2820.9,3839.9,2896.0,3119.7,40,3,3119.6,82,8,3119.5,15,1,3119.3,25,1,3119.2,100,1,3119.8,3,1,3119.9,6,1,3120.0,270,5,3120.2,62,4,3120.3,243,2
2031,2026-06-16 10:16:23+05:30,3119.8,1,3134.8,880482,107023.0,203579.0,3163.0,3163.0,3115.5,3134.3,31821200,3447.7,2820.9,3839.9,2896.0,3119.6,76,7,3119.5,15,1,3119.3,25,1,3119.2,100,1,3119.1,22,1,3119.8,2,1,3119.9,6,1,3120.0,270,5,3120.2,62,4,3120.3,270,3
2031,2026-06-16 10:16:23+05:30,3119.8,1,3134.8,880482,107023.0,203579.0,3163.0,3163.0,3115.5,3134.3,31821200,3447.7,2820.9,3839.9,2896.0,3119.6,76,7,3119.5,15,1,3119.3,25,1,3119.2,100,1,3119.1,22,1,3119.8,2,1,3119.9,6,1,3120.0,270,5,3120.2,62,4,3120.3,270,3
2031,2026-06-16 10:16:23+05:30,3119.8,1,3134.8,880482,107023.0,203579.0,3163.0,3163.0,3115.5,3134.3,31821200,3447.7,2820.9,3839.9,2896.0,3119.6,76,7,3119.5,15,1,3119.3,25,1,3119.2,100,1,3119.1,22,1,3119.8,2,1,3119.9,6,1,3120.0,270,5,3120.2,62,4,3120.3,270,3
2031,2026-06-16 10:16:24+05:30,3119.6,12,3134.79,880596,107039.0,203708.0,3163.0,3163.0,3115.5,3134.3,31821200,3447.7,2820.9,3839.9,2896.0,3119.6,64,7,3119.5,15,1,3119.3,44,2,3119.2,100,1,3119.1,63,3,3120.0,241,5,3120.2,62,4,3120.3,243,2,3120.4,200,1,3120.5,2,1
2031,2026-06-16 10:16:24+05:30,3119.6,5,3134.79,880596,107039.0,203708.0,3163.0,3163.0,3115.5,3134.3,31821200,3447.7,2820.9,3839.9,2896.0,3119.6,64,7,3119.5,15,1,3119.3,44,2,3119.2,100,1,3119.1,63,3,3120.0,241,5,3120.2,62,4,3120.3,243,2,3120.4,200,1,3120.5,2,1
2031,2026-06-16 10:16:25+05:30,3119.6,5,3134.79,880596,107039.0,203708.0,3163.0,3163.0,3115.5,3134.3,31821200,3447.7,2820.9,3839.9,2896.0,3119.6,64,7,3119.5,15,1,3119.3,44,2,3119.2,100,1,3119.1,63,3,3120.0,241,5,3120.2,62,4,3120.3,243,2,3120.4,200,1,3120.5,2,1
2031,2026-06-16 10:16:25+05:30,3120.0,10,3134.79,880635,107085.0,203757.0,3163.0,3163.0,3115.5,3134.3,31821200,3447.7,2820.9,3839.9,2896.0,3119.6,34,4,3119.5,15,1,3119.3,67,3,3119.2,100,1,3119.1,40,2,3119.8,100,1,3120.0,198,4,3120.2,62,4,3120.3,243,2,3120.4,219,2
2031,2026-06-16 10:16:25+05:30,3119.8,1,3134.79,880635,107085.0,203757.0,3163.0,3163.0,3115.5,3134.3,31821200,3447.7,2820.9,3839.9,2896.0,3119.6,34,4,3119.5,15,1,3119.3,67,3,3119.2,100,1,3119.1,40,2,3119.8,100,1,3120.0,198,4,3120.2,62,4,3120.3,243,2,3120.4,219,2
2031,2026-06-16 10:16:26+05:30,3119.8,1,3134.79,880636,107090.0,203711.0,3163.0,3163.0,3115.5,3134.3,31821200,3447.7,2820.9,3839.9,2896.0,3119.6,34,4,3119.5,15,1,3119.3,67,3,3119.2,100,1,3119.1,40,2,3119.8,99,1,3120.0,215,5,3120.2,62,4,3120.3,243,2,3120.4,200,1
2031,2026-06-16 10:16:26+05:30,3119.6,4,3134.79,880636,107090.0,203711.0,3163.0,3163.0,3115.5,3134.3,31821200,3447.7,2820.9,3839.9,2896.0,3119.6,34,4,3119.5,15,1,3119.3,67,3,3119.2,100,1,3119.1,40,2,3119.8,99,1,3120.0,215,5,3120.2,62,4,3120.3,243,2,3120.4,200,1
2031,2026-06-16 10:16:27+05:30,3119.6,4,3134.79,880636,107090.0,203711.0,3163.0,3163.0,3115.5,3134.3,31821200,3447.7,2820.9,3839.9,2896.0,3119.6,34,4,3119.5,15,1,3119.3,67,3,3119.2,100,1,3119.1,40,2,3119.8,99,1,3120.0,215,5,3120.2,62,4,3120.3,243,2,3120.4,200,1
2031,2026-06-16 10:16:27+05:30,3119.6,4,3134.79,880686,107203.0,203633.0,3163.0,3163.0,3115.5,3134.3,31821200,3447.7,2820.9,3839.9,2896.0,3119.6,75,7,3119.5,21,2,3119.4,54,3,3119.3,45,3,3119.2,146,3,3119.8,99,1,3120.0,215,5,3120.2,62,4,3120.3,243,2,3120.4,200,1
2031,2026-06-16 10:16:28+05:30,3119.6,5,3134.79,880691,107223.0,203658.0,3163.0,3163.0,3115.5,3134.3,31821200,3447.7,2820.9,3839.9,2896.0,3119.6,70,7,3119.5,15,1,3119.4,46,2,3119.3,45,3,3119.2,158,4,3119.8,99,1,3120.0,215,5,3120.2,62,4,3120.3,243,2,3120.4,219,2
2031,2026-06-16 10:16:28+05:30,3119.6,5,3134.79,880691,107223.0,203658.0,3163.0,3163.0,3115.5,3134.3,31821200,3447.7,2820.9,3839.9,2896.0,3119.6,70,7,3119.5,15,1,3119.4,46,2,3119.3,45,3,3119.2,158,4,3119.8,99,1,3120.0,215,5,3120.2,62,4,3120.3,243,2,3120.4,219,2
2031,2026-06-16 10:16:28+05:30,3119.8,10,3134.79,880691,107223.0,203658.0,3163.0,3163.0,3115.5,3134.3,31821200,3447.7,2820.9,3839.9,2896.0,3119.6,70,7,3119.5,15,1,3119.4,46,2,3119.3,45,3,3119.2,158,4,3119.8,99,1,3120.0,215,5,3120.2,62,4,3120.3,243,2,3120.4,219,2
2031,2026-06-16 10:16:29+05:30,3119.8,1,3134.79,880691,107223.0,203658.0,3163.0,3163.0,3115.5,3134.3,31821200,3447.7,2820.9,3839.9,2896.0,3119.6,70,7,3119.5,15,1,3119.4,46,2,3119.3,45,3,3119.2,158,4,3119.8,99,1,3120.0,215,5,3120.2,62,4,3120.3,243,2,3120.4,219,2
2031,2026-06-16 10:16:29+05:30,3119.8,1,3134.79,880902,107113.0,203336.0,3163.0,3163.0,3115.5,3134.3,31821200,3447.7,2820.9,3839.9,2896.0,3119.6,22,1,3119.5,57,3,3119.4,8,1,3119.3,25,1,3119.2,158,4,3119.8,98,2,3120.0,215,5,3120.2,62,4,3120.3,243,2,3120.4,77,2
2031,2026-06-16 10:16:30+05:30,3119.8,1,3134.79,880902,107113.0,203336.0,3163.0,3163.0,3115.5,3134.3,31821200,3447.7,2820.9,3839.9,2896.0,3119.6,22,1,3119.5,57,3,3119.4,8,1,3119.3,25,1,3119.2,158,4,3119.8,98,2,3120.0,215,5,3120.2,62,4,3120.3,243,2,3120.4,77,2
2031,2026-06-16 10:16:30+05:30,3119.8,8,3134.79,880902,107113.0,203336.0,3163.0,3163.0,3115.5,3134.3,31821200,3447.7,2820.9,3839.9,2896.0,3119.6,22,1,3119.5,57,3,3119.4,8,1,3119.3,25,1,3119.2,158,4,3119.8,98,2,3120.0,215,5,3120.2,62,4,3120.3,243,2,3120.4,77,2
2031,2026-06-16 10:16:30+05:30,3119.8,8,3134.79,881022,107268.0,202284.0,3163.0,3163.0,3115.5,3134.3,31821200,3447.7,2820.9,3839.9,2896.0,3119.7,14,4,3119.6,38,4,3119.5,21,2,3119.4,54,3,3119.3,228,3,3119.8,10,1,3120.0,215,5,3120.2,62,4,3120.3,243,2,3120.4,19,1
2031,2026-06-16 10:16:31+05:30,3119.8,8,3134.79,881022,107268.0,202284.0,3163.0,3163.0,3115.5,3134.3,31821200,3447.7,2820.9,3839.9,2896.0,3119.7,14,4,3119.6,38,4,3119.5,21,2,3119.4,54,3,3119.3,228,3,3119.8,10,1,3120.0,215,5,3120.2,62,4,3120.3,243,2,3120.4,19,1
2031,2026-06-16 10:16:32+05:30,3119.8,8,3134.79,881022,107170.0,202498.0,3163.0,3163.0,3115.5,3134.3,31821200,3447.7,2820.9,3839.9,2896.0,3119.7,14,4,3119.6,38,4,3119.5,15,1,3119.4,54,3,3119.3,195,3,3119.8,34,3,3120.0,215,5,3120.2,62,4,3120.3,243,2,3120.4,19,1
2031,2026-06-16 10:16:32+05:30,3119.8,8,3134.79,881022,107170.0,202498.0,3163.0,3163.0,3115.5,3134.3,31821200,3447.7,2820.9,3839.9,2896.0,3119.7,14,4,3119.6,38,4,3119.5,15,1,3119.4,54,3,3119.3,195,3,3119.8,34,3,3120.0,215,5,3120.2,62,4,3120.3,243,2,3120.4,19,1
2031,2026-06-16 10:16:32+05:30,3119.6,10,3134.79,881022,107170.0,202498.0,3163.0,3163.0,3115.5,3134.3,31821200,3447.7,2820.9,3839.9,2896.0,3119.7,14,4,3119.6,38,4,3119.5,15,1,3119.4,54,3,3119.3,195,3,3119.8,34,3,3120.0,215,5,3120.2,62,4,3120.3,243,2,3120.4,19,1
2031,2026-06-16 10:16:32+05:30,3119.6,10,3134.79,881022,107170.0,202498.0,3163.0,3163.0,3115.5,3134.3,31821200,3447.7,2820.9,3839.9,2896.0,3119.7,14,4,3119.6,38,4,3119.5,15,1,3119.4,54,3,3119.3,195,3,3119.8,34,3,3120.0,215,5,3120.2,62,4,3120.3,243,2,3120.4,19,1
2031,2026-06-16 10:16:33+05:30,3119.6,10,3134.79,881071,106992.0,202736.0,3163.0,3163.0,3115.5,3134.3,31821200,3447.7,2820.9,3839.9,2896.0,3119.6,24,3,3119.5,15,1,3119.4,23,1,3119.3,35,2,3119.2,158,4,3119.8,33,3,3120.0,215,5,3120.2,62,4,3120.3,243,2,3120.4,47,2
2031,2026-06-16 10:16:33+05:30,3119.6,10,3134.79,881071,106992.0,202736.0,3163.0,3163.0,3115.5,3134.3,31821200,3447.7,2820.9,3839.9,2896.0,3119.6,24,3,3119.5,15,1,3119.4,23,1,3119.3,35,2,3119.2,158,4,3119.8,33,3,3120.0,215,5,3120.2,62,4,3120.3,243,2,3120.4,47,2
2031,2026-06-16 10:16:33+05:30,3119.8,6,3134.79,881071,106992.0,202736.0,3163.0,3163.0,3115.5,3134.3,31821200,3447.7,2820.9,3839.9,2896.0,3119.6,24,3,3119.5,15,1,3119.4,23,1,3119.3,35,2,3119.2,158,4,3119.8,33,3,3120.0,215,5,3120.2,62,4,3120.3,243,2,3120.4,47,2
2031,2026-06-16 10:16:33+05:30,3119.8,6,3134.79,881071,106992.0,202736.0,3163.0,3163.0,3115.5,3134.3,31821200,3447.7,2820.9,3839.9,2896.0,3119.6,24,3,3119.5,15,1,3119.4,23,1,3119.3,35,2,3119.2,158,4,3119.8,33,3,3120.0,215,5,3120.2,62,4,3120.3,243,2,3120.4,47,2
2031,2026-06-16 10:16:34+05:30,3119.8,1,3134.79,881078,107031.0,202499.0,3163.0,3163.0,3115.5,3134.3,31821200,3447.7,2820.9,3839.9,2896.0,3119.6,41,5,3119.5,15,1,3119.4,46,2,3119.3,35,2,3119.2,182,5,3119.8,26,3,3120.0,215,5,3120.2,62,4,3120.3,243,2,3120.4,19,1
2031,2026-06-16 10:16:34+05:30,3119.8,1,3134.79,881078,107031.0,202499.0,3163.0,3163.0,3115.5,3134.3,31821200,3447.7,2820.9,3839.9,2896.0,3119.6,41,5,3119.5,15,1,3119.4,46,2,3119.3,35,2,3119.2,182,5,3119.8,26,3,3120.0,215,5,3120.2,62,4,3120.3,243,2,3120.4,19,1
2031,2026-06-16 10:16:34+05:30,3119.8,1,3134.79,881078,107031.0,202499.0,3163.0,3163.0,3115.5,3134.3,31821200,3447.7,2820.9,3839.9,2896.0,3119.6,41,5,3119.5,15,1,3119.4,46,2,3119.3,35,2,3119.2,182,5,3119.8,26,3,3120.0,215,5,3120.2,62,4,3120.3,243,2,3120.4,19,1
2031,2026-06-16 10:16:35+05:30,3119.6,4,3134.79,881084,107016.0,202509.0,3163.0,3163.0,3115.5,3134.3,31821200,3447.7,2820.9,3839.9,2896.0,3119.6,69,6,3119.5,15,1,3119.4,54,3,3119.3,35,2,3119.2,182,5,3119.8,27,4,3120.0,215,5,3120.2,62,4,3120.3,243,2,3120.4,19,1
2031,2026-06-16 10:16:35+05:30,3119.6,4,3134.79,881084,107016.0,202509.0,3163.0,3163.0,3115.5,3134.3,31821200,3447.7,2820.9,3839.9,2896.0,3119.6,69,6,3119.5,15,1,3119.4,54,3,3119.3,35,2,3119.2,182,5,3119.8,27,4,3120.0,215,5,3120.2,62,4,3120.3,243,2,3120.4,19,1
2031,2026-06-16 10:16:35+05:30,3119.6,4,3134.79,881084,107016.0,202509.0,3163.0,3163.0,3115.5,3134.3,31821200,3447.7,2820.9,3839.9,2896.0,3119.6,69,6,3119.5,15,1,3119.4,54,3,3119.3,35,2,3119.2,182,5,3119.8,27,4,3120.0,215,5,3120.2,62,4,3120.3,243,2,3120.4,19,1
2031,2026-06-16 10:16:36+05:30,3119.6,4,3134.79,881084,107016.0,202509.0,3163.0,3163.0,3115.5,3134.3,31821200,3447.7,2820.9,3839.9,2896.0,3119.6,69,6,3119.5,15,1,3119.4,54,3,3119.3,35,2,3119.2,182,5,3119.8,27,4,3120.0,215,5,3120.2,62,4,3120.3,243,2,3120.4,19,1
2031,2026-06-16 10:16:36+05:30,3119.8,22,3134.79,881109,106898.0,202408.0,3163.0,3163.0,3115.5,3134.3,31821200,3447.7,2820.9,3839.9,2896.0,3119.6,77,8,3119.5,21,2,3119.4,54,3,3119.3,35,2,3119.2,240,6,3119.8,12,3,3120.0,215,5,3120.2,62,4,3120.3,243,2,3120.4,19,1
2031,2026-06-16 10:16:36+05:30,3119.8,22,3134.79,881109,106898.0,202408.0,3163.0,3163.0,3115.5,3134.3,31821200,3447.7,2820.9,3839.9,2896.0,3119.6,77,8,3119.5,21,2,3119.4,54,3,3119.3,35,2,3119.2,240,6,3119.8,12,3,3120.0,215,5,3120.2,62,4,3120.3,243,2,3120.4,19,1
2031,2026-06-16 10:16:37+05:30,3119.8,22,3134.79,881109,106898.0,202408.0,3163.0,3163.0,3115.5,3134.3,31821200,3447.7,2820.9,3839.9,2896.0,3119.6,77,8,3119.5,21,2,3119.4,54,3,3119.3,35,2,3119.2,240,6,3119.8,12,3,3120.0,215,5,3120.2,62,4,3120.3,243,2,3120.4,19,1
2031,2026-06-16 10:16:37+05:30,3119.8,1,3134.79,881111,106929.0,202409.0,3163.0,3163.0,3115.5,3134.3,31821200,3447.7,2820.9,3839.9,2896.0,3119.6,69,6,3119.5,21,2,3119.4,62,4,3119.3,35,2,3119.2,240,6,3119.8,13,2,3120.0,215,5,3120.2,62,4,3120.3,243,2,3120.4,19,1
2031,2026-06-16 10:16:37+05:30,3119.8,1,3134.79,881111,106929.0,202409.0,3163.0,3163.0,3115.5,3134.3,31821200,3447.7,2820.9,3839.9,2896.0,3119.6,69,6,3119.5,21,2,3119.4,62,4,3119.3,35,2,3119.2,240,6,3119.8,13,2,3120.0,215,5,3120.2,62,4,3120.3,243,2,3120.4,19,1
2031,2026-06-16 10:16:37+05:30,3119.8,1,3134.79,881111,106929.0,202409.0,3163.0,3163.0,3115.5,3134.3,31821200,3447.7,2820.9,3839.9,2896.0,3119.6,69,6,3119.5,21,2,3119.4,62,4,3119.3,35,2,3119.2,240,6,3119.8,13,2,3120.0,215,5,3120.2,62,4,3120.3,243,2,3120.4,19,1
2031,2026-06-16 10:16:38+05:30,3119.8,48,3134.78,881172,106963.0,202136.0,3163.0,3163.0,3115.5,3134.3,31821200,3447.7,2820.9,3839.9,2896.0,3119.6,53,5,3119.5,15,1,3119.4,54,3,3119.3,35,2,3119.2,240,6,3120.0,215,5,3120.2,62,4,3120.3,243,2,3120.4,19,1,3120.7,1,1
2031,2026-06-16 10:16:38+05:30,3119.8,48,3134.78,881172,106963.0,202136.0,3163.0,3163.0,3115.5,3134.3,31821200,3447.7,2820.9,3839.9,2896.0,3119.6,53,5,3119.5,15,1,3119.4,54,3,3119.3,35,2,3119.2,240,6,3120.0,215,5,3120.2,62,4,3120.3,243,2,3120.4,19,1,3120.7,1,1
2031,2026-06-16 10:16:38+05:30,3120.0,1,3134.78,881172,106963.0,202136.0,3163.0,3163.0,3115.5,3134.3,31821200,3447.7,2820.9,3839.9,2896.0,3119.6,53,5,3119.5,15,1,3119.4,54,3,3119.3,35,2,3119.2,240,6,3120.0,215,5,3120.2,62,4,3120.3,243,2,3120.4,19,1,3120.7,1,1
2031,2026-06-16 10:16:39+05:30,3120.0,1,3134.78,881197,107234.0,202443.0,3163.0,3163.0,3115.5,3134.3,31821200,3447.7,2820.9,3839.9,2896.0,3119.8,8,1,3119.6,73,5,3119.5,15,1,3119.4,54,3,3119.3,188,3,3120.0,135,4,3120.2,62,4,3120.3,243,2,3120.4,19,1,3120.7,1,1
2031,2026-06-16 10:16:39+05:30,3120.0,1,3134.78,881197,107234.0,202443.0,3163.0,3163.0,3115.5,3134.3,31823400,3447.7,2820.9,3839.9,2896.0,3119.8,8,1,3119.6,73,5,3119.5,15,1,3119.4,54,3,3119.3,188,3,3120.0,135,4,3120.2,62,4,3120.3,243,2,3120.4,19,1,3120.7,1,1
2031,2026-06-16 10:16:39+05:30,3120.0,1,3134.78,881197,107234.0,202443.0,3163.0,3163.0,3115.5,3134.3,31823400,3447.7,2820.9,3839.9,2896.0,3119.8,8,1,3119.6,73,5,3119.5,15,1,3119.4,54,3,3119.3,188,3,3120.0,135,4,3120.2,62,4,3120.3,243,2,3120.4,19,1,3120.7,1,1
2031,2026-06-16 10:16:40+05:30,3120.0,7,3134.78,881205,107379.0,202593.0,3163.0,3163.0,3115.5,3134.3,31823400,3447.7,2820.9,3839.9,2896.0,3119.9,22,1,3119.8,50,3,3119.6,62,3,3119.5,15,1,3119.4,54,3,3120.0,127,4,3120.2,62,4,3120.3,243,2,3120.7,1,1,3120.8,86,2
2031,2026-06-16 10:16:40+05:30,3120.0,7,3134.78,881205,107379.0,202593.0,3163.0,3163.0,3115.5,3134.3,31823400,3447.7,2820.9,3839.9,2896.0,3119.9,22,1,3119.8,50,3,3119.6,62,3,3119.5,15,1,3119.4,54,3,3120.0,127,4,3120.2,62,4,3120.3,243,2,3120.7,1,1,3120.8,86,2
2031,2026-06-16 10:16:41+05:30,3120.0,1,3134.78,881205,107379.0,202593.0,3163.0,3163.0,3115.5,3134.3,31823400,3447.7,2820.9,3839.9,2896.0,3119.9,22,1,3119.8,50,3,3119.6,62,3,3119.5,15,1,3119.4,54,3,3120.0,127,4,3120.2,62,4,3120.3,243,2,3120.7,1,1,3120.8,86,2
2031,2026-06-16 10:16:41+05:30,3120.0,1,3134.78,881206,107233.0,202519.0,3163.0,3163.0,3115.5,3134.3,31823400,3447.7,2820.9,3839.9,2896.0,3119.8,8,1,3119.6,43,2,3119.5,15,1,3119.4,54,3,3119.3,225,3,3120.0,233,6,3120.2,62,4,3120.3,243,2,3120.7,1,1,3120.8,86,2
2031,2026-06-16 10:16:42+05:30,3120.0,14,3134.78,881206,107233.0,202519.0,3163.0,3163.0,3115.5,3134.3,31823400,3447.7,2820.9,3839.9,2896.0,3119.8,8,1,3119.6,43,2,3119.5,15,1,3119.4,54,3,3119.3,225,3,3120.0,233,6,3120.2,62,4,3120.3,243,2,3120.7,1,1,3120.8,86,2
2031,2026-06-16 10:16:42+05:30,3120.0,14,3134.78,881442,107256.0,202094.0,3163.0,3163.0,3115.5,3134.3,31823400,3447.7,2820.9,3839.9,2896.0,3119.8,8,1,3119.6,43,2,3119.5,34,2,3119.4,31,2,3119.3,77,3,3120.0,8,2,3120.2,62,4,3120.3,243,2,3120.7,1,1,3120.8,86,2
2031,2026-06-16 10:16:43+05:30,3119.8,48,3134.78,881442,107256.0,202094.0,3163.0,3163.0,3115.5,3134.3,31823400,3447.7,2820.9,3839.9,2896.0,3119.8,8,1,3119.6,43,2,3119.5,34,2,3119.4,31,2,3119.3,77,3,3120.0,8,2,3120.2,62,4,3120.3,243,2,3120.7,1,1,3120.8,86,2
2031,2026-06-16 10:16:43+05:30,3119.4,1,3134.78,881590,107195.0,201533.0,3163.0,3163.0,3115.5,3134.3,31823400,3447.7,2820.9,3839.9,2896.0,3119.4,230,4,3119.3,55,3,3119.2,280,7,3119.1,54,3,3119.0,659,11,3120.0,60,3,3120.2,62,4,3120.3,243,2,3120.7,1,1,3120.8,79,2
2031,2026-06-16 10:16:44+05:30,3119.4,1,3134.78,881590,107195.0,201533.0,3163.0,3163.0,3115.5,3134.3,31823400,3447.7,2820.9,3839.9,2896.0,3119.4,230,4,3119.3,55,3,3119.2,280,7,3119.1,54,3,3119.0,659,11,3120.0,60,3,3120.2,62,4,3120.3,243,2,3120.7,1,1,3120.8,79,2
2031,2026-06-16 10:16:44+05:30,3120.0,1,3134.78,881591,107320.0,202094.0,3163.0,3163.0,3115.5,3134.3,31823400,3447.7,2820.9,3839.9,2896.0,3119.8,4,1,3119.6,44,3,3119.5,156,1,3119.4,151,5,3119.3,55,3,3120.0,59,3,3120.2,62,4,3120.3,243,2,3120.7,1,1,3120.8,79,2
2031,2026-06-16 10:16:45+05:30,3120.0,17,3134.78,881591,107320.0,202094.0,3163.0,3163.0,3115.5,3134.3,31823400,3447.7,2820.9,3839.9,2896.0,3119.8,4,1,3119.6,44,3,3119.5,156,1,3119.4,151,5,3119.3,55,3,3120.0,59,3,3120.2,62,4,3120.3,243,2,3120.7,1,1,3120.8,79,2
2031,2026-06-16 10:16:46+05:30,3120.0,17,3134.78,881667,107189.0,202154.0,3163.0,3163.0,3115.5,3134.3,31823400,3447.7,2820.9,3839.9,2896.0,3119.9,14,4,3119.8,1,1,3119.6,90,5,3119.5,10,1,3119.4,166,7,3120.0,32,3,3120.2,62,4,3120.3,243,2,3120.7,1,1,3120.8,58,1
2031,2026-06-16 10:16:47+05:30,3119.9,1,3134.78,881715,106803.0,202920.0,3163.0,3163.0,3115.5,3134.3,31823400,3447.7,2820.9,3839.9,2896.0,3119.8,1,1,3119.6,27,2,3119.4,52,3,3119.3,25,1,3119.2,100,1,3119.9,152,1,3120.0,262,5,3120.2,62,4,3120.3,43,1,3120.5,32,1
2031,2026-06-16 10:16:47+05:30,3119.9,138,3134.78,881715,106803.0,202920.0,3163.0,3163.0,3115.5,3134.3,31823400,3447.7,2820.9,3839.9,2896.0,3119.8,1,1,3119.6,27,2,3119.4,52,3,3119.3,25,1,3119.2,100,1,3119.9,152,1,3120.0,262,5,3120.2,62,4,3120.3,43,1,3120.5,32,1
2031,2026-06-16 10:16:48+05:30,3119.9,68,3134.77,881935,107110.0,202900.0,3163.0,3163.0,3115.5,3134.3,31823400,3447.7,2820.9,3839.9,2896.0,3119.8,1,1,3119.6,3,1,3119.4,52,3,3119.3,25,1,3119.2,100,1,3119.9,16,1,3120.0,289,6,3120.2,90,5,3120.3,43,1,3120.5,63,2
2031,2026-06-16 10:16:48+05:30,3119.9,68,3134.77,881935,107110.0,202900.0,3163.0,3163.0,3115.5,3134.3,31823400,3447.7,2820.9,3839.9,2896.0,3119.8,1,1,3119.6,3,1,3119.4,52,3,3119.3,25,1,3119.2,100,1,3119.9,16,1,3120.0,289,6,3120.2,90,5,3120.3,43,1,3120.5,63,2
2031,2026-06-16 10:16:49+05:30,3119.9,68,3134.77,881935,106786.0,202952.0,3163.0,3163.0,3115.5,3134.3,31823400,3447.7,2820.9,3839.9,2896.0,3119.8,1,1,3119.6,3,1,3119.4,52,3,3119.3,25,1,3119.2,100,1,3119.9,44,4,3120.0,303,9,3120.2,152,9,3120.3,44,2,3120.4,132,5
2031,2026-06-16 10:16:49+05:30,3119.3,25,3134.77,881935,106786.0,202952.0,3163.0,3163.0,3115.5,3134.3,31823400,3447.7,2820.9,3839.9,2896.0,3119.8,1,1,3119.6,3,1,3119.4,52,3,3119.3,25,1,3119.2,100,1,3119.9,44,4,3120.0,303,9,3120.2,152,9,3120.3,44,2,3120.4,132,5
2031,2026-06-16 10:16:50+05:30,3119.3,1,3134.77,882320,106576.0,203022.0,3163.0,3163.0,3115.5,3134.3,31823400,3447.7,2820.9,3839.9,2896.0,3119.2,106,2,3119.1,22,1,3119.0,645,9,3118.9,15,1,3118.8,23,1,3119.3,26,1,3119.9,10,3,3120.0,98,7,3120.2,91,6,3120.3,46,3
2031,2026-06-16 10:16:50+05:30,3119.3,26,3134.77,882320,106576.0,203022.0,3163.0,3163.0,3115.5,3134.3,31823400,3447.7,2820.9,3839.9,2896.0,3119.2,106,2,3119.1,22,1,3119.0,645,9,3118.9,15,1,3118.8,23,1,3119.3,26,1,3119.9,10,3,3120.0,98,7,3120.2,91,6,3120.3,46,3
2031,2026-06-16 10:16:51+05:30,3119.3,26,3134.76,882346,106837.0,201767.0,3163.0,3163.0,3115.5,3134.3,31823400,3447.7,2820.9,3839.9,2896.0,3119.2,172,5,3119.1,54,3,3119.0,771,12,3118.9,35,2,3118.8,26,3,3119.9,10,3,3120.0,125,8,3120.2,63,5,3120.3,44,2,3120.5,32,1
2031,2026-06-16 10:16:51+05:30,3119.2,45,3134.76,882346,106837.0,201767.0,3163.0,3163.0,3115.5,3134.3,31823400,3447.7,2820.9,3839.9,2896.0,3119.2,172,5,3119.1,54,3,3119.0,771,12,3118.9,35,2,3118.8,26,3,3119.9,10,3,3120.0,125,8,3120.2,63,5,3120.3,44,2,3120.5,32,1
2031,2026-06-16 10:16:52+05:30,3119.2,45,3134.76,882392,107130.0,202084.0,3163.0,3163.0,3115.5,3134.3,31823400,3447.7,2820.9,3839.9,2896.0,3119.2,61,2,3119.1,64,2,3119.0,694,10,3118.8,43,3,3118.7,151,4,3119.9,51,6,3120.0,99,8,3120.2,63,5,3120.3,88,3,3120.5,59,2
2031,2026-06-16 10:16:53+05:30,3119.9,1,3134.76,882394,107158.0,202170.0,3163.0,3163.0,3115.5,3134.3,31823400,3447.7,2820.9,3839.9,2896.0,3119.2,61,2,3119.1,47,2,3119.0,694,10,3118.9,42,1,3118.8,42,2,3119.9,71,7,3120.0,99,8,3120.2,63,5,3120.3,88,3,3120.4,62,2
2031,2026-06-16 10:16:53+05:30,3119.9,1,3134.76,882394,107158.0,202170.0,3163.0,3163.0,3115.5,3134.3,31823400,3447.7,2820.9,3839.9,2896.0,3119.2,61,2,3119.1,47,2,3119.0,694,10,3118.9,42,1,3118.8,42,2,3119.9,71,7,3120.0,99,8,3120.2,63,5,3120.3,88,3,3120.4,62,2
2031,2026-06-16 10:16:54+05:30,3119.9,1,3134.76,882394,107084.0,202192.0,3163.0,3163.0,3115.5,3134.3,31823400,3447.7,2820.9,3839.9,2896.0,3119.2,61,2,3119.1,47,2,3119.0,649,8,3118.9,42,1,3118.8,23,1,3119.9,71,7,3120.0,119,9,3120.2,63,5,3120.3,119,4,3120.4,62,2
2031,2026-06-16 10:16:55+05:30,3119.2,30,3134.76,882426,107368.0,202820.0,3163.0,3163.0,3115.5,3134.3,31823400,3447.7,2820.9,3839.9,2896.0,3119.8,19,1,3119.2,31,2,3119.1,47,2,3119.0,649,8,3118.7,116,4,3119.9,73,8,3120.0,150,10,3120.2,94,6,3120.3,101,4,3120.4,50,2
2031,2026-06-16 10:16:55+05:30,3119.2,30,3134.76,882426,107368.0,202820.0,3163.0,3163.0,3115.5,3134.3,31823400,3447.7,2820.9,3839.9,2896.0,3119.8,19,1,3119.2,31,2,3119.1,47,2,3119.0,649,8,3118.7,116,4,3119.9,73,8,3120.0,150,10,3120.2,94,6,3120.3,101,4,3120.4,50,2
2031,2026-06-16 10:16:56+05:30,3119.8,10,3134.75,882936,107327.0,201655.0,3163.0,3163.0,3115.5,3134.3,31823400,3447.7,2820.9,3839.9,2896.0,3119.1,47,2,3119.0,707,9,3118.8,65,2,3118.7,174,5,3118.6,55,3,3119.8,8,1,3119.9,91,9,3120.0,119,9,3120.2,63,5,3120.3,44,2
2031,2026-06-16 10:16:56+05:30,3119.8,10,3134.75,882936,107327.0,201655.0,3163.0,3163.0,3115.5,3134.3,31823400,3447.7,2820.9,3839.9,2896.0,3119.1,47,2,3119.0,707,9,3118.8,65,2,3118.7,174,5,3118.6,55,3,3119.8,8,1,3119.9,91,9,3120.0,119,9,3120.2,63,5,3120.3,44,2
2031,2026-06-16 10:16:57+05:30,3118.5,27,3134.74,883831,103637.0,203677.0,3163.0,3163.0,3115.5,3134.3,31823400,3447.7,2820.9,3839.9,2896.0,3118.5,6,1,3118.4,16,1,3118.3,34,2,3118.2,1001,2,3118.0,298,8,3118.6,107,6,3118.7,18,1,3118.8,90,5,3119.0,11,1,3119.1,13,1
2031,2026-06-16 10:16:57+05:30,3118.0,35,3134.74,883831,103637.0,203677.0,3163.0,3163.0,3115.5,3134.3,31823400,3447.7,2820.9,3839.9,2896.0,3118.5,6,1,3118.4,16,1,3118.3,34,2,3118.2,1001,2,3118.0,298,8,3118.6,107,6,3118.7,18,1,3118.8,90,5,3119.0,11,1,3119.1,13,1
2031,2026-06-16 10:16:58+05:30,3118.0,17,3134.74,883831,103637.0,203677.0,3163.0,3163.0,3115.5,3134.3,31823400,3447.7,2820.9,3839.9,2896.0,3118.5,6,1,3118.4,16,1,3118.3,34,2,3118.2,1001,2,3118.0,298,8,3118.6,107,6,3118.7,18,1,3118.8,90,5,3119.0,11,1,3119.1,13,1
2031,2026-06-16 10:16:58+05:30,3118.0,17,3134.7,885763,101914.0,205302.0,3163.0,3163.0,3115.5,3134.3,31823400,3447.7,2820.9,3839.9,2896.0,3117.1,70,1,3117.0,159,6,3116.8,10,1,3116.7,12,1,3116.6,23,1,3118.0,139,1,3118.2,249,3,3118.3,43,1,3118.4,50,2,3118.5,95,3
2031,2026-06-16 10:16:59+05:30,3118.0,17,3134.7,885763,102225.0,205195.0,3163.0,3163.0,3115.5,3134.3,31823400,3447.7,2820.9,3839.9,2896.0,3117.1,144,3,3117.0,159,6,3116.8,10,1,3116.7,54,2,3116.6,23,1,3118.0,165,3,3118.2,249,3,3118.3,121,3,3118.4,50,2,3118.5,95,3
2031,2026-06-16 10:17:00+05:30,3117.7,9,3134.7,885763,102225.0,205195.0,3163.0,3163.0,3115.5,3134.3,31823400,3447.7,2820.9,3839.9,2896.0,3117.1,144,3,3117.0,159,6,3116.8,10,1,3116.7,54,2,3116.6,23,1,3118.0,165,3,3118.2,249,3,3118.3,121,3,3118.4,50,2,3118.5,95,3
2031,2026-06-16 10:17:01+05:30,3117.7,9,3134.7,885809,103025.0,205980.0,3163.0,3163.0,3115.5,3134.3,31823400,3447.7,2820.9,3839.9,2896.0,3117.7,8,1,3117.6,2,2,3117.1,145,4,3117.0,156,5,3116.7,32,2,3118.0,165,4,3118.1,50,2,3118.2,226,2,3118.3,78,2,3118.4,69,3
2031,2026-06-16 10:17:02+05:30,3117.7,9,3134.7,885809,103245.0,205875.0,3163.0,3163.0,3115.5,3134.3,31823400,3447.7,2820.9,3839.9,2896.0,3117.7,69,2,3117.6,2,2,3117.1,76,3,3117.0,156,5,3116.7,32,2,3118.0,165,4,3118.2,199,1,3118.3,78,2,3118.4,19,1,3118.5,117,4
2031,2026-06-16 10:17:02+05:30,3118.2,52,3134.7,885809,103245.0,205875.0,3163.0,3163.0,3115.5,3134.3,31823400,3447.7,2820.9,3839.9,2896.0,3117.7,69,2,3117.6,2,2,3117.1,76,3,3117.0,156,5,3116.7,32,2,3118.0,165,4,3118.2,199,1,3118.3,78,2,3118.4,19,1,3118.5,117,4
2031,2026-06-16 10:17:03+05:30,3118.2,52,3134.7,886097,103181.0,205684.0,3163.0,3163.0,3115.5,3134.3,31823400,3447.7,2820.9,3839.9,2896.0,3117.7,48,2,3117.1,42,3,3117.0,156,5,3116.9,106,3,3116.8,65,2,3118.1,147,1,3118.3,20,1,3118.5,46,3,3118.7,32,1,3118.8,159,5
2031,2026-06-16 10:17:03+05:30,3117.7,11,3134.7,886097,103181.0,205684.0,3163.0,3163.0,3115.5,3134.3,31823400,3447.7,2820.9,3839.9,2896.0,3117.7,48,2,3117.1,42,3,3117.0,156,5,3116.9,106,3,3116.8,65,2,3118.1,147,1,3118.3,20,1,3118.5,46,3,3118.7,32,1,3118.8,159,5
2031,2026-06-16 10:17:04+05:30,3118.1,3,3134.69,886184,102617.0,205336.0,3163.0,3163.0,3115.5,3134.3,31823400,3447.7,2820.9,3839.9,2896.0,3117.1,42,3,3117.0,156,5,3116.5,195,4,3116.4,77,2,3116.3,77,4,3118.1,97,5,3118.2,220,3,3118.3,89,4,3118.4,38,2,3118.5,84,5
2031,2026-06-16 10:17:04+05:30,3118.1,1,3134.69,886184,102617.0,205336.0,3163.0,3163.0,3115.5,3134.3,31823400,3447.7,2820.9,3839.9,2896.0,3117.1,42,3,3117.0,156,5,3116.5,195,4,3116.4,77,2,3116.3,77,4,3118.1,97,5,3118.2,220,3,3118.3,89,4,3118.4,38,2,3118.5,84,5
2031,2026-06-16 10:17:05+05:30,3117.7,8,3134.69,886194,102857.0,205000.0,3163.0,3163.0,3115.5,3134.3,31823400,3447.7,2820.9,3839.9,2896.0,3117.1,63,5,3117.0,192,7,3116.9,42,1,3116.8,71,3,3116.6,42,2,3118.1,1,1,3118.2,162,2,3118.3,6,1,3118.4,19,1,3118.5,78,4
2031,2026-06-16 10:17:05+05:30,3117.7,8,3134.69,886194,102857.0,205000.0,3163.0,3163.0,3115.5,3134.3,31823400,3447.7,2820.9,3839.9,2896.0,3117.1,63,5,3117.0,192,7,3116.9,42,1,3116.8,71,3,3116.6,42,2,3118.1,1,1,3118.2,162,2,3118.3,6,1,3118.4,19,1,3118.5,78,4
2031,2026-06-16 10:17:06+05:30,3118.1,1,3134.69,886195,103439.0,205933.0,3163.0,3163.0,3115.5,3134.3,31823400,3447.7,2820.9,3839.9,2896.0,3117.7,29,3,3117.1,42,3,3117.0,170,6,3116.9,180,1,3116.8,127,5,3118.1,1,1,3118.2,162,2,3118.5,78,4,3118.7,63,2,3118.8,106,3
2031,2026-06-16 10:17:06+05:30,3118.1,1,3134.69,886195,103439.0,205933.0,3163.0,3163.0,3115.5,3134.3,31823400,3447.7,2820.9,3839.9,2896.0,3117.7,29,3,3117.1,42,3,3117.0,170,6,3116.9,180,1,3116.8,127,5,3118.1,1,1,3118.2,162,2,3118.5,78,4,3118.7,63,2,3118.8,106,3
2031,2026-06-16 10:17:07+05:30,3117.7,1,3134.69,886196,103515.0,205924.0,3163.0,3163.0,3115.5,3134.3,31823400,3447.7,2820.9,3839.9,2896.0,3117.9,23,1,3117.7,1,1,3117.1,42,3,3117.0,171,7,3116.9,21,1,3118.1,1,1,3118.2,162,2,3118.5,78,4,3118.7,63,2,3118.8,106,3
2031,2026-06-16 10:17:07+05:30,3117.7,1,3134.69,886196,103515.0,205924.0,3163.0,3163.0,3115.5,3134.3,31823400,3447.7,2820.9,3839.9,2896.0,3117.9,23,1,3117.7,1,1,3117.1,42,3,3117.0,171,7,3116.9,21,1,3118.1,1,1,3118.2,162,2,3118.5,78,4,3118.7,63,2,3118.8,106,3
2031,2026-06-16 10:17:08+05:30,3117.9,2,3134.69,886198,103579.0,205699.0,3163.0,3163.0,3115.5,3134.3,31823400,3447.7,2820.9,3839.9,2896.0,3117.9,23,2,3117.7,1,1,3117.4,23,1,3117.2,23,1,3117.1,61,4,3118.1,1,1,3118.2,162,2,3118.5,78,4,3118.7,32,1,3118.8,106,3
2031,2026-06-16 10:17:08+05:30,3117.9,2,3134.69,886198,103579.0,205699.0,3163.0,3163.0,3115.5,3134.3,31823400,3447.7,2820.9,3839.9,2896.0,3117.9,23,2,3117.7,1,1,3117.4,23,1,3117.2,23,1,3117.1,61,4,3118.1,1,1,3118.2,162,2,3118.5,78,4,3118.7,32,1,3118.8,106,3
2031,2026-06-16 10:17:09+05:30,3117.9,5,3134.69,886228,103631.0,205729.0,3163.0,3163.0,3115.5,3134.3,31823400,3447.7,2820.9,3839.9,2896.0,3117.9,20,2,3117.7,1,1,3117.6,23,1,3117.4,34,2,3117.3,16,1,3118.1,1,1,3118.2,162,2,3118.5,46,3,3118.7,32,1,3118.8,77,2
2031,2026-06-16 10:17:09+05:30,3118.4,200,3134.69,886228,103631.0,205729.0,3163.0,3163.0,3115.5,3134.3,31823400,3447.7,2820.9,3839.9,2896.0,3117.9,20,2,3117.7,1,1,3117.6,23,1,3117.4,34,2,3117.3,16,1,3118.1,1,1,3118.2,162,2,3118.5,46,3,3118.7,32,1,3118.8,77,2
2031,2026-06-16 10:17:10+05:30,3119.8,8,3134.68,886931,105894.0,201360.0,3163.0,3163.0,3115.5,3134.3,31823400,3447.7,2820.9,3839.9,2896.0,3118.6,54,3,3118.5,90,4,3118.4,55,3,3118.3,44,2,3118.2,104,5,3119.8,53,2,3119.9,201,2,3120.0,52,4,3120.1,30,1,3120.2,66,5
2031,2026-06-16 10:17:10+05:30,3118.5,71,3134.68,886931,105894.0,201360.0,3163.0,3163.0,3115.5,3134.3,31823400,3447.7,2820.9,3839.9,2896.0,3118.6,54,3,3118.5,90,4,3118.4,55,3,3118.3,44,2,3118.2,104,5,3119.8,53,2,3119.9,201,2,3120.0,52,4,3120.1,30,1,3120.2,66,5
2031,2026-06-16 10:17:11+05:30,3119.8,1,3134.68,887132,106362.0,201401.0,3163.0,3163.0,3115.5,3134.3,31823400,3447.7,2820.9,3839.9,2896.0,3118.7,79,5,3118.6,61,3,3118.5,303,5,3118.4,116,5,3118.3,4,1,3119.9,201,2,3120.0,52,4,3120.1,230,2,3120.2,47,4,3120.3,90,3
2031,2026-06-16 10:17:11+05:30,3119.9,1,3134.68,887132,106362.0,201401.0,3163.0,3163.0,3115.5,3134.3,31823400,3447.7,2820.9,3839.9,2896.0,3118.7,79,5,3118.6,61,3,3118.5,303,5,3118.4,116,5,3118.3,4,1,3119.9,201,2,3120.0,52,4,3120.1,230,2,3120.2,47,4,3120.3,90,3
2031,2026-06-16 10:17:12+05:30,3119.9,1,3134.68,887133,106133.0,201706.0,3163.0,3163.0,3115.5,3134.3,31823400,3447.7,2820.9,3839.9,2896.0,3118.7,19,2,3118.5,97,3,3118.4,31,2,3118.3,4,1,3118.2,160,7,3119.8,1,1,3119.9,331,5,3120.0,266,6,3120.1,82,3,3120.2,99,7
2031,2026-06-16 10:17:13+05:30,3119.9,1,3134.68,887133,106029.0,202838.0,3163.0,3163.0,3115.5,3134.3,31823400,3447.7,2820.9,3839.9,2896.0,3118.7,44,2,3118.4,21,1,3118.2,41,3,3118.1,106,5,3118.0,43,3,3119.7,18,1,3119.8,45,6,3119.9,575,6,3120.0,123,7,3120.1,52,2
2031,2026-06-16 10:17:14+05:30,3119.9,1,3134.68,887133,106105.0,202682.0,3163.0,3163.0,3115.5,3134.3,31823400,3447.7,2820.9,3839.9,2896.0,3118.7,44,2,3118.6,24,1,3118.3,42,1,3118.2,88,3,3118.1,72,4,3119.7,45,3,3119.8,60,6,3119.9,303,3,3120.0,126,6,3120.1,57,3
2031,2026-06-16 10:17:15+05:30,3119.9,1,3134.68,887133,106431.0,202907.0,3163.0,3163.0,3115.5,3134.3,31823400,3447.7,2820.9,3839.9,2896.0,3118.8,27,2,3118.7,56,3,3118.6,24,2,3118.5,89,3,3118.4,58,1,3119.7,23,3,3119.8,1,1,3119.9,245,2,3120.0,292,6,3120.1,57,3
2031,2026-06-16 10:17:15+05:30,3119.7,2,3134.68,887133,106431.0,202907.0,3163.0,3163.0,3115.5,3134.3,31823400,3447.7,2820.9,3839.9,2896.0,3118.8,27,2,3118.7,56,3,3118.6,24,2,3118.5,89,3,3118.4,58,1,3119.7,23,3,3119.8,1,1,3119.9,245,2,3120.0,292,6,3120.1,57,3
2031,2026-06-16 10:17:16+05:30,3119.3,1,3134.68,887146,106467.0,202930.0,3163.0,3163.0,3115.5,3134.3,31823400,3447.7,2820.9,3839.9,2896.0,3119.3,2,2,3118.8,28,3,3118.7,56,3,3118.6,25,2,3118.5,42,1,3119.7,11,2,3119.8,1,1,3119.9,245,2,3120.0,269,5,3120.1,52,2
2031,2026-06-16 10:17:16+05:30,3119.7,1,3134.68,887146,106467.0,202930.0,3163.0,3163.0,3115.5,3134.3,31823400,3447.7,2820.9,3839.9,2896.0,3119.3,2,2,3118.8,28,3,3118.7,56,3,3118.6,25,2,3118.5,42,1,3119.7,11,2,3119.8,1,1,3119.9,245,2,3120.0,269,5,3120.1,52,2
2031,2026-06-16 10:17:17+05:30,3118.8,4,3134.68,887197,106624.0,202778.0,3163.0,3163.0,3115.5,3134.3,31823400,3447.7,2820.9,3839.9,2896.0,3118.8,24,3,3118.7,36,3,3118.6,65,2,3118.5,42,1,3118.4,123,3,3119.7,10,2,3119.8,1,1,3119.9,245,2,3120.0,239,4,3120.1,52,2
2031,2026-06-16 10:17:17+05:30,3119.7,1,3134.68,887197,106624.0,202778.0,3163.0,3163.0,3115.5,3134.3,31823400,3447.7,2820.9,3839.9,2896.0,3118.8,24,3,3118.7,36,3,3118.6,65,2,3118.5,42,1,3118.4,123,3,3119.7,10,2,3119.8,1,1,3119.9,245,2,3120.0,239,4,3120.1,52,2
2031,2026-06-16 10:17:18+05:30,3119.7,1,3134.68,887198,107095.0,202073.0,3163.0,3163.0,3115.5,3134.3,31823400,3447.7,2820.9,3839.9,2896.0,3119.4,33,3,3119.3,18,2,3119.2,52,3,3119.1,24,2,3119.0,13,1,3119.7,10,3,3119.8,1,1,3119.9,245,2,3120.0,39,3,3120.1,22,1
2031,2026-06-16 10:17:18+05:30,3119.7,1,3134.68,887198,107095.0,202073.0,3163.0,3163.0,3115.5,3134.3,31823400,3447.7,2820.9,3839.9,2896.0,3119.4,33,3,3119.3,18,2,3119.2,52,3,3119.1,24,2,3119.0,13,1,3119.7,10,3,3119.8,1,1,3119.9,245,2,3120.0,39,3,3120.1,22,1
2031,2026-06-16 10:17:19+05:30,3119.7,3,3134.67,887323,107462.0,201230.0,3163.0,3163.0,3115.5,3134.3,31823400,3447.7,2820.9,3839.9,2896.0,3119.7,38,6,3119.6,6,1,3119.5,56,4,3119.4,73,5,3119.3,17,3,3119.9,158,3,3120.0,39,3,3120.1,22,1,3120.2,27,3,3120.3,201,2
2031,2026-06-16 10:17:19+05:30,3119.9,57,3134.67,887323,107462.0,201230.0,3163.0,3163.0,3115.5,3134.3,31823400,3447.7,2820.9,3839.9,2896.0,3119.7,38,6,3119.6,6,1,3119.5,56,4,3119.4,73,5,3119.3,17,3,3119.9,158,3,3120.0,39,3,3120.1,22,1,3120.2,27,3,3120.3,201,2
2031,2026-06-16 10:17:20+05:30,3120.0,5,3134.67,887680,108110.0,202176.0,3163.0,3163.0,3115.5,3134.3,31823400,3447.7,2820.9,3839.9,2896.0,3120.0,19,1,3119.7,34,5,3119.6,6,1,3119.5,76,4,3119.4,50,4,3120.1,22,1,3120.2,27,3,3120.3,201,2,3120.5,4,1,3120.8,52,2
2031,2026-06-16 10:17:20+05:30,3120.0,42,3134.67,887680,108110.0,202176.0,3163.0,3163.0,3115.5,3134.3,31823400,3447.7,2820.9,3839.9,2896.0,3120.0,19,1,3119.7,34,5,3119.6,6,1,3119.5,76,4,3119.4,50,4,3120.1,22,1,3120.2,27,3,3120.3,201,2,3120.5,4,1,3120.8,52,2
2031,2026-06-16 10:17:21+05:30,3120.0,42,3134.67,887749,108162.0,202322.0,3163.0,3163.0,3115.5,3134.3,31823400,3447.7,2820.9,3839.9,2896.0,3120.0,46,2,3119.8,46,2,3119.7,33,3,3119.6,23,2,3119.5,23,2,3120.1,37,2,3120.2,27,3,3120.3,221,3,3120.5,4,1,3120.8,32,1
2031,2026-06-16 10:17:22+05:30,3120.1,1,3134.67,887750,108144.0,202334.0,3163.0,3163.0,3115.5,3134.3,31823400,3447.7,2820.9,3839.9,2896.0,3120.0,46,2,3119.8,46,2,3119.7,33,3,3119.6,49,3,3119.5,23,2,3120.1,36,2,3120.2,27,3,3120.3,221,3,3120.5,4,1,3120.8,32,1
2031,2026-06-16 10:17:22+05:30,3120.1,1,3134.67,887750,108144.0,202334.0,3163.0,3163.0,3115.5,3134.3,31823400,3447.7,2820.9,3839.9,2896.0,3120.0,46,2,3119.8,46,2,3119.7,33,3,3119.6,49,3,3119.5,23,2,3120.1,36,2,3120.2,27,3,3120.3,221,3,3120.5,4,1,3120.8,32,1
2031,2026-06-16 10:17:22+05:30,3120.1,1,3134.67,887750,108144.0,202334.0,3163.0,3163.0,3115.5,3134.3,31823400,3447.7,2820.9,3839.9,2896.0,3120.0,46,2,3119.8,46,2,3119.7,33,3,3119.6,49,3,3119.5,23,2,3120.1,36,2,3120.2,27,3,3120.3,221,3,3120.5,4,1,3120.8,32,1
2031,2026-06-16 10:17:23+05:30,3120.1,1,3134.67,887750,108138.0,202290.0,3163.0,3163.0,3115.5,3134.3,31823400,3447.7,2820.9,3839.9,2896.0,3120.0,46,2,3119.9,23,1,3119.8,46,2,3119.7,33,3,3119.6,23,2,3120.1,40,3,3120.2,27,3,3120.3,221,3,3120.5,4,1,3120.8,32,1
2031,2026-06-16 10:17:24+05:30,3120.1,1,3134.67,887750,108138.0,202290.0,3163.0,3163.0,3115.5,3134.3,31823400,3447.7,2820.9,3839.9,2896.0,3120.0,46,2,3119.9,23,1,3119.8,46,2,3119.7,33,3,3119.6,23,2,3120.1,40,3,3120.2,27,3,3120.3,221,3,3120.5,4,1,3120.8,32,1
2031,2026-06-16 10:17:24+05:30,3120.1,1,3134.67,887751,108080.0,202366.0,3163.0,3163.0,3115.5,3134.3,31823400,3447.7,2820.9,3839.9,2896.0,3120.0,55,3,3119.9,23,1,3119.7,16,2,3119.6,6,1,3119.5,46,3,3120.1,71,4,3120.2,27,3,3120.3,221,3,3120.5,4,1,3120.8,32,1
2031,2026-06-16 10:17:24+05:30,3120.1,1,3134.67,887751,108080.0,202366.0,3163.0,3163.0,3115.5,3134.3,31823400,3447.7,2820.9,3839.9,2896.0,3120.0,55,3,3119.9,23,1,3119.7,16,2,3119.6,6,1,3119.5,46,3,3120.1,71,4,3120.2,27,3,3120.3,221,3,3120.5,4,1,3120.8,32,1
2031,2026-06-16 10:17:25+05:30,3120.1,9,3134.67,887810,108079.0,202116.0,3163.0,3163.0,3115.5,3134.3,31823400,3447.7,2820.9,3839.9,2896.0,3120.0,55,3,3119.9,23,1,3119.7,16,2,3119.6,29,2,3119.5,23,2,3120.1,26,3,3120.2,27,3,3120.3,221,3,3120.5,4,1,3120.8,32,1
2031,2026-06-16 10:17:25+05:30,3120.2,4,3134.67,887810,108079.0,202116.0,3163.0,3163.0,3115.5,3134.3,31823400,3447.7,2820.9,3839.9,2896.0,3120.0,55,3,3119.9,23,1,3119.7,16,2,3119.6,29,2,3119.5,23,2,3120.1,26,3,3120.2,27,3,3120.3,221,3,3120.5,4,1,3120.8,32,1
2031,2026-06-16 10:17:26+05:30,3120.2,4,3134.67,887810,108079.0,202116.0,3163.0,3163.0,3115.5,3134.3,31823400,3447.7,2820.9,3839.9,2896.0,3120.0,55,3,3119.9,23,1,3119.7,16,2,3119.6,29,2,3119.5,23,2,3120.1,26,3,3120.2,27,3,3120.3,221,3,3120.5,4,1,3120.8,32,1
2031,2026-06-16 10:17:26+05:30,3120.2,4,3134.66,888013,108226.0,202417.0,3163.0,3163.0,3115.5,3134.3,31823400,3447.7,2820.9,3839.9,2896.0,3120.0,55,3,3119.7,16,2,3119.5,15,1,3119.4,83,3,3119.3,9,2,3120.3,221,3,3120.5,17,2,3120.7,37,2,3120.8,32,1,3120.9,98,3
2031,2026-06-16 10:17:27+05:30,3120.3,1,3134.66,888014,108225.0,202456.0,3163.0,3163.0,3115.5,3134.3,31823400,3447.7,2820.9,3839.9,2896.0,3120.0,55,3,3119.7,16,2,3119.5,38,2,3119.4,60,2,3119.3,9,2,3120.3,221,3,3120.5,4,1,3120.7,18,1,3120.8,32,1,3120.9,98,3
2031,2026-06-16 10:17:27+05:30,3120.3,1,3134.66,888014,108225.0,202456.0,3163.0,3163.0,3115.5,3134.3,31823400,3447.7,2820.9,3839.9,2896.0,3120.0,55,3,3119.7,16,2,3119.5,38,2,3119.4,60,2,3119.3,9,2,3120.3,221,3,3120.5,4,1,3120.7,18,1,3120.8,32,1,3120.9,98,3
2031,2026-06-16 10:17:27+05:30,3120.0,10,3134.66,888014,108225.0,202456.0,3163.0,3163.0,3115.5,3134.3,31823400,3447.7,2820.9,3839.9,2896.0,3120.0,55,3,3119.7,16,2,3119.5,38,2,3119.4,60,2,3119.3,9,2,3120.3,221,3,3120.5,4,1,3120.7,18,1,3120.8,32,1,3120.9,98,3
2031,2026-06-16 10:17:28+05:30,3120.0,2,3134.66,888026,108259.0,202321.0,3163.0,3163.0,3115.5,3134.3,31823400,3447.7,2820.9,3839.9,2896.0,3120.0,43,3,3119.9,23,1,3119.7,16,2,3119.5,38,2,3119.4,60,2,3120.2,17,1,3120.3,244,4,3120.5,4,1,3120.8,32,1,3120.9,98,3
2031,2026-06-16 10:17:28+05:30,3120.0,2,3134.66,888026,108259.0,202321.0,3163.0,3163.0,3115.5,3134.3,31823400,3447.7,2820.9,3839.9,2896.0,3120.0,43,3,3119.9,23,1,3119.7,16,2,3119.5,38,2,3119.4,60,2,3120.2,17,1,3120.3,244,4,3120.5,4,1,3120.8,32,1,3120.9,98,3
2031,2026-06-16 10:17:29+05:30,3120.0,2,3134.66,888026,108259.0,202321.0,3163.0,3163.0,3115.5,3134.3,31823400,3447.7,2820.9,3839.9,2896.0,3120.0,43,3,3119.9,23,1,3119.7,16,2,3119.5,38,2,3119.4,60,2,3120.2,17,1,3120.3,244,4,3120.5,4,1,3120.8,32,1,3120.9,98,3
2031,2026-06-16 10:17:29+05:30,3120.0,2,3134.66,888026,108247.0,202343.0,3163.0,3163.0,3115.5,3134.3,31823400,3447.7,2820.9,3839.9,2896.0,3120.0,43,3,3119.9,23,1,3119.7,16,2,3119.5,38,2,3119.4,60,2,3120.2,19,2,3120.3,245,5,3120.5,4,1,3120.8,32,1,3120.9,128,4
2031,2026-06-16 10:17:30+05:30,3120.2,10,3134.66,888039,108219.0,202519.0,3163.0,3163.0,3115.5,3134.3,31823400,3447.7,2820.9,3839.9,2896.0,3120.1,2,2,3120.0,53,5,3119.9,23,1,3119.7,16,2,3119.5,15,1,3120.2,7,3,3120.3,245,5,3120.5,4,1,3120.8,32,1,3120.9,98,3
2031,2026-06-16 10:17:30+05:30,3120.2,10,3134.66,888039,108219.0,202519.0,3163.0,3163.0,3115.5,3134.3,31823400,3447.7,2820.9,3839.9,2896.0,3120.1,2,2,3120.0,53,5,3119.9,23,1,3119.7,16,2,3119.5,15,1,3120.2,7,3,3120.3,245,5,3120.5,4,1,3120.8,32,1,3120.9,98,3
2031,2026-06-16 10:17:30+05:30,3120.2,10,3134.66,888039,108219.0,202519.0,3163.0,3163.0,3115.5,3134.3,31823400,3447.7,2820.9,3839.9,2896.0,3120.1,2,2,3120.0,53,5,3119.9,23,1,3119.7,16,2,3119.5,15,1,3120.2,7,3,3120.3,245,5,3120.5,4,1,3120.8,32,1,3120.9,98,3
2031,2026-06-16 10:17:31+05:30,3120.2,15,3134.66,888265,107386.0,202341.0,3163.0,3163.0,3115.5,3134.3,31823400,3447.7,2820.9,3839.9,2896.0,3120.0,19,4,3119.9,26,1,3119.7,1,1,3119.4,2,1,3119.3,28,1,3120.3,245,5,3120.5,17,2,3120.7,47,2,3120.8,32,1,3120.9,117,4
2031,2026-06-16 10:17:31+05:30,3120.0,13,3134.66,888265,107386.0,202341.0,3163.0,3163.0,3115.5,3134.3,31823400,3447.7,2820.9,3839.9,2896.0,3120.0,19,4,3119.9,26,1,3119.7,1,1,3119.4,2,1,3119.3,28,1,3120.3,245,5,3120.5,17,2,3120.7,47,2,3120.8,32,1,3120.9,117,4
2031,2026-06-16 10:17:32+05:30,3120.0,13,3134.66,888265,107386.0,202341.0,3163.0,3163.0,3115.5,3134.3,31823400,3447.7,2820.9,3839.9,2896.0,3120.0,19,4,3119.9,26,1,3119.7,1,1,3119.4,2,1,3119.3,28,1,3120.3,245,5,3120.5,17,2,3120.7,47,2,3120.8,32,1,3120.9,117,4
2031,2026-06-16 10:17:32+05:30,3120.3,1,3134.66,888308,107409.0,202678.0,3163.0,3163.0,3115.5,3134.3,31823400,3447.7,2820.9,3839.9,2896.0,3120.0,5,1,3119.9,26,1,3119.7,1,1,3119.4,2,1,3119.2,23,1,3120.3,293,9,3120.5,17,2,3120.6,19,1,3120.7,101,4,3120.8,51,2
2031,2026-06-16 10:17:32+05:30,3120.3,1,3134.66,888308,107409.0,202678.0,3163.0,3163.0,3115.5,3134.3,31823400,3447.7,2820.9,3839.9,2896.0,3120.0,5,1,3119.9,26,1,3119.7,1,1,3119.4,2,1,3119.2,23,1,3120.3,293,9,3120.5,17,2,3120.6,19,1,3120.7,101,4,3120.8,51,2
2031,2026-06-16 10:17:33+05:30,3120.3,1,3134.66,888308,107409.0,202678.0,3163.0,3163.0,3115.5,3134.3,31823400,3447.7,2820.9,3839.9,2896.0,3120.0,5,1,3119.9,26,1,3119.7,1,1,3119.4,2,1,3119.2,23,1,3120.3,293,9,3120.5,17,2,3120.6,19,1,3120.7,101,4,3120.8,51,2
2031,2026-06-16 10:17:33+05:30,3120.3,126,3134.65,888926,108387.0,201719.0,3163.0,3163.0,3115.5,3134.3,31823400,3447.7,2820.9,3839.9,2896.0,3120.0,5,1,3119.7,1,1,3119.6,42,1,3119.5,78,2,3119.4,47,3,3120.3,15,1,3120.5,4,1,3120.8,32,1,3120.9,19,1,3121.1,30,1
2031,2026-06-16 10:17:33+05:30,3120.3,126,3134.65,888926,108387.0,201719.0,3163.0,3163.0,3115.5,3134.3,31823400,3447.7,2820.9,3839.9,2896.0,3120.0,5,1,3119.7,1,1,3119.6,42,1,3119.5,78,2,3119.4,47,3,3120.3,15,1,3120.5,4,1,3120.8,32,1,3120.9,19,1,3121.1,30,1
2031,2026-06-16 10:17:34+05:30,3120.3,126,3134.65,888926,108387.0,201719.0,3163.0,3163.0,3115.5,3134.3,31823400,3447.7,2820.9,3839.9,2896.0,3120.0,5,1,3119.7,1,1,3119.6,42,1,3119.5,78,2,3119.4,47,3,3120.3,15,1,3120.5,4,1,3120.8,32,1,3120.9,19,1,3121.1,30,1
2031,2026-06-16 10:17:34+05:30,3120.3,85,3134.65,889026,107503.0,202047.0,3163.0,3163.0,3115.5,3134.3,31823400,3447.7,2820.9,3839.9,2896.0,3120.0,5,1,3119.7,1,1,3119.4,2,1,3119.3,20,1,3119.2,27,1,3120.3,229,4,3120.4,40,2,3120.5,4,1,3120.6,109,4,3120.7,18,1
2031,2026-06-16 10:17:35+05:30,3120.3,85,3134.65,889026,107503.0,202047.0,3163.0,3163.0,3115.5,3134.3,31823400,3447.7,2820.9,3839.9,2896.0,3120.0,5,1,3119.7,1,1,3119.4,2,1,3119.3,20,1,3119.2,27,1,3120.3,229,4,3120.4,40,2,3120.5,4,1,3120.6,109,4,3120.7,18,1
2031,2026-06-16 10:17:35+05:30,3120.3,2,3134.65,889026,107503.0,202047.0,3163.0,3163.0,3115.5,3134.3,31823400,3447.7,2820.9,3839.9,2896.0,3120.0,5,1,3119.7,1,1,3119.4,2,1,3119.3,20,1,3119.2,27,1,3120.3,229,4,3120.4,40,2,3120.5,4,1,3120.6,109,4,3120.7,18,1
2031,2026-06-16 10:17:36+05:30,3120.3,2,3134.65,889034,107755.0,202119.0,3163.0,3163.0,3115.5,3134.3,31823400,3447.7,2820.9,3839.9,2896.0,3120.0,43,2,3119.7,1,1,3119.4,2,1,3119.3,112,4,3119.2,27,1,3120.3,230,4,3120.5,4,1,3120.8,72,3,3120.9,48,1,3121.0,75,3
2031,2026-06-16 10:17:36+05:30,3120.3,2,3134.65,889034,107755.0,202119.0,3163.0,3163.0,3115.5,3134.3,31823400,3447.7,2820.9,3839.9,2896.0,3120.0,43,2,3119.7,1,1,3119.4,2,1,3119.3,112,4,3119.2,27,1,3120.3,230,4,3120.5,4,1,3120.8,72,3,3120.9,48,1,3121.0,75,3
2031,2026-06-16 10:17:36+05:30,3120.0,17,3134.65,889034,107755.0,202119.0,3163.0,3163.0,3115.5,3134.3,31823400,3447.7,2820.9,3839.9,2896.0,3120.0,43,2,3119.7,1,1,3119.4,2,1,3119.3,112,4,3119.2,27,1,3120.3,230,4,3120.5,4,1,3120.8,72,3,3120.9,48,1,3121.0,75,3
2031,2026-06-16 10:17:36+05:30,3120.0,17,3134.64,889056,107764.0,202067.0,3163.0,3163.0,3115.5,3134.3,31823400,3447.7,2820.9,3839.9,2896.0,3120.0,26,2,3119.9,23,1,3119.7,1,1,3119.4,2,1,3119.3,56,3,3120.2,74,1,3120.3,230,4,3120.5,4,1,3120.8,70,3,3120.9,48,1
2031,2026-06-16 10:17:37+05:30,3120.0,17,3134.64,889056,107764.0,202067.0,3163.0,3163.0,3115.5,3134.3,31823400,3447.7,2820.9,3839.9,2896.0,3120.0,26,2,3119.9,23,1,3119.7,1,1,3119.4,2,1,3119.3,56,3,3120.2,74,1,3120.3,230,4,3120.5,4,1,3120.8,70,3,3120.9,48,1
2031,2026-06-16 10:17:37+05:30,3120.0,2,3134.64,889056,107764.0,202067.0,3163.0,3163.0,3115.5,3134.3,31823400,3447.7,2820.9,3839.9,2896.0,3120.0,26,2,3119.9,23,1,3119.7,1,1,3119.4,2,1,3119.3,56,3,3120.2,74,1,3120.3,230,4,3120.5,4,1,3120.8,70,3,3120.9,48,1
2031,2026-06-16 10:17:37+05:30,3120.0,2,3134.64,889056,107764.0,202067.0,3163.0,3163.0,3115.5,3134.3,31823400,3447.7,2820.9,3839.9,2896.0,3120.0,26,2,3119.9,23,1,3119.7,1,1,3119.4,2,1,3119.3,56,3,3120.2,74,1,3120.3,230,4,3120.5,4,1,3120.8,70,3,3120.9,48,1
2031,2026-06-16 10:17:38+05:30,3119.7,1,3134.64,889158,107618.0,201553.0,3163.0,3163.0,3115.5,3134.3,31823400,3447.7,2820.9,3839.9,2896.0,3119.7,23,2,3119.6,21,1,3119.4,56,4,3119.3,129,4,3119.2,69,3,3120.2,43,1,3120.3,236,5,3120.5,4,1,3120.8,51,2,3120.9,48,1
2031,2026-06-16 10:17:38+05:30,3119.7,1,3134.64,889158,107618.0,201553.0,3163.0,3163.0,3115.5,3134.3,31823400,3447.7,2820.9,3839.9,2896.0,3119.7,23,2,3119.6,21,1,3119.4,56,4,3119.3,129,4,3119.2,69,3,3120.2,43,1,3120.3,236,5,3120.5,4,1,3120.8,51,2,3120.9,48,1
2031,2026-06-16 10:17:38+05:30,3119.7,1,3134.64,889158,107618.0,201553.0,3163.0,3163.0,3115.5,3134.3,31823400,3447.7,2820.9,3839.9,2896.0,3119.7,23,2,3119.6,21,1,3119.4,56,4,3119.3,129,4,3119.2,69,3,3120.2,43,1,3120.3,236,5,3120.5,4,1,3120.8,51,2,3120.9,48,1
2031,2026-06-16 10:17:39+05:30,3119.7,1,3134.64,889158,107914.0,201446.0,3163.0,3163.0,3115.5,3134.3,31823400,3447.7,2820.9,3839.9,2896.0,3119.9,5,1,3119.7,23,2,3119.6,21,1,3119.5,28,2,3119.4,37,3,3120.2,76,2,3120.3,36,4,3120.5,204,2,3120.8,12,1,3120.9,48,1
2031,2026-06-16 10:17:39+05:30,3119.7,1,3134.64,889158,107914.0,201446.0,3163.0,3163.0,3115.5,3134.3,31823400,3447.7,2820.9,3839.9,2896.0,3119.9,5,1,3119.7,23,2,3119.6,21,1,3119.5,28,2,3119.4,37,3,3120.2,76,2,3120.3,36,4,3120.5,204,2,3120.8,12,1,3120.9,48,1
2031,2026-06-16 10:17:39+05:30,3119.6,187,3134.64,889158,107914.0,201446.0,3163.0,3163.0,3115.5,3134.3,31823400,3447.7,2820.9,3839.9,2896.0,3119.9,5,1,3119.7,23,2,3119.6,21,1,3119.5,28,2,3119.4,37,3,3120.2,76,2,3120.3,36,4,3120.5,204,2,3120.8,12,1,3120.9,48,1
2031,2026-06-16 10:17:40+05:30,3119.6,187,3134.64,889359,107774.0,201779.0,3163.0,3163.0,3115.5,3134.3,31823400,3447.7,2820.9,3839.9,2896.0,3119.6,21,1,3119.4,2,1,3119.2,27,1,3119.1,7,2,3119.0,313,6,3120.2,146,6,3120.3,32,4,3120.4,219,2,3120.5,24,2,3120.6,30,1
2031,2026-06-16 10:17:40+05:30,3119.6,187,3134.64,889359,107774.0,201779.0,3163.0,3163.0,3115.5,3134.3,31824000,3447.7,2820.9,3839.9,2896.0,3119.6,21,1,3119.4,2,1,3119.2,27,1,3119.1,7,2,3119.0,313,6,3120.2,146,6,3120.3,32,4,3120.4,219,2,3120.5,24,2,3120.6,30,1
2031,2026-06-16 10:17:41+05:30,3119.6,187,3134.64,889359,107786.0,201827.0,3163.0,3163.0,3115.5,3134.3,31824000,3447.7,2820.9,3839.9,2896.0,3119.6,21,1,3119.4,2,1,3119.2,27,1,3119.1,1,1,3119.0,268,3,3120.1,17,1,3120.2,163,7,3120.3,32,4,3120.4,349,6,3120.5,47,3
2031,2026-06-16 10:17:42+05:30,3119.6,187,3134.64,889359,107712.0,201430.0,3163.0,3163.0,3115.5,3134.3,31824000,3447.7,2820.9,3839.9,2896.0,3119.6,60,2,3119.4,2,1,3119.1,183,1,3119.0,326,4,3118.9,116,4,3120.0,12,1,3120.2,127,5,3120.3,32,4,3120.4,40,2,3120.5,224,3
2031,2026-06-16 10:17:42+05:30,3120.2,18,3134.64,889359,107712.0,201430.0,3163.0,3163.0,3115.5,3134.3,31824000,3447.7,2820.9,3839.9,2896.0,3119.6,60,2,3119.4,2,1,3119.1,183,1,3119.0,326,4,3118.9,116,4,3120.0,12,1,3120.2,127,5,3120.3,32,4,3120.4,40,2,3120.5,224,3
2031,2026-06-16 10:17:43+05:30,3120.0,1,3134.64,889390,107562.0,201355.0,3163.0,3163.0,3115.5,3134.3,31824000,3447.7,2820.9,3839.9,2896.0,3119.6,65,3,3119.4,2,1,3119.1,23,1,3119.0,259,3,3118.9,88,3,3120.0,7,1,3120.2,62,3,3120.3,32,4,3120.4,21,1,3120.5,204,2
2031,2026-06-16 10:17:43+05:30,3120.0,1,3134.64,889390,107562.0,201355.0,3163.0,3163.0,3115.5,3134.3,31824000,3447.7,2820.9,3839.9,2896.0,3119.6,65,3,3119.4,2,1,3119.1,23,1,3119.0,259,3,3118.9,88,3,3120.0,7,1,3120.2,62,3,3120.3,32,4,3120.4,21,1,3120.5,204,2
2031,2026-06-16 10:17:44+05:30,3120.0,1,3134.64,889391,107471.0,202530.0,3163.0,3163.0,3115.5,3134.3,31824000,3447.7,2820.9,3839.9,2896.0,3119.6,65,3,3119.4,2,1,3119.0,200,1,3118.9,27,1,3118.8,19,2,3120.0,506,2,3120.2,81,4,3120.3,32,4,3120.4,112,4,3120.5,204,2
2031,2026-06-16 10:17:44+05:30,3120.0,1,3134.64,889391,107471.0,202530.0,3163.0,3163.0,3115.5,3134.3,31824000,3447.7,2820.9,3839.9,2896.0,3119.6,65,3,3119.4,2,1,3119.0,200,1,3118.9,27,1,3118.8,19,2,3120.0,506,2,3120.2,81,4,3120.3,32,4,3120.4,112,4,3120.5,204,2
2031,2026-06-16 10:17:45+05:30,3119.6,10,3134.64,889434,107549.0,202826.0,3163.0,3163.0,3115.5,3134.3,31824000,3447.7,2820.9,3839.9,2896.0,3119.6,78,5,3119.4,2,1,3119.0,200,1,3118.8,1,1,3118.7,59,4,3120.0,676,5,3120.1,22,1,3120.2,81,4,3120.3,43,4,3120.4,82,3
2031,2026-06-16 10:17:45+05:30,3119.6,10,3134.64,889434,107549.0,202826.0,3163.0,3163.0,3115.5,3134.3,31824000,3447.7,2820.9,3839.9,2896.0,3119.6,78,5,3119.4,2,1,3119.0,200,1,3118.8,1,1,3118.7,59,4,3120.0,676,5,3120.1,22,1,3120.2,81,4,3120.3,43,4,3120.4,82,3
2031,2026-06-16 10:17:46+05:30,3119.6,10,3134.64,889434,107810.0,202949.0,3163.0,3163.0,3115.5,3134.3,31824000,3447.7,2820.9,3839.9,2896.0,3119.9,5,1,3119.6,70,4,3119.4,2,1,3119.0,200,1,3118.8,1,1,3120.0,690,6,3120.2,77,4,3120.3,22,1,3120.4,61,2,3120.5,227,3
2031,2026-06-16 10:17:47+05:30,3120.0,5,3134.64,889439,108280.0,202889.0,3163.0,3163.0,3115.5,3134.3,31824000,3447.7,2820.9,3839.9,2896.0,3119.9,42,2,3119.6,98,5,3119.4,2,1,3119.0,200,1,3118.8,200,4,3120.0,685,6,3120.2,58,3,3120.3,22,1,3120.4,61,2,3120.5,227,3
2031,2026-06-16 10:17:47+05:30,3120.0,5,3134.64,889439,108280.0,202889.0,3163.0,3163.0,3115.5,3134.3,31824000,3447.7,2820.9,3839.9,2896.0,3119.9,42,2,3119.6,98,5,3119.4,2,1,3119.0,200,1,3118.8,200,4,3120.0,685,6,3120.2,58,3,3120.3,22,1,3120.4,61,2,3120.5,227,3
2031,2026-06-16 10:17:48+05:30,3120.0,238,3134.63,889678,108320.0,202695.0,3163.0,3163.0,3115.5,3134.3,31824000,3447.7,2820.9,3839.9,2896.0,3119.9,42,2,3119.6,73,4,3119.4,2,1,3119.0,200,1,3118.9,23,1,3120.0,501,7,3120.2,58,3,3120.3,22,1,3120.5,246,4,3120.6,51,3
2031,2026-06-16 10:17:48+05:30,3120.0,238,3134.63,889678,108320.0,202695.0,3163.0,3163.0,3115.5,3134.3,31824000,3447.7,2820.9,3839.9,2896.0,3119.9,42,2,3119.6,73,4,3119.4,2,1,3119.0,200,1,3118.9,23,1,3120.0,501,7,3120.2,58,3,3120.3,22,1,3120.5,246,4,3120.6,51,3
2031,2026-06-16 10:17:49+05:30,3120.0,238,3134.63,889678,108394.0,202843.0,3163.0,3163.0,3115.5,3134.3,31824000,3447.7,2820.9,3839.9,2896.0,3119.9,42,2,3119.6,88,5,3119.4,2,1,3119.0,200,1,3118.9,23,1,3120.0,524,8,3120.2,58,3,3120.3,22,1,3120.5,270,5,3120.6,99,4
2031,2026-06-16 10:17:50+05:30,3120.0,15,3134.63,889678,108394.0,202843.0,3163.0,3163.0,3115.5,3134.3,31824000,3447.7,2820.9,3839.9,2896.0,3119.9,42,2,3119.6,88,5,3119.4,2,1,3119.0,200,1,3118.9,23,1,3120.0,524,8,3120.2,58,3,3120.3,22,1,3120.5,270,5,3120.6,99,4
2031,2026-06-16 10:17:50+05:30,3120.0,15,3134.63,889733,108217.0,202919.0,3163.0,3163.0,3115.5,3134.3,31824000,3447.7,2820.9,3839.9,2896.0,3119.9,3,1,3119.6,88,5,3119.4,2,1,3119.1,5,1,3119.0,200,1,3120.0,533,9,3120.2,58,3,3120.3,51,3,3120.4,26,1,3120.5,251,4
2031,2026-06-16 10:17:52+05:30,3120.0,15,3134.63,889733,108225.0,202879.0,3163.0,3163.0,3115.5,3134.3,31824000,3447.7,2820.9,3839.9,2896.0,3119.9,3,1,3119.6,102,6,3119.4,2,1,3119.1,5,1,3119.0,200,1,3120.0,583,11,3120.1,5,1,3120.2,77,4,3120.3,32,2,3120.4,82,2
2031,2026-06-16 10:17:53+05:30,3120.0,10,3134.63,889743,108225.0,202887.0,3163.0,3163.0,3115.5,3134.3,31824000,3447.7,2820.9,3839.9,2896.0,3119.9,3,1,3119.6,102,6,3119.4,2,1,3119.1,5,1,3119.0,200,1,3120.0,574,12,3120.2,77,4,3120.3,62,3,3120.4,52,1,3120.5,227,3
2031,2026-06-16 10:17:53+05:30,3120.0,10,3134.63,889743,108225.0,202887.0,3163.0,3163.0,3115.5,3134.3,31824000,3447.7,2820.9,3839.9,2896.0,3119.9,3,1,3119.6,102,6,3119.4,2,1,3119.1,5,1,3119.0,200,1,3120.0,574,12,3120.2,77,4,3120.3,62,3,3120.4,52,1,3120.5,227,3
2031,2026-06-16 10:17:54+05:30,3120.0,1,3134.63,889744,108223.0,202619.0,3163.0,3163.0,3115.5,3134.3,31824000,3447.7,2820.9,3839.9,2896.0,3119.9,3,1,3119.6,102,6,3119.4,2,1,3119.1,5,1,3119.0,200,1,3120.0,606,13,3120.2,107,5,3120.3,32,2,3120.4,82,2,3120.5,227,3
2031,2026-06-16 10:17:54+05:30,3119.6,3,3134.63,889744,108223.0,202619.0,3163.0,3163.0,3115.5,3134.3,31824000,3447.7,2820.9,3839.9,2896.0,3119.9,3,1,3119.6,102,6,3119.4,2,1,3119.1,5,1,3119.0,200,1,3120.0,606,13,3120.2,107,5,3120.3,32,2,3120.4,82,2,3120.5,227,3
2031,2026-06-16 10:17:55+05:30,3120.0,4,3134.63,890152,107525.0,203134.0,3163.0,3163.0,3115.5,3134.3,31824000,3447.7,2820.9,3839.9,2896.0,3119.6,11,1,3119.4,2,1,3119.0,200,1,3118.8,1,1,3118.7,45,3,3120.0,680,17,3120.2,165,8,3120.3,40,2,3120.4,301,4,3120.5,27,2
2031,2026-06-16 10:17:55+05:30,3120.0,4,3134.63,890152,107525.0,203134.0,3163.0,3163.0,3115.5,3134.3,31824000,3447.7,2820.9,3839.9,2896.0,3119.6,11,1,3119.4,2,1,3119.0,200,1,3118.8,1,1,3118.7,45,3,3120.0,680,17,3120.2,165,8,3120.3,40,2,3120.4,301,4,3120.5,27,2
2031,2026-06-16 10:17:56+05:30,3120.0,4,3134.63,890152,107540.0,203281.0,3163.0,3163.0,3115.5,3134.3,31824000,3447.7,2820.9,3839.9,2896.0,3119.6,11,1,3119.4,2,1,3119.0,200,1,3118.8,1,1,3118.7,70,4,3120.0,766,16,3120.2,349,8,3120.3,40,2,3120.4,122,4,3120.5,50,3
2031,2026-06-16 10:17:56+05:30,3119.6,13,3134.63,890152,107540.0,203281.0,3163.0,3163.0,3115.5,3134.3,31824000,3447.7,2820.9,3839.9,2896.0,3119.6,11,1,3119.4,2,1,3119.0,200,1,3118.8,1,1,3118.7,70,4,3120.0,766,16,3120.2,349,8,3120.3,40,2,3120.4,122,4,3120.5,50,3
2031,2026-06-16 10:17:57+05:30,3120.0,1,3134.63,890166,107790.0,202977.0,3163.0,3163.0,3115.5,3134.3,31824000,3447.7,2820.9,3839.9,2896.0,3119.6,19,2,3119.5,10,1,3119.4,2,1,3119.0,200,1,3118.8,59,2,3120.0,753,16,3120.2,130,6,3120.3,59,3,3120.4,282,3,3120.5,27,2
2031,2026-06-16 10:17:57+05:30,3120.0,1,3134.63,890166,107790.0,202977.0,3163.0,3163.0,3115.5,3134.3,31824000,3447.7,2820.9,3839.9,2896.0,3119.6,19,2,3119.5,10,1,3119.4,2,1,3119.0,200,1,3118.8,59,2,3120.0,753,16,3120.2,130,6,3120.3,59,3,3120.4,282,3,3120.5,27,2
2031,2026-06-16 10:17:58+05:30,3120.0,1,3134.63,890166,107613.0,203323.0,3163.0,3163.0,3115.5,3134.3,31824000,3447.7,2820.9,3839.9,2896.0,3119.6,19,2,3119.5,10,1,3119.4,2,1,3119.0,200,1,3118.8,59,2,3120.0,850,18,3120.1,49,2,3120.2,100,5,3120.3,40,2,3120.4,301,4
2031,2026-06-16 10:17:58+05:30,3120.0,20,3134.63,890166,107613.0,203323.0,3163.0,3163.0,3115.5,3134.3,31824000,3447.7,2820.9,3839.9,2896.0,3119.6,19,2,3119.5,10,1,3119.4,2,1,3119.0,200,1,3118.8,59,2,3120.0,850,18,3120.1,49,2,3120.2,100,5,3120.3,40,2,3120.4,301,4
2031,2026-06-16 10:17:59+05:30,3119.6,4,3134.63,890243,107566.0,203557.0,3163.0,3163.0,3115.5,3134.3,31824000,3447.7,2820.9,3839.9,2896.0,3119.6,8,2,3119.5,10,1,3119.4,2,1,3119.0,200,1,3118.8,1,1,3119.9,18,1,3120.0,923,23,3120.1,71,2,3120.2,339,8,3120.3,40,2
2031,2026-06-16 10:17:59+05:30,3119.6,4,3134.63,890243,107566.0,203557.0,3163.0,3163.0,3115.5,3134.3,31824000,3447.7,2820.9,3839.9,2896.0,3119.6,8,2,3119.5,10,1,3119.4,2,1,3119.0,200,1,3118.8,1,1,3119.9,18,1,3120.0,923,23,3120.1,71,2,3120.2,339,8,3120.3,40,2
2031,2026-06-16 10:18:00+05:30,3119.6,4,3134.63,890243,107574.0,203682.0,3163.0,3163.0,3115.5,3134.3,31824000,3447.7,2820.9,3839.9,2896.0,3119.8,2,2,3119.6,20,4,3119.5,10,1,3119.4,2,1,3119.0,200,1,3119.9,9,3,3120.0,949,23,3120.1,17,1,3120.2,122,5,3120.3,231,3
2031,2026-06-16 10:18:00+05:30,3120.0,75,3134.63,890243,107574.0,203682.0,3163.0,3163.0,3115.5,3134.3,31824000,3447.7,2820.9,3839.9,2896.0,3119.8,2,2,3119.6,20,4,3119.5,10,1,3119.4,2,1,3119.0,200,1,3119.9,9,3,3120.0,949,23,3120.1,17,1,3120.2,122,5,3120.3,231,3
2031,2026-06-16 10:18:01+05:30,3119.8,1,3134.62,890347,107414.0,204003.0,3163.0,3163.0,3115.5,3134.3,31824000,3447.7,2820.9,3839.9,2896.0,3119.6,20,4,3119.5,10,1,3119.4,2,1,3119.0,200,1,3118.8,1,1,3119.8,90,5,3119.9,33,3,3120.0,1036,22,3120.1,25,2,3120.2,172,6
2031,2026-06-16 10:18:01+05:30,3119.8,1,3134.62,890347,107414.0,204003.0,3163.0,3163.0,3115.5,3134.3,31824000,3447.7,2820.9,3839.9,2896.0,3119.6,20,4,3119.5,10,1,3119.4,2,1,3119.0,200,1,3118.8,1,1,3119.8,90,5,3119.9,33,3,3120.0,1036,22,3120.1,25,2,3120.2,172,6
2031,2026-06-16 10:18:02+05:30,3119.3,17,3134.62,890347,107414.0,204003.0,3163.0,3163.0,3115.5,3134.3,31824000,3447.7,2820.9,3839.9,2896.0,3119.6,20,4,3119.5,10,1,3119.4,2,1,3119.0,200,1,3118.8,1,1,3119.8,90,5,3119.9,33,3,3120.0,1036,22,3120.1,25,2,3120.2,172,6
2031,2026-06-16 10:18:02+05:30,3119.3,17,3134.61,890991,105606.0,205555.0,3163.0,3163.0,3115.5,3134.3,31824000,3447.7,2820.9,3839.9,2896.0,3118.8,1,1,3118.7,1,1,3118.6,2,1,3118.5,13,1,3118.2,3,1,3119.5,15,1,3119.6,85,4,3119.7,57,2,3119.8,115,7,3119.9,112,5
2031,2026-06-16 10:18:03+05:30,3119.5,1,3134.61,890991,105606.0,205555.0,3163.0,3163.0,3115.5,3134.3,31824000,3447.7,2820.9,3839.9,2896.0,3118.8,1,1,3118.7,1,1,3118.6,2,1,3118.5,13,1,3118.2,3,1,3119.5,15,1,3119.6,85,4,3119.7,57,2,3119.8,115,7,3119.9,112,5
2031,2026-06-16 10:18:03+05:30,3119.5,1,3134.61,890992,106370.0,203067.0,3163.0,3163.0,3115.5,3134.3,31824000,3447.7,2820.9,3839.9,2896.0,3118.8,43,2,3118.7,1,1,3118.6,2,1,3118.5,13,1,3118.2,3,1,3119.5,48,4,3119.6,36,2,3119.7,143,4,3119.8,115,7,3119.9,112,5
2031,2026-06-16 10:18:04+05:30,3119.5,1,3134.61,890992,106370.0,203067.0,3163.0,3163.0,3115.5,3134.3,31824000,3447.7,2820.9,3839.9,2896.0,3118.8,43,2,3118.7,1,1,3118.6,2,1,3118.5,13,1,3118.2,3,1,3119.5,48,4,3119.6,36,2,3119.7,143,4,3119.8,115,7,3119.9,112,5
2031,2026-06-16 10:18:05+05:30,3119.5,1,3134.61,890993,106361.0,205352.0,3163.0,3163.0,3115.5,3134.3,31824000,3447.7,2820.9,3839.9,2896.0,3118.8,43,2,3118.7,1,1,3118.6,2,1,3118.2,45,2,3118.1,215,3,3119.0,200,1,3119.5,77,6,3119.6,36,2,3119.7,143,4,3119.8,120,6
2031,2026-06-16 10:18:05+05:30,3119.0,87,3134.61,890993,106361.0,205352.0,3163.0,3163.0,3115.5,3134.3,31824000,3447.7,2820.9,3839.9,2896.0,3118.8,43,2,3118.7,1,1,3118.6,2,1,3118.2,45,2,3118.1,215,3,3119.0,200,1,3119.5,77,6,3119.6,36,2,3119.7,143,4,3119.8,120,6
2031,2026-06-16 10:18:06+05:30,3119.0,20,3134.61,891124,105520.0,201864.0,3163.0,3163.0,3115.5,3134.3,31824000,3447.7,2820.9,3839.9,2896.0,3118.8,46,2,3118.7,34,3,3118.6,2,1,3118.5,16,1,3118.4,61,4,3119.3,113,1,3119.5,32,3,3119.8,32,1,3119.9,1,1,3120.0,469,10
2031,2026-06-16 10:18:06+05:30,3118.8,3,3134.61,891124,105520.0,201864.0,3163.0,3163.0,3115.5,3134.3,31824000,3447.7,2820.9,3839.9,2896.0,3118.8,46,2,3118.7,34,3,3118.6,2,1,3118.5,16,1,3118.4,61,4,3119.3,113,1,3119.5,32,3,3119.8,32,1,3119.9,1,1,3120.0,469,10
2031,2026-06-16 10:18:07+05:30,3118.8,3,3134.61,891163,104931.0,203484.0,3163.0,3163.0,3115.5,3134.3,31824000,3447.7,2820.9,3839.9,2896.0,3118.7,1,1,3118.6,2,1,3118.4,2,1,3118.2,27,3,3118.1,54,2,3119.3,143,3,3119.4,19,1,3119.5,2,1,3119.6,19,1,3119.7,30,1
2031,2026-06-16 10:18:08+05:30,3118.8,3,3134.61,891163,104931.0,203613.0,3163.0,3163.0,3115.5,3134.3,31824000,3447.7,2820.9,3839.9,2896.0,3118.7,1,1,3118.6,2,1,3118.4,2,1,3118.2,27,3,3118.1,54,2,3119.3,154,5,3119.4,19,1,3119.5,32,2,3119.6,19,1,3119.8,62,2
2031,2026-06-16 10:18:09+05:30,3118.8,3,3134.61,891163,104891.0,203600.0,3163.0,3163.0,3115.5,3134.3,31824000,3447.7,2820.9,3839.9,2896.0,3118.7,1,1,3118.6,2,1,3118.4,2,1,3118.2,27,3,3118.1,221,3,3119.3,154,5,3119.4,19,1,3119.5,32,2,3119.6,19,1,3119.8,62,2
2031,2026-06-16 10:18:09+05:30,3119.3,1,3134.61,891163,104891.0,203600.0,3163.0,3163.0,3115.5,3134.3,31824000,3447.7,2820.9,3839.9,2896.0,3118.7,1,1,3118.6,2,1,3118.4,2,1,3118.2,27,3,3118.1,221,3,3119.3,154,5,3119.4,19,1,3119.5,32,2,3119.6,19,1,3119.8,62,2
2031,2026-06-16 10:18:10+05:30,3119.3,1,3134.61,891165,105334.0,204025.0,3163.0,3163.0,3115.5,3134.3,31824000,3447.7,2820.9,3839.9,2896.0,3119.2,1,1,3118.7,1,1,3118.6,24,2,3118.2,169,2,3118.1,30,1,3119.3,246,7,3119.5,31,2,3119.6,23,1,3119.7,19,1,3119.8,61,2
2031,2026-06-16 10:18:10+05:30,3119.3,1,3134.61,891165,105334.0,204025.0,3163.0,3163.0,3115.5,3134.3,31824000,3447.7,2820.9,3839.9,2896.0,3119.2,1,1,3118.7,1,1,3118.6,24,2,3118.2,169,2,3118.1,30,1,3119.3,246,7,3119.5,31,2,3119.6,23,1,3119.7,19,1,3119.8,61,2
2031,2026-06-16 10:18:11+05:30,3119.2,8,3134.61,891173,105378.0,204000.0,3163.0,3163.0,3115.5,3134.3,31824000,3447.7,2820.9,3839.9,2896.0,3119.2,1,1,3118.7,1,1,3118.6,24,2,3118.2,192,2,3118.1,75,3,3119.3,263,8,3119.5,2,1,3119.7,48,2,3119.8,61,2,3120.0,506,13
2031,2026-06-16 10:18:11+05:30,3119.2,8,3134.61,891173,105378.0,204000.0,3163.0,3163.0,3115.5,3134.3,31824000,3447.7,2820.9,3839.9,2896.0,3119.2,1,1,3118.7,1,1,3118.6,24,2,3118.2,192,2,3118.1,75,3,3119.3,263,8,3119.5,2,1,3119.7,48,2,3119.8,61,2,3120.0,506,13
2031,2026-06-16 10:18:12+05:30,3119.2,8,3134.61,891173,105383.0,204302.0,3163.0,3163.0,3115.5,3134.3,31824000,3447.7,2820.9,3839.9,2896.0,3119.2,1,1,3118.7,1,1,3118.6,24,2,3118.2,192,2,3118.1,75,3,3119.3,263,8,3119.5,2,1,3119.7,48,2,3119.8,61,2,3120.0,603,14
2031,2026-06-16 10:18:12+05:30,3119.2,2,3134.61,891173,105383.0,204302.0,3163.0,3163.0,3115.5,3134.3,31824000,3447.7,2820.9,3839.9,2896.0,3119.2,1,1,3118.7,1,1,3118.6,24,2,3118.2,192,2,3118.1,75,3,3119.3,263,8,3119.5,2,1,3119.7,48,2,3119.8,61,2,3120.0,603,14
2031,2026-06-16 10:18:13+05:30,3119.2,2,3134.61,891175,105464.0,204581.0,3163.0,3163.0,3115.5,3134.3,31824000,3447.7,2820.9,3839.9,2896.0,3118.8,2,1,3118.7,1,1,3118.6,24,2,3118.2,3,1,3118.1,196,2,3119.3,273,9,3119.4,19,1,3119.5,30,2,3119.6,57,2,3119.8,146,4
2031,2026-06-16 10:18:14+05:30,3118.6,1,3134.61,891215,105378.0,203967.0,3163.0,3163.0,3115.5,3134.3,31824000,3447.7,2820.9,3839.9,2896.0,3118.8,25,1,3118.6,1,1,3118.2,3,1,3118.1,86,2,3118.0,500,1,3119.3,273,9,3119.4,10,1,3119.5,1,1,3119.6,38,1,3119.8,165,5
2031,2026-06-16 10:18:14+05:30,3118.6,1,3134.61,891215,105378.0,203967.0,3163.0,3163.0,3115.5,3134.3,31824000,3447.7,2820.9,3839.9,2896.0,3118.8,25,1,3118.6,1,1,3118.2,3,1,3118.1,86,2,3118.0,500,1,3119.3,273,9,3119.4,10,1,3119.5,1,1,3119.6,38,1,3119.8,165,5
2031,2026-06-16 10:18:15+05:30,3119.3,1,3134.61,891216,105357.0,204791.0,3163.0,3163.0,3115.5,3134.3,31824000,3447.7,2820.9,3839.9,2896.0,3119.1,2,2,3118.8,26,2,3118.6,1,1,3118.2,3,1,3118.1,21,1,3119.2,17,1,3119.3,338,13,3119.4,87,4,3119.5,1,1,3119.6,106,4
2031,2026-06-16 10:18:15+05:30,3119.3,1,3134.61,891216,105357.0,204791.0,3163.0,3163.0,3115.5,3134.3,31824000,3447.7,2820.9,3839.9,2896.0,3119.1,2,2,3118.8,26,2,3118.6,1,1,3118.2,3,1,3118.1,21,1,3119.2,17,1,3119.3,338,13,3119.4,87,4,3119.5,1,1,3119.6,106,4
2031,2026-06-16 10:18:16+05:30,3119.3,67,3134.61,891216,105357.0,204791.0,3163.0,3163.0,3115.5,3134.3,31824000,3447.7,2820.9,3839.9,2896.0,3119.1,2,2,3118.8,26,2,3118.6,1,1,3118.2,3,1,3118.1,21,1,3119.2,17,1,3119.3,338,13,3119.4,87,4,3119.5,1,1,3119.6,106,4
2031,2026-06-16 10:18:16+05:30,3119.3,67,3134.6,891467,106039.0,203285.0,3163.0,3163.0,3115.5,3134.3,31824000,3447.7,2820.9,3839.9,2896.0,3119.1,2,2,3118.8,51,3,3118.6,1,1,3118.2,66,2,3118.1,261,3,3119.3,78,7,3119.4,37,2,3119.5,1,1,3119.6,61,3,3119.8,48,2
2031,2026-06-16 10:18:17+05:30,3118.1,107,3134.6,891867,103836.0,203055.0,3163.0,3163.0,3115.5,3134.3,31824000,3447.7,2820.9,3839.9,2896.0,3118.0,500,1,3117.9,2,1,3117.8,68,2,3117.7,17,3,3117.6,41,2,3118.1,200,1,3119.2,14,1,3119.3,59,6,3119.4,83,3,3119.5,1,1
2031,2026-06-16 10:18:17+05:30,3118.1,107,3134.6,891867,103836.0,203055.0,3163.0,3163.0,3115.5,3134.3,31824000,3447.7,2820.9,3839.9,2896.0,3118.0,500,1,3117.9,2,1,3117.8,68,2,3117.7,17,3,3117.6,41,2,3118.1,200,1,3119.2,14,1,3119.3,59,6,3119.4,83,3,3119.5,1,1
2031,2026-06-16 10:18:18+05:30,3118.1,107,3134.6,891867,104081.0,204177.0,3163.0,3163.0,3115.5,3134.3,31824000,3447.7,2820.9,3839.9,2896.0,3118.0,595,2,3117.9,32,3,3117.8,49,2,3117.7,17,3,3117.6,61,3,3118.1,221,2,3119.3,121,6,3119.4,83,3,3119.5,257,3,3119.6,40,2
2031,2026-06-16 10:18:19+05:30,3118.1,1,3134.6,891867,104081.0,204177.0,3163.0,3163.0,3115.5,3134.3,31824000,3447.7,2820.9,3839.9,2896.0,3118.0,595,2,3117.9,32,3,3117.8,49,2,3117.7,17,3,3117.6,61,3,3118.1,221,2,3119.3,121,6,3119.4,83,3,3119.5,257,3,3119.6,40,2
2031,2026-06-16 10:18:19+05:30,3118.1,1,3134.6,891874,104204.0,203970.0,3163.0,3163.0,3115.5,3134.3,31824000,3447.7,2820.9,3839.9,2896.0,3118.0,640,4,3117.9,28,2,3117.8,49,2,3117.7,47,4,3117.6,61,3,3118.1,235,4,3119.3,112,6,3119.4,283,4,3119.5,56,1,3119.6,40,2
2031,2026-06-16 10:18:20+05:30,3118.1,1,3134.6,891874,104204.0,203970.0,3163.0,3163.0,3115.5,3134.3,31824000,3447.7,2820.9,3839.9,2896.0,3118.0,640,4,3117.9,28,2,3117.8,49,2,3117.7,47,4,3117.6,61,3,3118.1,235,4,3119.3,112,6,3119.4,283,4,3119.5,56,1,3119.6,40,2
2031,2026-06-16 10:18:20+05:30,3118.1,1,3134.6,891875,104414.0,204661.0,3163.0,3163.0,3115.5,3134.3,31824000,3447.7,2820.9,3839.9,2896.0,3118.0,638,3,3117.9,28,2,3117.8,7,1,3117.7,59,4,3117.6,26,1,3118.1,234,4,3119.1,27,2,3119.2,200,1,3119.3,73,3,3119.4,86,4
2031,2026-06-16 10:18:21+05:30,3118.1,10,3134.6,891875,104414.0,204661.0,3163.0,3163.0,3115.5,3134.3,31824000,3447.7,2820.9,3839.9,2896.0,3118.0,638,3,3117.9,28,2,3117.8,7,1,3117.7,59,4,3117.6,26,1,3118.1,234,4,3119.1,27,2,3119.2,200,1,3119.3,73,3,3119.4,86,4
2031,2026-06-16 10:18:22+05:30,3118.1,10,3134.6,891924,104360.0,205092.0,3163.0,3163.0,3115.5,3134.3,31824000,3447.7,2820.9,3839.9,2896.0,3118.0,599,3,3117.9,2,1,3117.7,27,3,3117.6,42,1,3117.5,31,1,3118.1,224,4,3119.0,30,1,3119.1,283,4,3119.3,73,3,3119.4,115,5
2031,2026-06-16 10:18:22+05:30,3118.0,200,3134.6,891924,104360.0,205092.0,3163.0,3163.0,3115.5,3134.3,31824000,3447.7,2820.9,3839.9,2896.0,3118.0,599,3,3117.9,2,1,3117.7,27,3,3117.6,42,1,3117.5,31,1,3118.1,224,4,3119.0,30,1,3119.1,283,4,3119.3,73,3,3119.4,115,5
2031,2026-06-16 10:18:22+05:30,3118.0,200,3134.6,891924,104360.0,205092.0,3163.0,3163.0,3115.5,3134.3,31824000,3447.7,2820.9,3839.9,2896.0,3118.0,599,3,3117.9,2,1,3117.7,27,3,3117.6,42,1,3117.5,31,1,3118.1,224,4,3119.0,30,1,3119.1,283,4,3119.3,73,3,3119.4,115,5
2031,2026-06-16 10:18:22+05:30,3118.0,200,3134.58,892528,104450.0,203375.0,3163.0,3163.0,3115.5,3134.3,31824000,3447.7,2820.9,3839.9,2896.0,3118.0,399,3,3117.9,2,1,3117.7,49,4,3117.5,106,3,3117.4,118,4,3119.0,18,1,3119.1,82,4,3119.2,112,4,3119.3,51,5,3119.4,140,4
2031,2026-06-16 10:18:23+05:30,3119.0,1,3134.58,892528,104450.0,203375.0,3163.0,3163.0,3115.5,3134.3,31824000,3447.7,2820.9,3839.9,2896.0,3118.0,399,3,3117.9,2,1,3117.7,49,4,3117.5,106,3,3117.4,118,4,3119.0,18,1,3119.1,82,4,3119.2,112,4,3119.3,51,5,3119.4,140,4
2031,2026-06-16 10:18:23+05:30,3119.0,1,3134.58,892529,104416.0,203836.0,3163.0,3163.0,3115.5,3134.3,31824000,3447.7,2820.9,3839.9,2896.0,3118.0,399,3,3117.9,25,2,3117.7,25,3,3117.5,140,4,3117.4,60,2,3119.0,81,6,3119.1,33,2,3119.2,187,6,3119.3,235,6,3119.4,140,4
2031,2026-06-16 10:18:24+05:30,3119.0,1,3134.58,892529,104416.0,203836.0,3163.0,3163.0,3115.5,3134.3,31824000,3447.7,2820.9,3839.9,2896.0,3118.0,399,3,3117.9,25,2,3117.7,25,3,3117.5,140,4,3117.4,60,2,3119.0,81,6,3119.1,33,2,3119.2,187,6,3119.3,235,6,3119.4,140,4
2031,2026-06-16 10:18:24+05:30,3118.1,2,3134.58,892529,104416.0,203836.0,3163.0,3163.0,3115.5,3134.3,31824000,3447.7,2820.9,3839.9,2896.0,3118.0,399,3,3117.9,25,2,3117.7,25,3,3117.5,140,4,3117.4,60,2,3119.0,81,6,3119.1,33,2,3119.2,187,6,3119.3,235,6,3119.4,140,4
2031,2026-06-16 10:18:25+05:30,3118.1,2,3134.58,892534,104504.0,204135.0,3163.0,3163.0,3115.5,3134.3,31824000,3447.7,2820.9,3839.9,2896.0,3118.1,21,1,3118.0,399,3,3117.9,2,1,3117.7,3,2,3117.6,42,1,3118.8,66,3,3118.9,60,3,3119.0,123,9,3119.2,399,7,3119.3,24,4
2031,2026-06-16 10:18:25+05:30,3118.7,1,3134.58,892534,104504.0,204135.0,3163.0,3163.0,3115.5,3134.3,31824000,3447.7,2820.9,3839.9,2896.0,3118.1,21,1,3118.0,399,3,3117.9,2,1,3117.7,3,2,3117.6,42,1,3118.8,66,3,3118.9,60,3,3119.0,123,9,3119.2,399,7,3119.3,24,4
2031,2026-06-16 10:18:26+05:30,3118.7,1,3134.58,892537,104709.0,204170.0,3163.0,3163.0,3115.5,3134.3,31824000,3447.7,2820.9,3839.9,2896.0,3118.1,78,3,3118.0,462,5,3117.9,25,2,3117.8,20,1,3117.7,25,3,3118.7,17,1,3118.8,40,2,3118.9,36,3,3119.0,27,4,3119.2,321,4
2031,2026-06-16 10:18:26+05:30,3118.7,1,3134.58,892537,104709.0,204170.0,3163.0,3163.0,3115.5,3134.3,31824000,3447.7,2820.9,3839.9,2896.0,3118.1,78,3,3118.0,462,5,3117.9,25,2,3117.8,20,1,3117.7,25,3,3118.7,17,1,3118.8,40,2,3118.9,36,3,3119.0,27,4,3119.2,321,4
2031,2026-06-16 10:18:27+05:30,3118.1,10,3134.58,892547,104705.0,204096.0,3163.0,3163.0,3115.5,3134.3,31824000,3447.7,2820.9,3839.9,2896.0,3118.1,73,4,3118.0,420,4,3117.9,44,2,3117.8,20,1,3117.7,48,4,3118.7,19,2,3118.8,40,2,3118.9,36,3,3119.0,5,2,3119.1,14,1
2031,2026-06-16 10:18:27+05:30,3118.1,10,3134.58,892547,104705.0,204096.0,3163.0,3163.0,3115.5,3134.3,31824000,3447.7,2820.9,3839.9,2896.0,3118.1,73,4,3118.0,420,4,3117.9,44,2,3117.8,20,1,3117.7,48,4,3118.7,19,2,3118.8,40,2,3118.9,36,3,3119.0,5,2,3119.1,14,1
2031,2026-06-16 10:18:27+05:30,3118.1,10,3134.58,892547,104705.0,204096.0,3163.0,3163.0,3115.5,3134.3,31824000,3447.7,2820.9,3839.9,2896.0,3118.1,73,4,3118.0,420,4,3117.9,44,2,3117.8,20,1,3117.7,48,4,3118.7,19,2,3118.8,40,2,3118.9,36,3,3119.0,5,2,3119.1,14,1
2031,2026-06-16 10:18:28+05:30,3118.1,10,3134.58,892547,104526.0,204096.0,3163.0,3163.0,3115.5,3134.3,31824000,3447.7,2820.9,3839.9,2896.0,3118.1,73,4,3118.0,420,4,3117.9,44,2,3117.8,20,1,3117.7,48,4,3118.7,19,2,3118.8,40,2,3118.9,36,3,3119.0,5,2,3119.1,14,1
2031,2026-06-16 10:18:28+05:30,3118.4,8,3134.58,892547,104526.0,204096.0,3163.0,3163.0,3115.5,3134.3,31824000,3447.7,2820.9,3839.9,2896.0,3118.1,73,4,3118.0,420,4,3117.9,44,2,3117.8,20,1,3117.7,48,4,3118.7,19,2,3118.8,40,2,3118.9,36,3,3119.0,5,2,3119.1,14,1
2031,2026-06-16 10:18:29+05:30,3118.4,8,3134.58,892594,104668.0,204509.0,3163.0,3163.0,3115.5,3134.3,31824000,3447.7,2820.9,3839.9,2896.0,3118.4,16,1,3118.1,184,4,3118.0,420,4,3117.9,2,1,3117.7,3,2,3118.7,49,3,3118.8,59,3,3118.9,103,5,3119.0,26,3,3119.1,26,1
2031,2026-06-16 10:18:29+05:30,3118.4,8,3134.58,892594,104668.0,204509.0,3163.0,3163.0,3115.5,3134.3,31824000,3447.7,2820.9,3839.9,2896.0,3118.4,16,1,3118.1,184,4,3118.0,420,4,3117.9,2,1,3117.7,3,2,3118.7,49,3,3118.8,59,3,3118.9,103,5,3119.0,26,3,3119.1,26,1
2031,2026-06-16 10:18:29+05:30,3118.7,1,3134.58,892594,104668.0,204509.0,3163.0,3163.0,3115.5,3134.3,31824000,3447.7,2820.9,3839.9,2896.0,3118.4,16,1,3118.1,184,4,3118.0,420,4,3117.9,2,1,3117.7,3,2,3118.7,49,3,3118.8,59,3,3118.9,103,5,3119.0,26,3,3119.1,26,1
2031,2026-06-16 10:18:30+05:30,3118.6,1,3134.58,892604,104932.0,204312.0,3163.0,3163.0,3115.5,3134.3,31824000,3447.7,2820.9,3839.9,2896.0,3118.6,2,2,3118.4,53,3,3118.2,26,1,3118.1,226,5,3118.0,446,5,3118.7,32,3,3118.9,19,2,3119.0,5,2,3119.3,38,3,3119.4,320,4
2031,2026-06-16 10:18:30+05:30,3118.6,1,3134.58,892604,104932.0,204312.0,3163.0,3163.0,3115.5,3134.3,31824000,3447.7,2820.9,3839.9,2896.0,3118.6,2,2,3118.4,53,3,3118.2,26,1,3118.1,226,5,3118.0,446,5,3118.7,32,3,3118.9,19,2,3119.0,5,2,3119.3,38,3,3119.4,320,4
2031,2026-06-16 10:18:31+05:30,3118.6,1,3134.58,892604,104932.0,204312.0,3163.0,3163.0,3115.5,3134.3,31824000,3447.7,2820.9,3839.9,2896.0,3118.6,2,2,3118.4,53,3,3118.2,26,1,3118.1,226,5,3118.0,446,5,3118.7,32,3,3118.9,19,2,3119.0,5,2,3119.3,38,3,3119.4,320,4
2031,2026-06-16 10:18:31+05:30,3118.7,4,3134.58,892698,105949.0,203314.0,3163.0,3163.0,3115.5,3134.3,31824000,3447.7,2820.9,3839.9,2896.0,3118.7,1,1,3118.6,90,5,3118.5,28,2,3118.4,79,4,3118.2,126,5,3118.9,5,1,3119.0,5,2,3119.3,7,2,3119.7,13,1,3119.8,235,4
2031,2026-06-16 10:18:31+05:30,3117.8,16,3134.58,892698,105949.0,203314.0,3163.0,3163.0,3115.5,3134.3,31824000,3447.7,2820.9,3839.9,2896.0,3118.7,1,1,3118.6,90,5,3118.5,28,2,3118.4,79,4,3118.2,126,5,3118.9,5,1,3119.0,5,2,3119.3,7,2,3119.7,13,1,3119.8,235,4
2031,2026-06-16 10:18:32+05:30,3117.8,16,3134.58,892698,105949.0,203314.0,3163.0,3163.0,3115.5,3134.3,31824000,3447.7,2820.9,3839.9,2896.0,3118.7,1,1,3118.6,90,5,3118.5,28,2,3118.4,79,4,3118.2,126,5,3118.9,5,1,3119.0,5,2,3119.3,7,2,3119.7,13,1,3119.8,235,4
2031,2026-06-16 10:18:32+05:30,3116.4,1,3134.54,894914,101796.0,203408.0,3163.0,3163.0,3115.5,3134.3,31824000,3447.7,2820.9,3839.9,2896.0,3117.3,18,1,3116.4,58,4,3116.3,80,3,3116.2,78,3,3116.1,216,6,3117.9,156,4,3118.0,14,1,3118.1,15,1,3118.2,35,2,3118.3,237,3
2031,2026-06-16 10:18:32+05:30,3116.4,1,3134.54,894914,101796.0,203408.0,3163.0,3163.0,3115.5,3134.3,31824000,3447.7,2820.9,3839.9,2896.0,3117.3,18,1,3116.4,58,4,3116.3,80,3,3116.2,78,3,3116.1,216,6,3117.9,156,4,3118.0,14,1,3118.1,15,1,3118.2,35,2,3118.3,237,3
2031,2026-06-16 10:18:33+05:30,3116.4,1,3134.54,894914,101796.0,203408.0,3163.0,3163.0,3115.5,3134.3,31824000,3447.7,2820.9,3839.9,2896.0,3117.3,18,1,3116.4,58,4,3116.3,80,3,3116.2,78,3,3116.1,216,6,3117.9,156,4,3118.0,14,1,3118.1,15,1,3118.2,35,2,3118.3,237,3
2031,2026-06-16 10:18:33+05:30,3116.4,1,3134.54,894914,102723.0,204913.0,3163.0,3163.0,3115.5,3134.3,31824000,3447.7,2820.9,3839.9,2896.0,3117.4,18,1,3117.3,44,1,3116.7,47,2,3116.5,40,2,3116.4,103,6,3117.9,137,3,3118.0,16,2,3118.1,45,2,3118.2,16,1,3118.3,260,3
2031,2026-06-16 10:18:34+05:30,3116.4,1,3134.54,894914,102723.0,204913.0,3163.0,3163.0,3115.5,3134.3,31824000,3447.7,2820.9,3839.9,2896.0,3117.4,18,1,3117.3,44,1,3116.7,47,2,3116.5,40,2,3116.4,103,6,3117.9,137,3,3118.0,16,2,3118.1,45,2,3118.2,16,1,3118.3,260,3
2031,2026-06-16 10:18:34+05:30,3116.4,1,3134.54,894914,102686.0,205093.0,3163.0,3163.0,3115.5,3134.3,31824000,3447.7,2820.9,3839.9,2896.0,3117.4,18,1,3117.3,44,1,3117.2,12,1,3117.0,5,1,3116.9,26,1,3117.9,137,3,3118.0,16,2,3118.1,15,1,3118.2,16,1,3118.3,260,3
2031,2026-06-16 10:18:35+05:30,3116.4,1,3134.54,894914,102686.0,205093.0,3163.0,3163.0,3115.5,3134.3,31824000,3447.7,2820.9,3839.9,2896.0,3117.4,18,1,3117.3,44,1,3117.2,12,1,3117.0,5,1,3116.9,26,1,3117.9,137,3,3118.0,16,2,3118.1,15,1,3118.2,16,1,3118.3,260,3
2031,2026-06-16 10:18:35+05:30,3117.9,63,3134.54,894914,102686.0,205093.0,3163.0,3163.0,3115.5,3134.3,31824000,3447.7,2820.9,3839.9,2896.0,3117.4,18,1,3117.3,44,1,3117.2,12,1,3117.0,5,1,3116.9,26,1,3117.9,137,3,3118.0,16,2,3118.1,15,1,3118.2,16,1,3118.3,260,3
2031,2026-06-16 10:18:35+05:30,3117.9,63,3134.54,894996,103468.0,204920.0,3163.0,3163.0,3115.5,3134.3,31824000,3447.7,2820.9,3839.9,2896.0,3117.5,12,1,3117.4,41,1,3117.3,44,1,3117.2,12,1,3117.1,26,1,3117.9,102,6,3118.0,16,2,3118.1,15,1,3118.2,16,1,3118.3,204,2
2031,2026-06-16 10:18:36+05:30,3117.9,63,3134.54,894996,103468.0,204920.0,3163.0,3163.0,3115.5,3134.3,31824000,3447.7,2820.9,3839.9,2896.0,3117.5,12,1,3117.4,41,1,3117.3,44,1,3117.2,12,1,3117.1,26,1,3117.9,102,6,3118.0,16,2,3118.1,15,1,3118.2,16,1,3118.3,204,2
2031,2026-06-16 10:18:36+05:30,3117.2,21,3134.54,894996,103468.0,204920.0,3163.0,3163.0,3115.5,3134.3,31824000,3447.7,2820.9,3839.9,2896.0,3117.5,12,1,3117.4,41,1,3117.3,44,1,3117.2,12,1,3117.1,26,1,3117.9,102,6,3118.0,16,2,3118.1,15,1,3118.2,16,1,3118.3,204,2
2031,2026-06-16 10:18:36+05:30,3117.2,21,3134.53,895263,102194.0,204542.0,3163.0,3163.0,3115.5,3134.3,31824000,3447.7,2820.9,3839.9,2896.0,3117.2,2,1,3116.6,168,2,3116.5,71,3,3116.4,114,6,3116.3,52,3,3117.9,57,4,3118.0,12,2,3118.1,31,1,3118.2,64,3,3118.3,259,3
2031,2026-06-16 10:18:37+05:30,3117.2,21,3134.53,895263,102194.0,204542.0,3163.0,3163.0,3115.5,3134.3,31824000,3447.7,2820.9,3839.9,2896.0,3117.2,2,1,3116.6,168,2,3116.5,71,3,3116.4,114,6,3116.3,52,3,3117.9,57,4,3118.0,12,2,3118.1,31,1,3118.2,64,3,3118.3,259,3
2031,2026-06-16 10:18:37+05:30,3117.9,5,3134.53,895263,102194.0,204542.0,3163.0,3163.0,3115.5,3134.3,31824000,3447.7,2820.9,3839.9,2896.0,3117.2,2,1,3116.6,168,2,3116.5,71,3,3116.4,114,6,3116.3,52,3,3117.9,57,4,3118.0,12,2,3118.1,31,1,3118.2,64,3,3118.3,259,3
2031,2026-06-16 10:18:37+05:30,3117.9,5,3134.53,895283,102389.0,204259.0,3163.0,3163.0,3115.5,3134.3,31824000,3447.7,2820.9,3839.9,2896.0,3117.2,2,1,3117.0,21,1,3116.6,215,3,3116.5,71,3,3116.4,129,5,3117.9,51,3,3118.0,12,2,3118.2,33,1,3118.3,259,3,3118.4,67,2
2031,2026-06-16 10:18:38+05:30,3117.9,5,3134.53,895283,102389.0,204259.0,3163.0,3163.0,3115.5,3134.3,31824000,3447.7,2820.9,3839.9,2896.0,3117.2,2,1,3117.0,21,1,3116.6,215,3,3116.5,71,3,3116.4,129,5,3117.9,51,3,3118.0,12,2,3118.2,33,1,3118.3,259,3,3118.4,67,2
2031,2026-06-16 10:18:38+05:30,3117.0,1,3134.53,895283,102389.0,204259.0,3163.0,3163.0,3115.5,3134.3,31824000,3447.7,2820.9,3839.9,2896.0,3117.2,2,1,3117.0,21,1,3116.6,215,3,3116.5,71,3,3116.4,129,5,3117.9,51,3,3118.0,12,2,3118.2,33,1,3118.3,259,3,3118.4,67,2
2031,2026-06-16 10:18:39+05:30,3117.0,20,3134.53,895306,102510.0,204807.0,3163.0,3163.0,3115.5,3134.3,31824000,3447.7,2820.9,3839.9,2896.0,3117.0,21,1,3116.8,91,3,3116.7,67,2,3116.5,71,3,3116.4,113,5,3117.9,51,3,3118.0,2,1,3118.2,47,2,3118.3,259,3,3118.4,67,2
2031,2026-06-16 10:18:39+05:30,3117.0,20,3134.53,895306,102510.0,204807.0,3163.0,3163.0,3115.5,3134.3,31824000,3447.7,2820.9,3839.9,2896.0,3117.0,21,1,3116.8,91,3,3116.7,67,2,3116.5,71,3,3116.4,113,5,3117.9,51,3,3118.0,2,1,3118.2,47,2,3118.3,259,3,3118.4,67,2
2031,2026-06-16 10:18:39+05:30,3117.0,20,3134.53,895306,102510.0,204807.0,3163.0,3163.0,3115.5,3134.3,31824000,3447.7,2820.9,3839.9,2896.0,3117.0,21,1,3116.8,91,3,3116.7,67,2,3116.5,71,3,3116.4,113,5,3117.9,51,3,3118.0,2,1,3118.2,47,2,3118.3,259,3,3118.4,67,2
2031,2026-06-16 10:18:40+05:30,3117.0,20,3134.53,895306,102548.0,204812.0,3163.0,3163.0,3115.5,3134.3,31824000,3447.7,2820.9,3839.9,2896.0,3117.0,21,1,3116.8,110,4,3116.7,48,1,3116.6,19,1,3116.5,249,4,3117.9,51,3,3118.0,1,1,3118.2,33,1,3118.3,259,3,3118.4,48,1
2031,2026-06-16 10:18:40+05:30,3117.0,20,3134.53,895306,102548.0,204812.0,3163.0,3163.0,3115.5,3134.3,31822000,3447.7,2820.9,3839.9,2896.0,3117.0,21,1,3116.8,110,4,3116.7,48,1,3116.6,19,1,3116.5,249,4,3117.9,51,3,3118.0,1,1,3118.2,33,1,3118.3,259,3,3118.4,48,1
2031,2026-06-16 10:18:40+05:30,3116.8,166,3134.53,895306,102548.0,204812.0,3163.0,3163.0,3115.5,3134.3,31822000,3447.7,2820.9,3839.9,2896.0,3117.0,21,1,3116.8,110,4,3116.7,48,1,3116.6,19,1,3116.5,249,4,3117.9,51,3,3118.0,1,1,3118.2,33,1,3118.3,259,3,3118.4,48,1
2031,2026-06-16 10:18:41+05:30,3116.0,3,3134.52,895999,100278.0,207171.0,3163.0,3163.0,3115.5,3134.3,31822000,3447.7,2820.9,3839.9,2896.0,3116.0,296,10,3115.8,8,1,3115.7,21,1,3115.6,5,2,3115.5,24,2,3117.0,234,3,3117.3,89,2,3117.4,61,4,3117.5,77,3,3117.6,51,2
2031,2026-06-16 10:18:41+05:30,3117.0,1,3134.52,895999,100278.0,207171.0,3163.0,3163.0,3115.5,3134.3,31822000,3447.7,2820.9,3839.9,2896.0,3116.0,296,10,3115.8,8,1,3115.7,21,1,3115.6,5,2,3115.5,24,2,3117.0,234,3,3117.3,89,2,3117.4,61,4,3117.5,77,3,3117.6,51,2
2031,2026-06-16 10:18:42+05:30,3117.0,1,3134.51,896234,101711.0,206092.0,3163.0,3163.0,3115.5,3134.3,31822000,3447.7,2820.9,3839.9,2896.0,3116.7,13,2,3116.5,40,3,3116.4,53,2,3116.3,33,4,3116.2,51,4,3116.9,200,1,3117.0,21,2,3117.8,14,1,3117.9,106,3,3118.0,74,4
2031,2026-06-16 10:18:42+05:30,3116.9,10,3134.51,896234,101711.0,206092.0,3163.0,3163.0,3115.5,3134.3,31822000,3447.7,2820.9,3839.9,2896.0,3116.7,13,2,3116.5,40,3,3116.4,53,2,3116.3,33,4,3116.2,51,4,3116.9,200,1,3117.0,21,2,3117.8,14,1,3117.9,106,3,3118.0,74,4
2031,2026-06-16 10:18:43+05:30,3116.9,10,3134.51,896297,101743.0,206389.0,3163.0,3163.0,3115.5,3134.3,31822000,3447.7,2820.9,3839.9,2896.0,3116.3,14,1,3116.1,210,2,3116.0,393,13,3115.9,40,2,3115.8,120,5,3116.9,180,2,3117.0,20,1,3117.5,16,1,3117.6,85,2,3117.7,102,3
2031,2026-06-16 10:18:43+05:30,3116.9,10,3134.51,896297,101743.0,206389.0,3163.0,3163.0,3115.5,3134.3,31822000,3447.7,2820.9,3839.9,2896.0,3116.3,14,1,3116.1,210,2,3116.0,393,13,3115.9,40,2,3115.8,120,5,3116.9,180,2,3117.0,20,1,3117.5,16,1,3117.6,85,2,3117.7,102,3
2031,2026-06-16 10:18:44+05:30,3116.9,18,3134.51,896315,101552.0,205956.0,3163.0,3163.0,3115.5,3134.3,31822000,3447.7,2820.9,3839.9,2896.0,3116.4,25,2,3116.3,68,3,3116.2,26,1,3116.1,26,1,3116.0,366,12,3116.9,182,3,3117.4,50,1,3117.5,16,1,3117.6,85,2,3117.7,26,1
2031,2026-06-16 10:18:44+05:30,3116.9,100,3134.51,896315,101552.0,205956.0,3163.0,3163.0,3115.5,3134.3,31822000,3447.7,2820.9,3839.9,2896.0,3116.4,25,2,3116.3,68,3,3116.2,26,1,3116.1,26,1,3116.0,366,12,3116.9,182,3,3117.4,50,1,3117.5,16,1,3117.6,85,2,3117.7,26,1
2031,2026-06-16 10:18:45+05:30,3116.9,50,3134.51,896465,101545.0,205755.0,3163.0,3163.0,3115.5,3134.3,31822000,3447.7,2820.9,3839.9,2896.0,3116.4,74,5,3116.3,91,4,3116.2,26,1,3116.1,26,1,3116.0,419,14,3116.9,32,3,3117.4,50,1,3117.5,16,1,3117.6,29,1,3117.7,26,1
2031,2026-06-16 10:18:45+05:30,3116.9,10,3134.51,896465,101545.0,205755.0,3163.0,3163.0,3115.5,3134.3,31822000,3447.7,2820.9,3839.9,2896.0,3116.4,74,5,3116.3,91,4,3116.2,26,1,3116.1,26,1,3116.0,419,14,3116.9,32,3,3117.4,50,1,3117.5,16,1,3117.6,29,1,3117.7,26,1
2031,2026-06-16 10:18:46+05:30,3116.4,15,3134.51,896636,102047.0,205964.0,3163.0,3163.0,3115.5,3134.3,31822000,3447.7,2820.9,3839.9,2896.0,3116.4,24,2,3116.3,60,2,3116.0,392,13,3115.9,40,2,3115.8,33,2,3116.9,9,1,3117.2,41,1,3117.3,200,1,3117.6,41,1,3117.7,34,1
2031,2026-06-16 10:18:46+05:30,3116.4,15,3134.51,896636,102047.0,205964.0,3163.0,3163.0,3115.5,3134.3,31822000,3447.7,2820.9,3839.9,2896.0,3116.4,24,2,3116.3,60,2,3116.0,392,13,3115.9,40,2,3115.8,33,2,3116.9,9,1,3117.2,41,1,3117.3,200,1,3117.6,41,1,3117.7,34,1
2031,2026-06-16 10:18:47+05:30,3116.9,1,3134.51,896639,102024.0,205815.0,3163.0,3163.0,3115.5,3134.3,31822000,3447.7,2820.9,3839.9,2896.0,3116.5,17,1,3116.4,50,3,3116.3,60,2,3116.1,203,2,3116.0,366,12,3116.9,12,2,3117.2,41,1,3117.3,200,1,3117.6,97,2,3117.7,34,1
2031,2026-06-16 10:18:47+05:30,3116.9,1,3134.51,896639,102024.0,205815.0,3163.0,3163.0,3115.5,3134.3,31822000,3447.7,2820.9,3839.9,2896.0,3116.5,17,1,3116.4,50,3,3116.3,60,2,3116.1,203,2,3116.0,366,12,3116.9,12,2,3117.2,41,1,3117.3,200,1,3117.6,97,2,3117.7,34,1
2031,2026-06-16 10:18:48+05:30,3116.9,1,3134.5,896723,102037.0,205566.0,3163.0,3163.0,3115.5,3134.3,31822000,3447.7,2820.9,3839.9,2896.0,3116.5,43,3,3116.4,41,3,3116.3,60,2,3116.1,190,3,3116.0,408,13,3116.9,74,2,3117.3,200,1,3117.6,56,1,3117.8,88,2,3117.9,22,2
2031,2026-06-16 10:18:48+05:30,3116.9,1,3134.5,896723,102037.0,205566.0,3163.0,3163.0,3115.5,3134.3,31822000,3447.7,2820.9,3839.9,2896.0,3116.5,43,3,3116.4,41,3,3116.3,60,2,3116.1,190,3,3116.0,408,13,3116.9,74,2,3117.3,200,1,3117.6,56,1,3117.8,88,2,3117.9,22,2
2031,2026-06-16 10:18:49+05:30,3116.9,1,3134.5,896725,102157.0,205766.0,3163.0,3163.0,3115.5,3134.3,31822000,3447.7,2820.9,3839.9,2896.0,3116.5,107,5,3116.4,66,4,3116.3,56,2,3116.1,184,2,3116.0,428,15,3116.9,83,3,3117.3,200,1,3117.6,56,1,3117.8,88,2,3117.9,22,2
2031,2026-06-16 10:18:49+05:30,3116.9,80,3134.5,896725,102157.0,205766.0,3163.0,3163.0,3115.5,3134.3,31822000,3447.7,2820.9,3839.9,2896.0,3116.5,107,5,3116.4,66,4,3116.3,56,2,3116.1,184,2,3116.0,428,15,3116.9,83,3,3117.3,200,1,3117.6,56,1,3117.8,88,2,3117.9,22,2
2031,2026-06-16 10:18:50+05:30,3117.2,1,3134.5,896970,102456.0,206022.0,3163.0,3163.0,3115.5,3134.3,31822000,3447.7,2820.9,3839.9,2896.0,3116.8,46,4,3116.7,75,4,3116.6,54,3,3116.5,91,4,3116.4,107,7,3117.3,200,1,3117.8,88,2,3117.9,3,1,3118.0,91,4,3118.2,36,2
2031,2026-06-16 10:18:50+05:30,3117.1,5,3134.5,896970,102456.0,206022.0,3163.0,3163.0,3115.5,3134.3,31822000,3447.7,2820.9,3839.9,2896.0,3116.8,46,4,3116.7,75,4,3116.6,54,3,3116.5,91,4,3116.4,107,7,3117.3,200,1,3117.8,88,2,3117.9,3,1,3118.0,91,4,3118.2,36,2
2031,2026-06-16 10:18:51+05:30,3117.0,10,3134.49,897623,103237.0,204079.0,3163.0,3163.0,3115.5,3134.3,31822000,3447.7,2820.9,3839.9,2896.0,3117.0,58,3,3116.9,204,3,3116.8,109,5,3116.7,91,3,3116.6,72,5,3117.7,200,1,3117.9,2,1,3118.0,30,2,3118.1,32,1,3118.6,95,3
2031,2026-06-16 10:18:51+05:30,3117.0,10,3134.49,897623,103237.0,204079.0,3163.0,3163.0,3115.5,3134.3,31822000,3447.7,2820.9,3839.9,2896.0,3117.0,58,3,3116.9,204,3,3116.8,109,5,3116.7,91,3,3116.6,72,5,3117.7,200,1,3117.9,2,1,3118.0,30,2,3118.1,32,1,3118.6,95,3
2031,2026-06-16 10:18:52+05:30,3117.7,1,3134.49,897624,103242.0,204886.0,3163.0,3163.0,3115.5,3134.3,31822000,3447.7,2820.9,3839.9,2896.0,3117.3,21,1,3117.0,33,2,3116.9,27,2,3116.8,102,4,3116.7,78,3,3117.7,199,1,3117.9,2,1,3118.0,30,2,3118.1,32,1,3118.5,42,1
2031,2026-06-16 10:18:52+05:30,3117.7,1,3134.49,897624,103242.0,204886.0,3163.0,3163.0,3115.5,3134.3,31822000,3447.7,2820.9,3839.9,2896.0,3117.3,21,1,3117.0,33,2,3116.9,27,2,3116.8,102,4,3116.7,78,3,3117.7,199,1,3117.9,2,1,3118.0,30,2,3118.1,32,1,3118.5,42,1
2031,2026-06-16 10:18:53+05:30,3117.7,1,3134.49,897624,103306.0,204928.0,3163.0,3163.0,3115.5,3134.3,31822000,3447.7,2820.9,3839.9,2896.0,3117.3,100,2,3117.0,17,1,3116.9,10,1,3116.8,74,2,3116.7,23,1,3117.7,219,2,3117.9,2,1,3118.0,60,3,3118.1,32,1,3118.3,69,2
2031,2026-06-16 10:18:53+05:30,3116.8,43,3134.49,897624,103306.0,204928.0,3163.0,3163.0,3115.5,3134.3,31822000,3447.7,2820.9,3839.9,2896.0,3117.3,100,2,3117.0,17,1,3116.9,10,1,3116.8,74,2,3116.7,23,1,3117.7,219,2,3117.9,2,1,3118.0,60,3,3118.1,32,1,3118.3,69,2
2031,2026-06-16 10:18:54+05:30,3116.8,43,3134.48,898110,102388.0,205401.0,3163.0,3163.0,3115.5,3134.3,31822000,3447.7,2820.9,3839.9,2896.0,3116.8,5,1,3116.7,25,1,3116.6,26,1,3116.4,1,1,3116.3,22,1,3117.3,114,1,3117.4,38,1,3117.7,275,3,3117.9,44,2,3118.0,125,5
2031,2026-06-16 10:18:55+05:30,3117.3,100,3134.48,898219,102422.0,204711.0,3163.0,3163.0,3115.5,3134.3,31822000,3447.7,2820.9,3839.9,2896.0,3116.8,5,1,3116.7,51,2,3116.4,26,1,3116.3,41,2,3116.1,292,6,3117.3,5,1,3117.7,275,3,3117.9,2,1,3118.0,125,5,3118.1,60,2
2031,2026-06-16 10:18:55+05:30,3117.3,1,3134.48,898219,102422.0,204711.0,3163.0,3163.0,3115.5,3134.3,31822000,3447.7,2820.9,3839.9,2896.0,3116.8,5,1,3116.7,51,2,3116.4,26,1,3116.3,41,2,3116.1,292,6,3117.3,5,1,3117.7,275,3,3117.9,2,1,3118.0,125,5,3118.1,60,2
2031,2026-06-16 10:18:56+05:30,3117.3,1,3134.48,898220,102460.0,204038.0,3163.0,3163.0,3115.5,3134.3,31822000,3447.7,2820.9,3839.9,2896.0,3116.8,26,3,3116.7,25,1,3116.6,16,1,3116.5,22,2,3116.4,26,1,3117.3,4,1,3117.7,219,2,3117.9,2,1,3118.0,106,4,3118.1,32,1
2031,2026-06-16 10:18:57+05:30,3117.3,1,3134.48,898220,102372.0,204881.0,3163.0,3163.0,3115.5,3134.3,31822000,3447.7,2820.9,3839.9,2896.0,3117.0,25,1,3116.8,43,4,3116.6,16,1,3116.5,40,3,3116.4,26,1,3117.3,5,2,3117.7,219,2,3118.0,106,4,3118.1,60,2,3118.2,19,1
2031,2026-06-16 10:18:57+05:30,3117.0,1,3134.48,898220,102372.0,204881.0,3163.0,3163.0,3115.5,3134.3,31822000,3447.7,2820.9,3839.9,2896.0,3117.0,25,1,3116.8,43,4,3116.6,16,1,3116.5,40,3,3116.4,26,1,3117.3,5,2,3117.7,219,2,3118.0,106,4,3118.1,60,2,3118.2,19,1
2031,2026-06-16 10:18:58+05:30,3117.0,39,3134.47,898464,102096.0,205188.0,3163.0,3163.0,3115.5,3134.3,31822000,3447.7,2820.9,3839.9,2896.0,3117.0,5,1,3116.8,19,2,3116.5,10,1,3116.3,26,3,3116.1,84,5,3117.3,1,1,3117.5,28,1,3117.6,61,2,3117.7,275,3,3117.8,99,3
2031,2026-06-16 10:18:58+05:30,3117.0,39,3134.47,898464,102096.0,205188.0,3163.0,3163.0,3115.5,3134.3,31822000,3447.7,2820.9,3839.9,2896.0,3117.0,5,1,3116.8,19,2,3116.5,10,1,3116.3,26,3,3116.1,84,5,3117.3,1,1,3117.5,28,1,3117.6,61,2,3117.7,275,3,3117.8,99,3
2031,2026-06-16 10:18:59+05:30,3117.3,1,3134.47,898465,102125.0,205829.0,3163.0,3163.0,3115.5,3134.3,31822000,3447.7,2820.9,3839.9,2896.0,3117.0,5,1,3116.8,19,2,3116.5,10,1,3116.4,20,2,3116.3,26,3,3117.3,2,2,3117.5,28,1,3117.6,61,2,3117.7,275,3,3117.8,99,3
2031,2026-06-16 10:18:59+05:30,3117.3,1,3134.47,898465,102125.0,205829.0,3163.0,3163.0,3115.5,3134.3,31822000,3447.7,2820.9,3839.9,2896.0,3117.0,5,1,3116.8,19,2,3116.5,10,1,3116.4,20,2,3116.3,26,3,3117.3,2,2,3117.5,28,1,3117.6,61,2,3117.7,275,3,3117.8,99,3
2031,2026-06-16 10:19:00+05:30,3117.3,32,3134.47,898507,102649.0,205409.0,3163.0,3163.0,3115.5,3134.3,31822000,3447.7,2820.9,3839.9,2896.0,3117.3,18,1,3117.2,2,2,3117.0,23,4,3116.8,31,3,3116.6,26,1,3117.5,3,1,3117.7,219,2,3117.8,38,1,3118.0,60,3,3118.1,65,2
2031,2026-06-16 10:19:00+05:30,3117.3,32,3134.47,898507,102649.0,205409.0,3163.0,3163.0,3115.5,3134.3,31822000,3447.7,2820.9,3839.9,2896.0,3117.3,18,1,3117.2,2,2,3117.0,23,4,3116.8,31,3,3116.6,26,1,3117.5,3,1,3117.7,219,2,3117.8,38,1,3118.0,60,3,3118.1,65,2
2031,2026-06-16 10:19:01+05:30,3117.5,3,3134.47,898510,102475.0,205767.0,3163.0,3163.0,3115.5,3134.3,31822000,3447.7,2820.9,3839.9,2896.0,3117.3,18,1,3117.2,2,2,3117.0,23,4,3116.8,31,3,3116.7,23,1,3117.5,5,2,3117.7,219,2,3117.8,94,2,3117.9,19,1,3118.0,109,3
2031,2026-06-16 10:19:01+05:30,3117.5,3,3134.47,898510,102475.0,205767.0,3163.0,3163.0,3115.5,3134.3,31822000,3447.7,2820.9,3839.9,2896.0,3117.3,18,1,3117.2,2,2,3117.0,23,4,3116.8,31,3,3116.7,23,1,3117.5,5,2,3117.7,219,2,3117.8,94,2,3117.9,19,1,3118.0,109,3
2031,2026-06-16 10:19:02+05:30,3117.5,1,3134.47,898511,102554.0,205670.0,3163.0,3163.0,3115.5,3134.3,31822000,3447.7,2820.9,3839.9,2896.0,3117.3,18,1,3117.2,2,2,3117.0,63,6,3116.8,17,2,3116.5,10,1,3117.5,5,3,3117.7,219,2,3117.8,94,2,3118.0,109,3,3118.1,133,4
2031,2026-06-16 10:19:02+05:30,3117.5,1,3134.47,898511,102554.0,205670.0,3163.0,3163.0,3115.5,3134.3,31822000,3447.7,2820.9,3839.9,2896.0,3117.3,18,1,3117.2,2,2,3117.0,63,6,3116.8,17,2,3116.5,10,1,3117.5,5,3,3117.7,219,2,3117.8,94,2,3118.0,109,3,3118.1,133,4
2031,2026-06-16 10:19:03+05:30,3117.0,4,3134.47,898538,102543.0,205161.0,3163.0,3163.0,3115.5,3134.3,31822000,3447.7,2820.9,3839.9,2896.0,3117.0,55,6,3116.8,31,3,3116.5,36,2,3116.4,233,3,3116.3,26,3,3117.5,15,3,3117.7,219,2,3117.8,94,2,3117.9,19,1,3118.0,135,4
2031,2026-06-16 10:19:03+05:30,3117.0,4,3134.47,898538,102543.0,205161.0,3163.0,3163.0,3115.5,3134.3,31822000,3447.7,2820.9,3839.9,2896.0,3117.0,55,6,3116.8,31,3,3116.5,36,2,3116.4,233,3,3116.3,26,3,3117.5,15,3,3117.7,219,2,3117.8,94,2,3117.9,19,1,3118.0,135,4
2031,2026-06-16 10:19:04+05:30,3117.5,5,3134.47,898558,102838.0,204715.0,3163.0,3163.0,3115.5,3134.3,31822000,3447.7,2820.9,3839.9,2896.0,3117.0,92,7,3116.8,39,3,3116.7,25,1,3116.5,29,2,3116.4,278,4,3117.5,18,4,3117.7,219,2,3118.0,109,3,3118.1,65,2,3118.2,95,3
2031,2026-06-16 10:19:04+05:30,3117.5,5,3134.47,898558,102838.0,204715.0,3163.0,3163.0,3115.5,3134.3,31822000,3447.7,2820.9,3839.9,2896.0,3117.0,92,7,3116.8,39,3,3116.7,25,1,3116.5,29,2,3116.4,278,4,3117.5,18,4,3117.7,219,2,3118.0,109,3,3118.1,65,2,3118.2,95,3
2031,2026-06-16 10:19:05+05:30,3117.0,8,3134.47,898566,102833.0,204719.0,3163.0,3163.0,3115.5,3134.3,31822000,3447.7,2820.9,3839.9,2896.0,3117.0,99,8,3116.8,28,3,3116.5,36,2,3116.4,210,2,3116.3,68,4,3117.5,14,4,3117.7,219,2,3118.0,109,3,3118.1,65,2,3118.2,137,4
2031,2026-06-16 10:19:05+05:30,3117.0,8,3134.47,898566,102833.0,204719.0,3163.0,3163.0,3115.5,3134.3,31822000,3447.7,2820.9,3839.9,2896.0,3117.0,99,8,3116.8,28,3,3116.5,36,2,3116.4,210,2,3116.3,68,4,3117.5,14,4,3117.7,219,2,3118.0,109,3,3118.1,65,2,3118.2,137,4
2031,2026-06-16 10:19:06+05:30,3117.0,8,3134.47,898566,102821.0,204879.0,3163.0,3163.0,3115.5,3134.3,31822000,3447.7,2820.9,3839.9,2896.0,3117.0,112,9,3116.8,13,2,3116.5,10,1,3116.4,225,3,3116.3,68,4,3117.5,14,4,3117.7,219,2,3118.0,109,3,3118.1,32,1,3118.2,137,4
2031,2026-06-16 10:19:07+05:30,3117.1,50,3134.47,898616,102795.0,205292.0,3163.0,3163.0,3115.5,3134.3,31822000,3447.7,2820.9,3839.9,2896.0,3117.0,112,9,3116.8,5,1,3116.5,10,1,3116.4,210,2,3116.3,30,3,3117.1,150,1,3117.5,14,4,3117.6,19,1,3117.7,275,3,3117.8,19,1
2031,2026-06-16 10:19:07+05:30,3117.1,6,3134.47,898616,102795.0,205292.0,3163.0,3163.0,3115.5,3134.3,31822000,3447.7,2820.9,3839.9,2896.0,3117.0,112,9,3116.8,5,1,3116.5,10,1,3116.4,210,2,3116.3,30,3,3117.1,150,1,3117.5,14,4,3117.6,19,1,3117.7,275,3,3117.8,19,1
2031,2026-06-16 10:19:08+05:30,3117.5,1,3134.46,898973,103277.0,205436.0,3163.0,3163.0,3115.5,3134.3,31822000,3447.7,2820.9,3839.9,2896.0,3117.3,17,1,3117.2,1,1,3117.1,1,1,3117.0,96,8,3116.9,14,1,3117.5,3,2,3117.7,219,2,3118.0,79,2,3118.1,88,2,3118.2,26,1
2031,2026-06-16 10:19:08+05:30,3117.5,1,3134.46,898973,103277.0,205436.0,3163.0,3163.0,3115.5,3134.3,31822000,3447.7,2820.9,3839.9,2896.0,3117.3,17,1,3117.2,1,1,3117.1,1,1,3117.0,96,8,3116.9,14,1,3117.5,3,2,3117.7,219,2,3118.0,79,2,3118.1,88,2,3118.2,26,1
2031,2026-06-16 10:19:09+05:30,3117.5,1,3134.46,898973,103404.0,205423.0,3163.0,3163.0,3115.5,3134.3,31822000,3447.7,2820.9,3839.9,2896.0,3117.3,18,2,3117.2,1,1,3117.1,27,2,3117.0,96,8,3116.8,49,3,3117.5,5,3,3117.7,219,2,3118.0,79,2,3118.1,88,2,3118.3,54,2
2031,2026-06-16 10:19:10+05:30,3117.5,16,3134.45,899463,103159.0,205351.0,3163.0,3163.0,3115.5,3134.3,31822000,3447.7,2820.9,3839.9,2896.0,3117.5,15,1,3117.0,60,6,3116.8,5,1,3116.5,10,1,3116.4,279,5,3117.7,219,2,3118.0,98,3,3118.1,155,4,3118.2,19,1,3118.3,54,2
2031,2026-06-16 10:19:10+05:30,3117.5,16,3134.45,899463,103159.0,205351.0,3163.0,3163.0,3115.5,3134.3,31822000,3447.7,2820.9,3839.9,2896.0,3117.5,15,1,3117.0,60,6,3116.8,5,1,3116.5,10,1,3116.4,279,5,3117.7,219,2,3118.0,98,3,3118.1,155,4,3118.2,19,1,3118.3,54,2
2031,2026-06-16 10:19:11+05:30,3117.5,16,3134.45,899463,103466.0,205307.0,3163.0,3163.0,3115.5,3134.3,31822000,3447.7,2820.9,3839.9,2896.0,3117.5,56,3,3117.0,53,5,3116.9,6,1,3116.8,14,1,3116.5,57,3,3117.7,257,3,3118.0,79,2,3118.1,113,3,3118.3,54,2,3118.5,42,1
2031,2026-06-16 10:19:12+05:30,3117.7,105,3134.43,900425,103023.0,204766.0,3163.0,3163.0,3115.5,3134.3,31822000,3447.7,2820.9,3839.9,2896.0,3117.0,52,5,3116.8,14,1,3116.6,32,2,3116.5,60,2,3116.4,234,3,3117.7,220,2,3118.0,79,2,3118.1,52,2,3118.2,64,3,3118.3,89,2
2031,2026-06-16 10:19:12+05:30,3117.7,105,3134.43,900425,103023.0,204766.0,3163.0,3163.0,3115.5,3134.3,31822000,3447.7,2820.9,3839.9,2896.0,3117.0,52,5,3116.8,14,1,3116.6,32,2,3116.5,60,2,3116.4,234,3,3117.7,220,2,3118.0,79,2,3118.1,52,2,3118.2,64,3,3118.3,89,2
2031,2026-06-16 10:19:13+05:30,3117.7,1,3134.43,900626,102771.0,204997.0,3163.0,3163.0,3115.5,3134.3,31822000,3447.7,2820.9,3839.9,2896.0,3117.0,58,7,3116.9,18,2,3116.8,12,1,3116.7,26,1,3116.6,23,2,3117.7,336,3,3118.0,135,3,3118.1,52,2,3118.2,87,3,3118.3,56,1
2031,2026-06-16 10:19:13+05:30,3117.7,1,3134.43,900626,102771.0,204997.0,3163.0,3163.0,3115.5,3134.3,31822000,3447.7,2820.9,3839.9,2896.0,3117.0,58,7,3116.9,18,2,3116.8,12,1,3116.7,26,1,3116.6,23,2,3117.7,336,3,3118.0,135,3,3118.1,52,2,3118.2,87,3,3118.3,56,1
2031,2026-06-16 10:19:14+05:30,3117.7,1,3134.43,900626,103364.0,205341.0,3163.0,3163.0,3115.5,3134.3,31822000,3447.7,2820.9,3839.9,2896.0,3117.1,16,1,3117.0,99,8,3116.9,37,3,3116.8,28,2,3116.7,26,1,3117.7,336,3,3118.0,135,3,3118.1,52,2,3118.2,3,1,3118.3,56,1
2031,2026-06-16 10:19:15+05:30,3117.5,45,3134.4,901963,101778.0,203838.0,3163.0,3163.0,3115.5,3134.3,31822000,3447.7,2820.9,3839.9,2896.0,3117.0,9,1,3116.5,38,2,3116.4,210,2,3116.3,21,1,3116.2,100,1,3117.3,200,1,3117.5,155,1,3117.6,19,1,3117.8,19,1,3118.0,59,2
2031,2026-06-16 10:19:15+05:30,3117.5,45,3134.4,901963,101778.0,203838.0,3163.0,3163.0,3115.5,3134.3,31822000,3447.7,2820.9,3839.9,2896.0,3117.0,9,1,3116.5,38,2,3116.4,210,2,3116.3,21,1,3116.2,100,1,3117.3,200,1,3117.5,155,1,3117.6,19,1,3117.8,19,1,3118.0,59,2
2031,2026-06-16 10:19:16+05:30,3116.4,180,3134.4,902236,100793.0,205389.0,3163.0,3163.0,3115.5,3134.3,31822000,3447.7,2820.9,3839.9,2896.0,3116.4,20,1,3116.2,100,1,3116.0,316,12,3115.9,20,1,3115.8,64,5,3117.1,10,1,3117.2,190,3,3117.3,200,1,3117.4,19,1,3117.7,42,1
2031,2026-06-16 10:19:16+05:30,3117.0,44,3134.4,902236,100793.0,205389.0,3163.0,3163.0,3115.5,3134.3,31822000,3447.7,2820.9,3839.9,2896.0,3116.4,20,1,3116.2,100,1,3116.0,316,12,3115.9,20,1,3115.8,64,5,3117.1,10,1,3117.2,190,3,3117.3,200,1,3117.4,19,1,3117.7,42,1
2031,2026-06-16 10:19:17+05:30,3117.0,44,3134.4,902280,101228.0,206166.0,3163.0,3163.0,3115.5,3134.3,31822000,3447.7,2820.9,3839.9,2896.0,3116.4,61,2,3116.2,100,1,3116.0,314,11,3115.9,20,1,3115.8,21,3,3117.0,111,1,3117.1,15,2,3117.2,35,2,3117.3,200,1,3117.4,19,1
2031,2026-06-16 10:19:18+05:30,3117.0,1,3134.4,902280,101228.0,206166.0,3163.0,3163.0,3115.5,3134.3,31822000,3447.7,2820.9,3839.9,2896.0,3116.4,61,2,3116.2,100,1,3116.0,314,11,3115.9,20,1,3115.8,21,3,3117.0,111,1,3117.1,15,2,3117.2,35,2,3117.3,200,1,3117.4,19,1
2031,2026-06-16 10:19:19+05:30,3116.9,1,3134.39,902482,100679.0,207463.0,3163.0,3163.0,3115.5,3134.3,31822000,3447.7,2820.9,3839.9,2896.0,3116.3,22,1,3116.2,100,1,3116.0,314,11,3115.8,21,3,3115.7,21,1,3116.8,110,1,3116.9,50,2,3117.0,31,3,3117.2,60,3,3117.3,256,2
2031,2026-06-16 10:19:19+05:30,3116.3,10,3134.39,902482,100679.0,207463.0,3163.0,3163.0,3115.5,3134.3,31822000,3447.7,2820.9,3839.9,2896.0,3116.3,22,1,3116.2,100,1,3116.0,314,11,3115.8,21,3,3115.7,21,1,3116.8,110,1,3116.9,50,2,3117.0,31,3,3117.2,60,3,3117.3,256,2
2031,2026-06-16 10:19:20+05:30,3116.2,31,3134.39,902602,100272.0,207659.0,3163.0,3163.0,3115.5,3134.3,31822000,3447.7,2820.9,3839.9,2896.0,3116.2,69,1,3116.0,314,11,3115.8,21,3,3115.6,5,2,3115.5,2,1,3116.4,219,2,3116.6,19,1,3116.8,19,1,3116.9,31,1,3117.0,72,5
2031,2026-06-16 10:19:20+05:30,3116.2,31,3134.39,902602,100272.0,207659.0,3163.0,3163.0,3115.5,3134.3,31822000,3447.7,2820.9,3839.9,2896.0,3116.2,69,1,3116.0,314,11,3115.8,21,3,3115.6,5,2,3115.5,2,1,3116.4,219,2,3116.6,19,1,3116.8,19,1,3116.9,31,1,3117.0,72,5
2031,2026-06-16 10:19:21+05:30,3116.2,31,3134.39,902602,100317.0,207740.0,3163.0,3163.0,3115.5,3134.3,31822000,3447.7,2820.9,3839.9,2896.0,3116.2,73,2,3116.0,314,11,3115.8,9,2,3115.6,21,3,3115.5,2,1,3116.3,200,1,3116.8,210,2,3117.0,72,5,3117.2,56,3,3117.3,288,3
2031,2026-06-16 10:19:21+05:30,3116.3,1,3134.39,902602,100317.0,207740.0,3163.0,3163.0,3115.5,3134.3,31822000,3447.7,2820.9,3839.9,2896.0,3116.2,73,2,3116.0,314,11,3115.8,9,2,3115.6,21,3,3115.5,2,1,3116.3,200,1,3116.8,210,2,3117.0,72,5,3117.2,56,3,3117.3,288,3
2031,2026-06-16 10:19:22+05:30,3116.3,1,3134.39,902603,100437.0,207638.0,3163.0,3163.0,3115.5,3134.3,31822000,3447.7,2820.9,3839.9,2896.0,3116.2,73,2,3116.0,361,12,3115.8,35,3,3115.6,21,3,3115.5,62,3,3116.3,228,2,3116.8,210,2,3117.0,54,4,3117.2,56,3,3117.3,288,3
2031,2026-06-16 10:19:22+05:30,3116.3,1,3134.39,902603,100437.0,207638.0,3163.0,3163.0,3115.5,3134.3,31822000,3447.7,2820.9,3839.9,2896.0,3116.2,73,2,3116.0,361,12,3115.8,35,3,3115.6,21,3,3115.5,62,3,3116.3,228,2,3116.8,210,2,3117.0,54,4,3117.2,56,3,3117.3,288,3
2031,2026-06-16 10:19:23+05:30,3116.3,1,3134.39,902603,101068.0,207646.0,3163.0,3163.0,3115.5,3134.3,31822000,3447.7,2820.9,3839.9,2896.0,3116.2,73,2,3116.0,361,12,3115.8,35,3,3115.6,5,2,3115.5,62,3,3116.3,228,2,3116.8,210,2,3117.0,35,3,3117.2,33,2,3117.3,288,3
2031,2026-06-16 10:19:24+05:30,3116.3,1,3134.39,902605,101078.0,207690.0,3163.0,3163.0,3115.5,3134.3,31822000,3447.7,2820.9,3839.9,2896.0,3116.2,73,2,3116.0,361,12,3115.8,35,3,3115.6,5,2,3115.5,62,3,3116.3,264,3,3116.8,210,2,3117.0,35,3,3117.2,33,2,3117.3,288,3
2031,2026-06-16 10:19:24+05:30,3116.3,1,3134.39,902605,101078.0,207690.0,3163.0,3163.0,3115.5,3134.3,31822000,3447.7,2820.9,3839.9,2896.0,3116.2,73,2,3116.0,361,12,3115.8,35,3,3115.6,5,2,3115.5,62,3,3116.3,264,3,3116.8,210,2,3117.0,35,3,3117.2,33,2,3117.3,288,3
2031,2026-06-16 10:19:24+05:30,3116.2,12,3134.39,902605,101078.0,207690.0,3163.0,3163.0,3115.5,3134.3,31822000,3447.7,2820.9,3839.9,2896.0,3116.2,73,2,3116.0,361,12,3115.8,35,3,3115.6,5,2,3115.5,62,3,3116.3,264,3,3116.8,210,2,3117.0,35,3,3117.2,33,2,3117.3,288,3
2031,2026-06-16 10:19:25+05:30,3116.3,10,3134.39,902627,101035.0,205544.0,3163.0,3163.0,3115.5,3134.3,31822000,3447.7,2820.9,3839.9,2896.0,3116.2,61,2,3116.0,361,12,3115.8,9,2,3115.6,5,2,3115.5,28,2,3116.3,254,3,3116.6,19,1,3116.8,229,3,3117.0,35,3,3117.2,130,5
2031,2026-06-16 10:19:25+05:30,3116.3,10,3134.39,902627,101035.0,205544.0,3163.0,3163.0,3115.5,3134.3,31822000,3447.7,2820.9,3839.9,2896.0,3116.2,61,2,3116.0,361,12,3115.8,9,2,3115.6,5,2,3115.5,28,2,3116.3,254,3,3116.6,19,1,3116.8,229,3,3117.0,35,3,3117.2,130,5
2031,2026-06-16 10:19:26+05:30,3116.0,8,3134.39,902814,101088.0,204913.0,3163.0,3163.0,3115.5,3134.3,31822000,3447.7,2820.9,3839.9,2896.0,3116.1,22,1,3116.0,267,4,3115.8,35,3,3115.7,13,1,3115.6,21,3,3116.3,67,2,3116.8,210,2,3117.0,13,2,3117.2,19,1,3117.3,333,4
2031,2026-06-16 10:19:26+05:30,3116.0,8,3134.39,902814,101088.0,204913.0,3163.0,3163.0,3115.5,3134.3,31822000,3447.7,2820.9,3839.9,2896.0,3116.1,22,1,3116.0,267,4,3115.8,35,3,3115.7,13,1,3115.6,21,3,3116.3,67,2,3116.8,210,2,3117.0,13,2,3117.2,19,1,3117.3,333,4
2031,2026-06-16 10:19:26+05:30,3116.0,8,3134.39,902814,101088.0,204913.0,3163.0,3163.0,3115.5,3134.3,31822000,3447.7,2820.9,3839.9,2896.0,3116.1,22,1,3116.0,267,4,3115.8,35,3,3115.7,13,1,3115.6,21,3,3116.3,67,2,3116.8,210,2,3117.0,13,2,3117.2,19,1,3117.3,333,4
2031,2026-06-16 10:19:27+05:30,3116.1,8,3134.39,902824,101093.0,206390.0,3163.0,3163.0,3115.5,3134.3,31822000,3447.7,2820.9,3839.9,2896.0,3116.1,2,1,3116.0,267,4,3115.8,57,4,3115.7,24,2,3115.6,21,3,3116.2,13,1,3116.3,67,2,3116.8,210,2,3117.0,13,2,3117.3,488,4
2031,2026-06-16 10:19:27+05:30,3116.1,8,3134.39,902824,101093.0,206390.0,3163.0,3163.0,3115.5,3134.3,31822000,3447.7,2820.9,3839.9,2896.0,3116.1,2,1,3116.0,267,4,3115.8,57,4,3115.7,24,2,3115.6,21,3,3116.2,13,1,3116.3,67,2,3116.8,210,2,3117.0,13,2,3117.3,488,4
2031,2026-06-16 10:19:28+05:30,3116.1,8,3134.39,902824,101093.0,206390.0,3163.0,3163.0,3115.5,3134.3,31822000,3447.7,2820.9,3839.9,2896.0,3116.1,2,1,3116.0,267,4,3115.8,57,4,3115.7,24,2,3115.6,21,3,3116.2,13,1,3116.3,67,2,3116.8,210,2,3117.0,13,2,3117.3,488,4
2031,2026-06-16 10:19:28+05:30,3117.0,21,3134.38,903224,101760.0,206427.0,3163.0,3163.0,3115.5,3134.3,31822000,3447.7,2820.9,3839.9,2896.0,3116.3,1,1,3116.1,2,1,3116.0,267,4,3115.8,35,4,3115.6,55,4,3117.0,12,1,3117.3,275,3,3117.4,42,1,3117.5,155,3,3117.6,219,2
2031,2026-06-16 10:19:28+05:30,3117.0,21,3134.38,903224,101760.0,206427.0,3163.0,3163.0,3115.5,3134.3,31822000,3447.7,2820.9,3839.9,2896.0,3116.3,1,1,3116.1,2,1,3116.0,267,4,3115.8,35,4,3115.6,55,4,3117.0,12,1,3117.3,275,3,3117.4,42,1,3117.5,155,3,3117.6,219,2
2031,2026-06-16 10:19:29+05:30,3117.0,1,3134.38,903233,101635.0,206197.0,3163.0,3163.0,3115.5,3134.3,31822000,3447.7,2820.9,3839.9,2896.0,3116.3,2,2,3116.1,28,2,3116.0,301,5,3115.9,26,1,3115.8,58,4,3117.0,3,1,3117.3,284,3,3117.5,155,3,3117.6,261,3,3117.7,47,2
2031,2026-06-16 10:19:29+05:30,3117.0,1,3134.38,903233,101635.0,206197.0,3163.0,3163.0,3115.5,3134.3,31822000,3447.7,2820.9,3839.9,2896.0,3116.3,2,2,3116.1,28,2,3116.0,301,5,3115.9,26,1,3115.8,58,4,3117.0,3,1,3117.3,284,3,3117.5,155,3,3117.6,261,3,3117.7,47,2
2031,2026-06-16 10:19:30+05:30,3117.0,1,3134.38,903233,101635.0,206197.0,3163.0,3163.0,3115.5,3134.3,31822000,3447.7,2820.9,3839.9,2896.0,3116.3,2,2,3116.1,28,2,3116.0,301,5,3115.9,26,1,3115.8,58,4,3117.0,3,1,3117.3,284,3,3117.5,155,3,3117.6,261,3,3117.7,47,2
2031,2026-06-16 10:19:30+05:30,3117.0,1,3134.38,903233,102087.0,206568.0,3163.0,3163.0,3115.5,3134.3,31822000,3447.7,2820.9,3839.9,2896.0,3116.7,2,2,3116.3,77,6,3116.2,18,1,3116.1,28,2,3116.0,323,6,3117.0,5,3,3117.3,228,2,3117.5,110,2,3117.7,37,2,3117.8,90,3
2031,2026-06-16 10:19:31+05:30,3117.0,1,3134.38,903233,102087.0,206568.0,3163.0,3163.0,3115.5,3134.3,31822000,3447.7,2820.9,3839.9,2896.0,3116.7,2,2,3116.3,77,6,3116.2,18,1,3116.1,28,2,3116.0,323,6,3117.0,5,3,3117.3,228,2,3117.5,110,2,3117.7,37,2,3117.8,90,3
2031,2026-06-16 10:19:31+05:30,3117.0,1,3134.38,903233,102087.0,206568.0,3163.0,3163.0,3115.5,3134.3,31822000,3447.7,2820.9,3839.9,2896.0,3116.7,2,2,3116.3,77,6,3116.2,18,1,3116.1,28,2,3116.0,323,6,3117.0,5,3,3117.3,228,2,3117.5,110,2,3117.7,37,2,3117.8,90,3
2031,2026-06-16 10:19:31+05:30,3117.0,1,3134.38,903234,101966.0,206425.0,3163.0,3163.0,3115.5,3134.3,31822000,3447.7,2820.9,3839.9,2896.0,3116.7,3,3,3116.3,76,5,3116.1,28,2,3116.0,323,6,3115.8,107,5,3117.0,54,5,3117.3,228,2,3117.4,19,1,3117.5,110,2,3117.6,61,2
2031,2026-06-16 10:19:32+05:30,3117.0,1,3134.38,903234,101966.0,206425.0,3163.0,3163.0,3115.5,3134.3,31822000,3447.7,2820.9,3839.9,2896.0,3116.7,3,3,3116.3,76,5,3116.1,28,2,3116.0,323,6,3115.8,107,5,3117.0,54,5,3117.3,228,2,3117.4,19,1,3117.5,110,2,3117.6,61,2
2031,2026-06-16 10:19:32+05:30,3117.0,2,3134.38,903234,101966.0,206425.0,3163.0,3163.0,3115.5,3134.3,31822000,3447.7,2820.9,3839.9,2896.0,3116.7,3,3,3116.3,76,5,3116.1,28,2,3116.0,323,6,3115.8,107,5,3117.0,54,5,3117.3,228,2,3117.4,19,1,3117.5,110,2,3117.6,61,2
2031,2026-06-16 10:19:32+05:30,3116.7,1,3134.38,903242,102147.0,206386.0,3163.0,3163.0,3115.5,3134.3,31822000,3447.7,2820.9,3839.9,2896.0,3116.7,65,5,3116.3,52,4,3116.1,28,2,3116.0,276,5,3115.8,107,5,3117.0,48,2,3117.3,228,2,3117.5,110,2,3117.7,279,4,3117.8,94,4
2031,2026-06-16 10:19:33+05:30,3116.7,1,3134.38,903242,102147.0,206386.0,3163.0,3163.0,3115.5,3134.3,31822000,3447.7,2820.9,3839.9,2896.0,3116.7,65,5,3116.3,52,4,3116.1,28,2,3116.0,276,5,3115.8,107,5,3117.0,48,2,3117.3,228,2,3117.5,110,2,3117.7,279,4,3117.8,94,4
2031,2026-06-16 10:19:33+05:30,3116.7,1,3134.38,903242,102147.0,206386.0,3163.0,3163.0,3115.5,3134.3,31822000,3447.7,2820.9,3839.9,2896.0,3116.7,65,5,3116.3,52,4,3116.1,28,2,3116.0,276,5,3115.8,107,5,3117.0,48,2,3117.3,228,2,3117.5,110,2,3117.7,279,4,3117.8,94,4
2031,2026-06-16 10:19:33+05:30,3116.7,1,3134.38,903242,102127.0,206529.0,3163.0,3163.0,3115.5,3134.3,31822000,3447.7,2820.9,3839.9,2896.0,3116.7,65,5,3116.3,52,4,3116.1,2,1,3116.0,276,5,3115.8,107,5,3117.0,73,3,3117.3,228,2,3117.5,110,2,3117.7,279,4,3117.8,94,4
2031,2026-06-16 10:19:34+05:30,3116.7,1,3134.38,903242,102127.0,206529.0,3163.0,3163.0,3115.5,3134.3,31822000,3447.7,2820.9,3839.9,2896.0,3116.7,65,5,3116.3,52,4,3116.1,2,1,3116.0,276,5,3115.8,107,5,3117.0,73,3,3117.3,228,2,3117.5,110,2,3117.7,279,4,3117.8,94,4
2031,2026-06-16 10:19:34+05:30,3117.0,1,3134.38,903242,102127.0,206529.0,3163.0,3163.0,3115.5,3134.3,31822000,3447.7,2820.9,3839.9,2896.0,3116.7,65,5,3116.3,52,4,3116.1,2,1,3116.0,276,5,3115.8,107,5,3117.0,73,3,3117.3,228,2,3117.5,110,2,3117.7,279,4,3117.8,94,4
2031,2026-06-16 10:19:35+05:30,3117.0,1,3134.38,903276,102210.0,206492.0,3163.0,3163.0,3115.5,3134.3,31822000,3447.7,2820.9,3839.9,2896.0,3116.7,65,5,3116.3,52,4,3116.1,2,1,3116.0,326,6,3115.9,26,1,3117.0,47,4,3117.3,228,2,3117.5,110,2,3117.7,279,4,3117.8,94,4
2031,2026-06-16 10:19:35+05:30,3117.0,1,3134.38,903276,102210.0,206492.0,3163.0,3163.0,3115.5,3134.3,31822000,3447.7,2820.9,3839.9,2896.0,3116.7,65,5,3116.3,52,4,3116.1,2,1,3116.0,326,6,3115.9,26,1,3117.0,47,4,3117.3,228,2,3117.5,110,2,3117.7,279,4,3117.8,94,4
2031,2026-06-16 10:19:35+05:30,3116.7,141,3134.38,903276,102210.0,206492.0,3163.0,3163.0,3115.5,3134.3,31822000,3447.7,2820.9,3839.9,2896.0,3116.7,65,5,3116.3,52,4,3116.1,2,1,3116.0,326,6,3115.9,26,1,3117.0,47,4,3117.3,228,2,3117.5,110,2,3117.7,279,4,3117.8,94,4
2031,2026-06-16 10:19:36+05:30,3117.0,5,3134.37,903487,102159.0,206164.0,3163.0,3163.0,3115.5,3134.3,31822000,3447.7,2820.9,3839.9,2896.0,3116.7,23,1,3116.3,52,4,3116.1,2,1,3116.0,296,5,3115.9,53,2,3117.0,42,4,3117.3,28,1,3117.4,19,1,3117.5,54,1,3117.6,65,2
2031,2026-06-16 10:19:36+05:30,3117.0,5,3134.37,903487,102159.0,206164.0,3163.0,3163.0,3115.5,3134.3,31822000,3447.7,2820.9,3839.9,2896.0,3116.7,23,1,3116.3,52,4,3116.1,2,1,3116.0,296,5,3115.9,53,2,3117.0,42,4,3117.3,28,1,3117.4,19,1,3117.5,54,1,3117.6,65,2
2031,2026-06-16 10:19:36+05:30,3117.0,5,3134.37,903487,102159.0,206164.0,3163.0,3163.0,3115.5,3134.3,31822000,3447.7,2820.9,3839.9,2896.0,3116.7,23,1,3116.3,52,4,3116.1,2,1,3116.0,296,5,3115.9,53,2,3117.0,42,4,3117.3,28,1,3117.4,19,1,3117.5,54,1,3117.6,65,2
2031,2026-06-16 10:19:37+05:30,3117.0,1,3134.37,903488,101977.0,206157.0,3163.0,3163.0,3115.5,3134.3,31822000,3447.7,2820.9,3839.9,2896.0,3116.7,23,1,3116.3,52,4,3116.1,2,1,3116.0,296,5,3115.9,53,2,3117.0,73,5,3117.3,28,1,3117.4,19,1,3117.5,54,1,3117.6,65,2
2031,2026-06-16 10:19:37+05:30,3117.0,1,3134.37,903488,101977.0,206157.0,3163.0,3163.0,3115.5,3134.3,31822000,3447.7,2820.9,3839.9,2896.0,3116.7,23,1,3116.3,52,4,3116.1,2,1,3116.0,296,5,3115.9,53,2,3117.0,73,5,3117.3,28,1,3117.4,19,1,3117.5,54,1,3117.6,65,2
2031,2026-06-16 10:19:37+05:30,3117.0,1,3134.37,903488,101977.0,206157.0,3163.0,3163.0,3115.5,3134.3,31822000,3447.7,2820.9,3839.9,2896.0,3116.7,23,1,3116.3,52,4,3116.1,2,1,3116.0,296,5,3115.9,53,2,3117.0,73,5,3117.3,28,1,3117.4,19,1,3117.5,54,1,3117.6,65,2
2031,2026-06-16 10:19:37+05:30,3117.0,1,3134.37,903488,102020.0,206361.0,3163.0,3163.0,3115.5,3134.3,31822000,3447.7,2820.9,3839.9,2896.0,3116.7,23,1,3116.3,77,5,3116.1,2,1,3116.0,296,5,3115.9,53,2,3117.0,73,5,3117.3,28,1,3117.4,19,1,3117.5,54,1,3117.6,107,3
2031,2026-06-16 10:19:38+05:30,3117.0,1,3134.37,903488,102020.0,206361.0,3163.0,3163.0,3115.5,3134.3,31822000,3447.7,2820.9,3839.9,2896.0,3116.7,23,1,3116.3,77,5,3116.1,2,1,3116.0,296,5,3115.9,53,2,3117.0,73,5,3117.3,28,1,3117.4,19,1,3117.5,54,1,3117.6,107,3
2031,2026-06-16 10:19:38+05:30,3117.0,1,3134.37,903488,102324.0,206311.0,3163.0,3163.0,3115.5,3134.3,31822000,3447.7,2820.9,3839.9,2896.0,3116.8,7,1,3116.7,23,1,3116.3,68,4,3116.1,2,1,3116.0,296,5,3117.0,73,5,3117.3,28,1,3117.4,19,1,3117.5,54,1,3117.6,93,3
2031,2026-06-16 10:19:39+05:30,3117.0,1,3134.37,903488,102324.0,206311.0,3163.0,3163.0,3115.5,3134.3,31822000,3447.7,2820.9,3839.9,2896.0,3116.8,7,1,3116.7,23,1,3116.3,68,4,3116.1,2,1,3116.0,296,5,3117.0,73,5,3117.3,28,1,3117.4,19,1,3117.5,54,1,3117.6,93,3
2031,2026-06-16 10:19:39+05:30,3116.7,6,3134.37,903488,102324.0,206311.0,3163.0,3163.0,3115.5,3134.3,31822000,3447.7,2820.9,3839.9,2896.0,3116.8,7,1,3116.7,23,1,3116.3,68,4,3116.1,2,1,3116.0,296,5,3117.0,73,5,3117.3,28,1,3117.4,19,1,3117.5,54,1,3117.6,93,3
2031,2026-06-16 10:19:39+05:30,3116.7,6,3134.37,903832,102116.0,206498.0,3163.0,3163.0,3115.5,3134.3,31822000,3447.7,2820.9,3839.9,2896.0,3116.8,4,1,3116.7,2,1,3116.3,43,3,3116.1,2,1,3116.0,271,5,3117.2,112,7,3117.3,86,5,3117.4,37,2,3117.5,192,5,3117.6,48,2
2031,2026-06-16 10:19:40+05:30,3116.7,6,3134.37,903832,102116.0,206498.0,3163.0,3163.0,3115.5,3134.3,31829600,3447.7,2820.9,3839.9,2896.0,3116.8,4,1,3116.7,2,1,3116.3,43,3,3116.1,2,1,3116.0,271,5,3117.2,112,7,3117.3,86,5,3117.4,37,2,3117.5,192,5,3117.6,48,2
2031,2026-06-16 10:19:40+05:30,3117.0,8,3134.37,903832,102116.0,206498.0,3163.0,3163.0,3115.5,3134.3,31829600,3447.7,2820.9,3839.9,2896.0,3116.8,4,1,3116.7,2,1,3116.3,43,3,3116.1,2,1,3116.0,271,5,3117.2,112,7,3117.3,86,5,3117.4,37,2,3117.5,192,5,3117.6,48,2
2031,2026-06-16 10:19:40+05:30,3117.0,8,3134.37,903841,102167.0,206636.0,3163.0,3163.0,3115.5,3134.3,31829600,3447.7,2820.9,3839.9,2896.0,3116.8,41,3,3116.7,2,1,3116.3,42,2,3116.1,2,1,3116.0,271,5,3117.0,8,1,3117.2,62,5,3117.3,28,3,3117.4,37,2,3117.5,150,4
2031,2026-06-16 10:19:41+05:30,3117.0,8,3134.37,903841,102469.0,206454.0,3163.0,3163.0,3115.5,3134.3,31829600,3447.7,2820.9,3839.9,2896.0,3117.1,1,1,3116.8,41,3,3116.7,27,3,3116.3,42,2,3116.1,188,2,3117.2,12,1,3117.3,22,2,3117.5,54,1,3117.6,19,1,3117.7,28,1
2031,2026-06-16 10:19:42+05:30,3117.2,5,3134.37,903841,102469.0,206454.0,3163.0,3163.0,3115.5,3134.3,31829600,3447.7,2820.9,3839.9,2896.0,3117.1,1,1,3116.8,41,3,3116.7,27,3,3116.3,42,2,3116.1,188,2,3117.2,12,1,3117.3,22,2,3117.5,54,1,3117.6,19,1,3117.7,28,1
2031,2026-06-16 10:19:42+05:30,3117.2,5,3134.37,903850,102532.0,205585.0,3163.0,3163.0,3115.5,3134.3,31829600,3447.7,2820.9,3839.9,2896.0,3117.1,42,2,3116.8,41,3,3116.7,28,4,3116.3,1,1,3116.2,25,1,3117.2,2,1,3117.3,3,1,3117.5,54,1,3117.8,3,1,3117.9,39,1
2031,2026-06-16 10:19:44+05:30,3117.2,1,3134.37,903851,102575.0,206113.0,3163.0,3163.0,3115.5,3134.3,31829600,3447.7,2820.9,3839.9,2896.0,3117.1,42,2,3116.8,41,3,3116.7,28,4,3116.4,18,1,3116.3,1,1,3117.2,1,1,3117.3,3,1,3117.5,54,1,3117.8,3,1,3117.9,39,1
2031,2026-06-16 10:19:44+05:30,3117.2,1,3134.37,903851,102575.0,206113.0,3163.0,3163.0,3115.5,3134.3,31829600,3447.7,2820.9,3839.9,2896.0,3117.1,42,2,3116.8,41,3,3116.7,28,4,3116.4,18,1,3116.3,1,1,3117.2,1,1,3117.3,3,1,3117.5,54,1,3117.8,3,1,3117.9,39,1
2031,2026-06-16 10:19:45+05:30,3117.2,1,3134.37,903852,102599.0,205925.0,3163.0,3163.0,3115.5,3134.3,31829600,3447.7,2820.9,3839.9,2896.0,3117.1,41,1,3116.8,37,2,3116.7,28,4,3116.4,18,1,3116.3,26,2,3117.2,2,1,3117.3,3,1,3117.5,54,1,3117.8,3,1,3117.9,39,1
2031,2026-06-16 10:19:45+05:30,3117.1,9,3134.37,903852,102599.0,205925.0,3163.0,3163.0,3115.5,3134.3,31829600,3447.7,2820.9,3839.9,2896.0,3117.1,41,1,3116.8,37,2,3116.7,28,4,3116.4,18,1,3116.3,26,2,3117.2,2,1,3117.3,3,1,3117.5,54,1,3117.8,3,1,3117.9,39,1
2031,2026-06-16 10:19:46+05:30,3117.1,11,3134.36,904136,102893.0,206197.0,3163.0,3163.0,3115.5,3134.3,31829600,3447.7,2820.9,3839.9,2896.0,3116.8,37,2,3116.7,29,4,3116.4,45,3,3116.3,54,3,3116.2,38,2,3117.1,138,1,3117.3,2,1,3117.5,54,1,3117.9,20,2,3118.0,270,3
2031,2026-06-16 10:19:46+05:30,3117.1,10,3134.36,904136,102893.0,206197.0,3163.0,3163.0,3115.5,3134.3,31829600,3447.7,2820.9,3839.9,2896.0,3116.8,37,2,3116.7,29,4,3116.4,45,3,3116.3,54,3,3116.2,38,2,3117.1,138,1,3117.3,2,1,3117.5,54,1,3117.9,20,2,3118.0,270,3
2031,2026-06-16 10:19:47+05:30,3116.8,2,3134.36,904149,102573.0,206382.0,3163.0,3163.0,3115.5,3134.3,31829600,3447.7,2820.9,3839.9,2896.0,3116.8,34,2,3116.7,4,3,3116.4,20,2,3116.3,79,4,3116.2,220,3,3117.1,221,4,3117.3,2,1,3117.5,54,1,3117.9,20,2,3118.0,343,5
2031,2026-06-16 10:19:47+05:30,3117.1,1,3134.36,904149,102573.0,206382.0,3163.0,3163.0,3115.5,3134.3,31829600,3447.7,2820.9,3839.9,2896.0,3116.8,34,2,3116.7,4,3,3116.4,20,2,3116.3,79,4,3116.2,220,3,3117.1,221,4,3117.3,2,1,3117.5,54,1,3117.9,20,2,3118.0,343,5
2031,2026-06-16 10:19:48+05:30,3116.8,1,3134.36,904151,102530.0,206595.0,3163.0,3163.0,3115.5,3134.3,31829600,3447.7,2820.9,3839.9,2896.0,3116.8,33,2,3116.7,4,3,3116.4,2,1,3116.3,1,1,3116.2,220,3,3117.1,240,6,3117.3,1,1,3117.5,54,1,3117.6,19,1,3117.8,90,3
2031,2026-06-16 10:19:48+05:30,3116.8,1,3134.36,904151,102530.0,206595.0,3163.0,3163.0,3115.5,3134.3,31829600,3447.7,2820.9,3839.9,2896.0,3116.8,33,2,3116.7,4,3,3116.4,2,1,3116.3,1,1,3116.2,220,3,3117.1,240,6,3117.3,1,1,3117.5,54,1,3117.6,19,1,3117.8,90,3
2031,2026-06-16 10:19:49+05:30,3116.8,1,3134.36,904151,102501.0,206740.0,3163.0,3163.0,3115.5,3134.3,31829600,3447.7,2820.9,3839.9,2896.0,3117.0,2,1,3116.8,40,3,3116.7,28,4,3116.3,1,1,3116.2,38,2,3117.1,240,6,3117.3,20,2,3117.5,54,1,3117.6,96,3,3117.8,146,4
2031,2026-06-16 10:19:49+05:30,3117.5,20,3134.36,904151,102501.0,206740.0,3163.0,3163.0,3115.5,3134.3,31829600,3447.7,2820.9,3839.9,2896.0,3117.0,2,1,3116.8,40,3,3116.7,28,4,3116.3,1,1,3116.2,38,2,3117.1,240,6,3117.3,20,2,3117.5,54,1,3117.6,96,3,3117.8,146,4
2031,2026-06-16 10:19:50+05:30,3117.5,20,3134.35,904601,102438.0,206414.0,3163.0,3163.0,3115.5,3134.3,31829600,3447.7,2820.9,3839.9,2896.0,3117.0,2,1,3116.8,40,3,3116.7,28,4,3116.4,1,1,3116.3,1,1,3117.1,24,1,3117.5,34,1,3117.6,19,1,3117.7,18,1,3117.8,19,1
2031,2026-06-16 10:19:50+05:30,3117.0,1,3134.35,904601,102438.0,206414.0,3163.0,3163.0,3115.5,3134.3,31829600,3447.7,2820.9,3839.9,2896.0,3117.0,2,1,3116.8,40,3,3116.7,28,4,3116.4,1,1,3116.3,1,1,3117.1,24,1,3117.5,34,1,3117.6,19,1,3117.7,18,1,3117.8,19,1
2031,2026-06-16 10:19:51+05:30,3117.0,1,3134.35,904604,102198.0,206255.0,3163.0,3163.0,3115.5,3134.3,31829600,3447.7,2820.9,3839.9,2896.0,3116.8,40,3,3116.7,28,4,3116.3,1,1,3116.2,1,1,3116.1,32,2,3117.0,97,1,3117.1,24,1,3117.2,19,1,3117.4,19,1,3117.5,34,1
2031,2026-06-16 10:19:51+05:30,3117.0,5,3134.35,904604,102198.0,206255.0,3163.0,3163.0,3115.5,3134.3,31829600,3447.7,2820.9,3839.9,2896.0,3116.8,40,3,3116.7,28,4,3116.3,1,1,3116.2,1,1,3116.1,32,2,3117.0,97,1,3117.1,24,1,3117.2,19,1,3117.4,19,1,3117.5,34,1
2031,2026-06-16 10:19:52+05:30,3117.0,15,3134.35,904654,102666.0,206481.0,3163.0,3163.0,3115.5,3134.3,31829600,3447.7,2820.9,3839.9,2896.0,3116.8,40,3,3116.7,28,4,3116.3,1,1,3116.2,19,2,3116.1,32,2,3117.0,58,3,3117.1,3,1,3117.4,19,1,3117.5,34,1,3117.6,61,2
2031,2026-06-16 10:19:52+05:30,3117.0,97,3134.35,904654,102666.0,206481.0,3163.0,3163.0,3115.5,3134.3,31829600,3447.7,2820.9,3839.9,2896.0,3116.8,40,3,3116.7,28,4,3116.3,1,1,3116.2,19,2,3116.1,32,2,3117.0,58,3,3117.1,3,1,3117.4,19,1,3117.5,34,1,3117.6,61,2
2031,2026-06-16 10:19:53+05:30,3117.0,97,3134.35,904799,102689.0,206406.0,3163.0,3163.0,3115.5,3134.3,31829600,3447.7,2820.9,3839.9,2896.0,3116.8,40,3,3116.7,4,3,3116.3,1,1,3116.2,51,2,3116.1,32,2,3117.0,5,1,3117.1,3,1,3117.3,19,1,3117.5,34,1,3117.6,63,3
2031,2026-06-16 10:19:54+05:30,3117.0,1,3134.35,904800,102543.0,206008.0,3163.0,3163.0,3115.5,3134.3,31829600,3447.7,2820.9,3839.9,2896.0,3116.8,40,3,3116.7,27,4,3116.3,1,1,3116.2,51,2,3116.1,32,2,3117.0,4,1,3117.1,3,1,3117.3,19,1,3117.5,34,1,3117.6,63,3
2031,2026-06-16 10:19:54+05:30,3117.0,1,3134.35,904800,102543.0,206008.0,3163.0,3163.0,3115.5,3134.3,31829600,3447.7,2820.9,3839.9,2896.0,3116.8,40,3,3116.7,27,4,3116.3,1,1,3116.2,51,2,3116.1,32,2,3117.0,4,1,3117.1,3,1,3117.3,19,1,3117.5,34,1,3117.6,63,3
2031,2026-06-16 10:19:55+05:30,3117.0,1,3134.35,904800,102782.0,205989.0,3163.0,3163.0,3115.5,3134.3,31829600,3447.7,2820.9,3839.9,2896.0,3116.8,40,3,3116.7,27,4,3116.3,1,1,3116.2,118,4,3116.1,211,3,3117.0,1,1,3117.1,1,1,3117.5,38,2,3117.8,19,1,3118.0,348,6
2031,2026-06-16 10:19:56+05:30,3117.0,1,3134.35,904801,102790.0,206129.0,3163.0,3163.0,3115.5,3134.3,31829600,3447.7,2820.9,3839.9,2896.0,3116.8,40,3,3116.7,27,4,3116.3,1,1,3116.2,118,4,3116.1,211,3,3117.0,1,1,3117.1,1,1,3117.5,38,2,3117.8,19,1,3118.0,348,6
2031,2026-06-16 10:19:56+05:30,3117.0,1,3134.35,904801,102790.0,206129.0,3163.0,3163.0,3115.5,3134.3,31829600,3447.7,2820.9,3839.9,2896.0,3116.8,40,3,3116.7,27,4,3116.3,1,1,3116.2,118,4,3116.1,211,3,3117.0,1,1,3117.1,1,1,3117.5,38,2,3117.8,19,1,3118.0,348,6
2031,2026-06-16 10:19:57+05:30,3117.0,80,3134.35,904885,102735.0,205807.0,3163.0,3163.0,3115.5,3134.3,31829600,3447.7,2820.9,3839.9,2896.0,3117.0,66,1,3116.8,40,3,3116.7,27,4,3116.3,26,2,3116.2,93,3,3117.1,1,1,3117.5,38,2,3117.8,19,1,3117.9,13,1,3118.0,348,6
2031,2026-06-16 10:19:57+05:30,3117.0,10,3134.35,904885,102735.0,205807.0,3163.0,3163.0,3115.5,3134.3,31829600,3447.7,2820.9,3839.9,2896.0,3117.0,66,1,3116.8,40,3,3116.7,27,4,3116.3,26,2,3116.2,93,3,3117.1,1,1,3117.5,38,2,3117.8,19,1,3117.9,13,1,3118.0,348,6
2031,2026-06-16 10:19:58+05:30,3117.0,10,3134.35,904895,102950.0,206148.0,3163.0,3163.0,3115.5,3134.3,31829600,3447.7,2820.9,3839.9,2896.0,3117.0,93,2,3116.8,40,3,3116.7,27,4,3116.3,26,2,3116.2,93,3,3117.1,35,3,3117.5,38,2,3117.8,48,2,3117.9,13,1,3118.0,348,6
2031,2026-06-16 10:19:58+05:30,3117.1,1,3134.35,904895,102950.0,206148.0,3163.0,3163.0,3115.5,3134.3,31829600,3447.7,2820.9,3839.9,2896.0,3117.0,93,2,3116.8,40,3,3116.7,27,4,3116.3,26,2,3116.2,93,3,3117.1,35,3,3117.5,38,2,3117.8,48,2,3117.9,13,1,3118.0,348,6
2031,2026-06-16 10:19:59+05:30,3117.5,5,3134.35,904974,103360.0,205515.0,3163.0,3163.0,3115.5,3134.3,31829600,3447.7,2820.9,3839.9,2896.0,3117.0,93,2,3116.8,40,3,3116.7,27,4,3116.4,1,1,3116.3,64,3,3117.5,33,2,3117.8,48,2,3118.0,334,5,3118.1,42,1,3118.2,111,4
2031,2026-06-16 10:19:59+05:30,3117.0,10,3134.35,904974,103360.0,205515.0,3163.0,3163.0,3115.5,3134.3,31829600,3447.7,2820.9,3839.9,2896.0,3117.0,93,2,3116.8,40,3,3116.7,27,4,3116.4,1,1,3116.3,64,3,3117.5,33,2,3117.8,48,2,3118.0,334,5,3118.1,42,1,3118.2,111,4
2031,2026-06-16 10:20:00+05:30,3117.0,10,3134.35,904984,103465.0,205321.0,3163.0,3163.0,3115.5,3134.3,31829600,3447.7,2820.9,3839.9,2896.0,3117.0,94,3,3116.8,40,3,3116.7,27,4,3116.4,1,1,3116.3,233,4,3117.5,34,3,3117.8,19,1,3118.0,334,5,3118.2,153,5,3118.3,113,4
2031,2026-06-16 10:20:00+05:30,3117.5,1,3134.35,904984,103465.0,205321.0,3163.0,3163.0,3115.5,3134.3,31829600,3447.7,2820.9,3839.9,2896.0,3117.0,94,3,3116.8,40,3,3116.7,27,4,3116.4,1,1,3116.3,233,4,3117.5,34,3,3117.8,19,1,3118.0,334,5,3118.2,153,5,3118.3,113,4
2031,2026-06-16 10:20:01+05:30,3117.5,1,3134.35,904985,103616.0,203623.0,3163.0,3163.0,3115.5,3134.3,31829600,3447.7,2820.9,3839.9,2896.0,3117.3,2,2,3117.0,167,8,3116.8,105,6,3116.7,22,4,3116.6,66,4,3117.5,33,3,3118.0,200,1,3118.3,83,3,3118.4,91,4,3118.5,76,4
2031,2026-06-16 10:20:01+05:30,3117.5,1,3134.35,904985,103616.0,203623.0,3163.0,3163.0,3115.5,3134.3,31829600,3447.7,2820.9,3839.9,2896.0,3117.3,2,2,3117.0,167,8,3116.8,105,6,3116.7,22,4,3116.6,66,4,3117.5,33,3,3118.0,200,1,3118.3,83,3,3118.4,91,4,3118.5,76,4
2031,2026-06-16 10:20:02+05:30,3117.5,1,3134.35,904986,103647.0,205107.0,3163.0,3163.0,3115.5,3134.3,31829600,3447.7,2820.9,3839.9,2896.0,3117.3,2,2,3117.0,142,7,3116.8,65,4,3116.7,22,4,3116.6,47,3,3117.5,234,4,3118.0,200,1,3118.1,59,2,3118.3,154,5,3118.4,55,2
2031,2026-06-16 10:20:02+05:30,3117.0,6,3134.35,904986,103647.0,205107.0,3163.0,3163.0,3115.5,3134.3,31829600,3447.7,2820.9,3839.9,2896.0,3117.3,2,2,3117.0,142,7,3116.8,65,4,3116.7,22,4,3116.6,47,3,3117.5,234,4,3118.0,200,1,3118.1,59,2,3118.3,154,5,3118.4,55,2
2031,2026-06-16 10:20:03+05:30,3117.5,3,3134.34,905228,103999.0,205375.0,3163.0,3163.0,3115.5,3134.3,31829600,3447.7,2820.9,3839.9,2896.0,3117.3,43,1,3117.0,112,6,3116.8,33,2,3116.7,22,4,3116.6,27,2,3117.5,26,3,3118.0,200,1,3118.3,83,3,3118.4,84,3,3118.5,61,3
2031,2026-06-16 10:20:03+05:30,3116.8,4,3134.34,905228,103999.0,205375.0,3163.0,3163.0,3115.5,3134.3,31829600,3447.7,2820.9,3839.9,2896.0,3117.3,43,1,3117.0,112,6,3116.8,33,2,3116.7,22,4,3116.6,27,2,3117.5,26,3,3118.0,200,1,3118.3,83,3,3118.4,84,3,3118.5,61,3
2031,2026-06-16 10:20:04+05:30,3116.8,4,3134.33,905671,102898.0,205976.0,3163.0,3163.0,3115.5,3134.3,31829600,3447.7,2820.9,3839.9,2896.0,3117.0,6,1,3116.8,29,2,3116.7,4,3,3116.3,1,1,3116.2,50,1,3117.1,157,1,3117.5,26,3,3117.6,57,2,3117.8,290,4,3117.9,69,2
2031,2026-06-16 10:20:05+05:30,3116.8,4,3134.33,905671,103369.0,205954.0,3163.0,3163.0,3115.5,3134.3,31829600,3447.7,2820.9,3839.9,2896.0,3117.0,6,1,3116.8,29,2,3116.7,4,3,3116.3,1,1,3116.2,50,1,3117.1,173,2,3117.5,26,3,3117.6,38,1,3117.7,200,1,3117.8,71,2
2031,2026-06-16 10:20:05+05:30,3117.0,7,3134.33,905671,103369.0,205954.0,3163.0,3163.0,3115.5,3134.3,31829600,3447.7,2820.9,3839.9,2896.0,3117.0,6,1,3116.8,29,2,3116.7,4,3,3116.3,1,1,3116.2,50,1,3117.1,173,2,3117.5,26,3,3117.6,38,1,3117.7,200,1,3117.8,71,2
2031,2026-06-16 10:20:06+05:30,3117.0,7,3134.33,905678,103854.0,205949.0,3163.0,3163.0,3115.5,3134.3,31829600,3447.7,2820.9,3839.9,2896.0,3117.0,28,2,3116.8,29,2,3116.7,4,3,3116.3,1,1,3116.2,75,2,3117.1,173,2,3117.5,26,3,3117.6,38,1,3117.8,19,1,3117.9,269,3
2031,2026-06-16 10:20:06+05:30,3117.0,11,3134.33,905678,103854.0,205949.0,3163.0,3163.0,3115.5,3134.3,31829600,3447.7,2820.9,3839.9,2896.0,3117.0,28,2,3116.8,29,2,3116.7,4,3,3116.3,1,1,3116.2,75,2,3117.1,173,2,3117.5,26,3,3117.6,38,1,3117.8,19,1,3117.9,269,3
2031,2026-06-16 10:20:07+05:30,3117.0,11,3134.33,905696,103867.0,206013.0,3163.0,3163.0,3115.5,3134.3,31829600,3447.7,2820.9,3839.9,2896.0,3117.0,32,3,3116.8,29,2,3116.7,4,3,3116.3,26,2,3116.2,52,2,3117.1,172,2,3117.5,26,3,3117.6,38,1,3117.8,32,2,3117.9,254,2
2031,2026-06-16 10:20:07+05:30,3117.1,1,3134.33,905696,103867.0,206013.0,3163.0,3163.0,3115.5,3134.3,31829600,3447.7,2820.9,3839.9,2896.0,3117.0,32,3,3116.8,29,2,3116.7,4,3,3116.3,26,2,3116.2,52,2,3117.1,172,2,3117.5,26,3,3117.6,38,1,3117.8,32,2,3117.9,254,2
2031,2026-06-16 10:20:08+05:30,3117.1,1,3134.33,905697,104001.0,206090.0,3163.0,3163.0,3115.5,3134.3,31829600,3447.7,2820.9,3839.9,2896.0,3117.0,31,3,3116.8,29,2,3116.7,4,3,3116.3,26,2,3116.2,50,1,3117.1,197,3,3117.5,45,4,3117.6,38,1,3117.7,65,2,3117.8,232,3
2031,2026-06-16 10:20:08+05:30,3117.1,46,3134.33,905697,104001.0,206090.0,3163.0,3163.0,3115.5,3134.3,31829600,3447.7,2820.9,3839.9,2896.0,3117.0,31,3,3116.8,29,2,3116.7,4,3,3116.3,26,2,3116.2,50,1,3117.1,197,3,3117.5,45,4,3117.6,38,1,3117.7,65,2,3117.8,232,3
2031,2026-06-16 10:20:09+05:30,3117.1,36,3134.33,906040,104011.0,205127.0,3163.0,3163.0,3115.5,3134.3,31829600,3447.7,2820.9,3839.9,2896.0,3117.0,20,2,3116.8,29,2,3116.7,4,3,3116.6,25,1,3116.4,12,1,3117.1,16,1,3117.5,26,3,3117.8,32,2,3117.9,54,1,3118.0,248,3
2031,2026-06-16 10:20:09+05:30,3117.0,9,3134.33,906040,104011.0,205127.0,3163.0,3163.0,3115.5,3134.3,31829600,3447.7,2820.9,3839.9,2896.0,3117.0,20,2,3116.8,29,2,3116.7,4,3,3116.6,25,1,3116.4,12,1,3117.1,16,1,3117.5,26,3,3117.8,32,2,3117.9,54,1,3118.0,248,3
2031,2026-06-16 10:20:10+05:30,3117.0,9,3134.33,906049,103999.0,206359.0,3163.0,3163.0,3115.5,3134.3,31829600,3447.7,2820.9,3839.9,2896.0,3117.0,11,2,3116.8,29,2,3116.7,4,3,3116.4,12,1,3116.3,1,1,3117.1,33,2,3117.5,26,3,3117.8,32,2,3117.9,254,2,3118.0,90,3
2031,2026-06-16 10:20:10+05:30,3117.0,5,3134.33,906049,103999.0,206359.0,3163.0,3163.0,3115.5,3134.3,31829600,3447.7,2820.9,3839.9,2896.0,3117.0,11,2,3116.8,29,2,3116.7,4,3,3116.4,12,1,3116.3,1,1,3117.1,33,2,3117.5,26,3,3117.8,32,2,3117.9,254,2,3118.0,90,3
2031,2026-06-16 10:20:11+05:30,3117.1,12,3134.32,906079,103998.0,206337.0,3163.0,3163.0,3115.5,3134.3,31829600,3447.7,2820.9,3839.9,2896.0,3117.0,6,2,3116.8,29,2,3116.7,4,3,3116.3,1,1,3116.2,96,4,3117.1,11,2,3117.5,45,4,3117.8,261,4,3117.9,54,1,3118.0,90,3
2031,2026-06-16 10:20:11+05:30,3117.1,12,3134.32,906079,103998.0,206337.0,3163.0,3163.0,3115.5,3134.3,31829600,3447.7,2820.9,3839.9,2896.0,3117.0,6,2,3116.8,29,2,3116.7,4,3,3116.3,1,1,3116.2,96,4,3117.1,11,2,3117.5,45,4,3117.8,261,4,3117.9,54,1,3118.0,90,3
2031,2026-06-16 10:20:12+05:30,3117.1,1,3134.32,906080,103996.0,206563.0,3163.0,3163.0,3115.5,3134.3,31829600,3447.7,2820.9,3839.9,2896.0,3117.0,6,2,3116.8,29,2,3116.7,4,3,3116.3,1,1,3116.2,96,4,3117.1,47,4,3117.5,43,3,3117.7,29,1,3117.8,232,3,3117.9,54,1
2031,2026-06-16 10:20:12+05:30,3117.1,1,3134.32,906080,103996.0,206563.0,3163.0,3163.0,3115.5,3134.3,31829600,3447.7,2820.9,3839.9,2896.0,3117.0,6,2,3116.8,29,2,3116.7,4,3,3116.3,1,1,3116.2,96,4,3117.1,47,4,3117.5,43,3,3117.7,29,1,3117.8,232,3,3117.9,54,1
2031,2026-06-16 10:20:13+05:30,3117.1,1,3134.32,906080,103627.0,207142.0,3163.0,3163.0,3115.5,3134.3,31829600,3447.7,2820.9,3839.9,2896.0,3117.0,24,3,3116.8,29,2,3116.7,4,3,3116.3,1,1,3116.2,96,4,3117.1,52,5,3117.4,32,1,3117.5,24,2,3117.8,19,1,3117.9,286,4
2031,2026-06-16 10:20:13+05:30,3117.1,1,3134.32,906080,103627.0,207142.0,3163.0,3163.0,3115.5,3134.3,31829600,3447.7,2820.9,3839.9,2896.0,3117.0,24,3,3116.8,29,2,3116.7,4,3,3116.3,1,1,3116.2,96,4,3117.1,52,5,3117.4,32,1,3117.5,24,2,3117.8,19,1,3117.9,286,4
2031,2026-06-16 10:20:14+05:30,3116.5,65,3134.31,906675,103390.0,205046.0,3163.0,3163.0,3115.5,3134.3,31829600,3447.7,2820.9,3839.9,2896.0,3116.5,201,5,3116.4,93,6,3116.3,38,4,3116.2,100,4,3116.1,2,1,3117.1,30,5,3117.5,24,2,3117.9,19,1,3118.2,21,1,3118.3,109,4
2031,2026-06-16 10:20:14+05:30,3116.5,65,3134.31,906675,103390.0,205046.0,3163.0,3163.0,3115.5,3134.3,31829600,3447.7,2820.9,3839.9,2896.0,3116.5,201,5,3116.4,93,6,3116.3,38,4,3116.2,100,4,3116.1,2,1,3117.1,30,5,3117.5,24,2,3117.9,19,1,3118.2,21,1,3118.3,109,4
2031,2026-06-16 10:20:15+05:30,3117.1,4,3134.31,906741,104317.0,204928.0,3163.0,3163.0,3115.5,3134.3,31829600,3447.7,2820.9,3839.9,2896.0,3117.1,16,1,3117.0,61,6,3116.9,8,2,3116.8,50,5,3116.7,36,2,3117.5,24,2,3117.9,19,1,3118.3,83,3,3118.4,32,1,3118.6,74,2
2031,2026-06-16 10:20:15+05:30,3117.1,4,3134.31,906741,104317.0,204928.0,3163.0,3163.0,3115.5,3134.3,31829600,3447.7,2820.9,3839.9,2896.0,3117.1,16,1,3117.0,61,6,3116.9,8,2,3116.8,50,5,3116.7,36,2,3117.5,24,2,3117.9,19,1,3118.3,83,3,3118.4,32,1,3118.6,74,2
2031,2026-06-16 10:20:16+05:30,3117.1,24,3134.31,906838,104653.0,205114.0,3163.0,3163.0,3115.5,3134.3,31829600,3447.7,2820.9,3839.9,2896.0,3117.0,31,3,3116.9,23,2,3116.8,29,4,3116.7,36,2,3116.6,48,2,3117.1,103,1,3117.5,24,2,3117.9,19,1,3118.2,14,1,3118.3,79,3
2031,2026-06-16 10:20:16+05:30,3117.1,24,3134.31,906838,104653.0,205114.0,3163.0,3163.0,3115.5,3134.3,31829600,3447.7,2820.9,3839.9,2896.0,3117.0,31,3,3116.9,23,2,3116.8,29,4,3116.7,36,2,3116.6,48,2,3117.1,103,1,3117.5,24,2,3117.9,19,1,3118.2,14,1,3118.3,79,3
2031,2026-06-16 10:20:17+05:30,3117.0,16,3134.31,907074,103591.0,205848.0,3163.0,3163.0,3115.5,3134.3,31829600,3447.7,2820.9,3839.9,2896.0,3116.8,2,2,3116.3,25,2,3116.2,94,3,3116.1,2,1,3116.0,356,9,3117.0,1984,1,3117.1,113,2,3117.4,42,1,3117.5,22,2,3117.8,19,1
2031,2026-06-16 10:20:17+05:30,3116.3,8,3134.31,907074,103591.0,205848.0,3163.0,3163.0,3115.5,3134.3,31829600,3447.7,2820.9,3839.9,2896.0,3116.8,2,2,3116.3,25,2,3116.2,94,3,3116.1,2,1,3116.0,356,9,3117.0,1984,1,3117.1,113,2,3117.4,42,1,3117.5,22,2,3117.8,19,1
2031,2026-06-16 10:20:18+05:30,3116.3,8,3134.31,907088,103715.0,206099.0,3163.0,3163.0,3115.5,3134.3,31829600,3447.7,2820.9,3839.9,2896.0,3116.3,16,1,3116.2,99,4,3116.1,21,2,3116.0,333,8,3115.9,24,1,3116.9,102,1,3117.0,1984,1,3117.1,17,2,3117.5,3,1,3117.7,89,2
2031,2026-06-16 10:20:19+05:30,3116.3,8,3134.31,907088,103879.0,206186.0,3163.0,3163.0,3115.5,3134.3,31829600,3447.7,2820.9,3839.9,2896.0,3116.2,76,3,3116.1,2,1,3116.0,360,9,3115.9,24,1,3115.8,121,6,3116.9,167,3,3117.0,1984,1,3117.1,17,2,3117.5,43,2,3117.7,131,3
2031,2026-06-16 10:20:19+05:30,3116.9,50,3134.31,907088,103879.0,206186.0,3163.0,3163.0,3115.5,3134.3,31829600,3447.7,2820.9,3839.9,2896.0,3116.2,76,3,3116.1,2,1,3116.0,360,9,3115.9,24,1,3115.8,121,6,3116.9,167,3,3117.0,1984,1,3117.1,17,2,3117.5,43,2,3117.7,131,3
2031,2026-06-16 10:20:20+05:30,3116.9,1,3134.31,907088,103879.0,206186.0,3163.0,3163.0,3115.5,3134.3,31829600,3447.7,2820.9,3839.9,2896.0,3116.2,76,3,3116.1,2,1,3116.0,360,9,3115.9,24,1,3115.8,121,6,3116.9,167,3,3117.0,1984,1,3117.1,17,2,3117.5,43,2,3117.7,131,3
2031,2026-06-16 10:20:20+05:30,3116.9,1,3134.3,907144,103772.0,204959.0,3163.0,3163.0,3115.5,3134.3,31829600,3447.7,2820.9,3839.9,2896.0,3116.2,81,4,3116.1,2,1,3116.0,384,10,3115.9,24,1,3115.8,121,6,3116.9,123,4,3117.0,1984,1,3117.1,17,2,3117.5,40,1,3117.7,89,2
2031,2026-06-16 10:20:21+05:30,3116.2,46,3134.3,907144,103772.0,204959.0,3163.0,3163.0,3115.5,3134.3,31829600,3447.7,2820.9,3839.9,2896.0,3116.2,81,4,3116.1,2,1,3116.0,384,10,3115.9,24,1,3115.8,121,6,3116.9,123,4,3117.0,1984,1,3117.1,17,2,3117.5,40,1,3117.7,89,2
2031,2026-06-16 10:20:22+05:30,3116.2,46,3134.3,907190,104352.0,205842.0,3163.0,3163.0,3115.5,3134.3,31829600,3447.7,2820.9,3839.9,2896.0,3116.3,16,1,3116.2,35,4,3116.1,2,1,3116.0,347,8,3115.9,24,1,3116.9,77,3,3117.0,1984,1,3117.1,17,2,3117.5,40,1,3117.7,89,2
2031,2026-06-16 10:20:22+05:30,3116.9,1,3134.3,907190,104352.0,205842.0,3163.0,3163.0,3115.5,3134.3,31829600,3447.7,2820.9,3839.9,2896.0,3116.3,16,1,3116.2,35,4,3116.1,2,1,3116.0,347,8,3115.9,24,1,3116.9,77,3,3117.0,1984,1,3117.1,17,2,3117.5,40,1,3117.7,89,2
2031,2026-06-16 10:20:22+05:30,3116.9,1,3134.3,907191,104342.0,204031.0,3163.0,3163.0,3115.5,3134.3,31829600,3447.7,2820.9,3839.9,2896.0,3116.3,23,3,3116.2,25,3,3116.1,2,1,3116.0,347,8,3115.9,24,1,3116.9,76,3,3117.0,1984,1,3117.1,17,2,3117.5,40,1,3117.7,89,2
2031,2026-06-16 10:20:23+05:30,3116.9,1,3134.3,907191,104342.0,204031.0,3163.0,3163.0,3115.5,3134.3,31829600,3447.7,2820.9,3839.9,2896.0,3116.3,23,3,3116.2,25,3,3116.1,2,1,3116.0,347,8,3115.9,24,1,3116.9,76,3,3117.0,1984,1,3117.1,17,2,3117.5,40,1,3117.7,89,2
2031,2026-06-16 10:20:24+05:30,3116.9,1,3134.3,907191,104417.0,203929.0,3163.0,3163.0,3115.5,3134.3,31829600,3447.7,2820.9,3839.9,2896.0,3116.3,7,2,3116.2,9,2,3116.1,2,1,3116.0,344,8,3115.9,24,1,3116.9,76,3,3117.0,1984,1,3117.1,17,2,3117.5,40,1,3117.7,54,1
2031,2026-06-16 10:20:25+05:30,3116.9,1,3134.3,907191,104073.0,206011.0,3163.0,3163.0,3115.5,3134.3,31829600,3447.7,2820.9,3839.9,2896.0,3116.3,1,1,3116.2,33,3,3116.1,21,2,3116.0,320,7,3115.8,81,6,3116.9,76,3,3117.0,1984,1,3117.1,17,2,3117.4,42,1,3117.5,40,1
2031,2026-06-16 10:20:25+05:30,3116.9,1,3134.3,907191,104073.0,206011.0,3163.0,3163.0,3115.5,3134.3,31829600,3447.7,2820.9,3839.9,2896.0,3116.3,1,1,3116.2,33,3,3116.1,21,2,3116.0,320,7,3115.8,81,6,3116.9,76,3,3117.0,1984,1,3117.1,17,2,3117.4,42,1,3117.5,40,1
2031,2026-06-16 10:20:26+05:30,3116.9,1,3134.3,907191,104160.0,204098.0,3163.0,3163.0,3115.5,3134.3,31829600,3447.7,2820.9,3839.9,2896.0,3116.3,1,1,3116.2,33,3,3116.1,2,1,3116.0,320,7,3115.8,35,4,3116.9,76,3,3117.0,1984,1,3117.1,17,2,3117.4,42,1,3117.5,40,1
2031,2026-06-16 10:20:26+05:30,3116.9,1,3134.3,907191,104160.0,204098.0,3163.0,3163.0,3115.5,3134.3,31829600,3447.7,2820.9,3839.9,2896.0,3116.3,1,1,3116.2,33,3,3116.1,2,1,3116.0,320,7,3115.8,35,4,3116.9,76,3,3117.0,1984,1,3117.1,17,2,3117.4,42,1,3117.5,40,1
2031,2026-06-16 10:20:27+05:30,3116.9,1,3134.3,907192,104991.0,206086.0,3163.0,3163.0,3115.5,3134.3,31829600,3447.7,2820.9,3839.9,2896.0,3116.3,1,1,3116.2,33,3,3116.1,7,2,3116.0,320,7,3115.8,62,5,3116.9,82,4,3117.0,1984,1,3117.1,18,3,3117.4,42,1,3117.5,40,1
2031,2026-06-16 10:20:27+05:30,3116.9,1,3134.3,907192,104991.0,206086.0,3163.0,3163.0,3115.5,3134.3,31829600,3447.7,2820.9,3839.9,2896.0,3116.3,1,1,3116.2,33,3,3116.1,7,2,3116.0,320,7,3115.8,62,5,3116.9,82,4,3117.0,1984,1,3117.1,18,3,3117.4,42,1,3117.5,40,1
2031,2026-06-16 10:20:27+05:30,3116.9,1,3134.3,907192,104991.0,206086.0,3163.0,3163.0,3115.5,3134.3,31829600,3447.7,2820.9,3839.9,2896.0,3116.3,1,1,3116.2,33,3,3116.1,7,2,3116.0,320,7,3115.8,62,5,3116.9,82,4,3117.0,1984,1,3117.1,18,3,3117.4,42,1,3117.5,40,1
2031,2026-06-16 10:20:28+05:30,3116.9,7,3134.3,907200,104790.0,206301.0,3163.0,3163.0,3115.5,3134.3,31829600,3447.7,2820.9,3839.9,2896.0,3116.3,1,1,3116.2,33,3,3116.1,7,2,3116.0,320,7,3115.8,61,4,3116.9,74,4,3117.0,1984,1,3117.1,18,3,3117.5,40,1,3117.6,33,1
2031,2026-06-16 10:20:28+05:30,3116.9,7,3134.3,907200,104790.0,206301.0,3163.0,3163.0,3115.5,3134.3,31829600,3447.7,2820.9,3839.9,2896.0,3116.3,1,1,3116.2,33,3,3116.1,7,2,3116.0,320,7,3115.8,61,4,3116.9,74,4,3117.0,1984,1,3117.1,18,3,3117.5,40,1,3117.6,33,1
2031,2026-06-16 10:20:29+05:30,3116.9,7,3134.3,907200,104790.0,206301.0,3163.0,3163.0,3115.5,3134.3,31829600,3447.7,2820.9,3839.9,2896.0,3116.3,1,1,3116.2,33,3,3116.1,7,2,3116.0,320,7,3115.8,61,4,3116.9,74,4,3117.0,1984,1,3117.1,18,3,3117.5,40,1,3117.6,33,1
2031,2026-06-16 10:20:29+05:30,3116.9,7,3134.3,907200,105347.0,206332.0,3163.0,3163.0,3115.5,3134.3,31829600,3447.7,2820.9,3839.9,2896.0,3116.5,21,1,3116.3,39,3,3116.2,9,2,3116.1,43,4,3116.0,320,7,3116.9,74,4,3117.0,1984,1,3117.1,18,3,3117.5,40,1,3117.7,96,2
2031,2026-06-16 10:20:29+05:30,3116.9,30,3134.3,907200,105347.0,206332.0,3163.0,3163.0,3115.5,3134.3,31829600,3447.7,2820.9,3839.9,2896.0,3116.5,21,1,3116.3,39,3,3116.2,9,2,3116.1,43,4,3116.0,320,7,3116.9,74,4,3117.0,1984,1,3117.1,18,3,3117.5,40,1,3117.7,96,2
2031,2026-06-16 10:20:30+05:30,3116.9,30,3134.3,907303,105456.0,206278.0,3163.0,3163.0,3115.5,3134.3,31829600,3447.7,2820.9,3839.9,2896.0,3116.5,47,6,3116.3,15,2,3116.2,43,4,3116.1,7,2,3116.0,339,8,3116.9,27,3,3117.0,1984,1,3117.1,18,3,3117.5,40,1,3117.7,96,2
2031,2026-06-16 10:20:30+05:30,3116.5,3,3134.3,907303,105456.0,206278.0,3163.0,3163.0,3115.5,3134.3,31829600,3447.7,2820.9,3839.9,2896.0,3116.5,47,6,3116.3,15,2,3116.2,43,4,3116.1,7,2,3116.0,339,8,3116.9,27,3,3117.0,1984,1,3117.1,18,3,3117.5,40,1,3117.7,96,2
2031,2026-06-16 10:20:31+05:30,3116.5,3,3134.3,907303,105456.0,206278.0,3163.0,3163.0,3115.5,3134.3,31829600,3447.7,2820.9,3839.9,2896.0,3116.5,47,6,3116.3,15,2,3116.2,43,4,3116.1,7,2,3116.0,339,8,3116.9,27,3,3117.0,1984,1,3117.1,18,3,3117.5,40,1,3117.7,96,2
2031,2026-06-16 10:20:31+05:30,3116.9,11,3134.29,907683,105477.0,206438.0,3163.0,3163.0,3115.5,3134.3,31829600,3447.7,2820.9,3839.9,2896.0,3116.5,25,2,3116.3,17,3,3116.2,24,3,3116.1,7,2,3116.0,320,7,3116.9,32,3,3117.0,1984,1,3117.1,18,3,3117.5,40,1,3117.6,42,1
2031,2026-06-16 10:20:31+05:30,3116.9,12,3134.29,907683,105477.0,206438.0,3163.0,3163.0,3115.5,3134.3,31829600,3447.7,2820.9,3839.9,2896.0,3116.5,25,2,3116.3,17,3,3116.2,24,3,3116.1,7,2,3116.0,320,7,3116.9,32,3,3117.0,1984,1,3117.1,18,3,3117.5,40,1,3117.6,42,1
2031,2026-06-16 10:20:32+05:30,3116.9,12,3134.29,907708,105647.0,206236.0,3163.0,3163.0,3115.5,3134.3,31829600,3447.7,2820.9,3839.9,2896.0,3116.5,87,5,3116.3,17,3,3116.2,24,3,3116.1,43,4,3116.0,320,7,3116.9,19,2,3117.0,1984,1,3117.1,18,3,3117.5,40,1,3117.7,96,2
2031,2026-06-16 10:20:32+05:30,3116.9,12,3134.29,907708,105647.0,206236.0,3163.0,3163.0,3115.5,3134.3,31829600,3447.7,2820.9,3839.9,2896.0,3116.5,87,5,3116.3,17,3,3116.2,24,3,3116.1,43,4,3116.0,320,7,3116.9,19,2,3117.0,1984,1,3117.1,18,3,3117.5,40,1,3117.7,96,2
2031,2026-06-16 10:20:33+05:30,3116.9,1,3134.29,907711,105756.0,206238.0,3163.0,3163.0,3115.5,3134.3,31829600,3447.7,2820.9,3839.9,2896.0,3116.5,71,4,3116.3,40,4,3116.2,24,3,3116.1,203,5,3116.0,320,7,3116.9,19,3,3117.0,1984,1,3117.1,19,4,3117.5,40,1,3117.7,96,2
2031,2026-06-16 10:20:33+05:30,3116.9,1,3134.29,907711,105756.0,206238.0,3163.0,3163.0,3115.5,3134.3,31829600,3447.7,2820.9,3839.9,2896.0,3116.5,71,4,3116.3,40,4,3116.2,24,3,3116.1,203,5,3116.0,320,7,3116.9,19,3,3117.0,1984,1,3117.1,19,4,3117.5,40,1,3117.7,96,2
2031,2026-06-16 10:20:33+05:30,3116.9,1,3134.29,907711,105756.0,206238.0,3163.0,3163.0,3115.5,3134.3,31829600,3447.7,2820.9,3839.9,2896.0,3116.5,71,4,3116.3,40,4,3116.2,24,3,3116.1,203,5,3116.0,320,7,3116.9,19,3,3117.0,1984,1,3117.1,19,4,3117.5,40,1,3117.7,96,2
2031,2026-06-16 10:20:34+05:30,3116.9,1,3134.29,907711,105756.0,206038.0,3163.0,3163.0,3115.5,3134.3,31829600,3447.7,2820.9,3839.9,2896.0,3116.5,71,4,3116.3,40,4,3116.2,24,3,3116.1,203,5,3116.0,320,7,3116.9,19,3,3117.0,1984,1,3117.1,19,4,3117.5,40,1,3117.7,96,2
2031,2026-06-16 10:20:34+05:30,3116.9,1,3134.29,907711,105756.0,206038.0,3163.0,3163.0,3115.5,3134.3,31829600,3447.7,2820.9,3839.9,2896.0,3116.5,71,4,3116.3,40,4,3116.2,24,3,3116.1,203,5,3116.0,320,7,3116.9,19,3,3117.0,1984,1,3117.1,19,4,3117.5,40,1,3117.7,96,2
2031,2026-06-16 10:20:35+05:30,3116.9,1,3134.29,907711,105756.0,206038.0,3163.0,3163.0,3115.5,3134.3,31829600,3447.7,2820.9,3839.9,2896.0,3116.5,71,4,3116.3,40,4,3116.2,24,3,3116.1,203,5,3116.0,320,7,3116.9,19,3,3117.0,1984,1,3117.1,19,4,3117.5,40,1,3117.7,96,2
2031,2026-06-16 10:20:35+05:30,3116.9,2,3134.29,907724,105617.0,206320.0,3163.0,3163.0,3115.5,3134.3,31829600,3447.7,2820.9,3839.9,2896.0,3116.5,79,4,3116.3,41,4,3116.2,19,3,3116.1,7,2,3116.0,320,7,3116.9,77,4,3117.0,1984,1,3117.1,19,4,3117.5,59,2,3117.7,96,2
2031,2026-06-16 10:20:35+05:30,3116.9,2,3134.29,907724,105617.0,206320.0,3163.0,3163.0,3115.5,3134.3,31829600,3447.7,2820.9,3839.9,2896.0,3116.5,79,4,3116.3,41,4,3116.2,19,3,3116.1,7,2,3116.0,320,7,3116.9,77,4,3117.0,1984,1,3117.1,19,4,3117.5,59,2,3117.7,96,2
2031,2026-06-16 10:20:35+05:30,3116.9,2,3134.29,907724,105617.0,206320.0,3163.0,3163.0,3115.5,3134.3,31829600,3447.7,2820.9,3839.9,2896.0,3116.5,79,4,3116.3,41,4,3116.2,19,3,3116.1,7,2,3116.0,320,7,3116.9,77,4,3117.0,1984,1,3117.1,19,4,3117.5,59,2,3117.7,96,2
2031,2026-06-16 10:20:36+05:30,3116.9,2,3134.29,907724,105617.0,206320.0,3163.0,3163.0,3115.5,3134.3,31829600,3447.7,2820.9,3839.9,2896.0,3116.5,79,4,3116.3,41,4,3116.2,19,3,3116.1,7,2,3116.0,320,7,3116.9,77,4,3117.0,1984,1,3117.1,19,4,3117.5,59,2,3117.7,96,2
2031,2026-06-16 10:20:36+05:30,3116.9,10,3134.29,907746,105837.0,206560.0,3163.0,3163.0,3115.5,3134.3,31829600,3447.7,2820.9,3839.9,2896.0,3116.7,23,1,3116.5,61,4,3116.3,41,4,3116.2,19,3,3116.1,7,2,3116.9,67,3,3117.0,1984,1,3117.1,19,4,3117.5,40,1,3117.6,42,1
2031,2026-06-16 10:20:36+05:30,3117.1,2,3134.29,907746,105837.0,206560.0,3163.0,3163.0,3115.5,3134.3,31829600,3447.7,2820.9,3839.9,2896.0,3116.7,23,1,3116.5,61,4,3116.3,41,4,3116.2,19,3,3116.1,7,2,3116.9,67,3,3117.0,1984,1,3117.1,19,4,3117.5,40,1,3117.6,42,1
2031,2026-06-16 10:20:36+05:30,3117.1,2,3134.29,907746,105837.0,206560.0,3163.0,3163.0,3115.5,3134.3,31829600,3447.7,2820.9,3839.9,2896.0,3116.7,23,1,3116.5,61,4,3116.3,41,4,3116.2,19,3,3116.1,7,2,3116.9,67,3,3117.0,1984,1,3117.1,19,4,3117.5,40,1,3117.6,42,1
2031,2026-06-16 10:20:37+05:30,3117.1,1,3134.25,910073,107424.0,202820.0,3163.0,3163.0,3115.5,3134.3,31829600,3447.7,2820.9,3839.9,2896.0,3117.1,22,3,3117.0,61,4,3116.9,49,5,3116.8,63,4,3116.7,59,3,3117.7,2,1,3117.9,91,1,3118.0,200,1,3118.3,12,1,3118.4,58,2
2031,2026-06-16 10:20:37+05:30,3117.1,1,3134.25,910073,107424.0,202820.0,3163.0,3163.0,3115.5,3134.3,31829600,3447.7,2820.9,3839.9,2896.0,3117.1,22,3,3117.0,61,4,3116.9,49,5,3116.8,63,4,3116.7,59,3,3117.7,2,1,3117.9,91,1,3118.0,200,1,3118.3,12,1,3118.4,58,2
2031,2026-06-16 10:20:38+05:30,3117.1,1,3134.25,910073,107424.0,202820.0,3163.0,3163.0,3115.5,3134.3,31829600,3447.7,2820.9,3839.9,2896.0,3117.1,22,3,3117.0,61,4,3116.9,49,5,3116.8,63,4,3116.7,59,3,3117.7,2,1,3117.9,91,1,3118.0,200,1,3118.3,12,1,3118.4,58,2
2031,2026-06-16 10:20:38+05:30,3117.7,1,3134.25,910074,107310.0,203333.0,3163.0,3163.0,3115.5,3134.3,31829600,3447.7,2820.9,3839.9,2896.0,3117.4,5,1,3117.3,24,1,3117.1,1,1,3116.9,3,1,3116.8,32,2,3117.7,89,2,3117.9,6,1,3118.0,200,1,3118.1,63,2,3118.3,54,2
2031,2026-06-16 10:20:38+05:30,3117.7,1,3134.25,910074,107310.0,203333.0,3163.0,3163.0,3115.5,3134.3,31829600,3447.7,2820.9,3839.9,2896.0,3117.4,5,1,3117.3,24,1,3117.1,1,1,3116.9,3,1,3116.8,32,2,3117.7,89,2,3117.9,6,1,3118.0,200,1,3118.1,63,2,3118.3,54,2
2031,2026-06-16 10:20:39+05:30,3117.7,1,3134.25,910074,107310.0,203333.0,3163.0,3163.0,3115.5,3134.3,31829600,3447.7,2820.9,3839.9,2896.0,3117.4,5,1,3117.3,24,1,3117.1,1,1,3116.9,3,1,3116.8,32,2,3117.7,89,2,3117.9,6,1,3118.0,200,1,3118.1,63,2,3118.3,54,2
2031,2026-06-16 10:20:39+05:30,3117.4,1,3134.25,910081,107431.0,203129.0,3163.0,3163.0,3115.5,3134.3,31829600,3447.7,2820.9,3839.9,2896.0,3117.4,4,1,3117.3,24,1,3117.1,1,1,3117.0,45,3,3116.9,18,2,3117.7,90,3,3117.9,6,1,3118.0,200,1,3118.1,44,1,3118.3,54,2
2031,2026-06-16 10:20:39+05:30,3117.4,1,3134.25,910081,107431.0,203129.0,3163.0,3163.0,3115.5,3134.3,31829600,3447.7,2820.9,3839.9,2896.0,3117.4,4,1,3117.3,24,1,3117.1,1,1,3117.0,45,3,3116.9,18,2,3117.7,90,3,3117.9,6,1,3118.0,200,1,3118.1,44,1,3118.3,54,2
2031,2026-06-16 10:20:40+05:30,3117.4,1,3134.25,910081,107431.0,203129.0,3163.0,3163.0,3115.5,3134.3,31829600,3447.7,2820.9,3839.9,2896.0,3117.4,4,1,3117.3,24,1,3117.1,1,1,3117.0,45,3,3116.9,18,2,3117.7,90,3,3117.9,6,1,3118.0,200,1,3118.1,44,1,3118.3,54,2
2031,2026-06-16 10:20:40+05:30,3117.5,41,3134.25,910081,107431.0,203129.0,3163.0,3163.0,3115.5,3134.3,31829600,3447.7,2820.9,3839.9,2896.0,3117.4,4,1,3117.3,24,1,3117.1,1,1,3117.0,45,3,3116.9,18,2,3117.7,90,3,3117.9,6,1,3118.0,200,1,3118.1,44,1,3118.3,54,2
2031,2026-06-16 10:20:40+05:30,3117.5,41,3134.24,910469,107354.0,203638.0,3163.0,3163.0,3115.5,3134.3,31829600,3447.7,2820.9,3839.9,2896.0,3117.4,11,2,3117.1,1,1,3116.9,18,2,3116.8,16,1,3116.6,24,1,3117.5,20,1,3117.7,143,4,3118.0,219,2,3118.1,96,2,3118.2,93,3
2031,2026-06-16 10:20:41+05:30,3117.5,41,3134.24,910469,107354.0,203638.0,3163.0,3163.0,3115.5,3134.3,31829600,3447.7,2820.9,3839.9,2896.0,3117.4,11,2,3117.1,1,1,3116.9,18,2,3116.8,16,1,3116.6,24,1,3117.5,20,1,3117.7,143,4,3118.0,219,2,3118.1,96,2,3118.2,93,3
2031,2026-06-16 10:20:41+05:30,3117.5,41,3134.24,910469,107568.0,201310.0,3163.0,3163.0,3115.5,3134.3,31829600,3447.7,2820.9,3839.9,2896.0,3117.4,11,2,3117.1,1,1,3116.9,168,3,3116.8,16,1,3116.7,48,2,3117.5,34,2,3117.7,52,3,3118.0,200,1,3118.1,54,1,3118.2,63,2
2031,2026-06-16 10:20:41+05:30,3117.5,41,3134.24,910469,107568.0,201310.0,3163.0,3163.0,3115.5,3134.3,31835600,3447.7,2820.9,3839.9,2896.0,3117.4,11,2,3117.1,1,1,3116.9,168,3,3116.8,16,1,3116.7,48,2,3117.5,34,2,3117.7,52,3,3118.0,200,1,3118.1,54,1,3118.2,63,2
2031,2026-06-16 10:20:42+05:30,3117.5,41,3134.24,910469,107608.0,203481.0,3163.0,3163.0,3115.5,3134.3,31835600,3447.7,2820.9,3839.9,2896.0,3117.4,51,3,3117.1,1,1,3116.9,168,3,3116.8,16,1,3116.7,48,2,3117.5,34,2,3117.7,52,3,3117.9,19,1,3118.0,200,1,3118.1,54,1
2031,2026-06-16 10:20:43+05:30,3117.5,1,3134.24,910469,107608.0,203481.0,3163.0,3163.0,3115.5,3134.3,31835600,3447.7,2820.9,3839.9,2896.0,3117.4,51,3,3117.1,1,1,3116.9,168,3,3116.8,16,1,3116.7,48,2,3117.5,34,2,3117.7,52,3,3117.9,19,1,3118.0,200,1,3118.1,54,1
2031,2026-06-16 10:20:44+05:30,3117.5,1,3134.24,910470,107769.0,203464.0,3163.0,3163.0,3115.5,3134.3,31835600,3447.7,2820.9,3839.9,2896.0,3117.4,51,3,3117.1,1,1,3116.9,168,3,3116.8,16,1,3116.7,48,2,3117.5,36,3,3117.7,52,3,3118.0,200,1,3118.1,54,1,3118.2,19,1
2031,2026-06-16 10:20:44+05:30,3117.5,3,3134.24,910470,107769.0,203464.0,3163.0,3163.0,3115.5,3134.3,31835600,3447.7,2820.9,3839.9,2896.0,3117.4,51,3,3117.1,1,1,3116.9,168,3,3116.8,16,1,3116.7,48,2,3117.5,36,3,3117.7,52,3,3118.0,200,1,3118.1,54,1,3118.2,19,1
2031,2026-06-16 10:20:44+05:30,3117.5,3,3134.24,910691,107763.0,203303.0,3163.0,3163.0,3115.5,3134.3,31835600,3447.7,2820.9,3839.9,2896.0,3117.4,51,3,3117.3,14,1,3117.1,1,1,3117.0,2,1,3116.9,189,4,3117.5,17,1,3117.7,52,3,3118.0,200,1,3118.3,12,1,3118.4,61,3
2031,2026-06-16 10:20:45+05:30,3117.5,11,3134.24,910691,107763.0,203303.0,3163.0,3163.0,3115.5,3134.3,31835600,3447.7,2820.9,3839.9,2896.0,3117.4,51,3,3117.3,14,1,3117.1,1,1,3117.0,2,1,3116.9,189,4,3117.5,17,1,3117.7,52,3,3118.0,200,1,3118.3,12,1,3118.4,61,3
2031,2026-06-16 10:20:46+05:30,3117.5,11,3134.24,910719,107832.0,203743.0,3163.0,3163.0,3115.5,3134.3,31835600,3447.7,2820.9,3839.9,2896.0,3117.5,2,2,3117.4,49,3,3117.3,14,1,3117.1,1,1,3117.0,2,1,3117.7,52,3,3118.0,200,1,3118.3,12,1,3118.4,108,3,3118.5,32,1
2031,2026-06-16 10:20:46+05:30,3117.7,1,3134.24,910719,107832.0,203743.0,3163.0,3163.0,3115.5,3134.3,31835600,3447.7,2820.9,3839.9,2896.0,3117.5,2,2,3117.4,49,3,3117.3,14,1,3117.1,1,1,3117.0,2,1,3117.7,52,3,3118.0,200,1,3118.3,12,1,3118.4,108,3,3118.5,32,1
2031,2026-06-16 10:20:47+05:30,3117.7,2,3134.23,911122,107693.0,202933.0,3163.0,3163.0,3115.5,3134.3,31835600,3447.7,2820.9,3839.9,2896.0,3116.9,64,2,3116.6,54,2,3116.5,6,1,3116.4,102,5,3116.3,222,5,3117.7,55,5,3117.9,19,1,3118.0,200,1,3118.1,104,2,3118.2,61,2
2031,2026-06-16 10:20:47+05:30,3117.7,3,3134.23,911122,107693.0,202933.0,3163.0,3163.0,3115.5,3134.3,31835600,3447.7,2820.9,3839.9,2896.0,3116.9,64,2,3116.6,54,2,3116.5,6,1,3116.4,102,5,3116.3,222,5,3117.7,55,5,3117.9,19,1,3118.0,200,1,3118.1,104,2,3118.2,61,2
2031,2026-06-16 10:20:48+05:30,3117.7,3,3134.23,911125,107706.0,203141.0,3163.0,3163.0,3115.5,3134.3,31835600,3447.7,2820.9,3839.9,2896.0,3117.3,1,1,3116.9,64,2,3116.8,25,2,3116.6,54,2,3116.5,168,2,3117.7,97,6,3118.0,200,1,3118.1,54,1,3118.2,105,3,3118.3,42,2
2031,2026-06-16 10:20:49+05:30,3117.7,1,3134.23,911126,107774.0,203017.0,3163.0,3163.0,3115.5,3134.3,31835600,3447.7,2820.9,3839.9,2896.0,3117.3,38,2,3116.9,75,3,3116.8,25,2,3116.6,54,2,3116.5,188,3,3117.5,19,1,3117.7,105,7,3118.0,200,1,3118.1,54,1,3118.2,19,1
2031,2026-06-16 10:20:49+05:30,3117.5,1,3134.23,911126,107774.0,203017.0,3163.0,3163.0,3115.5,3134.3,31835600,3447.7,2820.9,3839.9,2896.0,3117.3,38,2,3116.9,75,3,3116.8,25,2,3116.6,54,2,3116.5,188,3,3117.5,19,1,3117.7,105,7,3118.0,200,1,3118.1,54,1,3118.2,19,1
2031,2026-06-16 10:20:50+05:30,3117.5,1,3134.23,911127,107869.0,202986.0,3163.0,3163.0,3115.5,3134.3,31835600,3447.7,2820.9,3839.9,2896.0,3117.3,63,3,3117.0,24,1,3116.9,75,3,3116.8,14,2,3116.7,36,2,3117.5,18,1,3117.7,105,7,3118.0,200,1,3118.1,54,1,3118.2,19,1
2031,2026-06-16 10:20:50+05:30,3117.5,7,3134.23,911127,107869.0,202986.0,3163.0,3163.0,3115.5,3134.3,31835600,3447.7,2820.9,3839.9,2896.0,3117.3,63,3,3117.0,24,1,3116.9,75,3,3116.8,14,2,3116.7,36,2,3117.5,18,1,3117.7,105,7,3118.0,200,1,3118.1,54,1,3118.2,19,1
2031,2026-06-16 10:20:51+05:30,3117.3,12,3134.23,911202,107534.0,203149.0,3163.0,3163.0,3115.5,3134.3,31835600,3447.7,2820.9,3839.9,2896.0,3117.3,14,2,3116.9,75,3,3116.8,1,1,3116.6,24,1,3116.5,26,2,3117.5,2,1,3117.7,105,7,3117.9,19,1,3118.0,200,1,3118.1,117,3
2031,2026-06-16 10:20:51+05:30,3117.3,1,3134.23,911202,107534.0,203149.0,3163.0,3163.0,3115.5,3134.3,31835600,3447.7,2820.9,3839.9,2896.0,3117.3,14,2,3116.9,75,3,3116.8,1,1,3116.6,24,1,3116.5,26,2,3117.5,2,1,3117.7,105,7,3117.9,19,1,3118.0,200,1,3118.1,117,3
2031,2026-06-16 10:20:52+05:30,3117.5,1,3134.23,911204,107923.0,203262.0,3163.0,3163.0,3115.5,3134.3,31835600,3447.7,2820.9,3839.9,2896.0,3117.3,13,2,3116.9,75,3,3116.6,24,1,3116.5,55,3,3116.4,54,3,3117.5,2,2,3117.7,105,7,3117.9,19,1,3118.0,238,2,3118.1,117,3
2031,2026-06-16 10:20:52+05:30,3117.5,1,3134.23,911204,107923.0,203262.0,3163.0,3163.0,3115.5,3134.3,31835600,3447.7,2820.9,3839.9,2896.0,3117.3,13,2,3116.9,75,3,3116.6,24,1,3116.5,55,3,3116.4,54,3,3117.5,2,2,3117.7,105,7,3117.9,19,1,3118.0,238,2,3118.1,117,3
2031,2026-06-16 10:20:53+05:30,3117.5,1,3134.23,911205,107928.0,203186.0,3163.0,3163.0,3115.5,3134.3,31835600,3447.7,2820.9,3839.9,2896.0,3117.3,13,2,3116.9,75,3,3116.6,24,1,3116.5,55,3,3116.4,54,3,3117.5,3,2,3117.7,105,7,3117.9,19,1,3118.0,238,2,3118.1,117,3
2031,2026-06-16 10:20:53+05:30,3117.5,1,3134.23,911205,107928.0,203186.0,3163.0,3163.0,3115.5,3134.3,31835600,3447.7,2820.9,3839.9,2896.0,3117.3,13,2,3116.9,75,3,3116.6,24,1,3116.5,55,3,3116.4,54,3,3117.5,3,2,3117.7,105,7,3117.9,19,1,3118.0,238,2,3118.1,117,3
2031,2026-06-16 10:20:54+05:30,3117.5,1,3134.23,911216,108082.0,203232.0,3163.0,3163.0,3115.5,3134.3,31835600,3447.7,2820.9,3839.9,2896.0,3117.3,26,2,3116.9,75,3,3116.6,24,1,3116.5,55,3,3116.4,54,3,3117.5,1,1,3117.7,105,7,3118.0,200,1,3118.1,169,5,3118.2,108,4
2031,2026-06-16 10:20:54+05:30,3117.5,1,3134.23,911216,108082.0,203232.0,3163.0,3163.0,3115.5,3134.3,31835600,3447.7,2820.9,3839.9,2896.0,3117.3,26,2,3116.9,75,3,3116.6,24,1,3116.5,55,3,3116.4,54,3,3117.5,1,1,3117.7,105,7,3118.0,200,1,3118.1,169,5,3118.2,108,4
2031,2026-06-16 10:20:55+05:30,3117.5,1,3134.23,911217,108125.0,203888.0,3163.0,3163.0,3115.5,3134.3,31835600,3447.7,2820.9,3839.9,2896.0,3117.5,21,1,3117.3,1,1,3116.9,75,3,3116.7,24,1,3116.5,55,3,3117.7,105,7,3117.9,19,1,3118.0,238,2,3118.1,169,5,3118.2,108,4
2031,2026-06-16 10:20:55+05:30,3117.5,14,3134.23,911217,108125.0,203888.0,3163.0,3163.0,3115.5,3134.3,31835600,3447.7,2820.9,3839.9,2896.0,3117.5,21,1,3117.3,1,1,3116.9,75,3,3116.7,24,1,3116.5,55,3,3117.7,105,7,3117.9,19,1,3118.0,238,2,3118.1,169,5,3118.2,108,4
2031,2026-06-16 10:20:56+05:30,3117.5,14,3134.23,911282,108358.0,203546.0,3163.0,3163.0,3115.5,3134.3,31835600,3447.7,2820.9,3839.9,2896.0,3117.3,24,2,3117.0,60,1,3116.9,75,3,3116.5,26,2,3116.4,54,3,3117.7,136,9,3117.8,57,2,3117.9,15,2,3118.0,224,3,3118.1,199,6
2031,2026-06-16 10:20:57+05:30,3117.5,14,3134.23,911282,108548.0,203388.0,3163.0,3163.0,3115.5,3134.3,31835600,3447.7,2820.9,3839.9,2896.0,3117.3,27,4,3117.0,61,2,3116.9,75,3,3116.6,24,1,3116.5,26,2,3117.7,136,9,3117.8,38,1,3117.9,15,2,3118.0,224,3,3118.1,169,5
2031,2026-06-16 10:20:58+05:30,3117.5,14,3134.23,911282,108594.0,204025.0,3163.0,3163.0,3115.5,3134.3,31835600,3447.7,2820.9,3839.9,2896.0,3117.5,20,1,3117.3,27,4,3117.0,62,3,3116.9,75,3,3116.6,24,1,3117.7,136,9,3117.8,38,1,3117.9,24,2,3118.0,205,2,3118.1,90,2
2031,2026-06-16 10:20:59+05:30,3117.7,1,3134.23,911284,108595.0,203958.0,3163.0,3163.0,3115.5,3134.3,31835600,3447.7,2820.9,3839.9,2896.0,3117.5,34,3,3117.3,27,4,3117.0,62,3,3116.9,64,2,3116.8,24,1,3117.7,125,8,3117.9,5,1,3118.0,205,2,3118.1,90,2,3118.2,60,2
2031,2026-06-16 10:20:59+05:30,3117.7,1,3134.23,911284,108595.0,203958.0,3163.0,3163.0,3115.5,3134.3,31835600,3447.7,2820.9,3839.9,2896.0,3117.5,34,3,3117.3,27,4,3117.0,62,3,3116.9,64,2,3116.8,24,1,3117.7,125,8,3117.9,5,1,3118.0,205,2,3118.1,90,2,3118.2,60,2
2031,2026-06-16 10:21:00+05:30,3117.7,2,3134.22,911514,108736.0,203852.0,3163.0,3163.0,3115.5,3134.3,31835600,3447.7,2820.9,3839.9,2896.0,3117.6,2,2,3117.5,45,5,3117.3,4,3,3117.1,1,1,3117.0,62,3,3117.7,20,4,3118.0,205,2,3118.1,55,2,3118.2,41,1,3118.3,87,3
2031,2026-06-16 10:21:00+05:30,3117.7,2,3134.22,911514,108736.0,203852.0,3163.0,3163.0,3115.5,3134.3,31835600,3447.7,2820.9,3839.9,2896.0,3117.6,2,2,3117.5,45,5,3117.3,4,3,3117.1,1,1,3117.0,62,3,3117.7,20,4,3118.0,205,2,3118.1,55,2,3118.2,41,1,3118.3,87,3
2031,2026-06-16 10:21:01+05:30,3118.5,25,3134.22,911514,108736.0,203852.0,3163.0,3163.0,3115.5,3134.3,31835600,3447.7,2820.9,3839.9,2896.0,3117.6,2,2,3117.5,45,5,3117.3,4,3,3117.1,1,1,3117.0,62,3,3117.7,20,4,3118.0,205,2,3118.1,55,2,3118.2,41,1,3118.3,87,3
2031,2026-06-16 10:21:02+05:30,3118.5,25,3134.21,912414,108682.0,202583.0,3163.0,3163.0,3115.5,3134.3,31835600,3447.7,2820.9,3839.9,2896.0,3117.6,2,2,3117.5,45,5,3117.3,4,3,3117.1,1,1,3117.0,62,3,3117.9,200,1,3118.4,70,3,3118.5,97,5,3118.6,107,4,3118.7,13,1
2031,2026-06-16 10:21:02+05:30,3117.7,1,3134.21,912414,108682.0,202583.0,3163.0,3163.0,3115.5,3134.3,31835600,3447.7,2820.9,3839.9,2896.0,3117.6,2,2,3117.5,45,5,3117.3,4,3,3117.1,1,1,3117.0,62,3,3117.9,200,1,3118.4,70,3,3118.5,97,5,3118.6,107,4,3118.7,13,1
2031,2026-06-16 10:21:03+05:30,3117.7,1,3134.21,912415,108933.0,202639.0,3163.0,3163.0,3115.5,3134.3,31835600,3447.7,2820.9,3839.9,2896.0,3117.6,42,3,3117.5,45,5,3117.3,28,4,3117.1,1,1,3117.0,62,3,3117.7,64,2,3118.0,200,1,3118.2,19,1,3118.4,70,3,3118.5,63,4
2031,2026-06-16 10:21:04+05:30,3117.7,1,3134.21,912415,108880.0,202752.0,3163.0,3163.0,3115.5,3134.3,31835600,3447.7,2820.9,3839.9,2896.0,3117.6,42,3,3117.5,45,5,3117.3,28,4,3117.1,1,1,3117.0,62,3,3117.7,96,4,3117.9,19,1,3118.0,230,2,3118.2,49,2,3118.4,124,4
2031,2026-06-16 10:21:05+05:30,3117.6,6,3134.21,912425,108898.0,202868.0,3163.0,3163.0,3115.5,3134.3,31835600,3447.7,2820.9,3839.9,2896.0,3117.6,36,3,3117.5,45,5,3117.3,28,4,3117.1,1,1,3117.0,61,2,3117.7,157,6,3117.8,30,1,3118.0,256,4,3118.2,65,3,3118.3,34,1
2031,2026-06-16 10:21:05+05:30,3117.6,6,3134.21,912425,108898.0,202868.0,3163.0,3163.0,3115.5,3134.3,31835600,3447.7,2820.9,3839.9,2896.0,3117.6,36,3,3117.5,45,5,3117.3,28,4,3117.1,1,1,3117.0,61,2,3117.7,157,6,3117.8,30,1,3118.0,256,4,3118.2,65,3,3118.3,34,1
2031,2026-06-16 10:21:06+05:30,3117.7,50,3134.2,912657,109764.0,202868.0,3163.0,3163.0,3115.5,3134.3,31835600,3447.7,2820.9,3839.9,2896.0,3117.7,8,1,3117.6,36,3,3117.5,45,5,3117.3,4,3,3117.1,1,1,3118.0,256,4,3118.2,65,3,3118.3,34,1,3118.4,124,4,3118.5,63,4
2031,2026-06-16 10:21:06+05:30,3117.7,50,3134.2,912657,109764.0,202868.0,3163.0,3163.0,3115.5,3134.3,31835600,3447.7,2820.9,3839.9,2896.0,3117.7,8,1,3117.6,36,3,3117.5,45,5,3117.3,4,3,3117.1,1,1,3118.0,256,4,3118.2,65,3,3118.3,34,1,3118.4,124,4,3118.5,63,4
2031,2026-06-16 10:21:07+05:30,3117.7,50,3134.2,912657,109861.0,202887.0,3163.0,3163.0,3115.5,3134.3,31835600,3447.7,2820.9,3839.9,2896.0,3117.7,100,1,3117.6,36,3,3117.5,45,5,3117.3,4,3,3117.1,1,1,3118.0,219,2,3118.2,65,3,3118.3,34,1,3118.4,124,4,3118.5,63,4
2031,2026-06-16 10:21:08+05:30,3117.7,50,3134.2,912657,110154.0,201438.0,3163.0,3163.0,3115.5,3134.3,31835600,3447.7,2820.9,3839.9,2896.0,3117.7,164,4,3117.6,36,3,3117.5,35,4,3117.3,2,2,3117.1,93,3,3118.1,200,1,3118.5,52,3,3118.6,62,2,3118.7,63,2,3118.8,114,4
2031,2026-06-16 10:21:09+05:30,3117.7,1,3134.2,912857,110100.0,203432.0,3163.0,3163.0,3115.5,3134.3,31835600,3447.7,2820.9,3839.9,2896.0,3117.7,63,3,3117.6,36,3,3117.5,85,5,3117.3,2,2,3117.1,1,1,3118.0,34,2,3118.1,200,1,3118.2,21,1,3118.3,30,1,3118.4,75,3
2031,2026-06-16 10:21:09+05:30,3117.7,1,3134.2,912857,110100.0,203432.0,3163.0,3163.0,3115.5,3134.3,31835600,3447.7,2820.9,3839.9,2896.0,3117.7,63,3,3117.6,36,3,3117.5,85,5,3117.3,2,2,3117.1,1,1,3118.0,34,2,3118.1,200,1,3118.2,21,1,3118.3,30,1,3118.4,75,3
2031,2026-06-16 10:21:10+05:30,3118.0,1,3134.2,912866,110039.0,203259.0,3163.0,3163.0,3115.5,3134.3,31835600,3447.7,2820.9,3839.9,2896.0,3117.9,5,1,3117.8,2,2,3117.7,63,3,3117.6,34,1,3117.5,84,4,3118.0,9,2,3118.1,218,2,3118.4,19,1,3118.5,63,3,3118.6,77,3
2031,2026-06-16 10:21:10+05:30,3118.0,1,3134.2,912866,110039.0,203259.0,3163.0,3163.0,3115.5,3134.3,31835600,3447.7,2820.9,3839.9,2896.0,3117.9,5,1,3117.8,2,2,3117.7,63,3,3117.6,34,1,3117.5,84,4,3118.0,9,2,3118.1,218,2,3118.4,19,1,3118.5,63,3,3118.6,77,3
2031,2026-06-16 10:21:11+05:30,3118.0,1,3134.2,912866,110560.0,203172.0,3163.0,3163.0,3115.5,3134.3,31835600,3447.7,2820.9,3839.9,2896.0,3117.9,5,1,3117.8,2,2,3117.7,106,7,3117.6,34,1,3117.5,70,2,3118.0,2,1,3118.1,218,2,3118.5,52,3,3118.6,32,1,3118.7,63,2
2031,2026-06-16 10:21:12+05:30,3118.0,1,3134.2,912867,110631.0,203050.0,3163.0,3163.0,3115.5,3134.3,31835600,3447.7,2820.9,3839.9,2896.0,3117.9,57,2,3117.8,2,2,3117.7,106,7,3117.6,34,1,3117.5,70,2,3118.0,1,1,3118.1,218,2,3118.5,33,2,3118.6,32,1,3118.7,63,2
2031,2026-06-16 10:21:12+05:30,3118.0,1,3134.2,912867,110631.0,203050.0,3163.0,3163.0,3115.5,3134.3,31835600,3447.7,2820.9,3839.9,2896.0,3117.9,57,2,3117.8,2,2,3117.7,106,7,3117.6,34,1,3117.5,70,2,3118.0,1,1,3118.1,218,2,3118.5,33,2,3118.6,32,1,3118.7,63,2
2031,2026-06-16 10:21:13+05:30,3118.0,1,3134.2,912867,110906.0,202767.0,3163.0,3163.0,3115.5,3134.3,31835600,3447.7,2820.9,3839.9,2896.0,3117.9,92,4,3117.8,21,3,3117.7,96,8,3117.6,76,3,3117.5,83,4,3118.0,1,1,3118.1,2,1,3118.2,220,2,3118.5,15,1,3118.6,32,1
2031,2026-06-16 10:21:14+05:30,3117.9,8,3134.2,912880,110895.0,203264.0,3163.0,3163.0,3115.5,3134.3,31835600,3447.7,2820.9,3839.9,2896.0,3117.9,86,5,3117.8,21,3,3117.7,96,8,3117.6,76,3,3117.5,83,4,3118.0,1,1,3118.1,1,1,3118.2,220,2,3118.5,15,1,3118.6,32,1
2031,2026-06-16 10:21:14+05:30,3117.9,8,3134.2,912880,110895.0,203264.0,3163.0,3163.0,3115.5,3134.3,31835600,3447.7,2820.9,3839.9,2896.0,3117.9,86,5,3117.8,21,3,3117.7,96,8,3117.6,76,3,3117.5,83,4,3118.0,1,1,3118.1,1,1,3118.2,220,2,3118.5,15,1,3118.6,32,1
2031,2026-06-16 10:21:15+05:30,3118.2,60,3134.2,912880,110895.0,203264.0,3163.0,3163.0,3115.5,3134.3,31835600,3447.7,2820.9,3839.9,2896.0,3117.9,86,5,3117.8,21,3,3117.7,96,8,3117.6,76,3,3117.5,83,4,3118.0,1,1,3118.1,1,1,3118.2,220,2,3118.5,15,1,3118.6,32,1
2031,2026-06-16 10:21:16+05:30,3118.2,60,3134.19,913145,110956.0,202820.0,3163.0,3163.0,3115.5,3134.3,31835600,3447.7,2820.9,3839.9,2896.0,3118.0,25,3,3117.9,53,5,3117.8,84,3,3117.7,96,8,3117.6,104,4,3118.2,20,1,3118.8,32,1,3118.9,13,1,3119.0,14,2,3119.2,74,2
2031,2026-06-16 10:21:17+05:30,3118.2,60,3134.19,913145,111010.0,203150.0,3163.0,3163.0,3115.5,3134.3,31835600,3447.7,2820.9,3839.9,2896.0,3118.0,97,6,3117.9,53,5,3117.8,42,2,3117.7,96,8,3117.6,146,5,3118.2,34,2,3118.3,200,1,3118.8,32,1,3118.9,13,1,3119.0,68,3
2031,2026-06-16 10:21:17+05:30,3118.2,16,3134.19,913145,111010.0,203150.0,3163.0,3163.0,3115.5,3134.3,31835600,3447.7,2820.9,3839.9,2896.0,3118.0,97,6,3117.9,53,5,3117.8,42,2,3117.7,96,8,3117.6,146,5,3118.2,34,2,3118.3,200,1,3118.8,32,1,3118.9,13,1,3119.0,68,3
2031,2026-06-16 10:21:18+05:30,3118.2,16,3134.19,913195,110779.0,201909.0,3163.0,3163.0,3115.5,3134.3,31835600,3447.7,2820.9,3839.9,2896.0,3118.0,88,6,3117.9,53,5,3117.8,84,3,3117.7,96,8,3117.6,158,5,3118.2,4,1,3118.9,13,1,3119.0,14,2,3119.1,14,1,3119.2,220,2
2031,2026-06-16 10:21:19+05:30,3118.2,1,3134.19,913196,110948.0,202031.0,3163.0,3163.0,3115.5,3134.3,31835600,3447.7,2820.9,3839.9,2896.0,3118.0,65,5,3117.9,95,6,3117.8,50,2,3117.7,112,7,3117.6,85,3,3118.2,5,2,3119.0,14,2,3119.1,214,2,3119.2,20,1,3119.3,2,1
2031,2026-06-16 10:21:19+05:30,3118.2,1,3134.19,913196,110948.0,202031.0,3163.0,3163.0,3115.5,3134.3,31835600,3447.7,2820.9,3839.9,2896.0,3118.0,65,5,3117.9,95,6,3117.8,50,2,3117.7,112,7,3117.6,85,3,3118.2,5,2,3119.0,14,2,3119.1,214,2,3119.2,20,1,3119.3,2,1
2031,2026-06-16 10:21:20+05:30,3118.2,1,3134.19,913196,111142.0,202056.0,3163.0,3163.0,3115.5,3134.3,31835600,3447.7,2820.9,3839.9,2896.0,3118.0,78,7,3117.9,78,6,3117.8,84,3,3117.7,94,7,3117.6,156,5,3118.2,38,3,3118.5,11,1,3119.0,14,2,3119.1,14,1,3119.2,254,2
2031,2026-06-16 10:21:21+05:30,3118.2,1,3134.19,913197,111416.0,202138.0,3163.0,3163.0,3115.5,3134.3,31835600,3447.7,2820.9,3839.9,2896.0,3118.1,4,4,3118.0,66,4,3117.9,70,3,3117.8,54,1,3117.7,84,6,3118.2,132,7,3119.0,14,2,3119.1,226,3,3119.2,54,1,3119.3,2,1
2031,2026-06-16 10:21:21+05:30,3118.2,16,3134.19,913197,111416.0,202138.0,3163.0,3163.0,3115.5,3134.3,31835600,3447.7,2820.9,3839.9,2896.0,3118.1,4,4,3118.0,66,4,3117.9,70,3,3117.8,54,1,3117.7,84,6,3118.2,132,7,3119.0,14,2,3119.1,226,3,3119.2,54,1,3119.3,2,1
2031,2026-06-16 10:21:22+05:30,3118.2,37,3134.19,913409,112115.0,200877.0,3163.0,3163.0,3115.5,3134.3,31835600,3447.7,2820.9,3839.9,2896.0,3118.1,85,9,3118.0,119,6,3117.9,76,4,3117.8,174,4,3117.7,160,9,3119.0,14,2,3119.2,200,1,3119.3,2,1,3119.4,16,1,3119.5,30,2
2031,2026-06-16 10:21:22+05:30,3118.2,37,3134.19,913409,112115.0,200877.0,3163.0,3163.0,3115.5,3134.3,31835600,3447.7,2820.9,3839.9,2896.0,3118.1,85,9,3118.0,119,6,3117.9,76,4,3117.8,174,4,3117.7,160,9,3119.0,14,2,3119.2,200,1,3119.3,2,1,3119.4,16,1,3119.5,30,2
2031,2026-06-16 10:21:23+05:30,3118.2,37,3134.19,913409,112247.0,200841.0,3163.0,3163.0,3115.5,3134.3,31835600,3447.7,2820.9,3839.9,2896.0,3118.2,35,3,3118.1,93,9,3118.0,208,9,3117.9,70,4,3117.8,174,4,3118.9,58,1,3119.0,14,2,3119.2,200,1,3119.3,2,1,3119.4,16,1
2031,2026-06-16 10:21:23+05:30,3118.2,37,3134.19,913409,112247.0,200841.0,3163.0,3163.0,3115.5,3134.3,31835600,3447.7,2820.9,3839.9,2896.0,3118.2,35,3,3118.1,93,9,3118.0,208,9,3117.9,70,4,3117.8,174,4,3118.9,58,1,3119.0,14,2,3119.2,200,1,3119.3,2,1,3119.4,16,1
2031,2026-06-16 10:21:23+05:30,3118.2,2,3134.19,913409,112247.0,200841.0,3163.0,3163.0,3115.5,3134.3,31835600,3447.7,2820.9,3839.9,2896.0,3118.2,35,3,3118.1,93,9,3118.0,208,9,3117.9,70,4,3117.8,174,4,3118.9,58,1,3119.0,14,2,3119.2,200,1,3119.3,2,1,3119.4,16,1
2031,2026-06-16 10:21:24+05:30,3118.2,2,3134.19,913411,112345.0,201038.0,3163.0,3163.0,3115.5,3134.3,31835600,3447.7,2820.9,3839.9,2896.0,3118.4,25,1,3118.2,97,4,3118.1,120,10,3118.0,182,8,3117.9,82,4,3118.9,63,3,3119.0,14,2,3119.2,200,1,3119.3,2,1,3119.5,53,2
2031,2026-06-16 10:21:24+05:30,3118.2,2,3134.19,913411,112345.0,201038.0,3163.0,3163.0,3115.5,3134.3,31835600,3447.7,2820.9,3839.9,2896.0,3118.4,25,1,3118.2,97,4,3118.1,120,10,3118.0,182,8,3117.9,82,4,3118.9,63,3,3119.0,14,2,3119.2,200,1,3119.3,2,1,3119.5,53,2
2031,2026-06-16 10:21:25+05:30,3118.9,9,3134.19,913420,112343.0,201232.0,3163.0,3163.0,3115.5,3134.3,31835600,3447.7,2820.9,3839.9,2896.0,3118.6,7,5,3118.4,25,1,3118.2,99,5,3118.1,89,4,3118.0,182,8,3118.9,54,3,3119.0,14,2,3119.2,200,1,3119.3,2,1,3119.5,53,2
2031,2026-06-16 10:21:25+05:30,3119.7,4,3134.19,913420,112343.0,201232.0,3163.0,3163.0,3115.5,3134.3,31835600,3447.7,2820.9,3839.9,2896.0,3118.6,7,5,3118.4,25,1,3118.2,99,5,3118.1,89,4,3118.0,182,8,3118.9,54,3,3119.0,14,2,3119.2,200,1,3119.3,2,1,3119.5,53,2
2031,2026-06-16 10:21:26+05:30,3118.9,25,3134.18,913921,113004.0,200608.0,3163.0,3163.0,3115.5,3134.3,31835600,3447.7,2820.9,3839.9,2896.0,3118.7,40,4,3118.6,148,9,3118.5,110,6,3118.4,93,5,3118.3,97,3,3119.7,34,2,3119.8,202,2,3119.9,360,12,3120.0,184,4,3120.1,5,1
2031,2026-06-16 10:21:26+05:30,3118.9,25,3134.18,913921,113004.0,200608.0,3163.0,3163.0,3115.5,3134.3,31835600,3447.7,2820.9,3839.9,2896.0,3118.7,40,4,3118.6,148,9,3118.5,110,6,3118.4,93,5,3118.3,97,3,3119.7,34,2,3119.8,202,2,3119.9,360,12,3120.0,184,4,3120.1,5,1
2031,2026-06-16 10:21:27+05:30,3118.9,25,3134.18,913921,113004.0,200608.0,3163.0,3163.0,3115.5,3134.3,31835600,3447.7,2820.9,3839.9,2896.0,3118.7,40,4,3118.6,148,9,3118.5,110,6,3118.4,93,5,3118.3,97,3,3119.7,34,2,3119.8,202,2,3119.9,360,12,3120.0,184,4,3120.1,5,1
2031,2026-06-16 10:21:27+05:30,3118.9,25,3134.18,913921,113152.0,201020.0,3163.0,3163.0,3115.5,3134.3,31835600,3447.7,2820.9,3839.9,2896.0,3119.1,21,1,3118.8,12,2,3118.7,49,4,3118.6,145,9,3118.5,45,4,3119.2,200,1,3119.7,34,2,3119.8,202,2,3119.9,360,12,3120.0,256,6
2031,2026-06-16 10:21:28+05:30,3119.2,200,3134.18,914121,113772.0,200497.0,3163.0,3163.0,3115.5,3134.3,31835600,3447.7,2820.9,3839.9,2896.0,3119.2,24,1,3119.1,111,3,3119.0,19,1,3118.8,45,4,3118.7,60,3,3119.7,6,2,3119.8,202,2,3120.0,306,6,3120.1,37,2,3120.2,13,1
2031,2026-06-16 10:21:28+05:30,3119.2,200,3134.18,914121,113772.0,200497.0,3163.0,3163.0,3115.5,3134.3,31835600,3447.7,2820.9,3839.9,2896.0,3119.2,24,1,3119.1,111,3,3119.0,19,1,3118.8,45,4,3118.7,60,3,3119.7,6,2,3119.8,202,2,3120.0,306,6,3120.1,37,2,3120.2,13,1
2031,2026-06-16 10:21:28+05:30,3119.8,48,3134.18,914121,113772.0,200497.0,3163.0,3163.0,3115.5,3134.3,31835600,3447.7,2820.9,3839.9,2896.0,3119.2,24,1,3119.1,111,3,3119.0,19,1,3118.8,45,4,3118.7,60,3,3119.7,6,2,3119.8,202,2,3120.0,306,6,3120.1,37,2,3120.2,13,1
2031,2026-06-16 10:21:29+05:30,3119.8,48,3134.17,914221,114545.0,198650.0,3163.0,3163.0,3115.5,3134.3,31835600,3447.7,2820.9,3839.9,2896.0,3119.2,16,1,3119.1,160,8,3119.0,75,4,3118.9,26,2,3118.8,75,5,3119.8,154,2,3120.0,276,6,3120.1,5,1,3120.2,13,1,3120.3,200,1
2031,2026-06-16 10:21:29+05:30,3119.8,51,3134.17,914221,114545.0,198650.0,3163.0,3163.0,3115.5,3134.3,31835600,3447.7,2820.9,3839.9,2896.0,3119.2,16,1,3119.1,160,8,3119.0,75,4,3118.9,26,2,3118.8,75,5,3119.8,154,2,3120.0,276,6,3120.1,5,1,3120.2,13,1,3120.3,200,1
2031,2026-06-16 10:21:30+05:30,3119.8,51,3134.17,914272,115085.0,199938.0,3163.0,3163.0,3115.5,3134.3,31835600,3447.7,2820.9,3839.9,2896.0,3119.5,17,8,3119.3,30,2,3119.2,198,8,3119.1,174,7,3119.0,184,7,3119.8,104,3,3120.0,373,7,3120.1,5,1,3120.2,13,1,3120.3,200,1
2031,2026-06-16 10:21:30+05:30,3119.2,2,3134.17,914272,115085.0,199938.0,3163.0,3163.0,3115.5,3134.3,31835600,3447.7,2820.9,3839.9,2896.0,3119.5,17,8,3119.3,30,2,3119.2,198,8,3119.1,174,7,3119.0,184,7,3119.8,104,3,3120.0,373,7,3120.1,5,1,3120.2,13,1,3120.3,200,1
2031,2026-06-16 10:21:31+05:30,3119.2,2,3134.17,914272,115085.0,199938.0,3163.0,3163.0,3115.5,3134.3,31835600,3447.7,2820.9,3839.9,2896.0,3119.5,17,8,3119.3,30,2,3119.2,198,8,3119.1,174,7,3119.0,184,7,3119.8,104,3,3120.0,373,7,3120.1,5,1,3120.2,13,1,3120.3,200,1
2031,2026-06-16 10:21:31+05:30,3119.8,1,3134.17,914673,114143.0,199602.0,3163.0,3163.0,3115.5,3134.3,31835600,3447.7,2820.9,3839.9,2896.0,3119.1,3,2,3119.0,30,1,3118.8,3,1,3118.7,4,1,3118.6,5,2,3119.7,17,1,3119.8,204,9,3119.9,21,1,3120.0,438,10,3120.1,28,2
2031,2026-06-16 10:21:31+05:30,3119.8,1,3134.17,914673,114143.0,199602.0,3163.0,3163.0,3115.5,3134.3,31835600,3447.7,2820.9,3839.9,2896.0,3119.1,3,2,3119.0,30,1,3118.8,3,1,3118.7,4,1,3118.6,5,2,3119.7,17,1,3119.8,204,9,3119.9,21,1,3120.0,438,10,3120.1,28,2
2031,2026-06-16 10:21:32+05:30,3119.8,1,3134.17,914673,114143.0,199602.0,3163.0,3163.0,3115.5,3134.3,31835600,3447.7,2820.9,3839.9,2896.0,3119.1,3,2,3119.0,30,1,3118.8,3,1,3118.7,4,1,3118.6,5,2,3119.7,17,1,3119.8,204,9,3119.9,21,1,3120.0,438,10,3120.1,28,2
2031,2026-06-16 10:21:32+05:30,3119.1,63,3134.16,914874,113236.0,200410.0,3163.0,3163.0,3115.5,3134.3,31835600,3447.7,2820.9,3839.9,2896.0,3119.1,25,1,3119.0,30,1,3118.8,3,1,3118.7,4,1,3118.6,3,1,3119.6,16,1,3119.7,89,6,3119.8,397,11,3119.9,75,2,3120.0,398,10
2031,2026-06-16 10:21:32+05:30,3119.1,63,3134.16,914874,113236.0,200410.0,3163.0,3163.0,3115.5,3134.3,31835600,3447.7,2820.9,3839.9,2896.0,3119.1,25,1,3119.0,30,1,3118.8,3,1,3118.7,4,1,3118.6,3,1,3119.6,16,1,3119.7,89,6,3119.8,397,11,3119.9,75,2,3120.0,398,10
2031,2026-06-16 10:21:33+05:30,3119.1,63,3134.16,914874,114164.0,201113.0,3163.0,3163.0,3115.5,3134.3,31835600,3447.7,2820.9,3839.9,2896.0,3119.2,3,1,3119.1,25,1,3119.0,30,1,3118.8,3,1,3118.7,4,1,3119.6,20,1,3119.7,228,3,3119.8,161,8,3119.9,84,2,3120.0,369,9
2031,2026-06-16 10:21:33+05:30,3119.6,1,3134.16,914874,114164.0,201113.0,3163.0,3163.0,3115.5,3134.3,31835600,3447.7,2820.9,3839.9,2896.0,3119.2,3,1,3119.1,25,1,3119.0,30,1,3118.8,3,1,3118.7,4,1,3119.6,20,1,3119.7,228,3,3119.8,161,8,3119.9,84,2,3120.0,369,9
2031,2026-06-16 10:21:34+05:30,3119.6,1,3134.16,914874,114164.0,201113.0,3163.0,3163.0,3115.5,3134.3,31835600,3447.7,2820.9,3839.9,2896.0,3119.2,3,1,3119.1,25,1,3119.0,30,1,3118.8,3,1,3118.7,4,1,3119.6,20,1,3119.7,228,3,3119.8,161,8,3119.9,84,2,3120.0,369,9
2031,2026-06-16 10:21:34+05:30,3119.6,1,3134.16,914875,114395.0,200986.0,3163.0,3163.0,3115.5,3134.3,31835600,3447.7,2820.9,3839.9,2896.0,3119.2,4,2,3119.1,25,1,3119.0,30,1,3118.8,3,1,3118.7,4,1,3119.7,211,2,3119.8,158,7,3120.0,350,8,3120.1,47,3,3120.2,44,1
2031,2026-06-16 10:21:34+05:30,3119.6,1,3134.16,914875,114395.0,200986.0,3163.0,3163.0,3115.5,3134.3,31835600,3447.7,2820.9,3839.9,2896.0,3119.2,4,2,3119.1,25,1,3119.0,30,1,3118.8,3,1,3118.7,4,1,3119.7,211,2,3119.8,158,7,3120.0,350,8,3120.1,47,3,3120.2,44,1
2031,2026-06-16 10:21:35+05:30,3119.6,1,3134.16,914875,114395.0,200986.0,3163.0,3163.0,3115.5,3134.3,31835600,3447.7,2820.9,3839.9,2896.0,3119.2,4,2,3119.1,25,1,3119.0,30,1,3118.8,3,1,3118.7,4,1,3119.7,211,2,3119.8,158,7,3120.0,350,8,3120.1,47,3,3120.2,44,1
2031,2026-06-16 10:21:35+05:30,3119.2,16,3134.16,914897,114372.0,198979.0,3163.0,3163.0,3115.5,3134.3,31835600,3447.7,2820.9,3839.9,2896.0,3119.2,3,1,3119.1,25,1,3119.0,30,1,3118.8,3,1,3118.7,4,1,3119.7,211,2,3119.8,128,6,3120.0,324,8,3120.1,47,3,3120.2,92,3
2031,2026-06-16 10:21:35+05:30,3119.2,16,3134.16,914897,114372.0,198979.0,3163.0,3163.0,3115.5,3134.3,31835600,3447.7,2820.9,3839.9,2896.0,3119.2,3,1,3119.1,25,1,3119.0,30,1,3118.8,3,1,3118.7,4,1,3119.7,211,2,3119.8,128,6,3120.0,324,8,3120.1,47,3,3120.2,92,3
2031,2026-06-16 10:21:35+05:30,3119.2,16,3134.16,914897,114372.0,198979.0,3163.0,3163.0,3115.5,3134.3,31835600,3447.7,2820.9,3839.9,2896.0,3119.2,3,1,3119.1,25,1,3119.0,30,1,3118.8,3,1,3118.7,4,1,3119.7,211,2,3119.8,128,6,3120.0,324,8,3120.1,47,3,3120.2,92,3
2031,2026-06-16 10:21:36+05:30,3119.2,16,3134.16,914897,114372.0,198979.0,3163.0,3163.0,3115.5,3134.3,31835600,3447.7,2820.9,3839.9,2896.0,3119.2,3,1,3119.1,25,1,3119.0,30,1,3118.8,3,1,3118.7,4,1,3119.7,211,2,3119.8,128,6,3120.0,324,8,3120.1,47,3,3120.2,92,3
2031,2026-06-16 10:21:36+05:30,3119.1,31,3134.16,914931,114554.0,200846.0,3163.0,3163.0,3115.5,3134.3,31835600,3447.7,2820.9,3839.9,2896.0,3119.2,2,1,3119.1,47,2,3119.0,30,1,3118.8,3,1,3118.7,4,1,3119.6,16,1,3119.7,725,4,3119.8,143,7,3120.0,324,8,3120.1,28,2
2031,2026-06-16 10:21:36+05:30,3119.6,1,3134.16,914931,114554.0,200846.0,3163.0,3163.0,3115.5,3134.3,31835600,3447.7,2820.9,3839.9,2896.0,3119.2,2,1,3119.1,47,2,3119.0,30,1,3118.8,3,1,3118.7,4,1,3119.6,16,1,3119.7,725,4,3119.8,143,7,3120.0,324,8,3120.1,28,2
2031,2026-06-16 10:21:37+05:30,3119.6,1,3134.16,914931,114554.0,200846.0,3163.0,3163.0,3115.5,3134.3,31835600,3447.7,2820.9,3839.9,2896.0,3119.2,2,1,3119.1,47,2,3119.0,30,1,3118.8,3,1,3118.7,4,1,3119.6,16,1,3119.7,725,4,3119.8,143,7,3120.0,324,8,3120.1,28,2
2031,2026-06-16 10:21:37+05:30,3119.6,1,3134.16,914932,114721.0,201426.0,3163.0,3163.0,3115.5,3134.3,31835600,3447.7,2820.9,3839.9,2896.0,3119.2,6,2,3119.1,47,2,3119.0,30,1,3118.8,3,1,3118.7,25,2,3119.6,200,1,3119.7,545,4,3119.8,118,5,3120.0,390,9,3120.1,28,2
2031,2026-06-16 10:21:37+05:30,3119.6,5,3134.16,914932,114721.0,201426.0,3163.0,3163.0,3115.5,3134.3,31835600,3447.7,2820.9,3839.9,2896.0,3119.2,6,2,3119.1,47,2,3119.0,30,1,3118.8,3,1,3118.7,25,2,3119.6,200,1,3119.7,545,4,3119.8,118,5,3120.0,390,9,3120.1,28,2
2031,2026-06-16 10:21:37+05:30,3119.6,5,3134.16,914932,114721.0,201426.0,3163.0,3163.0,3115.5,3134.3,31835600,3447.7,2820.9,3839.9,2896.0,3119.2,6,2,3119.1,47,2,3119.0,30,1,3118.8,3,1,3118.7,25,2,3119.6,200,1,3119.7,545,4,3119.8,118,5,3120.0,390,9,3120.1,28,2
2031,2026-06-16 10:21:38+05:30,3119.6,5,3134.16,914932,114721.0,201426.0,3163.0,3163.0,3115.5,3134.3,31835600,3447.7,2820.9,3839.9,2896.0,3119.2,6,2,3119.1,47,2,3119.0,30,1,3118.8,3,1,3118.7,25,2,3119.6,200,1,3119.7,545,4,3119.8,118,5,3120.0,390,9,3120.1,28,2
2031,2026-06-16 10:21:38+05:30,3119.4,1,3134.16,914938,114699.0,201640.0,3163.0,3163.0,3115.5,3134.3,31835600,3447.7,2820.9,3839.9,2896.0,3119.3,2,1,3119.2,4,1,3119.1,47,2,3119.0,30,1,3118.8,3,1,3119.6,229,3,3119.7,545,4,3119.8,147,5,3119.9,18,1,3120.0,445,11
2031,2026-06-16 10:21:38+05:30,3119.4,1,3134.16,914938,114699.0,201640.0,3163.0,3163.0,3115.5,3134.3,31835600,3447.7,2820.9,3839.9,2896.0,3119.3,2,1,3119.2,4,1,3119.1,47,2,3119.0,30,1,3118.8,3,1,3119.6,229,3,3119.7,545,4,3119.8,147,5,3119.9,18,1,3120.0,445,11
2031,2026-06-16 10:21:39+05:30,3119.4,1,3134.16,914938,114699.0,201640.0,3163.0,3163.0,3115.5,3134.3,31835600,3447.7,2820.9,3839.9,2896.0,3119.3,2,1,3119.2,4,1,3119.1,47,2,3119.0,30,1,3118.8,3,1,3119.6,229,3,3119.7,545,4,3119.8,147,5,3119.9,18,1,3120.0,445,11
2031,2026-06-16 10:21:39+05:30,3119.4,1,3134.16,914938,114488.0,201653.0,3163.0,3163.0,3115.5,3134.3,31835600,3447.7,2820.9,3839.9,2896.0,3119.3,2,1,3119.2,4,1,3119.1,47,2,3119.0,30,1,3118.8,3,1,3119.6,229,3,3119.7,575,5,3119.8,136,5,3119.9,18,1,3120.0,464,12
2031,2026-06-16 10:21:40+05:30,3119.4,1,3134.16,914938,114488.0,201653.0,3163.0,3163.0,3115.5,3134.3,31835600,3447.7,2820.9,3839.9,2896.0,3119.3,2,1,3119.2,4,1,3119.1,47,2,3119.0,30,1,3118.8,3,1,3119.6,229,3,3119.7,575,5,3119.8,136,5,3119.9,18,1,3120.0,464,12
2031,2026-06-16 10:21:40+05:30,3119.6,1,3134.16,915159,114398.0,201326.0,3163.0,3163.0,3115.5,3134.3,31835600,3447.7,2820.9,3839.9,2896.0,3119.3,2,1,3119.2,4,1,3119.0,30,1,3118.8,3,1,3118.7,4,1,3119.6,8,1,3119.7,585,6,3119.8,136,5,3119.9,18,1,3120.0,464,12
2031,2026-06-16 10:21:40+05:30,3119.6,1,3134.16,915159,114398.0,201326.0,3163.0,3163.0,3115.5,3134.3,31835600,3447.7,2820.9,3839.9,2896.0,3119.3,2,1,3119.2,4,1,3119.0,30,1,3118.8,3,1,3118.7,4,1,3119.6,8,1,3119.7,585,6,3119.8,136,5,3119.9,18,1,3120.0,464,12
2031,2026-06-16 10:21:41+05:30,3119.6,1,3134.16,915159,114398.0,201326.0,3163.0,3163.0,3115.5,3134.3,31835600,3447.7,2820.9,3839.9,2896.0,3119.3,2,1,3119.2,4,1,3119.0,30,1,3118.8,3,1,3118.7,4,1,3119.6,8,1,3119.7,585,6,3119.8,136,5,3119.9,18,1,3120.0,464,12
2031,2026-06-16 10:21:41+05:30,3119.6,10,3134.16,915199,114298.0,201675.0,3163.0,3163.0,3115.5,3134.3,31835600,3447.7,2820.9,3839.9,2896.0,3119.3,2,1,3119.2,4,1,3118.8,3,1,3118.7,4,1,3118.6,3,1,3119.6,257,5,3119.7,542,5,3119.8,164,5,3119.9,18,1,3120.0,407,11
2031,2026-06-16 10:21:41+05:30,3119.6,10,3134.16,915199,114298.0,201675.0,3163.0,3163.0,3115.5,3134.3,31835600,3447.7,2820.9,3839.9,2896.0,3119.3,2,1,3119.2,4,1,3118.8,3,1,3118.7,4,1,3118.6,3,1,3119.6,257,5,3119.7,542,5,3119.8,164,5,3119.9,18,1,3120.0,407,11
2031,2026-06-16 10:21:42+05:30,3119.6,10,3134.16,915199,114298.0,201675.0,3163.0,3163.0,3115.5,3134.3,31839200,3447.7,2820.9,3839.9,2896.0,3119.3,2,1,3119.2,4,1,3118.8,3,1,3118.7,4,1,3118.6,3,1,3119.6,257,5,3119.7,542,5,3119.8,164,5,3119.9,18,1,3120.0,407,11
2031,2026-06-16 10:21:42+05:30,3119.4,2,3134.16,915202,114043.0,201538.0,3163.0,3163.0,3115.5,3134.3,31839200,3447.7,2820.9,3839.9,2896.0,3119.3,2,1,3119.2,4,1,3118.8,3,1,3118.7,4,1,3118.6,3,1,3119.4,14,1,3119.5,70,5,3119.6,252,5,3119.7,542,5,3119.8,164,5
2031,2026-06-16 10:21:42+05:30,3119.4,2,3134.16,915202,114043.0,201538.0,3163.0,3163.0,3115.5,3134.3,31839200,3447.7,2820.9,3839.9,2896.0,3119.3,2,1,3119.2,4,1,3118.8,3,1,3118.7,4,1,3118.6,3,1,3119.4,14,1,3119.5,70,5,3119.6,252,5,3119.7,542,5,3119.8,164,5
2031,2026-06-16 10:21:43+05:30,3119.2,12,3134.16,915250,114078.0,201890.0,3163.0,3163.0,3115.5,3134.3,31839200,3447.7,2820.9,3839.9,2896.0,3119.2,8,2,3119.1,24,2,3118.8,3,1,3118.7,4,1,3118.6,3,1,3119.4,1,1,3119.5,41,3,3119.6,285,7,3119.7,542,5,3119.8,164,5
2031,2026-06-16 10:21:43+05:30,3119.2,12,3134.16,915250,114078.0,201890.0,3163.0,3163.0,3115.5,3134.3,31839200,3447.7,2820.9,3839.9,2896.0,3119.2,8,2,3119.1,24,2,3118.8,3,1,3118.7,4,1,3118.6,3,1,3119.4,1,1,3119.5,41,3,3119.6,285,7,3119.7,542,5,3119.8,164,5
2031,2026-06-16 10:21:44+05:30,3119.2,12,3134.16,915250,114564.0,201195.0,3163.0,3163.0,3115.5,3134.3,31839200,3447.7,2820.9,3839.9,2896.0,3119.2,8,2,3119.1,47,3,3119.0,19,1,3118.8,82,5,3118.7,19,3,3119.4,1,1,3119.6,233,4,3119.7,521,3,3119.8,115,3,3120.0,201,5
2031,2026-06-16 10:21:45+05:30,3119.8,46,3134.16,915250,114564.0,201195.0,3163.0,3163.0,3115.5,3134.3,31839200,3447.7,2820.9,3839.9,2896.0,3119.3,2,2,3119.2,22,5,3119.1,35,3,3119.0,122,4,3118.9,197,2,3119.8,69,3,3120.0,184,4,3120.1,5,1,3120.6,56,2,3120.8,86,4
2031,2026-06-16 10:21:45+05:30,3119.8,46,3134.14,916251,115050.0,199431.0,3163.0,3163.0,3115.5,3134.3,31839200,3447.7,2820.9,3839.9,2896.0,3119.3,2,2,3119.2,22,5,3119.1,35,3,3119.0,122,4,3118.9,197,2,3119.8,69,3,3120.0,184,4,3120.1,5,1,3120.6,56,2,3120.8,86,4
2031,2026-06-16 10:21:47+05:30,3119.8,46,3134.14,916251,114994.0,201403.0,3163.0,3163.0,3115.5,3134.3,31839200,3447.7,2820.9,3839.9,2896.0,3119.3,2,2,3119.2,9,3,3119.1,24,2,3118.8,38,3,3118.7,18,2,3119.4,14,1,3119.6,200,1,3119.8,69,3,3120.0,255,6,3120.1,5,1
2031,2026-06-16 10:21:47+05:30,3119.4,1,3134.14,916251,114994.0,201403.0,3163.0,3163.0,3115.5,3134.3,31839200,3447.7,2820.9,3839.9,2896.0,3119.3,2,2,3119.2,9,3,3119.1,24,2,3118.8,38,3,3118.7,18,2,3119.4,14,1,3119.6,200,1,3119.8,69,3,3120.0,255,6,3120.1,5,1
2031,2026-06-16 10:21:48+05:30,3119.4,1,3134.14,916612,115227.0,197960.0,3163.0,3163.0,3115.5,3134.3,31839200,3447.7,2820.9,3839.9,2896.0,3119.4,50,4,3119.3,37,5,3119.2,81,9,3119.1,30,3,3119.0,100,4,3119.8,3,2,3120.0,334,7,3120.1,5,1,3120.6,2,1,3120.8,52,2
2031,2026-06-16 10:21:49+05:30,3119.4,1,3134.14,916612,115744.0,198575.0,3163.0,3163.0,3115.5,3134.3,31839200,3447.7,2820.9,3839.9,2896.0,3119.6,21,1,3119.4,38,4,3119.3,22,4,3119.2,77,8,3119.1,2,1,3119.8,3,2,3120.0,385,8,3120.1,5,1,3120.3,200,1,3120.6,2,1
2031,2026-06-16 10:21:49+05:30,3120.0,31,3134.14,916612,115744.0,198575.0,3163.0,3163.0,3115.5,3134.3,31839200,3447.7,2820.9,3839.9,2896.0,3119.6,21,1,3119.4,38,4,3119.3,22,4,3119.2,77,8,3119.1,2,1,3119.8,3,2,3120.0,385,8,3120.1,5,1,3120.3,200,1,3120.6,2,1
2031,2026-06-16 10:21:50+05:30,3120.0,31,3134.13,916762,115644.0,199956.0,3163.0,3163.0,3115.5,3134.3,31839200,3447.7,2820.9,3839.9,2896.0,3119.6,68,4,3119.4,14,1,3119.3,27,3,3119.2,6,3,3119.1,20,2,3120.0,748,8,3120.1,5,1,3120.3,219,2,3120.6,56,2,3120.7,19,1
2031,2026-06-16 10:21:50+05:30,3119.8,2,3134.13,916762,115644.0,199956.0,3163.0,3163.0,3115.5,3134.3,31839200,3447.7,2820.9,3839.9,2896.0,3119.6,68,4,3119.4,14,1,3119.3,27,3,3119.2,6,3,3119.1,20,2,3120.0,748,8,3120.1,5,1,3120.3,219,2,3120.6,56,2,3120.7,19,1
2031,2026-06-16 10:21:51+05:30,3119.8,2,3134.13,916835,115180.0,202153.0,3163.0,3163.0,3115.5,3134.3,31839200,3447.7,2820.9,3839.9,2896.0,3119.6,26,3,3119.2,5,2,3119.1,2,1,3118.9,21,1,3118.8,3,1,3119.8,83,5,3120.0,1150,14,3120.1,31,3,3120.2,99,3,3120.3,85,4
2031,2026-06-16 10:21:51+05:30,3119.6,18,3134.13,916835,115180.0,202153.0,3163.0,3163.0,3115.5,3134.3,31839200,3447.7,2820.9,3839.9,2896.0,3119.6,26,3,3119.2,5,2,3119.1,2,1,3118.9,21,1,3118.8,3,1,3119.8,83,5,3120.0,1150,14,3120.1,31,3,3120.2,99,3,3120.3,85,4
2031,2026-06-16 10:21:52+05:30,3119.6,18,3134.13,917036,114575.0,202685.0,3163.0,3163.0,3115.5,3134.3,31839200,3447.7,2820.9,3839.9,2896.0,3119.6,7,3,3119.2,5,2,3119.1,27,2,3118.8,3,1,3118.7,24,2,3119.7,265,5,3119.8,97,7,3120.0,968,12,3120.1,31,3,3120.2,115,4
2031,2026-06-16 10:21:52+05:30,3119.7,1,3134.13,917036,114575.0,202685.0,3163.0,3163.0,3115.5,3134.3,31839200,3447.7,2820.9,3839.9,2896.0,3119.6,7,3,3119.2,5,2,3119.1,27,2,3118.8,3,1,3118.7,24,2,3119.7,265,5,3119.8,97,7,3120.0,968,12,3120.1,31,3,3120.2,115,4
2031,2026-06-16 10:21:53+05:30,3119.7,1,3134.13,917037,114581.0,202651.0,3163.0,3163.0,3115.5,3134.3,31839200,3447.7,2820.9,3839.9,2896.0,3119.6,8,4,3119.2,5,2,3119.1,27,2,3118.8,3,1,3118.7,24,2,3119.7,259,5,3119.8,69,5,3120.0,940,12,3120.1,31,3,3120.2,134,5
2031,2026-06-16 10:21:53+05:30,3119.7,3,3134.13,917037,114581.0,202651.0,3163.0,3163.0,3115.5,3134.3,31839200,3447.7,2820.9,3839.9,2896.0,3119.6,8,4,3119.2,5,2,3119.1,27,2,3118.8,3,1,3118.7,24,2,3119.7,259,5,3119.8,69,5,3120.0,940,12,3120.1,31,3,3120.2,134,5
2031,2026-06-16 10:21:54+05:30,3119.7,3,3134.13,917055,114532.0,202663.0,3163.0,3163.0,3115.5,3134.3,31839200,3447.7,2820.9,3839.9,2896.0,3119.6,8,4,3119.2,5,2,3119.1,27,2,3118.8,3,1,3118.7,24,2,3119.7,283,6,3119.8,46,4,3120.0,940,12,3120.1,31,3,3120.2,134,5
2031,2026-06-16 10:21:54+05:30,3119.6,17,3134.13,917055,114532.0,202663.0,3163.0,3163.0,3115.5,3134.3,31839200,3447.7,2820.9,3839.9,2896.0,3119.6,8,4,3119.2,5,2,3119.1,27,2,3118.8,3,1,3118.7,24,2,3119.7,283,6,3119.8,46,4,3120.0,940,12,3120.1,31,3,3120.2,134,5
2031,2026-06-16 10:21:55+05:30,3119.7,9,3134.13,917326,114357.0,202094.0,3163.0,3163.0,3115.5,3134.3,31839200,3447.7,2820.9,3839.9,2896.0,3119.2,4,1,3119.1,2,1,3118.8,3,1,3118.7,24,2,3118.5,95,3,3119.7,61,4,3119.8,46,4,3119.9,84,2,3120.0,970,14,3120.1,31,3
2031,2026-06-16 10:21:55+05:30,3119.7,9,3134.13,917326,114357.0,202094.0,3163.0,3163.0,3115.5,3134.3,31839200,3447.7,2820.9,3839.9,2896.0,3119.2,4,1,3119.1,2,1,3118.8,3,1,3118.7,24,2,3118.5,95,3,3119.7,61,4,3119.8,46,4,3119.9,84,2,3120.0,970,14,3120.1,31,3
2031,2026-06-16 10:21:56+05:30,3119.7,9,3134.13,917326,114739.0,202012.0,3163.0,3163.0,3115.5,3134.3,31839200,3447.7,2820.9,3839.9,2896.0,3119.6,9,1,3119.2,43,3,3119.1,2,1,3118.8,3,1,3118.7,24,2,3119.7,45,4,3119.8,156,5,3119.9,8,1,3120.0,1026,14,3120.1,18,2
2031,2026-06-16 10:21:57+05:30,3119.7,9,3134.13,917326,115077.0,200090.0,3163.0,3163.0,3115.5,3134.3,31839200,3447.7,2820.9,3839.9,2896.0,3119.6,52,2,3119.4,29,2,3119.2,91,5,3119.1,2,1,3119.0,51,3,3119.7,26,2,3119.8,126,4,3120.0,908,11,3120.1,5,1,3120.3,200,1
2031,2026-06-16 10:21:57+05:30,3119.7,12,3134.13,917326,115077.0,200090.0,3163.0,3163.0,3115.5,3134.3,31839200,3447.7,2820.9,3839.9,2896.0,3119.6,52,2,3119.4,29,2,3119.2,91,5,3119.1,2,1,3119.0,51,3,3119.7,26,2,3119.8,126,4,3120.0,908,11,3120.1,5,1,3120.3,200,1
2031,2026-06-16 10:21:58+05:30,3119.6,80,3134.12,917763,115049.0,199556.0,3163.0,3163.0,3115.5,3134.3,31839200,3447.7,2820.9,3839.9,2896.0,3119.1,2,1,3119.0,72,3,3118.9,63,2,3118.8,81,5,3118.7,25,3,3119.6,2,1,3119.7,12,1,3119.8,126,4,3120.0,927,12,3120.1,5,1
2031,2026-06-16 10:21:58+05:30,3120.0,440,3134.12,917763,115049.0,199556.0,3163.0,3163.0,3115.5,3134.3,31839200,3447.7,2820.9,3839.9,2896.0,3119.1,2,1,3119.0,72,3,3118.9,63,2,3118.8,81,5,3118.7,25,3,3119.6,2,1,3119.7,12,1,3119.8,126,4,3120.0,927,12,3120.1,5,1
2031,2026-06-16 10:21:59+05:30,3120.0,440,3134.1,918663,115635.0,199882.0,3163.0,3163.0,3115.5,3134.3,31839200,3447.7,2820.9,3839.9,2896.0,3119.2,39,4,3119.1,68,5,3119.0,130,7,3118.9,85,3,3118.8,158,9,3120.0,241,6,3120.1,5,1,3120.6,56,2,3120.9,68,2,3121.0,52,3
2031,2026-06-16 10:22:00+05:30,3120.0,10,3134.1,918673,115784.0,199921.0,3163.0,3163.0,3115.5,3134.3,31839200,3447.7,2820.9,3839.9,2896.0,3119.6,7,3,3119.5,19,1,3119.4,36,2,3119.3,56,2,3119.2,27,5,3120.0,151,5,3120.1,5,1,3120.6,23,2,3120.9,68,2,3121.0,19,1
2031,2026-06-16 10:22:00+05:30,3120.0,298,3134.1,918673,115784.0,199921.0,3163.0,3163.0,3115.5,3134.3,31839200,3447.7,2820.9,3839.9,2896.0,3119.6,7,3,3119.5,19,1,3119.4,36,2,3119.3,56,2,3119.2,27,5,3120.0,151,5,3120.1,5,1,3120.6,23,2,3120.9,68,2,3121.0,19,1
2031,2026-06-16 10:22:01+05:30,3120.0,298,3134.1,919152,116078.0,197657.0,3163.0,3163.0,3115.5,3134.3,31839200,3447.7,2820.9,3839.9,2896.0,3119.6,7,3,3119.4,20,1,3119.3,32,2,3119.2,43,6,3119.1,59,5,3120.0,341,4,3120.1,5,1,3120.6,77,3,3120.9,68,2,3121.1,53,2
2031,2026-06-16 10:22:02+05:30,3120.0,298,3134.1,919152,116264.0,200157.0,3163.0,3163.0,3115.5,3134.3,31839200,3447.7,2820.9,3839.9,2896.0,3119.6,18,3,3119.4,20,1,3119.3,5,1,3119.2,40,5,3119.1,90,7,3119.9,2,2,3120.0,400,5,3120.1,5,1,3120.6,77,3,3120.9,87,3
2031,2026-06-16 10:22:02+05:30,3120.0,124,3134.1,919152,116264.0,200157.0,3163.0,3163.0,3115.5,3134.3,31839200,3447.7,2820.9,3839.9,2896.0,3119.6,18,3,3119.4,20,1,3119.3,5,1,3119.2,40,5,3119.1,90,7,3119.9,2,2,3120.0,400,5,3120.1,5,1,3120.6,77,3,3120.9,87,3
2031,2026-06-16 10:22:03+05:30,3120.0,1,3134.09,919324,115722.0,200255.0,3163.0,3163.0,3115.5,3134.3,31839200,3447.7,2820.9,3839.9,2896.0,3119.6,59,2,3119.2,10,2,3119.1,26,3,3118.9,51,3,3118.8,90,5,3120.0,275,5,3120.1,5,1,3120.6,103,4,3120.7,31,2,3120.8,110,3
2031,2026-06-16 10:22:03+05:30,3119.5,57,3134.09,919324,115722.0,200255.0,3163.0,3163.0,3115.5,3134.3,31839200,3447.7,2820.9,3839.9,2896.0,3119.6,59,2,3119.2,10,2,3119.1,26,3,3118.9,51,3,3118.8,90,5,3120.0,275,5,3120.1,5,1,3120.6,103,4,3120.7,31,2,3120.8,110,3
2031,2026-06-16 10:22:04+05:30,3120.0,1,3134.09,919725,115158.0,201072.0,3163.0,3163.0,3115.5,3134.3,31839200,3447.7,2820.9,3839.9,2896.0,3119.6,26,1,3119.2,5,1,3118.9,20,1,3118.8,39,3,3118.7,32,3,3120.0,326,6,3120.1,15,2,3120.2,33,1,3120.3,57,2,3120.6,122,5
2031,2026-06-16 10:22:04+05:30,3120.0,1,3134.09,919725,115158.0,201072.0,3163.0,3163.0,3115.5,3134.3,31839200,3447.7,2820.9,3839.9,2896.0,3119.6,26,1,3119.2,5,1,3118.9,20,1,3118.8,39,3,3118.7,32,3,3120.0,326,6,3120.1,15,2,3120.2,33,1,3120.3,57,2,3120.6,122,5
2031,2026-06-16 10:22:05+05:30,3119.6,7,3134.09,919732,115463.0,201314.0,3163.0,3163.0,3115.5,3134.3,31839200,3447.7,2820.9,3839.9,2896.0,3119.6,59,2,3119.4,23,1,3119.2,21,2,3119.1,30,2,3119.0,49,3,3120.0,463,8,3120.1,5,1,3120.3,38,1,3120.6,75,3,3120.8,98,3
2031,2026-06-16 10:22:05+05:30,3119.6,7,3134.09,919732,115463.0,201314.0,3163.0,3163.0,3115.5,3134.3,31839200,3447.7,2820.9,3839.9,2896.0,3119.6,59,2,3119.4,23,1,3119.2,21,2,3119.1,30,2,3119.0,49,3,3120.0,463,8,3120.1,5,1,3120.3,38,1,3120.6,75,3,3120.8,98,3
2031,2026-06-16 10:22:06+05:30,3120.0,50,3134.09,919782,115192.0,201132.0,3163.0,3163.0,3115.5,3134.3,31839200,3447.7,2820.9,3839.9,2896.0,3119.7,30,1,3119.6,107,4,3119.4,23,1,3119.3,14,1,3119.2,44,3,3120.0,454,9,3120.1,5,1,3120.3,38,1,3120.6,75,3,3120.8,65,2
2031,2026-06-16 10:22:06+05:30,3119.6,2,3134.09,919782,115192.0,201132.0,3163.0,3163.0,3115.5,3134.3,31839200,3447.7,2820.9,3839.9,2896.0,3119.7,30,1,3119.6,107,4,3119.4,23,1,3119.3,14,1,3119.2,44,3,3120.0,454,9,3120.1,5,1,3120.3,38,1,3120.6,75,3,3120.8,65,2
2031,2026-06-16 10:22:07+05:30,3119.6,2,3134.08,919982,114940.0,201811.0,3163.0,3163.0,3115.5,3134.3,31839200,3447.7,2820.9,3839.9,2896.0,3119.6,52,3,3119.4,23,1,3119.2,29,3,3119.1,21,1,3119.0,53,3,3120.0,454,9,3120.1,5,1,3120.3,38,1,3120.5,52,2,3120.6,56,2
2031,2026-06-16 10:22:08+05:30,3120.0,1,3134.08,919983,114926.0,201949.0,3163.0,3163.0,3115.5,3134.3,31839200,3447.7,2820.9,3839.9,2896.0,3119.6,17,1,3119.4,48,2,3119.2,24,2,3119.1,21,1,3119.0,53,3,3120.0,453,9,3120.1,5,1,3120.5,33,1,3120.6,56,2,3120.8,65,2
2031,2026-06-16 10:22:08+05:30,3120.0,1,3134.08,919983,114926.0,201949.0,3163.0,3163.0,3115.5,3134.3,31839200,3447.7,2820.9,3839.9,2896.0,3119.6,17,1,3119.4,48,2,3119.2,24,2,3119.1,21,1,3119.0,53,3,3120.0,453,9,3120.1,5,1,3120.5,33,1,3120.6,56,2,3120.8,65,2
2031,2026-06-16 10:22:09+05:30,3120.0,1,3134.08,919983,114968.0,201908.0,3163.0,3163.0,3115.5,3134.3,31839200,3447.7,2820.9,3839.9,2896.0,3119.8,5,1,3119.6,17,1,3119.4,48,2,3119.2,24,2,3119.1,21,1,3120.0,503,10,3120.1,5,1,3120.5,33,1,3120.6,56,2,3120.8,19,1
2031,2026-06-16 10:22:10+05:30,3120.0,1,3134.08,919983,115065.0,202121.0,3163.0,3163.0,3115.5,3134.3,31839200,3447.7,2820.9,3839.9,2896.0,3119.8,5,1,3119.6,43,2,3119.5,6,1,3119.4,23,1,3119.2,24,2,3120.0,504,11,3120.1,5,1,3120.5,33,1,3120.6,56,2,3120.8,19,1
2031,2026-06-16 10:22:10+05:30,3120.0,5,3134.08,919983,115065.0,202121.0,3163.0,3163.0,3115.5,3134.3,31839200,3447.7,2820.9,3839.9,2896.0,3119.8,5,1,3119.6,43,2,3119.5,6,1,3119.4,23,1,3119.2,24,2,3120.0,504,11,3120.1,5,1,3120.5,33,1,3120.6,56,2,3120.8,19,1
2031,2026-06-16 10:22:11+05:30,3119.8,10,3134.08,920002,115055.0,202574.0,3163.0,3163.0,3115.5,3134.3,31839200,3447.7,2820.9,3839.9,2896.0,3119.8,5,1,3119.6,43,2,3119.2,24,2,3119.1,49,2,3119.0,24,2,3120.0,538,13,3120.1,5,1,3120.5,52,2,3120.6,56,2,3120.8,19,1
2031,2026-06-16 10:22:11+05:30,3119.8,10,3134.08,920002,115055.0,202574.0,3163.0,3163.0,3115.5,3134.3,31839200,3447.7,2820.9,3839.9,2896.0,3119.8,5,1,3119.6,43,2,3119.2,24,2,3119.1,49,2,3119.0,24,2,3120.0,538,13,3120.1,5,1,3120.5,52,2,3120.6,56,2,3120.8,19,1
2031,2026-06-16 10:22:12+05:30,3120.0,33,3134.08,920249,114979.0,202629.0,3163.0,3163.0,3115.5,3134.3,31839200,3447.7,2820.9,3839.9,2896.0,3119.8,5,1,3119.6,17,1,3119.2,23,1,3119.1,49,2,3119.0,23,1,3120.0,839,11,3120.1,5,1,3120.4,16,1,3120.5,71,3,3120.6,77,3
2031,2026-06-16 10:22:12+05:30,3120.0,33,3134.08,920249,114979.0,202629.0,3163.0,3163.0,3115.5,3134.3,31839200,3447.7,2820.9,3839.9,2896.0,3119.8,5,1,3119.6,17,1,3119.2,23,1,3119.1,49,2,3119.0,23,1,3120.0,839,11,3120.1,5,1,3120.4,16,1,3120.5,71,3,3120.6,77,3
2031,2026-06-16 10:22:13+05:30,3119.8,5,3134.08,920254,114813.0,202924.0,3163.0,3163.0,3115.5,3134.3,31839200,3447.7,2820.9,3839.9,2896.0,3119.8,5,1,3119.6,17,1,3119.1,21,1,3119.0,23,1,3118.9,58,3,3120.0,904,12,3120.1,5,1,3120.4,52,2,3120.5,33,1,3120.6,77,3
2031,2026-06-16 10:22:13+05:30,3119.8,5,3134.08,920254,114813.0,202924.0,3163.0,3163.0,3115.5,3134.3,31839200,3447.7,2820.9,3839.9,2896.0,3119.8,5,1,3119.6,17,1,3119.1,21,1,3119.0,23,1,3118.9,58,3,3120.0,904,12,3120.1,5,1,3120.4,52,2,3120.5,33,1,3120.6,77,3
2031,2026-06-16 10:22:14+05:30,3120.0,32,3134.08,920305,114834.0,201059.0,3163.0,3163.0,3115.5,3134.3,31839200,3447.7,2820.9,3839.9,2896.0,3119.8,5,1,3119.6,38,2,3119.1,21,1,3119.0,23,1,3118.9,58,3,3120.0,918,12,3120.1,5,1,3120.4,71,3,3120.5,19,1,3120.6,77,3
2031,2026-06-16 10:22:14+05:30,3120.0,32,3134.08,920305,114834.0,201059.0,3163.0,3163.0,3115.5,3134.3,31839200,3447.7,2820.9,3839.9,2896.0,3119.8,5,1,3119.6,38,2,3119.1,21,1,3119.0,23,1,3118.9,58,3,3120.0,918,12,3120.1,5,1,3120.4,71,3,3120.5,19,1,3120.6,77,3
2031,2026-06-16 10:22:15+05:30,3120.0,35,3134.08,920454,114988.0,203448.0,3163.0,3163.0,3115.5,3134.3,31839200,3447.7,2820.9,3839.9,2896.0,3119.9,2,2,3119.8,5,2,3119.6,21,1,3119.4,22,1,3119.2,28,2,3120.0,778,10,3120.1,5,1,3120.4,19,1,3120.6,56,2,3120.7,30,2
2031,2026-06-16 10:22:15+05:30,3120.0,35,3134.08,920454,114988.0,203448.0,3163.0,3163.0,3115.5,3134.3,31839200,3447.7,2820.9,3839.9,2896.0,3119.9,2,2,3119.8,5,2,3119.6,21,1,3119.4,22,1,3119.2,28,2,3120.0,778,10,3120.1,5,1,3120.4,19,1,3120.6,56,2,3120.7,30,2
2031,2026-06-16 10:22:16+05:30,3119.6,156,3134.07,920654,114591.0,203937.0,3163.0,3163.0,3115.5,3134.3,31839200,3447.7,2820.9,3839.9,2896.0,3119.6,21,1,3119.1,43,2,3118.9,50,2,3118.8,81,4,3118.7,37,4,3120.0,778,10,3120.1,5,1,3120.4,76,3,3120.6,75,3,3120.7,30,1
2031,2026-06-16 10:22:16+05:30,3119.6,156,3134.07,920654,114591.0,203937.0,3163.0,3163.0,3115.5,3134.3,31839200,3447.7,2820.9,3839.9,2896.0,3119.6,21,1,3119.1,43,2,3118.9,50,2,3118.8,81,4,3118.7,37,4,3120.0,778,10,3120.1,5,1,3120.4,76,3,3120.6,75,3,3120.7,30,1
2031,2026-06-16 10:22:17+05:30,3120.0,1,3134.07,920655,114774.0,202947.0,3163.0,3163.0,3115.5,3134.3,31839200,3447.7,2820.9,3839.9,2896.0,3119.6,79,3,3119.1,43,2,3118.9,50,2,3118.8,38,3,3118.7,37,4,3120.0,791,11,3120.1,5,1,3120.4,76,3,3120.6,75,3,3120.7,30,1
2031,2026-06-16 10:22:17+05:30,3120.0,1,3134.07,920655,114774.0,202947.0,3163.0,3163.0,3115.5,3134.3,31839200,3447.7,2820.9,3839.9,2896.0,3119.6,79,3,3119.1,43,2,3118.9,50,2,3118.8,38,3,3118.7,37,4,3120.0,791,11,3120.1,5,1,3120.4,76,3,3120.6,75,3,3120.7,30,1
2031,2026-06-16 10:22:18+05:30,3119.6,2,3134.07,920655,114774.0,202947.0,3163.0,3163.0,3115.5,3134.3,31839200,3447.7,2820.9,3839.9,2896.0,3119.6,79,3,3119.1,43,2,3118.9,50,2,3118.8,38,3,3118.7,37,4,3120.0,791,11,3120.1,5,1,3120.4,76,3,3120.6,75,3,3120.7,30,1
2031,2026-06-16 10:22:19+05:30,3119.6,2,3134.07,920657,114722.0,203620.0,3163.0,3163.0,3115.5,3134.3,31839200,3447.7,2820.9,3839.9,2896.0,3119.6,77,3,3119.1,43,2,3118.9,20,1,3118.8,38,3,3118.7,37,4,3120.0,867,12,3120.1,5,1,3120.4,76,3,3120.6,75,3,3120.7,30,1
2031,2026-06-16 10:22:19+05:30,3119.6,10,3134.07,920657,114722.0,203620.0,3163.0,3163.0,3115.5,3134.3,31839200,3447.7,2820.9,3839.9,2896.0,3119.6,77,3,3119.1,43,2,3118.9,20,1,3118.8,38,3,3118.7,37,4,3120.0,867,12,3120.1,5,1,3120.4,76,3,3120.6,75,3,3120.7,30,1
2031,2026-06-16 10:22:20+05:30,3119.6,10,3134.07,920668,114727.0,203621.0,3163.0,3163.0,3115.5,3134.3,31839200,3447.7,2820.9,3839.9,2896.0,3119.6,67,3,3119.1,43,2,3119.0,6,1,3118.9,20,1,3118.8,38,3,3120.0,866,12,3120.1,5,1,3120.4,76,3,3120.6,75,3,3120.7,63,3
2031,2026-06-16 10:22:21+05:30,3119.6,10,3134.07,920668,114760.0,202469.0,3163.0,3163.0,3115.5,3134.3,31839200,3447.7,2820.9,3839.9,2896.0,3119.6,67,3,3119.1,43,2,3119.0,6,1,3118.9,20,1,3118.8,38,3,3120.0,899,13,3120.1,5,1,3120.4,76,3,3120.6,75,3,3120.7,63,3
2031,2026-06-16 10:22:21+05:30,3120.0,10,3134.07,920668,114760.0,202469.0,3163.0,3163.0,3115.5,3134.3,31839200,3447.7,2820.9,3839.9,2896.0,3119.6,67,3,3119.1,43,2,3119.0,6,1,3118.9,20,1,3118.8,38,3,3120.0,899,13,3120.1,5,1,3120.4,76,3,3120.6,75,3,3120.7,63,3
2031,2026-06-16 10:22:22+05:30,3119.1,75,3134.07,921082,113189.0,205312.0,3163.0,3163.0,3115.5,3134.3,31839200,3447.7,2820.9,3839.9,2896.0,3118.9,39,3,3118.8,77,4,3118.7,54,2,3118.6,195,3,3118.5,116,3,3120.0,885,12,3120.1,5,1,3120.3,85,2,3120.4,88,4,3120.6,56,2
2031,2026-06-16 10:22:22+05:30,3120.0,3,3134.07,921082,113189.0,205312.0,3163.0,3163.0,3115.5,3134.3,31839200,3447.7,2820.9,3839.9,2896.0,3118.9,39,3,3118.8,77,4,3118.7,54,2,3118.6,195,3,3118.5,116,3,3120.0,885,12,3120.1,5,1,3120.3,85,2,3120.4,88,4,3120.6,56,2
2031,2026-06-16 10:22:23+05:30,3119.6,135,3134.06,921735,114655.0,204388.0,3163.0,3163.0,3115.5,3134.3,31839200,3447.7,2820.9,3839.9,2896.0,3119.6,22,1,3119.4,22,1,3119.2,14,2,3119.1,17,1,3119.0,43,3,3120.0,475,9,3120.1,5,1,3120.3,18,1,3120.4,73,2,3120.6,7,2
2031,2026-06-16 10:22:23+05:30,3119.6,135,3134.06,921735,114655.0,204388.0,3163.0,3163.0,3115.5,3134.3,31839200,3447.7,2820.9,3839.9,2896.0,3119.6,22,1,3119.4,22,1,3119.2,14,2,3119.1,17,1,3119.0,43,3,3120.0,475,9,3120.1,5,1,3120.3,18,1,3120.4,73,2,3120.6,7,2
2031,2026-06-16 10:22:23+05:30,3120.0,4,3134.06,921735,114655.0,204388.0,3163.0,3163.0,3115.5,3134.3,31839200,3447.7,2820.9,3839.9,2896.0,3119.6,22,1,3119.4,22,1,3119.2,14,2,3119.1,17,1,3119.0,43,3,3120.0,475,9,3120.1,5,1,3120.3,18,1,3120.4,73,2,3120.6,7,2
2031,2026-06-16 10:22:24+05:30,3120.0,1,3134.06,921740,114741.0,204182.0,3163.0,3163.0,3115.5,3134.3,31839200,3447.7,2820.9,3839.9,2896.0,3119.6,22,1,3119.4,22,1,3119.2,14,2,3119.1,17,1,3119.0,43,3,3120.0,470,9,3120.1,5,1,3120.3,18,1,3120.4,73,2,3120.6,7,2
2031,2026-06-16 10:22:24+05:30,3120.0,1,3134.06,921740,114741.0,204182.0,3163.0,3163.0,3115.5,3134.3,31839200,3447.7,2820.9,3839.9,2896.0,3119.6,22,1,3119.4,22,1,3119.2,14,2,3119.1,17,1,3119.0,43,3,3120.0,470,9,3120.1,5,1,3120.3,18,1,3120.4,73,2,3120.6,7,2
2031,2026-06-16 10:22:25+05:30,3120.0,1,3134.06,921740,114741.0,204182.0,3163.0,3163.0,3115.5,3134.3,31839200,3447.7,2820.9,3839.9,2896.0,3119.6,22,1,3119.4,22,1,3119.2,14,2,3119.1,17,1,3119.0,43,3,3120.0,470,9,3120.1,5,1,3120.3,18,1,3120.4,73,2,3120.6,7,2
2031,2026-06-16 10:22:25+05:30,3120.0,1,3134.06,921762,114675.0,204072.0,3163.0,3163.0,3115.5,3134.3,31839200,3447.7,2820.9,3839.9,2896.0,3119.6,23,2,3119.4,22,1,3119.2,14,2,3119.1,17,1,3119.0,41,2,3120.0,448,9,3120.1,5,1,3120.3,18,1,3120.4,73,2,3120.5,19,1
2031,2026-06-16 10:22:25+05:30,3120.0,1,3134.06,921762,114675.0,204072.0,3163.0,3163.0,3115.5,3134.3,31839200,3447.7,2820.9,3839.9,2896.0,3119.6,23,2,3119.4,22,1,3119.2,14,2,3119.1,17,1,3119.0,41,2,3120.0,448,9,3120.1,5,1,3120.3,18,1,3120.4,73,2,3120.5,19,1
2031,2026-06-16 10:22:26+05:30,3119.6,24,3134.05,921962,114449.0,205168.0,3163.0,3163.0,3115.5,3134.3,31839200,3447.7,2820.9,3839.9,2896.0,3119.6,25,3,3119.3,22,1,3119.2,2,1,3119.1,17,1,3119.0,41,2,3119.9,13,1,3120.0,448,9,3120.1,47,2,3120.3,37,2,3120.4,73,2
2031,2026-06-16 10:22:26+05:30,3119.6,24,3134.05,921962,114449.0,205168.0,3163.0,3163.0,3115.5,3134.3,31839200,3447.7,2820.9,3839.9,2896.0,3119.6,25,3,3119.3,22,1,3119.2,2,1,3119.1,17,1,3119.0,41,2,3119.9,13,1,3120.0,448,9,3120.1,47,2,3120.3,37,2,3120.4,73,2
2031,2026-06-16 10:22:27+05:30,3119.6,24,3134.05,921962,114449.0,205168.0,3163.0,3163.0,3115.5,3134.3,31839200,3447.7,2820.9,3839.9,2896.0,3119.6,25,3,3119.3,22,1,3119.2,2,1,3119.1,17,1,3119.0,41,2,3119.9,13,1,3120.0,448,9,3120.1,47,2,3120.3,37,2,3120.4,73,2
2031,2026-06-16 10:22:27+05:30,3119.9,10,3134.05,921962,114449.0,205168.0,3163.0,3163.0,3115.5,3134.3,31839200,3447.7,2820.9,3839.9,2896.0,3119.6,25,3,3119.3,22,1,3119.2,2,1,3119.1,17,1,3119.0,41,2,3119.9,13,1,3120.0,448,9,3120.1,47,2,3120.3,37,2,3120.4,73,2
2031,2026-06-16 10:22:27+05:30,3119.9,10,3134.05,921972,114472.0,205642.0,3163.0,3163.0,3115.5,3134.3,31839200,3447.7,2820.9,3839.9,2896.0,3119.6,25,3,3119.5,22,1,3119.2,14,2,3119.1,32,2,3119.0,41,2,3119.9,3,1,3120.0,748,10,3120.1,23,2,3120.3,18,1,3120.4,73,2
2031,2026-06-16 10:22:29+05:30,3119.9,10,3134.05,921972,114499.0,205422.0,3163.0,3163.0,3115.5,3134.3,31839200,3447.7,2820.9,3839.9,2896.0,3119.6,25,3,3119.2,14,2,3119.0,69,3,3118.9,20,1,3118.8,70,5,3119.8,15,1,3119.9,17,3,3120.0,647,8,3120.1,23,2,3120.3,18,1
2031,2026-06-16 10:22:29+05:30,3119.9,10,3134.05,921972,114499.0,205422.0,3163.0,3163.0,3115.5,3134.3,31839200,3447.7,2820.9,3839.9,2896.0,3119.6,25,3,3119.2,14,2,3119.0,69,3,3118.9,20,1,3118.8,70,5,3119.8,15,1,3119.9,17,3,3120.0,647,8,3120.1,23,2,3120.3,18,1
2031,2026-06-16 10:22:30+05:30,3119.8,1,3134.05,921973,114497.0,205506.0,3163.0,3163.0,3115.5,3134.3,31839200,3447.7,2820.9,3839.9,2896.0,3119.6,35,4,3119.2,2,1,3119.0,22,1,3118.9,20,1,3118.8,51,4,3119.8,22,3,3119.9,17,3,3120.0,647,8,3120.1,23,2,3120.2,38,1
2031,2026-06-16 10:22:30+05:30,3119.8,1,3134.05,921973,114497.0,205506.0,3163.0,3163.0,3115.5,3134.3,31839200,3447.7,2820.9,3839.9,2896.0,3119.6,35,4,3119.2,2,1,3119.0,22,1,3118.9,20,1,3118.8,51,4,3119.8,22,3,3119.9,17,3,3120.0,647,8,3120.1,23,2,3120.2,38,1
2031,2026-06-16 10:22:31+05:30,3119.8,1,3134.05,921973,114497.0,205506.0,3163.0,3163.0,3115.5,3134.3,31839200,3447.7,2820.9,3839.9,2896.0,3119.6,35,4,3119.2,2,1,3119.0,22,1,3118.9,20,1,3118.8,51,4,3119.8,22,3,3119.9,17,3,3120.0,647,8,3120.1,23,2,3120.2,38,1
2031,2026-06-16 10:22:31+05:30,3119.8,1,3134.05,921974,114679.0,205431.0,3163.0,3163.0,3115.5,3134.3,31839200,3447.7,2820.9,3839.9,2896.0,3119.7,2,2,3119.6,36,5,3119.3,22,1,3119.2,2,1,3119.0,22,1,3119.8,21,3,3119.9,17,3,3120.0,647,8,3120.1,23,2,3120.2,38,1
2031,2026-06-16 10:22:31+05:30,3119.6,26,3134.05,921974,114679.0,205431.0,3163.0,3163.0,3115.5,3134.3,31839200,3447.7,2820.9,3839.9,2896.0,3119.7,2,2,3119.6,36,5,3119.3,22,1,3119.2,2,1,3119.0,22,1,3119.8,21,3,3119.9,17,3,3120.0,647,8,3120.1,23,2,3120.2,38,1
2031,2026-06-16 10:22:32+05:30,3119.5,44,3133.98,926883,112908.0,203052.0,3163.0,3163.0,3115.5,3134.3,31839200,3447.7,2820.9,3839.9,2896.0,3118.5,86,5,3118.4,199,3,3118.3,89,3,3118.2,87,6,3118.1,68,4,3119.5,156,1,3119.8,14,1,3120.0,15,1,3120.4,23,1,3120.5,74,4
2031,2026-06-16 10:22:32+05:30,3119.5,44,3133.98,926883,112908.0,203052.0,3163.0,3163.0,3115.5,3134.3,31839200,3447.7,2820.9,3839.9,2896.0,3118.5,86,5,3118.4,199,3,3118.3,89,3,3118.2,87,6,3118.1,68,4,3119.5,156,1,3119.8,14,1,3120.0,15,1,3120.4,23,1,3120.5,74,4
2031,2026-06-16 10:22:32+05:30,3119.5,43,3133.98,926883,112908.0,203052.0,3163.0,3163.0,3115.5,3134.3,31839200,3447.7,2820.9,3839.9,2896.0,3118.5,86,5,3118.4,199,3,3118.3,89,3,3118.2,87,6,3118.1,68,4,3119.5,156,1,3119.8,14,1,3120.0,15,1,3120.4,23,1,3120.5,74,4
2031,2026-06-16 10:22:33+05:30,3119.5,17,3133.98,926951,113505.0,205451.0,3163.0,3163.0,3115.5,3134.3,31839200,3447.7,2820.9,3839.9,2896.0,3119.0,236,1,3118.8,233,7,3118.7,14,2,3118.6,75,4,3118.5,58,4,3119.5,549,2,3119.7,2,1,3119.8,14,1,3120.3,26,1,3120.4,77,2
2031,2026-06-16 10:22:33+05:30,3119.5,17,3133.98,926951,113505.0,205451.0,3163.0,3163.0,3115.5,3134.3,31839200,3447.7,2820.9,3839.9,2896.0,3119.0,236,1,3118.8,233,7,3118.7,14,2,3118.6,75,4,3118.5,58,4,3119.5,549,2,3119.7,2,1,3119.8,14,1,3120.3,26,1,3120.4,77,2
2031,2026-06-16 10:22:34+05:30,3119.5,17,3133.98,926951,113505.0,205451.0,3163.0,3163.0,3115.5,3134.3,31839200,3447.7,2820.9,3839.9,2896.0,3119.0,236,1,3118.8,233,7,3118.7,14,2,3118.6,75,4,3118.5,58,4,3119.5,549,2,3119.7,2,1,3119.8,14,1,3120.3,26,1,3120.4,77,2
2031,2026-06-16 10:22:34+05:30,3119.5,17,3133.98,926951,113722.0,206250.0,3163.0,3163.0,3115.5,3134.3,31839200,3447.7,2820.9,3839.9,2896.0,3119.0,244,2,3118.9,22,1,3118.8,30,2,3118.6,1,1,3118.5,51,3,3119.5,591,5,3119.7,2,1,3120.3,26,1,3120.4,96,3,3120.5,31,1
2031,2026-06-16 10:22:34+05:30,3119.5,17,3133.98,926951,113722.0,206250.0,3163.0,3163.0,3115.5,3134.3,31839200,3447.7,2820.9,3839.9,2896.0,3119.0,244,2,3118.9,22,1,3118.8,30,2,3118.6,1,1,3118.5,51,3,3119.5,591,5,3119.7,2,1,3120.3,26,1,3120.4,96,3,3120.5,31,1
2031,2026-06-16 10:22:35+05:30,3119.5,17,3133.98,926951,113722.0,206250.0,3163.0,3163.0,3115.5,3134.3,31839200,3447.7,2820.9,3839.9,2896.0,3119.0,244,2,3118.9,22,1,3118.8,30,2,3118.6,1,1,3118.5,51,3,3119.5,591,5,3119.7,2,1,3120.3,26,1,3120.4,96,3,3120.5,31,1
2031,2026-06-16 10:22:35+05:30,3119.5,1,3133.98,926959,114589.0,205998.0,3163.0,3163.0,3115.5,3134.3,31839200,3447.7,2820.9,3839.9,2896.0,3119.2,246,2,3119.1,51,2,3119.0,249,3,3118.8,13,2,3118.7,19,1,3119.5,604,6,3119.7,2,1,3120.3,26,1,3120.4,96,3,3120.5,31,1
2031,2026-06-16 10:22:35+05:30,3119.5,1,3133.98,926959,114589.0,205998.0,3163.0,3163.0,3115.5,3134.3,31839200,3447.7,2820.9,3839.9,2896.0,3119.2,246,2,3119.1,51,2,3119.0,249,3,3118.8,13,2,3118.7,19,1,3119.5,604,6,3119.7,2,1,3120.3,26,1,3120.4,96,3,3120.5,31,1
2031,2026-06-16 10:22:35+05:30,3119.5,1,3133.98,926959,114589.0,205998.0,3163.0,3163.0,3115.5,3134.3,31839200,3447.7,2820.9,3839.9,2896.0,3119.2,246,2,3119.1,51,2,3119.0,249,3,3118.8,13,2,3118.7,19,1,3119.5,604,6,3119.7,2,1,3120.3,26,1,3120.4,96,3,3120.5,31,1
2031,2026-06-16 10:22:36+05:30,3119.5,1,3133.98,926959,114589.0,205998.0,3163.0,3163.0,3115.5,3134.3,31839200,3447.7,2820.9,3839.9,2896.0,3119.2,246,2,3119.1,51,2,3119.0,249,3,3118.8,13,2,3118.7,19,1,3119.5,604,6,3119.7,2,1,3120.3,26,1,3120.4,96,3,3120.5,31,1
2031,2026-06-16 10:22:36+05:30,3119.5,17,3133.98,926976,114610.0,206496.0,3163.0,3163.0,3115.5,3134.3,31839200,3447.7,2820.9,3839.9,2896.0,3119.2,246,2,3119.0,249,3,3118.9,6,1,3118.6,1,1,3118.5,98,4,3119.5,621,7,3119.7,2,1,3120.0,13,1,3120.3,57,2,3120.4,143,4
2031,2026-06-16 10:22:36+05:30,3119.5,17,3133.98,926976,114610.0,206496.0,3163.0,3163.0,3115.5,3134.3,31839200,3447.7,2820.9,3839.9,2896.0,3119.2,246,2,3119.0,249,3,3118.9,6,1,3118.6,1,1,3118.5,98,4,3119.5,621,7,3119.7,2,1,3120.0,13,1,3120.3,57,2,3120.4,143,4
2031,2026-06-16 10:22:37+05:30,3119.5,17,3133.98,926976,114610.0,206496.0,3163.0,3163.0,3115.5,3134.3,31839200,3447.7,2820.9,3839.9,2896.0,3119.2,246,2,3119.0,249,3,3118.9,6,1,3118.6,1,1,3118.5,98,4,3119.5,621,7,3119.7,2,1,3120.0,13,1,3120.3,57,2,3120.4,143,4
2031,2026-06-16 10:22:37+05:30,3119.5,1,3133.98,926977,115054.0,206665.0,3163.0,3163.0,3115.5,3134.3,31839200,3447.7,2820.9,3839.9,2896.0,3119.3,254,2,3119.2,268,3,3119.0,271,4,3118.8,64,2,3118.7,50,2,3119.5,668,8,3119.7,2,1,3120.0,13,1,3120.3,26,1,3120.4,113,4
2031,2026-06-16 10:22:37+05:30,3119.5,1,3133.98,926977,115054.0,206665.0,3163.0,3163.0,3115.5,3134.3,31839200,3447.7,2820.9,3839.9,2896.0,3119.3,254,2,3119.2,268,3,3119.0,271,4,3118.8,64,2,3118.7,50,2,3119.5,668,8,3119.7,2,1,3120.0,13,1,3120.3,26,1,3120.4,113,4
2031,2026-06-16 10:22:38+05:30,3119.5,1,3133.98,926977,115054.0,206665.0,3163.0,3163.0,3115.5,3134.3,31839200,3447.7,2820.9,3839.9,2896.0,3119.3,254,2,3119.2,268,3,3119.0,271,4,3118.8,64,2,3118.7,50,2,3119.5,668,8,3119.7,2,1,3120.0,13,1,3120.3,26,1,3120.4,113,4
2031,2026-06-16 10:22:38+05:30,3119.5,1,3133.98,926977,114927.0,206330.0,3163.0,3163.0,3115.5,3134.3,31839200,3447.7,2820.9,3839.9,2896.0,3119.3,254,2,3119.2,246,2,3119.0,549,4,3118.8,42,1,3118.7,36,2,3119.5,672,9,3119.7,2,1,3120.0,13,1,3120.3,26,1,3120.4,113,4
2031,2026-06-16 10:22:39+05:30,3119.5,1,3133.98,926977,114927.0,206330.0,3163.0,3163.0,3115.5,3134.3,31839200,3447.7,2820.9,3839.9,2896.0,3119.3,254,2,3119.2,246,2,3119.0,549,4,3118.8,42,1,3118.7,36,2,3119.5,672,9,3119.7,2,1,3120.0,13,1,3120.3,26,1,3120.4,113,4
2031,2026-06-16 10:22:39+05:30,3119.5,10,3133.98,926987,114960.0,204563.0,3163.0,3163.0,3115.5,3134.3,31839200,3447.7,2820.9,3839.9,2896.0,3119.4,241,1,3119.3,254,2,3119.2,246,2,3119.0,571,5,3118.8,64,2,3119.5,662,9,3119.7,2,1,3120.0,13,1,3120.3,26,1,3120.4,113,4
2031,2026-06-16 10:22:39+05:30,3119.5,10,3133.98,926987,114960.0,204563.0,3163.0,3163.0,3115.5,3134.3,31839200,3447.7,2820.9,3839.9,2896.0,3119.4,241,1,3119.3,254,2,3119.2,246,2,3119.0,571,5,3118.8,64,2,3119.5,662,9,3119.7,2,1,3120.0,13,1,3120.3,26,1,3120.4,113,4
2031,2026-06-16 10:22:40+05:30,3119.5,10,3133.98,926987,114960.0,204563.0,3163.0,3163.0,3115.5,3134.3,31839200,3447.7,2820.9,3839.9,2896.0,3119.4,241,1,3119.3,254,2,3119.2,246,2,3119.0,571,5,3118.8,64,2,3119.5,662,9,3119.7,2,1,3120.0,13,1,3120.3,26,1,3120.4,113,4
2031,2026-06-16 10:22:40+05:30,3119.5,17,3133.98,927005,114996.0,206650.0,3163.0,3163.0,3115.5,3134.3,31839200,3447.7,2820.9,3839.9,2896.0,3119.4,254,2,3119.3,254,2,3119.2,246,2,3119.1,23,1,3119.0,571,5,3119.5,644,9,3119.7,2,1,3120.0,13,1,3120.3,64,2,3120.4,113,4
2031,2026-06-16 10:22:40+05:30,3119.5,17,3133.98,927005,114996.0,206650.0,3163.0,3163.0,3115.5,3134.3,31839200,3447.7,2820.9,3839.9,2896.0,3119.4,254,2,3119.3,254,2,3119.2,246,2,3119.1,23,1,3119.0,571,5,3119.5,644,9,3119.7,2,1,3120.0,13,1,3120.3,64,2,3120.4,113,4
2031,2026-06-16 10:22:41+05:30,3119.5,17,3133.98,927005,114996.0,206650.0,3163.0,3163.0,3115.5,3134.3,31839200,3447.7,2820.9,3839.9,2896.0,3119.4,254,2,3119.3,254,2,3119.2,246,2,3119.1,23,1,3119.0,571,5,3119.5,644,9,3119.7,2,1,3120.0,13,1,3120.3,64,2,3120.4,113,4
2031,2026-06-16 10:22:41+05:30,3119.4,13,3133.98,927032,115098.0,206736.0,3163.0,3163.0,3115.5,3134.3,31839200,3447.7,2820.9,3839.9,2896.0,3119.4,227,2,3119.3,254,2,3119.2,246,2,3119.1,23,1,3119.0,549,4,3119.5,644,9,3119.7,21,2,3120.0,32,2,3120.2,82,3,3120.3,64,2
2031,2026-06-16 10:22:41+05:30,3119.4,13,3133.98,927032,115098.0,206736.0,3163.0,3163.0,3115.5,3134.3,31839200,3447.7,2820.9,3839.9,2896.0,3119.4,227,2,3119.3,254,2,3119.2,246,2,3119.1,23,1,3119.0,549,4,3119.5,644,9,3119.7,21,2,3120.0,32,2,3120.2,82,3,3120.3,64,2
2031,2026-06-16 10:22:42+05:30,3119.4,13,3133.98,927032,115098.0,206736.0,3163.0,3163.0,3115.5,3134.3,31844400,3447.7,2820.9,3839.9,2896.0,3119.4,227,2,3119.3,254,2,3119.2,246,2,3119.1,23,1,3119.0,549,4,3119.5,644,9,3119.7,21,2,3120.0,32,2,3120.2,82,3,3120.3,64,2
2031,2026-06-16 10:22:42+05:30,3119.4,46,3133.98,927078,115118.0,206961.0,3163.0,3163.0,3115.5,3134.3,31844400,3447.7,2820.9,3839.9,2896.0,3119.4,207,3,3119.3,254,2,3119.2,246,2,3119.0,549,4,3118.8,42,1,3119.5,611,9,3119.6,19,1,3119.8,19,1,3120.0,62,3,3120.2,157,5
2031,2026-06-16 10:22:42+05:30,3119.4,46,3133.98,927078,115118.0,206961.0,3163.0,3163.0,3115.5,3134.3,31844400,3447.7,2820.9,3839.9,2896.0,3119.4,207,3,3119.3,254,2,3119.2,246,2,3119.0,549,4,3118.8,42,1,3119.5,611,9,3119.6,19,1,3119.8,19,1,3120.0,62,3,3120.2,157,5
2031,2026-06-16 10:22:43+05:30,3119.4,12,3133.97,927090,115106.0,206869.0,3163.0,3163.0,3115.5,3134.3,31844400,3447.7,2820.9,3839.9,2896.0,3119.4,195,3,3119.3,254,2,3119.2,246,2,3119.0,549,4,3118.8,42,1,3119.5,611,9,3120.0,32,2,3120.2,174,6,3120.3,38,1,3120.4,303,4
2031,2026-06-16 10:22:43+05:30,3119.5,245,3133.97,927090,115106.0,206869.0,3163.0,3163.0,3115.5,3134.3,31844400,3447.7,2820.9,3839.9,2896.0,3119.4,195,3,3119.3,254,2,3119.2,246,2,3119.0,549,4,3118.8,42,1,3119.5,611,9,3120.0,32,2,3120.2,174,6,3120.3,38,1,3120.4,303,4
2031,2026-06-16 10:22:44+05:30,3119.5,17,3133.97,927357,115272.0,205674.0,3163.0,3163.0,3115.5,3134.3,31844400,3447.7,2820.9,3839.9,2896.0,3119.4,165,2,3119.3,254,2,3119.2,246,2,3119.1,42,1,3119.0,549,4,3119.5,335,8,3120.0,26,2,3120.2,50,2,3120.3,38,1,3120.4,132,4
2031,2026-06-16 10:22:44+05:30,3119.4,18,3133.97,927357,115272.0,205674.0,3163.0,3163.0,3115.5,3134.3,31844400,3447.7,2820.9,3839.9,2896.0,3119.4,165,2,3119.3,254,2,3119.2,246,2,3119.1,42,1,3119.0,549,4,3119.5,335,8,3120.0,26,2,3120.2,50,2,3120.3,38,1,3120.4,132,4
2031,2026-06-16 10:22:45+05:30,3119.5,2,3133.97,927380,115284.0,206050.0,3163.0,3163.0,3115.5,3134.3,31844400,3447.7,2820.9,3839.9,2896.0,3119.4,148,3,3119.3,254,2,3119.2,246,2,3119.1,42,1,3119.0,549,4,3119.5,337,9,3120.0,26,2,3120.2,17,1,3120.3,38,1,3120.4,132,4
2031,2026-06-16 10:22:45+05:30,3119.5,1,3133.97,927380,115284.0,206050.0,3163.0,3163.0,3115.5,3134.3,31844400,3447.7,2820.9,3839.9,2896.0,3119.4,148,3,3119.3,254,2,3119.2,246,2,3119.1,42,1,3119.0,549,4,3119.5,337,9,3120.0,26,2,3120.2,17,1,3120.3,38,1,3120.4,132,4
2031,2026-06-16 10:22:46+05:30,3119.5,1,3133.97,927381,115339.0,206305.0,3163.0,3163.0,3115.5,3134.3,31844400,3447.7,2820.9,3839.9,2896.0,3119.4,160,5,3119.3,254,2,3119.2,271,3,3119.1,42,1,3119.0,544,3,3119.5,162,8,3120.0,26,2,3120.2,17,1,3120.4,48,2,3120.5,14,1
2031,2026-06-16 10:22:46+05:30,3119.4,5,3133.97,927381,115339.0,206305.0,3163.0,3163.0,3115.5,3134.3,31844400,3447.7,2820.9,3839.9,2896.0,3119.4,160,5,3119.3,254,2,3119.2,271,3,3119.1,42,1,3119.0,544,3,3119.5,162,8,3120.0,26,2,3120.2,17,1,3120.4,48,2,3120.5,14,1
2031,2026-06-16 10:22:47+05:30,3119.4,4,3133.97,927639,115097.0,206176.0,3163.0,3163.0,3115.5,3134.3,31844400,3447.7,2820.9,3839.9,2896.0,3119.4,59,5,3119.3,254,2,3119.2,246,2,3119.1,42,1,3119.0,544,3,3119.5,128,7,3120.0,27,3,3120.2,17,1,3120.4,81,3,3120.5,38,1
2031,2026-06-16 10:22:47+05:30,3119.4,4,3133.97,927639,115097.0,206176.0,3163.0,3163.0,3115.5,3134.3,31844400,3447.7,2820.9,3839.9,2896.0,3119.4,59,5,3119.3,254,2,3119.2,246,2,3119.1,42,1,3119.0,544,3,3119.5,128,7,3120.0,27,3,3120.2,17,1,3120.4,81,3,3120.5,38,1
2031,2026-06-16 10:22:48+05:30,3119.4,4,3133.97,927639,115046.0,206229.0,3163.0,3163.0,3115.5,3134.3,31844400,3447.7,2820.9,3839.9,2896.0,3119.4,59,5,3119.3,254,2,3119.2,246,2,3119.1,76,3,3119.0,544,3,3119.5,128,7,3120.0,27,3,3120.2,17,1,3120.4,135,4,3120.5,38,1
2031,2026-06-16 10:22:49+05:30,3119.4,5,3133.97,927656,115074.0,206023.0,3163.0,3163.0,3115.5,3134.3,31844400,3447.7,2820.9,3839.9,2896.0,3119.4,58,5,3119.3,279,3,3119.2,246,2,3119.1,51,2,3119.0,569,4,3119.5,137,8,3120.0,14,2,3120.2,17,1,3120.4,135,4,3120.5,38,1
2031,2026-06-16 10:22:49+05:30,3119.4,5,3133.97,927656,115074.0,206023.0,3163.0,3163.0,3115.5,3134.3,31844400,3447.7,2820.9,3839.9,2896.0,3119.4,58,5,3119.3,279,3,3119.2,246,2,3119.1,51,2,3119.0,569,4,3119.5,137,8,3120.0,14,2,3120.2,17,1,3120.4,135,4,3120.5,38,1
2031,2026-06-16 10:22:50+05:30,3119.5,1,3133.96,927795,115380.0,203748.0,3163.0,3163.0,3115.5,3134.3,31844400,3447.7,2820.9,3839.9,2896.0,3119.4,190,8,3119.3,300,4,3119.2,290,4,3119.1,18,2,3119.0,591,6,3119.5,62,3,3120.0,15,3,3120.2,17,1,3120.4,29,1,3120.6,213,3
2031,2026-06-16 10:22:50+05:30,3119.5,1,3133.96,927795,115380.0,203748.0,3163.0,3163.0,3115.5,3134.3,31844400,3447.7,2820.9,3839.9,2896.0,3119.4,190,8,3119.3,300,4,3119.2,290,4,3119.1,18,2,3119.0,591,6,3119.5,62,3,3120.0,15,3,3120.2,17,1,3120.4,29,1,3120.6,213,3
2031,2026-06-16 10:22:51+05:30,3119.5,4,3133.96,927997,115296.0,205616.0,3163.0,3163.0,3115.5,3134.3,31844400,3447.7,2820.9,3839.9,2896.0,3119.4,118,8,3119.3,300,4,3119.2,290,4,3119.1,18,2,3119.0,591,6,3119.5,64,3,3120.0,15,3,3120.2,17,1,3120.4,83,2,3120.6,132,4
2031,2026-06-16 10:22:51+05:30,3119.5,11,3133.96,927997,115296.0,205616.0,3163.0,3163.0,3115.5,3134.3,31844400,3447.7,2820.9,3839.9,2896.0,3119.4,118,8,3119.3,300,4,3119.2,290,4,3119.1,18,2,3119.0,591,6,3119.5,64,3,3120.0,15,3,3120.2,17,1,3120.4,83,2,3120.6,132,4
2031,2026-06-16 10:22:52+05:30,3119.5,48,3133.95,928474,115710.0,204943.0,3163.0,3163.0,3115.5,3134.3,31844400,3447.7,2820.9,3839.9,2896.0,3119.5,102,5,3119.4,106,9,3119.3,312,4,3119.2,296,4,3119.1,76,4,3119.9,12,1,3120.0,15,3,3120.2,17,1,3120.4,29,1,3120.6,21,1
2031,2026-06-16 10:22:52+05:30,3119.5,48,3133.95,928474,115710.0,204943.0,3163.0,3163.0,3115.5,3134.3,31844400,3447.7,2820.9,3839.9,2896.0,3119.5,102,5,3119.4,106,9,3119.3,312,4,3119.2,296,4,3119.1,76,4,3119.9,12,1,3120.0,15,3,3120.2,17,1,3120.4,29,1,3120.6,21,1
2031,2026-06-16 10:22:53+05:30,3119.4,7,3133.95,928574,115715.0,205150.0,3163.0,3163.0,3115.5,3134.3,31844400,3447.7,2820.9,3839.9,2896.0,3119.5,43,1,3119.4,85,8,3119.3,376,6,3119.2,286,4,3119.1,82,4,3119.9,12,1,3120.0,15,3,3120.2,17,1,3120.4,29,1,3120.6,21,1
2031,2026-06-16 10:22:53+05:30,3119.5,35,3133.95,928574,115715.0,205150.0,3163.0,3163.0,3115.5,3134.3,31844400,3447.7,2820.9,3839.9,2896.0,3119.5,43,1,3119.4,85,8,3119.3,376,6,3119.2,286,4,3119.1,82,4,3119.9,12,1,3120.0,15,3,3120.2,17,1,3120.4,29,1,3120.6,21,1
2031,2026-06-16 10:22:54+05:30,3119.5,35,3133.95,928609,115726.0,205400.0,3163.0,3163.0,3115.5,3134.3,31844400,3447.7,2820.9,3839.9,2896.0,3119.8,20,1,3119.5,55,5,3119.4,74,7,3119.3,399,6,3119.2,311,5,3119.9,14,2,3120.0,15,3,3120.2,17,1,3120.4,29,1,3120.6,21,1
2031,2026-06-16 10:22:55+05:30,3119.9,3,3133.95,928612,115726.0,205418.0,3163.0,3163.0,3115.5,3134.3,31844400,3447.7,2820.9,3839.9,2896.0,3119.8,20,1,3119.5,55,5,3119.4,73,6,3119.3,357,5,3119.2,353,6,3119.9,11,2,3120.0,15,3,3120.2,17,1,3120.4,29,1,3120.6,21,1
2031,2026-06-16 10:22:55+05:30,3119.9,3,3133.95,928612,115726.0,205418.0,3163.0,3163.0,3115.5,3134.3,31844400,3447.7,2820.9,3839.9,2896.0,3119.8,20,1,3119.5,55,5,3119.4,73,6,3119.3,357,5,3119.2,353,6,3119.9,11,2,3120.0,15,3,3120.2,17,1,3120.4,29,1,3120.6,21,1
2031,2026-06-16 10:22:56+05:30,3119.9,1,3133.95,928613,115419.0,205495.0,3163.0,3163.0,3115.5,3134.3,31844400,3447.7,2820.9,3839.9,2896.0,3119.8,20,1,3119.5,25,3,3119.4,79,7,3119.3,357,5,3119.2,179,6,3119.9,31,4,3120.0,15,3,3120.2,17,1,3120.4,29,1,3120.6,21,1
2031,2026-06-16 10:22:56+05:30,3119.9,1,3133.95,928613,115419.0,205495.0,3163.0,3163.0,3115.5,3134.3,31844400,3447.7,2820.9,3839.9,2896.0,3119.8,20,1,3119.5,25,3,3119.4,79,7,3119.3,357,5,3119.2,179,6,3119.9,31,4,3120.0,15,3,3120.2,17,1,3120.4,29,1,3120.6,21,1
2031,2026-06-16 10:22:57+05:30,3119.9,1,3133.95,928614,115419.0,205743.0,3163.0,3163.0,3115.5,3134.3,31844400,3447.7,2820.9,3839.9,2896.0,3119.8,20,1,3119.5,25,3,3119.4,79,7,3119.3,357,5,3119.2,137,5,3119.9,40,6,3120.0,15,3,3120.2,17,1,3120.4,29,1,3120.6,21,1
2031,2026-06-16 10:22:58+05:30,3119.9,1,3133.95,928614,115320.0,206292.0,3163.0,3163.0,3115.5,3134.3,31844400,3447.7,2820.9,3839.9,2896.0,3119.8,20,1,3119.5,8,1,3119.4,90,6,3119.3,308,3,3119.2,87,3,3119.9,40,6,3120.0,15,3,3120.1,200,1,3120.2,36,2,3120.3,36,1
2031,2026-06-16 10:22:59+05:30,3119.8,20,3133.95,928634,115348.0,206123.0,3163.0,3163.0,3115.5,3134.3,31844400,3447.7,2820.9,3839.9,2896.0,3119.5,8,1,3119.4,78,4,3119.3,308,3,3119.2,72,2,3119.1,82,3,3119.9,33,5,3120.0,87,4,3120.1,200,1,3120.2,36,2,3120.3,36,1
2031,2026-06-16 10:22:59+05:30,3119.8,20,3133.95,928634,115348.0,206123.0,3163.0,3163.0,3115.5,3134.3,31844400,3447.7,2820.9,3839.9,2896.0,3119.5,8,1,3119.4,78,4,3119.3,308,3,3119.2,72,2,3119.1,82,3,3119.9,33,5,3120.0,87,4,3120.1,200,1,3120.2,36,2,3120.3,36,1
2031,2026-06-16 10:23:00+05:30,3119.8,20,3133.95,928634,115294.0,207389.0,3163.0,3163.0,3115.5,3134.3,31844400,3447.7,2820.9,3839.9,2896.0,3119.7,2,2,3119.5,18,3,3119.4,78,4,3119.3,308,3,3119.2,72,2,3119.8,62,1,3119.9,53,7,3120.0,92,6,3120.1,273,3,3120.2,36,2
2031,2026-06-16 10:23:01+05:30,3119.7,1,3133.95,928638,115304.0,206783.0,3163.0,3163.0,3115.5,3134.3,31844400,3447.7,2820.9,3839.9,2896.0,3119.5,18,3,3119.4,78,4,3119.3,308,3,3119.2,72,2,3119.1,60,2,3119.7,9,1,3119.8,122,6,3119.9,38,5,3120.0,54,5,3120.1,219,2
2031,2026-06-16 10:23:01+05:30,3119.7,1,3133.95,928638,115304.0,206783.0,3163.0,3163.0,3115.5,3134.3,31844400,3447.7,2820.9,3839.9,2896.0,3119.5,18,3,3119.4,78,4,3119.3,308,3,3119.2,72,2,3119.1,60,2,3119.7,9,1,3119.8,122,6,3119.9,38,5,3120.0,54,5,3120.1,219,2
2031,2026-06-16 10:23:02+05:30,3119.7,1,3133.95,928640,115307.0,206912.0,3163.0,3163.0,3115.5,3134.3,31844400,3447.7,2820.9,3839.9,2896.0,3119.6,22,1,3119.5,18,3,3119.4,54,3,3119.3,308,3,3119.2,72,2,3119.7,8,2,3119.8,121,5,3119.9,38,5,3120.0,54,5,3120.1,219,2
2031,2026-06-16 10:23:02+05:30,3119.7,1,3133.95,928640,115307.0,206912.0,3163.0,3163.0,3115.5,3134.3,31844400,3447.7,2820.9,3839.9,2896.0,3119.6,22,1,3119.5,18,3,3119.4,54,3,3119.3,308,3,3119.2,72,2,3119.7,8,2,3119.8,121,5,3119.9,38,5,3120.0,54,5,3120.1,219,2
2031,2026-06-16 10:23:03+05:30,3119.7,5,3133.95,928653,115465.0,207444.0,3163.0,3163.0,3115.5,3134.3,31844400,3447.7,2820.9,3839.9,2896.0,3119.7,11,1,3119.5,18,3,3119.4,54,3,3119.3,308,3,3119.2,72,2,3119.8,131,5,3119.9,19,4,3120.0,73,6,3120.1,219,2,3120.2,99,3
2031,2026-06-16 10:23:03+05:30,3119.7,5,3133.95,928653,115465.0,207444.0,3163.0,3163.0,3115.5,3134.3,31844400,3447.7,2820.9,3839.9,2896.0,3119.7,11,1,3119.5,18,3,3119.4,54,3,3119.3,308,3,3119.2,72,2,3119.8,131,5,3119.9,19,4,3120.0,73,6,3120.1,219,2,3120.2,99,3
2031,2026-06-16 10:23:04+05:30,3119.5,4,3133.95,928933,115247.0,206945.0,3163.0,3163.0,3115.5,3134.3,31844400,3447.7,2820.9,3839.9,2896.0,3119.5,6,2,3119.4,118,4,3119.3,308,3,3119.2,72,2,3119.1,60,2,3119.8,66,7,3119.9,30,5,3120.0,162,10,3120.1,219,2,3120.2,112,4
2031,2026-06-16 10:23:04+05:30,3119.5,1,3133.95,928933,115247.0,206945.0,3163.0,3163.0,3115.5,3134.3,31844400,3447.7,2820.9,3839.9,2896.0,3119.5,6,2,3119.4,118,4,3119.3,308,3,3119.2,72,2,3119.1,60,2,3119.8,66,7,3119.9,30,5,3120.0,162,10,3120.1,219,2,3120.2,112,4
2031,2026-06-16 10:23:05+05:30,3119.5,8,3133.95,928947,115008.0,207986.0,3163.0,3163.0,3115.5,3134.3,31844400,3447.7,2820.9,3839.9,2896.0,3119.5,2,2,3119.4,132,5,3119.3,254,2,3119.2,13,1,3119.1,14,1,3119.7,115,6,3119.8,90,7,3119.9,50,6,3120.0,149,10,3120.1,219,2
2031,2026-06-16 10:23:05+05:30,3119.7,9,3133.95,928947,115008.0,207986.0,3163.0,3163.0,3115.5,3134.3,31844400,3447.7,2820.9,3839.9,2896.0,3119.5,2,2,3119.4,132,5,3119.3,254,2,3119.2,13,1,3119.1,14,1,3119.7,115,6,3119.8,90,7,3119.9,50,6,3120.0,149,10,3120.1,219,2
2031,2026-06-16 10:23:06+05:30,3119.7,9,3133.94,929047,115319.0,207949.0,3163.0,3163.0,3115.5,3134.3,31844400,3447.7,2820.9,3839.9,2896.0,3119.5,155,4,3119.4,132,5,3119.3,254,2,3119.2,13,1,3119.1,14,1,3119.7,89,5,3119.8,67,5,3119.9,46,4,3120.0,149,10,3120.1,219,2
2031,2026-06-16 10:23:07+05:30,3119.7,1,3133.94,929048,115375.0,207975.0,3163.0,3163.0,3115.5,3134.3,31844400,3447.7,2820.9,3839.9,2896.0,3119.5,212,5,3119.4,132,5,3119.3,254,2,3119.2,13,1,3119.1,14,1,3119.7,114,6,3119.8,29,4,3119.9,26,3,3120.0,149,10,3120.1,219,2
2031,2026-06-16 10:23:07+05:30,3119.7,20,3133.94,929048,115375.0,207975.0,3163.0,3163.0,3115.5,3134.3,31844400,3447.7,2820.9,3839.9,2896.0,3119.5,212,5,3119.4,132,5,3119.3,254,2,3119.2,13,1,3119.1,14,1,3119.7,114,6,3119.8,29,4,3119.9,26,3,3120.0,149,10,3120.1,219,2
2031,2026-06-16 10:23:08+05:30,3119.7,20,3133.94,929078,115223.0,208252.0,3163.0,3163.0,3115.5,3134.3,31844400,3447.7,2820.9,3839.9,2896.0,3119.5,219,5,3119.4,132,5,3119.3,254,2,3119.2,13,1,3119.1,14,1,3119.6,1,1,3119.7,84,5,3119.8,29,4,3119.9,14,1,3120.0,324,10
2031,2026-06-16 10:23:09+05:30,3119.7,20,3133.94,929078,115418.0,207513.0,3163.0,3163.0,3115.5,3134.3,31844400,3447.7,2820.9,3839.9,2896.0,3119.5,219,5,3119.4,154,6,3119.3,254,2,3119.2,13,1,3119.1,14,1,3119.6,1,1,3119.7,84,5,3119.8,29,4,3119.9,14,1,3120.0,124,9
2031,2026-06-16 10:23:09+05:30,3119.7,1,3133.94,929078,115418.0,207513.0,3163.0,3163.0,3115.5,3134.3,31844400,3447.7,2820.9,3839.9,2896.0,3119.5,219,5,3119.4,154,6,3119.3,254,2,3119.2,13,1,3119.1,14,1,3119.6,1,1,3119.7,84,5,3119.8,29,4,3119.9,14,1,3120.0,124,9
2031,2026-06-16 10:23:10+05:30,3119.7,8,3133.94,929137,115727.0,207632.0,3163.0,3163.0,3115.5,3134.3,31844400,3447.7,2820.9,3839.9,2896.0,3119.5,221,5,3119.4,154,6,3119.3,254,2,3119.2,13,1,3119.1,14,1,3119.7,55,3,3119.8,21,3,3119.9,14,1,3120.0,103,7,3120.1,200,1
2031,2026-06-16 10:23:10+05:30,3119.7,8,3133.94,929137,115727.0,207632.0,3163.0,3163.0,3115.5,3134.3,31844400,3447.7,2820.9,3839.9,2896.0,3119.5,221,5,3119.4,154,6,3119.3,254,2,3119.2,13,1,3119.1,14,1,3119.7,55,3,3119.8,21,3,3119.9,14,1,3120.0,103,7,3120.1,200,1
2031,2026-06-16 10:23:11+05:30,3119.7,8,3133.94,929137,115435.0,207044.0,3163.0,3163.0,3115.5,3134.3,31844400,3447.7,2820.9,3839.9,2896.0,3119.5,221,5,3119.4,154,6,3119.3,254,2,3119.2,13,1,3119.1,14,1,3119.7,36,2,3119.8,21,3,3119.9,14,1,3120.0,73,6,3120.1,19,1
2031,2026-06-16 10:23:11+05:30,3119.5,47,3133.94,929137,115435.0,207044.0,3163.0,3163.0,3115.5,3134.3,31844400,3447.7,2820.9,3839.9,2896.0,3119.5,221,5,3119.4,154,6,3119.3,254,2,3119.2,13,1,3119.1,14,1,3119.7,36,2,3119.8,21,3,3119.9,14,1,3120.0,73,6,3120.1,19,1
2031,2026-06-16 10:23:12+05:30,3119.7,1,3133.94,929339,115338.0,207153.0,3163.0,3163.0,3115.5,3134.3,31844400,3447.7,2820.9,3839.9,2896.0,3119.5,130,4,3119.4,154,6,3119.3,254,2,3119.2,13,1,3119.1,14,1,3119.7,54,3,3119.8,21,3,3119.9,14,1,3120.0,103,7,3120.1,19,1
2031,2026-06-16 10:23:12+05:30,3119.7,1,3133.94,929339,115338.0,207153.0,3163.0,3163.0,3115.5,3134.3,31844400,3447.7,2820.9,3839.9,2896.0,3119.5,130,4,3119.4,154,6,3119.3,254,2,3119.2,13,1,3119.1,14,1,3119.7,54,3,3119.8,21,3,3119.9,14,1,3120.0,103,7,3120.1,19,1
2031,2026-06-16 10:23:13+05:30,3119.5,17,3133.93,929771,115164.0,207732.0,3163.0,3163.0,3115.5,3134.3,31844400,3447.7,2820.9,3839.9,2896.0,3119.5,104,3,3119.4,132,5,3119.3,254,2,3119.2,13,1,3119.1,77,2,3119.6,119,2,3119.8,40,4,3119.9,44,2,3120.0,73,6,3120.1,19,1
2031,2026-06-16 10:23:13+05:30,3119.5,17,3133.93,929771,115164.0,207732.0,3163.0,3163.0,3115.5,3134.3,31844400,3447.7,2820.9,3839.9,2896.0,3119.5,104,3,3119.4,132,5,3119.3,254,2,3119.2,13,1,3119.1,77,2,3119.6,119,2,3119.8,40,4,3119.9,44,2,3120.0,73,6,3120.1,19,1
2031,2026-06-16 10:23:14+05:30,3119.5,17,3133.93,929771,115233.0,207211.0,3163.0,3163.0,3115.5,3134.3,31844400,3447.7,2820.9,3839.9,2896.0,3119.5,104,3,3119.4,157,6,3119.3,254,2,3119.2,13,1,3119.1,77,2,3119.6,100,1,3119.8,40,4,3119.9,14,1,3120.0,99,6,3120.1,19,1
2031,2026-06-16 10:23:15+05:30,3119.6,43,3133.93,930014,115460.0,206994.0,3163.0,3163.0,3115.5,3134.3,31844400,3447.7,2820.9,3839.9,2896.0,3119.5,143,4,3119.4,157,6,3119.3,254,2,3119.2,39,2,3119.1,77,2,3119.6,19,2,3119.7,2,1,3119.8,21,3,3119.9,14,1,3120.0,44,4
2031,2026-06-16 10:23:15+05:30,3119.6,43,3133.93,930014,115460.0,206994.0,3163.0,3163.0,3115.5,3134.3,31844400,3447.7,2820.9,3839.9,2896.0,3119.5,143,4,3119.4,157,6,3119.3,254,2,3119.2,39,2,3119.1,77,2,3119.6,19,2,3119.7,2,1,3119.8,21,3,3119.9,14,1,3120.0,44,4
2031,2026-06-16 10:23:16+05:30,3119.6,1,3133.93,930015,115580.0,207020.0,3163.0,3163.0,3115.5,3134.3,31844400,3447.7,2820.9,3839.9,2896.0,3119.5,143,4,3119.4,183,7,3119.3,254,2,3119.2,39,2,3119.1,77,2,3119.6,14,1,3119.7,2,1,3119.8,21,3,3119.9,14,1,3120.0,44,4
2031,2026-06-16 10:23:16+05:30,3119.6,1,3133.93,930015,115580.0,207020.0,3163.0,3163.0,3115.5,3134.3,31844400,3447.7,2820.9,3839.9,2896.0,3119.5,143,4,3119.4,183,7,3119.3,254,2,3119.2,39,2,3119.1,77,2,3119.6,14,1,3119.7,2,1,3119.8,21,3,3119.9,14,1,3120.0,44,4
2031,2026-06-16 10:23:17+05:30,3119.6,1,3133.93,930015,115471.0,207007.0,3163.0,3163.0,3115.5,3134.3,31844400,3447.7,2820.9,3839.9,2896.0,3119.5,33,3,3119.4,183,7,3119.3,254,2,3119.2,39,2,3119.1,77,2,3119.6,16,2,3119.7,2,1,3119.8,21,3,3119.9,14,1,3120.0,44,4
2031,2026-06-16 10:23:17+05:30,3119.6,1,3133.93,930015,115471.0,207007.0,3163.0,3163.0,3115.5,3134.3,31844400,3447.7,2820.9,3839.9,2896.0,3119.5,33,3,3119.4,183,7,3119.3,254,2,3119.2,39,2,3119.1,77,2,3119.6,16,2,3119.7,2,1,3119.8,21,3,3119.9,14,1,3120.0,44,4
2031,2026-06-16 10:23:18+05:30,3119.5,5,3133.93,930168,115305.0,207191.0,3163.0,3163.0,3115.5,3134.3,31844400,3447.7,2820.9,3839.9,2896.0,3119.4,157,6,3119.3,254,2,3119.2,13,1,3119.1,77,2,3119.0,374,6,3119.5,20,1,3119.6,15,1,3119.7,2,1,3119.8,21,3,3119.9,14,1
2031,2026-06-16 10:23:18+05:30,3119.5,5,3133.93,930168,115305.0,207191.0,3163.0,3163.0,3115.5,3134.3,31844400,3447.7,2820.9,3839.9,2896.0,3119.4,157,6,3119.3,254,2,3119.2,13,1,3119.1,77,2,3119.0,374,6,3119.5,20,1,3119.6,15,1,3119.7,2,1,3119.8,21,3,3119.9,14,1
2031,2026-06-16 10:23:19+05:30,3119.5,5,3133.92,930396,115245.0,205365.0,3163.0,3163.0,3115.5,3134.3,31844400,3447.7,2820.9,3839.9,2896.0,3119.4,132,5,3119.3,254,2,3119.2,13,1,3119.1,77,2,3119.0,335,4,3119.5,21,3,3119.6,12,1,3119.7,2,1,3119.8,21,3,3119.9,14,1
2031,2026-06-16 10:23:19+05:30,3119.4,23,3133.92,930396,115245.0,205365.0,3163.0,3163.0,3115.5,3134.3,31844400,3447.7,2820.9,3839.9,2896.0,3119.4,132,5,3119.3,254,2,3119.2,13,1,3119.1,77,2,3119.0,335,4,3119.5,21,3,3119.6,12,1,3119.7,2,1,3119.8,21,3,3119.9,14,1
2031,2026-06-16 10:23:20+05:30,3119.4,23,3133.92,930425,115306.0,207171.0,3163.0,3163.0,3115.5,3134.3,31844400,3447.7,2820.9,3839.9,2896.0,3119.4,133,6,3119.3,254,2,3119.2,13,1,3119.1,103,3,3119.0,335,4,3119.5,21,3,3119.6,12,1,3119.7,2,1,3119.8,21,3,3119.9,14,1
2031,2026-06-16 10:23:21+05:30,3119.4,13,3133.92,930639,115105.0,207716.0,3163.0,3163.0,3115.5,3134.3,31844400,3447.7,2820.9,3839.9,2896.0,3119.4,24,3,3119.3,254,2,3119.2,13,1,3119.1,77,2,3119.0,335,4,3119.5,22,4,3119.6,12,1,3119.7,21,2,3119.8,21,3,3119.9,14,1
2031,2026-06-16 10:23:21+05:30,3119.4,13,3133.92,930639,115105.0,207716.0,3163.0,3163.0,3115.5,3134.3,31844400,3447.7,2820.9,3839.9,2896.0,3119.4,24,3,3119.3,254,2,3119.2,13,1,3119.1,77,2,3119.0,335,4,3119.5,22,4,3119.6,12,1,3119.7,21,2,3119.8,21,3,3119.9,14,1
2031,2026-06-16 10:23:22+05:30,3119.4,13,3133.92,930639,115137.0,207796.0,3163.0,3163.0,3115.5,3134.3,31844400,3447.7,2820.9,3839.9,2896.0,3119.4,24,3,3119.3,254,2,3119.2,13,1,3119.1,77,2,3119.0,335,4,3119.5,22,4,3119.6,12,1,3119.7,121,3,3119.8,21,3,3119.9,14,1
2031,2026-06-16 10:23:22+05:30,3119.5,1,3133.92,930639,115137.0,207796.0,3163.0,3163.0,3115.5,3134.3,31844400,3447.7,2820.9,3839.9,2896.0,3119.4,24,3,3119.3,254,2,3119.2,13,1,3119.1,77,2,3119.0,335,4,3119.5,22,4,3119.6,12,1,3119.7,121,3,3119.8,21,3,3119.9,14,1
2031,2026-06-16 10:23:23+05:30,3119.5,1,3133.92,930641,115200.0,207784.0,3163.0,3163.0,3115.5,3134.3,31844400,3447.7,2820.9,3839.9,2896.0,3119.4,24,3,3119.3,254,2,3119.2,13,1,3119.1,77,2,3119.0,350,5,3119.5,28,4,3119.6,12,1,3119.7,102,2,3119.8,21,3,3119.9,14,1
2031,2026-06-16 10:23:23+05:30,3119.5,1,3133.92,930641,115200.0,207784.0,3163.0,3163.0,3115.5,3134.3,31844400,3447.7,2820.9,3839.9,2896.0,3119.4,24,3,3119.3,254,2,3119.2,13,1,3119.1,77,2,3119.0,350,5,3119.5,28,4,3119.6,12,1,3119.7,102,2,3119.8,21,3,3119.9,14,1
2031,2026-06-16 10:23:24+05:30,3119.5,1,3133.92,930641,115200.0,207784.0,3163.0,3163.0,3115.5,3134.3,31844400,3447.7,2820.9,3839.9,2896.0,3119.4,24,3,3119.3,254,2,3119.2,13,1,3119.1,77,2,3119.0,350,5,3119.5,28,4,3119.6,12,1,3119.7,102,2,3119.8,21,3,3119.9,14,1
2031,2026-06-16 10:23:24+05:30,3119.5,1,3133.92,930641,115173.0,207731.0,3163.0,3163.0,3115.5,3134.3,31844400,3447.7,2820.9,3839.9,2896.0,3119.4,49,4,3119.3,254,2,3119.2,13,1,3119.1,77,2,3119.0,350,5,3119.5,28,4,3119.6,12,1,3119.7,102,2,3119.8,21,3,3119.9,14,1
2031,2026-06-16 10:23:25+05:30,3119.5,1,3133.92,930641,115173.0,207731.0,3163.0,3163.0,3115.5,3134.3,31844400,3447.7,2820.9,3839.9,2896.0,3119.4,49,4,3119.3,254,2,3119.2,13,1,3119.1,77,2,3119.0,350,5,3119.5,28,4,3119.6,12,1,3119.7,102,2,3119.8,21,3,3119.9,14,1
2031,2026-06-16 10:23:26+05:30,3119.5,1,3133.92,930641,115404.0,207571.0,3163.0,3163.0,3115.5,3134.3,31844400,3447.7,2820.9,3839.9,2896.0,3119.4,49,4,3119.3,280,3,3119.2,13,1,3119.1,77,2,3119.0,376,6,3119.5,28,4,3119.6,12,1,3119.7,102,2,3119.8,21,3,3119.9,14,1
2031,2026-06-16 10:23:27+05:30,3119.5,1,3133.92,930641,115163.0,207780.0,3163.0,3163.0,3115.5,3134.3,31844400,3447.7,2820.9,3839.9,2896.0,3119.4,53,5,3119.3,280,3,3119.2,13,1,3119.1,77,2,3119.0,376,6,3119.5,28,4,3119.6,12,1,3119.7,102,2,3119.8,21,3,3119.9,14,1
2031,2026-06-16 10:23:27+05:30,3119.5,1,3133.92,930641,115163.0,207780.0,3163.0,3163.0,3115.5,3134.3,31844400,3447.7,2820.9,3839.9,2896.0,3119.4,53,5,3119.3,280,3,3119.2,13,1,3119.1,77,2,3119.0,376,6,3119.5,28,4,3119.6,12,1,3119.7,102,2,3119.8,21,3,3119.9,14,1
2031,2026-06-16 10:23:28+05:30,3119.5,1,3133.92,930641,115163.0,207770.0,3163.0,3163.0,3115.5,3134.3,31844400,3447.7,2820.9,3839.9,2896.0,3119.4,53,5,3119.3,280,3,3119.2,13,1,3119.1,77,2,3119.0,376,6,3119.5,28,4,3119.6,12,1,3119.7,102,2,3119.8,21,3,3119.9,14,1
2031,2026-06-16 10:23:28+05:30,3119.5,1,3133.92,930641,115163.0,207770.0,3163.0,3163.0,3115.5,3134.3,31844400,3447.7,2820.9,3839.9,2896.0,3119.4,53,5,3119.3,280,3,3119.2,13,1,3119.1,77,2,3119.0,376,6,3119.5,28,4,3119.6,12,1,3119.7,102,2,3119.8,21,3,3119.9,14,1
2031,2026-06-16 10:23:29+05:30,3119.5,1,3133.92,930641,115163.0,207770.0,3163.0,3163.0,3115.5,3134.3,31844400,3447.7,2820.9,3839.9,2896.0,3119.4,53,5,3119.3,280,3,3119.2,13,1,3119.1,77,2,3119.0,376,6,3119.5,28,4,3119.6,12,1,3119.7,102,2,3119.8,21,3,3119.9,14,1
2031,2026-06-16 10:23:29+05:30,3119.5,1,3133.92,930642,115163.0,207785.0,3163.0,3163.0,3115.5,3134.3,31844400,3447.7,2820.9,3839.9,2896.0,3119.4,53,5,3119.3,280,3,3119.2,13,1,3119.1,77,2,3119.0,376,6,3119.5,27,4,3119.6,12,1,3119.7,102,2,3119.8,21,3,3119.9,14,1
2031,2026-06-16 10:23:29+05:30,3119.5,1,3133.92,930642,115163.0,207785.0,3163.0,3163.0,3115.5,3134.3,31844400,3447.7,2820.9,3839.9,2896.0,3119.4,53,5,3119.3,280,3,3119.2,13,1,3119.1,77,2,3119.0,376,6,3119.5,27,4,3119.6,12,1,3119.7,102,2,3119.8,21,3,3119.9,14,1
2031,2026-06-16 10:23:30+05:30,3119.6,12,3133.92,930759,115313.0,207951.0,3163.0,3163.0,3115.5,3134.3,31844400,3447.7,2820.9,3839.9,2896.0,3119.6,23,1,3119.5,2,2,3119.4,38,6,3119.3,254,2,3119.2,13,1,3119.7,102,2,3119.8,21,3,3119.9,14,1,3120.0,15,3,3120.3,32,1
2031,2026-06-16 10:23:30+05:30,3119.6,1,3133.92,930759,115313.0,207951.0,3163.0,3163.0,3115.5,3134.3,31844400,3447.7,2820.9,3839.9,2896.0,3119.6,23,1,3119.5,2,2,3119.4,38,6,3119.3,254,2,3119.2,13,1,3119.7,102,2,3119.8,21,3,3119.9,14,1,3120.0,15,3,3120.3,32,1
2031,2026-06-16 10:23:31+05:30,3119.6,1,3133.92,930759,115313.0,207951.0,3163.0,3163.0,3115.5,3134.3,31844400,3447.7,2820.9,3839.9,2896.0,3119.6,23,1,3119.5,2,2,3119.4,38,6,3119.3,254,2,3119.2,13,1,3119.7,102,2,3119.8,21,3,3119.9,14,1,3120.0,15,3,3120.3,32,1
2031,2026-06-16 10:23:31+05:30,3119.6,1,3133.92,930760,115339.0,207708.0,3163.0,3163.0,3115.5,3134.3,31844400,3447.7,2820.9,3839.9,2896.0,3119.5,24,3,3119.4,38,6,3119.3,254,2,3119.2,39,2,3119.1,77,2,3119.7,128,3,3119.8,21,3,3119.9,14,1,3120.0,15,3,3120.4,219,2
2031,2026-06-16 10:23:32+05:30,3119.6,1,3133.92,930760,115339.0,207708.0,3163.0,3163.0,3115.5,3134.3,31844400,3447.7,2820.9,3839.9,2896.0,3119.5,24,3,3119.4,38,6,3119.3,254,2,3119.2,39,2,3119.1,77,2,3119.7,128,3,3119.8,21,3,3119.9,14,1,3120.0,15,3,3120.4,219,2
2031,2026-06-16 10:23:32+05:30,3119.6,1,3133.92,930760,115322.0,207540.0,3163.0,3163.0,3115.5,3134.3,31844400,3447.7,2820.9,3839.9,2896.0,3119.6,26,1,3119.5,98,4,3119.4,34,5,3119.3,254,2,3119.2,39,2,3119.7,141,5,3119.8,21,3,3119.9,14,1,3120.0,15,3,3120.4,40,2
2031,2026-06-16 10:23:32+05:30,3119.7,1,3133.92,930760,115322.0,207540.0,3163.0,3163.0,3115.5,3134.3,31844400,3447.7,2820.9,3839.9,2896.0,3119.6,26,1,3119.5,98,4,3119.4,34,5,3119.3,254,2,3119.2,39,2,3119.7,141,5,3119.8,21,3,3119.9,14,1,3120.0,15,3,3120.4,40,2
2031,2026-06-16 10:23:33+05:30,3119.7,1,3133.91,930964,115412.0,207542.0,3163.0,3163.0,3115.5,3134.3,31844400,3447.7,2820.9,3839.9,2896.0,3119.6,26,1,3119.5,98,4,3119.4,34,5,3119.3,254,2,3119.2,39,2,3119.7,137,4,3119.8,21,3,3119.9,14,1,3120.0,15,3,3120.4,40,2
2031,2026-06-16 10:23:33+05:30,3119.7,1,3133.91,930964,115412.0,207542.0,3163.0,3163.0,3115.5,3134.3,31844400,3447.7,2820.9,3839.9,2896.0,3119.6,26,1,3119.5,98,4,3119.4,34,5,3119.3,254,2,3119.2,39,2,3119.7,137,4,3119.8,21,3,3119.9,14,1,3120.0,15,3,3120.4,40,2
2031,2026-06-16 10:23:33+05:30,3119.7,1,3133.91,930964,115412.0,207542.0,3163.0,3163.0,3115.5,3134.3,31844400,3447.7,2820.9,3839.9,2896.0,3119.6,26,1,3119.5,98,4,3119.4,34,5,3119.3,254,2,3119.2,39,2,3119.7,137,4,3119.8,21,3,3119.9,14,1,3120.0,15,3,3120.4,40,2
2031,2026-06-16 10:23:34+05:30,3119.7,1,3133.91,930964,115412.0,207542.0,3163.0,3163.0,3115.5,3134.3,31844400,3447.7,2820.9,3839.9,2896.0,3119.6,26,1,3119.5,98,4,3119.4,34,5,3119.3,254,2,3119.2,39,2,3119.7,137,4,3119.8,21,3,3119.9,14,1,3120.0,15,3,3120.4,40,2
2031,2026-06-16 10:23:34+05:30,3119.7,1,3133.91,930964,115249.0,207539.0,3163.0,3163.0,3115.5,3134.3,31844400,3447.7,2820.9,3839.9,2896.0,3119.6,26,1,3119.5,98,4,3119.4,34,5,3119.3,254,2,3119.2,39,2,3119.7,137,4,3119.8,21,3,3119.9,14,1,3120.0,15,3,3120.4,40,2
2031,2026-06-16 10:23:35+05:30,3119.7,1,3133.91,930964,115249.0,207539.0,3163.0,3163.0,3115.5,3134.3,31844400,3447.7,2820.9,3839.9,2896.0,3119.6,26,1,3119.5,98,4,3119.4,34,5,3119.3,254,2,3119.2,39,2,3119.7,137,4,3119.8,21,3,3119.9,14,1,3120.0,15,3,3120.4,40,2
2031,2026-06-16 10:23:35+05:30,3119.7,5,3133.91,930975,115237.0,207571.0,3163.0,3163.0,3115.5,3134.3,31844400,3447.7,2820.9,3839.9,2896.0,3119.6,22,3,3119.5,96,2,3119.4,34,5,3119.3,254,2,3119.2,39,2,3119.7,132,4,3119.8,21,3,3119.9,14,1,3120.0,15,3,3120.3,32,1
2031,2026-06-16 10:23:35+05:30,3119.7,1,3133.91,930975,115237.0,207571.0,3163.0,3163.0,3115.5,3134.3,31844400,3447.7,2820.9,3839.9,2896.0,3119.6,22,3,3119.5,96,2,3119.4,34,5,3119.3,254,2,3119.2,39,2,3119.7,132,4,3119.8,21,3,3119.9,14,1,3120.0,15,3,3120.3,32,1
2031,2026-06-16 10:23:36+05:30,3119.7,1,3133.91,930975,115237.0,207571.0,3163.0,3163.0,3115.5,3134.3,31844400,3447.7,2820.9,3839.9,2896.0,3119.6,22,3,3119.5,96,2,3119.4,34,5,3119.3,254,2,3119.2,39,2,3119.7,132,4,3119.8,21,3,3119.9,14,1,3120.0,15,3,3120.3,32,1
2031,2026-06-16 10:23:36+05:30,3119.7,1,3133.91,930976,115242.0,207557.0,3163.0,3163.0,3115.5,3134.3,31844400,3447.7,2820.9,3839.9,2896.0,3119.6,22,3,3119.5,96,2,3119.4,34,5,3119.3,254,2,3119.2,39,2,3119.7,131,4,3119.8,21,3,3119.9,14,1,3120.0,15,3,3120.3,32,1
2031,2026-06-16 10:23:37+05:30,3119.7,1,3133.91,930976,115242.0,207557.0,3163.0,3163.0,3115.5,3134.3,31844400,3447.7,2820.9,3839.9,2896.0,3119.6,22,3,3119.5,96,2,3119.4,34,5,3119.3,254,2,3119.2,39,2,3119.7,131,4,3119.8,21,3,3119.9,14,1,3120.0,15,3,3120.3,32,1
2031,2026-06-16 10:23:38+05:30,3119.7,1,3133.91,930977,115385.0,207551.0,3163.0,3163.0,3115.5,3134.3,31844400,3447.7,2820.9,3839.9,2896.0,3119.6,35,4,3119.5,96,2,3119.4,11,3,3119.3,254,2,3119.2,39,2,3119.7,130,4,3119.8,21,3,3119.9,14,1,3120.0,15,3,3120.3,32,1
2031,2026-06-16 10:23:38+05:30,3119.7,1,3133.91,930977,115385.0,207551.0,3163.0,3163.0,3115.5,3134.3,31844400,3447.7,2820.9,3839.9,2896.0,3119.6,35,4,3119.5,96,2,3119.4,11,3,3119.3,254,2,3119.2,39,2,3119.7,130,4,3119.8,21,3,3119.9,14,1,3120.0,15,3,3120.3,32,1
2031,2026-06-16 10:23:38+05:30,3119.6,28,3133.91,930977,115385.0,207551.0,3163.0,3163.0,3115.5,3134.3,31844400,3447.7,2820.9,3839.9,2896.0,3119.6,35,4,3119.5,96,2,3119.4,11,3,3119.3,254,2,3119.2,39,2,3119.7,130,4,3119.8,21,3,3119.9,14,1,3120.0,15,3,3120.3,32,1
2031,2026-06-16 10:23:39+05:30,3119.7,1,3133.91,931302,115192.0,207617.0,3163.0,3163.0,3115.5,3134.3,31844400,3447.7,2820.9,3839.9,2896.0,3119.6,22,1,3119.5,66,3,3119.4,24,4,3119.3,254,2,3119.2,13,1,3119.7,129,4,3119.8,21,3,3119.9,14,1,3120.0,15,3,3120.2,19,1
2031,2026-06-16 10:23:39+05:30,3119.7,1,3133.91,931302,115192.0,207617.0,3163.0,3163.0,3115.5,3134.3,31844400,3447.7,2820.9,3839.9,2896.0,3119.6,22,1,3119.5,66,3,3119.4,24,4,3119.3,254,2,3119.2,13,1,3119.7,129,4,3119.8,21,3,3119.9,14,1,3120.0,15,3,3120.2,19,1
2031,2026-06-16 10:23:39+05:30,3119.8,1,3133.91,931302,115192.0,207617.0,3163.0,3163.0,3115.5,3134.3,31844400,3447.7,2820.9,3839.9,2896.0,3119.6,22,1,3119.5,66,3,3119.4,24,4,3119.3,254,2,3119.2,13,1,3119.7,129,4,3119.8,21,3,3119.9,14,1,3120.0,15,3,3120.2,19,1
2031,2026-06-16 10:23:40+05:30,3119.8,8,3133.89,932702,115357.0,206149.0,3163.0,3163.0,3115.5,3134.3,31844400,3447.7,2820.9,3839.9,2896.0,3119.6,16,2,3119.5,66,3,3119.4,23,3,3119.3,254,2,3119.2,39,2,3119.8,10,2,3119.9,14,1,3120.0,15,3,3120.4,19,1,3120.5,200,1
2031,2026-06-16 10:23:40+05:30,3119.8,8,3133.89,932702,115357.0,206149.0,3163.0,3163.0,3115.5,3134.3,31844400,3447.7,2820.9,3839.9,2896.0,3119.6,16,2,3119.5,66,3,3119.4,23,3,3119.3,254,2,3119.2,39,2,3119.8,10,2,3119.9,14,1,3120.0,15,3,3120.4,19,1,3120.5,200,1
2031,2026-06-16 10:23:40+05:30,3119.6,1,3133.89,932702,115357.0,206149.0,3163.0,3163.0,3115.5,3134.3,31844400,3447.7,2820.9,3839.9,2896.0,3119.6,16,2,3119.5,66,3,3119.4,23,3,3119.3,254,2,3119.2,39,2,3119.8,10,2,3119.9,14,1,3120.0,15,3,3120.4,19,1,3120.5,200,1
2031,2026-06-16 10:23:41+05:30,3119.6,1,3133.89,932702,115357.0,206149.0,3163.0,3163.0,3115.5,3134.3,31844400,3447.7,2820.9,3839.9,2896.0,3119.6,16,2,3119.5,66,3,3119.4,23,3,3119.3,254,2,3119.2,39,2,3119.8,10,2,3119.9,14,1,3120.0,15,3,3120.4,19,1,3120.5,200,1
2031,2026-06-16 10:23:41+05:30,3119.6,1,3133.89,932703,115392.0,207232.0,3163.0,3163.0,3115.5,3134.3,31844400,3447.7,2820.9,3839.9,2896.0,3119.6,15,2,3119.5,66,3,3119.4,23,3,3119.3,254,2,3119.2,39,2,3119.8,10,2,3119.9,14,1,3120.0,15,3,3120.4,19,1,3120.5,219,2
2031,2026-06-16 10:23:42+05:30,3119.6,1,3133.89,932703,115392.0,207232.0,3163.0,3163.0,3115.5,3134.3,31846600,3447.7,2820.9,3839.9,2896.0,3119.6,15,2,3119.5,66,3,3119.4,23,3,3119.3,254,2,3119.2,39,2,3119.8,10,2,3119.9,14,1,3120.0,15,3,3120.4,19,1,3120.5,219,2
2031,2026-06-16 10:23:42+05:30,3119.6,57,3133.89,932877,115303.0,207429.0,3163.0,3163.0,3115.5,3134.3,31846600,3447.7,2820.9,3839.9,2896.0,3119.5,5,1,3119.4,23,3,3119.3,254,2,3119.2,13,1,3119.1,60,2,3119.6,26,1,3119.8,27,3,3119.9,44,2,3120.0,35,5,3120.2,49,2
2031,2026-06-16 10:23:42+05:30,3119.6,15,3133.89,932877,115303.0,207429.0,3163.0,3163.0,3115.5,3134.3,31846600,3447.7,2820.9,3839.9,2896.0,3119.5,5,1,3119.4,23,3,3119.3,254,2,3119.2,13,1,3119.1,60,2,3119.6,26,1,3119.8,27,3,3119.9,44,2,3120.0,35,5,3120.2,49,2
2031,2026-06-16 10:23:43+05:30,3119.6,15,3133.89,932903,115283.0,207767.0,3163.0,3163.0,3115.5,3134.3,31846600,3447.7,2820.9,3839.9,2896.0,3119.5,7,2,3119.4,25,3,3119.3,254,2,3119.2,13,1,3119.1,60,2,3119.6,20,1,3119.8,27,3,3119.9,14,1,3120.0,65,6,3120.2,249,3
2031,2026-06-16 10:23:44+05:30,3119.6,1,3133.89,932904,115318.0,207606.0,3163.0,3163.0,3115.5,3134.3,31846600,3447.7,2820.9,3839.9,2896.0,3119.5,51,3,3119.4,25,3,3119.3,254,2,3119.2,13,1,3119.1,60,2,3119.6,44,3,3119.7,30,1,3119.8,27,3,3119.9,14,1,3120.0,78,7
2031,2026-06-16 10:23:44+05:30,3119.6,1,3133.89,932904,115318.0,207606.0,3163.0,3163.0,3115.5,3134.3,31846600,3447.7,2820.9,3839.9,2896.0,3119.5,51,3,3119.4,25,3,3119.3,254,2,3119.2,13,1,3119.1,60,2,3119.6,44,3,3119.7,30,1,3119.8,27,3,3119.9,14,1,3120.0,78,7
2031,2026-06-16 10:23:45+05:30,3119.5,62,3133.88,933109,115460.0,207668.0,3163.0,3163.0,3115.5,3134.3,31846600,3447.7,2820.9,3839.9,2896.0,3119.5,25,2,3119.4,25,3,3119.3,254,2,3119.2,13,1,3119.1,60,2,3119.6,66,6,3119.8,57,4,3119.9,14,1,3120.0,64,5,3120.1,254,2
2031,2026-06-16 10:23:45+05:30,3119.5,62,3133.88,933109,115460.0,207668.0,3163.0,3163.0,3115.5,3134.3,31846600,3447.7,2820.9,3839.9,2896.0,3119.5,25,2,3119.4,25,3,3119.3,254,2,3119.2,13,1,3119.1,60,2,3119.6,66,6,3119.8,57,4,3119.9,14,1,3120.0,64,5,3120.1,254,2
2031,2026-06-16 10:23:46+05:30,3119.6,1,3133.88,933110,115320.0,206720.0,3163.0,3163.0,3115.5,3134.3,31846600,3447.7,2820.9,3839.9,2896.0,3119.5,25,2,3119.4,25,3,3119.3,254,2,3119.2,13,1,3119.1,60,2,3119.6,25,4,3119.8,10,2,3119.9,14,1,3120.0,16,4,3120.1,24,1
2031,2026-06-16 10:23:46+05:30,3119.5,1,3133.88,933110,115320.0,206720.0,3163.0,3163.0,3115.5,3134.3,31846600,3447.7,2820.9,3839.9,2896.0,3119.5,25,2,3119.4,25,3,3119.3,254,2,3119.2,13,1,3119.1,60,2,3119.6,25,4,3119.8,10,2,3119.9,14,1,3120.0,16,4,3120.1,24,1
2031,2026-06-16 10:23:47+05:30,3119.6,2,3133.87,933725,114330.0,206334.0,3163.0,3163.0,3115.5,3134.3,31846600,3447.7,2820.9,3839.9,2896.0,3119.5,34,2,3119.4,51,4,3119.3,254,2,3119.2,13,1,3119.1,14,1,3119.6,10,3,3119.8,10,2,3119.9,14,1,3120.0,34,4,3120.1,24,1
2031,2026-06-16 10:23:47+05:30,3119.4,3,3133.87,933725,114330.0,206334.0,3163.0,3163.0,3115.5,3134.3,31846600,3447.7,2820.9,3839.9,2896.0,3119.5,34,2,3119.4,51,4,3119.3,254,2,3119.2,13,1,3119.1,14,1,3119.6,10,3,3119.8,10,2,3119.9,14,1,3120.0,34,4,3120.1,24,1
2031,2026-06-16 10:23:48+05:30,3119.2,42,3133.86,934635,114258.0,207627.0,3163.0,3163.0,3115.5,3134.3,31846600,3447.7,2820.9,3839.9,2896.0,3119.2,13,1,3119.0,669,6,3118.9,12,1,3118.6,29,2,3118.5,36,2,3119.3,200,1,3119.4,90,1,3119.5,19,1,3119.6,36,4,3119.7,30,1
2031,2026-06-16 10:23:48+05:30,3119.2,42,3133.86,934635,114258.0,207627.0,3163.0,3163.0,3115.5,3134.3,31846600,3447.7,2820.9,3839.9,2896.0,3119.2,13,1,3119.0,669,6,3118.9,12,1,3118.6,29,2,3118.5,36,2,3119.3,200,1,3119.4,90,1,3119.5,19,1,3119.6,36,4,3119.7,30,1
2031,2026-06-16 10:23:49+05:30,3119.3,30,3133.86,934672,114245.0,207939.0,3163.0,3163.0,3115.5,3134.3,31846600,3447.7,2820.9,3839.9,2896.0,3119.2,34,2,3119.0,669,6,3118.9,12,1,3118.6,29,2,3118.5,14,1,3119.3,183,3,3119.4,90,1,3119.5,30,1,3119.6,52,4,3119.8,89,5
2031,2026-06-16 10:23:49+05:30,3119.3,30,3133.86,934672,114245.0,207939.0,3163.0,3163.0,3115.5,3134.3,31846600,3447.7,2820.9,3839.9,2896.0,3119.2,34,2,3119.0,669,6,3118.9,12,1,3118.6,29,2,3118.5,14,1,3119.3,183,3,3119.4,90,1,3119.5,30,1,3119.6,52,4,3119.8,89,5
2031,2026-06-16 10:23:50+05:30,3119.3,30,3133.86,934672,114705.0,208008.0,3163.0,3163.0,3115.5,3134.3,31846600,3447.7,2820.9,3839.9,2896.0,3119.2,34,2,3119.0,669,6,3118.6,29,2,3118.5,14,1,3118.4,18,2,3119.3,183,3,3119.4,90,1,3119.5,30,1,3119.6,52,4,3119.8,89,5
2031,2026-06-16 10:23:51+05:30,3119.3,10,3133.86,934682,114705.0,207997.0,3163.0,3163.0,3115.5,3134.3,31846600,3447.7,2820.9,3839.9,2896.0,3119.2,34,2,3119.0,669,6,3118.6,29,2,3118.5,14,1,3118.4,18,2,3119.3,173,3,3119.4,90,1,3119.5,30,1,3119.6,52,4,3119.8,89,5
2031,2026-06-16 10:23:51+05:30,3119.3,10,3133.86,934682,114705.0,207997.0,3163.0,3163.0,3115.5,3134.3,31846600,3447.7,2820.9,3839.9,2896.0,3119.2,34,2,3119.0,669,6,3118.6,29,2,3118.5,14,1,3118.4,18,2,3119.3,173,3,3119.4,90,1,3119.5,30,1,3119.6,52,4,3119.8,89,5
2031,2026-06-16 10:23:52+05:30,3119.3,10,3133.86,934682,114705.0,208014.0,3163.0,3163.0,3115.5,3134.3,31846600,3447.7,2820.9,3839.9,2896.0,3119.2,34,2,3119.0,669,6,3118.6,29,2,3118.5,14,1,3118.4,18,2,3119.3,191,4,3119.4,90,1,3119.5,30,1,3119.6,52,4,3119.8,88,4
2031,2026-06-16 10:23:53+05:30,3119.3,16,3133.86,934682,114705.0,208014.0,3163.0,3163.0,3115.5,3134.3,31846600,3447.7,2820.9,3839.9,2896.0,3119.2,34,2,3119.0,669,6,3118.6,29,2,3118.5,14,1,3118.4,18,2,3119.3,191,4,3119.4,90,1,3119.5,30,1,3119.6,52,4,3119.8,88,4
2031,2026-06-16 10:23:54+05:30,3119.3,16,3133.85,934864,114690.0,207742.0,3163.0,3163.0,3115.5,3134.3,31846600,3447.7,2820.9,3839.9,2896.0,3119.2,13,2,3119.0,669,6,3118.6,29,2,3118.5,14,1,3118.4,60,3,3119.3,18,1,3119.4,90,1,3119.6,50,3,3119.8,49,2,3119.9,270,4
2031,2026-06-16 10:23:54+05:30,3119.3,1,3133.85,934864,114690.0,207742.0,3163.0,3163.0,3115.5,3134.3,31846600,3447.7,2820.9,3839.9,2896.0,3119.2,13,2,3119.0,669,6,3118.6,29,2,3118.5,14,1,3118.4,60,3,3119.3,18,1,3119.4,90,1,3119.6,50,3,3119.8,49,2,3119.9,270,4
2031,2026-06-16 10:23:55+05:30,3119.3,1,3133.85,934865,114667.0,207545.0,3163.0,3163.0,3115.5,3134.3,31846600,3447.7,2820.9,3839.9,2896.0,3119.2,13,2,3119.0,669,6,3118.6,29,2,3118.5,14,1,3118.4,61,4,3119.3,21,2,3119.4,90,1,3119.6,50,3,3119.8,49,2,3119.9,300,5
2031,2026-06-16 10:23:55+05:30,3119.3,1,3133.85,934865,114667.0,207545.0,3163.0,3163.0,3115.5,3134.3,31846600,3447.7,2820.9,3839.9,2896.0,3119.2,13,2,3119.0,669,6,3118.6,29,2,3118.5,14,1,3118.4,61,4,3119.3,21,2,3119.4,90,1,3119.6,50,3,3119.8,49,2,3119.9,300,5
2031,2026-06-16 10:23:56+05:30,3119.3,1,3133.85,934866,114472.0,207799.0,3163.0,3163.0,3115.5,3134.3,31846600,3447.7,2820.9,3839.9,2896.0,3119.2,13,2,3119.0,669,6,3118.6,29,2,3118.5,14,1,3118.4,19,3,3119.3,59,4,3119.4,109,2,3119.5,28,1,3119.6,50,3,3119.7,30,1
2031,2026-06-16 10:23:57+05:30,3119.3,1,3133.85,934866,114688.0,207766.0,3163.0,3163.0,3115.5,3134.3,31846600,3447.7,2820.9,3839.9,2896.0,3119.2,15,3,3119.1,25,1,3119.0,669,6,3118.6,29,2,3118.5,14,1,3119.3,59,4,3119.4,109,2,3119.6,50,3,3119.7,30,1,3119.8,19,1
2031,2026-06-16 10:23:58+05:30,3119.3,1,3133.85,934866,114654.0,207807.0,3163.0,3163.0,3115.5,3134.3,31846600,3447.7,2820.9,3839.9,2896.0,3119.2,15,3,3119.1,25,1,3119.0,669,6,3118.6,29,2,3118.5,14,1,3119.3,73,5,3119.4,109,2,3119.6,50,3,3119.7,30,1,3119.8,47,2
2031,2026-06-16 10:23:59+05:30,3119.3,1,3133.85,934866,114654.0,207837.0,3163.0,3163.0,3115.5,3134.3,31846600,3447.7,2820.9,3839.9,2896.0,3119.2,15,3,3119.1,25,1,3119.0,350,5,3118.6,29,2,3118.5,14,1,3119.3,73,5,3119.4,109,2,3119.6,50,3,3119.7,30,1,3119.8,47,2
2031,2026-06-16 10:23:59+05:30,3119.3,13,3133.85,934866,114654.0,207837.0,3163.0,3163.0,3115.5,3134.3,31846600,3447.7,2820.9,3839.9,2896.0,3119.2,15,3,3119.1,25,1,3119.0,350,5,3118.6,29,2,3118.5,14,1,3119.3,73,5,3119.4,109,2,3119.6,50,3,3119.7,30,1,3119.8,47,2
2031,2026-06-16 10:24:00+05:30,3119.3,2,3133.85,934903,114696.0,207795.0,3163.0,3163.0,3115.5,3134.3,31846600,3447.7,2820.9,3839.9,2896.0,3119.2,24,5,3119.1,25,1,3119.0,350,5,3118.6,30,3,3118.5,14,1,3119.3,55,5,3119.4,90,1,3119.6,50,3,3119.8,19,1,3119.9,284,3
2031,2026-06-16 10:24:00+05:30,3119.3,2,3133.85,934903,114696.0,207795.0,3163.0,3163.0,3115.5,3134.3,31846600,3447.7,2820.9,3839.9,2896.0,3119.2,24,5,3119.1,25,1,3119.0,350,5,3118.6,30,3,3118.5,14,1,3119.3,55,5,3119.4,90,1,3119.6,50,3,3119.8,19,1,3119.9,284,3
2031,2026-06-16 10:24:01+05:30,3119.3,2,3133.85,934907,114580.0,207816.0,3163.0,3163.0,3115.5,3134.3,31846600,3447.7,2820.9,3839.9,2896.0,3119.2,24,5,3119.1,25,1,3119.0,363,5,3118.8,25,1,3118.6,78,6,3119.3,51,5,3119.4,90,1,3119.6,31,2,3119.9,200,1,3120.0,34,4
2031,2026-06-16 10:24:01+05:30,3119.2,5,3133.85,934907,114580.0,207816.0,3163.0,3163.0,3115.5,3134.3,31846600,3447.7,2820.9,3839.9,2896.0,3119.2,24,5,3119.1,25,1,3119.0,363,5,3118.8,25,1,3118.6,78,6,3119.3,51,5,3119.4,90,1,3119.6,31,2,3119.9,200,1,3120.0,34,4
2031,2026-06-16 10:24:02+05:30,3119.3,2,3133.85,935132,114978.0,207750.0,3163.0,3163.0,3115.5,3134.3,31846600,3447.7,2820.9,3839.9,2896.0,3119.3,47,1,3119.2,35,5,3119.0,338,4,3118.6,59,5,3118.5,208,3,3119.4,90,1,3119.6,31,2,3119.9,200,1,3120.0,34,4,3120.2,129,4
2031,2026-06-16 10:24:02+05:30,3119.4,2,3133.85,935132,114978.0,207750.0,3163.0,3163.0,3115.5,3134.3,31846600,3447.7,2820.9,3839.9,2896.0,3119.3,47,1,3119.2,35,5,3119.0,338,4,3118.6,59,5,3118.5,208,3,3119.4,90,1,3119.6,31,2,3119.9,200,1,3120.0,34,4,3120.2,129,4
2031,2026-06-16 10:24:03+05:30,3119.0,169,3133.84,935539,113808.0,208184.0,3163.0,3163.0,3115.5,3134.3,31846600,3447.7,2820.9,3839.9,2896.0,3119.0,169,4,3118.6,29,2,3118.5,14,1,3118.4,362,4,3118.3,20,1,3119.3,28,1,3119.4,83,1,3119.5,29,1,3119.6,33,3,3119.8,19,1
2031,2026-06-16 10:24:03+05:30,3119.3,28,3133.84,935539,113808.0,208184.0,3163.0,3163.0,3115.5,3134.3,31846600,3447.7,2820.9,3839.9,2896.0,3119.0,169,4,3118.6,29,2,3118.5,14,1,3118.4,362,4,3118.3,20,1,3119.3,28,1,3119.4,83,1,3119.5,29,1,3119.6,33,3,3119.8,19,1
2031,2026-06-16 10:24:04+05:30,3119.3,42,3133.84,935609,114740.0,207975.0,3163.0,3163.0,3115.5,3134.3,31846600,3447.7,2820.9,3839.9,2896.0,3119.3,10,1,3119.2,4,1,3119.1,25,1,3119.0,169,4,3118.7,25,1,3119.4,84,2,3119.6,33,3,3119.9,200,1,3120.0,69,4,3120.2,155,5
2031,2026-06-16 10:24:04+05:30,3119.3,42,3133.84,935609,114740.0,207975.0,3163.0,3163.0,3115.5,3134.3,31846600,3447.7,2820.9,3839.9,2896.0,3119.3,10,1,3119.2,4,1,3119.1,25,1,3119.0,169,4,3118.7,25,1,3119.4,84,2,3119.6,33,3,3119.9,200,1,3120.0,69,4,3120.2,155,5
2031,2026-06-16 10:24:05+05:30,3119.3,7,3133.84,935616,114735.0,208019.0,3163.0,3163.0,3115.5,3134.3,31846600,3447.7,2820.9,3839.9,2896.0,3119.3,3,1,3119.2,4,1,3119.1,25,1,3119.0,169,4,3118.7,25,1,3119.4,93,3,3119.6,33,3,3119.9,200,1,3120.0,69,4,3120.1,29,1
2031,2026-06-16 10:24:05+05:30,3119.4,1,3133.84,935616,114735.0,208019.0,3163.0,3163.0,3115.5,3134.3,31846600,3447.7,2820.9,3839.9,2896.0,3119.3,3,1,3119.2,4,1,3119.1,25,1,3119.0,169,4,3118.7,25,1,3119.4,93,3,3119.6,33,3,3119.9,200,1,3120.0,69,4,3120.1,29,1
2031,2026-06-16 10:24:06+05:30,3119.0,131,3133.84,936039,113404.0,208342.0,3163.0,3163.0,3115.5,3134.3,31846600,3447.7,2820.9,3839.9,2896.0,3119.0,38,3,3118.9,13,1,3118.6,15,2,3118.5,185,2,3118.4,338,4,3119.3,52,3,3119.4,154,6,3119.5,23,2,3119.6,92,6,3119.7,54,2
2031,2026-06-16 10:24:06+05:30,3119.0,131,3133.84,936039,113404.0,208342.0,3163.0,3163.0,3115.5,3134.3,31846600,3447.7,2820.9,3839.9,2896.0,3119.0,38,3,3118.9,13,1,3118.6,15,2,3118.5,185,2,3118.4,338,4,3119.3,52,3,3119.4,154,6,3119.5,23,2,3119.6,92,6,3119.7,54,2
2031,2026-06-16 10:24:07+05:30,3119.0,131,3133.84,936039,114051.0,208401.0,3163.0,3163.0,3115.5,3134.3,31846600,3447.7,2820.9,3839.9,2896.0,3119.2,2,1,3119.0,38,3,3118.9,13,1,3118.6,15,2,3118.5,185,2,3119.3,46,2,3119.4,143,6,3119.5,10,1,3119.6,82,5,3119.7,36,1
2031,2026-06-16 10:24:08+05:30,3119.2,62,3133.83,936120,114444.0,208070.0,3163.0,3163.0,3115.5,3134.3,31846600,3447.7,2820.9,3839.9,2896.0,3119.2,21,1,3119.0,73,4,3118.9,13,1,3118.6,14,1,3118.5,14,1,3119.3,48,2,3119.4,27,3,3119.5,10,1,3119.6,82,5,3119.8,299,4
2031,2026-06-16 10:24:08+05:30,3119.3,1,3133.83,936120,114444.0,208070.0,3163.0,3163.0,3115.5,3134.3,31846600,3447.7,2820.9,3839.9,2896.0,3119.2,21,1,3119.0,73,4,3118.9,13,1,3118.6,14,1,3118.5,14,1,3119.3,48,2,3119.4,27,3,3119.5,10,1,3119.6,82,5,3119.8,299,4
2031,2026-06-16 10:24:09+05:30,3119.3,1,3133.83,936121,114431.0,208093.0,3163.0,3163.0,3115.5,3134.3,31846600,3447.7,2820.9,3839.9,2896.0,3119.2,29,2,3119.0,73,4,3118.9,13,1,3118.6,14,1,3118.5,14,1,3119.3,48,3,3119.4,10,2,3119.5,10,1,3119.6,50,3,3119.7,30,1
2031,2026-06-16 10:24:10+05:30,3119.3,1,3133.83,936121,114507.0,208088.0,3163.0,3163.0,3115.5,3134.3,31846600,3447.7,2820.9,3839.9,2896.0,3119.2,31,3,3119.0,73,4,3118.9,13,1,3118.8,1,1,3118.6,14,1,3119.3,34,3,3119.4,10,2,3119.5,10,1,3119.6,45,2,3119.8,219,2
2031,2026-06-16 10:24:10+05:30,3119.3,1,3133.83,936121,114507.0,208088.0,3163.0,3163.0,3115.5,3134.3,31846600,3447.7,2820.9,3839.9,2896.0,3119.2,31,3,3119.0,73,4,3118.9,13,1,3118.8,1,1,3118.6,14,1,3119.3,34,3,3119.4,10,2,3119.5,10,1,3119.6,45,2,3119.8,219,2
2031,2026-06-16 10:24:11+05:30,3119.3,1,3133.83,936122,114791.0,208095.0,3163.0,3163.0,3115.5,3134.3,31846600,3447.7,2820.9,3839.9,2896.0,3119.2,31,3,3119.0,73,4,3118.9,13,1,3118.8,1,1,3118.6,14,1,3119.3,33,3,3119.4,10,2,3119.5,10,1,3119.6,45,2,3119.8,219,2
2031,2026-06-16 10:24:12+05:30,3119.3,1,3133.83,936122,114838.0,208083.0,3163.0,3163.0,3115.5,3134.3,31846600,3447.7,2820.9,3839.9,2896.0,3119.2,31,3,3119.0,74,5,3118.9,13,1,3118.8,26,2,3118.6,54,3,3119.3,33,3,3119.4,10,2,3119.6,26,1,3119.8,200,1,3120.0,88,5
2031,2026-06-16 10:24:13+05:30,3118.6,11,3133.83,936578,113806.0,208699.0,3163.0,3163.0,3115.5,3134.3,31846600,3447.7,2820.9,3839.9,2896.0,3118.6,14,1,3118.5,79,2,3118.4,337,3,3118.3,49,1,3118.2,21,2,3119.0,200,1,3119.2,219,2,3119.3,28,4,3119.4,62,3,3119.6,74,3
2031,2026-06-16 10:24:13+05:30,3119.0,1,3133.83,936578,113806.0,208699.0,3163.0,3163.0,3115.5,3134.3,31846600,3447.7,2820.9,3839.9,2896.0,3118.6,14,1,3118.5,79,2,3118.4,337,3,3118.3,49,1,3118.2,21,2,3119.0,200,1,3119.2,219,2,3119.3,28,4,3119.4,62,3,3119.6,74,3
2031,2026-06-16 10:24:14+05:30,3118.6,115,3133.82,936787,113611.0,209250.0,3163.0,3163.0,3115.5,3134.3,31846600,3447.7,2820.9,3839.9,2896.0,3118.6,22,1,3118.5,14,1,3118.4,337,3,3118.3,49,1,3118.2,21,2,3119.0,243,4,3119.2,273,3,3119.3,6,2,3119.4,62,3,3119.6,102,4
2031,2026-06-16 10:24:14+05:30,3118.6,115,3133.82,936787,113611.0,209250.0,3163.0,3163.0,3115.5,3134.3,31846600,3447.7,2820.9,3839.9,2896.0,3118.6,22,1,3118.5,14,1,3118.4,337,3,3118.3,49,1,3118.2,21,2,3119.0,243,4,3119.2,273,3,3119.3,6,2,3119.4,62,3,3119.6,102,4
2031,2026-06-16 10:24:15+05:30,3119.0,1,3133.82,936787,113611.0,209250.0,3163.0,3163.0,3115.5,3134.3,31846600,3447.7,2820.9,3839.9,2896.0,3118.6,22,1,3118.5,14,1,3118.4,337,3,3118.3,49,1,3118.2,21,2,3119.0,243,4,3119.2,273,3,3119.3,6,2,3119.4,62,3,3119.6,102,4
2031,2026-06-16 10:24:16+05:30,3119.0,1,3133.82,936788,113652.0,209656.0,3163.0,3163.0,3115.5,3134.3,31846600,3447.7,2820.9,3839.9,2896.0,3118.8,2,2,3118.6,35,3,3118.5,14,1,3118.4,321,2,3118.3,49,1,3119.0,242,4,3119.2,254,2,3119.3,6,2,3119.4,62,3,3119.6,73,3
2031,2026-06-16 10:24:16+05:30,3119.0,1,3133.82,936788,113652.0,209656.0,3163.0,3163.0,3115.5,3134.3,31846600,3447.7,2820.9,3839.9,2896.0,3118.8,2,2,3118.6,35,3,3118.5,14,1,3118.4,321,2,3118.3,49,1,3119.0,242,4,3119.2,254,2,3119.3,6,2,3119.4,62,3,3119.6,73,3
2031,2026-06-16 10:24:17+05:30,3119.0,1,3133.82,936789,113632.0,209169.0,3163.0,3163.0,3115.5,3134.3,31846600,3447.7,2820.9,3839.9,2896.0,3118.8,60,4,3118.6,35,3,3118.5,14,1,3118.4,334,3,3118.3,49,1,3119.0,241,4,3119.1,28,1,3119.2,273,3,3119.3,6,2,3119.4,62,3
2031,2026-06-16 10:24:18+05:30,3119.0,1,3133.82,936789,113471.0,207341.0,3163.0,3163.0,3115.5,3134.3,31846600,3447.7,2820.9,3839.9,2896.0,3118.8,60,4,3118.6,35,3,3118.5,14,1,3118.4,321,2,3118.3,49,1,3119.0,211,3,3119.1,28,1,3119.2,273,3,3119.3,6,2,3119.4,53,2
2031,2026-06-16 10:24:18+05:30,3118.6,5,3133.82,936789,113471.0,207341.0,3163.0,3163.0,3115.5,3134.3,31846600,3447.7,2820.9,3839.9,2896.0,3118.8,60,4,3118.6,35,3,3118.5,14,1,3118.4,321,2,3118.3,49,1,3119.0,211,3,3119.1,28,1,3119.2,273,3,3119.3,6,2,3119.4,53,2
2031,2026-06-16 10:24:19+05:30,3118.6,5,3133.82,936978,113599.0,209011.0,3163.0,3163.0,3115.5,3134.3,31846600,3447.7,2820.9,3839.9,2896.0,3118.6,8,2,3118.4,321,2,3118.3,49,1,3118.2,21,2,3118.1,57,2,3118.9,5,1,3119.0,137,6,3119.2,285,4,3119.3,6,2,3119.4,82,3
2031,2026-06-16 10:24:20+05:30,3118.9,5,3133.82,937183,113224.0,208798.0,3163.0,3163.0,3115.5,3134.3,31846600,3447.7,2820.9,3839.9,2896.0,3118.4,198,2,3118.3,49,1,3118.2,21,2,3118.1,57,2,3118.0,583,12,3118.9,1,1,3119.0,118,5,3119.1,19,1,3119.2,228,2,3119.3,1,1
2031,2026-06-16 10:24:20+05:30,3118.9,5,3133.82,937183,113224.0,208798.0,3163.0,3163.0,3115.5,3134.3,31846600,3447.7,2820.9,3839.9,2896.0,3118.4,198,2,3118.3,49,1,3118.2,21,2,3118.1,57,2,3118.0,583,12,3118.9,1,1,3119.0,118,5,3119.1,19,1,3119.2,228,2,3119.3,1,1
2031,2026-06-16 10:24:21+05:30,3118.9,1,3133.82,937190,113339.0,207071.0,3163.0,3163.0,3115.5,3134.3,31846600,3447.7,2820.9,3839.9,2896.0,3118.4,198,2,3118.2,21,2,3118.1,26,2,3118.0,546,10,3117.9,16,1,3118.9,25,1,3119.0,70,2,3119.2,301,4,3119.3,1,1,3119.4,67,2
2031,2026-06-16 10:24:21+05:30,3118.9,1,3133.82,937190,113339.0,207071.0,3163.0,3163.0,3115.5,3134.3,31846600,3447.7,2820.9,3839.9,2896.0,3118.4,198,2,3118.2,21,2,3118.1,26,2,3118.0,546,10,3117.9,16,1,3118.9,25,1,3119.0,70,2,3119.2,301,4,3119.3,1,1,3119.4,67,2
2031,2026-06-16 10:24:22+05:30,3118.9,4,3133.82,937295,113219.0,209074.0,3163.0,3163.0,3115.5,3134.3,31846600,3447.7,2820.9,3839.9,2896.0,3118.4,177,3,3118.2,2,1,3118.1,1,1,3118.0,586,11,3117.9,67,2,3118.9,26,2,3119.0,70,2,3119.2,273,3,3119.3,1,1,3119.4,67,2
2031,2026-06-16 10:24:22+05:30,3118.9,4,3133.82,937295,113219.0,209074.0,3163.0,3163.0,3115.5,3134.3,31846600,3447.7,2820.9,3839.9,2896.0,3118.4,177,3,3118.2,2,1,3118.1,1,1,3118.0,586,11,3117.9,67,2,3118.9,26,2,3119.0,70,2,3119.2,273,3,3119.3,1,1,3119.4,67,2
2031,2026-06-16 10:24:23+05:30,3118.4,21,3133.81,937505,112914.0,209629.0,3163.0,3163.0,3115.5,3134.3,31846600,3447.7,2820.9,3839.9,2896.0,3118.4,5,2,3118.2,2,1,3118.1,1,1,3118.0,586,11,3117.7,26,2,3118.8,27,1,3118.9,109,5,3119.0,70,2,3119.1,229,2,3119.2,93,3
2031,2026-06-16 10:24:23+05:30,3118.4,21,3133.81,937505,112914.0,209629.0,3163.0,3163.0,3115.5,3134.3,31846600,3447.7,2820.9,3839.9,2896.0,3118.4,5,2,3118.2,2,1,3118.1,1,1,3118.0,586,11,3117.7,26,2,3118.8,27,1,3118.9,109,5,3119.0,70,2,3119.1,229,2,3119.2,93,3
2031,2026-06-16 10:24:24+05:30,3118.4,21,3133.81,937505,112914.0,209629.0,3163.0,3163.0,3115.5,3134.3,31846600,3447.7,2820.9,3839.9,2896.0,3118.4,5,2,3118.2,2,1,3118.1,1,1,3118.0,586,11,3117.7,26,2,3118.8,27,1,3118.9,109,5,3119.0,70,2,3119.1,229,2,3119.2,93,3
2031,2026-06-16 10:24:24+05:30,3118.4,21,3133.81,937505,112855.0,209580.0,3163.0,3163.0,3115.5,3134.3,31846600,3447.7,2820.9,3839.9,2896.0,3118.4,5,2,3118.2,2,1,3118.1,1,1,3118.0,586,11,3117.7,26,2,3118.8,30,2,3118.9,109,5,3119.0,45,1,3119.1,229,2,3119.2,93,3
2031,2026-06-16 10:24:25+05:30,3118.8,3,3133.81,937535,112917.0,209373.0,3163.0,3163.0,3115.5,3134.3,31846600,3447.7,2820.9,3839.9,2896.0,3118.4,5,2,3118.2,2,1,3118.1,1,1,3118.0,586,11,3117.9,2,1,3118.8,3,1,3118.9,109,5,3119.0,45,1,3119.1,229,2,3119.2,93,3
2031,2026-06-16 10:24:25+05:30,3118.8,3,3133.81,937535,112917.0,209373.0,3163.0,3163.0,3115.5,3134.3,31846600,3447.7,2820.9,3839.9,2896.0,3118.4,5,2,3118.2,2,1,3118.1,1,1,3118.0,586,11,3117.9,2,1,3118.8,3,1,3118.9,109,5,3119.0,45,1,3119.1,229,2,3119.2,93,3
2031,2026-06-16 10:24:25+05:30,3118.8,3,3133.81,937535,112917.0,209373.0,3163.0,3163.0,3115.5,3134.3,31846600,3447.7,2820.9,3839.9,2896.0,3118.4,5,2,3118.2,2,1,3118.1,1,1,3118.0,586,11,3117.9,2,1,3118.8,3,1,3118.9,109,5,3119.0,45,1,3119.1,229,2,3119.2,93,3
2031,2026-06-16 10:24:26+05:30,3118.8,3,3133.81,937535,112923.0,209588.0,3163.0,3163.0,3115.5,3134.3,31846600,3447.7,2820.9,3839.9,2896.0,3118.4,5,2,3118.2,2,1,3118.1,1,1,3118.0,586,11,3117.9,2,1,3118.8,6,3,3118.9,118,5,3119.0,45,1,3119.1,229,2,3119.2,93,3
2031,2026-06-16 10:24:26+05:30,3118.8,1,3133.81,937535,112923.0,209588.0,3163.0,3163.0,3115.5,3134.3,31846600,3447.7,2820.9,3839.9,2896.0,3118.4,5,2,3118.2,2,1,3118.1,1,1,3118.0,586,11,3117.9,2,1,3118.8,6,3,3118.9,118,5,3119.0,45,1,3119.1,229,2,3119.2,93,3
2031,2026-06-16 10:24:27+05:30,3118.5,10,3133.81,937752,112450.0,210469.0,3163.0,3163.0,3115.5,3134.3,31846600,3447.7,2820.9,3839.9,2896.0,3118.2,2,1,3118.1,1,1,3118.0,586,11,3117.9,2,1,3117.7,5,1,3118.6,106,4,3118.7,21,1,3118.8,53,5,3118.9,90,4,3119.0,296,4
2031,2026-06-16 10:24:27+05:30,3118.5,10,3133.81,937752,112450.0,210469.0,3163.0,3163.0,3115.5,3134.3,31846600,3447.7,2820.9,3839.9,2896.0,3118.2,2,1,3118.1,1,1,3118.0,586,11,3117.9,2,1,3117.7,5,1,3118.6,106,4,3118.7,21,1,3118.8,53,5,3118.9,90,4,3119.0,296,4
2031,2026-06-16 10:24:27+05:30,3118.5,10,3133.81,937752,112450.0,210469.0,3163.0,3163.0,3115.5,3134.3,31846600,3447.7,2820.9,3839.9,2896.0,3118.2,2,1,3118.1,1,1,3118.0,586,11,3117.9,2,1,3117.7,5,1,3118.6,106,4,3118.7,21,1,3118.8,53,5,3118.9,90,4,3119.0,296,4
2031,2026-06-16 10:24:28+05:30,3118.6,1,3133.81,937753,112575.0,210475.0,3163.0,3163.0,3115.5,3134.3,31846600,3447.7,2820.9,3839.9,2896.0,3118.2,2,1,3118.1,13,2,3118.0,635,12,3117.9,2,1,3117.7,5,1,3118.6,64,3,3118.7,21,1,3118.8,51,4,3118.9,72,3,3119.0,296,4
2031,2026-06-16 10:24:28+05:30,3118.6,1,3133.81,937753,112575.0,210475.0,3163.0,3163.0,3115.5,3134.3,31846600,3447.7,2820.9,3839.9,2896.0,3118.2,2,1,3118.1,13,2,3118.0,635,12,3117.9,2,1,3117.7,5,1,3118.6,64,3,3118.7,21,1,3118.8,51,4,3118.9,72,3,3119.0,296,4
2031,2026-06-16 10:24:29+05:30,3118.6,1,3133.81,937753,112575.0,210475.0,3163.0,3163.0,3115.5,3134.3,31846600,3447.7,2820.9,3839.9,2896.0,3118.2,2,1,3118.1,13,2,3118.0,635,12,3117.9,2,1,3117.7,5,1,3118.6,64,3,3118.7,21,1,3118.8,51,4,3118.9,72,3,3119.0,296,4
2031,2026-06-16 10:24:29+05:30,3118.6,1,3133.81,937753,112912.0,210410.0,3163.0,3163.0,3115.5,3134.3,31846600,3447.7,2820.9,3839.9,2896.0,3118.2,12,2,3118.1,13,2,3118.0,635,12,3117.9,2,1,3117.7,5,1,3118.6,91,5,3118.7,21,1,3118.8,51,4,3118.9,69,2,3119.0,296,4
2031,2026-06-16 10:24:30+05:30,3118.8,3,3133.81,937929,113257.0,209274.0,3163.0,3163.0,3115.5,3134.3,31846600,3447.7,2820.9,3839.9,2896.0,3118.4,2,2,3118.3,25,1,3118.2,13,3,3118.1,25,3,3118.0,660,13,3118.6,1,1,3118.8,3,1,3118.9,21,1,3119.0,45,1,3119.1,200,1
2031,2026-06-16 10:24:30+05:30,3118.8,3,3133.81,937929,113257.0,209274.0,3163.0,3163.0,3115.5,3134.3,31846600,3447.7,2820.9,3839.9,2896.0,3118.4,2,2,3118.3,25,1,3118.2,13,3,3118.1,25,3,3118.0,660,13,3118.6,1,1,3118.8,3,1,3118.9,21,1,3119.0,45,1,3119.1,200,1
2031,2026-06-16 10:24:31+05:30,3118.8,3,3133.81,937929,113257.0,209274.0,3163.0,3163.0,3115.5,3134.3,31846600,3447.7,2820.9,3839.9,2896.0,3118.4,2,2,3118.3,25,1,3118.2,13,3,3118.1,25,3,3118.0,660,13,3118.6,1,1,3118.8,3,1,3118.9,21,1,3119.0,45,1,3119.1,200,1
2031,2026-06-16 10:24:31+05:30,3118.4,1,3133.81,937932,112943.0,210025.0,3163.0,3163.0,3115.5,3134.3,31846600,3447.7,2820.9,3839.9,2896.0,3118.4,1,1,3118.2,13,3,3118.1,47,4,3118.0,635,12,3117.9,27,2,3118.6,92,3,3118.8,3,1,3118.9,21,1,3119.0,45,1,3119.1,200,1
2031,2026-06-16 10:24:31+05:30,3118.4,1,3133.81,937932,112943.0,210025.0,3163.0,3163.0,3115.5,3134.3,31846600,3447.7,2820.9,3839.9,2896.0,3118.4,1,1,3118.2,13,3,3118.1,47,4,3118.0,635,12,3117.9,27,2,3118.6,92,3,3118.8,3,1,3118.9,21,1,3119.0,45,1,3119.1,200,1
2031,2026-06-16 10:24:32+05:30,3118.6,1,3133.81,937933,113136.0,209854.0,3163.0,3163.0,3115.5,3134.3,31846600,3447.7,2820.9,3839.9,2896.0,3118.4,1,1,3118.2,13,3,3118.1,47,4,3118.0,635,12,3117.9,27,2,3118.6,101,3,3118.8,1,1,3118.9,21,1,3119.0,45,1,3119.2,200,1
2031,2026-06-16 10:24:32+05:30,3118.6,1,3133.81,937933,113136.0,209854.0,3163.0,3163.0,3115.5,3134.3,31846600,3447.7,2820.9,3839.9,2896.0,3118.4,1,1,3118.2,13,3,3118.1,47,4,3118.0,635,12,3117.9,27,2,3118.6,101,3,3118.8,1,1,3118.9,21,1,3119.0,45,1,3119.2,200,1
2031,2026-06-16 10:24:32+05:30,3118.2,6,3133.81,937933,113136.0,209854.0,3163.0,3163.0,3115.5,3134.3,31846600,3447.7,2820.9,3839.9,2896.0,3118.4,1,1,3118.2,13,3,3118.1,47,4,3118.0,635,12,3117.9,27,2,3118.6,101,3,3118.8,1,1,3118.9,21,1,3119.0,45,1,3119.2,200,1
2031,2026-06-16 10:24:33+05:30,3118.2,6,3133.8,937978,112853.0,210041.0,3163.0,3163.0,3115.5,3134.3,31846600,3447.7,2820.9,3839.9,2896.0,3118.2,5,2,3118.1,47,4,3118.0,635,12,3117.9,2,1,3117.7,5,1,3118.6,102,4,3118.8,1,1,3118.9,21,1,3119.0,74,2,3119.2,302,4
2031,2026-06-16 10:24:34+05:30,3118.2,6,3133.8,937978,112853.0,210041.0,3163.0,3163.0,3115.5,3134.3,31846600,3447.7,2820.9,3839.9,2896.0,3118.2,5,2,3118.1,47,4,3118.0,635,12,3117.9,2,1,3117.7,5,1,3118.6,102,4,3118.8,1,1,3118.9,21,1,3119.0,74,2,3119.2,302,4
2031,2026-06-16 10:24:34+05:30,3118.6,1,3133.8,937979,113017.0,208084.0,3163.0,3163.0,3115.5,3134.3,31846600,3447.7,2820.9,3839.9,2896.0,3118.2,5,2,3118.1,47,4,3118.0,635,12,3117.9,2,1,3117.7,34,2,3118.6,101,4,3118.8,1,1,3118.9,21,1,3119.0,74,2,3119.1,200,1
2031,2026-06-16 10:24:34+05:30,3118.6,1,3133.8,937979,113017.0,208084.0,3163.0,3163.0,3115.5,3134.3,31846600,3447.7,2820.9,3839.9,2896.0,3118.2,5,2,3118.1,47,4,3118.0,635,12,3117.9,2,1,3117.7,34,2,3118.6,101,4,3118.8,1,1,3118.9,21,1,3119.0,74,2,3119.1,200,1
2031,2026-06-16 10:24:34+05:30,3118.6,1,3133.8,937979,113017.0,208084.0,3163.0,3163.0,3115.5,3134.3,31846600,3447.7,2820.9,3839.9,2896.0,3118.2,5,2,3118.1,47,4,3118.0,635,12,3117.9,2,1,3117.7,34,2,3118.6,101,4,3118.8,1,1,3118.9,21,1,3119.0,74,2,3119.1,200,1
2031,2026-06-16 10:24:35+05:30,3118.6,1,3133.8,937979,113017.0,208084.0,3163.0,3163.0,3115.5,3134.3,31846600,3447.7,2820.9,3839.9,2896.0,3118.2,5,2,3118.1,47,4,3118.0,635,12,3117.9,2,1,3117.7,34,2,3118.6,101,4,3118.8,1,1,3118.9,21,1,3119.0,74,2,3119.1,200,1
2031,2026-06-16 10:24:35+05:30,3118.6,1,3133.8,937988,113022.0,209887.0,3163.0,3163.0,3115.5,3134.3,31846600,3447.7,2820.9,3839.9,2896.0,3118.4,23,1,3118.2,10,2,3118.1,25,3,3118.0,635,12,3117.9,2,1,3118.6,98,4,3118.8,1,1,3118.9,21,1,3119.0,45,1,3119.1,200,1
2031,2026-06-16 10:24:35+05:30,3118.6,1,3133.8,937988,113022.0,209887.0,3163.0,3163.0,3115.5,3134.3,31846600,3447.7,2820.9,3839.9,2896.0,3118.4,23,1,3118.2,10,2,3118.1,25,3,3118.0,635,12,3117.9,2,1,3118.6,98,4,3118.8,1,1,3118.9,21,1,3119.0,45,1,3119.1,200,1
2031,2026-06-16 10:24:35+05:30,3118.6,1,3133.8,937988,113022.0,209887.0,3163.0,3163.0,3115.5,3134.3,31846600,3447.7,2820.9,3839.9,2896.0,3118.4,23,1,3118.2,10,2,3118.1,25,3,3118.0,635,12,3117.9,2,1,3118.6,98,4,3118.8,1,1,3118.9,21,1,3119.0,45,1,3119.1,200,1
2031,2026-06-16 10:24:36+05:30,3118.6,1,3133.8,937988,113022.0,209887.0,3163.0,3163.0,3115.5,3134.3,31846600,3447.7,2820.9,3839.9,2896.0,3118.4,23,1,3118.2,10,2,3118.1,25,3,3118.0,635,12,3117.9,2,1,3118.6,98,4,3118.8,1,1,3118.9,21,1,3119.0,45,1,3119.1,200,1
2031,2026-06-16 10:24:36+05:30,3118.6,1,3133.8,937988,113028.0,209891.0,3163.0,3163.0,3115.5,3134.3,31846600,3447.7,2820.9,3839.9,2896.0,3118.4,23,1,3118.2,10,2,3118.1,25,3,3118.0,635,12,3117.9,2,1,3118.6,98,4,3118.8,1,1,3118.9,21,1,3119.0,45,1,3119.1,200,1
2031,2026-06-16 10:24:37+05:30,3118.6,1,3133.8,937988,113028.0,209891.0,3163.0,3163.0,3115.5,3134.3,31846600,3447.7,2820.9,3839.9,2896.0,3118.4,23,1,3118.2,10,2,3118.1,25,3,3118.0,635,12,3117.9,2,1,3118.6,98,4,3118.8,1,1,3118.9,21,1,3119.0,45,1,3119.1,200,1
2031,2026-06-16 10:24:37+05:30,3118.6,20,3133.8,938009,113065.0,210168.0,3163.0,3163.0,3115.5,3134.3,31846600,3447.7,2820.9,3839.9,2896.0,3118.4,23,1,3118.2,10,2,3118.1,25,3,3118.0,635,12,3117.9,2,1,3118.6,77,4,3118.8,1,1,3118.9,21,1,3119.0,45,1,3119.1,200,1
2031,2026-06-16 10:24:37+05:30,3118.6,20,3133.8,938009,113065.0,210168.0,3163.0,3163.0,3115.5,3134.3,31846600,3447.7,2820.9,3839.9,2896.0,3118.4,23,1,3118.2,10,2,3118.1,25,3,3118.0,635,12,3117.9,2,1,3118.6,77,4,3118.8,1,1,3118.9,21,1,3119.0,45,1,3119.1,200,1
2031,2026-06-16 10:24:38+05:30,3118.6,20,3133.8,938009,113065.0,210168.0,3163.0,3163.0,3115.5,3134.3,31846600,3447.7,2820.9,3839.9,2896.0,3118.4,23,1,3118.2,10,2,3118.1,25,3,3118.0,635,12,3117.9,2,1,3118.6,77,4,3118.8,1,1,3118.9,21,1,3119.0,45,1,3119.1,200,1
2031,2026-06-16 10:24:38+05:30,3118.0,17,3133.79,938641,112796.0,211431.0,3163.0,3163.0,3115.5,3134.3,31846600,3447.7,2820.9,3839.9,2896.0,3118.0,317,10,3117.9,2,1,3117.7,23,2,3117.5,33,2,3117.3,76,4,3118.5,16,1,3118.6,87,5,3118.8,103,5,3118.9,44,2,3119.0,119,4
2031,2026-06-16 10:24:38+05:30,3118.0,17,3133.79,938641,112796.0,211431.0,3163.0,3163.0,3115.5,3134.3,31846600,3447.7,2820.9,3839.9,2896.0,3118.0,317,10,3117.9,2,1,3117.7,23,2,3117.5,33,2,3117.3,76,4,3118.5,16,1,3118.6,87,5,3118.8,103,5,3118.9,44,2,3119.0,119,4
2031,2026-06-16 10:24:38+05:30,3118.0,17,3133.79,938641,112796.0,211431.0,3163.0,3163.0,3115.5,3134.3,31846600,3447.7,2820.9,3839.9,2896.0,3118.0,317,10,3117.9,2,1,3117.7,23,2,3117.5,33,2,3117.3,76,4,3118.5,16,1,3118.6,87,5,3118.8,103,5,3118.9,44,2,3119.0,119,4
2031,2026-06-16 10:24:39+05:30,3118.0,17,3133.79,938641,112796.0,211431.0,3163.0,3163.0,3115.5,3134.3,31846600,3447.7,2820.9,3839.9,2896.0,3118.0,317,10,3117.9,2,1,3117.7,23,2,3117.5,33,2,3117.3,76,4,3118.5,16,1,3118.6,87,5,3118.8,103,5,3118.9,44,2,3119.0,119,4
2031,2026-06-16 10:24:39+05:30,3118.0,17,3133.79,938641,112591.0,211807.0,3163.0,3163.0,3115.5,3134.3,31846600,3447.7,2820.9,3839.9,2896.0,3118.4,4,1,3118.0,317,10,3117.9,2,1,3117.7,23,2,3117.5,33,2,3118.6,253,5,3118.8,103,5,3118.9,44,2,3119.0,119,4,3119.1,158,4
2031,2026-06-16 10:24:40+05:30,3118.0,17,3133.79,938641,112591.0,211807.0,3163.0,3163.0,3115.5,3134.3,31846600,3447.7,2820.9,3839.9,2896.0,3118.4,4,1,3118.0,317,10,3117.9,2,1,3117.7,23,2,3117.5,33,2,3118.6,253,5,3118.8,103,5,3118.9,44,2,3119.0,119,4,3119.1,158,4
2031,2026-06-16 10:24:40+05:30,3116.0,4,3133.76,940771,92064.0,213517.0,3163.0,3163.0,3115.5,3134.3,31846600,3447.7,2820.9,3839.9,2896.0,3116.0,84,6,3115.8,1,1,3115.6,17,2,3115.5,12,2,3115.3,22,3,3116.3,200,1,3116.4,200,1,3116.5,15,1,3116.6,25,2,3116.8,200,1
2031,2026-06-16 10:24:40+05:30,3113.3,200,3133.76,940771,92064.0,213517.0,3163.0,3163.0,3115.5,3134.3,31846600,3447.7,2820.9,3839.9,2896.0,3116.0,84,6,3115.8,1,1,3115.6,17,2,3115.5,12,2,3115.3,22,3,3116.3,200,1,3116.4,200,1,3116.5,15,1,3116.6,25,2,3116.8,200,1
2031,2026-06-16 10:24:41+05:30,3113.3,200,3133.76,940771,92064.0,213517.0,3163.0,3163.0,3115.5,3134.3,31846600,3447.7,2820.9,3839.9,2896.0,3116.0,84,6,3115.8,1,1,3115.6,17,2,3115.5,12,2,3115.3,22,3,3116.3,200,1,3116.4,200,1,3116.5,15,1,3116.6,25,2,3116.8,200,1
2031,2026-06-16 10:24:41+05:30,3112.0,200,3133.62,947209,103122.0,213869.0,3163.0,3163.0,3111.7,3134.3,31846600,3447.7,2820.9,3839.9,2896.0,3112.5,42,1,3111.9,95,3,3111.8,19,1,3111.7,123,4,3111.6,36,2,3113.0,16,1,3113.1,16,1,3113.2,32,2,3113.4,32,2,3113.7,139,5
2031,2026-06-16 10:24:41+05:30,3112.0,74,3133.62,947209,103122.0,213869.0,3163.0,3163.0,3111.7,3134.3,31846600,3447.7,2820.9,3839.9,2896.0,3112.5,42,1,3111.9,95,3,3111.8,19,1,3111.7,123,4,3111.6,36,2,3113.0,16,1,3113.1,16,1,3113.2,32,2,3113.4,32,2,3113.7,139,5
2031,2026-06-16 10:24:42+05:30,3112.0,74,3133.62,947209,103122.0,213869.0,3163.0,3163.0,3111.7,3134.3,31910800,3447.7,2820.9,3839.9,2896.0,3112.5,42,1,3111.9,95,3,3111.8,19,1,3111.7,123,4,3111.6,36,2,3113.0,16,1,3113.1,16,1,3113.2,32,2,3113.4,32,2,3113.7,139,5
2031,2026-06-16 10:24:42+05:30,3111.8,200,3133.55,950227,104002.0,213987.0,3163.0,3163.0,3111.7,3134.3,31910800,3447.7,2820.9,3839.9,2896.0,3111.8,57,4,3111.7,32,3,3111.6,10,1,3111.5,11,4,3111.4,25,2,3112.4,32,1,3112.9,13,1,3113.0,475,6,3113.1,400,2,3113.3,54,1
2031,2026-06-16 10:24:42+05:30,3111.8,200,3133.55,950227,104002.0,213987.0,3163.0,3163.0,3111.7,3134.3,31910800,3447.7,2820.9,3839.9,2896.0,3111.8,57,4,3111.7,32,3,3111.6,10,1,3111.5,11,4,3111.4,25,2,3112.4,32,1,3112.9,13,1,3113.0,475,6,3113.1,400,2,3113.3,54,1
2031,2026-06-16 10:24:43+05:30,3111.8,200,3133.54,950627,104392.0,212799.0,3163.0,3163.0,3111.7,3134.3,31910800,3447.7,2820.9,3839.9,2896.0,3111.6,69,6,3111.5,90,7,3111.4,71,3,3111.3,96,4,3111.2,53,3,3112.4,4,1,3113.0,72,3,3113.5,13,1,3113.6,105,2,3113.8,71,2
2031,2026-06-16 10:24:43+05:30,3111.6,6,3133.54,950627,104392.0,212799.0,3163.0,3163.0,3111.7,3134.3,31910800,3447.7,2820.9,3839.9,2896.0,3111.6,69,6,3111.5,90,7,3111.4,71,3,3111.3,96,4,3111.2,53,3,3112.4,4,1,3113.0,72,3,3113.5,13,1,3113.6,105,2,3113.8,71,2
2031,2026-06-16 10:24:44+05:30,3112.2,48,3133.54,950920,103893.0,213482.0,3163.0,3163.0,3111.5,3134.3,31910800,3447.7,2820.9,3839.9,2896.0,3111.6,170,1,3111.2,67,5,3111.1,303,8,3111.0,509,19,3110.9,76,3,3112.4,4,1,3112.9,20,1,3113.0,127,5,3113.3,54,1,3113.4,58,2
2031,2026-06-16 10:24:44+05:30,3112.2,48,3133.54,950920,103893.0,213482.0,3163.0,3163.0,3111.5,3134.3,31910800,3447.7,2820.9,3839.9,2896.0,3111.6,170,1,3111.2,67,5,3111.1,303,8,3111.0,509,19,3110.9,76,3,3112.4,4,1,3112.9,20,1,3113.0,127,5,3113.3,54,1,3113.4,58,2
2031,2026-06-16 10:24:45+05:30,3113.0,21,3133.53,951220,104050.0,214141.0,3163.0,3163.0,3111.5,3134.3,31910800,3447.7,2820.9,3839.9,2896.0,3112.0,2,2,3111.7,20,1,3111.4,20,1,3111.2,87,2,3111.1,259,6,3112.9,60,4,3113.0,154,6,3113.1,116,4,3113.2,68,3,3113.3,54,1
2031,2026-06-16 10:24:45+05:30,3113.0,21,3133.53,951220,104050.0,214141.0,3163.0,3163.0,3111.5,3134.3,31910800,3447.7,2820.9,3839.9,2896.0,3112.0,2,2,3111.7,20,1,3111.4,20,1,3111.2,87,2,3111.1,259,6,3112.9,60,4,3113.0,154,6,3113.1,116,4,3113.2,68,3,3113.3,54,1
2031,2026-06-16 10:24:46+05:30,3112.4,5,3133.53,951439,104192.0,213625.0,3163.0,3163.0,3111.5,3134.3,31910800,3447.7,2820.9,3839.9,2896.0,3112.0,42,1,3111.4,108,3,3111.3,165,3,3111.2,82,2,3111.1,41,4,3112.4,1,1,3112.9,23,1,3113.0,39,1,3113.1,48,1,3113.2,17,1
2031,2026-06-16 10:24:46+05:30,3112.4,5,3133.53,951439,104192.0,213625.0,3163.0,3163.0,3111.5,3134.3,31910800,3447.7,2820.9,3839.9,2896.0,3112.0,42,1,3111.4,108,3,3111.3,165,3,3111.2,82,2,3111.1,41,4,3112.4,1,1,3112.9,23,1,3113.0,39,1,3113.1,48,1,3113.2,17,1
2031,2026-06-16 10:24:47+05:30,3112.0,1,3133.52,951603,104088.0,213470.0,3163.0,3163.0,3111.5,3134.3,31910800,3447.7,2820.9,3839.9,2896.0,3111.4,15,1,3111.3,78,2,3111.1,41,4,3111.0,562,23,3110.9,44,2,3112.0,36,1,3112.4,2,2,3112.9,23,1,3113.0,93,2,3113.1,13,1
2031,2026-06-16 10:24:47+05:30,3112.0,1,3133.52,951603,104088.0,213470.0,3163.0,3163.0,3111.5,3134.3,31910800,3447.7,2820.9,3839.9,2896.0,3111.4,15,1,3111.3,78,2,3111.1,41,4,3111.0,562,23,3110.9,44,2,3112.0,36,1,3112.4,2,2,3112.9,23,1,3113.0,93,2,3113.1,13,1
2031,2026-06-16 10:24:48+05:30,3111.4,15,3133.52,951619,103631.0,214851.0,3163.0,3163.0,3111.4,3134.3,31910800,3447.7,2820.9,3839.9,2896.0,3111.1,13,3,3111.0,442,18,3110.9,44,2,3110.8,20,1,3110.7,72,2,3112.0,90,4,3112.2,48,1,3112.3,30,1,3112.4,31,4,3112.6,33,1
2031,2026-06-16 10:24:48+05:30,3111.4,15,3133.52,951619,103631.0,214851.0,3163.0,3163.0,3111.4,3134.3,31910800,3447.7,2820.9,3839.9,2896.0,3111.1,13,3,3111.0,442,18,3110.9,44,2,3110.8,20,1,3110.7,72,2,3112.0,90,4,3112.2,48,1,3112.3,30,1,3112.4,31,4,3112.6,33,1
2031,2026-06-16 10:24:49+05:30,3111.4,15,3133.52,951619,103830.0,214512.0,3163.0,3163.0,3111.4,3134.3,31910800,3447.7,2820.9,3839.9,2896.0,3111.1,13,3,3111.0,459,19,3110.9,137,5,3110.8,41,2,3110.7,72,2,3112.0,90,4,3112.2,48,1,3112.4,67,5,3112.6,33,1,3112.7,76,3
2031,2026-06-16 10:24:50+05:30,3112.0,1,3133.52,951647,103956.0,215181.0,3163.0,3163.0,3111.4,3134.3,31910800,3447.7,2820.9,3839.9,2896.0,3111.1,13,3,3111.0,497,18,3110.9,44,2,3110.8,21,1,3110.7,104,3,3111.4,13,1,3112.0,723,5,3112.2,48,1,3112.3,30,1,3112.4,86,6
2031,2026-06-16 10:24:50+05:30,3112.0,1,3133.52,951647,103956.0,215181.0,3163.0,3163.0,3111.4,3134.3,31910800,3447.7,2820.9,3839.9,2896.0,3111.1,13,3,3111.0,497,18,3110.9,44,2,3110.8,21,1,3110.7,104,3,3111.4,13,1,3112.0,723,5,3112.2,48,1,3112.3,30,1,3112.4,86,6
2031,2026-06-16 10:24:51+05:30,3111.0,166,3133.51,952299,103329.0,213036.0,3163.0,3163.0,3111.0,3134.3,31910800,3447.7,2820.9,3839.9,2896.0,3111.0,100,1,3110.9,44,2,3110.8,21,1,3110.6,20,1,3110.5,1,1,3111.3,7,1,3111.4,23,2,3111.5,13,1,3111.9,63,1,3112.0,721,6
2031,2026-06-16 10:24:51+05:30,3111.0,166,3133.51,952299,103329.0,213036.0,3163.0,3163.0,3111.0,3134.3,31910800,3447.7,2820.9,3839.9,2896.0,3111.0,100,1,3110.9,44,2,3110.8,21,1,3110.6,20,1,3110.5,1,1,3111.3,7,1,3111.4,23,2,3111.5,13,1,3111.9,63,1,3112.0,721,6
2031,2026-06-16 10:24:52+05:30,3111.0,7,3133.5,952306,103915.0,214530.0,3163.0,3163.0,3111.0,3134.3,31910800,3447.7,2820.9,3839.9,2896.0,3111.0,93,1,3110.9,44,2,3110.8,21,1,3110.6,20,1,3110.5,47,2,3111.3,4,1,3111.4,4,2,3111.7,18,1,3111.8,20,1,3112.0,719,5
2031,2026-06-16 10:24:52+05:30,3111.0,7,3133.5,952306,103915.0,214530.0,3163.0,3163.0,3111.0,3134.3,31910800,3447.7,2820.9,3839.9,2896.0,3111.0,93,1,3110.9,44,2,3110.8,21,1,3110.6,20,1,3110.5,47,2,3111.3,4,1,3111.4,4,2,3111.7,18,1,3111.8,20,1,3112.0,719,5
2031,2026-06-16 10:24:53+05:30,3111.3,1,3133.5,952306,103915.0,214530.0,3163.0,3163.0,3111.0,3134.3,31910800,3447.7,2820.9,3839.9,2896.0,3111.0,93,1,3110.9,44,2,3110.8,21,1,3110.6,20,1,3110.5,47,2,3111.3,4,1,3111.4,4,2,3111.7,18,1,3111.8,20,1,3112.0,719,5
2031,2026-06-16 10:24:54+05:30,3111.3,1,3133.48,953167,103585.0,215434.0,3163.0,3163.0,3111.0,3134.3,31910800,3447.7,2820.9,3839.9,2896.0,3111.1,25,1,3111.0,64,2,3110.9,44,2,3110.8,21,1,3110.6,24,1,3111.3,3,1,3111.4,4,2,3111.8,20,1,3112.0,766,5,3112.2,73,2
2031,2026-06-16 10:24:55+05:30,3111.2,50,3133.48,953167,103585.0,215434.0,3163.0,3163.0,3111.0,3134.3,31910800,3447.7,2820.9,3839.9,2896.0,3111.1,25,1,3111.0,64,2,3110.9,44,2,3110.8,21,1,3110.6,24,1,3111.3,3,1,3111.4,4,2,3111.8,20,1,3112.0,766,5,3112.2,73,2
2031,2026-06-16 10:24:55+05:30,3111.2,50,3133.48,953284,104169.0,215430.0,3163.0,3163.0,3111.0,3134.3,31910800,3447.7,2820.9,3839.9,2896.0,3111.2,26,1,3111.1,76,3,3111.0,88,3,3110.9,44,2,3110.7,24,1,3111.3,7,1,3111.4,4,2,3112.0,687,3,3112.1,23,1,3112.2,54,1
2031,2026-06-16 10:24:56+05:30,3111.0,1,3133.48,953284,104169.0,215430.0,3163.0,3163.0,3111.0,3134.3,31910800,3447.7,2820.9,3839.9,2896.0,3111.2,26,1,3111.1,76,3,3111.0,88,3,3110.9,44,2,3110.7,24,1,3111.3,7,1,3111.4,4,2,3112.0,687,3,3112.1,23,1,3112.2,54,1
2031,2026-06-16 10:24:56+05:30,3111.0,1,3133.47,953998,104267.0,215126.0,3163.0,3163.0,3111.0,3134.3,31910800,3447.7,2820.9,3839.9,2896.0,3111.0,53,2,3110.9,44,2,3110.7,20,1,3110.6,1,1,3110.5,224,4,3112.0,606,2,3112.1,44,2,3112.2,19,1,3112.3,12,1,3112.4,54,4
2031,2026-06-16 10:24:57+05:30,3111.0,1,3133.47,953998,104402.0,215222.0,3163.0,3163.0,3111.0,3134.3,31910800,3447.7,2820.9,3839.9,2896.0,3111.0,89,3,3110.9,44,2,3110.8,98,3,3110.7,20,1,3110.6,1,1,3111.9,16,1,3112.0,607,3,3112.1,23,1,3112.2,57,2,3112.3,21,1
2031,2026-06-16 10:24:58+05:30,3111.0,26,3133.45,954574,104063.0,214840.0,3163.0,3163.0,3111.0,3134.3,31910800,3447.7,2820.9,3839.9,2896.0,3110.9,54,3,3110.8,46,1,3110.7,20,1,3110.6,1,1,3110.5,275,4,3111.8,16,1,3111.9,23,3,3112.0,582,2,3112.3,52,3,3112.4,49,2
2031,2026-06-16 10:24:59+05:30,3111.8,1,3133.45,954574,104063.0,214840.0,3163.0,3163.0,3111.0,3134.3,31910800,3447.7,2820.9,3839.9,2896.0,3110.9,54,3,3110.8,46,1,3110.7,20,1,3110.6,1,1,3110.5,275,4,3111.8,16,1,3111.9,23,3,3112.0,582,2,3112.3,52,3,3112.4,49,2
2031,2026-06-16 10:24:59+05:30,3111.8,1,3133.45,954575,104225.0,215015.0,3163.0,3163.0,3111.0,3134.3,31910800,3447.7,2820.9,3839.9,2896.0,3110.9,93,4,3110.8,46,1,3110.7,20,1,3110.5,245,3,3110.4,173,6,3111.9,7,2,3112.0,582,2,3112.1,112,2,3112.3,40,2,3112.4,92,4
2031,2026-06-16 10:24:59+05:30,3112.0,37,3133.44,955237,105208.0,214208.0,3163.0,3163.0,3111.0,3134.3,31910800,3447.7,2820.9,3839.9,2896.0,3111.3,97,5,3111.2,117,2,3111.1,170,5,3111.0,198,7,3110.9,147,7,3112.4,1,1,3112.7,20,1,3112.8,148,4,3112.9,63,1,3113.0,159,3
2031,2026-06-16 10:25:00+05:30,3112.0,37,3133.44,955237,105208.0,214208.0,3163.0,3163.0,3111.0,3134.3,31910800,3447.7,2820.9,3839.9,2896.0,3111.3,97,5,3111.2,117,2,3111.1,170,5,3111.0,198,7,3110.9,147,7,3112.4,1,1,3112.7,20,1,3112.8,148,4,3112.9,63,1,3113.0,159,3
2031,2026-06-16 10:25:00+05:30,3111.6,25,3133.43,955395,105383.0,214801.0,3163.0,3163.0,3111.0,3134.3,31910800,3447.7,2820.9,3839.9,2896.0,3111.3,93,3,3111.0,256,4,3110.9,129,6,3110.7,137,6,3110.6,21,1,3111.6,171,1,3112.4,1,1,3112.8,14,1,3112.9,273,5,3113.0,214,5
2031,2026-06-16 10:25:01+05:30,3111.6,25,3133.43,955395,105383.0,214801.0,3163.0,3163.0,3111.0,3134.3,31910800,3447.7,2820.9,3839.9,2896.0,3111.3,93,3,3111.0,256,4,3110.9,129,6,3110.7,137,6,3110.6,21,1,3111.6,171,1,3112.4,1,1,3112.8,14,1,3112.9,273,5,3113.0,214,5
2031,2026-06-16 10:25:02+05:30,3111.3,131,3133.43,955395,105383.0,214801.0,3163.0,3163.0,3111.0,3134.3,31910800,3447.7,2820.9,3839.9,2896.0,3111.3,93,3,3111.0,256,4,3110.9,129,6,3110.7,137,6,3110.6,21,1,3111.6,171,1,3112.4,1,1,3112.8,14,1,3112.9,273,5,3113.0,214,5
2031,2026-06-16 10:25:02+05:30,3111.3,131,3133.43,955595,104563.0,215823.0,3163.0,3163.0,3111.0,3134.3,31910800,3447.7,2820.9,3839.9,2896.0,3111.3,1,1,3111.0,152,2,3110.9,117,5,3110.7,44,2,3110.5,179,2,3111.6,189,2,3112.1,104,4,3112.2,13,1,3112.3,71,3,3112.4,109,3
2031,2026-06-16 10:25:03+05:30,3111.3,131,3133.43,955595,105242.0,215759.0,3163.0,3163.0,3111.0,3134.3,31910800,3447.7,2820.9,3839.9,2896.0,3111.3,43,2,3111.1,24,1,3111.0,157,3,3110.9,117,5,3110.7,44,2,3111.6,223,3,3112.1,85,3,3112.2,32,2,3112.3,250,3,3112.4,133,5
2031,2026-06-16 10:25:04+05:30,3111.6,1,3133.43,955595,105242.0,215759.0,3163.0,3163.0,3111.0,3134.3,31910800,3447.7,2820.9,3839.9,2896.0,3111.3,43,2,3111.1,24,1,3111.0,157,3,3110.9,117,5,3110.7,44,2,3111.6,223,3,3112.1,85,3,3112.2,32,2,3112.3,250,3,3112.4,133,5
2031,2026-06-16 10:25:04+05:30,3111.6,1,3133.43,955607,105486.0,215925.0,3163.0,3163.0,3111.0,3134.3,31910800,3447.7,2820.9,3839.9,2896.0,3111.3,55,3,3111.1,24,1,3111.0,157,3,3110.9,94,4,3110.7,44,2,3111.6,221,3,3112.1,85,3,3112.2,13,1,3112.3,253,4,3112.4,130,4
2031,2026-06-16 10:25:05+05:30,3111.6,153,3133.43,955607,105486.0,215925.0,3163.0,3163.0,3111.0,3134.3,31910800,3447.7,2820.9,3839.9,2896.0,3111.3,55,3,3111.1,24,1,3111.0,157,3,3110.9,94,4,3110.7,44,2,3111.6,221,3,3112.1,85,3,3112.2,13,1,3112.3,253,4,3112.4,130,4
2031,2026-06-16 10:25:05+05:30,3111.6,153,3133.42,955981,105832.0,213949.0,3163.0,3163.0,3111.0,3134.3,31910800,3447.7,2820.9,3839.9,2896.0,3111.3,66,4,3111.1,235,3,3111.0,305,9,3110.9,94,4,3110.8,51,2,3112.3,16,1,3112.4,49,3,3112.7,50,1,3112.8,78,3,3112.9,627,14
2031,2026-06-16 10:25:06+05:30,3111.3,8,3133.42,955981,105832.0,213949.0,3163.0,3163.0,3111.0,3134.3,31910800,3447.7,2820.9,3839.9,2896.0,3111.3,66,4,3111.1,235,3,3111.0,305,9,3110.9,94,4,3110.8,51,2,3112.3,16,1,3112.4,49,3,3112.7,50,1,3112.8,78,3,3112.9,627,14
2031,2026-06-16 10:25:06+05:30,3111.3,8,3133.42,955989,106512.0,214289.0,3163.0,3163.0,3111.0,3134.3,31910800,3447.7,2820.9,3839.9,2896.0,3112.0,25,1,3111.4,15,1,3111.3,67,4,3111.2,20,1,3111.1,154,1,3112.4,33,2,3112.8,104,4,3112.9,609,14,3113.0,493,4,3113.1,569,6
2031,2026-06-16 10:25:07+05:30,3111.3,10,3133.42,955989,106512.0,214289.0,3163.0,3163.0,3111.0,3134.3,31910800,3447.7,2820.9,3839.9,2896.0,3112.0,25,1,3111.4,15,1,3111.3,67,4,3111.2,20,1,3111.1,154,1,3112.4,33,2,3112.8,104,4,3112.9,609,14,3113.0,493,4,3113.1,569,6
2031,2026-06-16 10:25:07+05:30,3112.0,200,3133.39,957404,106096.0,212571.0,3163.0,3163.0,3111.0,3134.3,31910800,3447.7,2820.9,3839.9,2896.0,3112.0,126,1,3111.4,44,2,3111.3,1,1,3111.2,61,3,3111.1,174,2,3112.4,24,2,3112.8,14,1,3112.9,2,1,3113.0,39,1,3113.1,34,2
2031,2026-06-16 10:25:08+05:30,3112.0,200,3133.39,957404,106096.0,212571.0,3163.0,3163.0,3111.0,3134.3,31910800,3447.7,2820.9,3839.9,2896.0,3112.0,126,1,3111.4,44,2,3111.3,1,1,3111.2,61,3,3111.1,174,2,3112.4,24,2,3112.8,14,1,3112.9,2,1,3113.0,39,1,3113.1,34,2
2031,2026-06-16 10:25:08+05:30,3112.0,200,3133.38,957633,107434.0,213470.0,3163.0,3163.0,3111.0,3134.3,31910800,3447.7,2820.9,3839.9,2896.0,3112.0,126,1,3111.9,5,1,3111.4,44,2,3111.3,59,2,3111.2,84,2,3112.4,5,2,3112.7,1,1,3112.8,13,1,3112.9,17,2,3113.0,53,2
2031,2026-06-16 10:25:09+05:30,3112.0,200,3133.38,957633,108004.0,213612.0,3163.0,3163.0,3111.0,3134.3,31910800,3447.7,2820.9,3839.9,2896.0,3112.2,11,1,3112.0,248,3,3111.9,5,1,3111.8,13,1,3111.6,98,5,3112.4,5,2,3112.9,2,1,3113.0,53,2,3113.1,200,1,3113.2,51,1
2031,2026-06-16 10:25:10+05:30,3112.2,6,3133.38,957633,108004.0,213612.0,3163.0,3163.0,3111.0,3134.3,31910800,3447.7,2820.9,3839.9,2896.0,3112.2,11,1,3112.0,248,3,3111.9,5,1,3111.8,13,1,3111.6,98,5,3112.4,5,2,3112.9,2,1,3113.0,53,2,3113.1,200,1,3113.2,51,1
2031,2026-06-16 10:25:10+05:30,3110.9,9,3133.34,959604,106113.0,214633.0,3163.0,3163.0,3110.9,3134.3,31910800,3447.7,2820.9,3839.9,2896.0,3111.6,1,1,3110.9,33,3,3110.7,39,2,3110.5,191,2,3110.4,258,7,3112.1,20,2,3112.2,37,2,3112.4,5,3,3112.5,113,5,3112.6,51,2
2031,2026-06-16 10:25:11+05:30,3112.4,14,3133.34,959604,106113.0,214633.0,3163.0,3163.0,3110.9,3134.3,31910800,3447.7,2820.9,3839.9,2896.0,3111.6,1,1,3110.9,33,3,3110.7,39,2,3110.5,191,2,3110.4,258,7,3112.1,20,2,3112.2,37,2,3112.4,5,3,3112.5,113,5,3112.6,51,2
2031,2026-06-16 10:25:11+05:30,3110.7,5,3133.32,960224,106959.0,214291.0,3163.0,3163.0,3110.6,3134.3,31910800,3447.7,2820.9,3839.9,2896.0,3111.1,21,1,3111.0,22,3,3110.9,28,3,3110.8,33,3,3110.7,109,7,3111.6,119,1,3112.4,9,1,3112.8,38,1,3112.9,21,3,3113.0,190,5
2031,2026-06-16 10:25:12+05:30,3110.7,5,3133.32,960224,106959.0,214291.0,3163.0,3163.0,3110.6,3134.3,31910800,3447.7,2820.9,3839.9,2896.0,3111.1,21,1,3111.0,22,3,3110.9,28,3,3110.8,33,3,3110.7,109,7,3111.6,119,1,3112.4,9,1,3112.8,38,1,3112.9,21,3,3113.0,190,5
2031,2026-06-16 10:25:12+05:30,3110.7,5,3133.32,960224,107331.0,214544.0,3163.0,3163.0,3110.6,3134.3,31910800,3447.7,2820.9,3839.9,2896.0,3111.0,35,3,3110.9,7,1,3110.8,123,5,3110.7,94,6,3110.6,52,4,3111.6,119,1,3112.6,34,2,3112.7,71,2,3112.8,38,1,3112.9,7,2
2031,2026-06-16 10:25:13+05:30,3111.0,200,3133.32,960224,107331.0,214544.0,3163.0,3163.0,3110.6,3134.3,31910800,3447.7,2820.9,3839.9,2896.0,3111.0,35,3,3110.9,7,1,3110.8,123,5,3110.7,94,6,3110.6,52,4,3111.6,119,1,3112.6,34,2,3112.7,71,2,3112.8,38,1,3112.9,7,2
2031,2026-06-16 10:25:13+05:30,3111.0,1,3133.31,960859,107523.0,213133.0,3163.0,3163.0,3110.6,3134.3,31910800,3447.7,2820.9,3839.9,2896.0,3111.3,1,1,3111.0,71,2,3110.8,15,1,3110.7,25,1,3110.6,59,2,3111.6,12,1,3112.1,13,1,3112.3,165,5,3112.4,111,4,3112.5,147,5
2031,2026-06-16 10:25:14+05:30,3111.6,1,3133.31,960859,107523.0,213133.0,3163.0,3163.0,3110.6,3134.3,31910800,3447.7,2820.9,3839.9,2896.0,3111.3,1,1,3111.0,71,2,3110.8,15,1,3110.7,25,1,3110.6,59,2,3111.6,12,1,3112.1,13,1,3112.3,165,5,3112.4,111,4,3112.5,147,5
2031,2026-06-16 10:25:14+05:30,3111.6,5,3133.3,961065,107149.0,214511.0,3163.0,3163.0,3110.6,3134.3,31910800,3447.7,2820.9,3839.9,2896.0,3110.9,17,2,3110.8,47,4,3110.6,51,3,3110.5,141,5,3110.4,172,5,3111.6,72,5,3112.1,2,1,3112.3,107,3,3112.4,20,1,3112.5,128,4
2031,2026-06-16 10:25:15+05:30,3110.3,200,3133.3,961065,107149.0,214511.0,3163.0,3163.0,3110.6,3134.3,31910800,3447.7,2820.9,3839.9,2896.0,3110.9,17,2,3110.8,47,4,3110.6,51,3,3110.5,141,5,3110.4,172,5,3111.6,72,5,3112.1,2,1,3112.3,107,3,3112.4,20,1,3112.5,128,4
2031,2026-06-16 10:25:15+05:30,3111.8,31,3133.26,962922,106467.0,213766.0,3163.0,3163.0,3110.2,3134.3,31910800,3447.7,2820.9,3839.9,2896.0,3111.3,2,2,3110.9,75,3,3110.5,21,1,3110.4,63,1,3110.3,133,3,3111.8,16,1,3111.9,16,1,3112.0,43,2,3112.1,375,6,3112.2,83,3
2031,2026-06-16 10:25:16+05:30,3111.8,31,3133.26,962922,106467.0,213766.0,3163.0,3163.0,3110.2,3134.3,31910800,3447.7,2820.9,3839.9,2896.0,3111.3,2,2,3110.9,75,3,3110.5,21,1,3110.4,63,1,3110.3,133,3,3111.8,16,1,3111.9,16,1,3112.0,43,2,3112.1,375,6,3112.2,83,3
2031,2026-06-16 10:25:16+05:30,3110.9,15,3133.26,963122,106327.0,214529.0,3163.0,3163.0,3110.2,3134.3,31910800,3447.7,2820.9,3839.9,2896.0,3110.9,20,2,3110.8,1,1,3110.7,50,1,3110.5,21,1,3110.4,1,1,3111.6,3,1,3111.8,185,1,3111.9,79,2,3112.0,10,1,3112.1,129,4
2031,2026-06-16 10:25:17+05:30,3111.8,42,3133.26,963122,106327.0,214529.0,3163.0,3163.0,3110.2,3134.3,31910800,3447.7,2820.9,3839.9,2896.0,3110.9,20,2,3110.8,1,1,3110.7,50,1,3110.5,21,1,3110.4,1,1,3111.6,3,1,3111.8,185,1,3111.9,79,2,3112.0,10,1,3112.1,129,4
2031,2026-06-16 10:25:17+05:30,3110.6,4,3133.24,963834,105646.0,214429.0,3163.0,3163.0,3110.2,3134.3,31910800,3447.7,2820.9,3839.9,2896.0,3110.6,37,3,3110.5,21,2,3110.4,78,5,3110.3,6,1,3110.2,194,4,3111.8,144,2,3111.9,32,1,3112.0,21,1,3112.1,2,1,3112.2,4,1
2031,2026-06-16 10:25:18+05:30,3111.8,17,3133.24,963834,105646.0,214429.0,3163.0,3163.0,3110.2,3134.3,31910800,3447.7,2820.9,3839.9,2896.0,3110.6,37,3,3110.5,21,2,3110.4,78,5,3110.3,6,1,3110.2,194,4,3111.8,144,2,3111.9,32,1,3112.0,21,1,3112.1,2,1,3112.2,4,1
2031,2026-06-16 10:25:18+05:30,3111.3,137,3133.23,964190,107222.0,213227.0,3163.0,3163.0,3110.2,3134.3,31910800,3447.7,2820.9,3839.9,2896.0,3111.2,1,1,3111.1,53,3,3111.0,47,4,3110.9,29,2,3110.8,102,4,3111.8,2,1,3112.1,2,1,3112.9,6,2,3113.0,98,3,3113.1,22,1
2031,2026-06-16 10:25:19+05:30,3111.1,22,3133.23,964190,107222.0,213227.0,3163.0,3163.0,3110.2,3134.3,31910800,3447.7,2820.9,3839.9,2896.0,3111.2,1,1,3111.1,53,3,3111.0,47,4,3110.9,29,2,3110.8,102,4,3111.8,2,1,3112.1,2,1,3112.9,6,2,3113.0,98,3,3113.1,22,1
2031,2026-06-16 10:25:19+05:30,3111.2,2,3133.23,964286,108524.0,213537.0,3163.0,3163.0,3110.2,3134.3,31910800,3447.7,2820.9,3839.9,2896.0,3111.2,32,3,3111.1,42,4,3111.0,46,3,3110.9,51,3,3110.8,100,4,3111.8,3,2,3112.1,2,1,3112.9,6,2,3113.0,98,3,3113.1,63,1
2031,2026-06-16 10:25:20+05:30,3112.1,1,3133.23,964286,108524.0,213537.0,3163.0,3163.0,3110.2,3134.3,31910800,3447.7,2820.9,3839.9,2896.0,3111.2,32,3,3111.1,42,4,3111.0,46,3,3110.9,51,3,3110.8,100,4,3111.8,3,2,3112.1,2,1,3112.9,6,2,3113.0,98,3,3113.1,63,1
2031,2026-06-16 10:25:20+05:30,3111.8,2,3133.22,964476,109032.0,213429.0,3163.0,3163.0,3110.2,3134.3,31910800,3447.7,2820.9,3839.9,2896.0,3111.4,16,1,3111.3,148,8,3111.2,86,3,3111.1,24,3,3111.0,125,8,3112.1,2,1,3112.9,2,1,3113.0,98,3,3113.3,86,3,3113.4,57,3
2031,2026-06-16 10:25:21+05:30,3111.8,2,3133.22,964476,109032.0,213429.0,3163.0,3163.0,3110.2,3134.3,31910800,3447.7,2820.9,3839.9,2896.0,3111.4,16,1,3111.3,148,8,3111.2,86,3,3111.1,24,3,3111.0,125,8,3112.1,2,1,3112.9,2,1,3113.0,98,3,3113.3,86,3,3113.4,57,3
2031,2026-06-16 10:25:21+05:30,3111.8,2,3133.22,964476,109238.0,213487.0,3163.0,3163.0,3110.2,3134.3,31910800,3447.7,2820.9,3839.9,2896.0,3111.5,15,1,3111.4,114,5,3111.3,151,7,3111.2,86,3,3111.1,45,4,3112.1,3,2,3112.9,22,2,3113.0,98,3,3113.3,86,3,3113.4,57,3
2031,2026-06-16 10:25:22+05:30,3111.8,2,3133.22,964476,109525.0,213548.0,3163.0,3163.0,3110.2,3134.3,31910800,3447.7,2820.9,3839.9,2896.0,3111.5,15,1,3111.4,114,5,3111.3,151,7,3111.2,86,3,3111.1,45,4,3112.1,3,2,3112.9,26,3,3113.0,98,3,3113.3,152,4,3113.4,53,2
2031,2026-06-16 10:25:23+05:30,3112.1,9,3133.22,964476,109525.0,213548.0,3163.0,3163.0,3110.2,3134.3,31910800,3447.7,2820.9,3839.9,2896.0,3111.5,15,1,3111.4,114,5,3111.3,151,7,3111.2,86,3,3111.1,45,4,3112.1,3,2,3112.9,26,3,3113.0,98,3,3113.3,152,4,3113.4,53,2
2031,2026-06-16 10:25:23+05:30,3111.4,29,3133.22,964647,109549.0,213255.0,3163.0,3163.0,3110.2,3134.3,31910800,3447.7,2820.9,3839.9,2896.0,3111.3,37,2,3111.2,58,1,3111.1,21,1,3111.0,127,5,3110.8,21,1,3112.1,12,3,3112.3,8,1,3112.4,46,1,3112.5,10,1,3112.6,13,2
2031,2026-06-16 10:25:24+05:30,3111.4,29,3133.22,964647,109549.0,213255.0,3163.0,3163.0,3110.2,3134.3,31910800,3447.7,2820.9,3839.9,2896.0,3111.3,37,2,3111.2,58,1,3111.1,21,1,3111.0,127,5,3110.8,21,1,3112.1,12,3,3112.3,8,1,3112.4,46,1,3112.5,10,1,3112.6,13,2
2031,2026-06-16 10:25:24+05:30,3111.4,29,3133.22,964647,109549.0,213255.0,3163.0,3163.0,3110.2,3134.3,31910800,3447.7,2820.9,3839.9,2896.0,3111.3,37,2,3111.2,58,1,3111.1,21,1,3111.0,127,5,3110.8,21,1,3112.1,12,3,3112.3,8,1,3112.4,46,1,3112.5,10,1,3112.6,13,2
2031,2026-06-16 10:25:24+05:30,3111.3,198,3133.21,964900,108478.0,214149.0,3163.0,3163.0,3110.2,3134.3,31910800,3447.7,2820.9,3839.9,2896.0,3111.3,17,1,3111.2,58,1,3111.0,56,3,3110.8,21,1,3110.6,65,2,3112.1,3,2,3112.2,69,3,3112.3,44,3,3112.4,76,3,3112.5,150,5
2031,2026-06-16 10:25:25+05:30,3111.3,198,3133.21,964900,108478.0,214149.0,3163.0,3163.0,3110.2,3134.3,31910800,3447.7,2820.9,3839.9,2896.0,3111.3,17,1,3111.2,58,1,3111.0,56,3,3110.8,21,1,3110.6,65,2,3112.1,3,2,3112.2,69,3,3112.3,44,3,3112.4,76,3,3112.5,150,5
2031,2026-06-16 10:25:25+05:30,3112.2,19,3133.21,964941,108380.0,214151.0,3163.0,3163.0,3110.2,3134.3,31910800,3447.7,2820.9,3839.9,2896.0,3111.3,39,2,3111.2,58,1,3111.0,56,3,3110.8,21,1,3110.6,65,2,3112.2,32,3,3112.3,44,3,3112.4,73,2,3112.5,71,3,3112.6,305,4
2031,2026-06-16 10:25:26+05:30,3112.2,19,3133.21,964941,108380.0,214151.0,3163.0,3163.0,3110.2,3134.3,31910800,3447.7,2820.9,3839.9,2896.0,3111.3,39,2,3111.2,58,1,3111.0,56,3,3110.8,21,1,3110.6,65,2,3112.2,32,3,3112.3,44,3,3112.4,73,2,3112.5,71,3,3112.6,305,4
2031,2026-06-16 10:25:26+05:30,3112.2,19,3133.21,964941,108380.0,214151.0,3163.0,3163.0,3110.2,3134.3,31910800,3447.7,2820.9,3839.9,2896.0,3111.3,39,2,3111.2,58,1,3111.0,56,3,3110.8,21,1,3110.6,65,2,3112.2,32,3,3112.3,44,3,3112.4,73,2,3112.5,71,3,3112.6,305,4
2031,2026-06-16 10:25:26+05:30,3112.2,1,3133.21,965142,109502.0,213268.0,3163.0,3163.0,3110.2,3134.3,31910800,3447.7,2820.9,3839.9,2896.0,3111.4,2,1,3111.3,94,3,3111.2,58,1,3111.0,73,3,3110.8,69,2,3112.2,17,3,3112.3,8,1,3112.4,46,1,3112.5,52,2,3112.6,64,3
2031,2026-06-16 10:25:27+05:30,3112.2,1,3133.21,965142,109502.0,213268.0,3163.0,3163.0,3110.2,3134.3,31910800,3447.7,2820.9,3839.9,2896.0,3111.4,2,1,3111.3,94,3,3111.2,58,1,3111.0,73,3,3110.8,69,2,3112.2,17,3,3112.3,8,1,3112.4,46,1,3112.5,52,2,3112.6,64,3
2031,2026-06-16 10:25:28+05:30,3111.4,3,3133.21,965147,109521.0,214024.0,3163.0,3163.0,3110.2,3134.3,31910800,3447.7,2820.9,3839.9,2896.0,3111.4,2,1,3111.3,94,3,3111.2,58,1,3111.0,99,5,3110.8,21,1,3112.0,2,1,3112.2,17,3,3112.3,30,2,3112.4,92,3,3112.5,52,2
2031,2026-06-16 10:25:28+05:30,3111.4,3,3133.21,965147,109521.0,214024.0,3163.0,3163.0,3110.2,3134.3,31910800,3447.7,2820.9,3839.9,2896.0,3111.4,2,1,3111.3,94,3,3111.2,58,1,3111.0,99,5,3110.8,21,1,3112.0,2,1,3112.2,17,3,3112.3,30,2,3112.4,92,3,3112.5,52,2
2031,2026-06-16 10:25:28+05:30,3111.4,3,3133.21,965147,109521.0,214024.0,3163.0,3163.0,3110.2,3134.3,31910800,3447.7,2820.9,3839.9,2896.0,3111.4,2,1,3111.3,94,3,3111.2,58,1,3111.0,99,5,3110.8,21,1,3112.0,2,1,3112.2,17,3,3112.3,30,2,3112.4,92,3,3112.5,52,2
2031,2026-06-16 10:25:29+05:30,3112.7,12,3133.2,965422,110168.0,213672.0,3163.0,3163.0,3110.2,3134.3,31910800,3447.7,2820.9,3839.9,2896.0,3111.5,15,1,3111.4,17,2,3111.3,94,3,3111.2,113,2,3111.1,22,1,3112.7,188,1,3112.8,73,5,3112.9,30,4,3113.0,176,5,3113.1,95,3
2031,2026-06-16 10:25:29+05:30,3112.0,162,3133.2,965422,110168.0,213672.0,3163.0,3163.0,3110.2,3134.3,31910800,3447.7,2820.9,3839.9,2896.0,3111.5,15,1,3111.4,17,2,3111.3,94,3,3111.2,113,2,3111.1,22,1,3112.7,188,1,3112.8,73,5,3112.9,30,4,3113.0,176,5,3113.1,95,3
2031,2026-06-16 10:25:29+05:30,3112.0,162,3133.2,965422,110168.0,213672.0,3163.0,3163.0,3110.2,3134.3,31910800,3447.7,2820.9,3839.9,2896.0,3111.5,15,1,3111.4,17,2,3111.3,94,3,3111.2,113,2,3111.1,22,1,3112.7,188,1,3112.8,73,5,3112.9,30,4,3113.0,176,5,3113.1,95,3
2031,2026-06-16 10:25:30+05:30,3111.3,12,3133.2,965644,110237.0,213185.0,3163.0,3163.0,3110.2,3134.3,31910800,3447.7,2820.9,3839.9,2896.0,3111.4,35,2,3111.3,122,5,3111.2,103,3,3111.1,88,3,3111.0,174,8,3112.7,188,1,3112.8,21,2,3112.9,2,1,3113.0,193,6,3113.1,19,1
2031,2026-06-16 10:25:30+05:30,3111.3,12,3133.2,965644,110237.0,213185.0,3163.0,3163.0,3110.2,3134.3,31910800,3447.7,2820.9,3839.9,2896.0,3111.4,35,2,3111.3,122,5,3111.2,103,3,3111.1,88,3,3111.0,174,8,3112.7,188,1,3112.8,21,2,3112.9,2,1,3113.0,193,6,3113.1,19,1
2031,2026-06-16 10:25:31+05:30,3112.7,1,3133.2,965645,110446.0,213851.0,3163.0,3163.0,3110.2,3134.3,31910800,3447.7,2820.9,3839.9,2896.0,3112.1,2,2,3111.7,25,1,3111.6,24,1,3111.5,55,3,3111.4,59,2,3112.6,187,1,3112.7,1,1,3112.9,2,1,3113.0,80,3,3113.2,21,1
2031,2026-06-16 10:25:31+05:30,3112.7,1,3133.2,965645,110446.0,213851.0,3163.0,3163.0,3110.2,3134.3,31910800,3447.7,2820.9,3839.9,2896.0,3112.1,2,2,3111.7,25,1,3111.6,24,1,3111.5,55,3,3111.4,59,2,3112.6,187,1,3112.7,1,1,3112.9,2,1,3113.0,80,3,3113.2,21,1
2031,2026-06-16 10:25:31+05:30,3112.7,1,3133.2,965645,110446.0,213851.0,3163.0,3163.0,3110.2,3134.3,31910800,3447.7,2820.9,3839.9,2896.0,3112.1,2,2,3111.7,25,1,3111.6,24,1,3111.5,55,3,3111.4,59,2,3112.6,187,1,3112.7,1,1,3112.9,2,1,3113.0,80,3,3113.2,21,1
2031,2026-06-16 10:25:32+05:30,3112.7,12,3133.19,966100,109746.0,213409.0,3163.0,3163.0,3110.2,3134.3,31910800,3447.7,2820.9,3839.9,2896.0,3111.6,15,1,3111.5,42,3,3111.4,39,2,3111.3,116,4,3111.1,42,2,3112.7,7,1,3112.8,42,1,3112.9,6,2,3113.0,267,4,3113.1,65,3
2031,2026-06-16 10:25:32+05:30,3112.7,12,3133.19,966100,109746.0,213409.0,3163.0,3163.0,3110.2,3134.3,31910800,3447.7,2820.9,3839.9,2896.0,3111.6,15,1,3111.5,42,3,3111.4,39,2,3111.3,116,4,3111.1,42,2,3112.7,7,1,3112.8,42,1,3112.9,6,2,3113.0,267,4,3113.1,65,3
2031,2026-06-16 10:25:33+05:30,3112.7,12,3133.19,966100,109746.0,213409.0,3163.0,3163.0,3110.2,3134.3,31910800,3447.7,2820.9,3839.9,2896.0,3111.8,21,1,3111.5,18,1,3111.3,68,3,3111.1,21,1,3111.0,190,7,3112.7,96,4,3112.8,106,4,3112.9,2,1,3113.0,328,5,3113.1,44,2
2031,2026-06-16 10:25:33+05:30,3112.7,11,3133.19,966111,109492.0,213853.0,3163.0,3163.0,3110.2,3134.3,31910800,3447.7,2820.9,3839.9,2896.0,3111.8,21,1,3111.5,18,1,3111.3,68,3,3111.1,21,1,3111.0,190,7,3112.7,96,4,3112.8,106,4,3112.9,2,1,3113.0,328,5,3113.1,44,2
2031,2026-06-16 10:25:33+05:30,3112.7,11,3133.19,966111,109492.0,213853.0,3163.0,3163.0,3110.2,3134.3,31910800,3447.7,2820.9,3839.9,2896.0,3111.8,21,1,3111.5,18,1,3111.3,68,3,3111.1,21,1,3111.0,190,7,3112.7,96,4,3112.8,106,4,3112.9,2,1,3113.0,328,5,3113.1,44,2
2031,2026-06-16 10:25:33+05:30,3112.7,3,3133.17,966768,110262.0,213225.0,3163.0,3163.0,3110.2,3134.3,31910800,3447.7,2820.9,3839.9,2896.0,3112.0,500,1,3111.8,40,2,3111.7,21,1,3111.6,10,1,3111.4,46,2,3112.5,8,1,3112.6,8,1,3112.7,39,4,3112.9,2,1,3113.0,240,3
2031,2026-06-16 10:25:34+05:30,3112.7,3,3133.17,966768,110262.0,213225.0,3163.0,3163.0,3110.2,3134.3,31910800,3447.7,2820.9,3839.9,2896.0,3112.0,500,1,3111.8,40,2,3111.7,21,1,3111.6,10,1,3111.4,46,2,3112.5,8,1,3112.6,8,1,3112.7,39,4,3112.9,2,1,3113.0,240,3
2031,2026-06-16 10:25:34+05:30,3112.7,3,3133.17,966768,110262.0,213225.0,3163.0,3163.0,3110.2,3134.3,31910800,3447.7,2820.9,3839.9,2896.0,3112.0,500,1,3111.8,40,2,3111.7,21,1,3111.6,10,1,3111.4,46,2,3112.5,8,1,3112.6,8,1,3112.7,39,4,3112.9,2,1,3113.0,240,3
2031,2026-06-16 10:25:34+05:30,3112.7,3,3133.17,966768,110961.0,213082.0,3163.0,3163.0,3110.2,3134.3,31910800,3447.7,2820.9,3839.9,2896.0,3112.0,500,1,3111.9,46,2,3111.8,40,2,3111.7,10,1,3111.6,35,2,3112.7,16,1,3112.9,2,1,3113.0,240,3,3113.1,25,1,3113.2,56,1
2031,2026-06-16 10:25:35+05:30,3112.7,3,3133.17,966768,110961.0,213082.0,3163.0,3163.0,3110.2,3134.3,31910800,3447.7,2820.9,3839.9,2896.0,3112.0,500,1,3111.9,46,2,3111.8,40,2,3111.7,10,1,3111.6,35,2,3112.7,16,1,3112.9,2,1,3113.0,240,3,3113.1,25,1,3113.2,56,1
2031,2026-06-16 10:25:35+05:30,3112.7,1,3133.17,966785,111511.0,211266.0,3163.0,3163.0,3110.2,3134.3,31910800,3447.7,2820.9,3839.9,2896.0,3112.0,830,4,3111.9,37,2,3111.8,40,2,3111.7,30,1,3111.6,35,2,3112.7,5,1,3112.9,2,1,3113.0,240,3,3113.1,25,1,3113.2,56,1
2031,2026-06-16 10:25:36+05:30,3112.7,1,3133.17,966785,111511.0,211266.0,3163.0,3163.0,3110.2,3134.3,31910800,3447.7,2820.9,3839.9,2896.0,3112.0,830,4,3111.9,37,2,3111.8,40,2,3111.7,30,1,3111.6,35,2,3112.7,5,1,3112.9,2,1,3113.0,240,3,3113.1,25,1,3113.2,56,1
2031,2026-06-16 10:25:36+05:30,3112.7,1,3133.17,966785,111511.0,211266.0,3163.0,3163.0,3110.2,3134.3,31910800,3447.7,2820.9,3839.9,2896.0,3112.0,830,4,3111.9,37,2,3111.8,40,2,3111.7,30,1,3111.6,35,2,3112.7,5,1,3112.9,2,1,3113.0,240,3,3113.1,25,1,3113.2,56,1
2031,2026-06-16 10:25:36+05:30,3112.7,15,3133.17,966800,111840.0,211431.0,3163.0,3163.0,3110.2,3134.3,31910800,3447.7,2820.9,3839.9,2896.0,3112.1,42,3,3112.0,834,4,3111.9,87,3,3111.8,64,3,3111.7,58,1,3112.7,3,1,3112.9,2,1,3113.0,240,3,3113.1,25,1,3113.2,56,1
2031,2026-06-16 10:25:37+05:30,3112.7,15,3133.17,966800,111840.0,211431.0,3163.0,3163.0,3110.2,3134.3,31910800,3447.7,2820.9,3839.9,2896.0,3112.1,42,3,3112.0,834,4,3111.9,87,3,3111.8,64,3,3111.7,58,1,3112.7,3,1,3112.9,2,1,3113.0,240,3,3113.1,25,1,3113.2,56,1
2031,2026-06-16 10:25:37+05:30,3112.7,15,3133.17,966800,111840.0,211431.0,3163.0,3163.0,3110.2,3134.3,31910800,3447.7,2820.9,3839.9,2896.0,3112.1,42,3,3112.0,834,4,3111.9,87,3,3111.8,64,3,3111.7,58,1,3112.7,3,1,3112.9,2,1,3113.0,240,3,3113.1,25,1,3113.2,56,1
2031,2026-06-16 10:25:37+05:30,3112.7,45,3133.17,966848,112447.0,212833.0,3163.0,3163.0,3110.2,3134.3,31910800,3447.7,2820.9,3839.9,2896.0,3112.7,9,1,3112.1,150,4,3112.0,834,4,3111.9,66,2,3111.8,89,4,3112.9,2,1,3113.0,240,3,3113.1,25,1,3113.2,56,1,3113.3,74,3
2031,2026-06-16 10:25:38+05:30,3112.7,45,3133.17,966848,112447.0,212833.0,3163.0,3163.0,3110.2,3134.3,31910800,3447.7,2820.9,3839.9,2896.0,3112.7,9,1,3112.1,150,4,3112.0,834,4,3111.9,66,2,3111.8,89,4,3112.9,2,1,3113.0,240,3,3113.1,25,1,3113.2,56,1,3113.3,74,3
2031,2026-06-16 10:25:38+05:30,3112.7,45,3133.17,966848,112447.0,212833.0,3163.0,3163.0,3110.2,3134.3,31910800,3447.7,2820.9,3839.9,2896.0,3112.7,9,1,3112.1,150,4,3112.0,834,4,3111.9,66,2,3111.8,89,4,3112.9,2,1,3113.0,240,3,3113.1,25,1,3113.2,56,1,3113.3,74,3
2031,2026-06-16 10:25:38+05:30,3112.7,45,3133.17,966848,112874.0,212835.0,3163.0,3163.0,3110.2,3134.3,31910800,3447.7,2820.9,3839.9,2896.0,3112.8,10,1,3112.7,9,1,3112.2,22,1,3112.1,150,4,3112.0,834,4,3112.9,2,1,3113.0,240,3,3113.1,25,1,3113.2,56,1,3113.3,74,3
2031,2026-06-16 10:25:39+05:30,3112.7,45,3133.17,966848,112874.0,212835.0,3163.0,3163.0,3110.2,3134.3,31910800,3447.7,2820.9,3839.9,2896.0,3112.8,10,1,3112.7,9,1,3112.2,22,1,3112.1,150,4,3112.0,834,4,3112.9,2,1,3113.0,240,3,3113.1,25,1,3113.2,56,1,3113.3,74,3
2031,2026-06-16 10:25:39+05:30,3112.9,1,3133.17,966863,113121.0,212988.0,3163.0,3163.0,3110.2,3134.3,31910800,3447.7,2820.9,3839.9,2896.0,3112.8,58,2,3112.7,5,2,3112.3,47,2,3112.1,81,2,3112.0,694,2,3112.9,2,2,3113.0,240,3,3113.1,25,1,3113.2,56,1,3113.3,61,2
2031,2026-06-16 10:25:40+05:30,3112.9,1,3133.17,966863,113121.0,212988.0,3163.0,3163.0,3110.2,3134.3,31910800,3447.7,2820.9,3839.9,2896.0,3112.8,58,2,3112.7,5,2,3112.3,47,2,3112.1,81,2,3112.0,694,2,3112.9,2,2,3113.0,240,3,3113.1,25,1,3113.2,56,1,3113.3,61,2
2031,2026-06-16 10:25:40+05:30,3112.9,1,3133.17,966863,113121.0,212988.0,3163.0,3163.0,3110.2,3134.3,31910800,3447.7,2820.9,3839.9,2896.0,3112.8,58,2,3112.7,5,2,3112.3,47,2,3112.1,81,2,3112.0,694,2,3112.9,2,2,3113.0,240,3,3113.1,25,1,3113.2,56,1,3113.3,61,2
2031,2026-06-16 10:25:40+05:30,3112.9,1,3133.17,966863,113121.0,212988.0,3163.0,3163.0,3110.2,3134.3,31910800,3447.7,2820.9,3839.9,2896.0,3112.8,58,2,3112.7,5,2,3112.3,47,2,3112.1,81,2,3112.0,694,2,3112.9,2,2,3113.0,240,3,3113.1,25,1,3113.2,56,1,3113.3,61,2
2031,2026-06-16 10:25:40+05:30,3112.9,1,3133.17,966863,113105.0,211196.0,3163.0,3163.0,3110.2,3134.3,31910800,3447.7,2820.9,3839.9,2896.0,3112.8,58,2,3112.7,5,2,3112.3,47,2,3112.1,81,2,3112.0,694,2,3112.9,2,2,3113.0,240,3,3113.1,25,1,3113.2,56,1,3113.3,61,2
2031,2026-06-16 10:25:41+05:30,3113.0,4,3133.17,966863,113105.0,211196.0,3163.0,3163.0,3110.2,3134.3,31910800,3447.7,2820.9,3839.9,2896.0,3112.8,58,2,3112.7,5,2,3112.3,47,2,3112.1,81,2,3112.0,694,2,3112.9,2,2,3113.0,240,3,3113.1,25,1,3113.2,56,1,3113.3,61,2
2031,2026-06-16 10:25:41+05:30,3113.0,4,3133.17,966863,113105.0,211196.0,3163.0,3163.0,3110.2,3134.3,31910800,3447.7,2820.9,3839.9,2896.0,3112.8,58,2,3112.7,5,2,3112.3,47,2,3112.1,81,2,3112.0,694,2,3112.9,2,2,3113.0,240,3,3113.1,25,1,3113.2,56,1,3113.3,61,2
2031,2026-06-16 10:25:41+05:30,3113.0,10,3133.17,967181,113455.0,212426.0,3163.0,3163.0,3110.2,3134.3,31910800,3447.7,2820.9,3839.9,2896.0,3112.9,9,1,3112.8,58,2,3112.7,10,3,3112.3,27,1,3112.1,102,3,3113.0,60,1,3113.1,200,1,3113.3,15,1,3113.7,34,2,3113.8,13,1
2031,2026-06-16 10:25:42+05:30,3113.0,10,3133.17,967181,113455.0,212426.0,3163.0,3163.0,3110.2,3134.3,31910800,3447.7,2820.9,3839.9,2896.0,3112.9,9,1,3112.8,58,2,3112.7,10,3,3112.3,27,1,3112.1,102,3,3113.0,60,1,3113.1,200,1,3113.3,15,1,3113.7,34,2,3113.8,13,1
2031,2026-06-16 10:25:42+05:30,3113.0,10,3133.17,967181,113455.0,212426.0,3163.0,3163.0,3110.2,3134.3,31863600,3447.7,2820.9,3839.9,2896.0,3112.9,9,1,3112.8,58,2,3112.7,10,3,3112.3,27,1,3112.1,102,3,3113.0,60,1,3113.1,200,1,3113.3,15,1,3113.7,34,2,3113.8,13,1
2031,2026-06-16 10:25:42+05:30,3113.0,10,3133.17,967181,113540.0,212477.0,3163.0,3163.0,3110.2,3134.3,31863600,3447.7,2820.9,3839.9,2896.0,3112.9,9,1,3112.8,58,2,3112.7,10,3,3112.5,27,1,3112.2,45,2,3113.0,60,1,3113.1,200,1,3113.3,15,1,3113.7,34,2,3113.8,13,1
2031,2026-06-16 10:25:43+05:30,3112.9,7,3133.17,967188,113448.0,212280.0,3163.0,3163.0,3110.2,3134.3,31863600,3447.7,2820.9,3839.9,2896.0,3112.9,2,1,3112.8,58,2,3112.7,10,3,3112.5,27,1,3112.2,45,2,3113.0,66,2,3113.1,200,1,3113.3,15,1,3113.7,34,2,3113.8,13,1
2031,2026-06-16 10:25:44+05:30,3112.9,7,3133.17,967188,113448.0,212280.0,3163.0,3163.0,3110.2,3134.3,31863600,3447.7,2820.9,3839.9,2896.0,3112.9,2,1,3112.8,58,2,3112.7,10,3,3112.5,27,1,3112.2,45,2,3113.0,66,2,3113.1,200,1,3113.3,15,1,3113.7,34,2,3113.8,13,1
2031,2026-06-16 10:25:44+05:30,3113.0,11,3133.16,967359,113922.0,210261.0,3163.0,3163.0,3110.2,3134.3,31863600,3447.7,2820.9,3839.9,2896.0,3113.0,7,1,3112.9,106,3,3112.8,77,3,3112.7,30,5,3112.6,31,2,3113.1,200,1,3113.3,15,1,3113.7,34,2,3113.9,25,1,3114.0,20,1
2031,2026-06-16 10:25:45+05:30,3113.0,11,3133.16,967359,113922.0,210261.0,3163.0,3163.0,3110.2,3134.3,31863600,3447.7,2820.9,3839.9,2896.0,3113.0,7,1,3112.9,106,3,3112.8,77,3,3112.7,30,5,3112.6,31,2,3113.1,200,1,3113.3,15,1,3113.7,34,2,3113.9,25,1,3114.0,20,1
2031,2026-06-16 10:25:45+05:30,3113.1,2,3133.16,967365,113943.0,210338.0,3163.0,3163.0,3110.2,3134.3,31863600,3447.7,2820.9,3839.9,2896.0,3113.0,31,4,3112.9,137,5,3112.8,67,2,3112.7,20,4,3112.6,31,2,3113.1,220,2,3113.7,34,2,3113.9,25,1,3114.0,20,1,3114.1,18,1
2031,2026-06-16 10:25:46+05:30,3113.1,2,3133.16,967365,113943.0,210338.0,3163.0,3163.0,3110.2,3134.3,31863600,3447.7,2820.9,3839.9,2896.0,3113.0,31,4,3112.9,137,5,3112.8,67,2,3112.7,20,4,3112.6,31,2,3113.1,220,2,3113.7,34,2,3113.9,25,1,3114.0,20,1,3114.1,18,1
2031,2026-06-16 10:25:46+05:30,3113.1,1,3133.16,967367,114053.0,212230.0,3163.0,3163.0,3110.2,3134.3,31863600,3447.7,2820.9,3839.9,2896.0,3113.0,94,4,3112.9,105,3,3112.8,75,2,3112.7,20,4,3112.6,10,1,3113.1,240,3,3113.7,34,2,3113.9,25,1,3114.0,20,1,3114.1,18,1
2031,2026-06-16 10:25:47+05:30,3113.0,9,3133.16,967367,114053.0,212230.0,3163.0,3163.0,3110.2,3134.3,31863600,3447.7,2820.9,3839.9,2896.0,3113.0,94,4,3112.9,105,3,3112.8,75,2,3112.7,20,4,3112.6,10,1,3113.1,240,3,3113.7,34,2,3113.9,25,1,3114.0,20,1,3114.1,18,1
2031,2026-06-16 10:25:47+05:30,3113.1,43,3133.15,967900,114978.0,210321.0,3163.0,3163.0,3110.2,3134.3,31863600,3447.7,2820.9,3839.9,2896.0,3113.2,68,5,3113.1,104,5,3113.0,73,6,3112.9,140,5,3112.8,207,7,3113.7,2,1,3114.0,20,1,3114.1,18,1,3114.5,19,2,3114.8,12,1
2031,2026-06-16 10:25:48+05:30,3113.1,43,3133.15,967900,114978.0,210321.0,3163.0,3163.0,3110.2,3134.3,31863600,3447.7,2820.9,3839.9,2896.0,3113.2,68,5,3113.1,104,5,3113.0,73,6,3112.9,140,5,3112.8,207,7,3113.7,2,1,3114.0,20,1,3114.1,18,1,3114.5,19,2,3114.8,12,1
2031,2026-06-16 10:25:48+05:30,3113.1,43,3133.15,967900,115213.0,210381.0,3163.0,3163.0,3110.2,3134.3,31863600,3447.7,2820.9,3839.9,2896.0,3113.4,52,4,3113.3,72,4,3113.2,84,5,3113.1,65,3,3113.0,68,6,3113.7,2,1,3114.0,20,1,3114.1,18,1,3114.5,19,2,3114.8,70,2
2031,2026-06-16 10:25:49+05:30,3113.7,6,3133.15,967916,115915.0,209046.0,3163.0,3163.0,3110.2,3134.3,31863600,3447.7,2820.9,3839.9,2896.0,3113.6,15,1,3113.5,27,1,3113.4,40,3,3113.3,59,1,3113.2,117,6,3114.0,50,2,3114.1,18,1,3114.5,19,2,3114.8,12,1,3114.9,4,1
2031,2026-06-16 10:25:50+05:30,3113.7,6,3133.15,967916,115915.0,209046.0,3163.0,3163.0,3110.2,3134.3,31863600,3447.7,2820.9,3839.9,2896.0,3113.6,15,1,3113.5,27,1,3113.4,40,3,3113.3,59,1,3113.2,117,6,3114.0,50,2,3114.1,18,1,3114.5,19,2,3114.8,12,1,3114.9,4,1
2031,2026-06-16 10:25:51+05:30,3113.7,6,3133.15,967916,115792.0,209346.0,3163.0,3163.0,3110.2,3134.3,31863600,3447.7,2820.9,3839.9,2896.0,3113.6,77,3,3113.4,76,4,3113.3,80,2,3113.2,61,3,3113.1,64,3,3113.7,1,1,3114.0,51,3,3114.1,18,1,3114.5,19,2,3114.8,70,2
2031,2026-06-16 10:25:52+05:30,3113.7,1,3133.15,967916,115792.0,209346.0,3163.0,3163.0,3110.2,3134.3,31863600,3447.7,2820.9,3839.9,2896.0,3113.6,77,3,3113.4,76,4,3113.3,80,2,3113.2,61,3,3113.1,64,3,3113.7,1,1,3114.0,51,3,3114.1,18,1,3114.5,19,2,3114.8,70,2
2031,2026-06-16 10:25:52+05:30,3113.7,1,3133.15,967917,115973.0,209679.0,3163.0,3163.0,3110.2,3134.3,31863600,3447.7,2820.9,3839.9,2896.0,3113.6,77,3,3113.5,27,1,3113.4,70,4,3113.3,117,2,3113.2,61,3,3113.7,2,2,3114.0,50,2,3114.1,18,1,3114.5,19,2,3114.8,70,2
2031,2026-06-16 10:25:53+05:30,3113.7,1,3133.15,967917,115973.0,209679.0,3163.0,3163.0,3110.2,3134.3,31863600,3447.7,2820.9,3839.9,2896.0,3113.6,77,3,3113.5,27,1,3113.4,70,4,3113.3,117,2,3113.2,61,3,3113.7,2,2,3114.0,50,2,3114.1,18,1,3114.5,19,2,3114.8,70,2
2031,2026-06-16 10:25:53+05:30,3113.7,1,3133.15,967918,115854.0,209650.0,3163.0,3163.0,3110.2,3134.3,31863600,3447.7,2820.9,3839.9,2896.0,3113.6,77,3,3113.5,27,1,3113.4,30,2,3113.3,138,3,3113.2,61,3,3113.7,41,2,3114.0,50,2,3114.1,18,1,3114.5,19,2,3114.8,70,2
2031,2026-06-16 10:25:54+05:30,3113.7,26,3133.15,967918,115854.0,209650.0,3163.0,3163.0,3110.2,3134.3,31863600,3447.7,2820.9,3839.9,2896.0,3113.6,77,3,3113.5,27,1,3113.4,30,2,3113.3,138,3,3113.2,61,3,3113.7,41,2,3114.0,50,2,3114.1,18,1,3114.5,19,2,3114.8,70,2
2031,2026-06-16 10:25:54+05:30,3114.3,5,3133.13,968714,114380.0,209134.0,3163.0,3163.0,3110.2,3134.3,31863600,3447.7,2820.9,3839.9,2896.0,3113.2,36,1,3113.1,10,1,3113.0,11,2,3112.9,171,2,3112.8,1,1,3114.3,11,1,3114.4,45,3,3114.6,114,3,3114.7,26,2,3114.8,182,6
2031,2026-06-16 10:25:55+05:30,3114.3,11,3133.13,968714,114380.0,209134.0,3163.0,3163.0,3110.2,3134.3,31863600,3447.7,2820.9,3839.9,2896.0,3113.2,36,1,3113.1,10,1,3113.0,11,2,3112.9,171,2,3112.8,1,1,3114.3,11,1,3114.4,45,3,3114.6,114,3,3114.7,26,2,3114.8,182,6
2031,2026-06-16 10:25:55+05:30,3114.6,8,3133.13,968750,114992.0,210987.0,3163.0,3163.0,3110.2,3134.3,31863600,3447.7,2820.9,3839.9,2896.0,3113.6,24,1,3113.3,23,1,3113.2,36,1,3113.1,10,1,3113.0,55,3,3114.6,103,3,3114.7,121,3,3114.8,107,4,3114.9,20,2,3115.0,168,3
2031,2026-06-16 10:25:56+05:30,3114.6,16,3133.13,968750,114992.0,210987.0,3163.0,3163.0,3110.2,3134.3,31863600,3447.7,2820.9,3839.9,2896.0,3113.6,24,1,3113.3,23,1,3113.2,36,1,3113.1,10,1,3113.0,55,3,3114.6,103,3,3114.7,121,3,3114.8,107,4,3114.9,20,2,3115.0,168,3
2031,2026-06-16 10:25:56+05:30,3114.6,16,3133.13,969158,116192.0,210070.0,3163.0,3163.0,3110.2,3134.3,31863600,3447.7,2820.9,3839.9,2896.0,3113.7,3,1,3113.6,67,2,3113.3,206,2,3113.2,94,2,3113.1,70,3,3114.6,119,3,3114.8,57,2,3114.9,47,2,3115.0,173,4,3115.1,84,2
2031,2026-06-16 10:25:57+05:30,3113.3,80,3133.13,969158,116192.0,210070.0,3163.0,3163.0,3110.2,3134.3,31863600,3447.7,2820.9,3839.9,2896.0,3113.7,3,1,3113.6,67,2,3113.3,206,2,3113.2,94,2,3113.1,70,3,3114.6,119,3,3114.8,57,2,3114.9,47,2,3115.0,173,4,3115.1,84,2
2031,2026-06-16 10:25:57+05:30,3114.5,1,3133.12,969359,115804.0,210502.0,3163.0,3163.0,3110.2,3134.3,31863600,3447.7,2820.9,3839.9,2896.0,3113.3,72,4,3113.2,83,5,3113.1,80,4,3113.0,224,6,3112.9,258,4,3114.5,5,1,3114.6,132,4,3114.8,57,3,3114.9,238,2,3115.0,173,4
2031,2026-06-16 10:25:58+05:30,3114.5,1,3133.12,969359,115804.0,210502.0,3163.0,3163.0,3110.2,3134.3,31863600,3447.7,2820.9,3839.9,2896.0,3113.3,72,4,3113.2,83,5,3113.1,80,4,3113.0,224,6,3112.9,258,4,3114.5,5,1,3114.6,132,4,3114.8,57,3,3114.9,238,2,3115.0,173,4
2031,2026-06-16 10:25:58+05:30,3114.5,1,3133.12,969360,116015.0,210681.0,3163.0,3163.0,3110.2,3134.3,31863600,3447.7,2820.9,3839.9,2896.0,3113.3,78,4,3113.2,62,4,3113.1,130,5,3113.0,82,4,3112.9,218,3,3114.5,1,1,3114.6,126,3,3114.8,19,1,3114.9,39,2,3115.0,251,6
2031,2026-06-16 10:25:59+05:30,3114.5,1,3133.12,969360,115900.0,211456.0,3163.0,3163.0,3110.2,3134.3,31863600,3447.7,2820.9,3839.9,2896.0,3113.4,15,1,3113.3,55,2,3113.2,51,2,3113.1,10,1,3112.9,218,3,3114.5,101,8,3114.6,177,4,3114.8,321,3,3114.9,116,4,3115.0,177,5
2031,2026-06-16 10:26:00+05:30,3114.5,1,3133.12,969360,115900.0,211456.0,3163.0,3163.0,3110.2,3134.3,31863600,3447.7,2820.9,3839.9,2896.0,3113.4,15,1,3113.3,55,2,3113.2,51,2,3113.1,10,1,3112.9,218,3,3114.5,101,8,3114.6,177,4,3114.8,321,3,3114.9,116,4,3115.0,177,5
2031,2026-06-16 10:26:00+05:30,3114.5,1,3133.12,969361,115696.0,211704.0,3163.0,3163.0,3110.2,3134.3,31863600,3447.7,2820.9,3839.9,2896.0,3113.4,10,2,3113.3,40,1,3113.2,36,1,3113.1,10,1,3112.9,208,2,3114.4,16,1,3114.5,125,9,3114.6,177,4,3114.7,200,1,3114.8,121,2
2031,2026-06-16 10:26:01+05:30,3113.9,1,3133.12,969361,115696.0,211704.0,3163.0,3163.0,3110.2,3134.3,31863600,3447.7,2820.9,3839.9,2896.0,3113.4,10,2,3113.3,40,1,3113.2,36,1,3113.1,10,1,3112.9,208,2,3114.4,16,1,3114.5,125,9,3114.6,177,4,3114.7,200,1,3114.8,121,2
2031,2026-06-16 10:26:01+05:30,3113.9,1,3133.12,969364,115819.0,212359.0,3163.0,3163.0,3110.2,3134.3,31863600,3447.7,2820.9,3839.9,2896.0,3113.9,1,1,3113.4,52,3,3113.3,40,1,3113.2,36,1,3113.1,10,1,3114.3,86,5,3114.4,312,7,3114.5,59,7,3114.6,195,7,3114.7,5,1
2031,2026-06-16 10:26:02+05:30,3113.9,1,3133.12,969364,116800.0,211815.0,3163.0,3163.0,3110.2,3134.3,31863600,3447.7,2820.9,3839.9,2896.0,3113.9,1,1,3113.7,1,1,3113.4,52,3,3113.3,41,2,3113.2,36,1,3114.3,104,6,3114.4,42,3,3114.5,39,6,3114.6,180,6,3114.7,55,2
2031,2026-06-16 10:26:03+05:30,3114.3,1,3133.12,969364,116800.0,211815.0,3163.0,3163.0,3110.2,3134.3,31863600,3447.7,2820.9,3839.9,2896.0,3113.9,1,1,3113.7,1,1,3113.4,52,3,3113.3,41,2,3113.2,36,1,3114.3,104,6,3114.4,42,3,3114.5,39,6,3114.6,180,6,3114.7,55,2
2031,2026-06-16 10:26:03+05:30,3113.9,34,3133.12,969400,116727.0,211301.0,3163.0,3163.0,3110.2,3134.3,31863600,3447.7,2820.9,3839.9,2896.0,3113.9,3,1,3113.7,1,1,3113.4,98,4,3113.3,1,1,3113.2,83,2,3114.3,151,4,3114.4,54,3,3114.5,8,4,3114.6,56,3,3114.7,5,1
2031,2026-06-16 10:26:04+05:30,3113.9,34,3133.12,969400,116727.0,211301.0,3163.0,3163.0,3110.2,3134.3,31863600,3447.7,2820.9,3839.9,2896.0,3113.9,3,1,3113.7,1,1,3113.4,98,4,3113.3,1,1,3113.2,83,2,3114.3,151,4,3114.4,54,3,3114.5,8,4,3114.6,56,3,3114.7,5,1
2031,2026-06-16 10:26:04+05:30,3113.9,34,3133.12,969400,116682.0,211595.0,3163.0,3163.0,3110.2,3134.3,31863600,3447.7,2820.9,3839.9,2896.0,3113.9,3,1,3113.7,1,1,3113.4,98,4,3113.3,1,1,3113.2,83,2,3114.3,208,7,3114.4,26,2,3114.5,8,4,3114.6,84,4,3114.7,5,1
2031,2026-06-16 10:26:05+05:30,3114.3,9,3133.12,969400,116682.0,211595.0,3163.0,3163.0,3110.2,3134.3,31863600,3447.7,2820.9,3839.9,2896.0,3113.9,3,1,3113.7,1,1,3113.4,98,4,3113.3,1,1,3113.2,83,2,3114.3,208,7,3114.4,26,2,3114.5,8,4,3114.6,84,4,3114.7,5,1
2031,2026-06-16 10:26:05+05:30,3114.3,9,3133.12,969409,117061.0,211558.0,3163.0,3163.0,3110.2,3134.3,31863600,3447.7,2820.9,3839.9,2896.0,3114.0,55,1,3113.9,3,1,3113.7,112,2,3113.4,98,4,3113.3,1,1,3114.3,152,5,3114.4,26,2,3114.5,8,4,3114.6,84,4,3114.7,5,1
2031,2026-06-16 10:26:06+05:30,3114.3,1,3133.12,969409,117061.0,211558.0,3163.0,3163.0,3110.2,3134.3,31863600,3447.7,2820.9,3839.9,2896.0,3114.0,55,1,3113.9,3,1,3113.7,112,2,3113.4,98,4,3113.3,1,1,3114.3,152,5,3114.4,26,2,3114.5,8,4,3114.6,84,4,3114.7,5,1
2031,2026-06-16 10:26:06+05:30,3114.3,1,3133.12,969423,117083.0,211591.0,3163.0,3163.0,3110.2,3134.3,31863600,3447.7,2820.9,3839.9,2896.0,3114.0,48,1,3113.9,3,1,3113.7,112,2,3113.6,26,1,3113.4,98,4,3114.3,164,6,3114.4,54,3,3114.5,8,4,3114.6,56,3,3114.7,5,1
2031,2026-06-16 10:26:07+05:30,3114.3,1,3133.12,969423,117275.0,211580.0,3163.0,3163.0,3110.2,3134.3,31863600,3447.7,2820.9,3839.9,2896.0,3114.0,81,3,3113.9,3,1,3113.7,112,2,3113.4,98,4,3113.3,1,1,3114.3,145,5,3114.4,26,2,3114.5,8,4,3114.6,84,4,3114.7,5,1
2031,2026-06-16 10:26:08+05:30,3114.3,1,3133.12,969423,117275.0,211580.0,3163.0,3163.0,3110.2,3134.3,31863600,3447.7,2820.9,3839.9,2896.0,3114.0,81,3,3113.9,3,1,3113.7,112,2,3113.4,98,4,3113.3,1,1,3114.3,145,5,3114.4,26,2,3114.5,8,4,3114.6,84,4,3114.7,5,1
2031,2026-06-16 10:26:08+05:30,3114.3,1,3133.12,969424,117420.0,209118.0,3163.0,3163.0,3110.2,3134.3,31863600,3447.7,2820.9,3839.9,2896.0,3114.0,81,3,3113.9,3,1,3113.7,139,3,3113.6,70,3,3113.5,49,3,3114.3,144,5,3114.4,14,1,3114.5,3,3,3114.8,4,1,3114.9,200,1
2031,2026-06-16 10:26:09+05:30,3114.3,20,3133.12,969424,117420.0,209118.0,3163.0,3163.0,3110.2,3134.3,31863600,3447.7,2820.9,3839.9,2896.0,3114.0,81,3,3113.9,3,1,3113.7,139,3,3113.6,70,3,3113.5,49,3,3114.3,144,5,3114.4,14,1,3114.5,3,3,3114.8,4,1,3114.9,200,1
2031,2026-06-16 10:26:09+05:30,3114.0,14,3133.12,969554,117301.0,211174.0,3163.0,3163.0,3110.2,3134.3,31863600,3447.7,2820.9,3839.9,2896.0,3114.0,67,3,3113.9,3,1,3113.7,112,2,3113.6,17,1,3113.5,28,2,3114.3,118,5,3114.4,14,1,3114.5,51,2,3114.9,200,1,3115.0,80,2
2031,2026-06-16 10:26:10+05:30,3114.3,28,3133.12,969554,117301.0,211174.0,3163.0,3163.0,3110.2,3134.3,31863600,3447.7,2820.9,3839.9,2896.0,3114.0,67,3,3113.9,3,1,3113.7,112,2,3113.6,17,1,3113.5,28,2,3114.3,118,5,3114.4,14,1,3114.5,51,2,3114.9,200,1,3115.0,80,2
2031,2026-06-16 10:26:10+05:30,3114.4,8,3133.11,969783,117508.0,210689.0,3163.0,3163.0,3110.2,3134.3,31863600,3447.7,2820.9,3839.9,2896.0,3114.1,5,1,3114.0,44,2,3113.9,3,1,3113.7,112,2,3113.6,44,2,3114.4,6,1,3114.5,51,2,3114.9,200,1,3115.0,80,2,3115.2,36,2
2031,2026-06-16 10:26:11+05:30,3114.4,8,3133.11,969783,117508.0,210689.0,3163.0,3163.0,3110.2,3134.3,31863600,3447.7,2820.9,3839.9,2896.0,3114.1,5,1,3114.0,44,2,3113.9,3,1,3113.7,112,2,3113.6,44,2,3114.4,6,1,3114.5,51,2,3114.9,200,1,3115.0,80,2,3115.2,36,2
2031,2026-06-16 10:26:11+05:30,3114.4,8,3133.11,969783,117562.0,210765.0,3163.0,3163.0,3110.2,3134.3,31863600,3447.7,2820.9,3839.9,2896.0,3114.1,5,1,3114.0,67,3,3113.9,3,1,3113.7,112,2,3113.6,88,3,3114.5,112,3,3114.9,200,1,3115.0,80,2,3115.2,36,2,3115.3,42,1
2031,2026-06-16 10:26:12+05:30,3114.4,1,3133.11,969784,117722.0,210589.0,3163.0,3163.0,3110.2,3134.3,31863600,3447.7,2820.9,3839.9,2896.0,3114.1,62,2,3114.0,67,3,3113.9,3,1,3113.7,191,4,3113.6,65,3,3114.4,17,1,3114.5,125,5,3114.9,200,1,3115.0,80,2,3115.2,36,2
2031,2026-06-16 10:26:13+05:30,3114.4,1,3133.11,969784,117722.0,210589.0,3163.0,3163.0,3110.2,3134.3,31863600,3447.7,2820.9,3839.9,2896.0,3114.1,62,2,3114.0,67,3,3113.9,3,1,3113.7,191,4,3113.6,65,3,3114.4,17,1,3114.5,125,5,3114.9,200,1,3115.0,80,2,3115.2,36,2
2031,2026-06-16 10:26:13+05:30,3114.4,4,3133.11,969805,117693.0,211019.0,3163.0,3163.0,3110.2,3134.3,31863600,3447.7,2820.9,3839.9,2896.0,3114.1,99,3,3114.0,67,3,3113.9,3,1,3113.7,172,3,3113.6,44,2,3114.4,44,2,3114.5,117,4,3114.9,200,1,3115.0,80,2,3115.2,36,2
2031,2026-06-16 10:26:14+05:30,3114.4,4,3133.11,969805,117693.0,211019.0,3163.0,3163.0,3110.2,3134.3,31863600,3447.7,2820.9,3839.9,2896.0,3114.1,99,3,3114.0,67,3,3113.9,3,1,3113.7,172,3,3113.6,44,2,3114.4,44,2,3114.5,117,4,3114.9,200,1,3115.0,80,2,3115.2,36,2
2031,2026-06-16 10:26:14+05:30,3114.1,1,3133.11,969806,117632.0,210998.0,3163.0,3163.0,3110.2,3134.3,31863600,3447.7,2820.9,3839.9,2896.0,3114.1,98,3,3114.0,67,3,3113.9,3,1,3113.7,112,2,3113.6,44,2,3114.4,14,2,3114.5,117,4,3114.9,200,1,3115.0,80,2,3115.2,36,2
2031,2026-06-16 10:26:15+05:30,3114.1,1,3133.11,969806,117632.0,210998.0,3163.0,3163.0,3110.2,3134.3,31863600,3447.7,2820.9,3839.9,2896.0,3114.1,98,3,3114.0,67,3,3113.9,3,1,3113.7,112,2,3113.6,44,2,3114.4,14,2,3114.5,117,4,3114.9,200,1,3115.0,80,2,3115.2,36,2
2031,2026-06-16 10:26:15+05:30,3114.1,1,3133.11,969806,117638.0,211201.0,3163.0,3163.0,3110.2,3134.3,31863600,3447.7,2820.9,3839.9,2896.0,3114.3,24,3,3114.1,95,3,3114.0,44,2,3113.9,3,1,3113.7,139,3,3114.4,14,2,3114.5,117,4,3114.9,200,1,3115.0,80,2,3115.2,36,2
2031,2026-06-16 10:26:16+05:30,3114.4,1,3133.11,969806,117638.0,211201.0,3163.0,3163.0,3110.2,3134.3,31863600,3447.7,2820.9,3839.9,2896.0,3114.3,24,3,3114.1,95,3,3114.0,44,2,3113.9,3,1,3113.7,139,3,3114.4,14,2,3114.5,117,4,3114.9,200,1,3115.0,80,2,3115.2,36,2
2031,2026-06-16 10:26:16+05:30,3114.4,1,3133.11,969855,117331.0,211222.0,3163.0,3163.0,3110.2,3134.3,31863600,3447.7,2820.9,3839.9,2896.0,3114.4,3,2,3114.3,24,3,3114.1,95,3,3114.0,95,5,3113.9,49,3,3114.5,117,4,3114.9,200,1,3115.0,80,2,3115.2,6,1,3115.5,73,3
2031,2026-06-16 10:26:17+05:30,3114.5,31,3133.11,969855,117331.0,211222.0,3163.0,3163.0,3110.2,3134.3,31863600,3447.7,2820.9,3839.9,2896.0,3114.4,3,2,3114.3,24,3,3114.1,95,3,3114.0,95,5,3113.9,49,3,3114.5,117,4,3114.9,200,1,3115.0,80,2,3115.2,6,1,3115.5,73,3
2031,2026-06-16 10:26:17+05:30,3114.4,6,3133.11,970086,117691.0,210106.0,3163.0,3163.0,3110.2,3134.3,31863600,3447.7,2820.9,3839.9,2896.0,3114.4,40,2,3114.3,2,2,3114.1,95,3,3114.0,98,5,3113.9,49,3,3114.5,38,1,3114.9,200,1,3115.0,80,2,3115.2,6,1,3115.5,61,2
2031,2026-06-16 10:26:18+05:30,3114.4,6,3133.11,970086,117691.0,210106.0,3163.0,3163.0,3110.2,3134.3,31863600,3447.7,2820.9,3839.9,2896.0,3114.4,40,2,3114.3,2,2,3114.1,95,3,3114.0,98,5,3113.9,49,3,3114.5,38,1,3114.9,200,1,3115.0,80,2,3115.2,6,1,3115.5,61,2
2031,2026-06-16 10:26:18+05:30,3114.3,13,3133.11,970188,117395.0,210281.0,3163.0,3163.0,3110.2,3134.3,31863600,3447.7,2820.9,3839.9,2896.0,3114.1,95,3,3114.0,59,3,3113.9,12,2,3113.8,9,1,3113.7,153,4,3114.3,98,1,3114.5,38,1,3114.9,200,1,3115.0,80,2,3115.2,6,1
2031,2026-06-16 10:26:19+05:30,3114.3,1,3133.11,970188,117395.0,210281.0,3163.0,3163.0,3110.2,3134.3,31863600,3447.7,2820.9,3839.9,2896.0,3114.1,95,3,3114.0,59,3,3113.9,12,2,3113.8,9,1,3113.7,153,4,3114.3,98,1,3114.5,38,1,3114.9,200,1,3115.0,80,2,3115.2,6,1
2031,2026-06-16 10:26:19+05:30,3114.3,1,3133.11,970189,117468.0,210493.0,3163.0,3163.0,3110.2,3134.3,31863600,3447.7,2820.9,3839.9,2896.0,3114.1,95,3,3114.0,59,3,3113.9,3,1,3113.8,9,1,3113.7,139,3,3114.3,97,1,3114.5,42,2,3114.9,200,1,3115.0,80,2,3115.2,6,1
2031,2026-06-16 10:26:20+05:30,3114.1,6,3133.1,970292,116632.0,211590.0,3163.0,3163.0,3110.2,3134.3,31863600,3447.7,2820.9,3839.9,2896.0,3114.0,82,4,3113.9,3,1,3113.7,112,2,3113.4,1,1,3113.3,1,1,3114.1,361,5,3114.2,39,4,3114.3,69,5,3114.4,10,1,3114.5,73,5
2031,2026-06-16 10:26:21+05:30,3114.1,1,3133.1,970292,116632.0,211590.0,3163.0,3163.0,3110.2,3134.3,31863600,3447.7,2820.9,3839.9,2896.0,3114.0,82,4,3113.9,3,1,3113.7,112,2,3113.4,1,1,3113.3,1,1,3114.1,361,5,3114.2,39,4,3114.3,69,5,3114.4,10,1,3114.5,73,5
2031,2026-06-16 10:26:21+05:30,3113.8,5,3133.09,971122,112614.0,213861.0,3163.0,3163.0,3110.2,3134.3,31863600,3447.7,2820.9,3839.9,2896.0,3112.7,5,2,3112.2,30,1,3112.0,228,4,3111.7,80,2,3111.6,10,1,3113.2,65,5,3113.3,25,2,3113.4,24,2,3113.6,17,2,3113.7,546,7
2031,2026-06-16 10:26:22+05:30,3112.0,77,3133.09,971122,112614.0,213861.0,3163.0,3163.0,3110.2,3134.3,31863600,3447.7,2820.9,3839.9,2896.0,3112.7,5,2,3112.2,30,1,3112.0,228,4,3111.7,80,2,3111.6,10,1,3113.2,65,5,3113.3,25,2,3113.4,24,2,3113.6,17,2,3113.7,546,7
2031,2026-06-16 10:26:22+05:30,3112.0,77,3133.08,971255,112410.0,214180.0,3163.0,3163.0,3110.2,3134.3,31863600,3447.7,2820.9,3839.9,2896.0,3112.0,130,3,3111.7,20,1,3111.6,10,1,3111.4,142,4,3111.3,30,2,3112.9,193,1,3113.0,42,2,3113.1,146,4,3113.2,203,2,3113.3,33,1
2031,2026-06-16 10:26:23+05:30,3112.0,19,3133.08,971255,112410.0,214180.0,3163.0,3163.0,3110.2,3134.3,31863600,3447.7,2820.9,3839.9,2896.0,3112.0,130,3,3111.7,20,1,3111.6,10,1,3111.4,142,4,3111.3,30,2,3112.9,193,1,3113.0,42,2,3113.1,146,4,3113.2,203,2,3113.3,33,1
2031,2026-06-16 10:26:23+05:30,3112.8,1,3133.08,971277,112555.0,212495.0,3163.0,3163.0,3110.2,3134.3,31863600,3447.7,2820.9,3839.9,2896.0,3112.0,111,3,3111.7,60,2,3111.6,35,2,3111.5,27,1,3111.4,142,4,3112.8,20,1,3112.9,237,3,3113.0,10,1,3113.1,89,2,3113.2,3,1
2031,2026-06-16 10:26:24+05:30,3112.8,1,3133.08,971277,112555.0,212495.0,3163.0,3163.0,3110.2,3134.3,31863600,3447.7,2820.9,3839.9,2896.0,3112.0,111,3,3111.7,60,2,3111.6,35,2,3111.5,27,1,3111.4,142,4,3112.8,20,1,3112.9,237,3,3113.0,10,1,3113.1,89,2,3113.2,3,1
2031,2026-06-16 10:26:24+05:30,3112.8,1,3133.08,971277,112385.0,214646.0,3163.0,3163.0,3110.2,3134.3,31863600,3447.7,2820.9,3839.9,2896.0,3112.0,153,4,3111.6,10,1,3111.5,27,1,3111.4,142,4,3111.3,5,1,3112.7,236,3,3112.8,35,2,3112.9,44,2,3113.0,10,1,3113.1,80,3
2031,2026-06-16 10:26:24+05:30,3112.8,1,3133.08,971277,112385.0,214646.0,3163.0,3163.0,3110.2,3134.3,31863600,3447.7,2820.9,3839.9,2896.0,3112.0,153,4,3111.6,10,1,3111.5,27,1,3111.4,142,4,3111.3,5,1,3112.7,236,3,3112.8,35,2,3112.9,44,2,3113.0,10,1,3113.1,80,3
2031,2026-06-16 10:26:25+05:30,3112.8,9,3133.07,971733,112032.0,214805.0,3163.0,3163.0,3110.2,3134.3,31863600,3447.7,2820.9,3839.9,2896.0,3112.0,5,1,3111.6,10,1,3111.4,22,1,3111.3,61,2,3111.2,56,2,3112.7,49,2,3112.8,10,1,3112.9,19,1,3113.0,56,2,3113.1,62,2
2031,2026-06-16 10:26:26+05:30,3111.3,8,3133.07,971733,112032.0,214805.0,3163.0,3163.0,3110.2,3134.3,31863600,3447.7,2820.9,3839.9,2896.0,3112.0,5,1,3111.6,10,1,3111.4,22,1,3111.3,61,2,3111.2,56,2,3112.7,49,2,3112.8,10,1,3112.9,19,1,3113.0,56,2,3113.1,62,2
2031,2026-06-16 10:26:26+05:30,3111.3,8,3133.07,971733,112032.0,214805.0,3163.0,3163.0,3110.2,3134.3,31863600,3447.7,2820.9,3839.9,2896.0,3112.0,5,1,3111.6,10,1,3111.4,22,1,3111.3,61,2,3111.2,56,2,3112.7,49,2,3112.8,10,1,3112.9,19,1,3113.0,56,2,3113.1,62,2
2031,2026-06-16 10:26:26+05:30,3111.3,8,3133.07,971783,112708.0,214636.0,3163.0,3163.0,3110.2,3134.3,31863600,3447.7,2820.9,3839.9,2896.0,3111.5,16,1,3111.4,112,6,3111.3,65,3,3111.2,72,2,3111.1,81,2,3112.7,26,1,3112.9,19,1,3113.0,18,1,3113.1,48,1,3113.2,58,1
2031,2026-06-16 10:26:27+05:30,3111.3,8,3133.07,971783,113085.0,214944.0,3163.0,3163.0,3110.2,3134.3,31863600,3447.7,2820.9,3839.9,2896.0,3112.0,15,1,3111.8,43,2,3111.7,31,2,3111.6,93,5,3111.5,36,2,3112.7,26,1,3112.9,19,1,3113.0,18,1,3113.1,18,1,3113.2,58,1
2031,2026-06-16 10:26:28+05:30,3111.3,8,3133.07,971783,113085.0,214944.0,3163.0,3163.0,3110.2,3134.3,31863600,3447.7,2820.9,3839.9,2896.0,3112.0,15,1,3111.8,43,2,3111.7,31,2,3111.6,93,5,3111.5,36,2,3112.7,26,1,3112.9,19,1,3113.0,18,1,3113.1,18,1,3113.2,58,1
2031,2026-06-16 10:26:28+05:30,3112.0,12,3133.07,971795,112785.0,215022.0,3163.0,3163.0,3110.2,3134.3,31863600,3447.7,2820.9,3839.9,2896.0,3112.0,3,1,3111.6,16,1,3111.5,20,1,3111.4,16,1,3111.3,77,3,3112.7,29,2,3112.9,29,2,3113.0,54,2,3113.1,80,3,3113.2,58,1
2031,2026-06-16 10:26:29+05:30,3112.7,1,3133.07,971795,112785.0,215022.0,3163.0,3163.0,3110.2,3134.3,31863600,3447.7,2820.9,3839.9,2896.0,3112.0,3,1,3111.6,16,1,3111.5,20,1,3111.4,16,1,3111.3,77,3,3112.7,29,2,3112.9,29,2,3113.0,54,2,3113.1,80,3,3113.2,58,1
2031,2026-06-16 10:26:29+05:30,3112.7,1,3133.07,971796,112870.0,215059.0,3163.0,3163.0,3110.2,3134.3,31863600,3447.7,2820.9,3839.9,2896.0,3112.0,3,1,3111.6,16,1,3111.5,20,1,3111.4,16,1,3111.3,77,3,3112.7,28,2,3112.9,19,1,3113.0,54,2,3113.1,62,2,3113.2,107,2
2031,2026-06-16 10:26:29+05:30,3112.7,1,3133.07,971796,112870.0,215059.0,3163.0,3163.0,3110.2,3134.3,31863600,3447.7,2820.9,3839.9,2896.0,3112.0,3,1,3111.6,16,1,3111.5,20,1,3111.4,16,1,3111.3,77,3,3112.7,28,2,3112.9,19,1,3113.0,54,2,3113.1,62,2,3113.2,107,2
2031,2026-06-16 10:26:30+05:30,3112.7,1,3133.07,971796,113097.0,214976.0,3163.0,3163.0,3110.2,3134.3,31863600,3447.7,2820.9,3839.9,2896.0,3112.4,2,2,3112.0,12,3,3111.5,20,1,3111.4,49,2,3111.3,121,5,3112.7,29,3,3112.9,19,1,3113.0,69,3,3113.1,37,2,3113.2,58,1
2031,2026-06-16 10:26:31+05:30,3112.7,1,3133.07,971796,113097.0,214976.0,3163.0,3163.0,3110.2,3134.3,31863600,3447.7,2820.9,3839.9,2896.0,3112.4,2,2,3112.0,12,3,3111.5,20,1,3111.4,49,2,3111.3,121,5,3112.7,29,3,3112.9,19,1,3113.0,69,3,3113.1,37,2,3113.2,58,1
2031,2026-06-16 10:26:31+05:30,3112.0,6,3133.07,971836,113097.0,215193.0,3163.0,3163.0,3110.2,3134.3,31863600,3447.7,2820.9,3839.9,2896.0,3112.0,3,2,3111.5,20,1,3111.4,175,2,3111.3,75,3,3111.1,81,2,3112.7,29,3,3112.9,29,2,3113.0,62,3,3113.1,37,2,3113.2,357,5
2031,2026-06-16 10:26:32+05:30,3112.7,1,3133.07,971836,113097.0,215193.0,3163.0,3163.0,3110.2,3134.3,31863600,3447.7,2820.9,3839.9,2896.0,3112.0,3,2,3111.5,20,1,3111.4,175,2,3111.3,75,3,3111.1,81,2,3112.7,29,3,3112.9,29,2,3113.0,62,3,3113.1,37,2,3113.2,357,5
2031,2026-06-16 10:26:32+05:30,3111.4,15,3133.07,971938,113201.0,214974.0,3163.0,3163.0,3110.2,3134.3,31863600,3447.7,2820.9,3839.9,2896.0,3111.8,22,1,3111.4,51,3,3111.3,105,4,3111.2,5,1,3111.1,235,3,3112.7,28,3,3112.9,19,1,3113.0,18,1,3113.1,57,2,3113.2,288,4
2031,2026-06-16 10:26:33+05:30,3112.0,3,3133.07,971938,113201.0,214974.0,3163.0,3163.0,3110.2,3134.3,31863600,3447.7,2820.9,3839.9,2896.0,3111.8,22,1,3111.4,51,3,3111.3,105,4,3111.2,5,1,3111.1,235,3,3112.7,28,3,3112.9,19,1,3113.0,18,1,3113.1,57,2,3113.2,288,4
2031,2026-06-16 10:26:33+05:30,3112.0,3,3133.07,971938,113201.0,214974.0,3163.0,3163.0,3110.2,3134.3,31863600,3447.7,2820.9,3839.9,2896.0,3111.8,22,1,3111.4,51,3,3111.3,105,4,3111.2,5,1,3111.1,235,3,3112.7,28,3,3112.9,19,1,3113.0,18,1,3113.1,57,2,3113.2,288,4
2031,2026-06-16 10:26:33+05:30,3112.7,5,3133.07,972003,113278.0,214782.0,3163.0,3163.0,3110.2,3134.3,31863600,3447.7,2820.9,3839.9,2896.0,3112.0,1,1,3111.5,154,1,3111.4,73,2,3111.3,122,4,3111.2,35,1,3112.7,174,4,3112.9,19,1,3113.0,18,1,3113.1,100,4,3113.2,374,5
2031,2026-06-16 10:26:34+05:30,3112.7,5,3133.07,972003,113278.0,214782.0,3163.0,3163.0,3110.2,3134.3,31863600,3447.7,2820.9,3839.9,2896.0,3112.0,1,1,3111.5,154,1,3111.4,73,2,3111.3,122,4,3111.2,35,1,3112.7,174,4,3112.9,19,1,3113.0,18,1,3113.1,100,4,3113.2,374,5
2031,2026-06-16 10:26:34+05:30,3112.7,5,3133.07,972003,113278.0,214782.0,3163.0,3163.0,3110.2,3134.3,31863600,3447.7,2820.9,3839.9,2896.0,3112.0,1,1,3111.5,154,1,3111.4,73,2,3111.3,122,4,3111.2,35,1,3112.7,174,4,3112.9,19,1,3113.0,18,1,3113.1,100,4,3113.2,374,5
2031,2026-06-16 10:26:34+05:30,3112.7,1,3133.07,972004,113142.0,215070.0,3163.0,3163.0,3110.2,3134.3,31863600,3447.7,2820.9,3839.9,2896.0,3112.2,24,1,3112.0,1,1,3111.5,21,1,3111.4,173,1,3111.3,123,4,3112.7,227,7,3112.9,73,3,3113.0,87,3,3113.1,107,4,3113.2,326,4
2031,2026-06-16 10:26:35+05:30,3112.7,1,3133.07,972004,113142.0,215070.0,3163.0,3163.0,3110.2,3134.3,31863600,3447.7,2820.9,3839.9,2896.0,3112.2,24,1,3112.0,1,1,3111.5,21,1,3111.4,173,1,3111.3,123,4,3112.7,227,7,3112.9,73,3,3113.0,87,3,3113.1,107,4,3113.2,326,4
2031,2026-06-16 10:26:35+05:30,3112.7,1,3133.07,972004,113142.0,215070.0,3163.0,3163.0,3110.2,3134.3,31863600,3447.7,2820.9,3839.9,2896.0,3112.2,24,1,3112.0,1,1,3111.5,21,1,3111.4,173,1,3111.3,123,4,3112.7,227,7,3112.9,73,3,3113.0,87,3,3113.1,107,4,3113.2,326,4
2031,2026-06-16 10:26:35+05:30,3112.2,6,3133.07,972039,113082.0,215736.0,3163.0,3163.0,3110.2,3134.3,31863600,3447.7,2820.9,3839.9,2896.0,3112.2,18,1,3112.0,1,1,3111.5,21,1,3111.3,67,3,3111.1,195,2,3112.7,287,10,3112.8,48,2,3112.9,285,4,3113.0,107,4,3113.1,71,3
2031,2026-06-16 10:26:35+05:30,3112.2,6,3133.07,972039,113082.0,215736.0,3163.0,3163.0,3110.2,3134.3,31863600,3447.7,2820.9,3839.9,2896.0,3112.2,18,1,3112.0,1,1,3111.5,21,1,3111.3,67,3,3111.1,195,2,3112.7,287,10,3112.8,48,2,3112.9,285,4,3113.0,107,4,3113.1,71,3
2031,2026-06-16 10:26:36+05:30,3112.2,6,3133.07,972039,113082.0,215736.0,3163.0,3163.0,3110.2,3134.3,31863600,3447.7,2820.9,3839.9,2896.0,3112.2,18,1,3112.0,1,1,3111.5,21,1,3111.3,67,3,3111.1,195,2,3112.7,287,10,3112.8,48,2,3112.9,285,4,3113.0,107,4,3113.1,71,3
2031,2026-06-16 10:26:36+05:30,3112.2,6,3133.07,972039,113082.0,215736.0,3163.0,3163.0,3110.2,3134.3,31863600,3447.7,2820.9,3839.9,2896.0,3112.2,18,1,3112.0,1,1,3111.5,21,1,3111.3,67,3,3111.1,195,2,3112.7,287,10,3112.8,48,2,3112.9,285,4,3113.0,107,4,3113.1,71,3
2031,2026-06-16 10:26:36+05:30,3112.0,1,3133.06,972245,111920.0,216815.0,3163.0,3163.0,3110.2,3134.3,31863600,3447.7,2820.9,3839.9,2896.0,3111.0,344,10,3110.9,5,1,3110.7,25,1,3110.5,135,6,3110.4,25,1,3111.9,200,1,3112.0,32,2,3112.1,61,2,3112.2,30,3,3112.3,32,1
2031,2026-06-16 10:26:36+05:30,3112.0,1,3133.06,972245,111920.0,216815.0,3163.0,3163.0,3110.2,3134.3,31863600,3447.7,2820.9,3839.9,2896.0,3111.0,344,10,3110.9,5,1,3110.7,25,1,3110.5,135,6,3110.4,25,1,3111.9,200,1,3112.0,32,2,3112.1,61,2,3112.2,30,3,3112.3,32,1
2031,2026-06-16 10:26:37+05:30,3111.9,19,3133.06,972245,111920.0,216815.0,3163.0,3163.0,3110.2,3134.3,31863600,3447.7,2820.9,3839.9,2896.0,3111.0,344,10,3110.9,5,1,3110.7,25,1,3110.5,135,6,3110.4,25,1,3111.9,200,1,3112.0,32,2,3112.1,61,2,3112.2,30,3,3112.3,32,1
2031,2026-06-16 10:26:37+05:30,3111.9,19,3133.06,972245,111920.0,216815.0,3163.0,3163.0,3110.2,3134.3,31863600,3447.7,2820.9,3839.9,2896.0,3111.0,344,10,3110.9,5,1,3110.7,25,1,3110.5,135,6,3110.4,25,1,3111.9,200,1,3112.0,32,2,3112.1,61,2,3112.2,30,3,3112.3,32,1
2031,2026-06-16 10:26:37+05:30,3111.9,19,3133.06,972508,113257.0,214805.0,3163.0,3163.0,3110.2,3134.3,31863600,3447.7,2820.9,3839.9,2896.0,3111.6,15,1,3111.5,120,9,3111.4,61,5,3111.3,92,5,3111.2,75,3,3111.9,60,2,3112.7,210,6,3113.2,60,1,3113.3,11,1,3113.4,221,2
2031,2026-06-16 10:26:38+05:30,3111.5,3,3133.06,972508,113257.0,214805.0,3163.0,3163.0,3110.2,3134.3,31863600,3447.7,2820.9,3839.9,2896.0,3111.6,15,1,3111.5,120,9,3111.4,61,5,3111.3,92,5,3111.2,75,3,3111.9,60,2,3112.7,210,6,3113.2,60,1,3113.3,11,1,3113.4,221,2
2031,2026-06-16 10:26:38+05:30,3111.5,3,3133.06,972508,113257.0,214805.0,3163.0,3163.0,3110.2,3134.3,31863600,3447.7,2820.9,3839.9,2896.0,3111.6,15,1,3111.5,120,9,3111.4,61,5,3111.3,92,5,3111.2,75,3,3111.9,60,2,3112.7,210,6,3113.2,60,1,3113.3,11,1,3113.4,221,2
2031,2026-06-16 10:26:38+05:30,3111.9,1,3133.06,972527,113121.0,214664.0,3163.0,3163.0,3110.2,3134.3,31863600,3447.7,2820.9,3839.9,2896.0,3111.6,42,1,3111.5,117,9,3111.4,61,5,3111.3,115,6,3111.2,75,3,3111.9,92,4,3112.2,1,1,3112.7,233,8,3113.1,14,1,3113.2,60,1
2031,2026-06-16 10:26:39+05:30,3111.9,1,3133.06,972527,113121.0,214664.0,3163.0,3163.0,3110.2,3134.3,31863600,3447.7,2820.9,3839.9,2896.0,3111.6,42,1,3111.5,117,9,3111.4,61,5,3111.3,115,6,3111.2,75,3,3111.9,92,4,3112.2,1,1,3112.7,233,8,3113.1,14,1,3113.2,60,1
2031,2026-06-16 10:26:39+05:30,3111.9,1,3133.06,972527,113121.0,214664.0,3163.0,3163.0,3110.2,3134.3,31863600,3447.7,2820.9,3839.9,2896.0,3111.6,42,1,3111.5,117,9,3111.4,61,5,3111.3,115,6,3111.2,75,3,3111.9,92,4,3112.2,1,1,3112.7,233,8,3113.1,14,1,3113.2,60,1
2031,2026-06-16 10:26:40+05:30,3111.9,3,3133.06,972527,113121.0,214664.0,3163.0,3163.0,3110.2,3134.3,31863600,3447.7,2820.9,3839.9,2896.0,3111.6,42,1,3111.5,117,9,3111.4,61,5,3111.3,115,6,3111.2,75,3,3111.9,92,4,3112.2,1,1,3112.7,233,8,3113.1,14,1,3113.2,60,1
2031,2026-06-16 10:26:40+05:30,3111.9,3,3133.05,972819,113229.0,215259.0,3163.0,3163.0,3110.2,3134.3,31863600,3447.7,2820.9,3839.9,2896.0,3111.6,32,3,3111.5,66,5,3111.4,60,4,3111.3,107,6,3111.2,75,3,3111.9,38,2,3112.2,1,1,3112.7,233,8,3113.2,60,1,3113.3,634,1
2031,2026-06-16 10:26:40+05:30,3111.9,3,3133.05,972819,113229.0,215259.0,3163.0,3163.0,3110.2,3134.3,31863600,3447.7,2820.9,3839.9,2896.0,3111.6,32,3,3111.5,66,5,3111.4,60,4,3111.3,107,6,3111.2,75,3,3111.9,38,2,3112.2,1,1,3112.7,233,8,3113.2,60,1,3113.3,634,1
2031,2026-06-16 10:26:41+05:30,3111.9,10,3133.05,972819,113229.0,215259.0,3163.0,3163.0,3110.2,3134.3,31863600,3447.7,2820.9,3839.9,2896.0,3111.6,32,3,3111.5,66,5,3111.4,60,4,3111.3,107,6,3111.2,75,3,3111.9,38,2,3112.2,1,1,3112.7,233,8,3113.2,60,1,3113.3,634,1
2031,2026-06-16 10:26:41+05:30,3111.9,10,3133.05,972829,113263.0,215362.0,3163.0,3163.0,3110.2,3134.3,31863600,3447.7,2820.9,3839.9,2896.0,3111.6,32,3,3111.5,58,5,3111.4,78,4,3111.3,121,7,3111.2,77,4,3111.9,58,3,3112.2,1,1,3112.7,233,8,3113.2,77,2,3113.3,634,1
2031,2026-06-16 10:26:41+05:30,3111.9,10,3133.05,972829,113263.0,215362.0,3163.0,3163.0,3110.2,3134.3,31863600,3447.7,2820.9,3839.9,2896.0,3111.6,32,3,3111.5,58,5,3111.4,78,4,3111.3,121,7,3111.2,77,4,3111.9,58,3,3112.2,1,1,3112.7,233,8,3113.2,77,2,3113.3,634,1
2031,2026-06-16 10:26:42+05:30,3111.6,2,3133.05,972829,113263.0,215362.0,3163.0,3163.0,3110.2,3134.3,31863600,3447.7,2820.9,3839.9,2896.0,3111.6,32,3,3111.5,58,5,3111.4,78,4,3111.3,121,7,3111.2,77,4,3111.9,58,3,3112.2,1,1,3112.7,233,8,3113.2,77,2,3113.3,634,1
2031,2026-06-16 10:26:42+05:30,3111.6,2,3133.03,973823,113795.0,213698.0,3163.0,3163.0,3110.2,3134.3,31863600,3447.7,2820.9,3839.9,2896.0,3112.0,7,1,3111.9,69,4,3111.8,6,1,3111.7,28,2,3111.6,54,5,3112.6,15,1,3112.7,233,8,3113.2,17,1,3113.5,260,2,3113.7,14,1
2031,2026-06-16 10:26:42+05:30,3111.6,2,3133.03,973823,113795.0,213698.0,3163.0,3163.0,3110.2,3134.3,31857600,3447.7,2820.9,3839.9,2896.0,3112.0,7,1,3111.9,69,4,3111.8,6,1,3111.7,28,2,3111.6,54,5,3112.6,15,1,3112.7,233,8,3113.2,17,1,3113.5,260,2,3113.7,14,1
2031,2026-06-16 10:26:43+05:30,3111.8,17,3133.03,973823,113795.0,213698.0,3163.0,3163.0,3110.2,3134.3,31857600,3447.7,2820.9,3839.9,2896.0,3112.0,7,1,3111.9,69,4,3111.8,6,1,3111.7,28,2,3111.6,54,5,3112.6,15,1,3112.7,233,8,3113.2,17,1,3113.5,260,2,3113.7,14,1
2031,2026-06-16 10:26:43+05:30,3111.8,17,3133.02,974194,113514.0,213915.0,3163.0,3163.0,3110.2,3134.3,31857600,3447.7,2820.9,3839.9,2896.0,3111.7,244,6,3111.6,87,5,3111.5,83,4,3111.4,1,1,3111.3,103,6,3112.7,233,8,3113.2,77,2,3113.5,285,3,3113.7,14,1,3113.8,83,3
2031,2026-06-16 10:26:44+05:30,3112.7,3,3133.02,974194,113514.0,213915.0,3163.0,3163.0,3110.2,3134.3,31857600,3447.7,2820.9,3839.9,2896.0,3111.7,244,6,3111.6,87,5,3111.5,83,4,3111.4,1,1,3111.3,103,6,3112.7,233,8,3113.2,77,2,3113.5,285,3,3113.7,14,1,3113.8,83,3
2031,2026-06-16 10:26:44+05:30,3112.7,3,3133.02,974252,114278.0,213682.0,3163.0,3163.0,3110.2,3134.3,31857600,3447.7,2820.9,3839.9,2896.0,3111.9,15,1,3111.8,57,3,3111.7,106,2,3111.6,101,6,3111.5,83,4,3112.7,231,8,3113.1,42,1,3113.2,17,1,3113.4,200,1,3113.5,85,2
2031,2026-06-16 10:26:45+05:30,3112.6,1,3133.02,974252,114278.0,213682.0,3163.0,3163.0,3110.2,3134.3,31857600,3447.7,2820.9,3839.9,2896.0,3111.9,15,1,3111.8,57,3,3111.7,106,2,3111.6,101,6,3111.5,83,4,3112.7,231,8,3113.1,42,1,3113.2,17,1,3113.4,200,1,3113.5,85,2
2031,2026-06-16 10:26:45+05:30,3112.6,1,3133.02,974304,114272.0,213688.0,3163.0,3163.0,3110.2,3134.3,31857600,3447.7,2820.9,3839.9,2896.0,3111.9,1,1,3111.8,48,3,3111.7,166,3,3111.6,101,6,3111.5,62,3,3112.6,23,1,3112.7,231,8,3113.1,42,1,3113.2,17,1,3113.3,60,1
2031,2026-06-16 10:26:46+05:30,3112.6,20,3133.02,974304,114272.0,213688.0,3163.0,3163.0,3110.2,3134.3,31857600,3447.7,2820.9,3839.9,2896.0,3111.9,1,1,3111.8,48,3,3111.7,166,3,3111.6,101,6,3111.5,62,3,3112.6,23,1,3112.7,231,8,3113.1,42,1,3113.2,17,1,3113.3,60,1
2031,2026-06-16 10:26:46+05:30,3112.6,20,3133.02,974324,114609.0,214099.0,3163.0,3163.0,3110.2,3134.3,31857600,3447.7,2820.9,3839.9,2896.0,3112.3,2,2,3112.0,26,1,3111.9,84,3,3111.8,47,2,3111.7,116,2,3112.6,16,3,3112.7,231,8,3113.2,17,1,3113.3,60,1,3113.4,246,2
2031,2026-06-16 10:26:47+05:30,3112.6,20,3133.02,974324,114626.0,213947.0,3163.0,3163.0,3110.2,3134.3,31857600,3447.7,2820.9,3839.9,2896.0,3112.3,26,3,3112.0,26,1,3111.9,65,2,3111.8,21,1,3111.7,176,3,3112.6,16,3,3112.7,231,8,3113.2,17,1,3113.3,77,2,3113.4,246,2
2031,2026-06-16 10:26:48+05:30,3112.3,3,3133.02,974324,114626.0,213947.0,3163.0,3163.0,3110.2,3134.3,31857600,3447.7,2820.9,3839.9,2896.0,3112.3,26,3,3112.0,26,1,3111.9,65,2,3111.8,21,1,3111.7,176,3,3112.6,16,3,3112.7,231,8,3113.2,17,1,3113.3,77,2,3113.4,246,2
2031,2026-06-16 10:26:48+05:30,3112.3,3,3133.02,974329,114500.0,214125.0,3163.0,3163.0,3110.2,3134.3,31857600,3447.7,2820.9,3839.9,2896.0,3112.3,92,4,3112.0,26,1,3111.9,84,3,3111.8,21,1,3111.7,20,1,3112.6,34,4,3112.7,231,8,3113.2,17,1,3113.3,77,2,3113.4,200,1
2031,2026-06-16 10:26:49+05:30,3112.3,3,3133.02,974329,114558.0,214137.0,3163.0,3163.0,3110.2,3134.3,31857600,3447.7,2820.9,3839.9,2896.0,3112.3,92,4,3111.9,84,3,3111.8,21,1,3111.7,20,1,3111.6,114,7,3112.6,42,5,3112.7,231,8,3113.2,17,1,3113.3,77,2,3113.4,221,2
2031,2026-06-16 10:26:50+05:30,3112.6,1,3133.02,974330,114716.0,213945.0,3163.0,3163.0,3110.2,3134.3,31857600,3447.7,2820.9,3839.9,2896.0,3112.4,2,2,3112.3,90,2,3112.0,100,1,3111.9,65,2,3111.8,47,2,3112.6,42,6,3112.7,231,8,3113.2,18,2,3113.3,78,3,3113.5,306,3
2031,2026-06-16 10:26:51+05:30,3112.6,1,3133.02,974330,114716.0,213945.0,3163.0,3163.0,3110.2,3134.3,31857600,3447.7,2820.9,3839.9,2896.0,3112.4,2,2,3112.3,90,2,3112.0,100,1,3111.9,65,2,3111.8,47,2,3112.6,42,6,3112.7,231,8,3113.2,18,2,3113.3,78,3,3113.5,306,3
2031,2026-06-16 10:26:51+05:30,3112.7,1,3133.01,974625,115091.0,213587.0,3163.0,3163.0,3110.2,3134.3,31857600,3447.7,2820.9,3839.9,2896.0,3112.4,2,2,3112.3,69,1,3112.0,100,1,3111.9,201,6,3111.8,44,3,3112.7,54,5,3113.2,18,2,3113.3,18,2,3113.5,306,3,3113.7,19,1
2031,2026-06-16 10:26:52+05:30,3112.3,20,3133.01,974625,115091.0,213587.0,3163.0,3163.0,3110.2,3134.3,31857600,3447.7,2820.9,3839.9,2896.0,3112.4,2,2,3112.3,69,1,3112.0,100,1,3111.9,201,6,3111.8,44,3,3112.7,54,5,3113.2,18,2,3113.3,18,2,3113.5,306,3,3113.7,19,1
2031,2026-06-16 10:26:52+05:30,3112.3,20,3133.01,974648,115943.0,213793.0,3163.0,3163.0,3110.2,3134.3,31857600,3447.7,2820.9,3839.9,2896.0,3112.6,21,1,3112.4,60,1,3112.3,73,2,3112.2,45,2,3112.0,181,3,3112.7,54,5,3113.2,18,2,3113.3,18,2,3113.5,335,4,3113.8,61,2
2031,2026-06-16 10:26:53+05:30,3112.7,1,3133.01,974648,115943.0,213793.0,3163.0,3163.0,3110.2,3134.3,31857600,3447.7,2820.9,3839.9,2896.0,3112.6,21,1,3112.4,60,1,3112.3,73,2,3112.2,45,2,3112.0,181,3,3112.7,54,5,3113.2,18,2,3113.3,18,2,3113.5,335,4,3113.8,61,2
2031,2026-06-16 10:26:53+05:30,3112.4,9,3133.01,974679,115793.0,213824.0,3163.0,3163.0,3110.2,3134.3,31857600,3447.7,2820.9,3839.9,2896.0,3112.4,51,1,3112.3,73,2,3112.2,28,2,3112.0,161,3,3111.9,266,8,3112.7,53,5,3113.2,18,2,3113.3,18,2,3113.5,335,4,3113.8,61,2
2031,2026-06-16 10:26:54+05:30,3112.4,9,3133.01,974679,115793.0,213824.0,3163.0,3163.0,3110.2,3134.3,31857600,3447.7,2820.9,3839.9,2896.0,3112.4,51,1,3112.3,73,2,3112.2,28,2,3112.0,161,3,3111.9,266,8,3112.7,53,5,3113.2,18,2,3113.3,18,2,3113.5,335,4,3113.8,61,2
2031,2026-06-16 10:26:54+05:30,3112.7,9,3133.01,974700,115794.0,213804.0,3163.0,3163.0,3110.2,3134.3,31857600,3447.7,2820.9,3839.9,2896.0,3112.4,51,1,3112.3,73,2,3112.2,28,2,3112.0,161,3,3111.9,266,8,3112.7,38,4,3113.2,18,2,3113.3,18,2,3113.5,335,4,3113.8,61,2
2031,2026-06-16 10:26:55+05:30,3112.7,9,3133.01,974700,115794.0,213804.0,3163.0,3163.0,3110.2,3134.3,31857600,3447.7,2820.9,3839.9,2896.0,3112.4,51,1,3112.3,73,2,3112.2,28,2,3112.0,161,3,3111.9,266,8,3112.7,38,4,3113.2,18,2,3113.3,18,2,3113.5,335,4,3113.8,61,2
2031,2026-06-16 10:26:55+05:30,3112.7,1,3133.01,974711,115670.0,213882.0,3163.0,3163.0,3110.2,3134.3,31857600,3447.7,2820.9,3839.9,2896.0,3112.4,51,1,3112.3,73,2,3112.2,2,1,3112.0,100,1,3111.9,154,3,3112.7,225,6,3113.2,18,2,3113.3,18,2,3113.5,335,4,3113.7,33,2
2031,2026-06-16 10:26:56+05:30,3112.7,1,3133.01,974711,115670.0,213882.0,3163.0,3163.0,3110.2,3134.3,31857600,3447.7,2820.9,3839.9,2896.0,3112.4,51,1,3112.3,73,2,3112.2,2,1,3112.0,100,1,3111.9,154,3,3112.7,225,6,3113.2,18,2,3113.3,18,2,3113.5,335,4,3113.7,33,2
2031,2026-06-16 10:26:56+05:30,3112.6,17,3133.01,974755,115523.0,213905.0,3163.0,3163.0,3110.2,3134.3,31857600,3447.7,2820.9,3839.9,2896.0,3112.4,51,1,3112.3,73,2,3112.0,100,1,3111.9,134,2,3111.7,123,4,3112.7,239,7,3113.2,18,2,3113.3,74,3,3113.4,40,2,3113.5,331,4
2031,2026-06-16 10:26:57+05:30,3112.6,17,3133.01,974755,115523.0,213905.0,3163.0,3163.0,3110.2,3134.3,31857600,3447.7,2820.9,3839.9,2896.0,3112.4,51,1,3112.3,73,2,3112.0,100,1,3111.9,134,2,3111.7,123,4,3112.7,239,7,3113.2,18,2,3113.3,74,3,3113.4,40,2,3113.5,331,4
2031,2026-06-16 10:26:57+05:30,3112.6,3,3133.01,974797,115632.0,213912.0,3163.0,3163.0,3110.2,3134.3,31857600,3447.7,2820.9,3839.9,2896.0,3112.6,18,1,3112.4,51,1,3112.3,49,1,3112.0,100,1,3111.9,134,2,3112.7,239,7,3113.2,18,2,3113.3,74,3,3113.4,40,2,3113.5,352,5
2031,2026-06-16 10:26:58+05:30,3112.6,17,3133.01,974797,115632.0,213912.0,3163.0,3163.0,3110.2,3134.3,31857600,3447.7,2820.9,3839.9,2896.0,3112.6,18,1,3112.4,51,1,3112.3,49,1,3112.0,100,1,3111.9,134,2,3112.7,239,7,3113.2,18,2,3113.3,74,3,3113.4,40,2,3113.5,352,5
2031,2026-06-16 10:26:58+05:30,3112.7,1,3133.01,974815,115575.0,213929.0,3163.0,3163.0,3110.2,3134.3,31857600,3447.7,2820.9,3839.9,2896.0,3112.6,1,1,3112.4,51,1,3112.3,49,1,3112.0,100,1,3111.9,159,3,3112.7,267,8,3113.2,18,2,3113.3,95,4,3113.4,40,2,3113.5,331,4
2031,2026-06-16 10:26:59+05:30,3112.7,1,3133.01,974815,115575.0,213929.0,3163.0,3163.0,3110.2,3134.3,31857600,3447.7,2820.9,3839.9,2896.0,3112.6,1,1,3112.4,51,1,3112.3,49,1,3112.0,100,1,3111.9,159,3,3112.7,267,8,3113.2,18,2,3113.3,95,4,3113.4,40,2,3113.5,331,4
2031,2026-06-16 10:26:59+05:30,3112.6,3,3133.01,974819,115689.0,213930.0,3163.0,3163.0,3110.2,3134.3,31857600,3447.7,2820.9,3839.9,2896.0,3112.6,79,2,3112.4,51,1,3112.3,49,1,3112.0,100,1,3111.9,155,3,3112.7,267,8,3113.2,18,2,3113.3,74,3,3113.4,40,2,3113.5,331,4
2031,2026-06-16 10:27:00+05:30,3112.7,148,3133.01,974819,115689.0,213930.0,3163.0,3163.0,3110.2,3134.3,31857600,3447.7,2820.9,3839.9,2896.0,3112.6,79,2,3112.4,51,1,3112.3,49,1,3112.0,100,1,3111.9,155,3,3112.7,267,8,3113.2,18,2,3113.3,74,3,3113.4,40,2,3113.5,331,4
2031,2026-06-16 10:27:00+05:30,3112.7,2,3133.0,975238,115602.0,213199.0,3163.0,3163.0,3110.2,3134.3,31857600,3447.7,2820.9,3839.9,2896.0,3112.6,64,3,3112.4,51,1,3112.3,51,2,3112.0,149,4,3111.9,222,5,3112.7,45,3,3113.2,18,2,3113.3,18,2,3113.5,200,1,3113.6,45,1
2031,2026-06-16 10:27:01+05:30,3112.7,1,3133.0,975238,115602.0,213199.0,3163.0,3163.0,3110.2,3134.3,31857600,3447.7,2820.9,3839.9,2896.0,3112.6,64,3,3112.4,51,1,3112.3,51,2,3112.0,149,4,3111.9,222,5,3112.7,45,3,3113.2,18,2,3113.3,18,2,3113.5,200,1,3113.6,45,1
2031,2026-06-16 10:27:01+05:30,3112.7,1,3133.0,975293,115713.0,213830.0,3163.0,3163.0,3110.2,3134.3,31857600,3447.7,2820.9,3839.9,2896.0,3112.6,10,3,3112.4,51,1,3112.3,49,1,3112.0,102,2,3111.9,315,5,3112.7,168,4,3113.1,62,3,3113.2,18,2,3113.3,36,3,3113.4,76,3
2031,2026-06-16 10:27:02+05:30,3112.6,1,3133.0,975293,115713.0,213830.0,3163.0,3163.0,3110.2,3134.3,31857600,3447.7,2820.9,3839.9,2896.0,3112.6,10,3,3112.4,51,1,3112.3,49,1,3112.0,102,2,3111.9,315,5,3112.7,168,4,3113.1,62,3,3113.2,18,2,3113.3,36,3,3113.4,76,3
2031,2026-06-16 10:27:02+05:30,3112.6,1,3133.0,975310,115679.0,213843.0,3163.0,3163.0,3110.2,3134.3,31857600,3447.7,2820.9,3839.9,2896.0,3112.6,5,2,3112.4,51,1,3112.3,49,1,3112.0,102,2,3111.9,315,5,3112.7,170,5,3113.1,19,1,3113.2,48,3,3113.3,18,2,3113.4,45,2
2031,2026-06-16 10:27:03+05:30,3112.7,18,3133.0,975310,115679.0,213843.0,3163.0,3163.0,3110.2,3134.3,31857600,3447.7,2820.9,3839.9,2896.0,3112.6,5,2,3112.4,51,1,3112.3,49,1,3112.0,102,2,3111.9,315,5,3112.7,170,5,3113.1,19,1,3113.2,48,3,3113.3,18,2,3113.4,45,2
2031,2026-06-16 10:27:03+05:30,3112.7,3,3132.99,975518,115623.0,213523.0,3163.0,3163.0,3110.2,3134.3,31857600,3447.7,2820.9,3839.9,2896.0,3112.6,5,2,3112.4,51,1,3112.3,49,1,3112.0,100,1,3111.9,255,4,3112.7,13,1,3112.8,54,3,3113.0,29,2,3113.1,72,2,3113.2,61,4
2031,2026-06-16 10:27:04+05:30,3112.6,1,3132.99,975518,115623.0,213523.0,3163.0,3163.0,3110.2,3134.3,31857600,3447.7,2820.9,3839.9,2896.0,3112.6,5,2,3112.4,51,1,3112.3,49,1,3112.0,100,1,3111.9,255,4,3112.7,13,1,3112.8,54,3,3113.0,29,2,3113.1,72,2,3113.2,61,4
2031,2026-06-16 10:27:04+05:30,3111.3,1,3132.97,976339,112061.0,215609.0,3163.0,3163.0,3110.2,3134.3,31857600,3447.7,2820.9,3839.9,2896.0,3111.0,1150,10,3110.9,18,2,3110.7,25,1,3110.6,63,2,3110.5,56,4,3111.3,191,1,3112.2,83,4,3112.3,131,3,3112.4,479,5,3112.5,13,1
2031,2026-06-16 10:27:05+05:30,3111.0,102,3132.97,976339,112061.0,215609.0,3163.0,3163.0,3110.2,3134.3,31857600,3447.7,2820.9,3839.9,2896.0,3111.0,1150,10,3110.9,18,2,3110.7,25,1,3110.6,63,2,3110.5,56,4,3111.3,191,1,3112.2,83,4,3112.3,131,3,3112.4,479,5,3112.5,13,1
2031,2026-06-16 10:27:05+05:30,3110.7,8,3132.94,977823,109804.0,217826.0,3163.0,3163.0,3110.2,3134.3,31857600,3447.7,2820.9,3839.9,2896.0,3110.1,46,3,3110.0,2408,63,3109.9,1,1,3109.7,2,1,3109.6,221,2,3110.7,125,6,3110.8,38,2,3110.9,58,3,3111.0,85,5,3111.1,226,3
2031,2026-06-16 10:27:06+05:30,3110.0,2,3132.94,977823,109804.0,217826.0,3163.0,3163.0,3110.2,3134.3,31857600,3447.7,2820.9,3839.9,2896.0,3110.1,46,3,3110.0,2408,63,3109.9,1,1,3109.7,2,1,3109.6,221,2,3110.7,125,6,3110.8,38,2,3110.9,58,3,3111.0,85,5,3111.1,226,3
2031,2026-06-16 10:27:06+05:30,3110.1,18,3132.86,981291,106521.0,215085.0,3163.0,3163.0,3110.0,3134.3,31857600,3447.7,2820.9,3839.9,2896.0,3110.0,100,1,3109.9,1,1,3109.7,2,1,3109.6,200,1,3109.2,22,1,3110.3,23,2,3110.4,51,2,3110.5,25,2,3110.6,225,3,3110.7,107,2
2031,2026-06-16 10:27:07+05:30,3109.6,174,3132.86,981291,106521.0,215085.0,3163.0,3163.0,3110.0,3134.3,31857600,3447.7,2820.9,3839.9,2896.0,3110.0,100,1,3109.9,1,1,3109.7,2,1,3109.6,200,1,3109.2,22,1,3110.3,23,2,3110.4,51,2,3110.5,25,2,3110.6,225,3,3110.7,107,2
2031,2026-06-16 10:27:07+05:30,3109.5,1,3132.84,982062,106856.0,217173.0,3163.0,3163.0,3109.5,3134.3,31857600,3447.7,2820.9,3839.9,2896.0,3109.1,16,1,3109.0,523,7,3108.9,5,2,3108.5,43,2,3108.4,46,2,3109.5,200,2,3110.0,228,3,3110.1,17,1,3110.2,19,1,3110.3,224,4
2031,2026-06-16 10:27:08+05:30,3109.5,1,3132.84,982062,106856.0,217173.0,3163.0,3163.0,3109.5,3134.3,31857600,3447.7,2820.9,3839.9,2896.0,3109.1,16,1,3109.0,523,7,3108.9,5,2,3108.5,43,2,3108.4,46,2,3109.5,200,2,3110.0,228,3,3110.1,17,1,3110.2,19,1,3110.3,224,4
2031,2026-06-16 10:27:08+05:30,3108.0,16,3132.8,983943,105257.0,217109.0,3163.0,3163.0,3108.0,3134.3,31857600,3447.7,2820.9,3839.9,2896.0,3108.1,17,1,3108.0,522,6,3107.9,40,2,3107.8,56,3,3107.7,87,4,3109.2,200,1,3109.5,57,4,3109.6,9,1,3109.8,270,4,3109.9,13,1
2031,2026-06-16 10:27:09+05:30,3109.2,5,3132.8,983943,105257.0,217109.0,3163.0,3163.0,3108.0,3134.3,31857600,3447.7,2820.9,3839.9,2896.0,3108.1,17,1,3108.0,522,6,3107.9,40,2,3107.8,56,3,3107.7,87,4,3109.2,200,1,3109.5,57,4,3109.6,9,1,3109.8,270,4,3109.9,13,1
2031,2026-06-16 10:27:09+05:30,3108.0,183,3132.79,984148,104608.0,217491.0,3163.0,3163.0,3108.0,3134.3,31857600,3447.7,2820.9,3839.9,2896.0,3108.1,13,2,3108.0,319,4,3107.7,72,2,3107.6,3,1,3107.5,99,4,3109.0,200,1,3109.1,35,2,3109.2,222,3,3109.3,31,2,3109.4,19,1
2031,2026-06-16 10:27:10+05:30,3108.0,183,3132.79,984148,104608.0,217491.0,3163.0,3163.0,3108.0,3134.3,31857600,3447.7,2820.9,3839.9,2896.0,3108.1,13,2,3108.0,319,4,3107.7,72,2,3107.6,3,1,3107.5,99,4,3109.0,200,1,3109.1,35,2,3109.2,222,3,3109.3,31,2,3109.4,19,1
2031,2026-06-16 10:27:10+05:30,3108.9,41,3132.78,984555,106215.0,217089.0,3163.0,3163.0,3108.0,3134.3,31857600,3447.7,2820.9,3839.9,2896.0,3108.1,41,3,3108.0,389,10,3107.9,46,2,3107.7,90,3,3107.6,13,2,3108.9,24,1,3109.2,3,1,3109.4,200,1,3109.5,44,2,3109.7,29,1
2031,2026-06-16 10:27:11+05:30,3108.9,41,3132.78,984555,106215.0,217089.0,3163.0,3163.0,3108.0,3134.3,31857600,3447.7,2820.9,3839.9,2896.0,3108.1,41,3,3108.0,389,10,3107.9,46,2,3107.7,90,3,3107.6,13,2,3108.9,24,1,3109.2,3,1,3109.4,200,1,3109.5,44,2,3109.7,29,1
2031,2026-06-16 10:27:11+05:30,3108.9,1,3132.78,984557,106406.0,216558.0,3163.0,3163.0,3108.0,3134.3,31857600,3447.7,2820.9,3839.9,2896.0,3108.2,57,3,3108.1,113,5,3108.0,431,11,3107.9,23,1,3107.8,116,4,3108.9,22,1,3109.2,3,1,3109.4,200,1,3109.5,44,2,3109.9,88,2
2031,2026-06-16 10:27:12+05:30,3108.9,1,3132.78,984557,106406.0,216558.0,3163.0,3163.0,3108.0,3134.3,31857600,3447.7,2820.9,3839.9,2896.0,3108.2,57,3,3108.1,113,5,3108.0,431,11,3107.9,23,1,3107.8,116,4,3108.9,22,1,3109.2,3,1,3109.4,200,1,3109.5,44,2,3109.9,88,2
2031,2026-06-16 10:27:12+05:30,3108.9,1,3132.78,984557,106452.0,216712.0,3163.0,3163.0,3108.0,3134.3,31857600,3447.7,2820.9,3839.9,2896.0,3108.2,57,3,3108.1,113,5,3108.0,453,12,3107.9,23,1,3107.8,116,4,3108.9,22,1,3109.2,3,1,3109.4,200,1,3109.5,44,2,3109.9,13,1
2031,2026-06-16 10:27:13+05:30,3108.9,14,3132.77,984891,108143.0,216942.0,3163.0,3163.0,3108.0,3134.3,31857600,3447.7,2820.9,3839.9,2896.0,3108.9,8,2,3108.8,23,2,3108.7,8,1,3108.6,67,3,3108.5,89,4,3109.4,200,1,3110.0,209,2,3110.2,19,1,3110.3,14,1,3110.4,244,3
2031,2026-06-16 10:27:14+05:30,3108.9,14,3132.77,984891,108143.0,216942.0,3163.0,3163.0,3108.0,3134.3,31857600,3447.7,2820.9,3839.9,2896.0,3108.9,8,2,3108.8,23,2,3108.7,8,1,3108.6,67,3,3108.5,89,4,3109.4,200,1,3110.0,209,2,3110.2,19,1,3110.3,14,1,3110.4,244,3
2031,2026-06-16 10:27:14+05:30,3108.9,14,3132.77,984891,108127.0,217253.0,3163.0,3163.0,3108.0,3134.3,31857600,3447.7,2820.9,3839.9,2896.0,3108.9,8,2,3108.8,23,2,3108.7,8,1,3108.6,26,2,3108.5,92,4,3109.4,211,2,3110.0,272,3,3110.2,40,2,3110.3,214,2,3110.4,244,3
2031,2026-06-16 10:27:15+05:30,3110.0,63,3132.76,985374,109182.0,213695.0,3163.0,3163.0,3108.0,3134.3,31857600,3447.7,2820.9,3839.9,2896.0,3109.5,40,3,3109.4,13,1,3109.3,117,4,3109.2,28,3,3109.1,21,1,3110.8,104,6,3110.9,17,1,3111.0,46,3,3111.2,126,5,3111.3,230,2
2031,2026-06-16 10:27:16+05:30,3110.0,63,3132.76,985374,109182.0,213695.0,3163.0,3163.0,3108.0,3134.3,31857600,3447.7,2820.9,3839.9,2896.0,3109.5,40,3,3109.4,13,1,3109.3,117,4,3109.2,28,3,3109.1,21,1,3110.8,104,6,3110.9,17,1,3111.0,46,3,3111.2,126,5,3111.3,230,2
2031,2026-06-16 10:27:17+05:30,3110.8,1,3132.76,985375,110525.0,212020.0,3163.0,3163.0,3108.0,3134.3,31857600,3447.7,2820.9,3839.9,2896.0,3110.0,10,1,3109.5,255,4,3109.4,72,3,3109.3,62,3,3109.2,53,5,3110.8,76,5,3110.9,68,3,3111.0,46,3,3111.1,200,1,3111.2,45,3
2031,2026-06-16 10:27:17+05:30,3110.8,1,3132.76,985375,110525.0,212020.0,3163.0,3163.0,3108.0,3134.3,31857600,3447.7,2820.9,3839.9,2896.0,3110.0,10,1,3109.5,255,4,3109.4,72,3,3109.3,62,3,3109.2,53,5,3110.8,76,5,3110.9,68,3,3111.0,46,3,3111.1,200,1,3111.2,45,3
2031,2026-06-16 10:27:18+05:30,3110.8,1,3132.76,985375,110525.0,212020.0,3163.0,3163.0,3108.0,3134.3,31857600,3447.7,2820.9,3839.9,2896.0,3110.0,10,1,3109.5,255,4,3109.4,72,3,3109.3,62,3,3109.2,53,5,3110.8,76,5,3110.9,68,3,3111.0,46,3,3111.1,200,1,3111.2,45,3
2031,2026-06-16 10:27:18+05:30,3110.8,1,3132.76,985376,110644.0,214625.0,3163.0,3163.0,3108.0,3134.3,31857600,3447.7,2820.9,3839.9,2896.0,3110.0,47,2,3109.7,50,1,3109.6,24,1,3109.5,30,2,3109.4,73,4,3110.8,27,2,3110.9,38,2,3111.0,246,4,3111.1,19,1,3111.2,45,3
2031,2026-06-16 10:27:19+05:30,3110.8,1,3132.76,985376,110613.0,214833.0,3163.0,3163.0,3108.0,3134.3,31857600,3447.7,2820.9,3839.9,2896.0,3110.0,73,3,3109.7,50,1,3109.5,30,2,3109.4,73,4,3109.3,62,3,3110.8,27,2,3110.9,238,3,3111.0,65,4,3111.2,45,3,3111.3,91,2
2031,2026-06-16 10:27:20+05:30,3110.0,153,3132.76,985576,109816.0,214569.0,3163.0,3163.0,3108.0,3134.3,31857600,3447.7,2820.9,3839.9,2896.0,3110.0,26,1,3109.5,14,1,3109.4,51,2,3109.3,67,3,3109.2,60,3,3110.8,267,5,3110.9,53,2,3111.0,65,4,3111.1,13,1,3111.2,63,4
2031,2026-06-16 10:27:20+05:30,3110.0,153,3132.76,985576,109816.0,214569.0,3163.0,3163.0,3108.0,3134.3,31857600,3447.7,2820.9,3839.9,2896.0,3110.0,26,1,3109.5,14,1,3109.4,51,2,3109.3,67,3,3109.2,60,3,3110.8,267,5,3110.9,53,2,3111.0,65,4,3111.1,13,1,3111.2,63,4
2031,2026-06-16 10:27:21+05:30,3110.0,16,3132.75,986002,110212.0,214270.0,3163.0,3163.0,3108.0,3134.3,31857600,3447.7,2820.9,3839.9,2896.0,3110.0,10,1,3109.5,14,1,3109.3,57,2,3109.1,258,3,3109.0,321,3,3110.8,17,1,3110.9,101,5,3111.0,30,2,3111.1,133,3,3111.2,248,4
2031,2026-06-16 10:27:21+05:30,3110.0,16,3132.75,986002,110212.0,214270.0,3163.0,3163.0,3108.0,3134.3,31857600,3447.7,2820.9,3839.9,2896.0,3110.0,10,1,3109.5,14,1,3109.3,57,2,3109.1,258,3,3109.0,321,3,3110.8,17,1,3110.9,101,5,3111.0,30,2,3111.1,133,3,3111.2,248,4
2031,2026-06-16 10:27:22+05:30,3109.5,100,3132.74,986202,109403.0,213676.0,3163.0,3163.0,3108.0,3134.3,31857600,3447.7,2820.9,3839.9,2896.0,3109.6,10,1,3109.5,46,2,3109.4,10,1,3109.3,46,2,3109.2,58,1,3110.0,20,1,3110.7,58,3,3110.8,10,2,3110.9,13,1,3111.0,53,2
2031,2026-06-16 10:27:22+05:30,3110.0,1,3132.74,986202,109403.0,213676.0,3163.0,3163.0,3108.0,3134.3,31857600,3447.7,2820.9,3839.9,2896.0,3109.6,10,1,3109.5,46,2,3109.4,10,1,3109.3,46,2,3109.2,58,1,3110.0,20,1,3110.7,58,3,3110.8,10,2,3110.9,13,1,3111.0,53,2
2031,2026-06-16 10:27:23+05:30,3110.0,1,3132.74,986203,109557.0,213667.0,3163.0,3163.0,3108.0,3134.3,31857600,3447.7,2820.9,3839.9,2896.0,3109.6,10,1,3109.5,72,3,3109.4,12,2,3109.3,77,2,3109.2,127,4,3110.0,32,2,3110.7,39,2,3110.8,10,2,3111.0,53,2,3111.2,47,2
2031,2026-06-16 10:27:24+05:30,3111.0,19,3132.74,986303,109574.0,213865.0,3163.0,3163.0,3108.0,3134.3,31857600,3447.7,2820.9,3839.9,2896.0,3109.5,14,1,3109.4,2,1,3109.3,19,1,3109.2,42,2,3109.1,21,1,3110.7,39,2,3110.8,39,2,3110.9,91,3,3111.0,33,2,3111.1,21,1
2031,2026-06-16 10:27:24+05:30,3111.0,19,3132.74,986303,109574.0,213865.0,3163.0,3163.0,3108.0,3134.3,31857600,3447.7,2820.9,3839.9,2896.0,3109.5,14,1,3109.4,2,1,3109.3,19,1,3109.2,42,2,3109.1,21,1,3110.7,39,2,3110.8,39,2,3110.9,91,3,3111.0,33,2,3111.1,21,1
2031,2026-06-16 10:27:25+05:30,3109.5,184,3132.73,986514,109485.0,213630.0,3163.0,3163.0,3108.0,3134.3,31857600,3447.7,2820.9,3839.9,2896.0,3109.5,78,4,3109.4,18,2,3109.3,32,3,3109.2,115,4,3109.1,42,2,3110.0,62,1,3110.9,20,1,3111.0,15,1,3111.2,67,3,3111.3,49,2
2031,2026-06-16 10:27:25+05:30,3109.5,184,3132.73,986514,109485.0,213630.0,3163.0,3163.0,3108.0,3134.3,31857600,3447.7,2820.9,3839.9,2896.0,3109.5,78,4,3109.4,18,2,3109.3,32,3,3109.2,115,4,3109.1,42,2,3110.0,62,1,3110.9,20,1,3111.0,15,1,3111.2,67,3,3111.3,49,2
2031,2026-06-16 10:27:25+05:30,3109.5,184,3132.73,986514,109485.0,213630.0,3163.0,3163.0,3108.0,3134.3,31857600,3447.7,2820.9,3839.9,2896.0,3109.5,78,4,3109.4,18,2,3109.3,32,3,3109.2,115,4,3109.1,42,2,3110.0,62,1,3110.9,20,1,3111.0,15,1,3111.2,67,3,3111.3,49,2
2031,2026-06-16 10:27:25+05:30,3110.0,9,3132.73,986523,109407.0,213675.0,3163.0,3163.0,3108.0,3134.3,31857600,3447.7,2820.9,3839.9,2896.0,3109.6,26,1,3109.5,126,6,3109.4,53,4,3109.3,32,3,3109.2,92,3,3110.0,31,1,3110.9,20,1,3111.0,15,1,3111.2,54,3,3111.3,49,2
2031,2026-06-16 10:27:26+05:30,3110.0,1,3132.73,986523,109407.0,213675.0,3163.0,3163.0,3108.0,3134.3,31857600,3447.7,2820.9,3839.9,2896.0,3109.6,26,1,3109.5,126,6,3109.4,53,4,3109.3,32,3,3109.2,92,3,3110.0,31,1,3110.9,20,1,3111.0,15,1,3111.2,54,3,3111.3,49,2
2031,2026-06-16 10:27:26+05:30,3110.0,1,3132.73,986523,109407.0,213675.0,3163.0,3163.0,3108.0,3134.3,31857600,3447.7,2820.9,3839.9,2896.0,3109.6,26,1,3109.5,126,6,3109.4,53,4,3109.3,32,3,3109.2,92,3,3110.0,31,1,3110.9,20,1,3111.0,15,1,3111.2,54,3,3111.3,49,2
2031,2026-06-16 10:27:26+05:30,3111.2,5,3132.73,986580,110428.0,211318.0,3163.0,3163.0,3108.0,3134.3,31857600,3447.7,2820.9,3839.9,2896.0,3109.6,75,2,3109.5,128,5,3109.4,59,2,3109.3,259,3,3109.2,148,4,3111.0,106,6,3111.1,68,3,3111.2,305,6,3111.3,53,3,3111.5,21,1
2031,2026-06-16 10:27:27+05:30,3111.2,5,3132.73,986580,110428.0,211318.0,3163.0,3163.0,3108.0,3134.3,31857600,3447.7,2820.9,3839.9,2896.0,3109.6,75,2,3109.5,128,5,3109.4,59,2,3109.3,259,3,3109.2,148,4,3111.0,106,6,3111.1,68,3,3111.2,305,6,3111.3,53,3,3111.5,21,1
2031,2026-06-16 10:27:27+05:30,3110.0,1,3132.73,986587,110064.0,214063.0,3163.0,3163.0,3108.0,3134.3,31857600,3447.7,2820.9,3839.9,2896.0,3109.8,21,1,3109.6,37,1,3109.5,91,3,3109.4,100,4,3109.3,48,1,3110.0,20,1,3111.0,69,4,3111.1,200,1,3111.2,72,3,3111.3,76,2
2031,2026-06-16 10:27:28+05:30,3110.0,1,3132.73,986587,110064.0,214063.0,3163.0,3163.0,3108.0,3134.3,31857600,3447.7,2820.9,3839.9,2896.0,3109.8,21,1,3109.6,37,1,3109.5,91,3,3109.4,100,4,3109.3,48,1,3110.0,20,1,3111.0,69,4,3111.1,200,1,3111.2,72,3,3111.3,76,2
2031,2026-06-16 10:27:28+05:30,3110.0,1,3132.73,986587,110064.0,214063.0,3163.0,3163.0,3108.0,3134.3,31857600,3447.7,2820.9,3839.9,2896.0,3109.8,21,1,3109.6,37,1,3109.5,91,3,3109.4,100,4,3109.3,48,1,3110.0,20,1,3111.0,69,4,3111.1,200,1,3111.2,72,3,3111.3,76,2
2031,2026-06-16 10:27:28+05:30,3110.0,1,3132.73,986587,109951.0,214278.0,3163.0,3163.0,3108.0,3134.3,31857600,3447.7,2820.9,3839.9,2896.0,3109.8,61,2,3109.6,37,1,3109.5,39,1,3109.4,59,2,3109.3,48,1,3110.0,24,2,3110.4,49,2,3110.6,17,1,3110.7,49,2,3110.8,283,3
2031,2026-06-16 10:27:29+05:30,3109.8,15,3132.73,986587,109951.0,214278.0,3163.0,3163.0,3108.0,3134.3,31857600,3447.7,2820.9,3839.9,2896.0,3109.8,61,2,3109.6,37,1,3109.5,39,1,3109.4,59,2,3109.3,48,1,3110.0,24,2,3110.4,49,2,3110.6,17,1,3110.7,49,2,3110.8,283,3
2031,2026-06-16 10:27:29+05:30,3109.8,15,3132.73,986602,109901.0,214968.0,3163.0,3163.0,3108.0,3134.3,31857600,3447.7,2820.9,3839.9,2896.0,3109.8,46,2,3109.6,37,1,3109.5,39,1,3109.4,59,2,3109.3,48,1,3110.0,24,2,3110.3,200,1,3110.4,49,2,3110.6,17,1,3110.7,67,3
2031,2026-06-16 10:27:30+05:30,3109.8,15,3132.73,986602,109901.0,214968.0,3163.0,3163.0,3108.0,3134.3,31857600,3447.7,2820.9,3839.9,2896.0,3109.8,46,2,3109.6,37,1,3109.5,39,1,3109.4,59,2,3109.3,48,1,3110.0,24,2,3110.3,200,1,3110.4,49,2,3110.6,17,1,3110.7,67,3
2031,2026-06-16 10:27:30+05:30,3110.3,1,3132.73,986628,110448.0,215165.0,3163.0,3163.0,3108.0,3134.3,31857600,3447.7,2820.9,3839.9,2896.0,3110.0,40,2,3109.9,2,2,3109.8,49,3,3109.6,37,1,3109.5,39,1,3110.3,217,2,3111.0,238,6,3111.2,259,3,3111.3,291,6,3111.5,453,4
2031,2026-06-16 10:27:31+05:30,3110.3,18,3132.73,986628,110448.0,215165.0,3163.0,3163.0,3108.0,3134.3,31857600,3447.7,2820.9,3839.9,2896.0,3110.0,40,2,3109.9,2,2,3109.8,49,3,3109.6,37,1,3109.5,39,1,3110.3,217,2,3111.0,238,6,3111.2,259,3,3111.3,291,6,3111.5,453,4
2031,2026-06-16 10:27:31+05:30,3110.0,16,3132.73,986929,110541.0,213479.0,3163.0,3163.0,3108.0,3134.3,31857600,3447.7,2820.9,3839.9,2896.0,3110.0,221,2,3109.9,2,2,3109.8,49,3,3109.6,37,1,3109.5,39,1,3110.9,113,6,3111.0,285,3,3111.1,121,3,3111.2,27,2,3111.3,96,4
2031,2026-06-16 10:27:32+05:30,3110.0,16,3132.73,986929,110541.0,213479.0,3163.0,3163.0,3108.0,3134.3,31857600,3447.7,2820.9,3839.9,2896.0,3110.0,221,2,3109.9,2,2,3109.8,49,3,3109.6,37,1,3109.5,39,1,3110.9,113,6,3111.0,285,3,3111.1,121,3,3111.2,27,2,3111.3,96,4
2031,2026-06-16 10:27:32+05:30,3110.0,16,3132.73,986929,110541.0,213479.0,3163.0,3163.0,3108.0,3134.3,31857600,3447.7,2820.9,3839.9,2896.0,3110.0,221,2,3109.9,2,2,3109.8,49,3,3109.6,37,1,3109.5,39,1,3110.9,113,6,3111.0,285,3,3111.1,121,3,3111.2,27,2,3111.3,96,4
2031,2026-06-16 10:27:32+05:30,3110.0,179,3132.72,987200,109024.0,212140.0,3163.0,3163.0,3108.0,3134.3,31857600,3447.7,2820.9,3839.9,2896.0,3110.0,21,1,3109.9,2,2,3109.8,75,4,3109.6,37,1,3109.5,39,1,3110.1,129,1,3110.4,19,1,3110.5,30,1,3110.7,41,3,3110.8,189,2
2031,2026-06-16 10:27:33+05:30,3110.0,27,3132.72,987200,109024.0,212140.0,3163.0,3163.0,3108.0,3134.3,31857600,3447.7,2820.9,3839.9,2896.0,3110.0,21,1,3109.9,2,2,3109.8,75,4,3109.6,37,1,3109.5,39,1,3110.1,129,1,3110.4,19,1,3110.5,30,1,3110.7,41,3,3110.8,189,2
2031,2026-06-16 10:27:33+05:30,3110.0,27,3132.72,987200,109024.0,212140.0,3163.0,3163.0,3108.0,3134.3,31857600,3447.7,2820.9,3839.9,2896.0,3110.0,21,1,3109.9,2,2,3109.8,75,4,3109.6,37,1,3109.5,39,1,3110.1,129,1,3110.4,19,1,3110.5,30,1,3110.7,41,3,3110.8,189,2
2031,2026-06-16 10:27:33+05:30,3110.1,28,3132.72,987276,109632.0,214291.0,3163.0,3163.0,3108.0,3134.3,31857600,3447.7,2820.9,3839.9,2896.0,3110.0,60,2,3109.9,2,2,3109.8,75,4,3109.6,37,1,3109.5,39,1,3110.1,101,1,3110.4,19,1,3110.6,16,1,3110.7,55,3,3110.8,370,3
2031,2026-06-16 10:27:34+05:30,3110.0,13,3132.72,987276,109632.0,214291.0,3163.0,3163.0,3108.0,3134.3,31857600,3447.7,2820.9,3839.9,2896.0,3110.0,60,2,3109.9,2,2,3109.8,75,4,3109.6,37,1,3109.5,39,1,3110.1,101,1,3110.4,19,1,3110.6,16,1,3110.7,55,3,3110.8,370,3
2031,2026-06-16 10:27:34+05:30,3110.0,13,3132.72,987276,109632.0,214291.0,3163.0,3163.0,3108.0,3134.3,31857600,3447.7,2820.9,3839.9,2896.0,3110.0,60,2,3109.9,2,2,3109.8,75,4,3109.6,37,1,3109.5,39,1,3110.1,101,1,3110.4,19,1,3110.6,16,1,3110.7,55,3,3110.8,370,3
2031,2026-06-16 10:27:34+05:30,3110.0,10,3132.72,987322,110292.0,214275.0,3163.0,3163.0,3108.0,3134.3,31857600,3447.7,2820.9,3839.9,2896.0,3110.0,63,3,3109.9,2,2,3109.8,49,3,3109.6,37,1,3109.5,39,1,3110.1,102,2,3110.6,16,1,3110.7,236,4,3110.8,20,1,3110.9,55,1
2031,2026-06-16 10:27:35+05:30,3110.0,10,3132.72,987322,110292.0,214275.0,3163.0,3163.0,3108.0,3134.3,31857600,3447.7,2820.9,3839.9,2896.0,3110.0,63,3,3109.9,2,2,3109.8,49,3,3109.6,37,1,3109.5,39,1,3110.1,102,2,3110.6,16,1,3110.7,236,4,3110.8,20,1,3110.9,55,1
2031,2026-06-16 10:27:35+05:30,3110.0,10,3132.72,987322,110292.0,214275.0,3163.0,3163.0,3108.0,3134.3,31857600,3447.7,2820.9,3839.9,2896.0,3110.0,63,3,3109.9,2,2,3109.8,49,3,3109.6,37,1,3109.5,39,1,3110.1,102,2,3110.6,16,1,3110.7,236,4,3110.8,20,1,3110.9,55,1
2031,2026-06-16 10:27:35+05:30,3110.7,1,3132.71,987441,110304.0,214295.0,3163.0,3163.0,3108.0,3134.3,31857600,3447.7,2820.9,3839.9,2896.0,3110.0,25,4,3109.8,71,4,3109.6,37,1,3109.5,39,1,3109.4,2,1,3110.7,216,3,3110.9,21,1,3111.0,130,3,3111.1,87,3,3111.2,55,1
2031,2026-06-16 10:27:36+05:30,3110.7,1,3132.71,987441,110304.0,214295.0,3163.0,3163.0,3108.0,3134.3,31857600,3447.7,2820.9,3839.9,2896.0,3110.0,25,4,3109.8,71,4,3109.6,37,1,3109.5,39,1,3109.4,2,1,3110.7,216,3,3110.9,21,1,3111.0,130,3,3111.1,87,3,3111.2,55,1
2031,2026-06-16 10:27:36+05:30,3110.7,1,3132.71,987441,110304.0,214295.0,3163.0,3163.0,3108.0,3134.3,31857600,3447.7,2820.9,3839.9,2896.0,3110.0,25,4,3109.8,71,4,3109.6,37,1,3109.5,39,1,3109.4,2,1,3110.7,216,3,3110.9,21,1,3111.0,130,3,3111.1,87,3,3111.2,55,1
2031,2026-06-16 10:27:36+05:30,3110.7,1,3132.71,987441,110268.0,214504.0,3163.0,3163.0,3108.0,3134.3,31857600,3447.7,2820.9,3839.9,2896.0,3110.0,51,5,3109.8,49,3,3109.6,37,1,3109.5,39,1,3109.4,2,1,3110.7,35,2,3110.9,365,2,3111.0,121,3,3111.1,45,1,3111.2,85,2
2031,2026-06-16 10:27:37+05:30,3110.7,1,3132.71,987441,110268.0,214504.0,3163.0,3163.0,3108.0,3134.3,31857600,3447.7,2820.9,3839.9,2896.0,3110.0,51,5,3109.8,49,3,3109.6,37,1,3109.5,39,1,3109.4,2,1,3110.7,35,2,3110.9,365,2,3111.0,121,3,3111.1,45,1,3111.2,85,2
2031,2026-06-16 10:27:37+05:30,3110.7,1,3132.71,987442,110539.0,214574.0,3163.0,3163.0,3108.0,3134.3,31857600,3447.7,2820.9,3839.9,2896.0,3110.0,101,6,3109.8,49,3,3109.6,37,1,3109.5,39,1,3109.4,2,1,3110.7,34,2,3110.9,430,4,3111.0,121,3,3111.1,45,1,3111.2,55,1
2031,2026-06-16 10:27:37+05:30,3110.7,1,3132.71,987442,110539.0,214574.0,3163.0,3163.0,3108.0,3134.3,31857600,3447.7,2820.9,3839.9,2896.0,3110.0,101,6,3109.8,49,3,3109.6,37,1,3109.5,39,1,3109.4,2,1,3110.7,34,2,3110.9,430,4,3111.0,121,3,3111.1,45,1,3111.2,55,1
2031,2026-06-16 10:27:38+05:30,3110.7,1,3132.71,987442,110539.0,214574.0,3163.0,3163.0,3108.0,3134.3,31857600,3447.7,2820.9,3839.9,2896.0,3110.0,101,6,3109.8,49,3,3109.6,37,1,3109.5,39,1,3109.4,2,1,3110.7,34,2,3110.9,430,4,3111.0,121,3,3111.1,45,1,3111.2,55,1
2031,2026-06-16 10:27:38+05:30,3110.7,1,3132.71,987442,110539.0,214574.0,3163.0,3163.0,3108.0,3134.3,31857600,3447.7,2820.9,3839.9,2896.0,3110.0,101,6,3109.8,49,3,3109.6,37,1,3109.5,39,1,3109.4,2,1,3110.7,34,2,3110.9,430,4,3111.0,121,3,3111.1,45,1,3111.2,55,1
2031,2026-06-16 10:27:38+05:30,3110.1,60,3132.71,987589,109885.0,214246.0,3163.0,3163.0,3108.0,3134.3,31857600,3447.7,2820.9,3839.9,2896.0,3110.0,101,6,3109.8,41,2,3109.6,37,1,3109.5,39,1,3109.4,2,1,3110.1,54,1,3110.6,49,2,3110.7,33,2,3110.8,176,3,3110.9,291,4
2031,2026-06-16 10:27:39+05:30,3110.0,11,3132.71,987589,109885.0,214246.0,3163.0,3163.0,3108.0,3134.3,31857600,3447.7,2820.9,3839.9,2896.0,3110.0,101,6,3109.8,41,2,3109.6,37,1,3109.5,39,1,3109.4,2,1,3110.1,54,1,3110.6,49,2,3110.7,33,2,3110.8,176,3,3110.9,291,4
2031,2026-06-16 10:27:39+05:30,3110.0,11,3132.71,987589,109885.0,214246.0,3163.0,3163.0,3108.0,3134.3,31857600,3447.7,2820.9,3839.9,2896.0,3110.0,101,6,3109.8,41,2,3109.6,37,1,3109.5,39,1,3109.4,2,1,3110.1,54,1,3110.6,49,2,3110.7,33,2,3110.8,176,3,3110.9,291,4
2031,2026-06-16 10:27:39+05:30,3110.1,2,3132.7,987826,109786.0,213936.0,3163.0,3163.0,3108.0,3134.3,31857600,3447.7,2820.9,3839.9,2896.0,3110.0,40,3,3109.8,41,2,3109.6,37,1,3109.5,39,1,3109.4,2,1,3110.1,90,3,3110.2,19,1,3110.3,30,1,3110.4,19,1,3110.6,35,2
2031,2026-06-16 10:27:40+05:30,3110.1,2,3132.7,987826,109786.0,213936.0,3163.0,3163.0,3108.0,3134.3,31857600,3447.7,2820.9,3839.9,2896.0,3110.0,40,3,3109.8,41,2,3109.6,37,1,3109.5,39,1,3109.4,2,1,3110.1,90,3,3110.2,19,1,3110.3,30,1,3110.4,19,1,3110.6,35,2
2031,2026-06-16 10:27:40+05:30,3110.1,2,3132.7,987826,109786.0,213936.0,3163.0,3163.0,3108.0,3134.3,31857600,3447.7,2820.9,3839.9,2896.0,3110.0,40,3,3109.8,41,2,3109.6,37,1,3109.5,39,1,3109.4,2,1,3110.1,90,3,3110.2,19,1,3110.3,30,1,3110.4,19,1,3110.6,35,2
2031,2026-06-16 10:27:40+05:30,3110.1,7,3132.7,987841,110126.0,213950.0,3163.0,3163.0,3108.0,3134.3,31857600,3447.7,2820.9,3839.9,2896.0,3110.0,85,5,3109.8,40,1,3109.6,37,1,3109.5,39,1,3109.4,2,1,3110.1,75,3,3110.6,19,1,3110.7,46,2,3110.8,42,2,3110.9,56,2
2031,2026-06-16 10:27:41+05:30,3110.0,22,3132.7,987841,110126.0,213950.0,3163.0,3163.0,3108.0,3134.3,31857600,3447.7,2820.9,3839.9,2896.0,3110.0,85,5,3109.8,40,1,3109.6,37,1,3109.5,39,1,3109.4,2,1,3110.1,75,3,3110.6,19,1,3110.7,46,2,3110.8,42,2,3110.9,56,2
2031,2026-06-16 10:27:41+05:30,3110.0,22,3132.7,987841,110126.0,213950.0,3163.0,3163.0,3108.0,3134.3,31857600,3447.7,2820.9,3839.9,2896.0,3110.0,85,5,3109.8,40,1,3109.6,37,1,3109.5,39,1,3109.4,2,1,3110.1,75,3,3110.6,19,1,3110.7,46,2,3110.8,42,2,3110.9,56,2
2031,2026-06-16 10:27:41+05:30,3110.0,9,3132.7,987893,110110.0,214022.0,3163.0,3163.0,3108.0,3134.3,31857600,3447.7,2820.9,3839.9,2896.0,3110.0,82,3,3109.8,53,2,3109.6,37,1,3109.5,39,1,3109.4,2,1,3110.1,123,5,3110.5,29,1,3110.6,19,1,3110.7,16,1,3110.8,59,3
2031,2026-06-16 10:27:42+05:30,3110.0,9,3132.7,987893,110110.0,214022.0,3163.0,3163.0,3108.0,3134.3,31857600,3447.7,2820.9,3839.9,2896.0,3110.0,82,3,3109.8,53,2,3109.6,37,1,3109.5,39,1,3109.4,2,1,3110.1,123,5,3110.5,29,1,3110.6,19,1,3110.7,16,1,3110.8,59,3
2031,2026-06-16 10:27:42+05:30,3110.1,47,3132.7,988049,110562.0,213832.0,3163.0,3163.0,3108.0,3134.3,31857600,3447.7,2820.9,3839.9,2896.0,3110.0,56,2,3109.8,53,2,3109.6,37,1,3109.5,39,1,3109.4,2,1,3110.1,46,1,3110.6,48,3,3110.7,16,1,3110.8,21,1,3110.9,20,1
2031,2026-06-16 10:27:43+05:30,3110.0,31,3132.7,988049,110562.0,213832.0,3163.0,3163.0,3108.0,3134.3,31857600,3447.7,2820.9,3839.9,2896.0,3110.0,56,2,3109.8,53,2,3109.6,37,1,3109.5,39,1,3109.4,2,1,3110.1,46,1,3110.6,48,3,3110.7,16,1,3110.8,21,1,3110.9,20,1
2031,2026-06-16 10:27:43+05:30,3110.0,31,3132.7,988049,110562.0,213832.0,3163.0,3163.0,3108.0,3134.3,31871600,3447.7,2820.9,3839.9,2896.0,3110.0,56,2,3109.8,53,2,3109.6,37,1,3109.5,39,1,3109.4,2,1,3110.1,46,1,3110.6,48,3,3110.7,16,1,3110.8,21,1,3110.9,20,1
2031,2026-06-16 10:27:43+05:30,3110.1,1,3132.7,988117,110491.0,214541.0,3163.0,3163.0,3108.0,3134.3,31871600,3447.7,2820.9,3839.9,2896.0,3110.2,1,1,3110.0,25,2,3109.8,53,2,3109.6,37,1,3109.5,47,2,3110.6,35,2,3110.7,36,2,3110.8,202,2,3110.9,20,1,3111.0,229,6
2031,2026-06-16 10:27:44+05:30,3110.1,1,3132.7,988117,110491.0,214541.0,3163.0,3163.0,3108.0,3134.3,31871600,3447.7,2820.9,3839.9,2896.0,3110.2,1,1,3110.0,25,2,3109.8,53,2,3109.6,37,1,3109.5,47,2,3110.6,35,2,3110.7,36,2,3110.8,202,2,3110.9,20,1,3111.0,229,6
2031,2026-06-16 10:27:44+05:30,3109.8,28,3132.7,988192,110533.0,214169.0,3163.0,3163.0,3108.0,3134.3,31871600,3447.7,2820.9,3839.9,2896.0,3109.8,25,2,3109.6,37,1,3109.5,47,2,3109.4,37,2,3109.1,224,2,3110.6,55,3,3110.7,36,2,3110.8,222,3,3110.9,47,1,3111.0,229,6
2031,2026-06-16 10:27:45+05:30,3109.8,28,3132.7,988192,110533.0,214169.0,3163.0,3163.0,3108.0,3134.3,31871600,3447.7,2820.9,3839.9,2896.0,3109.8,25,2,3109.6,37,1,3109.5,47,2,3109.4,37,2,3109.1,224,2,3110.6,55,3,3110.7,36,2,3110.8,222,3,3110.9,47,1,3111.0,229,6
2031,2026-06-16 10:27:45+05:30,3109.8,21,3132.69,988392,109931.0,213780.0,3163.0,3163.0,3108.0,3134.3,31871600,3447.7,2820.9,3839.9,2896.0,3109.8,16,3,3109.6,37,1,3109.5,45,2,3109.4,37,2,3109.3,11,1,3110.6,181,1,3110.8,20,1,3111.0,81,1,3111.1,68,3,3111.2,57,2
2031,2026-06-16 10:27:46+05:30,3109.8,21,3132.69,988392,109931.0,213780.0,3163.0,3163.0,3108.0,3134.3,31871600,3447.7,2820.9,3839.9,2896.0,3109.8,16,3,3109.6,37,1,3109.5,45,2,3109.4,37,2,3109.3,11,1,3110.6,181,1,3110.8,20,1,3111.0,81,1,3111.1,68,3,3111.2,57,2
2031,2026-06-16 10:27:46+05:30,3110.6,100,3132.69,988492,109908.0,214066.0,3163.0,3163.0,3108.0,3134.3,31871600,3447.7,2820.9,3839.9,2896.0,3109.8,16,3,3109.6,37,1,3109.5,39,1,3109.4,75,3,3109.3,11,1,3110.6,138,3,3110.8,20,1,3110.9,29,1,3111.0,128,2,3111.1,68,3
2031,2026-06-16 10:27:47+05:30,3110.6,100,3132.69,988492,109908.0,214066.0,3163.0,3163.0,3108.0,3134.3,31871600,3447.7,2820.9,3839.9,2896.0,3109.8,16,3,3109.6,37,1,3109.5,39,1,3109.4,75,3,3109.3,11,1,3110.6,138,3,3110.8,20,1,3110.9,29,1,3111.0,128,2,3111.1,68,3
2031,2026-06-16 10:27:47+05:30,3108.7,30,3132.66,989542,108407.0,213639.0,3163.0,3163.0,3108.0,3134.3,31871600,3447.7,2820.9,3839.9,2896.0,3108.7,38,2,3108.5,121,2,3108.4,101,3,3108.3,76,4,3108.2,199,2,3110.1,49,3,3110.2,84,3,3110.3,134,4,3110.4,73,3,3110.5,19,1
2031,2026-06-16 10:27:48+05:30,3108.7,30,3132.66,989542,108407.0,213639.0,3163.0,3163.0,3108.0,3134.3,31871600,3447.7,2820.9,3839.9,2896.0,3108.7,38,2,3108.5,121,2,3108.4,101,3,3108.3,76,4,3108.2,199,2,3110.1,49,3,3110.2,84,3,3110.3,134,4,3110.4,73,3,3110.5,19,1
2031,2026-06-16 10:27:48+05:30,3108.5,10,3132.66,989553,107294.0,214797.0,3163.0,3163.0,3108.0,3134.3,31871600,3447.7,2820.9,3839.9,2896.0,3108.5,90,1,3108.4,58,1,3108.2,76,3,3108.1,106,3,3108.0,599,13,3109.7,59,2,3109.9,39,2,3110.0,10,1,3110.1,93,2,3110.4,86,4
2031,2026-06-16 10:27:49+05:30,3108.5,10,3132.66,989553,107294.0,214797.0,3163.0,3163.0,3108.0,3134.3,31871600,3447.7,2820.9,3839.9,2896.0,3108.5,90,1,3108.4,58,1,3108.2,76,3,3108.1,106,3,3108.0,599,13,3109.7,59,2,3109.9,39,2,3110.0,10,1,3110.1,93,2,3110.4,86,4
2031,2026-06-16 10:27:50+05:30,3109.6,5,3132.66,989553,107294.0,214797.0,3163.0,3163.0,3108.0,3134.3,31871600,3447.7,2820.9,3839.9,2896.0,3108.5,90,1,3108.4,58,1,3108.2,76,3,3108.1,106,3,3108.0,599,13,3109.7,59,2,3109.9,39,2,3110.0,10,1,3110.1,93,2,3110.4,86,4
2031,2026-06-16 10:27:50+05:30,3109.6,5,3132.66,989624,107363.0,212307.0,3163.0,3163.0,3108.0,3134.3,31871600,3447.7,2820.9,3839.9,2896.0,3108.5,26,1,3108.4,58,1,3108.2,230,3,3108.1,106,3,3108.0,599,13,3109.6,42,1,3109.7,10,1,3109.9,40,2,3110.0,10,1,3110.1,129,4
2031,2026-06-16 10:27:50+05:30,3109.7,2,3132.66,989627,107631.0,214179.0,3163.0,3163.0,3108.0,3134.3,31871600,3447.7,2820.9,3839.9,2896.0,3108.5,26,1,3108.4,126,4,3108.3,40,2,3108.2,201,4,3108.1,80,2,3109.7,18,1,3109.9,20,1,3110.0,46,1,3110.1,129,4,3110.4,48,2
2031,2026-06-16 10:27:51+05:30,3109.7,2,3132.66,989627,107631.0,214179.0,3163.0,3163.0,3108.0,3134.3,31871600,3447.7,2820.9,3839.9,2896.0,3108.5,26,1,3108.4,126,4,3108.3,40,2,3108.2,201,4,3108.1,80,2,3109.7,18,1,3109.9,20,1,3110.0,46,1,3110.1,129,4,3110.4,48,2
2031,2026-06-16 10:27:51+05:30,3109.7,2,3132.66,989627,107990.0,213891.0,3163.0,3163.0,3108.0,3134.3,31871600,3447.7,2820.9,3839.9,2896.0,3108.6,33,2,3108.5,123,6,3108.4,105,3,3108.3,98,4,3108.2,199,2,3109.9,66,2,3110.1,17,1,3110.3,63,1,3110.4,148,4,3110.5,55,2
2031,2026-06-16 10:27:52+05:30,3109.9,4,3132.66,989677,108046.0,213866.0,3163.0,3163.0,3108.0,3134.3,31871600,3447.7,2820.9,3839.9,2896.0,3108.6,33,2,3108.5,123,6,3108.4,111,4,3108.3,98,4,3108.2,199,2,3109.9,16,1,3110.1,17,1,3110.3,63,1,3110.4,148,4,3110.5,75,3
2031,2026-06-16 10:27:53+05:30,3109.9,4,3132.66,989677,108046.0,213866.0,3163.0,3163.0,3108.0,3134.3,31871600,3447.7,2820.9,3839.9,2896.0,3108.6,33,2,3108.5,123,6,3108.4,111,4,3108.3,98,4,3108.2,199,2,3109.9,16,1,3110.1,17,1,3110.3,63,1,3110.4,148,4,3110.5,75,3
2031,2026-06-16 10:27:53+05:30,3109.9,3,3132.66,989881,108089.0,211741.0,3163.0,3163.0,3108.0,3134.3,31871600,3447.7,2820.9,3839.9,2896.0,3108.6,20,1,3108.5,48,2,3108.4,22,1,3108.3,72,3,3108.2,33,2,3109.9,442,3,3110.0,29,2,3110.1,57,3,3110.2,15,2,3110.4,360,7
2031,2026-06-16 10:27:54+05:30,3108.2,41,3132.66,989881,108089.0,211741.0,3163.0,3163.0,3108.0,3134.3,31871600,3447.7,2820.9,3839.9,2896.0,3108.6,20,1,3108.5,48,2,3108.4,22,1,3108.3,72,3,3108.2,33,2,3109.9,442,3,3110.0,29,2,3110.1,57,3,3110.2,15,2,3110.4,360,7
2031,2026-06-16 10:27:54+05:30,3109.9,46,3132.65,990337,108765.0,214129.0,3163.0,3163.0,3108.0,3134.3,31871600,3447.7,2820.9,3839.9,2896.0,3110.0,40,1,3108.8,126,3,3108.7,169,1,3108.6,67,4,3108.5,119,4,3110.1,17,1,3110.3,29,1,3110.4,100,2,3110.5,19,1,3110.7,29,1
2031,2026-06-16 10:27:55+05:30,3109.9,46,3132.65,990337,108765.0,214129.0,3163.0,3163.0,3108.0,3134.3,31871600,3447.7,2820.9,3839.9,2896.0,3110.0,40,1,3108.8,126,3,3108.7,169,1,3108.6,67,4,3108.5,119,4,3110.1,17,1,3110.3,29,1,3110.4,100,2,3110.5,19,1,3110.7,29,1
2031,2026-06-16 10:27:55+05:30,3110.4,4,3132.65,990377,108986.0,213482.0,3163.0,3163.0,3108.0,3134.3,31871600,3447.7,2820.9,3839.9,2896.0,3110.0,40,1,3109.9,10,1,3109.5,20,1,3109.4,45,2,3109.3,26,1,3110.4,77,1,3110.9,15,1,3111.0,163,4,3111.1,138,5,3111.2,273,3
2031,2026-06-16 10:27:56+05:30,3110.4,4,3132.65,990377,108986.0,213482.0,3163.0,3163.0,3108.0,3134.3,31871600,3447.7,2820.9,3839.9,2896.0,3110.0,40,1,3109.9,10,1,3109.5,20,1,3109.4,45,2,3109.3,26,1,3110.4,77,1,3110.9,15,1,3111.0,163,4,3111.1,138,5,3111.2,273,3
2031,2026-06-16 10:27:56+05:30,3110.4,1,3132.65,990383,109653.0,213396.0,3163.0,3163.0,3108.0,3134.3,31871600,3447.7,2820.9,3839.9,2896.0,3110.0,40,1,3109.9,10,1,3109.5,20,1,3109.4,45,2,3109.3,56,1,3110.4,71,1,3111.0,115,3,3111.1,95,3,3111.2,125,3,3111.3,481,5
2031,2026-06-16 10:27:57+05:30,3110.4,1,3132.65,990383,109653.0,213396.0,3163.0,3163.0,3108.0,3134.3,31871600,3447.7,2820.9,3839.9,2896.0,3110.0,40,1,3109.9,10,1,3109.5,20,1,3109.4,45,2,3109.3,56,1,3110.4,71,1,3111.0,115,3,3111.1,95,3,3111.2,125,3,3111.3,481,5
2031,2026-06-16 10:27:57+05:30,3110.4,1,3132.65,990383,109727.0,213606.0,3163.0,3163.0,3108.0,3134.3,31871600,3447.7,2820.9,3839.9,2896.0,3110.0,40,1,3109.9,10,1,3109.5,20,1,3109.4,45,2,3109.3,56,1,3110.4,71,1,3111.0,86,2,3111.1,95,3,3111.2,114,3,3111.3,481,5
2031,2026-06-16 10:27:58+05:30,3111.1,4,3132.65,990383,109727.0,213606.0,3163.0,3163.0,3108.0,3134.3,31871600,3447.7,2820.9,3839.9,2896.0,3110.0,40,1,3109.9,10,1,3109.5,20,1,3109.4,45,2,3109.3,56,1,3110.4,71,1,3111.0,86,2,3111.1,95,3,3111.2,114,3,3111.3,481,5
2031,2026-06-16 10:27:58+05:30,3110.5,1,3132.64,990665,111202.0,213138.0,3163.0,3163.0,3108.0,3134.3,31871600,3447.7,2820.9,3839.9,2896.0,3110.1,20,1,3110.0,1115,7,3109.9,24,2,3109.8,46,2,3109.7,21,1,3110.5,199,1,3111.1,28,1,3111.2,62,2,3111.4,39,2,3111.5,203,2
2031,2026-06-16 10:27:59+05:30,3110.5,1,3132.64,990665,111202.0,213138.0,3163.0,3163.0,3108.0,3134.3,31871600,3447.7,2820.9,3839.9,2896.0,3110.1,20,1,3110.0,1115,7,3109.9,24,2,3109.8,46,2,3109.7,21,1,3110.5,199,1,3111.1,28,1,3111.2,62,2,3111.4,39,2,3111.5,203,2
2031,2026-06-16 10:27:59+05:30,3110.5,1,3132.64,990666,111779.0,211525.0,3163.0,3163.0,3108.0,3134.3,31871600,3447.7,2820.9,3839.9,2896.0,3110.4,5,1,3110.1,22,2,3110.0,1299,9,3109.9,94,5,3109.8,71,3,3110.5,217,2,3111.1,28,1,3111.2,62,2,3111.4,39,2,3111.5,203,2
2031,2026-06-16 10:28:00+05:30,3110.5,1,3132.64,990666,111779.0,211525.0,3163.0,3163.0,3108.0,3134.3,31871600,3447.7,2820.9,3839.9,2896.0,3110.4,5,1,3110.1,22,2,3110.0,1299,9,3109.9,94,5,3109.8,71,3,3110.5,217,2,3111.1,28,1,3111.2,62,2,3111.4,39,2,3111.5,203,2
2031,2026-06-16 10:28:00+05:30,3110.5,2,3132.64,990670,112035.0,213329.0,3163.0,3163.0,3108.0,3134.3,31871600,3447.7,2820.9,3839.9,2896.0,3110.4,18,5,3110.3,54,3,3110.2,33,3,3110.1,22,2,3110.0,1267,7,3110.5,214,3,3111.1,28,1,3111.2,62,2,3111.4,39,2,3111.5,200,1
2031,2026-06-16 10:28:01+05:30,3110.5,2,3132.64,990670,112035.0,213329.0,3163.0,3163.0,3108.0,3134.3,31871600,3447.7,2820.9,3839.9,2896.0,3110.4,18,5,3110.3,54,3,3110.2,33,3,3110.1,22,2,3110.0,1267,7,3110.5,214,3,3111.1,28,1,3111.2,62,2,3111.4,39,2,3111.5,200,1
2031,2026-06-16 10:28:02+05:30,3111.2,5,3132.64,990670,112035.0,213329.0,3163.0,3163.0,3108.0,3134.3,31871600,3447.7,2820.9,3839.9,2896.0,3110.4,18,5,3110.3,54,3,3110.2,33,3,3110.1,22,2,3110.0,1267,7,3110.5,214,3,3111.1,28,1,3111.2,62,2,3111.4,39,2,3111.5,200,1
2031,2026-06-16 10:28:02+05:30,3111.2,5,3132.63,990889,112387.0,212923.0,3163.0,3163.0,3108.0,3134.3,31871600,3447.7,2820.9,3839.9,2896.0,3110.4,16,4,3110.3,30,2,3110.2,14,2,3110.1,69,4,3110.0,1285,9,3110.5,1,1,3111.2,57,2,3111.4,57,2,3111.7,148,1,3111.8,249,2
2031,2026-06-16 10:28:02+05:30,3110.5,1,3132.63,990890,112435.0,212049.0,3163.0,3163.0,3108.0,3134.3,31871600,3447.7,2820.9,3839.9,2896.0,3110.4,16,4,3110.2,7,1,3110.1,22,2,3110.0,1259,8,3109.9,54,3,3111.2,57,2,3111.4,57,2,3111.7,202,3,3111.8,278,3,3111.9,512,17
2031,2026-06-16 10:28:03+05:30,3110.5,1,3132.63,990890,112435.0,212049.0,3163.0,3163.0,3108.0,3134.3,31871600,3447.7,2820.9,3839.9,2896.0,3110.4,16,4,3110.2,7,1,3110.1,22,2,3110.0,1259,8,3109.9,54,3,3111.2,57,2,3111.4,57,2,3111.7,202,3,3111.8,278,3,3111.9,512,17
2031,2026-06-16 10:28:04+05:30,3111.2,5,3132.63,990890,112435.0,212049.0,3163.0,3163.0,3108.0,3134.3,31871600,3447.7,2820.9,3839.9,2896.0,3110.4,16,4,3110.2,7,1,3110.1,22,2,3110.0,1259,8,3109.9,54,3,3111.2,57,2,3111.4,57,2,3111.7,202,3,3111.8,278,3,3111.9,512,17
2031,2026-06-16 10:28:04+05:30,3111.2,5,3132.63,990896,112471.0,211737.0,3163.0,3163.0,3108.0,3134.3,31871600,3447.7,2820.9,3839.9,2896.0,3110.5,26,1,3110.4,16,4,3110.2,7,1,3110.1,71,3,3110.0,1262,8,3111.2,51,2,3111.4,57,2,3111.6,50,1,3111.7,20,1,3111.8,256,3
2031,2026-06-16 10:28:05+05:30,3111.4,1,3132.63,990896,112471.0,211737.0,3163.0,3163.0,3108.0,3134.3,31871600,3447.7,2820.9,3839.9,2896.0,3110.5,26,1,3110.4,16,4,3110.2,7,1,3110.1,71,3,3110.0,1262,8,3111.2,51,2,3111.4,57,2,3111.6,50,1,3111.7,20,1,3111.8,256,3
2031,2026-06-16 10:28:05+05:30,3111.4,1,3132.63,990948,112423.0,210320.0,3163.0,3163.0,3108.0,3134.3,31871600,3447.7,2820.9,3839.9,2896.0,3110.5,64,6,3110.4,75,8,3110.3,75,2,3110.2,58,3,3110.1,67,4,3111.4,56,2,3111.7,20,1,3111.8,200,1,3111.9,432,14,3112.0,404,3
2031,2026-06-16 10:28:06+05:30,3110.8,100,3132.63,990948,112423.0,210320.0,3163.0,3163.0,3108.0,3134.3,31871600,3447.7,2820.9,3839.9,2896.0,3110.5,64,6,3110.4,75,8,3110.3,75,2,3110.2,58,3,3110.1,67,4,3111.4,56,2,3111.7,20,1,3111.8,200,1,3111.9,432,14,3112.0,404,3
2031,2026-06-16 10:28:06+05:30,3110.8,100,3132.63,991055,112735.0,212332.0,3163.0,3163.0,3108.0,3134.3,31871600,3447.7,2820.9,3839.9,2896.0,3110.8,27,2,3110.5,63,5,3110.4,30,5,3110.3,39,2,3110.2,7,1,3111.4,81,3,3111.7,20,1,3111.8,219,2,3111.9,523,16,3112.0,425,4
2031,2026-06-16 10:28:07+05:30,3111.4,13,3132.63,991055,112735.0,212332.0,3163.0,3163.0,3108.0,3134.3,31871600,3447.7,2820.9,3839.9,2896.0,3110.8,27,2,3110.5,63,5,3110.4,30,5,3110.3,39,2,3110.2,7,1,3111.4,81,3,3111.7,20,1,3111.8,219,2,3111.9,523,16,3112.0,425,4
2031,2026-06-16 10:28:07+05:30,3111.4,13,3132.63,991068,112725.0,212233.0,3163.0,3163.0,3108.0,3134.3,31871600,3447.7,2820.9,3839.9,2896.0,3110.8,27,2,3110.5,87,6,3110.4,30,5,3110.3,39,2,3110.2,33,2,3111.4,68,3,3111.7,20,1,3111.8,219,2,3111.9,482,15,3112.0,425,4
2031,2026-06-16 10:28:08+05:30,3111.7,20,3132.63,991068,112725.0,212233.0,3163.0,3163.0,3108.0,3134.3,31871600,3447.7,2820.9,3839.9,2896.0,3110.8,27,2,3110.5,87,6,3110.4,30,5,3110.3,39,2,3110.2,33,2,3111.4,68,3,3111.7,20,1,3111.8,219,2,3111.9,482,15,3112.0,425,4
2031,2026-06-16 10:28:08+05:30,3111.7,20,3132.63,991113,114597.0,208958.0,3163.0,3163.0,3108.0,3134.3,31871600,3447.7,2820.9,3839.9,2896.0,3111.6,36,4,3111.5,23,2,3111.4,42,4,3111.3,72,4,3111.2,106,5,3111.8,19,1,3111.9,4,1,3112.0,4,1,3112.6,41,2,3112.7,7,1
2031,2026-06-16 10:28:09+05:30,3112.6,3,3132.63,991113,114597.0,208958.0,3163.0,3163.0,3108.0,3134.3,31871600,3447.7,2820.9,3839.9,2896.0,3111.6,36,4,3111.5,23,2,3111.4,42,4,3111.3,72,4,3111.2,106,5,3111.8,19,1,3111.9,4,1,3112.0,4,1,3112.6,41,2,3112.7,7,1
2031,2026-06-16 10:28:09+05:30,3111.9,80,3132.62,991369,115065.0,208450.0,3163.0,3163.0,3108.0,3134.3,31871600,3447.7,2820.9,3839.9,2896.0,3111.9,57,5,3111.8,42,2,3111.7,76,4,3111.6,137,8,3111.5,64,3,3112.6,53,2,3112.7,7,1,3113.2,1,1,3113.3,1,1,3113.4,29,2
2031,2026-06-16 10:28:10+05:30,3112.6,1,3132.62,991369,115065.0,208450.0,3163.0,3163.0,3108.0,3134.3,31871600,3447.7,2820.9,3839.9,2896.0,3111.9,57,5,3111.8,42,2,3111.7,76,4,3111.6,137,8,3111.5,64,3,3112.6,53,2,3112.7,7,1,3113.2,1,1,3113.3,1,1,3113.4,29,2
2031,2026-06-16 10:28:10+05:30,3112.6,8,3132.62,991379,113615.0,209579.0,3163.0,3163.0,3108.0,3134.3,31871600,3447.7,2820.9,3839.9,2896.0,3112.2,22,1,3111.9,28,3,3111.8,16,1,3111.7,16,1,3111.6,137,8,3112.6,43,2,3112.7,7,1,3113.2,1,1,3113.3,64,2,3113.4,28,2
2031,2026-06-16 10:28:11+05:30,3112.6,8,3132.62,991379,113615.0,209579.0,3163.0,3163.0,3108.0,3134.3,31871600,3447.7,2820.9,3839.9,2896.0,3112.2,22,1,3111.9,28,3,3111.8,16,1,3111.7,16,1,3111.6,137,8,3112.6,43,2,3112.7,7,1,3113.2,1,1,3113.3,64,2,3113.4,28,2
2031,2026-06-16 10:28:11+05:30,3112.6,5,3132.62,991384,113844.0,209157.0,3163.0,3163.0,3108.0,3134.3,31871600,3447.7,2820.9,3839.9,2896.0,3112.3,22,1,3112.2,39,1,3112.0,25,1,3111.9,104,4,3111.8,80,3,3112.6,38,2,3112.7,7,1,3113.2,1,1,3113.3,1,1,3113.4,9,1
2031,2026-06-16 10:28:12+05:30,3112.6,5,3132.62,991384,113844.0,209157.0,3163.0,3163.0,3108.0,3134.3,31871600,3447.7,2820.9,3839.9,2896.0,3112.3,22,1,3112.2,39,1,3112.0,25,1,3111.9,104,4,3111.8,80,3,3112.6,38,2,3112.7,7,1,3113.2,1,1,3113.3,1,1,3113.4,9,1
2031,2026-06-16 10:28:12+05:30,3112.7,10,3132.62,991476,114087.0,209464.0,3163.0,3163.0,3108.0,3134.3,31871600,3447.7,2820.9,3839.9,2896.0,3112.3,23,1,3112.2,39,1,3111.9,88,3,3111.8,44,1,3111.6,104,5,3112.7,7,1,3113.2,20,2,3113.3,1,1,3113.4,9,1,3113.5,15,1
2031,2026-06-16 10:28:13+05:30,3112.7,10,3132.62,991476,114087.0,209464.0,3163.0,3163.0,3108.0,3134.3,31871600,3447.7,2820.9,3839.9,2896.0,3112.3,23,1,3112.2,39,1,3111.9,88,3,3111.8,44,1,3111.6,104,5,3112.7,7,1,3113.2,20,2,3113.3,1,1,3113.4,9,1,3113.5,15,1
2031,2026-06-16 10:28:13+05:30,3112.3,10,3132.62,991486,114098.0,209131.0,3163.0,3163.0,3108.0,3134.3,31871600,3447.7,2820.9,3839.9,2896.0,3112.3,52,2,3112.2,39,1,3112.0,25,1,3111.9,67,2,3111.7,81,2,3112.7,10,2,3113.2,21,2,3113.3,154,2,3113.4,56,3,3113.5,15,1
2031,2026-06-16 10:28:14+05:30,3112.3,10,3132.62,991486,114098.0,209131.0,3163.0,3163.0,3108.0,3134.3,31871600,3447.7,2820.9,3839.9,2896.0,3112.3,52,2,3112.2,39,1,3112.0,25,1,3111.9,67,2,3111.7,81,2,3112.7,10,2,3113.2,21,2,3113.3,154,2,3113.4,56,3,3113.5,15,1
2031,2026-06-16 10:28:14+05:30,3112.7,40,3132.62,991536,114924.0,209393.0,3163.0,3163.0,3108.0,3134.3,31871600,3447.7,2820.9,3839.9,2896.0,3112.6,24,2,3112.3,39,1,3112.2,39,1,3112.0,25,1,3111.9,67,2,3113.2,1,1,3113.3,20,2,3113.4,27,2,3113.5,22,1,3113.6,28,1
2031,2026-06-16 10:28:15+05:30,3112.7,40,3132.62,991536,114924.0,209393.0,3163.0,3163.0,3108.0,3134.3,31871600,3447.7,2820.9,3839.9,2896.0,3112.6,24,2,3112.3,39,1,3112.2,39,1,3112.0,25,1,3111.9,67,2,3113.2,1,1,3113.3,20,2,3113.4,27,2,3113.5,22,1,3113.6,28,1
2031,2026-06-16 10:28:15+05:30,3113.3,1,3132.62,991540,114554.0,209813.0,3163.0,3163.0,3108.0,3134.3,31871600,3447.7,2820.9,3839.9,2896.0,3113.2,9,1,3112.9,2,2,3112.6,63,4,3112.3,39,1,3112.2,39,1,3113.3,1,1,3113.4,27,2,3113.7,40,2,3113.8,38,2,3113.9,154,1
2031,2026-06-16 10:28:16+05:30,3113.3,2,3132.62,991540,114554.0,209813.0,3163.0,3163.0,3108.0,3134.3,31871600,3447.7,2820.9,3839.9,2896.0,3113.2,9,1,3112.9,2,2,3112.6,63,4,3112.3,39,1,3112.2,39,1,3113.3,1,1,3113.4,27,2,3113.7,40,2,3113.8,38,2,3113.9,154,1
2031,2026-06-16 10:28:16+05:30,3114.4,18,3132.61,992281,114876.0,209034.0,3163.0,3163.0,3108.0,3134.3,31871600,3447.7,2820.9,3839.9,2896.0,3113.2,15,3,3112.9,25,3,3112.7,10,1,3112.6,40,3,3112.4,63,1,3114.0,86,6,3114.1,33,3,3114.2,68,4,3114.3,159,7,3114.4,24,2
2031,2026-06-16 10:28:17+05:30,3113.2,67,3132.61,992281,114876.0,209034.0,3163.0,3163.0,3108.0,3134.3,31871600,3447.7,2820.9,3839.9,2896.0,3113.2,15,3,3112.9,25,3,3112.7,10,1,3112.6,40,3,3112.4,63,1,3114.0,86,6,3114.1,33,3,3114.2,68,4,3114.3,159,7,3114.4,24,2
2031,2026-06-16 10:28:17+05:30,3113.5,20,3132.59,992895,114606.0,209928.0,3163.0,3163.0,3108.0,3134.3,31871600,3447.7,2820.9,3839.9,2896.0,3112.9,4,3,3112.6,24,3,3112.0,25,1,3111.9,148,4,3111.7,54,2,3113.4,12,1,3113.5,78,4,3113.6,49,3,3113.7,21,3,3113.8,21,2
2031,2026-06-16 10:28:18+05:30,3113.2,3,3132.59,992895,114606.0,209928.0,3163.0,3163.0,3108.0,3134.3,31871600,3447.7,2820.9,3839.9,2896.0,3112.9,4,3,3112.6,24,3,3112.0,25,1,3111.9,148,4,3111.7,54,2,3113.4,12,1,3113.5,78,4,3113.6,49,3,3113.7,21,3,3113.8,21,2
2031,2026-06-16 10:28:18+05:30,3113.2,10,3132.59,992926,114640.0,209625.0,3163.0,3163.0,3108.0,3134.3,31871600,3447.7,2820.9,3839.9,2896.0,3112.9,4,3,3112.6,24,3,3112.0,60,2,3111.9,148,4,3111.7,54,2,3113.3,18,1,3113.4,27,2,3113.5,48,2,3113.6,10,1,3113.7,43,4
2031,2026-06-16 10:28:19+05:30,3113.2,6,3132.59,992926,114640.0,209625.0,3163.0,3163.0,3108.0,3134.3,31871600,3447.7,2820.9,3839.9,2896.0,3112.9,4,3,3112.6,24,3,3112.0,60,2,3111.9,148,4,3111.7,54,2,3113.3,18,1,3113.4,27,2,3113.5,48,2,3113.6,10,1,3113.7,43,4
2031,2026-06-16 10:28:20+05:30,3113.2,3,3132.59,992945,115205.0,209571.0,3163.0,3163.0,3108.0,3134.3,31871600,3447.7,2820.9,3839.9,2896.0,3113.2,1,1,3112.9,63,5,3112.6,2,2,3112.2,63,1,3112.1,160,1,3113.3,8,1,3113.4,98,2,3113.5,20,1,3113.7,10,1,3113.8,10,1
2031,2026-06-16 10:28:20+05:30,3113.2,3,3132.59,992945,115205.0,209571.0,3163.0,3163.0,3108.0,3134.3,31871600,3447.7,2820.9,3839.9,2896.0,3113.2,1,1,3112.9,63,5,3112.6,2,2,3112.2,63,1,3112.1,160,1,3113.3,8,1,3113.4,98,2,3113.5,20,1,3113.7,10,1,3113.8,10,1
2031,2026-06-16 10:28:21+05:30,3113.0,105,3132.59,993057,115485.0,209371.0,3163.0,3163.0,3108.0,3134.3,31871600,3447.7,2820.9,3839.9,2896.0,3112.9,61,3,3112.6,22,3,3112.5,87,3,3112.3,41,3,3112.2,106,3,3113.0,89,1,3113.3,21,3,3113.4,40,1,3113.5,20,1,3114.2,21,1
2031,2026-06-16 10:28:21+05:30,3113.0,1,3132.59,993057,115485.0,209371.0,3163.0,3163.0,3108.0,3134.3,31871600,3447.7,2820.9,3839.9,2896.0,3112.9,61,3,3112.6,22,3,3112.5,87,3,3112.3,41,3,3112.2,106,3,3113.0,89,1,3113.3,21,3,3113.4,40,1,3113.5,20,1,3114.2,21,1
2031,2026-06-16 10:28:22+05:30,3113.3,22,3132.59,993283,115401.0,209407.0,3163.0,3163.0,3108.0,3134.3,31871600,3447.7,2820.9,3839.9,2896.0,3112.9,44,2,3112.6,2,2,3112.5,44,1,3112.4,21,1,3112.3,47,2,3113.0,36,1,3113.4,40,1,3114.0,52,2,3114.1,33,1,3114.2,22,1
2031,2026-06-16 10:28:22+05:30,3112.9,5,3132.59,993283,115401.0,209407.0,3163.0,3163.0,3108.0,3134.3,31871600,3447.7,2820.9,3839.9,2896.0,3112.9,44,2,3112.6,2,2,3112.5,44,1,3112.4,21,1,3112.3,47,2,3113.0,36,1,3113.4,40,1,3114.0,52,2,3114.1,33,1,3114.2,22,1
2031,2026-06-16 10:28:23+05:30,3112.9,1,3132.59,993334,115260.0,209299.0,3163.0,3163.0,3108.0,3134.3,31871600,3447.7,2820.9,3839.9,2896.0,3112.6,2,2,3112.0,45,2,3111.9,192,7,3111.8,24,1,3111.7,54,2,3112.9,16,1,3113.0,36,1,3113.4,59,2,3113.7,19,1,3113.8,99,1
2031,2026-06-16 10:28:23+05:30,3112.9,1,3132.59,993334,115260.0,209299.0,3163.0,3163.0,3108.0,3134.3,31871600,3447.7,2820.9,3839.9,2896.0,3112.6,2,2,3112.0,45,2,3111.9,192,7,3111.8,24,1,3111.7,54,2,3112.9,16,1,3113.0,36,1,3113.4,59,2,3113.7,19,1,3113.8,99,1
2031,2026-06-16 10:28:24+05:30,3113.0,4,3132.59,993354,115306.0,207998.0,3163.0,3163.0,3108.0,3134.3,31871600,3447.7,2820.9,3839.9,2896.0,3112.6,26,3,3112.0,25,1,3111.9,26,2,3111.8,84,2,3111.7,54,2,3113.0,58,2,3113.4,97,3,3113.5,28,1,3113.6,6,2,3113.7,63,2
2031,2026-06-16 10:28:24+05:30,3113.0,4,3132.59,993354,115306.0,207998.0,3163.0,3163.0,3108.0,3134.3,31871600,3447.7,2820.9,3839.9,2896.0,3112.6,26,3,3112.0,25,1,3111.9,26,2,3111.8,84,2,3111.7,54,2,3113.0,58,2,3113.4,97,3,3113.5,28,1,3113.6,6,2,3113.7,63,2
2031,2026-06-16 10:28:25+05:30,3113.4,22,3132.58,993434,115152.0,210085.0,3163.0,3163.0,3108.0,3134.3,31871600,3447.7,2820.9,3839.9,2896.0,3112.6,26,3,3112.0,30,2,3111.9,89,3,3111.8,84,2,3111.7,54,2,3113.4,37,2,3113.5,28,1,3113.6,31,3,3113.7,63,2,3113.8,30,1
2031,2026-06-16 10:28:25+05:30,3113.4,22,3132.58,993434,115152.0,210085.0,3163.0,3163.0,3108.0,3134.3,31871600,3447.7,2820.9,3839.9,2896.0,3112.6,26,3,3112.0,30,2,3111.9,89,3,3111.8,84,2,3111.7,54,2,3113.4,37,2,3113.5,28,1,3113.6,31,3,3113.7,63,2,3113.8,30,1
2031,2026-06-16 10:28:25+05:30,3113.4,22,3132.58,993434,115152.0,210085.0,3163.0,3163.0,3108.0,3134.3,31871600,3447.7,2820.9,3839.9,2896.0,3112.6,26,3,3112.0,30,2,3111.9,89,3,3111.8,84,2,3111.7,54,2,3113.4,37,2,3113.5,28,1,3113.6,31,3,3113.7,63,2,3113.8,30,1
2031,2026-06-16 10:28:26+05:30,3112.9,1,3132.58,993445,115355.0,207759.0,3163.0,3163.0,3108.0,3134.3,31871600,3447.7,2820.9,3839.9,2896.0,3112.6,25,2,3112.0,30,2,3111.9,110,4,3111.8,128,3,3111.7,54,2,3112.9,72,1,3113.4,37,2,3113.5,28,1,3113.6,27,2,3113.7,63,2
2031,2026-06-16 10:28:26+05:30,3112.9,1,3132.58,993445,115355.0,207759.0,3163.0,3163.0,3108.0,3134.3,31871600,3447.7,2820.9,3839.9,2896.0,3112.6,25,2,3112.0,30,2,3111.9,110,4,3111.8,128,3,3111.7,54,2,3112.9,72,1,3113.4,37,2,3113.5,28,1,3113.6,27,2,3113.7,63,2
2031,2026-06-16 10:28:27+05:30,3112.6,24,3132.58,993520,114519.0,209658.0,3163.0,3163.0,3108.0,3134.3,31871600,3447.7,2820.9,3839.9,2896.0,3112.6,25,2,3112.0,5,1,3111.9,26,2,3111.8,105,3,3111.7,33,1,3112.9,47,1,3113.4,37,2,3113.5,28,1,3113.6,25,1,3113.7,67,3
2031,2026-06-16 10:28:27+05:30,3112.6,24,3132.58,993520,114519.0,209658.0,3163.0,3163.0,3108.0,3134.3,31871600,3447.7,2820.9,3839.9,2896.0,3112.6,25,2,3112.0,5,1,3111.9,26,2,3111.8,105,3,3111.7,33,1,3112.9,47,1,3113.4,37,2,3113.5,28,1,3113.6,25,1,3113.7,67,3
2031,2026-06-16 10:28:27+05:30,3112.6,24,3132.58,993520,114519.0,209658.0,3163.0,3163.0,3108.0,3134.3,31871600,3447.7,2820.9,3839.9,2896.0,3112.6,25,2,3112.0,5,1,3111.9,26,2,3111.8,105,3,3111.7,33,1,3112.9,47,1,3113.4,37,2,3113.5,28,1,3113.6,25,1,3113.7,67,3
2031,2026-06-16 10:28:28+05:30,3112.6,24,3132.58,993520,114758.0,208166.0,3163.0,3163.0,3108.0,3134.3,31871600,3447.7,2820.9,3839.9,2896.0,3112.6,25,2,3112.0,5,1,3111.9,2,1,3111.6,9,2,3111.5,35,3,3112.9,98,4,3113.0,38,2,3113.1,19,1,3113.2,54,2,3113.4,85,4
2031,2026-06-16 10:28:28+05:30,3112.9,3,3132.58,993520,114758.0,208166.0,3163.0,3163.0,3108.0,3134.3,31871600,3447.7,2820.9,3839.9,2896.0,3112.6,25,2,3112.0,5,1,3111.9,2,1,3111.6,9,2,3111.5,35,3,3112.9,98,4,3113.0,38,2,3113.1,19,1,3113.2,54,2,3113.4,85,4
2031,2026-06-16 10:28:29+05:30,3112.9,3,3132.58,993570,114867.0,209527.0,3163.0,3163.0,3108.0,3134.3,31871600,3447.7,2820.9,3839.9,2896.0,3112.6,25,2,3112.0,5,1,3111.9,2,1,3111.6,9,2,3111.5,95,4,3112.9,119,3,3113.0,28,1,3113.1,19,1,3113.2,54,2,3113.4,105,5
2031,2026-06-16 10:28:29+05:30,3112.9,3,3132.58,993570,114867.0,209527.0,3163.0,3163.0,3108.0,3134.3,31871600,3447.7,2820.9,3839.9,2896.0,3112.6,25,2,3112.0,5,1,3111.9,2,1,3111.6,9,2,3111.5,95,4,3112.9,119,3,3113.0,28,1,3113.1,19,1,3113.2,54,2,3113.4,105,5
2031,2026-06-16 10:28:30+05:30,3112.9,1,3132.58,993571,115100.0,209427.0,3163.0,3163.0,3108.0,3134.3,31871600,3447.7,2820.9,3839.9,2896.0,3112.6,36,3,3112.0,5,1,3111.9,2,1,3111.6,9,2,3111.5,95,4,3112.9,119,3,3113.0,28,1,3113.1,19,1,3113.2,15,1,3113.4,87,4
2031,2026-06-16 10:28:30+05:30,3112.9,1,3132.58,993571,115100.0,209427.0,3163.0,3163.0,3108.0,3134.3,31871600,3447.7,2820.9,3839.9,2896.0,3112.6,36,3,3112.0,5,1,3111.9,2,1,3111.6,9,2,3111.5,95,4,3112.9,119,3,3113.0,28,1,3113.1,19,1,3113.2,15,1,3113.4,87,4
2031,2026-06-16 10:28:30+05:30,3112.9,1,3132.58,993571,115100.0,209427.0,3163.0,3163.0,3108.0,3134.3,31871600,3447.7,2820.9,3839.9,2896.0,3112.6,36,3,3112.0,5,1,3111.9,2,1,3111.6,9,2,3111.5,95,4,3112.9,119,3,3113.0,28,1,3113.1,19,1,3113.2,15,1,3113.4,87,4
2031,2026-06-16 10:28:31+05:30,3112.9,1,3132.58,993571,115100.0,209427.0,3163.0,3163.0,3108.0,3134.3,31871600,3447.7,2820.9,3839.9,2896.0,3112.6,36,3,3112.0,5,1,3111.9,2,1,3111.6,9,2,3111.5,95,4,3112.9,119,3,3113.0,28,1,3113.1,19,1,3113.2,15,1,3113.4,87,4
2031,2026-06-16 10:28:31+05:30,3112.9,1,3132.56,994811,113678.0,210012.0,3163.0,3163.0,3108.0,3134.3,31871600,3447.7,2820.9,3839.9,2896.0,3112.6,24,3,3112.0,5,1,3111.9,2,1,3111.6,2,1,3111.5,21,1,3112.9,24,1,3113.1,19,1,3113.2,43,2,3113.4,42,3,3113.5,241,2
2031,2026-06-16 10:28:32+05:30,3112.6,23,3132.56,994811,113678.0,210012.0,3163.0,3163.0,3108.0,3134.3,31871600,3447.7,2820.9,3839.9,2896.0,3112.6,24,3,3112.0,5,1,3111.9,2,1,3111.6,2,1,3111.5,21,1,3112.9,24,1,3113.1,19,1,3113.2,43,2,3113.4,42,3,3113.5,241,2
2031,2026-06-16 10:28:32+05:30,3112.6,23,3132.55,994929,113457.0,210113.0,3163.0,3163.0,3108.0,3134.3,31871600,3447.7,2820.9,3839.9,2896.0,3112.0,5,1,3111.9,2,1,3111.6,2,1,3111.2,272,4,3111.1,45,3,3112.6,60,4,3112.7,29,3,3112.8,22,2,3112.9,196,4,3113.0,38,2
2031,2026-06-16 10:28:32+05:30,3112.6,23,3132.55,994929,113457.0,210113.0,3163.0,3163.0,3108.0,3134.3,31871600,3447.7,2820.9,3839.9,2896.0,3112.0,5,1,3111.9,2,1,3111.6,2,1,3111.2,272,4,3111.1,45,3,3112.6,60,4,3112.7,29,3,3112.8,22,2,3112.9,196,4,3113.0,38,2
2031,2026-06-16 10:28:33+05:30,3112.5,9,3132.55,994929,113457.0,210113.0,3163.0,3163.0,3108.0,3134.3,31871600,3447.7,2820.9,3839.9,2896.0,3112.0,5,1,3111.9,2,1,3111.6,2,1,3111.2,272,4,3111.1,45,3,3112.6,60,4,3112.7,29,3,3112.8,22,2,3112.9,196,4,3113.0,38,2
2031,2026-06-16 10:28:33+05:30,3112.5,9,3132.55,995015,114313.0,209585.0,3163.0,3163.0,3108.0,3134.3,31871600,3447.7,2820.9,3839.9,2896.0,3112.0,130,6,3111.9,42,4,3111.8,90,3,3111.7,36,2,3111.6,66,4,3112.5,111,1,3112.6,24,1,3113.4,20,1,3113.5,104,2,3113.6,68,3
2031,2026-06-16 10:28:33+05:30,3112.5,9,3132.55,995015,114313.0,209585.0,3163.0,3163.0,3108.0,3134.3,31871600,3447.7,2820.9,3839.9,2896.0,3112.0,130,6,3111.9,42,4,3111.8,90,3,3111.7,36,2,3111.6,66,4,3112.5,111,1,3112.6,24,1,3113.4,20,1,3113.5,104,2,3113.6,68,3
2031,2026-06-16 10:28:34+05:30,3112.6,23,3132.55,995015,114313.0,209585.0,3163.0,3163.0,3108.0,3134.3,31871600,3447.7,2820.9,3839.9,2896.0,3112.0,130,6,3111.9,42,4,3111.8,90,3,3111.7,36,2,3111.6,66,4,3112.5,111,1,3112.6,24,1,3113.4,20,1,3113.5,104,2,3113.6,68,3
2031,2026-06-16 10:28:34+05:30,3112.6,23,3132.55,995173,116118.0,206858.0,3163.0,3163.0,3108.0,3134.3,31871600,3447.7,2820.9,3839.9,2896.0,3112.8,13,1,3112.7,60,2,3112.6,158,7,3112.5,89,3,3112.4,76,2,3113.9,1,1,3114.0,32,1,3114.3,200,1,3114.4,45,2,3114.5,441,4
2031,2026-06-16 10:28:35+05:30,3112.9,6,3132.55,995179,115938.0,207266.0,3163.0,3163.0,3108.0,3134.3,31871600,3447.7,2820.9,3839.9,2896.0,3112.9,10,1,3112.8,132,4,3112.6,69,3,3112.5,31,2,3112.4,35,2,3113.9,1,1,3114.0,32,1,3114.2,103,1,3114.3,219,2,3114.4,78,4
2031,2026-06-16 10:28:35+05:30,3112.9,6,3132.55,995179,115938.0,207266.0,3163.0,3163.0,3108.0,3134.3,31871600,3447.7,2820.9,3839.9,2896.0,3112.9,10,1,3112.8,132,4,3112.6,69,3,3112.5,31,2,3112.4,35,2,3113.9,1,1,3114.0,32,1,3114.2,103,1,3114.3,219,2,3114.4,78,4
2031,2026-06-16 10:28:36+05:30,3113.9,1,3132.55,995179,115938.0,207266.0,3163.0,3163.0,3108.0,3134.3,31871600,3447.7,2820.9,3839.9,2896.0,3112.9,10,1,3112.8,132,4,3112.6,69,3,3112.5,31,2,3112.4,35,2,3113.9,1,1,3114.0,32,1,3114.2,103,1,3114.3,219,2,3114.4,78,4
2031,2026-06-16 10:28:36+05:30,3113.9,1,3132.55,995179,115938.0,207266.0,3163.0,3163.0,3108.0,3134.3,31871600,3447.7,2820.9,3839.9,2896.0,3112.9,10,1,3112.8,132,4,3112.6,69,3,3112.5,31,2,3112.4,35,2,3113.9,1,1,3114.0,32,1,3114.2,103,1,3114.3,219,2,3114.4,78,4
2031,2026-06-16 10:28:36+05:30,3113.9,1,3132.55,995180,116798.0,208796.0,3163.0,3163.0,3108.0,3134.3,31871600,3447.7,2820.9,3839.9,2896.0,3113.3,33,3,3113.2,45,3,3113.1,16,1,3113.0,147,4,3112.9,585,4,3114.2,32,1,3114.3,19,1,3114.4,64,2,3114.5,88,1,3114.6,200,1
2031,2026-06-16 10:28:36+05:30,3113.9,1,3132.55,995180,116798.0,208796.0,3163.0,3163.0,3108.0,3134.3,31871600,3447.7,2820.9,3839.9,2896.0,3113.3,33,3,3113.2,45,3,3113.1,16,1,3113.0,147,4,3112.9,585,4,3114.2,32,1,3114.3,19,1,3114.4,64,2,3114.5,88,1,3114.6,200,1
2031,2026-06-16 10:28:37+05:30,3113.3,7,3132.55,995180,116798.0,208796.0,3163.0,3163.0,3108.0,3134.3,31871600,3447.7,2820.9,3839.9,2896.0,3113.3,33,3,3113.2,45,3,3113.1,16,1,3113.0,147,4,3112.9,585,4,3114.2,32,1,3114.3,19,1,3114.4,64,2,3114.5,88,1,3114.6,200,1
2031,2026-06-16 10:28:37+05:30,3113.3,7,3132.55,995180,116798.0,208796.0,3163.0,3163.0,3108.0,3134.3,31871600,3447.7,2820.9,3839.9,2896.0,3113.3,33,3,3113.2,45,3,3113.1,16,1,3113.0,147,4,3112.9,585,4,3114.2,32,1,3114.3,19,1,3114.4,64,2,3114.5,88,1,3114.6,200,1
2031,2026-06-16 10:28:37+05:30,3113.3,7,3132.55,995188,116924.0,208707.0,3163.0,3163.0,3108.0,3134.3,31871600,3447.7,2820.9,3839.9,2896.0,3113.3,94,4,3113.2,99,5,3113.1,37,2,3113.0,147,4,3112.9,525,3,3114.2,31,1,3114.3,19,1,3114.4,25,1,3114.6,200,1,3114.7,631,5
2031,2026-06-16 10:28:37+05:30,3113.3,7,3132.55,995188,116924.0,208707.0,3163.0,3163.0,3108.0,3134.3,31871600,3447.7,2820.9,3839.9,2896.0,3113.3,94,4,3113.2,99,5,3113.1,37,2,3113.0,147,4,3112.9,525,3,3114.2,31,1,3114.3,19,1,3114.4,25,1,3114.6,200,1,3114.7,631,5
2031,2026-06-16 10:28:38+05:30,3113.3,7,3132.55,995188,116944.0,208935.0,3163.0,3163.0,3108.0,3134.3,31871600,3447.7,2820.9,3839.9,2896.0,3113.3,94,4,3113.2,99,5,3113.1,37,2,3113.0,147,4,3112.9,525,3,3114.2,31,1,3114.3,19,1,3114.4,25,1,3114.6,219,2,3114.7,631,5
2031,2026-06-16 10:28:38+05:30,3113.3,7,3132.55,995188,116944.0,208935.0,3163.0,3163.0,3108.0,3134.3,31871600,3447.7,2820.9,3839.9,2896.0,3113.3,94,4,3113.2,99,5,3113.1,37,2,3113.0,147,4,3112.9,525,3,3114.2,31,1,3114.3,19,1,3114.4,25,1,3114.6,219,2,3114.7,631,5
2031,2026-06-16 10:28:39+05:30,3113.3,7,3132.55,995188,116959.0,208834.0,3163.0,3163.0,3108.0,3134.3,31871600,3447.7,2820.9,3839.9,2896.0,3113.5,24,1,3113.4,13,1,3113.3,140,6,3113.2,45,3,3113.1,210,3,3114.2,31,1,3114.3,19,1,3114.4,25,1,3114.6,219,2,3114.7,603,4
2031,2026-06-16 10:28:39+05:30,3113.3,7,3132.55,995188,116959.0,208834.0,3163.0,3163.0,3108.0,3134.3,31871600,3447.7,2820.9,3839.9,2896.0,3113.5,24,1,3113.4,13,1,3113.3,140,6,3113.2,45,3,3113.1,210,3,3114.2,31,1,3114.3,19,1,3114.4,25,1,3114.6,219,2,3114.7,603,4
2031,2026-06-16 10:28:40+05:30,3113.3,7,3132.55,995188,116959.0,208834.0,3163.0,3163.0,3108.0,3134.3,31871600,3447.7,2820.9,3839.9,2896.0,3113.5,24,1,3113.4,13,1,3113.3,140,6,3113.2,45,3,3113.1,210,3,3114.2,31,1,3114.3,19,1,3114.4,25,1,3114.6,219,2,3114.7,603,4
2031,2026-06-16 10:28:40+05:30,3113.3,7,3132.55,995188,116848.0,208968.0,3163.0,3163.0,3108.0,3134.3,31871600,3447.7,2820.9,3839.9,2896.0,3113.6,38,3,3113.5,2,1,3113.4,13,1,3113.3,131,5,3113.2,13,1,3114.2,31,1,3114.3,19,1,3114.4,25,1,3114.6,219,2,3114.7,603,4
2031,2026-06-16 10:28:40+05:30,3113.3,7,3132.55,995188,116848.0,208968.0,3163.0,3163.0,3108.0,3134.3,31871600,3447.7,2820.9,3839.9,2896.0,3113.6,38,3,3113.5,2,1,3113.4,13,1,3113.3,131,5,3113.2,13,1,3114.2,31,1,3114.3,19,1,3114.4,25,1,3114.6,219,2,3114.7,603,4
2031,2026-06-16 10:28:41+05:30,3113.3,7,3132.55,995188,117121.0,208988.0,3163.0,3163.0,3108.0,3134.3,31871600,3447.7,2820.9,3839.9,2896.0,3113.6,107,4,3113.5,2,1,3113.4,13,1,3113.3,131,5,3113.2,13,1,3114.2,65,2,3114.3,19,1,3114.4,25,1,3114.6,200,1,3114.7,600,3
2031,2026-06-16 10:28:41+05:30,3113.3,7,3132.55,995188,117121.0,208988.0,3163.0,3163.0,3108.0,3134.3,31871600,3447.7,2820.9,3839.9,2896.0,3113.6,107,4,3113.5,2,1,3113.4,13,1,3113.3,131,5,3113.2,13,1,3114.2,65,2,3114.3,19,1,3114.4,25,1,3114.6,200,1,3114.7,600,3
2031,2026-06-16 10:28:42+05:30,3113.6,12,3132.55,995188,117121.0,208988.0,3163.0,3163.0,3108.0,3134.3,31871600,3447.7,2820.9,3839.9,2896.0,3113.6,107,4,3113.5,2,1,3113.4,13,1,3113.3,131,5,3113.2,13,1,3114.2,65,2,3114.3,19,1,3114.4,25,1,3114.6,200,1,3114.7,600,3
2031,2026-06-16 10:28:42+05:30,3114.2,1,3132.54,995440,117655.0,207370.0,3163.0,3163.0,3108.0,3134.3,31871600,3447.7,2820.9,3839.9,2896.0,3114.0,25,1,3113.6,59,2,3113.5,2,1,3113.4,13,1,3113.3,575,4,3114.2,34,2,3114.3,19,1,3114.5,32,1,3114.8,165,2,3114.9,724,16
2031,2026-06-16 10:28:42+05:30,3114.2,1,3132.54,995440,117655.0,207370.0,3163.0,3163.0,3108.0,3134.3,31871600,3447.7,2820.9,3839.9,2896.0,3114.0,25,1,3113.6,59,2,3113.5,2,1,3113.4,13,1,3113.3,575,4,3114.2,34,2,3114.3,19,1,3114.5,32,1,3114.8,165,2,3114.9,724,16
2031,2026-06-16 10:28:43+05:30,3113.6,16,3132.54,995440,117655.0,207370.0,3163.0,3163.0,3108.0,3134.3,31871600,3447.7,2820.9,3839.9,2896.0,3114.0,25,1,3113.6,59,2,3113.5,2,1,3113.4,13,1,3113.3,575,4,3114.2,34,2,3114.3,19,1,3114.5,32,1,3114.8,165,2,3114.9,724,16
2031,2026-06-16 10:28:43+05:30,3113.6,16,3132.54,995440,117655.0,207370.0,3163.0,3163.0,3108.0,3134.3,31858400,3447.7,2820.9,3839.9,2896.0,3114.0,25,1,3113.6,59,2,3113.5,2,1,3113.4,13,1,3113.3,575,4,3114.2,34,2,3114.3,19,1,3114.5,32,1,3114.8,165,2,3114.9,724,16
2031,2026-06-16 10:28:43+05:30,3113.6,16,3132.54,995562,117557.0,208761.0,3163.0,3163.0,3108.0,3134.3,31858400,3447.7,2820.9,3839.9,2896.0,3113.5,2,1,3113.3,575,4,3113.2,13,1,3113.0,169,5,3112.9,525,3,3113.6,103,1,3114.1,35,1,3114.2,37,3,3114.3,38,2,3114.4,11,1
2031,2026-06-16 10:28:44+05:30,3113.6,16,3132.54,995562,117632.0,208725.0,3163.0,3163.0,3108.0,3134.3,31858400,3447.7,2820.9,3839.9,2896.0,3113.5,62,3,3113.3,575,4,3113.2,13,1,3113.1,21,1,3113.0,208,5,3113.6,128,2,3114.1,35,1,3114.2,13,2,3114.3,19,1,3114.4,42,2
2031,2026-06-16 10:28:45+05:30,3113.3,38,3132.53,995967,117420.0,208554.0,3163.0,3163.0,3108.0,3134.3,31858400,3447.7,2820.9,3839.9,2896.0,3113.3,469,3,3113.1,21,1,3113.0,115,2,3112.9,525,3,3112.8,17,1,3113.6,160,3,3114.1,35,1,3114.2,63,4,3114.3,19,1,3114.4,11,1
2031,2026-06-16 10:28:46+05:30,3113.6,2,3132.53,995967,117420.0,208554.0,3163.0,3163.0,3108.0,3134.3,31858400,3447.7,2820.9,3839.9,2896.0,3113.3,469,3,3113.1,21,1,3113.0,115,2,3112.9,525,3,3112.8,17,1,3113.6,160,3,3114.1,35,1,3114.2,63,4,3114.3,19,1,3114.4,11,1
2031,2026-06-16 10:28:46+05:30,3113.6,2,3132.53,995969,117486.0,208622.0,3163.0,3163.0,3108.0,3134.3,31858400,3447.7,2820.9,3839.9,2896.0,3113.3,469,3,3113.1,21,1,3113.0,115,2,3112.9,585,4,3112.8,17,1,3113.6,173,5,3114.1,35,1,3114.2,63,4,3114.3,19,1,3114.4,11,1
2031,2026-06-16 10:28:47+05:30,3113.6,1,3132.53,995969,117486.0,208622.0,3163.0,3163.0,3108.0,3134.3,31858400,3447.7,2820.9,3839.9,2896.0,3113.3,469,3,3113.1,21,1,3113.0,115,2,3112.9,585,4,3112.8,17,1,3113.6,173,5,3114.1,35,1,3114.2,63,4,3114.3,19,1,3114.4,11,1
2031,2026-06-16 10:28:47+05:30,3114.9,19,3132.52,996948,117548.0,209090.0,3163.0,3163.0,3108.0,3134.3,31858400,3447.7,2820.9,3839.9,2896.0,3113.3,469,3,3113.0,115,2,3112.9,563,3,3112.8,21,1,3112.7,62,2,3114.4,16,1,3114.5,64,3,3114.6,73,2,3114.8,69,5,3114.9,634,14
2031,2026-06-16 10:28:48+05:30,3114.4,1,3132.52,996948,117548.0,209090.0,3163.0,3163.0,3108.0,3134.3,31858400,3447.7,2820.9,3839.9,2896.0,3113.3,469,3,3113.0,115,2,3112.9,563,3,3112.8,21,1,3112.7,62,2,3114.4,16,1,3114.5,64,3,3114.6,73,2,3114.8,69,5,3114.9,634,14
2031,2026-06-16 10:28:48+05:30,3114.4,1,3132.52,996992,117769.0,209236.0,3163.0,3163.0,3108.0,3134.3,31858400,3447.7,2820.9,3839.9,2896.0,3113.3,474,4,3113.0,115,2,3112.9,563,3,3112.8,21,1,3112.7,62,2,3114.4,73,2,3114.5,110,4,3114.6,19,1,3114.7,9,1,3114.8,89,6
2031,2026-06-16 10:28:49+05:30,3114.4,1,3132.52,996992,117769.0,209236.0,3163.0,3163.0,3108.0,3134.3,31858400,3447.7,2820.9,3839.9,2896.0,3113.3,474,4,3113.0,115,2,3112.9,563,3,3112.8,21,1,3112.7,62,2,3114.4,73,2,3114.5,110,4,3114.6,19,1,3114.7,9,1,3114.8,89,6
2031,2026-06-16 10:28:49+05:30,3114.4,1,3132.52,996993,117775.0,209175.0,3163.0,3163.0,3108.0,3134.3,31858400,3447.7,2820.9,3839.9,2896.0,3113.3,474,4,3113.0,115,2,3112.9,563,3,3112.8,21,1,3112.7,62,2,3114.4,72,2,3114.5,110,4,3114.6,19,1,3114.7,9,1,3114.8,89,6
2031,2026-06-16 10:28:50+05:30,3114.4,1,3132.52,996994,117871.0,209146.0,3163.0,3163.0,3108.0,3134.3,31858400,3447.7,2820.9,3839.9,2896.0,3113.3,474,4,3113.0,115,2,3112.9,563,3,3112.8,21,1,3112.7,62,2,3114.4,71,2,3114.5,78,2,3114.6,19,1,3114.7,9,1,3114.8,89,6
2031,2026-06-16 10:28:51+05:30,3114.4,1,3132.52,996994,117871.0,209146.0,3163.0,3163.0,3108.0,3134.3,31858400,3447.7,2820.9,3839.9,2896.0,3113.3,474,4,3113.0,115,2,3112.9,563,3,3112.8,21,1,3112.7,62,2,3114.4,71,2,3114.5,78,2,3114.6,19,1,3114.7,9,1,3114.8,89,6
2031,2026-06-16 10:28:51+05:30,3114.8,23,3132.51,997494,118045.0,208971.0,3163.0,3163.0,3108.0,3134.3,31858400,3447.7,2820.9,3839.9,2896.0,3113.3,474,4,3113.1,34,2,3113.0,136,3,3112.9,563,3,3112.7,41,2,3114.4,42,2,3114.6,78,3,3114.7,11,1,3114.8,28,4,3114.9,643,15
2031,2026-06-16 10:28:52+05:30,3113.3,78,3132.51,997494,118045.0,208971.0,3163.0,3163.0,3108.0,3134.3,31858400,3447.7,2820.9,3839.9,2896.0,3113.3,474,4,3113.1,34,2,3113.0,136,3,3112.9,563,3,3112.7,41,2,3114.4,42,2,3114.6,78,3,3114.7,11,1,3114.8,28,4,3114.9,643,15
2031,2026-06-16 10:28:52+05:30,3114.4,1,3132.5,997580,118079.0,209317.0,3163.0,3163.0,3108.0,3134.3,31858400,3447.7,2820.9,3839.9,2896.0,3113.3,396,4,3113.2,21,1,3113.0,115,2,3112.9,563,3,3112.7,84,3,3114.4,71,5,3114.5,50,1,3114.6,34,1,3114.7,109,3,3114.8,56,6
2031,2026-06-16 10:28:53+05:30,3114.4,1,3132.5,997580,118079.0,209317.0,3163.0,3163.0,3108.0,3134.3,31858400,3447.7,2820.9,3839.9,2896.0,3113.3,396,4,3113.2,21,1,3113.0,115,2,3112.9,563,3,3112.7,84,3,3114.4,71,5,3114.5,50,1,3114.6,34,1,3114.7,109,3,3114.8,56,6
2031,2026-06-16 10:28:54+05:30,3113.3,19,3132.5,997649,117898.0,209506.0,3163.0,3163.0,3108.0,3134.3,31858400,3447.7,2820.9,3839.9,2896.0,3113.3,327,4,3113.2,21,1,3113.0,115,2,3112.9,563,3,3112.7,41,2,3114.3,55,5,3114.4,82,4,3114.5,45,4,3114.6,297,5,3114.7,59,2
2031,2026-06-16 10:28:54+05:30,3113.3,22,3132.5,997649,117898.0,209506.0,3163.0,3163.0,3108.0,3134.3,31858400,3447.7,2820.9,3839.9,2896.0,3113.3,327,4,3113.2,21,1,3113.0,115,2,3112.9,563,3,3112.7,41,2,3114.3,55,5,3114.4,82,4,3114.5,45,4,3114.6,297,5,3114.7,59,2
2031,2026-06-16 10:28:55+05:30,3113.6,100,3132.5,997790,117889.0,209417.0,3163.0,3163.0,3108.0,3134.3,31858400,3447.7,2820.9,3839.9,2896.0,3113.3,287,4,3113.2,21,1,3113.0,115,2,3112.9,503,2,3112.8,21,1,3113.6,100,1,3114.1,11,1,3114.2,191,2,3114.3,26,3,3114.4,60,3
2031,2026-06-16 10:28:55+05:30,3113.3,20,3132.5,997790,117889.0,209417.0,3163.0,3163.0,3108.0,3134.3,31858400,3447.7,2820.9,3839.9,2896.0,3113.3,287,4,3113.2,21,1,3113.0,115,2,3112.9,503,2,3112.8,21,1,3113.6,100,1,3114.1,11,1,3114.2,191,2,3114.3,26,3,3114.4,60,3
2031,2026-06-16 10:28:56+05:30,3113.4,1,3132.5,997811,117823.0,209845.0,3163.0,3163.0,3108.0,3134.3,31858400,3447.7,2820.9,3839.9,2896.0,3113.3,267,4,3113.2,21,1,3113.0,115,2,3112.9,504,3,3112.4,35,2,3113.4,99,1,3113.5,160,1,3113.6,72,3,3114.0,50,2,3114.1,11,1
2031,2026-06-16 10:28:56+05:30,3113.3,160,3132.5,997811,117823.0,209845.0,3163.0,3163.0,3108.0,3134.3,31858400,3447.7,2820.9,3839.9,2896.0,3113.3,267,4,3113.2,21,1,3113.0,115,2,3112.9,504,3,3112.4,35,2,3113.4,99,1,3113.5,160,1,3113.6,72,3,3114.0,50,2,3114.1,11,1
2031,2026-06-16 10:28:57+05:30,3113.5,1,3132.5,998071,117773.0,209313.0,3163.0,3163.0,3108.0,3134.3,31858400,3447.7,2820.9,3839.9,2896.0,3113.4,25,1,3113.3,134,5,3113.0,147,4,3112.9,560,5,3112.7,42,2,3113.5,47,1,3113.6,72,3,3114.3,6,1,3114.4,31,2,3114.5,15,2
2031,2026-06-16 10:28:57+05:30,3113.5,1,3132.5,998071,117773.0,209313.0,3163.0,3163.0,3108.0,3134.3,31858400,3447.7,2820.9,3839.9,2896.0,3113.4,25,1,3113.3,134,5,3113.0,147,4,3112.9,560,5,3112.7,42,2,3113.5,47,1,3113.6,72,3,3114.3,6,1,3114.4,31,2,3114.5,15,2
2031,2026-06-16 10:28:58+05:30,3113.6,1,3132.5,998071,117773.0,209313.0,3163.0,3163.0,3108.0,3134.3,31858400,3447.7,2820.9,3839.9,2896.0,3113.4,25,1,3113.3,134,5,3113.0,147,4,3112.9,560,5,3112.7,42,2,3113.5,47,1,3113.6,72,3,3114.3,6,1,3114.4,31,2,3114.5,15,2
2031,2026-06-16 10:28:58+05:30,3113.6,1,3132.49,998162,117785.0,209565.0,3163.0,3163.0,3108.0,3134.3,31858400,3447.7,2820.9,3839.9,2896.0,3113.4,1,1,3113.3,134,5,3113.2,21,1,3113.0,152,5,3112.9,645,7,3113.5,1,1,3113.6,52,1,3114.3,6,1,3114.4,31,2,3114.5,7,1
2031,2026-06-16 10:28:59+05:30,3113.5,1,3132.49,998162,117785.0,209565.0,3163.0,3163.0,3108.0,3134.3,31858400,3447.7,2820.9,3839.9,2896.0,3113.4,1,1,3113.3,134,5,3113.2,21,1,3113.0,152,5,3112.9,645,7,3113.5,1,1,3113.6,52,1,3114.3,6,1,3114.4,31,2,3114.5,7,1
2031,2026-06-16 10:28:59+05:30,3113.5,1,3132.49,998164,117831.0,209568.0,3163.0,3163.0,3108.0,3134.3,31858400,3447.7,2820.9,3839.9,2896.0,3113.5,20,1,3113.4,43,2,3113.3,134,5,3113.0,152,5,3112.9,64,3,3113.6,31,1,3114.3,6,1,3114.4,62,3,3114.5,26,2,3114.6,80,4
2031,2026-06-16 10:29:00+05:30,3113.6,30,3132.49,998164,117831.0,209568.0,3163.0,3163.0,3108.0,3134.3,31858400,3447.7,2820.9,3839.9,2896.0,3113.5,20,1,3113.4,43,2,3113.3,134,5,3113.0,152,5,3112.9,64,3,3113.6,31,1,3114.3,6,1,3114.4,62,3,3114.5,26,2,3114.6,80,4
2031,2026-06-16 10:29:00+05:30,3114.8,2,3132.49,998295,118504.0,209671.0,3163.0,3163.0,3108.0,3134.3,31858400,3447.7,2820.9,3839.9,2896.0,3113.5,32,4,3113.4,43,2,3113.3,155,6,3113.2,14,1,3113.1,25,1,3113.6,36,1,3114.8,105,6,3114.9,646,15,3115.0,237,4,3115.1,707,6
2031,2026-06-16 10:29:01+05:30,3113.6,36,3132.49,998295,118504.0,209671.0,3163.0,3163.0,3108.0,3134.3,31858400,3447.7,2820.9,3839.9,2896.0,3113.5,32,4,3113.4,43,2,3113.3,155,6,3113.2,14,1,3113.1,25,1,3113.6,36,1,3114.8,105,6,3114.9,646,15,3115.0,237,4,3115.1,707,6
2031,2026-06-16 10:29:01+05:30,3113.6,36,3132.49,998331,118230.0,210128.0,3163.0,3163.0,3108.0,3134.3,31858400,3447.7,2820.9,3839.9,2896.0,3113.6,29,4,3113.5,60,4,3113.4,43,2,3113.3,134,5,3113.2,14,1,3114.6,42,3,3114.7,47,3,3114.8,13,2,3114.9,784,18,3115.0,67,5
2031,2026-06-16 10:29:02+05:30,3114.4,5,3132.49,998331,118230.0,210128.0,3163.0,3163.0,3108.0,3134.3,31858400,3447.7,2820.9,3839.9,2896.0,3113.6,29,4,3113.5,60,4,3113.4,43,2,3113.3,134,5,3113.2,14,1,3114.6,42,3,3114.7,47,3,3114.8,13,2,3114.9,784,18,3115.0,67,5
2031,2026-06-16 10:29:02+05:30,3114.4,5,3132.49,998337,117548.0,209996.0,3163.0,3163.0,3108.0,3134.3,31858400,3447.7,2820.9,3839.9,2896.0,3113.6,29,4,3113.5,85,5,3113.4,43,2,3113.3,135,6,3113.2,14,1,3114.6,62,4,3114.7,138,5,3114.8,76,3,3114.9,750,18,3115.0,35,3
2031,2026-06-16 10:29:03+05:30,3114.6,1,3132.49,998337,117548.0,209996.0,3163.0,3163.0,3108.0,3134.3,31858400,3447.7,2820.9,3839.9,2896.0,3113.6,29,4,3113.5,85,5,3113.4,43,2,3113.3,135,6,3113.2,14,1,3114.6,62,4,3114.7,138,5,3114.8,76,3,3114.9,750,18,3115.0,35,3
2031,2026-06-16 10:29:03+05:30,3114.6,1,3132.49,998338,117542.0,209893.0,3163.0,3163.0,3108.0,3134.3,31858400,3447.7,2820.9,3839.9,2896.0,3113.6,87,7,3113.5,98,6,3113.4,43,2,3113.3,129,5,3113.0,131,4,3114.6,59,5,3114.7,288,5,3114.8,57,2,3114.9,1150,20,3115.0,435,5
2031,2026-06-16 10:29:04+05:30,3114.6,1,3132.49,998338,117549.0,209969.0,3163.0,3163.0,3108.0,3134.3,31858400,3447.7,2820.9,3839.9,2896.0,3113.6,88,8,3113.5,98,6,3113.4,43,2,3113.3,129,5,3113.0,131,4,3114.6,59,5,3114.7,316,6,3114.8,57,2,3114.9,1198,21,3115.0,435,5
2031,2026-06-16 10:29:05+05:30,3114.0,2,3132.49,998561,117637.0,210519.0,3163.0,3163.0,3108.0,3134.3,31858400,3447.7,2820.9,3839.9,2896.0,3113.6,61,5,3113.5,98,6,3113.4,68,3,3113.3,144,6,3113.2,21,1,3114.0,7,1,3114.6,14,2,3114.7,28,1,3114.8,91,3,3114.9,921,16
2031,2026-06-16 10:29:06+05:30,3114.0,2,3132.49,998561,117637.0,210519.0,3163.0,3163.0,3108.0,3134.3,31858400,3447.7,2820.9,3839.9,2896.0,3113.6,61,5,3113.5,98,6,3113.4,68,3,3113.3,144,6,3113.2,21,1,3114.0,7,1,3114.6,14,2,3114.7,28,1,3114.8,91,3,3114.9,921,16
2031,2026-06-16 10:29:06+05:30,3113.6,8,3132.49,998571,117809.0,210974.0,3163.0,3163.0,3108.0,3134.3,31858400,3447.7,2820.9,3839.9,2896.0,3113.6,77,6,3113.5,98,6,3113.4,43,2,3113.3,129,5,3113.0,120,3,3113.7,400,2,3114.0,47,2,3114.3,19,1,3114.5,62,2,3114.6,26,2
2031,2026-06-16 10:29:07+05:30,3113.6,28,3132.49,998571,117809.0,210974.0,3163.0,3163.0,3108.0,3134.3,31858400,3447.7,2820.9,3839.9,2896.0,3113.6,77,6,3113.5,98,6,3113.4,43,2,3113.3,129,5,3113.0,120,3,3113.7,400,2,3114.0,47,2,3114.3,19,1,3114.5,62,2,3114.6,26,2
2031,2026-06-16 10:29:07+05:30,3113.6,4,3132.49,998603,117772.0,210967.0,3163.0,3163.0,3108.0,3134.3,31858400,3447.7,2820.9,3839.9,2896.0,3113.6,45,6,3113.5,98,6,3113.4,43,2,3113.3,129,5,3113.0,120,3,3113.7,422,3,3114.0,47,2,3114.3,19,1,3114.5,84,3,3114.6,26,2
2031,2026-06-16 10:29:08+05:30,3113.6,4,3132.49,998603,117772.0,210967.0,3163.0,3163.0,3108.0,3134.3,31858400,3447.7,2820.9,3839.9,2896.0,3113.6,45,6,3113.5,98,6,3113.4,43,2,3113.3,129,5,3113.0,120,3,3113.7,422,3,3114.0,47,2,3114.3,19,1,3114.5,84,3,3114.6,26,2
2031,2026-06-16 10:29:08+05:30,3113.7,25,3132.48,999068,118353.0,210287.0,3163.0,3163.0,3108.0,3134.3,31858400,3447.7,2820.9,3839.9,2896.0,3113.7,16,1,3113.6,92,11,3113.5,126,8,3113.4,103,4,3113.3,183,9,3114.0,47,2,3114.5,22,1,3114.8,7,1,3114.9,789,13,3115.0,35,3
2031,2026-06-16 10:29:09+05:30,3113.7,25,3132.48,999068,118353.0,210287.0,3163.0,3163.0,3108.0,3134.3,31858400,3447.7,2820.9,3839.9,2896.0,3113.7,16,1,3113.6,92,11,3113.5,126,8,3113.4,103,4,3113.3,183,9,3114.0,47,2,3114.5,22,1,3114.8,7,1,3114.9,789,13,3115.0,35,3
2031,2026-06-16 10:29:09+05:30,3113.7,25,3132.48,999068,118371.0,209849.0,3163.0,3163.0,3108.0,3134.3,31858400,3447.7,2820.9,3839.9,2896.0,3113.6,83,10,3113.5,122,7,3113.4,116,5,3113.3,183,9,3113.2,105,5,3114.0,47,2,3114.5,22,1,3114.8,7,1,3114.9,293,12,3115.0,35,3
2031,2026-06-16 10:29:10+05:30,3114.0,10,3132.48,999086,118375.0,210293.0,3163.0,3163.0,3108.0,3134.3,31858400,3447.7,2820.9,3839.9,2896.0,3113.8,5,1,3113.7,52,4,3113.6,65,9,3113.5,147,7,3113.4,142,7,3114.0,72,2,3114.5,22,1,3114.8,7,1,3114.9,293,12,3115.0,35,3
2031,2026-06-16 10:29:11+05:30,3114.0,10,3132.48,999086,118375.0,210293.0,3163.0,3163.0,3108.0,3134.3,31858400,3447.7,2820.9,3839.9,2896.0,3113.8,5,1,3113.7,52,4,3113.6,65,9,3113.5,147,7,3113.4,142,7,3114.0,72,2,3114.5,22,1,3114.8,7,1,3114.9,293,12,3115.0,35,3
2031,2026-06-16 10:29:11+05:30,3114.0,10,3132.48,999096,118524.0,210188.0,3163.0,3163.0,3108.0,3134.3,31858400,3447.7,2820.9,3839.9,2896.0,3113.8,112,6,3113.7,28,3,3113.6,93,12,3113.5,177,8,3113.4,101,6,3114.0,76,3,3114.5,22,1,3114.8,7,1,3114.9,293,12,3115.0,35,3
2031,2026-06-16 10:29:12+05:30,3114.0,10,3132.48,999096,118524.0,210188.0,3163.0,3163.0,3108.0,3134.3,31858400,3447.7,2820.9,3839.9,2896.0,3113.8,112,6,3113.7,28,3,3113.6,93,12,3113.5,177,8,3113.4,101,6,3114.0,76,3,3114.5,22,1,3114.8,7,1,3114.9,293,12,3115.0,35,3
2031,2026-06-16 10:29:12+05:30,3114.0,3,3132.47,999175,118518.0,209816.0,3163.0,3163.0,3108.0,3134.3,31858400,3447.7,2820.9,3839.9,2896.0,3114.0,121,1,3113.8,100,6,3113.7,42,2,3113.6,77,11,3113.5,159,8,3114.5,22,1,3114.8,7,1,3114.9,293,12,3115.0,15,2,3115.1,600,3
2031,2026-06-16 10:29:13+05:30,3114.0,3,3132.47,999175,118518.0,209816.0,3163.0,3163.0,3108.0,3134.3,31858400,3447.7,2820.9,3839.9,2896.0,3114.0,121,1,3113.8,100,6,3113.7,42,2,3113.6,77,11,3113.5,159,8,3114.5,22,1,3114.8,7,1,3114.9,293,12,3115.0,15,2,3115.1,600,3
2031,2026-06-16 10:29:13+05:30,3114.4,2,3132.47,999178,118402.0,209521.0,3163.0,3163.0,3108.0,3134.3,31858400,3447.7,2820.9,3839.9,2896.0,3114.0,128,2,3113.8,154,8,3113.7,6,1,3113.6,96,12,3113.5,159,8,3114.4,5,1,3114.5,35,2,3114.8,31,2,3114.9,293,12,3115.0,15,2
2031,2026-06-16 10:29:14+05:30,3114.4,1,3132.47,999178,118402.0,209521.0,3163.0,3163.0,3108.0,3134.3,31858400,3447.7,2820.9,3839.9,2896.0,3114.0,128,2,3113.8,154,8,3113.7,6,1,3113.6,96,12,3113.5,159,8,3114.4,5,1,3114.5,35,2,3114.8,31,2,3114.9,293,12,3115.0,15,2
2031,2026-06-16 10:29:14+05:30,3114.4,1,3132.47,999179,118603.0,209729.0,3163.0,3163.0,3108.0,3134.3,31858400,3447.7,2820.9,3839.9,2896.0,3114.0,128,2,3113.8,169,9,3113.7,6,1,3113.6,120,13,3113.5,146,7,3114.4,4,1,3114.5,35,2,3114.8,31,2,3114.9,293,12,3115.0,15,2
2031,2026-06-16 10:29:15+05:30,3114.4,1,3132.47,999179,118603.0,209729.0,3163.0,3163.0,3108.0,3134.3,31858400,3447.7,2820.9,3839.9,2896.0,3114.0,128,2,3113.8,169,9,3113.7,6,1,3113.6,120,13,3113.5,146,7,3114.4,4,1,3114.5,35,2,3114.8,31,2,3114.9,293,12,3115.0,15,2
2031,2026-06-16 10:29:15+05:30,3114.2,1,3132.47,999384,118556.0,209724.0,3163.0,3163.0,3108.0,3134.3,31858400,3447.7,2820.9,3839.9,2896.0,3114.2,2,2,3114.0,5,2,3113.9,24,1,3113.8,68,4,3113.6,110,10,3114.5,35,2,3114.8,31,2,3114.9,293,12,3115.0,15,2,3115.1,665,5
2031,2026-06-16 10:29:16+05:30,3114.2,1,3132.47,999384,118556.0,209724.0,3163.0,3163.0,3108.0,3134.3,31858400,3447.7,2820.9,3839.9,2896.0,3114.2,2,2,3114.0,5,2,3113.9,24,1,3113.8,68,4,3113.6,110,10,3114.5,35,2,3114.8,31,2,3114.9,293,12,3115.0,15,2,3115.1,665,5
2031,2026-06-16 10:29:16+05:30,3114.0,4,3132.47,999584,118442.0,209648.0,3163.0,3163.0,3108.0,3134.3,31858400,3447.7,2820.9,3839.9,2896.0,3114.0,29,4,3113.9,24,1,3113.8,70,5,3113.6,98,8,3113.5,86,4,3114.5,49,3,3114.8,94,3,3114.9,293,12,3115.0,15,2,3115.1,665,5
2031,2026-06-16 10:29:17+05:30,3114.0,4,3132.47,999584,118442.0,209648.0,3163.0,3163.0,3108.0,3134.3,31858400,3447.7,2820.9,3839.9,2896.0,3114.0,29,4,3113.9,24,1,3113.8,70,5,3113.6,98,8,3113.5,86,4,3114.5,49,3,3114.8,94,3,3114.9,293,12,3115.0,15,2,3115.1,665,5
2031,2026-06-16 10:29:17+05:30,3114.0,4,3132.47,999584,118448.0,209438.0,3163.0,3163.0,3108.0,3134.3,31858400,3447.7,2820.9,3839.9,2896.0,3114.4,4,1,3114.0,70,5,3113.9,24,1,3113.8,69,5,3113.6,98,8,3114.5,49,3,3114.8,31,2,3114.9,293,12,3115.0,15,2,3115.1,658,4
2031,2026-06-16 10:29:18+05:30,3114.8,1,3132.47,999584,118448.0,209438.0,3163.0,3163.0,3108.0,3134.3,31858400,3447.7,2820.9,3839.9,2896.0,3114.4,4,1,3114.0,70,5,3113.9,24,1,3113.8,69,5,3113.6,98,8,3114.5,49,3,3114.8,31,2,3114.9,293,12,3115.0,15,2,3115.1,658,4
2031,2026-06-16 10:29:18+05:30,3114.8,1,3132.47,999635,118152.0,209162.0,3163.0,3163.0,3108.0,3134.3,31858400,3447.7,2820.9,3839.9,2896.0,3114.4,4,1,3114.0,84,6,3113.9,24,1,3113.8,11,3,3113.6,87,7,3114.8,29,2,3114.9,284,3,3115.0,15,2,3115.1,658,4,3115.2,403,3
2031,2026-06-16 10:29:19+05:30,3114.8,1,3132.47,999635,118152.0,209162.0,3163.0,3163.0,3108.0,3134.3,31858400,3447.7,2820.9,3839.9,2896.0,3114.4,4,1,3114.0,84,6,3113.9,24,1,3113.8,11,3,3113.6,87,7,3114.8,29,2,3114.9,284,3,3115.0,15,2,3115.1,658,4,3115.2,403,3
2031,2026-06-16 10:29:19+05:30,3114.5,2,3132.46,999860,118840.0,207561.0,3163.0,3163.0,3108.0,3134.3,31858400,3447.7,2820.9,3839.9,2896.0,3114.5,1,1,3114.4,4,1,3114.2,24,1,3114.1,8,1,3114.0,93,7,3114.8,24,1,3114.9,84,2,3115.0,15,2,3115.1,63,1,3115.5,8,1
2031,2026-06-16 10:29:20+05:30,3114.5,1,3132.46,999860,118840.0,207561.0,3163.0,3163.0,3108.0,3134.3,31858400,3447.7,2820.9,3839.9,2896.0,3114.5,1,1,3114.4,4,1,3114.2,24,1,3114.1,8,1,3114.0,93,7,3114.8,24,1,3114.9,84,2,3115.0,15,2,3115.1,63,1,3115.5,8,1
2031,2026-06-16 10:29:20+05:30,3114.5,41,3132.46,999902,118903.0,208388.0,3163.0,3163.0,3108.0,3134.3,31858400,3447.7,2820.9,3839.9,2896.0,3114.4,4,1,3114.2,24,1,3114.1,52,3,3114.0,98,8,3113.8,108,6,3114.5,57,1,3114.8,24,1,3114.9,44,2,3115.0,15,2,3115.1,63,1
2031,2026-06-16 10:29:21+05:30,3114.5,41,3132.46,999902,118903.0,208388.0,3163.0,3163.0,3108.0,3134.3,31858400,3447.7,2820.9,3839.9,2896.0,3114.4,4,1,3114.2,24,1,3114.1,52,3,3114.0,98,8,3113.8,108,6,3114.5,57,1,3114.8,24,1,3114.9,44,2,3115.0,15,2,3115.1,63,1
2031,2026-06-16 10:29:21+05:30,3114.5,1,3132.46,999903,118875.0,208502.0,3163.0,3163.0,3108.0,3134.3,31858400,3447.7,2820.9,3839.9,2896.0,3114.4,4,1,3114.2,39,3,3114.1,16,2,3114.0,68,6,3113.8,129,7,3114.5,39,2,3114.8,24,1,3114.9,80,3,3115.0,15,2,3115.6,33,2
2031,2026-06-16 10:29:22+05:30,3114.5,1,3132.46,999903,118875.0,208502.0,3163.0,3163.0,3108.0,3134.3,31858400,3447.7,2820.9,3839.9,2896.0,3114.4,4,1,3114.2,39,3,3114.1,16,2,3114.0,68,6,3113.8,129,7,3114.5,39,2,3114.8,24,1,3114.9,80,3,3115.0,15,2,3115.6,33,2
2031,2026-06-16 10:29:22+05:30,3114.5,20,3132.46,999923,118927.0,208463.0,3163.0,3163.0,3108.0,3134.3,31858400,3447.7,2820.9,3839.9,2896.0,3114.4,4,1,3114.2,39,3,3114.1,44,2,3114.0,49,5,3113.9,32,2,3114.5,44,3,3114.8,24,1,3114.9,44,2,3115.0,15,2,3115.6,33,2
2031,2026-06-16 10:29:23+05:30,3114.5,20,3132.46,999923,118927.0,208463.0,3163.0,3163.0,3108.0,3134.3,31858400,3447.7,2820.9,3839.9,2896.0,3114.4,4,1,3114.2,39,3,3114.1,44,2,3114.0,49,5,3113.9,32,2,3114.5,44,3,3114.8,24,1,3114.9,44,2,3115.0,15,2,3115.6,33,2
2031,2026-06-16 10:29:23+05:30,3115.1,80,3132.45,1000304,119028.0,207626.0,3163.0,3163.0,3108.0,3134.3,31858400,3447.7,2820.9,3839.9,2896.0,3114.4,4,1,3114.2,15,2,3114.0,75,6,3113.9,13,1,3113.8,88,4,3115.4,41,3,3115.5,133,6,3115.6,73,4,3115.7,20,1,3115.8,52,2
2031,2026-06-16 10:29:24+05:30,3115.1,80,3132.45,1000304,119028.0,207626.0,3163.0,3163.0,3108.0,3134.3,31858400,3447.7,2820.9,3839.9,2896.0,3114.4,4,1,3114.2,15,2,3114.0,75,6,3113.9,13,1,3113.8,88,4,3115.4,41,3,3115.5,133,6,3115.6,73,4,3115.7,20,1,3115.8,52,2
2031,2026-06-16 10:29:24+05:30,3115.4,7,3132.45,1000380,119056.0,206960.0,3163.0,3163.0,3108.0,3134.3,31858400,3447.7,2820.9,3839.9,2896.0,3114.3,23,1,3114.2,15,2,3114.1,18,2,3114.0,49,5,3113.9,8,1,3115.4,48,1,3115.5,113,5,3115.6,36,1,3115.7,247,3,3115.8,126,5
2031,2026-06-16 10:29:25+05:30,3115.4,7,3132.45,1000380,119056.0,206960.0,3163.0,3163.0,3108.0,3134.3,31858400,3447.7,2820.9,3839.9,2896.0,3114.3,23,1,3114.2,15,2,3114.1,18,2,3114.0,49,5,3113.9,8,1,3115.4,48,1,3115.5,113,5,3115.6,36,1,3115.7,247,3,3115.8,126,5
2031,2026-06-16 10:29:25+05:30,3115.4,7,3132.45,1000380,119056.0,206960.0,3163.0,3163.0,3108.0,3134.3,31858400,3447.7,2820.9,3839.9,2896.0,3114.3,23,1,3114.2,15,2,3114.1,18,2,3114.0,49,5,3113.9,8,1,3115.4,48,1,3115.5,113,5,3115.6,36,1,3115.7,247,3,3115.8,126,5
2031,2026-06-16 10:29:25+05:30,3115.4,1,3132.45,1000382,119268.0,207231.0,3163.0,3163.0,3108.0,3134.3,31858400,3447.7,2820.9,3839.9,2896.0,3114.3,67,4,3114.2,15,2,3114.1,107,4,3114.0,90,7,3113.9,8,1,3115.5,6,1,3115.8,82,3,3115.9,53,2,3116.0,118,7,3116.1,149,4
2031,2026-06-16 10:29:26+05:30,3115.4,1,3132.45,1000382,119268.0,207231.0,3163.0,3163.0,3108.0,3134.3,31858400,3447.7,2820.9,3839.9,2896.0,3114.3,67,4,3114.2,15,2,3114.1,107,4,3114.0,90,7,3113.9,8,1,3115.5,6,1,3115.8,82,3,3115.9,53,2,3116.0,118,7,3116.1,149,4
2031,2026-06-16 10:29:26+05:30,3115.9,2,3132.43,1001524,118679.0,207426.0,3163.0,3163.0,3108.0,3134.3,31858400,3447.7,2820.9,3839.9,2896.0,3114.7,15,1,3114.6,85,3,3114.5,98,5,3114.3,92,6,3114.2,35,4,3115.5,43,2,3115.9,5,1,3116.0,62,2,3116.1,8,1,3116.2,32,3
2031,2026-06-16 10:29:27+05:30,3114.7,15,3132.43,1001524,118679.0,207426.0,3163.0,3163.0,3108.0,3134.3,31858400,3447.7,2820.9,3839.9,2896.0,3114.7,15,1,3114.6,85,3,3114.5,98,5,3114.3,92,6,3114.2,35,4,3115.5,43,2,3115.9,5,1,3116.0,62,2,3116.1,8,1,3116.2,32,3
2031,2026-06-16 10:29:27+05:30,3114.7,15,3132.43,1001524,118679.0,207426.0,3163.0,3163.0,3108.0,3134.3,31858400,3447.7,2820.9,3839.9,2896.0,3114.7,15,1,3114.6,85,3,3114.5,98,5,3114.3,92,6,3114.2,35,4,3115.5,43,2,3115.9,5,1,3116.0,62,2,3116.1,8,1,3116.2,32,3
2031,2026-06-16 10:29:27+05:30,3114.7,15,3132.43,1001539,118619.0,207480.0,3163.0,3163.0,3108.0,3134.3,31858400,3447.7,2820.9,3839.9,2896.0,3114.5,25,2,3114.4,24,1,3114.3,71,5,3114.2,34,3,3114.1,67,2,3114.7,144,1,3115.5,43,2,3115.8,57,3,3115.9,63,2,3116.0,84,3
2031,2026-06-16 10:29:28+05:30,3114.5,1,3132.43,1001539,118619.0,207480.0,3163.0,3163.0,3108.0,3134.3,31858400,3447.7,2820.9,3839.9,2896.0,3114.5,25,2,3114.4,24,1,3114.3,71,5,3114.2,34,3,3114.1,67,2,3114.7,144,1,3115.5,43,2,3115.8,57,3,3115.9,63,2,3116.0,84,3
2031,2026-06-16 10:29:28+05:30,3114.5,1,3132.43,1001626,118480.0,207509.0,3163.0,3163.0,3108.0,3134.3,31858400,3447.7,2820.9,3839.9,2896.0,3114.3,71,5,3114.2,15,2,3114.1,67,2,3114.0,108,7,3113.9,37,1,3114.5,57,1,3114.7,43,1,3115.5,43,2,3115.6,21,1,3115.8,57,3
2031,2026-06-16 10:29:29+05:30,3114.4,1,3132.43,1001626,118480.0,207509.0,3163.0,3163.0,3108.0,3134.3,31858400,3447.7,2820.9,3839.9,2896.0,3114.3,71,5,3114.2,15,2,3114.1,67,2,3114.0,108,7,3113.9,37,1,3114.5,57,1,3114.7,43,1,3115.5,43,2,3115.6,21,1,3115.8,57,3
2031,2026-06-16 10:29:29+05:30,3114.4,1,3132.43,1001626,118480.0,207509.0,3163.0,3163.0,3108.0,3134.3,31858400,3447.7,2820.9,3839.9,2896.0,3114.3,71,5,3114.2,15,2,3114.1,67,2,3114.0,108,7,3113.9,37,1,3114.5,57,1,3114.7,43,1,3115.5,43,2,3115.6,21,1,3115.8,57,3
2031,2026-06-16 10:29:29+05:30,3114.4,24,3132.43,1001699,118460.0,207781.0,3163.0,3163.0,3108.0,3134.3,31858400,3447.7,2820.9,3839.9,2896.0,3114.4,2,1,3114.3,49,4,3114.2,15,2,3114.1,75,2,3114.0,89,5,3114.7,43,1,3115.5,85,3,3115.6,21,1,3115.8,57,3,3115.9,63,2
2031,2026-06-16 10:29:30+05:30,3114.4,24,3132.43,1001699,118460.0,207781.0,3163.0,3163.0,3108.0,3134.3,31858400,3447.7,2820.9,3839.9,2896.0,3114.4,2,1,3114.3,49,4,3114.2,15,2,3114.1,75,2,3114.0,89,5,3114.7,43,1,3115.5,85,3,3115.6,21,1,3115.8,57,3,3115.9,63,2
2031,2026-06-16 10:29:30+05:30,3114.4,24,3132.43,1001699,118660.0,207940.0,3163.0,3163.0,3108.0,3134.3,31858400,3447.7,2820.9,3839.9,2896.0,3114.6,2,2,3114.5,29,2,3114.4,38,4,3114.3,105,8,3114.2,63,4,3114.7,44,2,3115.5,78,2,3115.8,44,2,3115.9,58,1,3116.0,122,4
2031,2026-06-16 10:29:30+05:30,3114.4,24,3132.43,1001699,118660.0,207940.0,3163.0,3163.0,3108.0,3134.3,31858400,3447.7,2820.9,3839.9,2896.0,3114.6,2,2,3114.5,29,2,3114.4,38,4,3114.3,105,8,3114.2,63,4,3114.7,44,2,3115.5,78,2,3115.8,44,2,3115.9,58,1,3116.0,122,4
2031,2026-06-16 10:29:31+05:30,3114.4,24,3132.43,1001699,118658.0,207868.0,3163.0,3163.0,3108.0,3134.3,31858400,3447.7,2820.9,3839.9,2896.0,3114.6,2,2,3114.5,24,1,3114.4,14,3,3114.3,84,7,3114.2,26,3,3114.7,44,2,3115.5,78,2,3115.8,44,2,3115.9,81,2,3116.0,122,4
2031,2026-06-16 10:29:32+05:30,3114.7,1,3132.43,1001699,118658.0,207868.0,3163.0,3163.0,3108.0,3134.3,31858400,3447.7,2820.9,3839.9,2896.0,3114.6,2,2,3114.5,24,1,3114.4,14,3,3114.3,84,7,3114.2,26,3,3114.7,44,2,3115.5,78,2,3115.8,44,2,3115.9,81,2,3116.0,122,4
2031,2026-06-16 10:29:32+05:30,3114.7,1,3132.43,1001699,118658.0,207868.0,3163.0,3163.0,3108.0,3134.3,31858400,3447.7,2820.9,3839.9,2896.0,3114.6,2,2,3114.5,24,1,3114.4,14,3,3114.3,84,7,3114.2,26,3,3114.7,44,2,3115.5,78,2,3115.8,44,2,3115.9,81,2,3116.0,122,4
2031,2026-06-16 10:29:32+05:30,3114.7,1,3132.43,1001743,119038.0,207873.0,3163.0,3163.0,3108.0,3134.3,31858400,3447.7,2820.9,3839.9,2896.0,3114.7,25,1,3114.6,40,3,3114.5,8,1,3114.4,94,6,3114.3,81,6,3115.5,78,2,3115.8,23,1,3115.9,23,1,3116.0,32,1,3116.1,66,2
2031,2026-06-16 10:29:33+05:30,3114.7,43,3132.43,1001786,118993.0,207932.0,3163.0,3163.0,3108.0,3134.3,31858400,3447.7,2820.9,3839.9,2896.0,3114.7,26,1,3114.6,40,3,3114.4,54,4,3114.3,72,6,3114.2,12,2,3115.5,78,2,3115.6,23,1,3115.8,45,3,3115.9,23,1,3116.0,32,1
2031,2026-06-16 10:29:34+05:30,3114.7,43,3132.43,1001786,118993.0,207932.0,3163.0,3163.0,3108.0,3134.3,31858400,3447.7,2820.9,3839.9,2896.0,3114.7,26,1,3114.6,40,3,3114.4,54,4,3114.3,72,6,3114.2,12,2,3115.5,78,2,3115.6,23,1,3115.8,45,3,3115.9,23,1,3116.0,32,1
2031,2026-06-16 10:29:34+05:30,3114.7,43,3132.43,1001786,118993.0,207932.0,3163.0,3163.0,3108.0,3134.3,31858400,3447.7,2820.9,3839.9,2896.0,3114.7,26,1,3114.6,40,3,3114.4,54,4,3114.3,72,6,3114.2,12,2,3115.5,78,2,3115.6,23,1,3115.8,45,3,3115.9,23,1,3116.0,32,1
2031,2026-06-16 10:29:34+05:30,3115.5,1,3132.43,1001787,119026.0,208119.0,3163.0,3163.0,3108.0,3134.3,31858400,3447.7,2820.9,3839.9,2896.0,3114.9,23,1,3114.7,40,1,3114.6,40,3,3114.5,16,1,3114.4,54,4,3115.5,77,2,3115.8,45,3,3115.9,23,1,3116.0,66,2,3116.1,115,4
2031,2026-06-16 10:29:35+05:30,3115.5,1,3132.43,1001787,119026.0,208119.0,3163.0,3163.0,3108.0,3134.3,31858400,3447.7,2820.9,3839.9,2896.0,3114.9,23,1,3114.7,40,1,3114.6,40,3,3114.5,16,1,3114.4,54,4,3115.5,77,2,3115.8,45,3,3115.9,23,1,3116.0,66,2,3116.1,115,4
2031,2026-06-16 10:29:35+05:30,3115.5,1,3132.43,1001787,119026.0,208119.0,3163.0,3163.0,3108.0,3134.3,31858400,3447.7,2820.9,3839.9,2896.0,3114.9,23,1,3114.7,40,1,3114.6,40,3,3114.5,16,1,3114.4,54,4,3115.5,77,2,3115.8,45,3,3115.9,23,1,3116.0,66,2,3116.1,115,4
2031,2026-06-16 10:29:35+05:30,3114.9,6,3132.43,1001794,119571.0,207938.0,3163.0,3163.0,3108.0,3134.3,31858400,3447.7,2820.9,3839.9,2896.0,3115.4,1,1,3115.2,2,2,3114.9,17,1,3114.7,40,1,3114.6,38,1,3115.5,76,2,3115.8,45,3,3115.9,53,2,3116.0,88,3,3116.1,85,3
2031,2026-06-16 10:29:36+05:30,3114.9,6,3132.43,1001794,119571.0,207938.0,3163.0,3163.0,3108.0,3134.3,31858400,3447.7,2820.9,3839.9,2896.0,3115.4,1,1,3115.2,2,2,3114.9,17,1,3114.7,40,1,3114.6,38,1,3115.5,76,2,3115.8,45,3,3115.9,53,2,3116.0,88,3,3116.1,85,3
2031,2026-06-16 10:29:36+05:30,3114.9,6,3132.43,1001794,119571.0,207938.0,3163.0,3163.0,3108.0,3134.3,31858400,3447.7,2820.9,3839.9,2896.0,3115.4,1,1,3115.2,2,2,3114.9,17,1,3114.7,40,1,3114.6,38,1,3115.5,76,2,3115.8,45,3,3115.9,53,2,3116.0,88,3,3116.1,85,3
2031,2026-06-16 10:29:36+05:30,3115.4,88,3132.42,1002083,117951.0,208488.0,3163.0,3163.0,3108.0,3134.3,31858400,3447.7,2820.9,3839.9,2896.0,3115.2,2,2,3114.9,2,1,3114.6,15,1,3114.4,14,3,3114.3,33,3,3115.4,112,1,3115.5,122,6,3115.6,19,1,3115.7,13,1,3115.8,80,3
2031,2026-06-16 10:29:37+05:30,3115.2,1,3132.42,1002083,117951.0,208488.0,3163.0,3163.0,3108.0,3134.3,31858400,3447.7,2820.9,3839.9,2896.0,3115.2,2,2,3114.9,2,1,3114.6,15,1,3114.4,14,3,3114.3,33,3,3115.4,112,1,3115.5,122,6,3115.6,19,1,3115.7,13,1,3115.8,80,3
2031,2026-06-16 10:29:37+05:30,3115.2,1,3132.42,1002083,117951.0,208488.0,3163.0,3163.0,3108.0,3134.3,31858400,3447.7,2820.9,3839.9,2896.0,3115.2,2,2,3114.9,2,1,3114.6,15,1,3114.4,14,3,3114.3,33,3,3115.4,112,1,3115.5,122,6,3115.6,19,1,3115.7,13,1,3115.8,80,3
2031,2026-06-16 10:29:37+05:30,3115.2,1,3132.42,1002087,118970.0,208658.0,3163.0,3163.0,3108.0,3134.3,31858400,3447.7,2820.9,3839.9,2896.0,3114.9,2,1,3114.6,15,1,3114.4,14,3,3114.3,1,1,3114.2,17,2,3115.2,108,1,3115.3,23,1,3115.5,139,7,3115.6,19,1,3115.7,30,1
2031,2026-06-16 10:29:38+05:30,3115.2,1,3132.42,1002087,118970.0,208658.0,3163.0,3163.0,3108.0,3134.3,31858400,3447.7,2820.9,3839.9,2896.0,3114.9,2,1,3114.6,15,1,3114.4,14,3,3114.3,1,1,3114.2,17,2,3115.2,108,1,3115.3,23,1,3115.5,139,7,3115.6,19,1,3115.7,30,1
2031,2026-06-16 10:29:38+05:30,3114.6,98,3132.42,1002195,118946.0,208644.0,3163.0,3163.0,3108.0,3134.3,31858400,3447.7,2820.9,3839.9,2896.0,3115.0,6,1,3114.6,15,1,3114.5,23,1,3114.4,6,2,3114.3,1,1,3115.1,23,1,3115.2,25,1,3115.3,23,1,3115.5,114,6,3115.8,111,3
2031,2026-06-16 10:29:39+05:30,3114.6,98,3132.42,1002195,118946.0,208644.0,3163.0,3163.0,3108.0,3134.3,31858400,3447.7,2820.9,3839.9,2896.0,3115.0,6,1,3114.6,15,1,3114.5,23,1,3114.4,6,2,3114.3,1,1,3115.1,23,1,3115.2,25,1,3115.3,23,1,3115.5,114,6,3115.8,111,3
2031,2026-06-16 10:29:39+05:30,3114.6,98,3132.42,1002195,118946.0,208644.0,3163.0,3163.0,3108.0,3134.3,31858400,3447.7,2820.9,3839.9,2896.0,3115.0,6,1,3114.6,15,1,3114.5,23,1,3114.4,6,2,3114.3,1,1,3115.1,23,1,3115.2,25,1,3115.3,23,1,3115.5,114,6,3115.8,111,3
2031,2026-06-16 10:29:39+05:30,3114.5,95,3132.42,1002396,118947.0,208441.0,3163.0,3163.0,3108.0,3134.3,31858400,3447.7,2820.9,3839.9,2896.0,3115.0,698,3,3114.5,44,2,3114.4,6,2,3114.3,18,2,3114.2,36,3,3115.1,22,1,3115.2,25,1,3115.3,23,1,3115.5,85,3,3116.0,32,1
2031,2026-06-16 10:29:40+05:30,3114.5,95,3132.42,1002396,118947.0,208441.0,3163.0,3163.0,3108.0,3134.3,31858400,3447.7,2820.9,3839.9,2896.0,3115.0,698,3,3114.5,44,2,3114.4,6,2,3114.3,18,2,3114.2,36,3,3115.1,22,1,3115.2,25,1,3115.3,23,1,3115.5,85,3,3116.0,32,1
2031,2026-06-16 10:29:40+05:30,3114.5,95,3132.42,1002396,118947.0,208441.0,3163.0,3163.0,3108.0,3134.3,31858400,3447.7,2820.9,3839.9,2896.0,3115.0,698,3,3114.5,44,2,3114.4,6,2,3114.3,18,2,3114.2,36,3,3115.1,22,1,3115.2,25,1,3115.3,23,1,3115.5,85,3,3116.0,32,1
2031,2026-06-16 10:29:40+05:30,3115.9,10,3132.42,1002607,119611.0,206300.0,3163.0,3163.0,3108.0,3134.3,31858400,3447.7,2820.9,3839.9,2896.0,3115.6,1,1,3115.0,805,4,3114.8,14,1,3114.7,66,2,3114.5,23,1,3115.9,6,1,3116.0,44,2,3116.2,67,2,3116.3,230,3,3116.4,22,1
2031,2026-06-16 10:29:41+05:30,3115.9,1,3132.42,1002607,119611.0,206300.0,3163.0,3163.0,3108.0,3134.3,31858400,3447.7,2820.9,3839.9,2896.0,3115.6,1,1,3115.0,805,4,3114.8,14,1,3114.7,66,2,3114.5,23,1,3115.9,6,1,3116.0,44,2,3116.2,67,2,3116.3,230,3,3116.4,22,1
2031,2026-06-16 10:29:41+05:30,3115.9,1,3132.42,1002607,119611.0,206300.0,3163.0,3163.0,3108.0,3134.3,31858400,3447.7,2820.9,3839.9,2896.0,3115.6,1,1,3115.0,805,4,3114.8,14,1,3114.7,66,2,3114.5,23,1,3115.9,6,1,3116.0,44,2,3116.2,67,2,3116.3,230,3,3116.4,22,1
2031,2026-06-16 10:29:41+05:30,3115.0,2,3132.41,1002645,119397.0,206100.0,3163.0,3163.0,3108.0,3134.3,31858400,3447.7,2820.9,3839.9,2896.0,3115.0,824,5,3114.9,47,2,3114.7,104,3,3114.6,1,1,3114.5,23,1,3115.1,17,1,3116.0,63,3,3116.2,58,3,3116.3,222,2,3116.4,62,3
2031,2026-06-16 10:29:42+05:30,3115.0,2,3132.41,1002645,119397.0,206100.0,3163.0,3163.0,3108.0,3134.3,31858400,3447.7,2820.9,3839.9,2896.0,3115.0,824,5,3114.9,47,2,3114.7,104,3,3114.6,1,1,3114.5,23,1,3115.1,17,1,3116.0,63,3,3116.2,58,3,3116.3,222,2,3116.4,62,3
2031,2026-06-16 10:29:42+05:30,3115.0,2,3132.41,1002645,119397.0,206100.0,3163.0,3163.0,3108.0,3134.3,31858400,3447.7,2820.9,3839.9,2896.0,3115.0,824,5,3114.9,47,2,3114.7,104,3,3114.6,1,1,3114.5,23,1,3115.1,17,1,3116.0,63,3,3116.2,58,3,3116.3,222,2,3116.4,62,3
2031,2026-06-16 10:29:43+05:30,3115.0,2,3132.41,1002645,119412.0,208052.0,3163.0,3163.0,3108.0,3134.3,31858400,3447.7,2820.9,3839.9,2896.0,3115.0,826,6,3114.9,47,2,3114.7,128,4,3114.6,1,1,3114.5,27,1,3115.1,17,1,3116.0,47,2,3116.2,58,3,3116.3,222,2,3116.4,62,3
2031,2026-06-16 10:29:43+05:30,3115.0,2,3132.41,1002645,119412.0,208052.0,3163.0,3163.0,3108.0,3134.3,31859200,3447.7,2820.9,3839.9,2896.0,3115.0,826,6,3114.9,47,2,3114.7,128,4,3114.6,1,1,3114.5,27,1,3115.1,17,1,3116.0,47,2,3116.2,58,3,3116.3,222,2,3116.4,62,3
2031,2026-06-16 10:29:44+05:30,3115.1,1,3132.41,1002645,119412.0,208052.0,3163.0,3163.0,3108.0,3134.3,31859200,3447.7,2820.9,3839.9,2896.0,3115.0,642,5,3114.9,5,1,3114.7,64,3,3114.6,1,1,3114.5,42,2,3115.1,16,1,3116.0,28,1,3116.1,63,1,3116.2,58,3,3116.3,222,2
2031,2026-06-16 10:29:44+05:30,3115.1,1,3132.41,1002846,119176.0,207928.0,3163.0,3163.0,3108.0,3134.3,31859200,3447.7,2820.9,3839.9,2896.0,3115.0,642,5,3114.9,5,1,3114.7,64,3,3114.6,1,1,3114.5,42,2,3115.1,16,1,3116.0,28,1,3116.1,63,1,3116.2,58,3,3116.3,222,2
2031,2026-06-16 10:29:45+05:30,3115.1,1,3132.41,1002846,119197.0,208000.0,3163.0,3163.0,3108.0,3134.3,31859200,3447.7,2820.9,3839.9,2896.0,3115.0,621,4,3114.9,5,1,3114.8,21,1,3114.7,32,2,3114.6,1,1,3115.1,43,2,3116.0,28,1,3116.1,63,1,3116.2,80,4,3116.3,236,2
2031,2026-06-16 10:29:46+05:30,3116.0,13,3132.41,1002846,119197.0,208000.0,3163.0,3163.0,3108.0,3134.3,31859200,3447.7,2820.9,3839.9,2896.0,3115.0,621,4,3114.9,5,1,3114.8,21,1,3114.7,32,2,3114.6,1,1,3115.1,43,2,3116.0,28,1,3116.1,63,1,3116.2,80,4,3116.3,236,2
2031,2026-06-16 10:29:46+05:30,3116.0,13,3132.41,1002999,120270.0,208050.0,3163.0,3163.0,3108.0,3134.3,31859200,3447.7,2820.9,3839.9,2896.0,3115.1,3,1,3115.0,619,4,3114.9,26,2,3114.6,51,2,3114.5,81,3,3115.9,16,1,3116.0,48,2,3116.1,55,2,3116.2,87,3,3116.3,204,2
2031,2026-06-16 10:29:47+05:30,3115.9,2,3132.41,1002999,120270.0,208050.0,3163.0,3163.0,3108.0,3134.3,31859200,3447.7,2820.9,3839.9,2896.0,3115.1,3,1,3115.0,619,4,3114.9,26,2,3114.6,51,2,3114.5,81,3,3115.9,16,1,3116.0,48,2,3116.1,55,2,3116.2,87,3,3116.3,204,2
2031,2026-06-16 10:29:47+05:30,3115.9,2,3132.41,1003001,120356.0,208009.0,3163.0,3163.0,3108.0,3134.3,31859200,3447.7,2820.9,3839.9,2896.0,3115.1,44,2,3115.0,655,5,3114.9,52,3,3114.8,57,2,3114.7,27,1,3116.0,48,2,3116.2,22,1,3116.3,204,2,3116.4,22,1,3116.5,715,6
2031,2026-06-16 10:29:48+05:30,3116.0,1,3132.41,1003001,120356.0,208009.0,3163.0,3163.0,3108.0,3134.3,31859200,3447.7,2820.9,3839.9,2896.0,3115.1,44,2,3115.0,655,5,3114.9,52,3,3114.8,57,2,3114.7,27,1,3116.0,48,2,3116.2,22,1,3116.3,204,2,3116.4,22,1,3116.5,715,6
2031,2026-06-16 10:29:48+05:30,3116.0,1,3132.41,1003102,120400.0,208306.0,3163.0,3163.0,3108.0,3134.3,31859200,3447.7,2820.9,3839.9,2896.0,3115.2,26,1,3115.1,44,2,3115.0,619,4,3114.9,27,2,3114.8,57,2,3116.0,32,2,3116.2,22,1,3116.3,224,3,3116.4,22,1,3116.5,657,5
2031,2026-06-16 10:29:49+05:30,3116.0,1,3132.41,1003102,120490.0,208251.0,3163.0,3163.0,3108.0,3134.3,31859200,3447.7,2820.9,3839.9,2896.0,3115.2,70,3,3115.1,46,4,3115.0,649,6,3114.9,120,5,3114.8,27,1,3116.0,61,3,3116.2,28,2,3116.3,224,3,3116.4,22,1,3116.5,657,5
2031,2026-06-16 10:29:50+05:30,3116.0,1,3132.41,1003102,120490.0,208251.0,3163.0,3163.0,3108.0,3134.3,31859200,3447.7,2820.9,3839.9,2896.0,3115.2,70,3,3115.1,46,4,3115.0,649,6,3114.9,120,5,3114.8,27,1,3116.0,61,3,3116.2,28,2,3116.3,224,3,3116.4,22,1,3116.5,657,5
2031,2026-06-16 10:29:50+05:30,3116.0,1,3132.41,1003103,120468.0,208431.0,3163.0,3163.0,3108.0,3134.3,31859200,3447.7,2820.9,3839.9,2896.0,3115.4,26,1,3115.2,44,2,3115.1,82,5,3115.0,650,7,3114.9,27,2,3116.0,60,3,3116.2,28,2,3116.3,224,3,3116.4,22,1,3116.5,722,7
2031,2026-06-16 10:29:51+05:30,3115.9,4,3132.41,1003103,120468.0,208431.0,3163.0,3163.0,3108.0,3134.3,31859200,3447.7,2820.9,3839.9,2896.0,3115.4,26,1,3115.2,44,2,3115.1,82,5,3115.0,650,7,3114.9,27,2,3116.0,60,3,3116.2,28,2,3116.3,224,3,3116.4,22,1,3116.5,722,7
2031,2026-06-16 10:29:51+05:30,3115.9,4,3132.41,1003109,120573.0,208282.0,3163.0,3163.0,3108.0,3134.3,31859200,3447.7,2820.9,3839.9,2896.0,3115.4,114,3,3115.2,44,2,3115.1,82,5,3115.0,650,7,3114.9,26,1,3115.9,16,1,3116.0,86,5,3116.2,28,2,3116.3,224,3,3116.4,22,1
2031,2026-06-16 10:29:52+05:30,3115.9,1,3132.41,1003109,120573.0,208282.0,3163.0,3163.0,3108.0,3134.3,31859200,3447.7,2820.9,3839.9,2896.0,3115.4,114,3,3115.2,44,2,3115.1,82,5,3115.0,650,7,3114.9,26,1,3115.9,16,1,3116.0,86,5,3116.2,28,2,3116.3,224,3,3116.4,22,1
2031,2026-06-16 10:29:52+05:30,3115.8,192,3132.4,1003324,120544.0,205896.0,3163.0,3163.0,3108.0,3134.3,31859200,3447.7,2820.9,3839.9,2896.0,3115.4,88,2,3115.2,44,2,3115.1,96,5,3115.0,650,7,3114.9,26,1,3115.6,200,1,3115.8,8,1,3115.9,16,2,3116.0,82,4,3116.2,22,1
2031,2026-06-16 10:29:53+05:30,3115.4,200,3132.4,1003324,120544.0,205896.0,3163.0,3163.0,3108.0,3134.3,31859200,3447.7,2820.9,3839.9,2896.0,3115.4,88,2,3115.2,44,2,3115.1,96,5,3115.0,650,7,3114.9,26,1,3115.6,200,1,3115.8,8,1,3115.9,16,2,3116.0,82,4,3116.2,22,1
2031,2026-06-16 10:29:53+05:30,3115.4,21,3132.39,1003929,120200.0,206158.0,3163.0,3163.0,3108.0,3134.3,31859200,3447.7,2820.9,3839.9,2896.0,3115.4,1,1,3115.2,44,2,3115.1,96,5,3115.0,650,7,3114.6,1,1,3115.5,22,1,3115.6,45,3,3115.8,8,1,3115.9,15,1,3116.0,49,3
2031,2026-06-16 10:29:54+05:30,3115.2,3,3132.39,1003929,120200.0,206158.0,3163.0,3163.0,3108.0,3134.3,31859200,3447.7,2820.9,3839.9,2896.0,3115.4,1,1,3115.2,44,2,3115.1,96,5,3115.0,650,7,3114.6,1,1,3115.5,22,1,3115.6,45,3,3115.8,8,1,3115.9,15,1,3116.0,49,3
2031,2026-06-16 10:29:54+05:30,3115.5,1,3132.39,1004130,119513.0,208374.0,3163.0,3163.0,3108.0,3134.3,31859200,3447.7,2820.9,3839.9,2896.0,3115.2,41,2,3115.1,93,4,3115.0,650,7,3114.6,22,2,3114.5,33,1,3115.5,21,1,3115.6,143,4,3115.8,8,1,3115.9,15,1,3116.0,49,3
2031,2026-06-16 10:29:55+05:30,3115.2,1,3132.39,1004130,119513.0,208374.0,3163.0,3163.0,3108.0,3134.3,31859200,3447.7,2820.9,3839.9,2896.0,3115.2,41,2,3115.1,93,4,3115.0,650,7,3114.6,22,2,3114.5,33,1,3115.5,21,1,3115.6,143,4,3115.8,8,1,3115.9,15,1,3116.0,49,3
2031,2026-06-16 10:29:55+05:30,3115.6,10,3132.39,1004177,120220.0,208284.0,3163.0,3163.0,3108.0,3134.3,31859200,3447.7,2820.9,3839.9,2896.0,3115.2,40,2,3115.1,93,4,3115.0,649,6,3114.7,21,1,3114.6,59,2,3115.6,107,2,3115.8,8,1,3115.9,34,2,3116.0,59,3,3116.2,19,1
2031,2026-06-16 10:29:56+05:30,3115.8,1,3132.39,1004177,120220.0,208284.0,3163.0,3163.0,3108.0,3134.3,31859200,3447.7,2820.9,3839.9,2896.0,3115.2,40,2,3115.1,93,4,3115.0,649,6,3114.7,21,1,3114.6,59,2,3115.6,107,2,3115.8,8,1,3115.9,34,2,3116.0,59,3,3116.2,19,1
2031,2026-06-16 10:29:56+05:30,3115.8,1,3132.39,1004332,120236.0,208375.0,3163.0,3163.0,3108.0,3134.3,31859200,3447.7,2820.9,3839.9,2896.0,3115.2,2,1,3115.1,93,4,3115.0,649,6,3114.7,21,1,3114.6,1,1,3115.8,64,1,3115.9,34,2,3116.0,80,4,3116.2,19,1,3116.3,117,4
2031,2026-06-16 10:29:57+05:30,3115.9,11,3132.39,1004332,120236.0,208375.0,3163.0,3163.0,3108.0,3134.3,31859200,3447.7,2820.9,3839.9,2896.0,3115.2,2,1,3115.1,93,4,3115.0,649,6,3114.7,21,1,3114.6,1,1,3115.8,64,1,3115.9,34,2,3116.0,80,4,3116.2,19,1,3116.3,117,4
2031,2026-06-16 10:29:57+05:30,3115.9,11,3132.39,1004377,120220.0,208261.0,3163.0,3163.0,3108.0,3134.3,31859200,3447.7,2820.9,3839.9,2896.0,3115.2,2,1,3115.1,103,5,3115.0,634,5,3114.7,21,1,3114.6,1,1,3115.9,112,4,3116.0,72,4,3116.2,40,2,3116.3,117,4,3116.4,162,5
2031,2026-06-16 10:29:58+05:30,3115.9,1,3132.39,1004377,120220.0,208261.0,3163.0,3163.0,3108.0,3134.3,31859200,3447.7,2820.9,3839.9,2896.0,3115.2,2,1,3115.1,103,5,3115.0,634,5,3114.7,21,1,3114.6,1,1,3115.9,112,4,3116.0,72,4,3116.2,40,2,3116.3,117,4,3116.4,162,5
2031,2026-06-16 10:29:58+05:30,3115.9,1,3132.39,1004378,120427.0,208345.0,3163.0,3163.0,3108.0,3134.3,31859200,3447.7,2820.9,3839.9,2896.0,3115.2,2,1,3115.1,103,5,3115.0,634,5,3114.7,21,1,3114.6,1,1,3115.4,5,1,3115.9,81,4,3116.0,72,4,3116.2,40,2,3116.3,109,4
2031,2026-06-16 10:29:59+05:30,3116.0,1,3132.39,1004378,120427.0,208345.0,3163.0,3163.0,3108.0,3134.3,31859200,3447.7,2820.9,3839.9,2896.0,3115.2,2,1,3115.1,103,5,3115.0,634,5,3114.7,21,1,3114.6,1,1,3115.4,5,1,3115.9,81,4,3116.0,72,4,3116.2,40,2,3116.3,109,4
2031,2026-06-16 10:29:59+05:30,3116.0,1,3132.38,1004478,120454.0,208265.0,3163.0,3163.0,3108.0,3134.3,31859200,3447.7,2820.9,3839.9,2896.0,3115.2,2,1,3115.1,103,5,3115.0,634,5,3114.6,1,1,3114.5,21,1,3115.9,74,5,3116.0,67,4,3116.1,57,2,3116.2,59,3,3116.3,145,5
2031,2026-06-16 10:30:00+05:30,3115.9,1,3132.38,1004478,120454.0,208265.0,3163.0,3163.0,3108.0,3134.3,31859200,3447.7,2820.9,3839.9,2896.0,3115.2,2,1,3115.1,103,5,3115.0,634,5,3114.6,1,1,3114.5,21,1,3115.9,74,5,3116.0,67,4,3116.1,57,2,3116.2,59,3,3116.3,145,5
2031,2026-06-16 10:30:00+05:30,3115.9,1,3132.38,1004568,120454.0,208313.0,3163.0,3163.0,3108.0,3134.3,31859200,3447.7,2820.9,3839.9,2896.0,3115.6,2,2,3115.2,21,4,3115.1,93,4,3115.0,634,5,3114.7,14,1,3115.8,16,1,3115.9,61,4,3116.0,39,4,3116.2,61,3,3116.3,157,6
2031,2026-06-16 10:30:01+05:30,3115.2,9,3132.38,1004568,120454.0,208313.0,3163.0,3163.0,3108.0,3134.3,31859200,3447.7,2820.9,3839.9,2896.0,3115.6,2,2,3115.2,21,4,3115.1,93,4,3115.0,634,5,3114.7,14,1,3115.8,16,1,3115.9,61,4,3116.0,39,4,3116.2,61,3,3116.3,157,6
2031,2026-06-16 10:30:01+05:30,3115.2,9,3132.38,1004774,120362.0,208783.0,3163.0,3163.0,3108.0,3134.3,31859200,3447.7,2820.9,3839.9,2896.0,3115.2,24,3,3115.1,93,4,3115.0,634,5,3114.6,59,2,3114.4,84,3,3115.8,48,2,3115.9,42,3,3116.0,106,7,3116.1,36,2,3116.2,147,5
2031,2026-06-16 10:30:02+05:30,3115.2,67,3132.38,1004774,120362.0,208783.0,3163.0,3163.0,3108.0,3134.3,31859200,3447.7,2820.9,3839.9,2896.0,3115.2,24,3,3115.1,93,4,3115.0,634,5,3114.6,59,2,3114.4,84,3,3115.8,48,2,3115.9,42,3,3116.0,106,7,3116.1,36,2,3116.2,147,5
2031,2026-06-16 10:30:02+05:30,3115.1,12,3132.38,1004948,120279.0,207750.0,3163.0,3163.0,3108.0,3134.3,31859200,3447.7,2820.9,3839.9,2896.0,3115.1,81,4,3115.0,634,5,3114.7,21,1,3114.6,15,2,3114.4,101,4,3115.2,43,1,3115.7,18,1,3115.8,6,1,3115.9,8,1,3116.0,54,4
2031,2026-06-16 10:30:03+05:30,3115.2,43,3132.38,1004948,120279.0,207750.0,3163.0,3163.0,3108.0,3134.3,31859200,3447.7,2820.9,3839.9,2896.0,3115.1,81,4,3115.0,634,5,3114.7,21,1,3114.6,15,2,3114.4,101,4,3115.2,43,1,3115.7,18,1,3115.8,6,1,3115.9,8,1,3116.0,54,4
2031,2026-06-16 10:30:03+05:30,3115.2,43,3132.38,1004991,120477.0,208369.0,3163.0,3163.0,3108.0,3134.3,31859200,3447.7,2820.9,3839.9,2896.0,3115.3,7,1,3115.1,61,5,3115.0,634,5,3114.7,81,2,3114.6,1,1,3115.4,1,1,3115.7,18,1,3115.8,6,1,3116.0,30,2,3116.2,7,1
2031,2026-06-16 10:30:04+05:30,3115.2,43,3132.38,1004991,120358.0,208453.0,3163.0,3163.0,3108.0,3134.3,31859200,3447.7,2820.9,3839.9,2896.0,3115.3,7,1,3115.1,40,4,3115.0,634,5,3114.7,21,1,3114.6,1,1,3115.4,9,2,3115.7,18,1,3115.8,35,2,3116.0,1,1,3116.1,29,1
2031,2026-06-16 10:30:05+05:30,3116.3,17,3132.38,1004991,120358.0,208453.0,3163.0,3163.0,3108.0,3134.3,31859200,3447.7,2820.9,3839.9,2896.0,3115.3,7,1,3115.1,40,4,3115.0,634,5,3114.7,21,1,3114.6,1,1,3115.4,9,2,3115.7,18,1,3115.8,35,2,3116.0,1,1,3116.1,29,1
2031,2026-06-16 10:30:05+05:30,3115.3,1,3132.36,1006216,120951.0,206728.0,3163.0,3163.0,3108.0,3134.3,31859200,3447.7,2820.9,3839.9,2896.0,3115.3,17,2,3115.2,36,2,3115.1,96,6,3115.0,761,8,3114.7,58,1,3116.3,25,3,3116.6,44,2,3116.7,31,2,3116.8,45,4,3116.9,1095,16
2031,2026-06-16 10:30:06+05:30,3115.3,1,3132.36,1006216,120951.0,206728.0,3163.0,3163.0,3108.0,3134.3,31859200,3447.7,2820.9,3839.9,2896.0,3115.3,17,2,3115.2,36,2,3115.1,96,6,3115.0,761,8,3114.7,58,1,3116.3,25,3,3116.6,44,2,3116.7,31,2,3116.8,45,4,3116.9,1095,16
2031,2026-06-16 10:30:06+05:30,3115.3,1,3132.36,1006249,121308.0,206936.0,3163.0,3163.0,3108.0,3134.3,31859200,3447.7,2820.9,3839.9,2896.0,3115.3,59,1,3115.1,68,5,3115.0,728,8,3114.9,20,1,3114.8,21,1,3116.2,86,2,3116.3,259,4,3116.4,29,1,3116.5,69,2,3116.6,49,2
2031,2026-06-16 10:30:07+05:30,3116.2,1,3132.36,1006249,121308.0,206936.0,3163.0,3163.0,3108.0,3134.3,31859200,3447.7,2820.9,3839.9,2896.0,3115.3,59,1,3115.1,68,5,3115.0,728,8,3114.9,20,1,3114.8,21,1,3116.2,86,2,3116.3,259,4,3116.4,29,1,3116.5,69,2,3116.6,49,2
2031,2026-06-16 10:30:07+05:30,3116.2,1,3132.36,1006252,121627.0,201591.0,3163.0,3163.0,3108.0,3134.3,31859200,3447.7,2820.9,3839.9,2896.0,3115.3,175,5,3115.2,104,5,3115.1,40,4,3115.0,940,10,3114.9,27,1,3116.2,79,1,3116.3,234,1,3116.5,18,1,3116.8,25,2,3116.9,1,1
2031,2026-06-16 10:30:08+05:30,3116.2,1,3132.36,1006252,121627.0,201591.0,3163.0,3163.0,3108.0,3134.3,31859200,3447.7,2820.9,3839.9,2896.0,3115.3,175,5,3115.2,104,5,3115.1,40,4,3115.0,940,10,3114.9,27,1,3116.2,79,1,3116.3,234,1,3116.5,18,1,3116.8,25,2,3116.9,1,1
2031,2026-06-16 10:30:08+05:30,3116.2,1,3132.36,1006252,122173.0,204913.0,3163.0,3163.0,3108.0,3134.3,31859200,3447.7,2820.9,3839.9,2896.0,3115.3,170,5,3115.2,92,5,3115.1,90,5,3115.0,742,10,3114.9,227,2,3116.2,79,1,3116.3,234,1,3116.5,18,1,3116.8,25,2,3116.9,1,1
2031,2026-06-16 10:30:09+05:30,3115.3,3,3132.36,1006252,122173.0,204913.0,3163.0,3163.0,3108.0,3134.3,31859200,3447.7,2820.9,3839.9,2896.0,3115.3,170,5,3115.2,92,5,3115.1,90,5,3115.0,742,10,3114.9,227,2,3116.2,79,1,3116.3,234,1,3116.5,18,1,3116.8,25,2,3116.9,1,1
2031,2026-06-16 10:30:09+05:30,3115.3,3,3132.36,1006255,122314.0,204982.0,3163.0,3163.0,3108.0,3134.3,31859200,3447.7,2820.9,3839.9,2896.0,3115.4,3,1,3115.3,197,6,3115.2,92,5,3115.1,90,5,3115.0,742,10,3116.2,79,1,3116.3,234,1,3116.5,18,1,3116.8,25,2,3116.9,1,1
2031,2026-06-16 10:30:10+05:30,3115.3,3,3132.36,1006255,122424.0,205835.0,3163.0,3163.0,3108.0,3134.3,31859200,3447.7,2820.9,3839.9,2896.0,3115.4,3,1,3115.3,216,7,3115.2,82,4,3115.1,90,5,3115.0,770,12,3116.2,159,2,3116.3,234,1,3116.5,18,1,3116.8,4,1,3117.0,70,5
2031,2026-06-16 10:30:11+05:30,3116.2,29,3132.36,1006255,122424.0,205835.0,3163.0,3163.0,3108.0,3134.3,31859200,3447.7,2820.9,3839.9,2896.0,3115.4,3,1,3115.3,216,7,3115.2,82,4,3115.1,90,5,3115.0,770,12,3116.2,159,2,3116.3,234,1,3116.5,18,1,3116.8,4,1,3117.0,70,5
2031,2026-06-16 10:30:11+05:30,3116.2,29,3132.35,1006363,122616.0,206020.0,3163.0,3163.0,3108.0,3134.3,31859200,3447.7,2820.9,3839.9,2896.0,3115.4,295,8,3115.3,240,7,3115.2,75,4,3115.1,162,8,3115.0,782,11,3116.2,132,2,3116.3,234,1,3116.5,18,1,3116.8,4,1,3117.0,66,4
2031,2026-06-16 10:30:12+05:30,3116.2,1,3132.35,1006363,122616.0,206020.0,3163.0,3163.0,3108.0,3134.3,31859200,3447.7,2820.9,3839.9,2896.0,3115.4,295,8,3115.3,240,7,3115.2,75,4,3115.1,162,8,3115.0,782,11,3116.2,132,2,3116.3,234,1,3116.5,18,1,3116.8,4,1,3117.0,66,4
2031,2026-06-16 10:30:12+05:30,3116.2,1,3132.35,1006388,122702.0,205585.0,3163.0,3163.0,3108.0,3134.3,31859200,3447.7,2820.9,3839.9,2896.0,3115.7,16,1,3115.6,85,5,3115.5,88,5,3115.4,117,6,3115.3,205,6,3116.2,128,2,3116.3,234,1,3116.5,18,1,3116.8,4,1,3117.0,66,4
2031,2026-06-16 10:30:13+05:30,3116.2,1,3132.35,1006388,122636.0,205638.0,3163.0,3163.0,3108.0,3134.3,31859200,3447.7,2820.9,3839.9,2896.0,3115.7,64,1,3115.6,85,5,3115.5,88,5,3115.4,138,6,3115.3,208,7,3116.1,225,1,3116.2,128,2,3116.3,70,1,3116.5,18,1,3116.8,4,1
2031,2026-06-16 10:30:14+05:30,3116.1,1,3132.35,1006388,122636.0,205638.0,3163.0,3163.0,3108.0,3134.3,31859200,3447.7,2820.9,3839.9,2896.0,3115.7,64,1,3115.6,85,5,3115.5,88,5,3115.4,138,6,3115.3,208,7,3116.1,225,1,3116.2,128,2,3116.3,70,1,3116.5,18,1,3116.8,4,1
2031,2026-06-16 10:30:14+05:30,3116.1,1,3132.35,1006389,122436.0,205740.0,3163.0,3163.0,3108.0,3134.3,31859200,3447.7,2820.9,3839.9,2896.0,3115.7,64,1,3115.6,85,5,3115.5,88,5,3115.4,138,6,3115.3,187,6,3116.1,67,1,3116.2,367,3,3116.3,35,1,3116.5,18,1,3116.8,4,1
2031,2026-06-16 10:30:15+05:30,3116.1,1,3132.35,1006389,122564.0,203829.0,3163.0,3163.0,3108.0,3134.3,31859200,3447.7,2820.9,3839.9,2896.0,3115.8,23,1,3115.7,65,2,3115.6,50,3,3115.5,62,3,3115.4,79,3,3116.1,34,1,3116.2,238,3,3116.3,78,2,3116.5,18,1,3116.8,4,1
2031,2026-06-16 10:30:16+05:30,3116.2,38,3132.35,1006389,122564.0,203829.0,3163.0,3163.0,3108.0,3134.3,31859200,3447.7,2820.9,3839.9,2896.0,3115.8,23,1,3115.7,65,2,3115.6,50,3,3115.5,62,3,3115.4,79,3,3116.1,34,1,3116.2,238,3,3116.3,78,2,3116.5,18,1,3116.8,4,1
2031,2026-06-16 10:30:16+05:30,3116.2,23,3132.35,1006612,122655.0,205190.0,3163.0,3163.0,3108.0,3134.3,31859200,3447.7,2820.9,3839.9,2896.0,3116.0,2,2,3115.8,46,1,3115.7,104,4,3115.6,44,3,3115.5,98,5,3116.2,10,1,3116.3,78,2,3116.5,18,1,3116.8,4,1,3117.0,38,2
2031,2026-06-16 10:30:17+05:30,3116.2,78,3132.35,1006612,122655.0,205190.0,3163.0,3163.0,3108.0,3134.3,31859200,3447.7,2820.9,3839.9,2896.0,3116.0,2,2,3115.8,46,1,3115.7,104,4,3115.6,44,3,3115.5,98,5,3116.2,10,1,3116.3,78,2,3116.5,18,1,3116.8,4,1,3117.0,38,2
2031,2026-06-16 10:30:17+05:30,3116.2,1,3132.35,1006708,122754.0,204468.0,3163.0,3163.0,3108.0,3134.3,31859200,3447.7,2820.9,3839.9,2896.0,3116.0,83,4,3115.8,24,1,3115.7,113,4,3115.6,58,3,3115.5,65,4,3116.3,78,2,3116.5,18,1,3116.8,4,1,3117.0,38,2,3117.2,19,1
2031,2026-06-16 10:30:18+05:30,3116.2,1,3132.35,1006708,122754.0,204468.0,3163.0,3163.0,3108.0,3134.3,31859200,3447.7,2820.9,3839.9,2896.0,3116.0,83,4,3115.8,24,1,3115.7,113,4,3115.6,58,3,3115.5,65,4,3116.3,78,2,3116.5,18,1,3116.8,4,1,3117.0,38,2,3117.2,19,1
2031,2026-06-16 10:30:18+05:30,3116.2,1,3132.35,1006708,122703.0,204524.0,3163.0,3163.0,3108.0,3134.3,31859200,3447.7,2820.9,3839.9,2896.0,3116.1,24,1,3116.0,83,4,3115.9,27,1,3115.8,19,1,3115.7,144,4,3116.3,53,2,3116.5,18,1,3116.7,35,1,3116.8,47,2,3117.0,38,2
2031,2026-06-16 10:30:19+05:30,3116.3,10,3132.35,1006708,122703.0,204524.0,3163.0,3163.0,3108.0,3134.3,31859200,3447.7,2820.9,3839.9,2896.0,3116.1,24,1,3116.0,83,4,3115.9,27,1,3115.8,19,1,3115.7,144,4,3116.3,53,2,3116.5,18,1,3116.7,35,1,3116.8,47,2,3117.0,38,2
2031,2026-06-16 10:30:19+05:30,3116.3,18,3132.35,1006761,122922.0,204082.0,3163.0,3163.0,3108.0,3134.3,31859200,3447.7,2820.9,3839.9,2896.0,3116.1,106,2,3116.0,119,5,3115.9,76,4,3115.8,12,1,3115.7,158,4,3116.5,18,1,3116.7,35,1,3116.8,47,2,3117.0,28,1,3117.4,64,3
2031,2026-06-16 10:30:20+05:30,3116.3,1,3132.35,1006761,122922.0,204082.0,3163.0,3163.0,3108.0,3134.3,31859200,3447.7,2820.9,3839.9,2896.0,3116.1,106,2,3116.0,119,5,3115.9,76,4,3115.8,12,1,3115.7,158,4,3116.5,18,1,3116.7,35,1,3116.8,47,2,3117.0,28,1,3117.4,64,3
2031,2026-06-16 10:30:20+05:30,3116.3,1,3132.35,1006763,122994.0,204807.0,3163.0,3163.0,3108.0,3134.3,31859200,3447.7,2820.9,3839.9,2896.0,3116.3,27,3,3116.1,82,1,3116.0,81,2,3115.8,21,1,3115.7,79,3,3116.5,18,1,3116.7,35,1,3116.8,47,2,3117.0,28,1,3117.3,20,2
2031,2026-06-16 10:30:21+05:30,3116.3,1,3132.35,1006763,122994.0,204807.0,3163.0,3163.0,3108.0,3134.3,31859200,3447.7,2820.9,3839.9,2896.0,3116.3,27,3,3116.1,82,1,3116.0,81,2,3115.8,21,1,3115.7,79,3,3116.5,18,1,3116.7,35,1,3116.8,47,2,3117.0,28,1,3117.3,20,2
2031,2026-06-16 10:30:21+05:30,3116.5,18,3132.35,1006781,122635.0,203515.0,3163.0,3163.0,3108.0,3134.3,31859200,3447.7,2820.9,3839.9,2896.0,3116.3,154,7,3116.2,24,2,3116.1,117,3,3116.0,137,5,3115.9,19,1,3116.7,35,1,3116.8,47,2,3117.0,28,1,3117.4,13,1,3117.5,7,1
2031,2026-06-16 10:30:22+05:30,3116.7,30,3132.35,1006781,122635.0,203515.0,3163.0,3163.0,3108.0,3134.3,31859200,3447.7,2820.9,3839.9,2896.0,3116.3,154,7,3116.2,24,2,3116.1,117,3,3116.0,137,5,3115.9,19,1,3116.7,35,1,3116.8,47,2,3117.0,28,1,3117.4,13,1,3117.5,7,1
2031,2026-06-16 10:30:22+05:30,3116.7,1,3132.35,1006814,123676.0,203425.0,3163.0,3163.0,3108.0,3134.3,31859200,3447.7,2820.9,3839.9,2896.0,3116.5,26,1,3116.3,155,8,3116.2,99,4,3116.1,99,3,3116.0,137,5,3116.7,2,1,3116.8,47,2,3117.0,28,1,3117.4,13,1,3117.5,7,1
2031,2026-06-16 10:30:23+05:30,3116.7,1,3132.35,1006814,123676.0,203425.0,3163.0,3163.0,3108.0,3134.3,31859200,3447.7,2820.9,3839.9,2896.0,3116.5,26,1,3116.3,155,8,3116.2,99,4,3116.1,99,3,3116.0,137,5,3116.7,2,1,3116.8,47,2,3117.0,28,1,3117.4,13,1,3117.5,7,1
2031,2026-06-16 10:30:23+05:30,3117.0,1,3132.34,1006936,124383.0,204098.0,3163.0,3163.0,3108.0,3134.3,31859200,3447.7,2820.9,3839.9,2896.0,3116.7,24,1,3116.5,91,5,3116.4,15,2,3116.3,139,6,3116.2,89,3,3117.0,27,1,3117.4,13,1,3117.5,7,1,3117.7,6,1,3117.9,10,10
2031,2026-06-16 10:30:24+05:30,3117.0,1,3132.34,1006936,124383.0,204098.0,3163.0,3163.0,3108.0,3134.3,31859200,3447.7,2820.9,3839.9,2896.0,3116.7,24,1,3116.5,91,5,3116.4,15,2,3116.3,139,6,3116.2,89,3,3117.0,27,1,3117.4,13,1,3117.5,7,1,3117.7,6,1,3117.9,10,10
2031,2026-06-16 10:30:24+05:30,3117.0,1,3132.34,1006936,124068.0,204726.0,3163.0,3163.0,3108.0,3134.3,31859200,3447.7,2820.9,3839.9,2896.0,3116.7,129,4,3116.6,21,1,3116.5,12,1,3116.4,28,2,3116.3,130,5,3117.0,27,1,3117.5,7,1,3117.7,6,1,3117.9,11,11,3118.0,98,3
2031,2026-06-16 10:30:25+05:30,3118.0,8,3132.34,1007045,124389.0,202405.0,3163.0,3163.0,3108.0,3134.3,31859200,3447.7,2820.9,3839.9,2896.0,3116.8,2,2,3116.7,122,3,3116.4,1,1,3116.3,86,1,3116.2,19,1,3117.4,26,2,3117.5,34,2,3117.6,88,5,3117.8,45,2,3117.9,36,2
2031,2026-06-16 10:30:26+05:30,3116.7,8,3132.34,1007045,124389.0,202405.0,3163.0,3163.0,3108.0,3134.3,31859200,3447.7,2820.9,3839.9,2896.0,3116.8,2,2,3116.7,122,3,3116.4,1,1,3116.3,86,1,3116.2,19,1,3117.4,26,2,3117.5,34,2,3117.6,88,5,3117.8,45,2,3117.9,36,2
2031,2026-06-16 10:30:26+05:30,3116.7,8,3132.34,1007045,124389.0,202405.0,3163.0,3163.0,3108.0,3134.3,31859200,3447.7,2820.9,3839.9,2896.0,3116.8,2,2,3116.7,122,3,3116.4,1,1,3116.3,86,1,3116.2,19,1,3117.4,26,2,3117.5,34,2,3117.6,88,5,3117.8,45,2,3117.9,36,2
2031,2026-06-16 10:30:26+05:30,3117.2,1,3132.34,1007283,123832.0,205178.0,3163.0,3163.0,3108.0,3134.3,31859200,3447.7,2820.9,3839.9,2896.0,3116.7,20,2,3116.4,1,1,3116.3,100,2,3116.1,45,1,3116.0,7,1,3117.2,66,7,3117.3,22,2,3117.4,66,4,3117.6,156,7,3117.7,26,1
2031,2026-06-16 10:30:27+05:30,3116.7,18,3132.34,1007283,123832.0,205178.0,3163.0,3163.0,3108.0,3134.3,31859200,3447.7,2820.9,3839.9,2896.0,3116.7,20,2,3116.4,1,1,3116.3,100,2,3116.1,45,1,3116.0,7,1,3117.2,66,7,3117.3,22,2,3117.4,66,4,3117.6,156,7,3117.7,26,1
2031,2026-06-16 10:30:27+05:30,3116.5,41,3132.34,1007473,122716.0,205532.0,3163.0,3163.0,3108.0,3134.3,31859200,3447.7,2820.9,3839.9,2896.0,3116.4,1,1,3116.3,123,3,3116.1,45,1,3116.0,7,1,3115.7,35,1,3116.5,159,1,3116.7,66,3,3116.8,10,1,3116.9,30,2,3117.0,114,8
2031,2026-06-16 10:30:28+05:30,3116.4,1,3132.34,1007473,122716.0,205532.0,3163.0,3163.0,3108.0,3134.3,31859200,3447.7,2820.9,3839.9,2896.0,3116.4,1,1,3116.3,123,3,3116.1,45,1,3116.0,7,1,3115.7,35,1,3116.5,159,1,3116.7,66,3,3116.8,10,1,3116.9,30,2,3117.0,114,8
2031,2026-06-16 10:30:28+05:30,3116.4,1,3132.34,1007473,122716.0,205532.0,3163.0,3163.0,3108.0,3134.3,31859200,3447.7,2820.9,3839.9,2896.0,3116.4,1,1,3116.3,123,3,3116.1,45,1,3116.0,7,1,3115.7,35,1,3116.5,159,1,3116.7,66,3,3116.8,10,1,3116.9,30,2,3117.0,114,8
2031,2026-06-16 10:30:28+05:30,3116.7,25,3132.33,1007734,122302.0,206125.0,3163.0,3163.0,3108.0,3134.3,31859200,3447.7,2820.9,3839.9,2896.0,3116.3,1,1,3116.1,45,1,3115.7,35,1,3115.5,2,1,3115.4,14,1,3116.5,25,1,3116.7,24,2,3116.8,10,1,3116.9,30,2,3117.0,110,7
2031,2026-06-16 10:30:29+05:30,3116.5,17,3132.33,1007734,122302.0,206125.0,3163.0,3163.0,3108.0,3134.3,31859200,3447.7,2820.9,3839.9,2896.0,3116.3,1,1,3116.1,45,1,3115.7,35,1,3115.5,2,1,3115.4,14,1,3116.5,25,1,3116.7,24,2,3116.8,10,1,3116.9,30,2,3117.0,110,7
2031,2026-06-16 10:30:29+05:30,3116.5,17,3132.33,1007826,122551.0,206457.0,3163.0,3163.0,3108.0,3134.3,31859200,3447.7,2820.9,3839.9,2896.0,3116.3,23,1,3116.1,45,1,3115.7,35,1,3115.5,60,2,3115.4,33,1,3116.5,8,1,3116.6,19,1,3116.7,5,1,3116.8,19,1,3116.9,30,2
2031,2026-06-16 10:30:30+05:30,3116.5,17,3132.33,1007826,122551.0,206457.0,3163.0,3163.0,3108.0,3134.3,31859200,3447.7,2820.9,3839.9,2896.0,3116.3,23,1,3116.1,45,1,3115.7,35,1,3115.5,60,2,3115.4,33,1,3116.5,8,1,3116.6,19,1,3116.7,5,1,3116.8,19,1,3116.9,30,2
2031,2026-06-16 10:30:30+05:30,3116.5,4,3132.33,1007830,122382.0,206176.0,3163.0,3163.0,3108.0,3134.3,31859200,3447.7,2820.9,3839.9,2896.0,3116.4,2,2,3116.3,32,3,3116.1,45,1,3116.0,21,1,3115.9,46,1,3116.5,5,2,3117.0,8,1,3117.1,7,1,3117.2,7,1,3117.3,6,1
2031,2026-06-16 10:30:31+05:30,3116.5,4,3132.33,1007830,122382.0,206176.0,3163.0,3163.0,3108.0,3134.3,31859200,3447.7,2820.9,3839.9,2896.0,3116.4,2,2,3116.3,32,3,3116.1,45,1,3116.0,21,1,3115.9,46,1,3116.5,5,2,3117.0,8,1,3117.1,7,1,3117.2,7,1,3117.3,6,1
2031,2026-06-16 10:30:31+05:30,3117.3,3,3132.33,1007860,122991.0,206125.0,3163.0,3163.0,3108.0,3134.3,31859200,3447.7,2820.9,3839.9,2896.0,3116.4,2,2,3116.3,32,3,3116.1,45,1,3115.8,75,2,3115.7,35,1,3116.5,7,1,3117.0,27,2,3117.1,30,1,3117.2,19,1,3117.3,34,4
2031,2026-06-16 10:30:31+05:30,3117.3,3,3132.33,1007860,122991.0,206125.0,3163.0,3163.0,3108.0,3134.3,31859200,3447.7,2820.9,3839.9,2896.0,3116.4,2,2,3116.3,32,3,3116.1,45,1,3115.8,75,2,3115.7,35,1,3116.5,7,1,3117.0,27,2,3117.1,30,1,3117.2,19,1,3117.3,34,4
2031,2026-06-16 10:30:32+05:30,3117.3,3,3132.33,1007860,122991.0,206125.0,3163.0,3163.0,3108.0,3134.3,31859200,3447.7,2820.9,3839.9,2896.0,3116.4,2,2,3116.3,32,3,3116.1,45,1,3115.8,75,2,3115.7,35,1,3116.5,7,1,3117.0,27,2,3117.1,30,1,3117.2,19,1,3117.3,34,4
2031,2026-06-16 10:30:32+05:30,3116.5,10,3132.33,1007877,123078.0,206122.0,3163.0,3163.0,3108.0,3134.3,31859200,3447.7,2820.9,3839.9,2896.0,3116.4,2,2,3116.3,32,3,3116.1,45,1,3115.8,75,2,3115.7,35,1,3116.5,14,2,3117.1,30,1,3117.2,19,1,3117.3,27,3,3117.4,73,4
2031,2026-06-16 10:30:33+05:30,3116.5,10,3132.33,1007877,123078.0,206122.0,3163.0,3163.0,3108.0,3134.3,31859200,3447.7,2820.9,3839.9,2896.0,3116.4,2,2,3116.3,32,3,3116.1,45,1,3115.8,75,2,3115.7,35,1,3116.5,14,2,3117.1,30,1,3117.2,19,1,3117.3,27,3,3117.4,73,4
2031,2026-06-16 10:30:33+05:30,3116.5,10,3132.33,1007877,123078.0,206122.0,3163.0,3163.0,3108.0,3134.3,31859200,3447.7,2820.9,3839.9,2896.0,3116.4,2,2,3116.3,32,3,3116.1,45,1,3115.8,75,2,3115.7,35,1,3116.5,14,2,3117.1,30,1,3117.2,19,1,3117.3,27,3,3117.4,73,4
2031,2026-06-16 10:30:34+05:30,3116.5,1,3132.33,1007879,123064.0,206072.0,3163.0,3163.0,3108.0,3134.3,31859200,3447.7,2820.9,3839.9,2896.0,3116.4,2,2,3116.3,32,3,3116.1,45,1,3115.9,21,1,3115.8,54,1,3116.5,12,2,3117.1,30,1,3117.2,19,1,3117.3,27,3,3117.4,73,4
2031,2026-06-16 10:30:34+05:30,3116.5,1,3132.33,1007879,123064.0,206072.0,3163.0,3163.0,3108.0,3134.3,31859200,3447.7,2820.9,3839.9,2896.0,3116.4,2,2,3116.3,32,3,3116.1,45,1,3115.9,21,1,3115.8,54,1,3116.5,12,2,3117.1,30,1,3117.2,19,1,3117.3,27,3,3117.4,73,4
2031,2026-06-16 10:30:34+05:30,3116.5,1,3132.33,1007879,123064.0,206072.0,3163.0,3163.0,3108.0,3134.3,31859200,3447.7,2820.9,3839.9,2896.0,3116.4,2,2,3116.3,32,3,3116.1,45,1,3115.9,21,1,3115.8,54,1,3116.5,12,2,3117.1,30,1,3117.2,19,1,3117.3,27,3,3117.4,73,4
2031,2026-06-16 10:30:35+05:30,3117.2,52,3132.31,1008929,121986.0,204045.0,3163.0,3163.0,3108.0,3134.3,31859200,3447.7,2820.9,3839.9,2896.0,3116.4,2,2,3116.3,32,3,3116.1,45,1,3115.7,35,1,3115.5,2,1,3116.8,200,1,3116.9,72,4,3117.0,44,4,3117.1,33,5,3117.2,32,3
2031,2026-06-16 10:30:35+05:30,3117.2,52,3132.31,1008929,121986.0,204045.0,3163.0,3163.0,3108.0,3134.3,31859200,3447.7,2820.9,3839.9,2896.0,3116.4,2,2,3116.3,32,3,3116.1,45,1,3115.7,35,1,3115.5,2,1,3116.8,200,1,3116.9,72,4,3117.0,44,4,3117.1,33,5,3117.2,32,3
2031,2026-06-16 10:30:36+05:30,3115.0,23,3132.31,1008929,121986.0,204045.0,3163.0,3163.0,3108.0,3134.3,31859200,3447.7,2820.9,3839.9,2896.0,3116.4,2,2,3116.3,32,3,3116.1,45,1,3115.7,35,1,3115.5,2,1,3116.8,200,1,3116.9,72,4,3117.0,44,4,3117.1,33,5,3117.2,32,3
2031,2026-06-16 10:30:36+05:30,3115.0,23,3132.27,1011609,118844.0,207774.0,3163.0,3163.0,3108.0,3134.3,31859200,3447.7,2820.9,3839.9,2896.0,3114.8,14,1,3114.7,13,1,3114.4,45,2,3114.3,17,1,3114.2,19,1,3115.0,320,1,3116.2,65,3,3116.3,51,3,3116.4,115,6,3116.5,200,1
2031,2026-06-16 10:30:36+05:30,3115.0,23,3132.27,1011609,118844.0,207774.0,3163.0,3163.0,3108.0,3134.3,31859200,3447.7,2820.9,3839.9,2896.0,3114.8,14,1,3114.7,13,1,3114.4,45,2,3114.3,17,1,3114.2,19,1,3115.0,320,1,3116.2,65,3,3116.3,51,3,3116.4,115,6,3116.5,200,1
2031,2026-06-16 10:30:37+05:30,3115.0,3,3132.26,1012015,119032.0,208887.0,3163.0,3163.0,3108.0,3134.3,31859200,3447.7,2820.9,3839.9,2896.0,3114.8,107,1,3114.2,62,3,3114.1,189,2,3114.0,476,10,3113.9,26,1,3115.0,509,2,3115.5,7,1,3115.9,58,1,3116.1,21,1,3116.2,140,5
2031,2026-06-16 10:30:37+05:30,3115.0,3,3132.26,1012015,119032.0,208887.0,3163.0,3163.0,3108.0,3134.3,31859200,3447.7,2820.9,3839.9,2896.0,3114.8,107,1,3114.2,62,3,3114.1,189,2,3114.0,476,10,3113.9,26,1,3115.0,509,2,3115.5,7,1,3115.9,58,1,3116.1,21,1,3116.2,140,5
2031,2026-06-16 10:30:37+05:30,3114.8,38,3132.26,1012015,119032.0,208887.0,3163.0,3163.0,3108.0,3134.3,31859200,3447.7,2820.9,3839.9,2896.0,3114.8,107,1,3114.2,62,3,3114.1,189,2,3114.0,476,10,3113.9,26,1,3115.0,509,2,3115.5,7,1,3115.9,58,1,3116.1,21,1,3116.2,140,5
2031,2026-06-16 10:30:37+05:30,3114.8,38,3132.26,1012015,119032.0,208887.0,3163.0,3163.0,3108.0,3134.3,31859200,3447.7,2820.9,3839.9,2896.0,3114.8,107,1,3114.2,62,3,3114.1,189,2,3114.0,476,10,3113.9,26,1,3115.0,509,2,3115.5,7,1,3115.9,58,1,3116.1,21,1,3116.2,140,5
2031,2026-06-16 10:30:38+05:30,3114.8,38,3132.26,1012015,119032.0,208887.0,3163.0,3163.0,3108.0,3134.3,31859200,3447.7,2820.9,3839.9,2896.0,3114.8,107,1,3114.2,62,3,3114.1,189,2,3114.0,476,10,3113.9,26,1,3115.0,509,2,3115.5,7,1,3115.9,58,1,3116.1,21,1,3116.2,140,5
2031,2026-06-16 10:30:38+05:30,3115.0,17,3132.26,1012015,119032.0,208887.0,3163.0,3163.0,3108.0,3134.3,31859200,3447.7,2820.9,3839.9,2896.0,3114.8,107,1,3114.2,62,3,3114.1,189,2,3114.0,476,10,3113.9,26,1,3115.0,509,2,3115.5,7,1,3115.9,58,1,3116.1,21,1,3116.2,140,5
2031,2026-06-16 10:30:38+05:30,3115.0,17,3132.26,1012072,118917.0,208392.0,3163.0,3163.0,3108.0,3134.3,31859200,3447.7,2820.9,3839.9,2896.0,3114.8,67,1,3114.2,41,2,3114.1,189,2,3114.0,457,9,3113.9,45,2,3115.0,510,3,3115.5,7,1,3115.9,58,1,3116.0,21,1,3116.1,19,1
2031,2026-06-16 10:30:38+05:30,3115.0,17,3132.26,1012072,118917.0,208392.0,3163.0,3163.0,3108.0,3134.3,31859200,3447.7,2820.9,3839.9,2896.0,3114.8,67,1,3114.2,41,2,3114.1,189,2,3114.0,457,9,3113.9,45,2,3115.0,510,3,3115.5,7,1,3115.9,58,1,3116.0,21,1,3116.1,19,1
2031,2026-06-16 10:30:39+05:30,3115.0,1,3132.26,1012072,118917.0,208392.0,3163.0,3163.0,3108.0,3134.3,31859200,3447.7,2820.9,3839.9,2896.0,3114.8,67,1,3114.2,41,2,3114.1,189,2,3114.0,457,9,3113.9,45,2,3115.0,510,3,3115.5,7,1,3115.9,58,1,3116.0,21,1,3116.1,19,1
2031,2026-06-16 10:30:39+05:30,3115.0,5,3132.26,1012078,118954.0,208684.0,3163.0,3163.0,3108.0,3134.3,31859200,3447.7,2820.9,3839.9,2896.0,3114.8,67,1,3114.2,96,3,3114.1,189,2,3114.0,493,12,3113.9,68,2,3115.0,504,3,3115.5,7,1,3115.9,58,1,3116.0,21,1,3116.1,19,1
2031,2026-06-16 10:30:39+05:30,3115.0,5,3132.26,1012078,118954.0,208684.0,3163.0,3163.0,3108.0,3134.3,31859200,3447.7,2820.9,3839.9,2896.0,3114.8,67,1,3114.2,96,3,3114.1,189,2,3114.0,493,12,3113.9,68,2,3115.0,504,3,3115.5,7,1,3115.9,58,1,3116.0,21,1,3116.1,19,1
2031,2026-06-16 10:30:40+05:30,3115.0,1,3132.26,1012078,118954.0,208684.0,3163.0,3163.0,3108.0,3134.3,31859200,3447.7,2820.9,3839.9,2896.0,3114.8,67,1,3114.2,43,2,3114.1,10,1,3114.0,477,11,3113.9,89,3,3115.0,554,4,3115.5,7,1,3115.9,58,1,3116.0,21,1,3116.1,99,2
2031,2026-06-16 10:30:40+05:30,3115.0,1,3132.26,1012079,118965.0,207199.0,3163.0,3163.0,3108.0,3134.3,31859200,3447.7,2820.9,3839.9,2896.0,3114.8,67,1,3114.2,43,2,3114.1,10,1,3114.0,477,11,3113.9,89,3,3115.0,554,4,3115.5,7,1,3115.9,58,1,3116.0,21,1,3116.1,99,2
2031,2026-06-16 10:30:40+05:30,3115.0,1,3132.26,1012079,118965.0,207199.0,3163.0,3163.0,3108.0,3134.3,31859200,3447.7,2820.9,3839.9,2896.0,3114.8,67,1,3114.2,43,2,3114.1,10,1,3114.0,477,11,3113.9,89,3,3115.0,554,4,3115.5,7,1,3115.9,58,1,3116.0,21,1,3116.1,99,2
2031,2026-06-16 10:30:41+05:30,3115.0,9,3132.26,1012079,118965.0,207199.0,3163.0,3163.0,3108.0,3134.3,31859200,3447.7,2820.9,3839.9,2896.0,3114.8,67,1,3114.2,43,2,3114.1,10,1,3114.0,477,11,3113.9,89,3,3115.0,554,4,3115.5,7,1,3115.9,58,1,3116.0,21,1,3116.1,99,2
2031,2026-06-16 10:30:41+05:30,3115.0,9,3132.24,1012988,119196.0,209393.0,3163.0,3163.0,3108.0,3134.3,31859200,3447.7,2820.9,3839.9,2896.0,3114.8,45,2,3114.4,28,1,3114.2,7,1,3114.1,31,2,3114.0,100,5,3115.0,545,4,3115.8,21,1,3115.9,77,2,3116.0,40,1,3116.2,155,5
2031,2026-06-16 10:30:41+05:30,3115.0,9,3132.24,1012988,119196.0,209393.0,3163.0,3163.0,3108.0,3134.3,31859200,3447.7,2820.9,3839.9,2896.0,3114.8,45,2,3114.4,28,1,3114.2,7,1,3114.1,31,2,3114.0,100,5,3115.0,545,4,3115.8,21,1,3115.9,77,2,3116.0,40,1,3116.2,155,5
2031,2026-06-16 10:30:42+05:30,3115.0,17,3132.24,1012988,119196.0,209393.0,3163.0,3163.0,3108.0,3134.3,31859200,3447.7,2820.9,3839.9,2896.0,3114.8,45,2,3114.4,28,1,3114.2,7,1,3114.1,31,2,3114.0,100,5,3115.0,545,4,3115.8,21,1,3115.9,77,2,3116.0,40,1,3116.2,155,5
2031,2026-06-16 10:30:42+05:30,3115.0,17,3132.24,1013144,119138.0,207366.0,3163.0,3163.0,3108.0,3134.3,31859200,3447.7,2820.9,3839.9,2896.0,3114.1,84,6,3114.0,88,5,3113.9,176,5,3113.8,90,4,3113.7,121,4,3115.0,554,5,3115.9,97,3,3116.0,82,3,3116.1,83,1,3116.2,155,5
2031,2026-06-16 10:30:42+05:30,3115.0,17,3132.24,1013144,119138.0,207366.0,3163.0,3163.0,3108.0,3134.3,31859200,3447.7,2820.9,3839.9,2896.0,3114.1,84,6,3114.0,88,5,3113.9,176,5,3113.8,90,4,3113.7,121,4,3115.0,554,5,3115.9,97,3,3116.0,82,3,3116.1,83,1,3116.2,155,5
2031,2026-06-16 10:30:43+05:30,3114.1,1,3132.24,1013144,119138.0,207366.0,3163.0,3163.0,3108.0,3134.3,31859200,3447.7,2820.9,3839.9,2896.0,3114.1,84,6,3114.0,88,5,3113.9,176,5,3113.8,90,4,3113.7,121,4,3115.0,554,5,3115.9,97,3,3116.0,82,3,3116.1,83,1,3116.2,155,5
2031,2026-06-16 10:30:43+05:30,3114.1,1,3132.24,1013438,118777.0,208367.0,3163.0,3163.0,3108.0,3134.3,31859200,3447.7,2820.9,3839.9,2896.0,3114.2,120,8,3114.1,118,5,3114.0,92,6,3113.9,116,3,3113.8,90,4,3115.0,427,5,3115.9,58,1,3116.0,21,1,3116.2,113,4,3116.4,114,5
2031,2026-06-16 10:30:43+05:30,3114.1,1,3132.24,1013438,118777.0,208367.0,3163.0,3163.0,3108.0,3134.3,31859200,3447.7,2820.9,3839.9,2896.0,3114.2,120,8,3114.1,118,5,3114.0,92,6,3113.9,116,3,3113.8,90,4,3115.0,427,5,3115.9,58,1,3116.0,21,1,3116.2,113,4,3116.4,114,5
2031,2026-06-16 10:30:44+05:30,3115.0,1,3132.24,1013438,118777.0,208367.0,3163.0,3163.0,3108.0,3134.3,31859200,3447.7,2820.9,3839.9,2896.0,3114.2,120,8,3114.1,118,5,3114.0,92,6,3113.9,116,3,3113.8,90,4,3115.0,427,5,3115.9,58,1,3116.0,21,1,3116.2,113,4,3116.4,114,5
2031,2026-06-16 10:30:44+05:30,3115.0,1,3132.24,1013448,119090.0,208194.0,3163.0,3163.0,3108.0,3134.3,31859200,3447.7,2820.9,3839.9,2896.0,3114.2,180,10,3114.1,118,5,3114.0,93,7,3113.9,136,4,3113.8,91,5,3115.0,417,5,3115.9,58,1,3116.0,21,1,3116.2,113,4,3116.3,93,1
2031,2026-06-16 10:30:44+05:30,3115.0,1,3132.24,1013448,119090.0,208194.0,3163.0,3163.0,3108.0,3134.3,31864200,3447.7,2820.9,3839.9,2896.0,3114.2,180,10,3114.1,118,5,3114.0,93,7,3113.9,136,4,3113.8,91,5,3115.0,417,5,3115.9,58,1,3116.0,21,1,3116.2,113,4,3116.3,93,1
2031,2026-06-16 10:30:45+05:30,3115.0,17,3132.24,1013448,119090.0,208194.0,3163.0,3163.0,3108.0,3134.3,31864200,3447.7,2820.9,3839.9,2896.0,3114.2,180,10,3114.1,118,5,3114.0,93,7,3113.9,136,4,3113.8,91,5,3115.0,417,5,3115.9,58,1,3116.0,21,1,3116.2,113,4,3116.3,93,1
2031,2026-06-16 10:30:45+05:30,3115.0,17,3132.24,1013465,119178.0,208417.0,3163.0,3163.0,3108.0,3134.3,31864200,3447.7,2820.9,3839.9,2896.0,3114.2,169,9,3114.1,118,5,3114.0,93,7,3113.9,116,3,3113.8,91,5,3115.0,400,5,3115.9,58,1,3116.0,21,1,3116.2,113,4,3116.3,93,1
2031,2026-06-16 10:30:46+05:30,3115.0,17,3132.24,1013465,118873.0,209083.0,3163.0,3163.0,3108.0,3134.3,31864200,3447.7,2820.9,3839.9,2896.0,3114.6,2,2,3114.2,77,4,3114.1,43,1,3114.0,34,2,3113.8,24,2,3115.0,461,7,3115.2,55,3,3115.4,22,1,3115.5,24,1,3115.6,103,4
2031,2026-06-16 10:30:47+05:30,3115.0,1,3132.24,1013465,118873.0,209083.0,3163.0,3163.0,3108.0,3134.3,31864200,3447.7,2820.9,3839.9,2896.0,3114.6,2,2,3114.2,77,4,3114.1,43,1,3114.0,34,2,3113.8,24,2,3115.0,461,7,3115.2,55,3,3115.4,22,1,3115.5,24,1,3115.6,103,4
2031,2026-06-16 10:30:47+05:30,3115.0,1,3132.22,1014467,119057.0,207398.0,3163.0,3163.0,3108.0,3134.3,31864200,3447.7,2820.9,3839.9,2896.0,3114.6,49,4,3114.2,77,4,3114.1,71,2,3114.0,34,2,3113.8,178,1,3115.0,499,1,3115.5,21,1,3115.6,79,4,3115.7,61,2,3115.8,52,2
2031,2026-06-16 10:30:48+05:30,3114.9,1,3132.22,1014467,119057.0,207398.0,3163.0,3163.0,3108.0,3134.3,31864200,3447.7,2820.9,3839.9,2896.0,3114.6,49,4,3114.2,77,4,3114.1,71,2,3114.0,34,2,3113.8,178,1,3115.0,499,1,3115.5,21,1,3115.6,79,4,3115.7,61,2,3115.8,52,2
2031,2026-06-16 10:30:48+05:30,3114.9,1,3132.22,1014487,118948.0,210165.0,3163.0,3163.0,3108.0,3134.3,31864200,3447.7,2820.9,3839.9,2896.0,3114.6,46,3,3114.2,77,4,3114.1,43,1,3114.0,34,2,3113.9,28,1,3114.9,22,1,3115.0,547,2,3115.2,21,1,3115.3,19,1,3115.6,164,6
2031,2026-06-16 10:30:49+05:30,3114.9,1,3132.22,1014488,118938.0,210032.0,3163.0,3163.0,3108.0,3134.3,31864200,3447.7,2820.9,3839.9,2896.0,3114.6,46,3,3114.3,25,1,3114.2,77,4,3114.1,43,1,3114.0,18,2,3114.9,48,2,3115.0,595,4,3115.1,21,1,3115.2,35,2,3115.4,22,1
2031,2026-06-16 10:30:50+05:30,3114.7,5,3132.22,1014488,118938.0,210032.0,3163.0,3163.0,3108.0,3134.3,31864200,3447.7,2820.9,3839.9,2896.0,3114.6,46,3,3114.3,25,1,3114.2,77,4,3114.1,43,1,3114.0,18,2,3114.9,48,2,3115.0,595,4,3115.1,21,1,3115.2,35,2,3115.4,22,1
2031,2026-06-16 10:30:50+05:30,3114.7,5,3132.22,1014493,119441.0,207995.0,3163.0,3163.0,3108.0,3134.3,31864200,3447.7,2820.9,3839.9,2896.0,3114.7,20,1,3114.6,46,3,3114.2,77,4,3114.1,43,1,3114.0,60,3,3114.9,48,2,3115.0,576,3,3115.2,21,1,3115.3,42,1,3115.4,53,2
2031,2026-06-16 10:30:51+05:30,3114.9,1,3132.22,1014493,119441.0,207995.0,3163.0,3163.0,3108.0,3134.3,31864200,3447.7,2820.9,3839.9,2896.0,3114.7,20,1,3114.6,46,3,3114.2,77,4,3114.1,43,1,3114.0,60,3,3114.9,48,2,3115.0,576,3,3115.2,21,1,3115.3,42,1,3115.4,53,2
2031,2026-06-16 10:30:51+05:30,3114.9,1,3132.22,1014494,119343.0,210118.0,3163.0,3163.0,3108.0,3134.3,31864200,3447.7,2820.9,3839.9,2896.0,3114.8,2,2,3114.7,22,2,3114.6,44,1,3114.2,77,4,3114.1,43,1,3114.9,47,2,3115.0,576,3,3115.3,40,2,3115.4,66,2,3115.5,29,1
2031,2026-06-16 10:30:52+05:30,3114.9,90,3132.22,1014494,119343.0,210118.0,3163.0,3163.0,3108.0,3134.3,31864200,3447.7,2820.9,3839.9,2896.0,3114.8,2,2,3114.7,22,2,3114.6,44,1,3114.2,77,4,3114.1,43,1,3114.9,47,2,3115.0,576,3,3115.3,40,2,3115.4,66,2,3115.5,29,1
2031,2026-06-16 10:30:52+05:30,3114.9,90,3132.22,1014604,119488.0,210222.0,3163.0,3163.0,3108.0,3134.3,31864200,3447.7,2820.9,3839.9,2896.0,3114.8,102,4,3114.7,2,1,3114.6,44,1,3114.5,22,1,3114.2,14,3,3115.0,576,3,3115.3,19,1,3115.6,150,5,3115.7,30,1,3115.8,94,3
2031,2026-06-16 10:30:53+05:30,3114.9,1,3132.22,1014604,119488.0,210222.0,3163.0,3163.0,3108.0,3134.3,31864200,3447.7,2820.9,3839.9,2896.0,3114.8,102,4,3114.7,2,1,3114.6,44,1,3114.5,22,1,3114.2,14,3,3115.0,576,3,3115.3,19,1,3115.6,150,5,3115.7,30,1,3115.8,94,3
2031,2026-06-16 10:30:53+05:30,3114.9,1,3132.22,1014605,119573.0,210241.0,3163.0,3163.0,3108.0,3134.3,31864200,3447.7,2820.9,3839.9,2896.0,3114.8,102,4,3114.7,26,2,3114.6,46,2,3114.2,24,4,3114.1,21,1,3114.9,19,1,3115.0,576,3,3115.3,19,1,3115.6,150,5,3115.7,72,2
2031,2026-06-16 10:30:54+05:30,3114.9,1,3132.22,1014605,119515.0,210254.0,3163.0,3163.0,3108.0,3134.3,31864200,3447.7,2820.9,3839.9,2896.0,3114.8,102,4,3114.7,26,2,3114.6,46,2,3114.2,24,4,3114.1,21,1,3114.9,32,2,3115.0,576,3,3115.3,19,1,3115.6,150,5,3115.7,72,2
2031,2026-06-16 10:30:55+05:30,3114.9,12,3132.22,1014649,119583.0,210066.0,3163.0,3163.0,3108.0,3134.3,31864200,3447.7,2820.9,3839.9,2896.0,3114.9,14,1,3114.8,104,5,3114.7,2,1,3114.6,57,3,3114.2,8,2,3115.0,576,3,3115.2,19,1,3115.6,123,4,3115.7,72,2,3115.8,52,2
2031,2026-06-16 10:30:55+05:30,3114.9,12,3132.22,1014649,119583.0,210066.0,3163.0,3163.0,3108.0,3134.3,31864200,3447.7,2820.9,3839.9,2896.0,3114.9,14,1,3114.8,104,5,3114.7,2,1,3114.6,57,3,3114.2,8,2,3115.0,576,3,3115.2,19,1,3115.6,123,4,3115.7,72,2,3115.8,52,2
2031,2026-06-16 10:30:56+05:30,3114.8,28,3132.21,1014921,119527.0,209974.0,3163.0,3163.0,3108.0,3134.3,31864200,3447.7,2820.9,3839.9,2896.0,3114.8,73,2,3114.7,2,1,3114.6,57,3,3114.2,7,1,3114.0,50,2,3115.0,363,4,3115.2,19,1,3115.3,14,1,3115.5,71,3,3115.6,69,2
2031,2026-06-16 10:30:56+05:30,3114.8,28,3132.21,1014921,119527.0,209974.0,3163.0,3163.0,3108.0,3134.3,31864200,3447.7,2820.9,3839.9,2896.0,3114.8,73,2,3114.7,2,1,3114.6,57,3,3114.2,7,1,3114.0,50,2,3115.0,363,4,3115.2,19,1,3115.3,14,1,3115.5,71,3,3115.6,69,2
2031,2026-06-16 10:30:57+05:30,3114.8,28,3132.21,1014921,119587.0,209912.0,3163.0,3163.0,3108.0,3134.3,31864200,3447.7,2820.9,3839.9,2896.0,3114.8,73,2,3114.7,2,1,3114.6,57,3,3114.2,7,1,3114.0,8,1,3114.9,48,1,3115.0,344,3,3115.2,29,1,3115.3,34,1,3115.5,52,2
2031,2026-06-16 10:30:58+05:30,3114.8,6,3132.21,1014927,119570.0,210063.0,3163.0,3163.0,3108.0,3134.3,31864200,3447.7,2820.9,3839.9,2896.0,3114.8,86,4,3114.7,2,1,3114.6,46,2,3114.2,7,1,3114.0,8,1,3114.9,85,3,3115.0,363,4,3115.2,80,4,3115.3,34,1,3115.4,16,1
2031,2026-06-16 10:30:58+05:30,3114.8,6,3132.21,1014927,119570.0,210063.0,3163.0,3163.0,3108.0,3134.3,31864200,3447.7,2820.9,3839.9,2896.0,3114.8,86,4,3114.7,2,1,3114.6,46,2,3114.2,7,1,3114.0,8,1,3114.9,85,3,3115.0,363,4,3115.2,80,4,3115.3,34,1,3115.4,16,1
2031,2026-06-16 10:30:59+05:30,3114.9,10,3132.21,1014937,119625.0,210027.0,3163.0,3163.0,3108.0,3134.3,31864200,3447.7,2820.9,3839.9,2896.0,3114.8,74,3,3114.7,2,1,3114.6,57,3,3114.2,7,1,3114.0,8,1,3114.9,75,3,3115.0,363,4,3115.2,80,4,3115.3,34,1,3115.4,47,2
2031,2026-06-16 10:30:59+05:30,3114.8,40,3132.21,1014937,119625.0,210027.0,3163.0,3163.0,3108.0,3134.3,31864200,3447.7,2820.9,3839.9,2896.0,3114.8,74,3,3114.7,2,1,3114.6,57,3,3114.2,7,1,3114.0,8,1,3114.9,75,3,3115.0,363,4,3115.2,80,4,3115.3,34,1,3115.4,47,2
2031,2026-06-16 10:31:00+05:30,3114.9,1,3132.21,1014979,119580.0,210374.0,3163.0,3163.0,3108.0,3134.3,31864200,3447.7,2820.9,3839.9,2896.0,3114.8,43,4,3114.7,2,1,3114.6,57,3,3114.2,7,1,3114.0,15,2,3114.9,74,4,3115.0,380,5,3115.2,40,2,3115.3,34,1,3115.4,47,2
2031,2026-06-16 10:31:00+05:30,3114.9,1,3132.21,1014979,119580.0,210374.0,3163.0,3163.0,3108.0,3134.3,31864200,3447.7,2820.9,3839.9,2896.0,3114.8,43,4,3114.7,2,1,3114.6,57,3,3114.2,7,1,3114.0,15,2,3114.9,74,4,3115.0,380,5,3115.2,40,2,3115.3,34,1,3115.4,47,2
2031,2026-06-16 10:31:01+05:30,3114.9,2,3132.21,1014979,119580.0,210374.0,3163.0,3163.0,3108.0,3134.3,31864200,3447.7,2820.9,3839.9,2896.0,3114.8,43,4,3114.7,2,1,3114.6,57,3,3114.2,7,1,3114.0,15,2,3114.9,74,4,3115.0,380,5,3115.2,40,2,3115.3,34,1,3115.4,47,2
2031,2026-06-16 10:31:01+05:30,3114.9,2,3132.21,1014983,119591.0,210287.0,3163.0,3163.0,3108.0,3134.3,31864200,3447.7,2820.9,3839.9,2896.0,3114.8,56,6,3114.7,26,2,3114.6,46,2,3114.2,7,1,3114.1,21,1,3114.9,70,4,3115.0,361,4,3115.3,34,1,3115.5,21,1,3115.6,69,2
2031,2026-06-16 10:31:02+05:30,3114.9,2,3132.21,1014983,119590.0,210473.0,3163.0,3163.0,3108.0,3134.3,31864200,3447.7,2820.9,3839.9,2896.0,3114.8,44,5,3114.7,26,2,3114.6,57,3,3114.2,7,1,3114.1,21,1,3114.9,70,4,3115.0,361,4,3115.3,53,2,3115.4,29,1,3115.5,52,2
2031,2026-06-16 10:31:03+05:30,3114.9,7,3132.21,1015060,119651.0,210315.0,3163.0,3163.0,3108.0,3134.3,31864200,3447.7,2820.9,3839.9,2896.0,3114.8,65,7,3114.7,28,2,3114.6,46,2,3114.2,7,1,3114.1,21,1,3115.0,361,4,3115.5,40,2,3115.6,50,1,3115.7,31,1,3115.8,52,2
2031,2026-06-16 10:31:03+05:30,3114.9,7,3132.21,1015060,119651.0,210315.0,3163.0,3163.0,3108.0,3134.3,31864200,3447.7,2820.9,3839.9,2896.0,3114.8,65,7,3114.7,28,2,3114.6,46,2,3114.2,7,1,3114.1,21,1,3115.0,361,4,3115.5,40,2,3115.6,50,1,3115.7,31,1,3115.8,52,2
2031,2026-06-16 10:31:04+05:30,3114.9,7,3132.21,1015060,119850.0,210464.0,3163.0,3163.0,3108.0,3134.3,31864200,3447.7,2820.9,3839.9,2896.0,3114.9,100,1,3114.8,54,6,3114.7,28,2,3114.6,57,3,3114.3,45,2,3115.0,361,4,3115.6,50,1,3115.7,31,1,3115.8,73,3,3115.9,332,4
2031,2026-06-16 10:31:05+05:30,3115.0,1,3132.21,1015061,119863.0,210744.0,3163.0,3163.0,3108.0,3134.3,31864200,3447.7,2820.9,3839.9,2896.0,3114.9,106,2,3114.8,65,7,3114.7,28,2,3114.6,46,2,3114.3,45,2,3115.0,420,6,3115.5,19,1,3115.6,91,3,3115.7,31,1,3115.8,19,1
2031,2026-06-16 10:31:05+05:30,3115.0,1,3132.21,1015061,119863.0,210744.0,3163.0,3163.0,3108.0,3134.3,31864200,3447.7,2820.9,3839.9,2896.0,3114.9,106,2,3114.8,65,7,3114.7,28,2,3114.6,46,2,3114.3,45,2,3115.0,420,6,3115.5,19,1,3115.6,91,3,3115.7,31,1,3115.8,19,1
2031,2026-06-16 10:31:06+05:30,3115.0,1,3132.21,1015070,119827.0,210712.0,3163.0,3163.0,3108.0,3134.3,31864200,3447.7,2820.9,3839.9,2896.0,3114.9,166,4,3114.8,68,7,3114.7,28,2,3114.6,56,3,3114.4,42,2,3115.0,420,7,3115.6,20,1,3115.8,19,1,3115.9,361,5,3116.0,330,4
2031,2026-06-16 10:31:06+05:30,3115.0,1,3132.21,1015070,119827.0,210712.0,3163.0,3163.0,3108.0,3134.3,31864200,3447.7,2820.9,3839.9,2896.0,3114.9,166,4,3114.8,68,7,3114.7,28,2,3114.6,56,3,3114.4,42,2,3115.0,420,7,3115.6,20,1,3115.8,19,1,3115.9,361,5,3116.0,330,4
2031,2026-06-16 10:31:07+05:30,3115.0,257,3132.21,1015070,119827.0,210712.0,3163.0,3163.0,3108.0,3134.3,31864200,3447.7,2820.9,3839.9,2896.0,3114.9,166,4,3114.8,68,7,3114.7,28,2,3114.6,56,3,3114.4,42,2,3115.0,420,7,3115.6,20,1,3115.8,19,1,3115.9,361,5,3116.0,330,4
2031,2026-06-16 10:31:07+05:30,3115.0,257,3132.2,1015327,119824.0,210315.0,3163.0,3163.0,3108.0,3134.3,31864200,3447.7,2820.9,3839.9,2896.0,3114.9,175,6,3114.8,50,5,3114.7,2,1,3114.6,94,5,3114.4,79,3,3115.0,163,7,3115.6,20,1,3115.8,19,1,3115.9,367,5,3116.0,330,4
2031,2026-06-16 10:31:08+05:30,3114.9,2,3132.2,1015327,119824.0,210315.0,3163.0,3163.0,3108.0,3134.3,31864200,3447.7,2820.9,3839.9,2896.0,3114.9,175,6,3114.8,50,5,3114.7,2,1,3114.6,94,5,3114.4,79,3,3115.0,163,7,3115.6,20,1,3115.8,19,1,3115.9,367,5,3116.0,330,4
2031,2026-06-16 10:31:08+05:30,3114.9,2,3132.2,1015449,119684.0,211003.0,3163.0,3163.0,3108.0,3134.3,31864200,3447.7,2820.9,3839.9,2896.0,3114.9,147,7,3114.8,48,4,3114.7,2,1,3114.6,46,2,3114.3,17,1,3115.0,578,5,3115.6,20,1,3115.8,40,2,3115.9,427,7,3116.0,347,4
2031,2026-06-16 10:31:09+05:30,3115.0,1,3132.2,1015449,119684.0,211003.0,3163.0,3163.0,3108.0,3134.3,31864200,3447.7,2820.9,3839.9,2896.0,3114.9,147,7,3114.8,48,4,3114.7,2,1,3114.6,46,2,3114.3,17,1,3115.0,578,5,3115.6,20,1,3115.8,40,2,3115.9,427,7,3116.0,347,4
2031,2026-06-16 10:31:09+05:30,3115.0,1,3132.2,1015450,119609.0,211733.0,3163.0,3163.0,3108.0,3134.3,31864200,3447.7,2820.9,3839.9,2896.0,3114.9,147,7,3114.8,48,4,3114.7,2,1,3114.6,46,2,3114.2,35,2,3115.0,632,6,3115.3,21,1,3115.4,19,1,3115.5,16,1,3115.6,85,3
2031,2026-06-16 10:31:10+05:30,3114.9,52,3132.2,1015450,119609.0,211733.0,3163.0,3163.0,3108.0,3134.3,31864200,3447.7,2820.9,3839.9,2896.0,3114.9,147,7,3114.8,48,4,3114.7,2,1,3114.6,46,2,3114.2,35,2,3115.0,632,6,3115.3,21,1,3115.4,19,1,3115.5,16,1,3115.6,85,3
2031,2026-06-16 10:31:10+05:30,3115.0,1,3132.2,1015689,119740.0,209286.0,3163.0,3163.0,3108.0,3134.3,31864200,3447.7,2820.9,3839.9,2896.0,3114.9,72,5,3114.8,47,3,3114.7,2,1,3114.6,46,2,3114.2,7,1,3115.0,593,5,3115.3,21,1,3115.4,19,1,3115.6,104,3,3115.8,78,4
2031,2026-06-16 10:31:11+05:30,3115.0,1,3132.2,1015689,119740.0,209286.0,3163.0,3163.0,3108.0,3134.3,31864200,3447.7,2820.9,3839.9,2896.0,3114.9,72,5,3114.8,47,3,3114.7,2,1,3114.6,46,2,3114.2,7,1,3115.0,593,5,3115.3,21,1,3115.4,19,1,3115.6,104,3,3115.8,78,4
2031,2026-06-16 10:31:11+05:30,3115.0,1,3132.2,1015689,119745.0,211510.0,3163.0,3163.0,3108.0,3134.3,31864200,3447.7,2820.9,3839.9,2896.0,3114.9,72,5,3114.8,47,3,3114.7,2,1,3114.6,46,2,3114.2,7,1,3115.0,593,5,3115.1,19,1,3115.3,21,1,3115.4,19,1,3115.6,136,4
2031,2026-06-16 10:31:12+05:30,3115.0,75,3132.2,1015689,119745.0,211510.0,3163.0,3163.0,3108.0,3134.3,31864200,3447.7,2820.9,3839.9,2896.0,3114.9,72,5,3114.8,47,3,3114.7,2,1,3114.6,46,2,3114.2,7,1,3115.0,593,5,3115.1,19,1,3115.3,21,1,3115.4,19,1,3115.6,136,4
2031,2026-06-16 10:31:12+05:30,3115.0,1,3132.2,1015815,119642.0,211166.0,3163.0,3163.0,3108.0,3134.3,31864200,3447.7,2820.9,3839.9,2896.0,3114.9,112,6,3114.8,47,3,3114.7,2,1,3114.6,46,2,3114.2,7,1,3115.0,467,2,3115.4,19,1,3115.5,21,1,3115.6,104,3,3115.8,78,4
2031,2026-06-16 10:31:13+05:30,3114.9,17,3132.2,1015815,119642.0,211166.0,3163.0,3163.0,3108.0,3134.3,31864200,3447.7,2820.9,3839.9,2896.0,3114.9,112,6,3114.8,47,3,3114.7,2,1,3114.6,46,2,3114.2,7,1,3115.0,467,2,3115.4,19,1,3115.5,21,1,3115.6,104,3,3115.8,78,4
2031,2026-06-16 10:31:13+05:30,3114.9,4,3132.19,1015882,119733.0,211186.0,3163.0,3163.0,3108.0,3134.3,31864200,3447.7,2820.9,3839.9,2896.0,3114.9,160,6,3114.8,47,3,3114.7,2,1,3114.6,46,2,3114.2,7,1,3115.0,467,2,3115.1,19,1,3115.4,19,1,3115.5,21,1,3115.6,104,3
2031,2026-06-16 10:31:14+05:30,3115.0,332,3132.19,1015882,119733.0,211186.0,3163.0,3163.0,3108.0,3134.3,31864200,3447.7,2820.9,3839.9,2896.0,3114.9,160,6,3114.8,47,3,3114.7,2,1,3114.6,46,2,3114.2,7,1,3115.0,467,2,3115.1,19,1,3115.4,19,1,3115.5,21,1,3115.6,104,3
2031,2026-06-16 10:31:14+05:30,3115.0,5,3132.18,1016687,119689.0,210779.0,3163.0,3163.0,3108.0,3134.3,31864200,3447.7,2820.9,3839.9,2896.0,3114.9,85,6,3114.8,47,3,3114.7,2,1,3114.6,46,2,3114.3,16,1,3115.0,163,1,3115.5,26,2,3115.7,62,2,3115.8,40,2,3115.9,333,5
2031,2026-06-16 10:31:15+05:30,3115.0,34,3132.18,1016687,119689.0,210779.0,3163.0,3163.0,3108.0,3134.3,31864200,3447.7,2820.9,3839.9,2896.0,3114.9,85,6,3114.8,47,3,3114.7,2,1,3114.6,46,2,3114.3,16,1,3115.0,163,1,3115.5,26,2,3115.7,62,2,3115.8,40,2,3115.9,333,5
2031,2026-06-16 10:31:15+05:30,3115.0,3,3132.17,1017151,120905.0,208667.0,3163.0,3163.0,3108.0,3134.3,31864200,3447.7,2820.9,3839.9,2896.0,3115.0,24,3,3114.9,59,5,3114.8,47,3,3114.7,2,1,3114.6,46,2,3115.8,50,4,3115.9,325,4,3116.0,325,5,3116.1,86,3,3116.2,132,4
2031,2026-06-16 10:31:16+05:30,3115.7,1,3132.17,1017151,120905.0,208667.0,3163.0,3163.0,3108.0,3134.3,31864200,3447.7,2820.9,3839.9,2896.0,3115.0,24,3,3114.9,59,5,3114.8,47,3,3114.7,2,1,3114.6,46,2,3115.8,50,4,3115.9,325,4,3116.0,325,5,3116.1,86,3,3116.2,132,4
2031,2026-06-16 10:31:16+05:30,3115.7,1,3132.17,1017152,121043.0,210577.0,3163.0,3163.0,3108.0,3134.3,31864200,3447.7,2820.9,3839.9,2896.0,3115.0,56,4,3114.9,59,5,3114.8,47,3,3114.7,2,1,3114.6,46,2,3115.7,71,3,3115.8,31,3,3115.9,381,6,3116.0,388,7,3116.1,54,2
2031,2026-06-16 10:31:17+05:30,3115.7,1,3132.17,1017152,121021.0,210714.0,3163.0,3163.0,3108.0,3134.3,31864200,3447.7,2820.9,3839.9,2896.0,3115.0,56,4,3114.9,59,5,3114.8,47,3,3114.7,2,1,3114.6,46,2,3115.7,106,4,3115.8,52,4,3115.9,381,6,3116.0,367,6,3116.1,54,2
2031,2026-06-16 10:31:18+05:30,3115.7,1,3132.17,1017152,121219.0,210495.0,3163.0,3163.0,3108.0,3134.3,31864200,3447.7,2820.9,3839.9,2896.0,3115.0,56,4,3114.9,59,5,3114.8,68,4,3114.7,25,2,3114.6,46,2,3115.7,106,4,3115.8,31,3,3115.9,252,3,3116.0,358,4,3116.1,37,1
2031,2026-06-16 10:31:19+05:30,3115.7,1,3132.17,1017152,121219.0,210495.0,3163.0,3163.0,3108.0,3134.3,31864200,3447.7,2820.9,3839.9,2896.0,3115.0,56,4,3114.9,59,5,3114.8,68,4,3114.7,25,2,3114.6,46,2,3115.7,106,4,3115.8,31,3,3115.9,252,3,3116.0,358,4,3116.1,37,1
2031,2026-06-16 10:31:19+05:30,3115.7,1,3132.17,1017153,121189.0,210462.0,3163.0,3163.0,3108.0,3134.3,31864200,3447.7,2820.9,3839.9,2896.0,3115.0,181,7,3114.9,50,3,3114.8,104,5,3114.7,52,3,3114.6,46,2,3115.7,86,3,3115.8,31,3,3115.9,231,2,3116.0,379,5,3116.1,52,2
2031,2026-06-16 10:31:20+05:30,3115.7,1,3132.17,1017153,121379.0,210284.0,3163.0,3163.0,3108.0,3134.3,31864200,3447.7,2820.9,3839.9,2896.0,3115.3,2,2,3115.0,189,6,3114.9,102,5,3114.8,92,4,3114.7,25,2,3115.7,86,3,3115.8,31,3,3115.9,231,2,3116.0,358,4,3116.1,21,1
2031,2026-06-16 10:31:21+05:30,3115.7,1,3132.17,1017153,121379.0,210284.0,3163.0,3163.0,3108.0,3134.3,31864200,3447.7,2820.9,3839.9,2896.0,3115.3,2,2,3115.0,189,6,3114.9,102,5,3114.8,92,4,3114.7,25,2,3115.7,86,3,3115.8,31,3,3115.9,231,2,3116.0,358,4,3116.1,21,1
2031,2026-06-16 10:31:21+05:30,3115.7,1,3132.17,1017154,121577.0,210384.0,3163.0,3163.0,3108.0,3134.3,31864200,3447.7,2820.9,3839.9,2896.0,3115.3,2,2,3115.0,189,6,3114.9,102,5,3114.8,92,4,3114.7,25,2,3115.7,85,3,3115.8,31,3,3115.9,231,2,3116.0,358,4,3116.1,21,1
2031,2026-06-16 10:31:22+05:30,3115.7,1,3132.17,1017154,121529.0,210235.0,3163.0,3163.0,3108.0,3134.3,31864200,3447.7,2820.9,3839.9,2896.0,3115.3,51,3,3115.2,22,1,3115.0,189,6,3114.9,77,4,3114.8,92,4,3115.7,85,3,3115.8,31,3,3115.9,231,2,3116.0,281,2,3116.2,101,4
2031,2026-06-16 10:31:24+05:30,3115.7,3,3132.17,1017157,121587.0,208209.0,3163.0,3163.0,3108.0,3134.3,31864200,3447.7,2820.9,3839.9,2896.0,3115.3,51,3,3115.2,22,1,3115.0,189,6,3114.9,77,4,3114.8,92,4,3115.7,82,3,3115.8,31,3,3115.9,231,2,3116.0,250,1,3116.2,101,4
2031,2026-06-16 10:31:24+05:30,3115.7,3,3132.17,1017157,121587.0,208209.0,3163.0,3163.0,3108.0,3134.3,31864200,3447.7,2820.9,3839.9,2896.0,3115.3,51,3,3115.2,22,1,3115.0,189,6,3114.9,77,4,3114.8,92,4,3115.7,82,3,3115.8,31,3,3115.9,231,2,3116.0,250,1,3116.2,101,4
2031,2026-06-16 10:31:25+05:30,3115.7,3,3132.17,1017157,121848.0,210129.0,3163.0,3163.0,3108.0,3134.3,31864200,3447.7,2820.9,3839.9,2896.0,3115.4,25,1,3115.3,51,3,3115.0,189,6,3114.9,77,4,3114.8,56,3,3115.7,99,3,3115.8,23,2,3115.9,231,2,3116.0,250,1,3116.2,101,4
2031,2026-06-16 10:31:26+05:30,3115.7,1,3132.17,1017157,121848.0,210129.0,3163.0,3163.0,3108.0,3134.3,31864200,3447.7,2820.9,3839.9,2896.0,3115.4,25,1,3115.3,51,3,3115.0,189,6,3114.9,77,4,3114.8,56,3,3115.7,99,3,3115.8,23,2,3115.9,231,2,3116.0,250,1,3116.2,101,4
2031,2026-06-16 10:31:26+05:30,3115.7,1,3132.17,1017209,121443.0,208136.0,3163.0,3163.0,3108.0,3134.3,31864200,3447.7,2820.9,3839.9,2896.0,3115.5,2,2,3115.4,27,2,3115.3,49,1,3115.0,189,6,3114.9,76,3,3115.7,89,4,3115.8,23,2,3115.9,231,2,3116.0,271,2,3116.1,30,1
2031,2026-06-16 10:31:26+05:30,3115.7,1,3132.17,1017209,121443.0,208136.0,3163.0,3163.0,3108.0,3134.3,31864200,3447.7,2820.9,3839.9,2896.0,3115.5,2,2,3115.4,27,2,3115.3,49,1,3115.0,189,6,3114.9,76,3,3115.7,89,4,3115.8,23,2,3115.9,231,2,3116.0,271,2,3116.1,30,1
2031,2026-06-16 10:31:27+05:30,3115.7,6,3132.17,1017209,121443.0,208136.0,3163.0,3163.0,3108.0,3134.3,31864200,3447.7,2820.9,3839.9,2896.0,3115.5,2,2,3115.4,27,2,3115.3,49,1,3115.0,189,6,3114.9,76,3,3115.7,89,4,3115.8,23,2,3115.9,231,2,3116.0,271,2,3116.1,30,1
2031,2026-06-16 10:31:27+05:30,3115.7,6,3132.17,1017304,121451.0,209993.0,3163.0,3163.0,3108.0,3134.3,31864200,3447.7,2820.9,3839.9,2896.0,3115.5,54,3,3115.4,28,2,3115.3,49,1,3115.2,11,1,3115.0,180,6,3115.8,29,3,3115.9,231,2,3116.0,250,1,3116.2,43,3,3116.3,110,4
2031,2026-06-16 10:31:27+05:30,3115.7,6,3132.17,1017304,121451.0,209993.0,3163.0,3163.0,3108.0,3134.3,31864200,3447.7,2820.9,3839.9,2896.0,3115.5,54,3,3115.4,28,2,3115.3,49,1,3115.2,11,1,3115.0,180,6,3115.8,29,3,3115.9,231,2,3116.0,250,1,3116.2,43,3,3116.3,110,4
2031,2026-06-16 10:31:28+05:30,3115.7,6,3132.17,1017304,121451.0,210043.0,3163.0,3163.0,3108.0,3134.3,31864200,3447.7,2820.9,3839.9,2896.0,3115.5,54,3,3115.4,28,2,3115.3,49,1,3115.2,11,1,3115.0,180,6,3115.8,29,3,3115.9,234,3,3116.0,274,2,3116.2,39,3,3116.3,131,5
2031,2026-06-16 10:31:29+05:30,3115.7,6,3132.17,1017304,121273.0,210070.0,3163.0,3163.0,3108.0,3134.3,31864200,3447.7,2820.9,3839.9,2896.0,3115.5,59,4,3115.4,28,2,3115.3,49,1,3115.2,11,1,3115.0,55,3,3115.8,29,3,3115.9,234,3,3116.0,274,2,3116.2,39,3,3116.3,131,5
2031,2026-06-16 10:31:29+05:30,3115.7,6,3132.17,1017304,121273.0,210070.0,3163.0,3163.0,3108.0,3134.3,31864200,3447.7,2820.9,3839.9,2896.0,3115.5,59,4,3115.4,28,2,3115.3,49,1,3115.2,11,1,3115.0,55,3,3115.8,29,3,3115.9,234,3,3116.0,274,2,3116.2,39,3,3116.3,131,5
2031,2026-06-16 10:31:30+05:30,3115.8,1,3132.17,1017304,121273.0,210070.0,3163.0,3163.0,3108.0,3134.3,31864200,3447.7,2820.9,3839.9,2896.0,3115.5,59,4,3115.4,28,2,3115.3,49,1,3115.2,11,1,3115.0,55,3,3115.8,29,3,3115.9,234,3,3116.0,274,2,3116.2,39,3,3116.3,131,5
2031,2026-06-16 10:31:30+05:30,3115.8,1,3132.17,1017305,121591.0,209787.0,3163.0,3163.0,3108.0,3134.3,31864200,3447.7,2820.9,3839.9,2896.0,3115.5,68,6,3115.4,28,2,3115.3,49,1,3115.2,11,1,3115.0,58,4,3115.8,29,4,3115.9,234,3,3116.0,274,2,3116.1,19,1,3116.2,38,2
2031,2026-06-16 10:31:31+05:30,3115.8,1,3132.17,1017305,121352.0,209965.0,3163.0,3163.0,3108.0,3134.3,31864200,3447.7,2820.9,3839.9,2896.0,3115.7,2,2,3115.6,2,2,3115.5,66,4,3115.4,28,2,3115.3,49,1,3115.8,29,4,3115.9,236,4,3116.0,274,2,3116.2,21,1,3116.3,91,4
2031,2026-06-16 10:31:31+05:30,3115.8,1,3132.17,1017305,121352.0,209965.0,3163.0,3163.0,3108.0,3134.3,31864200,3447.7,2820.9,3839.9,2896.0,3115.7,2,2,3115.6,2,2,3115.5,66,4,3115.4,28,2,3115.3,49,1,3115.8,29,4,3115.9,236,4,3116.0,274,2,3116.2,21,1,3116.3,91,4
2031,2026-06-16 10:31:32+05:30,3115.9,187,3132.17,1017305,121352.0,209965.0,3163.0,3163.0,3108.0,3134.3,31864200,3447.7,2820.9,3839.9,2896.0,3115.7,2,2,3115.6,2,2,3115.5,66,4,3115.4,28,2,3115.3,49,1,3115.8,29,4,3115.9,236,4,3116.0,274,2,3116.2,21,1,3116.3,91,4
2031,2026-06-16 10:31:32+05:30,3115.9,187,3132.17,1017521,121900.0,208727.0,3163.0,3163.0,3108.0,3134.3,31864200,3447.7,2820.9,3839.9,2896.0,3115.7,2,2,3115.6,2,2,3115.5,66,4,3115.4,59,4,3115.3,59,2,3115.9,49,4,3116.0,293,3,3116.2,19,1,3116.3,27,2,3116.4,3,1
2031,2026-06-16 10:31:33+05:30,3115.5,18,3132.16,1017735,121741.0,208919.0,3163.0,3163.0,3108.0,3134.3,31864200,3447.7,2820.9,3839.9,2896.0,3115.5,24,4,3115.4,24,2,3115.3,84,2,3115.2,27,1,3115.0,30,3,3115.9,60,4,3116.0,274,2,3116.3,27,2,3116.4,3,1,3116.5,19,1
2031,2026-06-16 10:31:34+05:30,3115.5,18,3132.16,1017735,121741.0,208919.0,3163.0,3163.0,3108.0,3134.3,31864200,3447.7,2820.9,3839.9,2896.0,3115.5,24,4,3115.4,24,2,3115.3,84,2,3115.2,27,1,3115.0,30,3,3115.9,60,4,3116.0,274,2,3116.3,27,2,3116.4,3,1,3116.5,19,1
2031,2026-06-16 10:31:34+05:30,3115.5,18,3132.16,1017735,121741.0,208919.0,3163.0,3163.0,3108.0,3134.3,31864200,3447.7,2820.9,3839.9,2896.0,3115.5,24,4,3115.4,24,2,3115.3,84,2,3115.2,27,1,3115.0,30,3,3115.9,60,4,3116.0,274,2,3116.3,27,2,3116.4,3,1,3116.5,19,1
2031,2026-06-16 10:31:34+05:30,3115.5,18,3132.16,1017735,121768.0,208847.0,3163.0,3163.0,3108.0,3134.3,31864200,3447.7,2820.9,3839.9,2896.0,3115.5,24,4,3115.4,24,2,3115.3,49,1,3115.0,36,3,3114.9,114,4,3115.8,24,1,3115.9,85,5,3116.0,274,2,3116.1,21,1,3116.2,19,1
2031,2026-06-16 10:31:35+05:30,3115.5,18,3132.16,1017735,121768.0,208847.0,3163.0,3163.0,3108.0,3134.3,31864200,3447.7,2820.9,3839.9,2896.0,3115.5,24,4,3115.4,24,2,3115.3,49,1,3115.0,36,3,3114.9,114,4,3115.8,24,1,3115.9,85,5,3116.0,274,2,3116.1,21,1,3116.2,19,1
2031,2026-06-16 10:31:35+05:30,3115.5,1,3132.16,1017741,121796.0,208916.0,3163.0,3163.0,3108.0,3134.3,31864200,3447.7,2820.9,3839.9,2896.0,3115.5,13,3,3115.4,24,2,3115.3,49,1,3115.2,11,1,3115.0,3,2,3115.8,32,3,3115.9,85,5,3116.0,274,2,3116.1,19,1,3116.2,21,1
2031,2026-06-16 10:31:36+05:30,3115.5,1,3132.16,1017741,121796.0,208916.0,3163.0,3163.0,3108.0,3134.3,31864200,3447.7,2820.9,3839.9,2896.0,3115.5,13,3,3115.4,24,2,3115.3,49,1,3115.2,11,1,3115.0,3,2,3115.8,32,3,3115.9,85,5,3116.0,274,2,3116.1,19,1,3116.2,21,1
2031,2026-06-16 10:31:36+05:30,3115.5,1,3132.16,1017741,121812.0,208967.0,3163.0,3163.0,3108.0,3134.3,31864200,3447.7,2820.9,3839.9,2896.0,3115.5,24,4,3115.4,24,2,3115.3,49,1,3115.0,3,2,3114.9,136,5,3115.8,32,3,3115.9,85,5,3116.0,274,2,3116.2,21,1,3116.3,6,1
2031,2026-06-16 10:31:36+05:30,3115.5,1,3132.16,1017741,121812.0,208967.0,3163.0,3163.0,3108.0,3134.3,31864200,3447.7,2820.9,3839.9,2896.0,3115.5,24,4,3115.4,24,2,3115.3,49,1,3115.0,3,2,3114.9,136,5,3115.8,32,3,3115.9,85,5,3116.0,274,2,3116.2,21,1,3116.3,6,1
2031,2026-06-16 10:31:37+05:30,3115.8,1,3132.16,1017741,121812.0,208967.0,3163.0,3163.0,3108.0,3134.3,31864200,3447.7,2820.9,3839.9,2896.0,3115.5,24,4,3115.4,24,2,3115.3,49,1,3115.0,3,2,3114.9,136,5,3115.8,32,3,3115.9,85,5,3116.0,274,2,3116.2,21,1,3116.3,6,1
2031,2026-06-16 10:31:37+05:30,3115.8,3,3132.16,1017745,121847.0,208971.0,3163.0,3163.0,3108.0,3134.3,31864200,3447.7,2820.9,3839.9,2896.0,3115.5,24,4,3115.4,24,2,3115.3,49,1,3115.0,30,3,3114.9,109,4,3115.8,50,4,3115.9,60,4,3116.0,274,2,3116.2,21,1,3116.3,36,2
2031,2026-06-16 10:31:37+05:30,3115.8,3,3132.16,1017745,121847.0,208971.0,3163.0,3163.0,3108.0,3134.3,31864200,3447.7,2820.9,3839.9,2896.0,3115.5,24,4,3115.4,24,2,3115.3,49,1,3115.0,30,3,3114.9,109,4,3115.8,50,4,3115.9,60,4,3116.0,274,2,3116.2,21,1,3116.3,36,2
2031,2026-06-16 10:31:38+05:30,3115.8,3,3132.16,1017745,121847.0,208971.0,3163.0,3163.0,3108.0,3134.3,31864200,3447.7,2820.9,3839.9,2896.0,3115.5,24,4,3115.4,24,2,3115.3,49,1,3115.0,30,3,3114.9,109,4,3115.8,50,4,3115.9,60,4,3116.0,274,2,3116.2,21,1,3116.3,36,2
2031,2026-06-16 10:31:38+05:30,3115.8,3,3132.16,1017745,121847.0,208971.0,3163.0,3163.0,3108.0,3134.3,31864200,3447.7,2820.9,3839.9,2896.0,3115.5,24,4,3115.4,24,2,3115.3,49,1,3115.0,30,3,3114.9,109,4,3115.8,50,4,3115.9,60,4,3116.0,274,2,3116.2,21,1,3116.3,36,2
2031,2026-06-16 10:31:38+05:30,3115.9,1,3132.16,1017820,121768.0,209119.0,3163.0,3163.0,3108.0,3134.3,31864200,3447.7,2820.9,3839.9,2896.0,3115.6,7,1,3115.5,6,2,3115.4,23,2,3115.3,49,1,3115.2,10,1,3115.9,84,6,3116.0,274,2,3116.2,40,2,3116.3,68,3,3116.4,22,2
2031,2026-06-16 10:31:39+05:30,3115.6,52,3132.16,1017820,121768.0,209119.0,3163.0,3163.0,3108.0,3134.3,31864200,3447.7,2820.9,3839.9,2896.0,3115.6,7,1,3115.5,6,2,3115.4,23,2,3115.3,49,1,3115.2,10,1,3115.9,84,6,3116.0,274,2,3116.2,40,2,3116.3,68,3,3116.4,22,2
2031,2026-06-16 10:31:39+05:30,3115.6,52,3132.16,1017820,121768.0,209119.0,3163.0,3163.0,3108.0,3134.3,31864200,3447.7,2820.9,3839.9,2896.0,3115.6,7,1,3115.5,6,2,3115.4,23,2,3115.3,49,1,3115.2,10,1,3115.9,84,6,3116.0,274,2,3116.2,40,2,3116.3,68,3,3116.4,22,2
2031,2026-06-16 10:31:39+05:30,3115.6,52,3132.16,1017872,121796.0,208841.0,3163.0,3163.0,3108.0,3134.3,31864200,3447.7,2820.9,3839.9,2896.0,3115.6,7,1,3115.5,17,3,3115.4,23,2,3115.3,49,1,3115.0,3,2,3115.9,65,5,3116.0,274,2,3116.2,21,1,3116.3,55,3,3116.4,3,1
2031,2026-06-16 10:31:40+05:30,3115.6,52,3132.16,1017872,121796.0,208841.0,3163.0,3163.0,3108.0,3134.3,31864200,3447.7,2820.9,3839.9,2896.0,3115.6,7,1,3115.5,17,3,3115.4,23,2,3115.3,49,1,3115.0,3,2,3115.9,65,5,3116.0,274,2,3116.2,21,1,3116.3,55,3,3116.4,3,1
2031,2026-06-16 10:31:40+05:30,3115.8,23,3132.16,1017901,121743.0,209312.0,3163.0,3163.0,3108.0,3134.3,31864200,3447.7,2820.9,3839.9,2896.0,3115.8,23,1,3115.6,7,1,3115.5,6,2,3115.4,2,1,3115.3,49,1,3115.9,59,5,3116.0,274,2,3116.3,93,5,3116.4,11,2,3116.5,157,5
2031,2026-06-16 10:31:41+05:30,3115.8,23,3132.16,1017901,121743.0,209312.0,3163.0,3163.0,3108.0,3134.3,31864200,3447.7,2820.9,3839.9,2896.0,3115.8,23,1,3115.6,7,1,3115.5,6,2,3115.4,2,1,3115.3,49,1,3115.9,59,5,3116.0,274,2,3116.3,93,5,3116.4,11,2,3116.5,157,5
2031,2026-06-16 10:31:41+05:30,3115.8,23,3132.16,1017901,121743.0,209312.0,3163.0,3163.0,3108.0,3134.3,31864200,3447.7,2820.9,3839.9,2896.0,3115.8,23,1,3115.6,7,1,3115.5,6,2,3115.4,2,1,3115.3,49,1,3115.9,59,5,3116.0,274,2,3116.3,93,5,3116.4,11,2,3116.5,157,5
2031,2026-06-16 10:31:41+05:30,3115.8,23,3132.16,1017901,121743.0,209312.0,3163.0,3163.0,3108.0,3134.3,31864200,3447.7,2820.9,3839.9,2896.0,3115.8,23,1,3115.6,7,1,3115.5,6,2,3115.4,2,1,3115.3,49,1,3115.9,59,5,3116.0,274,2,3116.3,93,5,3116.4,11,2,3116.5,157,5
2031,2026-06-16 10:31:41+05:30,3115.9,52,3132.16,1018109,121609.0,209170.0,3163.0,3163.0,3108.0,3134.3,31864200,3447.7,2820.9,3839.9,2896.0,3115.8,1,1,3115.6,7,1,3115.5,13,2,3115.4,2,1,3115.3,49,1,3116.0,280,3,3116.2,21,1,3116.3,42,3,3116.4,8,1,3116.5,94,4
2031,2026-06-16 10:31:42+05:30,3115.9,52,3132.16,1018109,121609.0,209170.0,3163.0,3163.0,3108.0,3134.3,31864200,3447.7,2820.9,3839.9,2896.0,3115.8,1,1,3115.6,7,1,3115.5,13,2,3115.4,2,1,3115.3,49,1,3116.0,280,3,3116.2,21,1,3116.3,42,3,3116.4,8,1,3116.5,94,4
2031,2026-06-16 10:31:42+05:30,3115.9,52,3132.16,1018109,121609.0,209170.0,3163.0,3163.0,3108.0,3134.3,31864200,3447.7,2820.9,3839.9,2896.0,3115.8,1,1,3115.6,7,1,3115.5,13,2,3115.4,2,1,3115.3,49,1,3116.0,280,3,3116.2,21,1,3116.3,42,3,3116.4,8,1,3116.5,94,4
2031,2026-06-16 10:31:42+05:30,3115.9,5,3132.16,1018115,122020.0,209246.0,3163.0,3163.0,3108.0,3134.3,31864200,3447.7,2820.9,3839.9,2896.0,3115.8,1,1,3115.6,7,1,3115.5,13,2,3115.4,2,1,3115.3,49,1,3115.9,17,2,3116.0,299,4,3116.2,51,3,3116.3,23,2,3116.4,40,2
2031,2026-06-16 10:31:43+05:30,3115.9,3,3132.16,1018115,122020.0,209246.0,3163.0,3163.0,3108.0,3134.3,31864200,3447.7,2820.9,3839.9,2896.0,3115.8,1,1,3115.6,7,1,3115.5,13,2,3115.4,2,1,3115.3,49,1,3115.9,17,2,3116.0,299,4,3116.2,51,3,3116.3,23,2,3116.4,40,2
2031,2026-06-16 10:31:43+05:30,3115.9,3,3132.16,1018115,122020.0,209246.0,3163.0,3163.0,3108.0,3134.3,31864200,3447.7,2820.9,3839.9,2896.0,3115.8,1,1,3115.6,7,1,3115.5,13,2,3115.4,2,1,3115.3,49,1,3115.9,17,2,3116.0,299,4,3116.2,51,3,3116.3,23,2,3116.4,40,2
2031,2026-06-16 10:31:43+05:30,3115.3,18,3132.15,1018425,120365.0,209848.0,3163.0,3163.0,3108.0,3134.3,31864200,3447.7,2820.9,3839.9,2896.0,3115.0,2,1,3114.9,6,1,3114.8,10,1,3114.7,2,1,3114.6,2,1,3115.3,21,2,3115.5,37,3,3115.6,44,3,3115.7,30,3,3115.8,73,5
2031,2026-06-16 10:31:43+05:30,3115.3,18,3132.15,1018425,120365.0,209848.0,3163.0,3163.0,3108.0,3134.3,31864200,3447.7,2820.9,3839.9,2896.0,3115.0,2,1,3114.9,6,1,3114.8,10,1,3114.7,2,1,3114.6,2,1,3115.3,21,2,3115.5,37,3,3115.6,44,3,3115.7,30,3,3115.8,73,5
2031,2026-06-16 10:31:44+05:30,3114.9,4,3132.15,1018425,120365.0,209848.0,3163.0,3163.0,3108.0,3134.3,31864200,3447.7,2820.9,3839.9,2896.0,3115.0,2,1,3114.9,6,1,3114.8,10,1,3114.7,2,1,3114.6,2,1,3115.3,21,2,3115.5,37,3,3115.6,44,3,3115.7,30,3,3115.8,73,5
2031,2026-06-16 10:31:44+05:30,3114.9,4,3132.15,1018437,120564.0,209741.0,3163.0,3163.0,3108.0,3134.3,31864200,3447.7,2820.9,3839.9,2896.0,3115.0,123,1,3114.9,2,1,3114.8,10,1,3114.7,2,1,3114.6,2,1,3115.2,19,1,3115.3,42,3,3115.5,26,2,3115.6,8,1,3115.7,39,3
2031,2026-06-16 10:31:44+05:30,3114.9,4,3132.15,1018437,120564.0,209741.0,3163.0,3163.0,3108.0,3134.3,31869200,3447.7,2820.9,3839.9,2896.0,3115.0,123,1,3114.9,2,1,3114.8,10,1,3114.7,2,1,3114.6,2,1,3115.2,19,1,3115.3,42,3,3115.5,26,2,3115.6,8,1,3115.7,39,3
2031,2026-06-16 10:31:45+05:30,3115.2,1,3132.15,1018437,120564.0,209741.0,3163.0,3163.0,3108.0,3134.3,31869200,3447.7,2820.9,3839.9,2896.0,3115.0,123,1,3114.9,2,1,3114.8,10,1,3114.7,2,1,3114.6,2,1,3115.2,19,1,3115.3,42,3,3115.5,26,2,3115.6,8,1,3115.7,39,3
2031,2026-06-16 10:31:45+05:30,3115.2,1,3132.15,1018438,121308.0,210185.0,3163.0,3163.0,3108.0,3134.3,31869200,3447.7,2820.9,3839.9,2896.0,3115.1,2,2,3115.0,124,2,3114.9,2,1,3114.8,10,1,3114.7,2,1,3115.2,19,2,3115.3,42,3,3115.5,26,2,3115.6,8,1,3115.7,39,3
2031,2026-06-16 10:31:46+05:30,3115.2,1,3132.15,1018438,121325.0,210183.0,3163.0,3163.0,3108.0,3134.3,31869200,3447.7,2820.9,3839.9,2896.0,3115.1,2,2,3115.0,124,2,3114.9,2,1,3114.8,10,1,3114.7,2,1,3115.2,19,2,3115.3,42,3,3115.5,26,2,3115.6,8,1,3115.7,39,3
2031,2026-06-16 10:31:47+05:30,3115.2,1,3132.15,1018448,121322.0,210230.0,3163.0,3163.0,3108.0,3134.3,31869200,3447.7,2820.9,3839.9,2896.0,3115.1,2,2,3115.0,124,2,3114.9,2,1,3114.8,10,1,3114.7,2,1,3115.2,10,3,3115.3,43,4,3115.5,27,3,3115.6,9,2,3115.7,11,2
2031,2026-06-16 10:31:48+05:30,3115.2,1,3132.15,1018448,121322.0,210230.0,3163.0,3163.0,3108.0,3134.3,31869200,3447.7,2820.9,3839.9,2896.0,3115.1,2,2,3115.0,124,2,3114.9,2,1,3114.8,10,1,3114.7,2,1,3115.2,10,3,3115.3,43,4,3115.5,27,3,3115.6,9,2,3115.7,11,2
2031,2026-06-16 10:31:49+05:30,3115.2,1,3132.15,1018464,121341.0,210138.0,3163.0,3163.0,3108.0,3134.3,31869200,3447.7,2820.9,3839.9,2896.0,3115.2,10,1,3115.1,2,2,3115.0,124,2,3114.9,2,1,3114.8,10,1,3115.3,21,3,3115.5,46,4,3115.6,9,2,3115.7,11,2,3115.8,34,3
2031,2026-06-16 10:31:49+05:30,3115.2,1,3132.15,1018464,121341.0,210138.0,3163.0,3163.0,3108.0,3134.3,31869200,3447.7,2820.9,3839.9,2896.0,3115.2,10,1,3115.1,2,2,3115.0,124,2,3114.9,2,1,3114.8,10,1,3115.3,21,3,3115.5,46,4,3115.6,9,2,3115.7,11,2,3115.8,34,3
2031,2026-06-16 10:31:49+05:30,3115.3,8,3132.15,1018531,121344.0,210120.0,3163.0,3163.0,3108.0,3134.3,31869200,3447.7,2820.9,3839.9,2896.0,3115.1,2,2,3115.0,124,2,3114.9,28,2,3114.8,10,1,3114.7,2,1,3115.5,46,4,3115.6,1,1,3115.7,5,1,3115.8,66,4,3115.9,30,4
2031,2026-06-16 10:31:50+05:30,3115.3,8,3132.15,1018531,121344.0,210120.0,3163.0,3163.0,3108.0,3134.3,31869200,3447.7,2820.9,3839.9,2896.0,3115.1,2,2,3115.0,124,2,3114.9,28,2,3114.8,10,1,3114.7,2,1,3115.5,46,4,3115.6,1,1,3115.7,5,1,3115.8,66,4,3115.9,30,4
2031,2026-06-16 10:31:51+05:30,3115.3,1,3132.15,1018536,120974.0,210161.0,3163.0,3163.0,3108.0,3134.3,31869200,3447.7,2820.9,3839.9,2896.0,3115.0,124,2,3114.9,28,2,3114.8,10,1,3114.7,2,1,3114.6,2,1,3115.5,101,8,3115.6,9,2,3115.7,6,2,3115.8,79,4,3115.9,134,5
2031,2026-06-16 10:31:51+05:30,3115.1,4,3132.15,1018536,120974.0,210161.0,3163.0,3163.0,3108.0,3134.3,31869200,3447.7,2820.9,3839.9,2896.0,3115.0,124,2,3114.9,28,2,3114.8,10,1,3114.7,2,1,3114.6,2,1,3115.5,101,8,3115.6,9,2,3115.7,6,2,3115.8,79,4,3115.9,134,5
2031,2026-06-16 10:31:52+05:30,3115.4,1,3132.13,1019904,119768.0,208071.0,3163.0,3163.0,3108.0,3134.3,31869200,3447.7,2820.9,3839.9,2896.0,3114.9,22,1,3114.8,10,1,3114.7,2,1,3114.6,2,1,3114.3,51,2,3115.4,43,1,3115.5,45,6,3115.6,45,3,3115.7,5,1,3115.8,7,1
2031,2026-06-16 10:31:52+05:30,3115.4,1,3132.13,1019904,119768.0,208071.0,3163.0,3163.0,3108.0,3134.3,31869200,3447.7,2820.9,3839.9,2896.0,3114.9,22,1,3114.8,10,1,3114.7,2,1,3114.6,2,1,3114.3,51,2,3115.4,43,1,3115.5,45,6,3115.6,45,3,3115.7,5,1,3115.8,7,1
2031,2026-06-16 10:31:53+05:30,3115.4,1,3132.13,1019905,119505.0,210822.0,3163.0,3163.0,3108.0,3134.3,31869200,3447.7,2820.9,3839.9,2896.0,3114.9,22,1,3114.8,10,1,3114.7,2,1,3114.6,2,1,3114.2,7,1,3115.3,57,3,3115.4,120,5,3115.5,287,8,3115.6,20,2,3115.7,5,1
2031,2026-06-16 10:31:53+05:30,3114.9,42,3132.13,1019905,119505.0,210822.0,3163.0,3163.0,3108.0,3134.3,31869200,3447.7,2820.9,3839.9,2896.0,3114.9,22,1,3114.8,10,1,3114.7,2,1,3114.6,2,1,3114.2,7,1,3115.3,57,3,3115.4,120,5,3115.5,287,8,3115.6,20,2,3115.7,5,1
2031,2026-06-16 10:31:54+05:30,3115.1,9,3132.13,1019956,120009.0,211029.0,3163.0,3163.0,3108.0,3134.3,31869200,3447.7,2820.9,3839.9,2896.0,3114.9,64,2,3114.8,10,1,3114.7,2,1,3114.6,2,1,3114.2,7,1,3115.3,289,3,3115.4,118,5,3115.5,139,8,3115.6,64,3,3115.7,5,1
2031,2026-06-16 10:31:54+05:30,3115.1,9,3132.13,1019956,120009.0,211029.0,3163.0,3163.0,3108.0,3134.3,31869200,3447.7,2820.9,3839.9,2896.0,3114.9,64,2,3114.8,10,1,3114.7,2,1,3114.6,2,1,3114.2,7,1,3115.3,289,3,3115.4,118,5,3115.5,139,8,3115.6,64,3,3115.7,5,1
2031,2026-06-16 10:31:55+05:30,3115.4,16,3132.12,1020556,119545.0,211034.0,3163.0,3163.0,3108.0,3134.3,31869200,3447.7,2820.9,3839.9,2896.0,3114.7,2,1,3114.6,2,1,3114.2,7,1,3114.0,13,2,3113.9,66,3,3115.3,15,1,3115.4,128,5,3115.5,68,6,3115.6,73,4,3115.7,42,2
2031,2026-06-16 10:31:55+05:30,3115.4,16,3132.12,1020556,119545.0,211034.0,3163.0,3163.0,3108.0,3134.3,31869200,3447.7,2820.9,3839.9,2896.0,3114.7,2,1,3114.6,2,1,3114.2,7,1,3114.0,13,2,3113.9,66,3,3115.3,15,1,3115.4,128,5,3115.5,68,6,3115.6,73,4,3115.7,42,2
2031,2026-06-16 10:31:56+05:30,3115.3,1,3132.12,1020557,119719.0,211392.0,3163.0,3163.0,3108.0,3134.3,31869200,3447.7,2820.9,3839.9,2896.0,3114.7,42,2,3114.6,2,1,3114.2,7,1,3114.0,13,2,3113.9,66,3,3115.3,89,4,3115.4,54,4,3115.5,124,8,3115.6,98,3,3115.7,91,4
2031,2026-06-16 10:31:56+05:30,3115.3,1,3132.12,1020557,119719.0,211392.0,3163.0,3163.0,3108.0,3134.3,31869200,3447.7,2820.9,3839.9,2896.0,3114.7,42,2,3114.6,2,1,3114.2,7,1,3114.0,13,2,3113.9,66,3,3115.3,89,4,3115.4,54,4,3115.5,124,8,3115.6,98,3,3115.7,91,4
2031,2026-06-16 10:31:57+05:30,3115.3,36,3132.12,1020607,120379.0,211255.0,3163.0,3163.0,3108.0,3134.3,31869200,3447.7,2820.9,3839.9,2896.0,3115.0,10,1,3114.7,42,2,3114.6,2,1,3114.2,21,2,3114.1,89,2,3115.3,54,3,3115.4,54,4,3115.5,68,6,3115.6,1,1,3115.8,109,3
2031,2026-06-16 10:31:57+05:30,3115.3,36,3132.12,1020607,120379.0,211255.0,3163.0,3163.0,3108.0,3134.3,31869200,3447.7,2820.9,3839.9,2896.0,3115.0,10,1,3114.7,42,2,3114.6,2,1,3114.2,21,2,3114.1,89,2,3115.3,54,3,3115.4,54,4,3115.5,68,6,3115.6,1,1,3115.8,109,3
2031,2026-06-16 10:31:58+05:30,3115.3,1,3132.12,1020647,121129.0,211223.0,3163.0,3163.0,3108.0,3134.3,31869200,3447.7,2820.9,3839.9,2896.0,3115.0,58,3,3114.8,26,1,3114.7,66,3,3114.6,18,2,3114.5,60,2,3115.3,47,3,3115.4,37,2,3115.5,44,4,3115.6,1,1,3115.8,75,1
2031,2026-06-16 10:31:58+05:30,3115.3,1,3132.12,1020647,121129.0,211223.0,3163.0,3163.0,3108.0,3134.3,31869200,3447.7,2820.9,3839.9,2896.0,3115.0,58,3,3114.8,26,1,3114.7,66,3,3114.6,18,2,3114.5,60,2,3115.3,47,3,3115.4,37,2,3115.5,44,4,3115.6,1,1,3115.8,75,1
2031,2026-06-16 10:31:59+05:30,3115.3,1,3132.12,1020648,121022.0,211192.0,3163.0,3163.0,3108.0,3134.3,31869200,3447.7,2820.9,3839.9,2896.0,3115.0,58,3,3114.8,26,1,3114.7,66,3,3114.6,18,2,3114.5,76,3,3115.3,46,3,3115.4,37,2,3115.5,44,4,3115.6,1,1,3115.8,78,1
2031,2026-06-16 10:31:59+05:30,3115.3,1,3132.12,1020648,121022.0,211192.0,3163.0,3163.0,3108.0,3134.3,31869200,3447.7,2820.9,3839.9,2896.0,3115.0,58,3,3114.8,26,1,3114.7,66,3,3114.6,18,2,3114.5,76,3,3115.3,46,3,3115.4,37,2,3115.5,44,4,3115.6,1,1,3115.8,78,1
2031,2026-06-16 10:32:00+05:30,3115.3,1,3132.12,1020648,120810.0,211243.0,3163.0,3163.0,3108.0,3134.3,31869200,3447.7,2820.9,3839.9,2896.0,3115.0,67,5,3114.8,26,1,3114.7,66,3,3114.6,18,2,3114.5,76,3,3115.3,47,4,3115.4,37,2,3115.5,44,4,3115.6,1,1,3115.8,78,1
2031,2026-06-16 10:32:01+05:30,3115.3,1,3132.12,1020648,121027.0,210337.0,3163.0,3163.0,3108.0,3134.3,31869200,3447.7,2820.9,3839.9,2896.0,3115.2,2,2,3115.0,93,6,3114.9,34,3,3114.8,37,2,3114.7,93,4,3115.3,47,4,3115.4,37,2,3115.5,44,4,3115.6,1,1,3115.9,201,2
2031,2026-06-16 10:32:02+05:30,3115.3,1,3132.12,1020648,121027.0,210337.0,3163.0,3163.0,3108.0,3134.3,31869200,3447.7,2820.9,3839.9,2896.0,3115.2,2,2,3115.0,93,6,3114.9,34,3,3114.8,37,2,3114.7,93,4,3115.3,47,4,3115.4,37,2,3115.5,44,4,3115.6,1,1,3115.9,201,2
2031,2026-06-16 10:32:02+05:30,3115.3,1,3132.12,1020649,121021.0,208551.0,3163.0,3163.0,3108.0,3134.3,31869200,3447.7,2820.9,3839.9,2896.0,3115.2,2,2,3115.0,93,6,3114.9,43,4,3114.8,26,1,3114.7,121,6,3115.3,46,4,3115.4,37,2,3115.5,44,4,3115.6,1,1,3115.9,201,2
2031,2026-06-16 10:32:03+05:30,3115.3,9,3132.12,1020649,121021.0,208551.0,3163.0,3163.0,3108.0,3134.3,31869200,3447.7,2820.9,3839.9,2896.0,3115.2,2,2,3115.0,93,6,3114.9,43,4,3114.8,26,1,3114.7,121,6,3115.3,46,4,3115.4,37,2,3115.5,44,4,3115.6,1,1,3115.9,201,2
2031,2026-06-16 10:32:03+05:30,3115.4,1,3132.11,1020697,121643.0,210255.0,3163.0,3163.0,3108.0,3134.3,31869200,3447.7,2820.9,3839.9,2896.0,3115.3,6,1,3115.2,28,3,3115.0,136,9,3114.9,12,2,3114.8,59,3,3115.4,36,2,3115.5,51,4,3115.6,1,1,3115.9,201,2,3116.0,250,1
2031,2026-06-16 10:32:04+05:30,3115.4,4,3132.11,1020697,121643.0,210255.0,3163.0,3163.0,3108.0,3134.3,31869200,3447.7,2820.9,3839.9,2896.0,3115.3,6,1,3115.2,28,3,3115.0,136,9,3114.9,12,2,3114.8,59,3,3115.4,36,2,3115.5,51,4,3115.6,1,1,3115.9,201,2,3116.0,250,1
2031,2026-06-16 10:32:04+05:30,3115.9,4,3132.11,1020794,122499.0,210396.0,3163.0,3163.0,3108.0,3134.3,31869200,3447.7,2820.9,3839.9,2896.0,3115.4,26,1,3115.3,40,2,3115.2,28,3,3115.0,136,9,3114.9,12,2,3115.9,215,2,3116.0,250,1,3116.5,49,2,3116.6,71,3,3116.7,96,3
2031,2026-06-16 10:32:05+05:30,3115.9,4,3132.11,1020794,122499.0,210396.0,3163.0,3163.0,3108.0,3134.3,31869200,3447.7,2820.9,3839.9,2896.0,3115.4,26,1,3115.3,40,2,3115.2,28,3,3115.0,136,9,3114.9,12,2,3115.9,215,2,3116.0,250,1,3116.5,49,2,3116.6,71,3,3116.7,96,3
2031,2026-06-16 10:32:05+05:30,3115.4,7,3132.11,1020801,122497.0,210736.0,3163.0,3163.0,3108.0,3134.3,31869200,3447.7,2820.9,3839.9,2896.0,3115.6,2,2,3115.4,18,1,3115.3,40,2,3115.0,117,8,3114.9,12,2,3115.9,221,3,3116.0,274,2,3116.4,21,1,3116.5,110,3,3116.6,92,4
2031,2026-06-16 10:32:06+05:30,3115.4,7,3132.11,1020801,122497.0,210736.0,3163.0,3163.0,3108.0,3134.3,31869200,3447.7,2820.9,3839.9,2896.0,3115.6,2,2,3115.4,18,1,3115.3,40,2,3115.0,117,8,3114.9,12,2,3115.9,221,3,3116.0,274,2,3116.4,21,1,3116.5,110,3,3116.6,92,4
2031,2026-06-16 10:32:06+05:30,3115.4,7,3132.11,1020801,122642.0,210575.0,3163.0,3163.0,3108.0,3134.3,31869200,3447.7,2820.9,3839.9,2896.0,3115.6,42,4,3115.4,63,3,3115.3,111,5,3115.2,45,2,3115.1,34,2,3115.9,256,3,3116.0,274,2,3116.5,50,1,3116.7,62,2,3116.8,171,7
2031,2026-06-16 10:32:07+05:30,3115.4,7,3132.11,1020801,122521.0,210659.0,3163.0,3163.0,3108.0,3134.3,31869200,3447.7,2820.9,3839.9,2896.0,3115.6,42,4,3115.4,18,1,3115.3,65,3,3115.1,16,1,3115.0,33,5,3115.9,257,4,3116.0,274,2,3116.4,21,1,3116.5,50,1,3116.7,116,4
2031,2026-06-16 10:32:09+05:30,3115.9,1,3132.11,1020850,122423.0,210389.0,3163.0,3163.0,3108.0,3134.3,31869200,3447.7,2820.9,3839.9,2896.0,3115.7,8,1,3115.6,42,4,3115.4,18,1,3115.3,65,3,3115.1,16,1,3115.9,256,4,3116.0,274,2,3116.3,25,2,3116.5,112,4,3116.6,32,1
2031,2026-06-16 10:32:09+05:30,3115.9,1,3132.11,1020850,122423.0,210389.0,3163.0,3163.0,3108.0,3134.3,31869200,3447.7,2820.9,3839.9,2896.0,3115.7,8,1,3115.6,42,4,3115.4,18,1,3115.3,65,3,3115.1,16,1,3115.9,256,4,3116.0,274,2,3116.3,25,2,3116.5,112,4,3116.6,32,1
2031,2026-06-16 10:32:10+05:30,3115.9,6,3132.11,1021070,122618.0,209936.0,3163.0,3163.0,3108.0,3134.3,31869200,3447.7,2820.9,3839.9,2896.0,3115.7,9,2,3115.6,42,4,3115.3,80,4,3115.2,21,1,3115.1,26,1,3115.9,201,2,3116.0,274,2,3116.3,8,1,3116.6,21,1,3116.7,58,1
2031,2026-06-16 10:32:10+05:30,3115.9,6,3132.11,1021070,122618.0,209936.0,3163.0,3163.0,3108.0,3134.3,31869200,3447.7,2820.9,3839.9,2896.0,3115.7,9,2,3115.6,42,4,3115.3,80,4,3115.2,21,1,3115.1,26,1,3115.9,201,2,3116.0,274,2,3116.3,8,1,3116.6,21,1,3116.7,58,1
2031,2026-06-16 10:32:11+05:30,3115.9,9,3132.1,1021594,122591.0,210190.0,3163.0,3163.0,3108.0,3134.3,31869200,3447.7,2820.9,3839.9,2896.0,3115.4,25,2,3115.1,31,2,3115.0,15,2,3114.9,3,1,3114.8,92,4,3115.9,202,2,3116.0,274,2,3116.3,21,1,3116.4,107,3,3116.6,106,2
2031,2026-06-16 10:32:11+05:30,3115.9,9,3132.1,1021594,122591.0,210190.0,3163.0,3163.0,3108.0,3134.3,31869200,3447.7,2820.9,3839.9,2896.0,3115.4,25,2,3115.1,31,2,3115.0,15,2,3114.9,3,1,3114.8,92,4,3115.9,202,2,3116.0,274,2,3116.3,21,1,3116.4,107,3,3116.6,106,2
2031,2026-06-16 10:32:12+05:30,3115.8,1,3132.1,1021615,122303.0,209593.0,3163.0,3163.0,3108.0,3134.3,31869200,3447.7,2820.9,3839.9,2896.0,3115.4,5,2,3115.1,6,1,3115.0,15,2,3114.9,3,1,3114.8,37,2,3115.8,28,1,3115.9,202,2,3116.0,294,3,3116.1,57,2,3116.3,21,1
2031,2026-06-16 10:32:12+05:30,3115.8,1,3132.1,1021615,122303.0,209593.0,3163.0,3163.0,3108.0,3134.3,31869200,3447.7,2820.9,3839.9,2896.0,3115.4,5,2,3115.1,6,1,3115.0,15,2,3114.9,3,1,3114.8,37,2,3115.8,28,1,3115.9,202,2,3116.0,294,3,3116.1,57,2,3116.3,21,1
2031,2026-06-16 10:32:13+05:30,3115.4,1,3132.1,1021616,122229.0,208321.0,3163.0,3163.0,3108.0,3134.3,31869200,3447.7,2820.9,3839.9,2896.0,3115.4,4,2,3115.1,6,1,3115.0,15,2,3114.9,3,1,3114.8,37,2,3115.8,63,3,3115.9,202,2,3116.0,313,4,3116.1,38,1,3116.3,21,1
2031,2026-06-16 10:32:13+05:30,3115.4,1,3132.1,1021616,122229.0,208321.0,3163.0,3163.0,3108.0,3134.3,31869200,3447.7,2820.9,3839.9,2896.0,3115.4,4,2,3115.1,6,1,3115.0,15,2,3114.9,3,1,3114.8,37,2,3115.8,63,3,3115.9,202,2,3116.0,313,4,3116.1,38,1,3116.3,21,1
2031,2026-06-16 10:32:14+05:30,3115.8,3,3132.1,1021663,122723.0,209511.0,3163.0,3163.0,3108.0,3134.3,31869200,3447.7,2820.9,3839.9,2896.0,3115.4,39,3,3115.2,25,1,3115.1,22,2,3115.0,32,3,3114.9,3,1,3115.8,32,2,3115.9,202,2,3116.0,294,3,3116.4,96,3,3116.5,32,1
2031,2026-06-16 10:32:14+05:30,3115.8,1,3132.1,1021663,122723.0,209511.0,3163.0,3163.0,3108.0,3134.3,31869200,3447.7,2820.9,3839.9,2896.0,3115.4,39,3,3115.2,25,1,3115.1,22,2,3115.0,32,3,3114.9,3,1,3115.8,32,2,3115.9,202,2,3116.0,294,3,3116.4,96,3,3116.5,32,1
2031,2026-06-16 10:32:15+05:30,3115.9,11,3132.1,1021715,122794.0,209173.0,3163.0,3163.0,3108.0,3134.3,31869200,3447.7,2820.9,3839.9,2896.0,3115.4,49,3,3115.2,25,1,3115.1,77,5,3115.0,52,4,3114.9,63,3,3115.8,1,1,3115.9,28,2,3116.0,465,4,3116.6,40,2,3116.7,58,1
2031,2026-06-16 10:32:15+05:30,3115.9,11,3132.1,1021715,122794.0,209173.0,3163.0,3163.0,3108.0,3134.3,31869200,3447.7,2820.9,3839.9,2896.0,3115.4,49,3,3115.2,25,1,3115.1,77,5,3115.0,52,4,3114.9,63,3,3115.8,1,1,3115.9,28,2,3116.0,465,4,3116.6,40,2,3116.7,58,1
2031,2026-06-16 10:32:16+05:30,3115.9,2,3132.1,1021727,122965.0,209443.0,3163.0,3163.0,3108.0,3134.3,31869200,3447.7,2820.9,3839.9,2896.0,3115.6,16,4,3115.5,7,1,3115.4,117,8,3115.3,13,1,3115.2,88,3,3115.9,10,1,3116.0,485,5,3116.7,58,1,3116.8,22,1,3116.9,399,14
2031,2026-06-16 10:32:16+05:30,3115.9,2,3132.1,1021727,122965.0,209443.0,3163.0,3163.0,3108.0,3134.3,31869200,3447.7,2820.9,3839.9,2896.0,3115.6,16,4,3115.5,7,1,3115.4,117,8,3115.3,13,1,3115.2,88,3,3115.9,10,1,3116.0,485,5,3116.7,58,1,3116.8,22,1,3116.9,399,14
2031,2026-06-16 10:32:17+05:30,3115.9,2,3132.1,1021727,123051.0,209554.0,3163.0,3163.0,3108.0,3134.3,31869200,3447.7,2820.9,3839.9,2896.0,3115.6,2,2,3115.4,61,5,3115.3,13,1,3115.2,44,2,3115.1,54,3,3115.9,17,2,3116.0,485,5,3116.7,79,2,3116.8,111,2,3116.9,399,14
2031,2026-06-16 10:32:17+05:30,3115.9,1,3132.1,1021728,123023.0,209564.0,3163.0,3163.0,3108.0,3134.3,31869200,3447.7,2820.9,3839.9,2896.0,3115.6,2,2,3115.4,61,5,3115.3,13,1,3115.2,44,2,3115.1,54,3,3115.9,16,2,3116.0,485,5,3116.7,79,2,3116.8,111,2,3116.9,399,14
2031,2026-06-16 10:32:18+05:30,3115.9,1,3132.1,1021728,123023.0,209564.0,3163.0,3163.0,3108.0,3134.3,31869200,3447.7,2820.9,3839.9,2896.0,3115.6,2,2,3115.4,61,5,3115.3,13,1,3115.2,44,2,3115.1,54,3,3115.9,16,2,3116.0,485,5,3116.7,79,2,3116.8,111,2,3116.9,399,14
2031,2026-06-16 10:32:18+05:30,3115.9,1,3132.1,1021728,122675.0,209000.0,3163.0,3163.0,3108.0,3134.3,31869200,3447.7,2820.9,3839.9,2896.0,3115.6,2,2,3115.4,39,3,3115.1,6,1,3115.0,15,2,3114.9,3,1,3115.9,25,3,3116.0,485,5,3116.1,33,2,3116.3,21,1,3116.4,84,3
2031,2026-06-16 10:32:19+05:30,3115.9,4,3132.1,1021728,122675.0,209000.0,3163.0,3163.0,3108.0,3134.3,31869200,3447.7,2820.9,3839.9,2896.0,3115.6,2,2,3115.4,39,3,3115.1,6,1,3115.0,15,2,3114.9,3,1,3115.9,25,3,3116.0,485,5,3116.1,33,2,3116.3,21,1,3116.4,84,3
2031,2026-06-16 10:32:20+05:30,3115.9,2,3132.1,1021735,122627.0,208350.0,3163.0,3163.0,3108.0,3134.3,31869200,3447.7,2820.9,3839.9,2896.0,3115.6,2,2,3115.4,39,3,3115.1,6,1,3115.0,15,2,3114.9,55,2,3115.9,23,4,3116.0,314,4,3116.3,171,1,3116.4,19,1,3116.5,21,1
2031,2026-06-16 10:32:20+05:30,3115.9,2,3132.1,1021735,122627.0,208350.0,3163.0,3163.0,3108.0,3134.3,31869200,3447.7,2820.9,3839.9,2896.0,3115.6,2,2,3115.4,39,3,3115.1,6,1,3115.0,15,2,3114.9,55,2,3115.9,23,4,3116.0,314,4,3116.3,171,1,3116.4,19,1,3116.5,21,1
2031,2026-06-16 10:32:21+05:30,3115.9,32,3132.1,1021735,122627.0,208350.0,3163.0,3163.0,3108.0,3134.3,31869200,3447.7,2820.9,3839.9,2896.0,3115.6,2,2,3115.4,39,3,3115.1,6,1,3115.0,15,2,3114.9,55,2,3115.9,23,4,3116.0,314,4,3116.3,171,1,3116.4,19,1,3116.5,21,1
2031,2026-06-16 10:32:21+05:30,3115.9,32,3132.1,1021796,122832.0,209168.0,3163.0,3163.0,3108.0,3134.3,31869200,3447.7,2820.9,3839.9,2896.0,3115.4,38,3,3115.1,6,1,3115.0,15,2,3114.9,28,2,3114.8,40,1,3116.0,314,4,3116.2,6,1,3116.3,227,5,3116.4,25,2,3116.5,44,2
2031,2026-06-16 10:32:22+05:30,3115.9,32,3132.1,1021796,122802.0,209188.0,3163.0,3163.0,3108.0,3134.3,31869200,3447.7,2820.9,3839.9,2896.0,3115.4,79,4,3115.3,6,1,3115.0,15,2,3114.9,68,3,3114.7,101,4,3116.0,326,5,3116.2,6,1,3116.3,271,5,3116.4,25,2,3116.5,44,2
2031,2026-06-16 10:32:23+05:30,3115.9,32,3132.1,1021796,122795.0,209189.0,3163.0,3163.0,3108.0,3134.3,31869200,3447.7,2820.9,3839.9,2896.0,3115.4,79,4,3115.3,6,1,3115.2,22,1,3115.0,15,2,3114.9,68,3,3116.0,326,5,3116.2,6,1,3116.3,250,4,3116.4,46,3,3116.5,44,2
2031,2026-06-16 10:32:24+05:30,3116.0,25,3132.1,1021796,122795.0,209189.0,3163.0,3163.0,3108.0,3134.3,31869200,3447.7,2820.9,3839.9,2896.0,3115.4,79,4,3115.3,6,1,3115.2,22,1,3115.0,15,2,3114.9,68,3,3116.0,326,5,3116.2,6,1,3116.3,250,4,3116.4,46,3,3116.5,44,2
2031,2026-06-16 10:32:24+05:30,3116.0,25,3132.1,1021822,122972.0,209143.0,3163.0,3163.0,3108.0,3134.3,31869200,3447.7,2820.9,3839.9,2896.0,3115.4,79,4,3115.3,6,1,3115.2,47,2,3115.1,6,1,3115.0,40,3,3116.0,300,5,3116.2,6,1,3116.3,194,3,3116.4,25,2,3116.5,65,3
2031,2026-06-16 10:32:25+05:30,3116.0,1,3132.1,1021822,122972.0,209143.0,3163.0,3163.0,3108.0,3134.3,31869200,3447.7,2820.9,3839.9,2896.0,3115.4,79,4,3115.3,6,1,3115.2,47,2,3115.1,6,1,3115.0,40,3,3116.0,300,5,3116.2,6,1,3116.3,194,3,3116.4,25,2,3116.5,65,3
2031,2026-06-16 10:32:25+05:30,3116.0,9,3132.1,1021832,122909.0,208950.0,3163.0,3163.0,3108.0,3134.3,31869200,3447.7,2820.9,3839.9,2896.0,3115.4,78,3,3115.3,21,2,3115.2,65,3,3115.1,6,1,3115.0,40,3,3116.0,290,5,3116.2,6,1,3116.3,194,3,3116.4,25,2,3116.5,65,3
2031,2026-06-16 10:32:26+05:30,3116.0,9,3132.1,1021832,122909.0,208950.0,3163.0,3163.0,3108.0,3134.3,31869200,3447.7,2820.9,3839.9,2896.0,3115.4,78,3,3115.3,21,2,3115.2,65,3,3115.1,6,1,3115.0,40,3,3116.0,290,5,3116.2,6,1,3116.3,194,3,3116.4,25,2,3116.5,65,3
2031,2026-06-16 10:32:26+05:30,3116.0,5,3132.09,1022051,123026.0,208790.0,3163.0,3163.0,3108.0,3134.3,31869200,3447.7,2820.9,3839.9,2896.0,3115.8,2,1,3115.4,79,4,3115.3,6,1,3115.2,18,1,3115.1,25,1,3116.0,71,4,3116.1,50,1,3116.2,25,2,3116.3,194,3,3116.4,25,2
2031,2026-06-16 10:32:26+05:30,3116.0,5,3132.09,1022051,123026.0,208790.0,3163.0,3163.0,3108.0,3134.3,31869200,3447.7,2820.9,3839.9,2896.0,3115.8,2,1,3115.4,79,4,3115.3,6,1,3115.2,18,1,3115.1,25,1,3116.0,71,4,3116.1,50,1,3116.2,25,2,3116.3,194,3,3116.4,25,2
2031,2026-06-16 10:32:27+05:30,3116.0,5,3132.09,1022051,123026.0,208790.0,3163.0,3163.0,3108.0,3134.3,31869200,3447.7,2820.9,3839.9,2896.0,3115.8,2,1,3115.4,79,4,3115.3,6,1,3115.2,18,1,3115.1,25,1,3116.0,71,4,3116.1,50,1,3116.2,25,2,3116.3,194,3,3116.4,25,2
2031,2026-06-16 10:32:27+05:30,3116.0,5,3132.09,1022051,123070.0,208683.0,3163.0,3163.0,3108.0,3134.3,31869200,3447.7,2820.9,3839.9,2896.0,3115.9,11,1,3115.8,2,1,3115.4,79,4,3115.3,6,1,3115.1,25,1,3116.0,71,4,3116.1,70,2,3116.2,25,2,3116.3,194,3,3116.4,25,2
2031,2026-06-16 10:32:28+05:30,3115.9,8,3132.09,1022051,123070.0,208683.0,3163.0,3163.0,3108.0,3134.3,31869200,3447.7,2820.9,3839.9,2896.0,3115.9,11,1,3115.8,2,1,3115.4,79,4,3115.3,6,1,3115.1,25,1,3116.0,71,4,3116.1,70,2,3116.2,25,2,3116.3,194,3,3116.4,25,2
2031,2026-06-16 10:32:28+05:30,3115.9,8,3132.09,1022051,123070.0,208683.0,3163.0,3163.0,3108.0,3134.3,31869200,3447.7,2820.9,3839.9,2896.0,3115.9,11,1,3115.8,2,1,3115.4,79,4,3115.3,6,1,3115.1,25,1,3116.0,71,4,3116.1,70,2,3116.2,25,2,3116.3,194,3,3116.4,25,2
2031,2026-06-16 10:32:28+05:30,3115.9,8,3132.09,1022070,123117.0,208831.0,3163.0,3163.0,3108.0,3134.3,31869200,3447.7,2820.9,3839.9,2896.0,3115.9,36,2,3115.8,2,1,3115.6,34,2,3115.4,104,5,3115.3,21,2,3116.0,96,5,3116.1,70,2,3116.2,6,1,3116.3,194,3,3116.4,6,1
2031,2026-06-16 10:32:29+05:30,3115.9,1,3132.09,1022070,123117.0,208831.0,3163.0,3163.0,3108.0,3134.3,31869200,3447.7,2820.9,3839.9,2896.0,3115.9,36,2,3115.8,2,1,3115.6,34,2,3115.4,104,5,3115.3,21,2,3116.0,96,5,3116.1,70,2,3116.2,6,1,3116.3,194,3,3116.4,6,1
2031,2026-06-16 10:32:29+05:30,3115.9,1,3132.09,1022121,123186.0,208638.0,3163.0,3163.0,3108.0,3134.3,31869200,3447.7,2820.9,3839.9,2896.0,3115.9,35,2,3115.8,31,3,3115.6,34,2,3115.4,104,5,3115.3,40,3,3116.0,46,3,3116.1,70,2,3116.2,6,1,3116.3,194,3,3116.4,6,1
2031,2026-06-16 10:32:30+05:30,3115.9,1,3132.09,1022121,123186.0,208638.0,3163.0,3163.0,3108.0,3134.3,31869200,3447.7,2820.9,3839.9,2896.0,3115.9,35,2,3115.8,31,3,3115.6,34,2,3115.4,104,5,3115.3,40,3,3116.0,46,3,3116.1,70,2,3116.2,6,1,3116.3,194,3,3116.4,6,1
2031,2026-06-16 10:32:30+05:30,3116.0,1,3132.09,1022121,123186.0,208638.0,3163.0,3163.0,3108.0,3134.3,31869200,3447.7,2820.9,3839.9,2896.0,3115.9,35,2,3115.8,31,3,3115.6,34,2,3115.4,104,5,3115.3,40,3,3116.0,46,3,3116.1,70,2,3116.2,6,1,3116.3,194,3,3116.4,6,1
2031,2026-06-16 10:32:30+05:30,3116.0,1,3132.09,1022168,123367.0,208591.0,3163.0,3163.0,3108.0,3134.3,31869200,3447.7,2820.9,3839.9,2896.0,3116.0,21,1,3115.9,45,4,3115.8,27,2,3115.6,34,2,3115.4,121,5,3116.1,70,2,3116.2,6,1,3116.3,194,3,3116.4,6,1,3116.5,6,1
2031,2026-06-16 10:32:31+05:30,3118.3,9,3132.09,1022168,123367.0,208591.0,3163.0,3163.0,3108.0,3134.3,31869200,3447.7,2820.9,3839.9,2896.0,3116.0,21,1,3115.9,45,4,3115.8,27,2,3115.6,34,2,3115.4,121,5,3116.1,70,2,3116.2,6,1,3116.3,194,3,3116.4,6,1,3116.5,6,1
2031,2026-06-16 10:32:31+05:30,3118.3,9,3132.05,1025063,126644.0,200619.0,3163.0,3163.0,3108.0,3134.3,31869200,3447.7,2820.9,3839.9,2896.0,3117.6,28,3,3117.5,30,2,3117.4,25,1,3117.3,108,5,3117.2,57,4,3118.7,26,2,3118.8,17,2,3119.0,413,4,3119.2,102,3,3119.3,19,1
2031,2026-06-16 10:32:31+05:30,3118.3,9,3132.05,1025063,126644.0,200619.0,3163.0,3163.0,3108.0,3134.3,31869200,3447.7,2820.9,3839.9,2896.0,3117.6,28,3,3117.5,30,2,3117.4,25,1,3117.3,108,5,3117.2,57,4,3118.7,26,2,3118.8,17,2,3119.0,413,4,3119.2,102,3,3119.3,19,1
2031,2026-06-16 10:32:32+05:30,3118.7,7,3132.05,1025063,126644.0,200619.0,3163.0,3163.0,3108.0,3134.3,31869200,3447.7,2820.9,3839.9,2896.0,3117.6,28,3,3117.5,30,2,3117.4,25,1,3117.3,108,5,3117.2,57,4,3118.7,26,2,3118.8,17,2,3119.0,413,4,3119.2,102,3,3119.3,19,1
2031,2026-06-16 10:32:32+05:30,3118.7,7,3132.05,1025086,125215.0,203769.0,3163.0,3163.0,3108.0,3134.3,31869200,3447.7,2820.9,3839.9,2896.0,3117.6,2,1,3117.3,23,1,3117.1,164,2,3117.0,102,4,3116.9,28,2,3118.6,46,3,3118.7,418,6,3118.8,129,3,3118.9,60,2,3119.0,671,7
2031,2026-06-16 10:32:33+05:30,3117.3,19,3132.05,1025086,125215.0,203769.0,3163.0,3163.0,3108.0,3134.3,31869200,3447.7,2820.9,3839.9,2896.0,3117.6,2,1,3117.3,23,1,3117.1,164,2,3117.0,102,4,3116.9,28,2,3118.6,46,3,3118.7,418,6,3118.8,129,3,3118.9,60,2,3119.0,671,7
2031,2026-06-16 10:32:33+05:30,3117.3,19,3132.05,1025117,124202.0,205841.0,3163.0,3163.0,3108.0,3134.3,31869200,3447.7,2820.9,3839.9,2896.0,3117.3,5,2,3117.0,54,2,3116.9,25,1,3116.8,56,1,3116.7,27,1,3117.6,282,1,3118.5,95,3,3118.6,128,4,3118.7,229,4,3118.8,163,6
2031,2026-06-16 10:32:33+05:30,3117.3,19,3132.05,1025117,124202.0,205841.0,3163.0,3163.0,3108.0,3134.3,31869200,3447.7,2820.9,3839.9,2896.0,3117.3,5,2,3117.0,54,2,3116.9,25,1,3116.8,56,1,3116.7,27,1,3117.6,282,1,3118.5,95,3,3118.6,128,4,3118.7,229,4,3118.8,163,6
2031,2026-06-16 10:32:34+05:30,3117.6,1,3132.05,1025117,124202.0,205841.0,3163.0,3163.0,3108.0,3134.3,31869200,3447.7,2820.9,3839.9,2896.0,3117.3,5,2,3117.0,54,2,3116.9,25,1,3116.8,56,1,3116.7,27,1,3117.6,282,1,3118.5,95,3,3118.6,128,4,3118.7,229,4,3118.8,163,6
2031,2026-06-16 10:32:34+05:30,3117.6,1,3132.05,1025118,124260.0,205766.0,3163.0,3163.0,3108.0,3134.3,31869200,3447.7,2820.9,3839.9,2896.0,3117.3,166,3,3117.1,25,1,3117.0,54,2,3116.8,75,2,3116.7,52,2,3117.6,84,1,3118.4,107,2,3118.5,417,4,3118.6,41,3,3118.7,152,3
2031,2026-06-16 10:32:34+05:30,3117.6,1,3132.05,1025118,124260.0,205766.0,3163.0,3163.0,3108.0,3134.3,31869200,3447.7,2820.9,3839.9,2896.0,3117.3,166,3,3117.1,25,1,3117.0,54,2,3116.8,75,2,3116.7,52,2,3117.6,84,1,3118.4,107,2,3118.5,417,4,3118.6,41,3,3118.7,152,3
2031,2026-06-16 10:32:35+05:30,3117.6,1,3132.05,1025189,125413.0,205546.0,3163.0,3163.0,3108.0,3134.3,31869200,3447.7,2820.9,3839.9,2896.0,3117.7,1,1,3117.3,183,2,3117.2,25,1,3117.0,54,2,3116.8,61,2,3118.3,69,1,3118.4,21,1,3118.5,144,2,3118.6,24,2,3118.7,104,3
2031,2026-06-16 10:32:36+05:30,3117.6,1,3132.05,1025189,125413.0,205546.0,3163.0,3163.0,3108.0,3134.3,31869200,3447.7,2820.9,3839.9,2896.0,3117.7,1,1,3117.3,183,2,3117.2,25,1,3117.0,54,2,3116.8,61,2,3118.3,69,1,3118.4,21,1,3118.5,144,2,3118.6,24,2,3118.7,104,3
2031,2026-06-16 10:32:36+05:30,3117.6,1,3132.05,1025189,125413.0,205546.0,3163.0,3163.0,3108.0,3134.3,31869200,3447.7,2820.9,3839.9,2896.0,3117.7,1,1,3117.3,183,2,3117.2,25,1,3117.0,54,2,3116.8,61,2,3118.3,69,1,3118.4,21,1,3118.5,144,2,3118.6,24,2,3118.7,104,3
2031,2026-06-16 10:32:36+05:30,3117.6,1,3132.05,1025189,125873.0,205528.0,3163.0,3163.0,3108.0,3134.3,31869200,3447.7,2820.9,3839.9,2896.0,3117.7,175,3,3117.5,25,1,3117.3,210,3,3117.2,50,1,3117.1,45,2,3118.3,144,3,3118.4,21,1,3118.5,125,1,3118.6,19,1,3118.7,27,1
2031,2026-06-16 10:32:37+05:30,3117.6,1,3132.05,1025189,125873.0,205528.0,3163.0,3163.0,3108.0,3134.3,31869200,3447.7,2820.9,3839.9,2896.0,3117.7,175,3,3117.5,25,1,3117.3,210,3,3117.2,50,1,3117.1,45,2,3118.3,144,3,3118.4,21,1,3118.5,125,1,3118.6,19,1,3118.7,27,1
2031,2026-06-16 10:32:37+05:30,3118.2,1,3132.05,1025189,125873.0,205528.0,3163.0,3163.0,3108.0,3134.3,31869200,3447.7,2820.9,3839.9,2896.0,3117.7,175,3,3117.5,25,1,3117.3,210,3,3117.2,50,1,3117.1,45,2,3118.3,144,3,3118.4,21,1,3118.5,125,1,3118.6,19,1,3118.7,27,1
2031,2026-06-16 10:32:37+05:30,3118.2,1,3132.05,1025190,125843.0,206055.0,3163.0,3163.0,3108.0,3134.3,31869200,3447.7,2820.9,3839.9,2896.0,3117.9,25,1,3117.7,175,3,3117.5,25,1,3117.3,194,3,3117.2,50,1,3118.2,48,1,3118.3,163,4,3118.4,21,1,3118.5,52,1,3118.7,27,1
2031,2026-06-16 10:32:37+05:30,3118.2,1,3132.05,1025190,125843.0,206055.0,3163.0,3163.0,3108.0,3134.3,31869200,3447.7,2820.9,3839.9,2896.0,3117.9,25,1,3117.7,175,3,3117.5,25,1,3117.3,194,3,3117.2,50,1,3118.2,48,1,3118.3,163,4,3118.4,21,1,3118.5,52,1,3118.7,27,1
2031,2026-06-16 10:32:38+05:30,3118.2,1,3132.05,1025190,125843.0,206055.0,3163.0,3163.0,3108.0,3134.3,31869200,3447.7,2820.9,3839.9,2896.0,3117.9,25,1,3117.7,175,3,3117.5,25,1,3117.3,194,3,3117.2,50,1,3118.2,48,1,3118.3,163,4,3118.4,21,1,3118.5,52,1,3118.7,27,1
2031,2026-06-16 10:32:38+05:30,3117.9,3,3132.05,1025190,125843.0,206055.0,3163.0,3163.0,3108.0,3134.3,31869200,3447.7,2820.9,3839.9,2896.0,3117.9,25,1,3117.7,175,3,3117.5,25,1,3117.3,194,3,3117.2,50,1,3118.2,48,1,3118.3,163,4,3118.4,21,1,3118.5,52,1,3118.7,27,1
2031,2026-06-16 10:32:38+05:30,3118.2,1,3132.05,1025194,126183.0,205635.0,3163.0,3163.0,3108.0,3134.3,31869200,3447.7,2820.9,3839.9,2896.0,3118.0,10,2,3117.9,215,4,3117.7,201,3,3117.6,25,1,3117.5,50,1,3118.2,47,1,3118.3,163,4,3118.4,21,1,3118.5,52,1,3118.7,27,1
2031,2026-06-16 10:32:38+05:30,3118.2,1,3132.05,1025194,126183.0,205635.0,3163.0,3163.0,3108.0,3134.3,31869200,3447.7,2820.9,3839.9,2896.0,3118.0,10,2,3117.9,215,4,3117.7,201,3,3117.6,25,1,3117.5,50,1,3118.2,47,1,3118.3,163,4,3118.4,21,1,3118.5,52,1,3118.7,27,1
2031,2026-06-16 10:32:39+05:30,3118.2,1,3132.05,1025194,126183.0,205635.0,3163.0,3163.0,3108.0,3134.3,31869200,3447.7,2820.9,3839.9,2896.0,3118.0,10,2,3117.9,215,4,3117.7,201,3,3117.6,25,1,3117.5,50,1,3118.2,47,1,3118.3,163,4,3118.4,21,1,3118.5,52,1,3118.7,27,1
2031,2026-06-16 10:32:39+05:30,3118.2,1,3132.05,1025194,126183.0,205635.0,3163.0,3163.0,3108.0,3134.3,31869200,3447.7,2820.9,3839.9,2896.0,3118.0,10,2,3117.9,215,4,3117.7,201,3,3117.6,25,1,3117.5,50,1,3118.2,47,1,3118.3,163,4,3118.4,21,1,3118.5,52,1,3118.7,27,1
2031,2026-06-16 10:32:39+05:30,3118.2,47,3132.05,1025241,125508.0,203620.0,3163.0,3163.0,3108.0,3134.3,31869200,3447.7,2820.9,3839.9,2896.0,3118.2,26,1,3118.1,1,1,3118.0,10,2,3117.9,193,3,3117.7,201,3,3118.3,163,4,3118.4,21,1,3118.5,52,1,3118.7,27,1,3118.8,1,1
2031,2026-06-16 10:32:40+05:30,3118.2,47,3132.05,1025241,125508.0,203620.0,3163.0,3163.0,3108.0,3134.3,31869200,3447.7,2820.9,3839.9,2896.0,3118.2,26,1,3118.1,1,1,3118.0,10,2,3117.9,193,3,3117.7,201,3,3118.3,163,4,3118.4,21,1,3118.5,52,1,3118.7,27,1,3118.8,1,1
2031,2026-06-16 10:32:40+05:30,3118.2,47,3132.05,1025241,125508.0,203620.0,3163.0,3163.0,3108.0,3134.3,31869200,3447.7,2820.9,3839.9,2896.0,3118.2,26,1,3118.1,1,1,3118.0,10,2,3117.9,193,3,3117.7,201,3,3118.3,163,4,3118.4,21,1,3118.5,52,1,3118.7,27,1,3118.8,1,1
2031,2026-06-16 10:32:40+05:30,3118.4,21,3132.04,1025450,126750.0,203939.0,3163.0,3163.0,3108.0,3134.3,31869200,3447.7,2820.9,3839.9,2896.0,3118.2,200,4,3118.1,11,2,3118.0,36,3,3117.9,204,3,3117.8,68,2,3118.5,52,1,3118.7,27,1,3118.8,1,1,3119.0,857,4,3119.5,100,1
2031,2026-06-16 10:32:41+05:30,3118.2,12,3132.04,1025450,126750.0,203939.0,3163.0,3163.0,3108.0,3134.3,31869200,3447.7,2820.9,3839.9,2896.0,3118.2,200,4,3118.1,11,2,3118.0,36,3,3117.9,204,3,3117.8,68,2,3118.5,52,1,3118.7,27,1,3118.8,1,1,3119.0,857,4,3119.5,100,1
2031,2026-06-16 10:32:41+05:30,3118.2,12,3132.04,1025450,126750.0,203939.0,3163.0,3163.0,3108.0,3134.3,31869200,3447.7,2820.9,3839.9,2896.0,3118.2,200,4,3118.1,11,2,3118.0,36,3,3117.9,204,3,3117.8,68,2,3118.5,52,1,3118.7,27,1,3118.8,1,1,3119.0,857,4,3119.5,100,1
2031,2026-06-16 10:32:41+05:30,3118.0,29,3132.04,1025672,126220.0,205427.0,3163.0,3163.0,3108.0,3134.3,31869200,3447.7,2820.9,3839.9,2896.0,3118.0,9,1,3117.9,203,3,3117.7,174,2,3117.3,7,1,3117.1,35,2,3118.2,18,1,3118.5,81,3,3118.6,85,2,3118.7,123,1,3118.8,72,5
2031,2026-06-16 10:32:42+05:30,3118.0,29,3132.04,1025672,126220.0,205427.0,3163.0,3163.0,3108.0,3134.3,31869200,3447.7,2820.9,3839.9,2896.0,3118.0,9,1,3117.9,203,3,3117.7,174,2,3117.3,7,1,3117.1,35,2,3118.2,18,1,3118.5,81,3,3118.6,85,2,3118.7,123,1,3118.8,72,5
2031,2026-06-16 10:32:42+05:30,3118.3,20,3132.04,1025672,126220.0,205427.0,3163.0,3163.0,3108.0,3134.3,31869200,3447.7,2820.9,3839.9,2896.0,3118.0,9,1,3117.9,203,3,3117.7,174,2,3117.3,7,1,3117.1,35,2,3118.2,18,1,3118.5,81,3,3118.6,85,2,3118.7,123,1,3118.8,72,5
2031,2026-06-16 10:32:42+05:30,3118.2,21,3132.04,1025731,126455.0,205704.0,3163.0,3163.0,3108.0,3134.3,31869200,3447.7,2820.9,3839.9,2896.0,3118.0,45,2,3117.9,203,3,3117.7,174,2,3117.4,32,1,3117.3,89,3,3118.2,13,1,3118.3,31,1,3118.5,70,2,3118.6,52,1,3118.7,42,1
2031,2026-06-16 10:32:42+05:30,3118.2,21,3132.04,1025731,126455.0,205704.0,3163.0,3163.0,3108.0,3134.3,31869200,3447.7,2820.9,3839.9,2896.0,3118.0,45,2,3117.9,203,3,3117.7,174,2,3117.4,32,1,3117.3,89,3,3118.2,13,1,3118.3,31,1,3118.5,70,2,3118.6,52,1,3118.7,42,1
2031,2026-06-16 10:32:43+05:30,3118.2,21,3132.04,1025731,126455.0,205704.0,3163.0,3163.0,3108.0,3134.3,31869200,3447.7,2820.9,3839.9,2896.0,3118.0,45,2,3117.9,203,3,3117.7,174,2,3117.4,32,1,3117.3,89,3,3118.2,13,1,3118.3,31,1,3118.5,70,2,3118.6,52,1,3118.7,42,1
2031,2026-06-16 10:32:43+05:30,3118.2,21,3132.04,1025731,126463.0,205599.0,3163.0,3163.0,3108.0,3134.3,31869200,3447.7,2820.9,3839.9,2896.0,3118.1,22,1,3118.0,45,2,3117.9,178,2,3117.7,174,2,3117.4,32,1,3118.3,67,3,3118.5,70,2,3118.6,52,1,3118.8,20,2,3118.9,33,1
2031,2026-06-16 10:32:43+05:30,3118.2,21,3132.04,1025731,126463.0,205599.0,3163.0,3163.0,3108.0,3134.3,31869200,3447.7,2820.9,3839.9,2896.0,3118.1,22,1,3118.0,45,2,3117.9,178,2,3117.7,174,2,3117.4,32,1,3118.3,67,3,3118.5,70,2,3118.6,52,1,3118.8,20,2,3118.9,33,1
2031,2026-06-16 10:32:44+05:30,3118.3,2,3132.04,1025731,126463.0,205599.0,3163.0,3163.0,3108.0,3134.3,31869200,3447.7,2820.9,3839.9,2896.0,3118.1,22,1,3118.0,45,2,3117.9,178,2,3117.7,174,2,3117.4,32,1,3118.3,67,3,3118.5,70,2,3118.6,52,1,3118.8,20,2,3118.9,33,1
2031,2026-06-16 10:32:44+05:30,3118.3,2,3132.04,1025734,126858.0,205309.0,3163.0,3163.0,3108.0,3134.3,31869200,3447.7,2820.9,3839.9,2896.0,3118.2,105,2,3118.1,22,1,3118.0,45,2,3117.9,178,2,3117.7,194,4,3118.3,113,4,3118.5,51,1,3118.6,52,1,3118.8,1,1,3118.9,8,1
2031,2026-06-16 10:32:44+05:30,3118.3,2,3132.04,1025734,126858.0,205309.0,3163.0,3163.0,3108.0,3134.3,31866000,3447.7,2820.9,3839.9,2896.0,3118.2,105,2,3118.1,22,1,3118.0,45,2,3117.9,178,2,3117.7,194,4,3118.3,113,4,3118.5,51,1,3118.6,52,1,3118.8,1,1,3118.9,8,1
2031,2026-06-16 10:32:45+05:30,3118.2,99,3132.04,1025734,126858.0,205309.0,3163.0,3163.0,3108.0,3134.3,31866000,3447.7,2820.9,3839.9,2896.0,3118.2,105,2,3118.1,22,1,3118.0,45,2,3117.9,178,2,3117.7,194,4,3118.3,113,4,3118.5,51,1,3118.6,52,1,3118.8,1,1,3118.9,8,1
2031,2026-06-16 10:32:45+05:30,3118.5,40,3132.04,1025938,126729.0,204326.0,3163.0,3163.0,3108.0,3134.3,31866000,3447.7,2820.9,3839.9,2896.0,3118.3,32,4,3118.2,52,4,3118.1,29,1,3118.0,36,1,3117.9,223,5,3118.5,11,1,3118.6,52,1,3118.8,1,1,3118.9,8,1,3119.0,857,4
2031,2026-06-16 10:32:46+05:30,3118.5,1,3132.04,1025938,126729.0,204326.0,3163.0,3163.0,3108.0,3134.3,31866000,3447.7,2820.9,3839.9,2896.0,3118.3,32,4,3118.2,52,4,3118.1,29,1,3118.0,36,1,3117.9,223,5,3118.5,11,1,3118.6,52,1,3118.8,1,1,3118.9,8,1,3119.0,857,4
2031,2026-06-16 10:32:46+05:30,3118.5,10,3132.04,1025949,126987.0,202340.0,3163.0,3163.0,3108.0,3134.3,31866000,3447.7,2820.9,3839.9,2896.0,3118.5,16,1,3118.3,7,4,3118.2,78,5,3118.1,29,1,3118.0,47,2,3118.6,52,1,3118.8,1,1,3118.9,8,1,3119.0,857,4,3119.1,200,1
2031,2026-06-16 10:32:47+05:30,3118.5,10,3132.04,1025949,126987.0,202340.0,3163.0,3163.0,3108.0,3134.3,31866000,3447.7,2820.9,3839.9,2896.0,3118.5,16,1,3118.3,7,4,3118.2,78,5,3118.1,29,1,3118.0,47,2,3118.6,52,1,3118.8,1,1,3118.9,8,1,3119.0,857,4,3119.1,200,1
2031,2026-06-16 10:32:47+05:30,3118.6,52,3132.04,1026001,127165.0,204870.0,3163.0,3163.0,3108.0,3134.3,31866000,3447.7,2820.9,3839.9,2896.0,3118.6,23,1,3118.5,1,1,3118.3,7,4,3118.2,78,5,3118.0,53,3,3118.8,1,1,3118.9,8,1,3119.0,938,5,3119.1,200,1,3119.5,149,3
2031,2026-06-16 10:32:48+05:30,3118.6,52,3132.04,1026001,127165.0,204870.0,3163.0,3163.0,3108.0,3134.3,31866000,3447.7,2820.9,3839.9,2896.0,3118.6,23,1,3118.5,1,1,3118.3,7,4,3118.2,78,5,3118.0,53,3,3118.8,1,1,3118.9,8,1,3119.0,938,5,3119.1,200,1,3119.5,149,3
2031,2026-06-16 10:32:48+05:30,3118.6,41,3132.04,1026042,126538.0,205027.0,3163.0,3163.0,3108.0,3134.3,31866000,3447.7,2820.9,3839.9,2896.0,3118.6,27,2,3118.5,1,1,3118.3,7,4,3118.2,52,4,3118.0,6,1,3118.8,19,3,3118.9,76,2,3119.0,1024,9,3119.1,303,4,3119.2,96,4
2031,2026-06-16 10:32:49+05:30,3118.8,1,3132.04,1026042,126538.0,205027.0,3163.0,3163.0,3108.0,3134.3,31866000,3447.7,2820.9,3839.9,2896.0,3118.6,27,2,3118.5,1,1,3118.3,7,4,3118.2,52,4,3118.0,6,1,3118.8,19,3,3118.9,76,2,3119.0,1024,9,3119.1,303,4,3119.2,96,4
2031,2026-06-16 10:32:49+05:30,3118.8,5,3132.04,1026073,126637.0,205100.0,3163.0,3163.0,3108.0,3134.3,31866000,3447.7,2820.9,3839.9,2896.0,3118.8,17,1,3118.6,3,1,3118.5,1,1,3118.3,7,4,3118.2,58,5,3118.9,114,4,3119.0,1003,8,3119.1,247,3,3119.2,96,4,3119.4,172,6
2031,2026-06-16 10:32:50+05:30,3118.8,5,3132.04,1026073,126637.0,205100.0,3163.0,3163.0,3108.0,3134.3,31866000,3447.7,2820.9,3839.9,2896.0,3118.8,17,1,3118.6,3,1,3118.5,1,1,3118.3,7,4,3118.2,58,5,3118.9,114,4,3119.0,1003,8,3119.1,247,3,3119.2,96,4,3119.4,172,6
2031,2026-06-16 10:32:50+05:30,3118.6,3,3132.03,1026321,126416.0,203291.0,3163.0,3163.0,3108.0,3134.3,31866000,3447.7,2820.9,3839.9,2896.0,3118.6,3,1,3118.5,1,1,3118.3,5,2,3118.2,64,5,3117.9,11,1,3118.8,108,6,3118.9,31,2,3119.0,1022,9,3119.1,244,4,3119.2,110,5
2031,2026-06-16 10:32:51+05:30,3118.6,3,3132.03,1026321,126416.0,203291.0,3163.0,3163.0,3108.0,3134.3,31866000,3447.7,2820.9,3839.9,2896.0,3118.6,3,1,3118.5,1,1,3118.3,5,2,3118.2,64,5,3117.9,11,1,3118.8,108,6,3118.9,31,2,3119.0,1022,9,3119.1,244,4,3119.2,110,5
2031,2026-06-16 10:32:51+05:30,3118.7,10,3132.03,1026341,126417.0,203530.0,3163.0,3163.0,3108.0,3134.3,31866000,3447.7,2820.9,3839.9,2896.0,3118.6,3,1,3118.5,1,1,3118.3,5,2,3118.2,75,6,3117.9,11,1,3118.7,5,1,3118.8,106,6,3118.9,31,2,3119.0,1022,9,3119.1,219,2
2031,2026-06-16 10:32:52+05:30,3118.6,37,3132.03,1026341,126417.0,203530.0,3163.0,3163.0,3108.0,3134.3,31866000,3447.7,2820.9,3839.9,2896.0,3118.6,3,1,3118.5,1,1,3118.3,5,2,3118.2,75,6,3117.9,11,1,3118.7,5,1,3118.8,106,6,3118.9,31,2,3119.0,1022,9,3119.1,219,2
2031,2026-06-16 10:32:52+05:30,3118.6,37,3132.03,1026387,126427.0,205936.0,3163.0,3163.0,3108.0,3134.3,31866000,3447.7,2820.9,3839.9,2896.0,3118.6,9,2,3118.5,1,1,3118.4,24,1,3118.3,5,2,3118.2,75,6,3118.7,15,1,3118.8,79,5,3118.9,251,4,3119.0,1078,10,3119.2,154,6
2031,2026-06-16 10:32:53+05:30,3118.6,37,3132.03,1026387,126407.0,203862.0,3163.0,3163.0,3108.0,3134.3,31866000,3447.7,2820.9,3839.9,2896.0,3118.6,32,3,3118.5,11,2,3118.4,6,1,3118.3,5,2,3118.2,69,5,3118.7,69,4,3118.8,40,3,3118.9,275,5,3119.0,1099,11,3119.2,159,7
2031,2026-06-16 10:32:54+05:30,3118.3,10,3132.03,1026387,126407.0,203862.0,3163.0,3163.0,3108.0,3134.3,31866000,3447.7,2820.9,3839.9,2896.0,3118.6,32,3,3118.5,11,2,3118.4,6,1,3118.3,5,2,3118.2,69,5,3118.7,69,4,3118.8,40,3,3118.9,275,5,3119.0,1099,11,3119.2,159,7
2031,2026-06-16 10:32:54+05:30,3118.2,7,3132.02,1026965,125044.0,206745.0,3163.0,3163.0,3108.0,3134.3,31866000,3447.7,2820.9,3839.9,2896.0,3117.9,11,1,3117.7,10,1,3117.0,13,1,3116.9,43,2,3116.8,1,1,3118.3,239,5,3118.4,32,4,3118.5,256,4,3118.6,48,5,3118.7,102,6
2031,2026-06-16 10:32:55+05:30,3117.9,19,3132.02,1026965,125044.0,206745.0,3163.0,3163.0,3108.0,3134.3,31866000,3447.7,2820.9,3839.9,2896.0,3117.9,11,1,3117.7,10,1,3117.0,13,1,3116.9,43,2,3116.8,1,1,3118.3,239,5,3118.4,32,4,3118.5,256,4,3118.6,48,5,3118.7,102,6
2031,2026-06-16 10:32:55+05:30,3117.9,19,3132.02,1026984,124984.0,206722.0,3163.0,3163.0,3108.0,3134.3,31866000,3447.7,2820.9,3839.9,2896.0,3117.9,11,1,3117.7,10,1,3117.0,18,2,3116.9,14,1,3116.8,99,4,3118.1,160,1,3118.2,46,3,3118.3,107,5,3118.4,57,5,3118.5,82,4
2031,2026-06-16 10:32:56+05:30,3117.9,23,3132.02,1026984,124984.0,206722.0,3163.0,3163.0,3108.0,3134.3,31866000,3447.7,2820.9,3839.9,2896.0,3117.9,11,1,3117.7,10,1,3117.0,18,2,3116.9,14,1,3116.8,99,4,3118.1,160,1,3118.2,46,3,3118.3,107,5,3118.4,57,5,3118.5,82,4
2031,2026-06-16 10:32:56+05:30,3117.9,23,3132.02,1027065,123974.0,207275.0,3163.0,3163.0,3108.0,3134.3,31866000,3447.7,2820.9,3839.9,2896.0,3117.7,10,1,3117.0,18,2,3116.9,14,1,3116.8,1,1,3116.7,33,1,3117.9,164,3,3118.0,48,3,3118.1,79,3,3118.2,94,5,3118.3,48,3
2031,2026-06-16 10:32:57+05:30,3117.9,1,3132.02,1027065,123974.0,207275.0,3163.0,3163.0,3108.0,3134.3,31866000,3447.7,2820.9,3839.9,2896.0,3117.7,10,1,3117.0,18,2,3116.9,14,1,3116.8,1,1,3116.7,33,1,3117.9,164,3,3118.0,48,3,3118.1,79,3,3118.2,94,5,3118.3,48,3
2031,2026-06-16 10:32:57+05:30,3117.9,1,3132.02,1027086,124006.0,207133.0,3163.0,3163.0,3108.0,3134.3,31866000,3447.7,2820.9,3839.9,2896.0,3117.7,10,1,3117.0,18,2,3116.9,14,1,3116.8,1,1,3116.7,33,1,3117.9,207,6,3118.0,48,3,3118.1,79,3,3118.2,81,4,3118.3,1,1
2031,2026-06-16 10:32:58+05:30,3117.7,40,3132.02,1027086,124006.0,207133.0,3163.0,3163.0,3108.0,3134.3,31866000,3447.7,2820.9,3839.9,2896.0,3117.7,10,1,3117.0,18,2,3116.9,14,1,3116.8,1,1,3116.7,33,1,3117.9,207,6,3118.0,48,3,3118.1,79,3,3118.2,81,4,3118.3,1,1
2031,2026-06-16 10:32:58+05:30,3117.7,40,3132.02,1027194,123867.0,207372.0,3163.0,3163.0,3108.0,3134.3,31866000,3447.7,2820.9,3839.9,2896.0,3117.0,19,3,3116.8,1,1,3116.5,87,2,3116.3,60,2,3116.2,124,3,3117.7,35,2,3117.8,44,3,3117.9,80,5,3118.0,99,4,3118.1,78,4
2031,2026-06-16 10:32:59+05:30,3117.0,8,3132.02,1027194,123867.0,207372.0,3163.0,3163.0,3108.0,3134.3,31866000,3447.7,2820.9,3839.9,2896.0,3117.0,19,3,3116.8,1,1,3116.5,87,2,3116.3,60,2,3116.2,124,3,3117.7,35,2,3117.8,44,3,3117.9,80,5,3118.0,99,4,3118.1,78,4
2031,2026-06-16 10:32:59+05:30,3117.0,8,3132.02,1027221,123637.0,207486.0,3163.0,3163.0,3108.0,3134.3,31866000,3447.7,2820.9,3839.9,2896.0,3117.0,6,2,3116.8,1,1,3116.4,56,1,3116.3,60,2,3116.2,124,3,3117.6,26,2,3117.7,52,4,3117.8,26,2,3117.9,72,4,3118.0,65,3
2031,2026-06-16 10:33:00+05:30,3117.6,5,3132.02,1027221,123637.0,207486.0,3163.0,3163.0,3108.0,3134.3,31866000,3447.7,2820.9,3839.9,2896.0,3117.0,6,2,3116.8,1,1,3116.4,56,1,3116.3,60,2,3116.2,124,3,3117.6,26,2,3117.7,52,4,3117.8,26,2,3117.9,72,4,3118.0,65,3
2031,2026-06-16 10:33:00+05:30,3117.6,5,3132.02,1027226,123686.0,207309.0,3163.0,3163.0,3108.0,3134.3,31866000,3447.7,2820.9,3839.9,2896.0,3117.3,2,2,3117.0,17,4,3116.8,1,1,3116.4,188,1,3116.3,60,2,3117.6,22,3,3117.7,79,5,3117.8,46,3,3117.9,26,2,3118.0,60,2
2031,2026-06-16 10:33:01+05:30,3116.6,53,3132.02,1027226,123686.0,207309.0,3163.0,3163.0,3108.0,3134.3,31866000,3447.7,2820.9,3839.9,2896.0,3117.3,2,2,3117.0,17,4,3116.8,1,1,3116.4,188,1,3116.3,60,2,3117.6,22,3,3117.7,79,5,3117.8,46,3,3117.9,26,2,3118.0,60,2
2031,2026-06-16 10:33:01+05:30,3117.7,3,3132.02,1027478,123194.0,207370.0,3163.0,3163.0,3108.0,3134.3,31866000,3447.7,2820.9,3839.9,2896.0,3117.0,5,1,3116.7,39,3,3116.6,27,2,3116.5,95,3,3116.4,86,5,3117.7,24,2,3117.8,26,2,3117.9,26,2,3118.0,20,1,3118.2,94,2
2031,2026-06-16 10:33:02+05:30,3117.6,1,3132.02,1027478,123194.0,207370.0,3163.0,3163.0,3108.0,3134.3,31866000,3447.7,2820.9,3839.9,2896.0,3117.0,5,1,3116.7,39,3,3116.6,27,2,3116.5,95,3,3116.4,86,5,3117.7,24,2,3117.8,26,2,3117.9,26,2,3118.0,20,1,3118.2,94,2
2031,2026-06-16 10:33:02+05:30,3117.6,1,3132.02,1027479,123629.0,207515.0,3163.0,3163.0,3108.0,3134.3,31866000,3447.7,2820.9,3839.9,2896.0,3117.0,27,2,3116.7,24,2,3116.6,12,1,3116.5,95,3,3116.4,52,3,3117.6,23,2,3117.7,24,2,3117.8,26,2,3117.9,26,2,3118.0,60,2
2031,2026-06-16 10:33:03+05:30,3117.5,1,3132.02,1027480,123612.0,207517.0,3163.0,3163.0,3108.0,3134.3,31866000,3447.7,2820.9,3839.9,2896.0,3117.0,27,2,3116.7,10,1,3116.5,47,2,3116.4,52,3,3116.3,88,3,3117.5,25,2,3117.6,23,2,3117.7,60,3,3117.8,26,2,3117.9,8,1
2031,2026-06-16 10:33:04+05:30,3117.0,10,3132.02,1027480,123612.0,207517.0,3163.0,3163.0,3108.0,3134.3,31866000,3447.7,2820.9,3839.9,2896.0,3117.0,27,2,3116.7,10,1,3116.5,47,2,3116.4,52,3,3116.3,88,3,3117.5,25,2,3117.6,23,2,3117.7,60,3,3117.8,26,2,3117.9,8,1
2031,2026-06-16 10:33:04+05:30,3117.0,10,3132.02,1027529,123435.0,207826.0,3163.0,3163.0,3108.0,3134.3,31866000,3447.7,2820.9,3839.9,2896.0,3117.0,10,2,3116.5,16,1,3116.4,26,1,3116.3,36,2,3116.2,19,1,3117.5,54,3,3117.6,23,2,3117.7,60,3,3117.8,100,5,3117.9,29,2
2031,2026-06-16 10:33:05+05:30,3117.0,3,3132.02,1027537,124675.0,207827.0,3163.0,3163.0,3108.0,3134.3,31866000,3447.7,2820.9,3839.9,2896.0,3117.0,24,2,3116.5,42,2,3116.3,36,2,3116.2,19,1,3116.1,49,3,3117.5,79,4,3117.6,23,2,3117.7,60,3,3117.8,63,3,3117.9,29,2
2031,2026-06-16 10:33:06+05:30,3117.0,18,3132.02,1027537,124675.0,207827.0,3163.0,3163.0,3108.0,3134.3,31866000,3447.7,2820.9,3839.9,2896.0,3117.0,24,2,3116.5,42,2,3116.3,36,2,3116.2,19,1,3116.1,49,3,3117.5,79,4,3117.6,23,2,3117.7,60,3,3117.8,63,3,3117.9,29,2
2031,2026-06-16 10:33:06+05:30,3117.0,18,3132.02,1027557,124633.0,207871.0,3163.0,3163.0,3108.0,3134.3,31866000,3447.7,2820.9,3839.9,2896.0,3117.0,9,2,3116.5,42,2,3116.3,36,2,3116.2,19,1,3116.1,220,4,3117.4,36,2,3117.5,79,4,3117.6,23,2,3117.7,60,3,3117.8,63,3
2031,2026-06-16 10:33:07+05:30,3117.4,5,3132.02,1027557,124633.0,207871.0,3163.0,3163.0,3108.0,3134.3,31866000,3447.7,2820.9,3839.9,2896.0,3117.0,9,2,3116.5,42,2,3116.3,36,2,3116.2,19,1,3116.1,220,4,3117.4,36,2,3117.5,79,4,3117.6,23,2,3117.7,60,3,3117.8,63,3
2031,2026-06-16 10:33:07+05:30,3117.4,1,3132.01,1027763,124797.0,205548.0,3163.0,3163.0,3108.0,3134.3,31866000,3447.7,2820.9,3839.9,2896.0,3117.0,3,1,3116.5,211,3,3116.4,22,1,3116.3,133,5,3116.2,108,4,3117.4,30,2,3117.5,71,3,3117.6,17,1,3117.7,55,2,3118.0,20,1
2031,2026-06-16 10:33:08+05:30,3117.4,7,3132.01,1027763,124797.0,205548.0,3163.0,3163.0,3108.0,3134.3,31866000,3447.7,2820.9,3839.9,2896.0,3117.0,3,1,3116.5,211,3,3116.4,22,1,3116.3,133,5,3116.2,108,4,3117.4,30,2,3117.5,71,3,3117.6,17,1,3117.7,55,2,3118.0,20,1
2031,2026-06-16 10:33:08+05:30,3117.4,7,3132.01,1027793,124603.0,207403.0,3163.0,3163.0,3108.0,3134.3,31866000,3447.7,2820.9,3839.9,2896.0,3117.0,3,1,3116.5,78,2,3116.4,22,1,3116.3,126,4,3116.2,108,4,3117.4,27,2,3117.5,46,2,3117.6,17,1,3117.7,55,2,3118.0,20,1
2031,2026-06-16 10:33:09+05:30,3117.4,7,3132.01,1027793,124596.0,206777.0,3163.0,3163.0,3108.0,3134.3,31866000,3447.7,2820.9,3839.9,2896.0,3117.0,5,2,3116.7,26,1,3116.5,52,1,3116.4,204,2,3116.3,126,4,3117.3,23,2,3117.4,27,2,3117.5,46,2,3117.6,17,1,3117.7,36,1
2031,2026-06-16 10:33:10+05:30,3117.3,1,3132.01,1027793,124596.0,206777.0,3163.0,3163.0,3108.0,3134.3,31866000,3447.7,2820.9,3839.9,2896.0,3117.0,5,2,3116.7,26,1,3116.5,52,1,3116.4,204,2,3116.3,126,4,3117.3,23,2,3117.4,27,2,3117.5,46,2,3117.6,17,1,3117.7,36,1
2031,2026-06-16 10:33:10+05:30,3117.3,1,3132.01,1027794,124987.0,206786.0,3163.0,3163.0,3108.0,3134.3,31866000,3447.7,2820.9,3839.9,2896.0,3117.1,3,1,3117.0,26,2,3116.8,26,1,3116.5,71,2,3116.4,204,2,3117.3,53,3,3117.4,27,2,3117.5,46,2,3117.6,17,1,3117.7,36,1
2031,2026-06-16 10:33:11+05:30,3117.1,6,3132.01,1027794,124987.0,206786.0,3163.0,3163.0,3108.0,3134.3,31866000,3447.7,2820.9,3839.9,2896.0,3117.1,3,1,3117.0,26,2,3116.8,26,1,3116.5,71,2,3116.4,204,2,3117.3,53,3,3117.4,27,2,3117.5,46,2,3117.6,17,1,3117.7,36,1
2031,2026-06-16 10:33:11+05:30,3117.1,5,3132.01,1027879,125098.0,207451.0,3163.0,3163.0,3108.0,3134.3,31866000,3447.7,2820.9,3839.9,2896.0,3117.0,44,3,3116.9,5,1,3116.7,78,2,3116.6,22,2,3116.5,85,3,3117.1,1,1,3117.3,78,4,3117.4,7,1,3117.5,46,2,3117.6,17,1
2031,2026-06-16 10:33:12+05:30,3117.7,36,3132.01,1027879,125098.0,207451.0,3163.0,3163.0,3108.0,3134.3,31866000,3447.7,2820.9,3839.9,2896.0,3117.0,44,3,3116.9,5,1,3116.7,78,2,3116.6,22,2,3116.5,85,3,3117.1,1,1,3117.3,78,4,3117.4,7,1,3117.5,46,2,3117.6,17,1
2031,2026-06-16 10:33:12+05:30,3118.0,1,3132.01,1028035,126804.0,203224.0,3163.0,3163.0,3108.0,3134.3,31866000,3447.7,2820.9,3839.9,2896.0,3117.6,32,4,3117.5,70,4,3117.4,77,5,3117.3,115,6,3117.2,105,7,3118.0,19,1,3118.7,12,1,3118.8,1,1,3118.9,36,12,3119.0,1126,10
2031,2026-06-16 10:33:13+05:30,3118.0,1,3132.01,1028035,126804.0,203224.0,3163.0,3163.0,3108.0,3134.3,31866000,3447.7,2820.9,3839.9,2896.0,3117.6,32,4,3117.5,70,4,3117.4,77,5,3117.3,115,6,3117.2,105,7,3118.0,19,1,3118.7,12,1,3118.8,1,1,3118.9,36,12,3119.0,1126,10
2031,2026-06-16 10:33:13+05:30,3118.0,1,3132.01,1028035,126917.0,206510.0,3163.0,3163.0,3108.0,3134.3,31866000,3447.7,2820.9,3839.9,2896.0,3117.7,1,1,3117.6,41,5,3117.5,41,3,3117.4,77,5,3117.3,137,6,3118.0,19,1,3118.7,12,1,3118.8,1,1,3118.9,126,13,3119.0,1126,10
2031,2026-06-16 10:33:14+05:30,3118.0,1,3132.01,1028035,126860.0,206490.0,3163.0,3163.0,3108.0,3134.3,31866000,3447.7,2820.9,3839.9,2896.0,3117.7,66,5,3117.6,25,3,3117.5,41,3,3117.4,47,3,3117.3,153,7,3118.0,19,1,3118.7,12,1,3118.8,1,1,3118.9,124,13,3119.0,1126,10
2031,2026-06-16 10:33:15+05:30,3118.0,1,3132.01,1028035,126819.0,206496.0,3163.0,3163.0,3108.0,3134.3,31866000,3447.7,2820.9,3839.9,2896.0,3117.9,16,4,3117.8,10,2,3117.7,54,5,3117.6,86,6,3117.5,73,4,3118.0,19,1,3118.7,12,1,3118.8,1,1,3118.9,34,12,3119.0,1363,10
2031,2026-06-16 10:33:16+05:30,3118.0,1,3132.01,1028035,126819.0,206496.0,3163.0,3163.0,3108.0,3134.3,31866000,3447.7,2820.9,3839.9,2896.0,3117.9,16,4,3117.8,10,2,3117.7,54,5,3117.6,86,6,3117.5,73,4,3118.0,19,1,3118.7,12,1,3118.8,1,1,3118.9,34,12,3119.0,1363,10
2031,2026-06-16 10:33:16+05:30,3118.0,17,3132.01,1028054,126576.0,206679.0,3163.0,3163.0,3108.0,3134.3,31866000,3447.7,2820.9,3839.9,2896.0,3118.0,7,1,3117.9,2,2,3117.8,31,2,3117.7,55,6,3117.6,14,3,3118.7,12,1,3118.8,1,1,3118.9,17,1,3119.0,1275,8,3119.1,63,2
2031,2026-06-16 10:33:17+05:30,3118.0,17,3132.01,1028054,126576.0,206679.0,3163.0,3163.0,3108.0,3134.3,31866000,3447.7,2820.9,3839.9,2896.0,3118.0,7,1,3117.9,2,2,3117.8,31,2,3117.7,55,6,3117.6,14,3,3118.7,12,1,3118.8,1,1,3118.9,17,1,3119.0,1275,8,3119.1,63,2
2031,2026-06-16 10:33:17+05:30,3118.7,10,3132.01,1028064,126749.0,206790.0,3163.0,3163.0,3108.0,3134.3,31866000,3447.7,2820.9,3839.9,2896.0,3118.1,25,1,3118.0,40,2,3117.9,28,3,3117.7,48,5,3117.6,31,3,3118.7,2,1,3118.8,1,1,3118.9,17,1,3119.0,1396,9,3119.1,42,1
2031,2026-06-16 10:33:18+05:30,3118.7,1,3132.01,1028064,126749.0,206790.0,3163.0,3163.0,3108.0,3134.3,31866000,3447.7,2820.9,3839.9,2896.0,3118.1,25,1,3118.0,40,2,3117.9,28,3,3117.7,48,5,3117.6,31,3,3118.7,2,1,3118.8,1,1,3118.9,17,1,3119.0,1396,9,3119.1,42,1
2031,2026-06-16 10:33:18+05:30,3118.7,1,3132.01,1028065,126718.0,206818.0,3163.0,3163.0,3108.0,3134.3,31866000,3447.7,2820.9,3839.9,2896.0,3118.1,25,1,3118.0,40,2,3117.9,28,3,3117.7,48,5,3117.6,31,3,3118.7,20,2,3118.8,1,1,3118.9,17,1,3119.0,1396,9,3119.1,42,1
2031,2026-06-16 10:33:19+05:30,3118.4,39,3132.01,1028065,126718.0,206818.0,3163.0,3163.0,3108.0,3134.3,31866000,3447.7,2820.9,3839.9,2896.0,3118.1,25,1,3118.0,40,2,3117.9,28,3,3117.7,48,5,3117.6,31,3,3118.7,20,2,3118.8,1,1,3118.9,17,1,3119.0,1396,9,3119.1,42,1
2031,2026-06-16 10:33:19+05:30,3118.4,39,3132.01,1028104,126809.0,206062.0,3163.0,3163.0,3108.0,3134.3,31866000,3447.7,2820.9,3839.9,2896.0,3118.4,23,2,3118.1,64,3,3118.0,40,2,3117.9,2,2,3117.8,29,1,3118.7,23,2,3118.8,1,1,3118.9,17,1,3119.0,1396,9,3119.2,5,1
2031,2026-06-16 10:33:20+05:30,3118.4,39,3132.01,1028104,126750.0,205655.0,3163.0,3163.0,3108.0,3134.3,31866000,3447.7,2820.9,3839.9,2896.0,3118.6,23,1,3118.5,2,2,3118.4,2,1,3118.1,38,2,3118.0,40,2,3118.7,23,2,3118.8,1,1,3118.9,17,1,3119.0,1396,9,3119.2,5,1
2031,2026-06-16 10:33:21+05:30,3118.6,139,3132.01,1028104,126750.0,205655.0,3163.0,3163.0,3108.0,3134.3,31866000,3447.7,2820.9,3839.9,2896.0,3118.6,23,1,3118.5,2,2,3118.4,2,1,3118.1,38,2,3118.0,40,2,3118.7,23,2,3118.8,1,1,3118.9,17,1,3119.0,1396,9,3119.2,5,1
2031,2026-06-16 10:33:21+05:30,3118.7,3,3132.0,1028307,127106.0,203804.0,3163.0,3163.0,3108.0,3134.3,31866000,3447.7,2820.9,3839.9,2896.0,3118.6,25,2,3118.5,2,2,3118.4,2,1,3118.1,38,2,3118.0,142,4,3118.7,43,3,3118.8,1,1,3118.9,17,1,3119.0,1396,9,3119.2,5,1
2031,2026-06-16 10:33:22+05:30,3118.7,3,3132.0,1028307,127106.0,203804.0,3163.0,3163.0,3108.0,3134.3,31866000,3447.7,2820.9,3839.9,2896.0,3118.6,25,2,3118.5,2,2,3118.4,2,1,3118.1,38,2,3118.0,142,4,3118.7,43,3,3118.8,1,1,3118.9,17,1,3119.0,1396,9,3119.2,5,1
2031,2026-06-16 10:33:22+05:30,3118.7,3,3132.0,1028307,127077.0,205874.0,3163.0,3163.0,3108.0,3134.3,31866000,3447.7,2820.9,3839.9,2896.0,3118.6,25,2,3118.5,2,2,3118.4,2,1,3118.1,76,4,3118.0,127,3,3118.7,257,5,3118.8,1,1,3118.9,17,1,3119.0,1396,9,3119.2,45,3
2031,2026-06-16 10:33:23+05:30,3118.7,1,3132.0,1028307,127077.0,205874.0,3163.0,3163.0,3108.0,3134.3,31866000,3447.7,2820.9,3839.9,2896.0,3118.6,25,2,3118.5,2,2,3118.4,2,1,3118.1,76,4,3118.0,127,3,3118.7,257,5,3118.8,1,1,3118.9,17,1,3119.0,1396,9,3119.2,45,3
2031,2026-06-16 10:33:23+05:30,3118.7,1,3132.0,1028334,127080.0,205957.0,3163.0,3163.0,3108.0,3134.3,31866000,3447.7,2820.9,3839.9,2896.0,3118.6,25,2,3118.5,2,2,3118.4,24,2,3118.1,52,3,3118.0,101,2,3118.7,256,6,3118.8,1,1,3118.9,17,1,3119.0,1452,10,3119.2,24,2
2031,2026-06-16 10:33:24+05:30,3118.6,8,3132.0,1028625,127025.0,204742.0,3163.0,3163.0,3108.0,3134.3,31866000,3447.7,2820.9,3839.9,2896.0,3118.5,2,2,3118.4,2,1,3118.3,15,1,3118.1,38,2,3118.0,101,2,3118.6,253,1,3118.7,49,3,3118.8,1,1,3118.9,17,1,3119.0,1096,8
2031,2026-06-16 10:33:25+05:30,3118.6,14,3132.0,1028625,127025.0,204742.0,3163.0,3163.0,3108.0,3134.3,31866000,3447.7,2820.9,3839.9,2896.0,3118.5,2,2,3118.4,2,1,3118.3,15,1,3118.1,38,2,3118.0,101,2,3118.6,253,1,3118.7,49,3,3118.8,1,1,3118.9,17,1,3119.0,1096,8
2031,2026-06-16 10:33:25+05:30,3118.4,8,3132.0,1028696,127163.0,204922.0,3163.0,3163.0,3108.0,3134.3,31866000,3447.7,2820.9,3839.9,2896.0,3118.5,37,1,3118.4,2,1,3118.3,15,1,3118.1,38,2,3118.0,101,2,3118.6,280,4,3118.7,25,1,3118.8,1,1,3118.9,17,1,3119.0,975,7
2031,2026-06-16 10:33:26+05:30,3118.4,8,3132.0,1028696,127163.0,204922.0,3163.0,3163.0,3108.0,3134.3,31866000,3447.7,2820.9,3839.9,2896.0,3118.5,37,1,3118.4,2,1,3118.3,15,1,3118.1,38,2,3118.0,101,2,3118.6,280,4,3118.7,25,1,3118.8,1,1,3118.9,17,1,3119.0,975,7
2031,2026-06-16 10:33:26+05:30,3118.4,8,3132.0,1028696,127163.0,204922.0,3163.0,3163.0,3108.0,3134.3,31866000,3447.7,2820.9,3839.9,2896.0,3118.5,37,1,3118.4,2,1,3118.3,15,1,3118.1,38,2,3118.0,101,2,3118.6,280,4,3118.7,25,1,3118.8,1,1,3118.9,17,1,3119.0,975,7
2031,2026-06-16 10:33:27+05:30,3118.5,2,3132.0,1028703,127140.0,205019.0,3163.0,3163.0,3108.0,3134.3,31866000,3447.7,2820.9,3839.9,2896.0,3118.5,36,2,3118.4,2,1,3118.3,15,1,3118.1,38,2,3118.0,101,2,3118.6,275,4,3118.7,25,1,3118.8,1,1,3118.9,17,1,3119.0,975,7
2031,2026-06-16 10:33:27+05:30,3118.5,2,3132.0,1028703,127140.0,205019.0,3163.0,3163.0,3108.0,3134.3,31866000,3447.7,2820.9,3839.9,2896.0,3118.5,36,2,3118.4,2,1,3118.3,15,1,3118.1,38,2,3118.0,101,2,3118.6,275,4,3118.7,25,1,3118.8,1,1,3118.9,17,1,3119.0,975,7
2031,2026-06-16 10:33:28+05:30,3118.6,25,3132.0,1028728,127140.0,205191.0,3163.0,3163.0,3108.0,3134.3,31866000,3447.7,2820.9,3839.9,2896.0,3118.5,36,2,3118.4,2,1,3118.3,15,1,3118.1,38,2,3118.0,101,2,3118.6,329,6,3118.7,25,1,3118.8,1,1,3118.9,17,1,3119.0,975,7
2031,2026-06-16 10:33:28+05:30,3118.6,25,3132.0,1028728,127140.0,205191.0,3163.0,3163.0,3108.0,3134.3,31866000,3447.7,2820.9,3839.9,2896.0,3118.5,36,2,3118.4,2,1,3118.3,15,1,3118.1,38,2,3118.0,101,2,3118.6,329,6,3118.7,25,1,3118.8,1,1,3118.9,17,1,3119.0,975,7
2031,2026-06-16 10:33:28+05:30,3118.6,25,3132.0,1028728,127140.0,205191.0,3163.0,3163.0,3108.0,3134.3,31866000,3447.7,2820.9,3839.9,2896.0,3118.5,36,2,3118.4,2,1,3118.3,15,1,3118.1,38,2,3118.0,101,2,3118.6,329,6,3118.7,25,1,3118.8,1,1,3118.9,17,1,3119.0,975,7
2031,2026-06-16 10:33:29+05:30,3118.6,1,3132.0,1028729,127183.0,204995.0,3163.0,3163.0,3108.0,3134.3,31866000,3447.7,2820.9,3839.9,2896.0,3118.5,36,2,3118.4,2,1,3118.3,15,1,3118.1,38,2,3118.0,101,2,3118.6,328,6,3118.7,25,1,3118.8,1,1,3118.9,17,1,3119.0,975,7
2031,2026-06-16 10:33:29+05:30,3118.6,1,3132.0,1028729,127183.0,204995.0,3163.0,3163.0,3108.0,3134.3,31866000,3447.7,2820.9,3839.9,2896.0,3118.5,36,2,3118.4,2,1,3118.3,15,1,3118.1,38,2,3118.0,101,2,3118.6,328,6,3118.7,25,1,3118.8,1,1,3118.9,17,1,3119.0,975,7
2031,2026-06-16 10:33:30+05:30,3118.6,1,3132.0,1028730,127342.0,205067.0,3163.0,3163.0,3108.0,3134.3,31866000,3447.7,2820.9,3839.9,2896.0,3118.5,45,3,3118.4,2,1,3118.3,15,1,3118.1,38,2,3118.0,101,2,3118.6,355,7,3118.7,25,1,3118.8,1,1,3118.9,17,1,3119.0,975,7
2031,2026-06-16 10:33:30+05:30,3118.6,1,3132.0,1028730,127342.0,205067.0,3163.0,3163.0,3108.0,3134.3,31866000,3447.7,2820.9,3839.9,2896.0,3118.5,45,3,3118.4,2,1,3118.3,15,1,3118.1,38,2,3118.0,101,2,3118.6,355,7,3118.7,25,1,3118.8,1,1,3118.9,17,1,3119.0,975,7
2031,2026-06-16 10:33:30+05:30,3118.6,1,3132.0,1028730,127342.0,205067.0,3163.0,3163.0,3108.0,3134.3,31866000,3447.7,2820.9,3839.9,2896.0,3118.5,45,3,3118.4,2,1,3118.3,15,1,3118.1,38,2,3118.0,101,2,3118.6,355,7,3118.7,25,1,3118.8,1,1,3118.9,17,1,3119.0,975,7
2031,2026-06-16 10:33:31+05:30,3118.6,2,3132.0,1028734,127359.0,205058.0,3163.0,3163.0,3108.0,3134.3,31866000,3447.7,2820.9,3839.9,2896.0,3118.5,46,4,3118.4,2,1,3118.3,15,1,3118.1,38,2,3118.0,101,2,3118.6,351,7,3118.7,25,1,3118.8,1,1,3118.9,17,1,3119.0,975,7
2031,2026-06-16 10:33:31+05:30,3118.6,2,3132.0,1028734,127359.0,205058.0,3163.0,3163.0,3108.0,3134.3,31866000,3447.7,2820.9,3839.9,2896.0,3118.5,46,4,3118.4,2,1,3118.3,15,1,3118.1,38,2,3118.0,101,2,3118.6,351,7,3118.7,25,1,3118.8,1,1,3118.9,17,1,3119.0,975,7
2031,2026-06-16 10:33:32+05:30,3118.6,2,3132.0,1028734,127359.0,205058.0,3163.0,3163.0,3108.0,3134.3,31866000,3447.7,2820.9,3839.9,2896.0,3118.5,46,4,3118.4,2,1,3118.3,15,1,3118.1,38,2,3118.0,101,2,3118.6,351,7,3118.7,25,1,3118.8,1,1,3118.9,17,1,3119.0,975,7
2031,2026-06-16 10:33:32+05:30,3118.6,6,3132.0,1028740,127664.0,203254.0,3163.0,3163.0,3108.0,3134.3,31866000,3447.7,2820.9,3839.9,2896.0,3118.5,46,4,3118.4,25,2,3118.3,15,1,3118.1,38,2,3118.0,201,3,3118.6,345,7,3118.7,25,1,3118.8,1,1,3118.9,17,1,3119.0,975,7
2031,2026-06-16 10:33:32+05:30,3118.5,17,3132.0,1028740,127664.0,203254.0,3163.0,3163.0,3108.0,3134.3,31866000,3447.7,2820.9,3839.9,2896.0,3118.5,46,4,3118.4,25,2,3118.3,15,1,3118.1,38,2,3118.0,201,3,3118.6,345,7,3118.7,25,1,3118.8,1,1,3118.9,17,1,3119.0,975,7
2031,2026-06-16 10:33:33+05:30,3118.5,17,3132.0,1028757,127608.0,206103.0,3163.0,3163.0,3108.0,3134.3,31866000,3447.7,2820.9,3839.9,2896.0,3118.5,29,4,3118.4,25,2,3118.3,15,1,3118.1,38,2,3118.0,201,3,3118.6,346,8,3118.7,25,1,3118.8,1,1,3118.9,17,1,3119.0,1265,8
2031,2026-06-16 10:33:33+05:30,3118.5,17,3132.0,1028757,127608.0,206103.0,3163.0,3163.0,3108.0,3134.3,31866000,3447.7,2820.9,3839.9,2896.0,3118.5,29,4,3118.4,25,2,3118.3,15,1,3118.1,38,2,3118.0,201,3,3118.6,346,8,3118.7,25,1,3118.8,1,1,3118.9,17,1,3119.0,1265,8
2031,2026-06-16 10:33:34+05:30,3118.5,5,3132.0,1028757,127608.0,206103.0,3163.0,3163.0,3108.0,3134.3,31866000,3447.7,2820.9,3839.9,2896.0,3118.5,29,4,3118.4,25,2,3118.3,15,1,3118.1,38,2,3118.0,201,3,3118.6,346,8,3118.7,25,1,3118.8,1,1,3118.9,17,1,3119.0,1265,8
2031,2026-06-16 10:33:34+05:30,3118.5,5,3132.0,1029013,127604.0,203219.0,3163.0,3163.0,3108.0,3134.3,31866000,3447.7,2820.9,3839.9,2896.0,3118.5,24,4,3118.4,2,1,3118.3,15,1,3118.1,38,2,3118.0,201,3,3118.6,63,3,3118.7,25,1,3118.8,1,1,3118.9,17,1,3119.0,1265,8
2031,2026-06-16 10:33:35+05:30,3118.5,3,3132.0,1029013,127604.0,203219.0,3163.0,3163.0,3108.0,3134.3,31866000,3447.7,2820.9,3839.9,2896.0,3118.5,24,4,3118.4,2,1,3118.3,15,1,3118.1,38,2,3118.0,201,3,3118.6,63,3,3118.7,25,1,3118.8,1,1,3118.9,17,1,3119.0,1265,8
2031,2026-06-16 10:33:35+05:30,3118.5,3,3132.0,1029013,127604.0,203219.0,3163.0,3163.0,3108.0,3134.3,31866000,3447.7,2820.9,3839.9,2896.0,3118.5,24,4,3118.4,2,1,3118.3,15,1,3118.1,38,2,3118.0,201,3,3118.6,63,3,3118.7,25,1,3118.8,1,1,3118.9,17,1,3119.0,1265,8
2031,2026-06-16 10:33:35+05:30,3118.5,6,3132.0,1029036,128385.0,205036.0,3163.0,3163.0,3108.0,3134.3,31866000,3447.7,2820.9,3839.9,2896.0,3118.5,11,3,3118.4,2,1,3118.3,15,1,3118.1,38,2,3118.0,201,3,3118.6,83,4,3118.7,25,1,3118.8,1,1,3118.9,17,1,3119.0,1265,8
2031,2026-06-16 10:33:36+05:30,3118.6,1,3132.0,1029036,128385.0,205036.0,3163.0,3163.0,3108.0,3134.3,31866000,3447.7,2820.9,3839.9,2896.0,3118.5,11,3,3118.4,2,1,3118.3,15,1,3118.1,38,2,3118.0,201,3,3118.6,83,4,3118.7,25,1,3118.8,1,1,3118.9,17,1,3119.0,1265,8
2031,2026-06-16 10:33:36+05:30,3118.6,1,3131.99,1029084,128702.0,204954.0,3163.0,3163.0,3108.0,3134.3,31866000,3447.7,2820.9,3839.9,2896.0,3118.5,10,3,3118.4,2,1,3118.3,15,1,3118.1,49,3,3118.0,227,4,3118.6,82,4,3118.7,25,1,3118.8,1,1,3118.9,17,1,3119.0,1265,8
2031,2026-06-16 10:33:36+05:30,3118.6,1,3131.99,1029084,128702.0,204954.0,3163.0,3163.0,3108.0,3134.3,31866000,3447.7,2820.9,3839.9,2896.0,3118.5,10,3,3118.4,2,1,3118.3,15,1,3118.1,49,3,3118.0,227,4,3118.6,82,4,3118.7,25,1,3118.8,1,1,3118.9,17,1,3119.0,1265,8
2031,2026-06-16 10:33:37+05:30,3118.5,1,3131.99,1029084,128702.0,204954.0,3163.0,3163.0,3108.0,3134.3,31866000,3447.7,2820.9,3839.9,2896.0,3118.5,10,3,3118.4,2,1,3118.3,15,1,3118.1,49,3,3118.0,227,4,3118.6,82,4,3118.7,25,1,3118.8,1,1,3118.9,17,1,3119.0,1265,8
2031,2026-06-16 10:33:37+05:30,3118.5,1,3131.99,1029084,128702.0,204954.0,3163.0,3163.0,3108.0,3134.3,31866000,3447.7,2820.9,3839.9,2896.0,3118.5,10,3,3118.4,2,1,3118.3,15,1,3118.1,49,3,3118.0,227,4,3118.6,82,4,3118.7,25,1,3118.8,1,1,3118.9,17,1,3119.0,1265,8
2031,2026-06-16 10:33:37+05:30,3118.5,1,3131.99,1029085,128999.0,204861.0,3163.0,3163.0,3108.0,3134.3,31866000,3447.7,2820.9,3839.9,2896.0,3118.5,14,4,3118.4,2,1,3118.3,45,3,3118.1,75,4,3118.0,276,5,3118.6,117,4,3118.7,25,1,3118.8,1,1,3118.9,17,1,3119.0,1265,8
2031,2026-06-16 10:33:37+05:30,3118.5,1,3131.99,1029085,128999.0,204861.0,3163.0,3163.0,3108.0,3134.3,31866000,3447.7,2820.9,3839.9,2896.0,3118.5,14,4,3118.4,2,1,3118.3,45,3,3118.1,75,4,3118.0,276,5,3118.6,117,4,3118.7,25,1,3118.8,1,1,3118.9,17,1,3119.0,1265,8
2031,2026-06-16 10:33:38+05:30,3118.5,1,3131.99,1029085,128999.0,204861.0,3163.0,3163.0,3108.0,3134.3,31866000,3447.7,2820.9,3839.9,2896.0,3118.5,14,4,3118.4,2,1,3118.3,45,3,3118.1,75,4,3118.0,276,5,3118.6,117,4,3118.7,25,1,3118.8,1,1,3118.9,17,1,3119.0,1265,8
2031,2026-06-16 10:33:38+05:30,3118.5,1,3131.99,1029085,128808.0,204946.0,3163.0,3163.0,3108.0,3134.3,31866000,3447.7,2820.9,3839.9,2896.0,3118.5,14,4,3118.4,2,1,3118.3,15,1,3118.1,49,3,3118.0,283,5,3118.6,117,4,3118.7,25,1,3118.8,1,1,3118.9,17,1,3119.0,1265,8
2031,2026-06-16 10:33:38+05:30,3118.5,1,3131.99,1029085,128808.0,204946.0,3163.0,3163.0,3108.0,3134.3,31866000,3447.7,2820.9,3839.9,2896.0,3118.5,14,4,3118.4,2,1,3118.3,15,1,3118.1,49,3,3118.0,283,5,3118.6,117,4,3118.7,25,1,3118.8,1,1,3118.9,17,1,3119.0,1265,8
2031,2026-06-16 10:33:39+05:30,3118.6,1,3131.99,1029085,128808.0,204946.0,3163.0,3163.0,3108.0,3134.3,31866000,3447.7,2820.9,3839.9,2896.0,3118.5,14,4,3118.4,2,1,3118.3,15,1,3118.1,49,3,3118.0,283,5,3118.6,117,4,3118.7,25,1,3118.8,1,1,3118.9,17,1,3119.0,1265,8
2031,2026-06-16 10:33:39+05:30,3118.6,5,3131.99,1029091,128815.0,205166.0,3163.0,3163.0,3108.0,3134.3,31866000,3447.7,2820.9,3839.9,2896.0,3118.5,14,4,3118.4,2,1,3118.3,15,1,3118.1,38,2,3118.0,309,6,3118.6,111,4,3118.7,25,1,3118.8,1,1,3118.9,17,1,3119.0,1265,8
2031,2026-06-16 10:33:39+05:30,3118.6,5,3131.99,1029091,128815.0,205166.0,3163.0,3163.0,3108.0,3134.3,31866000,3447.7,2820.9,3839.9,2896.0,3118.5,14,4,3118.4,2,1,3118.3,15,1,3118.1,38,2,3118.0,309,6,3118.6,111,4,3118.7,25,1,3118.8,1,1,3118.9,17,1,3119.0,1265,8
2031,2026-06-16 10:33:40+05:30,3118.6,5,3131.99,1029091,128815.0,205166.0,3163.0,3163.0,3108.0,3134.3,31866000,3447.7,2820.9,3839.9,2896.0,3118.5,14,4,3118.4,2,1,3118.3,15,1,3118.1,38,2,3118.0,309,6,3118.6,111,4,3118.7,25,1,3118.8,1,1,3118.9,17,1,3119.0,1265,8
2031,2026-06-16 10:33:40+05:30,3118.6,1,3131.99,1029095,128839.0,205186.0,3163.0,3163.0,3108.0,3134.3,31866000,3447.7,2820.9,3839.9,2896.0,3118.5,13,3,3118.4,27,2,3118.3,15,1,3118.1,38,2,3118.0,227,4,3118.6,107,4,3118.7,25,1,3118.8,1,1,3118.9,17,1,3119.0,1265,8
2031,2026-06-16 10:33:40+05:30,3118.6,1,3131.99,1029095,128839.0,205186.0,3163.0,3163.0,3108.0,3134.3,31866000,3447.7,2820.9,3839.9,2896.0,3118.5,13,3,3118.4,27,2,3118.3,15,1,3118.1,38,2,3118.0,227,4,3118.6,107,4,3118.7,25,1,3118.8,1,1,3118.9,17,1,3119.0,1265,8
2031,2026-06-16 10:33:41+05:30,3118.6,1,3131.99,1029095,128839.0,205186.0,3163.0,3163.0,3108.0,3134.3,31866000,3447.7,2820.9,3839.9,2896.0,3118.5,13,3,3118.4,27,2,3118.3,15,1,3118.1,38,2,3118.0,227,4,3118.6,107,4,3118.7,25,1,3118.8,1,1,3118.9,17,1,3119.0,1265,8
2031,2026-06-16 10:33:41+05:30,3118.6,1,3131.99,1029095,128839.0,205186.0,3163.0,3163.0,3108.0,3134.3,31866000,3447.7,2820.9,3839.9,2896.0,3118.5,13,3,3118.4,27,2,3118.3,15,1,3118.1,38,2,3118.0,227,4,3118.6,107,4,3118.7,25,1,3118.8,1,1,3118.9,17,1,3119.0,1265,8
2031,2026-06-16 10:33:41+05:30,3118.6,10,3131.99,1029105,128867.0,205173.0,3163.0,3163.0,3108.0,3134.3,31866000,3447.7,2820.9,3839.9,2896.0,3118.5,14,4,3118.4,28,3,3118.3,41,2,3118.1,38,2,3118.0,253,5,3118.6,97,4,3118.7,25,1,3118.8,1,1,3118.9,17,1,3119.0,1265,8
2031,2026-06-16 10:33:42+05:30,3118.5,3,3131.99,1029105,128867.0,205173.0,3163.0,3163.0,3108.0,3134.3,31866000,3447.7,2820.9,3839.9,2896.0,3118.5,14,4,3118.4,28,3,3118.3,41,2,3118.1,38,2,3118.0,253,5,3118.6,97,4,3118.7,25,1,3118.8,1,1,3118.9,17,1,3119.0,1265,8
2031,2026-06-16 10:33:42+05:30,3118.5,3,3131.99,1029105,128867.0,205173.0,3163.0,3163.0,3108.0,3134.3,31866000,3447.7,2820.9,3839.9,2896.0,3118.5,14,4,3118.4,28,3,3118.3,41,2,3118.1,38,2,3118.0,253,5,3118.6,97,4,3118.7,25,1,3118.8,1,1,3118.9,17,1,3119.0,1265,8
2031,2026-06-16 10:33:42+05:30,3118.5,4,3131.99,1029119,128598.0,205489.0,3163.0,3163.0,3108.0,3134.3,31866000,3447.7,2820.9,3839.9,2896.0,3118.5,14,4,3118.4,28,3,3118.3,15,1,3118.1,38,2,3118.0,201,3,3118.6,152,6,3118.7,44,2,3118.8,1,1,3118.9,17,1,3119.0,1284,9
2031,2026-06-16 10:33:43+05:30,3118.5,4,3131.99,1029119,128598.0,205489.0,3163.0,3163.0,3108.0,3134.3,31866000,3447.7,2820.9,3839.9,2896.0,3118.5,14,4,3118.4,28,3,3118.3,15,1,3118.1,38,2,3118.0,201,3,3118.6,152,6,3118.7,44,2,3118.8,1,1,3118.9,17,1,3119.0,1284,9
2031,2026-06-16 10:33:43+05:30,3118.5,4,3131.99,1029119,128598.0,205489.0,3163.0,3163.0,3108.0,3134.3,31866000,3447.7,2820.9,3839.9,2896.0,3118.5,14,4,3118.4,28,3,3118.3,15,1,3118.1,38,2,3118.0,201,3,3118.6,152,6,3118.7,44,2,3118.8,1,1,3118.9,17,1,3119.0,1284,9
2031,2026-06-16 10:33:43+05:30,3118.6,52,3131.99,1029360,128199.0,204901.0,3163.0,3163.0,3108.0,3134.3,31866000,3447.7,2820.9,3839.9,2896.0,3118.5,14,4,3118.4,3,2,3118.3,15,1,3118.1,38,2,3118.0,201,3,3118.6,38,2,3118.7,25,1,3118.8,40,2,3118.9,51,2,3119.0,1309,11
2031,2026-06-16 10:33:43+05:30,3118.6,52,3131.99,1029360,128199.0,204901.0,3163.0,3163.0,3108.0,3134.3,31866000,3447.7,2820.9,3839.9,2896.0,3118.5,14,4,3118.4,3,2,3118.3,15,1,3118.1,38,2,3118.0,201,3,3118.6,38,2,3118.7,25,1,3118.8,40,2,3118.9,51,2,3119.0,1309,11
2031,2026-06-16 10:33:44+05:30,3118.5,5,3131.99,1029360,128199.0,204901.0,3163.0,3163.0,3108.0,3134.3,31866000,3447.7,2820.9,3839.9,2896.0,3118.5,14,4,3118.4,3,2,3118.3,15,1,3118.1,38,2,3118.0,201,3,3118.6,38,2,3118.7,25,1,3118.8,40,2,3118.9,51,2,3119.0,1309,11
2031,2026-06-16 10:33:44+05:30,3118.6,1,3131.99,1029386,128165.0,205503.0,3163.0,3163.0,3108.0,3134.3,31866000,3447.7,2820.9,3839.9,2896.0,3118.5,7,2,3118.4,3,2,3118.3,15,1,3118.1,38,2,3118.0,201,3,3118.6,37,2,3118.7,25,1,3118.8,1,1,3118.9,17,1,3119.0,1290,10
2031,2026-06-16 10:33:44+05:30,3118.6,1,3131.99,1029386,128165.0,205503.0,3163.0,3163.0,3108.0,3134.3,31868000,3447.7,2820.9,3839.9,2896.0,3118.5,7,2,3118.4,3,2,3118.3,15,1,3118.1,38,2,3118.0,201,3,3118.6,37,2,3118.7,25,1,3118.8,1,1,3118.9,17,1,3119.0,1290,10
2031,2026-06-16 10:33:45+05:30,3118.5,3,3131.99,1029386,128165.0,205503.0,3163.0,3163.0,3108.0,3134.3,31868000,3447.7,2820.9,3839.9,2896.0,3118.5,7,2,3118.4,3,2,3118.3,15,1,3118.1,38,2,3118.0,201,3,3118.6,37,2,3118.7,25,1,3118.8,1,1,3118.9,17,1,3119.0,1290,10
2031,2026-06-16 10:33:45+05:30,3118.6,6,3131.99,1029433,128537.0,205263.0,3163.0,3163.0,3108.0,3134.3,31868000,3447.7,2820.9,3839.9,2896.0,3118.5,40,3,3118.4,3,2,3118.3,15,1,3118.2,26,1,3118.1,38,2,3118.7,25,1,3118.8,1,1,3118.9,17,1,3119.0,1275,9,3119.2,5,1
2031,2026-06-16 10:33:46+05:30,3118.6,6,3131.99,1029433,128537.0,205263.0,3163.0,3163.0,3108.0,3134.3,31868000,3447.7,2820.9,3839.9,2896.0,3118.5,40,3,3118.4,3,2,3118.3,15,1,3118.2,26,1,3118.1,38,2,3118.7,25,1,3118.8,1,1,3118.9,17,1,3119.0,1275,9,3119.2,5,1
2031,2026-06-16 10:33:46+05:30,3118.6,15,3131.99,1029448,128542.0,205623.0,3163.0,3163.0,3108.0,3134.3,31868000,3447.7,2820.9,3839.9,2896.0,3118.6,4,1,3118.5,40,3,3118.4,3,2,3118.3,41,2,3118.1,38,2,3118.7,25,1,3118.8,20,2,3118.9,17,1,3119.0,1396,10,3119.2,5,1
2031,2026-06-16 10:33:47+05:30,3118.6,15,3131.99,1029448,128542.0,205623.0,3163.0,3163.0,3108.0,3134.3,31868000,3447.7,2820.9,3839.9,2896.0,3118.6,4,1,3118.5,40,3,3118.4,3,2,3118.3,41,2,3118.1,38,2,3118.7,25,1,3118.8,20,2,3118.9,17,1,3119.0,1396,10,3119.2,5,1
2031,2026-06-16 10:33:47+05:30,3118.6,15,3131.99,1029448,128740.0,205631.0,3163.0,3163.0,3108.0,3134.3,31868000,3447.7,2820.9,3839.9,2896.0,3118.6,90,3,3118.5,41,4,3118.4,3,2,3118.3,15,1,3118.1,64,3,3118.7,54,4,3118.8,20,2,3118.9,17,1,3119.0,1396,10,3119.2,5,1
2031,2026-06-16 10:33:48+05:30,3118.7,1,3131.99,1029499,128590.0,205463.0,3163.0,3163.0,3108.0,3134.3,31868000,3447.7,2820.9,3839.9,2896.0,3118.6,44,3,3118.5,41,4,3118.4,3,2,3118.3,15,1,3118.1,38,2,3118.7,53,4,3118.8,20,2,3118.9,17,1,3119.0,1396,10,3119.2,24,2
2031,2026-06-16 10:33:49+05:30,3118.7,1,3131.99,1029499,128590.0,205463.0,3163.0,3163.0,3108.0,3134.3,31868000,3447.7,2820.9,3839.9,2896.0,3118.6,44,3,3118.5,41,4,3118.4,3,2,3118.3,15,1,3118.1,38,2,3118.7,53,4,3118.8,20,2,3118.9,17,1,3119.0,1396,10,3119.2,24,2
2031,2026-06-16 10:33:49+05:30,3118.7,1,3131.99,1029500,128605.0,205465.0,3163.0,3163.0,3108.0,3134.3,31868000,3447.7,2820.9,3839.9,2896.0,3118.6,44,3,3118.5,36,3,3118.4,27,3,3118.3,15,1,3118.1,38,2,3118.7,53,5,3118.8,20,2,3118.9,17,1,3119.0,1396,10,3119.2,24,2
2031,2026-06-16 10:33:50+05:30,3118.7,1,3131.99,1029500,128605.0,205465.0,3163.0,3163.0,3108.0,3134.3,31868000,3447.7,2820.9,3839.9,2896.0,3118.6,44,3,3118.5,36,3,3118.4,27,3,3118.3,15,1,3118.1,38,2,3118.7,53,5,3118.8,20,2,3118.9,17,1,3119.0,1396,10,3119.2,24,2
2031,2026-06-16 10:33:50+05:30,3118.7,1,3131.99,1029500,128618.0,205479.0,3163.0,3163.0,3108.0,3134.3,31868000,3447.7,2820.9,3839.9,2896.0,3118.6,69,4,3118.5,36,3,3118.4,3,2,3118.3,15,1,3118.1,38,2,3118.7,53,5,3118.8,20,2,3118.9,17,1,3119.0,1396,10,3119.2,24,2
2031,2026-06-16 10:33:51+05:30,3118.7,2,3131.99,1029502,128689.0,203523.0,3163.0,3163.0,3108.0,3134.3,31868000,3447.7,2820.9,3839.9,2896.0,3118.6,69,4,3118.5,36,3,3118.4,3,2,3118.3,15,1,3118.1,38,2,3118.7,51,5,3118.8,20,2,3118.9,17,1,3119.0,1396,10,3119.2,24,2
2031,2026-06-16 10:33:52+05:30,3118.7,2,3131.99,1029502,128689.0,203523.0,3163.0,3163.0,3108.0,3134.3,31868000,3447.7,2820.9,3839.9,2896.0,3118.6,69,4,3118.5,36,3,3118.4,3,2,3118.3,15,1,3118.1,38,2,3118.7,51,5,3118.8,20,2,3118.9,17,1,3119.0,1396,10,3119.2,24,2
2031,2026-06-16 10:33:52+05:30,3118.6,3,3131.99,1029549,128819.0,205551.0,3163.0,3163.0,3108.0,3134.3,31868000,3447.7,2820.9,3839.9,2896.0,3118.6,86,4,3118.5,36,3,3118.4,3,2,3118.3,15,1,3118.1,38,2,3118.7,51,5,3118.8,20,2,3118.9,17,1,3119.0,1396,10,3119.2,5,1
2031,2026-06-16 10:33:53+05:30,3118.7,33,3131.99,1029549,128819.0,205551.0,3163.0,3163.0,3108.0,3134.3,31868000,3447.7,2820.9,3839.9,2896.0,3118.6,86,4,3118.5,36,3,3118.4,3,2,3118.3,15,1,3118.1,38,2,3118.7,51,5,3118.8,20,2,3118.9,17,1,3119.0,1396,10,3119.2,5,1
2031,2026-06-16 10:33:53+05:30,3118.7,33,3131.99,1029633,128825.0,205505.0,3163.0,3163.0,3108.0,3134.3,31868000,3447.7,2820.9,3839.9,2896.0,3118.6,88,4,3118.5,36,3,3118.4,3,2,3118.3,15,1,3118.1,38,2,3118.8,20,2,3118.9,17,1,3119.0,1426,11,3119.2,5,1,3119.4,74,3
2031,2026-06-16 10:33:54+05:30,3118.9,1,3131.99,1029654,128976.0,205339.0,3163.0,3163.0,3108.0,3134.3,31868000,3447.7,2820.9,3839.9,2896.0,3118.6,84,3,3118.5,36,3,3118.4,3,2,3118.3,15,1,3118.2,26,1,3118.9,16,1,3119.0,1426,11,3119.2,5,1,3119.5,177,3,3119.6,262,4
2031,2026-06-16 10:33:55+05:30,3118.9,21,3131.99,1029654,128976.0,205339.0,3163.0,3163.0,3108.0,3134.3,31868000,3447.7,2820.9,3839.9,2896.0,3118.6,84,3,3118.5,36,3,3118.4,3,2,3118.3,15,1,3118.2,26,1,3118.9,16,1,3119.0,1426,11,3119.2,5,1,3119.5,177,3,3119.6,262,4
2031,2026-06-16 10:33:56+05:30,3119.0,1,3131.99,1029701,129247.0,205701.0,3163.0,3163.0,3108.0,3134.3,31868000,3447.7,2820.9,3839.9,2896.0,3118.6,92,5,3118.5,35,2,3118.4,29,3,3118.3,53,2,3118.2,46,2,3119.0,1419,11,3119.2,5,1,3119.5,142,2,3119.6,30,2,3119.7,22,2
2031,2026-06-16 10:33:56+05:30,3119.0,1,3131.99,1029701,129247.0,205701.0,3163.0,3163.0,3108.0,3134.3,31868000,3447.7,2820.9,3839.9,2896.0,3118.6,92,5,3118.5,35,2,3118.4,29,3,3118.3,53,2,3118.2,46,2,3119.0,1419,11,3119.2,5,1,3119.5,142,2,3119.6,30,2,3119.7,22,2
2031,2026-06-16 10:33:57+05:30,3119.0,1,3131.99,1029701,129086.0,203847.0,3163.0,3163.0,3108.0,3134.3,31868000,3447.7,2820.9,3839.9,2896.0,3118.6,92,5,3118.5,35,2,3118.4,29,3,3118.3,15,1,3118.2,26,1,3119.0,1460,12,3119.2,5,1,3119.5,163,3,3119.6,30,2,3119.7,57,2
2031,2026-06-16 10:33:58+05:30,3119.0,1,3131.99,1029701,129109.0,205909.0,3163.0,3163.0,3108.0,3134.3,31868000,3447.7,2820.9,3839.9,2896.0,3118.8,22,1,3118.6,68,4,3118.5,35,2,3118.4,29,3,3118.3,15,1,3119.0,1460,12,3119.2,5,1,3119.5,163,3,3119.6,30,2,3119.7,91,3
2031,2026-06-16 10:33:59+05:30,3119.0,15,3131.99,1029716,128721.0,205708.0,3163.0,3163.0,3108.0,3134.3,31868000,3447.7,2820.9,3839.9,2896.0,3118.8,23,2,3118.6,68,4,3118.5,35,2,3118.4,29,3,3118.3,15,1,3119.0,1445,12,3119.2,5,1,3119.5,198,3,3119.6,51,3,3119.7,57,2
2031,2026-06-16 10:33:59+05:30,3119.0,15,3131.99,1029716,128721.0,205708.0,3163.0,3163.0,3108.0,3134.3,31868000,3447.7,2820.9,3839.9,2896.0,3118.8,23,2,3118.6,68,4,3118.5,35,2,3118.4,29,3,3118.3,15,1,3119.0,1445,12,3119.2,5,1,3119.5,198,3,3119.6,51,3,3119.7,57,2
2031,2026-06-16 10:34:00+05:30,3119.0,15,3131.99,1029716,128678.0,205775.0,3163.0,3163.0,3108.0,3134.3,31868000,3447.7,2820.9,3839.9,2896.0,3118.8,31,3,3118.6,68,4,3118.5,35,2,3118.4,29,3,3118.3,15,1,3119.0,1446,13,3119.2,5,1,3119.5,198,3,3119.6,72,4,3119.7,57,2
2031,2026-06-16 10:34:01+05:30,3119.0,1,3131.99,1029716,128678.0,205775.0,3163.0,3163.0,3108.0,3134.3,31868000,3447.7,2820.9,3839.9,2896.0,3118.8,31,3,3118.6,68,4,3118.5,35,2,3118.4,29,3,3118.3,15,1,3119.0,1446,13,3119.2,5,1,3119.5,198,3,3119.6,72,4,3119.7,57,2
2031,2026-06-16 10:34:01+05:30,3119.0,1,3131.98,1029994,128682.0,205318.0,3163.0,3163.0,3108.0,3134.3,31868000,3447.7,2820.9,3839.9,2896.0,3118.9,2,2,3118.8,10,3,3118.7,16,1,3118.6,94,5,3118.5,35,2,3119.0,1182,12,3119.2,5,1,3119.5,142,2,3119.6,32,2,3119.7,1,1
2031,2026-06-16 10:34:02+05:30,3119.0,1,3131.98,1029994,128682.0,205318.0,3163.0,3163.0,3108.0,3134.3,31868000,3447.7,2820.9,3839.9,2896.0,3118.9,2,2,3118.8,10,3,3118.7,16,1,3118.6,94,5,3118.5,35,2,3119.0,1182,12,3119.2,5,1,3119.5,142,2,3119.6,32,2,3119.7,1,1
2031,2026-06-16 10:34:02+05:30,3119.0,1,3131.98,1030039,128675.0,205307.0,3163.0,3163.0,3108.0,3134.3,31868000,3447.7,2820.9,3839.9,2896.0,3118.8,10,3,3118.7,16,1,3118.6,68,4,3118.5,35,2,3118.4,3,2,3119.0,1178,12,3119.2,5,1,3119.5,163,3,3119.6,32,2,3119.7,74,3
2031,2026-06-16 10:34:03+05:30,3119.0,1,3131.98,1030039,128695.0,205064.0,3163.0,3163.0,3108.0,3134.3,31868000,3447.7,2820.9,3839.9,2896.0,3118.8,35,4,3118.7,16,1,3118.6,68,4,3118.5,35,2,3118.4,3,2,3119.0,1178,12,3119.2,5,1,3119.3,19,1,3119.4,18,1,3119.5,197,4
2031,2026-06-16 10:34:04+05:30,3119.0,1,3131.98,1030039,128719.0,205101.0,3163.0,3163.0,3108.0,3134.3,31868000,3447.7,2820.9,3839.9,2896.0,3118.8,75,5,3118.7,16,1,3118.6,68,4,3118.5,35,2,3118.4,3,2,3119.0,1211,13,3119.2,5,1,3119.3,19,1,3119.4,18,1,3119.5,197,4
2031,2026-06-16 10:34:05+05:30,3118.8,10,3131.98,1030039,128719.0,205101.0,3163.0,3163.0,3108.0,3134.3,31868000,3447.7,2820.9,3839.9,2896.0,3118.8,75,5,3118.7,16,1,3118.6,68,4,3118.5,35,2,3118.4,3,2,3119.0,1211,13,3119.2,5,1,3119.3,19,1,3119.4,18,1,3119.5,197,4
2031,2026-06-16 10:34:05+05:30,3118.8,7,3131.98,1030246,128655.0,205697.0,3163.0,3163.0,3108.0,3134.3,31868000,3447.7,2820.9,3839.9,2896.0,3118.8,18,4,3118.7,16,1,3118.6,63,3,3118.5,35,2,3118.4,3,2,3119.0,1211,13,3119.2,24,2,3119.4,53,2,3119.5,217,4,3119.6,264,4
2031,2026-06-16 10:34:06+05:30,3118.9,5,3131.98,1030246,128655.0,205697.0,3163.0,3163.0,3108.0,3134.3,31868000,3447.7,2820.9,3839.9,2896.0,3118.8,18,4,3118.7,16,1,3118.6,63,3,3118.5,35,2,3118.4,3,2,3119.0,1211,13,3119.2,24,2,3119.4,53,2,3119.5,217,4,3119.6,264,4
2031,2026-06-16 10:34:06+05:30,3118.9,5,3131.98,1030252,128660.0,205642.0,3163.0,3163.0,3108.0,3134.3,31868000,3447.7,2820.9,3839.9,2896.0,3118.8,18,4,3118.7,16,1,3118.6,63,3,3118.5,35,2,3118.4,3,2,3118.9,32,1,3119.0,1211,13,3119.2,24,2,3119.3,34,1,3119.4,19,1
2031,2026-06-16 10:34:07+05:30,3118.8,14,3131.98,1030252,128660.0,205642.0,3163.0,3163.0,3108.0,3134.3,31868000,3447.7,2820.9,3839.9,2896.0,3118.8,18,4,3118.7,16,1,3118.6,63,3,3118.5,35,2,3118.4,3,2,3118.9,32,1,3119.0,1211,13,3119.2,24,2,3119.3,34,1,3119.4,19,1
2031,2026-06-16 10:34:07+05:30,3118.8,14,3131.98,1030284,128669.0,205642.0,3163.0,3163.0,3108.0,3134.3,31868000,3447.7,2820.9,3839.9,2896.0,3118.8,21,4,3118.7,16,1,3118.6,63,3,3118.5,35,2,3118.4,3,2,3118.9,32,1,3119.0,1211,13,3119.2,24,2,3119.4,19,1,3119.5,175,3
2031,2026-06-16 10:34:08+05:30,3118.8,5,3131.98,1030284,128669.0,205642.0,3163.0,3163.0,3108.0,3134.3,31868000,3447.7,2820.9,3839.9,2896.0,3118.8,21,4,3118.7,16,1,3118.6,63,3,3118.5,35,2,3118.4,3,2,3118.9,32,1,3119.0,1211,13,3119.2,24,2,3119.4,19,1,3119.5,175,3
2031,2026-06-16 10:34:08+05:30,3118.8,5,3131.98,1030289,128656.0,205623.0,3163.0,3163.0,3108.0,3134.3,31868000,3447.7,2820.9,3839.9,2896.0,3118.8,14,4,3118.7,16,1,3118.6,63,3,3118.5,35,2,3118.4,3,2,3118.9,60,3,3119.0,1210,12,3119.2,24,2,3119.3,49,2,3119.4,19,1
2031,2026-06-16 10:34:09+05:30,3118.9,1,3131.98,1030289,128656.0,205623.0,3163.0,3163.0,3108.0,3134.3,31868000,3447.7,2820.9,3839.9,2896.0,3118.8,14,4,3118.7,16,1,3118.6,63,3,3118.5,35,2,3118.4,3,2,3118.9,60,3,3119.0,1210,12,3119.2,24,2,3119.3,49,2,3119.4,19,1
2031,2026-06-16 10:34:09+05:30,3118.9,1,3131.98,1030349,128911.0,205403.0,3163.0,3163.0,3108.0,3134.3,31868000,3447.7,2820.9,3839.9,2896.0,3118.9,12,1,3118.8,18,5,3118.7,50,1,3118.6,63,3,3118.5,35,2,3119.0,1169,11,3119.2,5,1,3119.3,20,1,3119.5,120,2,3119.6,230,3
2031,2026-06-16 10:34:10+05:30,3118.9,1,3131.98,1030349,128911.0,205403.0,3163.0,3163.0,3108.0,3134.3,31868000,3447.7,2820.9,3839.9,2896.0,3118.9,12,1,3118.8,18,5,3118.7,50,1,3118.6,63,3,3118.5,35,2,3119.0,1169,11,3119.2,5,1,3119.3,20,1,3119.5,120,2,3119.6,230,3
2031,2026-06-16 10:34:10+05:30,3119.0,2,3131.98,1030351,128914.0,205613.0,3163.0,3163.0,3108.0,3134.3,31868000,3447.7,2820.9,3839.9,2896.0,3118.9,1,1,3118.8,17,4,3118.7,65,2,3118.6,63,3,3118.5,35,2,3119.0,1224,12,3119.2,5,1,3119.3,20,1,3119.5,156,3,3119.6,264,4
2031,2026-06-16 10:34:11+05:30,3119.0,50,3131.98,1030351,128914.0,205613.0,3163.0,3163.0,3108.0,3134.3,31868000,3447.7,2820.9,3839.9,2896.0,3118.9,1,1,3118.8,17,4,3118.7,65,2,3118.6,63,3,3118.5,35,2,3119.0,1224,12,3119.2,5,1,3119.3,20,1,3119.5,156,3,3119.6,264,4
2031,2026-06-16 10:34:11+05:30,3119.0,50,3131.98,1030402,128920.0,205576.0,3163.0,3163.0,3108.0,3134.3,31868000,3447.7,2820.9,3839.9,2896.0,3118.9,1,1,3118.8,17,4,3118.7,65,2,3118.6,63,3,3118.5,35,2,3119.0,1173,12,3119.2,5,1,3119.3,20,1,3119.5,156,3,3119.6,264,4
2031,2026-06-16 10:34:12+05:30,3119.0,6,3131.98,1030402,128920.0,205576.0,3163.0,3163.0,3108.0,3134.3,31868000,3447.7,2820.9,3839.9,2896.0,3118.9,1,1,3118.8,17,4,3118.7,65,2,3118.6,63,3,3118.5,35,2,3119.0,1173,12,3119.2,5,1,3119.3,20,1,3119.5,156,3,3119.6,264,4
2031,2026-06-16 10:34:12+05:30,3119.0,6,3131.97,1030626,128973.0,204977.0,3163.0,3163.0,3108.0,3134.3,31868000,3447.7,2820.9,3839.9,2896.0,3118.9,1,1,3118.8,12,4,3118.7,65,2,3118.6,63,3,3118.5,71,4,3119.0,960,12,3119.2,5,1,3119.3,20,1,3119.5,136,2,3119.6,30,2
2031,2026-06-16 10:34:13+05:30,3118.9,1,3131.97,1030626,128973.0,204977.0,3163.0,3163.0,3108.0,3134.3,31868000,3447.7,2820.9,3839.9,2896.0,3118.9,1,1,3118.8,12,4,3118.7,65,2,3118.6,63,3,3118.5,71,4,3119.0,960,12,3119.2,5,1,3119.3,20,1,3119.5,136,2,3119.6,30,2
2031,2026-06-16 10:34:13+05:30,3118.9,3,3131.97,1030630,128993.0,204952.0,3163.0,3163.0,3108.0,3134.3,31868000,3447.7,2820.9,3839.9,2896.0,3118.8,15,5,3118.7,65,2,3118.6,88,4,3118.5,35,2,3118.4,28,3,3118.9,21,1,3119.0,970,14,3119.2,5,1,3119.3,20,1,3119.5,136,2
2031,2026-06-16 10:34:14+05:30,3118.9,3,3131.97,1030630,128993.0,204952.0,3163.0,3163.0,3108.0,3134.3,31868000,3447.7,2820.9,3839.9,2896.0,3118.8,15,5,3118.7,65,2,3118.6,88,4,3118.5,35,2,3118.4,28,3,3118.9,21,1,3119.0,970,14,3119.2,5,1,3119.3,20,1,3119.5,136,2
2031,2026-06-16 10:34:14+05:30,3118.8,3,3131.97,1030675,128769.0,204982.0,3163.0,3163.0,3108.0,3134.3,31868000,3447.7,2820.9,3839.9,2896.0,3118.8,30,4,3118.7,65,2,3118.6,63,3,3118.5,35,2,3118.4,3,2,3118.9,21,1,3119.0,937,13,3119.2,5,1,3119.3,20,1,3119.5,100,1
2031,2026-06-16 10:34:15+05:30,3118.9,1,3131.97,1030675,128769.0,204982.0,3163.0,3163.0,3108.0,3134.3,31868000,3447.7,2820.9,3839.9,2896.0,3118.8,30,4,3118.7,65,2,3118.6,63,3,3118.5,35,2,3118.4,3,2,3118.9,21,1,3119.0,937,13,3119.2,5,1,3119.3,20,1,3119.5,100,1
2031,2026-06-16 10:34:15+05:30,3118.9,2,3131.97,1030730,128999.0,204925.0,3163.0,3163.0,3108.0,3134.3,31868000,3447.7,2820.9,3839.9,2896.0,3118.8,28,4,3118.7,65,2,3118.6,88,4,3118.5,35,2,3118.4,28,3,3118.9,11,1,3119.0,937,13,3119.2,5,1,3119.3,20,1,3119.5,100,1
2031,2026-06-16 10:34:16+05:30,3118.9,2,3131.97,1030730,128999.0,204925.0,3163.0,3163.0,3108.0,3134.3,31868000,3447.7,2820.9,3839.9,2896.0,3118.8,28,4,3118.7,65,2,3118.6,88,4,3118.5,35,2,3118.4,28,3,3118.9,11,1,3119.0,937,13,3119.2,5,1,3119.3,20,1,3119.5,100,1
2031,2026-06-16 10:34:16+05:30,3118.8,1,3131.97,1030747,128945.0,204945.0,3163.0,3163.0,3108.0,3134.3,31868000,3447.7,2820.9,3839.9,2896.0,3118.8,31,4,3118.7,65,2,3118.6,63,3,3118.5,35,2,3118.4,3,2,3118.9,17,3,3119.0,936,12,3119.2,5,1,3119.3,20,1,3119.5,100,1
2031,2026-06-16 10:34:17+05:30,3118.8,1,3131.97,1030747,128945.0,204945.0,3163.0,3163.0,3108.0,3134.3,31868000,3447.7,2820.9,3839.9,2896.0,3118.8,31,4,3118.7,65,2,3118.6,63,3,3118.5,35,2,3118.4,3,2,3118.9,17,3,3119.0,936,12,3119.2,5,1,3119.3,20,1,3119.5,100,1
2031,2026-06-16 10:34:17+05:30,3118.8,1,3131.97,1030747,128946.0,204973.0,3163.0,3163.0,3108.0,3134.3,31868000,3447.7,2820.9,3839.9,2896.0,3118.8,31,4,3118.7,65,2,3118.6,63,3,3118.5,35,2,3118.4,3,2,3118.9,17,3,3119.0,936,12,3119.2,5,1,3119.3,20,1,3119.5,100,1
2031,2026-06-16 10:34:19+05:30,3118.9,10,3131.97,1030747,128946.0,204973.0,3163.0,3163.0,3108.0,3134.3,31868000,3447.7,2820.9,3839.9,2896.0,3118.8,31,4,3118.7,65,2,3118.6,63,3,3118.5,35,2,3118.4,3,2,3118.9,17,3,3119.0,936,12,3119.2,5,1,3119.3,20,1,3119.5,100,1
2031,2026-06-16 10:34:19+05:30,3118.9,10,3131.97,1030858,128826.0,205186.0,3163.0,3163.0,3108.0,3134.3,31868000,3447.7,2820.9,3839.9,2896.0,3118.8,5,2,3118.7,65,2,3118.6,63,3,3118.5,35,2,3118.4,3,2,3118.9,6,3,3119.0,927,11,3119.2,5,1,3119.3,20,1,3119.4,19,1
2031,2026-06-16 10:34:20+05:30,3119.0,10,3131.97,1030858,128826.0,205186.0,3163.0,3163.0,3108.0,3134.3,31868000,3447.7,2820.9,3839.9,2896.0,3118.8,5,2,3118.7,65,2,3118.6,63,3,3118.5,35,2,3118.4,3,2,3118.9,6,3,3119.0,927,11,3119.2,5,1,3119.3,20,1,3119.4,19,1
2031,2026-06-16 10:34:20+05:30,3119.0,10,3131.97,1030968,128937.0,202855.0,3163.0,3163.0,3108.0,3134.3,31868000,3447.7,2820.9,3839.9,2896.0,3118.8,5,2,3118.7,65,2,3118.6,63,3,3118.5,35,2,3118.4,3,2,3119.0,840,11,3119.2,5,1,3119.3,20,1,3119.4,35,1,3119.5,121,2
2031,2026-06-16 10:34:21+05:30,3119.0,10,3131.97,1030968,128982.0,205993.0,3163.0,3163.0,3108.0,3134.3,31868000,3447.7,2820.9,3839.9,2896.0,3118.8,69,4,3118.7,65,2,3118.6,63,3,3118.5,35,2,3118.4,3,2,3118.9,31,1,3119.0,1048,13,3119.2,5,1,3119.3,20,1,3119.5,100,1
2031,2026-06-16 10:34:22+05:30,3119.0,14,3131.97,1030968,128982.0,205993.0,3163.0,3163.0,3108.0,3134.3,31868000,3447.7,2820.9,3839.9,2896.0,3118.8,69,4,3118.7,65,2,3118.6,63,3,3118.5,35,2,3118.4,3,2,3118.9,31,1,3119.0,1048,13,3119.2,5,1,3119.3,20,1,3119.5,100,1
2031,2026-06-16 10:34:22+05:30,3119.0,14,3131.97,1031020,128809.0,205034.0,3163.0,3163.0,3108.0,3134.3,31868000,3447.7,2820.9,3839.9,2896.0,3118.8,69,4,3118.7,65,2,3118.6,63,3,3118.5,35,2,3118.4,3,2,3119.0,970,11,3119.2,5,1,3119.3,20,1,3119.5,100,1,3119.6,84,3
2031,2026-06-16 10:34:23+05:30,3119.0,2,3131.97,1031020,128809.0,205034.0,3163.0,3163.0,3108.0,3134.3,31868000,3447.7,2820.9,3839.9,2896.0,3118.8,69,4,3118.7,65,2,3118.6,63,3,3118.5,35,2,3118.4,3,2,3119.0,970,11,3119.2,5,1,3119.3,20,1,3119.5,100,1,3119.6,84,3
2031,2026-06-16 10:34:23+05:30,3119.0,2,3131.97,1031037,128831.0,205613.0,3163.0,3163.0,3108.0,3134.3,31868000,3447.7,2820.9,3839.9,2896.0,3118.8,69,4,3118.7,65,2,3118.6,63,3,3118.5,35,2,3118.4,28,3,3119.0,953,11,3119.2,5,1,3119.3,20,1,3119.5,100,1,3119.6,105,4
2031,2026-06-16 10:34:24+05:30,3118.5,29,3131.97,1031037,128831.0,205613.0,3163.0,3163.0,3108.0,3134.3,31868000,3447.7,2820.9,3839.9,2896.0,3118.8,69,4,3118.7,65,2,3118.6,63,3,3118.5,35,2,3118.4,28,3,3119.0,953,11,3119.2,5,1,3119.3,20,1,3119.5,100,1,3119.6,105,4
2031,2026-06-16 10:34:24+05:30,3118.5,29,3131.96,1032037,128409.0,205960.0,3163.0,3163.0,3108.0,3134.3,31868000,3447.7,2820.9,3839.9,2896.0,3118.9,9,1,3118.5,6,2,3118.4,3,2,3118.1,13,3,3118.0,233,6,3119.0,1003,12,3119.1,19,1,3119.2,5,1,3119.3,60,2,3119.4,102,4
2031,2026-06-16 10:34:25+05:30,3118.9,9,3131.96,1032037,128409.0,205960.0,3163.0,3163.0,3108.0,3134.3,31868000,3447.7,2820.9,3839.9,2896.0,3118.9,9,1,3118.5,6,2,3118.4,3,2,3118.1,13,3,3118.0,233,6,3119.0,1003,12,3119.1,19,1,3119.2,5,1,3119.3,60,2,3119.4,102,4
2031,2026-06-16 10:34:25+05:30,3118.9,9,3131.96,1032046,128359.0,205798.0,3163.0,3163.0,3108.0,3134.3,31868000,3447.7,2820.9,3839.9,2896.0,3118.5,6,2,3118.4,3,2,3118.1,13,3,3118.0,208,5,3117.8,25,1,3118.9,151,1,3119.0,1057,13,3119.1,19,1,3119.2,5,1,3119.3,81,3
2031,2026-06-16 10:34:26+05:30,3118.9,86,3131.96,1032046,128359.0,205798.0,3163.0,3163.0,3108.0,3134.3,31868000,3447.7,2820.9,3839.9,2896.0,3118.5,6,2,3118.4,3,2,3118.1,13,3,3118.0,208,5,3117.8,25,1,3118.9,151,1,3119.0,1057,13,3119.1,19,1,3119.2,5,1,3119.3,81,3
2031,2026-06-16 10:34:26+05:30,3118.9,86,3131.95,1032293,128409.0,205380.0,3163.0,3163.0,3108.0,3134.3,31868000,3447.7,2820.9,3839.9,2896.0,3118.5,23,1,3118.4,3,2,3118.1,38,4,3118.0,208,5,3117.8,44,2,3118.9,63,2,3119.0,995,11,3119.2,5,1,3119.3,61,2,3119.4,46,2
2031,2026-06-16 10:34:27+05:30,3118.9,1,3131.95,1032293,128409.0,205380.0,3163.0,3163.0,3108.0,3134.3,31868000,3447.7,2820.9,3839.9,2896.0,3118.5,23,1,3118.4,3,2,3118.1,38,4,3118.0,208,5,3117.8,44,2,3118.9,63,2,3119.0,995,11,3119.2,5,1,3119.3,61,2,3119.4,46,2
2031,2026-06-16 10:34:27+05:30,3118.9,1,3131.95,1032293,128409.0,205380.0,3163.0,3163.0,3108.0,3134.3,31868000,3447.7,2820.9,3839.9,2896.0,3118.5,23,1,3118.4,3,2,3118.1,38,4,3118.0,208,5,3117.8,44,2,3118.9,63,2,3119.0,995,11,3119.2,5,1,3119.3,61,2,3119.4,46,2
2031,2026-06-16 10:34:27+05:30,3118.9,1,3131.95,1032294,128216.0,206187.0,3163.0,3163.0,3108.0,3134.3,31868000,3447.7,2820.9,3839.9,2896.0,3118.5,23,1,3118.4,3,2,3118.1,13,3,3118.0,208,5,3117.8,25,1,3118.9,96,3,3119.0,1068,13,3119.1,63,2,3119.2,59,3,3119.3,85,3
2031,2026-06-16 10:34:28+05:30,3119.0,54,3131.95,1032294,128216.0,206187.0,3163.0,3163.0,3108.0,3134.3,31868000,3447.7,2820.9,3839.9,2896.0,3118.5,23,1,3118.4,3,2,3118.1,13,3,3118.0,208,5,3117.8,25,1,3118.9,96,3,3119.0,1068,13,3119.1,63,2,3119.2,59,3,3119.3,85,3
2031,2026-06-16 10:34:28+05:30,3119.0,54,3131.95,1032795,128245.0,204689.0,3163.0,3163.0,3108.0,3134.3,31868000,3447.7,2820.9,3839.9,2896.0,3118.5,23,1,3118.4,3,2,3118.1,13,3,3118.0,208,5,3117.8,25,1,3119.0,791,11,3119.1,53,2,3119.2,48,3,3119.3,21,1,3119.4,85,4
2031,2026-06-16 10:34:28+05:30,3119.0,54,3131.95,1032795,128245.0,204689.0,3163.0,3163.0,3108.0,3134.3,31868000,3447.7,2820.9,3839.9,2896.0,3118.5,23,1,3118.4,3,2,3118.1,13,3,3118.0,208,5,3117.8,25,1,3119.0,791,11,3119.1,53,2,3119.2,48,3,3119.3,21,1,3119.4,85,4
2031,2026-06-16 10:34:29+05:30,3119.0,54,3131.95,1032795,128205.0,205462.0,3163.0,3163.0,3108.0,3134.3,31868000,3447.7,2820.9,3839.9,2896.0,3118.5,23,1,3118.4,3,2,3118.1,13,3,3118.0,208,5,3117.8,25,1,3119.0,791,11,3119.1,74,3,3119.2,48,3,3119.3,63,2,3119.4,85,4
2031,2026-06-16 10:34:30+05:30,3119.0,1,3131.95,1032795,128205.0,205462.0,3163.0,3163.0,3108.0,3134.3,31868000,3447.7,2820.9,3839.9,2896.0,3118.5,23,1,3118.4,3,2,3118.1,13,3,3118.0,208,5,3117.8,25,1,3119.0,791,11,3119.1,74,3,3119.2,48,3,3119.3,63,2,3119.4,85,4
2031,2026-06-16 10:34:30+05:30,3119.0,200,3131.94,1032996,128323.0,205242.0,3163.0,3163.0,3108.0,3134.3,31868000,3447.7,2820.9,3839.9,2896.0,3118.8,2,2,3118.5,32,3,3118.4,24,3,3118.1,13,3,3118.0,208,5,3119.0,572,11,3119.1,21,1,3119.2,29,2,3119.4,66,3,3119.5,121,2
2031,2026-06-16 10:34:30+05:30,3119.0,200,3131.94,1032996,128323.0,205242.0,3163.0,3163.0,3108.0,3134.3,31868000,3447.7,2820.9,3839.9,2896.0,3118.8,2,2,3118.5,32,3,3118.4,24,3,3118.1,13,3,3118.0,208,5,3119.0,572,11,3119.1,21,1,3119.2,29,2,3119.4,66,3,3119.5,121,2
2031,2026-06-16 10:34:31+05:30,3119.0,200,3131.94,1032996,128323.0,205242.0,3163.0,3163.0,3108.0,3134.3,31868000,3447.7,2820.9,3839.9,2896.0,3118.8,2,2,3118.5,32,3,3118.4,24,3,3118.1,13,3,3118.0,208,5,3119.0,572,11,3119.1,21,1,3119.2,29,2,3119.4,66,3,3119.5,121,2
2031,2026-06-16 10:34:31+05:30,3118.8,8,3131.94,1033006,128744.0,205466.0,3163.0,3163.0,3108.0,3134.3,31868000,3447.7,2820.9,3839.9,2896.0,3118.8,34,3,3118.5,32,3,3118.4,24,3,3118.1,38,4,3118.0,208,5,3119.0,572,11,3119.1,21,1,3119.2,29,2,3119.4,105,4,3119.5,100,1
2031,2026-06-16 10:34:32+05:30,3119.0,1,3131.94,1033006,128744.0,205466.0,3163.0,3163.0,3108.0,3134.3,31868000,3447.7,2820.9,3839.9,2896.0,3118.8,34,3,3118.5,32,3,3118.4,24,3,3118.1,38,4,3118.0,208,5,3119.0,572,11,3119.1,21,1,3119.2,29,2,3119.4,105,4,3119.5,100,1
2031,2026-06-16 10:34:32+05:30,3119.0,1,3131.94,1033006,128744.0,205466.0,3163.0,3163.0,3108.0,3134.3,31868000,3447.7,2820.9,3839.9,2896.0,3118.8,34,3,3118.5,32,3,3118.4,24,3,3118.1,38,4,3118.0,208,5,3119.0,572,11,3119.1,21,1,3119.2,29,2,3119.4,105,4,3119.5,100,1
2031,2026-06-16 10:34:32+05:30,3119.0,1,3131.94,1033086,128563.0,205397.0,3163.0,3163.0,3108.0,3134.3,31868000,3447.7,2820.9,3839.9,2896.0,3118.8,31,3,3118.5,32,3,3118.4,24,3,3118.1,38,4,3118.0,262,6,3119.0,520,10,3119.1,21,1,3119.2,29,2,3119.4,57,3,3119.5,100,1
2031,2026-06-16 10:34:33+05:30,3119.0,1,3131.94,1033086,128541.0,205461.0,3163.0,3163.0,3108.0,3134.3,31868000,3447.7,2820.9,3839.9,2896.0,3118.8,31,3,3118.5,32,3,3118.4,3,2,3118.1,38,4,3118.0,208,5,3119.0,520,10,3119.1,21,1,3119.2,29,2,3119.4,57,3,3119.5,121,2
2031,2026-06-16 10:34:34+05:30,3119.0,1,3131.94,1033086,128541.0,205461.0,3163.0,3163.0,3108.0,3134.3,31868000,3447.7,2820.9,3839.9,2896.0,3118.8,31,3,3118.5,32,3,3118.4,3,2,3118.1,38,4,3118.0,208,5,3119.0,520,10,3119.1,21,1,3119.2,29,2,3119.4,57,3,3119.5,121,2
2031,2026-06-16 10:34:34+05:30,3119.0,1,3131.94,1033087,128729.0,204698.0,3163.0,3163.0,3108.0,3134.3,31868000,3447.7,2820.9,3839.9,2896.0,3118.8,57,4,3118.5,32,3,3118.4,3,2,3118.1,38,4,3118.0,227,6,3119.0,556,12,3119.1,21,1,3119.2,29,2,3119.4,53,2,3119.5,100,1
2031,2026-06-16 10:34:35+05:30,3119.0,1,3131.94,1033087,128729.0,204698.0,3163.0,3163.0,3108.0,3134.3,31868000,3447.7,2820.9,3839.9,2896.0,3118.8,57,4,3118.5,32,3,3118.4,3,2,3118.1,38,4,3118.0,227,6,3119.0,556,12,3119.1,21,1,3119.2,29,2,3119.4,53,2,3119.5,100,1
2031,2026-06-16 10:34:35+05:30,3119.0,1,3131.94,1033087,128729.0,204698.0,3163.0,3163.0,3108.0,3134.3,31868000,3447.7,2820.9,3839.9,2896.0,3118.8,57,4,3118.5,32,3,3118.4,3,2,3118.1,38,4,3118.0,227,6,3119.0,556,12,3119.1,21,1,3119.2,29,2,3119.4,53,2,3119.5,100,1
2031,2026-06-16 10:34:35+05:30,3118.8,6,3131.94,1033093,128911.0,205333.0,3163.0,3163.0,3108.0,3134.3,31868000,3447.7,2820.9,3839.9,2896.0,3118.9,2,2,3118.8,49,2,3118.5,32,3,3118.4,3,2,3118.1,38,4,3119.0,556,12,3119.1,21,1,3119.2,29,2,3119.4,47,2,3119.5,100,1
2031,2026-06-16 10:34:36+05:30,3118.8,6,3131.94,1033093,128911.0,205333.0,3163.0,3163.0,3108.0,3134.3,31868000,3447.7,2820.9,3839.9,2896.0,3118.9,2,2,3118.8,49,2,3118.5,32,3,3118.4,3,2,3118.1,38,4,3119.0,556,12,3119.1,21,1,3119.2,29,2,3119.4,47,2,3119.5,100,1
2031,2026-06-16 10:34:36+05:30,3119.0,95,3131.94,1033331,128930.0,204951.0,3163.0,3163.0,3108.0,3134.3,31868000,3447.7,2820.9,3839.9,2896.0,3118.9,40,3,3118.8,23,1,3118.5,32,3,3118.4,3,2,3118.1,38,4,3119.0,318,7,3119.1,21,1,3119.2,29,2,3119.4,41,2,3119.5,121,2
2031,2026-06-16 10:34:36+05:30,3119.0,95,3131.94,1033331,128930.0,204951.0,3163.0,3163.0,3108.0,3134.3,31868000,3447.7,2820.9,3839.9,2896.0,3118.9,40,3,3118.8,23,1,3118.5,32,3,3118.4,3,2,3118.1,38,4,3119.0,318,7,3119.1,21,1,3119.2,29,2,3119.4,41,2,3119.5,121,2
2031,2026-06-16 10:34:37+05:30,3119.0,95,3131.94,1033331,128930.0,204951.0,3163.0,3163.0,3108.0,3134.3,31868000,3447.7,2820.9,3839.9,2896.0,3118.9,40,3,3118.8,23,1,3118.5,32,3,3118.4,3,2,3118.1,38,4,3119.0,318,7,3119.1,21,1,3119.2,29,2,3119.4,41,2,3119.5,121,2
2031,2026-06-16 10:34:37+05:30,3119.0,1,3131.94,1033332,128953.0,203748.0,3163.0,3163.0,3108.0,3134.3,31868000,3447.7,2820.9,3839.9,2896.0,3118.9,40,3,3118.8,23,1,3118.5,32,3,3118.4,3,2,3118.1,61,5,3119.0,411,10,3119.1,21,1,3119.2,29,2,3119.3,35,1,3119.4,41,2
2031,2026-06-16 10:34:37+05:30,3119.0,1,3131.94,1033332,128953.0,203748.0,3163.0,3163.0,3108.0,3134.3,31868000,3447.7,2820.9,3839.9,2896.0,3118.9,40,3,3118.8,23,1,3118.5,32,3,3118.4,3,2,3118.1,61,5,3119.0,411,10,3119.1,21,1,3119.2,29,2,3119.3,35,1,3119.4,41,2
2031,2026-06-16 10:34:38+05:30,3119.0,8,3131.94,1033332,128953.0,203748.0,3163.0,3163.0,3108.0,3134.3,31868000,3447.7,2820.9,3839.9,2896.0,3118.9,40,3,3118.8,23,1,3118.5,32,3,3118.4,3,2,3118.1,61,5,3119.0,411,10,3119.1,21,1,3119.2,29,2,3119.3,35,1,3119.4,41,2
2031,2026-06-16 10:34:38+05:30,3119.0,8,3131.94,1033332,128953.0,203748.0,3163.0,3163.0,3108.0,3134.3,31868000,3447.7,2820.9,3839.9,2896.0,3118.9,40,3,3118.8,23,1,3118.5,32,3,3118.4,3,2,3118.1,61,5,3119.0,411,10,3119.1,21,1,3119.2,29,2,3119.3,35,1,3119.4,41,2
2031,2026-06-16 10:34:38+05:30,3119.0,3,3131.94,1033343,128936.0,205135.0,3163.0,3163.0,3108.0,3134.3,31868000,3447.7,2820.9,3839.9,2896.0,3118.9,54,5,3118.8,23,1,3118.5,1,1,3118.4,3,2,3118.1,61,5,3119.0,400,10,3119.1,21,1,3119.2,29,2,3119.4,15,1,3119.5,100,1
2031,2026-06-16 10:34:38+05:30,3119.0,3,3131.94,1033343,128936.0,205135.0,3163.0,3163.0,3108.0,3134.3,31868000,3447.7,2820.9,3839.9,2896.0,3118.9,54,5,3118.8,23,1,3118.5,1,1,3118.4,3,2,3118.1,61,5,3119.0,400,10,3119.1,21,1,3119.2,29,2,3119.4,15,1,3119.5,100,1
2031,2026-06-16 10:34:39+05:30,3119.0,3,3131.94,1033343,128936.0,205135.0,3163.0,3163.0,3108.0,3134.3,31868000,3447.7,2820.9,3839.9,2896.0,3118.9,54,5,3118.8,23,1,3118.5,1,1,3118.4,3,2,3118.1,61,5,3119.0,400,10,3119.1,21,1,3119.2,29,2,3119.4,15,1,3119.5,100,1
2031,2026-06-16 10:34:39+05:30,3119.0,3,3131.94,1033343,128936.0,205135.0,3163.0,3163.0,3108.0,3134.3,31868000,3447.7,2820.9,3839.9,2896.0,3118.9,54,5,3118.8,23,1,3118.5,1,1,3118.4,3,2,3118.1,61,5,3119.0,400,10,3119.1,21,1,3119.2,29,2,3119.4,15,1,3119.5,100,1
2031,2026-06-16 10:34:39+05:30,3119.0,3,3131.94,1033343,129000.0,205142.0,3163.0,3163.0,3108.0,3134.3,31868000,3447.7,2820.9,3839.9,2896.0,3118.9,54,5,3118.8,23,1,3118.5,1,1,3118.4,3,2,3118.1,61,5,3119.0,401,11,3119.1,21,1,3119.2,29,2,3119.4,15,1,3119.5,100,1
2031,2026-06-16 10:34:40+05:30,3119.0,3,3131.94,1033343,129000.0,205142.0,3163.0,3163.0,3108.0,3134.3,31868000,3447.7,2820.9,3839.9,2896.0,3118.9,54,5,3118.8,23,1,3118.5,1,1,3118.4,3,2,3118.1,61,5,3119.0,401,11,3119.1,21,1,3119.2,29,2,3119.4,15,1,3119.5,100,1
2031,2026-06-16 10:34:40+05:30,3119.0,2,3131.94,1033343,129000.0,205142.0,3163.0,3163.0,3108.0,3134.3,31868000,3447.7,2820.9,3839.9,2896.0,3118.9,54,5,3118.8,23,1,3118.5,1,1,3118.4,3,2,3118.1,61,5,3119.0,401,11,3119.1,21,1,3119.2,29,2,3119.4,15,1,3119.5,100,1
2031,2026-06-16 10:34:40+05:30,3119.0,8,3131.94,1033402,129051.0,205457.0,3163.0,3163.0,3108.0,3134.3,31868000,3447.7,2820.9,3839.9,2896.0,3118.9,54,5,3118.8,47,2,3118.4,3,2,3118.3,15,1,3118.1,61,5,3119.0,342,11,3119.1,21,1,3119.2,29,2,3119.4,15,1,3119.5,100,1
2031,2026-06-16 10:34:40+05:30,3119.0,8,3131.94,1033402,129051.0,205457.0,3163.0,3163.0,3108.0,3134.3,31868000,3447.7,2820.9,3839.9,2896.0,3118.9,54,5,3118.8,47,2,3118.4,3,2,3118.3,15,1,3118.1,61,5,3119.0,342,11,3119.1,21,1,3119.2,29,2,3119.4,15,1,3119.5,100,1
2031,2026-06-16 10:34:41+05:30,3119.0,1,3131.94,1033402,129051.0,205457.0,3163.0,3163.0,3108.0,3134.3,31868000,3447.7,2820.9,3839.9,2896.0,3118.9,54,5,3118.8,47,2,3118.4,3,2,3118.3,15,1,3118.1,61,5,3119.0,342,11,3119.1,21,1,3119.2,29,2,3119.4,15,1,3119.5,100,1
2031,2026-06-16 10:34:41+05:30,3119.0,1,3131.94,1033402,129051.0,205457.0,3163.0,3163.0,3108.0,3134.3,31868000,3447.7,2820.9,3839.9,2896.0,3118.9,54,5,3118.8,47,2,3118.4,3,2,3118.3,15,1,3118.1,61,5,3119.0,342,11,3119.1,21,1,3119.2,29,2,3119.4,15,1,3119.5,100,1
2031,2026-06-16 10:34:41+05:30,3119.0,10,3131.94,1033622,129186.0,205372.0,3163.0,3163.0,3108.0,3134.3,31868000,3447.7,2820.9,3839.9,2896.0,3118.9,55,6,3118.8,23,1,3118.5,24,1,3118.4,5,3,3118.3,69,2,3119.0,228,8,3119.1,21,1,3119.2,29,2,3119.5,100,1,3119.6,32,2
2031,2026-06-16 10:34:42+05:30,3118.9,4,3131.94,1033622,129186.0,205372.0,3163.0,3163.0,3108.0,3134.3,31868000,3447.7,2820.9,3839.9,2896.0,3118.9,55,6,3118.8,23,1,3118.5,24,1,3118.4,5,3,3118.3,69,2,3119.0,228,8,3119.1,21,1,3119.2,29,2,3119.5,100,1,3119.6,32,2
2031,2026-06-16 10:34:42+05:30,3118.9,4,3131.94,1033622,129186.0,205372.0,3163.0,3163.0,3108.0,3134.3,31868000,3447.7,2820.9,3839.9,2896.0,3118.9,55,6,3118.8,23,1,3118.5,24,1,3118.4,5,3,3118.3,69,2,3119.0,228,8,3119.1,21,1,3119.2,29,2,3119.5,100,1,3119.6,32,2
2031,2026-06-16 10:34:42+05:30,3118.9,4,3131.94,1033628,129114.0,205025.0,3163.0,3163.0,3108.0,3134.3,31868000,3447.7,2820.9,3839.9,2896.0,3118.9,49,4,3118.8,23,1,3118.4,5,3,3118.3,39,2,3118.2,39,3,3119.0,228,8,3119.1,21,1,3119.2,29,2,3119.4,200,1,3119.5,128,2
2031,2026-06-16 10:34:43+05:30,3118.9,4,3131.94,1033628,129114.0,205025.0,3163.0,3163.0,3108.0,3134.3,31868000,3447.7,2820.9,3839.9,2896.0,3118.9,49,4,3118.8,23,1,3118.4,5,3,3118.3,39,2,3118.2,39,3,3119.0,228,8,3119.1,21,1,3119.2,29,2,3119.4,200,1,3119.5,128,2
2031,2026-06-16 10:34:43+05:30,3119.0,2,3131.94,1033628,129114.0,205025.0,3163.0,3163.0,3108.0,3134.3,31868000,3447.7,2820.9,3839.9,2896.0,3118.9,49,4,3118.8,23,1,3118.4,5,3,3118.3,39,2,3118.2,39,3,3119.0,228,8,3119.1,21,1,3119.2,29,2,3119.4,200,1,3119.5,128,2
2031,2026-06-16 10:34:43+05:30,3119.0,2,3131.94,1033681,128885.0,204186.0,3163.0,3163.0,3108.0,3134.3,31868000,3447.7,2820.9,3839.9,2896.0,3118.9,49,4,3118.8,23,1,3118.7,24,1,3118.6,8,1,3118.4,49,4,3119.0,175,6,3119.1,21,1,3119.2,29,2,3119.4,28,1,3119.5,100,1
2031,2026-06-16 10:34:44+05:30,3119.0,2,3131.94,1033681,128885.0,204186.0,3163.0,3163.0,3108.0,3134.3,31868000,3447.7,2820.9,3839.9,2896.0,3118.9,49,4,3118.8,23,1,3118.7,24,1,3118.6,8,1,3118.4,49,4,3119.0,175,6,3119.1,21,1,3119.2,29,2,3119.4,28,1,3119.5,100,1
2031,2026-06-16 10:34:44+05:30,3118.8,20,3131.94,1033681,128885.0,204186.0,3163.0,3163.0,3108.0,3134.3,31868000,3447.7,2820.9,3839.9,2896.0,3118.9,49,4,3118.8,23,1,3118.7,24,1,3118.6,8,1,3118.4,49,4,3119.0,175,6,3119.1,21,1,3119.2,29,2,3119.4,28,1,3119.5,100,1
2031,2026-06-16 10:34:44+05:30,3119.0,15,3131.93,1033901,128459.0,204301.0,3163.0,3163.0,3108.0,3134.3,31868000,3447.7,2820.9,3839.9,2896.0,3118.5,15,1,3118.4,26,4,3118.3,19,1,3118.2,24,1,3118.1,49,4,3119.0,210,8,3119.1,21,1,3119.2,29,2,3119.4,28,1,3119.5,154,2
2031,2026-06-16 10:34:45+05:30,3119.0,15,3131.93,1033901,128459.0,204301.0,3163.0,3163.0,3108.0,3134.3,31871800,3447.7,2820.9,3839.9,2896.0,3118.5,15,1,3118.4,26,4,3118.3,19,1,3118.2,24,1,3118.1,49,4,3119.0,210,8,3119.1,21,1,3119.2,29,2,3119.4,28,1,3119.5,154,2
2031,2026-06-16 10:34:45+05:30,3119.0,41,3131.93,1033901,128459.0,204301.0,3163.0,3163.0,3108.0,3134.3,31871800,3447.7,2820.9,3839.9,2896.0,3118.5,15,1,3118.4,26,4,3118.3,19,1,3118.2,24,1,3118.1,49,4,3119.0,210,8,3119.1,21,1,3119.2,29,2,3119.4,28,1,3119.5,154,2
2031,2026-06-16 10:34:45+05:30,3119.0,41,3131.93,1034270,128751.0,204187.0,3163.0,3163.0,3108.0,3134.3,31871800,3447.7,2820.9,3839.9,2896.0,3118.8,8,3,3118.6,71,5,3118.5,41,5,3118.4,59,5,3118.3,30,2,3119.0,66,3,3119.1,21,1,3119.2,29,2,3119.4,28,1,3119.5,100,1
2031,2026-06-16 10:34:46+05:30,3119.0,41,3131.93,1034270,128241.0,203647.0,3163.0,3163.0,3108.0,3134.3,31871800,3447.7,2820.9,3839.9,2896.0,3118.8,2,2,3118.6,25,2,3118.5,18,3,3118.4,40,4,3118.3,30,2,3119.0,292,5,3119.1,21,1,3119.2,29,2,3119.4,82,2,3119.5,100,1
2031,2026-06-16 10:34:47+05:30,3119.9,1,3131.93,1034270,128241.0,203647.0,3163.0,3163.0,3108.0,3134.3,31871800,3447.7,2820.9,3839.9,2896.0,3118.8,2,2,3118.6,25,2,3118.5,18,3,3118.4,40,4,3118.3,30,2,3119.0,292,5,3119.1,21,1,3119.2,29,2,3119.4,82,2,3119.5,100,1
2031,2026-06-16 10:34:47+05:30,3120.0,102,3131.9,1036294,130337.0,203928.0,3163.0,3163.0,3108.0,3134.3,31871800,3447.7,2820.9,3839.9,2896.0,3120.0,60,5,3119.9,42,4,3119.8,89,5,3119.7,7,2,3119.6,23,3,3120.3,250,1,3120.6,13,1,3120.7,5,1,3120.8,6,1,3120.9,112,2
2031,2026-06-16 10:34:48+05:30,3120.3,5,3131.9,1036294,130337.0,203928.0,3163.0,3163.0,3108.0,3134.3,31871800,3447.7,2820.9,3839.9,2896.0,3120.0,60,5,3119.9,42,4,3119.8,89,5,3119.7,7,2,3119.6,23,3,3120.3,250,1,3120.6,13,1,3120.7,5,1,3120.8,6,1,3120.9,112,2
2031,2026-06-16 10:34:48+05:30,3120.3,4,3131.9,1036678,130252.0,204329.0,3163.0,3163.0,3108.0,3134.3,31871800,3447.7,2820.9,3839.9,2896.0,3119.9,37,4,3119.8,7,1,3119.7,6,1,3119.6,39,3,3119.5,26,2,3120.3,395,5,3120.6,13,1,3120.7,5,1,3120.8,60,2,3120.9,53,2
2031,2026-06-16 10:34:49+05:30,3119.9,9,3131.9,1036678,130252.0,204329.0,3163.0,3163.0,3108.0,3134.3,31871800,3447.7,2820.9,3839.9,2896.0,3119.9,37,4,3119.8,7,1,3119.7,6,1,3119.6,39,3,3119.5,26,2,3120.3,395,5,3120.6,13,1,3120.7,5,1,3120.8,60,2,3120.9,53,2
2031,2026-06-16 10:34:49+05:30,3119.9,9,3131.9,1036724,129940.0,204051.0,3163.0,3163.0,3108.0,3134.3,31871800,3447.7,2820.9,3839.9,2896.0,3119.9,28,1,3119.7,30,2,3119.6,40,3,3119.4,63,4,3119.3,82,4,3120.3,321,4,3120.6,13,1,3120.7,5,1,3120.8,60,2,3120.9,32,1
2031,2026-06-16 10:34:50+05:30,3119.9,9,3131.9,1036724,129940.0,204051.0,3163.0,3163.0,3108.0,3134.3,31871800,3447.7,2820.9,3839.9,2896.0,3119.9,28,1,3119.7,30,2,3119.6,40,3,3119.4,63,4,3119.3,82,4,3120.3,321,4,3120.6,13,1,3120.7,5,1,3120.8,60,2,3120.9,32,1
2031,2026-06-16 10:34:50+05:30,3119.9,9,3131.9,1036724,130115.0,202516.0,3163.0,3163.0,3108.0,3134.3,31871800,3447.7,2820.9,3839.9,2896.0,3120.1,2,2,3119.9,28,1,3119.6,32,2,3119.4,63,4,3119.3,82,4,3120.3,339,5,3120.7,5,1,3120.8,105,4,3120.9,32,1,3121.0,74,3
2031,2026-06-16 10:34:51+05:30,3119.9,9,3131.9,1036724,130265.0,202541.0,3163.0,3163.0,3108.0,3134.3,31871800,3447.7,2820.9,3839.9,2896.0,3120.1,2,2,3119.9,50,2,3119.6,7,1,3119.4,39,3,3119.3,109,6,3120.3,340,6,3120.7,5,1,3120.8,84,3,3120.9,53,2,3121.0,74,3
2031,2026-06-16 10:34:52+05:30,3120.3,1,3131.9,1036724,130265.0,202541.0,3163.0,3163.0,3108.0,3134.3,31871800,3447.7,2820.9,3839.9,2896.0,3120.1,2,2,3119.9,50,2,3119.6,7,1,3119.4,39,3,3119.3,109,6,3120.3,340,6,3120.7,5,1,3120.8,84,3,3120.9,53,2,3121.0,74,3
2031,2026-06-16 10:34:52+05:30,3119.9,10,3131.9,1036768,130021.0,204882.0,3163.0,3163.0,3108.0,3134.3,31871800,3447.7,2820.9,3839.9,2896.0,3119.9,12,1,3119.4,7,1,3119.3,11,2,3119.2,8,1,3119.1,50,3,3120.3,387,7,3120.4,15,1,3120.5,65,3,3120.6,29,2,3120.7,51,4
2031,2026-06-16 10:34:53+05:30,3120.3,232,3131.9,1036768,130021.0,204882.0,3163.0,3163.0,3108.0,3134.3,31871800,3447.7,2820.9,3839.9,2896.0,3119.9,12,1,3119.4,7,1,3119.3,11,2,3119.2,8,1,3119.1,50,3,3120.3,387,7,3120.4,15,1,3120.5,65,3,3120.6,29,2,3120.7,51,4
2031,2026-06-16 10:34:54+05:30,3120.3,1,3131.9,1037002,130393.0,203147.0,3163.0,3163.0,3108.0,3134.3,31871800,3447.7,2820.9,3839.9,2896.0,3119.5,6,1,3119.3,71,3,3119.2,3,1,3119.1,78,4,3119.0,133,5,3120.3,175,7,3120.7,5,1,3120.8,25,2,3120.9,167,3,3121.0,199,6
2031,2026-06-16 10:34:54+05:30,3120.3,1,3131.9,1037002,130393.0,203147.0,3163.0,3163.0,3108.0,3134.3,31871800,3447.7,2820.9,3839.9,2896.0,3119.5,6,1,3119.3,71,3,3119.2,3,1,3119.1,78,4,3119.0,133,5,3120.3,175,7,3120.7,5,1,3120.8,25,2,3120.9,167,3,3121.0,199,6
2031,2026-06-16 10:34:55+05:30,3120.3,9,3131.9,1037017,130495.0,203365.0,3163.0,3163.0,3108.0,3134.3,31871800,3447.7,2820.9,3839.9,2896.0,3119.5,6,1,3119.3,71,3,3119.2,3,1,3119.1,78,4,3119.0,112,4,3120.3,160,6,3120.7,5,1,3120.8,59,3,3120.9,193,4,3121.0,199,6
2031,2026-06-16 10:34:55+05:30,3120.3,9,3131.9,1037017,130495.0,203365.0,3163.0,3163.0,3108.0,3134.3,31871800,3447.7,2820.9,3839.9,2896.0,3119.5,6,1,3119.3,71,3,3119.2,3,1,3119.1,78,4,3119.0,112,4,3120.3,160,6,3120.7,5,1,3120.8,59,3,3120.9,193,4,3121.0,199,6
2031,2026-06-16 10:34:56+05:30,3120.3,9,3131.9,1037026,130841.0,203359.0,3163.0,3163.0,3108.0,3134.3,31871800,3447.7,2820.9,3839.9,2896.0,3119.5,6,1,3119.3,71,3,3119.2,3,1,3119.1,78,4,3119.0,112,4,3120.3,151,6,3120.7,5,1,3120.8,59,3,3120.9,193,4,3121.0,199,6
2031,2026-06-16 10:34:56+05:30,3120.3,9,3131.9,1037026,130841.0,203359.0,3163.0,3163.0,3108.0,3134.3,31871800,3447.7,2820.9,3839.9,2896.0,3119.5,6,1,3119.3,71,3,3119.2,3,1,3119.1,78,4,3119.0,112,4,3120.3,151,6,3120.7,5,1,3120.8,59,3,3120.9,193,4,3121.0,199,6
2031,2026-06-16 10:34:57+05:30,3120.2,16,3131.9,1037042,130766.0,203431.0,3163.0,3163.0,3108.0,3134.3,31871800,3447.7,2820.9,3839.9,2896.0,3119.5,6,1,3119.3,66,3,3119.2,16,2,3119.1,126,6,3119.0,133,3,3120.2,3,2,3120.3,193,7,3120.7,5,1,3120.8,59,3,3120.9,79,2
2031,2026-06-16 10:34:57+05:30,3120.2,16,3131.9,1037042,130766.0,203431.0,3163.0,3163.0,3108.0,3134.3,31871800,3447.7,2820.9,3839.9,2896.0,3119.5,6,1,3119.3,66,3,3119.2,16,2,3119.1,126,6,3119.0,133,3,3120.2,3,2,3120.3,193,7,3120.7,5,1,3120.8,59,3,3120.9,79,2
2031,2026-06-16 10:34:58+05:30,3120.2,4,3131.9,1037076,130795.0,203422.0,3163.0,3163.0,3108.0,3134.3,31871800,3447.7,2820.9,3839.9,2896.0,3119.5,35,3,3119.4,64,3,3119.3,66,3,3119.2,59,4,3119.1,75,5,3120.2,31,1,3120.3,133,7,3120.7,5,1,3120.8,83,4,3120.9,58,1
2031,2026-06-16 10:34:58+05:30,3120.2,4,3131.9,1037076,130795.0,203422.0,3163.0,3163.0,3108.0,3134.3,31871800,3447.7,2820.9,3839.9,2896.0,3119.5,35,3,3119.4,64,3,3119.3,66,3,3119.2,59,4,3119.1,75,5,3120.2,31,1,3120.3,133,7,3120.7,5,1,3120.8,83,4,3120.9,58,1
2031,2026-06-16 10:34:59+05:30,3120.2,1,3131.9,1037079,130771.0,203915.0,3163.0,3163.0,3108.0,3134.3,31871800,3447.7,2820.9,3839.9,2896.0,3119.5,26,2,3119.4,25,1,3119.3,66,3,3119.2,40,3,3119.1,94,6,3120.2,49,2,3120.3,108,6,3120.7,5,1,3120.8,83,4,3120.9,58,1
2031,2026-06-16 10:34:59+05:30,3120.2,1,3131.9,1037079,130771.0,203915.0,3163.0,3163.0,3108.0,3134.3,31871800,3447.7,2820.9,3839.9,2896.0,3119.5,26,2,3119.4,25,1,3119.3,66,3,3119.2,40,3,3119.1,94,6,3120.2,49,2,3120.3,108,6,3120.7,5,1,3120.8,83,4,3120.9,58,1
2031,2026-06-16 10:35:00+05:30,3120.1,2,3131.9,1037081,131209.0,204133.0,3163.0,3163.0,3108.0,3134.3,31871800,3447.7,2820.9,3839.9,2896.0,3120.0,73,4,3119.5,6,1,3119.4,49,2,3119.3,85,4,3119.2,40,3,3120.1,22,1,3120.2,69,3,3120.3,108,6,3120.7,5,1,3120.8,49,3
2031,2026-06-16 10:35:00+05:30,3120.1,2,3131.9,1037081,131209.0,204133.0,3163.0,3163.0,3108.0,3134.3,31871800,3447.7,2820.9,3839.9,2896.0,3120.0,73,4,3119.5,6,1,3119.4,49,2,3119.3,85,4,3119.2,40,3,3120.1,22,1,3120.2,69,3,3120.3,108,6,3120.7,5,1,3120.8,49,3
2031,2026-06-16 10:35:01+05:30,3119.6,208,3131.89,1037498,131210.0,203824.0,3163.0,3163.0,3108.0,3134.3,31871800,3447.7,2820.9,3839.9,2896.0,3120.0,4,1,3119.6,50,3,3119.5,49,3,3119.4,20,1,3119.3,34,2,3120.1,18,2,3120.2,90,5,3120.3,107,5,3120.7,5,1,3120.8,60,2
2031,2026-06-16 10:35:01+05:30,3120.0,14,3131.89,1037498,131210.0,203824.0,3163.0,3163.0,3108.0,3134.3,31871800,3447.7,2820.9,3839.9,2896.0,3120.0,4,1,3119.6,50,3,3119.5,49,3,3119.4,20,1,3119.3,34,2,3120.1,18,2,3120.2,90,5,3120.3,107,5,3120.7,5,1,3120.8,60,2
2031,2026-06-16 10:35:02+05:30,3120.0,1,3131.89,1037517,131378.0,203785.0,3163.0,3163.0,3108.0,3134.3,31871800,3447.7,2820.9,3839.9,2896.0,3120.0,69,3,3119.9,24,1,3119.8,25,2,3119.7,8,1,3119.6,95,5,3120.1,64,4,3120.2,69,4,3120.3,89,4,3120.7,5,1,3120.8,6,1
2031,2026-06-16 10:35:02+05:30,3120.0,7,3131.89,1037517,131378.0,203785.0,3163.0,3163.0,3108.0,3134.3,31871800,3447.7,2820.9,3839.9,2896.0,3120.0,69,3,3119.9,24,1,3119.8,25,2,3119.7,8,1,3119.6,95,5,3120.1,64,4,3120.2,69,4,3120.3,89,4,3120.7,5,1,3120.8,6,1
2031,2026-06-16 10:35:02+05:30,3120.0,7,3131.89,1037593,131386.0,203799.0,3163.0,3163.0,3108.0,3134.3,31871800,3447.7,2820.9,3839.9,2896.0,3120.0,33,2,3119.9,24,1,3119.6,77,4,3119.5,62,3,3119.4,92,5,3120.1,77,5,3120.2,69,4,3120.3,89,4,3120.7,5,1,3120.8,6,1
2031,2026-06-16 10:35:03+05:30,3120.2,18,3131.89,1037716,131360.0,203739.0,3163.0,3163.0,3108.0,3134.3,31871800,3447.7,2820.9,3839.9,2896.0,3120.0,33,2,3119.6,43,2,3119.5,62,3,3119.4,58,3,3119.3,91,4,3120.2,84,4,3120.3,89,4,3120.7,5,1,3120.8,6,1,3121.0,120,3
2031,2026-06-16 10:35:04+05:30,3120.2,1,3131.89,1037716,131360.0,203739.0,3163.0,3163.0,3108.0,3134.3,31871800,3447.7,2820.9,3839.9,2896.0,3120.0,33,2,3119.6,43,2,3119.5,62,3,3119.4,58,3,3119.3,91,4,3120.2,84,4,3120.3,89,4,3120.7,5,1,3120.8,6,1,3121.0,120,3
2031,2026-06-16 10:35:04+05:30,3120.0,20,3131.89,1037770,131550.0,203755.0,3163.0,3163.0,3108.0,3134.3,31871800,3447.7,2820.9,3839.9,2896.0,3120.0,20,2,3119.6,43,2,3119.5,52,2,3119.4,60,3,3119.3,76,3,3120.2,84,5,3120.3,89,4,3120.7,5,1,3120.8,25,2,3120.9,34,1
2031,2026-06-16 10:35:05+05:30,3120.0,20,3131.89,1037770,131550.0,203755.0,3163.0,3163.0,3108.0,3134.3,31871800,3447.7,2820.9,3839.9,2896.0,3120.0,20,2,3119.6,43,2,3119.5,52,2,3119.4,60,3,3119.3,76,3,3120.2,84,5,3120.3,89,4,3120.7,5,1,3120.8,25,2,3120.9,34,1
2031,2026-06-16 10:35:05+05:30,3120.0,8,3131.89,1037778,131566.0,203816.0,3163.0,3163.0,3108.0,3134.3,31871800,3447.7,2820.9,3839.9,2896.0,3120.0,14,3,3119.9,25,1,3119.6,57,3,3119.5,52,2,3119.4,46,2,3120.2,84,5,3120.3,89,4,3120.7,5,1,3120.8,25,2,3120.9,34,1
2031,2026-06-16 10:35:06+05:30,3120.0,8,3131.89,1037778,131566.0,203816.0,3163.0,3163.0,3108.0,3134.3,31871800,3447.7,2820.9,3839.9,2896.0,3120.0,14,3,3119.9,25,1,3119.6,57,3,3119.5,52,2,3119.4,46,2,3120.2,84,5,3120.3,89,4,3120.7,5,1,3120.8,25,2,3120.9,34,1
2031,2026-06-16 10:35:06+05:30,3120.2,15,3131.89,1037799,131515.0,203729.0,3163.0,3163.0,3108.0,3134.3,31871800,3447.7,2820.9,3839.9,2896.0,3120.0,25,4,3119.9,25,1,3119.7,24,1,3119.6,43,2,3119.5,52,2,3120.2,68,4,3120.3,89,4,3120.7,5,1,3120.8,6,1,3120.9,34,1
2031,2026-06-16 10:35:07+05:30,3120.2,1,3131.89,1037799,131515.0,203729.0,3163.0,3163.0,3108.0,3134.3,31871800,3447.7,2820.9,3839.9,2896.0,3120.0,25,4,3119.9,25,1,3119.7,24,1,3119.6,43,2,3119.5,52,2,3120.2,68,4,3120.3,89,4,3120.7,5,1,3120.8,6,1,3120.9,34,1
2031,2026-06-16 10:35:07+05:30,3120.0,3,3131.89,1037828,131550.0,203750.0,3163.0,3163.0,3108.0,3134.3,31871800,3447.7,2820.9,3839.9,2896.0,3120.0,55,4,3119.9,25,1,3119.6,43,2,3119.5,52,2,3119.4,254,5,3120.2,89,5,3120.3,89,4,3120.7,5,1,3120.8,6,1,3120.9,34,1
2031,2026-06-16 10:35:08+05:30,3120.0,2,3131.89,1037828,131550.0,203750.0,3163.0,3163.0,3108.0,3134.3,31871800,3447.7,2820.9,3839.9,2896.0,3120.0,55,4,3119.9,25,1,3119.6,43,2,3119.5,52,2,3119.4,254,5,3120.2,89,5,3120.3,89,4,3120.7,5,1,3120.8,6,1,3120.9,34,1
2031,2026-06-16 10:35:09+05:30,3120.1,6,3131.89,1037836,130839.0,204069.0,3163.0,3163.0,3108.0,3134.3,31871800,3447.7,2820.9,3839.9,2896.0,3120.1,3,1,3120.0,59,4,3119.9,25,1,3119.6,43,2,3119.5,52,2,3120.2,115,6,3120.3,89,4,3120.7,24,2,3120.8,40,2,3121.0,108,4
2031,2026-06-16 10:35:09+05:30,3120.1,6,3131.89,1037836,130839.0,204069.0,3163.0,3163.0,3108.0,3134.3,31871800,3447.7,2820.9,3839.9,2896.0,3120.1,3,1,3120.0,59,4,3119.9,25,1,3119.6,43,2,3119.5,52,2,3120.2,115,6,3120.3,89,4,3120.7,24,2,3120.8,40,2,3121.0,108,4
2031,2026-06-16 10:35:10+05:30,3120.8,2,3131.88,1038051,131145.0,203790.0,3163.0,3163.0,3108.0,3134.3,31871800,3447.7,2820.9,3839.9,2896.0,3120.1,3,1,3120.0,59,4,3119.9,25,1,3119.6,22,1,3119.5,78,3,3120.8,57,3,3120.9,24,1,3121.0,54,3,3121.1,237,5,3121.2,143,4
2031,2026-06-16 10:35:10+05:30,3120.8,2,3131.88,1038051,131145.0,203790.0,3163.0,3163.0,3108.0,3134.3,31871800,3447.7,2820.9,3839.9,2896.0,3120.1,3,1,3120.0,59,4,3119.9,25,1,3119.6,22,1,3119.5,78,3,3120.8,57,3,3120.9,24,1,3121.0,54,3,3121.1,237,5,3121.2,143,4
2031,2026-06-16 10:35:11+05:30,3120.8,23,3131.88,1038051,131145.0,203790.0,3163.0,3163.0,3108.0,3134.3,31871800,3447.7,2820.9,3839.9,2896.0,3120.1,3,1,3120.0,59,4,3119.9,25,1,3119.6,22,1,3119.5,78,3,3120.8,57,3,3120.9,24,1,3121.0,54,3,3121.1,237,5,3121.2,143,4
2031,2026-06-16 10:35:11+05:30,3120.8,23,3131.88,1038131,131157.0,204522.0,3163.0,3163.0,3108.0,3134.3,31871800,3447.7,2820.9,3839.9,2896.0,3120.1,3,1,3120.0,69,4,3119.9,25,1,3119.6,24,2,3119.5,52,2,3120.8,9,1,3120.9,43,2,3121.0,35,2,3121.1,96,3,3121.2,397,6
2031,2026-06-16 10:35:12+05:30,3120.9,17,3131.88,1038181,131153.0,204329.0,3163.0,3163.0,3108.0,3134.3,31871800,3447.7,2820.9,3839.9,2896.0,3120.1,3,1,3120.0,134,6,3119.9,25,1,3119.6,24,2,3119.5,46,1,3120.9,101,5,3121.0,1,1,3121.1,350,5,3121.2,111,3,3121.3,215,5
2031,2026-06-16 10:35:12+05:30,3120.9,17,3131.88,1038181,131153.0,204329.0,3163.0,3163.0,3108.0,3134.3,31871800,3447.7,2820.9,3839.9,2896.0,3120.1,3,1,3120.0,134,6,3119.9,25,1,3119.6,24,2,3119.5,46,1,3120.9,101,5,3121.0,1,1,3121.1,350,5,3121.2,111,3,3121.3,215,5
2031,2026-06-16 10:35:13+05:30,3120.9,5,3131.88,1038186,131251.0,204389.0,3163.0,3163.0,3108.0,3134.3,31871800,3447.7,2820.9,3839.9,2896.0,3120.2,23,1,3120.1,3,1,3120.0,234,7,3119.6,24,2,3119.5,46,1,3120.9,119,6,3121.0,1,1,3121.1,350,5,3121.2,134,4,3121.3,194,4
2031,2026-06-16 10:35:13+05:30,3120.2,8,3131.88,1038186,131251.0,204389.0,3163.0,3163.0,3108.0,3134.3,31871800,3447.7,2820.9,3839.9,2896.0,3120.2,23,1,3120.1,3,1,3120.0,234,7,3119.6,24,2,3119.5,46,1,3120.9,119,6,3121.0,1,1,3121.1,350,5,3121.2,134,4,3121.3,194,4
2031,2026-06-16 10:35:14+05:30,3120.9,1,3131.88,1038196,131142.0,204962.0,3163.0,3163.0,3108.0,3134.3,31871800,3447.7,2820.9,3839.9,2896.0,3120.2,15,1,3120.1,3,1,3120.0,232,6,3119.6,24,2,3119.5,69,2,3120.9,233,3,3121.0,1,1,3121.1,23,1,3121.2,216,6,3121.3,58,1
2031,2026-06-16 10:35:14+05:30,3120.9,1,3131.88,1038196,131142.0,204962.0,3163.0,3163.0,3108.0,3134.3,31871800,3447.7,2820.9,3839.9,2896.0,3120.2,15,1,3120.1,3,1,3120.0,232,6,3119.6,24,2,3119.5,69,2,3120.9,233,3,3121.0,1,1,3121.1,23,1,3121.2,216,6,3121.3,58,1
2031,2026-06-16 10:35:15+05:30,3120.9,68,3131.88,1038297,131838.0,204728.0,3163.0,3163.0,3108.0,3134.3,31871800,3447.7,2820.9,3839.9,2896.0,3120.2,55,2,3120.1,3,1,3120.0,232,6,3119.6,47,3,3119.5,46,1,3120.9,170,2,3121.0,1,1,3121.1,23,1,3121.2,134,4,3121.3,58,1
2031,2026-06-16 10:35:15+05:30,3120.9,68,3131.88,1038297,131838.0,204728.0,3163.0,3163.0,3108.0,3134.3,31871800,3447.7,2820.9,3839.9,2896.0,3120.2,55,2,3120.1,3,1,3120.0,232,6,3119.6,47,3,3119.5,46,1,3120.9,170,2,3121.0,1,1,3121.1,23,1,3121.2,134,4,3121.3,58,1
2031,2026-06-16 10:35:16+05:30,3120.9,68,3131.88,1038297,131909.0,203412.0,3163.0,3163.0,3108.0,3134.3,31871800,3447.7,2820.9,3839.9,2896.0,3120.6,2,2,3120.4,24,1,3120.3,2,1,3120.2,41,2,3120.0,232,6,3120.9,210,4,3121.0,1,1,3121.1,23,1,3121.2,115,3,3121.3,112,2
2031,2026-06-16 10:35:17+05:30,3120.9,68,3131.88,1038297,131927.0,205284.0,3163.0,3163.0,3108.0,3134.3,31871800,3447.7,2820.9,3839.9,2896.0,3120.7,25,1,3120.6,2,2,3120.3,2,1,3120.2,41,2,3120.0,344,7,3120.9,247,5,3121.0,1,1,3121.1,38,2,3121.2,115,3,3121.3,131,3
2031,2026-06-16 10:35:18+05:30,3120.9,6,3131.88,1038513,132048.0,204760.0,3163.0,3163.0,3108.0,3134.3,31871800,3447.7,2820.9,3839.9,2896.0,3120.7,38,1,3120.6,2,2,3120.3,2,1,3120.2,65,3,3120.0,398,8,3120.9,31,1,3121.0,20,2,3121.1,35,2,3121.2,42,2,3121.3,34,1
2031,2026-06-16 10:35:18+05:30,3120.9,6,3131.88,1038513,132048.0,204760.0,3163.0,3163.0,3108.0,3134.3,31871800,3447.7,2820.9,3839.9,2896.0,3120.7,38,1,3120.6,2,2,3120.3,2,1,3120.2,65,3,3120.0,398,8,3120.9,31,1,3121.0,20,2,3121.1,35,2,3121.2,42,2,3121.3,34,1
2031,2026-06-16 10:35:19+05:30,3121.0,18,3131.88,1038513,132048.0,204760.0,3163.0,3163.0,3108.0,3134.3,31871800,3447.7,2820.9,3839.9,2896.0,3120.7,38,1,3120.6,2,2,3120.3,2,1,3120.2,65,3,3120.0,398,8,3120.9,31,1,3121.0,20,2,3121.1,35,2,3121.2,42,2,3121.3,34,1
2031,2026-06-16 10:35:19+05:30,3121.0,18,3131.88,1038563,131371.0,205095.0,3163.0,3163.0,3108.0,3134.3,31871800,3447.7,2820.9,3839.9,2896.0,3120.8,50,1,3120.7,38,1,3120.6,2,2,3120.4,21,1,3120.3,2,1,3121.1,23,1,3121.2,254,4,3121.3,34,1,3121.4,109,3,3121.5,38,3
2031,2026-06-16 10:35:20+05:30,3121.1,1,3131.88,1038563,131371.0,205095.0,3163.0,3163.0,3108.0,3134.3,31871800,3447.7,2820.9,3839.9,2896.0,3120.8,50,1,3120.7,38,1,3120.6,2,2,3120.4,21,1,3120.3,2,1,3121.1,23,1,3121.2,254,4,3121.3,34,1,3121.4,109,3,3121.5,38,3
2031,2026-06-16 10:35:20+05:30,3120.8,10,3131.88,1038575,131417.0,205191.0,3163.0,3163.0,3108.0,3134.3,31871800,3447.7,2820.9,3839.9,2896.0,3120.8,78,2,3120.7,64,2,3120.6,2,2,3120.4,37,2,3120.3,78,4,3121.1,21,1,3121.2,223,2,3121.4,22,1,3121.6,19,1,3121.7,6,1
2031,2026-06-16 10:35:21+05:30,3120.8,10,3131.88,1038575,131417.0,205191.0,3163.0,3163.0,3108.0,3134.3,31871800,3447.7,2820.9,3839.9,2896.0,3120.8,78,2,3120.7,64,2,3120.6,2,2,3120.4,37,2,3120.3,78,4,3121.1,21,1,3121.2,223,2,3121.4,22,1,3121.6,19,1,3121.7,6,1
2031,2026-06-16 10:35:21+05:30,3120.8,10,3131.88,1038575,131467.0,205110.0,3163.0,3163.0,3108.0,3134.3,31871800,3447.7,2820.9,3839.9,2896.0,3120.9,2,2,3120.8,123,3,3120.7,64,2,3120.6,25,1,3120.5,14,1,3121.1,21,1,3121.2,223,2,3121.4,22,1,3121.7,6,1,3121.8,107,3
2031,2026-06-16 10:35:22+05:30,3121.1,5,3131.88,1038575,131467.0,205110.0,3163.0,3163.0,3108.0,3134.3,31871800,3447.7,2820.9,3839.9,2896.0,3120.9,2,2,3120.8,123,3,3120.7,64,2,3120.6,25,1,3120.5,14,1,3121.1,21,1,3121.2,223,2,3121.4,22,1,3121.7,6,1,3121.8,107,3
2031,2026-06-16 10:35:22+05:30,3121.2,38,3131.88,1038730,131716.0,205225.0,3163.0,3163.0,3108.0,3134.3,31871800,3447.7,2820.9,3839.9,2896.0,3120.9,45,4,3120.8,123,3,3120.7,64,2,3120.6,25,1,3120.5,58,3,3121.2,162,1,3121.4,22,1,3121.5,7,1,3121.7,6,1,3121.8,19,1
2031,2026-06-16 10:35:23+05:30,3121.7,2,3131.88,1038730,131716.0,205225.0,3163.0,3163.0,3108.0,3134.3,31871800,3447.7,2820.9,3839.9,2896.0,3120.9,45,4,3120.8,123,3,3120.7,64,2,3120.6,25,1,3120.5,58,3,3121.2,162,1,3121.4,22,1,3121.5,7,1,3121.7,6,1,3121.8,19,1
2031,2026-06-16 10:35:23+05:30,3121.7,2,3131.87,1038970,131498.0,204313.0,3163.0,3163.0,3108.0,3134.3,31871800,3447.7,2820.9,3839.9,2896.0,3121.0,24,1,3120.9,45,4,3120.8,123,3,3120.7,54,2,3120.4,23,1,3121.8,106,4,3121.9,82,1,3122.0,418,10,3122.1,273,3,3122.2,167,5
2031,2026-06-16 10:35:24+05:30,3121.2,1,3131.87,1038970,131498.0,204313.0,3163.0,3163.0,3108.0,3134.3,31871800,3447.7,2820.9,3839.9,2896.0,3121.0,24,1,3120.9,45,4,3120.8,123,3,3120.7,54,2,3120.4,23,1,3121.8,106,4,3121.9,82,1,3122.0,418,10,3122.1,273,3,3122.2,167,5
2031,2026-06-16 10:35:24+05:30,3121.2,14,3131.87,1039185,131699.0,203692.0,3163.0,3163.0,3108.0,3134.3,31871800,3447.7,2820.9,3839.9,2896.0,3120.9,45,4,3120.8,123,3,3120.7,54,2,3120.3,39,2,3120.2,46,3,3121.2,185,1,3121.8,143,5,3121.9,107,2,3122.0,479,12,3122.1,260,3
2031,2026-06-16 10:35:25+05:30,3121.2,109,3131.87,1039185,131699.0,203692.0,3163.0,3163.0,3108.0,3134.3,31871800,3447.7,2820.9,3839.9,2896.0,3120.9,45,4,3120.8,123,3,3120.7,54,2,3120.3,39,2,3120.2,46,3,3121.2,185,1,3121.8,143,5,3121.9,107,2,3122.0,479,12,3122.1,260,3
2031,2026-06-16 10:35:25+05:30,3121.0,1,3131.87,1039370,131624.0,203317.0,3163.0,3163.0,3108.0,3134.3,31871800,3447.7,2820.9,3839.9,2896.0,3121.0,2,2,3120.9,83,4,3120.8,123,3,3120.7,60,2,3120.3,16,1,3121.2,135,3,3121.3,19,1,3121.4,46,2,3121.5,8,1,3121.6,71,3
2031,2026-06-16 10:35:26+05:30,3121.0,1,3131.87,1039370,131624.0,203317.0,3163.0,3163.0,3108.0,3134.3,31871800,3447.7,2820.9,3839.9,2896.0,3121.0,2,2,3120.9,83,4,3120.8,123,3,3120.7,60,2,3120.3,16,1,3121.2,135,3,3121.3,19,1,3121.4,46,2,3121.5,8,1,3121.6,71,3
2031,2026-06-16 10:35:26+05:30,3121.2,1,3131.87,1039371,131911.0,204861.0,3163.0,3163.0,3108.0,3134.3,31871800,3447.7,2820.9,3839.9,2896.0,3121.0,62,3,3120.9,83,4,3120.8,123,3,3120.7,60,2,3120.3,16,1,3121.2,188,4,3121.6,19,1,3121.7,54,1,3121.8,57,2,3121.9,117,2
2031,2026-06-16 10:35:27+05:30,3121.2,1,3131.87,1039371,131911.0,204861.0,3163.0,3163.0,3108.0,3134.3,31871800,3447.7,2820.9,3839.9,2896.0,3121.0,62,3,3120.9,83,4,3120.8,123,3,3120.7,60,2,3120.3,16,1,3121.2,188,4,3121.6,19,1,3121.7,54,1,3121.8,57,2,3121.9,117,2
2031,2026-06-16 10:35:27+05:30,3121.2,1,3131.87,1039371,131911.0,204861.0,3163.0,3163.0,3108.0,3134.3,31871800,3447.7,2820.9,3839.9,2896.0,3121.0,62,3,3120.9,83,4,3120.8,123,3,3120.7,60,2,3120.3,16,1,3121.2,188,4,3121.6,19,1,3121.7,54,1,3121.8,57,2,3121.9,117,2
2031,2026-06-16 10:35:27+05:30,3121.2,1,3131.87,1039371,131939.0,205288.0,3163.0,3163.0,3108.0,3134.3,31871800,3447.7,2820.9,3839.9,2896.0,3121.0,88,4,3120.9,83,4,3120.8,123,3,3120.7,38,1,3120.3,16,1,3121.2,188,4,3121.6,19,1,3121.7,54,1,3121.8,80,3,3121.9,117,2
2031,2026-06-16 10:35:28+05:30,3121.2,5,3131.87,1039371,131939.0,205288.0,3163.0,3163.0,3108.0,3134.3,31871800,3447.7,2820.9,3839.9,2896.0,3121.0,88,4,3120.9,83,4,3120.8,123,3,3120.7,38,1,3120.3,16,1,3121.2,188,4,3121.6,19,1,3121.7,54,1,3121.8,80,3,3121.9,117,2
2031,2026-06-16 10:35:28+05:30,3121.2,5,3131.87,1039376,132039.0,205078.0,3163.0,3163.0,3108.0,3134.3,31871800,3447.7,2820.9,3839.9,2896.0,3121.0,88,4,3120.9,83,4,3120.8,123,3,3120.7,38,1,3120.3,16,1,3121.2,183,4,3121.6,19,1,3121.7,54,1,3121.8,80,3,3121.9,117,2
2031,2026-06-16 10:35:29+05:30,3121.2,5,3131.87,1039376,132039.0,205078.0,3163.0,3163.0,3108.0,3134.3,31871800,3447.7,2820.9,3839.9,2896.0,3121.0,88,4,3120.9,83,4,3120.8,123,3,3120.7,38,1,3120.3,16,1,3121.2,183,4,3121.6,19,1,3121.7,54,1,3121.8,80,3,3121.9,117,2
2031,2026-06-16 10:35:29+05:30,3121.2,5,3131.87,1039376,132039.0,205078.0,3163.0,3163.0,3108.0,3134.3,31871800,3447.7,2820.9,3839.9,2896.0,3121.0,88,4,3120.9,83,4,3120.8,123,3,3120.7,38,1,3120.3,16,1,3121.2,183,4,3121.6,19,1,3121.7,54,1,3121.8,80,3,3121.9,117,2
2031,2026-06-16 10:35:29+05:30,3121.2,22,3131.87,1039581,131920.0,203895.0,3163.0,3163.0,3108.0,3134.3,31871800,3447.7,2820.9,3839.9,2896.0,3121.0,68,4,3120.9,87,5,3120.8,130,4,3120.7,39,2,3120.5,25,1,3121.7,66,4,3121.8,78,5,3122.0,350,9,3122.1,255,3,3122.2,175,5
2031,2026-06-16 10:35:30+05:30,3121.0,31,3131.87,1039581,131920.0,203895.0,3163.0,3163.0,3108.0,3134.3,31871800,3447.7,2820.9,3839.9,2896.0,3121.0,68,4,3120.9,87,5,3120.8,130,4,3120.7,39,2,3120.5,25,1,3121.7,66,4,3121.8,78,5,3122.0,350,9,3122.1,255,3,3122.2,175,5
2031,2026-06-16 10:35:30+05:30,3121.7,1,3131.87,1039682,131941.0,204423.0,3163.0,3163.0,3108.0,3134.3,31871800,3447.7,2820.9,3839.9,2896.0,3121.4,2,2,3121.0,11,2,3120.9,83,4,3120.8,123,3,3120.7,38,1,3121.7,54,5,3121.8,63,4,3121.9,34,1,3122.0,377,9,3122.1,301,5
2031,2026-06-16 10:35:30+05:30,3121.7,1,3131.87,1039682,131941.0,204423.0,3163.0,3163.0,3108.0,3134.3,31871800,3447.7,2820.9,3839.9,2896.0,3121.4,2,2,3121.0,11,2,3120.9,83,4,3120.8,123,3,3120.7,38,1,3121.7,54,5,3121.8,63,4,3121.9,34,1,3122.0,377,9,3122.1,301,5
2031,2026-06-16 10:35:31+05:30,3120.9,7,3131.87,1039682,131941.0,204423.0,3163.0,3163.0,3108.0,3134.3,31871800,3447.7,2820.9,3839.9,2896.0,3121.4,2,2,3121.0,11,2,3120.9,83,4,3120.8,123,3,3120.7,38,1,3121.7,54,5,3121.8,63,4,3121.9,34,1,3122.0,377,9,3122.1,301,5
2031,2026-06-16 10:35:31+05:30,3121.7,7,3131.86,1040020,131676.0,202660.0,3163.0,3163.0,3108.0,3134.3,31871800,3447.7,2820.9,3839.9,2896.0,3121.0,19,3,3120.9,15,2,3120.8,187,5,3120.7,20,1,3120.6,91,5,3121.7,1,1,3121.8,7,1,3121.9,8,1,3122.0,281,6,3122.1,234,2
2031,2026-06-16 10:35:32+05:30,3121.7,7,3131.86,1040020,131676.0,202660.0,3163.0,3163.0,3108.0,3134.3,31871800,3447.7,2820.9,3839.9,2896.0,3121.0,19,3,3120.9,15,2,3120.8,187,5,3120.7,20,1,3120.6,91,5,3121.7,1,1,3121.8,7,1,3121.9,8,1,3122.0,281,6,3122.1,234,2
2031,2026-06-16 10:35:32+05:30,3121.7,7,3131.86,1040020,131676.0,202660.0,3163.0,3163.0,3108.0,3134.3,31871800,3447.7,2820.9,3839.9,2896.0,3121.0,19,3,3120.9,15,2,3120.8,187,5,3120.7,20,1,3120.6,91,5,3121.7,1,1,3121.8,7,1,3121.9,8,1,3122.0,281,6,3122.1,234,2
2031,2026-06-16 10:35:32+05:30,3121.7,7,3131.86,1040020,131958.0,202238.0,3163.0,3163.0,3108.0,3134.3,31871800,3447.7,2820.9,3839.9,2896.0,3121.0,83,8,3120.9,32,4,3120.8,233,9,3120.7,20,1,3120.6,91,5,3121.7,2,2,3121.8,7,1,3121.9,8,1,3122.0,281,6,3122.1,234,2
2031,2026-06-16 10:35:33+05:30,3122.0,20,3131.86,1040020,131958.0,202238.0,3163.0,3163.0,3108.0,3134.3,31871800,3447.7,2820.9,3839.9,2896.0,3121.0,83,8,3120.9,32,4,3120.8,233,9,3120.7,20,1,3120.6,91,5,3121.7,2,2,3121.8,7,1,3121.9,8,1,3122.0,281,6,3122.1,234,2
2031,2026-06-16 10:35:33+05:30,3121.8,1,3131.86,1040241,132465.0,200244.0,3163.0,3163.0,3108.0,3134.3,31871800,3447.7,2820.9,3839.9,2896.0,3121.3,53,6,3121.2,55,3,3121.1,33,2,3121.0,78,6,3120.9,95,5,3122.0,79,2,3122.1,223,1,3122.7,11,2,3122.8,95,4,3122.9,83,1
2031,2026-06-16 10:35:34+05:30,3122.0,9,3131.86,1040241,132465.0,200244.0,3163.0,3163.0,3108.0,3134.3,31871800,3447.7,2820.9,3839.9,2896.0,3121.3,53,6,3121.2,55,3,3121.1,33,2,3121.0,78,6,3120.9,95,5,3122.0,79,2,3122.1,223,1,3122.7,11,2,3122.8,95,4,3122.9,83,1
2031,2026-06-16 10:35:34+05:30,3122.0,9,3131.86,1040241,132465.0,200244.0,3163.0,3163.0,3108.0,3134.3,31871800,3447.7,2820.9,3839.9,2896.0,3121.3,53,6,3121.2,55,3,3121.1,33,2,3121.0,78,6,3120.9,95,5,3122.0,79,2,3122.1,223,1,3122.7,11,2,3122.8,95,4,3122.9,83,1
2031,2026-06-16 10:35:34+05:30,3122.0,9,3131.86,1040295,132283.0,202359.0,3163.0,3163.0,3108.0,3134.3,31871800,3447.7,2820.9,3839.9,2896.0,3121.5,47,6,3121.4,59,4,3121.3,110,7,3121.2,67,5,3121.1,37,3,3122.0,91,3,3122.1,247,2,3122.7,11,2,3122.8,66,3,3123.0,94,3
2031,2026-06-16 10:35:35+05:30,3121.5,6,3131.86,1040295,132283.0,202359.0,3163.0,3163.0,3108.0,3134.3,31871800,3447.7,2820.9,3839.9,2896.0,3121.5,47,6,3121.4,59,4,3121.3,110,7,3121.2,67,5,3121.1,37,3,3122.0,91,3,3122.1,247,2,3122.7,11,2,3122.8,66,3,3123.0,94,3
2031,2026-06-16 10:35:35+05:30,3122.1,5,3131.86,1040401,132878.0,200121.0,3163.0,3163.0,3108.0,3134.3,31871800,3447.7,2820.9,3839.9,2896.0,3121.7,9,1,3121.6,69,6,3121.5,57,6,3121.4,60,4,3121.3,95,6,3122.1,242,2,3122.7,11,2,3122.8,45,2,3123.0,97,3,3123.1,54,1
2031,2026-06-16 10:35:35+05:30,3122.1,5,3131.86,1040401,132878.0,200121.0,3163.0,3163.0,3108.0,3134.3,31871800,3447.7,2820.9,3839.9,2896.0,3121.7,9,1,3121.6,69,6,3121.5,57,6,3121.4,60,4,3121.3,95,6,3122.1,242,2,3122.7,11,2,3122.8,45,2,3123.0,97,3,3123.1,54,1
2031,2026-06-16 10:35:36+05:30,3122.1,103,3131.86,1040401,132878.0,200121.0,3163.0,3163.0,3108.0,3134.3,31871800,3447.7,2820.9,3839.9,2896.0,3121.7,9,1,3121.6,69,6,3121.5,57,6,3121.4,60,4,3121.3,95,6,3122.1,242,2,3122.7,11,2,3122.8,45,2,3123.0,97,3,3123.1,54,1
2031,2026-06-16 10:35:36+05:30,3122.1,10,3131.86,1040551,132906.0,202227.0,3163.0,3163.0,3108.0,3134.3,31871800,3447.7,2820.9,3839.9,2896.0,3121.8,24,3,3121.7,82,5,3121.6,99,6,3121.5,28,4,3121.4,83,5,3122.1,92,2,3122.7,11,2,3122.8,45,2,3123.0,46,3,3123.1,83,1
2031,2026-06-16 10:35:37+05:30,3122.1,10,3131.86,1040551,132906.0,202227.0,3163.0,3163.0,3108.0,3134.3,31871800,3447.7,2820.9,3839.9,2896.0,3121.8,24,3,3121.7,82,5,3121.6,99,6,3121.5,28,4,3121.4,83,5,3122.1,92,2,3122.7,11,2,3122.8,45,2,3123.0,46,3,3123.1,83,1
2031,2026-06-16 10:35:37+05:30,3122.1,10,3131.86,1040551,132906.0,202227.0,3163.0,3163.0,3108.0,3134.3,31871800,3447.7,2820.9,3839.9,2896.0,3121.8,24,3,3121.7,82,5,3121.6,99,6,3121.5,28,4,3121.4,83,5,3122.1,92,2,3122.7,11,2,3122.8,45,2,3123.0,46,3,3123.1,83,1
2031,2026-06-16 10:35:37+05:30,3122.1,24,3131.86,1040643,132504.0,202734.0,3163.0,3163.0,3108.0,3134.3,31871800,3447.7,2820.9,3839.9,2896.0,3122.3,1,1,3122.2,66,4,3122.1,47,4,3122.0,56,3,3121.9,38,4,3122.7,11,2,3122.8,45,2,3123.0,25,2,3123.4,28,2,3123.5,5,1
2031,2026-06-16 10:35:37+05:30,3122.1,24,3131.86,1040643,132504.0,202734.0,3163.0,3163.0,3108.0,3134.3,31871800,3447.7,2820.9,3839.9,2896.0,3122.3,1,1,3122.2,66,4,3122.1,47,4,3122.0,56,3,3121.9,38,4,3122.7,11,2,3122.8,45,2,3123.0,25,2,3123.4,28,2,3123.5,5,1
2031,2026-06-16 10:35:38+05:30,3122.1,24,3131.86,1040643,132504.0,202734.0,3163.0,3163.0,3108.0,3134.3,31871800,3447.7,2820.9,3839.9,2896.0,3122.3,1,1,3122.2,66,4,3122.1,47,4,3122.0,56,3,3121.9,38,4,3122.7,11,2,3122.8,45,2,3123.0,25,2,3123.4,28,2,3123.5,5,1
2031,2026-06-16 10:35:38+05:30,3122.1,24,3131.86,1040643,132504.0,202734.0,3163.0,3163.0,3108.0,3134.3,31871800,3447.7,2820.9,3839.9,2896.0,3122.3,1,1,3122.2,66,4,3122.1,47,4,3122.0,56,3,3121.9,38,4,3122.7,11,2,3122.8,45,2,3123.0,25,2,3123.4,28,2,3123.5,5,1
2031,2026-06-16 10:35:39+05:30,3123.5,1,3131.86,1040800,132238.0,202856.0,3163.0,3163.0,3108.0,3134.3,31871800,3447.7,2820.9,3839.9,2896.0,3122.5,1,1,3122.3,97,5,3122.2,28,2,3122.1,47,3,3122.0,61,2,3123.5,19,2,3123.6,32,1,3123.7,14,1,3123.8,117,2,3123.9,1046,18
2031,2026-06-16 10:35:39+05:30,3123.5,1,3131.86,1040800,132238.0,202856.0,3163.0,3163.0,3108.0,3134.3,31871800,3447.7,2820.9,3839.9,2896.0,3122.5,1,1,3122.3,97,5,3122.2,28,2,3122.1,47,3,3122.0,61,2,3123.5,19,2,3123.6,32,1,3123.7,14,1,3123.8,117,2,3123.9,1046,18
2031,2026-06-16 10:35:39+05:30,3123.5,1,3131.86,1040800,132238.0,202856.0,3163.0,3163.0,3108.0,3134.3,31871800,3447.7,2820.9,3839.9,2896.0,3122.5,1,1,3122.3,97,5,3122.2,28,2,3122.1,47,3,3122.0,61,2,3123.5,19,2,3123.6,32,1,3123.7,14,1,3123.8,117,2,3123.9,1046,18
2031,2026-06-16 10:35:40+05:30,3123.5,2,3131.86,1040806,131503.0,202150.0,3163.0,3163.0,3108.0,3134.3,31871800,3447.7,2820.9,3839.9,2896.0,3122.4,25,1,3122.3,41,2,3122.2,5,1,3122.1,50,2,3121.9,18,2,3123.5,127,5,3123.6,120,3,3123.7,56,2,3123.8,158,6,3123.9,1011,17
2031,2026-06-16 10:35:40+05:30,3122.4,25,3131.86,1040806,131503.0,202150.0,3163.0,3163.0,3108.0,3134.3,31871800,3447.7,2820.9,3839.9,2896.0,3122.4,25,1,3122.3,41,2,3122.2,5,1,3122.1,50,2,3121.9,18,2,3123.5,127,5,3123.6,120,3,3123.7,56,2,3123.8,158,6,3123.9,1011,17
2031,2026-06-16 10:35:40+05:30,3122.4,25,3131.86,1040806,131503.0,202150.0,3163.0,3163.0,3108.0,3134.3,31871800,3447.7,2820.9,3839.9,2896.0,3122.4,25,1,3122.3,41,2,3122.2,5,1,3122.1,50,2,3121.9,18,2,3123.5,127,5,3123.6,120,3,3123.7,56,2,3123.8,158,6,3123.9,1011,17
2031,2026-06-16 10:35:40+05:30,3123.5,23,3131.86,1040867,131951.0,203892.0,3163.0,3163.0,3108.0,3134.3,31871800,3447.7,2820.9,3839.9,2896.0,3122.4,74,3,3122.3,56,3,3122.2,44,2,3122.1,34,2,3122.0,19,1,3123.5,96,3,3123.6,89,3,3123.7,35,1,3123.8,96,4,3123.9,1006,16
2031,2026-06-16 10:35:41+05:30,3123.5,23,3131.86,1040867,131951.0,203892.0,3163.0,3163.0,3108.0,3134.3,31871800,3447.7,2820.9,3839.9,2896.0,3122.4,74,3,3122.3,56,3,3122.2,44,2,3122.1,34,2,3122.0,19,1,3123.5,96,3,3123.6,89,3,3123.7,35,1,3123.8,96,4,3123.9,1006,16
2031,2026-06-16 10:35:41+05:30,3123.5,1,3131.86,1040867,131951.0,203892.0,3163.0,3163.0,3108.0,3134.3,31871800,3447.7,2820.9,3839.9,2896.0,3122.4,74,3,3122.3,56,3,3122.2,44,2,3122.1,34,2,3122.0,19,1,3123.5,96,3,3123.6,89,3,3123.7,35,1,3123.8,96,4,3123.9,1006,16
2031,2026-06-16 10:35:41+05:30,3123.5,1,3131.86,1040867,131951.0,203892.0,3163.0,3163.0,3108.0,3134.3,31871800,3447.7,2820.9,3839.9,2896.0,3122.4,74,3,3122.3,56,3,3122.2,44,2,3122.1,34,2,3122.0,19,1,3123.5,96,3,3123.6,89,3,3123.7,35,1,3123.8,96,4,3123.9,1006,16
2031,2026-06-16 10:35:42+05:30,3123.5,1,3131.86,1040868,131713.0,203823.0,3163.0,3163.0,3108.0,3134.3,31871800,3447.7,2820.9,3839.9,2896.0,3122.4,63,2,3122.3,40,1,3122.2,44,2,3122.1,53,3,3121.9,29,2,3123.5,114,4,3123.6,143,4,3123.7,35,1,3123.8,165,6,3123.9,1011,17
2031,2026-06-16 10:35:42+05:30,3123.5,1,3131.86,1040868,131713.0,203823.0,3163.0,3163.0,3108.0,3134.3,31871800,3447.7,2820.9,3839.9,2896.0,3122.4,63,2,3122.3,40,1,3122.2,44,2,3122.1,53,3,3121.9,29,2,3123.5,114,4,3123.6,143,4,3123.7,35,1,3123.8,165,6,3123.9,1011,17
2031,2026-06-16 10:35:43+05:30,3123.0,5,3131.85,1041142,131464.0,204422.0,3163.0,3163.0,3108.0,3134.3,31871800,3447.7,2820.9,3839.9,2896.0,3122.4,38,1,3122.3,55,2,3122.2,5,1,3121.5,9,1,3121.4,15,2,3123.0,35,2,3123.1,87,4,3123.2,123,7,3123.3,96,4,3123.4,74,3
2031,2026-06-16 10:35:43+05:30,3123.0,5,3131.85,1041142,131464.0,204422.0,3163.0,3163.0,3108.0,3134.3,31871800,3447.7,2820.9,3839.9,2896.0,3122.4,38,1,3122.3,55,2,3122.2,5,1,3121.5,9,1,3121.4,15,2,3123.0,35,2,3123.1,87,4,3123.2,123,7,3123.3,96,4,3123.4,74,3
2031,2026-06-16 10:35:43+05:30,3123.0,5,3131.85,1041142,131464.0,204422.0,3163.0,3163.0,3108.0,3134.3,31871800,3447.7,2820.9,3839.9,2896.0,3122.4,38,1,3122.3,55,2,3122.2,5,1,3121.5,9,1,3121.4,15,2,3123.0,35,2,3123.1,87,4,3123.2,123,7,3123.3,96,4,3123.4,74,3
2031,2026-06-16 10:35:44+05:30,3123.0,3,3131.85,1041161,131728.0,204700.0,3163.0,3163.0,3108.0,3134.3,31871800,3447.7,2820.9,3839.9,2896.0,3122.4,38,1,3122.3,55,2,3122.2,5,1,3122.1,23,1,3122.0,2,1,3122.8,200,1,3123.1,23,1,3123.3,42,2,3123.4,29,1,3123.5,80,3
2031,2026-06-16 10:35:44+05:30,3122.8,1,3131.85,1041161,131728.0,204700.0,3163.0,3163.0,3108.0,3134.3,31871800,3447.7,2820.9,3839.9,2896.0,3122.4,38,1,3122.3,55,2,3122.2,5,1,3122.1,23,1,3122.0,2,1,3122.8,200,1,3123.1,23,1,3123.3,42,2,3123.4,29,1,3123.5,80,3
2031,2026-06-16 10:35:44+05:30,3122.8,1,3131.85,1041161,131728.0,204700.0,3163.0,3163.0,3108.0,3134.3,31871800,3447.7,2820.9,3839.9,2896.0,3122.4,38,1,3122.3,55,2,3122.2,5,1,3122.1,23,1,3122.0,2,1,3122.8,200,1,3123.1,23,1,3123.3,42,2,3123.4,29,1,3123.5,80,3
2031,2026-06-16 10:35:45+05:30,3122.4,162,3131.85,1041161,131728.0,204700.0,3163.0,3163.0,3108.0,3134.3,31871800,3447.7,2820.9,3839.9,2896.0,3122.4,38,1,3122.3,55,2,3122.2,5,1,3122.1,23,1,3122.0,2,1,3122.8,200,1,3123.1,23,1,3123.3,42,2,3123.4,29,1,3123.5,80,3
2031,2026-06-16 10:35:45+05:30,3122.4,162,3131.85,1041362,131661.0,204956.0,3163.0,3163.0,3108.0,3134.3,31871800,3447.7,2820.9,3839.9,2896.0,3122.4,23,2,3122.3,55,2,3122.0,5,2,3121.9,17,1,3121.8,4,1,3122.7,3,1,3122.8,232,2,3123.0,19,1,3123.1,23,1,3123.2,40,2
2031,2026-06-16 10:35:45+05:30,3122.4,162,3131.85,1041362,131661.0,204956.0,3163.0,3163.0,3108.0,3134.3,31860400,3447.7,2820.9,3839.9,2896.0,3122.4,23,2,3122.3,55,2,3122.0,5,2,3121.9,17,1,3121.8,4,1,3122.7,3,1,3122.8,232,2,3123.0,19,1,3123.1,23,1,3123.2,40,2
2031,2026-06-16 10:35:46+05:30,3122.3,1,3131.85,1041362,131661.0,204956.0,3163.0,3163.0,3108.0,3134.3,31860400,3447.7,2820.9,3839.9,2896.0,3122.4,23,2,3122.3,55,2,3122.0,5,2,3121.9,17,1,3121.8,4,1,3122.7,3,1,3122.8,232,2,3123.0,19,1,3123.1,23,1,3123.2,40,2
2031,2026-06-16 10:35:46+05:30,3122.3,1,3131.84,1042117,131466.0,203554.0,3163.0,3163.0,3108.0,3134.3,31860400,3447.7,2820.9,3839.9,2896.0,3121.9,14,1,3121.8,94,7,3121.7,28,3,3121.6,79,4,3121.5,29,3,3122.3,165,1,3122.4,79,1,3122.8,33,1,3123.1,23,1,3123.2,21,1
2031,2026-06-16 10:35:47+05:30,3122.8,4,3131.84,1042117,131466.0,203554.0,3163.0,3163.0,3108.0,3134.3,31860400,3447.7,2820.9,3839.9,2896.0,3121.9,14,1,3121.8,94,7,3121.7,28,3,3121.6,79,4,3121.5,29,3,3122.3,165,1,3122.4,79,1,3122.8,33,1,3123.1,23,1,3123.2,21,1
2031,2026-06-16 10:35:47+05:30,3122.8,4,3131.84,1042537,132625.0,202951.0,3163.0,3163.0,3108.0,3134.3,31860400,3447.7,2820.9,3839.9,2896.0,3122.6,21,3,3122.5,40,3,3122.4,75,5,3122.3,60,4,3122.2,70,4,3123.5,96,3,3124.0,71,3,3124.2,22,1,3124.3,54,1,3124.4,24,2
2031,2026-06-16 10:35:48+05:30,3124.0,18,3131.84,1042537,132625.0,202951.0,3163.0,3163.0,3108.0,3134.3,31860400,3447.7,2820.9,3839.9,2896.0,3122.6,21,3,3122.5,40,3,3122.4,75,5,3122.3,60,4,3122.2,70,4,3123.5,96,3,3124.0,71,3,3124.2,22,1,3124.3,54,1,3124.4,24,2
2031,2026-06-16 10:35:48+05:30,3124.0,18,3131.84,1042926,132248.0,201735.0,3163.0,3163.0,3108.0,3134.3,31860400,3447.7,2820.9,3839.9,2896.0,3122.6,82,4,3122.5,5,1,3122.4,105,5,3122.3,2,2,3122.2,223,3,3123.9,10,1,3124.0,29,2,3124.1,10,1,3124.3,114,3,3124.4,3,1
2031,2026-06-16 10:35:49+05:30,3122.4,28,3131.84,1042926,132248.0,201735.0,3163.0,3163.0,3108.0,3134.3,31860400,3447.7,2820.9,3839.9,2896.0,3122.6,82,4,3122.5,5,1,3122.4,105,5,3122.3,2,2,3122.2,223,3,3123.9,10,1,3124.0,29,2,3124.1,10,1,3124.3,114,3,3124.4,3,1
2031,2026-06-16 10:35:49+05:30,3122.4,28,3131.83,1043363,129126.0,206043.0,3163.0,3163.0,3108.0,3134.3,31860400,3447.7,2820.9,3839.9,2896.0,3122.3,1,1,3121.4,7,1,3121.2,5,1,3121.1,181,1,3121.0,34,2,3122.4,172,1,3122.5,312,2,3122.6,171,2,3122.7,196,2,3123.0,19,1
2031,2026-06-16 10:35:50+05:30,3122.3,1,3131.83,1043363,129126.0,206043.0,3163.0,3163.0,3108.0,3134.3,31860400,3447.7,2820.9,3839.9,2896.0,3122.3,1,1,3121.4,7,1,3121.2,5,1,3121.1,181,1,3121.0,34,2,3122.4,172,1,3122.5,312,2,3122.6,171,2,3122.7,196,2,3123.0,19,1
2031,2026-06-16 10:35:50+05:30,3122.3,25,3131.83,1043561,129872.0,205606.0,3163.0,3163.0,3108.0,3134.3,31860400,3447.7,2820.9,3839.9,2896.0,3121.6,14,1,3121.5,108,6,3121.4,53,3,3121.3,61,5,3121.2,93,7,3122.3,50,1,3122.4,23,1,3122.5,342,3,3122.6,167,2,3122.7,200,2
2031,2026-06-16 10:35:51+05:30,3122.3,25,3131.83,1043561,129872.0,205606.0,3163.0,3163.0,3108.0,3134.3,31860400,3447.7,2820.9,3839.9,2896.0,3121.6,14,1,3121.5,108,6,3121.4,53,3,3121.3,61,5,3121.2,93,7,3122.3,50,1,3122.4,23,1,3122.5,342,3,3122.6,167,2,3122.7,200,2
2031,2026-06-16 10:35:51+05:30,3122.3,45,3131.83,1043606,130803.0,206462.0,3163.0,3163.0,3108.0,3134.3,31860400,3447.7,2820.9,3839.9,2896.0,3121.8,44,4,3121.7,64,4,3121.6,87,5,3121.5,126,7,3121.4,44,3,3122.3,25,2,3122.4,23,1,3122.5,342,3,3122.6,167,2,3122.7,177,1
2031,2026-06-16 10:35:52+05:30,3122.3,1,3131.83,1043606,130803.0,206462.0,3163.0,3163.0,3108.0,3134.3,31860400,3447.7,2820.9,3839.9,2896.0,3121.8,44,4,3121.7,64,4,3121.6,87,5,3121.5,126,7,3121.4,44,3,3122.3,25,2,3122.4,23,1,3122.5,342,3,3122.6,167,2,3122.7,177,1
2031,2026-06-16 10:35:52+05:30,3122.3,1,3131.83,1043657,130615.0,206636.0,3163.0,3163.0,3108.0,3134.3,31860400,3447.7,2820.9,3839.9,2896.0,3121.8,30,3,3121.7,50,3,3121.6,87,5,3121.5,118,7,3121.4,67,4,3122.3,6,1,3122.4,23,1,3122.5,342,3,3122.6,167,2,3122.7,177,1
2031,2026-06-16 10:35:53+05:30,3122.5,1,3131.83,1043657,130615.0,206636.0,3163.0,3163.0,3108.0,3134.3,31860400,3447.7,2820.9,3839.9,2896.0,3121.8,30,3,3121.7,50,3,3121.6,87,5,3121.5,118,7,3121.4,67,4,3122.3,6,1,3122.4,23,1,3122.5,342,3,3122.6,167,2,3122.7,177,1
2031,2026-06-16 10:35:53+05:30,3122.5,1,3131.83,1043758,130992.0,205961.0,3163.0,3163.0,3108.0,3134.3,31860400,3447.7,2820.9,3839.9,2896.0,3121.9,14,1,3121.8,75,5,3121.7,71,4,3121.6,34,2,3121.5,118,7,3122.5,303,3,3122.6,167,2,3122.7,177,1,3123.2,54,1,3123.4,21,1
2031,2026-06-16 10:35:54+05:30,3122.5,41,3131.83,1043758,130992.0,205961.0,3163.0,3163.0,3108.0,3134.3,31860400,3447.7,2820.9,3839.9,2896.0,3121.9,14,1,3121.8,75,5,3121.7,71,4,3121.6,34,2,3121.5,118,7,3122.5,303,3,3122.6,167,2,3122.7,177,1,3123.2,54,1,3123.4,21,1
2031,2026-06-16 10:35:54+05:30,3122.7,3,3131.83,1044231,131760.0,204633.0,3163.0,3163.0,3108.0,3134.3,31860400,3447.7,2820.9,3839.9,2896.0,3122.6,33,3,3122.5,60,4,3122.4,43,3,3122.3,12,2,3122.2,56,4,3122.7,191,2,3123.2,22,1,3123.8,20,1,3123.9,200,1,3124.0,114,4
2031,2026-06-16 10:35:55+05:30,3123.9,9,3131.83,1044231,131760.0,204633.0,3163.0,3163.0,3108.0,3134.3,31860400,3447.7,2820.9,3839.9,2896.0,3122.6,33,3,3122.5,60,4,3122.4,43,3,3122.3,12,2,3122.2,56,4,3122.7,191,2,3123.2,22,1,3123.8,20,1,3123.9,200,1,3124.0,114,4
2031,2026-06-16 10:35:55+05:30,3123.9,9,3131.82,1044607,133751.0,202430.0,3163.0,3163.0,3108.0,3134.3,31860400,3447.7,2820.9,3839.9,2896.0,3123.3,28,1,3123.2,59,4,3123.1,78,4,3123.0,92,6,3122.9,77,4,3123.9,86,2,3124.0,40,2,3124.4,3,1,3124.6,74,2,3124.7,300,1
2031,2026-06-16 10:35:56+05:30,3124.4,3,3131.82,1044607,133751.0,202430.0,3163.0,3163.0,3108.0,3134.3,31860400,3447.7,2820.9,3839.9,2896.0,3123.3,28,1,3123.2,59,4,3123.1,78,4,3123.0,92,6,3122.9,77,4,3123.9,86,2,3124.0,40,2,3124.4,3,1,3124.6,74,2,3124.7,300,1
2031,2026-06-16 10:35:56+05:30,3124.4,3,3131.82,1044737,132480.0,203436.0,3163.0,3163.0,3108.0,3134.3,31860400,3447.7,2820.9,3839.9,2896.0,3124.4,12,1,3123.4,132,4,3123.3,102,3,3123.2,76,3,3123.1,131,4,3124.6,97,2,3124.7,300,1,3124.8,85,2,3125.0,135,7,3125.1,35,2
2031,2026-06-16 10:35:57+05:30,3124.6,1,3131.82,1044737,132480.0,203436.0,3163.0,3163.0,3108.0,3134.3,31860400,3447.7,2820.9,3839.9,2896.0,3124.4,12,1,3123.4,132,4,3123.3,102,3,3123.2,76,3,3123.1,131,4,3124.6,97,2,3124.7,300,1,3124.8,85,2,3125.0,135,7,3125.1,35,2
2031,2026-06-16 10:35:57+05:30,3124.6,1,3131.82,1044875,132356.0,203597.0,3163.0,3163.0,3108.0,3134.3,31860400,3447.7,2820.9,3839.9,2896.0,3124.4,12,1,3123.6,23,1,3123.4,113,3,3123.3,102,3,3123.2,57,2,3124.6,46,2,3124.7,329,2,3124.8,85,2,3124.9,21,1,3125.0,114,6
2031,2026-06-16 10:35:58+05:30,3124.4,1,3131.82,1044875,132356.0,203597.0,3163.0,3163.0,3108.0,3134.3,31860400,3447.7,2820.9,3839.9,2896.0,3124.4,12,1,3123.6,23,1,3123.4,113,3,3123.3,102,3,3123.2,57,2,3124.6,46,2,3124.7,329,2,3124.8,85,2,3124.9,21,1,3125.0,114,6
2031,2026-06-16 10:35:58+05:30,3124.6,2,3131.82,1044890,132660.0,203609.0,3163.0,3163.0,3108.0,3134.3,31860400,3447.7,2820.9,3839.9,2896.0,3124.5,25,1,3124.4,45,2,3123.9,23,1,3123.6,13,1,3123.5,2,1,3124.6,63,3,3124.7,329,2,3124.8,85,2,3125.0,114,6,3125.1,35,2
2031,2026-06-16 10:35:59+05:30,3124.6,5,3131.82,1044890,132660.0,203609.0,3163.0,3163.0,3108.0,3134.3,31860400,3447.7,2820.9,3839.9,2896.0,3124.5,25,1,3124.4,45,2,3123.9,23,1,3123.6,13,1,3123.5,2,1,3124.6,63,3,3124.7,329,2,3124.8,85,2,3125.0,114,6,3125.1,35,2
2031,2026-06-16 10:35:59+05:30,3124.6,19,3131.82,1044953,133195.0,202374.0,3163.0,3163.0,3108.0,3134.3,31860400,3447.7,2820.9,3839.9,2896.0,3124.6,23,1,3124.5,47,1,3124.4,45,2,3124.2,23,1,3124.0,39,3,3124.7,329,2,3124.8,85,2,3125.0,137,7,3125.2,25,1,3125.4,20,1
2031,2026-06-16 10:36:00+05:30,3124.7,18,3131.82,1044953,133195.0,202374.0,3163.0,3163.0,3108.0,3134.3,31860400,3447.7,2820.9,3839.9,2896.0,3124.6,23,1,3124.5,47,1,3124.4,45,2,3124.2,23,1,3124.0,39,3,3124.7,329,2,3124.8,85,2,3125.0,137,7,3125.2,25,1,3125.4,20,1
2031,2026-06-16 10:36:00+05:30,3124.6,3,3131.82,1045243,133114.0,204861.0,3163.0,3163.0,3108.0,3134.3,31860400,3447.7,2820.9,3839.9,2896.0,3124.6,8,3,3124.5,47,1,3124.4,45,2,3124.2,25,2,3124.0,14,1,3124.7,80,3,3124.8,107,3,3125.0,117,6,3125.2,25,1,3125.4,20,1
2031,2026-06-16 10:36:01+05:30,3124.6,1,3131.82,1045243,133114.0,204861.0,3163.0,3163.0,3108.0,3134.3,31860400,3447.7,2820.9,3839.9,2896.0,3124.6,8,3,3124.5,47,1,3124.4,45,2,3124.2,25,2,3124.0,14,1,3124.7,80,3,3124.8,107,3,3125.0,117,6,3125.2,25,1,3125.4,20,1
2031,2026-06-16 10:36:01+05:30,3124.7,10,3131.82,1045332,132713.0,203242.0,3163.0,3163.0,3108.0,3134.3,31860400,3447.7,2820.9,3839.9,2896.0,3124.6,11,3,3124.5,48,2,3124.4,46,3,3124.0,14,1,3123.9,23,1,3124.7,373,5,3124.8,107,3,3124.9,100,1,3125.0,136,7,3125.2,62,3
2031,2026-06-16 10:36:02+05:30,3124.6,68,3131.82,1045332,132713.0,203242.0,3163.0,3163.0,3108.0,3134.3,31860400,3447.7,2820.9,3839.9,2896.0,3124.6,11,3,3124.5,48,2,3124.4,46,3,3124.0,14,1,3123.9,23,1,3124.7,373,5,3124.8,107,3,3124.9,100,1,3125.0,136,7,3125.2,62,3
2031,2026-06-16 10:36:02+05:30,3124.0,66,3131.81,1046114,130388.0,205055.0,3163.0,3163.0,3108.0,3134.3,31860400,3447.7,2820.9,3839.9,2896.0,3123.4,13,3,3122.7,28,1,3122.6,4,1,3122.5,45,2,3122.4,69,3,3123.6,133,1,3123.7,200,1,3123.9,19,1,3124.1,221,2,3124.2,19,1
2031,2026-06-16 10:36:03+05:30,3123.4,2,3131.81,1046114,130388.0,205055.0,3163.0,3163.0,3108.0,3134.3,31860400,3447.7,2820.9,3839.9,2896.0,3123.4,13,3,3122.7,28,1,3122.6,4,1,3122.5,45,2,3122.4,69,3,3123.6,133,1,3123.7,200,1,3123.9,19,1,3124.1,221,2,3124.2,19,1
2031,2026-06-16 10:36:03+05:30,3123.5,83,3131.81,1046549,129831.0,207258.0,3163.0,3163.0,3108.0,3134.3,31860400,3447.7,2820.9,3839.9,2896.0,3123.1,61,3,3123.0,95,6,3122.9,109,7,3122.8,65,5,3122.7,113,7,3123.5,180,2,3123.6,23,1,3123.7,22,1,3124.1,200,1,3124.2,221,2
2031,2026-06-16 10:36:04+05:30,3123.4,63,3131.81,1046549,129831.0,207258.0,3163.0,3163.0,3108.0,3134.3,31860400,3447.7,2820.9,3839.9,2896.0,3123.1,61,3,3123.0,95,6,3122.9,109,7,3122.8,65,5,3122.7,113,7,3123.5,180,2,3123.6,23,1,3123.7,22,1,3124.1,200,1,3124.2,221,2
2031,2026-06-16 10:36:04+05:30,3123.4,2,3131.81,1046731,130784.0,206687.0,3163.0,3163.0,3108.0,3134.3,31860400,3447.7,2820.9,3839.9,2896.0,3123.2,14,1,3123.1,134,8,3123.0,164,6,3122.9,92,7,3122.8,61,5,3123.5,153,4,3123.6,23,1,3123.7,22,1,3124.1,200,1,3124.2,221,2
2031,2026-06-16 10:36:05+05:30,3123.2,7,3131.81,1046731,130784.0,206687.0,3163.0,3163.0,3108.0,3134.3,31860400,3447.7,2820.9,3839.9,2896.0,3123.2,14,1,3123.1,134,8,3123.0,164,6,3122.9,92,7,3122.8,61,5,3123.5,153,4,3123.6,23,1,3123.7,22,1,3124.1,200,1,3124.2,221,2
2031,2026-06-16 10:36:05+05:30,3123.5,3,3131.81,1046741,130783.0,204906.0,3163.0,3163.0,3108.0,3134.3,31860400,3447.7,2820.9,3839.9,2896.0,3123.2,7,1,3123.1,104,7,3123.0,164,6,3122.9,122,8,3122.8,61,5,3123.5,150,4,3123.6,23,1,3123.7,22,1,3124.1,222,2,3124.2,221,2
2031,2026-06-16 10:36:06+05:30,3123.5,2,3131.81,1046741,130783.0,204906.0,3163.0,3163.0,3108.0,3134.3,31860400,3447.7,2820.9,3839.9,2896.0,3123.2,7,1,3123.1,104,7,3123.0,164,6,3122.9,122,8,3122.8,61,5,3123.5,150,4,3123.6,23,1,3123.7,22,1,3124.1,222,2,3124.2,221,2
2031,2026-06-16 10:36:06+05:30,3123.5,2,3131.81,1046756,130806.0,206754.0,3163.0,3163.0,3108.0,3134.3,31860400,3447.7,2820.9,3839.9,2896.0,3123.2,7,1,3123.1,104,7,3123.0,164,6,3122.9,122,8,3122.8,84,6,3123.5,135,4,3123.6,23,1,3123.7,22,1,3124.1,222,2,3124.2,221,2
2031,2026-06-16 10:36:07+05:30,3123.5,30,3131.81,1046756,130806.0,206754.0,3163.0,3163.0,3108.0,3134.3,31860400,3447.7,2820.9,3839.9,2896.0,3123.2,7,1,3123.1,104,7,3123.0,164,6,3122.9,122,8,3122.8,84,6,3123.5,135,4,3123.6,23,1,3123.7,22,1,3124.1,222,2,3124.2,221,2
2031,2026-06-16 10:36:07+05:30,3123.7,22,3131.8,1046958,131400.0,206203.0,3163.0,3163.0,3108.0,3134.3,31860400,3447.7,2820.9,3839.9,2896.0,3123.7,21,2,3123.6,35,3,3123.5,53,3,3123.4,18,3,3123.3,71,5,3124.1,222,2,3124.2,200,1,3124.5,144,1,3124.6,426,4,3124.7,327,3
2031,2026-06-16 10:36:08+05:30,3123.7,1,3131.8,1046958,131400.0,206203.0,3163.0,3163.0,3108.0,3134.3,31860400,3447.7,2820.9,3839.9,2896.0,3123.7,21,2,3123.6,35,3,3123.5,53,3,3123.4,18,3,3123.3,71,5,3124.1,222,2,3124.2,200,1,3124.5,144,1,3124.6,426,4,3124.7,327,3
2031,2026-06-16 10:36:08+05:30,3123.7,1,3131.8,1046959,131406.0,206987.0,3163.0,3163.0,3108.0,3134.3,31860400,3447.7,2820.9,3839.9,2896.0,3123.7,6,1,3123.6,30,2,3123.5,67,3,3123.4,10,3,3123.3,74,4,3123.9,1,1,3124.1,222,2,3124.2,221,2,3124.5,198,2,3124.6,445,5
2031,2026-06-16 10:36:09+05:30,3123.6,23,3131.8,1046959,131406.0,206987.0,3163.0,3163.0,3108.0,3134.3,31860400,3447.7,2820.9,3839.9,2896.0,3123.7,6,1,3123.6,30,2,3123.5,67,3,3123.4,10,3,3123.3,74,4,3123.9,1,1,3124.1,222,2,3124.2,221,2,3124.5,198,2,3124.6,445,5
2031,2026-06-16 10:36:09+05:30,3123.5,6,3131.8,1047313,130879.0,206898.0,3163.0,3163.0,3108.0,3134.3,31860400,3447.7,2820.9,3839.9,2896.0,3123.4,16,3,3123.3,35,2,3123.2,3,1,3123.1,44,2,3123.0,171,6,3123.5,60,1,3124.1,184,2,3124.2,221,2,3124.4,41,2,3124.5,221,3
2031,2026-06-16 10:36:10+05:30,3123.3,5,3131.8,1047313,130879.0,206898.0,3163.0,3163.0,3108.0,3134.3,31860400,3447.7,2820.9,3839.9,2896.0,3123.4,16,3,3123.3,35,2,3123.2,3,1,3123.1,44,2,3123.0,171,6,3123.5,60,1,3124.1,184,2,3124.2,221,2,3124.4,41,2,3124.5,221,3
2031,2026-06-16 10:36:11+05:30,3123.5,18,3131.8,1047464,131007.0,206490.0,3163.0,3163.0,3108.0,3134.3,31860400,3447.7,2820.9,3839.9,2896.0,3123.4,10,1,3123.3,32,3,3123.1,37,2,3123.0,151,4,3122.9,28,2,3123.5,6,2,3124.1,203,3,3124.2,221,2,3124.4,88,4,3124.5,292,4
2031,2026-06-16 10:36:11+05:30,3123.5,18,3131.8,1047464,131007.0,206490.0,3163.0,3163.0,3108.0,3134.3,31860400,3447.7,2820.9,3839.9,2896.0,3123.4,10,1,3123.3,32,3,3123.1,37,2,3123.0,151,4,3122.9,28,2,3123.5,6,2,3124.1,203,3,3124.2,221,2,3124.4,88,4,3124.5,292,4
2031,2026-06-16 10:36:12+05:30,3123.5,1,3131.8,1047470,131185.0,206757.0,3163.0,3163.0,3108.0,3134.3,31860400,3447.7,2820.9,3839.9,2896.0,3123.5,44,1,3123.4,10,1,3123.3,32,3,3123.1,37,2,3123.0,129,3,3124.1,184,2,3124.2,221,2,3124.4,17,1,3124.5,198,2,3124.6,469,6
2031,2026-06-16 10:36:12+05:30,3123.5,1,3131.8,1047470,131185.0,206757.0,3163.0,3163.0,3108.0,3134.3,31860400,3447.7,2820.9,3839.9,2896.0,3123.5,44,1,3123.4,10,1,3123.3,32,3,3123.1,37,2,3123.0,129,3,3124.1,184,2,3124.2,221,2,3124.4,17,1,3124.5,198,2,3124.6,469,6
2031,2026-06-16 10:36:13+05:30,3124.1,1,3131.8,1047688,131061.0,204589.0,3163.0,3163.0,3108.0,3134.3,31860400,3447.7,2820.9,3839.9,2896.0,3123.1,57,3,3123.0,179,5,3122.9,31,2,3122.8,12,3,3122.7,113,8,3124.1,131,3,3124.2,240,3,3124.4,36,2,3124.5,221,3,3124.6,533,7
2031,2026-06-16 10:36:13+05:30,3124.1,1,3131.8,1047688,131061.0,204589.0,3163.0,3163.0,3108.0,3134.3,31860400,3447.7,2820.9,3839.9,2896.0,3123.1,57,3,3123.0,179,5,3122.9,31,2,3122.8,12,3,3122.7,113,8,3124.1,131,3,3124.2,240,3,3124.4,36,2,3124.5,221,3,3124.6,533,7
2031,2026-06-16 10:36:14+05:30,3123.5,10,3131.8,1047698,130661.0,206860.0,3163.0,3163.0,3108.0,3134.3,31860400,3447.7,2820.9,3839.9,2896.0,3123.5,8,1,3123.0,123,3,3122.9,31,2,3122.8,12,3,3122.7,68,7,3124.0,10,1,3124.1,188,5,3124.2,221,2,3124.3,90,3,3124.4,107,3
2031,2026-06-16 10:36:14+05:30,3123.5,10,3131.8,1047698,130661.0,206860.0,3163.0,3163.0,3108.0,3134.3,31860400,3447.7,2820.9,3839.9,2896.0,3123.5,8,1,3123.0,123,3,3122.9,31,2,3122.8,12,3,3122.7,68,7,3124.0,10,1,3124.1,188,5,3124.2,221,2,3124.3,90,3,3124.4,107,3
2031,2026-06-16 10:36:15+05:30,3124.0,5,3131.8,1047703,130981.0,206541.0,3163.0,3163.0,3108.0,3134.3,31860400,3447.7,2820.9,3839.9,2896.0,3123.5,32,2,3123.0,123,3,3122.9,7,1,3122.8,12,3,3122.7,31,5,3124.0,85,5,3124.1,170,4,3124.2,295,5,3124.3,85,3,3124.4,151,4
2031,2026-06-16 10:36:15+05:30,3123.9,20,3131.8,1047703,130981.0,206541.0,3163.0,3163.0,3108.0,3134.3,31860400,3447.7,2820.9,3839.9,2896.0,3123.5,32,2,3123.0,123,3,3122.9,7,1,3122.8,12,3,3122.7,31,5,3124.0,85,5,3124.1,170,4,3124.2,295,5,3124.3,85,3,3124.4,151,4
2031,2026-06-16 10:36:16+05:30,3123.5,1,3131.8,1047703,130981.0,206541.0,3163.0,3163.0,3108.0,3134.3,31860400,3447.7,2820.9,3839.9,2896.0,3123.5,32,2,3123.0,123,3,3122.9,7,1,3122.8,12,3,3122.7,31,5,3124.0,85,5,3124.1,170,4,3124.2,295,5,3124.3,85,3,3124.4,151,4
2031,2026-06-16 10:36:16+05:30,3123.5,1,3131.8,1047923,130874.0,204696.0,3163.0,3163.0,3108.0,3134.3,31860400,3447.7,2820.9,3839.9,2896.0,3123.5,44,4,3123.0,106,2,3122.9,7,1,3122.8,35,4,3122.7,31,5,3123.9,2,1,3124.0,122,6,3124.1,145,3,3124.2,240,3,3124.3,38,1
2031,2026-06-16 10:36:17+05:30,3124.0,7,3131.8,1047923,130874.0,204696.0,3163.0,3163.0,3108.0,3134.3,31860400,3447.7,2820.9,3839.9,2896.0,3123.5,44,4,3123.0,106,2,3122.9,7,1,3122.8,35,4,3122.7,31,5,3123.9,2,1,3124.0,122,6,3124.1,145,3,3124.2,240,3,3124.3,38,1
2031,2026-06-16 10:36:17+05:30,3124.0,7,3131.8,1048010,130907.0,206595.0,3163.0,3163.0,3108.0,3134.3,31860400,3447.7,2820.9,3839.9,2896.0,3123.5,82,5,3123.0,106,2,3122.9,7,1,3122.8,35,4,3122.7,31,5,3124.0,77,3,3124.1,145,3,3124.2,240,3,3124.3,38,1,3124.4,46,2
2031,2026-06-16 10:36:18+05:30,3124.0,7,3131.8,1048010,130971.0,207263.0,3163.0,3163.0,3108.0,3134.3,31860400,3447.7,2820.9,3839.9,2896.0,3123.5,85,7,3123.0,129,3,3122.9,7,1,3122.8,7,2,3122.7,50,5,3123.8,200,1,3123.9,32,1,3124.0,104,4,3124.1,145,3,3124.2,240,3
2031,2026-06-16 10:36:19+05:30,3123.7,1,3131.79,1048212,130871.0,206051.0,3163.0,3163.0,3108.0,3134.3,31860400,3447.7,2820.9,3839.9,2896.0,3123.6,10,1,3123.5,85,7,3123.3,1,1,3123.2,7,1,3123.1,12,1,3123.7,30,1,3123.8,40,2,3123.9,32,1,3124.0,86,3,3124.1,84,1
2031,2026-06-16 10:36:19+05:30,3123.7,1,3131.79,1048212,130871.0,206051.0,3163.0,3163.0,3108.0,3134.3,31860400,3447.7,2820.9,3839.9,2896.0,3123.6,10,1,3123.5,85,7,3123.3,1,1,3123.2,7,1,3123.1,12,1,3123.7,30,1,3123.8,40,2,3123.9,32,1,3124.0,86,3,3124.1,84,1
2031,2026-06-16 10:36:20+05:30,3123.9,30,3131.79,1048212,130871.0,206051.0,3163.0,3163.0,3108.0,3134.3,31860400,3447.7,2820.9,3839.9,2896.0,3123.6,10,1,3123.5,85,7,3123.3,1,1,3123.2,7,1,3123.1,12,1,3123.7,30,1,3123.8,40,2,3123.9,32,1,3124.0,86,3,3124.1,84,1
2031,2026-06-16 10:36:20+05:30,3123.9,30,3131.79,1048312,131036.0,206190.0,3163.0,3163.0,3108.0,3134.3,31860400,3447.7,2820.9,3839.9,2896.0,3123.6,10,1,3123.5,62,6,3123.3,1,1,3123.2,7,1,3123.1,35,2,3123.9,2,1,3124.0,101,4,3124.1,84,1,3124.4,75,2,3124.5,164,2
2031,2026-06-16 10:36:21+05:30,3124.0,4,3131.79,1048377,131027.0,205896.0,3163.0,3163.0,3108.0,3134.3,31860400,3447.7,2820.9,3839.9,2896.0,3123.6,52,2,3123.5,62,6,3123.3,1,1,3123.1,39,3,3123.0,193,4,3123.9,1,1,3124.0,48,3,3124.1,84,1,3124.4,107,3,3124.5,191,3
2031,2026-06-16 10:36:21+05:30,3124.0,4,3131.79,1048377,131027.0,205896.0,3163.0,3163.0,3108.0,3134.3,31860400,3447.7,2820.9,3839.9,2896.0,3123.6,52,2,3123.5,62,6,3123.3,1,1,3123.1,39,3,3123.0,193,4,3123.9,1,1,3124.0,48,3,3124.1,84,1,3124.4,107,3,3124.5,191,3
2031,2026-06-16 10:36:22+05:30,3124.0,4,3131.79,1048377,131027.0,205896.0,3163.0,3163.0,3108.0,3134.3,31860400,3447.7,2820.9,3839.9,2896.0,3123.6,52,2,3123.5,62,6,3123.3,1,1,3123.1,39,3,3123.0,193,4,3123.9,1,1,3124.0,48,3,3124.1,84,1,3124.4,107,3,3124.5,191,3
2031,2026-06-16 10:36:22+05:30,3124.0,4,3131.79,1048409,131024.0,205760.0,3163.0,3163.0,3108.0,3134.3,31860400,3447.7,2820.9,3839.9,2896.0,3123.6,25,1,3123.5,62,6,3123.3,1,1,3123.1,6,2,3123.0,122,3,3124.0,63,4,3124.1,99,2,3124.2,19,1,3124.3,42,2,3124.4,128,4
2031,2026-06-16 10:36:23+05:30,3123.6,50,3131.79,1048409,131024.0,205760.0,3163.0,3163.0,3108.0,3134.3,31860400,3447.7,2820.9,3839.9,2896.0,3123.6,25,1,3123.5,62,6,3123.3,1,1,3123.1,6,2,3123.0,122,3,3124.0,63,4,3124.1,99,2,3124.2,19,1,3124.3,42,2,3124.4,128,4
2031,2026-06-16 10:36:23+05:30,3123.6,50,3131.79,1048484,130992.0,206028.0,3163.0,3163.0,3108.0,3134.3,31860400,3447.7,2820.9,3839.9,2896.0,3123.5,85,7,3123.3,1,1,3123.1,6,2,3123.0,139,4,3122.8,43,4,3123.6,69,1,3124.0,63,4,3124.1,155,3,3124.2,19,1,3124.3,92,3
2031,2026-06-16 10:36:24+05:30,3123.6,10,3131.79,1048484,130992.0,206028.0,3163.0,3163.0,3108.0,3134.3,31860400,3447.7,2820.9,3839.9,2896.0,3123.5,85,7,3123.3,1,1,3123.1,6,2,3123.0,139,4,3122.8,43,4,3123.6,69,1,3124.0,63,4,3124.1,155,3,3124.2,19,1,3124.3,92,3
2031,2026-06-16 10:36:24+05:30,3123.6,10,3131.79,1048505,131185.0,207159.0,3163.0,3163.0,3108.0,3134.3,31860400,3447.7,2820.9,3839.9,2896.0,3123.5,85,7,3123.3,24,2,3123.1,6,2,3123.0,174,6,3122.9,54,1,3123.6,84,2,3124.0,74,4,3124.1,155,3,3124.4,19,1,3124.5,135,4
2031,2026-06-16 10:36:25+05:30,3124.0,7,3131.79,1048505,131185.0,207159.0,3163.0,3163.0,3108.0,3134.3,31860400,3447.7,2820.9,3839.9,2896.0,3123.5,85,7,3123.3,24,2,3123.1,6,2,3123.0,174,6,3122.9,54,1,3123.6,84,2,3124.0,74,4,3124.1,155,3,3124.4,19,1,3124.5,135,4
2031,2026-06-16 10:36:25+05:30,3124.1,22,3131.79,1048711,131589.0,206405.0,3163.0,3163.0,3108.0,3134.3,31860400,3447.7,2820.9,3839.9,2896.0,3123.9,50,1,3123.5,84,6,3123.3,1,1,3123.2,7,1,3123.1,60,3,3124.1,133,3,3124.5,23,2,3124.6,226,3,3124.7,362,3,3124.8,398,7
2031,2026-06-16 10:36:26+05:30,3124.1,22,3131.79,1048711,131589.0,206405.0,3163.0,3163.0,3108.0,3134.3,31860400,3447.7,2820.9,3839.9,2896.0,3123.9,50,1,3123.5,84,6,3123.3,1,1,3123.2,7,1,3123.1,60,3,3124.1,133,3,3124.5,23,2,3124.6,226,3,3124.7,362,3,3124.8,398,7
2031,2026-06-16 10:36:26+05:30,3124.1,22,3131.79,1048711,131557.0,206703.0,3163.0,3163.0,3108.0,3134.3,31860400,3447.7,2820.9,3839.9,2896.0,3123.9,59,2,3123.5,43,4,3123.3,1,1,3123.2,30,2,3123.1,60,3,3124.1,133,3,3124.5,23,2,3124.6,248,4,3124.7,397,4,3124.8,452,8
2031,2026-06-16 10:36:27+05:30,3124.1,22,3131.79,1048711,131698.0,206250.0,3163.0,3163.0,3108.0,3134.3,31860400,3447.7,2820.9,3839.9,2896.0,3123.9,96,3,3123.8,23,1,3123.6,53,3,3123.5,43,4,3123.4,71,2,3124.1,133,3,3124.5,23,2,3124.6,248,4,3124.7,361,3,3124.8,345,5
2031,2026-06-16 10:36:27+05:30,3124.1,22,3131.79,1048711,131698.0,206250.0,3163.0,3163.0,3108.0,3134.3,31860400,3447.7,2820.9,3839.9,2896.0,3123.9,96,3,3123.8,23,1,3123.6,53,3,3123.5,43,4,3123.4,71,2,3124.1,133,3,3124.5,23,2,3124.6,248,4,3124.7,361,3,3124.8,345,5
2031,2026-06-16 10:36:28+05:30,3124.1,22,3131.79,1048711,131691.0,206305.0,3163.0,3163.0,3108.0,3134.3,31860400,3447.7,2820.9,3839.9,2896.0,3123.9,96,3,3123.8,23,1,3123.6,53,3,3123.5,43,4,3123.4,52,1,3124.0,1,1,3124.1,133,3,3124.5,23,2,3124.6,248,4,3124.7,361,3
2031,2026-06-16 10:36:29+05:30,3124.1,1,3131.79,1048711,131691.0,206305.0,3163.0,3163.0,3108.0,3134.3,31860400,3447.7,2820.9,3839.9,2896.0,3123.9,96,3,3123.8,23,1,3123.6,53,3,3123.5,43,4,3123.4,52,1,3124.0,1,1,3124.1,133,3,3124.5,23,2,3124.6,248,4,3124.7,361,3
2031,2026-06-16 10:36:29+05:30,3124.1,1,3131.79,1048711,131691.0,206305.0,3163.0,3163.0,3108.0,3134.3,31860400,3447.7,2820.9,3839.9,2896.0,3123.9,96,3,3123.8,23,1,3123.6,53,3,3123.5,43,4,3123.4,52,1,3124.0,1,1,3124.1,133,3,3124.5,23,2,3124.6,248,4,3124.7,361,3
2031,2026-06-16 10:36:29+05:30,3124.1,1,3131.79,1048776,131678.0,204093.0,3163.0,3163.0,3108.0,3134.3,31860400,3447.7,2820.9,3839.9,2896.0,3123.9,96,3,3123.8,23,1,3123.6,53,3,3123.5,43,4,3123.4,66,2,3124.1,69,2,3124.5,23,2,3124.6,248,4,3124.7,380,4,3124.8,306,4
2031,2026-06-16 10:36:30+05:30,3123.9,4,3131.79,1048776,131678.0,204093.0,3163.0,3163.0,3108.0,3134.3,31860400,3447.7,2820.9,3839.9,2896.0,3123.9,96,3,3123.8,23,1,3123.6,53,3,3123.5,43,4,3123.4,66,2,3124.1,69,2,3124.5,23,2,3124.6,248,4,3124.7,380,4,3124.8,306,4
2031,2026-06-16 10:36:30+05:30,3124.1,1,3131.79,1048946,131646.0,206578.0,3163.0,3163.0,3108.0,3134.3,31860400,3447.7,2820.9,3839.9,2896.0,3124.1,24,1,3124.0,9,3,3123.9,6,2,3123.5,43,4,3123.4,23,1,3124.5,23,2,3124.6,248,4,3124.7,361,3,3124.8,306,4,3124.9,210,4
2031,2026-06-16 10:36:31+05:30,3124.1,1,3131.79,1048946,131646.0,206578.0,3163.0,3163.0,3108.0,3134.3,31860400,3447.7,2820.9,3839.9,2896.0,3124.1,24,1,3124.0,9,3,3123.9,6,2,3123.5,43,4,3123.4,23,1,3124.5,23,2,3124.6,248,4,3124.7,361,3,3124.8,306,4,3124.9,210,4
2031,2026-06-16 10:36:31+05:30,3124.1,1,3131.79,1048946,131646.0,206578.0,3163.0,3163.0,3108.0,3134.3,31860400,3447.7,2820.9,3839.9,2896.0,3124.1,24,1,3124.0,9,3,3123.9,6,2,3123.5,43,4,3123.4,23,1,3124.5,23,2,3124.6,248,4,3124.7,361,3,3124.8,306,4,3124.9,210,4
2031,2026-06-16 10:36:31+05:30,3124.5,1,3131.79,1048947,131543.0,206419.0,3163.0,3163.0,3108.0,3134.3,31860400,3447.7,2820.9,3839.9,2896.0,3124.1,24,1,3124.0,9,3,3123.9,6,2,3123.5,5,3,3123.4,5,1,3124.5,65,5,3124.6,250,5,3124.7,361,3,3124.8,388,7,3124.9,274,5
2031,2026-06-16 10:36:32+05:30,3124.5,7,3131.79,1048947,131543.0,206419.0,3163.0,3163.0,3108.0,3134.3,31860400,3447.7,2820.9,3839.9,2896.0,3124.1,24,1,3124.0,9,3,3123.9,6,2,3123.5,5,3,3123.4,5,1,3124.5,65,5,3124.6,250,5,3124.7,361,3,3124.8,388,7,3124.9,274,5
2031,2026-06-16 10:36:32+05:30,3124.5,7,3131.79,1048976,131583.0,206448.0,3163.0,3163.0,3108.0,3134.3,31860400,3447.7,2820.9,3839.9,2896.0,3124.1,24,1,3124.0,9,3,3123.9,6,2,3123.5,5,3,3123.4,5,1,3124.4,200,1,3124.5,36,3,3124.6,50,4,3124.7,361,3,3124.8,418,8
2031,2026-06-16 10:36:32+05:30,3124.5,7,3131.79,1048976,131583.0,206448.0,3163.0,3163.0,3108.0,3134.3,31860400,3447.7,2820.9,3839.9,2896.0,3124.1,24,1,3124.0,9,3,3123.9,6,2,3123.5,5,3,3123.4,5,1,3124.4,200,1,3124.5,36,3,3124.6,50,4,3124.7,361,3,3124.8,418,8
2031,2026-06-16 10:36:33+05:30,3124.4,4,3131.79,1049194,131529.0,204406.0,3163.0,3163.0,3108.0,3134.3,31860400,3447.7,2820.9,3839.9,2896.0,3124.0,9,3,3123.9,6,2,3123.5,5,3,3123.4,5,1,3123.3,6,2,3124.4,26,2,3124.5,17,2,3124.6,103,6,3124.7,361,3,3124.8,389,7
2031,2026-06-16 10:36:34+05:30,3124.4,4,3131.79,1049194,131529.0,204406.0,3163.0,3163.0,3108.0,3134.3,31860400,3447.7,2820.9,3839.9,2896.0,3124.0,9,3,3123.9,6,2,3123.5,5,3,3123.4,5,1,3123.3,6,2,3124.4,26,2,3124.5,17,2,3124.6,103,6,3124.7,361,3,3124.8,389,7
2031,2026-06-16 10:36:34+05:30,3124.4,1,3131.79,1049195,131611.0,206542.0,3163.0,3163.0,3108.0,3134.3,31860400,3447.7,2820.9,3839.9,2896.0,3124.0,9,3,3123.9,6,2,3123.8,22,1,3123.5,5,3,3123.4,5,1,3124.4,6,1,3124.5,17,2,3124.6,69,5,3124.7,326,2,3124.8,359,6
2031,2026-06-16 10:36:34+05:30,3124.4,1,3131.79,1049195,131611.0,206542.0,3163.0,3163.0,3108.0,3134.3,31860400,3447.7,2820.9,3839.9,2896.0,3124.0,9,3,3123.9,6,2,3123.8,22,1,3123.5,5,3,3123.4,5,1,3124.4,6,1,3124.5,17,2,3124.6,69,5,3124.7,326,2,3124.8,359,6
2031,2026-06-16 10:36:35+05:30,3124.0,6,3131.79,1049195,131611.0,206542.0,3163.0,3163.0,3108.0,3134.3,31860400,3447.7,2820.9,3839.9,2896.0,3124.0,9,3,3123.9,6,2,3123.8,22,1,3123.5,5,3,3123.4,5,1,3124.4,6,1,3124.5,17,2,3124.6,69,5,3124.7,326,2,3124.8,359,6
2031,2026-06-16 10:36:35+05:30,3124.6,8,3131.79,1049260,131646.0,204157.0,3163.0,3163.0,3108.0,3134.3,31860400,3447.7,2820.9,3839.9,2896.0,3124.2,2,2,3124.0,33,2,3123.9,6,2,3123.6,6,1,3123.5,28,4,3124.6,41,3,3124.7,357,3,3124.8,285,3,3124.9,100,1,3125.0,161,8
2031,2026-06-16 10:36:36+05:30,3124.6,8,3131.79,1049260,131646.0,204157.0,3163.0,3163.0,3108.0,3134.3,31860400,3447.7,2820.9,3839.9,2896.0,3124.2,2,2,3124.0,33,2,3123.9,6,2,3123.6,6,1,3123.5,28,4,3124.6,41,3,3124.7,357,3,3124.8,285,3,3124.9,100,1,3125.0,161,8
2031,2026-06-16 10:36:36+05:30,3124.6,8,3131.79,1049260,131646.0,204157.0,3163.0,3163.0,3108.0,3134.3,31860400,3447.7,2820.9,3839.9,2896.0,3124.2,2,2,3124.0,33,2,3123.9,6,2,3123.6,6,1,3123.5,28,4,3124.6,41,3,3124.7,357,3,3124.8,285,3,3124.9,100,1,3125.0,161,8
2031,2026-06-16 10:36:36+05:30,3124.0,26,3131.79,1049490,131382.0,206419.0,3163.0,3163.0,3108.0,3134.3,31860400,3447.7,2820.9,3839.9,2896.0,3124.0,41,3,3123.9,6,2,3123.5,5,3,3123.4,5,1,3123.3,6,2,3124.6,51,4,3124.7,372,4,3124.8,365,6,3124.9,179,3,3125.0,198,10
2031,2026-06-16 10:36:37+05:30,3123.9,1,3131.79,1049490,131382.0,206419.0,3163.0,3163.0,3108.0,3134.3,31860400,3447.7,2820.9,3839.9,2896.0,3124.0,41,3,3123.9,6,2,3123.5,5,3,3123.4,5,1,3123.3,6,2,3124.6,51,4,3124.7,372,4,3124.8,365,6,3124.9,179,3,3125.0,198,10
2031,2026-06-16 10:36:37+05:30,3123.9,1,3131.78,1049695,130919.0,206257.0,3163.0,3163.0,3108.0,3134.3,31860400,3447.7,2820.9,3839.9,2896.0,3124.0,9,2,3123.5,5,3,3123.4,5,1,3123.3,6,2,3123.2,10,2,3124.5,54,3,3124.6,92,5,3124.7,401,5,3124.8,416,7,3124.9,154,2
2031,2026-06-16 10:36:37+05:30,3123.9,1,3131.78,1049695,130919.0,206257.0,3163.0,3163.0,3108.0,3134.3,31860400,3447.7,2820.9,3839.9,2896.0,3124.0,9,2,3123.5,5,3,3123.4,5,1,3123.3,6,2,3123.2,10,2,3124.5,54,3,3124.6,92,5,3124.7,401,5,3124.8,416,7,3124.9,154,2
2031,2026-06-16 10:36:38+05:30,3124.0,11,3131.78,1049695,130919.0,206257.0,3163.0,3163.0,3108.0,3134.3,31860400,3447.7,2820.9,3839.9,2896.0,3124.0,9,2,3123.5,5,3,3123.4,5,1,3123.3,6,2,3123.2,10,2,3124.5,54,3,3124.6,92,5,3124.7,401,5,3124.8,416,7,3124.9,154,2
2031,2026-06-16 10:36:38+05:30,3124.0,11,3131.78,1049695,130919.0,206257.0,3163.0,3163.0,3108.0,3134.3,31860400,3447.7,2820.9,3839.9,2896.0,3124.0,9,2,3123.5,5,3,3123.4,5,1,3123.3,6,2,3123.2,10,2,3124.5,54,3,3124.6,92,5,3124.7,401,5,3124.8,416,7,3124.9,154,2
2031,2026-06-16 10:36:38+05:30,3124.5,1,3131.78,1049716,131457.0,206176.0,3163.0,3163.0,3108.0,3134.3,31860400,3447.7,2820.9,3839.9,2896.0,3124.2,3,1,3124.0,43,1,3123.9,20,1,3123.5,5,3,3123.4,5,1,3124.4,100,1,3124.5,28,2,3124.6,77,5,3124.7,372,4,3124.8,304,4
2031,2026-06-16 10:36:38+05:30,3124.5,1,3131.78,1049716,131457.0,206176.0,3163.0,3163.0,3108.0,3134.3,31860400,3447.7,2820.9,3839.9,2896.0,3124.2,3,1,3124.0,43,1,3123.9,20,1,3123.5,5,3,3123.4,5,1,3124.4,100,1,3124.5,28,2,3124.6,77,5,3124.7,372,4,3124.8,304,4
2031,2026-06-16 10:36:39+05:30,3124.7,1818,3131.78,1049716,131457.0,206176.0,3163.0,3163.0,3108.0,3134.3,31860400,3447.7,2820.9,3839.9,2896.0,3124.2,3,1,3124.0,43,1,3123.9,20,1,3123.5,5,3,3123.4,5,1,3124.4,100,1,3124.5,28,2,3124.6,77,5,3124.7,372,4,3124.8,304,4
2031,2026-06-16 10:36:39+05:30,3124.7,1818,3131.78,1049716,131457.0,206176.0,3163.0,3163.0,3108.0,3134.3,31860400,3447.7,2820.9,3839.9,2896.0,3124.2,3,1,3124.0,43,1,3123.9,20,1,3123.5,5,3,3123.4,5,1,3124.4,100,1,3124.5,28,2,3124.6,77,5,3124.7,372,4,3124.8,304,4
2031,2026-06-16 10:36:39+05:30,3124.7,1,3131.77,1051806,133047.0,206104.0,3163.0,3163.0,3108.0,3134.3,31860400,3447.7,2820.9,3839.9,2896.0,3124.4,21,2,3124.3,38,2,3124.2,43,2,3124.1,29,2,3124.0,72,3,3124.7,299,1,3124.8,285,3,3124.9,100,1,3125.0,134,7,3125.2,25,1
2031,2026-06-16 10:36:39+05:30,3124.7,1,3131.77,1051806,133047.0,206104.0,3163.0,3163.0,3108.0,3134.3,31860400,3447.7,2820.9,3839.9,2896.0,3124.4,21,2,3124.3,38,2,3124.2,43,2,3124.1,29,2,3124.0,72,3,3124.7,299,1,3124.8,285,3,3124.9,100,1,3125.0,134,7,3125.2,25,1
2031,2026-06-16 10:36:40+05:30,3124.7,1,3131.77,1051806,133047.0,206104.0,3163.0,3163.0,3108.0,3134.3,31860400,3447.7,2820.9,3839.9,2896.0,3124.4,21,2,3124.3,38,2,3124.2,43,2,3124.1,29,2,3124.0,72,3,3124.7,299,1,3124.8,285,3,3124.9,100,1,3125.0,134,7,3125.2,25,1
2031,2026-06-16 10:36:40+05:30,3124.7,1,3131.77,1051806,133047.0,206104.0,3163.0,3163.0,3108.0,3134.3,31860400,3447.7,2820.9,3839.9,2896.0,3124.4,21,2,3124.3,38,2,3124.2,43,2,3124.1,29,2,3124.0,72,3,3124.7,299,1,3124.8,285,3,3124.9,100,1,3125.0,134,7,3125.2,25,1
2031,2026-06-16 10:36:40+05:30,3124.7,152,3131.77,1052257,133013.0,205550.0,3163.0,3163.0,3108.0,3134.3,31860400,3447.7,2820.9,3839.9,2896.0,3124.2,43,2,3124.0,72,3,3123.9,21,2,3123.8,22,1,3123.7,35,1,3124.7,490,3,3124.8,312,4,3124.9,118,3,3125.0,159,8,3125.1,19,1
2031,2026-06-16 10:36:41+05:30,3124.2,7,3131.77,1052257,133013.0,205550.0,3163.0,3163.0,3108.0,3134.3,31860400,3447.7,2820.9,3839.9,2896.0,3124.2,43,2,3124.0,72,3,3123.9,21,2,3123.8,22,1,3123.7,35,1,3124.7,490,3,3124.8,312,4,3124.9,118,3,3125.0,159,8,3125.1,19,1
2031,2026-06-16 10:36:41+05:30,3124.2,7,3131.77,1052257,133013.0,205550.0,3163.0,3163.0,3108.0,3134.3,31860400,3447.7,2820.9,3839.9,2896.0,3124.2,43,2,3124.0,72,3,3123.9,21,2,3123.8,22,1,3123.7,35,1,3124.7,490,3,3124.8,312,4,3124.9,118,3,3125.0,159,8,3125.1,19,1
2031,2026-06-16 10:36:41+05:30,3124.7,52,3131.76,1052507,132309.0,205234.0,3163.0,3163.0,3108.0,3134.3,31860400,3447.7,2820.9,3839.9,2896.0,3124.1,8,1,3124.0,74,4,3123.9,44,4,3123.8,35,1,3123.7,10,1,3124.7,438,3,3124.8,312,4,3124.9,118,3,3125.0,159,8,3125.2,111,3
2031,2026-06-16 10:36:42+05:30,3124.7,267,3131.76,1052507,132309.0,205234.0,3163.0,3163.0,3108.0,3134.3,31860400,3447.7,2820.9,3839.9,2896.0,3124.1,8,1,3124.0,74,4,3123.9,44,4,3123.8,35,1,3123.7,10,1,3124.7,438,3,3124.8,312,4,3124.9,118,3,3125.0,159,8,3125.2,111,3
2031,2026-06-16 10:36:42+05:30,3124.7,267,3131.76,1052507,132309.0,205234.0,3163.0,3163.0,3108.0,3134.3,31860400,3447.7,2820.9,3839.9,2896.0,3124.1,8,1,3124.0,74,4,3123.9,44,4,3123.8,35,1,3123.7,10,1,3124.7,438,3,3124.8,312,4,3124.9,118,3,3125.0,159,8,3125.2,111,3
2031,2026-06-16 10:36:42+05:30,3124.2,10,3131.76,1052963,132430.0,203305.0,3163.0,3163.0,3108.0,3134.3,31860400,3447.7,2820.9,3839.9,2896.0,3124.1,8,1,3124.0,74,4,3123.9,44,4,3123.8,35,1,3123.7,13,2,3124.2,149,1,3124.7,33,1,3124.8,312,4,3124.9,118,3,3125.0,159,8
2031,2026-06-16 10:36:43+05:30,3124.2,10,3131.76,1052963,132430.0,203305.0,3163.0,3163.0,3108.0,3134.3,31860400,3447.7,2820.9,3839.9,2896.0,3124.1,8,1,3124.0,74,4,3123.9,44,4,3123.8,35,1,3123.7,13,2,3124.2,149,1,3124.7,33,1,3124.8,312,4,3124.9,118,3,3125.0,159,8
2031,2026-06-16 10:36:43+05:30,3124.2,10,3131.76,1052963,132430.0,203305.0,3163.0,3163.0,3108.0,3134.3,31860400,3447.7,2820.9,3839.9,2896.0,3124.1,8,1,3124.0,74,4,3123.9,44,4,3123.8,35,1,3123.7,13,2,3124.2,149,1,3124.7,33,1,3124.8,312,4,3124.9,118,3,3125.0,159,8
2031,2026-06-16 10:36:43+05:30,3124.2,10,3131.76,1052963,132430.0,203305.0,3163.0,3163.0,3108.0,3134.3,31860400,3447.7,2820.9,3839.9,2896.0,3124.1,8,1,3124.0,74,4,3123.9,44,4,3123.8,35,1,3123.7,13,2,3124.2,149,1,3124.7,33,1,3124.8,312,4,3124.9,118,3,3125.0,159,8
2031,2026-06-16 10:36:44+05:30,3124.2,25,3131.76,1053137,132471.0,204952.0,3163.0,3163.0,3108.0,3134.3,31860400,3447.7,2820.9,3839.9,2896.0,3124.2,45,4,3124.1,62,3,3124.0,100,5,3123.9,50,5,3123.8,8,1,3124.7,69,2,3124.8,312,4,3124.9,118,3,3125.0,134,7,3125.2,45,2
2031,2026-06-16 10:36:44+05:30,3124.2,25,3131.76,1053137,132471.0,204952.0,3163.0,3163.0,3108.0,3134.3,31860400,3447.7,2820.9,3839.9,2896.0,3124.2,45,4,3124.1,62,3,3124.0,100,5,3123.9,50,5,3123.8,8,1,3124.7,69,2,3124.8,312,4,3124.9,118,3,3125.0,134,7,3125.2,45,2
2031,2026-06-16 10:36:44+05:30,3124.2,25,3131.76,1053137,132471.0,204952.0,3163.0,3163.0,3108.0,3134.3,31860400,3447.7,2820.9,3839.9,2896.0,3124.2,45,4,3124.1,62,3,3124.0,100,5,3123.9,50,5,3123.8,8,1,3124.7,69,2,3124.8,312,4,3124.9,118,3,3125.0,134,7,3125.2,45,2
2031,2026-06-16 10:36:45+05:30,3124.7,1,3131.76,1053139,132502.0,205464.0,3163.0,3163.0,3108.0,3134.3,31860400,3447.7,2820.9,3839.9,2896.0,3124.2,21,2,3124.1,48,2,3124.0,96,5,3123.9,50,5,3123.8,48,2,3124.7,131,4,3124.8,312,4,3124.9,118,3,3125.0,158,8,3125.2,45,2
2031,2026-06-16 10:36:45+05:30,3124.7,1,3131.76,1053139,132502.0,205464.0,3163.0,3163.0,3108.0,3134.3,31860400,3447.7,2820.9,3839.9,2896.0,3124.2,21,2,3124.1,48,2,3124.0,96,5,3123.9,50,5,3123.8,48,2,3124.7,131,4,3124.8,312,4,3124.9,118,3,3125.0,158,8,3125.2,45,2
2031,2026-06-16 10:36:45+05:30,3124.7,1,3131.76,1053139,132502.0,205464.0,3163.0,3163.0,3108.0,3134.3,31867600,3447.7,2820.9,3839.9,2896.0,3124.2,21,2,3124.1,48,2,3124.0,96,5,3123.9,50,5,3123.8,48,2,3124.7,131,4,3124.8,312,4,3124.9,118,3,3125.0,158,8,3125.2,45,2
2031,2026-06-16 10:36:46+05:30,3124.7,21,3131.76,1053160,133175.0,205938.0,3163.0,3163.0,3108.0,3134.3,31867600,3447.7,2820.9,3839.9,2896.0,3124.5,10,3,3124.2,100,5,3124.1,48,2,3124.0,110,6,3123.9,50,5,3124.7,111,5,3124.8,312,4,3124.9,118,3,3125.0,258,9,3125.2,25,1
2031,2026-06-16 10:36:46+05:30,3124.7,21,3131.76,1053160,133175.0,205938.0,3163.0,3163.0,3108.0,3134.3,31867600,3447.7,2820.9,3839.9,2896.0,3124.5,10,3,3124.2,100,5,3124.1,48,2,3124.0,110,6,3123.9,50,5,3124.7,111,5,3124.8,312,4,3124.9,118,3,3125.0,258,9,3125.2,25,1
2031,2026-06-16 10:36:47+05:30,3124.7,21,3131.76,1053160,133468.0,205537.0,3163.0,3163.0,3108.0,3134.3,31867600,3447.7,2820.9,3839.9,2896.0,3124.5,50,4,3124.2,100,5,3124.1,48,2,3124.0,115,6,3123.9,50,5,3124.7,111,5,3124.8,312,4,3124.9,118,3,3125.0,258,9,3125.2,25,1
2031,2026-06-16 10:36:48+05:30,3124.7,2,3131.76,1053160,133468.0,205537.0,3163.0,3163.0,3108.0,3134.3,31867600,3447.7,2820.9,3839.9,2896.0,3124.5,50,4,3124.2,100,5,3124.1,48,2,3124.0,115,6,3123.9,50,5,3124.7,111,5,3124.8,312,4,3124.9,118,3,3125.0,258,9,3125.2,25,1
2031,2026-06-16 10:36:48+05:30,3124.2,9,3131.76,1053262,132812.0,202897.0,3163.0,3163.0,3108.0,3134.3,31867600,3447.7,2820.9,3839.9,2896.0,3124.3,7,1,3124.2,46,3,3124.1,70,3,3124.0,156,7,3123.9,28,4,3124.7,109,5,3124.8,312,4,3124.9,118,3,3125.0,258,9,3125.2,25,1
2031,2026-06-16 10:36:49+05:30,3124.7,1,3131.76,1053262,132812.0,202897.0,3163.0,3163.0,3108.0,3134.3,31867600,3447.7,2820.9,3839.9,2896.0,3124.3,7,1,3124.2,46,3,3124.1,70,3,3124.0,156,7,3123.9,28,4,3124.7,109,5,3124.8,312,4,3124.9,118,3,3125.0,258,9,3125.2,25,1
2031,2026-06-16 10:36:49+05:30,3124.7,1,3131.76,1053763,132624.0,202579.0,3163.0,3163.0,3108.0,3134.3,31867600,3447.7,2820.9,3839.9,2896.0,3124.2,21,2,3124.1,22,2,3124.0,94,6,3123.9,28,4,3123.8,60,3,3124.7,135,7,3124.8,314,5,3124.9,119,4,3125.0,260,10,3125.2,44,2
2031,2026-06-16 10:36:50+05:30,3124.7,9,3131.76,1053763,132624.0,202579.0,3163.0,3163.0,3108.0,3134.3,31867600,3447.7,2820.9,3839.9,2896.0,3124.2,21,2,3124.1,22,2,3124.0,94,6,3123.9,28,4,3123.8,60,3,3124.7,135,7,3124.8,314,5,3124.9,119,4,3125.0,260,10,3125.2,44,2
2031,2026-06-16 10:36:50+05:30,3124.7,9,3131.76,1053779,132082.0,204295.0,3163.0,3163.0,3108.0,3134.3,31867600,3447.7,2820.9,3839.9,2896.0,3124.0,52,3,3123.9,22,3,3123.5,5,3,3123.4,30,2,3123.3,79,4,3124.3,200,1,3124.7,515,11,3124.8,114,4,3124.9,237,6,3125.0,306,12
2031,2026-06-16 10:36:51+05:30,3124.0,13,3131.76,1053779,132082.0,204295.0,3163.0,3163.0,3108.0,3134.3,31867600,3447.7,2820.9,3839.9,2896.0,3124.0,52,3,3123.9,22,3,3123.5,5,3,3123.4,30,2,3123.3,79,4,3124.3,200,1,3124.7,515,11,3124.8,114,4,3124.9,237,6,3125.0,306,12
2031,2026-06-16 10:36:51+05:30,3124.3,1,3131.75,1053982,132190.0,204032.0,3163.0,3163.0,3108.0,3134.3,31867600,3447.7,2820.9,3839.9,2896.0,3124.0,38,3,3123.9,22,3,3123.5,5,3,3123.4,52,3,3123.3,25,3,3124.2,5,1,3124.3,183,3,3124.5,19,1,3124.7,409,7,3124.8,133,5
2031,2026-06-16 10:36:52+05:30,3124.3,1,3131.75,1053982,132190.0,204032.0,3163.0,3163.0,3108.0,3134.3,31867600,3447.7,2820.9,3839.9,2896.0,3124.0,38,3,3123.9,22,3,3123.5,5,3,3123.4,52,3,3123.3,25,3,3124.2,5,1,3124.3,183,3,3124.5,19,1,3124.7,409,7,3124.8,133,5
2031,2026-06-16 10:36:52+05:30,3124.2,5,3131.75,1053992,132066.0,204022.0,3163.0,3163.0,3108.0,3134.3,31867600,3447.7,2820.9,3839.9,2896.0,3124.0,38,3,3123.9,22,3,3123.5,5,3,3123.4,52,3,3123.3,25,3,3124.2,22,1,3124.3,183,3,3124.5,19,1,3124.7,409,7,3124.8,106,4
2031,2026-06-16 10:36:53+05:30,3124.0,250,3131.75,1053992,132066.0,204022.0,3163.0,3163.0,3108.0,3134.3,31867600,3447.7,2820.9,3839.9,2896.0,3124.0,38,3,3123.9,22,3,3123.5,5,3,3123.4,52,3,3123.3,25,3,3124.2,22,1,3124.3,183,3,3124.5,19,1,3124.7,409,7,3124.8,106,4
2031,2026-06-16 10:36:53+05:30,3124.0,250,3131.75,1054370,131928.0,203796.0,3163.0,3163.0,3108.0,3134.3,31867600,3447.7,2820.9,3839.9,2896.0,3123.9,22,3,3123.5,5,3,3123.4,30,2,3123.3,47,4,3123.2,45,3,3124.0,136,2,3124.2,38,3,3124.3,158,2,3124.5,19,1,3124.7,408,6
2031,2026-06-16 10:36:54+05:30,3123.9,2,3131.75,1054370,131928.0,203796.0,3163.0,3163.0,3108.0,3134.3,31867600,3447.7,2820.9,3839.9,2896.0,3123.9,22,3,3123.5,5,3,3123.4,30,2,3123.3,47,4,3123.2,45,3,3124.0,136,2,3124.2,38,3,3124.3,158,2,3124.5,19,1,3124.7,408,6
2031,2026-06-16 10:36:54+05:30,3124.0,35,3131.75,1054563,130697.0,204439.0,3163.0,3163.0,3108.0,3134.3,31867600,3447.7,2820.9,3839.9,2896.0,3123.5,5,3,3123.3,6,2,3123.2,9,2,3123.1,5,1,3123.0,105,2,3123.8,200,1,3124.0,155,6,3124.1,18,1,3124.2,127,5,3124.3,49,2
2031,2026-06-16 10:36:55+05:30,3122.8,1,3131.75,1054563,130697.0,204439.0,3163.0,3163.0,3108.0,3134.3,31867600,3447.7,2820.9,3839.9,2896.0,3123.5,5,3,3123.3,6,2,3123.2,9,2,3123.1,5,1,3123.0,105,2,3123.8,200,1,3124.0,155,6,3124.1,18,1,3124.2,127,5,3124.3,49,2
2031,2026-06-16 10:36:55+05:30,3123.7,1,3131.75,1054764,129828.0,204753.0,3163.0,3163.0,3108.0,3134.3,31867600,3447.7,2820.9,3839.9,2896.0,3122.8,6,2,3122.7,6,1,3122.6,10,2,3122.5,50,1,3122.3,121,3,3123.7,76,3,3123.8,249,3,3123.9,50,3,3124.0,264,7,3124.1,28,2
2031,2026-06-16 10:36:56+05:30,3123.7,1,3131.75,1054764,129828.0,204753.0,3163.0,3163.0,3108.0,3134.3,31867600,3447.7,2820.9,3839.9,2896.0,3122.8,6,2,3122.7,6,1,3122.6,10,2,3122.5,50,1,3122.3,121,3,3123.7,76,3,3123.8,249,3,3123.9,50,3,3124.0,264,7,3124.1,28,2
2031,2026-06-16 10:36:57+05:30,3123.7,1,3131.75,1054764,130520.0,203508.0,3163.0,3163.0,3108.0,3134.3,31867600,3447.7,2820.9,3839.9,2896.0,3123.5,21,1,3123.0,7,1,3122.8,6,2,3122.7,6,1,3122.6,10,2,3123.6,24,1,3123.7,135,5,3123.8,284,4,3123.9,36,3,3124.0,189,5
2031,2026-06-16 10:36:57+05:30,3123.5,24,3131.75,1054764,130520.0,203508.0,3163.0,3163.0,3108.0,3134.3,31867600,3447.7,2820.9,3839.9,2896.0,3123.5,21,1,3123.0,7,1,3122.8,6,2,3122.7,6,1,3122.6,10,2,3123.6,24,1,3123.7,135,5,3123.8,284,4,3123.9,36,3,3124.0,189,5
2031,2026-06-16 10:36:58+05:30,3123.7,1,3131.75,1054935,130910.0,204139.0,3163.0,3163.0,3108.0,3134.3,31867600,3447.7,2820.9,3839.9,2896.0,3123.5,21,1,3123.0,7,1,3122.8,24,4,3122.7,42,2,3122.6,227,6,3123.7,46,1,3123.8,249,3,3123.9,17,1,3124.0,101,2,3124.2,19,1
2031,2026-06-16 10:36:58+05:30,3123.7,1,3131.75,1054935,130910.0,204139.0,3163.0,3163.0,3108.0,3134.3,31867600,3447.7,2820.9,3839.9,2896.0,3123.5,21,1,3123.0,7,1,3122.8,24,4,3122.7,42,2,3122.6,227,6,3123.7,46,1,3123.8,249,3,3123.9,17,1,3124.0,101,2,3124.2,19,1
2031,2026-06-16 10:36:59+05:30,3123.7,40,3131.75,1054935,130910.0,204139.0,3163.0,3163.0,3108.0,3134.3,31867600,3447.7,2820.9,3839.9,2896.0,3123.5,21,1,3123.0,7,1,3122.8,185,4,3122.7,118,4,3122.6,32,4,3123.7,52,3,3123.8,224,2,3123.9,17,1,3124.0,126,3,3124.2,19,1
2031,2026-06-16 10:36:59+05:30,3123.7,40,3131.75,1055025,131030.0,204190.0,3163.0,3163.0,3108.0,3134.3,31867600,3447.7,2820.9,3839.9,2896.0,3123.5,21,1,3123.0,7,1,3122.8,185,4,3122.7,118,4,3122.6,32,4,3123.7,52,3,3123.8,224,2,3123.9,17,1,3124.0,126,3,3124.2,19,1
2031,2026-06-16 10:37:00+05:30,3123.8,141,3131.74,1055390,130749.0,204392.0,3163.0,3163.0,3108.0,3134.3,31867600,3447.7,2820.9,3839.9,2896.0,3123.5,2,1,3123.1,22,1,3123.0,86,6,3122.9,58,6,3122.8,25,2,3123.7,58,1,3123.8,83,2,3123.9,17,1,3124.0,126,3,3124.6,115,4
2031,2026-06-16 10:37:00+05:30,3123.8,141,3131.74,1055390,130749.0,204392.0,3163.0,3163.0,3108.0,3134.3,31867600,3447.7,2820.9,3839.9,2896.0,3123.5,2,1,3123.1,22,1,3123.0,86,6,3122.9,58,6,3122.8,25,2,3123.7,58,1,3123.8,83,2,3123.9,17,1,3124.0,126,3,3124.6,115,4
2031,2026-06-16 10:37:01+05:30,3124.0,5,3131.74,1055390,130749.0,204392.0,3163.0,3163.0,3108.0,3134.3,31867600,3447.7,2820.9,3839.9,2896.0,3123.5,2,1,3123.1,22,1,3123.0,86,6,3122.9,58,6,3122.8,25,2,3123.7,58,1,3123.8,83,2,3123.9,17,1,3124.0,126,3,3124.6,115,4
2031,2026-06-16 10:37:01+05:30,3124.0,5,3131.74,1055759,130633.0,204877.0,3163.0,3163.0,3108.0,3134.3,31867600,3447.7,2820.9,3839.9,2896.0,3123.8,1,1,3123.1,14,1,3123.0,6,1,3122.9,7,1,3122.8,6,1,3124.0,553,4,3124.1,10,1,3124.2,61,3,3124.3,72,3,3124.4,76,4
2031,2026-06-16 10:37:02+05:30,3123.0,1,3131.74,1055759,130633.0,204877.0,3163.0,3163.0,3108.0,3134.3,31867600,3447.7,2820.9,3839.9,2896.0,3123.8,1,1,3123.1,14,1,3123.0,6,1,3122.9,7,1,3122.8,6,1,3124.0,553,4,3124.1,10,1,3124.2,61,3,3124.3,72,3,3124.4,76,4
2031,2026-06-16 10:37:02+05:30,3123.5,5,3131.74,1055773,130203.0,205734.0,3163.0,3163.0,3108.0,3134.3,31867600,3447.7,2820.9,3839.9,2896.0,3123.4,1,1,3123.0,28,3,3122.9,7,1,3122.8,22,3,3122.7,48,4,3123.5,195,1,3123.8,192,1,3123.9,10,1,3124.0,562,4,3124.1,31,2
2031,2026-06-16 10:37:03+05:30,3123.4,2,3131.74,1055773,130203.0,205734.0,3163.0,3163.0,3108.0,3134.3,31867600,3447.7,2820.9,3839.9,2896.0,3123.4,1,1,3123.0,28,3,3122.9,7,1,3122.8,22,3,3122.7,48,4,3123.5,195,1,3123.8,192,1,3123.9,10,1,3124.0,562,4,3124.1,31,2
2031,2026-06-16 10:37:03+05:30,3123.4,2,3131.74,1055832,131079.0,205053.0,3163.0,3163.0,3108.0,3134.3,31867600,3447.7,2820.9,3839.9,2896.0,3123.4,47,4,3123.3,4,1,3123.2,25,2,3123.1,8,1,3123.0,88,8,3123.5,162,2,3123.8,209,2,3123.9,10,1,3124.0,562,4,3124.1,10,1
2031,2026-06-16 10:37:04+05:30,3123.5,1,3131.74,1055833,131141.0,205637.0,3163.0,3163.0,3108.0,3134.3,31867600,3447.7,2820.9,3839.9,2896.0,3123.4,36,2,3123.3,22,1,3123.2,6,1,3123.1,8,1,3123.0,74,7,3123.5,161,2,3123.8,209,2,3123.9,10,1,3124.0,562,4,3124.1,10,1
2031,2026-06-16 10:37:05+05:30,3123.0,3,3131.74,1055833,131141.0,205637.0,3163.0,3163.0,3108.0,3134.3,31867600,3447.7,2820.9,3839.9,2896.0,3123.4,36,2,3123.3,22,1,3123.2,6,1,3123.1,8,1,3123.0,74,7,3123.5,161,2,3123.8,209,2,3123.9,10,1,3124.0,562,4,3124.1,10,1
2031,2026-06-16 10:37:05+05:30,3123.0,3,3131.73,1057033,128291.0,199463.0,3163.0,3163.0,3108.0,3134.3,31867600,3447.7,2820.9,3839.9,2896.0,3123.0,49,5,3122.9,20,2,3122.8,19,4,3122.7,37,3,3122.6,54,6,3123.4,1,1,3123.5,39,1,3123.9,200,1,3124.0,442,1,3124.4,84,4
2031,2026-06-16 10:37:06+05:30,3123.5,1,3131.73,1057033,128291.0,199463.0,3163.0,3163.0,3108.0,3134.3,31867600,3447.7,2820.9,3839.9,2896.0,3123.0,49,5,3122.9,20,2,3122.8,19,4,3122.7,37,3,3122.6,54,6,3123.4,1,1,3123.5,39,1,3123.9,200,1,3124.0,442,1,3124.4,84,4
2031,2026-06-16 10:37:06+05:30,3123.5,1,3131.73,1057135,128486.0,199599.0,3163.0,3163.0,3108.0,3134.3,31867600,3447.7,2820.9,3839.9,2896.0,3123.4,5,1,3123.0,49,4,3122.9,10,1,3122.8,17,3,3122.7,83,4,3123.5,38,1,3123.9,19,1,3124.0,484,2,3124.2,200,1,3124.4,123,5
2031,2026-06-16 10:37:07+05:30,3123.5,5,3131.73,1057140,133919.0,204355.0,3163.0,3163.0,3108.0,3134.3,31867600,3447.7,2820.9,3839.9,2896.0,3123.4,46,2,3123.3,22,1,3123.1,36,1,3123.0,149,5,3122.9,72,3,3123.5,25,1,3123.9,19,1,3124.0,484,2,3124.2,27,1,3124.4,27,2
2031,2026-06-16 10:37:08+05:30,3124.0,300,3131.73,1057140,133919.0,204355.0,3163.0,3163.0,3108.0,3134.3,31867600,3447.7,2820.9,3839.9,2896.0,3123.4,46,2,3123.3,22,1,3123.1,36,1,3123.0,149,5,3122.9,72,3,3123.5,25,1,3123.9,19,1,3124.0,484,2,3124.2,27,1,3124.4,27,2
2031,2026-06-16 10:37:08+05:30,3123.4,34,3131.73,1057523,134450.0,202715.0,3163.0,3163.0,3108.0,3134.3,31867600,3447.7,2820.9,3839.9,2896.0,3123.7,150,1,3123.4,34,3,3123.3,21,1,3123.2,8,1,3123.1,51,2,3124.0,184,2,3124.2,27,1,3124.6,19,1,3124.7,373,4,3124.8,21,2
2031,2026-06-16 10:37:09+05:30,3123.7,100,3131.73,1057523,134450.0,202715.0,3163.0,3163.0,3108.0,3134.3,31867600,3447.7,2820.9,3839.9,2896.0,3123.7,150,1,3123.4,34,3,3123.3,21,1,3123.2,8,1,3123.1,51,2,3124.0,184,2,3124.2,27,1,3124.6,19,1,3124.7,373,4,3124.8,21,2
2031,2026-06-16 10:37:09+05:30,3123.7,100,3131.73,1057623,134247.0,202064.0,3163.0,3163.0,3108.0,3134.3,31867600,3447.7,2820.9,3839.9,2896.0,3123.7,50,1,3123.6,23,1,3123.4,35,4,3123.2,8,1,3123.1,17,1,3123.9,24,1,3124.0,185,3,3124.2,27,1,3124.7,338,4,3124.8,2,1
2031,2026-06-16 10:37:10+05:30,3123.7,13,3131.73,1057623,134247.0,202064.0,3163.0,3163.0,3108.0,3134.3,31867600,3447.7,2820.9,3839.9,2896.0,3123.7,50,1,3123.6,23,1,3123.4,35,4,3123.2,8,1,3123.1,17,1,3123.9,24,1,3124.0,185,3,3124.2,27,1,3124.7,338,4,3124.8,2,1
2031,2026-06-16 10:37:11+05:30,3124.0,1,3131.73,1057674,134278.0,202170.0,3163.0,3163.0,3108.0,3134.3,31867600,3447.7,2820.9,3839.9,2896.0,3123.8,23,1,3123.7,47,2,3123.6,15,1,3123.5,9,1,3123.4,25,5,3124.0,182,3,3124.2,27,1,3124.7,370,5,3124.8,2,1,3124.9,156,4
2031,2026-06-16 10:37:11+05:30,3124.0,1,3131.73,1057674,134278.0,202170.0,3163.0,3163.0,3108.0,3134.3,31867600,3447.7,2820.9,3839.9,2896.0,3123.8,23,1,3123.7,47,2,3123.6,15,1,3123.5,9,1,3123.4,25,5,3124.0,182,3,3124.2,27,1,3124.7,370,5,3124.8,2,1,3124.9,156,4
2031,2026-06-16 10:37:12+05:30,3123.8,7,3131.72,1057892,134604.0,202955.0,3163.0,3163.0,3108.0,3134.3,31867600,3447.7,2820.9,3839.9,2896.0,3123.8,36,1,3123.7,26,1,3123.5,9,1,3123.4,64,7,3123.3,50,3,3124.0,526,2,3124.2,27,1,3124.7,370,5,3124.8,2,1,3124.9,102,3
2031,2026-06-16 10:37:12+05:30,3123.8,7,3131.72,1057892,134604.0,202955.0,3163.0,3163.0,3108.0,3134.3,31867600,3447.7,2820.9,3839.9,2896.0,3123.8,36,1,3123.7,26,1,3123.5,9,1,3123.4,64,7,3123.3,50,3,3124.0,526,2,3124.2,27,1,3124.7,370,5,3124.8,2,1,3124.9,102,3
2031,2026-06-16 10:37:13+05:30,3123.8,7,3131.72,1057892,134526.0,202618.0,3163.0,3163.0,3108.0,3134.3,31867600,3447.7,2820.9,3839.9,2896.0,3123.8,36,1,3123.7,26,1,3123.4,37,6,3123.3,31,2,3123.2,17,3,3124.0,575,3,3124.2,27,1,3124.7,370,5,3124.8,56,2,3124.9,123,4
2031,2026-06-16 10:37:14+05:30,3124.0,100,3131.72,1057892,134526.0,202618.0,3163.0,3163.0,3108.0,3134.3,31867600,3447.7,2820.9,3839.9,2896.0,3123.8,36,1,3123.7,26,1,3123.4,37,6,3123.3,31,2,3123.2,17,3,3124.0,575,3,3124.2,27,1,3124.7,370,5,3124.8,56,2,3124.9,123,4
2031,2026-06-16 10:37:14+05:30,3124.0,100,3131.72,1058023,134475.0,202173.0,3163.0,3163.0,3108.0,3134.3,31867600,3447.7,2820.9,3839.9,2896.0,3123.8,42,2,3123.7,26,1,3123.6,22,1,3123.4,53,6,3123.3,75,4,3124.0,445,3,3124.2,27,1,3124.7,370,5,3124.8,2,1,3124.9,102,3
2031,2026-06-16 10:37:15+05:30,3124.0,15,3131.72,1058023,134475.0,202173.0,3163.0,3163.0,3108.0,3134.3,31867600,3447.7,2820.9,3839.9,2896.0,3123.8,42,2,3123.7,26,1,3123.6,22,1,3123.4,53,6,3123.3,75,4,3124.0,445,3,3124.2,27,1,3124.7,370,5,3124.8,2,1,3124.9,102,3
2031,2026-06-16 10:37:15+05:30,3124.0,15,3131.72,1058078,134471.0,202252.0,3163.0,3163.0,3108.0,3134.3,31867600,3447.7,2820.9,3839.9,2896.0,3123.8,43,3,3123.7,26,1,3123.4,75,7,3123.3,53,3,3123.2,55,5,3124.0,429,4,3124.2,27,1,3124.7,370,5,3124.8,2,1,3124.9,102,3
2031,2026-06-16 10:37:16+05:30,3124.0,5,3131.72,1058078,134471.0,202252.0,3163.0,3163.0,3108.0,3134.3,31867600,3447.7,2820.9,3839.9,2896.0,3123.8,43,3,3123.7,26,1,3123.4,75,7,3123.3,53,3,3123.2,55,5,3124.0,429,4,3124.2,27,1,3124.7,370,5,3124.8,2,1,3124.9,102,3
2031,2026-06-16 10:37:16+05:30,3124.0,15,3131.72,1058308,134322.0,202528.0,3163.0,3163.0,3108.0,3134.3,31867600,3447.7,2820.9,3839.9,2896.0,3123.8,57,3,3123.7,40,2,3123.6,38,3,3123.5,9,1,3123.4,64,7,3124.0,222,4,3124.2,27,1,3124.7,370,5,3124.8,2,1,3124.9,102,3
2031,2026-06-16 10:37:17+05:30,3123.9,1,3131.72,1058308,134322.0,202528.0,3163.0,3163.0,3108.0,3134.3,31867600,3447.7,2820.9,3839.9,2896.0,3123.8,57,3,3123.7,40,2,3123.6,38,3,3123.5,9,1,3123.4,64,7,3124.0,222,4,3124.2,27,1,3124.7,370,5,3124.8,2,1,3124.9,102,3
2031,2026-06-16 10:37:17+05:30,3124.0,1,3131.72,1058344,134410.0,202142.0,3163.0,3163.0,3108.0,3134.3,31867600,3447.7,2820.9,3839.9,2896.0,3123.9,24,1,3123.8,54,5,3123.7,40,2,3123.6,36,3,3123.4,67,6,3124.0,225,5,3124.2,27,1,3124.7,351,4,3124.8,2,1,3124.9,121,4
2031,2026-06-16 10:37:18+05:30,3124.0,44,3131.72,1058344,134410.0,202142.0,3163.0,3163.0,3108.0,3134.3,31867600,3447.7,2820.9,3839.9,2896.0,3123.9,24,1,3123.8,54,5,3123.7,40,2,3123.6,36,3,3123.4,67,6,3124.0,225,5,3124.2,27,1,3124.7,351,4,3124.8,2,1,3124.9,121,4
2031,2026-06-16 10:37:18+05:30,3124.0,50,3131.72,1058619,134453.0,200343.0,3163.0,3163.0,3108.0,3134.3,31867600,3447.7,2820.9,3839.9,2896.0,3123.9,52,1,3123.8,43,4,3123.7,62,3,3123.6,14,2,3123.4,70,6,3124.0,475,2,3124.2,27,1,3124.7,351,4,3124.8,2,1,3124.9,121,4
2031,2026-06-16 10:37:19+05:30,3124.0,25,3131.72,1058619,134453.0,200343.0,3163.0,3163.0,3108.0,3134.3,31867600,3447.7,2820.9,3839.9,2896.0,3123.9,52,1,3123.8,43,4,3123.7,62,3,3123.6,14,2,3123.4,70,6,3124.0,475,2,3124.2,27,1,3124.7,351,4,3124.8,2,1,3124.9,121,4
2031,2026-06-16 10:37:19+05:30,3124.0,37,3131.72,1059176,134431.0,202675.0,3163.0,3163.0,3108.0,3134.3,31867600,3447.7,2820.9,3839.9,2896.0,3123.9,52,1,3123.8,43,4,3123.7,40,2,3123.6,8,1,3123.4,81,7,3124.0,463,1,3124.2,27,1,3124.7,351,4,3124.8,2,1,3124.9,121,4
2031,2026-06-16 10:37:20+05:30,3123.9,35,3131.72,1059176,134431.0,202675.0,3163.0,3163.0,3108.0,3134.3,31867600,3447.7,2820.9,3839.9,2896.0,3123.9,52,1,3123.8,43,4,3123.7,40,2,3123.6,8,1,3123.4,81,7,3124.0,463,1,3124.2,27,1,3124.7,351,4,3124.8,2,1,3124.9,121,4
2031,2026-06-16 10:37:20+05:30,3124.0,134,3131.71,1059345,134423.0,202319.0,3163.0,3163.0,3108.0,3134.3,31867600,3447.7,2820.9,3839.9,2896.0,3123.9,17,1,3123.8,43,4,3123.7,62,3,3123.6,8,1,3123.4,81,7,3124.0,373,2,3124.2,27,1,3124.7,351,4,3124.8,2,1,3124.9,121,4
2031,2026-06-16 10:37:21+05:30,3123.7,35,3131.71,1059345,134423.0,202319.0,3163.0,3163.0,3108.0,3134.3,31867600,3447.7,2820.9,3839.9,2896.0,3123.9,17,1,3123.8,43,4,3123.7,62,3,3123.6,8,1,3123.4,81,7,3124.0,373,2,3124.2,27,1,3124.7,351,4,3124.8,2,1,3124.9,121,4
2031,2026-06-16 10:37:21+05:30,3123.7,35,3131.71,1059562,133897.0,203256.0,3163.0,3163.0,3108.0,3134.3,31867600,3447.7,2820.9,3839.9,2896.0,3123.7,14,1,3123.4,8,2,3123.3,2,1,3123.2,34,3,3123.0,208,5,3123.9,9,1,3124.0,392,3,3124.2,46,2,3124.5,36,1,3124.6,104,4
2031,2026-06-16 10:37:22+05:30,3123.9,1,3131.71,1059562,133897.0,203256.0,3163.0,3163.0,3108.0,3134.3,31867600,3447.7,2820.9,3839.9,2896.0,3123.7,14,1,3123.4,8,2,3123.3,2,1,3123.2,34,3,3123.0,208,5,3123.9,9,1,3124.0,392,3,3124.2,46,2,3124.5,36,1,3124.6,104,4
2031,2026-06-16 10:37:22+05:30,3123.9,6,3131.71,1059569,133985.0,202786.0,3163.0,3163.0,3108.0,3134.3,31867600,3447.7,2820.9,3839.9,2896.0,3123.7,53,2,3123.6,6,1,3123.4,17,3,3123.3,2,1,3123.2,94,4,3123.9,34,2,3124.0,373,2,3124.2,27,1,3124.4,19,1,3124.6,19,1
2031,2026-06-16 10:37:23+05:30,3123.7,14,3131.71,1059569,133985.0,202786.0,3163.0,3163.0,3108.0,3134.3,31867600,3447.7,2820.9,3839.9,2896.0,3123.7,53,2,3123.6,6,1,3123.4,17,3,3123.3,2,1,3123.2,94,4,3123.9,34,2,3124.0,373,2,3124.2,27,1,3124.4,19,1,3124.6,19,1
2031,2026-06-16 10:37:23+05:30,3123.7,14,3131.71,1059807,133978.0,202996.0,3163.0,3163.0,3108.0,3134.3,31867600,3447.7,2820.9,3839.9,2896.0,3123.7,35,2,3123.6,22,1,3123.4,8,2,3123.3,2,1,3123.2,34,3,3123.9,44,3,3124.0,419,4,3124.2,86,4,3124.3,18,1,3124.4,77,3
2031,2026-06-16 10:37:24+05:30,3123.9,1,3131.71,1059807,133978.0,202996.0,3163.0,3163.0,3108.0,3134.3,31867600,3447.7,2820.9,3839.9,2896.0,3123.7,35,2,3123.6,22,1,3123.4,8,2,3123.3,2,1,3123.2,34,3,3123.9,44,3,3124.0,419,4,3124.2,86,4,3124.3,18,1,3124.4,77,3
2031,2026-06-16 10:37:24+05:30,3123.9,1,3131.71,1059869,133877.0,204052.0,3163.0,3163.0,3108.0,3134.3,31867600,3447.7,2820.9,3839.9,2896.0,3123.7,60,2,3123.6,22,1,3123.4,8,2,3123.3,2,1,3123.2,33,2,3123.9,49,3,3124.0,383,3,3124.2,27,1,3124.4,19,1,3124.5,93,2
2031,2026-06-16 10:37:25+05:30,3123.9,26,3131.71,1059944,134255.0,203937.0,3163.0,3163.0,3108.0,3134.3,31867600,3447.7,2820.9,3839.9,2896.0,3123.7,60,2,3123.6,28,2,3123.5,22,1,3123.4,17,3,3123.3,2,1,3123.9,13,1,3124.0,383,3,3124.2,27,1,3124.4,19,1,3124.6,60,2
2031,2026-06-16 10:37:26+05:30,3123.9,26,3131.71,1059944,134255.0,203937.0,3163.0,3163.0,3108.0,3134.3,31867600,3447.7,2820.9,3839.9,2896.0,3123.7,60,2,3123.6,28,2,3123.5,22,1,3123.4,17,3,3123.3,2,1,3123.9,13,1,3124.0,383,3,3124.2,27,1,3124.4,19,1,3124.6,60,2
2031,2026-06-16 10:37:26+05:30,3124.0,300,3131.71,1060244,134333.0,203370.0,3163.0,3163.0,3108.0,3134.3,31867600,3447.7,2820.9,3839.9,2896.0,3123.8,22,1,3123.7,60,2,3123.4,8,2,3123.3,50,2,3123.2,82,6,3124.0,83,3,3124.2,27,1,3124.4,19,1,3124.6,162,3,3124.7,319,3
2031,2026-06-16 10:37:27+05:30,3124.0,300,3131.71,1060244,134333.0,203370.0,3163.0,3163.0,3108.0,3134.3,31867600,3447.7,2820.9,3839.9,2896.0,3123.8,22,1,3123.7,60,2,3123.4,8,2,3123.3,50,2,3123.2,82,6,3124.0,83,3,3124.2,27,1,3124.4,19,1,3124.6,162,3,3124.7,319,3
2031,2026-06-16 10:37:27+05:30,3124.0,16,3131.71,1060261,134409.0,203541.0,3163.0,3163.0,3108.0,3134.3,31867600,3447.7,2820.9,3839.9,2896.0,3123.9,1,1,3123.8,22,1,3123.7,60,2,3123.4,8,2,3123.3,50,2,3124.0,89,4,3124.2,27,1,3124.4,19,1,3124.6,84,3,3124.7,319,3
2031,2026-06-16 10:37:28+05:30,3124.0,16,3131.71,1060261,134409.0,203541.0,3163.0,3163.0,3108.0,3134.3,31867600,3447.7,2820.9,3839.9,2896.0,3123.9,1,1,3123.8,22,1,3123.7,60,2,3123.4,8,2,3123.3,50,2,3124.0,89,4,3124.2,27,1,3124.4,19,1,3124.6,84,3,3124.7,319,3
2031,2026-06-16 10:37:28+05:30,3124.0,3,3131.71,1060261,134409.0,203541.0,3163.0,3163.0,3108.0,3134.3,31867600,3447.7,2820.9,3839.9,2896.0,3123.9,1,1,3123.8,22,1,3123.7,60,2,3123.4,8,2,3123.3,50,2,3124.0,89,4,3124.2,27,1,3124.4,19,1,3124.6,84,3,3124.7,319,3
2031,2026-06-16 10:37:28+05:30,3124.0,201,3131.7,1060551,134279.0,203788.0,3163.0,3163.0,3108.0,3134.3,31867600,3447.7,2820.9,3839.9,2896.0,3123.9,38,2,3123.7,60,2,3123.4,8,2,3123.3,57,3,3123.2,70,6,3124.0,308,2,3124.2,46,2,3124.4,19,1,3124.6,198,4,3124.7,319,3
2031,2026-06-16 10:37:29+05:30,3123.9,19,3131.7,1060551,134279.0,203788.0,3163.0,3163.0,3108.0,3134.3,31867600,3447.7,2820.9,3839.9,2896.0,3123.9,38,2,3123.7,60,2,3123.4,8,2,3123.3,57,3,3123.2,70,6,3124.0,308,2,3124.2,46,2,3124.4,19,1,3124.6,198,4,3124.7,319,3
2031,2026-06-16 10:37:29+05:30,3123.9,19,3131.7,1060551,134279.0,203788.0,3163.0,3163.0,3108.0,3134.3,31867600,3447.7,2820.9,3839.9,2896.0,3123.9,38,2,3123.7,60,2,3123.4,8,2,3123.3,57,3,3123.2,70,6,3124.0,308,2,3124.2,46,2,3124.4,19,1,3124.6,198,4,3124.7,319,3
2031,2026-06-16 10:37:29+05:30,3123.9,19,3131.7,1060571,134224.0,204202.0,3163.0,3163.0,3108.0,3134.3,31867600,3447.7,2820.9,3839.9,2896.0,3123.9,18,1,3123.7,60,2,3123.4,8,2,3123.3,57,3,3123.2,47,4,3124.0,393,6,3124.2,46,2,3124.4,55,2,3124.6,141,5,3124.7,319,3
2031,2026-06-16 10:37:30+05:30,3124.0,10,3131.7,1060630,134155.0,203780.0,3163.0,3163.0,3108.0,3134.3,31867600,3447.7,2820.9,3839.9,2896.0,3123.9,28,3,3123.7,60,2,3123.4,8,2,3123.3,3,2,3123.2,101,5,3124.0,316,6,3124.2,46,2,3124.4,39,2,3124.6,120,4,3124.7,373,4
2031,2026-06-16 10:37:31+05:30,3124.0,10,3131.7,1060630,134155.0,203780.0,3163.0,3163.0,3108.0,3134.3,31867600,3447.7,2820.9,3839.9,2896.0,3123.9,28,3,3123.7,60,2,3123.4,8,2,3123.3,3,2,3123.2,101,5,3124.0,316,6,3124.2,46,2,3124.4,39,2,3124.6,120,4,3124.7,373,4
2031,2026-06-16 10:37:31+05:30,3124.0,10,3131.7,1060630,134155.0,203780.0,3163.0,3163.0,3108.0,3134.3,31867600,3447.7,2820.9,3839.9,2896.0,3123.9,28,3,3123.7,60,2,3123.4,8,2,3123.3,3,2,3123.2,101,5,3124.0,316,6,3124.2,46,2,3124.4,39,2,3124.6,120,4,3124.7,373,4
2031,2026-06-16 10:37:32+05:30,3124.0,200,3131.7,1060830,134148.0,203278.0,3163.0,3163.0,3108.0,3134.3,31867600,3447.7,2820.9,3839.9,2896.0,3123.9,28,3,3123.7,60,2,3123.4,54,3,3123.3,26,4,3123.2,108,8,3124.0,116,6,3124.2,27,1,3124.4,20,1,3124.6,84,3,3124.7,319,3
2031,2026-06-16 10:37:32+05:30,3124.0,200,3131.7,1060830,134148.0,203278.0,3163.0,3163.0,3108.0,3134.3,31867600,3447.7,2820.9,3839.9,2896.0,3123.9,28,3,3123.7,60,2,3123.4,54,3,3123.3,26,4,3123.2,108,8,3124.0,116,6,3124.2,27,1,3124.4,20,1,3124.6,84,3,3124.7,319,3
2031,2026-06-16 10:37:33+05:30,3124.0,18,3131.7,1060933,134274.0,201798.0,3163.0,3163.0,3108.0,3134.3,31867600,3447.7,2820.9,3839.9,2896.0,3123.9,28,3,3123.7,60,2,3123.6,22,1,3123.4,77,5,3123.3,17,4,3124.0,539,5,3124.2,27,1,3124.4,20,1,3124.6,84,3,3124.7,319,3
2031,2026-06-16 10:37:33+05:30,3123.9,9,3131.7,1060933,134274.0,201798.0,3163.0,3163.0,3108.0,3134.3,31867600,3447.7,2820.9,3839.9,2896.0,3123.9,28,3,3123.7,60,2,3123.6,22,1,3123.4,77,5,3123.3,17,4,3124.0,539,5,3124.2,27,1,3124.4,20,1,3124.6,84,3,3124.7,319,3
2031,2026-06-16 10:37:33+05:30,3123.9,9,3131.7,1060933,134274.0,201798.0,3163.0,3163.0,3108.0,3134.3,31867600,3447.7,2820.9,3839.9,2896.0,3123.9,28,3,3123.7,60,2,3123.6,22,1,3123.4,77,5,3123.3,17,4,3124.0,539,5,3124.2,27,1,3124.4,20,1,3124.6,84,3,3124.7,319,3
2031,2026-06-16 10:37:34+05:30,3123.9,1,3131.7,1060933,134274.0,201798.0,3163.0,3163.0,3108.0,3134.3,31867600,3447.7,2820.9,3839.9,2896.0,3123.9,28,3,3123.7,60,2,3123.6,22,1,3123.4,77,5,3123.3,17,4,3124.0,539,5,3124.2,27,1,3124.4,20,1,3124.6,84,3,3124.7,319,3
2031,2026-06-16 10:37:34+05:30,3123.9,1,3131.7,1060971,134386.0,203879.0,3163.0,3163.0,3108.0,3134.3,31867600,3447.7,2820.9,3839.9,2896.0,3123.9,55,5,3123.8,21,1,3123.7,42,1,3123.6,22,1,3123.5,9,1,3124.0,538,4,3124.2,27,1,3124.4,20,1,3124.6,84,3,3124.7,319,3
2031,2026-06-16 10:37:35+05:30,3123.9,1,3131.7,1060971,134386.0,203879.0,3163.0,3163.0,3108.0,3134.3,31867600,3447.7,2820.9,3839.9,2896.0,3123.9,55,5,3123.8,21,1,3123.7,42,1,3123.6,22,1,3123.5,9,1,3124.0,538,4,3124.2,27,1,3124.4,20,1,3124.6,84,3,3124.7,319,3
2031,2026-06-16 10:37:35+05:30,3123.9,5,3131.7,1060971,134386.0,203879.0,3163.0,3163.0,3108.0,3134.3,31867600,3447.7,2820.9,3839.9,2896.0,3123.9,55,5,3123.8,21,1,3123.7,42,1,3123.6,22,1,3123.5,9,1,3124.0,538,4,3124.2,27,1,3124.4,20,1,3124.6,84,3,3124.7,319,3
2031,2026-06-16 10:37:35+05:30,3124.0,15,3131.7,1061298,134466.0,203558.0,3163.0,3163.0,3108.0,3134.3,31867600,3447.7,2820.9,3839.9,2896.0,3123.9,60,5,3123.7,63,2,3123.5,47,2,3123.4,67,5,3123.3,58,4,3124.0,240,3,3124.2,27,1,3124.4,20,1,3124.6,84,3,3124.7,319,3
2031,2026-06-16 10:37:36+05:30,3124.0,20,3131.7,1061298,134466.0,203558.0,3163.0,3163.0,3108.0,3134.3,31867600,3447.7,2820.9,3839.9,2896.0,3123.9,60,5,3123.7,63,2,3123.5,47,2,3123.4,67,5,3123.3,58,4,3124.0,240,3,3124.2,27,1,3124.4,20,1,3124.6,84,3,3124.7,319,3
2031,2026-06-16 10:37:36+05:30,3124.0,20,3131.7,1061338,134613.0,203388.0,3163.0,3163.0,3108.0,3134.3,31867600,3447.7,2820.9,3839.9,2896.0,3123.9,54,5,3123.7,63,2,3123.5,47,2,3123.4,67,5,3123.3,58,4,3124.0,245,4,3124.2,27,1,3124.4,20,1,3124.6,84,3,3124.7,319,3
2031,2026-06-16 10:37:36+05:30,3124.0,20,3131.7,1061338,134613.0,203388.0,3163.0,3163.0,3108.0,3134.3,31867600,3447.7,2820.9,3839.9,2896.0,3123.9,54,5,3123.7,63,2,3123.5,47,2,3123.4,67,5,3123.3,58,4,3124.0,245,4,3124.2,27,1,3124.4,20,1,3124.6,84,3,3124.7,319,3
2031,2026-06-16 10:37:37+05:30,3124.0,1,3131.7,1061338,134613.0,203388.0,3163.0,3163.0,3108.0,3134.3,31867600,3447.7,2820.9,3839.9,2896.0,3123.9,54,5,3123.7,63,2,3123.5,47,2,3123.4,67,5,3123.3,58,4,3124.0,245,4,3124.2,27,1,3124.4,20,1,3124.6,84,3,3124.7,319,3
2031,2026-06-16 10:37:37+05:30,3124.0,58,3131.7,1061422,134145.0,203300.0,3163.0,3163.0,3108.0,3134.3,31867600,3447.7,2820.9,3839.9,2896.0,3123.9,54,5,3123.7,42,1,3123.6,22,1,3123.5,9,1,3123.4,28,4,3124.0,161,4,3124.2,27,1,3124.4,20,1,3124.6,84,3,3124.7,319,3
2031,2026-06-16 10:37:38+05:30,3124.0,58,3131.7,1061422,134145.0,203300.0,3163.0,3163.0,3108.0,3134.3,31867600,3447.7,2820.9,3839.9,2896.0,3123.9,54,5,3123.7,42,1,3123.6,22,1,3123.5,9,1,3123.4,28,4,3124.0,161,4,3124.2,27,1,3124.4,20,1,3124.6,84,3,3124.7,319,3
2031,2026-06-16 10:37:38+05:30,3124.0,11,3131.7,1061422,134145.0,203300.0,3163.0,3163.0,3108.0,3134.3,31867600,3447.7,2820.9,3839.9,2896.0,3123.9,54,5,3123.7,42,1,3123.6,22,1,3123.5,9,1,3123.4,28,4,3124.0,161,4,3124.2,27,1,3124.4,20,1,3124.6,84,3,3124.7,319,3
2031,2026-06-16 10:37:38+05:30,3124.0,11,3131.7,1061469,134354.0,204962.0,3163.0,3163.0,3108.0,3134.3,31867600,3447.7,2820.9,3839.9,2896.0,3123.9,18,4,3123.7,42,1,3123.6,22,1,3123.5,9,1,3123.4,28,4,3124.0,188,5,3124.2,27,1,3124.4,20,1,3124.6,84,3,3124.7,284,2
2031,2026-06-16 10:37:38+05:30,3124.0,11,3131.7,1061469,134354.0,204962.0,3163.0,3163.0,3108.0,3134.3,31867600,3447.7,2820.9,3839.9,2896.0,3123.9,18,4,3123.7,42,1,3123.6,22,1,3123.5,9,1,3123.4,28,4,3124.0,188,5,3124.2,27,1,3124.4,20,1,3124.6,84,3,3124.7,284,2
2031,2026-06-16 10:37:39+05:30,3124.4,1,3131.7,1061469,134354.0,204962.0,3163.0,3163.0,3108.0,3134.3,31867600,3447.7,2820.9,3839.9,2896.0,3123.9,18,4,3123.7,42,1,3123.6,22,1,3123.5,9,1,3123.4,28,4,3124.0,188,5,3124.2,27,1,3124.4,20,1,3124.6,84,3,3124.7,284,2
2031,2026-06-16 10:37:39+05:30,3124.4,1,3131.7,1061469,134354.0,204962.0,3163.0,3163.0,3108.0,3134.3,31867600,3447.7,2820.9,3839.9,2896.0,3123.9,18,4,3123.7,42,1,3123.6,22,1,3123.5,9,1,3123.4,28,4,3124.0,188,5,3124.2,27,1,3124.4,20,1,3124.6,84,3,3124.7,284,2
2031,2026-06-16 10:37:39+05:30,3124.4,1,3131.69,1062685,135297.0,203441.0,3163.0,3163.0,3108.0,3134.3,31867600,3447.7,2820.9,3839.9,2896.0,3124.1,27,3,3124.0,63,5,3123.9,128,10,3123.8,63,4,3123.7,43,2,3124.4,19,1,3124.6,65,2,3124.7,284,2,3124.8,2,1,3124.9,102,3
2031,2026-06-16 10:37:39+05:30,3124.4,1,3131.69,1062685,135297.0,203441.0,3163.0,3163.0,3108.0,3134.3,31867600,3447.7,2820.9,3839.9,2896.0,3124.1,27,3,3124.0,63,5,3123.9,128,10,3123.8,63,4,3123.7,43,2,3124.4,19,1,3124.6,65,2,3124.7,284,2,3124.8,2,1,3124.9,102,3
2031,2026-06-16 10:37:40+05:30,3124.4,6,3131.69,1062685,135297.0,203441.0,3163.0,3163.0,3108.0,3134.3,31867600,3447.7,2820.9,3839.9,2896.0,3124.1,27,3,3124.0,63,5,3123.9,128,10,3123.8,63,4,3123.7,43,2,3124.4,19,1,3124.6,65,2,3124.7,284,2,3124.8,2,1,3124.9,102,3
2031,2026-06-16 10:37:40+05:30,3124.4,6,3131.69,1062685,135297.0,203441.0,3163.0,3163.0,3108.0,3134.3,31867600,3447.7,2820.9,3839.9,2896.0,3124.1,27,3,3124.0,63,5,3123.9,128,10,3123.8,63,4,3123.7,43,2,3124.4,19,1,3124.6,65,2,3124.7,284,2,3124.8,2,1,3124.9,102,3
2031,2026-06-16 10:37:40+05:30,3124.4,6,3131.69,1062691,135051.0,202316.0,3163.0,3163.0,3108.0,3134.3,31867600,3447.7,2820.9,3839.9,2896.0,3124.1,13,2,3124.0,30,3,3123.9,113,8,3123.8,44,3,3123.7,43,2,3124.4,13,1,3124.5,19,1,3124.6,183,3,3124.7,311,3,3124.8,2,1
2031,2026-06-16 10:37:41+05:30,3124.4,6,3131.69,1062691,135051.0,202316.0,3163.0,3163.0,3108.0,3134.3,31867600,3447.7,2820.9,3839.9,2896.0,3124.1,13,2,3124.0,30,3,3123.9,113,8,3123.8,44,3,3123.7,43,2,3124.4,13,1,3124.5,19,1,3124.6,183,3,3124.7,311,3,3124.8,2,1
2031,2026-06-16 10:37:41+05:30,3124.1,1,3131.69,1062691,135051.0,202316.0,3163.0,3163.0,3108.0,3134.3,31867600,3447.7,2820.9,3839.9,2896.0,3124.1,13,2,3124.0,30,3,3123.9,113,8,3123.8,44,3,3123.7,43,2,3124.4,13,1,3124.5,19,1,3124.6,183,3,3124.7,311,3,3124.8,2,1
2031,2026-06-16 10:37:41+05:30,3124.7,51,3131.69,1062960,134865.0,204156.0,3163.0,3163.0,3108.0,3134.3,31867600,3447.7,2820.9,3839.9,2896.0,3124.2,8,1,3124.1,76,2,3124.0,43,3,3123.9,90,6,3123.8,37,4,3124.7,260,3,3124.8,2,1,3124.9,102,3,3125.0,201,8,3125.2,44,2
2031,2026-06-16 10:37:42+05:30,3124.7,51,3131.69,1062960,134865.0,204156.0,3163.0,3163.0,3108.0,3134.3,31867600,3447.7,2820.9,3839.9,2896.0,3124.2,8,1,3124.1,76,2,3124.0,43,3,3123.9,90,6,3123.8,37,4,3124.7,260,3,3124.8,2,1,3124.9,102,3,3125.0,201,8,3125.2,44,2
2031,2026-06-16 10:37:42+05:30,3124.7,51,3131.69,1062960,134865.0,204156.0,3163.0,3163.0,3108.0,3134.3,31867600,3447.7,2820.9,3839.9,2896.0,3124.2,8,1,3124.1,76,2,3124.0,43,3,3123.9,90,6,3123.8,37,4,3124.7,260,3,3124.8,2,1,3124.9,102,3,3125.0,201,8,3125.2,44,2
2031,2026-06-16 10:37:42+05:30,3123.9,5,3131.69,1063160,134405.0,205148.0,3163.0,3163.0,3108.0,3134.3,31867600,3447.7,2820.9,3839.9,2896.0,3123.9,25,4,3123.8,28,2,3123.7,42,1,3123.6,1,1,3123.4,3,2,3124.7,279,4,3124.8,33,2,3124.9,126,5,3125.0,263,11,3125.1,137,3
2031,2026-06-16 10:37:42+05:30,3123.9,5,3131.69,1063160,134405.0,205148.0,3163.0,3163.0,3108.0,3134.3,31867600,3447.7,2820.9,3839.9,2896.0,3123.9,25,4,3123.8,28,2,3123.7,42,1,3123.6,1,1,3123.4,3,2,3124.7,279,4,3124.8,33,2,3124.9,126,5,3125.0,263,11,3125.1,137,3
2031,2026-06-16 10:37:43+05:30,3123.8,40,3131.69,1063160,134405.0,205148.0,3163.0,3163.0,3108.0,3134.3,31867600,3447.7,2820.9,3839.9,2896.0,3123.9,25,4,3123.8,28,2,3123.7,42,1,3123.6,1,1,3123.4,3,2,3124.7,279,4,3124.8,33,2,3124.9,126,5,3125.0,263,11,3125.1,137,3
2031,2026-06-16 10:37:43+05:30,3123.8,40,3131.69,1063160,134405.0,205148.0,3163.0,3163.0,3108.0,3134.3,31867600,3447.7,2820.9,3839.9,2896.0,3123.9,25,4,3123.8,28,2,3123.7,42,1,3123.6,1,1,3123.4,3,2,3124.7,279,4,3124.8,33,2,3124.9,126,5,3125.0,263,11,3125.1,137,3
2031,2026-06-16 10:37:43+05:30,3124.6,1,3131.68,1063640,134408.0,204980.0,3163.0,3163.0,3108.0,3134.3,31867600,3447.7,2820.9,3839.9,2896.0,3123.9,4,1,3123.8,26,1,3123.7,42,1,3123.4,100,3,3123.3,3,2,3124.6,54,4,3124.7,12,2,3124.8,94,4,3124.9,126,5,3125.0,220,9
2031,2026-06-16 10:37:44+05:30,3124.6,1,3131.68,1063640,134408.0,204980.0,3163.0,3163.0,3108.0,3134.3,31867600,3447.7,2820.9,3839.9,2896.0,3123.9,4,1,3123.8,26,1,3123.7,42,1,3123.4,100,3,3123.3,3,2,3124.6,54,4,3124.7,12,2,3124.8,94,4,3124.9,126,5,3125.0,220,9
2031,2026-06-16 10:37:44+05:30,3123.8,162,3131.68,1063640,134408.0,204980.0,3163.0,3163.0,3108.0,3134.3,31867600,3447.7,2820.9,3839.9,2896.0,3123.9,4,1,3123.8,26,1,3123.7,42,1,3123.4,100,3,3123.3,3,2,3124.6,54,4,3124.7,12,2,3124.8,94,4,3124.9,126,5,3125.0,220,9
2031,2026-06-16 10:37:44+05:30,3123.8,162,3131.68,1063895,134408.0,205025.0,3163.0,3163.0,3108.0,3134.3,31867600,3447.7,2820.9,3839.9,2896.0,3123.9,4,3,3123.8,26,1,3123.7,42,1,3123.4,2,2,3123.3,73,4,3124.5,16,3,3124.6,39,2,3124.7,2,1,3124.8,41,3,3124.9,102,3
2031,2026-06-16 10:37:45+05:30,3123.8,162,3131.68,1063895,134408.0,205025.0,3163.0,3163.0,3108.0,3134.3,31867600,3447.7,2820.9,3839.9,2896.0,3123.9,4,3,3123.8,26,1,3123.7,42,1,3123.4,2,2,3123.3,73,4,3124.5,16,3,3124.6,39,2,3124.7,2,1,3124.8,41,3,3124.9,102,3
2031,2026-06-16 10:37:45+05:30,3124.4,37,3131.68,1063895,134408.0,205025.0,3163.0,3163.0,3108.0,3134.3,31867600,3447.7,2820.9,3839.9,2896.0,3123.9,4,3,3123.8,26,1,3123.7,42,1,3123.4,2,2,3123.3,73,4,3124.5,16,3,3124.6,39,2,3124.7,2,1,3124.8,41,3,3124.9,102,3
2031,2026-06-16 10:37:45+05:30,3124.8,5,3131.68,1063961,135293.0,204995.0,3163.0,3163.0,3108.0,3134.3,31867600,3447.7,2820.9,3839.9,2896.0,3124.2,2,2,3123.9,3,3,3123.8,48,3,3123.7,42,1,3123.6,37,3,3124.8,2,1,3124.9,102,3,3125.0,201,8,3125.1,19,1,3125.2,65,2
2031,2026-06-16 10:37:46+05:30,3124.8,5,3131.68,1063961,135293.0,204995.0,3163.0,3163.0,3108.0,3134.3,31873800,3447.7,2820.9,3839.9,2896.0,3124.2,2,2,3123.9,3,3,3123.8,48,3,3123.7,42,1,3123.6,37,3,3124.8,2,1,3124.9,102,3,3125.0,201,8,3125.1,19,1,3125.2,65,2
2031,2026-06-16 10:37:46+05:30,3124.8,5,3131.68,1063961,135293.0,204995.0,3163.0,3163.0,3108.0,3134.3,31873800,3447.7,2820.9,3839.9,2896.0,3124.2,2,2,3123.9,3,3,3123.8,48,3,3123.7,42,1,3123.6,37,3,3124.8,2,1,3124.9,102,3,3125.0,201,8,3125.1,19,1,3125.2,65,2
2031,2026-06-16 10:37:47+05:30,3124.2,4,3131.68,1063967,135435.0,204875.0,3163.0,3163.0,3108.0,3134.3,31873800,3447.7,2820.9,3839.9,2896.0,3124.2,49,5,3124.0,27,3,3123.9,3,3,3123.8,90,5,3123.7,210,2,3124.8,2,1,3124.9,123,4,3125.0,221,9,3125.2,25,1,3125.3,81,2
2031,2026-06-16 10:37:47+05:30,3124.2,4,3131.68,1063967,135435.0,204875.0,3163.0,3163.0,3108.0,3134.3,31873800,3447.7,2820.9,3839.9,2896.0,3124.2,49,5,3124.0,27,3,3123.9,3,3,3123.8,90,5,3123.7,210,2,3124.8,2,1,3124.9,123,4,3125.0,221,9,3125.2,25,1,3125.3,81,2
2031,2026-06-16 10:37:48+05:30,3124.2,4,3131.68,1063967,135461.0,204986.0,3163.0,3163.0,3108.0,3134.3,31873800,3447.7,2820.9,3839.9,2896.0,3124.2,49,5,3124.0,27,3,3123.9,3,3,3123.8,90,5,3123.7,82,2,3124.8,27,2,3124.9,123,4,3125.0,221,9,3125.2,25,1,3125.3,81,2
2031,2026-06-16 10:37:49+05:30,3124.8,1,3131.68,1063970,135530.0,204429.0,3163.0,3163.0,3108.0,3134.3,31873800,3447.7,2820.9,3839.9,2896.0,3124.2,40,4,3124.0,27,3,3123.9,3,3,3123.8,89,4,3123.7,45,2,3124.8,59,2,3124.9,123,4,3125.0,521,10,3125.2,25,1,3125.3,135,3
2031,2026-06-16 10:37:49+05:30,3124.8,3,3131.68,1063970,135530.0,204429.0,3163.0,3163.0,3108.0,3134.3,31873800,3447.7,2820.9,3839.9,2896.0,3124.2,40,4,3124.0,27,3,3123.9,3,3,3123.8,89,4,3123.7,45,2,3124.8,59,2,3124.9,123,4,3125.0,521,10,3125.2,25,1,3125.3,135,3
2031,2026-06-16 10:37:50+05:30,3124.8,1,3131.68,1063974,135478.0,204429.0,3163.0,3163.0,3108.0,3134.3,31873800,3447.7,2820.9,3839.9,2896.0,3124.2,40,4,3124.0,6,2,3123.9,3,3,3123.8,68,3,3123.7,45,2,3124.8,79,3,3124.9,123,4,3125.0,570,12,3125.2,44,2,3125.3,116,2
2031,2026-06-16 10:37:50+05:30,3124.8,1,3131.68,1063974,135478.0,204429.0,3163.0,3163.0,3108.0,3134.3,31873800,3447.7,2820.9,3839.9,2896.0,3124.2,40,4,3124.0,6,2,3123.9,3,3,3123.8,68,3,3123.7,45,2,3124.8,79,3,3124.9,123,4,3125.0,570,12,3125.2,44,2,3125.3,116,2
2031,2026-06-16 10:37:51+05:30,3124.8,1,3131.68,1063974,135461.0,204616.0,3163.0,3163.0,3108.0,3134.3,31873800,3447.7,2820.9,3839.9,2896.0,3124.5,2,2,3124.2,38,2,3124.0,31,3,3123.9,3,3,3123.8,4,1,3124.8,123,4,3124.9,123,4,3125.0,570,12,3125.2,108,3,3125.3,179,4
2031,2026-06-16 10:37:52+05:30,3124.0,23,3131.68,1064174,134678.0,205205.0,3163.0,3163.0,3108.0,3134.3,31873800,3447.7,2820.9,3839.9,2896.0,3124.0,3,2,3123.9,3,3,3123.8,4,1,3123.7,50,3,3123.5,34,1,3124.8,142,5,3124.9,123,4,3125.0,570,12,3125.1,118,2,3125.2,182,6
2031,2026-06-16 10:37:52+05:30,3124.0,23,3131.68,1064174,134678.0,205205.0,3163.0,3163.0,3108.0,3134.3,31873800,3447.7,2820.9,3839.9,2896.0,3124.0,3,2,3123.9,3,3,3123.8,4,1,3123.7,50,3,3123.5,34,1,3124.8,142,5,3124.9,123,4,3125.0,570,12,3125.1,118,2,3125.2,182,6
2031,2026-06-16 10:37:53+05:30,3124.0,23,3131.68,1064174,134643.0,204992.0,3163.0,3163.0,3108.0,3134.3,31873800,3447.7,2820.9,3839.9,2896.0,3124.0,3,2,3123.9,3,3,3123.8,4,1,3123.7,50,3,3123.5,34,1,3124.6,24,1,3124.7,18,1,3124.8,142,5,3124.9,123,4,3125.0,520,10
2031,2026-06-16 10:37:54+05:30,3124.6,1,3131.68,1064175,134603.0,205252.0,3163.0,3163.0,3108.0,3134.3,31873800,3447.7,2820.9,3839.9,2896.0,3124.0,3,2,3123.9,3,3,3123.8,4,1,3123.7,50,3,3123.4,76,3,3124.6,76,3,3124.7,45,2,3124.8,142,5,3124.9,123,4,3125.0,577,12
2031,2026-06-16 10:37:54+05:30,3124.6,1,3131.68,1064175,134603.0,205252.0,3163.0,3163.0,3108.0,3134.3,31873800,3447.7,2820.9,3839.9,2896.0,3124.0,3,2,3123.9,3,3,3123.8,4,1,3123.7,50,3,3123.4,76,3,3124.6,76,3,3124.7,45,2,3124.8,142,5,3124.9,123,4,3125.0,577,12
2031,2026-06-16 10:37:55+05:30,3124.5,1,3131.68,1064176,135027.0,204711.0,3163.0,3163.0,3108.0,3134.3,31873800,3447.7,2820.9,3839.9,2896.0,3124.0,279,5,3123.9,35,4,3123.8,4,1,3123.7,89,4,3123.4,76,3,3124.5,17,1,3124.6,97,4,3124.7,18,1,3124.8,122,4,3124.9,102,3
2031,2026-06-16 10:37:55+05:30,3124.5,9,3131.68,1064176,135027.0,204711.0,3163.0,3163.0,3108.0,3134.3,31873800,3447.7,2820.9,3839.9,2896.0,3124.0,279,5,3123.9,35,4,3123.8,4,1,3123.7,89,4,3123.4,76,3,3124.5,17,1,3124.6,97,4,3124.7,18,1,3124.8,122,4,3124.9,102,3
2031,2026-06-16 10:37:56+05:30,3124.6,19,3131.68,1064235,135091.0,204298.0,3163.0,3163.0,3108.0,3134.3,31873800,3447.7,2820.9,3839.9,2896.0,3124.0,279,5,3123.9,34,3,3123.8,4,1,3123.7,135,5,3123.4,119,5,3124.6,36,2,3124.7,18,1,3124.8,122,4,3124.9,102,3,3125.0,520,10
2031,2026-06-16 10:37:56+05:30,3124.6,19,3131.68,1064235,135091.0,204298.0,3163.0,3163.0,3108.0,3134.3,31873800,3447.7,2820.9,3839.9,2896.0,3124.0,279,5,3123.9,34,3,3123.8,4,1,3123.7,135,5,3123.4,119,5,3124.6,36,2,3124.7,18,1,3124.8,122,4,3124.9,102,3,3125.0,520,10
2031,2026-06-16 10:37:57+05:30,3124.0,22,3131.68,1064284,135116.0,204539.0,3163.0,3163.0,3108.0,3134.3,31873800,3447.7,2820.9,3839.9,2896.0,3124.0,319,5,3123.9,34,3,3123.8,4,1,3123.7,107,5,3123.6,1,1,3124.6,35,2,3124.7,18,1,3124.8,78,3,3124.9,124,4,3125.0,520,10
2031,2026-06-16 10:37:57+05:30,3124.0,22,3131.68,1064284,135116.0,204539.0,3163.0,3163.0,3108.0,3134.3,31873800,3447.7,2820.9,3839.9,2896.0,3124.0,319,5,3123.9,34,3,3123.8,4,1,3123.7,107,5,3123.6,1,1,3124.6,35,2,3124.7,18,1,3124.8,78,3,3124.9,124,4,3125.0,520,10
2031,2026-06-16 10:37:58+05:30,3124.9,27,3131.68,1064442,135870.0,204361.0,3163.0,3163.0,3108.0,3134.3,31873800,3447.7,2820.9,3839.9,2896.0,3124.1,10,1,3124.0,320,6,3123.9,83,6,3123.8,18,3,3123.7,126,7,3124.5,13,1,3124.6,2,1,3124.8,1,1,3124.9,97,4,3125.0,501,9
2031,2026-06-16 10:37:58+05:30,3124.9,27,3131.68,1064442,135870.0,204361.0,3163.0,3163.0,3108.0,3134.3,31873800,3447.7,2820.9,3839.9,2896.0,3124.1,10,1,3124.0,320,6,3123.9,83,6,3123.8,18,3,3123.7,126,7,3124.5,13,1,3124.6,2,1,3124.8,1,1,3124.9,97,4,3125.0,501,9
2031,2026-06-16 10:37:59+05:30,3124.5,1,3131.68,1064443,135701.0,204150.0,3163.0,3163.0,3108.0,3134.3,31873800,3447.7,2820.9,3839.9,2896.0,3124.1,10,1,3124.0,320,6,3123.9,68,5,3123.8,5,2,3123.7,121,7,3124.5,13,2,3124.8,19,1,3124.9,97,4,3125.0,520,10,3125.2,25,1
2031,2026-06-16 10:37:59+05:30,3124.5,1,3131.68,1064443,135701.0,204150.0,3163.0,3163.0,3108.0,3134.3,31873800,3447.7,2820.9,3839.9,2896.0,3124.1,10,1,3124.0,320,6,3123.9,68,5,3123.8,5,2,3123.7,121,7,3124.5,13,2,3124.8,19,1,3124.9,97,4,3125.0,520,10,3125.2,25,1
2031,2026-06-16 10:38:00+05:30,3124.5,5,3131.68,1064451,135749.0,204582.0,3163.0,3163.0,3108.0,3134.3,31873800,3447.7,2820.9,3839.9,2896.0,3124.1,20,3,3124.0,321,7,3123.9,58,4,3123.8,5,2,3123.7,100,6,3124.5,17,5,3124.8,19,1,3124.9,97,4,3125.0,570,11,3125.2,25,1
2031,2026-06-16 10:38:00+05:30,3124.5,5,3131.68,1064451,135749.0,204582.0,3163.0,3163.0,3108.0,3134.3,31873800,3447.7,2820.9,3839.9,2896.0,3124.1,20,3,3124.0,321,7,3123.9,58,4,3123.8,5,2,3123.7,100,6,3124.5,17,5,3124.8,19,1,3124.9,97,4,3125.0,570,11,3125.2,25,1
2031,2026-06-16 10:38:01+05:30,3124.5,4,3131.68,1064474,136219.0,204355.0,3163.0,3163.0,3108.0,3134.3,31873800,3447.7,2820.9,3839.9,2896.0,3124.3,2,2,3124.1,20,3,3124.0,348,9,3123.9,80,6,3123.8,41,3,3124.5,8,2,3124.9,97,4,3125.0,551,10,3125.1,19,1,3125.2,25,1
2031,2026-06-16 10:38:01+05:30,3124.5,4,3131.68,1064474,136219.0,204355.0,3163.0,3163.0,3108.0,3134.3,31873800,3447.7,2820.9,3839.9,2896.0,3124.3,2,2,3124.1,20,3,3124.0,348,9,3123.9,80,6,3123.8,41,3,3124.5,8,2,3124.9,97,4,3125.0,551,10,3125.1,19,1,3125.2,25,1
2031,2026-06-16 10:38:02+05:30,3124.5,4,3131.68,1064474,136300.0,202527.0,3163.0,3163.0,3108.0,3134.3,31873800,3447.7,2820.9,3839.9,2896.0,3124.4,23,1,3124.3,40,3,3124.1,20,3,3124.0,318,8,3123.9,59,5,3124.5,8,2,3124.9,97,4,3125.0,551,10,3125.2,25,1,3125.4,73,2
2031,2026-06-16 10:38:03+05:30,3124.5,5,3131.68,1064539,135895.0,205052.0,3163.0,3163.0,3108.0,3134.3,31873800,3447.7,2820.9,3839.9,2896.0,3124.6,1,1,3124.4,22,1,3124.3,40,3,3124.1,11,3,3124.0,318,8,3124.9,97,4,3125.0,551,10,3125.2,25,1,3125.4,19,1,3125.5,90,2
2031,2026-06-16 10:38:03+05:30,3124.5,5,3131.68,1064539,135895.0,205052.0,3163.0,3163.0,3108.0,3134.3,31873800,3447.7,2820.9,3839.9,2896.0,3124.6,1,1,3124.4,22,1,3124.3,40,3,3124.1,11,3,3124.0,318,8,3124.9,97,4,3125.0,551,10,3125.2,25,1,3125.4,19,1,3125.5,90,2
2031,2026-06-16 10:38:04+05:30,3124.9,3,3131.68,1064542,135948.0,204993.0,3163.0,3163.0,3108.0,3134.3,31873800,3447.7,2820.9,3839.9,2896.0,3124.6,42,2,3124.5,24,1,3124.3,40,3,3124.2,21,1,3124.1,61,4,3124.9,94,4,3125.0,551,10,3125.2,25,1,3125.4,19,1,3125.6,55,2
2031,2026-06-16 10:38:04+05:30,3124.9,3,3131.68,1064542,135948.0,204993.0,3163.0,3163.0,3108.0,3134.3,31873800,3447.7,2820.9,3839.9,2896.0,3124.6,42,2,3124.5,24,1,3124.3,40,3,3124.2,21,1,3124.1,61,4,3124.9,94,4,3125.0,551,10,3125.2,25,1,3125.4,19,1,3125.6,55,2
2031,2026-06-16 10:38:05+05:30,3124.6,6,3131.68,1064542,135948.0,204993.0,3163.0,3163.0,3108.0,3134.3,31873800,3447.7,2820.9,3839.9,2896.0,3124.6,42,2,3124.5,24,1,3124.3,40,3,3124.2,21,1,3124.1,61,4,3124.9,94,4,3125.0,551,10,3125.2,25,1,3125.4,19,1,3125.6,55,2
2031,2026-06-16 10:38:05+05:30,3124.6,6,3131.68,1064555,135865.0,204426.0,3163.0,3163.0,3108.0,3134.3,31873800,3447.7,2820.9,3839.9,2896.0,3124.6,59,2,3124.3,61,4,3124.1,26,4,3124.0,316,9,3123.9,77,6,3124.9,88,4,3125.0,551,10,3125.2,25,1,3125.4,19,1,3125.6,109,3
2031,2026-06-16 10:38:06+05:30,3124.9,10,3131.68,1064555,135865.0,204426.0,3163.0,3163.0,3108.0,3134.3,31873800,3447.7,2820.9,3839.9,2896.0,3124.6,59,2,3124.3,61,4,3124.1,26,4,3124.0,316,9,3123.9,77,6,3124.9,88,4,3125.0,551,10,3125.2,25,1,3125.4,19,1,3125.6,109,3
2031,2026-06-16 10:38:06+05:30,3124.6,123,3131.67,1064776,135594.0,205306.0,3163.0,3163.0,3108.0,3134.3,31873800,3447.7,2820.9,3839.9,2896.0,3124.6,24,1,3124.3,38,1,3124.1,10,2,3124.0,258,6,3123.9,35,4,3124.9,86,5,3125.0,551,10,3125.2,80,3,3125.4,55,2,3125.5,113,3
2031,2026-06-16 10:38:07+05:30,3124.6,22,3131.67,1064776,135594.0,205306.0,3163.0,3163.0,3108.0,3134.3,31873800,3447.7,2820.9,3839.9,2896.0,3124.6,24,1,3124.3,38,1,3124.1,10,2,3124.0,258,6,3123.9,35,4,3124.9,86,5,3125.0,551,10,3125.2,80,3,3125.4,55,2,3125.5,113,3
2031,2026-06-16 10:38:07+05:30,3124.6,22,3131.67,1064798,135439.0,205373.0,3163.0,3163.0,3108.0,3134.3,31873800,3447.7,2820.9,3839.9,2896.0,3124.6,13,2,3124.3,38,1,3124.1,10,2,3124.0,190,4,3123.9,35,4,3124.8,26,1,3124.9,86,5,3125.0,551,10,3125.2,101,4,3125.4,173,5
2031,2026-06-16 10:38:08+05:30,3124.6,22,3131.67,1064798,135451.0,204811.0,3163.0,3163.0,3108.0,3134.3,31873800,3447.7,2820.9,3839.9,2896.0,3124.6,13,2,3124.3,38,1,3124.1,1,1,3124.0,280,6,3123.9,35,4,3124.8,26,1,3124.9,67,4,3125.0,551,10,3125.2,46,2,3125.4,19,1
2031,2026-06-16 10:38:09+05:30,3124.9,14,3131.67,1064838,135747.0,204587.0,3163.0,3163.0,3108.0,3134.3,31873800,3447.7,2820.9,3839.9,2896.0,3124.7,9,1,3124.6,13,2,3124.4,8,1,3124.3,92,2,3124.1,2,2,3124.9,103,5,3125.0,551,10,3125.2,46,2,3125.4,19,1,3125.5,36,1
2031,2026-06-16 10:38:10+05:30,3124.9,8,3131.67,1064838,135747.0,204587.0,3163.0,3163.0,3108.0,3134.3,31873800,3447.7,2820.9,3839.9,2896.0,3124.7,9,1,3124.6,13,2,3124.4,8,1,3124.3,92,2,3124.1,2,2,3124.9,103,5,3125.0,551,10,3125.2,46,2,3125.4,19,1,3125.5,36,1
2031,2026-06-16 10:38:10+05:30,3124.9,2,3131.67,1064943,135957.0,204850.0,3163.0,3163.0,3108.0,3134.3,31873800,3447.7,2820.9,3839.9,2896.0,3124.7,9,1,3124.6,13,2,3124.4,8,1,3124.3,38,1,3124.1,1,1,3125.0,551,10,3125.1,19,1,3125.2,46,2,3125.4,19,1,3125.5,57,2
2031,2026-06-16 10:38:11+05:30,3124.9,2,3131.67,1064943,135957.0,204850.0,3163.0,3163.0,3108.0,3134.3,31873800,3447.7,2820.9,3839.9,2896.0,3124.7,9,1,3124.6,13,2,3124.4,8,1,3124.3,38,1,3124.1,1,1,3125.0,551,10,3125.1,19,1,3125.2,46,2,3125.4,19,1,3125.5,57,2
2031,2026-06-16 10:38:11+05:30,3124.9,2,3131.67,1064943,135951.0,204835.0,3163.0,3163.0,3108.0,3134.3,31873800,3447.7,2820.9,3839.9,2896.0,3124.7,9,1,3124.6,13,2,3124.4,8,1,3124.3,38,1,3124.1,178,3,3125.0,551,10,3125.2,46,2,3125.4,19,1,3125.5,57,2,3125.6,19,1
2031,2026-06-16 10:38:12+05:30,3125.0,50,3131.67,1064943,135951.0,204835.0,3163.0,3163.0,3108.0,3134.3,31873800,3447.7,2820.9,3839.9,2896.0,3124.7,9,1,3124.6,13,2,3124.4,8,1,3124.3,38,1,3124.1,178,3,3125.0,551,10,3125.2,46,2,3125.4,19,1,3125.5,57,2,3125.6,19,1
2031,2026-06-16 10:38:12+05:30,3124.9,6,3131.67,1065116,136189.0,204368.0,3163.0,3163.0,3108.0,3134.3,31873800,3447.7,2820.9,3839.9,2896.0,3124.7,9,1,3124.6,33,3,3124.5,102,2,3124.4,29,2,3124.3,103,3,3124.9,32,1,3125.0,384,4,3125.2,46,2,3125.8,55,2,3125.9,98,4
2031,2026-06-16 10:38:13+05:30,3124.9,6,3131.67,1065116,136189.0,204368.0,3163.0,3163.0,3108.0,3134.3,31873800,3447.7,2820.9,3839.9,2896.0,3124.7,9,1,3124.6,33,3,3124.5,102,2,3124.4,29,2,3124.3,103,3,3124.9,32,1,3125.0,384,4,3125.2,46,2,3125.8,55,2,3125.9,98,4
2031,2026-06-16 10:38:13+05:30,3124.9,22,3131.67,1065183,136223.0,204683.0,3163.0,3163.0,3108.0,3134.3,31873800,3447.7,2820.9,3839.9,2896.0,3124.7,9,1,3124.6,13,2,3124.5,102,2,3124.3,103,3,3124.2,14,2,3125.0,384,4,3125.2,65,3,3125.4,19,1,3125.6,55,2,3125.8,77,3
2031,2026-06-16 10:38:14+05:30,3124.9,22,3131.67,1065183,136223.0,204683.0,3163.0,3163.0,3108.0,3134.3,31873800,3447.7,2820.9,3839.9,2896.0,3124.7,9,1,3124.6,13,2,3124.5,102,2,3124.3,103,3,3124.2,14,2,3125.0,384,4,3125.2,65,3,3125.4,19,1,3125.6,55,2,3125.8,77,3
2031,2026-06-16 10:38:14+05:30,3124.9,22,3131.67,1065183,136237.0,204450.0,3163.0,3163.0,3108.0,3134.3,31873800,3447.7,2820.9,3839.9,2896.0,3124.7,9,1,3124.6,13,2,3124.5,102,2,3124.3,103,3,3124.2,14,2,3124.9,22,1,3125.0,384,4,3125.2,65,3,3125.4,19,1,3125.6,55,2
2031,2026-06-16 10:38:15+05:30,3124.9,25,3131.67,1065183,136237.0,204450.0,3163.0,3163.0,3108.0,3134.3,31873800,3447.7,2820.9,3839.9,2896.0,3124.7,9,1,3124.6,13,2,3124.5,102,2,3124.3,103,3,3124.2,14,2,3124.9,22,1,3125.0,384,4,3125.2,65,3,3125.4,19,1,3125.6,55,2
2031,2026-06-16 10:38:15+05:30,3125.0,4,3131.67,1065274,136040.0,202460.0,3163.0,3163.0,3108.0,3134.3,31873800,3447.7,2820.9,3839.9,2896.0,3124.9,25,1,3124.8,15,5,3124.7,5,1,3124.6,61,5,3124.5,118,3,3125.0,348,3,3125.2,46,2,3125.9,44,3,3126.0,334,5,3126.1,34,1
2031,2026-06-16 10:38:16+05:30,3124.9,5,3131.67,1065274,136040.0,202460.0,3163.0,3163.0,3108.0,3134.3,31873800,3447.7,2820.9,3839.9,2896.0,3124.9,25,1,3124.8,15,5,3124.7,5,1,3124.6,61,5,3124.5,118,3,3125.0,348,3,3125.2,46,2,3125.9,44,3,3126.0,334,5,3126.1,34,1
2031,2026-06-16 10:38:16+05:30,3125.0,4,3131.67,1065647,136296.0,201872.0,3163.0,3163.0,3108.0,3134.3,31873800,3447.7,2820.9,3839.9,2896.0,3125.0,14,1,3124.9,76,5,3124.8,15,6,3124.7,5,1,3124.6,215,7,3125.2,46,2,3125.9,62,4,3126.0,347,5,3126.2,221,2,3126.4,56,2
2031,2026-06-16 10:38:17+05:30,3125.2,6,3131.67,1065647,136296.0,201872.0,3163.0,3163.0,3108.0,3134.3,31873800,3447.7,2820.9,3839.9,2896.0,3125.0,14,1,3124.9,76,5,3124.8,15,6,3124.7,5,1,3124.6,215,7,3125.2,46,2,3125.9,62,4,3126.0,347,5,3126.2,221,2,3126.4,56,2
2031,2026-06-16 10:38:17+05:30,3125.2,21,3131.67,1065893,136464.0,202943.0,3163.0,3163.0,3108.0,3134.3,31873800,3447.7,2820.9,3839.9,2896.0,3125.0,178,1,3124.9,23,2,3124.8,554,2,3124.7,25,3,3124.6,107,6,3125.2,30,1,3125.9,62,4,3126.0,398,9,3126.1,50,2,3126.2,278,4
2031,2026-06-16 10:38:18+05:30,3125.0,50,3131.67,1065893,136464.0,202943.0,3163.0,3163.0,3108.0,3134.3,31873800,3447.7,2820.9,3839.9,2896.0,3125.0,178,1,3124.9,23,2,3124.8,554,2,3124.7,25,3,3124.6,107,6,3125.2,30,1,3125.9,62,4,3126.0,398,9,3126.1,50,2,3126.2,278,4
2031,2026-06-16 10:38:18+05:30,3125.0,50,3131.67,1065943,136573.0,203133.0,3163.0,3163.0,3108.0,3134.3,31873800,3447.7,2820.9,3839.9,2896.0,3125.0,186,5,3124.9,3,1,3124.8,662,4,3124.7,18,2,3124.6,141,7,3125.2,30,1,3125.9,49,3,3126.0,379,8,3126.1,70,3,3126.2,255,3
2031,2026-06-16 10:38:19+05:30,3125.0,50,3131.67,1065943,136598.0,203106.0,3163.0,3163.0,3108.0,3134.3,31873800,3447.7,2820.9,3839.9,2896.0,3125.0,203,8,3124.9,3,1,3124.8,681,5,3124.7,18,2,3124.6,149,7,3125.2,30,1,3125.9,49,3,3126.0,379,8,3126.1,70,3,3126.2,219,2
2031,2026-06-16 10:38:20+05:30,3125.2,1,3131.67,1065944,136595.0,203175.0,3163.0,3163.0,3108.0,3134.3,31873800,3447.7,2820.9,3839.9,2896.0,3125.0,203,8,3124.9,9,3,3124.8,689,7,3124.7,18,2,3124.6,149,7,3125.2,29,1,3125.9,49,3,3126.0,396,9,3126.1,70,3,3126.2,219,2
2031,2026-06-16 10:38:21+05:30,3125.2,1,3131.67,1065944,136595.0,203175.0,3163.0,3163.0,3108.0,3134.3,31873800,3447.7,2820.9,3839.9,2896.0,3125.0,203,8,3124.9,9,3,3124.8,689,7,3124.7,18,2,3124.6,149,7,3125.2,29,1,3125.9,49,3,3126.0,396,9,3126.1,70,3,3126.2,219,2
2031,2026-06-16 10:38:21+05:30,3125.0,1,3131.67,1065945,136718.0,203507.0,3163.0,3163.0,3108.0,3134.3,31873800,3447.7,2820.9,3839.9,2896.0,3125.0,471,9,3124.9,9,3,3124.8,670,6,3124.7,18,2,3124.6,91,5,3125.9,49,3,3126.0,396,9,3126.1,70,3,3126.2,200,1,3126.3,66,2
2031,2026-06-16 10:38:22+05:30,3125.0,1,3131.67,1065945,136718.0,203507.0,3163.0,3163.0,3108.0,3134.3,31873800,3447.7,2820.9,3839.9,2896.0,3125.0,471,9,3124.9,9,3,3124.8,670,6,3124.7,18,2,3124.6,91,5,3125.9,49,3,3126.0,396,9,3126.1,70,3,3126.2,200,1,3126.3,66,2
2031,2026-06-16 10:38:22+05:30,3125.9,1,3131.67,1065977,136140.0,203459.0,3163.0,3163.0,3108.0,3134.3,31873800,3447.7,2820.9,3839.9,2896.0,3125.5,37,1,3125.0,471,9,3124.9,39,4,3124.8,663,5,3124.7,18,2,3125.9,17,1,3126.0,347,5,3126.1,27,2,3126.2,223,2,3126.3,32,1
2031,2026-06-16 10:38:23+05:30,3126.0,83,3131.67,1065977,136140.0,203459.0,3163.0,3163.0,3108.0,3134.3,31873800,3447.7,2820.9,3839.9,2896.0,3125.5,37,1,3125.0,471,9,3124.9,39,4,3124.8,663,5,3124.7,18,2,3125.9,17,1,3126.0,347,5,3126.1,27,2,3126.2,223,2,3126.3,32,1
2031,2026-06-16 10:38:24+05:30,3126.0,50,3131.67,1066227,136416.0,203081.0,3163.0,3163.0,3108.0,3134.3,31873800,3447.7,2820.9,3839.9,2896.0,3125.5,37,1,3125.0,515,9,3124.9,5,3,3124.8,663,5,3124.7,39,3,3125.9,27,1,3126.0,133,3,3126.1,20,1,3126.2,42,2,3126.3,36,1
2031,2026-06-16 10:38:24+05:30,3125.9,3,3131.67,1066227,136416.0,203081.0,3163.0,3163.0,3108.0,3134.3,31873800,3447.7,2820.9,3839.9,2896.0,3125.5,37,1,3125.0,515,9,3124.9,5,3,3124.8,663,5,3124.7,39,3,3125.9,27,1,3126.0,133,3,3126.1,20,1,3126.2,42,2,3126.3,36,1
2031,2026-06-16 10:38:25+05:30,3125.9,1,3131.67,1066292,136506.0,202698.0,3163.0,3163.0,3108.0,3134.3,31873800,3447.7,2820.9,3839.9,2896.0,3125.5,119,4,3125.0,481,9,3124.9,56,3,3124.8,522,3,3124.7,53,4,3125.9,18,2,3126.0,114,2,3126.1,20,1,3126.4,219,2,3126.6,139,4
2031,2026-06-16 10:38:25+05:30,3125.9,1,3131.67,1066292,136506.0,202698.0,3163.0,3163.0,3108.0,3134.3,31873800,3447.7,2820.9,3839.9,2896.0,3125.5,119,4,3125.0,481,9,3124.9,56,3,3124.8,522,3,3124.7,53,4,3125.9,18,2,3126.0,114,2,3126.1,20,1,3126.4,219,2,3126.6,139,4
2031,2026-06-16 10:38:26+05:30,3126.3,16,3131.66,1066728,136358.0,203138.0,3163.0,3163.0,3108.0,3134.3,31873800,3447.7,2820.9,3839.9,2896.0,3125.6,24,1,3125.1,6,1,3125.0,361,7,3124.9,74,4,3124.8,505,3,3126.4,241,3,3126.6,19,1,3126.7,141,2,3126.8,148,4,3126.9,373,15
2031,2026-06-16 10:38:26+05:30,3126.3,16,3131.66,1066728,136358.0,203138.0,3163.0,3163.0,3108.0,3134.3,31873800,3447.7,2820.9,3839.9,2896.0,3125.6,24,1,3125.1,6,1,3125.0,361,7,3124.9,74,4,3124.8,505,3,3126.4,241,3,3126.6,19,1,3126.7,141,2,3126.8,148,4,3126.9,373,15
2031,2026-06-16 10:38:27+05:30,3126.3,2,3131.66,1066730,135951.0,203057.0,3163.0,3163.0,3108.0,3134.3,31873800,3447.7,2820.9,3839.9,2896.0,3125.3,25,1,3125.0,361,7,3124.9,128,5,3124.8,505,3,3124.7,75,2,3126.3,63,2,3126.4,288,4,3126.5,69,2,3126.6,59,2,3126.7,74,2
2031,2026-06-16 10:38:27+05:30,3126.3,2,3131.66,1066730,135951.0,203057.0,3163.0,3163.0,3108.0,3134.3,31873800,3447.7,2820.9,3839.9,2896.0,3125.3,25,1,3125.0,361,7,3124.9,128,5,3124.8,505,3,3124.7,75,2,3126.3,63,2,3126.4,288,4,3126.5,69,2,3126.6,59,2,3126.7,74,2
2031,2026-06-16 10:38:28+05:30,3125.0,46,3131.66,1067130,134986.0,203197.0,3163.0,3163.0,3108.0,3134.3,31873800,3447.7,2820.9,3839.9,2896.0,3125.0,224,5,3124.9,2,2,3124.8,505,3,3124.5,100,1,3124.4,55,2,3125.9,102,5,3126.0,75,4,3126.1,7,1,3126.2,237,8,3126.3,298,4
2031,2026-06-16 10:38:28+05:30,3125.0,46,3131.66,1067130,134986.0,203197.0,3163.0,3163.0,3108.0,3134.3,31873800,3447.7,2820.9,3839.9,2896.0,3125.0,224,5,3124.9,2,2,3124.8,505,3,3124.5,100,1,3124.4,55,2,3125.9,102,5,3126.0,75,4,3126.1,7,1,3126.2,237,8,3126.3,298,4
2031,2026-06-16 10:38:28+05:30,3125.0,46,3131.66,1067130,134986.0,203197.0,3163.0,3163.0,3108.0,3134.3,31873800,3447.7,2820.9,3839.9,2896.0,3125.0,224,5,3124.9,2,2,3124.8,505,3,3124.5,100,1,3124.4,55,2,3125.9,102,5,3126.0,75,4,3126.1,7,1,3126.2,237,8,3126.3,298,4
2031,2026-06-16 10:38:29+05:30,3125.8,1,3131.66,1067130,134986.0,203197.0,3163.0,3163.0,3108.0,3134.3,31873800,3447.7,2820.9,3839.9,2896.0,3125.0,224,5,3124.9,2,2,3124.8,505,3,3124.5,100,1,3124.4,55,2,3125.9,102,5,3126.0,75,4,3126.1,7,1,3126.2,237,8,3126.3,298,4
2031,2026-06-16 10:38:29+05:30,3125.8,1,3131.66,1067131,135290.0,202723.0,3163.0,3163.0,3108.0,3134.3,31873800,3447.7,2820.9,3839.9,2896.0,3125.0,261,6,3124.9,55,4,3124.8,602,5,3124.6,62,3,3124.5,100,1,3125.8,43,1,3125.9,75,3,3126.0,87,4,3126.1,7,1,3126.2,94,4
2031,2026-06-16 10:38:30+05:30,3125.9,3,3131.66,1067131,135290.0,202723.0,3163.0,3163.0,3108.0,3134.3,31873800,3447.7,2820.9,3839.9,2896.0,3125.0,261,6,3124.9,55,4,3124.8,602,5,3124.6,62,3,3124.5,100,1,3125.8,43,1,3125.9,75,3,3126.0,87,4,3126.1,7,1,3126.2,94,4
2031,2026-06-16 10:38:30+05:30,3125.9,3,3131.66,1067198,135477.0,202942.0,3163.0,3163.0,3108.0,3134.3,31873800,3447.7,2820.9,3839.9,2896.0,3125.0,271,8,3124.9,2,2,3124.8,584,4,3124.6,89,3,3124.5,104,2,3125.8,40,3,3125.9,64,2,3126.0,94,5,3126.1,7,1,3126.2,111,4
2031,2026-06-16 10:38:30+05:30,3125.9,3,3131.66,1067198,135477.0,202942.0,3163.0,3163.0,3108.0,3134.3,31873800,3447.7,2820.9,3839.9,2896.0,3125.0,271,8,3124.9,2,2,3124.8,584,4,3124.6,89,3,3124.5,104,2,3125.8,40,3,3125.9,64,2,3126.0,94,5,3126.1,7,1,3126.2,111,4
2031,2026-06-16 10:38:31+05:30,3125.8,1,3131.66,1067198,135477.0,202942.0,3163.0,3163.0,3108.0,3134.3,31873800,3447.7,2820.9,3839.9,2896.0,3125.0,271,8,3124.9,2,2,3124.8,584,4,3124.6,89,3,3124.5,104,2,3125.8,40,3,3125.9,64,2,3126.0,94,5,3126.1,7,1,3126.2,111,4
2031,2026-06-16 10:38:31+05:30,3125.8,1,3131.66,1067199,135614.0,202911.0,3163.0,3163.0,3108.0,3134.3,31873800,3447.7,2820.9,3839.9,2896.0,3125.4,2,2,3125.0,293,9,3124.9,2,2,3124.8,584,4,3124.7,21,1,3125.9,64,2,3126.0,57,2,3126.1,19,1,3126.2,83,3,3126.3,278,3
2031,2026-06-16 10:38:32+05:30,3125.8,1,3131.66,1067199,135614.0,202911.0,3163.0,3163.0,3108.0,3134.3,31873800,3447.7,2820.9,3839.9,2896.0,3125.4,2,2,3125.0,293,9,3124.9,2,2,3124.8,505,3,3124.7,21,1,3125.9,64,2,3126.0,128,3,3126.1,19,1,3126.2,104,4,3126.3,278,3
2031,2026-06-16 10:38:32+05:30,3125.8,1,3131.66,1067199,135614.0,203041.0,3163.0,3163.0,3108.0,3134.3,31873800,3447.7,2820.9,3839.9,2896.0,3125.4,2,2,3125.0,293,9,3124.9,2,2,3124.8,505,3,3124.7,21,1,3125.9,64,2,3126.0,128,3,3126.1,19,1,3126.2,104,4,3126.3,278,3
2031,2026-06-16 10:38:33+05:30,3126.0,10,3131.66,1067199,135614.0,203041.0,3163.0,3163.0,3108.0,3134.3,31873800,3447.7,2820.9,3839.9,2896.0,3125.4,2,2,3125.0,293,9,3124.9,2,2,3124.8,505,3,3124.7,21,1,3125.9,64,2,3126.0,128,3,3126.1,19,1,3126.2,104,4,3126.3,278,3
2031,2026-06-16 10:38:33+05:30,3126.0,10,3131.66,1067344,136353.0,203302.0,3163.0,3163.0,3108.0,3134.3,31873800,3447.7,2820.9,3839.9,2896.0,3125.8,2,1,3125.1,205,2,3125.0,364,9,3124.9,38,4,3124.8,526,4,3125.9,33,1,3126.0,58,1,3126.2,40,2,3126.3,281,3,3126.4,19,1
2031,2026-06-16 10:38:34+05:30,3126.0,10,3131.66,1067344,136353.0,203302.0,3163.0,3163.0,3108.0,3134.3,31873800,3447.7,2820.9,3839.9,2896.0,3125.8,2,1,3125.1,205,2,3125.0,364,9,3124.9,38,4,3124.8,526,4,3125.9,33,1,3126.0,58,1,3126.2,40,2,3126.3,281,3,3126.4,19,1
2031,2026-06-16 10:38:34+05:30,3126.0,10,3131.66,1067344,136339.0,203353.0,3163.0,3163.0,3108.0,3134.3,31873800,3447.7,2820.9,3839.9,2896.0,3125.8,2,1,3125.1,191,2,3125.0,364,9,3124.9,38,4,3124.8,556,6,3125.9,33,1,3126.0,77,2,3126.2,40,2,3126.3,308,4,3126.4,19,1
2031,2026-06-16 10:38:35+05:30,3125.8,2,3131.66,1067344,136339.0,203353.0,3163.0,3163.0,3108.0,3134.3,31873800,3447.7,2820.9,3839.9,2896.0,3125.8,2,1,3125.1,191,2,3125.0,364,9,3124.9,38,4,3124.8,556,6,3125.9,33,1,3126.0,77,2,3126.2,40,2,3126.3,308,4,3126.4,19,1
2031,2026-06-16 10:38:35+05:30,3125.8,2,3131.66,1067346,135676.0,202578.0,3163.0,3163.0,3108.0,3134.3,31873800,3447.7,2820.9,3839.9,2896.0,3125.1,36,2,3125.0,327,8,3124.9,92,5,3124.8,556,6,3124.7,54,1,3125.8,1,1,3125.9,33,1,3126.0,58,1,3126.2,21,1,3126.3,272,3
2031,2026-06-16 10:38:35+05:30,3125.8,2,3131.66,1067346,135676.0,202578.0,3163.0,3163.0,3108.0,3134.3,31873800,3447.7,2820.9,3839.9,2896.0,3125.1,36,2,3125.0,327,8,3124.9,92,5,3124.8,556,6,3124.7,54,1,3125.8,1,1,3125.9,33,1,3126.0,58,1,3126.2,21,1,3126.3,272,3
2031,2026-06-16 10:38:36+05:30,3125.8,1,3131.66,1067346,135676.0,202578.0,3163.0,3163.0,3108.0,3134.3,31873800,3447.7,2820.9,3839.9,2896.0,3125.1,36,2,3125.0,327,8,3124.9,92,5,3124.8,556,6,3124.7,54,1,3125.8,1,1,3125.9,33,1,3126.0,58,1,3126.2,21,1,3126.3,272,3
2031,2026-06-16 10:38:36+05:30,3125.9,1,3131.66,1067352,136022.0,202734.0,3163.0,3163.0,3108.0,3134.3,31873800,3447.7,2820.9,3839.9,2896.0,3125.3,36,2,3125.2,34,2,3125.1,47,2,3125.0,362,10,3124.9,71,5,3125.9,32,1,3126.0,58,1,3126.2,21,1,3126.3,245,2,3126.4,19,1
2031,2026-06-16 10:38:37+05:30,3125.9,1,3131.66,1067352,136022.0,202734.0,3163.0,3163.0,3108.0,3134.3,31873800,3447.7,2820.9,3839.9,2896.0,3125.3,36,2,3125.2,34,2,3125.1,47,2,3125.0,362,10,3124.9,71,5,3125.9,32,1,3126.0,58,1,3126.2,21,1,3126.3,245,2,3126.4,19,1
2031,2026-06-16 10:38:37+05:30,3125.9,1,3131.66,1067352,136022.0,202734.0,3163.0,3163.0,3108.0,3134.3,31873800,3447.7,2820.9,3839.9,2896.0,3125.3,36,2,3125.2,34,2,3125.1,47,2,3125.0,362,10,3124.9,71,5,3125.9,32,1,3126.0,58,1,3126.2,21,1,3126.3,245,2,3126.4,19,1
2031,2026-06-16 10:38:37+05:30,3126.2,12,3131.66,1067463,136637.0,203109.0,3163.0,3163.0,3108.0,3134.3,31873800,3447.7,2820.9,3839.9,2896.0,3125.6,24,1,3125.1,242,3,3125.0,341,9,3124.9,122,6,3124.8,538,5,3126.2,9,1,3126.3,269,3,3126.6,52,2,3126.7,54,1,3126.8,105,3
2031,2026-06-16 10:38:38+05:30,3126.2,12,3131.66,1067463,136637.0,203109.0,3163.0,3163.0,3108.0,3134.3,31873800,3447.7,2820.9,3839.9,2896.0,3125.6,24,1,3125.1,242,3,3125.0,341,9,3124.9,122,6,3124.8,538,5,3126.2,9,1,3126.3,269,3,3126.6,52,2,3126.7,54,1,3126.8,105,3
2031,2026-06-16 10:38:38+05:30,3126.2,12,3131.66,1067463,136637.0,203109.0,3163.0,3163.0,3108.0,3134.3,31873800,3447.7,2820.9,3839.9,2896.0,3125.6,24,1,3125.1,242,3,3125.0,341,9,3124.9,122,6,3124.8,538,5,3126.2,9,1,3126.3,269,3,3126.6,52,2,3126.7,54,1,3126.8,105,3
2031,2026-06-16 10:38:38+05:30,3126.2,12,3131.66,1067463,136478.0,203640.0,3163.0,3163.0,3108.0,3134.3,31873800,3447.7,2820.9,3839.9,2896.0,3125.8,9,1,3125.6,24,1,3125.1,16,1,3125.0,332,8,3124.9,89,5,3126.2,10,2,3126.3,288,4,3126.5,36,1,3126.6,71,3,3126.7,76,2
2031,2026-06-16 10:38:39+05:30,3126.2,12,3131.66,1067463,136478.0,203640.0,3163.0,3163.0,3108.0,3134.3,31873800,3447.7,2820.9,3839.9,2896.0,3125.8,9,1,3125.6,24,1,3125.1,16,1,3125.0,332,8,3124.9,89,5,3126.2,10,2,3126.3,288,4,3126.5,36,1,3126.6,71,3,3126.7,76,2
2031,2026-06-16 10:38:40+05:30,3126.2,12,3131.66,1067463,136606.0,203660.0,3163.0,3163.0,3108.0,3134.3,31873800,3447.7,2820.9,3839.9,2896.0,3125.8,33,3,3125.6,1,1,3125.1,200,2,3125.0,318,7,3124.9,35,4,3126.2,35,3,3126.3,288,4,3126.4,37,1,3126.5,54,1,3126.6,38,2
2031,2026-06-16 10:38:40+05:30,3126.2,8,3131.66,1067463,136606.0,203660.0,3163.0,3163.0,3108.0,3134.3,31873800,3447.7,2820.9,3839.9,2896.0,3125.8,33,3,3125.6,1,1,3125.1,200,2,3125.0,318,7,3124.9,35,4,3126.2,35,3,3126.3,288,4,3126.4,37,1,3126.5,54,1,3126.6,38,2
2031,2026-06-16 10:38:40+05:30,3126.2,8,3131.66,1067463,136606.0,203660.0,3163.0,3163.0,3108.0,3134.3,31873800,3447.7,2820.9,3839.9,2896.0,3125.8,33,3,3125.6,1,1,3125.1,200,2,3125.0,318,7,3124.9,35,4,3126.2,35,3,3126.3,288,4,3126.4,37,1,3126.5,54,1,3126.6,38,2
2031,2026-06-16 10:38:41+05:30,3126.2,8,3131.66,1067463,136606.0,203660.0,3163.0,3163.0,3108.0,3134.3,31873800,3447.7,2820.9,3839.9,2896.0,3125.8,33,3,3125.6,1,1,3125.1,200,2,3125.0,318,7,3124.9,35,4,3126.2,35,3,3126.3,288,4,3126.4,37,1,3126.5,54,1,3126.6,38,2
2031,2026-06-16 10:38:41+05:30,3126.2,8,3131.66,1067471,136552.0,203556.0,3163.0,3163.0,3108.0,3134.3,31873800,3447.7,2820.9,3839.9,2896.0,3125.8,33,3,3125.6,1,1,3125.2,63,1,3125.1,100,3,3125.0,317,6,3126.2,27,3,3126.3,224,2,3126.5,76,2,3126.6,19,1,3126.7,54,1
2031,2026-06-16 10:38:41+05:30,3126.2,18,3131.66,1067471,136552.0,203556.0,3163.0,3163.0,3108.0,3134.3,31873800,3447.7,2820.9,3839.9,2896.0,3125.8,33,3,3125.6,1,1,3125.2,63,1,3125.1,100,3,3125.0,317,6,3126.2,27,3,3126.3,224,2,3126.5,76,2,3126.6,19,1,3126.7,54,1
2031,2026-06-16 10:38:41+05:30,3126.2,18,3131.66,1067471,136552.0,203556.0,3163.0,3163.0,3108.0,3134.3,31873800,3447.7,2820.9,3839.9,2896.0,3125.8,33,3,3125.6,1,1,3125.2,63,1,3125.1,100,3,3125.0,317,6,3126.2,27,3,3126.3,224,2,3126.5,76,2,3126.6,19,1,3126.7,54,1
2031,2026-06-16 10:38:42+05:30,3126.0,1,3131.66,1067492,136397.0,203459.0,3163.0,3163.0,3108.0,3134.3,31873800,3447.7,2820.9,3839.9,2896.0,3125.8,33,3,3125.6,1,1,3125.2,63,1,3125.1,100,3,3125.0,332,7,3126.0,4,1,3126.1,9,1,3126.2,37,2,3126.3,243,3,3126.5,22,1
2031,2026-06-16 10:38:42+05:30,3126.0,1,3131.66,1067492,136397.0,203459.0,3163.0,3163.0,3108.0,3134.3,31873800,3447.7,2820.9,3839.9,2896.0,3125.8,33,3,3125.6,1,1,3125.2,63,1,3125.1,100,3,3125.0,332,7,3126.0,4,1,3126.1,9,1,3126.2,37,2,3126.3,243,3,3126.5,22,1
2031,2026-06-16 10:38:42+05:30,3126.0,1,3131.66,1067492,136397.0,203459.0,3163.0,3163.0,3108.0,3134.3,31873800,3447.7,2820.9,3839.9,2896.0,3125.8,33,3,3125.6,1,1,3125.2,63,1,3125.1,100,3,3125.0,332,7,3126.0,4,1,3126.1,9,1,3126.2,37,2,3126.3,243,3,3126.5,22,1
2031,2026-06-16 10:38:43+05:30,3126.3,11,3131.66,1067784,136271.0,204280.0,3163.0,3163.0,3108.0,3134.3,31873800,3447.7,2820.9,3839.9,2896.0,3125.8,9,2,3125.6,24,2,3125.1,16,1,3125.0,332,7,3124.9,68,4,3126.3,37,1,3126.4,66,3,3126.5,21,1,3126.6,54,2,3126.7,58,3
2031,2026-06-16 10:38:43+05:30,3126.3,11,3131.66,1067784,136271.0,204280.0,3163.0,3163.0,3108.0,3134.3,31873800,3447.7,2820.9,3839.9,2896.0,3125.8,9,2,3125.6,24,2,3125.1,16,1,3125.0,332,7,3124.9,68,4,3126.3,37,1,3126.4,66,3,3126.5,21,1,3126.6,54,2,3126.7,58,3
2031,2026-06-16 10:38:43+05:30,3126.3,11,3131.66,1067784,136271.0,204280.0,3163.0,3163.0,3108.0,3134.3,31873800,3447.7,2820.9,3839.9,2896.0,3125.8,9,2,3125.6,24,2,3125.1,16,1,3125.0,332,7,3124.9,68,4,3126.3,37,1,3126.4,66,3,3126.5,21,1,3126.6,54,2,3126.7,58,3
2031,2026-06-16 10:38:44+05:30,3126.0,9,3131.66,1067793,136443.0,204639.0,3163.0,3163.0,3108.0,3134.3,31873800,3447.7,2820.9,3839.9,2896.0,3125.8,70,4,3125.6,2,2,3125.1,193,3,3125.0,332,7,3124.9,68,4,3126.0,5,1,3126.2,200,1,3126.3,70,3,3126.4,46,2,3126.6,76,3
2031,2026-06-16 10:38:44+05:30,3126.0,9,3131.66,1067793,136443.0,204639.0,3163.0,3163.0,3108.0,3134.3,31873800,3447.7,2820.9,3839.9,2896.0,3125.8,70,4,3125.6,2,2,3125.1,193,3,3125.0,332,7,3124.9,68,4,3126.0,5,1,3126.2,200,1,3126.3,70,3,3126.4,46,2,3126.6,76,3
2031,2026-06-16 10:38:44+05:30,3126.0,9,3131.66,1067793,136443.0,204639.0,3163.0,3163.0,3108.0,3134.3,31873800,3447.7,2820.9,3839.9,2896.0,3125.8,70,4,3125.6,2,2,3125.1,193,3,3125.0,332,7,3124.9,68,4,3126.0,5,1,3126.2,200,1,3126.3,70,3,3126.4,46,2,3126.6,76,3
2031,2026-06-16 10:38:44+05:30,3126.0,9,3131.66,1067793,136443.0,204639.0,3163.0,3163.0,3108.0,3134.3,31873800,3447.7,2820.9,3839.9,2896.0,3125.8,70,4,3125.6,2,2,3125.1,193,3,3125.0,332,7,3124.9,68,4,3126.0,5,1,3126.2,200,1,3126.3,70,3,3126.4,46,2,3126.6,76,3
2031,2026-06-16 10:38:45+05:30,3126.2,9,3131.66,1067807,136583.0,204542.0,3163.0,3163.0,3108.0,3134.3,31873800,3447.7,2820.9,3839.9,2896.0,3125.8,70,4,3125.6,18,3,3125.3,1,1,3125.1,237,3,3125.0,320,5,3126.2,228,3,3126.3,69,3,3126.4,46,2,3126.6,54,2,3126.7,30,2
2031,2026-06-16 10:38:45+05:30,3126.2,9,3131.66,1067807,136583.0,204542.0,3163.0,3163.0,3108.0,3134.3,31873800,3447.7,2820.9,3839.9,2896.0,3125.8,70,4,3125.6,18,3,3125.3,1,1,3125.1,237,3,3125.0,320,5,3126.2,228,3,3126.3,69,3,3126.4,46,2,3126.6,54,2,3126.7,30,2
2031,2026-06-16 10:38:45+05:30,3126.2,9,3131.66,1067807,136583.0,204542.0,3163.0,3163.0,3108.0,3134.3,31873800,3447.7,2820.9,3839.9,2896.0,3125.8,70,4,3125.6,18,3,3125.3,1,1,3125.1,237,3,3125.0,320,5,3126.2,228,3,3126.3,69,3,3126.4,46,2,3126.6,54,2,3126.7,30,2
2031,2026-06-16 10:38:46+05:30,3126.0,2,3131.66,1068007,136514.0,204425.0,3163.0,3163.0,3108.0,3134.3,31873800,3447.7,2820.9,3839.9,2896.0,3126.0,89,3,3125.8,42,3,3125.6,18,3,3125.4,6,1,3125.3,1,1,3126.2,78,3,3126.3,64,2,3126.4,216,2,3126.6,22,1,3126.7,30,2
2031,2026-06-16 10:38:46+05:30,3126.0,2,3131.66,1068007,136514.0,204425.0,3163.0,3163.0,3108.0,3134.3,31873800,3447.7,2820.9,3839.9,2896.0,3126.0,89,3,3125.8,42,3,3125.6,18,3,3125.4,6,1,3125.3,1,1,3126.2,78,3,3126.3,64,2,3126.4,216,2,3126.6,22,1,3126.7,30,2
2031,2026-06-16 10:38:46+05:30,3126.0,2,3131.66,1068007,136514.0,204425.0,3163.0,3163.0,3108.0,3134.3,31871800,3447.7,2820.9,3839.9,2896.0,3126.0,89,3,3125.8,42,3,3125.6,18,3,3125.4,6,1,3125.3,1,1,3126.2,78,3,3126.3,64,2,3126.4,216,2,3126.6,22,1,3126.7,30,2
2031,2026-06-16 10:38:47+05:30,3126.2,1,3131.66,1068008,136465.0,204320.0,3163.0,3163.0,3108.0,3134.3,31871800,3447.7,2820.9,3839.9,2896.0,3126.0,90,4,3125.8,49,4,3125.7,21,1,3125.6,29,4,3125.4,111,5,3126.2,77,3,3126.3,64,2,3126.4,216,2,3126.6,22,1,3126.7,20,1
2031,2026-06-16 10:38:47+05:30,3126.2,1,3131.66,1068008,136465.0,204320.0,3163.0,3163.0,3108.0,3134.3,31871800,3447.7,2820.9,3839.9,2896.0,3126.0,90,4,3125.8,49,4,3125.7,21,1,3125.6,29,4,3125.4,111,5,3126.2,77,3,3126.3,64,2,3126.4,216,2,3126.6,22,1,3126.7,20,1
2031,2026-06-16 10:38:48+05:30,3126.2,1,3131.66,1068008,136563.0,204248.0,3163.0,3163.0,3108.0,3134.3,31871800,3447.7,2820.9,3839.9,2896.0,3126.0,138,6,3125.8,49,4,3125.6,50,5,3125.4,130,6,3125.3,17,2,3126.2,77,3,3126.3,64,2,3126.4,216,2,3126.6,22,1,3126.7,20,1
2031,2026-06-16 10:38:49+05:30,3126.0,21,3131.66,1068209,136252.0,204589.0,3163.0,3163.0,3108.0,3134.3,31871800,3447.7,2820.9,3839.9,2896.0,3126.0,16,4,3125.8,42,3,3125.6,18,3,3125.3,1,1,3125.1,216,3,3126.2,77,4,3126.3,83,3,3126.4,216,2,3126.5,37,1,3126.6,41,2
2031,2026-06-16 10:38:49+05:30,3126.0,21,3131.66,1068209,136252.0,204589.0,3163.0,3163.0,3108.0,3134.3,31871800,3447.7,2820.9,3839.9,2896.0,3126.0,16,4,3125.8,42,3,3125.6,18,3,3125.3,1,1,3125.1,216,3,3126.2,77,4,3126.3,83,3,3126.4,216,2,3126.5,37,1,3126.6,41,2
2031,2026-06-16 10:38:50+05:30,3126.2,23,3131.65,1068603,136676.0,204346.0,3163.0,3163.0,3108.0,3134.3,31871800,3447.7,2820.9,3839.9,2896.0,3126.2,107,1,3126.0,16,4,3125.8,42,3,3125.6,57,5,3125.5,15,1,3126.3,64,2,3126.4,25,1,3126.6,191,1,3126.7,39,2,3126.8,50,1
2031,2026-06-16 10:38:50+05:30,3126.2,56,3131.65,1068603,136676.0,204346.0,3163.0,3163.0,3108.0,3134.3,31871800,3447.7,2820.9,3839.9,2896.0,3126.2,107,1,3126.0,16,4,3125.8,42,3,3125.6,57,5,3125.5,15,1,3126.3,64,2,3126.4,25,1,3126.6,191,1,3126.7,39,2,3126.8,50,1
2031,2026-06-16 10:38:51+05:30,3126.3,15,3131.65,1068674,136712.0,204387.0,3163.0,3163.0,3108.0,3134.3,31871800,3447.7,2820.9,3839.9,2896.0,3126.2,51,1,3126.0,30,5,3125.8,64,4,3125.6,28,3,3125.5,69,2,3126.3,49,2,3126.4,25,1,3126.6,209,2,3126.7,39,2,3126.8,50,1
2031,2026-06-16 10:38:51+05:30,3126.6,7,3131.65,1068674,136712.0,204387.0,3163.0,3163.0,3108.0,3134.3,31871800,3447.7,2820.9,3839.9,2896.0,3126.2,51,1,3126.0,30,5,3125.8,64,4,3125.6,28,3,3125.5,69,2,3126.3,49,2,3126.4,25,1,3126.6,209,2,3126.7,39,2,3126.8,50,1
2031,2026-06-16 10:38:52+05:30,3126.8,19,3131.65,1069007,137014.0,201141.0,3163.0,3163.0,3108.0,3134.3,31871800,3447.7,2820.9,3839.9,2896.0,3126.2,95,3,3126.1,33,2,3126.0,98,9,3125.8,144,7,3125.6,107,7,3126.8,31,1,3126.9,10,1,3127.0,268,3,3127.2,15,1,3127.3,3,1
2031,2026-06-16 10:38:52+05:30,3126.6,2,3131.65,1069007,137014.0,201141.0,3163.0,3163.0,3108.0,3134.3,31871800,3447.7,2820.9,3839.9,2896.0,3126.2,95,3,3126.1,33,2,3126.0,98,9,3125.8,144,7,3125.6,107,7,3126.8,31,1,3126.9,10,1,3127.0,268,3,3127.2,15,1,3127.3,3,1
2031,2026-06-16 10:38:53+05:30,3126.1,63,3131.65,1069210,136444.0,201555.0,3163.0,3163.0,3108.0,3134.3,31871800,3447.7,2820.9,3839.9,2896.0,3126.2,44,1,3126.1,25,1,3126.0,13,3,3125.8,42,3,3125.6,83,7,3126.7,197,1,3126.8,31,1,3126.9,10,1,3127.0,283,3,3127.1,89,2
2031,2026-06-16 10:38:53+05:30,3126.1,63,3131.65,1069210,136444.0,201555.0,3163.0,3163.0,3108.0,3134.3,31871800,3447.7,2820.9,3839.9,2896.0,3126.2,44,1,3126.1,25,1,3126.0,13,3,3125.8,42,3,3125.6,83,7,3126.7,197,1,3126.8,31,1,3126.9,10,1,3127.0,283,3,3127.1,89,2
2031,2026-06-16 10:38:54+05:30,3127.0,69,3131.65,1069693,136930.0,201770.0,3163.0,3163.0,3108.0,3134.3,31871800,3447.7,2820.9,3839.9,2896.0,3126.2,58,2,3126.1,74,5,3126.0,41,4,3125.9,20,1,3125.8,178,7,3127.0,159,2,3127.1,71,1,3127.3,3,1,3127.4,19,1,3127.6,39,2
2031,2026-06-16 10:38:54+05:30,3127.0,69,3131.65,1069693,136930.0,201770.0,3163.0,3163.0,3108.0,3134.3,31871800,3447.7,2820.9,3839.9,2896.0,3126.2,58,2,3126.1,74,5,3126.0,41,4,3125.9,20,1,3125.8,178,7,3127.0,159,2,3127.1,71,1,3127.3,3,1,3127.4,19,1,3127.6,39,2
2031,2026-06-16 10:38:55+05:30,3126.9,10,3131.65,1069703,136855.0,201917.0,3163.0,3163.0,3108.0,3134.3,31871800,3447.7,2820.9,3839.9,2896.0,3126.2,44,1,3126.1,41,3,3126.0,23,3,3125.9,6,1,3125.8,85,3,3126.9,113,2,3127.0,179,3,3127.1,48,3,3127.3,3,1,3127.4,19,1
2031,2026-06-16 10:38:55+05:30,3126.9,10,3131.65,1069703,136855.0,201917.0,3163.0,3163.0,3108.0,3134.3,31871800,3447.7,2820.9,3839.9,2896.0,3126.2,44,1,3126.1,41,3,3126.0,23,3,3125.9,6,1,3125.8,85,3,3126.9,113,2,3127.0,179,3,3127.1,48,3,3127.3,3,1,3127.4,19,1
2031,2026-06-16 10:38:56+05:30,3126.9,53,3131.65,1069803,136845.0,201824.0,3163.0,3163.0,3108.0,3134.3,31871800,3447.7,2820.9,3839.9,2896.0,3126.3,24,1,3126.2,59,2,3126.1,16,2,3126.0,44,3,3125.9,21,1,3126.9,33,2,3127.0,179,3,3127.1,48,3,3127.3,3,1,3127.4,19,1
2031,2026-06-16 10:38:56+05:30,3126.9,53,3131.65,1069803,136845.0,201824.0,3163.0,3163.0,3108.0,3134.3,31871800,3447.7,2820.9,3839.9,2896.0,3126.3,24,1,3126.2,59,2,3126.1,16,2,3126.0,44,3,3125.9,21,1,3126.9,33,2,3127.0,179,3,3127.1,48,3,3127.3,3,1,3127.4,19,1
2031,2026-06-16 10:38:57+05:30,3126.9,53,3131.65,1069803,137222.0,202085.0,3163.0,3163.0,3108.0,3134.3,31871800,3447.7,2820.9,3839.9,2896.0,3126.4,25,1,3126.3,54,3,3126.2,44,1,3126.1,16,2,3126.0,56,3,3126.9,33,2,3127.0,179,3,3127.1,29,2,3127.3,3,1,3127.4,54,2
2031,2026-06-16 10:38:58+05:30,3126.9,1,3131.65,1069837,137574.0,201144.0,3163.0,3163.0,3108.0,3134.3,31871800,3447.7,2820.9,3839.9,2896.0,3126.6,26,1,3126.5,48,3,3126.4,58,3,3126.3,65,4,3126.2,78,3,3126.9,64,1,3127.0,179,3,3127.1,29,2,3127.3,3,1,3127.7,115,1
2031,2026-06-16 10:38:58+05:30,3126.9,1,3131.65,1069837,137574.0,201144.0,3163.0,3163.0,3108.0,3134.3,31871800,3447.7,2820.9,3839.9,2896.0,3126.6,26,1,3126.5,48,3,3126.4,58,3,3126.3,65,4,3126.2,78,3,3126.9,64,1,3127.0,179,3,3127.1,29,2,3127.3,3,1,3127.7,115,1
2031,2026-06-16 10:38:59+05:30,3126.6,200,3131.65,1069837,137574.0,201144.0,3163.0,3163.0,3108.0,3134.3,31871800,3447.7,2820.9,3839.9,2896.0,3126.6,26,1,3126.5,48,3,3126.4,58,3,3126.3,65,4,3126.2,78,3,3126.9,64,1,3127.0,179,3,3127.1,29,2,3127.3,3,1,3127.7,115,1
2031,2026-06-16 10:38:59+05:30,3126.6,200,3131.65,1070079,136871.0,199655.0,3163.0,3163.0,3108.0,3134.3,31871800,3447.7,2820.9,3839.9,2896.0,3126.6,15,1,3126.4,38,1,3126.3,54,3,3126.2,58,2,3126.0,1,1,3126.9,82,2,3127.0,179,3,3127.1,29,2,3127.3,3,1,3127.7,74,3
2031,2026-06-16 10:39:00+05:30,3126.9,19,3131.65,1070079,136871.0,199655.0,3163.0,3163.0,3108.0,3134.3,31871800,3447.7,2820.9,3839.9,2896.0,3126.6,15,1,3126.4,38,1,3126.3,54,3,3126.2,58,2,3126.0,1,1,3126.9,82,2,3127.0,179,3,3127.1,29,2,3127.3,3,1,3127.7,74,3
2031,2026-06-16 10:39:00+05:30,3126.9,19,3131.65,1070201,136864.0,201041.0,3163.0,3163.0,3108.0,3134.3,31871800,3447.7,2820.9,3839.9,2896.0,3126.9,190,1,3126.6,69,4,3126.5,27,2,3126.4,52,2,3126.3,117,5,3127.0,179,3,3127.1,29,2,3127.3,3,1,3127.7,19,1,3127.8,1084,5
2031,2026-06-16 10:39:01+05:30,3127.0,45,3131.65,1070250,136857.0,201031.0,3163.0,3163.0,3108.0,3134.3,31871800,3447.7,2820.9,3839.9,2896.0,3126.9,190,1,3126.6,96,6,3126.5,6,1,3126.4,59,2,3126.3,117,5,3127.0,130,3,3127.1,29,2,3127.3,3,1,3127.8,1030,4,3128.0,279,6
2031,2026-06-16 10:39:01+05:30,3127.0,45,3131.65,1070250,136857.0,201031.0,3163.0,3163.0,3108.0,3134.3,31871800,3447.7,2820.9,3839.9,2896.0,3126.9,190,1,3126.6,96,6,3126.5,6,1,3126.4,59,2,3126.3,117,5,3127.0,130,3,3127.1,29,2,3127.3,3,1,3127.8,1030,4,3128.0,279,6
2031,2026-06-16 10:39:02+05:30,3127.8,400,3131.65,1070250,136857.0,201031.0,3163.0,3163.0,3108.0,3134.3,31871800,3447.7,2820.9,3839.9,2896.0,3126.9,190,1,3126.6,96,6,3126.5,6,1,3126.4,59,2,3126.3,117,5,3127.0,130,3,3127.1,29,2,3127.3,3,1,3127.8,1030,4,3128.0,279,6
2031,2026-06-16 10:39:02+05:30,3127.8,400,3131.64,1071161,137047.0,199845.0,3163.0,3163.0,3108.0,3134.3,31871800,3447.7,2820.9,3839.9,2896.0,3126.9,328,5,3126.8,24,2,3126.7,19,1,3126.6,158,9,3126.4,118,6,3127.8,592,3,3128.0,224,4,3128.1,52,2,3128.2,25,1,3128.3,23,2
2031,2026-06-16 10:39:03+05:30,3127.0,1,3131.64,1071161,137047.0,199845.0,3163.0,3163.0,3108.0,3134.3,31871800,3447.7,2820.9,3839.9,2896.0,3126.9,328,5,3126.8,24,2,3126.7,19,1,3126.6,158,9,3126.4,118,6,3127.8,592,3,3128.0,224,4,3128.1,52,2,3128.2,25,1,3128.3,23,2
2031,2026-06-16 10:39:03+05:30,3127.0,1,3131.64,1071162,136792.0,200821.0,3163.0,3163.0,3108.0,3134.3,31871800,3447.7,2820.9,3839.9,2896.0,3126.9,264,3,3126.8,20,1,3126.7,5,1,3126.6,85,6,3126.4,156,8,3127.0,43,1,3127.8,592,3,3128.0,216,4,3128.1,23,3,3128.2,76,3
2031,2026-06-16 10:39:04+05:30,3127.0,19,3131.64,1071162,136792.0,200821.0,3163.0,3163.0,3108.0,3134.3,31871800,3447.7,2820.9,3839.9,2896.0,3126.9,264,3,3126.8,20,1,3126.7,5,1,3126.6,85,6,3126.4,156,8,3127.0,43,1,3127.8,592,3,3128.0,216,4,3128.1,23,3,3128.2,76,3
2031,2026-06-16 10:39:04+05:30,3127.0,19,3131.64,1071322,137022.0,200633.0,3163.0,3163.0,3108.0,3134.3,31871800,3447.7,2820.9,3839.9,2896.0,3127.0,54,2,3126.9,173,4,3126.8,11,2,3126.7,5,1,3126.6,134,7,3127.8,592,3,3128.0,216,4,3128.1,89,5,3128.2,25,1,3128.3,106,3
2031,2026-06-16 10:39:05+05:30,3127.0,20,3131.64,1071322,137022.0,200633.0,3163.0,3163.0,3108.0,3134.3,31871800,3447.7,2820.9,3839.9,2896.0,3127.0,54,2,3126.9,173,4,3126.8,11,2,3126.7,5,1,3126.6,134,7,3127.8,592,3,3128.0,216,4,3128.1,89,5,3128.2,25,1,3128.3,106,3
2031,2026-06-16 10:39:05+05:30,3127.0,20,3131.64,1071370,137424.0,200755.0,3163.0,3163.0,3108.0,3134.3,31871800,3447.7,2820.9,3839.9,2896.0,3127.1,21,1,3127.0,38,3,3126.9,208,6,3126.8,5,2,3126.7,24,2,3127.8,597,4,3128.0,216,4,3128.1,70,4,3128.2,25,1,3128.3,85,2
2031,2026-06-16 10:39:06+05:30,3127.8,100,3131.64,1071470,135941.0,200805.0,3163.0,3163.0,3108.0,3134.3,31871800,3447.7,2820.9,3839.9,2896.0,3127.1,160,5,3127.0,63,5,3126.9,203,6,3126.8,79,5,3126.7,25,2,3127.8,511,5,3128.0,216,4,3128.1,70,4,3128.2,25,1,3128.4,76,4
2031,2026-06-16 10:39:07+05:30,3127.8,100,3131.64,1071470,135941.0,200805.0,3163.0,3163.0,3108.0,3134.3,31871800,3447.7,2820.9,3839.9,2896.0,3127.1,160,5,3127.0,63,5,3126.9,203,6,3126.8,79,5,3126.7,25,2,3127.8,511,5,3128.0,216,4,3128.1,70,4,3128.2,25,1,3128.4,76,4
2031,2026-06-16 10:39:07+05:30,3127.8,100,3131.64,1071470,135685.0,200874.0,3163.0,3163.0,3108.0,3134.3,31871800,3447.7,2820.9,3839.9,2896.0,3127.4,24,1,3127.1,120,2,3127.0,38,3,3126.9,203,6,3126.8,97,6,3127.8,552,6,3128.0,216,4,3128.1,23,3,3128.2,25,1,3128.4,56,3
2031,2026-06-16 10:39:08+05:30,3127.8,1,3131.64,1071470,135685.0,200874.0,3163.0,3163.0,3108.0,3134.3,31871800,3447.7,2820.9,3839.9,2896.0,3127.4,24,1,3127.1,120,2,3127.0,38,3,3126.9,203,6,3126.8,97,6,3127.8,552,6,3128.0,216,4,3128.1,23,3,3128.2,25,1,3128.4,56,3
2031,2026-06-16 10:39:08+05:30,3127.8,1,3131.64,1071476,135829.0,200981.0,3163.0,3163.0,3108.0,3134.3,31871800,3447.7,2820.9,3839.9,2896.0,3127.6,9,1,3127.4,144,2,3127.1,140,3,3127.0,38,3,3126.9,203,6,3127.8,546,6,3128.0,216,4,3128.1,23,3,3128.2,25,1,3128.4,25,2
2031,2026-06-16 10:39:09+05:30,3128.9,28,3131.64,1071476,135829.0,200981.0,3163.0,3163.0,3108.0,3134.3,31871800,3447.7,2820.9,3839.9,2896.0,3127.6,9,1,3127.4,144,2,3127.1,140,3,3127.0,38,3,3126.9,203,6,3127.8,546,6,3128.0,216,4,3128.1,23,3,3128.2,25,1,3128.4,25,2
2031,2026-06-16 10:39:09+05:30,3127.8,3,3131.63,1073508,135696.0,198939.0,3163.0,3163.0,3108.0,3134.3,31871800,3447.7,2820.9,3839.9,2896.0,3127.8,22,1,3127.6,9,1,3127.4,141,3,3127.3,7,1,3127.2,28,3,3128.9,83,4,3129.0,129,9,3129.1,47,1,3129.2,145,4,3129.3,6,1
2031,2026-06-16 10:39:10+05:30,3128.8,8,3131.63,1073508,135696.0,198939.0,3163.0,3163.0,3108.0,3134.3,31871800,3447.7,2820.9,3839.9,2896.0,3127.8,22,1,3127.6,9,1,3127.4,141,3,3127.3,7,1,3127.2,28,3,3128.9,83,4,3129.0,129,9,3129.1,47,1,3129.2,145,4,3129.3,6,1
2031,2026-06-16 10:39:10+05:30,3128.8,8,3131.63,1073713,135470.0,199629.0,3163.0,3163.0,3108.0,3134.3,31871800,3447.7,2820.9,3839.9,2896.0,3127.8,233,2,3127.6,33,2,3127.5,7,1,3127.4,127,2,3127.3,63,2,3128.8,73,4,3128.9,44,3,3129.0,255,13,3129.1,17,1,3129.2,359,6
2031,2026-06-16 10:39:11+05:30,3128.8,1,3131.63,1073713,135470.0,199629.0,3163.0,3163.0,3108.0,3134.3,31871800,3447.7,2820.9,3839.9,2896.0,3127.8,233,2,3127.6,33,2,3127.5,7,1,3127.4,127,2,3127.3,63,2,3128.8,73,4,3128.9,44,3,3129.0,255,13,3129.1,17,1,3129.2,359,6
2031,2026-06-16 10:39:11+05:30,3128.8,1,3131.63,1073836,135415.0,200574.0,3163.0,3163.0,3108.0,3134.3,31871800,3447.7,2820.9,3839.9,2896.0,3127.8,233,2,3127.6,9,1,3127.4,143,2,3127.3,68,2,3127.2,1,1,3128.8,78,5,3128.9,202,4,3129.0,330,15,3129.1,17,1,3129.2,354,5
2031,2026-06-16 10:39:12+05:30,3127.8,10,3131.63,1073836,135415.0,200574.0,3163.0,3163.0,3108.0,3134.3,31871800,3447.7,2820.9,3839.9,2896.0,3127.8,233,2,3127.6,9,1,3127.4,143,2,3127.3,68,2,3127.2,1,1,3128.8,78,5,3128.9,202,4,3129.0,330,15,3129.1,17,1,3129.2,354,5
2031,2026-06-16 10:39:12+05:30,3127.8,200,3131.63,1074380,135291.0,200848.0,3163.0,3163.0,3108.0,3134.3,31871800,3447.7,2820.9,3839.9,2896.0,3127.8,23,2,3127.6,9,1,3127.4,143,2,3127.3,14,1,3127.2,1,1,3128.6,110,6,3128.7,95,6,3128.8,148,7,3128.9,53,2,3129.0,232,13
2031,2026-06-16 10:39:13+05:30,3127.8,200,3131.63,1074380,135291.0,200848.0,3163.0,3163.0,3108.0,3134.3,31871800,3447.7,2820.9,3839.9,2896.0,3127.8,23,2,3127.6,9,1,3127.4,143,2,3127.3,14,1,3127.2,1,1,3128.6,110,6,3128.7,95,6,3128.8,148,7,3128.9,53,2,3129.0,232,13
2031,2026-06-16 10:39:13+05:30,3127.8,4,3131.63,1075859,133454.0,200624.0,3163.0,3163.0,3108.0,3134.3,31871800,3447.7,2820.9,3839.9,2896.0,3127.8,63,2,3127.6,9,1,3127.5,15,1,3127.4,120,1,3127.1,5,1,3128.2,132,8,3128.3,5,1,3128.4,86,6,3128.5,43,3,3128.6,42,2
2031,2026-06-16 10:39:14+05:30,3128.0,6,3131.63,1075859,133454.0,200624.0,3163.0,3163.0,3108.0,3134.3,31871800,3447.7,2820.9,3839.9,2896.0,3127.8,63,2,3127.6,9,1,3127.5,15,1,3127.4,120,1,3127.1,5,1,3128.2,132,8,3128.3,5,1,3128.4,86,6,3128.5,43,3,3128.6,42,2
2031,2026-06-16 10:39:14+05:30,3128.1,36,3131.63,1076148,133624.0,201189.0,3163.0,3163.0,3108.0,3134.3,31871800,3447.7,2820.9,3839.9,2896.0,3127.8,47,1,3127.7,15,1,3127.6,9,1,3127.4,120,1,3127.3,54,1,3128.2,42,2,3128.4,53,3,3128.5,33,2,3128.6,52,2,3128.8,24,2
2031,2026-06-16 10:39:15+05:30,3128.1,1,3131.63,1076148,133624.0,201189.0,3163.0,3163.0,3108.0,3134.3,31871800,3447.7,2820.9,3839.9,2896.0,3127.8,47,1,3127.7,15,1,3127.6,9,1,3127.4,120,1,3127.3,54,1,3128.2,42,2,3128.4,53,3,3128.5,33,2,3128.6,52,2,3128.8,24,2
2031,2026-06-16 10:39:15+05:30,3129.0,5,3131.63,1076454,134496.0,200411.0,3163.0,3163.0,3108.0,3134.3,31871800,3447.7,2820.9,3839.9,2896.0,3128.0,2,2,3127.8,51,3,3127.7,15,1,3127.4,120,1,3127.3,54,1,3129.0,94,6,3129.1,73,3,3129.2,287,4,3129.3,73,2,3129.4,50,4
2031,2026-06-16 10:39:16+05:30,3129.0,5,3131.63,1076454,134496.0,200411.0,3163.0,3163.0,3108.0,3134.3,31871800,3447.7,2820.9,3839.9,2896.0,3128.0,2,2,3127.8,51,3,3127.7,15,1,3127.4,120,1,3127.3,54,1,3129.0,94,6,3129.1,73,3,3129.2,287,4,3129.3,73,2,3129.4,50,4
2031,2026-06-16 10:39:16+05:30,3129.0,5,3131.63,1076454,134405.0,200931.0,3163.0,3163.0,3108.0,3134.3,31871800,3447.7,2820.9,3839.9,2896.0,3128.1,8,1,3128.0,68,3,3127.8,51,3,3127.7,15,1,3127.3,55,2,3128.9,97,5,3129.0,53,4,3129.1,91,3,3129.2,406,7,3129.3,73,2
2031,2026-06-16 10:39:17+05:30,3128.2,4,3131.63,1076459,134136.0,202162.0,3163.0,3163.0,3108.0,3134.3,31871800,3447.7,2820.9,3839.9,2896.0,3128.1,8,1,3128.0,118,4,3127.8,51,3,3127.7,15,1,3127.3,1,1,3128.2,235,4,3128.4,19,1,3128.5,12,1,3128.6,19,1,3128.7,52,2
2031,2026-06-16 10:39:18+05:30,3128.2,18,3131.63,1076459,134136.0,202162.0,3163.0,3163.0,3108.0,3134.3,31871800,3447.7,2820.9,3839.9,2896.0,3128.1,8,1,3128.0,118,4,3127.8,51,3,3127.7,15,1,3127.3,1,1,3128.2,235,4,3128.4,19,1,3128.5,12,1,3128.6,19,1,3128.7,52,2
2031,2026-06-16 10:39:18+05:30,3128.2,18,3131.62,1076659,134143.0,200618.0,3163.0,3163.0,3108.0,3134.3,31871800,3447.7,2820.9,3839.9,2896.0,3128.1,75,2,3128.0,118,4,3127.8,76,4,3127.7,15,1,3127.3,38,2,3128.2,48,2,3128.3,19,1,3128.4,34,1,3128.6,19,1,3128.7,34,1
2031,2026-06-16 10:39:19+05:30,3128.1,1,3131.62,1076659,134143.0,200618.0,3163.0,3163.0,3108.0,3134.3,31871800,3447.7,2820.9,3839.9,2896.0,3128.1,75,2,3128.0,118,4,3127.8,76,4,3127.7,15,1,3127.3,38,2,3128.2,48,2,3128.3,19,1,3128.4,34,1,3128.6,19,1,3128.7,34,1
2031,2026-06-16 10:39:19+05:30,3128.1,1,3131.62,1076661,134216.0,200596.0,3163.0,3163.0,3108.0,3134.3,31871800,3447.7,2820.9,3839.9,2896.0,3128.1,153,5,3128.0,118,4,3127.9,23,1,3127.8,51,3,3127.3,22,2,3128.2,48,3,3128.3,19,1,3128.6,19,1,3128.9,6,1,3129.0,123,7
2031,2026-06-16 10:39:20+05:30,3128.2,6,3131.62,1076661,134216.0,200596.0,3163.0,3163.0,3108.0,3134.3,31871800,3447.7,2820.9,3839.9,2896.0,3128.1,153,5,3128.0,118,4,3127.9,23,1,3127.8,51,3,3127.3,22,2,3128.2,48,3,3128.3,19,1,3128.6,19,1,3128.9,6,1,3129.0,123,7
2031,2026-06-16 10:39:20+05:30,3128.6,19,3131.62,1076881,133959.0,200752.0,3163.0,3163.0,3108.0,3134.3,31871800,3447.7,2820.9,3839.9,2896.0,3128.1,16,4,3128.0,117,3,3127.9,22,1,3127.8,51,3,3127.7,15,1,3128.6,73,5,3128.7,4,1,3128.8,50,4,3128.9,19,1,3129.0,187,9
2031,2026-06-16 10:39:21+05:30,3128.5,10,3131.62,1076881,133959.0,200752.0,3163.0,3163.0,3108.0,3134.3,31871800,3447.7,2820.9,3839.9,2896.0,3128.1,16,4,3128.0,117,3,3127.9,22,1,3127.8,51,3,3127.7,15,1,3128.6,73,5,3128.7,4,1,3128.8,50,4,3128.9,19,1,3129.0,187,9
2031,2026-06-16 10:39:21+05:30,3127.5,36,3131.62,1077843,132399.0,203582.0,3163.0,3163.0,3108.0,3134.3,31871800,3447.7,2820.9,3839.9,2896.0,3127.1,5,1,3127.0,7,2,3126.9,114,5,3126.8,18,3,3126.7,13,1,3127.5,53,4,3127.7,217,3,3127.8,11,2,3128.0,225,3,3128.1,42,2
2031,2026-06-16 10:39:22+05:30,3127.4,36,3131.62,1077843,132399.0,203582.0,3163.0,3163.0,3108.0,3134.3,31871800,3447.7,2820.9,3839.9,2896.0,3127.1,5,1,3127.0,7,2,3126.9,114,5,3126.8,18,3,3126.7,13,1,3127.5,53,4,3127.7,217,3,3127.8,11,2,3128.0,225,3,3128.1,42,2
2031,2026-06-16 10:39:22+05:30,3127.4,36,3131.62,1078113,132030.0,203454.0,3163.0,3163.0,3108.0,3134.3,31871800,3447.7,2820.9,3839.9,2896.0,3127.0,7,2,3126.9,102,4,3126.8,5,2,3126.7,21,2,3126.6,27,3,3127.4,95,1,3127.5,53,4,3127.7,227,3,3127.8,1,1,3128.0,24,2
2031,2026-06-16 10:39:23+05:30,3127.0,7,3131.62,1078113,132030.0,203454.0,3163.0,3163.0,3108.0,3134.3,31871800,3447.7,2820.9,3839.9,2896.0,3127.0,7,2,3126.9,102,4,3126.8,5,2,3126.7,21,2,3126.6,27,3,3127.4,95,1,3127.5,53,4,3127.7,227,3,3127.8,1,1,3128.0,24,2
2031,2026-06-16 10:39:23+05:30,3126.6,1,3131.62,1078546,131326.0,203060.0,3163.0,3163.0,3108.0,3134.3,31871800,3447.7,2820.9,3839.9,2896.0,3126.6,29,5,3126.5,28,2,3126.4,58,4,3126.3,22,1,3126.2,42,3,3127.3,41,1,3127.4,18,1,3127.5,30,2,3127.7,220,2,3128.2,47,3
2031,2026-06-16 10:39:24+05:30,3127.3,1,3131.62,1078546,131326.0,203060.0,3163.0,3163.0,3108.0,3134.3,31871800,3447.7,2820.9,3839.9,2896.0,3126.6,29,5,3126.5,28,2,3126.4,58,4,3126.3,22,1,3126.2,42,3,3127.3,41,1,3127.4,18,1,3127.5,30,2,3127.7,220,2,3128.2,47,3
2031,2026-06-16 10:39:24+05:30,3127.3,1,3131.62,1078547,131399.0,203414.0,3163.0,3163.0,3108.0,3134.3,31871800,3447.7,2820.9,3839.9,2896.0,3126.7,37,5,3126.6,55,6,3126.5,28,2,3126.4,58,4,3126.3,22,1,3127.3,40,1,3127.4,18,1,3127.5,30,2,3127.7,220,2,3128.2,28,2
2031,2026-06-16 10:39:25+05:30,3126.7,8,3131.62,1078547,131399.0,203414.0,3163.0,3163.0,3108.0,3134.3,31871800,3447.7,2820.9,3839.9,2896.0,3126.7,37,5,3126.6,55,6,3126.5,28,2,3126.4,58,4,3126.3,22,1,3127.3,40,1,3127.4,18,1,3127.5,30,2,3127.7,220,2,3128.2,28,2
2031,2026-06-16 10:39:25+05:30,3126.7,8,3131.62,1078555,131441.0,203640.0,3163.0,3163.0,3108.0,3134.3,31871800,3447.7,2820.9,3839.9,2896.0,3126.7,21,4,3126.6,53,6,3126.5,15,1,3126.4,58,4,3126.3,43,2,3127.3,40,1,3127.4,18,1,3127.5,20,1,3127.7,220,2,3128.2,28,2
2031,2026-06-16 10:39:26+05:30,3127.3,20,3131.62,1078575,131470.0,203680.0,3163.0,3163.0,3108.0,3134.3,31871800,3447.7,2820.9,3839.9,2896.0,3126.6,55,5,3126.5,36,2,3126.4,69,4,3126.3,19,1,3126.2,21,2,3127.3,20,1,3127.4,18,1,3127.5,48,2,3127.6,28,1,3127.7,220,2
2031,2026-06-16 10:39:27+05:30,3127.3,20,3131.62,1078575,131470.0,203680.0,3163.0,3163.0,3108.0,3134.3,31871800,3447.7,2820.9,3839.9,2896.0,3126.6,55,5,3126.5,36,2,3126.4,69,4,3126.3,19,1,3126.2,21,2,3127.3,20,1,3127.4,18,1,3127.5,48,2,3127.6,28,1,3127.7,220,2
2031,2026-06-16 10:39:27+05:30,3128.0,1466,3131.61,1080375,132506.0,202613.0,3163.0,3163.0,3108.0,3134.3,31871800,3447.7,2820.9,3839.9,2896.0,3127.4,1,1,3126.7,2,1,3126.6,66,5,3126.5,15,1,3126.4,58,4,3128.2,101,6,3128.3,73,5,3128.4,127,6,3128.5,48,2,3128.6,180,5
2031,2026-06-16 10:39:28+05:30,3128.0,1466,3131.61,1080375,132506.0,202613.0,3163.0,3163.0,3108.0,3134.3,31871800,3447.7,2820.9,3839.9,2896.0,3127.4,1,1,3126.7,2,1,3126.6,66,5,3126.5,15,1,3126.4,58,4,3128.2,101,6,3128.3,73,5,3128.4,127,6,3128.5,48,2,3128.6,180,5
2031,2026-06-16 10:39:28+05:30,3128.0,1466,3131.61,1080375,132506.0,202613.0,3163.0,3163.0,3108.0,3134.3,31871800,3447.7,2820.9,3839.9,2896.0,3127.4,1,1,3126.7,2,1,3126.6,66,5,3126.5,15,1,3126.4,58,4,3128.2,101,6,3128.3,73,5,3128.4,127,6,3128.5,48,2,3128.6,180,5
2031,2026-06-16 10:39:28+05:30,3128.0,1,3131.61,1080376,132626.0,202555.0,3163.0,3163.0,3108.0,3134.3,31871800,3447.7,2820.9,3839.9,2896.0,3127.4,84,2,3126.9,5,2,3126.7,63,1,3126.6,53,4,3126.5,211,3,3128.0,30,1,3128.1,10,1,3128.2,269,3,3128.3,40,3,3128.4,36,2
2031,2026-06-16 10:39:29+05:30,3127.4,1,3131.61,1080376,132626.0,202555.0,3163.0,3163.0,3108.0,3134.3,31871800,3447.7,2820.9,3839.9,2896.0,3127.4,84,2,3126.9,5,2,3126.7,63,1,3126.6,53,4,3126.5,211,3,3128.0,30,1,3128.1,10,1,3128.2,269,3,3128.3,40,3,3128.4,36,2
2031,2026-06-16 10:39:30+05:30,3128.4,29,3131.61,1080831,133287.0,201995.0,3163.0,3163.0,3108.0,3134.3,31871800,3447.7,2820.9,3839.9,2896.0,3127.5,1,1,3127.1,19,1,3127.0,8,1,3126.9,54,6,3126.8,82,2,3128.5,31,1,3128.6,40,1,3128.7,65,2,3128.9,79,2,3129.0,623,8
2031,2026-06-16 10:39:30+05:30,3128.2,1,3131.61,1080831,133287.0,201995.0,3163.0,3163.0,3108.0,3134.3,31871800,3447.7,2820.9,3839.9,2896.0,3127.5,1,1,3127.1,19,1,3127.0,8,1,3126.9,54,6,3126.8,82,2,3128.5,31,1,3128.6,40,1,3128.7,65,2,3128.9,79,2,3129.0,623,8
2031,2026-06-16 10:39:30+05:30,3128.2,1,3131.61,1080831,133287.0,201995.0,3163.0,3163.0,3108.0,3134.3,31871800,3447.7,2820.9,3839.9,2896.0,3127.5,1,1,3127.1,19,1,3127.0,8,1,3126.9,54,6,3126.8,82,2,3128.5,31,1,3128.6,40,1,3128.7,65,2,3128.9,79,2,3129.0,623,8
2031,2026-06-16 10:39:31+05:30,3128.7,14,3131.61,1080922,133347.0,202058.0,3163.0,3163.0,3108.0,3134.3,31871800,3447.7,2820.9,3839.9,2896.0,3128.2,1,1,3128.0,2,2,3127.5,39,2,3127.4,7,1,3127.2,63,1,3128.7,51,3,3128.8,102,3,3128.9,97,3,3129.0,393,6,3129.2,390,6
2031,2026-06-16 10:39:31+05:30,3128.7,14,3131.61,1080922,133347.0,202058.0,3163.0,3163.0,3108.0,3134.3,31871800,3447.7,2820.9,3839.9,2896.0,3128.2,1,1,3128.0,2,2,3127.5,39,2,3127.4,7,1,3127.2,63,1,3128.7,51,3,3128.8,102,3,3128.9,97,3,3129.0,393,6,3129.2,390,6
2031,2026-06-16 10:39:32+05:30,3128.7,14,3131.61,1080922,133857.0,201791.0,3163.0,3163.0,3108.0,3134.3,31871800,3447.7,2820.9,3839.9,2896.0,3128.2,46,3,3128.0,2,2,3127.5,1,1,3127.4,30,2,3127.3,63,1,3128.7,47,3,3128.8,91,3,3128.9,43,2,3129.0,465,8,3129.2,355,6
2031,2026-06-16 10:39:32+05:30,3128.7,14,3131.61,1080922,133857.0,201791.0,3163.0,3163.0,3108.0,3134.3,31871800,3447.7,2820.9,3839.9,2896.0,3128.2,46,3,3128.0,2,2,3127.5,1,1,3127.4,30,2,3127.3,63,1,3128.7,47,3,3128.8,91,3,3128.9,43,2,3129.0,465,8,3129.2,355,6
2031,2026-06-16 10:39:33+05:30,3128.7,1,3131.61,1080936,134608.0,201958.0,3163.0,3163.0,3108.0,3134.3,31871800,3447.7,2820.9,3839.9,2896.0,3128.2,46,3,3128.0,2,2,3127.6,63,1,3127.5,54,1,3127.4,68,3,3128.7,14,1,3128.8,73,2,3128.9,62,3,3129.0,388,5,3129.2,272,4
2031,2026-06-16 10:39:33+05:30,3128.7,2,3131.61,1080936,134608.0,201958.0,3163.0,3163.0,3108.0,3134.3,31871800,3447.7,2820.9,3839.9,2896.0,3128.2,46,3,3128.0,2,2,3127.6,63,1,3127.5,54,1,3127.4,68,3,3128.7,14,1,3128.8,73,2,3128.9,62,3,3129.0,388,5,3129.2,272,4
2031,2026-06-16 10:39:33+05:30,3128.7,2,3131.61,1080938,134262.0,202238.0,3163.0,3163.0,3108.0,3134.3,31871800,3447.7,2820.9,3839.9,2896.0,3128.4,25,1,3128.2,46,3,3128.0,6,4,3127.5,82,2,3127.4,7,1,3128.7,12,1,3128.8,92,3,3128.9,43,2,3129.0,462,9,3129.1,34,1
2031,2026-06-16 10:39:34+05:30,3128.7,2,3131.61,1080938,134262.0,202238.0,3163.0,3163.0,3108.0,3134.3,31871800,3447.7,2820.9,3839.9,2896.0,3128.4,25,1,3128.2,46,3,3128.0,6,4,3127.5,82,2,3127.4,7,1,3128.7,12,1,3128.8,92,3,3128.9,43,2,3129.0,462,9,3129.1,34,1
2031,2026-06-16 10:39:34+05:30,3128.7,1,3131.61,1080990,134485.0,202245.0,3163.0,3163.0,3108.0,3134.3,31871800,3447.7,2820.9,3839.9,2896.0,3128.5,23,1,3128.4,37,1,3128.2,46,3,3128.0,6,4,3127.5,90,3,3128.7,40,2,3128.8,73,2,3128.9,43,2,3129.0,415,6,3129.1,34,1
2031,2026-06-16 10:39:35+05:30,3128.5,6,3131.61,1080990,134485.0,202245.0,3163.0,3163.0,3108.0,3134.3,31871800,3447.7,2820.9,3839.9,2896.0,3128.5,23,1,3128.4,37,1,3128.2,46,3,3128.0,6,4,3127.5,90,3,3128.7,40,2,3128.8,73,2,3128.9,43,2,3129.0,415,6,3129.1,34,1
2031,2026-06-16 10:39:35+05:30,3128.7,40,3131.61,1081046,134706.0,201960.0,3163.0,3163.0,3108.0,3134.3,31871800,3447.7,2820.9,3839.9,2896.0,3128.6,2,2,3128.5,67,4,3128.4,37,1,3128.2,46,3,3128.0,4,2,3128.7,10,1,3128.8,73,2,3128.9,62,3,3129.0,415,6,3129.2,234,3
2031,2026-06-16 10:39:36+05:30,3128.7,40,3131.61,1081046,134706.0,201960.0,3163.0,3163.0,3108.0,3134.3,31871800,3447.7,2820.9,3839.9,2896.0,3128.6,2,2,3128.5,67,4,3128.4,37,1,3128.2,46,3,3128.0,4,2,3128.7,10,1,3128.8,73,2,3128.9,62,3,3129.0,415,6,3129.2,234,3
2031,2026-06-16 10:39:36+05:30,3128.8,48,3131.61,1081046,134706.0,201960.0,3163.0,3163.0,3108.0,3134.3,31871800,3447.7,2820.9,3839.9,2896.0,3128.6,2,2,3128.5,67,4,3128.4,37,1,3128.2,46,3,3128.0,4,2,3128.7,10,1,3128.8,73,2,3128.9,62,3,3129.0,415,6,3129.2,234,3
2031,2026-06-16 10:39:37+05:30,3128.8,15,3131.61,1081156,134758.0,202262.0,3163.0,3163.0,3108.0,3134.3,31871800,3447.7,2820.9,3839.9,2896.0,3128.7,24,1,3128.6,2,2,3128.5,43,3,3128.4,37,1,3128.2,46,3,3128.8,8,1,3128.9,43,2,3129.0,415,6,3129.2,219,2,3129.4,45,3
2031,2026-06-16 10:39:37+05:30,3128.8,15,3131.61,1081156,134758.0,202262.0,3163.0,3163.0,3108.0,3134.3,31871800,3447.7,2820.9,3839.9,2896.0,3128.7,24,1,3128.6,2,2,3128.5,43,3,3128.4,37,1,3128.2,46,3,3128.8,8,1,3128.9,43,2,3129.0,415,6,3129.2,219,2,3129.4,45,3
2031,2026-06-16 10:39:37+05:30,3128.8,15,3131.61,1081156,134758.0,202262.0,3163.0,3163.0,3108.0,3134.3,31871800,3447.7,2820.9,3839.9,2896.0,3128.7,24,1,3128.6,2,2,3128.5,43,3,3128.4,37,1,3128.2,46,3,3128.8,8,1,3128.9,43,2,3129.0,415,6,3129.2,219,2,3129.4,45,3
2031,2026-06-16 10:39:38+05:30,3128.8,8,3131.61,1081164,134810.0,201693.0,3163.0,3163.0,3108.0,3134.3,31871800,3447.7,2820.9,3839.9,2896.0,3128.8,14,1,3128.7,45,3,3128.6,2,2,3128.5,43,3,3128.4,37,1,3128.9,43,2,3129.0,415,6,3129.2,221,2,3129.4,5,1,3129.5,19,1
2031,2026-06-16 10:39:38+05:30,3128.8,8,3131.61,1081164,134810.0,201693.0,3163.0,3163.0,3108.0,3134.3,31871800,3447.7,2820.9,3839.9,2896.0,3128.8,14,1,3128.7,45,3,3128.6,2,2,3128.5,43,3,3128.4,37,1,3128.9,43,2,3129.0,415,6,3129.2,221,2,3129.4,5,1,3129.5,19,1
2031,2026-06-16 10:39:38+05:30,3128.8,8,3131.61,1081164,134810.0,201693.0,3163.0,3163.0,3108.0,3134.3,31871800,3447.7,2820.9,3839.9,2896.0,3128.8,14,1,3128.7,45,3,3128.6,2,2,3128.5,43,3,3128.4,37,1,3128.9,43,2,3129.0,415,6,3129.2,221,2,3129.4,5,1,3129.5,19,1
2031,2026-06-16 10:39:38+05:30,3128.9,18,3131.61,1081207,134816.0,201719.0,3163.0,3163.0,3108.0,3134.3,31871800,3447.7,2820.9,3839.9,2896.0,3128.9,26,1,3128.7,49,4,3128.6,2,2,3128.5,43,3,3128.4,37,1,3129.0,415,6,3129.2,221,2,3129.4,5,1,3129.6,22,2,3129.7,45,1
2031,2026-06-16 10:39:39+05:30,3128.9,18,3131.61,1081207,134816.0,201719.0,3163.0,3163.0,3108.0,3134.3,31871800,3447.7,2820.9,3839.9,2896.0,3128.9,26,1,3128.7,49,4,3128.6,2,2,3128.5,43,3,3128.4,37,1,3129.0,415,6,3129.2,221,2,3129.4,5,1,3129.6,22,2,3129.7,45,1
2031,2026-06-16 10:39:39+05:30,3128.9,18,3131.61,1081207,134816.0,201719.0,3163.0,3163.0,3108.0,3134.3,31871800,3447.7,2820.9,3839.9,2896.0,3128.9,26,1,3128.7,49,4,3128.6,2,2,3128.5,43,3,3128.4,37,1,3129.0,415,6,3129.2,221,2,3129.4,5,1,3129.6,22,2,3129.7,45,1
2031,2026-06-16 10:39:39+05:30,3129.0,61,3131.61,1081418,134789.0,201562.0,3163.0,3163.0,3108.0,3134.3,31871800,3447.7,2820.9,3839.9,2896.0,3128.9,45,2,3128.8,1,1,3128.7,49,4,3128.6,24,3,3128.5,43,3,3129.0,204,3,3129.2,221,2,3129.4,5,1,3129.6,22,2,3129.8,40,2
2031,2026-06-16 10:39:40+05:30,3129.0,61,3131.61,1081418,134789.0,201562.0,3163.0,3163.0,3108.0,3134.3,31871800,3447.7,2820.9,3839.9,2896.0,3128.9,45,2,3128.8,1,1,3128.7,49,4,3128.6,24,3,3128.5,43,3,3129.0,204,3,3129.2,221,2,3129.4,5,1,3129.6,22,2,3129.8,40,2
2031,2026-06-16 10:39:40+05:30,3129.0,4,3131.61,1081418,134789.0,201562.0,3163.0,3163.0,3108.0,3134.3,31871800,3447.7,2820.9,3839.9,2896.0,3128.9,45,2,3128.8,1,1,3128.7,49,4,3128.6,24,3,3128.5,43,3,3129.0,204,3,3129.2,221,2,3129.4,5,1,3129.6,22,2,3129.8,40,2
2031,2026-06-16 10:39:40+05:30,3129.0,4,3131.61,1081418,134789.0,201562.0,3163.0,3163.0,3108.0,3134.3,31871800,3447.7,2820.9,3839.9,2896.0,3128.9,45,2,3128.8,1,1,3128.7,49,4,3128.6,24,3,3128.5,43,3,3129.0,204,3,3129.2,221,2,3129.4,5,1,3129.6,22,2,3129.8,40,2
2031,2026-06-16 10:39:41+05:30,3129.0,1,3131.61,1081424,134831.0,201654.0,3163.0,3163.0,3108.0,3134.3,31871800,3447.7,2820.9,3839.9,2896.0,3128.9,47,4,3128.8,22,2,3128.7,49,4,3128.5,52,4,3128.4,71,4,3129.0,198,3,3129.2,221,2,3129.4,5,1,3129.6,1,1,3129.8,21,1
2031,2026-06-16 10:39:41+05:30,3129.0,1,3131.61,1081424,134831.0,201654.0,3163.0,3163.0,3108.0,3134.3,31871800,3447.7,2820.9,3839.9,2896.0,3128.9,47,4,3128.8,22,2,3128.7,49,4,3128.5,52,4,3128.4,71,4,3129.0,198,3,3129.2,221,2,3129.4,5,1,3129.6,1,1,3129.8,21,1
2031,2026-06-16 10:39:41+05:30,3129.0,1,3131.61,1081424,134831.0,201654.0,3163.0,3163.0,3108.0,3134.3,31871800,3447.7,2820.9,3839.9,2896.0,3128.9,47,4,3128.8,22,2,3128.7,49,4,3128.5,52,4,3128.4,71,4,3129.0,198,3,3129.2,221,2,3129.4,5,1,3129.6,1,1,3129.8,21,1
2031,2026-06-16 10:39:41+05:30,3129.0,1,3131.61,1081424,134831.0,201654.0,3163.0,3163.0,3108.0,3134.3,31871800,3447.7,2820.9,3839.9,2896.0,3128.9,47,4,3128.8,22,2,3128.7,49,4,3128.5,52,4,3128.4,71,4,3129.0,198,3,3129.2,221,2,3129.4,5,1,3129.6,1,1,3129.8,21,1
2031,2026-06-16 10:39:42+05:30,3129.0,1,3131.61,1081424,134731.0,201802.0,3163.0,3163.0,3108.0,3134.3,31871800,3447.7,2820.9,3839.9,2896.0,3128.9,47,4,3128.8,22,2,3128.7,49,4,3128.5,52,4,3128.4,71,4,3129.0,198,3,3129.2,221,2,3129.4,5,1,3129.6,1,1,3129.8,21,1
2031,2026-06-16 10:39:42+05:30,3129.0,1,3131.61,1081424,134731.0,201802.0,3163.0,3163.0,3108.0,3134.3,31871800,3447.7,2820.9,3839.9,2896.0,3128.9,47,4,3128.8,22,2,3128.7,49,4,3128.5,52,4,3128.4,71,4,3129.0,198,3,3129.2,221,2,3129.4,5,1,3129.6,1,1,3129.8,21,1
2031,2026-06-16 10:39:43+05:30,3129.0,1,3131.61,1081424,134906.0,201847.0,3163.0,3163.0,3108.0,3134.3,31871800,3447.7,2820.9,3839.9,2896.0,3128.9,70,5,3128.8,22,2,3128.7,49,4,3128.5,52,4,3128.4,71,4,3129.0,198,3,3129.2,221,2,3129.4,5,1,3129.6,1,1,3129.8,21,1
2031,2026-06-16 10:39:43+05:30,3129.0,1,3131.61,1081424,134906.0,201847.0,3163.0,3163.0,3108.0,3134.3,31871800,3447.7,2820.9,3839.9,2896.0,3128.9,70,5,3128.8,22,2,3128.7,49,4,3128.5,52,4,3128.4,71,4,3129.0,198,3,3129.2,221,2,3129.4,5,1,3129.6,1,1,3129.8,21,1
2031,2026-06-16 10:39:44+05:30,3129.0,31,3131.61,1081424,134906.0,201847.0,3163.0,3163.0,3108.0,3134.3,31871800,3447.7,2820.9,3839.9,2896.0,3128.9,70,5,3128.8,22,2,3128.7,49,4,3128.5,52,4,3128.4,71,4,3129.0,198,3,3129.2,221,2,3129.4,5,1,3129.6,1,1,3129.8,21,1
2031,2026-06-16 10:39:44+05:30,3129.0,31,3131.61,1081424,134906.0,201847.0,3163.0,3163.0,3108.0,3134.3,31871800,3447.7,2820.9,3839.9,2896.0,3128.9,70,5,3128.8,22,2,3128.7,49,4,3128.5,52,4,3128.4,71,4,3129.0,198,3,3129.2,221,2,3129.4,5,1,3129.6,1,1,3129.8,21,1
2031,2026-06-16 10:39:44+05:30,3129.0,31,3131.61,1081588,133877.0,201998.0,3163.0,3163.0,3108.0,3134.3,31871800,3447.7,2820.9,3839.9,2896.0,3128.9,70,5,3128.8,22,2,3128.7,49,4,3128.5,52,4,3128.4,71,4,3129.0,34,2,3129.2,221,2,3129.4,5,1,3129.6,1,1,3129.8,21,1
2031,2026-06-16 10:39:45+05:30,3129.0,31,3131.61,1081588,133877.0,201998.0,3163.0,3163.0,3108.0,3134.3,31871800,3447.7,2820.9,3839.9,2896.0,3128.9,70,5,3128.8,22,2,3128.7,49,4,3128.5,52,4,3128.4,71,4,3129.0,34,2,3129.2,221,2,3129.4,5,1,3129.6,1,1,3129.8,21,1
2031,2026-06-16 10:39:45+05:30,3129.0,1,3131.61,1081588,133877.0,201998.0,3163.0,3163.0,3108.0,3134.3,31871800,3447.7,2820.9,3839.9,2896.0,3128.9,70,5,3128.8,22,2,3128.7,49,4,3128.5,52,4,3128.4,71,4,3129.0,34,2,3129.2,221,2,3129.4,5,1,3129.6,1,1,3129.8,21,1
2031,2026-06-16 10:39:45+05:30,3129.0,27,3131.61,1081622,133962.0,202078.0,3163.0,3163.0,3108.0,3134.3,31871800,3447.7,2820.9,3839.9,2896.0,3129.0,24,3,3128.9,48,5,3128.8,1,1,3128.7,45,3,3128.5,52,4,3129.2,221,2,3129.4,5,1,3129.6,1,1,3129.8,21,1,3129.9,82,3
2031,2026-06-16 10:39:45+05:30,3129.0,27,3131.61,1081622,133962.0,202078.0,3163.0,3163.0,3108.0,3134.3,31871800,3447.7,2820.9,3839.9,2896.0,3129.0,24,3,3128.9,48,5,3128.8,1,1,3128.7,45,3,3128.5,52,4,3129.2,221,2,3129.4,5,1,3129.6,1,1,3129.8,21,1,3129.9,82,3
2031,2026-06-16 10:39:46+05:30,3129.2,3,3131.61,1081622,133962.0,202078.0,3163.0,3163.0,3108.0,3134.3,31871800,3447.7,2820.9,3839.9,2896.0,3129.0,24,3,3128.9,48,5,3128.8,1,1,3128.7,45,3,3128.5,52,4,3129.2,221,2,3129.4,5,1,3129.6,1,1,3129.8,21,1,3129.9,82,3
2031,2026-06-16 10:39:46+05:30,3129.2,25,3131.61,1081868,133340.0,201396.0,3163.0,3163.0,3108.0,3134.3,31871800,3447.7,2820.9,3839.9,2896.0,3129.0,70,5,3128.9,51,6,3128.8,2,2,3128.7,45,3,3128.6,1,1,3129.4,10,2,3129.5,19,1,3129.6,1,1,3129.8,19,1,3129.9,46,3
2031,2026-06-16 10:39:46+05:30,3129.2,25,3131.61,1081868,133340.0,201396.0,3163.0,3163.0,3108.0,3134.3,31862400,3447.7,2820.9,3839.9,2896.0,3129.0,70,5,3128.9,51,6,3128.8,2,2,3128.7,45,3,3128.6,1,1,3129.4,10,2,3129.5,19,1,3129.6,1,1,3129.8,19,1,3129.9,46,3
2031,2026-06-16 10:39:47+05:30,3128.8,9,3131.61,1081868,133340.0,201396.0,3163.0,3163.0,3108.0,3134.3,31862400,3447.7,2820.9,3839.9,2896.0,3129.0,70,5,3128.9,51,6,3128.8,2,2,3128.7,45,3,3128.6,1,1,3129.4,10,2,3129.5,19,1,3129.6,1,1,3129.8,19,1,3129.9,46,3
2031,2026-06-16 10:39:47+05:30,3128.8,1,3131.6,1082991,132116.0,202298.0,3163.0,3163.0,3108.0,3134.3,31862400,3447.7,2820.9,3839.9,2896.0,3127.7,19,1,3127.6,35,3,3127.5,75,4,3127.4,70,3,3127.3,19,1,3128.8,177,1,3129.0,23,3,3129.1,6,1,3129.2,131,5,3129.3,85,2
2031,2026-06-16 10:39:48+05:30,3127.6,8,3131.6,1082991,132116.0,202298.0,3163.0,3163.0,3108.0,3134.3,31862400,3447.7,2820.9,3839.9,2896.0,3127.7,19,1,3127.6,35,3,3127.5,75,4,3127.4,70,3,3127.3,19,1,3128.8,177,1,3129.0,23,3,3129.1,6,1,3129.2,131,5,3129.3,85,2
2031,2026-06-16 10:39:48+05:30,3127.6,8,3131.6,1083121,131277.0,203152.0,3163.0,3163.0,3108.0,3134.3,31862400,3447.7,2820.9,3839.9,2896.0,3127.5,14,3,3127.4,4,1,3127.3,6,1,3127.2,35,3,3127.1,67,5,3127.6,66,1,3127.7,145,1,3128.8,30,3,3128.9,64,1,3129.0,122,7
2031,2026-06-16 10:39:49+05:30,3127.6,33,3131.6,1083121,131277.0,203152.0,3163.0,3163.0,3108.0,3134.3,31862400,3447.7,2820.9,3839.9,2896.0,3127.5,14,3,3127.4,4,1,3127.3,6,1,3127.2,35,3,3127.1,67,5,3127.6,66,1,3127.7,145,1,3128.8,30,3,3128.9,64,1,3129.0,122,7
2031,2026-06-16 10:39:49+05:30,3127.6,33,3131.6,1083220,131402.0,203285.0,3163.0,3163.0,3108.0,3134.3,31862400,3447.7,2820.9,3839.9,2896.0,3127.5,8,2,3127.4,25,2,3127.2,14,2,3127.1,113,6,3127.0,32,2,3127.6,158,1,3127.7,69,1,3128.6,21,1,3128.8,93,3,3128.9,18,1
2031,2026-06-16 10:39:50+05:30,3128.1,20,3131.6,1083220,131402.0,203285.0,3163.0,3163.0,3108.0,3134.3,31862400,3447.7,2820.9,3839.9,2896.0,3127.5,8,2,3127.4,25,2,3127.2,14,2,3127.1,113,6,3127.0,32,2,3127.6,158,1,3127.7,69,1,3128.6,21,1,3128.8,93,3,3128.9,18,1
2031,2026-06-16 10:39:50+05:30,3128.6,26,3131.6,1083683,131650.0,203951.0,3163.0,3163.0,3108.0,3134.3,31862400,3447.7,2820.9,3839.9,2896.0,3127.6,1,1,3127.5,17,1,3127.4,4,1,3127.0,183,2,3126.9,54,1,3128.6,104,6,3128.7,124,5,3128.8,283,9,3128.9,127,2,3129.0,533,13
2031,2026-06-16 10:39:51+05:30,3128.6,17,3131.6,1083683,131650.0,203951.0,3163.0,3163.0,3108.0,3134.3,31862400,3447.7,2820.9,3839.9,2896.0,3127.6,1,1,3127.5,17,1,3127.4,4,1,3127.0,183,2,3126.9,54,1,3128.6,104,6,3128.7,124,5,3128.8,283,9,3128.9,127,2,3129.0,533,13
2031,2026-06-16 10:39:51+05:30,3128.8,11,3131.6,1084137,131695.0,202998.0,3163.0,3163.0,3108.0,3134.3,31862400,3447.7,2820.9,3839.9,2896.0,3127.6,1,1,3127.5,17,1,3127.4,4,1,3127.1,24,1,3127.0,24,2,3128.8,91,4,3128.9,102,3,3129.0,229,7,3129.1,309,3,3129.2,170,6
2031,2026-06-16 10:39:52+05:30,3128.8,1,3131.6,1084137,131695.0,202998.0,3163.0,3163.0,3108.0,3134.3,31862400,3447.7,2820.9,3839.9,2896.0,3127.6,1,1,3127.5,17,1,3127.4,4,1,3127.1,24,1,3127.0,24,2,3128.8,91,4,3128.9,102,3,3129.0,229,7,3129.1,309,3,3129.2,170,6
2031,2026-06-16 10:39:52+05:30,3128.8,1,3131.6,1084167,132092.0,203864.0,3163.0,3163.0,3108.0,3134.3,31862400,3447.7,2820.9,3839.9,2896.0,3127.6,1,1,3127.5,17,1,3127.4,28,2,3127.0,24,2,3126.9,166,4,3128.7,165,7,3128.8,59,2,3128.9,395,6,3129.0,350,10,3129.1,75,2
2031,2026-06-16 10:39:54+05:30,3128.7,1,3131.6,1084208,132522.0,203085.0,3163.0,3163.0,3108.0,3134.3,31862400,3447.7,2820.9,3839.9,2896.0,3127.7,14,1,3127.6,70,4,3127.5,30,3,3127.4,5,2,3127.3,21,1,3128.7,18,1,3128.8,59,2,3128.9,57,3,3129.0,138,4,3129.1,40,2
2031,2026-06-16 10:39:54+05:30,3128.7,1,3131.6,1084208,132522.0,203085.0,3163.0,3163.0,3108.0,3134.3,31862400,3447.7,2820.9,3839.9,2896.0,3127.7,14,1,3127.6,70,4,3127.5,30,3,3127.4,5,2,3127.3,21,1,3128.7,18,1,3128.8,59,2,3128.9,57,3,3129.0,138,4,3129.1,40,2
2031,2026-06-16 10:39:54+05:30,3128.7,1,3131.6,1084208,131870.0,204261.0,3163.0,3163.0,3108.0,3134.3,31862400,3447.7,2820.9,3839.9,2896.0,3127.6,22,1,3127.5,18,2,3127.4,4,1,3127.1,16,1,3127.0,207,3,3128.7,271,4,3128.8,92,3,3128.9,149,5,3129.0,332,10,3129.1,64,1
2031,2026-06-16 10:39:55+05:30,3127.6,200,3131.6,1084208,131870.0,204261.0,3163.0,3163.0,3108.0,3134.3,31862400,3447.7,2820.9,3839.9,2896.0,3127.6,22,1,3127.5,18,2,3127.4,4,1,3127.1,16,1,3127.0,207,3,3128.7,271,4,3128.8,92,3,3128.9,149,5,3129.0,332,10,3129.1,64,1
2031,2026-06-16 10:39:56+05:30,3127.6,200,3131.6,1084408,131050.0,204614.0,3163.0,3163.0,3108.0,3134.3,31862400,3447.7,2820.9,3839.9,2896.0,3127.6,12,1,3127.5,18,2,3127.4,4,1,3127.0,3,1,3126.9,8,1,3128.3,82,4,3128.4,91,5,3128.5,66,4,3128.6,333,5,3128.7,106,3
2031,2026-06-16 10:39:56+05:30,3128.3,1,3131.6,1084408,131050.0,204614.0,3163.0,3163.0,3108.0,3134.3,31862400,3447.7,2820.9,3839.9,2896.0,3127.6,12,1,3127.5,18,2,3127.4,4,1,3127.0,3,1,3126.9,8,1,3128.3,82,4,3128.4,91,5,3128.5,66,4,3128.6,333,5,3128.7,106,3
2031,2026-06-16 10:39:57+05:30,3127.5,10,3131.6,1084474,131026.0,204567.0,3163.0,3163.0,3108.0,3134.3,31862400,3447.7,2820.9,3839.9,2896.0,3127.6,37,1,3127.5,8,2,3127.4,4,1,3127.0,3,1,3126.9,8,1,3128.1,34,3,3128.3,126,4,3128.4,118,5,3128.5,103,3,3128.6,170,5
2031,2026-06-16 10:39:57+05:30,3127.5,10,3131.6,1084474,131026.0,204567.0,3163.0,3163.0,3108.0,3134.3,31862400,3447.7,2820.9,3839.9,2896.0,3127.6,37,1,3127.5,8,2,3127.4,4,1,3127.0,3,1,3126.9,8,1,3128.1,34,3,3128.3,126,4,3128.4,118,5,3128.5,103,3,3128.6,170,5
2031,2026-06-16 10:39:58+05:30,3128.1,6,3131.6,1084508,131184.0,203735.0,3163.0,3163.0,3108.0,3134.3,31862400,3447.7,2820.9,3839.9,2896.0,3127.6,37,1,3127.5,8,2,3127.4,4,1,3127.0,3,1,3126.9,8,1,3128.2,38,3,3128.3,52,3,3128.4,20,1,3128.6,56,2,3128.7,310,6
2031,2026-06-16 10:39:58+05:30,3128.1,6,3131.6,1084508,131184.0,203735.0,3163.0,3163.0,3108.0,3134.3,31862400,3447.7,2820.9,3839.9,2896.0,3127.6,37,1,3127.5,8,2,3127.4,4,1,3127.0,3,1,3126.9,8,1,3128.2,38,3,3128.3,52,3,3128.4,20,1,3128.6,56,2,3128.7,310,6
2031,2026-06-16 10:39:59+05:30,3128.2,19,3131.6,1084539,131438.0,204364.0,3163.0,3163.0,3108.0,3134.3,31862400,3447.7,2820.9,3839.9,2896.0,3127.6,37,1,3127.5,8,2,3127.4,4,1,3127.0,3,1,3126.9,8,1,3128.2,52,2,3128.3,92,4,3128.4,44,2,3128.5,41,2,3128.6,57,3
2031,2026-06-16 10:39:59+05:30,3127.5,1,3131.6,1084539,131438.0,204364.0,3163.0,3163.0,3108.0,3134.3,31862400,3447.7,2820.9,3839.9,2896.0,3127.6,37,1,3127.5,8,2,3127.4,4,1,3127.0,3,1,3126.9,8,1,3128.2,52,2,3128.3,92,4,3128.4,44,2,3128.5,41,2,3128.6,57,3
2031,2026-06-16 10:40:00+05:30,3127.5,1,3131.6,1084639,131143.0,204469.0,3163.0,3163.0,3108.0,3134.3,31862400,3447.7,2820.9,3839.9,2896.0,3127.6,25,2,3127.5,17,2,3127.4,4,1,3127.0,3,1,3126.9,8,1,3128.0,13,1,3128.1,75,4,3128.2,94,4,3128.3,45,2,3128.4,97,4
2031,2026-06-16 10:40:00+05:30,3127.6,20,3131.6,1084639,131143.0,204469.0,3163.0,3163.0,3108.0,3134.3,31862400,3447.7,2820.9,3839.9,2896.0,3127.6,25,2,3127.5,17,2,3127.4,4,1,3127.0,3,1,3126.9,8,1,3128.0,13,1,3128.1,75,4,3128.2,94,4,3128.3,45,2,3128.4,97,4
2031,2026-06-16 10:40:01+05:30,3128.0,1,3131.6,1084639,131143.0,204469.0,3163.0,3163.0,3108.0,3134.3,31862400,3447.7,2820.9,3839.9,2896.0,3127.6,25,2,3127.5,17,2,3127.4,4,1,3127.0,3,1,3126.9,8,1,3128.0,13,1,3128.1,75,4,3128.2,94,4,3128.3,45,2,3128.4,97,4
2031,2026-06-16 10:40:01+05:30,3128.0,1,3131.6,1084660,131101.0,204287.0,3163.0,3163.0,3108.0,3134.3,31862400,3447.7,2820.9,3839.9,2896.0,3127.8,2,2,3127.6,5,2,3127.5,17,2,3127.4,4,1,3127.0,3,1,3128.0,12,1,3128.1,41,3,3128.2,76,3,3128.4,43,2,3128.5,87,3
2031,2026-06-16 10:40:02+05:30,3127.7,1,3131.6,1084660,131101.0,204287.0,3163.0,3163.0,3108.0,3134.3,31862400,3447.7,2820.9,3839.9,2896.0,3127.8,2,2,3127.6,5,2,3127.5,17,2,3127.4,4,1,3127.0,3,1,3128.0,12,1,3128.1,41,3,3128.2,76,3,3128.4,43,2,3128.5,87,3
2031,2026-06-16 10:40:02+05:30,3127.7,1,3131.6,1084665,131239.0,204472.0,3163.0,3163.0,3108.0,3134.3,31862400,3447.7,2820.9,3839.9,2896.0,3127.6,5,2,3127.5,34,4,3127.4,4,1,3127.0,3,1,3126.9,73,3,3127.7,11,1,3127.8,15,1,3128.0,14,2,3128.1,22,2,3128.2,51,2
2031,2026-06-16 10:40:03+05:30,3127.7,5,3131.6,1084665,131239.0,204472.0,3163.0,3163.0,3108.0,3134.3,31862400,3447.7,2820.9,3839.9,2896.0,3127.6,5,2,3127.5,34,4,3127.4,4,1,3127.0,3,1,3126.9,73,3,3127.7,11,1,3127.8,15,1,3128.0,14,2,3128.1,22,2,3128.2,51,2
2031,2026-06-16 10:40:03+05:30,3127.7,27,3131.6,1084721,131221.0,202195.0,3163.0,3163.0,3108.0,3134.3,31862400,3447.7,2820.9,3839.9,2896.0,3127.6,14,4,3127.5,18,3,3127.4,4,1,3127.0,3,1,3126.9,73,3,3127.7,1,1,3127.8,15,1,3128.0,189,3,3128.1,22,2,3128.2,33,1
2031,2026-06-16 10:40:04+05:30,3127.7,1,3131.6,1084721,131221.0,202195.0,3163.0,3163.0,3108.0,3134.3,31862400,3447.7,2820.9,3839.9,2896.0,3127.6,14,4,3127.5,18,3,3127.4,4,1,3127.0,3,1,3126.9,73,3,3127.7,1,1,3127.8,15,1,3128.0,189,3,3128.1,22,2,3128.2,33,1
2031,2026-06-16 10:40:04+05:30,3127.7,1,3131.6,1084723,131672.0,203852.0,3163.0,3163.0,3108.0,3134.3,31862400,3447.7,2820.9,3839.9,2896.0,3127.8,22,1,3127.6,67,4,3127.5,18,3,3127.4,4,1,3127.2,23,1,3128.0,181,2,3128.1,1,1,3128.2,33,1,3128.6,219,2,3128.7,33,1
2031,2026-06-16 10:40:05+05:30,3128.0,9,3131.6,1084723,131672.0,203852.0,3163.0,3163.0,3108.0,3134.3,31862400,3447.7,2820.9,3839.9,2896.0,3127.8,22,1,3127.6,67,4,3127.5,18,3,3127.4,4,1,3127.2,23,1,3128.0,181,2,3128.1,1,1,3128.2,33,1,3128.6,219,2,3128.7,33,1
2031,2026-06-16 10:40:05+05:30,3128.0,9,3131.6,1084745,131919.0,203992.0,3163.0,3163.0,3108.0,3134.3,31862400,3447.7,2820.9,3839.9,2896.0,3127.8,15,1,3127.6,67,4,3127.5,18,3,3127.4,4,1,3127.2,23,1,3128.0,224,4,3128.1,1,1,3128.2,33,1,3128.5,34,1,3128.6,200,1
2031,2026-06-16 10:40:06+05:30,3128.0,23,3131.6,1084958,131961.0,203299.0,3163.0,3163.0,3108.0,3134.3,31862400,3447.7,2820.9,3839.9,2896.0,3127.6,67,4,3127.5,18,3,3127.4,4,1,3127.2,23,1,3127.1,82,3,3128.0,11,2,3128.1,1,1,3128.2,33,1,3128.6,200,1,3128.8,73,3
2031,2026-06-16 10:40:07+05:30,3128.0,10,3131.6,1084958,131961.0,203299.0,3163.0,3163.0,3108.0,3134.3,31862400,3447.7,2820.9,3839.9,2896.0,3127.6,67,4,3127.5,18,3,3127.4,4,1,3127.2,23,1,3127.1,82,3,3128.0,11,2,3128.1,1,1,3128.2,33,1,3128.6,200,1,3128.8,73,3
2031,2026-06-16 10:40:07+05:30,3128.0,10,3131.6,1084976,132144.0,203405.0,3163.0,3163.0,3108.0,3134.3,31862400,3447.7,2820.9,3839.9,2896.0,3127.7,14,1,3127.6,124,6,3127.5,18,3,3127.4,24,2,3127.3,30,2,3128.0,39,3,3128.1,1,1,3128.6,200,1,3128.8,21,1,3128.9,7,1
2031,2026-06-16 10:40:08+05:30,3127.6,45,3131.6,1084976,132144.0,203405.0,3163.0,3163.0,3108.0,3134.3,31862400,3447.7,2820.9,3839.9,2896.0,3127.7,14,1,3127.6,124,6,3127.5,18,3,3127.4,24,2,3127.3,30,2,3128.0,39,3,3128.1,1,1,3128.6,200,1,3128.8,21,1,3128.9,7,1
2031,2026-06-16 10:40:08+05:30,3127.6,45,3131.6,1085043,131907.0,203255.0,3163.0,3163.0,3108.0,3134.3,31862400,3447.7,2820.9,3839.9,2896.0,3127.6,89,6,3127.5,18,3,3127.4,24,2,3127.2,22,2,3127.1,97,3,3127.8,1,1,3128.0,83,4,3128.5,64,1,3128.6,200,1,3128.7,53,2
2031,2026-06-16 10:40:09+05:30,3128.0,29,3131.6,1085043,131907.0,203255.0,3163.0,3163.0,3108.0,3134.3,31862400,3447.7,2820.9,3839.9,2896.0,3127.6,89,6,3127.5,18,3,3127.4,24,2,3127.2,22,2,3127.1,97,3,3127.8,1,1,3128.0,83,4,3128.5,64,1,3128.6,200,1,3128.7,53,2
2031,2026-06-16 10:40:09+05:30,3128.0,1,3131.6,1085149,131254.0,204273.0,3163.0,3163.0,3108.0,3134.3,31862400,3447.7,2820.9,3839.9,2896.0,3127.6,31,4,3127.5,18,3,3127.4,4,1,3127.2,1,1,3127.1,17,1,3128.0,52,3,3128.6,200,1,3128.7,19,1,3128.8,150,4,3128.9,96,3
2031,2026-06-16 10:40:10+05:30,3128.0,6,3131.6,1085149,131254.0,204273.0,3163.0,3163.0,3108.0,3134.3,31862400,3447.7,2820.9,3839.9,2896.0,3127.6,31,4,3127.5,18,3,3127.4,4,1,3127.2,1,1,3127.1,17,1,3128.0,52,3,3128.6,200,1,3128.7,19,1,3128.8,150,4,3128.9,96,3
2031,2026-06-16 10:40:10+05:30,3128.0,6,3131.6,1085161,131500.0,204556.0,3163.0,3163.0,3108.0,3134.3,31862400,3447.7,2820.9,3839.9,2896.0,3127.6,30,3,3127.5,18,3,3127.4,4,1,3127.0,89,4,3126.9,8,1,3128.0,38,2,3128.3,53,2,3128.4,24,1,3128.6,249,3,3128.7,98,3
2031,2026-06-16 10:40:11+05:30,3128.0,6,3131.6,1085161,131378.0,204639.0,3163.0,3163.0,3108.0,3134.3,31862400,3447.7,2820.9,3839.9,2896.0,3127.6,30,3,3127.5,18,3,3127.4,4,1,3127.0,89,4,3126.9,8,1,3128.0,38,2,3128.3,53,2,3128.4,24,1,3128.5,7,1,3128.6,249,3
2031,2026-06-16 10:40:12+05:30,3128.0,18,3131.6,1085161,131378.0,204639.0,3163.0,3163.0,3108.0,3134.3,31862400,3447.7,2820.9,3839.9,2896.0,3127.6,30,3,3127.5,18,3,3127.4,4,1,3127.0,89,4,3126.9,8,1,3128.0,38,2,3128.3,53,2,3128.4,24,1,3128.5,7,1,3128.6,249,3
2031,2026-06-16 10:40:12+05:30,3128.0,5,3131.6,1085185,131384.0,204715.0,3163.0,3163.0,3108.0,3134.3,31862400,3447.7,2820.9,3839.9,2896.0,3127.6,30,3,3127.5,18,3,3127.4,4,1,3127.0,89,4,3126.9,8,1,3128.0,14,2,3128.2,53,2,3128.3,24,1,3128.4,24,1,3128.5,200,1
2031,2026-06-16 10:40:13+05:30,3128.0,5,3131.6,1085185,131384.0,204715.0,3163.0,3163.0,3108.0,3134.3,31862400,3447.7,2820.9,3839.9,2896.0,3127.6,30,3,3127.5,18,3,3127.4,4,1,3127.0,89,4,3126.9,8,1,3128.0,14,2,3128.2,53,2,3128.3,24,1,3128.4,24,1,3128.5,200,1
2031,2026-06-16 10:40:13+05:30,3128.0,5,3131.6,1085185,131654.0,204968.0,3163.0,3163.0,3108.0,3134.3,31862400,3447.7,2820.9,3839.9,2896.0,3127.8,23,1,3127.6,9,2,3127.5,18,3,3127.4,4,1,3127.0,89,4,3128.0,28,2,3128.2,53,2,3128.3,24,1,3128.4,224,2,3128.6,49,2
2031,2026-06-16 10:40:14+05:30,3127.8,1,3131.6,1085185,131654.0,204968.0,3163.0,3163.0,3108.0,3134.3,31862400,3447.7,2820.9,3839.9,2896.0,3127.8,23,1,3127.6,9,2,3127.5,18,3,3127.4,4,1,3127.0,89,4,3128.0,28,2,3128.2,53,2,3128.3,24,1,3128.4,224,2,3128.6,49,2
2031,2026-06-16 10:40:14+05:30,3128.0,1,3131.6,1085267,131728.0,206024.0,3163.0,3163.0,3108.0,3134.3,31862400,3447.7,2820.9,3839.9,2896.0,3127.9,22,1,3127.6,9,2,3127.5,18,3,3127.4,4,1,3127.0,89,4,3128.0,6,1,3128.2,53,2,3128.4,224,2,3128.6,49,2,3128.7,34,1
2031,2026-06-16 10:40:15+05:30,3128.0,1,3131.6,1085267,131728.0,206024.0,3163.0,3163.0,3108.0,3134.3,31862400,3447.7,2820.9,3839.9,2896.0,3127.9,22,1,3127.6,9,2,3127.5,18,3,3127.4,4,1,3127.0,89,4,3128.0,6,1,3128.2,53,2,3128.4,224,2,3128.6,49,2,3128.7,34,1
2031,2026-06-16 10:40:15+05:30,3128.0,2,3131.6,1085502,131084.0,206941.0,3163.0,3163.0,3108.0,3134.3,31862400,3447.7,2820.9,3839.9,2896.0,3127.9,1,1,3127.6,9,2,3127.5,18,3,3127.4,4,1,3127.0,33,3,3128.0,400,3,3128.1,34,1,3128.2,28,2,3128.3,200,1,3128.4,98,4
2031,2026-06-16 10:40:16+05:30,3128.0,2,3131.6,1085502,131084.0,206941.0,3163.0,3163.0,3108.0,3134.3,31862400,3447.7,2820.9,3839.9,2896.0,3127.9,1,1,3127.6,9,2,3127.5,18,3,3127.4,4,1,3127.0,33,3,3128.0,400,3,3128.1,34,1,3128.2,28,2,3128.3,200,1,3128.4,98,4
2031,2026-06-16 10:40:16+05:30,3128.0,2,3131.6,1085502,131233.0,206118.0,3163.0,3163.0,3108.0,3134.3,31862400,3447.7,2820.9,3839.9,2896.0,3127.9,1,1,3127.6,9,2,3127.5,18,3,3127.4,4,1,3127.0,33,3,3128.0,484,7,3128.1,17,1,3128.2,66,4,3128.3,35,2,3128.4,98,4
2031,2026-06-16 10:40:17+05:30,3128.0,1,3131.6,1085502,131233.0,206118.0,3163.0,3163.0,3108.0,3134.3,31862400,3447.7,2820.9,3839.9,2896.0,3127.9,1,1,3127.6,9,2,3127.5,18,3,3127.4,4,1,3127.0,33,3,3128.0,484,7,3128.1,17,1,3128.2,66,4,3128.3,35,2,3128.4,98,4
2031,2026-06-16 10:40:17+05:30,3128.0,1,3131.59,1085930,131739.0,205708.0,3163.0,3163.0,3108.0,3134.3,31862400,3447.7,2820.9,3839.9,2896.0,3127.9,1,1,3127.6,9,2,3127.5,18,3,3127.4,4,1,3127.0,97,5,3128.0,35,4,3128.1,17,1,3128.2,76,4,3128.3,23,1,3128.4,43,2
2031,2026-06-16 10:40:18+05:30,3128.0,2,3131.59,1085930,131739.0,205708.0,3163.0,3163.0,3108.0,3134.3,31862400,3447.7,2820.9,3839.9,2896.0,3127.9,1,1,3127.6,9,2,3127.5,18,3,3127.4,4,1,3127.0,97,5,3128.0,35,4,3128.1,17,1,3128.2,76,4,3128.3,23,1,3128.4,43,2
2031,2026-06-16 10:40:18+05:30,3128.0,2,3131.59,1086047,131710.0,205895.0,3163.0,3163.0,3108.0,3134.3,31862400,3447.7,2820.9,3839.9,2896.0,3127.9,39,1,3127.6,30,2,3127.5,18,3,3127.4,92,4,3127.2,22,2,3128.0,86,2,3128.1,17,1,3128.2,14,1,3128.3,23,1,3128.6,200,1
2031,2026-06-16 10:40:19+05:30,3128.0,3,3131.59,1086047,131710.0,205895.0,3163.0,3163.0,3108.0,3134.3,31862400,3447.7,2820.9,3839.9,2896.0,3127.9,39,1,3127.6,30,2,3127.5,18,3,3127.4,92,4,3127.2,22,2,3128.0,86,2,3128.1,17,1,3128.2,14,1,3128.3,23,1,3128.6,200,1
2031,2026-06-16 10:40:19+05:30,3127.9,161,3131.59,1086346,131208.0,206065.0,3163.0,3163.0,3108.0,3134.3,31862400,3447.7,2820.9,3839.9,2896.0,3127.9,26,1,3127.7,14,1,3127.6,6,1,3127.5,2,2,3127.4,4,1,3128.0,7,1,3128.1,17,1,3128.2,14,1,3128.3,23,1,3128.5,47,1
2031,2026-06-16 10:40:20+05:30,3128.0,1,3131.59,1086346,131208.0,206065.0,3163.0,3163.0,3108.0,3134.3,31862400,3447.7,2820.9,3839.9,2896.0,3127.9,26,1,3127.7,14,1,3127.6,6,1,3127.5,2,2,3127.4,4,1,3128.0,7,1,3128.1,17,1,3128.2,14,1,3128.3,23,1,3128.5,47,1
2031,2026-06-16 10:40:20+05:30,3128.0,1,3131.59,1086467,131150.0,206269.0,3163.0,3163.0,3108.0,3134.3,31862400,3447.7,2820.9,3839.9,2896.0,3127.9,6,1,3127.7,14,1,3127.6,6,1,3127.5,2,2,3127.4,4,1,3128.0,195,3,3128.3,1,1,3128.5,47,1,3128.6,441,8,3128.7,24,1
2031,2026-06-16 10:40:21+05:30,3128.0,82,3131.59,1086467,131150.0,206269.0,3163.0,3163.0,3108.0,3134.3,31862400,3447.7,2820.9,3839.9,2896.0,3127.9,6,1,3127.7,14,1,3127.6,6,1,3127.5,2,2,3127.4,4,1,3128.0,195,3,3128.3,1,1,3128.5,47,1,3128.6,441,8,3128.7,24,1
2031,2026-06-16 10:40:21+05:30,3127.7,140,3131.59,1086734,130372.0,206759.0,3163.0,3163.0,3108.0,3134.3,31862400,3447.7,2820.9,3839.9,2896.0,3127.6,6,1,3127.5,2,2,3127.4,4,1,3127.0,33,3,3126.9,8,1,3127.7,24,1,3128.0,104,2,3128.3,1,1,3128.5,78,4,3128.6,159,4
2031,2026-06-16 10:40:22+05:30,3127.7,9,3131.59,1086734,130372.0,206759.0,3163.0,3163.0,3108.0,3134.3,31862400,3447.7,2820.9,3839.9,2896.0,3127.6,6,1,3127.5,2,2,3127.4,4,1,3127.0,33,3,3126.9,8,1,3127.7,24,1,3128.0,104,2,3128.3,1,1,3128.5,78,4,3128.6,159,4
2031,2026-06-16 10:40:22+05:30,3128.0,17,3131.59,1087063,132277.0,204336.0,3163.0,3163.0,3108.0,3134.3,31862400,3447.7,2820.9,3839.9,2896.0,3127.8,1,1,3127.6,41,4,3127.4,61,3,3127.3,46,2,3127.2,54,4,3128.0,110,3,3128.3,1,1,3128.5,18,1,3128.9,200,1,3129.0,183,6
2031,2026-06-16 10:40:23+05:30,3127.4,15,3131.59,1087063,132277.0,204336.0,3163.0,3163.0,3108.0,3134.3,31862400,3447.7,2820.9,3839.9,2896.0,3127.8,1,1,3127.6,41,4,3127.4,61,3,3127.3,46,2,3127.2,54,4,3128.0,110,3,3128.3,1,1,3128.5,18,1,3128.9,200,1,3129.0,183,6
2031,2026-06-16 10:40:23+05:30,3127.4,15,3131.59,1087126,131950.0,204946.0,3163.0,3163.0,3108.0,3134.3,31862400,3447.7,2820.9,3839.9,2896.0,3127.5,54,4,3127.4,34,1,3127.3,66,3,3127.2,54,4,3127.1,45,3,3128.0,110,3,3128.3,1,1,3128.5,24,2,3128.9,223,2,3129.0,233,6
2031,2026-06-16 10:40:24+05:30,3127.4,15,3131.59,1087126,132109.0,204887.0,3163.0,3163.0,3108.0,3134.3,31862400,3447.7,2820.9,3839.9,2896.0,3127.8,40,1,3127.5,63,5,3127.4,34,1,3127.3,66,3,3127.2,54,4,3128.0,110,3,3128.3,1,1,3128.5,24,2,3128.9,223,2,3129.0,233,6
2031,2026-06-16 10:40:25+05:30,3127.4,15,3131.59,1087126,132113.0,204968.0,3163.0,3163.0,3108.0,3134.3,31862400,3447.7,2820.9,3839.9,2896.0,3127.8,40,1,3127.5,63,5,3127.4,34,1,3127.3,66,3,3127.2,54,4,3128.0,110,3,3128.3,1,1,3128.5,24,2,3128.9,223,2,3129.0,233,6
2031,2026-06-16 10:40:26+05:30,3128.0,13,3131.59,1087126,132113.0,204968.0,3163.0,3163.0,3108.0,3134.3,31862400,3447.7,2820.9,3839.9,2896.0,3127.8,40,1,3127.5,63,5,3127.4,34,1,3127.3,66,3,3127.2,54,4,3128.0,110,3,3128.3,1,1,3128.5,24,2,3128.9,223,2,3129.0,233,6
2031,2026-06-16 10:40:26+05:30,3128.0,10,3131.59,1087236,132658.0,205211.0,3163.0,3163.0,3108.0,3134.3,31862400,3447.7,2820.9,3839.9,2896.0,3128.1,1,1,3127.8,79,3,3127.7,25,3,3127.6,26,2,3127.5,75,5,3128.3,1,1,3128.5,24,2,3128.9,223,2,3129.0,156,4,3129.2,71,2
2031,2026-06-16 10:40:27+05:30,3128.0,10,3131.59,1087236,132658.0,205211.0,3163.0,3163.0,3108.0,3134.3,31862400,3447.7,2820.9,3839.9,2896.0,3128.1,1,1,3127.8,79,3,3127.7,25,3,3127.6,26,2,3127.5,75,5,3128.3,1,1,3128.5,24,2,3128.9,223,2,3129.0,156,4,3129.2,71,2
2031,2026-06-16 10:40:27+05:30,3128.3,1,3131.59,1087257,132754.0,204917.0,3163.0,3163.0,3108.0,3134.3,31862400,3447.7,2820.9,3839.9,2896.0,3128.1,1,1,3127.8,123,5,3127.7,25,3,3127.6,66,3,3127.5,75,5,3128.5,5,1,3128.9,223,2,3129.0,179,5,3129.2,71,2,3129.3,56,1
2031,2026-06-16 10:40:28+05:30,3128.3,1,3131.59,1087257,132754.0,204917.0,3163.0,3163.0,3108.0,3134.3,31862400,3447.7,2820.9,3839.9,2896.0,3128.1,1,1,3127.8,123,5,3127.7,25,3,3127.6,66,3,3127.5,75,5,3128.5,5,1,3128.9,223,2,3129.0,179,5,3129.2,71,2,3129.3,56,1
2031,2026-06-16 10:40:29+05:30,3128.3,1,3131.59,1087257,133078.0,205047.0,3163.0,3163.0,3108.0,3134.3,31862400,3447.7,2820.9,3839.9,2896.0,3128.1,1,1,3127.8,123,5,3127.7,25,3,3127.6,87,4,3127.5,75,5,3128.5,8,2,3128.9,223,2,3129.0,179,5,3129.2,93,3,3129.3,78,2
2031,2026-06-16 10:40:29+05:30,3128.3,1,3131.59,1087257,133078.0,205047.0,3163.0,3163.0,3108.0,3134.3,31862400,3447.7,2820.9,3839.9,2896.0,3128.1,1,1,3127.8,123,5,3127.7,25,3,3127.6,87,4,3127.5,75,5,3128.5,8,2,3128.9,223,2,3129.0,179,5,3129.2,93,3,3129.3,78,2
2031,2026-06-16 10:40:29+05:30,3128.1,1,3131.59,1087257,133078.0,205047.0,3163.0,3163.0,3108.0,3134.3,31862400,3447.7,2820.9,3839.9,2896.0,3128.1,1,1,3127.8,123,5,3127.7,25,3,3127.6,87,4,3127.5,75,5,3128.5,8,2,3128.9,223,2,3129.0,179,5,3129.2,93,3,3129.3,78,2
2031,2026-06-16 10:40:30+05:30,3128.1,1,3131.59,1087258,132341.0,204765.0,3163.0,3163.0,3108.0,3134.3,31862400,3447.7,2820.9,3839.9,2896.0,3127.8,61,3,3127.7,6,1,3127.6,68,4,3127.5,45,3,3127.4,56,3,3128.0,5,1,3128.5,35,5,3128.8,70,2,3128.9,223,2,3129.0,206,7
2031,2026-06-16 10:40:31+05:30,3128.1,1,3131.59,1087258,132341.0,204765.0,3163.0,3163.0,3108.0,3134.3,31862400,3447.7,2820.9,3839.9,2896.0,3127.8,61,3,3127.7,6,1,3127.6,68,4,3127.5,45,3,3127.4,56,3,3128.0,5,1,3128.5,35,5,3128.8,70,2,3128.9,223,2,3129.0,206,7
2031,2026-06-16 10:40:31+05:30,3127.9,1,3131.59,1087258,132341.0,204765.0,3163.0,3163.0,3108.0,3134.3,31862400,3447.7,2820.9,3839.9,2896.0,3127.8,61,3,3127.7,6,1,3127.6,68,4,3127.5,45,3,3127.4,56,3,3128.0,5,1,3128.5,35,5,3128.8,70,2,3128.9,223,2,3129.0,206,7
2031,2026-06-16 10:40:31+05:30,3127.9,1,3131.59,1087262,132110.0,205976.0,3163.0,3163.0,3108.0,3134.3,31862400,3447.7,2820.9,3839.9,2896.0,3127.9,2,2,3127.8,49,4,3127.7,7,2,3127.6,1,1,3127.4,3,1,3128.0,316,4,3128.3,46,2,3128.4,79,3,3128.5,144,9,3128.6,122,3
2031,2026-06-16 10:40:32+05:30,3128.0,211,3131.59,1087262,132110.0,205976.0,3163.0,3163.0,3108.0,3134.3,31862400,3447.7,2820.9,3839.9,2896.0,3127.9,2,2,3127.8,49,4,3127.7,7,2,3127.6,1,1,3127.4,3,1,3128.0,316,4,3128.3,46,2,3128.4,79,3,3128.5,144,9,3128.6,122,3
2031,2026-06-16 10:40:32+05:30,3128.0,211,3131.59,1087489,132200.0,205861.0,3163.0,3163.0,3108.0,3134.3,31862400,3447.7,2820.9,3839.9,2896.0,3127.9,1,1,3127.8,46,4,3127.7,7,2,3127.6,1,1,3127.4,3,1,3128.0,133,3,3128.3,18,1,3128.4,18,1,3128.5,105,6,3128.6,66,1
2031,2026-06-16 10:40:33+05:30,3128.0,2,3131.59,1087489,132200.0,205861.0,3163.0,3163.0,3108.0,3134.3,31862400,3447.7,2820.9,3839.9,2896.0,3127.9,1,1,3127.8,46,4,3127.7,7,2,3127.6,1,1,3127.4,3,1,3128.0,133,3,3128.3,18,1,3128.4,18,1,3128.5,105,6,3128.6,66,1
2031,2026-06-16 10:40:33+05:30,3128.0,2,3131.59,1087489,132200.0,205861.0,3163.0,3163.0,3108.0,3134.3,31862400,3447.7,2820.9,3839.9,2896.0,3127.9,1,1,3127.8,46,4,3127.7,7,2,3127.6,1,1,3127.4,3,1,3128.0,133,3,3128.3,18,1,3128.4,18,1,3128.5,105,6,3128.6,66,1
2031,2026-06-16 10:40:33+05:30,3128.0,2,3131.59,1087532,132148.0,206332.0,3163.0,3163.0,3108.0,3134.3,31862400,3447.7,2820.9,3839.9,2896.0,3127.9,22,1,3127.8,24,4,3127.7,7,2,3127.6,1,1,3127.4,3,1,3128.0,171,4,3128.3,18,1,3128.4,18,1,3128.5,151,7,3128.6,100,2
2031,2026-06-16 10:40:34+05:30,3128.0,2,3131.59,1087532,132148.0,206124.0,3163.0,3163.0,3108.0,3134.3,31862400,3447.7,2820.9,3839.9,2896.0,3127.9,22,1,3127.8,24,4,3127.7,7,2,3127.6,1,1,3127.4,3,1,3128.0,171,4,3128.3,18,1,3128.4,37,2,3128.5,185,8,3128.6,285,3
2031,2026-06-16 10:40:35+05:30,3128.0,2,3131.59,1087532,132148.0,206124.0,3163.0,3163.0,3108.0,3134.3,31862400,3447.7,2820.9,3839.9,2896.0,3127.9,22,1,3127.8,24,4,3127.7,7,2,3127.6,1,1,3127.4,3,1,3128.0,171,4,3128.3,18,1,3128.4,37,2,3128.5,185,8,3128.6,285,3
2031,2026-06-16 10:40:35+05:30,3127.8,6,3131.59,1087532,132148.0,206124.0,3163.0,3163.0,3108.0,3134.3,31862400,3447.7,2820.9,3839.9,2896.0,3127.9,22,1,3127.8,24,4,3127.7,7,2,3127.6,1,1,3127.4,3,1,3128.0,171,4,3128.3,18,1,3128.4,37,2,3128.5,185,8,3128.6,285,3
2031,2026-06-16 10:40:35+05:30,3127.8,6,3131.59,1087595,131506.0,206585.0,3163.0,3163.0,3108.0,3134.3,31862400,3447.7,2820.9,3839.9,2896.0,3127.8,18,4,3127.7,7,2,3127.6,1,1,3127.4,3,1,3127.2,2,1,3128.0,136,4,3128.2,34,1,3128.3,78,4,3128.4,75,3,3128.5,99,4
2031,2026-06-16 10:40:36+05:30,3127.7,1,3131.59,1087595,131506.0,206585.0,3163.0,3163.0,3108.0,3134.3,31862400,3447.7,2820.9,3839.9,2896.0,3127.8,18,4,3127.7,7,2,3127.6,1,1,3127.4,3,1,3127.2,2,1,3128.0,136,4,3128.2,34,1,3128.3,78,4,3128.4,75,3,3128.5,99,4
2031,2026-06-16 10:40:36+05:30,3127.7,1,3131.59,1088182,130512.0,205111.0,3163.0,3163.0,3108.0,3134.3,31862400,3447.7,2820.9,3839.9,2896.0,3126.6,50,6,3126.5,118,5,3126.4,59,4,3126.3,101,5,3126.2,88,5,3127.7,8,1,3127.8,6,1,3127.9,6,1,3128.0,136,4,3128.2,84,4
2031,2026-06-16 10:40:36+05:30,3127.7,1,3131.59,1088182,130512.0,205111.0,3163.0,3163.0,3108.0,3134.3,31862400,3447.7,2820.9,3839.9,2896.0,3126.6,50,6,3126.5,118,5,3126.4,59,4,3126.3,101,5,3126.2,88,5,3127.7,8,1,3127.8,6,1,3127.9,6,1,3128.0,136,4,3128.2,84,4
2031,2026-06-16 10:40:37+05:30,3127.7,17,3131.59,1088182,130512.0,205111.0,3163.0,3163.0,3108.0,3134.3,31862400,3447.7,2820.9,3839.9,2896.0,3126.6,50,6,3126.5,118,5,3126.4,59,4,3126.3,101,5,3126.2,88,5,3127.7,8,1,3127.8,6,1,3127.9,6,1,3128.0,136,4,3128.2,84,4
2031,2026-06-16 10:40:37+05:30,3127.7,17,3131.59,1088290,130608.0,207214.0,3163.0,3163.0,3108.0,3134.3,31862400,3447.7,2820.9,3839.9,2896.0,3126.7,14,1,3126.6,89,6,3126.5,89,5,3126.4,46,3,3126.3,101,5,3127.7,31,4,3127.8,6,1,3127.9,6,1,3128.0,115,3,3128.2,67,3
2031,2026-06-16 10:40:38+05:30,3127.7,17,3131.59,1088290,130608.0,207214.0,3163.0,3163.0,3108.0,3134.3,31862400,3447.7,2820.9,3839.9,2896.0,3126.7,14,1,3126.6,89,6,3126.5,89,5,3126.4,46,3,3126.3,101,5,3127.7,31,4,3127.8,6,1,3127.9,6,1,3128.0,115,3,3128.2,67,3
2031,2026-06-16 10:40:38+05:30,3127.7,1,3131.59,1088291,130559.0,207758.0,3163.0,3163.0,3108.0,3134.3,31862400,3447.7,2820.9,3839.9,2896.0,3126.7,55,2,3126.6,31,3,3126.5,64,3,3126.4,35,2,3126.3,99,5,3127.7,82,6,3127.8,14,2,3127.9,71,4,3128.0,315,4,3128.2,87,4
2031,2026-06-16 10:40:39+05:30,3127.7,1,3131.59,1088291,130559.0,207758.0,3163.0,3163.0,3108.0,3134.3,31862400,3447.7,2820.9,3839.9,2896.0,3126.7,55,2,3126.6,31,3,3126.5,64,3,3126.4,35,2,3126.3,99,5,3127.7,82,6,3127.8,14,2,3127.9,71,4,3128.0,315,4,3128.2,87,4
2031,2026-06-16 10:40:39+05:30,3127.7,1,3131.59,1088292,130527.0,207999.0,3163.0,3163.0,3108.0,3134.3,31862400,3447.7,2820.9,3839.9,2896.0,3126.7,41,1,3126.6,25,1,3126.5,14,1,3126.3,99,5,3126.1,71,3,3127.7,62,5,3127.8,6,1,3127.9,90,6,3128.0,427,7,3128.1,18,1
2031,2026-06-16 10:40:39+05:30,3127.7,1,3131.59,1088292,130527.0,207999.0,3163.0,3163.0,3108.0,3134.3,31862400,3447.7,2820.9,3839.9,2896.0,3126.7,41,1,3126.6,25,1,3126.5,14,1,3126.3,99,5,3126.1,71,3,3127.7,62,5,3127.8,6,1,3127.9,90,6,3128.0,427,7,3128.1,18,1
2031,2026-06-16 10:40:40+05:30,3127.7,1,3131.59,1088292,130527.0,207999.0,3163.0,3163.0,3108.0,3134.3,31862400,3447.7,2820.9,3839.9,2896.0,3126.7,41,1,3126.6,25,1,3126.5,14,1,3126.3,99,5,3126.1,71,3,3127.7,62,5,3127.8,6,1,3127.9,90,6,3128.0,427,7,3128.1,18,1
2031,2026-06-16 10:40:40+05:30,3127.7,1,3131.59,1088292,130527.0,207999.0,3163.0,3163.0,3108.0,3134.3,31862400,3447.7,2820.9,3839.9,2896.0,3126.7,41,1,3126.6,25,1,3126.5,14,1,3126.3,99,5,3126.1,71,3,3127.7,62,5,3127.8,6,1,3127.9,90,6,3128.0,427,7,3128.1,18,1
2031,2026-06-16 10:40:40+05:30,3127.7,1,3131.59,1088292,130469.0,208320.0,3163.0,3163.0,3108.0,3134.3,31862400,3447.7,2820.9,3839.9,2896.0,3126.7,41,1,3126.6,25,1,3126.4,8,1,3126.3,80,4,3126.1,208,3,3127.7,106,8,3127.8,6,1,3127.9,69,5,3128.0,450,8,3128.1,221,2
2031,2026-06-16 10:40:40+05:30,3127.7,1,3131.59,1088292,130469.0,208320.0,3163.0,3163.0,3108.0,3134.3,31862400,3447.7,2820.9,3839.9,2896.0,3126.7,41,1,3126.6,25,1,3126.4,8,1,3126.3,80,4,3126.1,208,3,3127.7,106,8,3127.8,6,1,3127.9,69,5,3128.0,450,8,3128.1,221,2
2031,2026-06-16 10:40:41+05:30,3127.7,1,3131.59,1088292,130469.0,208320.0,3163.0,3163.0,3108.0,3134.3,31862400,3447.7,2820.9,3839.9,2896.0,3126.7,41,1,3126.6,25,1,3126.4,8,1,3126.3,80,4,3126.1,208,3,3127.7,106,8,3127.8,6,1,3127.9,69,5,3128.0,450,8,3128.1,221,2
2031,2026-06-16 10:40:41+05:30,3127.7,1,3131.59,1088292,130762.0,208442.0,3163.0,3163.0,3108.0,3134.3,31862400,3447.7,2820.9,3839.9,2896.0,3126.7,41,1,3126.6,25,1,3126.3,62,3,3126.1,202,2,3126.0,592,5,3127.7,150,10,3127.8,6,1,3127.9,106,6,3128.0,650,9,3128.1,39,2
2031,2026-06-16 10:40:42+05:30,3127.7,1,3131.59,1088292,130762.0,208442.0,3163.0,3163.0,3108.0,3134.3,31862400,3447.7,2820.9,3839.9,2896.0,3126.7,41,1,3126.6,25,1,3126.3,62,3,3126.1,202,2,3126.0,592,5,3127.7,150,10,3127.8,6,1,3127.9,106,6,3128.0,650,9,3128.1,39,2
2031,2026-06-16 10:40:42+05:30,3126.7,41,3131.59,1088333,130744.0,208529.0,3163.0,3163.0,3108.0,3134.3,31862400,3447.7,2820.9,3839.9,2896.0,3127.0,23,1,3126.0,515,2,3125.9,72,3,3125.8,3,1,3125.7,296,6,3127.4,83,5,3127.5,47,4,3127.6,93,6,3127.7,174,10,3127.8,110,5
2031,2026-06-16 10:40:43+05:30,3127.0,26,3131.59,1088333,130744.0,208529.0,3163.0,3163.0,3108.0,3134.3,31862400,3447.7,2820.9,3839.9,2896.0,3127.0,23,1,3126.0,515,2,3125.9,72,3,3125.8,3,1,3125.7,296,6,3127.4,83,5,3127.5,47,4,3127.6,93,6,3127.7,174,10,3127.8,110,5
2031,2026-06-16 10:40:43+05:30,3127.0,26,3131.59,1088333,130744.0,208529.0,3163.0,3163.0,3108.0,3134.3,31862400,3447.7,2820.9,3839.9,2896.0,3127.0,23,1,3126.0,515,2,3125.9,72,3,3125.8,3,1,3125.7,296,6,3127.4,83,5,3127.5,47,4,3127.6,93,6,3127.7,174,10,3127.8,110,5
2031,2026-06-16 10:40:43+05:30,3127.4,1,3131.59,1088390,130537.0,207858.0,3163.0,3163.0,3108.0,3134.3,31862400,3447.7,2820.9,3839.9,2896.0,3126.3,80,5,3126.2,34,2,3126.1,78,3,3126.0,647,6,3125.9,76,3,3127.4,57,2,3127.5,24,2,3127.6,34,2,3127.7,53,3,3127.8,16,1
2031,2026-06-16 10:40:44+05:30,3127.4,1,3131.59,1088390,130537.0,207858.0,3163.0,3163.0,3108.0,3134.3,31862400,3447.7,2820.9,3839.9,2896.0,3126.3,80,5,3126.2,34,2,3126.1,78,3,3126.0,647,6,3125.9,76,3,3127.4,57,2,3127.5,24,2,3127.6,34,2,3127.7,53,3,3127.8,16,1
2031,2026-06-16 10:40:44+05:30,3127.4,1,3131.59,1088390,130537.0,207858.0,3163.0,3163.0,3108.0,3134.3,31862400,3447.7,2820.9,3839.9,2896.0,3126.3,80,5,3126.2,34,2,3126.1,78,3,3126.0,647,6,3125.9,76,3,3127.4,57,2,3127.5,24,2,3127.6,34,2,3127.7,53,3,3127.8,16,1
2031,2026-06-16 10:40:44+05:30,3127.4,1,3131.59,1088390,131337.0,208320.0,3163.0,3163.0,3108.0,3134.3,31862400,3447.7,2820.9,3839.9,2896.0,3127.0,57,1,3126.4,82,4,3126.3,77,2,3126.2,140,4,3126.1,86,2,3127.4,47,2,3127.5,17,1,3127.6,34,2,3127.7,53,3,3127.8,16,1
2031,2026-06-16 10:40:45+05:30,3127.4,1,3131.59,1088390,131337.0,208320.0,3163.0,3163.0,3108.0,3134.3,31862400,3447.7,2820.9,3839.9,2896.0,3127.0,57,1,3126.4,82,4,3126.3,77,2,3126.2,140,4,3126.1,86,2,3127.4,47,2,3127.5,17,1,3127.6,34,2,3127.7,53,3,3127.8,16,1
2031,2026-06-16 10:40:45+05:30,3127.4,17,3131.58,1088848,129772.0,208968.0,3163.0,3163.0,3108.0,3134.3,31862400,3447.7,2820.9,3839.9,2896.0,3126.1,30,2,3126.0,561,4,3125.9,118,3,3125.8,19,1,3125.7,70,4,3127.4,51,4,3127.5,86,5,3127.6,99,6,3127.7,53,3,3127.8,116,6
2031,2026-06-16 10:40:46+05:30,3127.2,1,3131.58,1088848,129772.0,208968.0,3163.0,3163.0,3108.0,3134.3,31862400,3447.7,2820.9,3839.9,2896.0,3126.1,30,2,3126.0,561,4,3125.9,118,3,3125.8,19,1,3125.7,70,4,3127.4,51,4,3127.5,86,5,3127.6,99,6,3127.7,53,3,3127.8,116,6
2031,2026-06-16 10:40:46+05:30,3127.2,1,3131.58,1088848,129772.0,208968.0,3163.0,3163.0,3108.0,3134.3,31862400,3447.7,2820.9,3839.9,2896.0,3126.1,30,2,3126.0,561,4,3125.9,118,3,3125.8,19,1,3125.7,70,4,3127.4,51,4,3127.5,86,5,3127.6,99,6,3127.7,53,3,3127.8,116,6
2031,2026-06-16 10:40:47+05:30,3127.2,1,3131.58,1088901,129910.0,208781.0,3163.0,3163.0,3108.0,3134.3,31862400,3447.7,2820.9,3839.9,2896.0,3126.0,588,4,3125.9,56,1,3125.7,95,5,3125.6,67,2,3125.5,96,4,3127.2,33,1,3127.3,79,5,3127.4,90,5,3127.5,115,6,3127.6,126,6
2031,2026-06-16 10:40:47+05:30,3127.2,1,3131.58,1088901,129910.0,208781.0,3163.0,3163.0,3108.0,3134.3,31862400,3447.7,2820.9,3839.9,2896.0,3126.0,588,4,3125.9,56,1,3125.7,95,5,3125.6,67,2,3125.5,96,4,3127.2,33,1,3127.3,79,5,3127.4,90,5,3127.5,115,6,3127.6,126,6
2031,2026-06-16 10:40:47+05:30,3127.2,1,3131.58,1088901,129910.0,208781.0,3163.0,3163.0,3108.0,3134.3,31860800,3447.7,2820.9,3839.9,2896.0,3126.0,588,4,3125.9,56,1,3125.7,95,5,3125.6,67,2,3125.5,96,4,3127.2,33,1,3127.3,79,5,3127.4,90,5,3127.5,115,6,3127.6,126,6
2031,2026-06-16 10:40:48+05:30,3127.0,6,3131.58,1089211,129603.0,208973.0,3163.0,3163.0,3108.0,3134.3,31860800,3447.7,2820.9,3839.9,2896.0,3126.1,14,1,3126.0,338,3,3125.9,52,1,3125.8,17,2,3125.7,21,1,3127.1,19,2,3127.2,60,3,3127.3,57,3,3127.4,111,4,3127.5,60,4
2031,2026-06-16 10:40:48+05:30,3126.0,47,3131.58,1089211,129603.0,208973.0,3163.0,3163.0,3108.0,3134.3,31860800,3447.7,2820.9,3839.9,2896.0,3126.1,14,1,3126.0,338,3,3125.9,52,1,3125.8,17,2,3125.7,21,1,3127.1,19,2,3127.2,60,3,3127.3,57,3,3127.4,111,4,3127.5,60,4
2031,2026-06-16 10:40:49+05:30,3127.0,10,3131.58,1089432,129465.0,208645.0,3163.0,3163.0,3108.0,3134.3,31860800,3447.7,2820.9,3839.9,2896.0,3126.0,233,6,3125.9,19,1,3125.8,40,2,3125.7,45,2,3125.6,50,3,3127.1,4,1,3127.2,60,3,3127.3,23,2,3127.4,77,3,3127.5,30,3
2031,2026-06-16 10:40:49+05:30,3126.0,38,3131.58,1089432,129465.0,208645.0,3163.0,3163.0,3108.0,3134.3,31860800,3447.7,2820.9,3839.9,2896.0,3126.0,233,6,3125.9,19,1,3125.8,40,2,3125.7,45,2,3125.6,50,3,3127.1,4,1,3127.2,60,3,3127.3,23,2,3127.4,77,3,3127.5,30,3
2031,2026-06-16 10:40:50+05:30,3126.0,24,3131.58,1089672,128829.0,209030.0,3163.0,3163.0,3108.0,3134.3,31860800,3447.7,2820.9,3839.9,2896.0,3126.0,110,3,3125.8,1,1,3125.6,11,2,3125.5,5,1,3125.4,28,2,3127.0,49,3,3127.1,72,4,3127.2,154,5,3127.3,96,4,3127.4,156,6
2031,2026-06-16 10:40:50+05:30,3126.0,23,3131.58,1089672,128829.0,209030.0,3163.0,3163.0,3108.0,3134.3,31860800,3447.7,2820.9,3839.9,2896.0,3126.0,110,3,3125.8,1,1,3125.6,11,2,3125.5,5,1,3125.4,28,2,3127.0,49,3,3127.1,72,4,3127.2,154,5,3127.3,96,4,3127.4,156,6
2031,2026-06-16 10:40:51+05:30,3127.1,16,3131.58,1089830,129793.0,206419.0,3163.0,3163.0,3108.0,3134.3,31860800,3447.7,2820.9,3839.9,2896.0,3126.3,35,3,3126.2,29,2,3126.1,71,4,3126.0,167,8,3125.9,38,1,3127.0,29,1,3127.1,2,1,3127.4,41,1,3127.5,6,1,3127.7,15,2
2031,2026-06-16 10:40:51+05:30,3127.0,2,3131.58,1089830,129793.0,206419.0,3163.0,3163.0,3108.0,3134.3,31860800,3447.7,2820.9,3839.9,2896.0,3126.3,35,3,3126.2,29,2,3126.1,71,4,3126.0,167,8,3125.9,38,1,3127.0,29,1,3127.1,2,1,3127.4,41,1,3127.5,6,1,3127.7,15,2
2031,2026-06-16 10:40:52+05:30,3127.0,2,3131.58,1089861,130042.0,208486.0,3163.0,3163.0,3108.0,3134.3,31860800,3447.7,2820.9,3839.9,2896.0,3126.5,14,1,3126.4,80,6,3126.3,94,7,3126.2,50,4,3126.1,66,3,3127.1,2,1,3127.5,6,1,3127.7,15,2,3127.8,28,2,3127.9,200,1
2031,2026-06-16 10:40:53+05:30,3127.1,1,3131.58,1089862,130064.0,208694.0,3163.0,3163.0,3108.0,3134.3,31860800,3447.7,2820.9,3839.9,2896.0,3126.5,14,1,3126.4,85,6,3126.3,94,7,3126.2,31,3,3126.1,44,2,3127.1,9,2,3127.5,6,1,3127.7,15,2,3127.8,28,2,3127.9,256,2
2031,2026-06-16 10:40:53+05:30,3127.1,1,3131.58,1089862,130064.0,208694.0,3163.0,3163.0,3108.0,3134.3,31860800,3447.7,2820.9,3839.9,2896.0,3126.5,14,1,3126.4,85,6,3126.3,94,7,3126.2,31,3,3126.1,44,2,3127.1,9,2,3127.5,6,1,3127.7,15,2,3127.8,28,2,3127.9,256,2
2031,2026-06-16 10:40:54+05:30,3127.1,14,3131.58,1089877,130064.0,208698.0,3163.0,3163.0,3108.0,3134.3,31860800,3447.7,2820.9,3839.9,2896.0,3126.5,14,1,3126.4,85,6,3126.3,94,7,3126.2,31,3,3126.1,44,2,3127.1,8,1,3127.5,6,1,3127.7,15,2,3127.8,28,2,3127.9,256,2
2031,2026-06-16 10:40:54+05:30,3127.1,14,3131.58,1089877,130064.0,208698.0,3163.0,3163.0,3108.0,3134.3,31860800,3447.7,2820.9,3839.9,2896.0,3126.5,14,1,3126.4,85,6,3126.3,94,7,3126.2,31,3,3126.1,44,2,3127.1,8,1,3127.5,6,1,3127.7,15,2,3127.8,28,2,3127.9,256,2
2031,2026-06-16 10:40:55+05:30,3128.0,17,3131.58,1090294,130963.0,207703.0,3163.0,3163.0,3108.0,3134.3,31860800,3447.7,2820.9,3839.9,2896.0,3127.2,1,1,3126.9,24,1,3126.6,2,1,3126.5,1,1,3126.4,71,3,3127.6,1,1,3128.0,184,2,3128.1,26,1,3128.2,53,2,3128.3,39,2
2031,2026-06-16 10:40:55+05:30,3126.9,36,3131.58,1090294,130963.0,207703.0,3163.0,3163.0,3108.0,3134.3,31860800,3447.7,2820.9,3839.9,2896.0,3127.2,1,1,3126.9,24,1,3126.6,2,1,3126.5,1,1,3126.4,71,3,3127.6,1,1,3128.0,184,2,3128.1,26,1,3128.2,53,2,3128.3,39,2
2031,2026-06-16 10:40:56+05:30,3126.9,36,3131.58,1090331,131024.0,207964.0,3163.0,3163.0,3108.0,3134.3,31860800,3447.7,2820.9,3839.9,2896.0,3126.9,24,1,3126.6,2,1,3126.5,22,2,3126.4,77,5,3126.3,110,5,3127.6,2,2,3128.0,264,4,3128.1,26,1,3128.2,43,2,3128.3,53,2
2031,2026-06-16 10:40:57+05:30,3126.9,36,3131.58,1090331,131019.0,208007.0,3163.0,3163.0,3108.0,3134.3,31860800,3447.7,2820.9,3839.9,2896.0,3126.9,24,1,3126.6,2,1,3126.5,22,2,3126.4,32,3,3126.3,110,5,3127.6,15,3,3127.9,7,1,3128.0,264,4,3128.1,85,3,3128.2,99,3
2031,2026-06-16 10:40:58+05:30,3126.9,200,3131.58,1090531,129554.0,208513.0,3163.0,3163.0,3108.0,3134.3,31860800,3447.7,2820.9,3839.9,2896.0,3126.9,45,2,3126.5,1,1,3126.4,25,1,3126.0,67,3,3125.9,20,1,3127.5,94,6,3127.6,23,4,3127.7,69,2,3127.8,101,4,3127.9,203,6
2031,2026-06-16 10:40:58+05:30,3126.9,4,3131.58,1090531,129554.0,208513.0,3163.0,3163.0,3108.0,3134.3,31860800,3447.7,2820.9,3839.9,2896.0,3126.9,45,2,3126.5,1,1,3126.4,25,1,3126.0,67,3,3125.9,20,1,3127.5,94,6,3127.6,23,4,3127.7,69,2,3127.8,101,4,3127.9,203,6
2031,2026-06-16 10:40:59+05:30,3127.5,1,3131.58,1090634,129562.0,208303.0,3163.0,3163.0,3108.0,3134.3,31860800,3447.7,2820.9,3839.9,2896.0,3126.5,1,1,3126.4,25,1,3126.1,7,1,3126.0,66,2,3125.8,31,2,3127.5,54,4,3127.6,29,4,3127.7,135,4,3127.8,80,4,3127.9,327,4
2031,2026-06-16 10:40:59+05:30,3127.5,1,3131.58,1090634,129562.0,208303.0,3163.0,3163.0,3108.0,3134.3,31860800,3447.7,2820.9,3839.9,2896.0,3126.5,1,1,3126.4,25,1,3126.1,7,1,3126.0,66,2,3125.8,31,2,3127.5,54,4,3127.6,29,4,3127.7,135,4,3127.8,80,4,3127.9,327,4
2031,2026-06-16 10:41:00+05:30,3127.4,1,3131.58,1090634,129562.0,208303.0,3163.0,3163.0,3108.0,3134.3,31860800,3447.7,2820.9,3839.9,2896.0,3126.5,1,1,3126.4,25,1,3126.1,7,1,3126.0,66,2,3125.8,31,2,3127.5,54,4,3127.6,29,4,3127.7,135,4,3127.8,80,4,3127.9,327,4
2031,2026-06-16 10:41:00+05:30,3127.0,1,3131.57,1090837,128772.0,209331.0,3163.0,3163.0,3108.0,3134.3,31860800,3447.7,2820.9,3839.9,2896.0,3127.0,2,2,3126.4,24,1,3126.0,41,1,3125.8,1,1,3125.6,1,1,3127.2,13,1,3127.3,111,7,3127.4,47,4,3127.5,127,6,3127.6,173,6
2031,2026-06-16 10:41:01+05:30,3127.0,3,3131.57,1090837,128772.0,209331.0,3163.0,3163.0,3108.0,3134.3,31860800,3447.7,2820.9,3839.9,2896.0,3127.0,2,2,3126.4,24,1,3126.0,41,1,3125.8,1,1,3125.6,1,1,3127.2,13,1,3127.3,111,7,3127.4,47,4,3127.5,127,6,3127.6,173,6
2031,2026-06-16 10:41:01+05:30,3127.0,3,3131.57,1091423,128885.0,208669.0,3163.0,3163.0,3108.0,3134.3,31860800,3447.7,2820.9,3839.9,2896.0,3127.0,40,1,3126.4,23,1,3126.1,7,1,3126.0,41,1,3125.9,21,1,3127.5,21,2,3127.6,33,3,3127.7,32,3,3127.8,87,3,3127.9,77,4
2031,2026-06-16 10:41:02+05:30,3127.5,1,3131.57,1091423,128885.0,208669.0,3163.0,3163.0,3108.0,3134.3,31860800,3447.7,2820.9,3839.9,2896.0,3127.0,40,1,3126.4,23,1,3126.1,7,1,3126.0,41,1,3125.9,21,1,3127.5,21,2,3127.6,33,3,3127.7,32,3,3127.8,87,3,3127.9,77,4
2031,2026-06-16 10:41:02+05:30,3127.5,1,3131.57,1091505,128941.0,208636.0,3163.0,3163.0,3108.0,3134.3,31860800,3447.7,2820.9,3839.9,2896.0,3126.3,72,5,3126.2,71,4,3126.1,93,3,3126.0,115,7,3125.9,20,1,3127.5,7,1,3127.6,6,1,3127.7,13,2,3127.8,111,4,3127.9,203,2
2031,2026-06-16 10:41:03+05:30,3127.5,1,3131.57,1091505,129174.0,207959.0,3163.0,3163.0,3108.0,3134.3,31860800,3447.7,2820.9,3839.9,2896.0,3126.4,65,5,3126.3,103,5,3126.2,104,5,3126.1,79,3,3126.0,98,7,3127.5,7,1,3127.6,6,1,3127.7,6,1,3127.8,31,2,3127.9,9,2
2031,2026-06-16 10:41:04+05:30,3128.0,15,3131.57,1091505,129174.0,207959.0,3163.0,3163.0,3108.0,3134.3,31860800,3447.7,2820.9,3839.9,2896.0,3126.4,65,5,3126.3,103,5,3126.2,104,5,3126.1,79,3,3126.0,98,7,3127.5,7,1,3127.6,6,1,3127.7,6,1,3127.8,31,2,3127.9,9,2
2031,2026-06-16 10:41:04+05:30,3128.0,15,3131.57,1091579,130343.0,207602.0,3163.0,3163.0,3108.0,3134.3,31860800,3447.7,2820.9,3839.9,2896.0,3126.8,57,4,3126.7,69,3,3126.6,75,5,3126.5,47,4,3126.4,10,2,3127.9,21,2,3128.0,236,4,3128.2,20,1,3128.3,2,1,3128.4,239,3
2031,2026-06-16 10:41:05+05:30,3126.8,8,3131.57,1091579,130343.0,207602.0,3163.0,3163.0,3108.0,3134.3,31860800,3447.7,2820.9,3839.9,2896.0,3126.8,57,4,3126.7,69,3,3126.6,75,5,3126.5,47,4,3126.4,10,2,3127.9,21,2,3128.0,236,4,3128.2,20,1,3128.3,2,1,3128.4,239,3
2031,2026-06-16 10:41:05+05:30,3126.8,8,3131.57,1091588,130149.0,207554.0,3163.0,3163.0,3108.0,3134.3,31860800,3447.7,2820.9,3839.9,2896.0,3126.8,51,2,3126.6,40,4,3126.5,20,2,3126.4,10,2,3126.3,114,5,3127.9,22,3,3128.0,263,5,3128.1,35,1,3128.2,220,2,3128.3,79,3
2031,2026-06-16 10:41:06+05:30,3127.9,1,3131.57,1091588,130149.0,207554.0,3163.0,3163.0,3108.0,3134.3,31860800,3447.7,2820.9,3839.9,2896.0,3126.8,51,2,3126.6,40,4,3126.5,20,2,3126.4,10,2,3126.3,114,5,3127.9,22,3,3128.0,263,5,3128.1,35,1,3128.2,220,2,3128.3,79,3
2031,2026-06-16 10:41:06+05:30,3127.9,1,3131.57,1091589,130104.0,207954.0,3163.0,3163.0,3108.0,3134.3,31860800,3447.7,2820.9,3839.9,2896.0,3126.8,54,3,3126.6,43,3,3126.5,42,4,3126.4,10,2,3126.3,98,5,3127.9,55,3,3128.0,263,5,3128.1,35,1,3128.2,245,3,3128.3,78,3
2031,2026-06-16 10:41:07+05:30,3127.9,38,3131.57,1091589,130104.0,207954.0,3163.0,3163.0,3108.0,3134.3,31860800,3447.7,2820.9,3839.9,2896.0,3126.8,54,3,3126.6,43,3,3126.5,42,4,3126.4,10,2,3126.3,98,5,3127.9,55,3,3128.0,263,5,3128.1,35,1,3128.2,245,3,3128.3,78,3
2031,2026-06-16 10:41:07+05:30,3127.9,38,3131.57,1091646,130178.0,207971.0,3163.0,3163.0,3108.0,3134.3,31860800,3447.7,2820.9,3839.9,2896.0,3126.8,61,4,3126.6,71,4,3126.5,42,4,3126.4,10,2,3126.3,98,5,3127.9,35,1,3128.0,298,6,3128.1,35,1,3128.2,245,3,3128.3,76,3
2031,2026-06-16 10:41:08+05:30,3127.9,38,3131.57,1091646,130372.0,207781.0,3163.0,3163.0,3108.0,3134.3,31860800,3447.7,2820.9,3839.9,2896.0,3126.8,61,4,3126.6,100,5,3126.5,42,4,3126.4,10,2,3126.3,98,5,3127.9,68,3,3128.0,298,6,3128.2,45,2,3128.3,72,2,3128.4,264,5
2031,2026-06-16 10:41:09+05:30,3127.9,20,3131.57,1091666,130363.0,207338.0,3163.0,3163.0,3108.0,3134.3,31860800,3447.7,2820.9,3839.9,2896.0,3126.8,93,5,3126.6,72,5,3126.5,42,4,3126.4,10,2,3126.3,133,6,3127.9,48,3,3128.0,298,6,3128.2,45,2,3128.3,34,1,3128.4,99,5
2031,2026-06-16 10:41:10+05:30,3127.9,20,3131.57,1091666,130363.0,207338.0,3163.0,3163.0,3108.0,3134.3,31860800,3447.7,2820.9,3839.9,2896.0,3126.8,93,5,3126.6,72,5,3126.5,42,4,3126.4,10,2,3126.3,133,6,3127.9,48,3,3128.0,298,6,3128.2,45,2,3128.3,34,1,3128.4,99,5
2031,2026-06-16 10:41:10+05:30,3127.8,1,3131.57,1091667,130309.0,205370.0,3163.0,3163.0,3108.0,3134.3,31860800,3447.7,2820.9,3839.9,2896.0,3127.5,10,1,3127.0,24,1,3126.8,93,5,3126.6,68,5,3126.5,21,3,3127.8,20,1,3127.9,41,2,3128.0,263,5,3128.2,25,1,3128.3,34,1
2031,2026-06-16 10:41:11+05:30,3127.8,1,3131.57,1091667,130309.0,205370.0,3163.0,3163.0,3108.0,3134.3,31860800,3447.7,2820.9,3839.9,2896.0,3127.5,10,1,3127.0,24,1,3126.8,93,5,3126.6,68,5,3126.5,21,3,3127.8,20,1,3127.9,41,2,3128.0,263,5,3128.2,25,1,3128.3,34,1
2031,2026-06-16 10:41:11+05:30,3127.8,1,3131.57,1091667,130391.0,205368.0,3163.0,3163.0,3108.0,3134.3,31860800,3447.7,2820.9,3839.9,2896.0,3127.5,50,2,3127.1,22,1,3126.8,54,4,3126.6,87,6,3126.5,21,3,3127.8,45,3,3127.9,35,2,3128.0,255,4,3128.2,25,1,3128.3,34,1
2031,2026-06-16 10:41:12+05:30,3127.8,1,3131.57,1091667,130391.0,205368.0,3163.0,3163.0,3108.0,3134.3,31860800,3447.7,2820.9,3839.9,2896.0,3127.5,50,2,3127.1,22,1,3126.8,54,4,3126.6,87,6,3126.5,21,3,3127.8,45,3,3127.9,35,2,3128.0,255,4,3128.2,25,1,3128.3,34,1
2031,2026-06-16 10:41:12+05:30,3127.5,40,3131.57,1091718,130312.0,205951.0,3163.0,3163.0,3108.0,3134.3,31860800,3447.7,2820.9,3839.9,2896.0,3127.1,22,1,3126.8,54,4,3126.6,68,5,3126.5,21,3,3126.4,44,3,3127.8,44,3,3127.9,35,2,3128.0,755,5,3128.2,25,1,3128.3,34,1
2031,2026-06-16 10:41:13+05:30,3127.8,1,3131.57,1091718,130312.0,205951.0,3163.0,3163.0,3108.0,3134.3,31860800,3447.7,2820.9,3839.9,2896.0,3127.1,22,1,3126.8,54,4,3126.6,68,5,3126.5,21,3,3126.4,44,3,3127.8,44,3,3127.9,35,2,3128.0,755,5,3128.2,25,1,3128.3,34,1
2031,2026-06-16 10:41:13+05:30,3127.8,1,3131.57,1091719,130133.0,208048.0,3163.0,3163.0,3108.0,3134.3,31860800,3447.7,2820.9,3839.9,2896.0,3127.1,22,1,3126.8,54,4,3126.6,68,5,3126.5,21,3,3126.4,44,3,3127.8,43,3,3127.9,35,2,3128.0,814,6,3128.2,25,1,3128.3,98,2
2031,2026-06-16 10:41:14+05:30,3127.8,1,3131.57,1091719,130262.0,208584.0,3163.0,3163.0,3108.0,3134.3,31860800,3447.7,2820.9,3839.9,2896.0,3127.3,26,1,3126.8,22,3,3126.6,46,3,3126.5,21,3,3126.4,9,1,3127.8,43,3,3127.9,35,2,3128.0,834,7,3128.2,51,2,3128.3,152,3
2031,2026-06-16 10:41:15+05:30,3127.3,27,3131.57,1091719,130262.0,208584.0,3163.0,3163.0,3108.0,3134.3,31860800,3447.7,2820.9,3839.9,2896.0,3127.3,26,1,3126.8,22,3,3126.6,46,3,3126.5,21,3,3126.4,9,1,3127.8,43,3,3127.9,35,2,3128.0,834,7,3128.2,51,2,3128.3,152,3
2031,2026-06-16 10:41:15+05:30,3127.8,1,3131.57,1091747,130370.0,208369.0,3163.0,3163.0,3108.0,3134.3,31860800,3447.7,2820.9,3839.9,2896.0,3127.6,2,2,3127.4,25,2,3126.8,22,3,3126.7,21,1,3126.6,46,3,3127.8,42,3,3127.9,35,2,3128.0,814,6,3128.2,25,1,3128.3,54,1
2031,2026-06-16 10:41:16+05:30,3127.8,1,3131.57,1091747,130370.0,208369.0,3163.0,3163.0,3108.0,3134.3,31860800,3447.7,2820.9,3839.9,2896.0,3127.6,2,2,3127.4,25,2,3126.8,22,3,3126.7,21,1,3126.6,46,3,3127.8,42,3,3127.9,35,2,3128.0,814,6,3128.2,25,1,3128.3,54,1
2031,2026-06-16 10:41:16+05:30,3127.8,1,3131.57,1091747,130374.0,206575.0,3163.0,3163.0,3108.0,3134.3,31860800,3447.7,2820.9,3839.9,2896.0,3127.6,2,2,3127.4,25,2,3126.8,22,3,3126.7,21,1,3126.6,46,3,3127.8,42,3,3127.9,35,2,3128.0,814,6,3128.2,25,1,3128.3,54,1
2031,2026-06-16 10:41:17+05:30,3127.8,1,3131.57,1091747,130374.0,206575.0,3163.0,3163.0,3108.0,3134.3,31860800,3447.7,2820.9,3839.9,2896.0,3127.6,2,2,3127.4,25,2,3126.8,22,3,3126.7,21,1,3126.6,46,3,3127.8,42,3,3127.9,35,2,3128.0,814,6,3128.2,25,1,3128.3,54,1
2031,2026-06-16 10:41:17+05:30,3127.8,1,3131.57,1091789,130331.0,208646.0,3163.0,3163.0,3108.0,3134.3,31860800,3447.7,2820.9,3839.9,2896.0,3127.6,25,3,3127.4,1,1,3126.8,48,4,3126.7,79,2,3126.6,65,4,3127.9,35,2,3128.0,814,6,3128.2,25,1,3128.4,264,2,3128.5,88,4
2031,2026-06-16 10:41:18+05:30,3127.9,23,3131.57,1091789,130331.0,208646.0,3163.0,3163.0,3108.0,3134.3,31860800,3447.7,2820.9,3839.9,2896.0,3127.6,25,3,3127.4,1,1,3126.8,48,4,3126.7,79,2,3126.6,65,4,3127.9,35,2,3128.0,814,6,3128.2,25,1,3128.4,264,2,3128.5,88,4
2031,2026-06-16 10:41:18+05:30,3127.9,1,3131.57,1091894,130199.0,208167.0,3163.0,3163.0,3108.0,3134.3,31860800,3447.7,2820.9,3839.9,2896.0,3127.6,25,3,3127.4,1,1,3126.8,10,2,3126.7,21,1,3126.6,42,3,3127.9,12,1,3128.0,814,6,3128.1,6,1,3128.2,25,1,3128.3,338,4
2031,2026-06-16 10:41:19+05:30,3127.9,4,3131.57,1091894,130199.0,208167.0,3163.0,3163.0,3108.0,3134.3,31860800,3447.7,2820.9,3839.9,2896.0,3127.6,25,3,3127.4,1,1,3126.8,10,2,3126.7,21,1,3126.6,42,3,3127.9,12,1,3128.0,814,6,3128.1,6,1,3128.2,25,1,3128.3,338,4
2031,2026-06-16 10:41:19+05:30,3127.9,4,3131.57,1091898,130429.0,208207.0,3163.0,3163.0,3108.0,3134.3,31860800,3447.7,2820.9,3839.9,2896.0,3127.6,35,5,3127.4,1,1,3126.8,3,1,3126.7,21,1,3126.6,96,5,3127.9,28,1,3128.0,814,6,3128.2,25,1,3128.3,220,2,3128.4,23,1
2031,2026-06-16 10:41:20+05:30,3127.9,21,3131.57,1091898,130429.0,208207.0,3163.0,3163.0,3108.0,3134.3,31860800,3447.7,2820.9,3839.9,2896.0,3127.6,35,5,3127.4,1,1,3126.8,3,1,3126.7,21,1,3126.6,96,5,3127.9,28,1,3128.0,814,6,3128.2,25,1,3128.3,220,2,3128.4,23,1
2031,2026-06-16 10:41:20+05:30,3127.9,21,3131.57,1092027,130187.0,208122.0,3163.0,3163.0,3108.0,3134.3,31860800,3447.7,2820.9,3839.9,2896.0,3127.7,2,2,3127.6,33,3,3127.4,1,1,3126.8,3,1,3126.7,21,1,3128.0,825,7,3128.2,25,1,3128.3,342,5,3128.4,42,2,3128.5,122,5
2031,2026-06-16 10:41:21+05:30,3127.9,15,3131.57,1092027,130187.0,208122.0,3163.0,3163.0,3108.0,3134.3,31860800,3447.7,2820.9,3839.9,2896.0,3127.7,2,2,3127.6,33,3,3127.4,1,1,3126.8,3,1,3126.7,21,1,3128.0,825,7,3128.2,25,1,3128.3,342,5,3128.4,42,2,3128.5,122,5
2031,2026-06-16 10:41:21+05:30,3127.9,15,3131.57,1092043,130127.0,208263.0,3163.0,3163.0,3108.0,3134.3,31860800,3447.7,2820.9,3839.9,2896.0,3127.7,2,2,3127.6,33,3,3127.4,1,1,3126.8,3,1,3126.7,21,1,3127.9,8,2,3128.0,825,7,3128.1,19,1,3128.2,56,2,3128.3,342,5
2031,2026-06-16 10:41:22+05:30,3127.9,15,3131.57,1092043,130085.0,208633.0,3163.0,3163.0,3108.0,3134.3,31860800,3447.7,2820.9,3839.9,2896.0,3127.8,24,1,3127.7,2,2,3127.6,10,2,3127.4,1,1,3126.8,3,1,3127.9,8,2,3128.0,825,7,3128.1,19,1,3128.2,56,2,3128.3,371,5
2031,2026-06-16 10:41:24+05:30,3128.0,54,3131.57,1092274,130630.0,206924.0,3163.0,3163.0,3108.0,3134.3,31860800,3447.7,2820.9,3839.9,2896.0,3127.8,50,1,3127.7,2,2,3127.6,10,2,3127.4,1,1,3127.0,48,2,3128.0,591,4,3128.2,25,1,3128.5,56,3,3128.6,200,1,3128.7,27,2
2031,2026-06-16 10:41:24+05:30,3127.8,45,3131.57,1092274,130630.0,206924.0,3163.0,3163.0,3108.0,3134.3,31860800,3447.7,2820.9,3839.9,2896.0,3127.8,50,1,3127.7,2,2,3127.6,10,2,3127.4,1,1,3127.0,48,2,3128.0,591,4,3128.2,25,1,3128.5,56,3,3128.6,200,1,3128.7,27,2
2031,2026-06-16 10:41:25+05:30,3127.8,45,3131.57,1092319,130120.0,207912.0,3163.0,3163.0,3108.0,3134.3,31860800,3447.7,2820.9,3839.9,2896.0,3127.8,5,1,3127.7,2,2,3127.6,10,2,3127.4,1,1,3127.0,45,1,3127.9,25,1,3128.0,591,4,3128.1,28,2,3128.2,25,1,3128.3,136,4
2031,2026-06-16 10:41:25+05:30,3127.9,1,3131.57,1092319,130120.0,207912.0,3163.0,3163.0,3108.0,3134.3,31860800,3447.7,2820.9,3839.9,2896.0,3127.8,5,1,3127.7,2,2,3127.6,10,2,3127.4,1,1,3127.0,45,1,3127.9,25,1,3128.0,591,4,3128.1,28,2,3128.2,25,1,3128.3,136,4
2031,2026-06-16 10:41:25+05:30,3127.8,5,3131.57,1092334,130166.0,207838.0,3163.0,3163.0,3108.0,3134.3,31860800,3447.7,2820.9,3839.9,2896.0,3127.8,2,2,3127.6,10,2,3127.0,45,1,3126.8,3,1,3126.7,15,1,3127.9,30,3,3128.0,591,4,3128.1,28,2,3128.2,25,1,3128.3,136,4
2031,2026-06-16 10:41:26+05:30,3127.9,1,3131.57,1092334,130166.0,207838.0,3163.0,3163.0,3108.0,3134.3,31860800,3447.7,2820.9,3839.9,2896.0,3127.8,2,2,3127.6,10,2,3127.0,45,1,3126.8,3,1,3126.7,15,1,3127.9,30,3,3128.0,591,4,3128.1,28,2,3128.2,25,1,3128.3,136,4
2031,2026-06-16 10:41:27+05:30,3127.9,1,3131.57,1092335,130473.0,207550.0,3163.0,3163.0,3108.0,3134.3,31860800,3447.7,2820.9,3839.9,2896.0,3127.8,2,2,3127.6,35,3,3127.0,45,1,3126.8,3,1,3126.7,15,1,3127.9,27,3,3128.0,591,4,3128.1,28,2,3128.2,25,1,3128.3,18,2
2031,2026-06-16 10:41:28+05:30,3127.6,15,3131.57,1092400,130163.0,207680.0,3163.0,3163.0,3108.0,3134.3,31860800,3447.7,2820.9,3839.9,2896.0,3127.6,20,3,3127.0,45,1,3126.9,7,1,3126.8,57,2,3126.6,63,4,3127.9,35,4,3128.0,591,4,3128.2,25,1,3128.3,18,2,3128.4,83,2
2031,2026-06-16 10:41:28+05:30,3127.6,3,3131.57,1092400,130163.0,207680.0,3163.0,3163.0,3108.0,3134.3,31860800,3447.7,2820.9,3839.9,2896.0,3127.6,20,3,3127.0,45,1,3126.9,7,1,3126.8,57,2,3126.6,63,4,3127.9,35,4,3128.0,591,4,3128.2,25,1,3128.3,18,2,3128.4,83,2
2031,2026-06-16 10:41:29+05:30,3127.9,14,3131.57,1092437,130364.0,207481.0,3163.0,3163.0,3108.0,3134.3,31860800,3447.7,2820.9,3839.9,2896.0,3127.6,32,3,3127.0,45,1,3126.8,78,3,3126.7,7,1,3126.6,42,3,3127.9,21,3,3128.0,591,4,3128.2,25,1,3128.3,4,1,3128.4,19,1
2031,2026-06-16 10:41:29+05:30,3127.9,14,3131.57,1092437,130364.0,207481.0,3163.0,3163.0,3108.0,3134.3,31860800,3447.7,2820.9,3839.9,2896.0,3127.6,32,3,3127.0,45,1,3126.8,78,3,3126.7,7,1,3126.6,42,3,3127.9,21,3,3128.0,591,4,3128.2,25,1,3128.3,4,1,3128.4,19,1
2031,2026-06-16 10:41:29+05:30,3127.9,5,3131.57,1092437,130364.0,207481.0,3163.0,3163.0,3108.0,3134.3,31860800,3447.7,2820.9,3839.9,2896.0,3127.6,32,3,3127.0,45,1,3126.8,78,3,3126.7,7,1,3126.6,42,3,3127.9,21,3,3128.0,591,4,3128.2,25,1,3128.3,4,1,3128.4,19,1
2031,2026-06-16 10:41:30+05:30,3127.6,24,3131.57,1092778,129956.0,206889.0,3163.0,3163.0,3108.0,3134.3,31860800,3447.7,2820.9,3839.9,2896.0,3127.0,46,2,3126.8,3,1,3126.6,27,2,3126.5,7,2,3126.4,54,1,3127.6,8,1,3127.7,34,3,3127.8,35,3,3127.9,52,7,3128.0,626,6
2031,2026-06-16 10:41:30+05:30,3127.6,24,3131.57,1092778,129956.0,206889.0,3163.0,3163.0,3108.0,3134.3,31860800,3447.7,2820.9,3839.9,2896.0,3127.0,46,2,3126.8,3,1,3126.6,27,2,3126.5,7,2,3126.4,54,1,3127.6,8,1,3127.7,34,3,3127.8,35,3,3127.9,52,7,3128.0,626,6
2031,2026-06-16 10:41:30+05:30,3127.6,24,3131.57,1092778,129956.0,206889.0,3163.0,3163.0,3108.0,3134.3,31860800,3447.7,2820.9,3839.9,2896.0,3127.0,46,2,3126.8,3,1,3126.6,27,2,3126.5,7,2,3126.4,54,1,3127.6,8,1,3127.7,34,3,3127.8,35,3,3127.9,52,7,3128.0,626,6
2031,2026-06-16 10:41:31+05:30,3127.3,1,3131.57,1092782,130161.0,208748.0,3163.0,3163.0,3108.0,3134.3,31860800,3447.7,2820.9,3839.9,2896.0,3127.0,46,2,3126.8,3,1,3126.6,16,1,3126.5,1,1,3126.4,54,1,3127.5,44,2,3127.6,10,2,3127.7,28,3,3127.8,25,2,3127.9,33,6
2031,2026-06-16 10:41:31+05:30,3127.0,6,3131.57,1092782,130161.0,208748.0,3163.0,3163.0,3108.0,3134.3,31860800,3447.7,2820.9,3839.9,2896.0,3127.0,46,2,3126.8,3,1,3126.6,16,1,3126.5,1,1,3126.4,54,1,3127.5,44,2,3127.6,10,2,3127.7,28,3,3127.8,25,2,3127.9,33,6
2031,2026-06-16 10:41:32+05:30,3127.6,2,3131.57,1092897,129884.0,208892.0,3163.0,3163.0,3108.0,3134.3,31860800,3447.7,2820.9,3839.9,2896.0,3127.0,2,2,3126.9,15,1,3126.8,23,2,3126.6,54,2,3126.5,1,1,3127.6,8,2,3127.7,24,2,3127.8,8,1,3127.9,75,5,3128.0,505,2
2031,2026-06-16 10:41:32+05:30,3127.6,2,3131.57,1092897,129884.0,208892.0,3163.0,3163.0,3108.0,3134.3,31860800,3447.7,2820.9,3839.9,2896.0,3127.0,2,2,3126.9,15,1,3126.8,23,2,3126.6,54,2,3126.5,1,1,3127.6,8,2,3127.7,24,2,3127.8,8,1,3127.9,75,5,3128.0,505,2
2031,2026-06-16 10:41:32+05:30,3127.6,2,3131.57,1092897,129884.0,208892.0,3163.0,3163.0,3108.0,3134.3,31860800,3447.7,2820.9,3839.9,2896.0,3127.0,2,2,3126.9,15,1,3126.8,23,2,3126.6,54,2,3126.5,1,1,3127.6,8,2,3127.7,24,2,3127.8,8,1,3127.9,75,5,3128.0,505,2
2031,2026-06-16 10:41:33+05:30,3127.6,2,3131.57,1092897,129943.0,208188.0,3163.0,3163.0,3108.0,3134.3,31860800,3447.7,2820.9,3839.9,2896.0,3127.0,2,2,3126.9,15,1,3126.8,23,2,3126.6,38,1,3126.5,21,2,3127.6,2,1,3127.7,17,1,3127.9,30,4,3128.0,55,2,3128.1,284,4
2031,2026-06-16 10:41:34+05:30,3127.6,2,3131.57,1092897,129985.0,208497.0,3163.0,3163.0,3108.0,3134.3,31860800,3447.7,2820.9,3839.9,2896.0,3127.0,38,3,3126.9,15,1,3126.8,23,2,3126.6,38,1,3126.5,1,1,3127.6,12,3,3127.7,17,1,3127.9,30,4,3128.0,79,4,3128.1,233,2
2031,2026-06-16 10:41:34+05:30,3127.6,1,3131.57,1092897,129985.0,208497.0,3163.0,3163.0,3108.0,3134.3,31860800,3447.7,2820.9,3839.9,2896.0,3127.0,38,3,3126.9,15,1,3126.8,23,2,3126.6,38,1,3126.5,1,1,3127.6,12,3,3127.7,17,1,3127.9,30,4,3128.0,79,4,3128.1,233,2
2031,2026-06-16 10:41:34+05:30,3127.6,1,3131.57,1092897,129985.0,208497.0,3163.0,3163.0,3108.0,3134.3,31860800,3447.7,2820.9,3839.9,2896.0,3127.0,38,3,3126.9,15,1,3126.8,23,2,3126.6,38,1,3126.5,1,1,3127.6,12,3,3127.7,17,1,3127.9,30,4,3128.0,79,4,3128.1,233,2
2031,2026-06-16 10:41:35+05:30,3127.0,4,3131.57,1092908,129974.0,208516.0,3163.0,3163.0,3108.0,3134.3,31860800,3447.7,2820.9,3839.9,2896.0,3127.0,33,2,3126.9,15,1,3126.8,23,2,3126.6,39,2,3126.5,1,1,3127.7,17,1,3127.9,30,4,3128.0,75,3,3128.1,252,3,3128.2,69,2
2031,2026-06-16 10:41:35+05:30,3127.0,4,3131.57,1092908,129974.0,208516.0,3163.0,3163.0,3108.0,3134.3,31860800,3447.7,2820.9,3839.9,2896.0,3127.0,33,2,3126.9,15,1,3126.8,23,2,3126.6,39,2,3126.5,1,1,3127.7,17,1,3127.9,30,4,3128.0,75,3,3128.1,252,3,3128.2,69,2
2031,2026-06-16 10:41:36+05:30,3127.0,4,3131.57,1092908,130023.0,208863.0,3163.0,3163.0,3108.0,3134.3,31860800,3447.7,2820.9,3839.9,2896.0,3127.0,33,2,3126.9,15,1,3126.8,3,1,3126.5,20,2,3126.4,54,1,3127.5,500,1,3127.7,17,1,3127.9,30,4,3128.0,139,4,3128.1,285,5
2031,2026-06-16 10:41:37+05:30,3127.5,1,3131.57,1092950,129980.0,208822.0,3163.0,3163.0,3108.0,3134.3,31860800,3447.7,2820.9,3839.9,2896.0,3127.0,58,3,3126.9,15,1,3126.8,3,1,3126.5,1,1,3126.4,54,1,3127.5,523,3,3127.7,17,1,3127.9,52,4,3128.0,119,3,3128.1,252,3
2031,2026-06-16 10:41:37+05:30,3127.5,1,3131.57,1092950,129980.0,208822.0,3163.0,3163.0,3108.0,3134.3,31860800,3447.7,2820.9,3839.9,2896.0,3127.0,58,3,3126.9,15,1,3126.8,3,1,3126.5,1,1,3126.4,54,1,3127.5,523,3,3127.7,17,1,3127.9,52,4,3128.0,119,3,3128.1,252,3
2031,2026-06-16 10:41:37+05:30,3127.5,1,3131.57,1092950,129980.0,208822.0,3163.0,3163.0,3108.0,3134.3,31860800,3447.7,2820.9,3839.9,2896.0,3127.0,58,3,3126.9,15,1,3126.8,3,1,3126.5,1,1,3126.4,54,1,3127.5,523,3,3127.7,17,1,3127.9,52,4,3128.0,119,3,3128.1,252,3
2031,2026-06-16 10:41:38+05:30,3127.2,1,3131.57,1092961,130095.0,209100.0,3163.0,3163.0,3108.0,3134.3,31860800,3447.7,2820.9,3839.9,2896.0,3127.0,58,3,3126.9,27,2,3126.8,3,1,3126.5,1,1,3126.4,54,1,3127.4,12,1,3127.5,569,4,3127.7,17,1,3127.9,51,3,3128.0,76,3
2031,2026-06-16 10:41:38+05:30,3127.2,1,3131.57,1092961,130095.0,209100.0,3163.0,3163.0,3108.0,3134.3,31860800,3447.7,2820.9,3839.9,2896.0,3127.0,58,3,3126.9,27,2,3126.8,3,1,3126.5,1,1,3126.4,54,1,3127.4,12,1,3127.5,569,4,3127.7,17,1,3127.9,51,3,3128.0,76,3
2031,2026-06-16 10:41:38+05:30,3127.2,1,3131.57,1092961,130095.0,209100.0,3163.0,3163.0,3108.0,3134.3,31860800,3447.7,2820.9,3839.9,2896.0,3127.0,58,3,3126.9,27,2,3126.8,3,1,3126.5,1,1,3126.4,54,1,3127.4,12,1,3127.5,569,4,3127.7,17,1,3127.9,51,3,3128.0,76,3
2031,2026-06-16 10:41:39+05:30,3127.0,20,3131.57,1093103,129685.0,208867.0,3163.0,3163.0,3108.0,3134.3,31860800,3447.7,2820.9,3839.9,2896.0,3127.0,42,3,3126.9,27,2,3126.8,3,1,3126.5,1,1,3126.3,5,1,3127.4,10,1,3127.5,570,4,3127.6,10,2,3127.7,37,2,3127.8,52,2
2031,2026-06-16 10:41:39+05:30,3127.0,10,3131.57,1093103,129685.0,208867.0,3163.0,3163.0,3108.0,3134.3,31860800,3447.7,2820.9,3839.9,2896.0,3127.0,42,3,3126.9,27,2,3126.8,3,1,3126.5,1,1,3126.3,5,1,3127.4,10,1,3127.5,570,4,3127.6,10,2,3127.7,37,2,3127.8,52,2
2031,2026-06-16 10:41:40+05:30,3127.0,10,3131.57,1093103,129685.0,208867.0,3163.0,3163.0,3108.0,3134.3,31860800,3447.7,2820.9,3839.9,2896.0,3127.0,42,3,3126.9,27,2,3126.8,3,1,3126.5,1,1,3126.3,5,1,3127.4,10,1,3127.5,570,4,3127.6,10,2,3127.7,37,2,3127.8,52,2
2031,2026-06-16 10:41:40+05:30,3127.5,5,3131.57,1093188,130313.0,209036.0,3163.0,3163.0,3108.0,3134.3,31860800,3447.7,2820.9,3839.9,2896.0,3127.0,331,3,3126.9,27,2,3126.8,3,1,3126.6,6,1,3126.5,1,1,3127.5,472,3,3127.7,17,1,3127.9,36,3,3128.0,84,3,3128.1,251,3
2031,2026-06-16 10:41:40+05:30,3127.5,5,3131.57,1093188,130313.0,209036.0,3163.0,3163.0,3108.0,3134.3,31860800,3447.7,2820.9,3839.9,2896.0,3127.0,331,3,3126.9,27,2,3126.8,3,1,3126.6,6,1,3126.5,1,1,3127.5,472,3,3127.7,17,1,3127.9,36,3,3128.0,84,3,3128.1,251,3
2031,2026-06-16 10:41:41+05:30,3127.5,5,3131.57,1093188,130313.0,209036.0,3163.0,3163.0,3108.0,3134.3,31860800,3447.7,2820.9,3839.9,2896.0,3127.0,331,3,3126.9,27,2,3126.8,3,1,3126.6,6,1,3126.5,1,1,3127.5,472,3,3127.7,17,1,3127.9,36,3,3128.0,84,3,3128.1,251,3
2031,2026-06-16 10:41:41+05:30,3127.5,5,3131.57,1093188,130316.0,209249.0,3163.0,3163.0,3108.0,3134.3,31860800,3447.7,2820.9,3839.9,2896.0,3127.1,22,1,3127.0,306,2,3126.9,27,2,3126.8,3,1,3126.6,6,1,3127.4,42,1,3127.5,497,4,3127.7,17,1,3127.9,54,4,3128.0,55,2
2031,2026-06-16 10:41:41+05:30,3127.5,5,3131.57,1093188,130316.0,209249.0,3163.0,3163.0,3108.0,3134.3,31860800,3447.7,2820.9,3839.9,2896.0,3127.1,22,1,3127.0,306,2,3126.9,27,2,3126.8,3,1,3126.6,6,1,3127.4,42,1,3127.5,497,4,3127.7,17,1,3127.9,54,4,3128.0,55,2
2031,2026-06-16 10:41:42+05:30,3127.5,5,3131.57,1093188,130316.0,209249.0,3163.0,3163.0,3108.0,3134.3,31860800,3447.7,2820.9,3839.9,2896.0,3127.1,22,1,3127.0,306,2,3126.9,27,2,3126.8,3,1,3126.6,6,1,3127.4,42,1,3127.5,497,4,3127.7,17,1,3127.9,54,4,3128.0,55,2
2031,2026-06-16 10:41:42+05:30,3127.4,1,3131.57,1093189,130435.0,209243.0,3163.0,3163.0,3108.0,3134.3,31860800,3447.7,2820.9,3839.9,2896.0,3127.1,67,3,3127.0,380,5,3126.9,15,1,3126.8,23,2,3126.6,20,2,3127.4,41,1,3127.5,497,4,3127.7,17,1,3127.9,20,3,3128.0,55,2
2031,2026-06-16 10:41:42+05:30,3127.4,1,3131.57,1093189,130435.0,209243.0,3163.0,3163.0,3108.0,3134.3,31860800,3447.7,2820.9,3839.9,2896.0,3127.1,67,3,3127.0,380,5,3126.9,15,1,3126.8,23,2,3126.6,20,2,3127.4,41,1,3127.5,497,4,3127.7,17,1,3127.9,20,3,3128.0,55,2
2031,2026-06-16 10:41:42+05:30,3127.4,1,3131.57,1093189,130435.0,209243.0,3163.0,3163.0,3108.0,3134.3,31860800,3447.7,2820.9,3839.9,2896.0,3127.1,67,3,3127.0,380,5,3126.9,15,1,3126.8,23,2,3126.6,20,2,3127.4,41,1,3127.5,497,4,3127.7,17,1,3127.9,20,3,3128.0,55,2
2031,2026-06-16 10:41:43+05:30,3127.5,41,3131.57,1093296,130432.0,209139.0,3163.0,3163.0,3108.0,3134.3,31860800,3447.7,2820.9,3839.9,2896.0,3127.1,67,3,3127.0,380,5,3126.9,15,1,3126.8,51,3,3126.6,85,4,3127.5,431,3,3127.7,17,1,3127.9,20,3,3128.0,55,2,3128.1,200,1
2031,2026-06-16 10:41:43+05:30,3127.5,41,3131.57,1093296,130432.0,209139.0,3163.0,3163.0,3108.0,3134.3,31860800,3447.7,2820.9,3839.9,2896.0,3127.1,67,3,3127.0,380,5,3126.9,15,1,3126.8,51,3,3126.6,85,4,3127.5,431,3,3127.7,17,1,3127.9,20,3,3128.0,55,2,3128.1,200,1
2031,2026-06-16 10:41:43+05:30,3127.5,41,3131.57,1093296,130432.0,209139.0,3163.0,3163.0,3108.0,3134.3,31860800,3447.7,2820.9,3839.9,2896.0,3127.1,67,3,3127.0,380,5,3126.9,15,1,3126.8,51,3,3126.6,85,4,3127.5,431,3,3127.7,17,1,3127.9,20,3,3128.0,55,2,3128.1,200,1
2031,2026-06-16 10:41:44+05:30,3127.5,41,3131.57,1093296,130432.0,209139.0,3163.0,3163.0,3108.0,3134.3,31860800,3447.7,2820.9,3839.9,2896.0,3127.1,67,3,3127.0,380,5,3126.9,15,1,3126.8,51,3,3126.6,85,4,3127.5,431,3,3127.7,17,1,3127.9,20,3,3128.0,55,2,3128.1,200,1
2031,2026-06-16 10:41:44+05:30,3127.3,50,3131.57,1093366,130504.0,209334.0,3163.0,3163.0,3108.0,3134.3,31860800,3447.7,2820.9,3839.9,2896.0,3127.3,26,1,3127.1,45,2,3127.0,380,5,3126.9,15,1,3126.8,31,2,3127.5,461,6,3127.7,18,2,3127.9,20,3,3128.0,75,4,3128.1,204,2
2031,2026-06-16 10:41:44+05:30,3127.3,33,3131.57,1093366,130504.0,209334.0,3163.0,3163.0,3108.0,3134.3,31860800,3447.7,2820.9,3839.9,2896.0,3127.3,26,1,3127.1,45,2,3127.0,380,5,3126.9,15,1,3126.8,31,2,3127.5,461,6,3127.7,18,2,3127.9,20,3,3128.0,75,4,3128.1,204,2
2031,2026-06-16 10:41:44+05:30,3127.3,33,3131.57,1093366,130504.0,209334.0,3163.0,3163.0,3108.0,3134.3,31860800,3447.7,2820.9,3839.9,2896.0,3127.3,26,1,3127.1,45,2,3127.0,380,5,3126.9,15,1,3126.8,31,2,3127.5,461,6,3127.7,18,2,3127.9,20,3,3128.0,75,4,3128.1,204,2
2031,2026-06-16 10:41:45+05:30,3127.5,1,3131.57,1093400,130417.0,209311.0,3163.0,3163.0,3108.0,3134.3,31860800,3447.7,2820.9,3839.9,2896.0,3127.3,27,2,3127.1,45,2,3127.0,385,5,3126.9,15,1,3126.8,3,1,3127.4,50,1,3127.5,470,7,3127.6,19,1,3127.7,18,2,3127.8,19,1
2031,2026-06-16 10:41:45+05:30,3126.0,80,3131.57,1093400,130417.0,209311.0,3163.0,3163.0,3108.0,3134.3,31860800,3447.7,2820.9,3839.9,2896.0,3127.3,27,2,3127.1,45,2,3127.0,385,5,3126.9,15,1,3126.8,3,1,3127.4,50,1,3127.5,470,7,3127.6,19,1,3127.7,18,2,3127.8,19,1
2031,2026-06-16 10:41:45+05:30,3126.0,80,3131.57,1093400,130417.0,209311.0,3163.0,3163.0,3108.0,3134.3,31860800,3447.7,2820.9,3839.9,2896.0,3127.3,27,2,3127.1,45,2,3127.0,385,5,3126.9,15,1,3126.8,3,1,3127.4,50,1,3127.5,470,7,3127.6,19,1,3127.7,18,2,3127.8,19,1
2031,2026-06-16 10:41:46+05:30,3127.2,2,3131.56,1094589,128436.0,210902.0,3163.0,3163.0,3108.0,3134.3,31860800,3447.7,2820.9,3839.9,2896.0,3126.0,22,2,3125.6,15,1,3125.5,5,1,3125.3,74,2,3125.1,195,2,3127.1,84,5,3127.2,175,7,3127.3,341,8,3127.4,121,4,3127.5,605,14
2031,2026-06-16 10:41:46+05:30,3125.3,8,3131.56,1094589,128436.0,210902.0,3163.0,3163.0,3108.0,3134.3,31860800,3447.7,2820.9,3839.9,2896.0,3126.0,22,2,3125.6,15,1,3125.5,5,1,3125.3,74,2,3125.1,195,2,3127.1,84,5,3127.2,175,7,3127.3,341,8,3127.4,121,4,3127.5,605,14
2031,2026-06-16 10:41:46+05:30,3125.3,8,3131.56,1094589,128436.0,210902.0,3163.0,3163.0,3108.0,3134.3,31860800,3447.7,2820.9,3839.9,2896.0,3126.0,22,2,3125.6,15,1,3125.5,5,1,3125.3,74,2,3125.1,195,2,3127.1,84,5,3127.2,175,7,3127.3,341,8,3127.4,121,4,3127.5,605,14
2031,2026-06-16 10:41:47+05:30,3125.3,8,3131.56,1094589,128436.0,210902.0,3163.0,3163.0,3108.0,3134.3,31860800,3447.7,2820.9,3839.9,2896.0,3126.0,22,2,3125.6,15,1,3125.5,5,1,3125.3,74,2,3125.1,195,2,3127.1,84,5,3127.2,175,7,3127.3,341,8,3127.4,121,4,3127.5,605,14
2031,2026-06-16 10:41:47+05:30,3127.0,33,3131.56,1094960,129056.0,209754.0,3163.0,3163.0,3108.0,3134.3,31860800,3447.7,2820.9,3839.9,2896.0,3126.0,14,1,3125.9,80,4,3125.8,95,3,3125.7,94,7,3125.6,38,1,3127.1,22,1,3127.2,35,1,3127.4,272,3,3127.5,423,8,3127.6,22,1
2031,2026-06-16 10:41:47+05:30,3127.0,33,3131.56,1094960,129056.0,209754.0,3163.0,3163.0,3108.0,3134.3,31860800,3447.7,2820.9,3839.9,2896.0,3126.0,14,1,3125.9,80,4,3125.8,95,3,3125.7,94,7,3125.6,38,1,3127.1,22,1,3127.2,35,1,3127.4,272,3,3127.5,423,8,3127.6,22,1
2031,2026-06-16 10:41:48+05:30,3127.0,33,3131.56,1094960,129056.0,209754.0,3163.0,3163.0,3108.0,3134.3,31853400,3447.7,2820.9,3839.9,2896.0,3126.0,14,1,3125.9,80,4,3125.8,95,3,3125.7,94,7,3125.6,38,1,3127.1,22,1,3127.2,35,1,3127.4,272,3,3127.5,423,8,3127.6,22,1
2031,2026-06-16 10:41:48+05:30,3127.3,13,3131.56,1095030,129827.0,210456.0,3163.0,3163.0,3108.0,3134.3,31853400,3447.7,2820.9,3839.9,2896.0,3126.0,41,3,3125.9,40,4,3125.8,60,2,3125.7,84,5,3125.6,38,1,3127.3,61,1,3127.4,281,3,3127.5,471,9,3127.6,69,2,3127.7,1,1
2031,2026-06-16 10:41:48+05:30,3127.3,13,3131.56,1095030,129827.0,210456.0,3163.0,3163.0,3108.0,3134.3,31853400,3447.7,2820.9,3839.9,2896.0,3126.0,41,3,3125.9,40,4,3125.8,60,2,3125.7,84,5,3125.6,38,1,3127.3,61,1,3127.4,281,3,3127.5,471,9,3127.6,69,2,3127.7,1,1
2031,2026-06-16 10:41:49+05:30,3127.4,28,3131.56,1095180,129744.0,210316.0,3163.0,3163.0,3108.0,3134.3,31853400,3447.7,2820.9,3839.9,2896.0,3126.1,40,4,3126.0,90,4,3125.9,87,5,3125.8,86,3,3125.7,56,4,3127.4,192,2,3127.5,471,9,3127.6,87,3,3127.7,1,1,3127.8,21,1
2031,2026-06-16 10:41:49+05:30,3127.4,28,3131.56,1095180,129744.0,210316.0,3163.0,3163.0,3108.0,3134.3,31853400,3447.7,2820.9,3839.9,2896.0,3126.1,40,4,3126.0,90,4,3125.9,87,5,3125.8,86,3,3125.7,56,4,3127.4,192,2,3127.5,471,9,3127.6,87,3,3127.7,1,1,3127.8,21,1
2031,2026-06-16 10:41:50+05:30,3127.4,28,3131.56,1095180,129812.0,210223.0,3163.0,3163.0,3108.0,3134.3,31853400,3447.7,2820.9,3839.9,2896.0,3126.2,13,1,3126.1,112,6,3126.0,136,5,3125.9,78,5,3125.8,73,2,3127.4,192,2,3127.5,471,9,3127.6,87,3,3127.7,1,1,3127.8,21,1
2031,2026-06-16 10:41:51+05:30,3126.9,176,3131.55,1095750,129533.0,208462.0,3163.0,3163.0,3108.0,3134.3,31853400,3447.7,2820.9,3839.9,2896.0,3126.1,27,2,3126.0,46,3,3125.9,1,1,3125.8,44,2,3125.7,41,2,3126.9,24,1,3127.2,50,2,3127.3,20,1,3127.4,85,3,3127.5,468,8
2031,2026-06-16 10:41:51+05:30,3126.7,1,3131.55,1095750,129533.0,208462.0,3163.0,3163.0,3108.0,3134.3,31853400,3447.7,2820.9,3839.9,2896.0,3126.1,27,2,3126.0,46,3,3125.9,1,1,3125.8,44,2,3125.7,41,2,3126.9,24,1,3127.2,50,2,3127.3,20,1,3127.4,85,3,3127.5,468,8
2031,2026-06-16 10:41:52+05:30,3127.3,32,3131.55,1095750,129533.0,208462.0,3163.0,3163.0,3108.0,3134.3,31853400,3447.7,2820.9,3839.9,2896.0,3126.1,27,2,3126.0,46,3,3125.9,1,1,3125.8,44,2,3125.7,41,2,3126.9,24,1,3127.2,50,2,3127.3,20,1,3127.4,85,3,3127.5,468,8
2031,2026-06-16 10:41:52+05:30,3127.3,32,3131.55,1095926,129777.0,210655.0,3163.0,3163.0,3108.0,3134.3,31853400,3447.7,2820.9,3839.9,2896.0,3126.1,29,3,3126.0,106,5,3125.9,15,2,3125.8,99,3,3125.7,67,4,3126.9,200,1,3127.3,17,1,3127.4,36,2,3127.5,420,7,3127.6,21,1
2031,2026-06-16 10:41:53+05:30,3126.9,9,3131.55,1095926,129777.0,210655.0,3163.0,3163.0,3108.0,3134.3,31853400,3447.7,2820.9,3839.9,2896.0,3126.1,29,3,3126.0,106,5,3125.9,15,2,3125.8,99,3,3125.7,67,4,3126.9,200,1,3127.3,17,1,3127.4,36,2,3127.5,420,7,3127.6,21,1
2031,2026-06-16 10:41:53+05:30,3126.9,9,3131.55,1096158,130769.0,209967.0,3163.0,3163.0,3108.0,3134.3,31853400,3447.7,2820.9,3839.9,2896.0,3127.0,1,1,3126.5,1,1,3126.4,1,1,3126.3,102,4,3126.2,88,4,3127.4,52,2,3127.5,381,4,3127.7,8,3,3127.9,13,3,3128.0,923,9
2031,2026-06-16 10:41:54+05:30,3126.9,199,3131.55,1096158,130769.0,209967.0,3163.0,3163.0,3108.0,3134.3,31853400,3447.7,2820.9,3839.9,2896.0,3127.0,1,1,3126.5,1,1,3126.4,1,1,3126.3,102,4,3126.2,88,4,3127.4,52,2,3127.5,381,4,3127.7,8,3,3127.9,13,3,3128.0,923,9
2031,2026-06-16 10:41:54+05:30,3126.9,199,3131.55,1096404,130519.0,210719.0,3163.0,3163.0,3108.0,3134.3,31853400,3447.7,2820.9,3839.9,2896.0,3126.9,1,1,3126.5,8,1,3126.4,28,3,3126.3,18,3,3126.2,65,3,3127.4,83,3,3127.5,379,4,3127.7,1,1,3127.8,25,2,3127.9,13,3
2031,2026-06-16 10:41:55+05:30,3126.9,48,3131.55,1096404,130519.0,210719.0,3163.0,3163.0,3108.0,3134.3,31853400,3447.7,2820.9,3839.9,2896.0,3126.9,1,1,3126.5,8,1,3126.4,28,3,3126.3,18,3,3126.2,65,3,3127.4,83,3,3127.5,379,4,3127.7,1,1,3127.8,25,2,3127.9,13,3
2031,2026-06-16 10:41:55+05:30,3126.9,48,3131.55,1096453,131558.0,208861.0,3163.0,3163.0,3108.0,3134.3,31853400,3447.7,2820.9,3839.9,2896.0,3126.9,13,1,3126.8,68,4,3126.7,54,3,3126.6,80,5,3126.5,13,1,3127.3,27,1,3127.4,84,4,3127.5,379,4,3127.7,1,1,3127.9,13,3
2031,2026-06-16 10:41:56+05:30,3127.4,11,3131.55,1096453,131558.0,208861.0,3163.0,3163.0,3108.0,3134.3,31853400,3447.7,2820.9,3839.9,2896.0,3126.9,13,1,3126.8,68,4,3126.7,54,3,3126.6,80,5,3126.5,13,1,3127.3,27,1,3127.4,84,4,3127.5,379,4,3127.7,1,1,3127.9,13,3
2031,2026-06-16 10:41:56+05:30,3127.4,11,3131.55,1096525,131671.0,208892.0,3163.0,3163.0,3108.0,3134.3,31853400,3447.7,2820.9,3839.9,2896.0,3127.0,26,1,3126.9,34,3,3126.8,95,5,3126.7,54,3,3126.6,108,6,3127.4,39,3,3127.5,379,4,3127.7,1,1,3127.9,2,2,3128.0,127,5
2031,2026-06-16 10:41:57+05:30,3127.4,1,3131.55,1096565,131436.0,208787.0,3163.0,3163.0,3108.0,3134.3,31853400,3447.7,2820.9,3839.9,2896.0,3127.0,2,1,3126.9,1,1,3126.8,34,1,3126.6,91,4,3126.5,33,2,3127.5,378,3,3127.7,1,1,3127.9,2,2,3128.0,106,4,3128.1,64,1
2031,2026-06-16 10:41:58+05:30,3127.5,210,3131.55,1096565,131436.0,208787.0,3163.0,3163.0,3108.0,3134.3,31853400,3447.7,2820.9,3839.9,2896.0,3127.0,2,1,3126.9,1,1,3126.8,34,1,3126.6,91,4,3126.5,33,2,3127.5,378,3,3127.7,1,1,3127.9,2,2,3128.0,106,4,3128.1,64,1
2031,2026-06-16 10:41:58+05:30,3127.5,210,3131.55,1096777,131467.0,208500.0,3163.0,3163.0,3108.0,3134.3,31853400,3447.7,2820.9,3839.9,2896.0,3127.1,1,1,3127.0,2,1,3126.9,21,2,3126.6,139,6,3126.5,13,1,3127.5,166,3,3127.7,1,1,3127.9,2,2,3128.0,124,5,3128.2,20,1
2031,2026-06-16 10:41:59+05:30,3127.5,210,3131.55,1096777,131421.0,209001.0,3163.0,3163.0,3108.0,3134.3,31853400,3447.7,2820.9,3839.9,2896.0,3127.1,1,1,3127.0,2,1,3126.9,21,2,3126.6,120,5,3126.5,13,1,3127.5,208,4,3127.7,1,1,3127.9,2,2,3128.0,124,5,3128.2,20,1
2031,2026-06-16 10:42:00+05:30,3127.5,1,3131.55,1096777,131421.0,209001.0,3163.0,3163.0,3108.0,3134.3,31853400,3447.7,2820.9,3839.9,2896.0,3127.1,1,1,3127.0,2,1,3126.9,21,2,3126.6,120,5,3126.5,13,1,3127.5,208,4,3127.7,1,1,3127.9,2,2,3128.0,124,5,3128.2,20,1
2031,2026-06-16 10:42:00+05:30,3127.5,1,3131.55,1096778,131607.0,208653.0,3163.0,3163.0,3108.0,3134.3,31853400,3447.7,2820.9,3839.9,2896.0,3127.3,2,2,3127.1,41,3,3127.0,2,1,3126.9,37,2,3126.6,163,7,3127.5,208,5,3127.7,1,1,3127.9,2,2,3128.0,124,5,3128.2,20,1
2031,2026-06-16 10:42:01+05:30,3127.5,1,3131.55,1096778,131545.0,208667.0,3163.0,3163.0,3108.0,3134.3,31853400,3447.7,2820.9,3839.9,2896.0,3127.3,2,2,3127.1,67,4,3127.0,2,1,3126.9,37,2,3126.6,120,5,3127.4,22,2,3127.5,208,5,3127.7,1,1,3127.9,2,2,3128.0,106,4
2031,2026-06-16 10:42:02+05:30,3128.0,47,3131.55,1096778,131545.0,208667.0,3163.0,3163.0,3108.0,3134.3,31853400,3447.7,2820.9,3839.9,2896.0,3127.3,2,2,3127.1,67,4,3127.0,2,1,3126.9,37,2,3126.6,120,5,3127.4,22,2,3127.5,208,5,3127.7,1,1,3127.9,2,2,3128.0,106,4
2031,2026-06-16 10:42:02+05:30,3128.0,47,3131.55,1097578,131615.0,207907.0,3163.0,3163.0,3108.0,3134.3,31853400,3447.7,2820.9,3839.9,2896.0,3127.3,39,3,3127.1,67,4,3127.0,2,1,3126.9,1,1,3126.6,72,4,3128.0,53,2,3128.1,24,1,3128.3,29,1,3128.4,273,4,3128.5,85,4
2031,2026-06-16 10:42:03+05:30,3127.3,59,3131.55,1097578,131615.0,207907.0,3163.0,3163.0,3108.0,3134.3,31853400,3447.7,2820.9,3839.9,2896.0,3127.3,39,3,3127.1,67,4,3127.0,2,1,3126.9,1,1,3126.6,72,4,3128.0,53,2,3128.1,24,1,3128.3,29,1,3128.4,273,4,3128.5,85,4
2031,2026-06-16 10:42:03+05:30,3128.0,1,3131.55,1097680,131245.0,208100.0,3163.0,3163.0,3108.0,3134.3,31853400,3447.7,2820.9,3839.9,2896.0,3127.8,9,1,3127.3,22,1,3127.1,41,3,3127.0,2,1,3126.9,1,1,3128.0,96,4,3128.2,34,1,3128.3,29,1,3128.4,268,4,3128.5,8,2
2031,2026-06-16 10:42:04+05:30,3128.0,1,3131.55,1097680,131245.0,208100.0,3163.0,3163.0,3108.0,3134.3,31853400,3447.7,2820.9,3839.9,2896.0,3127.8,9,1,3127.3,22,1,3127.1,41,3,3127.0,2,1,3126.9,1,1,3128.0,96,4,3128.2,34,1,3128.3,29,1,3128.4,268,4,3128.5,8,2
2031,2026-06-16 10:42:05+05:30,3128.0,33,3131.55,1097893,131073.0,208557.0,3163.0,3163.0,3108.0,3134.3,31853400,3447.7,2820.9,3839.9,2896.0,3127.4,22,1,3127.1,2,2,3127.0,2,1,3126.9,1,1,3126.6,15,1,3128.0,104,4,3128.1,234,2,3128.2,17,1,3128.3,124,3,3128.4,120,5
2031,2026-06-16 10:42:05+05:30,3127.4,7,3131.55,1097893,131073.0,208557.0,3163.0,3163.0,3108.0,3134.3,31853400,3447.7,2820.9,3839.9,2896.0,3127.4,22,1,3127.1,2,2,3127.0,2,1,3126.9,1,1,3126.6,15,1,3128.0,104,4,3128.1,234,2,3128.2,17,1,3128.3,124,3,3128.4,120,5
2031,2026-06-16 10:42:06+05:30,3127.4,7,3131.55,1097951,130824.0,208423.0,3163.0,3163.0,3108.0,3134.3,31853400,3447.7,2820.9,3839.9,2896.0,3127.4,23,2,3127.1,2,2,3127.0,2,1,3126.9,1,1,3126.6,15,1,3128.0,123,5,3128.1,66,2,3128.2,17,1,3128.3,208,5,3128.4,289,5
2031,2026-06-16 10:42:07+05:30,3127.9,10,3131.55,1098161,131279.0,208230.0,3163.0,3163.0,3108.0,3134.3,31853400,3447.7,2820.9,3839.9,2896.0,3127.4,38,3,3127.1,31,4,3127.0,2,1,3126.9,63,3,3126.7,63,1,3127.9,7,1,3128.0,86,3,3128.1,32,1,3128.2,82,2,3128.3,94,2
2031,2026-06-16 10:42:07+05:30,3127.9,10,3131.55,1098161,131279.0,208230.0,3163.0,3163.0,3108.0,3134.3,31853400,3447.7,2820.9,3839.9,2896.0,3127.4,38,3,3127.1,31,4,3127.0,2,1,3126.9,63,3,3126.7,63,1,3127.9,7,1,3128.0,86,3,3128.1,32,1,3128.2,82,2,3128.3,94,2
2031,2026-06-16 10:42:08+05:30,3127.9,10,3131.55,1098161,131403.0,208117.0,3163.0,3163.0,3108.0,3134.3,31853400,3447.7,2820.9,3839.9,2896.0,3127.4,81,4,3127.1,77,6,3127.0,36,3,3126.9,60,3,3126.8,19,1,3127.9,7,1,3128.0,86,3,3128.1,32,1,3128.2,82,2,3128.3,65,1
2031,2026-06-16 10:42:09+05:30,3127.9,1,3131.55,1098161,131403.0,208117.0,3163.0,3163.0,3108.0,3134.3,31853400,3447.7,2820.9,3839.9,2896.0,3127.4,81,4,3127.1,77,6,3127.0,36,3,3126.9,60,3,3126.8,19,1,3127.9,7,1,3128.0,86,3,3128.1,32,1,3128.2,82,2,3128.3,65,1
2031,2026-06-16 10:42:09+05:30,3127.9,1,3131.55,1098162,131370.0,206026.0,3163.0,3163.0,3108.0,3134.3,31853400,3447.7,2820.9,3839.9,2896.0,3127.4,138,5,3127.1,31,4,3127.0,17,2,3126.9,60,3,3126.8,20,1,3127.9,6,1,3128.0,86,3,3128.1,32,1,3128.2,82,2,3128.3,91,2
2031,2026-06-16 10:42:10+05:30,3128.0,2,3131.55,1098162,131370.0,206026.0,3163.0,3163.0,3108.0,3134.3,31853400,3447.7,2820.9,3839.9,2896.0,3127.4,138,5,3127.1,31,4,3127.0,17,2,3126.9,60,3,3126.8,20,1,3127.9,6,1,3128.0,86,3,3128.1,32,1,3128.2,82,2,3128.3,91,2
2031,2026-06-16 10:42:10+05:30,3128.0,2,3131.55,1098170,131485.0,207892.0,3163.0,3163.0,3108.0,3134.3,31853400,3447.7,2820.9,3839.9,2896.0,3127.4,138,5,3127.1,30,3,3127.0,17,2,3126.9,60,3,3126.8,20,1,3128.0,124,5,3128.1,32,1,3128.2,17,1,3128.3,226,2,3128.5,40,3
2031,2026-06-16 10:42:11+05:30,3127.8,46,3131.55,1098418,131523.0,208198.0,3163.0,3163.0,3108.0,3134.3,31853400,3447.7,2820.9,3839.9,2896.0,3127.6,2,1,3127.4,138,5,3127.1,1,1,3127.0,2,1,3126.9,1,1,3128.0,123,5,3128.1,32,1,3128.2,17,1,3128.3,52,2,3128.4,253,3
2031,2026-06-16 10:42:11+05:30,3127.8,46,3131.55,1098418,131523.0,208198.0,3163.0,3163.0,3108.0,3134.3,31853400,3447.7,2820.9,3839.9,2896.0,3127.6,2,1,3127.4,138,5,3127.1,1,1,3127.0,2,1,3126.9,1,1,3128.0,123,5,3128.1,32,1,3128.2,17,1,3128.3,52,2,3128.4,253,3
2031,2026-06-16 10:42:12+05:30,3127.6,36,3131.55,1098418,131523.0,208198.0,3163.0,3163.0,3108.0,3134.3,31853400,3447.7,2820.9,3839.9,2896.0,3127.6,2,1,3127.4,138,5,3127.1,1,1,3127.0,2,1,3126.9,1,1,3128.0,123,5,3128.1,32,1,3128.2,17,1,3128.3,52,2,3128.4,253,3
2031,2026-06-16 10:42:12+05:30,3127.6,36,3131.54,1098465,131677.0,208882.0,3163.0,3163.0,3108.0,3134.3,31853400,3447.7,2820.9,3839.9,2896.0,3127.6,10,2,3127.4,138,5,3127.1,1,1,3127.0,2,1,3126.9,55,2,3127.9,26,1,3128.0,123,5,3128.1,32,1,3128.2,34,2,3128.3,20,1
2031,2026-06-16 10:42:13+05:30,3127.6,36,3131.54,1098465,131600.0,208966.0,3163.0,3163.0,3108.0,3134.3,31853400,3447.7,2820.9,3839.9,2896.0,3127.6,10,2,3127.4,138,5,3127.1,1,1,3127.0,2,1,3126.9,55,2,3127.9,29,2,3128.0,128,6,3128.1,32,1,3128.2,34,2,3128.3,20,1
2031,2026-06-16 10:42:14+05:30,3127.9,1,3131.54,1098465,131600.0,208966.0,3163.0,3163.0,3108.0,3134.3,31853400,3447.7,2820.9,3839.9,2896.0,3127.6,10,2,3127.4,138,5,3127.1,1,1,3127.0,2,1,3126.9,55,2,3127.9,29,2,3128.0,128,6,3128.1,32,1,3128.2,34,2,3128.3,20,1
2031,2026-06-16 10:42:14+05:30,3127.9,1,3131.54,1098466,131637.0,209036.0,3163.0,3163.0,3108.0,3134.3,31853400,3447.7,2820.9,3839.9,2896.0,3127.6,11,3,3127.4,138,5,3127.1,1,1,3127.0,2,1,3126.9,55,2,3127.9,28,2,3128.0,228,7,3128.1,32,1,3128.2,34,2,3128.3,20,1
2031,2026-06-16 10:42:15+05:30,3127.9,3,3131.54,1098466,131637.0,209036.0,3163.0,3163.0,3108.0,3134.3,31853400,3447.7,2820.9,3839.9,2896.0,3127.6,11,3,3127.4,138,5,3127.1,1,1,3127.0,2,1,3126.9,55,2,3127.9,28,2,3128.0,228,7,3128.1,32,1,3128.2,34,2,3128.3,20,1
2031,2026-06-16 10:42:15+05:30,3127.9,3,3131.54,1098469,131653.0,208392.0,3163.0,3163.0,3108.0,3134.3,31853400,3447.7,2820.9,3839.9,2896.0,3127.8,2,2,3127.6,36,5,3127.4,138,5,3127.1,55,2,3127.0,2,1,3127.9,70,4,3128.0,228,7,3128.1,32,1,3128.2,17,1,3128.4,200,1
2031,2026-06-16 10:42:16+05:30,3127.9,6,3131.54,1098469,131653.0,208392.0,3163.0,3163.0,3108.0,3134.3,31853400,3447.7,2820.9,3839.9,2896.0,3127.8,2,2,3127.6,36,5,3127.4,138,5,3127.1,55,2,3127.0,2,1,3127.9,70,4,3128.0,228,7,3128.1,32,1,3128.2,17,1,3128.4,200,1
2031,2026-06-16 10:42:16+05:30,3127.9,6,3131.54,1098475,131662.0,208165.0,3163.0,3163.0,3108.0,3134.3,31853400,3447.7,2820.9,3839.9,2896.0,3127.8,2,2,3127.6,36,5,3127.4,138,5,3127.1,1,1,3127.0,2,1,3127.9,64,4,3128.0,228,7,3128.1,41,2,3128.2,17,1,3128.3,15,1
2031,2026-06-16 10:42:17+05:30,3127.9,12,3131.54,1098475,131662.0,208165.0,3163.0,3163.0,3108.0,3134.3,31853400,3447.7,2820.9,3839.9,2896.0,3127.8,2,2,3127.6,36,5,3127.4,138,5,3127.1,1,1,3127.0,2,1,3127.9,64,4,3128.0,228,7,3128.1,41,2,3128.2,17,1,3128.3,15,1
2031,2026-06-16 10:42:17+05:30,3127.9,1,3131.54,1098526,131573.0,208143.0,3163.0,3163.0,3108.0,3134.3,31853400,3447.7,2820.9,3839.9,2896.0,3127.8,2,2,3127.6,36,5,3127.4,81,4,3127.1,1,1,3127.0,2,1,3127.9,35,3,3128.0,228,7,3128.1,32,1,3128.2,17,1,3128.3,15,1
2031,2026-06-16 10:42:18+05:30,3127.4,16,3131.54,1098526,131573.0,208143.0,3163.0,3163.0,3108.0,3134.3,31853400,3447.7,2820.9,3839.9,2896.0,3127.8,2,2,3127.6,36,5,3127.4,81,4,3127.1,1,1,3127.0,2,1,3127.9,35,3,3128.0,228,7,3128.1,32,1,3128.2,17,1,3128.3,15,1
2031,2026-06-16 10:42:18+05:30,3127.8,10,3131.54,1099012,129188.0,209622.0,3163.0,3163.0,3108.0,3134.3,31853400,3447.7,2820.9,3839.9,2896.0,3127.1,1,1,3127.0,2,1,3126.9,1,1,3126.4,2,2,3126.3,2,2,3127.6,81,5,3127.7,303,5,3127.8,50,6,3127.9,68,5,3128.0,230,8
2031,2026-06-16 10:42:19+05:30,3127.7,15,3131.54,1099012,129188.0,209622.0,3163.0,3163.0,3108.0,3134.3,31853400,3447.7,2820.9,3839.9,2896.0,3127.1,1,1,3127.0,2,1,3126.9,1,1,3126.4,2,2,3126.3,2,2,3127.6,81,5,3127.7,303,5,3127.8,50,6,3127.9,68,5,3128.0,230,8
2031,2026-06-16 10:42:19+05:30,3127.6,1,3131.54,1099502,129362.0,210246.0,3163.0,3163.0,3108.0,3134.3,31853400,3447.7,2820.9,3839.9,2896.0,3127.1,1,1,3127.0,2,1,3126.9,1,1,3126.4,2,2,3126.3,2,2,3127.6,275,6,3127.7,56,4,3127.8,121,5,3127.9,28,4,3128.0,172,5
2031,2026-06-16 10:42:20+05:30,3126.3,1,3131.54,1099502,129362.0,210246.0,3163.0,3163.0,3108.0,3134.3,31853400,3447.7,2820.9,3839.9,2896.0,3127.1,1,1,3127.0,2,1,3126.9,1,1,3126.4,2,2,3126.3,2,2,3127.6,275,6,3127.7,56,4,3127.8,121,5,3127.9,28,4,3128.0,172,5
2031,2026-06-16 10:42:20+05:30,3126.3,1,3131.54,1099549,129722.0,209572.0,3163.0,3163.0,3108.0,3134.3,31853400,3447.7,2820.9,3839.9,2896.0,3126.4,52,4,3126.3,80,5,3126.2,46,6,3126.1,40,3,3126.0,39,3,3127.5,22,2,3127.6,72,5,3127.7,39,3,3127.8,49,3,3127.9,271,5
2031,2026-06-16 10:42:22+05:30,3126.3,1,3131.54,1099549,129580.0,209316.0,3163.0,3163.0,3108.0,3134.3,31853400,3447.7,2820.9,3839.9,2896.0,3126.3,33,2,3126.2,55,6,3126.1,17,2,3126.0,26,2,3125.9,68,4,3127.2,17,1,3127.3,49,2,3127.4,60,1,3127.5,222,3,3127.6,77,5
2031,2026-06-16 10:42:23+05:30,3126.3,1,3131.54,1099549,129592.0,209954.0,3163.0,3163.0,3108.0,3134.3,31853400,3447.7,2820.9,3839.9,2896.0,3126.3,31,2,3126.2,10,3,3126.1,31,3,3126.0,26,2,3125.9,36,3,3127.1,13,1,3127.2,28,2,3127.3,49,2,3127.4,60,1,3127.5,294,4
2031,2026-06-16 10:42:24+05:30,3127.1,1,3131.54,1099550,129141.0,210231.0,3163.0,3163.0,3108.0,3134.3,31853400,3447.7,2820.9,3839.9,2896.0,3126.3,11,1,3126.2,2,2,3126.1,2,1,3125.9,1,1,3125.5,27,1,3127.1,53,4,3127.2,60,3,3127.3,112,4,3127.4,155,3,3127.5,448,11
2031,2026-06-16 10:42:24+05:30,3126.3,34,3131.54,1099550,129141.0,210231.0,3163.0,3163.0,3108.0,3134.3,31853400,3447.7,2820.9,3839.9,2896.0,3126.3,11,1,3126.2,2,2,3126.1,2,1,3125.9,1,1,3125.5,27,1,3127.1,53,4,3127.2,60,3,3127.3,112,4,3127.4,155,3,3127.5,448,11
2031,2026-06-16 10:42:25+05:30,3127.1,1,3131.54,1099598,129158.0,210440.0,3163.0,3163.0,3108.0,3134.3,31853400,3447.7,2820.9,3839.9,2896.0,3126.3,11,1,3126.2,2,2,3126.1,2,1,3125.9,1,1,3125.6,30,1,3126.7,13,1,3126.8,23,1,3126.9,19,1,3127.1,99,4,3127.2,36,2
2031,2026-06-16 10:42:25+05:30,3126.3,51,3131.54,1099598,129158.0,210440.0,3163.0,3163.0,3108.0,3134.3,31853400,3447.7,2820.9,3839.9,2896.0,3126.3,11,1,3126.2,2,2,3126.1,2,1,3125.9,1,1,3125.6,30,1,3126.7,13,1,3126.8,23,1,3126.9,19,1,3127.1,99,4,3127.2,36,2
2031,2026-06-16 10:42:26+05:30,3126.9,10,3131.54,1099759,129196.0,210176.0,3163.0,3163.0,3108.0,3134.3,31853400,3447.7,2820.9,3839.9,2896.0,3126.3,11,1,3126.2,2,2,3126.1,2,1,3125.9,1,1,3125.8,26,1,3127.1,65,3,3127.2,19,1,3127.3,7,1,3127.4,91,3,3127.5,303,7
2031,2026-06-16 10:42:26+05:30,3126.9,10,3131.54,1099759,129196.0,210176.0,3163.0,3163.0,3108.0,3134.3,31853400,3447.7,2820.9,3839.9,2896.0,3126.3,11,1,3126.2,2,2,3126.1,2,1,3125.9,1,1,3125.8,26,1,3127.1,65,3,3127.2,19,1,3127.3,7,1,3127.4,91,3,3127.5,303,7
2031,2026-06-16 10:42:27+05:30,3126.9,10,3131.54,1099759,129194.0,210258.0,3163.0,3163.0,3108.0,3134.3,31853400,3447.7,2820.9,3839.9,2896.0,3126.3,35,2,3126.2,2,2,3126.1,2,1,3125.9,1,1,3125.8,26,1,3127.1,65,3,3127.4,289,4,3127.5,103,6,3127.6,94,3,3127.7,60,2
2031,2026-06-16 10:42:27+05:30,3126.3,18,3131.54,1099759,129194.0,210258.0,3163.0,3163.0,3108.0,3134.3,31853400,3447.7,2820.9,3839.9,2896.0,3126.3,35,2,3126.2,2,2,3126.1,2,1,3125.9,1,1,3125.8,26,1,3127.1,65,3,3127.4,289,4,3127.5,103,6,3127.6,94,3,3127.7,60,2
2031,2026-06-16 10:42:28+05:30,3127.3,33,3131.54,1099912,129263.0,210342.0,3163.0,3163.0,3108.0,3134.3,31853400,3447.7,2820.9,3839.9,2896.0,3126.3,6,1,3126.2,2,2,3126.1,2,1,3125.9,1,1,3125.8,34,2,3127.4,55,2,3127.5,287,8,3127.6,148,5,3127.7,60,2,3127.8,88,4
2031,2026-06-16 10:42:28+05:30,3127.3,33,3131.54,1099912,129263.0,210342.0,3163.0,3163.0,3108.0,3134.3,31853400,3447.7,2820.9,3839.9,2896.0,3126.3,6,1,3126.2,2,2,3126.1,2,1,3125.9,1,1,3125.8,34,2,3127.4,55,2,3127.5,287,8,3127.6,148,5,3127.7,60,2,3127.8,88,4
2031,2026-06-16 10:42:29+05:30,3127.3,33,3131.54,1099912,129327.0,210422.0,3163.0,3163.0,3108.0,3134.3,31853400,3447.7,2820.9,3839.9,2896.0,3126.3,6,1,3126.2,2,2,3126.1,2,1,3125.9,1,1,3125.8,34,2,3127.4,247,4,3127.5,120,7,3127.6,148,5,3127.7,61,2,3127.8,156,6
2031,2026-06-16 10:42:29+05:30,3127.3,33,3131.54,1099912,129327.0,210422.0,3163.0,3163.0,3108.0,3134.3,31853400,3447.7,2820.9,3839.9,2896.0,3126.3,6,1,3126.2,2,2,3126.1,2,1,3125.9,1,1,3125.8,34,2,3127.4,247,4,3127.5,120,7,3127.6,148,5,3127.7,61,2,3127.8,156,6
2031,2026-06-16 10:42:30+05:30,3126.3,2,3131.54,1099912,129327.0,210422.0,3163.0,3163.0,3108.0,3134.3,31853400,3447.7,2820.9,3839.9,2896.0,3126.3,6,1,3126.2,2,2,3126.1,2,1,3125.9,1,1,3125.8,34,2,3127.4,247,4,3127.5,120,7,3127.6,148,5,3127.7,61,2,3127.8,156,6
2031,2026-06-16 10:42:30+05:30,3126.3,2,3131.54,1100197,129061.0,210440.0,3163.0,3163.0,3108.0,3134.3,31853400,3447.7,2820.9,3839.9,2896.0,3126.3,35,3,3126.2,2,2,3126.1,2,1,3125.9,1,1,3125.5,21,1,3127.3,56,3,3127.4,282,7,3127.5,174,7,3127.6,82,3,3127.7,20,1
2031,2026-06-16 10:42:31+05:30,3126.3,2,3131.54,1100197,129061.0,210440.0,3163.0,3163.0,3108.0,3134.3,31853400,3447.7,2820.9,3839.9,2896.0,3126.3,35,3,3126.2,2,2,3126.1,2,1,3125.9,1,1,3125.5,21,1,3127.3,56,3,3127.4,282,7,3127.5,174,7,3127.6,82,3,3127.7,20,1
2031,2026-06-16 10:42:31+05:30,3127.3,1,3131.54,1100197,129061.0,210440.0,3163.0,3163.0,3108.0,3134.3,31853400,3447.7,2820.9,3839.9,2896.0,3126.3,35,3,3126.2,2,2,3126.1,2,1,3125.9,1,1,3125.5,21,1,3127.3,56,3,3127.4,282,7,3127.5,174,7,3127.6,82,3,3127.7,20,1
2031,2026-06-16 10:42:31+05:30,3127.3,1,3131.54,1100218,129426.0,210525.0,3163.0,3163.0,3108.0,3134.3,31853400,3447.7,2820.9,3839.9,2896.0,3126.3,20,4,3126.2,2,2,3126.1,2,1,3125.9,24,2,3125.7,44,2,3127.3,87,3,3127.4,212,4,3127.5,143,7,3127.6,93,3,3127.8,122,5
2031,2026-06-16 10:42:32+05:30,3127.3,1,3131.54,1100218,130510.0,210439.0,3163.0,3163.0,3108.0,3134.3,31853400,3447.7,2820.9,3839.9,2896.0,3127.1,13,1,3127.0,20,1,3126.8,6,1,3126.7,19,1,3126.3,39,5,3127.3,87,3,3127.4,188,3,3127.5,17,1,3127.6,20,1,3127.8,44,3
2031,2026-06-16 10:42:33+05:30,3127.3,1,3131.54,1100218,130510.0,210439.0,3163.0,3163.0,3108.0,3134.3,31853400,3447.7,2820.9,3839.9,2896.0,3127.1,13,1,3127.0,20,1,3126.8,6,1,3126.7,19,1,3126.3,39,5,3127.3,87,3,3127.4,188,3,3127.5,17,1,3127.6,20,1,3127.8,44,3
2031,2026-06-16 10:42:33+05:30,3127.3,1,3131.54,1100218,130513.0,210452.0,3163.0,3163.0,3108.0,3134.3,31853400,3447.7,2820.9,3839.9,2896.0,3127.1,14,2,3127.0,20,1,3126.8,6,1,3126.7,19,1,3126.5,1,1,3127.3,87,3,3127.4,188,3,3127.5,17,1,3127.8,21,1,3127.9,8,2
2031,2026-06-16 10:42:34+05:30,3127.1,2,3131.54,1100218,130513.0,210452.0,3163.0,3163.0,3108.0,3134.3,31853400,3447.7,2820.9,3839.9,2896.0,3127.1,14,2,3127.0,20,1,3126.8,6,1,3126.7,19,1,3126.5,1,1,3127.3,87,3,3127.4,188,3,3127.5,17,1,3127.8,21,1,3127.9,8,2
2031,2026-06-16 10:42:34+05:30,3127.3,1,3131.54,1100221,130582.0,208724.0,3163.0,3163.0,3108.0,3134.3,31853400,3447.7,2820.9,3839.9,2896.0,3127.1,19,3,3127.0,30,2,3126.6,38,2,3126.5,1,1,3126.4,8,2,3127.3,86,3,3127.4,188,3,3127.5,17,1,3127.8,21,1,3127.9,8,2
2031,2026-06-16 10:42:34+05:30,3127.3,1,3131.54,1100221,130582.0,208724.0,3163.0,3163.0,3108.0,3134.3,31853400,3447.7,2820.9,3839.9,2896.0,3127.1,19,3,3127.0,30,2,3126.6,38,2,3126.5,1,1,3126.4,8,2,3127.3,86,3,3127.4,188,3,3127.5,17,1,3127.8,21,1,3127.9,8,2
2031,2026-06-16 10:42:35+05:30,3127.3,1,3131.54,1100221,130582.0,208724.0,3163.0,3163.0,3108.0,3134.3,31853400,3447.7,2820.9,3839.9,2896.0,3127.1,19,3,3127.0,30,2,3126.6,38,2,3126.5,1,1,3126.4,8,2,3127.3,86,3,3127.4,188,3,3127.5,17,1,3127.8,21,1,3127.9,8,2
2031,2026-06-16 10:42:35+05:30,3127.3,1,3131.54,1100228,130051.0,210893.0,3163.0,3163.0,3108.0,3134.3,31853400,3447.7,2820.9,3839.9,2896.0,3127.1,6,2,3127.0,20,1,3126.6,6,1,3126.5,1,1,3126.4,5,1,3127.2,25,1,3127.3,184,5,3127.4,188,3,3127.5,22,2,3127.8,84,2
2031,2026-06-16 10:42:36+05:30,3127.1,6,3131.54,1100228,130051.0,210893.0,3163.0,3163.0,3108.0,3134.3,31853400,3447.7,2820.9,3839.9,2896.0,3127.1,6,2,3127.0,20,1,3126.6,6,1,3126.5,1,1,3126.4,5,1,3127.2,25,1,3127.3,184,5,3127.4,188,3,3127.5,22,2,3127.8,84,2
2031,2026-06-16 10:42:36+05:30,3127.1,6,3131.54,1100228,130051.0,210893.0,3163.0,3163.0,3108.0,3134.3,31853400,3447.7,2820.9,3839.9,2896.0,3127.1,6,2,3127.0,20,1,3126.6,6,1,3126.5,1,1,3126.4,5,1,3127.2,25,1,3127.3,184,5,3127.4,188,3,3127.5,22,2,3127.8,84,2
2031,2026-06-16 10:42:36+05:30,3127.1,6,3131.54,1100234,130281.0,210787.0,3163.0,3163.0,3108.0,3134.3,31853400,3447.7,2820.9,3839.9,2896.0,3127.0,22,3,3126.8,19,1,3126.6,31,2,3126.5,1,1,3126.4,5,1,3127.2,27,2,3127.3,202,6,3127.4,188,3,3127.5,22,2,3127.8,23,2
2031,2026-06-16 10:42:37+05:30,3127.0,6,3131.54,1100234,130281.0,210787.0,3163.0,3163.0,3108.0,3134.3,31853400,3447.7,2820.9,3839.9,2896.0,3127.0,22,3,3126.8,19,1,3126.6,31,2,3126.5,1,1,3126.4,5,1,3127.2,27,2,3127.3,202,6,3127.4,188,3,3127.5,22,2,3127.8,23,2
2031,2026-06-16 10:42:37+05:30,3127.3,13,3131.54,1100535,129999.0,210772.0,3163.0,3163.0,3108.0,3134.3,31853400,3447.7,2820.9,3839.9,2896.0,3127.0,38,3,3126.5,1,1,3126.4,5,1,3126.3,14,3,3126.2,2,2,3127.2,20,2,3127.3,149,4,3127.4,188,3,3127.5,24,2,3127.7,34,1
2031,2026-06-16 10:42:38+05:30,3127.3,13,3131.54,1100535,129999.0,210772.0,3163.0,3163.0,3108.0,3134.3,31853400,3447.7,2820.9,3839.9,2896.0,3127.0,38,3,3126.5,1,1,3126.4,5,1,3126.3,14,3,3126.2,2,2,3127.2,20,2,3127.3,149,4,3127.4,188,3,3127.5,24,2,3127.7,34,1
2031,2026-06-16 10:42:38+05:30,3127.1,10,3131.54,1100535,129999.0,210772.0,3163.0,3163.0,3108.0,3134.3,31853400,3447.7,2820.9,3839.9,2896.0,3127.0,38,3,3126.5,1,1,3126.4,5,1,3126.3,14,3,3126.2,2,2,3127.2,20,2,3127.3,149,4,3127.4,188,3,3127.5,24,2,3127.7,34,1
2031,2026-06-16 10:42:39+05:30,3127.0,16,3131.54,1100646,130037.0,210717.0,3163.0,3163.0,3108.0,3134.3,31853400,3447.7,2820.9,3839.9,2896.0,3127.0,25,3,3126.5,1,1,3126.4,11,2,3126.3,14,3,3126.2,2,2,3127.1,1,1,3127.2,18,1,3127.3,117,3,3127.4,206,3,3127.5,27,3
2031,2026-06-16 10:42:39+05:30,3127.0,23,3131.54,1100646,130037.0,210717.0,3163.0,3163.0,3108.0,3134.3,31853400,3447.7,2820.9,3839.9,2896.0,3127.0,25,3,3126.5,1,1,3126.4,11,2,3126.3,14,3,3126.2,2,2,3127.1,1,1,3127.2,18,1,3127.3,117,3,3127.4,206,3,3127.5,27,3
2031,2026-06-16 10:42:39+05:30,3127.0,23,3131.54,1100646,130037.0,210717.0,3163.0,3163.0,3108.0,3134.3,31853400,3447.7,2820.9,3839.9,2896.0,3127.0,25,3,3126.5,1,1,3126.4,11,2,3126.3,14,3,3126.2,2,2,3127.1,1,1,3127.2,18,1,3127.3,117,3,3127.4,206,3,3127.5,27,3
2031,2026-06-16 10:42:39+05:30,3127.0,2,3131.54,1100696,130108.0,210731.0,3163.0,3163.0,3108.0,3134.3,31853400,3447.7,2820.9,3839.9,2896.0,3127.0,42,3,3126.5,7,2,3126.4,5,1,3126.3,14,3,3126.2,2,2,3127.1,1,1,3127.2,18,1,3127.3,117,3,3127.4,187,2,3127.5,61,4
2031,2026-06-16 10:42:40+05:30,3127.3,1,3131.54,1100696,130108.0,210731.0,3163.0,3163.0,3108.0,3134.3,31853400,3447.7,2820.9,3839.9,2896.0,3127.0,42,3,3126.5,7,2,3126.4,5,1,3126.3,14,3,3126.2,2,2,3127.1,1,1,3127.2,18,1,3127.3,117,3,3127.4,187,2,3127.5,61,4
2031,2026-06-16 10:42:40+05:30,3127.3,1,3131.54,1100696,130108.0,210731.0,3163.0,3163.0,3108.0,3134.3,31853400,3447.7,2820.9,3839.9,2896.0,3127.0,42,3,3126.5,7,2,3126.4,5,1,3126.3,14,3,3126.2,2,2,3127.1,1,1,3127.2,18,1,3127.3,117,3,3127.4,187,2,3127.5,61,4
2031,2026-06-16 10:42:40+05:30,3127.3,1,3131.54,1100746,129484.0,210244.0,3163.0,3163.0,3108.0,3134.3,31853400,3447.7,2820.9,3839.9,2896.0,3126.5,1,1,3126.4,11,2,3126.3,13,2,3126.2,2,2,3126.1,2,1,3127.1,24,1,3127.3,115,3,3127.4,187,2,3127.5,80,5,3127.6,21,1
2031,2026-06-16 10:42:41+05:30,3127.3,1,3131.54,1100746,129484.0,210244.0,3163.0,3163.0,3108.0,3134.3,31853400,3447.7,2820.9,3839.9,2896.0,3126.5,1,1,3126.4,11,2,3126.3,13,2,3126.2,2,2,3126.1,2,1,3127.1,24,1,3127.3,115,3,3127.4,187,2,3127.5,80,5,3127.6,21,1
2031,2026-06-16 10:42:41+05:30,3126.5,11,3131.54,1100746,129484.0,210244.0,3163.0,3163.0,3108.0,3134.3,31853400,3447.7,2820.9,3839.9,2896.0,3126.5,1,1,3126.4,11,2,3126.3,13,2,3126.2,2,2,3126.1,2,1,3127.1,24,1,3127.3,115,3,3127.4,187,2,3127.5,80,5,3127.6,21,1
2031,2026-06-16 10:42:41+05:30,3126.5,11,3131.54,1100746,129484.0,210244.0,3163.0,3163.0,3108.0,3134.3,31853400,3447.7,2820.9,3839.9,2896.0,3126.5,1,1,3126.4,11,2,3126.3,13,2,3126.2,2,2,3126.1,2,1,3127.1,24,1,3127.3,115,3,3127.4,187,2,3127.5,80,5,3127.6,21,1
2031,2026-06-16 10:42:42+05:30,3127.0,19,3131.53,1101117,129711.0,210827.0,3163.0,3163.0,3108.0,3134.3,31853400,3447.7,2820.9,3839.9,2896.0,3126.5,38,1,3126.4,11,2,3126.3,53,4,3126.2,15,3,3126.1,30,2,3127.0,14,1,3127.1,29,2,3127.3,115,3,3127.4,41,2,3127.5,40,4
2031,2026-06-16 10:42:42+05:30,3127.0,19,3131.53,1101117,129711.0,210827.0,3163.0,3163.0,3108.0,3134.3,31853400,3447.7,2820.9,3839.9,2896.0,3126.5,38,1,3126.4,11,2,3126.3,53,4,3126.2,15,3,3126.1,30,2,3127.0,14,1,3127.1,29,2,3127.3,115,3,3127.4,41,2,3127.5,40,4
2031,2026-06-16 10:42:42+05:30,3126.9,18,3131.53,1101117,129711.0,210827.0,3163.0,3163.0,3108.0,3134.3,31853400,3447.7,2820.9,3839.9,2896.0,3126.5,38,1,3126.4,11,2,3126.3,53,4,3126.2,15,3,3126.1,30,2,3127.0,14,1,3127.1,29,2,3127.3,115,3,3127.4,41,2,3127.5,40,4
2031,2026-06-16 10:42:42+05:30,3126.9,18,3131.53,1101117,129711.0,210827.0,3163.0,3163.0,3108.0,3134.3,31853400,3447.7,2820.9,3839.9,2896.0,3126.5,38,1,3126.4,11,2,3126.3,53,4,3126.2,15,3,3126.1,30,2,3127.0,14,1,3127.1,29,2,3127.3,115,3,3127.4,41,2,3127.5,40,4
2031,2026-06-16 10:42:43+05:30,3127.1,2,3131.53,1101209,129695.0,210356.0,3163.0,3163.0,3108.0,3134.3,31853400,3447.7,2820.9,3839.9,2896.0,3126.6,2,1,3126.4,6,2,3126.3,18,2,3126.2,2,2,3126.1,2,1,3127.1,3,1,3127.3,115,3,3127.5,40,4,3127.6,21,1,3127.8,73,3
2031,2026-06-16 10:42:43+05:30,3126.6,2,3131.53,1101209,129695.0,210356.0,3163.0,3163.0,3108.0,3134.3,31853400,3447.7,2820.9,3839.9,2896.0,3126.6,2,1,3126.4,6,2,3126.3,18,2,3126.2,2,2,3126.1,2,1,3127.1,3,1,3127.3,115,3,3127.5,40,4,3127.6,21,1,3127.8,73,3
2031,2026-06-16 10:42:43+05:30,3126.6,2,3131.53,1101209,129695.0,210356.0,3163.0,3163.0,3108.0,3134.3,31853400,3447.7,2820.9,3839.9,2896.0,3126.6,2,1,3126.4,6,2,3126.3,18,2,3126.2,2,2,3126.1,2,1,3127.1,3,1,3127.3,115,3,3127.5,40,4,3127.6,21,1,3127.8,73,3
2031,2026-06-16 10:42:44+05:30,3127.3,6,3131.53,1101291,129720.0,210215.0,3163.0,3163.0,3108.0,3134.3,31853400,3447.7,2820.9,3839.9,2896.0,3126.4,27,3,3126.3,15,3,3126.2,2,2,3126.1,24,2,3126.0,42,2,3127.3,76,2,3127.4,200,1,3127.5,58,5,3127.6,21,1,3127.8,21,1
2031,2026-06-16 10:42:44+05:30,3126.4,4,3131.53,1101291,129720.0,210215.0,3163.0,3163.0,3108.0,3134.3,31853400,3447.7,2820.9,3839.9,2896.0,3126.4,27,3,3126.3,15,3,3126.2,2,2,3126.1,24,2,3126.0,42,2,3127.3,76,2,3127.4,200,1,3127.5,58,5,3127.6,21,1,3127.8,21,1
2031,2026-06-16 10:42:44+05:30,3126.4,4,3131.53,1101291,129720.0,210215.0,3163.0,3163.0,3108.0,3134.3,31853400,3447.7,2820.9,3839.9,2896.0,3126.4,27,3,3126.3,15,3,3126.2,2,2,3126.1,24,2,3126.0,42,2,3127.3,76,2,3127.4,200,1,3127.5,58,5,3127.6,21,1,3127.8,21,1
2031,2026-06-16 10:42:44+05:30,3127.0,18,3131.53,1101355,129983.0,209986.0,3163.0,3163.0,3108.0,3134.3,31853400,3447.7,2820.9,3839.9,2896.0,3126.5,42,4,3126.4,71,5,3126.3,44,5,3126.2,210,6,3126.1,104,6,3127.3,126,3,3127.4,31,1,3127.5,258,6,3127.6,21,1,3127.8,21,1
2031,2026-06-16 10:42:45+05:30,3127.0,18,3131.53,1101355,129983.0,209986.0,3163.0,3163.0,3108.0,3134.3,31853400,3447.7,2820.9,3839.9,2896.0,3126.5,42,4,3126.4,71,5,3126.3,44,5,3126.2,210,6,3126.1,104,6,3127.3,126,3,3127.4,31,1,3127.5,258,6,3127.6,21,1,3127.8,21,1
2031,2026-06-16 10:42:45+05:30,3127.0,18,3131.53,1101355,129983.0,209986.0,3163.0,3163.0,3108.0,3134.3,31853400,3447.7,2820.9,3839.9,2896.0,3126.5,42,4,3126.4,71,5,3126.3,44,5,3126.2,210,6,3126.1,104,6,3127.3,126,3,3127.4,31,1,3127.5,258,6,3127.6,21,1,3127.8,21,1
2031,2026-06-16 10:42:45+05:30,3127.3,1,3131.53,1101376,130714.0,209445.0,3163.0,3163.0,3108.0,3134.3,31853400,3447.7,2820.9,3839.9,2896.0,3126.9,2,2,3126.8,27,2,3126.7,39,3,3126.6,11,1,3126.5,30,3,3127.3,146,5,3127.4,31,1,3127.5,36,3,3127.7,200,1,3127.8,21,1
2031,2026-06-16 10:42:45+05:30,3127.3,1,3131.53,1101376,130714.0,209445.0,3163.0,3163.0,3108.0,3134.3,31853400,3447.7,2820.9,3839.9,2896.0,3126.9,2,2,3126.8,27,2,3126.7,39,3,3126.6,11,1,3126.5,30,3,3127.3,146,5,3127.4,31,1,3127.5,36,3,3127.7,200,1,3127.8,21,1
2031,2026-06-16 10:42:46+05:30,3127.3,1,3131.53,1101376,130714.0,209445.0,3163.0,3163.0,3108.0,3134.3,31853400,3447.7,2820.9,3839.9,2896.0,3126.9,2,2,3126.8,27,2,3126.7,39,3,3126.6,11,1,3126.5,30,3,3127.3,146,5,3127.4,31,1,3127.5,36,3,3127.7,200,1,3127.8,21,1
2031,2026-06-16 10:42:46+05:30,3127.3,1,3131.53,1101376,130714.0,209445.0,3163.0,3163.0,3108.0,3134.3,31853400,3447.7,2820.9,3839.9,2896.0,3126.9,2,2,3126.8,27,2,3126.7,39,3,3126.6,11,1,3126.5,30,3,3127.3,146,5,3127.4,31,1,3127.5,36,3,3127.7,200,1,3127.8,21,1
2031,2026-06-16 10:42:46+05:30,3127.3,1,3131.53,1101377,130784.0,209690.0,3163.0,3163.0,3108.0,3134.3,31853400,3447.7,2820.9,3839.9,2896.0,3127.1,2,1,3126.9,2,2,3126.8,27,2,3126.7,39,3,3126.6,33,2,3127.3,145,5,3127.4,31,1,3127.5,36,3,3127.7,223,2,3127.8,21,1
2031,2026-06-16 10:42:47+05:30,3127.3,1,3131.53,1101377,130784.0,209690.0,3163.0,3163.0,3108.0,3134.3,31861400,3447.7,2820.9,3839.9,2896.0,3127.1,2,1,3126.9,2,2,3126.8,27,2,3126.7,39,3,3126.6,33,2,3127.3,145,5,3127.4,31,1,3127.5,36,3,3127.7,223,2,3127.8,21,1
2031,2026-06-16 10:42:47+05:30,3127.1,1,3131.53,1101378,130834.0,209860.0,3163.0,3163.0,3108.0,3134.3,31861400,3447.7,2820.9,3839.9,2896.0,3127.1,2,2,3126.9,2,2,3126.6,25,1,3126.5,24,3,3126.4,86,6,3127.3,189,7,3127.4,31,1,3127.5,23,2,3127.7,223,2,3127.8,21,1
2031,2026-06-16 10:42:48+05:30,3126.6,1,3131.53,1101378,130834.0,209860.0,3163.0,3163.0,3108.0,3134.3,31861400,3447.7,2820.9,3839.9,2896.0,3127.1,2,2,3126.9,2,2,3126.6,25,1,3126.5,24,3,3126.4,86,6,3127.3,189,7,3127.4,31,1,3127.5,23,2,3127.7,223,2,3127.8,21,1
2031,2026-06-16 10:42:48+05:30,3126.6,1,3131.53,1101403,130835.0,209871.0,3163.0,3163.0,3108.0,3134.3,31861400,3447.7,2820.9,3839.9,2896.0,3127.1,6,1,3126.6,24,2,3126.5,16,3,3126.4,42,4,3126.3,72,6,3127.3,189,7,3127.4,31,1,3127.5,23,2,3127.7,223,2,3127.8,21,1
2031,2026-06-16 10:42:49+05:30,3127.3,2,3131.53,1101403,130835.0,209871.0,3163.0,3163.0,3108.0,3134.3,31861400,3447.7,2820.9,3839.9,2896.0,3127.1,6,1,3126.6,24,2,3126.5,16,3,3126.4,42,4,3126.3,72,6,3127.3,189,7,3127.4,31,1,3127.5,23,2,3127.7,223,2,3127.8,21,1
2031,2026-06-16 10:42:49+05:30,3127.3,2,3131.53,1101405,130830.0,209849.0,3163.0,3163.0,3108.0,3134.3,31861400,3447.7,2820.9,3839.9,2896.0,3127.1,6,1,3126.6,24,2,3126.5,16,3,3126.4,42,4,3126.3,72,6,3127.3,187,7,3127.4,31,1,3127.5,23,2,3127.7,223,2,3127.8,21,1
2031,2026-06-16 10:42:50+05:30,3127.3,4,3131.53,1101405,130830.0,209849.0,3163.0,3163.0,3108.0,3134.3,31861400,3447.7,2820.9,3839.9,2896.0,3127.1,6,1,3126.6,24,2,3126.5,16,3,3126.4,42,4,3126.3,72,6,3127.3,187,7,3127.4,31,1,3127.5,23,2,3127.7,223,2,3127.8,21,1
2031,2026-06-16 10:42:50+05:30,3127.1,22,3131.53,1101438,130702.0,209852.0,3163.0,3163.0,3108.0,3134.3,31861400,3447.7,2820.9,3839.9,2896.0,3127.1,28,2,3126.6,35,2,3126.5,16,3,3126.4,42,4,3126.3,56,5,3127.2,1,1,3127.3,181,6,3127.4,31,1,3127.5,23,2,3127.7,223,2
2031,2026-06-16 10:42:51+05:30,3127.2,1,3131.53,1101438,130702.0,209852.0,3163.0,3163.0,3108.0,3134.3,31861400,3447.7,2820.9,3839.9,2896.0,3127.1,28,2,3126.6,35,2,3126.5,16,3,3126.4,42,4,3126.3,56,5,3127.2,1,1,3127.3,181,6,3127.4,31,1,3127.5,23,2,3127.7,223,2
2031,2026-06-16 10:42:52+05:30,3127.1,37,3131.53,1101712,129938.0,209894.0,3163.0,3163.0,3108.0,3134.3,31861400,3447.7,2820.9,3839.9,2896.0,3126.6,1,1,3126.5,4,2,3126.4,27,2,3126.3,1,1,3126.2,11,3,3127.2,2,2,3127.3,181,6,3127.4,31,1,3127.5,23,2,3127.7,200,1
2031,2026-06-16 10:42:52+05:30,3127.1,37,3131.53,1101712,129938.0,209894.0,3163.0,3163.0,3108.0,3134.3,31861400,3447.7,2820.9,3839.9,2896.0,3126.6,1,1,3126.5,4,2,3126.4,27,2,3126.3,1,1,3126.2,11,3,3127.2,2,2,3127.3,181,6,3127.4,31,1,3127.5,23,2,3127.7,200,1
2031,2026-06-16 10:42:53+05:30,3127.1,1,3131.53,1101713,129997.0,209860.0,3163.0,3163.0,3108.0,3134.3,31861400,3447.7,2820.9,3839.9,2896.0,3126.6,39,3,3126.5,4,2,3126.4,5,1,3126.3,1,1,3126.2,27,4,3127.1,17,1,3127.2,2,2,3127.3,181,6,3127.4,31,1,3127.5,31,3
2031,2026-06-16 10:42:53+05:30,3127.1,1,3131.53,1101713,129997.0,209860.0,3163.0,3163.0,3108.0,3134.3,31861400,3447.7,2820.9,3839.9,2896.0,3126.6,39,3,3126.5,4,2,3126.4,5,1,3126.3,1,1,3126.2,27,4,3127.1,17,1,3127.2,2,2,3127.3,181,6,3127.4,31,1,3127.5,31,3
2031,2026-06-16 10:42:54+05:30,3127.1,1,3131.53,1101713,129997.0,209860.0,3163.0,3163.0,3108.0,3134.3,31861400,3447.7,2820.9,3839.9,2896.0,3126.6,39,3,3126.5,4,2,3126.4,5,1,3126.3,1,1,3126.2,27,4,3127.1,17,1,3127.2,2,2,3127.3,181,6,3127.4,31,1,3127.5,31,3
2031,2026-06-16 10:42:54+05:30,3127.1,1,3131.53,1101714,130102.0,209373.0,3163.0,3163.0,3108.0,3134.3,31861400,3447.7,2820.9,3839.9,2896.0,3126.6,39,3,3126.5,26,4,3126.4,16,2,3126.3,78,5,3126.2,16,3,3127.1,43,4,3127.2,1,1,3127.3,180,5,3127.4,31,1,3127.5,15,2
2031,2026-06-16 10:42:55+05:30,3127.1,9,3131.53,1101714,130102.0,209373.0,3163.0,3163.0,3108.0,3134.3,31861400,3447.7,2820.9,3839.9,2896.0,3126.6,39,3,3126.5,26,4,3126.4,16,2,3126.3,78,5,3126.2,16,3,3127.1,43,4,3127.2,1,1,3127.3,180,5,3127.4,31,1,3127.5,15,2
2031,2026-06-16 10:42:55+05:30,3127.1,9,3131.53,1101723,129901.0,209380.0,3163.0,3163.0,3108.0,3134.3,31861400,3447.7,2820.9,3839.9,2896.0,3126.6,39,3,3126.5,25,3,3126.4,16,2,3126.3,40,3,3126.2,16,3,3127.1,45,5,3127.2,1,1,3127.3,180,5,3127.4,31,1,3127.5,15,2
2031,2026-06-16 10:42:56+05:30,3127.1,1,3131.53,1101725,130125.0,209390.0,3163.0,3163.0,3108.0,3134.3,31861400,3447.7,2820.9,3839.9,2896.0,3126.6,39,3,3126.5,13,2,3126.4,5,1,3126.3,27,2,3126.2,16,3,3127.1,43,5,3127.2,1,1,3127.3,180,5,3127.4,31,1,3127.5,15,2
2031,2026-06-16 10:42:57+05:30,3127.1,1,3131.53,1101725,130125.0,209390.0,3163.0,3163.0,3108.0,3134.3,31861400,3447.7,2820.9,3839.9,2896.0,3126.6,39,3,3126.5,13,2,3126.4,5,1,3126.3,27,2,3126.2,16,3,3127.1,43,5,3127.2,1,1,3127.3,180,5,3127.4,31,1,3127.5,15,2
2031,2026-06-16 10:42:57+05:30,3126.6,7,3131.53,1101772,129859.0,209597.0,3163.0,3163.0,3108.0,3134.3,31861400,3447.7,2820.9,3839.9,2896.0,3126.6,32,3,3126.5,3,1,3126.4,5,1,3126.3,27,2,3126.2,2,2,3127.1,43,5,3127.2,1,1,3127.3,137,4,3127.4,31,1,3127.5,48,3
2031,2026-06-16 10:42:58+05:30,3126.6,7,3131.53,1101772,129859.0,209597.0,3163.0,3163.0,3108.0,3134.3,31861400,3447.7,2820.9,3839.9,2896.0,3126.6,32,3,3126.5,3,1,3126.4,5,1,3126.3,27,2,3126.2,2,2,3127.1,43,5,3127.2,1,1,3127.3,137,4,3127.4,31,1,3127.5,48,3
2031,2026-06-16 10:42:58+05:30,3126.6,7,3131.53,1101772,129852.0,209736.0,3163.0,3163.0,3108.0,3134.3,31861400,3447.7,2820.9,3839.9,2896.0,3126.6,32,3,3126.5,3,1,3126.4,5,1,3126.3,27,2,3126.2,2,2,3127.1,43,5,3127.2,1,1,3127.3,137,4,3127.5,67,4,3127.6,78,3
2031,2026-06-16 10:42:59+05:30,3126.6,7,3131.53,1101772,130033.0,209746.0,3163.0,3163.0,3108.0,3134.3,31861400,3447.7,2820.9,3839.9,2896.0,3126.6,32,3,3126.5,3,1,3126.4,5,1,3126.3,27,2,3126.2,2,2,3127.1,53,6,3127.2,1,1,3127.3,137,4,3127.5,67,4,3127.6,78,3
2031,2026-06-16 10:43:00+05:30,3126.6,7,3131.53,1101772,130021.0,209885.0,3163.0,3163.0,3108.0,3134.3,31861400,3447.7,2820.9,3839.9,2896.0,3126.9,2,2,3126.6,33,4,3126.5,3,1,3126.4,5,1,3126.3,27,2,3127.1,54,7,3127.2,1,1,3127.3,137,4,3127.5,48,3,3127.7,200,1
2031,2026-06-16 10:43:01+05:30,3127.1,1,3131.53,1101772,130021.0,209885.0,3163.0,3163.0,3108.0,3134.3,31861400,3447.7,2820.9,3839.9,2896.0,3126.9,2,2,3126.6,33,4,3126.5,3,1,3126.4,5,1,3126.3,27,2,3127.1,54,7,3127.2,1,1,3127.3,137,4,3127.5,48,3,3127.7,200,1
2031,2026-06-16 10:43:01+05:30,3126.9,25,3131.53,1101856,130537.0,210288.0,3163.0,3163.0,3108.0,3134.3,31861400,3447.7,2820.9,3839.9,2896.0,3126.9,27,3,3126.6,7,3,3126.5,3,1,3126.4,5,1,3126.3,1,1,3127.3,135,4,3127.5,238,5,3127.7,33,1,3127.8,137,4,3127.9,293,4
2031,2026-06-16 10:43:02+05:30,3127.3,1,3131.53,1101856,130537.0,210288.0,3163.0,3163.0,3108.0,3134.3,31861400,3447.7,2820.9,3839.9,2896.0,3126.9,27,3,3126.6,7,3,3126.5,3,1,3126.4,5,1,3126.3,1,1,3127.3,135,4,3127.5,238,5,3127.7,33,1,3127.8,137,4,3127.9,293,4
2031,2026-06-16 10:43:02+05:30,3127.3,1,3131.53,1101857,130550.0,210260.0,3163.0,3163.0,3108.0,3134.3,31861400,3447.7,2820.9,3839.9,2896.0,3126.9,27,3,3126.6,7,3,3126.5,3,1,3126.4,5,1,3126.3,1,1,3127.3,134,4,3127.4,14,1,3127.5,265,6,3127.6,20,1,3127.7,33,1
2031,2026-06-16 10:43:03+05:30,3127.3,1,3131.53,1101857,130550.0,210260.0,3163.0,3163.0,3108.0,3134.3,31861400,3447.7,2820.9,3839.9,2896.0,3126.9,27,3,3126.6,7,3,3126.5,3,1,3126.4,5,1,3126.3,1,1,3127.3,134,4,3127.4,14,1,3127.5,265,6,3127.6,20,1,3127.7,33,1
2031,2026-06-16 10:43:03+05:30,3127.3,1,3131.53,1101929,130462.0,210818.0,3163.0,3163.0,3108.0,3134.3,31861400,3447.7,2820.9,3839.9,2896.0,3126.9,25,1,3126.6,7,3,3126.5,3,1,3126.4,5,1,3126.3,1,1,3127.3,133,4,3127.4,214,2,3127.5,281,8,3127.6,20,1,3127.7,63,1
2031,2026-06-16 10:43:04+05:30,3126.6,2,3131.53,1101929,130462.0,210818.0,3163.0,3163.0,3108.0,3134.3,31861400,3447.7,2820.9,3839.9,2896.0,3126.9,25,1,3126.6,7,3,3126.5,3,1,3126.4,5,1,3126.3,1,1,3127.3,133,4,3127.4,214,2,3127.5,281,8,3127.6,20,1,3127.7,63,1
2031,2026-06-16 10:43:04+05:30,3126.6,2,3131.53,1102086,129733.0,210594.0,3163.0,3163.0,3108.0,3134.3,31861400,3447.7,2820.9,3839.9,2896.0,3126.6,5,3,3126.5,3,1,3126.4,19,2,3126.3,1,1,3126.2,2,2,3127.2,21,2,3127.3,345,6,3127.4,69,3,3127.5,296,9,3127.6,42,3
2031,2026-06-16 10:43:05+05:30,3126.6,5,3131.53,1102086,129733.0,210594.0,3163.0,3163.0,3108.0,3134.3,31861400,3447.7,2820.9,3839.9,2896.0,3126.6,5,3,3126.5,3,1,3126.4,19,2,3126.3,1,1,3126.2,2,2,3127.2,21,2,3127.3,345,6,3127.4,69,3,3127.5,296,9,3127.6,42,3
2031,2026-06-16 10:43:05+05:30,3126.6,5,3131.53,1102139,129621.0,210599.0,3163.0,3163.0,3108.0,3134.3,31861400,3447.7,2820.9,3839.9,2896.0,3126.6,9,3,3126.5,3,1,3126.4,19,2,3126.3,1,1,3126.2,2,2,3127.2,250,5,3127.3,167,6,3127.4,69,3,3127.5,359,10,3127.6,42,3
2031,2026-06-16 10:43:06+05:30,3127.1,1,3131.53,1102139,129621.0,210599.0,3163.0,3163.0,3108.0,3134.3,31861400,3447.7,2820.9,3839.9,2896.0,3126.6,9,3,3126.5,3,1,3126.4,19,2,3126.3,1,1,3126.2,2,2,3127.2,250,5,3127.3,167,6,3127.4,69,3,3127.5,359,10,3127.6,42,3
2031,2026-06-16 10:43:06+05:30,3127.1,1,3131.53,1102432,129995.0,209837.0,3163.0,3163.0,3108.0,3134.3,31861400,3447.7,2820.9,3839.9,2896.0,3126.6,33,4,3126.5,3,1,3126.4,19,2,3126.3,8,2,3126.2,2,2,3127.1,49,1,3127.2,27,1,3127.3,105,4,3127.4,27,1,3127.5,202,5
2031,2026-06-16 10:43:07+05:30,3127.1,1,3131.53,1102432,129995.0,209837.0,3163.0,3163.0,3108.0,3134.3,31861400,3447.7,2820.9,3839.9,2896.0,3126.6,33,4,3126.5,3,1,3126.4,19,2,3126.3,8,2,3126.2,2,2,3127.1,49,1,3127.2,27,1,3127.3,105,4,3127.4,27,1,3127.5,202,5
2031,2026-06-16 10:43:07+05:30,3127.1,1,3131.53,1102515,130312.0,209353.0,3163.0,3163.0,3108.0,3134.3,31861400,3447.7,2820.9,3839.9,2896.0,3126.6,78,6,3126.5,9,2,3126.4,38,3,3126.3,20,2,3126.2,17,4,3127.1,84,3,3127.2,27,1,3127.3,105,4,3127.4,27,1,3127.5,184,4
2031,2026-06-16 10:43:08+05:30,3127.1,1,3131.53,1102515,130335.0,209544.0,3163.0,3163.0,3108.0,3134.3,31861400,3447.7,2820.9,3839.9,2896.0,3126.6,66,5,3126.5,9,2,3126.4,45,3,3126.3,20,2,3126.2,32,5,3127.1,84,3,3127.2,27,1,3127.3,105,4,3127.5,184,4,3127.6,20,1
2031,2026-06-16 10:43:09+05:30,3127.1,1,3131.53,1102515,130370.0,209307.0,3163.0,3163.0,3108.0,3134.3,31861400,3447.7,2820.9,3839.9,2896.0,3126.6,66,5,3126.5,9,2,3126.4,45,3,3126.3,31,3,3126.2,51,6,3127.0,5,1,3127.1,84,3,3127.2,27,1,3127.3,105,4,3127.5,179,3
2031,2026-06-16 10:43:10+05:30,3127.1,2,3131.53,1102515,130370.0,209307.0,3163.0,3163.0,3108.0,3134.3,31861400,3447.7,2820.9,3839.9,2896.0,3126.6,66,5,3126.5,9,2,3126.4,45,3,3126.3,31,3,3126.2,51,6,3127.0,5,1,3127.1,84,3,3127.2,27,1,3127.3,105,4,3127.5,179,3
2031,2026-06-16 10:43:10+05:30,3127.1,2,3131.53,1102554,130562.0,209366.0,3163.0,3163.0,3108.0,3134.3,31861400,3447.7,2820.9,3839.9,2896.0,3126.6,65,4,3126.5,9,2,3126.4,45,3,3126.3,99,5,3126.2,103,7,3127.1,81,3,3127.2,27,1,3127.3,105,4,3127.5,174,2,3127.6,20,1
2031,2026-06-16 10:43:11+05:30,3127.0,1,3131.53,1102554,130562.0,209366.0,3163.0,3163.0,3108.0,3134.3,31861400,3447.7,2820.9,3839.9,2896.0,3126.6,65,4,3126.5,9,2,3126.4,45,3,3126.3,99,5,3126.2,103,7,3127.1,81,3,3127.2,27,1,3127.3,105,4,3127.5,174,2,3127.6,20,1
2031,2026-06-16 10:43:11+05:30,3127.0,1,3131.53,1102656,130555.0,209382.0,3163.0,3163.0,3108.0,3134.3,31861400,3447.7,2820.9,3839.9,2896.0,3126.6,65,4,3126.5,9,2,3126.4,45,3,3126.3,62,3,3126.2,63,4,3127.0,31,1,3127.1,50,1,3127.2,27,1,3127.3,105,4,3127.5,174,2
2031,2026-06-16 10:43:12+05:30,3126.6,23,3131.53,1102656,130555.0,209382.0,3163.0,3163.0,3108.0,3134.3,31861400,3447.7,2820.9,3839.9,2896.0,3126.6,65,4,3126.5,9,2,3126.4,45,3,3126.3,62,3,3126.2,63,4,3127.0,31,1,3127.1,50,1,3127.2,27,1,3127.3,105,4,3127.5,174,2
2031,2026-06-16 10:43:12+05:30,3127.0,1,3131.53,1102742,130595.0,209373.0,3163.0,3163.0,3108.0,3134.3,31861400,3447.7,2820.9,3839.9,2896.0,3126.6,66,4,3126.5,3,1,3126.4,19,2,3126.3,87,4,3126.2,63,4,3127.0,99,1,3127.1,76,2,3127.2,27,1,3127.3,105,4,3127.5,174,2
2031,2026-06-16 10:43:13+05:30,3126.6,103,3131.53,1102742,130595.0,209373.0,3163.0,3163.0,3108.0,3134.3,31861400,3447.7,2820.9,3839.9,2896.0,3126.6,66,4,3126.5,3,1,3126.4,19,2,3126.3,87,4,3126.2,63,4,3127.0,99,1,3127.1,76,2,3127.2,27,1,3127.3,105,4,3127.5,174,2
2031,2026-06-16 10:43:13+05:30,3126.6,103,3131.53,1103063,129986.0,210276.0,3163.0,3163.0,3108.0,3134.3,31861400,3447.7,2820.9,3839.9,2896.0,3126.6,24,1,3126.5,3,1,3126.4,19,2,3126.3,1,1,3126.2,2,2,3127.1,76,2,3127.2,27,1,3127.3,98,3,3127.4,23,1,3127.5,220,5
2031,2026-06-16 10:43:14+05:30,3126.6,5,3131.53,1103063,129986.0,210276.0,3163.0,3163.0,3108.0,3134.3,31861400,3447.7,2820.9,3839.9,2896.0,3126.6,24,1,3126.5,3,1,3126.4,19,2,3126.3,1,1,3126.2,2,2,3127.1,76,2,3127.2,27,1,3127.3,98,3,3127.4,23,1,3127.5,220,5
2031,2026-06-16 10:43:14+05:30,3126.6,5,3131.53,1103121,129731.0,210019.0,3163.0,3163.0,3108.0,3134.3,31861400,3447.7,2820.9,3839.9,2896.0,3126.6,2,2,3126.5,3,1,3126.4,19,2,3126.3,1,1,3126.2,2,2,3127.1,77,3,3127.2,27,1,3127.3,83,3,3127.4,23,1,3127.5,253,6
2031,2026-06-16 10:43:15+05:30,3126.6,25,3131.53,1103121,129731.0,210019.0,3163.0,3163.0,3108.0,3134.3,31861400,3447.7,2820.9,3839.9,2896.0,3126.6,2,2,3126.5,3,1,3126.4,19,2,3126.3,1,1,3126.2,2,2,3127.1,77,3,3127.2,27,1,3127.3,83,3,3127.4,23,1,3127.5,253,6
2031,2026-06-16 10:43:15+05:30,3126.6,25,3131.53,1103148,130204.0,209928.0,3163.0,3163.0,3108.0,3134.3,31861400,3447.7,2820.9,3839.9,2896.0,3126.9,2,2,3126.6,81,4,3126.5,3,1,3126.4,37,3,3126.3,1,1,3127.1,77,3,3127.2,27,1,3127.3,83,3,3127.5,201,4,3127.6,3,1
2031,2026-06-16 10:43:16+05:30,3127.1,1,3131.53,1103148,130204.0,209928.0,3163.0,3163.0,3108.0,3134.3,31861400,3447.7,2820.9,3839.9,2896.0,3126.9,2,2,3126.6,81,4,3126.5,3,1,3126.4,37,3,3126.3,1,1,3127.1,77,3,3127.2,27,1,3127.3,83,3,3127.5,201,4,3127.6,3,1
2031,2026-06-16 10:43:16+05:30,3127.1,1,3131.53,1103149,130243.0,209982.0,3163.0,3163.0,3108.0,3134.3,31861400,3447.7,2820.9,3839.9,2896.0,3126.9,2,2,3126.6,83,5,3126.5,3,1,3126.4,37,3,3126.3,1,1,3127.1,76,3,3127.2,27,1,3127.3,83,3,3127.5,224,5,3127.6,3,1
2031,2026-06-16 10:43:17+05:30,3127.1,1,3131.53,1103149,130717.0,209401.0,3163.0,3163.0,3108.0,3134.3,31861400,3447.7,2820.9,3839.9,2896.0,3126.9,74,4,3126.8,18,1,3126.7,18,1,3126.6,109,7,3126.5,12,2,3127.1,76,3,3127.2,27,1,3127.3,83,3,3127.5,197,3,3127.6,3,1
2031,2026-06-16 10:43:18+05:30,3127.1,1,3131.53,1103149,130717.0,209401.0,3163.0,3163.0,3108.0,3134.3,31861400,3447.7,2820.9,3839.9,2896.0,3126.9,74,4,3126.8,18,1,3126.7,18,1,3126.6,109,7,3126.5,12,2,3127.1,76,3,3127.2,27,1,3127.3,83,3,3127.5,197,3,3127.6,3,1
2031,2026-06-16 10:43:18+05:30,3127.1,1,3131.53,1103155,130716.0,209426.0,3163.0,3163.0,3108.0,3134.3,31861400,3447.7,2820.9,3839.9,2896.0,3126.9,74,4,3126.8,18,1,3126.7,18,1,3126.6,109,7,3126.5,12,2,3127.1,104,4,3127.2,27,1,3127.3,83,3,3127.5,197,3,3127.6,3,1
2031,2026-06-16 10:43:19+05:30,3127.1,1,3131.53,1103155,130725.0,209455.0,3163.0,3163.0,3108.0,3134.3,31861400,3447.7,2820.9,3839.9,2896.0,3126.9,98,5,3126.6,58,4,3126.5,25,3,3126.4,66,4,3126.3,13,2,3127.1,129,5,3127.2,27,1,3127.3,83,3,3127.5,197,3,3127.6,3,1
2031,2026-06-16 10:43:20+05:30,3127.3,5,3131.53,1103155,130725.0,209455.0,3163.0,3163.0,3108.0,3134.3,31861400,3447.7,2820.9,3839.9,2896.0,3126.9,98,5,3126.6,58,4,3126.5,25,3,3126.4,66,4,3126.3,13,2,3127.1,129,5,3127.2,27,1,3127.3,83,3,3127.5,197,3,3127.6,3,1
2031,2026-06-16 10:43:20+05:30,3127.3,5,3131.52,1103860,131400.0,209819.0,3163.0,3163.0,3108.0,3134.3,31861400,3447.7,2820.9,3839.9,2896.0,3126.9,60,3,3126.6,41,3,3126.5,3,1,3126.4,5,1,3126.3,1,1,3127.3,78,3,3127.5,240,5,3127.6,23,2,3127.8,33,1,3127.9,55,4
2031,2026-06-16 10:43:21+05:30,3126.9,20,3131.52,1103860,131400.0,209819.0,3163.0,3163.0,3108.0,3134.3,31861400,3447.7,2820.9,3839.9,2896.0,3126.9,60,3,3126.6,41,3,3126.5,3,1,3126.4,5,1,3126.3,1,1,3127.3,78,3,3127.5,240,5,3127.6,23,2,3127.8,33,1,3127.9,55,4
2031,2026-06-16 10:43:21+05:30,3126.9,20,3131.52,1103940,131512.0,209834.0,3163.0,3163.0,3108.0,3134.3,31861400,3447.7,2820.9,3839.9,2896.0,3126.9,89,4,3126.6,59,4,3126.5,29,2,3126.4,55,4,3126.3,34,3,3127.3,78,3,3127.5,192,3,3127.6,3,1,3127.9,3,1,3128.0,74,7
2031,2026-06-16 10:43:22+05:30,3127.3,1,3131.52,1103946,131496.0,209587.0,3163.0,3163.0,3108.0,3134.3,31861400,3447.7,2820.9,3839.9,2896.0,3126.9,74,3,3126.6,59,4,3126.5,29,2,3126.4,71,5,3126.3,36,4,3127.3,72,3,3127.5,202,4,3127.6,3,1,3127.9,3,1,3128.0,74,7
2031,2026-06-16 10:43:23+05:30,3127.3,1,3131.52,1103946,131496.0,209587.0,3163.0,3163.0,3108.0,3134.3,31861400,3447.7,2820.9,3839.9,2896.0,3126.9,74,3,3126.6,59,4,3126.5,29,2,3126.4,71,5,3126.3,36,4,3127.3,72,3,3127.5,202,4,3127.6,3,1,3127.9,3,1,3128.0,74,7
2031,2026-06-16 10:43:23+05:30,3127.3,1,3131.52,1103947,131514.0,209592.0,3163.0,3163.0,3108.0,3134.3,31861400,3447.7,2820.9,3839.9,2896.0,3126.9,89,4,3126.6,59,4,3126.5,29,2,3126.4,55,4,3126.3,36,4,3127.3,71,3,3127.5,202,4,3127.6,3,1,3127.9,3,1,3128.0,74,7
2031,2026-06-16 10:43:24+05:30,3127.3,1,3131.52,1103947,131556.0,209583.0,3163.0,3163.0,3108.0,3134.3,31861400,3447.7,2820.9,3839.9,2896.0,3126.9,154,5,3126.6,59,4,3126.5,29,2,3126.4,55,4,3126.3,36,4,3127.3,72,4,3127.5,197,3,3127.6,3,1,3127.9,3,1,3128.0,74,7
2031,2026-06-16 10:43:25+05:30,3127.3,10,3131.52,1103947,131556.0,209583.0,3163.0,3163.0,3108.0,3134.3,31861400,3447.7,2820.9,3839.9,2896.0,3126.9,154,5,3126.6,59,4,3126.5,29,2,3126.4,55,4,3126.3,36,4,3127.3,72,4,3127.5,197,3,3127.6,3,1,3127.9,3,1,3128.0,74,7
2031,2026-06-16 10:43:25+05:30,3127.3,10,3131.52,1103957,131632.0,209706.0,3163.0,3163.0,3108.0,3134.3,31861400,3447.7,2820.9,3839.9,2896.0,3127.1,24,1,3126.9,150,4,3126.6,58,3,3126.5,29,2,3126.4,55,4,3127.3,62,4,3127.5,197,3,3127.6,3,1,3127.9,3,1,3128.0,74,7
2031,2026-06-16 10:43:26+05:30,3127.3,1,3131.52,1103957,131632.0,209706.0,3163.0,3163.0,3108.0,3134.3,31861400,3447.7,2820.9,3839.9,2896.0,3127.1,24,1,3126.9,150,4,3126.6,58,3,3126.5,29,2,3126.4,55,4,3127.3,62,4,3127.5,197,3,3127.6,3,1,3127.9,3,1,3128.0,74,7
2031,2026-06-16 10:43:27+05:30,3127.3,27,3131.52,1104092,131752.0,209559.0,3163.0,3163.0,3108.0,3134.3,31861400,3447.7,2820.9,3839.9,2896.0,3127.1,44,1,3126.9,176,5,3126.6,82,4,3126.5,29,2,3126.4,37,3,3127.5,197,3,3127.6,3,1,3127.8,14,1,3127.9,3,1,3128.0,73,7
2031,2026-06-16 10:43:27+05:30,3127.3,27,3131.52,1104092,131752.0,209559.0,3163.0,3163.0,3108.0,3134.3,31861400,3447.7,2820.9,3839.9,2896.0,3127.1,44,1,3126.9,176,5,3126.6,82,4,3126.5,29,2,3126.4,37,3,3127.5,197,3,3127.6,3,1,3127.8,14,1,3127.9,3,1,3128.0,73,7
2031,2026-06-16 10:43:28+05:30,3127.5,45,3131.52,1104161,131768.0,209355.0,3163.0,3163.0,3108.0,3134.3,31861400,3447.7,2820.9,3839.9,2896.0,3127.1,91,5,3126.9,123,4,3126.6,82,4,3126.5,47,3,3126.4,37,3,3127.5,152,3,3127.6,3,1,3127.9,3,1,3128.0,73,7,3128.1,34,1
2031,2026-06-16 10:43:28+05:30,3127.5,45,3131.52,1104161,131768.0,209355.0,3163.0,3163.0,3108.0,3134.3,31861400,3447.7,2820.9,3839.9,2896.0,3127.1,91,5,3126.9,123,4,3126.6,82,4,3126.5,47,3,3126.4,37,3,3127.5,152,3,3127.6,3,1,3127.9,3,1,3128.0,73,7,3128.1,34,1
2031,2026-06-16 10:43:28+05:30,3127.5,1,3131.52,1104162,131734.0,209266.0,3163.0,3163.0,3108.0,3134.3,31861400,3447.7,2820.9,3839.9,2896.0,3127.1,91,5,3126.9,123,4,3126.6,82,4,3126.5,47,3,3126.4,37,3,3127.5,151,3,3127.6,3,1,3127.9,3,1,3128.0,73,7,3128.1,34,1
2031,2026-06-16 10:43:29+05:30,3127.5,1,3131.52,1104162,131734.0,209266.0,3163.0,3163.0,3108.0,3134.3,31861400,3447.7,2820.9,3839.9,2896.0,3127.1,91,5,3126.9,123,4,3126.6,82,4,3126.5,47,3,3126.4,37,3,3127.5,151,3,3127.6,3,1,3127.9,3,1,3128.0,73,7,3128.1,34,1
2031,2026-06-16 10:43:29+05:30,3127.5,1,3131.52,1104162,131734.0,209266.0,3163.0,3163.0,3108.0,3134.3,31861400,3447.7,2820.9,3839.9,2896.0,3127.1,91,5,3126.9,123,4,3126.6,82,4,3126.5,47,3,3126.4,37,3,3127.5,151,3,3127.6,3,1,3127.9,3,1,3128.0,73,7,3128.1,34,1
2031,2026-06-16 10:43:30+05:30,3127.5,1,3131.52,1104163,131726.0,210066.0,3163.0,3163.0,3108.0,3134.3,31861400,3447.7,2820.9,3839.9,2896.0,3127.3,22,1,3127.1,66,4,3126.9,123,4,3126.6,82,4,3126.5,47,3,3127.5,140,2,3127.6,3,1,3127.9,3,1,3128.0,73,7,3128.1,34,1
2031,2026-06-16 10:43:30+05:30,3127.1,25,3131.52,1104163,131726.0,210066.0,3163.0,3163.0,3108.0,3134.3,31861400,3447.7,2820.9,3839.9,2896.0,3127.3,22,1,3127.1,66,4,3126.9,123,4,3126.6,82,4,3126.5,47,3,3127.5,140,2,3127.6,3,1,3127.9,3,1,3128.0,73,7,3128.1,34,1
2031,2026-06-16 10:43:31+05:30,3127.1,25,3131.52,1104608,131352.0,210113.0,3163.0,3163.0,3108.0,3134.3,31861400,3447.7,2820.9,3839.9,2896.0,3127.4,2,2,3127.3,2,2,3126.9,123,4,3126.6,2,1,3126.5,27,2,3127.5,141,3,3127.6,5,2,3127.8,20,1,3127.9,3,1,3128.0,73,7
2031,2026-06-16 10:43:31+05:30,3127.1,25,3131.52,1104608,131352.0,210113.0,3163.0,3163.0,3108.0,3134.3,31861400,3447.7,2820.9,3839.9,2896.0,3127.4,2,2,3127.3,2,2,3126.9,123,4,3126.6,2,1,3126.5,27,2,3127.5,141,3,3127.6,5,2,3127.8,20,1,3127.9,3,1,3128.0,73,7
2031,2026-06-16 10:43:31+05:30,3127.4,1,3131.52,1104608,131352.0,210113.0,3163.0,3163.0,3108.0,3134.3,31861400,3447.7,2820.9,3839.9,2896.0,3127.4,2,2,3127.3,2,2,3126.9,123,4,3126.6,2,1,3126.5,27,2,3127.5,141,3,3127.6,5,2,3127.8,20,1,3127.9,3,1,3128.0,73,7
2031,2026-06-16 10:43:32+05:30,3127.4,80,3131.52,1104692,131566.0,209961.0,3163.0,3163.0,3108.0,3134.3,31861400,3447.7,2820.9,3839.9,2896.0,3127.3,2,2,3126.9,108,3,3126.6,2,1,3126.5,27,2,3126.4,39,3,3127.4,9,1,3127.5,141,3,3127.6,5,2,3127.9,3,1,3128.0,73,7
2031,2026-06-16 10:43:32+05:30,3127.4,80,3131.52,1104692,131566.0,209961.0,3163.0,3163.0,3108.0,3134.3,31861400,3447.7,2820.9,3839.9,2896.0,3127.3,2,2,3126.9,108,3,3126.6,2,1,3126.5,27,2,3126.4,39,3,3127.4,9,1,3127.5,141,3,3127.6,5,2,3127.9,3,1,3128.0,73,7
2031,2026-06-16 10:43:33+05:30,3127.4,80,3131.52,1104692,131461.0,210117.0,3163.0,3163.0,3108.0,3134.3,31861400,3447.7,2820.9,3839.9,2896.0,3127.3,2,2,3126.9,43,2,3126.6,20,2,3126.5,27,2,3126.4,57,4,3127.4,15,2,3127.5,149,5,3127.6,3,1,3127.7,11,1,3127.9,3,1
2031,2026-06-16 10:43:33+05:30,3127.4,80,3131.52,1104692,131461.0,210117.0,3163.0,3163.0,3108.0,3134.3,31861400,3447.7,2820.9,3839.9,2896.0,3127.3,2,2,3126.9,43,2,3126.6,20,2,3126.5,27,2,3126.4,57,4,3127.4,15,2,3127.5,149,5,3127.6,3,1,3127.7,11,1,3127.9,3,1
2031,2026-06-16 10:43:34+05:30,3127.4,1,3131.52,1104693,131615.0,209961.0,3163.0,3163.0,3108.0,3134.3,31861400,3447.7,2820.9,3839.9,2896.0,3127.3,35,3,3127.2,15,1,3126.9,83,4,3126.6,38,3,3126.5,77,3,3127.4,14,2,3127.5,143,4,3127.6,3,1,3127.9,3,1,3128.0,73,7
2031,2026-06-16 10:43:34+05:30,3127.4,1,3131.52,1104693,131615.0,209961.0,3163.0,3163.0,3108.0,3134.3,31861400,3447.7,2820.9,3839.9,2896.0,3127.3,35,3,3127.2,15,1,3126.9,83,4,3126.6,38,3,3126.5,77,3,3127.4,14,2,3127.5,143,4,3127.6,3,1,3127.9,3,1,3128.0,73,7
2031,2026-06-16 10:43:35+05:30,3127.4,1,3131.52,1104693,131615.0,209961.0,3163.0,3163.0,3108.0,3134.3,31861400,3447.7,2820.9,3839.9,2896.0,3127.3,35,3,3127.2,15,1,3126.9,83,4,3126.6,38,3,3126.5,77,3,3127.4,14,2,3127.5,143,4,3127.6,3,1,3127.9,3,1,3128.0,73,7
2031,2026-06-16 10:43:35+05:30,3127.4,6,3131.52,1104723,131726.0,209956.0,3163.0,3163.0,3108.0,3134.3,31861400,3447.7,2820.9,3839.9,2896.0,3127.4,38,2,3127.3,77,4,3127.2,15,1,3126.9,65,3,3126.6,38,3,3127.5,140,3,3127.6,3,1,3127.9,3,1,3128.0,73,7,3128.1,34,1
2031,2026-06-16 10:43:35+05:30,3127.4,21,3131.52,1104723,131726.0,209956.0,3163.0,3163.0,3108.0,3134.3,31861400,3447.7,2820.9,3839.9,2896.0,3127.4,38,2,3127.3,77,4,3127.2,15,1,3126.9,65,3,3126.6,38,3,3127.5,140,3,3127.6,3,1,3127.9,3,1,3128.0,73,7,3128.1,34,1
2031,2026-06-16 10:43:36+05:30,3127.5,1,3131.52,1104745,131706.0,209971.0,3163.0,3163.0,3108.0,3134.3,31861400,3447.7,2820.9,3839.9,2896.0,3127.4,17,2,3127.3,100,5,3127.2,15,1,3126.9,43,2,3126.6,62,4,3127.5,149,4,3127.6,3,1,3127.7,9,1,3127.9,3,1,3128.0,93,9
2031,2026-06-16 10:43:36+05:30,3127.5,1,3131.52,1104745,131706.0,209971.0,3163.0,3163.0,3108.0,3134.3,31861400,3447.7,2820.9,3839.9,2896.0,3127.4,17,2,3127.3,100,5,3127.2,15,1,3126.9,43,2,3126.6,62,4,3127.5,149,4,3127.6,3,1,3127.7,9,1,3127.9,3,1,3128.0,93,9
2031,2026-06-16 10:43:36+05:30,3127.5,1,3131.52,1104745,131706.0,209971.0,3163.0,3163.0,3108.0,3134.3,31861400,3447.7,2820.9,3839.9,2896.0,3127.4,17,2,3127.3,100,5,3127.2,15,1,3126.9,43,2,3126.6,62,4,3127.5,149,4,3127.6,3,1,3127.7,9,1,3127.9,3,1,3128.0,93,9
2031,2026-06-16 10:43:37+05:30,3127.4,6,3131.52,1104745,131706.0,209971.0,3163.0,3163.0,3108.0,3134.3,31861400,3447.7,2820.9,3839.9,2896.0,3127.4,17,2,3127.3,100,5,3127.2,15,1,3126.9,43,2,3126.6,62,4,3127.5,149,4,3127.6,3,1,3127.7,9,1,3127.9,3,1,3128.0,93,9
2031,2026-06-16 10:43:37+05:30,3127.4,6,3131.52,1104945,131604.0,210308.0,3163.0,3163.0,3108.0,3134.3,31861400,3447.7,2820.9,3839.9,2896.0,3127.4,17,2,3127.3,77,4,3127.2,15,1,3126.9,43,2,3126.6,62,4,3127.5,149,4,3127.6,3,1,3127.9,3,1,3128.0,76,8,3128.2,57,2
2031,2026-06-16 10:43:38+05:30,3127.4,1,3131.52,1104945,131604.0,210308.0,3163.0,3163.0,3108.0,3134.3,31861400,3447.7,2820.9,3839.9,2896.0,3127.4,17,2,3127.3,77,4,3127.2,15,1,3126.9,43,2,3126.6,62,4,3127.5,149,4,3127.6,3,1,3127.9,3,1,3128.0,76,8,3128.2,57,2
2031,2026-06-16 10:43:38+05:30,3127.4,1,3131.52,1104945,131604.0,210308.0,3163.0,3163.0,3108.0,3134.3,31861400,3447.7,2820.9,3839.9,2896.0,3127.4,17,2,3127.3,77,4,3127.2,15,1,3126.9,43,2,3126.6,62,4,3127.5,149,4,3127.6,3,1,3127.9,3,1,3128.0,76,8,3128.2,57,2
2031,2026-06-16 10:43:38+05:30,3127.4,1,3131.52,1104985,131681.0,210374.0,3163.0,3163.0,3108.0,3134.3,31861400,3447.7,2820.9,3839.9,2896.0,3127.4,22,1,3127.3,77,4,3127.2,15,1,3126.9,43,2,3126.6,62,4,3127.5,149,4,3127.6,3,1,3127.9,3,1,3128.0,76,8,3128.2,57,2
2031,2026-06-16 10:43:39+05:30,3127.5,1,3131.52,1104985,131681.0,210374.0,3163.0,3163.0,3108.0,3134.3,31861400,3447.7,2820.9,3839.9,2896.0,3127.4,22,1,3127.3,77,4,3127.2,15,1,3126.9,43,2,3126.6,62,4,3127.5,149,4,3127.6,3,1,3127.9,3,1,3128.0,76,8,3128.2,57,2
2031,2026-06-16 10:43:39+05:30,3127.5,1,3131.52,1104986,131692.0,210370.0,3163.0,3163.0,3108.0,3134.3,31861400,3447.7,2820.9,3839.9,2896.0,3127.4,22,1,3127.3,77,4,3127.2,15,1,3126.9,43,2,3126.6,62,4,3127.5,148,4,3127.6,3,1,3127.9,3,1,3128.0,76,8,3128.2,57,2
2031,2026-06-16 10:43:39+05:30,3127.5,1,3131.52,1104986,131692.0,210370.0,3163.0,3163.0,3108.0,3134.3,31861400,3447.7,2820.9,3839.9,2896.0,3127.4,22,1,3127.3,77,4,3127.2,15,1,3126.9,43,2,3126.6,62,4,3127.5,148,4,3127.6,3,1,3127.9,3,1,3128.0,76,8,3128.2,57,2
2031,2026-06-16 10:43:40+05:30,3127.5,8,3131.52,1104986,131692.0,210370.0,3163.0,3163.0,3108.0,3134.3,31861400,3447.7,2820.9,3839.9,2896.0,3127.4,22,1,3127.3,77,4,3127.2,15,1,3126.9,43,2,3126.6,62,4,3127.5,148,4,3127.6,3,1,3127.9,3,1,3128.0,76,8,3128.2,57,2
2031,2026-06-16 10:43:40+05:30,3127.5,8,3131.52,1104994,131687.0,210175.0,3163.0,3163.0,3108.0,3134.3,31861400,3447.7,2820.9,3839.9,2896.0,3127.4,22,1,3127.3,76,3,3127.2,15,1,3126.9,43,2,3126.6,62,4,3127.5,140,4,3127.6,3,1,3127.9,3,1,3128.0,76,8,3128.2,57,2
2031,2026-06-16 10:43:40+05:30,3127.5,8,3131.52,1104994,131687.0,210175.0,3163.0,3163.0,3108.0,3134.3,31861400,3447.7,2820.9,3839.9,2896.0,3127.4,22,1,3127.3,76,3,3127.2,15,1,3126.9,43,2,3126.6,62,4,3127.5,140,4,3127.6,3,1,3127.9,3,1,3128.0,76,8,3128.2,57,2
2031,2026-06-16 10:43:41+05:30,3127.5,8,3131.52,1104994,131687.0,210175.0,3163.0,3163.0,3108.0,3134.3,31861400,3447.7,2820.9,3839.9,2896.0,3127.4,22,1,3127.3,76,3,3127.2,15,1,3126.9,43,2,3126.6,62,4,3127.5,140,4,3127.6,3,1,3127.9,3,1,3128.0,76,8,3128.2,57,2
2031,2026-06-16 10:43:41+05:30,3127.5,8,3131.52,1104994,131693.0,210130.0,3163.0,3163.0,3108.0,3134.3,31861400,3447.7,2820.9,3839.9,2896.0,3127.4,22,1,3127.3,76,3,3127.2,15,1,3126.9,43,2,3126.6,62,4,3127.5,154,5,3127.6,9,2,3127.8,11,1,3127.9,3,1,3128.0,76,8
2031,2026-06-16 10:43:42+05:30,3127.5,8,3131.52,1104994,131693.0,210130.0,3163.0,3163.0,3108.0,3134.3,31861400,3447.7,2820.9,3839.9,2896.0,3127.4,22,1,3127.3,76,3,3127.2,15,1,3126.9,43,2,3126.6,62,4,3127.5,154,5,3127.6,9,2,3127.8,11,1,3127.9,3,1,3128.0,76,8
2031,2026-06-16 10:43:42+05:30,3127.5,1,3131.52,1104994,131693.0,210130.0,3163.0,3163.0,3108.0,3134.3,31861400,3447.7,2820.9,3839.9,2896.0,3127.4,22,1,3127.3,76,3,3127.2,15,1,3126.9,43,2,3126.6,62,4,3127.5,154,5,3127.6,9,2,3127.8,11,1,3127.9,3,1,3128.0,76,8
2031,2026-06-16 10:43:42+05:30,3127.5,1,3131.52,1104995,131713.0,210169.0,3163.0,3163.0,3108.0,3134.3,31861400,3447.7,2820.9,3839.9,2896.0,3127.4,23,2,3127.3,100,4,3127.2,15,1,3126.9,43,2,3126.6,62,4,3127.5,154,6,3127.6,9,2,3127.8,11,1,3127.9,3,1,3128.0,76,8
2031,2026-06-16 10:43:42+05:30,3127.5,1,3131.52,1104995,131713.0,210169.0,3163.0,3163.0,3108.0,3134.3,31861400,3447.7,2820.9,3839.9,2896.0,3127.4,23,2,3127.3,100,4,3127.2,15,1,3126.9,43,2,3126.6,62,4,3127.5,154,6,3127.6,9,2,3127.8,11,1,3127.9,3,1,3128.0,76,8
2031,2026-06-16 10:43:43+05:30,3127.4,1,3131.52,1104995,131713.0,210169.0,3163.0,3163.0,3108.0,3134.3,31861400,3447.7,2820.9,3839.9,2896.0,3127.4,23,2,3127.3,100,4,3127.2,15,1,3126.9,43,2,3126.6,62,4,3127.5,154,6,3127.6,9,2,3127.8,11,1,3127.9,3,1,3128.0,76,8
2031,2026-06-16 10:43:43+05:30,3127.4,1,3131.52,1104996,131717.0,210168.0,3163.0,3163.0,3108.0,3134.3,31861400,3447.7,2820.9,3839.9,2896.0,3127.4,22,2,3127.3,100,4,3127.2,15,1,3126.9,43,2,3126.6,62,4,3127.5,153,5,3127.6,9,2,3127.8,11,1,3127.9,3,1,3128.0,76,8
2031,2026-06-16 10:43:43+05:30,3127.4,1,3131.52,1104996,131717.0,210168.0,3163.0,3163.0,3108.0,3134.3,31861400,3447.7,2820.9,3839.9,2896.0,3127.4,22,2,3127.3,100,4,3127.2,15,1,3126.9,43,2,3126.6,62,4,3127.5,153,5,3127.6,9,2,3127.8,11,1,3127.9,3,1,3128.0,76,8
2031,2026-06-16 10:43:44+05:30,3127.5,1,3131.52,1104996,131717.0,210168.0,3163.0,3163.0,3108.0,3134.3,31861400,3447.7,2820.9,3839.9,2896.0,3127.4,22,2,3127.3,100,4,3127.2,15,1,3126.9,43,2,3126.6,62,4,3127.5,153,5,3127.6,9,2,3127.8,11,1,3127.9,3,1,3128.0,76,8
2031,2026-06-16 10:43:44+05:30,3127.5,1,3131.52,1104996,131717.0,210168.0,3163.0,3163.0,3108.0,3134.3,31861400,3447.7,2820.9,3839.9,2896.0,3127.5,11,1,3127.4,1,1,3127.3,76,3,3127.2,15,1,3126.9,43,2,3127.6,3,1,3127.9,3,1,3128.0,76,8,3128.2,89,3,3128.3,39,2
2031,2026-06-16 10:43:44+05:30,3127.5,1,3131.52,1105149,131634.0,210111.0,3163.0,3163.0,3108.0,3134.3,31861400,3447.7,2820.9,3839.9,2896.0,3127.5,11,1,3127.4,1,1,3127.3,76,3,3127.2,15,1,3126.9,43,2,3127.6,3,1,3127.9,3,1,3128.0,76,8,3128.2,89,3,3128.3,39,2
2031,2026-06-16 10:43:45+05:30,3127.5,1,3131.52,1105149,131634.0,210111.0,3163.0,3163.0,3108.0,3134.3,31861400,3447.7,2820.9,3839.9,2896.0,3127.5,11,1,3127.4,1,1,3127.3,76,3,3127.2,15,1,3126.9,43,2,3127.6,3,1,3127.9,3,1,3128.0,76,8,3128.2,89,3,3128.3,39,2
2031,2026-06-16 10:43:45+05:30,3127.6,2,3131.52,1105149,131634.0,210111.0,3163.0,3163.0,3108.0,3134.3,31861400,3447.7,2820.9,3839.9,2896.0,3127.5,11,1,3127.4,1,1,3127.3,76,3,3127.2,15,1,3126.9,43,2,3127.6,3,1,3127.9,3,1,3128.0,76,8,3128.2,89,3,3128.3,39,2
2031,2026-06-16 10:43:45+05:30,3127.6,2,3131.52,1105154,131672.0,210082.0,3163.0,3163.0,3108.0,3134.3,31861400,3447.7,2820.9,3839.9,2896.0,3127.4,29,3,3127.3,43,2,3127.2,15,1,3127.1,1,1,3126.9,43,2,3127.6,48,1,3127.7,6,1,3127.9,3,1,3128.0,86,9,3128.2,89,3
2031,2026-06-16 10:43:46+05:30,3127.6,2,3131.52,1105154,131672.0,210082.0,3163.0,3163.0,3108.0,3134.3,31861400,3447.7,2820.9,3839.9,2896.0,3127.4,29,3,3127.3,43,2,3127.2,15,1,3127.1,1,1,3126.9,43,2,3127.6,48,1,3127.7,6,1,3127.9,3,1,3128.0,86,9,3128.2,89,3
2031,2026-06-16 10:43:46+05:30,3127.6,5,3131.52,1105154,131672.0,210082.0,3163.0,3163.0,3108.0,3134.3,31861400,3447.7,2820.9,3839.9,2896.0,3127.4,29,3,3127.3,43,2,3127.2,15,1,3127.1,1,1,3126.9,43,2,3127.6,48,1,3127.7,6,1,3127.9,3,1,3128.0,86,9,3128.2,89,3
2031,2026-06-16 10:43:46+05:30,3127.6,5,3131.52,1105229,131682.0,210137.0,3163.0,3163.0,3108.0,3134.3,31861400,3447.7,2820.9,3839.9,2896.0,3127.5,5,1,3127.4,53,4,3127.3,43,2,3127.2,15,1,3127.1,1,1,3127.6,65,2,3127.9,3,1,3128.0,86,9,3128.2,89,3,3128.3,20,1
2031,2026-06-16 10:43:46+05:30,3127.6,5,3131.52,1105229,131682.0,210137.0,3163.0,3163.0,3108.0,3134.3,31861400,3447.7,2820.9,3839.9,2896.0,3127.5,5,1,3127.4,53,4,3127.3,43,2,3127.2,15,1,3127.1,1,1,3127.6,65,2,3127.9,3,1,3128.0,86,9,3128.2,89,3,3128.3,20,1
2031,2026-06-16 10:43:47+05:30,3127.6,5,3131.52,1105229,131650.0,210202.0,3163.0,3163.0,3108.0,3134.3,31861400,3447.7,2820.9,3839.9,2896.0,3127.5,5,1,3127.4,53,4,3127.3,43,2,3127.2,15,1,3127.1,1,1,3127.6,118,4,3127.9,3,1,3128.0,86,9,3128.2,89,3,3128.3,20,1
2031,2026-06-16 10:43:47+05:30,3127.6,5,3131.52,1105229,131650.0,210202.0,3163.0,3163.0,3108.0,3134.3,31860200,3447.7,2820.9,3839.9,2896.0,3127.5,5,1,3127.4,53,4,3127.3,43,2,3127.2,15,1,3127.1,1,1,3127.6,118,4,3127.9,3,1,3128.0,86,9,3128.2,89,3,3128.3,20,1
2031,2026-06-16 10:43:48+05:30,3128.6,43,3131.52,1105229,131650.0,210202.0,3163.0,3163.0,3108.0,3134.3,31860200,3447.7,2820.9,3839.9,2896.0,3127.5,5,1,3127.4,53,4,3127.3,43,2,3127.2,15,1,3127.1,1,1,3127.6,118,4,3127.9,3,1,3128.0,86,9,3128.2,89,3,3128.3,20,1
2031,2026-06-16 10:43:48+05:30,3128.6,1,3131.51,1106988,131812.0,207915.0,3163.0,3163.0,3108.0,3134.3,31860200,3447.7,2820.9,3839.9,2896.0,3127.5,38,3,3127.4,80,5,3127.3,43,2,3127.2,79,3,3127.1,50,5,3128.6,32,2,3128.7,66,2,3128.8,221,2,3128.9,488,4,3129.0,639,15
2031,2026-06-16 10:43:49+05:30,3127.4,11,3131.51,1106988,131812.0,207915.0,3163.0,3163.0,3108.0,3134.3,31860200,3447.7,2820.9,3839.9,2896.0,3127.5,38,3,3127.4,80,5,3127.3,43,2,3127.2,79,3,3127.1,50,5,3128.6,32,2,3128.7,66,2,3128.8,221,2,3128.9,488,4,3129.0,639,15
2031,2026-06-16 10:43:49+05:30,3127.0,2,3131.51,1108206,130496.0,208898.0,3163.0,3163.0,3108.0,3134.3,31860200,3447.7,2820.9,3839.9,2896.0,3127.0,3,1,3126.9,5,1,3126.6,2,1,3126.5,3,1,3126.4,8,2,3127.8,83,6,3127.9,38,4,3128.0,58,5,3128.1,142,9,3128.2,131,8
2031,2026-06-16 10:43:50+05:30,3127.0,18,3131.51,1108206,130496.0,208898.0,3163.0,3163.0,3108.0,3134.3,31860200,3447.7,2820.9,3839.9,2896.0,3127.0,3,1,3126.9,5,1,3126.6,2,1,3126.5,3,1,3126.4,8,2,3127.8,83,6,3127.9,38,4,3128.0,58,5,3128.1,142,9,3128.2,131,8
2031,2026-06-16 10:43:50+05:30,3127.0,18,3131.51,1108227,130743.0,209959.0,3163.0,3163.0,3108.0,3134.3,31860200,3447.7,2820.9,3839.9,2896.0,3126.9,5,1,3126.6,2,1,3126.5,29,2,3126.4,5,1,3126.3,56,3,3127.5,27,2,3127.8,64,4,3127.9,43,4,3128.0,77,6,3128.1,124,8
2031,2026-06-16 10:43:51+05:30,3126.9,17,3131.51,1108227,130743.0,209959.0,3163.0,3163.0,3108.0,3134.3,31860200,3447.7,2820.9,3839.9,2896.0,3126.9,5,1,3126.6,2,1,3126.5,29,2,3126.4,5,1,3126.3,56,3,3127.5,27,2,3127.8,64,4,3127.9,43,4,3128.0,77,6,3128.1,124,8
2031,2026-06-16 10:43:51+05:30,3126.9,17,3131.51,1108262,131169.0,209553.0,3163.0,3163.0,3108.0,3134.3,31860200,3447.7,2820.9,3839.9,2896.0,3126.9,98,5,3126.8,30,3,3126.7,58,3,3126.6,59,4,3126.5,43,3,3127.4,18,1,3127.5,39,3,3127.8,39,3,3127.9,38,3,3128.0,42,3
2031,2026-06-16 10:43:52+05:30,3126.9,200,3131.51,1108262,131169.0,209553.0,3163.0,3163.0,3108.0,3134.3,31860200,3447.7,2820.9,3839.9,2896.0,3126.9,98,5,3126.8,30,3,3126.7,58,3,3126.6,59,4,3126.5,43,3,3127.4,18,1,3127.5,39,3,3127.8,39,3,3127.9,38,3,3128.0,42,3
2031,2026-06-16 10:43:53+05:30,3126.9,200,3131.5,1109083,130154.0,209977.0,3163.0,3163.0,3108.0,3134.3,31860200,3447.7,2820.9,3839.9,2896.0,3126.9,33,1,3126.6,2,1,3126.5,3,1,3126.4,5,1,3126.3,16,2,3127.5,19,1,3127.6,25,2,3127.7,35,2,3127.8,71,4,3127.9,38,3
2031,2026-06-16 10:43:53+05:30,3126.9,17,3131.5,1109083,130154.0,209977.0,3163.0,3163.0,3108.0,3134.3,31860200,3447.7,2820.9,3839.9,2896.0,3126.9,33,1,3126.6,2,1,3126.5,3,1,3126.4,5,1,3126.3,16,2,3127.5,19,1,3127.6,25,2,3127.7,35,2,3127.8,71,4,3127.9,38,3
2031,2026-06-16 10:43:54+05:30,3127.7,18,3131.5,1109187,131181.0,209914.0,3163.0,3163.0,3108.0,3134.3,31860200,3447.7,2820.9,3839.9,2896.0,3126.9,55,2,3126.6,2,1,3126.5,78,3,3126.4,75,5,3126.3,16,2,3127.7,4,1,3127.8,39,3,3127.9,20,2,3128.0,52,3,3128.1,89,5
2031,2026-06-16 10:43:54+05:30,3127.5,2,3131.5,1109187,131181.0,209914.0,3163.0,3163.0,3108.0,3134.3,31860200,3447.7,2820.9,3839.9,2896.0,3126.9,55,2,3126.6,2,1,3126.5,78,3,3126.4,75,5,3126.3,16,2,3127.7,4,1,3127.8,39,3,3127.9,20,2,3128.0,52,3,3128.1,89,5
2031,2026-06-16 10:43:55+05:30,3128.1,24,3131.5,1109553,131314.0,208943.0,3163.0,3163.0,3108.0,3134.3,31860200,3447.7,2820.9,3839.9,2896.0,3127.0,1,1,3126.6,22,2,3126.5,60,2,3126.4,37,2,3126.3,19,2,3127.7,13,1,3127.8,13,1,3127.9,13,1,3128.0,13,1,3128.1,35,3
2031,2026-06-16 10:43:55+05:30,3128.1,24,3131.5,1109553,131314.0,208943.0,3163.0,3163.0,3108.0,3134.3,31860200,3447.7,2820.9,3839.9,2896.0,3127.0,1,1,3126.6,22,2,3126.5,60,2,3126.4,37,2,3126.3,19,2,3127.7,13,1,3127.8,13,1,3127.9,13,1,3128.0,13,1,3128.1,35,3
2031,2026-06-16 10:43:56+05:30,3128.1,24,3131.5,1109553,131331.0,209447.0,3163.0,3163.0,3108.0,3134.3,31860200,3447.7,2820.9,3839.9,2896.0,3127.0,27,2,3126.6,68,4,3126.5,78,3,3126.4,61,4,3126.3,22,3,3127.7,13,1,3127.8,13,1,3127.9,13,1,3128.0,13,1,3128.1,26,2
2031,2026-06-16 10:43:57+05:30,3127.0,199,3131.5,1110022,130692.0,209359.0,3163.0,3163.0,3108.0,3134.3,31860200,3447.7,2820.9,3839.9,2896.0,3127.0,80,1,3126.6,26,2,3126.5,3,1,3126.4,6,2,3126.3,19,2,3127.8,31,2,3127.9,18,3,3128.0,51,3,3128.1,92,6,3128.2,79,4
2031,2026-06-16 10:43:57+05:30,3127.0,133,3131.5,1110022,130692.0,209359.0,3163.0,3163.0,3108.0,3134.3,31860200,3447.7,2820.9,3839.9,2896.0,3127.0,80,1,3126.6,26,2,3126.5,3,1,3126.4,6,2,3126.3,19,2,3127.8,31,2,3127.9,18,3,3128.0,51,3,3128.1,92,6,3128.2,79,4
2031,2026-06-16 10:43:58+05:30,3127.0,133,3131.5,1110155,130883.0,209137.0,3163.0,3163.0,3108.0,3134.3,31860200,3447.7,2820.9,3839.9,2896.0,3127.0,80,1,3126.9,43,4,3126.8,46,3,3126.6,63,4,3126.5,3,1,3127.8,18,1,3128.0,45,2,3128.1,38,2,3128.2,41,3,3128.3,24,2
2031,2026-06-16 10:43:59+05:30,3127.0,133,3131.5,1110155,131001.0,209205.0,3163.0,3163.0,3108.0,3134.3,31860200,3447.7,2820.9,3839.9,2896.0,3127.0,149,3,3126.9,33,3,3126.8,21,2,3126.7,51,2,3126.6,66,4,3127.8,18,1,3127.9,53,1,3128.0,65,3,3128.1,38,2,3128.2,59,4
2031,2026-06-16 10:44:00+05:30,3127.8,1,3131.5,1110155,131001.0,209205.0,3163.0,3163.0,3108.0,3134.3,31860200,3447.7,2820.9,3839.9,2896.0,3127.0,149,3,3126.9,33,3,3126.8,21,2,3126.7,51,2,3126.6,66,4,3127.8,18,1,3127.9,53,1,3128.0,65,3,3128.1,38,2,3128.2,59,4
2031,2026-06-16 10:44:00+05:30,3127.8,1,3131.5,1110156,130993.0,209754.0,3163.0,3163.0,3108.0,3134.3,31860200,3447.7,2820.9,3839.9,2896.0,3127.4,2,2,3127.0,150,4,3126.9,53,5,3126.8,21,2,3126.7,51,2,3127.8,29,2,3127.9,53,1,3128.0,38,2,3128.1,38,2,3128.2,39,3
2031,2026-06-16 10:44:01+05:30,3127.8,1,3131.5,1110156,131011.0,210346.0,3163.0,3163.0,3108.0,3134.3,31860200,3447.7,2820.9,3839.9,2896.0,3127.4,2,2,3127.0,153,5,3126.9,53,5,3126.8,21,2,3126.7,51,2,3127.8,29,2,3127.9,71,2,3128.0,38,2,3128.1,38,2,3128.2,21,2
2031,2026-06-16 10:44:02+05:30,3127.7,10,3131.5,1110156,131011.0,210346.0,3163.0,3163.0,3108.0,3134.3,31860200,3447.7,2820.9,3839.9,2896.0,3127.4,2,2,3127.0,153,5,3126.9,53,5,3126.8,21,2,3126.7,51,2,3127.8,29,2,3127.9,71,2,3128.0,38,2,3128.1,38,2,3128.2,21,2
2031,2026-06-16 10:44:02+05:30,3127.7,10,3131.5,1110367,130955.0,210007.0,3163.0,3163.0,3108.0,3134.3,31860200,3447.7,2820.9,3839.9,2896.0,3127.0,112,5,3126.9,3,2,3126.6,48,3,3126.5,31,4,3126.4,45,2,3127.8,28,2,3127.9,71,2,3128.0,38,2,3128.1,38,2,3128.2,43,3
2031,2026-06-16 10:44:03+05:30,3127.0,8,3131.5,1110367,130955.0,210007.0,3163.0,3163.0,3108.0,3134.3,31860200,3447.7,2820.9,3839.9,2896.0,3127.0,112,5,3126.9,3,2,3126.6,48,3,3126.5,31,4,3126.4,45,2,3127.8,28,2,3127.9,71,2,3128.0,38,2,3128.1,38,2,3128.2,43,3
2031,2026-06-16 10:44:03+05:30,3127.0,8,3131.5,1110377,130941.0,210027.0,3163.0,3163.0,3108.0,3134.3,31860200,3447.7,2820.9,3839.9,2896.0,3127.1,24,1,3127.0,79,4,3126.9,3,2,3126.7,3,1,3126.6,48,3,3127.6,56,1,3127.8,28,2,3127.9,71,2,3128.0,43,2,3128.1,20,1
2031,2026-06-16 10:44:04+05:30,3127.0,1,3131.5,1110377,130941.0,210027.0,3163.0,3163.0,3108.0,3134.3,31860200,3447.7,2820.9,3839.9,2896.0,3127.1,24,1,3127.0,79,4,3126.9,3,2,3126.7,3,1,3126.6,48,3,3127.6,56,1,3127.8,28,2,3127.9,71,2,3128.0,43,2,3128.1,20,1
2031,2026-06-16 10:44:04+05:30,3127.0,1,3131.5,1110865,130889.0,210022.0,3163.0,3163.0,3108.0,3134.3,31860200,3447.7,2820.9,3839.9,2896.0,3127.0,86,4,3126.9,3,2,3126.6,2,1,3126.5,3,1,3126.4,5,1,3127.6,17,2,3127.7,41,1,3127.8,93,4,3127.9,71,2,3128.0,136,6
2031,2026-06-16 10:44:05+05:30,3127.0,7,3131.5,1110865,130889.0,210022.0,3163.0,3163.0,3108.0,3134.3,31860200,3447.7,2820.9,3839.9,2896.0,3127.0,86,4,3126.9,3,2,3126.6,2,1,3126.5,3,1,3126.4,5,1,3127.6,17,2,3127.7,41,1,3127.8,93,4,3127.9,71,2,3128.0,136,6
2031,2026-06-16 10:44:05+05:30,3127.5,1,3131.5,1110935,130861.0,210119.0,3163.0,3163.0,3108.0,3134.3,31860200,3447.7,2820.9,3839.9,2896.0,3127.0,20,4,3126.9,3,2,3126.6,2,1,3126.5,3,1,3126.4,5,1,3127.5,33,2,3127.6,28,3,3127.7,41,1,3127.8,93,4,3127.9,25,1
2031,2026-06-16 10:44:06+05:30,3126.6,4,3131.5,1110935,130861.0,210119.0,3163.0,3163.0,3108.0,3134.3,31860200,3447.7,2820.9,3839.9,2896.0,3127.0,20,4,3126.9,3,2,3126.6,2,1,3126.5,3,1,3126.4,5,1,3127.5,33,2,3127.6,28,3,3127.7,41,1,3127.8,93,4,3127.9,25,1
2031,2026-06-16 10:44:06+05:30,3126.6,4,3131.5,1111392,129990.0,209861.0,3163.0,3163.0,3108.0,3134.3,31860200,3447.7,2820.9,3839.9,2896.0,3126.5,3,1,3126.4,5,1,3126.3,15,2,3126.2,26,3,3126.1,30,2,3127.5,86,4,3127.6,35,3,3127.7,58,3,3127.8,46,2,3127.9,48,2
2031,2026-06-16 10:44:07+05:30,3127.4,39,3131.5,1111441,129011.0,210304.0,3163.0,3163.0,3108.0,3134.3,31860200,3447.7,2820.9,3839.9,2896.0,3126.5,3,1,3126.4,5,1,3126.3,1,1,3126.2,2,2,3126.1,2,1,3127.4,18,2,3127.5,57,5,3127.6,82,5,3127.7,84,3,3127.8,183,5
2031,2026-06-16 10:44:08+05:30,3127.4,1,3131.5,1111441,129011.0,210304.0,3163.0,3163.0,3108.0,3134.3,31860200,3447.7,2820.9,3839.9,2896.0,3126.5,3,1,3126.4,5,1,3126.3,1,1,3126.2,2,2,3126.1,2,1,3127.4,18,2,3127.5,57,5,3127.6,82,5,3127.7,84,3,3127.8,183,5
2031,2026-06-16 10:44:08+05:30,3127.4,5,3131.49,1111752,130669.0,209685.0,3163.0,3163.0,3108.0,3134.3,31860200,3447.7,2820.9,3839.9,2896.0,3127.0,5,1,3126.5,121,4,3126.4,63,4,3126.3,91,4,3126.2,5,3,3127.4,7,1,3128.0,29,2,3128.1,51,2,3128.2,46,3,3128.3,87,4
2031,2026-06-16 10:44:09+05:30,3127.4,5,3131.49,1111752,130669.0,209685.0,3163.0,3163.0,3108.0,3134.3,31860200,3447.7,2820.9,3839.9,2896.0,3127.0,5,1,3126.5,121,4,3126.4,63,4,3126.3,91,4,3126.2,5,3,3127.4,7,1,3128.0,29,2,3128.1,51,2,3128.2,46,3,3128.3,87,4
2031,2026-06-16 10:44:10+05:30,3127.0,8,3131.49,1111834,130688.0,209043.0,3163.0,3163.0,3108.0,3134.3,31860200,3447.7,2820.9,3839.9,2896.0,3127.0,8,1,3126.5,107,3,3126.4,33,3,3126.3,49,2,3126.2,22,4,3127.8,32,1,3127.9,37,2,3128.0,29,2,3128.1,82,3,3128.2,38,3
2031,2026-06-16 10:44:10+05:30,3127.0,8,3131.49,1111834,130688.0,209043.0,3163.0,3163.0,3108.0,3134.3,31860200,3447.7,2820.9,3839.9,2896.0,3127.0,8,1,3126.5,107,3,3126.4,33,3,3126.3,49,2,3126.2,22,4,3127.8,32,1,3127.9,37,2,3128.0,29,2,3128.1,82,3,3128.2,38,3
2031,2026-06-16 10:44:11+05:30,3127.9,1,3131.49,1111835,130966.0,209459.0,3163.0,3163.0,3108.0,3134.3,31860200,3447.7,2820.9,3839.9,2896.0,3127.0,47,2,3126.9,12,1,3126.6,10,2,3126.5,179,5,3126.4,30,2,3127.9,34,2,3128.0,17,1,3128.1,97,4,3128.2,46,3,3128.3,62,4
2031,2026-06-16 10:44:11+05:30,3126.5,35,3131.49,1111835,130966.0,209459.0,3163.0,3163.0,3108.0,3134.3,31860200,3447.7,2820.9,3839.9,2896.0,3127.0,47,2,3126.9,12,1,3126.6,10,2,3126.5,179,5,3126.4,30,2,3127.9,34,2,3128.0,17,1,3128.1,97,4,3128.2,46,3,3128.3,62,4
2031,2026-06-16 10:44:12+05:30,3126.5,35,3131.49,1112035,130330.0,211223.0,3163.0,3163.0,3108.0,3134.3,31860200,3447.7,2820.9,3839.9,2896.0,3127.0,24,1,3126.5,33,2,3126.4,5,1,3126.3,1,1,3126.2,56,3,3127.5,23,2,3127.6,35,2,3127.8,85,3,3127.9,111,5,3128.0,101,3
2031,2026-06-16 10:44:12+05:30,3127.0,17,3131.49,1112035,130330.0,211223.0,3163.0,3163.0,3108.0,3134.3,31860200,3447.7,2820.9,3839.9,2896.0,3127.0,24,1,3126.5,33,2,3126.4,5,1,3126.3,1,1,3126.2,56,3,3127.5,23,2,3127.6,35,2,3127.8,85,3,3127.9,111,5,3128.0,101,3
2031,2026-06-16 10:44:13+05:30,3127.0,17,3131.49,1112052,130526.0,211047.0,3163.0,3163.0,3108.0,3134.3,31860200,3447.7,2820.9,3839.9,2896.0,3126.6,23,1,3126.5,33,2,3126.4,5,1,3126.3,23,2,3126.2,2,2,3127.4,16,1,3127.5,39,3,3127.6,35,2,3127.8,109,4,3127.9,95,4
2031,2026-06-16 10:44:13+05:30,3126.6,68,3131.49,1112052,130526.0,211047.0,3163.0,3163.0,3108.0,3134.3,31860200,3447.7,2820.9,3839.9,2896.0,3126.6,23,1,3126.5,33,2,3126.4,5,1,3126.3,23,2,3126.2,2,2,3127.4,16,1,3127.5,39,3,3127.6,35,2,3127.8,109,4,3127.9,95,4
2031,2026-06-16 10:44:14+05:30,3126.9,280,3131.49,1112620,129954.0,210322.0,3163.0,3163.0,3108.0,3134.3,31860200,3447.7,2820.9,3839.9,2896.0,3126.6,12,1,3126.5,45,3,3126.4,5,1,3126.3,19,2,3126.2,2,2,3127.4,16,1,3127.5,51,3,3127.6,35,2,3127.8,82,4,3127.9,18,1
2031,2026-06-16 10:44:14+05:30,3126.6,56,3131.49,1112620,129954.0,210322.0,3163.0,3163.0,3108.0,3134.3,31860200,3447.7,2820.9,3839.9,2896.0,3126.6,12,1,3126.5,45,3,3126.4,5,1,3126.3,19,2,3126.2,2,2,3127.4,16,1,3127.5,51,3,3127.6,35,2,3127.8,82,4,3127.9,18,1
2031,2026-06-16 10:44:15+05:30,3126.9,9,3131.49,1112699,130171.0,210036.0,3163.0,3163.0,3108.0,3134.3,31860200,3447.7,2820.9,3839.9,2896.0,3126.5,104,8,3126.4,58,5,3126.3,110,6,3126.2,55,3,3126.1,238,5,3126.9,10,1,3127.4,15,1,3127.5,85,4,3127.6,35,2,3127.8,38,2
2031,2026-06-16 10:44:15+05:30,3126.9,52,3131.49,1112699,130171.0,210036.0,3163.0,3163.0,3108.0,3134.3,31860200,3447.7,2820.9,3839.9,2896.0,3126.5,104,8,3126.4,58,5,3126.3,110,6,3126.2,55,3,3126.1,238,5,3126.9,10,1,3127.4,15,1,3127.5,85,4,3127.6,35,2,3127.8,38,2
2031,2026-06-16 10:44:16+05:30,3126.9,6,3131.49,1112699,130171.0,210036.0,3163.0,3163.0,3108.0,3134.3,31860200,3447.7,2820.9,3839.9,2896.0,3126.5,104,8,3126.4,58,5,3126.3,110,6,3126.2,55,3,3126.1,238,5,3126.9,10,1,3127.4,15,1,3127.5,85,4,3127.6,35,2,3127.8,38,2
2031,2026-06-16 10:44:16+05:30,3126.9,6,3131.49,1112846,130949.0,210758.0,3163.0,3163.0,3108.0,3134.3,31860200,3447.7,2820.9,3839.9,2896.0,3127.0,1,1,3126.7,17,5,3126.6,65,5,3126.5,100,9,3126.4,186,4,3127.4,1,1,3127.5,69,3,3127.6,35,2,3127.9,18,1,3128.0,38,2
2031,2026-06-16 10:44:17+05:30,3126.7,188,3131.49,1112846,130949.0,210758.0,3163.0,3163.0,3108.0,3134.3,31860200,3447.7,2820.9,3839.9,2896.0,3127.0,1,1,3126.7,17,5,3126.6,65,5,3126.5,100,9,3126.4,186,4,3127.4,1,1,3127.5,69,3,3127.6,35,2,3127.9,18,1,3128.0,38,2
2031,2026-06-16 10:44:17+05:30,3126.7,188,3131.49,1113046,130347.0,210444.0,3163.0,3163.0,3108.0,3134.3,31860200,3447.7,2820.9,3839.9,2896.0,3126.6,23,3,3126.5,120,9,3126.4,22,2,3126.3,132,5,3126.2,88,6,3127.4,2,2,3127.5,69,3,3127.6,35,2,3127.8,20,1,3127.9,18,1
2031,2026-06-16 10:44:18+05:30,3126.7,188,3131.49,1113046,130358.0,210470.0,3163.0,3163.0,3108.0,3134.3,31860200,3447.7,2820.9,3839.9,2896.0,3126.6,54,3,3126.5,107,8,3126.4,22,2,3126.3,132,5,3126.2,88,6,3127.4,2,2,3127.5,69,3,3127.6,35,2,3127.8,20,1,3127.9,18,1
2031,2026-06-16 10:44:19+05:30,3126.6,30,3131.49,1113046,130358.0,210470.0,3163.0,3163.0,3108.0,3134.3,31860200,3447.7,2820.9,3839.9,2896.0,3126.6,54,3,3126.5,107,8,3126.4,22,2,3126.3,132,5,3126.2,88,6,3127.4,2,2,3127.5,69,3,3127.6,35,2,3127.8,20,1,3127.9,18,1
2031,2026-06-16 10:44:19+05:30,3126.6,116,3131.49,1113246,130414.0,210647.0,3163.0,3163.0,3108.0,3134.3,31860200,3447.7,2820.9,3839.9,2896.0,3126.6,12,1,3126.5,34,5,3126.4,45,3,3126.3,67,3,3126.2,124,6,3127.4,2,2,3127.5,52,2,3127.6,17,1,3127.7,24,1,3127.8,20,1
2031,2026-06-16 10:44:20+05:30,3126.6,116,3131.49,1113246,130414.0,210647.0,3163.0,3163.0,3108.0,3134.3,31860200,3447.7,2820.9,3839.9,2896.0,3126.6,12,1,3126.5,34,5,3126.4,45,3,3126.3,67,3,3126.2,124,6,3127.4,2,2,3127.5,52,2,3127.6,17,1,3127.7,24,1,3127.8,20,1
2031,2026-06-16 10:44:20+05:30,3126.6,116,3131.49,1113246,130444.0,210571.0,3163.0,3163.0,3108.0,3134.3,31860200,3447.7,2820.9,3839.9,2896.0,3126.5,34,5,3126.4,70,4,3126.3,113,4,3126.2,63,4,3126.1,82,4,3127.2,17,1,3127.3,17,1,3127.4,202,3,3127.5,52,2,3127.7,24,1
2031,2026-06-16 10:44:21+05:30,3127.2,1,3131.49,1113246,130444.0,210571.0,3163.0,3163.0,3108.0,3134.3,31860200,3447.7,2820.9,3839.9,2896.0,3126.5,34,5,3126.4,70,4,3126.3,113,4,3126.2,63,4,3126.1,82,4,3127.2,17,1,3127.3,17,1,3127.4,202,3,3127.5,52,2,3127.7,24,1
2031,2026-06-16 10:44:21+05:30,3127.2,1,3131.49,1113249,130427.0,211024.0,3163.0,3163.0,3108.0,3134.3,31860200,3447.7,2820.9,3839.9,2896.0,3126.5,15,4,3126.4,47,3,3126.3,95,3,3126.2,81,5,3126.1,61,3,3127.2,25,2,3127.3,87,2,3127.4,224,4,3127.5,73,3,3127.7,24,1
2031,2026-06-16 10:44:22+05:30,3127.2,1,3131.49,1113249,130427.0,211024.0,3163.0,3163.0,3108.0,3134.3,31860200,3447.7,2820.9,3839.9,2896.0,3126.5,15,4,3126.4,47,3,3126.3,95,3,3126.2,81,5,3126.1,61,3,3127.2,25,2,3127.3,87,2,3127.4,224,4,3127.5,73,3,3127.7,24,1
2031,2026-06-16 10:44:22+05:30,3127.2,1,3131.49,1113249,130458.0,210983.0,3163.0,3163.0,3108.0,3134.3,31860200,3447.7,2820.9,3839.9,2896.0,3126.5,15,4,3126.4,47,3,3126.3,95,3,3126.2,81,5,3126.1,61,3,3127.2,25,2,3127.3,44,2,3127.4,223,3,3127.5,73,3,3127.7,24,1
2031,2026-06-16 10:44:23+05:30,3127.2,1,3131.49,1113249,130428.0,210975.0,3163.0,3163.0,3108.0,3134.3,31860200,3447.7,2820.9,3839.9,2896.0,3126.5,15,4,3126.4,47,3,3126.3,95,3,3126.2,63,4,3126.1,61,3,3127.2,45,3,3127.3,44,2,3127.4,223,3,3127.5,73,3,3127.7,57,2
2031,2026-06-16 10:44:24+05:30,3127.2,1,3131.49,1113249,130423.0,211050.0,3163.0,3163.0,3108.0,3134.3,31860200,3447.7,2820.9,3839.9,2896.0,3126.5,15,4,3126.4,47,3,3126.3,95,3,3126.2,63,4,3126.1,61,3,3127.2,54,4,3127.3,44,2,3127.4,223,3,3127.5,73,3,3127.7,57,2
2031,2026-06-16 10:44:25+05:30,3127.2,9,3131.49,1113249,130423.0,211050.0,3163.0,3163.0,3108.0,3134.3,31860200,3447.7,2820.9,3839.9,2896.0,3126.5,15,4,3126.4,47,3,3126.3,95,3,3126.2,63,4,3126.1,61,3,3127.2,54,4,3127.3,44,2,3127.4,223,3,3127.5,73,3,3127.7,57,2
2031,2026-06-16 10:44:25+05:30,3127.2,9,3131.49,1113258,130437.0,210920.0,3163.0,3163.0,3108.0,3134.3,31860200,3447.7,2820.9,3839.9,2896.0,3126.5,14,3,3126.4,47,3,3126.3,95,3,3126.2,63,4,3126.1,61,3,3127.2,45,4,3127.3,44,2,3127.4,223,3,3127.5,52,2,3127.7,24,1
2031,2026-06-16 10:44:26+05:30,3127.2,1,3131.49,1113259,131156.0,210859.0,3163.0,3163.0,3108.0,3134.3,31860200,3447.7,2820.9,3839.9,2896.0,3126.9,24,1,3126.5,14,3,3126.4,22,2,3126.3,49,2,3126.2,113,5,3127.2,44,4,3127.3,44,2,3127.4,23,2,3127.5,252,3,3127.8,51,2
2031,2026-06-16 10:44:27+05:30,3126.9,15,3131.49,1113259,131156.0,210859.0,3163.0,3163.0,3108.0,3134.3,31860200,3447.7,2820.9,3839.9,2896.0,3126.9,24,1,3126.5,14,3,3126.4,22,2,3126.3,49,2,3126.2,113,5,3127.2,44,4,3127.3,44,2,3127.4,23,2,3127.5,252,3,3127.8,51,2
2031,2026-06-16 10:44:27+05:30,3127.2,1,3131.49,1113300,131156.0,211002.0,3163.0,3163.0,3108.0,3134.3,31860200,3447.7,2820.9,3839.9,2896.0,3126.9,9,1,3126.5,8,2,3126.4,22,2,3126.3,49,2,3126.2,63,4,3127.2,53,5,3127.3,44,2,3127.4,23,2,3127.5,252,3,3127.8,94,4
2031,2026-06-16 10:44:28+05:30,3127.2,1,3131.49,1113300,131156.0,211002.0,3163.0,3163.0,3108.0,3134.3,31860200,3447.7,2820.9,3839.9,2896.0,3126.9,9,1,3126.5,8,2,3126.4,22,2,3126.3,49,2,3126.2,63,4,3127.2,53,5,3127.3,44,2,3127.4,23,2,3127.5,252,3,3127.8,94,4
2031,2026-06-16 10:44:28+05:30,3127.2,1,3131.49,1113300,131165.0,210953.0,3163.0,3163.0,3108.0,3134.3,31860200,3447.7,2820.9,3839.9,2896.0,3126.9,9,1,3126.5,8,2,3126.4,22,2,3126.3,49,2,3126.2,63,4,3127.2,53,5,3127.3,44,2,3127.4,23,2,3127.5,200,1,3127.8,94,4
2031,2026-06-16 10:44:29+05:30,3127.2,1,3131.49,1113300,131165.0,210953.0,3163.0,3163.0,3108.0,3134.3,31860200,3447.7,2820.9,3839.9,2896.0,3126.9,9,1,3126.5,8,2,3126.4,22,2,3126.3,49,2,3126.2,63,4,3127.2,53,5,3127.3,44,2,3127.4,23,2,3127.5,200,1,3127.8,94,4
2031,2026-06-16 10:44:29+05:30,3127.2,1,3131.49,1113301,131184.0,211296.0,3163.0,3163.0,3108.0,3134.3,31860200,3447.7,2820.9,3839.9,2896.0,3126.9,24,3,3126.5,2,1,3126.4,22,2,3126.3,49,2,3126.2,63,4,3127.2,402,6,3127.3,44,2,3127.4,23,2,3127.5,200,1,3127.8,75,3
2031,2026-06-16 10:44:30+05:30,3127.2,1,3131.49,1113301,131184.0,211296.0,3163.0,3163.0,3108.0,3134.3,31860200,3447.7,2820.9,3839.9,2896.0,3126.9,24,3,3126.5,2,1,3126.4,22,2,3126.3,49,2,3126.2,63,4,3127.2,402,6,3127.3,44,2,3127.4,23,2,3127.5,200,1,3127.8,75,3
2031,2026-06-16 10:44:30+05:30,3127.2,205,3131.49,1113301,131184.0,211296.0,3163.0,3163.0,3108.0,3134.3,31860200,3447.7,2820.9,3839.9,2896.0,3126.9,24,3,3126.5,2,1,3126.4,22,2,3126.3,49,2,3126.2,63,4,3127.2,402,6,3127.3,44,2,3127.4,23,2,3127.5,200,1,3127.8,75,3
2031,2026-06-16 10:44:31+05:30,3127.2,110,3131.49,1113711,130825.0,211103.0,3163.0,3163.0,3108.0,3134.3,31860200,3447.7,2820.9,3839.9,2896.0,3127.1,2,2,3127.0,1,1,3126.9,15,2,3126.5,2,1,3126.4,5,1,3127.2,94,4,3127.3,44,2,3127.4,223,3,3127.5,23,1,3127.6,19,1
2031,2026-06-16 10:44:31+05:30,3126.9,200,3131.49,1113711,130825.0,211103.0,3163.0,3163.0,3108.0,3134.3,31860200,3447.7,2820.9,3839.9,2896.0,3127.1,2,2,3127.0,1,1,3126.9,15,2,3126.5,2,1,3126.4,5,1,3127.2,94,4,3127.3,44,2,3127.4,223,3,3127.5,23,1,3127.6,19,1
2031,2026-06-16 10:44:31+05:30,3126.9,200,3131.49,1113711,130825.0,211103.0,3163.0,3163.0,3108.0,3134.3,31860200,3447.7,2820.9,3839.9,2896.0,3127.1,2,2,3127.0,1,1,3126.9,15,2,3126.5,2,1,3126.4,5,1,3127.2,94,4,3127.3,44,2,3127.4,223,3,3127.5,23,1,3127.6,19,1
2031,2026-06-16 10:44:32+05:30,3126.1,1,3131.48,1114192,129248.0,211301.0,3163.0,3163.0,3108.0,3134.3,31860200,3447.7,2820.9,3839.9,2896.0,3126.2,6,1,3126.1,5,2,3126.0,25,2,3125.9,31,3,3125.8,18,1,3127.1,200,1,3127.2,94,4,3127.3,44,2,3127.4,108,5,3127.5,53,2
2031,2026-06-16 10:44:32+05:30,3126.2,26,3131.48,1114192,129248.0,211301.0,3163.0,3163.0,3108.0,3134.3,31860200,3447.7,2820.9,3839.9,2896.0,3126.2,6,1,3126.1,5,2,3126.0,25,2,3125.9,31,3,3125.8,18,1,3127.1,200,1,3127.2,94,4,3127.3,44,2,3127.4,108,5,3127.5,53,2
2031,2026-06-16 10:44:33+05:30,3126.2,1,3131.48,1114571,129582.0,210187.0,3163.0,3163.0,3108.0,3134.3,31860200,3447.7,2820.9,3839.9,2896.0,3126.2,91,4,3126.1,94,5,3126.0,72,5,3125.9,56,5,3125.8,118,6,3127.1,15,1,3127.4,68,1,3127.8,20,1,3127.9,42,2,3128.0,163,3
2031,2026-06-16 10:44:33+05:30,3126.2,1,3131.48,1114571,129582.0,210187.0,3163.0,3163.0,3108.0,3134.3,31860200,3447.7,2820.9,3839.9,2896.0,3126.2,91,4,3126.1,94,5,3126.0,72,5,3125.9,56,5,3125.8,118,6,3127.1,15,1,3127.4,68,1,3127.8,20,1,3127.9,42,2,3128.0,163,3
2031,2026-06-16 10:44:33+05:30,3126.2,1,3131.48,1114571,129582.0,210187.0,3163.0,3163.0,3108.0,3134.3,31860200,3447.7,2820.9,3839.9,2896.0,3126.2,91,4,3126.1,94,5,3126.0,72,5,3125.9,56,5,3125.8,118,6,3127.1,15,1,3127.4,68,1,3127.8,20,1,3127.9,42,2,3128.0,163,3
2031,2026-06-16 10:44:34+05:30,3127.1,1,3131.48,1114572,129649.0,210211.0,3163.0,3163.0,3108.0,3134.3,31860200,3447.7,2820.9,3839.9,2896.0,3126.2,149,5,3126.1,94,5,3126.0,72,5,3125.9,56,5,3125.8,118,6,3127.1,14,1,3127.4,68,1,3127.8,20,1,3127.9,59,3,3128.0,163,3
2031,2026-06-16 10:44:34+05:30,3127.1,1,3131.48,1114572,129649.0,210211.0,3163.0,3163.0,3108.0,3134.3,31860200,3447.7,2820.9,3839.9,2896.0,3126.2,149,5,3126.1,94,5,3126.0,72,5,3125.9,56,5,3125.8,118,6,3127.1,14,1,3127.4,68,1,3127.8,20,1,3127.9,59,3,3128.0,163,3
2031,2026-06-16 10:44:35+05:30,3127.1,1,3131.48,1114572,129649.0,210211.0,3163.0,3163.0,3108.0,3134.3,31860200,3447.7,2820.9,3839.9,2896.0,3126.2,149,5,3126.1,94,5,3126.0,72,5,3125.9,56,5,3125.8,118,6,3127.1,14,1,3127.4,68,1,3127.8,20,1,3127.9,59,3,3128.0,163,3
2031,2026-06-16 10:44:35+05:30,3126.3,1,3131.48,1114671,129974.0,209722.0,3163.0,3163.0,3108.0,3134.3,31860200,3447.7,2820.9,3839.9,2896.0,3126.3,71,4,3126.2,130,5,3126.1,124,6,3126.0,136,8,3125.9,72,3,3127.7,16,2,3127.8,10,1,3127.9,59,3,3128.0,224,5,3128.1,47,3
2031,2026-06-16 10:44:35+05:30,3126.3,1,3131.48,1114671,129974.0,209722.0,3163.0,3163.0,3108.0,3134.3,31860200,3447.7,2820.9,3839.9,2896.0,3126.3,71,4,3126.2,130,5,3126.1,124,6,3126.0,136,8,3125.9,72,3,3127.7,16,2,3127.8,10,1,3127.9,59,3,3128.0,224,5,3128.1,47,3
2031,2026-06-16 10:44:36+05:30,3126.5,1,3131.48,1114671,129974.0,209722.0,3163.0,3163.0,3108.0,3134.3,31860200,3447.7,2820.9,3839.9,2896.0,3126.3,71,4,3126.2,130,5,3126.1,124,6,3126.0,136,8,3125.9,72,3,3127.7,16,2,3127.8,10,1,3127.9,59,3,3128.0,224,5,3128.1,47,3
2031,2026-06-16 10:44:36+05:30,3126.5,1,3131.48,1114672,130099.0,210507.0,3163.0,3163.0,3108.0,3134.3,31860200,3447.7,2820.9,3839.9,2896.0,3126.5,58,3,3126.4,57,6,3126.3,105,4,3126.2,159,7,3126.1,94,5,3127.5,200,1,3127.7,41,1,3127.9,18,2,3128.0,147,3,3128.1,1,1
2031,2026-06-16 10:44:37+05:30,3126.5,1,3131.48,1114672,130099.0,210507.0,3163.0,3163.0,3108.0,3134.3,31860200,3447.7,2820.9,3839.9,2896.0,3126.5,58,3,3126.4,57,6,3126.3,105,4,3126.2,159,7,3126.1,94,5,3127.5,200,1,3127.7,41,1,3127.9,18,2,3128.0,147,3,3128.1,1,1
2031,2026-06-16 10:44:37+05:30,3127.3,1,3131.48,1114673,130895.0,211230.0,3163.0,3163.0,3108.0,3134.3,31860200,3447.7,2820.9,3839.9,2896.0,3127.0,1,1,3126.6,23,1,3126.5,71,3,3126.4,24,3,3126.3,71,2,3127.3,16,1,3127.4,26,1,3127.5,217,2,3127.7,41,1,3127.8,21,1
2031,2026-06-16 10:44:38+05:30,3127.3,1,3131.48,1114673,130895.0,211230.0,3163.0,3163.0,3108.0,3134.3,31860200,3447.7,2820.9,3839.9,2896.0,3127.0,1,1,3126.6,23,1,3126.5,71,3,3126.4,24,3,3126.3,71,2,3127.3,16,1,3127.4,26,1,3127.5,217,2,3127.7,41,1,3127.8,21,1
2031,2026-06-16 10:44:38+05:30,3127.3,1,3131.48,1114673,131084.0,211073.0,3163.0,3163.0,3108.0,3134.3,31860200,3447.7,2820.9,3839.9,2896.0,3127.0,26,2,3126.5,71,3,3126.4,24,3,3126.3,143,4,3126.2,120,6,3127.3,17,2,3127.4,26,1,3127.5,217,2,3127.7,17,1,3127.9,49,2
2031,2026-06-16 10:44:38+05:30,3127.3,1,3131.48,1114673,131084.0,211073.0,3163.0,3163.0,3108.0,3134.3,31860200,3447.7,2820.9,3839.9,2896.0,3127.0,26,2,3126.5,71,3,3126.4,24,3,3126.3,143,4,3126.2,120,6,3127.3,17,2,3127.4,26,1,3127.5,217,2,3127.7,17,1,3127.9,49,2
2031,2026-06-16 10:44:39+05:30,3127.3,1,3131.48,1114673,131041.0,211124.0,3163.0,3163.0,3108.0,3134.3,31860200,3447.7,2820.9,3839.9,2896.0,3127.0,26,2,3126.5,71,3,3126.4,24,3,3126.3,143,4,3126.2,90,5,3127.3,38,3,3127.4,26,1,3127.5,217,2,3127.7,17,1,3127.9,49,2
2031,2026-06-16 10:44:40+05:30,3127.3,1,3131.48,1114673,131041.0,211124.0,3163.0,3163.0,3108.0,3134.3,31860200,3447.7,2820.9,3839.9,2896.0,3127.0,26,2,3126.5,71,3,3126.4,24,3,3126.3,143,4,3126.2,90,5,3127.3,38,3,3127.4,26,1,3127.5,217,2,3127.7,17,1,3127.9,49,2
2031,2026-06-16 10:44:40+05:30,3127.0,121,3131.48,1114673,131041.0,211124.0,3163.0,3163.0,3108.0,3134.3,31860200,3447.7,2820.9,3839.9,2896.0,3127.0,26,2,3126.5,71,3,3126.4,24,3,3126.3,143,4,3126.2,90,5,3127.3,38,3,3127.4,26,1,3127.5,217,2,3127.7,17,1,3127.9,49,2
2031,2026-06-16 10:44:40+05:30,3127.0,121,3131.48,1114873,130326.0,211506.0,3163.0,3163.0,3108.0,3134.3,31860200,3447.7,2820.9,3839.9,2896.0,3127.0,25,1,3126.5,60,2,3126.4,16,2,3126.2,13,2,3126.1,95,5,3127.3,56,4,3127.4,26,1,3127.5,217,2,3127.7,36,2,3127.8,19,1
2031,2026-06-16 10:44:40+05:30,3127.0,121,3131.48,1114873,130326.0,211506.0,3163.0,3163.0,3108.0,3134.3,31860200,3447.7,2820.9,3839.9,2896.0,3127.0,25,1,3126.5,60,2,3126.4,16,2,3126.2,13,2,3126.1,95,5,3127.3,56,4,3127.4,26,1,3127.5,217,2,3127.7,36,2,3127.8,19,1
2031,2026-06-16 10:44:41+05:30,3127.0,121,3131.48,1114873,130326.0,211506.0,3163.0,3163.0,3108.0,3134.3,31860200,3447.7,2820.9,3839.9,2896.0,3127.0,25,1,3126.5,60,2,3126.4,16,2,3126.2,13,2,3126.1,95,5,3127.3,56,4,3127.4,26,1,3127.5,217,2,3127.7,36,2,3127.8,19,1
2031,2026-06-16 10:44:41+05:30,3127.3,1,3131.48,1114873,130326.0,211506.0,3163.0,3163.0,3108.0,3134.3,31860200,3447.7,2820.9,3839.9,2896.0,3127.0,25,1,3126.5,60,2,3126.4,16,2,3126.2,13,2,3126.1,95,5,3127.3,56,4,3127.4,26,1,3127.5,217,2,3127.7,36,2,3127.8,19,1
2031,2026-06-16 10:44:41+05:30,3127.3,1,3131.48,1114924,130771.0,211271.0,3163.0,3163.0,3108.0,3134.3,31860200,3447.7,2820.9,3839.9,2896.0,3127.0,25,1,3126.5,60,2,3126.4,4,1,3126.2,5,1,3126.1,30,3,3127.3,92,6,3127.4,26,1,3127.5,217,2,3127.7,50,2,3127.8,19,1
2031,2026-06-16 10:44:41+05:30,3127.3,1,3131.48,1114924,130771.0,211271.0,3163.0,3163.0,3108.0,3134.3,31860200,3447.7,2820.9,3839.9,2896.0,3127.0,25,1,3126.5,60,2,3126.4,4,1,3126.2,5,1,3126.1,30,3,3127.3,92,6,3127.4,26,1,3127.5,217,2,3127.7,50,2,3127.8,19,1
2031,2026-06-16 10:44:42+05:30,3127.3,1,3131.48,1114924,130771.0,211271.0,3163.0,3163.0,3108.0,3134.3,31860200,3447.7,2820.9,3839.9,2896.0,3127.0,25,1,3126.5,60,2,3126.4,4,1,3126.2,5,1,3126.1,30,3,3127.3,92,6,3127.4,26,1,3127.5,217,2,3127.7,50,2,3127.8,19,1
2031,2026-06-16 10:44:42+05:30,3127.3,1,3131.48,1114924,130951.0,211317.0,3163.0,3163.0,3108.0,3134.3,31860200,3447.7,2820.9,3839.9,2896.0,3127.0,66,2,3126.5,60,2,3126.4,30,2,3126.2,5,1,3126.1,72,5,3127.3,92,6,3127.4,26,1,3127.5,217,2,3127.9,73,3,3128.0,121,2
2031,2026-06-16 10:44:43+05:30,3127.3,1,3131.48,1114924,130951.0,211317.0,3163.0,3163.0,3108.0,3134.3,31860200,3447.7,2820.9,3839.9,2896.0,3127.0,66,2,3126.5,60,2,3126.4,30,2,3126.2,5,1,3126.1,72,5,3127.3,92,6,3127.4,26,1,3127.5,217,2,3127.9,73,3,3128.0,121,2
2031,2026-06-16 10:44:43+05:30,3127.3,1,3131.48,1114924,130951.0,211317.0,3163.0,3163.0,3108.0,3134.3,31860200,3447.7,2820.9,3839.9,2896.0,3127.0,66,2,3126.5,60,2,3126.4,30,2,3126.2,5,1,3126.1,72,5,3127.3,92,6,3127.4,26,1,3127.5,217,2,3127.9,73,3,3128.0,121,2
2031,2026-06-16 10:44:43+05:30,3127.3,1,3131.48,1114925,130966.0,211452.0,3163.0,3163.0,3108.0,3134.3,31860200,3447.7,2820.9,3839.9,2896.0,3127.0,71,3,3126.5,60,2,3126.4,30,2,3126.2,5,1,3126.1,89,6,3127.3,91,6,3127.4,226,2,3127.5,30,2,3127.6,31,1,3127.7,19,1
2031,2026-06-16 10:44:44+05:30,3127.3,1,3131.48,1114925,130966.0,211452.0,3163.0,3163.0,3108.0,3134.3,31860200,3447.7,2820.9,3839.9,2896.0,3127.0,71,3,3126.5,60,2,3126.4,30,2,3126.2,5,1,3126.1,89,6,3127.3,91,6,3127.4,226,2,3127.5,30,2,3127.6,31,1,3127.7,19,1
2031,2026-06-16 10:44:44+05:30,3127.3,1,3131.48,1114925,131671.0,210980.0,3163.0,3163.0,3108.0,3134.3,31860200,3447.7,2820.9,3839.9,2896.0,3127.1,22,1,3127.0,71,3,3126.5,60,2,3126.4,4,1,3126.2,59,2,3127.3,91,6,3127.4,226,2,3127.5,17,1,3127.6,31,1,3127.7,19,1
2031,2026-06-16 10:44:44+05:30,3127.3,1,3131.48,1114925,131671.0,210980.0,3163.0,3163.0,3108.0,3134.3,31860200,3447.7,2820.9,3839.9,2896.0,3127.1,22,1,3127.0,71,3,3126.5,60,2,3126.4,4,1,3126.2,59,2,3127.3,91,6,3127.4,226,2,3127.5,17,1,3127.6,31,1,3127.7,19,1
2031,2026-06-16 10:44:45+05:30,3127.3,1,3131.48,1114925,131671.0,210980.0,3163.0,3163.0,3108.0,3134.3,31860200,3447.7,2820.9,3839.9,2896.0,3127.1,22,1,3127.0,71,3,3126.5,60,2,3126.4,4,1,3126.2,59,2,3127.3,91,6,3127.4,226,2,3127.5,17,1,3127.6,31,1,3127.7,19,1
2031,2026-06-16 10:44:45+05:30,3127.3,25,3131.48,1115093,131601.0,210831.0,3163.0,3163.0,3108.0,3134.3,31860200,3447.7,2820.9,3839.9,2896.0,3127.3,5,1,3127.2,2,2,3127.1,2,2,3127.0,71,3,3126.5,143,4,3127.4,226,2,3127.5,17,1,3127.9,1,1,3128.0,100,1,3128.1,34,3
2031,2026-06-16 10:44:46+05:30,3127.3,25,3131.48,1115093,131601.0,210831.0,3163.0,3163.0,3108.0,3134.3,31860200,3447.7,2820.9,3839.9,2896.0,3127.3,5,1,3127.2,2,2,3127.1,2,2,3127.0,71,3,3126.5,143,4,3127.4,226,2,3127.5,17,1,3127.9,1,1,3128.0,100,1,3128.1,34,3
2031,2026-06-16 10:44:46+05:30,3127.3,39,3131.48,1115093,131601.0,210831.0,3163.0,3163.0,3108.0,3134.3,31860200,3447.7,2820.9,3839.9,2896.0,3127.3,5,1,3127.2,2,2,3127.1,2,2,3127.0,71,3,3126.5,143,4,3127.4,226,2,3127.5,17,1,3127.9,1,1,3128.0,100,1,3128.1,34,3
2031,2026-06-16 10:44:46+05:30,3127.3,39,3131.48,1115137,131472.0,210964.0,3163.0,3163.0,3108.0,3134.3,31860200,3447.7,2820.9,3839.9,2896.0,3127.2,2,2,3127.1,2,2,3127.0,71,3,3126.9,13,1,3126.5,54,2,3127.3,16,1,3127.4,226,2,3127.5,17,1,3127.9,1,1,3128.0,117,2
2031,2026-06-16 10:44:47+05:30,3127.3,39,3131.48,1115137,131472.0,210964.0,3163.0,3163.0,3108.0,3134.3,31860200,3447.7,2820.9,3839.9,2896.0,3127.2,2,2,3127.1,2,2,3127.0,71,3,3126.9,13,1,3126.5,54,2,3127.3,16,1,3127.4,226,2,3127.5,17,1,3127.9,1,1,3128.0,117,2
2031,2026-06-16 10:44:47+05:30,3127.3,1,3131.48,1115137,131472.0,210964.0,3163.0,3163.0,3108.0,3134.3,31860200,3447.7,2820.9,3839.9,2896.0,3127.2,2,2,3127.1,2,2,3127.0,71,3,3126.9,13,1,3126.5,54,2,3127.3,16,1,3127.4,226,2,3127.5,17,1,3127.9,1,1,3128.0,117,2
2031,2026-06-16 10:44:47+05:30,3127.2,1,3131.48,1115141,131483.0,211102.0,3163.0,3163.0,3108.0,3134.3,31860200,3447.7,2820.9,3839.9,2896.0,3127.2,2,2,3127.1,26,3,3127.0,71,3,3126.9,13,1,3126.5,54,2,3127.3,114,2,3127.4,226,2,3127.5,17,1,3127.9,1,1,3128.0,100,1
2031,2026-06-16 10:44:48+05:30,3127.2,1,3131.48,1115141,131483.0,211102.0,3163.0,3163.0,3108.0,3134.3,31861800,3447.7,2820.9,3839.9,2896.0,3127.2,2,2,3127.1,26,3,3127.0,71,3,3126.9,13,1,3126.5,54,2,3127.3,114,2,3127.4,226,2,3127.5,17,1,3127.9,1,1,3128.0,100,1
2031,2026-06-16 10:44:48+05:30,3127.3,1,3131.48,1115141,131483.0,211102.0,3163.0,3163.0,3108.0,3134.3,31861800,3447.7,2820.9,3839.9,2896.0,3127.2,2,2,3127.1,26,3,3127.0,71,3,3126.9,13,1,3126.5,54,2,3127.3,114,2,3127.4,226,2,3127.5,17,1,3127.9,1,1,3128.0,100,1
2031,2026-06-16 10:44:48+05:30,3127.3,1,3131.48,1115142,131538.0,211108.0,3163.0,3163.0,3108.0,3134.3,31861800,3447.7,2820.9,3839.9,2896.0,3127.2,2,2,3127.1,26,3,3127.0,71,3,3126.9,13,1,3126.5,54,2,3127.3,113,2,3127.4,226,2,3127.5,17,1,3127.9,1,1,3128.0,100,1
2031,2026-06-16 10:44:49+05:30,3127.3,25,3131.48,1115280,131445.0,210811.0,3163.0,3163.0,3108.0,3134.3,31861800,3447.7,2820.9,3839.9,2896.0,3127.2,2,2,3127.1,2,2,3127.0,71,3,3126.9,13,1,3126.5,54,2,3127.4,226,2,3127.5,17,1,3127.7,11,1,3127.9,48,3,3128.0,100,1
2031,2026-06-16 10:44:50+05:30,3127.3,1,3131.48,1115280,131445.0,210811.0,3163.0,3163.0,3108.0,3134.3,31861800,3447.7,2820.9,3839.9,2896.0,3127.2,2,2,3127.1,2,2,3127.0,71,3,3126.9,13,1,3126.5,54,2,3127.4,226,2,3127.5,17,1,3127.7,11,1,3127.9,48,3,3128.0,100,1
2031,2026-06-16 10:44:50+05:30,3127.3,1,3131.48,1115283,131465.0,210916.0,3163.0,3163.0,3108.0,3134.3,31861800,3447.7,2820.9,3839.9,2896.0,3127.1,2,2,3127.0,71,3,3126.9,13,1,3126.5,54,2,3126.4,4,1,3127.3,33,1,3127.4,226,2,3127.5,17,1,3127.7,61,3,3127.9,17,2
2031,2026-06-16 10:44:51+05:30,3127.2,26,3131.48,1115283,131465.0,210916.0,3163.0,3163.0,3108.0,3134.3,31861800,3447.7,2820.9,3839.9,2896.0,3127.1,2,2,3127.0,71,3,3126.9,13,1,3126.5,54,2,3126.4,4,1,3127.3,33,1,3127.4,226,2,3127.5,17,1,3127.7,61,3,3127.9,17,2
2031,2026-06-16 10:44:51+05:30,3127.2,26,3131.48,1115312,131467.0,210973.0,3163.0,3163.0,3108.0,3134.3,31861800,3447.7,2820.9,3839.9,2896.0,3127.1,2,2,3127.0,71,3,3126.9,13,1,3126.5,54,2,3126.4,35,2,3127.3,50,3,3127.4,256,3,3127.5,17,1,3127.7,11,1,3127.8,31,1
2031,2026-06-16 10:44:53+05:30,3127.2,26,3131.48,1115312,131549.0,210289.0,3163.0,3163.0,3108.0,3134.3,31861800,3447.7,2820.9,3839.9,2896.0,3127.1,26,3,3127.0,66,2,3126.9,13,1,3126.5,54,2,3126.4,35,2,3127.3,50,3,3127.4,256,3,3127.5,17,1,3127.9,17,2,3128.0,100,1
2031,2026-06-16 10:44:53+05:30,3127.3,1,3131.48,1115312,131549.0,210289.0,3163.0,3163.0,3108.0,3134.3,31861800,3447.7,2820.9,3839.9,2896.0,3127.1,26,3,3127.0,66,2,3126.9,13,1,3126.5,54,2,3126.4,35,2,3127.3,50,3,3127.4,256,3,3127.5,17,1,3127.9,17,2,3128.0,100,1
2031,2026-06-16 10:44:54+05:30,3127.3,1,3131.48,1115364,131510.0,210601.0,3163.0,3163.0,3108.0,3134.3,31861800,3447.7,2820.9,3839.9,2896.0,3127.1,69,4,3127.0,66,2,3126.9,13,1,3126.7,9,1,3126.6,10,1,3127.2,200,1,3127.3,48,3,3127.4,256,3,3127.5,17,1,3127.9,1,1
2031,2026-06-16 10:44:54+05:30,3127.3,1,3131.48,1115364,131510.0,210601.0,3163.0,3163.0,3108.0,3134.3,31861800,3447.7,2820.9,3839.9,2896.0,3127.1,69,4,3127.0,66,2,3126.9,13,1,3126.7,9,1,3126.6,10,1,3127.2,200,1,3127.3,48,3,3127.4,256,3,3127.5,17,1,3127.9,1,1
2031,2026-06-16 10:44:55+05:30,3127.3,1,3131.48,1115811,131589.0,210266.0,3163.0,3163.0,3108.0,3134.3,31861800,3447.7,2820.9,3839.9,2896.0,3127.1,24,1,3127.0,66,2,3126.9,13,1,3126.8,22,1,3126.7,9,1,3127.2,25,1,3127.3,47,3,3127.4,256,3,3127.5,17,1,3127.9,1,1
2031,2026-06-16 10:44:55+05:30,3127.1,38,3131.48,1115811,131589.0,210266.0,3163.0,3163.0,3108.0,3134.3,31861800,3447.7,2820.9,3839.9,2896.0,3127.1,24,1,3127.0,66,2,3126.9,13,1,3126.8,22,1,3126.7,9,1,3127.2,25,1,3127.3,47,3,3127.4,256,3,3127.5,17,1,3127.9,1,1
2031,2026-06-16 10:44:56+05:30,3127.1,23,3131.48,1116302,131600.0,210202.0,3163.0,3163.0,3108.0,3134.3,31861800,3447.7,2820.9,3839.9,2896.0,3127.1,14,1,3127.0,66,2,3126.9,13,1,3126.8,23,2,3126.7,7,1,3127.2,200,1,3127.3,47,3,3127.4,256,3,3127.5,17,1,3127.9,1,1
2031,2026-06-16 10:44:56+05:30,3127.2,23,3131.48,1116302,131600.0,210202.0,3163.0,3163.0,3108.0,3134.3,31861800,3447.7,2820.9,3839.9,2896.0,3127.1,14,1,3127.0,66,2,3126.9,13,1,3126.8,23,2,3126.7,7,1,3127.2,200,1,3127.3,47,3,3127.4,256,3,3127.5,17,1,3127.9,1,1
2031,2026-06-16 10:44:57+05:30,3127.3,33,3131.47,1117108,131735.0,209242.0,3163.0,3163.0,3108.0,3134.3,31861800,3447.7,2820.9,3839.9,2896.0,3127.1,18,1,3127.0,66,2,3126.9,51,4,3126.8,67,4,3126.7,21,2,3127.3,167,1,3127.4,256,3,3127.5,17,1,3127.9,1,1,3128.0,100,1
2031,2026-06-16 10:44:57+05:30,3127.2,64,3131.47,1117108,131735.0,209242.0,3163.0,3163.0,3108.0,3134.3,31861800,3447.7,2820.9,3839.9,2896.0,3127.1,18,1,3127.0,66,2,3126.9,51,4,3126.8,67,4,3126.7,21,2,3127.3,167,1,3127.4,256,3,3127.5,17,1,3127.9,1,1,3128.0,100,1
2031,2026-06-16 10:44:58+05:30,3127.0,95,3131.47,1117484,131695.0,209926.0,3163.0,3163.0,3108.0,3134.3,31861800,3447.7,2820.9,3839.9,2896.0,3126.9,13,1,3126.7,38,3,3126.6,14,2,3126.5,100,5,3126.4,55,4,3127.3,117,2,3127.4,256,3,3127.5,17,1,3127.9,1,1,3128.0,22,1
2031,2026-06-16 10:44:58+05:30,3127.0,95,3131.47,1117484,131695.0,209926.0,3163.0,3163.0,3108.0,3134.3,31861800,3447.7,2820.9,3839.9,2896.0,3126.9,13,1,3126.7,38,3,3126.6,14,2,3126.5,100,5,3126.4,55,4,3127.3,117,2,3127.4,256,3,3127.5,17,1,3127.9,1,1,3128.0,22,1
2031,2026-06-16 10:44:59+05:30,3127.2,60,3131.47,1118085,131754.0,209699.0,3163.0,3163.0,3108.0,3134.3,31861800,3447.7,2820.9,3839.9,2896.0,3127.0,67,7,3126.9,86,5,3126.8,123,8,3126.7,23,2,3126.6,59,5,3127.2,140,1,3127.3,19,1,3127.4,256,3,3127.5,17,1,3127.9,1,1
2031,2026-06-16 10:44:59+05:30,3127.0,3,3131.47,1118085,131754.0,209699.0,3163.0,3163.0,3108.0,3134.3,31861800,3447.7,2820.9,3839.9,2896.0,3127.0,67,7,3126.9,86,5,3126.8,123,8,3126.7,23,2,3126.6,59,5,3127.2,140,1,3127.3,19,1,3127.4,256,3,3127.5,17,1,3127.9,1,1
2031,2026-06-16 10:45:00+05:30,3127.2,1,3131.47,1118608,131876.0,209397.0,3163.0,3163.0,3108.0,3134.3,31861800,3447.7,2820.9,3839.9,2896.0,3127.1,23,4,3127.0,88,5,3126.9,35,4,3126.8,63,5,3126.7,18,2,3127.2,198,1,3127.3,19,1,3127.4,26,1,3127.5,200,1,3127.9,1,1
2031,2026-06-16 10:45:00+05:30,3127.1,33,3131.47,1118608,131876.0,209397.0,3163.0,3163.0,3108.0,3134.3,31861800,3447.7,2820.9,3839.9,2896.0,3127.1,23,4,3127.0,88,5,3126.9,35,4,3126.8,63,5,3126.7,18,2,3127.2,198,1,3127.3,19,1,3127.4,26,1,3127.5,200,1,3127.9,1,1
2031,2026-06-16 10:45:01+05:30,3127.1,10,3131.47,1118958,131996.0,208788.0,3163.0,3163.0,3108.0,3134.3,31861800,3447.7,2820.9,3839.9,2896.0,3127.1,106,5,3127.0,65,5,3126.9,50,4,3126.8,63,5,3126.7,48,4,3127.3,19,1,3127.4,26,1,3127.5,23,1,3127.7,200,1,3127.9,1,1
2031,2026-06-16 10:45:01+05:30,3127.1,10,3131.47,1118958,131996.0,208788.0,3163.0,3163.0,3108.0,3134.3,31861800,3447.7,2820.9,3839.9,2896.0,3127.1,106,5,3127.0,65,5,3126.9,50,4,3126.8,63,5,3126.7,48,4,3127.3,19,1,3127.4,26,1,3127.5,23,1,3127.7,200,1,3127.9,1,1
2031,2026-06-16 10:45:02+05:30,3127.1,200,3131.47,1118958,131996.0,208788.0,3163.0,3163.0,3108.0,3134.3,31861800,3447.7,2820.9,3839.9,2896.0,3127.1,106,5,3127.0,65,5,3126.9,50,4,3126.8,63,5,3126.7,48,4,3127.3,19,1,3127.4,26,1,3127.5,23,1,3127.7,200,1,3127.9,1,1
2031,2026-06-16 10:45:02+05:30,3127.1,200,3131.46,1119358,131327.0,209258.0,3163.0,3163.0,3108.0,3134.3,31861800,3447.7,2820.9,3839.9,2896.0,3127.1,71,3,3127.0,29,2,3126.9,22,2,3126.8,25,2,3126.7,14,1,3127.3,19,1,3127.4,26,1,3127.5,223,2,3127.6,40,1,3127.7,223,2
2031,2026-06-16 10:45:03+05:30,3127.0,85,3131.46,1119358,131327.0,209258.0,3163.0,3163.0,3108.0,3134.3,31861800,3447.7,2820.9,3839.9,2896.0,3127.1,71,3,3127.0,29,2,3126.9,22,2,3126.8,25,2,3126.7,14,1,3127.3,19,1,3127.4,26,1,3127.5,223,2,3127.6,40,1,3127.7,223,2
2031,2026-06-16 10:45:03+05:30,3127.0,85,3131.46,1119650,131259.0,209471.0,3163.0,3163.0,3108.0,3134.3,31861800,3447.7,2820.9,3839.9,2896.0,3126.9,16,2,3126.7,31,2,3126.6,10,2,3126.5,29,3,3126.4,61,4,3127.0,78,1,3127.5,206,2,3127.6,40,1,3127.7,200,1,3127.9,1,1
2031,2026-06-16 10:45:04+05:30,3127.0,46,3131.46,1119650,131259.0,209471.0,3163.0,3163.0,3108.0,3134.3,31861800,3447.7,2820.9,3839.9,2896.0,3126.9,16,2,3126.7,31,2,3126.6,10,2,3126.5,29,3,3126.4,61,4,3127.0,78,1,3127.5,206,2,3127.6,40,1,3127.7,200,1,3127.9,1,1
2031,2026-06-16 10:45:04+05:30,3127.0,46,3131.46,1119792,132029.0,209663.0,3163.0,3163.0,3108.0,3134.3,31861800,3447.7,2820.9,3839.9,2896.0,3127.0,24,1,3126.9,61,4,3126.7,14,1,3126.6,39,4,3126.5,61,4,3127.4,200,1,3127.5,24,2,3127.6,40,1,3127.7,223,2,3127.9,1,1
2031,2026-06-16 10:45:05+05:30,3127.0,8,3131.46,1119792,132029.0,209663.0,3163.0,3163.0,3108.0,3134.3,31861800,3447.7,2820.9,3839.9,2896.0,3127.0,24,1,3126.9,61,4,3126.7,14,1,3126.6,39,4,3126.5,61,4,3127.4,200,1,3127.5,24,2,3127.6,40,1,3127.7,223,2,3127.9,1,1
2031,2026-06-16 10:45:05+05:30,3127.0,8,3131.46,1119800,132021.0,209663.0,3163.0,3163.0,3108.0,3134.3,31861800,3447.7,2820.9,3839.9,2896.0,3127.0,16,1,3126.9,61,4,3126.8,17,1,3126.7,14,1,3126.6,56,5,3127.4,23,1,3127.5,224,3,3127.6,40,1,3127.7,200,1,3127.9,1,1
2031,2026-06-16 10:45:06+05:30,3127.5,14,3131.46,1119800,132021.0,209663.0,3163.0,3163.0,3108.0,3134.3,31861800,3447.7,2820.9,3839.9,2896.0,3127.0,16,1,3126.9,61,4,3126.8,17,1,3126.7,14,1,3126.6,56,5,3127.4,23,1,3127.5,224,3,3127.6,40,1,3127.7,200,1,3127.9,1,1
2031,2026-06-16 10:45:06+05:30,3127.5,14,3131.46,1119874,132118.0,209681.0,3163.0,3163.0,3108.0,3134.3,31861800,3447.7,2820.9,3839.9,2896.0,3127.1,15,1,3127.0,82,6,3126.9,99,6,3126.8,28,2,3126.7,44,3,3127.5,186,1,3127.6,40,1,3127.7,223,2,3127.9,1,1,3128.1,1,1
2031,2026-06-16 10:45:07+05:30,3127.5,6,3131.46,1119874,132118.0,209681.0,3163.0,3163.0,3108.0,3134.3,31861800,3447.7,2820.9,3839.9,2896.0,3127.1,15,1,3127.0,82,6,3126.9,99,6,3126.8,28,2,3126.7,44,3,3127.5,186,1,3127.6,40,1,3127.7,223,2,3127.9,1,1,3128.1,1,1
2031,2026-06-16 10:45:07+05:30,3127.5,6,3131.46,1119932,132137.0,209703.0,3163.0,3163.0,3108.0,3134.3,31861800,3447.7,2820.9,3839.9,2896.0,3127.1,12,1,3127.0,69,6,3126.9,99,6,3126.8,45,2,3126.7,16,2,3127.5,200,2,3127.6,40,1,3127.7,223,2,3127.9,1,1,3128.1,1,1
2031,2026-06-16 10:45:08+05:30,3127.5,6,3131.46,1119932,132141.0,209732.0,3163.0,3163.0,3108.0,3134.3,31861800,3447.7,2820.9,3839.9,2896.0,3127.1,68,5,3127.0,37,4,3126.9,99,6,3126.8,45,2,3126.7,16,2,3127.5,225,3,3127.6,40,1,3127.7,223,2,3127.9,1,1,3128.1,1,1
2031,2026-06-16 10:45:09+05:30,3127.5,1,3131.46,1119932,132141.0,209732.0,3163.0,3163.0,3108.0,3134.3,31861800,3447.7,2820.9,3839.9,2896.0,3127.1,68,5,3127.0,37,4,3126.9,99,6,3126.8,45,2,3126.7,16,2,3127.5,225,3,3127.6,40,1,3127.7,223,2,3127.9,1,1,3128.1,1,1
2031,2026-06-16 10:45:09+05:30,3127.5,1,3131.46,1119933,132154.0,210067.0,3163.0,3163.0,3108.0,3134.3,31861800,3447.7,2820.9,3839.9,2896.0,3127.3,3,1,3127.2,30,2,3127.1,66,5,3127.0,25,3,3126.9,116,7,3127.5,224,3,3127.6,40,1,3127.7,223,2,3127.9,1,1,3128.1,1,1
2031,2026-06-16 10:45:10+05:30,3127.5,8,3131.46,1119933,132154.0,210067.0,3163.0,3163.0,3108.0,3134.3,31861800,3447.7,2820.9,3839.9,2896.0,3127.3,3,1,3127.2,30,2,3127.1,66,5,3127.0,25,3,3126.9,116,7,3127.5,224,3,3127.6,40,1,3127.7,223,2,3127.9,1,1,3128.1,1,1
2031,2026-06-16 10:45:10+05:30,3127.5,8,3131.46,1119941,132408.0,209955.0,3163.0,3163.0,3108.0,3134.3,31861800,3447.7,2820.9,3839.9,2896.0,3127.4,26,1,3127.3,37,3,3127.2,39,3,3127.1,31,3,3127.0,49,5,3127.5,216,3,3127.6,40,1,3127.7,223,2,3127.9,1,1,3128.1,1,1
2031,2026-06-16 10:45:11+05:30,3127.6,200,3131.46,1119941,132408.0,209955.0,3163.0,3163.0,3108.0,3134.3,31861800,3447.7,2820.9,3839.9,2896.0,3127.4,26,1,3127.3,37,3,3127.2,39,3,3127.1,31,3,3127.0,49,5,3127.5,216,3,3127.6,40,1,3127.7,223,2,3127.9,1,1,3128.1,1,1
2031,2026-06-16 10:45:11+05:30,3127.6,200,3131.46,1120417,132142.0,208619.0,3163.0,3163.0,3108.0,3134.3,31861800,3447.7,2820.9,3839.9,2896.0,3127.6,41,6,3127.5,8,3,3127.4,48,5,3127.3,7,3,3127.2,64,5,3127.7,23,1,3127.9,201,2,3128.1,1,1,3128.6,22,1,3128.7,32,1
2031,2026-06-16 10:45:12+05:30,3127.6,1,3131.46,1120437,131809.0,209453.0,3163.0,3163.0,3108.0,3134.3,31861800,3447.7,2820.9,3839.9,2896.0,3127.5,2,1,3127.4,52,5,3127.3,6,2,3127.2,42,4,3127.1,6,1,3127.6,180,1,3127.7,23,1,3127.9,224,3,3128.1,1,1,3128.4,21,1
2031,2026-06-16 10:45:13+05:30,3127.6,1,3131.46,1120437,131809.0,209453.0,3163.0,3163.0,3108.0,3134.3,31861800,3447.7,2820.9,3839.9,2896.0,3127.5,2,1,3127.4,52,5,3127.3,6,2,3127.2,42,4,3127.1,6,1,3127.6,180,1,3127.7,23,1,3127.9,224,3,3128.1,1,1,3128.4,21,1
2031,2026-06-16 10:45:13+05:30,3127.6,1,3131.46,1120438,132019.0,209490.0,3163.0,3163.0,3108.0,3134.3,31861800,3447.7,2820.9,3839.9,2896.0,3127.5,63,5,3127.4,6,2,3127.3,6,2,3127.2,59,5,3127.1,6,1,3127.6,200,2,3127.7,23,1,3127.9,224,3,3128.1,1,1,3128.4,21,1
2031,2026-06-16 10:45:14+05:30,3127.6,1,3131.46,1120438,132019.0,209490.0,3163.0,3163.0,3108.0,3134.3,31861800,3447.7,2820.9,3839.9,2896.0,3127.5,63,5,3127.4,6,2,3127.3,6,2,3127.2,59,5,3127.1,6,1,3127.6,200,2,3127.7,23,1,3127.9,224,3,3128.1,1,1,3128.4,21,1
2031,2026-06-16 10:45:14+05:30,3127.6,10,3131.46,1120461,132053.0,209497.0,3163.0,3163.0,3108.0,3134.3,31861800,3447.7,2820.9,3839.9,2896.0,3127.5,78,5,3127.4,3,1,3127.3,6,2,3127.2,44,4,3127.1,6,1,3127.6,177,2,3127.7,23,1,3127.9,224,3,3128.1,1,1,3128.4,21,1
2031,2026-06-16 10:45:15+05:30,3127.5,34,3131.46,1120461,132053.0,209497.0,3163.0,3163.0,3108.0,3134.3,31861800,3447.7,2820.9,3839.9,2896.0,3127.5,78,5,3127.4,3,1,3127.3,6,2,3127.2,44,4,3127.1,6,1,3127.6,177,2,3127.7,23,1,3127.9,224,3,3128.1,1,1,3128.4,21,1
2031,2026-06-16 10:45:15+05:30,3127.5,34,3131.46,1120502,132193.0,209493.0,3163.0,3163.0,3108.0,3134.3,31861800,3447.7,2820.9,3839.9,2896.0,3127.5,29,5,3127.4,29,2,3127.3,6,2,3127.2,57,5,3127.1,6,1,3127.6,172,2,3127.7,23,1,3127.9,224,3,3128.1,1,1,3128.4,21,1
2031,2026-06-16 10:45:16+05:30,3127.5,7,3131.46,1120502,132193.0,209493.0,3163.0,3163.0,3108.0,3134.3,31861800,3447.7,2820.9,3839.9,2896.0,3127.5,29,5,3127.4,29,2,3127.3,6,2,3127.2,57,5,3127.1,6,1,3127.6,172,2,3127.7,23,1,3127.9,224,3,3128.1,1,1,3128.4,21,1
2031,2026-06-16 10:45:17+05:30,3127.6,21,3131.46,1120697,132152.0,209094.0,3163.0,3163.0,3108.0,3134.3,31861800,3447.7,2820.9,3839.9,2896.0,3127.6,2,1,3127.5,22,4,3127.4,17,1,3127.3,6,2,3127.2,44,4,3127.7,23,1,3127.9,224,3,3128.1,1,1,3128.6,76,2,3128.7,66,2
2031,2026-06-16 10:45:17+05:30,3127.7,1,3131.46,1120697,132152.0,209094.0,3163.0,3163.0,3108.0,3134.3,31861800,3447.7,2820.9,3839.9,2896.0,3127.6,2,1,3127.5,22,4,3127.4,17,1,3127.3,6,2,3127.2,44,4,3127.7,23,1,3127.9,224,3,3128.1,1,1,3128.6,76,2,3128.7,66,2
2031,2026-06-16 10:45:18+05:30,3127.7,2,3131.46,1120700,132177.0,208968.0,3163.0,3163.0,3108.0,3134.3,31861800,3447.7,2820.9,3839.9,2896.0,3127.5,3,2,3127.4,34,2,3127.3,6,2,3127.2,59,5,3127.1,6,1,3127.6,200,1,3127.7,20,1,3127.9,224,3,3128.1,1,1,3128.5,14,1
2031,2026-06-16 10:45:18+05:30,3127.7,2,3131.46,1120700,132177.0,208968.0,3163.0,3163.0,3108.0,3134.3,31861800,3447.7,2820.9,3839.9,2896.0,3127.5,3,2,3127.4,34,2,3127.3,6,2,3127.2,59,5,3127.1,6,1,3127.6,200,1,3127.7,20,1,3127.9,224,3,3128.1,1,1,3128.5,14,1
2031,2026-06-16 10:45:19+05:30,3127.9,56,3131.46,1121000,132267.0,208701.0,3163.0,3163.0,3108.0,3134.3,31861800,3447.7,2820.9,3839.9,2896.0,3127.5,20,4,3127.4,20,2,3127.3,6,2,3127.2,38,3,3127.1,6,1,3127.6,33,1,3127.9,223,2,3128.1,145,2,3128.6,76,2,3128.7,34,1
2031,2026-06-16 10:45:19+05:30,3127.5,2,3131.46,1121000,132267.0,208701.0,3163.0,3163.0,3108.0,3134.3,31861800,3447.7,2820.9,3839.9,2896.0,3127.5,20,4,3127.4,20,2,3127.3,6,2,3127.2,38,3,3127.1,6,1,3127.6,33,1,3127.9,223,2,3128.1,145,2,3128.6,76,2,3128.7,34,1
2031,2026-06-16 10:45:20+05:30,3127.6,1,3131.46,1121084,132647.0,207593.0,3163.0,3163.0,3108.0,3134.3,31861800,3447.7,2820.9,3839.9,2896.0,3127.5,30,7,3127.4,27,2,3127.3,26,3,3127.2,78,5,3127.1,6,1,3127.6,9,1,3127.9,23,1,3128.1,21,2,3128.8,21,1,3128.9,268,3
2031,2026-06-16 10:45:20+05:30,3127.6,1,3131.46,1121084,132647.0,207593.0,3163.0,3163.0,3108.0,3134.3,31861800,3447.7,2820.9,3839.9,2896.0,3127.5,30,7,3127.4,27,2,3127.3,26,3,3127.2,78,5,3127.1,6,1,3127.6,9,1,3127.9,23,1,3128.1,21,2,3128.8,21,1,3128.9,268,3
2031,2026-06-16 10:45:21+05:30,3127.6,1,3131.46,1121084,132931.0,207584.0,3163.0,3163.0,3108.0,3134.3,31861800,3447.7,2820.9,3839.9,2896.0,3127.5,66,8,3127.4,13,2,3127.3,10,3,3127.2,111,6,3127.1,27,2,3127.6,29,2,3127.9,24,2,3128.1,21,2,3128.8,21,1,3128.9,268,3
2031,2026-06-16 10:45:22+05:30,3127.6,1,3131.46,1121094,132922.0,207612.0,3163.0,3163.0,3108.0,3134.3,31861800,3447.7,2820.9,3839.9,2896.0,3127.5,70,7,3127.4,53,4,3127.3,45,5,3127.2,69,5,3127.1,6,1,3127.6,19,1,3127.9,24,2,3128.1,21,2,3128.8,21,1,3128.9,68,2
2031,2026-06-16 10:45:22+05:30,3127.6,1,3131.46,1121094,132922.0,207612.0,3163.0,3163.0,3108.0,3134.3,31861800,3447.7,2820.9,3839.9,2896.0,3127.5,70,7,3127.4,53,4,3127.3,45,5,3127.2,69,5,3127.1,6,1,3127.6,19,1,3127.9,24,2,3128.1,21,2,3128.8,21,1,3128.9,68,2
2031,2026-06-16 10:45:23+05:30,3127.6,14,3131.46,1121108,132939.0,207553.0,3163.0,3163.0,3108.0,3134.3,31861800,3447.7,2820.9,3839.9,2896.0,3127.5,92,8,3127.4,33,2,3127.3,41,5,3127.2,68,4,3127.1,6,1,3127.6,7,2,3127.9,24,2,3128.1,21,2,3128.8,21,1,3128.9,68,2
2031,2026-06-16 10:45:23+05:30,3127.5,1,3131.46,1121108,132939.0,207553.0,3163.0,3163.0,3108.0,3134.3,31861800,3447.7,2820.9,3839.9,2896.0,3127.5,92,8,3127.4,33,2,3127.3,41,5,3127.2,68,4,3127.1,6,1,3127.6,7,2,3127.9,24,2,3128.1,21,2,3128.8,21,1,3128.9,68,2
2031,2026-06-16 10:45:24+05:30,3127.5,4,3131.46,1121172,132523.0,208524.0,3163.0,3163.0,3108.0,3134.3,31861800,3447.7,2820.9,3839.9,2896.0,3127.4,23,1,3127.3,3,1,3127.2,31,2,3127.0,35,3,3126.9,12,2,3127.5,138,1,3127.6,8,3,3127.9,24,2,3128.1,21,2,3128.6,20,1
2031,2026-06-16 10:45:24+05:30,3127.5,131,3131.46,1121172,132523.0,208524.0,3163.0,3163.0,3108.0,3134.3,31861800,3447.7,2820.9,3839.9,2896.0,3127.4,23,1,3127.3,3,1,3127.2,31,2,3127.0,35,3,3126.9,12,2,3127.5,138,1,3127.6,8,3,3127.9,24,2,3128.1,21,2,3128.6,20,1
2031,2026-06-16 10:45:25+05:30,3127.5,7,3131.46,1121310,132525.0,208657.0,3163.0,3163.0,3108.0,3134.3,31861800,3447.7,2820.9,3839.9,2896.0,3127.4,23,1,3127.3,3,1,3127.2,17,1,3127.0,35,3,3126.9,12,2,3127.5,20,1,3127.6,6,2,3127.9,24,2,3128.1,21,2,3128.2,33,1
2031,2026-06-16 10:45:25+05:30,3127.5,1,3131.46,1121310,132525.0,208657.0,3163.0,3163.0,3108.0,3134.3,31861800,3447.7,2820.9,3839.9,2896.0,3127.4,23,1,3127.3,3,1,3127.2,17,1,3127.0,35,3,3126.9,12,2,3127.5,20,1,3127.6,6,2,3127.9,24,2,3128.1,21,2,3128.2,33,1
2031,2026-06-16 10:45:26+05:30,3128.2,17,3131.46,1121438,132582.0,208341.0,3163.0,3163.0,3108.0,3134.3,31861800,3447.7,2820.9,3839.9,2896.0,3127.4,23,1,3127.3,3,1,3127.0,11,1,3126.9,66,2,3126.8,78,5,3128.3,13,1,3128.4,228,3,3128.5,19,1,3128.6,334,7,3128.8,165,6
2031,2026-06-16 10:45:26+05:30,3128.2,17,3131.46,1121438,132582.0,208341.0,3163.0,3163.0,3108.0,3134.3,31861800,3447.7,2820.9,3839.9,2896.0,3127.4,23,1,3127.3,3,1,3127.0,11,1,3126.9,66,2,3126.8,78,5,3128.3,13,1,3128.4,228,3,3128.5,19,1,3128.6,334,7,3128.8,165,6
2031,2026-06-16 10:45:27+05:30,3128.3,1,3131.46,1121439,132489.0,208031.0,3163.0,3163.0,3108.0,3134.3,31861800,3447.7,2820.9,3839.9,2896.0,3127.3,3,1,3127.0,31,2,3126.8,48,5,3126.7,82,4,3126.6,55,6,3128.3,21,2,3128.4,54,3,3128.5,37,1,3128.6,191,6,3128.8,346,6
2031,2026-06-16 10:45:27+05:30,3128.3,1,3131.46,1121439,132489.0,208031.0,3163.0,3163.0,3108.0,3134.3,31861800,3447.7,2820.9,3839.9,2896.0,3127.3,3,1,3127.0,31,2,3126.8,48,5,3126.7,82,4,3126.6,55,6,3128.3,21,2,3128.4,54,3,3128.5,37,1,3128.6,191,6,3128.8,346,6
2031,2026-06-16 10:45:28+05:30,3128.5,5,3131.46,1121439,132489.0,208031.0,3163.0,3163.0,3108.0,3134.3,31861800,3447.7,2820.9,3839.9,2896.0,3127.3,3,1,3127.0,31,2,3126.8,48,5,3126.7,82,4,3126.6,55,6,3128.3,21,2,3128.4,54,3,3128.5,37,1,3128.6,191,6,3128.8,346,6
2031,2026-06-16 10:45:28+05:30,3128.5,5,3131.46,1121548,132665.0,207823.0,3163.0,3163.0,3108.0,3134.3,31861800,3447.7,2820.9,3839.9,2896.0,3127.6,24,2,3127.5,5,1,3127.3,3,1,3127.0,96,4,3126.9,101,3,3128.5,50,2,3128.6,111,3,3128.8,7,1,3128.9,322,5,3129.0,114,6
2031,2026-06-16 10:45:29+05:30,3128.5,5,3131.46,1121548,132805.0,207696.0,3163.0,3163.0,3108.0,3134.3,31861800,3447.7,2820.9,3839.9,2896.0,3127.6,39,3,3127.5,5,1,3127.4,20,2,3127.3,18,2,3127.2,37,3,3128.3,14,1,3128.5,18,1,3128.6,38,1,3128.8,200,1,3128.9,147,4
2031,2026-06-16 10:45:30+05:30,3128.5,5,3131.46,1121548,132805.0,207696.0,3163.0,3163.0,3108.0,3134.3,31861800,3447.7,2820.9,3839.9,2896.0,3127.6,39,3,3127.5,5,1,3127.4,20,2,3127.3,18,2,3127.2,37,3,3128.3,14,1,3128.5,18,1,3128.6,38,1,3128.8,200,1,3128.9,147,4
2031,2026-06-16 10:45:30+05:30,3128.5,5,3131.46,1121548,132961.0,207964.0,3163.0,3163.0,3108.0,3134.3,31861800,3447.7,2820.9,3839.9,2896.0,3128.0,2,2,3127.9,25,1,3127.8,2,1,3127.6,17,3,3127.5,5,1,3128.3,15,2,3128.5,18,1,3128.6,38,1,3128.8,23,1,3128.9,287,3
2031,2026-06-16 10:45:31+05:30,3128.3,74,3131.46,1121548,132961.0,207964.0,3163.0,3163.0,3108.0,3134.3,31861800,3447.7,2820.9,3839.9,2896.0,3128.0,2,2,3127.9,25,1,3127.8,2,1,3127.6,17,3,3127.5,5,1,3128.3,15,2,3128.5,18,1,3128.6,38,1,3128.8,23,1,3128.9,287,3
2031,2026-06-16 10:45:31+05:30,3128.3,74,3131.46,1121681,132619.0,208055.0,3163.0,3163.0,3108.0,3134.3,31861800,3447.7,2820.9,3839.9,2896.0,3128.3,24,1,3128.0,2,2,3127.8,2,1,3127.6,17,3,3127.5,2,1,3128.5,31,2,3128.6,65,3,3128.7,31,1,3128.8,274,5,3128.9,87,2
2031,2026-06-16 10:45:31+05:30,3128.3,74,3131.46,1121681,132619.0,208055.0,3163.0,3163.0,3108.0,3134.3,31861800,3447.7,2820.9,3839.9,2896.0,3128.3,24,1,3128.0,2,2,3127.8,2,1,3127.6,17,3,3127.5,2,1,3128.5,31,2,3128.6,65,3,3128.7,31,1,3128.8,274,5,3128.9,87,2
2031,2026-06-16 10:45:32+05:30,3128.3,4,3131.46,1121681,132619.0,208055.0,3163.0,3163.0,3108.0,3134.3,31861800,3447.7,2820.9,3839.9,2896.0,3128.3,24,1,3128.0,2,2,3127.8,2,1,3127.6,17,3,3127.5,2,1,3128.5,31,2,3128.6,65,3,3128.7,31,1,3128.8,274,5,3128.9,87,2
2031,2026-06-16 10:45:32+05:30,3128.3,4,3131.46,1121685,133155.0,207663.0,3163.0,3163.0,3108.0,3134.3,31861800,3447.7,2820.9,3839.9,2896.0,3128.3,58,3,3128.0,2,2,3127.9,7,1,3127.8,12,2,3127.7,81,3,3128.5,39,2,3128.6,38,1,3128.8,23,1,3128.9,200,1,3129.0,62,4
2031,2026-06-16 10:45:33+05:30,3128.5,1,3131.46,1121685,133155.0,207663.0,3163.0,3163.0,3108.0,3134.3,31861800,3447.7,2820.9,3839.9,2896.0,3128.3,58,3,3128.0,2,2,3127.9,7,1,3127.8,12,2,3127.7,81,3,3128.5,39,2,3128.6,38,1,3128.8,23,1,3128.9,200,1,3129.0,62,4
2031,2026-06-16 10:45:33+05:30,3128.5,1,3131.46,1121686,133917.0,207313.0,3163.0,3163.0,3108.0,3134.3,31861800,3447.7,2820.9,3839.9,2896.0,3128.3,58,3,3128.0,2,2,3127.9,7,1,3127.8,44,3,3127.7,81,3,3128.5,38,2,3128.6,38,1,3128.8,23,1,3128.9,23,1,3129.0,262,5
2031,2026-06-16 10:45:34+05:30,3128.5,1,3131.46,1121686,133917.0,207313.0,3163.0,3163.0,3108.0,3134.3,31861800,3447.7,2820.9,3839.9,2896.0,3128.3,58,3,3128.0,2,2,3127.9,7,1,3127.8,44,3,3127.7,81,3,3128.5,38,2,3128.6,38,1,3128.8,23,1,3128.9,23,1,3129.0,262,5
2031,2026-06-16 10:45:34+05:30,3128.5,1,3131.46,1121686,133917.0,207313.0,3163.0,3163.0,3108.0,3134.3,31861800,3447.7,2820.9,3839.9,2896.0,3128.3,58,3,3128.0,2,2,3127.9,7,1,3127.8,44,3,3127.7,81,3,3128.5,38,2,3128.6,38,1,3128.8,23,1,3128.9,23,1,3129.0,262,5
2031,2026-06-16 10:45:34+05:30,3128.5,1,3131.46,1121692,133924.0,207436.0,3163.0,3163.0,3108.0,3134.3,31861800,3447.7,2820.9,3839.9,2896.0,3128.3,58,3,3128.0,2,2,3127.9,23,1,3127.8,44,3,3127.7,64,2,3128.5,71,3,3128.6,38,1,3128.8,23,1,3128.9,223,2,3129.0,62,4
2031,2026-06-16 10:45:35+05:30,3128.4,2,3131.46,1121692,133924.0,207436.0,3163.0,3163.0,3108.0,3134.3,31861800,3447.7,2820.9,3839.9,2896.0,3128.3,58,3,3128.0,2,2,3127.9,23,1,3127.8,44,3,3127.7,64,2,3128.5,71,3,3128.6,38,1,3128.8,23,1,3128.9,223,2,3129.0,62,4
2031,2026-06-16 10:45:35+05:30,3128.4,2,3131.46,1121692,133924.0,207436.0,3163.0,3163.0,3108.0,3134.3,31861800,3447.7,2820.9,3839.9,2896.0,3128.3,58,3,3128.0,2,2,3127.9,23,1,3127.8,44,3,3127.7,64,2,3128.5,71,3,3128.6,38,1,3128.8,23,1,3128.9,223,2,3129.0,62,4
2031,2026-06-16 10:45:35+05:30,3127.0,100,3131.45,1122352,130772.0,208481.0,3163.0,3163.0,3108.0,3134.3,31861800,3447.7,2820.9,3839.9,2896.0,3126.8,28,2,3126.6,15,1,3126.5,19,2,3126.4,31,3,3126.3,12,1,3127.1,82,1,3127.2,200,1,3127.8,19,1,3128.0,30,2,3128.1,49,2
2031,2026-06-16 10:45:36+05:30,3127.2,1,3131.45,1122352,130772.0,208481.0,3163.0,3163.0,3108.0,3134.3,31861800,3447.7,2820.9,3839.9,2896.0,3126.8,28,2,3126.6,15,1,3126.5,19,2,3126.4,31,3,3126.3,12,1,3127.1,82,1,3127.2,200,1,3127.8,19,1,3128.0,30,2,3128.1,49,2
2031,2026-06-16 10:45:37+05:30,3127.2,1,3131.45,1122675,131181.0,208875.0,3163.0,3163.0,3108.0,3134.3,31861800,3447.7,2820.9,3839.9,2896.0,3126.9,10,1,3126.8,80,4,3126.7,6,1,3126.6,43,3,3126.5,25,3,3127.1,25,1,3128.0,20,1,3128.1,15,1,3128.2,110,3,3128.3,273,4
2031,2026-06-16 10:45:37+05:30,3126.9,50,3131.45,1122675,131181.0,208875.0,3163.0,3163.0,3108.0,3134.3,31861800,3447.7,2820.9,3839.9,2896.0,3126.9,10,1,3126.8,80,4,3126.7,6,1,3126.6,43,3,3126.5,25,3,3127.1,25,1,3128.0,20,1,3128.1,15,1,3128.2,110,3,3128.3,273,4
2031,2026-06-16 10:45:37+05:30,3126.9,50,3131.45,1122675,131181.0,208875.0,3163.0,3163.0,3108.0,3134.3,31861800,3447.7,2820.9,3839.9,2896.0,3126.9,10,1,3126.8,80,4,3126.7,6,1,3126.6,43,3,3126.5,25,3,3127.1,25,1,3128.0,20,1,3128.1,15,1,3128.2,110,3,3128.3,273,4
2031,2026-06-16 10:45:38+05:30,3126.9,50,3131.45,1122804,131462.0,208812.0,3163.0,3163.0,3108.0,3134.3,31861800,3447.7,2820.9,3839.9,2896.0,3126.9,50,3,3126.8,226,8,3126.7,6,1,3126.6,45,4,3126.5,110,5,3128.3,11,1,3128.4,270,4,3128.5,71,3,3128.6,334,6,3128.8,98,5
2031,2026-06-16 10:45:38+05:30,3126.9,50,3131.45,1122804,131462.0,208812.0,3163.0,3163.0,3108.0,3134.3,31861800,3447.7,2820.9,3839.9,2896.0,3126.9,50,3,3126.8,226,8,3126.7,6,1,3126.6,45,4,3126.5,110,5,3128.3,11,1,3128.4,270,4,3128.5,71,3,3128.6,334,6,3128.8,98,5
2031,2026-06-16 10:45:39+05:30,3126.9,50,3131.45,1122804,132131.0,208612.0,3163.0,3163.0,3108.0,3134.3,31861800,3447.7,2820.9,3839.9,2896.0,3127.0,90,6,3126.9,102,5,3126.8,205,7,3126.7,27,2,3126.6,75,5,3128.3,29,1,3128.4,261,3,3128.5,57,3,3128.6,354,6,3128.8,67,4
2031,2026-06-16 10:45:40+05:30,3128.3,1,3131.45,1122805,132193.0,208653.0,3163.0,3163.0,3108.0,3134.3,31861800,3447.7,2820.9,3839.9,2896.0,3127.0,112,6,3126.9,102,5,3126.8,205,7,3126.7,6,1,3126.6,96,6,3128.3,28,1,3128.4,283,4,3128.5,57,3,3128.6,354,6,3128.8,98,5
2031,2026-06-16 10:45:40+05:30,3128.3,1,3131.45,1122805,132193.0,208653.0,3163.0,3163.0,3108.0,3134.3,31861800,3447.7,2820.9,3839.9,2896.0,3127.0,112,6,3126.9,102,5,3126.8,205,7,3126.7,6,1,3126.6,96,6,3128.3,28,1,3128.4,283,4,3128.5,57,3,3128.6,354,6,3128.8,98,5
2031,2026-06-16 10:45:40+05:30,3128.3,1,3131.45,1122805,132193.0,208653.0,3163.0,3163.0,3108.0,3134.3,31861800,3447.7,2820.9,3839.9,2896.0,3127.0,112,6,3126.9,102,5,3126.8,205,7,3126.7,6,1,3126.6,96,6,3128.3,28,1,3128.4,283,4,3128.5,57,3,3128.6,354,6,3128.8,98,5
2031,2026-06-16 10:45:41+05:30,3128.3,1,3131.45,1122805,132035.0,208955.0,3163.0,3163.0,3108.0,3134.3,31861800,3447.7,2820.9,3839.9,2896.0,3127.0,43,2,3126.9,91,3,3126.8,96,3,3126.7,37,2,3126.6,94,5,3128.1,200,1,3128.2,13,1,3128.3,96,4,3128.4,283,4,3128.5,57,3
2031,2026-06-16 10:45:41+05:30,3128.3,1,3131.45,1122805,132035.0,208955.0,3163.0,3163.0,3108.0,3134.3,31861800,3447.7,2820.9,3839.9,2896.0,3127.0,43,2,3126.9,91,3,3126.8,96,3,3126.7,37,2,3126.6,94,5,3128.1,200,1,3128.2,13,1,3128.3,96,4,3128.4,283,4,3128.5,57,3
2031,2026-06-16 10:45:41+05:30,3128.0,1,3131.45,1122805,132035.0,208955.0,3163.0,3163.0,3108.0,3134.3,31861800,3447.7,2820.9,3839.9,2896.0,3127.0,43,2,3126.9,91,3,3126.8,96,3,3126.7,37,2,3126.6,94,5,3128.1,200,1,3128.2,13,1,3128.3,96,4,3128.4,283,4,3128.5,57,3
2031,2026-06-16 10:45:41+05:30,3128.0,1,3131.45,1122805,132035.0,208955.0,3163.0,3163.0,3108.0,3134.3,31861800,3447.7,2820.9,3839.9,2896.0,3127.0,43,2,3126.9,91,3,3126.8,96,3,3126.7,37,2,3126.6,94,5,3128.1,200,1,3128.2,13,1,3128.3,96,4,3128.4,283,4,3128.5,57,3
2031,2026-06-16 10:45:41+05:30,3128.0,1,3131.45,1122816,132034.0,208518.0,3163.0,3163.0,3108.0,3134.3,31861800,3447.7,2820.9,3839.9,2896.0,3127.0,55,3,3126.9,69,2,3126.8,96,3,3126.7,42,2,3126.6,79,5,3128.0,12,1,3128.1,53,3,3128.2,49,2,3128.3,28,1,3128.4,249,3
2031,2026-06-16 10:45:42+05:30,3128.0,1,3131.45,1122816,132034.0,208518.0,3163.0,3163.0,3108.0,3134.3,31861800,3447.7,2820.9,3839.9,2896.0,3127.0,55,3,3126.9,69,2,3126.8,96,3,3126.7,42,2,3126.6,79,5,3128.0,12,1,3128.1,53,3,3128.2,49,2,3128.3,28,1,3128.4,249,3
2031,2026-06-16 10:45:42+05:30,3128.0,1,3131.45,1122816,132003.0,208541.0,3163.0,3163.0,3108.0,3134.3,31861800,3447.7,2820.9,3839.9,2896.0,3127.0,55,3,3126.9,69,2,3126.8,96,3,3126.7,42,2,3126.6,79,5,3128.0,12,1,3128.1,53,3,3128.2,66,3,3128.3,28,1,3128.4,249,3
2031,2026-06-16 10:45:42+05:30,3128.0,1,3131.45,1122816,132003.0,208541.0,3163.0,3163.0,3108.0,3134.3,31861800,3447.7,2820.9,3839.9,2896.0,3127.0,55,3,3126.9,69,2,3126.8,96,3,3126.7,42,2,3126.6,79,5,3128.0,12,1,3128.1,53,3,3128.2,66,3,3128.3,28,1,3128.4,249,3
2031,2026-06-16 10:45:43+05:30,3127.0,7,3131.45,1122816,132003.0,208541.0,3163.0,3163.0,3108.0,3134.3,31861800,3447.7,2820.9,3839.9,2896.0,3127.0,55,3,3126.9,69,2,3126.8,96,3,3126.7,42,2,3126.6,79,5,3128.0,12,1,3128.1,53,3,3128.2,66,3,3128.3,28,1,3128.4,249,3
2031,2026-06-16 10:45:43+05:30,3127.0,7,3131.45,1122816,132003.0,208541.0,3163.0,3163.0,3108.0,3134.3,31861800,3447.7,2820.9,3839.9,2896.0,3127.0,55,3,3126.9,69,2,3126.8,96,3,3126.7,42,2,3126.6,79,5,3128.0,12,1,3128.1,53,3,3128.2,66,3,3128.3,28,1,3128.4,249,3
2031,2026-06-16 10:45:43+05:30,3127.0,7,3131.45,1122866,131979.0,208311.0,3163.0,3163.0,3108.0,3134.3,31861800,3447.7,2820.9,3839.9,2896.0,3127.0,34,3,3126.9,69,2,3126.8,80,3,3126.7,28,2,3126.6,30,3,3128.0,20,2,3128.1,53,3,3128.2,30,2,3128.3,59,2,3128.4,249,3
2031,2026-06-16 10:45:44+05:30,3127.0,11,3131.45,1122866,131979.0,208311.0,3163.0,3163.0,3108.0,3134.3,31861800,3447.7,2820.9,3839.9,2896.0,3127.0,34,3,3126.9,69,2,3126.8,80,3,3126.7,28,2,3126.6,30,3,3128.0,20,2,3128.1,53,3,3128.2,30,2,3128.3,59,2,3128.4,249,3
2031,2026-06-16 10:45:44+05:30,3127.0,11,3131.45,1122866,131979.0,208311.0,3163.0,3163.0,3108.0,3134.3,31861800,3447.7,2820.9,3839.9,2896.0,3127.0,34,3,3126.9,69,2,3126.8,80,3,3126.7,28,2,3126.6,30,3,3128.0,20,2,3128.1,53,3,3128.2,30,2,3128.3,59,2,3128.4,249,3
2031,2026-06-16 10:45:44+05:30,3127.9,3,3131.45,1122945,131678.0,209010.0,3163.0,3163.0,3108.0,3134.3,31861800,3447.7,2820.9,3839.9,2896.0,3127.0,30,3,3126.9,44,1,3126.8,42,1,3126.5,2,1,3126.4,71,3,3127.9,9,1,3128.0,80,6,3128.1,105,5,3128.2,310,5,3128.3,65,3
2031,2026-06-16 10:45:45+05:30,3127.9,3,3131.45,1122945,131678.0,209010.0,3163.0,3163.0,3108.0,3134.3,31861800,3447.7,2820.9,3839.9,2896.0,3127.0,30,3,3126.9,44,1,3126.8,42,1,3126.5,2,1,3126.4,71,3,3127.9,9,1,3128.0,80,6,3128.1,105,5,3128.2,310,5,3128.3,65,3
2031,2026-06-16 10:45:45+05:30,3127.9,3,3131.45,1122945,131678.0,209010.0,3163.0,3163.0,3108.0,3134.3,31861800,3447.7,2820.9,3839.9,2896.0,3127.0,30,3,3126.9,44,1,3126.8,42,1,3126.5,2,1,3126.4,71,3,3127.9,9,1,3128.0,80,6,3128.1,105,5,3128.2,310,5,3128.3,65,3
2031,2026-06-16 10:45:46+05:30,3127.9,3,3131.45,1122945,131558.0,209007.0,3163.0,3163.0,3108.0,3134.3,31861800,3447.7,2820.9,3839.9,2896.0,3127.5,2,2,3127.0,31,4,3126.9,54,2,3126.8,42,1,3126.5,2,1,3127.9,25,2,3128.0,88,6,3128.1,105,5,3128.2,313,6,3128.3,37,2
2031,2026-06-16 10:45:46+05:30,3127.9,3,3131.45,1122945,131558.0,209007.0,3163.0,3163.0,3108.0,3134.3,31861800,3447.7,2820.9,3839.9,2896.0,3127.5,2,2,3127.0,31,4,3126.9,54,2,3126.8,42,1,3126.5,2,1,3127.9,25,2,3128.0,88,6,3128.1,105,5,3128.2,313,6,3128.3,37,2
2031,2026-06-16 10:45:46+05:30,3127.9,1,3131.45,1122945,131558.0,209007.0,3163.0,3163.0,3108.0,3134.3,31861800,3447.7,2820.9,3839.9,2896.0,3127.5,2,2,3127.0,31,4,3126.9,54,2,3126.8,42,1,3126.5,2,1,3127.9,25,2,3128.0,88,6,3128.1,105,5,3128.2,313,6,3128.3,37,2
2031,2026-06-16 10:45:46+05:30,3127.9,1,3131.45,1122945,131558.0,209007.0,3163.0,3163.0,3108.0,3134.3,31861800,3447.7,2820.9,3839.9,2896.0,3127.5,2,2,3127.0,31,4,3126.9,54,2,3126.8,42,1,3126.5,2,1,3127.9,25,2,3128.0,88,6,3128.1,105,5,3128.2,313,6,3128.3,37,2
2031,2026-06-16 10:45:46+05:30,3127.8,1,3131.45,1122947,131440.0,209624.0,3163.0,3163.0,3108.0,3134.3,31861800,3447.7,2820.9,3839.9,2896.0,3127.5,2,2,3127.2,9,1,3127.1,22,1,3127.0,6,3,3126.9,10,1,3127.8,13,1,3127.9,119,6,3128.0,322,8,3128.1,65,3,3128.2,336,6
2031,2026-06-16 10:45:47+05:30,3127.1,41,3131.45,1122947,131440.0,209624.0,3163.0,3163.0,3108.0,3134.3,31861800,3447.7,2820.9,3839.9,2896.0,3127.5,2,2,3127.2,9,1,3127.1,22,1,3127.0,6,3,3126.9,10,1,3127.8,13,1,3127.9,119,6,3128.0,322,8,3128.1,65,3,3128.2,336,6
2031,2026-06-16 10:45:47+05:30,3127.1,41,3131.45,1122947,131440.0,209624.0,3163.0,3163.0,3108.0,3134.3,31861800,3447.7,2820.9,3839.9,2896.0,3127.5,2,2,3127.2,9,1,3127.1,22,1,3127.0,6,3,3126.9,10,1,3127.8,13,1,3127.9,119,6,3128.0,322,8,3128.1,65,3,3128.2,336,6
2031,2026-06-16 10:45:48+05:30,3127.1,41,3131.45,1123002,131523.0,209798.0,3163.0,3163.0,3108.0,3134.3,31861800,3447.7,2820.9,3839.9,2896.0,3127.1,22,1,3127.0,6,3,3126.9,10,1,3126.6,13,1,3126.5,2,1,3127.5,16,1,3127.9,75,3,3128.0,252,4,3128.1,42,2,3128.2,321,5
2031,2026-06-16 10:45:48+05:30,3127.1,30,3131.45,1123002,131523.0,209798.0,3163.0,3163.0,3108.0,3134.3,31861800,3447.7,2820.9,3839.9,2896.0,3127.1,22,1,3127.0,6,3,3126.9,10,1,3126.6,13,1,3126.5,2,1,3127.5,16,1,3127.9,75,3,3128.0,252,4,3128.1,42,2,3128.2,321,5
2031,2026-06-16 10:45:48+05:30,3127.1,30,3131.45,1123002,131523.0,209798.0,3163.0,3163.0,3108.0,3134.3,31864800,3447.7,2820.9,3839.9,2896.0,3127.1,22,1,3127.0,6,3,3126.9,10,1,3126.6,13,1,3126.5,2,1,3127.5,16,1,3127.9,75,3,3128.0,252,4,3128.1,42,2,3128.2,321,5
2031,2026-06-16 10:45:49+05:30,3127.0,11,3131.45,1123232,131192.0,209799.0,3163.0,3163.0,3108.0,3134.3,31864800,3447.7,2820.9,3839.9,2896.0,3127.0,6,3,3126.9,10,1,3126.5,2,1,3126.4,4,1,3126.2,5,1,3127.5,35,2,3127.6,20,1,3127.8,82,2,3127.9,309,4,3128.0,90,4
2031,2026-06-16 10:45:49+05:30,3127.0,11,3131.45,1123232,131192.0,209799.0,3163.0,3163.0,3108.0,3134.3,31864800,3447.7,2820.9,3839.9,2896.0,3127.0,6,3,3126.9,10,1,3126.5,2,1,3126.4,4,1,3126.2,5,1,3127.5,35,2,3127.6,20,1,3127.8,82,2,3127.9,309,4,3128.0,90,4
2031,2026-06-16 10:45:50+05:30,3127.0,11,3131.45,1123232,131483.0,209867.0,3163.0,3163.0,3108.0,3134.3,31864800,3447.7,2820.9,3839.9,2896.0,3127.0,48,4,3126.9,10,1,3126.5,2,1,3126.4,4,1,3126.1,8,2,3127.5,75,4,3127.6,39,2,3127.8,100,3,3127.9,327,4,3128.0,85,4
2031,2026-06-16 10:45:50+05:30,3127.0,29,3131.45,1123232,131483.0,209867.0,3163.0,3163.0,3108.0,3134.3,31864800,3447.7,2820.9,3839.9,2896.0,3127.0,48,4,3126.9,10,1,3126.5,2,1,3126.4,4,1,3126.1,8,2,3127.5,75,4,3127.6,39,2,3127.8,100,3,3127.9,327,4,3128.0,85,4
2031,2026-06-16 10:45:51+05:30,3127.5,3,3131.45,1123295,131532.0,209573.0,3163.0,3163.0,3108.0,3134.3,31864800,3447.7,2820.9,3839.9,2896.0,3127.0,30,4,3126.9,10,1,3126.5,2,1,3126.4,4,1,3126.2,63,1,3127.5,47,3,3127.8,18,1,3127.9,292,3,3128.0,116,5,3128.1,211,2
2031,2026-06-16 10:45:51+05:30,3127.5,3,3131.45,1123295,131532.0,209573.0,3163.0,3163.0,3108.0,3134.3,31864800,3447.7,2820.9,3839.9,2896.0,3127.0,30,4,3126.9,10,1,3126.5,2,1,3126.4,4,1,3126.2,63,1,3127.5,47,3,3127.8,18,1,3127.9,292,3,3128.0,116,5,3128.1,211,2
2031,2026-06-16 10:45:52+05:30,3127.5,1,3131.45,1123296,131588.0,207548.0,3163.0,3163.0,3108.0,3134.3,31864800,3447.7,2820.9,3839.9,2896.0,3127.1,9,1,3127.0,55,5,3126.9,10,1,3126.5,2,1,3126.4,46,2,3127.5,39,2,3127.8,18,1,3127.9,326,4,3128.0,116,5,3128.1,211,2
2031,2026-06-16 10:45:52+05:30,3127.5,1,3131.45,1123296,131588.0,207548.0,3163.0,3163.0,3108.0,3134.3,31864800,3447.7,2820.9,3839.9,2896.0,3127.1,9,1,3127.0,55,5,3126.9,10,1,3126.5,2,1,3126.4,46,2,3127.5,39,2,3127.8,18,1,3127.9,326,4,3128.0,116,5,3128.1,211,2
2031,2026-06-16 10:45:53+05:30,3127.5,1,3131.45,1123297,131622.0,209336.0,3163.0,3163.0,3108.0,3134.3,31864800,3447.7,2820.9,3839.9,2896.0,3127.1,9,1,3127.0,43,4,3126.9,10,1,3126.5,2,1,3126.4,46,2,3127.5,38,2,3127.8,18,1,3127.9,326,4,3128.0,66,3,3128.1,11,1
2031,2026-06-16 10:45:53+05:30,3127.5,1,3131.45,1123297,131622.0,209336.0,3163.0,3163.0,3108.0,3134.3,31864800,3447.7,2820.9,3839.9,2896.0,3127.1,9,1,3127.0,43,4,3126.9,10,1,3126.5,2,1,3126.4,46,2,3127.5,38,2,3127.8,18,1,3127.9,326,4,3128.0,66,3,3128.1,11,1
2031,2026-06-16 10:45:54+05:30,3127.5,1,3131.45,1123299,131475.0,209518.0,3163.0,3163.0,3108.0,3134.3,31864800,3447.7,2820.9,3839.9,2896.0,3127.1,33,2,3127.0,18,3,3126.9,21,2,3126.6,55,3,3126.5,2,1,3127.5,36,2,3127.8,18,1,3127.9,73,2,3128.0,234,3,3128.1,11,1
2031,2026-06-16 10:45:54+05:30,3127.5,1,3131.45,1123299,131475.0,209518.0,3163.0,3163.0,3108.0,3134.3,31864800,3447.7,2820.9,3839.9,2896.0,3127.1,33,2,3127.0,18,3,3126.9,21,2,3126.6,55,3,3126.5,2,1,3127.5,36,2,3127.8,18,1,3127.9,73,2,3128.0,234,3,3128.1,11,1
2031,2026-06-16 10:45:55+05:30,3127.5,5,3131.45,1123304,131505.0,209510.0,3163.0,3163.0,3108.0,3134.3,31864800,3447.7,2820.9,3839.9,2896.0,3127.1,33,2,3127.0,17,2,3126.9,21,2,3126.6,13,1,3126.5,2,1,3127.5,65,3,3127.8,18,1,3127.9,73,2,3128.0,261,4,3128.1,11,1
2031,2026-06-16 10:45:55+05:30,3127.5,5,3131.45,1123304,131505.0,209510.0,3163.0,3163.0,3108.0,3134.3,31864800,3447.7,2820.9,3839.9,2896.0,3127.1,33,2,3127.0,17,2,3126.9,21,2,3126.6,13,1,3126.5,2,1,3127.5,65,3,3127.8,18,1,3127.9,73,2,3128.0,261,4,3128.1,11,1
2031,2026-06-16 10:45:56+05:30,3128.0,91,3131.45,1123624,132161.0,209030.0,3163.0,3163.0,3108.0,3134.3,31864800,3447.7,2820.9,3839.9,2896.0,3127.1,33,2,3127.0,17,2,3126.9,21,2,3126.7,71,3,3126.6,47,3,3127.5,14,1,3128.1,23,2,3128.2,108,1,3128.3,19,1,3128.4,276,3
2031,2026-06-16 10:45:56+05:30,3128.0,91,3131.45,1123624,132161.0,209030.0,3163.0,3163.0,3108.0,3134.3,31864800,3447.7,2820.9,3839.9,2896.0,3127.1,33,2,3127.0,17,2,3126.9,21,2,3126.7,71,3,3126.6,47,3,3127.5,14,1,3128.1,23,2,3128.2,108,1,3128.3,19,1,3128.4,276,3
2031,2026-06-16 10:45:57+05:30,3127.5,1,3131.45,1123625,132120.0,206887.0,3163.0,3163.0,3108.0,3134.3,31864800,3447.7,2820.9,3839.9,2896.0,3127.1,33,2,3127.0,17,2,3126.9,21,2,3126.8,17,1,3126.7,79,3,3127.5,23,3,3128.2,41,2,3128.3,108,1,3128.4,76,2,3128.5,201,2
2031,2026-06-16 10:45:57+05:30,3127.5,1,3131.45,1123625,132120.0,206887.0,3163.0,3163.0,3108.0,3134.3,31864800,3447.7,2820.9,3839.9,2896.0,3127.1,33,2,3127.0,17,2,3126.9,21,2,3126.8,17,1,3126.7,79,3,3127.5,23,3,3128.2,41,2,3128.3,108,1,3128.4,76,2,3128.5,201,2
2031,2026-06-16 10:45:58+05:30,3127.3,3,3131.45,1123625,132120.0,206887.0,3163.0,3163.0,3108.0,3134.3,31864800,3447.7,2820.9,3839.9,2896.0,3127.1,33,2,3127.0,17,2,3126.9,21,2,3126.8,17,1,3126.7,79,3,3127.5,23,3,3128.2,41,2,3128.3,108,1,3128.4,76,2,3128.5,201,2
2031,2026-06-16 10:45:58+05:30,3127.3,3,3131.45,1123628,132130.0,209187.0,3163.0,3163.0,3108.0,3134.3,31864800,3447.7,2820.9,3839.9,2896.0,3127.4,22,1,3127.1,9,1,3127.0,19,3,3126.9,21,2,3126.8,38,2,3127.5,30,4,3128.2,41,2,3128.3,127,2,3128.4,93,3,3128.5,222,3
2031,2026-06-16 10:45:59+05:30,3128.2,3,3131.45,1123628,132130.0,209187.0,3163.0,3163.0,3108.0,3134.3,31864800,3447.7,2820.9,3839.9,2896.0,3127.4,22,1,3127.1,9,1,3127.0,19,3,3126.9,21,2,3126.8,38,2,3127.5,30,4,3128.2,41,2,3128.3,127,2,3128.4,93,3,3128.5,222,3
2031,2026-06-16 10:45:59+05:30,3128.2,3,3131.45,1123822,132313.0,208685.0,3163.0,3163.0,3108.0,3134.3,31864800,3447.7,2820.9,3839.9,2896.0,3127.4,21,1,3127.2,50,1,3127.1,9,1,3127.0,19,3,3126.9,21,2,3128.1,12,1,3128.2,72,5,3128.3,183,4,3128.4,122,4,3128.5,201,2
2031,2026-06-16 10:46:00+05:30,3128.2,3,3131.45,1123822,132456.0,208998.0,3163.0,3163.0,3108.0,3134.3,31864800,3447.7,2820.9,3839.9,2896.0,3127.8,2,2,3127.4,66,3,3127.2,50,1,3127.1,9,1,3127.0,19,3,3128.0,13,1,3128.1,34,4,3128.2,72,5,3128.3,127,2,3128.4,71,2
2031,2026-06-16 10:46:01+05:30,3128.2,3,3131.45,1123822,132478.0,208928.0,3163.0,3163.0,3108.0,3134.3,31864800,3447.7,2820.9,3839.9,2896.0,3127.8,2,2,3127.4,66,3,3127.2,50,1,3127.1,9,1,3127.0,19,3,3128.0,13,1,3128.1,34,4,3128.2,72,5,3128.3,127,2,3128.5,201,2
2031,2026-06-16 10:46:02+05:30,3128.0,1,3131.45,1123822,132478.0,208928.0,3163.0,3163.0,3108.0,3134.3,31864800,3447.7,2820.9,3839.9,2896.0,3127.8,2,2,3127.4,66,3,3127.2,50,1,3127.1,9,1,3127.0,19,3,3128.0,13,1,3128.1,34,4,3128.2,72,5,3128.3,127,2,3128.5,201,2
2031,2026-06-16 10:46:02+05:30,3128.0,1,3131.45,1123823,132555.0,208601.0,3163.0,3163.0,3108.0,3134.3,31864800,3447.7,2820.9,3839.9,2896.0,3127.8,45,3,3127.4,66,3,3127.2,50,1,3127.1,34,2,3127.0,16,3,3128.0,12,1,3128.1,34,4,3128.2,51,4,3128.3,127,2,3128.5,201,2
2031,2026-06-16 10:46:03+05:30,3128.0,1,3131.45,1123823,132845.0,208732.0,3163.0,3163.0,3108.0,3134.3,31864800,3447.7,2820.9,3839.9,2896.0,3127.8,69,4,3127.7,50,1,3127.4,45,2,3127.2,52,1,3127.1,9,1,3128.0,28,1,3128.1,9,2,3128.2,29,2,3128.3,127,2,3128.5,201,2
2031,2026-06-16 10:46:04+05:30,3128.0,45,3131.45,1123823,132845.0,208732.0,3163.0,3163.0,3108.0,3134.3,31864800,3447.7,2820.9,3839.9,2896.0,3127.8,69,4,3127.7,50,1,3127.4,45,2,3127.2,52,1,3127.1,9,1,3128.0,28,1,3128.1,9,2,3128.2,29,2,3128.3,127,2,3128.5,201,2
2031,2026-06-16 10:46:04+05:30,3128.0,45,3131.45,1123924,132815.0,208409.0,3163.0,3163.0,3108.0,3134.3,31864800,3447.7,2820.9,3839.9,2896.0,3127.8,45,3,3127.7,50,1,3127.4,68,3,3127.2,6,1,3127.1,9,1,3128.1,14,2,3128.2,16,1,3128.3,135,3,3128.5,251,4,3128.6,16,1
2031,2026-06-16 10:46:05+05:30,3128.0,5,3131.45,1123924,132815.0,208409.0,3163.0,3163.0,3108.0,3134.3,31864800,3447.7,2820.9,3839.9,2896.0,3127.8,45,3,3127.7,50,1,3127.4,68,3,3127.2,6,1,3127.1,9,1,3128.1,14,2,3128.2,16,1,3128.3,135,3,3128.5,251,4,3128.6,16,1
2031,2026-06-16 10:46:05+05:30,3128.0,1,3131.45,1124123,132913.0,208499.0,3163.0,3163.0,3108.0,3134.3,31864800,3447.7,2820.9,3839.9,2896.0,3127.9,2,2,3127.8,21,1,3127.7,50,1,3127.4,55,3,3127.3,50,1,3128.0,1,1,3128.2,13,1,3128.3,42,1,3128.5,249,4,3128.6,16,1
2031,2026-06-16 10:46:06+05:30,3128.0,1,3131.45,1124123,132913.0,208499.0,3163.0,3163.0,3108.0,3134.3,31864800,3447.7,2820.9,3839.9,2896.0,3127.9,2,2,3127.8,21,1,3127.7,50,1,3127.4,55,3,3127.3,50,1,3128.0,1,1,3128.2,13,1,3128.3,42,1,3128.5,249,4,3128.6,16,1
2031,2026-06-16 10:46:06+05:30,3128.0,1,3131.45,1124124,132838.0,208722.0,3163.0,3163.0,3108.0,3134.3,31864800,3447.7,2820.9,3839.9,2896.0,3128.0,24,1,3127.9,2,2,3127.7,50,1,3127.4,55,3,3127.3,50,1,3128.1,14,2,3128.2,13,1,3128.3,61,2,3128.5,299,6,3128.6,16,1
2031,2026-06-16 10:46:07+05:30,3127.7,50,3131.45,1124124,132838.0,208722.0,3163.0,3163.0,3108.0,3134.3,31864800,3447.7,2820.9,3839.9,2896.0,3128.0,24,1,3127.9,2,2,3127.7,50,1,3127.4,55,3,3127.3,50,1,3128.1,14,2,3128.2,13,1,3128.3,61,2,3128.5,299,6,3128.6,16,1
2031,2026-06-16 10:46:07+05:30,3127.7,50,3131.45,1124409,131908.0,208515.0,3163.0,3163.0,3108.0,3134.3,31864800,3447.7,2820.9,3839.9,2896.0,3127.4,11,2,3127.0,6,2,3126.9,37,3,3126.5,69,3,3126.4,4,1,3127.8,13,1,3127.9,44,3,3128.0,44,2,3128.1,75,5,3128.2,89,4
2031,2026-06-16 10:46:08+05:30,3127.6,2,3131.45,1124409,131908.0,208515.0,3163.0,3163.0,3108.0,3134.3,31864800,3447.7,2820.9,3839.9,2896.0,3127.4,11,2,3127.0,6,2,3126.9,37,3,3126.5,69,3,3126.4,4,1,3127.8,13,1,3127.9,44,3,3128.0,44,2,3128.1,75,5,3128.2,89,4
2031,2026-06-16 10:46:08+05:30,3127.6,2,3131.45,1124431,132134.0,208931.0,3163.0,3163.0,3108.0,3134.3,31864800,3447.7,2820.9,3839.9,2896.0,3127.4,1,1,3127.0,6,2,3126.9,37,3,3126.5,97,4,3126.4,4,1,3127.6,22,2,3127.7,31,2,3127.8,36,2,3127.9,25,2,3128.0,69,3
2031,2026-06-16 10:46:09+05:30,3127.6,2,3131.45,1124431,132138.0,209087.0,3163.0,3163.0,3108.0,3134.3,31864800,3447.7,2820.9,3839.9,2896.0,3127.4,1,1,3127.0,6,2,3126.9,24,2,3126.5,69,3,3126.4,32,2,3127.6,46,3,3127.7,19,1,3127.8,54,3,3127.9,12,1,3128.0,87,4
2031,2026-06-16 10:46:10+05:30,3126.8,106,3131.45,1124431,132138.0,209087.0,3163.0,3163.0,3108.0,3134.3,31864800,3447.7,2820.9,3839.9,2896.0,3127.4,1,1,3127.0,6,2,3126.9,24,2,3126.5,69,3,3126.4,32,2,3127.6,46,3,3127.7,19,1,3127.8,54,3,3127.9,12,1,3128.0,87,4
2031,2026-06-16 10:46:10+05:30,3126.8,106,3131.45,1124631,131193.0,209314.0,3163.0,3163.0,3108.0,3134.3,31864800,3447.7,2820.9,3839.9,2896.0,3126.5,34,3,3126.4,96,6,3126.3,99,4,3126.2,38,3,3126.1,67,2,3127.5,13,1,3127.6,52,4,3127.7,19,1,3127.8,39,2,3127.9,57,3
2031,2026-06-16 10:46:11+05:30,3126.8,106,3131.45,1124631,131397.0,209327.0,3163.0,3163.0,3108.0,3134.3,31864800,3447.7,2820.9,3839.9,2896.0,3126.5,51,5,3126.4,103,7,3126.3,98,4,3126.2,38,3,3126.1,67,2,3127.4,37,1,3127.6,39,3,3127.7,19,1,3127.8,21,1,3127.9,12,1
2031,2026-06-16 10:46:12+05:30,3127.4,1,3131.45,1124631,131397.0,209327.0,3163.0,3163.0,3108.0,3134.3,31864800,3447.7,2820.9,3839.9,2896.0,3126.5,51,5,3126.4,103,7,3126.3,98,4,3126.2,38,3,3126.1,67,2,3127.4,37,1,3127.6,39,3,3127.7,19,1,3127.8,21,1,3127.9,12,1
2031,2026-06-16 10:46:12+05:30,3127.2,200,3131.45,1124874,131699.0,208651.0,3163.0,3163.0,3108.0,3134.3,31864800,3447.7,2820.9,3839.9,2896.0,3126.6,49,4,3126.5,55,4,3126.4,83,8,3126.3,208,3,3126.2,248,9,3127.4,61,2,3127.5,37,1,3127.6,42,2,3127.7,19,1,3127.9,12,1
2031,2026-06-16 10:46:13+05:30,3127.3,1,3131.45,1124874,131699.0,208651.0,3163.0,3163.0,3108.0,3134.3,31864800,3447.7,2820.9,3839.9,2896.0,3126.6,49,4,3126.5,55,4,3126.4,83,8,3126.3,208,3,3126.2,248,9,3127.4,61,2,3127.5,37,1,3127.6,42,2,3127.7,19,1,3127.9,12,1
2031,2026-06-16 10:46:13+05:30,3127.3,1,3131.45,1124875,131508.0,209043.0,3163.0,3163.0,3108.0,3134.3,31864800,3447.7,2820.9,3839.9,2896.0,3126.6,161,7,3126.5,83,5,3126.4,72,7,3126.3,229,4,3126.2,264,10,3127.3,36,1,3127.4,111,3,3127.5,37,1,3127.6,42,2,3127.9,12,1
2031,2026-06-16 10:46:14+05:30,3127.4,1,3131.45,1124875,131508.0,209043.0,3163.0,3163.0,3108.0,3134.3,31864800,3447.7,2820.9,3839.9,2896.0,3126.6,161,7,3126.5,83,5,3126.4,72,7,3126.3,229,4,3126.2,264,10,3127.3,36,1,3127.4,111,3,3127.5,37,1,3127.6,42,2,3127.9,12,1
2031,2026-06-16 10:46:14+05:30,3127.4,1,3131.45,1124937,132267.0,209709.0,3163.0,3163.0,3108.0,3134.3,31864800,3447.7,2820.9,3839.9,2896.0,3127.3,1,1,3126.8,51,3,3126.7,71,3,3126.6,164,6,3126.5,71,4,3127.4,85,2,3127.5,37,1,3127.6,42,2,3127.9,12,1,3128.0,150,1
2031,2026-06-16 10:46:15+05:30,3127.4,2,3131.45,1124937,132267.0,209709.0,3163.0,3163.0,3108.0,3134.3,31864800,3447.7,2820.9,3839.9,2896.0,3127.3,1,1,3126.8,51,3,3126.7,71,3,3126.6,164,6,3126.5,71,4,3127.4,85,2,3127.5,37,1,3127.6,42,2,3127.9,12,1,3128.0,150,1
2031,2026-06-16 10:46:15+05:30,3127.4,2,3131.45,1124942,132672.0,209186.0,3163.0,3163.0,3108.0,3134.3,31864800,3447.7,2820.9,3839.9,2896.0,3127.3,41,3,3127.2,16,1,3127.0,19,1,3126.9,51,3,3126.8,37,3,3127.4,30,1,3127.5,37,1,3127.6,42,2,3127.8,35,1,3127.9,50,1
2031,2026-06-16 10:46:16+05:30,3127.4,2,3131.45,1124942,132735.0,209192.0,3163.0,3163.0,3108.0,3134.3,31864800,3447.7,2820.9,3839.9,2896.0,3127.3,64,4,3127.2,16,1,3127.1,16,1,3127.0,19,1,3126.9,51,3,3127.4,33,2,3127.5,37,1,3127.6,43,3,3127.8,35,1,3128.0,150,1
2031,2026-06-16 10:46:18+05:30,3127.4,2,3131.45,1124942,132559.0,209217.0,3163.0,3163.0,3108.0,3134.3,31864800,3447.7,2820.9,3839.9,2896.0,3127.3,64,4,3127.2,16,1,3127.1,16,1,3127.0,19,1,3126.9,51,3,3127.4,33,2,3127.5,37,1,3127.6,43,3,3127.8,35,1,3128.0,150,1
2031,2026-06-16 10:46:18+05:30,3127.4,1,3131.45,1124942,132559.0,209217.0,3163.0,3163.0,3108.0,3134.3,31864800,3447.7,2820.9,3839.9,2896.0,3127.3,64,4,3127.2,16,1,3127.1,16,1,3127.0,19,1,3126.9,51,3,3127.4,33,2,3127.5,37,1,3127.6,43,3,3127.8,35,1,3128.0,150,1
2031,2026-06-16 10:46:19+05:30,3127.4,1,3131.45,1124944,132559.0,209219.0,3163.0,3163.0,3108.0,3134.3,31864800,3447.7,2820.9,3839.9,2896.0,3127.3,64,4,3127.2,16,1,3127.0,19,1,3126.9,51,3,3126.8,37,3,3127.4,31,2,3127.5,37,1,3127.6,43,3,3127.8,35,1,3128.0,150,1
2031,2026-06-16 10:46:19+05:30,3127.5,37,3131.45,1124944,132559.0,209219.0,3163.0,3163.0,3108.0,3134.3,31864800,3447.7,2820.9,3839.9,2896.0,3127.3,64,4,3127.2,16,1,3127.0,19,1,3126.9,51,3,3126.8,37,3,3127.4,31,2,3127.5,37,1,3127.6,43,3,3127.8,35,1,3128.0,150,1
2031,2026-06-16 10:46:20+05:30,3127.5,37,3131.44,1125112,132542.0,209248.0,3163.0,3163.0,3108.0,3134.3,31864800,3447.7,2820.9,3839.9,2896.0,3127.4,25,1,3127.3,1,1,3126.9,51,3,3126.8,48,3,3126.7,81,4,3127.6,43,3,3127.8,35,1,3128.0,150,1,3128.4,73,2,3128.5,201,2
2031,2026-06-16 10:46:20+05:30,3127.3,8,3131.44,1125112,132542.0,209248.0,3163.0,3163.0,3108.0,3134.3,31864800,3447.7,2820.9,3839.9,2896.0,3127.4,25,1,3127.3,1,1,3126.9,51,3,3126.8,48,3,3126.7,81,4,3127.6,43,3,3127.8,35,1,3128.0,150,1,3128.4,73,2,3128.5,201,2
2031,2026-06-16 10:46:21+05:30,3126.8,1,3131.44,1125372,132646.0,209278.0,3163.0,3163.0,3108.0,3134.3,31864800,3447.7,2820.9,3839.9,2896.0,3126.8,22,3,3126.7,24,2,3126.6,91,4,3126.5,70,4,3126.4,19,4,3127.0,41,1,3127.6,77,4,3127.8,35,1,3128.0,189,3,3128.2,74,2
2031,2026-06-16 10:46:21+05:30,3127.0,41,3131.44,1125372,132646.0,209278.0,3163.0,3163.0,3108.0,3134.3,31864800,3447.7,2820.9,3839.9,2896.0,3126.8,22,3,3126.7,24,2,3126.6,91,4,3126.5,70,4,3126.4,19,4,3127.0,41,1,3127.6,77,4,3127.8,35,1,3128.0,189,3,3128.2,74,2
2031,2026-06-16 10:46:22+05:30,3127.0,15,3131.44,1125483,133008.0,209036.0,3163.0,3163.0,3108.0,3134.3,31864800,3447.7,2820.9,3839.9,2896.0,3126.9,97,8,3126.8,44,5,3126.7,112,7,3126.6,112,7,3126.5,114,5,3127.6,33,2,3127.8,35,1,3128.0,150,1,3128.2,22,1,3128.4,73,2
2031,2026-06-16 10:46:22+05:30,3127.0,40,3131.44,1125483,133008.0,209036.0,3163.0,3163.0,3108.0,3134.3,31864800,3447.7,2820.9,3839.9,2896.0,3126.9,97,8,3126.8,44,5,3126.7,112,7,3126.6,112,7,3126.5,114,5,3127.6,33,2,3127.8,35,1,3128.0,150,1,3128.2,22,1,3128.4,73,2
2031,2026-06-16 10:46:23+05:30,3127.0,40,3131.44,1125523,132492.0,209012.0,3163.0,3163.0,3108.0,3134.3,31864800,3447.7,2820.9,3839.9,2896.0,3127.0,73,6,3126.9,110,8,3126.8,59,6,3126.7,39,4,3126.6,32,5,3127.6,1,1,3127.8,35,1,3128.0,168,2,3128.2,22,1,3128.4,73,2
2031,2026-06-16 10:46:24+05:30,3127.6,1,3131.44,1125524,132986.0,209083.0,3163.0,3163.0,3108.0,3134.3,31864800,3447.7,2820.9,3839.9,2896.0,3127.2,64,5,3127.1,97,7,3127.0,198,10,3126.9,104,8,3126.8,47,5,3127.6,2,2,3127.8,35,1,3128.0,168,2,3128.4,21,1,3128.5,201,2
2031,2026-06-16 10:46:24+05:30,3127.6,4,3131.44,1125524,132986.0,209083.0,3163.0,3163.0,3108.0,3134.3,31864800,3447.7,2820.9,3839.9,2896.0,3127.2,64,5,3127.1,97,7,3127.0,198,10,3126.9,104,8,3126.8,47,5,3127.6,2,2,3127.8,35,1,3128.0,168,2,3128.4,21,1,3128.5,201,2
2031,2026-06-16 10:46:25+05:30,3127.6,4,3131.44,1125578,133420.0,208334.0,3163.0,3163.0,3108.0,3134.3,31864800,3447.7,2820.9,3839.9,2896.0,3127.6,11,1,3127.5,94,6,3127.4,6,1,3127.3,26,2,3127.2,67,5,3127.8,35,1,3128.0,168,2,3128.5,201,2,3128.6,21,1,3128.8,20,1
2031,2026-06-16 10:46:25+05:30,3127.8,1,3131.44,1125578,133420.0,208334.0,3163.0,3163.0,3108.0,3134.3,31864800,3447.7,2820.9,3839.9,2896.0,3127.6,11,1,3127.5,94,6,3127.4,6,1,3127.3,26,2,3127.2,67,5,3127.8,35,1,3128.0,168,2,3128.5,201,2,3128.6,21,1,3128.8,20,1
2031,2026-06-16 10:46:26+05:30,3127.8,1,3131.44,1125579,133367.0,208513.0,3163.0,3163.0,3108.0,3134.3,31864800,3447.7,2820.9,3839.9,2896.0,3127.6,52,3,3127.5,94,6,3127.3,26,2,3127.2,67,5,3127.1,59,5,3127.8,35,2,3128.0,368,3,3128.5,227,4,3128.6,21,1,3128.8,20,1
2031,2026-06-16 10:46:27+05:30,3127.6,9,3131.44,1125589,133347.0,208553.0,3163.0,3163.0,3108.0,3134.3,31864800,3447.7,2820.9,3839.9,2896.0,3127.6,32,2,3127.5,84,5,3127.3,26,2,3127.2,67,5,3127.1,59,5,3127.8,49,3,3128.0,392,4,3128.5,227,4,3128.6,21,1,3128.8,20,1
2031,2026-06-16 10:46:27+05:30,3127.6,9,3131.44,1125589,133347.0,208553.0,3163.0,3163.0,3108.0,3134.3,31864800,3447.7,2820.9,3839.9,2896.0,3127.6,32,2,3127.5,84,5,3127.3,26,2,3127.2,67,5,3127.1,59,5,3127.8,49,3,3128.0,392,4,3128.5,227,4,3128.6,21,1,3128.8,20,1
2031,2026-06-16 10:46:28+05:30,3127.8,11,3131.44,1125600,133381.0,208743.0,3163.0,3163.0,3108.0,3134.3,31864800,3447.7,2820.9,3839.9,2896.0,3127.6,32,2,3127.5,84,5,3127.3,26,2,3127.2,67,5,3127.1,83,6,3127.8,38,3,3128.0,392,4,3128.5,227,4,3128.6,21,1,3128.8,20,1
2031,2026-06-16 10:46:28+05:30,3127.8,11,3131.44,1125600,133381.0,208743.0,3163.0,3163.0,3108.0,3134.3,31864800,3447.7,2820.9,3839.9,2896.0,3127.6,32,2,3127.5,84,5,3127.3,26,2,3127.2,67,5,3127.1,83,6,3127.8,38,3,3128.0,392,4,3128.5,227,4,3128.6,21,1,3128.8,20,1
2031,2026-06-16 10:46:29+05:30,3127.8,1,3131.44,1125601,133415.0,208793.0,3163.0,3163.0,3108.0,3134.3,31864800,3447.7,2820.9,3839.9,2896.0,3127.6,55,4,3127.5,84,5,3127.3,26,2,3127.2,82,6,3127.1,52,4,3127.8,37,3,3128.0,442,5,3128.5,227,4,3128.6,73,2,3128.8,20,1
2031,2026-06-16 10:46:29+05:30,3127.8,1,3131.44,1125601,133415.0,208793.0,3163.0,3163.0,3108.0,3134.3,31864800,3447.7,2820.9,3839.9,2896.0,3127.6,55,4,3127.5,84,5,3127.3,26,2,3127.2,82,6,3127.1,52,4,3127.8,37,3,3128.0,442,5,3128.5,227,4,3128.6,73,2,3128.8,20,1
2031,2026-06-16 10:46:29+05:30,3127.8,1,3131.44,1125601,133416.0,208841.0,3163.0,3163.0,3108.0,3134.3,31864800,3447.7,2820.9,3839.9,2896.0,3127.6,55,4,3127.5,84,5,3127.3,26,2,3127.2,82,6,3127.1,52,4,3127.8,60,4,3128.0,442,5,3128.5,227,4,3128.6,90,3,3128.8,20,1
2031,2026-06-16 10:46:30+05:30,3127.8,1,3131.44,1125601,133416.0,208841.0,3163.0,3163.0,3108.0,3134.3,31864800,3447.7,2820.9,3839.9,2896.0,3127.6,55,4,3127.5,84,5,3127.3,26,2,3127.2,82,6,3127.1,52,4,3127.8,60,4,3128.0,442,5,3128.5,227,4,3128.6,90,3,3128.8,20,1
2031,2026-06-16 10:46:31+05:30,3127.8,3,3131.44,1125719,133146.0,209233.0,3163.0,3163.0,3108.0,3134.3,31864800,3447.7,2820.9,3839.9,2896.0,3127.7,2,2,3127.6,59,5,3127.5,98,6,3127.4,16,1,3127.3,4,1,3128.0,442,5,3128.5,227,4,3128.6,17,1,3128.8,20,1,3128.9,96,3
2031,2026-06-16 10:46:31+05:30,3127.8,3,3131.44,1125719,133146.0,209233.0,3163.0,3163.0,3108.0,3134.3,31864800,3447.7,2820.9,3839.9,2896.0,3127.7,2,2,3127.6,59,5,3127.5,98,6,3127.4,16,1,3127.3,4,1,3128.0,442,5,3128.5,227,4,3128.6,17,1,3128.8,20,1,3128.9,96,3
2031,2026-06-16 10:46:32+05:30,3128.0,1,3131.44,1125720,133201.0,209213.0,3163.0,3163.0,3108.0,3134.3,31864800,3447.7,2820.9,3839.9,2896.0,3127.7,44,3,3127.6,59,5,3127.5,98,6,3127.4,16,1,3127.3,4,1,3128.0,442,6,3128.5,227,4,3128.6,17,1,3128.8,20,1,3128.9,96,3
2031,2026-06-16 10:46:32+05:30,3128.0,1,3131.44,1125720,133201.0,209213.0,3163.0,3163.0,3108.0,3134.3,31864800,3447.7,2820.9,3839.9,2896.0,3127.7,44,3,3127.6,59,5,3127.5,98,6,3127.4,16,1,3127.3,4,1,3128.0,442,6,3128.5,227,4,3128.6,17,1,3128.8,20,1,3128.9,96,3
2031,2026-06-16 10:46:32+05:30,3128.0,1,3131.44,1125720,133201.0,209213.0,3163.0,3163.0,3108.0,3134.3,31864800,3447.7,2820.9,3839.9,2896.0,3127.7,44,3,3127.6,59,5,3127.5,98,6,3127.4,16,1,3127.3,4,1,3128.0,442,6,3128.5,227,4,3128.6,17,1,3128.8,20,1,3128.9,96,3
2031,2026-06-16 10:46:33+05:30,3128.0,1,3131.44,1125721,133182.0,209064.0,3163.0,3163.0,3108.0,3134.3,31864800,3447.7,2820.9,3839.9,2896.0,3127.7,44,3,3127.6,59,5,3127.5,98,6,3127.4,16,1,3127.3,20,2,3128.0,441,6,3128.5,227,4,3128.6,17,1,3128.8,20,1,3128.9,96,3
2031,2026-06-16 10:46:33+05:30,3128.0,1,3131.44,1125721,133182.0,209064.0,3163.0,3163.0,3108.0,3134.3,31864800,3447.7,2820.9,3839.9,2896.0,3127.7,44,3,3127.6,59,5,3127.5,98,6,3127.4,16,1,3127.3,20,2,3128.0,441,6,3128.5,227,4,3128.6,17,1,3128.8,20,1,3128.9,96,3
2031,2026-06-16 10:46:33+05:30,3127.6,14,3131.44,1125921,132995.0,208874.0,3163.0,3163.0,3108.0,3134.3,31864800,3447.7,2820.9,3839.9,2896.0,3127.6,12,2,3127.5,98,6,3127.2,51,4,3127.1,52,4,3127.0,117,8,3128.0,441,6,3128.5,227,4,3128.6,80,3,3128.8,39,2,3128.9,77,2
2031,2026-06-16 10:46:34+05:30,3127.6,14,3131.44,1125921,132995.0,208874.0,3163.0,3163.0,3108.0,3134.3,31864800,3447.7,2820.9,3839.9,2896.0,3127.6,12,2,3127.5,98,6,3127.2,51,4,3127.1,52,4,3127.0,117,8,3128.0,441,6,3128.5,227,4,3128.6,80,3,3128.8,39,2,3128.9,77,2
2031,2026-06-16 10:46:34+05:30,3127.9,1,3131.44,1125921,132995.0,208874.0,3163.0,3163.0,3108.0,3134.3,31864800,3447.7,2820.9,3839.9,2896.0,3127.6,12,2,3127.5,98,6,3127.2,51,4,3127.1,52,4,3127.0,117,8,3128.0,441,6,3128.5,227,4,3128.6,80,3,3128.8,39,2,3128.9,77,2
2031,2026-06-16 10:46:34+05:30,3128.0,30,3131.44,1125984,133106.0,208848.0,3163.0,3163.0,3108.0,3134.3,31864800,3447.7,2820.9,3839.9,2896.0,3127.6,13,3,3127.5,98,6,3127.2,51,4,3127.1,68,5,3127.0,161,9,3128.0,411,6,3128.5,227,4,3128.6,80,3,3128.8,39,2,3128.9,114,3
2031,2026-06-16 10:46:35+05:30,3127.6,6,3131.44,1125984,133106.0,208848.0,3163.0,3163.0,3108.0,3134.3,31864800,3447.7,2820.9,3839.9,2896.0,3127.6,13,3,3127.5,98,6,3127.2,51,4,3127.1,68,5,3127.0,161,9,3128.0,411,6,3128.5,227,4,3128.6,80,3,3128.8,39,2,3128.9,114,3
2031,2026-06-16 10:46:35+05:30,3127.6,6,3131.44,1125984,133106.0,208848.0,3163.0,3163.0,3108.0,3134.3,31864800,3447.7,2820.9,3839.9,2896.0,3127.6,13,3,3127.5,98,6,3127.2,51,4,3127.1,68,5,3127.0,161,9,3128.0,411,6,3128.5,227,4,3128.6,80,3,3128.8,39,2,3128.9,114,3
2031,2026-06-16 10:46:35+05:30,3127.6,6,3131.44,1125990,133084.0,208877.0,3163.0,3163.0,3108.0,3134.3,31864800,3447.7,2820.9,3839.9,2896.0,3127.6,7,3,3127.5,98,6,3127.3,10,1,3127.2,51,4,3127.1,52,4,3128.0,436,7,3128.5,227,4,3128.6,80,3,3128.8,70,3,3128.9,114,3
2031,2026-06-16 10:46:36+05:30,3127.6,6,3131.44,1125990,133073.0,208980.0,3163.0,3163.0,3108.0,3134.3,31864800,3447.7,2820.9,3839.9,2896.0,3127.6,7,3,3127.5,98,6,3127.3,10,1,3127.2,51,4,3127.1,52,4,3128.0,491,9,3128.5,227,4,3128.6,80,3,3128.7,31,1,3128.8,95,4
2031,2026-06-16 10:46:37+05:30,3127.6,6,3131.44,1125990,133073.0,208980.0,3163.0,3163.0,3108.0,3134.3,31864800,3447.7,2820.9,3839.9,2896.0,3127.6,7,3,3127.5,98,6,3127.3,10,1,3127.2,51,4,3127.1,52,4,3128.0,491,9,3128.5,227,4,3128.6,80,3,3128.7,31,1,3128.8,95,4
2031,2026-06-16 10:46:37+05:30,3127.6,6,3131.44,1125990,133101.0,208981.0,3163.0,3163.0,3108.0,3134.3,31864800,3447.7,2820.9,3839.9,2896.0,3127.6,12,4,3127.5,98,6,3127.3,10,1,3127.2,45,3,3127.1,52,4,3128.0,491,9,3128.5,227,4,3128.6,80,3,3128.7,31,1,3128.8,95,4
2031,2026-06-16 10:46:38+05:30,3128.0,1,3131.44,1125990,133101.0,208981.0,3163.0,3163.0,3108.0,3134.3,31864800,3447.7,2820.9,3839.9,2896.0,3127.6,12,4,3127.5,98,6,3127.3,10,1,3127.2,45,3,3127.1,52,4,3128.0,491,9,3128.5,227,4,3128.6,80,3,3128.7,31,1,3128.8,95,4
2031,2026-06-16 10:46:38+05:30,3128.0,1,3131.44,1125991,133090.0,208983.0,3163.0,3163.0,3108.0,3134.3,31864800,3447.7,2820.9,3839.9,2896.0,3127.6,12,4,3127.5,98,6,3127.3,10,1,3127.2,45,3,3127.1,52,4,3128.0,490,9,3128.5,227,4,3128.6,80,3,3128.7,31,1,3128.8,95,4
2031,2026-06-16 10:46:39+05:30,3128.0,1,3131.44,1125991,133090.0,208983.0,3163.0,3163.0,3108.0,3134.3,31864800,3447.7,2820.9,3839.9,2896.0,3127.6,12,4,3127.5,98,6,3127.3,10,1,3127.2,45,3,3127.1,52,4,3128.0,490,9,3128.5,227,4,3128.6,80,3,3128.7,31,1,3128.8,95,4
2031,2026-06-16 10:46:39+05:30,3127.8,25,3131.44,1125991,133090.0,208983.0,3163.0,3163.0,3108.0,3134.3,31864800,3447.7,2820.9,3839.9,2896.0,3127.6,12,4,3127.5,98,6,3127.3,10,1,3127.2,45,3,3127.1,52,4,3128.0,490,9,3128.5,227,4,3128.6,80,3,3128.7,31,1,3128.8,95,4
2031,2026-06-16 10:46:39+05:30,3127.9,1,3131.44,1126018,132664.0,209974.0,3163.0,3163.0,3108.0,3134.3,31864800,3447.7,2820.9,3839.9,2896.0,3127.8,25,1,3127.6,6,2,3127.5,74,4,3127.3,10,1,3127.0,67,4,3127.9,11,1,3128.0,1358,11,3128.2,19,1,3128.4,95,3,3128.5,227,4
2031,2026-06-16 10:46:40+05:30,3127.9,1,3131.44,1126018,132664.0,209974.0,3163.0,3163.0,3108.0,3134.3,31864800,3447.7,2820.9,3839.9,2896.0,3127.8,25,1,3127.6,6,2,3127.5,74,4,3127.3,10,1,3127.0,67,4,3127.9,11,1,3128.0,1358,11,3128.2,19,1,3128.4,95,3,3128.5,227,4
2031,2026-06-16 10:46:40+05:30,3127.9,3,3131.44,1126018,132664.0,209974.0,3163.0,3163.0,3108.0,3134.3,31864800,3447.7,2820.9,3839.9,2896.0,3127.8,25,1,3127.6,6,2,3127.5,74,4,3127.3,10,1,3127.0,67,4,3127.9,11,1,3128.0,1358,11,3128.2,19,1,3128.4,95,3,3128.5,227,4
2031,2026-06-16 10:46:40+05:30,3127.9,3,3131.44,1126039,132873.0,209968.0,3163.0,3163.0,3108.0,3134.3,31864800,3447.7,2820.9,3839.9,2896.0,3127.8,7,1,3127.6,5,1,3127.5,74,4,3127.3,10,1,3127.0,59,3,3127.9,15,2,3128.0,1425,11,3128.1,41,2,3128.2,43,2,3128.4,97,3
2031,2026-06-16 10:46:41+05:30,3127.9,3,3131.44,1126039,132873.0,209968.0,3163.0,3163.0,3108.0,3134.3,31864800,3447.7,2820.9,3839.9,2896.0,3127.8,7,1,3127.6,5,1,3127.5,74,4,3127.3,10,1,3127.0,59,3,3127.9,15,2,3128.0,1425,11,3128.1,41,2,3128.2,43,2,3128.4,97,3
2031,2026-06-16 10:46:41+05:30,3127.8,25,3131.44,1126039,132873.0,209968.0,3163.0,3163.0,3108.0,3134.3,31864800,3447.7,2820.9,3839.9,2896.0,3127.8,7,1,3127.6,5,1,3127.5,74,4,3127.3,10,1,3127.0,59,3,3127.9,15,2,3128.0,1425,11,3128.1,41,2,3128.2,43,2,3128.4,97,3
2031,2026-06-16 10:46:41+05:30,3127.8,25,3131.44,1126039,132873.0,209968.0,3163.0,3163.0,3108.0,3134.3,31864800,3447.7,2820.9,3839.9,2896.0,3127.8,7,1,3127.6,5,1,3127.5,74,4,3127.3,10,1,3127.0,59,3,3127.9,15,2,3128.0,1425,11,3128.1,41,2,3128.2,43,2,3128.4,97,3
2031,2026-06-16 10:46:41+05:30,3127.8,25,3131.44,1126074,132680.0,209985.0,3163.0,3163.0,3108.0,3134.3,31864800,3447.7,2820.9,3839.9,2896.0,3127.8,25,1,3127.6,5,1,3127.5,74,4,3127.3,10,1,3127.0,59,3,3127.9,15,2,3128.0,1449,12,3128.1,58,3,3128.2,75,3,3128.4,97,3
2031,2026-06-16 10:46:42+05:30,3127.8,25,3131.44,1126074,132680.0,209985.0,3163.0,3163.0,3108.0,3134.3,31864800,3447.7,2820.9,3839.9,2896.0,3127.8,25,1,3127.6,5,1,3127.5,74,4,3127.3,10,1,3127.0,59,3,3127.9,15,2,3128.0,1449,12,3128.1,58,3,3128.2,75,3,3128.4,97,3
2031,2026-06-16 10:46:43+05:30,3127.8,25,3131.44,1126074,132739.0,209979.0,3163.0,3163.0,3108.0,3134.3,31864800,3447.7,2820.9,3839.9,2896.0,3127.8,25,1,3127.6,5,1,3127.5,74,4,3127.3,10,1,3127.0,75,4,3127.9,16,3,3128.0,1449,12,3128.1,58,3,3128.2,75,3,3128.4,97,3
2031,2026-06-16 10:46:43+05:30,3127.8,25,3131.44,1126074,132739.0,209979.0,3163.0,3163.0,3108.0,3134.3,31864800,3447.7,2820.9,3839.9,2896.0,3127.8,25,1,3127.6,5,1,3127.5,74,4,3127.3,10,1,3127.0,75,4,3127.9,16,3,3128.0,1449,12,3128.1,58,3,3128.2,75,3,3128.4,97,3
2031,2026-06-16 10:46:44+05:30,3127.8,25,3131.44,1126074,132781.0,210018.0,3163.0,3163.0,3108.0,3134.3,31864800,3447.7,2820.9,3839.9,2896.0,3127.8,25,1,3127.6,5,1,3127.5,74,4,3127.3,10,1,3127.0,98,5,3127.9,28,4,3128.0,1482,13,3128.1,25,2,3128.2,99,4,3128.3,14,1
2031,2026-06-16 10:46:44+05:30,3127.8,25,3131.44,1126074,132781.0,210018.0,3163.0,3163.0,3108.0,3134.3,31864800,3447.7,2820.9,3839.9,2896.0,3127.8,25,1,3127.6,5,1,3127.5,74,4,3127.3,10,1,3127.0,98,5,3127.9,28,4,3128.0,1482,13,3128.1,25,2,3128.2,99,4,3128.3,14,1
2031,2026-06-16 10:46:45+05:30,3127.9,1,3131.44,1126077,132856.0,209639.0,3163.0,3163.0,3108.0,3134.3,31864800,3447.7,2820.9,3839.9,2896.0,3127.8,25,1,3127.6,5,1,3127.5,74,4,3127.3,10,1,3127.0,75,4,3127.9,36,6,3128.0,1439,12,3128.1,26,3,3128.2,37,3,3128.4,49,2
2031,2026-06-16 10:46:45+05:30,3127.9,1,3131.44,1126077,132856.0,209639.0,3163.0,3163.0,3108.0,3134.3,31864800,3447.7,2820.9,3839.9,2896.0,3127.8,25,1,3127.6,5,1,3127.5,74,4,3127.3,10,1,3127.0,75,4,3127.9,36,6,3128.0,1439,12,3128.1,26,3,3128.2,37,3,3128.4,49,2
2031,2026-06-16 10:46:45+05:30,3127.9,2,3131.44,1126077,132856.0,209639.0,3163.0,3163.0,3108.0,3134.3,31864800,3447.7,2820.9,3839.9,2896.0,3127.8,25,1,3127.6,5,1,3127.5,74,4,3127.3,10,1,3127.0,75,4,3127.9,36,6,3128.0,1439,12,3128.1,26,3,3128.2,37,3,3128.4,49,2
2031,2026-06-16 10:46:46+05:30,3127.9,2,3131.44,1126077,132856.0,209639.0,3163.0,3163.0,3108.0,3134.3,31864800,3447.7,2820.9,3839.9,2896.0,3127.8,25,1,3127.6,5,1,3127.5,74,4,3127.3,10,1,3127.0,75,4,3127.9,36,6,3128.0,1439,12,3128.1,26,3,3128.2,37,3,3128.4,49,2
2031,2026-06-16 10:46:46+05:30,3127.9,2,3131.44,1126082,133014.0,207691.0,3163.0,3163.0,3108.0,3134.3,31864800,3447.7,2820.9,3839.9,2896.0,3127.8,126,3,3127.6,5,1,3127.5,74,4,3127.3,10,1,3127.0,75,4,3127.9,34,5,3128.0,1415,11,3128.1,18,2,3128.2,4,2,3128.3,38,1
2031,2026-06-16 10:46:46+05:30,3127.7,39,3131.44,1126082,133014.0,207691.0,3163.0,3163.0,3108.0,3134.3,31864800,3447.7,2820.9,3839.9,2896.0,3127.8,126,3,3127.6,5,1,3127.5,74,4,3127.3,10,1,3127.0,75,4,3127.9,34,5,3128.0,1415,11,3128.1,18,2,3128.2,4,2,3128.3,38,1
2031,2026-06-16 10:46:46+05:30,3127.7,39,3131.44,1126082,133014.0,207691.0,3163.0,3163.0,3108.0,3134.3,31864800,3447.7,2820.9,3839.9,2896.0,3127.8,126,3,3127.6,5,1,3127.5,74,4,3127.3,10,1,3127.0,75,4,3127.9,34,5,3128.0,1415,11,3128.1,18,2,3128.2,4,2,3128.3,38,1
2031,2026-06-16 10:46:47+05:30,3127.7,39,3131.44,1126480,132794.0,209495.0,3163.0,3163.0,3108.0,3134.3,31864800,3447.7,2820.9,3839.9,2896.0,3127.7,14,1,3127.6,5,1,3127.5,60,3,3127.3,10,1,3127.0,75,4,3127.9,50,4,3128.0,1209,11,3128.1,18,2,3128.2,56,4,3128.4,49,2
2031,2026-06-16 10:46:47+05:30,3127.9,14,3131.44,1126480,132794.0,209495.0,3163.0,3163.0,3108.0,3134.3,31864800,3447.7,2820.9,3839.9,2896.0,3127.7,14,1,3127.6,5,1,3127.5,60,3,3127.3,10,1,3127.0,75,4,3127.9,50,4,3128.0,1209,11,3128.1,18,2,3128.2,56,4,3128.4,49,2
2031,2026-06-16 10:46:47+05:30,3127.9,14,3131.44,1126480,132794.0,209495.0,3163.0,3163.0,3108.0,3134.3,31864800,3447.7,2820.9,3839.9,2896.0,3127.7,14,1,3127.6,5,1,3127.5,60,3,3127.3,10,1,3127.0,75,4,3127.9,50,4,3128.0,1209,11,3128.1,18,2,3128.2,56,4,3128.4,49,2
2031,2026-06-16 10:46:48+05:30,3128.0,10,3131.44,1126602,132946.0,209707.0,3163.0,3163.0,3108.0,3134.3,31864800,3447.7,2820.9,3839.9,2896.0,3127.7,14,1,3127.6,31,3,3127.5,60,3,3127.3,10,1,3127.0,75,4,3128.0,1174,9,3128.1,18,2,3128.2,1,1,3128.4,49,2,3128.5,223,3
2031,2026-06-16 10:46:48+05:30,3128.0,27,3131.44,1126602,132946.0,209707.0,3163.0,3163.0,3108.0,3134.3,31864800,3447.7,2820.9,3839.9,2896.0,3127.7,14,1,3127.6,31,3,3127.5,60,3,3127.3,10,1,3127.0,75,4,3128.0,1174,9,3128.1,18,2,3128.2,1,1,3128.4,49,2,3128.5,223,3
2031,2026-06-16 10:46:48+05:30,3128.0,27,3131.44,1126602,132946.0,209707.0,3163.0,3163.0,3108.0,3134.3,31866800,3447.7,2820.9,3839.9,2896.0,3127.7,14,1,3127.6,31,3,3127.5,60,3,3127.3,10,1,3127.0,75,4,3128.0,1174,9,3128.1,18,2,3128.2,1,1,3128.4,49,2,3128.5,223,3
2031,2026-06-16 10:46:49+05:30,3128.0,25,3131.44,1126686,132862.0,210118.0,3163.0,3163.0,3108.0,3134.3,31866800,3447.7,2820.9,3839.9,2896.0,3127.7,19,2,3127.6,26,2,3127.5,60,3,3127.3,10,1,3127.0,75,4,3128.0,1166,11,3128.1,18,2,3128.2,67,4,3128.4,85,3,3128.5,223,3
2031,2026-06-16 10:46:49+05:30,3128.0,39,3131.44,1126686,132862.0,210118.0,3163.0,3163.0,3108.0,3134.3,31866800,3447.7,2820.9,3839.9,2896.0,3127.7,19,2,3127.6,26,2,3127.5,60,3,3127.3,10,1,3127.0,75,4,3128.0,1166,11,3128.1,18,2,3128.2,67,4,3128.4,85,3,3128.5,223,3
2031,2026-06-16 10:46:50+05:30,3128.0,6,3131.44,1126774,132934.0,209777.0,3163.0,3163.0,3108.0,3134.3,31866800,3447.7,2820.9,3839.9,2896.0,3127.8,1,1,3127.7,19,2,3127.6,26,2,3127.5,60,3,3127.3,10,1,3128.0,1059,8,3128.1,18,2,3128.2,53,3,3128.4,85,3,3128.5,223,3
2031,2026-06-16 10:46:50+05:30,3128.0,1,3131.44,1126774,132934.0,209777.0,3163.0,3163.0,3108.0,3134.3,31866800,3447.7,2820.9,3839.9,2896.0,3127.8,1,1,3127.7,19,2,3127.6,26,2,3127.5,60,3,3127.3,10,1,3128.0,1059,8,3128.1,18,2,3128.2,53,3,3128.4,85,3,3128.5,223,3
2031,2026-06-16 10:46:51+05:30,3128.0,724,3131.44,1127563,133008.0,208694.0,3163.0,3163.0,3108.0,3134.3,31866800,3447.7,2820.9,3839.9,2896.0,3127.8,25,2,3127.7,19,2,3127.6,1,1,3127.5,60,3,3127.3,10,1,3128.0,272,7,3128.1,18,2,3128.2,1,1,3128.5,203,2,3128.7,26,1
2031,2026-06-16 10:46:51+05:30,3128.0,39,3131.44,1127563,133008.0,208694.0,3163.0,3163.0,3108.0,3134.3,31866800,3447.7,2820.9,3839.9,2896.0,3127.8,25,2,3127.7,19,2,3127.6,1,1,3127.5,60,3,3127.3,10,1,3128.0,272,7,3128.1,18,2,3128.2,1,1,3128.5,203,2,3128.7,26,1
2031,2026-06-16 10:46:51+05:30,3128.0,39,3131.44,1127730,133047.0,209016.0,3163.0,3163.0,3108.0,3134.3,31866800,3447.7,2820.9,3839.9,2896.0,3127.8,65,2,3127.7,19,2,3127.6,1,1,3127.5,60,3,3127.3,10,1,3128.0,261,7,3128.1,18,2,3128.2,1,1,3128.5,221,3,3128.7,78,2
2031,2026-06-16 10:46:52+05:30,3128.0,39,3131.44,1127730,133047.0,209016.0,3163.0,3163.0,3108.0,3134.3,31866800,3447.7,2820.9,3839.9,2896.0,3127.8,65,2,3127.7,19,2,3127.6,1,1,3127.5,60,3,3127.3,10,1,3128.0,261,7,3128.1,18,2,3128.2,1,1,3128.5,221,3,3128.7,78,2
2031,2026-06-16 10:46:53+05:30,3128.0,23,3131.44,1127943,133267.0,208771.0,3163.0,3163.0,3108.0,3134.3,31866800,3447.7,2820.9,3839.9,2896.0,3127.9,29,1,3127.8,97,3,3127.7,51,3,3127.6,1,1,3127.5,148,7,3128.0,60,5,3128.1,18,2,3128.2,1,1,3128.5,221,3,3128.8,20,1
2031,2026-06-16 10:46:53+05:30,3128.0,41,3131.44,1127943,133267.0,208771.0,3163.0,3163.0,3108.0,3134.3,31866800,3447.7,2820.9,3839.9,2896.0,3127.9,29,1,3127.8,97,3,3127.7,51,3,3127.6,1,1,3127.5,148,7,3128.0,60,5,3128.1,18,2,3128.2,1,1,3128.5,221,3,3128.8,20,1
2031,2026-06-16 10:46:54+05:30,3128.0,3,3131.44,1128043,133366.0,208813.0,3163.0,3163.0,3108.0,3134.3,31866800,3447.7,2820.9,3839.9,2896.0,3128.0,29,1,3127.9,80,2,3127.8,97,3,3127.7,67,4,3127.6,1,1,3128.1,18,2,3128.2,1,1,3128.5,221,3,3129.0,189,8,3129.1,81,2
2031,2026-06-16 10:46:54+05:30,3128.5,8,3131.44,1128043,133366.0,208813.0,3163.0,3163.0,3108.0,3134.3,31866800,3447.7,2820.9,3839.9,2896.0,3128.0,29,1,3127.9,80,2,3127.8,97,3,3127.7,67,4,3127.6,1,1,3128.1,18,2,3128.2,1,1,3128.5,221,3,3129.0,189,8,3129.1,81,2
2031,2026-06-16 10:46:55+05:30,3128.1,39,3131.43,1128461,132964.0,208882.0,3163.0,3163.0,3108.0,3134.3,31866800,3447.7,2820.9,3839.9,2896.0,3127.9,23,1,3127.8,73,2,3127.7,19,2,3127.6,1,1,3127.5,60,3,3128.1,128,1,3128.5,180,3,3128.6,19,1,3128.8,19,1,3128.9,112,2
2031,2026-06-16 10:46:55+05:30,3127.9,23,3131.43,1128461,132964.0,208882.0,3163.0,3163.0,3108.0,3134.3,31866800,3447.7,2820.9,3839.9,2896.0,3127.9,23,1,3127.8,73,2,3127.7,19,2,3127.6,1,1,3127.5,60,3,3128.1,128,1,3128.5,180,3,3128.6,19,1,3128.8,19,1,3128.9,112,2
2031,2026-06-16 10:46:56+05:30,3127.9,42,3131.43,1128690,132934.0,208706.0,3163.0,3163.0,3108.0,3134.3,31866800,3447.7,2820.9,3839.9,2896.0,3127.8,41,1,3127.7,19,2,3127.6,1,1,3127.5,60,3,3127.4,32,1,3128.0,13,1,3128.1,16,1,3128.2,44,1,3128.5,200,4,3128.8,19,1
2031,2026-06-16 10:46:56+05:30,3128.2,23,3131.43,1128690,132934.0,208706.0,3163.0,3163.0,3108.0,3134.3,31866800,3447.7,2820.9,3839.9,2896.0,3127.8,41,1,3127.7,19,2,3127.6,1,1,3127.5,60,3,3127.4,32,1,3128.0,13,1,3128.1,16,1,3128.2,44,1,3128.5,200,4,3128.8,19,1
2031,2026-06-16 10:46:57+05:30,3128.0,32,3131.43,1128794,133000.0,208833.0,3163.0,3163.0,3108.0,3134.3,31866800,3447.7,2820.9,3839.9,2896.0,3127.9,32,1,3127.8,53,2,3127.7,51,3,3127.6,1,1,3127.5,138,5,3128.1,13,1,3128.2,21,1,3128.5,181,3,3128.8,19,1,3128.9,112,2
2031,2026-06-16 10:46:57+05:30,3128.2,35,3131.43,1128794,133000.0,208833.0,3163.0,3163.0,3108.0,3134.3,31866800,3447.7,2820.9,3839.9,2896.0,3127.9,32,1,3127.8,53,2,3127.7,51,3,3127.6,1,1,3127.5,138,5,3128.1,13,1,3128.2,21,1,3128.5,181,3,3128.8,19,1,3128.9,112,2
2031,2026-06-16 10:46:58+05:30,3128.2,27,3131.43,1128982,132879.0,208865.0,3163.0,3163.0,3108.0,3134.3,31866800,3447.7,2820.9,3839.9,2896.0,3127.8,53,2,3127.7,19,2,3127.6,33,2,3127.5,60,3,3127.3,10,1,3128.0,1,1,3128.2,2,1,3128.5,202,4,3128.6,20,1,3128.7,116,3
2031,2026-06-16 10:46:58+05:30,3128.1,7,3131.43,1128982,132879.0,208865.0,3163.0,3163.0,3108.0,3134.3,31866800,3447.7,2820.9,3839.9,2896.0,3127.8,53,2,3127.7,19,2,3127.6,33,2,3127.5,60,3,3127.3,10,1,3128.0,1,1,3128.2,2,1,3128.5,202,4,3128.6,20,1,3128.7,116,3
2031,2026-06-16 10:46:59+05:30,3127.8,21,3131.43,1129101,132981.0,208596.0,3163.0,3163.0,3108.0,3134.3,31866800,3447.7,2820.9,3839.9,2896.0,3128.0,45,1,3127.9,32,1,3127.8,32,1,3127.7,51,3,3127.6,1,1,3128.2,56,3,3128.3,26,2,3128.4,85,4,3128.5,164,5,3128.6,72,3
2031,2026-06-16 10:46:59+05:30,3128.0,32,3131.43,1129101,132981.0,208596.0,3163.0,3163.0,3108.0,3134.3,31866800,3447.7,2820.9,3839.9,2896.0,3128.0,45,1,3127.9,32,1,3127.8,32,1,3127.7,51,3,3127.6,1,1,3128.2,56,3,3128.3,26,2,3128.4,85,4,3128.5,164,5,3128.6,72,3
2031,2026-06-16 10:47:00+05:30,3128.2,25,3131.43,1129210,133012.0,209541.0,3163.0,3163.0,3108.0,3134.3,31866800,3447.7,2820.9,3839.9,2896.0,3128.1,45,1,3128.0,32,1,3127.9,32,1,3127.8,32,1,3127.7,19,2,3128.2,25,2,3128.3,13,1,3128.4,37,2,3128.5,131,3,3128.8,107,5
2031,2026-06-16 10:47:00+05:30,3128.1,8,3131.43,1129210,133012.0,209541.0,3163.0,3163.0,3108.0,3134.3,31866800,3447.7,2820.9,3839.9,2896.0,3128.1,45,1,3128.0,32,1,3127.9,32,1,3127.8,32,1,3127.7,19,2,3128.2,25,2,3128.3,13,1,3128.4,37,2,3128.5,131,3,3128.8,107,5
2031,2026-06-16 10:47:01+05:30,3128.3,26,3131.43,1129378,132963.0,209682.0,3163.0,3163.0,3108.0,3134.3,31866800,3447.7,2820.9,3839.9,2896.0,3128.2,1,1,3128.1,12,1,3127.9,42,2,3127.8,32,1,3127.7,19,2,3128.3,3,1,3128.4,17,1,3128.5,148,4,3128.6,33,1,3128.8,81,4
2031,2026-06-16 10:47:01+05:30,3128.1,4,3131.43,1129378,132963.0,209682.0,3163.0,3163.0,3108.0,3134.3,31866800,3447.7,2820.9,3839.9,2896.0,3128.2,1,1,3128.1,12,1,3127.9,42,2,3127.8,32,1,3127.7,19,2,3128.3,3,1,3128.4,17,1,3128.5,148,4,3128.6,33,1,3128.8,81,4
2031,2026-06-16 10:47:02+05:30,3128.4,1,3131.43,1129480,133015.0,209494.0,3163.0,3163.0,3108.0,3134.3,31866800,3447.7,2820.9,3839.9,2896.0,3128.1,41,3,3128.0,32,1,3127.9,10,1,3127.8,32,1,3127.7,39,2,3128.3,23,1,3128.4,15,2,3128.5,148,4,3128.8,45,2,3128.9,154,4
2031,2026-06-16 10:47:02+05:30,3128.5,1,3131.43,1129480,133015.0,209494.0,3163.0,3163.0,3108.0,3134.3,31866800,3447.7,2820.9,3839.9,2896.0,3128.1,41,3,3128.0,32,1,3127.9,10,1,3127.8,32,1,3127.7,39,2,3128.3,23,1,3128.4,15,2,3128.5,148,4,3128.8,45,2,3128.9,154,4
2031,2026-06-16 10:47:03+05:30,3128.2,1,3131.43,1129767,132575.0,209117.0,3163.0,3163.0,3108.0,3134.3,31866800,3447.7,2820.9,3839.9,2896.0,3127.9,10,1,3127.8,55,2,3127.7,14,1,3127.6,1,1,3127.5,60,3,3128.3,53,4,3128.4,39,2,3128.5,147,4,3128.6,81,4,3128.7,32,1
2031,2026-06-16 10:47:03+05:30,3127.9,7,3131.43,1129767,132575.0,209117.0,3163.0,3163.0,3108.0,3134.3,31866800,3447.7,2820.9,3839.9,2896.0,3127.9,10,1,3127.8,55,2,3127.7,14,1,3127.6,1,1,3127.5,60,3,3128.3,53,4,3128.4,39,2,3128.5,147,4,3128.6,81,4,3128.7,32,1
2031,2026-06-16 10:47:04+05:30,3127.9,36,3131.43,1129913,132822.0,209272.0,3163.0,3163.0,3108.0,3134.3,31866800,3447.7,2820.9,3839.9,2896.0,3127.9,22,1,3127.7,64,2,3127.6,33,2,3127.5,60,3,3127.3,10,1,3128.1,32,2,3128.2,95,4,3128.3,32,3,3128.4,38,2,3128.5,147,4
2031,2026-06-16 10:47:04+05:30,3128.0,13,3131.43,1129913,132822.0,209272.0,3163.0,3163.0,3108.0,3134.3,31866800,3447.7,2820.9,3839.9,2896.0,3127.9,22,1,3127.7,64,2,3127.6,33,2,3127.5,60,3,3127.3,10,1,3128.1,32,2,3128.2,95,4,3128.3,32,3,3128.4,38,2,3128.5,147,4
2031,2026-06-16 10:47:05+05:30,3127.9,22,3131.43,1130118,132451.0,209258.0,3163.0,3163.0,3108.0,3134.3,31866800,3447.7,2820.9,3839.9,2896.0,3127.9,22,1,3127.8,32,1,3127.7,96,3,3127.6,1,1,3127.5,92,4,3128.0,36,3,3128.1,75,4,3128.2,71,4,3128.3,22,3,3128.4,65,3
2031,2026-06-16 10:47:05+05:30,3128.0,13,3131.43,1130118,132451.0,209258.0,3163.0,3163.0,3108.0,3134.3,31866800,3447.7,2820.9,3839.9,2896.0,3127.9,22,1,3127.8,32,1,3127.7,96,3,3127.6,1,1,3127.5,92,4,3128.0,36,3,3128.1,75,4,3128.2,71,4,3128.3,22,3,3128.4,65,3
2031,2026-06-16 10:47:06+05:30,3127.9,1,3131.43,1130225,132849.0,210226.0,3163.0,3163.0,3108.0,3134.3,31866800,3447.7,2820.9,3839.9,2896.0,3127.8,32,1,3127.7,96,3,3127.6,1,1,3127.5,92,4,3127.3,10,1,3127.9,49,3,3128.0,18,2,3128.1,216,5,3128.2,91,4,3128.3,20,2
2031,2026-06-16 10:47:06+05:30,3127.9,11,3131.43,1130225,132849.0,210226.0,3163.0,3163.0,3108.0,3134.3,31866800,3447.7,2820.9,3839.9,2896.0,3127.8,32,1,3127.7,96,3,3127.6,1,1,3127.5,92,4,3127.3,10,1,3127.9,49,3,3128.0,18,2,3128.1,216,5,3128.2,91,4,3128.3,20,2
2031,2026-06-16 10:47:07+05:30,3127.9,32,3131.43,1130352,132623.0,210010.0,3163.0,3163.0,3108.0,3134.3,31866800,3447.7,2820.9,3839.9,2896.0,3127.8,6,1,3127.7,96,3,3127.6,1,1,3127.5,92,4,3127.3,10,1,3127.9,13,1,3128.0,24,3,3128.1,248,6,3128.2,58,3,3128.3,3,1
2031,2026-06-16 10:47:07+05:30,3127.8,6,3131.43,1130352,132623.0,210010.0,3163.0,3163.0,3108.0,3134.3,31866800,3447.7,2820.9,3839.9,2896.0,3127.8,6,1,3127.7,96,3,3127.6,1,1,3127.5,92,4,3127.3,10,1,3127.9,13,1,3128.0,24,3,3128.1,248,6,3128.2,58,3,3128.3,3,1
2031,2026-06-16 10:47:08+05:30,3127.8,7,3131.43,1130378,132780.0,210125.0,3163.0,3163.0,3108.0,3134.3,31866800,3447.7,2820.9,3839.9,2896.0,3127.8,8,1,3127.7,51,2,3127.6,1,1,3127.5,92,4,3127.3,42,2,3127.9,16,2,3128.0,18,2,3128.1,235,5,3128.2,49,2,3128.3,3,1
2031,2026-06-16 10:47:08+05:30,3127.8,8,3131.43,1130378,132780.0,210125.0,3163.0,3163.0,3108.0,3134.3,31866800,3447.7,2820.9,3839.9,2896.0,3127.8,8,1,3127.7,51,2,3127.6,1,1,3127.5,92,4,3127.3,42,2,3127.9,16,2,3128.0,18,2,3128.1,235,5,3128.2,49,2,3128.3,3,1
2031,2026-06-16 10:47:09+05:30,3127.9,25,3131.43,1130431,132638.0,210106.0,3163.0,3163.0,3108.0,3134.3,31866800,3447.7,2820.9,3839.9,2896.0,3127.8,32,1,3127.7,83,3,3127.6,33,2,3127.5,60,3,3127.4,32,1,3127.9,13,1,3128.0,18,2,3128.1,244,6,3128.2,49,2,3128.3,3,1
2031,2026-06-16 10:47:09+05:30,3127.8,12,3131.43,1130431,132638.0,210106.0,3163.0,3163.0,3108.0,3134.3,31866800,3447.7,2820.9,3839.9,2896.0,3127.8,32,1,3127.7,83,3,3127.6,33,2,3127.5,60,3,3127.4,32,1,3127.9,13,1,3128.0,18,2,3128.1,244,6,3128.2,49,2,3128.3,3,1
2031,2026-06-16 10:47:10+05:30,3127.9,12,3131.43,1130456,132930.0,209925.0,3163.0,3163.0,3108.0,3134.3,31866800,3447.7,2820.9,3839.9,2896.0,3127.9,21,1,3127.8,86,3,3127.7,83,3,3127.6,33,2,3127.5,60,3,3128.0,18,2,3128.1,203,4,3128.2,30,1,3128.5,6,2,3128.6,53,2
2031,2026-06-16 10:47:10+05:30,3127.9,12,3131.43,1130456,132930.0,209925.0,3163.0,3163.0,3108.0,3134.3,31866800,3447.7,2820.9,3839.9,2896.0,3127.9,21,1,3127.8,86,3,3127.7,83,3,3127.6,33,2,3127.5,60,3,3128.0,18,2,3128.1,203,4,3128.2,30,1,3128.5,6,2,3128.6,53,2
2031,2026-06-16 10:47:11+05:30,3128.0,1,3131.43,1130457,132915.0,209770.0,3163.0,3163.0,3108.0,3134.3,31866800,3447.7,2820.9,3839.9,2896.0,3127.8,118,4,3127.7,83,3,3127.6,1,1,3127.5,92,4,3127.3,20,2,3127.9,13,1,3128.0,17,2,3128.1,203,4,3128.2,30,1,3128.5,6,2
2031,2026-06-16 10:47:11+05:30,3128.0,1,3131.43,1130457,132915.0,209770.0,3163.0,3163.0,3108.0,3134.3,31866800,3447.7,2820.9,3839.9,2896.0,3127.8,118,4,3127.7,83,3,3127.6,1,1,3127.5,92,4,3127.3,20,2,3127.9,13,1,3128.0,17,2,3128.1,203,4,3128.2,30,1,3128.5,6,2
2031,2026-06-16 10:47:12+05:30,3127.9,8,3131.43,1130479,132946.0,210091.0,3163.0,3163.0,3108.0,3134.3,31866800,3447.7,2820.9,3839.9,2896.0,3127.8,73,3,3127.7,83,3,3127.6,33,2,3127.5,60,3,3127.4,32,1,3128.0,8,2,3128.1,203,4,3128.2,30,1,3128.5,37,3,3128.6,21,2
2031,2026-06-16 10:47:12+05:30,3127.9,8,3131.43,1130479,132946.0,210091.0,3163.0,3163.0,3108.0,3134.3,31866800,3447.7,2820.9,3839.9,2896.0,3127.8,73,3,3127.7,83,3,3127.6,33,2,3127.5,60,3,3127.4,32,1,3128.0,8,2,3128.1,203,4,3128.2,30,1,3128.5,37,3,3128.6,21,2
2031,2026-06-16 10:47:13+05:30,3127.9,45,3131.43,1130524,133158.0,208251.0,3163.0,3163.0,3108.0,3134.3,31866800,3447.7,2820.9,3839.9,2896.0,3127.8,74,4,3127.7,83,3,3127.6,33,2,3127.5,60,3,3127.4,32,1,3127.9,155,1,3128.0,8,2,3128.1,203,4,3128.2,30,1,3128.5,37,3
2031,2026-06-16 10:47:13+05:30,3127.7,50,3131.43,1130524,133158.0,208251.0,3163.0,3163.0,3108.0,3134.3,31866800,3447.7,2820.9,3839.9,2896.0,3127.8,74,4,3127.7,83,3,3127.6,33,2,3127.5,60,3,3127.4,32,1,3127.9,155,1,3128.0,8,2,3128.1,203,4,3128.2,30,1,3128.5,37,3
2031,2026-06-16 10:47:14+05:30,3127.7,50,3131.43,1130932,133049.0,210003.0,3163.0,3163.0,3108.0,3134.3,31866800,3447.7,2820.9,3839.9,2896.0,3127.7,14,1,3127.6,33,2,3127.5,92,4,3127.3,42,2,3127.1,27,1,3127.8,92,1,3128.0,3,1,3128.1,203,4,3128.2,30,1,3128.4,31,1
2031,2026-06-16 10:47:14+05:30,3127.7,26,3131.43,1130932,133049.0,210003.0,3163.0,3163.0,3108.0,3134.3,31866800,3447.7,2820.9,3839.9,2896.0,3127.7,14,1,3127.6,33,2,3127.5,92,4,3127.3,42,2,3127.1,27,1,3127.8,92,1,3128.0,3,1,3128.1,203,4,3128.2,30,1,3128.4,31,1
2031,2026-06-16 10:47:15+05:30,3127.6,25,3131.43,1131029,133093.0,207826.0,3163.0,3163.0,3108.0,3134.3,31866800,3447.7,2820.9,3839.9,2896.0,3127.6,8,2,3127.5,92,4,3127.4,32,1,3127.3,10,1,3127.2,32,1,3127.8,139,3,3128.0,8,2,3128.1,176,3,3128.2,52,3,3128.4,19,1
2031,2026-06-16 10:47:15+05:30,3127.6,8,3131.43,1131029,133093.0,207826.0,3163.0,3163.0,3108.0,3134.3,31866800,3447.7,2820.9,3839.9,2896.0,3127.6,8,2,3127.5,92,4,3127.4,32,1,3127.3,10,1,3127.2,32,1,3127.8,139,3,3128.0,8,2,3128.1,176,3,3128.2,52,3,3128.4,19,1
2031,2026-06-16 10:47:16+05:30,3127.6,6,3131.43,1131109,132792.0,209957.0,3163.0,3163.0,3108.0,3134.3,31866800,3447.7,2820.9,3839.9,2896.0,3127.5,60,3,3127.4,16,1,3127.3,61,3,3127.2,17,2,3127.1,39,2,3127.6,140,1,3127.8,119,3,3128.0,3,1,3128.1,176,3,3128.2,30,1
2031,2026-06-16 10:47:16+05:30,3127.5,30,3131.43,1131109,132792.0,209957.0,3163.0,3163.0,3108.0,3134.3,31866800,3447.7,2820.9,3839.9,2896.0,3127.5,60,3,3127.4,16,1,3127.3,61,3,3127.2,17,2,3127.1,39,2,3127.6,140,1,3127.8,119,3,3128.0,3,1,3128.1,176,3,3128.2,30,1
2031,2026-06-16 10:47:17+05:30,3127.6,45,3131.43,1131185,132509.0,208035.0,3163.0,3163.0,3108.0,3134.3,31866800,3447.7,2820.9,3839.9,2896.0,3127.5,62,4,3127.4,67,4,3127.3,42,2,3127.2,38,3,3127.1,32,1,3127.6,142,4,3127.8,94,2,3128.0,3,1,3128.1,179,4,3128.4,21,1
2031,2026-06-16 10:47:17+05:30,3127.6,1,3131.43,1131185,132509.0,208035.0,3163.0,3163.0,3108.0,3134.3,31866800,3447.7,2820.9,3839.9,2896.0,3127.5,62,4,3127.4,67,4,3127.3,42,2,3127.2,38,3,3127.1,32,1,3127.6,142,4,3127.8,94,2,3128.0,3,1,3128.1,179,4,3128.4,21,1
2031,2026-06-16 10:47:18+05:30,3127.6,22,3131.43,1131301,133005.0,209413.0,3163.0,3163.0,3108.0,3134.3,31866800,3447.7,2820.9,3839.9,2896.0,3127.5,105,5,3127.4,51,3,3127.3,58,3,3127.2,28,3,3127.1,39,2,3127.6,27,3,3127.8,94,2,3128.0,3,1,3128.1,176,3,3128.4,21,1
2031,2026-06-16 10:47:18+05:30,3127.6,22,3131.43,1131301,133005.0,209413.0,3163.0,3163.0,3108.0,3134.3,31866800,3447.7,2820.9,3839.9,2896.0,3127.5,105,5,3127.4,51,3,3127.3,58,3,3127.2,28,3,3127.1,39,2,3127.6,27,3,3127.8,94,2,3128.0,3,1,3128.1,176,3,3128.4,21,1
2031,2026-06-16 10:47:19+05:30,3127.6,18,3131.42,1131346,132999.0,209659.0,3163.0,3163.0,3108.0,3134.3,31866800,3447.7,2820.9,3839.9,2896.0,3127.5,73,4,3127.3,10,1,3127.2,6,1,3127.1,7,1,3127.0,63,4,3127.6,10,1,3127.8,94,2,3128.0,3,1,3128.1,176,3,3128.4,21,1
2031,2026-06-16 10:47:19+05:30,3127.6,18,3131.42,1131346,132999.0,209659.0,3163.0,3163.0,3108.0,3134.3,31866800,3447.7,2820.9,3839.9,2896.0,3127.5,73,4,3127.3,10,1,3127.2,6,1,3127.1,7,1,3127.0,63,4,3127.6,10,1,3127.8,94,2,3128.0,3,1,3128.1,176,3,3128.4,21,1
2031,2026-06-16 10:47:20+05:30,3127.6,10,3131.42,1131356,133038.0,209624.0,3163.0,3163.0,3108.0,3134.3,31866800,3447.7,2820.9,3839.9,2896.0,3127.5,73,4,3127.4,25,1,3127.3,26,2,3127.2,6,1,3127.1,7,1,3127.8,94,2,3128.0,3,1,3128.1,176,3,3128.4,21,1,3128.5,6,2
2031,2026-06-16 10:47:20+05:30,3127.6,10,3131.42,1131356,133038.0,209624.0,3163.0,3163.0,3108.0,3134.3,31866800,3447.7,2820.9,3839.9,2896.0,3127.5,73,4,3127.4,25,1,3127.3,26,2,3127.2,6,1,3127.1,7,1,3127.8,94,2,3128.0,3,1,3128.1,176,3,3128.4,21,1,3128.5,6,2
2031,2026-06-16 10:47:21+05:30,3127.8,5,3131.42,1131356,133038.0,209624.0,3163.0,3163.0,3108.0,3134.3,31866800,3447.7,2820.9,3839.9,2896.0,3127.5,73,4,3127.4,25,1,3127.3,26,2,3127.2,6,1,3127.1,7,1,3127.8,94,2,3128.0,3,1,3128.1,176,3,3128.4,21,1,3128.5,6,2
2031,2026-06-16 10:47:21+05:30,3127.8,5,3131.42,1131361,133035.0,209665.0,3163.0,3163.0,3108.0,3134.3,31866800,3447.7,2820.9,3839.9,2896.0,3127.5,73,4,3127.4,25,1,3127.3,26,2,3127.2,6,1,3127.1,7,1,3127.7,5,1,3127.8,89,2,3128.0,3,1,3128.1,176,3,3128.4,21,1
2031,2026-06-16 10:47:22+05:30,3127.7,1,3131.42,1131361,133035.0,209665.0,3163.0,3163.0,3108.0,3134.3,31866800,3447.7,2820.9,3839.9,2896.0,3127.5,73,4,3127.4,25,1,3127.3,26,2,3127.2,6,1,3127.1,7,1,3127.7,5,1,3127.8,89,2,3128.0,3,1,3128.1,176,3,3128.4,21,1
2031,2026-06-16 10:47:22+05:30,3127.7,1,3131.42,1131362,133046.0,209734.0,3163.0,3163.0,3108.0,3134.3,31866800,3447.7,2820.9,3839.9,2896.0,3127.5,73,4,3127.4,25,1,3127.3,10,1,3127.2,16,1,3127.1,7,1,3127.6,4,1,3127.7,39,1,3127.8,89,2,3128.0,3,1,3128.1,176,3
2031,2026-06-16 10:47:23+05:30,3127.6,1,3131.42,1131362,133046.0,209734.0,3163.0,3163.0,3108.0,3134.3,31866800,3447.7,2820.9,3839.9,2896.0,3127.5,73,4,3127.4,25,1,3127.3,10,1,3127.2,16,1,3127.1,7,1,3127.6,4,1,3127.7,39,1,3127.8,89,2,3128.0,3,1,3128.1,176,3
2031,2026-06-16 10:47:23+05:30,3127.6,1,3131.42,1131364,133046.0,209699.0,3163.0,3163.0,3108.0,3134.3,31866800,3447.7,2820.9,3839.9,2896.0,3127.5,73,4,3127.4,25,1,3127.3,10,1,3127.2,16,1,3127.1,7,1,3127.6,2,1,3127.7,58,2,3127.8,89,2,3128.0,3,1,3128.1,124,1
2031,2026-06-16 10:47:24+05:30,3127.7,1,3131.42,1131364,133046.0,209699.0,3163.0,3163.0,3108.0,3134.3,31866800,3447.7,2820.9,3839.9,2896.0,3127.5,73,4,3127.4,25,1,3127.3,10,1,3127.2,16,1,3127.1,7,1,3127.6,2,1,3127.7,58,2,3127.8,89,2,3128.0,3,1,3128.1,124,1
2031,2026-06-16 10:47:24+05:30,3127.7,1,3131.42,1131432,133034.0,210966.0,3163.0,3163.0,3108.0,3134.3,31866800,3447.7,2820.9,3839.9,2896.0,3127.6,3,2,3127.5,73,4,3127.4,24,1,3127.3,26,2,3127.0,65,6,3127.8,89,2,3128.0,1203,2,3128.1,127,2,3128.4,21,1,3128.5,95,4
2031,2026-06-16 10:47:25+05:30,3127.8,32,3131.42,1131432,133034.0,210966.0,3163.0,3163.0,3108.0,3134.3,31866800,3447.7,2820.9,3839.9,2896.0,3127.6,3,2,3127.5,73,4,3127.4,24,1,3127.3,26,2,3127.0,65,6,3127.8,89,2,3128.0,1203,2,3128.1,127,2,3128.4,21,1,3128.5,95,4
2031,2026-06-16 10:47:25+05:30,3127.8,32,3131.42,1131464,133056.0,211292.0,3163.0,3163.0,3108.0,3134.3,31866800,3447.7,2820.9,3839.9,2896.0,3127.7,1,1,3127.6,42,2,3127.5,73,4,3127.4,24,1,3127.3,26,2,3127.8,57,2,3128.0,1337,3,3128.1,142,2,3128.4,21,1,3128.5,58,3
2031,2026-06-16 10:47:26+05:30,3127.8,22,3131.42,1131521,133085.0,210798.0,3163.0,3163.0,3108.0,3134.3,31866800,3447.7,2820.9,3839.9,2896.0,3127.8,1,1,3127.6,64,3,3127.5,73,4,3127.4,8,1,3127.3,10,1,3128.0,1337,3,3128.1,18,1,3128.5,182,4,3128.6,56,2,3128.7,57,1
2031,2026-06-16 10:47:27+05:30,3127.9,1,3131.42,1131521,133085.0,210798.0,3163.0,3163.0,3108.0,3134.3,31866800,3447.7,2820.9,3839.9,2896.0,3127.8,1,1,3127.6,64,3,3127.5,73,4,3127.4,8,1,3127.3,10,1,3128.0,1337,3,3128.1,18,1,3128.5,182,4,3128.6,56,2,3128.7,57,1
2031,2026-06-16 10:47:27+05:30,3127.9,1,3131.42,1131533,133249.0,211018.0,3163.0,3163.0,3108.0,3134.3,31866800,3447.7,2820.9,3839.9,2896.0,3127.9,1,1,3127.8,32,1,3127.6,64,3,3127.5,73,4,3127.3,10,1,3128.0,2012,5,3128.1,18,1,3128.5,203,5,3128.6,38,2,3128.8,138,4
2031,2026-06-16 10:47:28+05:30,3127.8,26,3131.42,1131533,133249.0,211018.0,3163.0,3163.0,3108.0,3134.3,31866800,3447.7,2820.9,3839.9,2896.0,3127.9,1,1,3127.8,32,1,3127.6,64,3,3127.5,73,4,3127.3,10,1,3128.0,2012,5,3128.1,18,1,3128.5,203,5,3128.6,38,2,3128.8,138,4
2031,2026-06-16 10:47:28+05:30,3127.8,26,3131.42,1131560,133230.0,211436.0,3163.0,3163.0,3108.0,3134.3,31866800,3447.7,2820.9,3839.9,2896.0,3127.8,6,1,3127.6,64,3,3127.5,87,5,3127.3,10,1,3127.0,65,6,3128.0,2138,7,3128.1,18,1,3128.3,200,1,3128.5,203,5,3128.6,80,4
2031,2026-06-16 10:47:29+05:30,3128.0,222,3131.42,1131785,133181.0,211110.0,3163.0,3163.0,3108.0,3134.3,31866800,3447.7,2820.9,3839.9,2896.0,3127.8,7,2,3127.6,42,2,3127.5,87,5,3127.3,10,1,3127.0,33,4,3128.0,1913,6,3128.1,18,1,3128.3,217,2,3128.5,151,4,3128.6,63,3
2031,2026-06-16 10:47:30+05:30,3127.9,2,3131.42,1131785,133181.0,211110.0,3163.0,3163.0,3108.0,3134.3,31866800,3447.7,2820.9,3839.9,2896.0,3127.8,7,2,3127.6,42,2,3127.5,87,5,3127.3,10,1,3127.0,33,4,3128.0,1913,6,3128.1,18,1,3128.3,217,2,3128.5,151,4,3128.6,63,3
2031,2026-06-16 10:47:30+05:30,3127.9,2,3131.42,1131790,133361.0,210713.0,3163.0,3163.0,3108.0,3134.3,31866800,3447.7,2820.9,3839.9,2896.0,3127.8,8,3,3127.7,16,1,3127.6,88,4,3127.5,87,5,3127.4,16,1,3127.9,16,1,3128.0,1914,7,3128.1,18,1,3128.3,217,2,3128.5,130,3
2031,2026-06-16 10:47:31+05:30,3127.9,2,3131.42,1131790,133361.0,210713.0,3163.0,3163.0,3108.0,3134.3,31866800,3447.7,2820.9,3839.9,2896.0,3127.8,8,3,3127.7,16,1,3127.6,88,4,3127.5,87,5,3127.4,16,1,3127.9,16,1,3128.0,1914,7,3128.1,18,1,3128.3,217,2,3128.5,130,3
2031,2026-06-16 10:47:31+05:30,3127.9,1,3131.42,1131791,133328.0,210705.0,3163.0,3163.0,3108.0,3134.3,31866800,3447.7,2820.9,3839.9,2896.0,3127.8,8,3,3127.7,26,2,3127.6,62,3,3127.5,87,5,3127.4,16,1,3127.9,33,2,3128.0,1889,6,3128.1,18,1,3128.3,217,2,3128.5,130,3
2031,2026-06-16 10:47:32+05:30,3127.9,1,3131.42,1131791,133328.0,210705.0,3163.0,3163.0,3108.0,3134.3,31866800,3447.7,2820.9,3839.9,2896.0,3127.8,8,3,3127.7,26,2,3127.6,62,3,3127.5,87,5,3127.4,16,1,3127.9,33,2,3128.0,1889,6,3128.1,18,1,3128.3,217,2,3128.5,130,3
2031,2026-06-16 10:47:32+05:30,3127.9,1,3131.42,1131791,133328.0,210705.0,3163.0,3163.0,3108.0,3134.3,31866800,3447.7,2820.9,3839.9,2896.0,3127.8,8,3,3127.7,26,2,3127.6,62,3,3127.5,87,5,3127.4,16,1,3127.9,33,2,3128.0,1889,6,3128.1,18,1,3128.3,217,2,3128.5,130,3
2031,2026-06-16 10:47:33+05:30,3127.8,5,3131.42,1131797,134059.0,210721.0,3163.0,3163.0,3108.0,3134.3,31866800,3447.7,2820.9,3839.9,2896.0,3127.8,3,3,3127.7,10,1,3127.6,62,3,3127.5,87,5,3127.3,8,1,3127.9,47,4,3128.0,1889,6,3128.1,18,1,3128.3,217,2,3128.5,130,3
2031,2026-06-16 10:47:33+05:30,3127.8,5,3131.42,1131797,134059.0,210721.0,3163.0,3163.0,3108.0,3134.3,31866800,3447.7,2820.9,3839.9,2896.0,3127.8,3,3,3127.7,10,1,3127.6,62,3,3127.5,87,5,3127.3,8,1,3127.9,47,4,3128.0,1889,6,3128.1,18,1,3128.3,217,2,3128.5,130,3
2031,2026-06-16 10:47:34+05:30,3127.8,5,3131.42,1131797,134068.0,210271.0,3163.0,3163.0,3108.0,3134.3,31866800,3447.7,2820.9,3839.9,2896.0,3127.8,3,3,3127.7,10,1,3127.6,62,3,3127.5,87,5,3127.3,8,1,3127.9,54,5,3128.0,1889,6,3128.1,18,1,3128.3,17,1,3128.5,6,2
2031,2026-06-16 10:47:34+05:30,3128.0,58,3131.42,1131797,134068.0,210271.0,3163.0,3163.0,3108.0,3134.3,31866800,3447.7,2820.9,3839.9,2896.0,3127.8,3,3,3127.7,10,1,3127.6,62,3,3127.5,87,5,3127.3,8,1,3127.9,54,5,3128.0,1889,6,3128.1,18,1,3128.3,17,1,3128.5,6,2
2031,2026-06-16 10:47:34+05:30,3128.0,58,3131.42,1131797,134068.0,210271.0,3163.0,3163.0,3108.0,3134.3,31866800,3447.7,2820.9,3839.9,2896.0,3127.8,3,3,3127.7,10,1,3127.6,62,3,3127.5,87,5,3127.3,8,1,3127.9,54,5,3128.0,1889,6,3128.1,18,1,3128.3,17,1,3128.5,6,2
2031,2026-06-16 10:47:35+05:30,3128.0,58,3131.42,1131909,134259.0,210359.0,3163.0,3163.0,3108.0,3134.3,31866800,3447.7,2820.9,3839.9,2896.0,3127.8,29,5,3127.7,24,2,3127.6,76,3,3127.5,73,4,3127.4,16,1,3128.0,1831,6,3128.1,18,1,3128.3,17,1,3128.5,6,2,3128.6,21,1
2031,2026-06-16 10:47:35+05:30,3127.8,3,3131.42,1131909,134259.0,210359.0,3163.0,3163.0,3108.0,3134.3,31866800,3447.7,2820.9,3839.9,2896.0,3127.8,29,5,3127.7,24,2,3127.6,76,3,3127.5,73,4,3127.4,16,1,3128.0,1831,6,3128.1,18,1,3128.3,17,1,3128.5,6,2,3128.6,21,1
2031,2026-06-16 10:47:36+05:30,3127.8,3,3131.42,1131915,134369.0,210348.0,3163.0,3163.0,3108.0,3134.3,31866800,3447.7,2820.9,3839.9,2896.0,3127.8,24,3,3127.7,24,2,3127.6,76,3,3127.5,73,4,3127.4,16,1,3128.0,1831,6,3128.1,18,1,3128.3,17,1,3128.5,6,2,3128.6,21,1
2031,2026-06-16 10:47:36+05:30,3127.8,3,3131.42,1131915,134369.0,210348.0,3163.0,3163.0,3108.0,3134.3,31866800,3447.7,2820.9,3839.9,2896.0,3127.8,24,3,3127.7,24,2,3127.6,76,3,3127.5,73,4,3127.4,16,1,3128.0,1831,6,3128.1,18,1,3128.3,17,1,3128.5,6,2,3128.6,21,1
2031,2026-06-16 10:47:37+05:30,3128.0,1,3131.42,1131916,134395.0,210273.0,3163.0,3163.0,3108.0,3134.3,31866800,3447.7,2820.9,3839.9,2896.0,3127.8,24,3,3127.7,24,2,3127.6,76,3,3127.5,73,4,3127.4,16,1,3128.0,1830,6,3128.1,18,1,3128.3,17,1,3128.5,6,2,3128.6,21,1
2031,2026-06-16 10:47:37+05:30,3128.0,1,3131.42,1131916,134395.0,210273.0,3163.0,3163.0,3108.0,3134.3,31866800,3447.7,2820.9,3839.9,2896.0,3127.8,24,3,3127.7,24,2,3127.6,76,3,3127.5,73,4,3127.4,16,1,3128.0,1830,6,3128.1,18,1,3128.3,17,1,3128.5,6,2,3128.6,21,1
2031,2026-06-16 10:47:38+05:30,3128.0,1,3131.42,1132156,134184.0,210033.0,3163.0,3163.0,3108.0,3134.3,31866800,3447.7,2820.9,3839.9,2896.0,3127.8,2,2,3127.7,24,2,3127.6,76,3,3127.5,73,4,3127.4,16,1,3128.0,1590,6,3128.1,18,1,3128.3,17,1,3128.5,6,2,3128.6,21,1
2031,2026-06-16 10:47:38+05:30,3128.0,1,3131.42,1132156,134184.0,210033.0,3163.0,3163.0,3108.0,3134.3,31866800,3447.7,2820.9,3839.9,2896.0,3127.8,2,2,3127.7,24,2,3127.6,76,3,3127.5,73,4,3127.4,16,1,3128.0,1590,6,3128.1,18,1,3128.3,17,1,3128.5,6,2,3128.6,21,1
2031,2026-06-16 10:47:38+05:30,3128.0,1,3131.42,1132156,134184.0,210033.0,3163.0,3163.0,3108.0,3134.3,31866800,3447.7,2820.9,3839.9,2896.0,3127.8,2,2,3127.7,24,2,3127.6,76,3,3127.5,73,4,3127.4,16,1,3128.0,1590,6,3128.1,18,1,3128.3,17,1,3128.5,6,2,3128.6,21,1
2031,2026-06-16 10:47:39+05:30,3128.0,1,3131.42,1132156,134256.0,209928.0,3163.0,3163.0,3108.0,3134.3,31866800,3447.7,2820.9,3839.9,2896.0,3127.8,41,3,3127.7,24,2,3127.6,76,3,3127.5,73,4,3127.4,16,1,3127.9,59,2,3128.0,1617,6,3128.1,18,1,3128.3,17,1,3128.5,6,2
2031,2026-06-16 10:47:39+05:30,3127.7,131,3131.42,1132156,134256.0,209928.0,3163.0,3163.0,3108.0,3134.3,31866800,3447.7,2820.9,3839.9,2896.0,3127.8,41,3,3127.7,24,2,3127.6,76,3,3127.5,73,4,3127.4,16,1,3127.9,59,2,3128.0,1617,6,3128.1,18,1,3128.3,17,1,3128.5,6,2
2031,2026-06-16 10:47:39+05:30,3127.7,131,3131.42,1132156,134256.0,209928.0,3163.0,3163.0,3108.0,3134.3,31866800,3447.7,2820.9,3839.9,2896.0,3127.8,41,3,3127.7,24,2,3127.6,76,3,3127.5,73,4,3127.4,16,1,3127.9,59,2,3128.0,1617,6,3128.1,18,1,3128.3,17,1,3128.5,6,2
2031,2026-06-16 10:47:40+05:30,3127.7,131,3131.42,1132344,134095.0,209909.0,3163.0,3163.0,3108.0,3134.3,31866800,3447.7,2820.9,3839.9,2896.0,3127.6,60,2,3127.5,73,4,3127.4,16,1,3127.2,16,1,3127.1,8,1,3127.7,12,1,3127.8,58,1,3127.9,59,2,3128.0,1617,6,3128.1,18,1
2031,2026-06-16 10:47:40+05:30,3127.6,32,3131.42,1132344,134095.0,209909.0,3163.0,3163.0,3108.0,3134.3,31866800,3447.7,2820.9,3839.9,2896.0,3127.6,60,2,3127.5,73,4,3127.4,16,1,3127.2,16,1,3127.1,8,1,3127.7,12,1,3127.8,58,1,3127.9,59,2,3128.0,1617,6,3128.1,18,1
2031,2026-06-16 10:47:41+05:30,3127.6,32,3131.42,1132436,134079.0,210335.0,3163.0,3163.0,3108.0,3134.3,31866800,3447.7,2820.9,3839.9,2896.0,3127.6,9,1,3127.5,73,4,3127.1,8,1,3127.0,549,6,3126.9,89,5,3127.7,96,5,3127.8,58,1,3127.9,59,2,3128.0,1555,4,3128.5,58,3
2031,2026-06-16 10:47:41+05:30,3127.6,32,3131.42,1132436,134079.0,210335.0,3163.0,3163.0,3108.0,3134.3,31866800,3447.7,2820.9,3839.9,2896.0,3127.6,9,1,3127.5,73,4,3127.1,8,1,3127.0,549,6,3126.9,89,5,3127.7,96,5,3127.8,58,1,3127.9,59,2,3128.0,1555,4,3128.5,58,3
2031,2026-06-16 10:47:41+05:30,3127.6,1,3131.42,1132436,134079.0,210335.0,3163.0,3163.0,3108.0,3134.3,31866800,3447.7,2820.9,3839.9,2896.0,3127.6,9,1,3127.5,73,4,3127.1,8,1,3127.0,549,6,3126.9,89,5,3127.7,96,5,3127.8,58,1,3127.9,59,2,3128.0,1555,4,3128.5,58,3
2031,2026-06-16 10:47:41+05:30,3127.6,1,3131.42,1132436,134079.0,210335.0,3163.0,3163.0,3108.0,3134.3,31866800,3447.7,2820.9,3839.9,2896.0,3127.6,9,1,3127.5,73,4,3127.1,8,1,3127.0,549,6,3126.9,89,5,3127.7,96,5,3127.8,58,1,3127.9,59,2,3128.0,1555,4,3128.5,58,3
2031,2026-06-16 10:47:42+05:30,3127.5,17,3131.42,1132526,133593.0,210370.0,3163.0,3163.0,3108.0,3134.3,31866800,3447.7,2820.9,3839.9,2896.0,3127.5,30,2,3127.0,533,5,3126.9,51,4,3126.8,17,2,3126.7,100,4,3127.7,136,6,3127.8,58,1,3127.9,59,2,3128.0,1559,5,3128.4,19,1
2031,2026-06-16 10:47:42+05:30,3127.5,17,3131.42,1132526,133593.0,210370.0,3163.0,3163.0,3108.0,3134.3,31866800,3447.7,2820.9,3839.9,2896.0,3127.5,30,2,3127.0,533,5,3126.9,51,4,3126.8,17,2,3126.7,100,4,3127.7,136,6,3127.8,58,1,3127.9,59,2,3128.0,1559,5,3128.4,19,1
2031,2026-06-16 10:47:42+05:30,3127.5,6,3131.42,1132526,133593.0,210370.0,3163.0,3163.0,3108.0,3134.3,31866800,3447.7,2820.9,3839.9,2896.0,3127.5,30,2,3127.0,533,5,3126.9,51,4,3126.8,17,2,3126.7,100,4,3127.7,136,6,3127.8,58,1,3127.9,59,2,3128.0,1559,5,3128.4,19,1
2031,2026-06-16 10:47:43+05:30,3127.5,6,3131.42,1132526,133593.0,210370.0,3163.0,3163.0,3108.0,3134.3,31866800,3447.7,2820.9,3839.9,2896.0,3127.5,30,2,3127.0,533,5,3126.9,51,4,3126.8,17,2,3126.7,100,4,3127.7,136,6,3127.8,58,1,3127.9,59,2,3128.0,1559,5,3128.4,19,1
2031,2026-06-16 10:47:43+05:30,3127.5,1,3131.42,1132563,133722.0,211123.0,3163.0,3163.0,3108.0,3134.3,31866800,3447.7,2820.9,3839.9,2896.0,3127.5,3,1,3127.4,23,1,3127.0,525,4,3126.9,41,3,3126.8,17,2,3127.7,132,6,3127.8,58,1,3127.9,58,1,3128.0,1559,5,3128.3,19,1
2031,2026-06-16 10:47:43+05:30,3127.7,1,3131.42,1132563,133722.0,211123.0,3163.0,3163.0,3108.0,3134.3,31866800,3447.7,2820.9,3839.9,2896.0,3127.5,3,1,3127.4,23,1,3127.0,525,4,3126.9,41,3,3126.8,17,2,3127.7,132,6,3127.8,58,1,3127.9,58,1,3128.0,1559,5,3128.3,19,1
2031,2026-06-16 10:47:43+05:30,3127.7,1,3131.42,1132563,133722.0,211123.0,3163.0,3163.0,3108.0,3134.3,31866800,3447.7,2820.9,3839.9,2896.0,3127.5,3,1,3127.4,23,1,3127.0,525,4,3126.9,41,3,3126.8,17,2,3127.7,132,6,3127.8,58,1,3127.9,58,1,3128.0,1559,5,3128.3,19,1
2031,2026-06-16 10:47:44+05:30,3127.7,1,3131.42,1132565,133774.0,210527.0,3163.0,3163.0,3108.0,3134.3,31866800,3447.7,2820.9,3839.9,2896.0,3127.5,3,1,3127.4,23,1,3127.0,525,4,3126.9,17,2,3126.8,41,3,3127.7,130,6,3127.8,58,1,3127.9,58,1,3128.0,1333,3,3128.3,19,1
2031,2026-06-16 10:47:44+05:30,3127.7,1,3131.42,1132565,133774.0,210527.0,3163.0,3163.0,3108.0,3134.3,31866800,3447.7,2820.9,3839.9,2896.0,3127.5,3,1,3127.4,23,1,3127.0,525,4,3126.9,17,2,3126.8,41,3,3127.7,130,6,3127.8,58,1,3127.9,58,1,3128.0,1333,3,3128.3,19,1
2031,2026-06-16 10:47:45+05:30,3127.7,1,3131.42,1132565,133637.0,210928.0,3163.0,3163.0,3108.0,3134.3,31866800,3447.7,2820.9,3839.9,2896.0,3127.5,3,1,3127.4,35,2,3127.0,525,4,3126.9,17,2,3126.8,1,1,3127.7,130,6,3127.8,58,1,3127.9,58,1,3128.0,1333,3,3128.1,19,1
2031,2026-06-16 10:47:45+05:30,3127.7,1,3131.42,1132565,133637.0,210928.0,3163.0,3163.0,3108.0,3134.3,31866800,3447.7,2820.9,3839.9,2896.0,3127.5,3,1,3127.4,35,2,3127.0,525,4,3126.9,17,2,3126.8,1,1,3127.7,130,6,3127.8,58,1,3127.9,58,1,3128.0,1333,3,3128.1,19,1
2031,2026-06-16 10:47:46+05:30,3127.7,1,3131.42,1132565,133637.0,210928.0,3163.0,3163.0,3108.0,3134.3,31866800,3447.7,2820.9,3839.9,2896.0,3127.5,3,1,3127.4,35,2,3127.0,525,4,3126.9,17,2,3126.8,1,1,3127.7,130,6,3127.8,58,1,3127.9,58,1,3128.0,1333,3,3128.1,19,1
2031,2026-06-16 10:47:46+05:30,3127.7,1,3131.42,1132565,133762.0,210389.0,3163.0,3163.0,3108.0,3134.3,31866800,3447.7,2820.9,3839.9,2896.0,3127.6,2,2,3127.5,6,3,3127.4,35,2,3127.0,541,5,3126.9,17,2,3127.7,130,6,3127.8,58,1,3127.9,58,1,3128.0,1333,3,3128.4,85,3
2031,2026-06-16 10:47:46+05:30,3127.7,40,3131.42,1132565,133762.0,210389.0,3163.0,3163.0,3108.0,3134.3,31866800,3447.7,2820.9,3839.9,2896.0,3127.6,2,2,3127.5,6,3,3127.4,35,2,3127.0,541,5,3126.9,17,2,3127.7,130,6,3127.8,58,1,3127.9,58,1,3128.0,1333,3,3128.4,85,3
2031,2026-06-16 10:47:46+05:30,3127.7,40,3131.42,1132565,133762.0,210389.0,3163.0,3163.0,3108.0,3134.3,31866800,3447.7,2820.9,3839.9,2896.0,3127.6,2,2,3127.5,6,3,3127.4,35,2,3127.0,541,5,3126.9,17,2,3127.7,130,6,3127.8,58,1,3127.9,58,1,3128.0,1333,3,3128.4,85,3
2031,2026-06-16 10:47:47+05:30,3127.7,7,3131.42,1132702,133937.0,209758.0,3163.0,3163.0,3108.0,3134.3,31866800,3447.7,2820.9,3839.9,2896.0,3127.6,11,3,3127.5,6,3,3127.4,12,1,3127.0,525,4,3126.9,17,2,3127.8,58,1,3127.9,58,1,3128.0,1347,3,3128.2,19,1,3128.4,256,3
2031,2026-06-16 10:47:47+05:30,3127.7,7,3131.42,1132702,133937.0,209758.0,3163.0,3163.0,3108.0,3134.3,31866800,3447.7,2820.9,3839.9,2896.0,3127.6,11,3,3127.5,6,3,3127.4,12,1,3127.0,525,4,3126.9,17,2,3127.8,58,1,3127.9,58,1,3128.0,1347,3,3128.2,19,1,3128.4,256,3
2031,2026-06-16 10:47:47+05:30,3127.7,7,3131.42,1132702,133937.0,209758.0,3163.0,3163.0,3108.0,3134.3,31866800,3447.7,2820.9,3839.9,2896.0,3127.6,11,3,3127.5,6,3,3127.4,12,1,3127.0,525,4,3126.9,17,2,3127.8,58,1,3127.9,58,1,3128.0,1347,3,3128.2,19,1,3128.4,256,3
2031,2026-06-16 10:47:48+05:30,3127.7,7,3131.42,1132702,133948.0,209849.0,3163.0,3163.0,3108.0,3134.3,31866800,3447.7,2820.9,3839.9,2896.0,3127.6,11,3,3127.5,7,4,3127.4,12,1,3127.0,525,4,3126.9,17,2,3127.8,58,1,3127.9,58,1,3128.0,1500,4,3128.2,19,1,3128.4,256,3
2031,2026-06-16 10:47:48+05:30,3127.7,7,3131.42,1132702,133948.0,209849.0,3163.0,3163.0,3108.0,3134.3,31866800,3447.7,2820.9,3839.9,2896.0,3127.6,11,3,3127.5,7,4,3127.4,12,1,3127.0,525,4,3126.9,17,2,3127.8,58,1,3127.9,58,1,3128.0,1500,4,3128.2,19,1,3128.4,256,3
2031,2026-06-16 10:47:49+05:30,3127.8,1,3131.42,1132703,134001.0,209961.0,3163.0,3163.0,3108.0,3134.3,31866800,3447.7,2820.9,3839.9,2896.0,3127.6,33,4,3127.5,7,4,3127.4,12,1,3127.3,16,1,3127.0,552,6,3127.8,57,1,3127.9,58,1,3128.0,1500,4,3128.5,58,3,3128.6,309,6
2031,2026-06-16 10:47:49+05:30,3127.8,1,3131.42,1132703,134001.0,209961.0,3163.0,3163.0,3108.0,3134.3,31868600,3447.7,2820.9,3839.9,2896.0,3127.6,33,4,3127.5,7,4,3127.4,12,1,3127.3,16,1,3127.0,552,6,3127.8,57,1,3127.9,58,1,3128.0,1500,4,3128.5,58,3,3128.6,309,6
2031,2026-06-16 10:47:49+05:30,3127.8,1,3131.42,1132703,134001.0,209961.0,3163.0,3163.0,3108.0,3134.3,31868600,3447.7,2820.9,3839.9,2896.0,3127.6,33,4,3127.5,7,4,3127.4,12,1,3127.3,16,1,3127.0,552,6,3127.8,57,1,3127.9,58,1,3128.0,1500,4,3128.5,58,3,3128.6,309,6
2031,2026-06-16 10:47:50+05:30,3127.8,1,3131.42,1132704,133979.0,210506.0,3163.0,3163.0,3108.0,3134.3,31868600,3447.7,2820.9,3839.9,2896.0,3127.6,33,4,3127.5,7,4,3127.4,12,1,3127.0,525,4,3126.9,57,4,3127.8,56,1,3127.9,58,1,3128.0,1518,5,3128.4,19,1,3128.5,123,5
2031,2026-06-16 10:47:50+05:30,3127.8,1,3131.42,1132704,133979.0,210506.0,3163.0,3163.0,3108.0,3134.3,31868600,3447.7,2820.9,3839.9,2896.0,3127.6,33,4,3127.5,7,4,3127.4,12,1,3127.0,525,4,3126.9,57,4,3127.8,56,1,3127.9,58,1,3128.0,1518,5,3128.4,19,1,3128.5,123,5
2031,2026-06-16 10:47:51+05:30,3127.8,1,3131.42,1132704,133988.0,210296.0,3163.0,3163.0,3108.0,3134.3,31868600,3447.7,2820.9,3839.9,2896.0,3127.7,2,2,3127.6,31,2,3127.5,7,4,3127.4,12,1,3127.0,525,4,3127.8,56,1,3127.9,58,1,3128.0,1518,5,3128.4,19,1,3128.5,295,5
2031,2026-06-16 10:47:52+05:30,3127.8,3,3131.42,1132707,133972.0,210534.0,3163.0,3163.0,3108.0,3134.3,31868600,3447.7,2820.9,3839.9,2896.0,3127.7,2,2,3127.6,31,2,3127.5,7,4,3127.4,12,1,3127.0,525,4,3127.8,82,2,3127.9,58,1,3128.0,1518,5,3128.4,19,1,3128.5,95,4
2031,2026-06-16 10:47:52+05:30,3127.8,3,3131.42,1132707,133972.0,210534.0,3163.0,3163.0,3108.0,3134.3,31868600,3447.7,2820.9,3839.9,2896.0,3127.7,2,2,3127.6,31,2,3127.5,7,4,3127.4,12,1,3127.0,525,4,3127.8,82,2,3127.9,58,1,3128.0,1518,5,3128.4,19,1,3128.5,95,4
2031,2026-06-16 10:47:53+05:30,3127.7,1,3131.42,1132709,133918.0,210581.0,3163.0,3163.0,3108.0,3134.3,31868600,3447.7,2820.9,3839.9,2896.0,3127.7,2,2,3127.6,31,2,3127.5,7,4,3127.4,12,1,3127.0,525,4,3127.8,123,3,3127.9,58,1,3128.0,1518,5,3128.4,19,1,3128.5,95,4
2031,2026-06-16 10:47:53+05:30,3127.8,2,3131.42,1132709,133918.0,210581.0,3163.0,3163.0,3108.0,3134.3,31868600,3447.7,2820.9,3839.9,2896.0,3127.7,2,2,3127.6,31,2,3127.5,7,4,3127.4,12,1,3127.0,525,4,3127.8,123,3,3127.9,58,1,3128.0,1518,5,3128.4,19,1,3128.5,95,4
2031,2026-06-16 10:47:54+05:30,3127.8,10,3131.42,1132845,133893.0,210213.0,3163.0,3163.0,3108.0,3134.3,31868600,3447.7,2820.9,3839.9,2896.0,3127.7,2,2,3127.6,32,2,3127.5,7,4,3127.4,12,1,3127.0,525,4,3127.8,4,1,3127.9,57,1,3128.0,1518,5,3128.4,19,1,3128.5,95,4
2031,2026-06-16 10:47:54+05:30,3127.8,1,3131.42,1132845,133893.0,210213.0,3163.0,3163.0,3108.0,3134.3,31868600,3447.7,2820.9,3839.9,2896.0,3127.7,2,2,3127.6,32,2,3127.5,7,4,3127.4,12,1,3127.0,525,4,3127.8,4,1,3127.9,57,1,3128.0,1518,5,3128.4,19,1,3128.5,95,4
2031,2026-06-16 10:47:55+05:30,3127.9,7,3131.42,1132856,133928.0,208427.0,3163.0,3163.0,3108.0,3134.3,31868600,3447.7,2820.9,3839.9,2896.0,3127.7,2,2,3127.6,32,2,3127.5,6,3,3127.4,12,1,3127.0,525,4,3127.9,50,1,3128.0,1518,5,3128.4,19,1,3128.5,95,4,3128.6,272,5
2031,2026-06-16 10:47:55+05:30,3127.9,7,3131.42,1132856,133928.0,208427.0,3163.0,3163.0,3108.0,3134.3,31868600,3447.7,2820.9,3839.9,2896.0,3127.7,2,2,3127.6,32,2,3127.5,6,3,3127.4,12,1,3127.0,525,4,3127.9,50,1,3128.0,1518,5,3128.4,19,1,3128.5,95,4,3128.6,272,5
2031,2026-06-16 10:47:56+05:30,3127.9,7,3131.42,1132856,133858.0,210463.0,3163.0,3163.0,3108.0,3134.3,31868600,3447.7,2820.9,3839.9,2896.0,3127.8,2,2,3127.6,32,2,3127.5,6,3,3127.4,12,1,3127.0,547,5,3127.9,50,1,3128.0,1518,5,3128.4,19,1,3128.5,126,5,3128.6,272,5
2031,2026-06-16 10:47:56+05:30,3127.9,1,3131.42,1132856,133858.0,210463.0,3163.0,3163.0,3108.0,3134.3,31868600,3447.7,2820.9,3839.9,2896.0,3127.8,2,2,3127.6,32,2,3127.5,6,3,3127.4,12,1,3127.0,547,5,3127.9,50,1,3128.0,1518,5,3128.4,19,1,3128.5,126,5,3128.6,272,5
2031,2026-06-16 10:47:57+05:30,3127.6,11,3131.42,1132871,133932.0,208604.0,3163.0,3163.0,3108.0,3134.3,31868600,3447.7,2820.9,3839.9,2896.0,3127.8,23,1,3127.5,6,3,3127.4,12,1,3127.0,547,5,3126.9,17,2,3127.9,49,1,3128.0,1518,5,3128.4,19,1,3128.5,89,4,3128.6,309,6
2031,2026-06-16 10:47:57+05:30,3127.6,11,3131.42,1132871,133932.0,208604.0,3163.0,3163.0,3108.0,3134.3,31868600,3447.7,2820.9,3839.9,2896.0,3127.8,23,1,3127.5,6,3,3127.4,12,1,3127.0,547,5,3126.9,17,2,3127.9,49,1,3128.0,1518,5,3128.4,19,1,3128.5,89,4,3128.6,309,6
2031,2026-06-16 10:47:58+05:30,3127.6,11,3131.42,1132871,133700.0,210394.0,3163.0,3163.0,3108.0,3134.3,31868600,3447.7,2820.9,3839.9,2896.0,3127.8,23,1,3127.5,6,3,3127.0,547,5,3126.9,17,2,3126.8,31,3,3127.9,49,1,3128.0,1518,5,3128.4,19,1,3128.5,89,4,3128.6,309,6
2031,2026-06-16 10:47:59+05:30,3127.9,1,3131.42,1132872,134036.0,210336.0,3163.0,3163.0,3108.0,3134.3,31868600,3447.7,2820.9,3839.9,2896.0,3127.8,98,3,3127.7,12,1,3127.6,16,1,3127.5,21,5,3127.4,11,1,3127.9,48,1,3128.0,1518,5,3128.5,89,4,3128.6,221,2,3128.8,244,5
2031,2026-06-16 10:47:59+05:30,3127.9,1,3131.42,1132872,134036.0,210336.0,3163.0,3163.0,3108.0,3134.3,31868600,3447.7,2820.9,3839.9,2896.0,3127.8,98,3,3127.7,12,1,3127.6,16,1,3127.5,21,5,3127.4,11,1,3127.9,48,1,3128.0,1518,5,3128.5,89,4,3128.6,221,2,3128.8,244,5
2031,2026-06-16 10:48:00+05:30,3128.0,175,3131.42,1133097,134100.0,210000.0,3163.0,3163.0,3108.0,3134.3,31868600,3447.7,2820.9,3839.9,2896.0,3127.8,71,3,3127.7,12,1,3127.6,16,1,3127.5,15,4,3127.4,61,2,3128.0,1343,5,3128.5,37,3,3128.6,251,3,3128.8,163,3,3128.9,37,2
2031,2026-06-16 10:48:00+05:30,3128.0,175,3131.42,1133097,134100.0,210000.0,3163.0,3163.0,3108.0,3134.3,31868600,3447.7,2820.9,3839.9,2896.0,3127.8,71,3,3127.7,12,1,3127.6,16,1,3127.5,15,4,3127.4,61,2,3128.0,1343,5,3128.5,37,3,3128.6,251,3,3128.8,163,3,3128.9,37,2
2031,2026-06-16 10:48:01+05:30,3127.9,1,3131.42,1133106,134694.0,209606.0,3163.0,3163.0,3108.0,3134.3,31868600,3447.7,2820.9,3839.9,2896.0,3127.8,71,3,3127.7,12,1,3127.6,16,1,3127.5,6,3,3127.4,11,1,3127.9,191,1,3128.0,1344,6,3128.5,37,3,3128.6,230,2,3128.8,243,5
2031,2026-06-16 10:48:01+05:30,3127.9,1,3131.42,1133106,134694.0,209606.0,3163.0,3163.0,3108.0,3134.3,31868600,3447.7,2820.9,3839.9,2896.0,3127.8,71,3,3127.7,12,1,3127.6,16,1,3127.5,6,3,3127.4,11,1,3127.9,191,1,3128.0,1344,6,3128.5,37,3,3128.6,230,2,3128.8,243,5
2031,2026-06-16 10:48:02+05:30,3127.9,10,3131.42,1133116,134363.0,210002.0,3163.0,3163.0,3108.0,3134.3,31868600,3447.7,2820.9,3839.9,2896.0,3127.8,81,4,3127.7,15,2,3127.6,38,2,3127.5,12,4,3127.4,11,1,3127.9,211,2,3128.0,1344,6,3128.5,37,3,3128.6,230,2,3128.8,213,4
2031,2026-06-16 10:48:02+05:30,3127.9,10,3131.42,1133116,134363.0,210002.0,3163.0,3163.0,3108.0,3134.3,31868600,3447.7,2820.9,3839.9,2896.0,3127.8,81,4,3127.7,15,2,3127.6,38,2,3127.5,12,4,3127.4,11,1,3127.9,211,2,3128.0,1344,6,3128.5,37,3,3128.6,230,2,3128.8,213,4
2031,2026-06-16 10:48:03+05:30,3127.9,1,3131.42,1133116,134363.0,210002.0,3163.0,3163.0,3108.0,3134.3,31868600,3447.7,2820.9,3839.9,2896.0,3127.8,81,4,3127.7,15,2,3127.6,38,2,3127.5,12,4,3127.4,11,1,3127.9,211,2,3128.0,1344,6,3128.5,37,3,3128.6,230,2,3128.8,213,4
2031,2026-06-16 10:48:03+05:30,3127.9,1,3131.42,1133117,134369.0,210214.0,3163.0,3163.0,3108.0,3134.3,31868600,3447.7,2820.9,3839.9,2896.0,3127.8,71,3,3127.7,12,1,3127.6,38,2,3127.5,6,3,3127.4,11,1,3127.9,860,3,3128.0,694,5,3128.5,37,3,3128.6,230,2,3128.8,213,4
2031,2026-06-16 10:48:04+05:30,3127.9,7,3131.42,1133117,134369.0,210214.0,3163.0,3163.0,3108.0,3134.3,31868600,3447.7,2820.9,3839.9,2896.0,3127.8,71,3,3127.7,12,1,3127.6,38,2,3127.5,6,3,3127.4,11,1,3127.9,860,3,3128.0,694,5,3128.5,37,3,3128.6,230,2,3128.8,213,4
2031,2026-06-16 10:48:04+05:30,3127.9,1,3131.42,1133335,134376.0,210172.0,3163.0,3163.0,3108.0,3134.3,31868600,3447.7,2820.9,3839.9,2896.0,3127.8,71,3,3127.7,12,1,3127.6,16,1,3127.5,6,3,3127.4,11,1,3127.9,724,3,3128.0,694,5,3128.5,37,3,3128.6,230,2,3128.8,213,4
2031,2026-06-16 10:48:05+05:30,3127.8,7,3131.42,1133335,134376.0,210172.0,3163.0,3163.0,3108.0,3134.3,31868600,3447.7,2820.9,3839.9,2896.0,3127.8,71,3,3127.7,12,1,3127.6,16,1,3127.5,6,3,3127.4,11,1,3127.9,724,3,3128.0,694,5,3128.5,37,3,3128.6,230,2,3128.8,213,4
2031,2026-06-16 10:48:05+05:30,3127.8,7,3131.42,1133342,134320.0,210218.0,3163.0,3163.0,3108.0,3134.3,31868600,3447.7,2820.9,3839.9,2896.0,3127.8,64,3,3127.7,12,1,3127.6,16,1,3127.5,6,3,3127.4,11,1,3127.9,749,4,3128.0,694,5,3128.5,37,3,3128.6,230,2,3128.8,213,4
2031,2026-06-16 10:48:06+05:30,3127.8,1,3131.42,1133342,134320.0,210218.0,3163.0,3163.0,3108.0,3134.3,31868600,3447.7,2820.9,3839.9,2896.0,3127.8,64,3,3127.7,12,1,3127.6,16,1,3127.5,6,3,3127.4,11,1,3127.9,749,4,3128.0,694,5,3128.5,37,3,3128.6,230,2,3128.8,213,4
2031,2026-06-16 10:48:06+05:30,3127.8,1,3131.42,1133343,134487.0,210005.0,3163.0,3163.0,3108.0,3134.3,31868600,3447.7,2820.9,3839.9,2896.0,3127.8,63,3,3127.7,12,1,3127.6,516,2,3127.5,6,3,3127.4,11,1,3127.9,749,4,3128.0,693,4,3128.5,37,3,3128.6,230,2,3128.8,213,4
2031,2026-06-16 10:48:07+05:30,3127.8,1,3131.42,1133343,134454.0,210335.0,3163.0,3163.0,3108.0,3134.3,31868600,3447.7,2820.9,3839.9,2896.0,3127.8,6,2,3127.7,12,1,3127.6,500,1,3127.5,6,3,3127.4,16,1,3127.9,788,5,3128.0,693,4,3128.5,37,3,3128.6,230,2,3128.8,213,4
2031,2026-06-16 10:48:08+05:30,3127.9,3,3131.42,1133343,134454.0,210335.0,3163.0,3163.0,3108.0,3134.3,31868600,3447.7,2820.9,3839.9,2896.0,3127.8,6,2,3127.7,12,1,3127.6,500,1,3127.5,6,3,3127.4,16,1,3127.9,788,5,3128.0,693,4,3128.5,37,3,3128.6,230,2,3128.8,213,4
2031,2026-06-16 10:48:08+05:30,3127.9,3,3131.42,1133346,134479.0,210208.0,3163.0,3163.0,3108.0,3134.3,31868600,3447.7,2820.9,3839.9,2896.0,3127.8,14,3,3127.7,12,1,3127.6,500,1,3127.5,6,3,3127.2,16,1,3127.9,807,6,3128.0,693,4,3128.5,55,4,3128.6,230,2,3128.7,37,1
2031,2026-06-16 10:48:09+05:30,3127.9,1,3131.42,1133346,134479.0,210208.0,3163.0,3163.0,3108.0,3134.3,31868600,3447.7,2820.9,3839.9,2896.0,3127.8,14,3,3127.7,12,1,3127.6,500,1,3127.5,6,3,3127.2,16,1,3127.9,807,6,3128.0,693,4,3128.5,55,4,3128.6,230,2,3128.7,37,1
2031,2026-06-16 10:48:09+05:30,3127.9,1,3131.42,1133405,134475.0,210349.0,3163.0,3163.0,3108.0,3134.3,31868600,3447.7,2820.9,3839.9,2896.0,3127.8,25,4,3127.7,12,1,3127.6,500,1,3127.5,6,3,3127.4,16,1,3127.9,749,7,3128.0,693,4,3128.5,37,3,3128.6,230,2,3128.7,37,1
2031,2026-06-16 10:48:10+05:30,3127.9,8,3131.42,1133405,134475.0,210349.0,3163.0,3163.0,3108.0,3134.3,31868600,3447.7,2820.9,3839.9,2896.0,3127.8,25,4,3127.7,12,1,3127.6,500,1,3127.5,6,3,3127.4,16,1,3127.9,749,7,3128.0,693,4,3128.5,37,3,3128.6,230,2,3128.7,37,1
2031,2026-06-16 10:48:10+05:30,3127.9,28,3131.42,1133441,134529.0,209959.0,3163.0,3163.0,3108.0,3134.3,31868600,3447.7,2820.9,3839.9,2896.0,3127.8,61,5,3127.7,12,1,3127.6,517,2,3127.5,6,3,3127.4,16,1,3127.9,713,7,3128.0,693,4,3128.5,37,3,3128.6,230,2,3128.8,213,4
2031,2026-06-16 10:48:11+05:30,3127.9,28,3131.42,1133441,134529.0,209959.0,3163.0,3163.0,3108.0,3134.3,31868600,3447.7,2820.9,3839.9,2896.0,3127.8,61,5,3127.7,12,1,3127.6,517,2,3127.5,6,3,3127.4,16,1,3127.9,713,7,3128.0,693,4,3128.5,37,3,3128.6,230,2,3128.8,213,4
2031,2026-06-16 10:48:11+05:30,3127.9,28,3131.42,1133441,134529.0,210170.0,3163.0,3163.0,3108.0,3134.3,31868600,3447.7,2820.9,3839.9,2896.0,3127.8,61,5,3127.7,12,1,3127.6,517,2,3127.5,6,3,3127.4,16,1,3127.9,713,7,3128.0,693,4,3128.5,37,3,3128.6,230,2,3128.8,213,4
2031,2026-06-16 10:48:13+05:30,3127.9,28,3131.42,1133441,134356.0,209965.0,3163.0,3163.0,3108.0,3134.3,31868600,3447.7,2820.9,3839.9,2896.0,3127.8,61,5,3127.7,12,1,3127.6,517,2,3127.5,6,3,3127.4,16,1,3127.9,713,7,3128.0,693,4,3128.5,37,3,3128.6,230,2,3128.8,213,4
2031,2026-06-16 10:48:14+05:30,3127.9,28,3131.42,1133441,134371.0,210209.0,3163.0,3163.0,3108.0,3134.3,31868600,3447.7,2820.9,3839.9,2896.0,3127.8,52,4,3127.7,12,1,3127.6,517,2,3127.5,6,3,3127.4,16,1,3127.9,748,8,3128.0,693,4,3128.5,37,3,3128.6,230,2,3128.8,213,4
2031,2026-06-16 10:48:14+05:30,3127.9,1,3131.42,1133441,134371.0,210209.0,3163.0,3163.0,3108.0,3134.3,31868600,3447.7,2820.9,3839.9,2896.0,3127.8,52,4,3127.7,12,1,3127.6,517,2,3127.5,6,3,3127.4,16,1,3127.9,748,8,3128.0,693,4,3128.5,37,3,3128.6,230,2,3128.8,213,4
2031,2026-06-16 10:48:15+05:30,3127.9,1,3131.42,1133442,134328.0,210308.0,3163.0,3163.0,3108.0,3134.3,31868600,3447.7,2820.9,3839.9,2896.0,3127.8,52,4,3127.7,13,2,3127.6,517,2,3127.5,22,3,3127.4,16,1,3127.9,747,8,3128.0,693,4,3128.5,37,3,3128.6,230,2,3128.8,213,4
2031,2026-06-16 10:48:15+05:30,3127.9,2,3131.42,1133442,134328.0,210308.0,3163.0,3163.0,3108.0,3134.3,31868600,3447.7,2820.9,3839.9,2896.0,3127.8,52,4,3127.7,13,2,3127.6,517,2,3127.5,22,3,3127.4,16,1,3127.9,747,8,3128.0,693,4,3128.5,37,3,3128.6,230,2,3128.8,213,4
2031,2026-06-16 10:48:16+05:30,3127.9,1,3131.42,1133449,134406.0,210296.0,3163.0,3163.0,3108.0,3134.3,31868600,3447.7,2820.9,3839.9,2896.0,3127.8,62,6,3127.7,13,2,3127.6,517,2,3127.5,5,2,3127.4,16,1,3127.9,740,8,3128.0,693,4,3128.5,37,3,3128.6,230,2,3128.8,213,4
2031,2026-06-16 10:48:16+05:30,3127.9,267,3131.42,1133449,134406.0,210296.0,3163.0,3163.0,3108.0,3134.3,31868600,3447.7,2820.9,3839.9,2896.0,3127.8,62,6,3127.7,13,2,3127.6,517,2,3127.5,5,2,3127.4,16,1,3127.9,740,8,3128.0,693,4,3128.5,37,3,3128.6,230,2,3128.8,213,4
2031,2026-06-16 10:48:17+05:30,3127.9,267,3131.42,1133716,134382.0,210029.0,3163.0,3163.0,3108.0,3134.3,31868600,3447.7,2820.9,3839.9,2896.0,3127.8,38,5,3127.7,13,2,3127.6,517,2,3127.5,5,2,3127.4,16,1,3127.9,473,8,3128.0,693,4,3128.5,37,3,3128.6,230,2,3128.8,213,4
2031,2026-06-16 10:48:17+05:30,3127.8,1,3131.42,1133716,134382.0,210029.0,3163.0,3163.0,3108.0,3134.3,31868600,3447.7,2820.9,3839.9,2896.0,3127.8,38,5,3127.7,13,2,3127.6,517,2,3127.5,5,2,3127.4,16,1,3127.9,473,8,3128.0,693,4,3128.5,37,3,3128.6,230,2,3128.8,213,4
2031,2026-06-16 10:48:18+05:30,3127.8,1,3131.42,1133786,134514.0,209968.0,3163.0,3163.0,3108.0,3134.3,31868600,3447.7,2820.9,3839.9,2896.0,3127.8,16,3,3127.7,13,2,3127.6,546,2,3127.5,5,2,3127.3,17,1,3127.9,434,7,3128.0,693,4,3128.5,37,3,3128.6,230,2,3128.8,213,4
2031,2026-06-16 10:48:18+05:30,3127.8,1,3131.42,1133786,134514.0,209968.0,3163.0,3163.0,3108.0,3134.3,31868600,3447.7,2820.9,3839.9,2896.0,3127.8,16,3,3127.7,13,2,3127.6,546,2,3127.5,5,2,3127.3,17,1,3127.9,434,7,3128.0,693,4,3128.5,37,3,3128.6,230,2,3128.8,213,4
2031,2026-06-16 10:48:19+05:30,3128.0,461,3131.41,1134706,134784.0,208898.0,3163.0,3163.0,3108.0,3134.3,31868600,3447.7,2820.9,3839.9,2896.0,3127.9,8,1,3127.8,22,4,3127.7,13,2,3127.6,586,5,3127.5,55,4,3128.0,232,4,3128.1,43,1,3128.5,37,3,3128.6,230,2,3128.8,144,2
2031,2026-06-16 10:48:19+05:30,3128.0,461,3131.41,1134706,134784.0,208898.0,3163.0,3163.0,3108.0,3134.3,31868600,3447.7,2820.9,3839.9,2896.0,3127.9,8,1,3127.8,22,4,3127.7,13,2,3127.6,586,5,3127.5,55,4,3128.0,232,4,3128.1,43,1,3128.5,37,3,3128.6,230,2,3128.8,144,2
2031,2026-06-16 10:48:20+05:30,3127.9,10,3131.41,1134773,134654.0,210126.0,3163.0,3163.0,3108.0,3134.3,31868600,3447.7,2820.9,3839.9,2896.0,3127.8,16,3,3127.7,13,2,3127.6,563,3,3127.5,5,2,3127.4,40,3,3127.9,133,1,3128.0,232,4,3128.1,64,2,3128.2,124,1,3128.5,37,3
2031,2026-06-16 10:48:20+05:30,3127.9,1,3131.41,1134773,134654.0,210126.0,3163.0,3163.0,3108.0,3134.3,31868600,3447.7,2820.9,3839.9,2896.0,3127.8,16,3,3127.7,13,2,3127.6,563,3,3127.5,5,2,3127.4,40,3,3127.9,133,1,3128.0,232,4,3128.1,64,2,3128.2,124,1,3128.5,37,3
2031,2026-06-16 10:48:21+05:30,3127.9,1,3131.41,1134774,134723.0,210096.0,3163.0,3163.0,3108.0,3134.3,31868600,3447.7,2820.9,3839.9,2896.0,3127.8,38,4,3127.7,13,2,3127.6,563,3,3127.5,5,2,3127.4,31,2,3127.9,191,2,3128.0,242,5,3128.1,64,2,3128.2,155,2,3128.5,6,2
2031,2026-06-16 10:48:21+05:30,3127.8,3,3131.41,1134774,134723.0,210096.0,3163.0,3163.0,3108.0,3134.3,31868600,3447.7,2820.9,3839.9,2896.0,3127.8,38,4,3127.7,13,2,3127.6,563,3,3127.5,5,2,3127.4,31,2,3127.9,191,2,3128.0,242,5,3128.1,64,2,3128.2,155,2,3128.5,6,2
2031,2026-06-16 10:48:22+05:30,3127.8,7,3131.41,1134858,134645.0,210265.0,3163.0,3163.0,3108.0,3134.3,31868600,3447.7,2820.9,3839.9,2896.0,3127.8,32,4,3127.7,13,2,3127.6,546,2,3127.5,5,2,3127.4,14,1,3127.9,341,3,3128.0,242,5,3128.1,64,2,3128.2,155,2,3128.5,56,3
2031,2026-06-16 10:48:22+05:30,3127.8,7,3131.41,1134858,134645.0,210265.0,3163.0,3163.0,3108.0,3134.3,31868600,3447.7,2820.9,3839.9,2896.0,3127.8,32,4,3127.7,13,2,3127.6,546,2,3127.5,5,2,3127.4,14,1,3127.9,341,3,3128.0,242,5,3128.1,64,2,3128.2,155,2,3128.5,56,3
2031,2026-06-16 10:48:23+05:30,3127.9,1,3131.41,1134859,134688.0,210269.0,3163.0,3163.0,3108.0,3134.3,31868600,3447.7,2820.9,3839.9,2896.0,3127.8,32,4,3127.7,13,2,3127.6,546,2,3127.5,5,2,3127.4,14,1,3127.9,340,3,3128.0,242,5,3128.1,64,2,3128.2,155,2,3128.5,56,3
2031,2026-06-16 10:48:23+05:30,3127.9,1,3131.41,1134859,134688.0,210269.0,3163.0,3163.0,3108.0,3134.3,31868600,3447.7,2820.9,3839.9,2896.0,3127.8,32,4,3127.7,13,2,3127.6,546,2,3127.5,5,2,3127.4,14,1,3127.9,340,3,3128.0,242,5,3128.1,64,2,3128.2,155,2,3128.5,56,3
2031,2026-06-16 10:48:24+05:30,3127.9,51,3131.41,1135100,134731.0,208444.0,3163.0,3163.0,3108.0,3134.3,31868600,3447.7,2820.9,3839.9,2896.0,3127.8,10,3,3127.7,13,2,3127.6,546,2,3127.5,22,3,3127.4,14,1,3127.9,99,1,3128.0,242,5,3128.1,64,2,3128.2,31,1,3128.5,6,2
2031,2026-06-16 10:48:24+05:30,3127.9,51,3131.41,1135100,134731.0,208444.0,3163.0,3163.0,3108.0,3134.3,31868600,3447.7,2820.9,3839.9,2896.0,3127.8,10,3,3127.7,13,2,3127.6,546,2,3127.5,22,3,3127.4,14,1,3127.9,99,1,3128.0,242,5,3128.1,64,2,3128.2,31,1,3128.5,6,2
2031,2026-06-16 10:48:25+05:30,3127.9,5,3131.41,1135119,134885.0,208528.0,3163.0,3163.0,3108.0,3134.3,31868600,3447.7,2820.9,3839.9,2896.0,3127.8,7,2,3127.7,13,2,3127.6,546,2,3127.5,5,2,3127.4,81,3,3127.9,129,2,3128.0,242,5,3128.1,64,2,3128.2,31,1,3128.5,6,2
2031,2026-06-16 10:48:25+05:30,3127.9,5,3131.41,1135119,134885.0,208528.0,3163.0,3163.0,3108.0,3134.3,31868600,3447.7,2820.9,3839.9,2896.0,3127.8,7,2,3127.7,13,2,3127.6,546,2,3127.5,5,2,3127.4,81,3,3127.9,129,2,3128.0,242,5,3128.1,64,2,3128.2,31,1,3128.5,6,2
2031,2026-06-16 10:48:26+05:30,3127.9,1,3131.41,1135120,134847.0,208797.0,3163.0,3163.0,3108.0,3134.3,31868600,3447.7,2820.9,3839.9,2896.0,3127.8,7,2,3127.7,13,2,3127.6,546,2,3127.5,5,2,3127.4,64,2,3127.9,165,3,3128.0,242,5,3128.1,64,2,3128.2,31,1,3128.5,6,2
2031,2026-06-16 10:48:26+05:30,3127.9,1,3131.41,1135120,134847.0,208797.0,3163.0,3163.0,3108.0,3134.3,31868600,3447.7,2820.9,3839.9,2896.0,3127.8,7,2,3127.7,13,2,3127.6,546,2,3127.5,5,2,3127.4,64,2,3127.9,165,3,3128.0,242,5,3128.1,64,2,3128.2,31,1,3128.5,6,2
2031,2026-06-16 10:48:27+05:30,3127.9,1,3131.41,1135120,134670.0,208789.0,3163.0,3163.0,3108.0,3134.3,31868600,3447.7,2820.9,3839.9,2896.0,3127.8,7,2,3127.7,13,2,3127.6,546,2,3127.5,5,2,3127.4,14,1,3127.9,165,3,3128.0,242,5,3128.1,64,2,3128.2,31,1,3128.3,19,1
2031,2026-06-16 10:48:28+05:30,3127.9,80,3131.41,1135120,134670.0,208789.0,3163.0,3163.0,3108.0,3134.3,31868600,3447.7,2820.9,3839.9,2896.0,3127.8,7,2,3127.7,13,2,3127.6,546,2,3127.5,5,2,3127.4,14,1,3127.9,165,3,3128.0,242,5,3128.1,64,2,3128.2,31,1,3128.3,19,1
2031,2026-06-16 10:48:28+05:30,3127.9,80,3131.41,1135200,134716.0,208734.0,3163.0,3163.0,3108.0,3134.3,31868600,3447.7,2820.9,3839.9,2896.0,3127.8,7,2,3127.7,13,2,3127.6,546,2,3127.5,5,2,3127.4,14,1,3127.9,85,3,3128.0,242,5,3128.1,83,3,3128.2,31,1,3128.4,19,1
2031,2026-06-16 10:48:29+05:30,3128.0,49,3131.41,1135200,134716.0,208734.0,3163.0,3163.0,3108.0,3134.3,31868600,3447.7,2820.9,3839.9,2896.0,3127.8,7,2,3127.7,13,2,3127.6,546,2,3127.5,5,2,3127.4,14,1,3127.9,85,3,3128.0,242,5,3128.1,83,3,3128.2,31,1,3128.4,19,1
2031,2026-06-16 10:48:29+05:30,3128.0,49,3131.41,1135527,134480.0,208451.0,3163.0,3163.0,3108.0,3134.3,31868600,3447.7,2820.9,3839.9,2896.0,3127.6,509,2,3127.5,5,2,3127.4,14,1,3127.1,38,2,3127.0,710,5,3128.0,142,4,3128.1,64,2,3128.2,31,1,3128.4,19,1,3128.5,36,3
2031,2026-06-16 10:48:30+05:30,3128.0,49,3131.41,1135527,134678.0,208705.0,3163.0,3163.0,3108.0,3134.3,31868600,3447.7,2820.9,3839.9,2896.0,3127.8,2,2,3127.6,510,3,3127.5,5,2,3127.4,14,1,3127.2,67,2,3128.0,155,5,3128.1,64,2,3128.2,31,1,3128.4,19,1,3128.5,36,3
2031,2026-06-16 10:48:31+05:30,3128.0,49,3131.41,1135527,134678.0,208705.0,3163.0,3163.0,3108.0,3134.3,31868600,3447.7,2820.9,3839.9,2896.0,3127.8,2,2,3127.6,510,3,3127.5,5,2,3127.4,14,1,3127.2,67,2,3128.0,155,5,3128.1,64,2,3128.2,31,1,3128.4,19,1,3128.5,36,3
2031,2026-06-16 10:48:31+05:30,3128.0,1,3131.41,1135527,134678.0,208705.0,3163.0,3163.0,3108.0,3134.3,31868600,3447.7,2820.9,3839.9,2896.0,3127.8,2,2,3127.6,510,3,3127.5,5,2,3127.4,14,1,3127.2,67,2,3128.0,155,5,3128.1,64,2,3128.2,31,1,3128.4,19,1,3128.5,36,3
2031,2026-06-16 10:48:31+05:30,3128.0,1,3131.41,1136028,134150.0,208930.0,3163.0,3163.0,3108.0,3134.3,31868600,3447.7,2820.9,3839.9,2896.0,3127.8,6,1,3127.6,14,2,3127.5,5,2,3127.4,14,1,3127.0,527,5,3128.0,154,5,3128.1,64,2,3128.2,50,2,3128.4,19,1,3128.5,86,4
2031,2026-06-16 10:48:32+05:30,3127.8,47,3131.41,1136028,134150.0,208930.0,3163.0,3163.0,3108.0,3134.3,31868600,3447.7,2820.9,3839.9,2896.0,3127.8,6,1,3127.6,14,2,3127.5,5,2,3127.4,14,1,3127.0,527,5,3128.0,154,5,3128.1,64,2,3128.2,50,2,3128.4,19,1,3128.5,86,4
2031,2026-06-16 10:48:32+05:30,3127.8,41,3131.41,1136116,134254.0,208684.0,3163.0,3163.0,3108.0,3134.3,31868600,3447.7,2820.9,3839.9,2896.0,3127.6,36,3,3127.5,5,2,3127.4,14,1,3127.1,17,1,3127.0,539,4,3127.8,37,1,3128.0,201,7,3128.1,64,2,3128.2,35,2,3128.5,86,4
2031,2026-06-16 10:48:32+05:30,3127.8,41,3131.41,1136116,134254.0,208684.0,3163.0,3163.0,3108.0,3134.3,31868600,3447.7,2820.9,3839.9,2896.0,3127.6,36,3,3127.5,5,2,3127.4,14,1,3127.1,17,1,3127.0,539,4,3127.8,37,1,3128.0,201,7,3128.1,64,2,3128.2,35,2,3128.5,86,4
2031,2026-06-16 10:48:33+05:30,3127.6,7,3131.41,1136116,134254.0,208684.0,3163.0,3163.0,3108.0,3134.3,31868600,3447.7,2820.9,3839.9,2896.0,3127.6,36,3,3127.5,5,2,3127.4,14,1,3127.1,17,1,3127.0,539,4,3127.8,37,1,3128.0,201,7,3128.1,64,2,3128.2,35,2,3128.5,86,4
2031,2026-06-16 10:48:34+05:30,3127.7,1,3131.41,1136207,134293.0,208779.0,3163.0,3163.0,3108.0,3134.3,31868600,3447.7,2820.9,3839.9,2896.0,3127.6,17,3,3127.5,5,2,3127.4,31,2,3127.2,17,1,3127.1,20,1,3127.7,102,1,3127.8,97,2,3128.0,201,7,3128.1,21,1,3128.5,105,5
2031,2026-06-16 10:48:34+05:30,3127.7,2,3131.41,1136207,134293.0,208779.0,3163.0,3163.0,3108.0,3134.3,31868600,3447.7,2820.9,3839.9,2896.0,3127.6,17,3,3127.5,5,2,3127.4,31,2,3127.2,17,1,3127.1,20,1,3127.7,102,1,3127.8,97,2,3128.0,201,7,3128.1,21,1,3128.5,105,5
2031,2026-06-16 10:48:34+05:30,3127.7,2,3131.41,1136207,134293.0,208779.0,3163.0,3163.0,3108.0,3134.3,31868600,3447.7,2820.9,3839.9,2896.0,3127.6,17,3,3127.5,5,2,3127.4,31,2,3127.2,17,1,3127.1,20,1,3127.7,102,1,3127.8,97,2,3128.0,201,7,3128.1,21,1,3128.5,105,5
2031,2026-06-16 10:48:35+05:30,3127.6,1,3131.41,1136226,133868.0,209160.0,3163.0,3163.0,3108.0,3134.3,31868600,3447.7,2820.9,3839.9,2896.0,3127.6,24,3,3127.5,5,2,3127.4,14,1,3127.0,539,4,3126.9,17,2,3127.7,125,2,3127.8,243,3,3128.0,116,4,3128.1,21,1,3128.3,19,1
2031,2026-06-16 10:48:35+05:30,3127.4,3,3131.41,1136226,133868.0,209160.0,3163.0,3163.0,3108.0,3134.3,31868600,3447.7,2820.9,3839.9,2896.0,3127.6,24,3,3127.5,5,2,3127.4,14,1,3127.0,539,4,3126.9,17,2,3127.7,125,2,3127.8,243,3,3128.0,116,4,3128.1,21,1,3128.3,19,1
2031,2026-06-16 10:48:36+05:30,3127.2,15,3131.41,1137200,130521.0,211427.0,3163.0,3163.0,3108.0,3134.3,31868600,3447.7,2820.9,3839.9,2896.0,3126.9,5,1,3126.8,62,3,3126.7,15,1,3126.6,9,2,3126.5,2,1,3127.4,20,2,3127.5,35,3,3127.6,74,5,3127.7,349,4,3127.8,409,8
2031,2026-06-16 10:48:36+05:30,3126.9,81,3131.41,1137200,130521.0,211427.0,3163.0,3163.0,3108.0,3134.3,31868600,3447.7,2820.9,3839.9,2896.0,3126.9,5,1,3126.8,62,3,3126.7,15,1,3126.6,9,2,3126.5,2,1,3127.4,20,2,3127.5,35,3,3127.6,74,5,3127.7,349,4,3127.8,409,8
2031,2026-06-16 10:48:36+05:30,3126.9,81,3131.41,1137200,130521.0,211427.0,3163.0,3163.0,3108.0,3134.3,31868600,3447.7,2820.9,3839.9,2896.0,3126.9,5,1,3126.8,62,3,3126.7,15,1,3126.6,9,2,3126.5,2,1,3127.4,20,2,3127.5,35,3,3127.6,74,5,3127.7,349,4,3127.8,409,8
2031,2026-06-16 10:48:37+05:30,3126.9,81,3131.41,1137300,130632.0,211558.0,3163.0,3163.0,3108.0,3134.3,31868600,3447.7,2820.9,3839.9,2896.0,3127.0,1,1,3126.9,37,1,3126.8,62,3,3126.7,15,1,3126.6,9,2,3127.4,236,3,3127.5,27,2,3127.6,81,5,3127.7,125,2,3127.8,176,5
2031,2026-06-16 10:48:38+05:30,3126.9,81,3131.41,1137300,130727.0,211759.0,3163.0,3163.0,3108.0,3134.3,31868600,3447.7,2820.9,3839.9,2896.0,3127.0,66,2,3126.9,37,1,3126.8,51,2,3126.6,9,2,3126.5,2,1,3127.4,305,7,3127.5,42,3,3127.6,81,5,3127.7,79,1,3127.8,176,5
2031,2026-06-16 10:48:38+05:30,3126.9,81,3131.41,1137300,130727.0,211759.0,3163.0,3163.0,3108.0,3134.3,31868600,3447.7,2820.9,3839.9,2896.0,3127.0,66,2,3126.9,37,1,3126.8,51,2,3126.6,9,2,3126.5,2,1,3127.4,305,7,3127.5,42,3,3127.6,81,5,3127.7,79,1,3127.8,176,5
2031,2026-06-16 10:48:39+05:30,3126.9,81,3131.41,1137300,131478.0,211561.0,3163.0,3163.0,3108.0,3134.3,31868600,3447.7,2820.9,3839.9,2896.0,3127.0,106,3,3126.9,37,1,3126.8,51,2,3126.6,9,2,3126.5,2,1,3127.4,286,6,3127.5,27,2,3127.6,60,3,3127.7,79,1,3127.8,176,5
2031,2026-06-16 10:48:39+05:30,3127.4,1,3131.41,1137300,131478.0,211561.0,3163.0,3163.0,3108.0,3134.3,31868600,3447.7,2820.9,3839.9,2896.0,3127.0,106,3,3126.9,37,1,3126.8,51,2,3126.6,9,2,3126.5,2,1,3127.4,286,6,3127.5,27,2,3127.6,60,3,3127.7,79,1,3127.8,176,5
2031,2026-06-16 10:48:40+05:30,3127.4,1,3131.41,1137301,131450.0,211671.0,3163.0,3163.0,3108.0,3134.3,31868600,3447.7,2820.9,3839.9,2896.0,3127.0,105,2,3126.9,37,1,3126.8,51,2,3126.6,9,2,3126.5,2,1,3127.4,285,5,3127.5,44,3,3127.6,60,3,3127.7,79,1,3127.8,146,4
2031,2026-06-16 10:48:40+05:30,3127.4,1,3131.41,1137301,131450.0,211671.0,3163.0,3163.0,3108.0,3134.3,31868600,3447.7,2820.9,3839.9,2896.0,3127.0,105,2,3126.9,37,1,3126.8,51,2,3126.6,9,2,3126.5,2,1,3127.4,285,5,3127.5,44,3,3127.6,60,3,3127.7,79,1,3127.8,146,4
2031,2026-06-16 10:48:40+05:30,3127.0,40,3131.41,1137301,131450.0,211671.0,3163.0,3163.0,3108.0,3134.3,31868600,3447.7,2820.9,3839.9,2896.0,3127.0,105,2,3126.9,37,1,3126.8,51,2,3126.6,9,2,3126.5,2,1,3127.4,285,5,3127.5,44,3,3127.6,60,3,3127.7,79,1,3127.8,146,4
2031,2026-06-16 10:48:41+05:30,3126.8,37,3131.4,1137592,130983.0,211179.0,3163.0,3163.0,3108.0,3134.3,31868600,3447.7,2820.9,3839.9,2896.0,3126.8,14,2,3126.6,9,2,3126.5,2,1,3126.4,39,3,3126.2,102,4,3127.4,203,4,3127.5,17,1,3127.6,31,1,3127.7,79,1,3127.8,56,2
2031,2026-06-16 10:48:41+05:30,3126.9,1,3131.4,1137592,130983.0,211179.0,3163.0,3163.0,3108.0,3134.3,31868600,3447.7,2820.9,3839.9,2896.0,3126.8,14,2,3126.6,9,2,3126.5,2,1,3126.4,39,3,3126.2,102,4,3127.4,203,4,3127.5,17,1,3127.6,31,1,3127.7,79,1,3127.8,56,2
2031,2026-06-16 10:48:41+05:30,3126.9,1,3131.4,1137592,130983.0,211179.0,3163.0,3163.0,3108.0,3134.3,31868600,3447.7,2820.9,3839.9,2896.0,3126.8,14,2,3126.6,9,2,3126.5,2,1,3126.4,39,3,3126.2,102,4,3127.4,203,4,3127.5,17,1,3127.6,31,1,3127.7,79,1,3127.8,56,2
2031,2026-06-16 10:48:42+05:30,3126.6,14,3131.4,1137889,129681.0,212184.0,3163.0,3163.0,3108.0,3134.3,31868600,3447.7,2820.9,3839.9,2896.0,3126.6,4,1,3126.5,2,1,3126.4,22,2,3126.3,1,1,3126.2,50,1,3127.3,12,1,3127.4,281,8,3127.5,21,2,3127.6,296,4,3127.7,166,3
2031,2026-06-16 10:48:42+05:30,3126.6,14,3131.4,1137889,129681.0,212184.0,3163.0,3163.0,3108.0,3134.3,31868600,3447.7,2820.9,3839.9,2896.0,3126.6,4,1,3126.5,2,1,3126.4,22,2,3126.3,1,1,3126.2,50,1,3127.3,12,1,3127.4,281,8,3127.5,21,2,3127.6,296,4,3127.7,166,3
2031,2026-06-16 10:48:42+05:30,3126.6,13,3131.4,1137889,129681.0,212184.0,3163.0,3163.0,3108.0,3134.3,31868600,3447.7,2820.9,3839.9,2896.0,3126.6,4,1,3126.5,2,1,3126.4,22,2,3126.3,1,1,3126.2,50,1,3127.3,12,1,3127.4,281,8,3127.5,21,2,3127.6,296,4,3127.7,166,3
2031,2026-06-16 10:48:43+05:30,3126.6,13,3131.4,1137889,129681.0,212184.0,3163.0,3163.0,3108.0,3134.3,31868600,3447.7,2820.9,3839.9,2896.0,3126.6,4,1,3126.5,2,1,3126.4,22,2,3126.3,1,1,3126.2,50,1,3127.3,12,1,3127.4,281,8,3127.5,21,2,3127.6,296,4,3127.7,166,3
2031,2026-06-16 10:48:43+05:30,3127.7,2,3131.4,1138240,130159.0,211090.0,3163.0,3163.0,3108.0,3134.3,31868600,3447.7,2820.9,3839.9,2896.0,3126.5,8,2,3126.4,33,3,3126.3,46,3,3126.2,84,3,3126.1,103,3,3127.3,7,1,3127.8,37,1,3128.0,141,8,3128.1,249,2,3128.2,124,4
2031,2026-06-16 10:48:43+05:30,3127.7,2,3131.4,1138240,130159.0,211090.0,3163.0,3163.0,3108.0,3134.3,31868600,3447.7,2820.9,3839.9,2896.0,3126.5,8,2,3126.4,33,3,3126.3,46,3,3126.2,84,3,3126.1,103,3,3127.3,7,1,3127.8,37,1,3128.0,141,8,3128.1,249,2,3128.2,124,4
2031,2026-06-16 10:48:43+05:30,3127.7,2,3131.4,1138240,130159.0,211090.0,3163.0,3163.0,3108.0,3134.3,31868600,3447.7,2820.9,3839.9,2896.0,3126.5,8,2,3126.4,33,3,3126.3,46,3,3126.2,84,3,3126.1,103,3,3127.3,7,1,3127.8,37,1,3128.0,141,8,3128.1,249,2,3128.2,124,4
2031,2026-06-16 10:48:44+05:30,3127.7,2,3131.4,1138240,130159.0,211090.0,3163.0,3163.0,3108.0,3134.3,31868600,3447.7,2820.9,3839.9,2896.0,3126.5,8,2,3126.4,33,3,3126.3,46,3,3126.2,84,3,3126.1,103,3,3127.3,7,1,3127.8,37,1,3128.0,141,8,3128.1,249,2,3128.2,124,4
2031,2026-06-16 10:48:44+05:30,3127.7,2,3131.4,1138240,130115.0,211657.0,3163.0,3163.0,3108.0,3134.3,31868600,3447.7,2820.9,3839.9,2896.0,3126.5,2,1,3126.4,4,1,3126.3,25,2,3126.2,50,1,3126.1,71,3,3127.3,7,1,3127.7,63,1,3127.8,124,4,3127.9,200,1,3128.0,208,10
2031,2026-06-16 10:48:44+05:30,3127.7,2,3131.4,1138240,130115.0,211657.0,3163.0,3163.0,3108.0,3134.3,31868600,3447.7,2820.9,3839.9,2896.0,3126.5,2,1,3126.4,4,1,3126.3,25,2,3126.2,50,1,3126.1,71,3,3127.3,7,1,3127.7,63,1,3127.8,124,4,3127.9,200,1,3128.0,208,10
2031,2026-06-16 10:48:45+05:30,3127.7,2,3131.4,1138240,130187.0,211661.0,3163.0,3163.0,3108.0,3134.3,31868600,3447.7,2820.9,3839.9,2896.0,3126.5,3,2,3126.4,35,3,3126.3,42,3,3126.2,67,2,3126.1,77,3,3127.3,7,1,3127.7,93,2,3127.8,124,4,3127.9,230,2,3128.0,141,8
2031,2026-06-16 10:48:45+05:30,3127.7,2,3131.4,1138240,130187.0,211661.0,3163.0,3163.0,3108.0,3134.3,31868600,3447.7,2820.9,3839.9,2896.0,3126.5,3,2,3126.4,35,3,3126.3,42,3,3126.2,67,2,3126.1,77,3,3127.3,7,1,3127.7,93,2,3127.8,124,4,3127.9,230,2,3128.0,141,8
2031,2026-06-16 10:48:46+05:30,3127.3,2,3131.4,1138242,129961.0,211941.0,3163.0,3163.0,3108.0,3134.3,31868600,3447.7,2820.9,3839.9,2896.0,3126.9,2,2,3126.5,3,2,3126.4,18,2,3126.3,1,1,3126.2,67,2,3127.3,9,2,3127.7,293,3,3127.8,124,4,3127.9,191,3,3128.0,141,8
2031,2026-06-16 10:48:46+05:30,3127.3,2,3131.4,1138242,129961.0,211941.0,3163.0,3163.0,3108.0,3134.3,31868600,3447.7,2820.9,3839.9,2896.0,3126.9,2,2,3126.5,3,2,3126.4,18,2,3126.3,1,1,3126.2,67,2,3127.3,9,2,3127.7,293,3,3127.8,124,4,3127.9,191,3,3128.0,141,8
2031,2026-06-16 10:48:46+05:30,3127.3,2,3131.4,1138242,129961.0,211941.0,3163.0,3163.0,3108.0,3134.3,31868600,3447.7,2820.9,3839.9,2896.0,3126.9,2,2,3126.5,3,2,3126.4,18,2,3126.3,1,1,3126.2,67,2,3127.3,9,2,3127.7,293,3,3127.8,124,4,3127.9,191,3,3128.0,141,8
2031,2026-06-16 10:48:47+05:30,3127.3,2,3131.4,1138242,129961.0,211941.0,3163.0,3163.0,3108.0,3134.3,31868600,3447.7,2820.9,3839.9,2896.0,3126.9,2,2,3126.5,3,2,3126.4,18,2,3126.3,1,1,3126.2,67,2,3127.3,9,2,3127.7,293,3,3127.8,124,4,3127.9,191,3,3128.0,141,8
2031,2026-06-16 10:48:47+05:30,3127.3,1,3131.4,1138243,130048.0,212009.0,3163.0,3163.0,3108.0,3134.3,31868600,3447.7,2820.9,3839.9,2896.0,3126.9,3,3,3126.8,2,1,3126.6,4,1,3126.5,3,2,3126.4,18,2,3127.3,8,2,3127.7,325,4,3127.8,105,3,3127.9,154,2,3128.0,178,9
2031,2026-06-16 10:48:47+05:30,3127.3,1,3131.4,1138243,130048.0,212009.0,3163.0,3163.0,3108.0,3134.3,31868600,3447.7,2820.9,3839.9,2896.0,3126.9,3,3,3126.8,2,1,3126.6,4,1,3126.5,3,2,3126.4,18,2,3127.3,8,2,3127.7,325,4,3127.8,105,3,3127.9,154,2,3128.0,178,9
2031,2026-06-16 10:48:47+05:30,3127.3,1,3131.4,1138243,130048.0,212009.0,3163.0,3163.0,3108.0,3134.3,31868600,3447.7,2820.9,3839.9,2896.0,3126.9,3,3,3126.8,2,1,3126.6,4,1,3126.5,3,2,3126.4,18,2,3127.3,8,2,3127.7,325,4,3127.8,105,3,3127.9,154,2,3128.0,178,9
2031,2026-06-16 10:48:48+05:30,3127.3,1,3131.4,1138243,130053.0,212015.0,3163.0,3163.0,3108.0,3134.3,31868600,3447.7,2820.9,3839.9,2896.0,3126.9,3,3,3126.8,2,1,3126.6,4,1,3126.5,3,2,3126.4,18,2,3127.3,8,2,3127.7,325,4,3127.8,105,3,3127.9,154,2,3128.0,178,9
2031,2026-06-16 10:48:48+05:30,3127.3,1,3131.4,1138243,130053.0,212015.0,3163.0,3163.0,3108.0,3134.3,31868600,3447.7,2820.9,3839.9,2896.0,3126.9,3,3,3126.8,2,1,3126.6,4,1,3126.5,3,2,3126.4,18,2,3127.3,8,2,3127.7,325,4,3127.8,105,3,3127.9,154,2,3128.0,178,9
2031,2026-06-16 10:48:49+05:30,3127.3,1,3131.4,1138244,130378.0,211739.0,3163.0,3163.0,3108.0,3134.3,31868600,3447.7,2820.9,3839.9,2896.0,3126.9,8,4,3126.8,2,1,3126.6,21,2,3126.5,15,3,3126.4,79,6,3127.3,7,2,3127.7,62,2,3127.8,55,2,3127.9,230,2,3128.0,86,5
2031,2026-06-16 10:48:49+05:30,3127.3,6,3131.4,1138244,130378.0,211739.0,3163.0,3163.0,3108.0,3134.3,31868600,3447.7,2820.9,3839.9,2896.0,3126.9,8,4,3126.8,2,1,3126.6,21,2,3126.5,15,3,3126.4,79,6,3127.3,7,2,3127.7,62,2,3127.8,55,2,3127.9,230,2,3128.0,86,5
2031,2026-06-16 10:48:49+05:30,3127.3,6,3131.4,1138244,130378.0,211739.0,3163.0,3163.0,3108.0,3134.3,31869200,3447.7,2820.9,3839.9,2896.0,3126.9,8,4,3126.8,2,1,3126.6,21,2,3126.5,15,3,3126.4,79,6,3127.3,7,2,3127.7,62,2,3127.8,55,2,3127.9,230,2,3128.0,86,5
2031,2026-06-16 10:48:50+05:30,3126.9,4,3131.4,1138264,130376.0,211737.0,3163.0,3163.0,3108.0,3134.3,31869200,3447.7,2820.9,3839.9,2896.0,3126.9,8,4,3126.8,10,2,3126.6,49,4,3126.5,61,4,3126.4,102,7,3127.3,1,1,3127.7,62,2,3127.8,55,2,3127.9,230,2,3128.0,86,5
2031,2026-06-16 10:48:50+05:30,3126.6,1,3131.4,1138264,130376.0,211737.0,3163.0,3163.0,3108.0,3134.3,31869200,3447.7,2820.9,3839.9,2896.0,3126.9,8,4,3126.8,10,2,3126.6,49,4,3126.5,61,4,3126.4,102,7,3127.3,1,1,3127.7,62,2,3127.8,55,2,3127.9,230,2,3128.0,86,5
2031,2026-06-16 10:48:51+05:30,3126.6,1,3131.4,1138332,130451.0,211361.0,3163.0,3163.0,3108.0,3134.3,31869200,3447.7,2820.9,3839.9,2896.0,3126.6,3,1,3126.5,70,7,3126.4,72,5,3126.3,45,3,3126.2,144,7,3127.3,2,2,3127.7,62,2,3127.8,55,2,3127.9,230,2,3128.0,86,5
2031,2026-06-16 10:48:52+05:30,3127.3,1,3131.4,1138335,130465.0,211257.0,3163.0,3163.0,3108.0,3134.3,31869200,3447.7,2820.9,3839.9,2896.0,3126.6,37,3,3126.5,31,5,3126.4,106,7,3126.3,45,3,3126.2,144,7,3127.3,7,2,3127.7,62,2,3127.8,55,2,3127.9,230,2,3128.0,86,5
2031,2026-06-16 10:48:52+05:30,3127.3,1,3131.4,1138335,130465.0,211257.0,3163.0,3163.0,3108.0,3134.3,31869200,3447.7,2820.9,3839.9,2896.0,3126.6,37,3,3126.5,31,5,3126.4,106,7,3126.3,45,3,3126.2,144,7,3127.3,7,2,3127.7,62,2,3127.8,55,2,3127.9,230,2,3128.0,86,5
2031,2026-06-16 10:48:53+05:30,3127.3,1,3131.4,1138335,130473.0,211481.0,3163.0,3163.0,3108.0,3134.3,31869200,3447.7,2820.9,3839.9,2896.0,3126.7,59,5,3126.6,74,6,3126.5,31,5,3126.4,83,6,3126.3,45,3,3127.3,10,3,3127.5,19,1,3127.7,62,2,3127.8,55,2,3127.9,230,2
2031,2026-06-16 10:48:54+05:30,3127.3,1,3131.4,1138335,130473.0,211451.0,3163.0,3163.0,3108.0,3134.3,31869200,3447.7,2820.9,3839.9,2896.0,3126.7,59,5,3126.6,74,6,3126.5,31,5,3126.4,83,6,3126.3,45,3,3127.3,10,3,3127.5,19,1,3127.7,62,2,3127.8,55,2,3127.9,200,1
2031,2026-06-16 10:48:54+05:30,3127.3,1,3131.4,1138335,130473.0,211451.0,3163.0,3163.0,3108.0,3134.3,31869200,3447.7,2820.9,3839.9,2896.0,3126.7,59,5,3126.6,74,6,3126.5,31,5,3126.4,83,6,3126.3,45,3,3127.3,10,3,3127.5,19,1,3127.7,62,2,3127.8,55,2,3127.9,200,1
2031,2026-06-16 10:48:55+05:30,3127.8,1,3131.4,1138546,130549.0,210697.0,3163.0,3163.0,3108.0,3134.3,31869200,3447.7,2820.9,3839.9,2896.0,3126.9,24,1,3126.7,41,3,3126.6,30,5,3126.5,16,3,3126.4,71,5,3127.9,147,1,3128.0,65,4,3128.1,192,3,3128.2,48,3,3128.3,60,3
2031,2026-06-16 10:48:55+05:30,3126.9,131,3131.4,1138546,130549.0,210697.0,3163.0,3163.0,3108.0,3134.3,31869200,3447.7,2820.9,3839.9,2896.0,3126.9,24,1,3126.7,41,3,3126.6,30,5,3126.5,16,3,3126.4,71,5,3127.9,147,1,3128.0,65,4,3128.1,192,3,3128.2,48,3,3128.3,60,3
2031,2026-06-16 10:48:56+05:30,3126.9,131,3131.4,1138677,130809.0,210929.0,3163.0,3163.0,3108.0,3134.3,31869200,3447.7,2820.9,3839.9,2896.0,3126.9,24,1,3126.7,41,3,3126.6,18,3,3126.5,16,3,3126.4,84,4,3127.9,201,3,3128.0,96,5,3128.1,270,5,3128.2,93,5,3128.3,116,5
2031,2026-06-16 10:48:57+05:30,3127.9,31,3131.4,1138708,131664.0,210630.0,3163.0,3163.0,3108.0,3134.3,31869200,3447.7,2820.9,3839.9,2896.0,3127.0,29,3,3126.9,109,5,3126.8,51,3,3126.7,73,4,3126.6,70,6,3127.9,215,4,3128.0,64,4,3128.1,201,3,3128.2,23,1,3128.3,3,1
2031,2026-06-16 10:48:57+05:30,3127.9,1,3131.4,1138708,131664.0,210630.0,3163.0,3163.0,3108.0,3134.3,31869200,3447.7,2820.9,3839.9,2896.0,3127.0,29,3,3126.9,109,5,3126.8,51,3,3126.7,73,4,3126.6,70,6,3127.9,215,4,3128.0,64,4,3128.1,201,3,3128.2,23,1,3128.3,3,1
2031,2026-06-16 10:48:58+05:30,3127.9,1,3131.4,1138710,131679.0,210718.0,3163.0,3163.0,3108.0,3134.3,31869200,3447.7,2820.9,3839.9,2896.0,3127.0,24,3,3126.9,91,4,3126.8,34,2,3126.7,41,3,3126.6,86,7,3127.9,256,5,3128.0,64,4,3128.1,201,3,3128.2,23,1,3128.3,3,1
2031,2026-06-16 10:48:58+05:30,3127.9,1,3131.4,1138710,131679.0,210718.0,3163.0,3163.0,3108.0,3134.3,31869200,3447.7,2820.9,3839.9,2896.0,3127.0,24,3,3126.9,91,4,3126.8,34,2,3126.7,41,3,3126.6,86,7,3127.9,256,5,3128.0,64,4,3128.1,201,3,3128.2,23,1,3128.3,3,1
2031,2026-06-16 10:48:59+05:30,3127.0,1,3131.4,1138733,131724.0,210684.0,3163.0,3163.0,3108.0,3134.3,31869200,3447.7,2820.9,3839.9,2896.0,3127.0,65,3,3126.9,60,3,3126.8,34,2,3126.7,96,5,3126.6,70,6,3127.9,281,6,3128.0,64,4,3128.1,152,2,3128.2,72,2,3128.3,45,2
2031,2026-06-16 10:48:59+05:30,3127.0,1,3131.4,1138733,131724.0,210684.0,3163.0,3163.0,3108.0,3134.3,31869200,3447.7,2820.9,3839.9,2896.0,3127.0,65,3,3126.9,60,3,3126.8,34,2,3126.7,96,5,3126.6,70,6,3127.9,281,6,3128.0,64,4,3128.1,152,2,3128.2,72,2,3128.3,45,2
2031,2026-06-16 10:49:00+05:30,3127.0,1,3131.4,1138733,131996.0,210809.0,3163.0,3163.0,3108.0,3134.3,31869200,3447.7,2820.9,3839.9,2896.0,3127.5,2,2,3127.1,23,1,3127.0,43,3,3126.9,77,4,3126.8,17,1,3127.9,282,7,3128.0,64,4,3128.1,152,2,3128.2,23,1,3128.3,45,2
2031,2026-06-16 10:49:01+05:30,3127.9,32,3131.4,1138733,131996.0,210809.0,3163.0,3163.0,3108.0,3134.3,31869200,3447.7,2820.9,3839.9,2896.0,3127.5,2,2,3127.1,23,1,3127.0,43,3,3126.9,77,4,3126.8,17,1,3127.9,282,7,3128.0,64,4,3128.1,152,2,3128.2,23,1,3128.3,45,2
2031,2026-06-16 10:49:01+05:30,3127.8,1,3131.4,1138934,132704.0,210127.0,3163.0,3163.0,3108.0,3134.3,31869200,3447.7,2820.9,3839.9,2896.0,3127.5,39,3,3127.3,25,2,3127.2,17,1,3127.0,110,5,3126.9,40,3,3127.8,199,1,3127.9,82,4,3128.0,64,4,3128.1,152,2,3128.2,23,1
2031,2026-06-16 10:49:02+05:30,3127.8,1,3131.4,1138934,132704.0,210127.0,3163.0,3163.0,3108.0,3134.3,31869200,3447.7,2820.9,3839.9,2896.0,3127.5,39,3,3127.3,25,2,3127.2,17,1,3127.0,110,5,3126.9,40,3,3127.8,199,1,3127.9,82,4,3128.0,64,4,3128.1,152,2,3128.2,23,1
2031,2026-06-16 10:49:02+05:30,3127.8,1,3131.4,1138934,132594.0,208478.0,3163.0,3163.0,3108.0,3134.3,31869200,3447.7,2820.9,3839.9,2896.0,3127.5,39,3,3127.3,2,1,3127.0,60,4,3126.9,17,2,3126.8,74,4,3127.8,269,3,3127.9,80,4,3128.0,64,4,3128.1,152,2,3128.3,22,2
2031,2026-06-16 10:49:03+05:30,3127.8,1,3131.4,1138934,132594.0,208478.0,3163.0,3163.0,3108.0,3134.3,31869200,3447.7,2820.9,3839.9,2896.0,3127.5,39,3,3127.3,2,1,3127.0,60,4,3126.9,17,2,3126.8,74,4,3127.8,269,3,3127.9,80,4,3128.0,64,4,3128.1,152,2,3128.3,22,2
2031,2026-06-16 10:49:03+05:30,3127.8,25,3131.4,1139158,133260.0,209622.0,3163.0,3163.0,3108.0,3134.3,31869200,3447.7,2820.9,3839.9,2896.0,3127.6,1,1,3127.5,48,4,3127.3,2,1,3127.2,35,3,3127.1,27,2,3127.8,45,2,3127.9,80,4,3128.0,64,4,3128.1,152,2,3128.3,3,1
2031,2026-06-16 10:49:04+05:30,3128.0,8,3131.4,1139158,133260.0,209622.0,3163.0,3163.0,3108.0,3134.3,31869200,3447.7,2820.9,3839.9,2896.0,3127.6,1,1,3127.5,48,4,3127.3,2,1,3127.2,35,3,3127.1,27,2,3127.8,45,2,3127.9,80,4,3128.0,64,4,3128.1,152,2,3128.3,3,1
2031,2026-06-16 10:49:04+05:30,3128.0,8,3131.4,1139361,133336.0,209431.0,3163.0,3163.0,3108.0,3134.3,31869200,3447.7,2820.9,3839.9,2896.0,3127.2,17,1,3127.0,81,7,3126.9,66,3,3126.8,50,3,3126.7,129,6,3127.9,200,1,3128.0,56,4,3128.1,152,2,3128.3,3,1,3128.4,99,2
2031,2026-06-16 10:49:05+05:30,3128.2,12,3131.4,1139361,133336.0,209431.0,3163.0,3163.0,3108.0,3134.3,31869200,3447.7,2820.9,3839.9,2896.0,3127.2,17,1,3127.0,81,7,3126.9,66,3,3126.8,50,3,3126.7,129,6,3127.9,200,1,3128.0,56,4,3128.1,152,2,3128.3,3,1,3128.4,99,2
2031,2026-06-16 10:49:05+05:30,3128.2,12,3131.4,1140131,134072.0,208811.0,3163.0,3163.0,3108.0,3134.3,31869200,3447.7,2820.9,3839.9,2896.0,3127.7,1,1,3127.5,52,4,3127.4,85,5,3127.3,91,5,3127.2,90,3,3128.2,188,1,3128.8,49,1,3128.9,69,2,3129.0,83,6,3129.1,64,2
2031,2026-06-16 10:49:06+05:30,3127.7,5,3131.4,1140131,134072.0,208811.0,3163.0,3163.0,3108.0,3134.3,31869200,3447.7,2820.9,3839.9,2896.0,3127.7,1,1,3127.5,52,4,3127.4,85,5,3127.3,91,5,3127.2,90,3,3128.2,188,1,3128.8,49,1,3128.9,69,2,3129.0,83,6,3129.1,64,2
2031,2026-06-16 10:49:06+05:30,3127.5,7,3131.4,1140386,133645.0,208148.0,3163.0,3163.0,3108.0,3134.3,31869200,3447.7,2820.9,3839.9,2896.0,3127.5,7,1,3127.4,42,2,3127.3,41,2,3127.2,41,3,3127.1,68,2,3127.7,152,1,3128.2,44,2,3128.5,200,1,3128.6,53,3,3128.7,238,2
2031,2026-06-16 10:49:07+05:30,3127.5,7,3131.4,1140386,133645.0,208148.0,3163.0,3163.0,3108.0,3134.3,31869200,3447.7,2820.9,3839.9,2896.0,3127.5,7,1,3127.4,42,2,3127.3,41,2,3127.2,41,3,3127.1,68,2,3127.7,152,1,3128.2,44,2,3128.5,200,1,3128.6,53,3,3128.7,238,2
2031,2026-06-16 10:49:07+05:30,3127.5,7,3131.4,1140386,133924.0,208576.0,3163.0,3163.0,3108.0,3134.3,31869200,3447.7,2820.9,3839.9,2896.0,3127.6,24,1,3127.2,49,3,3127.1,59,1,3127.0,79,5,3126.9,88,4,3127.7,182,3,3128.2,43,1,3128.5,228,2,3128.6,77,4,3128.7,287,3
2031,2026-06-16 10:49:08+05:30,3127.7,1,3131.4,1140386,133924.0,208576.0,3163.0,3163.0,3108.0,3134.3,31869200,3447.7,2820.9,3839.9,2896.0,3127.6,24,1,3127.2,49,3,3127.1,59,1,3127.0,79,5,3126.9,88,4,3127.7,182,3,3128.2,43,1,3128.5,228,2,3128.6,77,4,3128.7,287,3
2031,2026-06-16 10:49:08+05:30,3127.7,1,3131.4,1140388,134079.0,206923.0,3163.0,3163.0,3108.0,3134.3,31869200,3447.7,2820.9,3839.9,2896.0,3127.6,75,4,3127.4,17,1,3127.3,6,1,3127.2,49,3,3127.1,85,3,3127.7,180,3,3128.2,43,1,3128.5,228,2,3128.6,58,3,3128.7,287,3
2031,2026-06-16 10:49:09+05:30,3127.7,1,3131.4,1140388,134079.0,206923.0,3163.0,3163.0,3108.0,3134.3,31869200,3447.7,2820.9,3839.9,2896.0,3127.6,75,4,3127.4,17,1,3127.3,6,1,3127.2,49,3,3127.1,85,3,3127.7,180,3,3128.2,43,1,3128.5,228,2,3128.6,58,3,3128.7,287,3
2031,2026-06-16 10:49:09+05:30,3127.7,1,3131.39,1140568,134617.0,207913.0,3163.0,3163.0,3108.0,3134.3,31869200,3447.7,2820.9,3839.9,2896.0,3127.6,51,3,3127.4,17,1,3127.3,63,2,3127.2,49,3,3127.1,92,4,3128.2,43,1,3128.5,28,1,3128.6,24,1,3128.8,21,1,3129.0,155,8
2031,2026-06-16 10:49:10+05:30,3128.2,8,3131.39,1140568,134617.0,207913.0,3163.0,3163.0,3108.0,3134.3,31869200,3447.7,2820.9,3839.9,2896.0,3127.6,51,3,3127.4,17,1,3127.3,63,2,3127.2,49,3,3127.1,92,4,3128.2,43,1,3128.5,28,1,3128.6,24,1,3128.8,21,1,3129.0,155,8
2031,2026-06-16 10:49:10+05:30,3129.1,47,3131.39,1140976,134515.0,207343.0,3163.0,3163.0,3108.0,3134.3,31869200,3447.7,2820.9,3839.9,2896.0,3127.6,41,2,3127.3,113,2,3127.2,66,4,3127.1,266,5,3127.0,165,7,3129.0,48,1,3129.1,86,5,3129.2,75,3,3129.3,113,3,3129.4,364,7
2031,2026-06-16 10:49:11+05:30,3127.6,9,3131.39,1140976,134515.0,207343.0,3163.0,3163.0,3108.0,3134.3,31869200,3447.7,2820.9,3839.9,2896.0,3127.6,41,2,3127.3,113,2,3127.2,66,4,3127.1,266,5,3127.0,165,7,3129.0,48,1,3129.1,86,5,3129.2,75,3,3129.3,113,3,3129.4,364,7
2031,2026-06-16 10:49:11+05:30,3127.6,9,3131.39,1140985,133756.0,209326.0,3163.0,3163.0,3108.0,3134.3,31869200,3447.7,2820.9,3839.9,2896.0,3127.6,32,2,3127.5,16,1,3127.3,25,1,3127.2,17,1,3127.1,9,1,3128.6,200,1,3128.7,122,4,3128.8,87,3,3128.9,369,6,3129.0,108,6
2031,2026-06-16 10:49:12+05:30,3127.6,9,3131.39,1140985,134042.0,209495.0,3163.0,3163.0,3108.0,3134.3,31869200,3447.7,2820.9,3839.9,2896.0,3127.6,57,3,3127.5,16,1,3127.2,17,1,3127.0,1,1,3126.9,51,2,3128.5,200,1,3128.6,107,4,3128.7,126,3,3128.8,417,9,3128.9,172,5
2031,2026-06-16 10:49:14+05:30,3128.5,1,3131.39,1140986,134275.0,208888.0,3163.0,3163.0,3108.0,3134.3,31869200,3447.7,2820.9,3839.9,2896.0,3127.8,177,2,3127.6,57,3,3127.5,16,1,3127.2,17,1,3127.0,19,2,3128.5,48,3,3128.6,66,2,3128.7,76,2,3128.8,192,7,3128.9,144,4
2031,2026-06-16 10:49:14+05:30,3128.5,1,3131.39,1140986,134275.0,208888.0,3163.0,3163.0,3108.0,3134.3,31869200,3447.7,2820.9,3839.9,2896.0,3127.8,177,2,3127.6,57,3,3127.5,16,1,3127.2,17,1,3127.0,19,2,3128.5,48,3,3128.6,66,2,3128.7,76,2,3128.8,192,7,3128.9,144,4
2031,2026-06-16 10:49:15+05:30,3128.5,1,3131.39,1140988,134281.0,209150.0,3163.0,3163.0,3108.0,3134.3,31869200,3447.7,2820.9,3839.9,2896.0,3127.8,202,3,3127.6,32,2,3127.5,16,1,3127.2,67,2,3127.1,18,1,3128.5,52,3,3128.6,41,1,3128.7,51,1,3128.8,392,8,3128.9,144,4
2031,2026-06-16 10:49:15+05:30,3128.5,1,3131.39,1140988,134281.0,209150.0,3163.0,3163.0,3108.0,3134.3,31869200,3447.7,2820.9,3839.9,2896.0,3127.8,202,3,3127.6,32,2,3127.5,16,1,3127.2,67,2,3127.1,18,1,3128.5,52,3,3128.6,41,1,3128.7,51,1,3128.8,392,8,3128.9,144,4
2031,2026-06-16 10:49:16+05:30,3128.5,1,3131.39,1140988,134569.0,208669.0,3163.0,3163.0,3108.0,3134.3,31869200,3447.7,2820.9,3839.9,2896.0,3128.2,2,2,3127.8,267,5,3127.6,32,2,3127.5,66,2,3127.3,18,1,3128.5,50,2,3128.6,41,1,3128.7,51,1,3128.8,77,4,3128.9,252,3
2031,2026-06-16 10:49:17+05:30,3128.5,1,3131.39,1140988,134829.0,208656.0,3163.0,3163.0,3108.0,3134.3,31869200,3447.7,2820.9,3839.9,2896.0,3128.2,46,3,3127.9,22,1,3127.8,242,4,3127.7,62,2,3127.6,28,2,3128.5,50,2,3128.6,41,1,3128.7,51,1,3128.8,58,3,3128.9,210,2
2031,2026-06-16 10:49:18+05:30,3128.2,1,3131.39,1140991,134822.0,208709.0,3163.0,3163.0,3108.0,3134.3,31869200,3447.7,2820.9,3839.9,2896.0,3128.2,59,4,3127.9,22,1,3127.8,242,4,3127.7,14,1,3127.6,46,3,3128.5,50,2,3128.6,41,1,3128.7,51,1,3128.8,58,3,3128.9,210,2
2031,2026-06-16 10:49:18+05:30,3128.2,1,3131.39,1140991,134822.0,208709.0,3163.0,3163.0,3108.0,3134.3,31869200,3447.7,2820.9,3839.9,2896.0,3128.2,59,4,3127.9,22,1,3127.8,242,4,3127.7,14,1,3127.6,46,3,3128.5,50,2,3128.6,41,1,3128.7,51,1,3128.8,58,3,3128.9,210,2
2031,2026-06-16 10:49:19+05:30,3128.5,1,3131.39,1140992,134802.0,208617.0,3163.0,3163.0,3108.0,3134.3,31869200,3447.7,2820.9,3839.9,2896.0,3128.2,59,4,3127.9,22,1,3127.8,242,4,3127.7,14,1,3127.6,3,1,3128.5,49,2,3128.6,41,1,3128.7,51,1,3128.8,48,2,3128.9,219,2
2031,2026-06-16 10:49:19+05:30,3128.5,63,3131.39,1140992,134802.0,208617.0,3163.0,3163.0,3108.0,3134.3,31869200,3447.7,2820.9,3839.9,2896.0,3128.2,59,4,3127.9,22,1,3127.8,242,4,3127.7,14,1,3127.6,3,1,3128.5,49,2,3128.6,41,1,3128.7,51,1,3128.8,48,2,3128.9,219,2
2031,2026-06-16 10:49:20+05:30,3128.5,1,3131.39,1141263,135427.0,206982.0,3163.0,3163.0,3108.0,3134.3,31869200,3447.7,2820.9,3839.9,2896.0,3128.5,1,1,3128.3,2,2,3128.2,57,2,3128.1,14,1,3127.8,242,4,3128.7,18,1,3128.8,67,3,3128.9,200,1,3129.0,50,4,3129.1,241,3
2031,2026-06-16 10:49:20+05:30,3128.5,1,3131.39,1141263,135427.0,206982.0,3163.0,3163.0,3108.0,3134.3,31869200,3447.7,2820.9,3839.9,2896.0,3128.5,1,1,3128.3,2,2,3128.2,57,2,3128.1,14,1,3127.8,242,4,3128.7,18,1,3128.8,67,3,3128.9,200,1,3129.0,50,4,3129.1,241,3
2031,2026-06-16 10:49:21+05:30,3128.5,46,3131.39,1141311,134957.0,209084.0,3163.0,3163.0,3108.0,3134.3,31869200,3447.7,2820.9,3839.9,2896.0,3128.3,2,2,3128.2,82,3,3128.1,14,1,3127.8,178,3,3127.6,3,1,3128.5,200,1,3128.7,83,4,3128.8,51,3,3128.9,245,3,3129.0,127,8
2031,2026-06-16 10:49:21+05:30,3128.5,46,3131.39,1141311,134957.0,209084.0,3163.0,3163.0,3108.0,3134.3,31869200,3447.7,2820.9,3839.9,2896.0,3128.3,2,2,3128.2,82,3,3128.1,14,1,3127.8,178,3,3127.6,3,1,3128.5,200,1,3128.7,83,4,3128.8,51,3,3128.9,245,3,3129.0,127,8
2031,2026-06-16 10:49:22+05:30,3128.2,8,3131.39,1141613,134226.0,209430.0,3163.0,3163.0,3108.0,3134.3,31869200,3447.7,2820.9,3839.9,2896.0,3128.2,31,2,3128.1,14,1,3127.8,178,3,3127.6,3,1,3127.3,15,1,3128.5,24,1,3128.7,293,5,3128.8,51,3,3128.9,233,3,3129.0,169,8
2031,2026-06-16 10:49:22+05:30,3128.2,8,3131.39,1141613,134226.0,209430.0,3163.0,3163.0,3108.0,3134.3,31869200,3447.7,2820.9,3839.9,2896.0,3128.2,31,2,3128.1,14,1,3127.8,178,3,3127.6,3,1,3127.3,15,1,3128.5,24,1,3128.7,293,5,3128.8,51,3,3128.9,233,3,3129.0,169,8
2031,2026-06-16 10:49:23+05:30,3128.2,8,3131.39,1141613,134358.0,209232.0,3163.0,3163.0,3108.0,3134.3,31869200,3447.7,2820.9,3839.9,2896.0,3128.2,31,2,3128.1,14,1,3127.8,178,3,3127.6,3,1,3127.3,15,1,3128.5,29,2,3128.7,259,4,3128.8,51,3,3128.9,233,3,3129.0,169,8
2031,2026-06-16 10:49:24+05:30,3128.5,1,3131.39,1141613,134358.0,209232.0,3163.0,3163.0,3108.0,3134.3,31869200,3447.7,2820.9,3839.9,2896.0,3128.2,31,2,3128.1,14,1,3127.8,178,3,3127.6,3,1,3127.3,15,1,3128.5,29,2,3128.7,259,4,3128.8,51,3,3128.9,233,3,3129.0,169,8
2031,2026-06-16 10:49:24+05:30,3128.7,12,3131.39,1141654,135051.0,208414.0,3163.0,3163.0,3108.0,3134.3,31869200,3447.7,2820.9,3839.9,2896.0,3128.2,31,2,3128.1,14,1,3127.8,178,3,3127.6,3,1,3127.3,33,2,3128.7,47,3,3128.8,51,3,3128.9,260,3,3129.0,85,6,3129.1,207,2
2031,2026-06-16 10:49:25+05:30,3128.7,5,3131.39,1141654,135051.0,208414.0,3163.0,3163.0,3108.0,3134.3,31869200,3447.7,2820.9,3839.9,2896.0,3128.2,31,2,3128.1,14,1,3127.8,178,3,3127.6,3,1,3127.3,33,2,3128.7,47,3,3128.8,51,3,3128.9,260,3,3129.0,85,6,3129.1,207,2
2031,2026-06-16 10:49:25+05:30,3128.7,5,3131.39,1141664,135063.0,209111.0,3163.0,3163.0,3108.0,3134.3,31869200,3447.7,2820.9,3839.9,2896.0,3128.2,31,2,3128.1,14,1,3127.8,177,2,3127.6,3,1,3127.3,33,2,3128.7,56,3,3128.8,251,4,3128.9,26,1,3129.0,342,9,3129.1,19,1
2031,2026-06-16 10:49:26+05:30,3128.1,82,3131.39,1141664,135063.0,209111.0,3163.0,3163.0,3108.0,3134.3,31869200,3447.7,2820.9,3839.9,2896.0,3128.2,31,2,3128.1,14,1,3127.8,177,2,3127.6,3,1,3127.3,33,2,3128.7,56,3,3128.8,251,4,3128.9,26,1,3129.0,342,9,3129.1,19,1
2031,2026-06-16 10:49:26+05:30,3128.5,25,3131.39,1141889,134488.0,209426.0,3163.0,3163.0,3108.0,3134.3,31869200,3447.7,2820.9,3839.9,2896.0,3128.1,14,1,3127.8,177,2,3127.6,3,1,3127.3,15,1,3127.1,23,1,3128.4,12,1,3128.5,194,2,3128.6,52,4,3128.7,114,5,3128.8,299,6
2031,2026-06-16 10:49:27+05:30,3128.4,10,3131.39,1141889,134488.0,209426.0,3163.0,3163.0,3108.0,3134.3,31869200,3447.7,2820.9,3839.9,2896.0,3128.1,14,1,3127.8,177,2,3127.6,3,1,3127.3,15,1,3127.1,23,1,3128.4,12,1,3128.5,194,2,3128.6,52,4,3128.7,114,5,3128.8,299,6
2031,2026-06-16 10:49:27+05:30,3128.4,1,3131.39,1141900,132468.0,209431.0,3163.0,3163.0,3108.0,3134.3,31869200,3447.7,2820.9,3839.9,2896.0,3128.1,14,1,3127.8,177,2,3127.6,3,1,3127.3,15,1,3127.1,23,1,3128.4,39,4,3128.5,231,4,3128.6,111,5,3128.7,359,7,3128.8,86,4
2031,2026-06-16 10:49:28+05:30,3127.9,17,3131.39,1141900,132468.0,209431.0,3163.0,3163.0,3108.0,3134.3,31869200,3447.7,2820.9,3839.9,2896.0,3128.1,14,1,3127.8,177,2,3127.6,3,1,3127.3,15,1,3127.1,23,1,3128.4,39,4,3128.5,231,4,3128.6,111,5,3128.7,359,7,3128.8,86,4
2031,2026-06-16 10:49:28+05:30,3127.9,17,3131.39,1141973,132006.0,209687.0,3163.0,3163.0,3108.0,3134.3,31869200,3447.7,2820.9,3839.9,2896.0,3127.8,200,3,3127.6,3,1,3127.3,15,1,3127.1,23,1,3127.0,1,1,3127.9,183,1,3128.0,22,2,3128.1,34,1,3128.2,19,1,3128.3,201,3
2031,2026-06-16 10:49:29+05:30,3127.9,1,3131.39,1141973,132006.0,209687.0,3163.0,3163.0,3108.0,3134.3,31869200,3447.7,2820.9,3839.9,2896.0,3127.8,200,3,3127.6,3,1,3127.3,15,1,3127.1,23,1,3127.0,1,1,3127.9,183,1,3128.0,22,2,3128.1,34,1,3128.2,19,1,3128.3,201,3
2031,2026-06-16 10:49:29+05:30,3127.9,1,3131.39,1141974,132046.0,209566.0,3163.0,3163.0,3108.0,3134.3,31869200,3447.7,2820.9,3839.9,2896.0,3127.8,200,3,3127.6,3,1,3127.3,15,1,3127.1,23,1,3127.0,1,1,3127.9,232,3,3128.0,3,1,3128.1,51,2,3128.2,19,1,3128.3,201,3
2031,2026-06-16 10:49:30+05:30,3127.8,13,3131.39,1141974,132046.0,209566.0,3163.0,3163.0,3108.0,3134.3,31869200,3447.7,2820.9,3839.9,2896.0,3127.8,200,3,3127.6,3,1,3127.3,15,1,3127.1,23,1,3127.0,1,1,3127.9,232,3,3128.0,3,1,3128.1,51,2,3128.2,19,1,3128.3,201,3
2031,2026-06-16 10:49:30+05:30,3127.8,13,3131.39,1142243,132068.0,209154.0,3163.0,3163.0,3108.0,3134.3,31869200,3447.7,2820.9,3839.9,2896.0,3127.8,148,4,3127.6,3,1,3127.3,15,1,3127.1,23,1,3127.0,1,1,3127.9,23,2,3128.0,22,2,3128.1,17,1,3128.2,19,1,3128.3,185,2
2031,2026-06-16 10:49:31+05:30,3127.8,13,3131.39,1142243,132068.0,209154.0,3163.0,3163.0,3108.0,3134.3,31869200,3447.7,2820.9,3839.9,2896.0,3127.8,148,4,3127.6,3,1,3127.3,15,1,3127.1,23,1,3127.0,1,1,3127.9,23,2,3128.0,22,2,3128.1,17,1,3128.2,19,1,3128.3,185,2
2031,2026-06-16 10:49:31+05:30,3128.1,19,3131.39,1142305,132182.0,208842.0,3163.0,3163.0,3108.0,3134.3,31869200,3447.7,2820.9,3839.9,2896.0,3127.8,185,5,3127.6,3,1,3127.3,15,1,3127.1,23,1,3127.0,51,2,3128.3,10,1,3128.4,29,2,3128.5,212,3,3128.6,23,1,3128.7,299,4
2031,2026-06-16 10:49:32+05:30,3127.9,1,3131.39,1142305,132182.0,208842.0,3163.0,3163.0,3108.0,3134.3,31869200,3447.7,2820.9,3839.9,2896.0,3127.8,185,5,3127.6,3,1,3127.3,15,1,3127.1,23,1,3127.0,51,2,3128.3,10,1,3128.4,29,2,3128.5,212,3,3128.6,23,1,3128.7,299,4
2031,2026-06-16 10:49:32+05:30,3127.9,1,3131.39,1142306,132167.0,208158.0,3163.0,3163.0,3108.0,3134.3,31869200,3447.7,2820.9,3839.9,2896.0,3127.8,185,5,3127.6,3,1,3127.4,5,1,3127.3,15,1,3127.0,51,2,3127.9,35,1,3128.3,20,2,3128.4,33,1,3128.5,200,2,3128.6,56,2
2031,2026-06-16 10:49:33+05:30,3127.9,1,3131.39,1142306,132167.0,208158.0,3163.0,3163.0,3108.0,3134.3,31869200,3447.7,2820.9,3839.9,2896.0,3127.8,185,5,3127.6,3,1,3127.4,5,1,3127.3,15,1,3127.0,51,2,3127.9,35,1,3128.3,20,2,3128.4,33,1,3128.5,200,2,3128.6,56,2
2031,2026-06-16 10:49:33+05:30,3127.9,17,3131.39,1142323,132196.0,208152.0,3163.0,3163.0,3108.0,3134.3,31869200,3447.7,2820.9,3839.9,2896.0,3127.8,185,5,3127.6,3,1,3127.3,15,1,3127.0,52,3,3126.9,57,4,3127.9,36,3,3128.3,19,1,3128.4,33,1,3128.5,200,2,3128.6,56,2
2031,2026-06-16 10:49:34+05:30,3127.9,1,3131.39,1142323,132196.0,208152.0,3163.0,3163.0,3108.0,3134.3,31869200,3447.7,2820.9,3839.9,2896.0,3127.8,185,5,3127.6,3,1,3127.3,15,1,3127.0,52,3,3126.9,57,4,3127.9,36,3,3128.3,19,1,3128.4,33,1,3128.5,200,2,3128.6,56,2
2031,2026-06-16 10:49:34+05:30,3127.9,1,3131.39,1142327,132201.0,207998.0,3163.0,3163.0,3108.0,3134.3,31869200,3447.7,2820.9,3839.9,2896.0,3127.8,185,5,3127.6,3,1,3127.3,61,2,3127.0,52,3,3126.9,57,4,3127.9,32,3,3128.3,19,1,3128.4,33,1,3128.5,200,2,3128.6,56,2
2031,2026-06-16 10:49:35+05:30,3127.9,1,3131.39,1142327,132201.0,207998.0,3163.0,3163.0,3108.0,3134.3,31869200,3447.7,2820.9,3839.9,2896.0,3127.8,185,5,3127.6,3,1,3127.3,61,2,3127.0,52,3,3126.9,57,4,3127.9,32,3,3128.3,19,1,3128.4,33,1,3128.5,200,2,3128.6,56,2
2031,2026-06-16 10:49:35+05:30,3127.8,6,3131.39,1142327,132201.0,207998.0,3163.0,3163.0,3108.0,3134.3,31869200,3447.7,2820.9,3839.9,2896.0,3127.8,185,5,3127.6,3,1,3127.3,61,2,3127.0,52,3,3126.9,57,4,3127.9,32,3,3128.3,19,1,3128.4,33,1,3128.5,200,2,3128.6,56,2
2031,2026-06-16 10:49:36+05:30,3127.8,6,3131.39,1142395,132238.0,208374.0,3163.0,3163.0,3108.0,3134.3,31869200,3447.7,2820.9,3839.9,2896.0,3127.8,179,5,3127.6,3,1,3127.3,61,2,3127.0,52,3,3126.9,78,5,3128.4,175,1,3128.5,44,2,3128.6,33,1,3128.7,249,3,3128.8,83,3
2031,2026-06-16 10:49:36+05:30,3127.8,42,3131.39,1142395,132238.0,208374.0,3163.0,3163.0,3108.0,3134.3,31869200,3447.7,2820.9,3839.9,2896.0,3127.8,179,5,3127.6,3,1,3127.3,61,2,3127.0,52,3,3126.9,78,5,3128.4,175,1,3128.5,44,2,3128.6,33,1,3128.7,249,3,3128.8,83,3
2031,2026-06-16 10:49:36+05:30,3127.8,42,3131.39,1142395,132238.0,208374.0,3163.0,3163.0,3108.0,3134.3,31869200,3447.7,2820.9,3839.9,2896.0,3127.8,179,5,3127.6,3,1,3127.3,61,2,3127.0,52,3,3126.9,78,5,3128.4,175,1,3128.5,44,2,3128.6,33,1,3128.7,249,3,3128.8,83,3
2031,2026-06-16 10:49:37+05:30,3129.2,8,3131.39,1143542,132307.0,207603.0,3163.0,3163.0,3108.0,3134.3,31869200,3447.7,2820.9,3839.9,2896.0,3127.9,12,1,3127.8,169,7,3127.6,3,1,3127.3,61,2,3127.2,64,1,3129.0,200,1,3129.1,159,7,3129.2,86,3,3129.3,107,4,3129.4,116,5
2031,2026-06-16 10:49:37+05:30,3129.2,8,3131.39,1143542,132307.0,207603.0,3163.0,3163.0,3108.0,3134.3,31869200,3447.7,2820.9,3839.9,2896.0,3127.9,12,1,3127.8,169,7,3127.6,3,1,3127.3,61,2,3127.2,64,1,3129.0,200,1,3129.1,159,7,3129.2,86,3,3129.3,107,4,3129.4,116,5
2031,2026-06-16 10:49:38+05:30,3129.2,8,3131.39,1143542,132300.0,208362.0,3163.0,3163.0,3108.0,3134.3,31869200,3447.7,2820.9,3839.9,2896.0,3127.8,157,6,3127.6,3,1,3127.3,61,2,3127.1,103,3,3127.0,51,2,3128.8,200,1,3128.9,203,4,3129.0,87,3,3129.1,147,6,3129.2,165,6
2031,2026-06-16 10:49:38+05:30,3129.2,8,3131.39,1143542,132300.0,208362.0,3163.0,3163.0,3108.0,3134.3,31869200,3447.7,2820.9,3839.9,2896.0,3127.8,157,6,3127.6,3,1,3127.3,61,2,3127.1,103,3,3127.0,51,2,3128.8,200,1,3128.9,203,4,3129.0,87,3,3129.1,147,6,3129.2,165,6
2031,2026-06-16 10:49:38+05:30,3128.6,10,3131.39,1143542,132300.0,208362.0,3163.0,3163.0,3108.0,3134.3,31869200,3447.7,2820.9,3839.9,2896.0,3127.8,157,6,3127.6,3,1,3127.3,61,2,3127.1,103,3,3127.0,51,2,3128.8,200,1,3128.9,203,4,3129.0,87,3,3129.1,147,6,3129.2,165,6
2031,2026-06-16 10:49:39+05:30,3128.6,10,3131.39,1143552,132238.0,208797.0,3163.0,3163.0,3108.0,3134.3,31869200,3447.7,2820.9,3839.9,2896.0,3127.8,157,6,3127.6,3,1,3127.3,15,1,3127.1,18,1,3127.0,51,2,3128.6,190,1,3128.7,196,4,3128.8,72,4,3128.9,398,4,3129.0,267,8
2031,2026-06-16 10:49:39+05:30,3128.4,17,3131.39,1143552,132238.0,208797.0,3163.0,3163.0,3108.0,3134.3,31869200,3447.7,2820.9,3839.9,2896.0,3127.8,157,6,3127.6,3,1,3127.3,15,1,3127.1,18,1,3127.0,51,2,3128.6,190,1,3128.7,196,4,3128.8,72,4,3128.9,398,4,3129.0,267,8
2031,2026-06-16 10:49:39+05:30,3128.4,17,3131.39,1143552,132238.0,208797.0,3163.0,3163.0,3108.0,3134.3,31869200,3447.7,2820.9,3839.9,2896.0,3127.8,157,6,3127.6,3,1,3127.3,15,1,3127.1,18,1,3127.0,51,2,3128.6,190,1,3128.7,196,4,3128.8,72,4,3128.9,398,4,3129.0,267,8
2031,2026-06-16 10:49:40+05:30,3128.4,17,3131.39,1143726,132017.0,209288.0,3163.0,3163.0,3108.0,3134.3,31869200,3447.7,2820.9,3839.9,2896.0,3127.8,107,5,3127.6,3,1,3127.3,15,1,3127.0,1,1,3126.9,37,3,3128.3,190,1,3128.4,114,2,3128.5,74,5,3128.6,305,4,3128.7,141,2
2031,2026-06-16 10:49:40+05:30,3128.3,6,3131.39,1143726,132017.0,209288.0,3163.0,3163.0,3108.0,3134.3,31869200,3447.7,2820.9,3839.9,2896.0,3127.8,107,5,3127.6,3,1,3127.3,15,1,3127.0,1,1,3126.9,37,3,3128.3,190,1,3128.4,114,2,3128.5,74,5,3128.6,305,4,3128.7,141,2
2031,2026-06-16 10:49:41+05:30,3128.3,1,3131.39,1143846,131705.0,209511.0,3163.0,3163.0,3108.0,3134.3,31869200,3447.7,2820.9,3839.9,2896.0,3127.8,43,3,3127.6,3,1,3127.3,15,1,3127.1,17,1,3127.0,51,2,3128.3,61,2,3128.4,303,3,3128.5,26,2,3128.6,255,3,3128.7,79,2
2031,2026-06-16 10:49:41+05:30,3128.3,1,3131.39,1143846,131705.0,209511.0,3163.0,3163.0,3108.0,3134.3,31869200,3447.7,2820.9,3839.9,2896.0,3127.8,43,3,3127.6,3,1,3127.3,15,1,3127.1,17,1,3127.0,51,2,3128.3,61,2,3128.4,303,3,3128.5,26,2,3128.6,255,3,3128.7,79,2
2031,2026-06-16 10:49:41+05:30,3127.8,18,3131.39,1143846,131705.0,209511.0,3163.0,3163.0,3108.0,3134.3,31869200,3447.7,2820.9,3839.9,2896.0,3127.8,43,3,3127.6,3,1,3127.3,15,1,3127.1,17,1,3127.0,51,2,3128.3,61,2,3128.4,303,3,3128.5,26,2,3128.6,255,3,3128.7,79,2
2031,2026-06-16 10:49:42+05:30,3127.8,18,3131.39,1143882,131717.0,209092.0,3163.0,3163.0,3108.0,3134.3,31869200,3447.7,2820.9,3839.9,2896.0,3127.8,30,3,3127.6,3,1,3127.3,15,1,3127.1,17,1,3127.0,73,3,3128.3,113,4,3128.4,95,1,3128.5,215,3,3128.6,54,2,3128.7,279,3
2031,2026-06-16 10:49:42+05:30,3127.8,18,3131.39,1143882,131717.0,209092.0,3163.0,3163.0,3108.0,3134.3,31869200,3447.7,2820.9,3839.9,2896.0,3127.8,30,3,3127.6,3,1,3127.3,15,1,3127.1,17,1,3127.0,73,3,3128.3,113,4,3128.4,95,1,3128.5,215,3,3128.6,54,2,3128.7,279,3
2031,2026-06-16 10:49:43+05:30,3127.8,3,3131.39,1143902,131714.0,209013.0,3163.0,3163.0,3108.0,3134.3,31869200,3447.7,2820.9,3839.9,2896.0,3127.8,27,3,3127.6,3,1,3127.3,15,1,3127.1,17,1,3127.0,73,3,3128.3,96,4,3128.4,115,2,3128.5,238,4,3128.6,54,2,3128.7,279,3
2031,2026-06-16 10:49:43+05:30,3127.8,3,3131.39,1143902,131714.0,209013.0,3163.0,3163.0,3108.0,3134.3,31869200,3447.7,2820.9,3839.9,2896.0,3127.8,27,3,3127.6,3,1,3127.3,15,1,3127.1,17,1,3127.0,73,3,3128.3,96,4,3128.4,115,2,3128.5,238,4,3128.6,54,2,3128.7,279,3
2031,2026-06-16 10:49:43+05:30,3127.9,26,3131.39,1143902,131714.0,209013.0,3163.0,3163.0,3108.0,3134.3,31869200,3447.7,2820.9,3839.9,2896.0,3127.8,27,3,3127.6,3,1,3127.3,15,1,3127.1,17,1,3127.0,73,3,3128.3,96,4,3128.4,115,2,3128.5,238,4,3128.6,54,2,3128.7,279,3
2031,2026-06-16 10:49:43+05:30,3127.9,26,3131.39,1143902,131714.0,209013.0,3163.0,3163.0,3108.0,3134.3,31869200,3447.7,2820.9,3839.9,2896.0,3127.8,27,3,3127.6,3,1,3127.3,15,1,3127.1,17,1,3127.0,73,3,3128.3,96,4,3128.4,115,2,3128.5,238,4,3128.6,54,2,3128.7,279,3
2031,2026-06-16 10:49:44+05:30,3127.9,26,3131.39,1143928,131680.0,209455.0,3163.0,3163.0,3108.0,3134.3,31869200,3447.7,2820.9,3839.9,2896.0,3127.9,26,1,3127.8,27,3,3127.6,3,1,3127.3,15,1,3127.1,17,1,3128.3,77,3,3128.4,114,2,3128.5,216,4,3128.6,80,3,3128.7,229,2
2031,2026-06-16 10:49:44+05:30,3127.9,26,3131.39,1143928,131680.0,209455.0,3163.0,3163.0,3108.0,3134.3,31869200,3447.7,2820.9,3839.9,2896.0,3127.9,26,1,3127.8,27,3,3127.6,3,1,3127.3,15,1,3127.1,17,1,3128.3,77,3,3128.4,114,2,3128.5,216,4,3128.6,80,3,3128.7,229,2
2031,2026-06-16 10:49:45+05:30,3127.9,26,3131.39,1143928,131876.0,209324.0,3163.0,3163.0,3108.0,3134.3,31869200,3447.7,2820.9,3839.9,2896.0,3127.9,26,1,3127.8,27,3,3127.6,3,1,3127.3,65,2,3127.1,17,1,3128.3,77,3,3128.4,95,1,3128.5,214,3,3128.6,61,2,3128.7,229,2
2031,2026-06-16 10:49:45+05:30,3127.9,26,3131.39,1143928,131876.0,209324.0,3163.0,3163.0,3108.0,3134.3,31869200,3447.7,2820.9,3839.9,2896.0,3127.9,26,1,3127.8,27,3,3127.6,3,1,3127.3,65,2,3127.1,17,1,3128.3,77,3,3128.4,95,1,3128.5,214,3,3128.6,61,2,3128.7,229,2
2031,2026-06-16 10:49:45+05:30,3128.3,1,3131.39,1143928,131876.0,209324.0,3163.0,3163.0,3108.0,3134.3,31869200,3447.7,2820.9,3839.9,2896.0,3127.9,26,1,3127.8,27,3,3127.6,3,1,3127.3,65,2,3127.1,17,1,3128.3,77,3,3128.4,95,1,3128.5,214,3,3128.6,61,2,3128.7,229,2
2031,2026-06-16 10:49:46+05:30,3127.9,18,3131.39,1143979,131460.0,209018.0,3163.0,3163.0,3108.0,3134.3,31869200,3447.7,2820.9,3839.9,2896.0,3127.9,9,2,3127.8,27,3,3127.6,3,1,3127.3,15,1,3127.2,16,1,3128.3,99,4,3128.4,95,1,3128.5,44,3,3128.6,26,1,3128.7,189,1
2031,2026-06-16 10:49:46+05:30,3127.9,18,3131.39,1143979,131460.0,209018.0,3163.0,3163.0,3108.0,3134.3,31869200,3447.7,2820.9,3839.9,2896.0,3127.9,9,2,3127.8,27,3,3127.6,3,1,3127.3,15,1,3127.2,16,1,3128.3,99,4,3128.4,95,1,3128.5,44,3,3128.6,26,1,3128.7,189,1
2031,2026-06-16 10:49:46+05:30,3127.9,18,3131.39,1143979,131460.0,209018.0,3163.0,3163.0,3108.0,3134.3,31869200,3447.7,2820.9,3839.9,2896.0,3127.9,9,2,3127.8,27,3,3127.6,3,1,3127.3,15,1,3127.2,16,1,3128.3,99,4,3128.4,95,1,3128.5,44,3,3128.6,26,1,3128.7,189,1
2031,2026-06-16 10:49:46+05:30,3127.9,18,3131.39,1143979,131460.0,209018.0,3163.0,3163.0,3108.0,3134.3,31869200,3447.7,2820.9,3839.9,2896.0,3127.9,9,2,3127.8,27,3,3127.6,3,1,3127.3,15,1,3127.2,16,1,3128.3,99,4,3128.4,95,1,3128.5,44,3,3128.6,26,1,3128.7,189,1
2031,2026-06-16 10:49:47+05:30,3127.9,18,3131.39,1143979,131551.0,209035.0,3163.0,3163.0,3108.0,3134.3,31869200,3447.7,2820.9,3839.9,2896.0,3127.9,9,2,3127.8,27,3,3127.6,3,1,3127.3,15,1,3127.2,16,1,3128.3,124,5,3128.4,95,1,3128.5,44,3,3128.6,215,2,3128.7,34,1
2031,2026-06-16 10:49:47+05:30,3128.3,1,3131.39,1143979,131551.0,209035.0,3163.0,3163.0,3108.0,3134.3,31869200,3447.7,2820.9,3839.9,2896.0,3127.9,9,2,3127.8,27,3,3127.6,3,1,3127.3,15,1,3127.2,16,1,3128.3,124,5,3128.4,95,1,3128.5,44,3,3128.6,215,2,3128.7,34,1
2031,2026-06-16 10:49:47+05:30,3128.3,1,3131.39,1143979,131551.0,209035.0,3163.0,3163.0,3108.0,3134.3,31869200,3447.7,2820.9,3839.9,2896.0,3127.9,9,2,3127.8,27,3,3127.6,3,1,3127.3,15,1,3127.2,16,1,3128.3,124,5,3128.4,95,1,3128.5,44,3,3128.6,215,2,3128.7,34,1
2031,2026-06-16 10:49:48+05:30,3128.3,17,3131.39,1143997,132078.0,208997.0,3163.0,3163.0,3108.0,3134.3,31869200,3447.7,2820.9,3839.9,2896.0,3127.9,9,2,3127.8,27,3,3127.6,3,1,3127.3,65,2,3127.2,33,2,3128.3,106,4,3128.4,95,1,3128.5,25,2,3128.6,215,2,3128.7,34,1
2031,2026-06-16 10:49:48+05:30,3128.3,17,3131.39,1143997,132078.0,208997.0,3163.0,3163.0,3108.0,3134.3,31869200,3447.7,2820.9,3839.9,2896.0,3127.9,9,2,3127.8,27,3,3127.6,3,1,3127.3,65,2,3127.2,33,2,3128.3,106,4,3128.4,95,1,3128.5,25,2,3128.6,215,2,3128.7,34,1
2031,2026-06-16 10:49:48+05:30,3127.8,3,3131.39,1143997,132078.0,208997.0,3163.0,3163.0,3108.0,3134.3,31869200,3447.7,2820.9,3839.9,2896.0,3127.9,9,2,3127.8,27,3,3127.6,3,1,3127.3,65,2,3127.2,33,2,3128.3,106,4,3128.4,95,1,3128.5,25,2,3128.6,215,2,3128.7,34,1
2031,2026-06-16 10:49:49+05:30,3127.8,3,3131.38,1144215,131830.0,209746.0,3163.0,3163.0,3108.0,3134.3,31869200,3447.7,2820.9,3839.9,2896.0,3128.0,10,1,3127.9,1,1,3127.8,24,3,3127.6,3,1,3127.3,15,1,3128.2,16,1,3128.3,288,5,3128.4,114,2,3128.5,225,3,3128.6,52,2
2031,2026-06-16 10:49:49+05:30,3127.8,3,3131.38,1144215,131830.0,209746.0,3163.0,3163.0,3108.0,3134.3,31871600,3447.7,2820.9,3839.9,2896.0,3128.0,10,1,3127.9,1,1,3127.8,24,3,3127.6,3,1,3127.3,15,1,3128.2,16,1,3128.3,288,5,3128.4,114,2,3128.5,225,3,3128.6,52,2
2031,2026-06-16 10:49:49+05:30,3128.0,10,3131.38,1144215,131830.0,209746.0,3163.0,3163.0,3108.0,3134.3,31871600,3447.7,2820.9,3839.9,2896.0,3128.0,10,1,3127.9,1,1,3127.8,24,3,3127.6,3,1,3127.3,15,1,3128.2,16,1,3128.3,288,5,3128.4,114,2,3128.5,225,3,3128.6,52,2
2031,2026-06-16 10:49:50+05:30,3128.0,20,3131.38,1144261,132089.0,208821.0,3163.0,3163.0,3108.0,3134.3,31871600,3447.7,2820.9,3839.9,2896.0,3127.9,25,2,3127.8,24,3,3127.6,3,1,3127.4,17,1,3127.3,56,4,3128.2,16,1,3128.3,99,4,3128.4,64,1,3128.5,25,2,3128.6,189,1
2031,2026-06-16 10:49:50+05:30,3128.0,20,3131.38,1144261,132089.0,208821.0,3163.0,3163.0,3108.0,3134.3,31871600,3447.7,2820.9,3839.9,2896.0,3127.9,25,2,3127.8,24,3,3127.6,3,1,3127.4,17,1,3127.3,56,4,3128.2,16,1,3128.3,99,4,3128.4,64,1,3128.5,25,2,3128.6,189,1
2031,2026-06-16 10:49:51+05:30,3128.2,1,3131.38,1144263,132051.0,209008.0,3163.0,3163.0,3108.0,3134.3,31871600,3447.7,2820.9,3839.9,2896.0,3127.9,25,2,3127.8,24,3,3127.6,3,1,3127.3,15,1,3127.2,17,1,3128.2,49,4,3128.3,74,3,3128.4,83,2,3128.5,25,2,3128.6,208,2
2031,2026-06-16 10:49:51+05:30,3128.2,1,3131.38,1144263,132051.0,209008.0,3163.0,3163.0,3108.0,3134.3,31871600,3447.7,2820.9,3839.9,2896.0,3127.9,25,2,3127.8,24,3,3127.6,3,1,3127.3,15,1,3127.2,17,1,3128.2,49,4,3128.3,74,3,3128.4,83,2,3128.5,25,2,3128.6,208,2
2031,2026-06-16 10:49:52+05:30,3128.2,1,3131.38,1144263,132076.0,209793.0,3163.0,3163.0,3108.0,3134.3,31871600,3447.7,2820.9,3839.9,2896.0,3127.9,25,2,3127.8,24,3,3127.6,3,1,3127.3,15,1,3127.2,17,1,3128.2,63,5,3128.3,74,3,3128.4,272,3,3128.5,1,1,3128.6,253,3
2031,2026-06-16 10:49:52+05:30,3127.9,24,3131.38,1144263,132076.0,209793.0,3163.0,3163.0,3108.0,3134.3,31871600,3447.7,2820.9,3839.9,2896.0,3127.9,25,2,3127.8,24,3,3127.6,3,1,3127.3,15,1,3127.2,17,1,3128.2,63,5,3128.3,74,3,3128.4,272,3,3128.5,1,1,3128.6,253,3
2031,2026-06-16 10:49:53+05:30,3127.9,24,3131.38,1144329,131599.0,210008.0,3163.0,3163.0,3108.0,3134.3,31871600,3447.7,2820.9,3839.9,2896.0,3127.9,24,1,3127.8,9,2,3127.6,3,1,3127.3,15,1,3127.0,18,2,3128.1,12,1,3128.2,293,9,3128.3,43,3,3128.4,317,4,3128.5,21,2
2031,2026-06-16 10:49:53+05:30,3127.9,24,3131.38,1144329,131599.0,210008.0,3163.0,3163.0,3108.0,3134.3,31871600,3447.7,2820.9,3839.9,2896.0,3127.9,24,1,3127.8,9,2,3127.6,3,1,3127.3,15,1,3127.0,18,2,3128.1,12,1,3128.2,293,9,3128.3,43,3,3128.4,317,4,3128.5,21,2
2031,2026-06-16 10:49:54+05:30,3128.1,1,3131.38,1144405,132113.0,208942.0,3163.0,3163.0,3108.0,3134.3,31871600,3447.7,2820.9,3839.9,2896.0,3127.9,24,1,3127.8,9,2,3127.6,18,2,3127.0,68,3,3126.9,283,6,3128.2,63,5,3128.3,43,3,3128.4,64,1,3128.5,1,1,3128.6,208,2
2031,2026-06-16 10:49:54+05:30,3128.1,1,3131.38,1144405,132113.0,208942.0,3163.0,3163.0,3108.0,3134.3,31871600,3447.7,2820.9,3839.9,2896.0,3127.9,24,1,3127.8,9,2,3127.6,18,2,3127.0,68,3,3126.9,283,6,3128.2,63,5,3128.3,43,3,3128.4,64,1,3128.5,1,1,3128.6,208,2
2031,2026-06-16 10:49:55+05:30,3128.2,9,3131.38,1144414,131975.0,209745.0,3163.0,3163.0,3108.0,3134.3,31871600,3447.7,2820.9,3839.9,2896.0,3128.1,1,1,3127.9,24,1,3127.8,9,2,3127.6,18,2,3127.0,68,3,3128.2,91,5,3128.3,46,3,3128.4,64,1,3128.5,190,2,3128.6,19,1
2031,2026-06-16 10:49:55+05:30,3128.2,9,3131.38,1144414,131975.0,209745.0,3163.0,3163.0,3108.0,3134.3,31871600,3447.7,2820.9,3839.9,2896.0,3128.1,1,1,3127.9,24,1,3127.8,9,2,3127.6,18,2,3127.0,68,3,3128.2,91,5,3128.3,46,3,3128.4,64,1,3128.5,190,2,3128.6,19,1
2031,2026-06-16 10:49:56+05:30,3128.1,1,3131.38,1144795,130995.0,209418.0,3163.0,3163.0,3108.0,3134.3,31871600,3447.7,2820.9,3839.9,2896.0,3126.9,50,5,3126.8,374,4,3126.7,69,4,3126.6,60,4,3126.5,85,4,3128.0,18,1,3128.1,256,3,3128.2,112,6,3128.3,225,2,3128.4,64,1
2031,2026-06-16 10:49:56+05:30,3128.1,1,3131.38,1144795,130995.0,209418.0,3163.0,3163.0,3108.0,3134.3,31871600,3447.7,2820.9,3839.9,2896.0,3126.9,50,5,3126.8,374,4,3126.7,69,4,3126.6,60,4,3126.5,85,4,3128.0,18,1,3128.1,256,3,3128.2,112,6,3128.3,225,2,3128.4,64,1
2031,2026-06-16 10:49:57+05:30,3128.1,1,3131.38,1144795,130880.0,209419.0,3163.0,3163.0,3108.0,3134.3,31871600,3447.7,2820.9,3839.9,2896.0,3126.9,50,5,3126.8,357,3,3126.7,93,5,3126.6,61,5,3126.5,85,4,3128.0,75,2,3128.1,286,4,3128.2,112,6,3128.3,225,2,3128.4,5,1
2031,2026-06-16 10:49:58+05:30,3128.2,5,3131.38,1144908,131657.0,209952.0,3163.0,3163.0,3108.0,3134.3,31871600,3447.7,2820.9,3839.9,2896.0,3127.0,78,5,3126.9,90,6,3126.8,495,7,3126.7,69,4,3126.6,61,5,3128.0,29,1,3128.2,61,3,3128.3,25,1,3128.4,189,1,3128.5,1,1
2031,2026-06-16 10:49:58+05:30,3128.2,5,3131.38,1144908,131657.0,209952.0,3163.0,3163.0,3108.0,3134.3,31871600,3447.7,2820.9,3839.9,2896.0,3127.0,78,5,3126.9,90,6,3126.8,495,7,3126.7,69,4,3126.6,61,5,3128.0,29,1,3128.2,61,3,3128.3,25,1,3128.4,189,1,3128.5,1,1
2031,2026-06-16 10:49:59+05:30,3128.0,1,3131.38,1144908,131657.0,209952.0,3163.0,3163.0,3108.0,3134.3,31871600,3447.7,2820.9,3839.9,2896.0,3127.0,78,5,3126.9,90,6,3126.8,495,7,3126.7,69,4,3126.6,61,5,3128.0,29,1,3128.2,61,3,3128.3,25,1,3128.4,189,1,3128.5,1,1
2031,2026-06-16 10:49:59+05:30,3128.0,1,3131.38,1144971,131669.0,209808.0,3163.0,3163.0,3108.0,3134.3,31871600,3447.7,2820.9,3839.9,2896.0,3127.0,84,4,3126.9,87,6,3126.8,495,7,3126.7,79,4,3126.6,150,7,3128.0,13,1,3128.2,61,3,3128.3,25,1,3128.4,220,2,3128.5,1,1
2031,2026-06-16 10:50:00+05:30,3128.0,1,3131.38,1144971,131669.0,209808.0,3163.0,3163.0,3108.0,3134.3,31871600,3447.7,2820.9,3839.9,2896.0,3127.0,84,4,3126.9,87,6,3126.8,495,7,3126.7,79,4,3126.6,150,7,3128.0,13,1,3128.2,61,3,3128.3,25,1,3128.4,220,2,3128.5,1,1
2031,2026-06-16 10:50:00+05:30,3128.0,1,3131.38,1144973,131743.0,208058.0,3163.0,3163.0,3108.0,3134.3,31871600,3447.7,2820.9,3839.9,2896.0,3127.5,2,2,3127.0,59,5,3126.9,75,5,3126.8,478,6,3126.7,75,4,3128.0,28,4,3128.2,61,3,3128.3,214,2,3128.4,31,1,3128.5,251,3
2031,2026-06-16 10:50:01+05:30,3128.0,1,3131.38,1144973,131743.0,208058.0,3163.0,3163.0,3108.0,3134.3,31871600,3447.7,2820.9,3839.9,2896.0,3127.5,2,2,3127.0,59,5,3126.9,75,5,3126.8,478,6,3126.7,75,4,3128.0,28,4,3128.2,61,3,3128.3,214,2,3128.4,31,1,3128.5,251,3
2031,2026-06-16 10:50:01+05:30,3128.0,1,3131.38,1144974,131666.0,209838.0,3163.0,3163.0,3108.0,3134.3,31871600,3447.7,2820.9,3839.9,2896.0,3127.5,45,3,3127.3,17,1,3127.2,17,1,3127.1,5,1,3127.0,161,8,3128.0,53,5,3128.2,61,3,3128.3,25,1,3128.4,31,1,3128.5,1,1
2031,2026-06-16 10:50:02+05:30,3128.0,1,3131.38,1144974,131608.0,209922.0,3163.0,3163.0,3108.0,3134.3,31871600,3447.7,2820.9,3839.9,2896.0,3127.5,45,3,3127.3,17,1,3127.2,17,1,3127.1,27,2,3127.0,116,6,3128.0,133,8,3128.2,60,2,3128.3,25,1,3128.4,31,1,3128.5,1,1
2031,2026-06-16 10:50:03+05:30,3127.6,23,3131.38,1144974,131608.0,209922.0,3163.0,3163.0,3108.0,3134.3,31871600,3447.7,2820.9,3839.9,2896.0,3127.5,45,3,3127.3,17,1,3127.2,17,1,3127.1,27,2,3127.0,116,6,3128.0,133,8,3128.2,60,2,3128.3,25,1,3128.4,31,1,3128.5,1,1
2031,2026-06-16 10:50:03+05:30,3127.6,23,3131.38,1145186,131605.0,209056.0,3163.0,3163.0,3108.0,3134.3,31871600,3447.7,2820.9,3839.9,2896.0,3127.5,45,3,3127.1,17,1,3127.0,51,4,3126.9,9,3,3126.8,324,3,3127.7,177,1,3127.8,200,1,3128.0,118,7,3128.2,61,3,3128.3,195,2
2031,2026-06-16 10:50:04+05:30,3127.5,29,3131.38,1145186,131605.0,209056.0,3163.0,3163.0,3108.0,3134.3,31871600,3447.7,2820.9,3839.9,2896.0,3127.5,45,3,3127.1,17,1,3127.0,51,4,3126.9,9,3,3126.8,324,3,3127.7,177,1,3127.8,200,1,3128.0,118,7,3128.2,61,3,3128.3,195,2
2031,2026-06-16 10:50:04+05:30,3127.5,29,3131.38,1145217,131617.0,211566.0,3163.0,3163.0,3108.0,3134.3,31871600,3447.7,2820.9,3839.9,2896.0,3127.5,16,3,3127.1,17,1,3127.0,51,4,3126.9,24,4,3126.8,324,3,3127.6,177,1,3127.7,36,3,3127.8,237,2,3128.0,107,5,3128.2,61,3
2031,2026-06-16 10:50:05+05:30,3127.0,32,3131.38,1145217,131617.0,211566.0,3163.0,3163.0,3108.0,3134.3,31871600,3447.7,2820.9,3839.9,2896.0,3127.5,16,3,3127.1,17,1,3127.0,51,4,3126.9,24,4,3126.8,324,3,3127.6,177,1,3127.7,36,3,3127.8,237,2,3128.0,107,5,3128.2,61,3
2031,2026-06-16 10:50:05+05:30,3127.0,32,3131.38,1145275,131321.0,211146.0,3163.0,3163.0,3108.0,3134.3,31871600,3447.7,2820.9,3839.9,2896.0,3127.0,9,3,3126.9,17,3,3126.8,300,1,3126.7,44,3,3126.6,34,4,3127.5,20,2,3127.6,205,4,3127.7,35,2,3127.8,237,2,3128.0,107,5
2031,2026-06-16 10:50:06+05:30,3127.5,7,3131.38,1145275,131321.0,211146.0,3163.0,3163.0,3108.0,3134.3,31871600,3447.7,2820.9,3839.9,2896.0,3127.0,9,3,3126.9,17,3,3126.8,300,1,3126.7,44,3,3126.6,34,4,3127.5,20,2,3127.6,205,4,3127.7,35,2,3127.8,237,2,3128.0,107,5
2031,2026-06-16 10:50:06+05:30,3127.5,1,3131.38,1145284,130891.0,210395.0,3163.0,3163.0,3108.0,3134.3,31871600,3447.7,2820.9,3839.9,2896.0,3127.0,9,3,3126.9,17,3,3126.8,300,1,3126.7,93,5,3126.6,17,3,3127.5,49,3,3127.6,224,5,3127.7,35,2,3127.8,200,1,3128.0,82,4
2031,2026-06-16 10:50:07+05:30,3127.0,2,3131.38,1145284,130891.0,210395.0,3163.0,3163.0,3108.0,3134.3,31871600,3447.7,2820.9,3839.9,2896.0,3127.0,9,3,3126.9,17,3,3126.8,300,1,3126.7,93,5,3126.6,17,3,3127.5,49,3,3127.6,224,5,3127.7,35,2,3127.8,200,1,3128.0,82,4
2031,2026-06-16 10:50:08+05:30,3127.0,2,3131.38,1145290,130961.0,210619.0,3163.0,3163.0,3108.0,3134.3,31871600,3447.7,2820.9,3839.9,2896.0,3127.0,27,3,3126.9,17,3,3126.8,367,3,3126.7,44,3,3126.6,34,4,3127.5,78,4,3127.6,198,3,3127.7,25,1,3127.8,230,2,3128.0,82,4
2031,2026-06-16 10:50:09+05:30,3127.0,2,3131.38,1145290,130906.0,210790.0,3163.0,3163.0,3108.0,3134.3,31871600,3447.7,2820.9,3839.9,2896.0,3127.0,102,5,3126.9,17,3,3126.8,367,3,3126.7,44,3,3126.6,51,5,3127.3,1,1,3127.5,98,5,3127.6,198,3,3127.7,25,1,3127.8,230,2
2031,2026-06-16 10:50:09+05:30,3127.0,16,3131.38,1145290,130906.0,210790.0,3163.0,3163.0,3108.0,3134.3,31871600,3447.7,2820.9,3839.9,2896.0,3127.0,102,5,3126.9,17,3,3126.8,367,3,3126.7,44,3,3126.6,51,5,3127.3,1,1,3127.5,98,5,3127.6,198,3,3127.7,25,1,3127.8,230,2
2031,2026-06-16 10:50:10+05:30,3127.0,5,3131.38,1145695,130994.0,211045.0,3163.0,3163.0,3108.0,3134.3,31871600,3447.7,2820.9,3839.9,2896.0,3127.0,8,3,3126.9,24,4,3126.8,300,1,3126.7,44,3,3126.6,55,5,3127.3,1,1,3127.6,101,2,3127.7,25,1,3127.8,230,2,3128.0,81,3
2031,2026-06-16 10:50:10+05:30,3127.3,2,3131.38,1145695,130994.0,211045.0,3163.0,3163.0,3108.0,3134.3,31871600,3447.7,2820.9,3839.9,2896.0,3127.0,8,3,3126.9,24,4,3126.8,300,1,3126.7,44,3,3126.6,55,5,3127.3,1,1,3127.6,101,2,3127.7,25,1,3127.8,230,2,3128.0,81,3
2031,2026-06-16 10:50:11+05:30,3127.3,2,3131.38,1145698,130842.0,210717.0,3163.0,3163.0,3108.0,3134.3,31871600,3447.7,2820.9,3839.9,2896.0,3127.0,7,2,3126.9,24,4,3126.8,300,1,3126.7,44,3,3126.6,34,4,3127.3,28,1,3127.6,119,3,3127.7,25,1,3127.8,230,2,3128.0,81,3
2031,2026-06-16 10:50:12+05:30,3127.3,1,3131.38,1145741,130693.0,211152.0,3163.0,3163.0,3108.0,3134.3,31871600,3447.7,2820.9,3839.9,2896.0,3127.0,21,2,3126.9,17,3,3126.8,300,1,3126.7,32,2,3126.6,4,2,3127.3,27,1,3127.6,146,4,3127.7,25,1,3127.8,233,3,3128.0,150,5
2031,2026-06-16 10:50:12+05:30,3127.3,1,3131.38,1145741,130693.0,211152.0,3163.0,3163.0,3108.0,3134.3,31871600,3447.7,2820.9,3839.9,2896.0,3127.0,21,2,3126.9,17,3,3126.8,300,1,3126.7,32,2,3126.6,4,2,3127.3,27,1,3127.6,146,4,3127.7,25,1,3127.8,233,3,3128.0,150,5
2031,2026-06-16 10:50:13+05:30,3127.3,1,3131.38,1145741,130804.0,211154.0,3163.0,3163.0,3108.0,3134.3,31871600,3447.7,2820.9,3839.9,2896.0,3127.0,21,2,3126.9,17,3,3126.8,300,1,3126.7,32,2,3126.6,4,2,3127.3,27,1,3127.6,146,4,3127.7,25,1,3127.8,233,3,3128.0,150,5
2031,2026-06-16 10:50:13+05:30,3127.3,1,3131.38,1145741,130804.0,211154.0,3163.0,3163.0,3108.0,3134.3,31871600,3447.7,2820.9,3839.9,2896.0,3127.0,21,2,3126.9,17,3,3126.8,300,1,3126.7,32,2,3126.6,4,2,3127.3,27,1,3127.6,146,4,3127.7,25,1,3127.8,233,3,3128.0,150,5
2031,2026-06-16 10:50:14+05:30,3127.3,1,3131.38,1145742,130827.0,211127.0,3163.0,3163.0,3108.0,3134.3,31871600,3447.7,2820.9,3839.9,2896.0,3127.0,21,2,3126.9,17,3,3126.8,300,1,3126.7,32,2,3126.6,4,2,3127.3,26,1,3127.6,146,4,3127.7,25,1,3127.8,233,3,3128.0,150,5
2031,2026-06-16 10:50:14+05:30,3127.3,1,3131.38,1145742,130827.0,211127.0,3163.0,3163.0,3108.0,3134.3,31871600,3447.7,2820.9,3839.9,2896.0,3127.0,21,2,3126.9,17,3,3126.8,300,1,3126.7,32,2,3126.6,4,2,3127.3,26,1,3127.6,146,4,3127.7,25,1,3127.8,233,3,3128.0,150,5
2031,2026-06-16 10:50:15+05:30,3127.0,17,3131.38,1145818,130891.0,209282.0,3163.0,3163.0,3108.0,3134.3,31871600,3447.7,2820.9,3839.9,2896.0,3127.0,13,2,3126.9,17,3,3126.8,300,1,3126.7,32,2,3126.6,21,3,3127.3,26,2,3127.6,146,4,3127.7,25,1,3127.8,230,2,3128.0,95,3
2031,2026-06-16 10:50:15+05:30,3127.3,2,3131.38,1145818,130891.0,209282.0,3163.0,3163.0,3108.0,3134.3,31871600,3447.7,2820.9,3839.9,2896.0,3127.0,13,2,3126.9,17,3,3126.8,300,1,3126.7,32,2,3126.6,21,3,3127.3,26,2,3127.6,146,4,3127.7,25,1,3127.8,230,2,3128.0,95,3
2031,2026-06-16 10:50:16+05:30,3127.0,17,3131.38,1145856,130961.0,210505.0,3163.0,3163.0,3108.0,3134.3,31871600,3447.7,2820.9,3839.9,2896.0,3127.0,45,5,3126.9,23,4,3126.8,317,2,3126.7,90,6,3126.6,31,4,3127.3,24,2,3127.6,146,4,3127.7,25,1,3127.8,230,2,3128.0,26,1
2031,2026-06-16 10:50:16+05:30,3127.2,19,3131.38,1145856,130961.0,210505.0,3163.0,3163.0,3108.0,3134.3,31871600,3447.7,2820.9,3839.9,2896.0,3127.0,45,5,3126.9,23,4,3126.8,317,2,3126.7,90,6,3126.6,31,4,3127.3,24,2,3127.6,146,4,3127.7,25,1,3127.8,230,2,3128.0,26,1
2031,2026-06-16 10:50:17+05:30,3127.2,19,3131.38,1145875,130420.0,208945.0,3163.0,3163.0,3108.0,3134.3,31871600,3447.7,2820.9,3839.9,2896.0,3127.0,45,5,3126.9,17,3,3126.8,317,2,3126.7,67,5,3126.6,31,4,3127.3,42,3,3127.6,146,4,3127.7,25,1,3127.8,200,1,3128.0,26,1
2031,2026-06-16 10:50:17+05:30,3127.3,1,3131.38,1145875,130420.0,208945.0,3163.0,3163.0,3108.0,3134.3,31871600,3447.7,2820.9,3839.9,2896.0,3127.0,45,5,3126.9,17,3,3126.8,317,2,3126.7,67,5,3126.6,31,4,3127.3,42,3,3127.6,146,4,3127.7,25,1,3127.8,200,1,3128.0,26,1
2031,2026-06-16 10:50:18+05:30,3127.3,1,3131.38,1145876,130309.0,211013.0,3163.0,3163.0,3108.0,3134.3,31871600,3447.7,2820.9,3839.9,2896.0,3127.0,110,6,3126.9,17,3,3126.8,317,2,3126.7,67,5,3126.6,67,5,3127.3,67,4,3127.6,146,4,3127.7,25,1,3127.8,200,1,3128.0,26,1
2031,2026-06-16 10:50:18+05:30,3127.0,19,3131.38,1145876,130309.0,211013.0,3163.0,3163.0,3108.0,3134.3,31871600,3447.7,2820.9,3839.9,2896.0,3127.0,110,6,3126.9,17,3,3126.8,317,2,3126.7,67,5,3126.6,67,5,3127.3,67,4,3127.6,146,4,3127.7,25,1,3127.8,200,1,3128.0,26,1
2031,2026-06-16 10:50:19+05:30,3127.0,19,3131.38,1145918,130270.0,210677.0,3163.0,3163.0,3108.0,3134.3,31871600,3447.7,2820.9,3839.9,2896.0,3127.0,75,4,3126.9,17,3,3126.8,300,1,3126.7,32,2,3126.6,31,4,3127.3,67,4,3127.6,146,4,3127.7,25,1,3127.8,230,2,3128.0,26,1
2031,2026-06-16 10:50:20+05:30,3127.2,17,3131.38,1145918,130270.0,210677.0,3163.0,3163.0,3108.0,3134.3,31871600,3447.7,2820.9,3839.9,2896.0,3127.0,75,4,3126.9,17,3,3126.8,300,1,3126.7,32,2,3126.6,31,4,3127.3,67,4,3127.6,146,4,3127.7,25,1,3127.8,230,2,3128.0,26,1
2031,2026-06-16 10:50:20+05:30,3127.0,4,3131.38,1146265,129693.0,208743.0,3163.0,3163.0,3108.0,3134.3,31871600,3447.7,2820.9,3839.9,2896.0,3126.9,17,3,3126.8,317,2,3126.7,32,2,3126.6,31,4,3126.5,47,4,3127.3,67,4,3127.6,64,3,3127.7,25,1,3128.0,180,2,3128.1,84,2
2031,2026-06-16 10:50:21+05:30,3127.0,4,3131.38,1146265,129693.0,208743.0,3163.0,3163.0,3108.0,3134.3,31871600,3447.7,2820.9,3839.9,2896.0,3126.9,17,3,3126.8,317,2,3126.7,32,2,3126.6,31,4,3126.5,47,4,3127.3,67,4,3127.6,64,3,3127.7,25,1,3128.0,180,2,3128.1,84,2
2031,2026-06-16 10:50:21+05:30,3127.0,4,3131.38,1146265,129776.0,211111.0,3163.0,3163.0,3108.0,3134.3,31871600,3447.7,2820.9,3839.9,2896.0,3126.9,23,4,3126.8,355,3,3126.7,55,3,3126.6,48,5,3126.5,83,5,3127.3,67,4,3127.6,64,3,3127.7,25,1,3127.9,154,1,3128.0,56,2
2031,2026-06-16 10:50:22+05:30,3127.3,1,3131.38,1146266,129792.0,211070.0,3163.0,3163.0,3108.0,3134.3,31871600,3447.7,2820.9,3839.9,2896.0,3126.9,23,4,3126.8,355,3,3126.7,55,3,3126.6,48,5,3126.5,83,5,3127.3,66,4,3127.6,64,3,3127.7,25,1,3127.9,154,1,3128.0,56,2
2031,2026-06-16 10:50:23+05:30,3127.3,1,3131.38,1146266,129792.0,211070.0,3163.0,3163.0,3108.0,3134.3,31871600,3447.7,2820.9,3839.9,2896.0,3126.9,23,4,3126.8,355,3,3126.7,55,3,3126.6,48,5,3126.5,83,5,3127.3,66,4,3127.6,64,3,3127.7,25,1,3127.9,154,1,3128.0,56,2
2031,2026-06-16 10:50:23+05:30,3127.3,1,3131.38,1146266,129952.0,211073.0,3163.0,3163.0,3108.0,3134.3,31871600,3447.7,2820.9,3839.9,2896.0,3126.9,23,4,3126.8,347,2,3126.7,32,2,3126.6,48,5,3126.5,83,5,3127.3,66,4,3127.6,64,3,3127.7,25,1,3127.9,184,2,3128.0,26,1
2031,2026-06-16 10:50:24+05:30,3127.3,1,3131.38,1146266,129994.0,211035.0,3163.0,3163.0,3108.0,3134.3,31871600,3447.7,2820.9,3839.9,2896.0,3127.0,30,1,3126.9,40,5,3126.8,347,2,3126.7,41,3,3126.6,48,5,3127.3,66,4,3127.5,18,1,3127.6,64,3,3127.7,25,1,3127.9,184,2
2031,2026-06-16 10:50:25+05:30,3127.3,1,3131.38,1146266,129980.0,210804.0,3163.0,3163.0,3108.0,3134.3,31871600,3447.7,2820.9,3839.9,2896.0,3127.0,40,3,3126.9,34,4,3126.8,435,5,3126.7,41,3,3126.6,48,5,3127.3,68,5,3127.5,18,1,3127.6,67,4,3127.7,25,1,3128.0,180,2
2031,2026-06-16 10:50:26+05:30,3127.0,2,3131.38,1146266,129980.0,210804.0,3163.0,3163.0,3108.0,3134.3,31871600,3447.7,2820.9,3839.9,2896.0,3127.0,40,3,3126.9,34,4,3126.8,435,5,3126.7,41,3,3126.6,48,5,3127.3,68,5,3127.5,18,1,3127.6,67,4,3127.7,25,1,3128.0,180,2
2031,2026-06-16 10:50:26+05:30,3127.0,2,3131.37,1147308,129916.0,209140.0,3163.0,3163.0,3108.0,3134.3,31871600,3447.7,2820.9,3839.9,2896.0,3127.4,1,1,3127.0,19,2,3126.9,77,6,3126.8,432,5,3126.7,122,5,3128.0,12,1,3128.1,27,3,3128.2,29,3,3128.5,51,2,3128.6,135,4
2031,2026-06-16 10:50:27+05:30,3127.0,2,3131.37,1147308,129953.0,210099.0,3163.0,3163.0,3108.0,3134.3,31871600,3447.7,2820.9,3839.9,2896.0,3127.4,51,2,3127.0,228,3,3126.9,17,3,3126.8,367,3,3126.7,122,5,3127.9,29,2,3128.0,226,4,3128.1,27,3,3128.2,204,2,3128.4,36,1
2031,2026-06-16 10:50:28+05:30,3127.9,1,3131.37,1147308,129953.0,210099.0,3163.0,3163.0,3108.0,3134.3,31871600,3447.7,2820.9,3839.9,2896.0,3127.4,51,2,3127.0,228,3,3126.9,17,3,3126.8,367,3,3126.7,122,5,3127.9,29,2,3128.0,226,4,3128.1,27,3,3128.2,204,2,3128.4,36,1
2031,2026-06-16 10:50:28+05:30,3127.9,60,3131.37,1147434,130167.0,210133.0,3163.0,3163.0,3108.0,3134.3,31871600,3447.7,2820.9,3839.9,2896.0,3127.4,51,2,3127.0,228,3,3126.9,17,3,3126.8,367,3,3126.7,58,4,3127.9,244,3,3128.0,49,3,3128.1,27,3,3128.2,223,3,3128.4,55,2
2031,2026-06-16 10:50:29+05:30,3127.8,1,3131.37,1147434,130167.0,210133.0,3163.0,3163.0,3108.0,3134.3,31871600,3447.7,2820.9,3839.9,2896.0,3127.4,51,2,3127.0,228,3,3126.9,17,3,3126.8,367,3,3126.7,58,4,3127.9,244,3,3128.0,49,3,3128.1,27,3,3128.2,223,3,3128.4,55,2
2031,2026-06-16 10:50:29+05:30,3127.8,1,3131.37,1147440,130356.0,210279.0,3163.0,3163.0,3108.0,3134.3,31871600,3447.7,2820.9,3839.9,2896.0,3127.4,72,2,3127.0,402,3,3126.9,17,3,3126.8,367,3,3126.7,41,3,3127.8,137,1,3127.9,273,5,3128.0,48,2,3128.1,2,1,3128.2,223,3
2031,2026-06-16 10:50:30+05:30,3127.6,1,3131.37,1147440,130356.0,210279.0,3163.0,3163.0,3108.0,3134.3,31871600,3447.7,2820.9,3839.9,2896.0,3127.4,72,2,3127.0,402,3,3126.9,17,3,3126.8,367,3,3126.7,41,3,3127.8,137,1,3127.9,273,5,3128.0,48,2,3128.1,2,1,3128.2,223,3
2031,2026-06-16 10:50:30+05:30,3127.6,1,3131.37,1147443,130104.0,210388.0,3163.0,3163.0,3108.0,3134.3,31871600,3447.7,2820.9,3839.9,2896.0,3127.6,1,1,3127.4,73,3,3127.0,402,3,3126.9,17,3,3126.8,367,3,3127.8,69,2,3127.9,272,4,3128.0,48,2,3128.1,2,1,3128.2,223,3
2031,2026-06-16 10:50:31+05:30,3127.4,11,3131.37,1147443,130104.0,210388.0,3163.0,3163.0,3108.0,3134.3,31871600,3447.7,2820.9,3839.9,2896.0,3127.6,1,1,3127.4,73,3,3127.0,402,3,3126.9,17,3,3126.8,367,3,3127.8,69,2,3127.9,272,4,3128.0,48,2,3128.1,2,1,3128.2,223,3
2031,2026-06-16 10:50:31+05:30,3127.4,11,3131.37,1147704,129986.0,209067.0,3163.0,3163.0,3108.0,3134.3,31871600,3447.7,2820.9,3839.9,2896.0,3127.4,12,2,3127.2,14,1,3127.0,402,3,3126.9,2,2,3126.8,367,3,3127.8,100,4,3127.9,272,4,3128.0,48,2,3128.1,2,1,3128.2,223,3
2031,2026-06-16 10:50:31+05:30,3127.4,11,3131.37,1147704,129986.0,209067.0,3163.0,3163.0,3108.0,3134.3,31871600,3447.7,2820.9,3839.9,2896.0,3127.4,12,2,3127.2,14,1,3127.0,402,3,3126.9,2,2,3126.8,367,3,3127.8,100,4,3127.9,272,4,3128.0,48,2,3128.1,2,1,3128.2,223,3
2031,2026-06-16 10:50:32+05:30,3127.4,11,3131.37,1147704,129972.0,210830.0,3163.0,3163.0,3108.0,3134.3,31871600,3447.7,2820.9,3839.9,2896.0,3127.4,12,2,3127.2,14,1,3127.0,402,3,3126.9,2,2,3126.8,367,3,3127.7,70,2,3127.8,99,4,3127.9,279,5,3128.0,35,1,3128.1,2,1
2031,2026-06-16 10:50:33+05:30,3127.4,11,3131.37,1147704,129972.0,210830.0,3163.0,3163.0,3108.0,3134.3,31871600,3447.7,2820.9,3839.9,2896.0,3127.4,12,2,3127.2,14,1,3127.0,402,3,3126.9,2,2,3126.8,367,3,3127.7,70,2,3127.8,99,4,3127.9,279,5,3128.0,35,1,3128.1,2,1
2031,2026-06-16 10:50:33+05:30,3127.8,42,3131.37,1147704,129972.0,210830.0,3163.0,3163.0,3108.0,3134.3,31871600,3447.7,2820.9,3839.9,2896.0,3127.4,12,2,3127.2,14,1,3127.0,402,3,3126.9,2,2,3126.8,367,3,3127.7,70,2,3127.8,99,4,3127.9,279,5,3128.0,35,1,3128.1,2,1
2031,2026-06-16 10:50:33+05:30,3127.8,42,3131.37,1147965,130831.0,208598.0,3163.0,3163.0,3108.0,3134.3,31871600,3447.7,2820.9,3839.9,2896.0,3127.8,677,4,3127.5,17,1,3127.4,12,2,3127.3,9,1,3127.2,81,3,3127.9,279,5,3128.0,35,1,3128.1,2,1,3128.2,204,2,3128.5,1,1
2031,2026-06-16 10:50:34+05:30,3127.8,42,3131.37,1147965,130888.0,210007.0,3163.0,3163.0,3108.0,3134.3,31871600,3447.7,2820.9,3839.9,2896.0,3127.8,678,5,3127.7,17,1,3127.4,29,3,3127.3,48,3,3127.2,81,3,3127.9,279,5,3128.0,35,1,3128.1,2,1,3128.2,233,3,3128.5,1,1
2031,2026-06-16 10:50:35+05:30,3127.8,42,3131.37,1147965,130888.0,210007.0,3163.0,3163.0,3108.0,3134.3,31871600,3447.7,2820.9,3839.9,2896.0,3127.8,678,5,3127.7,17,1,3127.4,29,3,3127.3,48,3,3127.2,81,3,3127.9,279,5,3128.0,35,1,3128.1,2,1,3128.2,233,3,3128.5,1,1
2031,2026-06-16 10:50:35+05:30,3127.8,6,3131.37,1147965,130888.0,210007.0,3163.0,3163.0,3108.0,3134.3,31871600,3447.7,2820.9,3839.9,2896.0,3127.8,678,5,3127.7,17,1,3127.4,29,3,3127.3,48,3,3127.2,81,3,3127.9,279,5,3128.0,35,1,3128.1,2,1,3128.2,233,3,3128.5,1,1
2031,2026-06-16 10:50:35+05:30,3127.8,6,3131.37,1148390,131511.0,208389.0,3163.0,3163.0,3108.0,3134.3,31871600,3447.7,2820.9,3839.9,2896.0,3127.8,794,7,3127.6,17,1,3127.5,35,2,3127.4,114,5,3127.3,43,4,3128.2,91,3,3128.5,1,1,3128.6,31,1,3128.7,30,1,3128.8,33,1
2031,2026-06-16 10:50:36+05:30,3128.2,1,3131.37,1148390,131511.0,208389.0,3163.0,3163.0,3108.0,3134.3,31871600,3447.7,2820.9,3839.9,2896.0,3127.8,794,7,3127.6,17,1,3127.5,35,2,3127.4,114,5,3127.3,43,4,3128.2,91,3,3128.5,1,1,3128.6,31,1,3128.7,30,1,3128.8,33,1
2031,2026-06-16 10:50:36+05:30,3128.2,1,3131.37,1148392,132109.0,208687.0,3163.0,3163.0,3108.0,3134.3,31871600,3447.7,2820.9,3839.9,2896.0,3127.9,26,1,3127.8,769,4,3127.7,16,1,3127.5,30,1,3127.4,50,4,3128.2,89,3,3128.5,1,1,3128.6,231,2,3128.7,49,2,3128.8,163,3
2031,2026-06-16 10:50:37+05:30,3128.2,1,3131.37,1148392,132109.0,208687.0,3163.0,3163.0,3108.0,3134.3,31871600,3447.7,2820.9,3839.9,2896.0,3127.9,26,1,3127.8,769,4,3127.7,16,1,3127.5,30,1,3127.4,50,4,3128.2,89,3,3128.5,1,1,3128.6,231,2,3128.7,49,2,3128.8,163,3
2031,2026-06-16 10:50:37+05:30,3128.2,1,3131.37,1148392,132113.0,209102.0,3163.0,3163.0,3108.0,3134.3,31871600,3447.7,2820.9,3839.9,2896.0,3127.9,26,1,3127.8,769,4,3127.7,16,1,3127.5,30,1,3127.4,12,2,3128.2,89,3,3128.4,19,1,3128.5,1,1,3128.6,277,4,3128.7,54,2
2031,2026-06-16 10:50:38+05:30,3128.2,1,3131.37,1148392,132113.0,209102.0,3163.0,3163.0,3108.0,3134.3,31871600,3447.7,2820.9,3839.9,2896.0,3127.9,26,1,3127.8,769,4,3127.7,16,1,3127.5,30,1,3127.4,12,2,3128.2,89,3,3128.4,19,1,3128.5,1,1,3128.6,277,4,3128.7,54,2
2031,2026-06-16 10:50:38+05:30,3128.2,1,3131.37,1148393,132172.0,208939.0,3163.0,3163.0,3108.0,3134.3,31871600,3447.7,2820.9,3839.9,2896.0,3127.9,64,2,3127.8,769,4,3127.7,16,1,3127.5,30,1,3127.4,12,2,3128.2,88,3,3128.4,19,1,3128.5,1,1,3128.6,277,4,3128.7,54,2
2031,2026-06-16 10:50:38+05:30,3128.2,1,3131.37,1148393,132172.0,208939.0,3163.0,3163.0,3108.0,3134.3,31871600,3447.7,2820.9,3839.9,2896.0,3127.9,64,2,3127.8,769,4,3127.7,16,1,3127.5,30,1,3127.4,12,2,3128.2,88,3,3128.4,19,1,3128.5,1,1,3128.6,277,4,3128.7,54,2
2031,2026-06-16 10:50:39+05:30,3128.2,24,3131.37,1148393,132172.0,208939.0,3163.0,3163.0,3108.0,3134.3,31871600,3447.7,2820.9,3839.9,2896.0,3127.9,64,2,3127.8,769,4,3127.7,16,1,3127.5,30,1,3127.4,12,2,3128.2,88,3,3128.4,19,1,3128.5,1,1,3128.6,277,4,3128.7,54,2
2031,2026-06-16 10:50:39+05:30,3128.2,24,3131.37,1148567,132725.0,209022.0,3163.0,3163.0,3108.0,3134.3,31871600,3447.7,2820.9,3839.9,2896.0,3128.3,1,1,3128.2,2,2,3127.9,38,1,3127.8,768,3,3127.7,16,1,3128.5,1,1,3128.6,27,1,3128.7,219,2,3128.8,29,1,3128.9,101,1
2031,2026-06-16 10:50:40+05:30,3128.2,24,3131.37,1148567,132725.0,209022.0,3163.0,3163.0,3108.0,3134.3,31871600,3447.7,2820.9,3839.9,2896.0,3128.3,1,1,3128.2,2,2,3127.9,38,1,3127.8,768,3,3127.7,16,1,3128.5,1,1,3128.6,27,1,3128.7,219,2,3128.8,29,1,3128.9,101,1
2031,2026-06-16 10:50:40+05:30,3128.5,1,3131.37,1148567,132725.0,209022.0,3163.0,3163.0,3108.0,3134.3,31871600,3447.7,2820.9,3839.9,2896.0,3128.3,1,1,3128.2,2,2,3127.9,38,1,3127.8,768,3,3127.7,16,1,3128.5,1,1,3128.6,27,1,3128.7,219,2,3128.8,29,1,3128.9,101,1
2031,2026-06-16 10:50:40+05:30,3128.3,30,3131.37,1148599,132966.0,209906.0,3163.0,3163.0,3108.0,3134.3,31871600,3447.7,2820.9,3839.9,2896.0,3128.3,10,1,3128.2,1,1,3127.9,62,2,3127.8,768,3,3127.7,16,1,3128.5,29,1,3128.6,27,1,3128.7,57,3,3128.8,200,1,3129.0,327,9
2031,2026-06-16 10:50:41+05:30,3128.5,10,3131.37,1148599,132966.0,209906.0,3163.0,3163.0,3108.0,3134.3,31871600,3447.7,2820.9,3839.9,2896.0,3128.3,10,1,3128.2,1,1,3127.9,62,2,3127.8,768,3,3127.7,16,1,3128.5,29,1,3128.6,27,1,3128.7,57,3,3128.8,200,1,3129.0,327,9
2031,2026-06-16 10:50:41+05:30,3128.5,10,3131.37,1148599,132966.0,209906.0,3163.0,3163.0,3108.0,3134.3,31871600,3447.7,2820.9,3839.9,2896.0,3128.3,10,1,3128.2,1,1,3127.9,62,2,3127.8,768,3,3127.7,16,1,3128.5,29,1,3128.6,27,1,3128.7,57,3,3128.8,200,1,3129.0,327,9
2031,2026-06-16 10:50:41+05:30,3128.5,10,3131.37,1148651,132162.0,209531.0,3163.0,3163.0,3108.0,3134.3,31871600,3447.7,2820.9,3839.9,2896.0,3127.9,31,2,3127.8,768,3,3127.7,16,1,3127.5,114,2,3127.4,11,1,3128.5,19,1,3128.6,27,1,3128.7,44,2,3128.8,28,1,3128.9,200,1
2031,2026-06-16 10:50:42+05:30,3128.5,10,3131.37,1148651,132162.0,209531.0,3163.0,3163.0,3108.0,3134.3,31871600,3447.7,2820.9,3839.9,2896.0,3127.9,31,2,3127.8,768,3,3127.7,16,1,3127.5,114,2,3127.4,11,1,3128.5,19,1,3128.6,27,1,3128.7,44,2,3128.8,28,1,3128.9,200,1
2031,2026-06-16 10:50:42+05:30,3128.5,10,3131.37,1148651,132162.0,209753.0,3163.0,3163.0,3108.0,3134.3,31871600,3447.7,2820.9,3839.9,2896.0,3127.9,31,2,3127.8,768,3,3127.7,16,1,3127.5,50,1,3127.4,11,1,3128.5,19,1,3128.6,46,2,3128.7,225,2,3128.8,47,2,3128.9,137,2
2031,2026-06-16 10:50:43+05:30,3128.5,10,3131.37,1148651,132162.0,209753.0,3163.0,3163.0,3108.0,3134.3,31871600,3447.7,2820.9,3839.9,2896.0,3127.9,31,2,3127.8,768,3,3127.7,16,1,3127.5,50,1,3127.4,11,1,3128.5,19,1,3128.6,46,2,3128.7,225,2,3128.8,47,2,3128.9,137,2
2031,2026-06-16 10:50:43+05:30,3128.5,10,3131.37,1148651,132162.0,209756.0,3163.0,3163.0,3108.0,3134.3,31871600,3447.7,2820.9,3839.9,2896.0,3127.9,31,2,3127.8,768,3,3127.7,16,1,3127.5,50,1,3127.4,11,1,3128.5,19,1,3128.6,46,2,3128.7,225,2,3128.8,47,2,3128.9,36,1
2031,2026-06-16 10:50:44+05:30,3128.5,10,3131.37,1148651,132162.0,209756.0,3163.0,3163.0,3108.0,3134.3,31871600,3447.7,2820.9,3839.9,2896.0,3127.9,31,2,3127.8,768,3,3127.7,16,1,3127.5,50,1,3127.4,11,1,3128.5,19,1,3128.6,46,2,3128.7,225,2,3128.8,47,2,3128.9,36,1
2031,2026-06-16 10:50:44+05:30,3128.5,1,3131.37,1148651,132162.0,209756.0,3163.0,3163.0,3108.0,3134.3,31871600,3447.7,2820.9,3839.9,2896.0,3127.9,31,2,3127.8,768,3,3127.7,16,1,3127.5,50,1,3127.4,11,1,3128.5,19,1,3128.6,46,2,3128.7,225,2,3128.8,47,2,3128.9,36,1
2031,2026-06-16 10:50:44+05:30,3128.5,1,3131.37,1148652,132195.0,209776.0,3163.0,3163.0,3108.0,3134.3,31871600,3447.7,2820.9,3839.9,2896.0,3127.9,31,2,3127.8,768,3,3127.7,16,1,3127.5,50,1,3127.4,11,1,3128.5,31,2,3128.6,27,1,3128.7,244,3,3128.8,28,1,3128.9,36,1
2031,2026-06-16 10:50:44+05:30,3128.5,1,3131.37,1148652,132195.0,209776.0,3163.0,3163.0,3108.0,3134.3,31871600,3447.7,2820.9,3839.9,2896.0,3127.9,31,2,3127.8,768,3,3127.7,16,1,3127.5,50,1,3127.4,11,1,3128.5,31,2,3128.6,27,1,3128.7,244,3,3128.8,28,1,3128.9,36,1
2031,2026-06-16 10:50:45+05:30,3128.5,1,3131.37,1148652,132362.0,210337.0,3163.0,3163.0,3108.0,3134.3,31871600,3447.7,2820.9,3839.9,2896.0,3128.2,2,2,3127.9,32,3,3127.8,768,3,3127.7,16,1,3127.5,50,1,3128.5,64,4,3128.6,27,1,3128.7,225,2,3128.8,48,2,3129.0,280,7
2031,2026-06-16 10:50:45+05:30,3128.5,1,3131.37,1148652,132362.0,210337.0,3163.0,3163.0,3108.0,3134.3,31871600,3447.7,2820.9,3839.9,2896.0,3128.2,2,2,3127.9,32,3,3127.8,768,3,3127.7,16,1,3127.5,50,1,3128.5,64,4,3128.6,27,1,3128.7,225,2,3128.8,48,2,3129.0,280,7
2031,2026-06-16 10:50:46+05:30,3128.5,1,3131.37,1148652,132362.0,210337.0,3163.0,3163.0,3108.0,3134.3,31871600,3447.7,2820.9,3839.9,2896.0,3128.2,2,2,3127.9,32,3,3127.8,768,3,3127.7,16,1,3127.5,50,1,3128.5,64,4,3128.6,27,1,3128.7,225,2,3128.8,48,2,3129.0,280,7
2031,2026-06-16 10:50:46+05:30,3128.2,1,3131.37,1148652,132362.0,210337.0,3163.0,3163.0,3108.0,3134.3,31871600,3447.7,2820.9,3839.9,2896.0,3128.2,2,2,3127.9,32,3,3127.8,768,3,3127.7,16,1,3127.5,50,1,3128.5,64,4,3128.6,27,1,3128.7,225,2,3128.8,48,2,3129.0,280,7
2031,2026-06-16 10:50:46+05:30,3128.2,1,3131.37,1148876,132237.0,209962.0,3163.0,3163.0,3108.0,3134.3,31871600,3447.7,2820.9,3839.9,2896.0,3127.9,8,2,3127.8,768,3,3127.7,16,1,3127.4,11,1,3127.1,43,2,3128.3,12,1,3128.4,77,4,3128.5,207,7,3128.6,92,4,3128.7,241,3
2031,2026-06-16 10:50:47+05:30,3128.2,1,3131.37,1148876,132237.0,209962.0,3163.0,3163.0,3108.0,3134.3,31871600,3447.7,2820.9,3839.9,2896.0,3127.9,8,2,3127.8,768,3,3127.7,16,1,3127.4,11,1,3127.1,43,2,3128.3,12,1,3128.4,77,4,3128.5,207,7,3128.6,92,4,3128.7,241,3
2031,2026-06-16 10:50:47+05:30,3127.8,25,3131.37,1148876,132237.0,209962.0,3163.0,3163.0,3108.0,3134.3,31871600,3447.7,2820.9,3839.9,2896.0,3127.9,8,2,3127.8,768,3,3127.7,16,1,3127.4,11,1,3127.1,43,2,3128.3,12,1,3128.4,77,4,3128.5,207,7,3128.6,92,4,3128.7,241,3
2031,2026-06-16 10:50:47+05:30,3127.8,25,3131.37,1148918,132107.0,210056.0,3163.0,3163.0,3108.0,3134.3,31871600,3447.7,2820.9,3839.9,2896.0,3127.9,23,1,3127.8,743,3,3127.7,16,1,3127.1,20,1,3127.0,478,6,3128.3,58,3,3128.4,72,4,3128.5,224,7,3128.6,256,4,3128.8,106,3
2031,2026-06-16 10:50:48+05:30,3127.8,25,3131.37,1148918,132107.0,210056.0,3163.0,3163.0,3108.0,3134.3,31871600,3447.7,2820.9,3839.9,2896.0,3127.9,23,1,3127.8,743,3,3127.7,16,1,3127.1,20,1,3127.0,478,6,3128.3,58,3,3128.4,72,4,3128.5,224,7,3128.6,256,4,3128.8,106,3
2031,2026-06-16 10:50:48+05:30,3127.8,25,3131.37,1148918,132350.0,210312.0,3163.0,3163.0,3108.0,3134.3,31871600,3447.7,2820.9,3839.9,2896.0,3127.8,766,4,3127.7,16,1,3127.2,5,1,3127.1,20,1,3127.0,478,6,3128.3,121,6,3128.4,89,4,3128.5,163,4,3128.6,270,4,3128.7,26,1
2031,2026-06-16 10:50:48+05:30,3127.8,25,3131.37,1148918,132350.0,210312.0,3163.0,3163.0,3108.0,3134.3,31871600,3447.7,2820.9,3839.9,2896.0,3127.8,766,4,3127.7,16,1,3127.2,5,1,3127.1,20,1,3127.0,478,6,3128.3,121,6,3128.4,89,4,3128.5,163,4,3128.6,270,4,3128.7,26,1
2031,2026-06-16 10:50:49+05:30,3128.3,1,3131.37,1148919,132371.0,210083.0,3163.0,3163.0,3108.0,3134.3,31871600,3447.7,2820.9,3839.9,2896.0,3127.8,766,4,3127.7,16,1,3127.2,5,1,3127.1,20,1,3127.0,563,8,3128.3,108,5,3128.4,53,3,3128.5,163,4,3128.6,34,2,3128.8,256,3
2031,2026-06-16 10:50:49+05:30,3128.3,1,3131.37,1148919,132371.0,210083.0,3163.0,3163.0,3108.0,3134.3,31871600,3447.7,2820.9,3839.9,2896.0,3127.8,766,4,3127.7,16,1,3127.2,5,1,3127.1,20,1,3127.0,563,8,3128.3,108,5,3128.4,53,3,3128.5,163,4,3128.6,34,2,3128.8,256,3
2031,2026-06-16 10:50:49+05:30,3128.3,1,3131.37,1148919,132371.0,210083.0,3163.0,3163.0,3108.0,3134.3,31878000,3447.7,2820.9,3839.9,2896.0,3127.8,766,4,3127.7,16,1,3127.2,5,1,3127.1,20,1,3127.0,563,8,3128.3,108,5,3128.4,53,3,3128.5,163,4,3128.6,34,2,3128.8,256,3
2031,2026-06-16 10:50:50+05:30,3128.3,1,3131.37,1148919,132358.0,210089.0,3163.0,3163.0,3108.0,3134.3,31878000,3447.7,2820.9,3839.9,2896.0,3127.8,766,4,3127.7,16,1,3127.2,5,1,3127.1,20,1,3127.0,563,8,3128.3,108,5,3128.4,53,3,3128.5,163,4,3128.6,34,2,3128.8,256,3
2031,2026-06-16 10:50:51+05:30,3127.7,69,3131.37,1150320,130054.0,212066.0,3163.0,3163.0,3108.0,3134.3,31878000,3447.7,2820.9,3839.9,2896.0,3127.0,414,4,3126.9,2,2,3126.8,326,3,3126.7,32,2,3126.6,35,4,3127.7,29,2,3127.8,35,2,3127.9,30,2,3128.0,89,4,3128.1,260,6
2031,2026-06-16 10:50:51+05:30,3127.7,69,3131.37,1150320,130054.0,212066.0,3163.0,3163.0,3108.0,3134.3,31878000,3447.7,2820.9,3839.9,2896.0,3127.0,414,4,3126.9,2,2,3126.8,326,3,3126.7,32,2,3126.6,35,4,3127.7,29,2,3127.8,35,2,3127.9,30,2,3128.0,89,4,3128.1,260,6
2031,2026-06-16 10:50:52+05:30,3127.6,1,3131.37,1150321,130520.0,212191.0,3163.0,3163.0,3108.0,3134.3,31878000,3447.7,2820.9,3839.9,2896.0,3127.0,414,4,3126.9,2,2,3126.8,300,1,3126.7,32,2,3126.6,4,2,3127.6,27,1,3127.7,346,4,3127.8,95,3,3127.9,17,1,3128.0,240,3
2031,2026-06-16 10:50:52+05:30,3127.0,95,3131.37,1150321,130520.0,212191.0,3163.0,3163.0,3108.0,3134.3,31878000,3447.7,2820.9,3839.9,2896.0,3127.0,414,4,3126.9,2,2,3126.8,300,1,3126.7,32,2,3126.6,4,2,3127.6,27,1,3127.7,346,4,3127.8,95,3,3127.9,17,1,3128.0,240,3
2031,2026-06-16 10:50:53+05:30,3127.0,95,3131.36,1150618,130182.0,212215.0,3163.0,3163.0,3108.0,3134.3,31878000,3447.7,2820.9,3839.9,2896.0,3127.0,119,3,3126.9,2,2,3126.8,300,1,3126.7,32,2,3126.6,4,2,3127.6,40,2,3127.7,197,4,3127.8,95,3,3127.9,17,1,3128.0,290,4
2031,2026-06-16 10:50:54+05:30,3127.0,95,3131.36,1150618,130255.0,212275.0,3163.0,3163.0,3108.0,3134.3,31878000,3447.7,2820.9,3839.9,2896.0,3127.0,119,3,3126.9,2,2,3126.8,300,1,3126.7,32,2,3126.6,4,2,3127.5,148,1,3127.6,66,4,3127.7,106,3,3127.8,83,2,3127.9,17,1
2031,2026-06-16 10:50:54+05:30,3127.5,1,3131.36,1150618,130255.0,212275.0,3163.0,3163.0,3108.0,3134.3,31878000,3447.7,2820.9,3839.9,2896.0,3127.0,119,3,3126.9,2,2,3126.8,300,1,3126.7,32,2,3126.6,4,2,3127.5,148,1,3127.6,66,4,3127.7,106,3,3127.8,83,2,3127.9,17,1
2031,2026-06-16 10:50:55+05:30,3127.5,1,3131.36,1150619,130271.0,212462.0,3163.0,3163.0,3108.0,3134.3,31878000,3447.7,2820.9,3839.9,2896.0,3127.0,120,4,3126.9,2,2,3126.8,300,1,3126.7,32,2,3126.6,4,2,3127.5,147,1,3127.6,53,3,3127.7,106,3,3127.8,83,2,3127.9,17,1
2031,2026-06-16 10:50:55+05:30,3127.0,42,3131.36,1150619,130271.0,212462.0,3163.0,3163.0,3108.0,3134.3,31878000,3447.7,2820.9,3839.9,2896.0,3127.0,120,4,3126.9,2,2,3126.8,300,1,3126.7,32,2,3126.6,4,2,3127.5,147,1,3127.6,53,3,3127.7,106,3,3127.8,83,2,3127.9,17,1
2031,2026-06-16 10:50:56+05:30,3127.0,42,3131.36,1150661,130334.0,212414.0,3163.0,3163.0,3108.0,3134.3,31878000,3447.7,2820.9,3839.9,2896.0,3127.0,78,4,3126.9,2,2,3126.8,300,1,3126.7,32,2,3126.6,26,3,3127.4,13,1,3127.5,118,5,3127.6,27,1,3127.7,140,3,3127.8,116,3
2031,2026-06-16 10:50:57+05:30,3127.0,42,3131.36,1150661,130370.0,212330.0,3163.0,3163.0,3108.0,3134.3,31878000,3447.7,2820.9,3839.9,2896.0,3127.0,100,5,3126.9,2,2,3126.8,300,1,3126.7,32,2,3126.6,4,2,3127.3,62,1,3127.4,114,2,3127.5,132,6,3127.6,27,1,3127.8,37,1
2031,2026-06-16 10:50:58+05:30,3127.0,39,3131.36,1150700,130284.0,212405.0,3163.0,3163.0,3108.0,3134.3,31878000,3447.7,2820.9,3839.9,2896.0,3127.0,61,5,3126.9,2,2,3126.8,300,1,3126.7,32,2,3126.6,4,2,3127.1,45,1,3127.2,32,1,3127.3,124,4,3127.4,237,4,3127.5,106,4
2031,2026-06-16 10:50:58+05:30,3127.0,15,3131.36,1150700,130284.0,212405.0,3163.0,3163.0,3108.0,3134.3,31878000,3447.7,2820.9,3839.9,2896.0,3127.0,61,5,3126.9,2,2,3126.8,300,1,3126.7,32,2,3126.6,4,2,3127.1,45,1,3127.2,32,1,3127.3,124,4,3127.4,237,4,3127.5,106,4
2031,2026-06-16 10:50:59+05:30,3127.1,1,3131.36,1151074,130410.0,212301.0,3163.0,3163.0,3108.0,3134.3,31878000,3447.7,2820.9,3839.9,2896.0,3127.0,6,1,3126.9,24,3,3126.8,300,1,3126.7,32,2,3126.6,68,4,3127.3,123,3,3127.4,71,1,3127.5,32,1,3128.0,200,1,3128.1,20,1
2031,2026-06-16 10:50:59+05:30,3127.0,39,3131.36,1151074,130410.0,212301.0,3163.0,3163.0,3108.0,3134.3,31878000,3447.7,2820.9,3839.9,2896.0,3127.0,6,1,3126.9,24,3,3126.8,300,1,3126.7,32,2,3126.6,68,4,3127.3,123,3,3127.4,71,1,3127.5,32,1,3128.0,200,1,3128.1,20,1
2031,2026-06-16 10:51:00+05:30,3127.0,2,3131.36,1151206,130419.0,212334.0,3163.0,3163.0,3108.0,3134.3,31878000,3447.7,2820.9,3839.9,2896.0,3127.0,7,2,3126.9,2,2,3126.8,300,1,3126.7,54,3,3126.6,43,4,3127.3,99,4,3127.4,103,2,3127.6,32,1,3127.9,200,1,3128.0,26,1
2031,2026-06-16 10:51:00+05:30,3127.0,2,3131.36,1151206,130419.0,212334.0,3163.0,3163.0,3108.0,3134.3,31878000,3447.7,2820.9,3839.9,2896.0,3127.0,7,2,3126.9,2,2,3126.8,300,1,3126.7,54,3,3126.6,43,4,3127.3,99,4,3127.4,103,2,3127.6,32,1,3127.9,200,1,3128.0,26,1
2031,2026-06-16 10:51:01+05:30,3126.8,42,3131.36,1151300,130300.0,212201.0,3163.0,3163.0,3108.0,3134.3,31878000,3447.7,2820.9,3839.9,2896.0,3126.8,256,2,3126.7,52,3,3126.6,4,2,3126.5,60,3,3126.4,193,6,3127.3,99,4,3127.4,103,2,3127.5,42,2,3127.7,32,1,3127.9,26,1
2031,2026-06-16 10:51:01+05:30,3126.8,200,3131.36,1151300,130300.0,212201.0,3163.0,3163.0,3108.0,3134.3,31878000,3447.7,2820.9,3839.9,2896.0,3126.8,256,2,3126.7,52,3,3126.6,4,2,3126.5,60,3,3126.4,193,6,3127.3,99,4,3127.4,103,2,3127.5,42,2,3127.7,32,1,3127.9,26,1
2031,2026-06-16 10:51:02+05:30,3126.8,28,3131.36,1151790,129246.0,212866.0,3163.0,3163.0,3108.0,3134.3,31878000,3447.7,2820.9,3839.9,2896.0,3126.8,8,1,3126.7,32,2,3126.6,4,2,3126.5,2,1,3126.4,54,2,3127.3,131,5,3127.4,90,2,3127.5,71,3,3127.6,245,3,3127.7,114,3
2031,2026-06-16 10:51:02+05:30,3126.8,8,3131.36,1151790,129246.0,212866.0,3163.0,3163.0,3108.0,3134.3,31878000,3447.7,2820.9,3839.9,2896.0,3126.8,8,1,3126.7,32,2,3126.6,4,2,3126.5,2,1,3126.4,54,2,3127.3,131,5,3127.4,90,2,3127.5,71,3,3127.6,245,3,3127.7,114,3
2031,2026-06-16 10:51:03+05:30,3126.4,13,3131.36,1152673,128139.0,212889.0,3163.0,3163.0,3108.0,3134.3,31878000,3447.7,2820.9,3839.9,2896.0,3126.4,17,2,3126.3,1,1,3126.1,59,2,3126.0,185,3,3125.9,10,1,3126.6,45,1,3126.9,32,1,3127.1,88,3,3127.3,99,4,3127.4,127,3
2031,2026-06-16 10:51:03+05:30,3126.4,50,3131.36,1152673,128139.0,212889.0,3163.0,3163.0,3108.0,3134.3,31878000,3447.7,2820.9,3839.9,2896.0,3126.4,17,2,3126.3,1,1,3126.1,59,2,3126.0,185,3,3125.9,10,1,3126.6,45,1,3126.9,32,1,3127.1,88,3,3127.3,99,4,3127.4,127,3
2031,2026-06-16 10:51:04+05:30,3127.0,20,3131.35,1153271,128686.0,213256.0,3163.0,3163.0,3108.0,3134.3,31878000,3447.7,2820.9,3839.9,2896.0,3126.1,69,3,3126.0,191,4,3125.9,40,2,3125.8,124,5,3125.7,94,3,3126.5,26,1,3126.6,32,1,3126.7,32,1,3127.3,63,2,3127.4,67,2
2031,2026-06-16 10:51:04+05:30,3126.5,14,3131.35,1153271,128686.0,213256.0,3163.0,3163.0,3108.0,3134.3,31878000,3447.7,2820.9,3839.9,2896.0,3126.1,69,3,3126.0,191,4,3125.9,40,2,3125.8,124,5,3125.7,94,3,3126.5,26,1,3126.6,32,1,3126.7,32,1,3127.3,63,2,3127.4,67,2
2031,2026-06-16 10:51:05+05:30,3126.1,31,3131.35,1153992,128650.0,211230.0,3163.0,3163.0,3108.0,3134.3,31878000,3447.7,2820.9,3839.9,2896.0,3126.2,12,1,3126.1,35,2,3126.0,215,6,3125.9,30,2,3125.8,167,4,3127.3,82,3,3127.4,249,2,3127.6,277,4,3127.7,2,1,3127.8,132,5
2031,2026-06-16 10:51:05+05:30,3127.3,1,3131.35,1153992,128650.0,211230.0,3163.0,3163.0,3108.0,3134.3,31878000,3447.7,2820.9,3839.9,2896.0,3126.2,12,1,3126.1,35,2,3126.0,215,6,3125.9,30,2,3125.8,167,4,3127.3,82,3,3127.4,249,2,3127.6,277,4,3127.7,2,1,3127.8,132,5
2031,2026-06-16 10:51:06+05:30,3126.2,26,3131.35,1154072,128371.0,213610.0,3163.0,3163.0,3108.0,3134.3,31878000,3447.7,2820.9,3839.9,2896.0,3126.0,176,3,3125.9,10,1,3125.8,80,2,3125.7,9,2,3125.6,24,1,3127.1,200,1,3127.2,68,2,3127.3,99,3,3127.4,296,4,3127.6,74,4
2031,2026-06-16 10:51:06+05:30,3127.2,19,3131.35,1154072,128371.0,213610.0,3163.0,3163.0,3108.0,3134.3,31878000,3447.7,2820.9,3839.9,2896.0,3126.0,176,3,3125.9,10,1,3125.8,80,2,3125.7,9,2,3125.6,24,1,3127.1,200,1,3127.2,68,2,3127.3,99,3,3127.4,296,4,3127.6,74,4
2031,2026-06-16 10:51:07+05:30,3127.2,32,3131.35,1154723,128979.0,212210.0,3163.0,3163.0,3108.0,3134.3,31878000,3447.7,2820.9,3839.9,2896.0,3126.3,17,1,3126.2,134,5,3126.1,229,8,3126.0,280,8,3125.9,122,3,3127.3,33,2,3127.5,32,1,3127.6,200,1,3127.8,89,3,3128.0,88,3
2031,2026-06-16 10:51:07+05:30,3127.2,32,3131.35,1154723,128979.0,212210.0,3163.0,3163.0,3108.0,3134.3,31878000,3447.7,2820.9,3839.9,2896.0,3126.3,17,1,3126.2,134,5,3126.1,229,8,3126.0,280,8,3125.9,122,3,3127.3,33,2,3127.5,32,1,3127.6,200,1,3127.8,89,3,3128.0,88,3
2031,2026-06-16 10:51:08+05:30,3126.3,7,3131.35,1155091,129013.0,212668.0,3163.0,3163.0,3108.0,3134.3,31878000,3447.7,2820.9,3839.9,2896.0,3126.4,13,1,3126.3,54,4,3126.2,119,5,3126.1,122,5,3126.0,268,7,3127.3,1,1,3127.5,219,2,3127.6,23,1,3127.7,49,1,3127.8,116,4
2031,2026-06-16 10:51:08+05:30,3126.3,7,3131.35,1155091,129013.0,212668.0,3163.0,3163.0,3108.0,3134.3,31878000,3447.7,2820.9,3839.9,2896.0,3126.4,13,1,3126.3,54,4,3126.2,119,5,3126.1,122,5,3126.0,268,7,3127.3,1,1,3127.5,219,2,3127.6,23,1,3127.7,49,1,3127.8,116,4
2031,2026-06-16 10:51:09+05:30,3126.8,32,3131.35,1155263,129029.0,213113.0,3163.0,3163.0,3108.0,3134.3,31878000,3447.7,2820.9,3839.9,2896.0,3126.7,10,1,3126.5,13,1,3126.4,82,3,3126.3,44,3,3126.2,74,3,3127.3,1,1,3127.4,200,1,3127.5,27,1,3127.6,42,2,3127.8,89,3
2031,2026-06-16 10:51:09+05:30,3126.7,10,3131.35,1155263,129029.0,213113.0,3163.0,3163.0,3108.0,3134.3,31878000,3447.7,2820.9,3839.9,2896.0,3126.7,10,1,3126.5,13,1,3126.4,82,3,3126.3,44,3,3126.2,74,3,3127.3,1,1,3127.4,200,1,3127.5,27,1,3127.6,42,2,3127.8,89,3
2031,2026-06-16 10:51:10+05:30,3127.1,39,3131.35,1155528,129203.0,212371.0,3163.0,3163.0,3108.0,3134.3,31878000,3447.7,2820.9,3839.9,2896.0,3127.1,7,1,3126.4,69,2,3126.3,31,2,3126.2,125,3,3126.1,54,1,3127.3,1,1,3127.4,28,1,3127.5,46,2,3127.6,60,2,3127.8,67,2
2031,2026-06-16 10:51:10+05:30,3126.4,26,3131.35,1155528,129203.0,212371.0,3163.0,3163.0,3108.0,3134.3,31878000,3447.7,2820.9,3839.9,2896.0,3127.1,7,1,3126.4,69,2,3126.3,31,2,3126.2,125,3,3126.1,54,1,3127.3,1,1,3127.4,28,1,3127.5,46,2,3127.6,60,2,3127.8,67,2
2031,2026-06-16 10:51:11+05:30,3126.4,4,3131.34,1155748,129285.0,212655.0,3163.0,3163.0,3108.0,3134.3,31878000,3447.7,2820.9,3839.9,2896.0,3126.5,13,1,3126.4,31,2,3126.3,31,2,3126.2,81,3,3126.1,54,1,3127.3,32,1,3127.4,28,1,3127.5,46,2,3127.6,272,3,3127.7,34,1
2031,2026-06-16 10:51:11+05:30,3127.2,50,3131.34,1155748,129285.0,212655.0,3163.0,3163.0,3108.0,3134.3,31878000,3447.7,2820.9,3839.9,2896.0,3126.5,13,1,3126.4,31,2,3126.3,31,2,3126.2,81,3,3126.1,54,1,3127.3,32,1,3127.4,28,1,3127.5,46,2,3127.6,272,3,3127.7,34,1
2031,2026-06-16 10:51:12+05:30,3126.6,41,3131.34,1155945,129162.0,210427.0,3163.0,3163.0,3108.0,3134.3,31878000,3447.7,2820.9,3839.9,2896.0,3126.6,24,1,3126.4,1,1,3126.3,31,2,3126.2,61,2,3126.1,103,2,3127.3,56,2,3127.4,28,1,3127.5,19,1,3127.6,207,2,3127.8,88,3
2031,2026-06-16 10:51:12+05:30,3127.2,28,3131.34,1155945,129162.0,210427.0,3163.0,3163.0,3108.0,3134.3,31878000,3447.7,2820.9,3839.9,2896.0,3126.6,24,1,3126.4,1,1,3126.3,31,2,3126.2,61,2,3126.1,103,2,3127.3,56,2,3127.4,28,1,3127.5,19,1,3127.6,207,2,3127.8,88,3
2031,2026-06-16 10:51:13+05:30,3126.6,24,3131.34,1156081,129240.0,212543.0,3163.0,3163.0,3108.0,3134.3,31878000,3447.7,2820.9,3839.9,2896.0,3126.6,26,2,3126.5,1,1,3126.4,1,1,3126.3,31,2,3126.2,61,2,3126.9,45,1,3127.3,78,3,3127.4,28,1,3127.5,19,1,3127.6,220,2
2031,2026-06-16 10:51:13+05:30,3126.6,13,3131.34,1156081,129240.0,212543.0,3163.0,3163.0,3108.0,3134.3,31878000,3447.7,2820.9,3839.9,2896.0,3126.6,26,2,3126.5,1,1,3126.4,1,1,3126.3,31,2,3126.2,61,2,3126.9,45,1,3127.3,78,3,3127.4,28,1,3127.5,19,1,3127.6,220,2
2031,2026-06-16 10:51:14+05:30,3126.9,26,3131.34,1156326,128915.0,212531.0,3163.0,3163.0,3108.0,3134.3,31878000,3447.7,2820.9,3839.9,2896.0,3126.6,10,2,3126.5,1,1,3126.4,1,1,3126.3,6,1,3126.2,23,2,3126.7,45,1,3126.8,32,1,3126.9,32,1,3127.0,32,1,3127.3,53,2
2031,2026-06-16 10:51:14+05:30,3126.6,1,3131.34,1156326,128915.0,212531.0,3163.0,3163.0,3108.0,3134.3,31878000,3447.7,2820.9,3839.9,2896.0,3126.6,10,2,3126.5,1,1,3126.4,1,1,3126.3,6,1,3126.2,23,2,3126.7,45,1,3126.8,32,1,3126.9,32,1,3127.0,32,1,3127.3,53,2
2031,2026-06-16 10:51:15+05:30,3126.2,4,3131.34,1156595,128711.0,212555.0,3163.0,3163.0,3108.0,3134.3,31878000,3447.7,2820.9,3839.9,2896.0,3126.2,1,1,3126.1,33,1,3126.0,162,2,3125.9,26,2,3125.7,48,4,3126.7,39,1,3127.3,250,3,3127.4,21,1,3127.5,168,4,3127.6,41,2
2031,2026-06-16 10:51:15+05:30,3126.7,19,3131.34,1156595,128711.0,212555.0,3163.0,3163.0,3108.0,3134.3,31878000,3447.7,2820.9,3839.9,2896.0,3126.2,1,1,3126.1,33,1,3126.0,162,2,3125.9,26,2,3125.7,48,4,3126.7,39,1,3127.3,250,3,3127.4,21,1,3127.5,168,4,3127.6,41,2
2031,2026-06-16 10:51:16+05:30,3126.8,1,3131.34,1156711,128863.0,213446.0,3163.0,3163.0,3108.0,3134.3,31878000,3447.7,2820.9,3839.9,2896.0,3126.2,67,3,3126.1,35,2,3126.0,158,1,3125.9,46,3,3125.8,48,1,3126.8,199,1,3127.0,45,1,3127.3,230,3,3127.4,39,2,3127.5,275,3
2031,2026-06-16 10:51:16+05:30,3127.0,45,3131.34,1156711,128863.0,213446.0,3163.0,3163.0,3108.0,3134.3,31878000,3447.7,2820.9,3839.9,2896.0,3126.2,67,3,3126.1,35,2,3126.0,158,1,3125.9,46,3,3125.8,48,1,3126.8,199,1,3127.0,45,1,3127.3,230,3,3127.4,39,2,3127.5,275,3
2031,2026-06-16 10:51:17+05:30,3126.7,1,3131.34,1157177,128830.0,212812.0,3163.0,3163.0,3108.0,3134.3,31878000,3447.7,2820.9,3839.9,2896.0,3126.2,1,1,3126.1,35,2,3126.0,187,4,3125.9,26,2,3125.8,20,1,3126.7,44,1,3126.8,32,1,3126.9,32,1,3127.0,32,1,3127.2,229,3
2031,2026-06-16 10:51:17+05:30,3126.7,21,3131.34,1157177,128830.0,212812.0,3163.0,3163.0,3108.0,3134.3,31878000,3447.7,2820.9,3839.9,2896.0,3126.2,1,1,3126.1,35,2,3126.0,187,4,3125.9,26,2,3125.8,20,1,3126.7,44,1,3126.8,32,1,3126.9,32,1,3127.0,32,1,3127.2,229,3
2031,2026-06-16 10:51:18+05:30,3126.7,21,3131.34,1157567,129305.0,211976.0,3163.0,3163.0,3108.0,3134.3,31878000,3447.7,2820.9,3839.9,2896.0,3126.4,12,1,3126.3,56,3,3126.2,163,6,3126.1,56,4,3126.0,293,9,3126.8,39,1,3127.3,31,1,3127.6,20,1,3127.8,106,3,3127.9,219,2
2031,2026-06-16 10:51:18+05:30,3126.8,18,3131.34,1157567,129305.0,211976.0,3163.0,3163.0,3108.0,3134.3,31878000,3447.7,2820.9,3839.9,2896.0,3126.4,12,1,3126.3,56,3,3126.2,163,6,3126.1,56,4,3126.0,293,9,3126.8,39,1,3127.3,31,1,3127.6,20,1,3127.8,106,3,3127.9,219,2
2031,2026-06-16 10:51:19+05:30,3126.9,1,3131.34,1157735,129468.0,212623.0,3163.0,3163.0,3108.0,3134.3,31878000,3447.7,2820.9,3839.9,2896.0,3126.4,76,3,3126.3,55,3,3126.2,132,4,3126.1,80,4,3126.0,276,8,3127.3,52,2,3127.5,200,1,3127.7,19,1,3127.8,96,3,3128.0,258,4
2031,2026-06-16 10:51:19+05:30,3127.2,27,3131.34,1157735,129468.0,212623.0,3163.0,3163.0,3108.0,3134.3,31878000,3447.7,2820.9,3839.9,2896.0,3126.4,76,3,3126.3,55,3,3126.2,132,4,3126.1,80,4,3126.0,276,8,3127.3,52,2,3127.5,200,1,3127.7,19,1,3127.8,96,3,3128.0,258,4
2031,2026-06-16 10:51:20+05:30,3127.0,31,3131.34,1157896,129304.0,212869.0,3163.0,3163.0,3108.0,3134.3,31878000,3447.7,2820.9,3839.9,2896.0,3126.4,22,1,3126.3,9,1,3126.2,84,3,3126.1,65,4,3126.0,192,6,3126.8,13,1,3126.9,32,1,3127.0,32,1,3127.3,41,2,3127.5,227,2
2031,2026-06-16 10:51:20+05:30,3126.5,14,3131.34,1157896,129304.0,212869.0,3163.0,3163.0,3108.0,3134.3,31878000,3447.7,2820.9,3839.9,2896.0,3126.4,22,1,3126.3,9,1,3126.2,84,3,3126.1,65,4,3126.0,192,6,3126.8,13,1,3126.9,32,1,3127.0,32,1,3127.3,41,2,3127.5,227,2
2031,2026-06-16 10:51:21+05:30,3127.0,23,3131.33,1158147,129919.0,213158.0,3163.0,3163.0,3108.0,3134.3,31878000,3447.7,2820.9,3839.9,2896.0,3126.9,1,1,3126.6,24,1,3126.3,33,2,3126.2,84,3,3126.1,31,3,3127.0,26,1,3127.3,52,2,3127.4,19,1,3127.5,200,1,3127.6,19,1
2031,2026-06-16 10:51:21+05:30,3126.6,24,3131.33,1158147,129919.0,213158.0,3163.0,3163.0,3108.0,3134.3,31878000,3447.7,2820.9,3839.9,2896.0,3126.9,1,1,3126.6,24,1,3126.3,33,2,3126.2,84,3,3126.1,31,3,3127.0,26,1,3127.3,52,2,3127.4,19,1,3127.5,200,1,3127.6,19,1
2031,2026-06-16 10:51:22+05:30,3126.6,24,3131.33,1158687,129216.0,213157.0,3163.0,3163.0,3108.0,3134.3,31878000,3447.7,2820.9,3839.9,2896.0,3126.6,24,1,3126.3,9,1,3126.2,84,3,3126.1,11,2,3126.0,167,4,3127.3,62,3,3127.4,37,1,3127.5,244,3,3127.6,72,3,3127.7,36,1
2031,2026-06-16 10:51:22+05:30,3126.6,24,3131.33,1158687,129216.0,213157.0,3163.0,3163.0,3108.0,3134.3,31878000,3447.7,2820.9,3839.9,2896.0,3126.6,24,1,3126.3,9,1,3126.2,84,3,3126.1,11,2,3126.0,167,4,3127.3,62,3,3127.4,37,1,3127.5,244,3,3127.6,72,3,3127.7,36,1
2031,2026-06-16 10:51:23+05:30,3127.2,19,3131.33,1158840,129121.0,213255.0,3163.0,3163.0,3108.0,3134.3,31878000,3447.7,2820.9,3839.9,2896.0,3126.6,26,2,3126.5,1,1,3126.3,13,2,3126.2,84,3,3126.1,13,3,3127.3,71,4,3127.4,237,3,3127.5,44,2,3127.6,72,3,3127.7,48,1
2031,2026-06-16 10:51:23+05:30,3126.6,18,3131.33,1158840,129121.0,213255.0,3163.0,3163.0,3108.0,3134.3,31878000,3447.7,2820.9,3839.9,2896.0,3126.6,26,2,3126.5,1,1,3126.3,13,2,3126.2,84,3,3126.1,13,3,3127.3,71,4,3127.4,237,3,3127.5,44,2,3127.6,72,3,3127.7,48,1
2031,2026-06-16 10:51:24+05:30,3126.3,4,3131.33,1158840,129121.0,213255.0,3163.0,3163.0,3108.0,3134.3,31878000,3447.7,2820.9,3839.9,2896.0,3126.6,26,2,3126.5,1,1,3126.3,13,2,3126.2,84,3,3126.1,13,3,3127.3,71,4,3127.4,237,3,3127.5,44,2,3127.6,72,3,3127.7,48,1
2031,2026-06-16 10:51:24+05:30,3126.3,4,3131.33,1159025,128591.0,213299.0,3163.0,3163.0,3108.0,3134.3,31878000,3447.7,2820.9,3839.9,2896.0,3126.3,24,2,3126.2,66,2,3126.1,1,1,3126.0,158,1,3125.9,10,1,3127.3,83,5,3127.4,253,3,3127.5,129,4,3127.6,83,4,3127.7,48,1
2031,2026-06-16 10:51:25+05:30,3127.1,45,3131.33,1159025,128591.0,213299.0,3163.0,3163.0,3108.0,3134.3,31878000,3447.7,2820.9,3839.9,2896.0,3126.3,24,2,3126.2,66,2,3126.1,1,1,3126.0,158,1,3125.9,10,1,3127.3,83,5,3127.4,253,3,3127.5,129,4,3127.6,83,4,3127.7,48,1
2031,2026-06-16 10:51:25+05:30,3127.1,45,3131.33,1159203,129174.0,213303.0,3163.0,3163.0,3108.0,3134.3,31878000,3447.7,2820.9,3839.9,2896.0,3126.6,1,1,3126.4,36,2,3126.3,67,3,3126.2,93,2,3126.1,126,4,3127.1,6,1,3127.3,50,3,3127.4,218,2,3127.5,81,3,3127.6,72,3
2031,2026-06-16 10:51:26+05:30,3127.2,1,3131.33,1159203,129174.0,213303.0,3163.0,3163.0,3108.0,3134.3,31878000,3447.7,2820.9,3839.9,2896.0,3126.6,1,1,3126.4,36,2,3126.3,67,3,3126.2,93,2,3126.1,126,4,3127.1,6,1,3127.3,50,3,3127.4,218,2,3127.5,81,3,3127.6,72,3
2031,2026-06-16 10:51:26+05:30,3127.2,19,3131.33,1159817,128689.0,213194.0,3163.0,3163.0,3108.0,3134.3,31878000,3447.7,2820.9,3839.9,2896.0,3126.3,6,2,3126.2,23,1,3126.1,46,3,3126.0,164,2,3125.9,52,2,3127.3,243,3,3127.4,18,1,3127.5,130,4,3127.6,39,2,3127.7,93,2
2031,2026-06-16 10:51:27+05:30,3127.2,13,3131.33,1159817,128689.0,213194.0,3163.0,3163.0,3108.0,3134.3,31878000,3447.7,2820.9,3839.9,2896.0,3126.3,6,2,3126.2,23,1,3126.1,46,3,3126.0,164,2,3125.9,52,2,3127.3,243,3,3127.4,18,1,3127.5,130,4,3127.6,39,2,3127.7,93,2
2031,2026-06-16 10:51:27+05:30,3127.2,13,3131.33,1159970,128885.0,213186.0,3163.0,3163.0,3108.0,3134.3,31878000,3447.7,2820.9,3839.9,2896.0,3126.4,2,1,3126.3,51,4,3126.2,23,1,3126.1,10,2,3126.0,186,4,3127.3,243,3,3127.4,18,1,3127.5,93,3,3127.6,76,3,3127.7,93,2
2031,2026-06-16 10:51:28+05:30,3127.2,52,3131.33,1159970,128885.0,213186.0,3163.0,3163.0,3108.0,3134.3,31878000,3447.7,2820.9,3839.9,2896.0,3126.4,2,1,3126.3,51,4,3126.2,23,1,3126.1,10,2,3126.0,186,4,3127.3,243,3,3127.4,18,1,3127.5,93,3,3127.6,76,3,3127.7,93,2
2031,2026-06-16 10:51:28+05:30,3127.2,37,3131.33,1160394,128911.0,212945.0,3163.0,3163.0,3108.0,3134.3,31878000,3447.7,2820.9,3839.9,2896.0,3126.4,2,1,3126.3,51,4,3126.2,23,1,3126.1,10,2,3126.0,164,2,3127.3,237,3,3127.4,18,1,3127.5,36,2,3127.6,69,2,3127.7,36,1
2031,2026-06-16 10:51:29+05:30,3127.2,53,3131.33,1160394,128911.0,212945.0,3163.0,3163.0,3108.0,3134.3,31878000,3447.7,2820.9,3839.9,2896.0,3126.4,2,1,3126.3,51,4,3126.2,23,1,3126.1,10,2,3126.0,164,2,3127.3,237,3,3127.4,18,1,3127.5,36,2,3127.6,69,2,3127.7,36,1
2031,2026-06-16 10:51:30+05:30,3127.2,53,3131.33,1160471,128960.0,212522.0,3163.0,3163.0,3108.0,3134.3,31878000,3447.7,2820.9,3839.9,2896.0,3126.4,42,2,3126.3,70,5,3126.2,69,2,3126.1,29,3,3126.0,164,2,3127.3,224,2,3127.4,18,1,3127.5,17,1,3127.6,86,2,3127.7,48,1
2031,2026-06-16 10:51:30+05:30,3126.3,26,3131.33,1160471,128960.0,212522.0,3163.0,3163.0,3108.0,3134.3,31878000,3447.7,2820.9,3839.9,2896.0,3126.4,42,2,3126.3,70,5,3126.2,69,2,3126.1,29,3,3126.0,164,2,3127.3,224,2,3127.4,18,1,3127.5,17,1,3127.6,86,2,3127.7,48,1
2031,2026-06-16 10:51:31+05:30,3126.4,43,3131.33,1160618,129138.0,211160.0,3163.0,3163.0,3108.0,3134.3,31878000,3447.7,2820.9,3839.9,2896.0,3126.4,21,1,3126.3,100,5,3126.2,23,1,3126.1,239,4,3126.0,213,3,3127.3,225,3,3127.4,18,1,3127.6,26,1,3127.7,56,2,3127.8,531,5
2031,2026-06-16 10:51:31+05:30,3127.2,50,3131.33,1160618,129138.0,211160.0,3163.0,3163.0,3108.0,3134.3,31878000,3447.7,2820.9,3839.9,2896.0,3126.4,21,1,3126.3,100,5,3126.2,23,1,3126.1,239,4,3126.0,213,3,3127.3,225,3,3127.4,18,1,3127.6,26,1,3127.7,56,2,3127.8,531,5
2031,2026-06-16 10:51:32+05:30,3127.2,50,3131.33,1160618,129138.0,211160.0,3163.0,3163.0,3108.0,3134.3,31878000,3447.7,2820.9,3839.9,2896.0,3126.4,21,1,3126.3,100,5,3126.2,23,1,3126.1,239,4,3126.0,213,3,3127.3,225,3,3127.4,18,1,3127.6,26,1,3127.7,56,2,3127.8,531,5
2031,2026-06-16 10:51:32+05:30,3127.3,322,3131.32,1161215,128645.0,212802.0,3163.0,3163.0,3108.0,3134.3,31878000,3447.7,2820.9,3839.9,2896.0,3126.4,21,1,3126.3,71,4,3126.1,49,2,3126.0,158,1,3125.9,58,2,3127.3,225,3,3127.4,43,3,3127.6,95,3,3127.7,30,2,3127.8,300,1
2031,2026-06-16 10:51:32+05:30,3127.3,10,3131.32,1161215,128645.0,212802.0,3163.0,3163.0,3108.0,3134.3,31878000,3447.7,2820.9,3839.9,2896.0,3126.4,21,1,3126.3,71,4,3126.1,49,2,3126.0,158,1,3125.9,58,2,3127.3,225,3,3127.4,43,3,3127.6,95,3,3127.7,30,2,3127.8,300,1
2031,2026-06-16 10:51:33+05:30,3127.9,4,3131.32,1161966,129119.0,212831.0,3163.0,3163.0,3108.0,3134.3,31878000,3447.7,2820.9,3839.9,2896.0,3126.6,16,1,3126.5,74,3,3126.4,111,5,3126.3,131,6,3126.2,94,4,3127.4,200,1,3127.8,49,1,3127.9,170,1,3128.0,22,1,3128.1,211,2
2031,2026-06-16 10:51:33+05:30,3127.9,4,3131.32,1161966,129119.0,212831.0,3163.0,3163.0,3108.0,3134.3,31878000,3447.7,2820.9,3839.9,2896.0,3126.6,16,1,3126.5,74,3,3126.4,111,5,3126.3,131,6,3126.2,94,4,3127.4,200,1,3127.8,49,1,3127.9,170,1,3128.0,22,1,3128.1,211,2
2031,2026-06-16 10:51:33+05:30,3127.9,4,3131.32,1161966,129119.0,212831.0,3163.0,3163.0,3108.0,3134.3,31878000,3447.7,2820.9,3839.9,2896.0,3126.6,16,1,3126.5,74,3,3126.4,111,5,3126.3,131,6,3126.2,94,4,3127.4,200,1,3127.8,49,1,3127.9,170,1,3128.0,22,1,3128.1,211,2
2031,2026-06-16 10:51:34+05:30,3127.3,1,3131.32,1161967,129224.0,212441.0,3163.0,3163.0,3108.0,3134.3,31878000,3447.7,2820.9,3839.9,2896.0,3126.6,89,3,3126.5,37,2,3126.4,129,5,3126.3,131,6,3126.2,36,4,3127.3,91,1,3127.4,252,3,3127.8,94,3,3127.9,190,2,3128.0,70,2
2031,2026-06-16 10:51:34+05:30,3127.3,1,3131.32,1161967,129224.0,212441.0,3163.0,3163.0,3108.0,3134.3,31878000,3447.7,2820.9,3839.9,2896.0,3126.6,89,3,3126.5,37,2,3126.4,129,5,3126.3,131,6,3126.2,36,4,3127.3,91,1,3127.4,252,3,3127.8,94,3,3127.9,190,2,3128.0,70,2
2031,2026-06-16 10:51:35+05:30,3126.6,6,3131.32,1162111,129880.0,212655.0,3163.0,3163.0,3108.0,3134.3,31878000,3447.7,2820.9,3839.9,2896.0,3126.9,21,1,3126.6,68,3,3126.5,19,1,3126.4,129,5,3126.3,151,7,3127.4,52,2,3127.5,121,1,3127.8,94,3,3127.9,20,1,3128.0,192,2
2031,2026-06-16 10:51:35+05:30,3126.6,6,3131.32,1162111,129880.0,212655.0,3163.0,3163.0,3108.0,3134.3,31878000,3447.7,2820.9,3839.9,2896.0,3126.9,21,1,3126.6,68,3,3126.5,19,1,3126.4,129,5,3126.3,151,7,3127.4,52,2,3127.5,121,1,3127.8,94,3,3127.9,20,1,3128.0,192,2
2031,2026-06-16 10:51:35+05:30,3126.6,6,3131.32,1162111,129880.0,212655.0,3163.0,3163.0,3108.0,3134.3,31878000,3447.7,2820.9,3839.9,2896.0,3126.9,21,1,3126.6,68,3,3126.5,19,1,3126.4,129,5,3126.3,151,7,3127.4,52,2,3127.5,121,1,3127.8,94,3,3127.9,20,1,3128.0,192,2
2031,2026-06-16 10:51:36+05:30,3126.9,162,3131.32,1162580,129208.0,211834.0,3163.0,3163.0,3108.0,3134.3,31878000,3447.7,2820.9,3839.9,2896.0,3126.6,49,1,3126.3,41,4,3126.2,6,1,3126.1,1,1,3126.0,204,4,3126.7,38,1,3127.6,20,1,3127.7,35,1,3127.8,153,5,3127.9,282,4
2031,2026-06-16 10:51:36+05:30,3126.7,18,3131.32,1162580,129208.0,211834.0,3163.0,3163.0,3108.0,3134.3,31878000,3447.7,2820.9,3839.9,2896.0,3126.6,49,1,3126.3,41,4,3126.2,6,1,3126.1,1,1,3126.0,204,4,3126.7,38,1,3127.6,20,1,3127.7,35,1,3127.8,153,5,3127.9,282,4
2031,2026-06-16 10:51:37+05:30,3126.7,18,3131.32,1162580,129208.0,211834.0,3163.0,3163.0,3108.0,3134.3,31878000,3447.7,2820.9,3839.9,2896.0,3126.6,49,1,3126.3,41,4,3126.2,6,1,3126.1,1,1,3126.0,204,4,3126.7,38,1,3127.6,20,1,3127.7,35,1,3127.8,153,5,3127.9,282,4
2031,2026-06-16 10:51:37+05:30,3126.4,7,3131.32,1162816,129577.0,210673.0,3163.0,3163.0,3108.0,3134.3,31878000,3447.7,2820.9,3839.9,2896.0,3126.4,34,2,3126.3,23,3,3126.2,141,4,3126.1,78,4,3126.0,253,8,3127.4,171,1,3127.6,49,1,3127.7,17,1,3127.8,46,2,3127.9,218,2
2031,2026-06-16 10:51:37+05:30,3126.4,7,3131.32,1162816,129577.0,210673.0,3163.0,3163.0,3108.0,3134.3,31878000,3447.7,2820.9,3839.9,2896.0,3126.4,34,2,3126.3,23,3,3126.2,141,4,3126.1,78,4,3126.0,253,8,3127.4,171,1,3127.6,49,1,3127.7,17,1,3127.8,46,2,3127.9,218,2
2031,2026-06-16 10:51:38+05:30,3127.5,1,3131.32,1163074,130124.0,211222.0,3163.0,3163.0,3108.0,3134.3,31878000,3447.7,2820.9,3839.9,2896.0,3127.2,5,1,3126.4,147,6,3126.3,105,5,3126.2,89,3,3126.1,160,3,3127.5,13,1,3127.6,22,2,3127.7,17,1,3127.8,24,1,3127.9,21,1
2031,2026-06-16 10:51:38+05:30,3127.5,1,3131.32,1163074,130124.0,211222.0,3163.0,3163.0,3108.0,3134.3,31878000,3447.7,2820.9,3839.9,2896.0,3127.2,5,1,3126.4,147,6,3126.3,105,5,3126.2,89,3,3126.1,160,3,3127.5,13,1,3127.6,22,2,3127.7,17,1,3127.8,24,1,3127.9,21,1
2031,2026-06-16 10:51:39+05:30,3127.2,5,3131.32,1163079,129745.0,212314.0,3163.0,3163.0,3108.0,3134.3,31878000,3447.7,2820.9,3839.9,2896.0,3126.5,16,1,3126.4,147,6,3126.3,80,5,3126.2,88,3,3126.1,74,4,3127.6,22,2,3127.7,17,1,3127.8,92,3,3128.0,72,3,3128.1,200,1
2031,2026-06-16 10:51:39+05:30,3127.2,5,3131.32,1163079,129745.0,212314.0,3163.0,3163.0,3108.0,3134.3,31878000,3447.7,2820.9,3839.9,2896.0,3126.5,16,1,3126.4,147,6,3126.3,80,5,3126.2,88,3,3126.1,74,4,3127.6,22,2,3127.7,17,1,3127.8,92,3,3128.0,72,3,3128.1,200,1
2031,2026-06-16 10:51:39+05:30,3127.2,5,3131.32,1163079,129745.0,212314.0,3163.0,3163.0,3108.0,3134.3,31878000,3447.7,2820.9,3839.9,2896.0,3126.5,16,1,3126.4,147,6,3126.3,80,5,3126.2,88,3,3126.1,74,4,3127.6,22,2,3127.7,17,1,3127.8,92,3,3128.0,72,3,3128.1,200,1
2031,2026-06-16 10:51:40+05:30,3127.5,1,3131.32,1163080,129828.0,212323.0,3163.0,3163.0,3108.0,3134.3,31878000,3447.7,2820.9,3839.9,2896.0,3126.5,72,2,3126.4,131,5,3126.3,62,4,3126.2,69,2,3126.1,114,5,3127.5,12,1,3127.6,22,2,3127.7,66,2,3127.8,43,2,3128.0,297,5
2031,2026-06-16 10:51:40+05:30,3127.5,1,3131.32,1163080,129828.0,212323.0,3163.0,3163.0,3108.0,3134.3,31878000,3447.7,2820.9,3839.9,2896.0,3126.5,72,2,3126.4,131,5,3126.3,62,4,3126.2,69,2,3126.1,114,5,3127.5,12,1,3127.6,22,2,3127.7,66,2,3127.8,43,2,3128.0,297,5
2031,2026-06-16 10:51:41+05:30,3127.5,1,3131.32,1163080,129828.0,212323.0,3163.0,3163.0,3108.0,3134.3,31878000,3447.7,2820.9,3839.9,2896.0,3126.5,72,2,3126.4,131,5,3126.3,62,4,3126.2,69,2,3126.1,114,5,3127.5,12,1,3127.6,22,2,3127.7,66,2,3127.8,43,2,3128.0,297,5
2031,2026-06-16 10:51:41+05:30,3127.5,1,3131.32,1163080,129889.0,212379.0,3163.0,3163.0,3108.0,3134.3,31878000,3447.7,2820.9,3839.9,2896.0,3126.6,22,1,3126.5,114,3,3126.4,99,3,3126.3,43,4,3126.2,69,2,3127.5,24,2,3127.6,34,3,3127.7,66,2,3127.8,24,1,3127.9,200,1
2031,2026-06-16 10:51:42+05:30,3127.5,1,3131.32,1163081,130588.0,212275.0,3163.0,3163.0,3108.0,3134.3,31878000,3447.7,2820.9,3839.9,2896.0,3127.0,22,2,3126.6,79,2,3126.5,114,3,3126.4,99,3,3126.3,107,5,3127.5,11,1,3127.6,22,2,3127.7,17,1,3127.8,24,1,3127.9,200,1
2031,2026-06-16 10:51:42+05:30,3127.5,1,3131.32,1163081,130588.0,212275.0,3163.0,3163.0,3108.0,3134.3,31878000,3447.7,2820.9,3839.9,2896.0,3127.0,22,2,3126.6,79,2,3126.5,114,3,3126.4,99,3,3126.3,107,5,3127.5,11,1,3127.6,22,2,3127.7,17,1,3127.8,24,1,3127.9,200,1
2031,2026-06-16 10:51:42+05:30,3127.5,1,3131.32,1163081,130588.0,212275.0,3163.0,3163.0,3108.0,3134.3,31878000,3447.7,2820.9,3839.9,2896.0,3127.0,22,2,3126.6,79,2,3126.5,114,3,3126.4,99,3,3126.3,107,5,3127.5,11,1,3127.6,22,2,3127.7,17,1,3127.8,24,1,3127.9,200,1
2031,2026-06-16 10:51:43+05:30,3127.5,1,3131.32,1163081,130588.0,212275.0,3163.0,3163.0,3108.0,3134.3,31878000,3447.7,2820.9,3839.9,2896.0,3127.0,22,2,3126.6,79,2,3126.5,114,3,3126.4,99,3,3126.3,107,5,3127.5,11,1,3127.6,22,2,3127.7,17,1,3127.8,24,1,3127.9,200,1
2031,2026-06-16 10:51:43+05:30,3126.6,17,3131.32,1163128,129852.0,212671.0,3163.0,3163.0,3108.0,3134.3,31878000,3447.7,2820.9,3839.9,2896.0,3126.6,66,3,3126.5,56,1,3126.4,51,2,3126.3,43,4,3126.1,29,3,3127.5,23,2,3127.6,34,3,3127.7,17,1,3127.8,381,6,3128.0,242,6
2031,2026-06-16 10:51:43+05:30,3126.6,17,3131.32,1163128,129852.0,212671.0,3163.0,3163.0,3108.0,3134.3,31878000,3447.7,2820.9,3839.9,2896.0,3126.6,66,3,3126.5,56,1,3126.4,51,2,3126.3,43,4,3126.1,29,3,3127.5,23,2,3127.6,34,3,3127.7,17,1,3127.8,381,6,3128.0,242,6
2031,2026-06-16 10:51:43+05:30,3126.6,17,3131.32,1163128,129852.0,212671.0,3163.0,3163.0,3108.0,3134.3,31878000,3447.7,2820.9,3839.9,2896.0,3126.6,66,3,3126.5,56,1,3126.4,51,2,3126.3,43,4,3126.1,29,3,3127.5,23,2,3127.6,34,3,3127.7,17,1,3127.8,381,6,3128.0,242,6
2031,2026-06-16 10:51:44+05:30,3126.6,17,3131.32,1163128,129852.0,212671.0,3163.0,3163.0,3108.0,3134.3,31878000,3447.7,2820.9,3839.9,2896.0,3126.6,66,3,3126.5,56,1,3126.4,51,2,3126.3,43,4,3126.1,29,3,3127.5,23,2,3127.6,34,3,3127.7,17,1,3127.8,381,6,3128.0,242,6
2031,2026-06-16 10:51:44+05:30,3127.4,274,3131.32,1163428,129725.0,212555.0,3163.0,3163.0,3108.0,3134.3,31878000,3447.7,2820.9,3839.9,2896.0,3126.6,66,3,3126.5,56,1,3126.4,51,2,3126.3,23,3,3126.1,194,4,3127.5,23,2,3127.6,34,3,3127.7,51,2,3127.8,323,5,3127.9,16,1
2031,2026-06-16 10:51:44+05:30,3127.4,274,3131.32,1163428,129725.0,212555.0,3163.0,3163.0,3108.0,3134.3,31878000,3447.7,2820.9,3839.9,2896.0,3126.6,66,3,3126.5,56,1,3126.4,51,2,3126.3,23,3,3126.1,194,4,3127.5,23,2,3127.6,34,3,3127.7,51,2,3127.8,323,5,3127.9,16,1
2031,2026-06-16 10:51:44+05:30,3127.4,274,3131.32,1163428,129725.0,212555.0,3163.0,3163.0,3108.0,3134.3,31878000,3447.7,2820.9,3839.9,2896.0,3126.6,66,3,3126.5,56,1,3126.4,51,2,3126.3,23,3,3126.1,194,4,3127.5,23,2,3127.6,34,3,3127.7,51,2,3127.8,323,5,3127.9,16,1
2031,2026-06-16 10:51:45+05:30,3127.4,1,3131.32,1163429,129524.0,212910.0,3163.0,3163.0,3108.0,3134.3,31878000,3447.7,2820.9,3839.9,2896.0,3127.1,2,2,3126.9,24,1,3126.6,62,3,3126.5,56,1,3126.4,51,2,3127.4,25,1,3127.5,41,4,3127.6,34,3,3127.7,17,1,3127.8,13,1
2031,2026-06-16 10:51:45+05:30,3127.4,1,3131.32,1163429,129524.0,212910.0,3163.0,3163.0,3108.0,3134.3,31878000,3447.7,2820.9,3839.9,2896.0,3127.1,2,2,3126.9,24,1,3126.6,62,3,3126.5,56,1,3126.4,51,2,3127.4,25,1,3127.5,41,4,3127.6,34,3,3127.7,17,1,3127.8,13,1
2031,2026-06-16 10:51:45+05:30,3127.4,1,3131.32,1163429,129524.0,212910.0,3163.0,3163.0,3108.0,3134.3,31878000,3447.7,2820.9,3839.9,2896.0,3127.1,2,2,3126.9,24,1,3126.6,62,3,3126.5,56,1,3126.4,51,2,3127.4,25,1,3127.5,41,4,3127.6,34,3,3127.7,17,1,3127.8,13,1
2031,2026-06-16 10:51:46+05:30,3127.4,1,3131.32,1163429,129524.0,212910.0,3163.0,3163.0,3108.0,3134.3,31878000,3447.7,2820.9,3839.9,2896.0,3127.1,2,2,3126.9,24,1,3126.6,62,3,3126.5,56,1,3126.4,51,2,3127.4,25,1,3127.5,41,4,3127.6,34,3,3127.7,17,1,3127.8,13,1
2031,2026-06-16 10:51:46+05:30,3127.4,1,3131.32,1163429,130374.0,212583.0,3163.0,3163.0,3108.0,3134.3,31878000,3447.7,2820.9,3839.9,2896.0,3127.1,98,4,3126.6,62,3,3126.4,6,1,3126.3,6,2,3126.2,68,2,3127.4,97,4,3127.5,51,2,3127.6,34,3,3127.7,17,1,3127.8,213,2
2031,2026-06-16 10:51:46+05:30,3127.1,15,3131.32,1163429,130374.0,212583.0,3163.0,3163.0,3108.0,3134.3,31878000,3447.7,2820.9,3839.9,2896.0,3127.1,98,4,3126.6,62,3,3126.4,6,1,3126.3,6,2,3126.2,68,2,3127.4,97,4,3127.5,51,2,3127.6,34,3,3127.7,17,1,3127.8,213,2
2031,2026-06-16 10:51:47+05:30,3127.1,15,3131.32,1163429,130374.0,212583.0,3163.0,3163.0,3108.0,3134.3,31878000,3447.7,2820.9,3839.9,2896.0,3127.1,98,4,3126.6,62,3,3126.4,6,1,3126.3,6,2,3126.2,68,2,3127.4,97,4,3127.5,51,2,3127.6,34,3,3127.7,17,1,3127.8,213,2
2031,2026-06-16 10:51:47+05:30,3127.1,15,3131.32,1163446,130392.0,212582.0,3163.0,3163.0,3108.0,3134.3,31878000,3447.7,2820.9,3839.9,2896.0,3127.1,83,4,3126.6,62,3,3126.4,6,1,3126.3,16,3,3126.2,241,3,3127.3,40,1,3127.4,105,5,3127.5,51,2,3127.6,9,1,3127.8,213,2
2031,2026-06-16 10:51:47+05:30,3127.1,40,3131.32,1163446,130392.0,212582.0,3163.0,3163.0,3108.0,3134.3,31878000,3447.7,2820.9,3839.9,2896.0,3127.1,83,4,3126.6,62,3,3126.4,6,1,3126.3,16,3,3126.2,241,3,3127.3,40,1,3127.4,105,5,3127.5,51,2,3127.6,9,1,3127.8,213,2
2031,2026-06-16 10:51:47+05:30,3127.1,40,3131.32,1163446,130392.0,212582.0,3163.0,3163.0,3108.0,3134.3,31878000,3447.7,2820.9,3839.9,2896.0,3127.1,83,4,3126.6,62,3,3126.4,6,1,3126.3,16,3,3126.2,241,3,3127.3,40,1,3127.4,105,5,3127.5,51,2,3127.6,9,1,3127.8,213,2
2031,2026-06-16 10:51:48+05:30,3127.2,15,3131.32,1163562,130127.0,212920.0,3163.0,3163.0,3108.0,3134.3,31878000,3447.7,2820.9,3839.9,2896.0,3127.2,25,1,3127.1,1,1,3126.6,62,3,3126.4,6,1,3126.3,29,4,3127.3,78,4,3127.4,102,3,3127.5,101,4,3127.6,22,2,3127.8,269,4
2031,2026-06-16 10:51:48+05:30,3127.3,103,3131.32,1163562,130127.0,212920.0,3163.0,3163.0,3108.0,3134.3,31878000,3447.7,2820.9,3839.9,2896.0,3127.2,25,1,3127.1,1,1,3126.6,62,3,3126.4,6,1,3126.3,29,4,3127.3,78,4,3127.4,102,3,3127.5,101,4,3127.6,22,2,3127.8,269,4
2031,2026-06-16 10:51:48+05:30,3127.3,103,3131.32,1163562,130127.0,212920.0,3163.0,3163.0,3108.0,3134.3,31878000,3447.7,2820.9,3839.9,2896.0,3127.2,25,1,3127.1,1,1,3126.6,62,3,3126.4,6,1,3126.3,29,4,3127.3,78,4,3127.4,102,3,3127.5,101,4,3127.6,22,2,3127.8,269,4
2031,2026-06-16 10:51:49+05:30,3127.3,103,3131.32,1163562,130127.0,212920.0,3163.0,3163.0,3108.0,3134.3,31878000,3447.7,2820.9,3839.9,2896.0,3127.2,25,1,3127.1,1,1,3126.6,62,3,3126.4,6,1,3126.3,29,4,3127.3,78,4,3127.4,102,3,3127.5,101,4,3127.6,22,2,3127.8,269,4
2031,2026-06-16 10:51:49+05:30,3127.3,103,3131.31,1163806,130248.0,213175.0,3163.0,3163.0,3108.0,3134.3,31878000,3447.7,2820.9,3839.9,2896.0,3127.1,1,1,3126.6,91,5,3126.3,29,4,3126.1,41,3,3126.0,200,2,3127.3,40,3,3127.4,144,6,3127.5,64,3,3127.6,238,4,3127.7,19,1
2031,2026-06-16 10:51:50+05:30,3127.3,103,3131.31,1163806,130248.0,213175.0,3163.0,3163.0,3108.0,3134.3,31880200,3447.7,2820.9,3839.9,2896.0,3127.1,1,1,3126.6,91,5,3126.3,29,4,3126.1,41,3,3126.0,200,2,3127.3,40,3,3127.4,144,6,3127.5,64,3,3127.6,238,4,3127.7,19,1
2031,2026-06-16 10:51:50+05:30,3127.2,12,3131.31,1163861,129764.0,213092.0,3163.0,3163.0,3108.0,3134.3,31880200,3447.7,2820.9,3839.9,2896.0,3126.6,102,6,3126.3,19,3,3126.1,62,3,3126.0,158,1,3125.9,82,4,3127.3,48,4,3127.4,108,6,3127.5,52,3,3127.6,252,5,3127.8,361,7
2031,2026-06-16 10:51:50+05:30,3127.2,12,3131.31,1163861,129764.0,213092.0,3163.0,3163.0,3108.0,3134.3,31880200,3447.7,2820.9,3839.9,2896.0,3126.6,102,6,3126.3,19,3,3126.1,62,3,3126.0,158,1,3125.9,82,4,3127.3,48,4,3127.4,108,6,3127.5,52,3,3127.6,252,5,3127.8,361,7
2031,2026-06-16 10:51:51+05:30,3127.3,1,3131.31,1163862,129774.0,213040.0,3163.0,3163.0,3108.0,3134.3,31880200,3447.7,2820.9,3839.9,2896.0,3126.6,102,6,3126.3,19,3,3126.1,110,4,3126.0,158,1,3125.9,82,4,3127.3,32,3,3127.4,108,6,3127.5,52,3,3127.6,252,5,3127.8,372,8
2031,2026-06-16 10:51:51+05:30,3127.3,1,3131.31,1163862,129774.0,213040.0,3163.0,3163.0,3108.0,3134.3,31880200,3447.7,2820.9,3839.9,2896.0,3126.6,102,6,3126.3,19,3,3126.1,110,4,3126.0,158,1,3125.9,82,4,3127.3,32,3,3127.4,108,6,3127.5,52,3,3127.6,252,5,3127.8,372,8
2031,2026-06-16 10:51:52+05:30,3127.2,12,3131.31,1163874,129765.0,212877.0,3163.0,3163.0,3108.0,3134.3,31880200,3447.7,2820.9,3839.9,2896.0,3126.6,102,6,3126.3,51,4,3126.1,310,5,3126.0,158,1,3125.9,82,4,3127.3,32,3,3127.4,108,6,3127.5,52,3,3127.6,252,5,3127.8,361,7
2031,2026-06-16 10:51:52+05:30,3127.2,12,3131.31,1163874,129765.0,212877.0,3163.0,3163.0,3108.0,3134.3,31880200,3447.7,2820.9,3839.9,2896.0,3126.6,102,6,3126.3,51,4,3126.1,310,5,3126.0,158,1,3125.9,82,4,3127.3,32,3,3127.4,108,6,3127.5,52,3,3127.6,252,5,3127.8,361,7
2031,2026-06-16 10:51:53+05:30,3126.6,12,3131.31,1163955,129819.0,213095.0,3163.0,3163.0,3108.0,3134.3,31880200,3447.7,2820.9,3839.9,2896.0,3126.6,33,5,3126.3,19,3,3126.1,20,2,3126.0,175,2,3125.9,82,4,3127.3,46,4,3127.4,345,8,3127.5,52,3,3127.6,252,5,3127.8,159,6
2031,2026-06-16 10:51:53+05:30,3126.6,12,3131.31,1163955,129819.0,213095.0,3163.0,3163.0,3108.0,3134.3,31880200,3447.7,2820.9,3839.9,2896.0,3126.6,33,5,3126.3,19,3,3126.1,20,2,3126.0,175,2,3125.9,82,4,3127.3,46,4,3127.4,345,8,3127.5,52,3,3127.6,252,5,3127.8,159,6
2031,2026-06-16 10:51:54+05:30,3127.3,29,3131.31,1164224,130049.0,212061.0,3163.0,3163.0,3108.0,3134.3,31880200,3447.7,2820.9,3839.9,2896.0,3126.6,64,8,3126.5,72,3,3126.4,14,1,3126.3,122,6,3126.2,151,4,3127.0,3,1,3127.4,83,4,3127.5,41,2,3127.6,2,1,3127.8,21,1
2031,2026-06-16 10:51:54+05:30,3127.0,3,3131.31,1164224,130049.0,212061.0,3163.0,3163.0,3108.0,3134.3,31880200,3447.7,2820.9,3839.9,2896.0,3126.6,64,8,3126.5,72,3,3126.4,14,1,3126.3,122,6,3126.2,151,4,3127.0,3,1,3127.4,83,4,3127.5,41,2,3127.6,2,1,3127.8,21,1
2031,2026-06-16 10:51:55+05:30,3127.4,8,3131.31,1164235,130071.0,212200.0,3163.0,3163.0,3108.0,3134.3,31880200,3447.7,2820.9,3839.9,2896.0,3126.6,27,4,3126.5,49,2,3126.4,14,1,3126.3,45,4,3126.2,111,2,3127.4,75,4,3127.5,41,2,3127.6,2,1,3127.8,30,1,3127.9,200,1
2031,2026-06-16 10:51:55+05:30,3127.4,8,3131.31,1164235,130071.0,212200.0,3163.0,3163.0,3108.0,3134.3,31880200,3447.7,2820.9,3839.9,2896.0,3126.6,27,4,3126.5,49,2,3126.4,14,1,3126.3,45,4,3126.2,111,2,3127.4,75,4,3127.5,41,2,3127.6,2,1,3127.8,30,1,3127.9,200,1
2031,2026-06-16 10:51:56+05:30,3127.4,8,3131.31,1164235,130293.0,212127.0,3163.0,3163.0,3108.0,3134.3,31880200,3447.7,2820.9,3839.9,2896.0,3126.9,25,1,3126.6,35,4,3126.5,49,2,3126.4,77,2,3126.3,125,6,3127.3,20,1,3127.4,75,4,3127.5,41,2,3127.6,2,1,3127.9,200,1
2031,2026-06-16 10:51:57+05:30,3127.3,15,3131.31,1164270,130617.0,211845.0,3163.0,3163.0,3108.0,3134.3,31880200,3447.7,2820.9,3839.9,2896.0,3127.0,23,1,3126.6,16,3,3126.5,49,2,3126.4,97,3,3126.3,150,5,3127.3,7,1,3127.4,117,5,3127.5,41,2,3127.6,2,1,3128.0,152,3
2031,2026-06-16 10:51:57+05:30,3127.0,23,3131.31,1164270,130617.0,211845.0,3163.0,3163.0,3108.0,3134.3,31880200,3447.7,2820.9,3839.9,2896.0,3127.0,23,1,3126.6,16,3,3126.5,49,2,3126.4,97,3,3126.3,150,5,3127.3,7,1,3127.4,117,5,3127.5,41,2,3127.6,2,1,3128.0,152,3
2031,2026-06-16 10:51:58+05:30,3127.4,1,3131.31,1164366,130463.0,212215.0,3163.0,3163.0,3108.0,3134.3,31880200,3447.7,2820.9,3839.9,2896.0,3127.0,23,1,3126.6,16,3,3126.5,36,1,3126.4,59,2,3126.3,100,5,3127.3,1,1,3127.4,115,5,3127.5,41,2,3127.6,2,1,3127.8,33,1
2031,2026-06-16 10:51:58+05:30,3127.4,1,3131.31,1164366,130463.0,212215.0,3163.0,3163.0,3108.0,3134.3,31880200,3447.7,2820.9,3839.9,2896.0,3127.0,23,1,3126.6,16,3,3126.5,36,1,3126.4,59,2,3126.3,100,5,3127.3,1,1,3127.4,115,5,3127.5,41,2,3127.6,2,1,3127.8,33,1
2031,2026-06-16 10:51:59+05:30,3127.3,1,3131.31,1164367,130534.0,211652.0,3163.0,3163.0,3108.0,3134.3,31880200,3447.7,2820.9,3839.9,2896.0,3127.0,26,2,3126.6,26,3,3126.5,114,3,3126.4,122,3,3126.3,100,5,3127.3,1,1,3127.4,115,5,3127.5,41,2,3127.6,2,1,3127.9,31,1
2031,2026-06-16 10:51:59+05:30,3127.3,1,3131.31,1164367,130534.0,211652.0,3163.0,3163.0,3108.0,3134.3,31880200,3447.7,2820.9,3839.9,2896.0,3127.0,26,2,3126.6,26,3,3126.5,114,3,3126.4,122,3,3126.3,100,5,3127.3,1,1,3127.4,115,5,3127.5,41,2,3127.6,2,1,3127.9,31,1
2031,2026-06-16 10:52:00+05:30,3127.4,71,3131.31,1164612,130683.0,211298.0,3163.0,3163.0,3108.0,3134.3,31880200,3447.7,2820.9,3839.9,2896.0,3127.2,2,2,3127.1,1,1,3126.6,52,4,3126.5,51,2,3126.4,78,4,3127.3,31,1,3127.4,1,1,3127.5,41,2,3127.6,2,1,3127.8,19,1
2031,2026-06-16 10:52:00+05:30,3127.4,71,3131.31,1164612,130683.0,211298.0,3163.0,3163.0,3108.0,3134.3,31880200,3447.7,2820.9,3839.9,2896.0,3127.2,2,2,3127.1,1,1,3126.6,52,4,3126.5,51,2,3126.4,78,4,3127.3,31,1,3127.4,1,1,3127.5,41,2,3127.6,2,1,3127.8,19,1
2031,2026-06-16 10:52:01+05:30,3127.2,1,3131.31,1164616,130467.0,211689.0,3163.0,3163.0,3108.0,3134.3,31880200,3447.7,2820.9,3839.9,2896.0,3127.1,1,1,3126.7,15,1,3126.6,52,4,3126.5,30,2,3126.4,61,2,3127.2,31,1,3127.3,37,2,3127.4,1,1,3127.5,60,3,3127.6,202,2
2031,2026-06-16 10:52:01+05:30,3127.2,31,3131.31,1164616,130467.0,211689.0,3163.0,3163.0,3108.0,3134.3,31880200,3447.7,2820.9,3839.9,2896.0,3127.1,1,1,3126.7,15,1,3126.6,52,4,3126.5,30,2,3126.4,61,2,3127.2,31,1,3127.3,37,2,3127.4,1,1,3127.5,60,3,3127.6,202,2
2031,2026-06-16 10:52:02+05:30,3127.7,81,3131.31,1165189,130442.0,211509.0,3163.0,3163.0,3108.0,3134.3,31880200,3447.7,2820.9,3839.9,2896.0,3127.1,1,1,3126.7,15,1,3126.6,52,4,3126.5,30,2,3126.4,113,3,3127.6,47,3,3127.7,13,1,3127.8,56,2,3127.9,57,2,3128.0,156,3
2031,2026-06-16 10:52:02+05:30,3127.7,81,3131.31,1165189,130442.0,211509.0,3163.0,3163.0,3108.0,3134.3,31880200,3447.7,2820.9,3839.9,2896.0,3127.1,1,1,3126.7,15,1,3126.6,52,4,3126.5,30,2,3126.4,113,3,3127.6,47,3,3127.7,13,1,3127.8,56,2,3127.9,57,2,3128.0,156,3
2031,2026-06-16 10:52:03+05:30,3127.7,81,3131.31,1165189,130047.0,212124.0,3163.0,3163.0,3108.0,3134.3,31880200,3447.7,2820.9,3839.9,2896.0,3127.1,1,1,3126.7,15,1,3126.6,49,4,3126.5,30,2,3126.4,113,3,3127.5,84,3,3127.6,96,4,3127.7,50,2,3127.8,36,2,3127.9,144,2
2031,2026-06-16 10:52:03+05:30,3127.5,1,3131.31,1165189,130047.0,212124.0,3163.0,3163.0,3108.0,3134.3,31880200,3447.7,2820.9,3839.9,2896.0,3127.1,1,1,3126.7,15,1,3126.6,49,4,3126.5,30,2,3126.4,113,3,3127.5,84,3,3127.6,96,4,3127.7,50,2,3127.8,36,2,3127.9,144,2
2031,2026-06-16 10:52:04+05:30,3127.5,1,3131.31,1165191,129842.0,212628.0,3163.0,3163.0,3108.0,3134.3,31880200,3447.7,2820.9,3839.9,2896.0,3127.1,1,1,3126.7,15,1,3126.6,49,4,3126.5,30,2,3126.4,113,3,3127.5,95,4,3127.6,112,5,3127.7,50,2,3127.8,155,3,3127.9,25,1
2031,2026-06-16 10:52:04+05:30,3127.5,1,3131.31,1165191,129842.0,212628.0,3163.0,3163.0,3108.0,3134.3,31880200,3447.7,2820.9,3839.9,2896.0,3127.1,1,1,3126.7,15,1,3126.6,49,4,3126.5,30,2,3126.4,113,3,3127.5,95,4,3127.6,112,5,3127.7,50,2,3127.8,155,3,3127.9,25,1
2031,2026-06-16 10:52:05+05:30,3127.1,7,3131.31,1165198,129766.0,203207.0,3163.0,3163.0,3108.0,3134.3,31880200,3447.7,2820.9,3839.9,2896.0,3127.3,26,1,3127.1,1,1,3127.0,11,1,3126.9,15,1,3126.7,15,1,3127.5,29,2,3127.6,78,3,3127.7,63,3,3127.8,138,2,3127.9,25,1
2031,2026-06-16 10:52:05+05:30,3127.1,7,3131.31,1165198,129766.0,203207.0,3163.0,3163.0,3108.0,3134.3,31880200,3447.7,2820.9,3839.9,2896.0,3127.3,26,1,3127.1,1,1,3127.0,11,1,3126.9,15,1,3126.7,15,1,3127.5,29,2,3127.6,78,3,3127.7,63,3,3127.8,138,2,3127.9,25,1
2031,2026-06-16 10:52:06+05:30,3127.4,36,3131.31,1165448,129325.0,203506.0,3163.0,3163.0,3108.0,3134.3,31880200,3447.7,2820.9,3839.9,2896.0,3127.1,1,1,3127.0,11,1,3126.9,15,1,3126.7,15,1,3126.6,4,1,3127.5,84,6,3127.6,190,4,3127.7,26,2,3127.8,56,2,3127.9,25,1
2031,2026-06-16 10:52:06+05:30,3127.1,1,3131.31,1165448,129325.0,203506.0,3163.0,3163.0,3108.0,3134.3,31880200,3447.7,2820.9,3839.9,2896.0,3127.1,1,1,3127.0,11,1,3126.9,15,1,3126.7,15,1,3126.6,4,1,3127.5,84,6,3127.6,190,4,3127.7,26,2,3127.8,56,2,3127.9,25,1
2031,2026-06-16 10:52:07+05:30,3127.1,1,3131.31,1165449,129353.0,203246.0,3163.0,3163.0,3108.0,3134.3,31880200,3447.7,2820.9,3839.9,2896.0,3126.9,15,1,3126.8,12,1,3126.7,15,1,3126.6,4,1,3126.4,16,1,3127.5,107,7,3127.6,190,4,3127.7,48,3,3127.8,81,3,3127.9,62,2
2031,2026-06-16 10:52:08+05:30,3127.1,1,3131.31,1165449,129366.0,203339.0,3163.0,3163.0,3108.0,3134.3,31880200,3447.7,2820.9,3839.9,2896.0,3126.9,15,1,3126.8,12,1,3126.6,4,1,3126.4,16,1,3126.3,23,3,3127.4,12,1,3127.5,85,6,3127.6,190,4,3127.7,48,3,3127.8,133,4
2031,2026-06-16 10:52:09+05:30,3127.4,10,3131.31,1165460,129365.0,203314.0,3163.0,3163.0,3108.0,3134.3,31880200,3447.7,2820.9,3839.9,2896.0,3126.8,25,2,3126.6,4,1,3126.3,23,3,3126.2,16,1,3126.1,234,4,3127.4,32,4,3127.5,51,4,3127.6,251,6,3127.7,48,3,3127.8,133,4
2031,2026-06-16 10:52:09+05:30,3127.4,10,3131.31,1165460,129365.0,203314.0,3163.0,3163.0,3108.0,3134.3,31880200,3447.7,2820.9,3839.9,2896.0,3126.8,25,2,3126.6,4,1,3126.3,23,3,3126.2,16,1,3126.1,234,4,3127.4,32,4,3127.5,51,4,3127.6,251,6,3127.7,48,3,3127.8,133,4
2031,2026-06-16 10:52:10+05:30,3127.3,1,3131.31,1165461,129629.0,203122.0,3163.0,3163.0,3108.0,3134.3,31880200,3447.7,2820.9,3839.9,2896.0,3126.8,37,1,3126.6,38,3,3126.4,24,2,3126.3,73,4,3126.2,17,2,3127.3,12,1,3127.4,16,2,3127.5,25,2,3127.6,190,4,3127.7,22,1
2031,2026-06-16 10:52:10+05:30,3127.3,1,3131.31,1165461,129629.0,203122.0,3163.0,3163.0,3108.0,3134.3,31880200,3447.7,2820.9,3839.9,2896.0,3126.8,37,1,3126.6,38,3,3126.4,24,2,3126.3,73,4,3126.2,17,2,3127.3,12,1,3127.4,16,2,3127.5,25,2,3127.6,190,4,3127.7,22,1
2031,2026-06-16 10:52:11+05:30,3127.2,13,3131.31,1165461,129629.0,203122.0,3163.0,3163.0,3108.0,3134.3,31880200,3447.7,2820.9,3839.9,2896.0,3126.8,37,1,3126.6,38,3,3126.4,24,2,3126.3,73,4,3126.2,17,2,3127.3,12,1,3127.4,16,2,3127.5,25,2,3127.6,190,4,3127.7,22,1
2031,2026-06-16 10:52:11+05:30,3127.2,13,3131.31,1165540,129699.0,203390.0,3163.0,3163.0,3108.0,3134.3,31880200,3447.7,2820.9,3839.9,2896.0,3126.8,51,2,3126.6,28,2,3126.3,23,3,3126.2,16,1,3126.1,15,3,3127.3,17,3,3127.4,19,1,3127.5,220,6,3127.6,79,3,3127.7,28,1
2031,2026-06-16 10:52:12+05:30,3127.6,6,3131.31,1165540,129699.0,203390.0,3163.0,3163.0,3108.0,3134.3,31880200,3447.7,2820.9,3839.9,2896.0,3126.8,51,2,3126.6,28,2,3126.3,23,3,3126.2,16,1,3126.1,15,3,3127.3,17,3,3127.4,19,1,3127.5,220,6,3127.6,79,3,3127.7,28,1
2031,2026-06-16 10:52:12+05:30,3127.6,6,3131.31,1165605,129922.0,203073.0,3163.0,3163.0,3108.0,3134.3,31880200,3447.7,2820.9,3839.9,2896.0,3126.8,37,1,3126.6,39,3,3126.4,14,1,3126.3,40,4,3126.2,16,1,3127.3,57,2,3127.6,193,3,3127.8,19,1,3127.9,34,1,3128.0,262,7
2031,2026-06-16 10:52:13+05:30,3127.3,15,3131.31,1165605,129922.0,203073.0,3163.0,3163.0,3108.0,3134.3,31880200,3447.7,2820.9,3839.9,2896.0,3126.8,37,1,3126.6,39,3,3126.4,14,1,3126.3,40,4,3126.2,16,1,3127.3,57,2,3127.6,193,3,3127.8,19,1,3127.9,34,1,3128.0,262,7
2031,2026-06-16 10:52:13+05:30,3127.3,15,3131.31,1165620,129922.0,202855.0,3163.0,3163.0,3108.0,3134.3,31880200,3447.7,2820.9,3839.9,2896.0,3126.8,37,1,3126.6,39,3,3126.4,14,1,3126.3,40,4,3126.2,68,2,3127.3,42,2,3127.6,193,3,3127.8,19,1,3127.9,34,1,3128.0,262,7
2031,2026-06-16 10:52:14+05:30,3127.3,3,3131.31,1165620,129922.0,202855.0,3163.0,3163.0,3108.0,3134.3,31880200,3447.7,2820.9,3839.9,2896.0,3126.8,37,1,3126.6,39,3,3126.4,14,1,3126.3,40,4,3126.2,68,2,3127.3,42,2,3127.6,193,3,3127.8,19,1,3127.9,34,1,3128.0,262,7
2031,2026-06-16 10:52:14+05:30,3127.3,3,3131.31,1165630,129937.0,202993.0,3163.0,3163.0,3108.0,3134.3,31880200,3447.7,2820.9,3839.9,2896.0,3126.9,24,1,3126.8,50,2,3126.7,8,1,3126.6,16,2,3126.4,40,1,3127.3,19,1,3127.6,157,2,3127.9,70,2,3128.0,199,5,3128.1,250,3
2031,2026-06-16 10:52:15+05:30,3127.3,3,3131.31,1165630,129990.0,203334.0,3163.0,3163.0,3108.0,3134.3,31880200,3447.7,2820.9,3839.9,2896.0,3127.1,2,2,3127.0,25,1,3126.9,2,1,3126.8,62,3,3126.6,4,1,3127.3,19,1,3127.6,157,2,3128.0,141,3,3128.1,222,2,3128.2,99,3
2031,2026-06-16 10:52:16+05:30,3127.3,3,3131.31,1165630,130015.0,203396.0,3163.0,3163.0,3108.0,3134.3,31880200,3447.7,2820.9,3839.9,2896.0,3127.1,65,4,3126.9,17,2,3126.8,37,1,3126.7,20,1,3126.6,82,5,3127.3,19,1,3127.6,157,2,3127.9,35,1,3128.0,122,2,3128.1,222,2
2031,2026-06-16 10:52:17+05:30,3127.3,1,3131.31,1165630,130015.0,203396.0,3163.0,3163.0,3108.0,3134.3,31880200,3447.7,2820.9,3839.9,2896.0,3127.1,65,4,3126.9,17,2,3126.8,37,1,3126.7,20,1,3126.6,82,5,3127.3,19,1,3127.6,157,2,3127.9,35,1,3128.0,122,2,3128.1,222,2
2031,2026-06-16 10:52:17+05:30,3127.3,1,3131.31,1165631,130035.0,203455.0,3163.0,3163.0,3108.0,3134.3,31880200,3447.7,2820.9,3839.9,2896.0,3127.1,65,4,3126.9,17,2,3126.8,57,2,3126.6,82,5,3126.5,28,2,3127.3,96,3,3127.6,157,2,3127.9,35,1,3128.0,122,2,3128.1,222,2
2031,2026-06-16 10:52:18+05:30,3127.3,6,3131.31,1165801,130131.0,203520.0,3163.0,3163.0,3108.0,3134.3,31880200,3447.7,2820.9,3839.9,2896.0,3127.1,40,3,3126.9,41,3,3126.8,47,2,3126.6,78,4,3126.5,28,2,3127.6,157,2,3128.0,100,1,3128.1,170,1,3128.2,199,4,3128.3,282,4
2031,2026-06-16 10:52:18+05:30,3127.3,6,3131.31,1165801,130131.0,203520.0,3163.0,3163.0,3108.0,3134.3,31880200,3447.7,2820.9,3839.9,2896.0,3127.1,40,3,3126.9,41,3,3126.8,47,2,3126.6,78,4,3126.5,28,2,3127.6,157,2,3128.0,100,1,3128.1,170,1,3128.2,199,4,3128.3,282,4
2031,2026-06-16 10:52:19+05:30,3127.6,3,3131.31,1165801,130131.0,203520.0,3163.0,3163.0,3108.0,3134.3,31880200,3447.7,2820.9,3839.9,2896.0,3127.1,40,3,3126.9,41,3,3126.8,47,2,3126.6,78,4,3126.5,28,2,3127.6,157,2,3128.0,100,1,3128.1,170,1,3128.2,199,4,3128.3,282,4
2031,2026-06-16 10:52:19+05:30,3127.6,3,3131.31,1165805,130126.0,203507.0,3163.0,3163.0,3108.0,3134.3,31880200,3447.7,2820.9,3839.9,2896.0,3127.1,63,4,3126.9,15,2,3126.8,67,3,3126.7,57,2,3126.6,58,3,3127.6,153,2,3128.0,100,1,3128.1,170,1,3128.2,120,2,3128.3,252,2
2031,2026-06-16 10:52:20+05:30,3127.6,3,3131.31,1165805,129869.0,203675.0,3163.0,3163.0,3108.0,3134.3,31880200,3447.7,2820.9,3839.9,2896.0,3127.3,2,2,3127.1,61,2,3127.0,98,6,3126.9,27,3,3126.8,70,3,3127.6,153,2,3128.0,100,1,3128.1,170,1,3128.2,120,2,3128.3,200,1
2031,2026-06-16 10:52:21+05:30,3127.1,37,3131.31,1165805,129869.0,203675.0,3163.0,3163.0,3108.0,3134.3,31880200,3447.7,2820.9,3839.9,2896.0,3127.3,2,2,3127.1,61,2,3127.0,98,6,3126.9,27,3,3126.8,70,3,3127.6,153,2,3128.0,100,1,3128.1,170,1,3128.2,120,2,3128.3,200,1
2031,2026-06-16 10:52:21+05:30,3127.1,37,3131.31,1165845,129817.0,203559.0,3163.0,3163.0,3108.0,3134.3,31880200,3447.7,2820.9,3839.9,2896.0,3127.3,25,1,3127.1,1,1,3127.0,32,2,3126.9,63,4,3126.8,65,3,3127.6,153,2,3128.0,100,1,3128.1,170,1,3128.2,120,2,3128.3,200,1
2031,2026-06-16 10:52:22+05:30,3127.3,200,3131.31,1165845,129817.0,203559.0,3163.0,3163.0,3108.0,3134.3,31880200,3447.7,2820.9,3839.9,2896.0,3127.3,25,1,3127.1,1,1,3127.0,32,2,3126.9,63,4,3126.8,65,3,3127.6,153,2,3128.0,100,1,3128.1,170,1,3128.2,120,2,3128.3,200,1
2031,2026-06-16 10:52:22+05:30,3127.3,200,3131.31,1166045,129926.0,203643.0,3163.0,3163.0,3108.0,3134.3,31880200,3447.7,2820.9,3839.9,2896.0,3127.3,90,2,3127.1,1,1,3127.0,38,3,3126.9,27,3,3126.8,51,2,3127.6,154,3,3128.0,100,1,3128.1,170,1,3128.2,120,2,3128.3,200,1
2031,2026-06-16 10:52:23+05:30,3128.0,1,3131.31,1166045,129926.0,203643.0,3163.0,3163.0,3108.0,3134.3,31880200,3447.7,2820.9,3839.9,2896.0,3127.3,90,2,3127.1,1,1,3127.0,38,3,3126.9,27,3,3126.8,51,2,3127.6,154,3,3128.0,100,1,3128.1,170,1,3128.2,120,2,3128.3,200,1
2031,2026-06-16 10:52:23+05:30,3128.0,1,3131.31,1166246,130912.0,201571.0,3163.0,3163.0,3108.0,3134.3,31880200,3447.7,2820.9,3839.9,2896.0,3127.4,81,7,3127.3,192,6,3127.2,60,3,3127.1,10,2,3127.0,44,4,3128.0,98,1,3128.2,100,1,3128.5,10,1,3128.6,51,2,3128.7,170,1
2031,2026-06-16 10:52:24+05:30,3128.0,1,3131.31,1166246,130912.0,201571.0,3163.0,3163.0,3108.0,3134.3,31880200,3447.7,2820.9,3839.9,2896.0,3127.4,81,7,3127.3,192,6,3127.2,60,3,3127.1,10,2,3127.0,44,4,3128.0,98,1,3128.2,100,1,3128.5,10,1,3128.6,51,2,3128.7,170,1
2031,2026-06-16 10:52:24+05:30,3128.0,1,3131.31,1166247,130912.0,201578.0,3163.0,3163.0,3108.0,3134.3,31880200,3447.7,2820.9,3839.9,2896.0,3127.4,100,9,3127.3,174,5,3127.2,75,4,3127.1,10,2,3127.0,44,4,3128.0,97,1,3128.2,100,1,3128.5,10,1,3128.6,51,2,3128.7,170,1
2031,2026-06-16 10:52:25+05:30,3128.0,11,3131.31,1166247,130912.0,201578.0,3163.0,3163.0,3108.0,3134.3,31880200,3447.7,2820.9,3839.9,2896.0,3127.4,100,9,3127.3,174,5,3127.2,75,4,3127.1,10,2,3127.0,44,4,3128.0,97,1,3128.2,100,1,3128.5,10,1,3128.6,51,2,3128.7,170,1
2031,2026-06-16 10:52:25+05:30,3128.0,11,3131.31,1166258,131108.0,201536.0,3163.0,3163.0,3108.0,3134.3,31880200,3447.7,2820.9,3839.9,2896.0,3127.6,65,6,3127.5,75,5,3127.4,146,9,3127.3,141,4,3127.2,95,5,3128.0,112,2,3128.2,100,1,3128.6,21,1,3128.7,170,1,3128.8,20,1
2031,2026-06-16 10:52:26+05:30,3128.0,11,3131.31,1166258,131113.0,201774.0,3163.0,3163.0,3108.0,3134.3,31880200,3447.7,2820.9,3839.9,2896.0,3127.6,69,7,3127.5,55,4,3127.4,170,10,3127.3,141,4,3127.2,105,6,3128.0,134,4,3128.2,100,1,3128.6,21,1,3128.7,170,1,3128.8,52,2
2031,2026-06-16 10:52:28+05:30,3128.0,11,3131.31,1166258,131151.0,201774.0,3163.0,3163.0,3108.0,3134.3,31880200,3447.7,2820.9,3839.9,2896.0,3127.6,107,8,3127.5,55,4,3127.4,170,10,3127.3,141,4,3127.2,105,6,3128.0,134,4,3128.2,100,1,3128.6,21,1,3128.7,170,1,3128.8,52,2
2031,2026-06-16 10:52:29+05:30,3128.0,10,3131.31,1166268,131109.0,201761.0,3163.0,3163.0,3108.0,3134.3,31880200,3447.7,2820.9,3839.9,2896.0,3127.6,81,6,3127.5,55,4,3127.4,150,9,3127.3,141,4,3127.2,105,6,3128.0,124,4,3128.2,100,1,3128.6,50,2,3128.7,170,1,3128.8,20,1
2031,2026-06-16 10:52:29+05:30,3128.0,10,3131.31,1166268,131109.0,201761.0,3163.0,3163.0,3108.0,3134.3,31880200,3447.7,2820.9,3839.9,2896.0,3127.6,81,6,3127.5,55,4,3127.4,150,9,3127.3,141,4,3127.2,105,6,3128.0,124,4,3128.2,100,1,3128.6,50,2,3128.7,170,1,3128.8,20,1
2031,2026-06-16 10:52:30+05:30,3128.0,10,3131.31,1166268,131110.0,201768.0,3163.0,3163.0,3108.0,3134.3,31880200,3447.7,2820.9,3839.9,2896.0,3127.6,81,6,3127.5,55,4,3127.4,150,9,3127.3,141,4,3127.2,105,6,3128.0,124,4,3128.2,100,1,3128.6,50,2,3128.7,170,1,3128.8,20,1
2031,2026-06-16 10:52:30+05:30,3128.0,1,3131.31,1166268,131110.0,201768.0,3163.0,3163.0,3108.0,3134.3,31880200,3447.7,2820.9,3839.9,2896.0,3127.6,81,6,3127.5,55,4,3127.4,150,9,3127.3,141,4,3127.2,105,6,3128.0,124,4,3128.2,100,1,3128.6,50,2,3128.7,170,1,3128.8,20,1
2031,2026-06-16 10:52:31+05:30,3128.2,1,3131.31,1166455,131122.0,202070.0,3163.0,3163.0,3108.0,3134.3,31880200,3447.7,2820.9,3839.9,2896.0,3127.9,24,1,3127.8,14,4,3127.6,68,6,3127.5,98,6,3127.4,124,8,3128.2,99,1,3128.7,170,1,3128.8,55,2,3128.9,250,2,3129.0,359,7
2031,2026-06-16 10:52:31+05:30,3128.2,1,3131.31,1166455,131122.0,202070.0,3163.0,3163.0,3108.0,3134.3,31880200,3447.7,2820.9,3839.9,2896.0,3127.9,24,1,3127.8,14,4,3127.6,68,6,3127.5,98,6,3127.4,124,8,3128.2,99,1,3128.7,170,1,3128.8,55,2,3128.9,250,2,3129.0,359,7
2031,2026-06-16 10:52:32+05:30,3128.2,99,3131.31,1166554,131306.0,201340.0,3163.0,3163.0,3108.0,3134.3,31880200,3447.7,2820.9,3839.9,2896.0,3128.0,12,1,3127.9,119,6,3127.8,9,3,3127.6,76,7,3127.5,121,6,3128.7,170,1,3128.9,250,2,3129.0,307,6,3129.2,115,3,3129.3,203,2
2031,2026-06-16 10:52:32+05:30,3128.2,99,3131.31,1166554,131306.0,201340.0,3163.0,3163.0,3108.0,3134.3,31880200,3447.7,2820.9,3839.9,2896.0,3128.0,12,1,3127.9,119,6,3127.8,9,3,3127.6,76,7,3127.5,121,6,3128.7,170,1,3128.9,250,2,3129.0,307,6,3129.2,115,3,3129.3,203,2
2031,2026-06-16 10:52:32+05:30,3127.9,5,3131.31,1166554,131306.0,201340.0,3163.0,3163.0,3108.0,3134.3,31880200,3447.7,2820.9,3839.9,2896.0,3128.0,12,1,3127.9,119,6,3127.8,9,3,3127.6,76,7,3127.5,121,6,3128.7,170,1,3128.9,250,2,3129.0,307,6,3129.2,115,3,3129.3,203,2
2031,2026-06-16 10:52:33+05:30,3127.9,5,3131.3,1166660,131759.0,201296.0,3163.0,3163.0,3108.0,3134.3,31880200,3447.7,2820.9,3839.9,2896.0,3128.2,22,1,3128.0,30,2,3127.9,52,3,3127.8,9,3,3127.6,270,9,3128.7,164,1,3128.9,250,2,3129.0,271,4,3129.2,115,3,3129.3,203,2
2031,2026-06-16 10:52:33+05:30,3127.9,5,3131.3,1166660,131759.0,201296.0,3163.0,3163.0,3108.0,3134.3,31880200,3447.7,2820.9,3839.9,2896.0,3128.2,22,1,3128.0,30,2,3127.9,52,3,3127.8,9,3,3127.6,270,9,3128.7,164,1,3128.9,250,2,3129.0,271,4,3129.2,115,3,3129.3,203,2
2031,2026-06-16 10:52:34+05:30,3128.7,65,3131.3,1166725,131456.0,201255.0,3163.0,3163.0,3108.0,3134.3,31880200,3447.7,2820.9,3839.9,2896.0,3128.4,24,1,3128.0,48,3,3127.9,37,2,3127.8,9,3,3127.7,21,2,3128.7,140,2,3128.9,250,2,3129.0,271,4,3129.2,63,2,3129.3,203,2
2031,2026-06-16 10:52:34+05:30,3128.7,1,3131.3,1166725,131456.0,201255.0,3163.0,3163.0,3108.0,3134.3,31880200,3447.7,2820.9,3839.9,2896.0,3128.4,24,1,3128.0,48,3,3127.9,37,2,3127.8,9,3,3127.7,21,2,3128.7,140,2,3128.9,250,2,3129.0,271,4,3129.2,63,2,3129.3,203,2
2031,2026-06-16 10:52:35+05:30,3128.7,1,3131.3,1167086,131349.0,201236.0,3163.0,3163.0,3108.0,3134.3,31880200,3447.7,2820.9,3839.9,2896.0,3127.9,79,5,3127.8,29,4,3127.7,22,2,3127.6,232,8,3127.5,96,6,3128.7,139,2,3128.9,250,2,3129.0,271,4,3129.2,63,2,3129.3,214,3
2031,2026-06-16 10:52:35+05:30,3128.5,1,3131.3,1167086,131349.0,201236.0,3163.0,3163.0,3108.0,3134.3,31880200,3447.7,2820.9,3839.9,2896.0,3127.9,79,5,3127.8,29,4,3127.7,22,2,3127.6,232,8,3127.5,96,6,3128.7,139,2,3128.9,250,2,3129.0,271,4,3129.2,63,2,3129.3,214,3
2031,2026-06-16 10:52:35+05:30,3128.5,1,3131.3,1167086,131349.0,201236.0,3163.0,3163.0,3108.0,3134.3,31880200,3447.7,2820.9,3839.9,2896.0,3127.9,79,5,3127.8,29,4,3127.7,22,2,3127.6,232,8,3127.5,96,6,3128.7,139,2,3128.9,250,2,3129.0,271,4,3129.2,63,2,3129.3,214,3
2031,2026-06-16 10:52:36+05:30,3128.5,1,3131.3,1167088,131960.0,201184.0,3163.0,3163.0,3108.0,3134.3,31880200,3447.7,2820.9,3839.9,2896.0,3128.3,7,3,3128.0,38,3,3127.9,70,5,3127.8,99,6,3127.7,74,3,3128.5,1,1,3128.7,139,2,3128.9,250,2,3129.0,271,4,3129.2,63,2
2031,2026-06-16 10:52:36+05:30,3128.5,1,3131.3,1167088,131960.0,201184.0,3163.0,3163.0,3108.0,3134.3,31880200,3447.7,2820.9,3839.9,2896.0,3128.3,7,3,3128.0,38,3,3127.9,70,5,3127.8,99,6,3127.7,74,3,3128.5,1,1,3128.7,139,2,3128.9,250,2,3129.0,271,4,3129.2,63,2
2031,2026-06-16 10:52:37+05:30,3128.5,1,3131.3,1167089,131920.0,201119.0,3163.0,3163.0,3108.0,3134.3,31880200,3447.7,2820.9,3839.9,2896.0,3128.3,7,3,3128.0,38,3,3127.9,80,5,3127.8,74,5,3127.7,22,2,3128.5,1,1,3128.7,139,2,3128.9,250,2,3129.0,271,4,3129.2,63,2
2031,2026-06-16 10:52:37+05:30,3128.3,1,3131.3,1167089,131920.0,201119.0,3163.0,3163.0,3108.0,3134.3,31880200,3447.7,2820.9,3839.9,2896.0,3128.3,7,3,3128.0,38,3,3127.9,80,5,3127.8,74,5,3127.7,22,2,3128.5,1,1,3128.7,139,2,3128.9,250,2,3129.0,271,4,3129.2,63,2
2031,2026-06-16 10:52:37+05:30,3128.3,1,3131.3,1167089,131920.0,201119.0,3163.0,3163.0,3108.0,3134.3,31880200,3447.7,2820.9,3839.9,2896.0,3128.3,7,3,3128.0,38,3,3127.9,80,5,3127.8,74,5,3127.7,22,2,3128.5,1,1,3128.7,139,2,3128.9,250,2,3129.0,271,4,3129.2,63,2
2031,2026-06-16 10:52:38+05:30,3128.7,65,3131.3,1167163,131993.0,200842.0,3163.0,3163.0,3108.0,3134.3,31880200,3447.7,2820.9,3839.9,2896.0,3128.4,7,1,3128.3,78,6,3128.0,38,3,3127.9,132,6,3127.8,74,5,3128.7,74,2,3128.9,250,2,3129.0,271,4,3129.2,42,1,3129.3,200,1
2031,2026-06-16 10:52:38+05:30,3128.7,65,3131.3,1167163,131993.0,200842.0,3163.0,3163.0,3108.0,3134.3,31880200,3447.7,2820.9,3839.9,2896.0,3128.4,7,1,3128.3,78,6,3128.0,38,3,3127.9,132,6,3127.8,74,5,3128.7,74,2,3128.9,250,2,3129.0,271,4,3129.2,42,1,3129.3,200,1
2031,2026-06-16 10:52:39+05:30,3128.3,89,3131.3,1167452,131049.0,201423.0,3163.0,3163.0,3108.0,3134.3,31880200,3447.7,2820.9,3839.9,2896.0,3127.9,35,2,3127.8,51,4,3127.7,17,2,3127.6,38,6,3127.5,69,5,3128.2,111,1,3128.5,54,2,3128.7,100,4,3128.9,250,2,3129.0,292,5
2031,2026-06-16 10:52:39+05:30,3128.3,89,3131.3,1167452,131049.0,201423.0,3163.0,3163.0,3108.0,3134.3,31880200,3447.7,2820.9,3839.9,2896.0,3127.9,35,2,3127.8,51,4,3127.7,17,2,3127.6,38,6,3127.5,69,5,3128.2,111,1,3128.5,54,2,3128.7,100,4,3128.9,250,2,3129.0,292,5
2031,2026-06-16 10:52:39+05:30,3128.3,89,3131.3,1167452,131049.0,201423.0,3163.0,3163.0,3108.0,3134.3,31880200,3447.7,2820.9,3839.9,2896.0,3127.9,35,2,3127.8,51,4,3127.7,17,2,3127.6,38,6,3127.5,69,5,3128.2,111,1,3128.5,54,2,3128.7,100,4,3128.9,250,2,3129.0,292,5
2031,2026-06-16 10:52:40+05:30,3128.3,89,3131.3,1167452,131037.0,201250.0,3163.0,3163.0,3108.0,3134.3,31880200,3447.7,2820.9,3839.9,2896.0,3127.9,17,1,3127.8,45,3,3127.7,8,1,3127.6,23,5,3127.5,84,6,3128.2,112,2,3128.5,54,2,3128.7,99,3,3128.9,250,2,3129.0,292,5
2031,2026-06-16 10:52:40+05:30,3128.2,8,3131.3,1167452,131037.0,201250.0,3163.0,3163.0,3108.0,3134.3,31880200,3447.7,2820.9,3839.9,2896.0,3127.9,17,1,3127.8,45,3,3127.7,8,1,3127.6,23,5,3127.5,84,6,3128.2,112,2,3128.5,54,2,3128.7,99,3,3128.9,250,2,3129.0,292,5
2031,2026-06-16 10:52:41+05:30,3128.2,8,3131.3,1167452,131037.0,201250.0,3163.0,3163.0,3108.0,3134.3,31880200,3447.7,2820.9,3839.9,2896.0,3127.9,17,1,3127.8,45,3,3127.7,8,1,3127.6,23,5,3127.5,84,6,3128.2,112,2,3128.5,54,2,3128.7,99,3,3128.9,250,2,3129.0,292,5
2031,2026-06-16 10:52:41+05:30,3128.2,1,3131.3,1167461,131036.0,201210.0,3163.0,3163.0,3108.0,3134.3,31880200,3447.7,2820.9,3839.9,2896.0,3127.9,17,1,3127.8,45,3,3127.7,8,1,3127.6,22,4,3127.5,84,6,3128.2,128,3,3128.5,54,2,3128.7,74,2,3128.9,250,2,3129.0,292,5
2031,2026-06-16 10:52:41+05:30,3128.2,1,3131.3,1167461,131036.0,201210.0,3163.0,3163.0,3108.0,3134.3,31880200,3447.7,2820.9,3839.9,2896.0,3127.9,17,1,3127.8,45,3,3127.7,8,1,3127.6,22,4,3127.5,84,6,3128.2,128,3,3128.5,54,2,3128.7,74,2,3128.9,250,2,3129.0,292,5
2031,2026-06-16 10:52:42+05:30,3128.2,1,3131.3,1167461,130986.0,201588.0,3163.0,3163.0,3108.0,3134.3,31880200,3447.7,2820.9,3839.9,2896.0,3127.9,17,1,3127.8,27,2,3127.7,8,1,3127.6,15,3,3127.5,52,5,3128.2,128,3,3128.5,54,2,3128.7,74,2,3128.9,250,2,3129.0,292,5
2031,2026-06-16 10:52:42+05:30,3128.2,1,3131.3,1167461,130986.0,201588.0,3163.0,3163.0,3108.0,3134.3,31880200,3447.7,2820.9,3839.9,2896.0,3127.9,17,1,3127.8,27,2,3127.7,8,1,3127.6,15,3,3127.5,52,5,3128.2,128,3,3128.5,54,2,3128.7,74,2,3128.9,250,2,3129.0,292,5
2031,2026-06-16 10:52:42+05:30,3127.8,11,3131.3,1167461,130986.0,201588.0,3163.0,3163.0,3108.0,3134.3,31880200,3447.7,2820.9,3839.9,2896.0,3127.9,17,1,3127.8,27,2,3127.7,8,1,3127.6,15,3,3127.5,52,5,3128.2,128,3,3128.5,54,2,3128.7,74,2,3128.9,250,2,3129.0,292,5
2031,2026-06-16 10:52:43+05:30,3127.8,5,3131.3,1167709,130610.0,201583.0,3163.0,3163.0,3108.0,3134.3,31880200,3447.7,2820.9,3839.9,2896.0,3127.8,16,2,3127.6,4,1,3127.5,23,2,3127.4,1,1,3127.3,214,3,3128.2,128,3,3128.5,54,2,3128.7,33,1,3128.9,261,3,3129.0,329,6
2031,2026-06-16 10:52:43+05:30,3127.8,5,3131.3,1167709,130610.0,201583.0,3163.0,3163.0,3108.0,3134.3,31880200,3447.7,2820.9,3839.9,2896.0,3127.8,16,2,3127.6,4,1,3127.5,23,2,3127.4,1,1,3127.3,214,3,3128.2,128,3,3128.5,54,2,3128.7,33,1,3128.9,261,3,3129.0,329,6
2031,2026-06-16 10:52:43+05:30,3128.2,1,3131.3,1167709,130610.0,201583.0,3163.0,3163.0,3108.0,3134.3,31880200,3447.7,2820.9,3839.9,2896.0,3127.8,16,2,3127.6,4,1,3127.5,23,2,3127.4,1,1,3127.3,214,3,3128.2,128,3,3128.5,54,2,3128.7,33,1,3128.9,261,3,3129.0,329,6
2031,2026-06-16 10:52:43+05:30,3128.2,1,3131.3,1167709,130610.0,201583.0,3163.0,3163.0,3108.0,3134.3,31880200,3447.7,2820.9,3839.9,2896.0,3127.8,16,2,3127.6,4,1,3127.5,23,2,3127.4,1,1,3127.3,214,3,3128.2,128,3,3128.5,54,2,3128.7,33,1,3128.9,261,3,3129.0,329,6
2031,2026-06-16 10:52:44+05:30,3128.2,1,3131.3,1167710,130773.0,201077.0,3163.0,3163.0,3108.0,3134.3,31880200,3447.7,2820.9,3839.9,2896.0,3127.8,48,4,3127.6,22,2,3127.5,81,5,3127.4,73,4,3127.3,195,2,3128.2,127,3,3128.5,54,2,3128.7,33,1,3128.9,250,2,3129.0,292,5
2031,2026-06-16 10:52:44+05:30,3128.2,1,3131.3,1167710,130773.0,201077.0,3163.0,3163.0,3108.0,3134.3,31880200,3447.7,2820.9,3839.9,2896.0,3127.8,48,4,3127.6,22,2,3127.5,81,5,3127.4,73,4,3127.3,195,2,3128.2,127,3,3128.5,54,2,3128.7,33,1,3128.9,250,2,3129.0,292,5
2031,2026-06-16 10:52:45+05:30,3128.2,1,3131.3,1167710,130990.0,201122.0,3163.0,3163.0,3108.0,3134.3,31880200,3447.7,2820.9,3839.9,2896.0,3127.8,96,6,3127.6,32,3,3127.5,81,5,3127.4,73,4,3127.3,195,2,3128.2,127,3,3128.5,59,3,3128.7,33,1,3128.9,250,2,3129.0,292,5
2031,2026-06-16 10:52:45+05:30,3128.2,2,3131.3,1167710,130990.0,201122.0,3163.0,3163.0,3108.0,3134.3,31880200,3447.7,2820.9,3839.9,2896.0,3127.8,96,6,3127.6,32,3,3127.5,81,5,3127.4,73,4,3127.3,195,2,3128.2,127,3,3128.5,59,3,3128.7,33,1,3128.9,250,2,3129.0,292,5
2031,2026-06-16 10:52:45+05:30,3128.2,2,3131.3,1167710,130990.0,201122.0,3163.0,3163.0,3108.0,3134.3,31880200,3447.7,2820.9,3839.9,2896.0,3127.8,96,6,3127.6,32,3,3127.5,81,5,3127.4,73,4,3127.3,195,2,3128.2,127,3,3128.5,59,3,3128.7,33,1,3128.9,250,2,3129.0,292,5
2031,2026-06-16 10:52:46+05:30,3128.2,1,3131.3,1167713,131015.0,201063.0,3163.0,3163.0,3108.0,3134.3,31880200,3447.7,2820.9,3839.9,2896.0,3128.0,7,3,3127.8,89,6,3127.6,32,3,3127.5,81,5,3127.4,73,4,3128.2,124,3,3128.5,59,3,3128.7,33,1,3128.9,250,2,3129.0,292,5
2031,2026-06-16 10:52:46+05:30,3128.2,1,3131.3,1167713,131015.0,201063.0,3163.0,3163.0,3108.0,3134.3,31880200,3447.7,2820.9,3839.9,2896.0,3128.0,7,3,3127.8,89,6,3127.6,32,3,3127.5,81,5,3127.4,73,4,3128.2,124,3,3128.5,59,3,3128.7,33,1,3128.9,250,2,3129.0,292,5
2031,2026-06-16 10:52:46+05:30,3128.2,1,3131.3,1167713,131015.0,201063.0,3163.0,3163.0,3108.0,3134.3,31880200,3447.7,2820.9,3839.9,2896.0,3128.0,7,3,3127.8,89,6,3127.6,32,3,3127.5,81,5,3127.4,73,4,3128.2,124,3,3128.5,59,3,3128.7,33,1,3128.9,250,2,3129.0,292,5
2031,2026-06-16 10:52:47+05:30,3128.2,1,3131.3,1167713,131029.0,201049.0,3163.0,3163.0,3108.0,3134.3,31880200,3447.7,2820.9,3839.9,2896.0,3128.0,2,2,3127.8,80,5,3127.6,4,1,3127.5,81,5,3127.4,73,4,3128.2,125,4,3128.5,59,3,3128.7,33,1,3128.9,250,2,3129.0,292,5
2031,2026-06-16 10:52:47+05:30,3128.2,1,3131.3,1167713,131029.0,201049.0,3163.0,3163.0,3108.0,3134.3,31880200,3447.7,2820.9,3839.9,2896.0,3128.0,2,2,3127.8,80,5,3127.6,4,1,3127.5,81,5,3127.4,73,4,3128.2,125,4,3128.5,59,3,3128.7,33,1,3128.9,250,2,3129.0,292,5
2031,2026-06-16 10:52:48+05:30,3128.2,1,3131.3,1167713,131098.0,201058.0,3163.0,3163.0,3108.0,3134.3,31880200,3447.7,2820.9,3839.9,2896.0,3128.0,2,2,3127.9,24,1,3127.8,56,4,3127.6,4,1,3127.5,69,4,3128.2,173,5,3128.5,59,3,3128.7,33,1,3128.9,278,3,3129.0,292,5
2031,2026-06-16 10:52:48+05:30,3128.2,1,3131.3,1167713,131098.0,201058.0,3163.0,3163.0,3108.0,3134.3,31880200,3447.7,2820.9,3839.9,2896.0,3128.0,2,2,3127.9,24,1,3127.8,56,4,3127.6,4,1,3127.5,69,4,3128.2,173,5,3128.5,59,3,3128.7,33,1,3128.9,278,3,3129.0,292,5
2031,2026-06-16 10:52:49+05:30,3128.0,1,3131.3,1167718,130745.0,201956.0,3163.0,3163.0,3108.0,3134.3,31880200,3447.7,2820.9,3839.9,2896.0,3127.9,24,1,3127.8,56,4,3127.6,4,1,3127.5,15,1,3127.4,1,1,3128.0,195,1,3128.2,173,5,3128.5,78,4,3128.7,33,1,3128.8,161,5
2031,2026-06-16 10:52:49+05:30,3128.0,1,3131.3,1167718,130745.0,201956.0,3163.0,3163.0,3108.0,3134.3,31880200,3447.7,2820.9,3839.9,2896.0,3127.9,24,1,3127.8,56,4,3127.6,4,1,3127.5,15,1,3127.4,1,1,3128.0,195,1,3128.2,173,5,3128.5,78,4,3128.7,33,1,3128.8,161,5
2031,2026-06-16 10:52:49+05:30,3128.0,1,3131.3,1167718,130745.0,201956.0,3163.0,3163.0,3108.0,3134.3,31880200,3447.7,2820.9,3839.9,2896.0,3127.9,24,1,3127.8,56,4,3127.6,4,1,3127.5,15,1,3127.4,1,1,3128.0,195,1,3128.2,173,5,3128.5,78,4,3128.7,33,1,3128.8,161,5
2031,2026-06-16 10:52:50+05:30,3128.2,1,3131.3,1167954,130909.0,201382.0,3163.0,3163.0,3108.0,3134.3,31880200,3447.7,2820.9,3839.9,2896.0,3127.8,56,4,3127.6,4,1,3127.5,15,1,3127.4,1,1,3127.3,180,1,3128.2,49,2,3128.3,97,1,3128.5,78,4,3128.7,52,2,3128.8,186,6
2031,2026-06-16 10:52:50+05:30,3128.2,1,3131.3,1167954,130909.0,201382.0,3163.0,3163.0,3108.0,3134.3,31880200,3447.7,2820.9,3839.9,2896.0,3127.8,56,4,3127.6,4,1,3127.5,15,1,3127.4,1,1,3127.3,180,1,3128.2,49,2,3128.3,97,1,3128.5,78,4,3128.7,52,2,3128.8,186,6
2031,2026-06-16 10:52:50+05:30,3128.2,1,3131.3,1167954,130909.0,201382.0,3163.0,3163.0,3108.0,3134.3,31875000,3447.7,2820.9,3839.9,2896.0,3127.8,56,4,3127.6,4,1,3127.5,15,1,3127.4,1,1,3127.3,180,1,3128.2,49,2,3128.3,97,1,3128.5,78,4,3128.7,52,2,3128.8,186,6
2031,2026-06-16 10:52:51+05:30,3128.2,11,3131.3,1168028,130983.0,201326.0,3163.0,3163.0,3108.0,3134.3,31875000,3447.7,2820.9,3839.9,2896.0,3127.8,56,4,3127.6,4,1,3127.5,37,3,3127.4,1,1,3127.3,232,2,3128.2,38,2,3128.3,97,1,3128.5,19,2,3128.8,134,5,3128.9,78,2
2031,2026-06-16 10:52:51+05:30,3128.2,1,3131.3,1168028,130983.0,201326.0,3163.0,3163.0,3108.0,3134.3,31875000,3447.7,2820.9,3839.9,2896.0,3127.8,56,4,3127.6,4,1,3127.5,37,3,3127.4,1,1,3127.3,232,2,3128.2,38,2,3128.3,97,1,3128.5,19,2,3128.8,134,5,3128.9,78,2
2031,2026-06-16 10:52:51+05:30,3128.2,1,3131.3,1168029,130952.0,201055.0,3163.0,3163.0,3108.0,3134.3,31875000,3447.7,2820.9,3839.9,2896.0,3127.8,56,4,3127.7,18,1,3127.6,4,1,3127.5,67,5,3127.4,15,2,3128.2,1,1,3128.3,97,1,3128.5,19,2,3128.8,54,2,3128.9,50,1
2031,2026-06-16 10:52:52+05:30,3128.2,1,3131.3,1168029,131005.0,200750.0,3163.0,3163.0,3108.0,3134.3,31875000,3447.7,2820.9,3839.9,2896.0,3127.8,91,6,3127.7,19,2,3127.6,34,3,3127.5,87,6,3127.4,15,2,3128.2,1,1,3128.3,97,1,3128.5,19,2,3128.8,54,2,3128.9,50,1
2031,2026-06-16 10:52:53+05:30,3128.2,1,3131.3,1168029,131083.0,200844.0,3163.0,3163.0,3108.0,3134.3,31875000,3447.7,2820.9,3839.9,2896.0,3127.8,82,5,3127.6,33,2,3127.5,75,5,3127.4,14,2,3127.3,247,3,3128.2,39,3,3128.3,97,1,3128.5,19,2,3128.8,54,2,3128.9,50,1
2031,2026-06-16 10:52:54+05:30,3128.2,1,3131.3,1168029,131083.0,200844.0,3163.0,3163.0,3108.0,3134.3,31875000,3447.7,2820.9,3839.9,2896.0,3127.8,82,5,3127.6,33,2,3127.5,75,5,3127.4,14,2,3127.3,247,3,3128.2,39,3,3128.3,97,1,3128.5,19,2,3128.8,54,2,3128.9,50,1
2031,2026-06-16 10:52:54+05:30,3128.2,1,3131.3,1168030,131064.0,201276.0,3163.0,3163.0,3108.0,3134.3,31875000,3447.7,2820.9,3839.9,2896.0,3127.8,82,5,3127.6,33,2,3127.5,56,4,3127.4,14,2,3127.3,247,3,3128.2,69,4,3128.3,97,1,3128.5,19,2,3128.8,54,2,3128.9,50,1
2031,2026-06-16 10:52:55+05:30,3128.2,9,3131.3,1168030,131064.0,201276.0,3163.0,3163.0,3108.0,3134.3,31875000,3447.7,2820.9,3839.9,2896.0,3127.8,82,5,3127.6,33,2,3127.5,56,4,3127.4,14,2,3127.3,247,3,3128.2,69,4,3128.3,97,1,3128.5,19,2,3128.8,54,2,3128.9,50,1
2031,2026-06-16 10:52:55+05:30,3128.2,9,3131.3,1168039,131128.0,200870.0,3163.0,3163.0,3108.0,3134.3,31875000,3447.7,2820.9,3839.9,2896.0,3127.8,133,5,3127.6,33,2,3127.5,50,3,3127.4,33,3,3127.3,247,3,3128.2,60,4,3128.3,97,1,3128.5,19,2,3128.8,54,2,3128.9,50,1
2031,2026-06-16 10:52:56+05:30,3128.2,1,3131.3,1168039,131128.0,200870.0,3163.0,3163.0,3108.0,3134.3,31875000,3447.7,2820.9,3839.9,2896.0,3127.8,133,5,3127.6,33,2,3127.5,50,3,3127.4,33,3,3127.3,247,3,3128.2,60,4,3128.3,97,1,3128.5,19,2,3128.8,54,2,3128.9,50,1
2031,2026-06-16 10:52:56+05:30,3128.2,1,3131.3,1168041,131112.0,200899.0,3163.0,3163.0,3108.0,3134.3,31875000,3447.7,2820.9,3839.9,2896.0,3127.9,26,1,3127.8,107,4,3127.6,4,1,3127.5,34,2,3127.4,33,3,3128.2,58,4,3128.3,97,1,3128.5,19,2,3128.8,54,2,3128.9,50,1
2031,2026-06-16 10:52:57+05:30,3127.9,48,3131.3,1168041,131112.0,200899.0,3163.0,3163.0,3108.0,3134.3,31875000,3447.7,2820.9,3839.9,2896.0,3127.9,26,1,3127.8,107,4,3127.6,4,1,3127.5,34,2,3127.4,33,3,3128.2,58,4,3128.3,97,1,3128.5,19,2,3128.8,54,2,3128.9,50,1
2031,2026-06-16 10:52:57+05:30,3127.9,48,3131.3,1168089,131042.0,199679.0,3163.0,3163.0,3108.0,3134.3,31875000,3447.7,2820.9,3839.9,2896.0,3127.9,27,2,3127.8,107,4,3127.6,4,1,3127.5,34,2,3127.4,14,2,3128.2,29,4,3128.3,97,1,3128.5,19,2,3128.8,54,2,3128.9,50,1
2031,2026-06-16 10:52:58+05:30,3128.3,5,3131.3,1168089,131042.0,199679.0,3163.0,3163.0,3108.0,3134.3,31875000,3447.7,2820.9,3839.9,2896.0,3127.9,27,2,3127.8,107,4,3127.6,4,1,3127.5,34,2,3127.4,14,2,3128.2,29,4,3128.3,97,1,3128.5,19,2,3128.8,54,2,3128.9,50,1
2031,2026-06-16 10:52:58+05:30,3128.3,5,3131.3,1168123,131764.0,200936.0,3163.0,3163.0,3108.0,3134.3,31875000,3447.7,2820.9,3839.9,2896.0,3128.2,69,4,3127.9,45,3,3127.8,55,3,3127.7,19,1,3127.6,23,2,3128.3,92,1,3128.5,19,2,3128.8,33,1,3128.9,50,1,3129.0,460,5
2031,2026-06-16 10:52:59+05:30,3128.5,5,3131.3,1168123,131764.0,200936.0,3163.0,3163.0,3108.0,3134.3,31875000,3447.7,2820.9,3839.9,2896.0,3128.2,69,4,3127.9,45,3,3127.8,55,3,3127.7,19,1,3127.6,23,2,3128.3,92,1,3128.5,19,2,3128.8,33,1,3128.9,50,1,3129.0,460,5
2031,2026-06-16 10:52:59+05:30,3128.5,5,3131.3,1168220,132351.0,200320.0,3163.0,3163.0,3108.0,3134.3,31875000,3447.7,2820.9,3839.9,2896.0,3128.3,24,1,3128.2,117,6,3128.0,46,3,3127.9,23,4,3127.8,126,6,3128.5,14,2,3128.9,50,1,3129.0,39,2,3129.2,62,2,3129.3,33,1
2031,2026-06-16 10:53:00+05:30,3128.5,2,3131.3,1168227,132203.0,200779.0,3163.0,3163.0,3108.0,3134.3,31875000,3447.7,2820.9,3839.9,2896.0,3128.5,18,1,3128.4,7,3,3128.3,11,3,3128.2,127,6,3128.0,46,3,3128.8,200,1,3128.9,50,1,3129.0,39,2,3129.2,42,1,3129.3,33,1
2031,2026-06-16 10:53:01+05:30,3128.5,1,3131.3,1168227,132203.0,200779.0,3163.0,3163.0,3108.0,3134.3,31875000,3447.7,2820.9,3839.9,2896.0,3128.5,18,1,3128.4,7,3,3128.3,11,3,3128.2,127,6,3128.0,46,3,3128.8,200,1,3128.9,50,1,3129.0,39,2,3129.2,42,1,3129.3,33,1
2031,2026-06-16 10:53:01+05:30,3128.8,1,3131.3,1168229,132439.0,200666.0,3163.0,3163.0,3108.0,3134.3,31875000,3447.7,2820.9,3839.9,2896.0,3128.7,24,1,3128.5,44,2,3128.4,2,2,3128.3,3,2,3128.2,127,6,3128.8,47,1,3128.9,250,2,3129.0,39,2,3129.2,42,1,3129.4,57,3
2031,2026-06-16 10:53:02+05:30,3128.8,47,3131.3,1168229,132439.0,200666.0,3163.0,3163.0,3108.0,3134.3,31875000,3447.7,2820.9,3839.9,2896.0,3128.7,24,1,3128.5,44,2,3128.4,2,2,3128.3,3,2,3128.2,127,6,3128.8,47,1,3128.9,250,2,3129.0,39,2,3129.2,42,1,3129.4,57,3
2031,2026-06-16 10:53:02+05:30,3128.9,1,3131.3,1168277,131801.0,200391.0,3163.0,3163.0,3108.0,3134.3,31875000,3447.7,2820.9,3839.9,2896.0,3128.8,25,1,3128.7,2,1,3128.5,44,2,3128.4,2,2,3128.3,3,2,3128.9,249,2,3129.0,39,2,3129.2,42,1,3129.4,57,3,3129.6,497,7
2031,2026-06-16 10:53:03+05:30,3128.8,139,3131.3,1168277,131801.0,200391.0,3163.0,3163.0,3108.0,3134.3,31875000,3447.7,2820.9,3839.9,2896.0,3128.8,25,1,3128.7,2,1,3128.5,44,2,3128.4,2,2,3128.3,3,2,3128.9,249,2,3129.0,39,2,3129.2,42,1,3129.4,57,3,3129.6,497,7
2031,2026-06-16 10:53:03+05:30,3128.8,139,3131.3,1168727,131974.0,199512.0,3163.0,3163.0,3108.0,3134.3,31875000,3447.7,2820.9,3839.9,2896.0,3128.8,40,1,3128.7,2,1,3128.6,19,1,3128.5,44,2,3128.4,18,3,3129.0,39,2,3129.2,42,1,3129.4,36,2,3129.6,447,6,3129.7,32,1
2031,2026-06-16 10:53:04+05:30,3128.7,12,3131.3,1168779,132213.0,199172.0,3163.0,3163.0,3108.0,3134.3,31875000,3447.7,2820.9,3839.9,2896.0,3128.5,44,2,3128.4,2,2,3128.3,3,2,3128.2,23,3,3128.1,63,3,3128.7,148,1,3129.0,88,3,3129.2,42,1,3129.3,19,1,3129.4,3,1
2031,2026-06-16 10:53:05+05:30,3128.5,8,3131.3,1168779,132213.0,199172.0,3163.0,3163.0,3108.0,3134.3,31875000,3447.7,2820.9,3839.9,2896.0,3128.5,44,2,3128.4,2,2,3128.3,3,2,3128.2,23,3,3128.1,63,3,3128.7,148,1,3129.0,88,3,3129.2,42,1,3129.3,19,1,3129.4,3,1
2031,2026-06-16 10:53:05+05:30,3128.5,8,3131.3,1168787,132083.0,199400.0,3163.0,3163.0,3108.0,3134.3,31875000,3447.7,2820.9,3839.9,2896.0,3128.6,2,2,3128.5,51,3,3128.3,3,2,3128.2,23,3,3128.1,63,3,3128.7,148,1,3129.0,88,3,3129.2,42,1,3129.4,258,4,3129.6,66,5
2031,2026-06-16 10:53:06+05:30,3128.5,8,3131.3,1168787,132235.0,199400.0,3163.0,3163.0,3108.0,3134.3,31875000,3447.7,2820.9,3839.9,2896.0,3128.6,2,2,3128.5,77,4,3128.3,3,2,3128.2,23,3,3128.1,62,3,3128.7,174,3,3129.0,88,3,3129.2,42,1,3129.3,19,1,3129.4,23,2
2031,2026-06-16 10:53:07+05:30,3128.7,10,3131.3,1168787,132235.0,199400.0,3163.0,3163.0,3108.0,3134.3,31875000,3447.7,2820.9,3839.9,2896.0,3128.6,2,2,3128.5,77,4,3128.3,3,2,3128.2,23,3,3128.1,62,3,3128.7,174,3,3129.0,88,3,3129.2,42,1,3129.3,19,1,3129.4,23,2
2031,2026-06-16 10:53:08+05:30,3128.7,10,3131.3,1168798,132262.0,199533.0,3163.0,3163.0,3108.0,3134.3,31875000,3447.7,2820.9,3839.9,2896.0,3128.6,39,3,3128.5,77,4,3128.3,3,2,3128.2,23,3,3128.1,62,3,3128.7,164,4,3129.0,88,3,3129.2,42,1,3129.3,55,2,3129.4,23,2
2031,2026-06-16 10:53:09+05:30,3128.7,1,3131.3,1168962,132288.0,199590.0,3163.0,3163.0,3108.0,3134.3,31875000,3447.7,2820.9,3839.9,2896.0,3128.7,23,1,3128.6,39,3,3128.5,51,3,3128.3,3,2,3128.2,23,3,3129.0,88,3,3129.2,42,1,3129.3,36,1,3129.4,3,1,3129.5,200,1
2031,2026-06-16 10:53:09+05:30,3129.0,1,3131.3,1168962,132288.0,199590.0,3163.0,3163.0,3108.0,3134.3,31875000,3447.7,2820.9,3839.9,2896.0,3128.7,23,1,3128.6,39,3,3128.5,51,3,3128.3,3,2,3128.2,23,3,3129.0,88,3,3129.2,42,1,3129.3,36,1,3129.4,3,1,3129.5,200,1
2031,2026-06-16 10:53:10+05:30,3129.0,4,3131.3,1168971,132316.0,199716.0,3163.0,3163.0,3108.0,3134.3,31875000,3447.7,2820.9,3839.9,2896.0,3128.7,38,1,3128.6,39,3,3128.5,51,3,3128.3,2,1,3128.2,23,3,3129.0,139,3,3129.2,42,1,3129.3,19,1,3129.4,28,2,3129.5,200,1
2031,2026-06-16 10:53:10+05:30,3129.0,4,3131.3,1168971,132316.0,199716.0,3163.0,3163.0,3108.0,3134.3,31875000,3447.7,2820.9,3839.9,2896.0,3128.7,38,1,3128.6,39,3,3128.5,51,3,3128.3,2,1,3128.2,23,3,3129.0,139,3,3129.2,42,1,3129.3,19,1,3129.4,28,2,3129.5,200,1
2031,2026-06-16 10:53:11+05:30,3129.0,4,3131.3,1168971,132309.0,198739.0,3163.0,3163.0,3108.0,3134.3,31875000,3447.7,2820.9,3839.9,2896.0,3128.8,2,2,3128.7,38,1,3128.6,37,1,3128.5,51,3,3128.3,2,1,3129.0,139,3,3129.2,42,1,3129.3,19,1,3129.4,3,1,3129.5,35,1
2031,2026-06-16 10:53:12+05:30,3129.0,4,3131.3,1168971,132504.0,199574.0,3163.0,3163.0,3108.0,3134.3,31875000,3447.7,2820.9,3839.9,2896.0,3128.8,40,3,3128.7,38,1,3128.6,37,1,3128.5,51,3,3128.3,53,3,3129.0,139,3,3129.2,42,1,3129.4,3,1,3129.5,35,1,3129.6,297,7
2031,2026-06-16 10:53:12+05:30,3129.0,1,3131.3,1168971,132504.0,199574.0,3163.0,3163.0,3108.0,3134.3,31875000,3447.7,2820.9,3839.9,2896.0,3128.8,40,3,3128.7,38,1,3128.6,37,1,3128.5,51,3,3128.3,53,3,3129.0,139,3,3129.2,42,1,3129.4,3,1,3129.5,35,1,3129.6,297,7
2031,2026-06-16 10:53:13+05:30,3129.0,1,3131.3,1168972,132242.0,199786.0,3163.0,3163.0,3108.0,3134.3,31875000,3447.7,2820.9,3839.9,2896.0,3128.8,41,4,3128.7,38,1,3128.6,37,1,3128.5,51,3,3128.3,53,3,3129.0,138,3,3129.2,42,1,3129.4,3,1,3129.5,235,2,3129.6,97,6
2031,2026-06-16 10:53:13+05:30,3129.0,10,3131.3,1168972,132242.0,199786.0,3163.0,3163.0,3108.0,3134.3,31875000,3447.7,2820.9,3839.9,2896.0,3128.8,41,4,3128.7,38,1,3128.6,37,1,3128.5,51,3,3128.3,53,3,3129.0,138,3,3129.2,42,1,3129.4,3,1,3129.5,235,2,3129.6,97,6
2031,2026-06-16 10:53:14+05:30,3129.0,10,3131.3,1168982,132262.0,199789.0,3163.0,3163.0,3108.0,3134.3,31875000,3447.7,2820.9,3839.9,2896.0,3128.8,41,4,3128.7,38,1,3128.6,37,1,3128.5,51,3,3128.3,53,3,3129.0,142,4,3129.2,42,1,3129.4,3,1,3129.5,235,2,3129.6,97,6
2031,2026-06-16 10:53:14+05:30,3129.0,48,3131.3,1168982,132262.0,199789.0,3163.0,3163.0,3108.0,3134.3,31875000,3447.7,2820.9,3839.9,2896.0,3128.8,41,4,3128.7,38,1,3128.6,37,1,3128.5,51,3,3128.3,53,3,3129.0,142,4,3129.2,42,1,3129.4,3,1,3129.5,235,2,3129.6,97,6
2031,2026-06-16 10:53:15+05:30,3129.0,48,3131.3,1169172,132957.0,198307.0,3163.0,3163.0,3108.0,3134.3,31875000,3447.7,2820.9,3839.9,2896.0,3128.8,62,5,3128.7,54,2,3128.6,63,2,3128.5,100,6,3128.4,13,1,3129.2,42,1,3129.4,3,1,3129.6,26,3,3129.7,35,1,3129.8,115,3
2031,2026-06-16 10:53:15+05:30,3129.0,1,3131.3,1169172,132957.0,198307.0,3163.0,3163.0,3108.0,3134.3,31875000,3447.7,2820.9,3839.9,2896.0,3128.8,62,5,3128.7,54,2,3128.6,63,2,3128.5,100,6,3128.4,13,1,3129.2,42,1,3129.4,3,1,3129.6,26,3,3129.7,35,1,3129.8,115,3
2031,2026-06-16 10:53:16+05:30,3129.7,1,3131.3,1169417,133414.0,198485.0,3163.0,3163.0,3108.0,3134.3,31875000,3447.7,2820.9,3839.9,2896.0,3129.7,6,1,3129.5,48,2,3129.0,20,6,3128.9,84,2,3128.8,89,5,3129.8,19,2,3129.9,27,4,3130.0,441,21,3130.2,215,2,3130.4,23,2
2031,2026-06-16 10:53:16+05:30,3129.8,6,3131.3,1169417,133414.0,198485.0,3163.0,3163.0,3108.0,3134.3,31875000,3447.7,2820.9,3839.9,2896.0,3129.7,6,1,3129.5,48,2,3129.0,20,6,3128.9,84,2,3128.8,89,5,3129.8,19,2,3129.9,27,4,3130.0,441,21,3130.2,215,2,3130.4,23,2
2031,2026-06-16 10:53:17+05:30,3129.8,6,3131.3,1169471,133163.0,197397.0,3163.0,3163.0,3108.0,3134.3,31875000,3447.7,2820.9,3839.9,2896.0,3129.7,1,1,3129.5,48,2,3129.2,17,1,3129.0,88,9,3128.9,84,2,3129.8,25,3,3129.9,27,4,3130.0,441,21,3130.2,215,2,3130.4,23,2
2031,2026-06-16 10:53:18+05:30,3129.8,1,3131.3,1169472,133338.0,197471.0,3163.0,3163.0,3108.0,3134.3,31875000,3447.7,2820.9,3839.9,2896.0,3129.7,45,2,3129.5,70,3,3129.2,46,3,3129.0,131,11,3128.8,101,7,3129.8,25,4,3129.9,27,4,3130.0,441,21,3130.2,215,2,3130.4,2,1
2031,2026-06-16 10:53:18+05:30,3129.8,1,3131.3,1169472,133338.0,197471.0,3163.0,3163.0,3108.0,3134.3,31875000,3447.7,2820.9,3839.9,2896.0,3129.7,45,2,3129.5,70,3,3129.2,46,3,3129.0,131,11,3128.8,101,7,3129.8,25,4,3129.9,27,4,3130.0,441,21,3130.2,215,2,3130.4,2,1
2031,2026-06-16 10:53:19+05:30,3130.0,10,3131.3,1169696,133109.0,197315.0,3163.0,3163.0,3108.0,3134.3,31875000,3447.7,2820.9,3839.9,2896.0,3129.7,68,3,3129.5,48,2,3129.3,6,1,3129.2,46,3,3129.0,107,10,3129.8,17,1,3130.0,380,12,3130.2,200,1,3130.4,2,1,3130.5,40,1
2031,2026-06-16 10:53:19+05:30,3129.7,30,3131.3,1169696,133109.0,197315.0,3163.0,3163.0,3108.0,3134.3,31875000,3447.7,2820.9,3839.9,2896.0,3129.7,68,3,3129.5,48,2,3129.3,6,1,3129.2,46,3,3129.0,107,10,3129.8,17,1,3130.0,380,12,3130.2,200,1,3130.4,2,1,3130.5,40,1
2031,2026-06-16 10:53:20+05:30,3129.7,86,3131.3,1169827,133149.0,197373.0,3163.0,3163.0,3108.0,3134.3,31875000,3447.7,2820.9,3839.9,2896.0,3129.7,23,1,3129.5,48,2,3129.3,6,1,3129.2,17,1,3129.0,286,13,3129.8,17,1,3130.0,370,11,3130.2,200,1,3130.4,21,2,3130.5,40,1
2031,2026-06-16 10:53:20+05:30,3129.7,86,3131.3,1169827,133149.0,197373.0,3163.0,3163.0,3108.0,3134.3,31875000,3447.7,2820.9,3839.9,2896.0,3129.7,23,1,3129.5,48,2,3129.3,6,1,3129.2,17,1,3129.0,286,13,3129.8,17,1,3130.0,370,11,3130.2,200,1,3130.4,21,2,3130.5,40,1
2031,2026-06-16 10:53:21+05:30,3129.8,1,3131.3,1169828,133018.0,197113.0,3163.0,3163.0,3108.0,3134.3,31875000,3447.7,2820.9,3839.9,2896.0,3129.7,64,6,3129.5,64,3,3129.3,6,1,3129.2,17,1,3129.1,19,1,3129.8,16,1,3130.0,370,11,3130.2,200,1,3130.4,2,1,3130.5,40,1
2031,2026-06-16 10:53:21+05:30,3129.8,1,3131.3,1169828,133018.0,197113.0,3163.0,3163.0,3108.0,3134.3,31875000,3447.7,2820.9,3839.9,2896.0,3129.7,64,6,3129.5,64,3,3129.3,6,1,3129.2,17,1,3129.1,19,1,3129.8,16,1,3130.0,370,11,3130.2,200,1,3130.4,2,1,3130.5,40,1
2031,2026-06-16 10:53:22+05:30,3129.8,1,3131.3,1169828,133019.0,197352.0,3163.0,3163.0,3108.0,3134.3,31875000,3447.7,2820.9,3839.9,2896.0,3129.7,64,6,3129.5,64,3,3129.3,6,1,3129.2,17,1,3129.1,19,1,3129.8,16,1,3130.0,370,11,3130.2,200,1,3130.4,2,1,3130.5,40,1
2031,2026-06-16 10:53:22+05:30,3129.8,1,3131.3,1169828,133019.0,197352.0,3163.0,3163.0,3108.0,3134.3,31875000,3447.7,2820.9,3839.9,2896.0,3129.7,64,6,3129.5,64,3,3129.3,6,1,3129.2,17,1,3129.1,19,1,3129.8,16,1,3130.0,370,11,3130.2,200,1,3130.4,2,1,3130.5,40,1
2031,2026-06-16 10:53:23+05:30,3129.8,1,3131.3,1169830,133065.0,197349.0,3163.0,3163.0,3108.0,3134.3,31875000,3447.7,2820.9,3839.9,2896.0,3129.7,114,7,3129.5,64,3,3129.3,25,2,3129.2,27,2,3129.0,299,10,3129.8,14,1,3130.0,370,11,3130.2,200,1,3130.4,2,1,3130.5,40,1
2031,2026-06-16 10:53:23+05:30,3129.8,1,3131.3,1169830,133065.0,197349.0,3163.0,3163.0,3108.0,3134.3,31875000,3447.7,2820.9,3839.9,2896.0,3129.7,114,7,3129.5,64,3,3129.3,25,2,3129.2,27,2,3129.0,299,10,3129.8,14,1,3130.0,370,11,3130.2,200,1,3130.4,2,1,3130.5,40,1
2031,2026-06-16 10:53:24+05:30,3129.8,1,3131.3,1169830,133094.0,197168.0,3163.0,3163.0,3108.0,3134.3,31875000,3447.7,2820.9,3839.9,2896.0,3129.7,118,8,3129.5,87,5,3129.4,7,1,3129.3,25,2,3129.2,46,3,3129.8,14,1,3130.0,370,11,3130.2,200,1,3130.4,2,1,3130.5,40,1
2031,2026-06-16 10:53:24+05:30,3129.8,14,3131.3,1169830,133094.0,197168.0,3163.0,3163.0,3108.0,3134.3,31875000,3447.7,2820.9,3839.9,2896.0,3129.7,118,8,3129.5,87,5,3129.4,7,1,3129.3,25,2,3129.2,46,3,3129.8,14,1,3130.0,370,11,3130.2,200,1,3130.4,2,1,3130.5,40,1
2031,2026-06-16 10:53:25+05:30,3130.0,1,3131.3,1170078,133080.0,197372.0,3163.0,3163.0,3108.0,3134.3,31875000,3447.7,2820.9,3839.9,2896.0,3129.7,95,7,3129.5,64,3,3129.3,40,2,3129.2,36,2,3129.1,15,1,3130.0,144,8,3130.2,200,1,3130.4,2,1,3130.5,40,1,3130.6,21,1
2031,2026-06-16 10:53:25+05:30,3130.0,1,3131.3,1170078,133080.0,197372.0,3163.0,3163.0,3108.0,3134.3,31875000,3447.7,2820.9,3839.9,2896.0,3129.7,95,7,3129.5,64,3,3129.3,40,2,3129.2,36,2,3129.1,15,1,3130.0,144,8,3130.2,200,1,3130.4,2,1,3130.5,40,1,3130.6,21,1
2031,2026-06-16 10:53:26+05:30,3130.0,23,3131.3,1170101,133118.0,197426.0,3163.0,3163.0,3108.0,3134.3,31875000,3447.7,2820.9,3839.9,2896.0,3129.8,5,5,3129.7,94,4,3129.5,64,3,3129.3,6,1,3129.2,86,3,3130.0,124,9,3130.2,200,1,3130.4,2,1,3130.5,40,1,3130.6,21,1
2031,2026-06-16 10:53:26+05:30,3130.0,23,3131.3,1170101,133118.0,197426.0,3163.0,3163.0,3108.0,3134.3,31875000,3447.7,2820.9,3839.9,2896.0,3129.8,5,5,3129.7,94,4,3129.5,64,3,3129.3,6,1,3129.2,86,3,3130.0,124,9,3130.2,200,1,3130.4,2,1,3130.5,40,1,3130.6,21,1
2031,2026-06-16 10:53:27+05:30,3130.0,23,3131.3,1170101,133126.0,197409.0,3163.0,3163.0,3108.0,3134.3,31875000,3447.7,2820.9,3839.9,2896.0,3129.8,5,5,3129.7,100,5,3129.5,64,3,3129.3,6,1,3129.2,86,3,3130.0,124,9,3130.2,200,1,3130.4,2,1,3130.5,40,1,3130.6,21,1
2031,2026-06-16 10:53:28+05:30,3130.0,1,3131.3,1170112,133174.0,197634.0,3163.0,3163.0,3108.0,3134.3,31875000,3447.7,2820.9,3839.9,2896.0,3129.8,77,8,3129.7,123,6,3129.5,48,2,3129.4,19,1,3129.3,50,2,3130.0,113,5,3130.2,200,1,3130.4,2,1,3130.5,40,1,3130.6,21,1
2031,2026-06-16 10:53:28+05:30,3129.8,10,3131.3,1170112,133174.0,197634.0,3163.0,3163.0,3108.0,3134.3,31875000,3447.7,2820.9,3839.9,2896.0,3129.8,77,8,3129.7,123,6,3129.5,48,2,3129.4,19,1,3129.3,50,2,3130.0,113,5,3130.2,200,1,3130.4,2,1,3130.5,40,1,3130.6,21,1
2031,2026-06-16 10:53:29+05:30,3130.0,4,3131.3,1171229,133317.0,197301.0,3163.0,3163.0,3108.0,3134.3,31875000,3447.7,2820.9,3839.9,2896.0,3129.9,40,4,3129.8,48,3,3129.7,119,6,3129.6,28,3,3129.5,63,4,3130.0,69,1,3130.5,40,1,3130.7,33,1,3130.8,29,1,3130.9,200,1
2031,2026-06-16 10:53:29+05:30,3130.0,4,3131.3,1171229,133317.0,197301.0,3163.0,3163.0,3108.0,3134.3,31875000,3447.7,2820.9,3839.9,2896.0,3129.9,40,4,3129.8,48,3,3129.7,119,6,3129.6,28,3,3129.5,63,4,3130.0,69,1,3130.5,40,1,3130.7,33,1,3130.8,29,1,3130.9,200,1
2031,2026-06-16 10:53:30+05:30,3130.0,2,3131.29,1173045,133425.0,194740.0,3163.0,3163.0,3108.0,3134.3,31875000,3447.7,2820.9,3839.9,2896.0,3129.9,108,11,3129.8,81,5,3129.7,142,8,3129.6,156,5,3129.5,101,6,3130.0,69,1,3131.0,378,5,3131.4,22,1,3131.6,71,2,3131.7,34,1
2031,2026-06-16 10:53:30+05:30,3130.0,2,3131.29,1173045,133425.0,194740.0,3163.0,3163.0,3108.0,3134.3,31875000,3447.7,2820.9,3839.9,2896.0,3129.9,108,11,3129.8,81,5,3129.7,142,8,3129.6,156,5,3129.5,101,6,3130.0,69,1,3131.0,378,5,3131.4,22,1,3131.6,71,2,3131.7,34,1
2031,2026-06-16 10:53:31+05:30,3130.0,88,3131.29,1174474,133251.0,194883.0,3163.0,3163.0,3108.0,3134.3,31875000,3447.7,2820.9,3839.9,2896.0,3129.9,88,9,3129.8,38,3,3129.7,137,8,3129.6,123,4,3129.5,305,7,3130.0,73,1,3131.0,399,6,3131.2,22,1,3131.4,22,1,3131.5,26,1
2031,2026-06-16 10:53:31+05:30,3130.0,88,3131.29,1174474,133251.0,194883.0,3163.0,3163.0,3108.0,3134.3,31875000,3447.7,2820.9,3839.9,2896.0,3129.9,88,9,3129.8,38,3,3129.7,137,8,3129.6,123,4,3129.5,305,7,3130.0,73,1,3131.0,399,6,3131.2,22,1,3131.4,22,1,3131.5,26,1
2031,2026-06-16 10:53:32+05:30,3129.9,1,3131.29,1174474,133251.0,194883.0,3163.0,3163.0,3108.0,3134.3,31875000,3447.7,2820.9,3839.9,2896.0,3129.9,88,9,3129.8,38,3,3129.7,137,8,3129.6,123,4,3129.5,305,7,3130.0,73,1,3131.0,399,6,3131.2,22,1,3131.4,22,1,3131.5,26,1
2031,2026-06-16 10:53:32+05:30,3129.9,1,3131.29,1174474,133251.0,194883.0,3163.0,3163.0,3108.0,3134.3,31875000,3447.7,2820.9,3839.9,2896.0,3129.9,88,9,3129.8,38,3,3129.7,137,8,3129.6,123,4,3129.5,305,7,3130.0,73,1,3131.0,399,6,3131.2,22,1,3131.4,22,1,3131.5,26,1
2031,2026-06-16 10:53:32+05:30,3129.9,1,3131.29,1174717,133239.0,195799.0,3163.0,3163.0,3108.0,3134.3,31875000,3447.7,2820.9,3839.9,2896.0,3129.9,85,8,3129.8,35,3,3129.7,126,6,3129.6,73,3,3129.5,105,6,3130.0,173,2,3130.9,14,1,3131.0,399,6,3131.2,22,1,3131.4,58,2
2031,2026-06-16 10:53:33+05:30,3130.0,1,3131.29,1174718,133248.0,195628.0,3163.0,3163.0,3108.0,3134.3,31875000,3447.7,2820.9,3839.9,2896.0,3129.9,76,7,3129.8,53,4,3129.7,126,6,3129.6,73,3,3129.5,105,6,3130.0,198,3,3130.9,14,1,3131.0,399,6,3131.2,22,1,3131.4,58,2
2031,2026-06-16 10:53:34+05:30,3130.0,1,3131.29,1174718,133248.0,195628.0,3163.0,3163.0,3108.0,3134.3,31875000,3447.7,2820.9,3839.9,2896.0,3129.9,76,7,3129.8,53,4,3129.7,126,6,3129.6,73,3,3129.5,105,6,3130.0,198,3,3130.9,14,1,3131.0,399,6,3131.2,22,1,3131.4,58,2
2031,2026-06-16 10:53:34+05:30,3130.0,1,3131.29,1174718,133248.0,195628.0,3163.0,3163.0,3108.0,3134.3,31875000,3447.7,2820.9,3839.9,2896.0,3129.9,76,7,3129.8,53,4,3129.7,126,6,3129.6,73,3,3129.5,105,6,3130.0,198,3,3130.9,14,1,3131.0,399,6,3131.2,22,1,3131.4,58,2
2031,2026-06-16 10:53:34+05:30,3130.0,1,3131.29,1174917,133029.0,195700.0,3163.0,3163.0,3108.0,3134.3,31875000,3447.7,2820.9,3839.9,2896.0,3129.9,75,6,3129.8,35,3,3129.7,94,4,3129.6,66,2,3129.5,76,5,3130.0,73,1,3130.9,32,1,3131.0,399,6,3131.1,6,1,3131.2,62,2
2031,2026-06-16 10:53:35+05:30,3130.0,1,3131.29,1174917,133029.0,195700.0,3163.0,3163.0,3108.0,3134.3,31875000,3447.7,2820.9,3839.9,2896.0,3129.9,75,6,3129.8,35,3,3129.7,94,4,3129.6,66,2,3129.5,76,5,3130.0,73,1,3130.9,32,1,3131.0,399,6,3131.1,6,1,3131.2,62,2
2031,2026-06-16 10:53:36+05:30,3129.8,10,3131.29,1175056,132586.0,196258.0,3163.0,3163.0,3108.0,3134.3,31875000,3447.7,2820.9,3839.9,2896.0,3129.8,10,2,3129.7,94,4,3129.5,65,3,3129.1,15,1,3129.0,250,11,3130.0,34,2,3130.6,36,1,3130.8,49,3,3130.9,163,4,3131.0,618,8
2031,2026-06-16 10:53:36+05:30,3129.8,10,3131.29,1175056,132586.0,196258.0,3163.0,3163.0,3108.0,3134.3,31875000,3447.7,2820.9,3839.9,2896.0,3129.8,10,2,3129.7,94,4,3129.5,65,3,3129.1,15,1,3129.0,250,11,3130.0,34,2,3130.6,36,1,3130.8,49,3,3130.9,163,4,3131.0,618,8
2031,2026-06-16 10:53:36+05:30,3130.0,1,3131.29,1175056,132586.0,196258.0,3163.0,3163.0,3108.0,3134.3,31875000,3447.7,2820.9,3839.9,2896.0,3129.8,10,2,3129.7,94,4,3129.5,65,3,3129.1,15,1,3129.0,250,11,3130.0,34,2,3130.6,36,1,3130.8,49,3,3130.9,163,4,3131.0,618,8
2031,2026-06-16 10:53:37+05:30,3129.8,6,3131.29,1175063,132818.0,196376.0,3163.0,3163.0,3108.0,3134.3,31875000,3447.7,2820.9,3839.9,2896.0,3129.8,194,1,3129.7,94,4,3129.5,81,4,3129.1,55,3,3129.0,314,11,3130.0,47,3,3130.7,104,3,3130.8,104,4,3130.9,397,6,3131.0,504,9
2031,2026-06-16 10:53:37+05:30,3129.8,6,3131.29,1175063,132818.0,196376.0,3163.0,3163.0,3108.0,3134.3,31875000,3447.7,2820.9,3839.9,2896.0,3129.8,194,1,3129.7,94,4,3129.5,81,4,3129.1,55,3,3129.0,314,11,3130.0,47,3,3130.7,104,3,3130.8,104,4,3130.9,397,6,3131.0,504,9
2031,2026-06-16 10:53:37+05:30,3129.8,6,3131.29,1175063,132818.0,196376.0,3163.0,3163.0,3108.0,3134.3,31875000,3447.7,2820.9,3839.9,2896.0,3129.8,194,1,3129.7,94,4,3129.5,81,4,3129.1,55,3,3129.0,314,11,3130.0,47,3,3130.7,104,3,3130.8,104,4,3130.9,397,6,3131.0,504,9
2031,2026-06-16 10:53:38+05:30,3129.8,6,3131.29,1175063,132843.0,196153.0,3163.0,3163.0,3108.0,3134.3,31875000,3447.7,2820.9,3839.9,2896.0,3129.8,235,3,3129.7,94,4,3129.5,65,3,3129.1,74,4,3129.0,295,10,3130.0,67,4,3130.7,104,3,3130.8,104,4,3130.9,397,6,3131.0,504,9
2031,2026-06-16 10:53:39+05:30,3129.8,6,3131.29,1175063,132715.0,196553.0,3163.0,3163.0,3108.0,3134.3,31875000,3447.7,2820.9,3839.9,2896.0,3129.8,235,3,3129.7,94,4,3129.5,65,3,3129.3,19,1,3129.1,55,3,3130.0,67,4,3130.6,33,1,3130.7,76,2,3130.8,285,4,3130.9,107,2
2031,2026-06-16 10:53:39+05:30,3130.0,1,3131.29,1175063,132715.0,196553.0,3163.0,3163.0,3108.0,3134.3,31875000,3447.7,2820.9,3839.9,2896.0,3129.8,235,3,3129.7,94,4,3129.5,65,3,3129.3,19,1,3129.1,55,3,3130.0,67,4,3130.6,33,1,3130.7,76,2,3130.8,285,4,3130.9,107,2
2031,2026-06-16 10:53:39+05:30,3130.0,1,3131.29,1175063,132715.0,196553.0,3163.0,3163.0,3108.0,3134.3,31875000,3447.7,2820.9,3839.9,2896.0,3129.8,235,3,3129.7,94,4,3129.5,65,3,3129.3,19,1,3129.1,55,3,3130.0,67,4,3130.6,33,1,3130.7,76,2,3130.8,285,4,3130.9,107,2
2031,2026-06-16 10:53:40+05:30,3129.8,10,3131.29,1175074,132674.0,196410.0,3163.0,3163.0,3108.0,3134.3,31875000,3447.7,2820.9,3839.9,2896.0,3129.9,2,1,3129.8,225,3,3129.7,94,4,3129.5,65,3,3129.1,15,1,3130.0,184,6,3130.6,33,1,3130.7,76,2,3130.8,85,3,3130.9,272,4
2031,2026-06-16 10:53:40+05:30,3129.8,10,3131.29,1175074,132674.0,196410.0,3163.0,3163.0,3108.0,3134.3,31875000,3447.7,2820.9,3839.9,2896.0,3129.9,2,1,3129.8,225,3,3129.7,94,4,3129.5,65,3,3129.1,15,1,3130.0,184,6,3130.6,33,1,3130.7,76,2,3130.8,85,3,3130.9,272,4
2031,2026-06-16 10:53:41+05:30,3129.8,10,3131.29,1175074,132674.0,196410.0,3163.0,3163.0,3108.0,3134.3,31875000,3447.7,2820.9,3839.9,2896.0,3129.9,2,1,3129.8,225,3,3129.7,94,4,3129.5,65,3,3129.1,15,1,3130.0,184,6,3130.6,33,1,3130.7,76,2,3130.8,85,3,3130.9,272,4
2031,2026-06-16 10:53:41+05:30,3129.8,10,3131.29,1175074,132727.0,196607.0,3163.0,3163.0,3108.0,3134.3,31875000,3447.7,2820.9,3839.9,2896.0,3129.9,186,2,3129.8,225,3,3129.7,94,4,3129.5,65,3,3129.2,53,2,3130.0,184,6,3130.7,76,2,3130.8,89,2,3130.9,248,3,3131.0,505,9
2031,2026-06-16 10:53:42+05:30,3130.0,1,3131.29,1175076,132913.0,196467.0,3163.0,3163.0,3108.0,3134.3,31875000,3447.7,2820.9,3839.9,2896.0,3129.9,196,3,3129.8,226,4,3129.7,94,4,3129.5,69,4,3129.3,104,3,3130.0,182,6,3130.7,50,1,3130.8,89,2,3130.9,82,3,3131.0,741,11
2031,2026-06-16 10:53:42+05:30,3130.0,1,3131.29,1175076,132913.0,196467.0,3163.0,3163.0,3108.0,3134.3,31875000,3447.7,2820.9,3839.9,2896.0,3129.9,196,3,3129.8,226,4,3129.7,94,4,3129.5,69,4,3129.3,104,3,3130.0,182,6,3130.7,50,1,3130.8,89,2,3130.9,82,3,3131.0,741,11
2031,2026-06-16 10:53:42+05:30,3130.0,1,3131.29,1175076,132913.0,196467.0,3163.0,3163.0,3108.0,3134.3,31875000,3447.7,2820.9,3839.9,2896.0,3129.9,196,3,3129.8,226,4,3129.7,94,4,3129.5,69,4,3129.3,104,3,3130.0,182,6,3130.7,50,1,3130.8,89,2,3130.9,82,3,3131.0,741,11
2031,2026-06-16 10:53:43+05:30,3130.0,1,3131.29,1175076,132913.0,196467.0,3163.0,3163.0,3108.0,3134.3,31875000,3447.7,2820.9,3839.9,2896.0,3129.9,196,3,3129.8,226,4,3129.7,94,4,3129.5,69,4,3129.3,104,3,3130.0,182,6,3130.7,50,1,3130.8,89,2,3130.9,82,3,3131.0,741,11
2031,2026-06-16 10:53:43+05:30,3130.0,1,3131.29,1175076,132847.0,196495.0,3163.0,3163.0,3108.0,3134.3,31875000,3447.7,2820.9,3839.9,2896.0,3129.9,196,3,3129.8,226,4,3129.7,94,4,3129.5,69,4,3129.4,19,1,3130.0,182,6,3130.7,50,1,3130.8,89,2,3130.9,82,3,3131.0,741,11
2031,2026-06-16 10:53:43+05:30,3130.0,48,3131.29,1175076,132847.0,196495.0,3163.0,3163.0,3108.0,3134.3,31875000,3447.7,2820.9,3839.9,2896.0,3129.9,196,3,3129.8,226,4,3129.7,94,4,3129.5,69,4,3129.4,19,1,3130.0,182,6,3130.7,50,1,3130.8,89,2,3130.9,82,3,3131.0,741,11
2031,2026-06-16 10:53:43+05:30,3130.0,48,3131.29,1175076,132847.0,196495.0,3163.0,3163.0,3108.0,3134.3,31875000,3447.7,2820.9,3839.9,2896.0,3129.9,196,3,3129.8,226,4,3129.7,94,4,3129.5,69,4,3129.4,19,1,3130.0,182,6,3130.7,50,1,3130.8,89,2,3130.9,82,3,3131.0,741,11
2031,2026-06-16 10:53:44+05:30,3130.0,47,3131.29,1175988,133014.0,195258.0,3163.0,3163.0,3108.0,3134.3,31875000,3447.7,2820.9,3839.9,2896.0,3129.9,205,4,3129.8,201,3,3129.7,94,4,3129.6,114,4,3129.5,179,7,3130.0,16,1,3130.9,27,2,3131.0,227,5,3131.1,72,2,3131.2,21,1
2031,2026-06-16 10:53:44+05:30,3130.0,47,3131.29,1175988,133014.0,195258.0,3163.0,3163.0,3108.0,3134.3,31875000,3447.7,2820.9,3839.9,2896.0,3129.9,205,4,3129.8,201,3,3129.7,94,4,3129.6,114,4,3129.5,179,7,3130.0,16,1,3130.9,27,2,3131.0,227,5,3131.1,72,2,3131.2,21,1
2031,2026-06-16 10:53:44+05:30,3130.0,1,3131.29,1175988,133014.0,195258.0,3163.0,3163.0,3108.0,3134.3,31875000,3447.7,2820.9,3839.9,2896.0,3129.9,205,4,3129.8,201,3,3129.7,94,4,3129.6,114,4,3129.5,179,7,3130.0,16,1,3130.9,27,2,3131.0,227,5,3131.1,72,2,3131.2,21,1
2031,2026-06-16 10:53:44+05:30,3130.0,1,3131.29,1175988,133014.0,195258.0,3163.0,3163.0,3108.0,3134.3,31875000,3447.7,2820.9,3839.9,2896.0,3129.9,205,4,3129.8,201,3,3129.7,94,4,3129.6,114,4,3129.5,179,7,3130.0,16,1,3130.9,27,2,3131.0,227,5,3131.1,72,2,3131.2,21,1
2031,2026-06-16 10:53:45+05:30,3130.0,1,3131.29,1175989,133022.0,195466.0,3163.0,3163.0,3108.0,3134.3,31875000,3447.7,2820.9,3839.9,2896.0,3129.9,196,3,3129.8,240,5,3129.7,94,4,3129.6,93,3,3129.5,136,7,3130.0,15,1,3130.9,27,2,3131.0,227,5,3131.1,272,3,3131.2,21,1
2031,2026-06-16 10:53:45+05:30,3130.0,1,3131.29,1175989,133022.0,195466.0,3163.0,3163.0,3108.0,3134.3,31875000,3447.7,2820.9,3839.9,2896.0,3129.9,196,3,3129.8,240,5,3129.7,94,4,3129.6,93,3,3129.5,136,7,3130.0,15,1,3130.9,27,2,3131.0,227,5,3131.1,272,3,3131.2,21,1
2031,2026-06-16 10:53:45+05:30,3130.0,2,3131.29,1175989,133022.0,195466.0,3163.0,3163.0,3108.0,3134.3,31875000,3447.7,2820.9,3839.9,2896.0,3129.9,196,3,3129.8,240,5,3129.7,94,4,3129.6,93,3,3129.5,136,7,3130.0,15,1,3130.9,27,2,3131.0,227,5,3131.1,272,3,3131.2,21,1
2031,2026-06-16 10:53:46+05:30,3130.0,23,3131.29,1176093,133103.0,196213.0,3163.0,3163.0,3108.0,3134.3,31875000,3447.7,2820.9,3839.9,2896.0,3129.9,197,4,3129.8,221,4,3129.7,113,5,3129.6,74,2,3129.5,115,6,3130.0,29,2,3130.9,7,1,3131.0,261,6,3131.1,289,3,3131.2,21,1
2031,2026-06-16 10:53:46+05:30,3130.0,23,3131.29,1176093,133103.0,196213.0,3163.0,3163.0,3108.0,3134.3,31875000,3447.7,2820.9,3839.9,2896.0,3129.9,197,4,3129.8,221,4,3129.7,113,5,3129.6,74,2,3129.5,115,6,3130.0,29,2,3130.9,7,1,3131.0,261,6,3131.1,289,3,3131.2,21,1
2031,2026-06-16 10:53:46+05:30,3130.0,23,3131.29,1176093,133103.0,196213.0,3163.0,3163.0,3108.0,3134.3,31875000,3447.7,2820.9,3839.9,2896.0,3129.9,197,4,3129.8,221,4,3129.7,113,5,3129.6,74,2,3129.5,115,6,3130.0,29,2,3130.9,7,1,3131.0,261,6,3131.1,289,3,3131.2,21,1
2031,2026-06-16 10:53:47+05:30,3130.0,23,3131.29,1176093,133103.0,196213.0,3163.0,3163.0,3108.0,3134.3,31875000,3447.7,2820.9,3839.9,2896.0,3129.9,197,4,3129.8,221,4,3129.7,113,5,3129.6,74,2,3129.5,115,6,3130.0,29,2,3130.9,7,1,3131.0,261,6,3131.1,289,3,3131.2,21,1
2031,2026-06-16 10:53:47+05:30,3130.0,98,3131.29,1176220,133131.0,195611.0,3163.0,3163.0,3108.0,3134.3,31875000,3447.7,2820.9,3839.9,2896.0,3129.9,197,4,3129.8,284,7,3129.7,94,4,3129.6,93,3,3129.5,136,7,3130.0,73,1,3131.0,227,5,3131.1,250,2,3131.2,21,1,3131.3,86,2
2031,2026-06-16 10:53:47+05:30,3130.0,98,3131.29,1176220,133131.0,195611.0,3163.0,3163.0,3108.0,3134.3,31875000,3447.7,2820.9,3839.9,2896.0,3129.9,197,4,3129.8,284,7,3129.7,94,4,3129.6,93,3,3129.5,136,7,3130.0,73,1,3131.0,227,5,3131.1,250,2,3131.2,21,1,3131.3,86,2
2031,2026-06-16 10:53:48+05:30,3130.0,98,3131.29,1176220,133131.0,195611.0,3163.0,3163.0,3108.0,3134.3,31875000,3447.7,2820.9,3839.9,2896.0,3129.9,197,4,3129.8,284,7,3129.7,94,4,3129.6,93,3,3129.5,136,7,3130.0,73,1,3131.0,227,5,3131.1,250,2,3131.2,21,1,3131.3,86,2
2031,2026-06-16 10:53:48+05:30,3130.0,73,3131.29,1176458,133168.0,195581.0,3163.0,3163.0,3108.0,3134.3,31875000,3447.7,2820.9,3839.9,2896.0,3129.9,197,4,3129.8,265,6,3129.7,94,4,3129.6,93,3,3129.5,128,6,3130.0,73,1,3130.9,7,1,3131.0,227,5,3131.1,250,2,3131.2,21,1
2031,2026-06-16 10:53:48+05:30,3130.0,1,3131.29,1176458,133168.0,195581.0,3163.0,3163.0,3108.0,3134.3,31875000,3447.7,2820.9,3839.9,2896.0,3129.9,197,4,3129.8,265,6,3129.7,94,4,3129.6,93,3,3129.5,128,6,3130.0,73,1,3130.9,7,1,3131.0,227,5,3131.1,250,2,3131.2,21,1
2031,2026-06-16 10:53:49+05:30,3130.0,1,3131.29,1176458,133168.0,195581.0,3163.0,3163.0,3108.0,3134.3,31875000,3447.7,2820.9,3839.9,2896.0,3129.9,197,4,3129.8,265,6,3129.7,94,4,3129.6,93,3,3129.5,128,6,3130.0,73,1,3130.9,7,1,3131.0,227,5,3131.1,250,2,3131.2,21,1
2031,2026-06-16 10:53:49+05:30,3129.9,3,3131.29,1176724,132703.0,195503.0,3163.0,3163.0,3108.0,3134.3,31875000,3447.7,2820.9,3839.9,2896.0,3129.9,8,2,3129.8,315,7,3129.7,44,3,3129.6,86,2,3129.5,65,3,3130.0,7,1,3130.9,7,1,3131.0,311,7,3131.1,200,1,3131.2,21,1
2031,2026-06-16 10:53:49+05:30,3129.9,9,3131.29,1176724,132703.0,195503.0,3163.0,3163.0,3108.0,3134.3,31875000,3447.7,2820.9,3839.9,2896.0,3129.9,8,2,3129.8,315,7,3129.7,44,3,3129.6,86,2,3129.5,65,3,3130.0,7,1,3130.9,7,1,3131.0,311,7,3131.1,200,1,3131.2,21,1
2031,2026-06-16 10:53:49+05:30,3129.9,9,3131.29,1176724,132703.0,195503.0,3163.0,3163.0,3108.0,3134.3,31875000,3447.7,2820.9,3839.9,2896.0,3129.9,8,2,3129.8,315,7,3129.7,44,3,3129.6,86,2,3129.5,65,3,3130.0,7,1,3130.9,7,1,3131.0,311,7,3131.1,200,1,3131.2,21,1
2031,2026-06-16 10:53:50+05:30,3130.0,65,3131.29,1177055,132919.0,196189.0,3163.0,3163.0,3108.0,3134.3,31875000,3447.7,2820.9,3839.9,2896.0,3129.9,80,3,3129.8,291,6,3129.7,44,3,3129.6,67,1,3129.5,84,4,3130.0,7,1,3130.7,18,1,3130.9,24,2,3131.0,334,9,3131.1,234,2
2031,2026-06-16 10:53:50+05:30,3130.0,65,3131.29,1177055,132919.0,196189.0,3163.0,3163.0,3108.0,3134.3,31875000,3447.7,2820.9,3839.9,2896.0,3129.9,80,3,3129.8,291,6,3129.7,44,3,3129.6,67,1,3129.5,84,4,3130.0,7,1,3130.7,18,1,3130.9,24,2,3131.0,334,9,3131.1,234,2
2031,2026-06-16 10:53:50+05:30,3130.0,65,3131.29,1177055,132919.0,196189.0,3163.0,3163.0,3108.0,3134.3,31872400,3447.7,2820.9,3839.9,2896.0,3129.9,80,3,3129.8,291,6,3129.7,44,3,3129.6,67,1,3129.5,84,4,3130.0,7,1,3130.7,18,1,3130.9,24,2,3131.0,334,9,3131.1,234,2
2031,2026-06-16 10:53:51+05:30,3130.1,10,3131.29,1179103,133201.0,195755.0,3163.0,3163.0,3108.0,3134.3,31872400,3447.7,2820.9,3839.9,2896.0,3130.1,25,4,3130.0,40,3,3129.9,139,7,3129.8,350,10,3129.7,49,4,3130.9,73,1,3131.0,227,5,3131.1,200,1,3131.3,95,2,3131.4,22,1
2031,2026-06-16 10:53:51+05:30,3130.1,3,3131.29,1179103,133201.0,195755.0,3163.0,3163.0,3108.0,3134.3,31872400,3447.7,2820.9,3839.9,2896.0,3130.1,25,4,3130.0,40,3,3129.9,139,7,3129.8,350,10,3129.7,49,4,3130.9,73,1,3131.0,227,5,3131.1,200,1,3131.3,95,2,3131.4,22,1
2031,2026-06-16 10:53:52+05:30,3130.0,15,3131.29,1179393,132948.0,196238.0,3163.0,3163.0,3108.0,3134.3,31872400,3447.7,2820.9,3839.9,2896.0,3129.9,122,8,3129.8,322,8,3129.7,44,3,3129.6,38,2,3129.5,73,4,3130.9,118,2,3131.0,277,6,3131.1,276,3,3131.2,7,1,3131.3,50,1
2031,2026-06-16 10:53:52+05:30,3130.0,15,3131.29,1179393,132948.0,196238.0,3163.0,3163.0,3108.0,3134.3,31872400,3447.7,2820.9,3839.9,2896.0,3129.9,122,8,3129.8,322,8,3129.7,44,3,3129.6,38,2,3129.5,73,4,3130.9,118,2,3131.0,277,6,3131.1,276,3,3131.2,7,1,3131.3,50,1
2031,2026-06-16 10:53:53+05:30,3130.8,1,3131.29,1179504,133090.0,194071.0,3163.0,3163.0,3108.0,3134.3,31872400,3447.7,2820.9,3839.9,2896.0,3129.9,104,5,3129.8,291,6,3129.7,79,4,3129.6,105,4,3129.5,75,5,3130.8,72,1,3130.9,13,1,3131.0,277,6,3131.1,245,2,3131.3,93,2
2031,2026-06-16 10:53:53+05:30,3130.8,1,3131.29,1179504,133090.0,194071.0,3163.0,3163.0,3108.0,3134.3,31872400,3447.7,2820.9,3839.9,2896.0,3129.9,104,5,3129.8,291,6,3129.7,79,4,3129.6,105,4,3129.5,75,5,3130.8,72,1,3130.9,13,1,3131.0,277,6,3131.1,245,2,3131.3,93,2
2031,2026-06-16 10:53:54+05:30,3130.8,1,3131.29,1179504,133094.0,194117.0,3163.0,3163.0,3108.0,3134.3,31872400,3447.7,2820.9,3839.9,2896.0,3129.9,104,5,3129.8,291,6,3129.7,79,4,3129.6,105,4,3129.5,75,5,3130.8,72,1,3130.9,20,2,3131.0,277,6,3131.1,245,2,3131.3,93,2
2031,2026-06-16 10:53:54+05:30,3130.8,11,3131.29,1179504,133094.0,194117.0,3163.0,3163.0,3108.0,3134.3,31872400,3447.7,2820.9,3839.9,2896.0,3129.9,104,5,3129.8,291,6,3129.7,79,4,3129.6,105,4,3129.5,75,5,3130.8,72,1,3130.9,20,2,3131.0,277,6,3131.1,245,2,3131.3,93,2
2031,2026-06-16 10:53:55+05:30,3130.8,8,3131.29,1179634,133093.0,195958.0,3163.0,3163.0,3108.0,3134.3,31872400,3447.7,2820.9,3839.9,2896.0,3129.9,103,4,3129.8,291,6,3129.7,98,5,3129.6,86,3,3129.5,96,6,3130.8,16,1,3130.9,7,1,3131.0,227,5,3131.1,295,3,3131.3,93,2
2031,2026-06-16 10:53:55+05:30,3130.8,8,3131.29,1179634,133093.0,195958.0,3163.0,3163.0,3108.0,3134.3,31872400,3447.7,2820.9,3839.9,2896.0,3129.9,103,4,3129.8,291,6,3129.7,98,5,3129.6,86,3,3129.5,96,6,3130.8,16,1,3130.9,7,1,3131.0,227,5,3131.1,295,3,3131.3,93,2
2031,2026-06-16 10:53:56+05:30,3130.8,8,3131.29,1179634,133143.0,195954.0,3163.0,3163.0,3108.0,3134.3,31872400,3447.7,2820.9,3839.9,2896.0,3130.0,33,3,3129.9,183,8,3129.8,310,7,3129.7,44,3,3129.6,105,4,3130.8,22,2,3131.0,227,5,3131.1,250,2,3131.3,50,1,3131.4,41,2
2031,2026-06-16 10:53:56+05:30,3130.8,13,3131.29,1179634,133143.0,195954.0,3163.0,3163.0,3108.0,3134.3,31872400,3447.7,2820.9,3839.9,2896.0,3130.0,33,3,3129.9,183,8,3129.8,310,7,3129.7,44,3,3129.6,105,4,3130.8,22,2,3131.0,227,5,3131.1,250,2,3131.3,50,1,3131.4,41,2
2031,2026-06-16 10:53:57+05:30,3130.0,37,3131.29,1179754,132760.0,196283.0,3163.0,3163.0,3108.0,3134.3,31872400,3447.7,2820.9,3839.9,2896.0,3129.9,103,4,3129.8,316,7,3129.7,44,3,3129.6,19,1,3129.5,28,4,3130.8,51,2,3131.0,293,7,3131.1,314,4,3131.2,36,1,3131.3,50,1
2031,2026-06-16 10:53:57+05:30,3129.9,49,3131.29,1179754,132760.0,196283.0,3163.0,3163.0,3108.0,3134.3,31872400,3447.7,2820.9,3839.9,2896.0,3129.9,103,4,3129.8,316,7,3129.7,44,3,3129.6,19,1,3129.5,28,4,3130.8,51,2,3131.0,293,7,3131.1,314,4,3131.2,36,1,3131.3,50,1
2031,2026-06-16 10:53:58+05:30,3129.9,49,3131.29,1179804,133160.0,195733.0,3163.0,3163.0,3108.0,3134.3,31872400,3447.7,2820.9,3839.9,2896.0,3129.9,63,4,3129.8,316,7,3129.7,44,3,3129.6,19,1,3129.5,20,3,3130.8,101,3,3131.0,293,7,3131.1,351,5,3131.2,36,1,3131.3,93,2
2031,2026-06-16 10:53:59+05:30,3129.9,49,3131.29,1179804,133194.0,194294.0,3163.0,3163.0,3108.0,3134.3,31872400,3447.7,2820.9,3839.9,2896.0,3130.0,223,3,3129.9,41,3,3129.8,291,6,3129.7,49,4,3129.6,85,3,3130.8,76,3,3131.0,258,6,3131.1,166,4,3131.2,200,1,3131.3,50,1
2031,2026-06-16 10:54:00+05:30,3130.0,22,3131.29,1180242,132428.0,196794.0,3163.0,3163.0,3108.0,3134.3,31872400,3447.7,2820.9,3839.9,2896.0,3130.4,2,2,3129.9,41,3,3129.8,291,6,3129.7,58,4,3129.5,20,3,3130.6,26,2,3130.7,42,1,3130.8,113,5,3130.9,126,4,3131.0,263,6
2031,2026-06-16 10:54:00+05:30,3130.0,22,3131.29,1180242,132428.0,196794.0,3163.0,3163.0,3108.0,3134.3,31872400,3447.7,2820.9,3839.9,2896.0,3130.4,2,2,3129.9,41,3,3129.8,291,6,3129.7,58,4,3129.5,20,3,3130.6,26,2,3130.7,42,1,3130.8,113,5,3130.9,126,4,3131.0,263,6
2031,2026-06-16 10:54:01+05:30,3130.4,1,3131.29,1180246,132844.0,196624.0,3163.0,3163.0,3108.0,3134.3,31872400,3447.7,2820.9,3839.9,2896.0,3130.0,39,1,3129.9,41,3,3129.8,291,6,3129.7,58,4,3129.5,39,4,3130.5,45,1,3130.6,27,2,3130.7,42,1,3130.8,32,3,3130.9,50,1
2031,2026-06-16 10:54:01+05:30,3130.5,1,3131.29,1180246,132844.0,196624.0,3163.0,3163.0,3108.0,3134.3,31872400,3447.7,2820.9,3839.9,2896.0,3130.0,39,1,3129.9,41,3,3129.8,291,6,3129.7,58,4,3129.5,39,4,3130.5,45,1,3130.6,27,2,3130.7,42,1,3130.8,32,3,3130.9,50,1
2031,2026-06-16 10:54:02+05:30,3130.0,39,3131.29,1180246,132844.0,196624.0,3163.0,3163.0,3108.0,3134.3,31872400,3447.7,2820.9,3839.9,2896.0,3129.9,41,3,3129.8,291,6,3129.7,58,4,3129.5,39,4,3129.3,91,3,3130.5,75,4,3130.6,27,2,3130.7,42,1,3130.8,1,1,3130.9,83,2
2031,2026-06-16 10:54:02+05:30,3130.0,39,3131.29,1180286,132705.0,196992.0,3163.0,3163.0,3108.0,3134.3,31872400,3447.7,2820.9,3839.9,2896.0,3129.9,41,3,3129.8,291,6,3129.7,58,4,3129.5,39,4,3129.3,91,3,3130.5,75,4,3130.6,27,2,3130.7,42,1,3130.8,1,1,3130.9,83,2
2031,2026-06-16 10:54:03+05:30,3130.0,39,3131.29,1180286,132479.0,196894.0,3163.0,3163.0,3108.0,3134.3,31872400,3447.7,2820.9,3839.9,2896.0,3129.9,41,3,3129.8,291,6,3129.7,58,4,3129.5,39,4,3129.3,71,2,3130.4,44,1,3130.5,31,3,3130.6,27,2,3130.7,42,1,3130.8,1,1
2031,2026-06-16 10:54:04+05:30,3130.4,1,3131.29,1180287,133449.0,196905.0,3163.0,3163.0,3108.0,3134.3,31872400,3447.7,2820.9,3839.9,2896.0,3129.9,41,3,3129.8,291,6,3129.7,58,4,3129.6,8,1,3129.5,39,4,3130.4,68,2,3130.5,6,2,3130.6,27,2,3130.7,42,1,3130.8,1,1
2031,2026-06-16 10:54:04+05:30,3130.4,1,3131.29,1180287,133449.0,196905.0,3163.0,3163.0,3108.0,3134.3,31872400,3447.7,2820.9,3839.9,2896.0,3129.9,41,3,3129.8,291,6,3129.7,58,4,3129.6,8,1,3129.5,39,4,3130.4,68,2,3130.5,6,2,3130.6,27,2,3130.7,42,1,3130.8,1,1
2031,2026-06-16 10:54:05+05:30,3129.9,7,3131.29,1180287,133449.0,196905.0,3163.0,3163.0,3108.0,3134.3,31872400,3447.7,2820.9,3839.9,2896.0,3129.9,41,3,3129.8,291,6,3129.7,58,4,3129.6,8,1,3129.5,39,4,3130.4,68,2,3130.5,6,2,3130.6,27,2,3130.7,42,1,3130.8,1,1
2031,2026-06-16 10:54:05+05:30,3129.9,7,3131.29,1180294,133479.0,196916.0,3163.0,3163.0,3108.0,3134.3,31872400,3447.7,2820.9,3839.9,2896.0,3129.9,34,3,3129.8,315,7,3129.7,48,4,3129.5,96,6,3129.2,38,2,3130.4,69,3,3130.5,5,1,3130.6,14,1,3130.7,42,1,3130.8,201,2
2031,2026-06-16 10:54:06+05:30,3130.4,1,3131.29,1180294,133479.0,196916.0,3163.0,3163.0,3108.0,3134.3,31872400,3447.7,2820.9,3839.9,2896.0,3129.9,34,3,3129.8,315,7,3129.7,48,4,3129.5,96,6,3129.2,38,2,3130.4,69,3,3130.5,5,1,3130.6,14,1,3130.7,42,1,3130.8,201,2
2031,2026-06-16 10:54:06+05:30,3130.4,1,3131.29,1180338,133642.0,196757.0,3163.0,3163.0,3108.0,3134.3,31872400,3447.7,2820.9,3839.9,2896.0,3130.0,15,1,3129.9,99,4,3129.8,299,6,3129.7,48,4,3129.5,41,3,3130.4,98,3,3130.5,5,1,3130.6,14,1,3130.7,42,1,3130.8,201,2
2031,2026-06-16 10:54:07+05:30,3130.0,15,3131.29,1180338,133642.0,196757.0,3163.0,3163.0,3108.0,3134.3,31872400,3447.7,2820.9,3839.9,2896.0,3130.0,15,1,3129.9,99,4,3129.8,299,6,3129.7,48,4,3129.5,41,3,3130.4,98,3,3130.5,5,1,3130.6,14,1,3130.7,42,1,3130.8,201,2
2031,2026-06-16 10:54:07+05:30,3130.0,15,3131.29,1180353,133640.0,196758.0,3163.0,3163.0,3108.0,3134.3,31872400,3447.7,2820.9,3839.9,2896.0,3130.0,15,1,3129.9,99,4,3129.8,299,6,3129.7,44,3,3129.5,3,2,3130.4,98,3,3130.5,5,1,3130.6,14,1,3130.7,42,1,3130.8,201,2
2031,2026-06-16 10:54:08+05:30,3130.0,15,3131.29,1180353,133640.0,196758.0,3163.0,3163.0,3108.0,3134.3,31872400,3447.7,2820.9,3839.9,2896.0,3130.0,15,1,3129.9,99,4,3129.8,299,6,3129.7,44,3,3129.5,3,2,3130.4,98,3,3130.5,5,1,3130.6,14,1,3130.7,42,1,3130.8,201,2
2031,2026-06-16 10:54:08+05:30,3130.0,15,3131.29,1180399,133752.0,196764.0,3163.0,3163.0,3108.0,3134.3,31872400,3447.7,2820.9,3839.9,2896.0,3130.0,37,2,3129.9,99,4,3129.8,305,6,3129.7,63,4,3129.6,19,1,3130.2,1,1,3130.4,97,3,3130.5,5,1,3130.6,14,1,3130.7,42,1
2031,2026-06-16 10:54:09+05:30,3130.0,22,3131.29,1180473,133696.0,196856.0,3163.0,3163.0,3108.0,3134.3,31872400,3447.7,2820.9,3839.9,2896.0,3130.0,37,2,3129.9,99,4,3129.8,305,6,3129.7,44,3,3129.5,3,2,3130.2,6,2,3130.4,97,3,3130.6,14,1,3130.8,200,1,3130.9,83,2
2031,2026-06-16 10:54:09+05:30,3130.0,22,3131.29,1180473,133696.0,196856.0,3163.0,3163.0,3108.0,3134.3,31872400,3447.7,2820.9,3839.9,2896.0,3130.0,37,2,3129.9,99,4,3129.8,305,6,3129.7,44,3,3129.5,3,2,3130.2,6,2,3130.4,97,3,3130.6,14,1,3130.8,200,1,3130.9,83,2
2031,2026-06-16 10:54:10+05:30,3130.0,22,3131.29,1180473,133696.0,196856.0,3163.0,3163.0,3108.0,3134.3,31872400,3447.7,2820.9,3839.9,2896.0,3130.0,37,2,3129.9,99,4,3129.8,305,6,3129.7,44,3,3129.5,3,2,3130.2,6,2,3130.4,97,3,3130.6,14,1,3130.8,200,1,3130.9,83,2
2031,2026-06-16 10:54:10+05:30,3130.0,22,3131.29,1180547,133689.0,196656.0,3163.0,3163.0,3108.0,3134.3,31872400,3447.7,2820.9,3839.9,2896.0,3130.0,50,3,3129.9,34,3,3129.8,305,6,3129.7,44,3,3129.5,3,2,3130.2,11,4,3130.4,73,1,3130.6,14,1,3130.8,200,1,3130.9,119,3
2031,2026-06-16 10:54:11+05:30,3130.1,73,3131.29,1180547,133689.0,196656.0,3163.0,3163.0,3108.0,3134.3,31872400,3447.7,2820.9,3839.9,2896.0,3130.0,50,3,3129.9,34,3,3129.8,305,6,3129.7,44,3,3129.5,3,2,3130.2,11,4,3130.4,73,1,3130.6,14,1,3130.8,200,1,3130.9,119,3
2031,2026-06-16 10:54:11+05:30,3130.0,18,3131.28,1183271,134375.0,197308.0,3163.0,3163.0,3108.0,3134.3,31872400,3447.7,2820.9,3839.9,2896.0,3130.0,21,3,3129.9,34,3,3129.8,340,8,3129.7,63,4,3129.6,19,1,3130.1,73,1,3130.2,21,1,3130.4,50,1,3130.8,200,1,3131.0,227,5
2031,2026-06-16 10:54:12+05:30,3130.0,8,3131.28,1183271,134375.0,197308.0,3163.0,3163.0,3108.0,3134.3,31872400,3447.7,2820.9,3839.9,2896.0,3130.0,21,3,3129.9,34,3,3129.8,340,8,3129.7,63,4,3129.6,19,1,3130.1,73,1,3130.2,21,1,3130.4,50,1,3130.8,200,1,3131.0,227,5
2031,2026-06-16 10:54:12+05:30,3130.0,8,3131.28,1183582,134319.0,196779.0,3163.0,3163.0,3108.0,3134.3,31872400,3447.7,2820.9,3839.9,2896.0,3130.0,15,1,3129.9,41,4,3129.8,332,8,3129.7,44,3,3129.6,19,1,3130.1,54,1,3130.2,21,1,3130.4,50,1,3130.8,238,2,3131.0,279,6
2031,2026-06-16 10:54:13+05:30,3130.0,95,3131.28,1183582,134319.0,196779.0,3163.0,3163.0,3108.0,3134.3,31872400,3447.7,2820.9,3839.9,2896.0,3130.0,15,1,3129.9,41,4,3129.8,332,8,3129.7,44,3,3129.6,19,1,3130.1,54,1,3130.2,21,1,3130.4,50,1,3130.8,238,2,3131.0,279,6
2031,2026-06-16 10:54:13+05:30,3130.0,87,3131.28,1183978,134333.0,197826.0,3163.0,3163.0,3108.0,3134.3,31872400,3447.7,2820.9,3839.9,2896.0,3129.8,312,7,3129.7,44,3,3129.6,19,1,3129.5,16,3,3129.4,19,1,3130.0,113,1,3130.1,108,3,3130.4,50,1,3130.8,252,2,3130.9,45,2
2031,2026-06-16 10:54:14+05:30,3130.0,1,3131.28,1183978,134333.0,197826.0,3163.0,3163.0,3108.0,3134.3,31872400,3447.7,2820.9,3839.9,2896.0,3129.8,312,7,3129.7,44,3,3129.6,19,1,3129.5,16,3,3129.4,19,1,3130.0,113,1,3130.1,108,3,3130.4,50,1,3130.8,252,2,3130.9,45,2
2031,2026-06-16 10:54:14+05:30,3130.0,1,3131.28,1184192,134126.0,197600.0,3163.0,3163.0,3108.0,3134.3,31872400,3447.7,2820.9,3839.9,2896.0,3129.8,311,7,3129.7,44,3,3129.5,16,3,3129.0,125,10,3128.9,73,3,3130.0,103,2,3130.1,90,2,3130.4,50,1,3130.5,19,1,3130.7,28,1
2031,2026-06-16 10:54:15+05:30,3130.0,1,3131.28,1184192,134207.0,197867.0,3163.0,3163.0,3108.0,3134.3,31872400,3447.7,2820.9,3839.9,2896.0,3129.9,2,2,3129.8,312,8,3129.7,44,3,3129.5,16,3,3129.0,106,9,3130.0,121,3,3130.1,72,1,3130.4,50,1,3130.5,107,3,3130.7,64,2
2031,2026-06-16 10:54:16+05:30,3130.0,1,3131.28,1184192,134207.0,197867.0,3163.0,3163.0,3108.0,3134.3,31872400,3447.7,2820.9,3839.9,2896.0,3129.9,2,2,3129.8,312,8,3129.7,44,3,3129.5,16,3,3129.0,106,9,3130.0,121,3,3130.1,72,1,3130.4,50,1,3130.5,107,3,3130.7,64,2
2031,2026-06-16 10:54:16+05:30,3130.0,1,3131.28,1184231,134294.0,197908.0,3163.0,3163.0,3108.0,3134.3,31872400,3447.7,2820.9,3839.9,2896.0,3129.9,2,2,3129.8,312,8,3129.7,44,3,3129.5,16,3,3129.0,106,9,3130.0,82,3,3130.1,72,1,3130.4,50,1,3130.5,88,2,3130.7,64,2
2031,2026-06-16 10:54:17+05:30,3130.0,50,3131.28,1184231,134294.0,197908.0,3163.0,3163.0,3108.0,3134.3,31872400,3447.7,2820.9,3839.9,2896.0,3129.9,2,2,3129.8,312,8,3129.7,44,3,3129.5,16,3,3129.0,106,9,3130.0,82,3,3130.1,72,1,3130.4,50,1,3130.5,88,2,3130.7,64,2
2031,2026-06-16 10:54:17+05:30,3130.0,50,3131.28,1184451,134244.0,197968.0,3163.0,3163.0,3108.0,3134.3,31872400,3447.7,2820.9,3839.9,2896.0,3129.9,41,3,3129.8,286,7,3129.7,44,3,3129.5,16,3,3129.0,175,10,3130.0,23,1,3130.1,72,1,3130.4,50,1,3130.6,107,3,3130.7,64,2
2031,2026-06-16 10:54:18+05:30,3129.9,2,3131.28,1184578,134267.0,197903.0,3163.0,3163.0,3108.0,3134.3,31872400,3447.7,2820.9,3839.9,2896.0,3129.9,39,3,3129.8,286,7,3129.7,44,3,3129.5,16,3,3129.0,228,10,3130.0,23,1,3130.1,72,1,3130.4,50,1,3130.6,36,1,3130.7,64,2
2031,2026-06-16 10:54:18+05:30,3129.9,2,3131.28,1184578,134267.0,197903.0,3163.0,3163.0,3108.0,3134.3,31872400,3447.7,2820.9,3839.9,2896.0,3129.9,39,3,3129.8,286,7,3129.7,44,3,3129.5,16,3,3129.0,228,10,3130.0,23,1,3130.1,72,1,3130.4,50,1,3130.6,36,1,3130.7,64,2
2031,2026-06-16 10:54:19+05:30,3129.9,2,3131.28,1184578,134270.0,197871.0,3163.0,3163.0,3108.0,3134.3,31872400,3447.7,2820.9,3839.9,2896.0,3129.9,39,3,3129.8,286,7,3129.7,44,3,3129.5,16,3,3129.3,19,1,3130.0,23,1,3130.1,72,1,3130.4,50,1,3130.6,36,1,3130.7,64,2
2031,2026-06-16 10:54:20+05:30,3129.9,10,3131.28,1184588,134260.0,197855.0,3163.0,3163.0,3108.0,3134.3,31872400,3447.7,2820.9,3839.9,2896.0,3129.9,29,3,3129.8,286,7,3129.7,44,3,3129.5,16,3,3129.3,19,1,3130.0,23,1,3130.1,73,2,3130.4,50,1,3130.6,36,1,3130.7,64,2
2031,2026-06-16 10:54:20+05:30,3129.9,10,3131.28,1184588,134260.0,197855.0,3163.0,3163.0,3108.0,3134.3,31872400,3447.7,2820.9,3839.9,2896.0,3129.9,29,3,3129.8,286,7,3129.7,44,3,3129.5,16,3,3129.3,19,1,3130.0,23,1,3130.1,73,2,3130.4,50,1,3130.6,36,1,3130.7,64,2
2031,2026-06-16 10:54:21+05:30,3130.0,1,3131.28,1184695,134283.0,198063.0,3163.0,3163.0,3108.0,3134.3,31872400,3447.7,2820.9,3839.9,2896.0,3129.9,23,3,3129.8,309,8,3129.7,44,3,3129.5,16,3,3129.3,19,1,3130.0,98,2,3130.1,73,2,3130.4,50,1,3130.6,36,1,3130.7,28,1
2031,2026-06-16 10:54:21+05:30,3130.0,1,3131.28,1184695,134283.0,198063.0,3163.0,3163.0,3108.0,3134.3,31872400,3447.7,2820.9,3839.9,2896.0,3129.9,23,3,3129.8,309,8,3129.7,44,3,3129.5,16,3,3129.3,19,1,3130.0,98,2,3130.1,73,2,3130.4,50,1,3130.6,36,1,3130.7,28,1
2031,2026-06-16 10:54:22+05:30,3130.0,3,3131.28,1184739,134280.0,198035.0,3163.0,3163.0,3108.0,3134.3,31872400,3447.7,2820.9,3839.9,2896.0,3129.9,25,4,3129.8,309,8,3129.7,44,3,3129.5,24,4,3129.3,31,2,3130.0,54,2,3130.1,73,2,3130.4,50,1,3130.6,36,1,3130.7,28,1
2031,2026-06-16 10:54:22+05:30,3130.0,3,3131.28,1184739,134280.0,198035.0,3163.0,3163.0,3108.0,3134.3,31872400,3447.7,2820.9,3839.9,2896.0,3129.9,25,4,3129.8,309,8,3129.7,44,3,3129.5,24,4,3129.3,31,2,3130.0,54,2,3130.1,73,2,3130.4,50,1,3130.6,36,1,3130.7,28,1
2031,2026-06-16 10:54:23+05:30,3130.0,3,3131.28,1184742,134277.0,198008.0,3163.0,3163.0,3108.0,3134.3,31872400,3447.7,2820.9,3839.9,2896.0,3129.9,25,4,3129.8,309,8,3129.7,44,3,3129.5,24,4,3129.4,19,1,3130.0,51,2,3130.1,73,2,3130.4,50,1,3130.7,28,1,3130.8,292,4
2031,2026-06-16 10:54:24+05:30,3129.0,1,3131.28,1186742,131501.0,198993.0,3163.0,3163.0,3108.0,3134.3,31872400,3447.7,2820.9,3839.9,2896.0,3129.0,22,2,3128.9,32,3,3128.8,26,2,3128.7,18,2,3128.6,177,2,3130.0,143,5,3130.1,115,3,3130.2,167,5,3130.3,225,3,3130.4,107,3
2031,2026-06-16 10:54:24+05:30,3129.0,1,3131.28,1186742,131501.0,198993.0,3163.0,3163.0,3108.0,3134.3,31872400,3447.7,2820.9,3839.9,2896.0,3129.0,22,2,3128.9,32,3,3128.8,26,2,3128.7,18,2,3128.6,177,2,3130.0,143,5,3130.1,115,3,3130.2,167,5,3130.3,225,3,3130.4,107,3
2031,2026-06-16 10:54:25+05:30,3129.0,1,3131.28,1186742,131482.0,199023.0,3163.0,3163.0,3108.0,3134.3,31872400,3447.7,2820.9,3839.9,2896.0,3129.0,14,1,3128.9,26,2,3128.8,26,2,3128.5,15,2,3128.4,244,4,3129.9,85,5,3130.0,247,7,3130.1,64,3,3130.2,337,5,3130.3,108,3
2031,2026-06-16 10:54:26+05:30,3129.9,23,3131.28,1186765,131217.0,199066.0,3163.0,3163.0,3108.0,3134.3,31872400,3447.7,2820.9,3839.9,2896.0,3129.0,14,1,3128.5,189,3,3128.4,57,2,3128.3,81,3,3128.2,90,4,3129.9,108,7,3130.0,222,6,3130.1,132,5,3130.2,438,7,3130.3,44,2
2031,2026-06-16 10:54:26+05:30,3129.9,1,3131.28,1186765,131217.0,199066.0,3163.0,3163.0,3108.0,3134.3,31872400,3447.7,2820.9,3839.9,2896.0,3129.0,14,1,3128.5,189,3,3128.4,57,2,3128.3,81,3,3128.2,90,4,3129.9,108,7,3130.0,222,6,3130.1,132,5,3130.2,438,7,3130.3,44,2
2031,2026-06-16 10:54:27+05:30,3129.0,10,3131.28,1186777,131208.0,199100.0,3163.0,3163.0,3108.0,3134.3,31872400,3447.7,2820.9,3839.9,2896.0,3129.0,70,3,3128.8,1,1,3128.5,189,3,3128.4,100,3,3128.3,81,3,3129.9,90,6,3130.0,222,6,3130.1,111,4,3130.2,395,7,3130.3,108,3
2031,2026-06-16 10:54:27+05:30,3129.9,1,3131.28,1186777,131208.0,199100.0,3163.0,3163.0,3108.0,3134.3,31872400,3447.7,2820.9,3839.9,2896.0,3129.0,70,3,3128.8,1,1,3128.5,189,3,3128.4,100,3,3128.3,81,3,3129.9,90,6,3130.0,222,6,3130.1,111,4,3130.2,395,7,3130.3,108,3
2031,2026-06-16 10:54:28+05:30,3129.9,1,3131.28,1186778,131214.0,199181.0,3163.0,3163.0,3108.0,3134.3,31872400,3447.7,2820.9,3839.9,2896.0,3129.0,70,3,3128.8,1,1,3128.5,189,3,3128.4,100,3,3128.3,81,3,3129.9,89,6,3130.0,222,6,3130.1,111,4,3130.2,395,7,3130.3,108,3
2031,2026-06-16 10:54:29+05:30,3129.9,1,3131.28,1186778,131233.0,199187.0,3163.0,3163.0,3108.0,3134.3,31872400,3447.7,2820.9,3839.9,2896.0,3129.0,70,3,3128.8,1,1,3128.5,175,2,3128.4,100,3,3128.3,100,4,3129.9,89,6,3130.0,222,6,3130.1,69,3,3130.2,395,7,3130.3,108,3
2031,2026-06-16 10:54:30+05:30,3130.0,20,3131.28,1186778,131233.0,199187.0,3163.0,3163.0,3108.0,3134.3,31872400,3447.7,2820.9,3839.9,2896.0,3129.0,70,3,3128.8,1,1,3128.5,175,2,3128.4,100,3,3128.3,100,4,3129.9,89,6,3130.0,222,6,3130.1,69,3,3130.2,395,7,3130.3,108,3
2031,2026-06-16 10:54:30+05:30,3130.0,20,3131.28,1186912,131824.0,198618.0,3163.0,3163.0,3108.0,3134.3,31872400,3447.7,2820.9,3839.9,2896.0,3129.5,2,2,3129.0,78,4,3128.9,26,1,3128.8,1,1,3128.5,213,4,3129.9,1,1,3130.0,233,6,3130.1,35,2,3130.2,257,3,3130.3,65,3
2031,2026-06-16 10:54:31+05:30,3130.0,20,3131.28,1186912,131456.0,199307.0,3163.0,3163.0,3108.0,3134.3,31872400,3447.7,2820.9,3839.9,2896.0,3129.5,3,3,3129.0,67,3,3128.9,26,1,3128.8,45,2,3128.5,213,4,3129.9,1,1,3130.0,227,5,3130.1,1,1,3130.2,38,1,3130.3,244,3
2031,2026-06-16 10:54:32+05:30,3129.9,1,3131.28,1186912,131456.0,199307.0,3163.0,3163.0,3108.0,3134.3,31872400,3447.7,2820.9,3839.9,2896.0,3129.5,3,3,3129.0,67,3,3128.9,26,1,3128.8,45,2,3128.5,213,4,3129.9,1,1,3130.0,227,5,3130.1,1,1,3130.2,38,1,3130.3,244,3
2031,2026-06-16 10:54:32+05:30,3129.9,1,3131.28,1186913,132809.0,198707.0,3163.0,3163.0,3108.0,3134.3,31872400,3447.7,2820.9,3839.9,2896.0,3129.8,40,1,3129.5,3,3,3129.0,94,5,3128.9,45,2,3128.8,64,3,3130.0,196,4,3130.1,1,1,3130.4,50,1,3130.5,105,3,3130.7,200,1
2031,2026-06-16 10:54:32+05:30,3129.9,1,3131.28,1186913,132809.0,198707.0,3163.0,3163.0,3108.0,3134.3,31872400,3447.7,2820.9,3839.9,2896.0,3129.8,40,1,3129.5,3,3,3129.0,94,5,3128.9,45,2,3128.8,64,3,3130.0,196,4,3130.1,1,1,3130.4,50,1,3130.5,105,3,3130.7,200,1
2031,2026-06-16 10:54:33+05:30,3129.9,1,3131.28,1186913,132806.0,198479.0,3163.0,3163.0,3108.0,3134.3,31872400,3447.7,2820.9,3839.9,2896.0,3129.8,43,2,3129.5,3,3,3129.0,94,5,3128.9,45,2,3128.8,64,3,3130.0,242,6,3130.1,1,1,3130.4,71,2,3130.5,124,4,3130.7,236,2
2031,2026-06-16 10:54:34+05:30,3129.9,1,3131.28,1186913,132806.0,198479.0,3163.0,3163.0,3108.0,3134.3,31872400,3447.7,2820.9,3839.9,2896.0,3129.8,43,2,3129.5,3,3,3129.0,94,5,3128.9,45,2,3128.8,64,3,3130.0,242,6,3130.1,1,1,3130.4,71,2,3130.5,124,4,3130.7,236,2
2031,2026-06-16 10:54:34+05:30,3129.8,1,3131.28,1186913,132806.0,198479.0,3163.0,3163.0,3108.0,3134.3,31872400,3447.7,2820.9,3839.9,2896.0,3129.8,43,2,3129.5,3,3,3129.0,94,5,3128.9,45,2,3128.8,64,3,3130.0,242,6,3130.1,1,1,3130.4,71,2,3130.5,124,4,3130.7,236,2
2031,2026-06-16 10:54:34+05:30,3129.8,1,3131.28,1186981,131508.0,198940.0,3163.0,3163.0,3108.0,3134.3,31872400,3447.7,2820.9,3839.9,2896.0,3129.1,22,1,3129.0,81,4,3128.8,1,1,3128.5,16,2,3128.4,90,6,3129.8,199,1,3130.0,288,7,3130.1,32,3,3130.2,113,4,3130.3,200,3
2031,2026-06-16 10:54:35+05:30,3129.1,6,3131.28,1186987,131336.0,199267.0,3163.0,3163.0,3108.0,3134.3,31872400,3447.7,2820.9,3839.9,2896.0,3129.2,22,1,3129.1,2,1,3129.0,67,3,3128.8,1,1,3128.5,16,2,3129.8,241,2,3129.9,19,1,3130.0,247,7,3130.1,68,4,3130.2,204,4
2031,2026-06-16 10:54:35+05:30,3129.1,6,3131.28,1186987,131336.0,199267.0,3163.0,3163.0,3108.0,3134.3,31872400,3447.7,2820.9,3839.9,2896.0,3129.2,22,1,3129.1,2,1,3129.0,67,3,3128.8,1,1,3128.5,16,2,3129.8,241,2,3129.9,19,1,3130.0,247,7,3130.1,68,4,3130.2,204,4
2031,2026-06-16 10:54:36+05:30,3129.1,6,3131.28,1186987,131336.0,199267.0,3163.0,3163.0,3108.0,3134.3,31872400,3447.7,2820.9,3839.9,2896.0,3129.2,22,1,3129.1,2,1,3129.0,67,3,3128.8,1,1,3128.5,16,2,3129.8,241,2,3129.9,19,1,3130.0,247,7,3130.1,68,4,3130.2,204,4
2031,2026-06-16 10:54:36+05:30,3129.1,6,3131.28,1186987,131177.0,199411.0,3163.0,3163.0,3108.0,3134.3,31872400,3447.7,2820.9,3839.9,2896.0,3129.3,21,1,3129.2,2,1,3129.1,2,1,3129.0,13,3,3128.8,1,1,3129.8,431,10,3129.9,31,1,3130.0,330,12,3130.1,237,5,3130.2,75,3
2031,2026-06-16 10:54:37+05:30,3129.6,1,3131.28,1186987,131177.0,199411.0,3163.0,3163.0,3108.0,3134.3,31872400,3447.7,2820.9,3839.9,2896.0,3129.3,21,1,3129.2,2,1,3129.1,2,1,3129.0,13,3,3128.8,1,1,3129.8,431,10,3129.9,31,1,3130.0,330,12,3130.1,237,5,3130.2,75,3
2031,2026-06-16 10:54:37+05:30,3129.6,1,3131.28,1187092,130090.0,200168.0,3163.0,3163.0,3108.0,3134.3,31872400,3447.7,2820.9,3839.9,2896.0,3129.5,26,1,3129.3,2,1,3129.2,2,1,3129.1,2,1,3129.0,7,3,3129.6,64,4,3129.7,13,1,3129.8,616,12,3130.0,240,9,3130.1,103,4
2031,2026-06-16 10:54:38+05:30,3129.6,1,3131.28,1187092,130090.0,200168.0,3163.0,3163.0,3108.0,3134.3,31872400,3447.7,2820.9,3839.9,2896.0,3129.5,26,1,3129.3,2,1,3129.2,2,1,3129.1,2,1,3129.0,7,3,3129.6,64,4,3129.7,13,1,3129.8,616,12,3130.0,240,9,3130.1,103,4
2031,2026-06-16 10:54:38+05:30,3129.6,8,3131.28,1187092,130090.0,200168.0,3163.0,3163.0,3108.0,3134.3,31872400,3447.7,2820.9,3839.9,2896.0,3129.5,26,1,3129.3,2,1,3129.2,2,1,3129.1,2,1,3129.0,7,3,3129.6,64,4,3129.7,13,1,3129.8,616,12,3130.0,240,9,3130.1,103,4
2031,2026-06-16 10:54:38+05:30,3129.6,8,3131.28,1187180,132258.0,199055.0,3163.0,3163.0,3108.0,3134.3,31872400,3447.7,2820.9,3839.9,2896.0,3129.6,57,1,3129.5,28,2,3129.3,2,1,3129.2,2,1,3129.1,11,2,3129.8,293,5,3130.0,154,5,3130.1,1,1,3130.3,4,1,3130.4,134,1
2031,2026-06-16 10:54:39+05:30,3129.6,8,3131.28,1187180,132251.0,199040.0,3163.0,3163.0,3108.0,3134.3,31872400,3447.7,2820.9,3839.9,2896.0,3129.6,61,2,3129.5,28,2,3129.3,2,1,3129.2,2,1,3129.1,2,1,3129.8,293,5,3130.0,154,5,3130.1,1,1,3130.3,4,1,3130.4,134,1
2031,2026-06-16 10:54:40+05:30,3129.6,8,3131.28,1187180,132251.0,199040.0,3163.0,3163.0,3108.0,3134.3,31872400,3447.7,2820.9,3839.9,2896.0,3129.6,61,2,3129.5,28,2,3129.3,2,1,3129.2,2,1,3129.1,2,1,3129.8,293,5,3130.0,154,5,3130.1,1,1,3130.3,4,1,3130.4,134,1
2031,2026-06-16 10:54:40+05:30,3129.8,8,3131.28,1187180,132251.0,199040.0,3163.0,3163.0,3108.0,3134.3,31872400,3447.7,2820.9,3839.9,2896.0,3129.6,61,2,3129.5,28,2,3129.3,2,1,3129.2,2,1,3129.1,2,1,3129.8,293,5,3130.0,154,5,3130.1,1,1,3130.3,4,1,3130.4,134,1
2031,2026-06-16 10:54:40+05:30,3129.8,1,3131.28,1187189,132032.0,199230.0,3163.0,3163.0,3108.0,3134.3,31872400,3447.7,2820.9,3839.9,2896.0,3129.6,61,2,3129.5,28,2,3129.3,2,1,3129.2,2,1,3129.1,2,1,3129.8,286,6,3130.0,154,5,3130.1,1,1,3130.3,4,1,3130.4,134,1
2031,2026-06-16 10:54:41+05:30,3129.8,1,3131.28,1187189,132032.0,199230.0,3163.0,3163.0,3108.0,3134.3,31872400,3447.7,2820.9,3839.9,2896.0,3129.6,61,2,3129.5,28,2,3129.3,2,1,3129.2,2,1,3129.1,2,1,3129.8,286,6,3130.0,154,5,3130.1,1,1,3130.3,4,1,3130.4,134,1
2031,2026-06-16 10:54:41+05:30,3129.3,4,3131.28,1187189,132032.0,199230.0,3163.0,3163.0,3108.0,3134.3,31872400,3447.7,2820.9,3839.9,2896.0,3129.6,61,2,3129.5,28,2,3129.3,2,1,3129.2,2,1,3129.1,2,1,3129.8,286,6,3130.0,154,5,3130.1,1,1,3130.3,4,1,3130.4,134,1
2031,2026-06-16 10:54:41+05:30,3129.8,2,3131.28,1187537,131082.0,199366.0,3163.0,3163.0,3108.0,3134.3,31872400,3447.7,2820.9,3839.9,2896.0,3129.3,2,1,3129.2,2,1,3129.1,2,1,3129.0,18,3,3128.8,1,1,3129.8,41,2,3130.0,239,8,3130.1,244,5,3130.2,141,4,3130.3,50,2
2031,2026-06-16 10:54:42+05:30,3129.8,2,3131.28,1187537,131082.0,199366.0,3163.0,3163.0,3108.0,3134.3,31872400,3447.7,2820.9,3839.9,2896.0,3129.3,2,1,3129.2,2,1,3129.1,2,1,3129.0,18,3,3128.8,1,1,3129.8,41,2,3130.0,239,8,3130.1,244,5,3130.2,141,4,3130.3,50,2
2031,2026-06-16 10:54:42+05:30,3129.8,2,3131.28,1187537,131082.0,199366.0,3163.0,3163.0,3108.0,3134.3,31872400,3447.7,2820.9,3839.9,2896.0,3129.3,2,1,3129.2,2,1,3129.1,2,1,3129.0,18,3,3128.8,1,1,3129.8,41,2,3130.0,239,8,3130.1,244,5,3130.2,141,4,3130.3,50,2
2031,2026-06-16 10:54:42+05:30,3129.8,1,3131.28,1187543,131865.0,199734.0,3163.0,3163.0,3108.0,3134.3,31872400,3447.7,2820.9,3839.9,2896.0,3129.6,4,1,3129.3,6,2,3129.2,2,1,3129.1,2,1,3129.0,18,3,3129.8,40,2,3130.0,154,5,3130.1,223,4,3130.2,79,3,3130.3,94,3
2031,2026-06-16 10:54:43+05:30,3129.8,1,3131.28,1187543,131865.0,199734.0,3163.0,3163.0,3108.0,3134.3,31872400,3447.7,2820.9,3839.9,2896.0,3129.6,4,1,3129.3,6,2,3129.2,2,1,3129.1,2,1,3129.0,18,3,3129.8,40,2,3130.0,154,5,3130.1,223,4,3130.2,79,3,3130.3,94,3
2031,2026-06-16 10:54:43+05:30,3129.8,1,3131.28,1187543,131865.0,199734.0,3163.0,3163.0,3108.0,3134.3,31872400,3447.7,2820.9,3839.9,2896.0,3129.6,4,1,3129.3,6,2,3129.2,2,1,3129.1,2,1,3129.0,18,3,3129.8,40,2,3130.0,154,5,3130.1,223,4,3130.2,79,3,3130.3,94,3
2031,2026-06-16 10:54:43+05:30,3129.6,2,3131.28,1187545,132112.0,199250.0,3163.0,3163.0,3108.0,3134.3,31872400,3447.7,2820.9,3839.9,2896.0,3129.6,2,1,3129.3,2,1,3129.2,2,1,3129.1,2,1,3129.0,32,5,3129.8,40,2,3130.0,154,5,3130.1,1,1,3130.2,134,1,3130.3,50,2
2031,2026-06-16 10:54:44+05:30,3129.6,2,3131.28,1187545,132112.0,199250.0,3163.0,3163.0,3108.0,3134.3,31872400,3447.7,2820.9,3839.9,2896.0,3129.6,2,1,3129.3,2,1,3129.2,2,1,3129.1,2,1,3129.0,32,5,3129.8,40,2,3130.0,154,5,3130.1,1,1,3130.2,134,1,3130.3,50,2
2031,2026-06-16 10:54:44+05:30,3129.8,1,3131.28,1187545,132112.0,199250.0,3163.0,3163.0,3108.0,3134.3,31872400,3447.7,2820.9,3839.9,2896.0,3129.6,2,1,3129.3,2,1,3129.2,2,1,3129.1,2,1,3129.0,32,5,3129.8,40,2,3130.0,154,5,3130.1,1,1,3130.2,134,1,3130.3,50,2
2031,2026-06-16 10:54:45+05:30,3129.8,1,3131.28,1187546,132108.0,199325.0,3163.0,3163.0,3108.0,3134.3,31872400,3447.7,2820.9,3839.9,2896.0,3129.6,2,1,3129.3,2,1,3129.2,2,1,3129.1,2,1,3129.0,32,5,3129.8,39,2,3130.0,156,6,3130.1,1,1,3130.2,134,1,3130.3,50,2
2031,2026-06-16 10:54:45+05:30,3129.8,1,3131.28,1187546,132108.0,199325.0,3163.0,3163.0,3108.0,3134.3,31872400,3447.7,2820.9,3839.9,2896.0,3129.6,2,1,3129.3,2,1,3129.2,2,1,3129.1,2,1,3129.0,32,5,3129.8,39,2,3130.0,156,6,3130.1,1,1,3130.2,134,1,3130.3,50,2
2031,2026-06-16 10:54:45+05:30,3129.2,6,3131.28,1187546,132108.0,199325.0,3163.0,3163.0,3108.0,3134.3,31872400,3447.7,2820.9,3839.9,2896.0,3129.6,2,1,3129.3,2,1,3129.2,2,1,3129.1,2,1,3129.0,32,5,3129.8,39,2,3130.0,156,6,3130.1,1,1,3130.2,134,1,3130.3,50,2
2031,2026-06-16 10:54:45+05:30,3129.2,6,3131.28,1187546,132108.0,199325.0,3163.0,3163.0,3108.0,3134.3,31872400,3447.7,2820.9,3839.9,2896.0,3129.6,2,1,3129.3,2,1,3129.2,2,1,3129.1,2,1,3129.0,32,5,3129.8,39,2,3130.0,156,6,3130.1,1,1,3130.2,134,1,3130.3,50,2
2031,2026-06-16 10:54:46+05:30,3129.8,23,3131.28,1187619,131478.0,199728.0,3163.0,3163.0,3108.0,3134.3,31872400,3447.7,2820.9,3839.9,2896.0,3129.2,2,1,3129.1,2,1,3129.0,17,3,3128.8,1,1,3128.6,19,1,3129.8,517,5,3129.9,19,1,3130.0,177,7,3130.1,29,2,3130.2,55,2
2031,2026-06-16 10:54:46+05:30,3129.8,23,3131.28,1187619,131478.0,199728.0,3163.0,3163.0,3108.0,3134.3,31872400,3447.7,2820.9,3839.9,2896.0,3129.2,2,1,3129.1,2,1,3129.0,17,3,3128.8,1,1,3128.6,19,1,3129.8,517,5,3129.9,19,1,3130.0,177,7,3130.1,29,2,3130.2,55,2
2031,2026-06-16 10:54:46+05:30,3129.8,23,3131.28,1187619,131478.0,199728.0,3163.0,3163.0,3108.0,3134.3,31872400,3447.7,2820.9,3839.9,2896.0,3129.2,2,1,3129.1,2,1,3129.0,17,3,3128.8,1,1,3128.6,19,1,3129.8,517,5,3129.9,19,1,3130.0,177,7,3130.1,29,2,3130.2,55,2
2031,2026-06-16 10:54:47+05:30,3129.8,1,3131.28,1187620,131944.0,199999.0,3163.0,3163.0,3108.0,3134.3,31872400,3447.7,2820.9,3839.9,2896.0,3129.6,4,1,3129.2,27,2,3129.1,2,1,3129.0,17,3,3128.8,1,1,3129.8,516,5,3130.0,156,6,3130.1,29,2,3130.2,24,2,3130.3,65,2
2031,2026-06-16 10:54:47+05:30,3129.8,1,3131.28,1187620,131944.0,199999.0,3163.0,3163.0,3108.0,3134.3,31872400,3447.7,2820.9,3839.9,2896.0,3129.6,4,1,3129.2,27,2,3129.1,2,1,3129.0,17,3,3128.8,1,1,3129.8,516,5,3130.0,156,6,3130.1,29,2,3130.2,24,2,3130.3,65,2
2031,2026-06-16 10:54:47+05:30,3129.8,1,3131.28,1187620,131944.0,199999.0,3163.0,3163.0,3108.0,3134.3,31872400,3447.7,2820.9,3839.9,2896.0,3129.6,4,1,3129.2,27,2,3129.1,2,1,3129.0,17,3,3128.8,1,1,3129.8,516,5,3130.0,156,6,3130.1,29,2,3130.2,24,2,3130.3,65,2
2031,2026-06-16 10:54:48+05:30,3129.8,1,3131.28,1187620,131944.0,199999.0,3163.0,3163.0,3108.0,3134.3,31872400,3447.7,2820.9,3839.9,2896.0,3129.6,4,1,3129.2,27,2,3129.1,2,1,3129.0,17,3,3128.8,1,1,3129.8,516,5,3130.0,156,6,3130.1,29,2,3130.2,24,2,3130.3,65,2
2031,2026-06-16 10:54:48+05:30,3129.8,1,3131.28,1187622,131950.0,200035.0,3163.0,3163.0,3108.0,3134.3,31872400,3447.7,2820.9,3839.9,2896.0,3129.6,4,1,3129.2,27,2,3129.1,2,1,3129.0,17,3,3128.8,1,1,3129.7,1,1,3129.8,539,6,3130.0,156,6,3130.1,29,2,3130.2,3,1
2031,2026-06-16 10:54:48+05:30,3129.8,1,3131.28,1187622,131950.0,200035.0,3163.0,3163.0,3108.0,3134.3,31872400,3447.7,2820.9,3839.9,2896.0,3129.6,4,1,3129.2,27,2,3129.1,2,1,3129.0,17,3,3128.8,1,1,3129.7,1,1,3129.8,539,6,3130.0,156,6,3130.1,29,2,3130.2,3,1
2031,2026-06-16 10:54:49+05:30,3129.8,1,3131.28,1187622,131950.0,200035.0,3163.0,3163.0,3108.0,3134.3,31872400,3447.7,2820.9,3839.9,2896.0,3129.6,4,1,3129.2,27,2,3129.1,2,1,3129.0,17,3,3128.8,1,1,3129.7,1,1,3129.8,539,6,3130.0,156,6,3130.1,29,2,3130.2,3,1
2031,2026-06-16 10:54:49+05:30,3129.8,1,3131.28,1187622,131940.0,200748.0,3163.0,3163.0,3108.0,3134.3,31872400,3447.7,2820.9,3839.9,2896.0,3129.6,4,1,3129.5,24,1,3129.2,2,1,3129.1,2,1,3129.0,17,3,3129.7,1,1,3129.8,539,6,3130.0,656,7,3130.1,29,2,3130.2,3,1
2031,2026-06-16 10:54:49+05:30,3129.5,17,3131.28,1187622,131940.0,200748.0,3163.0,3163.0,3108.0,3134.3,31872400,3447.7,2820.9,3839.9,2896.0,3129.6,4,1,3129.5,24,1,3129.2,2,1,3129.1,2,1,3129.0,17,3,3129.7,1,1,3129.8,539,6,3130.0,656,7,3130.1,29,2,3130.2,3,1
2031,2026-06-16 10:54:49+05:30,3129.5,17,3131.28,1187622,131940.0,200748.0,3163.0,3163.0,3108.0,3134.3,31872400,3447.7,2820.9,3839.9,2896.0,3129.6,4,1,3129.5,24,1,3129.2,2,1,3129.1,2,1,3129.0,17,3,3129.7,1,1,3129.8,539,6,3130.0,656,7,3130.1,29,2,3130.2,3,1
2031,2026-06-16 10:54:50+05:30,3129.8,49,3131.28,1187734,131832.0,200255.0,3163.0,3163.0,3108.0,3134.3,31872400,3447.7,2820.9,3839.9,2896.0,3129.2,2,1,3129.1,2,1,3129.0,17,3,3128.9,16,1,3128.8,11,2,3129.8,479,5,3130.0,656,7,3130.1,29,2,3130.2,46,3,3130.3,165,4
2031,2026-06-16 10:54:50+05:30,3129.8,49,3131.28,1187734,131832.0,200255.0,3163.0,3163.0,3108.0,3134.3,31872400,3447.7,2820.9,3839.9,2896.0,3129.2,2,1,3129.1,2,1,3129.0,17,3,3128.9,16,1,3128.8,11,2,3129.8,479,5,3130.0,656,7,3130.1,29,2,3130.2,46,3,3130.3,165,4
2031,2026-06-16 10:54:51+05:30,3129.8,49,3131.28,1187734,131832.0,200255.0,3163.0,3163.0,3108.0,3134.3,31881000,3447.7,2820.9,3839.9,2896.0,3129.2,2,1,3129.1,2,1,3129.0,17,3,3128.9,16,1,3128.8,11,2,3129.8,479,5,3130.0,656,7,3130.1,29,2,3130.2,46,3,3130.3,165,4
2031,2026-06-16 10:54:51+05:30,3129.8,49,3131.28,1187734,131563.0,200659.0,3163.0,3163.0,3108.0,3134.3,31881000,3447.7,2820.9,3839.9,2896.0,3129.5,24,1,3129.2,2,1,3129.1,2,1,3129.0,18,3,3128.9,16,1,3129.6,30,1,3129.8,498,6,3130.0,701,9,3130.1,65,3,3130.2,137,5
2031,2026-06-16 10:54:52+05:30,3129.8,105,3131.28,1187904,131532.0,200713.0,3163.0,3163.0,3108.0,3134.3,31881000,3447.7,2820.9,3839.9,2896.0,3129.5,24,1,3129.2,2,1,3129.1,2,1,3129.0,23,4,3128.9,16,1,3129.8,339,4,3130.0,626,6,3130.1,37,2,3130.2,108,4,3130.3,62,2
2031,2026-06-16 10:54:52+05:30,3129.8,105,3131.28,1187904,131532.0,200713.0,3163.0,3163.0,3108.0,3134.3,31881000,3447.7,2820.9,3839.9,2896.0,3129.5,24,1,3129.2,2,1,3129.1,2,1,3129.0,23,4,3128.9,16,1,3129.8,339,4,3130.0,626,6,3130.1,37,2,3130.2,108,4,3130.3,62,2
2031,2026-06-16 10:54:53+05:30,3129.8,5,3131.28,1187921,131501.0,200520.0,3163.0,3163.0,3108.0,3134.3,31881000,3447.7,2820.9,3839.9,2896.0,3129.5,24,1,3129.2,2,1,3129.1,2,1,3129.0,9,3,3128.9,16,1,3129.8,322,3,3129.9,22,2,3130.0,641,7,3130.1,37,2,3130.2,93,3
2031,2026-06-16 10:54:53+05:30,3129.8,232,3131.28,1187921,131501.0,200520.0,3163.0,3163.0,3108.0,3134.3,31881000,3447.7,2820.9,3839.9,2896.0,3129.5,24,1,3129.2,2,1,3129.1,2,1,3129.0,9,3,3128.9,16,1,3129.8,322,3,3129.9,22,2,3130.0,641,7,3130.1,37,2,3130.2,93,3
2031,2026-06-16 10:54:54+05:30,3129.8,1,3131.28,1188178,130080.0,199989.0,3163.0,3163.0,3108.0,3134.3,31881000,3447.7,2820.9,3839.9,2896.0,3129.2,2,1,3129.1,2,1,3129.0,19,4,3128.9,16,1,3128.8,1,1,3129.8,359,6,3129.9,22,1,3130.0,735,9,3130.1,66,3,3130.2,117,5
2031,2026-06-16 10:54:54+05:30,3129.8,1,3131.28,1188178,130080.0,199989.0,3163.0,3163.0,3108.0,3134.3,31881000,3447.7,2820.9,3839.9,2896.0,3129.2,2,1,3129.1,2,1,3129.0,19,4,3128.9,16,1,3128.8,1,1,3129.8,359,6,3129.9,22,1,3130.0,735,9,3130.1,66,3,3130.2,117,5
2031,2026-06-16 10:54:55+05:30,3129.8,1,3131.28,1188179,130061.0,200187.0,3163.0,3163.0,3108.0,3134.3,31881000,3447.7,2820.9,3839.9,2896.0,3129.2,2,1,3129.1,2,1,3129.0,9,3,3128.9,16,1,3128.8,1,1,3129.8,358,6,3129.9,58,2,3130.0,735,9,3130.1,51,3,3130.2,153,6
2031,2026-06-16 10:54:56+05:30,3129.8,1,3131.28,1188179,130404.0,199849.0,3163.0,3163.0,3108.0,3134.3,31881000,3447.7,2820.9,3839.9,2896.0,3129.2,25,2,3129.1,2,1,3129.0,20,4,3128.9,16,1,3128.8,1,1,3129.8,339,5,3129.9,41,2,3130.0,678,7,3130.1,30,2,3130.2,117,5
2031,2026-06-16 10:54:57+05:30,3129.8,18,3131.28,1188284,130428.0,199935.0,3163.0,3163.0,3108.0,3134.3,31881000,3447.7,2820.9,3839.9,2896.0,3129.2,25,2,3129.1,2,1,3129.0,20,4,3128.9,16,1,3128.8,1,1,3129.8,182,1,3130.0,626,6,3130.1,1,1,3130.2,117,5,3130.3,159,4
2031,2026-06-16 10:54:57+05:30,3129.8,18,3131.28,1188284,130428.0,199935.0,3163.0,3163.0,3108.0,3134.3,31881000,3447.7,2820.9,3839.9,2896.0,3129.2,25,2,3129.1,2,1,3129.0,20,4,3128.9,16,1,3128.8,1,1,3129.8,182,1,3130.0,626,6,3130.1,1,1,3130.2,117,5,3130.3,159,4
2031,2026-06-16 10:54:58+05:30,3129.6,19,3131.28,1188303,130099.0,200266.0,3163.0,3163.0,3108.0,3134.3,31881000,3447.7,2820.9,3839.9,2896.0,3129.2,26,3,3129.1,2,1,3129.0,9,3,3128.9,16,1,3128.8,1,1,3129.6,42,2,3129.7,200,1,3129.8,281,5,3129.9,112,3,3130.0,670,8
2031,2026-06-16 10:54:58+05:30,3129.2,8,3131.28,1188303,130099.0,200266.0,3163.0,3163.0,3108.0,3134.3,31881000,3447.7,2820.9,3839.9,2896.0,3129.2,26,3,3129.1,2,1,3129.0,9,3,3128.9,16,1,3128.8,1,1,3129.6,42,2,3129.7,200,1,3129.8,281,5,3129.9,112,3,3130.0,670,8
2031,2026-06-16 10:54:59+05:30,3129.6,1,3131.28,1188314,130099.0,200290.0,3163.0,3163.0,3108.0,3134.3,31881000,3447.7,2820.9,3839.9,2896.0,3129.2,18,3,3129.1,2,1,3129.0,9,3,3128.8,1,1,3128.5,1,1,3129.6,28,1,3129.7,200,1,3129.8,281,5,3129.9,95,3,3130.0,690,9
2031,2026-06-16 10:54:59+05:30,3129.6,1,3131.28,1188314,130099.0,200290.0,3163.0,3163.0,3108.0,3134.3,31881000,3447.7,2820.9,3839.9,2896.0,3129.2,18,3,3129.1,2,1,3129.0,9,3,3128.8,1,1,3128.5,1,1,3129.6,28,1,3129.7,200,1,3129.8,281,5,3129.9,95,3,3130.0,690,9
2031,2026-06-16 10:55:00+05:30,3129.3,45,3131.28,1188911,130966.0,199403.0,3163.0,3163.0,3108.0,3134.3,31881000,3447.7,2820.9,3839.9,2896.0,3129.3,24,1,3129.2,4,3,3129.1,2,1,3129.0,9,3,3128.8,1,1,3129.8,28,1,3130.0,646,7,3130.1,1,1,3130.2,50,1,3130.4,111,5
2031,2026-06-16 10:55:00+05:30,3129.3,45,3131.28,1188911,130966.0,199403.0,3163.0,3163.0,3108.0,3134.3,31881000,3447.7,2820.9,3839.9,2896.0,3129.3,24,1,3129.2,4,3,3129.1,2,1,3129.0,9,3,3128.8,1,1,3129.8,28,1,3130.0,646,7,3130.1,1,1,3130.2,50,1,3130.4,111,5
2031,2026-06-16 10:55:01+05:30,3129.3,45,3131.28,1188911,130994.0,199598.0,3163.0,3163.0,3108.0,3134.3,31881000,3447.7,2820.9,3839.9,2896.0,3129.3,24,1,3129.2,4,3,3129.1,2,1,3129.0,9,3,3128.8,1,1,3129.8,34,2,3130.0,646,7,3130.1,1,1,3130.2,250,2,3130.3,21,1
2031,2026-06-16 10:55:02+05:30,3129.3,3,3131.28,1188911,130994.0,199598.0,3163.0,3163.0,3108.0,3134.3,31881000,3447.7,2820.9,3839.9,2896.0,3129.3,24,1,3129.2,4,3,3129.1,2,1,3129.0,9,3,3128.8,1,1,3129.8,34,2,3130.0,646,7,3130.1,1,1,3130.2,250,2,3130.3,21,1
2031,2026-06-16 10:55:02+05:30,3129.3,3,3131.28,1188914,131641.0,200018.0,3163.0,3163.0,3108.0,3134.3,31881000,3447.7,2820.9,3839.9,2896.0,3129.3,69,3,3129.2,4,3,3129.1,19,2,3129.0,62,7,3128.8,53,4,3129.8,34,2,3130.0,614,6,3130.1,1,1,3130.2,250,2,3130.4,25,2
2031,2026-06-16 10:55:03+05:30,3129.3,3,3131.28,1188914,131640.0,199781.0,3163.0,3163.0,3108.0,3134.3,31881000,3447.7,2820.9,3839.9,2896.0,3129.3,69,3,3129.2,4,3,3129.1,19,2,3129.0,43,6,3128.9,19,1,3129.8,34,2,3130.0,614,6,3130.1,1,1,3130.4,21,1,3130.5,73,2
2031,2026-06-16 10:55:04+05:30,3129.8,1,3131.28,1188914,131640.0,199781.0,3163.0,3163.0,3108.0,3134.3,31881000,3447.7,2820.9,3839.9,2896.0,3129.3,69,3,3129.2,4,3,3129.1,19,2,3129.0,43,6,3128.9,19,1,3129.8,34,2,3130.0,614,6,3130.1,1,1,3130.4,21,1,3130.5,73,2
2031,2026-06-16 10:55:04+05:30,3129.8,1,3131.28,1188915,131660.0,199751.0,3163.0,3163.0,3108.0,3134.3,31881000,3447.7,2820.9,3839.9,2896.0,3129.3,60,2,3129.2,23,4,3129.1,20,2,3129.0,88,9,3128.8,53,4,3129.8,33,2,3130.0,614,6,3130.1,1,1,3130.3,73,2,3130.4,221,2
2031,2026-06-16 10:55:05+05:30,3129.8,23,3131.28,1188915,131660.0,199751.0,3163.0,3163.0,3108.0,3134.3,31881000,3447.7,2820.9,3839.9,2896.0,3129.3,60,2,3129.2,23,4,3129.1,20,2,3129.0,88,9,3128.8,53,4,3129.8,33,2,3130.0,614,6,3130.1,1,1,3130.3,73,2,3130.4,221,2
2031,2026-06-16 10:55:05+05:30,3129.8,23,3131.28,1188946,132067.0,199523.0,3163.0,3163.0,3108.0,3134.3,31881000,3447.7,2820.9,3839.9,2896.0,3129.3,61,3,3129.2,4,3,3129.1,2,1,3129.0,62,7,3128.8,83,5,3129.8,10,2,3130.0,614,6,3130.1,1,1,3130.3,52,1,3130.4,242,3
2031,2026-06-16 10:55:06+05:30,3130.0,1,3131.28,1188946,132067.0,199523.0,3163.0,3163.0,3108.0,3134.3,31881000,3447.7,2820.9,3839.9,2896.0,3129.3,61,3,3129.2,4,3,3129.1,2,1,3129.0,62,7,3128.8,83,5,3129.8,10,2,3130.0,614,6,3130.1,1,1,3130.3,52,1,3130.4,242,3
2031,2026-06-16 10:55:06+05:30,3130.0,54,3131.28,1189012,132324.0,199566.0,3163.0,3163.0,3108.0,3134.3,31881000,3447.7,2820.9,3839.9,2896.0,3129.5,22,1,3129.3,77,3,3129.2,20,4,3129.1,17,2,3129.0,178,9,3130.0,558,6,3130.1,1,1,3130.5,73,2,3130.6,21,1,3130.7,252,2
2031,2026-06-16 10:55:07+05:30,3130.0,13,3131.28,1189012,132324.0,199566.0,3163.0,3163.0,3108.0,3134.3,31881000,3447.7,2820.9,3839.9,2896.0,3129.5,22,1,3129.3,77,3,3129.2,20,4,3129.1,17,2,3129.0,178,9,3130.0,558,6,3130.1,1,1,3130.5,73,2,3130.6,21,1,3130.7,252,2
2031,2026-06-16 10:55:07+05:30,3130.0,13,3131.27,1192683,134403.0,196573.0,3163.0,3163.0,3108.0,3134.3,31881000,3447.7,2820.9,3839.9,2896.0,3129.9,28,4,3129.8,15,2,3129.7,32,2,3129.6,29,2,3129.5,87,4,3130.0,60,1,3131.4,150,2,3131.5,75,3,3131.6,111,5,3131.8,39,2
2031,2026-06-16 10:55:08+05:30,3129.8,19,3131.27,1192683,134403.0,196573.0,3163.0,3163.0,3108.0,3134.3,31881000,3447.7,2820.9,3839.9,2896.0,3129.9,28,4,3129.8,15,2,3129.7,32,2,3129.6,29,2,3129.5,87,4,3130.0,60,1,3131.4,150,2,3131.5,75,3,3131.6,111,5,3131.8,39,2
2031,2026-06-16 10:55:08+05:30,3129.8,90,3131.27,1193250,132742.0,198698.0,3163.0,3163.0,3108.0,3134.3,31881000,3447.7,2820.9,3839.9,2896.0,3129.5,42,2,3129.4,16,1,3129.3,31,1,3129.2,52,4,3129.1,49,3,3129.8,66,1,3130.0,60,1,3130.6,20,1,3130.7,49,1,3130.8,139,2
2031,2026-06-16 10:55:09+05:30,3129.8,1,3131.27,1193250,132742.0,198698.0,3163.0,3163.0,3108.0,3134.3,31881000,3447.7,2820.9,3839.9,2896.0,3129.5,42,2,3129.4,16,1,3129.3,31,1,3129.2,52,4,3129.1,49,3,3129.8,66,1,3130.0,60,1,3130.6,20,1,3130.7,49,1,3130.8,139,2
2031,2026-06-16 10:55:10+05:30,3130.0,34,3131.27,1193350,132951.0,198640.0,3163.0,3163.0,3108.0,3134.3,31881000,3447.7,2820.9,3839.9,2896.0,3129.5,42,2,3129.4,16,1,3129.3,56,2,3129.2,71,5,3129.1,91,4,3130.0,26,1,3130.7,49,1,3130.8,21,1,3130.9,88,2,3131.0,220,2
2031,2026-06-16 10:55:10+05:30,3129.5,6,3131.27,1193350,132951.0,198640.0,3163.0,3163.0,3108.0,3134.3,31881000,3447.7,2820.9,3839.9,2896.0,3129.5,42,2,3129.4,16,1,3129.3,56,2,3129.2,71,5,3129.1,91,4,3130.0,26,1,3130.7,49,1,3130.8,21,1,3130.9,88,2,3131.0,220,2
2031,2026-06-16 10:55:11+05:30,3130.0,54,3131.27,1193459,132652.0,198970.0,3163.0,3163.0,3108.0,3134.3,31881000,3447.7,2820.9,3839.9,2896.0,3129.5,18,1,3129.2,28,3,3129.1,2,1,3129.0,204,8,3128.9,19,1,3130.0,73,1,3130.7,13,1,3130.8,343,5,3130.9,36,1,3131.0,85,3
2031,2026-06-16 10:55:11+05:30,3130.0,54,3131.27,1193459,132652.0,198970.0,3163.0,3163.0,3108.0,3134.3,31881000,3447.7,2820.9,3839.9,2896.0,3129.5,18,1,3129.2,28,3,3129.1,2,1,3129.0,204,8,3128.9,19,1,3130.0,73,1,3130.7,13,1,3130.8,343,5,3130.9,36,1,3131.0,85,3
2031,2026-06-16 10:55:12+05:30,3130.5,11,3131.27,1193481,132939.0,199487.0,3163.0,3163.0,3108.0,3134.3,31881000,3447.7,2820.9,3839.9,2896.0,3130.5,11,1,3129.9,3,1,3129.5,18,1,3129.3,20,1,3129.2,3,2,3130.6,104,2,3130.8,200,1,3130.9,49,2,3131.0,117,4,3131.1,23,2
2031,2026-06-16 10:55:12+05:30,3130.5,11,3131.27,1193481,132939.0,199487.0,3163.0,3163.0,3108.0,3134.3,31881000,3447.7,2820.9,3839.9,2896.0,3130.5,11,1,3129.9,3,1,3129.5,18,1,3129.3,20,1,3129.2,3,2,3130.6,104,2,3130.8,200,1,3130.9,49,2,3131.0,117,4,3131.1,23,2
2031,2026-06-16 10:55:13+05:30,3130.5,11,3131.27,1193574,132852.0,197897.0,3163.0,3163.0,3108.0,3134.3,31881000,3447.7,2820.9,3839.9,2896.0,3129.9,3,1,3129.5,19,2,3129.3,2,1,3129.2,3,2,3129.1,37,3,3130.5,67,4,3130.6,205,5,3130.7,210,2,3130.8,80,3,3130.9,19,2
2031,2026-06-16 10:55:13+05:30,3130.5,1,3131.27,1193574,132852.0,197897.0,3163.0,3163.0,3108.0,3134.3,31881000,3447.7,2820.9,3839.9,2896.0,3129.9,3,1,3129.5,19,2,3129.3,2,1,3129.2,3,2,3129.1,37,3,3130.5,67,4,3130.6,205,5,3130.7,210,2,3130.8,80,3,3130.9,19,2
2031,2026-06-16 10:55:14+05:30,3130.5,1,3131.27,1193575,132879.0,199519.0,3163.0,3163.0,3108.0,3134.3,31881000,3447.7,2820.9,3839.9,2896.0,3129.9,3,1,3129.8,23,1,3129.5,1,1,3129.3,2,1,3129.2,3,2,3130.4,73,1,3130.5,46,3,3130.6,133,5,3130.7,210,2,3130.8,80,3
2031,2026-06-16 10:55:14+05:30,3130.4,16,3131.27,1193575,132879.0,199519.0,3163.0,3163.0,3108.0,3134.3,31881000,3447.7,2820.9,3839.9,2896.0,3129.9,3,1,3129.8,23,1,3129.5,1,1,3129.3,2,1,3129.2,3,2,3130.4,73,1,3130.5,46,3,3130.6,133,5,3130.7,210,2,3130.8,80,3
2031,2026-06-16 10:55:15+05:30,3130.0,26,3131.27,1193753,132834.0,199680.0,3163.0,3163.0,3108.0,3134.3,31881000,3447.7,2820.9,3839.9,2896.0,3130.0,26,1,3129.9,3,1,3129.5,1,1,3129.3,2,1,3129.2,3,2,3130.4,98,3,3130.5,35,2,3130.6,251,4,3130.7,62,2,3130.8,108,4
2031,2026-06-16 10:55:15+05:30,3130.0,5,3131.27,1193753,132834.0,199680.0,3163.0,3163.0,3108.0,3134.3,31881000,3447.7,2820.9,3839.9,2896.0,3130.0,26,1,3129.9,3,1,3129.5,1,1,3129.3,2,1,3129.2,3,2,3130.4,98,3,3130.5,35,2,3130.6,251,4,3130.7,62,2,3130.8,108,4
2031,2026-06-16 10:55:16+05:30,3130.0,19,3131.27,1193808,132575.0,200169.0,3163.0,3163.0,3108.0,3134.3,31881000,3447.7,2820.9,3839.9,2896.0,3130.0,3,2,3129.9,3,1,3129.5,1,1,3129.3,2,1,3129.2,3,2,3130.2,73,1,3130.3,46,3,3130.4,220,3,3130.5,152,5,3130.6,20,2
2031,2026-06-16 10:55:16+05:30,3130.0,1,3131.27,1193808,132575.0,200169.0,3163.0,3163.0,3108.0,3134.3,31881000,3447.7,2820.9,3839.9,2896.0,3130.0,3,2,3129.9,3,1,3129.5,1,1,3129.3,2,1,3129.2,3,2,3130.2,73,1,3130.3,46,3,3130.4,220,3,3130.5,152,5,3130.6,20,2
2031,2026-06-16 10:55:17+05:30,3130.0,6,3131.27,1193844,132737.0,199182.0,3163.0,3163.0,3108.0,3134.3,31881000,3447.7,2820.9,3839.9,2896.0,3130.0,64,3,3129.9,3,1,3129.5,1,1,3129.3,2,1,3129.2,3,2,3130.2,73,1,3130.3,18,1,3130.4,14,1,3130.5,17,1,3130.6,1,1
2031,2026-06-16 10:55:17+05:30,3130.0,10,3131.27,1193844,132737.0,199182.0,3163.0,3163.0,3108.0,3134.3,31881000,3447.7,2820.9,3839.9,2896.0,3130.0,64,3,3129.9,3,1,3129.5,1,1,3129.3,2,1,3129.2,3,2,3130.2,73,1,3130.3,18,1,3130.4,14,1,3130.5,17,1,3130.6,1,1
2031,2026-06-16 10:55:18+05:30,3130.1,3,3131.27,1194055,132313.0,199568.0,3163.0,3163.0,3108.0,3134.3,31881000,3447.7,2820.9,3839.9,2896.0,3129.5,14,2,3129.3,2,1,3129.2,3,2,3129.1,2,1,3129.0,156,7,3130.1,15,1,3130.2,149,5,3130.3,27,2,3130.4,33,2,3130.5,117,5
2031,2026-06-16 10:55:18+05:30,3130.1,3,3131.27,1194055,132313.0,199568.0,3163.0,3163.0,3108.0,3134.3,31881000,3447.7,2820.9,3839.9,2896.0,3129.5,14,2,3129.3,2,1,3129.2,3,2,3129.1,2,1,3129.0,156,7,3130.1,15,1,3130.2,149,5,3130.3,27,2,3130.4,33,2,3130.5,117,5
2031,2026-06-16 10:55:19+05:30,3129.5,4,3131.27,1194102,132200.0,200224.0,3163.0,3163.0,3108.0,3134.3,31881000,3447.7,2820.9,3839.9,2896.0,3129.5,10,2,3129.3,2,1,3129.2,3,2,3129.1,2,1,3129.0,134,5,3130.1,83,5,3130.2,74,3,3130.3,255,4,3130.4,104,4,3130.5,150,7
2031,2026-06-16 10:55:19+05:30,3130.0,20,3131.27,1194102,132200.0,200224.0,3163.0,3163.0,3108.0,3134.3,31881000,3447.7,2820.9,3839.9,2896.0,3129.5,10,2,3129.3,2,1,3129.2,3,2,3129.1,2,1,3129.0,134,5,3130.1,83,5,3130.2,74,3,3130.3,255,4,3130.4,104,4,3130.5,150,7
2031,2026-06-16 10:55:20+05:30,3130.1,1,3131.27,1194124,132224.0,199669.0,3163.0,3163.0,3108.0,3134.3,31881000,3447.7,2820.9,3839.9,2896.0,3129.5,36,3,3129.3,2,1,3129.2,3,2,3129.1,2,1,3129.0,175,7,3130.1,14,2,3130.2,73,2,3130.3,46,2,3130.4,14,1,3130.5,282,6
2031,2026-06-16 10:55:20+05:30,3130.1,1,3131.27,1194124,132224.0,199669.0,3163.0,3163.0,3108.0,3134.3,31881000,3447.7,2820.9,3839.9,2896.0,3129.5,36,3,3129.3,2,1,3129.2,3,2,3129.1,2,1,3129.0,175,7,3130.1,14,2,3130.2,73,2,3130.3,46,2,3130.4,14,1,3130.5,282,6
2031,2026-06-16 10:55:21+05:30,3130.1,1,3131.27,1194124,132230.0,199857.0,3163.0,3163.0,3108.0,3134.3,31881000,3447.7,2820.9,3839.9,2896.0,3129.5,36,3,3129.3,2,1,3129.2,3,2,3129.1,2,1,3129.0,175,7,3130.1,14,2,3130.2,73,2,3130.3,46,2,3130.4,14,1,3130.5,270,5
2031,2026-06-16 10:55:22+05:30,3130.1,1,3131.27,1194124,132181.0,199908.0,3163.0,3163.0,3108.0,3134.3,31881000,3447.7,2820.9,3839.9,2896.0,3129.5,36,3,3129.3,2,1,3129.2,3,2,3129.1,2,1,3129.0,138,6,3130.0,63,1,3130.1,14,2,3130.2,10,1,3130.3,46,2,3130.4,14,1
2031,2026-06-16 10:55:22+05:30,3130.0,50,3131.27,1194124,132181.0,199908.0,3163.0,3163.0,3108.0,3134.3,31881000,3447.7,2820.9,3839.9,2896.0,3129.5,36,3,3129.3,2,1,3129.2,3,2,3129.1,2,1,3129.0,138,6,3130.0,63,1,3130.1,14,2,3130.2,10,1,3130.3,46,2,3130.4,14,1
2031,2026-06-16 10:55:23+05:30,3129.5,18,3131.27,1194212,132175.0,200042.0,3163.0,3163.0,3108.0,3134.3,31881000,3447.7,2820.9,3839.9,2896.0,3129.5,22,3,3129.3,2,1,3129.2,3,2,3129.1,2,1,3129.0,134,5,3130.0,4,2,3130.1,14,2,3130.2,10,1,3130.3,237,3,3130.4,14,1
2031,2026-06-16 10:55:23+05:30,3129.5,18,3131.27,1194212,132175.0,200042.0,3163.0,3163.0,3108.0,3134.3,31881000,3447.7,2820.9,3839.9,2896.0,3129.5,22,3,3129.3,2,1,3129.2,3,2,3129.1,2,1,3129.0,134,5,3130.0,4,2,3130.1,14,2,3130.2,10,1,3130.3,237,3,3130.4,14,1
2031,2026-06-16 10:55:24+05:30,3130.0,21,3131.27,1194237,132033.0,200110.0,3163.0,3163.0,3108.0,3134.3,31881000,3447.7,2820.9,3839.9,2896.0,3129.5,22,3,3129.3,2,1,3129.2,3,2,3129.1,2,1,3129.0,134,5,3130.0,52,1,3130.1,14,2,3130.2,30,2,3130.3,272,4,3130.4,14,1
2031,2026-06-16 10:55:24+05:30,3130.0,21,3131.27,1194237,132033.0,200110.0,3163.0,3163.0,3108.0,3134.3,31881000,3447.7,2820.9,3839.9,2896.0,3129.5,22,3,3129.3,2,1,3129.2,3,2,3129.1,2,1,3129.0,134,5,3130.0,52,1,3130.1,14,2,3130.2,30,2,3130.3,272,4,3130.4,14,1
2031,2026-06-16 10:55:25+05:30,3130.0,1,3131.27,1194238,132246.0,200658.0,3163.0,3163.0,3108.0,3134.3,31881000,3447.7,2820.9,3839.9,2896.0,3129.8,22,1,3129.5,14,2,3129.3,2,1,3129.2,3,2,3129.1,2,1,3130.0,95,3,3130.1,14,2,3130.2,84,4,3130.3,218,2,3130.4,49,2
2031,2026-06-16 10:55:25+05:30,3130.0,23,3131.27,1194238,132246.0,200658.0,3163.0,3163.0,3108.0,3134.3,31881000,3447.7,2820.9,3839.9,2896.0,3129.8,22,1,3129.5,14,2,3129.3,2,1,3129.2,3,2,3129.1,2,1,3130.0,95,3,3130.1,14,2,3130.2,84,4,3130.3,218,2,3130.4,49,2
2031,2026-06-16 10:55:26+05:30,3130.0,1,3131.27,1194262,132309.0,200560.0,3163.0,3163.0,3108.0,3134.3,31881000,3447.7,2820.9,3839.9,2896.0,3129.8,22,1,3129.5,14,2,3129.3,2,1,3129.2,3,2,3129.1,2,1,3130.0,52,2,3130.1,14,2,3130.2,84,4,3130.3,218,2,3130.4,67,3
2031,2026-06-16 10:55:26+05:30,3130.0,1,3131.27,1194262,132309.0,200560.0,3163.0,3163.0,3108.0,3134.3,31881000,3447.7,2820.9,3839.9,2896.0,3129.8,22,1,3129.5,14,2,3129.3,2,1,3129.2,3,2,3129.1,2,1,3130.0,52,2,3130.1,14,2,3130.2,84,4,3130.3,218,2,3130.4,67,3
2031,2026-06-16 10:55:27+05:30,3130.0,51,3131.27,1194506,132148.0,200132.0,3163.0,3163.0,3108.0,3134.3,31881000,3447.7,2820.9,3839.9,2896.0,3129.5,14,2,3129.3,2,1,3129.2,3,2,3129.1,2,1,3129.0,146,6,3130.0,22,1,3130.1,14,2,3130.2,64,3,3130.3,218,2,3130.4,67,3
2031,2026-06-16 10:55:27+05:30,3130.0,51,3131.27,1194506,132148.0,200132.0,3163.0,3163.0,3108.0,3134.3,31881000,3447.7,2820.9,3839.9,2896.0,3129.5,14,2,3129.3,2,1,3129.2,3,2,3129.1,2,1,3129.0,146,6,3130.0,22,1,3130.1,14,2,3130.2,64,3,3130.3,218,2,3130.4,67,3
2031,2026-06-16 10:55:28+05:30,3130.0,51,3131.27,1194506,132096.0,200023.0,3163.0,3163.0,3108.0,3134.3,31881000,3447.7,2820.9,3839.9,2896.0,3129.5,14,2,3129.3,2,1,3129.2,3,2,3129.1,2,1,3129.0,146,6,3130.0,22,1,3130.1,14,2,3130.2,45,2,3130.3,237,3,3130.4,67,3
2031,2026-06-16 10:55:29+05:30,3130.0,54,3131.27,1194560,132268.0,199652.0,3163.0,3163.0,3108.0,3134.3,31881000,3447.7,2820.9,3839.9,2896.0,3129.5,14,2,3129.3,2,1,3129.2,3,2,3129.1,2,1,3129.0,151,7,3130.0,73,1,3130.1,1,1,3130.2,10,1,3130.3,54,2,3130.4,214,2
2031,2026-06-16 10:55:29+05:30,3130.0,54,3131.27,1194560,132268.0,199652.0,3163.0,3163.0,3108.0,3134.3,31881000,3447.7,2820.9,3839.9,2896.0,3129.5,14,2,3129.3,2,1,3129.2,3,2,3129.1,2,1,3129.0,151,7,3130.0,73,1,3130.1,1,1,3130.2,10,1,3130.3,54,2,3130.4,214,2
2031,2026-06-16 10:55:30+05:30,3130.0,1,3131.27,1194561,132536.0,200078.0,3163.0,3163.0,3108.0,3134.3,31881000,3447.7,2820.9,3839.9,2896.0,3129.8,2,2,3129.5,37,4,3129.3,10,2,3129.2,29,4,3129.1,198,3,3130.0,116,3,3130.1,1,1,3130.2,10,1,3130.4,14,1,3130.5,3,1
2031,2026-06-16 10:55:30+05:30,3130.0,1,3131.27,1194561,132536.0,200078.0,3163.0,3163.0,3108.0,3134.3,31881000,3447.7,2820.9,3839.9,2896.0,3129.8,2,2,3129.5,37,4,3129.3,10,2,3129.2,29,4,3129.1,198,3,3130.0,116,3,3130.1,1,1,3130.2,10,1,3130.4,14,1,3130.5,3,1
2031,2026-06-16 10:55:31+05:30,3130.0,1,3131.27,1194561,132586.0,200138.0,3163.0,3163.0,3108.0,3134.3,31881000,3447.7,2820.9,3839.9,2896.0,3129.8,2,2,3129.5,37,4,3129.3,10,2,3129.2,16,3,3129.1,198,3,3130.0,116,3,3130.1,1,1,3130.2,10,1,3130.4,14,1,3130.5,3,1
2031,2026-06-16 10:55:32+05:30,3130.0,15,3131.27,1194579,132586.0,200154.0,3163.0,3163.0,3108.0,3134.3,31881000,3447.7,2820.9,3839.9,2896.0,3129.8,2,2,3129.5,37,4,3129.3,10,2,3129.2,68,4,3129.1,198,3,3130.0,132,4,3130.1,1,1,3130.2,10,1,3130.4,14,1,3130.5,3,1
2031,2026-06-16 10:55:32+05:30,3130.0,15,3131.27,1194579,132586.0,200154.0,3163.0,3163.0,3108.0,3134.3,31881000,3447.7,2820.9,3839.9,2896.0,3129.8,2,2,3129.5,37,4,3129.3,10,2,3129.2,68,4,3129.1,198,3,3130.0,132,4,3130.1,1,1,3130.2,10,1,3130.4,14,1,3130.5,3,1
2031,2026-06-16 10:55:33+05:30,3130.0,15,3131.27,1194579,132586.0,200154.0,3163.0,3163.0,3108.0,3134.3,31881000,3447.7,2820.9,3839.9,2896.0,3129.8,2,2,3129.5,37,4,3129.3,10,2,3129.2,68,4,3129.1,198,3,3130.0,132,4,3130.1,1,1,3130.2,10,1,3130.4,14,1,3130.5,3,1
2031,2026-06-16 10:55:33+05:30,3130.0,1,3131.27,1194581,132592.0,200139.0,3163.0,3163.0,3108.0,3134.3,31881000,3447.7,2820.9,3839.9,2896.0,3129.8,2,2,3129.5,37,4,3129.3,10,2,3129.2,68,4,3129.1,198,3,3130.0,130,4,3130.1,1,1,3130.2,10,1,3130.4,14,1,3130.5,3,1
2031,2026-06-16 10:55:33+05:30,3130.0,1,3131.27,1194581,132592.0,200139.0,3163.0,3163.0,3108.0,3134.3,31881000,3447.7,2820.9,3839.9,2896.0,3129.8,2,2,3129.5,37,4,3129.3,10,2,3129.2,68,4,3129.1,198,3,3130.0,130,4,3130.1,1,1,3130.2,10,1,3130.4,14,1,3130.5,3,1
2031,2026-06-16 10:55:34+05:30,3130.0,2,3131.27,1194900,132758.0,199602.0,3163.0,3163.0,3108.0,3134.3,31881000,3447.7,2820.9,3839.9,2896.0,3129.8,2,2,3129.5,15,3,3129.3,194,3,3129.2,79,5,3129.1,99,4,3130.0,48,1,3130.1,1,1,3130.4,14,1,3130.7,200,1,3130.8,256,3
2031,2026-06-16 10:55:34+05:30,3130.0,2,3131.27,1194900,132758.0,199602.0,3163.0,3163.0,3108.0,3134.3,31881000,3447.7,2820.9,3839.9,2896.0,3129.8,2,2,3129.5,15,3,3129.3,194,3,3129.2,79,5,3129.1,99,4,3130.0,48,1,3130.1,1,1,3130.4,14,1,3130.7,200,1,3130.8,256,3
2031,2026-06-16 10:55:35+05:30,3130.0,2,3131.27,1194900,132758.0,199602.0,3163.0,3163.0,3108.0,3134.3,31881000,3447.7,2820.9,3839.9,2896.0,3129.8,2,2,3129.5,15,3,3129.3,194,3,3129.2,79,5,3129.1,99,4,3130.0,48,1,3130.1,1,1,3130.4,14,1,3130.7,200,1,3130.8,256,3
2031,2026-06-16 10:55:35+05:30,3129.8,1,3131.27,1196405,132783.0,200028.0,3163.0,3163.0,3108.0,3134.3,31881000,3447.7,2820.9,3839.9,2896.0,3129.5,22,5,3129.3,44,5,3129.2,102,6,3129.1,212,4,3129.0,256,10,3129.8,1,1,3130.0,48,1,3130.1,1,1,3130.4,14,1,3130.7,63,1
2031,2026-06-16 10:55:35+05:30,3129.8,1,3131.27,1196405,132783.0,200028.0,3163.0,3163.0,3108.0,3134.3,31881000,3447.7,2820.9,3839.9,2896.0,3129.5,22,5,3129.3,44,5,3129.2,102,6,3129.1,212,4,3129.0,256,10,3129.8,1,1,3130.0,48,1,3130.1,1,1,3130.4,14,1,3130.7,63,1
2031,2026-06-16 10:55:36+05:30,3129.8,1,3131.27,1196406,132784.0,200011.0,3163.0,3163.0,3108.0,3134.3,31881000,3447.7,2820.9,3839.9,2896.0,3129.5,22,5,3129.3,32,3,3129.2,102,6,3129.1,200,4,3129.0,192,9,3129.8,15,2,3129.9,10,1,3130.0,48,1,3130.1,1,1,3130.4,14,1
2031,2026-06-16 10:55:36+05:30,3129.8,1,3131.27,1196406,132784.0,200011.0,3163.0,3163.0,3108.0,3134.3,31881000,3447.7,2820.9,3839.9,2896.0,3129.5,22,5,3129.3,32,3,3129.2,102,6,3129.1,200,4,3129.0,192,9,3129.8,15,2,3129.9,10,1,3130.0,48,1,3130.1,1,1,3130.4,14,1
2031,2026-06-16 10:55:36+05:30,3129.8,1,3131.27,1196406,132784.0,200011.0,3163.0,3163.0,3108.0,3134.3,31881000,3447.7,2820.9,3839.9,2896.0,3129.5,22,5,3129.3,32,3,3129.2,102,6,3129.1,200,4,3129.0,192,9,3129.8,15,2,3129.9,10,1,3130.0,48,1,3130.1,1,1,3130.4,14,1
2031,2026-06-16 10:55:37+05:30,3130.0,29,3131.27,1196460,132983.0,200144.0,3163.0,3163.0,3108.0,3134.3,31881000,3447.7,2820.9,3839.9,2896.0,3129.5,118,6,3129.3,13,2,3129.2,91,6,3129.1,186,4,3129.0,218,11,3130.0,220,3,3130.1,1,1,3130.4,14,1,3130.8,220,2,3130.9,200,1
2031,2026-06-16 10:55:37+05:30,3130.0,29,3131.27,1196460,132983.0,200144.0,3163.0,3163.0,3108.0,3134.3,31881000,3447.7,2820.9,3839.9,2896.0,3129.5,118,6,3129.3,13,2,3129.2,91,6,3129.1,186,4,3129.0,218,11,3130.0,220,3,3130.1,1,1,3130.4,14,1,3130.8,220,2,3130.9,200,1
2031,2026-06-16 10:55:38+05:30,3130.0,29,3131.27,1196460,132983.0,200144.0,3163.0,3163.0,3108.0,3134.3,31881000,3447.7,2820.9,3839.9,2896.0,3129.5,121,6,3129.3,14,2,3129.2,22,3,3129.1,186,4,3129.0,234,12,3129.8,2,1,3130.0,264,4,3130.1,1,1,3130.4,14,1,3130.8,272,3
2031,2026-06-16 10:55:38+05:30,3130.0,35,3131.27,1196514,132972.0,200205.0,3163.0,3163.0,3108.0,3134.3,31881000,3447.7,2820.9,3839.9,2896.0,3129.5,121,6,3129.3,14,2,3129.2,22,3,3129.1,186,4,3129.0,234,12,3129.8,2,1,3130.0,264,4,3130.1,1,1,3130.4,14,1,3130.8,272,3
2031,2026-06-16 10:55:38+05:30,3130.0,35,3131.27,1196514,132972.0,200205.0,3163.0,3163.0,3108.0,3134.3,31881000,3447.7,2820.9,3839.9,2896.0,3129.5,121,6,3129.3,14,2,3129.2,22,3,3129.1,186,4,3129.0,234,12,3129.8,2,1,3130.0,264,4,3130.1,1,1,3130.4,14,1,3130.8,272,3
2031,2026-06-16 10:55:39+05:30,3130.0,1,3131.27,1196874,133100.0,200161.0,3163.0,3163.0,3108.0,3134.3,31881000,3447.7,2820.9,3839.9,2896.0,3129.5,134,6,3129.3,44,4,3129.2,16,3,3129.1,213,3,3129.0,200,10,3130.0,55,2,3130.1,1,1,3130.4,14,1,3130.6,21,1,3130.7,200,1
2031,2026-06-16 10:55:39+05:30,3130.0,1,3131.27,1196874,133100.0,200161.0,3163.0,3163.0,3108.0,3134.3,31881000,3447.7,2820.9,3839.9,2896.0,3129.5,134,6,3129.3,44,4,3129.2,16,3,3129.1,213,3,3129.0,200,10,3130.0,55,2,3130.1,1,1,3130.4,14,1,3130.6,21,1,3130.7,200,1
2031,2026-06-16 10:55:40+05:30,3130.0,1,3131.27,1196874,133100.0,200161.0,3163.0,3163.0,3108.0,3134.3,31881000,3447.7,2820.9,3839.9,2896.0,3129.5,134,6,3129.3,44,4,3129.2,16,3,3129.1,213,3,3129.0,200,10,3130.0,55,2,3130.1,1,1,3130.4,14,1,3130.6,21,1,3130.7,200,1
2031,2026-06-16 10:55:40+05:30,3130.0,8,3131.27,1196882,133099.0,200132.0,3163.0,3163.0,3108.0,3134.3,31881000,3447.7,2820.9,3839.9,2896.0,3129.5,133,5,3129.3,44,4,3129.2,16,3,3129.1,213,3,3129.0,200,10,3130.0,47,2,3130.1,1,1,3130.4,14,1,3130.7,200,1,3130.8,307,4
2031,2026-06-16 10:55:40+05:30,3130.0,8,3131.27,1196882,133099.0,200132.0,3163.0,3163.0,3108.0,3134.3,31881000,3447.7,2820.9,3839.9,2896.0,3129.5,133,5,3129.3,44,4,3129.2,16,3,3129.1,213,3,3129.0,200,10,3130.0,47,2,3130.1,1,1,3130.4,14,1,3130.7,200,1,3130.8,307,4
2031,2026-06-16 10:55:41+05:30,3130.0,1,3131.27,1196883,133099.0,199931.0,3163.0,3163.0,3108.0,3134.3,31881000,3447.7,2820.9,3839.9,2896.0,3129.5,133,5,3129.3,44,4,3129.2,16,3,3129.1,213,3,3129.0,200,10,3130.0,46,2,3130.1,1,1,3130.4,14,1,3130.7,200,1,3130.8,307,4
2031,2026-06-16 10:55:41+05:30,3130.0,1,3131.27,1196883,133099.0,199931.0,3163.0,3163.0,3108.0,3134.3,31881000,3447.7,2820.9,3839.9,2896.0,3129.5,133,5,3129.3,44,4,3129.2,16,3,3129.1,213,3,3129.0,200,10,3130.0,46,2,3130.1,1,1,3130.4,14,1,3130.7,200,1,3130.8,307,4
2031,2026-06-16 10:55:41+05:30,3130.0,1,3131.27,1196883,133099.0,199931.0,3163.0,3163.0,3108.0,3134.3,31881000,3447.7,2820.9,3839.9,2896.0,3129.5,133,5,3129.3,44,4,3129.2,16,3,3129.1,213,3,3129.0,200,10,3130.0,46,2,3130.1,1,1,3130.4,14,1,3130.7,200,1,3130.8,307,4
2031,2026-06-16 10:55:42+05:30,3129.5,1,3131.27,1196883,133099.0,199931.0,3163.0,3163.0,3108.0,3134.3,31881000,3447.7,2820.9,3839.9,2896.0,3129.5,133,5,3129.3,44,4,3129.2,16,3,3129.1,213,3,3129.0,200,10,3130.0,46,2,3130.1,1,1,3130.4,14,1,3130.7,200,1,3130.8,307,4
2031,2026-06-16 10:55:42+05:30,3129.5,1,3131.27,1197083,132838.0,199710.0,3163.0,3163.0,3108.0,3134.3,31881000,3447.7,2820.9,3839.9,2896.0,3129.5,45,4,3129.3,14,2,3129.2,18,3,3129.1,190,3,3129.0,212,11,3130.0,46,2,3130.1,1,1,3130.4,14,1,3130.7,200,1,3130.8,307,4
2031,2026-06-16 10:55:43+05:30,3129.5,1,3131.27,1197083,132838.0,199710.0,3163.0,3163.0,3108.0,3134.3,31881000,3447.7,2820.9,3839.9,2896.0,3129.5,45,4,3129.3,14,2,3129.2,18,3,3129.1,190,3,3129.0,212,11,3130.0,46,2,3130.1,1,1,3130.4,14,1,3130.7,200,1,3130.8,307,4
2031,2026-06-16 10:55:43+05:30,3129.5,1,3131.27,1197083,132838.0,199616.0,3163.0,3163.0,3108.0,3134.3,31881000,3447.7,2820.9,3839.9,2896.0,3129.5,45,4,3129.3,14,2,3129.2,18,3,3129.1,190,3,3129.0,212,11,3130.0,46,2,3130.1,1,1,3130.4,14,1,3130.7,200,1,3130.8,307,4
2031,2026-06-16 10:55:44+05:30,3129.5,1,3131.27,1197083,132838.0,199616.0,3163.0,3163.0,3108.0,3134.3,31881000,3447.7,2820.9,3839.9,2896.0,3129.5,45,4,3129.3,14,2,3129.2,18,3,3129.1,190,3,3129.0,212,11,3130.0,46,2,3130.1,1,1,3130.4,14,1,3130.7,200,1,3130.8,307,4
2031,2026-06-16 10:55:44+05:30,3129.5,1,3131.27,1197083,132984.0,199817.0,3163.0,3163.0,3108.0,3134.3,31881000,3447.7,2820.9,3839.9,2896.0,3129.5,85,5,3129.3,2,1,3129.2,18,3,3129.1,208,4,3129.0,297,13,3130.0,47,3,3130.1,1,1,3130.4,14,1,3130.5,100,1,3130.7,200,1
2031,2026-06-16 10:55:45+05:30,3129.5,1,3131.27,1197083,132984.0,199817.0,3163.0,3163.0,3108.0,3134.3,31881000,3447.7,2820.9,3839.9,2896.0,3129.5,85,5,3129.3,2,1,3129.2,18,3,3129.1,208,4,3129.0,297,13,3130.0,47,3,3130.1,1,1,3130.4,14,1,3130.5,100,1,3130.7,200,1
2031,2026-06-16 10:55:45+05:30,3130.0,23,3131.27,1197083,132984.0,199817.0,3163.0,3163.0,3108.0,3134.3,31881000,3447.7,2820.9,3839.9,2896.0,3129.5,85,5,3129.3,2,1,3129.2,18,3,3129.1,208,4,3129.0,297,13,3130.0,47,3,3130.1,1,1,3130.4,14,1,3130.5,100,1,3130.7,200,1
2031,2026-06-16 10:55:45+05:30,3130.0,23,3131.27,1197181,133375.0,198931.0,3163.0,3163.0,3108.0,3134.3,31881000,3447.7,2820.9,3839.9,2896.0,3129.7,16,1,3129.6,56,5,3129.5,111,7,3129.4,58,5,3129.3,283,5,3130.0,25,4,3130.1,1,1,3130.4,14,1,3130.5,100,1,3130.7,200,1
2031,2026-06-16 10:55:46+05:30,3130.0,23,3131.27,1197181,133375.0,198931.0,3163.0,3163.0,3108.0,3134.3,31881000,3447.7,2820.9,3839.9,2896.0,3129.7,16,1,3129.6,56,5,3129.5,111,7,3129.4,58,5,3129.3,283,5,3130.0,25,4,3130.1,1,1,3130.4,14,1,3130.5,100,1,3130.7,200,1
2031,2026-06-16 10:55:46+05:30,3130.0,1,3131.27,1197181,133375.0,198931.0,3163.0,3163.0,3108.0,3134.3,31881000,3447.7,2820.9,3839.9,2896.0,3129.7,16,1,3129.6,56,5,3129.5,111,7,3129.4,58,5,3129.3,283,5,3130.0,25,4,3130.1,1,1,3130.4,14,1,3130.5,100,1,3130.7,200,1
2031,2026-06-16 10:55:46+05:30,3130.0,1,3131.27,1197207,133534.0,199142.0,3163.0,3163.0,3108.0,3134.3,31881000,3447.7,2820.9,3839.9,2896.0,3129.9,4,1,3129.8,43,5,3129.7,34,2,3129.6,45,4,3129.5,110,7,3130.0,74,3,3130.1,1,1,3130.4,14,1,3130.5,100,1,3130.8,200,1
2031,2026-06-16 10:55:47+05:30,3130.0,1,3131.27,1197207,133534.0,199142.0,3163.0,3163.0,3108.0,3134.3,31881000,3447.7,2820.9,3839.9,2896.0,3129.9,4,1,3129.8,43,5,3129.7,34,2,3129.6,45,4,3129.5,110,7,3130.0,74,3,3130.1,1,1,3130.4,14,1,3130.5,100,1,3130.8,200,1
2031,2026-06-16 10:55:47+05:30,3130.0,73,3131.27,1197207,133534.0,199142.0,3163.0,3163.0,3108.0,3134.3,31881000,3447.7,2820.9,3839.9,2896.0,3129.9,4,1,3129.8,43,5,3129.7,34,2,3129.6,45,4,3129.5,110,7,3130.0,74,3,3130.1,1,1,3130.4,14,1,3130.5,100,1,3130.8,200,1
2031,2026-06-16 10:55:47+05:30,3130.0,73,3131.27,1198417,134031.0,198181.0,3163.0,3163.0,3108.0,3134.3,31881000,3447.7,2820.9,3839.9,2896.0,3129.9,61,5,3129.8,24,3,3129.6,45,4,3129.5,174,8,3129.4,99,6,3130.0,73,1,3130.4,14,1,3130.5,100,1,3131.2,22,1,3131.4,20,1
2031,2026-06-16 10:55:48+05:30,3130.0,73,3131.27,1198417,134031.0,198181.0,3163.0,3163.0,3108.0,3134.3,31881000,3447.7,2820.9,3839.9,2896.0,3129.9,61,5,3129.8,24,3,3129.6,45,4,3129.5,174,8,3129.4,99,6,3130.0,73,1,3130.4,14,1,3130.5,100,1,3131.2,22,1,3131.4,20,1
2031,2026-06-16 10:55:48+05:30,3130.0,73,3131.27,1198417,133840.0,198993.0,3163.0,3163.0,3108.0,3134.3,31881000,3447.7,2820.9,3839.9,2896.0,3129.9,59,4,3129.7,5,1,3129.6,21,2,3129.5,128,8,3129.4,93,5,3130.0,120,2,3130.4,14,1,3130.5,100,1,3131.0,72,2,3131.2,22,1
2031,2026-06-16 10:55:49+05:30,3130.0,73,3131.27,1198417,133840.0,198993.0,3163.0,3163.0,3108.0,3134.3,31881000,3447.7,2820.9,3839.9,2896.0,3129.9,59,4,3129.7,5,1,3129.6,21,2,3129.5,128,8,3129.4,93,5,3130.0,120,2,3130.4,14,1,3130.5,100,1,3131.0,72,2,3131.2,22,1
2031,2026-06-16 10:55:49+05:30,3130.0,4,3131.27,1198417,133840.0,198993.0,3163.0,3163.0,3108.0,3134.3,31881000,3447.7,2820.9,3839.9,2896.0,3129.9,59,4,3129.7,5,1,3129.6,21,2,3129.5,128,8,3129.4,93,5,3130.0,120,2,3130.4,14,1,3130.5,100,1,3131.0,72,2,3131.2,22,1
2031,2026-06-16 10:55:49+05:30,3130.0,4,3131.27,1198417,133840.0,198993.0,3163.0,3163.0,3108.0,3134.3,31881000,3447.7,2820.9,3839.9,2896.0,3129.9,59,4,3129.7,5,1,3129.6,21,2,3129.5,128,8,3129.4,93,5,3130.0,120,2,3130.4,14,1,3130.5,100,1,3131.0,72,2,3131.2,22,1
2031,2026-06-16 10:55:49+05:30,3130.0,4,3131.27,1198421,133831.0,199194.0,3163.0,3163.0,3108.0,3134.3,31881000,3447.7,2820.9,3839.9,2896.0,3129.9,49,3,3129.8,18,1,3129.7,5,1,3129.6,21,2,3129.5,128,8,3130.0,116,2,3130.4,14,1,3130.5,100,1,3131.0,72,2,3131.2,22,1
2031,2026-06-16 10:55:50+05:30,3130.0,4,3131.27,1198421,133831.0,199194.0,3163.0,3163.0,3108.0,3134.3,31881000,3447.7,2820.9,3839.9,2896.0,3129.9,49,3,3129.8,18,1,3129.7,5,1,3129.6,21,2,3129.5,128,8,3130.0,116,2,3130.4,14,1,3130.5,100,1,3131.0,72,2,3131.2,22,1
2031,2026-06-16 10:55:50+05:30,3130.0,4,3131.27,1198421,133813.0,199241.0,3163.0,3163.0,3108.0,3134.3,31881000,3447.7,2820.9,3839.9,2896.0,3129.9,49,3,3129.8,18,1,3129.7,5,1,3129.6,21,2,3129.5,110,7,3130.0,116,2,3130.4,14,1,3130.5,100,1,3131.0,72,2,3131.1,41,1
2031,2026-06-16 10:55:51+05:30,3130.0,4,3131.27,1198421,133813.0,199241.0,3163.0,3163.0,3108.0,3134.3,31882200,3447.7,2820.9,3839.9,2896.0,3129.9,49,3,3129.8,18,1,3129.7,5,1,3129.6,21,2,3129.5,110,7,3130.0,116,2,3130.4,14,1,3130.5,100,1,3131.0,72,2,3131.1,41,1
2031,2026-06-16 10:55:51+05:30,3130.0,1,3131.27,1198422,133801.0,199329.0,3163.0,3163.0,3108.0,3134.3,31882200,3447.7,2820.9,3839.9,2896.0,3129.9,49,3,3129.6,21,2,3129.5,82,6,3129.4,42,3,3129.3,141,5,3130.0,141,3,3130.4,14,1,3130.5,100,1,3131.0,72,2,3131.1,170,2
2031,2026-06-16 10:55:52+05:30,3130.0,51,3131.27,1198422,133801.0,199329.0,3163.0,3163.0,3108.0,3134.3,31882200,3447.7,2820.9,3839.9,2896.0,3129.9,49,3,3129.6,21,2,3129.5,82,6,3129.4,42,3,3129.3,141,5,3130.0,141,3,3130.4,14,1,3130.5,100,1,3131.0,72,2,3131.1,170,2
2031,2026-06-16 10:55:52+05:30,3130.0,51,3131.27,1198652,133628.0,199392.0,3163.0,3163.0,3108.0,3134.3,31882200,3447.7,2820.9,3839.9,2896.0,3129.9,45,2,3129.5,60,5,3129.4,42,3,3129.3,141,5,3129.2,54,5,3130.0,22,2,3130.4,14,1,3130.5,100,1,3131.0,72,2,3131.1,170,2
2031,2026-06-16 10:55:53+05:30,3130.0,51,3131.27,1198652,133608.0,199432.0,3163.0,3163.0,3108.0,3134.3,31882200,3447.7,2820.9,3839.9,2896.0,3129.9,45,2,3129.5,60,5,3129.4,42,3,3129.3,141,5,3129.2,33,4,3130.0,22,2,3130.4,14,1,3130.5,100,1,3131.0,72,2,3131.1,405,4
2031,2026-06-16 10:55:54+05:30,3130.0,1,3131.27,1198652,133608.0,199432.0,3163.0,3163.0,3108.0,3134.3,31882200,3447.7,2820.9,3839.9,2896.0,3129.9,45,2,3129.5,60,5,3129.4,42,3,3129.3,141,5,3129.2,33,4,3130.0,22,2,3130.4,14,1,3130.5,100,1,3131.0,72,2,3131.1,405,4
2031,2026-06-16 10:55:54+05:30,3129.9,11,3131.27,1198664,133835.0,199441.0,3163.0,3163.0,3108.0,3134.3,31882200,3447.7,2820.9,3839.9,2896.0,3129.9,34,2,3129.5,78,6,3129.4,24,2,3129.3,141,5,3129.2,51,5,3130.0,21,2,3130.4,14,1,3130.5,100,1,3131.0,72,2,3131.1,276,3
2031,2026-06-16 10:55:55+05:30,3130.0,9,3131.27,1198664,133835.0,199441.0,3163.0,3163.0,3108.0,3134.3,31882200,3447.7,2820.9,3839.9,2896.0,3129.9,34,2,3129.5,78,6,3129.4,24,2,3129.3,141,5,3129.2,51,5,3130.0,21,2,3130.4,14,1,3130.5,100,1,3131.0,72,2,3131.1,276,3
2031,2026-06-16 10:55:55+05:30,3130.0,9,3131.27,1198713,133877.0,199211.0,3163.0,3163.0,3108.0,3134.3,31882200,3447.7,2820.9,3839.9,2896.0,3129.9,34,2,3129.8,13,1,3129.6,18,1,3129.5,64,4,3129.4,199,4,3130.0,47,3,3130.4,14,1,3130.5,100,1,3131.0,97,3,3131.1,35,1
2031,2026-06-16 10:55:56+05:30,3129.9,1,3131.27,1198713,133877.0,199211.0,3163.0,3163.0,3108.0,3134.3,31882200,3447.7,2820.9,3839.9,2896.0,3129.9,34,2,3129.8,13,1,3129.6,18,1,3129.5,64,4,3129.4,199,4,3130.0,47,3,3130.4,14,1,3130.5,100,1,3131.0,97,3,3131.1,35,1
2031,2026-06-16 10:55:56+05:30,3129.9,1,3131.27,1198714,133865.0,199221.0,3163.0,3163.0,3108.0,3134.3,31882200,3447.7,2820.9,3839.9,2896.0,3129.9,33,2,3129.8,13,1,3129.5,64,4,3129.4,42,3,3129.3,260,5,3130.0,47,3,3130.4,14,1,3130.5,100,1,3131.0,72,2,3131.1,35,1
2031,2026-06-16 10:55:57+05:30,3130.0,1,3131.27,1198714,133865.0,199221.0,3163.0,3163.0,3108.0,3134.3,31882200,3447.7,2820.9,3839.9,2896.0,3129.9,33,2,3129.8,13,1,3129.5,64,4,3129.4,42,3,3129.3,260,5,3130.0,47,3,3130.4,14,1,3130.5,100,1,3131.0,72,2,3131.1,35,1
2031,2026-06-16 10:55:57+05:30,3130.0,1,3131.27,1198715,133829.0,199532.0,3163.0,3163.0,3108.0,3134.3,31882200,3447.7,2820.9,3839.9,2896.0,3129.9,33,2,3129.8,13,1,3129.5,64,4,3129.4,24,2,3129.3,89,4,3130.0,216,4,3130.4,14,1,3130.5,100,1,3131.0,72,2,3131.1,35,1
2031,2026-06-16 10:55:58+05:30,3129.9,3,3131.27,1198715,133829.0,199532.0,3163.0,3163.0,3108.0,3134.3,31882200,3447.7,2820.9,3839.9,2896.0,3129.9,33,2,3129.8,13,1,3129.5,64,4,3129.4,24,2,3129.3,89,4,3130.0,216,4,3130.4,14,1,3130.5,100,1,3131.0,72,2,3131.1,35,1
2031,2026-06-16 10:55:58+05:30,3129.9,3,3131.27,1198718,133656.0,199744.0,3163.0,3163.0,3108.0,3134.3,31882200,3447.7,2820.9,3839.9,2896.0,3129.9,30,2,3129.8,13,1,3129.5,64,4,3129.4,24,2,3129.3,89,4,3130.0,216,4,3130.4,14,1,3130.5,100,1,3131.0,72,2,3131.1,368,3
2031,2026-06-16 10:55:59+05:30,3130.0,30,3131.27,1198718,133656.0,199744.0,3163.0,3163.0,3108.0,3134.3,31882200,3447.7,2820.9,3839.9,2896.0,3129.9,30,2,3129.8,13,1,3129.5,64,4,3129.4,24,2,3129.3,89,4,3130.0,216,4,3130.4,14,1,3130.5,100,1,3131.0,72,2,3131.1,368,3
2031,2026-06-16 10:55:59+05:30,3130.0,30,3131.27,1199260,134025.0,199344.0,3163.0,3163.0,3108.0,3134.3,31882200,3447.7,2820.9,3839.9,2896.0,3129.9,30,2,3129.8,39,2,3129.7,18,1,3129.5,64,4,3129.4,39,3,3130.0,74,2,3130.4,14,1,3130.5,100,1,3131.0,72,2,3131.1,109,3
2031,2026-06-16 10:56:00+05:30,3130.0,2,3131.27,1199260,134025.0,199344.0,3163.0,3163.0,3108.0,3134.3,31882200,3447.7,2820.9,3839.9,2896.0,3129.9,30,2,3129.8,39,2,3129.7,18,1,3129.5,64,4,3129.4,39,3,3130.0,74,2,3130.4,14,1,3130.5,100,1,3131.0,72,2,3131.1,109,3
2031,2026-06-16 10:56:00+05:30,3130.0,2,3131.27,1199264,134021.0,198924.0,3163.0,3163.0,3108.0,3134.3,31882200,3447.7,2820.9,3839.9,2896.0,3129.9,47,5,3129.8,42,3,3129.7,31,3,3129.6,34,2,3129.5,90,5,3130.0,71,3,3130.4,14,1,3130.5,100,1,3131.0,20,1,3131.1,35,1
2031,2026-06-16 10:56:01+05:30,3130.0,13,3131.27,1199264,134021.0,198924.0,3163.0,3163.0,3108.0,3134.3,31882200,3447.7,2820.9,3839.9,2896.0,3129.9,47,5,3129.8,42,3,3129.7,31,3,3129.6,34,2,3129.5,90,5,3130.0,71,3,3130.4,14,1,3130.5,100,1,3131.0,20,1,3131.1,35,1
2031,2026-06-16 10:56:02+05:30,3130.0,13,3131.27,1201100,134088.0,198169.0,3163.0,3163.0,3108.0,3134.3,31882200,3447.7,2820.9,3839.9,2896.0,3129.9,58,7,3129.8,13,1,3129.7,10,2,3129.6,34,2,3129.5,95,5,3130.0,60,1,3130.4,14,1,3130.5,100,1,3131.2,222,2,3131.3,254,2
2031,2026-06-16 10:56:02+05:30,3130.0,1,3131.27,1201100,134088.0,198169.0,3163.0,3163.0,3108.0,3134.3,31882200,3447.7,2820.9,3839.9,2896.0,3129.9,58,7,3129.8,13,1,3129.7,10,2,3129.6,34,2,3129.5,95,5,3130.0,60,1,3130.4,14,1,3130.5,100,1,3131.2,222,2,3131.3,254,2
2031,2026-06-16 10:56:03+05:30,3130.0,21,3131.27,1201256,134093.0,198925.0,3163.0,3163.0,3108.0,3134.3,31882200,3447.7,2820.9,3839.9,2896.0,3129.9,58,7,3129.8,16,2,3129.7,10,2,3129.6,61,3,3129.5,54,4,3130.0,53,2,3130.4,14,1,3130.5,100,1,3131.0,22,1,3131.2,222,2
2031,2026-06-16 10:56:03+05:30,3130.0,21,3131.27,1201256,134093.0,198925.0,3163.0,3163.0,3108.0,3134.3,31882200,3447.7,2820.9,3839.9,2896.0,3129.9,58,7,3129.8,16,2,3129.7,10,2,3129.6,61,3,3129.5,54,4,3130.0,53,2,3130.4,14,1,3130.5,100,1,3131.0,22,1,3131.2,222,2
2031,2026-06-16 10:56:04+05:30,3130.0,21,3131.27,1201256,134078.0,198741.0,3163.0,3163.0,3108.0,3134.3,31882200,3447.7,2820.9,3839.9,2896.0,3129.9,41,4,3129.8,16,2,3129.7,5,1,3129.6,18,1,3129.5,54,4,3130.0,121,5,3130.4,14,1,3130.5,100,1,3131.0,22,1,3131.1,54,1
2031,2026-06-16 10:56:04+05:30,3130.0,1,3131.27,1201256,134078.0,198741.0,3163.0,3163.0,3108.0,3134.3,31882200,3447.7,2820.9,3839.9,2896.0,3129.9,41,4,3129.8,16,2,3129.7,5,1,3129.6,18,1,3129.5,54,4,3130.0,121,5,3130.4,14,1,3130.5,100,1,3131.0,22,1,3131.1,54,1
2031,2026-06-16 10:56:05+05:30,3129.9,7,3131.26,1201458,134094.0,198731.0,3163.0,3163.0,3108.0,3134.3,31882200,3447.7,2820.9,3839.9,2896.0,3129.9,49,6,3129.8,34,3,3129.7,20,3,3129.6,36,2,3129.5,54,4,3130.0,101,3,3130.4,14,1,3130.5,100,1,3131.0,22,1,3131.1,54,1
2031,2026-06-16 10:56:05+05:30,3130.0,23,3131.26,1201458,134094.0,198731.0,3163.0,3163.0,3108.0,3134.3,31882200,3447.7,2820.9,3839.9,2896.0,3129.9,49,6,3129.8,34,3,3129.7,20,3,3129.6,36,2,3129.5,54,4,3130.0,101,3,3130.4,14,1,3130.5,100,1,3131.0,22,1,3131.1,54,1
2031,2026-06-16 10:56:06+05:30,3130.0,23,3131.26,1201482,134120.0,198607.0,3163.0,3163.0,3108.0,3134.3,31882200,3447.7,2820.9,3839.9,2896.0,3129.9,49,6,3129.8,16,2,3129.7,5,1,3129.6,18,1,3129.5,54,4,3130.0,77,3,3130.4,14,1,3130.5,100,1,3131.0,24,2,3131.1,54,1
2031,2026-06-16 10:56:07+05:30,3130.0,74,3131.26,1202018,134014.0,198487.0,3163.0,3163.0,3108.0,3134.3,31882200,3447.7,2820.9,3839.9,2896.0,3129.9,222,1,3129.8,67,5,3129.6,28,4,3129.5,90,5,3129.4,152,7,3130.0,73,2,3130.4,14,1,3130.5,100,1,3131.0,24,2,3131.2,222,2
2031,2026-06-16 10:56:07+05:30,3130.0,1,3131.26,1202018,134014.0,198487.0,3163.0,3163.0,3108.0,3134.3,31882200,3447.7,2820.9,3839.9,2896.0,3129.9,222,1,3129.8,67,5,3129.6,28,4,3129.5,90,5,3129.4,152,7,3130.0,73,2,3130.4,14,1,3130.5,100,1,3131.0,24,2,3131.2,222,2
2031,2026-06-16 10:56:08+05:30,3130.0,1,3131.26,1202204,134304.0,198768.0,3163.0,3163.0,3108.0,3134.3,31882200,3447.7,2820.9,3839.9,2896.0,3129.9,268,4,3129.8,31,3,3129.7,13,1,3129.6,28,4,3129.5,51,4,3130.0,72,1,3130.5,78,1,3131.0,2,1,3131.1,117,1,3131.2,222,2
2031,2026-06-16 10:56:08+05:30,3130.0,1,3131.26,1202204,134304.0,198768.0,3163.0,3163.0,3108.0,3134.3,31882200,3447.7,2820.9,3839.9,2896.0,3129.9,268,4,3129.8,31,3,3129.7,13,1,3129.6,28,4,3129.5,51,4,3130.0,72,1,3130.5,78,1,3131.0,2,1,3131.1,117,1,3131.2,222,2
2031,2026-06-16 10:56:09+05:30,3130.0,1,3131.26,1202204,134344.0,198994.0,3163.0,3163.0,3108.0,3134.3,31882200,3447.7,2820.9,3839.9,2896.0,3129.9,240,2,3129.8,46,3,3129.7,13,1,3129.6,28,4,3129.5,51,4,3130.0,72,1,3130.5,78,1,3131.0,41,2,3131.1,171,2,3131.2,222,2
2031,2026-06-16 10:56:10+05:30,3130.0,1,3131.26,1202204,134331.0,198327.0,3163.0,3163.0,3108.0,3134.3,31882200,3447.7,2820.9,3839.9,2896.0,3130.0,24,1,3129.9,240,2,3129.8,21,2,3129.7,13,1,3129.6,22,3,3130.4,72,1,3130.5,78,1,3131.0,41,2,3131.1,54,1,3131.2,222,2
2031,2026-06-16 10:56:10+05:30,3130.0,24,3131.26,1202204,134331.0,198327.0,3163.0,3163.0,3108.0,3134.3,31882200,3447.7,2820.9,3839.9,2896.0,3130.0,24,1,3129.9,240,2,3129.8,21,2,3129.7,13,1,3129.6,22,3,3130.4,72,1,3130.5,78,1,3131.0,41,2,3131.1,54,1,3131.2,222,2
2031,2026-06-16 10:56:11+05:30,3130.0,24,3131.26,1202277,133920.0,199551.0,3163.0,3163.0,3108.0,3134.3,31882200,3447.7,2820.9,3839.9,2896.0,3130.0,24,1,3129.9,222,1,3129.5,41,2,3129.4,29,2,3129.3,55,3,3130.4,140,3,3130.5,78,1,3130.9,69,2,3131.0,41,2,3131.1,181,3
2031,2026-06-16 10:56:11+05:30,3130.0,24,3131.26,1202277,133920.0,199551.0,3163.0,3163.0,3108.0,3134.3,31882200,3447.7,2820.9,3839.9,2896.0,3130.0,24,1,3129.9,222,1,3129.5,41,2,3129.4,29,2,3129.3,55,3,3130.4,140,3,3130.5,78,1,3130.9,69,2,3131.0,41,2,3131.1,181,3
2031,2026-06-16 10:56:12+05:30,3130.0,24,3131.26,1202362,134047.0,199317.0,3163.0,3163.0,3108.0,3134.3,31882200,3447.7,2820.9,3839.9,2896.0,3130.0,266,3,3129.9,236,2,3129.5,41,2,3129.4,29,2,3129.3,2,1,3130.3,65,1,3130.4,63,4,3130.5,78,1,3130.8,42,2,3130.9,196,3
2031,2026-06-16 10:56:12+05:30,3130.0,2,3131.26,1202362,134047.0,199317.0,3163.0,3163.0,3108.0,3134.3,31882200,3447.7,2820.9,3839.9,2896.0,3130.0,266,3,3129.9,236,2,3129.5,41,2,3129.4,29,2,3129.3,2,1,3130.3,65,1,3130.4,63,4,3130.5,78,1,3130.8,42,2,3130.9,196,3
2031,2026-06-16 10:56:13+05:30,3130.2,1,3131.26,1202769,133780.0,199553.0,3163.0,3163.0,3108.0,3134.3,31882200,3447.7,2820.9,3839.9,2896.0,3129.9,236,2,3129.5,41,2,3129.4,14,1,3129.3,2,1,3129.2,18,3,3130.2,62,1,3130.3,4,2,3130.4,62,3,3130.5,78,1,3130.6,44,1
2031,2026-06-16 10:56:13+05:30,3130.2,1,3131.26,1202769,133780.0,199553.0,3163.0,3163.0,3108.0,3134.3,31882200,3447.7,2820.9,3839.9,2896.0,3129.9,236,2,3129.5,41,2,3129.4,14,1,3129.3,2,1,3129.2,18,3,3130.2,62,1,3130.3,4,2,3130.4,62,3,3130.5,78,1,3130.6,44,1
2031,2026-06-16 10:56:14+05:30,3130.2,1,3131.26,1202771,133790.0,199573.0,3163.0,3163.0,3108.0,3134.3,31882200,3447.7,2820.9,3839.9,2896.0,3129.9,236,2,3129.5,41,2,3129.4,14,1,3129.3,2,1,3129.2,18,3,3130.2,61,2,3130.3,3,1,3130.4,62,3,3130.5,78,1,3130.6,44,1
2031,2026-06-16 10:56:14+05:30,3130.2,1,3131.26,1202771,133790.0,199573.0,3163.0,3163.0,3108.0,3134.3,31882200,3447.7,2820.9,3839.9,2896.0,3129.9,236,2,3129.5,41,2,3129.4,14,1,3129.3,2,1,3129.2,18,3,3130.2,61,2,3130.3,3,1,3130.4,62,3,3130.5,78,1,3130.6,44,1
2031,2026-06-16 10:56:15+05:30,3130.2,2,3131.26,1202864,133614.0,199329.0,3163.0,3163.0,3108.0,3134.3,31882200,3447.7,2820.9,3839.9,2896.0,3130.1,2,2,3129.9,237,3,3129.5,41,2,3129.4,14,1,3129.3,2,1,3130.2,71,2,3130.3,3,1,3130.4,62,3,3130.5,78,1,3130.7,42,1
2031,2026-06-16 10:56:15+05:30,3130.2,2,3131.26,1202864,133614.0,199329.0,3163.0,3163.0,3108.0,3134.3,31882200,3447.7,2820.9,3839.9,2896.0,3130.1,2,2,3129.9,237,3,3129.5,41,2,3129.4,14,1,3129.3,2,1,3130.2,71,2,3130.3,3,1,3130.4,62,3,3130.5,78,1,3130.7,42,1
2031,2026-06-16 10:56:16+05:30,3130.1,2,3131.26,1202864,133614.0,199329.0,3163.0,3163.0,3108.0,3134.3,31882200,3447.7,2820.9,3839.9,2896.0,3130.1,2,2,3129.9,237,3,3129.5,41,2,3129.4,14,1,3129.3,2,1,3130.2,71,2,3130.3,3,1,3130.4,62,3,3130.5,78,1,3130.7,42,1
2031,2026-06-16 10:56:16+05:30,3130.1,2,3131.26,1202868,133968.0,199535.0,3163.0,3163.0,3108.0,3134.3,31882200,3447.7,2820.9,3839.9,2896.0,3130.1,39,3,3130.0,3,2,3129.9,237,3,3129.8,26,1,3129.5,1,1,3130.2,71,2,3130.3,3,1,3130.4,62,3,3130.5,78,1,3130.7,42,1
2031,2026-06-16 10:56:17+05:30,3130.0,10,3131.26,1202868,133968.0,199535.0,3163.0,3163.0,3108.0,3134.3,31882200,3447.7,2820.9,3839.9,2896.0,3130.1,39,3,3130.0,3,2,3129.9,237,3,3129.8,26,1,3129.5,1,1,3130.2,71,2,3130.3,3,1,3130.4,62,3,3130.5,78,1,3130.7,42,1
2031,2026-06-16 10:56:17+05:30,3130.0,10,3131.26,1202920,133379.0,199665.0,3163.0,3163.0,3108.0,3134.3,31882200,3447.7,2820.9,3839.9,2896.0,3129.9,237,3,3129.8,26,1,3129.5,1,1,3129.4,14,1,3129.3,2,1,3130.2,71,2,3130.3,3,1,3130.4,62,3,3130.5,78,1,3130.6,19,1
2031,2026-06-16 10:56:18+05:30,3130.1,1,3131.26,1202920,133379.0,199665.0,3163.0,3163.0,3108.0,3134.3,31882200,3447.7,2820.9,3839.9,2896.0,3129.9,237,3,3129.8,26,1,3129.5,1,1,3129.4,14,1,3129.3,2,1,3130.2,71,2,3130.3,3,1,3130.4,62,3,3130.5,78,1,3130.6,19,1
2031,2026-06-16 10:56:18+05:30,3130.1,1,3131.26,1202922,133610.0,199634.0,3163.0,3163.0,3108.0,3134.3,31882200,3447.7,2820.9,3839.9,2896.0,3130.0,7,1,3129.9,237,3,3129.8,26,1,3129.5,1,1,3129.4,14,1,3130.2,96,3,3130.3,3,1,3130.4,62,3,3130.5,78,1,3130.6,93,3
2031,2026-06-16 10:56:19+05:30,3130.2,9,3131.26,1202922,133610.0,199634.0,3163.0,3163.0,3108.0,3134.3,31882200,3447.7,2820.9,3839.9,2896.0,3130.0,7,1,3129.9,237,3,3129.8,26,1,3129.5,1,1,3129.4,14,1,3130.2,96,3,3130.3,3,1,3130.4,62,3,3130.5,78,1,3130.6,93,3
2031,2026-06-16 10:56:19+05:30,3130.0,23,3131.26,1203055,133620.0,199588.0,3163.0,3163.0,3108.0,3134.3,31882200,3447.7,2820.9,3839.9,2896.0,3130.0,23,1,3129.9,237,3,3129.5,1,1,3129.4,14,1,3129.3,2,1,3130.1,58,1,3130.2,16,1,3130.3,3,1,3130.4,4,2,3130.5,78,1
2031,2026-06-16 10:56:20+05:30,3130.0,23,3131.26,1203055,133620.0,199588.0,3163.0,3163.0,3108.0,3134.3,31882200,3447.7,2820.9,3839.9,2896.0,3130.0,23,1,3129.9,237,3,3129.5,1,1,3129.4,14,1,3129.3,2,1,3130.1,58,1,3130.2,16,1,3130.3,3,1,3130.4,4,2,3130.5,78,1
2031,2026-06-16 10:56:21+05:30,3130.0,23,3131.26,1203101,133639.0,199611.0,3163.0,3163.0,3108.0,3134.3,31882200,3447.7,2820.9,3839.9,2896.0,3130.0,23,1,3129.9,237,3,3129.5,1,1,3129.4,14,1,3129.3,2,1,3130.1,74,2,3130.3,3,1,3130.4,4,2,3130.5,133,3,3130.6,19,1
2031,2026-06-16 10:56:21+05:30,3130.0,23,3131.26,1203101,133639.0,199611.0,3163.0,3163.0,3108.0,3134.3,31882200,3447.7,2820.9,3839.9,2896.0,3130.0,23,1,3129.9,237,3,3129.5,1,1,3129.4,14,1,3129.3,2,1,3130.1,74,2,3130.3,3,1,3130.4,4,2,3130.5,133,3,3130.6,19,1
2031,2026-06-16 10:56:22+05:30,3130.1,15,3131.26,1203162,133852.0,199619.0,3163.0,3163.0,3108.0,3134.3,31882200,3447.7,2820.9,3839.9,2896.0,3130.0,23,1,3129.9,237,3,3129.5,1,1,3129.4,14,1,3129.3,2,1,3130.1,60,3,3130.3,3,1,3130.4,3,1,3130.5,133,3,3130.7,2,1
2031,2026-06-16 10:56:22+05:30,3130.1,20,3131.26,1203162,133852.0,199619.0,3163.0,3163.0,3108.0,3134.3,31882200,3447.7,2820.9,3839.9,2896.0,3130.0,23,1,3129.9,237,3,3129.5,1,1,3129.4,14,1,3129.3,2,1,3130.1,60,3,3130.3,3,1,3130.4,3,1,3130.5,133,3,3130.7,2,1
2031,2026-06-16 10:56:23+05:30,3130.0,23,3131.26,1203251,133744.0,200507.0,3163.0,3163.0,3108.0,3134.3,31882200,3447.7,2820.9,3839.9,2896.0,3130.0,23,1,3129.9,237,3,3129.5,1,1,3129.4,14,1,3129.3,2,1,3130.1,40,3,3130.3,3,1,3130.4,15,2,3130.5,335,5,3130.6,313,4
2031,2026-06-16 10:56:23+05:30,3130.0,23,3131.26,1203251,133744.0,200507.0,3163.0,3163.0,3108.0,3134.3,31882200,3447.7,2820.9,3839.9,2896.0,3130.0,23,1,3129.9,237,3,3129.5,1,1,3129.4,14,1,3129.3,2,1,3130.1,40,3,3130.3,3,1,3130.4,15,2,3130.5,335,5,3130.6,313,4
2031,2026-06-16 10:56:24+05:30,3130.1,1,3131.26,1203275,133879.0,200032.0,3163.0,3163.0,3108.0,3134.3,31882200,3447.7,2820.9,3839.9,2896.0,3129.9,237,3,3129.5,1,1,3129.4,14,1,3129.3,2,1,3129.2,37,4,3130.1,39,3,3130.3,3,1,3130.4,3,1,3130.5,319,5,3130.6,313,4
2031,2026-06-16 10:56:24+05:30,3130.1,1,3131.26,1203275,133879.0,200032.0,3163.0,3163.0,3108.0,3134.3,31882200,3447.7,2820.9,3839.9,2896.0,3129.9,237,3,3129.5,1,1,3129.4,14,1,3129.3,2,1,3129.2,37,4,3130.1,39,3,3130.3,3,1,3130.4,3,1,3130.5,319,5,3130.6,313,4
2031,2026-06-16 10:56:25+05:30,3130.1,1,3131.26,1203277,133730.0,200067.0,3163.0,3163.0,3108.0,3134.3,31882200,3447.7,2820.9,3839.9,2896.0,3129.9,237,3,3129.8,26,1,3129.5,1,1,3129.4,14,1,3129.3,2,1,3130.1,68,4,3130.3,3,1,3130.4,3,1,3130.5,338,6,3130.6,313,4
2031,2026-06-16 10:56:25+05:30,3130.1,12,3131.26,1203277,133730.0,200067.0,3163.0,3163.0,3108.0,3134.3,31882200,3447.7,2820.9,3839.9,2896.0,3129.9,237,3,3129.8,26,1,3129.5,1,1,3129.4,14,1,3129.3,2,1,3130.1,68,4,3130.3,3,1,3130.4,3,1,3130.5,338,6,3130.6,313,4
2031,2026-06-16 10:56:26+05:30,3130.1,12,3131.26,1203309,133728.0,200110.0,3163.0,3163.0,3108.0,3134.3,31882200,3447.7,2820.9,3839.9,2896.0,3129.9,236,2,3129.8,26,1,3129.5,1,1,3129.4,14,1,3129.3,2,1,3130.1,109,4,3130.3,3,1,3130.4,3,1,3130.5,302,5,3130.6,313,4
2031,2026-06-16 10:56:27+05:30,3130.0,100,3131.26,1203409,133730.0,200154.0,3163.0,3163.0,3108.0,3134.3,31882200,3447.7,2820.9,3839.9,2896.0,3129.9,236,2,3129.8,26,1,3129.5,1,1,3129.4,14,1,3129.3,2,1,3130.1,109,4,3130.3,3,1,3130.4,43,2,3130.5,302,5,3130.6,290,3
2031,2026-06-16 10:56:27+05:30,3129.9,200,3131.26,1203409,133730.0,200154.0,3163.0,3163.0,3108.0,3134.3,31882200,3447.7,2820.9,3839.9,2896.0,3129.9,236,2,3129.8,26,1,3129.5,1,1,3129.4,14,1,3129.3,2,1,3130.1,109,4,3130.3,3,1,3130.4,43,2,3130.5,302,5,3130.6,290,3
2031,2026-06-16 10:56:28+05:30,3129.9,200,3131.26,1203609,133485.0,199969.0,3163.0,3163.0,3108.0,3134.3,31882200,3447.7,2820.9,3839.9,2896.0,3129.9,36,2,3129.8,26,1,3129.5,124,2,3129.4,14,1,3129.3,2,1,3130.1,109,4,3130.3,29,2,3130.4,43,2,3130.5,152,6,3130.6,309,4
2031,2026-06-16 10:56:29+05:30,3130.1,1,3131.26,1203854,133588.0,200405.0,3163.0,3163.0,3108.0,3134.3,31882200,3447.7,2820.9,3839.9,2896.0,3129.9,36,2,3129.5,124,2,3129.4,14,1,3129.3,2,1,3129.2,37,4,3130.1,72,1,3130.3,3,1,3130.4,22,2,3130.5,366,8,3130.6,295,4
2031,2026-06-16 10:56:29+05:30,3130.1,1,3131.26,1203854,133588.0,200405.0,3163.0,3163.0,3108.0,3134.3,31882200,3447.7,2820.9,3839.9,2896.0,3129.9,36,2,3129.5,124,2,3129.4,14,1,3129.3,2,1,3129.2,37,4,3130.1,72,1,3130.3,3,1,3130.4,22,2,3130.5,366,8,3130.6,295,4
2031,2026-06-16 10:56:30+05:30,3130.1,1,3131.26,1203854,133788.0,200307.0,3163.0,3163.0,3108.0,3134.3,31882200,3447.7,2820.9,3839.9,2896.0,3129.9,36,2,3129.5,124,2,3129.4,14,1,3129.3,21,2,3129.2,18,3,3130.1,73,2,3130.3,3,1,3130.4,3,1,3130.5,333,6,3130.6,219,2
2031,2026-06-16 10:56:30+05:30,3130.0,1,3131.26,1203854,133788.0,200307.0,3163.0,3163.0,3108.0,3134.3,31882200,3447.7,2820.9,3839.9,2896.0,3129.9,36,2,3129.5,124,2,3129.4,14,1,3129.3,21,2,3129.2,18,3,3130.1,73,2,3130.3,3,1,3130.4,3,1,3130.5,333,6,3130.6,219,2
2031,2026-06-16 10:56:31+05:30,3130.0,1,3131.26,1203858,133798.0,200369.0,3163.0,3163.0,3108.0,3134.3,31882200,3447.7,2820.9,3839.9,2896.0,3129.9,37,3,3129.5,124,2,3129.4,14,1,3129.3,2,1,3129.2,37,4,3130.1,98,3,3130.3,3,1,3130.4,3,1,3130.5,363,8,3130.6,200,1
2031,2026-06-16 10:56:31+05:30,3130.1,1,3131.26,1203858,133798.0,200369.0,3163.0,3163.0,3108.0,3134.3,31882200,3447.7,2820.9,3839.9,2896.0,3129.9,37,3,3129.5,124,2,3129.4,14,1,3129.3,2,1,3129.2,37,4,3130.1,98,3,3130.3,3,1,3130.4,3,1,3130.5,363,8,3130.6,200,1
2031,2026-06-16 10:56:32+05:30,3130.0,1,3131.26,1203884,133644.0,200146.0,3163.0,3163.0,3108.0,3134.3,31882200,3447.7,2820.9,3839.9,2896.0,3129.9,37,3,3129.5,143,3,3129.4,14,1,3129.3,21,2,3129.2,37,4,3130.1,73,3,3130.3,3,1,3130.4,3,1,3130.5,321,6,3130.6,200,1
2031,2026-06-16 10:56:32+05:30,3130.0,1,3131.26,1203884,133644.0,200146.0,3163.0,3163.0,3108.0,3134.3,31882200,3447.7,2820.9,3839.9,2896.0,3129.9,37,3,3129.5,143,3,3129.4,14,1,3129.3,21,2,3129.2,37,4,3130.1,73,3,3130.3,3,1,3130.4,3,1,3130.5,321,6,3130.6,200,1
2031,2026-06-16 10:56:33+05:30,3130.0,1,3131.26,1203884,133545.0,199874.0,3163.0,3163.0,3108.0,3134.3,31882200,3447.7,2820.9,3839.9,2896.0,3129.9,37,3,3129.5,143,3,3129.4,14,1,3129.3,61,3,3129.2,37,4,3130.1,73,3,3130.3,3,1,3130.4,3,1,3130.5,280,3,3130.6,200,1
2031,2026-06-16 10:56:33+05:30,3130.0,1,3131.26,1203884,133545.0,199874.0,3163.0,3163.0,3108.0,3134.3,31882200,3447.7,2820.9,3839.9,2896.0,3129.9,37,3,3129.5,143,3,3129.4,14,1,3129.3,61,3,3129.2,37,4,3130.1,73,3,3130.3,3,1,3130.4,3,1,3130.5,280,3,3130.6,200,1
2031,2026-06-16 10:56:34+05:30,3130.1,1,3131.26,1203885,133726.0,200946.0,3163.0,3163.0,3108.0,3134.3,31882200,3447.7,2820.9,3839.9,2896.0,3130.0,1,1,3129.9,37,3,3129.5,124,2,3129.4,14,1,3129.3,2,1,3130.1,113,4,3130.3,3,1,3130.4,3,1,3130.5,299,4,3130.6,200,1
2031,2026-06-16 10:56:34+05:30,3130.1,1,3131.26,1203885,133726.0,200946.0,3163.0,3163.0,3108.0,3134.3,31882200,3447.7,2820.9,3839.9,2896.0,3130.0,1,1,3129.9,37,3,3129.5,124,2,3129.4,14,1,3129.3,2,1,3130.1,113,4,3130.3,3,1,3130.4,3,1,3130.5,299,4,3130.6,200,1
2031,2026-06-16 10:56:35+05:30,3130.1,1,3131.26,1203885,133726.0,200946.0,3163.0,3163.0,3108.0,3134.3,31882200,3447.7,2820.9,3839.9,2896.0,3130.0,1,1,3129.9,37,3,3129.5,124,2,3129.4,14,1,3129.3,2,1,3130.1,113,4,3130.3,3,1,3130.4,3,1,3130.5,299,4,3130.6,200,1
2031,2026-06-16 10:56:35+05:30,3130.1,5,3131.26,1204050,133866.0,200503.0,3163.0,3163.0,3108.0,3134.3,31882200,3447.7,2820.9,3839.9,2896.0,3129.9,37,3,3129.8,23,1,3129.5,124,2,3129.4,14,1,3129.3,2,1,3130.0,1,1,3130.1,108,4,3130.3,3,1,3130.4,3,1,3130.5,280,3
2031,2026-06-16 10:56:35+05:30,3130.1,5,3131.26,1204050,133866.0,200503.0,3163.0,3163.0,3108.0,3134.3,31882200,3447.7,2820.9,3839.9,2896.0,3129.9,37,3,3129.8,23,1,3129.5,124,2,3129.4,14,1,3129.3,2,1,3130.0,1,1,3130.1,108,4,3130.3,3,1,3130.4,3,1,3130.5,280,3
2031,2026-06-16 10:56:36+05:30,3130.1,5,3131.26,1204050,133925.0,200498.0,3163.0,3163.0,3108.0,3134.3,31882200,3447.7,2820.9,3839.9,2896.0,3129.9,37,3,3129.8,23,1,3129.5,124,2,3129.4,14,1,3129.3,21,2,3130.0,1,1,3130.1,108,4,3130.3,3,1,3130.5,280,3,3130.6,219,2
2031,2026-06-16 10:56:37+05:30,3130.1,5,3131.26,1204050,133925.0,200498.0,3163.0,3163.0,3108.0,3134.3,31882200,3447.7,2820.9,3839.9,2896.0,3129.9,37,3,3129.8,23,1,3129.5,124,2,3129.4,14,1,3129.3,21,2,3130.0,1,1,3130.1,108,4,3130.3,3,1,3130.5,280,3,3130.6,219,2
2031,2026-06-16 10:56:37+05:30,3129.9,3,3131.26,1204179,133615.0,199753.0,3163.0,3163.0,3108.0,3134.3,31882200,3447.7,2820.9,3839.9,2896.0,3129.9,12,2,3129.8,23,1,3129.5,124,2,3129.4,14,1,3129.3,2,1,3130.1,165,6,3130.3,27,3,3130.4,84,5,3130.5,322,5,3130.6,255,3
2031,2026-06-16 10:56:37+05:30,3129.9,3,3131.26,1204179,133615.0,199753.0,3163.0,3163.0,3108.0,3134.3,31882200,3447.7,2820.9,3839.9,2896.0,3129.9,12,2,3129.8,23,1,3129.5,124,2,3129.4,14,1,3129.3,2,1,3130.1,165,6,3130.3,27,3,3130.4,84,5,3130.5,322,5,3130.6,255,3
2031,2026-06-16 10:56:38+05:30,3130.0,253,3131.26,1204433,133650.0,199972.0,3163.0,3163.0,3108.0,3134.3,31882200,3447.7,2820.9,3839.9,2896.0,3129.9,12,2,3129.5,124,2,3129.4,14,1,3129.3,2,1,3129.2,18,3,3130.0,73,1,3130.1,106,6,3130.3,15,2,3130.4,58,4,3130.5,338,6
2031,2026-06-16 10:56:38+05:30,3130.0,253,3131.26,1204433,133650.0,199972.0,3163.0,3163.0,3108.0,3134.3,31882200,3447.7,2820.9,3839.9,2896.0,3129.9,12,2,3129.5,124,2,3129.4,14,1,3129.3,2,1,3129.2,18,3,3130.0,73,1,3130.1,106,6,3130.3,15,2,3130.4,58,4,3130.5,338,6
2031,2026-06-16 10:56:39+05:30,3130.0,253,3131.26,1204433,133650.0,199972.0,3163.0,3163.0,3108.0,3134.3,31882200,3447.7,2820.9,3839.9,2896.0,3129.9,12,2,3129.5,124,2,3129.4,14,1,3129.3,2,1,3129.2,18,3,3130.0,73,1,3130.1,106,6,3130.3,15,2,3130.4,58,4,3130.5,338,6
2031,2026-06-16 10:56:39+05:30,3129.5,95,3131.26,1204657,131696.0,200888.0,3163.0,3163.0,3108.0,3134.3,31882200,3447.7,2820.9,3839.9,2896.0,3129.5,29,2,3129.4,14,1,3129.3,2,1,3129.2,18,3,3129.1,16,2,3129.6,200,1,3130.0,151,4,3130.1,86,5,3130.2,55,2,3130.3,55,3
2031,2026-06-16 10:56:39+05:30,3129.6,1,3131.26,1204657,131696.0,200888.0,3163.0,3163.0,3108.0,3134.3,31882200,3447.7,2820.9,3839.9,2896.0,3129.5,29,2,3129.4,14,1,3129.3,2,1,3129.2,18,3,3129.1,16,2,3129.6,200,1,3130.0,151,4,3130.1,86,5,3130.2,55,2,3130.3,55,3
2031,2026-06-16 10:56:40+05:30,3129.6,100,3131.26,1204657,131696.0,200888.0,3163.0,3163.0,3108.0,3134.3,31882200,3447.7,2820.9,3839.9,2896.0,3129.5,29,2,3129.4,14,1,3129.3,2,1,3129.2,18,3,3129.1,16,2,3129.6,200,1,3130.0,151,4,3130.1,86,5,3130.2,55,2,3130.3,55,3
2031,2026-06-16 10:56:40+05:30,3129.6,100,3131.26,1204758,131961.0,200865.0,3163.0,3163.0,3108.0,3134.3,31882200,3447.7,2820.9,3839.9,2896.0,3129.5,29,2,3129.3,2,1,3129.2,30,4,3129.1,16,2,3129.0,400,9,3129.6,99,1,3130.0,128,3,3130.1,92,4,3130.2,255,3,3130.3,212,2
2031,2026-06-16 10:56:40+05:30,3129.6,100,3131.26,1204758,131961.0,200865.0,3163.0,3163.0,3108.0,3134.3,31882200,3447.7,2820.9,3839.9,2896.0,3129.5,29,2,3129.3,2,1,3129.2,30,4,3129.1,16,2,3129.0,400,9,3129.6,99,1,3130.0,128,3,3130.1,92,4,3130.2,255,3,3130.3,212,2
2031,2026-06-16 10:56:41+05:30,3129.6,100,3131.26,1204758,131967.0,200847.0,3163.0,3163.0,3108.0,3134.3,31882200,3447.7,2820.9,3839.9,2896.0,3129.5,29,2,3129.3,2,1,3129.2,30,4,3129.1,16,2,3129.0,400,9,3129.6,119,3,3129.7,35,1,3129.8,28,2,3130.0,128,3,3130.1,93,5
2031,2026-06-16 10:56:42+05:30,3129.6,100,3131.26,1204758,131967.0,200847.0,3163.0,3163.0,3108.0,3134.3,31882200,3447.7,2820.9,3839.9,2896.0,3129.5,29,2,3129.3,2,1,3129.2,30,4,3129.1,16,2,3129.0,400,9,3129.6,119,3,3129.7,35,1,3129.8,28,2,3130.0,128,3,3130.1,93,5
2031,2026-06-16 10:56:42+05:30,3129.6,100,3131.26,1204758,131970.0,200836.0,3163.0,3163.0,3108.0,3134.3,31882200,3447.7,2820.9,3839.9,2896.0,3129.5,29,2,3129.3,2,1,3129.2,30,4,3129.1,16,2,3129.0,400,9,3129.6,187,6,3129.8,63,3,3130.0,128,3,3130.1,93,5,3130.2,279,4
2031,2026-06-16 10:56:43+05:30,3129.6,100,3131.26,1204758,131970.0,200836.0,3163.0,3163.0,3108.0,3134.3,31882200,3447.7,2820.9,3839.9,2896.0,3129.5,29,2,3129.3,2,1,3129.2,30,4,3129.1,16,2,3129.0,400,9,3129.6,187,6,3129.8,63,3,3130.0,128,3,3130.1,93,5,3130.2,279,4
2031,2026-06-16 10:56:43+05:30,3129.6,100,3131.26,1204758,131970.0,201000.0,3163.0,3163.0,3108.0,3134.3,31882200,3447.7,2820.9,3839.9,2896.0,3129.5,29,2,3129.3,2,1,3129.2,30,4,3129.1,16,2,3129.0,400,9,3129.6,187,6,3129.8,63,3,3130.0,292,3,3130.1,93,5,3130.2,279,4
2031,2026-06-16 10:56:44+05:30,3129.6,100,3131.26,1204758,131970.0,201000.0,3163.0,3163.0,3108.0,3134.3,31882200,3447.7,2820.9,3839.9,2896.0,3129.5,29,2,3129.3,2,1,3129.2,30,4,3129.1,16,2,3129.0,400,9,3129.6,187,6,3129.8,63,3,3130.0,292,3,3130.1,93,5,3130.2,279,4
2031,2026-06-16 10:56:44+05:30,3129.2,6,3131.26,1204758,131970.0,201000.0,3163.0,3163.0,3108.0,3134.3,31882200,3447.7,2820.9,3839.9,2896.0,3129.5,29,2,3129.3,2,1,3129.2,30,4,3129.1,16,2,3129.0,400,9,3129.6,187,6,3129.8,63,3,3130.0,292,3,3130.1,93,5,3130.2,279,4
2031,2026-06-16 10:56:44+05:30,3129.2,6,3131.26,1204758,131970.0,201000.0,3163.0,3163.0,3108.0,3134.3,31882200,3447.7,2820.9,3839.9,2896.0,3129.5,29,2,3129.3,2,1,3129.2,30,4,3129.1,16,2,3129.0,400,9,3129.6,187,6,3129.8,63,3,3130.0,292,3,3130.1,93,5,3130.2,279,4
2031,2026-06-16 10:56:45+05:30,3129.2,6,3131.26,1204758,131970.0,201000.0,3163.0,3163.0,3108.0,3134.3,31882200,3447.7,2820.9,3839.9,2896.0,3129.5,29,2,3129.3,2,1,3129.2,30,4,3129.1,16,2,3129.0,400,9,3129.6,187,6,3129.8,63,3,3130.0,292,3,3130.1,93,5,3130.2,279,4
2031,2026-06-16 10:56:45+05:30,3129.6,2,3131.26,1204863,132009.0,200738.0,3163.0,3163.0,3108.0,3134.3,31882200,3447.7,2820.9,3839.9,2896.0,3129.2,47,5,3129.1,16,2,3129.0,385,8,3128.9,16,1,3128.8,1,1,3129.6,65,2,3129.8,54,2,3129.9,81,2,3130.0,292,3,3130.1,293,6
2031,2026-06-16 10:56:45+05:30,3129.6,23,3131.26,1204863,132009.0,200738.0,3163.0,3163.0,3108.0,3134.3,31882200,3447.7,2820.9,3839.9,2896.0,3129.2,47,5,3129.1,16,2,3129.0,385,8,3128.9,16,1,3128.8,1,1,3129.6,65,2,3129.8,54,2,3129.9,81,2,3130.0,292,3,3130.1,293,6
2031,2026-06-16 10:56:46+05:30,3129.6,23,3131.26,1204863,132009.0,200738.0,3163.0,3163.0,3108.0,3134.3,31882200,3447.7,2820.9,3839.9,2896.0,3129.2,47,5,3129.1,16,2,3129.0,385,8,3128.9,16,1,3128.8,1,1,3129.6,65,2,3129.8,54,2,3129.9,81,2,3130.0,292,3,3130.1,293,6
2031,2026-06-16 10:56:46+05:30,3129.6,23,3131.26,1204888,132443.0,200957.0,3163.0,3163.0,3108.0,3134.3,31882200,3447.7,2820.9,3839.9,2896.0,3129.5,26,2,3129.2,47,5,3129.1,16,2,3129.0,360,7,3128.9,16,1,3129.6,40,2,3129.9,39,2,3130.0,272,2,3130.1,211,4,3130.2,255,3
2031,2026-06-16 10:56:46+05:30,3129.6,23,3131.26,1204888,132443.0,200957.0,3163.0,3163.0,3108.0,3134.3,31882200,3447.7,2820.9,3839.9,2896.0,3129.5,26,2,3129.2,47,5,3129.1,16,2,3129.0,360,7,3128.9,16,1,3129.6,40,2,3129.9,39,2,3130.0,272,2,3130.1,211,4,3130.2,255,3
2031,2026-06-16 10:56:47+05:30,3129.6,23,3131.26,1204888,132443.0,201068.0,3163.0,3163.0,3108.0,3134.3,31882200,3447.7,2820.9,3839.9,2896.0,3129.5,26,2,3129.2,47,5,3129.1,16,2,3129.0,360,7,3128.9,16,1,3129.6,28,1,3129.9,74,3,3130.0,237,1,3130.1,265,5,3130.2,316,5
2031,2026-06-16 10:56:47+05:30,3129.9,7,3131.26,1204888,132443.0,201068.0,3163.0,3163.0,3108.0,3134.3,31882200,3447.7,2820.9,3839.9,2896.0,3129.5,26,2,3129.2,47,5,3129.1,16,2,3129.0,360,7,3128.9,16,1,3129.6,28,1,3129.9,74,3,3130.0,237,1,3130.1,265,5,3130.2,316,5
2031,2026-06-16 10:56:47+05:30,3129.9,7,3131.26,1204888,132443.0,201068.0,3163.0,3163.0,3108.0,3134.3,31882200,3447.7,2820.9,3839.9,2896.0,3129.5,26,2,3129.2,47,5,3129.1,16,2,3129.0,360,7,3128.9,16,1,3129.6,28,1,3129.9,74,3,3130.0,237,1,3130.1,265,5,3130.2,316,5
2031,2026-06-16 10:56:48+05:30,3129.9,7,3131.26,1204942,132672.0,201208.0,3163.0,3163.0,3108.0,3134.3,31882200,3447.7,2820.9,3839.9,2896.0,3129.5,26,2,3129.3,25,1,3129.2,23,4,3129.1,16,2,3129.0,360,7,3129.6,60,1,3129.9,78,5,3130.0,239,2,3130.1,267,6,3130.2,316,5
2031,2026-06-16 10:56:48+05:30,3129.9,7,3131.26,1204942,132672.0,201208.0,3163.0,3163.0,3108.0,3134.3,31882200,3447.7,2820.9,3839.9,2896.0,3129.5,26,2,3129.3,25,1,3129.2,23,4,3129.1,16,2,3129.0,360,7,3129.6,60,1,3129.9,78,5,3130.0,239,2,3130.1,267,6,3130.2,316,5
2031,2026-06-16 10:56:49+05:30,3129.9,7,3131.26,1204942,132672.0,201208.0,3163.0,3163.0,3108.0,3134.3,31882200,3447.7,2820.9,3839.9,2896.0,3129.5,26,2,3129.3,25,1,3129.2,23,4,3129.1,16,2,3129.0,360,7,3129.6,60,1,3129.9,78,5,3130.0,239,2,3130.1,267,6,3130.2,316,5
2031,2026-06-16 10:56:49+05:30,3129.9,7,3131.26,1204942,132623.0,201204.0,3163.0,3163.0,3108.0,3134.3,31882200,3447.7,2820.9,3839.9,2896.0,3129.5,48,3,3129.2,17,3,3129.1,22,3,3129.0,360,7,3128.9,16,1,3129.6,145,5,3129.8,45,2,3129.9,26,3,3130.0,239,2,3130.1,267,6
2031,2026-06-16 10:56:50+05:30,3129.9,7,3131.26,1204942,132623.0,201204.0,3163.0,3163.0,3108.0,3134.3,31882200,3447.7,2820.9,3839.9,2896.0,3129.5,48,3,3129.2,17,3,3129.1,22,3,3129.0,360,7,3128.9,16,1,3129.6,145,5,3129.8,45,2,3129.9,26,3,3130.0,239,2,3130.1,267,6
2031,2026-06-16 10:56:50+05:30,3129.6,1,3131.26,1204943,132451.0,201619.0,3163.0,3163.0,3108.0,3134.3,31882200,3447.7,2820.9,3839.9,2896.0,3129.5,48,3,3129.2,2,2,3129.1,22,3,3129.0,360,7,3128.9,16,1,3129.6,144,5,3129.8,45,2,3129.9,38,4,3130.0,439,3,3130.1,267,6
2031,2026-06-16 10:56:50+05:30,3129.6,1,3131.26,1204943,132451.0,201619.0,3163.0,3163.0,3108.0,3134.3,31882200,3447.7,2820.9,3839.9,2896.0,3129.5,48,3,3129.2,2,2,3129.1,22,3,3129.0,360,7,3128.9,16,1,3129.6,144,5,3129.8,45,2,3129.9,38,4,3130.0,439,3,3130.1,267,6
2031,2026-06-16 10:56:50+05:30,3129.6,1,3131.26,1204943,132451.0,201619.0,3163.0,3163.0,3108.0,3134.3,31882200,3447.7,2820.9,3839.9,2896.0,3129.5,48,3,3129.2,2,2,3129.1,22,3,3129.0,360,7,3128.9,16,1,3129.6,144,5,3129.8,45,2,3129.9,38,4,3130.0,439,3,3130.1,267,6
2031,2026-06-16 10:56:51+05:30,3129.5,1,3131.26,1205145,131680.0,201935.0,3163.0,3163.0,3108.0,3134.3,31882200,3447.7,2820.9,3839.9,2896.0,3129.5,21,1,3129.2,2,2,3129.1,22,3,3129.0,360,7,3128.9,16,1,3129.6,143,5,3129.8,45,2,3129.9,266,6,3130.0,439,3,3130.1,100,6
2031,2026-06-16 10:56:51+05:30,3129.5,1,3131.26,1205145,131680.0,201935.0,3163.0,3163.0,3108.0,3134.3,31882200,3447.7,2820.9,3839.9,2896.0,3129.5,21,1,3129.2,2,2,3129.1,22,3,3129.0,360,7,3128.9,16,1,3129.6,143,5,3129.8,45,2,3129.9,266,6,3130.0,439,3,3130.1,100,6
2031,2026-06-16 10:56:51+05:30,3129.5,1,3131.26,1205145,131680.0,201935.0,3163.0,3163.0,3108.0,3134.3,31881000,3447.7,2820.9,3839.9,2896.0,3129.5,21,1,3129.2,2,2,3129.1,22,3,3129.0,360,7,3128.9,16,1,3129.6,143,5,3129.8,45,2,3129.9,266,6,3130.0,439,3,3130.1,100,6
2031,2026-06-16 10:56:52+05:30,3129.5,28,3131.26,1205259,131620.0,201909.0,3163.0,3163.0,3108.0,3134.3,31881000,3447.7,2820.9,3839.9,2896.0,3129.2,2,2,3129.1,22,3,3129.0,380,8,3128.9,16,1,3128.8,1,1,3129.5,86,1,3129.6,119,3,3129.8,45,2,3129.9,241,4,3130.0,439,3
2031,2026-06-16 10:56:52+05:30,3129.5,28,3131.26,1205259,131620.0,201909.0,3163.0,3163.0,3108.0,3134.3,31881000,3447.7,2820.9,3839.9,2896.0,3129.2,2,2,3129.1,22,3,3129.0,380,8,3128.9,16,1,3128.8,1,1,3129.5,86,1,3129.6,119,3,3129.8,45,2,3129.9,241,4,3130.0,439,3
2031,2026-06-16 10:56:53+05:30,3129.6,29,3131.26,1205474,131942.0,201186.0,3163.0,3163.0,3108.0,3134.3,31881000,3447.7,2820.9,3839.9,2896.0,3129.2,24,3,3129.1,22,3,3129.0,480,9,3128.9,16,1,3128.8,1,1,3129.6,31,1,3129.9,232,4,3130.0,507,5,3130.1,85,6,3130.2,55,2
2031,2026-06-16 10:56:53+05:30,3129.6,29,3131.26,1205474,131942.0,201186.0,3163.0,3163.0,3108.0,3134.3,31881000,3447.7,2820.9,3839.9,2896.0,3129.2,24,3,3129.1,22,3,3129.0,480,9,3128.9,16,1,3128.8,1,1,3129.6,31,1,3129.9,232,4,3130.0,507,5,3130.1,85,6,3130.2,55,2
2031,2026-06-16 10:56:54+05:30,3129.6,1,3131.26,1205475,132008.0,200995.0,3163.0,3163.0,3108.0,3134.3,31881000,3447.7,2820.9,3839.9,2896.0,3129.2,24,3,3129.1,16,2,3129.0,480,9,3128.9,16,1,3128.8,1,1,3129.6,30,1,3129.9,113,5,3130.0,472,4,3130.1,285,7,3130.2,55,2
2031,2026-06-16 10:56:54+05:30,3129.6,1,3131.26,1205475,132008.0,200995.0,3163.0,3163.0,3108.0,3134.3,31881000,3447.7,2820.9,3839.9,2896.0,3129.2,24,3,3129.1,16,2,3129.0,480,9,3128.9,16,1,3128.8,1,1,3129.6,30,1,3129.9,113,5,3130.0,472,4,3130.1,285,7,3130.2,55,2
2031,2026-06-16 10:56:55+05:30,3129.8,108,3131.26,1205693,131827.0,200839.0,3163.0,3163.0,3108.0,3134.3,31881000,3447.7,2820.9,3839.9,2896.0,3129.2,23,2,3129.1,16,2,3129.0,280,8,3128.9,16,1,3128.8,1,1,3129.8,37,2,3129.9,128,3,3130.0,491,5,3130.1,61,6,3130.2,55,2
2031,2026-06-16 10:56:55+05:30,3129.8,1,3131.26,1205693,131827.0,200839.0,3163.0,3163.0,3108.0,3134.3,31881000,3447.7,2820.9,3839.9,2896.0,3129.2,23,2,3129.1,16,2,3129.0,280,8,3128.9,16,1,3128.8,1,1,3129.8,37,2,3129.9,128,3,3130.0,491,5,3130.1,61,6,3130.2,55,2
2031,2026-06-16 10:56:56+05:30,3129.8,1,3131.26,1205694,131436.0,201945.0,3163.0,3163.0,3108.0,3134.3,31881000,3447.7,2820.9,3839.9,2896.0,3129.3,24,1,3129.2,1,1,3129.1,2,1,3129.0,280,8,3128.8,1,1,3129.4,92,1,3129.5,200,1,3129.8,37,2,3129.9,90,3,3130.0,318,5
2031,2026-06-16 10:56:57+05:30,3129.7,1,3131.26,1205987,131373.0,201878.0,3163.0,3163.0,3108.0,3134.3,31881000,3447.7,2820.9,3839.9,2896.0,3129.0,253,6,3128.8,2,2,3128.5,7,2,3128.3,30,3,3128.2,59,4,3129.7,2,1,3129.8,251,4,3129.9,288,4,3130.0,258,3,3130.1,57,5
2031,2026-06-16 10:56:57+05:30,3129.7,1,3131.26,1205987,131373.0,201878.0,3163.0,3163.0,3108.0,3134.3,31881000,3447.7,2820.9,3839.9,2896.0,3129.0,253,6,3128.8,2,2,3128.5,7,2,3128.3,30,3,3128.2,59,4,3129.7,2,1,3129.8,251,4,3129.9,288,4,3130.0,258,3,3130.1,57,5
2031,2026-06-16 10:56:58+05:30,3129.7,1,3131.26,1205987,131367.0,201704.0,3163.0,3163.0,3108.0,3134.3,31881000,3447.7,2820.9,3839.9,2896.0,3129.0,253,6,3128.8,2,2,3128.5,7,2,3128.3,30,3,3128.2,59,4,3129.7,256,7,3129.8,259,4,3129.9,88,3,3130.0,315,6,3130.1,68,6
2031,2026-06-16 10:56:59+05:30,3129.7,1,3131.26,1205987,131417.0,201728.0,3163.0,3163.0,3108.0,3134.3,31881000,3447.7,2820.9,3839.9,2896.0,3129.0,253,6,3128.8,2,2,3128.5,7,2,3128.3,30,3,3128.2,59,4,3129.7,280,8,3129.8,259,4,3129.9,88,3,3130.0,315,6,3130.1,57,5
2031,2026-06-16 10:57:00+05:30,3129.7,1,3131.26,1205987,131211.0,202248.0,3163.0,3163.0,3108.0,3134.3,31881000,3447.7,2820.9,3839.9,2896.0,3129.4,2,2,3129.0,254,7,3128.8,2,2,3128.6,7,1,3128.5,7,2,3129.6,1,1,3129.7,80,5,3129.8,259,4,3129.9,255,3,3130.0,280,5
2031,2026-06-16 10:57:01+05:30,3129.6,1,3131.26,1205988,131839.0,202276.0,3163.0,3163.0,3108.0,3134.3,31881000,3447.7,2820.9,3839.9,2896.0,3129.4,2,2,3129.2,2,1,3129.0,254,7,3128.9,14,1,3128.8,2,2,3129.7,69,4,3129.8,278,5,3129.9,290,4,3130.0,280,5,3130.1,57,5
2031,2026-06-16 10:57:01+05:30,3129.6,1,3131.26,1205988,131839.0,202276.0,3163.0,3163.0,3108.0,3134.3,31881000,3447.7,2820.9,3839.9,2896.0,3129.4,2,2,3129.2,2,1,3129.0,254,7,3128.9,14,1,3128.8,2,2,3129.7,69,4,3129.8,278,5,3129.9,290,4,3130.0,280,5,3130.1,57,5
2031,2026-06-16 10:57:02+05:30,3129.6,1,3131.26,1205988,131896.0,202342.0,3163.0,3163.0,3108.0,3134.3,31881000,3447.7,2820.9,3839.9,2896.0,3129.4,2,2,3129.2,2,1,3129.0,255,8,3128.9,37,2,3128.8,2,2,3129.6,100,1,3129.7,69,4,3129.8,241,3,3129.9,255,3,3130.0,261,4
2031,2026-06-16 10:57:03+05:30,3129.6,1,3131.26,1205988,131899.0,201061.0,3163.0,3163.0,3108.0,3134.3,31881000,3447.7,2820.9,3839.9,2896.0,3129.4,2,2,3129.2,2,1,3129.0,255,8,3128.9,37,2,3128.8,2,2,3129.6,125,2,3129.7,44,2,3129.8,214,2,3129.9,201,2,3130.0,296,5
2031,2026-06-16 10:57:04+05:30,3129.6,1,3131.26,1205989,132126.0,202314.0,3163.0,3163.0,3108.0,3134.3,31881000,3447.7,2820.9,3839.9,2896.0,3129.5,20,1,3129.4,2,2,3129.2,2,1,3129.0,255,8,3128.9,37,2,3129.6,124,2,3129.7,44,2,3129.8,214,2,3129.9,201,2,3130.0,261,4
2031,2026-06-16 10:57:04+05:30,3129.6,1,3131.26,1205989,132126.0,202314.0,3163.0,3163.0,3108.0,3134.3,31881000,3447.7,2820.9,3839.9,2896.0,3129.5,20,1,3129.4,2,2,3129.2,2,1,3129.0,255,8,3128.9,37,2,3129.6,124,2,3129.7,44,2,3129.8,214,2,3129.9,201,2,3130.0,261,4
2031,2026-06-16 10:57:05+05:30,3129.6,23,3131.26,1205989,132126.0,202314.0,3163.0,3163.0,3108.0,3134.3,31881000,3447.7,2820.9,3839.9,2896.0,3129.5,20,1,3129.4,2,2,3129.2,2,1,3129.0,255,8,3128.9,37,2,3129.6,124,2,3129.7,44,2,3129.8,214,2,3129.9,201,2,3130.0,261,4
2031,2026-06-16 10:57:05+05:30,3129.6,23,3131.26,1206020,132168.0,202367.0,3163.0,3163.0,3108.0,3134.3,31881000,3447.7,2820.9,3839.9,2896.0,3129.5,14,3,3129.2,2,1,3129.0,255,8,3128.9,37,2,3128.8,2,2,3129.6,101,2,3129.7,42,1,3129.8,214,2,3129.9,201,2,3130.0,261,4
2031,2026-06-16 10:57:06+05:30,3129.6,25,3131.26,1206020,132168.0,202367.0,3163.0,3163.0,3108.0,3134.3,31881000,3447.7,2820.9,3839.9,2896.0,3129.5,14,3,3129.2,2,1,3129.0,255,8,3128.9,37,2,3128.8,2,2,3129.6,101,2,3129.7,42,1,3129.8,214,2,3129.9,201,2,3130.0,261,4
2031,2026-06-16 10:57:06+05:30,3129.6,25,3131.26,1206321,131899.0,202156.0,3163.0,3163.0,3108.0,3134.3,31881000,3447.7,2820.9,3839.9,2896.0,3129.2,2,1,3129.0,155,7,3128.9,14,1,3128.8,21,3,3128.6,19,1,3129.6,1,1,3129.7,42,1,3129.8,214,2,3129.9,253,3,3130.0,261,4
2031,2026-06-16 10:57:08+05:30,3129.6,25,3131.26,1206321,131938.0,202180.0,3163.0,3163.0,3108.0,3134.3,31881000,3447.7,2820.9,3839.9,2896.0,3129.2,2,1,3129.0,155,7,3128.9,14,1,3128.8,21,3,3128.6,19,1,3129.6,1,1,3129.7,42,1,3129.8,214,2,3129.9,253,3,3130.0,280,5
2031,2026-06-16 10:57:09+05:30,3129.6,25,3131.26,1206321,131952.0,202147.0,3163.0,3163.0,3108.0,3134.3,31881000,3447.7,2820.9,3839.9,2896.0,3129.2,2,1,3129.0,155,7,3128.9,14,1,3128.8,21,3,3128.7,14,1,3129.6,1,1,3129.7,42,1,3129.8,214,2,3129.9,253,3,3130.0,280,5
2031,2026-06-16 10:57:09+05:30,3129.0,32,3131.26,1206321,131952.0,202147.0,3163.0,3163.0,3108.0,3134.3,31881000,3447.7,2820.9,3839.9,2896.0,3129.2,2,1,3129.0,155,7,3128.9,14,1,3128.8,21,3,3128.7,14,1,3129.6,1,1,3129.7,42,1,3129.8,214,2,3129.9,253,3,3130.0,280,5
2031,2026-06-16 10:57:10+05:30,3129.6,1,3131.26,1206364,131387.0,202192.0,3163.0,3163.0,3108.0,3134.3,31881000,3447.7,2820.9,3839.9,2896.0,3129.0,122,6,3128.9,14,1,3128.8,2,2,3128.7,14,1,3128.6,19,1,3129.6,34,1,3129.7,35,1,3129.8,216,3,3129.9,256,4,3130.0,315,6
2031,2026-06-16 10:57:10+05:30,3129.6,1,3131.26,1206364,131387.0,202192.0,3163.0,3163.0,3108.0,3134.3,31881000,3447.7,2820.9,3839.9,2896.0,3129.0,122,6,3128.9,14,1,3128.8,2,2,3128.7,14,1,3128.6,19,1,3129.6,34,1,3129.7,35,1,3129.8,216,3,3129.9,256,4,3130.0,315,6
2031,2026-06-16 10:57:11+05:30,3129.6,1,3131.26,1206373,131492.0,201571.0,3163.0,3163.0,3108.0,3134.3,31881000,3447.7,2820.9,3839.9,2896.0,3129.0,121,5,3128.9,39,2,3128.8,20,3,3128.7,65,4,3128.6,19,1,3129.6,25,1,3129.8,216,3,3129.9,204,3,3130.0,261,4,3130.1,3,2
2031,2026-06-16 10:57:11+05:30,3129.6,1,3131.26,1206373,131492.0,201571.0,3163.0,3163.0,3108.0,3134.3,31881000,3447.7,2820.9,3839.9,2896.0,3129.0,121,5,3128.9,39,2,3128.8,20,3,3128.7,65,4,3128.6,19,1,3129.6,25,1,3129.8,216,3,3129.9,204,3,3130.0,261,4,3130.1,3,2
2031,2026-06-16 10:57:12+05:30,3129.6,1,3131.26,1206374,131478.0,202102.0,3163.0,3163.0,3108.0,3134.3,31881000,3447.7,2820.9,3839.9,2896.0,3129.0,121,5,3128.9,25,1,3128.8,20,3,3128.7,15,2,3128.6,19,1,3129.6,46,2,3129.8,216,3,3129.9,256,4,3130.0,261,4,3130.1,55,3
2031,2026-06-16 10:57:12+05:30,3129.0,5,3131.26,1206374,131478.0,202102.0,3163.0,3163.0,3108.0,3134.3,31881000,3447.7,2820.9,3839.9,2896.0,3129.0,121,5,3128.9,25,1,3128.8,20,3,3128.7,15,2,3128.6,19,1,3129.6,46,2,3129.8,216,3,3129.9,256,4,3130.0,261,4,3130.1,55,3
2031,2026-06-16 10:57:13+05:30,3129.0,5,3131.26,1206500,131064.0,201994.0,3163.0,3163.0,3108.0,3134.3,31881000,3447.7,2820.9,3839.9,2896.0,3128.9,25,1,3128.8,20,3,3128.7,15,2,3128.6,19,1,3128.5,1,1,3129.0,74,1,3129.6,98,3,3129.7,200,1,3129.8,249,4,3129.9,79,5
2031,2026-06-16 10:57:13+05:30,3129.0,26,3131.26,1206500,131064.0,201994.0,3163.0,3163.0,3108.0,3134.3,31881000,3447.7,2820.9,3839.9,2896.0,3128.9,25,1,3128.8,20,3,3128.7,15,2,3128.6,19,1,3128.5,1,1,3129.0,74,1,3129.6,98,3,3129.7,200,1,3129.8,249,4,3129.9,79,5
2031,2026-06-16 10:57:14+05:30,3129.0,26,3131.26,1206600,130787.0,201731.0,3163.0,3163.0,3108.0,3134.3,31881000,3447.7,2820.9,3839.9,2896.0,3128.9,25,2,3128.8,2,2,3128.7,15,2,3128.5,1,1,3128.3,87,6,3129.0,39,1,3129.6,38,2,3129.7,252,2,3129.8,249,4,3129.9,96,5
2031,2026-06-16 10:57:14+05:30,3129.0,10,3131.26,1206600,130787.0,201731.0,3163.0,3163.0,3108.0,3134.3,31881000,3447.7,2820.9,3839.9,2896.0,3128.9,25,2,3128.8,2,2,3128.7,15,2,3128.5,1,1,3128.3,87,6,3129.0,39,1,3129.6,38,2,3129.7,252,2,3129.8,249,4,3129.9,96,5
2031,2026-06-16 10:57:15+05:30,3129.0,10,3131.26,1206611,130810.0,201713.0,3163.0,3163.0,3108.0,3134.3,31881000,3447.7,2820.9,3839.9,2896.0,3128.9,26,3,3128.8,2,2,3128.7,15,2,3128.5,1,1,3128.4,18,1,3129.0,1,1,3129.6,38,2,3129.7,252,2,3129.8,249,4,3129.9,96,5
2031,2026-06-16 10:57:15+05:30,3129.0,1,3131.26,1206611,130810.0,201713.0,3163.0,3163.0,3108.0,3134.3,31881000,3447.7,2820.9,3839.9,2896.0,3128.9,26,3,3128.8,2,2,3128.7,15,2,3128.5,1,1,3128.4,18,1,3129.0,1,1,3129.6,38,2,3129.7,252,2,3129.8,249,4,3129.9,96,5
2031,2026-06-16 10:57:16+05:30,3129.0,1,3131.26,1206613,130229.0,202237.0,3163.0,3163.0,3108.0,3134.3,31881000,3447.7,2820.9,3839.9,2896.0,3129.0,2,2,3128.9,26,3,3128.8,2,2,3128.7,15,2,3128.5,1,1,3129.6,52,3,3129.7,349,5,3129.8,235,4,3129.9,84,4,3130.0,336,7
2031,2026-06-16 10:57:17+05:30,3129.2,1,3131.26,1206615,129754.0,203151.0,3163.0,3163.0,3108.0,3134.3,31881000,3447.7,2820.9,3839.9,2896.0,3129.0,2,2,3128.9,26,3,3128.8,2,2,3128.7,15,2,3128.5,1,1,3129.2,86,5,3129.4,407,9,3129.5,200,1,3129.6,111,5,3129.7,74,2
2031,2026-06-16 10:57:17+05:30,3127.8,8,3131.26,1206615,129754.0,203151.0,3163.0,3163.0,3108.0,3134.3,31881000,3447.7,2820.9,3839.9,2896.0,3129.0,2,2,3128.9,26,3,3128.8,2,2,3128.7,15,2,3128.5,1,1,3129.2,86,5,3129.4,407,9,3129.5,200,1,3129.6,111,5,3129.7,74,2
2031,2026-06-16 10:57:18+05:30,3128.6,13,3131.26,1207339,128435.0,204640.0,3163.0,3163.0,3108.0,3134.3,31881000,3447.7,2820.9,3839.9,2896.0,3127.8,7,1,3127.7,31,2,3127.4,13,1,3127.3,182,2,3127.1,25,2,3128.6,174,1,3128.7,314,5,3128.8,263,6,3128.9,169,4,3129.0,173,11
2031,2026-06-16 10:57:18+05:30,3128.6,13,3131.26,1207339,128435.0,204640.0,3163.0,3163.0,3108.0,3134.3,31881000,3447.7,2820.9,3839.9,2896.0,3127.8,7,1,3127.7,31,2,3127.4,13,1,3127.3,182,2,3127.1,25,2,3128.6,174,1,3128.7,314,5,3128.8,263,6,3128.9,169,4,3129.0,173,11
2031,2026-06-16 10:57:19+05:30,3128.6,2,3131.26,1207341,128479.0,204599.0,3163.0,3163.0,3108.0,3134.3,31881000,3447.7,2820.9,3839.9,2896.0,3127.8,7,1,3127.7,31,2,3127.4,13,1,3127.3,182,2,3127.2,30,1,3128.6,172,1,3128.7,314,5,3128.8,263,6,3128.9,169,4,3129.0,173,11
2031,2026-06-16 10:57:19+05:30,3128.6,2,3131.26,1207341,128479.0,204599.0,3163.0,3163.0,3108.0,3134.3,31881000,3447.7,2820.9,3839.9,2896.0,3127.8,7,1,3127.7,31,2,3127.4,13,1,3127.3,182,2,3127.2,30,1,3128.6,172,1,3128.7,314,5,3128.8,263,6,3128.9,169,4,3129.0,173,11
2031,2026-06-16 10:57:20+05:30,3128.6,2,3131.26,1207341,128173.0,204251.0,3163.0,3163.0,3108.0,3134.3,31881000,3447.7,2820.9,3839.9,2896.0,3127.8,7,1,3127.7,31,2,3127.4,13,1,3127.3,182,2,3127.1,25,2,3128.4,172,1,3128.5,31,1,3128.6,71,3,3128.7,513,6,3128.8,139,4
2031,2026-06-16 10:57:21+05:30,3128.6,2,3131.26,1207341,128168.0,202678.0,3163.0,3163.0,3108.0,3134.3,31881000,3447.7,2820.9,3839.9,2896.0,3127.8,7,1,3127.7,31,2,3127.4,13,1,3127.3,182,2,3127.1,25,2,3128.4,186,2,3128.5,31,1,3128.6,71,3,3128.7,513,6,3128.8,139,4
2031,2026-06-16 10:57:22+05:30,3128.2,1,3131.26,1207542,128346.0,203595.0,3163.0,3163.0,3108.0,3134.3,31881000,3447.7,2820.9,3839.9,2896.0,3127.8,14,1,3127.4,200,2,3127.3,200,3,3127.2,24,2,3127.1,23,2,3128.2,171,1,3128.3,12,1,3128.4,14,1,3128.6,71,3,3128.8,73,4
2031,2026-06-16 10:57:22+05:30,3128.2,1,3131.26,1207542,128346.0,203595.0,3163.0,3163.0,3108.0,3134.3,31881000,3447.7,2820.9,3839.9,2896.0,3127.8,14,1,3127.4,200,2,3127.3,200,3,3127.2,24,2,3127.1,23,2,3128.2,171,1,3128.3,12,1,3128.4,14,1,3128.6,71,3,3128.8,73,4
2031,2026-06-16 10:57:23+05:30,3127.4,3,3131.26,1207716,128333.0,203874.0,3163.0,3163.0,3108.0,3134.3,31881000,3447.7,2820.9,3839.9,2896.0,3127.3,217,4,3127.1,14,2,3127.0,117,8,3126.9,12,1,3126.8,74,4,3127.8,200,1,3128.4,14,1,3128.6,87,3,3128.8,265,5,3128.9,157,3
2031,2026-06-16 10:57:23+05:30,3127.8,1,3131.26,1207716,128333.0,203874.0,3163.0,3163.0,3108.0,3134.3,31881000,3447.7,2820.9,3839.9,2896.0,3127.3,217,4,3127.1,14,2,3127.0,117,8,3126.9,12,1,3126.8,74,4,3127.8,200,1,3128.4,14,1,3128.6,87,3,3128.8,265,5,3128.9,157,3
2031,2026-06-16 10:57:24+05:30,3127.8,1,3131.26,1207759,128253.0,203915.0,3163.0,3163.0,3108.0,3134.3,31881000,3447.7,2820.9,3839.9,2896.0,3127.3,163,3,3127.2,18,1,3127.1,3,1,3127.0,33,4,3126.9,46,2,3127.8,225,2,3128.4,66,2,3128.6,118,4,3128.7,200,1,3128.8,167,5
2031,2026-06-16 10:57:25+05:30,3127.8,1,3131.26,1207759,128375.0,204025.0,3163.0,3163.0,3108.0,3134.3,31881000,3447.7,2820.9,3839.9,2896.0,3127.3,218,5,3127.2,10,1,3127.1,14,2,3127.0,38,4,3126.9,46,2,3127.8,225,2,3128.4,66,2,3128.6,118,4,3128.8,175,5,3128.9,255,3
2031,2026-06-16 10:57:25+05:30,3127.8,23,3131.26,1207759,128375.0,204025.0,3163.0,3163.0,3108.0,3134.3,31881000,3447.7,2820.9,3839.9,2896.0,3127.3,218,5,3127.2,10,1,3127.1,14,2,3127.0,38,4,3126.9,46,2,3127.8,225,2,3128.4,66,2,3128.6,118,4,3128.8,175,5,3128.9,255,3
2031,2026-06-16 10:57:26+05:30,3127.3,80,3131.26,1207862,128303.0,204007.0,3163.0,3163.0,3108.0,3134.3,31881000,3447.7,2820.9,3839.9,2896.0,3127.3,138,5,3127.2,10,1,3127.1,14,2,3127.0,38,4,3126.9,46,2,3127.8,202,2,3128.4,66,2,3128.6,118,4,3128.8,175,5,3128.9,255,3
2031,2026-06-16 10:57:26+05:30,3127.3,80,3131.26,1207862,128303.0,204007.0,3163.0,3163.0,3108.0,3134.3,31881000,3447.7,2820.9,3839.9,2896.0,3127.3,138,5,3127.2,10,1,3127.1,14,2,3127.0,38,4,3126.9,46,2,3127.8,202,2,3128.4,66,2,3128.6,118,4,3128.8,175,5,3128.9,255,3
2031,2026-06-16 10:57:27+05:30,3127.8,1,3131.26,1207863,128311.0,203937.0,3163.0,3163.0,3108.0,3134.3,31881000,3447.7,2820.9,3839.9,2896.0,3127.4,23,1,3127.3,115,4,3127.1,21,2,3127.0,71,6,3126.9,14,1,3127.8,201,2,3128.4,66,2,3128.6,118,4,3128.8,154,4,3128.9,255,3
2031,2026-06-16 10:57:27+05:30,3127.8,1,3131.26,1207863,128311.0,203937.0,3163.0,3163.0,3108.0,3134.3,31881000,3447.7,2820.9,3839.9,2896.0,3127.4,23,1,3127.3,115,4,3127.1,21,2,3127.0,71,6,3126.9,14,1,3127.8,201,2,3128.4,66,2,3128.6,118,4,3128.8,154,4,3128.9,255,3
2031,2026-06-16 10:57:28+05:30,3127.4,108,3131.25,1208038,128366.0,201505.0,3163.0,3163.0,3108.0,3134.3,31881000,3447.7,2820.9,3839.9,2896.0,3127.4,23,1,3127.3,139,5,3127.1,3,1,3127.0,87,6,3126.9,99,3,3127.8,26,1,3128.4,14,1,3128.6,87,3,3128.7,128,1,3128.8,235,4
2031,2026-06-16 10:57:28+05:30,3127.4,108,3131.25,1208038,128366.0,201505.0,3163.0,3163.0,3108.0,3134.3,31881000,3447.7,2820.9,3839.9,2896.0,3127.4,23,1,3127.3,139,5,3127.1,3,1,3127.0,87,6,3126.9,99,3,3127.8,26,1,3128.4,14,1,3128.6,87,3,3128.7,128,1,3128.8,235,4
2031,2026-06-16 10:57:29+05:30,3127.4,108,3131.25,1208038,128358.0,201842.0,3163.0,3163.0,3108.0,3134.3,31881000,3447.7,2820.9,3839.9,2896.0,3127.4,23,1,3127.3,121,4,3127.1,21,2,3127.0,39,4,3126.9,108,3,3127.8,65,2,3128.4,14,1,3128.5,63,1,3128.6,87,3,3128.7,196,3
2031,2026-06-16 10:57:30+05:30,3127.8,1,3131.25,1208039,128286.0,203826.0,3163.0,3163.0,3108.0,3134.3,31881000,3447.7,2820.9,3839.9,2896.0,3127.4,24,2,3127.3,103,3,3127.1,3,1,3127.0,44,3,3126.8,94,5,3127.8,65,3,3128.4,34,2,3128.5,116,1,3128.6,339,6,3128.7,163,3
2031,2026-06-16 10:57:30+05:30,3127.8,1,3131.25,1208039,128286.0,203826.0,3163.0,3163.0,3108.0,3134.3,31881000,3447.7,2820.9,3839.9,2896.0,3127.4,24,2,3127.3,103,3,3127.1,3,1,3127.0,44,3,3126.8,94,5,3127.8,65,3,3128.4,34,2,3128.5,116,1,3128.6,339,6,3128.7,163,3
2031,2026-06-16 10:57:31+05:30,3127.8,1,3131.25,1208039,128375.0,203720.0,3163.0,3163.0,3108.0,3134.3,31881000,3447.7,2820.9,3839.9,2896.0,3127.6,2,2,3127.4,24,2,3127.3,103,3,3127.1,21,2,3127.0,44,3,3127.8,65,3,3128.4,14,1,3128.5,116,1,3128.6,375,7,3128.7,163,3
2031,2026-06-16 10:57:32+05:30,3127.8,1,3131.25,1208039,128374.0,203791.0,3163.0,3163.0,3108.0,3134.3,31881000,3447.7,2820.9,3839.9,2896.0,3127.6,2,2,3127.4,24,2,3127.3,132,5,3127.1,3,1,3127.0,44,3,3127.8,113,6,3128.4,66,2,3128.5,152,2,3128.6,323,5,3128.7,163,3
2031,2026-06-16 10:57:32+05:30,3127.4,21,3131.25,1208039,128374.0,203791.0,3163.0,3163.0,3108.0,3134.3,31881000,3447.7,2820.9,3839.9,2896.0,3127.6,2,2,3127.4,24,2,3127.3,132,5,3127.1,3,1,3127.0,44,3,3127.8,113,6,3128.4,66,2,3128.5,152,2,3128.6,323,5,3128.7,163,3
2031,2026-06-16 10:57:33+05:30,3127.8,1,3131.25,1208065,128328.0,203784.0,3163.0,3163.0,3108.0,3134.3,31881000,3447.7,2820.9,3839.9,2896.0,3127.6,21,1,3127.4,3,2,3127.3,109,4,3127.1,3,1,3127.0,26,2,3127.8,154,8,3128.2,36,1,3128.4,121,4,3128.5,153,2,3128.6,310,5
2031,2026-06-16 10:57:33+05:30,3127.6,11,3131.25,1208065,128328.0,203784.0,3163.0,3163.0,3108.0,3134.3,31881000,3447.7,2820.9,3839.9,2896.0,3127.6,21,1,3127.4,3,2,3127.3,109,4,3127.1,3,1,3127.0,26,2,3127.8,154,8,3128.2,36,1,3128.4,121,4,3128.5,153,2,3128.6,310,5
2031,2026-06-16 10:57:33+05:30,3127.6,11,3131.25,1208065,128328.0,203784.0,3163.0,3163.0,3108.0,3134.3,31881000,3447.7,2820.9,3839.9,2896.0,3127.6,21,1,3127.4,3,2,3127.3,109,4,3127.1,3,1,3127.0,26,2,3127.8,154,8,3128.2,36,1,3128.4,121,4,3128.5,153,2,3128.6,310,5
2031,2026-06-16 10:57:34+05:30,3127.8,2,3131.25,1208129,128314.0,203789.0,3163.0,3163.0,3108.0,3134.3,31881000,3447.7,2820.9,3839.9,2896.0,3127.6,10,1,3127.4,3,2,3127.3,109,4,3127.1,3,1,3127.0,26,2,3127.8,151,8,3128.2,36,1,3128.3,19,1,3128.4,102,3,3128.5,182,3
2031,2026-06-16 10:57:34+05:30,3127.8,1,3131.25,1208129,128314.0,203789.0,3163.0,3163.0,3108.0,3134.3,31881000,3447.7,2820.9,3839.9,2896.0,3127.6,10,1,3127.4,3,2,3127.3,109,4,3127.1,3,1,3127.0,26,2,3127.8,151,8,3128.2,36,1,3128.3,19,1,3128.4,102,3,3128.5,182,3
2031,2026-06-16 10:57:35+05:30,3127.1,16,3131.25,1209499,126262.0,206708.0,3163.0,3163.0,3108.0,3134.3,31881000,3447.7,2820.9,3839.9,2896.0,3125.9,80,4,3125.8,48,5,3125.7,22,1,3125.6,51,4,3125.5,255,4,3127.2,20,1,3127.3,123,1,3127.4,400,2,3127.5,19,2,3127.6,230,3
2031,2026-06-16 10:57:35+05:30,3127.4,200,3131.25,1209499,126262.0,206708.0,3163.0,3163.0,3108.0,3134.3,31881000,3447.7,2820.9,3839.9,2896.0,3125.9,80,4,3125.8,48,5,3125.7,22,1,3125.6,51,4,3125.5,255,4,3127.2,20,1,3127.3,123,1,3127.4,400,2,3127.5,19,2,3127.6,230,3
2031,2026-06-16 10:57:35+05:30,3127.4,200,3131.25,1209499,126262.0,206708.0,3163.0,3163.0,3108.0,3134.3,31881000,3447.7,2820.9,3839.9,2896.0,3125.9,80,4,3125.8,48,5,3125.7,22,1,3125.6,51,4,3125.5,255,4,3127.2,20,1,3127.3,123,1,3127.4,400,2,3127.5,19,2,3127.6,230,3
2031,2026-06-16 10:57:36+05:30,3127.4,200,3131.25,1209719,127975.0,205964.0,3163.0,3163.0,3108.0,3134.3,31881000,3447.7,2820.9,3839.9,2896.0,3126.7,13,1,3126.6,36,3,3126.5,13,1,3126.4,101,7,3126.3,37,2,3127.6,200,1,3127.8,100,7,3127.9,437,5,3128.0,102,1,3128.1,57,2
2031,2026-06-16 10:57:36+05:30,3126.4,97,3131.25,1209719,127975.0,205964.0,3163.0,3163.0,3108.0,3134.3,31881000,3447.7,2820.9,3839.9,2896.0,3126.7,13,1,3126.6,36,3,3126.5,13,1,3126.4,101,7,3126.3,37,2,3127.6,200,1,3127.8,100,7,3127.9,437,5,3128.0,102,1,3128.1,57,2
2031,2026-06-16 10:57:37+05:30,3127.6,1,3131.25,1209920,127967.0,206332.0,3163.0,3163.0,3108.0,3134.3,31881000,3447.7,2820.9,3839.9,2896.0,3126.7,43,1,3126.5,31,2,3126.3,20,1,3126.2,20,1,3126.1,25,2,3127.6,278,4,3127.7,115,1,3127.8,299,7,3127.9,112,3,3128.0,64,3
2031,2026-06-16 10:57:37+05:30,3127.6,1,3131.25,1209920,127967.0,206332.0,3163.0,3163.0,3108.0,3134.3,31881000,3447.7,2820.9,3839.9,2896.0,3126.7,43,1,3126.5,31,2,3126.3,20,1,3126.2,20,1,3126.1,25,2,3127.6,278,4,3127.7,115,1,3127.8,299,7,3127.9,112,3,3128.0,64,3
2031,2026-06-16 10:57:37+05:30,3127.6,1,3131.25,1209920,127967.0,206332.0,3163.0,3163.0,3108.0,3134.3,31881000,3447.7,2820.9,3839.9,2896.0,3126.7,43,1,3126.5,31,2,3126.3,20,1,3126.2,20,1,3126.1,25,2,3127.6,278,4,3127.7,115,1,3127.8,299,7,3127.9,112,3,3128.0,64,3
2031,2026-06-16 10:57:38+05:30,3126.7,15,3131.25,1210236,128093.0,204802.0,3163.0,3163.0,3108.0,3134.3,31881000,3447.7,2820.9,3839.9,2896.0,3126.7,46,2,3126.6,28,2,3126.5,39,3,3126.4,28,2,3126.3,73,4,3127.8,98,5,3128.1,162,2,3128.2,211,2,3128.3,120,2,3128.4,86,3
2031,2026-06-16 10:57:38+05:30,3126.7,15,3131.25,1210236,128093.0,204802.0,3163.0,3163.0,3108.0,3134.3,31881000,3447.7,2820.9,3839.9,2896.0,3126.7,46,2,3126.6,28,2,3126.5,39,3,3126.4,28,2,3126.3,73,4,3127.8,98,5,3128.1,162,2,3128.2,211,2,3128.3,120,2,3128.4,86,3
2031,2026-06-16 10:57:39+05:30,3126.7,2,3131.25,1210238,128168.0,204996.0,3163.0,3163.0,3108.0,3134.3,31881000,3447.7,2820.9,3839.9,2896.0,3126.7,44,2,3126.5,22,2,3126.4,13,1,3126.3,94,5,3126.1,118,4,3127.8,138,6,3128.0,303,4,3128.1,177,3,3128.2,11,1,3128.3,18,1
2031,2026-06-16 10:57:39+05:30,3126.7,2,3131.25,1210238,128168.0,204996.0,3163.0,3163.0,3108.0,3134.3,31881000,3447.7,2820.9,3839.9,2896.0,3126.7,44,2,3126.5,22,2,3126.4,13,1,3126.3,94,5,3126.1,118,4,3127.8,138,6,3128.0,303,4,3128.1,177,3,3128.2,11,1,3128.3,18,1
2031,2026-06-16 10:57:39+05:30,3126.7,2,3131.25,1210238,128168.0,204996.0,3163.0,3163.0,3108.0,3134.3,31881000,3447.7,2820.9,3839.9,2896.0,3126.7,44,2,3126.5,22,2,3126.4,13,1,3126.3,94,5,3126.1,118,4,3127.8,138,6,3128.0,303,4,3128.1,177,3,3128.2,11,1,3128.3,18,1
2031,2026-06-16 10:57:40+05:30,3126.7,2,3131.25,1210238,127901.0,205121.0,3163.0,3163.0,3108.0,3134.3,31881000,3447.7,2820.9,3839.9,2896.0,3126.7,26,1,3126.4,23,1,3126.3,38,2,3126.2,24,1,3126.1,20,1,3127.7,342,4,3127.8,269,8,3127.9,60,2,3128.0,103,4,3128.1,46,1
2031,2026-06-16 10:57:41+05:30,3126.7,2,3131.25,1210238,127901.0,205121.0,3163.0,3163.0,3108.0,3134.3,31881000,3447.7,2820.9,3839.9,2896.0,3126.7,26,1,3126.4,23,1,3126.3,38,2,3126.2,24,1,3126.1,20,1,3127.7,342,4,3127.8,269,8,3127.9,60,2,3128.0,103,4,3128.1,46,1
2031,2026-06-16 10:57:41+05:30,3126.7,2,3131.25,1210238,127963.0,205777.0,3163.0,3163.0,3108.0,3134.3,31881000,3447.7,2820.9,3839.9,2896.0,3126.7,26,1,3126.6,24,1,3126.3,38,2,3126.2,24,1,3126.1,20,1,3127.6,51,2,3127.7,330,3,3127.8,240,7,3127.9,60,2,3128.0,103,4
2031,2026-06-16 10:57:42+05:30,3126.7,2,3131.25,1210238,127996.0,205878.0,3163.0,3163.0,3108.0,3134.3,31881000,3447.7,2820.9,3839.9,2896.0,3126.7,26,1,3126.6,24,1,3126.3,38,2,3126.2,52,2,3126.1,25,2,3127.6,110,6,3127.7,200,1,3127.8,192,4,3127.9,60,2,3128.0,103,4
2031,2026-06-16 10:57:42+05:30,3126.7,15,3131.25,1210238,127996.0,205878.0,3163.0,3163.0,3108.0,3134.3,31881000,3447.7,2820.9,3839.9,2896.0,3126.7,26,1,3126.6,24,1,3126.3,38,2,3126.2,52,2,3126.1,25,2,3127.6,110,6,3127.7,200,1,3127.8,192,4,3127.9,60,2,3128.0,103,4
2031,2026-06-16 10:57:42+05:30,3126.7,15,3131.25,1210238,127996.0,205878.0,3163.0,3163.0,3108.0,3134.3,31881000,3447.7,2820.9,3839.9,2896.0,3126.7,26,1,3126.6,24,1,3126.3,38,2,3126.2,52,2,3126.1,25,2,3127.6,110,6,3127.7,200,1,3127.8,192,4,3127.9,60,2,3128.0,103,4
2031,2026-06-16 10:57:43+05:30,3127.5,1,3131.25,1210255,127959.0,205917.0,3163.0,3163.0,3108.0,3134.3,31881000,3447.7,2820.9,3839.9,2896.0,3126.7,11,1,3126.6,24,1,3126.3,20,1,3126.2,24,1,3126.1,20,1,3127.5,36,2,3127.6,109,6,3127.7,280,4,3127.8,227,5,3127.9,97,3
2031,2026-06-16 10:57:43+05:30,3126.6,39,3131.25,1210255,127959.0,205917.0,3163.0,3163.0,3108.0,3134.3,31881000,3447.7,2820.9,3839.9,2896.0,3126.7,11,1,3126.6,24,1,3126.3,20,1,3126.2,24,1,3126.1,20,1,3127.5,36,2,3127.6,109,6,3127.7,280,4,3127.8,227,5,3127.9,97,3
2031,2026-06-16 10:57:44+05:30,3126.6,39,3131.25,1210255,127959.0,205917.0,3163.0,3163.0,3108.0,3134.3,31881000,3447.7,2820.9,3839.9,2896.0,3126.7,11,1,3126.6,24,1,3126.3,20,1,3126.2,24,1,3126.1,20,1,3127.5,36,2,3127.6,109,6,3127.7,280,4,3127.8,227,5,3127.9,97,3
2031,2026-06-16 10:57:44+05:30,3127.2,119,3131.25,1210501,127208.0,205697.0,3163.0,3163.0,3108.0,3134.3,31881000,3447.7,2820.9,3839.9,2896.0,3126.2,2,1,3126.1,104,5,3126.0,43,3,3125.9,21,1,3125.8,18,1,3127.3,18,1,3127.4,30,1,3127.5,216,2,3127.6,187,6,3127.8,108,4
2031,2026-06-16 10:57:44+05:30,3127.2,119,3131.25,1210501,127208.0,205697.0,3163.0,3163.0,3108.0,3134.3,31881000,3447.7,2820.9,3839.9,2896.0,3126.2,2,1,3126.1,104,5,3126.0,43,3,3125.9,21,1,3125.8,18,1,3127.3,18,1,3127.4,30,1,3127.5,216,2,3127.6,187,6,3127.8,108,4
2031,2026-06-16 10:57:45+05:30,3127.2,119,3131.25,1210501,127208.0,205697.0,3163.0,3163.0,3108.0,3134.3,31881000,3447.7,2820.9,3839.9,2896.0,3126.2,2,1,3126.1,104,5,3126.0,43,3,3125.9,21,1,3125.8,18,1,3127.3,18,1,3127.4,30,1,3127.5,216,2,3127.6,187,6,3127.8,108,4
2031,2026-06-16 10:57:45+05:30,3127.3,82,3131.25,1210601,127829.0,205458.0,3163.0,3163.0,3108.0,3134.3,31881000,3447.7,2820.9,3839.9,2896.0,3126.8,8,3,3126.3,29,4,3126.2,55,4,3126.1,92,3,3126.0,237,5,3127.3,128,2,3127.5,52,1,3127.6,59,4,3127.8,249,3,3127.9,4,1
2031,2026-06-16 10:57:45+05:30,3127.3,82,3131.25,1210601,127829.0,205458.0,3163.0,3163.0,3108.0,3134.3,31881000,3447.7,2820.9,3839.9,2896.0,3126.8,8,3,3126.3,29,4,3126.2,55,4,3126.1,92,3,3126.0,237,5,3127.3,128,2,3127.5,52,1,3127.6,59,4,3127.8,249,3,3127.9,4,1
2031,2026-06-16 10:57:45+05:30,3127.3,23,3131.25,1210601,127829.0,205458.0,3163.0,3163.0,3108.0,3134.3,31881000,3447.7,2820.9,3839.9,2896.0,3126.8,8,3,3126.3,29,4,3126.2,55,4,3126.1,92,3,3126.0,237,5,3127.3,128,2,3127.5,52,1,3127.6,59,4,3127.8,249,3,3127.9,4,1
2031,2026-06-16 10:57:46+05:30,3127.3,23,3131.25,1210601,127829.0,205458.0,3163.0,3163.0,3108.0,3134.3,31881000,3447.7,2820.9,3839.9,2896.0,3126.8,8,3,3126.3,29,4,3126.2,55,4,3126.1,92,3,3126.0,237,5,3127.3,128,2,3127.5,52,1,3127.6,59,4,3127.8,249,3,3127.9,4,1
2031,2026-06-16 10:57:46+05:30,3127.3,23,3131.25,1210624,127935.0,205430.0,3163.0,3163.0,3108.0,3134.3,31881000,3447.7,2820.9,3839.9,2896.0,3126.8,8,3,3126.4,37,2,3126.3,56,5,3126.2,87,5,3126.1,208,2,3127.3,105,2,3127.6,89,5,3127.8,249,3,3127.9,106,2,3128.0,109,3
2031,2026-06-16 10:57:46+05:30,3127.3,23,3131.25,1210624,127935.0,205430.0,3163.0,3163.0,3108.0,3134.3,31881000,3447.7,2820.9,3839.9,2896.0,3126.8,8,3,3126.4,37,2,3126.3,56,5,3126.2,87,5,3126.1,208,2,3127.3,105,2,3127.6,89,5,3127.8,249,3,3127.9,106,2,3128.0,109,3
2031,2026-06-16 10:57:47+05:30,3127.3,23,3131.25,1210624,127935.0,205430.0,3163.0,3163.0,3108.0,3134.3,31881000,3447.7,2820.9,3839.9,2896.0,3126.8,8,3,3126.4,37,2,3126.3,56,5,3126.2,87,5,3126.1,208,2,3127.3,105,2,3127.6,89,5,3127.8,249,3,3127.9,106,2,3128.0,109,3
2031,2026-06-16 10:57:47+05:30,3127.3,23,3131.25,1210624,127921.0,205152.0,3163.0,3163.0,3108.0,3134.3,31881000,3447.7,2820.9,3839.9,2896.0,3126.8,8,3,3126.7,10,1,3126.6,41,2,3126.5,13,1,3126.4,36,3,3127.3,105,2,3127.6,59,4,3127.8,57,2,3127.9,200,1,3128.0,50,1
2031,2026-06-16 10:57:48+05:30,3127.3,23,3131.25,1210624,127921.0,205152.0,3163.0,3163.0,3108.0,3134.3,31881000,3447.7,2820.9,3839.9,2896.0,3126.8,8,3,3126.7,10,1,3126.6,41,2,3126.5,13,1,3126.4,36,3,3127.3,105,2,3127.6,59,4,3127.8,57,2,3127.9,200,1,3128.0,50,1
2031,2026-06-16 10:57:48+05:30,3127.1,1,3131.25,1210626,127867.0,205253.0,3163.0,3163.0,3108.0,3134.3,31881000,3447.7,2820.9,3839.9,2896.0,3126.8,67,5,3126.6,44,3,3126.4,34,2,3126.3,38,4,3126.2,102,5,3127.1,1,1,3127.3,136,5,3127.6,59,4,3127.8,57,2,3128.0,50,1
2031,2026-06-16 10:57:48+05:30,3127.1,1,3131.25,1210626,127867.0,205253.0,3163.0,3163.0,3108.0,3134.3,31881000,3447.7,2820.9,3839.9,2896.0,3126.8,67,5,3126.6,44,3,3126.4,34,2,3126.3,38,4,3126.2,102,5,3127.1,1,1,3127.3,136,5,3127.6,59,4,3127.8,57,2,3128.0,50,1
2031,2026-06-16 10:57:48+05:30,3127.1,1,3131.25,1210626,127867.0,205253.0,3163.0,3163.0,3108.0,3134.3,31881000,3447.7,2820.9,3839.9,2896.0,3126.8,67,5,3126.6,44,3,3126.4,34,2,3126.3,38,4,3126.2,102,5,3127.1,1,1,3127.3,136,5,3127.6,59,4,3127.8,57,2,3128.0,50,1
2031,2026-06-16 10:57:49+05:30,3127.1,1,3131.25,1210627,127869.0,205314.0,3163.0,3163.0,3108.0,3134.3,31881000,3447.7,2820.9,3839.9,2896.0,3127.2,1,1,3127.1,21,1,3126.8,56,4,3126.6,11,1,3126.4,34,2,3127.3,136,5,3127.6,59,4,3127.8,57,2,3128.0,50,1,3128.1,257,3
2031,2026-06-16 10:57:49+05:30,3127.1,1,3131.25,1210627,127869.0,205314.0,3163.0,3163.0,3108.0,3134.3,31881000,3447.7,2820.9,3839.9,2896.0,3127.2,1,1,3127.1,21,1,3126.8,56,4,3126.6,11,1,3126.4,34,2,3127.3,136,5,3127.6,59,4,3127.8,57,2,3128.0,50,1,3128.1,257,3
2031,2026-06-16 10:57:50+05:30,3127.1,1,3131.25,1210627,127869.0,205314.0,3163.0,3163.0,3108.0,3134.3,31881000,3447.7,2820.9,3839.9,2896.0,3127.2,1,1,3127.1,21,1,3126.8,56,4,3126.6,11,1,3126.4,34,2,3127.3,136,5,3127.6,59,4,3127.8,57,2,3128.0,50,1,3128.1,257,3
2031,2026-06-16 10:57:50+05:30,3127.3,1,3131.25,1210628,127813.0,205361.0,3163.0,3163.0,3108.0,3134.3,31881000,3447.7,2820.9,3839.9,2896.0,3127.2,3,3,3126.8,44,1,3126.6,11,1,3126.5,18,1,3126.4,34,2,3127.3,160,6,3127.6,59,4,3127.8,57,2,3127.9,211,2,3128.0,152,2
2031,2026-06-16 10:57:50+05:30,3127.3,16,3131.25,1210628,127813.0,205361.0,3163.0,3163.0,3108.0,3134.3,31881000,3447.7,2820.9,3839.9,2896.0,3127.2,3,3,3126.8,44,1,3126.6,11,1,3126.5,18,1,3126.4,34,2,3127.3,160,6,3127.6,59,4,3127.8,57,2,3127.9,211,2,3128.0,152,2
2031,2026-06-16 10:57:51+05:30,3127.3,16,3131.25,1210628,127813.0,205361.0,3163.0,3163.0,3108.0,3134.3,31881000,3447.7,2820.9,3839.9,2896.0,3127.2,3,3,3126.8,44,1,3126.6,11,1,3126.5,18,1,3126.4,34,2,3127.3,160,6,3127.6,59,4,3127.8,57,2,3127.9,211,2,3128.0,152,2
2031,2026-06-16 10:57:51+05:30,3127.3,29,3131.24,1210892,128622.0,206085.0,3163.0,3163.0,3108.0,3134.3,31881000,3447.7,2820.9,3839.9,2896.0,3127.2,46,4,3126.8,44,1,3126.7,18,1,3126.6,11,1,3126.5,16,1,3127.4,200,1,3127.5,102,1,3127.6,59,4,3127.8,9,1,3128.0,61,2
2031,2026-06-16 10:57:51+05:30,3127.4,1,3131.24,1210892,128622.0,206085.0,3163.0,3163.0,3108.0,3134.3,31881000,3447.7,2820.9,3839.9,2896.0,3127.2,46,4,3126.8,44,1,3126.7,18,1,3126.6,11,1,3126.5,16,1,3127.4,200,1,3127.5,102,1,3127.6,59,4,3127.8,9,1,3128.0,61,2
2031,2026-06-16 10:57:52+05:30,3127.4,1,3131.24,1210892,128622.0,206085.0,3163.0,3163.0,3108.0,3134.3,31876800,3447.7,2820.9,3839.9,2896.0,3127.2,46,4,3126.8,44,1,3126.7,18,1,3126.6,11,1,3126.5,16,1,3127.4,200,1,3127.5,102,1,3127.6,59,4,3127.8,9,1,3128.0,61,2
2031,2026-06-16 10:57:52+05:30,3127.4,10,3131.24,1210903,128663.0,206078.0,3163.0,3163.0,3108.0,3134.3,31876800,3447.7,2820.9,3839.9,2896.0,3127.2,45,3,3127.1,1,1,3126.9,18,1,3126.8,44,1,3126.6,51,3,3127.4,189,1,3127.5,102,1,3127.6,59,4,3127.8,9,1,3128.0,113,3
2031,2026-06-16 10:57:52+05:30,3127.4,10,3131.24,1210903,128663.0,206078.0,3163.0,3163.0,3108.0,3134.3,31876800,3447.7,2820.9,3839.9,2896.0,3127.2,45,3,3127.1,1,1,3126.9,18,1,3126.8,44,1,3126.6,51,3,3127.4,189,1,3127.5,102,1,3127.6,59,4,3127.8,9,1,3128.0,113,3
2031,2026-06-16 10:57:53+05:30,3127.4,10,3131.24,1210903,128688.0,206057.0,3163.0,3163.0,3108.0,3134.3,31876800,3447.7,2820.9,3839.9,2896.0,3127.3,2,1,3127.2,45,3,3127.1,43,3,3126.8,44,1,3126.6,26,2,3127.4,189,1,3127.5,102,1,3127.6,59,4,3127.8,9,1,3128.0,102,2
2031,2026-06-16 10:57:53+05:30,3127.4,1,3131.24,1210903,128688.0,206057.0,3163.0,3163.0,3108.0,3134.3,31876800,3447.7,2820.9,3839.9,2896.0,3127.3,2,1,3127.2,45,3,3127.1,43,3,3126.8,44,1,3126.6,26,2,3127.4,189,1,3127.5,102,1,3127.6,59,4,3127.8,9,1,3128.0,102,2
2031,2026-06-16 10:57:54+05:30,3127.4,2,3131.24,1210907,128715.0,206161.0,3163.0,3163.0,3108.0,3134.3,31876800,3447.7,2820.9,3839.9,2896.0,3127.3,2,1,3127.2,45,3,3127.1,42,2,3126.8,44,1,3126.6,26,2,3127.4,185,1,3127.5,102,1,3127.6,59,4,3127.8,9,1,3128.0,102,2
2031,2026-06-16 10:57:54+05:30,3127.4,2,3131.24,1210907,128715.0,206161.0,3163.0,3163.0,3108.0,3134.3,31876800,3447.7,2820.9,3839.9,2896.0,3127.3,2,1,3127.2,45,3,3127.1,42,2,3126.8,44,1,3126.6,26,2,3127.4,185,1,3127.5,102,1,3127.6,59,4,3127.8,9,1,3128.0,102,2
2031,2026-06-16 10:57:55+05:30,3127.4,9,3131.24,1210916,128642.0,206315.0,3163.0,3163.0,3108.0,3134.3,31876800,3447.7,2820.9,3839.9,2896.0,3127.3,4,3,3127.2,43,1,3127.1,24,1,3126.8,44,1,3126.4,34,2,3127.4,249,6,3127.5,102,1,3127.8,28,2,3127.9,18,1,3128.0,121,3
2031,2026-06-16 10:57:55+05:30,3127.4,11,3131.24,1210916,128642.0,206315.0,3163.0,3163.0,3108.0,3134.3,31876800,3447.7,2820.9,3839.9,2896.0,3127.3,4,3,3127.2,43,1,3127.1,24,1,3126.8,44,1,3126.4,34,2,3127.4,249,6,3127.5,102,1,3127.8,28,2,3127.9,18,1,3128.0,121,3
2031,2026-06-16 10:57:56+05:30,3127.8,1,3131.24,1211581,128825.0,203956.0,3163.0,3163.0,3108.0,3134.3,31876800,3447.7,2820.9,3839.9,2896.0,3126.8,44,1,3126.4,100,4,3126.3,42,3,3126.2,75,6,3126.1,227,3,3127.8,15,1,3127.9,13,1,3128.0,89,3,3128.1,51,2,3128.2,46,3
2031,2026-06-16 10:57:56+05:30,3127.8,1,3131.24,1211581,128825.0,203956.0,3163.0,3163.0,3108.0,3134.3,31876800,3447.7,2820.9,3839.9,2896.0,3126.8,44,1,3126.4,100,4,3126.3,42,3,3126.2,75,6,3126.1,227,3,3127.8,15,1,3127.9,13,1,3128.0,89,3,3128.1,51,2,3128.2,46,3
2031,2026-06-16 10:57:57+05:30,3127.8,1,3131.24,1211581,128904.0,204478.0,3163.0,3163.0,3108.0,3134.3,31876800,3447.7,2820.9,3839.9,2896.0,3126.8,44,1,3126.4,52,3,3126.3,42,3,3126.2,75,6,3126.1,227,3,3127.8,15,1,3128.0,325,6,3128.1,245,3,3128.2,35,2,3128.3,35,1
2031,2026-06-16 10:57:58+05:30,3126.3,60,3131.24,1211781,126369.0,204164.0,3163.0,3163.0,3108.0,3134.3,31876800,3447.7,2820.9,3839.9,2896.0,3126.2,27,3,3126.0,52,4,3125.8,55,3,3125.7,183,2,3125.6,382,7,3127.5,13,1,3127.6,111,5,3127.7,105,3,3127.8,289,7,3127.9,202,2
2031,2026-06-16 10:57:58+05:30,3126.3,60,3131.24,1211781,126369.0,204164.0,3163.0,3163.0,3108.0,3134.3,31876800,3447.7,2820.9,3839.9,2896.0,3126.2,27,3,3126.0,52,4,3125.8,55,3,3125.7,183,2,3125.6,382,7,3127.5,13,1,3127.6,111,5,3127.7,105,3,3127.8,289,7,3127.9,202,2
2031,2026-06-16 10:57:59+05:30,3127.5,1,3131.24,1211782,128002.0,204110.0,3163.0,3163.0,3108.0,3134.3,31876800,3447.7,2820.9,3839.9,2896.0,3126.5,13,1,3126.4,28,2,3126.3,44,3,3126.2,16,3,3126.1,87,3,3127.8,59,4,3127.9,45,1,3128.0,59,3,3128.1,280,4,3128.2,113,4
2031,2026-06-16 10:57:59+05:30,3127.5,1,3131.24,1211782,128002.0,204110.0,3163.0,3163.0,3108.0,3134.3,31876800,3447.7,2820.9,3839.9,2896.0,3126.5,13,1,3126.4,28,2,3126.3,44,3,3126.2,16,3,3126.1,87,3,3127.8,59,4,3127.9,45,1,3128.0,59,3,3128.1,280,4,3128.2,113,4
2031,2026-06-16 10:58:00+05:30,3127.8,10,3131.24,1211836,127674.0,204528.0,3163.0,3163.0,3108.0,3134.3,31876800,3447.7,2820.9,3839.9,2896.0,3126.5,1,1,3126.3,12,1,3126.2,16,3,3125.9,21,1,3125.8,8,1,3127.4,80,5,3127.5,48,2,3127.6,87,5,3127.7,111,5,3127.8,163,5
2031,2026-06-16 10:58:00+05:30,3127.8,10,3131.24,1211836,127674.0,204528.0,3163.0,3163.0,3108.0,3134.3,31876800,3447.7,2820.9,3839.9,2896.0,3126.5,1,1,3126.3,12,1,3126.2,16,3,3125.9,21,1,3125.8,8,1,3127.4,80,5,3127.5,48,2,3127.6,87,5,3127.7,111,5,3127.8,163,5
2031,2026-06-16 10:58:01+05:30,3127.8,10,3131.24,1211836,127501.0,204622.0,3163.0,3163.0,3108.0,3134.3,31876800,3447.7,2820.9,3839.9,2896.0,3127.0,2,2,3126.5,1,1,3126.3,1,1,3126.2,2,1,3126.1,20,1,3127.3,31,1,3127.4,99,4,3127.5,42,2,3127.6,50,3,3127.7,43,2
2031,2026-06-16 10:58:02+05:30,3127.8,10,3131.24,1211836,127538.0,205031.0,3163.0,3163.0,3108.0,3134.3,31876800,3447.7,2820.9,3839.9,2896.0,3127.0,2,2,3126.5,1,1,3126.3,1,1,3126.2,2,1,3126.1,20,1,3127.3,31,1,3127.4,111,5,3127.5,42,2,3127.6,50,3,3127.7,243,3
2031,2026-06-16 10:58:03+05:30,3127.2,31,3131.24,1211872,127176.0,205219.0,3163.0,3163.0,3108.0,3134.3,31876800,3447.7,2820.9,3839.9,2896.0,3126.5,1,1,3126.3,1,1,3126.2,2,1,3126.0,20,1,3125.9,21,1,3127.2,31,1,3127.3,21,1,3127.4,79,3,3127.6,32,2,3127.7,72,3
2031,2026-06-16 10:58:03+05:30,3127.2,9,3131.24,1211872,127176.0,205219.0,3163.0,3163.0,3108.0,3134.3,31876800,3447.7,2820.9,3839.9,2896.0,3126.5,1,1,3126.3,1,1,3126.2,2,1,3126.0,20,1,3125.9,21,1,3127.2,31,1,3127.3,21,1,3127.4,79,3,3127.6,32,2,3127.7,72,3
2031,2026-06-16 10:58:04+05:30,3127.2,9,3131.24,1211912,127362.0,205224.0,3163.0,3163.0,3108.0,3134.3,31876800,3447.7,2820.9,3839.9,2896.0,3126.5,1,1,3126.3,1,1,3126.2,2,1,3126.1,9,1,3126.0,20,1,3127.3,21,1,3127.4,93,2,3127.6,19,1,3127.7,75,3,3127.8,320,6
2031,2026-06-16 10:58:04+05:30,3127.3,1,3131.24,1211912,127362.0,205224.0,3163.0,3163.0,3108.0,3134.3,31876800,3447.7,2820.9,3839.9,2896.0,3126.5,1,1,3126.3,1,1,3126.2,2,1,3126.1,9,1,3126.0,20,1,3127.3,21,1,3127.4,93,2,3127.6,19,1,3127.7,75,3,3127.8,320,6
2031,2026-06-16 10:58:05+05:30,3126.5,7,3131.24,1211920,127385.0,205153.0,3163.0,3163.0,3108.0,3134.3,31876800,3447.7,2820.9,3839.9,2896.0,3126.5,1,1,3126.4,24,1,3126.3,1,1,3126.2,2,1,3126.1,9,1,3127.3,20,1,3127.4,93,2,3127.6,19,1,3127.7,75,3,3127.8,320,6
2031,2026-06-16 10:58:05+05:30,3127.3,20,3131.24,1211920,127385.0,205153.0,3163.0,3163.0,3108.0,3134.3,31876800,3447.7,2820.9,3839.9,2896.0,3126.5,1,1,3126.4,24,1,3126.3,1,1,3126.2,2,1,3126.1,9,1,3127.3,20,1,3127.4,93,2,3127.6,19,1,3127.7,75,3,3127.8,320,6
2031,2026-06-16 10:58:06+05:30,3127.3,4,3131.24,1211945,127729.0,205170.0,3163.0,3163.0,3108.0,3134.3,31876800,3447.7,2820.9,3839.9,2896.0,3126.6,23,1,3126.5,1,1,3126.4,16,1,3126.3,48,4,3126.2,83,3,3127.4,40,1,3127.6,200,1,3127.7,200,1,3127.8,1,1,3127.9,71,2
2031,2026-06-16 10:58:06+05:30,3127.3,4,3131.24,1211945,127729.0,205170.0,3163.0,3163.0,3108.0,3134.3,31876800,3447.7,2820.9,3839.9,2896.0,3126.6,23,1,3126.5,1,1,3126.4,16,1,3126.3,48,4,3126.2,83,3,3127.4,40,1,3127.6,200,1,3127.7,200,1,3127.8,1,1,3127.9,71,2
2031,2026-06-16 10:58:07+05:30,3127.3,4,3131.24,1211945,128255.0,205449.0,3163.0,3163.0,3108.0,3134.3,31876800,3447.7,2820.9,3839.9,2896.0,3126.6,23,1,3126.5,1,1,3126.3,1,1,3126.2,20,2,3126.1,53,3,3127.6,200,1,3127.7,281,3,3127.8,56,3,3127.9,71,2,3128.1,92,4
2031,2026-06-16 10:58:07+05:30,3127.7,2,3131.24,1211945,128255.0,205449.0,3163.0,3163.0,3108.0,3134.3,31876800,3447.7,2820.9,3839.9,2896.0,3126.6,23,1,3126.5,1,1,3126.3,1,1,3126.2,20,2,3126.1,53,3,3127.6,200,1,3127.7,281,3,3127.8,56,3,3127.9,71,2,3128.1,92,4
2031,2026-06-16 10:58:08+05:30,3127.7,2,3131.24,1211947,128910.0,203777.0,3163.0,3163.0,3108.0,3134.3,31876800,3447.7,2820.9,3839.9,2896.0,3126.7,69,6,3126.6,144,5,3126.5,74,4,3126.4,50,3,3126.3,148,6,3127.7,11,1,3127.8,1,1,3128.0,200,1,3128.1,200,1,3128.4,121,4
2031,2026-06-16 10:58:08+05:30,3127.1,2,3131.24,1211947,128910.0,203777.0,3163.0,3163.0,3108.0,3134.3,31876800,3447.7,2820.9,3839.9,2896.0,3126.7,69,6,3126.6,144,5,3126.5,74,4,3126.4,50,3,3126.3,148,6,3127.7,11,1,3127.8,1,1,3128.0,200,1,3128.1,200,1,3128.4,121,4
2031,2026-06-16 10:58:09+05:30,3127.1,2,3131.24,1211961,129289.0,203634.0,3163.0,3163.0,3108.0,3134.3,31876800,3447.7,2820.9,3839.9,2896.0,3127.0,39,4,3126.8,25,3,3126.7,38,3,3126.6,144,5,3126.5,50,4,3127.9,200,1,3128.0,200,1,3128.3,55,2,3128.4,73,2,3128.6,100,2
2031,2026-06-16 10:58:09+05:30,3127.9,4,3131.24,1211961,129289.0,203634.0,3163.0,3163.0,3108.0,3134.3,31876800,3447.7,2820.9,3839.9,2896.0,3127.0,39,4,3126.8,25,3,3126.7,38,3,3126.6,144,5,3126.5,50,4,3127.9,200,1,3128.0,200,1,3128.3,55,2,3128.4,73,2,3128.6,100,2
2031,2026-06-16 10:58:10+05:30,3127.9,1,3131.24,1211968,129433.0,202117.0,3163.0,3163.0,3108.0,3134.3,31876800,3447.7,2820.9,3839.9,2896.0,3127.1,22,1,3127.0,16,3,3126.9,6,1,3126.8,25,3,3126.7,38,3,3127.9,234,2,3128.0,200,1,3128.3,44,1,3128.4,73,2,3128.5,11,1
2031,2026-06-16 10:58:10+05:30,3128.4,9,3131.24,1211968,129433.0,202117.0,3163.0,3163.0,3108.0,3134.3,31876800,3447.7,2820.9,3839.9,2896.0,3127.1,22,1,3127.0,16,3,3126.9,6,1,3126.8,25,3,3126.7,38,3,3127.9,234,2,3128.0,200,1,3128.3,44,1,3128.4,73,2,3128.5,11,1
2031,2026-06-16 10:58:11+05:30,3128.4,9,3131.24,1212507,129587.0,203316.0,3163.0,3163.0,3108.0,3134.3,31876800,3447.7,2820.9,3839.9,2896.0,3127.4,25,1,3127.2,55,4,3127.1,24,2,3127.0,21,2,3126.9,18,1,3128.0,200,1,3128.6,123,2,3128.7,252,2,3128.8,20,1,3129.0,517,6
2031,2026-06-16 10:58:12+05:30,3128.4,9,3131.24,1212507,129562.0,201958.0,3163.0,3163.0,3108.0,3134.3,31876800,3447.7,2820.9,3839.9,2896.0,3127.6,24,1,3127.2,45,3,3127.1,14,1,3127.0,21,2,3126.9,18,1,3127.8,1,1,3127.9,200,1,3128.0,200,1,3128.6,123,2,3128.7,263,3
2031,2026-06-16 10:58:12+05:30,3127.9,200,3131.24,1212507,129562.0,201958.0,3163.0,3163.0,3108.0,3134.3,31876800,3447.7,2820.9,3839.9,2896.0,3127.6,24,1,3127.2,45,3,3127.1,14,1,3127.0,21,2,3126.9,18,1,3127.8,1,1,3127.9,200,1,3128.0,200,1,3128.6,123,2,3128.7,263,3
2031,2026-06-16 10:58:13+05:30,3127.9,200,3131.24,1212708,129423.0,203365.0,3163.0,3163.0,3108.0,3134.3,31876800,3447.7,2820.9,3839.9,2896.0,3127.2,27,2,3127.1,23,1,3127.0,24,2,3126.9,18,1,3126.8,50,3,3128.1,200,1,3128.5,96,2,3128.6,18,1,3128.7,358,4,3128.8,20,1
2031,2026-06-16 10:58:14+05:30,3127.9,200,3131.24,1212708,129599.0,203373.0,3163.0,3163.0,3108.0,3134.3,31876800,3447.7,2820.9,3839.9,2896.0,3127.3,21,1,3127.2,27,2,3127.0,24,2,3126.9,18,1,3126.8,50,3,3128.0,200,1,3128.1,200,1,3128.5,96,2,3128.6,31,2,3128.7,358,4
2031,2026-06-16 10:58:15+05:30,3127.9,200,3131.24,1212708,129361.0,203291.0,3163.0,3163.0,3108.0,3134.3,31876800,3447.7,2820.9,3839.9,2896.0,3127.9,1,1,3127.4,24,1,3127.0,3,1,3126.9,18,1,3126.8,24,2,3128.0,200,1,3128.1,240,2,3128.4,11,1,3128.5,52,1,3128.6,22,1
2031,2026-06-16 10:58:15+05:30,3128.0,4,3131.24,1212708,129361.0,203291.0,3163.0,3163.0,3108.0,3134.3,31876800,3447.7,2820.9,3839.9,2896.0,3127.9,1,1,3127.4,24,1,3127.0,3,1,3126.9,18,1,3126.8,24,2,3128.0,200,1,3128.1,240,2,3128.4,11,1,3128.5,52,1,3128.6,22,1
2031,2026-06-16 10:58:16+05:30,3128.0,1,3131.24,1212741,129395.0,203509.0,3163.0,3163.0,3108.0,3134.3,31876800,3447.7,2820.9,3839.9,2896.0,3127.9,2,2,3127.4,24,1,3127.2,18,1,3127.0,3,1,3126.9,18,1,3128.0,167,1,3128.1,240,2,3128.4,11,1,3128.5,52,1,3128.7,331,3
2031,2026-06-16 10:58:16+05:30,3128.0,1,3131.24,1212741,129395.0,203509.0,3163.0,3163.0,3108.0,3134.3,31876800,3447.7,2820.9,3839.9,2896.0,3127.9,2,2,3127.4,24,1,3127.2,18,1,3127.0,3,1,3126.9,18,1,3128.0,167,1,3128.1,240,2,3128.4,11,1,3128.5,52,1,3128.7,331,3
2031,2026-06-16 10:58:17+05:30,3128.0,1,3131.24,1212742,129336.0,203510.0,3163.0,3163.0,3108.0,3134.3,31876800,3447.7,2820.9,3839.9,2896.0,3127.9,2,2,3127.4,24,1,3127.2,18,1,3127.0,3,1,3126.9,18,1,3128.0,166,1,3128.1,240,2,3128.5,52,1,3128.6,11,1,3128.7,331,3
2031,2026-06-16 10:58:17+05:30,3128.0,1,3131.24,1212742,129336.0,203510.0,3163.0,3163.0,3108.0,3134.3,31876800,3447.7,2820.9,3839.9,2896.0,3127.9,2,2,3127.4,24,1,3127.2,18,1,3127.0,3,1,3126.9,18,1,3128.0,166,1,3128.1,240,2,3128.5,52,1,3128.6,11,1,3128.7,331,3
2031,2026-06-16 10:58:18+05:30,3127.1,5,3131.24,1213108,128849.0,203006.0,3163.0,3163.0,3108.0,3134.3,31876800,3447.7,2820.9,3839.9,2896.0,3127.1,106,8,3127.0,34,4,3126.9,64,2,3126.8,112,4,3126.7,64,5,3128.0,25,1,3128.1,40,1,3128.3,200,1,3128.8,43,2,3128.9,279,2
2031,2026-06-16 10:58:18+05:30,3127.1,5,3131.24,1213108,128849.0,203006.0,3163.0,3163.0,3108.0,3134.3,31876800,3447.7,2820.9,3839.9,2896.0,3127.1,106,8,3127.0,34,4,3126.9,64,2,3126.8,112,4,3126.7,64,5,3128.0,25,1,3128.1,40,1,3128.3,200,1,3128.8,43,2,3128.9,279,2
2031,2026-06-16 10:58:19+05:30,3127.1,5,3131.24,1213108,129317.0,203079.0,3163.0,3163.0,3108.0,3134.3,31876800,3447.7,2820.9,3839.9,2896.0,3127.3,19,1,3127.2,98,6,3127.1,64,5,3127.0,46,4,3126.9,99,4,3128.0,25,1,3128.1,40,1,3128.2,200,1,3128.3,200,1,3128.6,21,1
2031,2026-06-16 10:58:20+05:30,3128.2,102,3131.24,1213275,129540.0,202992.0,3163.0,3163.0,3108.0,3134.3,31876800,3447.7,2820.9,3839.9,2896.0,3127.5,68,6,3127.4,65,5,3127.3,82,5,3127.2,60,4,3127.1,19,2,3128.2,98,1,3128.3,200,1,3128.8,74,2,3128.9,279,2,3129.0,106,3
2031,2026-06-16 10:58:20+05:30,3128.2,1,3131.24,1213275,129540.0,202992.0,3163.0,3163.0,3108.0,3134.3,31876800,3447.7,2820.9,3839.9,2896.0,3127.5,68,6,3127.4,65,5,3127.3,82,5,3127.2,60,4,3127.1,19,2,3128.2,98,1,3128.3,200,1,3128.8,74,2,3128.9,279,2,3129.0,106,3
2031,2026-06-16 10:58:21+05:30,3128.2,1,3131.24,1213293,129493.0,202989.0,3163.0,3163.0,3108.0,3134.3,31876800,3447.7,2820.9,3839.9,2896.0,3127.5,68,6,3127.4,65,5,3127.3,82,5,3127.2,90,5,3127.1,19,2,3128.1,12,1,3128.2,81,2,3128.3,200,1,3128.8,74,2,3128.9,279,2
2031,2026-06-16 10:58:22+05:30,3128.2,1,3131.24,1213293,129542.0,203031.0,3163.0,3163.0,3108.0,3134.3,31876800,3447.7,2820.9,3839.9,2896.0,3127.5,111,7,3127.4,65,5,3127.3,105,6,3127.2,90,5,3127.1,19,2,3128.1,12,1,3128.2,81,2,3128.3,200,1,3128.8,74,2,3128.9,279,2
2031,2026-06-16 10:58:22+05:30,3128.1,1,3131.24,1213293,129542.0,203031.0,3163.0,3163.0,3108.0,3134.3,31876800,3447.7,2820.9,3839.9,2896.0,3127.5,111,7,3127.4,65,5,3127.3,105,6,3127.2,90,5,3127.1,19,2,3128.1,12,1,3128.2,81,2,3128.3,200,1,3128.8,74,2,3128.9,279,2
2031,2026-06-16 10:58:23+05:30,3128.2,43,3131.24,1213348,130563.0,203512.0,3163.0,3163.0,3108.0,3134.3,31876800,3447.7,2820.9,3839.9,2896.0,3127.8,13,1,3127.7,76,5,3127.6,41,3,3127.5,92,5,3127.4,43,4,3128.2,38,2,3128.3,200,1,3128.9,279,2,3129.0,106,3,3129.2,62,2
2031,2026-06-16 10:58:23+05:30,3128.2,43,3131.24,1213348,130563.0,203512.0,3163.0,3163.0,3108.0,3134.3,31876800,3447.7,2820.9,3839.9,2896.0,3127.8,13,1,3127.7,76,5,3127.6,41,3,3127.5,92,5,3127.4,43,4,3128.2,38,2,3128.3,200,1,3128.9,279,2,3129.0,106,3,3129.2,62,2
2031,2026-06-16 10:58:24+05:30,3128.2,43,3131.24,1213348,130673.0,203202.0,3163.0,3163.0,3108.0,3134.3,31876800,3447.7,2820.9,3839.9,2896.0,3127.9,26,1,3127.8,79,3,3127.7,19,1,3127.6,59,4,3127.5,110,6,3128.2,38,2,3128.3,200,1,3128.9,279,2,3129.0,106,3,3129.2,62,2
2031,2026-06-16 10:58:24+05:30,3128.2,1,3131.24,1213348,130673.0,203202.0,3163.0,3163.0,3108.0,3134.3,31876800,3447.7,2820.9,3839.9,2896.0,3127.9,26,1,3127.8,79,3,3127.7,19,1,3127.6,59,4,3127.5,110,6,3128.2,38,2,3128.3,200,1,3128.9,279,2,3129.0,106,3,3129.2,62,2
2031,2026-06-16 10:58:25+05:30,3128.2,1,3131.24,1213349,130621.0,203182.0,3163.0,3163.0,3108.0,3134.3,31876800,3447.7,2820.9,3839.9,2896.0,3127.9,26,1,3127.8,79,3,3127.7,19,1,3127.6,46,3,3127.5,97,5,3128.2,37,2,3128.3,200,1,3128.9,279,2,3129.0,106,3,3129.2,62,2
2031,2026-06-16 10:58:25+05:30,3128.2,4,3131.24,1213349,130621.0,203182.0,3163.0,3163.0,3108.0,3134.3,31876800,3447.7,2820.9,3839.9,2896.0,3127.9,26,1,3127.8,79,3,3127.7,19,1,3127.6,46,3,3127.5,97,5,3128.2,37,2,3128.3,200,1,3128.9,279,2,3129.0,106,3,3129.2,62,2
2031,2026-06-16 10:58:26+05:30,3127.2,5,3131.08,1384588,129747.0,215698.0,3163.0,3163.0,3108.0,3134.3,31876800,3447.7,2820.9,3839.9,2896.0,3127.3,14,1,3127.2,115,7,3127.1,27,2,3127.0,118,3,3126.9,239,4,3128.3,13,1,3128.4,49,1,3128.9,63,1,3129.0,31,2,3129.1,66,1
2031,2026-06-16 10:58:26+05:30,3127.2,5,3131.08,1384588,129747.0,215698.0,3163.0,3163.0,3108.0,3134.3,31876800,3447.7,2820.9,3839.9,2896.0,3127.3,14,1,3127.2,115,7,3127.1,27,2,3127.0,118,3,3126.9,239,4,3128.3,13,1,3128.4,49,1,3128.9,63,1,3129.0,31,2,3129.1,66,1
2031,2026-06-16 10:58:27+05:30,3127.2,5,3131.08,1384588,129540.0,216953.0,3163.0,3163.0,3108.0,3134.3,31876800,3447.7,2820.9,3839.9,2896.0,3127.1,13,1,3127.0,94,4,3126.9,15,2,3126.8,226,3,3126.7,149,5,3128.2,49,2,3128.3,62,2,3128.4,63,1,3128.6,63,1,3128.7,117,2
2031,2026-06-16 10:58:28+05:30,3127.2,5,3131.08,1384588,128764.0,217902.0,3163.0,3163.0,3108.0,3134.3,31876800,3447.7,2820.9,3839.9,2896.0,3127.1,26,1,3126.6,29,2,3126.5,179,2,3126.4,120,3,3126.3,81,5,3128.2,133,5,3128.3,50,3,3128.4,73,2,3128.6,97,2,3128.7,71,2
2031,2026-06-16 10:58:29+05:30,3128.2,1,3131.08,1384589,128989.0,218509.0,3163.0,3163.0,3108.0,3134.3,31876800,3447.7,2820.9,3839.9,2896.0,3127.1,26,1,3127.0,12,1,3126.6,11,1,3126.4,230,3,3126.3,145,6,3127.9,31,2,3128.0,26,2,3128.1,32,2,3128.2,87,4,3128.3,78,2
2031,2026-06-16 10:58:29+05:30,3128.2,1,3131.08,1384589,128989.0,218509.0,3163.0,3163.0,3108.0,3134.3,31876800,3447.7,2820.9,3839.9,2896.0,3127.1,26,1,3127.0,12,1,3126.6,11,1,3126.4,230,3,3126.3,145,6,3127.9,31,2,3128.0,26,2,3128.1,32,2,3128.2,87,4,3128.3,78,2
2031,2026-06-16 10:58:30+05:30,3127.0,11,3131.08,1384897,126307.0,219745.0,3163.0,3163.0,3108.0,3134.3,31876800,3447.7,2820.9,3839.9,2896.0,3126.3,2,2,3126.2,4,2,3126.1,9,1,3126.0,20,1,3125.7,33,2,3127.3,46,3,3127.4,129,5,3127.5,109,7,3127.7,49,1,3127.8,129,4
2031,2026-06-16 10:58:30+05:30,3127.0,11,3131.08,1384897,126307.0,219745.0,3163.0,3163.0,3108.0,3134.3,31876800,3447.7,2820.9,3839.9,2896.0,3126.3,2,2,3126.2,4,2,3126.1,9,1,3126.0,20,1,3125.7,33,2,3127.3,46,3,3127.4,129,5,3127.5,109,7,3127.7,49,1,3127.8,129,4
2031,2026-06-16 10:58:31+05:30,3127.3,1,3131.08,1384898,126409.0,220161.0,3163.0,3163.0,3108.0,3134.3,31876800,3447.7,2820.9,3839.9,2896.0,3126.3,2,2,3126.2,4,2,3126.1,23,2,3126.0,20,1,3125.7,85,3,3127.3,57,4,3127.4,102,4,3127.5,138,7,3127.6,53,2,3127.8,159,7
2031,2026-06-16 10:58:31+05:30,3127.3,1,3131.08,1384898,126409.0,220161.0,3163.0,3163.0,3108.0,3134.3,31876800,3447.7,2820.9,3839.9,2896.0,3126.3,2,2,3126.2,4,2,3126.1,23,2,3126.0,20,1,3125.7,85,3,3127.3,57,4,3127.4,102,4,3127.5,138,7,3127.6,53,2,3127.8,159,7
2031,2026-06-16 10:58:32+05:30,3127.5,20,3131.08,1385178,128792.0,218890.0,3163.0,3163.0,3108.0,3134.3,31876800,3447.7,2820.9,3839.9,2896.0,3126.9,4,1,3126.8,4,1,3126.7,78,4,3126.6,82,3,3126.5,66,6,3127.8,13,1,3127.9,1,1,3128.0,39,1,3128.2,5,1,3128.4,70,3
2031,2026-06-16 10:58:32+05:30,3127.5,20,3131.08,1385178,128792.0,218890.0,3163.0,3163.0,3108.0,3134.3,31876800,3447.7,2820.9,3839.9,2896.0,3126.9,4,1,3126.8,4,1,3126.7,78,4,3126.6,82,3,3126.5,66,6,3127.8,13,1,3127.9,1,1,3128.0,39,1,3128.2,5,1,3128.4,70,3
2031,2026-06-16 10:58:33+05:30,3128.2,1,3131.08,1385232,128649.0,219180.0,3163.0,3163.0,3108.0,3134.3,31876800,3447.7,2820.9,3839.9,2896.0,3126.6,13,1,3126.5,65,4,3126.4,78,4,3126.3,62,5,3126.2,91,5,3127.8,10,2,3127.9,77,1,3128.0,49,1,3128.1,31,2,3128.2,142,5
2031,2026-06-16 10:58:33+05:30,3128.2,1,3131.08,1385232,128649.0,219180.0,3163.0,3163.0,3108.0,3134.3,31876800,3447.7,2820.9,3839.9,2896.0,3126.6,13,1,3126.5,65,4,3126.4,78,4,3126.3,62,5,3126.2,91,5,3127.8,10,2,3127.9,77,1,3128.0,49,1,3128.1,31,2,3128.2,142,5
2031,2026-06-16 10:58:34+05:30,3128.2,1,3131.08,1385232,128649.0,219180.0,3163.0,3163.0,3108.0,3134.3,31876800,3447.7,2820.9,3839.9,2896.0,3126.6,13,1,3126.5,65,4,3126.4,78,4,3126.3,62,5,3126.2,91,5,3127.8,10,2,3127.9,77,1,3128.0,49,1,3128.1,31,2,3128.2,142,5
2031,2026-06-16 10:58:34+05:30,3127.8,7,3131.08,1385232,128649.0,219180.0,3163.0,3163.0,3108.0,3134.3,31876800,3447.7,2820.9,3839.9,2896.0,3126.6,13,1,3126.5,65,4,3126.4,78,4,3126.3,62,5,3126.2,91,5,3127.8,10,2,3127.9,77,1,3128.0,49,1,3128.1,31,2,3128.2,142,5
2031,2026-06-16 10:58:34+05:30,3127.8,7,3131.08,1385446,130950.0,218163.0,3163.0,3163.0,3108.0,3134.3,31876800,3447.7,2820.9,3839.9,2896.0,3128.2,1,1,3127.9,10,1,3127.1,163,4,3127.0,4,1,3126.9,40,2,3128.4,27,2,3128.6,13,1,3128.8,80,2,3129.0,123,5,3129.1,325,3
2031,2026-06-16 10:58:35+05:30,3128.2,1,3131.08,1385446,130950.0,218163.0,3163.0,3163.0,3108.0,3134.3,31876800,3447.7,2820.9,3839.9,2896.0,3128.2,1,1,3127.9,10,1,3127.1,163,4,3127.0,4,1,3126.9,40,2,3128.4,27,2,3128.6,13,1,3128.8,80,2,3129.0,123,5,3129.1,325,3
2031,2026-06-16 10:58:35+05:30,3128.2,1,3131.08,1385446,130950.0,218163.0,3163.0,3163.0,3108.0,3134.3,31876800,3447.7,2820.9,3839.9,2896.0,3128.2,1,1,3127.9,10,1,3127.1,163,4,3127.0,4,1,3126.9,40,2,3128.4,27,2,3128.6,13,1,3128.8,80,2,3129.0,123,5,3129.1,325,3
2031,2026-06-16 10:58:35+05:30,3128.2,1,3131.08,1385448,131131.0,198322.0,3163.0,3163.0,3108.0,3134.3,31876800,3447.7,2820.9,3839.9,2896.0,3127.9,10,1,3127.1,147,3,3127.0,56,2,3126.9,40,2,3126.8,254,4,3128.2,1,1,3128.4,58,4,3128.6,13,1,3128.7,34,2,3128.8,117,3
2031,2026-06-16 10:58:36+05:30,3128.2,1,3131.08,1385448,131131.0,198322.0,3163.0,3163.0,3108.0,3134.3,31876800,3447.7,2820.9,3839.9,2896.0,3127.9,10,1,3127.1,147,3,3127.0,56,2,3126.9,40,2,3126.8,254,4,3128.2,1,1,3128.4,58,4,3128.6,13,1,3128.7,34,2,3128.8,117,3
2031,2026-06-16 10:58:36+05:30,3128.2,1,3131.08,1385449,131092.0,198171.0,3163.0,3163.0,3108.0,3134.3,31876800,3447.7,2820.9,3839.9,2896.0,3127.9,10,1,3127.1,83,2,3127.0,183,4,3126.9,40,2,3126.8,104,4,3128.2,2,2,3128.6,13,1,3128.7,34,2,3128.8,117,3,3128.9,200,1
2031,2026-06-16 10:58:37+05:30,3127.9,3,3131.08,1385449,131092.0,198171.0,3163.0,3163.0,3108.0,3134.3,31876800,3447.7,2820.9,3839.9,2896.0,3127.9,10,1,3127.1,83,2,3127.0,183,4,3126.9,40,2,3126.8,104,4,3128.2,2,2,3128.6,13,1,3128.7,34,2,3128.8,117,3,3128.9,200,1
2031,2026-06-16 10:58:37+05:30,3127.9,3,3131.08,1385449,131092.0,198171.0,3163.0,3163.0,3108.0,3134.3,31876800,3447.7,2820.9,3839.9,2896.0,3127.9,10,1,3127.1,83,2,3127.0,183,4,3126.9,40,2,3126.8,104,4,3128.2,2,2,3128.6,13,1,3128.7,34,2,3128.8,117,3,3128.9,200,1
2031,2026-06-16 10:58:38+05:30,3128.2,1,3131.08,1385453,131284.0,198454.0,3163.0,3163.0,3108.0,3134.3,31876800,3447.7,2820.9,3839.9,2896.0,3127.9,77,2,3127.4,63,1,3127.3,73,2,3127.2,64,1,3127.1,24,2,3128.9,257,5,3129.0,35,2,3129.1,172,3,3129.2,45,2,3129.3,105,3
2031,2026-06-16 10:58:38+05:30,3128.9,3,3131.08,1385453,131284.0,198454.0,3163.0,3163.0,3108.0,3134.3,31876800,3447.7,2820.9,3839.9,2896.0,3127.9,77,2,3127.4,63,1,3127.3,73,2,3127.2,64,1,3127.1,24,2,3128.9,257,5,3129.0,35,2,3129.1,172,3,3129.2,45,2,3129.3,105,3
2031,2026-06-16 10:58:38+05:30,3128.9,3,3131.08,1385470,131243.0,198670.0,3163.0,3163.0,3108.0,3134.3,31876800,3447.7,2820.9,3839.9,2896.0,3127.9,77,2,3127.3,73,2,3127.1,84,2,3127.0,106,3,3126.9,90,5,3128.8,253,4,3128.9,222,3,3129.0,106,3,3129.1,101,2,3129.2,45,2
2031,2026-06-16 10:58:39+05:30,3128.9,3,3131.08,1385470,131243.0,198670.0,3163.0,3163.0,3108.0,3134.3,31876800,3447.7,2820.9,3839.9,2896.0,3127.9,77,2,3127.3,73,2,3127.1,84,2,3127.0,106,3,3126.9,90,5,3128.8,253,4,3128.9,222,3,3129.0,106,3,3129.1,101,2,3129.2,45,2
2031,2026-06-16 10:58:40+05:30,3128.9,3,3131.08,1385470,131274.0,198448.0,3163.0,3163.0,3108.0,3134.3,31876800,3447.7,2820.9,3839.9,2896.0,3127.9,77,2,3127.3,73,2,3127.1,84,2,3127.0,106,3,3126.9,70,4,3128.8,240,3,3128.9,222,3,3129.0,106,3,3129.1,101,2,3129.2,45,2
2031,2026-06-16 10:58:41+05:30,3128.9,3,3131.08,1385470,131032.0,198503.0,3163.0,3163.0,3108.0,3134.3,31876800,3447.7,2820.9,3839.9,2896.0,3127.9,77,2,3127.3,21,1,3127.1,84,2,3127.0,106,3,3126.9,226,5,3128.8,248,4,3128.9,266,3,3129.0,106,3,3129.1,101,2,3129.2,45,2
2031,2026-06-16 10:58:41+05:30,3128.9,3,3131.08,1385470,131032.0,198503.0,3163.0,3163.0,3108.0,3134.3,31876800,3447.7,2820.9,3839.9,2896.0,3127.9,77,2,3127.3,21,1,3127.1,84,2,3127.0,106,3,3126.9,226,5,3128.8,248,4,3128.9,266,3,3129.0,106,3,3129.1,101,2,3129.2,45,2
2031,2026-06-16 10:58:42+05:30,3128.8,1,3131.08,1385472,131052.0,199112.0,3163.0,3163.0,3108.0,3134.3,31876800,3447.7,2820.9,3839.9,2896.0,3127.9,77,2,3127.3,21,1,3127.1,20,1,3127.0,170,4,3126.9,52,3,3128.5,12,1,3128.8,246,4,3128.9,266,3,3129.0,106,3,3129.1,101,2
2031,2026-06-16 10:58:42+05:30,3128.8,1,3131.08,1385472,131052.0,199112.0,3163.0,3163.0,3108.0,3134.3,31876800,3447.7,2820.9,3839.9,2896.0,3127.9,77,2,3127.3,21,1,3127.1,20,1,3127.0,170,4,3126.9,52,3,3128.5,12,1,3128.8,246,4,3128.9,266,3,3129.0,106,3,3129.1,101,2
2031,2026-06-16 10:58:43+05:30,3128.8,1,3131.08,1385472,131052.0,199112.0,3163.0,3163.0,3108.0,3134.3,31876800,3447.7,2820.9,3839.9,2896.0,3127.9,77,2,3127.3,21,1,3127.1,20,1,3127.0,170,4,3126.9,52,3,3128.5,12,1,3128.8,246,4,3128.9,266,3,3129.0,106,3,3129.1,101,2
2031,2026-06-16 10:58:43+05:30,3128.2,4,3131.08,1385786,128426.0,199705.0,3163.0,3163.0,3108.0,3134.3,31876800,3447.7,2820.9,3839.9,2896.0,3127.7,16,1,3127.0,50,1,3126.6,21,1,3126.5,42,1,3126.4,36,2,3128.2,62,4,3128.3,13,2,3128.4,135,4,3128.5,276,5,3128.6,22,1
2031,2026-06-16 10:58:43+05:30,3128.2,4,3131.08,1385786,128426.0,199705.0,3163.0,3163.0,3108.0,3134.3,31876800,3447.7,2820.9,3839.9,2896.0,3127.7,16,1,3127.0,50,1,3126.6,21,1,3126.5,42,1,3126.4,36,2,3128.2,62,4,3128.3,13,2,3128.4,135,4,3128.5,276,5,3128.6,22,1
2031,2026-06-16 10:58:44+05:30,3128.2,4,3131.08,1385786,129112.0,200190.0,3163.0,3163.0,3108.0,3134.3,31876800,3447.7,2820.9,3839.9,2896.0,3127.0,50,1,3126.9,15,1,3126.8,52,1,3126.7,20,1,3126.6,21,1,3128.2,37,3,3128.3,13,2,3128.4,272,4,3128.5,364,7,3128.6,96,2
2031,2026-06-16 10:58:44+05:30,3128.2,4,3131.08,1385786,129112.0,200190.0,3163.0,3163.0,3108.0,3134.3,31876800,3447.7,2820.9,3839.9,2896.0,3127.0,50,1,3126.9,15,1,3126.8,52,1,3126.7,20,1,3126.6,21,1,3128.2,37,3,3128.3,13,2,3128.4,272,4,3128.5,364,7,3128.6,96,2
2031,2026-06-16 10:58:45+05:30,3128.2,4,3131.08,1385786,129112.0,200190.0,3163.0,3163.0,3108.0,3134.3,31876800,3447.7,2820.9,3839.9,2896.0,3127.0,50,1,3126.9,15,1,3126.8,52,1,3126.7,20,1,3126.6,21,1,3128.2,37,3,3128.3,13,2,3128.4,272,4,3128.5,364,7,3128.6,96,2
2031,2026-06-16 10:58:45+05:30,3128.2,4,3131.08,1385786,129080.0,200111.0,3163.0,3163.0,3108.0,3134.3,31876800,3447.7,2820.9,3839.9,2896.0,3127.6,2,2,3127.0,51,2,3126.9,15,1,3126.7,20,1,3126.6,287,4,3128.2,38,4,3128.3,10,1,3128.4,272,4,3128.5,315,6,3128.6,96,2
2031,2026-06-16 10:58:45+05:30,3128.2,4,3131.08,1385786,129080.0,200111.0,3163.0,3163.0,3108.0,3134.3,31876800,3447.7,2820.9,3839.9,2896.0,3127.6,2,2,3127.0,51,2,3126.9,15,1,3126.7,20,1,3126.6,287,4,3128.2,38,4,3128.3,10,1,3128.4,272,4,3128.5,315,6,3128.6,96,2
2031,2026-06-16 10:58:45+05:30,3128.2,14,3131.08,1385786,129080.0,200111.0,3163.0,3163.0,3108.0,3134.3,31876800,3447.7,2820.9,3839.9,2896.0,3127.6,2,2,3127.0,51,2,3126.9,15,1,3126.7,20,1,3126.6,287,4,3128.2,38,4,3128.3,10,1,3128.4,272,4,3128.5,315,6,3128.6,96,2
2031,2026-06-16 10:58:46+05:30,3128.2,14,3131.08,1385786,129080.0,200111.0,3163.0,3163.0,3108.0,3134.3,31876800,3447.7,2820.9,3839.9,2896.0,3127.6,2,2,3127.0,51,2,3126.9,15,1,3126.7,20,1,3126.6,287,4,3128.2,38,4,3128.3,10,1,3128.4,272,4,3128.5,315,6,3128.6,96,2
2031,2026-06-16 10:58:46+05:30,3128.2,14,3131.08,1385810,129222.0,199890.0,3163.0,3163.0,3108.0,3134.3,31876800,3447.7,2820.9,3839.9,2896.0,3127.6,2,2,3127.0,72,3,3126.9,15,1,3126.7,94,2,3126.6,287,4,3128.2,14,3,3128.3,32,2,3128.4,74,3,3128.5,313,6,3128.6,296,3
2031,2026-06-16 10:58:46+05:30,3128.2,14,3131.08,1385810,129222.0,199890.0,3163.0,3163.0,3108.0,3134.3,31876800,3447.7,2820.9,3839.9,2896.0,3127.6,2,2,3127.0,72,3,3126.9,15,1,3126.7,94,2,3126.6,287,4,3128.2,14,3,3128.3,32,2,3128.4,74,3,3128.5,313,6,3128.6,296,3
2031,2026-06-16 10:58:47+05:30,3128.1,1,3131.08,1385810,129222.0,199890.0,3163.0,3163.0,3108.0,3134.3,31876800,3447.7,2820.9,3839.9,2896.0,3127.6,2,2,3127.0,72,3,3126.9,15,1,3126.7,94,2,3126.6,287,4,3128.2,14,3,3128.3,32,2,3128.4,74,3,3128.5,313,6,3128.6,296,3
2031,2026-06-16 10:58:47+05:30,3128.1,1,3131.08,1385810,129222.0,199890.0,3163.0,3163.0,3108.0,3134.3,31876800,3447.7,2820.9,3839.9,2896.0,3127.6,2,2,3127.0,72,3,3126.9,15,1,3126.7,94,2,3126.6,287,4,3128.2,14,3,3128.3,32,2,3128.4,74,3,3128.5,313,6,3128.6,296,3
2031,2026-06-16 10:58:47+05:30,3128.1,1,3131.08,1385811,130557.0,199611.0,3163.0,3163.0,3108.0,3134.3,31876800,3447.7,2820.9,3839.9,2896.0,3127.6,2,2,3127.1,173,1,3127.0,204,6,3126.9,162,4,3126.8,135,3,3128.1,2,1,3128.2,14,3,3128.5,115,5,3128.6,239,3,3128.7,90,3
2031,2026-06-16 10:58:48+05:30,3127.8,1,3131.08,1385811,130557.0,199611.0,3163.0,3163.0,3108.0,3134.3,31876800,3447.7,2820.9,3839.9,2896.0,3127.6,2,2,3127.1,173,1,3127.0,204,6,3126.9,162,4,3126.8,135,3,3128.1,2,1,3128.2,14,3,3128.5,115,5,3128.6,239,3,3128.7,90,3
2031,2026-06-16 10:58:48+05:30,3127.8,1,3131.08,1385813,129833.0,199437.0,3163.0,3163.0,3108.0,3134.3,31876800,3447.7,2820.9,3839.9,2896.0,3127.6,2,2,3127.0,72,3,3126.9,35,2,3126.8,72,2,3126.7,84,2,3127.9,10,1,3128.1,10,1,3128.2,15,3,3128.3,19,1,3128.4,12,1
2031,2026-06-16 10:58:48+05:30,3127.8,1,3131.08,1385813,129833.0,199437.0,3163.0,3163.0,3108.0,3134.3,31876800,3447.7,2820.9,3839.9,2896.0,3127.6,2,2,3127.0,72,3,3126.9,35,2,3126.8,72,2,3126.7,84,2,3127.9,10,1,3128.1,10,1,3128.2,15,3,3128.3,19,1,3128.4,12,1
2031,2026-06-16 10:58:49+05:30,3127.8,1,3131.08,1385813,129833.0,199437.0,3163.0,3163.0,3108.0,3134.3,31876800,3447.7,2820.9,3839.9,2896.0,3127.6,2,2,3127.0,72,3,3126.9,35,2,3126.8,72,2,3126.7,84,2,3127.9,10,1,3128.1,10,1,3128.2,15,3,3128.3,19,1,3128.4,12,1
2031,2026-06-16 10:58:49+05:30,3127.8,1,3131.08,1385813,129921.0,199411.0,3163.0,3163.0,3108.0,3134.3,31876800,3447.7,2820.9,3839.9,2896.0,3127.6,27,3,3127.0,71,3,3126.9,15,1,3126.8,72,2,3126.7,80,3,3127.9,19,3,3128.1,10,1,3128.2,7,2,3128.4,64,2,3128.5,287,4
2031,2026-06-16 10:58:50+05:30,3127.8,1,3131.08,1385813,129921.0,199411.0,3163.0,3163.0,3108.0,3134.3,31876800,3447.7,2820.9,3839.9,2896.0,3127.6,27,3,3127.0,71,3,3126.9,15,1,3126.8,72,2,3126.7,80,3,3127.9,19,3,3128.1,10,1,3128.2,7,2,3128.4,64,2,3128.5,287,4
2031,2026-06-16 10:58:50+05:30,3127.8,1,3131.08,1385813,130661.0,199531.0,3163.0,3163.0,3108.0,3134.3,31876800,3447.7,2820.9,3839.9,2896.0,3127.7,2,2,3127.6,25,1,3127.0,51,2,3126.9,15,1,3126.8,136,3,3127.9,22,4,3128.1,10,1,3128.2,7,2,3128.4,52,1,3128.5,287,4
2031,2026-06-16 10:58:50+05:30,3127.8,1,3131.08,1385813,130661.0,199531.0,3163.0,3163.0,3108.0,3134.3,31876800,3447.7,2820.9,3839.9,2896.0,3127.7,2,2,3127.6,25,1,3127.0,51,2,3126.9,15,1,3126.8,136,3,3127.9,22,4,3128.1,10,1,3128.2,7,2,3128.4,52,1,3128.5,287,4
2031,2026-06-16 10:58:51+05:30,3127.8,1,3131.08,1385813,130694.0,199586.0,3163.0,3163.0,3108.0,3134.3,31876800,3447.7,2820.9,3839.9,2896.0,3127.7,2,2,3127.6,25,1,3127.0,51,2,3126.9,15,1,3126.8,136,3,3127.9,27,5,3128.2,7,2,3128.5,287,4,3128.6,222,2,3128.7,169,5
2031,2026-06-16 10:58:51+05:30,3127.8,1,3131.08,1385813,130694.0,199586.0,3163.0,3163.0,3108.0,3134.3,31876800,3447.7,2820.9,3839.9,2896.0,3127.7,2,2,3127.6,25,1,3127.0,51,2,3126.9,15,1,3126.8,136,3,3127.9,27,5,3128.2,7,2,3128.5,287,4,3128.6,222,2,3128.7,169,5
2031,2026-06-16 10:58:52+05:30,3127.8,27,3131.08,1385876,131002.0,199303.0,3163.0,3163.0,3108.0,3134.3,31876800,3447.7,2820.9,3839.9,2896.0,3127.8,25,1,3127.7,2,2,3127.5,14,1,3127.2,63,1,3127.1,84,2,3128.1,4,1,3128.2,7,2,3128.5,52,2,3128.7,25,2,3128.8,210,2
2031,2026-06-16 10:58:52+05:30,3127.8,27,3131.08,1385876,131002.0,199303.0,3163.0,3163.0,3108.0,3134.3,31876800,3447.7,2820.9,3839.9,2896.0,3127.8,25,1,3127.7,2,2,3127.5,14,1,3127.2,63,1,3127.1,84,2,3128.1,4,1,3128.2,7,2,3128.5,52,2,3128.7,25,2,3128.8,210,2
2031,2026-06-16 10:58:52+05:30,3127.8,27,3131.08,1385876,131002.0,199303.0,3163.0,3163.0,3108.0,3134.3,31877200,3447.7,2820.9,3839.9,2896.0,3127.8,25,1,3127.7,2,2,3127.5,14,1,3127.2,63,1,3127.1,84,2,3128.1,4,1,3128.2,7,2,3128.5,52,2,3128.7,25,2,3128.8,210,2
2031,2026-06-16 10:58:53+05:30,3127.8,3,3131.08,1385883,130547.0,199435.0,3163.0,3163.0,3108.0,3134.3,31877200,3447.7,2820.9,3839.9,2896.0,3127.8,19,1,3127.7,2,2,3127.5,14,1,3127.0,103,3,3126.9,145,3,3127.9,6,1,3128.1,2,1,3128.2,1,1,3128.4,19,1,3128.5,52,2
2031,2026-06-16 10:58:53+05:30,3127.8,3,3131.08,1385883,130547.0,199435.0,3163.0,3163.0,3108.0,3134.3,31877200,3447.7,2820.9,3839.9,2896.0,3127.8,19,1,3127.7,2,2,3127.5,14,1,3127.0,103,3,3126.9,145,3,3127.9,6,1,3128.1,2,1,3128.2,1,1,3128.4,19,1,3128.5,52,2
2031,2026-06-16 10:58:54+05:30,3127.9,26,3131.08,1385984,130411.0,199961.0,3163.0,3163.0,3108.0,3134.3,31877200,3447.7,2820.9,3839.9,2896.0,3127.8,1,1,3127.7,17,3,3127.6,23,1,3127.0,51,2,3126.9,21,1,3128.1,2,1,3128.2,48,3,3128.4,236,3,3128.5,252,3,3128.6,85,2
2031,2026-06-16 10:58:54+05:30,3127.7,16,3131.08,1385984,130411.0,199961.0,3163.0,3163.0,3108.0,3134.3,31877200,3447.7,2820.9,3839.9,2896.0,3127.8,1,1,3127.7,17,3,3127.6,23,1,3127.0,51,2,3126.9,21,1,3128.1,2,1,3128.2,48,3,3128.4,236,3,3128.5,252,3,3128.6,85,2
2031,2026-06-16 10:58:55+05:30,3126.4,18,3131.07,1386445,127520.0,201262.0,3163.0,3163.0,3108.0,3134.3,31877200,3447.7,2820.9,3839.9,2896.0,3126.4,14,1,3126.3,2,2,3126.2,4,2,3126.1,9,1,3126.0,21,2,3127.3,1,1,3127.5,280,7,3127.6,262,3,3127.7,106,3,3127.8,109,4
2031,2026-06-16 10:58:55+05:30,3126.4,10,3131.07,1386445,127520.0,201262.0,3163.0,3163.0,3108.0,3134.3,31877200,3447.7,2820.9,3839.9,2896.0,3126.4,14,1,3126.3,2,2,3126.2,4,2,3126.1,9,1,3126.0,21,2,3127.3,1,1,3127.5,280,7,3127.6,262,3,3127.7,106,3,3127.8,109,4
2031,2026-06-16 10:58:56+05:30,3127.2,19,3131.07,1386532,128880.0,200086.0,3163.0,3163.0,3108.0,3134.3,31877200,3447.7,2820.9,3839.9,2896.0,3126.4,46,2,3126.3,48,5,3126.2,59,5,3126.1,174,4,3126.0,102,4,3127.3,1,1,3127.5,23,2,3127.6,49,1,3127.8,10,1,3127.9,52,1
2031,2026-06-16 10:58:56+05:30,3127.2,19,3131.07,1386532,128880.0,200086.0,3163.0,3163.0,3108.0,3134.3,31877200,3447.7,2820.9,3839.9,2896.0,3126.4,46,2,3126.3,48,5,3126.2,59,5,3126.1,174,4,3126.0,102,4,3127.3,1,1,3127.5,23,2,3127.6,49,1,3127.8,10,1,3127.9,52,1
2031,2026-06-16 10:58:57+05:30,3128.0,37,3131.07,1386940,128934.0,199511.0,3163.0,3163.0,3108.0,3134.3,31877200,3447.7,2820.9,3839.9,2896.0,3127.3,1,1,3126.4,179,1,3126.3,57,4,3126.2,40,4,3126.1,114,5,3127.8,42,4,3127.9,61,3,3128.0,74,4,3128.1,287,4,3128.2,149,3
2031,2026-06-16 10:58:57+05:30,3127.3,1,3131.07,1386940,128934.0,199511.0,3163.0,3163.0,3108.0,3134.3,31877200,3447.7,2820.9,3839.9,2896.0,3127.3,1,1,3126.4,179,1,3126.3,57,4,3126.2,40,4,3126.1,114,5,3127.8,42,4,3127.9,61,3,3128.0,74,4,3128.1,287,4,3128.2,149,3
2031,2026-06-16 10:58:58+05:30,3126.3,16,3131.07,1387061,128197.0,200825.0,3163.0,3163.0,3108.0,3134.3,31877200,3447.7,2820.9,3839.9,2896.0,3126.3,1,1,3126.2,4,2,3126.1,10,2,3126.0,21,2,3125.9,20,1,3127.3,43,2,3127.4,29,2,3127.5,177,7,3127.6,350,5,3127.7,131,4
2031,2026-06-16 10:58:58+05:30,3127.2,1,3131.07,1387061,128197.0,200825.0,3163.0,3163.0,3108.0,3134.3,31877200,3447.7,2820.9,3839.9,2896.0,3126.3,1,1,3126.2,4,2,3126.1,10,2,3126.0,21,2,3125.9,20,1,3127.3,43,2,3127.4,29,2,3127.5,177,7,3127.6,350,5,3127.7,131,4
2031,2026-06-16 10:58:59+05:30,3127.2,43,3131.07,1387373,128248.0,200084.0,3163.0,3163.0,3108.0,3134.3,31877200,3447.7,2820.9,3839.9,2896.0,3126.4,4,1,3126.3,15,3,3126.2,25,4,3126.1,59,3,3126.0,101,5,3127.3,33,1,3127.6,12,1,3127.7,37,1,3127.8,125,6,3127.9,24,2
2031,2026-06-16 10:58:59+05:30,3127.2,43,3131.07,1387373,128248.0,200084.0,3163.0,3163.0,3108.0,3134.3,31877200,3447.7,2820.9,3839.9,2896.0,3126.4,4,1,3126.3,15,3,3126.2,25,4,3126.1,59,3,3126.0,101,5,3127.3,33,1,3127.6,12,1,3127.7,37,1,3127.8,125,6,3127.9,24,2
2031,2026-06-16 10:59:00+05:30,3126.3,16,3131.07,1387784,127079.0,198431.0,3163.0,3163.0,3108.0,3134.3,31877200,3447.7,2820.9,3839.9,2896.0,3126.3,2,2,3126.2,4,2,3126.1,10,2,3126.0,21,2,3125.8,5,1,3127.2,10,1,3127.3,94,4,3127.5,96,5,3127.6,85,2,3127.7,33,2
2031,2026-06-16 10:59:00+05:30,3127.2,10,3131.07,1387784,127079.0,198431.0,3163.0,3163.0,3108.0,3134.3,31877200,3447.7,2820.9,3839.9,2896.0,3126.3,2,2,3126.2,4,2,3126.1,10,2,3126.0,21,2,3125.8,5,1,3127.2,10,1,3127.3,94,4,3127.5,96,5,3127.6,85,2,3127.7,33,2
2031,2026-06-16 10:59:01+05:30,3127.2,11,3131.07,1387861,127443.0,201248.0,3163.0,3163.0,3108.0,3134.3,31877200,3447.7,2820.9,3839.9,2896.0,3126.3,2,2,3126.2,9,3,3126.1,14,3,3126.0,26,3,3125.9,26,2,3127.3,34,2,3127.4,170,3,3127.5,298,4,3127.6,112,2,3127.7,56,1
2031,2026-06-16 10:59:01+05:30,3127.2,11,3131.07,1387861,127443.0,201248.0,3163.0,3163.0,3108.0,3134.3,31877200,3447.7,2820.9,3839.9,2896.0,3126.3,2,2,3126.2,9,3,3126.1,14,3,3126.0,26,3,3125.9,26,2,3127.3,34,2,3127.4,170,3,3127.5,298,4,3127.6,112,2,3127.7,56,1
2031,2026-06-16 10:59:02+05:30,3127.2,52,3131.07,1388000,128269.0,199791.0,3163.0,3163.0,3108.0,3134.3,31877200,3447.7,2820.9,3839.9,2896.0,3126.3,27,3,3126.2,19,4,3126.1,78,4,3126.0,124,6,3125.9,26,2,3127.3,34,2,3127.7,56,1,3127.8,21,1,3127.9,55,1,3128.0,79,4
2031,2026-06-16 10:59:02+05:30,3127.2,52,3131.07,1388000,128269.0,199791.0,3163.0,3163.0,3108.0,3134.3,31877200,3447.7,2820.9,3839.9,2896.0,3126.3,27,3,3126.2,19,4,3126.1,78,4,3126.0,124,6,3125.9,26,2,3127.3,34,2,3127.7,56,1,3127.8,21,1,3127.9,55,1,3128.0,79,4
2031,2026-06-16 10:59:03+05:30,3127.1,58,3131.07,1388000,128269.0,199791.0,3163.0,3163.0,3108.0,3134.3,31877200,3447.7,2820.9,3839.9,2896.0,3126.3,27,3,3126.2,19,4,3126.1,78,4,3126.0,124,6,3125.9,26,2,3127.3,34,2,3127.7,56,1,3127.8,21,1,3127.9,55,1,3128.0,79,4
2031,2026-06-16 10:59:03+05:30,3127.3,10,3131.07,1388369,127057.0,201249.0,3163.0,3163.0,3108.0,3134.3,31877200,3447.7,2820.9,3839.9,2896.0,3126.3,4,1,3126.2,4,2,3126.1,10,2,3126.0,21,2,3125.8,4,1,3127.3,168,5,3127.4,171,3,3127.5,298,4,3127.6,21,1,3127.7,138,3
2031,2026-06-16 10:59:04+05:30,3127.2,12,3131.07,1388369,127057.0,201249.0,3163.0,3163.0,3108.0,3134.3,31877200,3447.7,2820.9,3839.9,2896.0,3126.3,4,1,3126.2,4,2,3126.1,10,2,3126.0,21,2,3125.8,4,1,3127.3,168,5,3127.4,171,3,3127.5,298,4,3127.6,21,1,3127.7,138,3
2031,2026-06-16 10:59:04+05:30,3127.2,12,3131.07,1388421,128252.0,200643.0,3163.0,3163.0,3108.0,3134.3,31877200,3447.7,2820.9,3839.9,2896.0,3126.3,53,3,3126.2,35,4,3126.1,95,5,3126.0,71,3,3125.9,116,3,3127.3,49,3,3127.7,114,3,3127.8,221,2,3127.9,37,1,3128.0,67,3
2031,2026-06-16 10:59:05+05:30,3127.2,24,3131.07,1388421,128252.0,200643.0,3163.0,3163.0,3108.0,3134.3,31877200,3447.7,2820.9,3839.9,2896.0,3126.3,53,3,3126.2,35,4,3126.1,95,5,3126.0,71,3,3125.9,116,3,3127.3,49,3,3127.7,114,3,3127.8,221,2,3127.9,37,1,3128.0,67,3
2031,2026-06-16 10:59:05+05:30,3127.2,24,3131.07,1388460,128297.0,200210.0,3163.0,3163.0,3108.0,3134.3,31877200,3447.7,2820.9,3839.9,2896.0,3126.4,13,1,3126.3,40,2,3126.2,29,4,3126.1,63,4,3126.0,196,7,3127.3,49,3,3127.5,13,1,3127.6,3,1,3127.7,105,2,3127.8,21,1
2031,2026-06-16 10:59:06+05:30,3127.2,3,3131.07,1388460,128297.0,200210.0,3163.0,3163.0,3108.0,3134.3,31877200,3447.7,2820.9,3839.9,2896.0,3126.4,13,1,3126.3,40,2,3126.2,29,4,3126.1,63,4,3126.0,196,7,3127.3,49,3,3127.5,13,1,3127.6,3,1,3127.7,105,2,3127.8,21,1
2031,2026-06-16 10:59:06+05:30,3126.3,24,3131.07,1388512,127796.0,200795.0,3163.0,3163.0,3108.0,3134.3,31877200,3447.7,2820.9,3839.9,2896.0,3126.3,16,2,3126.2,4,2,3126.1,10,2,3126.0,109,4,3125.9,20,1,3127.3,49,3,3127.6,59,2,3127.7,10,1,3127.8,121,3,3127.9,303,4
2031,2026-06-16 10:59:07+05:30,3127.2,6,3131.07,1388512,127796.0,200795.0,3163.0,3163.0,3108.0,3134.3,31877200,3447.7,2820.9,3839.9,2896.0,3126.3,16,2,3126.2,4,2,3126.1,10,2,3126.0,109,4,3125.9,20,1,3127.3,49,3,3127.6,59,2,3127.7,10,1,3127.8,121,3,3127.9,303,4
2031,2026-06-16 10:59:07+05:30,3127.2,6,3131.07,1388518,128832.0,200313.0,3163.0,3163.0,3108.0,3134.3,31877200,3447.7,2820.9,3839.9,2896.0,3126.4,65,1,3126.3,34,3,3126.2,24,3,3126.1,141,5,3126.0,159,6,3127.3,49,3,3127.8,3,1,3127.9,149,3,3128.0,316,5,3128.2,74,2
2031,2026-06-16 10:59:08+05:30,3127.3,1,3131.07,1388518,128832.0,200313.0,3163.0,3163.0,3108.0,3134.3,31877200,3447.7,2820.9,3839.9,2896.0,3126.4,65,1,3126.3,34,3,3126.2,24,3,3126.1,141,5,3126.0,159,6,3127.3,49,3,3127.8,3,1,3127.9,149,3,3128.0,316,5,3128.2,74,2
2031,2026-06-16 10:59:08+05:30,3127.3,1,3131.07,1388522,128968.0,199930.0,3163.0,3163.0,3108.0,3134.3,31877200,3447.7,2820.9,3839.9,2896.0,3126.6,65,3,3126.5,91,4,3126.4,104,2,3126.3,85,6,3126.2,103,6,3127.3,46,2,3127.9,58,2,3128.0,220,2,3128.1,56,1,3128.2,20,1
2031,2026-06-16 10:59:09+05:30,3127.3,1,3131.07,1388522,129143.0,200105.0,3163.0,3163.0,3108.0,3134.3,31877200,3447.7,2820.9,3839.9,2896.0,3127.2,12,1,3126.6,64,2,3126.5,78,3,3126.4,104,2,3126.3,88,6,3127.3,46,2,3128.0,3,1,3128.1,111,2,3128.2,294,4,3128.3,56,1
2031,2026-06-16 10:59:10+05:30,3127.2,4,3131.07,1388522,129143.0,200105.0,3163.0,3163.0,3108.0,3134.3,31877200,3447.7,2820.9,3839.9,2896.0,3127.2,12,1,3126.6,64,2,3126.5,78,3,3126.4,104,2,3126.3,88,6,3127.3,46,2,3128.0,3,1,3128.1,111,2,3128.2,294,4,3128.3,56,1
2031,2026-06-16 10:59:10+05:30,3127.2,4,3131.07,1388561,129095.0,201114.0,3163.0,3163.0,3108.0,3134.3,31877200,3447.7,2820.9,3839.9,2896.0,3126.6,41,1,3126.5,37,2,3126.4,65,1,3126.3,54,5,3126.2,134,8,3127.3,46,2,3127.7,3,1,3127.8,63,1,3127.9,174,3,3128.0,221,2
2031,2026-06-16 10:59:11+05:30,3126.5,9,3131.07,1388561,129095.0,201114.0,3163.0,3163.0,3108.0,3134.3,31877200,3447.7,2820.9,3839.9,2896.0,3126.6,41,1,3126.5,37,2,3126.4,65,1,3126.3,54,5,3126.2,134,8,3127.3,46,2,3127.7,3,1,3127.8,63,1,3127.9,174,3,3128.0,221,2
2031,2026-06-16 10:59:11+05:30,3126.5,9,3131.07,1388611,129087.0,201583.0,3163.0,3163.0,3108.0,3134.3,31877200,3447.7,2820.9,3839.9,2896.0,3126.4,65,1,3126.3,45,5,3126.2,70,7,3126.1,132,6,3126.0,406,8,3127.3,46,2,3127.7,3,1,3127.8,63,1,3127.9,174,3,3128.0,221,2
2031,2026-06-16 10:59:12+05:30,3127.2,55,3131.07,1388672,129122.0,201998.0,3163.0,3163.0,3108.0,3134.3,31877200,3447.7,2820.9,3839.9,2896.0,3126.5,29,2,3126.4,101,3,3126.3,29,4,3126.2,44,5,3126.1,129,6,3127.3,279,4,3127.6,38,1,3127.8,3,1,3127.9,456,3,3128.0,298,4
2031,2026-06-16 10:59:12+05:30,3127.2,55,3131.07,1388672,129122.0,201998.0,3163.0,3163.0,3108.0,3134.3,31877200,3447.7,2820.9,3839.9,2896.0,3126.5,29,2,3126.4,101,3,3126.3,29,4,3126.2,44,5,3126.1,129,6,3127.3,279,4,3127.6,38,1,3127.8,3,1,3127.9,456,3,3128.0,298,4
2031,2026-06-16 10:59:13+05:30,3127.3,21,3131.07,1388977,129489.0,200415.0,3163.0,3163.0,3108.0,3134.3,31877200,3447.7,2820.9,3839.9,2896.0,3126.7,83,6,3126.6,44,3,3126.5,34,3,3126.4,183,6,3126.3,286,8,3127.3,12,1,3128.0,3,1,3128.1,56,1,3128.2,20,1,3128.3,56,1
2031,2026-06-16 10:59:13+05:30,3127.3,21,3131.07,1388977,129489.0,200415.0,3163.0,3163.0,3108.0,3134.3,31877200,3447.7,2820.9,3839.9,2896.0,3126.7,83,6,3126.6,44,3,3126.5,34,3,3126.4,183,6,3126.3,286,8,3127.3,12,1,3128.0,3,1,3128.1,56,1,3128.2,20,1,3128.3,56,1
2031,2026-06-16 10:59:14+05:30,3127.9,1,3131.07,1388978,130408.0,201026.0,3163.0,3163.0,3108.0,3134.3,31877200,3447.7,2820.9,3839.9,2896.0,3127.3,1,1,3126.8,4,1,3126.7,50,2,3126.6,91,3,3126.5,215,7,3127.9,25,1,3128.0,13,1,3128.2,23,2,3128.3,101,2,3128.4,213,2
2031,2026-06-16 10:59:14+05:30,3127.9,1,3131.07,1388978,130408.0,201026.0,3163.0,3163.0,3108.0,3134.3,31877200,3447.7,2820.9,3839.9,2896.0,3127.3,1,1,3126.8,4,1,3126.7,50,2,3126.6,91,3,3126.5,215,7,3127.9,25,1,3128.0,13,1,3128.2,23,2,3128.3,101,2,3128.4,213,2
2031,2026-06-16 10:59:15+05:30,3127.9,1,3131.07,1388978,130826.0,201355.0,3163.0,3163.0,3108.0,3134.3,31877200,3447.7,2820.9,3839.9,2896.0,3127.6,2,2,3127.3,2,2,3126.8,4,1,3126.7,113,3,3126.6,116,4,3127.9,25,1,3128.1,111,2,3128.2,20,1,3128.3,256,2,3128.4,213,2
2031,2026-06-16 10:59:16+05:30,3127.7,90,3131.07,1388978,130826.0,201355.0,3163.0,3163.0,3108.0,3134.3,31877200,3447.7,2820.9,3839.9,2896.0,3127.6,2,2,3127.3,2,2,3126.8,4,1,3126.7,113,3,3126.6,116,4,3127.9,25,1,3128.1,111,2,3128.2,20,1,3128.3,256,2,3128.4,213,2
2031,2026-06-16 10:59:16+05:30,3127.7,90,3131.07,1389093,130204.0,201972.0,3163.0,3163.0,3108.0,3134.3,31877200,3447.7,2820.9,3839.9,2896.0,3127.3,2,2,3126.9,24,1,3126.8,4,1,3126.7,5,1,3126.6,5,1,3127.6,13,1,3127.7,110,1,3127.8,176,1,3127.9,51,2,3128.0,22,1
2031,2026-06-16 10:59:17+05:30,3127.4,24,3131.07,1389093,130204.0,201972.0,3163.0,3163.0,3108.0,3134.3,31877200,3447.7,2820.9,3839.9,2896.0,3127.3,2,2,3126.9,24,1,3126.8,4,1,3126.7,5,1,3126.6,5,1,3127.6,13,1,3127.7,110,1,3127.8,176,1,3127.9,51,2,3128.0,22,1
2031,2026-06-16 10:59:17+05:30,3127.4,24,3131.07,1389354,129638.0,201777.0,3163.0,3163.0,3108.0,3134.3,31877200,3447.7,2820.9,3839.9,2896.0,3127.4,24,1,3127.3,2,2,3126.5,22,1,3126.3,324,4,3126.2,4,2,3127.6,209,2,3127.7,110,1,3127.8,192,3,3127.9,17,1,3128.0,97,3
2031,2026-06-16 10:59:18+05:30,3127.4,1,3131.07,1389354,129638.0,201777.0,3163.0,3163.0,3108.0,3134.3,31877200,3447.7,2820.9,3839.9,2896.0,3127.4,24,1,3127.3,2,2,3126.5,22,1,3126.3,324,4,3126.2,4,2,3127.6,209,2,3127.7,110,1,3127.8,192,3,3127.9,17,1,3128.0,97,3
2031,2026-06-16 10:59:19+05:30,3127.4,1,3131.07,1389430,129801.0,201733.0,3163.0,3163.0,3108.0,3134.3,31877200,3447.7,2820.9,3839.9,2896.0,3127.3,1,1,3126.3,324,4,3126.2,4,2,3126.1,129,7,3126.0,319,7,3127.4,153,2,3127.5,1,1,3127.6,17,2,3127.7,110,1,3127.8,254,4
2031,2026-06-16 10:59:19+05:30,3127.3,9,3131.07,1389430,129801.0,201733.0,3163.0,3163.0,3108.0,3134.3,31877200,3447.7,2820.9,3839.9,2896.0,3127.3,1,1,3126.3,324,4,3126.2,4,2,3126.1,129,7,3126.0,319,7,3127.4,153,2,3127.5,1,1,3127.6,17,2,3127.7,110,1,3127.8,254,4
2031,2026-06-16 10:59:20+05:30,3127.3,9,3131.07,1389439,129769.0,201223.0,3163.0,3163.0,3108.0,3134.3,31877200,3447.7,2820.9,3839.9,2896.0,3126.4,13,1,3126.3,329,5,3126.2,30,4,3126.1,111,5,3126.0,301,6,3127.4,170,3,3127.5,1,1,3127.6,3,1,3127.7,110,1,3127.8,280,4
2031,2026-06-16 10:59:20+05:30,3126.3,1,3131.07,1389439,129769.0,201223.0,3163.0,3163.0,3108.0,3134.3,31877200,3447.7,2820.9,3839.9,2896.0,3126.4,13,1,3126.3,329,5,3126.2,30,4,3126.1,111,5,3126.0,301,6,3127.4,170,3,3127.5,1,1,3127.6,3,1,3127.7,110,1,3127.8,280,4
2031,2026-06-16 10:59:21+05:30,3126.3,1,3131.07,1389593,128671.0,202091.0,3163.0,3163.0,3108.0,3134.3,31877200,3447.7,2820.9,3839.9,2896.0,3126.3,163,2,3126.2,4,2,3126.1,16,3,3126.0,284,5,3125.9,48,3,3127.4,37,4,3127.5,64,2,3127.6,150,2,3127.7,232,3,3127.8,132,5
2031,2026-06-16 10:59:21+05:30,3127.4,1,3131.07,1389593,128671.0,202091.0,3163.0,3163.0,3108.0,3134.3,31877200,3447.7,2820.9,3839.9,2896.0,3126.3,163,2,3126.2,4,2,3126.1,16,3,3126.0,284,5,3125.9,48,3,3127.4,37,4,3127.5,64,2,3127.6,150,2,3127.7,232,3,3127.8,132,5
2031,2026-06-16 10:59:22+05:30,3127.4,1,3131.07,1389645,128745.0,201850.0,3163.0,3163.0,3108.0,3134.3,31877200,3447.7,2820.9,3839.9,2896.0,3126.3,186,3,3126.2,4,2,3126.1,75,4,3126.0,284,5,3125.9,74,5,3127.4,21,1,3127.5,1,1,3127.6,110,1,3127.7,232,3,3127.8,165,4
2031,2026-06-16 10:59:23+05:30,3127.4,1,3131.07,1389645,129404.0,201786.0,3163.0,3163.0,3108.0,3134.3,31877200,3447.7,2820.9,3839.9,2896.0,3126.3,224,4,3126.2,4,2,3126.1,113,5,3126.0,284,5,3125.9,74,5,3127.4,21,1,3127.5,1,1,3127.6,110,1,3127.7,232,3,3127.8,106,3
2031,2026-06-16 10:59:24+05:30,3126.3,14,3131.06,1389845,128455.0,201922.0,3163.0,3163.0,3108.0,3134.3,31877200,3447.7,2820.9,3839.9,2896.0,3126.3,48,3,3126.2,35,3,3126.1,185,4,3126.0,302,6,3125.9,92,6,3127.4,21,1,3127.5,1,1,3127.6,110,1,3127.7,223,2,3127.8,59,2
2031,2026-06-16 10:59:24+05:30,3126.9,21,3131.06,1389845,128455.0,201922.0,3163.0,3163.0,3108.0,3134.3,31877200,3447.7,2820.9,3839.9,2896.0,3126.3,48,3,3126.2,35,3,3126.1,185,4,3126.0,302,6,3125.9,92,6,3127.4,21,1,3127.5,1,1,3127.6,110,1,3127.7,223,2,3127.8,59,2
2031,2026-06-16 10:59:25+05:30,3126.3,148,3131.06,1390088,128952.0,202066.0,3163.0,3163.0,3108.0,3134.3,31877200,3447.7,2820.9,3839.9,2896.0,3126.3,10,1,3126.2,49,3,3126.1,10,2,3126.0,282,5,3125.9,85,2,3127.5,1,1,3127.6,166,2,3127.7,223,2,3127.8,59,2,3127.9,40,2
2031,2026-06-16 10:59:25+05:30,3127.3,10,3131.06,1390088,128952.0,202066.0,3163.0,3163.0,3108.0,3134.3,31877200,3447.7,2820.9,3839.9,2896.0,3126.3,10,1,3126.2,49,3,3126.1,10,2,3126.0,282,5,3125.9,85,2,3127.5,1,1,3127.6,166,2,3127.7,223,2,3127.8,59,2,3127.9,40,2
2031,2026-06-16 10:59:26+05:30,3127.3,10,3131.06,1390122,129015.0,200118.0,3163.0,3163.0,3108.0,3134.3,31877200,3447.7,2820.9,3839.9,2896.0,3126.3,10,1,3126.2,4,2,3126.1,10,2,3126.0,327,5,3125.9,122,5,3127.4,3,1,3127.5,9,2,3127.6,166,2,3127.7,176,1,3127.8,59,2
2031,2026-06-16 10:59:26+05:30,3126.3,4,3131.06,1390122,129015.0,200118.0,3163.0,3163.0,3108.0,3134.3,31877200,3447.7,2820.9,3839.9,2896.0,3126.3,10,1,3126.2,4,2,3126.1,10,2,3126.0,327,5,3125.9,122,5,3127.4,3,1,3127.5,9,2,3127.6,166,2,3127.7,176,1,3127.8,59,2
2031,2026-06-16 10:59:27+05:30,3126.4,2,3131.06,1390131,129505.0,202125.0,3163.0,3163.0,3108.0,3134.3,31877200,3447.7,2820.9,3839.9,2896.0,3126.5,16,1,3126.4,29,2,3126.3,155,7,3126.2,44,4,3126.1,265,5,3127.5,9,2,3127.7,110,1,3127.8,235,3,3128.0,77,2,3128.2,63,3
2031,2026-06-16 10:59:27+05:30,3127.4,1,3131.06,1390131,129505.0,202125.0,3163.0,3163.0,3108.0,3134.3,31877200,3447.7,2820.9,3839.9,2896.0,3126.5,16,1,3126.4,29,2,3126.3,155,7,3126.2,44,4,3126.1,265,5,3127.5,9,2,3127.7,110,1,3127.8,235,3,3128.0,77,2,3128.2,63,3
2031,2026-06-16 10:59:28+05:30,3127.4,1,3131.06,1390132,129532.0,202258.0,3163.0,3163.0,3108.0,3134.3,31877200,3447.7,2820.9,3839.9,2896.0,3126.6,13,1,3126.5,52,3,3126.4,62,4,3126.3,93,5,3126.2,108,5,3127.5,45,5,3127.7,110,1,3127.8,235,3,3128.0,77,2,3128.2,63,3
2031,2026-06-16 10:59:29+05:30,3127.4,1,3131.06,1390132,129375.0,202408.0,3163.0,3163.0,3108.0,3134.3,31877200,3447.7,2820.9,3839.9,2896.0,3126.5,16,1,3126.4,15,1,3126.3,46,4,3126.2,75,4,3126.1,86,4,3127.5,45,5,3127.7,157,2,3127.8,235,3,3128.0,96,3,3128.2,144,5
2031,2026-06-16 10:59:29+05:30,3127.5,1,3131.06,1390132,129375.0,202408.0,3163.0,3163.0,3108.0,3134.3,31877200,3447.7,2820.9,3839.9,2896.0,3126.5,16,1,3126.4,15,1,3126.3,46,4,3126.2,75,4,3126.1,86,4,3127.5,45,5,3127.7,157,2,3127.8,235,3,3128.0,96,3,3128.2,144,5
2031,2026-06-16 10:59:30+05:30,3127.5,1,3131.06,1390133,129336.0,202128.0,3163.0,3163.0,3108.0,3134.3,31877200,3447.7,2820.9,3839.9,2896.0,3126.5,17,2,3126.4,55,3,3126.3,119,6,3126.2,109,5,3126.1,52,4,3127.5,70,5,3127.7,110,1,3127.8,235,3,3128.0,77,2,3128.2,63,3
2031,2026-06-16 10:59:31+05:30,3127.5,5,3131.06,1390148,129552.0,200331.0,3163.0,3163.0,3108.0,3134.3,31877200,3447.7,2820.9,3839.9,2896.0,3127.0,2,2,3126.7,12,1,3126.6,50,3,3126.5,32,3,3126.4,63,3,3127.5,63,3,3127.7,110,1,3127.8,179,2,3128.0,56,1,3128.2,55,3
2031,2026-06-16 10:59:31+05:30,3127.5,5,3131.06,1390148,129552.0,200331.0,3163.0,3163.0,3108.0,3134.3,31877200,3447.7,2820.9,3839.9,2896.0,3127.0,2,2,3126.7,12,1,3126.6,50,3,3126.5,32,3,3126.4,63,3,3127.5,63,3,3127.7,110,1,3127.8,179,2,3128.0,56,1,3128.2,55,3
2031,2026-06-16 10:59:32+05:30,3126.6,4,3131.06,1390168,129438.0,201955.0,3163.0,3163.0,3108.0,3134.3,31877200,3447.7,2820.9,3839.9,2896.0,3126.6,54,3,3126.5,32,3,3126.4,15,1,3126.3,168,6,3126.2,119,5,3127.4,4,1,3127.5,55,2,3127.7,110,1,3127.8,232,2,3128.0,76,2
2031,2026-06-16 10:59:32+05:30,3126.6,4,3131.06,1390168,129438.0,201955.0,3163.0,3163.0,3108.0,3134.3,31877200,3447.7,2820.9,3839.9,2896.0,3126.6,54,3,3126.5,32,3,3126.4,15,1,3126.3,168,6,3126.2,119,5,3127.4,4,1,3127.5,55,2,3127.7,110,1,3127.8,232,2,3128.0,76,2
2031,2026-06-16 10:59:33+05:30,3126.6,4,3131.06,1390168,129460.0,201758.0,3163.0,3163.0,3108.0,3134.3,31877200,3447.7,2820.9,3839.9,2896.0,3126.6,54,3,3126.5,32,3,3126.4,15,1,3126.3,186,7,3126.2,119,5,3127.4,4,1,3127.5,55,2,3127.7,110,1,3127.8,232,2,3128.0,76,2
2031,2026-06-16 10:59:34+05:30,3127.5,7,3131.06,1390179,129574.0,201836.0,3163.0,3163.0,3108.0,3134.3,31877200,3447.7,2820.9,3839.9,2896.0,3126.6,54,3,3126.5,44,4,3126.4,45,2,3126.3,190,7,3126.2,85,5,3127.5,48,2,3127.7,110,1,3127.8,176,1,3128.0,20,1,3128.2,34,2
2031,2026-06-16 10:59:34+05:30,3127.5,7,3131.06,1390179,129574.0,201836.0,3163.0,3163.0,3108.0,3134.3,31877200,3447.7,2820.9,3839.9,2896.0,3126.6,54,3,3126.5,44,4,3126.4,45,2,3126.3,190,7,3126.2,85,5,3127.5,48,2,3127.7,110,1,3127.8,176,1,3128.0,20,1,3128.2,34,2
2031,2026-06-16 10:59:34+05:30,3127.5,2,3131.06,1390179,129574.0,201836.0,3163.0,3163.0,3108.0,3134.3,31877200,3447.7,2820.9,3839.9,2896.0,3126.6,54,3,3126.5,44,4,3126.4,45,2,3126.3,190,7,3126.2,85,5,3127.5,48,2,3127.7,110,1,3127.8,176,1,3128.0,20,1,3128.2,34,2
2031,2026-06-16 10:59:35+05:30,3127.5,15,3131.06,1390267,129593.0,201325.0,3163.0,3163.0,3108.0,3134.3,31877200,3447.7,2820.9,3839.9,2896.0,3126.7,14,1,3126.6,67,4,3126.5,126,6,3126.4,92,3,3126.3,108,5,3127.4,11,1,3127.5,15,1,3128.0,20,1,3128.2,34,2,3128.3,56,1
2031,2026-06-16 10:59:35+05:30,3127.5,15,3131.06,1390267,129593.0,201325.0,3163.0,3163.0,3108.0,3134.3,31877200,3447.7,2820.9,3839.9,2896.0,3126.7,14,1,3126.6,67,4,3126.5,126,6,3126.4,92,3,3126.3,108,5,3127.4,11,1,3127.5,15,1,3128.0,20,1,3128.2,34,2,3128.3,56,1
2031,2026-06-16 10:59:35+05:30,3127.5,15,3131.06,1390267,129593.0,201325.0,3163.0,3163.0,3108.0,3134.3,31877200,3447.7,2820.9,3839.9,2896.0,3126.7,14,1,3126.6,67,4,3126.5,126,6,3126.4,92,3,3126.3,108,5,3127.4,11,1,3127.5,15,1,3128.0,20,1,3128.2,34,2,3128.3,56,1
2031,2026-06-16 10:59:36+05:30,3127.5,4,3131.06,1390282,129480.0,201727.0,3163.0,3163.0,3108.0,3134.3,31877200,3447.7,2820.9,3839.9,2896.0,3127.0,23,1,3126.7,14,1,3126.6,3,1,3126.5,50,4,3126.4,135,3,3127.5,11,1,3128.2,144,3,3128.3,232,2,3128.4,90,3,3128.5,33,2
2031,2026-06-16 10:59:36+05:30,3127.5,4,3131.06,1390282,129480.0,201727.0,3163.0,3163.0,3108.0,3134.3,31877200,3447.7,2820.9,3839.9,2896.0,3127.0,23,1,3126.7,14,1,3126.6,3,1,3126.5,50,4,3126.4,135,3,3127.5,11,1,3128.2,144,3,3128.3,232,2,3128.4,90,3,3128.5,33,2
2031,2026-06-16 10:59:37+05:30,3127.0,47,3131.06,1390329,129705.0,201367.0,3163.0,3163.0,3108.0,3134.3,31877200,3447.7,2820.9,3839.9,2896.0,3127.0,23,1,3126.5,17,2,3126.3,64,4,3126.2,71,4,3126.1,43,4,3127.4,7,1,3127.5,200,1,3127.9,15,2,3128.0,74,2,3128.1,39,2
2031,2026-06-16 10:59:37+05:30,3127.0,47,3131.06,1390329,129705.0,201367.0,3163.0,3163.0,3108.0,3134.3,31877200,3447.7,2820.9,3839.9,2896.0,3127.0,23,1,3126.5,17,2,3126.3,64,4,3126.2,71,4,3126.1,43,4,3127.4,7,1,3127.5,200,1,3127.9,15,2,3128.0,74,2,3128.1,39,2
2031,2026-06-16 10:59:38+05:30,3127.0,47,3131.06,1390329,129705.0,201367.0,3163.0,3163.0,3108.0,3134.3,31877200,3447.7,2820.9,3839.9,2896.0,3127.0,23,1,3126.5,17,2,3126.3,64,4,3126.2,71,4,3126.1,43,4,3127.4,7,1,3127.5,200,1,3127.9,15,2,3128.0,74,2,3128.1,39,2
2031,2026-06-16 10:59:38+05:30,3127.0,47,3131.06,1390329,129723.0,201308.0,3163.0,3163.0,3108.0,3134.3,31877200,3447.7,2820.9,3839.9,2896.0,3127.0,23,1,3126.5,1,1,3126.3,64,4,3126.2,71,4,3126.1,43,4,3127.4,54,2,3127.5,200,1,3127.9,15,2,3128.0,120,2,3128.1,234,4
2031,2026-06-16 10:59:39+05:30,3126.9,5,3131.06,1390329,129723.0,201308.0,3163.0,3163.0,3108.0,3134.3,31877200,3447.7,2820.9,3839.9,2896.0,3127.0,23,1,3126.5,1,1,3126.3,64,4,3126.2,71,4,3126.1,43,4,3127.4,54,2,3127.5,200,1,3127.9,15,2,3128.0,120,2,3128.1,234,4
2031,2026-06-16 10:59:39+05:30,3126.9,5,3131.06,1390329,129723.0,201308.0,3163.0,3163.0,3108.0,3134.3,31877200,3447.7,2820.9,3839.9,2896.0,3127.0,23,1,3126.5,1,1,3126.3,64,4,3126.2,71,4,3126.1,43,4,3127.4,54,2,3127.5,200,1,3127.9,15,2,3128.0,120,2,3128.1,234,4
2031,2026-06-16 10:59:39+05:30,3126.9,5,3131.06,1390535,128779.0,200802.0,3163.0,3163.0,3108.0,3134.3,31877200,3447.7,2820.9,3839.9,2896.0,3126.5,1,1,3126.4,25,1,3126.2,4,2,3126.1,10,2,3126.0,328,5,3127.4,62,3,3127.5,370,3,3127.6,147,2,3127.7,245,3,3127.8,101,4
2031,2026-06-16 10:59:40+05:30,3127.3,1,3131.06,1390535,128779.0,200802.0,3163.0,3163.0,3108.0,3134.3,31877200,3447.7,2820.9,3839.9,2896.0,3126.5,1,1,3126.4,25,1,3126.2,4,2,3126.1,10,2,3126.0,328,5,3127.4,62,3,3127.5,370,3,3127.6,147,2,3127.7,245,3,3127.8,101,4
2031,2026-06-16 10:59:40+05:30,3127.3,1,3131.06,1390538,128783.0,202556.0,3163.0,3163.0,3108.0,3134.3,31877200,3447.7,2820.9,3839.9,2896.0,3126.4,25,1,3126.2,4,2,3126.1,10,2,3126.0,271,4,3125.9,21,1,3127.3,3,1,3127.4,78,3,3127.5,556,6,3127.6,83,2,3127.7,43,2
2031,2026-06-16 10:59:41+05:30,3127.3,1,3131.06,1390538,128783.0,202556.0,3163.0,3163.0,3108.0,3134.3,31877200,3447.7,2820.9,3839.9,2896.0,3126.4,25,1,3126.2,4,2,3126.1,10,2,3126.0,271,4,3125.9,21,1,3127.3,3,1,3127.4,78,3,3127.5,556,6,3127.6,83,2,3127.7,43,2
2031,2026-06-16 10:59:41+05:30,3127.2,40,3131.06,1390538,128783.0,202556.0,3163.0,3163.0,3108.0,3134.3,31877200,3447.7,2820.9,3839.9,2896.0,3126.4,25,1,3126.2,4,2,3126.1,10,2,3126.0,271,4,3125.9,21,1,3127.3,3,1,3127.4,78,3,3127.5,556,6,3127.6,83,2,3127.7,43,2
2031,2026-06-16 10:59:41+05:30,3127.2,40,3131.06,1390581,129327.0,202311.0,3163.0,3163.0,3108.0,3134.3,31877200,3447.7,2820.9,3839.9,2896.0,3126.4,9,1,3126.3,32,2,3126.2,4,2,3126.1,14,3,3126.0,271,4,3127.2,39,1,3127.4,78,3,3127.5,480,4,3127.6,259,3,3127.8,61,2
2031,2026-06-16 10:59:42+05:30,3126.6,22,3131.06,1390581,129327.0,202311.0,3163.0,3163.0,3108.0,3134.3,31877200,3447.7,2820.9,3839.9,2896.0,3126.4,9,1,3126.3,32,2,3126.2,4,2,3126.1,14,3,3126.0,271,4,3127.2,39,1,3127.4,78,3,3127.5,480,4,3127.6,259,3,3127.8,61,2
2031,2026-06-16 10:59:42+05:30,3126.6,22,3131.06,1390709,129270.0,202919.0,3163.0,3163.0,3108.0,3134.3,31877200,3447.7,2820.9,3839.9,2896.0,3126.6,22,1,3126.2,8,3,3126.1,14,3,3126.0,307,6,3125.9,104,3,3127.4,66,2,3127.5,424,3,3127.6,232,2,3127.7,21,1,3127.8,105,3
2031,2026-06-16 10:59:43+05:30,3126.6,22,3131.06,1390709,129270.0,202919.0,3163.0,3163.0,3108.0,3134.3,31877200,3447.7,2820.9,3839.9,2896.0,3126.6,22,1,3126.2,8,3,3126.1,14,3,3126.0,307,6,3125.9,104,3,3127.4,66,2,3127.5,424,3,3127.6,232,2,3127.7,21,1,3127.8,105,3
2031,2026-06-16 10:59:43+05:30,3126.6,22,3131.06,1390709,129447.0,202876.0,3163.0,3163.0,3108.0,3134.3,31877200,3447.7,2820.9,3839.9,2896.0,3126.6,62,2,3126.2,20,4,3126.1,169,4,3126.0,427,8,3125.9,40,2,3127.3,8,1,3127.4,66,2,3127.5,424,3,3127.6,232,2,3127.8,86,2
2031,2026-06-16 10:59:44+05:30,3126.6,22,3131.06,1390709,129447.0,202876.0,3163.0,3163.0,3108.0,3134.3,31877200,3447.7,2820.9,3839.9,2896.0,3126.6,62,2,3126.2,20,4,3126.1,169,4,3126.0,427,8,3125.9,40,2,3127.3,8,1,3127.4,66,2,3127.5,424,3,3127.6,232,2,3127.8,86,2
2031,2026-06-16 10:59:44+05:30,3126.6,22,3131.06,1390709,129446.0,202861.0,3163.0,3163.0,3108.0,3134.3,31877200,3447.7,2820.9,3839.9,2896.0,3126.6,62,2,3126.2,20,4,3126.1,14,3,3126.0,363,7,3125.9,104,3,3127.3,25,2,3127.4,66,2,3127.5,424,3,3127.6,232,2,3127.8,86,2
2031,2026-06-16 10:59:45+05:30,3126.6,22,3131.06,1390709,129446.0,202861.0,3163.0,3163.0,3108.0,3134.3,31877200,3447.7,2820.9,3839.9,2896.0,3126.6,62,2,3126.2,20,4,3126.1,14,3,3126.0,363,7,3125.9,104,3,3127.3,25,2,3127.4,66,2,3127.5,424,3,3127.6,232,2,3127.8,86,2
2031,2026-06-16 10:59:45+05:30,3127.3,8,3131.06,1390969,128730.0,202301.0,3163.0,3163.0,3108.0,3134.3,31877200,3447.7,2820.9,3839.9,2896.0,3126.2,4,2,3126.1,28,3,3126.0,289,5,3125.9,28,3,3125.8,51,2,3126.4,25,1,3127.3,17,1,3127.4,122,3,3127.5,424,3,3127.6,253,3
2031,2026-06-16 10:59:45+05:30,3126.4,25,3131.06,1390969,128730.0,202301.0,3163.0,3163.0,3108.0,3134.3,31877200,3447.7,2820.9,3839.9,2896.0,3126.2,4,2,3126.1,28,3,3126.0,289,5,3125.9,28,3,3125.8,51,2,3126.4,25,1,3127.3,17,1,3127.4,122,3,3127.5,424,3,3127.6,253,3
2031,2026-06-16 10:59:45+05:30,3126.4,25,3131.06,1390969,128730.0,202301.0,3163.0,3163.0,3108.0,3134.3,31877200,3447.7,2820.9,3839.9,2896.0,3126.2,4,2,3126.1,28,3,3126.0,289,5,3125.9,28,3,3125.8,51,2,3126.4,25,1,3127.3,17,1,3127.4,122,3,3127.5,424,3,3127.6,253,3
2031,2026-06-16 10:59:46+05:30,3126.4,25,3131.06,1390969,128730.0,202301.0,3163.0,3163.0,3108.0,3134.3,31877200,3447.7,2820.9,3839.9,2896.0,3126.2,4,2,3126.1,28,3,3126.0,289,5,3125.9,28,3,3125.8,51,2,3126.4,25,1,3127.3,17,1,3127.4,122,3,3127.5,424,3,3127.6,253,3
2031,2026-06-16 10:59:46+05:30,3127.2,10,3131.06,1391004,129169.0,202500.0,3163.0,3163.0,3108.0,3134.3,31877200,3447.7,2820.9,3839.9,2896.0,3126.4,13,1,3126.3,76,3,3126.2,184,4,3126.1,126,6,3126.0,658,11,3127.3,17,1,3127.4,66,2,3127.5,424,3,3127.6,232,2,3127.8,60,2
2031,2026-06-16 10:59:46+05:30,3127.2,10,3131.06,1391004,129169.0,202500.0,3163.0,3163.0,3108.0,3134.3,31877200,3447.7,2820.9,3839.9,2896.0,3126.4,13,1,3126.3,76,3,3126.2,184,4,3126.1,126,6,3126.0,658,11,3127.3,17,1,3127.4,66,2,3127.5,424,3,3127.6,232,2,3127.8,60,2
2031,2026-06-16 10:59:46+05:30,3127.2,10,3131.06,1391004,129169.0,202500.0,3163.0,3163.0,3108.0,3134.3,31877200,3447.7,2820.9,3839.9,2896.0,3126.4,13,1,3126.3,76,3,3126.2,184,4,3126.1,126,6,3126.0,658,11,3127.3,17,1,3127.4,66,2,3127.5,424,3,3127.6,232,2,3127.8,60,2
2031,2026-06-16 10:59:47+05:30,3127.2,10,3131.06,1391004,129169.0,202500.0,3163.0,3163.0,3108.0,3134.3,31877200,3447.7,2820.9,3839.9,2896.0,3126.4,13,1,3126.3,76,3,3126.2,184,4,3126.1,126,6,3126.0,658,11,3127.3,17,1,3127.4,66,2,3127.5,424,3,3127.6,232,2,3127.8,60,2
2031,2026-06-16 10:59:47+05:30,3127.2,1,3131.06,1391006,129512.0,202658.0,3163.0,3163.0,3108.0,3134.3,31877200,3447.7,2820.9,3839.9,2896.0,3126.5,14,1,3126.3,66,5,3126.2,149,6,3126.1,190,7,3126.0,394,9,3127.3,16,1,3127.4,66,2,3127.5,318,3,3127.6,110,1,3127.7,176,1
2031,2026-06-16 10:59:47+05:30,3127.2,1,3131.06,1391006,129512.0,202658.0,3163.0,3163.0,3108.0,3134.3,31877200,3447.7,2820.9,3839.9,2896.0,3126.5,14,1,3126.3,66,5,3126.2,149,6,3126.1,190,7,3126.0,394,9,3127.3,16,1,3127.4,66,2,3127.5,318,3,3127.6,110,1,3127.7,176,1
2031,2026-06-16 10:59:48+05:30,3127.2,1,3131.06,1391006,129512.0,202658.0,3163.0,3163.0,3108.0,3134.3,31877200,3447.7,2820.9,3839.9,2896.0,3126.5,14,1,3126.3,66,5,3126.2,149,6,3126.1,190,7,3126.0,394,9,3127.3,16,1,3127.4,66,2,3127.5,318,3,3127.6,110,1,3127.7,176,1
2031,2026-06-16 10:59:48+05:30,3126.2,52,3131.06,1391206,129215.0,202657.0,3163.0,3163.0,3108.0,3134.3,31877200,3447.7,2820.9,3839.9,2896.0,3126.3,23,1,3126.2,24,3,3126.1,260,5,3126.0,464,10,3125.9,37,3,3127.3,16,1,3127.4,66,2,3127.5,324,4,3127.6,110,1,3127.7,232,2
2031,2026-06-16 10:59:48+05:30,3126.2,52,3131.06,1391206,129215.0,202657.0,3163.0,3163.0,3108.0,3134.3,31877200,3447.7,2820.9,3839.9,2896.0,3126.3,23,1,3126.2,24,3,3126.1,260,5,3126.0,464,10,3125.9,37,3,3127.3,16,1,3127.4,66,2,3127.5,324,4,3127.6,110,1,3127.7,232,2
2031,2026-06-16 10:59:49+05:30,3126.2,52,3131.06,1391206,129215.0,202657.0,3163.0,3163.0,3108.0,3134.3,31877200,3447.7,2820.9,3839.9,2896.0,3126.3,23,1,3126.2,24,3,3126.1,260,5,3126.0,464,10,3125.9,37,3,3127.3,16,1,3127.4,66,2,3127.5,324,4,3127.6,110,1,3127.7,232,2
2031,2026-06-16 10:59:49+05:30,3127.2,22,3131.06,1391228,129010.0,202450.0,3163.0,3163.0,3108.0,3134.3,31877200,3447.7,2820.9,3839.9,2896.0,3126.3,23,1,3126.2,23,3,3126.1,72,4,3126.0,659,11,3125.9,37,3,3127.3,16,1,3127.4,66,2,3127.5,324,4,3127.6,110,1,3127.7,232,2
2031,2026-06-16 10:59:49+05:30,3127.2,22,3131.06,1391228,129010.0,202450.0,3163.0,3163.0,3108.0,3134.3,31877200,3447.7,2820.9,3839.9,2896.0,3126.3,23,1,3126.2,23,3,3126.1,72,4,3126.0,659,11,3125.9,37,3,3127.3,16,1,3127.4,66,2,3127.5,324,4,3127.6,110,1,3127.7,232,2
2031,2026-06-16 10:59:50+05:30,3127.2,22,3131.06,1391228,129010.0,202450.0,3163.0,3163.0,3108.0,3134.3,31877200,3447.7,2820.9,3839.9,2896.0,3126.3,23,1,3126.2,23,3,3126.1,72,4,3126.0,659,11,3125.9,37,3,3127.3,16,1,3127.4,66,2,3127.5,324,4,3127.6,110,1,3127.7,232,2
2031,2026-06-16 10:59:50+05:30,3127.2,60,3131.06,1391424,128827.0,202829.0,3163.0,3163.0,3108.0,3134.3,31877200,3447.7,2820.9,3839.9,2896.0,3126.3,13,1,3126.2,4,2,3126.1,10,2,3126.0,289,6,3125.7,186,6,3127.3,16,1,3127.4,56,1,3127.5,410,6,3127.6,110,1,3127.7,232,2
2031,2026-06-16 10:59:50+05:30,3127.2,60,3131.06,1391424,128827.0,202829.0,3163.0,3163.0,3108.0,3134.3,31877200,3447.7,2820.9,3839.9,2896.0,3126.3,13,1,3126.2,4,2,3126.1,10,2,3126.0,289,6,3125.7,186,6,3127.3,16,1,3127.4,56,1,3127.5,410,6,3127.6,110,1,3127.7,232,2
2031,2026-06-16 10:59:50+05:30,3127.2,60,3131.06,1391424,128827.0,202829.0,3163.0,3163.0,3108.0,3134.3,31877200,3447.7,2820.9,3839.9,2896.0,3126.3,13,1,3126.2,4,2,3126.1,10,2,3126.0,289,6,3125.7,186,6,3127.3,16,1,3127.4,56,1,3127.5,410,6,3127.6,110,1,3127.7,232,2
2031,2026-06-16 10:59:51+05:30,3127.2,60,3131.06,1391424,128827.0,202829.0,3163.0,3163.0,3108.0,3134.3,31877200,3447.7,2820.9,3839.9,2896.0,3126.3,13,1,3126.2,4,2,3126.1,10,2,3126.0,289,6,3125.7,186,6,3127.3,16,1,3127.4,56,1,3127.5,410,6,3127.6,110,1,3127.7,232,2
2031,2026-06-16 10:59:51+05:30,3127.2,15,3131.06,1391440,128902.0,203159.0,3163.0,3163.0,3108.0,3134.3,31877200,3447.7,2820.9,3839.9,2896.0,3126.3,13,1,3126.2,16,3,3126.1,10,2,3126.0,289,6,3125.8,126,3,3127.3,15,1,3127.5,520,7,3127.6,176,1,3127.7,56,1,3127.8,76,3
2031,2026-06-16 10:59:51+05:30,3127.2,15,3131.06,1391440,128902.0,203159.0,3163.0,3163.0,3108.0,3134.3,31877200,3447.7,2820.9,3839.9,2896.0,3126.3,13,1,3126.2,16,3,3126.1,10,2,3126.0,289,6,3125.8,126,3,3127.3,15,1,3127.5,520,7,3127.6,176,1,3127.7,56,1,3127.8,76,3
2031,2026-06-16 10:59:52+05:30,3127.2,15,3131.06,1391440,128902.0,203159.0,3163.0,3163.0,3108.0,3134.3,31877400,3447.7,2820.9,3839.9,2896.0,3126.3,13,1,3126.2,16,3,3126.1,10,2,3126.0,289,6,3125.8,126,3,3127.3,15,1,3127.5,520,7,3127.6,176,1,3127.7,56,1,3127.8,76,3
2031,2026-06-16 10:59:52+05:30,3126.3,76,3131.06,1391576,128805.0,203193.0,3163.0,3163.0,3108.0,3134.3,31877400,3447.7,2820.9,3839.9,2896.0,3126.3,23,1,3126.2,4,2,3126.1,10,2,3126.0,283,5,3125.7,78,2,3127.3,53,5,3127.4,29,2,3127.5,698,8,3127.6,13,1,3127.7,77,2
2031,2026-06-16 10:59:52+05:30,3126.3,76,3131.06,1391576,128805.0,203193.0,3163.0,3163.0,3108.0,3134.3,31877400,3447.7,2820.9,3839.9,2896.0,3126.3,23,1,3126.2,4,2,3126.1,10,2,3126.0,283,5,3125.7,78,2,3127.3,53,5,3127.4,29,2,3127.5,698,8,3127.6,13,1,3127.7,77,2
2031,2026-06-16 10:59:53+05:30,3126.3,23,3131.06,1391628,128371.0,203009.0,3163.0,3163.0,3108.0,3134.3,31877400,3447.7,2820.9,3839.9,2896.0,3126.3,3,1,3126.2,4,2,3126.1,26,3,3126.0,283,5,3125.9,20,1,3127.2,35,3,3127.3,148,5,3127.4,223,3,3127.5,438,7,3127.6,65,1
2031,2026-06-16 10:59:53+05:30,3126.3,23,3131.06,1391628,128371.0,203009.0,3163.0,3163.0,3108.0,3134.3,31877400,3447.7,2820.9,3839.9,2896.0,3126.3,3,1,3126.2,4,2,3126.1,26,3,3126.0,283,5,3125.9,20,1,3127.2,35,3,3127.3,148,5,3127.4,223,3,3127.5,438,7,3127.6,65,1
2031,2026-06-16 10:59:54+05:30,3127.2,10,3131.06,1391717,128772.0,203002.0,3163.0,3163.0,3108.0,3134.3,31877400,3447.7,2820.9,3839.9,2896.0,3126.3,12,2,3126.2,4,2,3126.1,75,4,3126.0,335,5,3125.9,104,3,3127.3,24,3,3127.5,434,5,3127.6,213,2,3127.7,56,1,3127.8,90,3
2031,2026-06-16 10:59:54+05:30,3127.2,10,3131.06,1391717,128772.0,203002.0,3163.0,3163.0,3108.0,3134.3,31877400,3447.7,2820.9,3839.9,2896.0,3126.3,12,2,3126.2,4,2,3126.1,75,4,3126.0,335,5,3125.9,104,3,3127.3,24,3,3127.5,434,5,3127.6,213,2,3127.7,56,1,3127.8,90,3
2031,2026-06-16 10:59:55+05:30,3127.2,5,3131.06,1391717,128772.0,203002.0,3163.0,3163.0,3108.0,3134.3,31877400,3447.7,2820.9,3839.9,2896.0,3126.3,12,2,3126.2,4,2,3126.1,75,4,3126.0,335,5,3125.9,104,3,3127.3,24,3,3127.5,434,5,3127.6,213,2,3127.7,56,1,3127.8,90,3
2031,2026-06-16 10:59:55+05:30,3127.2,5,3131.06,1391722,128953.0,202555.0,3163.0,3163.0,3108.0,3134.3,31877400,3447.7,2820.9,3839.9,2896.0,3126.3,26,2,3126.2,24,3,3126.1,75,4,3126.0,337,6,3125.9,304,4,3127.3,41,5,3127.5,234,4,3127.6,213,2,3127.7,56,1,3127.8,69,2
2031,2026-06-16 10:59:56+05:30,3127.2,1,3131.06,1391722,128953.0,202555.0,3163.0,3163.0,3108.0,3134.3,31877400,3447.7,2820.9,3839.9,2896.0,3126.3,26,2,3126.2,24,3,3126.1,75,4,3126.0,337,6,3125.9,304,4,3127.3,41,5,3127.5,234,4,3127.6,213,2,3127.7,56,1,3127.8,69,2
2031,2026-06-16 10:59:56+05:30,3127.2,1,3131.06,1391724,129170.0,201513.0,3163.0,3163.0,3108.0,3134.3,31877400,3447.7,2820.9,3839.9,2896.0,3126.3,87,6,3126.2,117,6,3126.1,139,5,3126.0,364,7,3125.9,83,4,3127.3,40,5,3127.5,124,3,3127.6,110,1,3127.7,232,2,3127.9,56,1
2031,2026-06-16 10:59:57+05:30,3127.2,1,3131.06,1391725,129326.0,201721.0,3163.0,3163.0,3108.0,3134.3,31877400,3447.7,2820.9,3839.9,2896.0,3126.4,32,1,3126.3,67,7,3126.2,318,7,3126.1,139,5,3126.0,376,9,3127.3,53,5,3127.5,124,3,3127.6,110,1,3127.7,232,2,3127.9,56,1
2031,2026-06-16 10:59:57+05:30,3127.2,1,3131.06,1391725,129326.0,201721.0,3163.0,3163.0,3108.0,3134.3,31877400,3447.7,2820.9,3839.9,2896.0,3126.4,32,1,3126.3,67,7,3126.2,318,7,3126.1,139,5,3126.0,376,9,3127.3,53,5,3127.5,124,3,3127.6,110,1,3127.7,232,2,3127.9,56,1
2031,2026-06-16 10:59:58+05:30,3127.2,1,3131.06,1391725,129339.0,201730.0,3163.0,3163.0,3108.0,3134.3,31877400,3447.7,2820.9,3839.9,2896.0,3126.4,57,2,3126.3,52,7,3126.2,129,7,3126.1,139,5,3126.0,366,8,3127.3,62,6,3127.5,124,3,3127.6,110,1,3127.7,232,2,3127.9,56,1
2031,2026-06-16 10:59:59+05:30,3126.4,9,3131.06,1391795,129196.0,201799.0,3163.0,3163.0,3108.0,3134.3,31877400,3447.7,2820.9,3839.9,2896.0,3126.4,25,1,3126.3,9,2,3126.2,27,4,3126.1,26,3,3126.0,303,7,3127.0,25,1,3127.3,96,7,3127.5,124,3,3127.6,110,1,3127.7,232,2
2031,2026-06-16 10:59:59+05:30,3127.0,25,3131.06,1391795,129196.0,201799.0,3163.0,3163.0,3108.0,3134.3,31877400,3447.7,2820.9,3839.9,2896.0,3126.4,25,1,3126.3,9,2,3126.2,27,4,3126.1,26,3,3126.0,303,7,3127.0,25,1,3127.3,96,7,3127.5,124,3,3127.6,110,1,3127.7,232,2
2031,2026-06-16 11:00:00+05:30,3127.2,11,3131.06,1391832,129126.0,202218.0,3163.0,3163.0,3108.0,3134.3,31877400,3447.7,2820.9,3839.9,2896.0,3126.7,2,2,3126.4,26,2,3126.3,9,2,3126.2,65,6,3126.1,26,3,3127.3,96,7,3127.5,124,3,3127.6,110,1,3127.7,232,2,3127.9,56,1
2031,2026-06-16 11:00:00+05:30,3127.2,11,3131.06,1391832,129126.0,202218.0,3163.0,3163.0,3108.0,3134.3,31877400,3447.7,2820.9,3839.9,2896.0,3126.7,2,2,3126.4,26,2,3126.3,9,2,3126.2,65,6,3126.1,26,3,3127.3,96,7,3127.5,124,3,3127.6,110,1,3127.7,232,2,3127.9,56,1
2031,2026-06-16 11:00:01+05:30,3127.3,1,3131.06,1391917,129340.0,202314.0,3163.0,3163.0,3108.0,3134.3,31877400,3447.7,2820.9,3839.9,2896.0,3126.7,5,3,3126.6,87,4,3126.5,13,1,3126.4,33,3,3126.3,39,4,3127.3,37,2,3127.5,124,3,3127.6,110,1,3127.7,232,2,3127.9,56,1
2031,2026-06-16 11:00:01+05:30,3127.3,2,3131.06,1391917,129340.0,202314.0,3163.0,3163.0,3108.0,3134.3,31877400,3447.7,2820.9,3839.9,2896.0,3126.7,5,3,3126.6,87,4,3126.5,13,1,3126.4,33,3,3126.3,39,4,3127.3,37,2,3127.5,124,3,3127.6,110,1,3127.7,232,2,3127.9,56,1
2031,2026-06-16 11:00:02+05:30,3126.9,24,3131.06,1391946,129278.0,201784.0,3163.0,3163.0,3108.0,3134.3,31877400,3447.7,2820.9,3839.9,2896.0,3126.9,24,1,3126.7,2,2,3126.5,12,1,3126.4,33,3,3126.3,66,6,3127.3,34,2,3127.5,124,3,3127.6,110,1,3127.7,176,1,3127.9,119,2
2031,2026-06-16 11:00:02+05:30,3126.9,9,3131.06,1391946,129278.0,201784.0,3163.0,3163.0,3108.0,3134.3,31877400,3447.7,2820.9,3839.9,2896.0,3126.9,24,1,3126.7,2,2,3126.5,12,1,3126.4,33,3,3126.3,66,6,3127.3,34,2,3127.5,124,3,3127.6,110,1,3127.7,176,1,3127.9,119,2
2031,2026-06-16 11:00:03+05:30,3126.3,12,3131.06,1392524,127764.0,202737.0,3163.0,3163.0,3108.0,3134.3,31877400,3447.7,2820.9,3839.9,2896.0,3126.2,4,2,3126.1,10,2,3126.0,271,4,3125.7,21,1,3125.6,9,1,3126.6,13,1,3126.7,12,1,3126.8,44,3,3126.9,25,2,3127.0,13,1
2031,2026-06-16 11:00:03+05:30,3127.0,13,3131.06,1392524,127764.0,202737.0,3163.0,3163.0,3108.0,3134.3,31877400,3447.7,2820.9,3839.9,2896.0,3126.2,4,2,3126.1,10,2,3126.0,271,4,3125.7,21,1,3125.6,9,1,3126.6,13,1,3126.7,12,1,3126.8,44,3,3126.9,25,2,3127.0,13,1
2031,2026-06-16 11:00:04+05:30,3127.2,1,3131.06,1392654,128924.0,202235.0,3163.0,3163.0,3108.0,3134.3,31877400,3447.7,2820.9,3839.9,2896.0,3126.2,41,3,3126.1,73,3,3126.0,409,7,3125.9,20,1,3125.8,93,3,3126.6,8,1,3126.7,5,1,3126.9,6,1,3127.3,37,3,3127.4,2,1
2031,2026-06-16 11:00:04+05:30,3126.6,19,3131.06,1392654,128924.0,202235.0,3163.0,3163.0,3108.0,3134.3,31877400,3447.7,2820.9,3839.9,2896.0,3126.2,41,3,3126.1,73,3,3126.0,409,7,3125.9,20,1,3125.8,93,3,3126.6,8,1,3126.7,5,1,3126.9,6,1,3127.3,37,3,3127.4,2,1
2031,2026-06-16 11:00:05+05:30,3126.7,5,3131.06,1392726,128976.0,202459.0,3163.0,3163.0,3108.0,3134.3,31877400,3447.7,2820.9,3839.9,2896.0,3126.2,49,4,3126.1,19,3,3126.0,300,6,3125.9,142,3,3125.8,75,2,3126.7,6,2,3126.9,6,1,3127.0,59,1,3127.3,37,3,3127.4,2,1
2031,2026-06-16 11:00:05+05:30,3126.0,200,3131.06,1392726,128976.0,202459.0,3163.0,3163.0,3108.0,3134.3,31877400,3447.7,2820.9,3839.9,2896.0,3126.2,49,4,3126.1,19,3,3126.0,300,6,3125.9,142,3,3125.8,75,2,3126.7,6,2,3126.9,6,1,3127.0,59,1,3127.3,37,3,3127.4,2,1
2031,2026-06-16 11:00:06+05:30,3125.8,6,3131.05,1394410,126530.0,203061.0,3163.0,3163.0,3108.0,3134.3,31877400,3447.7,2820.9,3839.9,2896.0,3125.6,9,1,3125.3,81,2,3125.2,97,3,3125.1,45,2,3125.0,413,21,3126.2,164,1,3126.8,49,1,3126.9,41,1,3127.0,115,4,3127.1,200,1
2031,2026-06-16 11:00:06+05:30,3127.1,12,3131.05,1394410,126530.0,203061.0,3163.0,3163.0,3108.0,3134.3,31877400,3447.7,2820.9,3839.9,2896.0,3125.6,9,1,3125.3,81,2,3125.2,97,3,3125.1,45,2,3125.0,413,21,3126.2,164,1,3126.8,49,1,3126.9,41,1,3127.0,115,4,3127.1,200,1
2031,2026-06-16 11:00:07+05:30,3127.1,12,3131.05,1395069,127479.0,202861.0,3163.0,3163.0,3108.0,3134.3,31877400,3447.7,2820.9,3839.9,2896.0,3126.3,3,3,3126.2,14,2,3126.1,3,1,3125.8,29,2,3125.7,46,3,3127.1,52,1,3127.2,12,1,3127.3,81,5,3127.4,109,2,3127.5,429,6
2031,2026-06-16 11:00:07+05:30,3127.3,20,3131.05,1395069,127479.0,202861.0,3163.0,3163.0,3108.0,3134.3,31877400,3447.7,2820.9,3839.9,2896.0,3126.3,3,3,3126.2,14,2,3126.1,3,1,3125.8,29,2,3125.7,46,3,3127.1,52,1,3127.2,12,1,3127.3,81,5,3127.4,109,2,3127.5,429,6
2031,2026-06-16 11:00:08+05:30,3127.2,1,3131.05,1395327,129318.0,201086.0,3163.0,3163.0,3108.0,3134.3,31877400,3447.7,2820.9,3839.9,2896.0,3126.3,120,5,3126.2,36,3,3126.1,35,3,3126.0,51,3,3125.9,310,4,3127.2,1,1,3127.4,109,2,3127.5,324,4,3128.0,49,1,3128.1,256,2
2031,2026-06-16 11:00:08+05:30,3127.2,1,3131.05,1395327,129318.0,201086.0,3163.0,3163.0,3108.0,3134.3,31877400,3447.7,2820.9,3839.9,2896.0,3126.3,120,5,3126.2,36,3,3126.1,35,3,3126.0,51,3,3125.9,310,4,3127.2,1,1,3127.4,109,2,3127.5,324,4,3128.0,49,1,3128.1,256,2
2031,2026-06-16 11:00:09+05:30,3126.9,1,3131.05,1395404,129553.0,202037.0,3163.0,3163.0,3108.0,3134.3,31877400,3447.7,2820.9,3839.9,2896.0,3126.4,16,2,3126.3,119,4,3126.2,18,2,3126.1,93,4,3126.0,48,3,3126.9,20,1,3127.0,18,1,3127.4,76,2,3127.5,324,4,3127.7,49,1
2031,2026-06-16 11:00:09+05:30,3127.0,1,3131.05,1395404,129553.0,202037.0,3163.0,3163.0,3108.0,3134.3,31877400,3447.7,2820.9,3839.9,2896.0,3126.4,16,2,3126.3,119,4,3126.2,18,2,3126.1,93,4,3126.0,48,3,3126.9,20,1,3127.0,18,1,3127.4,76,2,3127.5,324,4,3127.7,49,1
2031,2026-06-16 11:00:10+05:30,3127.0,18,3131.05,1395404,129553.0,202037.0,3163.0,3163.0,3108.0,3134.3,31877400,3447.7,2820.9,3839.9,2896.0,3126.4,16,2,3126.3,119,4,3126.2,18,2,3126.1,93,4,3126.0,48,3,3126.9,20,1,3127.0,18,1,3127.4,76,2,3127.5,324,4,3127.7,49,1
2031,2026-06-16 11:00:10+05:30,3127.0,18,3131.05,1395505,129781.0,199760.0,3163.0,3163.0,3108.0,3134.3,31877400,3447.7,2820.9,3839.9,2896.0,3126.5,12,1,3126.4,160,5,3126.3,168,5,3126.2,18,2,3126.1,179,6,3126.9,41,1,3127.0,18,1,3127.4,2,1,3127.5,198,4,3127.6,200,1
2031,2026-06-16 11:00:11+05:30,3127.0,13,3131.05,1395505,129781.0,199760.0,3163.0,3163.0,3108.0,3134.3,31877400,3447.7,2820.9,3839.9,2896.0,3126.5,12,1,3126.4,160,5,3126.3,168,5,3126.2,18,2,3126.1,179,6,3126.9,41,1,3127.0,18,1,3127.4,2,1,3127.5,198,4,3127.6,200,1
2031,2026-06-16 11:00:11+05:30,3127.0,13,3131.04,1396899,129903.0,199013.0,3163.0,3163.0,3108.0,3134.3,31877400,3447.7,2820.9,3839.9,2896.0,3126.6,15,1,3126.5,19,2,3126.4,150,4,3126.3,198,5,3126.2,2,1,3127.5,195,4,3127.6,200,1,3128.0,21,1,3128.1,49,1,3128.2,422,3
2031,2026-06-16 11:00:12+05:30,3127.4,15,3131.04,1396899,129903.0,199013.0,3163.0,3163.0,3108.0,3134.3,31877400,3447.7,2820.9,3839.9,2896.0,3126.6,15,1,3126.5,19,2,3126.4,150,4,3126.3,198,5,3126.2,2,1,3127.5,195,4,3127.6,200,1,3128.0,21,1,3128.1,49,1,3128.2,422,3
2031,2026-06-16 11:00:12+05:30,3127.4,15,3131.04,1396916,129980.0,201191.0,3163.0,3163.0,3108.0,3134.3,31877400,3447.7,2820.9,3839.9,2896.0,3126.6,220,3,3126.5,39,2,3126.4,150,4,3126.3,139,4,3126.2,51,2,3127.4,124,1,3127.5,195,5,3127.6,200,1,3127.9,56,1,3128.0,21,1
2031,2026-06-16 11:00:13+05:30,3127.5,67,3131.04,1396916,129980.0,201191.0,3163.0,3163.0,3108.0,3134.3,31877400,3447.7,2820.9,3839.9,2896.0,3126.6,220,3,3126.5,39,2,3126.4,150,4,3126.3,139,4,3126.2,51,2,3127.4,124,1,3127.5,195,5,3127.6,200,1,3127.9,56,1,3128.0,21,1
2031,2026-06-16 11:00:14+05:30,3127.5,67,3131.04,1397228,129631.0,199092.0,3163.0,3163.0,3108.0,3134.3,31877400,3447.7,2820.9,3839.9,2896.0,3126.6,81,2,3126.5,1,1,3126.4,149,3,3126.3,107,2,3126.2,2,1,3127.5,9,2,3127.6,200,1,3127.7,56,2,3127.8,49,1,3127.9,56,1
2031,2026-06-16 11:00:14+05:30,3127.5,66,3131.04,1397228,129631.0,199092.0,3163.0,3163.0,3108.0,3134.3,31877400,3447.7,2820.9,3839.9,2896.0,3126.6,81,2,3126.5,1,1,3126.4,149,3,3126.3,107,2,3126.2,2,1,3127.5,9,2,3127.6,200,1,3127.7,56,2,3127.8,49,1,3127.9,56,1
2031,2026-06-16 11:00:15+05:30,3127.4,1,3131.04,1397438,129671.0,200874.0,3163.0,3163.0,3108.0,3134.3,31877400,3447.7,2820.9,3839.9,2896.0,3126.6,118,4,3126.5,10,2,3126.4,126,2,3126.3,147,4,3126.2,124,4,3127.4,12,1,3127.5,2,1,3127.6,134,1,3128.0,132,3,3128.1,112,3
2031,2026-06-16 11:00:15+05:30,3126.6,10,3131.04,1397438,129671.0,200874.0,3163.0,3163.0,3108.0,3134.3,31877400,3447.7,2820.9,3839.9,2896.0,3126.6,118,4,3126.5,10,2,3126.4,126,2,3126.3,147,4,3126.2,124,4,3127.4,12,1,3127.5,2,1,3127.6,134,1,3128.0,132,3,3128.1,112,3
2031,2026-06-16 11:00:16+05:30,3126.6,10,3131.04,1397448,129867.0,201445.0,3163.0,3163.0,3108.0,3134.3,31877400,3447.7,2820.9,3839.9,2896.0,3127.0,2,2,3126.6,98,4,3126.5,1,1,3126.4,140,3,3126.3,184,4,3127.3,24,1,3127.4,12,1,3127.5,32,2,3127.6,134,1,3128.0,21,1
2031,2026-06-16 11:00:17+05:30,3126.6,10,3131.04,1397448,129760.0,201447.0,3163.0,3163.0,3108.0,3134.3,31877400,3447.7,2820.9,3839.9,2896.0,3127.0,157,4,3126.6,98,4,3126.5,1,1,3126.4,15,2,3126.3,78,3,3127.3,24,1,3127.4,12,1,3127.5,232,3,3127.6,134,1,3128.1,93,2
2031,2026-06-16 11:00:17+05:30,3127.3,1,3131.04,1397448,129760.0,201447.0,3163.0,3163.0,3108.0,3134.3,31877400,3447.7,2820.9,3839.9,2896.0,3127.0,157,4,3126.6,98,4,3126.5,1,1,3126.4,15,2,3126.3,78,3,3127.3,24,1,3127.4,12,1,3127.5,232,3,3127.6,134,1,3128.1,93,2
2031,2026-06-16 11:00:18+05:30,3127.3,1,3131.04,1397449,130069.0,201580.0,3163.0,3163.0,3108.0,3134.3,31877400,3447.7,2820.9,3839.9,2896.0,3127.1,26,2,3127.0,157,4,3126.9,6,1,3126.8,8,1,3126.6,72,3,3127.3,23,1,3127.4,12,1,3127.5,232,3,3127.6,134,1,3128.1,56,1
2031,2026-06-16 11:00:19+05:30,3127.3,1,3131.04,1397449,130200.0,201581.0,3163.0,3163.0,3108.0,3134.3,31877400,3447.7,2820.9,3839.9,2896.0,3127.1,120,3,3127.0,157,4,3126.9,42,3,3126.8,8,1,3126.6,119,6,3127.3,23,1,3127.4,12,1,3127.5,233,4,3127.6,134,1,3128.1,56,1
2031,2026-06-16 11:00:19+05:30,3127.5,32,3131.04,1397449,130200.0,201581.0,3163.0,3163.0,3108.0,3134.3,31877400,3447.7,2820.9,3839.9,2896.0,3127.1,120,3,3127.0,157,4,3126.9,42,3,3126.8,8,1,3126.6,119,6,3127.3,23,1,3127.4,12,1,3127.5,233,4,3127.6,134,1,3128.1,56,1
2031,2026-06-16 11:00:20+05:30,3127.5,10,3131.04,1397750,130074.0,199852.0,3163.0,3163.0,3108.0,3134.3,31877400,3447.7,2820.9,3839.9,2896.0,3127.5,1,1,3127.3,1,1,3127.1,96,2,3127.0,157,4,3126.8,8,1,3127.6,134,1,3128.2,400,2,3128.3,261,2,3128.4,46,2,3128.5,12,1
2031,2026-06-16 11:00:20+05:30,3127.3,1,3131.04,1397750,130074.0,199852.0,3163.0,3163.0,3108.0,3134.3,31877400,3447.7,2820.9,3839.9,2896.0,3127.5,1,1,3127.3,1,1,3127.1,96,2,3127.0,157,4,3126.8,8,1,3127.6,134,1,3128.2,400,2,3128.3,261,2,3128.4,46,2,3128.5,12,1
2031,2026-06-16 11:00:21+05:30,3127.3,1,3131.04,1397862,130123.0,201079.0,3163.0,3163.0,3108.0,3134.3,31877400,3447.7,2820.9,3839.9,2896.0,3127.1,96,2,3127.0,179,3,3126.8,8,1,3126.7,11,1,3126.6,82,5,3127.4,35,1,3127.5,89,1,3127.6,160,2,3128.2,421,3,3128.3,312,3
2031,2026-06-16 11:00:22+05:30,3127.1,2,3131.04,1397884,130044.0,199192.0,3163.0,3163.0,3108.0,3134.3,31877400,3447.7,2820.9,3839.9,2896.0,3127.1,119,3,3127.0,155,2,3126.8,8,1,3126.7,19,2,3126.6,82,5,3127.2,15,1,3127.4,1,1,3127.5,289,2,3127.6,160,2,3128.2,421,3
2031,2026-06-16 11:00:22+05:30,3127.2,15,3131.04,1397884,130044.0,199192.0,3163.0,3163.0,3108.0,3134.3,31877400,3447.7,2820.9,3839.9,2896.0,3127.1,119,3,3127.0,155,2,3126.8,8,1,3126.7,19,2,3126.6,82,5,3127.2,15,1,3127.4,1,1,3127.5,289,2,3127.6,160,2,3128.2,421,3
2031,2026-06-16 11:00:23+05:30,3127.3,1,3131.04,1397900,130058.0,200810.0,3163.0,3163.0,3108.0,3134.3,31877400,3447.7,2820.9,3839.9,2896.0,3127.1,124,4,3127.0,155,2,3126.8,8,1,3126.7,100,4,3126.6,82,5,3127.3,1,1,3127.4,1,1,3127.5,89,1,3127.6,226,2,3127.7,134,1
2031,2026-06-16 11:00:23+05:30,3127.3,1,3131.04,1397900,130058.0,200810.0,3163.0,3163.0,3108.0,3134.3,31877400,3447.7,2820.9,3839.9,2896.0,3127.1,124,4,3127.0,155,2,3126.8,8,1,3126.7,100,4,3126.6,82,5,3127.3,1,1,3127.4,1,1,3127.5,89,1,3127.6,226,2,3127.7,134,1
2031,2026-06-16 11:00:24+05:30,3127.3,1,3131.04,1397901,130053.0,200922.0,3163.0,3163.0,3108.0,3134.3,31877400,3447.7,2820.9,3839.9,2896.0,3127.1,124,4,3127.0,155,2,3126.9,18,1,3126.8,8,1,3126.7,19,2,3127.3,27,2,3127.5,89,1,3127.6,200,1,3127.7,134,1,3128.2,221,2
2031,2026-06-16 11:00:24+05:30,3127.3,1,3131.04,1397901,130053.0,200922.0,3163.0,3163.0,3108.0,3134.3,31877400,3447.7,2820.9,3839.9,2896.0,3127.1,124,4,3127.0,155,2,3126.9,18,1,3126.8,8,1,3126.7,19,2,3127.3,27,2,3127.5,89,1,3127.6,200,1,3127.7,134,1,3128.2,221,2
2031,2026-06-16 11:00:25+05:30,3127.3,39,3131.04,1398167,129895.0,201482.0,3163.0,3163.0,3108.0,3134.3,31877400,3447.7,2820.9,3839.9,2896.0,3127.3,22,1,3127.1,7,2,3127.0,155,2,3126.9,6,1,3126.8,8,1,3127.4,28,1,3127.6,200,1,3127.7,134,1,3128.0,300,1,3128.2,277,3
2031,2026-06-16 11:00:25+05:30,3127.4,24,3131.04,1398167,129895.0,201482.0,3163.0,3163.0,3108.0,3134.3,31877400,3447.7,2820.9,3839.9,2896.0,3127.3,22,1,3127.1,7,2,3127.0,155,2,3126.9,6,1,3126.8,8,1,3127.4,28,1,3127.6,200,1,3127.7,134,1,3128.0,300,1,3128.2,277,3
2031,2026-06-16 11:00:26+05:30,3127.3,1,3131.04,1398193,129940.0,199025.0,3163.0,3163.0,3108.0,3134.3,31877400,3447.7,2820.9,3839.9,2896.0,3127.1,7,2,3127.0,95,2,3126.9,6,1,3126.8,8,1,3126.7,11,1,3127.3,20,1,3127.4,3,1,3127.6,200,1,3127.7,134,1,3128.0,300,1
2031,2026-06-16 11:00:26+05:30,3127.3,1,3131.04,1398193,129940.0,199025.0,3163.0,3163.0,3108.0,3134.3,31877400,3447.7,2820.9,3839.9,2896.0,3127.1,7,2,3127.0,95,2,3126.9,6,1,3126.8,8,1,3126.7,11,1,3127.3,20,1,3127.4,3,1,3127.6,200,1,3127.7,134,1,3128.0,300,1
2031,2026-06-16 11:00:27+05:30,3127.4,4,3131.04,1398193,129940.0,199025.0,3163.0,3163.0,3108.0,3134.3,31877400,3447.7,2820.9,3839.9,2896.0,3127.1,7,2,3127.0,95,2,3126.9,6,1,3126.8,8,1,3126.7,11,1,3127.3,20,1,3127.4,3,1,3127.6,200,1,3127.7,134,1,3128.0,300,1
2031,2026-06-16 11:00:27+05:30,3127.4,4,3131.04,1398220,130007.0,201418.0,3163.0,3163.0,3108.0,3134.3,31877400,3447.7,2820.9,3839.9,2896.0,3127.3,45,1,3127.1,30,3,3127.0,103,3,3126.9,6,1,3126.8,34,3,3127.4,16,2,3127.6,200,1,3127.7,134,1,3128.0,300,1,3128.2,277,3
2031,2026-06-16 11:00:28+05:30,3127.6,35,3131.04,1398220,130007.0,201418.0,3163.0,3163.0,3108.0,3134.3,31877400,3447.7,2820.9,3839.9,2896.0,3127.3,45,1,3127.1,30,3,3127.0,103,3,3126.9,6,1,3126.8,34,3,3127.4,16,2,3127.6,200,1,3127.7,134,1,3128.0,300,1,3128.2,277,3
2031,2026-06-16 11:00:28+05:30,3127.6,35,3131.04,1398299,129982.0,199278.0,3163.0,3163.0,3108.0,3134.3,31877400,3447.7,2820.9,3839.9,2896.0,3127.3,42,1,3127.1,30,3,3127.0,103,3,3126.9,6,1,3126.8,8,1,3127.4,1,1,3127.6,165,1,3127.7,134,1,3128.0,300,1,3128.2,221,2
2031,2026-06-16 11:00:29+05:30,3127.6,3,3131.04,1398299,129982.0,199278.0,3163.0,3163.0,3108.0,3134.3,31877400,3447.7,2820.9,3839.9,2896.0,3127.3,42,1,3127.1,30,3,3127.0,103,3,3126.9,6,1,3126.8,8,1,3127.4,1,1,3127.6,165,1,3127.7,134,1,3128.0,300,1,3128.2,221,2
2031,2026-06-16 11:00:30+05:30,3127.6,3,3131.04,1398303,129939.0,201263.0,3163.0,3163.0,3108.0,3134.3,31877400,3447.7,2820.9,3839.9,2896.0,3127.1,30,3,3127.0,103,3,3126.9,6,1,3126.8,8,1,3126.7,11,1,3127.5,10,2,3127.6,162,1,3127.7,134,1,3128.0,300,1,3128.2,221,2
2031,2026-06-16 11:00:30+05:30,3127.5,1,3131.04,1398303,129939.0,201263.0,3163.0,3163.0,3108.0,3134.3,31877400,3447.7,2820.9,3839.9,2896.0,3127.1,30,3,3127.0,103,3,3126.9,6,1,3126.8,8,1,3126.7,11,1,3127.5,10,2,3127.6,162,1,3127.7,134,1,3128.0,300,1,3128.2,221,2
2031,2026-06-16 11:00:31+05:30,3127.5,1,3131.04,1398527,130223.0,201053.0,3163.0,3163.0,3108.0,3134.3,31877400,3447.7,2820.9,3839.9,2896.0,3127.5,41,1,3127.3,1,1,3127.1,9,1,3127.0,98,2,3126.7,36,2,3127.6,162,1,3127.7,134,1,3128.0,361,2,3128.2,256,2,3128.3,200,1
2031,2026-06-16 11:00:31+05:30,3127.5,19,3131.04,1398527,130223.0,201053.0,3163.0,3163.0,3108.0,3134.3,31877400,3447.7,2820.9,3839.9,2896.0,3127.5,41,1,3127.3,1,1,3127.1,9,1,3127.0,98,2,3126.7,36,2,3127.6,162,1,3127.7,134,1,3128.0,361,2,3128.2,256,2,3128.3,200,1
2031,2026-06-16 11:00:32+05:30,3127.5,19,3131.04,1398596,130034.0,201576.0,3163.0,3163.0,3108.0,3134.3,31877400,3447.7,2820.9,3839.9,2896.0,3127.3,17,1,3127.1,2,1,3127.0,107,3,3126.9,29,2,3126.8,11,1,3127.5,10,1,3127.6,205,2,3127.7,161,2,3128.0,300,1,3128.2,337,4
2031,2026-06-16 11:00:32+05:30,3127.6,1,3131.04,1398596,130034.0,201576.0,3163.0,3163.0,3108.0,3134.3,31877400,3447.7,2820.9,3839.9,2896.0,3127.3,17,1,3127.1,2,1,3127.0,107,3,3126.9,29,2,3126.8,11,1,3127.5,10,1,3127.6,205,2,3127.7,161,2,3128.0,300,1,3128.2,337,4
2031,2026-06-16 11:00:33+05:30,3127.6,1,3131.04,1398609,130000.0,201500.0,3163.0,3163.0,3108.0,3134.3,31877400,3447.7,2820.9,3839.9,2896.0,3127.4,16,1,3127.1,2,1,3127.0,98,2,3126.6,28,3,3126.5,9,2,3127.6,213,3,3127.7,161,2,3128.0,300,1,3128.2,317,3,3128.3,200,1
2031,2026-06-16 11:00:33+05:30,3127.5,1,3131.04,1398609,130000.0,201500.0,3163.0,3163.0,3108.0,3134.3,31877400,3447.7,2820.9,3839.9,2896.0,3127.4,16,1,3127.1,2,1,3127.0,98,2,3126.6,28,3,3126.5,9,2,3127.6,213,3,3127.7,161,2,3128.0,300,1,3128.2,317,3,3128.3,200,1
2031,2026-06-16 11:00:34+05:30,3127.4,19,3131.04,1398741,129497.0,199758.0,3163.0,3163.0,3108.0,3134.3,31877400,3447.7,2820.9,3839.9,2896.0,3127.4,18,1,3127.1,2,1,3127.0,98,2,3126.6,13,2,3126.5,9,2,3127.5,10,1,3127.6,239,4,3127.7,161,2,3128.0,412,4,3128.1,82,2
2031,2026-06-16 11:00:34+05:30,3127.4,19,3131.04,1398741,129497.0,199758.0,3163.0,3163.0,3108.0,3134.3,31877400,3447.7,2820.9,3839.9,2896.0,3127.4,18,1,3127.1,2,1,3127.0,98,2,3126.6,13,2,3126.5,9,2,3127.5,10,1,3127.6,239,4,3127.7,161,2,3128.0,412,4,3128.1,82,2
2031,2026-06-16 11:00:34+05:30,3127.4,19,3131.04,1398741,129497.0,199758.0,3163.0,3163.0,3108.0,3134.3,31877400,3447.7,2820.9,3839.9,2896.0,3127.4,18,1,3127.1,2,1,3127.0,98,2,3126.6,13,2,3126.5,9,2,3127.5,10,1,3127.6,239,4,3127.7,161,2,3128.0,412,4,3128.1,82,2
2031,2026-06-16 11:00:35+05:30,3127.1,10,3131.04,1398815,129369.0,201116.0,3163.0,3163.0,3108.0,3134.3,31877400,3447.7,2820.9,3839.9,2896.0,3127.0,98,2,3126.6,1,1,3126.5,1,1,3126.4,18,2,3126.3,29,3,3127.2,11,1,3127.5,35,1,3127.6,239,4,3127.7,161,2,3128.0,479,6
2031,2026-06-16 11:00:35+05:30,3127.0,6,3131.04,1398815,129369.0,201116.0,3163.0,3163.0,3108.0,3134.3,31877400,3447.7,2820.9,3839.9,2896.0,3127.0,98,2,3126.6,1,1,3126.5,1,1,3126.4,18,2,3126.3,29,3,3127.2,11,1,3127.5,35,1,3127.6,239,4,3127.7,161,2,3128.0,479,6
2031,2026-06-16 11:00:36+05:30,3127.0,6,3131.04,1398986,129289.0,201513.0,3163.0,3163.0,3108.0,3134.3,31877400,3447.7,2820.9,3839.9,2896.0,3126.6,18,2,3126.5,1,1,3126.4,18,2,3126.3,14,2,3126.2,2,1,3127.3,21,1,3127.4,233,5,3127.5,244,4,3127.6,81,4,3127.7,100,3
2031,2026-06-16 11:00:36+05:30,3127.0,6,3131.04,1398986,129289.0,201513.0,3163.0,3163.0,3108.0,3134.3,31877400,3447.7,2820.9,3839.9,2896.0,3126.6,18,2,3126.5,1,1,3126.4,18,2,3126.3,14,2,3126.2,2,1,3127.3,21,1,3127.4,233,5,3127.5,244,4,3127.6,81,4,3127.7,100,3
2031,2026-06-16 11:00:37+05:30,3127.2,11,3131.04,1399122,129326.0,201240.0,3163.0,3163.0,3108.0,3134.3,31877400,3447.7,2820.9,3839.9,2896.0,3126.6,18,2,3126.5,1,1,3126.4,1,1,3126.3,14,2,3126.2,2,1,3127.3,23,1,3127.5,215,3,3127.6,223,4,3127.7,100,3,3127.8,89,3
2031,2026-06-16 11:00:37+05:30,3127.2,11,3131.04,1399122,129326.0,201240.0,3163.0,3163.0,3108.0,3134.3,31877400,3447.7,2820.9,3839.9,2896.0,3126.6,18,2,3126.5,1,1,3126.4,1,1,3126.3,14,2,3126.2,2,1,3127.3,23,1,3127.5,215,3,3127.6,223,4,3127.7,100,3,3127.8,89,3
2031,2026-06-16 11:00:38+05:30,3127.2,3,3131.04,1399125,128270.0,201687.0,3163.0,3163.0,3108.0,3134.3,31877400,3447.7,2820.9,3839.9,2896.0,3126.6,18,2,3126.5,1,1,3126.4,1,1,3126.3,1,1,3126.2,2,1,3127.2,12,1,3127.3,35,2,3127.4,56,2,3127.5,196,2,3127.6,186,3
2031,2026-06-16 11:00:38+05:30,3127.2,3,3131.04,1399125,128270.0,201687.0,3163.0,3163.0,3108.0,3134.3,31877400,3447.7,2820.9,3839.9,2896.0,3126.6,18,2,3126.5,1,1,3126.4,1,1,3126.3,1,1,3126.2,2,1,3127.2,12,1,3127.3,35,2,3127.4,56,2,3127.5,196,2,3127.6,186,3
2031,2026-06-16 11:00:38+05:30,3126.4,1,3131.04,1399125,128270.0,201687.0,3163.0,3163.0,3108.0,3134.3,31877400,3447.7,2820.9,3839.9,2896.0,3126.6,18,2,3126.5,1,1,3126.4,1,1,3126.3,1,1,3126.2,2,1,3127.2,12,1,3127.3,35,2,3127.4,56,2,3127.5,196,2,3127.6,186,3
2031,2026-06-16 11:00:39+05:30,3127.0,29,3131.04,1399437,128482.0,201826.0,3163.0,3163.0,3108.0,3134.3,31877400,3447.7,2820.9,3839.9,2896.0,3126.4,1,1,3126.3,14,2,3126.2,2,1,3126.1,6,2,3126.0,265,2,3127.0,25,1,3127.2,4,1,3127.5,35,1,3127.6,322,7,3127.7,211,3
2031,2026-06-16 11:00:39+05:30,3127.0,4,3131.04,1399437,128482.0,201826.0,3163.0,3163.0,3108.0,3134.3,31877400,3447.7,2820.9,3839.9,2896.0,3126.4,1,1,3126.3,14,2,3126.2,2,1,3126.1,6,2,3126.0,265,2,3127.0,25,1,3127.2,4,1,3127.5,35,1,3127.6,322,7,3127.7,211,3
2031,2026-06-16 11:00:40+05:30,3126.1,4,3131.04,1399609,127565.0,202302.0,3163.0,3163.0,3108.0,3134.3,31877400,3447.7,2820.9,3839.9,2896.0,3126.1,3,1,3126.0,250,1,3125.6,9,1,3125.5,23,2,3125.4,56,1,3126.9,30,2,3127.0,25,1,3127.2,60,3,3127.3,63,1,3127.4,237,3
2031,2026-06-16 11:00:40+05:30,3126.1,4,3131.04,1399609,127565.0,202302.0,3163.0,3163.0,3108.0,3134.3,31877400,3447.7,2820.9,3839.9,2896.0,3126.1,3,1,3126.0,250,1,3125.6,9,1,3125.5,23,2,3125.4,56,1,3126.9,30,2,3127.0,25,1,3127.2,60,3,3127.3,63,1,3127.4,237,3
2031,2026-06-16 11:00:40+05:30,3126.9,6,3131.04,1399609,127565.0,202302.0,3163.0,3163.0,3108.0,3134.3,31877400,3447.7,2820.9,3839.9,2896.0,3126.1,3,1,3126.0,250,1,3125.6,9,1,3125.5,23,2,3125.4,56,1,3126.9,30,2,3127.0,25,1,3127.2,60,3,3127.3,63,1,3127.4,237,3
2031,2026-06-16 11:00:41+05:30,3126.9,6,3131.03,1399730,128419.0,201682.0,3163.0,3163.0,3108.0,3134.3,31877400,3447.7,2820.9,3839.9,2896.0,3126.1,23,2,3126.0,311,2,3125.9,42,1,3125.8,21,1,3125.7,212,6,3127.2,18,1,3127.3,12,1,3127.4,36,3,3127.5,330,6,3127.6,256,6
2031,2026-06-16 11:00:41+05:30,3127.2,18,3131.03,1399730,128419.0,201682.0,3163.0,3163.0,3108.0,3134.3,31877400,3447.7,2820.9,3839.9,2896.0,3126.1,23,2,3126.0,311,2,3125.9,42,1,3125.8,21,1,3125.7,212,6,3127.2,18,1,3127.3,12,1,3127.4,36,3,3127.5,330,6,3127.6,256,6
2031,2026-06-16 11:00:42+05:30,3127.2,18,3131.03,1399748,128486.0,201805.0,3163.0,3163.0,3108.0,3134.3,31877400,3447.7,2820.9,3839.9,2896.0,3126.1,23,2,3126.0,311,2,3125.9,42,1,3125.8,21,1,3125.7,261,8,3127.3,2,1,3127.4,36,3,3127.5,274,5,3127.6,207,5,3127.7,77,2
2031,2026-06-16 11:00:42+05:30,3127.2,18,3131.03,1399748,128486.0,201805.0,3163.0,3163.0,3108.0,3134.3,31877400,3447.7,2820.9,3839.9,2896.0,3126.1,23,2,3126.0,311,2,3125.9,42,1,3125.8,21,1,3125.7,261,8,3127.3,2,1,3127.4,36,3,3127.5,274,5,3127.6,207,5,3127.7,77,2
2031,2026-06-16 11:00:42+05:30,3127.1,2,3131.03,1399748,128486.0,201805.0,3163.0,3163.0,3108.0,3134.3,31877400,3447.7,2820.9,3839.9,2896.0,3126.1,23,2,3126.0,311,2,3125.9,42,1,3125.8,21,1,3125.7,261,8,3127.3,2,1,3127.4,36,3,3127.5,274,5,3127.6,207,5,3127.7,77,2
2031,2026-06-16 11:00:43+05:30,3127.2,12,3131.03,1400254,128243.0,201646.0,3163.0,3163.0,3108.0,3134.3,31877400,3447.7,2820.9,3839.9,2896.0,3126.0,204,3,3125.9,76,3,3125.8,28,2,3125.6,78,4,3125.5,130,3,3127.2,43,1,3127.3,161,1,3127.4,134,1,3127.5,138,3,3127.6,75,4
2031,2026-06-16 11:00:43+05:30,3127.2,43,3131.03,1400254,128243.0,201646.0,3163.0,3163.0,3108.0,3134.3,31877400,3447.7,2820.9,3839.9,2896.0,3126.0,204,3,3125.9,76,3,3125.8,28,2,3125.6,78,4,3125.5,130,3,3127.2,43,1,3127.3,161,1,3127.4,134,1,3127.5,138,3,3127.6,75,4
2031,2026-06-16 11:00:44+05:30,3127.2,43,3131.03,1400254,128243.0,201646.0,3163.0,3163.0,3108.0,3134.3,31877400,3447.7,2820.9,3839.9,2896.0,3126.0,204,3,3125.9,76,3,3125.8,28,2,3125.6,78,4,3125.5,130,3,3127.2,43,1,3127.3,161,1,3127.4,134,1,3127.5,138,3,3127.6,75,4
2031,2026-06-16 11:00:44+05:30,3126.2,9,3131.03,1400350,128607.0,201843.0,3163.0,3163.0,3108.0,3134.3,31877400,3447.7,2820.9,3839.9,2896.0,3126.2,39,3,3126.1,61,4,3126.0,278,5,3125.8,2,1,3125.7,116,5,3127.4,6,1,3127.5,81,2,3127.6,204,2,3127.7,161,2,3127.8,103,4
2031,2026-06-16 11:00:44+05:30,3126.2,9,3131.03,1400350,128607.0,201843.0,3163.0,3163.0,3108.0,3134.3,31877400,3447.7,2820.9,3839.9,2896.0,3126.2,39,3,3126.1,61,4,3126.0,278,5,3125.8,2,1,3125.7,116,5,3127.4,6,1,3127.5,81,2,3127.6,204,2,3127.7,161,2,3127.8,103,4
2031,2026-06-16 11:00:45+05:30,3126.2,9,3131.03,1400350,128607.0,201843.0,3163.0,3163.0,3108.0,3134.3,31877400,3447.7,2820.9,3839.9,2896.0,3126.2,39,3,3126.1,61,4,3126.0,278,5,3125.8,2,1,3125.7,116,5,3127.4,6,1,3127.5,81,2,3127.6,204,2,3127.7,161,2,3127.8,103,4
2031,2026-06-16 11:00:45+05:30,3127.5,24,3131.03,1400386,129615.0,201338.0,3163.0,3163.0,3108.0,3134.3,31877400,3447.7,2820.9,3839.9,2896.0,3126.8,2,2,3126.2,90,5,3126.1,100,4,3126.0,243,3,3125.9,39,2,3127.5,57,2,3127.6,204,2,3127.7,161,2,3127.8,82,3,3128.0,512,6
2031,2026-06-16 11:00:45+05:30,3127.5,24,3131.03,1400386,129615.0,201338.0,3163.0,3163.0,3108.0,3134.3,31877400,3447.7,2820.9,3839.9,2896.0,3126.8,2,2,3126.2,90,5,3126.1,100,4,3126.0,243,3,3125.9,39,2,3127.5,57,2,3127.6,204,2,3127.7,161,2,3127.8,82,3,3128.0,512,6
2031,2026-06-16 11:00:46+05:30,3127.5,24,3131.03,1400386,129615.0,201338.0,3163.0,3163.0,3108.0,3134.3,31877400,3447.7,2820.9,3839.9,2896.0,3126.8,2,2,3126.2,90,5,3126.1,100,4,3126.0,243,3,3125.9,39,2,3127.5,57,2,3127.6,204,2,3127.7,161,2,3127.8,82,3,3128.0,512,6
2031,2026-06-16 11:00:46+05:30,3127.0,134,3131.03,1400386,129615.0,201338.0,3163.0,3163.0,3108.0,3134.3,31877400,3447.7,2820.9,3839.9,2896.0,3126.8,2,2,3126.2,90,5,3126.1,100,4,3126.0,243,3,3125.9,39,2,3127.5,57,2,3127.6,204,2,3127.7,161,2,3127.8,82,3,3128.0,512,6
2031,2026-06-16 11:00:46+05:30,3127.0,134,3131.03,1400386,129615.0,201338.0,3163.0,3163.0,3108.0,3134.3,31877400,3447.7,2820.9,3839.9,2896.0,3126.5,1,1,3126.4,5,1,3126.3,5,1,3126.2,21,3,3126.1,34,3,3127.5,319,4,3127.6,375,4,3127.7,76,2,3127.8,62,2,3127.9,121,3
2031,2026-06-16 11:00:46+05:30,3127.0,134,3131.03,1400691,128546.0,201465.0,3163.0,3163.0,3108.0,3134.3,31877400,3447.7,2820.9,3839.9,2896.0,3126.5,1,1,3126.4,5,1,3126.3,5,1,3126.2,21,3,3126.1,34,3,3127.5,319,4,3127.6,375,4,3127.7,76,2,3127.8,62,2,3127.9,121,3
2031,2026-06-16 11:00:47+05:30,3127.0,134,3131.03,1400691,128546.0,201465.0,3163.0,3163.0,3108.0,3134.3,31877400,3447.7,2820.9,3839.9,2896.0,3126.5,1,1,3126.4,5,1,3126.3,5,1,3126.2,21,3,3126.1,34,3,3127.5,319,4,3127.6,375,4,3127.7,76,2,3127.8,62,2,3127.9,121,3
2031,2026-06-16 11:00:47+05:30,3126.4,20,3131.03,1400691,128546.0,201465.0,3163.0,3163.0,3108.0,3134.3,31877400,3447.7,2820.9,3839.9,2896.0,3126.5,1,1,3126.4,5,1,3126.3,5,1,3126.2,21,3,3126.1,34,3,3127.5,319,4,3127.6,375,4,3127.7,76,2,3127.8,62,2,3127.9,121,3
2031,2026-06-16 11:00:47+05:30,3126.4,20,3131.03,1400746,129722.0,201529.0,3163.0,3163.0,3108.0,3134.3,31877400,3447.7,2820.9,3839.9,2896.0,3126.4,5,1,3126.3,21,2,3126.2,3,2,3126.1,18,2,3126.0,261,4,3127.4,86,2,3127.5,195,5,3127.6,292,3,3127.7,332,4,3127.8,83,3
2031,2026-06-16 11:00:47+05:30,3126.4,20,3131.03,1400746,129722.0,201529.0,3163.0,3163.0,3108.0,3134.3,31877400,3447.7,2820.9,3839.9,2896.0,3126.4,5,1,3126.3,21,2,3126.2,3,2,3126.1,18,2,3126.0,261,4,3127.4,86,2,3127.5,195,5,3127.6,292,3,3127.7,332,4,3127.8,83,3
2031,2026-06-16 11:00:48+05:30,3126.4,20,3131.03,1400746,129722.0,201529.0,3163.0,3163.0,3108.0,3134.3,31877400,3447.7,2820.9,3839.9,2896.0,3126.4,5,1,3126.3,21,2,3126.2,3,2,3126.1,18,2,3126.0,261,4,3127.4,86,2,3127.5,195,5,3127.6,292,3,3127.7,332,4,3127.8,83,3
2031,2026-06-16 11:00:48+05:30,3126.4,20,3131.03,1400746,129722.0,201529.0,3163.0,3163.0,3108.0,3134.3,31877400,3447.7,2820.9,3839.9,2896.0,3126.4,5,1,3126.3,21,2,3126.2,3,2,3126.1,18,2,3126.0,261,4,3127.4,86,2,3127.5,195,5,3127.6,292,3,3127.7,332,4,3127.8,83,3
2031,2026-06-16 11:00:48+05:30,3127.3,1,3131.03,1401626,128381.0,201850.0,3163.0,3163.0,3108.0,3134.3,31877400,3447.7,2820.9,3839.9,2896.0,3126.0,241,2,3125.6,73,2,3125.5,81,4,3125.4,23,2,3125.3,250,4,3127.3,24,2,3127.4,251,4,3127.5,318,5,3127.6,63,2,3127.7,48,2
2031,2026-06-16 11:00:49+05:30,3127.3,1,3131.03,1401626,128381.0,201850.0,3163.0,3163.0,3108.0,3134.3,31877400,3447.7,2820.9,3839.9,2896.0,3126.0,241,2,3125.6,73,2,3125.5,81,4,3125.4,23,2,3125.3,250,4,3127.3,24,2,3127.4,251,4,3127.5,318,5,3127.6,63,2,3127.7,48,2
2031,2026-06-16 11:00:49+05:30,3126.0,11,3131.03,1401626,128381.0,201850.0,3163.0,3163.0,3108.0,3134.3,31877400,3447.7,2820.9,3839.9,2896.0,3126.0,241,2,3125.6,73,2,3125.5,81,4,3125.4,23,2,3125.3,250,4,3127.3,24,2,3127.4,251,4,3127.5,318,5,3127.6,63,2,3127.7,48,2
2031,2026-06-16 11:00:50+05:30,3127.2,21,3131.03,1402035,128831.0,202015.0,3163.0,3163.0,3108.0,3134.3,31877400,3447.7,2820.9,3839.9,2896.0,3126.0,261,2,3125.9,30,2,3125.8,6,1,3125.7,134,3,3125.6,109,6,3127.3,37,3,3127.4,279,3,3127.5,256,3,3127.6,132,3,3127.7,85,3
2031,2026-06-16 11:00:50+05:30,3127.2,21,3131.03,1402035,128831.0,202015.0,3163.0,3163.0,3108.0,3134.3,31877400,3447.7,2820.9,3839.9,2896.0,3126.0,261,2,3125.9,30,2,3125.8,6,1,3125.7,134,3,3125.6,109,6,3127.3,37,3,3127.4,279,3,3127.5,256,3,3127.6,132,3,3127.7,85,3
2031,2026-06-16 11:00:50+05:30,3127.2,21,3131.03,1402035,128831.0,202015.0,3163.0,3163.0,3108.0,3134.3,31877400,3447.7,2820.9,3839.9,2896.0,3126.0,261,2,3125.9,30,2,3125.8,6,1,3125.7,134,3,3125.6,109,6,3127.3,37,3,3127.4,279,3,3127.5,256,3,3127.6,132,3,3127.7,85,3
2031,2026-06-16 11:00:51+05:30,3127.2,21,3131.03,1402035,128831.0,202015.0,3163.0,3163.0,3108.0,3134.3,31877400,3447.7,2820.9,3839.9,2896.0,3126.0,261,2,3125.9,30,2,3125.8,6,1,3125.7,134,3,3125.6,109,6,3127.3,37,3,3127.4,279,3,3127.5,256,3,3127.6,132,3,3127.7,85,3
2031,2026-06-16 11:00:51+05:30,3127.2,45,3131.03,1402080,129221.0,201439.0,3163.0,3163.0,3108.0,3134.3,31877400,3447.7,2820.9,3839.9,2896.0,3126.1,107,6,3126.0,343,5,3125.9,142,8,3125.8,35,3,3125.7,283,6,3127.3,17,2,3127.4,30,1,3127.5,56,2,3127.6,63,2,3127.7,264,3
2031,2026-06-16 11:00:51+05:30,3127.3,10,3131.03,1402080,129221.0,201439.0,3163.0,3163.0,3108.0,3134.3,31877400,3447.7,2820.9,3839.9,2896.0,3126.1,107,6,3126.0,343,5,3125.9,142,8,3125.8,35,3,3125.7,283,6,3127.3,17,2,3127.4,30,1,3127.5,56,2,3127.6,63,2,3127.7,264,3
2031,2026-06-16 11:00:51+05:30,3127.3,10,3131.03,1402080,129221.0,201439.0,3163.0,3163.0,3108.0,3134.3,31877400,3447.7,2820.9,3839.9,2896.0,3126.1,107,6,3126.0,343,5,3125.9,142,8,3125.8,35,3,3125.7,283,6,3127.3,17,2,3127.4,30,1,3127.5,56,2,3127.6,63,2,3127.7,264,3
2031,2026-06-16 11:00:52+05:30,3127.3,10,3131.03,1402096,130121.0,201403.0,3163.0,3163.0,3108.0,3134.3,31877400,3447.7,2820.9,3839.9,2896.0,3126.3,28,3,3126.2,119,5,3126.1,264,7,3126.0,361,6,3125.9,109,6,3127.3,6,1,3127.4,30,1,3127.5,56,2,3127.6,243,2,3127.7,227,2
2031,2026-06-16 11:00:52+05:30,3127.3,10,3131.03,1402096,130121.0,201403.0,3163.0,3163.0,3108.0,3134.3,31877400,3447.7,2820.9,3839.9,2896.0,3126.3,28,3,3126.2,119,5,3126.1,264,7,3126.0,361,6,3125.9,109,6,3127.3,6,1,3127.4,30,1,3127.5,56,2,3127.6,243,2,3127.7,227,2
2031,2026-06-16 11:00:52+05:30,3127.2,1,3131.03,1402096,130121.0,201403.0,3163.0,3163.0,3108.0,3134.3,31877400,3447.7,2820.9,3839.9,2896.0,3126.3,28,3,3126.2,119,5,3126.1,264,7,3126.0,361,6,3125.9,109,6,3127.3,6,1,3127.4,30,1,3127.5,56,2,3127.6,243,2,3127.7,227,2
2031,2026-06-16 11:00:53+05:30,3127.2,1,3131.03,1402105,130267.0,202013.0,3163.0,3163.0,3108.0,3134.3,31877400,3447.7,2820.9,3839.9,2896.0,3126.2,17,2,3126.1,133,4,3126.0,374,7,3125.9,82,7,3125.8,98,4,3127.3,6,1,3127.4,30,1,3127.5,56,2,3127.6,243,2,3127.7,227,2
2031,2026-06-16 11:00:53+05:30,3127.2,1,3131.03,1402105,130267.0,202013.0,3163.0,3163.0,3108.0,3134.3,31880400,3447.7,2820.9,3839.9,2896.0,3126.2,17,2,3126.1,133,4,3126.0,374,7,3125.9,82,7,3125.8,98,4,3127.3,6,1,3127.4,30,1,3127.5,56,2,3127.6,243,2,3127.7,227,2
2031,2026-06-16 11:00:53+05:30,3127.2,3,3131.03,1402105,130267.0,202013.0,3163.0,3163.0,3108.0,3134.3,31880400,3447.7,2820.9,3839.9,2896.0,3126.2,17,2,3126.1,133,4,3126.0,374,7,3125.9,82,7,3125.8,98,4,3127.3,6,1,3127.4,30,1,3127.5,56,2,3127.6,243,2,3127.7,227,2
2031,2026-06-16 11:00:54+05:30,3126.0,74,3131.03,1402613,129207.0,202594.0,3163.0,3163.0,3108.0,3134.3,31880400,3447.7,2820.9,3839.9,2896.0,3126.0,267,4,3125.8,5,1,3125.7,94,4,3125.6,103,3,3125.5,318,5,3127.3,59,2,3127.4,79,2,3127.5,182,4,3127.6,264,3,3127.7,286,6
2031,2026-06-16 11:00:54+05:30,3126.0,200,3131.03,1402613,129207.0,202594.0,3163.0,3163.0,3108.0,3134.3,31880400,3447.7,2820.9,3839.9,2896.0,3126.0,267,4,3125.8,5,1,3125.7,94,4,3125.6,103,3,3125.5,318,5,3127.3,59,2,3127.4,79,2,3127.5,182,4,3127.6,264,3,3127.7,286,6
2031,2026-06-16 11:00:55+05:30,3127.2,8,3131.02,1403437,129495.0,201409.0,3163.0,3163.0,3108.0,3134.3,31880400,3447.7,2820.9,3839.9,2896.0,3126.2,12,1,3126.1,25,2,3126.0,92,4,3125.9,55,3,3125.8,28,2,3127.2,91,1,3127.3,204,2,3127.4,79,2,3127.5,56,2,3127.6,120,3
2031,2026-06-16 11:00:55+05:30,3126.2,6,3131.02,1403437,129495.0,201409.0,3163.0,3163.0,3108.0,3134.3,31880400,3447.7,2820.9,3839.9,2896.0,3126.2,12,1,3126.1,25,2,3126.0,92,4,3125.9,55,3,3125.8,28,2,3127.2,91,1,3127.3,204,2,3127.4,79,2,3127.5,56,2,3127.6,120,3
2031,2026-06-16 11:00:56+05:30,3126.2,15,3131.02,1403795,129572.0,201590.0,3163.0,3163.0,3108.0,3134.3,31880400,3447.7,2820.9,3839.9,2896.0,3126.2,8,1,3126.1,31,3,3126.0,117,6,3125.9,30,2,3125.8,160,4,3127.4,79,2,3127.5,56,2,3127.6,47,2,3127.7,283,3,3127.8,320,2
2031,2026-06-16 11:00:56+05:30,3126.2,15,3131.02,1403795,129572.0,201590.0,3163.0,3163.0,3108.0,3134.3,31880400,3447.7,2820.9,3839.9,2896.0,3126.2,8,1,3126.1,31,3,3126.0,117,6,3125.9,30,2,3125.8,160,4,3127.4,79,2,3127.5,56,2,3127.6,47,2,3127.7,283,3,3127.8,320,2
2031,2026-06-16 11:00:57+05:30,3126.3,20,3131.02,1403858,129999.0,201615.0,3163.0,3163.0,3108.0,3134.3,31880400,3447.7,2820.9,3839.9,2896.0,3126.3,20,1,3126.1,39,3,3126.0,61,2,3125.8,237,3,3125.7,81,4,3127.1,28,1,3127.2,9,1,3127.4,79,2,3127.5,56,2,3127.6,247,3
2031,2026-06-16 11:00:57+05:30,3127.2,9,3131.02,1403858,129999.0,201615.0,3163.0,3163.0,3108.0,3134.3,31880400,3447.7,2820.9,3839.9,2896.0,3126.3,20,1,3126.1,39,3,3126.0,61,2,3125.8,237,3,3125.7,81,4,3127.1,28,1,3127.2,9,1,3127.4,79,2,3127.5,56,2,3127.6,247,3
2031,2026-06-16 11:00:58+05:30,3125.6,10,3131.02,1405622,127831.0,203323.0,3163.0,3163.0,3108.0,3134.3,31880400,3447.7,2820.9,3839.9,2896.0,3125.6,9,1,3125.2,18,1,3125.1,33,2,3125.0,452,22,3124.9,27,3,3126.7,78,5,3126.8,94,3,3126.9,249,5,3127.0,63,1,3127.1,263,2
2031,2026-06-16 11:00:58+05:30,3127.0,20,3131.02,1405622,127831.0,203323.0,3163.0,3163.0,3108.0,3134.3,31880400,3447.7,2820.9,3839.9,2896.0,3125.6,9,1,3125.2,18,1,3125.1,33,2,3125.0,452,22,3124.9,27,3,3126.7,78,5,3126.8,94,3,3126.9,249,5,3127.0,63,1,3127.1,263,2
2031,2026-06-16 11:00:59+05:30,3127.2,21,3131.01,1406435,129243.0,202074.0,3163.0,3163.0,3108.0,3134.3,31880400,3447.7,2820.9,3839.9,2896.0,3126.8,1,1,3126.5,1,1,3126.3,5,1,3126.0,23,2,3125.9,119,4,3127.3,277,1,3127.4,69,3,3127.5,146,6,3127.6,269,3,3127.7,83,2
2031,2026-06-16 11:00:59+05:30,3127.3,1,3131.01,1406435,129243.0,202074.0,3163.0,3163.0,3108.0,3134.3,31880400,3447.7,2820.9,3839.9,2896.0,3126.8,1,1,3126.5,1,1,3126.3,5,1,3126.0,23,2,3125.9,119,4,3127.3,277,1,3127.4,69,3,3127.5,146,6,3127.6,269,3,3127.7,83,2
2031,2026-06-16 11:01:00+05:30,3127.1,1,3131.01,1406778,129738.0,202384.0,3163.0,3163.0,3108.0,3134.3,31880400,3447.7,2820.9,3839.9,2896.0,3127.1,1,1,3126.8,2,2,3126.5,1,1,3126.3,5,1,3126.0,3,1,3127.2,37,1,3127.3,46,3,3127.4,156,5,3127.5,47,1,3127.6,327,4
2031,2026-06-16 11:01:00+05:30,3126.8,1,3131.01,1406778,129738.0,202384.0,3163.0,3163.0,3108.0,3134.3,31880400,3447.7,2820.9,3839.9,2896.0,3127.1,1,1,3126.8,2,2,3126.5,1,1,3126.3,5,1,3126.0,3,1,3127.2,37,1,3127.3,46,3,3127.4,156,5,3127.5,47,1,3127.6,327,4
2031,2026-06-16 11:01:01+05:30,3125.8,49,3131.01,1407412,127848.0,202994.0,3163.0,3163.0,3108.0,3134.3,31880400,3447.7,2820.9,3839.9,2896.0,3125.4,24,2,3125.3,65,4,3125.2,18,1,3125.1,28,2,3125.0,570,25,3126.9,35,2,3127.0,233,3,3127.1,182,6,3127.2,70,2,3127.3,184,5
2031,2026-06-16 11:01:01+05:30,3125.8,49,3131.01,1407412,127848.0,202994.0,3163.0,3163.0,3108.0,3134.3,31880400,3447.7,2820.9,3839.9,2896.0,3125.4,24,2,3125.3,65,4,3125.2,18,1,3125.1,28,2,3125.0,570,25,3126.9,35,2,3127.0,233,3,3127.1,182,6,3127.2,70,2,3127.3,184,5
2031,2026-06-16 11:01:02+05:30,3124.1,43,3131.0,1408616,124779.0,205965.0,3163.0,3163.0,3108.0,3134.3,31880400,3447.7,2820.9,3839.9,2896.0,3124.1,7,1,3124.0,1112,5,3123.9,20,1,3123.8,76,2,3123.5,122,4,3124.9,161,1,3125.0,40,1,3125.2,14,1,3125.3,71,3,3125.4,400,2
2031,2026-06-16 11:01:02+05:30,3124.0,15,3131.0,1408616,124779.0,205965.0,3163.0,3163.0,3108.0,3134.3,31880400,3447.7,2820.9,3839.9,2896.0,3124.1,7,1,3124.0,1112,5,3123.9,20,1,3123.8,76,2,3123.5,122,4,3124.9,161,1,3125.0,40,1,3125.2,14,1,3125.3,71,3,3125.4,400,2
2031,2026-06-16 11:01:03+05:30,3124.6,75,3131.0,1409930,124885.0,206220.0,3163.0,3163.0,3108.0,3134.3,31880400,3447.7,2820.9,3839.9,2896.0,3124.1,97,2,3124.0,323,3,3123.9,20,1,3123.7,24,2,3123.6,11,1,3124.3,151,1,3124.4,125,1,3124.9,26,1,3125.0,40,1,3125.2,49,1
2031,2026-06-16 11:01:03+05:30,3125.1,15,3131.0,1409930,124885.0,206220.0,3163.0,3163.0,3108.0,3134.3,31880400,3447.7,2820.9,3839.9,2896.0,3124.1,97,2,3124.0,323,3,3123.9,20,1,3123.7,24,2,3123.6,11,1,3124.3,151,1,3124.4,125,1,3124.9,26,1,3125.0,40,1,3125.2,49,1
2031,2026-06-16 11:01:04+05:30,3125.0,4,3131.0,1410323,124947.0,205545.0,3163.0,3163.0,3108.0,3134.3,31880400,3447.7,2820.9,3839.9,2896.0,3124.0,320,4,3123.9,29,2,3123.8,58,1,3123.7,42,3,3123.6,133,3,3125.0,39,1,3125.1,7,1,3125.2,27,2,3125.3,39,3,3125.4,50,2
2031,2026-06-16 11:01:04+05:30,3125.0,4,3131.0,1410323,124947.0,205545.0,3163.0,3163.0,3108.0,3134.3,31880400,3447.7,2820.9,3839.9,2896.0,3124.0,320,4,3123.9,29,2,3123.8,58,1,3123.7,42,3,3123.6,133,3,3125.0,39,1,3125.1,7,1,3125.2,27,2,3125.3,39,3,3125.4,50,2
2031,2026-06-16 11:01:05+05:30,3124.0,1,3131.0,1410363,124792.0,206100.0,3163.0,3163.0,3108.0,3134.3,31880400,3447.7,2820.9,3839.9,2896.0,3124.0,272,3,3123.9,20,1,3123.8,58,1,3123.7,24,2,3123.6,69,2,3125.0,12,1,3125.1,8,2,3125.2,61,2,3125.3,15,1,3125.4,40,2
2031,2026-06-16 11:01:05+05:30,3125.0,11,3131.0,1410363,124792.0,206100.0,3163.0,3163.0,3108.0,3134.3,31880400,3447.7,2820.9,3839.9,2896.0,3124.0,272,3,3123.9,20,1,3123.8,58,1,3123.7,24,2,3123.6,69,2,3125.0,12,1,3125.1,8,2,3125.2,61,2,3125.3,15,1,3125.4,40,2
2031,2026-06-16 11:01:06+05:30,3125.0,5,3131.0,1410380,125003.0,205572.0,3163.0,3163.0,3108.0,3134.3,31880400,3447.7,2820.9,3839.9,2896.0,3125.0,9,2,3124.1,63,1,3124.0,291,4,3123.9,103,3,3123.8,64,1,3125.1,8,2,3125.3,15,1,3125.5,58,1,3125.6,200,1,3125.7,219,2
2031,2026-06-16 11:01:06+05:30,3125.0,5,3131.0,1410380,125003.0,205572.0,3163.0,3163.0,3108.0,3134.3,31880400,3447.7,2820.9,3839.9,2896.0,3125.0,9,2,3124.1,63,1,3124.0,291,4,3123.9,103,3,3123.8,64,1,3125.1,8,2,3125.3,15,1,3125.5,58,1,3125.6,200,1,3125.7,219,2
2031,2026-06-16 11:01:07+05:30,3125.0,3,3131.0,1410384,125324.0,205434.0,3163.0,3163.0,3108.0,3134.3,31880400,3447.7,2820.9,3839.9,2896.0,3125.0,5,2,3124.2,22,2,3124.1,101,3,3124.0,355,5,3123.9,121,4,3125.1,8,2,3125.3,15,1,3125.5,58,1,3125.6,200,1,3125.7,200,1
2031,2026-06-16 11:01:07+05:30,3125.0,3,3131.0,1410384,125324.0,205434.0,3163.0,3163.0,3108.0,3134.3,31880400,3447.7,2820.9,3839.9,2896.0,3125.0,5,2,3124.2,22,2,3124.1,101,3,3124.0,355,5,3123.9,121,4,3125.1,8,2,3125.3,15,1,3125.5,58,1,3125.6,200,1,3125.7,200,1
2031,2026-06-16 11:01:08+05:30,3125.0,1,3131.0,1410385,125521.0,205125.0,3163.0,3163.0,3108.0,3134.3,31880400,3447.7,2820.9,3839.9,2896.0,3125.0,92,3,3124.6,18,1,3124.5,24,2,3124.4,31,2,3124.3,63,1,3125.2,1,1,3125.3,15,1,3125.6,200,1,3125.7,200,1,3125.8,58,1
2031,2026-06-16 11:01:08+05:30,3125.1,43,3131.0,1410385,125521.0,205125.0,3163.0,3163.0,3108.0,3134.3,31880400,3447.7,2820.9,3839.9,2896.0,3125.0,92,3,3124.6,18,1,3124.5,24,2,3124.4,31,2,3124.3,63,1,3125.2,1,1,3125.3,15,1,3125.6,200,1,3125.7,200,1,3125.8,58,1
2031,2026-06-16 11:01:09+05:30,3125.3,15,3131.0,1410449,126340.0,205570.0,3163.0,3163.0,3108.0,3134.3,31880400,3447.7,2820.9,3839.9,2896.0,3125.3,2,1,3125.1,1,1,3125.0,92,3,3124.8,18,1,3124.5,99,4,3125.6,200,1,3125.7,200,1,3126.1,73,2,3126.2,41,2,3126.3,409,3
2031,2026-06-16 11:01:09+05:30,3125.3,15,3131.0,1410449,126340.0,205570.0,3163.0,3163.0,3108.0,3134.3,31880400,3447.7,2820.9,3839.9,2896.0,3125.3,2,1,3125.1,1,1,3125.0,92,3,3124.8,18,1,3124.5,99,4,3125.6,200,1,3125.7,200,1,3126.1,73,2,3126.2,41,2,3126.3,409,3
2031,2026-06-16 11:01:10+05:30,3125.5,1,3131.0,1410450,126289.0,205597.0,3163.0,3163.0,3108.0,3134.3,31880400,3447.7,2820.9,3839.9,2896.0,3125.3,19,2,3125.1,1,1,3125.0,92,3,3124.5,36,2,3124.4,13,1,3125.5,1,1,3125.6,258,2,3125.7,200,1,3126.0,21,1,3126.1,73,2
2031,2026-06-16 11:01:10+05:30,3125.5,1,3131.0,1410450,126289.0,205597.0,3163.0,3163.0,3108.0,3134.3,31880400,3447.7,2820.9,3839.9,2896.0,3125.3,19,2,3125.1,1,1,3125.0,92,3,3124.5,36,2,3124.4,13,1,3125.5,1,1,3125.6,258,2,3125.7,200,1,3126.0,21,1,3126.1,73,2
2031,2026-06-16 11:01:11+05:30,3125.0,12,3130.99,1410782,125417.0,203754.0,3163.0,3163.0,3108.0,3134.3,31880400,3447.7,2820.9,3839.9,2896.0,3124.2,2,1,3124.1,47,3,3124.0,97,2,3123.9,125,5,3123.7,24,2,3125.0,701,1,3125.4,49,1,3125.5,55,2,3125.6,100,3,3125.7,200,1
2031,2026-06-16 11:01:11+05:30,3125.0,12,3130.99,1410782,125417.0,203754.0,3163.0,3163.0,3108.0,3134.3,31880400,3447.7,2820.9,3839.9,2896.0,3124.2,2,1,3124.1,47,3,3124.0,97,2,3123.9,125,5,3123.7,24,2,3125.0,701,1,3125.4,49,1,3125.5,55,2,3125.6,100,3,3125.7,200,1
2031,2026-06-16 11:01:12+05:30,3125.0,8,3130.99,1410791,125561.0,206049.0,3163.0,3163.0,3108.0,3134.3,31880400,3447.7,2820.9,3839.9,2896.0,3124.2,2,1,3124.1,47,3,3124.0,97,2,3123.9,120,4,3123.7,98,4,3124.9,6,1,3125.0,692,1,3125.4,49,1,3125.5,55,2,3125.6,100,3
2031,2026-06-16 11:01:12+05:30,3125.0,465,3130.99,1410791,125561.0,206049.0,3163.0,3163.0,3108.0,3134.3,31880400,3447.7,2820.9,3839.9,2896.0,3124.2,2,1,3124.1,47,3,3124.0,97,2,3123.9,120,4,3123.7,98,4,3124.9,6,1,3125.0,692,1,3125.4,49,1,3125.5,55,2,3125.6,100,3
2031,2026-06-16 11:01:13+05:30,3125.0,465,3130.99,1411262,126134.0,204985.0,3163.0,3163.0,3108.0,3134.3,31880400,3447.7,2820.9,3839.9,2896.0,3124.6,12,1,3124.5,93,7,3124.4,46,4,3124.3,77,6,3124.2,46,4,3124.9,52,1,3125.0,227,1,3125.5,1,1,3125.6,58,1,3125.7,200,1
2031,2026-06-16 11:01:14+05:30,3124.9,1,3130.99,1411263,126074.0,205009.0,3163.0,3163.0,3108.0,3134.3,31880400,3447.7,2820.9,3839.9,2896.0,3124.6,1,1,3124.5,52,4,3124.4,59,4,3124.3,77,6,3124.2,64,5,3124.9,76,2,3125.0,227,1,3125.5,1,1,3125.6,58,1,3125.7,200,1
2031,2026-06-16 11:01:14+05:30,3124.5,5,3130.99,1411263,126074.0,205009.0,3163.0,3163.0,3108.0,3134.3,31880400,3447.7,2820.9,3839.9,2896.0,3124.6,1,1,3124.5,52,4,3124.4,59,4,3124.3,77,6,3124.2,64,5,3124.9,76,2,3125.0,227,1,3125.5,1,1,3125.6,58,1,3125.7,200,1
2031,2026-06-16 11:01:15+05:30,3124.7,2,3130.99,1411315,125253.0,204935.0,3163.0,3163.0,3108.0,3134.3,31880400,3447.7,2820.9,3839.9,2896.0,3124.6,1,1,3124.3,1,1,3124.2,20,2,3124.1,5,1,3124.0,118,5,3124.7,46,1,3124.9,26,2,3125.0,227,1,3125.5,50,2,3125.6,116,2
2031,2026-06-16 11:01:15+05:30,3124.7,1,3130.99,1411315,125253.0,204935.0,3163.0,3163.0,3108.0,3134.3,31880400,3447.7,2820.9,3839.9,2896.0,3124.6,1,1,3124.3,1,1,3124.2,20,2,3124.1,5,1,3124.0,118,5,3124.7,46,1,3124.9,26,2,3125.0,227,1,3125.5,50,2,3125.6,116,2
2031,2026-06-16 11:01:16+05:30,3124.2,9,3130.99,1411811,125331.0,205012.0,3163.0,3163.0,3108.0,3134.3,31880400,3447.7,2820.9,3839.9,2896.0,3124.1,48,4,3124.0,211,7,3123.9,133,5,3123.8,58,1,3123.7,24,2,3124.6,51,2,3124.7,26,2,3125.0,227,1,3125.6,137,3,3125.8,80,2
2031,2026-06-16 11:01:16+05:30,3124.2,9,3130.99,1411811,125331.0,205012.0,3163.0,3163.0,3108.0,3134.3,31880400,3447.7,2820.9,3839.9,2896.0,3124.1,48,4,3124.0,211,7,3123.9,133,5,3123.8,58,1,3123.7,24,2,3124.6,51,2,3124.7,26,2,3125.0,227,1,3125.6,137,3,3125.8,80,2
2031,2026-06-16 11:01:17+05:30,3125.0,1,3130.99,1411894,126002.0,204405.0,3163.0,3163.0,3108.0,3134.3,31880400,3447.7,2820.9,3839.9,2896.0,3124.6,16,1,3124.4,65,5,3124.3,49,4,3124.2,90,4,3124.1,122,4,3125.0,226,1,3125.6,58,1,3125.8,22,1,3126.0,20,1,3126.1,58,1
2031,2026-06-16 11:01:17+05:30,3125.0,1,3130.99,1411894,126002.0,204405.0,3163.0,3163.0,3108.0,3134.3,31880400,3447.7,2820.9,3839.9,2896.0,3124.6,16,1,3124.4,65,5,3124.3,49,4,3124.2,90,4,3124.1,122,4,3125.0,226,1,3125.6,58,1,3125.8,22,1,3126.0,20,1,3126.1,58,1
2031,2026-06-16 11:01:18+05:30,3124.9,1,3130.99,1411895,126159.0,203696.0,3163.0,3163.0,3108.0,3134.3,31880400,3447.7,2820.9,3839.9,2896.0,3124.6,16,1,3124.4,65,5,3124.3,37,3,3124.2,130,4,3124.1,140,5,3124.9,8,1,3125.0,226,1,3125.6,58,1,3125.8,80,2,3126.0,20,1
2031,2026-06-16 11:01:18+05:30,3125.0,226,3130.99,1411895,126159.0,203696.0,3163.0,3163.0,3108.0,3134.3,31880400,3447.7,2820.9,3839.9,2896.0,3124.6,16,1,3124.4,65,5,3124.3,37,3,3124.2,130,4,3124.1,140,5,3124.9,8,1,3125.0,226,1,3125.6,58,1,3125.8,80,2,3126.0,20,1
2031,2026-06-16 11:01:19+05:30,3125.0,1,3130.99,1412130,127293.0,203802.0,3163.0,3163.0,3108.0,3134.3,31880400,3447.7,2820.9,3839.9,2896.0,3125.0,38,6,3124.9,43,2,3124.8,57,3,3124.7,9,1,3124.6,288,5,3125.5,26,1,3125.6,58,1,3126.3,200,1,3126.4,282,4,3126.5,245,2
2031,2026-06-16 11:01:19+05:30,3125.0,15,3130.99,1412130,127293.0,203802.0,3163.0,3163.0,3108.0,3134.3,31880400,3447.7,2820.9,3839.9,2896.0,3125.0,38,6,3124.9,43,2,3124.8,57,3,3124.7,9,1,3124.6,288,5,3125.5,26,1,3125.6,58,1,3126.3,200,1,3126.4,282,4,3126.5,245,2
2031,2026-06-16 11:01:20+05:30,3124.6,7,3130.99,1412220,126358.0,204616.0,3163.0,3163.0,3108.0,3134.3,31880400,3447.7,2820.9,3839.9,2896.0,3125.0,39,1,3124.7,68,3,3124.6,21,2,3124.5,33,2,3124.4,89,5,3125.6,58,1,3126.1,86,2,3126.2,138,3,3126.3,274,3,3126.4,332,4
2031,2026-06-16 11:01:20+05:30,3124.6,7,3130.99,1412220,126358.0,204616.0,3163.0,3163.0,3108.0,3134.3,31880400,3447.7,2820.9,3839.9,2896.0,3125.0,39,1,3124.7,68,3,3124.6,21,2,3124.5,33,2,3124.4,89,5,3125.6,58,1,3126.1,86,2,3126.2,138,3,3126.3,274,3,3126.4,332,4
2031,2026-06-16 11:01:21+05:30,3125.6,1,3130.99,1412221,127406.0,203763.0,3163.0,3163.0,3108.0,3134.3,31880400,3447.7,2820.9,3839.9,2896.0,3125.0,41,2,3124.7,21,1,3124.6,97,3,3124.5,121,2,3124.4,350,7,3125.5,3,1,3125.6,101,2,3126.1,23,1,3126.2,116,2,3126.3,53,1
2031,2026-06-16 11:01:21+05:30,3125.6,1,3130.99,1412221,127406.0,203763.0,3163.0,3163.0,3108.0,3134.3,31880400,3447.7,2820.9,3839.9,2896.0,3125.0,41,2,3124.7,21,1,3124.6,97,3,3124.5,121,2,3124.4,350,7,3125.5,3,1,3125.6,101,2,3126.1,23,1,3126.2,116,2,3126.3,53,1
2031,2026-06-16 11:01:22+05:30,3125.6,1,3130.99,1412221,127562.0,203798.0,3163.0,3163.0,3108.0,3134.3,31880400,3447.7,2820.9,3839.9,2896.0,3125.0,60,3,3124.6,197,4,3124.5,139,3,3124.4,182,7,3124.3,248,4,3125.5,4,2,3125.6,101,2,3126.1,23,1,3126.2,116,2,3126.3,53,1
2031,2026-06-16 11:01:23+05:30,3125.6,1,3130.99,1412221,127566.0,203795.0,3163.0,3163.0,3108.0,3134.3,31880400,3447.7,2820.9,3839.9,2896.0,3125.0,60,3,3124.8,11,1,3124.7,13,1,3124.6,229,6,3124.5,155,4,3125.5,4,2,3125.6,44,1,3126.1,23,1,3126.2,116,2,3126.3,53,1
2031,2026-06-16 11:01:24+05:30,3125.2,6,3130.99,1412280,126482.0,204027.0,3163.0,3163.0,3108.0,3134.3,31880400,3447.7,2820.9,3839.9,2896.0,3125.3,12,1,3125.0,2,1,3124.6,15,1,3124.4,9,1,3124.3,27,2,3125.5,33,2,3125.6,50,2,3125.9,13,1,3126.0,110,3,3126.1,44,2
2031,2026-06-16 11:01:24+05:30,3125.2,6,3130.99,1412280,126482.0,204027.0,3163.0,3163.0,3108.0,3134.3,31880400,3447.7,2820.9,3839.9,2896.0,3125.3,12,1,3125.0,2,1,3124.6,15,1,3124.4,9,1,3124.3,27,2,3125.5,33,2,3125.6,50,2,3125.9,13,1,3126.0,110,3,3126.1,44,2
2031,2026-06-16 11:01:25+05:30,3125.3,5,3130.99,1412286,126488.0,204059.0,3163.0,3163.0,3108.0,3134.3,31880400,3447.7,2820.9,3839.9,2896.0,3125.3,8,2,3125.0,2,1,3124.6,15,1,3124.4,9,1,3124.3,27,2,3125.4,2,1,3125.5,32,1,3125.6,50,2,3125.9,13,1,3126.0,110,3
2031,2026-06-16 11:01:25+05:30,3125.4,1,3130.99,1412286,126488.0,204059.0,3163.0,3163.0,3108.0,3134.3,31880400,3447.7,2820.9,3839.9,2896.0,3125.3,8,2,3125.0,2,1,3124.6,15,1,3124.4,9,1,3124.3,27,2,3125.4,2,1,3125.5,32,1,3125.6,50,2,3125.9,13,1,3126.0,110,3
2031,2026-06-16 11:01:26+05:30,3125.0,5,3130.99,1412500,127216.0,203990.0,3163.0,3163.0,3108.0,3134.3,31880400,3447.7,2820.9,3839.9,2896.0,3125.0,40,3,3124.4,66,4,3124.3,91,3,3124.2,34,3,3124.1,256,5,3125.5,31,1,3125.6,50,2,3126.0,52,1,3126.2,188,4,3126.3,120,4
2031,2026-06-16 11:01:26+05:30,3125.0,5,3130.99,1412500,127216.0,203990.0,3163.0,3163.0,3108.0,3134.3,31880400,3447.7,2820.9,3839.9,2896.0,3125.0,40,3,3124.4,66,4,3124.3,91,3,3124.2,34,3,3124.1,256,5,3125.5,31,1,3125.6,50,2,3126.0,52,1,3126.2,188,4,3126.3,120,4
2031,2026-06-16 11:01:27+05:30,3125.4,19,3130.99,1412519,127670.0,203499.0,3163.0,3163.0,3108.0,3134.3,31880400,3447.7,2820.9,3839.9,2896.0,3125.4,48,2,3125.0,55,4,3124.9,38,3,3124.8,11,1,3124.7,64,1,3125.5,54,2,3125.6,50,2,3126.2,58,1,3126.3,62,2,3126.4,58,1
2031,2026-06-16 11:01:27+05:30,3125.4,19,3130.99,1412519,127670.0,203499.0,3163.0,3163.0,3108.0,3134.3,31880400,3447.7,2820.9,3839.9,2896.0,3125.4,48,2,3125.0,55,4,3124.9,38,3,3124.8,11,1,3124.7,64,1,3125.5,54,2,3125.6,50,2,3126.2,58,1,3126.3,62,2,3126.4,58,1
2031,2026-06-16 11:01:28+05:30,3125.4,2,3130.99,1412521,127621.0,203569.0,3163.0,3163.0,3108.0,3134.3,31880400,3447.7,2820.9,3839.9,2896.0,3125.4,90,3,3125.3,3,1,3125.2,18,1,3125.1,6,1,3125.0,40,3,3125.5,54,2,3125.6,50,2,3126.3,59,1,3126.4,58,1,3126.5,65,1
2031,2026-06-16 11:01:28+05:30,3125.4,2,3130.99,1412521,127621.0,203569.0,3163.0,3163.0,3108.0,3134.3,31880400,3447.7,2820.9,3839.9,2896.0,3125.4,90,3,3125.3,3,1,3125.2,18,1,3125.1,6,1,3125.0,40,3,3125.5,54,2,3125.6,50,2,3126.3,59,1,3126.4,58,1,3126.5,65,1
2031,2026-06-16 11:01:29+05:30,3125.5,10,3130.99,1412585,127888.0,203106.0,3163.0,3163.0,3108.0,3134.3,31880400,3447.7,2820.9,3839.9,2896.0,3125.5,7,1,3125.4,90,3,3125.0,22,2,3124.9,20,2,3124.8,18,1,3125.6,50,2,3126.3,59,1,3126.4,58,1,3126.5,123,2,3126.6,123,3
2031,2026-06-16 11:01:29+05:30,3125.5,10,3130.99,1412585,127888.0,203106.0,3163.0,3163.0,3108.0,3134.3,31880400,3447.7,2820.9,3839.9,2896.0,3125.5,7,1,3125.4,90,3,3125.0,22,2,3124.9,20,2,3124.8,18,1,3125.6,50,2,3126.3,59,1,3126.4,58,1,3126.5,123,2,3126.6,123,3
2031,2026-06-16 11:01:30+05:30,3125.6,2,3130.99,1412596,127876.0,202672.0,3163.0,3163.0,3108.0,3134.3,31880400,3447.7,2820.9,3839.9,2896.0,3125.5,1,1,3125.4,90,3,3125.3,20,1,3125.0,22,2,3124.9,38,3,3125.6,48,4,3126.3,59,1,3126.4,58,1,3126.5,123,2,3126.6,74,2
2031,2026-06-16 11:01:30+05:30,3125.6,2,3130.99,1412596,127876.0,202672.0,3163.0,3163.0,3108.0,3134.3,31880400,3447.7,2820.9,3839.9,2896.0,3125.5,1,1,3125.4,90,3,3125.3,20,1,3125.0,22,2,3124.9,38,3,3125.6,48,4,3126.3,59,1,3126.4,58,1,3126.5,123,2,3126.6,74,2
2031,2026-06-16 11:01:31+05:30,3125.5,1,3130.99,1412597,127681.0,202457.0,3163.0,3163.0,3108.0,3134.3,31880400,3447.7,2820.9,3839.9,2896.0,3125.4,90,3,3125.3,20,1,3125.2,5,1,3125.0,40,3,3124.9,84,3,3125.5,1,1,3125.6,48,4,3126.3,59,1,3126.4,58,1,3126.5,65,1
2031,2026-06-16 11:01:31+05:30,3125.6,1,3130.99,1412597,127681.0,202457.0,3163.0,3163.0,3108.0,3134.3,31880400,3447.7,2820.9,3839.9,2896.0,3125.4,90,3,3125.3,20,1,3125.2,5,1,3125.0,40,3,3124.9,84,3,3125.5,1,1,3125.6,48,4,3126.3,59,1,3126.4,58,1,3126.5,65,1
2031,2026-06-16 11:01:32+05:30,3125.4,10,3130.99,1412711,127730.0,203179.0,3163.0,3163.0,3108.0,3134.3,31880400,3447.7,2820.9,3839.9,2896.0,3125.1,17,1,3125.0,80,4,3124.9,20,2,3124.8,126,3,3124.7,77,2,3125.5,12,1,3125.6,36,4,3126.4,21,1,3126.6,111,3,3126.7,297,3
2031,2026-06-16 11:01:32+05:30,3125.4,10,3130.99,1412711,127730.0,203179.0,3163.0,3163.0,3108.0,3134.3,31880400,3447.7,2820.9,3839.9,2896.0,3125.1,17,1,3125.0,80,4,3124.9,20,2,3124.8,126,3,3124.7,77,2,3125.5,12,1,3125.6,36,4,3126.4,21,1,3126.6,111,3,3126.7,297,3
2031,2026-06-16 11:01:33+05:30,3125.4,10,3130.99,1412711,127401.0,203176.0,3163.0,3163.0,3108.0,3134.3,31880400,3447.7,2820.9,3839.9,2896.0,3125.3,17,1,3125.0,22,2,3124.8,65,2,3124.7,13,1,3124.6,73,3,3125.5,14,2,3125.6,36,4,3126.4,118,3,3126.5,200,1,3126.6,130,4
2031,2026-06-16 11:01:34+05:30,3125.3,2,3130.99,1412725,127351.0,203429.0,3163.0,3163.0,3108.0,3134.3,31880400,3447.7,2820.9,3839.9,2896.0,3125.3,3,1,3125.1,5,1,3125.0,22,2,3124.8,11,1,3124.7,13,1,3125.4,50,1,3125.5,2,1,3125.6,36,4,3126.1,39,1,3126.4,79,2
2031,2026-06-16 11:01:34+05:30,3125.3,2,3130.99,1412725,127351.0,203429.0,3163.0,3163.0,3108.0,3134.3,31880400,3447.7,2820.9,3839.9,2896.0,3125.3,3,1,3125.1,5,1,3125.0,22,2,3124.8,11,1,3124.7,13,1,3125.4,50,1,3125.5,2,1,3125.6,36,4,3126.1,39,1,3126.4,79,2
2031,2026-06-16 11:01:34+05:30,3125.3,2,3130.99,1412725,127351.0,203429.0,3163.0,3163.0,3108.0,3134.3,31880400,3447.7,2820.9,3839.9,2896.0,3125.3,3,1,3125.1,5,1,3125.0,22,2,3124.8,11,1,3124.7,13,1,3125.4,50,1,3125.5,2,1,3125.6,36,4,3126.1,39,1,3126.4,79,2
2031,2026-06-16 11:01:35+05:30,3125.3,2,3130.99,1412725,127483.0,203430.0,3163.0,3163.0,3108.0,3134.3,31880400,3447.7,2820.9,3839.9,2896.0,3125.3,4,2,3125.1,5,1,3125.0,22,2,3124.8,11,1,3124.7,13,1,3125.4,50,1,3125.6,36,4,3126.3,200,1,3126.4,118,3,3126.6,130,4
2031,2026-06-16 11:01:35+05:30,3125.6,1,3130.99,1412725,127483.0,203430.0,3163.0,3163.0,3108.0,3134.3,31880400,3447.7,2820.9,3839.9,2896.0,3125.3,4,2,3125.1,5,1,3125.0,22,2,3124.8,11,1,3124.7,13,1,3125.4,50,1,3125.6,36,4,3126.3,200,1,3126.4,118,3,3126.6,130,4
2031,2026-06-16 11:01:36+05:30,3125.6,1,3130.99,1412776,127913.0,202211.0,3163.0,3163.0,3108.0,3134.3,31880400,3447.7,2820.9,3839.9,2896.0,3125.4,19,1,3125.3,27,4,3125.2,6,1,3125.1,68,4,3125.0,84,5,3125.5,5,1,3125.6,35,4,3126.6,20,1,3126.7,258,2,3126.8,25,2
2031,2026-06-16 11:01:36+05:30,3125.6,1,3130.99,1412776,127913.0,202211.0,3163.0,3163.0,3108.0,3134.3,31880400,3447.7,2820.9,3839.9,2896.0,3125.4,19,1,3125.3,27,4,3125.2,6,1,3125.1,68,4,3125.0,84,5,3125.5,5,1,3125.6,35,4,3126.6,20,1,3126.7,258,2,3126.8,25,2
2031,2026-06-16 11:01:37+05:30,3125.6,30,3130.99,1412899,128363.0,201937.0,3163.0,3163.0,3108.0,3134.3,31880400,3447.7,2820.9,3839.9,2896.0,3125.6,20,1,3125.3,21,2,3125.2,63,1,3125.1,68,2,3125.0,95,4,3126.7,239,2,3126.8,105,3,3126.9,12,2,3127.0,126,4,3127.1,73,2
2031,2026-06-16 11:01:37+05:30,3125.6,30,3130.99,1412899,128363.0,201937.0,3163.0,3163.0,3108.0,3134.3,31880400,3447.7,2820.9,3839.9,2896.0,3125.6,20,1,3125.3,21,2,3125.2,63,1,3125.1,68,2,3125.0,95,4,3126.7,239,2,3126.8,105,3,3126.9,12,2,3127.0,126,4,3127.1,73,2
2031,2026-06-16 11:01:38+05:30,3126.7,1,3130.99,1412900,128266.0,201905.0,3163.0,3163.0,3108.0,3134.3,31880400,3447.7,2820.9,3839.9,2896.0,3125.3,24,3,3125.2,81,4,3125.1,86,3,3125.0,159,6,3124.9,127,2,3125.5,13,1,3125.6,100,1,3126.6,21,1,3126.7,238,2,3126.8,82,3
2031,2026-06-16 11:01:38+05:30,3126.7,1,3130.99,1412900,128266.0,201905.0,3163.0,3163.0,3108.0,3134.3,31880400,3447.7,2820.9,3839.9,2896.0,3125.3,24,3,3125.2,81,4,3125.1,86,3,3125.0,159,6,3124.9,127,2,3125.5,13,1,3125.6,100,1,3126.6,21,1,3126.7,238,2,3126.8,82,3
2031,2026-06-16 11:01:38+05:30,3126.7,1,3130.99,1412900,128266.0,201905.0,3163.0,3163.0,3108.0,3134.3,31880400,3447.7,2820.9,3839.9,2896.0,3125.3,24,3,3125.2,81,4,3125.1,86,3,3125.0,159,6,3124.9,127,2,3125.5,13,1,3125.6,100,1,3126.6,21,1,3126.7,238,2,3126.8,82,3
2031,2026-06-16 11:01:39+05:30,3125.3,3,3130.99,1412904,127897.0,202776.0,3163.0,3163.0,3108.0,3134.3,31880400,3447.7,2820.9,3839.9,2896.0,3125.3,15,1,3125.1,29,3,3125.0,83,4,3124.8,47,3,3124.7,120,4,3125.5,13,1,3125.6,100,1,3126.6,79,2,3126.7,238,2,3126.8,82,3
2031,2026-06-16 11:01:39+05:30,3125.3,3,3130.99,1412904,127897.0,202776.0,3163.0,3163.0,3108.0,3134.3,31880400,3447.7,2820.9,3839.9,2896.0,3125.3,15,1,3125.1,29,3,3125.0,83,4,3124.8,47,3,3124.7,120,4,3125.5,13,1,3125.6,100,1,3126.6,79,2,3126.7,238,2,3126.8,82,3
2031,2026-06-16 11:01:40+05:30,3125.3,3,3130.99,1412904,128093.0,202983.0,3163.0,3163.0,3108.0,3134.3,31880400,3447.7,2820.9,3839.9,2896.0,3125.3,15,1,3125.1,29,3,3125.0,83,4,3124.8,89,4,3124.7,56,3,3125.5,13,1,3125.6,100,1,3126.6,279,3,3126.7,238,2,3126.8,82,3
2031,2026-06-16 11:01:40+05:30,3125.3,3,3130.99,1412904,128093.0,202983.0,3163.0,3163.0,3108.0,3134.3,31880400,3447.7,2820.9,3839.9,2896.0,3125.3,15,1,3125.1,29,3,3125.0,83,4,3124.8,89,4,3124.7,56,3,3125.5,13,1,3125.6,100,1,3126.6,279,3,3126.7,238,2,3126.8,82,3
2031,2026-06-16 11:01:41+05:30,3125.3,3,3130.99,1412904,127969.0,203268.0,3163.0,3163.0,3108.0,3134.3,31880400,3447.7,2820.9,3839.9,2896.0,3125.3,15,1,3125.1,29,3,3125.0,83,4,3124.8,89,4,3124.7,56,3,3125.5,27,2,3125.6,108,2,3126.5,63,1,3126.6,279,3,3126.7,238,2
2031,2026-06-16 11:01:42+05:30,3125.3,3,3130.99,1412904,127922.0,203295.0,3163.0,3163.0,3108.0,3134.3,31880400,3447.7,2820.9,3839.9,2896.0,3125.3,15,1,3125.1,11,2,3125.0,83,4,3124.8,53,2,3124.7,45,3,3125.5,48,3,3125.6,108,2,3126.5,63,1,3126.6,279,3,3126.7,238,2
2031,2026-06-16 11:01:42+05:30,3125.3,3,3130.99,1412904,127922.0,203295.0,3163.0,3163.0,3108.0,3134.3,31880400,3447.7,2820.9,3839.9,2896.0,3125.3,15,1,3125.1,11,2,3125.0,83,4,3124.8,53,2,3124.7,45,3,3125.5,48,3,3125.6,108,2,3126.5,63,1,3126.6,279,3,3126.7,238,2
2031,2026-06-16 11:01:42+05:30,3125.3,20,3130.99,1412904,127922.0,203295.0,3163.0,3163.0,3108.0,3134.3,31880400,3447.7,2820.9,3839.9,2896.0,3125.3,15,1,3125.1,11,2,3125.0,83,4,3124.8,53,2,3124.7,45,3,3125.5,48,3,3125.6,108,2,3126.5,63,1,3126.6,279,3,3126.7,238,2
2031,2026-06-16 11:01:43+05:30,3125.3,12,3130.99,1412937,127862.0,203536.0,3163.0,3163.0,3108.0,3134.3,31880400,3447.7,2820.9,3839.9,2896.0,3125.3,6,1,3125.1,5,1,3125.0,30,3,3124.8,71,3,3124.7,27,2,3125.4,3,1,3125.5,36,3,3125.6,108,2,3126.5,200,1,3126.6,278,3
2031,2026-06-16 11:01:43+05:30,3127.0,9,3130.99,1412937,127862.0,203536.0,3163.0,3163.0,3108.0,3134.3,31880400,3447.7,2820.9,3839.9,2896.0,3125.3,6,1,3125.1,5,1,3125.0,30,3,3124.8,71,3,3124.7,27,2,3125.4,3,1,3125.5,36,3,3125.6,108,2,3126.5,200,1,3126.6,278,3
2031,2026-06-16 11:01:44+05:30,3127.0,9,3130.99,1412937,127862.0,203536.0,3163.0,3163.0,3108.0,3134.3,31880400,3447.7,2820.9,3839.9,2896.0,3125.3,6,1,3125.1,5,1,3125.0,30,3,3124.8,71,3,3124.7,27,2,3125.4,3,1,3125.5,36,3,3125.6,108,2,3126.5,200,1,3126.6,278,3
2031,2026-06-16 11:01:44+05:30,3127.1,1,3130.98,1413731,131895.0,200883.0,3163.0,3163.0,3108.0,3134.3,31880400,3447.7,2820.9,3839.9,2896.0,3126.4,83,6,3126.3,65,4,3126.2,58,5,3126.1,72,2,3126.0,1025,8,3127.1,87,1,3127.2,200,1,3127.4,30,1,3127.8,723,5,3127.9,258,2
2031,2026-06-16 11:01:44+05:30,3127.1,1,3130.98,1413731,131895.0,200883.0,3163.0,3163.0,3108.0,3134.3,31880400,3447.7,2820.9,3839.9,2896.0,3126.4,83,6,3126.3,65,4,3126.2,58,5,3126.1,72,2,3126.0,1025,8,3127.1,87,1,3127.2,200,1,3127.4,30,1,3127.8,723,5,3127.9,258,2
2031,2026-06-16 11:01:45+05:30,3126.6,1,3130.98,1413819,131264.0,200557.0,3163.0,3163.0,3108.0,3134.3,31880400,3447.7,2820.9,3839.9,2896.0,3126.5,75,7,3126.4,21,3,3126.3,25,2,3126.2,34,3,3126.1,27,2,3127.1,44,1,3127.2,201,2,3127.4,12,1,3127.8,728,6,3127.9,261,3
2031,2026-06-16 11:01:45+05:30,3126.6,1,3130.98,1413819,131264.0,200557.0,3163.0,3163.0,3108.0,3134.3,31880400,3447.7,2820.9,3839.9,2896.0,3126.5,75,7,3126.4,21,3,3126.3,25,2,3126.2,34,3,3126.1,27,2,3127.1,44,1,3127.2,201,2,3127.4,12,1,3127.8,728,6,3127.9,261,3
2031,2026-06-16 11:01:45+05:30,3127.1,24,3130.98,1413819,131264.0,200557.0,3163.0,3163.0,3108.0,3134.3,31880400,3447.7,2820.9,3839.9,2896.0,3126.5,75,7,3126.4,21,3,3126.3,25,2,3126.2,34,3,3126.1,27,2,3127.1,44,1,3127.2,201,2,3127.4,12,1,3127.8,728,6,3127.9,261,3
2031,2026-06-16 11:01:46+05:30,3127.1,24,3130.98,1413819,131264.0,200557.0,3163.0,3163.0,3108.0,3134.3,31880400,3447.7,2820.9,3839.9,2896.0,3126.5,75,7,3126.4,21,3,3126.3,25,2,3126.2,34,3,3126.1,27,2,3127.1,44,1,3127.2,201,2,3127.4,12,1,3127.8,728,6,3127.9,261,3
2031,2026-06-16 11:01:46+05:30,3127.1,24,3130.98,1413843,131365.0,201629.0,3163.0,3163.0,3108.0,3134.3,31880400,3447.7,2820.9,3839.9,2896.0,3126.8,10,4,3126.7,27,1,3126.6,51,3,3126.5,46,3,3126.4,28,3,3127.0,12,1,3127.1,250,3,3127.2,201,2,3127.4,12,1,3127.8,728,6
2031,2026-06-16 11:01:46+05:30,3127.1,24,3130.98,1413843,131365.0,201629.0,3163.0,3163.0,3108.0,3134.3,31880400,3447.7,2820.9,3839.9,2896.0,3126.8,10,4,3126.7,27,1,3126.6,51,3,3126.5,46,3,3126.4,28,3,3127.0,12,1,3127.1,250,3,3127.2,201,2,3127.4,12,1,3127.8,728,6
2031,2026-06-16 11:01:47+05:30,3127.1,24,3130.98,1413843,131540.0,201743.0,3163.0,3163.0,3108.0,3134.3,31880400,3447.7,2820.9,3839.9,2896.0,3126.8,44,3,3126.6,51,3,3126.5,46,3,3126.4,9,2,3126.3,59,3,3127.0,121,3,3127.1,250,3,3127.2,201,2,3127.4,12,1,3127.8,728,6
2031,2026-06-16 11:01:47+05:30,3127.1,24,3130.98,1413843,131540.0,201743.0,3163.0,3163.0,3108.0,3134.3,31880400,3447.7,2820.9,3839.9,2896.0,3126.8,44,3,3126.6,51,3,3126.5,46,3,3126.4,9,2,3126.3,59,3,3127.0,121,3,3127.1,250,3,3127.2,201,2,3127.4,12,1,3127.8,728,6
2031,2026-06-16 11:01:47+05:30,3127.1,1,3130.98,1413843,131540.0,201743.0,3163.0,3163.0,3108.0,3134.3,31880400,3447.7,2820.9,3839.9,2896.0,3126.8,44,3,3126.6,51,3,3126.5,46,3,3126.4,9,2,3126.3,59,3,3127.0,121,3,3127.1,250,3,3127.2,201,2,3127.4,12,1,3127.8,728,6
2031,2026-06-16 11:01:48+05:30,3127.1,1,3130.98,1413843,131540.0,201743.0,3163.0,3163.0,3108.0,3134.3,31880400,3447.7,2820.9,3839.9,2896.0,3126.8,44,3,3126.6,51,3,3126.5,46,3,3126.4,9,2,3126.3,59,3,3127.0,121,3,3127.1,250,3,3127.2,201,2,3127.4,12,1,3127.8,728,6
2031,2026-06-16 11:01:48+05:30,3127.1,1,3130.98,1413965,131570.0,199915.0,3163.0,3163.0,3108.0,3134.3,31880400,3447.7,2820.9,3839.9,2896.0,3126.8,58,5,3126.7,6,1,3126.6,99,6,3126.5,41,2,3126.4,47,4,3127.0,13,1,3127.1,49,2,3127.2,1,1,3127.4,12,1,3127.7,200,1
2031,2026-06-16 11:01:48+05:30,3127.1,1,3130.98,1413965,131570.0,199915.0,3163.0,3163.0,3108.0,3134.3,31880400,3447.7,2820.9,3839.9,2896.0,3126.8,58,5,3126.7,6,1,3126.6,99,6,3126.5,41,2,3126.4,47,4,3127.0,13,1,3127.1,49,2,3127.2,1,1,3127.4,12,1,3127.7,200,1
2031,2026-06-16 11:01:49+05:30,3127.0,10,3130.98,1413975,131598.0,199902.0,3163.0,3163.0,3108.0,3134.3,31880400,3447.7,2820.9,3839.9,2896.0,3126.8,49,4,3126.7,6,1,3126.6,95,6,3126.5,41,2,3126.4,27,3,3127.0,3,1,3127.1,49,2,3127.2,1,1,3127.4,12,1,3127.7,200,1
2031,2026-06-16 11:01:49+05:30,3127.0,10,3130.98,1413975,131598.0,199902.0,3163.0,3163.0,3108.0,3134.3,31880400,3447.7,2820.9,3839.9,2896.0,3126.8,49,4,3126.7,6,1,3126.6,95,6,3126.5,41,2,3126.4,27,3,3127.0,3,1,3127.1,49,2,3127.2,1,1,3127.4,12,1,3127.7,200,1
2031,2026-06-16 11:01:49+05:30,3126.9,1,3130.98,1413975,131598.0,199902.0,3163.0,3163.0,3108.0,3134.3,31880400,3447.7,2820.9,3839.9,2896.0,3126.8,49,4,3126.7,6,1,3126.6,95,6,3126.5,41,2,3126.4,27,3,3127.0,3,1,3127.1,49,2,3127.2,1,1,3127.4,12,1,3127.7,200,1
2031,2026-06-16 11:01:50+05:30,3127.0,1,3130.98,1413980,130739.0,198546.0,3163.0,3163.0,3108.0,3134.3,31880400,3447.7,2820.9,3839.9,2896.0,3127.0,17,1,3126.8,43,3,3126.6,26,2,3126.5,41,2,3126.4,27,3,3127.1,49,2,3127.2,1,1,3127.4,12,1,3127.7,200,1,3127.8,508,4
2031,2026-06-16 11:01:50+05:30,3127.0,1,3130.98,1413980,130739.0,198546.0,3163.0,3163.0,3108.0,3134.3,31880400,3447.7,2820.9,3839.9,2896.0,3127.0,17,1,3126.8,43,3,3126.6,26,2,3126.5,41,2,3126.4,27,3,3127.1,49,2,3127.2,1,1,3127.4,12,1,3127.7,200,1,3127.8,508,4
2031,2026-06-16 11:01:50+05:30,3127.1,59,3130.98,1413980,130739.0,198546.0,3163.0,3163.0,3108.0,3134.3,31880400,3447.7,2820.9,3839.9,2896.0,3127.0,17,1,3126.8,43,3,3126.6,26,2,3126.5,41,2,3126.4,27,3,3127.1,49,2,3127.2,1,1,3127.4,12,1,3127.7,200,1,3127.8,508,4
2031,2026-06-16 11:01:51+05:30,3127.1,59,3130.98,1413980,130739.0,198546.0,3163.0,3163.0,3108.0,3134.3,31880400,3447.7,2820.9,3839.9,2896.0,3127.0,17,1,3126.8,43,3,3126.6,26,2,3126.5,41,2,3126.4,27,3,3127.1,49,2,3127.2,1,1,3127.4,12,1,3127.7,200,1,3127.8,508,4
2031,2026-06-16 11:01:51+05:30,3127.2,1,3130.98,1414157,130853.0,200764.0,3163.0,3163.0,3108.0,3134.3,31880400,3447.7,2820.9,3839.9,2896.0,3127.0,45,3,3126.8,41,1,3126.6,36,2,3126.5,78,3,3126.4,81,4,3127.1,19,1,3127.2,1,1,3127.4,12,1,3127.7,200,1,3127.8,508,4
2031,2026-06-16 11:01:51+05:30,3127.2,1,3130.98,1414157,130853.0,200764.0,3163.0,3163.0,3108.0,3134.3,31880400,3447.7,2820.9,3839.9,2896.0,3127.0,45,3,3126.8,41,1,3126.6,36,2,3126.5,78,3,3126.4,81,4,3127.1,19,1,3127.2,1,1,3127.4,12,1,3127.7,200,1,3127.8,508,4
2031,2026-06-16 11:01:51+05:30,3127.2,1,3130.98,1414157,130853.0,200764.0,3163.0,3163.0,3108.0,3134.3,31880400,3447.7,2820.9,3839.9,2896.0,3127.0,45,3,3126.8,41,1,3126.6,36,2,3126.5,78,3,3126.4,81,4,3127.1,19,1,3127.2,1,1,3127.4,12,1,3127.7,200,1,3127.8,508,4
2031,2026-06-16 11:01:52+05:30,3127.2,1,3130.98,1414157,130886.0,200565.0,3163.0,3163.0,3108.0,3134.3,31880400,3447.7,2820.9,3839.9,2896.0,3127.0,45,3,3126.8,41,1,3126.6,36,2,3126.5,78,3,3126.4,95,5,3127.1,19,1,3127.2,1,1,3127.4,12,1,3127.7,200,1,3127.8,508,4
2031,2026-06-16 11:01:52+05:30,3127.2,1,3130.98,1414157,130886.0,200565.0,3163.0,3163.0,3108.0,3134.3,31880400,3447.7,2820.9,3839.9,2896.0,3127.0,45,3,3126.8,41,1,3126.6,36,2,3126.5,78,3,3126.4,95,5,3127.1,19,1,3127.2,1,1,3127.4,12,1,3127.7,200,1,3127.8,508,4
2031,2026-06-16 11:01:53+05:30,3127.1,1,3130.98,1414158,130895.0,200602.0,3163.0,3163.0,3108.0,3134.3,31880400,3447.7,2820.9,3839.9,2896.0,3127.0,45,3,3126.9,18,1,3126.8,54,2,3126.7,18,1,3126.6,38,2,3127.1,77,2,3127.2,4,2,3127.4,12,1,3127.7,200,1,3127.8,508,4
2031,2026-06-16 11:01:53+05:30,3127.1,1,3130.98,1414158,130895.0,200602.0,3163.0,3163.0,3108.0,3134.3,31866000,3447.7,2820.9,3839.9,2896.0,3127.0,45,3,3126.9,18,1,3126.8,54,2,3126.7,18,1,3126.6,38,2,3127.1,77,2,3127.2,4,2,3127.4,12,1,3127.7,200,1,3127.8,508,4
2031,2026-06-16 11:01:53+05:30,3127.1,1,3130.98,1414158,130895.0,200602.0,3163.0,3163.0,3108.0,3134.3,31866000,3447.7,2820.9,3839.9,2896.0,3127.0,45,3,3126.9,18,1,3126.8,54,2,3126.7,18,1,3126.6,38,2,3127.1,77,2,3127.2,4,2,3127.4,12,1,3127.7,200,1,3127.8,508,4
2031,2026-06-16 11:01:54+05:30,3127.1,1,3130.98,1414158,131024.0,198857.0,3163.0,3163.0,3108.0,3134.3,31866000,3447.7,2820.9,3839.9,2896.0,3127.0,45,3,3126.9,18,1,3126.8,54,2,3126.6,38,2,3126.5,79,3,3127.1,132,4,3127.2,4,2,3127.4,12,1,3127.7,200,1,3127.8,508,4
2031,2026-06-16 11:01:54+05:30,3127.1,1,3130.98,1414158,131024.0,198857.0,3163.0,3163.0,3108.0,3134.3,31866000,3447.7,2820.9,3839.9,2896.0,3127.0,45,3,3126.9,18,1,3126.8,54,2,3126.6,38,2,3126.5,79,3,3127.1,132,4,3127.2,4,2,3127.4,12,1,3127.7,200,1,3127.8,508,4
2031,2026-06-16 11:01:55+05:30,3127.0,22,3130.98,1414383,130992.0,200766.0,3163.0,3163.0,3108.0,3134.3,31866000,3447.7,2820.9,3839.9,2896.0,3127.0,22,2,3126.9,14,1,3126.8,41,1,3126.5,79,3,3126.4,62,2,3127.1,1,1,3127.2,4,2,3127.4,12,1,3127.7,200,1,3127.8,508,4
2031,2026-06-16 11:01:55+05:30,3127.0,22,3130.98,1414383,130992.0,200766.0,3163.0,3163.0,3108.0,3134.3,31866000,3447.7,2820.9,3839.9,2896.0,3127.0,22,2,3126.9,14,1,3126.8,41,1,3126.5,79,3,3126.4,62,2,3127.1,1,1,3127.2,4,2,3127.4,12,1,3127.7,200,1,3127.8,508,4
2031,2026-06-16 11:01:56+05:30,3127.0,2,3130.98,1414386,130827.0,200791.0,3163.0,3163.0,3108.0,3134.3,31866000,3447.7,2820.9,3839.9,2896.0,3127.0,19,2,3126.9,14,1,3126.8,41,1,3126.5,97,4,3126.4,62,2,3127.1,1,1,3127.2,4,2,3127.4,12,1,3127.7,200,1,3127.8,508,4
2031,2026-06-16 11:01:56+05:30,3127.0,2,3130.98,1414386,130827.0,200791.0,3163.0,3163.0,3108.0,3134.3,31866000,3447.7,2820.9,3839.9,2896.0,3127.0,19,2,3126.9,14,1,3126.8,41,1,3126.5,97,4,3126.4,62,2,3127.1,1,1,3127.2,4,2,3127.4,12,1,3127.7,200,1,3127.8,508,4
2031,2026-06-16 11:01:57+05:30,3127.0,2,3130.98,1414386,131017.0,200797.0,3163.0,3163.0,3108.0,3134.3,31866000,3447.7,2820.9,3839.9,2896.0,3127.0,19,2,3126.9,14,1,3126.8,41,1,3126.5,97,4,3126.4,62,2,3127.1,1,1,3127.2,4,2,3127.4,12,1,3127.7,200,1,3127.8,508,4
2031,2026-06-16 11:01:57+05:30,3127.2,1,3130.98,1414386,131017.0,200797.0,3163.0,3163.0,3108.0,3134.3,31866000,3447.7,2820.9,3839.9,2896.0,3127.0,19,2,3126.9,14,1,3126.8,41,1,3126.5,97,4,3126.4,62,2,3127.1,1,1,3127.2,4,2,3127.4,12,1,3127.7,200,1,3127.8,508,4
2031,2026-06-16 11:01:58+05:30,3127.2,1,3130.98,1414389,131008.0,201080.0,3163.0,3163.0,3108.0,3134.3,31866000,3447.7,2820.9,3839.9,2896.0,3127.0,18,2,3126.9,14,1,3126.8,41,1,3126.5,97,4,3126.4,62,2,3127.2,4,2,3127.4,12,1,3127.7,200,1,3127.8,508,4,3127.9,70,1
2031,2026-06-16 11:01:58+05:30,3127.2,1,3130.98,1414389,131008.0,201080.0,3163.0,3163.0,3108.0,3134.3,31866000,3447.7,2820.9,3839.9,2896.0,3127.0,18,2,3126.9,14,1,3126.8,41,1,3126.5,97,4,3126.4,62,2,3127.2,4,2,3127.4,12,1,3127.7,200,1,3127.8,508,4,3127.9,70,1
2031,2026-06-16 11:01:59+05:30,3127.2,1,3130.98,1414390,130969.0,200368.0,3163.0,3163.0,3108.0,3134.3,31866000,3447.7,2820.9,3839.9,2896.0,3127.0,18,2,3126.9,14,1,3126.8,41,1,3126.5,77,4,3126.4,62,2,3127.2,3,2,3127.4,12,1,3127.7,200,1,3127.8,508,4,3127.9,70,1
2031,2026-06-16 11:02:00+05:30,3127.2,1,3130.98,1414390,131104.0,198737.0,3163.0,3163.0,3108.0,3134.3,31866000,3447.7,2820.9,3839.9,2896.0,3127.0,39,4,3126.9,14,1,3126.8,41,1,3126.7,8,1,3126.6,27,2,3127.2,4,3,3127.4,12,1,3127.7,200,1,3127.8,508,4,3128.0,96,4
2031,2026-06-16 11:02:01+05:30,3127.2,1,3130.98,1414397,131588.0,198905.0,3163.0,3163.0,3108.0,3134.3,31866000,3447.7,2820.9,3839.9,2896.0,3127.1,17,7,3127.0,41,4,3126.9,14,1,3126.8,68,4,3126.7,241,4,3127.2,1,1,3127.4,12,1,3127.8,308,3,3128.0,38,3,3128.1,200,1
2031,2026-06-16 11:02:01+05:30,3127.2,1,3130.98,1414397,131588.0,198905.0,3163.0,3163.0,3108.0,3134.3,31866000,3447.7,2820.9,3839.9,2896.0,3127.1,17,7,3127.0,41,4,3126.9,14,1,3126.8,68,4,3126.7,241,4,3127.2,1,1,3127.4,12,1,3127.8,308,3,3128.0,38,3,3128.1,200,1
2031,2026-06-16 11:02:02+05:30,3127.8,2,3130.98,1414412,132018.0,199567.0,3163.0,3163.0,3108.0,3134.3,31866000,3447.7,2820.9,3839.9,2896.0,3127.1,21,4,3127.0,18,2,3126.9,27,2,3126.8,76,4,3126.7,59,4,3127.7,2,1,3127.8,306,3,3128.0,18,2,3128.2,266,2,3128.3,200,1
2031,2026-06-16 11:02:02+05:30,3127.8,2,3130.98,1414412,132018.0,199567.0,3163.0,3163.0,3108.0,3134.3,31866000,3447.7,2820.9,3839.9,2896.0,3127.1,21,4,3127.0,18,2,3126.9,27,2,3126.8,76,4,3126.7,59,4,3127.7,2,1,3127.8,306,3,3128.0,18,2,3128.2,266,2,3128.3,200,1
2031,2026-06-16 11:02:03+05:30,3127.8,2,3130.98,1414412,131986.0,199140.0,3163.0,3163.0,3108.0,3134.3,31866000,3447.7,2820.9,3839.9,2896.0,3127.1,62,5,3127.0,55,5,3126.9,20,2,3126.8,76,4,3126.7,41,3,3127.3,2,1,3127.4,26,1,3127.8,306,3,3128.0,18,2,3128.2,276,3
2031,2026-06-16 11:02:03+05:30,3127.3,1,3130.98,1414412,131986.0,199140.0,3163.0,3163.0,3108.0,3134.3,31866000,3447.7,2820.9,3839.9,2896.0,3127.1,62,5,3127.0,55,5,3126.9,20,2,3126.8,76,4,3126.7,41,3,3127.3,2,1,3127.4,26,1,3127.8,306,3,3128.0,18,2,3128.2,276,3
2031,2026-06-16 11:02:04+05:30,3127.0,9,3130.98,1414641,131771.0,199595.0,3163.0,3163.0,3108.0,3134.3,31866000,3447.7,2820.9,3839.9,2896.0,3127.0,9,2,3126.9,14,1,3126.8,41,1,3126.7,8,1,3126.6,88,3,3127.3,26,1,3127.4,26,1,3127.8,306,3,3128.0,18,2,3128.2,276,3
2031,2026-06-16 11:02:04+05:30,3127.0,9,3130.98,1414641,131771.0,199595.0,3163.0,3163.0,3108.0,3134.3,31866000,3447.7,2820.9,3839.9,2896.0,3127.0,9,2,3126.9,14,1,3126.8,41,1,3126.7,8,1,3126.6,88,3,3127.3,26,1,3127.4,26,1,3127.8,306,3,3128.0,18,2,3128.2,276,3
2031,2026-06-16 11:02:05+05:30,3127.3,24,3130.98,1414668,131893.0,199561.0,3163.0,3163.0,3108.0,3134.3,31866000,3447.7,2820.9,3839.9,2896.0,3127.0,26,6,3126.9,47,3,3126.8,75,4,3126.7,8,1,3126.6,57,3,3127.3,2,1,3127.4,26,1,3127.8,306,3,3128.0,18,2,3128.2,276,3
2031,2026-06-16 11:02:05+05:30,3127.3,24,3130.98,1414668,131893.0,199561.0,3163.0,3163.0,3108.0,3134.3,31866000,3447.7,2820.9,3839.9,2896.0,3127.0,26,6,3126.9,47,3,3126.8,75,4,3126.7,8,1,3126.6,57,3,3127.3,2,1,3127.4,26,1,3127.8,306,3,3128.0,18,2,3128.2,276,3
2031,2026-06-16 11:02:06+05:30,3127.5,1,3130.98,1415051,132430.0,199515.0,3163.0,3163.0,3108.0,3134.3,31866000,3447.7,2820.9,3839.9,2896.0,3127.5,11,1,3127.4,60,4,3127.3,103,5,3127.2,69,7,3127.1,8,1,3128.1,45,1,3128.2,200,1,3128.3,200,1,3128.5,17,2,3128.8,221,2
2031,2026-06-16 11:02:06+05:30,3127.5,1,3130.98,1415051,132430.0,199515.0,3163.0,3163.0,3108.0,3134.3,31866000,3447.7,2820.9,3839.9,2896.0,3127.5,11,1,3127.4,60,4,3127.3,103,5,3127.2,69,7,3127.1,8,1,3128.1,45,1,3128.2,200,1,3128.3,200,1,3128.5,17,2,3128.8,221,2
2031,2026-06-16 11:02:07+05:30,3128.1,10,3130.98,1415135,131304.0,199211.0,3163.0,3163.0,3108.0,3134.3,31866000,3447.7,2820.9,3839.9,2896.0,3127.3,52,4,3127.2,42,4,3127.1,49,2,3127.0,67,7,3126.9,87,4,3128.1,14,1,3128.2,202,2,3128.3,200,1,3128.5,69,3,3128.6,22,1
2031,2026-06-16 11:02:07+05:30,3128.1,10,3130.98,1415135,131304.0,199211.0,3163.0,3163.0,3108.0,3134.3,31866000,3447.7,2820.9,3839.9,2896.0,3127.3,52,4,3127.2,42,4,3127.1,49,2,3127.0,67,7,3126.9,87,4,3128.1,14,1,3128.2,202,2,3128.3,200,1,3128.5,69,3,3128.6,22,1
2031,2026-06-16 11:02:08+05:30,3128.1,10,3130.98,1415135,131323.0,199220.0,3163.0,3163.0,3108.0,3134.3,31866000,3447.7,2820.9,3839.9,2896.0,3127.3,88,5,3127.2,42,4,3127.1,49,2,3127.0,50,6,3126.9,87,4,3128.0,6,1,3128.1,14,1,3128.2,202,2,3128.3,200,1,3128.5,69,3
2031,2026-06-16 11:02:09+05:30,3128.0,1,3130.98,1415136,131322.0,199228.0,3163.0,3163.0,3108.0,3134.3,31866000,3447.7,2820.9,3839.9,2896.0,3127.3,63,4,3127.2,42,4,3127.1,49,2,3127.0,50,6,3126.9,87,4,3128.0,6,2,3128.1,14,1,3128.2,202,2,3128.3,200,1,3128.5,69,3
2031,2026-06-16 11:02:09+05:30,3128.0,1,3130.98,1415136,131322.0,199228.0,3163.0,3163.0,3108.0,3134.3,31866000,3447.7,2820.9,3839.9,2896.0,3127.3,63,4,3127.2,42,4,3127.1,49,2,3127.0,50,6,3126.9,87,4,3128.0,6,2,3128.1,14,1,3128.2,202,2,3128.3,200,1,3128.5,69,3
2031,2026-06-16 11:02:10+05:30,3127.9,1,3130.98,1415146,131243.0,197484.0,3163.0,3163.0,3108.0,3134.3,31866000,3447.7,2820.9,3839.9,2896.0,3127.4,20,1,3127.3,40,2,3127.2,32,3,3127.1,8,1,3127.0,31,4,3128.0,38,2,3128.2,199,2,3128.3,200,1,3128.5,69,3,3128.6,101,3
2031,2026-06-16 11:02:10+05:30,3127.9,1,3130.98,1415146,131243.0,197484.0,3163.0,3163.0,3108.0,3134.3,31866000,3447.7,2820.9,3839.9,2896.0,3127.4,20,1,3127.3,40,2,3127.2,32,3,3127.1,8,1,3127.0,31,4,3128.0,38,2,3128.2,199,2,3128.3,200,1,3128.5,69,3,3128.6,101,3
2031,2026-06-16 11:02:11+05:30,3127.9,1,3130.98,1415146,132220.0,198048.0,3163.0,3163.0,3108.0,3134.3,31866000,3447.7,2820.9,3839.9,2896.0,3127.6,17,1,3127.3,76,4,3127.2,35,3,3127.1,130,3,3127.0,49,5,3128.0,48,3,3128.2,2,1,3128.5,17,2,3128.6,22,1,3128.8,93,3
2031,2026-06-16 11:02:11+05:30,3128.0,1,3130.98,1415146,132220.0,198048.0,3163.0,3163.0,3108.0,3134.3,31866000,3447.7,2820.9,3839.9,2896.0,3127.6,17,1,3127.3,76,4,3127.2,35,3,3127.1,130,3,3127.0,49,5,3128.0,48,3,3128.2,2,1,3128.5,17,2,3128.6,22,1,3128.8,93,3
2031,2026-06-16 11:02:12+05:30,3128.0,1,3130.98,1415247,132242.0,198225.0,3163.0,3163.0,3108.0,3134.3,31866000,3447.7,2820.9,3839.9,2896.0,3127.6,76,5,3127.5,8,1,3127.4,54,4,3127.3,125,5,3127.2,77,3,3127.9,11,1,3128.0,30,2,3128.2,2,1,3128.5,17,2,3128.8,21,1
2031,2026-06-16 11:02:13+05:30,3128.0,1,3130.98,1415247,132242.0,198230.0,3163.0,3163.0,3108.0,3134.3,31866000,3447.7,2820.9,3839.9,2896.0,3127.6,76,5,3127.5,8,1,3127.4,54,4,3127.3,125,5,3127.2,77,3,3127.9,11,1,3128.0,30,2,3128.2,2,1,3128.5,17,2,3128.8,21,1
2031,2026-06-16 11:02:14+05:30,3128.0,14,3130.98,1415304,132175.0,198207.0,3163.0,3163.0,3108.0,3134.3,31866000,3447.7,2820.9,3839.9,2896.0,3128.0,1,1,3127.9,19,1,3127.7,18,1,3127.6,44,2,3127.5,8,1,3128.2,2,1,3128.5,17,2,3129.0,26,2,3129.1,39,1,3129.2,21,1
2031,2026-06-16 11:02:14+05:30,3128.0,14,3130.98,1415304,132175.0,198207.0,3163.0,3163.0,3108.0,3134.3,31866000,3447.7,2820.9,3839.9,2896.0,3128.0,1,1,3127.9,19,1,3127.7,18,1,3127.6,44,2,3127.5,8,1,3128.2,2,1,3128.5,17,2,3129.0,26,2,3129.1,39,1,3129.2,21,1
2031,2026-06-16 11:02:15+05:30,3128.1,1,3130.98,1415308,132318.0,198021.0,3163.0,3163.0,3108.0,3134.3,31866000,3447.7,2820.9,3839.9,2896.0,3128.1,1,1,3128.0,43,3,3127.9,19,1,3127.6,88,3,3127.5,41,3,3128.2,2,1,3128.5,17,2,3129.0,26,2,3129.1,39,1,3129.2,21,1
2031,2026-06-16 11:02:15+05:30,3128.1,1,3130.98,1415308,132318.0,198021.0,3163.0,3163.0,3108.0,3134.3,31866000,3447.7,2820.9,3839.9,2896.0,3128.1,1,1,3128.0,43,3,3127.9,19,1,3127.6,88,3,3127.5,41,3,3128.2,2,1,3128.5,17,2,3129.0,26,2,3129.1,39,1,3129.2,21,1
2031,2026-06-16 11:02:16+05:30,3128.2,8,3130.98,1415329,131970.0,198146.0,3163.0,3163.0,3108.0,3134.3,31866000,3447.7,2820.9,3839.9,2896.0,3128.2,18,1,3128.0,43,3,3127.6,44,2,3127.5,59,4,3127.4,108,5,3128.5,17,2,3129.0,5,1,3129.1,95,2,3129.2,21,1,3129.3,87,4
2031,2026-06-16 11:02:16+05:30,3128.2,10,3130.98,1415329,131970.0,198146.0,3163.0,3163.0,3108.0,3134.3,31866000,3447.7,2820.9,3839.9,2896.0,3128.2,18,1,3128.0,43,3,3127.6,44,2,3127.5,59,4,3127.4,108,5,3128.5,17,2,3129.0,5,1,3129.1,95,2,3129.2,21,1,3129.3,87,4
2031,2026-06-16 11:02:17+05:30,3128.4,3,3130.98,1415343,131828.0,197817.0,3163.0,3163.0,3108.0,3134.3,31866000,3447.7,2820.9,3839.9,2896.0,3128.4,14,1,3128.2,37,1,3128.0,43,3,3127.6,39,3,3127.5,41,3,3128.5,16,2,3129.0,25,2,3129.1,119,3,3129.2,21,1,3129.3,87,4
2031,2026-06-16 11:02:17+05:30,3128.4,3,3130.98,1415343,131828.0,197817.0,3163.0,3163.0,3108.0,3134.3,31866000,3447.7,2820.9,3839.9,2896.0,3128.4,14,1,3128.2,37,1,3128.0,43,3,3127.6,39,3,3127.5,41,3,3128.5,16,2,3129.0,25,2,3129.1,119,3,3129.2,21,1,3129.3,87,4
2031,2026-06-16 11:02:18+05:30,3128.5,17,3130.98,1415420,131998.0,197905.0,3163.0,3163.0,3108.0,3134.3,31866000,3447.7,2820.9,3839.9,2896.0,3128.4,17,1,3128.2,37,1,3128.0,43,3,3127.7,15,1,3127.6,4,1,3128.8,44,4,3128.9,40,3,3129.0,81,5,3129.1,32,3,3129.2,47,2
2031,2026-06-16 11:02:18+05:30,3128.4,1,3130.98,1415420,131998.0,197905.0,3163.0,3163.0,3108.0,3134.3,31866000,3447.7,2820.9,3839.9,2896.0,3128.4,17,1,3128.2,37,1,3128.0,43,3,3127.7,15,1,3127.6,4,1,3128.8,44,4,3128.9,40,3,3129.0,81,5,3129.1,32,3,3129.2,47,2
2031,2026-06-16 11:02:19+05:30,3128.1,1,3130.98,1415662,130798.0,199491.0,3163.0,3163.0,3108.0,3134.3,31866000,3447.7,2820.9,3839.9,2896.0,3128.0,42,2,3127.7,15,1,3127.6,4,1,3127.4,2,1,3127.3,3,1,3128.1,33,1,3128.2,1,1,3128.4,83,4,3128.6,81,3,3128.7,65,3
2031,2026-06-16 11:02:19+05:30,3128.1,1,3130.98,1415662,130798.0,199491.0,3163.0,3163.0,3108.0,3134.3,31866000,3447.7,2820.9,3839.9,2896.0,3128.0,42,2,3127.7,15,1,3127.6,4,1,3127.4,2,1,3127.3,3,1,3128.1,33,1,3128.2,1,1,3128.4,83,4,3128.6,81,3,3128.7,65,3
2031,2026-06-16 11:02:20+05:30,3128.1,1,3130.98,1415663,130108.0,198483.0,3163.0,3163.0,3108.0,3134.3,31866000,3447.7,2820.9,3839.9,2896.0,3128.0,42,2,3127.9,17,1,3127.7,15,1,3127.6,4,1,3127.4,2,1,3128.1,46,2,3128.7,65,3,3128.8,79,3,3128.9,57,4,3129.0,399,11
2031,2026-06-16 11:02:20+05:30,3128.1,1,3130.98,1415663,130108.0,198483.0,3163.0,3163.0,3108.0,3134.3,31866000,3447.7,2820.9,3839.9,2896.0,3128.0,42,2,3127.9,17,1,3127.7,15,1,3127.6,4,1,3127.4,2,1,3128.1,46,2,3128.7,65,3,3128.8,79,3,3128.9,57,4,3129.0,399,11
2031,2026-06-16 11:02:21+05:30,3128.1,1,3130.98,1415663,130170.0,198593.0,3163.0,3163.0,3108.0,3134.3,31866000,3447.7,2820.9,3839.9,2896.0,3128.0,42,2,3127.9,17,1,3127.7,15,1,3127.6,4,1,3127.4,2,1,3128.1,83,3,3128.7,65,3,3128.8,71,2,3128.9,76,5,3129.0,399,11
2031,2026-06-16 11:02:22+05:30,3128.1,1,3130.98,1415663,130212.0,198536.0,3163.0,3163.0,3108.0,3134.3,31866000,3447.7,2820.9,3839.9,2896.0,3128.0,42,2,3127.9,17,1,3127.7,15,1,3127.6,4,1,3127.4,2,1,3128.1,83,3,3128.7,65,3,3128.8,14,1,3128.9,76,5,3129.0,399,11
2031,2026-06-16 11:02:23+05:30,3127.7,5,3130.98,1415911,128432.0,198678.0,3163.0,3163.0,3108.0,3134.3,31866000,3447.7,2820.9,3839.9,2896.0,3127.7,15,1,3127.6,4,1,3127.4,2,1,3127.3,3,1,3127.0,30,2,3127.8,21,1,3128.1,74,3,3128.2,39,1,3128.3,54,2,3128.5,38,2
2031,2026-06-16 11:02:23+05:30,3127.7,5,3130.98,1415911,128432.0,198678.0,3163.0,3163.0,3108.0,3134.3,31866000,3447.7,2820.9,3839.9,2896.0,3127.7,15,1,3127.6,4,1,3127.4,2,1,3127.3,3,1,3127.0,30,2,3127.8,21,1,3128.1,74,3,3128.2,39,1,3128.3,54,2,3128.5,38,2
2031,2026-06-16 11:02:24+05:30,3128.0,1,3130.98,1415911,128432.0,198678.0,3163.0,3163.0,3108.0,3134.3,31866000,3447.7,2820.9,3839.9,2896.0,3127.7,15,1,3127.6,4,1,3127.4,2,1,3127.3,3,1,3127.0,30,2,3127.8,21,1,3128.1,74,3,3128.2,39,1,3128.3,54,2,3128.5,38,2
2031,2026-06-16 11:02:24+05:30,3128.0,1,3130.98,1416335,127811.0,196513.0,3163.0,3163.0,3108.0,3134.3,31866000,3447.7,2820.9,3839.9,2896.0,3127.0,1,1,3126.5,118,4,3126.4,24,3,3126.3,90,4,3126.2,225,5,3128.0,21,2,3128.1,140,4,3128.2,65,2,3128.3,43,2,3128.4,60,2
2031,2026-06-16 11:02:25+05:30,3127.6,16,3130.98,1416335,127811.0,196513.0,3163.0,3163.0,3108.0,3134.3,31866000,3447.7,2820.9,3839.9,2896.0,3127.0,1,1,3126.5,118,4,3126.4,24,3,3126.3,90,4,3126.2,225,5,3128.0,21,2,3128.1,140,4,3128.2,65,2,3128.3,43,2,3128.4,60,2
2031,2026-06-16 11:02:25+05:30,3127.6,16,3130.98,1416398,129140.0,200014.0,3163.0,3163.0,3108.0,3134.3,31866000,3447.7,2820.9,3839.9,2896.0,3127.7,8,1,3127.0,2,1,3126.5,20,1,3126.3,26,2,3126.2,63,1,3127.8,16,1,3127.9,87,2,3128.0,357,4,3128.1,158,4,3128.2,77,3
2031,2026-06-16 11:02:26+05:30,3127.7,7,3130.98,1416398,129140.0,200014.0,3163.0,3163.0,3108.0,3134.3,31866000,3447.7,2820.9,3839.9,2896.0,3127.7,8,1,3127.0,2,1,3126.5,20,1,3126.3,26,2,3126.2,63,1,3127.8,16,1,3127.9,87,2,3128.0,357,4,3128.1,158,4,3128.2,77,3
2031,2026-06-16 11:02:26+05:30,3127.7,7,3130.98,1416405,129197.0,198948.0,3163.0,3163.0,3108.0,3134.3,31866000,3447.7,2820.9,3839.9,2896.0,3127.7,1,1,3127.0,19,2,3126.5,20,1,3126.4,145,3,3126.3,26,2,3127.8,16,1,3127.9,46,2,3128.0,333,4,3128.1,87,2,3128.2,38,2
2031,2026-06-16 11:02:27+05:30,3127.7,1,3130.98,1416405,129197.0,198948.0,3163.0,3163.0,3108.0,3134.3,31866000,3447.7,2820.9,3839.9,2896.0,3127.7,1,1,3127.0,19,2,3126.5,20,1,3126.4,145,3,3126.3,26,2,3127.8,16,1,3127.9,46,2,3128.0,333,4,3128.1,87,2,3128.2,38,2
2031,2026-06-16 11:02:27+05:30,3127.7,1,3130.98,1416406,129308.0,199053.0,3163.0,3163.0,3108.0,3134.3,31866000,3447.7,2820.9,3839.9,2896.0,3127.7,1,1,3127.0,19,2,3126.8,1,1,3126.5,20,1,3126.4,82,2,3127.8,22,2,3128.0,333,4,3128.1,87,2,3128.2,56,2,3128.3,83,4
2031,2026-06-16 11:02:28+05:30,3127.7,1,3130.98,1416406,129239.0,198954.0,3163.0,3163.0,3108.0,3134.3,31866000,3447.7,2820.9,3839.9,2896.0,3127.7,1,1,3127.0,19,2,3126.8,1,1,3126.5,20,1,3126.4,82,2,3127.8,36,3,3128.0,358,4,3128.1,108,3,3128.2,17,1,3128.3,62,3
2031,2026-06-16 11:02:29+05:30,3127.7,1,3130.98,1416410,128754.0,199368.0,3163.0,3163.0,3108.0,3134.3,31866000,3447.7,2820.9,3839.9,2896.0,3127.1,19,1,3127.0,2,1,3126.8,1,1,3126.3,32,3,3126.1,24,2,3127.6,16,1,3127.7,91,4,3127.8,68,6,3127.9,101,5,3128.0,329,3
2031,2026-06-16 11:02:29+05:30,3127.7,1,3130.98,1416410,128754.0,199368.0,3163.0,3163.0,3108.0,3134.3,31866000,3447.7,2820.9,3839.9,2896.0,3127.1,19,1,3127.0,2,1,3126.8,1,1,3126.3,32,3,3126.1,24,2,3127.6,16,1,3127.7,91,4,3127.8,68,6,3127.9,101,5,3128.0,329,3
2031,2026-06-16 11:02:30+05:30,3127.6,1,3130.98,1416412,128915.0,199790.0,3163.0,3163.0,3108.0,3134.3,31866000,3447.7,2820.9,3839.9,2896.0,3127.4,2,2,3127.1,20,2,3127.0,2,1,3126.8,1,1,3126.3,32,3,3127.6,16,3,3127.7,67,3,3127.8,68,6,3127.9,80,4,3128.0,381,5
2031,2026-06-16 11:02:30+05:30,3127.1,1,3130.98,1416412,128915.0,199790.0,3163.0,3163.0,3108.0,3134.3,31866000,3447.7,2820.9,3839.9,2896.0,3127.4,2,2,3127.1,20,2,3127.0,2,1,3126.8,1,1,3126.3,32,3,3127.6,16,3,3127.7,67,3,3127.8,68,6,3127.9,80,4,3128.0,381,5
2031,2026-06-16 11:02:31+05:30,3127.1,1,3130.98,1416456,128899.0,199669.0,3163.0,3163.0,3108.0,3134.3,31866000,3447.7,2820.9,3839.9,2896.0,3127.1,20,2,3127.0,2,1,3126.8,1,1,3126.3,32,3,3126.1,42,3,3127.5,5,1,3127.6,31,5,3127.7,9,1,3127.8,81,5,3127.9,80,4
2031,2026-06-16 11:02:32+05:30,3128.7,24,3130.97,1418456,129483.0,198121.0,3163.0,3163.0,3108.0,3134.3,31866000,3447.7,2820.9,3839.9,2896.0,3127.1,20,2,3127.0,63,3,3126.8,70,5,3126.7,21,1,3126.6,134,4,3128.1,200,1,3128.7,450,5,3128.8,235,3,3128.9,49,1,3129.0,151,8
2031,2026-06-16 11:02:32+05:30,3128.7,24,3130.97,1418456,129483.0,198121.0,3163.0,3163.0,3108.0,3134.3,31866000,3447.7,2820.9,3839.9,2896.0,3127.1,20,2,3127.0,63,3,3126.8,70,5,3126.7,21,1,3126.6,134,4,3128.1,200,1,3128.7,450,5,3128.8,235,3,3128.9,49,1,3129.0,151,8
2031,2026-06-16 11:02:33+05:30,3128.7,24,3130.97,1418456,129385.0,198907.0,3163.0,3163.0,3108.0,3134.3,31866000,3447.7,2820.9,3839.9,2896.0,3127.1,20,2,3127.0,45,2,3126.9,33,2,3126.8,59,4,3126.7,18,1,3128.0,220,1,3128.1,216,2,3128.4,20,1,3128.6,61,2,3128.7,482,5
2031,2026-06-16 11:02:34+05:30,3128.0,1,3130.97,1418460,129199.0,199278.0,3163.0,3163.0,3108.0,3134.3,31866000,3447.7,2820.9,3839.9,2896.0,3127.6,18,1,3127.1,56,2,3127.0,2,1,3126.8,41,3,3126.7,18,1,3128.0,233,2,3128.1,249,2,3128.3,11,1,3128.4,115,3,3128.6,78,2
2031,2026-06-16 11:02:34+05:30,3128.0,1,3130.97,1418460,129199.0,199278.0,3163.0,3163.0,3108.0,3134.3,31866000,3447.7,2820.9,3839.9,2896.0,3127.6,18,1,3127.1,56,2,3127.0,2,1,3126.8,41,3,3126.7,18,1,3128.0,233,2,3128.1,249,2,3128.3,11,1,3128.4,115,3,3128.6,78,2
2031,2026-06-16 11:02:35+05:30,3128.0,1,3130.97,1418460,129199.0,199278.0,3163.0,3163.0,3108.0,3134.3,31866000,3447.7,2820.9,3839.9,2896.0,3127.6,18,1,3127.1,56,2,3127.0,2,1,3126.8,41,3,3126.7,18,1,3128.0,233,2,3128.1,249,2,3128.3,11,1,3128.4,115,3,3128.6,78,2
2031,2026-06-16 11:02:35+05:30,3128.0,1,3130.97,1418679,129464.0,196593.0,3163.0,3163.0,3108.0,3134.3,31866000,3447.7,2820.9,3839.9,2896.0,3127.1,42,3,3127.0,12,2,3126.9,11,1,3126.8,140,5,3126.7,81,4,3128.0,15,1,3128.1,249,2,3128.4,20,1,3128.6,78,2,3128.7,521,6
2031,2026-06-16 11:02:35+05:30,3128.0,1,3130.97,1418679,129464.0,196593.0,3163.0,3163.0,3108.0,3134.3,31866000,3447.7,2820.9,3839.9,2896.0,3127.1,42,3,3127.0,12,2,3126.9,11,1,3126.8,140,5,3126.7,81,4,3128.0,15,1,3128.1,249,2,3128.4,20,1,3128.6,78,2,3128.7,521,6
2031,2026-06-16 11:02:36+05:30,3128.0,1,3130.97,1418679,129464.0,196593.0,3163.0,3163.0,3108.0,3134.3,31866000,3447.7,2820.9,3839.9,2896.0,3127.1,42,3,3127.0,12,2,3126.9,11,1,3126.8,140,5,3126.7,81,4,3128.0,15,1,3128.1,249,2,3128.4,20,1,3128.6,78,2,3128.7,521,6
2031,2026-06-16 11:02:36+05:30,3127.9,1,3130.97,1418679,129464.0,196593.0,3163.0,3163.0,3108.0,3134.3,31866000,3447.7,2820.9,3839.9,2896.0,3127.1,42,3,3127.0,12,2,3126.9,11,1,3126.8,140,5,3126.7,81,4,3128.0,15,1,3128.1,249,2,3128.4,20,1,3128.6,78,2,3128.7,521,6
2031,2026-06-16 11:02:36+05:30,3127.9,1,3130.97,1418680,129432.0,199136.0,3163.0,3163.0,3108.0,3134.3,31866000,3447.7,2820.9,3839.9,2896.0,3127.1,42,3,3127.0,2,1,3126.8,57,2,3126.6,56,1,3126.5,22,1,3127.9,23,1,3128.0,167,5,3128.1,249,2,3128.2,56,2,3128.3,43,1
2031,2026-06-16 11:02:37+05:30,3127.9,1,3130.97,1418680,129492.0,199141.0,3163.0,3163.0,3108.0,3134.3,31866000,3447.7,2820.9,3839.9,2896.0,3127.1,42,3,3127.0,2,1,3126.8,59,3,3126.6,56,1,3126.5,22,1,3127.9,23,1,3128.0,108,4,3128.1,249,2,3128.2,115,3,3128.3,43,1
2031,2026-06-16 11:02:38+05:30,3127.9,1,3130.97,1418680,129492.0,199141.0,3163.0,3163.0,3108.0,3134.3,31866000,3447.7,2820.9,3839.9,2896.0,3127.1,42,3,3127.0,2,1,3126.8,59,3,3126.6,56,1,3126.5,22,1,3127.9,23,1,3128.0,108,4,3128.1,249,2,3128.2,115,3,3128.3,43,1
2031,2026-06-16 11:02:38+05:30,3127.9,1,3130.97,1418680,129531.0,198429.0,3163.0,3163.0,3108.0,3134.3,31866000,3447.7,2820.9,3839.9,2896.0,3127.1,42,3,3127.0,2,1,3126.8,59,3,3126.6,179,3,3126.5,40,2,3127.9,23,1,3128.0,50,2,3128.1,88,2,3128.3,62,2,3128.4,59,2
2031,2026-06-16 11:02:39+05:30,3127.9,1,3130.97,1418680,129483.0,199100.0,3163.0,3163.0,3108.0,3134.3,31866000,3447.7,2820.9,3839.9,2896.0,3127.1,42,3,3127.0,2,1,3126.8,59,3,3126.6,56,1,3126.5,22,1,3127.9,70,3,3128.0,81,3,3128.1,49,1,3128.2,237,2,3128.3,62,2
2031,2026-06-16 11:02:40+05:30,3127.9,1,3130.97,1418680,129483.0,199100.0,3163.0,3163.0,3108.0,3134.3,31866000,3447.7,2820.9,3839.9,2896.0,3127.1,42,3,3127.0,2,1,3126.8,59,3,3126.6,56,1,3126.5,22,1,3127.9,70,3,3128.0,81,3,3128.1,49,1,3128.2,237,2,3128.3,62,2
2031,2026-06-16 11:02:40+05:30,3127.7,1,3130.97,1418680,129483.0,199100.0,3163.0,3163.0,3108.0,3134.3,31866000,3447.7,2820.9,3839.9,2896.0,3127.1,42,3,3127.0,2,1,3126.8,59,3,3126.6,56,1,3126.5,22,1,3127.9,70,3,3128.0,81,3,3128.1,49,1,3128.2,237,2,3128.3,62,2
2031,2026-06-16 11:02:40+05:30,3127.7,1,3130.97,1418686,129493.0,198665.0,3163.0,3163.0,3108.0,3134.3,31866000,3447.7,2820.9,3839.9,2896.0,3127.1,41,2,3127.0,2,1,3126.9,12,1,3126.8,59,3,3126.7,21,1,3127.7,17,1,3127.8,12,1,3127.9,70,3,3128.0,35,1,3128.1,49,1
2031,2026-06-16 11:02:41+05:30,3127.9,3,3130.97,1418686,129493.0,198665.0,3163.0,3163.0,3108.0,3134.3,31866000,3447.7,2820.9,3839.9,2896.0,3127.1,41,2,3127.0,2,1,3126.9,12,1,3126.8,59,3,3126.7,21,1,3127.7,17,1,3127.8,12,1,3127.9,70,3,3128.0,35,1,3128.1,49,1
2031,2026-06-16 11:02:41+05:30,3127.9,3,3130.97,1418707,129508.0,199000.0,3163.0,3163.0,3108.0,3134.3,31866000,3447.7,2820.9,3839.9,2896.0,3127.4,17,1,3127.1,4,1,3127.0,12,2,3126.8,59,3,3126.6,109,2,3127.8,12,1,3127.9,79,4,3128.0,35,1,3128.2,37,1,3128.3,200,1
2031,2026-06-16 11:02:42+05:30,3127.9,3,3130.97,1418707,129508.0,199000.0,3163.0,3163.0,3108.0,3134.3,31866000,3447.7,2820.9,3839.9,2896.0,3127.4,17,1,3127.1,4,1,3127.0,12,2,3126.8,59,3,3126.6,109,2,3127.8,12,1,3127.9,79,4,3128.0,35,1,3128.2,37,1,3128.3,200,1
2031,2026-06-16 11:02:42+05:30,3127.6,10,3130.97,1418707,129508.0,199000.0,3163.0,3163.0,3108.0,3134.3,31866000,3447.7,2820.9,3839.9,2896.0,3127.4,17,1,3127.1,4,1,3127.0,12,2,3126.8,59,3,3126.6,109,2,3127.8,12,1,3127.9,79,4,3128.0,35,1,3128.2,37,1,3128.3,200,1
2031,2026-06-16 11:02:42+05:30,3127.6,10,3130.97,1418717,129918.0,198154.0,3163.0,3163.0,3108.0,3134.3,31866000,3447.7,2820.9,3839.9,2896.0,3127.6,7,1,3127.4,43,1,3127.1,33,3,3127.0,23,3,3126.9,160,4,3127.7,2,1,3127.8,6,2,3127.9,52,2,3128.0,35,1,3128.4,39,1
2031,2026-06-16 11:02:43+05:30,3127.8,1,3130.97,1418717,129918.0,198154.0,3163.0,3163.0,3108.0,3134.3,31866000,3447.7,2820.9,3839.9,2896.0,3127.6,7,1,3127.4,43,1,3127.1,33,3,3127.0,23,3,3126.9,160,4,3127.7,2,1,3127.8,6,2,3127.9,52,2,3128.0,35,1,3128.4,39,1
2031,2026-06-16 11:02:43+05:30,3127.8,1,3130.97,1418744,129843.0,198014.0,3163.0,3163.0,3108.0,3134.3,31866000,3447.7,2820.9,3839.9,2896.0,3127.7,19,1,3127.4,43,1,3127.1,21,2,3127.0,64,4,3126.9,262,4,3127.9,29,1,3128.0,35,1,3128.4,39,1,3128.6,5,1,3128.7,39,1
2031,2026-06-16 11:02:44+05:30,3127.8,1,3130.97,1418744,129843.0,198014.0,3163.0,3163.0,3108.0,3134.3,31866000,3447.7,2820.9,3839.9,2896.0,3127.7,19,1,3127.4,43,1,3127.1,21,2,3127.0,64,4,3126.9,262,4,3127.9,29,1,3128.0,35,1,3128.4,39,1,3128.6,5,1,3128.7,39,1
2031,2026-06-16 11:02:44+05:30,3127.9,12,3130.97,1418744,129843.0,198014.0,3163.0,3163.0,3108.0,3134.3,31866000,3447.7,2820.9,3839.9,2896.0,3127.7,19,1,3127.4,43,1,3127.1,21,2,3127.0,64,4,3126.9,262,4,3127.9,29,1,3128.0,35,1,3128.4,39,1,3128.6,5,1,3128.7,39,1
2031,2026-06-16 11:02:44+05:30,3127.9,12,3130.97,1418807,130617.0,198330.0,3163.0,3163.0,3108.0,3134.3,31866000,3447.7,2820.9,3839.9,2896.0,3127.9,6,1,3127.7,43,1,3127.4,43,1,3127.1,17,1,3127.0,151,5,3128.0,35,1,3128.3,59,2,3128.5,27,1,3128.6,5,1,3128.7,239,2
2031,2026-06-16 11:02:45+05:30,3127.9,12,3130.97,1418807,130617.0,198330.0,3163.0,3163.0,3108.0,3134.3,31866000,3447.7,2820.9,3839.9,2896.0,3127.9,6,1,3127.7,43,1,3127.4,43,1,3127.1,17,1,3127.0,151,5,3128.0,35,1,3128.3,59,2,3128.5,27,1,3128.6,5,1,3128.7,239,2
2031,2026-06-16 11:02:45+05:30,3127.6,24,3130.97,1418807,130617.0,198330.0,3163.0,3163.0,3108.0,3134.3,31866000,3447.7,2820.9,3839.9,2896.0,3127.9,6,1,3127.7,43,1,3127.4,43,1,3127.1,17,1,3127.0,151,5,3128.0,35,1,3128.3,59,2,3128.5,27,1,3128.6,5,1,3128.7,239,2
2031,2026-06-16 11:02:46+05:30,3127.6,24,3130.97,1419124,128793.0,199427.0,3163.0,3163.0,3108.0,3134.3,31866000,3447.7,2820.9,3839.9,2896.0,3126.8,3,2,3126.5,66,2,3126.4,24,1,3126.3,134,6,3126.2,18,1,3127.6,9,1,3127.7,190,1,3127.8,11,1,3127.9,50,3,3128.0,78,2
2031,2026-06-16 11:02:46+05:30,3127.6,24,3130.97,1419124,128793.0,199427.0,3163.0,3163.0,3108.0,3134.3,31866000,3447.7,2820.9,3839.9,2896.0,3126.8,3,2,3126.5,66,2,3126.4,24,1,3126.3,134,6,3126.2,18,1,3127.6,9,1,3127.7,190,1,3127.8,11,1,3127.9,50,3,3128.0,78,2
2031,2026-06-16 11:02:46+05:30,3126.5,2,3130.97,1419124,128793.0,199427.0,3163.0,3163.0,3108.0,3134.3,31866000,3447.7,2820.9,3839.9,2896.0,3126.8,3,2,3126.5,66,2,3126.4,24,1,3126.3,134,6,3126.2,18,1,3127.6,9,1,3127.7,190,1,3127.8,11,1,3127.9,50,3,3128.0,78,2
2031,2026-06-16 11:02:46+05:30,3126.5,2,3130.97,1419124,128793.0,199427.0,3163.0,3163.0,3108.0,3134.3,31866000,3447.7,2820.9,3839.9,2896.0,3126.8,3,2,3126.5,66,2,3126.4,24,1,3126.3,134,6,3126.2,18,1,3127.6,9,1,3127.7,190,1,3127.8,11,1,3127.9,50,3,3128.0,78,2
2031,2026-06-16 11:02:47+05:30,3126.5,2,3130.97,1419139,128405.0,199872.0,3163.0,3163.0,3108.0,3134.3,31866000,3447.7,2820.9,3839.9,2896.0,3126.5,20,2,3126.4,161,5,3126.3,46,4,3126.2,129,6,3126.1,8,2,3127.6,42,1,3127.7,190,1,3127.9,2,1,3128.0,212,3,3128.1,309,3
2031,2026-06-16 11:02:47+05:30,3126.5,2,3130.97,1419139,128405.0,199872.0,3163.0,3163.0,3108.0,3134.3,31866000,3447.7,2820.9,3839.9,2896.0,3126.5,20,2,3126.4,161,5,3126.3,46,4,3126.2,129,6,3126.1,8,2,3127.6,42,1,3127.7,190,1,3127.9,2,1,3128.0,212,3,3128.1,309,3
2031,2026-06-16 11:02:48+05:30,3126.5,2,3130.97,1419139,128478.0,199450.0,3163.0,3163.0,3108.0,3134.3,31866000,3447.7,2820.9,3839.9,2896.0,3126.6,14,1,3126.5,35,4,3126.4,104,3,3126.3,184,7,3126.2,90,5,3127.5,1,1,3127.6,107,4,3127.7,190,1,3128.0,20,1,3128.2,24,2
2031,2026-06-16 11:02:48+05:30,3126.5,2,3130.97,1419139,128478.0,199450.0,3163.0,3163.0,3108.0,3134.3,31866000,3447.7,2820.9,3839.9,2896.0,3126.6,14,1,3126.5,35,4,3126.4,104,3,3126.3,184,7,3126.2,90,5,3127.5,1,1,3127.6,107,4,3127.7,190,1,3128.0,20,1,3128.2,24,2
2031,2026-06-16 11:02:48+05:30,3126.6,1,3130.97,1419139,128478.0,199450.0,3163.0,3163.0,3108.0,3134.3,31866000,3447.7,2820.9,3839.9,2896.0,3126.6,14,1,3126.5,35,4,3126.4,104,3,3126.3,184,7,3126.2,90,5,3127.5,1,1,3127.6,107,4,3127.7,190,1,3128.0,20,1,3128.2,24,2
2031,2026-06-16 11:02:49+05:30,3126.6,1,3130.97,1419140,128239.0,197035.0,3163.0,3163.0,3108.0,3134.3,31866000,3447.7,2820.9,3839.9,2896.0,3126.6,13,1,3126.5,11,1,3126.4,71,2,3126.3,36,3,3126.2,121,5,3127.5,1,1,3127.6,107,4,3127.7,190,1,3127.8,11,1,3127.9,43,1
2031,2026-06-16 11:02:49+05:30,3127.5,1,3130.97,1419140,128239.0,197035.0,3163.0,3163.0,3108.0,3134.3,31866000,3447.7,2820.9,3839.9,2896.0,3126.6,13,1,3126.5,11,1,3126.4,71,2,3126.3,36,3,3126.2,121,5,3127.5,1,1,3127.6,107,4,3127.7,190,1,3127.8,11,1,3127.9,43,1
2031,2026-06-16 11:02:49+05:30,3127.5,1,3130.97,1419140,128239.0,197035.0,3163.0,3163.0,3108.0,3134.3,31866000,3447.7,2820.9,3839.9,2896.0,3126.6,13,1,3126.5,11,1,3126.4,71,2,3126.3,36,3,3126.2,121,5,3127.5,1,1,3127.6,107,4,3127.7,190,1,3127.8,11,1,3127.9,43,1
2031,2026-06-16 11:02:50+05:30,3127.5,1,3130.97,1419141,128441.0,199690.0,3163.0,3163.0,3108.0,3134.3,31866000,3447.7,2820.9,3839.9,2896.0,3126.6,30,2,3126.4,54,1,3126.3,36,3,3126.2,73,4,3126.1,44,3,3127.5,64,1,3127.6,172,6,3127.7,190,1,3127.8,43,1,3128.0,177,2
2031,2026-06-16 11:02:50+05:30,3127.5,1,3130.97,1419141,128441.0,199690.0,3163.0,3163.0,3108.0,3134.3,31866000,3447.7,2820.9,3839.9,2896.0,3126.6,30,2,3126.4,54,1,3126.3,36,3,3126.2,73,4,3126.1,44,3,3127.5,64,1,3127.6,172,6,3127.7,190,1,3127.8,43,1,3128.0,177,2
2031,2026-06-16 11:02:50+05:30,3127.5,10,3130.97,1419141,128441.0,199690.0,3163.0,3163.0,3108.0,3134.3,31866000,3447.7,2820.9,3839.9,2896.0,3126.6,30,2,3126.4,54,1,3126.3,36,3,3126.2,73,4,3126.1,44,3,3127.5,64,1,3127.6,172,6,3127.7,190,1,3127.8,43,1,3128.0,177,2
2031,2026-06-16 11:02:51+05:30,3127.5,10,3130.97,1419151,128189.0,199601.0,3163.0,3163.0,3108.0,3134.3,31866000,3447.7,2820.9,3839.9,2896.0,3126.6,17,1,3126.3,12,2,3126.2,5,1,3126.1,2,1,3126.0,107,5,3127.2,2,1,3127.3,12,1,3127.5,54,1,3127.6,170,6,3127.7,248,3
2031,2026-06-16 11:02:51+05:30,3127.5,10,3130.97,1419151,128189.0,199601.0,3163.0,3163.0,3108.0,3134.3,31866000,3447.7,2820.9,3839.9,2896.0,3126.6,17,1,3126.3,12,2,3126.2,5,1,3126.1,2,1,3126.0,107,5,3127.2,2,1,3127.3,12,1,3127.5,54,1,3127.6,170,6,3127.7,248,3
2031,2026-06-16 11:02:51+05:30,3127.2,1,3130.97,1419151,128189.0,199601.0,3163.0,3163.0,3108.0,3134.3,31866000,3447.7,2820.9,3839.9,2896.0,3126.6,17,1,3126.3,12,2,3126.2,5,1,3126.1,2,1,3126.0,107,5,3127.2,2,1,3127.3,12,1,3127.5,54,1,3127.6,170,6,3127.7,248,3
2031,2026-06-16 11:02:52+05:30,3127.2,1,3130.97,1419152,128194.0,199571.0,3163.0,3163.0,3108.0,3134.3,31866000,3447.7,2820.9,3839.9,2896.0,3126.6,17,1,3126.3,12,2,3126.2,5,1,3126.1,2,1,3126.0,107,5,3127.2,2,2,3127.3,12,1,3127.5,54,1,3127.6,128,5,3127.7,229,2
2031,2026-06-16 11:02:52+05:30,3127.2,1,3130.97,1419152,128194.0,199571.0,3163.0,3163.0,3108.0,3134.3,31866000,3447.7,2820.9,3839.9,2896.0,3126.6,17,1,3126.3,12,2,3126.2,5,1,3126.1,2,1,3126.0,107,5,3127.2,2,2,3127.3,12,1,3127.5,54,1,3127.6,128,5,3127.7,229,2
2031,2026-06-16 11:02:53+05:30,3127.2,1,3130.97,1419152,128204.0,199521.0,3163.0,3163.0,3108.0,3134.3,31866000,3447.7,2820.9,3839.9,2896.0,3126.6,17,1,3126.3,12,2,3126.2,39,2,3126.1,2,1,3126.0,139,6,3127.2,2,2,3127.3,12,1,3127.5,54,1,3127.6,77,4,3127.7,229,2
2031,2026-06-16 11:02:53+05:30,3127.2,1,3130.97,1419152,128204.0,199521.0,3163.0,3163.0,3108.0,3134.3,31869000,3447.7,2820.9,3839.9,2896.0,3126.6,17,1,3126.3,12,2,3126.2,39,2,3126.1,2,1,3126.0,139,6,3127.2,2,2,3127.3,12,1,3127.5,54,1,3127.6,77,4,3127.7,229,2
2031,2026-06-16 11:02:54+05:30,3127.2,1,3130.97,1419152,128193.0,199839.0,3163.0,3163.0,3108.0,3134.3,31869000,3447.7,2820.9,3839.9,2896.0,3126.6,17,1,3126.3,12,2,3126.2,39,2,3126.1,2,1,3126.0,110,5,3127.2,2,2,3127.5,54,1,3127.6,65,3,3127.7,405,4,3127.8,332,4
2031,2026-06-16 11:02:54+05:30,3127.2,1,3130.97,1419152,128193.0,199839.0,3163.0,3163.0,3108.0,3134.3,31869000,3447.7,2820.9,3839.9,2896.0,3126.6,17,1,3126.3,12,2,3126.2,39,2,3126.1,2,1,3126.0,110,5,3127.2,2,2,3127.5,54,1,3127.6,65,3,3127.7,405,4,3127.8,332,4
2031,2026-06-16 11:02:54+05:30,3127.2,1,3130.97,1419153,128193.0,199838.0,3163.0,3163.0,3108.0,3134.3,31869000,3447.7,2820.9,3839.9,2896.0,3126.6,17,1,3126.3,12,2,3126.2,39,2,3126.1,2,1,3126.0,110,5,3127.2,1,1,3127.5,54,1,3127.6,65,3,3127.7,405,4,3127.8,332,4
2031,2026-06-16 11:02:55+05:30,3127.2,1,3130.97,1419153,127995.0,200033.0,3163.0,3163.0,3108.0,3134.3,31869000,3447.7,2820.9,3839.9,2896.0,3126.9,18,1,3126.4,13,1,3126.3,30,3,3126.2,5,1,3126.1,2,1,3127.2,2,2,3127.5,93,2,3127.6,256,5,3127.7,458,4,3127.8,135,3
2031,2026-06-16 11:02:56+05:30,3127.2,1,3130.97,1419153,127995.0,200033.0,3163.0,3163.0,3108.0,3134.3,31869000,3447.7,2820.9,3839.9,2896.0,3126.9,18,1,3126.4,13,1,3126.3,30,3,3126.2,5,1,3126.1,2,1,3127.2,2,2,3127.5,93,2,3127.6,256,5,3127.7,458,4,3127.8,135,3
2031,2026-06-16 11:02:56+05:30,3127.2,1,3130.97,1419234,127851.0,200478.0,3163.0,3163.0,3108.0,3134.3,31869000,3447.7,2820.9,3839.9,2896.0,3126.9,18,1,3126.3,12,2,3126.2,5,1,3126.1,17,2,3126.0,71,3,3127.3,58,2,3127.4,24,2,3127.5,211,2,3127.6,297,6,3127.7,239,2
2031,2026-06-16 11:02:58+05:30,3127.2,1,3130.97,1419234,128048.0,200361.0,3163.0,3163.0,3108.0,3134.3,31869000,3447.7,2820.9,3839.9,2896.0,3126.9,18,1,3126.3,12,2,3126.2,5,1,3126.1,17,2,3126.0,71,3,3127.1,7,1,3127.2,74,2,3127.3,55,3,3127.4,24,2,3127.5,253,4
2031,2026-06-16 11:02:59+05:30,3127.2,1,3130.97,1419234,128105.0,200330.0,3163.0,3163.0,3108.0,3134.3,31869000,3447.7,2820.9,3839.9,2896.0,3126.9,18,1,3126.3,32,3,3126.2,5,1,3126.1,17,2,3126.0,71,3,3127.1,7,1,3127.2,74,2,3127.3,55,3,3127.5,253,4,3127.6,297,6
2031,2026-06-16 11:03:00+05:30,3127.2,1,3130.97,1419234,127929.0,200356.0,3163.0,3163.0,3108.0,3134.3,31869000,3447.7,2820.9,3839.9,2896.0,3126.9,19,2,3126.3,32,3,3126.2,5,1,3126.1,17,2,3126.0,71,3,3127.1,103,6,3127.2,35,1,3127.3,55,3,3127.5,253,4,3127.6,246,4
2031,2026-06-16 11:03:00+05:30,3126.3,2,3130.97,1419234,127929.0,200356.0,3163.0,3163.0,3108.0,3134.3,31869000,3447.7,2820.9,3839.9,2896.0,3126.9,19,2,3126.3,32,3,3126.2,5,1,3126.1,17,2,3126.0,71,3,3127.1,103,6,3127.2,35,1,3127.3,55,3,3127.5,253,4,3127.6,246,4
2031,2026-06-16 11:03:01+05:30,3126.3,3,3130.97,1419642,126063.0,201367.0,3163.0,3163.0,3108.0,3134.3,31869000,3447.7,2820.9,3839.9,2896.0,3126.3,20,1,3126.2,5,1,3126.1,17,2,3126.0,15,2,3125.5,76,2,3126.6,45,1,3126.7,83,4,3126.8,24,2,3126.9,135,4,3127.0,121,5
2031,2026-06-16 11:03:01+05:30,3126.3,3,3130.97,1419642,126063.0,201367.0,3163.0,3163.0,3108.0,3134.3,31869000,3447.7,2820.9,3839.9,2896.0,3126.3,20,1,3126.2,5,1,3126.1,17,2,3126.0,15,2,3125.5,76,2,3126.6,45,1,3126.7,83,4,3126.8,24,2,3126.9,135,4,3127.0,121,5
2031,2026-06-16 11:03:02+05:30,3126.6,1,3130.97,1419643,126308.0,201347.0,3163.0,3163.0,3108.0,3134.3,31869000,3447.7,2820.9,3839.9,2896.0,3126.3,20,1,3126.2,5,1,3126.1,17,2,3126.0,15,2,3125.5,76,2,3126.6,86,4,3126.7,25,2,3126.8,47,3,3126.9,319,5,3127.0,321,6
2031,2026-06-16 11:03:02+05:30,3126.4,1,3130.97,1419643,126308.0,201347.0,3163.0,3163.0,3108.0,3134.3,31869000,3447.7,2820.9,3839.9,2896.0,3126.3,20,1,3126.2,5,1,3126.1,17,2,3126.0,15,2,3125.5,76,2,3126.6,86,4,3126.7,25,2,3126.8,47,3,3126.9,319,5,3127.0,321,6
2031,2026-06-16 11:03:03+05:30,3126.0,11,3130.97,1419931,125911.0,201295.0,3163.0,3163.0,3108.0,3134.3,31869000,3447.7,2820.9,3839.9,2896.0,3126.0,4,2,3125.5,55,1,3125.2,5,2,3125.1,53,3,3125.0,20,1,3126.1,27,1,3126.5,32,3,3126.6,23,1,3126.7,206,3,3126.8,223,2
2031,2026-06-16 11:03:03+05:30,3126.0,11,3130.97,1419931,125911.0,201295.0,3163.0,3163.0,3108.0,3134.3,31869000,3447.7,2820.9,3839.9,2896.0,3126.0,4,2,3125.5,55,1,3125.2,5,2,3125.1,53,3,3125.0,20,1,3126.1,27,1,3126.5,32,3,3126.6,23,1,3126.7,206,3,3126.8,223,2
2031,2026-06-16 11:03:04+05:30,3126.0,13,3130.97,1420165,125597.0,202678.0,3163.0,3163.0,3108.0,3134.3,31869000,3447.7,2820.9,3839.9,2896.0,3126.0,11,1,3125.2,2,1,3125.1,5,1,3125.0,20,1,3124.9,83,3,3126.1,6,1,3126.6,196,4,3126.7,236,2,3126.8,56,1,3126.9,130,3
2031,2026-06-16 11:03:04+05:30,3126.0,13,3130.97,1420165,125597.0,202678.0,3163.0,3163.0,3108.0,3134.3,31869000,3447.7,2820.9,3839.9,2896.0,3126.0,11,1,3125.2,2,1,3125.1,5,1,3125.0,20,1,3124.9,83,3,3126.1,6,1,3126.6,196,4,3126.7,236,2,3126.8,56,1,3126.9,130,3
2031,2026-06-16 11:03:05+05:30,3126.0,15,3130.97,1420191,126392.0,202457.0,3163.0,3163.0,3108.0,3134.3,31869000,3447.7,2820.9,3839.9,2896.0,3126.0,13,2,3125.2,40,3,3125.1,81,3,3125.0,38,2,3124.9,150,4,3126.1,7,2,3126.6,25,2,3126.7,36,1,3126.8,196,2,3126.9,291,3
2031,2026-06-16 11:03:05+05:30,3126.1,22,3130.97,1420191,126392.0,202457.0,3163.0,3163.0,3108.0,3134.3,31869000,3447.7,2820.9,3839.9,2896.0,3126.0,13,2,3125.2,40,3,3125.1,81,3,3125.0,38,2,3124.9,150,4,3126.1,7,2,3126.6,25,2,3126.7,36,1,3126.8,196,2,3126.9,291,3
2031,2026-06-16 11:03:06+05:30,3126.0,4,3130.97,1420226,126406.0,202200.0,3163.0,3163.0,3108.0,3134.3,31869000,3447.7,2820.9,3839.9,2896.0,3126.0,24,2,3125.2,40,3,3125.1,81,3,3125.0,38,2,3124.9,168,5,3126.1,4,1,3126.6,2,1,3126.8,196,2,3126.9,291,3,3127.0,116,3
2031,2026-06-16 11:03:06+05:30,3126.0,4,3130.97,1420226,126406.0,202200.0,3163.0,3163.0,3108.0,3134.3,31869000,3447.7,2820.9,3839.9,2896.0,3126.0,24,2,3125.2,40,3,3125.1,81,3,3125.0,38,2,3124.9,168,5,3126.1,4,1,3126.6,2,1,3126.8,196,2,3126.9,291,3,3127.0,116,3
2031,2026-06-16 11:03:07+05:30,3126.1,1,3130.97,1420228,126779.0,202132.0,3163.0,3163.0,3108.0,3134.3,31869000,3447.7,2820.9,3839.9,2896.0,3126.0,103,4,3125.8,17,1,3125.5,36,3,3125.4,64,2,3125.3,21,1,3126.1,3,1,3126.9,248,3,3127.0,267,2,3127.1,81,4,3127.2,90,3
2031,2026-06-16 11:03:07+05:30,3126.1,1,3130.97,1420228,126779.0,202132.0,3163.0,3163.0,3108.0,3134.3,31869000,3447.7,2820.9,3839.9,2896.0,3126.0,103,4,3125.8,17,1,3125.5,36,3,3125.4,64,2,3125.3,21,1,3126.1,3,1,3126.9,248,3,3127.0,267,2,3127.1,81,4,3127.2,90,3
2031,2026-06-16 11:03:08+05:30,3126.1,2,3130.97,1420247,127019.0,201843.0,3163.0,3163.0,3108.0,3134.3,31869000,3447.7,2820.9,3839.9,2896.0,3126.0,104,4,3125.6,10,1,3125.5,38,3,3125.4,77,3,3125.3,274,3,3126.9,182,2,3127.0,267,2,3127.1,81,4,3127.2,44,1,3127.3,154,4
2031,2026-06-16 11:03:08+05:30,3126.1,2,3130.97,1420247,127019.0,201843.0,3163.0,3163.0,3108.0,3134.3,31869000,3447.7,2820.9,3839.9,2896.0,3126.0,104,4,3125.6,10,1,3125.5,38,3,3125.4,77,3,3125.3,274,3,3126.9,182,2,3127.0,267,2,3127.1,81,4,3127.2,44,1,3127.3,154,4
2031,2026-06-16 11:03:09+05:30,3126.9,1,3130.97,1420248,127057.0,202053.0,3163.0,3163.0,3108.0,3134.3,31869000,3447.7,2820.9,3839.9,2896.0,3126.3,2,1,3126.1,20,1,3126.0,86,3,3125.6,10,1,3125.5,70,4,3126.8,2,1,3126.9,196,3,3127.0,200,1,3127.1,120,5,3127.3,102,2
2031,2026-06-16 11:03:09+05:30,3126.1,198,3130.97,1420248,127057.0,202053.0,3163.0,3163.0,3108.0,3134.3,31869000,3447.7,2820.9,3839.9,2896.0,3126.3,2,1,3126.1,20,1,3126.0,86,3,3125.6,10,1,3125.5,70,4,3126.8,2,1,3126.9,196,3,3127.0,200,1,3127.1,120,5,3127.3,102,2
2031,2026-06-16 11:03:10+05:30,3126.0,7,3130.97,1420529,126858.0,202157.0,3163.0,3163.0,3108.0,3134.3,31869000,3447.7,2820.9,3839.9,2896.0,3126.0,16,2,3125.3,40,2,3125.2,33,3,3125.1,49,3,3125.0,38,2,3126.8,21,2,3126.9,286,5,3127.0,290,3,3127.1,90,5,3127.2,140,3
2031,2026-06-16 11:03:10+05:30,3126.0,7,3130.97,1420529,126858.0,202157.0,3163.0,3163.0,3108.0,3134.3,31869000,3447.7,2820.9,3839.9,2896.0,3126.0,16,2,3125.3,40,2,3125.2,33,3,3125.1,49,3,3125.0,38,2,3126.8,21,2,3126.9,286,5,3127.0,290,3,3127.1,90,5,3127.2,140,3
2031,2026-06-16 11:03:11+05:30,3125.0,5,3130.96,1420874,126505.0,202413.0,3163.0,3163.0,3108.0,3134.3,31869000,3447.7,2820.9,3839.9,2896.0,3125.9,12,1,3125.2,50,3,3125.1,32,2,3125.0,59,5,3124.9,22,2,3126.5,42,1,3126.6,21,2,3126.7,232,4,3126.8,346,7,3126.9,39,2
2031,2026-06-16 11:03:11+05:30,3125.0,5,3130.96,1420874,126505.0,202413.0,3163.0,3163.0,3108.0,3134.3,31869000,3447.7,2820.9,3839.9,2896.0,3125.9,12,1,3125.2,50,3,3125.1,32,2,3125.0,59,5,3124.9,22,2,3126.5,42,1,3126.6,21,2,3126.7,232,4,3126.8,346,7,3126.9,39,2
2031,2026-06-16 11:03:12+05:30,3126.5,1,3130.96,1420875,126515.0,202007.0,3163.0,3163.0,3108.0,3134.3,31869000,3447.7,2820.9,3839.9,2896.0,3125.9,12,1,3125.2,50,3,3125.1,77,3,3125.0,59,5,3124.9,31,2,3126.5,56,2,3126.6,9,1,3126.7,12,1,3126.8,264,7,3126.9,224,2
2031,2026-06-16 11:03:12+05:30,3126.5,1,3130.96,1420875,126515.0,202007.0,3163.0,3163.0,3108.0,3134.3,31869000,3447.7,2820.9,3839.9,2896.0,3125.9,12,1,3125.2,50,3,3125.1,77,3,3125.0,59,5,3124.9,31,2,3126.5,56,2,3126.6,9,1,3126.7,12,1,3126.8,264,7,3126.9,224,2
2031,2026-06-16 11:03:13+05:30,3125.9,13,3130.96,1420996,126763.0,202060.0,3163.0,3163.0,3108.0,3134.3,31869000,3447.7,2820.9,3839.9,2896.0,3125.9,11,1,3125.3,95,3,3125.2,31,2,3125.1,41,2,3125.0,294,7,3126.4,12,1,3126.5,12,1,3126.7,12,1,3126.8,246,7,3126.9,224,2
2031,2026-06-16 11:03:13+05:30,3125.9,13,3130.96,1420996,126763.0,202060.0,3163.0,3163.0,3108.0,3134.3,31869000,3447.7,2820.9,3839.9,2896.0,3125.9,11,1,3125.3,95,3,3125.2,31,2,3125.1,41,2,3125.0,294,7,3126.4,12,1,3126.5,12,1,3126.7,12,1,3126.8,246,7,3126.9,224,2
2031,2026-06-16 11:03:14+05:30,3125.3,1,3130.96,1421008,126917.0,202160.0,3163.0,3163.0,3108.0,3134.3,31869000,3447.7,2820.9,3839.9,2896.0,3125.9,1,1,3125.4,232,4,3125.3,116,5,3125.2,56,4,3125.1,64,3,3126.1,2,1,3126.8,216,5,3126.9,224,2,3127.0,30,2,3127.1,2,1
2031,2026-06-16 11:03:14+05:30,3125.3,1,3130.96,1421008,126917.0,202160.0,3163.0,3163.0,3108.0,3134.3,31869000,3447.7,2820.9,3839.9,2896.0,3125.9,1,1,3125.4,232,4,3125.3,116,5,3125.2,56,4,3125.1,64,3,3126.1,2,1,3126.8,216,5,3126.9,224,2,3127.0,30,2,3127.1,2,1
2031,2026-06-16 11:03:15+05:30,3126.8,16,3130.96,1421098,126668.0,202518.0,3163.0,3163.0,3108.0,3134.3,31869000,3447.7,2820.9,3839.9,2896.0,3126.2,1,1,3126.0,2,2,3125.9,1,1,3125.5,53,2,3125.4,13,1,3126.7,12,1,3126.8,198,4,3126.9,275,3,3127.0,10,1,3127.2,39,1
2031,2026-06-16 11:03:15+05:30,3126.8,16,3130.96,1421098,126668.0,202518.0,3163.0,3163.0,3108.0,3134.3,31869000,3447.7,2820.9,3839.9,2896.0,3126.2,1,1,3126.0,2,2,3125.9,1,1,3125.5,53,2,3125.4,13,1,3126.7,12,1,3126.8,198,4,3126.9,275,3,3127.0,10,1,3127.2,39,1
2031,2026-06-16 11:03:16+05:30,3126.8,16,3130.96,1421098,126393.0,202520.0,3163.0,3163.0,3108.0,3134.3,31869000,3447.7,2820.9,3839.9,2896.0,3126.2,1,1,3126.0,11,3,3125.9,1,1,3125.8,17,1,3125.4,180,2,3126.6,10,1,3126.7,20,2,3126.8,192,3,3126.9,247,3,3127.0,12,2
2031,2026-06-16 11:03:16+05:30,3126.8,20,3130.96,1421098,126393.0,202520.0,3163.0,3163.0,3108.0,3134.3,31869000,3447.7,2820.9,3839.9,2896.0,3126.2,1,1,3126.0,11,3,3125.9,1,1,3125.8,17,1,3125.4,180,2,3126.6,10,1,3126.7,20,2,3126.8,192,3,3126.9,247,3,3127.0,12,2
2031,2026-06-16 11:03:17+05:30,3126.8,20,3130.96,1421148,126824.0,202723.0,3163.0,3163.0,3108.0,3134.3,31869000,3447.7,2820.9,3839.9,2896.0,3126.2,37,2,3126.0,11,3,3125.9,1,1,3125.8,17,1,3125.5,78,2,3126.4,5,1,3126.5,12,1,3126.6,7,1,3126.7,133,2,3126.8,251,3
2031,2026-06-16 11:03:18+05:30,3126.0,1,3130.96,1421374,126625.0,202092.0,3163.0,3163.0,3108.0,3134.3,31869000,3447.7,2820.9,3839.9,2896.0,3126.0,11,3,3125.9,1,1,3125.4,37,3,3125.3,41,3,3125.2,76,2,3126.4,6,2,3126.5,12,1,3126.6,12,1,3126.9,145,2,3127.0,212,3
2031,2026-06-16 11:03:18+05:30,3126.0,1,3130.96,1421374,126625.0,202092.0,3163.0,3163.0,3108.0,3134.3,31869000,3447.7,2820.9,3839.9,2896.0,3126.0,11,3,3125.9,1,1,3125.4,37,3,3125.3,41,3,3125.2,76,2,3126.4,6,2,3126.5,12,1,3126.6,12,1,3126.9,145,2,3127.0,212,3
2031,2026-06-16 11:03:19+05:30,3126.0,3,3130.96,1421377,126654.0,201910.0,3163.0,3163.0,3108.0,3134.3,31869000,3447.7,2820.9,3839.9,2896.0,3126.0,8,3,3125.9,1,1,3125.4,26,2,3125.3,77,3,3125.2,13,1,3126.1,22,1,3126.4,11,2,3126.9,145,2,3127.0,212,3,3127.2,166,4
2031,2026-06-16 11:03:19+05:30,3126.0,3,3130.96,1421377,126654.0,201910.0,3163.0,3163.0,3108.0,3134.3,31869000,3447.7,2820.9,3839.9,2896.0,3126.0,8,3,3125.9,1,1,3125.4,26,2,3125.3,77,3,3125.2,13,1,3126.1,22,1,3126.4,11,2,3126.9,145,2,3127.0,212,3,3127.2,166,4
2031,2026-06-16 11:03:20+05:30,3126.0,1,3130.96,1421378,126616.0,201959.0,3163.0,3163.0,3108.0,3134.3,31869000,3447.7,2820.9,3839.9,2896.0,3126.0,7,3,3125.9,1,1,3125.8,17,1,3125.4,26,2,3125.3,77,3,3126.1,29,2,3126.4,11,2,3126.9,145,2,3127.0,212,3,3127.2,211,5
2031,2026-06-16 11:03:20+05:30,3126.0,1,3130.96,1421378,126616.0,201959.0,3163.0,3163.0,3108.0,3134.3,31869000,3447.7,2820.9,3839.9,2896.0,3126.0,7,3,3125.9,1,1,3125.8,17,1,3125.4,26,2,3125.3,77,3,3126.1,29,2,3126.4,11,2,3126.9,145,2,3127.0,212,3,3127.2,211,5
2031,2026-06-16 11:03:21+05:30,3126.0,38,3130.96,1421423,126438.0,201909.0,3163.0,3163.0,3108.0,3134.3,31869000,3447.7,2820.9,3839.9,2896.0,3126.0,9,1,3125.9,1,1,3125.8,17,1,3125.4,6,1,3125.3,77,3,3126.1,30,3,3126.9,184,3,3127.0,212,3,3127.1,51,1,3127.2,211,5
2031,2026-06-16 11:03:21+05:30,3126.0,38,3130.96,1421423,126438.0,201909.0,3163.0,3163.0,3108.0,3134.3,31869000,3447.7,2820.9,3839.9,2896.0,3126.0,9,1,3125.9,1,1,3125.8,17,1,3125.4,6,1,3125.3,77,3,3126.1,30,3,3126.9,184,3,3127.0,212,3,3127.1,51,1,3127.2,211,5
2031,2026-06-16 11:03:22+05:30,3126.1,1,3130.96,1421430,126762.0,201929.0,3163.0,3163.0,3108.0,3134.3,31869000,3447.7,2820.9,3839.9,2896.0,3126.0,22,2,3125.9,1,1,3125.4,6,1,3125.3,77,3,3125.2,77,4,3126.1,47,4,3126.9,184,3,3127.0,212,3,3127.1,51,1,3127.2,211,5
2031,2026-06-16 11:03:22+05:30,3126.1,1,3130.96,1421430,126762.0,201929.0,3163.0,3163.0,3108.0,3134.3,31869000,3447.7,2820.9,3839.9,2896.0,3126.0,22,2,3125.9,1,1,3125.4,6,1,3125.3,77,3,3125.2,77,4,3126.1,47,4,3126.9,184,3,3127.0,212,3,3127.1,51,1,3127.2,211,5
2031,2026-06-16 11:03:23+05:30,3126.1,45,3130.96,1421503,126801.0,202344.0,3163.0,3163.0,3108.0,3134.3,31869000,3447.7,2820.9,3839.9,2896.0,3126.1,17,1,3126.0,4,1,3125.9,1,1,3125.7,6,1,3125.5,18,1,3126.7,12,1,3126.8,36,2,3126.9,169,2,3127.0,212,3,3127.1,51,1
2031,2026-06-16 11:03:23+05:30,3126.1,45,3130.96,1421503,126801.0,202344.0,3163.0,3163.0,3108.0,3134.3,31869000,3447.7,2820.9,3839.9,2896.0,3126.1,17,1,3126.0,4,1,3125.9,1,1,3125.7,6,1,3125.5,18,1,3126.7,12,1,3126.8,36,2,3126.9,169,2,3127.0,212,3,3127.1,51,1
2031,2026-06-16 11:03:24+05:30,3126.1,45,3130.96,1421503,126860.0,202012.0,3163.0,3163.0,3108.0,3134.3,31869000,3447.7,2820.9,3839.9,2896.0,3126.0,23,2,3125.9,1,1,3125.5,18,1,3125.4,6,1,3125.3,116,5,3126.6,20,2,3126.7,15,2,3126.8,36,2,3126.9,121,1,3127.0,212,3
2031,2026-06-16 11:03:25+05:30,3126.6,12,3130.96,1421524,128136.0,202898.0,3163.0,3163.0,3108.0,3134.3,31869000,3447.7,2820.9,3839.9,2896.0,3126.6,11,1,3126.0,23,2,3125.8,63,1,3125.7,53,3,3125.6,119,2,3126.7,3,1,3126.8,24,1,3126.9,121,1,3127.0,212,3,3127.1,51,1
2031,2026-06-16 11:03:25+05:30,3126.6,12,3130.96,1421524,128136.0,202898.0,3163.0,3163.0,3108.0,3134.3,31869000,3447.7,2820.9,3839.9,2896.0,3126.6,11,1,3126.0,23,2,3125.8,63,1,3125.7,53,3,3125.6,119,2,3126.7,3,1,3126.8,24,1,3126.9,121,1,3127.0,212,3,3127.1,51,1
2031,2026-06-16 11:03:26+05:30,3126.6,2,3130.96,1421526,128098.0,202851.0,3163.0,3163.0,3108.0,3134.3,31869000,3447.7,2820.9,3839.9,2896.0,3126.6,9,1,3126.0,40,3,3125.8,110,3,3125.7,35,2,3125.6,119,2,3126.7,3,1,3126.8,24,1,3126.9,121,1,3127.0,210,2,3127.1,51,1
2031,2026-06-16 11:03:26+05:30,3126.6,2,3130.96,1421526,128098.0,202851.0,3163.0,3163.0,3108.0,3134.3,31869000,3447.7,2820.9,3839.9,2896.0,3126.6,9,1,3126.0,40,3,3125.8,110,3,3125.7,35,2,3125.6,119,2,3126.7,3,1,3126.8,24,1,3126.9,121,1,3127.0,210,2,3127.1,51,1
2031,2026-06-16 11:03:27+05:30,3126.6,2,3130.96,1421526,127298.0,202973.0,3163.0,3163.0,3108.0,3134.3,31869000,3447.7,2820.9,3839.9,2896.0,3126.6,9,1,3126.1,17,1,3126.0,4,1,3125.8,35,1,3125.7,21,1,3126.7,3,1,3126.8,24,1,3126.9,121,1,3127.0,210,2,3127.1,90,2
2031,2026-06-16 11:03:28+05:30,3126.6,1,3130.96,1421526,127298.0,202973.0,3163.0,3163.0,3108.0,3134.3,31869000,3447.7,2820.9,3839.9,2896.0,3126.6,9,1,3126.1,17,1,3126.0,4,1,3125.8,35,1,3125.7,21,1,3126.7,3,1,3126.8,24,1,3126.9,121,1,3127.0,210,2,3127.1,90,2
2031,2026-06-16 11:03:29+05:30,3126.6,1,3130.96,1421537,127051.0,202427.0,3163.0,3163.0,3108.0,3134.3,31869000,3447.7,2820.9,3839.9,2896.0,3126.1,17,1,3126.0,4,1,3125.5,56,1,3125.4,89,4,3125.3,100,5,3126.6,13,1,3126.7,19,2,3126.8,17,1,3126.9,160,2,3127.0,210,2
2031,2026-06-16 11:03:30+05:30,3126.6,1,3130.96,1421537,126932.0,202048.0,3163.0,3163.0,3108.0,3134.3,31869000,3447.7,2820.9,3839.9,2896.0,3126.3,19,1,3126.0,4,1,3125.4,41,3,3125.3,73,4,3125.2,200,3,3126.5,13,2,3126.6,34,3,3126.7,16,1,3126.8,39,1,3126.9,121,1
2031,2026-06-16 11:03:30+05:30,3126.0,2,3130.96,1421537,126932.0,202048.0,3163.0,3163.0,3108.0,3134.3,31869000,3447.7,2820.9,3839.9,2896.0,3126.3,19,1,3126.0,4,1,3125.4,41,3,3125.3,73,4,3125.2,200,3,3126.5,13,2,3126.6,34,3,3126.7,16,1,3126.8,39,1,3126.9,121,1
2031,2026-06-16 11:03:31+05:30,3126.0,2,3130.96,1421743,127119.0,201958.0,3163.0,3163.0,3108.0,3134.3,31869000,3447.7,2820.9,3839.9,2896.0,3126.1,25,1,3126.0,19,2,3125.5,39,2,3125.4,79,2,3125.3,69,3,3126.5,8,2,3126.6,34,3,3126.7,16,1,3126.8,16,1,3126.9,123,2
2031,2026-06-16 11:03:31+05:30,3126.0,2,3130.96,1421743,127291.0,201979.0,3163.0,3163.0,3108.0,3134.3,31869000,3447.7,2820.9,3839.9,2896.0,3126.1,63,2,3126.0,19,2,3125.8,42,3,3125.7,11,1,3125.6,23,2,3126.4,23,1,3126.5,19,2,3126.6,34,3,3126.9,121,1,3127.0,210,2
2031,2026-06-16 11:03:33+05:30,3126.0,2,3130.96,1421743,127382.0,202210.0,3163.0,3163.0,3108.0,3134.3,31869000,3447.7,2820.9,3839.9,2896.0,3126.1,63,2,3126.0,36,3,3125.8,42,3,3125.7,65,3,3125.6,23,2,3126.4,71,3,3126.5,19,2,3126.6,13,1,3126.9,121,1,3127.0,200,1
2031,2026-06-16 11:03:33+05:30,3126.4,1,3130.96,1421743,127382.0,202210.0,3163.0,3163.0,3108.0,3134.3,31869000,3447.7,2820.9,3839.9,2896.0,3126.1,63,2,3126.0,36,3,3125.8,42,3,3125.7,65,3,3125.6,23,2,3126.4,71,3,3126.5,19,2,3126.6,13,1,3126.9,121,1,3127.0,200,1
2031,2026-06-16 11:03:34+05:30,3126.4,1,3130.96,1421744,127387.0,202210.0,3163.0,3163.0,3108.0,3134.3,31869000,3447.7,2820.9,3839.9,2896.0,3126.1,63,2,3126.0,36,3,3125.8,42,3,3125.7,65,3,3125.6,23,2,3126.4,92,4,3126.5,1,1,3126.9,121,1,3127.0,213,2,3127.3,102,2
2031,2026-06-16 11:03:34+05:30,3126.4,1,3130.96,1421744,127387.0,202210.0,3163.0,3163.0,3108.0,3134.3,31869000,3447.7,2820.9,3839.9,2896.0,3126.1,63,2,3126.0,36,3,3125.8,42,3,3125.7,65,3,3125.6,23,2,3126.4,92,4,3126.5,1,1,3126.9,121,1,3127.0,213,2,3127.3,102,2
2031,2026-06-16 11:03:35+05:30,3126.4,1,3130.96,1421745,127351.0,202142.0,3163.0,3163.0,3108.0,3134.3,31869000,3447.7,2820.9,3839.9,2896.0,3126.1,83,3,3126.0,2,1,3125.9,18,1,3125.8,24,2,3125.7,47,2,3126.4,91,4,3126.5,1,1,3126.9,134,2,3127.0,200,1,3127.3,46,1
2031,2026-06-16 11:03:35+05:30,3126.4,1,3130.96,1421745,127351.0,202142.0,3163.0,3163.0,3108.0,3134.3,31869000,3447.7,2820.9,3839.9,2896.0,3126.1,83,3,3126.0,2,1,3125.9,18,1,3125.8,24,2,3125.7,47,2,3126.4,91,4,3126.5,1,1,3126.9,134,2,3127.0,200,1,3127.3,46,1
2031,2026-06-16 11:03:35+05:30,3126.4,1,3130.96,1421745,127351.0,202142.0,3163.0,3163.0,3108.0,3134.3,31869000,3447.7,2820.9,3839.9,2896.0,3126.1,83,3,3126.0,2,1,3125.9,18,1,3125.8,24,2,3125.7,47,2,3126.4,91,4,3126.5,1,1,3126.9,134,2,3127.0,200,1,3127.3,46,1
2031,2026-06-16 11:03:36+05:30,3126.4,1,3130.96,1421746,127372.0,201992.0,3163.0,3163.0,3108.0,3134.3,31869000,3447.7,2820.9,3839.9,2896.0,3126.1,83,3,3126.0,2,1,3125.8,9,1,3125.7,11,1,3125.6,41,3,3126.4,90,4,3126.5,1,1,3126.8,17,1,3126.9,134,2,3127.0,200,1
2031,2026-06-16 11:03:36+05:30,3126.1,20,3130.96,1421746,127372.0,201992.0,3163.0,3163.0,3108.0,3134.3,31869000,3447.7,2820.9,3839.9,2896.0,3126.1,83,3,3126.0,2,1,3125.8,9,1,3125.7,11,1,3125.6,41,3,3126.4,90,4,3126.5,1,1,3126.8,17,1,3126.9,134,2,3127.0,200,1
2031,2026-06-16 11:03:37+05:30,3126.1,20,3130.96,1421746,127372.0,201992.0,3163.0,3163.0,3108.0,3134.3,31869000,3447.7,2820.9,3839.9,2896.0,3126.1,83,3,3126.0,2,1,3125.8,9,1,3125.7,11,1,3125.6,41,3,3126.4,90,4,3126.5,1,1,3126.8,17,1,3126.9,134,2,3127.0,200,1
2031,2026-06-16 11:03:37+05:30,3126.4,1,3130.96,1421767,127563.0,202078.0,3163.0,3163.0,3108.0,3134.3,31869000,3447.7,2820.9,3839.9,2896.0,3126.3,20,1,3126.1,43,2,3126.0,2,1,3125.7,11,1,3125.6,59,4,3126.4,105,4,3126.5,1,1,3126.9,134,2,3127.0,200,1,3127.2,17,1
2031,2026-06-16 11:03:37+05:30,3126.4,36,3130.96,1421767,127563.0,202078.0,3163.0,3163.0,3108.0,3134.3,31869000,3447.7,2820.9,3839.9,2896.0,3126.3,20,1,3126.1,43,2,3126.0,2,1,3125.7,11,1,3125.6,59,4,3126.4,105,4,3126.5,1,1,3126.9,134,2,3127.0,200,1,3127.2,17,1
2031,2026-06-16 11:03:38+05:30,3126.4,36,3130.96,1421874,128559.0,201389.0,3163.0,3163.0,3108.0,3134.3,31869000,3447.7,2820.9,3839.9,2896.0,3126.3,59,3,3126.2,2,1,3126.1,79,4,3126.0,28,3,3125.8,149,6,3126.4,12,1,3126.5,1,1,3126.9,134,2,3127.0,200,1,3127.4,21,1
2031,2026-06-16 11:03:39+05:30,3126.4,36,3130.96,1421874,128559.0,201389.0,3163.0,3163.0,3108.0,3134.3,31869000,3447.7,2820.9,3839.9,2896.0,3126.3,59,3,3126.2,2,1,3126.1,79,4,3126.0,28,3,3125.8,149,6,3126.4,12,1,3126.5,1,1,3126.9,134,2,3127.0,200,1,3127.4,21,1
2031,2026-06-16 11:03:39+05:30,3126.4,1,3130.96,1421877,127929.0,201443.0,3163.0,3163.0,3108.0,3134.3,31869000,3447.7,2820.9,3839.9,2896.0,3126.3,75,4,3126.2,5,2,3126.1,66,4,3126.0,28,3,3125.8,88,4,3126.4,12,2,3126.9,134,2,3127.0,200,1,3127.4,21,1,3127.5,102,4
2031,2026-06-16 11:03:39+05:30,3126.3,1,3130.96,1421877,127929.0,201443.0,3163.0,3163.0,3108.0,3134.3,31869000,3447.7,2820.9,3839.9,2896.0,3126.3,75,4,3126.2,5,2,3126.1,66,4,3126.0,28,3,3125.8,88,4,3126.4,12,2,3126.9,134,2,3127.0,200,1,3127.4,21,1,3127.5,102,4
2031,2026-06-16 11:03:40+05:30,3126.4,1,3130.96,1421879,127897.0,201169.0,3163.0,3163.0,3108.0,3134.3,31869000,3447.7,2820.9,3839.9,2896.0,3126.3,57,3,3126.2,19,2,3126.1,66,4,3126.0,28,3,3125.8,88,4,3126.4,11,2,3126.9,134,2,3127.0,200,1,3127.4,36,2,3127.5,130,4
2031,2026-06-16 11:03:40+05:30,3126.4,1,3130.96,1421879,127897.0,201169.0,3163.0,3163.0,3108.0,3134.3,31869000,3447.7,2820.9,3839.9,2896.0,3126.3,57,3,3126.2,19,2,3126.1,66,4,3126.0,28,3,3125.8,88,4,3126.4,11,2,3126.9,134,2,3127.0,200,1,3127.4,36,2,3127.5,130,4
2031,2026-06-16 11:03:40+05:30,3126.4,1,3130.96,1421879,127897.0,201169.0,3163.0,3163.0,3108.0,3134.3,31869000,3447.7,2820.9,3839.9,2896.0,3126.3,57,3,3126.2,19,2,3126.1,66,4,3126.0,28,3,3125.8,88,4,3126.4,11,2,3126.9,134,2,3127.0,200,1,3127.4,36,2,3127.5,130,4
2031,2026-06-16 11:03:41+05:30,3126.4,1,3130.96,1421890,128538.0,202027.0,3163.0,3163.0,3108.0,3134.3,31869000,3447.7,2820.9,3839.9,2896.0,3126.4,10,2,3126.3,41,2,3126.2,2,1,3126.1,48,3,3126.0,10,2,3126.8,1,1,3126.9,134,2,3127.0,200,1,3127.4,58,2,3127.5,130,4
2031,2026-06-16 11:03:41+05:30,3126.8,1,3130.96,1421890,128538.0,202027.0,3163.0,3163.0,3108.0,3134.3,31869000,3447.7,2820.9,3839.9,2896.0,3126.4,10,2,3126.3,41,2,3126.2,2,1,3126.1,48,3,3126.0,10,2,3126.8,1,1,3126.9,134,2,3127.0,200,1,3127.4,58,2,3127.5,130,4
2031,2026-06-16 11:03:42+05:30,3126.8,1,3130.96,1421897,128595.0,201808.0,3163.0,3163.0,3108.0,3134.3,31869000,3447.7,2820.9,3839.9,2896.0,3126.6,14,1,3126.4,39,2,3126.3,41,2,3126.2,2,1,3126.1,68,5,3126.7,1,1,3126.8,76,2,3126.9,134,2,3127.0,200,1,3127.4,58,2
2031,2026-06-16 11:03:42+05:30,3126.8,1,3130.96,1421897,128595.0,201808.0,3163.0,3163.0,3108.0,3134.3,31869000,3447.7,2820.9,3839.9,2896.0,3126.6,14,1,3126.4,39,2,3126.3,41,2,3126.2,2,1,3126.1,68,5,3126.7,1,1,3126.8,76,2,3126.9,134,2,3127.0,200,1,3127.4,58,2
2031,2026-06-16 11:03:42+05:30,3126.6,50,3130.96,1421897,128595.0,201808.0,3163.0,3163.0,3108.0,3134.3,31869000,3447.7,2820.9,3839.9,2896.0,3126.6,14,1,3126.4,39,2,3126.3,41,2,3126.2,2,1,3126.1,68,5,3126.7,1,1,3126.8,76,2,3126.9,134,2,3127.0,200,1,3127.4,58,2
2031,2026-06-16 11:03:43+05:30,3126.6,2,3130.96,1422049,128519.0,202142.0,3163.0,3163.0,3108.0,3134.3,31869000,3447.7,2820.9,3839.9,2896.0,3126.6,18,2,3126.5,1,1,3126.4,39,2,3126.3,41,2,3126.2,2,1,3126.7,13,2,3126.8,37,2,3126.9,134,2,3127.0,200,1,3127.3,38,1
2031,2026-06-16 11:03:43+05:30,3126.6,44,3130.96,1422049,128519.0,202142.0,3163.0,3163.0,3108.0,3134.3,31869000,3447.7,2820.9,3839.9,2896.0,3126.6,18,2,3126.5,1,1,3126.4,39,2,3126.3,41,2,3126.2,2,1,3126.7,13,2,3126.8,37,2,3126.9,134,2,3127.0,200,1,3127.3,38,1
2031,2026-06-16 11:03:44+05:30,3126.6,44,3130.96,1422049,128519.0,202142.0,3163.0,3163.0,3108.0,3134.3,31869000,3447.7,2820.9,3839.9,2896.0,3126.6,18,2,3126.5,1,1,3126.4,39,2,3126.3,41,2,3126.2,2,1,3126.7,13,2,3126.8,37,2,3126.9,134,2,3127.0,200,1,3127.3,38,1
2031,2026-06-16 11:03:44+05:30,3126.5,4,3130.96,1422125,127871.0,202321.0,3163.0,3163.0,3108.0,3134.3,31869000,3447.7,2820.9,3839.9,2896.0,3126.4,58,3,3126.3,41,2,3126.2,2,1,3126.1,45,3,3126.0,2,1,3126.5,5,1,3126.6,51,1,3126.7,271,5,3126.8,11,1,3126.9,13,1
2031,2026-06-16 11:03:44+05:30,3126.5,1,3130.96,1422125,127871.0,202321.0,3163.0,3163.0,3108.0,3134.3,31869000,3447.7,2820.9,3839.9,2896.0,3126.4,58,3,3126.3,41,2,3126.2,2,1,3126.1,45,3,3126.0,2,1,3126.5,5,1,3126.6,51,1,3126.7,271,5,3126.8,11,1,3126.9,13,1
2031,2026-06-16 11:03:45+05:30,3126.4,1,3130.96,1422127,128051.0,202413.0,3163.0,3163.0,3108.0,3134.3,31869000,3447.7,2820.9,3839.9,2896.0,3126.4,59,4,3126.3,41,2,3126.2,2,1,3126.1,45,3,3126.0,2,1,3126.5,4,1,3126.6,51,1,3126.7,271,5,3126.8,11,1,3126.9,13,1
2031,2026-06-16 11:03:45+05:30,3126.4,1,3130.96,1422127,128051.0,202413.0,3163.0,3163.0,3108.0,3134.3,31869000,3447.7,2820.9,3839.9,2896.0,3126.4,59,4,3126.3,41,2,3126.2,2,1,3126.1,45,3,3126.0,2,1,3126.5,4,1,3126.6,51,1,3126.7,271,5,3126.8,11,1,3126.9,13,1
2031,2026-06-16 11:03:45+05:30,3126.5,23,3130.96,1422127,128051.0,202413.0,3163.0,3163.0,3108.0,3134.3,31869000,3447.7,2820.9,3839.9,2896.0,3126.4,59,4,3126.3,41,2,3126.2,2,1,3126.1,45,3,3126.0,2,1,3126.5,4,1,3126.6,51,1,3126.7,271,5,3126.8,11,1,3126.9,13,1
2031,2026-06-16 11:03:46+05:30,3126.4,3,3130.96,1422160,128099.0,202229.0,3163.0,3163.0,3108.0,3134.3,31869000,3447.7,2820.9,3839.9,2896.0,3126.4,55,4,3126.3,41,2,3126.2,2,1,3126.1,45,3,3126.0,2,1,3126.5,25,1,3126.6,51,1,3126.7,271,5,3126.8,11,1,3127.1,2,1
2031,2026-06-16 11:03:46+05:30,3126.4,3,3130.96,1422160,128099.0,202229.0,3163.0,3163.0,3108.0,3134.3,31869000,3447.7,2820.9,3839.9,2896.0,3126.4,55,4,3126.3,41,2,3126.2,2,1,3126.1,45,3,3126.0,2,1,3126.5,25,1,3126.6,51,1,3126.7,271,5,3126.8,11,1,3127.1,2,1
2031,2026-06-16 11:03:46+05:30,3126.5,17,3130.96,1422160,128099.0,202229.0,3163.0,3163.0,3108.0,3134.3,31869000,3447.7,2820.9,3839.9,2896.0,3126.4,55,4,3126.3,41,2,3126.2,2,1,3126.1,45,3,3126.0,2,1,3126.5,25,1,3126.6,51,1,3126.7,271,5,3126.8,11,1,3127.1,2,1
2031,2026-06-16 11:03:47+05:30,3126.5,17,3130.96,1422160,128099.0,202229.0,3163.0,3163.0,3108.0,3134.3,31869000,3447.7,2820.9,3839.9,2896.0,3126.4,55,4,3126.3,41,2,3126.2,2,1,3126.1,45,3,3126.0,2,1,3126.5,25,1,3126.6,51,1,3126.7,271,5,3126.8,11,1,3127.1,2,1
2031,2026-06-16 11:03:47+05:30,3126.4,21,3130.96,1422362,127869.0,202191.0,3163.0,3163.0,3108.0,3134.3,31869000,3447.7,2820.9,3839.9,2896.0,3126.4,15,3,3126.3,41,2,3126.2,2,1,3126.1,45,3,3126.0,2,1,3126.5,1,1,3126.6,51,1,3126.7,235,3,3126.8,11,1,3127.1,2,1
2031,2026-06-16 11:03:47+05:30,3126.4,21,3130.96,1422362,127869.0,202191.0,3163.0,3163.0,3108.0,3134.3,31869000,3447.7,2820.9,3839.9,2896.0,3126.4,15,3,3126.3,41,2,3126.2,2,1,3126.1,45,3,3126.0,2,1,3126.5,1,1,3126.6,51,1,3126.7,235,3,3126.8,11,1,3127.1,2,1
2031,2026-06-16 11:03:47+05:30,3126.4,21,3130.96,1422362,127869.0,202191.0,3163.0,3163.0,3108.0,3134.3,31869000,3447.7,2820.9,3839.9,2896.0,3126.4,15,3,3126.3,41,2,3126.2,2,1,3126.1,45,3,3126.0,2,1,3126.5,1,1,3126.6,51,1,3126.7,235,3,3126.8,11,1,3127.1,2,1
2031,2026-06-16 11:03:48+05:30,3126.4,21,3130.96,1422362,127869.0,202191.0,3163.0,3163.0,3108.0,3134.3,31869000,3447.7,2820.9,3839.9,2896.0,3126.4,15,3,3126.3,41,2,3126.2,2,1,3126.1,45,3,3126.0,2,1,3126.5,1,1,3126.6,51,1,3126.7,235,3,3126.8,11,1,3127.1,2,1
2031,2026-06-16 11:03:48+05:30,3126.4,3,3130.96,1422375,128592.0,202195.0,3163.0,3163.0,3108.0,3134.3,31869000,3447.7,2820.9,3839.9,2896.0,3126.4,2,2,3126.3,41,2,3126.2,2,1,3126.1,45,3,3126.0,87,2,3126.5,2,2,3126.6,51,1,3126.7,235,3,3126.8,11,1,3127.0,19,1
2031,2026-06-16 11:03:48+05:30,3126.5,11,3130.96,1422375,128592.0,202195.0,3163.0,3163.0,3108.0,3134.3,31869000,3447.7,2820.9,3839.9,2896.0,3126.4,2,2,3126.3,41,2,3126.2,2,1,3126.1,45,3,3126.0,87,2,3126.5,2,2,3126.6,51,1,3126.7,235,3,3126.8,11,1,3127.0,19,1
2031,2026-06-16 11:03:49+05:30,3126.5,11,3130.96,1422375,128592.0,202195.0,3163.0,3163.0,3108.0,3134.3,31869000,3447.7,2820.9,3839.9,2896.0,3126.4,2,2,3126.3,41,2,3126.2,2,1,3126.1,45,3,3126.0,87,2,3126.5,2,2,3126.6,51,1,3126.7,235,3,3126.8,11,1,3127.0,19,1
2031,2026-06-16 11:03:49+05:30,3126.1,23,3130.96,1422614,127816.0,202307.0,3163.0,3163.0,3108.0,3134.3,31869000,3447.7,2820.9,3839.9,2896.0,3126.1,15,1,3126.0,87,2,3125.4,72,3,3125.3,77,2,3125.2,240,6,3126.4,27,1,3126.5,1,1,3126.6,51,1,3126.7,235,3,3126.8,11,1
2031,2026-06-16 11:03:49+05:30,3126.0,53,3130.96,1422614,127816.0,202307.0,3163.0,3163.0,3108.0,3134.3,31869000,3447.7,2820.9,3839.9,2896.0,3126.1,15,1,3126.0,87,2,3125.4,72,3,3125.3,77,2,3125.2,240,6,3126.4,27,1,3126.5,1,1,3126.6,51,1,3126.7,235,3,3126.8,11,1
2031,2026-06-16 11:03:49+05:30,3126.0,53,3130.96,1422614,127816.0,202307.0,3163.0,3163.0,3108.0,3134.3,31869000,3447.7,2820.9,3839.9,2896.0,3126.1,15,1,3126.0,87,2,3125.4,72,3,3125.3,77,2,3125.2,240,6,3126.4,27,1,3126.5,1,1,3126.6,51,1,3126.7,235,3,3126.8,11,1
2031,2026-06-16 11:03:50+05:30,3126.0,26,3130.96,1422841,127586.0,201980.0,3163.0,3163.0,3108.0,3134.3,31869000,3447.7,2820.9,3839.9,2896.0,3126.0,15,2,3125.4,32,2,3125.3,94,3,3125.2,19,2,3125.1,269,4,3126.1,22,1,3126.4,7,2,3126.5,1,1,3126.6,51,1,3126.7,235,3
2031,2026-06-16 11:03:50+05:30,3126.0,26,3130.96,1422841,127586.0,201980.0,3163.0,3163.0,3108.0,3134.3,31869000,3447.7,2820.9,3839.9,2896.0,3126.0,15,2,3125.4,32,2,3125.3,94,3,3125.2,19,2,3125.1,269,4,3126.1,22,1,3126.4,7,2,3126.5,1,1,3126.6,51,1,3126.7,235,3
2031,2026-06-16 11:03:50+05:30,3126.0,26,3130.96,1422841,127586.0,201980.0,3163.0,3163.0,3108.0,3134.3,31869000,3447.7,2820.9,3839.9,2896.0,3126.0,15,2,3125.4,32,2,3125.3,94,3,3125.2,19,2,3125.1,269,4,3126.1,22,1,3126.4,7,2,3126.5,1,1,3126.6,51,1,3126.7,235,3
2031,2026-06-16 11:03:51+05:30,3126.0,3,3130.96,1422844,127446.0,201993.0,3163.0,3163.0,3108.0,3134.3,31869000,3447.7,2820.9,3839.9,2896.0,3126.0,31,3,3125.4,32,2,3125.3,94,3,3125.2,19,2,3125.1,86,3,3126.1,22,1,3126.4,7,2,3126.5,1,1,3126.6,51,1,3126.7,235,3
2031,2026-06-16 11:03:51+05:30,3126.0,3,3130.96,1422844,127446.0,201993.0,3163.0,3163.0,3108.0,3134.3,31869000,3447.7,2820.9,3839.9,2896.0,3126.0,31,3,3125.4,32,2,3125.3,94,3,3125.2,19,2,3125.1,86,3,3126.1,22,1,3126.4,7,2,3126.5,1,1,3126.6,51,1,3126.7,235,3
2031,2026-06-16 11:03:51+05:30,3126.0,3,3130.96,1422844,127446.0,201993.0,3163.0,3163.0,3108.0,3134.3,31869000,3447.7,2820.9,3839.9,2896.0,3126.0,31,3,3125.4,32,2,3125.3,94,3,3125.2,19,2,3125.1,86,3,3126.1,22,1,3126.4,7,2,3126.5,1,1,3126.6,51,1,3126.7,235,3
2031,2026-06-16 11:03:52+05:30,3126.0,3,3130.96,1422844,127710.0,201913.0,3163.0,3163.0,3108.0,3134.3,31869000,3447.7,2820.9,3839.9,2896.0,3126.0,96,4,3125.4,32,2,3125.3,112,4,3125.2,33,3,3125.1,352,6,3126.1,22,1,3126.4,7,2,3126.5,1,1,3126.6,51,1,3126.7,235,3
2031,2026-06-16 11:03:52+05:30,3126.0,3,3130.96,1422844,127710.0,201913.0,3163.0,3163.0,3108.0,3134.3,31869000,3447.7,2820.9,3839.9,2896.0,3126.0,96,4,3125.4,32,2,3125.3,112,4,3125.2,33,3,3125.1,352,6,3126.1,22,1,3126.4,7,2,3126.5,1,1,3126.6,51,1,3126.7,235,3
2031,2026-06-16 11:03:53+05:30,3126.0,3,3130.96,1422844,127710.0,201913.0,3163.0,3163.0,3108.0,3134.3,31869000,3447.7,2820.9,3839.9,2896.0,3126.0,96,4,3125.4,32,2,3125.3,112,4,3125.2,33,3,3125.1,352,6,3126.1,22,1,3126.4,7,2,3126.5,1,1,3126.6,51,1,3126.7,235,3
2031,2026-06-16 11:03:53+05:30,3126.0,3,3130.96,1422844,127706.0,201841.0,3163.0,3163.0,3108.0,3134.3,31869000,3447.7,2820.9,3839.9,2896.0,3126.0,96,4,3125.4,32,2,3125.3,112,4,3125.2,277,5,3125.1,107,4,3126.1,28,2,3126.4,1,1,3126.5,1,1,3126.6,51,1,3126.7,235,3
2031,2026-06-16 11:03:53+05:30,3126.0,11,3130.96,1422844,127706.0,201841.0,3163.0,3163.0,3108.0,3134.3,31869000,3447.7,2820.9,3839.9,2896.0,3126.0,96,4,3125.4,32,2,3125.3,112,4,3125.2,277,5,3125.1,107,4,3126.1,28,2,3126.4,1,1,3126.5,1,1,3126.6,51,1,3126.7,235,3
2031,2026-06-16 11:03:54+05:30,3126.0,11,3130.96,1422844,127706.0,201841.0,3163.0,3163.0,3108.0,3134.3,31868800,3447.7,2820.9,3839.9,2896.0,3126.0,96,4,3125.4,32,2,3125.3,112,4,3125.2,277,5,3125.1,107,4,3126.1,28,2,3126.4,1,1,3126.5,1,1,3126.6,51,1,3126.7,235,3
2031,2026-06-16 11:03:54+05:30,3126.0,5,3130.96,1422892,127391.0,201629.0,3163.0,3163.0,3108.0,3134.3,31868800,3447.7,2820.9,3839.9,2896.0,3126.0,161,4,3125.6,17,1,3125.4,89,4,3125.3,94,3,3125.2,37,3,3126.1,28,2,3126.5,1,1,3126.6,51,1,3126.7,220,2,3126.9,38,1
2031,2026-06-16 11:03:54+05:30,3126.0,5,3130.96,1422892,127391.0,201629.0,3163.0,3163.0,3108.0,3134.3,31868800,3447.7,2820.9,3839.9,2896.0,3126.0,161,4,3125.6,17,1,3125.4,89,4,3125.3,94,3,3125.2,37,3,3126.1,28,2,3126.5,1,1,3126.6,51,1,3126.7,220,2,3126.9,38,1
2031,2026-06-16 11:03:55+05:30,3126.1,20,3130.96,1422942,127404.0,202439.0,3163.0,3163.0,3108.0,3134.3,31868800,3447.7,2820.9,3839.9,2896.0,3126.1,19,1,3126.0,121,4,3125.4,86,4,3125.3,77,2,3125.2,37,3,3126.5,1,1,3126.6,51,1,3126.7,220,2,3127.0,38,1,3127.1,68,3
2031,2026-06-16 11:03:55+05:30,3126.1,20,3130.96,1422942,127404.0,202439.0,3163.0,3163.0,3108.0,3134.3,31868800,3447.7,2820.9,3839.9,2896.0,3126.1,19,1,3126.0,121,4,3125.4,86,4,3125.3,77,2,3125.2,37,3,3126.5,1,1,3126.6,51,1,3126.7,220,2,3127.0,38,1,3127.1,68,3
2031,2026-06-16 11:03:56+05:30,3126.1,20,3130.96,1422942,127222.0,202425.0,3163.0,3163.0,3108.0,3134.3,31868800,3447.7,2820.9,3839.9,2896.0,3126.1,21,2,3126.0,121,4,3125.4,86,4,3125.3,77,2,3125.2,115,5,3126.4,5,1,3126.5,12,3,3126.6,51,1,3126.7,220,2,3127.0,38,1
2031,2026-06-16 11:03:57+05:30,3126.1,20,3130.96,1422942,127459.0,202555.0,3163.0,3163.0,3108.0,3134.3,31868800,3447.7,2820.9,3839.9,2896.0,3126.3,17,1,3126.1,2,1,3126.0,130,5,3125.4,86,4,3125.3,303,4,3126.4,7,3,3126.5,12,3,3126.6,51,1,3126.7,220,2,3127.0,38,1
2031,2026-06-16 11:03:58+05:30,3126.1,20,3130.96,1422942,127300.0,202567.0,3163.0,3163.0,3108.0,3134.3,31868800,3447.7,2820.9,3839.9,2896.0,3126.3,18,2,3126.2,2,1,3126.1,2,1,3126.0,130,5,3125.4,86,4,3126.4,8,4,3126.5,12,3,3126.6,51,1,3126.7,220,2,3127.0,48,2
2031,2026-06-16 11:03:58+05:30,3126.4,40,3130.96,1422942,127300.0,202567.0,3163.0,3163.0,3108.0,3134.3,31868800,3447.7,2820.9,3839.9,2896.0,3126.3,18,2,3126.2,2,1,3126.1,2,1,3126.0,130,5,3125.4,86,4,3126.4,8,4,3126.5,12,3,3126.6,51,1,3126.7,220,2,3127.0,48,2
2031,2026-06-16 11:03:59+05:30,3127.0,200,3130.95,1424205,128721.0,199587.0,3163.0,3163.0,3108.0,3134.3,31868800,3447.7,2820.9,3839.9,2896.0,3127.0,3,1,3126.3,20,2,3126.2,2,1,3126.1,2,1,3126.0,166,7,3127.1,139,1,3127.2,12,1,3127.5,93,4,3127.7,23,1,3127.8,38,1
2031,2026-06-16 11:03:59+05:30,3127.1,1,3130.95,1424205,128721.0,199587.0,3163.0,3163.0,3108.0,3134.3,31868800,3447.7,2820.9,3839.9,2896.0,3127.0,3,1,3126.3,20,2,3126.2,2,1,3126.1,2,1,3126.0,166,7,3127.1,139,1,3127.2,12,1,3127.5,93,4,3127.7,23,1,3127.8,38,1
2031,2026-06-16 11:04:00+05:30,3127.1,1,3130.95,1424207,129386.0,199415.0,3163.0,3163.0,3108.0,3134.3,31868800,3447.7,2820.9,3839.9,2896.0,3127.0,146,4,3126.9,20,2,3126.8,13,2,3126.6,43,3,3126.5,62,3,3127.1,138,2,3127.5,82,3,3127.9,14,1,3128.0,81,3,3128.1,69,2
2031,2026-06-16 11:04:00+05:30,3127.1,2,3130.95,1424207,129386.0,199415.0,3163.0,3163.0,3108.0,3134.3,31868800,3447.7,2820.9,3839.9,2896.0,3127.0,146,4,3126.9,20,2,3126.8,13,2,3126.6,43,3,3126.5,62,3,3127.1,138,2,3127.5,82,3,3127.9,14,1,3128.0,81,3,3128.1,69,2
2031,2026-06-16 11:04:01+05:30,3127.1,1,3130.95,1424345,129466.0,199069.0,3163.0,3163.0,3108.0,3134.3,31868800,3447.7,2820.9,3839.9,2896.0,3127.1,18,1,3127.0,166,7,3126.9,6,2,3126.8,31,3,3126.7,53,3,3127.5,54,1,3128.0,60,2,3128.1,28,2,3128.2,265,3,3128.4,77,2
2031,2026-06-16 11:04:01+05:30,3127.5,1,3130.95,1424345,129466.0,199069.0,3163.0,3163.0,3108.0,3134.3,31868800,3447.7,2820.9,3839.9,2896.0,3127.1,18,1,3127.0,166,7,3126.9,6,2,3126.8,31,3,3126.7,53,3,3127.5,54,1,3128.0,60,2,3128.1,28,2,3128.2,265,3,3128.4,77,2
2031,2026-06-16 11:04:02+05:30,3127.5,1,3130.95,1424346,129611.0,199157.0,3163.0,3163.0,3108.0,3134.3,31868800,3447.7,2820.9,3839.9,2896.0,3127.0,146,4,3126.8,47,3,3126.7,18,2,3126.6,87,4,3126.5,126,4,3127.4,15,1,3127.5,88,2,3128.0,60,2,3128.1,28,2,3128.2,265,3
2031,2026-06-16 11:04:02+05:30,3127.5,11,3130.95,1424346,129611.0,199157.0,3163.0,3163.0,3108.0,3134.3,31868800,3447.7,2820.9,3839.9,2896.0,3127.0,146,4,3126.8,47,3,3126.7,18,2,3126.6,87,4,3126.5,126,4,3127.4,15,1,3127.5,88,2,3128.0,60,2,3128.1,28,2,3128.2,265,3
2031,2026-06-16 11:04:03+05:30,3127.5,11,3130.95,1424372,129657.0,199141.0,3163.0,3163.0,3108.0,3134.3,31868800,3447.7,2820.9,3839.9,2896.0,3127.0,146,4,3126.8,24,1,3126.6,59,2,3126.5,126,4,3126.4,52,4,3127.4,3,1,3127.5,77,2,3128.0,50,1,3128.1,28,2,3128.2,265,3
2031,2026-06-16 11:04:04+05:30,3127.4,2,3130.95,1424374,129699.0,199186.0,3163.0,3163.0,3108.0,3134.3,31868800,3447.7,2820.9,3839.9,2896.0,3127.1,17,2,3127.0,157,5,3126.8,24,1,3126.6,77,3,3126.5,134,5,3127.4,46,2,3127.5,77,2,3128.0,50,1,3128.1,28,2,3128.2,265,3
2031,2026-06-16 11:04:04+05:30,3127.4,2,3130.95,1424374,129699.0,199186.0,3163.0,3163.0,3108.0,3134.3,31868800,3447.7,2820.9,3839.9,2896.0,3127.1,17,2,3127.0,157,5,3126.8,24,1,3126.6,77,3,3126.5,134,5,3127.4,46,2,3127.5,77,2,3128.0,50,1,3128.1,28,2,3128.2,265,3
2031,2026-06-16 11:04:05+05:30,3127.4,2,3130.95,1424377,129700.0,199099.0,3163.0,3163.0,3108.0,3134.3,31868800,3447.7,2820.9,3839.9,2896.0,3127.1,17,2,3127.0,157,5,3126.8,24,1,3126.6,77,3,3126.5,134,5,3127.3,1,1,3127.4,43,1,3127.5,77,2,3128.0,50,1,3128.1,28,2
2031,2026-06-16 11:04:05+05:30,3127.4,1,3130.95,1424377,129700.0,199099.0,3163.0,3163.0,3108.0,3134.3,31868800,3447.7,2820.9,3839.9,2896.0,3127.1,17,2,3127.0,157,5,3126.8,24,1,3126.6,77,3,3126.5,134,5,3127.3,1,1,3127.4,43,1,3127.5,77,2,3128.0,50,1,3128.1,28,2
2031,2026-06-16 11:04:06+05:30,3127.3,9,3130.95,1424473,129743.0,199177.0,3163.0,3163.0,3108.0,3134.3,31868800,3447.7,2820.9,3839.9,2896.0,3127.3,11,1,3127.1,1,1,3127.0,157,5,3126.6,28,2,3126.5,193,7,3127.4,42,1,3127.5,77,2,3128.0,50,1,3128.1,28,2,3128.2,275,3
2031,2026-06-16 11:04:06+05:30,3127.3,9,3130.95,1424473,129743.0,199177.0,3163.0,3163.0,3108.0,3134.3,31868800,3447.7,2820.9,3839.9,2896.0,3127.3,11,1,3127.1,1,1,3127.0,157,5,3126.6,28,2,3126.5,193,7,3127.4,42,1,3127.5,77,2,3128.0,50,1,3128.1,28,2,3128.2,275,3
2031,2026-06-16 11:04:07+05:30,3127.3,1,3130.95,1424474,129719.0,199215.0,3163.0,3163.0,3108.0,3134.3,31868800,3447.7,2820.9,3839.9,2896.0,3127.3,10,1,3127.1,1,1,3127.0,157,5,3126.6,28,2,3126.5,108,5,3127.4,67,2,3127.5,77,2,3128.0,50,1,3128.1,15,1,3128.2,313,4
2031,2026-06-16 11:04:07+05:30,3127.4,45,3130.95,1424474,129719.0,199215.0,3163.0,3163.0,3108.0,3134.3,31868800,3447.7,2820.9,3839.9,2896.0,3127.3,10,1,3127.1,1,1,3127.0,157,5,3126.6,28,2,3126.5,108,5,3127.4,67,2,3127.5,77,2,3128.0,50,1,3128.1,15,1,3128.2,313,4
2031,2026-06-16 11:04:08+05:30,3127.1,9,3130.95,1424597,129859.0,199262.0,3163.0,3163.0,3108.0,3134.3,31868800,3447.7,2820.9,3839.9,2896.0,3127.1,1,1,3127.0,176,6,3126.6,10,1,3126.5,87,5,3126.4,106,5,3127.4,14,1,3127.5,76,2,3128.0,250,2,3128.2,113,3,3128.3,44,1
2031,2026-06-16 11:04:08+05:30,3127.1,9,3130.95,1424597,129859.0,199262.0,3163.0,3163.0,3108.0,3134.3,31868800,3447.7,2820.9,3839.9,2896.0,3127.1,1,1,3127.0,176,6,3126.6,10,1,3126.5,87,5,3126.4,106,5,3127.4,14,1,3127.5,76,2,3128.0,250,2,3128.2,113,3,3128.3,44,1
2031,2026-06-16 11:04:09+05:30,3127.1,9,3130.95,1424597,129882.0,199282.0,3163.0,3163.0,3108.0,3134.3,31868800,3447.7,2820.9,3839.9,2896.0,3127.1,19,2,3127.0,157,5,3126.6,10,1,3126.5,87,5,3126.4,106,5,3127.4,21,2,3127.5,80,3,3128.0,250,2,3128.1,38,1,3128.2,75,2
2031,2026-06-16 11:04:10+05:30,3127.1,1,3130.95,1424606,129846.0,199095.0,3163.0,3163.0,3108.0,3134.3,31868800,3447.7,2820.9,3839.9,2896.0,3127.1,19,2,3127.0,156,4,3126.5,40,3,3126.4,114,4,3126.3,13,2,3127.2,6,1,3127.4,7,1,3127.5,80,3,3127.8,38,1,3127.9,15,1
2031,2026-06-16 11:04:10+05:30,3127.2,3,3130.95,1424606,129846.0,199095.0,3163.0,3163.0,3108.0,3134.3,31868800,3447.7,2820.9,3839.9,2896.0,3127.1,19,2,3127.0,156,4,3126.5,40,3,3126.4,114,4,3126.3,13,2,3127.2,6,1,3127.4,7,1,3127.5,80,3,3127.8,38,1,3127.9,15,1
2031,2026-06-16 11:04:11+05:30,3127.1,1,3130.95,1424646,129706.0,199326.0,3163.0,3163.0,3108.0,3134.3,31868800,3447.7,2820.9,3839.9,2896.0,3127.1,16,2,3127.0,22,2,3126.5,19,2,3126.4,65,2,3126.3,13,2,3127.3,4,1,3127.5,87,4,3127.7,38,1,3127.9,235,4,3128.0,172,4
2031,2026-06-16 11:04:11+05:30,3127.1,1,3130.95,1424646,129706.0,199326.0,3163.0,3163.0,3108.0,3134.3,31868800,3447.7,2820.9,3839.9,2896.0,3127.1,16,2,3127.0,22,2,3126.5,19,2,3126.4,65,2,3126.3,13,2,3127.3,4,1,3127.5,87,4,3127.7,38,1,3127.9,235,4,3128.0,172,4
2031,2026-06-16 11:04:12+05:30,3127.0,10,3130.95,1424887,128882.0,200237.0,3163.0,3163.0,3108.0,3134.3,31868800,3447.7,2820.9,3839.9,2896.0,3127.0,12,2,3126.5,19,2,3126.4,11,1,3126.3,1,1,3126.2,2,1,3127.1,38,4,3127.2,51,5,3127.3,25,3,3127.4,70,3,3127.5,318,8
2031,2026-06-16 11:04:12+05:30,3126.5,2,3130.95,1424887,128882.0,200237.0,3163.0,3163.0,3108.0,3134.3,31868800,3447.7,2820.9,3839.9,2896.0,3127.0,12,2,3126.5,19,2,3126.4,11,1,3126.3,1,1,3126.2,2,1,3127.1,38,4,3127.2,51,5,3127.3,25,3,3127.4,70,3,3127.5,318,8
2031,2026-06-16 11:04:13+05:30,3126.9,2,3130.95,1425111,127648.0,201272.0,3163.0,3163.0,3108.0,3134.3,31868800,3447.7,2820.9,3839.9,2896.0,3126.5,17,2,3126.4,11,1,3126.3,1,1,3126.2,2,1,3126.1,2,1,3126.9,26,1,3127.0,82,4,3127.1,12,1,3127.2,277,6,3127.3,13,2
2031,2026-06-16 11:04:13+05:30,3126.9,2,3130.95,1425111,127648.0,201272.0,3163.0,3163.0,3108.0,3134.3,31868800,3447.7,2820.9,3839.9,2896.0,3126.5,17,2,3126.4,11,1,3126.3,1,1,3126.2,2,1,3126.1,2,1,3126.9,26,1,3127.0,82,4,3127.1,12,1,3127.2,277,6,3127.3,13,2
2031,2026-06-16 11:04:14+05:30,3126.9,1,3130.95,1425113,127712.0,201112.0,3163.0,3163.0,3108.0,3134.3,31868800,3447.7,2820.9,3839.9,2896.0,3126.5,17,2,3126.4,28,2,3126.3,1,1,3126.2,2,1,3126.1,2,1,3126.9,25,2,3127.1,12,1,3127.2,201,2,3127.4,139,3,3127.5,196,9
2031,2026-06-16 11:04:14+05:30,3126.9,1,3130.95,1425113,127712.0,201112.0,3163.0,3163.0,3108.0,3134.3,31868800,3447.7,2820.9,3839.9,2896.0,3126.5,17,2,3126.4,28,2,3126.3,1,1,3126.2,2,1,3126.1,2,1,3126.9,25,2,3127.1,12,1,3127.2,201,2,3127.4,139,3,3127.5,196,9
2031,2026-06-16 11:04:15+05:30,3126.5,7,3130.95,1425131,128637.0,200756.0,3163.0,3163.0,3108.0,3134.3,31868800,3447.7,2820.9,3839.9,2896.0,3126.5,55,4,3126.4,28,2,3126.3,1,1,3126.2,2,1,3126.1,2,1,3126.9,78,4,3127.3,38,1,3127.4,47,1,3127.5,137,6,3127.6,315,5
2031,2026-06-16 11:04:15+05:30,3126.5,7,3130.95,1425131,128637.0,200756.0,3163.0,3163.0,3108.0,3134.3,31868800,3447.7,2820.9,3839.9,2896.0,3126.5,55,4,3126.4,28,2,3126.3,1,1,3126.2,2,1,3126.1,2,1,3126.9,78,4,3127.3,38,1,3127.4,47,1,3127.5,137,6,3127.6,315,5
2031,2026-06-16 11:04:16+05:30,3126.6,1,3130.95,1425156,127903.0,201440.0,3163.0,3163.0,3108.0,3134.3,31868800,3447.7,2820.9,3839.9,2896.0,3126.5,42,4,3126.4,28,2,3126.3,1,1,3126.2,2,1,3126.1,2,1,3126.6,1,1,3126.9,54,3,3127.2,16,1,3127.3,263,2,3127.4,47,1
2031,2026-06-16 11:04:16+05:30,3126.6,1,3130.95,1425156,127903.0,201440.0,3163.0,3163.0,3108.0,3134.3,31868800,3447.7,2820.9,3839.9,2896.0,3126.5,42,4,3126.4,28,2,3126.3,1,1,3126.2,2,1,3126.1,2,1,3126.6,1,1,3126.9,54,3,3127.2,16,1,3127.3,263,2,3127.4,47,1
2031,2026-06-16 11:04:17+05:30,3126.6,1,3130.95,1425161,128226.0,201780.0,3163.0,3163.0,3108.0,3134.3,31868800,3447.7,2820.9,3839.9,2896.0,3126.6,18,1,3126.5,39,4,3126.4,11,1,3126.3,1,1,3126.2,2,1,3126.9,53,2,3127.1,38,1,3127.2,16,1,3127.3,263,2,3127.4,104,3
2031,2026-06-16 11:04:17+05:30,3126.6,1,3130.95,1425161,128226.0,201780.0,3163.0,3163.0,3108.0,3134.3,31868800,3447.7,2820.9,3839.9,2896.0,3126.6,18,1,3126.5,39,4,3126.4,11,1,3126.3,1,1,3126.2,2,1,3126.9,53,2,3127.1,38,1,3127.2,16,1,3127.3,263,2,3127.4,104,3
2031,2026-06-16 11:04:18+05:30,3126.6,2,3130.95,1425163,128211.0,202606.0,3163.0,3163.0,3108.0,3134.3,31868800,3447.7,2820.9,3839.9,2896.0,3126.6,16,1,3126.5,39,4,3126.4,11,1,3126.3,1,1,3126.2,2,1,3126.8,1,1,3126.9,125,5,3127.0,219,2,3127.1,16,1,3127.2,73,3
2031,2026-06-16 11:04:18+05:30,3126.6,2,3130.95,1425163,128211.0,202606.0,3163.0,3163.0,3108.0,3134.3,31868800,3447.7,2820.9,3839.9,2896.0,3126.6,16,1,3126.5,39,4,3126.4,11,1,3126.3,1,1,3126.2,2,1,3126.8,1,1,3126.9,125,5,3127.0,219,2,3127.1,16,1,3127.2,73,3
2031,2026-06-16 11:04:19+05:30,3127.0,46,3130.95,1425344,128525.0,201476.0,3163.0,3163.0,3108.0,3134.3,31868800,3447.7,2820.9,3839.9,2896.0,3126.6,16,1,3126.5,39,4,3126.4,11,1,3126.3,1,1,3126.2,2,1,3127.1,20,1,3127.2,230,4,3127.3,12,1,3127.4,81,4,3127.5,107,5
2031,2026-06-16 11:04:19+05:30,3127.0,46,3130.95,1425344,128525.0,201476.0,3163.0,3163.0,3108.0,3134.3,31868800,3447.7,2820.9,3839.9,2896.0,3126.6,16,1,3126.5,39,4,3126.4,11,1,3126.3,1,1,3126.2,2,1,3127.1,20,1,3127.2,230,4,3127.3,12,1,3127.4,81,4,3127.5,107,5
2031,2026-06-16 11:04:20+05:30,3127.0,46,3130.95,1425344,128566.0,201976.0,3163.0,3163.0,3108.0,3134.3,31868800,3447.7,2820.9,3839.9,2896.0,3126.9,17,1,3126.5,39,4,3126.4,11,1,3126.3,1,1,3126.2,2,1,3127.1,20,1,3127.2,211,3,3127.3,31,2,3127.4,50,2,3127.5,107,5
2031,2026-06-16 11:04:21+05:30,3127.1,1,3130.95,1425344,128566.0,201976.0,3163.0,3163.0,3108.0,3134.3,31868800,3447.7,2820.9,3839.9,2896.0,3126.9,17,1,3126.5,39,4,3126.4,11,1,3126.3,1,1,3126.2,2,1,3127.1,20,1,3127.2,211,3,3127.3,31,2,3127.4,50,2,3127.5,107,5
2031,2026-06-16 11:04:22+05:30,3127.1,1,3130.95,1425346,128750.0,201985.0,3163.0,3163.0,3108.0,3134.3,31868800,3447.7,2820.9,3839.9,2896.0,3127.0,20,1,3126.5,39,4,3126.4,11,1,3126.3,1,1,3126.2,2,1,3127.1,18,1,3127.2,198,3,3127.3,12,1,3127.4,50,2,3127.5,93,5
2031,2026-06-16 11:04:22+05:30,3127.0,10,3130.95,1425346,128750.0,201985.0,3163.0,3163.0,3108.0,3134.3,31868800,3447.7,2820.9,3839.9,2896.0,3127.0,20,1,3126.5,39,4,3126.4,11,1,3126.3,1,1,3126.2,2,1,3127.1,18,1,3127.2,198,3,3127.3,12,1,3127.4,50,2,3127.5,93,5
2031,2026-06-16 11:04:23+05:30,3127.0,10,3130.95,1425390,128928.0,199944.0,3163.0,3163.0,3108.0,3134.3,31868800,3447.7,2820.9,3839.9,2896.0,3127.0,35,2,3126.5,39,4,3126.4,29,2,3126.3,18,2,3126.2,2,1,3127.1,37,2,3127.5,93,5,3127.6,154,1,3127.8,60,2,3127.9,15,1
2031,2026-06-16 11:04:23+05:30,3127.1,42,3130.95,1425390,128928.0,199944.0,3163.0,3163.0,3108.0,3134.3,31868800,3447.7,2820.9,3839.9,2896.0,3127.0,35,2,3126.5,39,4,3126.4,29,2,3126.3,18,2,3126.2,2,1,3127.1,37,2,3127.5,93,5,3127.6,154,1,3127.8,60,2,3127.9,15,1
2031,2026-06-16 11:04:24+05:30,3127.1,42,3130.95,1425455,129410.0,201083.0,3163.0,3163.0,3108.0,3134.3,31868800,3447.7,2820.9,3839.9,2896.0,3127.1,25,2,3127.0,20,2,3126.5,39,4,3126.4,11,1,3126.3,18,2,3127.5,67,3,3127.6,154,1,3127.7,20,1,3127.8,114,3,3127.9,26,1
2031,2026-06-16 11:04:25+05:30,3127.3,5,3130.95,1425460,129547.0,201144.0,3163.0,3163.0,3108.0,3134.3,31868800,3447.7,2820.9,3839.9,2896.0,3127.3,14,1,3127.0,20,2,3126.5,39,4,3126.4,91,3,3126.3,81,3,3127.4,7,1,3127.5,67,3,3127.6,154,1,3127.7,20,1,3127.8,38,1
2031,2026-06-16 11:04:25+05:30,3127.6,8,3130.95,1425460,129547.0,201144.0,3163.0,3163.0,3108.0,3134.3,31868800,3447.7,2820.9,3839.9,2896.0,3127.3,14,1,3127.0,20,2,3126.5,39,4,3126.4,91,3,3126.3,81,3,3127.4,7,1,3127.5,67,3,3127.6,154,1,3127.7,20,1,3127.8,38,1
2031,2026-06-16 11:04:26+05:30,3127.6,8,3130.95,1425596,129422.0,200555.0,3163.0,3163.0,3108.0,3134.3,31868800,3447.7,2820.9,3839.9,2896.0,3127.6,3,1,3127.0,37,3,3126.7,17,1,3126.6,97,2,3126.5,169,6,3128.0,163,3,3128.1,146,2,3128.2,56,2,3128.4,154,5,3128.5,100,2
2031,2026-06-16 11:04:26+05:30,3127.1,1,3130.95,1425596,129422.0,200555.0,3163.0,3163.0,3108.0,3134.3,31868800,3447.7,2820.9,3839.9,2896.0,3127.6,3,1,3127.0,37,3,3126.7,17,1,3126.6,97,2,3126.5,169,6,3128.0,163,3,3128.1,146,2,3128.2,56,2,3128.4,154,5,3128.5,100,2
2031,2026-06-16 11:04:27+05:30,3127.9,1,3130.95,1425601,129369.0,199856.0,3163.0,3163.0,3108.0,3134.3,31868800,3447.7,2820.9,3839.9,2896.0,3127.1,19,1,3127.0,20,2,3126.6,34,1,3126.5,123,6,3126.4,22,2,3127.9,2,1,3128.0,294,3,3128.1,2,1,3128.2,93,3,3128.3,59,2
2031,2026-06-16 11:04:27+05:30,3127.9,1,3130.95,1425601,129369.0,199856.0,3163.0,3163.0,3108.0,3134.3,31868800,3447.7,2820.9,3839.9,2896.0,3127.1,19,1,3127.0,20,2,3126.6,34,1,3126.5,123,6,3126.4,22,2,3127.9,2,1,3128.0,294,3,3128.1,2,1,3128.2,93,3,3128.3,59,2
2031,2026-06-16 11:04:28+05:30,3127.9,1,3130.95,1425602,129179.0,198253.0,3163.0,3163.0,3108.0,3134.3,31868800,3447.7,2820.9,3839.9,2896.0,3127.3,17,1,3127.0,20,2,3126.6,63,1,3126.5,123,6,3126.4,22,2,3127.9,1,1,3128.0,294,3,3128.1,2,1,3128.2,93,3,3128.3,73,2
2031,2026-06-16 11:04:29+05:30,3127.9,1,3130.95,1425602,129290.0,200659.0,3163.0,3163.0,3108.0,3134.3,31868800,3447.7,2820.9,3839.9,2896.0,3127.4,20,1,3127.0,20,2,3126.7,17,1,3126.6,83,2,3126.5,158,7,3127.9,153,3,3128.0,150,2,3128.1,17,2,3128.2,93,3,3128.3,73,2
2031,2026-06-16 11:04:30+05:30,3127.9,1,3130.95,1425602,129290.0,200665.0,3163.0,3163.0,3108.0,3134.3,31868800,3447.7,2820.9,3839.9,2896.0,3127.4,20,1,3127.0,20,2,3126.7,17,1,3126.6,83,2,3126.5,158,7,3127.9,154,4,3128.0,150,2,3128.1,2,1,3128.2,93,3,3128.3,73,2
2031,2026-06-16 11:04:30+05:30,3126.6,7,3130.95,1425602,129290.0,200665.0,3163.0,3163.0,3108.0,3134.3,31868800,3447.7,2820.9,3839.9,2896.0,3127.4,20,1,3127.0,20,2,3126.7,17,1,3126.6,83,2,3126.5,158,7,3127.9,154,4,3128.0,150,2,3128.1,2,1,3128.2,93,3,3128.3,73,2
2031,2026-06-16 11:04:31+05:30,3126.6,7,3130.95,1425867,129818.0,200148.0,3163.0,3163.0,3108.0,3134.3,31868800,3447.7,2820.9,3839.9,2896.0,3127.0,19,1,3126.6,104,6,3126.5,78,4,3126.4,128,7,3126.3,26,3,3127.7,1,1,3127.9,170,3,3128.0,150,2,3128.1,41,2,3128.2,21,1
2031,2026-06-16 11:04:31+05:30,3127.0,1,3130.95,1425867,129818.0,200148.0,3163.0,3163.0,3108.0,3134.3,31868800,3447.7,2820.9,3839.9,2896.0,3127.0,19,1,3126.6,104,6,3126.5,78,4,3126.4,128,7,3126.3,26,3,3127.7,1,1,3127.9,170,3,3128.0,150,2,3128.1,41,2,3128.2,21,1
2031,2026-06-16 11:04:32+05:30,3127.0,1,3130.95,1425868,129660.0,200020.0,3163.0,3163.0,3108.0,3134.3,31868800,3447.7,2820.9,3839.9,2896.0,3127.0,18,1,3126.6,84,5,3126.5,78,4,3126.4,128,7,3126.3,26,3,3127.6,29,1,3127.8,16,1,3127.9,170,3,3128.0,150,2,3128.1,41,2
2031,2026-06-16 11:04:32+05:30,3127.0,4,3130.95,1425868,129660.0,200020.0,3163.0,3163.0,3108.0,3134.3,31868800,3447.7,2820.9,3839.9,2896.0,3127.0,18,1,3126.6,84,5,3126.5,78,4,3126.4,128,7,3126.3,26,3,3127.6,29,1,3127.8,16,1,3127.9,170,3,3128.0,150,2,3128.1,41,2
2031,2026-06-16 11:04:33+05:30,3127.0,4,3130.95,1425902,129492.0,200705.0,3163.0,3163.0,3108.0,3134.3,31868800,3447.7,2820.9,3839.9,2896.0,3127.0,14,1,3126.6,55,3,3126.5,95,5,3126.4,72,5,3126.3,24,2,3127.8,144,1,3127.9,42,3,3128.0,170,3,3128.2,60,2,3128.3,89,2
2031,2026-06-16 11:04:34+05:30,3127.7,1,3130.95,1425903,129655.0,200779.0,3163.0,3163.0,3108.0,3134.3,31868800,3447.7,2820.9,3839.9,2896.0,3127.0,14,1,3126.6,26,2,3126.5,78,4,3126.4,72,5,3126.3,24,2,3127.7,17,2,3127.8,169,2,3127.9,1,1,3128.0,170,3,3128.2,79,3
2031,2026-06-16 11:04:34+05:30,3127.1,37,3130.95,1425903,129655.0,200779.0,3163.0,3163.0,3108.0,3134.3,31868800,3447.7,2820.9,3839.9,2896.0,3127.0,14,1,3126.6,26,2,3126.5,78,4,3126.4,72,5,3126.3,24,2,3127.7,17,2,3127.8,169,2,3127.9,1,1,3128.0,170,3,3128.2,79,3
2031,2026-06-16 11:04:35+05:30,3127.1,37,3130.95,1426085,129062.0,199801.0,3163.0,3163.0,3108.0,3134.3,31868800,3447.7,2820.9,3839.9,2896.0,3126.5,62,6,3126.4,113,7,3126.3,88,3,3126.2,82,6,3126.1,25,2,3126.9,1,1,3127.8,46,2,3127.9,16,2,3128.0,200,4,3128.1,197,2
2031,2026-06-16 11:04:35+05:30,3127.1,37,3130.95,1426085,129062.0,199801.0,3163.0,3163.0,3108.0,3134.3,31868800,3447.7,2820.9,3839.9,2896.0,3126.5,62,6,3126.4,113,7,3126.3,88,3,3126.2,82,6,3126.1,25,2,3126.9,1,1,3127.8,46,2,3127.9,16,2,3128.0,200,4,3128.1,197,2
2031,2026-06-16 11:04:35+05:30,3126.6,8,3130.95,1426085,129062.0,199801.0,3163.0,3163.0,3108.0,3134.3,31868800,3447.7,2820.9,3839.9,2896.0,3126.5,62,6,3126.4,113,7,3126.3,88,3,3126.2,82,6,3126.1,25,2,3126.9,1,1,3127.8,46,2,3127.9,16,2,3128.0,200,4,3128.1,197,2
2031,2026-06-16 11:04:36+05:30,3126.6,8,3130.95,1426106,128761.0,199993.0,3163.0,3163.0,3108.0,3134.3,31868800,3447.7,2820.9,3839.9,2896.0,3127.0,112,1,3126.5,28,3,3126.4,22,2,3126.3,138,5,3126.2,276,5,3127.5,17,1,3127.8,25,1,3127.9,16,2,3128.0,363,5,3128.1,69,2
2031,2026-06-16 11:04:36+05:30,3127.0,9,3130.95,1426106,128761.0,199993.0,3163.0,3163.0,3108.0,3134.3,31868800,3447.7,2820.9,3839.9,2896.0,3127.0,112,1,3126.5,28,3,3126.4,22,2,3126.3,138,5,3126.2,276,5,3127.5,17,1,3127.8,25,1,3127.9,16,2,3128.0,363,5,3128.1,69,2
2031,2026-06-16 11:04:37+05:30,3127.0,9,3130.95,1426276,128429.0,200207.0,3163.0,3163.0,3108.0,3134.3,31868800,3447.7,2820.9,3839.9,2896.0,3126.5,58,6,3126.4,30,3,3126.3,12,3,3126.2,25,3,3126.1,24,3,3126.9,3,1,3127.0,30,1,3127.5,49,3,3127.7,178,2,3127.8,84,2
2031,2026-06-16 11:04:37+05:30,3127.0,9,3130.95,1426276,128429.0,200207.0,3163.0,3163.0,3108.0,3134.3,31868800,3447.7,2820.9,3839.9,2896.0,3126.5,58,6,3126.4,30,3,3126.3,12,3,3126.2,25,3,3126.1,24,3,3126.9,3,1,3127.0,30,1,3127.5,49,3,3127.7,178,2,3127.8,84,2
2031,2026-06-16 11:04:37+05:30,3126.6,1,3130.95,1426276,128429.0,200207.0,3163.0,3163.0,3108.0,3134.3,31868800,3447.7,2820.9,3839.9,2896.0,3126.5,58,6,3126.4,30,3,3126.3,12,3,3126.2,25,3,3126.1,24,3,3126.9,3,1,3127.0,30,1,3127.5,49,3,3127.7,178,2,3127.8,84,2
2031,2026-06-16 11:04:38+05:30,3126.2,17,3130.95,1426660,127470.0,200875.0,3163.0,3163.0,3108.0,3134.3,31868800,3447.7,2820.9,3839.9,2896.0,3126.2,4,1,3126.1,21,4,3126.0,104,5,3125.9,64,3,3125.8,25,3,3126.4,1,1,3127.0,30,1,3127.4,234,3,3127.5,49,3,3127.6,75,2
2031,2026-06-16 11:04:38+05:30,3126.2,17,3130.95,1426660,127470.0,200875.0,3163.0,3163.0,3108.0,3134.3,31868800,3447.7,2820.9,3839.9,2896.0,3126.2,4,1,3126.1,21,4,3126.0,104,5,3125.9,64,3,3125.8,25,3,3126.4,1,1,3127.0,30,1,3127.4,234,3,3127.5,49,3,3127.6,75,2
2031,2026-06-16 11:04:39+05:30,3126.2,17,3130.95,1426660,127149.0,201222.0,3163.0,3163.0,3108.0,3134.3,31868800,3447.7,2820.9,3839.9,2896.0,3126.1,22,3,3126.0,113,5,3125.9,43,2,3125.8,25,3,3125.7,69,3,3126.3,43,1,3126.4,2,2,3126.9,34,1,3127.0,30,1,3127.2,21,1
2031,2026-06-16 11:04:39+05:30,3126.2,17,3130.95,1426660,127149.0,201222.0,3163.0,3163.0,3108.0,3134.3,31868800,3447.7,2820.9,3839.9,2896.0,3126.1,22,3,3126.0,113,5,3125.9,43,2,3125.8,25,3,3125.7,69,3,3126.3,43,1,3126.4,2,2,3126.9,34,1,3127.0,30,1,3127.2,21,1
2031,2026-06-16 11:04:40+05:30,3126.2,17,3130.95,1426660,127205.0,201235.0,3163.0,3163.0,3108.0,3134.3,31868800,3447.7,2820.9,3839.9,2896.0,3126.1,19,2,3126.0,110,4,3125.9,43,2,3125.8,33,4,3125.7,48,2,3126.3,55,3,3126.4,1,1,3126.9,34,1,3127.0,30,1,3127.2,21,1
2031,2026-06-16 11:04:40+05:30,3126.3,1,3130.95,1426660,127205.0,201235.0,3163.0,3163.0,3108.0,3134.3,31868800,3447.7,2820.9,3839.9,2896.0,3126.1,19,2,3126.0,110,4,3125.9,43,2,3125.8,33,4,3125.7,48,2,3126.3,55,3,3126.4,1,1,3126.9,34,1,3127.0,30,1,3127.2,21,1
2031,2026-06-16 11:04:40+05:30,3126.3,1,3130.95,1426661,127410.0,201175.0,3163.0,3163.0,3108.0,3134.3,31868800,3447.7,2820.9,3839.9,2896.0,3126.1,19,2,3126.0,103,4,3125.8,8,1,3125.7,9,1,3125.6,60,3,3126.3,68,4,3126.4,1,1,3126.9,34,1,3127.0,30,1,3127.2,37,2
2031,2026-06-16 11:04:40+05:30,3126.3,1,3130.95,1426661,127410.0,201175.0,3163.0,3163.0,3108.0,3134.3,31868800,3447.7,2820.9,3839.9,2896.0,3126.1,19,2,3126.0,103,4,3125.8,8,1,3125.7,9,1,3125.6,60,3,3126.3,68,4,3126.4,1,1,3126.9,34,1,3127.0,30,1,3127.2,37,2
2031,2026-06-16 11:04:41+05:30,3126.3,1,3130.95,1426661,127339.0,201186.0,3163.0,3163.0,3108.0,3134.3,31868800,3447.7,2820.9,3839.9,2896.0,3126.1,19,2,3126.0,108,5,3125.9,23,2,3125.8,33,3,3125.7,9,1,3126.3,68,4,3126.4,1,1,3126.9,34,1,3127.0,30,1,3127.2,37,2
2031,2026-06-16 11:04:42+05:30,3126.3,1,3130.95,1426661,127339.0,201186.0,3163.0,3163.0,3108.0,3134.3,31868800,3447.7,2820.9,3839.9,2896.0,3126.1,19,2,3126.0,108,5,3125.9,23,2,3125.8,33,3,3125.7,9,1,3126.3,68,4,3126.4,1,1,3126.9,34,1,3127.0,30,1,3127.2,37,2
2031,2026-06-16 11:04:42+05:30,3126.3,1,3130.95,1426661,127339.0,201186.0,3163.0,3163.0,3108.0,3134.3,31868800,3447.7,2820.9,3839.9,2896.0,3126.1,19,2,3126.0,108,5,3125.9,23,2,3125.8,33,3,3125.7,9,1,3126.3,68,4,3126.4,1,1,3126.9,34,1,3127.0,30,1,3127.2,37,2
2031,2026-06-16 11:04:43+05:30,3126.3,1,3130.95,1426662,127459.0,201242.0,3163.0,3163.0,3108.0,3134.3,31868800,3447.7,2820.9,3839.9,2896.0,3126.1,32,4,3126.0,113,6,3125.9,12,2,3125.8,57,4,3125.7,111,4,3126.3,78,5,3126.4,1,1,3126.9,34,1,3127.0,30,1,3127.2,21,1
2031,2026-06-16 11:04:43+05:30,3126.3,25,3130.95,1426662,127459.0,201242.0,3163.0,3163.0,3108.0,3134.3,31868800,3447.7,2820.9,3839.9,2896.0,3126.1,32,4,3126.0,113,6,3125.9,12,2,3125.8,57,4,3125.7,111,4,3126.3,78,5,3126.4,1,1,3126.9,34,1,3127.0,30,1,3127.2,21,1
2031,2026-06-16 11:04:44+05:30,3126.3,25,3130.95,1426777,127731.0,201454.0,3163.0,3163.0,3108.0,3134.3,31868800,3447.7,2820.9,3839.9,2896.0,3126.1,21,2,3126.0,109,5,3125.9,44,4,3125.8,138,5,3125.7,68,4,3126.9,34,1,3127.0,30,1,3127.2,14,1,3127.3,200,1,3127.5,37,1
2031,2026-06-16 11:04:44+05:30,3126.3,25,3130.95,1426777,127731.0,201454.0,3163.0,3163.0,3108.0,3134.3,31868800,3447.7,2820.9,3839.9,2896.0,3126.1,21,2,3126.0,109,5,3125.9,44,4,3125.8,138,5,3125.7,68,4,3126.9,34,1,3127.0,30,1,3127.2,14,1,3127.3,200,1,3127.5,37,1
2031,2026-06-16 11:04:44+05:30,3126.1,8,3130.95,1426777,127731.0,201454.0,3163.0,3163.0,3108.0,3134.3,31868800,3447.7,2820.9,3839.9,2896.0,3126.1,21,2,3126.0,109,5,3125.9,44,4,3125.8,138,5,3125.7,68,4,3126.9,34,1,3127.0,30,1,3127.2,14,1,3127.3,200,1,3127.5,37,1
2031,2026-06-16 11:04:45+05:30,3126.1,8,3130.95,1426787,127380.0,201628.0,3163.0,3163.0,3108.0,3134.3,31868800,3447.7,2820.9,3839.9,2896.0,3126.1,13,2,3126.0,103,4,3125.8,45,2,3125.7,39,2,3125.6,87,4,3126.8,13,1,3126.9,49,2,3127.0,30,1,3127.3,215,2,3127.5,37,1
2031,2026-06-16 11:04:45+05:30,3126.1,8,3130.95,1426787,127380.0,201628.0,3163.0,3163.0,3108.0,3134.3,31868800,3447.7,2820.9,3839.9,2896.0,3126.1,13,2,3126.0,103,4,3125.8,45,2,3125.7,39,2,3125.6,87,4,3126.8,13,1,3126.9,49,2,3127.0,30,1,3127.3,215,2,3127.5,37,1
2031,2026-06-16 11:04:45+05:30,3126.9,24,3130.95,1426787,127380.0,201628.0,3163.0,3163.0,3108.0,3134.3,31868800,3447.7,2820.9,3839.9,2896.0,3126.1,13,2,3126.0,103,4,3125.8,45,2,3125.7,39,2,3125.6,87,4,3126.8,13,1,3126.9,49,2,3127.0,30,1,3127.3,215,2,3127.5,37,1
2031,2026-06-16 11:04:46+05:30,3126.1,3,3130.95,1426867,128104.0,201551.0,3163.0,3163.0,3108.0,3134.3,31868800,3447.7,2820.9,3839.9,2896.0,3126.1,31,3,3126.0,110,5,3125.9,38,2,3125.8,24,1,3125.7,59,2,3126.9,25,2,3127.0,30,1,3127.3,78,2,3127.4,202,2,3127.6,112,4
2031,2026-06-16 11:04:46+05:30,3126.1,3,3130.95,1426867,128104.0,201551.0,3163.0,3163.0,3108.0,3134.3,31868800,3447.7,2820.9,3839.9,2896.0,3126.1,31,3,3126.0,110,5,3125.9,38,2,3125.8,24,1,3125.7,59,2,3126.9,25,2,3127.0,30,1,3127.3,78,2,3127.4,202,2,3127.6,112,4
2031,2026-06-16 11:04:46+05:30,3126.1,3,3130.95,1426867,128104.0,201551.0,3163.0,3163.0,3108.0,3134.3,31868800,3447.7,2820.9,3839.9,2896.0,3126.1,31,3,3126.0,110,5,3125.9,38,2,3125.8,24,1,3125.7,59,2,3126.9,25,2,3127.0,30,1,3127.3,78,2,3127.4,202,2,3127.6,112,4
2031,2026-06-16 11:04:47+05:30,3126.1,3,3130.95,1426867,128104.0,201551.0,3163.0,3163.0,3108.0,3134.3,31868800,3447.7,2820.9,3839.9,2896.0,3126.1,31,3,3126.0,110,5,3125.9,38,2,3125.8,24,1,3125.7,59,2,3126.9,25,2,3127.0,30,1,3127.3,78,2,3127.4,202,2,3127.6,112,4
2031,2026-06-16 11:04:47+05:30,3126.8,1,3130.95,1426868,127698.0,201263.0,3163.0,3163.0,3108.0,3134.3,31868800,3447.7,2820.9,3839.9,2896.0,3126.1,31,3,3126.0,110,5,3125.9,59,3,3125.8,24,1,3125.7,106,4,3126.8,7,1,3126.9,25,2,3127.0,30,1,3127.3,15,1,3127.4,200,1
2031,2026-06-16 11:04:47+05:30,3126.8,1,3130.95,1426868,127698.0,201263.0,3163.0,3163.0,3108.0,3134.3,31868800,3447.7,2820.9,3839.9,2896.0,3126.1,31,3,3126.0,110,5,3125.9,59,3,3125.8,24,1,3125.7,106,4,3126.8,7,1,3126.9,25,2,3127.0,30,1,3127.3,15,1,3127.4,200,1
2031,2026-06-16 11:04:47+05:30,3126.1,1,3130.95,1426868,127698.0,201263.0,3163.0,3163.0,3108.0,3134.3,31868800,3447.7,2820.9,3839.9,2896.0,3126.1,31,3,3126.0,110,5,3125.9,59,3,3125.8,24,1,3125.7,106,4,3126.8,7,1,3126.9,25,2,3127.0,30,1,3127.3,15,1,3127.4,200,1
2031,2026-06-16 11:04:48+05:30,3126.1,1,3130.95,1426876,127582.0,201544.0,3163.0,3163.0,3108.0,3134.3,31868800,3447.7,2820.9,3839.9,2896.0,3126.1,44,4,3126.0,103,4,3125.8,45,2,3125.7,47,2,3125.6,105,5,3126.8,4,1,3126.9,10,1,3127.0,30,1,3127.3,78,2,3127.4,222,2
2031,2026-06-16 11:04:48+05:30,3126.1,1,3130.95,1426876,127582.0,201544.0,3163.0,3163.0,3108.0,3134.3,31868800,3447.7,2820.9,3839.9,2896.0,3126.1,44,4,3126.0,103,4,3125.8,45,2,3125.7,47,2,3125.6,105,5,3126.8,4,1,3126.9,10,1,3127.0,30,1,3127.3,78,2,3127.4,222,2
2031,2026-06-16 11:04:48+05:30,3126.8,1,3130.95,1426876,127582.0,201544.0,3163.0,3163.0,3108.0,3134.3,31868800,3447.7,2820.9,3839.9,2896.0,3126.1,44,4,3126.0,103,4,3125.8,45,2,3125.7,47,2,3125.6,105,5,3126.8,4,1,3126.9,10,1,3127.0,30,1,3127.3,78,2,3127.4,222,2
2031,2026-06-16 11:04:49+05:30,3126.8,1,3130.95,1426877,127630.0,201568.0,3163.0,3163.0,3108.0,3134.3,31868800,3447.7,2820.9,3839.9,2896.0,3126.1,61,4,3126.0,103,4,3125.8,45,2,3125.7,47,2,3125.6,109,5,3126.7,1,1,3126.8,27,2,3126.9,10,1,3127.0,30,1,3127.3,15,1
2031,2026-06-16 11:04:49+05:30,3126.8,1,3130.95,1426877,127630.0,201568.0,3163.0,3163.0,3108.0,3134.3,31868800,3447.7,2820.9,3839.9,2896.0,3126.1,61,4,3126.0,103,4,3125.8,45,2,3125.7,47,2,3125.6,109,5,3126.7,1,1,3126.8,27,2,3126.9,10,1,3127.0,30,1,3127.3,15,1
2031,2026-06-16 11:04:50+05:30,3126.8,1,3130.95,1426877,128033.0,201551.0,3163.0,3163.0,3108.0,3134.3,31868800,3447.7,2820.9,3839.9,2896.0,3126.3,18,1,3126.1,53,3,3126.0,103,4,3125.8,24,1,3125.7,132,4,3126.7,1,1,3126.8,27,2,3126.9,10,1,3127.0,30,1,3127.3,215,2
2031,2026-06-16 11:04:50+05:30,3126.8,1,3130.95,1426877,128033.0,201551.0,3163.0,3163.0,3108.0,3134.3,31868800,3447.7,2820.9,3839.9,2896.0,3126.3,18,1,3126.1,53,3,3126.0,103,4,3125.8,24,1,3125.7,132,4,3126.7,1,1,3126.8,27,2,3126.9,10,1,3127.0,30,1,3127.3,215,2
2031,2026-06-16 11:04:51+05:30,3126.8,1,3130.95,1426877,128238.0,201427.0,3163.0,3163.0,3108.0,3134.3,31868800,3447.7,2820.9,3839.9,2896.0,3126.4,19,1,3126.3,1,1,3126.2,2,1,3126.1,53,3,3126.0,114,5,3126.7,2,2,3126.8,24,1,3126.9,10,1,3127.0,30,1,3127.3,215,2
2031,2026-06-16 11:04:51+05:30,3126.8,1,3130.95,1426877,128238.0,201427.0,3163.0,3163.0,3108.0,3134.3,31868800,3447.7,2820.9,3839.9,2896.0,3126.4,19,1,3126.3,1,1,3126.2,2,1,3126.1,53,3,3126.0,114,5,3126.7,2,2,3126.8,24,1,3126.9,10,1,3127.0,30,1,3127.3,215,2
2031,2026-06-16 11:04:52+05:30,3126.8,1,3130.95,1426877,128266.0,201846.0,3163.0,3163.0,3108.0,3134.3,31868800,3447.7,2820.9,3839.9,2896.0,3126.6,17,1,3126.4,2,1,3126.3,1,1,3126.2,2,1,3126.1,53,3,3126.7,3,3,3126.8,24,1,3127.0,30,1,3127.1,15,1,3127.2,200,1
2031,2026-06-16 11:04:52+05:30,3126.8,1,3130.95,1426877,128266.0,201846.0,3163.0,3163.0,3108.0,3134.3,31868800,3447.7,2820.9,3839.9,2896.0,3126.6,17,1,3126.4,2,1,3126.3,1,1,3126.2,2,1,3126.1,53,3,3126.7,3,3,3126.8,24,1,3127.0,30,1,3127.1,15,1,3127.2,200,1
2031,2026-06-16 11:04:52+05:30,3126.8,2,3130.95,1426877,128266.0,201846.0,3163.0,3163.0,3108.0,3134.3,31868800,3447.7,2820.9,3839.9,2896.0,3126.6,17,1,3126.4,2,1,3126.3,1,1,3126.2,2,1,3126.1,53,3,3126.7,3,3,3126.8,24,1,3127.0,30,1,3127.1,15,1,3127.2,200,1
2031,2026-06-16 11:04:53+05:30,3127.0,30,3130.95,1426954,129836.0,201102.0,3163.0,3163.0,3108.0,3134.3,31868800,3447.7,2820.9,3839.9,2896.0,3127.0,907,2,3126.7,17,1,3126.6,1,1,3126.5,1,1,3126.4,66,2,3127.4,200,1,3127.6,3,1,3127.7,20,2,3127.8,35,1,3127.9,97,2
2031,2026-06-16 11:04:53+05:30,3127.0,30,3130.95,1426954,129836.0,201102.0,3163.0,3163.0,3108.0,3134.3,31876000,3447.7,2820.9,3839.9,2896.0,3127.0,907,2,3126.7,17,1,3126.6,1,1,3126.5,1,1,3126.4,66,2,3127.4,200,1,3127.6,3,1,3127.7,20,2,3127.8,35,1,3127.9,97,2
2031,2026-06-16 11:04:53+05:30,3127.3,1,3130.95,1426954,129836.0,201102.0,3163.0,3163.0,3108.0,3134.3,31876000,3447.7,2820.9,3839.9,2896.0,3127.0,907,2,3126.7,17,1,3126.6,1,1,3126.5,1,1,3126.4,66,2,3127.4,200,1,3127.6,3,1,3127.7,20,2,3127.8,35,1,3127.9,97,2
2031,2026-06-16 11:04:54+05:30,3127.3,1,3130.95,1426956,129936.0,201319.0,3163.0,3163.0,3108.0,3134.3,31876000,3447.7,2820.9,3839.9,2896.0,3127.0,925,3,3126.7,17,1,3126.6,1,1,3126.5,1,1,3126.4,120,3,3127.3,6,1,3127.4,211,2,3127.6,3,1,3127.7,3,1,3127.8,53,2
2031,2026-06-16 11:04:54+05:30,3127.3,3,3130.95,1426956,129936.0,201319.0,3163.0,3163.0,3108.0,3134.3,31876000,3447.7,2820.9,3839.9,2896.0,3127.0,925,3,3126.7,17,1,3126.6,1,1,3126.5,1,1,3126.4,120,3,3127.3,6,1,3127.4,211,2,3127.6,3,1,3127.7,3,1,3127.8,53,2
2031,2026-06-16 11:04:55+05:30,3127.3,3,3130.95,1426961,130126.0,201266.0,3163.0,3163.0,3108.0,3134.3,31876000,3447.7,2820.9,3839.9,2896.0,3127.1,20,1,3127.0,1071,4,3126.6,1,1,3126.5,65,2,3126.4,56,2,3127.3,16,2,3127.4,211,2,3127.6,3,1,3127.7,3,1,3127.8,53,2
2031,2026-06-16 11:04:55+05:30,3127.4,157,3130.95,1426961,130126.0,201266.0,3163.0,3163.0,3108.0,3134.3,31876000,3447.7,2820.9,3839.9,2896.0,3127.1,20,1,3127.0,1071,4,3126.6,1,1,3126.5,65,2,3126.4,56,2,3127.3,16,2,3127.4,211,2,3127.6,3,1,3127.7,3,1,3127.8,53,2
2031,2026-06-16 11:04:56+05:30,3127.1,2,3130.95,1427138,130112.0,201126.0,3163.0,3163.0,3108.0,3134.3,31876000,3447.7,2820.9,3839.9,2896.0,3127.1,2,1,3127.0,1089,5,3126.6,39,3,3126.5,65,2,3126.4,73,3,3127.3,45,2,3127.4,43,1,3127.7,3,1,3127.8,53,2,3127.9,52,1
2031,2026-06-16 11:04:56+05:30,3127.1,2,3130.95,1427138,130112.0,201126.0,3163.0,3163.0,3108.0,3134.3,31876000,3447.7,2820.9,3839.9,2896.0,3127.1,2,1,3127.0,1089,5,3126.6,39,3,3126.5,65,2,3126.4,73,3,3127.3,45,2,3127.4,43,1,3127.7,3,1,3127.8,53,2,3127.9,52,1
2031,2026-06-16 11:04:57+05:30,3127.1,2,3130.95,1427138,130199.0,201121.0,3163.0,3163.0,3108.0,3134.3,31876000,3447.7,2820.9,3839.9,2896.0,3127.1,62,3,3127.0,1089,5,3126.6,1,1,3126.5,86,3,3126.4,89,4,3127.2,18,1,3127.3,55,3,3127.4,43,1,3127.7,3,1,3127.8,53,2
2031,2026-06-16 11:04:57+05:30,3127.0,61,3130.95,1427138,130199.0,201121.0,3163.0,3163.0,3108.0,3134.3,31876000,3447.7,2820.9,3839.9,2896.0,3127.1,62,3,3127.0,1089,5,3126.6,1,1,3126.5,86,3,3126.4,89,4,3127.2,18,1,3127.3,55,3,3127.4,43,1,3127.7,3,1,3127.8,53,2
2031,2026-06-16 11:04:58+05:30,3127.0,61,3130.94,1427413,129959.0,201204.0,3163.0,3163.0,3108.0,3134.3,31876000,3447.7,2820.9,3839.9,2896.0,3127.0,1028,5,3126.6,1,1,3126.5,86,3,3126.4,35,3,3126.3,1,1,3127.2,18,1,3127.3,55,3,3127.4,43,1,3127.7,3,1,3127.8,107,3
2031,2026-06-16 11:04:58+05:30,3127.1,1,3130.94,1427413,129959.0,201204.0,3163.0,3163.0,3108.0,3134.3,31876000,3447.7,2820.9,3839.9,2896.0,3127.0,1028,5,3126.6,1,1,3126.5,86,3,3126.4,35,3,3126.3,1,1,3127.2,18,1,3127.3,55,3,3127.4,43,1,3127.7,3,1,3127.8,107,3
2031,2026-06-16 11:04:59+05:30,3127.1,1,3130.94,1427432,130226.0,200165.0,3163.0,3163.0,3108.0,3134.3,31876000,3447.7,2820.9,3839.9,2896.0,3127.0,1010,5,3126.6,22,2,3126.5,65,2,3126.4,114,6,3126.3,1,1,3127.1,29,1,3127.2,31,1,3127.3,44,2,3127.4,43,1,3127.9,16,1
2031,2026-06-16 11:04:59+05:30,3127.0,3,3130.94,1427432,130226.0,200165.0,3163.0,3163.0,3108.0,3134.3,31876000,3447.7,2820.9,3839.9,2896.0,3127.0,1010,5,3126.6,22,2,3126.5,65,2,3126.4,114,6,3126.3,1,1,3127.1,29,1,3127.2,31,1,3127.3,44,2,3127.4,43,1,3127.9,16,1
2031,2026-06-16 11:05:00+05:30,3127.1,1,3130.94,1427436,130211.0,200493.0,3163.0,3163.0,3108.0,3134.3,31876000,3447.7,2820.9,3839.9,2896.0,3127.0,1007,5,3126.9,14,1,3126.6,22,2,3126.5,65,2,3126.4,116,6,3127.1,49,3,3127.2,31,1,3127.3,34,1,3127.4,43,1,3127.9,16,1
2031,2026-06-16 11:05:00+05:30,3127.1,2,3130.94,1427436,130211.0,200493.0,3163.0,3163.0,3108.0,3134.3,31876000,3447.7,2820.9,3839.9,2896.0,3127.0,1007,5,3126.9,14,1,3126.6,22,2,3126.5,65,2,3126.4,116,6,3127.1,49,3,3127.2,31,1,3127.3,34,1,3127.4,43,1,3127.9,16,1
2031,2026-06-16 11:05:01+05:30,3127.1,2,3130.94,1427442,130242.0,200692.0,3163.0,3163.0,3108.0,3134.3,31876000,3447.7,2820.9,3839.9,2896.0,3127.0,1023,7,3126.9,14,1,3126.6,22,2,3126.5,65,2,3126.4,98,5,3127.1,46,4,3127.2,31,1,3127.3,34,1,3127.4,43,1,3127.9,16,1
2031,2026-06-16 11:05:01+05:30,3127.0,1,3130.94,1427442,130242.0,200692.0,3163.0,3163.0,3108.0,3134.3,31876000,3447.7,2820.9,3839.9,2896.0,3127.0,1023,7,3126.9,14,1,3126.6,22,2,3126.5,65,2,3126.4,98,5,3127.1,46,4,3127.2,31,1,3127.3,34,1,3127.4,43,1,3127.9,16,1
2031,2026-06-16 11:05:02+05:30,3127.0,200,3130.94,1427843,129675.0,200712.0,3163.0,3163.0,3108.0,3134.3,31876000,3447.7,2820.9,3839.9,2896.0,3127.0,622,7,3126.9,14,1,3126.6,1,1,3126.5,1,1,3126.4,2,1,3127.1,74,6,3127.2,31,1,3127.3,34,1,3127.4,45,2,3127.5,33,1
2031,2026-06-16 11:05:02+05:30,3127.1,14,3130.94,1427843,129675.0,200712.0,3163.0,3163.0,3108.0,3134.3,31876000,3447.7,2820.9,3839.9,2896.0,3127.0,622,7,3126.9,14,1,3126.6,1,1,3126.5,1,1,3126.4,2,1,3127.1,74,6,3127.2,31,1,3127.3,34,1,3127.4,45,2,3127.5,33,1
2031,2026-06-16 11:05:03+05:30,3127.1,14,3130.94,1427961,129760.0,200627.0,3163.0,3163.0,3108.0,3134.3,31876000,3447.7,2820.9,3839.9,2896.0,3127.0,579,7,3126.9,14,1,3126.6,1,1,3126.5,1,1,3126.4,2,1,3127.2,31,1,3127.3,34,1,3127.4,78,3,3127.5,13,1,3127.6,33,1
2031,2026-06-16 11:05:03+05:30,3127.1,14,3130.94,1427961,129747.0,200700.0,3163.0,3163.0,3108.0,3134.3,31876000,3447.7,2820.9,3839.9,2896.0,3127.0,579,7,3126.9,14,1,3126.6,22,2,3126.5,1,1,3126.4,2,1,3127.1,13,1,3127.2,31,1,3127.3,34,1,3127.4,45,2,3127.7,107,3
2031,2026-06-16 11:05:04+05:30,3127.1,1,3130.94,1427961,129747.0,200700.0,3163.0,3163.0,3108.0,3134.3,31876000,3447.7,2820.9,3839.9,2896.0,3127.0,579,7,3126.9,14,1,3126.6,22,2,3126.5,1,1,3126.4,2,1,3127.1,13,1,3127.2,31,1,3127.3,34,1,3127.4,45,2,3127.7,107,3
2031,2026-06-16 11:05:05+05:30,3127.1,1,3130.94,1427962,129849.0,201372.0,3163.0,3163.0,3108.0,3134.3,31876000,3447.7,2820.9,3839.9,2896.0,3127.0,579,7,3126.9,14,1,3126.6,1,1,3126.5,1,1,3126.4,2,1,3127.1,13,2,3127.2,31,1,3127.3,34,1,3127.4,45,2,3127.6,33,1
2031,2026-06-16 11:05:05+05:30,3127.1,1,3130.94,1427962,129849.0,201372.0,3163.0,3163.0,3108.0,3134.3,31876000,3447.7,2820.9,3839.9,2896.0,3127.0,579,7,3126.9,14,1,3126.6,1,1,3126.5,1,1,3126.4,2,1,3127.1,13,2,3127.2,31,1,3127.3,34,1,3127.4,45,2,3127.6,33,1
2031,2026-06-16 11:05:06+05:30,3127.1,1,3130.94,1427975,130252.0,201540.0,3163.0,3163.0,3108.0,3134.3,31876000,3447.7,2820.9,3839.9,2896.0,3127.1,28,2,3127.0,561,6,3126.9,14,1,3126.6,1,1,3126.5,22,2,3127.2,31,1,3127.3,34,1,3127.4,45,2,3127.6,33,1,3127.7,52,1
2031,2026-06-16 11:05:06+05:30,3127.0,12,3130.94,1427975,130252.0,201540.0,3163.0,3163.0,3108.0,3134.3,31876000,3447.7,2820.9,3839.9,2896.0,3127.1,28,2,3127.0,561,6,3126.9,14,1,3126.6,1,1,3126.5,22,2,3127.2,31,1,3127.3,34,1,3127.4,45,2,3127.6,33,1,3127.7,52,1
2031,2026-06-16 11:05:07+05:30,3127.0,16,3130.94,1429028,129049.0,201768.0,3163.0,3163.0,3108.0,3134.3,31876000,3447.7,2820.9,3839.9,2896.0,3127.0,99,1,3126.9,14,1,3126.6,1,1,3126.5,12,2,3126.4,14,2,3127.2,51,2,3127.3,34,1,3127.4,45,2,3127.5,23,2,3127.7,52,1
2031,2026-06-16 11:05:07+05:30,3127.0,16,3130.94,1429028,129049.0,201768.0,3163.0,3163.0,3108.0,3134.3,31876000,3447.7,2820.9,3839.9,2896.0,3127.0,99,1,3126.9,14,1,3126.6,1,1,3126.5,12,2,3126.4,14,2,3127.2,51,2,3127.3,34,1,3127.4,45,2,3127.5,23,2,3127.7,52,1
2031,2026-06-16 11:05:08+05:30,3127.1,1,3130.94,1429029,129457.0,201058.0,3163.0,3163.0,3108.0,3134.3,31876000,3447.7,2820.9,3839.9,2896.0,3127.0,99,1,3126.9,14,1,3126.6,1,1,3126.5,1,1,3126.4,31,3,3127.1,115,1,3127.2,89,4,3127.4,45,2,3127.5,36,3,3127.7,52,1
2031,2026-06-16 11:05:08+05:30,3127.1,1,3130.94,1429029,129457.0,201058.0,3163.0,3163.0,3108.0,3134.3,31876000,3447.7,2820.9,3839.9,2896.0,3127.0,99,1,3126.9,14,1,3126.6,1,1,3126.5,1,1,3126.4,31,3,3127.1,115,1,3127.2,89,4,3127.4,45,2,3127.5,36,3,3127.7,52,1
2031,2026-06-16 11:05:09+05:30,3127.1,1,3130.94,1429029,129450.0,201064.0,3163.0,3163.0,3108.0,3134.3,31876000,3447.7,2820.9,3839.9,2896.0,3127.0,99,1,3126.9,14,1,3126.6,1,1,3126.5,1,1,3126.4,14,2,3127.1,142,4,3127.2,68,3,3127.4,45,2,3127.5,36,3,3127.7,52,1
2031,2026-06-16 11:05:09+05:30,3127.1,1,3130.94,1429029,129450.0,201064.0,3163.0,3163.0,3108.0,3134.3,31876000,3447.7,2820.9,3839.9,2896.0,3127.0,99,1,3126.9,14,1,3126.6,1,1,3126.5,1,1,3126.4,14,2,3127.1,142,4,3127.2,68,3,3127.4,45,2,3127.5,36,3,3127.7,52,1
2031,2026-06-16 11:05:10+05:30,3127.1,1,3130.94,1429030,129471.0,201213.0,3163.0,3163.0,3108.0,3134.3,31876000,3447.7,2820.9,3839.9,2896.0,3127.0,119,2,3126.9,14,1,3126.6,1,1,3126.5,1,1,3126.4,14,2,3127.1,141,4,3127.2,68,3,3127.4,45,2,3127.5,36,3,3127.7,52,1
2031,2026-06-16 11:05:10+05:30,3127.1,30,3130.94,1429030,129471.0,201213.0,3163.0,3163.0,3108.0,3134.3,31876000,3447.7,2820.9,3839.9,2896.0,3127.0,119,2,3126.9,14,1,3126.6,1,1,3126.5,1,1,3126.4,14,2,3127.1,141,4,3127.2,68,3,3127.4,45,2,3127.5,36,3,3127.7,52,1
2031,2026-06-16 11:05:11+05:30,3127.1,30,3130.94,1429060,129456.0,200461.0,3163.0,3163.0,3108.0,3134.3,31876000,3447.7,2820.9,3839.9,2896.0,3127.0,119,2,3126.9,14,1,3126.6,1,1,3126.5,1,1,3126.4,22,3,3127.1,211,5,3127.2,68,3,3127.5,50,4,3127.8,21,1,3127.9,32,2
2031,2026-06-16 11:05:11+05:30,3127.1,50,3130.94,1429060,129456.0,200461.0,3163.0,3163.0,3108.0,3134.3,31876000,3447.7,2820.9,3839.9,2896.0,3127.0,119,2,3126.9,14,1,3126.6,1,1,3126.5,1,1,3126.4,22,3,3127.1,211,5,3127.2,68,3,3127.5,50,4,3127.8,21,1,3127.9,32,2
2031,2026-06-16 11:05:12+05:30,3127.1,50,3130.94,1429225,129476.0,199912.0,3163.0,3163.0,3108.0,3134.3,31876000,3447.7,2820.9,3839.9,2896.0,3127.0,95,1,3126.9,14,1,3126.6,1,1,3126.5,1,1,3126.4,14,2,3127.1,50,1,3127.2,68,3,3127.5,50,4,3127.9,92,4,3128.0,259,5
2031,2026-06-16 11:05:12+05:30,3127.0,18,3130.94,1429225,129476.0,199912.0,3163.0,3163.0,3108.0,3134.3,31876000,3447.7,2820.9,3839.9,2896.0,3127.0,95,1,3126.9,14,1,3126.6,1,1,3126.5,1,1,3126.4,14,2,3127.1,50,1,3127.2,68,3,3127.5,50,4,3127.9,92,4,3128.0,259,5
2031,2026-06-16 11:05:12+05:30,3127.0,18,3130.94,1429243,129237.0,200216.0,3163.0,3163.0,3108.0,3134.3,31876000,3447.7,2820.9,3839.9,2896.0,3127.0,87,2,3126.9,14,1,3126.6,1,1,3126.5,1,1,3126.4,14,2,3127.1,50,1,3127.2,68,3,3127.5,50,4,3127.7,43,1,3127.9,20,2
2031,2026-06-16 11:05:13+05:30,3127.0,2,3130.94,1429243,129237.0,200216.0,3163.0,3163.0,3108.0,3134.3,31876000,3447.7,2820.9,3839.9,2896.0,3127.0,87,2,3126.9,14,1,3126.6,1,1,3126.5,1,1,3126.4,14,2,3127.1,50,1,3127.2,68,3,3127.5,50,4,3127.7,43,1,3127.9,20,2
2031,2026-06-16 11:05:13+05:30,3127.0,2,3130.94,1429247,129345.0,200698.0,3163.0,3163.0,3108.0,3134.3,31876000,3447.7,2820.9,3839.9,2896.0,3127.0,84,2,3126.9,14,1,3126.6,1,1,3126.5,1,1,3126.4,2,1,3127.1,549,2,3127.2,68,3,3127.5,50,4,3127.7,95,2,3127.8,34,1
2031,2026-06-16 11:05:14+05:30,3127.1,1,3130.94,1429247,129345.0,200698.0,3163.0,3163.0,3108.0,3134.3,31876000,3447.7,2820.9,3839.9,2896.0,3127.0,84,2,3126.9,14,1,3126.6,1,1,3126.5,1,1,3126.4,2,1,3127.1,549,2,3127.2,68,3,3127.5,50,4,3127.7,95,2,3127.8,34,1
2031,2026-06-16 11:05:14+05:30,3127.1,1,3130.94,1429248,129361.0,200577.0,3163.0,3163.0,3108.0,3134.3,31876000,3447.7,2820.9,3839.9,2896.0,3127.0,85,3,3126.9,14,1,3126.6,1,1,3126.5,1,1,3126.4,19,2,3127.1,548,2,3127.2,68,3,3127.5,37,3,3127.7,52,1,3127.8,77,2
2031,2026-06-16 11:05:15+05:30,3127.1,2,3130.94,1429253,129535.0,200575.0,3163.0,3163.0,3108.0,3134.3,31876000,3447.7,2820.9,3839.9,2896.0,3127.0,86,4,3126.9,14,1,3126.6,1,1,3126.5,1,1,3126.4,19,2,3127.1,543,2,3127.2,68,3,3127.5,37,3,3127.7,52,1,3127.8,43,1
2031,2026-06-16 11:05:15+05:30,3127.1,2,3130.94,1429253,129535.0,200575.0,3163.0,3163.0,3108.0,3134.3,31876000,3447.7,2820.9,3839.9,2896.0,3127.0,86,4,3126.9,14,1,3126.6,1,1,3126.5,1,1,3126.4,19,2,3127.1,543,2,3127.2,68,3,3127.5,37,3,3127.7,52,1,3127.8,43,1
2031,2026-06-16 11:05:16+05:30,3127.0,6,3130.94,1429302,129548.0,200418.0,3163.0,3163.0,3108.0,3134.3,31876000,3447.7,2820.9,3839.9,2896.0,3127.0,59,6,3126.9,14,1,3126.6,18,2,3126.5,1,1,3126.4,36,3,3127.1,543,2,3127.2,68,3,3127.7,52,1,3127.8,43,1,3127.9,3,1
2031,2026-06-16 11:05:16+05:30,3127.0,6,3130.94,1429302,129548.0,200418.0,3163.0,3163.0,3108.0,3134.3,31876000,3447.7,2820.9,3839.9,2896.0,3127.0,59,6,3126.9,14,1,3126.6,18,2,3126.5,1,1,3126.4,36,3,3127.1,543,2,3127.2,68,3,3127.7,52,1,3127.8,43,1,3127.9,3,1
2031,2026-06-16 11:05:18+05:30,3127.0,6,3130.94,1429302,129575.0,200176.0,3163.0,3163.0,3108.0,3134.3,31876000,3447.7,2820.9,3839.9,2896.0,3127.0,59,6,3126.9,14,1,3126.8,17,1,3126.6,30,3,3126.5,1,1,3127.1,543,2,3127.2,68,3,3127.7,52,1,3127.8,43,1,3127.9,3,1
2031,2026-06-16 11:05:18+05:30,3127.0,3,3130.94,1429302,129575.0,200176.0,3163.0,3163.0,3108.0,3134.3,31876000,3447.7,2820.9,3839.9,2896.0,3127.0,59,6,3126.9,14,1,3126.8,17,1,3126.6,30,3,3126.5,1,1,3127.1,543,2,3127.2,68,3,3127.7,52,1,3127.8,43,1,3127.9,3,1
2031,2026-06-16 11:05:19+05:30,3127.0,2,3130.94,1429525,129235.0,200466.0,3163.0,3163.0,3108.0,3134.3,31876000,3447.7,2820.9,3839.9,2896.0,3127.0,39,3,3126.9,14,1,3126.6,1,1,3126.5,1,1,3126.4,2,1,3127.1,621,7,3127.2,30,1,3127.7,52,1,3127.8,77,2,3127.9,3,1
2031,2026-06-16 11:05:19+05:30,3127.1,1,3130.94,1429525,129235.0,200466.0,3163.0,3163.0,3108.0,3134.3,31876000,3447.7,2820.9,3839.9,2896.0,3127.0,39,3,3126.9,14,1,3126.6,1,1,3126.5,1,1,3126.4,2,1,3127.1,621,7,3127.2,30,1,3127.7,52,1,3127.8,77,2,3127.9,3,1
2031,2026-06-16 11:05:20+05:30,3127.0,3,3130.94,1429530,129228.0,201090.0,3163.0,3163.0,3108.0,3134.3,31876000,3447.7,2820.9,3839.9,2896.0,3127.0,36,3,3126.9,14,1,3126.6,1,1,3126.5,1,1,3126.4,2,1,3127.1,619,7,3127.2,30,1,3127.7,52,1,3127.8,77,2,3127.9,3,1
2031,2026-06-16 11:05:20+05:30,3127.0,3,3130.94,1429530,129228.0,201090.0,3163.0,3163.0,3108.0,3134.3,31876000,3447.7,2820.9,3839.9,2896.0,3127.0,36,3,3126.9,14,1,3126.6,1,1,3126.5,1,1,3126.4,2,1,3127.1,619,7,3127.2,30,1,3127.7,52,1,3127.8,77,2,3127.9,3,1
2031,2026-06-16 11:05:21+05:30,3127.0,3,3130.94,1429530,129237.0,201072.0,3163.0,3163.0,3108.0,3134.3,31876000,3447.7,2820.9,3839.9,2896.0,3127.0,36,3,3126.9,14,1,3126.6,1,1,3126.5,1,1,3126.4,2,1,3127.1,619,7,3127.2,30,1,3127.7,52,1,3127.8,77,2,3127.9,3,1
2031,2026-06-16 11:05:22+05:30,3127.0,7,3130.94,1429537,129225.0,201078.0,3163.0,3163.0,3108.0,3134.3,31876000,3447.7,2820.9,3839.9,2896.0,3127.0,29,3,3126.9,14,1,3126.6,1,1,3126.5,1,1,3126.4,2,1,3127.1,619,7,3127.2,30,1,3127.7,52,1,3127.8,77,2,3127.9,3,1
2031,2026-06-16 11:05:22+05:30,3127.0,7,3130.94,1429537,129225.0,201078.0,3163.0,3163.0,3108.0,3134.3,31876000,3447.7,2820.9,3839.9,2896.0,3127.0,29,3,3126.9,14,1,3126.6,1,1,3126.5,1,1,3126.4,2,1,3127.1,619,7,3127.2,30,1,3127.7,52,1,3127.8,77,2,3127.9,3,1
2031,2026-06-16 11:05:23+05:30,3127.1,119,3130.94,1429698,129248.0,200625.0,3163.0,3163.0,3108.0,3134.3,31876000,3447.7,2820.9,3839.9,2896.0,3127.0,28,3,3126.9,14,1,3126.6,1,1,3126.5,1,1,3126.4,19,2,3127.1,459,6,3127.2,30,1,3127.8,77,2,3127.9,3,1,3128.0,204,4
2031,2026-06-16 11:05:23+05:30,3127.1,119,3130.94,1429698,129248.0,200625.0,3163.0,3163.0,3108.0,3134.3,31876000,3447.7,2820.9,3839.9,2896.0,3127.0,28,3,3126.9,14,1,3126.6,1,1,3126.5,1,1,3126.4,19,2,3127.1,459,6,3127.2,30,1,3127.8,77,2,3127.9,3,1,3128.0,204,4
2031,2026-06-16 11:05:24+05:30,3127.0,7,3130.94,1429717,129208.0,200502.0,3163.0,3163.0,3108.0,3134.3,31876000,3447.7,2820.9,3839.9,2896.0,3127.0,13,2,3126.9,14,1,3126.6,1,1,3126.5,1,1,3126.4,19,2,3127.1,458,6,3127.2,30,1,3127.6,43,1,3127.8,34,1,3127.9,19,2
2031,2026-06-16 11:05:24+05:30,3127.0,7,3130.94,1429717,129208.0,200502.0,3163.0,3163.0,3108.0,3134.3,31876000,3447.7,2820.9,3839.9,2896.0,3127.0,13,2,3126.9,14,1,3126.6,1,1,3126.5,1,1,3126.4,19,2,3127.1,458,6,3127.2,30,1,3127.6,43,1,3127.8,34,1,3127.9,19,2
2031,2026-06-16 11:05:25+05:30,3126.9,19,3130.94,1429717,129208.0,200502.0,3163.0,3163.0,3108.0,3134.3,31876000,3447.7,2820.9,3839.9,2896.0,3127.0,13,2,3126.9,14,1,3126.6,1,1,3126.5,1,1,3126.4,19,2,3127.1,458,6,3127.2,30,1,3127.6,43,1,3127.8,34,1,3127.9,19,2
2031,2026-06-16 11:05:26+05:30,3126.9,19,3130.94,1429787,128957.0,200641.0,3163.0,3163.0,3108.0,3134.3,31876000,3447.7,2820.9,3839.9,2896.0,3127.0,5,1,3126.9,14,1,3126.6,1,1,3126.5,1,1,3126.4,19,2,3127.1,434,7,3127.2,30,1,3127.5,7,2,3127.6,65,2,3127.7,33,1
2031,2026-06-16 11:05:26+05:30,3127.0,2,3130.94,1429787,128957.0,200641.0,3163.0,3163.0,3108.0,3134.3,31876000,3447.7,2820.9,3839.9,2896.0,3127.0,5,1,3126.9,14,1,3126.6,1,1,3126.5,1,1,3126.4,19,2,3127.1,434,7,3127.2,30,1,3127.5,7,2,3127.6,65,2,3127.7,33,1
2031,2026-06-16 11:05:27+05:30,3127.0,2,3130.94,1429798,128994.0,201050.0,3163.0,3163.0,3108.0,3134.3,31876000,3447.7,2820.9,3839.9,2896.0,3127.0,3,1,3126.9,14,1,3126.6,1,1,3126.5,1,1,3126.4,2,1,3127.1,433,7,3127.2,30,1,3127.5,50,3,3127.6,55,2,3127.8,113,3
2031,2026-06-16 11:05:27+05:30,3127.0,1,3130.94,1429798,128994.0,201050.0,3163.0,3163.0,3108.0,3134.3,31876000,3447.7,2820.9,3839.9,2896.0,3127.0,3,1,3126.9,14,1,3126.6,1,1,3126.5,1,1,3126.4,2,1,3127.1,433,7,3127.2,30,1,3127.5,50,3,3127.6,55,2,3127.8,113,3
2031,2026-06-16 11:05:28+05:30,3127.0,1,3130.94,1429799,129200.0,199830.0,3163.0,3163.0,3108.0,3134.3,31876000,3447.7,2820.9,3839.9,2896.0,3127.0,3,2,3126.9,14,1,3126.6,1,1,3126.5,10,2,3126.4,36,3,3127.1,433,7,3127.2,30,1,3127.5,1,1,3127.6,43,1,3127.9,3,1
2031,2026-06-16 11:05:29+05:30,3126.0,72,3130.94,1430699,128439.0,201245.0,3163.0,3163.0,3108.0,3134.3,31876000,3447.7,2820.9,3839.9,2896.0,3126.1,48,4,3126.0,51,6,3125.9,44,2,3125.8,70,4,3125.7,65,4,3127.1,433,7,3127.2,30,1,3127.5,44,2,3127.6,21,1,3127.8,70,2
2031,2026-06-16 11:05:29+05:30,3127.0,1,3130.94,1430699,128439.0,201245.0,3163.0,3163.0,3108.0,3134.3,31876000,3447.7,2820.9,3839.9,2896.0,3126.1,48,4,3126.0,51,6,3125.9,44,2,3125.8,70,4,3125.7,65,4,3127.1,433,7,3127.2,30,1,3127.5,44,2,3127.6,21,1,3127.8,70,2
2031,2026-06-16 11:05:30+05:30,3127.0,11,3130.94,1430810,129445.0,201032.0,3163.0,3163.0,3108.0,3134.3,31876000,3447.7,2820.9,3839.9,2896.0,3127.0,8,2,3126.1,141,5,3126.0,104,6,3125.9,129,4,3125.8,122,5,3127.1,514,9,3127.2,30,1,3127.5,1,1,3127.7,95,2,3127.8,35,1
2031,2026-06-16 11:05:30+05:30,3127.1,1,3130.94,1430810,129445.0,201032.0,3163.0,3163.0,3108.0,3134.3,31876000,3447.7,2820.9,3839.9,2896.0,3127.0,8,2,3126.1,141,5,3126.0,104,6,3125.9,129,4,3125.8,122,5,3127.1,514,9,3127.2,30,1,3127.5,1,1,3127.7,95,2,3127.8,35,1
2031,2026-06-16 11:05:31+05:30,3127.0,2,3130.94,1430820,129262.0,200988.0,3163.0,3163.0,3108.0,3134.3,31876000,3447.7,2820.9,3839.9,2896.0,3127.0,3,2,3126.2,182,1,3126.1,104,5,3126.0,104,6,3125.9,39,2,3127.1,532,10,3127.2,30,1,3127.5,31,2,3127.6,19,1,3127.7,129,3
2031,2026-06-16 11:05:31+05:30,3127.0,2,3130.94,1430820,129262.0,200988.0,3163.0,3163.0,3108.0,3134.3,31876000,3447.7,2820.9,3839.9,2896.0,3127.0,3,2,3126.2,182,1,3126.1,104,5,3126.0,104,6,3125.9,39,2,3127.1,532,10,3127.2,30,1,3127.5,31,2,3127.6,19,1,3127.7,129,3
2031,2026-06-16 11:05:32+05:30,3127.0,8,3130.93,1430892,128528.0,200889.0,3163.0,3163.0,3108.0,3134.3,31876000,3447.7,2820.9,3839.9,2896.0,3127.0,12,2,3126.5,17,1,3126.2,34,2,3126.1,46,2,3126.0,64,8,3127.1,532,10,3127.2,30,1,3127.5,31,2,3127.7,95,2,3127.8,25,1
2031,2026-06-16 11:05:32+05:30,3127.1,1,3130.93,1430892,128528.0,200889.0,3163.0,3163.0,3108.0,3134.3,31876000,3447.7,2820.9,3839.9,2896.0,3127.0,12,2,3126.5,17,1,3126.2,34,2,3126.1,46,2,3126.0,64,8,3127.1,532,10,3127.2,30,1,3127.5,31,2,3127.7,95,2,3127.8,25,1
2031,2026-06-16 11:05:33+05:30,3127.0,8,3130.93,1430901,129230.0,200328.0,3163.0,3163.0,3108.0,3134.3,31876000,3447.7,2820.9,3839.9,2896.0,3127.0,4,2,3126.7,34,2,3126.4,29,2,3126.2,34,2,3126.1,46,2,3127.1,531,10,3127.2,30,1,3127.5,31,2,3127.7,95,2,3127.9,3,1
2031,2026-06-16 11:05:33+05:30,3127.0,8,3130.93,1430901,129230.0,200328.0,3163.0,3163.0,3108.0,3134.3,31876000,3447.7,2820.9,3839.9,2896.0,3127.0,4,2,3126.7,34,2,3126.4,29,2,3126.2,34,2,3126.1,46,2,3127.1,531,10,3127.2,30,1,3127.5,31,2,3127.7,95,2,3127.9,3,1
2031,2026-06-16 11:05:34+05:30,3127.0,1,3130.93,1430902,129214.0,200947.0,3163.0,3163.0,3108.0,3134.3,31876000,3447.7,2820.9,3839.9,2896.0,3127.0,5,4,3126.7,17,1,3126.4,29,2,3126.2,34,2,3126.1,26,1,3127.1,531,10,3127.2,30,1,3127.5,31,2,3127.7,95,2,3127.9,3,1
2031,2026-06-16 11:05:34+05:30,3127.0,1,3130.93,1430902,129214.0,200947.0,3163.0,3163.0,3108.0,3134.3,31876000,3447.7,2820.9,3839.9,2896.0,3127.0,5,4,3126.7,17,1,3126.4,29,2,3126.2,34,2,3126.1,26,1,3127.1,531,10,3127.2,30,1,3127.5,31,2,3127.7,95,2,3127.9,3,1
2031,2026-06-16 11:05:35+05:30,3127.0,1,3130.93,1430923,128945.0,201721.0,3163.0,3163.0,3108.0,3134.3,31876000,3447.7,2820.9,3839.9,2896.0,3127.0,22,4,3126.2,17,1,3126.1,26,1,3126.0,50,6,3125.9,39,2,3127.1,515,10,3127.2,30,1,3127.5,74,3,3127.6,19,1,3127.7,52,1
2031,2026-06-16 11:05:35+05:30,3127.0,1,3130.93,1430923,128945.0,201721.0,3163.0,3163.0,3108.0,3134.3,31876000,3447.7,2820.9,3839.9,2896.0,3127.0,22,4,3126.2,17,1,3126.1,26,1,3126.0,50,6,3125.9,39,2,3127.1,515,10,3127.2,30,1,3127.5,74,3,3127.6,19,1,3127.7,52,1
2031,2026-06-16 11:05:36+05:30,3127.0,1,3130.93,1430923,128945.0,201721.0,3163.0,3163.0,3108.0,3134.3,31876000,3447.7,2820.9,3839.9,2896.0,3127.0,22,4,3126.2,17,1,3126.1,26,1,3126.0,50,6,3125.9,39,2,3127.1,515,10,3127.2,30,1,3127.5,74,3,3127.6,19,1,3127.7,52,1
2031,2026-06-16 11:05:36+05:30,3126.0,4,3130.93,1431168,128397.0,201795.0,3163.0,3163.0,3108.0,3134.3,31876000,3447.7,2820.9,3839.9,2896.0,3126.0,150,9,3125.9,9,1,3125.8,44,3,3125.7,6,1,3125.6,53,3,3127.0,12,1,3127.1,514,10,3127.2,32,2,3127.4,49,1,3127.5,74,3
2031,2026-06-16 11:05:36+05:30,3127.0,3,3130.93,1431168,128397.0,201795.0,3163.0,3163.0,3108.0,3134.3,31876000,3447.7,2820.9,3839.9,2896.0,3126.0,150,9,3125.9,9,1,3125.8,44,3,3125.7,6,1,3125.6,53,3,3127.0,12,1,3127.1,514,10,3127.2,32,2,3127.4,49,1,3127.5,74,3
2031,2026-06-16 11:05:37+05:30,3127.0,3,3130.93,1431168,128397.0,201795.0,3163.0,3163.0,3108.0,3134.3,31876000,3447.7,2820.9,3839.9,2896.0,3126.0,150,9,3125.9,9,1,3125.8,44,3,3125.7,6,1,3125.6,53,3,3127.0,12,1,3127.1,514,10,3127.2,32,2,3127.4,49,1,3127.5,74,3
2031,2026-06-16 11:05:37+05:30,3127.0,28,3130.93,1431206,130092.0,200662.0,3163.0,3163.0,3108.0,3134.3,31876000,3447.7,2820.9,3839.9,2896.0,3127.0,857,2,3126.8,17,1,3126.7,17,1,3126.6,17,1,3126.5,30,2,3127.1,514,10,3127.2,30,1,3127.5,1,1,3127.7,43,1,3127.8,13,1
2031,2026-06-16 11:05:37+05:30,3127.0,28,3130.93,1431206,130092.0,200662.0,3163.0,3163.0,3108.0,3134.3,31876000,3447.7,2820.9,3839.9,2896.0,3127.0,857,2,3126.8,17,1,3126.7,17,1,3126.6,17,1,3126.5,30,2,3127.1,514,10,3127.2,30,1,3127.5,1,1,3127.7,43,1,3127.8,13,1
2031,2026-06-16 11:05:38+05:30,3127.0,2,3130.93,1431211,130140.0,200664.0,3163.0,3163.0,3108.0,3134.3,31876000,3447.7,2820.9,3839.9,2896.0,3127.0,872,4,3126.8,26,2,3126.6,24,2,3126.5,39,3,3126.4,75,3,3127.1,513,9,3127.2,30,1,3127.5,1,1,3127.7,43,1,3127.8,13,1
2031,2026-06-16 11:05:38+05:30,3127.0,2,3130.93,1431211,130140.0,200664.0,3163.0,3163.0,3108.0,3134.3,31876000,3447.7,2820.9,3839.9,2896.0,3127.0,872,4,3126.8,26,2,3126.6,24,2,3126.5,39,3,3126.4,75,3,3127.1,513,9,3127.2,30,1,3127.5,1,1,3127.7,43,1,3127.8,13,1
2031,2026-06-16 11:05:39+05:30,3127.0,2,3130.93,1431211,130140.0,200664.0,3163.0,3163.0,3108.0,3134.3,31876000,3447.7,2820.9,3839.9,2896.0,3127.0,872,4,3126.8,26,2,3126.6,24,2,3126.5,39,3,3126.4,75,3,3127.1,513,9,3127.2,30,1,3127.5,1,1,3127.7,43,1,3127.8,13,1
2031,2026-06-16 11:05:39+05:30,3127.1,17,3130.93,1431229,130159.0,198651.0,3163.0,3163.0,3108.0,3134.3,31876000,3447.7,2820.9,3839.9,2896.0,3127.0,852,2,3126.8,26,2,3126.6,24,2,3126.5,39,3,3126.4,75,3,3127.1,495,9,3127.2,30,1,3127.5,1,1,3127.7,43,1,3127.8,13,1
2031,2026-06-16 11:05:39+05:30,3127.1,17,3130.93,1431229,130159.0,198651.0,3163.0,3163.0,3108.0,3134.3,31876000,3447.7,2820.9,3839.9,2896.0,3127.0,852,2,3126.8,26,2,3126.6,24,2,3126.5,39,3,3126.4,75,3,3127.1,495,9,3127.2,30,1,3127.5,1,1,3127.7,43,1,3127.8,13,1
2031,2026-06-16 11:05:40+05:30,3127.0,7,3130.93,1431238,130225.0,200246.0,3163.0,3163.0,3108.0,3134.3,31876000,3447.7,2820.9,3839.9,2896.0,3127.0,978,4,3126.8,28,2,3126.6,75,4,3126.5,39,3,3126.4,75,3,3127.1,495,9,3127.2,30,1,3127.5,1,1,3127.7,43,1,3127.8,13,1
2031,2026-06-16 11:05:40+05:30,3127.0,7,3130.93,1431238,130225.0,200246.0,3163.0,3163.0,3108.0,3134.3,31876000,3447.7,2820.9,3839.9,2896.0,3127.0,978,4,3126.8,28,2,3126.6,75,4,3126.5,39,3,3126.4,75,3,3127.1,495,9,3127.2,30,1,3127.5,1,1,3127.7,43,1,3127.8,13,1
2031,2026-06-16 11:05:41+05:30,3127.0,7,3130.93,1431238,130225.0,200246.0,3163.0,3163.0,3108.0,3134.3,31876000,3447.7,2820.9,3839.9,2896.0,3127.0,978,4,3126.8,28,2,3126.6,75,4,3126.5,39,3,3126.4,75,3,3127.1,495,9,3127.2,30,1,3127.5,1,1,3127.7,43,1,3127.8,13,1
2031,2026-06-16 11:05:41+05:30,3127.1,1,3130.93,1431262,130328.0,199671.0,3163.0,3163.0,3108.0,3134.3,31876000,3447.7,2820.9,3839.9,2896.0,3127.0,1058,6,3126.8,28,2,3126.6,75,4,3126.5,39,3,3126.4,75,3,3127.1,494,9,3127.2,30,1,3127.5,1,1,3127.7,43,1,3128.0,170,3
2031,2026-06-16 11:05:41+05:30,3127.0,25,3130.93,1431262,130328.0,199671.0,3163.0,3163.0,3108.0,3134.3,31876000,3447.7,2820.9,3839.9,2896.0,3127.0,1058,6,3126.8,28,2,3126.6,75,4,3126.5,39,3,3126.4,75,3,3127.1,494,9,3127.2,30,1,3127.5,1,1,3127.7,43,1,3128.0,170,3
2031,2026-06-16 11:05:42+05:30,3127.0,200,3130.93,1431262,130328.0,199671.0,3163.0,3163.0,3108.0,3134.3,31876000,3447.7,2820.9,3839.9,2896.0,3127.0,1058,6,3126.8,28,2,3126.6,75,4,3126.5,39,3,3126.4,75,3,3127.1,494,9,3127.2,30,1,3127.5,1,1,3127.7,43,1,3128.0,170,3
2031,2026-06-16 11:05:43+05:30,3127.0,200,3130.93,1431491,130219.0,200072.0,3163.0,3163.0,3108.0,3134.3,31876000,3447.7,2820.9,3839.9,2896.0,3127.0,829,6,3126.8,33,3,3126.6,43,3,3126.5,57,3,3126.4,27,2,3127.1,494,9,3127.2,30,1,3127.5,1,1,3127.7,43,1,3128.0,170,3
2031,2026-06-16 11:05:43+05:30,3127.0,200,3130.93,1431491,130219.0,200072.0,3163.0,3163.0,3108.0,3134.3,31876000,3447.7,2820.9,3839.9,2896.0,3127.0,829,6,3126.8,33,3,3126.6,43,3,3126.5,57,3,3126.4,27,2,3127.1,494,9,3127.2,30,1,3127.5,1,1,3127.7,43,1,3128.0,170,3
2031,2026-06-16 11:05:43+05:30,3127.1,3,3130.93,1431491,130219.0,200072.0,3163.0,3163.0,3108.0,3134.3,31876000,3447.7,2820.9,3839.9,2896.0,3127.0,829,6,3126.8,33,3,3126.6,43,3,3126.5,57,3,3126.4,27,2,3127.1,494,9,3127.2,30,1,3127.5,1,1,3127.7,43,1,3128.0,170,3
2031,2026-06-16 11:05:44+05:30,3127.1,3,3130.93,1431840,130130.0,199780.0,3163.0,3163.0,3108.0,3134.3,31876000,3447.7,2820.9,3839.9,2896.0,3127.0,810,8,3126.9,3,1,3126.8,38,4,3126.7,63,2,3126.6,43,3,3127.1,167,7,3127.2,30,1,3127.5,1,1,3127.7,43,1,3128.0,170,3
2031,2026-06-16 11:05:44+05:30,3127.1,3,3130.93,1431840,130130.0,199780.0,3163.0,3163.0,3108.0,3134.3,31876000,3447.7,2820.9,3839.9,2896.0,3127.0,810,8,3126.9,3,1,3126.8,38,4,3126.7,63,2,3126.6,43,3,3127.1,167,7,3127.2,30,1,3127.5,1,1,3127.7,43,1,3128.0,170,3
2031,2026-06-16 11:05:44+05:30,3127.0,38,3130.93,1431840,130130.0,199780.0,3163.0,3163.0,3108.0,3134.3,31876000,3447.7,2820.9,3839.9,2896.0,3127.0,810,8,3126.9,3,1,3126.8,38,4,3126.7,63,2,3126.6,43,3,3127.1,167,7,3127.2,30,1,3127.5,1,1,3127.7,43,1,3128.0,170,3
2031,2026-06-16 11:05:45+05:30,3127.1,2,3130.93,1431893,130245.0,199761.0,3163.0,3163.0,3108.0,3134.3,31876000,3447.7,2820.9,3839.9,2896.0,3127.0,773,9,3126.9,3,1,3126.8,38,4,3126.7,63,2,3126.6,43,3,3127.1,154,7,3127.2,30,1,3127.5,1,1,3127.7,43,1,3128.0,170,3
2031,2026-06-16 11:05:45+05:30,3127.2,29,3130.93,1431893,130245.0,199761.0,3163.0,3163.0,3108.0,3134.3,31876000,3447.7,2820.9,3839.9,2896.0,3127.0,773,9,3126.9,3,1,3126.8,38,4,3126.7,63,2,3126.6,43,3,3127.1,154,7,3127.2,30,1,3127.5,1,1,3127.7,43,1,3128.0,170,3
2031,2026-06-16 11:05:46+05:30,3127.2,29,3130.93,1431893,130245.0,199761.0,3163.0,3163.0,3108.0,3134.3,31876000,3447.7,2820.9,3839.9,2896.0,3127.0,773,9,3126.9,3,1,3126.8,38,4,3126.7,63,2,3126.6,43,3,3127.1,154,7,3127.2,30,1,3127.5,1,1,3127.7,43,1,3128.0,170,3
2031,2026-06-16 11:05:46+05:30,3127.0,32,3130.93,1432130,130545.0,199600.0,3163.0,3163.0,3108.0,3134.3,31876000,3447.7,2820.9,3839.9,2896.0,3127.0,750,9,3126.9,3,1,3126.8,38,4,3126.7,34,2,3126.6,43,3,3127.2,31,1,3127.5,1,1,3127.7,43,1,3128.0,150,2,3128.2,21,1
2031,2026-06-16 11:05:46+05:30,3127.0,32,3130.93,1432130,130545.0,199600.0,3163.0,3163.0,3108.0,3134.3,31876000,3447.7,2820.9,3839.9,2896.0,3127.0,750,9,3126.9,3,1,3126.8,38,4,3126.7,34,2,3126.6,43,3,3127.2,31,1,3127.5,1,1,3127.7,43,1,3128.0,150,2,3128.2,21,1
2031,2026-06-16 11:05:46+05:30,3127.1,1,3130.93,1432130,130545.0,199600.0,3163.0,3163.0,3108.0,3134.3,31876000,3447.7,2820.9,3839.9,2896.0,3127.0,750,9,3126.9,3,1,3126.8,38,4,3126.7,34,2,3126.6,43,3,3127.2,31,1,3127.5,1,1,3127.7,43,1,3128.0,150,2,3128.2,21,1
2031,2026-06-16 11:05:47+05:30,3127.1,1,3130.93,1432131,130501.0,197631.0,3163.0,3163.0,3108.0,3134.3,31876000,3447.7,2820.9,3839.9,2896.0,3127.0,748,8,3126.9,3,1,3126.8,59,5,3126.7,8,1,3126.6,43,3,3127.1,25,1,3127.2,31,1,3127.5,1,1,3127.7,43,1,3128.0,150,2
2031,2026-06-16 11:05:47+05:30,3127.1,1,3130.93,1432131,130501.0,197631.0,3163.0,3163.0,3108.0,3134.3,31876000,3447.7,2820.9,3839.9,2896.0,3127.0,748,8,3126.9,3,1,3126.8,59,5,3126.7,8,1,3126.6,43,3,3127.1,25,1,3127.2,31,1,3127.5,1,1,3127.7,43,1,3128.0,150,2
2031,2026-06-16 11:05:47+05:30,3127.1,25,3130.93,1432131,130501.0,197631.0,3163.0,3163.0,3108.0,3134.3,31876000,3447.7,2820.9,3839.9,2896.0,3127.0,748,8,3126.9,3,1,3126.8,59,5,3126.7,8,1,3126.6,43,3,3127.1,25,1,3127.2,31,1,3127.5,1,1,3127.7,43,1,3128.0,150,2
2031,2026-06-16 11:05:48+05:30,3127.1,25,3130.93,1432156,130509.0,199448.0,3163.0,3163.0,3108.0,3134.3,31876000,3447.7,2820.9,3839.9,2896.0,3127.0,749,8,3126.9,3,1,3126.8,59,5,3126.7,16,2,3126.6,43,3,3127.1,3,1,3127.2,65,2,3127.5,1,1,3127.7,43,1,3128.0,150,2
2031,2026-06-16 11:05:48+05:30,3127.1,25,3130.93,1432156,130509.0,199448.0,3163.0,3163.0,3108.0,3134.3,31876000,3447.7,2820.9,3839.9,2896.0,3127.0,749,8,3126.9,3,1,3126.8,59,5,3126.7,16,2,3126.6,43,3,3127.1,3,1,3127.2,65,2,3127.5,1,1,3127.7,43,1,3128.0,150,2
2031,2026-06-16 11:05:48+05:30,3127.2,14,3130.93,1432156,130509.0,199448.0,3163.0,3163.0,3108.0,3134.3,31876000,3447.7,2820.9,3839.9,2896.0,3127.0,749,8,3126.9,3,1,3126.8,59,5,3126.7,16,2,3126.6,43,3,3127.1,3,1,3127.2,65,2,3127.5,1,1,3127.7,43,1,3128.0,150,2
2031,2026-06-16 11:05:49+05:30,3127.2,14,3130.93,1432156,130509.0,199448.0,3163.0,3163.0,3108.0,3134.3,31876000,3447.7,2820.9,3839.9,2896.0,3127.0,749,8,3126.9,3,1,3126.8,59,5,3126.7,16,2,3126.6,43,3,3127.1,3,1,3127.2,65,2,3127.5,1,1,3127.7,43,1,3128.0,150,2
2031,2026-06-16 11:05:49+05:30,3127.2,14,3130.93,1432173,130506.0,199431.0,3163.0,3163.0,3108.0,3134.3,31876000,3447.7,2820.9,3839.9,2896.0,3127.1,16,1,3127.0,731,7,3126.9,3,1,3126.8,59,5,3126.7,11,2,3127.2,51,2,3127.5,1,1,3127.7,43,1,3128.0,150,2,3128.2,21,1
2031,2026-06-16 11:05:49+05:30,3127.2,14,3130.93,1432173,130506.0,199431.0,3163.0,3163.0,3108.0,3134.3,31876000,3447.7,2820.9,3839.9,2896.0,3127.1,16,1,3127.0,731,7,3126.9,3,1,3126.8,59,5,3126.7,11,2,3127.2,51,2,3127.5,1,1,3127.7,43,1,3128.0,150,2,3128.2,21,1
2031,2026-06-16 11:05:50+05:30,3127.2,14,3130.93,1432173,130506.0,199431.0,3163.0,3163.0,3108.0,3134.3,31876000,3447.7,2820.9,3839.9,2896.0,3127.1,16,1,3127.0,731,7,3126.9,3,1,3126.8,59,5,3126.7,11,2,3127.2,51,2,3127.5,1,1,3127.7,43,1,3128.0,150,2,3128.2,21,1
2031,2026-06-16 11:05:50+05:30,3127.2,14,3130.93,1432241,130863.0,199913.0,3163.0,3163.0,3108.0,3134.3,31876000,3447.7,2820.9,3839.9,2896.0,3127.0,750,8,3126.9,5,1,3126.8,38,4,3126.7,37,3,3126.6,107,4,3127.4,8,1,3127.5,1,1,3127.7,43,1,3128.0,150,2,3128.3,65,2
2031,2026-06-16 11:05:50+05:30,3127.2,14,3130.93,1432241,130863.0,199913.0,3163.0,3163.0,3108.0,3134.3,31876000,3447.7,2820.9,3839.9,2896.0,3127.0,750,8,3126.9,5,1,3126.8,38,4,3126.7,37,3,3126.6,107,4,3127.4,8,1,3127.5,1,1,3127.7,43,1,3128.0,150,2,3128.3,65,2
2031,2026-06-16 11:05:51+05:30,3127.2,14,3130.93,1432241,131204.0,200641.0,3163.0,3163.0,3108.0,3134.3,31876000,3447.7,2820.9,3839.9,2896.0,3127.3,13,1,3127.2,153,4,3127.1,10,2,3127.0,771,9,3126.9,31,2,3127.4,8,1,3127.5,1,1,3127.7,43,1,3128.0,150,2,3128.3,13,1
2031,2026-06-16 11:05:51+05:30,3127.2,14,3130.93,1432241,131204.0,200641.0,3163.0,3163.0,3108.0,3134.3,31876000,3447.7,2820.9,3839.9,2896.0,3127.3,13,1,3127.2,153,4,3127.1,10,2,3127.0,771,9,3126.9,31,2,3127.4,8,1,3127.5,1,1,3127.7,43,1,3128.0,150,2,3128.3,13,1
2031,2026-06-16 11:05:51+05:30,3127.4,1,3130.93,1432241,131204.0,200641.0,3163.0,3163.0,3108.0,3134.3,31876000,3447.7,2820.9,3839.9,2896.0,3127.3,13,1,3127.2,153,4,3127.1,10,2,3127.0,771,9,3126.9,31,2,3127.4,8,1,3127.5,1,1,3127.7,43,1,3128.0,150,2,3128.3,13,1
2031,2026-06-16 11:05:52+05:30,3127.4,1,3130.93,1432241,131204.0,200641.0,3163.0,3163.0,3108.0,3134.3,31876000,3447.7,2820.9,3839.9,2896.0,3127.3,13,1,3127.2,153,4,3127.1,10,2,3127.0,771,9,3126.9,31,2,3127.4,8,1,3127.5,1,1,3127.7,43,1,3128.0,150,2,3128.3,13,1
2031,2026-06-16 11:05:52+05:30,3127.4,1,3130.93,1432243,131218.0,200570.0,3163.0,3163.0,3108.0,3134.3,31876000,3447.7,2820.9,3839.9,2896.0,3127.3,13,1,3127.2,156,5,3127.1,27,3,3127.0,752,8,3126.9,56,3,3127.4,7,2,3127.5,1,1,3127.7,43,1,3128.0,150,2,3128.3,13,1
2031,2026-06-16 11:05:52+05:30,3127.7,2,3130.93,1432243,131218.0,200570.0,3163.0,3163.0,3108.0,3134.3,31876000,3447.7,2820.9,3839.9,2896.0,3127.3,13,1,3127.2,156,5,3127.1,27,3,3127.0,752,8,3126.9,56,3,3127.4,7,2,3127.5,1,1,3127.7,43,1,3128.0,150,2,3128.3,13,1
2031,2026-06-16 11:05:53+05:30,3127.7,2,3130.93,1432243,131218.0,200570.0,3163.0,3163.0,3108.0,3134.3,31876000,3447.7,2820.9,3839.9,2896.0,3127.3,13,1,3127.2,156,5,3127.1,27,3,3127.0,752,8,3126.9,56,3,3127.4,7,2,3127.5,1,1,3127.7,43,1,3128.0,150,2,3128.3,13,1
2031,2026-06-16 11:05:53+05:30,3127.7,16,3130.93,1432270,131245.0,200646.0,3163.0,3163.0,3108.0,3134.3,31876000,3447.7,2820.9,3839.9,2896.0,3127.3,69,3,3127.2,115,2,3127.1,17,1,3127.0,752,8,3126.9,31,2,3127.7,25,1,3128.0,150,2,3128.3,13,1,3128.4,197,2,3128.5,301,3
2031,2026-06-16 11:05:53+05:30,3127.7,16,3130.93,1432270,131245.0,200646.0,3163.0,3163.0,3108.0,3134.3,31876000,3447.7,2820.9,3839.9,2896.0,3127.3,69,3,3127.2,115,2,3127.1,17,1,3127.0,752,8,3126.9,31,2,3127.7,25,1,3128.0,150,2,3128.3,13,1,3128.4,197,2,3128.5,301,3
2031,2026-06-16 11:05:54+05:30,3127.7,16,3130.93,1432270,131245.0,200646.0,3163.0,3163.0,3108.0,3134.3,31879000,3447.7,2820.9,3839.9,2896.0,3127.3,69,3,3127.2,115,2,3127.1,17,1,3127.0,752,8,3126.9,31,2,3127.7,25,1,3128.0,150,2,3128.3,13,1,3128.4,197,2,3128.5,301,3
2031,2026-06-16 11:05:54+05:30,3127.7,1,3130.93,1432273,131125.0,200380.0,3163.0,3163.0,3108.0,3134.3,31879000,3447.7,2820.9,3839.9,2896.0,3127.6,16,1,3127.3,69,3,3127.2,102,1,3127.0,752,8,3126.9,31,2,3127.7,41,2,3128.0,150,2,3128.3,13,1,3128.4,176,1,3128.5,252,2
2031,2026-06-16 11:05:54+05:30,3127.7,1,3130.93,1432273,131125.0,200380.0,3163.0,3163.0,3108.0,3134.3,31879000,3447.7,2820.9,3839.9,2896.0,3127.6,16,1,3127.3,69,3,3127.2,102,1,3127.0,752,8,3126.9,31,2,3127.7,41,2,3128.0,150,2,3128.3,13,1,3128.4,176,1,3128.5,252,2
2031,2026-06-16 11:05:55+05:30,3127.7,17,3130.93,1432315,131624.0,199946.0,3163.0,3163.0,3108.0,3134.3,31879000,3447.7,2820.9,3839.9,2896.0,3127.7,19,1,3127.6,55,2,3127.4,19,1,3127.3,55,2,3127.2,120,2,3128.0,150,2,3128.4,176,1,3128.5,252,2,3128.6,52,2,3128.7,11,1
2031,2026-06-16 11:05:55+05:30,3127.7,15,3130.93,1432315,131624.0,199946.0,3163.0,3163.0,3108.0,3134.3,31879000,3447.7,2820.9,3839.9,2896.0,3127.7,19,1,3127.6,55,2,3127.4,19,1,3127.3,55,2,3127.2,120,2,3128.0,150,2,3128.4,176,1,3128.5,252,2,3128.6,52,2,3128.7,11,1
2031,2026-06-16 11:05:56+05:30,3127.7,9,3130.93,1432339,131266.0,200632.0,3163.0,3163.0,3108.0,3134.3,31879000,3447.7,2820.9,3839.9,2896.0,3127.8,18,1,3127.6,41,1,3127.3,41,1,3127.2,102,1,3127.0,613,5,3127.9,5,1,3128.0,693,5,3128.3,57,2,3128.4,176,1,3128.5,277,3
2031,2026-06-16 11:05:56+05:30,3127.6,36,3130.93,1432339,131266.0,200632.0,3163.0,3163.0,3108.0,3134.3,31879000,3447.7,2820.9,3839.9,2896.0,3127.8,18,1,3127.6,41,1,3127.3,41,1,3127.2,102,1,3127.0,613,5,3127.9,5,1,3128.0,693,5,3128.3,57,2,3128.4,176,1,3128.5,277,3
2031,2026-06-16 11:05:57+05:30,3127.6,1,3130.93,1432602,131043.0,199444.0,3163.0,3163.0,3108.0,3134.3,31879000,3447.7,2820.9,3839.9,2896.0,3127.3,73,3,3127.2,121,2,3127.1,8,1,3127.0,649,7,3126.9,41,2,3127.5,30,1,3127.6,142,1,3128.0,658,4,3128.4,22,1,3128.5,52,1
2031,2026-06-16 11:05:57+05:30,3127.5,30,3130.93,1432602,131043.0,199444.0,3163.0,3163.0,3108.0,3134.3,31879000,3447.7,2820.9,3839.9,2896.0,3127.3,73,3,3127.2,121,2,3127.1,8,1,3127.0,649,7,3126.9,41,2,3127.5,30,1,3127.6,142,1,3128.0,658,4,3128.4,22,1,3128.5,52,1
2031,2026-06-16 11:05:58+05:30,3127.5,30,3130.93,1432632,130889.0,199503.0,3163.0,3163.0,3108.0,3134.3,31879000,3447.7,2820.9,3839.9,2896.0,3127.3,73,3,3127.2,140,3,3127.0,649,7,3126.9,41,2,3126.8,123,6,3127.5,4,1,3127.6,142,1,3128.0,650,3,3128.4,22,1,3128.6,72,2
2031,2026-06-16 11:05:58+05:30,3127.5,1,3130.93,1432632,130889.0,199503.0,3163.0,3163.0,3108.0,3134.3,31879000,3447.7,2820.9,3839.9,2896.0,3127.3,73,3,3127.2,140,3,3127.0,649,7,3126.9,41,2,3126.8,123,6,3127.5,4,1,3127.6,142,1,3128.0,650,3,3128.4,22,1,3128.6,72,2
2031,2026-06-16 11:05:59+05:30,3127.6,13,3130.93,1432651,130877.0,199480.0,3163.0,3163.0,3108.0,3134.3,31879000,3447.7,2820.9,3839.9,2896.0,3127.3,59,2,3127.2,102,1,3127.0,625,6,3126.9,41,2,3126.8,143,6,3127.6,129,1,3128.0,650,3,3128.4,22,1,3128.6,72,2,3128.7,11,1
2031,2026-06-16 11:05:59+05:30,3127.3,10,3130.93,1432651,130877.0,199480.0,3163.0,3163.0,3108.0,3134.3,31879000,3447.7,2820.9,3839.9,2896.0,3127.3,59,2,3127.2,102,1,3127.0,625,6,3126.9,41,2,3126.8,143,6,3127.6,129,1,3128.0,650,3,3128.4,22,1,3128.6,72,2,3128.7,11,1
2031,2026-06-16 11:06:00+05:30,3127.3,3,3130.93,1432668,130946.0,200035.0,3163.0,3163.0,3108.0,3134.3,31879000,3447.7,2820.9,3839.9,2896.0,3127.3,75,5,3127.2,102,1,3127.0,625,6,3126.9,41,2,3126.8,54,4,3127.6,136,3,3128.0,650,3,3128.4,74,2,3128.6,72,2,3128.7,11,1
2031,2026-06-16 11:06:00+05:30,3127.3,3,3130.93,1432668,130946.0,200035.0,3163.0,3163.0,3108.0,3134.3,31879000,3447.7,2820.9,3839.9,2896.0,3127.3,75,5,3127.2,102,1,3127.0,625,6,3126.9,41,2,3126.8,54,4,3127.6,136,3,3128.0,650,3,3128.4,74,2,3128.6,72,2,3128.7,11,1
2031,2026-06-16 11:06:01+05:30,3127.3,3,3130.93,1432668,130744.0,199976.0,3163.0,3163.0,3108.0,3134.3,31879000,3447.7,2820.9,3839.9,2896.0,3127.3,47,3,3127.1,19,1,3127.0,587,4,3126.9,41,2,3126.8,33,3,3127.4,1,1,3127.5,1,1,3127.6,136,3,3128.0,650,3,3128.4,74,2
2031,2026-06-16 11:06:01+05:30,3127.5,3,3130.93,1432668,130744.0,199976.0,3163.0,3163.0,3108.0,3134.3,31879000,3447.7,2820.9,3839.9,2896.0,3127.3,47,3,3127.1,19,1,3127.0,587,4,3126.9,41,2,3126.8,33,3,3127.4,1,1,3127.5,1,1,3127.6,136,3,3128.0,650,3,3128.4,74,2
2031,2026-06-16 11:06:02+05:30,3127.5,3,3130.93,1432672,130795.0,199986.0,3163.0,3163.0,3108.0,3134.3,31879000,3447.7,2820.9,3839.9,2896.0,3127.5,13,1,3127.3,29,2,3127.0,577,3,3126.9,5,1,3126.8,33,3,3127.6,142,4,3128.0,650,3,3128.4,74,2,3128.6,72,2,3128.7,88,3
2031,2026-06-16 11:06:02+05:30,3127.6,4,3130.93,1432672,130795.0,199986.0,3163.0,3163.0,3108.0,3134.3,31879000,3447.7,2820.9,3839.9,2896.0,3127.5,13,1,3127.3,29,2,3127.0,577,3,3126.9,5,1,3126.8,33,3,3127.6,142,4,3128.0,650,3,3128.4,74,2,3128.6,72,2,3128.7,88,3
2031,2026-06-16 11:06:03+05:30,3127.6,36,3130.93,1432845,130614.0,199861.0,3163.0,3163.0,3108.0,3134.3,31879000,3447.7,2820.9,3839.9,2896.0,3127.5,67,1,3127.3,29,2,3127.1,19,1,3127.0,577,3,3126.9,19,1,3127.6,45,2,3128.0,650,3,3128.4,133,4,3128.6,100,3,3128.7,60,2
2031,2026-06-16 11:06:03+05:30,3127.6,36,3130.93,1432845,130614.0,199861.0,3163.0,3163.0,3108.0,3134.3,31879000,3447.7,2820.9,3839.9,2896.0,3127.5,67,1,3127.3,29,2,3127.1,19,1,3127.0,577,3,3126.9,19,1,3127.6,45,2,3128.0,650,3,3128.4,133,4,3128.6,100,3,3128.7,60,2
2031,2026-06-16 11:06:04+05:30,3127.5,18,3130.93,1432863,130980.0,199666.0,3163.0,3163.0,3108.0,3134.3,31879000,3447.7,2820.9,3839.9,2896.0,3127.5,49,1,3127.3,86,5,3127.1,13,2,3127.0,615,5,3126.9,73,2,3127.6,45,2,3128.0,650,3,3128.4,74,2,3128.6,100,3,3128.7,11,1
2031,2026-06-16 11:06:04+05:30,3127.5,18,3130.93,1432863,130980.0,199666.0,3163.0,3163.0,3108.0,3134.3,31879000,3447.7,2820.9,3839.9,2896.0,3127.5,49,1,3127.3,86,5,3127.1,13,2,3127.0,615,5,3126.9,73,2,3127.6,45,2,3128.0,650,3,3128.4,74,2,3128.6,100,3,3128.7,11,1
2031,2026-06-16 11:06:05+05:30,3127.6,19,3130.93,1432890,131046.0,200088.0,3163.0,3163.0,3108.0,3134.3,31879000,3447.7,2820.9,3839.9,2896.0,3127.5,47,1,3127.4,17,1,3127.3,67,4,3127.2,16,1,3127.0,615,5,3127.6,51,3,3128.0,650,3,3128.4,22,1,3128.6,100,3,3128.7,11,1
2031,2026-06-16 11:06:05+05:30,3127.6,19,3130.93,1432890,131046.0,200088.0,3163.0,3163.0,3108.0,3134.3,31879000,3447.7,2820.9,3839.9,2896.0,3127.5,47,1,3127.4,17,1,3127.3,67,4,3127.2,16,1,3127.0,615,5,3127.6,51,3,3128.0,650,3,3128.4,22,1,3128.6,100,3,3128.7,11,1
2031,2026-06-16 11:06:06+05:30,3127.5,17,3130.93,1432954,130642.0,200228.0,3163.0,3163.0,3108.0,3134.3,31879000,3447.7,2820.9,3839.9,2896.0,3127.4,17,1,3127.3,29,2,3127.2,16,1,3127.1,19,1,3127.0,596,4,3127.5,139,1,3127.6,51,3,3128.0,650,3,3128.4,74,2,3128.6,100,3
2031,2026-06-16 11:06:06+05:30,3127.5,17,3130.93,1432954,130642.0,200228.0,3163.0,3163.0,3108.0,3134.3,31879000,3447.7,2820.9,3839.9,2896.0,3127.4,17,1,3127.3,29,2,3127.2,16,1,3127.1,19,1,3127.0,596,4,3127.5,139,1,3127.6,51,3,3128.0,650,3,3128.4,74,2,3128.6,100,3
2031,2026-06-16 11:06:07+05:30,3127.5,1,3130.93,1432964,130743.0,199748.0,3163.0,3163.0,3108.0,3134.3,31879000,3447.7,2820.9,3839.9,2896.0,3127.4,10,1,3127.3,29,2,3127.2,53,3,3127.0,615,5,3126.8,52,3,3127.5,161,2,3127.6,26,2,3128.0,650,3,3128.4,74,2,3128.6,100,3
2031,2026-06-16 11:06:07+05:30,3127.5,1,3130.93,1432964,130743.0,199748.0,3163.0,3163.0,3108.0,3134.3,31879000,3447.7,2820.9,3839.9,2896.0,3127.4,10,1,3127.3,29,2,3127.2,53,3,3127.0,615,5,3126.8,52,3,3127.5,161,2,3127.6,26,2,3128.0,650,3,3128.4,74,2,3128.6,100,3
2031,2026-06-16 11:06:08+05:30,3127.4,1,3130.93,1432965,130611.0,199817.0,3163.0,3163.0,3108.0,3134.3,31879000,3447.7,2820.9,3839.9,2896.0,3127.4,9,1,3127.3,29,2,3127.2,16,1,3127.0,577,3,3126.9,19,1,3127.5,161,2,3127.6,26,2,3128.0,650,3,3128.4,74,2,3128.6,100,3
2031,2026-06-16 11:06:08+05:30,3127.4,1,3130.93,1432965,130611.0,199817.0,3163.0,3163.0,3108.0,3134.3,31879000,3447.7,2820.9,3839.9,2896.0,3127.4,9,1,3127.3,29,2,3127.2,16,1,3127.0,577,3,3126.9,19,1,3127.5,161,2,3127.6,26,2,3128.0,650,3,3128.4,74,2,3128.6,100,3
2031,2026-06-16 11:06:09+05:30,3127.5,25,3130.93,1433126,130724.0,199801.0,3163.0,3163.0,3108.0,3134.3,31879000,3447.7,2820.9,3839.9,2896.0,3127.3,29,2,3127.2,53,3,3127.0,614,5,3126.8,136,5,3126.7,79,3,3127.6,26,2,3128.0,650,3,3128.4,74,2,3128.6,100,3,3128.7,29,2
2031,2026-06-16 11:06:09+05:30,3127.5,25,3130.93,1433126,130724.0,199801.0,3163.0,3163.0,3108.0,3134.3,31879000,3447.7,2820.9,3839.9,2896.0,3127.3,29,2,3127.2,53,3,3127.0,614,5,3126.8,136,5,3126.7,79,3,3127.6,26,2,3128.0,650,3,3128.4,74,2,3128.6,100,3,3128.7,29,2
2031,2026-06-16 11:06:10+05:30,3128.0,6,3130.93,1434179,131959.0,198392.0,3163.0,3163.0,3108.0,3134.3,31879000,3447.7,2820.9,3839.9,2896.0,3128.0,40,4,3127.8,53,3,3127.7,19,1,3127.6,112,4,3127.5,57,5,3128.8,2,1,3129.0,29,3,3129.1,176,1,3129.3,200,1,3129.4,84,3
2031,2026-06-16 11:06:10+05:30,3130.0,26,3130.93,1434179,131959.0,198392.0,3163.0,3163.0,3108.0,3134.3,31879000,3447.7,2820.9,3839.9,2896.0,3128.0,40,4,3127.8,53,3,3127.7,19,1,3127.6,112,4,3127.5,57,5,3128.8,2,1,3129.0,29,3,3129.1,176,1,3129.3,200,1,3129.4,84,3
2031,2026-06-16 11:06:11+05:30,3129.9,1,3130.92,1437577,132918.0,195735.0,3163.0,3163.0,3108.0,3134.3,31879000,3447.7,2820.9,3839.9,2896.0,3129.0,8,1,3128.9,39,3,3128.8,8,1,3128.7,7,1,3128.6,7,1,3129.9,391,1,3130.0,161,4,3130.1,1,1,3130.2,164,5,3130.3,108,3
2031,2026-06-16 11:06:11+05:30,3130.0,105,3130.92,1437577,132918.0,195735.0,3163.0,3163.0,3108.0,3134.3,31879000,3447.7,2820.9,3839.9,2896.0,3129.0,8,1,3128.9,39,3,3128.8,8,1,3128.7,7,1,3128.6,7,1,3129.9,391,1,3130.0,161,4,3130.1,1,1,3130.2,164,5,3130.3,108,3
2031,2026-06-16 11:06:12+05:30,3128.9,15,3130.92,1440161,132634.0,195867.0,3163.0,3163.0,3108.0,3134.3,31879000,3447.7,2820.9,3839.9,2896.0,3128.9,32,2,3128.3,115,2,3128.1,72,2,3128.0,27,3,3127.9,198,2,3129.9,79,6,3130.0,138,3,3130.1,52,3,3130.2,318,5,3130.3,123,3
2031,2026-06-16 11:06:12+05:30,3130.0,35,3130.92,1440161,132634.0,195867.0,3163.0,3163.0,3108.0,3134.3,31879000,3447.7,2820.9,3839.9,2896.0,3128.9,32,2,3128.3,115,2,3128.1,72,2,3128.0,27,3,3127.9,198,2,3129.9,79,6,3130.0,138,3,3130.1,52,3,3130.2,318,5,3130.3,123,3
2031,2026-06-16 11:06:13+05:30,3130.0,64,3130.92,1441059,133685.0,194900.0,3163.0,3163.0,3108.0,3134.3,31879000,3447.7,2820.9,3839.9,2896.0,3129.4,112,1,3128.9,84,3,3128.8,49,1,3128.7,108,4,3128.6,253,3,3130.0,9,1,3130.1,1,1,3130.3,79,2,3130.4,3,1,3130.5,35,1
2031,2026-06-16 11:06:13+05:30,3130.0,9,3130.92,1441059,133685.0,194900.0,3163.0,3163.0,3108.0,3134.3,31879000,3447.7,2820.9,3839.9,2896.0,3129.4,112,1,3128.9,84,3,3128.8,49,1,3128.7,108,4,3128.6,253,3,3130.0,9,1,3130.1,1,1,3130.3,79,2,3130.4,3,1,3130.5,35,1
2031,2026-06-16 11:06:14+05:30,3130.0,25,3130.92,1441059,133685.0,194900.0,3163.0,3163.0,3108.0,3134.3,31879000,3447.7,2820.9,3839.9,2896.0,3129.4,112,1,3128.9,84,3,3128.8,49,1,3128.7,108,4,3128.6,253,3,3130.0,9,1,3130.1,1,1,3130.3,79,2,3130.4,3,1,3130.5,35,1
2031,2026-06-16 11:06:14+05:30,3130.0,25,3130.92,1441328,133996.0,194825.0,3163.0,3163.0,3108.0,3134.3,31879000,3447.7,2820.9,3839.9,2896.0,3129.4,102,1,3129.1,51,3,3129.0,39,2,3128.9,84,3,3128.8,332,4,3130.0,23,1,3130.1,1,1,3130.3,50,1,3130.4,3,1,3130.6,258,3
2031,2026-06-16 11:06:15+05:30,3130.0,73,3130.92,1441328,133996.0,194825.0,3163.0,3163.0,3108.0,3134.3,31879000,3447.7,2820.9,3839.9,2896.0,3129.4,102,1,3129.1,51,3,3129.0,39,2,3128.9,84,3,3128.8,332,4,3130.0,23,1,3130.1,1,1,3130.3,50,1,3130.4,3,1,3130.6,258,3
2031,2026-06-16 11:06:16+05:30,3130.0,73,3130.92,1441589,134034.0,195715.0,3163.0,3163.0,3108.0,3134.3,31879000,3447.7,2820.9,3839.9,2896.0,3129.7,2,2,3129.4,103,2,3129.1,25,2,3129.0,20,1,3128.9,84,3,3130.0,72,1,3130.1,49,2,3130.3,50,1,3130.4,3,1,3130.6,258,3
2031,2026-06-16 11:06:16+05:30,3130.0,163,3130.92,1441589,134034.0,195715.0,3163.0,3163.0,3108.0,3134.3,31879000,3447.7,2820.9,3839.9,2896.0,3129.7,2,2,3129.4,103,2,3129.1,25,2,3129.0,20,1,3128.9,84,3,3130.0,72,1,3130.1,49,2,3130.3,50,1,3130.4,3,1,3130.6,258,3
2031,2026-06-16 11:06:17+05:30,3130.0,90,3130.92,1442553,134121.0,195650.0,3163.0,3163.0,3108.0,3134.3,31879000,3447.7,2820.9,3839.9,2896.0,3129.7,12,3,3129.4,126,3,3129.3,26,1,3129.2,84,3,3129.1,16,1,3130.0,50,1,3130.1,4,2,3130.3,50,1,3130.4,3,1,3130.5,25,1
2031,2026-06-16 11:06:17+05:30,3129.4,35,3130.92,1442553,134121.0,195650.0,3163.0,3163.0,3108.0,3134.3,31879000,3447.7,2820.9,3839.9,2896.0,3129.7,12,3,3129.4,126,3,3129.3,26,1,3129.2,84,3,3129.1,16,1,3130.0,50,1,3130.1,4,2,3130.3,50,1,3130.4,3,1,3130.5,25,1
2031,2026-06-16 11:06:18+05:30,3130.0,184,3130.92,1444630,133146.0,195380.0,3163.0,3163.0,3108.0,3134.3,31879000,3447.7,2820.9,3839.9,2896.0,3128.9,8,1,3128.8,32,3,3128.7,56,5,3128.6,64,4,3128.5,59,2,3129.9,215,1,3130.0,108,2,3130.1,50,2,3130.2,21,1,3130.3,71,2
2031,2026-06-16 11:06:18+05:30,3130.0,73,3130.92,1444630,133146.0,195380.0,3163.0,3163.0,3108.0,3134.3,31879000,3447.7,2820.9,3839.9,2896.0,3128.9,8,1,3128.8,32,3,3128.7,56,5,3128.6,64,4,3128.5,59,2,3129.9,215,1,3130.0,108,2,3130.1,50,2,3130.2,21,1,3130.3,71,2
2031,2026-06-16 11:06:19+05:30,3130.0,137,3130.92,1445481,133762.0,194938.0,3163.0,3163.0,3108.0,3134.3,31879000,3447.7,2820.9,3839.9,2896.0,3129.2,13,1,3129.1,50,3,3129.0,82,5,3128.9,106,5,3128.8,52,2,3129.9,26,1,3130.0,73,1,3130.1,1,1,3130.3,50,1,3130.4,24,2
2031,2026-06-16 11:06:19+05:30,3130.0,73,3130.92,1445481,133762.0,194938.0,3163.0,3163.0,3108.0,3134.3,31879000,3447.7,2820.9,3839.9,2896.0,3129.2,13,1,3129.1,50,3,3129.0,82,5,3128.9,106,5,3128.8,52,2,3129.9,26,1,3130.0,73,1,3130.1,1,1,3130.3,50,1,3130.4,24,2
2031,2026-06-16 11:06:20+05:30,3130.0,138,3130.92,1446075,133809.0,194592.0,3163.0,3163.0,3108.0,3134.3,31879000,3447.7,2820.9,3839.9,2896.0,3129.3,52,2,3129.2,30,2,3129.1,72,4,3129.0,245,4,3128.9,79,4,3130.0,17,1,3130.1,1,1,3130.3,50,1,3130.4,24,2,3130.6,220,2
2031,2026-06-16 11:06:20+05:30,3130.0,73,3130.92,1446075,133809.0,194592.0,3163.0,3163.0,3108.0,3134.3,31879000,3447.7,2820.9,3839.9,2896.0,3129.3,52,2,3129.2,30,2,3129.1,72,4,3129.0,245,4,3128.9,79,4,3130.0,17,1,3130.1,1,1,3130.3,50,1,3130.4,24,2,3130.6,220,2
2031,2026-06-16 11:06:21+05:30,3130.0,34,3130.92,1446466,133644.0,194779.0,3163.0,3163.0,3108.0,3134.3,31879000,3447.7,2820.9,3839.9,2896.0,3129.4,43,2,3129.3,149,3,3129.1,256,4,3129.0,45,3,3128.9,113,5,3130.0,82,2,3130.1,1,1,3130.3,50,1,3130.4,3,1,3130.6,220,2
2031,2026-06-16 11:06:21+05:30,3130.0,82,3130.92,1446466,133644.0,194779.0,3163.0,3163.0,3108.0,3134.3,31879000,3447.7,2820.9,3839.9,2896.0,3129.4,43,2,3129.3,149,3,3129.1,256,4,3129.0,45,3,3128.9,113,5,3130.0,82,2,3130.1,1,1,3130.3,50,1,3130.4,3,1,3130.6,220,2
2031,2026-06-16 11:06:22+05:30,3130.0,46,3130.92,1446466,133644.0,194779.0,3163.0,3163.0,3108.0,3134.3,31879000,3447.7,2820.9,3839.9,2896.0,3129.4,43,2,3129.3,149,3,3129.1,256,4,3129.0,45,3,3128.9,113,5,3130.0,82,2,3130.1,1,1,3130.3,50,1,3130.4,3,1,3130.6,220,2
2031,2026-06-16 11:06:22+05:30,3130.0,46,3130.92,1447020,133906.0,194711.0,3163.0,3163.0,3108.0,3134.3,31879000,3447.7,2820.9,3839.9,2896.0,3129.4,17,1,3129.3,169,4,3129.2,20,1,3129.1,17,1,3129.0,114,7,3130.0,27,1,3130.1,1,1,3130.3,50,1,3130.4,3,1,3130.6,220,2
2031,2026-06-16 11:06:23+05:30,3130.0,100,3130.92,1447355,133772.0,194741.0,3163.0,3163.0,3108.0,3134.3,31879000,3447.7,2820.9,3839.9,2896.0,3129.4,181,5,3129.3,136,3,3129.2,30,2,3129.1,33,2,3129.0,171,8,3130.0,73,1,3130.1,1,1,3130.3,50,1,3130.4,3,1,3130.6,220,2
2031,2026-06-16 11:06:23+05:30,3130.0,73,3130.92,1447355,133772.0,194741.0,3163.0,3163.0,3108.0,3134.3,31879000,3447.7,2820.9,3839.9,2896.0,3129.4,181,5,3129.3,136,3,3129.2,30,2,3129.1,33,2,3129.0,171,8,3130.0,73,1,3130.1,1,1,3130.3,50,1,3130.4,3,1,3130.6,220,2
2031,2026-06-16 11:06:24+05:30,3130.0,1,3130.92,1447698,133945.0,194741.0,3163.0,3163.0,3108.0,3134.3,31879000,3447.7,2820.9,3839.9,2896.0,3129.6,17,1,3129.5,88,4,3129.4,121,2,3129.3,113,2,3129.2,30,2,3130.0,72,1,3130.1,1,1,3130.3,50,1,3130.4,3,1,3130.6,220,2
2031,2026-06-16 11:06:24+05:30,3130.0,42,3130.92,1447698,133945.0,194741.0,3163.0,3163.0,3108.0,3134.3,31879000,3447.7,2820.9,3839.9,2896.0,3129.6,17,1,3129.5,88,4,3129.4,121,2,3129.3,113,2,3129.2,30,2,3130.0,72,1,3130.1,1,1,3130.3,50,1,3130.4,3,1,3130.6,220,2
2031,2026-06-16 11:06:25+05:30,3130.0,73,3130.92,1447698,133945.0,194741.0,3163.0,3163.0,3108.0,3134.3,31879000,3447.7,2820.9,3839.9,2896.0,3129.6,17,1,3129.5,88,4,3129.4,121,2,3129.3,113,2,3129.2,30,2,3130.0,72,1,3130.1,1,1,3130.3,50,1,3130.4,3,1,3130.6,220,2
2031,2026-06-16 11:06:25+05:30,3130.0,59,3130.92,1448785,133364.0,194677.0,3163.0,3163.0,3108.0,3134.3,31879000,3447.7,2820.9,3839.9,2896.0,3129.5,24,1,3129.4,52,1,3129.3,79,2,3129.1,19,1,3129.0,205,2,3130.0,14,1,3130.1,1,1,3130.3,50,1,3130.4,3,1,3130.6,269,3
2031,2026-06-16 11:06:26+05:30,3130.0,73,3130.92,1448785,133364.0,194677.0,3163.0,3163.0,3108.0,3134.3,31879000,3447.7,2820.9,3839.9,2896.0,3129.5,24,1,3129.4,52,1,3129.3,79,2,3129.1,19,1,3129.0,205,2,3130.0,14,1,3130.1,1,1,3130.3,50,1,3130.4,3,1,3130.6,269,3
2031,2026-06-16 11:06:27+05:30,3130.0,73,3130.92,1449044,133362.0,194887.0,3163.0,3163.0,3108.0,3134.3,31879000,3447.7,2820.9,3839.9,2896.0,3129.5,41,2,3129.4,52,1,3129.3,63,2,3129.2,5,1,3129.1,79,3,3130.0,73,1,3130.1,1,1,3130.3,50,1,3130.4,3,1,3130.6,220,2
2031,2026-06-16 11:06:27+05:30,3130.0,97,3130.92,1449044,133362.0,194887.0,3163.0,3163.0,3108.0,3134.3,31879000,3447.7,2820.9,3839.9,2896.0,3129.5,41,2,3129.4,52,1,3129.3,63,2,3129.2,5,1,3129.1,79,3,3130.0,73,1,3130.1,1,1,3130.3,50,1,3130.4,3,1,3130.6,220,2
2031,2026-06-16 11:06:28+05:30,3129.5,11,3130.91,1449741,133492.0,194866.0,3163.0,3163.0,3108.0,3134.3,31879000,3447.7,2820.9,3839.9,2896.0,3129.5,8,2,3129.4,52,1,3129.3,61,1,3129.0,1,1,3128.8,98,5,3130.0,29,1,3130.1,1,1,3130.3,50,1,3130.4,3,1,3130.6,220,2
2031,2026-06-16 11:06:28+05:30,3130.0,12,3130.91,1449741,133492.0,194866.0,3163.0,3163.0,3108.0,3134.3,31879000,3447.7,2820.9,3839.9,2896.0,3129.5,8,2,3129.4,52,1,3129.3,61,1,3129.0,1,1,3128.8,98,5,3130.0,29,1,3130.1,1,1,3130.3,50,1,3130.4,3,1,3130.6,220,2
2031,2026-06-16 11:06:28+05:30,3130.0,12,3130.91,1449974,133648.0,194719.0,3163.0,3163.0,3108.0,3134.3,31879000,3447.7,2820.9,3839.9,2896.0,3129.5,8,2,3129.4,52,1,3129.3,61,1,3129.0,51,2,3128.9,115,3,3130.0,11,1,3130.1,1,1,3130.3,50,1,3130.4,3,1,3130.6,220,2
2031,2026-06-16 11:06:29+05:30,3130.0,8,3130.91,1449974,133648.0,194719.0,3163.0,3163.0,3108.0,3134.3,31879000,3447.7,2820.9,3839.9,2896.0,3129.5,8,2,3129.4,52,1,3129.3,61,1,3129.0,51,2,3128.9,115,3,3130.0,11,1,3130.1,1,1,3130.3,50,1,3130.4,3,1,3130.6,220,2
2031,2026-06-16 11:06:29+05:30,3130.0,8,3130.91,1450046,133624.0,194900.0,3163.0,3163.0,3108.0,3134.3,31879000,3447.7,2820.9,3839.9,2896.0,3129.5,51,3,3129.4,62,2,3129.3,61,1,3129.1,11,1,3129.0,58,3,3130.0,7,1,3130.1,1,1,3130.3,50,1,3130.4,3,1,3130.6,220,2
2031,2026-06-16 11:06:30+05:30,3130.0,16,3130.91,1450046,133624.0,194900.0,3163.0,3163.0,3108.0,3134.3,31879000,3447.7,2820.9,3839.9,2896.0,3129.5,51,3,3129.4,62,2,3129.3,61,1,3129.1,11,1,3129.0,58,3,3130.0,7,1,3130.1,1,1,3130.3,50,1,3130.4,3,1,3130.6,220,2
2031,2026-06-16 11:06:30+05:30,3130.0,16,3130.91,1450174,133855.0,195188.0,3163.0,3163.0,3108.0,3134.3,31879000,3447.7,2820.9,3839.9,2896.0,3129.8,2,2,3129.5,78,5,3129.4,52,1,3129.3,61,1,3129.1,200,1,3130.0,25,2,3130.1,1,1,3130.3,50,1,3130.4,3,1,3130.6,220,2
2031,2026-06-16 11:06:31+05:30,3130.0,2,3130.91,1450174,133855.0,195188.0,3163.0,3163.0,3108.0,3134.3,31879000,3447.7,2820.9,3839.9,2896.0,3129.8,2,2,3129.5,78,5,3129.4,52,1,3129.3,61,1,3129.1,200,1,3130.0,25,2,3130.1,1,1,3130.3,50,1,3130.4,3,1,3130.6,220,2
2031,2026-06-16 11:06:31+05:30,3130.0,2,3130.91,1450228,134073.0,195369.0,3163.0,3163.0,3108.0,3134.3,31879000,3447.7,2820.9,3839.9,2896.0,3130.0,3,1,3129.8,52,3,3129.5,52,4,3129.4,52,1,3129.3,113,2,3130.1,1,1,3130.3,50,1,3130.4,3,1,3130.6,200,1,3130.7,52,3
2031,2026-06-16 11:06:32+05:30,3130.0,3,3130.91,1450228,134073.0,195369.0,3163.0,3163.0,3108.0,3134.3,31879000,3447.7,2820.9,3839.9,2896.0,3130.0,3,1,3129.8,52,3,3129.5,52,4,3129.4,52,1,3129.3,113,2,3130.1,1,1,3130.3,50,1,3130.4,3,1,3130.6,200,1,3130.7,52,3
2031,2026-06-16 11:06:32+05:30,3130.0,3,3130.91,1450231,134060.0,195473.0,3163.0,3163.0,3108.0,3134.3,31879000,3447.7,2820.9,3839.9,2896.0,3129.8,71,4,3129.5,52,4,3129.4,52,1,3129.3,113,2,3129.1,94,3,3130.1,2,2,3130.3,50,1,3130.4,3,1,3130.6,200,1,3130.7,11,2
2031,2026-06-16 11:06:33+05:30,3130.0,3,3130.91,1450231,134280.0,195430.0,3163.0,3163.0,3108.0,3134.3,31879000,3447.7,2820.9,3839.9,2896.0,3130.0,19,1,3129.8,52,3,3129.5,52,4,3129.4,52,1,3129.3,113,2,3130.1,2,2,3130.3,50,1,3130.4,3,1,3130.6,200,1,3130.7,11,2
2031,2026-06-16 11:06:34+05:30,3130.1,1,3130.91,1450231,134280.0,195430.0,3163.0,3163.0,3108.0,3134.3,31879000,3447.7,2820.9,3839.9,2896.0,3130.0,19,1,3129.8,52,3,3129.5,52,4,3129.4,52,1,3129.3,113,2,3130.1,2,2,3130.3,50,1,3130.4,3,1,3130.6,200,1,3130.7,11,2
2031,2026-06-16 11:06:34+05:30,3130.1,1,3130.91,1450233,133864.0,195206.0,3163.0,3163.0,3108.0,3134.3,31879000,3447.7,2820.9,3839.9,2896.0,3130.1,19,1,3130.0,57,2,3129.8,52,3,3129.5,52,4,3129.3,52,1,3130.3,50,1,3130.4,3,1,3130.6,200,1,3130.7,11,2,3130.8,316,2
2031,2026-06-16 11:06:35+05:30,3130.4,20,3130.91,1450233,133864.0,195206.0,3163.0,3163.0,3108.0,3134.3,31879000,3447.7,2820.9,3839.9,2896.0,3130.1,19,1,3130.0,57,2,3129.8,52,3,3129.5,52,4,3129.3,52,1,3130.3,50,1,3130.4,3,1,3130.6,200,1,3130.7,11,2,3130.8,316,2
2031,2026-06-16 11:06:35+05:30,3130.4,20,3130.91,1450328,134709.0,195084.0,3163.0,3163.0,3108.0,3134.3,31879000,3447.7,2820.9,3839.9,2896.0,3130.2,2,2,3130.0,77,3,3129.8,50,1,3129.5,157,6,3129.4,19,1,3130.4,3,1,3130.6,200,1,3130.7,24,3,3130.8,316,2,3130.9,19,1
2031,2026-06-16 11:06:36+05:30,3130.4,20,3130.91,1450328,134709.0,195084.0,3163.0,3163.0,3108.0,3134.3,31879000,3447.7,2820.9,3839.9,2896.0,3130.2,2,2,3130.0,77,3,3129.8,50,1,3129.5,157,6,3129.4,19,1,3130.4,3,1,3130.6,200,1,3130.7,24,3,3130.8,316,2,3130.9,19,1
2031,2026-06-16 11:06:36+05:30,3130.0,19,3130.91,1450328,134709.0,195084.0,3163.0,3163.0,3108.0,3134.3,31879000,3447.7,2820.9,3839.9,2896.0,3130.2,2,2,3130.0,77,3,3129.8,50,1,3129.5,157,6,3129.4,19,1,3130.4,3,1,3130.6,200,1,3130.7,24,3,3130.8,316,2,3130.9,19,1
2031,2026-06-16 11:06:37+05:30,3130.0,19,3130.91,1450352,133963.0,195149.0,3163.0,3163.0,3108.0,3134.3,31879000,3447.7,2820.9,3839.9,2896.0,3130.0,57,2,3129.8,50,1,3129.5,107,5,3129.3,52,1,3129.2,53,3,3130.1,10,1,3130.2,9,1,3130.4,3,1,3130.6,200,1,3130.7,24,3
2031,2026-06-16 11:06:37+05:30,3130.0,19,3130.91,1450352,133963.0,195149.0,3163.0,3163.0,3108.0,3134.3,31879000,3447.7,2820.9,3839.9,2896.0,3130.0,57,2,3129.8,50,1,3129.5,107,5,3129.3,52,1,3129.2,53,3,3130.1,10,1,3130.2,9,1,3130.4,3,1,3130.6,200,1,3130.7,24,3
2031,2026-06-16 11:06:37+05:30,3130.2,86,3130.91,1450352,133963.0,195149.0,3163.0,3163.0,3108.0,3134.3,31879000,3447.7,2820.9,3839.9,2896.0,3130.0,57,2,3129.8,50,1,3129.5,107,5,3129.3,52,1,3129.2,53,3,3130.1,10,1,3130.2,9,1,3130.4,3,1,3130.6,200,1,3130.7,24,3
2031,2026-06-16 11:06:38+05:30,3130.2,86,3130.91,1450451,134031.0,195247.0,3163.0,3163.0,3108.0,3134.3,31879000,3447.7,2820.9,3839.9,2896.0,3130.2,1,1,3130.0,53,2,3129.8,50,1,3129.5,46,3,3129.4,51,3,3130.3,9,1,3130.4,3,1,3130.6,200,1,3130.7,11,2,3130.8,316,2
2031,2026-06-16 11:06:38+05:30,3130.2,1,3130.91,1450451,134031.0,195247.0,3163.0,3163.0,3108.0,3134.3,31879000,3447.7,2820.9,3839.9,2896.0,3130.2,1,1,3130.0,53,2,3129.8,50,1,3129.5,46,3,3129.4,51,3,3130.3,9,1,3130.4,3,1,3130.6,200,1,3130.7,11,2,3130.8,316,2
2031,2026-06-16 11:06:39+05:30,3130.4,1,3130.91,1450472,134084.0,195267.0,3163.0,3163.0,3108.0,3134.3,31879000,3447.7,2820.9,3839.9,2896.0,3130.0,34,1,3129.8,70,2,3129.5,46,3,3129.4,32,2,3129.3,70,2,3130.3,2,1,3130.4,2,1,3130.6,200,1,3130.7,11,2,3130.8,335,3
2031,2026-06-16 11:06:39+05:30,3130.4,1,3130.91,1450472,134084.0,195267.0,3163.0,3163.0,3108.0,3134.3,31879000,3447.7,2820.9,3839.9,2896.0,3130.0,34,1,3129.8,70,2,3129.5,46,3,3129.4,32,2,3129.3,70,2,3130.3,2,1,3130.4,2,1,3130.6,200,1,3130.7,11,2,3130.8,335,3
2031,2026-06-16 11:06:39+05:30,3130.3,1,3130.91,1450472,134084.0,195267.0,3163.0,3163.0,3108.0,3134.3,31879000,3447.7,2820.9,3839.9,2896.0,3130.0,34,1,3129.8,70,2,3129.5,46,3,3129.4,32,2,3129.3,70,2,3130.3,2,1,3130.4,2,1,3130.6,200,1,3130.7,11,2,3130.8,335,3
2031,2026-06-16 11:06:40+05:30,3130.6,4,3130.91,1450481,134077.0,195073.0,3163.0,3163.0,3108.0,3134.3,31879000,3447.7,2820.9,3839.9,2896.0,3130.0,52,2,3129.8,50,1,3129.5,45,2,3129.4,32,2,3129.3,70,2,3130.5,1,1,3130.6,196,1,3130.7,11,2,3130.8,335,3,3131.0,529,7
2031,2026-06-16 11:06:40+05:30,3130.6,4,3130.91,1450481,134077.0,195073.0,3163.0,3163.0,3108.0,3134.3,31879000,3447.7,2820.9,3839.9,2896.0,3130.0,52,2,3129.8,50,1,3129.5,45,2,3129.4,32,2,3129.3,70,2,3130.5,1,1,3130.6,196,1,3130.7,11,2,3130.8,335,3,3131.0,529,7
2031,2026-06-16 11:06:41+05:30,3130.6,4,3130.91,1450481,134066.0,195323.0,3163.0,3163.0,3108.0,3134.3,31879000,3447.7,2820.9,3839.9,2896.0,3130.0,52,2,3129.8,50,1,3129.5,45,2,3129.4,20,1,3129.3,70,2,3130.5,27,2,3130.6,196,1,3130.7,11,2,3130.8,335,3,3131.0,529,7
2031,2026-06-16 11:06:41+05:30,3130.6,4,3130.91,1450481,134066.0,195323.0,3163.0,3163.0,3108.0,3134.3,31879000,3447.7,2820.9,3839.9,2896.0,3130.0,52,2,3129.8,50,1,3129.5,45,2,3129.4,20,1,3129.3,70,2,3130.5,27,2,3130.6,196,1,3130.7,11,2,3130.8,335,3,3131.0,529,7
2031,2026-06-16 11:06:42+05:30,3130.6,4,3130.91,1450481,134863.0,195138.0,3163.0,3163.0,3108.0,3134.3,31879000,3447.7,2820.9,3839.9,2896.0,3130.1,51,2,3130.0,52,2,3129.8,50,1,3129.5,97,3,3129.4,254,3,3130.5,27,2,3130.6,196,1,3130.7,11,2,3130.8,316,2,3131.0,472,6
2031,2026-06-16 11:06:43+05:30,3130.5,16,3130.91,1450538,134825.0,195193.0,3163.0,3163.0,3108.0,3134.3,31879000,3447.7,2820.9,3839.9,2896.0,3130.5,18,1,3130.2,2,1,3130.1,102,3,3130.0,44,2,3129.8,122,3,3130.6,196,1,3130.7,11,2,3130.8,316,2,3131.0,426,4,3131.1,35,3
2031,2026-06-16 11:06:43+05:30,3130.5,16,3130.91,1450538,134825.0,195193.0,3163.0,3163.0,3108.0,3134.3,31879000,3447.7,2820.9,3839.9,2896.0,3130.5,18,1,3130.2,2,1,3130.1,102,3,3130.0,44,2,3129.8,122,3,3130.6,196,1,3130.7,11,2,3130.8,316,2,3131.0,426,4,3131.1,35,3
2031,2026-06-16 11:06:43+05:30,3130.2,5,3130.91,1450538,134825.0,195193.0,3163.0,3163.0,3108.0,3134.3,31879000,3447.7,2820.9,3839.9,2896.0,3130.5,18,1,3130.2,2,1,3130.1,102,3,3130.0,44,2,3129.8,122,3,3130.6,196,1,3130.7,11,2,3130.8,316,2,3131.0,426,4,3131.1,35,3
2031,2026-06-16 11:06:44+05:30,3130.2,5,3130.91,1450545,135020.0,195314.0,3163.0,3163.0,3108.0,3134.3,31879000,3447.7,2820.9,3839.9,2896.0,3130.2,15,2,3130.1,102,3,3130.0,44,2,3129.8,70,2,3129.6,165,1,3130.5,7,1,3130.6,197,2,3130.7,12,3,3130.8,318,3,3131.0,429,5
2031,2026-06-16 11:06:44+05:30,3130.2,5,3130.91,1450545,135020.0,195314.0,3163.0,3163.0,3108.0,3134.3,31879000,3447.7,2820.9,3839.9,2896.0,3130.2,15,2,3130.1,102,3,3130.0,44,2,3129.8,70,2,3129.6,165,1,3130.5,7,1,3130.6,197,2,3130.7,12,3,3130.8,318,3,3131.0,429,5
2031,2026-06-16 11:06:44+05:30,3130.5,1,3130.91,1450545,135020.0,195314.0,3163.0,3163.0,3108.0,3134.3,31879000,3447.7,2820.9,3839.9,2896.0,3130.2,15,2,3130.1,102,3,3130.0,44,2,3129.8,70,2,3129.6,165,1,3130.5,7,1,3130.6,197,2,3130.7,12,3,3130.8,318,3,3131.0,429,5
2031,2026-06-16 11:06:45+05:30,3130.5,1,3130.91,1450547,135096.0,195280.0,3163.0,3163.0,3108.0,3134.3,31879000,3447.7,2820.9,3839.9,2896.0,3130.2,65,4,3130.1,102,3,3130.0,44,2,3129.8,89,3,3129.6,72,2,3130.5,5,1,3130.6,197,2,3130.7,12,3,3130.8,318,3,3131.0,429,5
2031,2026-06-16 11:06:45+05:30,3130.5,24,3130.91,1450547,135096.0,195280.0,3163.0,3163.0,3108.0,3134.3,31879000,3447.7,2820.9,3839.9,2896.0,3130.2,65,4,3130.1,102,3,3130.0,44,2,3129.8,89,3,3129.6,72,2,3130.5,5,1,3130.6,197,2,3130.7,12,3,3130.8,318,3,3131.0,429,5
2031,2026-06-16 11:06:46+05:30,3130.5,24,3130.91,1450547,135096.0,195280.0,3163.0,3163.0,3108.0,3134.3,31879000,3447.7,2820.9,3839.9,2896.0,3130.2,65,4,3130.1,102,3,3130.0,44,2,3129.8,89,3,3129.6,72,2,3130.5,5,1,3130.6,197,2,3130.7,12,3,3130.8,318,3,3131.0,429,5
2031,2026-06-16 11:06:46+05:30,3130.4,1,3130.91,1450763,135154.0,194983.0,3163.0,3163.0,3108.0,3134.3,31879000,3447.7,2820.9,3839.9,2896.0,3130.2,70,4,3130.1,102,3,3130.0,44,2,3129.9,39,2,3129.8,50,1,3130.4,18,1,3130.5,175,1,3130.6,19,2,3130.7,12,3,3130.8,318,3
2031,2026-06-16 11:06:46+05:30,3130.5,26,3130.91,1450763,135154.0,194983.0,3163.0,3163.0,3108.0,3134.3,31879000,3447.7,2820.9,3839.9,2896.0,3130.2,70,4,3130.1,102,3,3130.0,44,2,3129.9,39,2,3129.8,50,1,3130.4,18,1,3130.5,175,1,3130.6,19,2,3130.7,12,3,3130.8,318,3
2031,2026-06-16 11:06:47+05:30,3130.5,26,3130.91,1450763,135154.0,194983.0,3163.0,3163.0,3108.0,3134.3,31879000,3447.7,2820.9,3839.9,2896.0,3130.2,70,4,3130.1,102,3,3130.0,44,2,3129.9,39,2,3129.8,50,1,3130.4,18,1,3130.5,175,1,3130.6,19,2,3130.7,12,3,3130.8,318,3
2031,2026-06-16 11:06:47+05:30,3130.2,2,3130.91,1451436,134955.0,194712.0,3163.0,3163.0,3108.0,3134.3,31879000,3447.7,2820.9,3839.9,2896.0,3130.2,19,3,3130.1,122,4,3130.0,44,2,3129.9,19,1,3129.8,73,3,3130.3,200,1,3130.5,356,2,3130.8,200,1,3131.0,249,5,3131.1,235,4
2031,2026-06-16 11:06:47+05:30,3130.2,2,3130.91,1451436,134955.0,194712.0,3163.0,3163.0,3108.0,3134.3,31879000,3447.7,2820.9,3839.9,2896.0,3130.2,19,3,3130.1,122,4,3130.0,44,2,3129.9,19,1,3129.8,73,3,3130.3,200,1,3130.5,356,2,3130.8,200,1,3131.0,249,5,3131.1,235,4
2031,2026-06-16 11:06:47+05:30,3130.3,10,3130.91,1451436,134955.0,194712.0,3163.0,3163.0,3108.0,3134.3,31879000,3447.7,2820.9,3839.9,2896.0,3130.2,19,3,3130.1,122,4,3130.0,44,2,3129.9,19,1,3129.8,73,3,3130.3,200,1,3130.5,356,2,3130.8,200,1,3131.0,249,5,3131.1,235,4
2031,2026-06-16 11:06:48+05:30,3130.3,10,3130.91,1451436,134955.0,194712.0,3163.0,3163.0,3108.0,3134.3,31879000,3447.7,2820.9,3839.9,2896.0,3130.2,19,3,3130.1,122,4,3130.0,44,2,3129.9,19,1,3129.8,73,3,3130.3,200,1,3130.5,356,2,3130.8,200,1,3131.0,249,5,3131.1,235,4
2031,2026-06-16 11:06:48+05:30,3130.3,10,3130.91,1451646,134919.0,194555.0,3163.0,3163.0,3108.0,3134.3,31879000,3447.7,2820.9,3839.9,2896.0,3130.1,151,7,3130.0,48,3,3129.9,7,1,3129.8,119,4,3129.7,14,1,3130.4,30,1,3130.5,356,2,3130.8,200,1,3131.0,249,5,3131.1,235,4
2031,2026-06-16 11:06:48+05:30,3130.3,10,3130.91,1451646,134919.0,194555.0,3163.0,3163.0,3108.0,3134.3,31879000,3447.7,2820.9,3839.9,2896.0,3130.1,151,7,3130.0,48,3,3129.9,7,1,3129.8,119,4,3129.7,14,1,3130.4,30,1,3130.5,356,2,3130.8,200,1,3131.0,249,5,3131.1,235,4
2031,2026-06-16 11:06:49+05:30,3130.3,10,3130.91,1451646,134670.0,194758.0,3163.0,3163.0,3108.0,3134.3,31879000,3447.7,2820.9,3839.9,2896.0,3130.1,110,4,3130.0,44,2,3129.9,20,1,3129.8,55,2,3129.7,14,1,3130.4,72,2,3130.5,356,2,3130.8,200,1,3131.0,249,5,3131.1,235,4
2031,2026-06-16 11:06:49+05:30,3130.3,10,3130.91,1451646,134670.0,194758.0,3163.0,3163.0,3108.0,3134.3,31879000,3447.7,2820.9,3839.9,2896.0,3130.1,110,4,3130.0,44,2,3129.9,20,1,3129.8,55,2,3129.7,14,1,3130.4,72,2,3130.5,356,2,3130.8,200,1,3131.0,249,5,3131.1,235,4
2031,2026-06-16 11:06:50+05:30,3130.4,1,3130.91,1451647,134713.0,194757.0,3163.0,3163.0,3108.0,3134.3,31879000,3447.7,2820.9,3839.9,2896.0,3130.1,132,6,3130.0,44,2,3129.8,75,3,3129.7,33,2,3129.6,91,4,3130.4,71,2,3130.5,356,2,3130.8,200,1,3131.0,249,5,3131.1,235,4
2031,2026-06-16 11:06:50+05:30,3130.4,1,3130.91,1451647,134713.0,194757.0,3163.0,3163.0,3108.0,3134.3,31879000,3447.7,2820.9,3839.9,2896.0,3130.1,132,6,3130.0,44,2,3129.8,75,3,3129.7,33,2,3129.6,91,4,3130.4,71,2,3130.5,356,2,3130.8,200,1,3131.0,249,5,3131.1,235,4
2031,2026-06-16 11:06:50+05:30,3130.4,1,3130.91,1451647,134713.0,194757.0,3163.0,3163.0,3108.0,3134.3,31879000,3447.7,2820.9,3839.9,2896.0,3130.1,132,6,3130.0,44,2,3129.8,75,3,3129.7,33,2,3129.6,91,4,3130.4,71,2,3130.5,356,2,3130.8,200,1,3131.0,249,5,3131.1,235,4
2031,2026-06-16 11:06:51+05:30,3130.4,1,3130.91,1451647,134713.0,194757.0,3163.0,3163.0,3108.0,3134.3,31879000,3447.7,2820.9,3839.9,2896.0,3130.1,132,6,3130.0,44,2,3129.8,75,3,3129.7,33,2,3129.6,91,4,3130.4,71,2,3130.5,356,2,3130.8,200,1,3131.0,249,5,3131.1,235,4
2031,2026-06-16 11:06:51+05:30,3130.4,1,3130.91,1451648,134118.0,194947.0,3163.0,3163.0,3108.0,3134.3,31879000,3447.7,2820.9,3839.9,2896.0,3130.1,110,4,3130.0,44,2,3129.8,50,1,3129.6,57,2,3129.5,23,2,3130.4,105,3,3130.5,356,2,3130.8,200,1,3131.0,249,5,3131.1,235,4
2031,2026-06-16 11:06:51+05:30,3130.4,1,3130.91,1451648,134118.0,194947.0,3163.0,3163.0,3108.0,3134.3,31879000,3447.7,2820.9,3839.9,2896.0,3130.1,110,4,3130.0,44,2,3129.8,50,1,3129.6,57,2,3129.5,23,2,3130.4,105,3,3130.5,356,2,3130.8,200,1,3131.0,249,5,3131.1,235,4
2031,2026-06-16 11:06:51+05:30,3130.0,28,3130.91,1451648,134118.0,194947.0,3163.0,3163.0,3108.0,3134.3,31879000,3447.7,2820.9,3839.9,2896.0,3130.1,110,4,3130.0,44,2,3129.8,50,1,3129.6,57,2,3129.5,23,2,3130.4,105,3,3130.5,356,2,3130.8,200,1,3131.0,249,5,3131.1,235,4
2031,2026-06-16 11:06:52+05:30,3130.0,10,3130.91,1451802,133782.0,195341.0,3163.0,3163.0,3108.0,3134.3,31879000,3447.7,2820.9,3839.9,2896.0,3130.0,10,1,3129.8,50,1,3129.5,23,2,3129.4,66,1,3129.3,36,2,3130.1,90,1,3130.4,77,2,3130.5,356,2,3130.8,290,4,3131.0,289,7
2031,2026-06-16 11:06:52+05:30,3130.0,10,3130.91,1451802,133782.0,195341.0,3163.0,3163.0,3108.0,3134.3,31879000,3447.7,2820.9,3839.9,2896.0,3130.0,10,1,3129.8,50,1,3129.5,23,2,3129.4,66,1,3129.3,36,2,3130.1,90,1,3130.4,77,2,3130.5,356,2,3130.8,290,4,3131.0,289,7
2031,2026-06-16 11:06:52+05:30,3130.0,3,3130.91,1451802,133782.0,195341.0,3163.0,3163.0,3108.0,3134.3,31879000,3447.7,2820.9,3839.9,2896.0,3130.0,10,1,3129.8,50,1,3129.5,23,2,3129.4,66,1,3129.3,36,2,3130.1,90,1,3130.4,77,2,3130.5,356,2,3130.8,290,4,3131.0,289,7
2031,2026-06-16 11:06:53+05:30,3130.0,3,3130.91,1451802,133782.0,195341.0,3163.0,3163.0,3108.0,3134.3,31879000,3447.7,2820.9,3839.9,2896.0,3130.0,10,1,3129.8,50,1,3129.5,23,2,3129.4,66,1,3129.3,36,2,3130.1,90,1,3130.4,77,2,3130.5,356,2,3130.8,290,4,3131.0,289,7
2031,2026-06-16 11:06:53+05:30,3130.0,2,3130.91,1451812,133846.0,195128.0,3163.0,3163.0,3108.0,3134.3,31879000,3447.7,2820.9,3839.9,2896.0,3130.0,27,2,3129.8,50,1,3129.5,23,2,3129.4,85,2,3129.3,195,3,3130.1,90,1,3130.4,77,2,3130.5,356,2,3130.8,271,3,3131.0,249,5
2031,2026-06-16 11:06:53+05:30,3130.0,2,3130.91,1451812,133846.0,195128.0,3163.0,3163.0,3108.0,3134.3,31879000,3447.7,2820.9,3839.9,2896.0,3130.0,27,2,3129.8,50,1,3129.5,23,2,3129.4,85,2,3129.3,195,3,3130.1,90,1,3130.4,77,2,3130.5,356,2,3130.8,271,3,3131.0,249,5
2031,2026-06-16 11:06:54+05:30,3130.0,2,3130.91,1451812,133846.0,195128.0,3163.0,3163.0,3108.0,3134.3,31881200,3447.7,2820.9,3839.9,2896.0,3130.0,27,2,3129.8,50,1,3129.5,23,2,3129.4,85,2,3129.3,195,3,3130.1,90,1,3130.4,77,2,3130.5,356,2,3130.8,271,3,3131.0,249,5
2031,2026-06-16 11:06:54+05:30,3130.0,2,3130.91,1451812,133839.0,195327.0,3163.0,3163.0,3108.0,3134.3,31881200,3447.7,2820.9,3839.9,2896.0,3130.0,27,2,3129.8,50,1,3129.6,29,2,3129.5,23,2,3129.4,117,4,3130.1,90,1,3130.4,77,2,3130.5,356,2,3130.8,221,2,3131.0,249,5
2031,2026-06-16 11:06:54+05:30,3130.4,18,3130.91,1451812,133839.0,195327.0,3163.0,3163.0,3108.0,3134.3,31881200,3447.7,2820.9,3839.9,2896.0,3130.0,27,2,3129.8,50,1,3129.6,29,2,3129.5,23,2,3129.4,117,4,3130.1,90,1,3130.4,77,2,3130.5,356,2,3130.8,221,2,3131.0,249,5
2031,2026-06-16 11:06:55+05:30,3130.4,18,3130.91,1451962,133883.0,194860.0,3163.0,3163.0,3108.0,3134.3,31881200,3447.7,2820.9,3839.9,2896.0,3130.0,28,3,3129.8,50,1,3129.7,19,1,3129.6,20,1,3129.5,23,2,3130.3,17,1,3130.4,17,1,3130.5,356,2,3130.8,221,2,3131.0,249,5
2031,2026-06-16 11:06:55+05:30,3130.3,1,3130.91,1451962,133883.0,194860.0,3163.0,3163.0,3108.0,3134.3,31881200,3447.7,2820.9,3839.9,2896.0,3130.0,28,3,3129.8,50,1,3129.7,19,1,3129.6,20,1,3129.5,23,2,3130.3,17,1,3130.4,17,1,3130.5,356,2,3130.8,221,2,3131.0,249,5
2031,2026-06-16 11:06:56+05:30,3130.0,1,3130.91,1451964,134768.0,194760.0,3163.0,3163.0,3108.0,3134.3,31881200,3447.7,2820.9,3839.9,2896.0,3130.0,27,3,3129.8,50,1,3129.7,39,2,3129.5,253,4,3129.4,148,5,3130.3,16,1,3130.4,17,1,3130.5,356,2,3130.8,221,2,3131.0,249,5
2031,2026-06-16 11:06:56+05:30,3130.0,1,3130.91,1451964,134768.0,194760.0,3163.0,3163.0,3108.0,3134.3,31881200,3447.7,2820.9,3839.9,2896.0,3130.0,27,3,3129.8,50,1,3129.7,39,2,3129.5,253,4,3129.4,148,5,3130.3,16,1,3130.4,17,1,3130.5,356,2,3130.8,221,2,3131.0,249,5
2031,2026-06-16 11:06:57+05:30,3130.0,1,3130.91,1451964,134835.0,194753.0,3163.0,3163.0,3108.0,3134.3,31881200,3447.7,2820.9,3839.9,2896.0,3130.2,17,1,3130.0,10,2,3129.8,50,1,3129.7,20,1,3129.5,253,4,3130.4,17,1,3130.5,356,2,3130.8,200,1,3131.0,249,5,3131.1,285,5
2031,2026-06-16 11:06:57+05:30,3130.0,100,3130.91,1451964,134835.0,194753.0,3163.0,3163.0,3108.0,3134.3,31881200,3447.7,2820.9,3839.9,2896.0,3130.2,17,1,3130.0,10,2,3129.8,50,1,3129.7,20,1,3129.5,253,4,3130.4,17,1,3130.5,356,2,3130.8,200,1,3131.0,249,5,3131.1,285,5
2031,2026-06-16 11:06:58+05:30,3129.8,50,3130.91,1453164,132369.0,196392.0,3163.0,3163.0,3108.0,3134.3,31881200,3447.7,2820.9,3839.9,2896.0,3129.5,2,1,3129.0,1,1,3128.9,212,2,3128.7,28,2,3128.5,20,1,3129.9,97,5,3130.0,31,3,3130.1,53,4,3130.2,77,3,3130.3,250,4
2031,2026-06-16 11:06:58+05:30,3130.0,16,3130.91,1453164,132369.0,196392.0,3163.0,3163.0,3108.0,3134.3,31881200,3447.7,2820.9,3839.9,2896.0,3129.5,2,1,3129.0,1,1,3128.9,212,2,3128.7,28,2,3128.5,20,1,3129.9,97,5,3130.0,31,3,3130.1,53,4,3130.2,77,3,3130.3,250,4
2031,2026-06-16 11:06:59+05:30,3129.5,19,3130.91,1453313,132742.0,196573.0,3163.0,3163.0,3108.0,3134.3,31881200,3447.7,2820.9,3839.9,2896.0,3129.5,19,1,3129.0,1,1,3128.9,212,2,3128.7,28,2,3128.5,20,1,3129.8,145,1,3129.9,71,3,3130.0,16,1,3130.1,33,2,3130.2,117,5
2031,2026-06-16 11:06:59+05:30,3129.8,26,3130.91,1453313,132742.0,196573.0,3163.0,3163.0,3108.0,3134.3,31881200,3447.7,2820.9,3839.9,2896.0,3129.5,19,1,3129.0,1,1,3128.9,212,2,3128.7,28,2,3128.5,20,1,3129.8,145,1,3129.9,71,3,3130.0,16,1,3130.1,33,2,3130.2,117,5
2031,2026-06-16 11:07:00+05:30,3129.7,2,3130.91,1453613,131730.0,194454.0,3163.0,3163.0,3108.0,3134.3,31881200,3447.7,2820.9,3839.9,2896.0,3129.5,20,2,3129.0,1,1,3128.9,212,2,3128.7,28,2,3128.6,110,3,3129.7,29,1,3129.8,36,2,3130.1,52,2,3130.2,87,3,3130.3,234,3
2031,2026-06-16 11:07:00+05:30,3129.8,7,3130.91,1453613,131730.0,194454.0,3163.0,3163.0,3108.0,3134.3,31881200,3447.7,2820.9,3839.9,2896.0,3129.5,20,2,3129.0,1,1,3128.9,212,2,3128.7,28,2,3128.6,110,3,3129.7,29,1,3129.8,36,2,3130.1,52,2,3130.2,87,3,3130.3,234,3
2031,2026-06-16 11:07:01+05:30,3130.1,1,3130.91,1453887,133717.0,195721.0,3163.0,3163.0,3108.0,3134.3,31881200,3447.7,2820.9,3839.9,2896.0,3129.6,1,1,3129.5,38,1,3129.2,81,3,3129.1,212,3,3129.0,203,7,3130.1,31,1,3130.2,14,1,3130.4,16,2,3130.5,356,2,3130.6,21,1
2031,2026-06-16 11:07:01+05:30,3130.1,1,3130.91,1453887,133717.0,195721.0,3163.0,3163.0,3108.0,3134.3,31881200,3447.7,2820.9,3839.9,2896.0,3129.6,1,1,3129.5,38,1,3129.2,81,3,3129.1,212,3,3129.0,203,7,3130.1,31,1,3130.2,14,1,3130.4,16,2,3130.5,356,2,3130.6,21,1
2031,2026-06-16 11:07:02+05:30,3130.1,1,3130.91,1453887,133744.0,195843.0,3163.0,3163.0,3108.0,3134.3,31881200,3447.7,2820.9,3839.9,2896.0,3129.6,56,3,3129.5,57,2,3129.4,10,1,3129.3,60,2,3129.2,21,2,3130.1,231,2,3130.2,14,1,3130.4,1,1,3130.5,356,2,3130.6,21,1
2031,2026-06-16 11:07:02+05:30,3129.0,12,3130.91,1453887,133744.0,195843.0,3163.0,3163.0,3108.0,3134.3,31881200,3447.7,2820.9,3839.9,2896.0,3129.6,56,3,3129.5,57,2,3129.4,10,1,3129.3,60,2,3129.2,21,2,3130.1,231,2,3130.2,14,1,3130.4,1,1,3130.5,356,2,3130.6,21,1
2031,2026-06-16 11:07:03+05:30,3129.8,200,3130.91,1454319,133453.0,194913.0,3163.0,3163.0,3108.0,3134.3,31881200,3447.7,2820.9,3839.9,2896.0,3129.1,13,1,3129.0,134,7,3128.9,292,7,3128.8,145,5,3128.7,135,7,3129.8,200,1,3130.1,9,1,3130.2,214,2,3130.4,21,2,3130.5,356,2
2031,2026-06-16 11:07:03+05:30,3129.5,16,3130.91,1454319,133453.0,194913.0,3163.0,3163.0,3108.0,3134.3,31881200,3447.7,2820.9,3839.9,2896.0,3129.1,13,1,3129.0,134,7,3128.9,292,7,3128.8,145,5,3128.7,135,7,3129.8,200,1,3130.1,9,1,3130.2,214,2,3130.4,21,2,3130.5,356,2
2031,2026-06-16 11:07:04+05:30,3129.5,16,3130.91,1454606,133797.0,195894.0,3163.0,3163.0,3108.0,3134.3,31881200,3447.7,2820.9,3839.9,2896.0,3129.9,1,1,3129.4,25,2,3129.3,10,1,3129.2,45,2,3129.1,14,2,3130.1,209,2,3130.4,1,1,3130.5,356,2,3130.6,21,1,3130.7,21,1
2031,2026-06-16 11:07:04+05:30,3130.0,10,3130.91,1454606,133797.0,195894.0,3163.0,3163.0,3108.0,3134.3,31881200,3447.7,2820.9,3839.9,2896.0,3129.9,1,1,3129.4,25,2,3129.3,10,1,3129.2,45,2,3129.1,14,2,3130.1,209,2,3130.4,1,1,3130.5,356,2,3130.6,21,1,3130.7,21,1
2031,2026-06-16 11:07:05+05:30,3130.0,10,3130.91,1454616,133869.0,196079.0,3163.0,3163.0,3108.0,3134.3,31881200,3447.7,2820.9,3839.9,2896.0,3129.9,1,1,3129.2,65,3,3129.0,83,6,3128.9,271,6,3128.8,296,5,3130.1,209,2,3130.4,1,1,3130.5,356,2,3130.6,21,1,3130.7,40,2
2031,2026-06-16 11:07:05+05:30,3130.0,4,3130.91,1454616,133869.0,196079.0,3163.0,3163.0,3108.0,3134.3,31881200,3447.7,2820.9,3839.9,2896.0,3129.9,1,1,3129.2,65,3,3129.0,83,6,3128.9,271,6,3128.8,296,5,3130.1,209,2,3130.4,1,1,3130.5,356,2,3130.6,21,1,3130.7,40,2
2031,2026-06-16 11:07:06+05:30,3129.9,1,3130.91,1454647,133706.0,195456.0,3163.0,3163.0,3108.0,3134.3,31881200,3447.7,2820.9,3839.9,2896.0,3129.3,13,1,3129.2,40,2,3129.1,19,1,3129.0,113,6,3128.9,271,6,3129.9,155,1,3130.1,192,2,3130.4,1,1,3130.5,200,1,3130.6,56,1
2031,2026-06-16 11:07:06+05:30,3130.0,39,3130.91,1454647,133706.0,195456.0,3163.0,3163.0,3108.0,3134.3,31881200,3447.7,2820.9,3839.9,2896.0,3129.3,13,1,3129.2,40,2,3129.1,19,1,3129.0,113,6,3128.9,271,6,3129.9,155,1,3130.1,192,2,3130.4,1,1,3130.5,200,1,3130.6,56,1
2031,2026-06-16 11:07:07+05:30,3130.0,39,3130.91,1455041,133539.0,195056.0,3163.0,3163.0,3108.0,3134.3,31881200,3447.7,2820.9,3839.9,2896.0,3129.2,88,7,3129.1,10,1,3129.0,138,8,3128.9,391,9,3128.8,36,4,3130.1,192,2,3130.4,1,1,3130.5,200,1,3130.6,22,1,3130.8,220,2
2031,2026-06-16 11:07:08+05:30,3130.0,145,3130.91,1455191,134151.0,195667.0,3163.0,3163.0,3108.0,3134.3,31881200,3447.7,2820.9,3839.9,2896.0,3129.6,13,1,3129.5,49,4,3129.4,53,4,3129.3,13,1,3129.2,107,6,3130.1,192,2,3130.4,1,1,3130.5,200,1,3130.6,22,1,3130.8,220,2
2031,2026-06-16 11:07:08+05:30,3130.0,145,3130.91,1455191,134151.0,195667.0,3163.0,3163.0,3108.0,3134.3,31881200,3447.7,2820.9,3839.9,2896.0,3129.6,13,1,3129.5,49,4,3129.4,53,4,3129.3,13,1,3129.2,107,6,3130.1,192,2,3130.4,1,1,3130.5,200,1,3130.6,22,1,3130.8,220,2
2031,2026-06-16 11:07:09+05:30,3130.0,16,3130.91,1455207,134121.0,195925.0,3163.0,3163.0,3108.0,3134.3,31881200,3447.7,2820.9,3839.9,2896.0,3129.6,33,4,3129.5,27,2,3129.4,73,5,3129.3,37,2,3129.2,122,5,3130.1,194,4,3130.5,200,1,3130.6,22,1,3130.8,220,2,3130.9,56,1
2031,2026-06-16 11:07:09+05:30,3130.0,16,3130.91,1455207,134121.0,195925.0,3163.0,3163.0,3108.0,3134.3,31881200,3447.7,2820.9,3839.9,2896.0,3129.6,33,4,3129.5,27,2,3129.4,73,5,3129.3,37,2,3129.2,122,5,3130.1,194,4,3130.5,200,1,3130.6,22,1,3130.8,220,2,3130.9,56,1
2031,2026-06-16 11:07:10+05:30,3130.1,1,3130.91,1455210,134106.0,196011.0,3163.0,3163.0,3108.0,3134.3,31881200,3447.7,2820.9,3839.9,2896.0,3129.6,76,5,3129.5,14,1,3129.4,61,4,3129.3,37,2,3129.2,80,4,3130.1,230,5,3130.5,200,1,3130.6,22,1,3130.8,220,2,3130.9,56,1
2031,2026-06-16 11:07:10+05:30,3130.1,1,3130.91,1455210,134106.0,196011.0,3163.0,3163.0,3108.0,3134.3,31881200,3447.7,2820.9,3839.9,2896.0,3129.6,76,5,3129.5,14,1,3129.4,61,4,3129.3,37,2,3129.2,80,4,3130.1,230,5,3130.5,200,1,3130.6,22,1,3130.8,220,2,3130.9,56,1
2031,2026-06-16 11:07:11+05:30,3130.1,1,3130.91,1455411,133956.0,195900.0,3163.0,3163.0,3108.0,3134.3,31881200,3447.7,2820.9,3839.9,2896.0,3129.5,40,3,3129.4,23,2,3129.3,25,1,3129.2,74,5,3129.1,10,1,3130.1,254,6,3130.5,200,1,3130.6,78,2,3130.7,49,1,3130.8,220,2
2031,2026-06-16 11:07:11+05:30,3130.1,1,3130.91,1455411,133956.0,195900.0,3163.0,3163.0,3108.0,3134.3,31881200,3447.7,2820.9,3839.9,2896.0,3129.5,40,3,3129.4,23,2,3129.3,25,1,3129.2,74,5,3129.1,10,1,3130.1,254,6,3130.5,200,1,3130.6,78,2,3130.7,49,1,3130.8,220,2
2031,2026-06-16 11:07:12+05:30,3129.5,43,3130.91,1455633,133755.0,195656.0,3163.0,3163.0,3108.0,3134.3,31881200,3447.7,2820.9,3839.9,2896.0,3129.4,23,2,3129.3,19,1,3129.2,44,2,3129.1,10,1,3129.0,132,7,3130.1,254,6,3130.5,310,2,3130.6,78,2,3130.8,220,2,3130.9,56,1
2031,2026-06-16 11:07:12+05:30,3129.2,23,3130.91,1455633,133755.0,195656.0,3163.0,3163.0,3108.0,3134.3,31881200,3447.7,2820.9,3839.9,2896.0,3129.4,23,2,3129.3,19,1,3129.2,44,2,3129.1,10,1,3129.0,132,7,3130.1,254,6,3130.5,310,2,3130.6,78,2,3130.8,220,2,3130.9,56,1
2031,2026-06-16 11:07:13+05:30,3129.2,23,3130.91,1455729,133156.0,194946.0,3163.0,3163.0,3108.0,3134.3,31881200,3447.7,2820.9,3839.9,2896.0,3129.2,31,3,3129.0,70,2,3128.9,260,7,3128.8,32,3,3128.7,112,5,3130.1,183,6,3130.4,70,2,3130.5,310,2,3130.6,78,2,3130.8,220,2
2031,2026-06-16 11:07:14+05:30,3130.0,10,3130.91,1455739,133330.0,195324.0,3163.0,3163.0,3108.0,3134.3,31881200,3447.7,2820.9,3839.9,2896.0,3129.2,70,8,3129.0,126,3,3128.9,248,6,3128.8,97,5,3128.7,121,5,3130.1,225,7,3130.4,21,1,3130.5,310,2,3130.6,78,2,3130.8,220,2
2031,2026-06-16 11:07:14+05:30,3130.0,2,3130.91,1455739,133330.0,195324.0,3163.0,3163.0,3108.0,3134.3,31881200,3447.7,2820.9,3839.9,2896.0,3129.2,70,8,3129.0,126,3,3128.9,248,6,3128.8,97,5,3128.7,121,5,3130.1,225,7,3130.4,21,1,3130.5,310,2,3130.6,78,2,3130.8,220,2
2031,2026-06-16 11:07:15+05:30,3129.3,5,3130.91,1455901,133679.0,195650.0,3163.0,3163.0,3108.0,3134.3,31881200,3447.7,2820.9,3839.9,2896.0,3129.2,99,10,3129.1,25,2,3129.0,96,3,3128.9,248,6,3128.8,97,5,3130.1,225,7,3130.5,310,2,3130.6,22,1,3130.8,220,2,3130.9,288,3
2031,2026-06-16 11:07:15+05:30,3130.0,17,3130.91,1455901,133679.0,195650.0,3163.0,3163.0,3108.0,3134.3,31881200,3447.7,2820.9,3839.9,2896.0,3129.2,99,10,3129.1,25,2,3129.0,96,3,3128.9,248,6,3128.8,97,5,3130.1,225,7,3130.5,310,2,3130.6,22,1,3130.8,220,2,3130.9,288,3
2031,2026-06-16 11:07:16+05:30,3130.0,17,3130.91,1455918,133572.0,195266.0,3163.0,3163.0,3108.0,3134.3,31881200,3447.7,2820.9,3839.9,2896.0,3129.4,39,5,3129.3,41,3,3129.2,117,10,3129.1,25,2,3129.0,109,4,3130.1,231,8,3130.5,310,2,3130.6,22,1,3130.8,220,2,3130.9,288,3
2031,2026-06-16 11:07:16+05:30,3130.0,1,3130.91,1455918,133572.0,195266.0,3163.0,3163.0,3108.0,3134.3,31881200,3447.7,2820.9,3839.9,2896.0,3129.4,39,5,3129.3,41,3,3129.2,117,10,3129.1,25,2,3129.0,109,4,3130.1,231,8,3130.5,310,2,3130.6,22,1,3130.8,220,2,3130.9,288,3
2031,2026-06-16 11:07:17+05:30,3130.1,1,3130.91,1455921,133572.0,196218.0,3163.0,3163.0,3108.0,3134.3,31881200,3447.7,2820.9,3839.9,2896.0,3129.5,57,6,3129.4,77,6,3129.3,60,4,3129.2,73,8,3129.1,25,2,3130.1,230,8,3130.5,310,2,3130.6,22,1,3130.8,220,2,3130.9,288,3
2031,2026-06-16 11:07:17+05:30,3130.1,1,3130.91,1455921,133572.0,196218.0,3163.0,3163.0,3108.0,3134.3,31881200,3447.7,2820.9,3839.9,2896.0,3129.5,57,6,3129.4,77,6,3129.3,60,4,3129.2,73,8,3129.1,25,2,3130.1,230,8,3130.5,310,2,3130.6,22,1,3130.8,220,2,3130.9,288,3
2031,2026-06-16 11:07:18+05:30,3130.0,1,3130.91,1455923,133592.0,196270.0,3163.0,3163.0,3108.0,3134.3,31881200,3447.7,2820.9,3839.9,2896.0,3129.5,60,6,3129.4,77,6,3129.3,41,3,3129.2,73,8,3129.1,25,2,3130.1,230,8,3130.5,310,2,3130.6,22,1,3130.8,220,2,3130.9,288,3
2031,2026-06-16 11:07:18+05:30,3130.0,1,3130.91,1455923,133592.0,196270.0,3163.0,3163.0,3108.0,3134.3,31881200,3447.7,2820.9,3839.9,2896.0,3129.5,60,6,3129.4,77,6,3129.3,41,3,3129.2,73,8,3129.1,25,2,3130.1,230,8,3130.5,310,2,3130.6,22,1,3130.8,220,2,3130.9,288,3
2031,2026-06-16 11:07:19+05:30,3130.1,2,3130.91,1455930,133565.0,196269.0,3163.0,3163.0,3108.0,3134.3,31881200,3447.7,2820.9,3839.9,2896.0,3129.5,29,3,3129.4,31,2,3129.3,41,3,3129.2,52,6,3129.1,25,2,3130.1,228,8,3130.5,310,2,3130.6,22,1,3130.8,220,2,3130.9,288,3
2031,2026-06-16 11:07:19+05:30,3130.1,2,3130.91,1455930,133565.0,196269.0,3163.0,3163.0,3108.0,3134.3,31881200,3447.7,2820.9,3839.9,2896.0,3129.5,29,3,3129.4,31,2,3129.3,41,3,3129.2,52,6,3129.1,25,2,3130.1,228,8,3130.5,310,2,3130.6,22,1,3130.8,220,2,3130.9,288,3
2031,2026-06-16 11:07:20+05:30,3130.5,80,3130.91,1456239,133892.0,196273.0,3163.0,3163.0,3108.0,3134.3,31881200,3447.7,2820.9,3839.9,2896.0,3129.7,18,1,3129.6,13,2,3129.5,11,2,3129.4,10,1,3129.3,20,1,3130.1,200,1,3130.5,230,2,3130.8,312,4,3130.9,232,2,3131.0,338,7
2031,2026-06-16 11:07:20+05:30,3130.5,80,3130.91,1456239,133892.0,196273.0,3163.0,3163.0,3108.0,3134.3,31881200,3447.7,2820.9,3839.9,2896.0,3129.7,18,1,3129.6,13,2,3129.5,11,2,3129.4,10,1,3129.3,20,1,3130.1,200,1,3130.5,230,2,3130.8,312,4,3130.9,232,2,3131.0,338,7
2031,2026-06-16 11:07:21+05:30,3130.0,24,3130.91,1456273,133979.0,196207.0,3163.0,3163.0,3108.0,3134.3,31881200,3447.7,2820.9,3839.9,2896.0,3129.8,19,1,3129.7,54,4,3129.6,13,2,3129.5,21,3,3129.4,29,2,3130.1,200,1,3130.5,230,2,3130.8,276,3,3130.9,232,2,3131.0,292,6
2031,2026-06-16 11:07:21+05:30,3130.0,24,3130.91,1456273,133979.0,196207.0,3163.0,3163.0,3108.0,3134.3,31881200,3447.7,2820.9,3839.9,2896.0,3129.8,19,1,3129.7,54,4,3129.6,13,2,3129.5,21,3,3129.4,29,2,3130.1,200,1,3130.5,230,2,3130.8,276,3,3130.9,232,2,3131.0,292,6
2031,2026-06-16 11:07:22+05:30,3130.1,21,3130.91,1456476,133895.0,196443.0,3163.0,3163.0,3108.0,3134.3,31881200,3447.7,2820.9,3839.9,2896.0,3129.9,4,1,3129.8,11,2,3129.7,20,2,3129.6,9,1,3129.5,59,4,3130.0,23,1,3130.1,200,1,3130.5,230,2,3130.8,221,2,3130.9,232,2
2031,2026-06-16 11:07:22+05:30,3130.0,23,3130.91,1456476,133895.0,196443.0,3163.0,3163.0,3108.0,3134.3,31881200,3447.7,2820.9,3839.9,2896.0,3129.9,4,1,3129.8,11,2,3129.7,20,2,3129.6,9,1,3129.5,59,4,3130.0,23,1,3130.1,200,1,3130.5,230,2,3130.8,221,2,3130.9,232,2
2031,2026-06-16 11:07:23+05:30,3130.0,15,3130.91,1456517,134010.0,196510.0,3163.0,3163.0,3108.0,3134.3,31881200,3447.7,2820.9,3839.9,2896.0,3129.9,43,3,3129.8,40,4,3129.7,1,1,3129.6,20,1,3129.5,39,4,3130.1,200,1,3130.4,200,1,3130.5,230,2,3130.8,221,2,3130.9,288,3
2031,2026-06-16 11:07:23+05:30,3130.0,15,3130.91,1456517,134010.0,196510.0,3163.0,3163.0,3108.0,3134.3,31881200,3447.7,2820.9,3839.9,2896.0,3129.9,43,3,3129.8,40,4,3129.7,1,1,3129.6,20,1,3129.5,39,4,3130.1,200,1,3130.4,200,1,3130.5,230,2,3130.8,221,2,3130.9,288,3
2031,2026-06-16 11:07:24+05:30,3130.0,2,3130.91,1456517,134010.0,196510.0,3163.0,3163.0,3108.0,3134.3,31881200,3447.7,2820.9,3839.9,2896.0,3129.9,43,3,3129.8,40,4,3129.7,1,1,3129.6,20,1,3129.5,39,4,3130.1,200,1,3130.4,200,1,3130.5,230,2,3130.8,221,2,3130.9,288,3
2031,2026-06-16 11:07:25+05:30,3130.0,2,3130.91,1456520,133964.0,196346.0,3163.0,3163.0,3108.0,3134.3,31881200,3447.7,2820.9,3839.9,2896.0,3129.9,42,3,3129.8,30,3,3129.7,1,1,3129.6,10,1,3129.5,30,3,3130.1,223,3,3130.4,200,1,3130.5,230,2,3130.8,221,2,3130.9,288,3
2031,2026-06-16 11:07:25+05:30,3130.0,56,3130.91,1456520,133964.0,196346.0,3163.0,3163.0,3108.0,3134.3,31881200,3447.7,2820.9,3839.9,2896.0,3129.9,42,3,3129.8,30,3,3129.7,1,1,3129.6,10,1,3129.5,30,3,3130.1,223,3,3130.4,200,1,3130.5,230,2,3130.8,221,2,3130.9,288,3
2031,2026-06-16 11:07:26+05:30,3130.0,56,3130.91,1456618,133964.0,196528.0,3163.0,3163.0,3108.0,3134.3,31881200,3447.7,2820.9,3839.9,2896.0,3129.9,37,2,3129.8,30,3,3129.7,1,1,3129.6,10,1,3129.5,11,2,3130.1,210,3,3130.4,200,1,3130.5,230,2,3130.8,221,2,3130.9,288,3
2031,2026-06-16 11:07:27+05:30,3130.0,56,3130.91,1456618,133881.0,194804.0,3163.0,3163.0,3108.0,3134.3,31881200,3447.7,2820.9,3839.9,2896.0,3129.9,37,2,3129.8,20,2,3129.7,1,1,3129.5,11,2,3129.4,42,3,3130.0,6,1,3130.1,210,3,3130.4,200,1,3130.5,230,2,3130.8,221,2
2031,2026-06-16 11:07:27+05:30,3130.1,162,3130.91,1456618,133881.0,194804.0,3163.0,3163.0,3108.0,3134.3,31881200,3447.7,2820.9,3839.9,2896.0,3129.9,37,2,3129.8,20,2,3129.7,1,1,3129.5,11,2,3129.4,42,3,3130.0,6,1,3130.1,210,3,3130.4,200,1,3130.5,230,2,3130.8,221,2
2031,2026-06-16 11:07:28+05:30,3130.0,8,3130.91,1456818,134093.0,196356.0,3163.0,3163.0,3108.0,3134.3,31881200,3447.7,2820.9,3839.9,2896.0,3129.9,37,2,3129.8,1,1,3129.7,40,3,3129.5,16,2,3129.4,51,3,3130.1,38,2,3130.3,200,1,3130.5,30,1,3130.6,200,1,3130.7,200,1
2031,2026-06-16 11:07:28+05:30,3130.1,3,3130.91,1456818,134093.0,196356.0,3163.0,3163.0,3108.0,3134.3,31881200,3447.7,2820.9,3839.9,2896.0,3129.9,37,2,3129.8,1,1,3129.7,40,3,3129.5,16,2,3129.4,51,3,3130.1,38,2,3130.3,200,1,3130.5,30,1,3130.6,200,1,3130.7,200,1
2031,2026-06-16 11:07:29+05:30,3130.1,3,3130.91,1456848,134166.0,196663.0,3163.0,3163.0,3108.0,3134.3,31881200,3447.7,2820.9,3839.9,2896.0,3129.9,37,2,3129.8,37,3,3129.7,1,1,3129.6,39,2,3129.5,1,1,3130.1,53,3,3130.3,200,1,3130.5,30,1,3130.7,200,1,3130.8,77,2
2031,2026-06-16 11:07:30+05:30,3130.0,1,3130.91,1456856,134185.0,196840.0,3163.0,3163.0,3108.0,3134.3,31881200,3447.7,2820.9,3839.9,2896.0,3129.9,38,3,3129.8,57,5,3129.7,1,1,3129.6,19,1,3129.5,11,2,3130.1,42,2,3130.3,400,2,3130.5,30,1,3130.7,200,1,3130.8,21,1
2031,2026-06-16 11:07:30+05:30,3130.0,1,3130.91,1456856,134185.0,196840.0,3163.0,3163.0,3108.0,3134.3,31881200,3447.7,2820.9,3839.9,2896.0,3129.9,38,3,3129.8,57,5,3129.7,1,1,3129.6,19,1,3129.5,11,2,3130.1,42,2,3130.3,400,2,3130.5,30,1,3130.7,200,1,3130.8,21,1
2031,2026-06-16 11:07:31+05:30,3130.0,1,3130.91,1456856,134313.0,196840.0,3163.0,3163.0,3108.0,3134.3,31881200,3447.7,2820.9,3839.9,2896.0,3129.9,103,4,3129.8,57,5,3129.7,21,2,3129.6,19,1,3129.5,1,1,3130.1,42,2,3130.3,400,2,3130.5,30,1,3130.7,200,1,3130.8,21,1
2031,2026-06-16 11:07:32+05:30,3129.9,1,3130.91,1456857,134287.0,197839.0,3163.0,3163.0,3108.0,3134.3,31881200,3447.7,2820.9,3839.9,2896.0,3129.9,102,4,3129.8,57,5,3129.7,21,2,3129.6,19,1,3129.5,1,1,3130.0,1000,1,3130.1,42,2,3130.3,400,2,3130.5,30,1,3130.7,200,1
2031,2026-06-16 11:07:32+05:30,3130.1,1,3130.91,1456857,134287.0,197839.0,3163.0,3163.0,3108.0,3134.3,31881200,3447.7,2820.9,3839.9,2896.0,3129.9,102,4,3129.8,57,5,3129.7,21,2,3129.6,19,1,3129.5,1,1,3130.0,1000,1,3130.1,42,2,3130.3,400,2,3130.5,30,1,3130.7,200,1
2031,2026-06-16 11:07:33+05:30,3129.8,27,3130.91,1458387,132742.0,197657.0,3163.0,3163.0,3108.0,3134.3,31881200,3447.7,2820.9,3839.9,2896.0,3129.8,3,1,3129.7,1,1,3129.5,1,1,3129.2,2,1,3129.0,1,1,3129.9,293,3,3130.1,10,1,3130.3,435,4,3130.4,29,2,3130.5,168,5
2031,2026-06-16 11:07:33+05:30,3129.9,2,3130.91,1458387,132742.0,197657.0,3163.0,3163.0,3108.0,3134.3,31881200,3447.7,2820.9,3839.9,2896.0,3129.8,3,1,3129.7,1,1,3129.5,1,1,3129.2,2,1,3129.0,1,1,3129.9,293,3,3130.1,10,1,3130.3,435,4,3130.4,29,2,3130.5,168,5
2031,2026-06-16 11:07:34+05:30,3129.8,3,3130.91,1458696,133140.0,197560.0,3163.0,3163.0,3108.0,3134.3,31881200,3447.7,2820.9,3839.9,2896.0,3129.7,1,1,3129.5,1,1,3129.2,2,1,3129.0,1,1,3128.9,198,3,3129.8,35,1,3129.9,2,1,3130.2,400,2,3130.3,38,1,3130.5,153,4
2031,2026-06-16 11:07:34+05:30,3129.9,4,3130.91,1458696,133140.0,197560.0,3163.0,3163.0,3108.0,3134.3,31881200,3447.7,2820.9,3839.9,2896.0,3129.7,1,1,3129.5,1,1,3129.2,2,1,3129.0,1,1,3128.9,198,3,3129.8,35,1,3129.9,2,1,3130.2,400,2,3130.3,38,1,3130.5,153,4
2031,2026-06-16 11:07:35+05:30,3129.8,24,3130.91,1458961,133338.0,197147.0,3163.0,3163.0,3108.0,3134.3,31881200,3447.7,2820.9,3839.9,2896.0,3129.5,1,1,3129.2,2,1,3129.0,86,5,3128.9,204,4,3128.8,84,3,3130.3,30,1,3130.4,238,2,3130.5,257,4,3130.6,57,2,3130.7,142,4
2031,2026-06-16 11:07:35+05:30,3129.8,24,3130.91,1458961,133338.0,197147.0,3163.0,3163.0,3108.0,3134.3,31881200,3447.7,2820.9,3839.9,2896.0,3129.5,1,1,3129.2,2,1,3129.0,86,5,3128.9,204,4,3128.8,84,3,3130.3,30,1,3130.4,238,2,3130.5,257,4,3130.6,57,2,3130.7,142,4
2031,2026-06-16 11:07:36+05:30,3129.8,24,3130.91,1458961,133338.0,197147.0,3163.0,3163.0,3108.0,3134.3,31881200,3447.7,2820.9,3839.9,2896.0,3129.5,1,1,3129.2,2,1,3129.0,86,5,3128.9,204,4,3128.8,84,3,3130.3,30,1,3130.4,238,2,3130.5,257,4,3130.6,57,2,3130.7,142,4
2031,2026-06-16 11:07:36+05:30,3129.5,1,3130.91,1458994,133738.0,196916.0,3163.0,3163.0,3108.0,3134.3,31881200,3447.7,2820.9,3839.9,2896.0,3129.5,18,2,3129.2,2,1,3129.1,165,1,3129.0,121,5,3128.9,308,7,3130.5,434,4,3130.6,38,1,3130.7,60,2,3130.8,315,4,3130.9,57,2
2031,2026-06-16 11:07:36+05:30,3129.5,1,3130.91,1458994,133738.0,196916.0,3163.0,3163.0,3108.0,3134.3,31881200,3447.7,2820.9,3839.9,2896.0,3129.5,18,2,3129.2,2,1,3129.1,165,1,3129.0,121,5,3128.9,308,7,3130.5,434,4,3130.6,38,1,3130.7,60,2,3130.8,315,4,3130.9,57,2
2031,2026-06-16 11:07:38+05:30,3129.5,1,3130.91,1458994,133963.0,196968.0,3163.0,3163.0,3108.0,3134.3,31881200,3447.7,2820.9,3839.9,2896.0,3129.5,57,3,3129.2,34,2,3129.1,165,1,3129.0,181,5,3128.9,244,6,3130.5,434,4,3130.6,79,2,3130.7,60,2,3130.8,315,4,3130.9,55,2
2031,2026-06-16 11:07:38+05:30,3129.5,1,3130.91,1458994,133963.0,196968.0,3163.0,3163.0,3108.0,3134.3,31881200,3447.7,2820.9,3839.9,2896.0,3129.5,57,3,3129.2,34,2,3129.1,165,1,3129.0,181,5,3128.9,244,6,3130.5,434,4,3130.6,79,2,3130.7,60,2,3130.8,315,4,3130.9,55,2
2031,2026-06-16 11:07:38+05:30,3129.5,7,3130.91,1458994,133963.0,196968.0,3163.0,3163.0,3108.0,3134.3,31881200,3447.7,2820.9,3839.9,2896.0,3129.5,57,3,3129.2,34,2,3129.1,165,1,3129.0,181,5,3128.9,244,6,3130.5,434,4,3130.6,79,2,3130.7,60,2,3130.8,315,4,3130.9,55,2
2031,2026-06-16 11:07:39+05:30,3129.5,7,3130.91,1459002,134021.0,196811.0,3163.0,3163.0,3108.0,3134.3,31881200,3447.7,2820.9,3839.9,2896.0,3129.5,50,3,3129.3,70,2,3129.2,2,1,3129.0,253,6,3128.9,308,7,3130.5,429,3,3130.6,79,2,3130.7,60,2,3130.8,315,4,3130.9,76,3
2031,2026-06-16 11:07:40+05:30,3129.5,7,3130.91,1459002,133951.0,197111.0,3163.0,3163.0,3108.0,3134.3,31881200,3447.7,2820.9,3839.9,2896.0,3129.5,50,3,3129.2,2,1,3129.0,292,6,3128.9,289,6,3128.8,84,3,3130.5,447,4,3130.6,79,2,3130.7,142,4,3130.8,334,5,3130.9,57,2
2031,2026-06-16 11:07:40+05:30,3129.5,7,3130.91,1459002,133951.0,197111.0,3163.0,3163.0,3108.0,3134.3,31881200,3447.7,2820.9,3839.9,2896.0,3129.5,50,3,3129.2,2,1,3129.0,292,6,3128.9,289,6,3128.8,84,3,3130.5,447,4,3130.6,79,2,3130.7,142,4,3130.8,334,5,3130.9,57,2
2031,2026-06-16 11:07:41+05:30,3130.1,1,3130.91,1459004,133501.0,197709.0,3163.0,3163.0,3108.0,3134.3,31881200,3447.7,2820.9,3839.9,2896.0,3129.7,17,1,3129.5,40,2,3129.2,2,1,3129.0,1,1,3128.9,198,3,3130.1,35,1,3130.2,29,2,3130.3,214,2,3130.4,91,5,3130.5,290,5
2031,2026-06-16 11:07:41+05:30,3130.1,1,3130.91,1459004,133501.0,197709.0,3163.0,3163.0,3108.0,3134.3,31881200,3447.7,2820.9,3839.9,2896.0,3129.7,17,1,3129.5,40,2,3129.2,2,1,3129.0,1,1,3128.9,198,3,3130.1,35,1,3130.2,29,2,3130.3,214,2,3130.4,91,5,3130.5,290,5
2031,2026-06-16 11:07:41+05:30,3129.8,17,3130.91,1459004,133501.0,197709.0,3163.0,3163.0,3108.0,3134.3,31881200,3447.7,2820.9,3839.9,2896.0,3129.7,17,1,3129.5,40,2,3129.2,2,1,3129.0,1,1,3128.9,198,3,3130.1,35,1,3130.2,29,2,3130.3,214,2,3130.4,91,5,3130.5,290,5
2031,2026-06-16 11:07:42+05:30,3129.8,17,3130.91,1459531,132947.0,197016.0,3163.0,3163.0,3108.0,3134.3,31881200,3447.7,2820.9,3839.9,2896.0,3129.2,2,1,3129.0,1,1,3128.9,198,3,3128.7,14,1,3128.4,33,2,3129.9,43,3,3130.1,73,2,3130.2,435,4,3130.3,43,2,3130.4,141,6
2031,2026-06-16 11:07:42+05:30,3130.0,19,3130.91,1459531,132947.0,197016.0,3163.0,3163.0,3108.0,3134.3,31881200,3447.7,2820.9,3839.9,2896.0,3129.2,2,1,3129.0,1,1,3128.9,198,3,3128.7,14,1,3128.4,33,2,3129.9,43,3,3130.1,73,2,3130.2,435,4,3130.3,43,2,3130.4,141,6
2031,2026-06-16 11:07:43+05:30,3130.1,1,3130.91,1460163,127855.0,192311.0,3163.0,3163.0,3108.0,3134.3,31881200,3447.7,2820.9,3839.9,2896.0,3129.2,20,2,3129.0,1,1,3128.9,198,3,3128.7,14,1,3128.5,145,4,3130.1,472,5,3130.2,72,2,3130.3,56,1,3130.4,352,6,3130.5,213,8
2031,2026-06-16 11:07:43+05:30,3130.1,1,3130.91,1460163,127855.0,192311.0,3163.0,3163.0,3108.0,3134.3,31881200,3447.7,2820.9,3839.9,2896.0,3129.2,20,2,3129.0,1,1,3128.9,198,3,3128.7,14,1,3128.5,145,4,3130.1,472,5,3130.2,72,2,3130.3,56,1,3130.4,352,6,3130.5,213,8
2031,2026-06-16 11:07:43+05:30,3130.1,1,3130.91,1460163,127855.0,192311.0,3163.0,3163.0,3108.0,3134.3,31881200,3447.7,2820.9,3839.9,2896.0,3129.2,20,2,3129.0,1,1,3128.9,198,3,3128.7,14,1,3128.5,145,4,3130.1,472,5,3130.2,72,2,3130.3,56,1,3130.4,352,6,3130.5,213,8
2031,2026-06-16 11:07:44+05:30,3130.1,1,3130.91,1460164,127856.0,192455.0,3163.0,3163.0,3108.0,3134.3,31881200,3447.7,2820.9,3839.9,2896.0,3129.2,17,1,3129.0,1,1,3128.9,198,3,3128.7,14,1,3128.5,81,3,3130.0,65,1,3130.1,509,6,3130.2,33,1,3130.3,56,1,3130.4,352,6
2031,2026-06-16 11:07:44+05:30,3130.0,65,3130.91,1460164,127856.0,192455.0,3163.0,3163.0,3108.0,3134.3,31881200,3447.7,2820.9,3839.9,2896.0,3129.2,17,1,3129.0,1,1,3128.9,198,3,3128.7,14,1,3128.5,81,3,3130.0,65,1,3130.1,509,6,3130.2,33,1,3130.3,56,1,3130.4,352,6
2031,2026-06-16 11:07:45+05:30,3130.0,65,3130.91,1460164,127856.0,192455.0,3163.0,3163.0,3108.0,3134.3,31881200,3447.7,2820.9,3839.9,2896.0,3129.2,17,1,3129.0,1,1,3128.9,198,3,3128.7,14,1,3128.5,81,3,3130.0,65,1,3130.1,509,6,3130.2,33,1,3130.3,56,1,3130.4,352,6
2031,2026-06-16 11:07:45+05:30,3130.0,65,3130.91,1460229,128274.0,192177.0,3163.0,3163.0,3108.0,3134.3,31881200,3447.7,2820.9,3839.9,2896.0,3129.2,18,2,3129.0,1,1,3128.9,184,2,3128.6,88,2,3128.5,281,4,3130.0,36,2,3130.1,54,2,3130.2,400,2,3130.3,94,2,3130.4,86,3
2031,2026-06-16 11:07:45+05:30,3130.0,19,3130.91,1460229,128274.0,192177.0,3163.0,3163.0,3108.0,3134.3,31881200,3447.7,2820.9,3839.9,2896.0,3129.2,18,2,3129.0,1,1,3128.9,184,2,3128.6,88,2,3128.5,281,4,3130.0,36,2,3130.1,54,2,3130.2,400,2,3130.3,94,2,3130.4,86,3
2031,2026-06-16 11:07:46+05:30,3130.0,1,3130.91,1460291,128591.0,192107.0,3163.0,3163.0,3108.0,3134.3,31881200,3447.7,2820.9,3839.9,2896.0,3129.6,2,2,3129.3,18,1,3129.2,1,1,3129.0,46,2,3128.9,184,2,3130.1,35,1,3130.3,400,2,3130.5,69,5,3130.6,115,3,3130.7,230,2
2031,2026-06-16 11:07:46+05:30,3130.0,1,3130.91,1460291,128591.0,192107.0,3163.0,3163.0,3108.0,3134.3,31881200,3447.7,2820.9,3839.9,2896.0,3129.6,2,2,3129.3,18,1,3129.2,1,1,3129.0,46,2,3128.9,184,2,3130.1,35,1,3130.3,400,2,3130.5,69,5,3130.6,115,3,3130.7,230,2
2031,2026-06-16 11:07:46+05:30,3130.0,1,3130.91,1460291,128591.0,192107.0,3163.0,3163.0,3108.0,3134.3,31881200,3447.7,2820.9,3839.9,2896.0,3129.6,2,2,3129.3,18,1,3129.2,1,1,3129.0,46,2,3128.9,184,2,3130.1,35,1,3130.3,400,2,3130.5,69,5,3130.6,115,3,3130.7,230,2
2031,2026-06-16 11:07:47+05:30,3130.0,1,3130.91,1460291,128591.0,192107.0,3163.0,3163.0,3108.0,3134.3,31881200,3447.7,2820.9,3839.9,2896.0,3129.6,2,2,3129.3,18,1,3129.2,1,1,3129.0,46,2,3128.9,184,2,3130.1,35,1,3130.3,400,2,3130.5,69,5,3130.6,115,3,3130.7,230,2
2031,2026-06-16 11:07:47+05:30,3130.0,1,3130.91,1460293,128718.0,192268.0,3163.0,3163.0,3108.0,3134.3,31881200,3447.7,2820.9,3839.9,2896.0,3129.6,2,2,3129.3,18,1,3129.2,1,1,3129.0,46,2,3128.9,184,2,3130.0,99,1,3130.1,62,2,3130.3,400,2,3130.5,69,5,3130.6,150,4
2031,2026-06-16 11:07:47+05:30,3130.0,1,3130.91,1460293,128718.0,192268.0,3163.0,3163.0,3108.0,3134.3,31881200,3447.7,2820.9,3839.9,2896.0,3129.6,2,2,3129.3,18,1,3129.2,1,1,3129.0,46,2,3128.9,184,2,3130.0,99,1,3130.1,62,2,3130.3,400,2,3130.5,69,5,3130.6,150,4
2031,2026-06-16 11:07:47+05:30,3130.0,99,3130.91,1460293,128718.0,192268.0,3163.0,3163.0,3108.0,3134.3,31881200,3447.7,2820.9,3839.9,2896.0,3129.6,2,2,3129.3,18,1,3129.2,1,1,3129.0,46,2,3128.9,184,2,3130.0,99,1,3130.1,62,2,3130.3,400,2,3130.5,69,5,3130.6,150,4
2031,2026-06-16 11:07:48+05:30,3130.0,99,3130.91,1460293,128718.0,192268.0,3163.0,3163.0,3108.0,3134.3,31881200,3447.7,2820.9,3839.9,2896.0,3129.6,2,2,3129.3,18,1,3129.2,1,1,3129.0,46,2,3128.9,184,2,3130.0,99,1,3130.1,62,2,3130.3,400,2,3130.5,69,5,3130.6,150,4
2031,2026-06-16 11:07:48+05:30,3129.7,19,3130.91,1460422,129145.0,192075.0,3163.0,3163.0,3108.0,3134.3,31881200,3447.7,2820.9,3839.9,2896.0,3129.7,19,1,3129.6,12,3,3129.2,1,1,3129.0,46,2,3128.9,204,3,3130.1,62,2,3130.4,400,2,3130.5,64,4,3130.6,115,3,3130.7,251,3
2031,2026-06-16 11:07:48+05:30,3130.1,1,3130.91,1460422,129145.0,192075.0,3163.0,3163.0,3108.0,3134.3,31881200,3447.7,2820.9,3839.9,2896.0,3129.7,19,1,3129.6,12,3,3129.2,1,1,3129.0,46,2,3128.9,204,3,3130.1,62,2,3130.4,400,2,3130.5,64,4,3130.6,115,3,3130.7,251,3
2031,2026-06-16 11:07:49+05:30,3130.1,1,3130.91,1460422,129145.0,192075.0,3163.0,3163.0,3108.0,3134.3,31881200,3447.7,2820.9,3839.9,2896.0,3129.7,19,1,3129.6,12,3,3129.2,1,1,3129.0,46,2,3128.9,204,3,3130.1,62,2,3130.4,400,2,3130.5,64,4,3130.6,115,3,3130.7,251,3
2031,2026-06-16 11:07:49+05:30,3130.1,1,3130.91,1460428,134088.0,197900.0,3163.0,3163.0,3108.0,3134.3,31881200,3447.7,2820.9,3839.9,2896.0,3129.9,1,1,3129.8,19,1,3129.7,10,1,3129.6,2,2,3129.2,1,1,3130.1,60,2,3130.4,400,2,3130.5,32,2,3130.6,94,2,3130.7,230,2
2031,2026-06-16 11:07:49+05:30,3130.1,1,3130.91,1460428,134088.0,197900.0,3163.0,3163.0,3108.0,3134.3,31881200,3447.7,2820.9,3839.9,2896.0,3129.9,1,1,3129.8,19,1,3129.7,10,1,3129.6,2,2,3129.2,1,1,3130.1,60,2,3130.4,400,2,3130.5,32,2,3130.6,94,2,3130.7,230,2
2031,2026-06-16 11:07:49+05:30,3130.1,1,3130.91,1460428,134088.0,197900.0,3163.0,3163.0,3108.0,3134.3,31881200,3447.7,2820.9,3839.9,2896.0,3129.9,1,1,3129.8,19,1,3129.7,10,1,3129.6,2,2,3129.2,1,1,3130.1,60,2,3130.4,400,2,3130.5,32,2,3130.6,94,2,3130.7,230,2
2031,2026-06-16 11:07:50+05:30,3130.1,17,3130.91,1460771,133186.0,196863.0,3163.0,3163.0,3108.0,3134.3,31881200,3447.7,2820.9,3839.9,2896.0,3129.2,31,3,3129.0,1,1,3128.9,184,2,3128.8,33,2,3128.7,45,1,3130.0,38,1,3130.1,10,1,3130.3,400,2,3130.4,70,2,3130.5,32,2
2031,2026-06-16 11:07:50+05:30,3130.1,17,3130.91,1460771,133186.0,196863.0,3163.0,3163.0,3108.0,3134.3,31881200,3447.7,2820.9,3839.9,2896.0,3129.2,31,3,3129.0,1,1,3128.9,184,2,3128.8,33,2,3128.7,45,1,3130.0,38,1,3130.1,10,1,3130.3,400,2,3130.4,70,2,3130.5,32,2
2031,2026-06-16 11:07:50+05:30,3130.0,38,3130.91,1460771,133186.0,196863.0,3163.0,3163.0,3108.0,3134.3,31881200,3447.7,2820.9,3839.9,2896.0,3129.2,31,3,3129.0,1,1,3128.9,184,2,3128.8,33,2,3128.7,45,1,3130.0,38,1,3130.1,10,1,3130.3,400,2,3130.4,70,2,3130.5,32,2
2031,2026-06-16 11:07:51+05:30,3130.0,38,3130.91,1460771,133186.0,196863.0,3163.0,3163.0,3108.0,3134.3,31881200,3447.7,2820.9,3839.9,2896.0,3129.2,31,3,3129.0,1,1,3128.9,184,2,3128.8,33,2,3128.7,45,1,3130.0,38,1,3130.1,10,1,3130.3,400,2,3130.4,70,2,3130.5,32,2
2031,2026-06-16 11:07:51+05:30,3130.0,200,3130.91,1461209,133736.0,196557.0,3163.0,3163.0,3108.0,3134.3,31881200,3447.7,2820.9,3839.9,2896.0,3129.3,18,1,3129.2,110,5,3129.1,19,1,3129.0,27,3,3128.9,226,4,3130.0,48,1,3130.1,10,1,3130.3,200,1,3130.5,32,2,3130.6,21,1
2031,2026-06-16 11:07:51+05:30,3130.0,48,3130.91,1461209,133736.0,196557.0,3163.0,3163.0,3108.0,3134.3,31881200,3447.7,2820.9,3839.9,2896.0,3129.3,18,1,3129.2,110,5,3129.1,19,1,3129.0,27,3,3128.9,226,4,3130.0,48,1,3130.1,10,1,3130.3,200,1,3130.5,32,2,3130.6,21,1
2031,2026-06-16 11:07:52+05:30,3130.0,48,3130.91,1461209,133736.0,196557.0,3163.0,3163.0,3108.0,3134.3,31881200,3447.7,2820.9,3839.9,2896.0,3129.3,18,1,3129.2,110,5,3129.1,19,1,3129.0,27,3,3128.9,226,4,3130.0,48,1,3130.1,10,1,3130.3,200,1,3130.5,32,2,3130.6,21,1
2031,2026-06-16 11:07:52+05:30,3130.0,6,3130.91,1461209,133736.0,196557.0,3163.0,3163.0,3108.0,3134.3,31881200,3447.7,2820.9,3839.9,2896.0,3129.3,18,1,3129.2,110,5,3129.1,19,1,3129.0,27,3,3128.9,226,4,3130.0,48,1,3130.1,10,1,3130.3,200,1,3130.5,32,2,3130.6,21,1
2031,2026-06-16 11:07:52+05:30,3130.0,6,3130.91,1461286,134041.0,197335.0,3163.0,3163.0,3108.0,3134.3,31881200,3447.7,2820.9,3839.9,2896.0,3129.4,13,1,3129.3,43,3,3129.2,114,5,3129.1,263,4,3129.0,29,3,3130.3,395,2,3130.5,81,3,3130.6,21,1,3130.7,200,1,3130.8,76,2
2031,2026-06-16 11:07:53+05:30,3130.0,6,3130.91,1461286,134041.0,197335.0,3163.0,3163.0,3108.0,3134.3,31881200,3447.7,2820.9,3839.9,2896.0,3129.4,13,1,3129.3,43,3,3129.2,114,5,3129.1,263,4,3129.0,29,3,3130.3,395,2,3130.5,81,3,3130.6,21,1,3130.7,200,1,3130.8,76,2
2031,2026-06-16 11:07:53+05:30,3129.4,12,3130.91,1461286,134041.0,197335.0,3163.0,3163.0,3108.0,3134.3,31881200,3447.7,2820.9,3839.9,2896.0,3129.4,13,1,3129.3,43,3,3129.2,114,5,3129.1,263,4,3129.0,29,3,3130.3,395,2,3130.5,81,3,3130.6,21,1,3130.7,200,1,3130.8,76,2
2031,2026-06-16 11:07:54+05:30,3130.2,1,3130.91,1461306,134309.0,197302.0,3163.0,3163.0,3108.0,3134.3,31881200,3447.7,2820.9,3839.9,2896.0,3129.4,35,1,3129.3,17,1,3129.2,63,3,3129.1,65,3,3129.0,43,3,3130.2,2,1,3130.3,395,2,3130.5,32,2,3130.6,49,1,3130.7,200,1
2031,2026-06-16 11:07:54+05:30,3130.2,1,3130.91,1461306,134309.0,197302.0,3163.0,3163.0,3108.0,3134.3,31888400,3447.7,2820.9,3839.9,2896.0,3129.4,35,1,3129.3,17,1,3129.2,63,3,3129.1,65,3,3129.0,43,3,3130.2,2,1,3130.3,395,2,3130.5,32,2,3130.6,49,1,3130.7,200,1
2031,2026-06-16 11:07:54+05:30,3129.5,2,3130.91,1461306,134309.0,197302.0,3163.0,3163.0,3108.0,3134.3,31888400,3447.7,2820.9,3839.9,2896.0,3129.4,35,1,3129.3,17,1,3129.2,63,3,3129.1,65,3,3129.0,43,3,3130.2,2,1,3130.3,395,2,3130.5,32,2,3130.6,49,1,3130.7,200,1
2031,2026-06-16 11:07:55+05:30,3129.5,2,3130.91,1461310,134196.0,197138.0,3163.0,3163.0,3108.0,3134.3,31888400,3447.7,2820.9,3839.9,2896.0,3129.5,14,1,3129.4,55,2,3129.3,20,1,3129.2,82,4,3129.1,12,1,3130.3,395,2,3130.5,32,2,3130.6,70,2,3130.7,200,1,3130.8,97,3
2031,2026-06-16 11:07:55+05:30,3130.3,9,3130.91,1461310,134196.0,197138.0,3163.0,3163.0,3108.0,3134.3,31888400,3447.7,2820.9,3839.9,2896.0,3129.5,14,1,3129.4,55,2,3129.3,20,1,3129.2,82,4,3129.1,12,1,3130.3,395,2,3130.5,32,2,3130.6,70,2,3130.7,200,1,3130.8,97,3
2031,2026-06-16 11:07:56+05:30,3130.3,9,3130.91,1461319,134177.0,197332.0,3163.0,3163.0,3108.0,3134.3,31888400,3447.7,2820.9,3839.9,2896.0,3129.5,56,2,3129.4,35,1,3129.3,20,1,3129.2,81,3,3129.1,12,1,3130.2,1,1,3130.3,386,2,3130.5,32,2,3130.6,70,2,3130.7,200,1
2031,2026-06-16 11:07:56+05:30,3129.7,18,3130.91,1461319,134177.0,197332.0,3163.0,3163.0,3108.0,3134.3,31888400,3447.7,2820.9,3839.9,2896.0,3129.5,56,2,3129.4,35,1,3129.3,20,1,3129.2,81,3,3129.1,12,1,3130.2,1,1,3130.3,386,2,3130.5,32,2,3130.6,70,2,3130.7,200,1
2031,2026-06-16 11:07:57+05:30,3129.7,14,3130.91,1463358,134140.0,194948.0,3163.0,3163.0,3108.0,3134.3,31888400,3447.7,2820.9,3839.9,2896.0,3129.7,4,1,3129.5,42,1,3129.4,35,1,3129.3,19,1,3129.2,81,3,3130.3,200,1,3130.7,200,1,3130.8,9,1,3130.9,49,1,3131.0,200,1
2031,2026-06-16 11:07:57+05:30,3129.5,8,3130.91,1463358,134140.0,194948.0,3163.0,3163.0,3108.0,3134.3,31888400,3447.7,2820.9,3839.9,2896.0,3129.7,4,1,3129.5,42,1,3129.4,35,1,3129.3,19,1,3129.2,81,3,3130.3,200,1,3130.7,200,1,3130.8,9,1,3130.9,49,1,3131.0,200,1
2031,2026-06-16 11:07:58+05:30,3129.5,8,3130.91,1463614,133972.0,195474.0,3163.0,3163.0,3108.0,3134.3,31888400,3447.7,2820.9,3839.9,2896.0,3129.7,97,1,3129.4,84,3,3129.2,87,3,3129.1,102,5,3129.0,55,5,3130.4,251,1,3130.5,256,3,3130.6,26,2,3130.7,80,3,3130.9,234,3
2031,2026-06-16 11:07:59+05:30,3129.5,8,3130.91,1463614,133992.0,195457.0,3163.0,3163.0,3108.0,3134.3,31888400,3447.7,2820.9,3839.9,2896.0,3129.7,97,1,3129.4,42,2,3129.3,17,1,3129.2,87,3,3129.1,124,5,3130.4,297,3,3130.5,212,3,3130.6,26,2,3130.7,80,3,3130.8,21,1
2031,2026-06-16 11:07:59+05:30,3130.4,6,3130.91,1463614,133992.0,195457.0,3163.0,3163.0,3108.0,3134.3,31888400,3447.7,2820.9,3839.9,2896.0,3129.7,97,1,3129.4,42,2,3129.3,17,1,3129.2,87,3,3129.1,124,5,3130.4,297,3,3130.5,212,3,3130.6,26,2,3130.7,80,3,3130.8,21,1
2031,2026-06-16 11:08:00+05:30,3130.4,6,3130.91,1463621,134000.0,195411.0,3163.0,3163.0,3108.0,3134.3,31888400,3447.7,2820.9,3839.9,2896.0,3129.7,97,1,3129.4,54,3,3129.3,17,1,3129.2,76,2,3129.1,49,3,3130.4,364,6,3130.5,212,3,3130.6,45,3,3130.7,119,4,3130.8,73,3
2031,2026-06-16 11:08:00+05:30,3129.7,95,3130.91,1463621,134000.0,195411.0,3163.0,3163.0,3108.0,3134.3,31888400,3447.7,2820.9,3839.9,2896.0,3129.7,97,1,3129.4,54,3,3129.3,17,1,3129.2,76,2,3129.1,49,3,3130.4,364,6,3130.5,212,3,3130.6,45,3,3130.7,119,4,3130.8,73,3
2031,2026-06-16 11:08:01+05:30,3129.7,95,3130.91,1464177,133290.0,196462.0,3163.0,3163.0,3108.0,3134.3,31888400,3447.7,2820.9,3839.9,2896.0,3129.3,9,2,3129.2,42,1,3129.0,1,1,3128.9,249,4,3128.8,56,1,3130.0,13,1,3130.1,18,1,3130.3,73,2,3130.4,535,8,3130.5,57,2
2031,2026-06-16 11:08:01+05:30,3130.0,13,3130.91,1464177,133290.0,196462.0,3163.0,3163.0,3108.0,3134.3,31888400,3447.7,2820.9,3839.9,2896.0,3129.3,9,2,3129.2,42,1,3129.0,1,1,3128.9,249,4,3128.8,56,1,3130.0,13,1,3130.1,18,1,3130.3,73,2,3130.4,535,8,3130.5,57,2
2031,2026-06-16 11:08:02+05:30,3130.0,13,3130.91,1464190,133165.0,196401.0,3163.0,3163.0,3108.0,3134.3,31888400,3447.7,2820.9,3839.9,2896.0,3129.3,20,4,3129.2,45,2,3129.0,1,1,3128.9,268,5,3128.8,76,2,3130.1,19,1,3130.2,12,1,3130.3,40,1,3130.4,475,6,3130.5,57,2
2031,2026-06-16 11:08:02+05:30,3130.0,33,3130.91,1464190,133165.0,196401.0,3163.0,3163.0,3108.0,3134.3,31888400,3447.7,2820.9,3839.9,2896.0,3129.3,20,4,3129.2,45,2,3129.0,1,1,3128.9,268,5,3128.8,76,2,3130.1,19,1,3130.2,12,1,3130.3,40,1,3130.4,475,6,3130.5,57,2
2031,2026-06-16 11:08:03+05:30,3130.0,33,3130.91,1464678,132939.0,196334.0,3163.0,3163.0,3108.0,3134.3,31888400,3447.7,2820.9,3839.9,2896.0,3129.3,3,1,3129.2,12,2,3129.0,1,1,3128.9,184,2,3128.8,48,1,3130.1,14,2,3130.2,23,1,3130.3,440,3,3130.4,123,5,3130.5,47,2
2031,2026-06-16 11:08:03+05:30,3130.0,13,3130.91,1464678,132939.0,196334.0,3163.0,3163.0,3108.0,3134.3,31888400,3447.7,2820.9,3839.9,2896.0,3129.3,3,1,3129.2,12,2,3129.0,1,1,3128.9,184,2,3128.8,48,1,3130.1,14,2,3130.2,23,1,3130.3,440,3,3130.4,123,5,3130.5,47,2
2031,2026-06-16 11:08:04+05:30,3130.0,13,3130.91,1464691,133083.0,196574.0,3163.0,3163.0,3108.0,3134.3,31888400,3447.7,2820.9,3839.9,2896.0,3129.3,13,2,3129.2,2,1,3129.0,1,1,3128.9,240,3,3128.8,48,1,3130.0,10,1,3130.1,14,2,3130.2,423,3,3130.3,59,2,3130.4,123,5
2031,2026-06-16 11:08:04+05:30,3129.9,7,3130.91,1464691,133083.0,196574.0,3163.0,3163.0,3108.0,3134.3,31888400,3447.7,2820.9,3839.9,2896.0,3129.3,13,2,3129.2,2,1,3129.0,1,1,3128.9,240,3,3128.8,48,1,3130.0,10,1,3130.1,14,2,3130.2,423,3,3130.3,59,2,3130.4,123,5
2031,2026-06-16 11:08:05+05:30,3129.9,7,3130.9,1465794,132933.0,195990.0,3163.0,3163.0,3108.0,3134.3,31888400,3447.7,2820.9,3839.9,2896.0,3129.3,12,2,3129.1,20,1,3129.0,97,3,3128.9,59,3,3128.8,21,1,3129.8,13,1,3129.9,97,1,3130.0,1,1,3130.3,40,1,3130.4,70,3
2031,2026-06-16 11:08:05+05:30,3129.8,9,3130.9,1465794,132933.0,195990.0,3163.0,3163.0,3108.0,3134.3,31888400,3447.7,2820.9,3839.9,2896.0,3129.3,12,2,3129.1,20,1,3129.0,97,3,3128.9,59,3,3128.8,21,1,3129.8,13,1,3129.9,97,1,3130.0,1,1,3130.3,40,1,3130.4,70,3
2031,2026-06-16 11:08:06+05:30,3129.8,9,3130.9,1465914,133535.0,195817.0,3163.0,3163.0,3108.0,3134.3,31888400,3447.7,2820.9,3839.9,2896.0,3129.4,13,1,3129.3,28,3,3129.1,34,3,3129.0,87,3,3128.9,59,3,3130.2,16,1,3130.3,40,1,3130.4,49,2,3130.5,200,1,3130.6,69,2
2031,2026-06-16 11:08:07+05:30,3129.8,9,3130.9,1465914,133547.0,195389.0,3163.0,3163.0,3108.0,3134.3,31888400,3447.7,2820.9,3839.9,2896.0,3129.4,48,2,3129.3,2,1,3129.1,27,2,3129.0,89,3,3128.9,59,3,3130.0,16,1,3130.1,12,1,3130.2,9,1,3130.3,40,1,3130.4,49,2
2031,2026-06-16 11:08:07+05:30,3130.0,9,3130.9,1465914,133547.0,195389.0,3163.0,3163.0,3108.0,3134.3,31888400,3447.7,2820.9,3839.9,2896.0,3129.4,48,2,3129.3,2,1,3129.1,27,2,3129.0,89,3,3128.9,59,3,3130.0,16,1,3130.1,12,1,3130.2,9,1,3130.3,40,1,3130.4,49,2
2031,2026-06-16 11:08:08+05:30,3129.8,1,3130.9,1465972,133592.0,195723.0,3163.0,3163.0,3108.0,3134.3,31888400,3447.7,2820.9,3839.9,2896.0,3129.4,35,1,3129.3,70,3,3129.2,221,2,3129.1,1,1,3129.0,96,4,3130.2,9,1,3130.3,40,1,3130.4,48,1,3130.5,200,1,3130.6,69,2
2031,2026-06-16 11:08:08+05:30,3129.3,7,3130.9,1465972,133592.0,195723.0,3163.0,3163.0,3108.0,3134.3,31888400,3447.7,2820.9,3839.9,2896.0,3129.4,35,1,3129.3,70,3,3129.2,221,2,3129.1,1,1,3129.0,96,4,3130.2,9,1,3130.3,40,1,3130.4,48,1,3130.5,200,1,3130.6,69,2
2031,2026-06-16 11:08:09+05:30,3130.1,1,3130.9,1466027,131918.0,196405.0,3163.0,3163.0,3108.0,3134.3,31888400,3447.7,2820.9,3839.9,2896.0,3128.9,41,2,3128.6,20,1,3128.5,23,1,3128.4,56,1,3128.3,80,4,3130.1,94,4,3130.2,31,2,3130.3,314,5,3130.4,103,3,3130.5,23,1
2031,2026-06-16 11:08:09+05:30,3130.0,200,3130.9,1466027,131918.0,196405.0,3163.0,3163.0,3108.0,3134.3,31888400,3447.7,2820.9,3839.9,2896.0,3128.9,41,2,3128.6,20,1,3128.5,23,1,3128.4,56,1,3128.3,80,4,3130.1,94,4,3130.2,31,2,3130.3,314,5,3130.4,103,3,3130.5,23,1
2031,2026-06-16 11:08:10+05:30,3130.0,200,3130.9,1466235,133646.0,195877.0,3163.0,3163.0,3108.0,3134.3,31888400,3447.7,2820.9,3839.9,2896.0,3129.7,1,1,3129.0,12,1,3128.9,81,5,3128.7,67,5,3128.6,186,5,3130.1,9,1,3130.2,22,1,3130.3,40,1,3130.6,20,1,3130.7,17,2
2031,2026-06-16 11:08:10+05:30,3130.0,23,3130.9,1466235,133646.0,195877.0,3163.0,3163.0,3108.0,3134.3,31888400,3447.7,2820.9,3839.9,2896.0,3129.7,1,1,3129.0,12,1,3128.9,81,5,3128.7,67,5,3128.6,186,5,3130.1,9,1,3130.2,22,1,3130.3,40,1,3130.6,20,1,3130.7,17,2
2031,2026-06-16 11:08:11+05:30,3130.0,23,3130.9,1466258,133752.0,195964.0,3163.0,3163.0,3108.0,3134.3,31888400,3447.7,2820.9,3839.9,2896.0,3129.7,1,1,3129.0,32,2,3128.9,71,4,3128.8,200,2,3128.7,177,6,3130.1,9,1,3130.2,22,1,3130.3,40,1,3130.4,200,1,3130.6,20,1
2031,2026-06-16 11:08:11+05:30,3129.2,21,3130.9,1466258,133752.0,195964.0,3163.0,3163.0,3108.0,3134.3,31888400,3447.7,2820.9,3839.9,2896.0,3129.7,1,1,3129.0,32,2,3128.9,71,4,3128.8,200,2,3128.7,177,6,3130.1,9,1,3130.2,22,1,3130.3,40,1,3130.4,200,1,3130.6,20,1
2031,2026-06-16 11:08:12+05:30,3129.2,21,3130.9,1466498,133250.0,196019.0,3163.0,3163.0,3108.0,3134.3,31888400,3447.7,2820.9,3839.9,2896.0,3129.4,1,1,3129.1,13,1,3129.0,31,2,3128.9,68,4,3128.8,103,2,3130.0,29,1,3130.1,9,1,3130.2,22,1,3130.3,89,2,3130.4,22,1
2031,2026-06-16 11:08:12+05:30,3130.0,29,3130.9,1466498,133250.0,196019.0,3163.0,3163.0,3108.0,3134.3,31888400,3447.7,2820.9,3839.9,2896.0,3129.4,1,1,3129.1,13,1,3129.0,31,2,3128.9,68,4,3128.8,103,2,3130.0,29,1,3130.1,9,1,3130.2,22,1,3130.3,89,2,3130.4,22,1
2031,2026-06-16 11:08:13+05:30,3130.0,29,3130.9,1466527,133363.0,195796.0,3163.0,3163.0,3108.0,3134.3,31888400,3447.7,2820.9,3839.9,2896.0,3129.4,1,1,3129.0,62,2,3128.9,72,4,3128.8,126,3,3128.7,219,2,3130.0,4,2,3130.1,9,1,3130.2,22,1,3130.3,40,1,3130.4,200,1
2031,2026-06-16 11:08:13+05:30,3130.0,10,3130.9,1466527,133363.0,195796.0,3163.0,3163.0,3108.0,3134.3,31888400,3447.7,2820.9,3839.9,2896.0,3129.4,1,1,3129.0,62,2,3128.9,72,4,3128.8,126,3,3128.7,219,2,3130.0,4,2,3130.1,9,1,3130.2,22,1,3130.3,40,1,3130.4,200,1
2031,2026-06-16 11:08:14+05:30,3130.0,6,3130.9,1466590,133598.0,195554.0,3163.0,3163.0,3108.0,3134.3,31888400,3447.7,2820.9,3839.9,2896.0,3129.5,13,1,3129.4,63,3,3129.3,154,1,3129.2,201,2,3129.0,167,8,3130.2,22,1,3130.3,40,1,3130.4,200,1,3130.6,69,2,3130.8,244,3
2031,2026-06-16 11:08:14+05:30,3129.4,6,3130.9,1466590,133598.0,195554.0,3163.0,3163.0,3108.0,3134.3,31888400,3447.7,2820.9,3839.9,2896.0,3129.5,13,1,3129.4,63,3,3129.3,154,1,3129.2,201,2,3129.0,167,8,3130.2,22,1,3130.3,40,1,3130.4,200,1,3130.6,69,2,3130.8,244,3
2031,2026-06-16 11:08:15+05:30,3129.4,6,3130.9,1466597,133832.0,195862.0,3163.0,3163.0,3108.0,3134.3,31888400,3447.7,2820.9,3839.9,2896.0,3129.2,3,1,3129.1,261,6,3129.0,165,4,3128.9,52,3,3128.8,98,4,3130.1,5,1,3130.2,37,2,3130.3,40,1,3130.4,200,1,3130.6,21,1
2031,2026-06-16 11:08:15+05:30,3130.1,1,3130.9,1466597,133832.0,195862.0,3163.0,3163.0,3108.0,3134.3,31888400,3447.7,2820.9,3839.9,2896.0,3129.2,3,1,3129.1,261,6,3129.0,165,4,3128.9,52,3,3128.8,98,4,3130.1,5,1,3130.2,37,2,3130.3,40,1,3130.4,200,1,3130.6,21,1
2031,2026-06-16 11:08:16+05:30,3129.7,1,3130.9,1466600,133748.0,196007.0,3163.0,3163.0,3108.0,3134.3,31888400,3447.7,2820.9,3839.9,2896.0,3129.7,2,2,3129.2,3,1,3129.1,268,6,3129.0,165,4,3128.9,35,2,3130.1,3,1,3130.2,37,2,3130.3,40,1,3130.4,200,1,3130.6,21,1
2031,2026-06-16 11:08:16+05:30,3129.7,1,3130.9,1466600,133748.0,196007.0,3163.0,3163.0,3108.0,3134.3,31888400,3447.7,2820.9,3839.9,2896.0,3129.7,2,2,3129.2,3,1,3129.1,268,6,3129.0,165,4,3128.9,35,2,3130.1,3,1,3130.2,37,2,3130.3,40,1,3130.4,200,1,3130.6,21,1
2031,2026-06-16 11:08:17+05:30,3129.7,1,3130.9,1466600,133750.0,196006.0,3163.0,3163.0,3108.0,3134.3,31888400,3447.7,2820.9,3839.9,2896.0,3129.7,2,2,3129.2,21,2,3129.1,248,5,3129.0,165,4,3128.9,35,2,3130.1,3,1,3130.2,37,2,3130.3,40,1,3130.4,200,1,3130.6,21,1
2031,2026-06-16 11:08:17+05:30,3129.7,155,3130.9,1466600,133750.0,196006.0,3163.0,3163.0,3108.0,3134.3,31888400,3447.7,2820.9,3839.9,2896.0,3129.7,2,2,3129.2,21,2,3129.1,248,5,3129.0,165,4,3128.9,35,2,3130.1,3,1,3130.2,37,2,3130.3,40,1,3130.4,200,1,3130.6,21,1
2031,2026-06-16 11:08:18+05:30,3129.8,42,3130.9,1467445,133024.0,194878.0,3163.0,3163.0,3108.0,3134.3,31888400,3447.7,2820.9,3839.9,2896.0,3129.2,23,2,3129.1,14,2,3129.0,38,2,3128.9,35,2,3128.8,274,5,3130.2,37,2,3130.4,221,2,3130.6,20,1,3130.7,49,1,3130.8,21,1
2031,2026-06-16 11:08:18+05:30,3129.1,1,3130.9,1467445,133024.0,194878.0,3163.0,3163.0,3108.0,3134.3,31888400,3447.7,2820.9,3839.9,2896.0,3129.2,23,2,3129.1,14,2,3129.0,38,2,3128.9,35,2,3128.8,274,5,3130.2,37,2,3130.4,221,2,3130.6,20,1,3130.7,49,1,3130.8,21,1
2031,2026-06-16 11:08:19+05:30,3129.1,1,3130.9,1467823,132994.0,195848.0,3163.0,3163.0,3108.0,3134.3,31888400,3447.7,2820.9,3839.9,2896.0,3129.2,46,1,3129.1,1,1,3128.9,35,2,3128.8,50,2,3128.6,68,2,3130.2,237,3,3130.4,80,3,3130.5,77,2,3130.6,85,4,3130.7,5,1
2031,2026-06-16 11:08:19+05:30,3129.2,1,3130.9,1467823,132994.0,195848.0,3163.0,3163.0,3108.0,3134.3,31888400,3447.7,2820.9,3839.9,2896.0,3129.2,46,1,3129.1,1,1,3128.9,35,2,3128.8,50,2,3128.6,68,2,3130.2,237,3,3130.4,80,3,3130.5,77,2,3130.6,85,4,3130.7,5,1
2031,2026-06-16 11:08:20+05:30,3129.2,1,3130.9,1467868,133235.0,196301.0,3163.0,3163.0,3108.0,3134.3,31888400,3447.7,2820.9,3839.9,2896.0,3129.2,12,3,3129.1,19,2,3128.9,35,2,3128.8,100,4,3128.5,127,4,3130.1,46,1,3130.2,276,4,3130.4,70,2,3130.5,218,2,3130.6,81,3
2031,2026-06-16 11:08:20+05:30,3129.2,1,3130.9,1467868,133235.0,196301.0,3163.0,3163.0,3108.0,3134.3,31888400,3447.7,2820.9,3839.9,2896.0,3129.2,12,3,3129.1,19,2,3128.9,35,2,3128.8,100,4,3128.5,127,4,3130.1,46,1,3130.2,276,4,3130.4,70,2,3130.5,218,2,3130.6,81,3
2031,2026-06-16 11:08:21+05:30,3129.2,1,3130.9,1467915,133106.0,196453.0,3163.0,3163.0,3108.0,3134.3,31888400,3447.7,2820.9,3839.9,2896.0,3129.2,37,1,3129.1,19,2,3128.9,35,2,3128.8,44,2,3128.6,179,2,3130.1,251,3,3130.2,54,1,3130.3,40,2,3130.4,41,2,3130.5,286,3
2031,2026-06-16 11:08:22+05:30,3129.0,1,3130.9,1468251,130598.0,198350.0,3163.0,3163.0,3108.0,3134.3,31888400,3447.7,2820.9,3839.9,2896.0,3128.3,7,1,3128.0,66,5,3127.7,42,3,3127.5,70,2,3127.4,214,2,3129.0,242,4,3129.1,274,4,3129.2,220,5,3129.3,3,1,3129.4,94,4
2031,2026-06-16 11:08:22+05:30,3130.0,49,3130.9,1468251,130598.0,198350.0,3163.0,3163.0,3108.0,3134.3,31888400,3447.7,2820.9,3839.9,2896.0,3128.3,7,1,3128.0,66,5,3127.7,42,3,3127.5,70,2,3127.4,214,2,3129.0,242,4,3129.1,274,4,3129.2,220,5,3129.3,3,1,3129.4,94,4
2031,2026-06-16 11:08:23+05:30,3128.9,14,3130.9,1470147,131522.0,195381.0,3163.0,3163.0,3108.0,3134.3,31888400,3447.7,2820.9,3839.9,2896.0,3128.7,46,4,3128.6,30,2,3128.5,98,3,3128.4,220,2,3128.3,63,6,3130.0,62,2,3130.1,34,2,3130.2,4,1,3130.3,21,1,3130.4,60,2
2031,2026-06-16 11:08:23+05:30,3130.0,49,3130.9,1470147,131522.0,195381.0,3163.0,3163.0,3108.0,3134.3,31888400,3447.7,2820.9,3839.9,2896.0,3128.7,46,4,3128.6,30,2,3128.5,98,3,3128.4,220,2,3128.3,63,6,3130.0,62,2,3130.1,34,2,3130.2,4,1,3130.3,21,1,3130.4,60,2
2031,2026-06-16 11:08:24+05:30,3130.0,49,3130.9,1470209,133007.0,195729.0,3163.0,3163.0,3108.0,3134.3,31888400,3447.7,2820.9,3839.9,2896.0,3128.9,53,5,3128.8,170,2,3128.7,193,6,3128.6,130,3,3128.5,36,2,3129.9,92,1,3130.0,200,1,3130.1,83,3,3130.2,4,1,3130.3,21,1
2031,2026-06-16 11:08:24+05:30,3130.0,10,3130.9,1470209,133007.0,195729.0,3163.0,3163.0,3108.0,3134.3,31888400,3447.7,2820.9,3839.9,2896.0,3128.9,53,5,3128.8,170,2,3128.7,193,6,3128.6,130,3,3128.5,36,2,3129.9,92,1,3130.0,200,1,3130.1,83,3,3130.2,4,1,3130.3,21,1
2031,2026-06-16 11:08:25+05:30,3130.0,57,3130.9,1470781,133029.0,195352.0,3163.0,3163.0,3108.0,3134.3,31888400,3447.7,2820.9,3839.9,2896.0,3129.1,15,1,3129.0,35,2,3128.9,37,2,3128.8,160,1,3128.7,145,3,3130.1,34,2,3130.2,4,1,3130.3,200,1,3130.5,49,1,3130.6,20,1
2031,2026-06-16 11:08:25+05:30,3130.0,1,3130.9,1470781,133029.0,195352.0,3163.0,3163.0,3108.0,3134.3,31888400,3447.7,2820.9,3839.9,2896.0,3129.1,15,1,3129.0,35,2,3128.9,37,2,3128.8,160,1,3128.7,145,3,3130.1,34,2,3130.2,4,1,3130.3,200,1,3130.5,49,1,3130.6,20,1
2031,2026-06-16 11:08:26+05:30,3130.1,1,3130.9,1470788,133382.0,195089.0,3163.0,3163.0,3108.0,3134.3,31888400,3447.7,2820.9,3839.9,2896.0,3129.1,159,3,3129.0,83,4,3128.9,86,3,3128.8,83,2,3128.7,145,3,3130.1,33,2,3130.2,204,2,3130.6,20,1,3130.8,21,1,3130.9,66,3
2031,2026-06-16 11:08:26+05:30,3130.1,1,3130.9,1470788,133382.0,195089.0,3163.0,3163.0,3108.0,3134.3,31888400,3447.7,2820.9,3839.9,2896.0,3129.1,159,3,3129.0,83,4,3128.9,86,3,3128.8,83,2,3128.7,145,3,3130.1,33,2,3130.2,204,2,3130.6,20,1,3130.8,21,1,3130.9,66,3
2031,2026-06-16 11:08:27+05:30,3130.0,1,3130.9,1470789,133580.0,195061.0,3163.0,3163.0,3108.0,3134.3,31888400,3447.7,2820.9,3839.9,2896.0,3129.1,174,4,3129.0,68,3,3128.9,105,4,3128.8,83,2,3128.7,145,3,3130.1,6,2,3130.2,204,2,3130.6,220,2,3130.8,21,1,3130.9,266,4
2031,2026-06-16 11:08:27+05:30,3130.0,1,3130.9,1470789,133580.0,195061.0,3163.0,3163.0,3108.0,3134.3,31888400,3447.7,2820.9,3839.9,2896.0,3129.1,174,4,3129.0,68,3,3128.9,105,4,3128.8,83,2,3128.7,145,3,3130.1,6,2,3130.2,204,2,3130.6,220,2,3130.8,21,1,3130.9,266,4
2031,2026-06-16 11:08:28+05:30,3130.0,1,3130.9,1470789,133501.0,195468.0,3163.0,3163.0,3108.0,3134.3,31888400,3447.7,2820.9,3839.9,2896.0,3129.1,144,2,3128.9,76,4,3128.8,19,1,3128.7,125,2,3128.6,147,4,3130.1,10,3,3130.2,204,2,3130.4,70,2,3130.5,48,1,3130.6,224,3
2031,2026-06-16 11:08:28+05:30,3130.1,1,3130.9,1470789,133501.0,195468.0,3163.0,3163.0,3108.0,3134.3,31888400,3447.7,2820.9,3839.9,2896.0,3129.1,144,2,3128.9,76,4,3128.8,19,1,3128.7,125,2,3128.6,147,4,3130.1,10,3,3130.2,204,2,3130.4,70,2,3130.5,48,1,3130.6,224,3
2031,2026-06-16 11:08:29+05:30,3130.1,1,3130.9,1470790,133486.0,195467.0,3163.0,3163.0,3108.0,3134.3,31888400,3447.7,2820.9,3839.9,2896.0,3129.1,164,3,3128.9,57,3,3128.8,19,1,3128.7,125,2,3128.6,147,4,3130.1,9,3,3130.2,204,2,3130.4,70,2,3130.5,48,1,3130.6,224,3
2031,2026-06-16 11:08:29+05:30,3130.0,2,3130.9,1470790,133486.0,195467.0,3163.0,3163.0,3108.0,3134.3,31888400,3447.7,2820.9,3839.9,2896.0,3129.1,164,3,3128.9,57,3,3128.8,19,1,3128.7,125,2,3128.6,147,4,3130.1,9,3,3130.2,204,2,3130.4,70,2,3130.5,48,1,3130.6,224,3
2031,2026-06-16 11:08:30+05:30,3130.0,2,3130.9,1470812,133446.0,195503.0,3163.0,3163.0,3108.0,3134.3,31888400,3447.7,2820.9,3839.9,2896.0,3129.1,169,4,3128.9,77,5,3128.8,19,1,3128.7,125,2,3128.6,146,3,3130.1,239,4,3130.2,4,1,3130.4,49,1,3130.6,224,3,3130.8,269,3
2031,2026-06-16 11:08:31+05:30,3130.0,2,3130.9,1470812,133747.0,195003.0,3163.0,3163.0,3108.0,3134.3,31888400,3447.7,2820.9,3839.9,2896.0,3129.6,2,2,3129.3,20,1,3129.1,140,3,3129.0,19,1,3128.9,171,6,3130.1,71,4,3130.2,4,1,3130.6,189,1,3130.7,21,1,3130.8,21,1
2031,2026-06-16 11:08:31+05:30,3129.3,40,3130.9,1470812,133747.0,195003.0,3163.0,3163.0,3108.0,3134.3,31888400,3447.7,2820.9,3839.9,2896.0,3129.6,2,2,3129.3,20,1,3129.1,140,3,3129.0,19,1,3128.9,171,6,3130.1,71,4,3130.2,4,1,3130.6,189,1,3130.7,21,1,3130.8,21,1
2031,2026-06-16 11:08:32+05:30,3129.3,40,3130.9,1470857,133382.0,195639.0,3163.0,3163.0,3108.0,3134.3,31888400,3447.7,2820.9,3839.9,2896.0,3129.3,20,1,3129.1,140,3,3129.0,10,1,3128.9,38,3,3128.8,88,3,3130.0,5,1,3130.1,26,3,3130.2,4,1,3130.3,189,1,3130.6,94,3
2031,2026-06-16 11:08:32+05:30,3129.3,5,3130.9,1470857,133382.0,195639.0,3163.0,3163.0,3108.0,3134.3,31888400,3447.7,2820.9,3839.9,2896.0,3129.3,20,1,3129.1,140,3,3129.0,10,1,3128.9,38,3,3128.8,88,3,3130.0,5,1,3130.1,26,3,3130.2,4,1,3130.3,189,1,3130.6,94,3
2031,2026-06-16 11:08:33+05:30,3129.3,5,3130.9,1470867,133411.0,195426.0,3163.0,3163.0,3108.0,3134.3,31888400,3447.7,2820.9,3839.9,2896.0,3129.3,154,2,3129.1,140,3,3129.0,10,1,3128.9,38,3,3128.8,203,5,3129.9,1,1,3130.0,37,2,3130.1,26,3,3130.2,4,1,3130.3,189,1
2031,2026-06-16 11:08:33+05:30,3129.8,1,3130.9,1470867,133411.0,195426.0,3163.0,3163.0,3108.0,3134.3,31888400,3447.7,2820.9,3839.9,2896.0,3129.3,154,2,3129.1,140,3,3129.0,10,1,3128.9,38,3,3128.8,203,5,3129.9,1,1,3130.0,37,2,3130.1,26,3,3130.2,4,1,3130.3,189,1
2031,2026-06-16 11:08:34+05:30,3129.8,1,3130.9,1470939,133123.0,195040.0,3163.0,3163.0,3108.0,3134.3,31888400,3447.7,2820.9,3839.9,2896.0,3129.5,18,1,3129.3,139,1,3129.2,11,1,3129.1,198,5,3129.0,113,4,3129.8,6,1,3129.9,1,1,3130.1,5,2,3130.2,4,1,3130.3,5,1
2031,2026-06-16 11:08:34+05:30,3130.0,32,3130.9,1470939,133123.0,195040.0,3163.0,3163.0,3108.0,3134.3,31888400,3447.7,2820.9,3839.9,2896.0,3129.5,18,1,3129.3,139,1,3129.2,11,1,3129.1,198,5,3129.0,113,4,3129.8,6,1,3129.9,1,1,3130.1,5,2,3130.2,4,1,3130.3,5,1
2031,2026-06-16 11:08:35+05:30,3130.0,18,3130.9,1471178,133135.0,195038.0,3163.0,3163.0,3108.0,3134.3,31888400,3447.7,2820.9,3839.9,2896.0,3129.5,18,1,3129.3,139,1,3129.1,142,4,3129.0,143,4,3128.9,72,3,3130.1,5,2,3130.2,4,1,3130.3,5,1,3130.5,189,1,3130.7,37,1
2031,2026-06-16 11:08:35+05:30,3129.3,100,3130.9,1471178,133135.0,195038.0,3163.0,3163.0,3108.0,3134.3,31888400,3447.7,2820.9,3839.9,2896.0,3129.5,18,1,3129.3,139,1,3129.1,142,4,3129.0,143,4,3128.9,72,3,3130.1,5,2,3130.2,4,1,3130.3,5,1,3130.5,189,1,3130.7,37,1
2031,2026-06-16 11:08:36+05:30,3130.0,27,3130.9,1471484,133089.0,195656.0,3163.0,3163.0,3108.0,3134.3,31888400,3447.7,2820.9,3839.9,2896.0,3129.3,39,1,3129.1,157,4,3129.0,52,2,3128.9,1,1,3128.7,20,1,3130.1,27,4,3130.2,72,4,3130.3,106,4,3130.4,189,1,3130.5,107,3
2031,2026-06-16 11:08:36+05:30,3130.0,27,3130.9,1471484,133089.0,195656.0,3163.0,3163.0,3108.0,3134.3,31888400,3447.7,2820.9,3839.9,2896.0,3129.3,39,1,3129.1,157,4,3129.0,52,2,3128.9,1,1,3128.7,20,1,3130.1,27,4,3130.2,72,4,3130.3,106,4,3130.4,189,1,3130.5,107,3
2031,2026-06-16 11:08:36+05:30,3130.0,21,3130.9,1471484,133089.0,195656.0,3163.0,3163.0,3108.0,3134.3,31888400,3447.7,2820.9,3839.9,2896.0,3129.3,39,1,3129.1,157,4,3129.0,52,2,3128.9,1,1,3128.7,20,1,3130.1,27,4,3130.2,72,4,3130.3,106,4,3130.4,189,1,3130.5,107,3
2031,2026-06-16 11:08:37+05:30,3130.0,21,3130.9,1471831,132654.0,195484.0,3163.0,3163.0,3108.0,3134.3,31888400,3447.7,2820.9,3839.9,2896.0,3129.1,93,3,3129.0,10,1,3128.9,1,1,3128.6,20,1,3128.5,73,3,3130.1,19,4,3130.2,193,2,3130.3,107,4,3130.4,21,1,3130.5,171,5
2031,2026-06-16 11:08:37+05:30,3130.0,12,3130.9,1471831,132654.0,195484.0,3163.0,3163.0,3108.0,3134.3,31888400,3447.7,2820.9,3839.9,2896.0,3129.1,93,3,3129.0,10,1,3128.9,1,1,3128.6,20,1,3128.5,73,3,3130.1,19,4,3130.2,193,2,3130.3,107,4,3130.4,21,1,3130.5,171,5
2031,2026-06-16 11:08:38+05:30,3130.0,12,3130.9,1471843,133131.0,195626.0,3163.0,3163.0,3108.0,3134.3,31888400,3447.7,2820.9,3839.9,2896.0,3129.1,98,3,3129.0,20,2,3128.9,1,1,3128.8,23,1,3128.6,94,3,3130.1,19,4,3130.2,193,2,3130.3,86,3,3130.4,21,1,3130.5,123,4
2031,2026-06-16 11:08:38+05:30,3130.0,12,3130.9,1471843,133131.0,195626.0,3163.0,3163.0,3108.0,3134.3,31888400,3447.7,2820.9,3839.9,2896.0,3129.1,98,3,3129.0,20,2,3128.9,1,1,3128.8,23,1,3128.6,94,3,3130.1,19,4,3130.2,193,2,3130.3,86,3,3130.4,21,1,3130.5,123,4
2031,2026-06-16 11:08:38+05:30,3130.0,7,3130.9,1471843,133131.0,195626.0,3163.0,3163.0,3108.0,3134.3,31888400,3447.7,2820.9,3839.9,2896.0,3129.1,98,3,3129.0,20,2,3128.9,1,1,3128.8,23,1,3128.6,94,3,3130.1,19,4,3130.2,193,2,3130.3,86,3,3130.4,21,1,3130.5,123,4
2031,2026-06-16 11:08:39+05:30,3130.0,7,3130.9,1471901,132974.0,196383.0,3163.0,3163.0,3108.0,3134.3,31888400,3447.7,2820.9,3839.9,2896.0,3129.5,5,1,3129.1,88,2,3129.0,20,2,3128.9,1,1,3128.7,75,2,3130.1,18,3,3130.2,193,2,3130.3,5,1,3130.4,3,1,3130.5,81,3
2031,2026-06-16 11:08:39+05:30,3130.0,1,3130.9,1471901,132974.0,196383.0,3163.0,3163.0,3108.0,3134.3,31888400,3447.7,2820.9,3839.9,2896.0,3129.5,5,1,3129.1,88,2,3129.0,20,2,3128.9,1,1,3128.7,75,2,3130.1,18,3,3130.2,193,2,3130.3,5,1,3130.4,3,1,3130.5,81,3
2031,2026-06-16 11:08:40+05:30,3130.0,1,3130.9,1471902,132989.0,196373.0,3163.0,3163.0,3108.0,3134.3,31888400,3447.7,2820.9,3839.9,2896.0,3129.5,5,1,3129.1,88,2,3129.0,20,2,3128.9,1,1,3128.7,75,2,3130.1,18,3,3130.2,193,2,3130.3,5,1,3130.4,3,1,3130.5,81,3
2031,2026-06-16 11:08:40+05:30,3130.0,1,3130.9,1471902,132989.0,196373.0,3163.0,3163.0,3108.0,3134.3,31888400,3447.7,2820.9,3839.9,2896.0,3129.5,5,1,3129.1,88,2,3129.0,20,2,3128.9,1,1,3128.7,75,2,3130.1,18,3,3130.2,193,2,3130.3,5,1,3130.4,3,1,3130.5,81,3
2031,2026-06-16 11:08:40+05:30,3130.0,1,3130.9,1471902,132989.0,196373.0,3163.0,3163.0,3108.0,3134.3,31888400,3447.7,2820.9,3839.9,2896.0,3129.5,5,1,3129.1,88,2,3129.0,20,2,3128.9,1,1,3128.7,75,2,3130.1,18,3,3130.2,193,2,3130.3,5,1,3130.4,3,1,3130.5,81,3
2031,2026-06-16 11:08:41+05:30,3130.0,1,3130.9,1471911,132967.0,196413.0,3163.0,3163.0,3108.0,3134.3,31888400,3447.7,2820.9,3839.9,2896.0,3129.5,5,1,3129.1,87,1,3129.0,20,2,3128.9,1,1,3128.7,75,2,3130.1,10,1,3130.2,193,2,3130.3,7,2,3130.5,81,3,3130.6,90,5
2031,2026-06-16 11:08:41+05:30,3129.1,32,3130.9,1471911,132967.0,196413.0,3163.0,3163.0,3108.0,3134.3,31888400,3447.7,2820.9,3839.9,2896.0,3129.5,5,1,3129.1,87,1,3129.0,20,2,3128.9,1,1,3128.7,75,2,3130.1,10,1,3130.2,193,2,3130.3,7,2,3130.5,81,3,3130.6,90,5
2031,2026-06-16 11:08:42+05:30,3129.3,49,3130.9,1472713,130496.0,196491.0,3163.0,3163.0,3108.0,3134.3,31888400,3447.7,2820.9,3839.9,2896.0,3129.5,10,1,3128.4,86,3,3128.3,231,6,3128.2,65,2,3128.1,61,4,3129.9,13,1,3130.0,256,5,3130.1,23,2,3130.2,84,4,3130.3,32,3
2031,2026-06-16 11:08:42+05:30,3129.3,49,3130.9,1472713,130496.0,196491.0,3163.0,3163.0,3108.0,3134.3,31888400,3447.7,2820.9,3839.9,2896.0,3129.5,10,1,3128.4,86,3,3128.3,231,6,3128.2,65,2,3128.1,61,4,3129.9,13,1,3130.0,256,5,3130.1,23,2,3130.2,84,4,3130.3,32,3
2031,2026-06-16 11:08:42+05:30,3130.0,118,3130.9,1472713,130496.0,196491.0,3163.0,3163.0,3108.0,3134.3,31888400,3447.7,2820.9,3839.9,2896.0,3129.5,10,1,3128.4,86,3,3128.3,231,6,3128.2,65,2,3128.1,61,4,3129.9,13,1,3130.0,256,5,3130.1,23,2,3130.2,84,4,3130.3,32,3
2031,2026-06-16 11:08:43+05:30,3129.9,11,3130.9,1473113,132687.0,196129.0,3163.0,3163.0,3108.0,3134.3,31888400,3447.7,2820.9,3839.9,2896.0,3129.5,14,2,3128.7,12,1,3128.6,89,2,3128.5,227,5,3128.4,44,4,3129.9,11,1,3130.1,235,4,3130.3,32,3,3130.5,95,3,3130.6,221,2
2031,2026-06-16 11:08:43+05:30,3129.9,27,3130.9,1473113,132687.0,196129.0,3163.0,3163.0,3108.0,3134.3,31888400,3447.7,2820.9,3839.9,2896.0,3129.5,14,2,3128.7,12,1,3128.6,89,2,3128.5,227,5,3128.4,44,4,3129.9,11,1,3130.1,235,4,3130.3,32,3,3130.5,95,3,3130.6,221,2
2031,2026-06-16 11:08:44+05:30,3130.0,200,3130.9,1473389,133562.0,195189.0,3163.0,3163.0,3108.0,3134.3,31888400,3447.7,2820.9,3839.9,2896.0,3129.5,14,2,3128.8,147,3,3128.7,115,4,3128.6,266,2,3128.5,163,4,3130.3,20,3,3130.5,32,1,3130.6,21,1,3130.7,312,5,3130.8,58,2
2031,2026-06-16 11:08:44+05:30,3130.0,200,3130.9,1473389,133562.0,195189.0,3163.0,3163.0,3108.0,3134.3,31888400,3447.7,2820.9,3839.9,2896.0,3129.5,14,2,3128.8,147,3,3128.7,115,4,3128.6,266,2,3128.5,163,4,3130.3,20,3,3130.5,32,1,3130.6,21,1,3130.7,312,5,3130.8,58,2
2031,2026-06-16 11:08:44+05:30,3129.5,1,3130.9,1473389,133562.0,195189.0,3163.0,3163.0,3108.0,3134.3,31888400,3447.7,2820.9,3839.9,2896.0,3129.5,14,2,3128.8,147,3,3128.7,115,4,3128.6,266,2,3128.5,163,4,3130.3,20,3,3130.5,32,1,3130.6,21,1,3130.7,312,5,3130.8,58,2
2031,2026-06-16 11:08:45+05:30,3130.0,2,3130.9,1473625,133173.0,195210.0,3163.0,3163.0,3108.0,3134.3,31888400,3447.7,2820.9,3839.9,2896.0,3129.5,10,1,3128.7,60,3,3128.6,63,4,3128.5,258,3,3128.4,671,3,3130.2,13,1,3130.3,42,6,3130.6,63,1,3130.7,82,4,3130.8,283,4
2031,2026-06-16 11:08:45+05:30,3130.0,2,3130.9,1473625,133173.0,195210.0,3163.0,3163.0,3108.0,3134.3,31888400,3447.7,2820.9,3839.9,2896.0,3129.5,10,1,3128.7,60,3,3128.6,63,4,3128.5,258,3,3128.4,671,3,3130.2,13,1,3130.3,42,6,3130.6,63,1,3130.7,82,4,3130.8,283,4
2031,2026-06-16 11:08:45+05:30,3130.0,2,3130.9,1473625,133173.0,195210.0,3163.0,3163.0,3108.0,3134.3,31888400,3447.7,2820.9,3839.9,2896.0,3129.5,10,1,3128.7,60,3,3128.6,63,4,3128.5,258,3,3128.4,671,3,3130.2,13,1,3130.3,42,6,3130.6,63,1,3130.7,82,4,3130.8,283,4
2031,2026-06-16 11:08:46+05:30,3130.0,2,3130.9,1473625,133648.0,195904.0,3163.0,3163.0,3108.0,3134.3,31888400,3447.7,2820.9,3839.9,2896.0,3129.9,2,2,3129.5,65,1,3128.9,119,2,3128.8,64,1,3128.7,199,6,3130.1,26,1,3130.2,200,1,3130.3,42,6,3130.6,237,2,3130.7,60,2
2031,2026-06-16 11:08:47+05:30,3130.0,2,3130.9,1473625,133648.0,195904.0,3163.0,3163.0,3108.0,3134.3,31888400,3447.7,2820.9,3839.9,2896.0,3129.9,2,2,3129.5,65,1,3128.9,119,2,3128.8,64,1,3128.7,199,6,3130.1,26,1,3130.2,200,1,3130.3,42,6,3130.6,237,2,3130.7,60,2
2031,2026-06-16 11:08:47+05:30,3130.1,1,3130.9,1473626,133574.0,195924.0,3163.0,3163.0,3108.0,3134.3,31888400,3447.7,2820.9,3839.9,2896.0,3129.9,2,2,3129.5,65,1,3128.9,138,3,3128.8,84,2,3128.7,136,5,3130.1,33,2,3130.2,200,1,3130.3,34,5,3130.5,21,1,3130.6,200,1
2031,2026-06-16 11:08:47+05:30,3130.1,1,3130.9,1473626,133574.0,195924.0,3163.0,3163.0,3108.0,3134.3,31888400,3447.7,2820.9,3839.9,2896.0,3129.9,2,2,3129.5,65,1,3128.9,138,3,3128.8,84,2,3128.7,136,5,3130.1,33,2,3130.2,200,1,3130.3,34,5,3130.5,21,1,3130.6,200,1
2031,2026-06-16 11:08:47+05:30,3130.1,1,3130.9,1473626,133574.0,195924.0,3163.0,3163.0,3108.0,3134.3,31888400,3447.7,2820.9,3839.9,2896.0,3129.9,2,2,3129.5,65,1,3128.9,138,3,3128.8,84,2,3128.7,136,5,3130.1,33,2,3130.2,200,1,3130.3,34,5,3130.5,21,1,3130.6,200,1
2031,2026-06-16 11:08:48+05:30,3130.1,1,3130.9,1473626,133574.0,195924.0,3163.0,3163.0,3108.0,3134.3,31888400,3447.7,2820.9,3839.9,2896.0,3129.9,2,2,3129.5,65,1,3128.9,138,3,3128.8,84,2,3128.7,136,5,3130.1,33,2,3130.2,200,1,3130.3,34,5,3130.5,21,1,3130.6,200,1
2031,2026-06-16 11:08:48+05:30,3129.7,19,3130.9,1474032,133578.0,196843.0,3163.0,3163.0,3108.0,3134.3,31888400,3447.7,2820.9,3839.9,2896.0,3129.9,10,1,3129.5,65,1,3128.8,55,3,3128.7,35,2,3128.6,24,2,3130.1,245,3,3130.2,60,1,3130.3,23,5,3130.4,21,1,3130.5,53,2
2031,2026-06-16 11:08:48+05:30,3129.7,19,3130.9,1474032,133578.0,196843.0,3163.0,3163.0,3108.0,3134.3,31888400,3447.7,2820.9,3839.9,2896.0,3129.9,10,1,3129.5,65,1,3128.8,55,3,3128.7,35,2,3128.6,24,2,3130.1,245,3,3130.2,60,1,3130.3,23,5,3130.4,21,1,3130.5,53,2
2031,2026-06-16 11:08:48+05:30,3130.0,45,3130.9,1474032,133578.0,196843.0,3163.0,3163.0,3108.0,3134.3,31888400,3447.7,2820.9,3839.9,2896.0,3129.9,10,1,3129.5,65,1,3128.8,55,3,3128.7,35,2,3128.6,24,2,3130.1,245,3,3130.2,60,1,3130.3,23,5,3130.4,21,1,3130.5,53,2
2031,2026-06-16 11:08:49+05:30,3130.0,45,3130.9,1474032,133578.0,196843.0,3163.0,3163.0,3108.0,3134.3,31888400,3447.7,2820.9,3839.9,2896.0,3129.9,10,1,3129.5,65,1,3128.8,55,3,3128.7,35,2,3128.6,24,2,3130.1,245,3,3130.2,60,1,3130.3,23,5,3130.4,21,1,3130.5,53,2
2031,2026-06-16 11:08:49+05:30,3130.0,45,3130.9,1474077,134010.0,195883.0,3163.0,3163.0,3108.0,3134.3,31888400,3447.7,2820.9,3839.9,2896.0,3129.9,10,1,3129.5,65,1,3129.2,19,1,3129.1,178,1,3129.0,183,3,3130.1,45,2,3130.3,10,4,3130.4,200,1,3130.7,25,1,3130.8,246,3
2031,2026-06-16 11:08:49+05:30,3130.0,1,3130.9,1474077,134010.0,195883.0,3163.0,3163.0,3108.0,3134.3,31888400,3447.7,2820.9,3839.9,2896.0,3129.9,10,1,3129.5,65,1,3129.2,19,1,3129.1,178,1,3129.0,183,3,3130.1,45,2,3130.3,10,4,3130.4,200,1,3130.7,25,1,3130.8,246,3
2031,2026-06-16 11:08:50+05:30,3130.0,1,3130.9,1474077,134010.0,195883.0,3163.0,3163.0,3108.0,3134.3,31888400,3447.7,2820.9,3839.9,2896.0,3129.9,10,1,3129.5,65,1,3129.2,19,1,3129.1,178,1,3129.0,183,3,3130.1,45,2,3130.3,10,4,3130.4,200,1,3130.7,25,1,3130.8,246,3
2031,2026-06-16 11:08:50+05:30,3130.0,1,3130.9,1474871,133197.0,196492.0,3163.0,3163.0,3108.0,3134.3,31888400,3447.7,2820.9,3839.9,2896.0,3129.9,10,1,3128.9,180,1,3128.8,114,4,3128.7,96,3,3128.6,64,1,3130.1,243,3,3130.3,8,3,3130.5,19,1,3130.6,307,4,3130.7,25,1
2031,2026-06-16 11:08:50+05:30,3129.9,122,3130.9,1474871,133197.0,196492.0,3163.0,3163.0,3108.0,3134.3,31888400,3447.7,2820.9,3839.9,2896.0,3129.9,10,1,3128.9,180,1,3128.8,114,4,3128.7,96,3,3128.6,64,1,3130.1,243,3,3130.3,8,3,3130.5,19,1,3130.6,307,4,3130.7,25,1
2031,2026-06-16 11:08:51+05:30,3129.9,122,3130.9,1474871,133197.0,196492.0,3163.0,3163.0,3108.0,3134.3,31888400,3447.7,2820.9,3839.9,2896.0,3129.9,10,1,3128.9,180,1,3128.8,114,4,3128.7,96,3,3128.6,64,1,3130.1,243,3,3130.3,8,3,3130.5,19,1,3130.6,307,4,3130.7,25,1
2031,2026-06-16 11:08:51+05:30,3129.9,25,3130.9,1475132,134021.0,196000.0,3163.0,3163.0,3108.0,3134.3,31888400,3447.7,2820.9,3839.9,2896.0,3129.1,15,1,3129.0,98,6,3128.9,309,9,3128.8,162,5,3128.7,66,4,3130.1,43,2,3130.3,208,4,3130.4,20,1,3130.6,20,1,3130.7,25,1
2031,2026-06-16 11:08:51+05:30,3129.9,25,3130.9,1475132,134021.0,196000.0,3163.0,3163.0,3108.0,3134.3,31888400,3447.7,2820.9,3839.9,2896.0,3129.1,15,1,3129.0,98,6,3128.9,309,9,3128.8,162,5,3128.7,66,4,3130.1,43,2,3130.3,208,4,3130.4,20,1,3130.6,20,1,3130.7,25,1
2031,2026-06-16 11:08:51+05:30,3130.0,25,3130.9,1475132,134021.0,196000.0,3163.0,3163.0,3108.0,3134.3,31888400,3447.7,2820.9,3839.9,2896.0,3129.1,15,1,3129.0,98,6,3128.9,309,9,3128.8,162,5,3128.7,66,4,3130.1,43,2,3130.3,208,4,3130.4,20,1,3130.6,20,1,3130.7,25,1
2031,2026-06-16 11:08:52+05:30,3130.1,1,3130.9,1475187,134067.0,196130.0,3163.0,3163.0,3108.0,3134.3,31888400,3447.7,2820.9,3839.9,2896.0,3129.1,25,2,3129.0,59,2,3128.9,63,6,3128.8,239,4,3128.7,124,4,3130.1,42,2,3130.2,200,1,3130.3,8,3,3130.4,20,1,3130.6,269,3
2031,2026-06-16 11:08:52+05:30,3130.1,1,3130.9,1475187,134067.0,196130.0,3163.0,3163.0,3108.0,3134.3,31888400,3447.7,2820.9,3839.9,2896.0,3129.1,25,2,3129.0,59,2,3128.9,63,6,3128.8,239,4,3128.7,124,4,3130.1,42,2,3130.2,200,1,3130.3,8,3,3130.4,20,1,3130.6,269,3
2031,2026-06-16 11:08:52+05:30,3130.0,4,3130.9,1475187,134067.0,196130.0,3163.0,3163.0,3108.0,3134.3,31888400,3447.7,2820.9,3839.9,2896.0,3129.1,25,2,3129.0,59,2,3128.9,63,6,3128.8,239,4,3128.7,124,4,3130.1,42,2,3130.2,200,1,3130.3,8,3,3130.4,20,1,3130.6,269,3
2031,2026-06-16 11:08:53+05:30,3130.0,4,3130.9,1475187,134067.0,196130.0,3163.0,3163.0,3108.0,3134.3,31888400,3447.7,2820.9,3839.9,2896.0,3129.1,25,2,3129.0,59,2,3128.9,63,6,3128.8,239,4,3128.7,124,4,3130.1,42,2,3130.2,200,1,3130.3,8,3,3130.4,20,1,3130.6,269,3
2031,2026-06-16 11:08:53+05:30,3130.0,4,3130.9,1475193,134082.0,196041.0,3163.0,3163.0,3108.0,3134.3,31888400,3447.7,2820.9,3839.9,2896.0,3129.1,35,4,3129.0,59,2,3128.9,63,6,3128.8,239,4,3128.7,144,6,3130.1,42,2,3130.2,200,1,3130.3,8,3,3130.4,20,1,3130.6,220,2
2031,2026-06-16 11:08:54+05:30,3130.0,4,3130.9,1475193,134082.0,196041.0,3163.0,3163.0,3108.0,3134.3,31888400,3447.7,2820.9,3839.9,2896.0,3129.1,35,4,3129.0,59,2,3128.9,63,6,3128.8,239,4,3128.7,144,6,3130.1,42,2,3130.2,200,1,3130.3,8,3,3130.4,20,1,3130.6,220,2
2031,2026-06-16 11:08:54+05:30,3129.9,1,3130.9,1475194,134077.0,196066.0,3163.0,3163.0,3108.0,3134.3,31888400,3447.7,2820.9,3839.9,2896.0,3129.1,54,5,3129.0,59,2,3128.9,44,5,3128.8,239,4,3128.7,123,5,3129.9,24,1,3130.1,43,3,3130.2,200,1,3130.3,8,3,3130.4,20,1
2031,2026-06-16 11:08:54+05:30,3129.9,13,3130.9,1475194,134077.0,196066.0,3163.0,3163.0,3108.0,3134.3,31888400,3447.7,2820.9,3839.9,2896.0,3129.1,54,5,3129.0,59,2,3128.9,44,5,3128.8,239,4,3128.7,123,5,3129.9,24,1,3130.1,43,3,3130.2,200,1,3130.3,8,3,3130.4,20,1
2031,2026-06-16 11:08:55+05:30,3129.9,13,3130.9,1475194,134077.0,196066.0,3163.0,3163.0,3108.0,3134.3,31889800,3447.7,2820.9,3839.9,2896.0,3129.1,54,5,3129.0,59,2,3128.9,44,5,3128.8,239,4,3128.7,123,5,3129.9,24,1,3130.1,43,3,3130.2,200,1,3130.3,8,3,3130.4,20,1
2031,2026-06-16 11:08:55+05:30,3129.9,13,3130.9,1475234,133837.0,196279.0,3163.0,3163.0,3108.0,3134.3,31889800,3447.7,2820.9,3839.9,2896.0,3129.2,20,1,3129.1,35,4,3129.0,78,3,3128.9,31,4,3128.8,224,3,3130.1,38,2,3130.2,200,1,3130.3,8,3,3130.4,20,1,3130.5,49,1
2031,2026-06-16 11:08:56+05:30,3130.0,2,3130.9,1475234,133837.0,196279.0,3163.0,3163.0,3108.0,3134.3,31889800,3447.7,2820.9,3839.9,2896.0,3129.2,20,1,3129.1,35,4,3129.0,78,3,3128.9,31,4,3128.8,224,3,3130.1,38,2,3130.2,200,1,3130.3,8,3,3130.4,20,1,3130.5,49,1
2031,2026-06-16 11:08:56+05:30,3129.7,200,3130.9,1475636,133614.0,194797.0,3163.0,3163.0,3108.0,3134.3,31889800,3447.7,2820.9,3839.9,2896.0,3129.2,1,1,3129.1,40,3,3129.0,15,2,3128.9,84,3,3128.8,110,5,3130.0,44,1,3130.1,85,5,3130.3,8,3,3130.4,20,1,3130.6,20,1
2031,2026-06-16 11:08:57+05:30,3130.0,44,3130.9,1475636,133614.0,194797.0,3163.0,3163.0,3108.0,3134.3,31889800,3447.7,2820.9,3839.9,2896.0,3129.2,1,1,3129.1,40,3,3129.0,15,2,3128.9,84,3,3128.8,110,5,3130.0,44,1,3130.1,85,5,3130.3,8,3,3130.4,20,1,3130.6,20,1
2031,2026-06-16 11:08:57+05:30,3130.0,17,3130.9,1475706,133995.0,194986.0,3163.0,3163.0,3108.0,3134.3,31889800,3447.7,2820.9,3839.9,2896.0,3129.3,14,1,3129.2,16,2,3129.1,15,2,3129.0,346,8,3128.9,80,5,3130.1,67,3,3130.3,208,4,3130.6,21,1,3130.7,49,1,3130.8,21,1
2031,2026-06-16 11:08:58+05:30,3130.0,37,3130.9,1475706,133995.0,194986.0,3163.0,3163.0,3108.0,3134.3,31889800,3447.7,2820.9,3839.9,2896.0,3129.3,14,1,3129.2,16,2,3129.1,15,2,3129.0,346,8,3128.9,80,5,3130.1,67,3,3130.3,208,4,3130.6,21,1,3130.7,49,1,3130.8,21,1
2031,2026-06-16 11:08:58+05:30,3130.0,37,3130.9,1475763,134115.0,195362.0,3163.0,3163.0,3108.0,3134.3,31889800,3447.7,2820.9,3839.9,2896.0,3129.4,51,4,3129.3,59,2,3129.2,30,3,3129.1,68,5,3129.0,158,8,3130.1,30,2,3130.3,8,3,3130.6,221,2,3130.8,221,2,3130.9,16,2
2031,2026-06-16 11:08:59+05:30,3130.0,6,3130.9,1475769,133965.0,195510.0,3163.0,3163.0,3108.0,3134.3,31889800,3447.7,2820.9,3839.9,2896.0,3129.4,25,2,3129.3,21,2,3129.2,49,4,3129.1,71,4,3129.0,65,5,3130.1,30,2,3130.3,208,4,3130.6,70,2,3130.8,221,2,3130.9,16,2
2031,2026-06-16 11:09:00+05:30,3130.0,1,3130.9,1475769,133965.0,195510.0,3163.0,3163.0,3108.0,3134.3,31889800,3447.7,2820.9,3839.9,2896.0,3129.4,25,2,3129.3,21,2,3129.2,49,4,3129.1,71,4,3129.0,65,5,3130.1,30,2,3130.3,208,4,3130.6,70,2,3130.8,221,2,3130.9,16,2
2031,2026-06-16 11:09:00+05:30,3130.0,1,3130.9,1475770,134112.0,196248.0,3163.0,3163.0,3108.0,3134.3,31889800,3447.7,2820.9,3839.9,2896.0,3129.8,2,2,3129.4,42,5,3129.3,88,5,3129.2,30,3,3129.1,239,5,3130.1,31,3,3130.3,208,4,3130.6,21,1,3130.8,221,2,3130.9,16,2
2031,2026-06-16 11:09:01+05:30,3130.1,1,3130.9,1475771,134005.0,196289.0,3163.0,3163.0,3108.0,3134.3,31889800,3447.7,2820.9,3839.9,2896.0,3129.8,2,2,3129.4,7,2,3129.3,20,1,3129.2,16,2,3129.1,31,3,3130.1,31,3,3130.3,208,4,3130.6,42,2,3130.7,200,1,3130.8,69,2
2031,2026-06-16 11:09:02+05:30,3130.1,1,3130.9,1475771,134005.0,196289.0,3163.0,3163.0,3108.0,3134.3,31889800,3447.7,2820.9,3839.9,2896.0,3129.8,2,2,3129.4,7,2,3129.3,20,1,3129.2,16,2,3129.1,31,3,3130.1,31,3,3130.3,208,4,3130.6,42,2,3130.7,200,1,3130.8,69,2
2031,2026-06-16 11:09:02+05:30,3129.4,6,3130.9,1475781,134064.0,196277.0,3163.0,3163.0,3108.0,3134.3,31889800,3447.7,2820.9,3839.9,2896.0,3129.8,19,1,3129.4,7,2,3129.3,15,1,3129.2,16,2,3129.1,17,2,3130.0,1,1,3130.1,31,3,3130.2,200,1,3130.3,8,3,3130.5,200,1
2031,2026-06-16 11:09:03+05:30,3130.0,1,3130.9,1475781,134064.0,196277.0,3163.0,3163.0,3108.0,3134.3,31889800,3447.7,2820.9,3839.9,2896.0,3129.8,19,1,3129.4,7,2,3129.3,15,1,3129.2,16,2,3129.1,17,2,3130.0,1,1,3130.1,31,3,3130.2,200,1,3130.3,8,3,3130.5,200,1
2031,2026-06-16 11:09:03+05:30,3130.1,1,3130.9,1475783,134196.0,195620.0,3163.0,3163.0,3108.0,3134.3,31889800,3447.7,2820.9,3839.9,2896.0,3129.5,18,1,3129.4,7,2,3129.3,74,4,3129.2,36,3,3129.1,17,2,3130.1,2,2,3130.2,200,1,3130.3,8,3,3130.5,200,1,3130.8,21,1
2031,2026-06-16 11:09:04+05:30,3130.1,1,3130.9,1475783,134196.0,195620.0,3163.0,3163.0,3108.0,3134.3,31889800,3447.7,2820.9,3839.9,2896.0,3129.5,18,1,3129.4,7,2,3129.3,74,4,3129.2,36,3,3129.1,17,2,3130.1,2,2,3130.2,200,1,3130.3,8,3,3130.5,200,1,3130.8,21,1
2031,2026-06-16 11:09:04+05:30,3129.2,11,3130.89,1476409,133740.0,195294.0,3163.0,3163.0,3108.0,3134.3,31889800,3447.7,2820.9,3839.9,2896.0,3129.2,10,2,3129.1,40,3,3129.0,101,4,3128.9,217,5,3128.8,94,4,3130.0,69,1,3130.1,2,2,3130.3,208,4,3130.6,21,1,3130.7,200,1
2031,2026-06-16 11:09:05+05:30,3130.0,47,3130.89,1476409,133740.0,195294.0,3163.0,3163.0,3108.0,3134.3,31889800,3447.7,2820.9,3839.9,2896.0,3129.2,10,2,3129.1,40,3,3129.0,101,4,3128.9,217,5,3128.8,94,4,3130.0,69,1,3130.1,2,2,3130.3,208,4,3130.6,21,1,3130.7,200,1
2031,2026-06-16 11:09:05+05:30,3128.5,1,3130.89,1477446,132262.0,197135.0,3163.0,3163.0,3108.0,3134.3,31889800,3447.7,2820.9,3839.9,2896.0,3128.5,38,3,3128.4,31,2,3128.3,36,2,3128.2,52,4,3128.1,213,4,3129.5,13,1,3129.6,215,2,3129.7,40,3,3129.8,116,4,3129.9,40,2
2031,2026-06-16 11:09:06+05:30,3128.5,3,3130.89,1477446,132262.0,197135.0,3163.0,3163.0,3108.0,3134.3,31889800,3447.7,2820.9,3839.9,2896.0,3128.5,38,3,3128.4,31,2,3128.3,36,2,3128.2,52,4,3128.1,213,4,3129.5,13,1,3129.6,215,2,3129.7,40,3,3129.8,116,4,3129.9,40,2
2031,2026-06-16 11:09:06+05:30,3128.5,2,3130.89,1477780,130717.0,197939.0,3163.0,3163.0,3108.0,3134.3,31889800,3447.7,2820.9,3839.9,2896.0,3128.1,13,1,3128.0,130,8,3127.9,10,1,3127.8,40,2,3127.6,42,4,3128.4,25,1,3128.5,139,1,3129.1,100,1,3129.5,25,1,3129.6,253,3
2031,2026-06-16 11:09:07+05:30,3128.0,17,3130.89,1477780,130717.0,197939.0,3163.0,3163.0,3108.0,3134.3,31889800,3447.7,2820.9,3839.9,2896.0,3128.1,13,1,3128.0,130,8,3127.9,10,1,3127.8,40,2,3127.6,42,4,3128.4,25,1,3128.5,139,1,3129.1,100,1,3129.5,25,1,3129.6,253,3
2031,2026-06-16 11:09:07+05:30,3128.0,2,3130.89,1477966,130318.0,198928.0,3163.0,3163.0,3108.0,3134.3,31889800,3447.7,2820.9,3839.9,2896.0,3128.0,6,3,3127.6,22,2,3127.5,108,2,3127.4,27,1,3127.3,41,3,3128.1,40,1,3128.7,28,1,3128.8,64,2,3128.9,106,3,3129.0,158,2
2031,2026-06-16 11:09:08+05:30,3128.1,1,3130.89,1477966,130318.0,198928.0,3163.0,3163.0,3108.0,3134.3,31889800,3447.7,2820.9,3839.9,2896.0,3128.0,6,3,3127.6,22,2,3127.5,108,2,3127.4,27,1,3127.3,41,3,3128.1,40,1,3128.7,28,1,3128.8,64,2,3128.9,106,3,3129.0,158,2
2031,2026-06-16 11:09:08+05:30,3128.0,3,3130.89,1477997,130332.0,199115.0,3163.0,3163.0,3108.0,3134.3,31889800,3447.7,2820.9,3839.9,2896.0,3128.0,8,3,3127.6,2,1,3127.5,128,3,3127.4,27,1,3127.3,41,3,3128.1,41,3,3128.6,100,1,3128.7,28,1,3128.8,30,1,3128.9,33,1
2031,2026-06-16 11:09:09+05:30,3128.1,1,3130.89,1477997,130332.0,199115.0,3163.0,3163.0,3108.0,3134.3,31889800,3447.7,2820.9,3839.9,2896.0,3128.0,8,3,3127.6,2,1,3127.5,128,3,3127.4,27,1,3127.3,41,3,3128.1,41,3,3128.6,100,1,3128.7,28,1,3128.8,30,1,3128.9,33,1
2031,2026-06-16 11:09:09+05:30,3128.0,1,3130.89,1477999,130408.0,198846.0,3163.0,3163.0,3108.0,3134.3,31889800,3447.7,2820.9,3839.9,2896.0,3128.0,8,3,3127.9,19,1,3127.6,22,2,3127.5,127,3,3127.4,27,1,3128.1,40,3,3128.7,28,1,3128.8,30,1,3128.9,133,2,3129.1,69,2
2031,2026-06-16 11:09:10+05:30,3128.0,1,3130.89,1477999,130408.0,198846.0,3163.0,3163.0,3108.0,3134.3,31889800,3447.7,2820.9,3839.9,2896.0,3128.0,8,3,3127.9,19,1,3127.6,22,2,3127.5,127,3,3127.4,27,1,3128.1,40,3,3128.7,28,1,3128.8,30,1,3128.9,133,2,3129.1,69,2
2031,2026-06-16 11:09:10+05:30,3128.0,1,3130.89,1478000,130548.0,198424.0,3163.0,3163.0,3108.0,3134.3,31889800,3447.7,2820.9,3839.9,2896.0,3128.0,49,4,3127.9,19,1,3127.8,19,1,3127.7,7,1,3127.6,2,1,3128.1,40,3,3128.7,28,1,3128.8,130,2,3128.9,33,1,3129.1,21,1
2031,2026-06-16 11:09:11+05:30,3128.0,1,3130.89,1478000,130548.0,198424.0,3163.0,3163.0,3108.0,3134.3,31889800,3447.7,2820.9,3839.9,2896.0,3128.0,49,4,3127.9,19,1,3127.8,19,1,3127.7,7,1,3127.6,2,1,3128.1,40,3,3128.7,28,1,3128.8,130,2,3128.9,33,1,3129.1,21,1
2031,2026-06-16 11:09:11+05:30,3128.0,2,3130.89,1478016,130595.0,198353.0,3163.0,3163.0,3108.0,3134.3,31889800,3447.7,2820.9,3839.9,2896.0,3128.0,52,6,3127.9,22,2,3127.8,24,2,3127.7,14,2,3127.6,2,1,3128.1,27,2,3128.7,28,1,3128.8,30,1,3128.9,133,2,3129.1,21,1
2031,2026-06-16 11:09:12+05:30,3128.1,1,3130.89,1478016,130595.0,198353.0,3163.0,3163.0,3108.0,3134.3,31889800,3447.7,2820.9,3839.9,2896.0,3128.0,52,6,3127.9,22,2,3127.8,24,2,3127.7,14,2,3127.6,2,1,3128.1,27,2,3128.7,28,1,3128.8,30,1,3128.9,133,2,3129.1,21,1
2031,2026-06-16 11:09:13+05:30,3128.1,17,3130.89,1478016,130595.0,198353.0,3163.0,3163.0,3108.0,3134.3,31889800,3447.7,2820.9,3839.9,2896.0,3128.0,52,6,3127.9,22,2,3127.8,24,2,3127.7,14,2,3127.6,2,1,3128.1,27,2,3128.7,28,1,3128.8,30,1,3128.9,133,2,3129.1,21,1
2031,2026-06-16 11:09:13+05:30,3128.1,17,3130.89,1478088,130783.0,197842.0,3163.0,3163.0,3108.0,3134.3,31889800,3447.7,2820.9,3839.9,2896.0,3128.1,10,3,3128.0,40,5,3127.9,10,1,3127.8,73,4,3127.7,27,2,3128.7,8,1,3128.8,13,1,3128.9,133,2,3129.1,21,1,3129.2,32,1
2031,2026-06-16 11:09:14+05:30,3128.8,1,3130.89,1478088,130783.0,197842.0,3163.0,3163.0,3108.0,3134.3,31889800,3447.7,2820.9,3839.9,2896.0,3128.1,10,3,3128.0,40,5,3127.9,10,1,3127.8,73,4,3127.7,27,2,3128.7,8,1,3128.8,13,1,3128.9,133,2,3129.1,21,1,3129.2,32,1
2031,2026-06-16 11:09:14+05:30,3128.8,1,3130.89,1478099,130828.0,197801.0,3163.0,3163.0,3108.0,3134.3,31889800,3447.7,2820.9,3839.9,2896.0,3128.1,67,6,3128.0,41,6,3127.9,24,2,3127.8,73,4,3127.7,112,4,3128.7,1,1,3128.9,133,2,3129.1,21,1,3129.2,32,1,3129.3,22,1
2031,2026-06-16 11:09:15+05:30,3129.4,78,3130.89,1478099,130828.0,197801.0,3163.0,3163.0,3108.0,3134.3,31889800,3447.7,2820.9,3839.9,2896.0,3128.1,67,6,3128.0,41,6,3127.9,24,2,3127.8,73,4,3127.7,112,4,3128.7,1,1,3128.9,133,2,3129.1,21,1,3129.2,32,1,3129.3,22,1
2031,2026-06-16 11:09:15+05:30,3129.4,78,3130.89,1478300,130953.0,198026.0,3163.0,3163.0,3108.0,3134.3,31889800,3447.7,2820.9,3839.9,2896.0,3128.8,1,1,3128.1,48,4,3128.0,41,6,3127.9,36,2,3127.8,226,5,3128.9,22,1,3129.0,200,1,3129.3,13,1,3129.4,122,1,3129.5,21,1
2031,2026-06-16 11:09:16+05:30,3128.1,15,3130.89,1478300,130953.0,198026.0,3163.0,3163.0,3108.0,3134.3,31889800,3447.7,2820.9,3839.9,2896.0,3128.8,1,1,3128.1,48,4,3128.0,41,6,3127.9,36,2,3127.8,226,5,3128.9,22,1,3129.0,200,1,3129.3,13,1,3129.4,122,1,3129.5,21,1
2031,2026-06-16 11:09:16+05:30,3128.1,15,3130.89,1478370,130863.0,197551.0,3163.0,3163.0,3108.0,3134.3,31889800,3447.7,2820.9,3839.9,2896.0,3128.1,30,4,3128.0,16,5,3127.9,24,2,3127.8,76,3,3127.7,15,1,3128.6,6,1,3128.9,5,1,3129.0,200,1,3129.2,5,1,3129.3,5,1
2031,2026-06-16 11:09:17+05:30,3128.3,6,3130.89,1478370,130863.0,197551.0,3163.0,3163.0,3108.0,3134.3,31889800,3447.7,2820.9,3839.9,2896.0,3128.1,30,4,3128.0,16,5,3127.9,24,2,3127.8,76,3,3127.7,15,1,3128.6,6,1,3128.9,5,1,3129.0,200,1,3129.2,5,1,3129.3,5,1
2031,2026-06-16 11:09:17+05:30,3128.3,6,3130.89,1478378,130951.0,195873.0,3163.0,3163.0,3108.0,3134.3,31889800,3447.7,2820.9,3839.9,2896.0,3128.4,17,1,3128.1,28,4,3128.0,16,5,3127.9,24,2,3127.8,76,3,3129.0,200,1,3129.2,5,1,3129.3,5,1,3129.4,122,1,3129.5,75,3
2031,2026-06-16 11:09:18+05:30,3128.3,6,3130.89,1478378,130998.0,195831.0,3163.0,3163.0,3108.0,3134.3,31889800,3447.7,2820.9,3839.9,2896.0,3128.4,17,1,3128.1,20,3,3128.0,6,4,3127.9,12,1,3127.8,95,4,3128.9,1,1,3129.0,200,1,3129.2,5,1,3129.3,5,1,3129.4,122,1
2031,2026-06-16 11:09:19+05:30,3128.9,1,3130.89,1478378,130998.0,195831.0,3163.0,3163.0,3108.0,3134.3,31889800,3447.7,2820.9,3839.9,2896.0,3128.4,17,1,3128.1,20,3,3128.0,6,4,3127.9,12,1,3127.8,95,4,3128.9,1,1,3129.0,200,1,3129.2,5,1,3129.3,5,1,3129.4,122,1
2031,2026-06-16 11:09:19+05:30,3128.5,197,3130.89,1478576,130579.0,197400.0,3163.0,3163.0,3108.0,3134.3,31889800,3447.7,2820.9,3839.9,2896.0,3128.1,3,2,3128.0,6,4,3127.9,16,1,3127.8,38,2,3127.6,22,1,3128.5,3,1,3128.9,6,1,3129.0,200,1,3129.2,5,1,3129.3,38,2
2031,2026-06-16 11:09:20+05:30,3128.5,197,3130.89,1478576,130579.0,197400.0,3163.0,3163.0,3108.0,3134.3,31889800,3447.7,2820.9,3839.9,2896.0,3128.1,3,2,3128.0,6,4,3127.9,16,1,3127.8,38,2,3127.6,22,1,3128.5,3,1,3128.9,6,1,3129.0,200,1,3129.2,5,1,3129.3,38,2
2031,2026-06-16 11:09:20+05:30,3128.1,2,3130.89,1478579,131002.0,198714.0,3163.0,3163.0,3108.0,3134.3,31889800,3447.7,2820.9,3839.9,2896.0,3128.1,1,1,3128.0,6,4,3127.9,16,1,3127.5,154,5,3127.4,29,2,3128.2,21,1,3128.8,200,1,3128.9,6,1,3129.2,166,4,3129.3,136,4
2031,2026-06-16 11:09:21+05:30,3128.0,1,3130.89,1478579,131002.0,198714.0,3163.0,3163.0,3108.0,3134.3,31889800,3447.7,2820.9,3839.9,2896.0,3128.1,1,1,3128.0,6,4,3127.9,16,1,3127.5,154,5,3127.4,29,2,3128.2,21,1,3128.8,200,1,3128.9,6,1,3129.2,166,4,3129.3,136,4
2031,2026-06-16 11:09:21+05:30,3128.0,1,3130.89,1478623,130867.0,198185.0,3163.0,3163.0,3108.0,3134.3,31889800,3447.7,2820.9,3839.9,2896.0,3127.9,11,1,3127.5,143,4,3127.4,29,2,3127.3,87,4,3127.2,163,4,3128.0,132,1,3128.9,206,2,3129.0,21,1,3129.2,147,3,3129.3,136,4
2031,2026-06-16 11:09:22+05:30,3127.9,132,3130.89,1478623,130867.0,198185.0,3163.0,3163.0,3108.0,3134.3,31889800,3447.7,2820.9,3839.9,2896.0,3127.9,11,1,3127.5,143,4,3127.4,29,2,3127.3,87,4,3127.2,163,4,3128.0,132,1,3128.9,206,2,3129.0,21,1,3129.2,147,3,3129.3,136,4
2031,2026-06-16 11:09:22+05:30,3127.7,1,3130.89,1478757,130244.0,198375.0,3163.0,3163.0,3108.0,3134.3,31889800,3447.7,2820.9,3839.9,2896.0,3127.5,67,4,3127.4,5,1,3127.3,1,1,3127.2,52,3,3127.1,72,3,3127.7,67,1,3128.0,157,2,3128.7,200,1,3128.8,79,2,3128.9,6,1
2031,2026-06-16 11:09:23+05:30,3127.5,3,3130.89,1478757,130244.0,198375.0,3163.0,3163.0,3108.0,3134.3,31889800,3447.7,2820.9,3839.9,2896.0,3127.5,67,4,3127.4,5,1,3127.3,1,1,3127.2,52,3,3127.1,72,3,3127.7,67,1,3128.0,157,2,3128.7,200,1,3128.8,79,2,3128.9,6,1
2031,2026-06-16 11:09:23+05:30,3127.5,3,3130.89,1478824,130223.0,198463.0,3163.0,3163.0,3108.0,3134.3,31889800,3447.7,2820.9,3839.9,2896.0,3127.5,2,1,3127.4,38,2,3127.3,6,2,3127.2,67,3,3127.1,224,4,3127.6,14,1,3128.0,132,1,3128.7,200,1,3128.8,79,2,3128.9,6,1
2031,2026-06-16 11:09:24+05:30,3127.5,8,3130.89,1478824,130223.0,198463.0,3163.0,3163.0,3108.0,3134.3,31889800,3447.7,2820.9,3839.9,2896.0,3127.5,2,1,3127.4,38,2,3127.3,6,2,3127.2,67,3,3127.1,224,4,3127.6,14,1,3128.0,132,1,3128.7,200,1,3128.8,79,2,3128.9,6,1
2031,2026-06-16 11:09:24+05:30,3127.6,1,3130.89,1478834,129989.0,198514.0,3163.0,3163.0,3108.0,3134.3,31889800,3447.7,2820.9,3839.9,2896.0,3127.5,2,1,3127.4,19,1,3127.3,1,1,3127.2,14,1,3127.1,61,3,3127.6,21,2,3128.0,132,1,3128.6,200,1,3128.8,125,3,3128.9,6,1
2031,2026-06-16 11:09:25+05:30,3127.5,1,3130.89,1478834,129989.0,198514.0,3163.0,3163.0,3108.0,3134.3,31889800,3447.7,2820.9,3839.9,2896.0,3127.5,2,1,3127.4,19,1,3127.3,1,1,3127.2,14,1,3127.1,61,3,3127.6,21,2,3128.0,132,1,3128.6,200,1,3128.8,125,3,3128.9,6,1
2031,2026-06-16 11:09:25+05:30,3127.6,1,3130.89,1478836,130103.0,198323.0,3163.0,3163.0,3108.0,3134.3,31889800,3447.7,2820.9,3839.9,2896.0,3127.5,54,4,3127.4,3,1,3127.3,6,2,3127.2,33,2,3127.1,101,4,3127.6,20,2,3128.0,132,1,3128.6,200,1,3128.8,79,2,3129.0,201,3
2031,2026-06-16 11:09:26+05:30,3127.6,1,3130.89,1478836,130103.0,198323.0,3163.0,3163.0,3108.0,3134.3,31889800,3447.7,2820.9,3839.9,2896.0,3127.5,54,4,3127.4,3,1,3127.3,6,2,3127.2,33,2,3127.1,101,4,3127.6,20,2,3128.0,132,1,3128.6,200,1,3128.8,79,2,3129.0,201,3
2031,2026-06-16 11:09:26+05:30,3127.6,5,3130.89,1478841,130498.0,198252.0,3163.0,3163.0,3108.0,3134.3,31889800,3447.7,2820.9,3839.9,2896.0,3127.5,119,5,3127.4,22,2,3127.3,89,4,3127.2,33,2,3127.1,71,4,3127.6,15,2,3128.0,132,1,3128.6,200,1,3128.8,125,3,3129.0,79,2
2031,2026-06-16 11:09:27+05:30,3127.6,9,3130.89,1478841,130498.0,198252.0,3163.0,3163.0,3108.0,3134.3,31889800,3447.7,2820.9,3839.9,2896.0,3127.5,119,5,3127.4,22,2,3127.3,89,4,3127.2,33,2,3127.1,71,4,3127.6,15,2,3128.0,132,1,3128.6,200,1,3128.8,125,3,3129.0,79,2
2031,2026-06-16 11:09:27+05:30,3127.6,10,3130.89,1478868,130351.0,198223.0,3163.0,3163.0,3108.0,3134.3,31889800,3447.7,2820.9,3839.9,2896.0,3127.5,134,6,3127.4,171,6,3127.3,6,2,3127.2,73,4,3127.1,64,4,3128.0,131,1,3129.0,279,3,3129.2,20,1,3129.3,230,3,3129.4,21,1
2031,2026-06-16 11:09:28+05:30,3127.6,10,3130.89,1478868,130351.0,198223.0,3163.0,3163.0,3108.0,3134.3,31889800,3447.7,2820.9,3839.9,2896.0,3127.5,134,6,3127.4,171,6,3127.3,6,2,3127.2,73,4,3127.1,64,4,3128.0,131,1,3129.0,279,3,3129.2,20,1,3129.3,230,3,3129.4,21,1
2031,2026-06-16 11:09:28+05:30,3127.6,10,3130.89,1478868,130289.0,198491.0,3163.0,3163.0,3108.0,3134.3,31889800,3447.7,2820.9,3839.9,2896.0,3127.7,30,1,3127.5,118,4,3127.4,150,6,3127.3,6,2,3127.2,98,4,3127.9,3,1,3128.0,181,3,3128.9,200,1,3129.0,79,2,3129.2,66,2
2031,2026-06-16 11:09:29+05:30,3127.9,1,3130.89,1478870,131510.0,198290.0,3163.0,3163.0,3108.0,3134.3,31889800,3447.7,2820.9,3839.9,2896.0,3127.7,99,4,3127.6,25,2,3127.5,133,6,3127.4,112,4,3127.3,6,2,3127.9,36,2,3128.0,181,3,3128.9,200,1,3129.0,21,1,3129.2,20,1
2031,2026-06-16 11:09:30+05:30,3128.0,56,3130.89,1478870,131510.0,198290.0,3163.0,3163.0,3108.0,3134.3,31889800,3447.7,2820.9,3839.9,2896.0,3127.7,99,4,3127.6,25,2,3127.5,133,6,3127.4,112,4,3127.3,6,2,3127.9,36,2,3128.0,181,3,3128.9,200,1,3129.0,21,1,3129.2,20,1
2031,2026-06-16 11:09:30+05:30,3127.9,6,3130.89,1479088,132321.0,196792.0,3163.0,3163.0,3108.0,3134.3,31889800,3447.7,2820.9,3839.9,2896.0,3127.9,247,6,3127.8,79,6,3127.7,132,7,3127.6,89,4,3127.5,380,11,3128.9,200,1,3129.3,180,2,3129.4,20,1,3129.6,92,3,3129.8,56,3
2031,2026-06-16 11:09:31+05:30,3127.9,6,3130.89,1479088,132321.0,196792.0,3163.0,3163.0,3108.0,3134.3,31889800,3447.7,2820.9,3839.9,2896.0,3127.9,247,6,3127.8,79,6,3127.7,132,7,3127.6,89,4,3127.5,380,11,3128.9,200,1,3129.3,180,2,3129.4,20,1,3129.6,92,3,3129.8,56,3
2031,2026-06-16 11:09:31+05:30,3127.9,6,3130.89,1479088,132237.0,196872.0,3163.0,3163.0,3108.0,3134.3,31889800,3447.7,2820.9,3839.9,2896.0,3127.9,129,7,3127.8,41,4,3127.7,153,8,3127.6,89,4,3127.5,201,11,3128.8,24,1,3128.9,200,1,3129.3,180,2,3129.6,92,3,3129.8,59,4
2031,2026-06-16 11:09:32+05:30,3127.9,6,3130.89,1479088,132431.0,196765.0,3163.0,3163.0,3108.0,3134.3,31889800,3447.7,2820.9,3839.9,2896.0,3127.9,129,7,3127.8,41,4,3127.7,193,9,3127.6,89,4,3127.5,215,12,3128.8,24,1,3128.9,200,1,3129.3,180,2,3129.6,92,3,3129.8,59,4
2031,2026-06-16 11:09:33+05:30,3127.9,6,3130.89,1479088,132429.0,196765.0,3163.0,3163.0,3108.0,3134.3,31889800,3447.7,2820.9,3839.9,2896.0,3127.9,129,7,3127.8,41,4,3127.7,132,7,3127.6,110,5,3127.5,215,12,3128.8,24,1,3128.9,200,1,3129.3,180,2,3129.6,92,3,3129.8,59,4
2031,2026-06-16 11:09:34+05:30,3128.8,1,3130.89,1479088,132429.0,196765.0,3163.0,3163.0,3108.0,3134.3,31889800,3447.7,2820.9,3839.9,2896.0,3127.9,129,7,3127.8,41,4,3127.7,132,7,3127.6,110,5,3127.5,215,12,3128.8,24,1,3128.9,200,1,3129.3,180,2,3129.6,92,3,3129.8,59,4
2031,2026-06-16 11:09:34+05:30,3128.8,2,3130.89,1479091,132362.0,197077.0,3163.0,3163.0,3108.0,3134.3,31889800,3447.7,2820.9,3839.9,2896.0,3127.9,119,6,3127.8,41,4,3127.7,132,7,3127.6,110,5,3127.5,136,10,3128.8,37,2,3128.9,200,1,3129.3,180,2,3129.6,92,3,3129.8,59,4
2031,2026-06-16 11:09:35+05:30,3128.9,1,3130.89,1479091,132362.0,197077.0,3163.0,3163.0,3108.0,3134.3,31889800,3447.7,2820.9,3839.9,2896.0,3127.9,119,6,3127.8,41,4,3127.7,132,7,3127.6,110,5,3127.5,136,10,3128.8,37,2,3128.9,200,1,3129.3,180,2,3129.6,92,3,3129.8,59,4
2031,2026-06-16 11:09:35+05:30,3128.4,17,3130.89,1479276,132190.0,198001.0,3163.0,3163.0,3108.0,3134.3,31889800,3447.7,2820.9,3839.9,2896.0,3128.4,17,1,3128.3,2,2,3127.9,17,1,3127.7,95,5,3127.6,1,1,3128.8,11,2,3128.9,189,1,3129.1,92,3,3129.2,63,3,3129.3,180,2
2031,2026-06-16 11:09:36+05:30,3128.4,17,3130.89,1479276,132190.0,198001.0,3163.0,3163.0,3108.0,3134.3,31889800,3447.7,2820.9,3839.9,2896.0,3128.4,17,1,3128.3,2,2,3127.9,17,1,3127.7,95,5,3127.6,1,1,3128.8,11,2,3128.9,189,1,3129.1,92,3,3129.2,63,3,3129.3,180,2
2031,2026-06-16 11:09:36+05:30,3128.4,1,3130.89,1479282,132168.0,198001.0,3163.0,3163.0,3108.0,3134.3,31889800,3447.7,2820.9,3839.9,2896.0,3128.4,11,1,3128.3,2,2,3127.9,17,1,3127.7,51,3,3127.5,107,5,3128.5,20,1,3128.8,11,2,3128.9,189,1,3129.1,92,3,3129.2,49,3
2031,2026-06-16 11:09:37+05:30,3127.0,134,3130.89,1479282,132168.0,198001.0,3163.0,3163.0,3108.0,3134.3,31889800,3447.7,2820.9,3839.9,2896.0,3128.4,11,1,3128.3,2,2,3127.9,17,1,3127.7,51,3,3127.5,107,5,3128.5,20,1,3128.8,11,2,3128.9,189,1,3129.1,92,3,3129.2,49,3
2031,2026-06-16 11:09:37+05:30,3127.0,134,3130.89,1479282,132168.0,198001.0,3163.0,3163.0,3108.0,3134.3,31889800,3447.7,2820.9,3839.9,2896.0,3128.4,11,1,3128.3,2,2,3127.9,17,1,3127.7,51,3,3127.5,107,5,3128.5,20,1,3128.8,11,2,3128.9,189,1,3129.1,92,3,3129.2,49,3
2031,2026-06-16 11:09:37+05:30,3127.0,134,3130.89,1479731,130515.0,198861.0,3163.0,3163.0,3108.0,3134.3,31889800,3447.7,2820.9,3839.9,2896.0,3127.1,214,3,3127.0,514,6,3126.9,152,6,3126.8,97,3,3126.7,126,5,3128.2,49,1,3128.3,198,1,3128.4,10,1,3128.5,6,1,3128.6,20,2
2031,2026-06-16 11:09:38+05:30,3127.0,49,3130.89,1479731,130515.0,198861.0,3163.0,3163.0,3108.0,3134.3,31889800,3447.7,2820.9,3839.9,2896.0,3127.1,214,3,3127.0,514,6,3126.9,152,6,3126.8,97,3,3126.7,126,5,3128.2,49,1,3128.3,198,1,3128.4,10,1,3128.5,6,1,3128.6,20,2
2031,2026-06-16 11:09:38+05:30,3127.0,8,3130.89,1479846,129278.0,199232.0,3163.0,3163.0,3108.0,3134.3,31889800,3447.7,2820.9,3839.9,2896.0,3127.0,688,7,3126.9,31,2,3126.8,19,1,3126.7,62,4,3126.6,109,4,3127.1,142,1,3127.4,198,1,3128.2,9,1,3128.4,28,2,3128.5,195,2
2031,2026-06-16 11:09:38+05:30,3127.0,8,3130.89,1479846,129278.0,199232.0,3163.0,3163.0,3108.0,3134.3,31889800,3447.7,2820.9,3839.9,2896.0,3127.0,688,7,3126.9,31,2,3126.8,19,1,3126.7,62,4,3126.6,109,4,3127.1,142,1,3127.4,198,1,3128.2,9,1,3128.4,28,2,3128.5,195,2
2031,2026-06-16 11:09:39+05:30,3127.0,198,3130.89,1479846,129278.0,199232.0,3163.0,3163.0,3108.0,3134.3,31889800,3447.7,2820.9,3839.9,2896.0,3127.0,688,7,3126.9,31,2,3126.8,19,1,3126.7,62,4,3126.6,109,4,3127.1,142,1,3127.4,198,1,3128.2,9,1,3128.4,28,2,3128.5,195,2
2031,2026-06-16 11:09:39+05:30,3127.1,142,3130.89,1480186,129285.0,198779.0,3163.0,3163.0,3108.0,3134.3,31889800,3447.7,2820.9,3839.9,2896.0,3127.1,108,4,3127.0,520,7,3126.9,108,6,3126.8,19,1,3126.7,86,5,3128.1,43,1,3128.2,9,1,3128.4,48,3,3128.5,6,1,3128.6,78,3
2031,2026-06-16 11:09:40+05:30,3127.1,142,3130.89,1480186,129285.0,198779.0,3163.0,3163.0,3108.0,3134.3,31889800,3447.7,2820.9,3839.9,2896.0,3127.1,108,4,3127.0,520,7,3126.9,108,6,3126.8,19,1,3126.7,86,5,3128.1,43,1,3128.2,9,1,3128.4,48,3,3128.5,6,1,3128.6,78,3
2031,2026-06-16 11:09:40+05:30,3127.1,142,3130.89,1480186,129285.0,198779.0,3163.0,3163.0,3108.0,3134.3,31889800,3447.7,2820.9,3839.9,2896.0,3127.1,108,4,3127.0,520,7,3126.9,108,6,3126.8,19,1,3126.7,86,5,3128.1,43,1,3128.2,9,1,3128.4,48,3,3128.5,6,1,3128.6,78,3
2031,2026-06-16 11:09:40+05:30,3128.1,1,3130.89,1480188,129345.0,198778.0,3163.0,3163.0,3108.0,3134.3,31889800,3447.7,2820.9,3839.9,2896.0,3127.1,124,5,3127.0,528,8,3126.9,77,4,3126.8,61,2,3126.7,44,4,3128.1,50,2,3128.4,9,2,3128.5,6,1,3128.6,78,3,3128.7,234,3
2031,2026-06-16 11:09:41+05:30,3128.1,1,3130.89,1480188,129345.0,198778.0,3163.0,3163.0,3108.0,3134.3,31889800,3447.7,2820.9,3839.9,2896.0,3127.1,124,5,3127.0,528,8,3126.9,77,4,3126.8,61,2,3126.7,44,4,3128.1,50,2,3128.4,9,2,3128.5,6,1,3128.6,78,3,3128.7,234,3
2031,2026-06-16 11:09:41+05:30,3128.1,1,3130.89,1480188,129362.0,198819.0,3163.0,3163.0,3108.0,3134.3,31889800,3447.7,2820.9,3839.9,2896.0,3127.1,124,5,3127.0,528,8,3126.9,77,4,3126.8,61,2,3126.7,61,5,3128.1,89,3,3128.4,9,2,3128.5,6,1,3128.6,78,3,3128.7,234,3
2031,2026-06-16 11:09:42+05:30,3128.1,1,3130.89,1480188,129362.0,198819.0,3163.0,3163.0,3108.0,3134.3,31889800,3447.7,2820.9,3839.9,2896.0,3127.1,124,5,3127.0,528,8,3126.9,77,4,3126.8,61,2,3126.7,61,5,3128.1,89,3,3128.4,9,2,3128.5,6,1,3128.6,78,3,3128.7,234,3
2031,2026-06-16 11:09:42+05:30,3127.0,2,3130.89,1480231,129331.0,198979.0,3163.0,3163.0,3108.0,3134.3,31889800,3447.7,2820.9,3839.9,2896.0,3127.0,531,7,3126.9,115,5,3126.8,78,3,3126.7,61,5,3126.6,78,3,3128.1,48,2,3128.4,29,3,3128.5,69,2,3128.6,99,4,3128.7,195,2
2031,2026-06-16 11:09:43+05:30,3127.0,2,3130.89,1480231,129331.0,198979.0,3163.0,3163.0,3108.0,3134.3,31889800,3447.7,2820.9,3839.9,2896.0,3127.0,531,7,3126.9,115,5,3126.8,78,3,3126.7,61,5,3126.6,78,3,3128.1,48,2,3128.4,29,3,3128.5,69,2,3128.6,99,4,3128.7,195,2
2031,2026-06-16 11:09:43+05:30,3127.0,2,3130.89,1480231,129321.0,199021.0,3163.0,3163.0,3108.0,3134.3,31889800,3447.7,2820.9,3839.9,2896.0,3127.0,485,7,3126.9,155,4,3126.8,58,3,3126.7,44,4,3126.6,100,3,3128.0,15,2,3128.1,48,2,3128.4,29,3,3128.5,91,3,3128.6,311,7
2031,2026-06-16 11:09:44+05:30,3127.0,2,3130.89,1480231,129321.0,199021.0,3163.0,3163.0,3108.0,3134.3,31889800,3447.7,2820.9,3839.9,2896.0,3127.0,485,7,3126.9,155,4,3126.8,58,3,3126.7,44,4,3126.6,100,3,3128.0,15,2,3128.1,48,2,3128.4,29,3,3128.5,91,3,3128.6,311,7
2031,2026-06-16 11:09:45+05:30,3127.0,2,3130.89,1480231,129321.0,199021.0,3163.0,3163.0,3108.0,3134.3,31889800,3447.7,2820.9,3839.9,2896.0,3127.0,485,7,3126.9,155,4,3126.8,58,3,3126.7,44,4,3126.6,100,3,3128.0,15,2,3128.1,48,2,3128.4,29,3,3128.5,91,3,3128.6,311,7
2031,2026-06-16 11:09:45+05:30,3127.0,2,3130.89,1480258,129241.0,198787.0,3163.0,3163.0,3108.0,3134.3,31889800,3447.7,2820.9,3839.9,2896.0,3127.0,458,7,3126.8,20,1,3126.7,3,1,3126.6,45,2,3126.5,109,4,3127.4,3,1,3127.8,189,1,3128.0,28,1,3128.1,48,2,3128.2,127,2
2031,2026-06-16 11:09:45+05:30,3127.0,2,3130.89,1480258,129241.0,198787.0,3163.0,3163.0,3108.0,3134.3,31889800,3447.7,2820.9,3839.9,2896.0,3127.0,458,7,3126.8,20,1,3126.7,3,1,3126.6,45,2,3126.5,109,4,3127.4,3,1,3127.8,189,1,3128.0,28,1,3128.1,48,2,3128.2,127,2
2031,2026-06-16 11:09:46+05:30,3127.2,1,3130.89,1480258,129241.0,198787.0,3163.0,3163.0,3108.0,3134.3,31889800,3447.7,2820.9,3839.9,2896.0,3127.0,458,7,3126.8,20,1,3126.7,3,1,3126.6,45,2,3126.5,109,4,3127.4,3,1,3127.8,189,1,3128.0,28,1,3128.1,48,2,3128.2,127,2
2031,2026-06-16 11:09:46+05:30,3127.2,1,3130.89,1480261,128954.0,197545.0,3163.0,3163.0,3108.0,3134.3,31889800,3447.7,2820.9,3839.9,2896.0,3127.2,2,2,3127.1,20,1,3127.0,441,7,3126.7,23,2,3126.5,42,2,3127.3,1,1,3127.4,2,1,3127.8,189,1,3128.0,50,2,3128.1,39,1
2031,2026-06-16 11:09:47+05:30,3127.3,1,3130.89,1480261,128954.0,197545.0,3163.0,3163.0,3108.0,3134.3,31889800,3447.7,2820.9,3839.9,2896.0,3127.2,2,2,3127.1,20,1,3127.0,441,7,3126.7,23,2,3126.5,42,2,3127.3,1,1,3127.4,2,1,3127.8,189,1,3128.0,50,2,3128.1,39,1
2031,2026-06-16 11:09:47+05:30,3127.3,1,3130.89,1480262,129077.0,199552.0,3163.0,3163.0,3108.0,3134.3,31889800,3447.7,2820.9,3839.9,2896.0,3127.2,2,2,3127.1,20,1,3127.0,441,7,3126.7,3,1,3126.5,42,2,3127.4,2,1,3127.8,189,1,3128.0,50,2,3128.1,67,2,3128.2,141,2
2031,2026-06-16 11:09:47+05:30,3127.3,1,3130.89,1480262,129077.0,199552.0,3163.0,3163.0,3108.0,3134.3,31889800,3447.7,2820.9,3839.9,2896.0,3127.2,2,2,3127.1,20,1,3127.0,441,7,3126.7,3,1,3126.5,42,2,3127.4,2,1,3127.8,189,1,3128.0,50,2,3128.1,67,2,3128.2,141,2
2031,2026-06-16 11:09:48+05:30,3127.4,16,3130.89,1480262,129077.0,199552.0,3163.0,3163.0,3108.0,3134.3,31889800,3447.7,2820.9,3839.9,2896.0,3127.2,2,2,3127.1,20,1,3127.0,441,7,3126.7,3,1,3126.5,42,2,3127.4,2,1,3127.8,189,1,3128.0,50,2,3128.1,67,2,3128.2,141,2
2031,2026-06-16 11:09:48+05:30,3127.4,16,3130.89,1480280,129294.0,200073.0,3163.0,3163.0,3108.0,3134.3,31889800,3447.7,2820.9,3839.9,2896.0,3127.4,1,1,3127.2,2,2,3127.0,441,7,3126.7,24,2,3126.5,21,1,3127.6,2,1,3127.7,41,3,3127.8,191,2,3128.0,86,3,3128.1,89,3
2031,2026-06-16 11:09:48+05:30,3127.4,16,3130.89,1480280,129294.0,200073.0,3163.0,3163.0,3108.0,3134.3,31889800,3447.7,2820.9,3839.9,2896.0,3127.4,1,1,3127.2,2,2,3127.0,441,7,3126.7,24,2,3126.5,21,1,3127.6,2,1,3127.7,41,3,3127.8,191,2,3128.0,86,3,3128.1,89,3
2031,2026-06-16 11:09:49+05:30,3127.0,83,3130.89,1480280,129294.0,200073.0,3163.0,3163.0,3108.0,3134.3,31889800,3447.7,2820.9,3839.9,2896.0,3127.4,1,1,3127.2,2,2,3127.0,441,7,3126.7,24,2,3126.5,21,1,3127.6,2,1,3127.7,41,3,3127.8,191,2,3128.0,86,3,3128.1,89,3
2031,2026-06-16 11:09:49+05:30,3127.0,83,3130.89,1480600,129002.0,199779.0,3163.0,3163.0,3108.0,3134.3,31889800,3447.7,2820.9,3839.9,2896.0,3127.0,396,7,3126.9,20,1,3126.8,5,1,3126.7,3,1,3126.6,26,2,3127.1,200,1,3127.2,1,1,3127.5,10,1,3127.6,7,2,3127.7,20,2
2031,2026-06-16 11:09:49+05:30,3127.0,83,3130.89,1480600,129002.0,199779.0,3163.0,3163.0,3108.0,3134.3,31889800,3447.7,2820.9,3839.9,2896.0,3127.0,396,7,3126.9,20,1,3126.8,5,1,3126.7,3,1,3126.6,26,2,3127.1,200,1,3127.2,1,1,3127.5,10,1,3127.6,7,2,3127.7,20,2
2031,2026-06-16 11:09:50+05:30,3127.0,29,3130.89,1480600,129002.0,199779.0,3163.0,3163.0,3108.0,3134.3,31889800,3447.7,2820.9,3839.9,2896.0,3127.0,396,7,3126.9,20,1,3126.8,5,1,3126.7,3,1,3126.6,26,2,3127.1,200,1,3127.2,1,1,3127.5,10,1,3127.6,7,2,3127.7,20,2
2031,2026-06-16 11:09:50+05:30,3127.0,29,3130.89,1480838,129048.0,199322.0,3163.0,3163.0,3108.0,3134.3,31889800,3447.7,2820.9,3839.9,2896.0,3127.0,265,7,3126.8,24,2,3126.7,3,1,3126.6,39,2,3126.5,10,1,3127.1,15,1,3127.6,7,2,3127.7,5,1,3127.8,190,2,3127.9,6,1
2031,2026-06-16 11:09:50+05:30,3127.0,29,3130.89,1480838,129048.0,199322.0,3163.0,3163.0,3108.0,3134.3,31889800,3447.7,2820.9,3839.9,2896.0,3127.0,265,7,3126.8,24,2,3126.7,3,1,3126.6,39,2,3126.5,10,1,3127.1,15,1,3127.6,7,2,3127.7,5,1,3127.8,190,2,3127.9,6,1
2031,2026-06-16 11:09:51+05:30,3127.1,1,3130.89,1480838,129048.0,199322.0,3163.0,3163.0,3108.0,3134.3,31889800,3447.7,2820.9,3839.9,2896.0,3127.0,265,7,3126.8,24,2,3126.7,3,1,3126.6,39,2,3126.5,10,1,3127.1,15,1,3127.6,7,2,3127.7,5,1,3127.8,190,2,3127.9,6,1
2031,2026-06-16 11:09:51+05:30,3127.1,1,3130.89,1480843,129100.0,198729.0,3163.0,3163.0,3108.0,3134.3,31889800,3447.7,2820.9,3839.9,2896.0,3127.0,261,7,3126.8,24,2,3126.7,3,1,3126.6,39,2,3126.5,29,2,3127.1,15,2,3127.6,7,2,3127.7,5,1,3127.8,190,2,3127.9,6,1
2031,2026-06-16 11:09:51+05:30,3127.1,1,3130.89,1480843,129100.0,198729.0,3163.0,3163.0,3108.0,3134.3,31889800,3447.7,2820.9,3839.9,2896.0,3127.0,261,7,3126.8,24,2,3126.7,3,1,3126.6,39,2,3126.5,29,2,3127.1,15,2,3127.6,7,2,3127.7,5,1,3127.8,190,2,3127.9,6,1
2031,2026-06-16 11:09:52+05:30,3127.0,1,3130.89,1480843,129100.0,198729.0,3163.0,3163.0,3108.0,3134.3,31889800,3447.7,2820.9,3839.9,2896.0,3127.0,261,7,3126.8,24,2,3126.7,3,1,3126.6,39,2,3126.5,29,2,3127.1,15,2,3127.6,7,2,3127.7,5,1,3127.8,190,2,3127.9,6,1
2031,2026-06-16 11:09:52+05:30,3127.0,1,3130.89,1480844,129139.0,199201.0,3163.0,3163.0,3108.0,3134.3,31889800,3447.7,2820.9,3839.9,2896.0,3127.0,245,6,3126.9,20,1,3126.8,29,3,3126.7,3,1,3126.6,79,3,3127.1,15,2,3127.6,6,1,3127.7,5,1,3127.8,190,2,3127.9,6,1
2031,2026-06-16 11:09:52+05:30,3127.0,1,3130.89,1480844,129139.0,199201.0,3163.0,3163.0,3108.0,3134.3,31889800,3447.7,2820.9,3839.9,2896.0,3127.0,245,6,3126.9,20,1,3126.8,29,3,3126.7,3,1,3126.6,79,3,3127.1,15,2,3127.6,6,1,3127.7,5,1,3127.8,190,2,3127.9,6,1
2031,2026-06-16 11:09:53+05:30,3127.1,39,3130.89,1480844,129139.0,199201.0,3163.0,3163.0,3108.0,3134.3,31889800,3447.7,2820.9,3839.9,2896.0,3127.0,245,6,3126.9,20,1,3126.8,29,3,3126.7,3,1,3126.6,79,3,3127.1,15,2,3127.6,6,1,3127.7,5,1,3127.8,190,2,3127.9,6,1
2031,2026-06-16 11:09:53+05:30,3127.1,39,3130.89,1480898,129309.0,199561.0,3163.0,3163.0,3108.0,3134.3,31889800,3447.7,2820.9,3839.9,2896.0,3127.0,225,5,3126.8,24,2,3126.7,23,2,3126.6,79,3,3126.5,31,2,3127.6,6,1,3127.7,8,1,3127.8,190,2,3127.9,6,1,3128.0,34,2
2031,2026-06-16 11:09:53+05:30,3127.1,39,3130.89,1480898,129309.0,199561.0,3163.0,3163.0,3108.0,3134.3,31889800,3447.7,2820.9,3839.9,2896.0,3127.0,225,5,3126.8,24,2,3126.7,23,2,3126.6,79,3,3126.5,31,2,3127.6,6,1,3127.7,8,1,3127.8,190,2,3127.9,6,1,3128.0,34,2
2031,2026-06-16 11:09:54+05:30,3127.0,1,3130.89,1480898,129309.0,199561.0,3163.0,3163.0,3108.0,3134.3,31889800,3447.7,2820.9,3839.9,2896.0,3127.0,225,5,3126.8,24,2,3126.7,23,2,3126.6,79,3,3126.5,31,2,3127.6,6,1,3127.7,8,1,3127.8,190,2,3127.9,6,1,3128.0,34,2
2031,2026-06-16 11:09:54+05:30,3127.0,1,3130.89,1480900,129388.0,197753.0,3163.0,3163.0,3108.0,3134.3,31889800,3447.7,2820.9,3839.9,2896.0,3127.0,243,6,3126.8,24,2,3126.7,23,2,3126.6,39,2,3126.5,52,3,3127.6,6,2,3127.7,8,1,3127.8,190,2,3127.9,6,1,3128.0,34,2
2031,2026-06-16 11:09:54+05:30,3127.0,1,3130.89,1480900,129388.0,197753.0,3163.0,3163.0,3108.0,3134.3,31889800,3447.7,2820.9,3839.9,2896.0,3127.0,243,6,3126.8,24,2,3126.7,23,2,3126.6,39,2,3126.5,52,3,3127.6,6,2,3127.7,8,1,3127.8,190,2,3127.9,6,1,3128.0,34,2
2031,2026-06-16 11:09:55+05:30,3127.7,5,3130.89,1480900,129388.0,197753.0,3163.0,3163.0,3108.0,3134.3,31889800,3447.7,2820.9,3839.9,2896.0,3127.0,243,6,3126.8,24,2,3126.7,23,2,3126.6,39,2,3126.5,52,3,3127.6,6,2,3127.7,8,1,3127.8,190,2,3127.9,6,1,3128.0,34,2
2031,2026-06-16 11:09:55+05:30,3127.7,5,3130.88,1482905,131669.0,196605.0,3163.0,3163.0,3108.0,3134.3,31889800,3447.7,2820.9,3839.9,2896.0,3127.6,73,4,3127.5,48,2,3127.4,273,8,3127.3,85,4,3127.2,203,6,3128.5,221,1,3128.6,13,1,3128.7,13,1,3128.8,13,1,3128.9,26,2
2031,2026-06-16 11:09:55+05:30,3127.7,5,3130.88,1482905,131669.0,196605.0,3163.0,3163.0,3108.0,3134.3,31890000,3447.7,2820.9,3839.9,2896.0,3127.6,73,4,3127.5,48,2,3127.4,273,8,3127.3,85,4,3127.2,203,6,3128.5,221,1,3128.6,13,1,3128.7,13,1,3128.8,13,1,3128.9,26,2
2031,2026-06-16 11:09:55+05:30,3127.5,1,3130.88,1483127,131536.0,196601.0,3163.0,3163.0,3108.0,3134.3,31890000,3447.7,2820.9,3839.9,2896.0,3127.8,21,1,3127.7,229,6,3127.6,117,2,3127.5,94,5,3127.4,161,6,3128.9,13,1,3129.3,13,1,3129.4,20,1,3129.5,205,2,3129.6,78,2
2031,2026-06-16 11:09:56+05:30,3127.5,1,3130.88,1483127,131536.0,196601.0,3163.0,3163.0,3108.0,3134.3,31890000,3447.7,2820.9,3839.9,2896.0,3127.8,21,1,3127.7,229,6,3127.6,117,2,3127.5,94,5,3127.4,161,6,3128.9,13,1,3129.3,13,1,3129.4,20,1,3129.5,205,2,3129.6,78,2
2031,2026-06-16 11:09:56+05:30,3127.8,1,3130.88,1483129,131689.0,196725.0,3163.0,3163.0,3108.0,3134.3,31890000,3447.7,2820.9,3839.9,2896.0,3127.8,63,1,3127.7,100,4,3127.6,112,2,3127.5,67,4,3127.4,144,5,3128.8,36,2,3128.9,12,1,3129.3,33,2,3129.4,200,1,3129.5,13,1
2031,2026-06-16 11:09:57+05:30,3127.8,1,3130.88,1483129,131689.0,196725.0,3163.0,3163.0,3108.0,3134.3,31890000,3447.7,2820.9,3839.9,2896.0,3127.8,63,1,3127.7,100,4,3127.6,112,2,3127.5,67,4,3127.4,144,5,3128.8,36,2,3128.9,12,1,3129.3,33,2,3129.4,200,1,3129.5,13,1
2031,2026-06-16 11:09:57+05:30,3127.8,1,3130.88,1483129,130566.0,197143.0,3163.0,3163.0,3108.0,3134.3,31890000,3447.7,2820.9,3839.9,2896.0,3127.9,17,1,3127.6,92,1,3127.5,24,1,3127.4,75,3,3127.3,33,2,3128.6,36,2,3128.7,13,1,3128.8,80,3,3129.0,47,1,3129.1,65,2
2031,2026-06-16 11:09:58+05:30,3127.8,1,3130.88,1483129,131777.0,196991.0,3163.0,3163.0,3108.0,3134.3,31890000,3447.7,2820.9,3839.9,2896.0,3127.9,166,6,3127.8,111,4,3127.7,89,3,3127.6,128,3,3127.5,64,3,3128.6,23,1,3128.8,80,3,3129.3,20,1,3129.4,79,2,3129.6,314,4
2031,2026-06-16 11:09:59+05:30,3128.6,1,3130.88,1483130,131764.0,196637.0,3163.0,3163.0,3108.0,3134.3,31890000,3447.7,2820.9,3839.9,2896.0,3127.9,216,6,3127.8,77,2,3127.7,89,3,3127.6,166,4,3127.5,64,3,3128.6,22,1,3128.8,80,3,3129.3,20,1,3129.4,21,1,3129.5,200,1
2031,2026-06-16 11:10:00+05:30,3128.6,1,3130.88,1483130,131764.0,196637.0,3163.0,3163.0,3108.0,3134.3,31890000,3447.7,2820.9,3839.9,2896.0,3127.9,216,6,3127.8,77,2,3127.7,89,3,3127.6,166,4,3127.5,64,3,3128.6,22,1,3128.8,80,3,3129.3,20,1,3129.4,21,1,3129.5,200,1
2031,2026-06-16 11:10:01+05:30,3128.6,1,3130.88,1483131,131695.0,196900.0,3163.0,3163.0,3108.0,3134.3,31890000,3447.7,2820.9,3839.9,2896.0,3128.4,17,1,3128.3,2,2,3127.9,186,6,3127.8,98,3,3127.7,109,4,3128.6,37,3,3128.8,80,3,3129.3,20,1,3129.4,6,1,3129.5,200,1
2031,2026-06-16 11:10:02+05:30,3128.4,20,3130.88,1483131,131695.0,196900.0,3163.0,3163.0,3108.0,3134.3,31890000,3447.7,2820.9,3839.9,2896.0,3128.4,17,1,3128.3,2,2,3127.9,186,6,3127.8,98,3,3127.7,109,4,3128.6,37,3,3128.8,80,3,3129.3,20,1,3129.4,6,1,3129.5,200,1
2031,2026-06-16 11:10:02+05:30,3128.6,15,3130.88,1483172,131577.0,197153.0,3163.0,3163.0,3108.0,3134.3,31890000,3447.7,2820.9,3839.9,2896.0,3128.6,17,1,3128.3,2,2,3127.9,118,4,3127.7,20,1,3127.6,92,1,3128.8,68,3,3129.2,56,2,3129.3,340,6,3129.4,25,1,3129.5,28,1
2031,2026-06-16 11:10:03+05:30,3128.6,6,3130.88,1483172,131577.0,197153.0,3163.0,3163.0,3108.0,3134.3,31890000,3447.7,2820.9,3839.9,2896.0,3128.6,17,1,3128.3,2,2,3127.9,118,4,3127.7,20,1,3127.6,92,1,3128.8,68,3,3129.2,56,2,3129.3,340,6,3129.4,25,1,3129.5,28,1
2031,2026-06-16 11:10:03+05:30,3128.6,6,3130.88,1483178,132776.0,197524.0,3163.0,3163.0,3108.0,3134.3,31890000,3447.7,2820.9,3839.9,2896.0,3128.6,108,2,3128.3,2,2,3128.2,8,1,3128.1,56,2,3128.0,35,2,3128.7,5,1,3128.8,77,3,3129.6,59,3,3129.7,414,3,3129.8,143,4
2031,2026-06-16 11:10:04+05:30,3128.8,6,3130.88,1483178,132776.0,197524.0,3163.0,3163.0,3108.0,3134.3,31890000,3447.7,2820.9,3839.9,2896.0,3128.6,108,2,3128.3,2,2,3128.2,8,1,3128.1,56,2,3128.0,35,2,3128.7,5,1,3128.8,77,3,3129.6,59,3,3129.7,414,3,3129.8,143,4
2031,2026-06-16 11:10:04+05:30,3128.8,6,3130.88,1483267,133345.0,196804.0,3163.0,3163.0,3108.0,3134.3,31890000,3447.7,2820.9,3839.9,2896.0,3128.6,97,1,3128.3,2,2,3128.0,14,1,3127.9,27,3,3127.8,177,4,3129.1,9,1,3129.2,28,2,3129.3,200,1,3129.5,28,2,3129.6,9,2
2031,2026-06-16 11:10:05+05:30,3128.6,9,3130.88,1483267,133345.0,196804.0,3163.0,3163.0,3108.0,3134.3,31890000,3447.7,2820.9,3839.9,2896.0,3128.6,97,1,3128.3,2,2,3128.0,14,1,3127.9,27,3,3127.8,177,4,3129.1,9,1,3129.2,28,2,3129.3,200,1,3129.5,28,2,3129.6,9,2
2031,2026-06-16 11:10:05+05:30,3128.6,9,3130.88,1483495,133192.0,196875.0,3163.0,3163.0,3108.0,3134.3,31890000,3447.7,2820.9,3839.9,2896.0,3128.8,2,2,3128.6,64,1,3128.3,19,1,3127.9,26,3,3127.8,150,1,3129.0,28,2,3129.1,26,2,3129.2,45,3,3129.3,204,2,3129.4,15,1
2031,2026-06-16 11:10:06+05:30,3128.8,78,3130.88,1483495,133192.0,196875.0,3163.0,3163.0,3108.0,3134.3,31890000,3447.7,2820.9,3839.9,2896.0,3128.8,2,2,3128.6,64,1,3128.3,19,1,3127.9,26,3,3127.8,150,1,3129.0,28,2,3129.1,26,2,3129.2,45,3,3129.3,204,2,3129.4,15,1
2031,2026-06-16 11:10:06+05:30,3128.5,1,3130.88,1483675,132444.0,196733.0,3163.0,3163.0,3108.0,3134.3,31890000,3447.7,2820.9,3839.9,2896.0,3128.3,19,1,3127.9,60,5,3127.8,150,1,3127.7,20,1,3127.6,35,2,3128.5,3,1,3128.6,101,1,3129.0,15,1,3129.2,45,3,3129.3,204,2
2031,2026-06-16 11:10:07+05:30,3129.6,3,3130.88,1483675,132444.0,196733.0,3163.0,3163.0,3108.0,3134.3,31890000,3447.7,2820.9,3839.9,2896.0,3128.3,19,1,3127.9,60,5,3127.8,150,1,3127.7,20,1,3127.6,35,2,3128.5,3,1,3128.6,101,1,3129.0,15,1,3129.2,45,3,3129.3,204,2
2031,2026-06-16 11:10:07+05:30,3129.6,3,3130.88,1484379,133159.0,196572.0,3163.0,3163.0,3108.0,3134.3,31890000,3447.7,2820.9,3839.9,2896.0,3128.6,2,2,3128.5,18,1,3128.3,63,2,3128.2,69,3,3128.1,83,2,3129.5,26,2,3129.6,26,2,3129.8,71,3,3130.0,102,6,3130.1,96,4
2031,2026-06-16 11:10:08+05:30,3129.4,35,3130.88,1484379,133159.0,196572.0,3163.0,3163.0,3108.0,3134.3,31890000,3447.7,2820.9,3839.9,2896.0,3128.6,2,2,3128.5,18,1,3128.3,63,2,3128.2,69,3,3128.1,83,2,3129.5,26,2,3129.6,26,2,3129.8,71,3,3130.0,102,6,3130.1,96,4
2031,2026-06-16 11:10:08+05:30,3129.4,35,3130.88,1484414,133053.0,194802.0,3163.0,3163.0,3108.0,3134.3,31890000,3447.7,2820.9,3839.9,2896.0,3128.6,2,2,3128.5,18,1,3128.3,63,2,3128.2,22,1,3128.1,40,2,3129.4,44,2,3129.5,26,2,3129.6,26,2,3129.7,3,1,3129.8,245,2
2031,2026-06-16 11:10:09+05:30,3128.8,3,3130.88,1484414,133053.0,194802.0,3163.0,3163.0,3108.0,3134.3,31890000,3447.7,2820.9,3839.9,2896.0,3128.6,2,2,3128.5,18,1,3128.3,63,2,3128.2,22,1,3128.1,40,2,3129.4,44,2,3129.5,26,2,3129.6,26,2,3129.7,3,1,3129.8,245,2
2031,2026-06-16 11:10:09+05:30,3128.8,3,3130.88,1484452,133180.0,197031.0,3163.0,3163.0,3108.0,3134.3,31890000,3447.7,2820.9,3839.9,2896.0,3128.8,5,1,3128.6,2,2,3128.5,18,1,3128.1,41,2,3128.0,56,1,3129.4,33,2,3129.6,213,2,3129.7,36,3,3129.8,3,1,3129.9,100,3
2031,2026-06-16 11:10:10+05:30,3129.3,1,3130.88,1484452,133180.0,197031.0,3163.0,3163.0,3108.0,3134.3,31890000,3447.7,2820.9,3839.9,2896.0,3128.8,5,1,3128.6,2,2,3128.5,18,1,3128.1,41,2,3128.0,56,1,3129.4,33,2,3129.6,213,2,3129.7,36,3,3129.8,3,1,3129.9,100,3
2031,2026-06-16 11:10:10+05:30,3129.4,5,3130.88,1484462,133381.0,196707.0,3163.0,3163.0,3108.0,3134.3,31890000,3447.7,2820.9,3839.9,2896.0,3128.8,5,1,3128.5,18,1,3128.1,41,2,3128.0,289,3,3127.9,95,6,3129.4,27,2,3129.6,200,1,3129.7,23,2,3129.8,3,1,3129.9,36,1
2031,2026-06-16 11:10:11+05:30,3129.4,5,3130.88,1484462,133381.0,196707.0,3163.0,3163.0,3108.0,3134.3,31890000,3447.7,2820.9,3839.9,2896.0,3128.8,5,1,3128.5,18,1,3128.1,41,2,3128.0,289,3,3127.9,95,6,3129.4,27,2,3129.6,200,1,3129.7,23,2,3129.8,3,1,3129.9,36,1
2031,2026-06-16 11:10:11+05:30,3129.4,5,3130.88,1484462,133361.0,196716.0,3163.0,3163.0,3108.0,3134.3,31890000,3447.7,2820.9,3839.9,2896.0,3128.8,5,1,3128.5,18,1,3128.1,20,1,3128.0,225,2,3127.9,159,7,3129.3,1,1,3129.4,27,2,3129.6,200,1,3129.7,23,2,3129.9,36,1
2031,2026-06-16 11:10:12+05:30,3128.8,1,3130.88,1484462,133361.0,196716.0,3163.0,3163.0,3108.0,3134.3,31890000,3447.7,2820.9,3839.9,2896.0,3128.8,5,1,3128.5,18,1,3128.1,20,1,3128.0,225,2,3127.9,159,7,3129.3,1,1,3129.4,27,2,3129.6,200,1,3129.7,23,2,3129.9,36,1
2031,2026-06-16 11:10:12+05:30,3129.4,1,3130.88,1484486,133174.0,196831.0,3163.0,3163.0,3108.0,3134.3,31890000,3447.7,2820.9,3839.9,2896.0,3128.8,24,2,3128.1,260,4,3128.0,120,2,3127.9,86,6,3127.8,153,2,3129.4,26,2,3129.7,219,2,3129.8,44,1,3129.9,36,1,3130.0,192,6
2031,2026-06-16 11:10:13+05:30,3129.4,1,3130.88,1484486,133174.0,196831.0,3163.0,3163.0,3108.0,3134.3,31890000,3447.7,2820.9,3839.9,2896.0,3128.8,24,2,3128.1,260,4,3128.0,120,2,3127.9,86,6,3127.8,153,2,3129.4,26,2,3129.7,219,2,3129.8,44,1,3129.9,36,1,3130.0,192,6
2031,2026-06-16 11:10:13+05:30,3128.8,2,3130.88,1484489,134339.0,196534.0,3163.0,3163.0,3108.0,3134.3,31890000,3447.7,2820.9,3839.9,2896.0,3128.8,4,1,3128.5,67,4,3128.4,37,2,3128.3,92,3,3128.2,147,3,3129.4,38,2,3129.8,200,1,3130.0,169,5,3130.1,27,3,3130.2,300,4
2031,2026-06-16 11:10:14+05:30,3128.8,2,3130.88,1484489,134339.0,196534.0,3163.0,3163.0,3108.0,3134.3,31890000,3447.7,2820.9,3839.9,2896.0,3128.8,4,1,3128.5,67,4,3128.4,37,2,3128.3,92,3,3128.2,147,3,3129.4,38,2,3129.8,200,1,3130.0,169,5,3130.1,27,3,3130.2,300,4
2031,2026-06-16 11:10:14+05:30,3128.8,2,3130.88,1484489,134360.0,196487.0,3163.0,3163.0,3108.0,3134.3,31890000,3447.7,2820.9,3839.9,2896.0,3128.8,5,2,3128.5,67,4,3128.4,37,2,3128.3,92,3,3128.2,147,3,3129.4,25,1,3129.8,200,1,3130.0,169,5,3130.1,27,3,3130.2,256,3
2031,2026-06-16 11:10:15+05:30,3128.8,2,3130.88,1484489,134599.0,196555.0,3163.0,3163.0,3108.0,3134.3,31890000,3447.7,2820.9,3839.9,2896.0,3129.1,20,3,3128.9,1,1,3128.8,1,1,3128.5,48,3,3128.4,37,2,3129.4,25,1,3129.8,200,1,3130.0,125,4,3130.1,8,2,3130.2,256,3
2031,2026-06-16 11:10:16+05:30,3128.8,2,3130.88,1484489,135356.0,196081.0,3163.0,3163.0,3108.0,3134.3,31890000,3447.7,2820.9,3839.9,2896.0,3129.3,20,1,3129.1,2,2,3128.9,10,2,3128.8,35,3,3128.6,80,4,3129.4,51,2,3130.0,103,3,3130.1,200,1,3130.2,20,1,3130.3,8,3
2031,2026-06-16 11:10:17+05:30,3128.9,10,3130.88,1484489,135356.0,196081.0,3163.0,3163.0,3108.0,3134.3,31890000,3447.7,2820.9,3839.9,2896.0,3129.3,20,1,3129.1,2,2,3128.9,10,2,3128.8,35,3,3128.6,80,4,3129.4,51,2,3130.0,103,3,3130.1,200,1,3130.2,20,1,3130.3,8,3
2031,2026-06-16 11:10:17+05:30,3128.8,26,3130.88,1484724,133611.0,196726.0,3163.0,3163.0,3108.0,3134.3,31890000,3447.7,2820.9,3839.9,2896.0,3128.8,18,1,3128.0,109,4,3127.9,280,7,3127.8,57,3,3127.7,171,5,3128.9,185,1,3129.4,51,2,3129.6,3,1,3129.7,200,1,3129.8,43,3
2031,2026-06-16 11:10:18+05:30,3127.9,7,3130.88,1484724,133611.0,196726.0,3163.0,3163.0,3108.0,3134.3,31890000,3447.7,2820.9,3839.9,2896.0,3128.8,18,1,3128.0,109,4,3127.9,280,7,3127.8,57,3,3127.7,171,5,3128.9,185,1,3129.4,51,2,3129.6,3,1,3129.7,200,1,3129.8,43,3
2031,2026-06-16 11:10:18+05:30,3127.9,7,3130.88,1484938,133400.0,197037.0,3163.0,3163.0,3108.0,3134.3,31890000,3447.7,2820.9,3839.9,2896.0,3127.9,90,5,3127.8,44,2,3127.7,91,3,3127.6,34,2,3127.5,44,2,3128.9,36,2,3129.3,200,1,3129.4,35,2,3129.5,107,2,3129.6,153,5
2031,2026-06-16 11:10:19+05:30,3129.3,41,3130.88,1484938,133400.0,197037.0,3163.0,3163.0,3108.0,3134.3,31890000,3447.7,2820.9,3839.9,2896.0,3127.9,90,5,3127.8,44,2,3127.7,91,3,3127.6,34,2,3127.5,44,2,3128.9,36,2,3129.3,200,1,3129.4,35,2,3129.5,107,2,3129.6,153,5
2031,2026-06-16 11:10:19+05:30,3129.3,41,3130.88,1485038,133646.0,197012.0,3163.0,3163.0,3108.0,3134.3,31890000,3447.7,2820.9,3839.9,2896.0,3128.0,97,6,3127.9,130,6,3127.8,100,3,3127.7,156,5,3127.6,33,2,3128.9,1,1,3129.4,25,1,3129.6,71,2,3129.7,207,2,3129.8,113,3
2031,2026-06-16 11:10:20+05:30,3128.0,1,3130.88,1485038,133646.0,197012.0,3163.0,3163.0,3108.0,3134.3,31890000,3447.7,2820.9,3839.9,2896.0,3128.0,97,6,3127.9,130,6,3127.8,100,3,3127.7,156,5,3127.6,33,2,3128.9,1,1,3129.4,25,1,3129.6,71,2,3129.7,207,2,3129.8,113,3
2031,2026-06-16 11:10:20+05:30,3128.0,1,3130.88,1485040,133684.0,197023.0,3163.0,3163.0,3108.0,3134.3,31890000,3447.7,2820.9,3839.9,2896.0,3128.0,117,6,3127.9,90,5,3127.8,98,3,3127.7,147,5,3127.6,33,2,3129.3,11,1,3129.4,25,1,3129.5,206,3,3129.6,71,2,3129.7,48,1
2031,2026-06-16 11:10:21+05:30,3128.0,1,3130.88,1485040,133793.0,197242.0,3163.0,3163.0,3108.0,3134.3,31890000,3447.7,2820.9,3839.9,2896.0,3128.0,161,6,3127.9,130,6,3127.8,17,1,3127.7,171,5,3127.6,19,1,3129.3,31,2,3129.4,25,1,3129.5,221,3,3129.6,74,3,3129.7,48,1
2031,2026-06-16 11:10:22+05:30,3127.0,194,3130.85,1496554,127699.0,201963.0,3163.0,3163.0,3108.0,3134.3,31890000,3447.7,2820.9,3839.9,2896.0,3125.9,13,1,3125.8,103,5,3125.7,75,5,3125.6,12,1,3125.5,40,2,3127.0,6,1,3127.3,20,1,3127.4,23,2,3127.6,185,1,3127.7,200,1
2031,2026-06-16 11:10:23+05:30,3127.0,6,3130.85,1496554,127699.0,201963.0,3163.0,3163.0,3108.0,3134.3,31890000,3447.7,2820.9,3839.9,2896.0,3125.9,13,1,3125.8,103,5,3125.7,75,5,3125.6,12,1,3125.5,40,2,3127.0,6,1,3127.3,20,1,3127.4,23,2,3127.6,185,1,3127.7,200,1
2031,2026-06-16 11:10:23+05:30,3127.0,3,3130.84,1497673,128414.0,203023.0,3163.0,3163.0,3108.0,3134.3,31890000,3447.7,2820.9,3839.9,2896.0,3127.1,1,1,3127.0,130,2,3126.1,20,1,3125.8,15,1,3125.7,54,3,3127.2,13,1,3127.5,161,3,3127.6,103,2,3127.7,253,2,3127.8,102,4
2031,2026-06-16 11:10:24+05:30,3127.2,10,3130.84,1497673,128414.0,203023.0,3163.0,3163.0,3108.0,3134.3,31890000,3447.7,2820.9,3839.9,2896.0,3127.1,1,1,3127.0,130,2,3126.1,20,1,3125.8,15,1,3125.7,54,3,3127.2,13,1,3127.5,161,3,3127.6,103,2,3127.7,253,2,3127.8,102,4
2031,2026-06-16 11:10:24+05:30,3127.1,105,3130.84,1498449,128667.0,203048.0,3163.0,3163.0,3108.0,3134.3,31890000,3447.7,2820.9,3839.9,2896.0,3125.8,69,2,3125.7,26,1,3125.5,21,1,3125.4,43,2,3125.3,77,2,3127.1,33,2,3127.2,169,4,3127.3,31,2,3127.4,37,3,3127.5,54,1
2031,2026-06-16 11:10:25+05:30,3127.1,105,3130.84,1498449,128667.0,203048.0,3163.0,3163.0,3108.0,3134.3,31890000,3447.7,2820.9,3839.9,2896.0,3125.8,69,2,3125.7,26,1,3125.5,21,1,3125.4,43,2,3125.3,77,2,3127.1,33,2,3127.2,169,4,3127.3,31,2,3127.4,37,3,3127.5,54,1
2031,2026-06-16 11:10:25+05:30,3125.5,25,3130.84,1498510,128020.0,204350.0,3163.0,3163.0,3108.0,3134.3,31890000,3447.7,2820.9,3839.9,2896.0,3125.4,12,1,3125.3,115,4,3125.2,72,2,3125.1,62,3,3125.0,1403,14,3126.4,200,1,3126.9,6,1,3127.0,63,1,3127.2,182,4,3127.3,143,4
2031,2026-06-16 11:10:26+05:30,3127.0,119,3130.84,1498510,128020.0,204350.0,3163.0,3163.0,3108.0,3134.3,31890000,3447.7,2820.9,3839.9,2896.0,3125.4,12,1,3125.3,115,4,3125.2,72,2,3125.1,62,3,3125.0,1403,14,3126.4,200,1,3126.9,6,1,3127.0,63,1,3127.2,182,4,3127.3,143,4
2031,2026-06-16 11:10:26+05:30,3127.2,1,3130.84,1499830,131185.0,200528.0,3163.0,3163.0,3108.0,3134.3,31890000,3447.7,2820.9,3839.9,2896.0,3127.0,1187,2,3126.5,17,1,3126.4,75,3,3126.3,6,1,3126.2,78,4,3127.3,152,1,3127.4,174,2,3127.7,250,2,3127.8,64,1,3127.9,203,2
2031,2026-06-16 11:10:27+05:30,3127.2,1,3130.84,1499830,131185.0,200528.0,3163.0,3163.0,3108.0,3134.3,31890000,3447.7,2820.9,3839.9,2896.0,3127.0,1187,2,3126.5,17,1,3126.4,75,3,3126.3,6,1,3126.2,78,4,3127.3,152,1,3127.4,174,2,3127.7,250,2,3127.8,64,1,3127.9,203,2
2031,2026-06-16 11:10:27+05:30,3127.0,200,3130.84,1500184,131290.0,202489.0,3163.0,3163.0,3108.0,3134.3,31890000,3447.7,2820.9,3839.9,2896.0,3127.0,992,3,3126.8,7,1,3126.7,9,1,3126.6,30,2,3126.5,38,2,3127.2,1,1,3127.4,174,2,3127.7,200,1,3127.9,256,2,3128.0,3,1
2031,2026-06-16 11:10:28+05:30,3127.4,159,3130.84,1500184,131290.0,202489.0,3163.0,3163.0,3108.0,3134.3,31890000,3447.7,2820.9,3839.9,2896.0,3127.0,992,3,3126.8,7,1,3126.7,9,1,3126.6,30,2,3126.5,38,2,3127.2,1,1,3127.4,174,2,3127.7,200,1,3127.9,256,2,3128.0,3,1
2031,2026-06-16 11:10:28+05:30,3127.0,58,3130.84,1500421,131130.0,201734.0,3163.0,3163.0,3108.0,3134.3,31890000,3447.7,2820.9,3839.9,2896.0,3127.0,934,3,3126.9,3,1,3126.8,28,2,3126.7,30,2,3126.6,10,1,3127.1,1,1,3127.7,196,1,3127.9,200,1,3128.2,21,1,3128.3,59,2
2031,2026-06-16 11:10:29+05:30,3127.0,58,3130.84,1500421,131130.0,201734.0,3163.0,3163.0,3108.0,3134.3,31890000,3447.7,2820.9,3839.9,2896.0,3127.0,934,3,3126.9,3,1,3126.8,28,2,3126.7,30,2,3126.6,10,1,3127.1,1,1,3127.7,196,1,3127.9,200,1,3128.2,21,1,3128.3,59,2
2031,2026-06-16 11:10:30+05:30,3127.1,38,3130.84,1500421,131130.0,201734.0,3163.0,3163.0,3108.0,3134.3,31890000,3447.7,2820.9,3839.9,2896.0,3127.0,934,3,3126.9,3,1,3126.8,28,2,3126.7,30,2,3126.6,10,1,3127.1,1,1,3127.7,196,1,3127.9,200,1,3128.2,21,1,3128.3,59,2
2031,2026-06-16 11:10:30+05:30,3127.1,38,3130.84,1500463,131667.0,201488.0,3163.0,3163.0,3108.0,3134.3,31890000,3447.7,2820.9,3839.9,2896.0,3127.1,22,2,3127.0,1175,4,3126.9,3,1,3126.8,8,1,3126.7,37,3,3127.6,7,1,3127.7,194,2,3127.9,200,1,3128.3,102,2,3128.4,77,2
2031,2026-06-16 11:10:31+05:30,3127.4,1,3130.84,1500463,131667.0,201488.0,3163.0,3163.0,3108.0,3134.3,31890000,3447.7,2820.9,3839.9,2896.0,3127.1,22,2,3127.0,1175,4,3126.9,3,1,3126.8,8,1,3126.7,37,3,3127.6,7,1,3127.7,194,2,3127.9,200,1,3128.3,102,2,3128.4,77,2
2031,2026-06-16 11:10:31+05:30,3127.1,2,3130.84,1500471,131792.0,201560.0,3163.0,3163.0,3108.0,3134.3,31890000,3447.7,2820.9,3839.9,2896.0,3127.1,138,4,3127.0,1175,4,3126.9,3,1,3126.8,8,1,3126.7,29,2,3127.3,4,1,3127.6,4,1,3127.7,194,2,3127.9,200,1,3128.3,14,1
2031,2026-06-16 11:10:32+05:30,3127.2,1,3130.84,1500471,131792.0,201560.0,3163.0,3163.0,3108.0,3134.3,31890000,3447.7,2820.9,3839.9,2896.0,3127.1,138,4,3127.0,1175,4,3126.9,3,1,3126.8,8,1,3126.7,29,2,3127.3,4,1,3127.6,4,1,3127.7,194,2,3127.9,200,1,3128.3,14,1
2031,2026-06-16 11:10:32+05:30,3127.2,1,3130.84,1500479,131825.0,201656.0,3163.0,3163.0,3108.0,3134.3,31890000,3447.7,2820.9,3839.9,2896.0,3127.3,19,1,3127.1,123,3,3127.0,1205,5,3126.9,3,1,3126.8,8,1,3127.6,4,1,3127.7,194,2,3127.9,200,1,3128.4,125,2,3128.5,200,1
2031,2026-06-16 11:10:33+05:30,3127.2,200,3130.84,1500479,131825.0,201656.0,3163.0,3163.0,3108.0,3134.3,31890000,3447.7,2820.9,3839.9,2896.0,3127.3,19,1,3127.1,123,3,3127.0,1205,5,3126.9,3,1,3126.8,8,1,3127.6,4,1,3127.7,194,2,3127.9,200,1,3128.4,125,2,3128.5,200,1
2031,2026-06-16 11:10:33+05:30,3127.4,1,3130.83,1500881,132096.0,201758.0,3163.0,3163.0,3108.0,3134.3,31890000,3447.7,2820.9,3839.9,2896.0,3127.3,93,1,3127.1,125,5,3127.0,1317,9,3126.7,68,2,3126.6,38,2,3127.4,44,1,3127.5,15,1,3127.6,3,1,3127.7,194,2,3127.9,200,1
2031,2026-06-16 11:10:34+05:30,3127.4,1,3130.83,1500881,132096.0,201758.0,3163.0,3163.0,3108.0,3134.3,31890000,3447.7,2820.9,3839.9,2896.0,3127.3,93,1,3127.1,125,5,3127.0,1317,9,3126.7,68,2,3126.6,38,2,3127.4,44,1,3127.5,15,1,3127.6,3,1,3127.7,194,2,3127.9,200,1
2031,2026-06-16 11:10:34+05:30,3127.2,1,3130.83,1500975,131761.0,202233.0,3163.0,3163.0,3108.0,3134.3,31890000,3447.7,2820.9,3839.9,2896.0,3127.1,100,3,3127.0,1221,6,3126.7,79,2,3126.6,10,1,3126.5,37,2,3127.2,43,1,3127.3,107,1,3127.4,21,1,3127.5,15,1,3127.7,194,2
2031,2026-06-16 11:10:35+05:30,3127.0,24,3130.83,1500975,131761.0,202233.0,3163.0,3163.0,3108.0,3134.3,31890000,3447.7,2820.9,3839.9,2896.0,3127.1,100,3,3127.0,1221,6,3126.7,79,2,3126.6,10,1,3126.5,37,2,3127.2,43,1,3127.3,107,1,3127.4,21,1,3127.5,15,1,3127.7,194,2
2031,2026-06-16 11:10:35+05:30,3127.0,24,3130.83,1501139,131845.0,202194.0,3163.0,3163.0,3108.0,3134.3,31890000,3447.7,2820.9,3839.9,2896.0,3127.1,21,2,3127.0,1181,5,3126.9,25,2,3126.7,9,1,3126.6,75,5,3127.2,67,2,3127.7,194,2,3127.9,200,1,3128.1,70,2,3128.3,56,1
2031,2026-06-16 11:10:36+05:30,3127.1,2,3130.83,1501139,131845.0,202194.0,3163.0,3163.0,3108.0,3134.3,31890000,3447.7,2820.9,3839.9,2896.0,3127.1,21,2,3127.0,1181,5,3126.9,25,2,3126.7,9,1,3126.6,75,5,3127.2,67,2,3127.7,194,2,3127.9,200,1,3128.1,70,2,3128.3,56,1
2031,2026-06-16 11:10:36+05:30,3127.2,24,3130.83,1501214,132251.0,201935.0,3163.0,3163.0,3108.0,3134.3,31890000,3447.7,2820.9,3839.9,2896.0,3127.1,20,2,3127.0,1181,5,3126.9,5,1,3126.8,21,1,3126.7,9,1,3127.7,194,2,3127.9,200,1,3128.3,103,2,3128.4,165,4,3128.5,200,1
2031,2026-06-16 11:10:37+05:30,3127.2,24,3130.83,1501214,132251.0,201935.0,3163.0,3163.0,3108.0,3134.3,31890000,3447.7,2820.9,3839.9,2896.0,3127.1,20,2,3127.0,1181,5,3126.9,5,1,3126.8,21,1,3126.7,9,1,3127.7,194,2,3127.9,200,1,3128.3,103,2,3128.4,165,4,3128.5,200,1
2031,2026-06-16 11:10:37+05:30,3127.2,24,3130.83,1501214,132251.0,201935.0,3163.0,3163.0,3108.0,3134.3,31890000,3447.7,2820.9,3839.9,2896.0,3127.1,20,2,3127.0,1181,5,3126.9,5,1,3126.8,21,1,3126.7,9,1,3127.7,194,2,3127.9,200,1,3128.3,103,2,3128.4,165,4,3128.5,200,1
2031,2026-06-16 11:10:37+05:30,3128.8,17,3130.83,1502824,133100.0,199598.0,3163.0,3163.0,3108.0,3134.3,31890000,3447.7,2820.9,3839.9,2896.0,3127.2,13,1,3127.1,41,3,3127.0,1244,8,3126.9,15,1,3126.8,20,1,3128.2,177,1,3128.3,13,1,3128.4,13,1,3128.5,82,3,3128.6,20,1
2031,2026-06-16 11:10:38+05:30,3128.8,17,3130.83,1502824,133100.0,199598.0,3163.0,3163.0,3108.0,3134.3,31890000,3447.7,2820.9,3839.9,2896.0,3127.2,13,1,3127.1,41,3,3127.0,1244,8,3126.9,15,1,3126.8,20,1,3128.2,177,1,3128.3,13,1,3128.4,13,1,3128.5,82,3,3128.6,20,1
2031,2026-06-16 11:10:38+05:30,3128.2,1,3130.83,1502825,133415.0,200677.0,3163.0,3163.0,3108.0,3134.3,31890000,3447.7,2820.9,3839.9,2896.0,3127.7,3,1,3127.1,58,3,3127.0,1276,7,3126.9,44,2,3126.8,35,2,3128.2,176,1,3128.5,200,1,3128.7,73,3,3128.8,94,2,3128.9,96,2
2031,2026-06-16 11:10:39+05:30,3128.2,1,3130.83,1502825,133415.0,200677.0,3163.0,3163.0,3108.0,3134.3,31890000,3447.7,2820.9,3839.9,2896.0,3127.7,3,1,3127.1,58,3,3127.0,1276,7,3126.9,44,2,3126.8,35,2,3128.2,176,1,3128.5,200,1,3128.7,73,3,3128.8,94,2,3128.9,96,2
2031,2026-06-16 11:10:39+05:30,3128.2,1,3130.83,1502825,133415.0,200677.0,3163.0,3163.0,3108.0,3134.3,31890000,3447.7,2820.9,3839.9,2896.0,3127.7,3,1,3127.1,58,3,3127.0,1276,7,3126.9,44,2,3126.8,35,2,3128.2,176,1,3128.5,200,1,3128.7,73,3,3128.8,94,2,3128.9,96,2
2031,2026-06-16 11:10:39+05:30,3127.7,3,3130.83,1502829,134081.0,200196.0,3163.0,3163.0,3108.0,3134.3,31890000,3447.7,2820.9,3839.9,2896.0,3127.7,46,2,3127.1,258,5,3127.0,1035,6,3126.9,119,4,3126.8,71,2,3128.2,175,1,3128.6,200,1,3128.7,54,2,3128.9,96,2,3129.0,192,6
2031,2026-06-16 11:10:40+05:30,3127.7,3,3130.83,1502829,134081.0,200196.0,3163.0,3163.0,3108.0,3134.3,31890000,3447.7,2820.9,3839.9,2896.0,3127.7,46,2,3127.1,258,5,3127.0,1035,6,3126.9,119,4,3126.8,71,2,3128.2,175,1,3128.6,200,1,3128.7,54,2,3128.9,96,2,3129.0,192,6
2031,2026-06-16 11:10:41+05:30,3128.2,1,3130.83,1502830,134025.0,200165.0,3163.0,3163.0,3108.0,3134.3,31890000,3447.7,2820.9,3839.9,2896.0,3127.7,46,2,3127.6,27,2,3127.3,60,3,3127.2,71,2,3127.1,220,3,3128.2,174,1,3128.6,200,1,3129.0,138,4,3129.2,251,3,3129.3,258,8
2031,2026-06-16 11:10:41+05:30,3128.2,1,3130.83,1502830,134025.0,200165.0,3163.0,3163.0,3108.0,3134.3,31890000,3447.7,2820.9,3839.9,2896.0,3127.7,46,2,3127.6,27,2,3127.3,60,3,3127.2,71,2,3127.1,220,3,3128.2,174,1,3128.6,200,1,3129.0,138,4,3129.2,251,3,3129.3,258,8
2031,2026-06-16 11:10:41+05:30,3128.2,1,3130.83,1502830,134025.0,200165.0,3163.0,3163.0,3108.0,3134.3,31890000,3447.7,2820.9,3839.9,2896.0,3127.7,46,2,3127.6,27,2,3127.3,60,3,3127.2,71,2,3127.1,220,3,3128.2,174,1,3128.6,200,1,3129.0,138,4,3129.2,251,3,3129.3,258,8
2031,2026-06-16 11:10:42+05:30,3128.2,1,3130.83,1502830,133959.0,200180.0,3163.0,3163.0,3108.0,3134.3,31890000,3447.7,2820.9,3839.9,2896.0,3127.9,20,1,3127.7,86,4,3127.6,34,3,3127.5,53,3,3127.4,15,1,3128.2,174,1,3128.6,200,1,3129.0,76,2,3129.1,17,1,3129.2,251,3
2031,2026-06-16 11:10:42+05:30,3128.2,1,3130.83,1502830,133959.0,200180.0,3163.0,3163.0,3108.0,3134.3,31890000,3447.7,2820.9,3839.9,2896.0,3127.9,20,1,3127.7,86,4,3127.6,34,3,3127.5,53,3,3127.4,15,1,3128.2,174,1,3128.6,200,1,3129.0,76,2,3129.1,17,1,3129.2,251,3
2031,2026-06-16 11:10:43+05:30,3127.9,174,3130.83,1502830,133959.0,200180.0,3163.0,3163.0,3108.0,3134.3,31890000,3447.7,2820.9,3839.9,2896.0,3127.9,20,1,3127.7,86,4,3127.6,34,3,3127.5,53,3,3127.4,15,1,3128.2,174,1,3128.6,200,1,3129.0,76,2,3129.1,17,1,3129.2,251,3
2031,2026-06-16 11:10:43+05:30,3127.9,174,3130.83,1503004,133142.0,199547.0,3163.0,3163.0,3108.0,3134.3,31890000,3447.7,2820.9,3839.9,2896.0,3127.9,20,1,3127.7,61,3,3127.6,12,1,3127.5,40,2,3127.4,26,2,3128.6,200,1,3129.0,56,1,3129.2,220,2,3129.3,240,6,3129.4,142,6
2031,2026-06-16 11:10:44+05:30,3128.5,1,3130.83,1503004,133142.0,199547.0,3163.0,3163.0,3108.0,3134.3,31890000,3447.7,2820.9,3839.9,2896.0,3127.9,20,1,3127.7,61,3,3127.6,12,1,3127.5,40,2,3127.4,26,2,3128.6,200,1,3129.0,56,1,3129.2,220,2,3129.3,240,6,3129.4,142,6
2031,2026-06-16 11:10:44+05:30,3128.5,1,3130.83,1503005,133239.0,199636.0,3163.0,3163.0,3108.0,3134.3,31890000,3447.7,2820.9,3839.9,2896.0,3127.9,62,2,3127.7,61,3,3127.6,12,1,3127.5,40,2,3127.4,102,4,3128.5,18,1,3128.6,200,1,3129.0,56,1,3129.2,220,2,3129.3,120,4
2031,2026-06-16 11:10:44+05:30,3128.5,1,3130.83,1503005,133239.0,199636.0,3163.0,3163.0,3108.0,3134.3,31890000,3447.7,2820.9,3839.9,2896.0,3127.9,62,2,3127.7,61,3,3127.6,12,1,3127.5,40,2,3127.4,102,4,3128.5,18,1,3128.6,200,1,3129.0,56,1,3129.2,220,2,3129.3,120,4
2031,2026-06-16 11:10:45+05:30,3127.9,2,3130.83,1503027,133339.0,200629.0,3163.0,3163.0,3108.0,3134.3,31890000,3447.7,2820.9,3839.9,2896.0,3127.9,41,2,3127.7,61,3,3127.6,12,1,3127.5,21,1,3127.4,80,3,3128.6,200,1,3129.0,76,2,3129.1,19,1,3129.2,220,2,3129.3,139,5
2031,2026-06-16 11:10:45+05:30,3127.9,2,3130.83,1503027,133339.0,200629.0,3163.0,3163.0,3108.0,3134.3,31890000,3447.7,2820.9,3839.9,2896.0,3127.9,41,2,3127.7,61,3,3127.6,12,1,3127.5,21,1,3127.4,80,3,3128.6,200,1,3129.0,76,2,3129.1,19,1,3129.2,220,2,3129.3,139,5
2031,2026-06-16 11:10:46+05:30,3128.6,1,3130.83,1503059,132838.0,201216.0,3163.0,3163.0,3108.0,3134.3,31890000,3447.7,2820.9,3839.9,2896.0,3128.3,2,2,3127.9,60,4,3127.7,43,1,3127.6,12,1,3127.5,65,2,3128.5,6,1,3128.6,231,3,3129.2,220,2,3129.3,148,4,3129.4,139,5
2031,2026-06-16 11:10:46+05:30,3128.6,1,3130.83,1503059,132838.0,201216.0,3163.0,3163.0,3108.0,3134.3,31890000,3447.7,2820.9,3839.9,2896.0,3128.3,2,2,3127.9,60,4,3127.7,43,1,3127.6,12,1,3127.5,65,2,3128.5,6,1,3128.6,231,3,3129.2,220,2,3129.3,148,4,3129.4,139,5
2031,2026-06-16 11:10:46+05:30,3128.6,1,3130.83,1503059,132838.0,201216.0,3163.0,3163.0,3108.0,3134.3,31890000,3447.7,2820.9,3839.9,2896.0,3128.3,2,2,3127.9,60,4,3127.7,43,1,3127.6,12,1,3127.5,65,2,3128.5,6,1,3128.6,231,3,3129.2,220,2,3129.3,148,4,3129.4,139,5
2031,2026-06-16 11:10:47+05:30,3127.9,6,3130.83,1503119,133385.0,197715.0,3163.0,3163.0,3108.0,3134.3,31890000,3447.7,2820.9,3839.9,2896.0,3127.9,35,2,3127.8,22,1,3127.7,6,1,3127.6,17,1,3127.5,83,3,3128.0,146,1,3128.5,1,1,3128.6,231,3,3129.0,20,1,3129.2,21,1
2031,2026-06-16 11:10:47+05:30,3127.9,6,3130.83,1503119,133385.0,197715.0,3163.0,3163.0,3108.0,3134.3,31890000,3447.7,2820.9,3839.9,2896.0,3127.9,35,2,3127.8,22,1,3127.7,6,1,3127.6,17,1,3127.5,83,3,3128.0,146,1,3128.5,1,1,3128.6,231,3,3129.0,20,1,3129.2,21,1
2031,2026-06-16 11:10:48+05:30,3127.9,17,3130.83,1503119,133385.0,197715.0,3163.0,3163.0,3108.0,3134.3,31890000,3447.7,2820.9,3839.9,2896.0,3127.9,35,2,3127.8,22,1,3127.7,6,1,3127.6,17,1,3127.5,83,3,3128.0,146,1,3128.5,1,1,3128.6,231,3,3129.0,20,1,3129.2,21,1
2031,2026-06-16 11:10:48+05:30,3127.9,17,3130.83,1503233,132841.0,200546.0,3163.0,3163.0,3108.0,3134.3,31890000,3447.7,2820.9,3839.9,2896.0,3127.9,1,1,3127.4,21,1,3127.3,194,3,3127.2,167,6,3127.1,35,2,3128.0,171,2,3128.5,1,1,3128.6,38,1,3129.0,122,3,3129.1,49,1
2031,2026-06-16 11:10:48+05:30,3127.9,17,3130.83,1503233,132841.0,200546.0,3163.0,3163.0,3108.0,3134.3,31890000,3447.7,2820.9,3839.9,2896.0,3127.9,1,1,3127.4,21,1,3127.3,194,3,3127.2,167,6,3127.1,35,2,3128.0,171,2,3128.5,1,1,3128.6,38,1,3129.0,122,3,3129.1,49,1
2031,2026-06-16 11:10:49+05:30,3127.5,12,3130.83,1503233,132841.0,200546.0,3163.0,3163.0,3108.0,3134.3,31890000,3447.7,2820.9,3839.9,2896.0,3127.9,1,1,3127.4,21,1,3127.3,194,3,3127.2,167,6,3127.1,35,2,3128.0,171,2,3128.5,1,1,3128.6,38,1,3129.0,122,3,3129.1,49,1
2031,2026-06-16 11:10:49+05:30,3127.5,12,3130.83,1503233,132841.0,200546.0,3163.0,3163.0,3108.0,3134.3,31890000,3447.7,2820.9,3839.9,2896.0,3127.9,1,1,3127.4,21,1,3127.3,194,3,3127.2,167,6,3127.1,35,2,3128.0,171,2,3128.5,1,1,3128.6,38,1,3129.0,122,3,3129.1,49,1
2031,2026-06-16 11:10:49+05:30,3127.5,12,3130.83,1503429,132949.0,200083.0,3163.0,3163.0,3108.0,3134.3,31890000,3447.7,2820.9,3839.9,2896.0,3127.6,13,1,3127.5,56,3,3127.4,26,2,3127.3,96,4,3127.2,70,3,3128.4,23,1,3128.5,1,1,3128.6,38,1,3129.2,100,3,3129.3,111,3
2031,2026-06-16 11:10:49+05:30,3127.5,12,3130.83,1503429,132949.0,200083.0,3163.0,3163.0,3108.0,3134.3,31890000,3447.7,2820.9,3839.9,2896.0,3127.6,13,1,3127.5,56,3,3127.4,26,2,3127.3,96,4,3127.2,70,3,3128.4,23,1,3128.5,1,1,3128.6,38,1,3129.2,100,3,3129.3,111,3
2031,2026-06-16 11:10:50+05:30,3128.4,1,3130.83,1503429,132949.0,200083.0,3163.0,3163.0,3108.0,3134.3,31890000,3447.7,2820.9,3839.9,2896.0,3127.6,13,1,3127.5,56,3,3127.4,26,2,3127.3,96,4,3127.2,70,3,3128.4,23,1,3128.5,1,1,3128.6,38,1,3129.2,100,3,3129.3,111,3
2031,2026-06-16 11:10:50+05:30,3128.4,1,3130.83,1503429,132949.0,200083.0,3163.0,3163.0,3108.0,3134.3,31890000,3447.7,2820.9,3839.9,2896.0,3127.6,13,1,3127.5,56,3,3127.4,26,2,3127.3,96,4,3127.2,70,3,3128.4,23,1,3128.5,1,1,3128.6,38,1,3129.2,100,3,3129.3,111,3
2031,2026-06-16 11:10:50+05:30,3127.6,2,3130.83,1503432,134080.0,200296.0,3163.0,3163.0,3108.0,3134.3,31890000,3447.7,2820.9,3839.9,2896.0,3127.6,23,2,3127.5,35,2,3127.4,34,2,3127.3,47,3,3127.2,133,3,3128.4,23,2,3128.5,1,1,3128.6,38,1,3129.2,86,3,3129.3,111,3
2031,2026-06-16 11:10:50+05:30,3127.6,2,3130.83,1503432,134080.0,200296.0,3163.0,3163.0,3108.0,3134.3,31890000,3447.7,2820.9,3839.9,2896.0,3127.6,23,2,3127.5,35,2,3127.4,34,2,3127.3,47,3,3127.2,133,3,3128.4,23,2,3128.5,1,1,3128.6,38,1,3129.2,86,3,3129.3,111,3
2031,2026-06-16 11:10:51+05:30,3127.6,1,3130.83,1503432,134080.0,200296.0,3163.0,3163.0,3108.0,3134.3,31890000,3447.7,2820.9,3839.9,2896.0,3127.6,23,2,3127.5,35,2,3127.4,34,2,3127.3,47,3,3127.2,133,3,3128.4,23,2,3128.5,1,1,3128.6,38,1,3129.2,86,3,3129.3,111,3
2031,2026-06-16 11:10:51+05:30,3127.6,1,3130.83,1503455,134061.0,200713.0,3163.0,3163.0,3108.0,3134.3,31890000,3447.7,2820.9,3839.9,2896.0,3127.6,11,1,3127.3,31,2,3127.2,90,3,3127.1,204,3,3127.0,2851,10,3128.4,1,1,3128.5,1,1,3128.6,38,1,3129.0,31,2,3129.1,119,2
2031,2026-06-16 11:10:51+05:30,3127.6,1,3130.83,1503455,134061.0,200713.0,3163.0,3163.0,3108.0,3134.3,31890000,3447.7,2820.9,3839.9,2896.0,3127.6,11,1,3127.3,31,2,3127.2,90,3,3127.1,204,3,3127.0,2851,10,3128.4,1,1,3128.5,1,1,3128.6,38,1,3129.0,31,2,3129.1,119,2
2031,2026-06-16 11:10:52+05:30,3128.0,1,3130.83,1503456,134366.0,200761.0,3163.0,3163.0,3108.0,3134.3,31890000,3447.7,2820.9,3839.9,2896.0,3127.6,11,1,3127.3,54,3,3127.2,78,3,3127.1,149,3,3127.0,2797,10,3128.0,1,1,3128.4,1,1,3128.5,1,1,3128.6,38,1,3129.0,40,2
2031,2026-06-16 11:10:52+05:30,3128.0,1,3130.83,1503456,134366.0,200761.0,3163.0,3163.0,3108.0,3134.3,31890000,3447.7,2820.9,3839.9,2896.0,3127.6,11,1,3127.3,54,3,3127.2,78,3,3127.1,149,3,3127.0,2797,10,3128.0,1,1,3128.4,1,1,3128.5,1,1,3128.6,38,1,3129.0,40,2
2031,2026-06-16 11:10:53+05:30,3128.0,1,3130.83,1503456,134366.0,200761.0,3163.0,3163.0,3108.0,3134.3,31890000,3447.7,2820.9,3839.9,2896.0,3127.6,11,1,3127.3,54,3,3127.2,78,3,3127.1,149,3,3127.0,2797,10,3128.0,1,1,3128.4,1,1,3128.5,1,1,3128.6,38,1,3129.0,40,2
2031,2026-06-16 11:10:53+05:30,3128.0,1,3130.83,1503456,133746.0,200840.0,3163.0,3163.0,3108.0,3134.3,31890000,3447.7,2820.9,3839.9,2896.0,3127.6,11,1,3127.3,70,4,3127.2,69,3,3127.1,149,3,3127.0,2787,9,3128.0,2,2,3128.5,1,1,3128.6,38,1,3128.9,13,1,3129.0,89,3
2031,2026-06-16 11:10:53+05:30,3128.0,1,3130.83,1503456,133746.0,200840.0,3163.0,3163.0,3108.0,3134.3,31890000,3447.7,2820.9,3839.9,2896.0,3127.6,11,1,3127.3,70,4,3127.2,69,3,3127.1,149,3,3127.0,2787,9,3128.0,2,2,3128.5,1,1,3128.6,38,1,3128.9,13,1,3129.0,89,3
2031,2026-06-16 11:10:54+05:30,3128.6,1,3130.83,1503456,133746.0,200840.0,3163.0,3163.0,3108.0,3134.3,31890000,3447.7,2820.9,3839.9,2896.0,3127.6,11,1,3127.3,70,4,3127.2,69,3,3127.1,149,3,3127.0,2787,9,3128.0,2,2,3128.5,1,1,3128.6,38,1,3128.9,13,1,3129.0,89,3
2031,2026-06-16 11:10:54+05:30,3128.6,1,3130.83,1503456,133746.0,200840.0,3163.0,3163.0,3108.0,3134.3,31890000,3447.7,2820.9,3839.9,2896.0,3127.6,11,1,3127.3,70,4,3127.2,69,3,3127.1,149,3,3127.0,2787,9,3128.0,2,2,3128.5,1,1,3128.6,38,1,3128.9,13,1,3129.0,89,3
2031,2026-06-16 11:10:54+05:30,3128.6,1,3130.83,1503460,134219.0,200614.0,3163.0,3163.0,3108.0,3134.3,31890000,3447.7,2820.9,3839.9,2896.0,3127.6,31,2,3127.3,92,3,3127.2,262,5,3127.1,65,3,3127.0,2853,11,3128.5,1,1,3128.6,37,1,3129.0,133,3,3129.1,56,1,3129.2,201,3
2031,2026-06-16 11:10:54+05:30,3128.6,1,3130.83,1503460,134219.0,200614.0,3163.0,3163.0,3108.0,3134.3,31890000,3447.7,2820.9,3839.9,2896.0,3127.6,31,2,3127.3,92,3,3127.2,262,5,3127.1,65,3,3127.0,2853,11,3128.5,1,1,3128.6,37,1,3129.0,133,3,3129.1,56,1,3129.2,201,3
2031,2026-06-16 11:10:55+05:30,3128.6,1,3130.83,1503460,134219.0,200614.0,3163.0,3163.0,3108.0,3134.3,31890000,3447.7,2820.9,3839.9,2896.0,3127.6,31,2,3127.3,92,3,3127.2,262,5,3127.1,65,3,3127.0,2853,11,3128.5,1,1,3128.6,37,1,3129.0,133,3,3129.1,56,1,3129.2,201,3
2031,2026-06-16 11:10:55+05:30,3127.6,3,3130.83,1503465,134634.0,200083.0,3163.0,3163.0,3108.0,3134.3,31890000,3447.7,2820.9,3839.9,2896.0,3127.6,28,2,3127.5,45,3,3127.4,63,1,3127.3,52,3,3127.2,263,6,3128.9,20,1,3129.0,68,2,3129.1,56,1,3129.2,180,2,3129.3,135,5
2031,2026-06-16 11:10:55+05:30,3127.6,3,3130.83,1503465,134634.0,200083.0,3163.0,3163.0,3108.0,3134.3,31888600,3447.7,2820.9,3839.9,2896.0,3127.6,28,2,3127.5,45,3,3127.4,63,1,3127.3,52,3,3127.2,263,6,3128.9,20,1,3129.0,68,2,3129.1,56,1,3129.2,180,2,3129.3,135,5
2031,2026-06-16 11:10:56+05:30,3127.6,3,3130.83,1503465,134634.0,200083.0,3163.0,3163.0,3108.0,3134.3,31888600,3447.7,2820.9,3839.9,2896.0,3127.6,28,2,3127.5,45,3,3127.4,63,1,3127.3,52,3,3127.2,263,6,3128.9,20,1,3129.0,68,2,3129.1,56,1,3129.2,180,2,3129.3,135,5
2031,2026-06-16 11:10:56+05:30,3127.6,3,3130.83,1503465,135818.0,199629.0,3163.0,3163.0,3108.0,3134.3,31888600,3447.7,2820.9,3839.9,2896.0,3127.9,80,3,3127.8,137,5,3127.7,112,6,3127.6,65,5,3127.5,162,9,3129.3,168,1,3129.6,104,2,3129.8,51,3,3129.9,484,16,3130.0,783,12
2031,2026-06-16 11:10:57+05:30,3127.9,25,3130.83,1503465,135818.0,199629.0,3163.0,3163.0,3108.0,3134.3,31888600,3447.7,2820.9,3839.9,2896.0,3127.9,80,3,3127.8,137,5,3127.7,112,6,3127.6,65,5,3127.5,162,9,3129.3,168,1,3129.6,104,2,3129.8,51,3,3129.9,484,16,3130.0,783,12
2031,2026-06-16 11:10:57+05:30,3127.9,25,3130.83,1503503,134949.0,200522.0,3163.0,3163.0,3108.0,3134.3,31888600,3447.7,2820.9,3839.9,2896.0,3127.9,18,1,3127.7,26,2,3127.6,42,4,3127.5,55,3,3127.4,11,2,3128.1,4,1,3128.2,26,1,3129.0,16,1,3129.1,123,3,3129.2,190,2
2031,2026-06-16 11:10:58+05:30,3127.9,2,3130.83,1503505,134775.0,199160.0,3163.0,3163.0,3108.0,3134.3,31888600,3447.7,2820.9,3839.9,2896.0,3127.9,16,1,3127.7,13,1,3127.6,40,3,3127.5,55,3,3127.4,10,1,3128.1,4,1,3128.2,26,1,3129.0,16,1,3129.1,123,3,3129.2,190,2
2031,2026-06-16 11:10:59+05:30,3127.9,3,3130.83,1503505,134775.0,199160.0,3163.0,3163.0,3108.0,3134.3,31888600,3447.7,2820.9,3839.9,2896.0,3127.9,16,1,3127.7,13,1,3127.6,40,3,3127.5,55,3,3127.4,10,1,3128.1,4,1,3128.2,26,1,3129.0,16,1,3129.1,123,3,3129.2,190,2
2031,2026-06-16 11:10:59+05:30,3128.2,26,3130.83,1503536,135411.0,199197.0,3163.0,3163.0,3108.0,3134.3,31888600,3447.7,2820.9,3839.9,2896.0,3128.2,18,1,3127.7,21,1,3127.6,98,4,3127.5,78,4,3127.4,35,3,3129.1,20,1,3129.2,168,1,3129.3,152,3,3129.4,96,3,3129.5,57,1
2031,2026-06-16 11:11:00+05:30,3129.0,1,3130.83,1503536,135411.0,199197.0,3163.0,3163.0,3108.0,3134.3,31888600,3447.7,2820.9,3839.9,2896.0,3128.2,18,1,3127.7,21,1,3127.6,98,4,3127.5,78,4,3127.4,35,3,3129.1,20,1,3129.2,168,1,3129.3,152,3,3129.4,96,3,3129.5,57,1
2031,2026-06-16 11:11:00+05:30,3129.0,1,3130.83,1503537,135647.0,200282.0,3163.0,3163.0,3108.0,3134.3,31888600,3447.7,2820.9,3839.9,2896.0,3128.7,2,2,3128.0,25,3,3127.7,117,4,3127.6,71,2,3127.5,106,6,3129.0,2,1,3129.1,21,2,3129.2,168,1,3129.3,103,2,3129.4,96,3
2031,2026-06-16 11:11:01+05:30,3128.7,1,3130.83,1503537,135647.0,200282.0,3163.0,3163.0,3108.0,3134.3,31888600,3447.7,2820.9,3839.9,2896.0,3128.7,2,2,3128.0,25,3,3127.7,117,4,3127.6,71,2,3127.5,106,6,3129.0,2,1,3129.1,21,2,3129.2,168,1,3129.3,103,2,3129.4,96,3
2031,2026-06-16 11:11:01+05:30,3128.0,2,3130.83,1503543,135255.0,201859.0,3163.0,3163.0,3108.0,3134.3,31888600,3447.7,2820.9,3839.9,2896.0,3128.0,23,3,3127.5,40,1,3127.4,21,2,3127.3,11,1,3127.2,69,2,3128.3,2,1,3128.4,1246,1,3128.9,12,1,3129.0,25,1,3129.1,1,1
2031,2026-06-16 11:11:02+05:30,3128.0,1,3130.83,1503543,135255.0,201859.0,3163.0,3163.0,3108.0,3134.3,31888600,3447.7,2820.9,3839.9,2896.0,3128.0,23,3,3127.5,40,1,3127.4,21,2,3127.3,11,1,3127.2,69,2,3128.3,2,1,3128.4,1246,1,3128.9,12,1,3129.0,25,1,3129.1,1,1
2031,2026-06-16 11:11:02+05:30,3128.0,2,3130.83,1503561,134947.0,202065.0,3163.0,3163.0,3108.0,3134.3,31888600,3447.7,2820.9,3839.9,2896.0,3128.0,23,3,3127.4,19,1,3127.2,37,3,3127.1,261,4,3127.0,2866,12,3128.4,1246,1,3128.9,59,3,3129.0,25,1,3129.1,1,1,3129.2,338,6
2031,2026-06-16 11:11:03+05:30,3128.0,2,3130.83,1503561,134947.0,202065.0,3163.0,3163.0,3108.0,3134.3,31888600,3447.7,2820.9,3839.9,2896.0,3128.0,23,3,3127.4,19,1,3127.2,37,3,3127.1,261,4,3127.0,2866,12,3128.4,1246,1,3128.9,59,3,3129.0,25,1,3129.1,1,1,3129.2,338,6
2031,2026-06-16 11:11:03+05:30,3128.0,2,3130.83,1503561,134834.0,202076.0,3163.0,3163.0,3108.0,3134.3,31888600,3447.7,2820.9,3839.9,2896.0,3128.0,23,3,3127.4,29,2,3127.2,87,3,3127.1,43,2,3127.0,2866,12,3128.3,2,1,3128.4,1272,2,3128.9,59,3,3129.1,1,1,3129.2,338,6
2031,2026-06-16 11:11:04+05:30,3128.0,2,3130.83,1503561,134834.0,202076.0,3163.0,3163.0,3108.0,3134.3,31888600,3447.7,2820.9,3839.9,2896.0,3128.0,23,3,3127.4,29,2,3127.2,87,3,3127.1,43,2,3127.0,2866,12,3128.3,2,1,3128.4,1272,2,3128.9,59,3,3129.1,1,1,3129.2,338,6
2031,2026-06-16 11:11:04+05:30,3128.1,2,3130.83,1503565,135368.0,202193.0,3163.0,3163.0,3108.0,3134.3,31888600,3447.7,2820.9,3839.9,2896.0,3128.1,98,1,3128.0,21,3,3127.4,29,2,3127.2,13,1,3127.1,272,5,3128.3,14,2,3128.4,1272,2,3128.9,47,2,3129.0,12,1,3129.1,201,2
2031,2026-06-16 11:11:05+05:30,3128.1,2,3130.83,1503565,135368.0,202193.0,3163.0,3163.0,3108.0,3134.3,31888600,3447.7,2820.9,3839.9,2896.0,3128.1,98,1,3128.0,21,3,3127.4,29,2,3127.2,13,1,3127.1,272,5,3128.3,14,2,3128.4,1272,2,3128.9,47,2,3129.0,12,1,3129.1,201,2
2031,2026-06-16 11:11:05+05:30,3128.4,201,3130.83,1503814,135421.0,201976.0,3163.0,3163.0,3108.0,3134.3,31888600,3447.7,2820.9,3839.9,2896.0,3128.1,98,1,3128.0,21,3,3127.4,70,2,3127.2,13,1,3127.1,365,6,3128.4,1071,2,3128.9,28,1,3129.0,12,1,3129.1,201,2,3129.2,289,5
2031,2026-06-16 11:11:06+05:30,3128.4,201,3130.83,1503814,135421.0,201976.0,3163.0,3163.0,3108.0,3134.3,31888600,3447.7,2820.9,3839.9,2896.0,3128.1,98,1,3128.0,21,3,3127.4,70,2,3127.2,13,1,3127.1,365,6,3128.4,1071,2,3128.9,28,1,3129.0,12,1,3129.1,201,2,3129.2,289,5
2031,2026-06-16 11:11:06+05:30,3128.4,201,3130.83,1503814,135489.0,202050.0,3163.0,3163.0,3108.0,3134.3,31888600,3447.7,2820.9,3839.9,2896.0,3128.1,98,1,3128.0,21,3,3127.4,70,2,3127.3,14,1,3127.2,76,2,3128.3,28,1,3128.4,1112,3,3128.8,12,1,3128.9,28,1,3129.0,19,1
2031,2026-06-16 11:11:07+05:30,3128.1,2,3130.83,1503816,135482.0,202050.0,3163.0,3163.0,3108.0,3134.3,31888600,3447.7,2820.9,3839.9,2896.0,3128.1,96,1,3128.0,21,3,3127.4,70,2,3127.3,14,1,3127.2,76,2,3128.3,28,1,3128.4,1112,3,3128.8,12,1,3128.9,28,1,3129.0,19,1
2031,2026-06-16 11:11:08+05:30,3128.1,2,3130.83,1503816,135482.0,202050.0,3163.0,3163.0,3108.0,3134.3,31888600,3447.7,2820.9,3839.9,2896.0,3128.1,96,1,3128.0,21,3,3127.4,70,2,3127.3,14,1,3127.2,76,2,3128.3,28,1,3128.4,1112,3,3128.8,12,1,3128.9,28,1,3129.0,19,1
2031,2026-06-16 11:11:08+05:30,3128.3,1,3130.83,1503817,135427.0,202840.0,3163.0,3163.0,3108.0,3134.3,31888600,3447.7,2820.9,3839.9,2896.0,3128.2,24,2,3128.1,96,1,3128.0,1,1,3127.9,10,1,3127.4,60,1,3128.3,51,3,3128.4,1086,2,3128.8,12,1,3128.9,28,1,3129.0,19,1
2031,2026-06-16 11:11:09+05:30,3128.3,1,3130.83,1503817,135427.0,202840.0,3163.0,3163.0,3108.0,3134.3,31888600,3447.7,2820.9,3839.9,2896.0,3128.2,24,2,3128.1,96,1,3128.0,1,1,3127.9,10,1,3127.4,60,1,3128.3,51,3,3128.4,1086,2,3128.8,12,1,3128.9,28,1,3129.0,19,1
2031,2026-06-16 11:11:09+05:30,3128.3,6,3130.83,1503874,135356.0,202796.0,3163.0,3163.0,3108.0,3134.3,31888600,3447.7,2820.9,3839.9,2896.0,3128.2,21,2,3128.1,96,1,3128.0,1,1,3127.9,10,1,3127.5,31,1,3128.4,1086,2,3128.9,28,1,3129.1,295,3,3129.2,289,5,3129.3,31,2
2031,2026-06-16 11:11:10+05:30,3128.3,6,3130.83,1503874,135356.0,202796.0,3163.0,3163.0,3108.0,3134.3,31888600,3447.7,2820.9,3839.9,2896.0,3128.2,21,2,3128.1,96,1,3128.0,1,1,3127.9,10,1,3127.5,31,1,3128.4,1086,2,3128.9,28,1,3129.1,295,3,3129.2,289,5,3129.3,31,2
2031,2026-06-16 11:11:11+05:30,3128.4,1,3130.83,1503883,135540.0,202790.0,3163.0,3163.0,3108.0,3134.3,31888600,3447.7,2820.9,3839.9,2896.0,3128.2,86,3,3128.1,96,1,3127.9,10,1,3127.5,31,1,3127.4,60,1,3128.3,1,1,3128.4,1077,2,3128.8,12,1,3128.9,28,1,3129.1,295,3
2031,2026-06-16 11:11:11+05:30,3128.4,1,3130.83,1503883,135540.0,202790.0,3163.0,3163.0,3108.0,3134.3,31888600,3447.7,2820.9,3839.9,2896.0,3128.2,86,3,3128.1,96,1,3127.9,10,1,3127.5,31,1,3127.4,60,1,3128.3,1,1,3128.4,1077,2,3128.8,12,1,3128.9,28,1,3129.1,295,3
2031,2026-06-16 11:11:12+05:30,3128.4,1,3130.83,1504052,135524.0,202626.0,3163.0,3163.0,3108.0,3134.3,31888600,3447.7,2820.9,3839.9,2896.0,3128.2,70,2,3128.1,96,1,3127.9,10,1,3127.5,31,1,3127.4,60,1,3128.3,19,1,3128.4,910,2,3128.8,12,1,3128.9,28,1,3129.1,295,3
2031,2026-06-16 11:11:12+05:30,3128.4,1,3130.83,1504052,135524.0,202626.0,3163.0,3163.0,3108.0,3134.3,31888600,3447.7,2820.9,3839.9,2896.0,3128.2,70,2,3128.1,96,1,3127.9,10,1,3127.5,31,1,3127.4,60,1,3128.3,19,1,3128.4,910,2,3128.8,12,1,3128.9,28,1,3129.1,295,3
2031,2026-06-16 11:11:13+05:30,3128.2,45,3130.83,1504263,133699.0,203098.0,3163.0,3163.0,3108.0,3134.3,31888600,3447.7,2820.9,3839.9,2896.0,3127.9,10,1,3127.2,13,1,3127.1,57,3,3127.0,2841,11,3126.9,122,4,3128.1,10,1,3128.2,88,1,3128.4,835,2,3128.6,19,1,3128.8,12,1
2031,2026-06-16 11:11:13+05:30,3128.2,45,3130.83,1504263,133699.0,203098.0,3163.0,3163.0,3108.0,3134.3,31888600,3447.7,2820.9,3839.9,2896.0,3127.9,10,1,3127.2,13,1,3127.1,57,3,3127.0,2841,11,3126.9,122,4,3128.1,10,1,3128.2,88,1,3128.4,835,2,3128.6,19,1,3128.8,12,1
2031,2026-06-16 11:11:14+05:30,3127.9,10,3130.83,1504263,133699.0,203098.0,3163.0,3163.0,3108.0,3134.3,31888600,3447.7,2820.9,3839.9,2896.0,3127.9,10,1,3127.2,13,1,3127.1,57,3,3127.0,2841,11,3126.9,122,4,3128.1,10,1,3128.2,88,1,3128.4,835,2,3128.6,19,1,3128.8,12,1
2031,2026-06-16 11:11:14+05:30,3127.9,10,3130.83,1504343,134158.0,200876.0,3163.0,3163.0,3108.0,3134.3,31888600,3447.7,2820.9,3839.9,2896.0,3127.9,38,2,3127.3,51,1,3127.2,62,1,3127.1,117,4,3127.0,2838,11,3128.0,38,1,3128.1,7,1,3128.3,6,1,3128.4,835,2,3128.5,4,1
2031,2026-06-16 11:11:15+05:30,3127.9,1,3130.83,1504343,134158.0,200876.0,3163.0,3163.0,3108.0,3134.3,31888600,3447.7,2820.9,3839.9,2896.0,3127.9,38,2,3127.3,51,1,3127.2,62,1,3127.1,117,4,3127.0,2838,11,3128.0,38,1,3128.1,7,1,3128.3,6,1,3128.4,835,2,3128.5,4,1
2031,2026-06-16 11:11:15+05:30,3127.9,1,3130.83,1504346,133522.0,202740.0,3163.0,3163.0,3108.0,3134.3,31888600,3447.7,2820.9,3839.9,2896.0,3127.9,45,4,3127.3,51,1,3127.2,62,1,3127.1,57,3,3127.0,2838,11,3128.0,90,3,3128.1,7,1,3128.3,6,1,3128.4,835,2,3128.5,4,1
2031,2026-06-16 11:11:16+05:30,3128.0,1,3130.83,1504346,133522.0,202740.0,3163.0,3163.0,3108.0,3134.3,31888600,3447.7,2820.9,3839.9,2896.0,3127.9,45,4,3127.3,51,1,3127.2,62,1,3127.1,57,3,3127.0,2838,11,3128.0,90,3,3128.1,7,1,3128.3,6,1,3128.4,835,2,3128.5,4,1
2031,2026-06-16 11:11:16+05:30,3128.0,1,3130.83,1504357,133596.0,202953.0,3163.0,3163.0,3108.0,3134.3,31888600,3447.7,2820.9,3839.9,2896.0,3127.9,40,4,3127.3,51,1,3127.2,62,1,3127.1,117,4,3127.0,2838,11,3128.0,95,4,3128.3,6,1,3128.4,835,2,3128.5,4,1,3128.7,31,2
2031,2026-06-16 11:11:17+05:30,3127.9,12,3130.83,1504357,133596.0,202953.0,3163.0,3163.0,3108.0,3134.3,31888600,3447.7,2820.9,3839.9,2896.0,3127.9,40,4,3127.3,51,1,3127.2,62,1,3127.1,117,4,3127.0,2838,11,3128.0,95,4,3128.3,6,1,3128.4,835,2,3128.5,4,1,3128.7,31,2
2031,2026-06-16 11:11:17+05:30,3127.9,12,3130.83,1504471,134357.0,202635.0,3163.0,3163.0,3108.0,3134.3,31888600,3447.7,2820.9,3839.9,2896.0,3127.9,10,3,3127.3,51,1,3127.2,62,1,3127.1,225,4,3127.0,2839,12,3128.0,1,1,3128.3,6,1,3128.4,835,2,3128.5,4,1,3128.7,212,2
2031,2026-06-16 11:11:18+05:30,3127.9,23,3130.83,1504471,134357.0,202635.0,3163.0,3163.0,3108.0,3134.3,31888600,3447.7,2820.9,3839.9,2896.0,3127.9,10,3,3127.3,51,1,3127.2,62,1,3127.1,225,4,3127.0,2839,12,3128.0,1,1,3128.3,6,1,3128.4,835,2,3128.5,4,1,3128.7,212,2
2031,2026-06-16 11:11:18+05:30,3128.0,6,3130.83,1504738,134172.0,202192.0,3163.0,3163.0,3108.0,3134.3,31888600,3447.7,2820.9,3839.9,2896.0,3127.9,20,1,3127.3,229,5,3127.2,126,3,3127.1,151,4,3127.0,2837,12,3128.0,7,2,3128.4,835,2,3128.9,228,2,3129.0,189,2,3129.1,12,1
2031,2026-06-16 11:11:19+05:30,3127.3,32,3130.83,1504738,134172.0,202192.0,3163.0,3163.0,3108.0,3134.3,31888600,3447.7,2820.9,3839.9,2896.0,3127.9,20,1,3127.3,229,5,3127.2,126,3,3127.1,151,4,3127.0,2837,12,3128.0,7,2,3128.4,835,2,3128.9,228,2,3129.0,189,2,3129.1,12,1
2031,2026-06-16 11:11:19+05:30,3127.3,32,3130.83,1504938,133102.0,203009.0,3163.0,3163.0,3108.0,3134.3,31888600,3447.7,2820.9,3839.9,2896.0,3127.3,13,1,3127.1,64,2,3127.0,2867,11,3126.9,149,6,3126.8,74,3,3127.9,29,1,3128.0,7,2,3128.3,63,1,3128.4,794,1,3128.8,220,2
2031,2026-06-16 11:11:20+05:30,3127.1,1,3130.83,1504938,133102.0,203009.0,3163.0,3163.0,3108.0,3134.3,31888600,3447.7,2820.9,3839.9,2896.0,3127.3,13,1,3127.1,64,2,3127.0,2867,11,3126.9,149,6,3126.8,74,3,3127.9,29,1,3128.0,7,2,3128.3,63,1,3128.4,794,1,3128.8,220,2
2031,2026-06-16 11:11:20+05:30,3127.1,1,3130.83,1504971,132854.0,203213.0,3163.0,3163.0,3108.0,3134.3,31888600,3447.7,2820.9,3839.9,2896.0,3127.2,13,1,3127.1,20,2,3127.0,2804,10,3126.9,8,1,3126.8,30,2,3127.8,200,1,3128.0,7,2,3128.3,121,3,3128.4,854,2,3128.6,348,5
2031,2026-06-16 11:11:21+05:30,3127.7,1,3130.83,1504971,132854.0,203213.0,3163.0,3163.0,3108.0,3134.3,31888600,3447.7,2820.9,3839.9,2896.0,3127.2,13,1,3127.1,20,2,3127.0,2804,10,3126.9,8,1,3126.8,30,2,3127.8,200,1,3128.0,7,2,3128.3,121,3,3128.4,854,2,3128.6,348,5
2031,2026-06-16 11:11:21+05:30,3127.8,1,3130.83,1504975,133422.0,203344.0,3163.0,3163.0,3108.0,3134.3,31888600,3447.7,2820.9,3839.9,2896.0,3127.2,42,1,3127.1,13,1,3127.0,3035,10,3126.9,8,1,3126.8,9,1,3127.8,199,1,3127.9,168,1,3128.0,7,2,3128.3,121,3,3128.4,794,1
2031,2026-06-16 11:11:22+05:30,3127.8,1,3130.83,1504975,133422.0,203344.0,3163.0,3163.0,3108.0,3134.3,31888600,3447.7,2820.9,3839.9,2896.0,3127.2,42,1,3127.1,13,1,3127.0,3035,10,3126.9,8,1,3126.8,9,1,3127.8,199,1,3127.9,168,1,3128.0,7,2,3128.3,121,3,3128.4,794,1
2031,2026-06-16 11:11:22+05:30,3127.8,100,3130.83,1505077,133476.0,203018.0,3163.0,3163.0,3108.0,3134.3,31888600,3447.7,2820.9,3839.9,2896.0,3127.2,40,1,3127.1,13,1,3127.0,3035,10,3126.9,29,2,3126.8,9,1,3127.8,99,1,3127.9,168,1,3128.0,7,2,3128.3,121,3,3128.4,794,1
2031,2026-06-16 11:11:23+05:30,3127.8,2,3130.83,1505077,133476.0,203018.0,3163.0,3163.0,3108.0,3134.3,31888600,3447.7,2820.9,3839.9,2896.0,3127.2,40,1,3127.1,13,1,3127.0,3035,10,3126.9,29,2,3126.8,9,1,3127.8,99,1,3127.9,168,1,3128.0,7,2,3128.3,121,3,3128.4,794,1
2031,2026-06-16 11:11:23+05:30,3127.8,2,3130.83,1505079,133489.0,202774.0,3163.0,3163.0,3108.0,3134.3,31888600,3447.7,2820.9,3839.9,2896.0,3127.2,40,1,3127.1,13,1,3127.0,3035,10,3126.9,85,3,3126.8,9,1,3127.7,12,1,3127.8,97,1,3127.9,168,1,3128.0,7,2,3128.3,4,1
2031,2026-06-16 11:11:24+05:30,3127.2,1,3130.83,1505080,133433.0,203159.0,3163.0,3163.0,3108.0,3134.3,31888600,3447.7,2820.9,3839.9,2896.0,3127.2,39,1,3127.1,13,1,3127.0,3035,10,3126.9,85,3,3126.8,9,1,3127.7,43,3,3127.8,97,1,3127.9,168,1,3128.0,1,1,3128.3,4,1
2031,2026-06-16 11:11:25+05:30,3127.7,1,3130.83,1505080,133433.0,203159.0,3163.0,3163.0,3108.0,3134.3,31888600,3447.7,2820.9,3839.9,2896.0,3127.2,39,1,3127.1,13,1,3127.0,3035,10,3126.9,85,3,3126.8,9,1,3127.7,43,3,3127.8,97,1,3127.9,168,1,3128.0,1,1,3128.3,4,1
2031,2026-06-16 11:11:25+05:30,3127.7,1,3130.83,1505081,133438.0,203118.0,3163.0,3163.0,3108.0,3134.3,31888600,3447.7,2820.9,3839.9,2896.0,3127.2,39,1,3127.1,20,1,3127.0,3035,10,3126.9,85,3,3126.8,9,1,3127.7,42,3,3127.8,97,1,3127.9,168,1,3128.0,1,1,3128.3,4,1
2031,2026-06-16 11:11:26+05:30,3127.7,1,3130.83,1505082,133442.0,203164.0,3163.0,3163.0,3108.0,3134.3,31888600,3447.7,2820.9,3839.9,2896.0,3127.2,39,1,3127.1,20,1,3127.0,3035,10,3126.9,85,3,3126.8,9,1,3127.7,41,3,3127.8,97,1,3127.9,168,1,3128.0,1,1,3128.3,40,2
2031,2026-06-16 11:11:27+05:30,3127.7,1,3130.83,1505082,133442.0,203164.0,3163.0,3163.0,3108.0,3134.3,31888600,3447.7,2820.9,3839.9,2896.0,3127.2,39,1,3127.1,20,1,3127.0,3035,10,3126.9,85,3,3126.8,9,1,3127.7,41,3,3127.8,97,1,3127.9,168,1,3128.0,1,1,3128.3,40,2
2031,2026-06-16 11:11:27+05:30,3127.7,1,3130.83,1505082,133493.0,203159.0,3163.0,3163.0,3108.0,3134.3,31888600,3447.7,2820.9,3839.9,2896.0,3127.2,39,1,3127.1,20,1,3127.0,3035,10,3126.9,85,3,3126.8,9,1,3127.7,71,4,3127.8,97,1,3127.9,168,1,3128.0,1,1,3128.3,4,1
2031,2026-06-16 11:11:28+05:30,3127.2,10,3130.83,1505082,133493.0,203159.0,3163.0,3163.0,3108.0,3134.3,31888600,3447.7,2820.9,3839.9,2896.0,3127.2,39,1,3127.1,20,1,3127.0,3035,10,3126.9,85,3,3126.8,9,1,3127.7,71,4,3127.8,97,1,3127.9,168,1,3128.0,1,1,3128.3,4,1
2031,2026-06-16 11:11:28+05:30,3127.2,10,3130.83,1505092,133480.0,203272.0,3163.0,3163.0,3108.0,3134.3,31888600,3447.7,2820.9,3839.9,2896.0,3127.2,29,1,3127.1,20,1,3127.0,3035,10,3126.9,85,3,3126.8,9,1,3127.6,1,1,3127.7,61,3,3127.8,97,1,3127.9,168,1,3128.0,1,1
2031,2026-06-16 11:11:29+05:30,3127.2,1,3130.83,1505096,133403.0,203436.0,3163.0,3163.0,3108.0,3134.3,31888600,3447.7,2820.9,3839.9,2896.0,3127.2,25,1,3127.1,20,1,3127.0,3035,10,3126.9,64,2,3126.8,30,2,3127.3,1,1,3127.7,61,3,3127.8,97,1,3127.9,168,1,3128.0,1,1
2031,2026-06-16 11:11:30+05:30,3127.9,64,3130.83,1505096,133403.0,203436.0,3163.0,3163.0,3108.0,3134.3,31888600,3447.7,2820.9,3839.9,2896.0,3127.2,25,1,3127.1,20,1,3127.0,3035,10,3126.9,64,2,3126.8,30,2,3127.3,1,1,3127.7,61,3,3127.8,97,1,3127.9,168,1,3128.0,1,1
2031,2026-06-16 11:11:30+05:30,3127.4,26,3130.83,1505373,133498.0,203570.0,3163.0,3163.0,3108.0,3134.3,31888600,3447.7,2820.9,3839.9,2896.0,3127.4,17,1,3127.3,2,2,3127.2,44,4,3127.1,15,1,3127.0,3056,11,3127.8,30,1,3127.9,104,1,3128.0,1,1,3128.3,63,1,3128.4,794,1
2031,2026-06-16 11:11:31+05:30,3127.4,26,3130.83,1505373,133498.0,203570.0,3163.0,3163.0,3108.0,3134.3,31888600,3447.7,2820.9,3839.9,2896.0,3127.4,17,1,3127.3,2,2,3127.2,44,4,3127.1,15,1,3127.0,3056,11,3127.8,30,1,3127.9,104,1,3128.0,1,1,3128.3,63,1,3128.4,794,1
2031,2026-06-16 11:11:31+05:30,3127.8,1,3130.83,1505375,133532.0,203281.0,3163.0,3163.0,3108.0,3134.3,31888600,3447.7,2820.9,3839.9,2896.0,3127.4,17,1,3127.3,2,2,3127.2,44,4,3127.1,15,1,3127.0,3035,10,3127.8,228,2,3127.9,104,1,3128.0,1,1,3128.3,63,1,3128.5,90,2
2031,2026-06-16 11:11:32+05:30,3127.8,1,3130.83,1505375,133532.0,203281.0,3163.0,3163.0,3108.0,3134.3,31888600,3447.7,2820.9,3839.9,2896.0,3127.4,17,1,3127.3,2,2,3127.2,44,4,3127.1,15,1,3127.0,3035,10,3127.8,228,2,3127.9,104,1,3128.0,1,1,3128.3,63,1,3128.5,90,2
2031,2026-06-16 11:11:32+05:30,3127.6,28,3130.83,1505405,133735.0,202964.0,3163.0,3163.0,3108.0,3134.3,31888600,3447.7,2820.9,3839.9,2896.0,3127.6,17,1,3127.4,38,1,3127.3,2,2,3127.2,44,4,3127.1,15,1,3127.7,1,1,3127.8,200,1,3127.9,104,1,3128.0,1,1,3128.5,51,1
2031,2026-06-16 11:11:33+05:30,3127.6,28,3130.83,1505405,133735.0,202964.0,3163.0,3163.0,3108.0,3134.3,31888600,3447.7,2820.9,3839.9,2896.0,3127.6,17,1,3127.4,38,1,3127.3,2,2,3127.2,44,4,3127.1,15,1,3127.7,1,1,3127.8,200,1,3127.9,104,1,3128.0,1,1,3128.5,51,1
2031,2026-06-16 11:11:33+05:30,3127.3,1,3130.83,1505589,133252.0,202377.0,3163.0,3163.0,3108.0,3134.3,31888600,3447.7,2820.9,3839.9,2896.0,3127.2,31,3,3127.1,18,1,3127.0,2796,9,3126.9,8,1,3126.8,33,3,3127.3,20,1,3127.4,20,1,3127.8,200,1,3127.9,104,1,3128.0,1,1
2031,2026-06-16 11:11:34+05:30,3127.2,20,3130.83,1505589,133252.0,202377.0,3163.0,3163.0,3108.0,3134.3,31888600,3447.7,2820.9,3839.9,2896.0,3127.2,31,3,3127.1,18,1,3127.0,2796,9,3126.9,8,1,3126.8,33,3,3127.3,20,1,3127.4,20,1,3127.8,200,1,3127.9,104,1,3128.0,1,1
2031,2026-06-16 11:11:34+05:30,3127.3,1,3130.83,1505630,133801.0,202933.0,3163.0,3163.0,3108.0,3134.3,31888600,3447.7,2820.9,3839.9,2896.0,3127.3,12,1,3127.2,68,9,3127.1,83,3,3127.0,3147,12,3126.9,94,4,3127.7,4,1,3127.8,200,1,3127.9,104,1,3128.0,1,1,3128.6,281,3
2031,2026-06-16 11:11:35+05:30,3127.3,1,3130.83,1505630,133801.0,202933.0,3163.0,3163.0,3108.0,3134.3,31888600,3447.7,2820.9,3839.9,2896.0,3127.3,12,1,3127.2,68,9,3127.1,83,3,3127.0,3147,12,3126.9,94,4,3127.7,4,1,3127.8,200,1,3127.9,104,1,3128.0,1,1,3128.6,281,3
2031,2026-06-16 11:11:35+05:30,3127.3,1,3130.83,1505630,133658.0,201715.0,3163.0,3163.0,3108.0,3134.3,31888600,3447.7,2820.9,3839.9,2896.0,3127.2,17,5,3127.1,90,3,3127.0,3120,11,3126.9,105,4,3126.8,11,2,3127.7,4,1,3127.8,200,1,3127.9,104,1,3128.0,1,1,3128.4,46,1
2031,2026-06-16 11:11:36+05:30,3127.3,1,3130.83,1505630,133676.0,202587.0,3163.0,3163.0,3108.0,3134.3,31888600,3447.7,2820.9,3839.9,2896.0,3127.3,16,1,3127.2,17,5,3127.1,72,2,3127.0,3142,12,3126.9,83,3,3127.7,6,2,3127.8,200,1,3127.9,104,1,3128.0,1,1,3128.4,46,1
2031,2026-06-16 11:11:37+05:30,3127.7,1,3130.83,1505630,133676.0,202587.0,3163.0,3163.0,3108.0,3134.3,31888600,3447.7,2820.9,3839.9,2896.0,3127.3,16,1,3127.2,17,5,3127.1,72,2,3127.0,3142,12,3126.9,83,3,3127.7,6,2,3127.8,200,1,3127.9,104,1,3128.0,1,1,3128.4,46,1
2031,2026-06-16 11:11:37+05:30,3127.7,1,3130.83,1505631,133750.0,204794.0,3163.0,3163.0,3108.0,3134.3,31888600,3447.7,2820.9,3839.9,2896.0,3127.3,16,1,3127.2,17,5,3127.1,72,2,3127.0,3142,12,3126.9,83,3,3127.7,5,2,3127.8,200,1,3127.9,104,1,3128.0,1,1,3128.4,46,1
2031,2026-06-16 11:11:37+05:30,3127.7,1,3130.83,1505631,133750.0,204794.0,3163.0,3163.0,3108.0,3134.3,31888600,3447.7,2820.9,3839.9,2896.0,3127.3,16,1,3127.2,17,5,3127.1,72,2,3127.0,3142,12,3126.9,83,3,3127.7,5,2,3127.8,200,1,3127.9,104,1,3128.0,1,1,3128.4,46,1
2031,2026-06-16 11:11:38+05:30,3127.7,1,3130.83,1505631,133750.0,204794.0,3163.0,3163.0,3108.0,3134.3,31888600,3447.7,2820.9,3839.9,2896.0,3127.3,16,1,3127.2,17,5,3127.1,72,2,3127.0,3142,12,3126.9,83,3,3127.7,5,2,3127.8,200,1,3127.9,104,1,3128.0,1,1,3128.4,46,1
2031,2026-06-16 11:11:38+05:30,3127.5,3,3130.83,1505638,133917.0,204758.0,3163.0,3163.0,3108.0,3134.3,31888600,3447.7,2820.9,3839.9,2896.0,3127.5,4,1,3127.4,39,2,3127.3,28,2,3127.2,31,5,3127.1,72,2,3127.6,1,1,3127.7,2,1,3127.8,200,1,3127.9,104,1,3128.5,2,1
2031,2026-06-16 11:11:39+05:30,3127.5,3,3130.83,1505638,133917.0,204758.0,3163.0,3163.0,3108.0,3134.3,31888600,3447.7,2820.9,3839.9,2896.0,3127.5,4,1,3127.4,39,2,3127.3,28,2,3127.2,31,5,3127.1,72,2,3127.6,1,1,3127.7,2,1,3127.8,200,1,3127.9,104,1,3128.5,2,1
2031,2026-06-16 11:11:39+05:30,3127.5,3,3130.83,1505638,133917.0,204758.0,3163.0,3163.0,3108.0,3134.3,31888600,3447.7,2820.9,3839.9,2896.0,3127.5,4,1,3127.4,39,2,3127.3,28,2,3127.2,31,5,3127.1,72,2,3127.6,1,1,3127.7,2,1,3127.8,200,1,3127.9,104,1,3128.5,2,1
2031,2026-06-16 11:11:40+05:30,3129.0,1,3130.82,1508743,137075.0,200465.0,3163.0,3163.0,3108.0,3134.3,31888600,3447.7,2820.9,3839.9,2896.0,3129.0,2052,2,3128.6,21,1,3128.5,19,1,3128.4,3,1,3128.3,52,3,3129.3,342,1,3129.4,15,2,3129.6,28,2,3130.0,3163,11,3130.2,154,5
2031,2026-06-16 11:11:40+05:30,3129.0,1,3130.82,1508743,137075.0,200465.0,3163.0,3163.0,3108.0,3134.3,31888600,3447.7,2820.9,3839.9,2896.0,3129.0,2052,2,3128.6,21,1,3128.5,19,1,3128.4,3,1,3128.3,52,3,3129.3,342,1,3129.4,15,2,3129.6,28,2,3130.0,3163,11,3130.2,154,5
2031,2026-06-16 11:11:41+05:30,3129.0,1,3130.82,1508743,137075.0,200465.0,3163.0,3163.0,3108.0,3134.3,31888600,3447.7,2820.9,3839.9,2896.0,3129.0,2052,2,3128.6,21,1,3128.5,19,1,3128.4,3,1,3128.3,52,3,3129.3,342,1,3129.4,15,2,3129.6,28,2,3130.0,3163,11,3130.2,154,5
2031,2026-06-16 11:11:41+05:30,3129.0,1,3130.82,1508752,137077.0,201223.0,3163.0,3163.0,3108.0,3134.3,31888600,3447.7,2820.9,3839.9,2896.0,3129.0,2051,2,3128.9,3,1,3128.8,34,2,3128.7,107,3,3128.6,13,1,3129.1,334,1,3129.3,54,2,3129.4,2,1,3129.6,15,1,3130.0,3163,11
2031,2026-06-16 11:11:41+05:30,3129.0,1,3130.82,1508752,137077.0,201223.0,3163.0,3163.0,3108.0,3134.3,31888600,3447.7,2820.9,3839.9,2896.0,3129.0,2051,2,3128.9,3,1,3128.8,34,2,3128.7,107,3,3128.6,13,1,3129.1,334,1,3129.3,54,2,3129.4,2,1,3129.6,15,1,3130.0,3163,11
2031,2026-06-16 11:11:42+05:30,3129.0,40,3130.82,1508752,137077.0,201223.0,3163.0,3163.0,3108.0,3134.3,31888600,3447.7,2820.9,3839.9,2896.0,3129.0,2051,2,3128.9,3,1,3128.8,34,2,3128.7,107,3,3128.6,13,1,3129.1,334,1,3129.3,54,2,3129.4,2,1,3129.6,15,1,3130.0,3163,11
2031,2026-06-16 11:11:42+05:30,3129.0,40,3130.82,1509159,136303.0,201442.0,3163.0,3163.0,3108.0,3134.3,31888600,3447.7,2820.9,3839.9,2896.0,3129.0,2053,3,3128.4,60,1,3128.2,33,2,3128.1,136,4,3128.0,67,3,3129.1,190,3,3129.3,32,1,3129.4,2,1,3129.6,15,1,3129.7,24,1
2031,2026-06-16 11:11:43+05:30,3129.0,5,3130.82,1509159,136303.0,201442.0,3163.0,3163.0,3108.0,3134.3,31888600,3447.7,2820.9,3839.9,2896.0,3129.0,2053,3,3128.4,60,1,3128.2,33,2,3128.1,136,4,3128.0,67,3,3129.1,190,3,3129.3,32,1,3129.4,2,1,3129.6,15,1,3129.7,24,1
2031,2026-06-16 11:11:43+05:30,3129.0,5,3130.82,1509165,136150.0,201851.0,3163.0,3163.0,3108.0,3134.3,31888600,3447.7,2820.9,3839.9,2896.0,3129.0,2048,3,3128.4,60,1,3128.2,33,2,3128.1,139,5,3128.0,67,3,3129.1,189,3,3129.3,32,1,3129.4,2,1,3129.7,24,1,3129.9,49,2
2031,2026-06-16 11:11:43+05:30,3129.0,5,3130.82,1509165,136150.0,201851.0,3163.0,3163.0,3108.0,3134.3,31888600,3447.7,2820.9,3839.9,2896.0,3129.0,2048,3,3128.4,60,1,3128.2,33,2,3128.1,139,5,3128.0,67,3,3129.1,189,3,3129.3,32,1,3129.4,2,1,3129.7,24,1,3129.9,49,2
2031,2026-06-16 11:11:44+05:30,3129.0,1,3130.82,1509165,136150.0,201851.0,3163.0,3163.0,3108.0,3134.3,31888600,3447.7,2820.9,3839.9,2896.0,3129.0,2048,3,3128.4,60,1,3128.2,33,2,3128.1,139,5,3128.0,67,3,3129.1,189,3,3129.3,32,1,3129.4,2,1,3129.7,24,1,3129.9,49,2
2031,2026-06-16 11:11:44+05:30,3129.0,1,3130.82,1509169,136100.0,201984.0,3163.0,3163.0,3108.0,3134.3,31888600,3447.7,2820.9,3839.9,2896.0,3129.0,2044,3,3128.9,19,1,3128.4,60,1,3128.2,35,2,3128.1,139,5,3129.1,231,7,3129.3,33,2,3129.4,3,2,3129.6,43,1,3129.7,25,2
2031,2026-06-16 11:11:45+05:30,3129.0,50,3130.82,1509169,136100.0,201984.0,3163.0,3163.0,3108.0,3134.3,31888600,3447.7,2820.9,3839.9,2896.0,3129.0,2044,3,3128.9,19,1,3128.4,60,1,3128.2,35,2,3128.1,139,5,3129.1,231,7,3129.3,33,2,3129.4,3,2,3129.6,43,1,3129.7,25,2
2031,2026-06-16 11:11:45+05:30,3129.0,50,3130.82,1509169,136100.0,201984.0,3163.0,3163.0,3108.0,3134.3,31888600,3447.7,2820.9,3839.9,2896.0,3129.0,2044,3,3128.9,19,1,3128.4,60,1,3128.2,35,2,3128.1,139,5,3129.1,231,7,3129.3,33,2,3129.4,3,2,3129.6,43,1,3129.7,25,2
2031,2026-06-16 11:11:45+05:30,3129.0,50,3130.82,1509421,136092.0,202002.0,3163.0,3163.0,3108.0,3134.3,31888600,3447.7,2820.9,3839.9,2896.0,3129.0,1974,3,3128.4,60,1,3128.2,17,2,3128.1,157,5,3128.0,97,3,3129.1,49,5,3129.3,33,2,3129.4,3,2,3129.6,43,1,3129.7,25,2
2031,2026-06-16 11:11:46+05:30,3129.1,1,3130.82,1509421,136092.0,202002.0,3163.0,3163.0,3108.0,3134.3,31888600,3447.7,2820.9,3839.9,2896.0,3129.0,1974,3,3128.4,60,1,3128.2,17,2,3128.1,157,5,3128.0,97,3,3129.1,49,5,3129.3,33,2,3129.4,3,2,3129.6,43,1,3129.7,25,2
2031,2026-06-16 11:11:46+05:30,3129.1,1,3130.82,1509473,137078.0,201469.0,3163.0,3163.0,3108.0,3134.3,31888600,3447.7,2820.9,3839.9,2896.0,3129.1,4,3,3129.0,1976,4,3128.6,83,3,3128.5,102,2,3128.4,118,4,3129.2,13,1,3129.3,33,2,3129.4,3,2,3129.7,1,1,3130.0,3113,10
2031,2026-06-16 11:11:46+05:30,3129.1,1,3130.82,1509473,137078.0,201469.0,3163.0,3163.0,3108.0,3134.3,31888600,3447.7,2820.9,3839.9,2896.0,3129.1,4,3,3129.0,1976,4,3128.6,83,3,3128.5,102,2,3128.4,118,4,3129.2,13,1,3129.3,33,2,3129.4,3,2,3129.7,1,1,3130.0,3113,10
2031,2026-06-16 11:11:47+05:30,3129.1,1,3130.82,1509473,137499.0,201421.0,3163.0,3163.0,3108.0,3134.3,31888600,3447.7,2820.9,3839.9,2896.0,3129.1,223,8,3129.0,1976,4,3128.9,8,1,3128.8,30,2,3128.7,112,3,3129.2,13,1,3129.3,33,2,3129.4,1,1,3129.7,1,1,3130.0,3113,10
2031,2026-06-16 11:11:48+05:30,3129.1,1,3130.82,1509473,137499.0,201421.0,3163.0,3163.0,3108.0,3134.3,31888600,3447.7,2820.9,3839.9,2896.0,3129.1,223,8,3129.0,1976,4,3128.9,8,1,3128.8,30,2,3128.7,112,3,3129.2,13,1,3129.3,33,2,3129.4,1,1,3129.7,1,1,3130.0,3113,10
2031,2026-06-16 11:11:48+05:30,3129.2,1,3130.82,1509473,137499.0,201421.0,3163.0,3163.0,3108.0,3134.3,31888600,3447.7,2820.9,3839.9,2896.0,3129.1,223,8,3129.0,1976,4,3128.9,8,1,3128.8,30,2,3128.7,112,3,3129.2,13,1,3129.3,33,2,3129.4,1,1,3129.7,1,1,3130.0,3113,10
2031,2026-06-16 11:11:48+05:30,3129.2,1,3130.82,1509474,137484.0,201482.0,3163.0,3163.0,3108.0,3134.3,31888600,3447.7,2820.9,3839.9,2896.0,3129.1,170,5,3129.0,1995,5,3128.9,27,2,3128.8,61,3,3128.7,81,2,3129.2,12,1,3129.3,33,2,3129.4,1,1,3129.7,1,1,3129.9,45,1
2031,2026-06-16 11:11:48+05:30,3129.2,1,3130.82,1509474,137484.0,201482.0,3163.0,3163.0,3108.0,3134.3,31888600,3447.7,2820.9,3839.9,2896.0,3129.1,170,5,3129.0,1995,5,3128.9,27,2,3128.8,61,3,3128.7,81,2,3129.2,12,1,3129.3,33,2,3129.4,1,1,3129.7,1,1,3129.9,45,1
2031,2026-06-16 11:11:49+05:30,3129.2,1,3130.82,1509474,137428.0,201309.0,3163.0,3163.0,3108.0,3134.3,31888600,3447.7,2820.9,3839.9,2896.0,3129.1,167,4,3129.0,1981,5,3128.9,27,2,3128.8,42,2,3128.7,81,2,3129.2,20,2,3129.3,33,2,3129.4,1,1,3129.7,1,1,3129.9,44,1
2031,2026-06-16 11:11:49+05:30,3129.2,1,3130.82,1509474,137428.0,201309.0,3163.0,3163.0,3108.0,3134.3,31888600,3447.7,2820.9,3839.9,2896.0,3129.1,167,4,3129.0,1981,5,3128.9,27,2,3128.8,42,2,3128.7,81,2,3129.2,20,2,3129.3,33,2,3129.4,1,1,3129.7,1,1,3129.9,44,1
2031,2026-06-16 11:11:50+05:30,3129.1,1,3130.82,1509474,137428.0,201309.0,3163.0,3163.0,3108.0,3134.3,31888600,3447.7,2820.9,3839.9,2896.0,3129.1,167,4,3129.0,1981,5,3128.9,27,2,3128.8,42,2,3128.7,81,2,3129.2,20,2,3129.3,33,2,3129.4,1,1,3129.7,1,1,3129.9,44,1
2031,2026-06-16 11:11:50+05:30,3129.1,1,3130.82,1509476,137506.0,201467.0,3163.0,3163.0,3108.0,3134.3,31888600,3447.7,2820.9,3839.9,2896.0,3129.1,183,5,3129.0,1981,5,3128.9,58,3,3128.8,11,1,3128.7,162,3,3129.2,20,2,3129.3,33,2,3129.4,1,1,3129.7,1,1,3130.0,3113,10
2031,2026-06-16 11:11:50+05:30,3129.1,1,3130.82,1509476,137506.0,201467.0,3163.0,3163.0,3108.0,3134.3,31888600,3447.7,2820.9,3839.9,2896.0,3129.1,183,5,3129.0,1981,5,3128.9,58,3,3128.8,11,1,3128.7,162,3,3129.2,20,2,3129.3,33,2,3129.4,1,1,3129.7,1,1,3130.0,3113,10
2031,2026-06-16 11:11:51+05:30,3129.1,9,3130.82,1509476,137506.0,201467.0,3163.0,3163.0,3108.0,3134.3,31888600,3447.7,2820.9,3839.9,2896.0,3129.1,183,5,3129.0,1981,5,3128.9,58,3,3128.8,11,1,3128.7,162,3,3129.2,20,2,3129.3,33,2,3129.4,1,1,3129.7,1,1,3130.0,3113,10
2031,2026-06-16 11:11:51+05:30,3129.1,9,3130.82,1509476,137506.0,201467.0,3163.0,3163.0,3108.0,3134.3,31888600,3447.7,2820.9,3839.9,2896.0,3129.1,183,5,3129.0,1981,5,3128.9,58,3,3128.8,11,1,3128.7,162,3,3129.2,20,2,3129.3,33,2,3129.4,1,1,3129.7,1,1,3130.0,3113,10
2031,2026-06-16 11:11:51+05:30,3129.1,9,3130.82,1509488,137128.0,201512.0,3163.0,3163.0,3108.0,3134.3,31888600,3447.7,2820.9,3839.9,2896.0,3129.1,175,5,3129.0,1981,5,3128.9,39,2,3128.7,102,2,3128.6,79,4,3129.2,8,1,3129.3,33,2,3129.4,1,1,3129.7,1,1,3129.9,37,1
2031,2026-06-16 11:11:52+05:30,3129.2,38,3130.82,1509488,137128.0,201512.0,3163.0,3163.0,3108.0,3134.3,31888600,3447.7,2820.9,3839.9,2896.0,3129.1,175,5,3129.0,1981,5,3128.9,39,2,3128.7,102,2,3128.6,79,4,3129.2,8,1,3129.3,33,2,3129.4,1,1,3129.7,1,1,3129.9,37,1
2031,2026-06-16 11:11:52+05:30,3129.2,38,3130.82,1509488,137128.0,201512.0,3163.0,3163.0,3108.0,3134.3,31888600,3447.7,2820.9,3839.9,2896.0,3129.1,175,5,3129.0,1981,5,3128.9,39,2,3128.7,102,2,3128.6,79,4,3129.2,8,1,3129.3,33,2,3129.4,1,1,3129.7,1,1,3129.9,37,1
2031,2026-06-16 11:11:52+05:30,3129.2,38,3130.82,1509542,137103.0,201594.0,3163.0,3163.0,3108.0,3134.3,31888600,3447.7,2820.9,3839.9,2896.0,3129.1,177,5,3129.0,1976,4,3128.6,60,3,3128.5,40,2,3128.4,144,5,3129.3,33,2,3129.4,1,1,3129.7,1,1,3129.9,63,1,3130.0,3161,11
2031,2026-06-16 11:11:52+05:30,3129.2,38,3130.82,1509542,137103.0,201594.0,3163.0,3163.0,3108.0,3134.3,31888600,3447.7,2820.9,3839.9,2896.0,3129.1,177,5,3129.0,1976,4,3128.6,60,3,3128.5,40,2,3128.4,144,5,3129.3,33,2,3129.4,1,1,3129.7,1,1,3129.9,63,1,3130.0,3161,11
2031,2026-06-16 11:11:53+05:30,3129.3,1,3130.82,1509542,137103.0,201594.0,3163.0,3163.0,3108.0,3134.3,31888600,3447.7,2820.9,3839.9,2896.0,3129.1,177,5,3129.0,1976,4,3128.6,60,3,3128.5,40,2,3128.4,144,5,3129.3,33,2,3129.4,1,1,3129.7,1,1,3129.9,63,1,3130.0,3161,11
2031,2026-06-16 11:11:53+05:30,3129.3,1,3130.82,1509548,137055.0,201813.0,3163.0,3163.0,3108.0,3134.3,31888600,3447.7,2820.9,3839.9,2896.0,3129.2,14,1,3129.1,158,4,3129.0,1976,4,3128.7,35,2,3128.6,60,3,3129.3,44,3,3129.4,1,1,3129.7,1,1,3129.9,63,1,3130.0,3161,11
2031,2026-06-16 11:11:53+05:30,3129.3,1,3130.82,1509548,137055.0,201813.0,3163.0,3163.0,3108.0,3134.3,31888600,3447.7,2820.9,3839.9,2896.0,3129.2,14,1,3129.1,158,4,3129.0,1976,4,3128.7,35,2,3128.6,60,3,3129.3,44,3,3129.4,1,1,3129.7,1,1,3129.9,63,1,3130.0,3161,11
2031,2026-06-16 11:11:54+05:30,3129.3,2,3130.82,1509548,137055.0,201813.0,3163.0,3163.0,3108.0,3134.3,31888600,3447.7,2820.9,3839.9,2896.0,3129.2,14,1,3129.1,158,4,3129.0,1976,4,3128.7,35,2,3128.6,60,3,3129.3,44,3,3129.4,1,1,3129.7,1,1,3129.9,63,1,3130.0,3161,11
2031,2026-06-16 11:11:54+05:30,3129.2,3,3130.82,1509611,137307.0,201143.0,3163.0,3163.0,3108.0,3134.3,31888600,3447.7,2820.9,3839.9,2896.0,3129.2,14,1,3129.1,171,4,3129.0,1976,4,3128.9,31,1,3128.8,19,1,3129.4,1,1,3129.7,1,1,3130.0,3161,11,3130.1,200,1,3130.2,20,1
2031,2026-06-16 11:11:54+05:30,3129.2,3,3130.82,1509611,137307.0,201143.0,3163.0,3163.0,3108.0,3134.3,31888600,3447.7,2820.9,3839.9,2896.0,3129.2,14,1,3129.1,171,4,3129.0,1976,4,3128.9,31,1,3128.8,19,1,3129.4,1,1,3129.7,1,1,3130.0,3161,11,3130.1,200,1,3130.2,20,1
2031,2026-06-16 11:11:55+05:30,3129.2,1,3130.82,1509611,137307.0,201143.0,3163.0,3163.0,3108.0,3134.3,31888600,3447.7,2820.9,3839.9,2896.0,3129.2,14,1,3129.1,171,4,3129.0,1976,4,3128.9,31,1,3128.8,19,1,3129.4,1,1,3129.7,1,1,3130.0,3161,11,3130.1,200,1,3130.2,20,1
2031,2026-06-16 11:11:55+05:30,3130.0,1,3130.82,1509641,138204.0,201439.0,3163.0,3163.0,3108.0,3134.3,31888600,3447.7,2820.9,3839.9,2896.0,3129.2,269,4,3129.1,220,5,3129.0,2005,4,3128.9,48,1,3128.8,128,4,3130.0,3110,9,3130.1,200,1,3130.3,2,1,3130.4,120,3,3130.5,157,5
2031,2026-06-16 11:11:55+05:30,3130.0,1,3130.82,1509641,138204.0,201439.0,3163.0,3163.0,3108.0,3134.3,31888600,3447.7,2820.9,3839.9,2896.0,3129.2,269,4,3129.1,220,5,3129.0,2005,4,3128.9,48,1,3128.8,128,4,3130.0,3110,9,3130.1,200,1,3130.3,2,1,3130.4,120,3,3130.5,157,5
2031,2026-06-16 11:11:56+05:30,3129.2,10,3130.82,1509641,138204.0,201439.0,3163.0,3163.0,3108.0,3134.3,31888600,3447.7,2820.9,3839.9,2896.0,3129.2,269,4,3129.1,220,5,3129.0,2005,4,3128.9,48,1,3128.8,128,4,3130.0,3110,9,3130.1,200,1,3130.3,2,1,3130.4,120,3,3130.5,157,5
2031,2026-06-16 11:11:56+05:30,3129.2,1,3130.82,1509717,137561.0,201163.0,3163.0,3163.0,3108.0,3134.3,31888600,3447.7,2820.9,3839.9,2896.0,3129.2,168,3,3129.1,306,4,3129.0,2040,7,3128.8,111,4,3128.6,79,4,3129.3,400,1,3130.0,3095,8,3130.1,200,1,3130.3,2,1,3130.4,81,2
2031,2026-06-16 11:11:56+05:30,3129.2,1,3130.82,1509717,137561.0,201163.0,3163.0,3163.0,3108.0,3134.3,31887800,3447.7,2820.9,3839.9,2896.0,3129.2,168,3,3129.1,306,4,3129.0,2040,7,3128.8,111,4,3128.6,79,4,3129.3,400,1,3130.0,3095,8,3130.1,200,1,3130.3,2,1,3130.4,81,2
2031,2026-06-16 11:11:57+05:30,3129.2,23,3130.82,1509717,137561.0,201163.0,3163.0,3163.0,3108.0,3134.3,31887800,3447.7,2820.9,3839.9,2896.0,3129.2,168,3,3129.1,306,4,3129.0,2040,7,3128.8,111,4,3128.6,79,4,3129.3,400,1,3130.0,3095,8,3130.1,200,1,3130.3,2,1,3130.4,81,2
2031,2026-06-16 11:11:57+05:30,3129.2,23,3130.82,1509937,137542.0,201309.0,3163.0,3163.0,3108.0,3134.3,31887800,3447.7,2820.9,3839.9,2896.0,3129.2,128,2,3129.1,306,4,3129.0,2013,5,3128.8,92,3,3128.7,60,1,3129.3,203,1,3130.0,3095,8,3130.1,200,1,3130.3,2,1,3130.4,129,3
2031,2026-06-16 11:11:58+05:30,3129.2,2,3130.82,1509937,137542.0,201309.0,3163.0,3163.0,3108.0,3134.3,31887800,3447.7,2820.9,3839.9,2896.0,3129.2,128,2,3129.1,306,4,3129.0,2013,5,3128.8,92,3,3128.7,60,1,3129.3,203,1,3130.0,3095,8,3130.1,200,1,3130.3,2,1,3130.4,129,3
2031,2026-06-16 11:11:58+05:30,3129.3,1,3130.82,1509941,137503.0,201299.0,3163.0,3163.0,3108.0,3134.3,31887800,3447.7,2820.9,3839.9,2896.0,3129.2,126,2,3129.1,218,3,3129.0,2013,5,3128.8,92,3,3128.6,139,5,3129.3,201,1,3130.0,3095,8,3130.1,200,1,3130.3,2,1,3130.4,129,3
2031,2026-06-16 11:11:59+05:30,3129.3,2,3130.82,1509941,137503.0,201299.0,3163.0,3163.0,3108.0,3134.3,31887800,3447.7,2820.9,3839.9,2896.0,3129.2,126,2,3129.1,218,3,3129.0,2013,5,3128.8,92,3,3128.6,139,5,3129.3,201,1,3130.0,3095,8,3130.1,200,1,3130.3,2,1,3130.4,129,3
2031,2026-06-16 11:11:59+05:30,3129.3,2,3130.82,1509944,137323.0,201661.0,3163.0,3163.0,3108.0,3134.3,31887800,3447.7,2820.9,3839.9,2896.0,3129.2,125,2,3129.1,218,3,3129.0,2013,5,3128.8,92,3,3128.6,139,5,3129.3,199,1,3130.0,3295,9,3130.1,200,1,3130.2,20,1,3130.3,2,1
2031,2026-06-16 11:12:00+05:30,3129.3,1,3130.82,1509944,137323.0,201661.0,3163.0,3163.0,3108.0,3134.3,31887800,3447.7,2820.9,3839.9,2896.0,3129.2,125,2,3129.1,218,3,3129.0,2013,5,3128.8,92,3,3128.6,139,5,3129.3,199,1,3130.0,3295,9,3130.1,200,1,3130.2,20,1,3130.3,2,1
2031,2026-06-16 11:12:00+05:30,3129.3,1,3130.82,1509947,137183.0,199668.0,3163.0,3163.0,3108.0,3134.3,31887800,3447.7,2820.9,3839.9,2896.0,3129.2,129,3,3129.1,218,3,3129.0,2013,5,3128.8,92,3,3128.6,160,6,3129.3,199,2,3130.0,3295,9,3130.1,200,1,3130.2,20,1,3130.3,2,1
2031,2026-06-16 11:12:01+05:30,3129.3,2,3130.82,1509947,137183.0,199668.0,3163.0,3163.0,3108.0,3134.3,31887800,3447.7,2820.9,3839.9,2896.0,3129.2,129,3,3129.1,218,3,3129.0,2013,5,3128.8,92,3,3128.6,160,6,3129.3,199,2,3130.0,3295,9,3130.1,200,1,3130.2,20,1,3130.3,2,1
2031,2026-06-16 11:12:01+05:30,3129.3,2,3130.82,1509954,137184.0,201074.0,3163.0,3163.0,3108.0,3134.3,31887800,3447.7,2820.9,3839.9,2896.0,3129.2,128,3,3129.1,238,4,3129.0,2013,5,3128.8,79,2,3128.6,100,5,3129.3,218,3,3130.0,3295,9,3130.1,248,2,3130.2,20,1,3130.3,2,1
2031,2026-06-16 11:12:02+05:30,3129.2,1,3130.82,1509954,137184.0,201074.0,3163.0,3163.0,3108.0,3134.3,31887800,3447.7,2820.9,3839.9,2896.0,3129.2,128,3,3129.1,238,4,3129.0,2013,5,3128.8,79,2,3128.6,100,5,3129.3,218,3,3130.0,3295,9,3130.1,248,2,3130.2,20,1,3130.3,2,1
2031,2026-06-16 11:12:02+05:30,3129.2,1,3130.82,1509968,137181.0,201070.0,3163.0,3163.0,3108.0,3134.3,31887800,3447.7,2820.9,3839.9,2896.0,3129.2,132,4,3129.1,218,3,3129.0,2013,5,3128.9,19,1,3128.8,79,2,3129.3,218,3,3130.0,3295,9,3130.1,248,2,3130.2,20,1,3130.3,2,1
2031,2026-06-16 11:12:03+05:30,3129.2,1,3130.82,1509968,137181.0,201070.0,3163.0,3163.0,3108.0,3134.3,31887800,3447.7,2820.9,3839.9,2896.0,3129.2,132,4,3129.1,218,3,3129.0,2013,5,3128.9,19,1,3128.8,79,2,3129.3,218,3,3130.0,3295,9,3130.1,248,2,3130.2,20,1,3130.3,2,1
2031,2026-06-16 11:12:03+05:30,3129.2,1,3130.82,1509969,137192.0,201128.0,3163.0,3163.0,3108.0,3134.3,31887800,3447.7,2820.9,3839.9,2896.0,3129.2,131,4,3129.1,218,3,3129.0,2013,5,3128.9,19,1,3128.8,31,1,3129.3,256,4,3130.0,3295,9,3130.1,248,2,3130.2,20,1,3130.3,2,1
2031,2026-06-16 11:12:04+05:30,3129.3,175,3130.82,1509969,137192.0,201128.0,3163.0,3163.0,3108.0,3134.3,31887800,3447.7,2820.9,3839.9,2896.0,3129.2,131,4,3129.1,218,3,3129.0,2013,5,3128.9,19,1,3128.8,31,1,3129.3,256,4,3130.0,3295,9,3130.1,248,2,3130.2,20,1,3130.3,2,1
2031,2026-06-16 11:12:04+05:30,3129.3,175,3130.82,1510150,137093.0,200953.0,3163.0,3163.0,3108.0,3134.3,31887800,3447.7,2820.9,3839.9,2896.0,3129.2,109,3,3129.1,218,3,3129.0,2013,5,3128.9,19,1,3128.8,31,1,3129.3,79,4,3130.0,3295,9,3130.1,248,2,3130.2,80,2,3130.3,2,1
2031,2026-06-16 11:12:05+05:30,3129.2,20,3130.82,1510150,137093.0,200953.0,3163.0,3163.0,3108.0,3134.3,31887800,3447.7,2820.9,3839.9,2896.0,3129.2,109,3,3129.1,218,3,3129.0,2013,5,3128.9,19,1,3128.8,31,1,3129.3,79,4,3130.0,3295,9,3130.1,248,2,3130.2,80,2,3130.3,2,1
2031,2026-06-16 11:12:05+05:30,3129.2,20,3130.82,1510171,137072.0,200955.0,3163.0,3163.0,3108.0,3134.3,31887800,3447.7,2820.9,3839.9,2896.0,3129.2,88,3,3129.1,218,3,3129.0,2013,5,3128.9,19,1,3128.8,31,1,3129.3,79,4,3130.0,3295,9,3130.1,248,2,3130.2,80,2,3130.3,2,1
2031,2026-06-16 11:12:06+05:30,3129.2,2,3130.82,1510171,137072.0,200955.0,3163.0,3163.0,3108.0,3134.3,31887800,3447.7,2820.9,3839.9,2896.0,3129.2,88,3,3129.1,218,3,3129.0,2013,5,3128.9,19,1,3128.8,31,1,3129.3,79,4,3130.0,3295,9,3130.1,248,2,3130.2,80,2,3130.3,2,1
2031,2026-06-16 11:12:06+05:30,3129.2,2,3130.82,1510173,137053.0,202050.0,3163.0,3163.0,3108.0,3134.3,31887800,3447.7,2820.9,3839.9,2896.0,3129.2,86,3,3129.1,218,3,3129.0,1974,3,3128.8,13,1,3128.6,60,3,3129.3,81,6,3129.5,200,1,3129.6,200,1,3130.0,3095,8,3130.1,48,1
2031,2026-06-16 11:12:07+05:30,3129.2,2,3130.82,1510173,137048.0,201958.0,3163.0,3163.0,3108.0,3134.3,31887800,3447.7,2820.9,3839.9,2896.0,3129.2,86,3,3129.1,218,3,3129.0,1974,3,3128.8,13,1,3128.6,60,3,3129.3,81,6,3129.5,200,1,3129.6,200,1,3130.0,2995,7,3130.1,48,1
2031,2026-06-16 11:12:08+05:30,3129.2,2,3130.82,1510175,136958.0,201959.0,3163.0,3163.0,3108.0,3134.3,31887800,3447.7,2820.9,3839.9,2896.0,3129.2,83,3,3129.1,218,3,3129.0,1974,3,3128.8,13,1,3128.6,60,3,3129.3,81,6,3129.5,200,1,3129.6,200,1,3130.0,2995,7,3130.1,48,1
2031,2026-06-16 11:12:09+05:30,3129.3,1,3130.82,1510175,136958.0,201959.0,3163.0,3163.0,3108.0,3134.3,31887800,3447.7,2820.9,3839.9,2896.0,3129.2,83,3,3129.1,218,3,3129.0,1974,3,3128.8,13,1,3128.6,60,3,3129.3,81,6,3129.5,200,1,3129.6,200,1,3130.0,2995,7,3130.1,48,1
2031,2026-06-16 11:12:09+05:30,3129.3,1,3130.82,1510176,135203.0,201972.0,3163.0,3163.0,3108.0,3134.3,31887800,3447.7,2820.9,3839.9,2896.0,3129.2,89,4,3129.1,218,3,3129.0,242,1,3128.8,13,1,3128.6,13,1,3129.3,80,6,3129.5,200,1,3129.6,200,1,3130.0,2995,7,3130.1,144,4
2031,2026-06-16 11:12:10+05:30,3129.2,2,3130.82,1510176,135203.0,201972.0,3163.0,3163.0,3108.0,3134.3,31887800,3447.7,2820.9,3839.9,2896.0,3129.2,89,4,3129.1,218,3,3129.0,242,1,3128.8,13,1,3128.6,13,1,3129.3,80,6,3129.5,200,1,3129.6,200,1,3130.0,2995,7,3130.1,144,4
2031,2026-06-16 11:12:10+05:30,3129.3,1,3130.82,1510258,135183.0,199720.0,3163.0,3163.0,3108.0,3134.3,31887800,3447.7,2820.9,3839.9,2896.0,3129.3,17,1,3129.2,86,3,3129.1,218,3,3129.0,242,1,3128.6,13,1,3129.5,200,1,3129.6,200,1,3130.0,2995,7,3130.1,96,3,3130.2,80,2
2031,2026-06-16 11:12:11+05:30,3129.3,1,3130.82,1510258,135183.0,199720.0,3163.0,3163.0,3108.0,3134.3,31887800,3447.7,2820.9,3839.9,2896.0,3129.3,17,1,3129.2,86,3,3129.1,218,3,3129.0,242,1,3128.6,13,1,3129.5,200,1,3129.6,200,1,3130.0,2995,7,3130.1,96,3,3130.2,80,2
2031,2026-06-16 11:12:11+05:30,3129.3,1,3130.82,1510258,135643.0,199851.0,3163.0,3163.0,3108.0,3134.3,31887800,3447.7,2820.9,3839.9,2896.0,3129.3,104,1,3129.2,104,4,3129.1,218,3,3129.0,242,1,3128.6,44,2,3129.4,9,1,3129.5,200,1,3129.6,200,1,3130.0,2996,8,3130.1,96,3
2031,2026-06-16 11:12:12+05:30,3129.3,1,3130.82,1510258,135661.0,201709.0,3163.0,3163.0,3108.0,3134.3,31887800,3447.7,2820.9,3839.9,2896.0,3129.3,104,1,3129.2,104,4,3129.1,218,3,3129.0,242,1,3128.7,31,1,3129.4,9,1,3129.5,200,1,3129.6,200,1,3130.0,2996,8,3130.1,43,1
2031,2026-06-16 11:12:13+05:30,3129.5,23,3130.82,1510348,135543.0,199732.0,3163.0,3163.0,3108.0,3134.3,31887800,3447.7,2820.9,3839.9,2896.0,3129.3,101,1,3129.2,104,4,3129.1,169,2,3129.0,242,1,3128.7,31,1,3129.5,177,1,3129.6,200,1,3130.0,2996,8,3130.1,43,1,3130.2,80,2
2031,2026-06-16 11:12:14+05:30,3129.5,23,3130.82,1510348,135543.0,199732.0,3163.0,3163.0,3108.0,3134.3,31887800,3447.7,2820.9,3839.9,2896.0,3129.3,101,1,3129.2,104,4,3129.1,169,2,3129.0,242,1,3128.7,31,1,3129.5,177,1,3129.6,200,1,3130.0,2996,8,3130.1,43,1,3130.2,80,2
2031,2026-06-16 11:12:14+05:30,3129.4,1,3130.82,1510359,135284.0,201376.0,3163.0,3163.0,3108.0,3134.3,31887800,3447.7,2820.9,3839.9,2896.0,3129.4,8,1,3129.3,107,2,3129.2,86,3,3129.1,174,3,3129.0,276,2,3129.5,186,2,3129.6,200,1,3130.0,2996,8,3130.1,62,2,3130.2,60,1
2031,2026-06-16 11:12:15+05:30,3129.5,107,3130.82,1510359,135284.0,201376.0,3163.0,3163.0,3108.0,3134.3,31887800,3447.7,2820.9,3839.9,2896.0,3129.4,8,1,3129.3,107,2,3129.2,86,3,3129.1,174,3,3129.0,276,2,3129.5,186,2,3129.6,200,1,3130.0,2996,8,3130.1,62,2,3130.2,60,1
2031,2026-06-16 11:12:15+05:30,3129.4,75,3130.82,1510945,135169.0,199257.0,3163.0,3163.0,3108.0,3134.3,31887800,3447.7,2820.9,3839.9,2896.0,3129.5,2,2,3129.4,38,3,3129.3,122,3,3129.2,120,3,3129.1,158,2,3129.9,65,1,3130.0,2996,8,3130.3,2,1,3130.5,158,6,3130.6,81,2
2031,2026-06-16 11:12:16+05:30,3129.4,75,3130.82,1510945,135169.0,199257.0,3163.0,3163.0,3108.0,3134.3,31887800,3447.7,2820.9,3839.9,2896.0,3129.5,2,2,3129.4,38,3,3129.3,122,3,3129.2,120,3,3129.1,158,2,3129.9,65,1,3130.0,2996,8,3130.3,2,1,3130.5,158,6,3130.6,81,2
2031,2026-06-16 11:12:16+05:30,3129.4,75,3130.82,1510945,135164.0,200368.0,3163.0,3163.0,3108.0,3134.3,31887800,3447.7,2820.9,3839.9,2896.0,3129.5,2,2,3129.4,38,3,3129.3,122,3,3129.2,80,2,3129.1,158,2,3129.9,65,1,3130.0,2996,8,3130.2,19,1,3130.3,62,2,3130.4,56,2
2031,2026-06-16 11:12:17+05:30,3129.9,1,3130.82,1510945,135164.0,200368.0,3163.0,3163.0,3108.0,3134.3,31887800,3447.7,2820.9,3839.9,2896.0,3129.5,2,2,3129.4,38,3,3129.3,122,3,3129.2,80,2,3129.1,158,2,3129.9,65,1,3130.0,2996,8,3130.2,19,1,3130.3,62,2,3130.4,56,2
2031,2026-06-16 11:12:17+05:30,3129.9,1,3130.82,1510946,135285.0,200662.0,3163.0,3163.0,3108.0,3134.3,31887800,3447.7,2820.9,3839.9,2896.0,3129.5,58,3,3129.4,38,3,3129.3,107,2,3129.2,80,2,3129.1,173,3,3129.9,64,1,3130.0,2996,8,3130.3,62,2,3130.4,44,1,3130.5,364,8
2031,2026-06-16 11:12:18+05:30,3129.3,5,3130.82,1511235,135181.0,200581.0,3163.0,3163.0,3108.0,3134.3,31887800,3447.7,2820.9,3839.9,2896.0,3129.3,15,2,3129.2,80,2,3129.1,158,2,3129.0,285,3,3128.6,31,1,3130.0,3105,11,3130.2,101,3,3130.3,262,3,3130.4,143,5,3130.5,193,6
2031,2026-06-16 11:12:19+05:30,3129.3,5,3130.82,1511235,135181.0,200581.0,3163.0,3163.0,3108.0,3134.3,31887800,3447.7,2820.9,3839.9,2896.0,3129.3,15,2,3129.2,80,2,3129.1,158,2,3129.0,285,3,3128.6,31,1,3130.0,3105,11,3130.2,101,3,3130.3,262,3,3130.4,143,5,3130.5,193,6
2031,2026-06-16 11:12:20+05:30,3130.0,1,3130.82,1511235,135181.0,200581.0,3163.0,3163.0,3108.0,3134.3,31887800,3447.7,2820.9,3839.9,2896.0,3129.3,15,2,3129.2,80,2,3129.1,158,2,3129.0,285,3,3128.6,31,1,3130.0,3105,11,3130.2,101,3,3130.3,262,3,3130.4,143,5,3130.5,193,6
2031,2026-06-16 11:12:20+05:30,3130.0,1,3130.82,1511336,135204.0,201052.0,3163.0,3163.0,3108.0,3134.3,31887800,3447.7,2820.9,3839.9,2896.0,3129.3,34,3,3129.2,80,2,3129.1,158,2,3129.0,285,3,3128.6,71,2,3129.9,21,1,3130.0,3118,11,3130.2,101,3,3130.3,274,4,3130.4,331,5
2031,2026-06-16 11:12:21+05:30,3129.8,5,3130.82,1511341,135300.0,200928.0,3163.0,3163.0,3108.0,3134.3,31887800,3447.7,2820.9,3839.9,2896.0,3129.3,34,3,3129.2,75,1,3129.1,158,2,3129.0,285,3,3128.7,21,1,3129.9,21,1,3130.0,3058,10,3130.2,101,3,3130.3,274,4,3130.4,509,5
2031,2026-06-16 11:12:21+05:30,3129.8,5,3130.82,1511341,135300.0,200928.0,3163.0,3163.0,3108.0,3134.3,31887800,3447.7,2820.9,3839.9,2896.0,3129.3,34,3,3129.2,75,1,3129.1,158,2,3129.0,285,3,3128.7,21,1,3129.9,21,1,3130.0,3058,10,3130.2,101,3,3130.3,274,4,3130.4,509,5
2031,2026-06-16 11:12:22+05:30,3129.3,1,3130.82,1511364,134765.0,201395.0,3163.0,3163.0,3108.0,3134.3,31887800,3447.7,2820.9,3839.9,2896.0,3129.3,30,3,3129.2,75,1,3129.1,158,2,3129.0,285,3,3128.5,20,1,3129.9,14,1,3130.0,3258,11,3130.2,101,3,3130.3,274,4,3130.4,330,5
2031,2026-06-16 11:12:22+05:30,3129.3,1,3130.82,1511364,134765.0,201395.0,3163.0,3163.0,3108.0,3134.3,31887800,3447.7,2820.9,3839.9,2896.0,3129.3,30,3,3129.2,75,1,3129.1,158,2,3129.0,285,3,3128.5,20,1,3129.9,14,1,3130.0,3258,11,3130.2,101,3,3130.3,274,4,3130.4,330,5
2031,2026-06-16 11:12:23+05:30,3129.3,118,3130.82,1511364,134765.0,201395.0,3163.0,3163.0,3108.0,3134.3,31887800,3447.7,2820.9,3839.9,2896.0,3129.3,30,3,3129.2,75,1,3129.1,158,2,3129.0,285,3,3128.5,20,1,3129.9,14,1,3130.0,3258,11,3130.2,101,3,3130.3,274,4,3130.4,330,5
2031,2026-06-16 11:12:23+05:30,3129.3,118,3130.82,1511578,134877.0,201239.0,3163.0,3163.0,3108.0,3134.3,31887800,3447.7,2820.9,3839.9,2896.0,3129.3,12,1,3129.2,75,1,3129.1,158,2,3129.0,285,3,3128.5,20,1,3129.7,28,3,3129.8,67,3,3130.0,3089,11,3130.1,200,1,3130.2,101,3
2031,2026-06-16 11:12:24+05:30,3129.7,1,3130.82,1511578,134877.0,201239.0,3163.0,3163.0,3108.0,3134.3,31887800,3447.7,2820.9,3839.9,2896.0,3129.3,12,1,3129.2,75,1,3129.1,158,2,3129.0,285,3,3128.5,20,1,3129.7,28,3,3129.8,67,3,3130.0,3089,11,3130.1,200,1,3130.2,101,3
2031,2026-06-16 11:12:24+05:30,3129.7,1,3130.82,1511580,135008.0,201471.0,3163.0,3163.0,3108.0,3134.3,31887800,3447.7,2820.9,3839.9,2896.0,3129.3,12,1,3129.2,75,1,3129.1,158,2,3129.0,285,3,3128.5,20,1,3129.6,24,1,3129.7,26,2,3129.8,67,3,3129.9,14,1,3130.0,3349,13
2031,2026-06-16 11:12:25+05:30,3129.6,1,3130.82,1511580,135008.0,201471.0,3163.0,3163.0,3108.0,3134.3,31887800,3447.7,2820.9,3839.9,2896.0,3129.3,12,1,3129.2,75,1,3129.1,158,2,3129.0,285,3,3128.5,20,1,3129.6,24,1,3129.7,26,2,3129.8,67,3,3129.9,14,1,3130.0,3349,13
2031,2026-06-16 11:12:25+05:30,3129.3,3,3130.82,1511589,134945.0,201484.0,3163.0,3163.0,3108.0,3134.3,31887800,3447.7,2820.9,3839.9,2896.0,3129.3,9,1,3129.2,75,1,3129.1,158,2,3129.0,285,3,3128.5,20,1,3129.6,36,2,3129.7,26,2,3129.8,67,3,3129.9,14,1,3130.0,3350,14
2031,2026-06-16 11:12:26+05:30,3129.3,8,3130.82,1511589,134945.0,201484.0,3163.0,3163.0,3108.0,3134.3,31887800,3447.7,2820.9,3839.9,2896.0,3129.3,9,1,3129.2,75,1,3129.1,158,2,3129.0,285,3,3128.5,20,1,3129.6,36,2,3129.7,26,2,3129.8,67,3,3129.9,14,1,3130.0,3350,14
2031,2026-06-16 11:12:26+05:30,3129.3,8,3130.82,1511598,134885.0,201615.0,3163.0,3163.0,3108.0,3134.3,31887800,3447.7,2820.9,3839.9,2896.0,3129.2,75,1,3129.1,158,2,3129.0,285,3,3128.5,20,1,3128.3,49,2,3129.4,18,1,3129.6,80,3,3129.7,9,1,3129.8,286,5,3129.9,14,1
2031,2026-06-16 11:12:27+05:30,3129.4,8,3130.82,1511598,134885.0,201615.0,3163.0,3163.0,3108.0,3134.3,31887800,3447.7,2820.9,3839.9,2896.0,3129.2,75,1,3129.1,158,2,3129.0,285,3,3128.5,20,1,3128.3,49,2,3129.4,18,1,3129.6,80,3,3129.7,9,1,3129.8,286,5,3129.9,14,1
2031,2026-06-16 11:12:27+05:30,3129.4,8,3130.82,1512164,134479.0,202274.0,3163.0,3163.0,3108.0,3134.3,31887800,3447.7,2820.9,3839.9,2896.0,3129.2,19,1,3129.0,245,3,3128.3,20,1,3128.2,74,2,3128.1,56,3,3129.3,63,1,3129.4,4,1,3129.5,10,1,3129.6,61,2,3129.7,203,2
2031,2026-06-16 11:12:28+05:30,3129.2,1,3130.82,1512164,134479.0,202274.0,3163.0,3163.0,3108.0,3134.3,31887800,3447.7,2820.9,3839.9,2896.0,3129.2,19,1,3129.0,245,3,3128.3,20,1,3128.2,74,2,3128.1,56,3,3129.3,63,1,3129.4,4,1,3129.5,10,1,3129.6,61,2,3129.7,203,2
2031,2026-06-16 11:12:28+05:30,3129.2,1,3130.82,1512165,134276.0,202362.0,3163.0,3163.0,3108.0,3134.3,31887800,3447.7,2820.9,3839.9,2896.0,3129.2,18,1,3129.0,245,3,3128.3,20,1,3128.2,74,2,3128.1,56,3,3129.3,164,3,3129.4,4,1,3129.5,65,3,3129.6,18,1,3129.7,203,2
2031,2026-06-16 11:12:29+05:30,3129.2,1,3130.82,1512165,134599.0,202344.0,3163.0,3163.0,3108.0,3134.3,31887800,3447.7,2820.9,3839.9,2896.0,3129.2,18,1,3129.0,245,3,3128.3,20,1,3128.2,74,2,3128.1,56,3,3129.3,164,3,3129.4,43,1,3129.5,22,2,3129.6,69,3,3129.7,203,2
2031,2026-06-16 11:12:30+05:30,3129.1,52,3130.82,1512165,134599.0,202344.0,3163.0,3163.0,3108.0,3134.3,31887800,3447.7,2820.9,3839.9,2896.0,3129.2,18,1,3129.0,245,3,3128.3,20,1,3128.2,74,2,3128.1,56,3,3129.3,164,3,3129.4,43,1,3129.5,22,2,3129.6,69,3,3129.7,203,2
2031,2026-06-16 11:12:30+05:30,3129.1,52,3130.82,1512601,133511.0,202833.0,3163.0,3163.0,3108.0,3134.3,31887800,3447.7,2820.9,3839.9,2896.0,3129.0,65,3,3128.1,37,2,3128.0,14,1,3127.9,125,4,3127.7,72,3,3129.1,152,2,3129.2,14,3,3129.4,263,4,3129.5,234,4,3129.6,105,4
2031,2026-06-16 11:12:31+05:30,3127.5,5,3130.82,1512601,133511.0,202833.0,3163.0,3163.0,3108.0,3134.3,31887800,3447.7,2820.9,3839.9,2896.0,3129.0,65,3,3128.1,37,2,3128.0,14,1,3127.9,125,4,3127.7,72,3,3129.1,152,2,3129.2,14,3,3129.4,263,4,3129.5,234,4,3129.6,105,4
2031,2026-06-16 11:12:31+05:30,3127.0,84,3130.81,1516465,129636.0,205589.0,3163.0,3163.0,3108.0,3134.3,31887800,3447.7,2820.9,3839.9,2896.0,3127.0,286,4,3126.5,124,2,3126.4,2,1,3126.3,73,4,3126.2,63,4,3127.3,195,1,3127.7,91,2,3127.9,61,2,3128.0,489,1,3128.1,12,1
2031,2026-06-16 11:12:32+05:30,3127.0,200,3130.81,1516465,129636.0,205589.0,3163.0,3163.0,3108.0,3134.3,31887800,3447.7,2820.9,3839.9,2896.0,3127.0,286,4,3126.5,124,2,3126.4,2,1,3126.3,73,4,3126.2,63,4,3127.3,195,1,3127.7,91,2,3127.9,61,2,3128.0,489,1,3128.1,12,1
2031,2026-06-16 11:12:32+05:30,3127.0,200,3130.81,1516665,129953.0,205468.0,3163.0,3163.0,3108.0,3134.3,31887800,3447.7,2820.9,3839.9,2896.0,3127.0,86,4,3126.5,17,1,3126.4,2,1,3126.3,73,4,3126.2,32,2,3127.1,45,1,3127.3,195,1,3127.7,120,3,3127.8,12,1,3127.9,80,2
2031,2026-06-16 11:12:33+05:30,3127.0,3,3130.81,1516665,129953.0,205468.0,3163.0,3163.0,3108.0,3134.3,31887800,3447.7,2820.9,3839.9,2896.0,3127.0,86,4,3126.5,17,1,3126.4,2,1,3126.3,73,4,3126.2,32,2,3127.1,45,1,3127.3,195,1,3127.7,120,3,3127.8,12,1,3127.9,80,2
2031,2026-06-16 11:12:33+05:30,3127.0,3,3130.81,1516915,130220.0,203858.0,3163.0,3163.0,3108.0,3134.3,31887800,3447.7,2820.9,3839.9,2896.0,3127.0,56,3,3126.5,17,1,3126.4,2,1,3126.3,73,4,3126.2,32,2,3127.1,46,2,3127.7,182,3,3127.9,188,4,3128.0,720,4,3128.1,166,3
2031,2026-06-16 11:12:34+05:30,3127.0,1,3130.81,1516915,130220.0,203858.0,3163.0,3163.0,3108.0,3134.3,31887800,3447.7,2820.9,3839.9,2896.0,3127.0,56,3,3126.5,17,1,3126.4,2,1,3126.3,73,4,3126.2,32,2,3127.1,46,2,3127.7,182,3,3127.9,188,4,3128.0,720,4,3128.1,166,3
2031,2026-06-16 11:12:34+05:30,3127.0,1,3130.81,1516920,130172.0,206507.0,3163.0,3163.0,3108.0,3134.3,31887800,3447.7,2820.9,3839.9,2896.0,3127.0,58,3,3126.5,17,1,3126.4,2,1,3126.3,104,5,3126.2,1,1,3127.1,46,2,3127.7,90,1,3127.9,188,4,3128.0,520,3,3128.1,257,4
2031,2026-06-16 11:12:35+05:30,3127.0,1,3130.81,1516920,130172.0,206507.0,3163.0,3163.0,3108.0,3134.3,31887800,3447.7,2820.9,3839.9,2896.0,3127.0,58,3,3126.5,17,1,3126.4,2,1,3126.3,104,5,3126.2,1,1,3127.1,46,2,3127.7,90,1,3127.9,188,4,3128.0,520,3,3128.1,257,4
2031,2026-06-16 11:12:35+05:30,3127.0,1,3130.81,1516924,130467.0,206489.0,3163.0,3163.0,3108.0,3134.3,31887800,3447.7,2820.9,3839.9,2896.0,3127.0,60,5,3126.7,31,1,3126.5,17,1,3126.4,47,3,3126.3,180,5,3127.1,46,2,3127.7,90,1,3127.9,193,3,3128.0,489,1,3128.1,60,1
2031,2026-06-16 11:12:36+05:30,3127.1,1,3130.81,1516924,130467.0,206489.0,3163.0,3163.0,3108.0,3134.3,31887800,3447.7,2820.9,3839.9,2896.0,3127.0,60,5,3126.7,31,1,3126.5,17,1,3126.4,47,3,3126.3,180,5,3127.1,46,2,3127.7,90,1,3127.9,193,3,3128.0,489,1,3128.1,60,1
2031,2026-06-16 11:12:36+05:30,3127.1,1,3130.81,1516925,130299.0,206835.0,3163.0,3163.0,3108.0,3134.3,31887800,3447.7,2820.9,3839.9,2896.0,3127.0,125,6,3126.6,18,1,3126.5,48,2,3126.4,2,1,3126.3,34,3,3127.1,59,3,3127.2,91,1,3127.5,200,1,3127.7,90,1,3127.9,114,3
2031,2026-06-16 11:12:37+05:30,3127.0,6,3130.81,1516925,130299.0,206835.0,3163.0,3163.0,3108.0,3134.3,31887800,3447.7,2820.9,3839.9,2896.0,3127.0,125,6,3126.6,18,1,3126.5,48,2,3126.4,2,1,3126.3,34,3,3127.1,59,3,3127.2,91,1,3127.5,200,1,3127.7,90,1,3127.9,114,3
2031,2026-06-16 11:12:37+05:30,3127.0,1,3130.81,1517093,130823.0,206481.0,3163.0,3163.0,3108.0,3134.3,31887800,3447.7,2820.9,3839.9,2896.0,3127.0,135,5,3126.5,17,1,3126.4,2,1,3126.3,52,4,3126.2,32,2,3127.1,46,1,3127.2,200,1,3127.5,200,1,3127.6,200,1,3127.7,150,2
2031,2026-06-16 11:12:38+05:30,3127.0,1,3130.81,1517093,130823.0,206481.0,3163.0,3163.0,3108.0,3134.3,31887800,3447.7,2820.9,3839.9,2896.0,3127.0,135,5,3126.5,17,1,3126.4,2,1,3126.3,52,4,3126.2,32,2,3127.1,46,1,3127.2,200,1,3127.5,200,1,3127.6,200,1,3127.7,150,2
2031,2026-06-16 11:12:38+05:30,3127.1,2,3130.81,1517093,130823.0,206481.0,3163.0,3163.0,3108.0,3134.3,31887800,3447.7,2820.9,3839.9,2896.0,3127.0,135,5,3126.5,17,1,3126.4,2,1,3126.3,52,4,3126.2,32,2,3127.1,46,1,3127.2,200,1,3127.5,200,1,3127.6,200,1,3127.7,150,2
2031,2026-06-16 11:12:38+05:30,3127.1,1,3130.81,1517096,131011.0,206693.0,3163.0,3163.0,3108.0,3134.3,31887800,3447.7,2820.9,3839.9,2896.0,3127.1,16,1,3127.0,117,4,3126.5,17,1,3126.4,2,1,3126.3,71,5,3127.4,200,1,3127.5,200,1,3127.6,200,1,3127.7,150,2,3127.9,72,2
2031,2026-06-16 11:12:39+05:30,3127.1,1,3130.81,1517096,131011.0,206693.0,3163.0,3163.0,3108.0,3134.3,31887800,3447.7,2820.9,3839.9,2896.0,3127.1,16,1,3127.0,117,4,3126.5,17,1,3126.4,2,1,3126.3,71,5,3127.4,200,1,3127.5,200,1,3127.6,200,1,3127.7,150,2,3127.9,72,2
2031,2026-06-16 11:12:39+05:30,3127.1,1,3130.81,1517096,131016.0,207030.0,3163.0,3163.0,3108.0,3134.3,31887800,3447.7,2820.9,3839.9,2896.0,3127.1,16,1,3127.0,117,4,3126.5,17,1,3126.4,2,1,3126.3,34,3,3127.2,201,2,3127.4,48,2,3127.5,200,1,3127.6,219,2,3127.7,175,3
2031,2026-06-16 11:12:39+05:30,3127.1,1,3130.81,1517096,131016.0,207030.0,3163.0,3163.0,3108.0,3134.3,31887800,3447.7,2820.9,3839.9,2896.0,3127.1,16,1,3127.0,117,4,3126.5,17,1,3126.4,2,1,3126.3,34,3,3127.2,201,2,3127.4,48,2,3127.5,200,1,3127.6,219,2,3127.7,175,3
2031,2026-06-16 11:12:40+05:30,3126.2,8,3130.81,1517096,131016.0,207030.0,3163.0,3163.0,3108.0,3134.3,31887800,3447.7,2820.9,3839.9,2896.0,3127.1,16,1,3127.0,117,4,3126.5,17,1,3126.4,2,1,3126.3,34,3,3127.2,201,2,3127.4,48,2,3127.5,200,1,3127.6,219,2,3127.7,175,3
2031,2026-06-16 11:12:40+05:30,3126.2,8,3130.81,1517896,128376.0,209056.0,3163.0,3163.0,3108.0,3134.3,31887800,3447.7,2820.9,3839.9,2896.0,3125.6,11,1,3125.5,31,1,3125.3,22,1,3125.2,180,3,3125.1,51,2,3126.0,79,1,3126.1,40,1,3126.7,200,1,3126.9,14,1,3127.0,74,3
2031,2026-06-16 11:12:41+05:30,3127.0,149,3130.81,1517896,128376.0,209056.0,3163.0,3163.0,3108.0,3134.3,31887800,3447.7,2820.9,3839.9,2896.0,3125.6,11,1,3125.5,31,1,3125.3,22,1,3125.2,180,3,3125.1,51,2,3126.0,79,1,3126.1,40,1,3126.7,200,1,3126.9,14,1,3127.0,74,3
2031,2026-06-16 11:12:41+05:30,3127.0,149,3130.8,1519415,130608.0,206480.0,3163.0,3163.0,3108.0,3134.3,31887800,3447.7,2820.9,3839.9,2896.0,3127.0,268,2,3126.1,66,3,3126.0,92,8,3125.9,20,1,3125.8,80,4,3127.2,47,1,3127.5,21,1,3127.6,225,2,3127.7,175,3,3127.9,93,2
2031,2026-06-16 11:12:41+05:30,3127.0,149,3130.8,1519415,130608.0,206480.0,3163.0,3163.0,3108.0,3134.3,31887800,3447.7,2820.9,3839.9,2896.0,3127.0,268,2,3126.1,66,3,3126.0,92,8,3125.9,20,1,3125.8,80,4,3127.2,47,1,3127.5,21,1,3127.6,225,2,3127.7,175,3,3127.9,93,2
2031,2026-06-16 11:12:42+05:30,3127.0,3,3130.8,1519415,130608.0,206480.0,3163.0,3163.0,3108.0,3134.3,31887800,3447.7,2820.9,3839.9,2896.0,3127.0,268,2,3126.1,66,3,3126.0,92,8,3125.9,20,1,3125.8,80,4,3127.2,47,1,3127.5,21,1,3127.6,225,2,3127.7,175,3,3127.9,93,2
2031,2026-06-16 11:12:42+05:30,3127.0,3,3130.8,1519418,130731.0,206968.0,3163.0,3163.0,3108.0,3134.3,31887800,3447.7,2820.9,3839.9,2896.0,3127.0,226,1,3126.3,52,2,3126.1,58,4,3126.0,116,9,3125.9,101,3,3127.1,17,1,3127.2,247,2,3127.5,221,2,3127.6,225,2,3127.7,175,3
2031,2026-06-16 11:12:43+05:30,3127.1,1,3130.8,1519418,130731.0,206968.0,3163.0,3163.0,3108.0,3134.3,31887800,3447.7,2820.9,3839.9,2896.0,3127.0,226,1,3126.3,52,2,3126.1,58,4,3126.0,116,9,3125.9,101,3,3127.1,17,1,3127.2,247,2,3127.5,221,2,3127.6,225,2,3127.7,175,3
2031,2026-06-16 11:12:43+05:30,3127.1,1,3130.8,1519434,130271.0,206986.0,3163.0,3163.0,3108.0,3134.3,31887800,3447.7,2820.9,3839.9,2896.0,3127.0,1,1,3126.2,33,1,3126.1,31,1,3126.0,85,7,3125.9,139,4,3127.1,16,1,3127.2,247,2,3127.3,12,1,3127.5,281,3,3127.6,244,3
2031,2026-06-16 11:12:43+05:30,3127.1,1,3130.8,1519434,130271.0,206986.0,3163.0,3163.0,3108.0,3134.3,31887800,3447.7,2820.9,3839.9,2896.0,3127.0,1,1,3126.2,33,1,3126.1,31,1,3126.0,85,7,3125.9,139,4,3127.1,16,1,3127.2,247,2,3127.3,12,1,3127.5,281,3,3127.6,244,3
2031,2026-06-16 11:12:44+05:30,3126.9,26,3130.8,1519434,130271.0,206986.0,3163.0,3163.0,3108.0,3134.3,31887800,3447.7,2820.9,3839.9,2896.0,3127.0,1,1,3126.2,33,1,3126.1,31,1,3126.0,85,7,3125.9,139,4,3127.1,16,1,3127.2,247,2,3127.3,12,1,3127.5,281,3,3127.6,244,3
2031,2026-06-16 11:12:44+05:30,3126.9,5,3130.8,1519828,128817.0,207245.0,3163.0,3163.0,3108.0,3134.3,31887800,3447.7,2820.9,3839.9,2896.0,3126.0,12,1,3125.6,6,1,3125.5,21,1,3125.4,184,1,3125.3,137,4,3127.0,17,1,3127.1,216,2,3127.2,162,4,3127.4,410,7,3127.5,367,4
2031,2026-06-16 11:12:45+05:30,3127.0,26,3130.8,1519828,128817.0,207245.0,3163.0,3163.0,3108.0,3134.3,31887800,3447.7,2820.9,3839.9,2896.0,3126.0,12,1,3125.6,6,1,3125.5,21,1,3125.4,184,1,3125.3,137,4,3127.0,17,1,3127.1,216,2,3127.2,162,4,3127.4,410,7,3127.5,367,4
2031,2026-06-16 11:12:45+05:30,3127.0,26,3130.8,1519828,128817.0,207245.0,3163.0,3163.0,3108.0,3134.3,31887800,3447.7,2820.9,3839.9,2896.0,3127.0,1,1,3126.2,14,1,3126.1,83,2,3126.0,110,5,3125.9,85,2,3127.1,92,1,3127.2,83,2,3127.4,342,5,3127.5,308,3,3127.6,25,1
2031,2026-06-16 11:12:45+05:30,3127.0,26,3130.8,1519947,130245.0,207649.0,3163.0,3163.0,3108.0,3134.3,31887800,3447.7,2820.9,3839.9,2896.0,3127.0,1,1,3126.2,14,1,3126.1,83,2,3126.0,110,5,3125.9,85,2,3127.1,92,1,3127.2,83,2,3127.4,342,5,3127.5,308,3,3127.6,25,1
2031,2026-06-16 11:12:46+05:30,3127.1,1,3130.8,1519947,130245.0,207649.0,3163.0,3163.0,3108.0,3134.3,31887800,3447.7,2820.9,3839.9,2896.0,3127.0,1,1,3126.2,14,1,3126.1,83,2,3126.0,110,5,3125.9,85,2,3127.1,92,1,3127.2,83,2,3127.4,342,5,3127.5,308,3,3127.6,25,1
2031,2026-06-16 11:12:46+05:30,3127.0,2,3130.8,1519956,129231.0,207443.0,3163.0,3163.0,3108.0,3134.3,31887800,3447.7,2820.9,3839.9,2896.0,3127.0,10,2,3126.2,14,1,3126.1,68,3,3126.0,86,3,3125.9,22,1,3127.1,7,1,3127.2,147,3,3127.4,78,2,3127.5,260,2,3127.6,225,2
2031,2026-06-16 11:12:46+05:30,3127.0,2,3130.8,1519956,129231.0,207443.0,3163.0,3163.0,3108.0,3134.3,31887800,3447.7,2820.9,3839.9,2896.0,3127.0,10,2,3126.2,14,1,3126.1,68,3,3126.0,86,3,3125.9,22,1,3127.1,7,1,3127.2,147,3,3127.4,78,2,3127.5,260,2,3127.6,225,2
2031,2026-06-16 11:12:47+05:30,3127.0,18,3130.8,1519956,129231.0,207443.0,3163.0,3163.0,3108.0,3134.3,31887800,3447.7,2820.9,3839.9,2896.0,3127.0,10,2,3126.2,14,1,3126.1,68,3,3126.0,86,3,3125.9,22,1,3127.1,7,1,3127.2,147,3,3127.4,78,2,3127.5,260,2,3127.6,225,2
2031,2026-06-16 11:12:47+05:30,3127.0,18,3130.8,1520048,128801.0,207059.0,3163.0,3163.0,3108.0,3134.3,31887800,3447.7,2820.9,3839.9,2896.0,3126.1,17,1,3126.0,18,2,3125.7,20,1,3125.6,66,2,3125.5,21,1,3126.9,7,1,3127.0,149,3,3127.1,41,1,3127.2,79,2,3127.3,212,2
2031,2026-06-16 11:12:48+05:30,3127.4,9,3130.8,1520048,128801.0,207059.0,3163.0,3163.0,3108.0,3134.3,31887800,3447.7,2820.9,3839.9,2896.0,3126.1,17,1,3126.0,18,2,3125.7,20,1,3125.6,66,2,3125.5,21,1,3126.9,7,1,3127.0,149,3,3127.1,41,1,3127.2,79,2,3127.3,212,2
2031,2026-06-16 11:12:48+05:30,3127.0,10,3130.8,1520270,130790.0,206669.0,3163.0,3163.0,3108.0,3134.3,31887800,3447.7,2820.9,3839.9,2896.0,3127.0,133,1,3126.3,37,2,3126.2,10,1,3126.1,75,4,3126.0,75,2,3127.3,200,1,3127.4,208,2,3127.5,221,2,3127.7,204,4,3127.8,52,2
2031,2026-06-16 11:12:48+05:30,3127.0,10,3130.8,1520270,130790.0,206669.0,3163.0,3163.0,3108.0,3134.3,31887800,3447.7,2820.9,3839.9,2896.0,3127.0,133,1,3126.3,37,2,3126.2,10,1,3126.1,75,4,3126.0,75,2,3127.3,200,1,3127.4,208,2,3127.5,221,2,3127.7,204,4,3127.8,52,2
2031,2026-06-16 11:12:49+05:30,3127.1,1,3130.8,1520270,130790.0,206669.0,3163.0,3163.0,3108.0,3134.3,31887800,3447.7,2820.9,3839.9,2896.0,3127.0,133,1,3126.3,37,2,3126.2,10,1,3126.1,75,4,3126.0,75,2,3127.3,200,1,3127.4,208,2,3127.5,221,2,3127.7,204,4,3127.8,52,2
2031,2026-06-16 11:12:49+05:30,3127.1,1,3130.8,1520272,130139.0,207003.0,3163.0,3163.0,3108.0,3134.3,31887800,3447.7,2820.9,3839.9,2896.0,3127.0,8,1,3126.4,20,1,3126.1,20,1,3126.0,26,2,3125.9,81,2,3127.1,4,1,3127.2,220,3,3127.3,78,2,3127.4,27,2,3127.5,316,4
2031,2026-06-16 11:12:49+05:30,3127.1,1,3130.8,1520272,130139.0,207003.0,3163.0,3163.0,3108.0,3134.3,31887800,3447.7,2820.9,3839.9,2896.0,3127.0,8,1,3126.4,20,1,3126.1,20,1,3126.0,26,2,3125.9,81,2,3127.1,4,1,3127.2,220,3,3127.3,78,2,3127.4,27,2,3127.5,316,4
2031,2026-06-16 11:12:50+05:30,3127.2,1,3130.8,1520272,130139.0,207003.0,3163.0,3163.0,3108.0,3134.3,31887800,3447.7,2820.9,3839.9,2896.0,3127.0,8,1,3126.4,20,1,3126.1,20,1,3126.0,26,2,3125.9,81,2,3127.1,4,1,3127.2,220,3,3127.3,78,2,3127.4,27,2,3127.5,316,4
2031,2026-06-16 11:12:50+05:30,3127.0,19,3130.8,1520401,129101.0,207488.0,3163.0,3163.0,3108.0,3134.3,31887800,3447.7,2820.9,3839.9,2896.0,3127.0,20,2,3126.1,20,1,3126.0,43,2,3125.9,21,1,3125.8,14,1,3127.1,206,3,3127.2,1,1,3127.3,42,2,3127.4,248,2,3127.5,308,3
2031,2026-06-16 11:12:50+05:30,3127.0,19,3130.8,1520401,129101.0,207488.0,3163.0,3163.0,3108.0,3134.3,31887800,3447.7,2820.9,3839.9,2896.0,3127.0,20,2,3126.1,20,1,3126.0,43,2,3125.9,21,1,3125.8,14,1,3127.1,206,3,3127.2,1,1,3127.3,42,2,3127.4,248,2,3127.5,308,3
2031,2026-06-16 11:12:51+05:30,3127.0,83,3130.8,1520401,129101.0,207488.0,3163.0,3163.0,3108.0,3134.3,31887800,3447.7,2820.9,3839.9,2896.0,3127.0,20,2,3126.1,20,1,3126.0,43,2,3125.9,21,1,3125.8,14,1,3127.1,206,3,3127.2,1,1,3127.3,42,2,3127.4,248,2,3127.5,308,3
2031,2026-06-16 11:12:51+05:30,3127.0,83,3130.8,1520572,128242.0,207429.0,3163.0,3163.0,3108.0,3134.3,31887800,3447.7,2820.9,3839.9,2896.0,3126.0,12,1,3125.6,6,1,3125.5,81,2,3125.3,111,3,3125.2,19,1,3126.7,31,1,3127.0,365,3,3127.1,23,2,3127.2,110,3,3127.3,293,5
2031,2026-06-16 11:12:51+05:30,3127.0,83,3130.8,1520572,128242.0,207429.0,3163.0,3163.0,3108.0,3134.3,31887800,3447.7,2820.9,3839.9,2896.0,3126.0,12,1,3125.6,6,1,3125.5,81,2,3125.3,111,3,3125.2,19,1,3126.7,31,1,3127.0,365,3,3127.1,23,2,3127.2,110,3,3127.3,293,5
2031,2026-06-16 11:12:52+05:30,3126.8,1,3130.8,1520572,128242.0,207429.0,3163.0,3163.0,3108.0,3134.3,31887800,3447.7,2820.9,3839.9,2896.0,3126.0,12,1,3125.6,6,1,3125.5,81,2,3125.3,111,3,3125.2,19,1,3126.7,31,1,3127.0,365,3,3127.1,23,2,3127.2,110,3,3127.3,293,5
2031,2026-06-16 11:12:52+05:30,3126.8,1,3130.8,1520572,128242.0,207429.0,3163.0,3163.0,3108.0,3134.3,31887800,3447.7,2820.9,3839.9,2896.0,3126.0,12,1,3125.6,6,1,3125.5,81,2,3125.3,111,3,3125.2,19,1,3126.7,31,1,3127.0,365,3,3127.1,23,2,3127.2,110,3,3127.3,293,5
2031,2026-06-16 11:12:52+05:30,3126.8,1,3130.79,1522262,128163.0,208261.0,3163.0,3163.0,3108.0,3134.3,31887800,3447.7,2820.9,3839.9,2896.0,3126.0,23,2,3125.6,6,1,3125.5,81,2,3125.4,19,1,3125.3,80,2,3126.8,193,2,3126.9,50,2,3127.0,249,2,3127.1,94,2,3127.2,129,4
2031,2026-06-16 11:12:52+05:30,3126.8,1,3130.79,1522262,128163.0,208261.0,3163.0,3163.0,3108.0,3134.3,31887800,3447.7,2820.9,3839.9,2896.0,3126.0,23,2,3125.6,6,1,3125.5,81,2,3125.4,19,1,3125.3,80,2,3126.8,193,2,3126.9,50,2,3127.0,249,2,3127.1,94,2,3127.2,129,4
2031,2026-06-16 11:12:53+05:30,3126.0,2,3130.79,1522262,128163.0,208261.0,3163.0,3163.0,3108.0,3134.3,31887800,3447.7,2820.9,3839.9,2896.0,3126.0,23,2,3125.6,6,1,3125.5,81,2,3125.4,19,1,3125.3,80,2,3126.8,193,2,3126.9,50,2,3127.0,249,2,3127.1,94,2,3127.2,129,4
2031,2026-06-16 11:12:53+05:30,3126.0,2,3130.79,1522450,128455.0,206851.0,3163.0,3163.0,3108.0,3134.3,31887800,3447.7,2820.9,3839.9,2896.0,3126.0,17,1,3125.7,22,1,3125.6,6,1,3125.5,100,3,3125.4,20,1,3126.8,78,1,3126.9,200,1,3127.1,94,2,3127.2,61,2,3127.3,491,5
2031,2026-06-16 11:12:53+05:30,3126.0,2,3130.79,1522450,128455.0,206851.0,3163.0,3163.0,3108.0,3134.3,31887800,3447.7,2820.9,3839.9,2896.0,3126.0,17,1,3125.7,22,1,3125.6,6,1,3125.5,100,3,3125.4,20,1,3126.8,78,1,3126.9,200,1,3127.1,94,2,3127.2,61,2,3127.3,491,5
2031,2026-06-16 11:12:54+05:30,3126.0,1,3130.79,1522450,128455.0,206851.0,3163.0,3163.0,3108.0,3134.3,31887800,3447.7,2820.9,3839.9,2896.0,3126.0,17,1,3125.7,22,1,3125.6,6,1,3125.5,100,3,3125.4,20,1,3126.8,78,1,3126.9,200,1,3127.1,94,2,3127.2,61,2,3127.3,491,5
2031,2026-06-16 11:12:54+05:30,3126.0,1,3130.79,1522451,128537.0,207388.0,3163.0,3163.0,3108.0,3134.3,31887800,3447.7,2820.9,3839.9,2896.0,3126.0,16,1,3125.6,6,1,3125.5,81,2,3125.4,20,1,3125.3,100,3,3126.7,21,1,3126.8,278,2,3127.0,12,2,3127.1,313,4,3127.2,310,4
2031,2026-06-16 11:12:54+05:30,3126.0,1,3130.79,1522451,128537.0,207388.0,3163.0,3163.0,3108.0,3134.3,31887800,3447.7,2820.9,3839.9,2896.0,3126.0,16,1,3125.6,6,1,3125.5,81,2,3125.4,20,1,3125.3,100,3,3126.7,21,1,3126.8,278,2,3127.0,12,2,3127.1,313,4,3127.2,310,4
2031,2026-06-16 11:12:55+05:30,3126.0,1,3130.79,1522451,128537.0,207388.0,3163.0,3163.0,3108.0,3134.3,31887800,3447.7,2820.9,3839.9,2896.0,3126.0,16,1,3125.6,6,1,3125.5,81,2,3125.4,20,1,3125.3,100,3,3126.7,21,1,3126.8,278,2,3127.0,12,2,3127.1,313,4,3127.2,310,4
2031,2026-06-16 11:12:55+05:30,3126.0,1,3130.79,1522451,128471.0,207672.0,3163.0,3163.0,3108.0,3134.3,31887800,3447.7,2820.9,3839.9,2896.0,3126.0,17,2,3125.6,6,1,3125.5,81,2,3125.4,20,1,3125.3,100,3,3126.5,21,1,3126.6,200,1,3126.7,16,2,3126.8,97,2,3126.9,237,2
2031,2026-06-16 11:12:56+05:30,3126.5,1,3130.79,1522451,128471.0,207672.0,3163.0,3163.0,3108.0,3134.3,31887800,3447.7,2820.9,3839.9,2896.0,3126.0,17,2,3125.6,6,1,3125.5,81,2,3125.4,20,1,3125.3,100,3,3126.5,21,1,3126.6,200,1,3126.7,16,2,3126.8,97,2,3126.9,237,2
2031,2026-06-16 11:12:56+05:30,3126.5,1,3130.79,1522451,128471.0,207672.0,3163.0,3163.0,3108.0,3134.3,31890400,3447.7,2820.9,3839.9,2896.0,3126.0,17,2,3125.6,6,1,3125.5,81,2,3125.4,20,1,3125.3,100,3,3126.5,21,1,3126.6,200,1,3126.7,16,2,3126.8,97,2,3126.9,237,2
2031,2026-06-16 11:12:56+05:30,3126.0,3,3130.79,1522472,127733.0,208358.0,3163.0,3163.0,3108.0,3134.3,31890400,3447.7,2820.9,3839.9,2896.0,3126.0,16,1,3125.6,6,1,3125.3,40,2,3125.1,35,2,3125.0,1329,11,3126.2,13,1,3126.3,268,5,3126.4,27,2,3126.5,27,2,3126.6,269,3
2031,2026-06-16 11:12:57+05:30,3126.2,1,3130.79,1522472,127733.0,208358.0,3163.0,3163.0,3108.0,3134.3,31890400,3447.7,2820.9,3839.9,2896.0,3126.0,16,1,3125.6,6,1,3125.3,40,2,3125.1,35,2,3125.0,1329,11,3126.2,13,1,3126.3,268,5,3126.4,27,2,3126.5,27,2,3126.6,269,3
2031,2026-06-16 11:12:57+05:30,3126.2,1,3130.79,1522476,127733.0,208487.0,3163.0,3163.0,3108.0,3134.3,31890400,3447.7,2820.9,3839.9,2896.0,3126.0,13,1,3125.6,6,1,3125.3,40,2,3125.1,35,2,3125.0,1329,11,3126.1,2,1,3126.2,48,4,3126.3,244,4,3126.4,22,1,3126.5,14,1
2031,2026-06-16 11:12:58+05:30,3126.0,1,3130.79,1522476,127733.0,208487.0,3163.0,3163.0,3108.0,3134.3,31890400,3447.7,2820.9,3839.9,2896.0,3126.0,13,1,3125.6,6,1,3125.3,40,2,3125.1,35,2,3125.0,1329,11,3126.1,2,1,3126.2,48,4,3126.3,244,4,3126.4,22,1,3126.5,14,1
2031,2026-06-16 11:12:58+05:30,3126.0,1,3130.79,1522480,128191.0,208288.0,3163.0,3163.0,3108.0,3134.3,31890400,3447.7,2820.9,3839.9,2896.0,3126.0,27,2,3125.6,17,2,3125.3,40,2,3125.1,219,3,3125.0,1269,10,3126.1,22,4,3126.2,23,2,3126.3,225,3,3126.4,22,1,3126.5,14,1
2031,2026-06-16 11:12:59+05:30,3126.0,2,3130.79,1522480,128191.0,208288.0,3163.0,3163.0,3108.0,3134.3,31890400,3447.7,2820.9,3839.9,2896.0,3126.0,27,2,3125.6,17,2,3125.3,40,2,3125.1,219,3,3125.0,1269,10,3126.1,22,4,3126.2,23,2,3126.3,225,3,3126.4,22,1,3126.5,14,1
2031,2026-06-16 11:12:59+05:30,3126.1,1,3130.79,1522485,128413.0,208515.0,3163.0,3163.0,3108.0,3134.3,31890400,3447.7,2820.9,3839.9,2896.0,3126.1,14,1,3125.6,17,2,3125.3,40,2,3125.1,219,3,3125.0,1337,12,3126.2,4,1,3126.3,260,3,3126.5,14,1,3126.6,248,2,3126.7,325,6
2031,2026-06-16 11:13:00+05:30,3126.1,1,3130.79,1522485,128413.0,208515.0,3163.0,3163.0,3108.0,3134.3,31890400,3447.7,2820.9,3839.9,2896.0,3126.1,14,1,3125.6,17,2,3125.3,40,2,3125.1,219,3,3125.0,1337,12,3126.2,4,1,3126.3,260,3,3126.5,14,1,3126.6,248,2,3126.7,325,6
2031,2026-06-16 11:13:00+05:30,3126.1,26,3130.79,1522763,128207.0,210171.0,3163.0,3163.0,3108.0,3134.3,31890400,3447.7,2820.9,3839.9,2896.0,3125.6,11,1,3125.1,250,3,3125.0,1329,11,3124.9,21,1,3124.8,17,1,3126.1,162,1,3126.2,5,2,3126.3,47,1,3126.4,200,1,3126.5,14,1
2031,2026-06-16 11:13:01+05:30,3126.0,26,3130.79,1522763,128207.0,210171.0,3163.0,3163.0,3108.0,3134.3,31890400,3447.7,2820.9,3839.9,2896.0,3125.6,11,1,3125.1,250,3,3125.0,1329,11,3124.9,21,1,3124.8,17,1,3126.1,162,1,3126.2,5,2,3126.3,47,1,3126.4,200,1,3126.5,14,1
2031,2026-06-16 11:13:01+05:30,3126.0,26,3130.79,1522837,128041.0,210169.0,3163.0,3163.0,3108.0,3134.3,31890400,3447.7,2820.9,3839.9,2896.0,3125.6,11,1,3125.1,210,2,3125.0,1329,11,3124.9,71,2,3124.8,17,1,3126.0,9,1,3126.1,162,1,3126.2,1,1,3126.3,47,1,3126.4,200,1
2031,2026-06-16 11:13:02+05:30,3126.1,1,3130.79,1522837,128041.0,210169.0,3163.0,3163.0,3108.0,3134.3,31890400,3447.7,2820.9,3839.9,2896.0,3125.6,11,1,3125.1,210,2,3125.0,1329,11,3124.9,71,2,3124.8,17,1,3126.0,9,1,3126.1,162,1,3126.2,1,1,3126.3,47,1,3126.4,200,1
2031,2026-06-16 11:13:02+05:30,3126.0,36,3130.79,1522902,128911.0,207424.0,3163.0,3163.0,3108.0,3134.3,31890400,3447.7,2820.9,3839.9,2896.0,3126.1,1,1,3126.0,873,3,3125.8,30,2,3125.7,52,2,3125.6,37,3,3126.2,1,1,3126.3,161,1,3126.6,200,1,3126.7,200,1,3126.8,78,1
2031,2026-06-16 11:13:03+05:30,3126.1,1,3130.79,1522902,128911.0,207424.0,3163.0,3163.0,3108.0,3134.3,31890400,3447.7,2820.9,3839.9,2896.0,3126.1,1,1,3126.0,873,3,3125.8,30,2,3125.7,52,2,3125.6,37,3,3126.2,1,1,3126.3,161,1,3126.6,200,1,3126.7,200,1,3126.8,78,1
2031,2026-06-16 11:13:03+05:30,3126.1,1,3130.79,1522903,129099.0,209096.0,3163.0,3163.0,3108.0,3134.3,31890400,3447.7,2820.9,3839.9,2896.0,3126.0,873,3,3125.8,19,1,3125.7,52,2,3125.6,37,3,3125.5,89,3,3126.1,6,1,3126.2,2,2,3126.3,161,1,3126.6,200,1,3126.7,200,1
2031,2026-06-16 11:13:04+05:30,3126.0,3,3130.79,1522903,129099.0,209096.0,3163.0,3163.0,3108.0,3134.3,31890400,3447.7,2820.9,3839.9,2896.0,3126.0,873,3,3125.8,19,1,3125.7,52,2,3125.6,37,3,3125.5,89,3,3126.1,6,1,3126.2,2,2,3126.3,161,1,3126.6,200,1,3126.7,200,1
2031,2026-06-16 11:13:04+05:30,3126.0,1,3130.79,1523753,128249.0,208559.0,3163.0,3163.0,3108.0,3134.3,31890400,3447.7,2820.9,3839.9,2896.0,3126.0,5,1,3125.6,21,2,3125.4,60,1,3125.3,10,1,3125.2,105,4,3126.1,7,2,3126.2,2,2,3126.7,200,1,3126.8,78,1,3126.9,200,1
2031,2026-06-16 11:13:05+05:30,3126.0,1,3130.79,1523753,128249.0,208559.0,3163.0,3163.0,3108.0,3134.3,31890400,3447.7,2820.9,3839.9,2896.0,3126.0,5,1,3125.6,21,2,3125.4,60,1,3125.3,10,1,3125.2,105,4,3126.1,7,2,3126.2,2,2,3126.7,200,1,3126.8,78,1,3126.9,200,1
2031,2026-06-16 11:13:05+05:30,3126.0,11,3130.79,1523786,128023.0,209299.0,3163.0,3163.0,3108.0,3134.3,31890400,3447.7,2820.9,3839.9,2896.0,3126.0,115,1,3125.6,19,2,3125.3,19,1,3125.2,10,1,3125.1,36,2,3126.1,7,2,3126.2,2,2,3126.4,200,1,3126.7,260,2,3126.8,200,1
2031,2026-06-16 11:13:06+05:30,3126.0,11,3130.79,1523786,128023.0,209299.0,3163.0,3163.0,3108.0,3134.3,31890400,3447.7,2820.9,3839.9,2896.0,3126.0,115,1,3125.6,19,2,3125.3,19,1,3125.2,10,1,3125.1,36,2,3126.1,7,2,3126.2,2,2,3126.4,200,1,3126.7,260,2,3126.8,200,1
2031,2026-06-16 11:13:06+05:30,3126.0,2,3130.79,1523788,128259.0,209316.0,3163.0,3163.0,3108.0,3134.3,31890400,3447.7,2820.9,3839.9,2896.0,3126.0,130,2,3125.6,2,1,3125.3,19,1,3125.2,10,1,3125.1,274,4,3126.1,8,3,3126.2,1,1,3126.4,200,1,3126.7,260,2,3126.8,200,1
2031,2026-06-16 11:13:07+05:30,3126.0,2,3130.79,1523788,128259.0,209316.0,3163.0,3163.0,3108.0,3134.3,31890400,3447.7,2820.9,3839.9,2896.0,3126.0,130,2,3125.6,2,1,3125.3,19,1,3125.2,10,1,3125.1,274,4,3126.1,8,3,3126.2,1,1,3126.4,200,1,3126.7,260,2,3126.8,200,1
2031,2026-06-16 11:13:07+05:30,3126.0,2,3130.79,1523791,128260.0,209306.0,3163.0,3163.0,3108.0,3134.3,31890400,3447.7,2820.9,3839.9,2896.0,3126.0,111,1,3125.8,20,1,3125.6,2,1,3125.3,19,1,3125.2,10,1,3126.1,7,3,3126.2,1,1,3126.4,200,1,3126.7,260,2,3126.8,245,2
2031,2026-06-16 11:13:08+05:30,3126.4,42,3130.79,1523791,128260.0,209306.0,3163.0,3163.0,3108.0,3134.3,31890400,3447.7,2820.9,3839.9,2896.0,3126.0,111,1,3125.8,20,1,3125.6,2,1,3125.3,19,1,3125.2,10,1,3126.1,7,3,3126.2,1,1,3126.4,200,1,3126.7,260,2,3126.8,245,2
2031,2026-06-16 11:13:08+05:30,3126.1,2,3130.79,1523843,128761.0,208491.0,3163.0,3163.0,3108.0,3134.3,31890400,3447.7,2820.9,3839.9,2896.0,3126.1,16,1,3126.0,111,1,3125.6,2,1,3125.3,40,2,3125.2,24,2,3126.3,6,1,3126.4,158,1,3126.7,200,1,3126.8,245,2,3126.9,50,1
2031,2026-06-16 11:13:09+05:30,3126.3,1,3130.79,1523843,128761.0,208491.0,3163.0,3163.0,3108.0,3134.3,31890400,3447.7,2820.9,3839.9,2896.0,3126.1,16,1,3126.0,111,1,3125.6,2,1,3125.3,40,2,3125.2,24,2,3126.3,6,1,3126.4,158,1,3126.7,200,1,3126.8,245,2,3126.9,50,1
2031,2026-06-16 11:13:09+05:30,3126.3,1,3130.79,1523854,128803.0,209071.0,3163.0,3163.0,3108.0,3134.3,31890400,3447.7,2820.9,3839.9,2896.0,3126.3,7,1,3126.0,111,1,3125.6,2,1,3125.5,20,1,3125.3,40,2,3126.6,158,1,3126.7,262,3,3126.8,200,1,3126.9,75,2,3127.0,130,3
2031,2026-06-16 11:13:10+05:30,3126.4,17,3130.79,1523854,128803.0,209071.0,3163.0,3163.0,3108.0,3134.3,31890400,3447.7,2820.9,3839.9,2896.0,3126.3,7,1,3126.0,111,1,3125.6,2,1,3125.5,20,1,3125.3,40,2,3126.6,158,1,3126.7,262,3,3126.8,200,1,3126.9,75,2,3127.0,130,3
2031,2026-06-16 11:13:10+05:30,3126.4,2,3130.79,1523874,129030.0,208927.0,3163.0,3163.0,3108.0,3134.3,31890400,3447.7,2820.9,3839.9,2896.0,3126.4,14,1,3126.0,111,1,3125.6,2,1,3125.5,21,1,3125.3,40,2,3126.5,158,1,3126.6,62,2,3126.7,217,2,3126.8,244,2,3126.9,25,1
2031,2026-06-16 11:13:11+05:30,3126.4,2,3130.79,1523874,129030.0,208927.0,3163.0,3163.0,3108.0,3134.3,31890400,3447.7,2820.9,3839.9,2896.0,3126.4,14,1,3126.0,111,1,3125.6,2,1,3125.5,21,1,3125.3,40,2,3126.5,158,1,3126.6,62,2,3126.7,217,2,3126.8,244,2,3126.9,25,1
2031,2026-06-16 11:13:11+05:30,3126.5,1,3130.79,1523879,129015.0,208713.0,3163.0,3163.0,3108.0,3134.3,31890400,3447.7,2820.9,3839.9,2896.0,3126.5,18,1,3126.0,128,2,3125.6,2,1,3125.5,66,3,3125.4,60,1,3126.6,32,3,3126.7,201,2,3126.8,13,1,3127.0,347,5,3127.1,246,2
2031,2026-06-16 11:13:12+05:30,3126.5,1,3130.79,1523879,129015.0,208713.0,3163.0,3163.0,3108.0,3134.3,31890400,3447.7,2820.9,3839.9,2896.0,3126.5,18,1,3126.0,128,2,3125.6,2,1,3125.5,66,3,3125.4,60,1,3126.6,32,3,3126.7,201,2,3126.8,13,1,3127.0,347,5,3127.1,246,2
2031,2026-06-16 11:13:12+05:30,3126.6,1,3130.79,1523880,129515.0,208665.0,3163.0,3163.0,3108.0,3134.3,31890400,3447.7,2820.9,3839.9,2896.0,3126.5,18,1,3126.0,128,2,3125.6,2,1,3125.5,114,4,3125.4,60,1,3126.6,31,3,3126.7,201,2,3126.8,13,1,3127.0,347,5,3127.1,246,2
2031,2026-06-16 11:13:13+05:30,3126.6,1,3130.79,1523880,129515.0,208665.0,3163.0,3163.0,3108.0,3134.3,31890400,3447.7,2820.9,3839.9,2896.0,3126.5,18,1,3126.0,128,2,3125.6,2,1,3125.5,114,4,3125.4,60,1,3126.6,31,3,3126.7,201,2,3126.8,13,1,3127.0,347,5,3127.1,246,2
2031,2026-06-16 11:13:13+05:30,3126.0,17,3130.79,1524080,129265.0,208186.0,3163.0,3163.0,3108.0,3134.3,31890400,3447.7,2820.9,3839.9,2896.0,3126.0,111,2,3125.6,12,2,3125.3,69,2,3125.1,224,4,3125.0,1300,11,3126.4,22,1,3126.5,171,2,3126.6,36,5,3126.7,62,2,3126.8,213,2
2031,2026-06-16 11:13:14+05:30,3126.0,17,3130.79,1524080,129265.0,208186.0,3163.0,3163.0,3108.0,3134.3,31890400,3447.7,2820.9,3839.9,2896.0,3126.0,111,2,3125.6,12,2,3125.3,69,2,3125.1,224,4,3125.0,1300,11,3126.4,22,1,3126.5,171,2,3126.6,36,5,3126.7,62,2,3126.8,213,2
2031,2026-06-16 11:13:15+05:30,3126.0,17,3130.79,1524080,129113.0,208343.0,3163.0,3163.0,3108.0,3134.3,31890400,3447.7,2820.9,3839.9,2896.0,3126.0,112,3,3125.6,12,2,3125.3,69,2,3125.1,224,4,3125.0,1300,11,3126.4,22,1,3126.5,171,2,3126.6,36,5,3126.7,62,2,3126.8,213,2
2031,2026-06-16 11:13:16+05:30,3126.4,1,3130.79,1524081,129060.0,207927.0,3163.0,3163.0,3108.0,3134.3,31890400,3447.7,2820.9,3839.9,2896.0,3126.2,2,2,3126.0,113,4,3125.9,10,1,3125.8,19,1,3125.6,83,5,3126.4,76,3,3126.6,1,1,3126.7,158,1,3127.0,225,2,3127.1,210,2
2031,2026-06-16 11:13:16+05:30,3126.4,1,3130.79,1524081,129060.0,207927.0,3163.0,3163.0,3108.0,3134.3,31890400,3447.7,2820.9,3839.9,2896.0,3126.2,2,2,3126.0,113,4,3125.9,10,1,3125.8,19,1,3125.6,83,5,3126.4,76,3,3126.6,1,1,3126.7,158,1,3127.0,225,2,3127.1,210,2
2031,2026-06-16 11:13:17+05:30,3126.4,1,3130.79,1524081,129060.0,207927.0,3163.0,3163.0,3108.0,3134.3,31890400,3447.7,2820.9,3839.9,2896.0,3126.2,2,2,3126.0,113,4,3125.9,10,1,3125.8,19,1,3125.6,83,5,3126.4,76,3,3126.6,1,1,3126.7,158,1,3127.0,225,2,3127.1,210,2
2031,2026-06-16 11:13:17+05:30,3126.4,1,3130.79,1524108,129048.0,208484.0,3163.0,3163.0,3108.0,3134.3,31890400,3447.7,2820.9,3839.9,2896.0,3126.3,18,1,3126.0,96,3,3125.6,62,4,3125.5,128,4,3125.4,106,3,3126.4,91,4,3126.6,1,1,3126.7,158,1,3127.0,225,2,3127.1,258,3
2031,2026-06-16 11:13:18+05:30,3126.4,1,3130.79,1524108,129048.0,208484.0,3163.0,3163.0,3108.0,3134.3,31890400,3447.7,2820.9,3839.9,2896.0,3126.3,18,1,3126.0,96,3,3125.6,62,4,3125.5,128,4,3125.4,106,3,3126.4,91,4,3126.6,1,1,3126.7,158,1,3127.0,225,2,3127.1,258,3
2031,2026-06-16 11:13:18+05:30,3126.4,1,3130.79,1524111,129035.0,208435.0,3163.0,3163.0,3108.0,3134.3,31890400,3447.7,2820.9,3839.9,2896.0,3126.3,16,1,3126.0,96,3,3125.6,62,4,3125.5,128,4,3125.4,106,3,3126.4,90,4,3126.6,1,1,3126.7,158,1,3127.0,267,3,3127.1,210,2
2031,2026-06-16 11:13:19+05:30,3126.5,33,3130.79,1524111,129035.0,208435.0,3163.0,3163.0,3108.0,3134.3,31890400,3447.7,2820.9,3839.9,2896.0,3126.3,16,1,3126.0,96,3,3125.6,62,4,3125.5,128,4,3125.4,106,3,3126.4,90,4,3126.6,1,1,3126.7,158,1,3127.0,267,3,3127.1,210,2
2031,2026-06-16 11:13:19+05:30,3126.5,33,3130.79,1524442,130587.0,208364.0,3163.0,3163.0,3108.0,3134.3,31890400,3447.7,2820.9,3839.9,2896.0,3126.5,649,3,3126.3,16,1,3126.1,21,1,3126.0,156,4,3125.9,19,1,3126.6,41,2,3126.7,158,1,3127.0,225,2,3127.1,210,2,3127.3,48,1
2031,2026-06-16 11:13:20+05:30,3126.6,1,3130.79,1524442,130587.0,208364.0,3163.0,3163.0,3108.0,3134.3,31890400,3447.7,2820.9,3839.9,2896.0,3126.5,649,3,3126.3,16,1,3126.1,21,1,3126.0,156,4,3125.9,19,1,3126.6,41,2,3126.7,158,1,3127.0,225,2,3127.1,210,2,3127.3,48,1
2031,2026-06-16 11:13:20+05:30,3126.6,1,3130.79,1524484,130959.0,208152.0,3163.0,3163.0,3108.0,3134.3,31890400,3447.7,2820.9,3839.9,2896.0,3126.5,670,4,3126.4,21,2,3126.1,21,1,3126.0,155,3,3125.9,19,1,3126.6,7,1,3126.7,158,1,3127.0,225,2,3127.1,210,2,3127.3,48,1
2031,2026-06-16 11:13:21+05:30,3126.7,158,3130.79,1524484,130959.0,208152.0,3163.0,3163.0,3108.0,3134.3,31890400,3447.7,2820.9,3839.9,2896.0,3126.5,670,4,3126.4,21,2,3126.1,21,1,3126.0,155,3,3125.9,19,1,3126.6,7,1,3126.7,158,1,3127.0,225,2,3127.1,210,2,3127.3,48,1
2031,2026-06-16 11:13:21+05:30,3126.7,158,3130.79,1524649,131040.0,207750.0,3163.0,3163.0,3108.0,3134.3,31890400,3447.7,2820.9,3839.9,2896.0,3126.5,670,4,3126.4,3,1,3126.2,22,1,3126.1,45,2,3126.0,155,3,3126.9,18,1,3127.0,225,2,3127.1,210,2,3127.5,14,1,3127.6,45,2
2031,2026-06-16 11:13:22+05:30,3126.5,200,3130.79,1524649,131040.0,207750.0,3163.0,3163.0,3108.0,3134.3,31890400,3447.7,2820.9,3839.9,2896.0,3126.5,670,4,3126.4,3,1,3126.2,22,1,3126.1,45,2,3126.0,155,3,3126.9,18,1,3127.0,225,2,3127.1,210,2,3127.5,14,1,3127.6,45,2
2031,2026-06-16 11:13:22+05:30,3126.6,1,3130.79,1525068,129784.0,208226.0,3163.0,3163.0,3108.0,3134.3,31890400,3447.7,2820.9,3839.9,2896.0,3126.5,252,4,3126.4,20,2,3126.0,95,2,3125.7,20,1,3125.6,57,4,3126.6,21,1,3126.7,203,2,3126.9,39,1,3127.0,225,2,3127.1,210,2
2031,2026-06-16 11:13:23+05:30,3126.5,25,3130.79,1525068,129784.0,208226.0,3163.0,3163.0,3108.0,3134.3,31890400,3447.7,2820.9,3839.9,2896.0,3126.5,252,4,3126.4,20,2,3126.0,95,2,3125.7,20,1,3125.6,57,4,3126.6,21,1,3126.7,203,2,3126.9,39,1,3127.0,225,2,3127.1,210,2
2031,2026-06-16 11:13:23+05:30,3126.6,1,3130.79,1525094,130655.0,208190.0,3163.0,3163.0,3108.0,3134.3,31890400,3447.7,2820.9,3839.9,2896.0,3126.5,227,4,3126.4,20,2,3126.3,19,1,3126.0,114,3,3125.8,110,3,3126.6,20,1,3126.7,200,1,3126.9,39,1,3127.0,225,2,3127.1,210,2
2031,2026-06-16 11:13:24+05:30,3126.5,3,3130.79,1525094,130655.0,208190.0,3163.0,3163.0,3108.0,3134.3,31890400,3447.7,2820.9,3839.9,2896.0,3126.5,227,4,3126.4,20,2,3126.3,19,1,3126.0,114,3,3125.8,110,3,3126.6,20,1,3126.7,200,1,3126.9,39,1,3127.0,225,2,3127.1,210,2
2031,2026-06-16 11:13:24+05:30,3126.6,20,3130.79,1525121,130812.0,208606.0,3163.0,3163.0,3108.0,3134.3,31890400,3447.7,2820.9,3839.9,2896.0,3126.6,20,1,3126.5,220,4,3126.4,3,1,3126.3,19,1,3126.0,174,4,3126.8,200,1,3126.9,39,1,3127.0,225,2,3127.1,210,2,3127.4,46,2
2031,2026-06-16 11:13:25+05:30,3126.5,24,3130.79,1525121,130812.0,208606.0,3163.0,3163.0,3108.0,3134.3,31890400,3447.7,2820.9,3839.9,2896.0,3126.6,20,1,3126.5,220,4,3126.4,3,1,3126.3,19,1,3126.0,174,4,3126.8,200,1,3126.9,39,1,3127.0,225,2,3127.1,210,2,3127.4,46,2
2031,2026-06-16 11:13:25+05:30,3126.6,10,3130.79,1525355,130773.0,208469.0,3163.0,3163.0,3108.0,3134.3,31890400,3447.7,2820.9,3839.9,2896.0,3126.5,172,4,3126.4,3,1,3126.0,113,2,3125.9,73,2,3125.8,79,2,3126.6,40,1,3126.7,200,1,3126.8,1,1,3126.9,39,1,3127.0,225,2
2031,2026-06-16 11:13:26+05:30,3126.5,2,3130.79,1525355,130773.0,208469.0,3163.0,3163.0,3108.0,3134.3,31890400,3447.7,2820.9,3839.9,2896.0,3126.5,172,4,3126.4,3,1,3126.0,113,2,3125.9,73,2,3125.8,79,2,3126.6,40,1,3126.7,200,1,3126.8,1,1,3126.9,39,1,3127.0,225,2
2031,2026-06-16 11:13:26+05:30,3126.5,2,3130.79,1525361,130913.0,206881.0,3163.0,3163.0,3108.0,3134.3,31890400,3447.7,2820.9,3839.9,2896.0,3126.5,166,4,3126.4,3,1,3126.0,113,2,3125.9,73,2,3125.8,79,2,3126.6,41,2,3126.7,200,1,3126.9,39,1,3127.0,225,2,3127.1,210,2
2031,2026-06-16 11:13:27+05:30,3126.5,1,3130.79,1525361,130913.0,206881.0,3163.0,3163.0,3108.0,3134.3,31890400,3447.7,2820.9,3839.9,2896.0,3126.5,166,4,3126.4,3,1,3126.0,113,2,3125.9,73,2,3125.8,79,2,3126.6,41,2,3126.7,200,1,3126.9,39,1,3127.0,225,2,3127.1,210,2
2031,2026-06-16 11:13:27+05:30,3126.5,1,3130.79,1525362,131020.0,208701.0,3163.0,3163.0,3108.0,3134.3,31890400,3447.7,2820.9,3839.9,2896.0,3126.5,165,4,3126.4,17,2,3126.0,94,1,3125.9,73,2,3125.8,79,2,3126.6,41,2,3126.7,200,1,3126.9,39,1,3127.0,225,2,3127.1,210,2
2031,2026-06-16 11:13:29+05:30,3126.6,1,3130.79,1525365,131092.0,206888.0,3163.0,3163.0,3108.0,3134.3,31890400,3447.7,2820.9,3839.9,2896.0,3126.5,165,4,3126.4,89,4,3126.0,94,1,3125.9,73,2,3125.8,79,2,3126.6,38,2,3126.7,200,1,3126.9,39,1,3127.0,225,2,3127.1,210,2
2031,2026-06-16 11:13:29+05:30,3126.6,1,3130.79,1525365,131092.0,206888.0,3163.0,3163.0,3108.0,3134.3,31890400,3447.7,2820.9,3839.9,2896.0,3126.5,165,4,3126.4,89,4,3126.0,94,1,3125.9,73,2,3125.8,79,2,3126.6,38,2,3126.7,200,1,3126.9,39,1,3127.0,225,2,3127.1,210,2
2031,2026-06-16 11:13:30+05:30,3126.6,1,3130.79,1525365,131097.0,208927.0,3163.0,3163.0,3108.0,3134.3,31890400,3447.7,2820.9,3839.9,2896.0,3126.5,170,5,3126.4,89,4,3126.0,113,2,3125.9,73,2,3125.8,79,2,3126.6,64,4,3126.7,200,1,3126.9,39,1,3127.0,225,2,3127.1,210,2
2031,2026-06-16 11:13:31+05:30,3126.5,1,3130.79,1525365,131097.0,208927.0,3163.0,3163.0,3108.0,3134.3,31890400,3447.7,2820.9,3839.9,2896.0,3126.5,170,5,3126.4,89,4,3126.0,113,2,3125.9,73,2,3125.8,79,2,3126.6,64,4,3126.7,200,1,3126.9,39,1,3127.0,225,2,3127.1,210,2
2031,2026-06-16 11:13:31+05:30,3126.5,1,3130.79,1525373,131121.0,208709.0,3163.0,3163.0,3108.0,3134.3,31890400,3447.7,2820.9,3839.9,2896.0,3126.5,167,6,3126.4,89,4,3126.0,113,2,3125.9,31,1,3125.8,124,3,3126.6,60,4,3126.7,200,1,3126.9,39,1,3127.0,225,2,3127.1,210,2
2031,2026-06-16 11:13:32+05:30,3126.5,104,3130.79,1525373,131121.0,208709.0,3163.0,3163.0,3108.0,3134.3,31890400,3447.7,2820.9,3839.9,2896.0,3126.5,167,6,3126.4,89,4,3126.0,113,2,3125.9,31,1,3125.8,124,3,3126.6,60,4,3126.7,200,1,3126.9,39,1,3127.0,225,2,3127.1,210,2
2031,2026-06-16 11:13:32+05:30,3126.5,104,3130.78,1525672,130066.0,206708.0,3163.0,3163.0,3108.0,3134.3,31890400,3447.7,2820.9,3839.9,2896.0,3126.5,63,6,3126.4,72,3,3126.0,94,1,3125.7,34,2,3125.6,62,4,3126.7,213,2,3126.8,3,1,3126.9,39,1,3127.0,246,3,3127.1,210,2
2031,2026-06-16 11:13:33+05:30,3126.5,1,3130.78,1525672,130066.0,206708.0,3163.0,3163.0,3108.0,3134.3,31890400,3447.7,2820.9,3839.9,2896.0,3126.5,63,6,3126.4,72,3,3126.0,94,1,3125.7,34,2,3125.6,62,4,3126.7,213,2,3126.8,3,1,3126.9,39,1,3127.0,246,3,3127.1,210,2
2031,2026-06-16 11:13:33+05:30,3126.5,1,3130.78,1525673,130176.0,206775.0,3163.0,3163.0,3108.0,3134.3,31890400,3447.7,2820.9,3839.9,2896.0,3126.5,62,6,3126.4,72,3,3126.0,94,1,3125.7,34,2,3125.6,62,4,3126.6,33,1,3126.7,200,1,3126.8,3,1,3126.9,39,1,3127.0,225,2
2031,2026-06-16 11:13:34+05:30,3126.6,5,3130.78,1525673,130176.0,206775.0,3163.0,3163.0,3108.0,3134.3,31890400,3447.7,2820.9,3839.9,2896.0,3126.5,62,6,3126.4,72,3,3126.0,94,1,3125.7,34,2,3125.6,62,4,3126.6,33,1,3126.7,200,1,3126.8,3,1,3126.9,39,1,3127.0,225,2
2031,2026-06-16 11:13:34+05:30,3126.6,1,3130.78,1525685,130171.0,208884.0,3163.0,3163.0,3108.0,3134.3,31890400,3447.7,2820.9,3839.9,2896.0,3126.5,57,6,3126.4,72,3,3126.0,94,1,3125.7,34,2,3125.6,62,4,3126.6,101,2,3126.7,200,1,3126.8,3,1,3126.9,39,1,3127.0,264,3
2031,2026-06-16 11:13:35+05:30,3126.5,1,3130.78,1525685,130171.0,208884.0,3163.0,3163.0,3108.0,3134.3,31890400,3447.7,2820.9,3839.9,2896.0,3126.5,57,6,3126.4,72,3,3126.0,94,1,3125.7,34,2,3125.6,62,4,3126.6,101,2,3126.7,200,1,3126.8,3,1,3126.9,39,1,3127.0,264,3
2031,2026-06-16 11:13:35+05:30,3126.6,1,3130.78,1525687,130165.0,208883.0,3163.0,3163.0,3108.0,3134.3,31890400,3447.7,2820.9,3839.9,2896.0,3126.5,56,6,3126.4,72,3,3126.0,94,1,3125.7,34,2,3125.6,62,4,3126.6,100,2,3126.7,200,1,3126.8,3,1,3126.9,39,1,3127.0,264,3
2031,2026-06-16 11:13:36+05:30,3126.5,1,3130.78,1525687,130165.0,208883.0,3163.0,3163.0,3108.0,3134.3,31890400,3447.7,2820.9,3839.9,2896.0,3126.5,56,6,3126.4,72,3,3126.0,94,1,3125.7,34,2,3125.6,62,4,3126.6,100,2,3126.7,200,1,3126.8,3,1,3126.9,39,1,3127.0,264,3
2031,2026-06-16 11:13:36+05:30,3126.5,1,3130.78,1525688,130164.0,208883.0,3163.0,3163.0,3108.0,3134.3,31890400,3447.7,2820.9,3839.9,2896.0,3126.5,55,6,3126.4,72,3,3126.0,94,1,3125.7,34,2,3125.6,62,4,3126.6,100,2,3126.7,200,1,3126.8,3,1,3126.9,39,1,3127.0,264,3
2031,2026-06-16 11:13:37+05:30,3126.5,3,3130.78,1525688,130164.0,208883.0,3163.0,3163.0,3108.0,3134.3,31890400,3447.7,2820.9,3839.9,2896.0,3126.5,55,6,3126.4,72,3,3126.0,94,1,3125.7,34,2,3125.6,62,4,3126.6,100,2,3126.7,200,1,3126.8,3,1,3126.9,39,1,3127.0,264,3
2031,2026-06-16 11:13:37+05:30,3126.5,1,3130.78,1525692,130837.0,214496.0,3163.0,3163.0,3108.0,3134.3,31890400,3447.7,2820.9,3839.9,2896.0,3126.5,51,6,3126.4,92,4,3126.0,94,1,3125.7,94,3,3125.6,62,4,3126.6,100,2,3126.7,200,1,3126.8,3,1,3126.9,39,1,3127.0,264,3
2031,2026-06-16 11:13:38+05:30,3126.5,1,3130.78,1525692,130837.0,214496.0,3163.0,3163.0,3108.0,3134.3,31890400,3447.7,2820.9,3839.9,2896.0,3126.5,51,6,3126.4,92,4,3126.0,94,1,3125.7,94,3,3125.6,62,4,3126.6,100,2,3126.7,200,1,3126.8,3,1,3126.9,39,1,3127.0,264,3
2031,2026-06-16 11:13:38+05:30,3126.5,1,3130.78,1525692,130837.0,214496.0,3163.0,3163.0,3108.0,3134.3,31890400,3447.7,2820.9,3839.9,2896.0,3126.5,51,6,3126.4,92,4,3126.0,94,1,3125.7,94,3,3125.6,62,4,3126.6,100,2,3126.7,200,1,3126.8,3,1,3126.9,39,1,3127.0,264,3
2031,2026-06-16 11:13:38+05:30,3126.5,1,3130.78,1525717,130817.0,212468.0,3163.0,3163.0,3108.0,3134.3,31890400,3447.7,2820.9,3839.9,2896.0,3126.5,26,3,3126.4,92,4,3126.0,94,1,3125.7,94,3,3125.6,62,4,3126.6,75,1,3126.7,200,1,3126.8,3,1,3126.9,39,1,3127.0,225,2
2031,2026-06-16 11:13:39+05:30,3126.5,3,3130.78,1525717,130817.0,212468.0,3163.0,3163.0,3108.0,3134.3,31890400,3447.7,2820.9,3839.9,2896.0,3126.5,26,3,3126.4,92,4,3126.0,94,1,3125.7,94,3,3125.6,62,4,3126.6,75,1,3126.7,200,1,3126.8,3,1,3126.9,39,1,3127.0,225,2
2031,2026-06-16 11:13:39+05:30,3126.6,74,3130.78,1525820,130928.0,211777.0,3163.0,3163.0,3108.0,3134.3,31890400,3447.7,2820.9,3839.9,2896.0,3126.5,106,3,3126.4,72,3,3126.0,94,1,3125.8,50,2,3125.7,94,3,3126.7,200,1,3126.8,3,1,3126.9,39,1,3127.0,225,2,3127.1,210,2
2031,2026-06-16 11:13:39+05:30,3126.6,74,3130.78,1525820,130928.0,211777.0,3163.0,3163.0,3108.0,3134.3,31890400,3447.7,2820.9,3839.9,2896.0,3126.5,106,3,3126.4,72,3,3126.0,94,1,3125.8,50,2,3125.7,94,3,3126.7,200,1,3126.8,3,1,3126.9,39,1,3127.0,225,2,3127.1,210,2
2031,2026-06-16 11:13:40+05:30,3126.6,74,3130.78,1525820,130928.0,211777.0,3163.0,3163.0,3108.0,3134.3,31890400,3447.7,2820.9,3839.9,2896.0,3126.5,106,3,3126.4,72,3,3126.0,94,1,3125.8,50,2,3125.7,94,3,3126.7,200,1,3126.8,3,1,3126.9,39,1,3127.0,225,2,3127.1,210,2
2031,2026-06-16 11:13:40+05:30,3126.6,1,3130.78,1525832,131038.0,212015.0,3163.0,3163.0,3108.0,3134.3,31890400,3447.7,2820.9,3839.9,2896.0,3126.6,4,1,3126.5,170,3,3126.4,91,4,3126.0,94,1,3125.8,50,2,3126.7,200,1,3126.8,3,1,3126.9,39,1,3127.0,225,2,3127.1,210,2
2031,2026-06-16 11:13:41+05:30,3126.6,1,3130.78,1525832,131038.0,212015.0,3163.0,3163.0,3108.0,3134.3,31890400,3447.7,2820.9,3839.9,2896.0,3126.6,4,1,3126.5,170,3,3126.4,91,4,3126.0,94,1,3125.8,50,2,3126.7,200,1,3126.8,3,1,3126.9,39,1,3127.0,225,2,3127.1,210,2
2031,2026-06-16 11:13:41+05:30,3126.7,1,3130.78,1525874,131518.0,216380.0,3163.0,3163.0,3108.0,3134.3,31890400,3447.7,2820.9,3839.9,2896.0,3126.5,138,3,3126.4,91,4,3126.0,162,3,3125.8,93,3,3125.7,94,3,3126.6,5,1,3126.7,199,1,3126.8,3,1,3127.0,225,2,3127.1,246,3
2031,2026-06-16 11:13:41+05:30,3126.7,1,3130.78,1525874,131518.0,216380.0,3163.0,3163.0,3108.0,3134.3,31890400,3447.7,2820.9,3839.9,2896.0,3126.5,138,3,3126.4,91,4,3126.0,162,3,3125.8,93,3,3125.7,94,3,3126.6,5,1,3126.7,199,1,3126.8,3,1,3127.0,225,2,3127.1,246,3
2031,2026-06-16 11:13:42+05:30,3126.7,1,3130.78,1525874,131518.0,216380.0,3163.0,3163.0,3108.0,3134.3,31890400,3447.7,2820.9,3839.9,2896.0,3126.5,138,3,3126.4,91,4,3126.0,162,3,3125.8,93,3,3125.7,94,3,3126.6,5,1,3126.7,199,1,3126.8,3,1,3127.0,225,2,3127.1,246,3
2031,2026-06-16 11:13:42+05:30,3126.7,1,3130.78,1525874,131337.0,218249.0,3163.0,3163.0,3108.0,3134.3,31890400,3447.7,2820.9,3839.9,2896.0,3126.5,138,3,3126.4,91,4,3126.0,162,3,3125.8,50,2,3125.7,94,3,3126.6,37,2,3126.7,199,1,3126.8,3,1,3127.0,261,3,3127.1,210,2
2031,2026-06-16 11:13:43+05:30,3126.7,1,3130.78,1525874,131337.0,218249.0,3163.0,3163.0,3108.0,3134.3,31890400,3447.7,2820.9,3839.9,2896.0,3126.5,138,3,3126.4,91,4,3126.0,162,3,3125.8,50,2,3125.7,94,3,3126.6,37,2,3126.7,199,1,3126.8,3,1,3127.0,261,3,3127.1,210,2
2031,2026-06-16 11:13:43+05:30,3126.6,1,3130.78,1525875,131258.0,218236.0,3163.0,3163.0,3108.0,3134.3,31890400,3447.7,2820.9,3839.9,2896.0,3126.5,138,3,3126.4,91,4,3126.0,102,2,3125.7,34,2,3125.6,105,5,3126.6,61,3,3126.7,199,1,3126.8,39,2,3127.0,282,4,3127.1,210,2
2031,2026-06-16 11:13:44+05:30,3126.5,37,3130.78,1525875,131258.0,218236.0,3163.0,3163.0,3108.0,3134.3,31890400,3447.7,2820.9,3839.9,2896.0,3126.5,138,3,3126.4,91,4,3126.0,102,2,3125.7,34,2,3125.6,105,5,3126.6,61,3,3126.7,199,1,3126.8,39,2,3127.0,282,4,3127.1,210,2
2031,2026-06-16 11:13:44+05:30,3126.7,1,3130.78,1526054,131490.0,218392.0,3163.0,3163.0,3108.0,3134.3,31890400,3447.7,2820.9,3839.9,2896.0,3126.5,33,2,3126.4,88,4,3126.0,102,2,3125.7,34,2,3125.6,215,5,3126.7,216,2,3126.8,65,3,3127.0,301,5,3127.1,235,3,3127.2,85,3
2031,2026-06-16 11:13:45+05:30,3126.7,1,3130.78,1526054,131490.0,218392.0,3163.0,3163.0,3108.0,3134.3,31890400,3447.7,2820.9,3839.9,2896.0,3126.5,33,2,3126.4,88,4,3126.0,102,2,3125.7,34,2,3125.6,215,5,3126.7,216,2,3126.8,65,3,3127.0,301,5,3127.1,235,3,3127.2,85,3
2031,2026-06-16 11:13:45+05:30,3126.7,1,3130.78,1526054,131490.0,218392.0,3163.0,3163.0,3108.0,3134.3,31890400,3447.7,2820.9,3839.9,2896.0,3126.5,33,2,3126.4,88,4,3126.0,102,2,3125.7,34,2,3125.6,215,5,3126.7,216,2,3126.8,65,3,3127.0,301,5,3127.1,235,3,3127.2,85,3
2031,2026-06-16 11:13:45+05:30,3126.4,4,3130.78,1526277,130381.0,218274.0,3163.0,3163.0,3108.0,3134.3,31890400,3447.7,2820.9,3839.9,2896.0,3126.4,26,2,3126.0,102,2,3125.6,12,2,3125.5,20,1,3125.3,21,1,3126.5,213,2,3126.6,21,2,3126.7,283,5,3126.8,20,2,3126.9,21,1
2031,2026-06-16 11:13:46+05:30,3126.6,60,3130.78,1526277,130381.0,218274.0,3163.0,3163.0,3108.0,3134.3,31890400,3447.7,2820.9,3839.9,2896.0,3126.4,26,2,3126.0,102,2,3125.6,12,2,3125.5,20,1,3125.3,21,1,3126.5,213,2,3126.6,21,2,3126.7,283,5,3126.8,20,2,3126.9,21,1
2031,2026-06-16 11:13:46+05:30,3126.6,60,3130.78,1526968,131387.0,217062.0,3163.0,3163.0,3108.0,3134.3,31890400,3447.7,2820.9,3839.9,2896.0,3126.5,681,1,3126.0,138,4,3125.9,52,2,3125.8,44,3,3125.7,59,3,3126.6,34,1,3126.7,18,1,3127.0,225,2,3127.1,210,2,3127.4,36,1
2031,2026-06-16 11:13:46+05:30,3126.6,60,3130.78,1526968,131387.0,217062.0,3163.0,3163.0,3108.0,3134.3,31890400,3447.7,2820.9,3839.9,2896.0,3126.5,681,1,3126.0,138,4,3125.9,52,2,3125.8,44,3,3125.7,59,3,3126.6,34,1,3126.7,18,1,3127.0,225,2,3127.1,210,2,3127.4,36,1
2031,2026-06-16 11:13:47+05:30,3126.5,7,3130.78,1526968,131387.0,217062.0,3163.0,3163.0,3108.0,3134.3,31890400,3447.7,2820.9,3839.9,2896.0,3126.5,681,1,3126.0,138,4,3125.9,52,2,3125.8,44,3,3125.7,59,3,3126.6,34,1,3126.7,18,1,3127.0,225,2,3127.1,210,2,3127.4,36,1
2031,2026-06-16 11:13:47+05:30,3126.5,7,3130.78,1526975,131667.0,217701.0,3163.0,3163.0,3108.0,3134.3,31890400,3447.7,2820.9,3839.9,2896.0,3126.5,819,4,3126.4,5,1,3126.3,39,2,3126.2,30,2,3126.1,21,1,3126.6,34,1,3126.7,218,2,3127.0,225,2,3127.1,210,2,3127.5,60,1
2031,2026-06-16 11:13:48+05:30,3126.5,300,3130.78,1526975,131667.0,217701.0,3163.0,3163.0,3108.0,3134.3,31890400,3447.7,2820.9,3839.9,2896.0,3126.5,819,4,3126.4,5,1,3126.3,39,2,3126.2,30,2,3126.1,21,1,3126.6,34,1,3126.7,218,2,3127.0,225,2,3127.1,210,2,3127.5,60,1
2031,2026-06-16 11:13:48+05:30,3126.5,300,3130.78,1526975,131667.0,217701.0,3163.0,3163.0,3108.0,3134.3,31890400,3447.7,2820.9,3839.9,2896.0,3126.5,819,4,3126.4,5,1,3126.3,39,2,3126.2,30,2,3126.1,21,1,3126.6,34,1,3126.7,218,2,3127.0,225,2,3127.1,210,2,3127.5,60,1
2031,2026-06-16 11:13:48+05:30,3126.6,1,3130.78,1527276,131451.0,217708.0,3163.0,3163.0,3108.0,3134.3,31890400,3447.7,2820.9,3839.9,2896.0,3126.5,519,4,3126.3,39,2,3126.2,30,2,3126.0,245,7,3125.9,40,2,3126.6,33,1,3126.7,218,2,3127.0,225,2,3127.1,210,2,3127.5,60,1
2031,2026-06-16 11:13:49+05:30,3126.6,1,3130.78,1527276,131451.0,217708.0,3163.0,3163.0,3108.0,3134.3,31890400,3447.7,2820.9,3839.9,2896.0,3126.5,519,4,3126.3,39,2,3126.2,30,2,3126.0,245,7,3125.9,40,2,3126.6,33,1,3126.7,218,2,3127.0,225,2,3127.1,210,2,3127.5,60,1
2031,2026-06-16 11:13:49+05:30,3126.5,33,3130.78,1527276,131451.0,217708.0,3163.0,3163.0,3108.0,3134.3,31890400,3447.7,2820.9,3839.9,2896.0,3126.5,519,4,3126.3,39,2,3126.2,30,2,3126.0,245,7,3125.9,40,2,3126.6,33,1,3126.7,218,2,3127.0,225,2,3127.1,210,2,3127.5,60,1
2031,2026-06-16 11:13:49+05:30,3126.5,1,3130.78,1527310,131470.0,217874.0,3163.0,3163.0,3108.0,3134.3,31890400,3447.7,2820.9,3839.9,2896.0,3126.5,485,4,3126.4,25,2,3126.3,39,2,3126.2,30,2,3126.0,245,7,3126.6,33,1,3126.7,218,2,3127.0,225,2,3127.1,210,2,3127.5,60,1
2031,2026-06-16 11:13:49+05:30,3126.5,1,3130.78,1527310,131470.0,217874.0,3163.0,3163.0,3108.0,3134.3,31890400,3447.7,2820.9,3839.9,2896.0,3126.5,485,4,3126.4,25,2,3126.3,39,2,3126.2,30,2,3126.0,245,7,3126.6,33,1,3126.7,218,2,3127.0,225,2,3127.1,210,2,3127.5,60,1
2031,2026-06-16 11:13:50+05:30,3126.5,1,3130.78,1527310,131470.0,217874.0,3163.0,3163.0,3108.0,3134.3,31890400,3447.7,2820.9,3839.9,2896.0,3126.5,485,4,3126.4,25,2,3126.3,39,2,3126.2,30,2,3126.0,245,7,3126.6,33,1,3126.7,218,2,3127.0,225,2,3127.1,210,2,3127.5,60,1
2031,2026-06-16 11:13:50+05:30,3126.6,1,3130.78,1527310,131470.0,217874.0,3163.0,3163.0,3108.0,3134.3,31890400,3447.7,2820.9,3839.9,2896.0,3126.5,485,4,3126.4,25,2,3126.3,39,2,3126.2,30,2,3126.0,245,7,3126.6,33,1,3126.7,218,2,3127.0,225,2,3127.1,210,2,3127.5,60,1
2031,2026-06-16 11:13:50+05:30,3126.5,35,3130.78,1527715,131052.0,216972.0,3163.0,3163.0,3108.0,3134.3,31890400,3447.7,2820.9,3839.9,2896.0,3126.5,62,1,3126.4,20,1,3126.1,13,1,3126.0,70,1,3125.9,21,1,3126.6,32,1,3126.7,18,1,3127.0,25,1,3127.1,410,3,3127.4,200,1
2031,2026-06-16 11:13:50+05:30,3126.5,35,3130.78,1527715,131052.0,216972.0,3163.0,3163.0,3108.0,3134.3,31890400,3447.7,2820.9,3839.9,2896.0,3126.5,62,1,3126.4,20,1,3126.1,13,1,3126.0,70,1,3125.9,21,1,3126.6,32,1,3126.7,18,1,3127.0,25,1,3127.1,410,3,3127.4,200,1
2031,2026-06-16 11:13:51+05:30,3126.5,17,3130.78,1527715,131052.0,216972.0,3163.0,3163.0,3108.0,3134.3,31890400,3447.7,2820.9,3839.9,2896.0,3126.5,62,1,3126.4,20,1,3126.1,13,1,3126.0,70,1,3125.9,21,1,3126.6,32,1,3126.7,18,1,3127.0,25,1,3127.1,410,3,3127.4,200,1
2031,2026-06-16 11:13:51+05:30,3126.5,17,3130.78,1527715,131052.0,216972.0,3163.0,3163.0,3108.0,3134.3,31890400,3447.7,2820.9,3839.9,2896.0,3126.5,62,1,3126.4,20,1,3126.1,13,1,3126.0,70,1,3125.9,21,1,3126.6,32,1,3126.7,18,1,3127.0,25,1,3127.1,410,3,3127.4,200,1
2031,2026-06-16 11:13:51+05:30,3126.5,17,3130.78,1527795,131182.0,217294.0,3163.0,3163.0,3108.0,3134.3,31890400,3447.7,2820.9,3839.9,2896.0,3126.5,90,1,3126.4,20,1,3126.1,13,1,3126.0,101,2,3125.9,42,2,3126.7,18,1,3127.0,25,1,3127.1,210,2,3127.3,38,1,3127.4,200,1
2031,2026-06-16 11:13:52+05:30,3126.7,6,3130.78,1527795,131182.0,217294.0,3163.0,3163.0,3108.0,3134.3,31890400,3447.7,2820.9,3839.9,2896.0,3126.5,90,1,3126.4,20,1,3126.1,13,1,3126.0,101,2,3125.9,42,2,3126.7,18,1,3127.0,25,1,3127.1,210,2,3127.3,38,1,3127.4,200,1
2031,2026-06-16 11:13:52+05:30,3126.7,6,3130.78,1527795,131182.0,217294.0,3163.0,3163.0,3108.0,3134.3,31890400,3447.7,2820.9,3839.9,2896.0,3126.5,90,1,3126.4,20,1,3126.1,13,1,3126.0,101,2,3125.9,42,2,3126.7,18,1,3127.0,25,1,3127.1,210,2,3127.3,38,1,3127.4,200,1
2031,2026-06-16 11:13:52+05:30,3126.7,6,3130.78,1527810,131274.0,217491.0,3163.0,3163.0,3108.0,3134.3,31890400,3447.7,2820.9,3839.9,2896.0,3126.5,90,1,3126.4,20,1,3126.0,70,1,3125.9,21,1,3125.8,156,6,3126.7,13,2,3127.0,25,1,3127.1,210,2,3127.3,79,2,3127.4,200,1
2031,2026-06-16 11:13:53+05:30,3126.7,6,3130.78,1527810,131274.0,217491.0,3163.0,3163.0,3108.0,3134.3,31890400,3447.7,2820.9,3839.9,2896.0,3126.5,90,1,3126.4,20,1,3126.0,70,1,3125.9,21,1,3125.8,156,6,3126.7,13,2,3127.0,25,1,3127.1,210,2,3127.3,79,2,3127.4,200,1
2031,2026-06-16 11:13:53+05:30,3126.7,28,3130.78,1527852,131709.0,217550.0,3163.0,3163.0,3108.0,3134.3,31890400,3447.7,2820.9,3839.9,2896.0,3126.7,19,1,3126.5,90,1,3126.0,97,3,3125.9,65,3,3125.8,103,3,3126.9,13,1,3127.0,25,1,3127.1,210,2,3127.2,37,1,3127.3,60,1
2031,2026-06-16 11:13:54+05:30,3126.7,28,3130.78,1527852,131709.0,217550.0,3163.0,3163.0,3108.0,3134.3,31890400,3447.7,2820.9,3839.9,2896.0,3126.7,19,1,3126.5,90,1,3126.0,97,3,3125.9,65,3,3125.8,103,3,3126.9,13,1,3127.0,25,1,3127.1,210,2,3127.2,37,1,3127.3,60,1
2031,2026-06-16 11:13:54+05:30,3126.7,28,3130.78,1527852,131709.0,217550.0,3163.0,3163.0,3108.0,3134.3,31890400,3447.7,2820.9,3839.9,2896.0,3126.7,19,1,3126.5,90,1,3126.0,97,3,3125.9,65,3,3125.8,103,3,3126.9,13,1,3127.0,25,1,3127.1,210,2,3127.2,37,1,3127.3,60,1
2031,2026-06-16 11:13:54+05:30,3126.7,28,3130.78,1527852,132073.0,217165.0,3163.0,3163.0,3108.0,3134.3,31890400,3447.7,2820.9,3839.9,2896.0,3126.7,1,1,3126.6,19,1,3126.5,90,1,3126.0,97,3,3125.9,65,3,3126.8,5,1,3126.9,13,1,3127.0,25,1,3127.1,210,2,3127.3,60,1
2031,2026-06-16 11:13:54+05:30,3126.7,28,3130.78,1527852,132073.0,217165.0,3163.0,3163.0,3108.0,3134.3,31890400,3447.7,2820.9,3839.9,2896.0,3126.7,1,1,3126.6,19,1,3126.5,90,1,3126.0,97,3,3125.9,65,3,3126.8,5,1,3126.9,13,1,3127.0,25,1,3127.1,210,2,3127.3,60,1
2031,2026-06-16 11:13:55+05:30,3126.8,1,3130.78,1527852,132073.0,217165.0,3163.0,3163.0,3108.0,3134.3,31890400,3447.7,2820.9,3839.9,2896.0,3126.7,1,1,3126.6,19,1,3126.5,90,1,3126.0,97,3,3125.9,65,3,3126.8,5,1,3126.9,13,1,3127.0,25,1,3127.1,210,2,3127.3,60,1
2031,2026-06-16 11:13:55+05:30,3126.8,1,3130.78,1527852,132073.0,217165.0,3163.0,3163.0,3108.0,3134.3,31890400,3447.7,2820.9,3839.9,2896.0,3126.7,1,1,3126.6,19,1,3126.5,90,1,3126.0,97,3,3125.9,65,3,3126.8,5,1,3126.9,13,1,3127.0,25,1,3127.1,210,2,3127.3,60,1
2031,2026-06-16 11:13:55+05:30,3126.6,2,3130.78,1527857,132044.0,217060.0,3163.0,3163.0,3108.0,3134.3,31890400,3447.7,2820.9,3839.9,2896.0,3126.6,17,1,3126.5,90,1,3126.1,19,1,3126.0,97,3,3125.9,51,2,3126.8,9,2,3127.0,25,1,3127.1,210,2,3127.3,60,1,3127.4,237,2
2031,2026-06-16 11:13:56+05:30,3126.6,2,3130.78,1527857,132044.0,217060.0,3163.0,3163.0,3108.0,3134.3,31890400,3447.7,2820.9,3839.9,2896.0,3126.6,17,1,3126.5,90,1,3126.1,19,1,3126.0,97,3,3125.9,51,2,3126.8,9,2,3127.0,25,1,3127.1,210,2,3127.3,60,1,3127.4,237,2
2031,2026-06-16 11:13:56+05:30,3126.6,2,3130.78,1527857,132044.0,217060.0,3163.0,3163.0,3108.0,3134.3,31891200,3447.7,2820.9,3839.9,2896.0,3126.6,17,1,3126.5,90,1,3126.1,19,1,3126.0,97,3,3125.9,51,2,3126.8,9,2,3127.0,25,1,3127.1,210,2,3127.3,60,1,3127.4,237,2
2031,2026-06-16 11:13:56+05:30,3126.8,33,3130.78,1527920,132034.0,217506.0,3163.0,3163.0,3108.0,3134.3,31891200,3447.7,2820.9,3839.9,2896.0,3126.6,16,1,3126.5,90,1,3126.1,19,1,3126.0,157,4,3125.9,92,3,3126.9,7,1,3127.0,25,1,3127.1,210,2,3127.3,36,1,3127.4,225,2
2031,2026-06-16 11:13:57+05:30,3126.8,33,3130.78,1527920,132034.0,217506.0,3163.0,3163.0,3108.0,3134.3,31891200,3447.7,2820.9,3839.9,2896.0,3126.6,16,1,3126.5,90,1,3126.1,19,1,3126.0,157,4,3125.9,92,3,3126.9,7,1,3127.0,25,1,3127.1,210,2,3127.3,36,1,3127.4,225,2
2031,2026-06-16 11:13:57+05:30,3126.8,33,3130.78,1527920,132034.0,217510.0,3163.0,3163.0,3108.0,3134.3,31891200,3447.7,2820.9,3839.9,2896.0,3126.6,16,1,3126.5,90,1,3126.1,19,1,3126.0,157,4,3125.9,92,3,3126.9,11,2,3127.0,25,1,3127.1,210,2,3127.3,36,1,3127.4,225,2
2031,2026-06-16 11:13:58+05:30,3126.6,2,3130.78,1527922,132045.0,217512.0,3163.0,3163.0,3108.0,3134.3,31891200,3447.7,2820.9,3839.9,2896.0,3126.6,14,1,3126.5,100,2,3126.0,97,3,3125.9,92,3,3125.8,104,4,3126.9,11,2,3127.0,25,1,3127.1,210,2,3127.3,36,1,3127.4,225,2
2031,2026-06-16 11:13:59+05:30,3126.6,2,3130.78,1527922,132045.0,217512.0,3163.0,3163.0,3108.0,3134.3,31891200,3447.7,2820.9,3839.9,2896.0,3126.6,14,1,3126.5,100,2,3126.0,97,3,3125.9,92,3,3125.8,104,4,3126.9,11,2,3127.0,25,1,3127.1,210,2,3127.3,36,1,3127.4,225,2
2031,2026-06-16 11:13:59+05:30,3126.6,2,3130.78,1527922,131333.0,217033.0,3163.0,3163.0,3108.0,3134.3,31891200,3447.7,2820.9,3839.9,2896.0,3126.6,14,1,3126.5,100,2,3126.0,130,2,3125.9,92,3,3125.8,125,5,3126.9,11,2,3127.0,25,1,3127.1,10,1,3127.4,241,2,3127.5,60,1
2031,2026-06-16 11:14:01+05:30,3126.8,1,3130.78,1528037,131589.0,216948.0,3163.0,3163.0,3108.0,3134.3,31891200,3447.7,2820.9,3839.9,2896.0,3126.6,21,3,3126.5,100,2,3126.2,21,1,3126.1,89,3,3126.0,153,4,3126.8,9,1,3126.9,1,1,3127.4,178,1,3127.6,49,2,3127.7,279,3
2031,2026-06-16 11:14:01+05:30,3126.8,1,3130.78,1528037,131589.0,216948.0,3163.0,3163.0,3108.0,3134.3,31891200,3447.7,2820.9,3839.9,2896.0,3126.6,21,3,3126.5,100,2,3126.2,21,1,3126.1,89,3,3126.0,153,4,3126.8,9,1,3126.9,1,1,3127.4,178,1,3127.6,49,2,3127.7,279,3
2031,2026-06-16 11:14:02+05:30,3126.9,1,3130.78,1528047,131644.0,217156.0,3163.0,3163.0,3108.0,3134.3,31891200,3447.7,2820.9,3839.9,2896.0,3126.9,9,1,3126.6,7,2,3126.5,100,2,3126.1,35,2,3126.0,153,4,3127.2,1,1,3127.3,13,1,3127.4,254,4,3127.6,86,3,3127.7,260,2
2031,2026-06-16 11:14:02+05:30,3126.9,1,3130.78,1528047,131644.0,217156.0,3163.0,3163.0,3108.0,3134.3,31891200,3447.7,2820.9,3839.9,2896.0,3126.9,9,1,3126.6,7,2,3126.5,100,2,3126.1,35,2,3126.0,153,4,3127.2,1,1,3127.3,13,1,3127.4,254,4,3127.6,86,3,3127.7,260,2
2031,2026-06-16 11:14:03+05:30,3126.6,2,3130.78,1528421,130972.0,217598.0,3163.0,3163.0,3108.0,3134.3,31891200,3447.7,2820.9,3839.9,2896.0,3126.6,21,2,3126.5,9,1,3126.1,19,1,3126.0,70,1,3125.9,22,1,3126.8,41,1,3126.9,13,1,3127.0,13,1,3127.1,205,3,3127.4,295,3
2031,2026-06-16 11:14:03+05:30,3126.6,2,3130.78,1528421,130972.0,217598.0,3163.0,3163.0,3108.0,3134.3,31891200,3447.7,2820.9,3839.9,2896.0,3126.6,21,2,3126.5,9,1,3126.1,19,1,3126.0,70,1,3125.9,22,1,3126.8,41,1,3126.9,13,1,3127.0,13,1,3127.1,205,3,3127.4,295,3
2031,2026-06-16 11:14:04+05:30,3126.5,46,3130.78,1528421,130972.0,217598.0,3163.0,3163.0,3108.0,3134.3,31891200,3447.7,2820.9,3839.9,2896.0,3126.6,21,2,3126.5,9,1,3126.1,19,1,3126.0,70,1,3125.9,22,1,3126.8,41,1,3126.9,13,1,3127.0,13,1,3127.1,205,3,3127.4,295,3
2031,2026-06-16 11:14:04+05:30,3126.5,5,3130.78,1528774,129179.0,218334.0,3163.0,3163.0,3108.0,3134.3,31891200,3447.7,2820.9,3839.9,2896.0,3126.0,70,1,3125.6,12,2,3125.3,40,2,3125.2,14,1,3125.1,67,3,3126.6,21,2,3126.7,44,4,3126.8,227,2,3126.9,57,3,3127.0,56,2
2031,2026-06-16 11:14:05+05:30,3126.5,2,3130.78,1528774,129179.0,218334.0,3163.0,3163.0,3108.0,3134.3,31891200,3447.7,2820.9,3839.9,2896.0,3126.0,70,1,3125.6,12,2,3125.3,40,2,3125.2,14,1,3125.1,67,3,3126.6,21,2,3126.7,44,4,3126.8,227,2,3126.9,57,3,3127.0,56,2
2031,2026-06-16 11:14:05+05:30,3126.5,5,3130.77,1529491,129269.0,218437.0,3163.0,3163.0,3108.0,3134.3,31891200,3447.7,2820.9,3839.9,2896.0,3126.0,70,1,3125.6,12,2,3125.3,21,1,3125.2,90,3,3125.1,244,4,3126.6,291,6,3126.7,8,1,3126.8,31,1,3126.9,253,5,3127.0,130,4
2031,2026-06-16 11:14:06+05:30,3126.6,1,3130.77,1529491,129269.0,218437.0,3163.0,3163.0,3108.0,3134.3,31891200,3447.7,2820.9,3839.9,2896.0,3126.0,70,1,3125.6,12,2,3125.3,21,1,3125.2,90,3,3125.1,244,4,3126.6,291,6,3126.7,8,1,3126.8,31,1,3126.9,253,5,3127.0,130,4
2031,2026-06-16 11:14:06+05:30,3126.0,70,3130.77,1529562,129009.0,218512.0,3163.0,3163.0,3108.0,3134.3,31891200,3447.7,2820.9,3839.9,2896.0,3126.0,6,1,3125.6,12,2,3125.2,191,2,3125.1,67,3,3125.0,1337,12,3126.2,19,2,3126.3,47,3,3126.4,51,4,3126.5,213,4,3126.6,117,5
2031,2026-06-16 11:14:07+05:30,3126.0,51,3130.77,1529562,129009.0,218512.0,3163.0,3163.0,3108.0,3134.3,31891200,3447.7,2820.9,3839.9,2896.0,3126.0,6,1,3125.6,12,2,3125.2,191,2,3125.1,67,3,3125.0,1337,12,3126.2,19,2,3126.3,47,3,3126.4,51,4,3126.5,213,4,3126.6,117,5
2031,2026-06-16 11:14:07+05:30,3125.0,79,3130.77,1531132,128599.0,218343.0,3163.0,3163.0,3108.0,3134.3,31891200,3447.7,2820.9,3839.9,2896.0,3125.0,1258,12,3124.8,38,2,3124.7,21,1,3124.6,77,2,3124.5,100,3,3125.8,13,1,3126.0,32,3,3126.1,220,3,3126.2,219,3,3126.3,7,1
2031,2026-06-16 11:14:08+05:30,3126.5,12,3130.77,1531132,128599.0,218343.0,3163.0,3163.0,3108.0,3134.3,31891200,3447.7,2820.9,3839.9,2896.0,3125.0,1258,12,3124.8,38,2,3124.7,21,1,3124.6,77,2,3124.5,100,3,3125.8,13,1,3126.0,32,3,3126.1,220,3,3126.2,219,3,3126.3,7,1
2031,2026-06-16 11:14:08+05:30,3126.5,12,3130.75,1536305,130186.0,217675.0,3163.0,3163.0,3108.0,3134.3,31891200,3447.7,2820.9,3839.9,2896.0,3126.5,34,1,3126.0,1,1,3125.7,8,1,3125.5,40,2,3125.4,72,2,3126.6,44,2,3126.7,9,2,3126.8,114,2,3126.9,8,1,3127.0,70,2
2031,2026-06-16 11:14:09+05:30,3126.0,6,3130.75,1536305,130186.0,217675.0,3163.0,3163.0,3108.0,3134.3,31891200,3447.7,2820.9,3839.9,2896.0,3126.5,34,1,3126.0,1,1,3125.7,8,1,3125.5,40,2,3125.4,72,2,3126.6,44,2,3126.7,9,2,3126.8,114,2,3126.9,8,1,3127.0,70,2
2031,2026-06-16 11:14:09+05:30,3126.0,6,3130.75,1536655,129507.0,219839.0,3163.0,3163.0,3108.0,3134.3,31891200,3447.7,2820.9,3839.9,2896.0,3126.0,6,1,3125.1,110,4,3125.0,1431,13,3124.9,29,1,3124.8,71,3,3126.1,200,1,3126.4,200,1,3126.5,21,1,3126.6,111,4,3126.7,261,6
2031,2026-06-16 11:14:10+05:30,3125.3,47,3130.75,1536655,129507.0,219839.0,3163.0,3163.0,3108.0,3134.3,31891200,3447.7,2820.9,3839.9,2896.0,3126.0,6,1,3125.1,110,4,3125.0,1431,13,3124.9,29,1,3124.8,71,3,3126.1,200,1,3126.4,200,1,3126.5,21,1,3126.6,111,4,3126.7,261,6
2031,2026-06-16 11:14:10+05:30,3126.0,2,3130.75,1537292,128614.0,219742.0,3163.0,3163.0,3108.0,3134.3,31891200,3447.7,2820.9,3839.9,2896.0,3126.0,2,1,3125.2,174,1,3125.1,84,2,3125.0,1152,11,3124.9,116,3,3126.1,200,1,3126.3,19,1,3126.4,53,1,3126.5,293,4,3126.6,69,3
2031,2026-06-16 11:14:11+05:30,3126.0,45,3130.75,1537292,128614.0,219742.0,3163.0,3163.0,3108.0,3134.3,31891200,3447.7,2820.9,3839.9,2896.0,3126.0,2,1,3125.2,174,1,3125.1,84,2,3125.0,1152,11,3124.9,116,3,3126.1,200,1,3126.3,19,1,3126.4,53,1,3126.5,293,4,3126.6,69,3
2031,2026-06-16 11:14:11+05:30,3126.0,5,3130.75,1538678,127531.0,218413.0,3163.0,3163.0,3108.0,3134.3,31891200,3447.7,2820.9,3839.9,2896.0,3125.0,899,8,3124.8,17,1,3124.6,21,1,3124.5,20,1,3124.4,19,1,3125.9,8,1,3126.1,111,6,3126.2,218,3,3126.3,69,5,3126.4,53,1
2031,2026-06-16 11:14:12+05:30,3126.0,371,3130.75,1538678,127531.0,218413.0,3163.0,3163.0,3108.0,3134.3,31891200,3447.7,2820.9,3839.9,2896.0,3125.0,899,8,3124.8,17,1,3124.6,21,1,3124.5,20,1,3124.4,19,1,3125.9,8,1,3126.1,111,6,3126.2,218,3,3126.3,69,5,3126.4,53,1
2031,2026-06-16 11:14:12+05:30,3126.0,1,3130.74,1541035,129138.0,218521.0,3163.0,3163.0,3108.0,3134.3,31891200,3447.7,2820.9,3839.9,2896.0,3126.0,501,2,3125.3,19,1,3125.2,57,2,3125.1,20,1,3125.0,1175,11,3126.1,26,2,3126.3,19,1,3126.4,114,2,3126.5,266,2,3126.6,44,2
2031,2026-06-16 11:14:13+05:30,3126.0,41,3130.74,1541035,129138.0,218521.0,3163.0,3163.0,3108.0,3134.3,31891200,3447.7,2820.9,3839.9,2896.0,3126.0,501,2,3125.3,19,1,3125.2,57,2,3125.1,20,1,3125.0,1175,11,3126.1,26,2,3126.3,19,1,3126.4,114,2,3126.5,266,2,3126.6,44,2
2031,2026-06-16 11:14:13+05:30,3126.0,41,3130.74,1541076,129239.0,219158.0,3163.0,3163.0,3108.0,3134.3,31891200,3447.7,2820.9,3839.9,2896.0,3126.0,515,3,3125.6,19,1,3125.4,19,1,3125.3,49,2,3125.2,53,2,3126.1,26,2,3126.3,19,1,3126.4,114,2,3126.5,266,2,3126.6,44,2
2031,2026-06-16 11:14:14+05:30,3126.0,6,3130.74,1541076,129239.0,219158.0,3163.0,3163.0,3108.0,3134.3,31891200,3447.7,2820.9,3839.9,2896.0,3126.0,515,3,3125.6,19,1,3125.4,19,1,3125.3,49,2,3125.2,53,2,3126.1,26,2,3126.3,19,1,3126.4,114,2,3126.5,266,2,3126.6,44,2
2031,2026-06-16 11:14:14+05:30,3126.1,1,3130.74,1541097,129231.0,219116.0,3163.0,3163.0,3108.0,3134.3,31891200,3447.7,2820.9,3839.9,2896.0,3126.0,736,5,3125.9,19,1,3125.6,19,1,3125.5,32,1,3125.4,19,1,3126.1,25,2,3126.3,19,1,3126.4,114,2,3126.5,266,2,3126.6,44,2
2031,2026-06-16 11:14:15+05:30,3126.1,1,3130.74,1541097,129231.0,219116.0,3163.0,3163.0,3108.0,3134.3,31891200,3447.7,2820.9,3839.9,2896.0,3126.0,736,5,3125.9,19,1,3125.6,19,1,3125.5,32,1,3125.4,19,1,3126.1,25,2,3126.3,19,1,3126.4,114,2,3126.5,266,2,3126.6,44,2
2031,2026-06-16 11:14:15+05:30,3126.1,1,3130.74,1541124,130330.0,217639.0,3163.0,3163.0,3108.0,3134.3,31891200,3447.7,2820.9,3839.9,2896.0,3126.1,35,5,3126.0,818,7,3125.8,54,2,3125.7,95,3,3125.6,91,4,3126.3,3,1,3126.4,61,1,3126.5,66,1,3126.6,37,1,3126.7,1,1
2031,2026-06-16 11:14:16+05:30,3126.1,3,3130.74,1541124,130330.0,217639.0,3163.0,3163.0,3108.0,3134.3,31891200,3447.7,2820.9,3839.9,2896.0,3126.1,35,5,3126.0,818,7,3125.8,54,2,3125.7,95,3,3125.6,91,4,3126.3,3,1,3126.4,61,1,3126.5,66,1,3126.6,37,1,3126.7,1,1
2031,2026-06-16 11:14:16+05:30,3126.2,1,3130.74,1541128,130695.0,217550.0,3163.0,3163.0,3108.0,3134.3,31891200,3447.7,2820.9,3839.9,2896.0,3126.2,18,1,3126.1,241,5,3126.0,818,7,3125.8,93,3,3125.7,95,3,3126.4,61,1,3126.5,66,1,3126.6,37,1,3126.7,1,1,3126.8,114,2
2031,2026-06-16 11:14:17+05:30,3126.2,1,3130.74,1541128,130695.0,217550.0,3163.0,3163.0,3108.0,3134.3,31891200,3447.7,2820.9,3839.9,2896.0,3126.2,18,1,3126.1,241,5,3126.0,818,7,3125.8,93,3,3125.7,95,3,3126.4,61,1,3126.5,66,1,3126.6,37,1,3126.7,1,1,3126.8,114,2
2031,2026-06-16 11:14:17+05:30,3126.4,1,3130.74,1541129,130539.0,216934.0,3163.0,3163.0,3108.0,3134.3,31891200,3447.7,2820.9,3839.9,2896.0,3126.2,18,1,3126.1,261,5,3126.0,818,7,3125.9,33,2,3125.8,90,2,3126.4,60,1,3126.6,37,1,3126.8,100,1,3127.0,200,1,3127.2,79,1
2031,2026-06-16 11:14:18+05:30,3126.4,60,3130.74,1541129,130539.0,216934.0,3163.0,3163.0,3108.0,3134.3,31891200,3447.7,2820.9,3839.9,2896.0,3126.2,18,1,3126.1,261,5,3126.0,818,7,3125.9,33,2,3125.8,90,2,3126.4,60,1,3126.6,37,1,3126.8,100,1,3127.0,200,1,3127.2,79,1
2031,2026-06-16 11:14:18+05:30,3126.4,1,3130.74,1541192,131237.0,217039.0,3163.0,3163.0,3108.0,3134.3,31891200,3447.7,2820.9,3839.9,2896.0,3126.4,15,1,3126.2,216,1,3126.1,222,4,3126.0,827,8,3125.9,51,2,3126.6,1,1,3126.8,100,1,3127.1,200,1,3127.3,57,1,3127.4,200,1
2031,2026-06-16 11:14:19+05:30,3126.4,1,3130.74,1541192,131237.0,217039.0,3163.0,3163.0,3108.0,3134.3,31891200,3447.7,2820.9,3839.9,2896.0,3126.4,15,1,3126.2,216,1,3126.1,222,4,3126.0,827,8,3125.9,51,2,3126.6,1,1,3126.8,100,1,3127.1,200,1,3127.3,57,1,3127.4,200,1
2031,2026-06-16 11:14:19+05:30,3126.5,2,3130.74,1541194,130849.0,216788.0,3163.0,3163.0,3108.0,3134.3,31891200,3447.7,2820.9,3839.9,2896.0,3126.4,15,1,3126.2,216,1,3126.1,222,4,3126.0,863,7,3125.9,21,1,3126.5,5,1,3126.6,2,2,3126.8,100,1,3127.0,200,1,3127.3,202,2
2031,2026-06-16 11:14:20+05:30,3126.6,1,3130.74,1541194,130849.0,216788.0,3163.0,3163.0,3108.0,3134.3,31891200,3447.7,2820.9,3839.9,2896.0,3126.4,15,1,3126.2,216,1,3126.1,222,4,3126.0,863,7,3125.9,21,1,3126.5,5,1,3126.6,2,2,3126.8,100,1,3127.0,200,1,3127.3,202,2
2031,2026-06-16 11:14:20+05:30,3126.8,100,3130.74,1541303,131051.0,217222.0,3163.0,3163.0,3108.0,3134.3,31891200,3447.7,2820.9,3839.9,2896.0,3126.4,240,4,3126.2,216,1,3126.1,220,2,3126.0,348,3,3125.9,42,2,3127.3,213,2,3127.4,257,2,3127.5,67,4,3127.6,326,4,3127.7,66,1
2031,2026-06-16 11:14:21+05:30,3127.2,1,3130.74,1541303,131051.0,217222.0,3163.0,3163.0,3108.0,3134.3,31891200,3447.7,2820.9,3839.9,2896.0,3126.4,240,4,3126.2,216,1,3126.1,220,2,3126.0,348,3,3125.9,42,2,3127.3,213,2,3127.4,257,2,3127.5,67,4,3127.6,326,4,3127.7,66,1
2031,2026-06-16 11:14:21+05:30,3127.2,1,3130.74,1541304,130868.0,217609.0,3163.0,3163.0,3108.0,3134.3,31891200,3447.7,2820.9,3839.9,2896.0,3126.4,240,4,3126.2,216,1,3126.1,220,2,3126.0,348,3,3125.8,80,3,3126.9,11,1,3127.0,100,1,3127.1,200,1,3127.3,68,3,3127.4,257,2
2031,2026-06-16 11:14:22+05:30,3126.4,10,3130.74,1541304,130868.0,217609.0,3163.0,3163.0,3108.0,3134.3,31891200,3447.7,2820.9,3839.9,2896.0,3126.4,240,4,3126.2,216,1,3126.1,220,2,3126.0,348,3,3125.8,80,3,3126.9,11,1,3127.0,100,1,3127.1,200,1,3127.3,68,3,3127.4,257,2
2031,2026-06-16 11:14:22+05:30,3126.6,1,3130.74,1541316,131306.0,217438.0,3163.0,3163.0,3108.0,3134.3,31891200,3447.7,2820.9,3839.9,2896.0,3126.6,18,1,3126.4,212,3,3126.2,216,1,3126.1,220,2,3126.0,348,3,3126.9,22,1,3127.0,100,1,3127.1,221,2,3127.3,85,3,3127.4,302,3
2031,2026-06-16 11:14:23+05:30,3126.6,2,3130.74,1541316,131306.0,217438.0,3163.0,3163.0,3108.0,3134.3,31891200,3447.7,2820.9,3839.9,2896.0,3126.6,18,1,3126.4,212,3,3126.2,216,1,3126.1,220,2,3126.0,348,3,3126.9,22,1,3127.0,100,1,3127.1,221,2,3127.3,85,3,3127.4,302,3
2031,2026-06-16 11:14:23+05:30,3126.6,2,3130.74,1541338,131249.0,217275.0,3163.0,3163.0,3108.0,3134.3,31891200,3447.7,2820.9,3839.9,2896.0,3126.6,17,1,3126.4,212,3,3126.2,216,1,3126.1,220,2,3126.0,348,3,3126.8,1,1,3126.9,22,1,3127.0,133,2,3127.1,200,1,3127.3,55,2
2031,2026-06-16 11:14:24+05:30,3126.6,1,3130.74,1541338,131249.0,217275.0,3163.0,3163.0,3108.0,3134.3,31891200,3447.7,2820.9,3839.9,2896.0,3126.6,17,1,3126.4,212,3,3126.2,216,1,3126.1,220,2,3126.0,348,3,3126.8,1,1,3126.9,22,1,3127.0,133,2,3127.1,200,1,3127.3,55,2
2031,2026-06-16 11:14:24+05:30,3126.7,2,3130.74,1541341,131260.0,217669.0,3163.0,3163.0,3108.0,3134.3,31891200,3447.7,2820.9,3839.9,2896.0,3126.7,18,1,3126.6,218,2,3126.5,1,1,3126.4,213,4,3126.2,216,1,3126.9,22,1,3127.0,133,2,3127.1,200,1,3127.3,55,2,3127.4,284,3
2031,2026-06-16 11:14:25+05:30,3126.9,22,3130.74,1541341,131260.0,217669.0,3163.0,3163.0,3108.0,3134.3,31891200,3447.7,2820.9,3839.9,2896.0,3126.7,18,1,3126.6,218,2,3126.5,1,1,3126.4,213,4,3126.2,216,1,3126.9,22,1,3127.0,133,2,3127.1,200,1,3127.3,55,2,3127.4,284,3
2031,2026-06-16 11:14:25+05:30,3126.9,3,3130.74,1541377,131493.0,217299.0,3163.0,3163.0,3108.0,3134.3,31891200,3447.7,2820.9,3839.9,2896.0,3126.9,15,2,3126.8,2,2,3126.6,226,3,3126.5,1,1,3126.4,211,2,3127.0,125,2,3127.3,294,4,3127.5,239,4,3127.6,247,3,3127.7,95,2
2031,2026-06-16 11:14:26+05:30,3127.0,100,3130.74,1541377,131493.0,217299.0,3163.0,3163.0,3108.0,3134.3,31891200,3447.7,2820.9,3839.9,2896.0,3126.9,15,2,3126.8,2,2,3126.6,226,3,3126.5,1,1,3126.4,211,2,3127.0,125,2,3127.3,294,4,3127.5,239,4,3127.6,247,3,3127.7,95,2
2031,2026-06-16 11:14:26+05:30,3126.4,105,3130.74,1542205,129955.0,217577.0,3163.0,3163.0,3108.0,3134.3,31891200,3447.7,2820.9,3839.9,2896.0,3126.4,106,2,3126.0,50,1,3125.6,31,2,3125.5,44,3,3125.4,51,2,3126.8,13,1,3126.9,221,2,3127.0,289,4,3127.1,9,1,3127.2,39,1
2031,2026-06-16 11:14:27+05:30,3127.0,200,3130.74,1542205,129955.0,217577.0,3163.0,3163.0,3108.0,3134.3,31891200,3447.7,2820.9,3839.9,2896.0,3126.4,106,2,3126.0,50,1,3125.6,31,2,3125.5,44,3,3125.4,51,2,3126.8,13,1,3126.9,221,2,3127.0,289,4,3127.1,9,1,3127.2,39,1
2031,2026-06-16 11:14:27+05:30,3127.3,1,3130.73,1543172,132001.0,218419.0,3163.0,3163.0,3108.0,3134.3,31891200,3447.7,2820.9,3839.9,2896.0,3127.0,609,4,3126.9,2,2,3126.5,22,1,3126.4,209,5,3126.2,77,2,3127.2,106,1,3127.3,54,2,3127.4,200,1,3127.5,239,4,3127.7,61,1
2031,2026-06-16 11:14:28+05:30,3127.3,1,3130.73,1543172,132001.0,218419.0,3163.0,3163.0,3108.0,3134.3,31891200,3447.7,2820.9,3839.9,2896.0,3127.0,609,4,3126.9,2,2,3126.5,22,1,3126.4,209,5,3126.2,77,2,3127.2,106,1,3127.3,54,2,3127.4,200,1,3127.5,239,4,3127.7,61,1
2031,2026-06-16 11:14:28+05:30,3127.0,2,3130.73,1543280,131836.0,218452.0,3163.0,3163.0,3108.0,3134.3,31891200,3447.7,2820.9,3839.9,2896.0,3127.0,455,4,3126.9,22,3,3126.5,22,1,3126.4,84,3,3126.2,77,2,3127.1,212,2,3127.3,54,2,3127.4,200,1,3127.5,239,4,3127.8,99,2
2031,2026-06-16 11:14:29+05:30,3127.0,2,3130.73,1543280,131836.0,218452.0,3163.0,3163.0,3108.0,3134.3,31891200,3447.7,2820.9,3839.9,2896.0,3127.0,455,4,3126.9,22,3,3126.5,22,1,3126.4,84,3,3126.2,77,2,3127.1,212,2,3127.3,54,2,3127.4,200,1,3127.5,239,4,3127.8,99,2
2031,2026-06-16 11:14:29+05:30,3127.0,1,3130.73,1543288,131775.0,218658.0,3163.0,3163.0,3108.0,3134.3,31891200,3447.7,2820.9,3839.9,2896.0,3127.0,464,5,3126.9,2,2,3126.4,84,3,3126.2,102,3,3126.1,21,1,3127.1,212,2,3127.3,54,2,3127.4,200,1,3127.5,239,4,3127.8,99,2
2031,2026-06-16 11:14:30+05:30,3127.1,1,3130.73,1543288,131775.0,218658.0,3163.0,3163.0,3108.0,3134.3,31891200,3447.7,2820.9,3839.9,2896.0,3127.0,464,5,3126.9,2,2,3126.4,84,3,3126.2,102,3,3126.1,21,1,3127.1,212,2,3127.3,54,2,3127.4,200,1,3127.5,239,4,3127.8,99,2
2031,2026-06-16 11:14:30+05:30,3126.9,8,3130.73,1544280,129433.0,218621.0,3163.0,3163.0,3108.0,3134.3,31891200,3447.7,2820.9,3839.9,2896.0,3126.4,1,1,3126.0,50,1,3125.9,12,1,3125.6,70,3,3125.5,102,4,3126.6,109,1,3126.7,192,2,3127.0,14,1,3127.1,35,3,3127.3,127,3
2031,2026-06-16 11:14:31+05:30,3127.0,200,3130.73,1544280,129433.0,218621.0,3163.0,3163.0,3108.0,3134.3,31891200,3447.7,2820.9,3839.9,2896.0,3126.4,1,1,3126.0,50,1,3125.9,12,1,3125.6,70,3,3125.5,102,4,3126.6,109,1,3126.7,192,2,3127.0,14,1,3127.1,35,3,3127.3,127,3
2031,2026-06-16 11:14:31+05:30,3127.0,58,3130.73,1544868,131259.0,218392.0,3163.0,3163.0,3108.0,3134.3,31891200,3447.7,2820.9,3839.9,2896.0,3127.0,612,2,3126.4,81,3,3126.3,44,2,3126.2,13,1,3126.1,133,4,3127.1,200,1,3127.2,13,1,3127.3,67,3,3127.5,239,4,3127.7,2,1
2031,2026-06-16 11:14:32+05:30,3127.0,58,3130.73,1544868,131259.0,218392.0,3163.0,3163.0,3108.0,3134.3,31891200,3447.7,2820.9,3839.9,2896.0,3127.0,612,2,3126.4,81,3,3126.3,44,2,3126.2,13,1,3126.1,133,4,3127.1,200,1,3127.2,13,1,3127.3,67,3,3127.5,239,4,3127.7,2,1
2031,2026-06-16 11:14:32+05:30,3127.0,7,3130.73,1544876,131302.0,218460.0,3163.0,3163.0,3108.0,3134.3,31891200,3447.7,2820.9,3839.9,2896.0,3127.0,645,3,3126.4,81,3,3126.3,44,2,3126.2,13,1,3126.1,133,4,3127.1,199,1,3127.2,13,1,3127.3,67,3,3127.5,239,4,3127.8,42,1
2031,2026-06-16 11:14:33+05:30,3127.0,7,3130.73,1544876,131302.0,218460.0,3163.0,3163.0,3108.0,3134.3,31891200,3447.7,2820.9,3839.9,2896.0,3127.0,645,3,3126.4,81,3,3126.3,44,2,3126.2,13,1,3126.1,133,4,3127.1,199,1,3127.2,13,1,3127.3,67,3,3127.5,239,4,3127.8,42,1
2031,2026-06-16 11:14:33+05:30,3127.0,7,3130.73,1544876,131996.0,218389.0,3163.0,3163.0,3108.0,3134.3,31891200,3447.7,2820.9,3839.9,2896.0,3127.0,645,3,3126.4,101,4,3126.3,44,2,3126.2,13,1,3126.1,154,5,3127.2,199,1,3127.3,1,1,3127.5,239,4,3127.8,42,1,3127.9,118,3
2031,2026-06-16 11:14:34+05:30,3127.0,1,3130.73,1544876,131996.0,218389.0,3163.0,3163.0,3108.0,3134.3,31891200,3447.7,2820.9,3839.9,2896.0,3127.0,645,3,3126.4,101,4,3126.3,44,2,3126.2,13,1,3126.1,154,5,3127.2,199,1,3127.3,1,1,3127.5,239,4,3127.8,42,1,3127.9,118,3
2031,2026-06-16 11:14:34+05:30,3127.0,1,3130.73,1544878,132048.0,218411.0,3163.0,3163.0,3108.0,3134.3,31891200,3447.7,2820.9,3839.9,2896.0,3127.0,645,4,3126.4,101,4,3126.3,44,2,3126.2,45,2,3126.1,101,3,3127.2,224,2,3127.3,1,1,3127.5,239,4,3127.9,116,2,3128.0,712,7
2031,2026-06-16 11:14:35+05:30,3127.0,1,3130.73,1544878,132119.0,218344.0,3163.0,3163.0,3108.0,3134.3,31891200,3447.7,2820.9,3839.9,2896.0,3127.0,697,6,3126.4,113,4,3126.3,65,3,3126.2,45,2,3126.1,101,3,3127.1,1,1,3127.2,224,2,3127.5,239,4,3127.9,121,3,3128.0,712,7
2031,2026-06-16 11:14:36+05:30,3127.0,2,3130.73,1544880,132388.0,218124.0,3163.0,3163.0,3108.0,3134.3,31891200,3447.7,2820.9,3839.9,2896.0,3127.0,695,6,3126.7,51,2,3126.5,21,1,3126.4,132,5,3126.3,78,2,3127.1,1,1,3127.2,224,2,3127.5,214,2,3127.9,66,2,3128.0,626,5
2031,2026-06-16 11:14:37+05:30,3127.0,2,3130.73,1544880,132388.0,218124.0,3163.0,3163.0,3108.0,3134.3,31891200,3447.7,2820.9,3839.9,2896.0,3127.0,695,6,3126.7,51,2,3126.5,21,1,3126.4,132,5,3126.3,78,2,3127.1,1,1,3127.2,224,2,3127.5,214,2,3127.9,66,2,3128.0,626,5
2031,2026-06-16 11:14:37+05:30,3127.1,21,3130.73,1544903,132567.0,218249.0,3163.0,3163.0,3108.0,3134.3,31891200,3447.7,2820.9,3839.9,2896.0,3127.1,20,1,3127.0,677,5,3126.8,19,1,3126.7,11,1,3126.6,46,2,3127.2,197,1,3127.4,200,1,3127.5,200,1,3127.9,5,1,3128.0,584,4
2031,2026-06-16 11:14:38+05:30,3127.1,2,3130.73,1544903,132567.0,218249.0,3163.0,3163.0,3108.0,3134.3,31891200,3447.7,2820.9,3839.9,2896.0,3127.1,20,1,3127.0,677,5,3126.8,19,1,3126.7,11,1,3126.6,46,2,3127.2,197,1,3127.4,200,1,3127.5,200,1,3127.9,5,1,3128.0,584,4
2031,2026-06-16 11:14:38+05:30,3127.1,2,3130.73,1544903,132567.0,218249.0,3163.0,3163.0,3108.0,3134.3,31891200,3447.7,2820.9,3839.9,2896.0,3127.1,20,1,3127.0,677,5,3126.8,19,1,3126.7,11,1,3126.6,46,2,3127.2,197,1,3127.4,200,1,3127.5,200,1,3127.9,5,1,3128.0,584,4
2031,2026-06-16 11:14:38+05:30,3127.0,23,3130.73,1545128,132063.0,216913.0,3163.0,3163.0,3108.0,3134.3,31891200,3447.7,2820.9,3839.9,2896.0,3127.0,638,4,3126.4,1,1,3126.3,25,1,3126.2,25,1,3126.1,133,4,3127.1,200,1,3127.2,200,2,3127.4,260,2,3127.5,204,2,3127.8,92,2
2031,2026-06-16 11:14:39+05:30,3127.1,19,3130.73,1545128,132063.0,216913.0,3163.0,3163.0,3108.0,3134.3,31891200,3447.7,2820.9,3839.9,2896.0,3127.0,638,4,3126.4,1,1,3126.3,25,1,3126.2,25,1,3126.1,133,4,3127.1,200,1,3127.2,200,2,3127.4,260,2,3127.5,204,2,3127.8,92,2
2031,2026-06-16 11:14:39+05:30,3127.0,4,3130.73,1545152,132140.0,218737.0,3163.0,3163.0,3108.0,3134.3,31891200,3447.7,2820.9,3839.9,2896.0,3127.0,633,3,3126.7,30,2,3126.6,32,1,3126.4,52,3,3126.3,104,3,3127.1,180,1,3127.2,200,2,3127.4,200,1,3127.5,200,1,3127.8,58,1
2031,2026-06-16 11:14:40+05:30,3127.0,4,3130.73,1545152,132140.0,218737.0,3163.0,3163.0,3108.0,3134.3,31891200,3447.7,2820.9,3839.9,2896.0,3127.0,633,3,3126.7,30,2,3126.6,32,1,3126.4,52,3,3126.3,104,3,3127.1,180,1,3127.2,200,2,3127.4,200,1,3127.5,200,1,3127.8,58,1
2031,2026-06-16 11:14:40+05:30,3127.0,4,3130.73,1545152,132140.0,218737.0,3163.0,3163.0,3108.0,3134.3,31891200,3447.7,2820.9,3839.9,2896.0,3127.0,633,3,3126.7,30,2,3126.6,32,1,3126.4,52,3,3126.3,104,3,3127.1,180,1,3127.2,200,2,3127.4,200,1,3127.5,200,1,3127.8,58,1
2031,2026-06-16 11:14:40+05:30,3127.0,1,3130.73,1545154,132184.0,218801.0,3163.0,3163.0,3108.0,3134.3,31891200,3447.7,2820.9,3839.9,2896.0,3127.0,712,4,3126.8,33,1,3126.7,30,2,3126.6,47,2,3126.5,21,1,3127.1,179,1,3127.2,197,1,3127.4,200,1,3127.5,200,1,3127.8,58,1
2031,2026-06-16 11:14:41+05:30,3127.0,14,3130.73,1545154,132184.0,218801.0,3163.0,3163.0,3108.0,3134.3,31891200,3447.7,2820.9,3839.9,2896.0,3127.0,712,4,3126.8,33,1,3126.7,30,2,3126.6,47,2,3126.5,21,1,3127.1,179,1,3127.2,197,1,3127.4,200,1,3127.5,200,1,3127.8,58,1
2031,2026-06-16 11:14:41+05:30,3127.0,2,3130.73,1545170,132212.0,216915.0,3163.0,3163.0,3108.0,3134.3,31891200,3447.7,2820.9,3839.9,2896.0,3127.0,750,7,3126.9,31,3,3126.8,33,1,3126.7,11,1,3126.6,66,3,3127.1,179,1,3127.2,197,1,3127.4,200,1,3127.5,200,1,3127.9,5,1
2031,2026-06-16 11:14:42+05:30,3127.0,2,3130.73,1545170,132212.0,216915.0,3163.0,3163.0,3108.0,3134.3,31891200,3447.7,2820.9,3839.9,2896.0,3127.0,750,7,3126.9,31,3,3126.8,33,1,3126.7,11,1,3126.6,66,3,3127.1,179,1,3127.2,197,1,3127.4,200,1,3127.5,200,1,3127.9,5,1
2031,2026-06-16 11:14:42+05:30,3127.0,2,3130.73,1545170,132212.0,216915.0,3163.0,3163.0,3108.0,3134.3,31891200,3447.7,2820.9,3839.9,2896.0,3127.0,750,7,3126.9,31,3,3126.8,33,1,3126.7,11,1,3126.6,66,3,3127.1,179,1,3127.2,197,1,3127.4,200,1,3127.5,200,1,3127.9,5,1
2031,2026-06-16 11:14:42+05:30,3127.0,2,3130.73,1545170,132218.0,218720.0,3163.0,3163.0,3108.0,3134.3,31891200,3447.7,2820.9,3839.9,2896.0,3127.0,750,7,3126.9,31,3,3126.8,33,1,3126.7,11,1,3126.6,66,3,3127.1,179,1,3127.2,197,1,3127.4,200,1,3127.5,200,1,3127.9,5,1
2031,2026-06-16 11:14:43+05:30,3127.1,1,3130.73,1545170,132218.0,218720.0,3163.0,3163.0,3108.0,3134.3,31891200,3447.7,2820.9,3839.9,2896.0,3127.0,750,7,3126.9,31,3,3126.8,33,1,3126.7,11,1,3126.6,66,3,3127.1,179,1,3127.2,197,1,3127.4,200,1,3127.5,200,1,3127.9,5,1
2031,2026-06-16 11:14:43+05:30,3127.0,178,3130.73,1545349,132262.0,218696.0,3163.0,3163.0,3108.0,3134.3,31891200,3447.7,2820.9,3839.9,2896.0,3127.0,536,5,3126.9,52,2,3126.8,21,2,3126.7,11,1,3126.6,66,3,3127.1,19,1,3127.2,197,1,3127.4,200,1,3127.5,200,1,3127.9,5,1
2031,2026-06-16 11:14:44+05:30,3127.0,178,3130.73,1545349,132262.0,218696.0,3163.0,3163.0,3108.0,3134.3,31891200,3447.7,2820.9,3839.9,2896.0,3127.0,536,5,3126.9,52,2,3126.8,21,2,3126.7,11,1,3126.6,66,3,3127.1,19,1,3127.2,197,1,3127.4,200,1,3127.5,200,1,3127.9,5,1
2031,2026-06-16 11:14:44+05:30,3127.0,178,3130.73,1545349,132262.0,218696.0,3163.0,3163.0,3108.0,3134.3,31891200,3447.7,2820.9,3839.9,2896.0,3127.0,536,5,3126.9,52,2,3126.8,21,2,3126.7,11,1,3126.6,66,3,3127.1,19,1,3127.2,197,1,3127.4,200,1,3127.5,200,1,3127.9,5,1
2031,2026-06-16 11:14:44+05:30,3127.1,5,3130.73,1545373,132073.0,218428.0,3163.0,3163.0,3108.0,3134.3,31891200,3447.7,2820.9,3839.9,2896.0,3127.1,14,1,3127.0,518,4,3126.9,33,1,3126.8,9,1,3126.7,11,1,3127.2,197,1,3127.4,200,1,3127.5,200,1,3127.9,5,1,3128.0,584,4
2031,2026-06-16 11:14:45+05:30,3127.0,1,3130.73,1545373,132073.0,218428.0,3163.0,3163.0,3108.0,3134.3,31891200,3447.7,2820.9,3839.9,2896.0,3127.1,14,1,3127.0,518,4,3126.9,33,1,3126.8,9,1,3126.7,11,1,3127.2,197,1,3127.4,200,1,3127.5,200,1,3127.9,5,1,3128.0,584,4
2031,2026-06-16 11:14:45+05:30,3127.2,2,3130.73,1545382,132528.0,218569.0,3163.0,3163.0,3108.0,3134.3,31891200,3447.7,2820.9,3839.9,2896.0,3127.1,1,1,3127.0,534,5,3126.9,33,1,3126.8,19,1,3126.6,66,3,3127.2,193,2,3127.4,200,1,3127.5,200,1,3127.9,5,1,3128.0,584,4
2031,2026-06-16 11:14:46+05:30,3127.2,2,3130.73,1545382,132528.0,218569.0,3163.0,3163.0,3108.0,3134.3,31891200,3447.7,2820.9,3839.9,2896.0,3127.1,1,1,3127.0,534,5,3126.9,33,1,3126.8,19,1,3126.6,66,3,3127.2,193,2,3127.4,200,1,3127.5,200,1,3127.9,5,1,3128.0,584,4
2031,2026-06-16 11:14:46+05:30,3127.1,1,3130.73,1545382,132528.0,218569.0,3163.0,3163.0,3108.0,3134.3,31891200,3447.7,2820.9,3839.9,2896.0,3127.1,1,1,3127.0,534,5,3126.9,33,1,3126.8,19,1,3126.6,66,3,3127.2,193,2,3127.4,200,1,3127.5,200,1,3127.9,5,1,3128.0,584,4
2031,2026-06-16 11:14:46+05:30,3127.0,8,3130.73,1545575,132541.0,218250.0,3163.0,3163.0,3108.0,3134.3,31891200,3447.7,2820.9,3839.9,2896.0,3127.0,509,4,3126.9,42,2,3126.8,31,2,3126.6,66,3,3126.5,155,4,3127.1,200,1,3127.2,1,1,3127.4,200,1,3127.5,200,1,3128.0,588,5
2031,2026-06-16 11:14:47+05:30,3127.2,1,3130.73,1545575,132541.0,218250.0,3163.0,3163.0,3108.0,3134.3,31891200,3447.7,2820.9,3839.9,2896.0,3127.0,509,4,3126.9,42,2,3126.8,31,2,3126.6,66,3,3126.5,155,4,3127.1,200,1,3127.2,1,1,3127.4,200,1,3127.5,200,1,3128.0,588,5
2031,2026-06-16 11:14:47+05:30,3127.2,1,3130.73,1545575,132541.0,218250.0,3163.0,3163.0,3108.0,3134.3,31891200,3447.7,2820.9,3839.9,2896.0,3127.0,509,4,3126.9,42,2,3126.8,31,2,3126.6,66,3,3126.5,155,4,3127.1,200,1,3127.2,1,1,3127.4,200,1,3127.5,200,1,3128.0,588,5
2031,2026-06-16 11:14:47+05:30,3127.2,1,3130.73,1545597,132475.0,217879.0,3163.0,3163.0,3108.0,3134.3,31891200,3447.7,2820.9,3839.9,2896.0,3127.0,543,7,3126.9,6,1,3126.8,61,3,3126.6,83,4,3126.5,153,4,3127.1,200,2,3127.4,200,1,3127.5,200,1,3128.0,588,5,3128.1,26,2
2031,2026-06-16 11:14:48+05:30,3127.0,3,3130.73,1545597,132475.0,217879.0,3163.0,3163.0,3108.0,3134.3,31891200,3447.7,2820.9,3839.9,2896.0,3127.0,543,7,3126.9,6,1,3126.8,61,3,3126.6,83,4,3126.5,153,4,3127.1,200,2,3127.4,200,1,3127.5,200,1,3128.0,588,5,3128.1,26,2
2031,2026-06-16 11:14:48+05:30,3127.1,1,3130.73,1545601,132077.0,217121.0,3163.0,3163.0,3108.0,3134.3,31891200,3447.7,2820.9,3839.9,2896.0,3127.0,521,6,3126.9,6,1,3126.8,52,2,3126.7,21,1,3126.6,83,4,3127.1,25,1,3127.5,199,1,3127.8,200,1,3127.9,200,1,3128.0,588,5
2031,2026-06-16 11:14:48+05:30,3127.1,1,3130.73,1545601,132077.0,217121.0,3163.0,3163.0,3108.0,3134.3,31891200,3447.7,2820.9,3839.9,2896.0,3127.0,521,6,3126.9,6,1,3126.8,52,2,3126.7,21,1,3126.6,83,4,3127.1,25,1,3127.5,199,1,3127.8,200,1,3127.9,200,1,3128.0,588,5
2031,2026-06-16 11:14:49+05:30,3127.1,1,3130.73,1545601,132077.0,217121.0,3163.0,3163.0,3108.0,3134.3,31891200,3447.7,2820.9,3839.9,2896.0,3127.0,521,6,3126.9,6,1,3126.8,52,2,3126.7,21,1,3126.6,83,4,3127.1,25,1,3127.5,199,1,3127.8,200,1,3127.9,200,1,3128.0,588,5
2031,2026-06-16 11:14:49+05:30,3127.1,1,3130.73,1545601,132077.0,217347.0,3163.0,3163.0,3108.0,3134.3,31891200,3447.7,2820.9,3839.9,2896.0,3127.0,521,6,3126.9,6,1,3126.8,52,2,3126.7,21,1,3126.6,83,4,3127.1,26,2,3127.5,199,1,3127.8,200,1,3127.9,200,1,3128.0,588,5
2031,2026-06-16 11:14:49+05:30,3127.1,1,3130.73,1545601,132077.0,217347.0,3163.0,3163.0,3108.0,3134.3,31891200,3447.7,2820.9,3839.9,2896.0,3127.0,521,6,3126.9,6,1,3126.8,52,2,3126.7,21,1,3126.6,83,4,3127.1,26,2,3127.5,199,1,3127.8,200,1,3127.9,200,1,3128.0,588,5
2031,2026-06-16 11:14:50+05:30,3127.1,1,3130.73,1545601,132077.0,217347.0,3163.0,3163.0,3108.0,3134.3,31891200,3447.7,2820.9,3839.9,2896.0,3127.0,521,6,3126.9,6,1,3126.8,52,2,3126.7,21,1,3126.6,83,4,3127.1,26,2,3127.5,199,1,3127.8,200,1,3127.9,200,1,3128.0,588,5
2031,2026-06-16 11:14:50+05:30,3127.1,1,3130.73,1545601,132419.0,216859.0,3163.0,3163.0,3108.0,3134.3,31891200,3447.7,2820.9,3839.9,2896.0,3127.0,539,7,3126.9,25,2,3126.8,33,1,3126.6,104,5,3126.5,75,2,3127.1,68,4,3127.5,199,1,3127.8,200,1,3127.9,200,1,3128.0,647,6
2031,2026-06-16 11:14:51+05:30,3127.1,1,3130.73,1545601,132419.0,216859.0,3163.0,3163.0,3108.0,3134.3,31891200,3447.7,2820.9,3839.9,2896.0,3127.0,539,7,3126.9,25,2,3126.8,33,1,3126.6,104,5,3126.5,75,2,3127.1,68,4,3127.5,199,1,3127.8,200,1,3127.9,200,1,3128.0,647,6
2031,2026-06-16 11:14:51+05:30,3127.0,200,3130.73,1545801,131682.0,215681.0,3163.0,3163.0,3108.0,3134.3,31891200,3447.7,2820.9,3839.9,2896.0,3127.0,303,5,3126.8,33,1,3126.6,69,3,3126.5,17,1,3126.4,93,5,3127.1,68,4,3127.5,199,1,3127.8,258,2,3127.9,200,1,3128.0,647,6
2031,2026-06-16 11:14:52+05:30,3127.0,200,3130.73,1545801,131682.0,215681.0,3163.0,3163.0,3108.0,3134.3,31891200,3447.7,2820.9,3839.9,2896.0,3127.0,303,5,3126.8,33,1,3126.6,69,3,3126.5,17,1,3126.4,93,5,3127.1,68,4,3127.5,199,1,3127.8,258,2,3127.9,200,1,3128.0,647,6
2031,2026-06-16 11:14:52+05:30,3127.0,22,3130.73,1545801,131682.0,215681.0,3163.0,3163.0,3108.0,3134.3,31891200,3447.7,2820.9,3839.9,2896.0,3127.0,303,5,3126.8,33,1,3126.6,69,3,3126.5,17,1,3126.4,93,5,3127.1,68,4,3127.5,199,1,3127.8,258,2,3127.9,200,1,3128.0,647,6
2031,2026-06-16 11:14:52+05:30,3127.1,4,3130.73,1545827,131875.0,217479.0,3163.0,3163.0,3108.0,3134.3,31891200,3447.7,2820.9,3839.9,2896.0,3127.0,281,5,3126.9,25,2,3126.8,33,1,3126.6,69,3,3126.5,17,1,3127.1,64,4,3127.5,199,1,3127.8,258,2,3127.9,200,1,3128.0,647,6
2031,2026-06-16 11:14:52+05:30,3127.1,4,3130.73,1545827,131875.0,217479.0,3163.0,3163.0,3108.0,3134.3,31891200,3447.7,2820.9,3839.9,2896.0,3127.0,281,5,3126.9,25,2,3126.8,33,1,3126.6,69,3,3126.5,17,1,3127.1,64,4,3127.5,199,1,3127.8,258,2,3127.9,200,1,3128.0,647,6
2031,2026-06-16 11:14:53+05:30,3127.1,1,3130.73,1545827,131875.0,217479.0,3163.0,3163.0,3108.0,3134.3,31891200,3447.7,2820.9,3839.9,2896.0,3127.0,281,5,3126.9,25,2,3126.8,33,1,3126.6,69,3,3126.5,17,1,3127.1,64,4,3127.5,199,1,3127.8,258,2,3127.9,200,1,3128.0,647,6
2031,2026-06-16 11:14:53+05:30,3127.1,1,3130.73,1545827,131875.0,217479.0,3163.0,3163.0,3108.0,3134.3,31891200,3447.7,2820.9,3839.9,2896.0,3127.0,281,5,3126.9,25,2,3126.8,33,1,3126.6,69,3,3126.5,17,1,3127.1,64,4,3127.5,199,1,3127.8,258,2,3127.9,200,1,3128.0,647,6
2031,2026-06-16 11:14:53+05:30,3127.7,1,3130.73,1545899,132687.0,217131.0,3163.0,3163.0,3108.0,3134.3,31891200,3447.7,2820.9,3839.9,2896.0,3127.2,1,1,3127.1,1,1,3127.0,278,5,3126.9,6,1,3126.8,33,1,3127.7,198,1,3127.8,200,1,3127.9,200,1,3128.0,551,3,3128.1,12,1
2031,2026-06-16 11:14:54+05:30,3127.7,1,3130.73,1545899,132687.0,217131.0,3163.0,3163.0,3108.0,3134.3,31891200,3447.7,2820.9,3839.9,2896.0,3127.2,1,1,3127.1,1,1,3127.0,278,5,3126.9,6,1,3126.8,33,1,3127.7,198,1,3127.8,200,1,3127.9,200,1,3128.0,551,3,3128.1,12,1
2031,2026-06-16 11:14:54+05:30,3127.7,1,3130.73,1545899,132687.0,217131.0,3163.0,3163.0,3108.0,3134.3,31891200,3447.7,2820.9,3839.9,2896.0,3127.2,1,1,3127.1,1,1,3127.0,278,5,3126.9,6,1,3126.8,33,1,3127.7,198,1,3127.8,200,1,3127.9,200,1,3128.0,551,3,3128.1,12,1
2031,2026-06-16 11:14:54+05:30,3127.4,1,3130.73,1545900,132534.0,215384.0,3163.0,3163.0,3108.0,3134.3,31891200,3447.7,2820.9,3839.9,2896.0,3127.2,1,1,3127.1,21,2,3127.0,260,4,3126.8,33,1,3126.6,50,2,3127.4,17,2,3127.5,200,2,3127.8,200,1,3127.9,200,1,3128.0,547,2
2031,2026-06-16 11:14:55+05:30,3127.4,1,3130.73,1545900,132534.0,215384.0,3163.0,3163.0,3108.0,3134.3,31891200,3447.7,2820.9,3839.9,2896.0,3127.2,1,1,3127.1,21,2,3127.0,260,4,3126.8,33,1,3126.6,50,2,3127.4,17,2,3127.5,200,2,3127.8,200,1,3127.9,200,1,3128.0,547,2
2031,2026-06-16 11:14:55+05:30,3127.0,7,3130.73,1545900,132534.0,215384.0,3163.0,3163.0,3108.0,3134.3,31891200,3447.7,2820.9,3839.9,2896.0,3127.2,1,1,3127.1,21,2,3127.0,260,4,3126.8,33,1,3126.6,50,2,3127.4,17,2,3127.5,200,2,3127.8,200,1,3127.9,200,1,3128.0,547,2
2031,2026-06-16 11:14:55+05:30,3127.4,1,3130.73,1546101,132487.0,216880.0,3163.0,3163.0,3108.0,3134.3,31891200,3447.7,2820.9,3839.9,2896.0,3127.0,253,4,3126.9,15,1,3126.7,33,1,3126.6,17,1,3126.5,52,2,3127.4,111,6,3127.5,200,2,3127.8,200,1,3127.9,200,1,3128.0,547,2
2031,2026-06-16 11:14:55+05:30,3127.4,1,3130.73,1546101,132487.0,216880.0,3163.0,3163.0,3108.0,3134.3,31891200,3447.7,2820.9,3839.9,2896.0,3127.0,253,4,3126.9,15,1,3126.7,33,1,3126.6,17,1,3126.5,52,2,3127.4,111,6,3127.5,200,2,3127.8,200,1,3127.9,200,1,3128.0,547,2
2031,2026-06-16 11:14:56+05:30,3127.0,6,3130.73,1546101,132487.0,216880.0,3163.0,3163.0,3108.0,3134.3,31891200,3447.7,2820.9,3839.9,2896.0,3127.0,253,4,3126.9,15,1,3126.7,33,1,3126.6,17,1,3126.5,52,2,3127.4,111,6,3127.5,200,2,3127.8,200,1,3127.9,200,1,3128.0,547,2
2031,2026-06-16 11:14:56+05:30,3127.0,6,3130.73,1546107,132077.0,217060.0,3163.0,3163.0,3108.0,3134.3,31891200,3447.7,2820.9,3839.9,2896.0,3127.0,247,4,3126.9,15,1,3126.7,33,1,3126.6,17,1,3126.5,52,2,3127.1,22,1,3127.4,105,5,3127.5,200,2,3127.8,200,1,3127.9,200,1
2031,2026-06-16 11:14:56+05:30,3127.0,6,3130.73,1546107,132077.0,217060.0,3163.0,3163.0,3108.0,3134.3,31891400,3447.7,2820.9,3839.9,2896.0,3127.0,247,4,3126.9,15,1,3126.7,33,1,3126.6,17,1,3126.5,52,2,3127.1,22,1,3127.4,105,5,3127.5,200,2,3127.8,200,1,3127.9,200,1
2031,2026-06-16 11:14:57+05:30,3127.0,3,3130.73,1546107,132077.0,217060.0,3163.0,3163.0,3108.0,3134.3,31891400,3447.7,2820.9,3839.9,2896.0,3127.0,247,4,3126.9,15,1,3126.7,33,1,3126.6,17,1,3126.5,52,2,3127.1,22,1,3127.4,105,5,3127.5,200,2,3127.8,200,1,3127.9,200,1
2031,2026-06-16 11:14:57+05:30,3127.0,3,3130.73,1546130,132014.0,217061.0,3163.0,3163.0,3108.0,3134.3,31891400,3447.7,2820.9,3839.9,2896.0,3127.0,224,4,3126.9,15,1,3126.7,33,1,3126.6,17,1,3126.5,17,1,3127.1,22,1,3127.4,105,5,3127.5,200,2,3127.8,200,1,3127.9,200,1
2031,2026-06-16 11:14:58+05:30,3127.0,3,3130.73,1546130,132048.0,216652.0,3163.0,3163.0,3108.0,3134.3,31891400,3447.7,2820.9,3839.9,2896.0,3127.0,224,4,3126.9,21,2,3126.7,33,1,3126.6,17,1,3126.5,17,1,3127.1,22,1,3127.4,105,5,3127.5,214,3,3127.8,200,1,3127.9,200,1
2031,2026-06-16 11:14:59+05:30,3127.1,1,3130.73,1546130,132048.0,216652.0,3163.0,3163.0,3108.0,3134.3,31891400,3447.7,2820.9,3839.9,2896.0,3127.0,224,4,3126.9,21,2,3126.7,33,1,3126.6,17,1,3126.5,17,1,3127.1,22,1,3127.4,105,5,3127.5,214,3,3127.8,200,1,3127.9,200,1
2031,2026-06-16 11:14:59+05:30,3127.1,1,3130.73,1546131,132191.0,216578.0,3163.0,3163.0,3108.0,3134.3,31891400,3447.7,2820.9,3839.9,2896.0,3127.0,224,4,3126.9,21,2,3126.7,33,1,3126.6,17,1,3126.5,17,1,3127.1,21,1,3127.4,105,5,3127.5,214,3,3127.8,200,1,3127.9,200,1
2031,2026-06-16 11:15:00+05:30,3127.0,10,3130.73,1546131,132191.0,216578.0,3163.0,3163.0,3108.0,3134.3,31891400,3447.7,2820.9,3839.9,2896.0,3127.0,224,4,3126.9,21,2,3126.7,33,1,3126.6,17,1,3126.5,17,1,3127.1,21,1,3127.4,105,5,3127.5,214,3,3127.8,200,1,3127.9,200,1
2031,2026-06-16 11:15:00+05:30,3127.1,2,3130.73,1546147,131924.0,214991.0,3163.0,3163.0,3108.0,3134.3,31891400,3447.7,2820.9,3839.9,2896.0,3127.0,235,7,3126.9,21,2,3126.7,33,1,3126.6,17,1,3126.5,17,1,3127.1,17,2,3127.4,105,5,3127.5,212,2,3127.8,200,1,3127.9,200,1
2031,2026-06-16 11:15:01+05:30,3127.0,16,3130.73,1546147,131924.0,214991.0,3163.0,3163.0,3108.0,3134.3,31891400,3447.7,2820.9,3839.9,2896.0,3127.0,235,7,3126.9,21,2,3126.7,33,1,3126.6,17,1,3126.5,17,1,3127.1,17,2,3127.4,105,5,3127.5,212,2,3127.8,200,1,3127.9,200,1
2031,2026-06-16 11:15:01+05:30,3127.0,2,3130.73,1546167,132251.0,215257.0,3163.0,3163.0,3108.0,3134.3,31891400,3447.7,2820.9,3839.9,2896.0,3127.0,280,8,3126.9,21,2,3126.8,9,1,3126.7,33,1,3126.6,36,2,3127.1,27,2,3127.4,105,5,3127.5,212,2,3127.8,200,1,3127.9,200,1
2031,2026-06-16 11:15:02+05:30,3127.0,2,3130.73,1546167,132251.0,215257.0,3163.0,3163.0,3108.0,3134.3,31891400,3447.7,2820.9,3839.9,2896.0,3127.0,280,8,3126.9,21,2,3126.8,9,1,3126.7,33,1,3126.6,36,2,3127.1,27,2,3127.4,105,5,3127.5,212,2,3127.8,200,1,3127.9,200,1
2031,2026-06-16 11:15:02+05:30,3127.0,1,3130.73,1546170,132186.0,215254.0,3163.0,3163.0,3108.0,3134.3,31891400,3447.7,2820.9,3839.9,2896.0,3127.0,277,8,3126.9,21,2,3126.7,45,2,3126.6,17,1,3126.5,38,2,3127.1,27,2,3127.4,105,5,3127.5,212,2,3127.8,200,1,3127.9,200,1
2031,2026-06-16 11:15:03+05:30,3127.0,1,3130.73,1546170,132186.0,215254.0,3163.0,3163.0,3108.0,3134.3,31891400,3447.7,2820.9,3839.9,2896.0,3127.0,277,8,3126.9,21,2,3126.7,45,2,3126.6,17,1,3126.5,38,2,3127.1,27,2,3127.4,105,5,3127.5,212,2,3127.8,200,1,3127.9,200,1
2031,2026-06-16 11:15:03+05:30,3127.1,26,3130.73,1546397,132243.0,217779.0,3163.0,3163.0,3108.0,3134.3,31891400,3447.7,2820.9,3839.9,2896.0,3127.1,5,1,3127.0,219,6,3126.9,21,2,3126.6,52,2,3126.4,53,3,3127.3,25,1,3127.4,305,7,3127.5,20,2,3127.7,262,2,3127.8,254,2
2031,2026-06-16 11:15:04+05:30,3127.3,1,3130.73,1546397,132243.0,217779.0,3163.0,3163.0,3108.0,3134.3,31891400,3447.7,2820.9,3839.9,2896.0,3127.1,5,1,3127.0,219,6,3126.9,21,2,3126.6,52,2,3126.4,53,3,3127.3,25,1,3127.4,305,7,3127.5,20,2,3127.7,262,2,3127.8,254,2
2031,2026-06-16 11:15:04+05:30,3127.3,1,3130.73,1546398,132324.0,215933.0,3163.0,3163.0,3108.0,3134.3,31891400,3447.7,2820.9,3839.9,2896.0,3127.1,25,2,3127.0,202,5,3126.9,21,2,3126.8,52,2,3126.6,72,3,3127.3,105,3,3127.4,237,6,3127.5,14,1,3127.7,200,1,3127.8,200,1
2031,2026-06-16 11:15:05+05:30,3127.1,24,3130.73,1546432,132143.0,217365.0,3163.0,3163.0,3108.0,3134.3,31891400,3447.7,2820.9,3839.9,2896.0,3127.1,20,1,3127.0,202,5,3126.9,21,2,3126.4,60,3,3126.3,25,1,3127.2,1,1,3127.3,122,3,3127.4,237,6,3127.5,14,1,3127.7,200,1
2031,2026-06-16 11:15:06+05:30,3127.1,24,3130.73,1546432,132143.0,217365.0,3163.0,3163.0,3108.0,3134.3,31891400,3447.7,2820.9,3839.9,2896.0,3127.1,20,1,3127.0,202,5,3126.9,21,2,3126.4,60,3,3126.3,25,1,3127.2,1,1,3127.3,122,3,3127.4,237,6,3127.5,14,1,3127.7,200,1
2031,2026-06-16 11:15:06+05:30,3127.2,1,3130.73,1546433,132161.0,217776.0,3163.0,3163.0,3108.0,3134.3,31891400,3447.7,2820.9,3839.9,2896.0,3127.1,23,2,3127.0,202,5,3126.9,21,2,3126.4,60,3,3126.3,25,1,3127.2,3,1,3127.3,122,3,3127.4,237,6,3127.5,14,1,3127.7,200,1
2031,2026-06-16 11:15:07+05:30,3127.2,1,3130.73,1546433,132161.0,217776.0,3163.0,3163.0,3108.0,3134.3,31891400,3447.7,2820.9,3839.9,2896.0,3127.1,23,2,3127.0,202,5,3126.9,21,2,3126.4,60,3,3126.3,25,1,3127.2,3,1,3127.3,122,3,3127.4,237,6,3127.5,14,1,3127.7,200,1
2031,2026-06-16 11:15:07+05:30,3127.0,21,3130.73,1546767,131423.0,218069.0,3163.0,3163.0,3108.0,3134.3,31891400,3447.7,2820.9,3839.9,2896.0,3127.0,94,4,3126.9,21,2,3126.4,1,1,3126.1,43,2,3126.0,50,1,3127.1,36,1,3127.2,70,3,3127.3,199,6,3127.4,311,9,3127.5,64,4
2031,2026-06-16 11:15:08+05:30,3127.1,5,3130.73,1546767,131423.0,218069.0,3163.0,3163.0,3108.0,3134.3,31891400,3447.7,2820.9,3839.9,2896.0,3127.0,94,4,3126.9,21,2,3126.4,1,1,3126.1,43,2,3126.0,50,1,3127.1,36,1,3127.2,70,3,3127.3,199,6,3127.4,311,9,3127.5,64,4
2031,2026-06-16 11:15:08+05:30,3127.0,1,3130.73,1546773,131976.0,217705.0,3163.0,3163.0,3108.0,3134.3,31891400,3447.7,2820.9,3839.9,2896.0,3127.0,92,4,3126.9,21,2,3126.4,1,1,3126.1,105,3,3126.0,83,2,3127.1,31,1,3127.3,136,4,3127.4,237,6,3127.5,42,3,3127.6,111,3
2031,2026-06-16 11:15:09+05:30,3127.0,1,3130.73,1546773,131976.0,217705.0,3163.0,3163.0,3108.0,3134.3,31891400,3447.7,2820.9,3839.9,2896.0,3127.0,92,4,3126.9,21,2,3126.4,1,1,3126.1,105,3,3126.0,83,2,3127.1,31,1,3127.3,136,4,3127.4,237,6,3127.5,42,3,3127.6,111,3
2031,2026-06-16 11:15:09+05:30,3127.1,1,3130.73,1546774,131963.0,217398.0,3163.0,3163.0,3108.0,3134.3,31891400,3447.7,2820.9,3839.9,2896.0,3127.0,92,4,3126.9,21,2,3126.4,1,1,3126.1,105,3,3126.0,258,3,3127.1,30,1,3127.3,122,3,3127.4,237,6,3127.5,42,3,3127.6,63,2
2031,2026-06-16 11:15:10+05:30,3127.1,1,3130.73,1546774,131963.0,217398.0,3163.0,3163.0,3108.0,3134.3,31891400,3447.7,2820.9,3839.9,2896.0,3127.0,92,4,3126.9,21,2,3126.4,1,1,3126.1,105,3,3126.0,258,3,3127.1,30,1,3127.3,122,3,3127.4,237,6,3127.5,42,3,3127.6,63,2
2031,2026-06-16 11:15:10+05:30,3127.0,1,3130.73,1546781,131996.0,217748.0,3163.0,3163.0,3108.0,3134.3,31891400,3447.7,2820.9,3839.9,2896.0,3127.0,107,4,3126.9,21,2,3126.4,1,1,3126.2,19,1,3126.1,105,3,3127.1,24,1,3127.3,122,3,3127.4,237,6,3127.5,20,2,3127.6,36,1
2031,2026-06-16 11:15:11+05:30,3127.0,1,3130.73,1546781,131996.0,217748.0,3163.0,3163.0,3108.0,3134.3,31891400,3447.7,2820.9,3839.9,2896.0,3127.0,107,4,3126.9,21,2,3126.4,1,1,3126.2,19,1,3126.1,105,3,3127.1,24,1,3127.3,122,3,3127.4,237,6,3127.5,20,2,3127.6,36,1
2031,2026-06-16 11:15:11+05:30,3127.0,1,3130.73,1546781,131892.0,217781.0,3163.0,3163.0,3108.0,3134.3,31891400,3447.7,2820.9,3839.9,2896.0,3127.0,107,4,3126.9,21,2,3126.4,1,1,3126.2,52,2,3126.1,105,3,3127.1,25,2,3127.3,122,3,3127.4,237,6,3127.5,20,2,3127.6,36,1
2031,2026-06-16 11:15:12+05:30,3127.0,1,3130.73,1546781,131711.0,217762.0,3163.0,3163.0,3108.0,3134.3,31891400,3447.7,2820.9,3839.9,2896.0,3127.0,107,4,3126.9,21,2,3126.4,1,1,3126.2,33,1,3126.1,105,3,3127.1,25,2,3127.3,122,3,3127.4,237,6,3127.5,37,3,3127.6,36,1
2031,2026-06-16 11:15:13+05:30,3127.0,23,3130.73,1546781,131711.0,217762.0,3163.0,3163.0,3108.0,3134.3,31891400,3447.7,2820.9,3839.9,2896.0,3127.0,107,4,3126.9,21,2,3126.4,1,1,3126.2,33,1,3126.1,105,3,3127.1,25,2,3127.3,122,3,3127.4,237,6,3127.5,37,3,3127.6,36,1
2031,2026-06-16 11:15:13+05:30,3127.0,4,3130.73,1546822,131522.0,217746.0,3163.0,3163.0,3108.0,3134.3,31891400,3447.7,2820.9,3839.9,2896.0,3127.0,74,5,3126.9,21,2,3126.4,1,1,3126.2,33,1,3126.1,43,2,3127.1,23,2,3127.3,122,3,3127.4,237,6,3127.5,20,2,3127.6,55,2
2031,2026-06-16 11:15:14+05:30,3127.0,4,3130.73,1546822,131522.0,217746.0,3163.0,3163.0,3108.0,3134.3,31891400,3447.7,2820.9,3839.9,2896.0,3127.0,74,5,3126.9,21,2,3126.4,1,1,3126.2,33,1,3126.1,43,2,3127.1,23,2,3127.3,122,3,3127.4,237,6,3127.5,20,2,3127.6,55,2
2031,2026-06-16 11:15:14+05:30,3127.2,1,3130.73,1546850,131856.0,218087.0,3163.0,3163.0,3108.0,3134.3,31891400,3447.7,2820.9,3839.9,2896.0,3127.1,15,1,3127.0,58,5,3126.9,21,2,3126.4,1,1,3126.2,57,2,3127.2,2,1,3127.3,122,3,3127.4,237,6,3127.5,20,2,3127.7,262,3
2031,2026-06-16 11:15:15+05:30,3127.2,2,3130.73,1546850,131856.0,218087.0,3163.0,3163.0,3108.0,3134.3,31891400,3447.7,2820.9,3839.9,2896.0,3127.1,15,1,3127.0,58,5,3126.9,21,2,3126.4,1,1,3126.2,57,2,3127.2,2,1,3127.3,122,3,3127.4,237,6,3127.5,20,2,3127.7,262,3
2031,2026-06-16 11:15:15+05:30,3127.2,27,3130.72,1547120,131765.0,218026.0,3163.0,3163.0,3108.0,3134.3,31891400,3447.7,2820.9,3839.9,2896.0,3127.0,28,2,3126.9,21,2,3126.4,1,1,3126.1,82,2,3126.0,102,3,3127.3,81,2,3127.4,272,7,3127.5,52,4,3127.6,48,1,3127.7,262,3
2031,2026-06-16 11:15:16+05:30,3127.2,27,3130.72,1547120,131765.0,218026.0,3163.0,3163.0,3108.0,3134.3,31891400,3447.7,2820.9,3839.9,2896.0,3127.0,28,2,3126.9,21,2,3126.4,1,1,3126.1,82,2,3126.0,102,3,3127.3,81,2,3127.4,272,7,3127.5,52,4,3127.6,48,1,3127.7,262,3
2031,2026-06-16 11:15:16+05:30,3127.2,4,3130.72,1547129,131913.0,218446.0,3163.0,3163.0,3108.0,3134.3,31891400,3447.7,2820.9,3839.9,2896.0,3127.2,3,1,3127.0,28,2,3126.9,21,2,3126.4,1,1,3126.1,20,1,3127.3,82,3,3127.4,272,7,3127.5,33,3,3127.6,48,1,3127.7,303,4
2031,2026-06-16 11:15:17+05:30,3127.2,4,3130.72,1547129,131913.0,218446.0,3163.0,3163.0,3108.0,3134.3,31891400,3447.7,2820.9,3839.9,2896.0,3127.2,3,1,3127.0,28,2,3126.9,21,2,3126.4,1,1,3126.1,20,1,3127.3,82,3,3127.4,272,7,3127.5,33,3,3127.6,48,1,3127.7,303,4
2031,2026-06-16 11:15:17+05:30,3127.4,6,3130.72,1547237,132048.0,218163.0,3163.0,3163.0,3108.0,3134.3,31891400,3447.7,2820.9,3839.9,2896.0,3127.2,3,1,3127.0,46,3,3126.9,21,2,3126.4,1,1,3126.3,20,1,3127.4,212,4,3127.5,14,1,3127.7,303,4,3127.8,236,2,3127.9,79,2
2031,2026-06-16 11:15:18+05:30,3127.4,6,3130.72,1547237,132048.0,218163.0,3163.0,3163.0,3108.0,3134.3,31891400,3447.7,2820.9,3839.9,2896.0,3127.2,3,1,3127.0,46,3,3126.9,21,2,3126.4,1,1,3126.3,20,1,3127.4,212,4,3127.5,14,1,3127.7,303,4,3127.8,236,2,3127.9,79,2
2031,2026-06-16 11:15:19+05:30,3127.4,6,3130.72,1547237,132011.0,218197.0,3163.0,3163.0,3108.0,3134.3,31891400,3447.7,2820.9,3839.9,2896.0,3127.2,3,1,3127.0,46,3,3126.9,21,2,3126.4,1,1,3126.3,20,1,3127.3,12,1,3127.4,212,4,3127.5,14,1,3127.6,35,1,3127.7,262,3
2031,2026-06-16 11:15:20+05:30,3127.3,1,3130.72,1547239,132055.0,218210.0,3163.0,3163.0,3108.0,3134.3,31891400,3447.7,2820.9,3839.9,2896.0,3127.2,19,2,3127.1,20,1,3127.0,28,2,3126.9,6,1,3126.4,15,2,3127.3,10,1,3127.4,212,4,3127.7,200,1,3127.8,298,3,3127.9,79,2
2031,2026-06-16 11:15:20+05:30,3127.3,1,3130.72,1547239,132055.0,218210.0,3163.0,3163.0,3108.0,3134.3,31891400,3447.7,2820.9,3839.9,2896.0,3127.2,19,2,3127.1,20,1,3127.0,28,2,3126.9,6,1,3126.4,15,2,3127.3,10,1,3127.4,212,4,3127.7,200,1,3127.8,298,3,3127.9,79,2
2031,2026-06-16 11:15:21+05:30,3127.3,1,3130.72,1547239,132096.0,218251.0,3163.0,3163.0,3108.0,3134.3,31891400,3447.7,2820.9,3839.9,2896.0,3127.2,19,2,3127.1,20,1,3127.0,78,3,3126.9,6,1,3126.5,23,1,3127.3,10,1,3127.4,210,3,3127.7,200,1,3127.8,298,3,3127.9,39,1
2031,2026-06-16 11:15:22+05:30,3127.3,6,3130.72,1547239,132096.0,218251.0,3163.0,3163.0,3108.0,3134.3,31891400,3447.7,2820.9,3839.9,2896.0,3127.2,19,2,3127.1,20,1,3127.0,78,3,3126.9,6,1,3126.5,23,1,3127.3,10,1,3127.4,210,3,3127.7,200,1,3127.8,298,3,3127.9,39,1
2031,2026-06-16 11:15:22+05:30,3127.3,6,3130.72,1547296,132223.0,218153.0,3163.0,3163.0,3108.0,3134.3,31891400,3447.7,2820.9,3839.9,2896.0,3127.2,3,1,3127.1,16,1,3127.0,78,3,3126.9,20,2,3126.5,23,1,3127.4,210,3,3127.7,200,1,3127.8,236,2,3127.9,39,1,3128.0,716,8
2031,2026-06-16 11:15:23+05:30,3127.3,6,3130.72,1547296,132421.0,218090.0,3163.0,3163.0,3108.0,3134.3,31891400,3447.7,2820.9,3839.9,2896.0,3127.2,23,3,3127.1,16,1,3127.0,78,3,3126.8,52,2,3126.6,52,2,3127.3,1,1,3127.4,210,3,3127.7,200,1,3127.8,200,1,3128.0,652,5
2031,2026-06-16 11:15:24+05:30,3127.4,21,3130.72,1547296,132421.0,218090.0,3163.0,3163.0,3108.0,3134.3,31891400,3447.7,2820.9,3839.9,2896.0,3127.2,23,3,3127.1,16,1,3127.0,78,3,3126.8,52,2,3126.6,52,2,3127.3,1,1,3127.4,210,3,3127.7,200,1,3127.8,200,1,3128.0,652,5
2031,2026-06-16 11:15:24+05:30,3127.4,21,3130.72,1547330,132503.0,218211.0,3163.0,3163.0,3108.0,3134.3,31891400,3447.7,2820.9,3839.9,2896.0,3127.3,16,1,3127.0,78,3,3126.9,20,2,3126.8,33,1,3126.6,67,3,3127.6,177,1,3127.7,200,1,3127.8,200,1,3128.0,551,2,3128.1,12,1
2031,2026-06-16 11:15:25+05:30,3127.0,30,3130.72,1547330,132503.0,218211.0,3163.0,3163.0,3108.0,3134.3,31891400,3447.7,2820.9,3839.9,2896.0,3127.3,16,1,3127.0,78,3,3126.9,20,2,3126.8,33,1,3126.6,67,3,3127.6,177,1,3127.7,200,1,3127.8,200,1,3128.0,551,2,3128.1,12,1
2031,2026-06-16 11:15:25+05:30,3127.0,30,3130.72,1547907,131940.0,217120.0,3163.0,3163.0,3108.0,3134.3,31891400,3447.7,2820.9,3839.9,2896.0,3127.0,11,2,3126.8,33,1,3126.6,48,2,3126.5,34,2,3126.4,93,5,3127.3,3,1,3127.6,200,1,3127.7,200,1,3128.0,510,2,3128.1,12,1
2031,2026-06-16 11:15:26+05:30,3127.0,1,3130.72,1547907,131940.0,217120.0,3163.0,3163.0,3108.0,3134.3,31891400,3447.7,2820.9,3839.9,2896.0,3127.0,11,2,3126.8,33,1,3126.6,48,2,3126.5,34,2,3126.4,93,5,3127.3,3,1,3127.6,200,1,3127.7,200,1,3128.0,510,2,3128.1,12,1
2031,2026-06-16 11:15:26+05:30,3127.0,1,3130.72,1547973,130974.0,217954.0,3163.0,3163.0,3108.0,3134.3,31891400,3447.7,2820.9,3839.9,2896.0,3126.4,48,3,3126.3,36,2,3126.2,80,3,3126.1,128,4,3126.0,156,5,3127.0,1,1,3127.1,200,1,3127.4,200,1,3127.6,20,1,3127.7,200,1
2031,2026-06-16 11:15:27+05:30,3127.0,7,3130.72,1547973,130974.0,217954.0,3163.0,3163.0,3108.0,3134.3,31891400,3447.7,2820.9,3839.9,2896.0,3126.4,48,3,3126.3,36,2,3126.2,80,3,3126.1,128,4,3126.0,156,5,3127.0,1,1,3127.1,200,1,3127.4,200,1,3127.6,20,1,3127.7,200,1
2031,2026-06-16 11:15:27+05:30,3127.0,7,3130.72,1547982,131455.0,218454.0,3163.0,3163.0,3108.0,3134.3,31891400,3447.7,2820.9,3839.9,2896.0,3127.0,6,1,3126.4,67,4,3126.3,12,1,3126.2,272,5,3126.1,66,3,3127.1,200,1,3127.4,200,1,3127.5,200,1,3127.8,138,4,3127.9,63,2
2031,2026-06-16 11:15:28+05:30,3127.0,1,3130.72,1547982,131455.0,218454.0,3163.0,3163.0,3108.0,3134.3,31891400,3447.7,2820.9,3839.9,2896.0,3127.0,6,1,3126.4,67,4,3126.3,12,1,3126.2,272,5,3126.1,66,3,3127.1,200,1,3127.4,200,1,3127.5,200,1,3127.8,138,4,3127.9,63,2
2031,2026-06-16 11:15:28+05:30,3127.0,1,3130.72,1547983,131435.0,218485.0,3163.0,3163.0,3108.0,3134.3,31891400,3447.7,2820.9,3839.9,2896.0,3127.0,5,1,3126.4,34,3,3126.3,12,1,3126.2,253,4,3126.1,66,3,3127.1,224,2,3127.4,200,1,3127.5,200,1,3127.8,172,5,3127.9,63,2
2031,2026-06-16 11:15:29+05:30,3127.0,1,3130.72,1547983,131498.0,218539.0,3163.0,3163.0,3108.0,3134.3,31891400,3447.7,2820.9,3839.9,2896.0,3127.0,5,1,3126.4,54,4,3126.3,12,1,3126.2,253,4,3126.1,66,3,3127.1,24,1,3127.3,200,1,3127.4,200,1,3127.5,200,1,3127.8,172,5
2031,2026-06-16 11:15:30+05:30,3127.0,1,3130.72,1547983,131562.0,218555.0,3163.0,3163.0,3108.0,3134.3,31891400,3447.7,2820.9,3839.9,2896.0,3127.0,10,2,3126.4,34,3,3126.3,12,1,3126.2,253,4,3126.1,66,3,3127.1,24,1,3127.3,200,1,3127.4,200,1,3127.5,210,2,3127.8,172,5
2031,2026-06-16 11:15:31+05:30,3127.0,1,3130.72,1547989,131587.0,218506.0,3163.0,3163.0,3108.0,3134.3,31891400,3447.7,2820.9,3839.9,2896.0,3127.0,11,4,3126.8,33,1,3126.6,33,1,3126.5,19,1,3126.4,67,4,3127.1,19,1,3127.3,200,1,3127.4,200,1,3127.5,210,2,3127.8,84,2
2031,2026-06-16 11:15:31+05:30,3127.0,1,3130.72,1547989,131587.0,218506.0,3163.0,3163.0,3108.0,3134.3,31891400,3447.7,2820.9,3839.9,2896.0,3127.0,11,4,3126.8,33,1,3126.6,33,1,3126.5,19,1,3126.4,67,4,3127.1,19,1,3127.3,200,1,3127.4,200,1,3127.5,210,2,3127.8,84,2
2031,2026-06-16 11:15:32+05:30,3127.0,1,3130.72,1547989,131903.0,218480.0,3163.0,3163.0,3108.0,3134.3,31891400,3447.7,2820.9,3839.9,2896.0,3127.0,11,4,3126.8,52,2,3126.7,11,1,3126.6,66,3,3126.4,89,6,3127.1,34,2,3127.3,200,1,3127.4,200,1,3127.5,210,2,3127.8,62,1
2031,2026-06-16 11:15:33+05:30,3127.1,39,3130.72,1548047,132240.0,217922.0,3163.0,3163.0,3108.0,3134.3,31891400,3447.7,2820.9,3839.9,2896.0,3127.2,1,1,3127.1,20,1,3127.0,11,4,3126.7,11,1,3126.6,85,4,3127.4,6,1,3127.5,10,1,3127.6,200,1,3127.7,200,1,3127.8,200,1
2031,2026-06-16 11:15:33+05:30,3127.1,39,3130.72,1548047,132240.0,217922.0,3163.0,3163.0,3108.0,3134.3,31891400,3447.7,2820.9,3839.9,2896.0,3127.2,1,1,3127.1,20,1,3127.0,11,4,3126.7,11,1,3126.6,85,4,3127.4,6,1,3127.5,10,1,3127.6,200,1,3127.7,200,1,3127.8,200,1
2031,2026-06-16 11:15:34+05:30,3127.1,39,3130.72,1548047,132244.0,217923.0,3163.0,3163.0,3108.0,3134.3,31891400,3447.7,2820.9,3839.9,2896.0,3127.2,1,1,3127.1,20,1,3127.0,11,4,3126.7,44,2,3126.6,52,3,3127.4,6,1,3127.5,10,1,3127.6,200,1,3127.7,200,1,3127.8,200,1
2031,2026-06-16 11:15:35+05:30,3127.4,6,3130.72,1548053,132050.0,216513.0,3163.0,3163.0,3108.0,3134.3,31891400,3447.7,2820.9,3839.9,2896.0,3127.4,12,1,3127.2,1,1,3127.1,1,1,3127.0,11,4,3126.8,33,1,3127.8,200,1,3128.0,689,2,3128.1,243,3,3128.2,19,1,3128.3,145,3
2031,2026-06-16 11:15:35+05:30,3127.4,6,3130.72,1548053,132050.0,216513.0,3163.0,3163.0,3108.0,3134.3,31891400,3447.7,2820.9,3839.9,2896.0,3127.4,12,1,3127.2,1,1,3127.1,1,1,3127.0,11,4,3126.8,33,1,3127.8,200,1,3128.0,689,2,3128.1,243,3,3128.2,19,1,3128.3,145,3
2031,2026-06-16 11:15:36+05:30,3127.6,1,3130.72,1548254,132348.0,217114.0,3163.0,3163.0,3108.0,3134.3,31891400,3447.7,2820.9,3839.9,2896.0,3127.0,16,5,3126.4,173,3,3126.3,147,5,3126.2,97,4,3126.1,108,3,3127.6,22,1,3127.7,26,2,3127.8,14,1,3127.9,335,4,3128.0,710,4
2031,2026-06-16 11:15:36+05:30,3127.6,1,3130.72,1548254,132348.0,217114.0,3163.0,3163.0,3108.0,3134.3,31891400,3447.7,2820.9,3839.9,2896.0,3127.0,16,5,3126.4,173,3,3126.3,147,5,3126.2,97,4,3126.1,108,3,3127.6,22,1,3127.7,26,2,3127.8,14,1,3127.9,335,4,3128.0,710,4
2031,2026-06-16 11:15:37+05:30,3127.0,13,3130.72,1548254,132348.0,217114.0,3163.0,3163.0,3108.0,3134.3,31891400,3447.7,2820.9,3839.9,2896.0,3127.0,16,5,3126.4,173,3,3126.3,147,5,3126.2,97,4,3126.1,108,3,3127.6,22,1,3127.7,26,2,3127.8,14,1,3127.9,335,4,3128.0,710,4
2031,2026-06-16 11:15:37+05:30,3127.0,13,3130.72,1548276,132234.0,216590.0,3163.0,3163.0,3108.0,3134.3,31891400,3447.7,2820.9,3839.9,2896.0,3127.0,58,7,3126.9,13,1,3126.8,52,2,3126.7,11,1,3126.6,73,3,3127.1,11,1,3127.6,14,1,3128.0,713,4,3128.1,293,3,3128.2,220,2
2031,2026-06-16 11:15:38+05:30,3127.0,2,3130.72,1548276,132234.0,216590.0,3163.0,3163.0,3108.0,3134.3,31891400,3447.7,2820.9,3839.9,2896.0,3127.0,58,7,3126.9,13,1,3126.8,52,2,3126.7,11,1,3126.6,73,3,3127.1,11,1,3127.6,14,1,3128.0,713,4,3128.1,293,3,3128.2,220,2
2031,2026-06-16 11:15:38+05:30,3127.0,2,3130.72,1548278,131899.0,216870.0,3163.0,3163.0,3108.0,3134.3,31891400,3447.7,2820.9,3839.9,2896.0,3127.0,13,4,3126.8,49,2,3126.6,33,1,3126.5,100,3,3126.4,74,5,3127.1,12,2,3127.5,14,1,3127.6,14,1,3128.0,713,4,3128.1,293,3
2031,2026-06-16 11:15:38+05:30,3127.0,2,3130.72,1548278,131899.0,216870.0,3163.0,3163.0,3108.0,3134.3,31891400,3447.7,2820.9,3839.9,2896.0,3127.0,13,4,3126.8,49,2,3126.6,33,1,3126.5,100,3,3126.4,74,5,3127.1,12,2,3127.5,14,1,3127.6,14,1,3128.0,713,4,3128.1,293,3
2031,2026-06-16 11:15:39+05:30,3127.1,1,3130.72,1548278,131899.0,216870.0,3163.0,3163.0,3108.0,3134.3,31891400,3447.7,2820.9,3839.9,2896.0,3127.0,13,4,3126.8,49,2,3126.6,33,1,3126.5,100,3,3126.4,74,5,3127.1,12,2,3127.5,14,1,3127.6,14,1,3128.0,713,4,3128.1,293,3
2031,2026-06-16 11:15:39+05:30,3127.1,1,3130.72,1548280,132030.0,216668.0,3163.0,3163.0,3108.0,3134.3,31891400,3447.7,2820.9,3839.9,2896.0,3127.0,96,8,3126.9,38,1,3126.8,77,4,3126.6,52,2,3126.5,100,3,3127.1,11,2,3127.5,14,1,3127.6,14,1,3127.9,200,1,3128.0,713,4
2031,2026-06-16 11:15:40+05:30,3127.0,1,3130.72,1548280,132030.0,216668.0,3163.0,3163.0,3108.0,3134.3,31891400,3447.7,2820.9,3839.9,2896.0,3127.0,96,8,3126.9,38,1,3126.8,77,4,3126.6,52,2,3126.5,100,3,3127.1,11,2,3127.5,14,1,3127.6,14,1,3127.9,200,1,3128.0,713,4
2031,2026-06-16 11:15:40+05:30,3127.0,1,3130.72,1548530,131929.0,216676.0,3163.0,3163.0,3108.0,3134.3,31891400,3447.7,2820.9,3839.9,2896.0,3127.0,29,3,3126.9,33,1,3126.6,104,4,3126.5,100,3,3126.4,74,5,3127.1,20,5,3127.5,14,1,3127.6,14,1,3128.0,713,4,3128.1,293,3
2031,2026-06-16 11:15:40+05:30,3127.0,1,3130.72,1548530,131929.0,216676.0,3163.0,3163.0,3108.0,3134.3,31891400,3447.7,2820.9,3839.9,2896.0,3127.0,29,3,3126.9,33,1,3126.6,104,4,3126.5,100,3,3126.4,74,5,3127.1,20,5,3127.5,14,1,3127.6,14,1,3128.0,713,4,3128.1,293,3
2031,2026-06-16 11:15:41+05:30,3127.0,2,3130.72,1548530,131929.0,216676.0,3163.0,3163.0,3108.0,3134.3,31891400,3447.7,2820.9,3839.9,2896.0,3127.0,29,3,3126.9,33,1,3126.6,104,4,3126.5,100,3,3126.4,74,5,3127.1,20,5,3127.5,14,1,3127.6,14,1,3128.0,713,4,3128.1,293,3
2031,2026-06-16 11:15:41+05:30,3127.1,1,3130.72,1548533,131932.0,216680.0,3163.0,3163.0,3108.0,3134.3,31891400,3447.7,2820.9,3839.9,2896.0,3127.0,27,3,3126.9,33,1,3126.6,104,4,3126.5,100,3,3126.4,74,5,3127.1,19,5,3127.5,14,1,3127.6,14,1,3128.0,713,4,3128.1,293,3
2031,2026-06-16 11:15:42+05:30,3127.0,4,3130.72,1548533,131932.0,216680.0,3163.0,3163.0,3108.0,3134.3,31891400,3447.7,2820.9,3839.9,2896.0,3127.0,27,3,3126.9,33,1,3126.6,104,4,3126.5,100,3,3126.4,74,5,3127.1,19,5,3127.5,14,1,3127.6,14,1,3128.0,713,4,3128.1,293,3
2031,2026-06-16 11:15:42+05:30,3127.0,4,3130.72,1548554,131981.0,216677.0,3163.0,3163.0,3108.0,3134.3,31891400,3447.7,2820.9,3839.9,2896.0,3127.0,26,3,3126.9,34,2,3126.6,116,5,3126.5,100,3,3126.4,74,5,3127.1,19,5,3127.5,14,1,3127.6,14,1,3128.0,713,4,3128.1,293,3
2031,2026-06-16 11:15:42+05:30,3127.0,4,3130.72,1548554,131981.0,216677.0,3163.0,3163.0,3108.0,3134.3,31891400,3447.7,2820.9,3839.9,2896.0,3127.0,26,3,3126.9,34,2,3126.6,116,5,3126.5,100,3,3126.4,74,5,3127.1,19,5,3127.5,14,1,3127.6,14,1,3128.0,713,4,3128.1,293,3
2031,2026-06-16 11:15:43+05:30,3127.0,2,3130.72,1548554,131981.0,216677.0,3163.0,3163.0,3108.0,3134.3,31891400,3447.7,2820.9,3839.9,2896.0,3127.0,26,3,3126.9,34,2,3126.6,116,5,3126.5,100,3,3126.4,74,5,3127.1,19,5,3127.5,14,1,3127.6,14,1,3128.0,713,4,3128.1,293,3
2031,2026-06-16 11:15:43+05:30,3127.0,2,3130.72,1548556,131947.0,216897.0,3163.0,3163.0,3108.0,3134.3,31891400,3447.7,2820.9,3839.9,2896.0,3127.0,30,3,3126.9,34,2,3126.6,116,5,3126.5,100,3,3126.4,74,5,3127.1,20,6,3127.5,14,1,3127.6,14,1,3128.0,713,4,3128.1,293,3
2031,2026-06-16 11:15:44+05:30,3127.1,1,3130.72,1548612,132085.0,217129.0,3163.0,3163.0,3108.0,3134.3,31891400,3447.7,2820.9,3839.9,2896.0,3127.0,30,3,3126.9,1,1,3126.6,12,1,3126.5,111,3,3126.4,41,4,3127.5,14,1,3127.6,14,1,3128.0,692,3,3128.1,325,4,3128.2,280,3
2031,2026-06-16 11:15:44+05:30,3127.1,1,3130.72,1548612,132085.0,217129.0,3163.0,3163.0,3108.0,3134.3,31891400,3447.7,2820.9,3839.9,2896.0,3127.0,30,3,3126.9,1,1,3126.6,12,1,3126.5,111,3,3126.4,41,4,3127.5,14,1,3127.6,14,1,3128.0,692,3,3128.1,325,4,3128.2,280,3
2031,2026-06-16 11:15:45+05:30,3127.4,6,3130.72,1548612,132085.0,217129.0,3163.0,3163.0,3108.0,3134.3,31891400,3447.7,2820.9,3839.9,2896.0,3127.0,30,3,3126.9,1,1,3126.6,12,1,3126.5,111,3,3126.4,41,4,3127.5,14,1,3127.6,14,1,3128.0,692,3,3128.1,325,4,3128.2,280,3
2031,2026-06-16 11:15:45+05:30,3127.4,6,3130.72,1548618,132129.0,217186.0,3163.0,3163.0,3108.0,3134.3,31891400,3447.7,2820.9,3839.9,2896.0,3127.0,27,3,3126.9,1,1,3126.8,32,1,3126.7,8,1,3126.6,68,3,3127.5,23,2,3127.6,14,1,3128.0,692,3,3128.1,325,4,3128.2,269,3
2031,2026-06-16 11:15:46+05:30,3127.4,1,3130.72,1548618,132129.0,217186.0,3163.0,3163.0,3108.0,3134.3,31891400,3447.7,2820.9,3839.9,2896.0,3127.0,27,3,3126.9,1,1,3126.8,32,1,3126.7,8,1,3126.6,68,3,3127.5,23,2,3127.6,14,1,3128.0,692,3,3128.1,325,4,3128.2,269,3
2031,2026-06-16 11:15:46+05:30,3127.4,1,3130.72,1548620,132250.0,217175.0,3163.0,3163.0,3108.0,3134.3,31891400,3447.7,2820.9,3839.9,2896.0,3127.4,1,1,3127.3,2,2,3127.0,45,5,3126.9,1,1,3126.8,32,1,3127.5,22,2,3127.6,14,1,3128.0,692,3,3128.1,293,3,3128.2,220,2
2031,2026-06-16 11:15:46+05:30,3127.4,1,3130.72,1548620,132250.0,217175.0,3163.0,3163.0,3108.0,3134.3,31891400,3447.7,2820.9,3839.9,2896.0,3127.4,1,1,3127.3,2,2,3127.0,45,5,3126.9,1,1,3126.8,32,1,3127.5,22,2,3127.6,14,1,3128.0,692,3,3128.1,293,3,3128.2,220,2
2031,2026-06-16 11:15:47+05:30,3127.5,1,3130.72,1548620,132250.0,217175.0,3163.0,3163.0,3108.0,3134.3,31891400,3447.7,2820.9,3839.9,2896.0,3127.4,1,1,3127.3,2,2,3127.0,45,5,3126.9,1,1,3126.8,32,1,3127.5,22,2,3127.6,14,1,3128.0,692,3,3128.1,293,3,3128.2,220,2
2031,2026-06-16 11:15:47+05:30,3127.5,1,3130.72,1548621,132250.0,217174.0,3163.0,3163.0,3108.0,3134.3,31891400,3447.7,2820.9,3839.9,2896.0,3127.4,1,1,3127.3,2,2,3127.0,45,5,3126.9,1,1,3126.8,32,1,3127.5,21,2,3127.6,14,1,3128.0,692,3,3128.1,293,3,3128.2,220,2
2031,2026-06-16 11:15:48+05:30,3127.5,1,3130.72,1548621,132250.0,217174.0,3163.0,3163.0,3108.0,3134.3,31891400,3447.7,2820.9,3839.9,2896.0,3127.4,1,1,3127.3,2,2,3127.0,45,5,3126.9,1,1,3126.8,32,1,3127.5,21,2,3127.6,14,1,3128.0,692,3,3128.1,293,3,3128.2,220,2
2031,2026-06-16 11:15:48+05:30,3127.5,39,3130.72,1548681,132268.0,217294.0,3163.0,3163.0,3108.0,3134.3,31891400,3447.7,2820.9,3839.9,2896.0,3127.4,1,1,3127.3,2,2,3127.0,29,4,3126.9,1,1,3126.7,8,1,3127.6,14,1,3128.0,692,3,3128.1,231,2,3128.2,232,2,3128.3,149,3
2031,2026-06-16 11:15:49+05:30,3127.5,39,3130.72,1548681,132268.0,217294.0,3163.0,3163.0,3108.0,3134.3,31891400,3447.7,2820.9,3839.9,2896.0,3127.4,1,1,3127.3,2,2,3127.0,29,4,3126.9,1,1,3126.7,8,1,3127.6,14,1,3128.0,692,3,3128.1,231,2,3128.2,232,2,3128.3,149,3
2031,2026-06-16 11:15:49+05:30,3127.5,39,3130.72,1548681,132268.0,217025.0,3163.0,3163.0,3108.0,3134.3,31891400,3447.7,2820.9,3839.9,2896.0,3127.4,1,1,3127.3,2,2,3127.0,29,4,3126.9,1,1,3126.7,8,1,3127.5,17,2,3127.6,23,2,3127.9,32,1,3128.0,692,3,3128.1,231,2
2031,2026-06-16 11:15:49+05:30,3127.5,39,3130.72,1548681,132268.0,217025.0,3163.0,3163.0,3108.0,3134.3,31891400,3447.7,2820.9,3839.9,2896.0,3127.4,1,1,3127.3,2,2,3127.0,29,4,3126.9,1,1,3126.7,8,1,3127.5,17,2,3127.6,23,2,3127.9,32,1,3128.0,692,3,3128.1,231,2
2031,2026-06-16 11:15:50+05:30,3127.5,2,3130.72,1548681,132268.0,217025.0,3163.0,3163.0,3108.0,3134.3,31891400,3447.7,2820.9,3839.9,2896.0,3127.4,1,1,3127.3,2,2,3127.0,29,4,3126.9,1,1,3126.7,8,1,3127.5,17,2,3127.6,23,2,3127.9,32,1,3128.0,692,3,3128.1,231,2
2031,2026-06-16 11:15:50+05:30,3127.5,2,3130.72,1548681,132268.0,217025.0,3163.0,3163.0,3108.0,3134.3,31891400,3447.7,2820.9,3839.9,2896.0,3127.4,1,1,3127.3,2,2,3127.0,29,4,3126.9,1,1,3126.7,8,1,3127.5,17,2,3127.6,23,2,3127.9,32,1,3128.0,692,3,3128.1,231,2
2031,2026-06-16 11:15:50+05:30,3127.5,2,3130.72,1548700,132411.0,217485.0,3163.0,3163.0,3108.0,3134.3,31891400,3447.7,2820.9,3839.9,2896.0,3127.5,18,1,3127.4,1,1,3127.3,2,2,3127.0,9,3,3126.9,1,1,3127.6,23,2,3127.9,54,2,3128.0,692,3,3128.1,231,2,3128.2,232,2
2031,2026-06-16 11:15:50+05:30,3127.5,2,3130.72,1548700,132411.0,217485.0,3163.0,3163.0,3108.0,3134.3,31891400,3447.7,2820.9,3839.9,2896.0,3127.5,18,1,3127.4,1,1,3127.3,2,2,3127.0,9,3,3126.9,1,1,3127.6,23,2,3127.9,54,2,3128.0,692,3,3128.1,231,2,3128.2,232,2
2031,2026-06-16 11:15:51+05:30,3127.5,2,3130.72,1548700,132528.0,217028.0,3163.0,3163.0,3108.0,3134.3,31891400,3447.7,2820.9,3839.9,2896.0,3127.5,20,3,3127.4,1,1,3127.0,9,3,3126.9,40,2,3126.8,70,2,3127.6,23,2,3128.0,692,3,3128.1,231,2,3128.2,232,2,3128.3,149,3
2031,2026-06-16 11:15:51+05:30,3127.5,2,3130.72,1548700,132528.0,217028.0,3163.0,3163.0,3108.0,3134.3,31891400,3447.7,2820.9,3839.9,2896.0,3127.5,20,3,3127.4,1,1,3127.0,9,3,3126.9,40,2,3126.8,70,2,3127.6,23,2,3128.0,692,3,3128.1,231,2,3128.2,232,2,3128.3,149,3
2031,2026-06-16 11:15:52+05:30,3127.5,2,3130.72,1548700,132528.0,217028.0,3163.0,3163.0,3108.0,3134.3,31891400,3447.7,2820.9,3839.9,2896.0,3127.5,20,3,3127.4,1,1,3127.0,9,3,3126.9,40,2,3126.8,70,2,3127.6,23,2,3128.0,692,3,3128.1,231,2,3128.2,232,2,3128.3,149,3
2031,2026-06-16 11:15:52+05:30,3127.9,1,3130.72,1548700,132528.0,217028.0,3163.0,3163.0,3108.0,3134.3,31891400,3447.7,2820.9,3839.9,2896.0,3127.5,20,3,3127.4,1,1,3127.0,9,3,3126.9,40,2,3126.8,70,2,3127.6,23,2,3128.0,692,3,3128.1,231,2,3128.2,232,2,3128.3,149,3
2031,2026-06-16 11:15:52+05:30,3127.9,1,3130.72,1548724,133107.0,216554.0,3163.0,3163.0,3108.0,3134.3,31891400,3447.7,2820.9,3839.9,2896.0,3127.7,1,1,3127.6,18,1,3127.5,2,2,3127.4,1,1,3127.0,9,3,3127.9,2,1,3128.0,692,3,3128.1,231,2,3128.2,232,2,3128.3,39,1
2031,2026-06-16 11:15:52+05:30,3127.9,1,3130.72,1548724,133107.0,216554.0,3163.0,3163.0,3108.0,3134.3,31891400,3447.7,2820.9,3839.9,2896.0,3127.7,1,1,3127.6,18,1,3127.5,2,2,3127.4,1,1,3127.0,9,3,3127.9,2,1,3128.0,692,3,3128.1,231,2,3128.2,232,2,3128.3,39,1
2031,2026-06-16 11:15:53+05:30,3127.9,1,3130.72,1548724,133075.0,216576.0,3163.0,3163.0,3108.0,3134.3,31891400,3447.7,2820.9,3839.9,2896.0,3127.7,1,1,3127.6,18,1,3127.5,2,2,3127.4,1,1,3127.0,9,3,3127.9,3,2,3128.0,692,3,3128.1,231,2,3128.2,232,2,3128.3,39,1
2031,2026-06-16 11:15:53+05:30,3127.9,1,3130.72,1548724,133075.0,216576.0,3163.0,3163.0,3108.0,3134.3,31891400,3447.7,2820.9,3839.9,2896.0,3127.7,1,1,3127.6,18,1,3127.5,2,2,3127.4,1,1,3127.0,9,3,3127.9,3,2,3128.0,692,3,3128.1,231,2,3128.2,232,2,3128.3,39,1
2031,2026-06-16 11:15:54+05:30,3127.3,18,3130.72,1548724,133075.0,216576.0,3163.0,3163.0,3108.0,3134.3,31891400,3447.7,2820.9,3839.9,2896.0,3127.7,1,1,3127.6,18,1,3127.5,2,2,3127.4,1,1,3127.0,9,3,3127.9,3,2,3128.0,692,3,3128.1,231,2,3128.2,232,2,3128.3,39,1
2031,2026-06-16 11:15:54+05:30,3127.3,18,3130.72,1549367,132004.0,214077.0,3163.0,3163.0,3108.0,3134.3,31891400,3447.7,2820.9,3839.9,2896.0,3127.2,116,6,3127.1,58,4,3127.0,111,9,3126.9,50,4,3126.8,114,7,3127.3,182,1,3127.9,202,2,3128.0,692,3,3128.2,221,2,3128.4,69,2
2031,2026-06-16 11:15:54+05:30,3127.3,18,3130.72,1549367,132004.0,214077.0,3163.0,3163.0,3108.0,3134.3,31891400,3447.7,2820.9,3839.9,2896.0,3127.2,116,6,3127.1,58,4,3127.0,111,9,3126.9,50,4,3126.8,114,7,3127.3,182,1,3127.9,202,2,3128.0,692,3,3128.2,221,2,3128.4,69,2
2031,2026-06-16 11:15:55+05:30,3127.3,22,3130.72,1549367,132004.0,214077.0,3163.0,3163.0,3108.0,3134.3,31891400,3447.7,2820.9,3839.9,2896.0,3127.2,116,6,3127.1,58,4,3127.0,111,9,3126.9,50,4,3126.8,114,7,3127.3,182,1,3127.9,202,2,3128.0,692,3,3128.2,221,2,3128.4,69,2
2031,2026-06-16 11:15:55+05:30,3127.3,22,3130.72,1549367,132004.0,214077.0,3163.0,3163.0,3108.0,3134.3,31891400,3447.7,2820.9,3839.9,2896.0,3127.2,116,6,3127.1,58,4,3127.0,111,9,3126.9,50,4,3126.8,114,7,3127.3,182,1,3127.9,202,2,3128.0,692,3,3128.2,221,2,3128.4,69,2
2031,2026-06-16 11:15:55+05:30,3127.3,22,3130.72,1549571,133488.0,214266.0,3163.0,3163.0,3108.0,3134.3,31891400,3447.7,2820.9,3839.9,2896.0,3127.3,114,7,3127.2,90,6,3127.1,58,4,3127.0,128,10,3126.9,96,5,3127.8,31,1,3127.9,202,2,3128.0,692,3,3128.2,200,1,3128.6,82,2
2031,2026-06-16 11:15:55+05:30,3127.3,22,3130.72,1549571,133488.0,214266.0,3163.0,3163.0,3108.0,3134.3,31891400,3447.7,2820.9,3839.9,2896.0,3127.3,114,7,3127.2,90,6,3127.1,58,4,3127.0,128,10,3126.9,96,5,3127.8,31,1,3127.9,202,2,3128.0,692,3,3128.2,200,1,3128.6,82,2
2031,2026-06-16 11:15:56+05:30,3127.3,22,3130.72,1549571,133493.0,214513.0,3163.0,3163.0,3108.0,3134.3,31891400,3447.7,2820.9,3839.9,2896.0,3127.3,114,7,3127.2,90,6,3127.1,58,4,3127.0,128,10,3126.9,96,5,3127.8,78,2,3127.9,202,2,3128.0,692,3,3128.2,200,1,3128.6,82,2
2031,2026-06-16 11:15:56+05:30,3127.3,22,3130.72,1549571,133493.0,214513.0,3163.0,3163.0,3108.0,3134.3,31891400,3447.7,2820.9,3839.9,2896.0,3127.3,114,7,3127.2,90,6,3127.1,58,4,3127.0,128,10,3126.9,96,5,3127.8,78,2,3127.9,202,2,3128.0,692,3,3128.2,200,1,3128.6,82,2
2031,2026-06-16 11:15:57+05:30,3127.8,27,3130.72,1549571,133493.0,214513.0,3163.0,3163.0,3108.0,3134.3,31891400,3447.7,2820.9,3839.9,2896.0,3127.3,114,7,3127.2,90,6,3127.1,58,4,3127.0,128,10,3126.9,96,5,3127.8,78,2,3127.9,202,2,3128.0,692,3,3128.2,200,1,3128.6,82,2
2031,2026-06-16 11:15:57+05:30,3127.2,8,3130.72,1549830,133064.0,214710.0,3163.0,3163.0,3108.0,3134.3,31891400,3447.7,2820.9,3839.9,2896.0,3127.2,84,4,3127.1,41,3,3127.0,98,7,3126.9,123,6,3126.8,118,9,3127.8,19,1,3127.9,200,1,3128.0,692,3,3128.2,200,1,3128.6,82,2
2031,2026-06-16 11:15:57+05:30,3127.2,8,3130.72,1549830,133064.0,214710.0,3163.0,3163.0,3108.0,3134.3,31890600,3447.7,2820.9,3839.9,2896.0,3127.2,84,4,3127.1,41,3,3127.0,98,7,3126.9,123,6,3126.8,118,9,3127.8,19,1,3127.9,200,1,3128.0,692,3,3128.2,200,1,3128.6,82,2
2031,2026-06-16 11:15:58+05:30,3127.9,47,3130.72,1549830,133064.0,214710.0,3163.0,3163.0,3108.0,3134.3,31890600,3447.7,2820.9,3839.9,2896.0,3127.2,84,4,3127.1,41,3,3127.0,98,7,3126.9,123,6,3126.8,118,9,3127.8,19,1,3127.9,200,1,3128.0,692,3,3128.2,200,1,3128.6,82,2
2031,2026-06-16 11:15:58+05:30,3127.9,47,3130.72,1549901,133346.0,214899.0,3163.0,3163.0,3108.0,3134.3,31890600,3447.7,2820.9,3839.9,2896.0,3127.2,84,4,3127.1,41,3,3127.0,79,6,3126.9,123,6,3126.8,139,10,3127.8,36,1,3127.9,153,1,3128.0,892,4,3128.2,200,1,3128.6,82,2
2031,2026-06-16 11:15:59+05:30,3127.8,1,3130.72,1549901,133346.0,214899.0,3163.0,3163.0,3108.0,3134.3,31890600,3447.7,2820.9,3839.9,2896.0,3127.2,84,4,3127.1,41,3,3127.0,79,6,3126.9,123,6,3126.8,139,10,3127.8,36,1,3127.9,153,1,3128.0,892,4,3128.2,200,1,3128.6,82,2
2031,2026-06-16 11:15:59+05:30,3127.8,1,3130.72,1549902,133100.0,215195.0,3163.0,3163.0,3108.0,3134.3,31890600,3447.7,2820.9,3839.9,2896.0,3127.4,19,1,3127.2,37,1,3127.1,6,1,3127.0,61,5,3126.9,27,2,3127.8,35,1,3127.9,153,1,3128.0,892,4,3128.2,200,1,3128.4,20,1
2031,2026-06-16 11:16:00+05:30,3127.8,1,3130.72,1549902,133571.0,215154.0,3163.0,3163.0,3108.0,3134.3,31890600,3447.7,2820.9,3839.9,2896.0,3127.4,51,5,3127.2,88,3,3127.1,25,2,3127.0,68,5,3126.9,27,2,3127.8,36,2,3127.9,153,1,3128.0,892,4,3128.2,200,1,3128.4,20,1
2031,2026-06-16 11:16:01+05:30,3127.4,14,3130.72,1549902,133571.0,215154.0,3163.0,3163.0,3108.0,3134.3,31890600,3447.7,2820.9,3839.9,2896.0,3127.4,51,5,3127.2,88,3,3127.1,25,2,3127.0,68,5,3126.9,27,2,3127.8,36,2,3127.9,153,1,3128.0,892,4,3128.2,200,1,3128.4,20,1
2031,2026-06-16 11:16:01+05:30,3127.4,14,3130.72,1549937,133721.0,214654.0,3163.0,3163.0,3108.0,3134.3,31890600,3447.7,2820.9,3839.9,2896.0,3127.4,43,4,3127.2,65,2,3127.1,11,1,3127.0,92,5,3126.9,74,3,3127.5,2,1,3127.8,1,1,3127.9,153,1,3128.0,892,4,3128.2,200,1
2031,2026-06-16 11:16:02+05:30,3127.5,39,3130.72,1549937,133721.0,214654.0,3163.0,3163.0,3108.0,3134.3,31890600,3447.7,2820.9,3839.9,2896.0,3127.4,43,4,3127.2,65,2,3127.1,11,1,3127.0,92,5,3126.9,74,3,3127.5,2,1,3127.8,1,1,3127.9,153,1,3128.0,892,4,3128.2,200,1
2031,2026-06-16 11:16:02+05:30,3127.5,39,3130.72,1549978,133642.0,215102.0,3163.0,3163.0,3108.0,3134.3,31890600,3447.7,2820.9,3839.9,2896.0,3127.5,18,1,3127.4,6,2,3127.2,69,2,3127.0,53,4,3126.9,57,3,3127.7,2,1,3127.8,1,1,3127.9,153,1,3128.0,892,4,3128.2,200,1
2031,2026-06-16 11:16:03+05:30,3127.7,5,3130.72,1549978,133642.0,215102.0,3163.0,3163.0,3108.0,3134.3,31890600,3447.7,2820.9,3839.9,2896.0,3127.5,18,1,3127.4,6,2,3127.2,69,2,3127.0,53,4,3126.9,57,3,3127.7,2,1,3127.8,1,1,3127.9,153,1,3128.0,892,4,3128.2,200,1
2031,2026-06-16 11:16:03+05:30,3127.7,5,3130.72,1549985,133456.0,215703.0,3163.0,3163.0,3108.0,3134.3,31890600,3447.7,2820.9,3839.9,2896.0,3127.7,14,1,3127.4,6,2,3127.3,32,1,3127.2,37,1,3127.0,53,4,3127.8,1,1,3127.9,153,1,3128.0,892,4,3128.2,200,1,3128.4,60,1
2031,2026-06-16 11:16:04+05:30,3127.9,16,3130.72,1549985,133456.0,215703.0,3163.0,3163.0,3108.0,3134.3,31890600,3447.7,2820.9,3839.9,2896.0,3127.7,14,1,3127.4,6,2,3127.3,32,1,3127.2,37,1,3127.0,53,4,3127.8,1,1,3127.9,153,1,3128.0,892,4,3128.2,200,1,3128.4,60,1
2031,2026-06-16 11:16:04+05:30,3127.9,16,3130.72,1550002,133497.0,215546.0,3163.0,3163.0,3108.0,3134.3,31890600,3447.7,2820.9,3839.9,2896.0,3127.7,14,1,3127.4,6,2,3127.2,37,1,3127.0,53,4,3126.9,89,4,3127.9,137,1,3128.0,892,4,3128.2,200,1,3128.4,91,2,3128.5,60,1
2031,2026-06-16 11:16:05+05:30,3127.9,1,3130.72,1550002,133497.0,215546.0,3163.0,3163.0,3108.0,3134.3,31890600,3447.7,2820.9,3839.9,2896.0,3127.7,14,1,3127.4,6,2,3127.2,37,1,3127.0,53,4,3126.9,89,4,3127.9,137,1,3128.0,892,4,3128.2,200,1,3128.4,91,2,3128.5,60,1
2031,2026-06-16 11:16:05+05:30,3127.9,1,3130.72,1550142,133384.0,214620.0,3163.0,3163.0,3108.0,3134.3,31890600,3447.7,2820.9,3839.9,2896.0,3127.4,37,4,3127.2,108,4,3127.1,18,1,3127.0,81,5,3126.9,95,3,3127.9,16,1,3128.0,948,5,3128.2,200,1,3128.6,120,3,3128.7,47,2
2031,2026-06-16 11:16:06+05:30,3127.4,1,3130.72,1550142,133384.0,214620.0,3163.0,3163.0,3108.0,3134.3,31890600,3447.7,2820.9,3839.9,2896.0,3127.4,37,4,3127.2,108,4,3127.1,18,1,3127.0,81,5,3126.9,95,3,3127.9,16,1,3128.0,948,5,3128.2,200,1,3128.6,120,3,3128.7,47,2
2031,2026-06-16 11:16:06+05:30,3127.4,1,3130.72,1550159,133500.0,214078.0,3163.0,3163.0,3108.0,3134.3,31890600,3447.7,2820.9,3839.9,2896.0,3127.4,22,3,3127.2,89,3,3127.1,18,1,3127.0,62,4,3126.9,95,3,3127.9,62,2,3128.0,948,5,3128.2,200,1,3128.6,120,3,3128.7,47,2
2031,2026-06-16 11:16:07+05:30,3127.4,1,3130.72,1550159,133859.0,213834.0,3163.0,3163.0,3108.0,3134.3,31890600,3447.7,2820.9,3839.9,2896.0,3127.4,82,5,3127.3,300,1,3127.2,91,3,3127.1,18,1,3127.0,72,5,3127.8,2,1,3127.9,76,3,3128.0,899,5,3128.2,200,1,3128.6,120,3
2031,2026-06-16 11:16:08+05:30,3127.8,1,3130.72,1550159,133859.0,213834.0,3163.0,3163.0,3108.0,3134.3,31890600,3447.7,2820.9,3839.9,2896.0,3127.4,82,5,3127.3,300,1,3127.2,91,3,3127.1,18,1,3127.0,72,5,3127.8,2,1,3127.9,76,3,3128.0,899,5,3128.2,200,1,3128.6,120,3
2031,2026-06-16 11:16:08+05:30,3127.8,1,3130.72,1550160,134043.0,214463.0,3163.0,3163.0,3108.0,3134.3,31890600,3447.7,2820.9,3839.9,2896.0,3127.6,4,1,3127.4,77,4,3127.3,300,1,3127.2,91,3,3127.1,18,1,3127.8,30,2,3127.9,76,3,3128.0,899,5,3128.2,200,1,3128.6,120,3
2031,2026-06-16 11:16:09+05:30,3127.8,16,3130.72,1550160,134043.0,214463.0,3163.0,3163.0,3108.0,3134.3,31890600,3447.7,2820.9,3839.9,2896.0,3127.6,4,1,3127.4,77,4,3127.3,300,1,3127.2,91,3,3127.1,18,1,3127.8,30,2,3127.9,76,3,3128.0,899,5,3128.2,200,1,3128.6,120,3
2031,2026-06-16 11:16:09+05:30,3127.8,16,3130.72,1550177,134238.0,215039.0,3163.0,3163.0,3108.0,3134.3,31890600,3447.7,2820.9,3839.9,2896.0,3127.6,4,1,3127.4,77,4,3127.3,300,1,3127.2,91,3,3127.1,18,1,3127.7,2,1,3127.8,13,1,3127.9,65,2,3128.0,899,5,3128.2,200,1
2031,2026-06-16 11:16:10+05:30,3127.8,45,3130.72,1550177,134238.0,215039.0,3163.0,3163.0,3108.0,3134.3,31890600,3447.7,2820.9,3839.9,2896.0,3127.6,4,1,3127.4,77,4,3127.3,300,1,3127.2,91,3,3127.1,18,1,3127.7,2,1,3127.8,13,1,3127.9,65,2,3128.0,899,5,3128.2,200,1
2031,2026-06-16 11:16:10+05:30,3128.0,95,3130.72,1550401,134485.0,212689.0,3163.0,3163.0,3108.0,3134.3,31890600,3447.7,2820.9,3839.9,2896.0,3127.6,41,2,3127.4,59,2,3127.3,300,1,3127.2,97,2,3127.1,50,2,3128.0,804,5,3128.2,200,1,3128.6,40,1,3128.7,47,2,3128.8,81,3
2031,2026-06-16 11:16:11+05:30,3128.0,95,3130.72,1550401,134485.0,212689.0,3163.0,3163.0,3108.0,3134.3,31890600,3447.7,2820.9,3839.9,2896.0,3127.6,41,2,3127.4,59,2,3127.3,300,1,3127.2,97,2,3127.1,50,2,3128.0,804,5,3128.2,200,1,3128.6,40,1,3128.7,47,2,3128.8,81,3
2031,2026-06-16 11:16:11+05:30,3127.9,1,3130.72,1550402,134743.0,214255.0,3163.0,3163.0,3108.0,3134.3,31890600,3447.7,2820.9,3839.9,2896.0,3127.6,59,3,3127.4,39,1,3127.3,300,1,3127.2,51,2,3127.1,50,2,3127.9,23,1,3128.0,828,6,3128.2,200,1,3128.6,100,2,3128.7,47,2
2031,2026-06-16 11:16:12+05:30,3127.9,1,3130.72,1550402,134743.0,214255.0,3163.0,3163.0,3108.0,3134.3,31890600,3447.7,2820.9,3839.9,2896.0,3127.6,59,3,3127.4,39,1,3127.3,300,1,3127.2,51,2,3127.1,50,2,3127.9,22,1,3128.0,883,7,3128.2,200,1,3128.6,100,2,3128.7,47,2
2031,2026-06-16 11:16:12+05:30,3127.9,1,3130.72,1550403,134748.0,214311.0,3163.0,3163.0,3108.0,3134.3,31890600,3447.7,2820.9,3839.9,2896.0,3127.6,59,3,3127.4,39,1,3127.3,300,1,3127.2,51,2,3127.1,50,2,3127.9,22,1,3128.0,883,7,3128.2,200,1,3128.6,100,2,3128.7,47,2
2031,2026-06-16 11:16:13+05:30,3127.9,1,3130.72,1550403,134748.0,214311.0,3163.0,3163.0,3108.0,3134.3,31890600,3447.7,2820.9,3839.9,2896.0,3127.6,59,3,3127.4,39,1,3127.3,300,1,3127.2,51,2,3127.1,50,2,3127.9,22,1,3128.0,883,7,3128.2,200,1,3128.6,100,2,3128.7,47,2
2031,2026-06-16 11:16:13+05:30,3127.9,1,3130.72,1550404,134760.0,214332.0,3163.0,3163.0,3108.0,3134.3,31890600,3447.7,2820.9,3839.9,2896.0,3127.6,59,3,3127.4,39,1,3127.3,300,1,3127.2,51,2,3127.1,50,2,3127.9,36,2,3128.0,859,6,3128.2,200,1,3128.6,100,2,3128.7,47,2
2031,2026-06-16 11:16:14+05:30,3127.6,2,3130.72,1550404,134760.0,214332.0,3163.0,3163.0,3108.0,3134.3,31890600,3447.7,2820.9,3839.9,2896.0,3127.6,59,3,3127.4,39,1,3127.3,300,1,3127.2,51,2,3127.1,50,2,3127.9,36,2,3128.0,859,6,3128.2,200,1,3128.6,100,2,3128.7,47,2
2031,2026-06-16 11:16:14+05:30,3127.6,2,3130.72,1550423,134592.0,214320.0,3163.0,3163.0,3108.0,3134.3,31890600,3447.7,2820.9,3839.9,2896.0,3127.6,57,3,3127.4,39,1,3127.3,300,1,3127.2,51,2,3127.1,18,1,3127.7,4,1,3127.9,15,1,3128.0,859,6,3128.2,200,1,3128.6,100,2
2031,2026-06-16 11:16:15+05:30,3128.0,93,3130.72,1550423,134592.0,214320.0,3163.0,3163.0,3108.0,3134.3,31890600,3447.7,2820.9,3839.9,2896.0,3127.6,57,3,3127.4,39,1,3127.3,300,1,3127.2,51,2,3127.1,18,1,3127.7,4,1,3127.9,15,1,3128.0,859,6,3128.2,200,1,3128.6,100,2
2031,2026-06-16 11:16:15+05:30,3128.0,93,3130.72,1550583,134434.0,214368.0,3163.0,3163.0,3108.0,3134.3,31890600,3447.7,2820.9,3839.9,2896.0,3127.7,18,1,3127.6,38,2,3127.5,14,1,3127.4,42,2,3127.3,300,1,3128.0,766,6,3128.2,200,1,3128.6,100,2,3128.7,47,2,3128.8,81,3
2031,2026-06-16 11:16:16+05:30,3128.0,1,3130.72,1550583,134434.0,214368.0,3163.0,3163.0,3108.0,3134.3,31890600,3447.7,2820.9,3839.9,2896.0,3127.7,18,1,3127.6,38,2,3127.5,14,1,3127.4,42,2,3127.3,300,1,3128.0,766,6,3128.2,200,1,3128.6,100,2,3128.7,47,2,3128.8,81,3
2031,2026-06-16 11:16:16+05:30,3128.0,1,3130.72,1550680,135210.0,214637.0,3163.0,3163.0,3108.0,3134.3,31890600,3447.7,2820.9,3839.9,2896.0,3127.9,22,3,3127.8,31,1,3127.7,90,4,3127.6,69,3,3127.5,22,2,3128.0,696,7,3128.2,200,1,3128.7,74,2,3128.9,749,16,3129.0,923,7
2031,2026-06-16 11:16:17+05:30,3127.9,17,3130.72,1550680,135210.0,214637.0,3163.0,3163.0,3108.0,3134.3,31890600,3447.7,2820.9,3839.9,2896.0,3127.9,22,3,3127.8,31,1,3127.7,90,4,3127.6,69,3,3127.5,22,2,3128.0,696,7,3128.2,200,1,3128.7,74,2,3128.9,749,16,3129.0,923,7
2031,2026-06-16 11:16:17+05:30,3127.9,17,3130.72,1550861,135185.0,214476.0,3163.0,3163.0,3108.0,3134.3,31890600,3447.7,2820.9,3839.9,2896.0,3127.9,21,1,3127.7,58,3,3127.6,57,3,3127.5,41,3,3127.4,78,4,3128.0,535,7,3128.2,200,1,3128.7,14,1,3128.9,687,15,3129.0,906,6
2031,2026-06-16 11:16:18+05:30,3127.9,4,3130.72,1550861,135185.0,214476.0,3163.0,3163.0,3108.0,3134.3,31890600,3447.7,2820.9,3839.9,2896.0,3127.9,17,1,3127.7,39,2,3127.6,57,3,3127.5,22,2,3127.4,78,4,3128.0,542,8,3128.2,200,1,3128.7,14,1,3128.9,687,15,3129.0,906,6
2031,2026-06-16 11:16:18+05:30,3128.0,1,3130.72,1550883,135110.0,212485.0,3163.0,3163.0,3108.0,3134.3,31890600,3447.7,2820.9,3839.9,2896.0,3127.9,17,1,3127.7,39,2,3127.6,57,3,3127.5,22,2,3127.4,78,4,3128.0,542,8,3128.2,200,1,3128.7,14,1,3128.9,687,15,3129.0,906,6
2031,2026-06-16 11:16:20+05:30,3128.0,1,3130.72,1550883,135110.0,212485.0,3163.0,3163.0,3108.0,3134.3,31890600,3447.7,2820.9,3839.9,2896.0,3127.9,17,1,3127.7,39,2,3127.6,57,3,3127.5,22,2,3127.4,78,4,3128.0,542,8,3128.2,200,1,3128.7,14,1,3128.9,687,15,3129.0,906,6
2031,2026-06-16 11:16:22+05:30,3127.6,98,3130.72,1551085,134020.0,213092.0,3163.0,3163.0,3108.0,3134.3,31890600,3447.7,2820.9,3839.9,2896.0,3127.6,19,1,3127.5,23,2,3127.4,42,2,3127.3,300,1,3127.0,442,6,3127.9,22,1,3128.0,144,7,3128.1,400,2,3128.2,200,1,3128.6,110,3
2031,2026-06-16 11:16:23+05:30,3127.6,98,3130.72,1551085,134020.0,213092.0,3163.0,3163.0,3108.0,3134.3,31890600,3447.7,2820.9,3839.9,2896.0,3127.6,19,1,3127.5,23,2,3127.4,42,2,3127.3,300,1,3127.0,442,6,3127.9,22,1,3128.0,144,7,3128.1,400,2,3128.2,200,1,3128.6,110,3
2031,2026-06-16 11:16:26+05:30,3127.5,22,3130.72,1551085,134020.0,213092.0,3163.0,3163.0,3108.0,3134.3,31890600,3447.7,2820.9,3839.9,2896.0,3127.6,19,1,3127.5,23,2,3127.4,42,2,3127.3,300,1,3127.0,442,6,3127.9,22,1,3128.0,144,7,3128.1,400,2,3128.2,200,1,3128.6,110,3
2031,2026-06-16 11:16:27+05:30,3127.6,23,3130.72,1551410,134353.0,213211.0,3163.0,3163.0,3108.0,3134.3,31890600,3447.7,2820.9,3839.9,2896.0,3127.5,90,6,3127.4,89,3,3127.3,404,6,3127.2,80,3,3127.1,26,1,3128.0,123,5,3128.2,200,1,3128.3,200,1,3128.7,74,2,3128.8,21,1
2031,2026-06-16 11:16:29+05:30,3127.9,1,3130.72,1551410,134353.0,213211.0,3163.0,3163.0,3108.0,3134.3,31890600,3447.7,2820.9,3839.9,2896.0,3127.5,90,6,3127.4,89,3,3127.3,404,6,3127.2,80,3,3127.1,26,1,3128.0,123,5,3128.2,200,1,3128.3,200,1,3128.7,74,2,3128.8,21,1
2031,2026-06-16 11:16:31+05:30,3127.9,1,3130.72,1551476,135103.0,214566.0,3163.0,3163.0,3108.0,3134.3,31890600,3447.7,2820.9,3839.9,2896.0,3127.8,17,3,3127.7,3,1,3127.6,56,2,3127.5,87,8,3127.4,158,6,3127.9,6,2,3128.0,127,7,3128.2,200,1,3128.4,200,1,3128.7,14,1
2031,2026-06-16 11:16:32+05:30,3127.9,1,3130.72,1551476,135103.0,214566.0,3163.0,3163.0,3108.0,3134.3,31890600,3447.7,2820.9,3839.9,2896.0,3127.8,17,3,3127.7,3,1,3127.6,56,2,3127.5,87,8,3127.4,158,6,3127.9,6,2,3128.0,127,7,3128.2,200,1,3128.4,200,1,3128.7,14,1
2031,2026-06-16 11:16:35+05:30,3127.9,4,3130.72,1551476,135103.0,214566.0,3163.0,3163.0,3108.0,3134.3,31890600,3447.7,2820.9,3839.9,2896.0,3127.8,17,3,3127.7,3,1,3127.6,56,2,3127.5,87,8,3127.4,158,6,3127.9,6,2,3128.0,127,7,3128.2,200,1,3128.4,200,1,3128.7,14,1
2031,2026-06-16 11:16:37+05:30,3128.0,79,3130.72,1551648,135015.0,214681.0,3163.0,3163.0,3108.0,3134.3,31890600,3447.7,2820.9,3839.9,2896.0,3127.9,1,1,3127.8,31,2,3127.7,3,1,3127.6,54,3,3127.5,136,8,3128.2,214,2,3128.4,200,1,3128.9,397,12,3129.0,572,4,3129.1,121,5
2031,2026-06-16 11:16:38+05:30,3128.2,1,3130.72,1551648,135015.0,214681.0,3163.0,3163.0,3108.0,3134.3,31890600,3447.7,2820.9,3839.9,2896.0,3127.9,1,1,3127.8,31,2,3127.7,3,1,3127.6,54,3,3127.5,136,8,3128.2,214,2,3128.4,200,1,3128.9,397,12,3129.0,572,4,3129.1,121,5
2031,2026-06-16 11:16:39+05:30,3128.2,1,3130.72,1551648,135015.0,214681.0,3163.0,3163.0,3108.0,3134.3,31890600,3447.7,2820.9,3839.9,2896.0,3127.9,1,1,3127.8,31,2,3127.7,3,1,3127.6,54,3,3127.5,136,8,3128.2,214,2,3128.4,200,1,3128.9,397,12,3129.0,572,4,3129.1,121,5
2031,2026-06-16 11:16:40+05:30,3128.2,1,3130.72,1551648,135015.0,214681.0,3163.0,3163.0,3108.0,3134.3,31890600,3447.7,2820.9,3839.9,2896.0,3127.9,1,1,3127.8,31,2,3127.7,3,1,3127.6,54,3,3127.5,136,8,3128.2,214,2,3128.4,200,1,3128.9,397,12,3129.0,572,4,3129.1,121,5
2031,2026-06-16 11:16:41+05:30,3128.1,2,3130.72,1551648,135015.0,214681.0,3163.0,3163.0,3108.0,3134.3,31890600,3447.7,2820.9,3839.9,2896.0,3127.9,1,1,3127.8,31,2,3127.7,3,1,3127.6,54,3,3127.5,136,8,3128.2,214,2,3128.4,200,1,3128.9,397,12,3129.0,572,4,3129.1,121,5
2031,2026-06-16 11:16:42+05:30,3128.1,2,3130.72,1551664,134818.0,215177.0,3163.0,3163.0,3108.0,3134.3,31890600,3447.7,2820.9,3839.9,2896.0,3128.1,4,1,3128.0,2,1,3127.9,17,1,3127.6,1,1,3127.5,35,3,3128.2,322,8,3128.3,200,1,3128.4,262,4,3128.6,71,3,3128.7,87,2
2031,2026-06-16 11:16:42+05:30,3128.1,2,3130.72,1551664,134818.0,215177.0,3163.0,3163.0,3108.0,3134.3,31890600,3447.7,2820.9,3839.9,2896.0,3128.1,4,1,3128.0,2,1,3127.9,17,1,3127.6,1,1,3127.5,35,3,3128.2,322,8,3128.3,200,1,3128.4,262,4,3128.6,71,3,3128.7,87,2
2031,2026-06-16 11:16:44+05:30,3128.1,24,3130.72,1551664,134818.0,215177.0,3163.0,3163.0,3108.0,3134.3,31890600,3447.7,2820.9,3839.9,2896.0,3128.1,4,1,3128.0,2,1,3127.9,17,1,3127.6,1,1,3127.5,35,3,3128.2,322,8,3128.3,200,1,3128.4,262,4,3128.6,71,3,3128.7,87,2
2031,2026-06-16 11:16:44+05:30,3128.1,24,3130.72,1551664,134818.0,215177.0,3163.0,3163.0,3108.0,3134.3,31890600,3447.7,2820.9,3839.9,2896.0,3128.1,4,1,3128.0,2,1,3127.9,17,1,3127.6,1,1,3127.5,35,3,3128.2,322,8,3128.3,200,1,3128.4,262,4,3128.6,71,3,3128.7,87,2
2031,2026-06-16 11:16:46+05:30,3128.1,24,3130.72,1551664,134818.0,215177.0,3163.0,3163.0,3108.0,3134.3,31890600,3447.7,2820.9,3839.9,2896.0,3128.1,4,1,3128.0,2,1,3127.9,17,1,3127.6,1,1,3127.5,35,3,3128.2,322,8,3128.3,200,1,3128.4,262,4,3128.6,71,3,3128.7,87,2
2031,2026-06-16 11:16:47+05:30,3128.2,2,3130.72,1551664,134818.0,215177.0,3163.0,3163.0,3108.0,3134.3,31890600,3447.7,2820.9,3839.9,2896.0,3128.1,4,1,3128.0,2,1,3127.9,17,1,3127.6,1,1,3127.5,35,3,3128.2,322,8,3128.3,200,1,3128.4,262,4,3128.6,71,3,3128.7,87,2
2031,2026-06-16 11:16:47+05:30,3128.1,2,3130.71,1552037,134657.0,215006.0,3163.0,3163.0,3108.0,3134.3,31890600,3447.7,2820.9,3839.9,2896.0,3127.5,53,5,3127.4,46,3,3127.3,300,1,3127.2,99,4,3127.1,694,3,3128.1,2,1,3128.2,246,4,3128.3,202,2,3128.4,203,2,3128.6,2,1
2031,2026-06-16 11:16:48+05:30,3128.1,2,3130.71,1552037,134657.0,215006.0,3163.0,3163.0,3108.0,3134.3,31890600,3447.7,2820.9,3839.9,2896.0,3127.5,53,5,3127.4,46,3,3127.3,300,1,3127.2,99,4,3127.1,694,3,3128.1,2,1,3128.2,246,4,3128.3,202,2,3128.4,203,2,3128.6,2,1
2031,2026-06-16 11:16:49+05:30,3128.1,2,3130.71,1552037,134657.0,215006.0,3163.0,3163.0,3108.0,3134.3,31890600,3447.7,2820.9,3839.9,2896.0,3127.5,53,5,3127.4,46,3,3127.3,300,1,3127.2,99,4,3127.1,694,3,3128.1,2,1,3128.2,246,4,3128.3,202,2,3128.4,203,2,3128.6,2,1
2031,2026-06-16 11:16:50+05:30,3127.5,1,3130.71,1552037,134657.0,215006.0,3163.0,3163.0,3108.0,3134.3,31890600,3447.7,2820.9,3839.9,2896.0,3127.5,53,5,3127.4,46,3,3127.3,300,1,3127.2,99,4,3127.1,694,3,3128.1,2,1,3128.2,246,4,3128.3,202,2,3128.4,203,2,3128.6,2,1
2031,2026-06-16 11:16:50+05:30,3127.5,1,3130.71,1552037,134657.0,215006.0,3163.0,3163.0,3108.0,3134.3,31890600,3447.7,2820.9,3839.9,2896.0,3127.5,53,5,3127.4,46,3,3127.3,300,1,3127.2,99,4,3127.1,694,3,3128.1,2,1,3128.2,246,4,3128.3,202,2,3128.4,203,2,3128.6,2,1
2031,2026-06-16 11:16:51+05:30,3127.5,1,3130.71,1552037,134657.0,215006.0,3163.0,3163.0,3108.0,3134.3,31890600,3447.7,2820.9,3839.9,2896.0,3127.5,53,5,3127.4,46,3,3127.3,300,1,3127.2,99,4,3127.1,694,3,3128.1,2,1,3128.2,246,4,3128.3,202,2,3128.4,203,2,3128.6,2,1
2031,2026-06-16 11:16:52+05:30,3127.5,1,3130.71,1552037,134657.0,215006.0,3163.0,3163.0,3108.0,3134.3,31890600,3447.7,2820.9,3839.9,2896.0,3127.5,53,5,3127.4,46,3,3127.3,300,1,3127.2,99,4,3127.1,694,3,3128.1,2,1,3128.2,246,4,3128.3,202,2,3128.4,203,2,3128.6,2,1
2031,2026-06-16 11:16:53+05:30,3127.8,43,3130.71,1552095,135416.0,215658.0,3163.0,3163.0,3108.0,3134.3,31890600,3447.7,2820.9,3839.9,2896.0,3127.8,17,1,3127.5,38,5,3127.4,3,1,3127.3,300,1,3127.2,27,1,3128.1,5,1,3128.2,245,4,3128.3,202,2,3128.4,203,2,3128.6,2,1
2031,2026-06-16 11:16:53+05:30,3127.8,43,3130.71,1552095,135416.0,215658.0,3163.0,3163.0,3108.0,3134.3,31890600,3447.7,2820.9,3839.9,2896.0,3127.8,17,1,3127.5,38,5,3127.4,3,1,3127.3,300,1,3127.2,27,1,3128.1,5,1,3128.2,245,4,3128.3,202,2,3128.4,203,2,3128.6,2,1
2031,2026-06-16 11:16:53+05:30,3127.8,43,3130.71,1552095,135416.0,215658.0,3163.0,3163.0,3108.0,3134.3,31890600,3447.7,2820.9,3839.9,2896.0,3127.8,17,1,3127.5,38,5,3127.4,3,1,3127.3,300,1,3127.2,27,1,3128.1,5,1,3128.2,245,4,3128.3,202,2,3128.4,203,2,3128.6,2,1
2031,2026-06-16 11:16:54+05:30,3127.8,43,3130.71,1552095,135416.0,215658.0,3163.0,3163.0,3108.0,3134.3,31890600,3447.7,2820.9,3839.9,2896.0,3127.8,17,1,3127.5,38,5,3127.4,3,1,3127.3,300,1,3127.2,27,1,3128.1,5,1,3128.2,245,4,3128.3,202,2,3128.4,203,2,3128.6,2,1
2031,2026-06-16 11:16:55+05:30,3127.8,43,3130.71,1552095,135416.0,215658.0,3163.0,3163.0,3108.0,3134.3,31890600,3447.7,2820.9,3839.9,2896.0,3127.8,17,1,3127.5,38,5,3127.4,3,1,3127.3,300,1,3127.2,27,1,3128.1,5,1,3128.2,245,4,3128.3,202,2,3128.4,203,2,3128.6,2,1
2031,2026-06-16 11:16:56+05:30,3128.2,1,3130.71,1552095,135416.0,215658.0,3163.0,3163.0,3108.0,3134.3,31890600,3447.7,2820.9,3839.9,2896.0,3127.8,17,1,3127.5,38,5,3127.4,3,1,3127.3,300,1,3127.2,27,1,3128.1,5,1,3128.2,245,4,3128.3,202,2,3128.4,203,2,3128.6,2,1
2031,2026-06-16 11:16:56+05:30,3128.2,1,3130.71,1552095,135416.0,215658.0,3163.0,3163.0,3108.0,3134.3,31890600,3447.7,2820.9,3839.9,2896.0,3127.8,17,1,3127.5,38,5,3127.4,3,1,3127.3,300,1,3127.2,27,1,3128.1,5,1,3128.2,245,4,3128.3,202,2,3128.4,203,2,3128.6,2,1
2031,2026-06-16 11:16:57+05:30,3128.2,1,3130.71,1552095,135416.0,215658.0,3163.0,3163.0,3108.0,3134.3,31892000,3447.7,2820.9,3839.9,2896.0,3127.8,17,1,3127.5,38,5,3127.4,3,1,3127.3,300,1,3127.2,27,1,3128.1,5,1,3128.2,245,4,3128.3,202,2,3128.4,203,2,3128.6,2,1
2031,2026-06-16 11:16:58+05:30,3128.3,94,3130.71,1552467,135418.0,215273.0,3163.0,3163.0,3108.0,3134.3,31892000,3447.7,2820.9,3839.9,2896.0,3128.0,1,1,3127.5,16,4,3127.4,21,2,3127.3,327,2,3127.1,692,2,3128.2,37,1,3128.3,108,2,3128.4,221,3,3128.6,20,2,3128.7,129,3
2031,2026-06-16 11:16:59+05:30,3128.3,94,3130.71,1552467,135418.0,215273.0,3163.0,3163.0,3108.0,3134.3,31892000,3447.7,2820.9,3839.9,2896.0,3128.0,1,1,3127.5,16,4,3127.4,21,2,3127.3,327,2,3127.1,692,2,3128.2,37,1,3128.3,108,2,3128.4,221,3,3128.6,20,2,3128.7,129,3
2031,2026-06-16 11:17:01+05:30,3128.1,1,3130.71,1552467,135418.0,215273.0,3163.0,3163.0,3108.0,3134.3,31892000,3447.7,2820.9,3839.9,2896.0,3128.0,1,1,3127.5,16,4,3127.4,21,2,3127.3,327,2,3127.1,692,2,3128.2,37,1,3128.3,108,2,3128.4,221,3,3128.6,20,2,3128.7,129,3
2031,2026-06-16 11:17:03+05:30,3128.2,3,3130.71,1552526,136099.0,215722.0,3163.0,3163.0,3108.0,3134.3,31892000,3447.7,2820.9,3839.9,2896.0,3128.0,41,1,3127.9,46,2,3127.6,27,1,3127.5,46,3,3127.4,170,5,3128.1,1,1,3128.2,230,5,3128.3,108,2,3128.4,203,2,3128.6,2,1
2031,2026-06-16 11:17:03+05:30,3128.2,3,3130.71,1552526,136099.0,215722.0,3163.0,3163.0,3108.0,3134.3,31892000,3447.7,2820.9,3839.9,2896.0,3128.0,41,1,3127.9,46,2,3127.6,27,1,3127.5,46,3,3127.4,170,5,3128.1,1,1,3128.2,230,5,3128.3,108,2,3128.4,203,2,3128.6,2,1
2031,2026-06-16 11:17:05+05:30,3127.5,1,3130.71,1552526,136099.0,215722.0,3163.0,3163.0,3108.0,3134.3,31892000,3447.7,2820.9,3839.9,2896.0,3128.0,41,1,3127.9,46,2,3127.6,27,1,3127.5,46,3,3127.4,170,5,3128.1,1,1,3128.2,230,5,3128.3,108,2,3128.4,203,2,3128.6,2,1
2031,2026-06-16 11:17:07+05:30,3127.9,1,3130.71,1552526,136099.0,215722.0,3163.0,3163.0,3108.0,3134.3,31892000,3447.7,2820.9,3839.9,2896.0,3128.0,41,1,3127.9,46,2,3127.6,27,1,3127.5,46,3,3127.4,170,5,3128.1,1,1,3128.2,230,5,3128.3,108,2,3128.4,203,2,3128.6,2,1
2031,2026-06-16 11:17:08+05:30,3127.9,1,3130.71,1552758,134941.0,213527.0,3163.0,3163.0,3108.0,3134.3,31892000,3447.7,2820.9,3839.9,2896.0,3127.5,71,5,3127.4,19,1,3127.3,323,2,3127.2,41,2,3127.1,691,2,3127.9,19,1,3128.0,2,1,3128.1,40,2,3128.2,220,3,3128.3,108,2
2031,2026-06-16 11:17:10+05:30,3127.8,3,3130.71,1552758,134941.0,213527.0,3163.0,3163.0,3108.0,3134.3,31892000,3447.7,2820.9,3839.9,2896.0,3127.5,71,5,3127.4,19,1,3127.3,323,2,3127.2,41,2,3127.1,691,2,3127.9,19,1,3128.0,2,1,3128.1,40,2,3128.2,220,3,3128.3,108,2
2031,2026-06-16 11:17:13+05:30,3128.1,1,3130.71,1552758,134941.0,213527.0,3163.0,3163.0,3108.0,3134.3,31892000,3447.7,2820.9,3839.9,2896.0,3127.5,71,5,3127.4,19,1,3127.3,323,2,3127.2,41,2,3127.1,691,2,3127.9,19,1,3128.0,2,1,3128.1,40,2,3128.2,220,3,3128.3,108,2
2031,2026-06-16 11:17:13+05:30,3128.1,1,3130.71,1554896,133692.0,215928.0,3163.0,3163.0,3108.0,3134.3,31892000,3447.7,2820.9,3839.9,2896.0,3127.7,2,1,3127.5,27,3,3127.3,7,1,3127.2,39,2,3127.1,187,3,3128.0,232,1,3128.1,39,2,3128.2,19,1,3128.3,2,1,3128.4,3,1
2031,2026-06-16 11:17:16+05:30,3127.7,4,3130.71,1554896,133692.0,215928.0,3163.0,3163.0,3108.0,3134.3,31892000,3447.7,2820.9,3839.9,2896.0,3127.7,2,1,3127.5,27,3,3127.3,7,1,3127.2,39,2,3127.1,187,3,3128.0,232,1,3128.1,39,2,3128.2,19,1,3128.3,2,1,3128.4,3,1
2031,2026-06-16 11:17:19+05:30,3127.5,20,3130.71,1555202,133060.0,216920.0,3163.0,3163.0,3108.0,3134.3,31892000,3447.7,2820.9,3839.9,2896.0,3127.2,22,1,3127.1,18,2,3127.0,165,4,3126.9,15,1,3126.8,73,4,3127.5,2,1,3127.6,1,1,3128.0,96,5,3128.2,19,1,3128.3,2,1
2031,2026-06-16 11:17:19+05:30,3127.5,20,3130.71,1555202,133060.0,216920.0,3163.0,3163.0,3108.0,3134.3,31892000,3447.7,2820.9,3839.9,2896.0,3127.2,22,1,3127.1,18,2,3127.0,165,4,3126.9,15,1,3126.8,73,4,3127.5,2,1,3127.6,1,1,3128.0,96,5,3128.2,19,1,3128.3,2,1
2031,2026-06-16 11:17:20+05:30,3127.3,50,3130.71,1555252,133188.0,216799.0,3163.0,3163.0,3108.0,3134.3,31892000,3447.7,2820.9,3839.9,2896.0,3127.3,17,1,3127.2,64,2,3127.1,32,2,3127.0,165,4,3126.8,105,4,3127.5,3,2,3127.6,1,1,3128.0,83,4,3128.3,2,1,3128.4,99,4
2031,2026-06-16 11:17:20+05:30,3127.3,50,3130.71,1555252,133188.0,216799.0,3163.0,3163.0,3108.0,3134.3,31892000,3447.7,2820.9,3839.9,2896.0,3127.3,17,1,3127.2,64,2,3127.1,32,2,3127.0,165,4,3126.8,105,4,3127.5,3,2,3127.6,1,1,3128.0,83,4,3128.3,2,1,3128.4,99,4
2031,2026-06-16 11:17:21+05:30,3127.3,2,3130.71,1555254,133176.0,216832.0,3163.0,3163.0,3108.0,3134.3,31892000,3447.7,2820.9,3839.9,2896.0,3127.3,45,2,3127.2,64,2,3127.1,32,2,3127.0,165,4,3126.8,63,3,3127.4,6,1,3127.5,35,3,3127.6,1,1,3128.0,77,3,3128.3,2,1
2031,2026-06-16 11:17:21+05:30,3127.3,2,3130.71,1555254,133176.0,216832.0,3163.0,3163.0,3108.0,3134.3,31892000,3447.7,2820.9,3839.9,2896.0,3127.3,45,2,3127.2,64,2,3127.1,32,2,3127.0,165,4,3126.8,63,3,3127.4,6,1,3127.5,35,3,3127.6,1,1,3128.0,77,3,3128.3,2,1
2031,2026-06-16 11:17:22+05:30,3127.4,1,3130.71,1555255,133358.0,214767.0,3163.0,3163.0,3108.0,3134.3,31892000,3447.7,2820.9,3839.9,2896.0,3127.3,85,3,3127.2,94,3,3127.1,1,1,3127.0,195,5,3126.8,63,3,3127.4,5,1,3127.5,35,3,3127.6,1,1,3128.0,77,3,3128.3,2,1
2031,2026-06-16 11:17:23+05:30,3127.3,5,3130.71,1555255,133358.0,214767.0,3163.0,3163.0,3108.0,3134.3,31892000,3447.7,2820.9,3839.9,2896.0,3127.3,85,3,3127.2,94,3,3127.1,1,1,3127.0,195,5,3126.8,63,3,3127.4,5,1,3127.5,35,3,3127.6,1,1,3128.0,77,3,3128.3,2,1
2031,2026-06-16 11:17:23+05:30,3127.3,5,3130.71,1555275,133018.0,215287.0,3163.0,3163.0,3108.0,3134.3,31892000,3447.7,2820.9,3839.9,2896.0,3127.3,82,3,3127.2,64,2,3127.1,1,1,3127.0,165,4,3126.8,32,2,3127.4,26,3,3127.5,6,1,3127.6,1,1,3128.0,77,3,3128.3,2,1
2031,2026-06-16 11:17:24+05:30,3127.4,18,3130.71,1555275,133018.0,215287.0,3163.0,3163.0,3108.0,3134.3,31892000,3447.7,2820.9,3839.9,2896.0,3127.3,82,3,3127.2,64,2,3127.1,1,1,3127.0,165,4,3126.8,32,2,3127.4,26,3,3127.5,6,1,3127.6,1,1,3128.0,77,3,3128.3,2,1
2031,2026-06-16 11:17:24+05:30,3127.3,135,3130.71,1555524,132733.0,217196.0,3163.0,3163.0,3108.0,3134.3,31892000,3447.7,2820.9,3839.9,2896.0,3127.3,17,1,3127.2,42,1,3127.0,113,3,3126.8,26,1,3126.7,65,3,3127.5,6,1,3127.6,1,1,3128.0,77,3,3128.1,36,1,3128.2,19,1
2031,2026-06-16 11:17:25+05:30,3127.3,1,3130.71,1555524,132733.0,217196.0,3163.0,3163.0,3108.0,3134.3,31892000,3447.7,2820.9,3839.9,2896.0,3127.3,17,1,3127.2,42,1,3127.0,113,3,3126.8,26,1,3126.7,65,3,3127.5,6,1,3127.6,1,1,3128.0,77,3,3128.1,36,1,3128.2,19,1
2031,2026-06-16 11:17:25+05:30,3127.3,1,3130.71,1555527,132796.0,217301.0,3163.0,3163.0,3108.0,3134.3,31892000,3447.7,2820.9,3839.9,2896.0,3127.3,16,1,3127.2,42,1,3127.0,113,3,3126.8,26,1,3126.7,65,3,3127.4,25,1,3127.5,5,2,3127.6,1,1,3127.8,19,1,3128.0,96,4
2031,2026-06-16 11:17:26+05:30,3127.3,1,3130.71,1555527,132658.0,217309.0,3163.0,3163.0,3108.0,3134.3,31892000,3447.7,2820.9,3839.9,2896.0,3127.3,16,1,3127.2,42,1,3127.0,113,3,3126.7,13,1,3126.6,12,1,3127.4,25,1,3127.5,24,3,3127.6,1,1,3127.7,18,1,3127.8,49,2
2031,2026-06-16 11:17:27+05:30,3127.2,10,3130.71,1555570,132582.0,216569.0,3163.0,3163.0,3108.0,3134.3,31892000,3447.7,2820.9,3839.9,2896.0,3127.2,32,1,3127.0,113,3,3126.7,13,1,3126.6,12,1,3126.5,27,2,3127.4,25,1,3127.5,63,5,3127.6,1,1,3127.7,18,1,3127.8,49,2
2031,2026-06-16 11:17:28+05:30,3127.2,24,3130.71,1555570,132582.0,216569.0,3163.0,3163.0,3108.0,3134.3,31892000,3447.7,2820.9,3839.9,2896.0,3127.2,32,1,3127.0,113,3,3126.7,13,1,3126.6,12,1,3126.5,27,2,3127.4,25,1,3127.5,63,5,3127.6,1,1,3127.7,18,1,3127.8,49,2
2031,2026-06-16 11:17:28+05:30,3127.4,26,3130.71,1555645,132475.0,216603.0,3163.0,3163.0,3108.0,3134.3,31892000,3447.7,2820.9,3839.9,2896.0,3127.2,8,1,3127.1,18,1,3127.0,113,3,3126.7,13,1,3126.6,12,1,3127.4,18,2,3127.5,13,2,3127.6,50,3,3127.7,18,1,3127.8,49,2
2031,2026-06-16 11:17:29+05:30,3127.4,26,3130.71,1555645,132475.0,216603.0,3163.0,3163.0,3108.0,3134.3,31892000,3447.7,2820.9,3839.9,2896.0,3127.2,8,1,3127.1,18,1,3127.0,113,3,3126.7,13,1,3126.6,12,1,3127.4,18,2,3127.5,13,2,3127.6,50,3,3127.7,18,1,3127.8,49,2
2031,2026-06-16 11:17:29+05:30,3127.4,26,3130.71,1555645,132193.0,217338.0,3163.0,3163.0,3108.0,3134.3,31892000,3447.7,2820.9,3839.9,2896.0,3127.2,8,1,3127.1,18,1,3127.0,113,3,3126.7,13,1,3126.6,12,1,3127.3,8,1,3127.4,95,5,3127.5,13,2,3127.6,77,4,3127.7,18,1
2031,2026-06-16 11:17:30+05:30,3127.3,1,3130.71,1555645,132193.0,217338.0,3163.0,3163.0,3108.0,3134.3,31892000,3447.7,2820.9,3839.9,2896.0,3127.2,8,1,3127.1,18,1,3127.0,113,3,3126.7,13,1,3126.6,12,1,3127.3,8,1,3127.4,95,5,3127.5,13,2,3127.6,77,4,3127.7,18,1
2031,2026-06-16 11:17:30+05:30,3127.2,1,3130.71,1555651,132326.0,217300.0,3163.0,3163.0,3108.0,3134.3,31892000,3447.7,2820.9,3839.9,2896.0,3127.2,13,3,3127.1,18,1,3127.0,113,3,3126.7,13,1,3126.6,12,1,3127.3,9,4,3127.4,107,5,3127.5,13,2,3127.6,59,3,3127.7,18,1
2031,2026-06-16 11:17:31+05:30,3127.3,1,3130.71,1555651,132326.0,217300.0,3163.0,3163.0,3108.0,3134.3,31892000,3447.7,2820.9,3839.9,2896.0,3127.2,13,3,3127.1,18,1,3127.0,113,3,3126.7,13,1,3126.6,12,1,3127.3,9,4,3127.4,107,5,3127.5,13,2,3127.6,59,3,3127.7,18,1
2031,2026-06-16 11:17:31+05:30,3127.2,4,3130.71,1555690,132486.0,217336.0,3163.0,3163.0,3108.0,3134.3,31892000,3447.7,2820.9,3839.9,2896.0,3127.2,9,3,3127.1,25,2,3127.0,113,3,3126.7,13,1,3126.6,12,1,3127.3,11,1,3127.4,77,4,3127.5,42,3,3127.6,20,2,3127.7,18,1
2031,2026-06-16 11:17:32+05:30,3127.3,17,3130.71,1555690,132486.0,217336.0,3163.0,3163.0,3108.0,3134.3,31892000,3447.7,2820.9,3839.9,2896.0,3127.2,9,3,3127.1,25,2,3127.0,113,3,3126.7,13,1,3126.6,12,1,3127.3,11,1,3127.4,77,4,3127.5,42,3,3127.6,20,2,3127.7,18,1
2031,2026-06-16 11:17:32+05:30,3127.5,1,3130.71,1555775,132573.0,216612.0,3163.0,3163.0,3108.0,3134.3,31892000,3447.7,2820.9,3839.9,2896.0,3127.4,7,1,3127.3,20,1,3127.2,9,3,3127.1,7,1,3127.0,113,3,3127.5,3,1,3127.6,20,2,3127.7,13,1,3127.8,48,2,3127.9,27,1
2031,2026-06-16 11:17:33+05:30,3127.5,1,3130.71,1555775,132573.0,216612.0,3163.0,3163.0,3108.0,3134.3,31892000,3447.7,2820.9,3839.9,2896.0,3127.4,7,1,3127.3,20,1,3127.2,9,3,3127.1,7,1,3127.0,113,3,3127.5,3,1,3127.6,20,2,3127.7,13,1,3127.8,48,2,3127.9,27,1
2031,2026-06-16 11:17:33+05:30,3127.4,1,3130.71,1555776,132509.0,216640.0,3163.0,3163.0,3108.0,3134.3,31892000,3447.7,2820.9,3839.9,2896.0,3127.4,6,1,3127.2,9,3,3127.1,24,2,3127.0,113,3,3126.7,13,1,3127.5,43,3,3127.6,1,1,3127.7,42,2,3127.8,19,1,3127.9,27,1
2031,2026-06-16 11:17:34+05:30,3127.4,1,3130.71,1555776,132509.0,216640.0,3163.0,3163.0,3108.0,3134.3,31892000,3447.7,2820.9,3839.9,2896.0,3127.4,6,1,3127.2,9,3,3127.1,24,2,3127.0,113,3,3126.7,13,1,3127.5,43,3,3127.6,1,1,3127.7,42,2,3127.8,19,1,3127.9,27,1
2031,2026-06-16 11:17:34+05:30,3127.5,50,3130.71,1555854,132391.0,216726.0,3163.0,3163.0,3108.0,3134.3,31892000,3447.7,2820.9,3839.9,2896.0,3127.4,7,2,3127.2,9,3,3127.1,24,2,3127.0,113,3,3126.7,13,1,3127.5,9,1,3127.6,20,2,3127.8,47,2,3128.0,47,2,3128.1,72,2
2031,2026-06-16 11:17:35+05:30,3127.5,50,3130.71,1555854,132391.0,216726.0,3163.0,3163.0,3108.0,3134.3,31892000,3447.7,2820.9,3839.9,2896.0,3127.4,7,2,3127.2,9,3,3127.1,24,2,3127.0,113,3,3126.7,13,1,3127.5,9,1,3127.6,20,2,3127.8,47,2,3128.0,47,2,3128.1,72,2
2031,2026-06-16 11:17:36+05:30,3127.5,50,3130.71,1555854,132491.0,216716.0,3163.0,3163.0,3108.0,3134.3,31892000,3447.7,2820.9,3839.9,2896.0,3127.4,27,3,3127.2,9,3,3127.1,7,1,3127.0,113,3,3126.7,13,1,3127.5,10,2,3127.6,1,1,3128.0,47,2,3128.1,72,2,3128.2,134,4
2031,2026-06-16 11:17:37+05:30,3127.5,1,3130.71,1555855,132467.0,216716.0,3163.0,3163.0,3108.0,3134.3,31892000,3447.7,2820.9,3839.9,2896.0,3127.4,27,3,3127.2,9,3,3127.1,7,1,3127.0,113,3,3126.7,13,1,3127.5,9,2,3127.6,1,1,3127.8,19,1,3128.0,47,2,3128.1,72,2
2031,2026-06-16 11:17:37+05:30,3127.5,1,3130.71,1555855,132467.0,216716.0,3163.0,3163.0,3108.0,3134.3,31892000,3447.7,2820.9,3839.9,2896.0,3127.4,27,3,3127.2,9,3,3127.1,7,1,3127.0,113,3,3126.7,13,1,3127.5,9,2,3127.6,1,1,3127.8,19,1,3128.0,47,2,3128.1,72,2
2031,2026-06-16 11:17:38+05:30,3127.5,1,3130.71,1555855,132513.0,216717.0,3163.0,3163.0,3108.0,3134.3,31892000,3447.7,2820.9,3839.9,2896.0,3127.4,27,3,3127.2,9,3,3127.1,7,1,3127.0,113,3,3126.7,29,2,3127.5,9,2,3127.6,1,1,3127.8,19,1,3128.0,47,2,3128.1,72,2
2031,2026-06-16 11:17:38+05:30,3127.5,1,3130.71,1555855,132513.0,216717.0,3163.0,3163.0,3108.0,3134.3,31892000,3447.7,2820.9,3839.9,2896.0,3127.4,27,3,3127.2,9,3,3127.1,7,1,3127.0,113,3,3126.7,29,2,3127.5,9,2,3127.6,1,1,3127.8,19,1,3128.0,47,2,3128.1,72,2
2031,2026-06-16 11:17:38+05:30,3127.4,1,3130.71,1555860,132500.0,216695.0,3163.0,3163.0,3108.0,3134.3,31892000,3447.7,2820.9,3839.9,2896.0,3127.4,28,4,3127.2,4,2,3127.1,7,1,3127.0,113,3,3126.7,29,2,3127.5,8,2,3128.0,47,2,3128.1,72,2,3128.2,134,4,3128.3,83,3
2031,2026-06-16 11:17:39+05:30,3127.4,1,3130.71,1555860,132500.0,216695.0,3163.0,3163.0,3108.0,3134.3,31892000,3447.7,2820.9,3839.9,2896.0,3127.4,28,4,3127.2,4,2,3127.1,7,1,3127.0,113,3,3126.7,29,2,3127.5,8,2,3128.0,47,2,3128.1,72,2,3128.2,134,4,3128.3,83,3
2031,2026-06-16 11:17:39+05:30,3127.4,1,3130.71,1555860,132500.0,216695.0,3163.0,3163.0,3108.0,3134.3,31892000,3447.7,2820.9,3839.9,2896.0,3127.4,28,4,3127.2,4,2,3127.1,7,1,3127.0,113,3,3126.7,29,2,3127.5,8,2,3128.0,47,2,3128.1,72,2,3128.2,134,4,3128.3,83,3
2031,2026-06-16 11:17:39+05:30,3127.4,7,3130.71,1555971,132475.0,216731.0,3163.0,3163.0,3108.0,3134.3,31892000,3447.7,2820.9,3839.9,2896.0,3127.4,18,2,3127.2,20,3,3127.1,7,1,3127.0,113,3,3126.7,29,2,3127.5,26,3,3127.8,18,1,3127.9,28,1,3128.0,19,1,3128.1,72,2
2031,2026-06-16 11:17:40+05:30,3127.4,7,3130.71,1555971,132475.0,216731.0,3163.0,3163.0,3108.0,3134.3,31892000,3447.7,2820.9,3839.9,2896.0,3127.4,18,2,3127.2,20,3,3127.1,7,1,3127.0,113,3,3126.7,29,2,3127.5,26,3,3127.8,18,1,3127.9,28,1,3128.0,19,1,3128.1,72,2
2031,2026-06-16 11:17:40+05:30,3127.5,7,3130.71,1555986,132375.0,216841.0,3163.0,3163.0,3108.0,3134.3,31892000,3447.7,2820.9,3839.9,2896.0,3127.4,11,2,3127.2,19,2,3127.1,7,1,3127.0,113,3,3126.7,29,2,3127.8,3,1,3127.9,81,4,3128.0,13,1,3128.1,36,1,3128.2,103,3
2031,2026-06-16 11:17:41+05:30,3127.5,7,3130.71,1555986,132375.0,216841.0,3163.0,3163.0,3108.0,3134.3,31892000,3447.7,2820.9,3839.9,2896.0,3127.4,11,2,3127.2,19,2,3127.1,7,1,3127.0,113,3,3126.7,29,2,3127.8,3,1,3127.9,81,4,3128.0,13,1,3128.1,36,1,3128.2,103,3
2031,2026-06-16 11:17:41+05:30,3127.5,7,3130.71,1555986,132375.0,216841.0,3163.0,3163.0,3108.0,3134.3,31892000,3447.7,2820.9,3839.9,2896.0,3127.4,11,2,3127.2,19,2,3127.1,7,1,3127.0,113,3,3126.7,29,2,3127.8,3,1,3127.9,81,4,3128.0,13,1,3128.1,36,1,3128.2,103,3
2031,2026-06-16 11:17:41+05:30,3127.5,7,3130.71,1555986,132016.0,217126.0,3163.0,3163.0,3108.0,3134.3,31892000,3447.7,2820.9,3839.9,2896.0,3127.4,11,2,3127.2,19,2,3127.1,7,1,3127.0,113,3,3126.7,29,2,3127.8,64,5,3127.9,57,3,3128.0,103,5,3128.1,36,1,3128.2,103,3
2031,2026-06-16 11:17:43+05:30,3127.8,1,3130.71,1555987,132220.0,216976.0,3163.0,3163.0,3108.0,3134.3,31892000,3447.7,2820.9,3839.9,2896.0,3127.4,11,2,3127.2,19,2,3127.1,7,1,3127.0,114,4,3126.7,29,2,3127.8,102,6,3127.9,35,2,3128.0,77,4,3128.1,66,2,3128.2,337,5
2031,2026-06-16 11:17:43+05:30,3127.0,1,3130.71,1555987,132220.0,216976.0,3163.0,3163.0,3108.0,3134.3,31892000,3447.7,2820.9,3839.9,2896.0,3127.4,11,2,3127.2,19,2,3127.1,7,1,3127.0,114,4,3126.7,29,2,3127.8,102,6,3127.9,35,2,3128.0,77,4,3128.1,66,2,3128.2,337,5
2031,2026-06-16 11:17:43+05:30,3127.0,1,3130.71,1555987,132220.0,216976.0,3163.0,3163.0,3108.0,3134.3,31892000,3447.7,2820.9,3839.9,2896.0,3127.4,11,2,3127.2,19,2,3127.1,7,1,3127.0,114,4,3126.7,29,2,3127.8,102,6,3127.9,35,2,3128.0,77,4,3128.1,66,2,3128.2,337,5
2031,2026-06-16 11:17:44+05:30,3127.3,3,3130.7,1556660,131652.0,217945.0,3163.0,3163.0,3108.0,3134.3,31892000,3447.7,2820.9,3839.9,2896.0,3126.7,28,2,3126.6,12,1,3126.4,1,1,3126.2,36,2,3126.1,195,3,3127.5,28,1,3127.6,51,2,3127.7,30,2,3127.8,101,3,3127.9,79,3
2031,2026-06-16 11:17:44+05:30,3127.3,3,3130.7,1556660,131652.0,217945.0,3163.0,3163.0,3108.0,3134.3,31892000,3447.7,2820.9,3839.9,2896.0,3126.7,28,2,3126.6,12,1,3126.4,1,1,3126.2,36,2,3126.1,195,3,3127.5,28,1,3127.6,51,2,3127.7,30,2,3127.8,101,3,3127.9,79,3
2031,2026-06-16 11:17:44+05:30,3127.4,9,3130.7,1556669,132004.0,216824.0,3163.0,3163.0,3108.0,3134.3,31892000,3447.7,2820.9,3839.9,2896.0,3127.4,1,1,3126.7,14,2,3126.6,12,1,3126.4,168,2,3126.3,84,2,3127.6,1,1,3127.8,118,4,3127.9,64,2,3128.0,22,1,3128.1,87,3
2031,2026-06-16 11:17:45+05:30,3127.4,9,3130.7,1556669,132004.0,216824.0,3163.0,3163.0,3108.0,3134.3,31892000,3447.7,2820.9,3839.9,2896.0,3127.4,1,1,3126.7,14,2,3126.6,12,1,3126.4,168,2,3126.3,84,2,3127.6,1,1,3127.8,118,4,3127.9,64,2,3128.0,22,1,3128.1,87,3
2031,2026-06-16 11:17:45+05:30,3127.4,9,3130.7,1556669,132004.0,216824.0,3163.0,3163.0,3108.0,3134.3,31892000,3447.7,2820.9,3839.9,2896.0,3127.4,1,1,3126.7,14,2,3126.6,12,1,3126.4,168,2,3126.3,84,2,3127.6,1,1,3127.8,118,4,3127.9,64,2,3128.0,22,1,3128.1,87,3
2031,2026-06-16 11:17:46+05:30,3126.3,22,3130.69,1563195,127719.0,221157.0,3163.0,3163.0,3108.0,3134.3,31892000,3447.7,2820.9,3839.9,2896.0,3125.3,9,2,3125.1,35,1,3125.0,918,8,3124.9,40,1,3124.8,74,2,3126.3,694,1,3126.4,314,5,3126.5,144,3,3126.6,19,1,3126.7,192,3
2031,2026-06-16 11:17:46+05:30,3127.0,18,3130.69,1563195,127719.0,221157.0,3163.0,3163.0,3108.0,3134.3,31892000,3447.7,2820.9,3839.9,2896.0,3125.3,9,2,3125.1,35,1,3125.0,918,8,3124.9,40,1,3124.8,74,2,3126.3,694,1,3126.4,314,5,3126.5,144,3,3126.6,19,1,3126.7,192,3
2031,2026-06-16 11:17:47+05:30,3127.0,100,3130.68,1565568,130934.0,217651.0,3163.0,3163.0,3108.0,3134.3,31892000,3447.7,2820.9,3839.9,2896.0,3127.0,38,1,3126.0,80,3,3125.9,32,1,3125.8,39,2,3125.7,115,4,3127.3,250,1,3127.4,49,3,3127.5,67,2,3127.6,51,3,3127.8,389,7
2031,2026-06-16 11:17:47+05:30,3127.0,100,3130.68,1565568,130934.0,217651.0,3163.0,3163.0,3108.0,3134.3,31892000,3447.7,2820.9,3839.9,2896.0,3127.0,38,1,3126.0,80,3,3125.9,32,1,3125.8,39,2,3125.7,115,4,3127.3,250,1,3127.4,49,3,3127.5,67,2,3127.6,51,3,3127.8,389,7
2031,2026-06-16 11:17:47+05:30,3127.0,100,3130.68,1565568,130934.0,217651.0,3163.0,3163.0,3108.0,3134.3,31892000,3447.7,2820.9,3839.9,2896.0,3127.0,38,1,3126.0,80,3,3125.9,32,1,3125.8,39,2,3125.7,115,4,3127.3,250,1,3127.4,49,3,3127.5,67,2,3127.6,51,3,3127.8,389,7
2031,2026-06-16 11:17:48+05:30,3127.1,245,3130.68,1565818,132005.0,217247.0,3163.0,3163.0,3108.0,3134.3,31892000,3447.7,2820.9,3839.9,2896.0,3127.1,184,1,3127.0,102,3,3126.8,5,1,3126.7,16,1,3126.6,92,3,3127.2,14,1,3127.8,82,2,3128.1,332,2,3128.2,278,3,3128.3,45,2
2031,2026-06-16 11:17:48+05:30,3127.1,245,3130.68,1565818,132005.0,217247.0,3163.0,3163.0,3108.0,3134.3,31892000,3447.7,2820.9,3839.9,2896.0,3127.1,184,1,3127.0,102,3,3126.8,5,1,3126.7,16,1,3126.6,92,3,3127.2,14,1,3127.8,82,2,3128.1,332,2,3128.2,278,3,3128.3,45,2
2031,2026-06-16 11:17:48+05:30,3127.1,245,3130.68,1565818,132005.0,217247.0,3163.0,3163.0,3108.0,3134.3,31892000,3447.7,2820.9,3839.9,2896.0,3127.1,184,1,3127.0,102,3,3126.8,5,1,3126.7,16,1,3126.6,92,3,3127.2,14,1,3127.8,82,2,3128.1,332,2,3128.2,278,3,3128.3,45,2
2031,2026-06-16 11:17:49+05:30,3127.1,27,3130.68,1565846,131729.0,217099.0,3163.0,3163.0,3108.0,3134.3,31892000,3447.7,2820.9,3839.9,2896.0,3127.1,165,2,3127.0,102,3,3126.7,16,1,3126.6,19,1,3126.5,1,1,3127.2,13,1,3127.7,200,1,3127.8,82,2,3128.1,151,2,3128.2,278,3
2031,2026-06-16 11:17:49+05:30,3127.1,27,3130.68,1565846,131729.0,217099.0,3163.0,3163.0,3108.0,3134.3,31892000,3447.7,2820.9,3839.9,2896.0,3127.1,165,2,3127.0,102,3,3126.7,16,1,3126.6,19,1,3126.5,1,1,3127.2,13,1,3127.7,200,1,3127.8,82,2,3128.1,151,2,3128.2,278,3
2031,2026-06-16 11:17:49+05:30,3127.1,27,3130.68,1565846,131729.0,217099.0,3163.0,3163.0,3108.0,3134.3,31892000,3447.7,2820.9,3839.9,2896.0,3127.1,161,2,3127.0,102,3,3126.5,1,1,3126.4,5,1,3126.3,61,2,3127.2,2,1,3127.6,219,2,3127.7,204,2,3127.8,131,4,3128.0,145,3
2031,2026-06-16 11:17:50+05:30,3127.1,4,3130.68,1565861,131689.0,217443.0,3163.0,3163.0,3108.0,3134.3,31892000,3447.7,2820.9,3839.9,2896.0,3127.1,161,2,3127.0,102,3,3126.5,1,1,3126.4,5,1,3126.3,61,2,3127.2,2,1,3127.6,219,2,3127.7,204,2,3127.8,131,4,3128.0,145,3
2031,2026-06-16 11:17:50+05:30,3127.1,40,3130.68,1565861,131689.0,217443.0,3163.0,3163.0,3108.0,3134.3,31892000,3447.7,2820.9,3839.9,2896.0,3127.1,161,2,3127.0,102,3,3126.5,1,1,3126.4,5,1,3126.3,61,2,3127.2,2,1,3127.6,219,2,3127.7,204,2,3127.8,131,4,3128.0,145,3
2031,2026-06-16 11:17:50+05:30,3127.1,40,3130.68,1565861,131689.0,217443.0,3163.0,3163.0,3108.0,3134.3,31892000,3447.7,2820.9,3839.9,2896.0,3127.1,161,2,3127.0,102,3,3126.5,1,1,3126.4,5,1,3126.3,61,2,3127.2,2,1,3127.6,219,2,3127.7,204,2,3127.8,131,4,3128.0,145,3
2031,2026-06-16 11:17:51+05:30,3127.1,5,3130.68,1565906,131899.0,217531.0,3163.0,3163.0,3108.0,3134.3,31892000,3447.7,2820.9,3839.9,2896.0,3127.1,116,2,3127.0,102,3,3126.5,1,1,3126.4,5,1,3126.3,61,2,3127.2,3,2,3127.5,17,1,3127.6,219,2,3127.7,293,3,3127.8,437,7
2031,2026-06-16 11:17:51+05:30,3127.1,5,3130.68,1565906,131899.0,217531.0,3163.0,3163.0,3108.0,3134.3,31892000,3447.7,2820.9,3839.9,2896.0,3127.1,116,2,3127.0,102,3,3126.5,1,1,3126.4,5,1,3126.3,61,2,3127.2,3,2,3127.5,17,1,3127.6,219,2,3127.7,293,3,3127.8,437,7
2031,2026-06-16 11:17:51+05:30,3127.1,5,3130.68,1565906,131899.0,217531.0,3163.0,3163.0,3108.0,3134.3,31892000,3447.7,2820.9,3839.9,2896.0,3127.1,116,2,3127.0,102,3,3126.5,1,1,3126.4,5,1,3126.3,61,2,3127.2,3,2,3127.5,17,1,3127.6,219,2,3127.7,293,3,3127.8,437,7
2031,2026-06-16 11:17:52+05:30,3127.1,1,3130.68,1565907,131755.0,217539.0,3163.0,3163.0,3108.0,3134.3,31892000,3447.7,2820.9,3839.9,2896.0,3127.1,115,2,3127.0,102,3,3126.5,1,1,3126.4,5,1,3126.3,61,2,3127.2,3,2,3127.5,17,1,3127.6,269,3,3127.7,293,3,3127.8,437,7
2031,2026-06-16 11:17:52+05:30,3127.1,1,3130.68,1565907,131755.0,217539.0,3163.0,3163.0,3108.0,3134.3,31892000,3447.7,2820.9,3839.9,2896.0,3127.1,115,2,3127.0,102,3,3126.5,1,1,3126.4,5,1,3126.3,61,2,3127.2,3,2,3127.5,17,1,3127.6,269,3,3127.7,293,3,3127.8,437,7
2031,2026-06-16 11:17:52+05:30,3127.1,1,3130.68,1565907,131755.0,217539.0,3163.0,3163.0,3108.0,3134.3,31892000,3447.7,2820.9,3839.9,2896.0,3127.1,115,2,3127.0,102,3,3126.5,1,1,3126.4,5,1,3126.3,61,2,3127.2,3,2,3127.5,17,1,3127.6,269,3,3127.7,293,3,3127.8,437,7
2031,2026-06-16 11:17:53+05:30,3127.1,1,3130.68,1565907,131755.0,217539.0,3163.0,3163.0,3108.0,3134.3,31892000,3447.7,2820.9,3839.9,2896.0,3127.1,115,2,3127.0,102,3,3126.5,1,1,3126.4,5,1,3126.3,61,2,3127.2,3,2,3127.5,17,1,3127.6,269,3,3127.7,293,3,3127.8,437,7
2031,2026-06-16 11:17:53+05:30,3127.2,1,3130.68,1565910,132107.0,218214.0,3163.0,3163.0,3108.0,3134.3,31892000,3447.7,2820.9,3839.9,2896.0,3127.2,18,1,3127.1,113,2,3127.0,102,3,3126.5,1,1,3126.4,5,1,3127.5,13,1,3127.6,289,5,3127.7,293,3,3127.8,437,7,3127.9,47,1
2031,2026-06-16 11:17:53+05:30,3127.2,1,3130.68,1565910,132107.0,218214.0,3163.0,3163.0,3108.0,3134.3,31892000,3447.7,2820.9,3839.9,2896.0,3127.2,18,1,3127.1,113,2,3127.0,102,3,3126.5,1,1,3126.4,5,1,3127.5,13,1,3127.6,289,5,3127.7,293,3,3127.8,437,7,3127.9,47,1
2031,2026-06-16 11:17:54+05:30,3127.2,1,3130.68,1565910,132107.0,218214.0,3163.0,3163.0,3108.0,3134.3,31892000,3447.7,2820.9,3839.9,2896.0,3127.2,18,1,3127.1,113,2,3127.0,102,3,3126.5,1,1,3126.4,5,1,3127.5,13,1,3127.6,289,5,3127.7,293,3,3127.8,437,7,3127.9,47,1
2031,2026-06-16 11:17:54+05:30,3127.5,1,3130.68,1565911,132427.0,218301.0,3163.0,3163.0,3108.0,3134.3,31892000,3447.7,2820.9,3839.9,2896.0,3127.2,126,2,3127.1,113,2,3127.0,102,3,3126.5,1,1,3126.4,5,1,3127.5,12,1,3127.6,220,3,3127.7,293,3,3127.8,312,4,3127.9,47,1
2031,2026-06-16 11:17:54+05:30,3127.2,4,3130.68,1565911,132427.0,218301.0,3163.0,3163.0,3108.0,3134.3,31892000,3447.7,2820.9,3839.9,2896.0,3127.2,126,2,3127.1,113,2,3127.0,102,3,3126.5,1,1,3126.4,5,1,3127.5,12,1,3127.6,220,3,3127.7,293,3,3127.8,312,4,3127.9,47,1
2031,2026-06-16 11:17:54+05:30,3127.2,4,3130.68,1565911,132427.0,218301.0,3163.0,3163.0,3108.0,3134.3,31892000,3447.7,2820.9,3839.9,2896.0,3127.2,126,2,3127.1,113,2,3127.0,102,3,3126.5,1,1,3126.4,5,1,3127.5,12,1,3127.6,220,3,3127.7,293,3,3127.8,312,4,3127.9,47,1
2031,2026-06-16 11:17:55+05:30,3126.8,91,3130.68,1567209,129078.0,218576.0,3163.0,3163.0,3108.0,3134.3,31892000,3447.7,2820.9,3839.9,2896.0,3126.5,1,1,3126.4,5,1,3126.3,5,1,3126.2,1,1,3126.1,3,1,3126.8,21,1,3127.1,123,4,3127.2,263,4,3127.3,270,3,3127.4,231,7
2031,2026-06-16 11:17:55+05:30,3126.8,6,3130.68,1567209,129078.0,218576.0,3163.0,3163.0,3108.0,3134.3,31892000,3447.7,2820.9,3839.9,2896.0,3126.5,1,1,3126.4,5,1,3126.3,5,1,3126.2,1,1,3126.1,3,1,3126.8,21,1,3127.1,123,4,3127.2,263,4,3127.3,270,3,3127.4,231,7
2031,2026-06-16 11:17:55+05:30,3126.8,6,3130.68,1567209,129078.0,218576.0,3163.0,3163.0,3108.0,3134.3,31892000,3447.7,2820.9,3839.9,2896.0,3126.5,1,1,3126.4,5,1,3126.3,5,1,3126.2,1,1,3126.1,3,1,3126.8,21,1,3127.1,123,4,3127.2,263,4,3127.3,270,3,3127.4,231,7
2031,2026-06-16 11:17:56+05:30,3127.1,1,3130.68,1567231,131191.0,218898.0,3163.0,3163.0,3108.0,3134.3,31892000,3447.7,2820.9,3839.9,2896.0,3127.0,890,1,3126.5,1,1,3126.4,61,2,3126.3,5,1,3126.2,10,2,3127.1,13,1,3127.2,246,3,3127.3,257,2,3127.4,221,3,3127.5,81,2
2031,2026-06-16 11:17:56+05:30,3127.1,1,3130.68,1567231,131191.0,218898.0,3163.0,3163.0,3108.0,3134.3,31892000,3447.7,2820.9,3839.9,2896.0,3127.0,890,1,3126.5,1,1,3126.4,61,2,3126.3,5,1,3126.2,10,2,3127.1,13,1,3127.2,246,3,3127.3,257,2,3127.4,221,3,3127.5,81,2
2031,2026-06-16 11:17:56+05:30,3127.1,1,3130.68,1567231,131191.0,218898.0,3163.0,3163.0,3108.0,3134.3,31892000,3447.7,2820.9,3839.9,2896.0,3127.0,890,1,3126.5,1,1,3126.4,61,2,3126.3,5,1,3126.2,10,2,3127.1,13,1,3127.2,246,3,3127.3,257,2,3127.4,221,3,3127.5,81,2
2031,2026-06-16 11:17:57+05:30,3127.1,1,3130.68,1567231,131166.0,219118.0,3163.0,3163.0,3108.0,3134.3,31892000,3447.7,2820.9,3839.9,2896.0,3127.0,890,1,3126.5,1,1,3126.4,78,3,3126.3,5,1,3126.2,10,2,3127.1,13,1,3127.2,246,3,3127.3,257,2,3127.4,221,3,3127.5,81,2
2031,2026-06-16 11:17:57+05:30,3127.1,1,3130.68,1567231,131166.0,219118.0,3163.0,3163.0,3108.0,3134.3,31892000,3447.7,2820.9,3839.9,2896.0,3127.0,890,1,3126.5,1,1,3126.4,78,3,3126.3,5,1,3126.2,10,2,3127.1,13,1,3127.2,246,3,3127.3,257,2,3127.4,221,3,3127.5,81,2
2031,2026-06-16 11:17:58+05:30,3126.9,73,3130.67,1568407,129933.0,219359.0,3163.0,3163.0,3108.0,3134.3,31892000,3447.7,2820.9,3839.9,2896.0,3126.5,3,1,3126.4,22,2,3126.3,5,1,3126.2,1,1,3126.1,3,1,3126.9,118,1,3127.0,226,3,3127.1,1,1,3127.2,115,4,3127.3,87,3
2031,2026-06-16 11:17:58+05:30,3126.9,73,3130.67,1568407,129933.0,219359.0,3163.0,3163.0,3108.0,3134.3,31890400,3447.7,2820.9,3839.9,2896.0,3126.5,3,1,3126.4,22,2,3126.3,5,1,3126.2,1,1,3126.1,3,1,3126.9,118,1,3127.0,226,3,3127.1,1,1,3127.2,115,4,3127.3,87,3
2031,2026-06-16 11:17:58+05:30,3127.0,34,3130.67,1568407,129933.0,219359.0,3163.0,3163.0,3108.0,3134.3,31890400,3447.7,2820.9,3839.9,2896.0,3126.5,3,1,3126.4,22,2,3126.3,5,1,3126.2,1,1,3126.1,3,1,3126.9,118,1,3127.0,226,3,3127.1,1,1,3127.2,115,4,3127.3,87,3
2031,2026-06-16 11:17:59+05:30,3127.0,171,3130.67,1568956,131752.0,219160.0,3163.0,3163.0,3108.0,3134.3,31890400,3447.7,2820.9,3839.9,2896.0,3127.0,745,2,3126.5,47,2,3126.4,97,4,3126.3,26,2,3126.2,89,4,3127.1,1,1,3127.2,246,3,3127.3,57,1,3127.4,2,1,3127.5,31,1
2031,2026-06-16 11:17:59+05:30,3127.0,200,3130.67,1568956,131752.0,219160.0,3163.0,3163.0,3108.0,3134.3,31890400,3447.7,2820.9,3839.9,2896.0,3127.0,745,2,3126.5,47,2,3126.4,97,4,3126.3,26,2,3126.2,89,4,3127.1,1,1,3127.2,246,3,3127.3,57,1,3127.4,2,1,3127.5,31,1
2031,2026-06-16 11:18:00+05:30,3127.1,1,3130.67,1569197,131902.0,219453.0,3163.0,3163.0,3108.0,3134.3,31890400,3447.7,2820.9,3839.9,2896.0,3127.0,509,3,3126.6,18,1,3126.5,47,2,3126.4,5,1,3126.3,50,3,3127.1,47,2,3127.2,19,1,3127.3,257,2,3127.4,202,2,3127.5,31,1
2031,2026-06-16 11:18:00+05:30,3127.1,1,3130.67,1569197,131902.0,219453.0,3163.0,3163.0,3108.0,3134.3,31890400,3447.7,2820.9,3839.9,2896.0,3127.0,509,3,3126.6,18,1,3126.5,47,2,3126.4,5,1,3126.3,50,3,3127.1,47,2,3127.2,19,1,3127.3,257,2,3127.4,202,2,3127.5,31,1
2031,2026-06-16 11:18:01+05:30,3127.1,2,3130.67,1569201,132037.0,218597.0,3163.0,3163.0,3108.0,3134.3,31890400,3447.7,2820.9,3839.9,2896.0,3127.0,710,6,3126.6,18,1,3126.5,119,4,3126.4,36,2,3126.3,26,2,3127.1,67,3,3127.2,19,1,3127.3,57,1,3127.4,2,1,3127.5,31,1
2031,2026-06-16 11:18:01+05:30,3127.1,2,3130.67,1569201,132037.0,218597.0,3163.0,3163.0,3108.0,3134.3,31890400,3447.7,2820.9,3839.9,2896.0,3127.0,710,6,3126.6,18,1,3126.5,119,4,3126.4,36,2,3126.3,26,2,3127.1,67,3,3127.2,19,1,3127.3,57,1,3127.4,2,1,3127.5,31,1
2031,2026-06-16 11:18:02+05:30,3127.0,200,3130.67,1569468,131770.0,218509.0,3163.0,3163.0,3108.0,3134.3,31890400,3447.7,2820.9,3839.9,2896.0,3127.0,510,6,3126.6,19,1,3126.5,47,2,3126.4,5,1,3126.3,5,1,3127.1,8,1,3127.2,19,1,3127.3,57,1,3127.4,2,1,3127.5,33,2
2031,2026-06-16 11:18:02+05:30,3127.0,200,3130.67,1569468,131770.0,218509.0,3163.0,3163.0,3108.0,3134.3,31890400,3447.7,2820.9,3839.9,2896.0,3127.0,510,6,3126.6,19,1,3126.5,47,2,3126.4,5,1,3126.3,5,1,3127.1,8,1,3127.2,19,1,3127.3,57,1,3127.4,2,1,3127.5,33,2
2031,2026-06-16 11:18:03+05:30,3127.0,22,3130.67,1569491,131911.0,218514.0,3163.0,3163.0,3108.0,3134.3,31890400,3447.7,2820.9,3839.9,2896.0,3127.0,522,8,3126.5,47,2,3126.4,5,1,3126.3,5,1,3126.2,111,4,3127.1,7,1,3127.2,19,1,3127.3,57,1,3127.4,2,1,3127.5,33,2
2031,2026-06-16 11:18:03+05:30,3127.0,22,3130.67,1569491,131911.0,218514.0,3163.0,3163.0,3108.0,3134.3,31890400,3447.7,2820.9,3839.9,2896.0,3127.0,522,8,3126.5,47,2,3126.4,5,1,3126.3,5,1,3126.2,111,4,3127.1,7,1,3127.2,19,1,3127.3,57,1,3127.4,2,1,3127.5,33,2
2031,2026-06-16 11:18:04+05:30,3127.1,40,3130.67,1569538,131923.0,218736.0,3163.0,3163.0,3108.0,3134.3,31890400,3447.7,2820.9,3839.9,2896.0,3127.0,521,8,3126.5,47,2,3126.4,5,1,3126.3,5,1,3126.2,92,3,3127.1,7,1,3127.2,19,1,3127.3,57,1,3127.4,2,1,3127.5,33,2
2031,2026-06-16 11:18:04+05:30,3127.1,40,3130.67,1569538,131923.0,218736.0,3163.0,3163.0,3108.0,3134.3,31890400,3447.7,2820.9,3839.9,2896.0,3127.0,521,8,3126.5,47,2,3126.4,5,1,3126.3,5,1,3126.2,92,3,3127.1,7,1,3127.2,19,1,3127.3,57,1,3127.4,2,1,3127.5,33,2
2031,2026-06-16 11:18:05+05:30,3127.1,1,3130.67,1569548,131880.0,218904.0,3163.0,3163.0,3108.0,3134.3,31890400,3447.7,2820.9,3839.9,2896.0,3127.1,8,1,3127.0,503,7,3126.5,47,2,3126.4,5,1,3126.3,5,1,3127.2,18,1,3127.4,2,1,3127.5,33,2,3127.6,257,2,3127.7,336,4
2031,2026-06-16 11:18:05+05:30,3127.1,1,3130.67,1569548,131880.0,218904.0,3163.0,3163.0,3108.0,3134.3,31890400,3447.7,2820.9,3839.9,2896.0,3127.1,8,1,3127.0,503,7,3126.5,47,2,3126.4,5,1,3126.3,5,1,3127.2,18,1,3127.4,2,1,3127.5,33,2,3127.6,257,2,3127.7,336,4
2031,2026-06-16 11:18:06+05:30,3127.1,1,3130.67,1569560,131900.0,218884.0,3163.0,3163.0,3108.0,3134.3,31890400,3447.7,2820.9,3839.9,2896.0,3127.1,15,2,3127.0,515,8,3126.5,47,2,3126.4,5,1,3126.3,5,1,3127.2,18,1,3127.5,33,2,3127.6,257,2,3127.7,267,2,3127.8,366,5
2031,2026-06-16 11:18:06+05:30,3127.1,1,3130.67,1569560,131900.0,218884.0,3163.0,3163.0,3108.0,3134.3,31890400,3447.7,2820.9,3839.9,2896.0,3127.1,15,2,3127.0,515,8,3126.5,47,2,3126.4,5,1,3126.3,5,1,3127.2,18,1,3127.5,33,2,3127.6,257,2,3127.7,267,2,3127.8,366,5
2031,2026-06-16 11:18:07+05:30,3127.2,3,3130.67,1569581,132342.0,219312.0,3163.0,3163.0,3108.0,3134.3,31890400,3447.7,2820.9,3839.9,2896.0,3127.2,14,1,3127.1,77,2,3127.0,515,8,3126.5,3,1,3126.4,5,1,3127.3,13,1,3127.4,13,1,3127.5,85,4,3127.6,240,3,3127.7,289,3
2031,2026-06-16 11:18:07+05:30,3127.1,76,3130.67,1569581,132342.0,219312.0,3163.0,3163.0,3108.0,3134.3,31890400,3447.7,2820.9,3839.9,2896.0,3127.2,14,1,3127.1,77,2,3127.0,515,8,3126.5,3,1,3126.4,5,1,3127.3,13,1,3127.4,13,1,3127.5,85,4,3127.6,240,3,3127.7,289,3
2031,2026-06-16 11:18:08+05:30,3127.0,35,3130.67,1569932,131721.0,219386.0,3163.0,3163.0,3108.0,3134.3,31890400,3447.7,2820.9,3839.9,2896.0,3127.0,480,8,3126.5,3,1,3126.4,5,1,3126.3,5,1,3126.2,1,1,3127.1,133,2,3127.3,33,2,3127.4,17,1,3127.5,301,4,3127.6,241,3
2031,2026-06-16 11:18:08+05:30,3127.0,35,3130.67,1569932,131721.0,219386.0,3163.0,3163.0,3108.0,3134.3,31890400,3447.7,2820.9,3839.9,2896.0,3127.0,480,8,3126.5,3,1,3126.4,5,1,3126.3,5,1,3126.2,1,1,3127.1,133,2,3127.3,33,2,3127.4,17,1,3127.5,301,4,3127.6,241,3
2031,2026-06-16 11:18:09+05:30,3127.1,1,3130.67,1569937,131870.0,219391.0,3163.0,3163.0,3108.0,3134.3,31890400,3447.7,2820.9,3839.9,2896.0,3127.0,476,8,3126.6,3,1,3126.5,3,1,3126.4,5,1,3126.3,5,1,3127.1,119,1,3127.5,251,3,3127.6,200,1,3127.7,200,1,3127.8,179,4
2031,2026-06-16 11:18:09+05:30,3127.1,1,3130.67,1569937,131870.0,219391.0,3163.0,3163.0,3108.0,3134.3,31890400,3447.7,2820.9,3839.9,2896.0,3127.0,476,8,3126.6,3,1,3126.5,3,1,3126.4,5,1,3126.3,5,1,3127.1,119,1,3127.5,251,3,3127.6,200,1,3127.7,200,1,3127.8,179,4
2031,2026-06-16 11:18:10+05:30,3127.1,1,3130.67,1570210,131716.0,219264.0,3163.0,3163.0,3108.0,3134.3,31890400,3447.7,2820.9,3839.9,2896.0,3127.0,189,6,3126.6,3,1,3126.5,3,1,3126.4,5,1,3126.3,5,1,3127.1,68,1,3127.5,251,3,3127.6,200,1,3127.7,200,1,3127.8,179,4
2031,2026-06-16 11:18:10+05:30,3127.1,1,3130.67,1570210,131716.0,219264.0,3163.0,3163.0,3108.0,3134.3,31890400,3447.7,2820.9,3839.9,2896.0,3127.0,189,6,3126.6,3,1,3126.5,3,1,3126.4,5,1,3126.3,5,1,3127.1,68,1,3127.5,251,3,3127.6,200,1,3127.7,200,1,3127.8,179,4
2031,2026-06-16 11:18:11+05:30,3127.0,9,3130.67,1570227,131652.0,219263.0,3163.0,3163.0,3108.0,3134.3,31890400,3447.7,2820.9,3839.9,2896.0,3127.0,179,5,3126.6,3,1,3126.5,3,1,3126.4,5,1,3126.3,5,1,3127.1,60,1,3127.5,251,3,3127.6,200,1,3127.7,200,1,3127.8,179,4
2031,2026-06-16 11:18:11+05:30,3127.0,9,3130.67,1570227,131652.0,219263.0,3163.0,3163.0,3108.0,3134.3,31890400,3447.7,2820.9,3839.9,2896.0,3127.0,179,5,3126.6,3,1,3126.5,3,1,3126.4,5,1,3126.3,5,1,3127.1,60,1,3127.5,251,3,3127.6,200,1,3127.7,200,1,3127.8,179,4
2031,2026-06-16 11:18:12+05:30,3127.0,8,3130.67,1570544,131962.0,219030.0,3163.0,3163.0,3108.0,3134.3,31890400,3447.7,2820.9,3839.9,2896.0,3127.0,108,4,3126.7,19,1,3126.6,33,2,3126.5,13,2,3126.4,70,4,3127.2,14,1,3127.3,13,1,3127.5,165,1,3127.6,200,1,3127.7,200,1
2031,2026-06-16 11:18:12+05:30,3127.0,8,3130.67,1570544,131962.0,219030.0,3163.0,3163.0,3108.0,3134.3,31890400,3447.7,2820.9,3839.9,2896.0,3127.0,108,4,3126.7,19,1,3126.6,33,2,3126.5,13,2,3126.4,70,4,3127.2,14,1,3127.3,13,1,3127.5,165,1,3127.6,200,1,3127.7,200,1
2031,2026-06-16 11:18:13+05:30,3127.0,6,3130.67,1570558,131573.0,219101.0,3163.0,3163.0,3108.0,3134.3,31890400,3447.7,2820.9,3839.9,2896.0,3127.0,127,5,3126.7,19,1,3126.6,3,1,3126.5,13,2,3126.4,130,5,3127.1,22,1,3127.2,9,1,3127.5,165,1,3127.6,200,1,3127.7,200,1
2031,2026-06-16 11:18:13+05:30,3127.0,6,3130.67,1570558,131573.0,219101.0,3163.0,3163.0,3108.0,3134.3,31890400,3447.7,2820.9,3839.9,2896.0,3127.0,127,5,3126.7,19,1,3126.6,3,1,3126.5,13,2,3126.4,130,5,3127.1,22,1,3127.2,9,1,3127.5,165,1,3127.6,200,1,3127.7,200,1
2031,2026-06-16 11:18:14+05:30,3127.0,1,3130.67,1570559,131598.0,219126.0,3163.0,3163.0,3108.0,3134.3,31890400,3447.7,2820.9,3839.9,2896.0,3127.0,126,5,3126.6,3,1,3126.5,13,2,3126.4,130,5,3126.3,41,3,3127.1,22,1,3127.2,9,1,3127.5,165,1,3127.6,200,1,3127.7,200,1
2031,2026-06-16 11:18:14+05:30,3127.0,1,3130.67,1570559,131598.0,219126.0,3163.0,3163.0,3108.0,3134.3,31890400,3447.7,2820.9,3839.9,2896.0,3127.0,126,5,3126.6,3,1,3126.5,13,2,3126.4,130,5,3126.3,41,3,3127.1,22,1,3127.2,9,1,3127.5,165,1,3127.6,200,1,3127.7,200,1
2031,2026-06-16 11:18:15+05:30,3127.1,22,3130.67,1570559,131598.0,219126.0,3163.0,3163.0,3108.0,3134.3,31890400,3447.7,2820.9,3839.9,2896.0,3127.0,126,5,3126.6,3,1,3126.5,13,2,3126.4,130,5,3126.3,41,3,3127.1,22,1,3127.2,9,1,3127.5,165,1,3127.6,200,1,3127.7,200,1
2031,2026-06-16 11:18:15+05:30,3127.1,22,3130.67,1570582,131608.0,219048.0,3163.0,3163.0,3108.0,3134.3,31890400,3447.7,2820.9,3839.9,2896.0,3127.0,123,6,3126.6,33,2,3126.5,13,2,3126.4,95,3,3126.3,41,3,3127.2,9,1,3127.5,165,1,3127.6,200,1,3127.7,200,1,3127.8,99,2
2031,2026-06-16 11:18:16+05:30,3127.1,2,3130.67,1570582,131608.0,219048.0,3163.0,3163.0,3108.0,3134.3,31890400,3447.7,2820.9,3839.9,2896.0,3127.0,123,6,3126.6,33,2,3126.5,13,2,3126.4,95,3,3126.3,41,3,3127.2,9,1,3127.5,165,1,3127.6,200,1,3127.7,200,1,3127.8,99,2
2031,2026-06-16 11:18:16+05:30,3127.1,2,3130.67,1570586,131594.0,219408.0,3163.0,3163.0,3108.0,3134.3,31890400,3447.7,2820.9,3839.9,2896.0,3127.1,19,4,3127.0,106,5,3126.8,30,1,3126.6,33,2,3126.5,32,3,3127.2,7,1,3127.5,178,2,3127.6,200,1,3127.7,200,1,3127.8,39,1
2031,2026-06-16 11:18:17+05:30,3127.2,1,3130.67,1570586,131594.0,219408.0,3163.0,3163.0,3108.0,3134.3,31890400,3447.7,2820.9,3839.9,2896.0,3127.1,19,4,3127.0,106,5,3126.8,30,1,3126.6,33,2,3126.5,32,3,3127.2,7,1,3127.5,178,2,3127.6,200,1,3127.7,200,1,3127.8,39,1
2031,2026-06-16 11:18:17+05:30,3127.2,1,3130.67,1570598,131823.0,219368.0,3163.0,3163.0,3108.0,3134.3,31890400,3447.7,2820.9,3839.9,2896.0,3127.2,8,1,3127.1,2,2,3127.0,106,5,3126.6,33,2,3126.5,22,2,3127.4,1,1,3127.5,178,2,3127.6,200,1,3127.7,200,1,3127.8,39,1
2031,2026-06-16 11:18:18+05:30,3127.4,40,3130.67,1570598,131823.0,219368.0,3163.0,3163.0,3108.0,3134.3,31890400,3447.7,2820.9,3839.9,2896.0,3127.2,8,1,3127.1,2,2,3127.0,106,5,3126.6,33,2,3126.5,22,2,3127.4,1,1,3127.5,178,2,3127.6,200,1,3127.7,200,1,3127.8,39,1
2031,2026-06-16 11:18:18+05:30,3127.4,40,3130.67,1570641,131987.0,219085.0,3163.0,3163.0,3108.0,3134.3,31890400,3447.7,2820.9,3839.9,2896.0,3127.1,19,3,3127.0,106,5,3126.6,3,1,3126.5,68,3,3126.4,35,2,3127.4,1,1,3127.5,178,2,3127.6,200,1,3127.7,200,1,3127.8,39,1
2031,2026-06-16 11:18:19+05:30,3127.0,24,3130.67,1570641,131987.0,219085.0,3163.0,3163.0,3108.0,3134.3,31890400,3447.7,2820.9,3839.9,2896.0,3127.1,19,3,3127.0,106,5,3126.6,3,1,3126.5,68,3,3126.4,35,2,3127.4,1,1,3127.5,178,2,3127.6,200,1,3127.7,200,1,3127.8,39,1
2031,2026-06-16 11:18:19+05:30,3127.0,24,3130.67,1570841,131630.0,218576.0,3163.0,3163.0,3108.0,3134.3,31890400,3447.7,2820.9,3839.9,2896.0,3127.0,90,5,3126.6,3,1,3126.5,3,1,3126.4,5,1,3126.3,51,2,3127.3,5,1,3127.4,1,1,3127.5,165,1,3127.6,200,1,3127.7,247,2
2031,2026-06-16 11:18:20+05:30,3127.0,22,3130.67,1570841,131630.0,218576.0,3163.0,3163.0,3108.0,3134.3,31890400,3447.7,2820.9,3839.9,2896.0,3127.0,90,5,3126.6,3,1,3126.5,3,1,3126.4,5,1,3126.3,51,2,3127.3,5,1,3127.4,1,1,3127.5,165,1,3127.6,200,1,3127.7,247,2
2031,2026-06-16 11:18:20+05:30,3127.0,22,3130.67,1570864,131397.0,218892.0,3163.0,3163.0,3108.0,3134.3,31890400,3447.7,2820.9,3839.9,2896.0,3127.0,67,4,3126.6,3,1,3126.5,3,1,3126.4,5,1,3126.3,5,1,3127.1,4,1,3127.3,3,1,3127.4,1,1,3127.5,165,1,3127.6,273,3
2031,2026-06-16 11:18:21+05:30,3127.0,3,3130.67,1570864,131397.0,218892.0,3163.0,3163.0,3108.0,3134.3,31890400,3447.7,2820.9,3839.9,2896.0,3127.0,67,4,3126.6,3,1,3126.5,3,1,3126.4,5,1,3126.3,5,1,3127.1,4,1,3127.3,3,1,3127.4,1,1,3127.5,165,1,3127.6,273,3
2031,2026-06-16 11:18:21+05:30,3127.0,3,3130.67,1570870,131482.0,218845.0,3163.0,3163.0,3108.0,3134.3,31890400,3447.7,2820.9,3839.9,2896.0,3127.0,79,5,3126.6,3,1,3126.5,3,1,3126.4,5,1,3126.3,5,1,3127.1,3,1,3127.3,3,1,3127.4,1,1,3127.5,165,1,3127.6,226,2
2031,2026-06-16 11:18:22+05:30,3127.0,9,3130.67,1570870,131482.0,218845.0,3163.0,3163.0,3108.0,3134.3,31890400,3447.7,2820.9,3839.9,2896.0,3127.0,79,5,3126.6,3,1,3126.5,3,1,3126.4,5,1,3126.3,5,1,3127.1,3,1,3127.3,3,1,3127.4,1,1,3127.5,165,1,3127.6,226,2
2031,2026-06-16 11:18:22+05:30,3127.0,9,3130.67,1570992,131543.0,218854.0,3163.0,3163.0,3108.0,3134.3,31890400,3447.7,2820.9,3839.9,2896.0,3127.0,36,4,3126.6,3,1,3126.5,3,1,3126.4,14,2,3126.3,5,1,3127.1,1,1,3127.5,122,1,3127.6,200,1,3127.7,217,2,3127.8,146,3
2031,2026-06-16 11:18:23+05:30,3127.0,8,3130.67,1570992,131543.0,218854.0,3163.0,3163.0,3108.0,3134.3,31890400,3447.7,2820.9,3839.9,2896.0,3127.0,36,4,3126.6,3,1,3126.5,3,1,3126.4,14,2,3126.3,5,1,3127.1,1,1,3127.5,122,1,3127.6,200,1,3127.7,217,2,3127.8,146,3
2031,2026-06-16 11:18:23+05:30,3127.1,1,3130.67,1571001,131845.0,218733.0,3163.0,3163.0,3108.0,3134.3,31890400,3447.7,2820.9,3839.9,2896.0,3127.0,45,4,3126.6,3,1,3126.5,3,1,3126.4,5,1,3126.3,5,1,3127.5,122,1,3127.6,200,1,3127.7,200,1,3127.8,163,4,3127.9,4,1
2031,2026-06-16 11:18:24+05:30,3127.1,1,3130.67,1571001,131845.0,218733.0,3163.0,3163.0,3108.0,3134.3,31890400,3447.7,2820.9,3839.9,2896.0,3127.0,45,4,3126.6,3,1,3126.5,3,1,3126.4,5,1,3126.3,5,1,3127.5,122,1,3127.6,200,1,3127.7,200,1,3127.8,163,4,3127.9,4,1
2031,2026-06-16 11:18:24+05:30,3127.1,1,3130.67,1571001,131861.0,218863.0,3163.0,3163.0,3108.0,3134.3,31890400,3447.7,2820.9,3839.9,2896.0,3127.0,45,4,3126.6,3,1,3126.5,12,2,3126.4,5,1,3126.3,5,1,3127.4,1,1,3127.5,128,2,3127.6,200,1,3127.7,200,1,3127.8,146,3
2031,2026-06-16 11:18:25+05:30,3127.5,4,3130.67,1571001,131861.0,218863.0,3163.0,3163.0,3108.0,3134.3,31890400,3447.7,2820.9,3839.9,2896.0,3127.0,45,4,3126.6,3,1,3126.5,12,2,3126.4,5,1,3126.3,5,1,3127.4,1,1,3127.5,128,2,3127.6,200,1,3127.7,200,1,3127.8,146,3
2031,2026-06-16 11:18:25+05:30,3127.5,8,3130.67,1571014,131656.0,219095.0,3163.0,3163.0,3108.0,3134.3,31890400,3447.7,2820.9,3839.9,2896.0,3127.1,18,1,3127.0,27,2,3126.6,3,1,3126.5,12,2,3126.4,5,1,3127.5,129,3,3127.6,200,1,3127.7,200,1,3127.8,146,3,3127.9,17,1
2031,2026-06-16 11:18:26+05:30,3127.1,1,3130.67,1571014,131656.0,219095.0,3163.0,3163.0,3108.0,3134.3,31890400,3447.7,2820.9,3839.9,2896.0,3127.1,18,1,3127.0,27,2,3126.6,3,1,3126.5,12,2,3126.4,5,1,3127.5,129,3,3127.6,200,1,3127.7,200,1,3127.8,146,3,3127.9,17,1
2031,2026-06-16 11:18:26+05:30,3127.1,1,3130.67,1571017,131484.0,219204.0,3163.0,3163.0,3108.0,3134.3,31890400,3447.7,2820.9,3839.9,2896.0,3127.1,17,1,3127.0,27,2,3126.6,3,1,3126.5,3,1,3126.4,5,1,3127.4,14,2,3127.5,128,3,3127.6,200,1,3127.7,219,2,3127.8,146,3
2031,2026-06-16 11:18:27+05:30,3126.8,4,3130.67,1571017,131484.0,219204.0,3163.0,3163.0,3108.0,3134.3,31890400,3447.7,2820.9,3839.9,2896.0,3127.1,17,1,3127.0,27,2,3126.6,3,1,3126.5,3,1,3126.4,5,1,3127.4,14,2,3127.5,128,3,3127.6,200,1,3127.7,219,2,3127.8,146,3
2031,2026-06-16 11:18:27+05:30,3126.8,4,3130.67,1571337,129845.0,220144.0,3163.0,3163.0,3108.0,3134.3,31890400,3447.7,2820.9,3839.9,2896.0,3126.6,2,1,3126.5,3,1,3126.4,5,1,3126.3,5,1,3126.2,1,1,3126.8,196,1,3126.9,54,5,3127.0,18,2,3127.1,259,5,3127.2,287,6
2031,2026-06-16 11:18:28+05:30,3127.0,67,3130.67,1571337,129845.0,220144.0,3163.0,3163.0,3108.0,3134.3,31890400,3447.7,2820.9,3839.9,2896.0,3126.6,2,1,3126.5,3,1,3126.4,5,1,3126.3,5,1,3126.2,1,1,3126.8,196,1,3126.9,54,5,3127.0,18,2,3127.1,259,5,3127.2,287,6
2031,2026-06-16 11:18:28+05:30,3127.0,67,3130.66,1571698,130370.0,219754.0,3163.0,3163.0,3108.0,3134.3,31890400,3447.7,2820.9,3839.9,2896.0,3127.0,722,4,3126.6,2,1,3126.5,3,1,3126.4,5,1,3126.3,5,1,3127.1,309,2,3127.2,245,3,3127.3,49,1,3127.4,102,3,3127.5,86,3
2031,2026-06-16 11:18:29+05:30,3127.0,11,3130.66,1571698,130370.0,219754.0,3163.0,3163.0,3108.0,3134.3,31890400,3447.7,2820.9,3839.9,2896.0,3127.0,722,4,3126.6,2,1,3126.5,3,1,3126.4,5,1,3126.3,5,1,3127.1,309,2,3127.2,245,3,3127.3,49,1,3127.4,102,3,3127.5,86,3
2031,2026-06-16 11:18:29+05:30,3127.0,11,3130.66,1572571,130270.0,220497.0,3163.0,3163.0,3108.0,3134.3,31890400,3447.7,2820.9,3839.9,2896.0,3127.0,85,2,3126.6,2,1,3126.5,3,1,3126.4,5,1,3126.3,5,1,3127.1,314,3,3127.2,245,3,3127.3,249,2,3127.4,84,2,3127.5,86,3
2031,2026-06-16 11:18:30+05:30,3127.0,3,3130.66,1572571,130270.0,220497.0,3163.0,3163.0,3108.0,3134.3,31890400,3447.7,2820.9,3839.9,2896.0,3127.0,85,2,3126.6,2,1,3126.5,3,1,3126.4,5,1,3126.3,5,1,3127.1,314,3,3127.2,245,3,3127.3,249,2,3127.4,84,2,3127.5,86,3
2031,2026-06-16 11:18:30+05:30,3127.1,2,3130.66,1572585,130933.0,220153.0,3163.0,3163.0,3108.0,3134.3,31890400,3447.7,2820.9,3839.9,2896.0,3127.0,99,4,3126.6,2,1,3126.5,3,1,3126.4,5,1,3126.3,14,2,3127.1,329,5,3127.2,245,3,3127.3,249,2,3127.4,84,2,3127.5,65,1
2031,2026-06-16 11:18:31+05:30,3127.0,1,3130.66,1572585,130933.0,220153.0,3163.0,3163.0,3108.0,3134.3,31890400,3447.7,2820.9,3839.9,2896.0,3127.0,99,4,3126.6,2,1,3126.5,3,1,3126.4,5,1,3126.3,14,2,3127.1,329,5,3127.2,245,3,3127.3,249,2,3127.4,84,2,3127.5,65,1
2031,2026-06-16 11:18:31+05:30,3127.1,1,3130.66,1572587,131210.0,220407.0,3163.0,3163.0,3108.0,3134.3,31890400,3447.7,2820.9,3839.9,2896.0,3127.0,98,4,3126.6,2,1,3126.5,3,1,3126.4,24,2,3126.3,14,2,3127.1,328,5,3127.2,245,3,3127.3,249,2,3127.4,84,2,3127.5,65,1
2031,2026-06-16 11:18:32+05:30,3126.6,2,3130.66,1572587,131210.0,220407.0,3163.0,3163.0,3108.0,3134.3,31890400,3447.7,2820.9,3839.9,2896.0,3127.0,98,4,3126.6,2,1,3126.5,3,1,3126.4,24,2,3126.3,14,2,3127.1,328,5,3127.2,245,3,3127.3,249,2,3127.4,84,2,3127.5,65,1
2031,2026-06-16 11:18:32+05:30,3126.5,2,3130.66,1572923,129298.0,220007.0,3163.0,3163.0,3108.0,3134.3,31890400,3447.7,2820.9,3839.9,2896.0,3126.4,5,1,3126.3,5,1,3126.2,31,2,3126.1,3,1,3126.0,30,1,3126.5,162,1,3126.6,136,1,3127.1,328,5,3127.2,200,1,3127.3,77,2
2031,2026-06-16 11:18:33+05:30,3126.4,2,3130.66,1572923,129298.0,220007.0,3163.0,3163.0,3108.0,3134.3,31890400,3447.7,2820.9,3839.9,2896.0,3126.4,5,1,3126.3,5,1,3126.2,31,2,3126.1,3,1,3126.0,30,1,3126.5,162,1,3126.6,136,1,3127.1,328,5,3127.2,200,1,3127.3,77,2
2031,2026-06-16 11:18:33+05:30,3125.2,44,3130.66,1573364,128057.0,220488.0,3163.0,3163.0,3108.0,3134.3,31890400,3447.7,2820.9,3839.9,2896.0,3126.0,1,1,3125.1,100,3,3125.0,891,9,3124.9,129,3,3124.8,69,4,3126.1,99,1,3126.5,284,3,3126.6,109,1,3126.7,244,2,3126.8,124,2
2031,2026-06-16 11:18:34+05:30,3126.1,43,3130.66,1573364,128057.0,220488.0,3163.0,3163.0,3108.0,3134.3,31890400,3447.7,2820.9,3839.9,2896.0,3126.0,1,1,3125.1,100,3,3125.0,891,9,3124.9,129,3,3124.8,69,4,3126.1,99,1,3126.5,284,3,3126.6,109,1,3126.7,244,2,3126.8,124,2
2031,2026-06-16 11:18:35+05:30,3126.0,28,3130.66,1573523,128763.0,221878.0,3163.0,3163.0,3108.0,3134.3,31890400,3447.7,2820.9,3839.9,2896.0,3126.0,4,1,3125.1,184,1,3125.0,891,9,3124.9,22,1,3124.8,79,2,3126.1,67,2,3126.2,62,2,3126.3,122,2,3126.4,286,5,3126.5,284,3
2031,2026-06-16 11:18:35+05:30,3126.1,1,3130.66,1573523,128763.0,221878.0,3163.0,3163.0,3108.0,3134.3,31890400,3447.7,2820.9,3839.9,2896.0,3126.0,4,1,3125.1,184,1,3125.0,891,9,3124.9,22,1,3124.8,79,2,3126.1,67,2,3126.2,62,2,3126.3,122,2,3126.4,286,5,3126.5,284,3
2031,2026-06-16 11:18:36+05:30,3126.0,6,3130.66,1573553,128638.0,221581.0,3163.0,3163.0,3108.0,3134.3,31890400,3447.7,2820.9,3839.9,2896.0,3126.0,1,1,3125.0,891,9,3124.9,21,1,3124.8,26,2,3124.7,123,4,3126.1,73,3,3126.2,42,1,3126.3,122,2,3126.4,285,5,3126.5,60,1
2031,2026-06-16 11:18:36+05:30,3126.0,6,3130.66,1573553,128638.0,221581.0,3163.0,3163.0,3108.0,3134.3,31890400,3447.7,2820.9,3839.9,2896.0,3126.0,1,1,3125.0,891,9,3124.9,21,1,3124.8,26,2,3124.7,123,4,3126.1,73,3,3126.2,42,1,3126.3,122,2,3126.4,285,5,3126.5,60,1
2031,2026-06-16 11:18:36+05:30,3126.0,1,3130.66,1573555,128749.0,221550.0,3163.0,3163.0,3108.0,3134.3,31890400,3447.7,2820.9,3839.9,2896.0,3126.0,21,2,3125.0,891,9,3124.9,21,1,3124.8,26,2,3124.7,123,4,3126.1,53,2,3126.2,42,1,3126.4,194,5,3126.5,460,3,3126.6,87,3
2031,2026-06-16 11:18:37+05:30,3126.0,95,3130.66,1573555,128749.0,221550.0,3163.0,3163.0,3108.0,3134.3,31890400,3447.7,2820.9,3839.9,2896.0,3126.0,21,2,3125.0,891,9,3124.9,21,1,3124.8,26,2,3124.7,123,4,3126.1,53,2,3126.2,42,1,3126.4,194,5,3126.5,460,3,3126.6,87,3
2031,2026-06-16 11:18:37+05:30,3126.0,29,3130.66,1574008,128736.0,221370.0,3163.0,3163.0,3108.0,3134.3,31890400,3447.7,2820.9,3839.9,2896.0,3126.0,4,1,3125.2,14,1,3125.1,73,4,3125.0,994,11,3124.9,51,2,3126.1,24,1,3126.3,200,1,3126.4,220,2,3126.5,200,1,3126.6,60,1
2031,2026-06-16 11:18:38+05:30,3126.0,29,3130.66,1574008,128736.0,221370.0,3163.0,3163.0,3108.0,3134.3,31890400,3447.7,2820.9,3839.9,2896.0,3126.0,4,1,3125.2,14,1,3125.1,73,4,3125.0,994,11,3124.9,51,2,3126.1,24,1,3126.3,200,1,3126.4,220,2,3126.5,200,1,3126.6,60,1
2031,2026-06-16 11:18:39+05:30,3126.0,6,3130.66,1574024,129406.0,221024.0,3163.0,3163.0,3108.0,3134.3,31890400,3447.7,2820.9,3839.9,2896.0,3126.0,29,2,3125.3,109,3,3125.2,23,1,3125.1,35,2,3125.0,1073,15,3126.1,25,2,3126.4,200,1,3126.5,200,1,3126.6,200,1,3127.0,143,5
2031,2026-06-16 11:18:39+05:30,3126.0,6,3130.66,1574024,129406.0,221024.0,3163.0,3163.0,3108.0,3134.3,31890400,3447.7,2820.9,3839.9,2896.0,3126.0,29,2,3125.3,109,3,3125.2,23,1,3125.1,35,2,3125.0,1073,15,3126.1,25,2,3126.4,200,1,3126.5,200,1,3126.6,200,1,3127.0,143,5
2031,2026-06-16 11:18:39+05:30,3126.0,6,3130.66,1574024,129406.0,221024.0,3163.0,3163.0,3108.0,3134.3,31890400,3447.7,2820.9,3839.9,2896.0,3126.0,29,2,3125.3,109,3,3125.2,23,1,3125.1,35,2,3125.0,1073,15,3126.1,25,2,3126.4,200,1,3126.5,200,1,3126.6,200,1,3127.0,143,5
2031,2026-06-16 11:18:40+05:30,3126.0,1,3130.66,1574025,129472.0,220891.0,3163.0,3163.0,3108.0,3134.3,31890400,3447.7,2820.9,3839.9,2896.0,3126.0,28,2,3125.3,109,3,3125.2,23,1,3125.1,55,3,3125.0,1073,15,3126.1,29,3,3126.5,200,1,3126.6,200,1,3126.7,200,1,3126.8,40,1
2031,2026-06-16 11:18:40+05:30,3126.0,1,3130.66,1574025,129472.0,220891.0,3163.0,3163.0,3108.0,3134.3,31890400,3447.7,2820.9,3839.9,2896.0,3126.0,28,2,3125.3,109,3,3125.2,23,1,3125.1,55,3,3125.0,1073,15,3126.1,29,3,3126.5,200,1,3126.6,200,1,3126.7,200,1,3126.8,40,1
2031,2026-06-16 11:18:41+05:30,3126.0,1,3130.66,1574025,129694.0,220830.0,3163.0,3163.0,3108.0,3134.3,31890400,3447.7,2820.9,3839.9,2896.0,3126.0,93,3,3125.8,50,2,3125.6,94,4,3125.5,58,1,3125.4,31,1,3126.1,29,3,3126.5,200,1,3126.6,200,1,3126.7,200,1,3127.0,81,2
2031,2026-06-16 11:18:41+05:30,3126.0,1,3130.66,1574025,129694.0,220830.0,3163.0,3163.0,3108.0,3134.3,31890400,3447.7,2820.9,3839.9,2896.0,3126.0,93,3,3125.8,50,2,3125.6,94,4,3125.5,58,1,3125.4,31,1,3126.1,29,3,3126.5,200,1,3126.6,200,1,3126.7,200,1,3127.0,81,2
2031,2026-06-16 11:18:42+05:30,3126.1,1,3130.66,1574027,129694.0,220824.0,3163.0,3163.0,3108.0,3134.3,31890400,3447.7,2820.9,3839.9,2896.0,3126.0,93,3,3125.8,50,2,3125.6,94,4,3125.5,58,1,3125.4,34,2,3126.1,27,3,3126.5,200,1,3126.6,200,1,3126.7,200,1,3127.0,81,2
2031,2026-06-16 11:18:42+05:30,3126.1,1,3130.66,1574027,129694.0,220824.0,3163.0,3163.0,3108.0,3134.3,31890400,3447.7,2820.9,3839.9,2896.0,3126.0,93,3,3125.8,50,2,3125.6,94,4,3125.5,58,1,3125.4,34,2,3126.1,27,3,3126.5,200,1,3126.6,200,1,3126.7,200,1,3127.0,81,2
2031,2026-06-16 11:18:43+05:30,3126.1,1,3130.66,1574027,129694.0,220824.0,3163.0,3163.0,3108.0,3134.3,31890400,3447.7,2820.9,3839.9,2896.0,3126.0,93,3,3125.8,50,2,3125.6,94,4,3125.5,58,1,3125.4,34,2,3126.1,27,3,3126.5,200,1,3126.6,200,1,3126.7,200,1,3127.0,81,2
2031,2026-06-16 11:18:43+05:30,3126.1,1,3130.66,1574027,129581.0,220486.0,3163.0,3163.0,3108.0,3134.3,31890400,3447.7,2820.9,3839.9,2896.0,3126.0,98,4,3125.9,31,1,3125.6,94,4,3125.5,74,2,3125.4,34,2,3126.1,27,3,3126.7,124,1,3126.8,200,1,3126.9,200,1,3127.0,281,3
2031,2026-06-16 11:18:44+05:30,3126.0,1,3130.66,1574027,129581.0,220486.0,3163.0,3163.0,3108.0,3134.3,31890400,3447.7,2820.9,3839.9,2896.0,3126.0,98,4,3125.9,31,1,3125.6,94,4,3125.5,74,2,3125.4,34,2,3126.1,27,3,3126.7,124,1,3126.8,200,1,3126.9,200,1,3127.0,281,3
2031,2026-06-16 11:18:44+05:30,3126.0,1,3130.66,1574028,129608.0,220493.0,3163.0,3163.0,3108.0,3134.3,31890400,3447.7,2820.9,3839.9,2896.0,3126.0,97,4,3125.9,31,1,3125.6,94,4,3125.5,58,1,3125.4,34,2,3126.1,27,3,3126.7,124,1,3126.8,200,1,3126.9,200,1,3127.0,281,3
2031,2026-06-16 11:18:45+05:30,3126.0,1,3130.66,1574028,129665.0,220351.0,3163.0,3163.0,3108.0,3134.3,31890400,3447.7,2820.9,3839.9,2896.0,3126.0,98,5,3125.9,31,1,3125.6,94,4,3125.5,58,1,3125.4,34,2,3126.1,27,3,3126.8,200,1,3126.9,200,1,3127.0,281,3,3127.1,262,2
2031,2026-06-16 11:18:45+05:30,3126.0,1,3130.66,1574028,129665.0,220351.0,3163.0,3163.0,3108.0,3134.3,31890400,3447.7,2820.9,3839.9,2896.0,3126.0,98,5,3125.9,31,1,3125.6,94,4,3125.5,58,1,3125.4,34,2,3126.1,27,3,3126.8,200,1,3126.9,200,1,3127.0,281,3,3127.1,262,2
2031,2026-06-16 11:18:46+05:30,3126.0,1,3130.66,1574028,129665.0,220351.0,3163.0,3163.0,3108.0,3134.3,31890400,3447.7,2820.9,3839.9,2896.0,3126.0,98,5,3125.9,31,1,3125.6,94,4,3125.5,58,1,3125.4,34,2,3126.1,27,3,3126.8,200,1,3126.9,200,1,3127.0,281,3,3127.1,262,2
2031,2026-06-16 11:18:46+05:30,3126.0,1,3130.66,1574034,129755.0,219966.0,3163.0,3163.0,3108.0,3134.3,31890400,3447.7,2820.9,3839.9,2896.0,3126.0,155,8,3125.9,5,1,3125.8,58,3,3125.7,45,2,3125.6,94,4,3126.1,26,4,3126.8,200,1,3126.9,200,1,3127.0,221,2,3127.1,194,1
2031,2026-06-16 11:18:47+05:30,3126.0,1,3130.66,1574034,129755.0,219966.0,3163.0,3163.0,3108.0,3134.3,31890400,3447.7,2820.9,3839.9,2896.0,3126.0,155,8,3125.9,5,1,3125.8,58,3,3125.7,45,2,3125.6,94,4,3126.1,26,4,3126.8,200,1,3126.9,200,1,3127.0,221,2,3127.1,194,1
2031,2026-06-16 11:18:47+05:30,3126.1,1,3130.66,1574034,129755.0,219966.0,3163.0,3163.0,3108.0,3134.3,31890400,3447.7,2820.9,3839.9,2896.0,3126.0,155,8,3125.9,5,1,3125.8,58,3,3125.7,45,2,3125.6,94,4,3126.1,26,4,3126.8,200,1,3126.9,200,1,3127.0,221,2,3127.1,194,1
2031,2026-06-16 11:18:47+05:30,3126.1,1,3130.66,1574235,129261.0,220282.0,3163.0,3163.0,3108.0,3134.3,31890400,3447.7,2820.9,3839.9,2896.0,3126.0,17,4,3125.4,31,1,3125.2,50,2,3125.1,55,3,3125.0,1070,16,3126.1,63,6,3126.6,200,1,3126.7,200,1,3126.8,39,1,3126.9,96,3
2031,2026-06-16 11:18:48+05:30,3126.1,1,3130.66,1574235,129261.0,220282.0,3163.0,3163.0,3108.0,3134.3,31890400,3447.7,2820.9,3839.9,2896.0,3126.0,17,4,3125.4,31,1,3125.2,50,2,3125.1,55,3,3125.0,1070,16,3126.1,63,6,3126.6,200,1,3126.7,200,1,3126.8,39,1,3126.9,96,3
2031,2026-06-16 11:18:48+05:30,3126.1,1,3130.66,1574258,129224.0,218603.0,3163.0,3163.0,3108.0,3134.3,31890400,3447.7,2820.9,3839.9,2896.0,3126.0,23,4,3125.4,31,1,3125.2,19,1,3125.1,30,2,3125.0,997,14,3126.1,102,7,3126.7,239,2,3126.8,200,1,3126.9,279,3,3127.0,77,3
2031,2026-06-16 11:18:48+05:30,3126.1,1,3130.66,1574258,129224.0,218603.0,3163.0,3163.0,3108.0,3134.3,31890400,3447.7,2820.9,3839.9,2896.0,3126.0,23,4,3125.4,31,1,3125.2,19,1,3125.1,30,2,3125.0,997,14,3126.1,102,7,3126.7,239,2,3126.8,200,1,3126.9,279,3,3127.0,77,3
2031,2026-06-16 11:18:49+05:30,3126.0,2,3130.66,1574258,129224.0,218603.0,3163.0,3163.0,3108.0,3134.3,31890400,3447.7,2820.9,3839.9,2896.0,3126.0,23,4,3125.4,31,1,3125.2,19,1,3125.1,30,2,3125.0,997,14,3126.1,102,7,3126.7,239,2,3126.8,200,1,3126.9,279,3,3127.0,77,3
2031,2026-06-16 11:18:49+05:30,3126.0,2,3130.66,1574260,129473.0,220532.0,3163.0,3163.0,3108.0,3134.3,31890400,3447.7,2820.9,3839.9,2896.0,3126.0,21,4,3125.2,79,2,3125.1,204,3,3125.0,997,14,3124.9,114,4,3126.1,116,9,3126.6,65,2,3126.7,200,1,3126.8,274,3,3126.9,279,3
2031,2026-06-16 11:18:50+05:30,3126.0,2,3130.66,1574260,129473.0,220532.0,3163.0,3163.0,3108.0,3134.3,31890400,3447.7,2820.9,3839.9,2896.0,3126.0,21,4,3125.2,79,2,3125.1,204,3,3125.0,997,14,3124.9,114,4,3126.1,116,9,3126.6,65,2,3126.7,200,1,3126.8,274,3,3126.9,279,3
2031,2026-06-16 11:18:50+05:30,3126.1,1,3130.66,1574260,129473.0,220532.0,3163.0,3163.0,3108.0,3134.3,31890400,3447.7,2820.9,3839.9,2896.0,3126.0,21,4,3125.2,79,2,3125.1,204,3,3125.0,997,14,3124.9,114,4,3126.1,116,9,3126.6,65,2,3126.7,200,1,3126.8,274,3,3126.9,279,3
2031,2026-06-16 11:18:50+05:30,3126.1,1,3130.66,1574379,130194.0,219827.0,3163.0,3163.0,3108.0,3134.3,31890400,3447.7,2820.9,3839.9,2896.0,3126.0,29,5,3125.4,19,1,3125.3,21,1,3125.2,83,3,3125.1,235,4,3126.6,14,1,3126.7,200,1,3126.8,274,3,3126.9,317,4,3127.0,39,1
2031,2026-06-16 11:18:50+05:30,3126.1,1,3130.66,1574379,130194.0,219827.0,3163.0,3163.0,3108.0,3134.3,31890400,3447.7,2820.9,3839.9,2896.0,3126.0,29,5,3125.4,19,1,3125.3,21,1,3125.2,83,3,3125.1,235,4,3126.6,14,1,3126.7,200,1,3126.8,274,3,3126.9,317,4,3127.0,39,1
2031,2026-06-16 11:18:51+05:30,3126.1,1,3130.66,1574379,130194.0,219827.0,3163.0,3163.0,3108.0,3134.3,31890400,3447.7,2820.9,3839.9,2896.0,3126.0,29,5,3125.4,19,1,3125.3,21,1,3125.2,83,3,3125.1,235,4,3126.6,14,1,3126.7,200,1,3126.8,274,3,3126.9,317,4,3127.0,39,1
2031,2026-06-16 11:18:51+05:30,3126.0,8,3130.66,1574526,128995.0,220034.0,3163.0,3163.0,3108.0,3134.3,31890400,3447.7,2820.9,3839.9,2896.0,3125.3,98,4,3125.2,15,2,3125.1,52,3,3125.0,1028,15,3124.9,61,2,3125.9,14,1,3126.0,47,1,3126.7,200,1,3126.8,295,4,3126.9,300,3
2031,2026-06-16 11:18:51+05:30,3126.0,8,3130.66,1574526,128995.0,220034.0,3163.0,3163.0,3108.0,3134.3,31890400,3447.7,2820.9,3839.9,2896.0,3125.3,98,4,3125.2,15,2,3125.1,52,3,3125.0,1028,15,3124.9,61,2,3125.9,14,1,3126.0,47,1,3126.7,200,1,3126.8,295,4,3126.9,300,3
2031,2026-06-16 11:18:52+05:30,3126.0,14,3130.66,1574526,128995.0,220034.0,3163.0,3163.0,3108.0,3134.3,31890400,3447.7,2820.9,3839.9,2896.0,3125.3,98,4,3125.2,15,2,3125.1,52,3,3125.0,1028,15,3124.9,61,2,3125.9,14,1,3126.0,47,1,3126.7,200,1,3126.8,295,4,3126.9,300,3
2031,2026-06-16 11:18:52+05:30,3126.0,14,3130.66,1574773,130922.0,219354.0,3163.0,3163.0,3108.0,3134.3,31890400,3447.7,2820.9,3839.9,2896.0,3126.0,772,2,3125.8,57,2,3125.7,39,2,3125.6,70,3,3125.5,42,2,3126.8,400,2,3126.9,200,1,3127.1,2,1,3127.2,156,3,3127.3,60,1
2031,2026-06-16 11:18:52+05:30,3126.0,14,3130.66,1574773,130922.0,219354.0,3163.0,3163.0,3108.0,3134.3,31890400,3447.7,2820.9,3839.9,2896.0,3126.0,772,2,3125.8,57,2,3125.7,39,2,3125.6,70,3,3125.5,42,2,3126.8,400,2,3126.9,200,1,3127.1,2,1,3127.2,156,3,3127.3,60,1
2031,2026-06-16 11:18:53+05:30,3126.0,14,3130.66,1574773,130922.0,219354.0,3163.0,3163.0,3108.0,3134.3,31890400,3447.7,2820.9,3839.9,2896.0,3126.0,772,2,3125.8,57,2,3125.7,39,2,3125.6,70,3,3125.5,42,2,3126.8,400,2,3126.9,200,1,3127.1,2,1,3127.2,156,3,3127.3,60,1
2031,2026-06-16 11:18:53+05:30,3126.8,1,3130.66,1574773,130922.0,219354.0,3163.0,3163.0,3108.0,3134.3,31890400,3447.7,2820.9,3839.9,2896.0,3126.0,772,2,3125.8,57,2,3125.7,39,2,3125.6,70,3,3125.5,42,2,3126.8,400,2,3126.9,200,1,3127.1,2,1,3127.2,156,3,3127.3,60,1
2031,2026-06-16 11:18:53+05:30,3126.8,1,3130.66,1574774,131048.0,219125.0,3163.0,3163.0,3108.0,3134.3,31890400,3447.7,2820.9,3839.9,2896.0,3126.0,823,5,3125.9,59,2,3125.8,114,4,3125.7,79,3,3125.6,150,5,3126.7,22,1,3126.8,424,3,3126.9,200,1,3127.3,60,1,3127.4,35,2
2031,2026-06-16 11:18:54+05:30,3126.8,1,3130.66,1574774,131048.0,219125.0,3163.0,3163.0,3108.0,3134.3,31890400,3447.7,2820.9,3839.9,2896.0,3126.0,823,5,3125.9,59,2,3125.8,114,4,3125.7,79,3,3125.6,150,5,3126.7,22,1,3126.8,424,3,3126.9,200,1,3127.3,60,1,3127.4,35,2
2031,2026-06-16 11:18:54+05:30,3126.8,1,3130.66,1574774,131140.0,219126.0,3163.0,3163.0,3108.0,3134.3,31890400,3447.7,2820.9,3839.9,2896.0,3126.0,954,6,3125.9,59,2,3125.8,114,4,3125.7,79,3,3125.6,150,5,3126.7,22,1,3126.8,424,3,3126.9,200,1,3127.3,60,1,3127.4,35,2
2031,2026-06-16 11:18:54+05:30,3126.8,1,3130.66,1574774,131140.0,219126.0,3163.0,3163.0,3108.0,3134.3,31890400,3447.7,2820.9,3839.9,2896.0,3126.0,954,6,3125.9,59,2,3125.8,114,4,3125.7,79,3,3125.6,150,5,3126.7,22,1,3126.8,424,3,3126.9,200,1,3127.3,60,1,3127.4,35,2
2031,2026-06-16 11:18:55+05:30,3126.0,200,3130.66,1574774,131140.0,219126.0,3163.0,3163.0,3108.0,3134.3,31890400,3447.7,2820.9,3839.9,2896.0,3126.0,954,6,3125.9,59,2,3125.8,114,4,3125.7,79,3,3125.6,150,5,3126.7,22,1,3126.8,424,3,3126.9,200,1,3127.3,60,1,3127.4,35,2
2031,2026-06-16 11:18:55+05:30,3126.0,200,3130.66,1574997,130584.0,219539.0,3163.0,3163.0,3108.0,3134.3,31890400,3447.7,2820.9,3839.9,2896.0,3126.0,683,3,3125.8,57,2,3125.7,29,1,3125.6,97,4,3125.5,29,1,3126.8,424,3,3126.9,200,1,3127.2,72,3,3127.3,99,2,3127.4,71,4
2031,2026-06-16 11:18:55+05:30,3126.0,200,3130.66,1574997,130584.0,219539.0,3163.0,3163.0,3108.0,3134.3,31890400,3447.7,2820.9,3839.9,2896.0,3126.0,683,3,3125.8,57,2,3125.7,29,1,3125.6,97,4,3125.5,29,1,3126.8,424,3,3126.9,200,1,3127.2,72,3,3127.3,99,2,3127.4,71,4
2031,2026-06-16 11:18:56+05:30,3126.0,200,3130.66,1574997,130584.0,219539.0,3163.0,3163.0,3108.0,3134.3,31890400,3447.7,2820.9,3839.9,2896.0,3126.0,683,3,3125.8,57,2,3125.7,29,1,3125.6,97,4,3125.5,29,1,3126.8,424,3,3126.9,200,1,3127.2,72,3,3127.3,99,2,3127.4,71,4
2031,2026-06-16 11:18:56+05:30,3126.0,45,3130.66,1575042,130546.0,219519.0,3163.0,3163.0,3108.0,3134.3,31890400,3447.7,2820.9,3839.9,2896.0,3126.0,655,4,3125.9,50,2,3125.8,53,2,3125.7,29,1,3125.6,97,4,3126.7,24,1,3126.8,424,3,3126.9,200,1,3127.2,72,3,3127.3,99,2
2031,2026-06-16 11:18:57+05:30,3126.0,45,3130.66,1575042,130546.0,219519.0,3163.0,3163.0,3108.0,3134.3,31890400,3447.7,2820.9,3839.9,2896.0,3126.0,655,4,3125.9,50,2,3125.8,53,2,3125.7,29,1,3125.6,97,4,3126.7,24,1,3126.8,424,3,3126.9,200,1,3127.2,72,3,3127.3,99,2
2031,2026-06-16 11:18:57+05:30,3126.0,5,3130.66,1575042,130546.0,219519.0,3163.0,3163.0,3108.0,3134.3,31890400,3447.7,2820.9,3839.9,2896.0,3126.0,655,4,3125.9,50,2,3125.8,53,2,3125.7,29,1,3125.6,97,4,3126.7,24,1,3126.8,424,3,3126.9,200,1,3127.2,72,3,3127.3,99,2
2031,2026-06-16 11:18:57+05:30,3126.0,5,3130.66,1575071,130579.0,219601.0,3163.0,3163.0,3108.0,3134.3,31890400,3447.7,2820.9,3839.9,2896.0,3126.0,663,5,3125.9,31,1,3125.8,26,1,3125.7,29,1,3125.6,97,4,3126.8,424,3,3126.9,200,1,3127.0,100,1,3127.2,51,2,3127.3,116,3
2031,2026-06-16 11:18:58+05:30,3126.0,5,3130.66,1575071,130579.0,219601.0,3163.0,3163.0,3108.0,3134.3,31900800,3447.7,2820.9,3839.9,2896.0,3126.0,663,5,3125.9,31,1,3125.8,26,1,3125.7,29,1,3125.6,97,4,3126.8,424,3,3126.9,200,1,3127.0,100,1,3127.2,51,2,3127.3,116,3
2031,2026-06-16 11:18:58+05:30,3126.7,1,3130.66,1575071,130579.0,219601.0,3163.0,3163.0,3108.0,3134.3,31900800,3447.7,2820.9,3839.9,2896.0,3126.0,663,5,3125.9,31,1,3125.8,26,1,3125.7,29,1,3125.6,97,4,3126.8,424,3,3126.9,200,1,3127.0,100,1,3127.2,51,2,3127.3,116,3
2031,2026-06-16 11:18:58+05:30,3126.7,1,3130.66,1575072,130561.0,219478.0,3163.0,3163.0,3108.0,3134.3,31900800,3447.7,2820.9,3839.9,2896.0,3126.0,663,5,3125.9,31,1,3125.8,67,3,3125.7,29,1,3125.6,97,4,3126.7,2,1,3126.8,424,3,3126.9,200,1,3127.0,100,1,3127.2,51,2
2031,2026-06-16 11:18:59+05:30,3126.7,1,3130.66,1575072,130803.0,219426.0,3163.0,3163.0,3108.0,3134.3,31900800,3447.7,2820.9,3839.9,2896.0,3126.1,19,2,3126.0,677,5,3125.8,98,4,3125.7,29,1,3125.6,109,4,3126.7,2,1,3126.8,424,3,3126.9,200,1,3127.0,100,1,3127.2,2,1
2031,2026-06-16 11:19:00+05:30,3126.7,1,3130.66,1575072,131569.0,219064.0,3163.0,3163.0,3108.0,3134.3,31900800,3447.7,2820.9,3839.9,2896.0,3126.4,2,2,3126.1,96,6,3126.0,665,5,3125.8,172,6,3125.7,29,1,3126.7,4,3,3126.8,399,2,3126.9,200,1,3127.0,100,1,3127.4,22,1
2031,2026-06-16 11:19:01+05:30,3126.7,1,3130.66,1575072,131569.0,219064.0,3163.0,3163.0,3108.0,3134.3,31900800,3447.7,2820.9,3839.9,2896.0,3126.4,2,2,3126.1,96,6,3126.0,665,5,3125.8,172,6,3125.7,29,1,3126.7,4,3,3126.8,399,2,3126.9,200,1,3127.0,100,1,3127.4,22,1
2031,2026-06-16 11:19:01+05:30,3126.7,1,3130.66,1575073,131885.0,219417.0,3163.0,3163.0,3108.0,3134.3,31900800,3447.7,2820.9,3839.9,2896.0,3126.4,63,5,3126.3,37,2,3126.2,20,2,3126.1,47,4,3126.0,746,7,3126.7,4,4,3126.8,199,1,3126.9,400,2,3127.0,100,1,3127.4,58,1
2031,2026-06-16 11:19:02+05:30,3126.7,1,3130.66,1575073,131883.0,219482.0,3163.0,3163.0,3108.0,3134.3,31900800,3447.7,2820.9,3839.9,2896.0,3126.4,103,7,3126.3,6,1,3126.2,51,3,3126.1,47,4,3126.0,746,7,3126.7,37,5,3126.8,199,1,3126.9,200,1,3127.0,300,2,3127.4,58,1
2031,2026-06-16 11:19:03+05:30,3126.4,1,3130.66,1575073,131883.0,219482.0,3163.0,3163.0,3108.0,3134.3,31900800,3447.7,2820.9,3839.9,2896.0,3126.4,103,7,3126.3,6,1,3126.2,51,3,3126.1,47,4,3126.0,746,7,3126.7,37,5,3126.8,199,1,3126.9,200,1,3127.0,300,2,3127.4,58,1
2031,2026-06-16 11:19:03+05:30,3126.4,3,3130.65,1575311,131035.0,219029.0,3163.0,3163.0,3108.0,3134.3,31900800,3447.7,2820.9,3839.9,2896.0,3126.3,6,1,3126.2,32,2,3126.1,84,6,3126.0,677,5,3125.8,100,4,3126.4,30,1,3126.8,199,1,3126.9,200,1,3127.0,300,2,3127.4,78,2
2031,2026-06-16 11:19:04+05:30,3126.3,26,3130.65,1575311,131035.0,219029.0,3163.0,3163.0,3108.0,3134.3,31900800,3447.7,2820.9,3839.9,2896.0,3126.3,6,1,3126.2,32,2,3126.1,84,6,3126.0,677,5,3125.8,100,4,3126.4,30,1,3126.8,199,1,3126.9,200,1,3127.0,300,2,3127.4,78,2
2031,2026-06-16 11:19:04+05:30,3126.3,26,3130.65,1575337,131028.0,219030.0,3163.0,3163.0,3108.0,3134.3,31900800,3447.7,2820.9,3839.9,2896.0,3126.3,6,1,3126.2,32,2,3126.1,66,5,3126.0,677,5,3125.8,158,5,3126.4,30,1,3126.8,199,1,3126.9,200,1,3127.0,300,2,3127.4,78,2
2031,2026-06-16 11:19:05+05:30,3126.8,20,3130.65,1575337,131028.0,219030.0,3163.0,3163.0,3108.0,3134.3,31900800,3447.7,2820.9,3839.9,2896.0,3126.3,6,1,3126.2,32,2,3126.1,66,5,3126.0,677,5,3125.8,158,5,3126.4,30,1,3126.8,199,1,3126.9,200,1,3127.0,300,2,3127.4,78,2
2031,2026-06-16 11:19:05+05:30,3126.8,20,3130.65,1575390,131780.0,219522.0,3163.0,3163.0,3108.0,3134.3,31900800,3447.7,2820.9,3839.9,2896.0,3126.4,17,1,3126.3,3,1,3126.2,1,1,3126.1,47,4,3126.0,699,6,3126.8,179,1,3126.9,200,1,3127.0,300,2,3127.4,95,3,3127.5,107,3
2031,2026-06-16 11:19:06+05:30,3126.3,20,3130.65,1575390,131780.0,219522.0,3163.0,3163.0,3108.0,3134.3,31900800,3447.7,2820.9,3839.9,2896.0,3126.4,17,1,3126.3,3,1,3126.2,1,1,3126.1,47,4,3126.0,699,6,3126.8,179,1,3126.9,200,1,3127.0,300,2,3127.4,95,3,3127.5,107,3
2031,2026-06-16 11:19:06+05:30,3126.3,20,3130.65,1575777,130297.0,218801.0,3163.0,3163.0,3108.0,3134.3,31900800,3447.7,2820.9,3839.9,2896.0,3126.2,1,1,3126.1,47,4,3126.0,646,4,3125.8,31,1,3125.7,21,1,3126.3,13,1,3126.8,26,1,3127.0,100,1,3127.1,147,1,3127.2,185,1
2031,2026-06-16 11:19:07+05:30,3126.1,12,3130.65,1575777,130297.0,218801.0,3163.0,3163.0,3108.0,3134.3,31900800,3447.7,2820.9,3839.9,2896.0,3126.2,1,1,3126.1,47,4,3126.0,646,4,3125.8,31,1,3125.7,21,1,3126.3,13,1,3126.8,26,1,3127.0,100,1,3127.1,147,1,3127.2,185,1
2031,2026-06-16 11:19:07+05:30,3126.1,12,3130.65,1575798,130482.0,219056.0,3163.0,3163.0,3108.0,3134.3,31900800,3447.7,2820.9,3839.9,2896.0,3126.1,51,5,3126.0,677,5,3125.8,61,3,3125.6,177,6,3125.5,37,1,3126.2,35,1,3126.8,26,1,3126.9,134,1,3127.0,300,2,3127.1,185,1
2031,2026-06-16 11:19:08+05:30,3126.2,5,3130.65,1575798,130482.0,219056.0,3163.0,3163.0,3108.0,3134.3,31900800,3447.7,2820.9,3839.9,2896.0,3126.1,51,5,3126.0,677,5,3125.8,61,3,3125.6,177,6,3125.5,37,1,3126.2,35,1,3126.8,26,1,3126.9,134,1,3127.0,300,2,3127.1,185,1
2031,2026-06-16 11:19:08+05:30,3126.2,1,3130.65,1575807,130502.0,218853.0,3163.0,3163.0,3108.0,3134.3,31900800,3447.7,2820.9,3839.9,2896.0,3126.1,33,4,3126.0,646,4,3125.8,81,2,3125.6,161,5,3125.5,37,1,3126.2,28,1,3126.8,26,1,3126.9,134,1,3127.0,100,1,3127.1,200,1
2031,2026-06-16 11:19:09+05:30,3126.1,1,3130.65,1575807,130502.0,218853.0,3163.0,3163.0,3108.0,3134.3,31900800,3447.7,2820.9,3839.9,2896.0,3126.1,33,4,3126.0,646,4,3125.8,81,2,3125.6,161,5,3125.5,37,1,3126.2,28,1,3126.8,26,1,3126.9,134,1,3127.0,100,1,3127.1,200,1
2031,2026-06-16 11:19:09+05:30,3126.1,1,3130.65,1575808,130518.0,219044.0,3163.0,3163.0,3108.0,3134.3,31900800,3447.7,2820.9,3839.9,2896.0,3126.1,52,5,3126.0,646,4,3125.9,31,1,3125.8,50,1,3125.6,142,4,3126.2,54,2,3126.9,134,1,3127.0,300,2,3127.1,185,1,3127.2,221,2
2031,2026-06-16 11:19:10+05:30,3126.2,8,3130.65,1575816,130500.0,218961.0,3163.0,3163.0,3108.0,3134.3,31900800,3447.7,2820.9,3839.9,2896.0,3126.1,51,4,3126.0,646,4,3125.9,31,1,3125.8,50,1,3125.6,142,4,3126.2,46,2,3126.9,134,1,3127.0,100,1,3127.1,200,1,3127.2,206,2
2031,2026-06-16 11:19:11+05:30,3126.2,20,3130.65,1575816,130500.0,218961.0,3163.0,3163.0,3108.0,3134.3,31900800,3447.7,2820.9,3839.9,2896.0,3126.1,51,4,3126.0,646,4,3125.9,31,1,3125.8,50,1,3125.6,142,4,3126.2,46,2,3126.9,134,1,3127.0,100,1,3127.1,200,1,3127.2,206,2
2031,2026-06-16 11:19:11+05:30,3126.1,7,3130.65,1576037,130303.0,219138.0,3163.0,3163.0,3108.0,3134.3,31900800,3447.7,2820.9,3839.9,2896.0,3126.1,34,4,3126.0,646,4,3125.8,31,1,3125.6,63,2,3125.5,40,2,3126.2,26,1,3126.9,134,1,3127.0,300,2,3127.1,61,2,3127.2,206,2
2031,2026-06-16 11:19:12+05:30,3126.1,11,3130.65,1576037,130303.0,219138.0,3163.0,3163.0,3108.0,3134.3,31900800,3447.7,2820.9,3839.9,2896.0,3126.1,34,4,3126.0,646,4,3125.8,31,1,3125.6,63,2,3125.5,40,2,3126.2,26,1,3126.9,134,1,3127.0,300,2,3127.1,61,2,3127.2,206,2
2031,2026-06-16 11:19:12+05:30,3126.1,5,3130.65,1576086,130408.0,219151.0,3163.0,3163.0,3108.0,3134.3,31900800,3447.7,2820.9,3839.9,2896.0,3126.1,44,5,3126.0,677,5,3125.8,42,2,3125.6,84,3,3125.5,77,2,3126.2,7,2,3126.9,144,1,3127.0,100,1,3127.1,261,3,3127.2,206,2
2031,2026-06-16 11:19:13+05:30,3126.1,3,3130.65,1576086,130408.0,219151.0,3163.0,3163.0,3108.0,3134.3,31900800,3447.7,2820.9,3839.9,2896.0,3126.1,44,5,3126.0,677,5,3125.8,42,2,3125.6,84,3,3125.5,77,2,3126.2,7,2,3126.9,144,1,3127.0,100,1,3127.1,261,3,3127.2,206,2
2031,2026-06-16 11:19:13+05:30,3126.1,9,3130.65,1576184,130433.0,219156.0,3163.0,3163.0,3108.0,3134.3,31900800,3447.7,2820.9,3839.9,2896.0,3126.1,31,3,3126.0,677,5,3125.8,31,1,3125.6,84,3,3125.5,77,2,3126.2,6,2,3126.9,344,2,3127.0,285,2,3127.1,261,3,3127.2,21,1
2031,2026-06-16 11:19:14+05:30,3126.2,1,3130.65,1576184,130433.0,219156.0,3163.0,3163.0,3108.0,3134.3,31900800,3447.7,2820.9,3839.9,2896.0,3126.1,31,3,3126.0,677,5,3125.8,31,1,3125.6,84,3,3125.5,77,2,3126.2,6,2,3126.9,344,2,3127.0,285,2,3127.1,261,3,3127.2,21,1
2031,2026-06-16 11:19:14+05:30,3126.1,2,3130.65,1576188,130265.0,219476.0,3163.0,3163.0,3108.0,3134.3,31900800,3447.7,2820.9,3839.9,2896.0,3126.1,29,3,3126.0,646,4,3125.3,44,2,3125.2,31,1,3125.1,84,5,3126.2,22,3,3126.3,36,1,3126.6,55,2,3126.7,20,1,3126.8,413,5
2031,2026-06-16 11:19:15+05:30,3126.1,10,3130.65,1576188,130265.0,219476.0,3163.0,3163.0,3108.0,3134.3,31900800,3447.7,2820.9,3839.9,2896.0,3126.1,29,3,3126.0,646,4,3125.3,44,2,3125.2,31,1,3125.1,84,5,3126.2,22,3,3126.3,36,1,3126.6,55,2,3126.7,20,1,3126.8,413,5
2031,2026-06-16 11:19:15+05:30,3126.0,19,3130.65,1576386,130242.0,219225.0,3163.0,3163.0,3108.0,3134.3,31900800,3447.7,2820.9,3839.9,2896.0,3126.0,596,4,3125.1,74,4,3125.0,948,12,3124.9,81,3,3124.8,81,3,3126.1,52,1,3126.2,58,4,3126.4,53,1,3126.5,20,2,3126.6,336,5
2031,2026-06-16 11:19:16+05:30,3126.0,19,3130.65,1576386,130242.0,219225.0,3163.0,3163.0,3108.0,3134.3,31900800,3447.7,2820.9,3839.9,2896.0,3126.0,596,4,3125.1,74,4,3125.0,948,12,3124.9,81,3,3124.8,81,3,3126.1,52,1,3126.2,58,4,3126.4,53,1,3126.5,20,2,3126.6,336,5
2031,2026-06-16 11:19:16+05:30,3126.0,3,3130.65,1576395,130269.0,219330.0,3163.0,3163.0,3108.0,3134.3,31900800,3447.7,2820.9,3839.9,2896.0,3126.0,612,5,3125.6,31,1,3125.4,49,2,3125.2,50,2,3125.1,132,5,3126.1,46,1,3126.2,19,2,3126.7,220,2,3126.8,221,2,3126.9,278,3
2031,2026-06-16 11:19:17+05:30,3126.0,3,3130.65,1576395,130269.0,219330.0,3163.0,3163.0,3108.0,3134.3,31900800,3447.7,2820.9,3839.9,2896.0,3126.0,612,5,3125.6,31,1,3125.4,49,2,3125.2,50,2,3125.1,132,5,3126.1,46,1,3126.2,19,2,3126.7,220,2,3126.8,221,2,3126.9,278,3
2031,2026-06-16 11:19:17+05:30,3126.0,1,3130.65,1576396,130237.0,219335.0,3163.0,3163.0,3108.0,3134.3,31900800,3447.7,2820.9,3839.9,2896.0,3126.0,611,5,3125.4,107,3,3125.2,50,2,3125.1,132,5,3125.0,988,14,3126.1,47,2,3126.2,18,1,3126.7,220,2,3126.8,221,2,3126.9,278,3
2031,2026-06-16 11:19:18+05:30,3126.0,1,3130.65,1576396,130237.0,219335.0,3163.0,3163.0,3108.0,3134.3,31900800,3447.7,2820.9,3839.9,2896.0,3126.0,611,5,3125.4,107,3,3125.2,50,2,3125.1,132,5,3125.0,988,14,3126.1,47,2,3126.2,18,1,3126.7,220,2,3126.8,221,2,3126.9,278,3
2031,2026-06-16 11:19:19+05:30,3126.0,41,3130.65,1576438,129775.0,219240.0,3163.0,3163.0,3108.0,3134.3,31900800,3447.7,2820.9,3839.9,2896.0,3126.0,570,5,3125.4,89,2,3125.3,22,1,3125.2,50,2,3125.1,161,7,3126.1,46,2,3126.7,62,1,3126.8,174,2,3126.9,220,2,3127.0,562,5
2031,2026-06-16 11:19:19+05:30,3126.0,41,3130.65,1576438,129775.0,219240.0,3163.0,3163.0,3108.0,3134.3,31900800,3447.7,2820.9,3839.9,2896.0,3126.0,570,5,3125.4,89,2,3125.3,22,1,3125.2,50,2,3125.1,161,7,3126.1,46,2,3126.7,62,1,3126.8,174,2,3126.9,220,2,3127.0,562,5
2031,2026-06-16 11:19:20+05:30,3126.0,6,3130.65,1576464,130138.0,219186.0,3163.0,3163.0,3108.0,3134.3,31900800,3447.7,2820.9,3839.9,2896.0,3126.0,564,5,3125.7,31,1,3125.6,65,2,3125.5,21,1,3125.4,108,3,3126.1,54,3,3126.7,62,1,3126.8,47,1,3126.9,79,2,3127.0,562,5
2031,2026-06-16 11:19:20+05:30,3126.0,6,3130.65,1576464,130138.0,219186.0,3163.0,3163.0,3108.0,3134.3,31900800,3447.7,2820.9,3839.9,2896.0,3126.0,564,5,3125.7,31,1,3125.6,65,2,3125.5,21,1,3125.4,108,3,3126.1,54,3,3126.7,62,1,3126.8,47,1,3126.9,79,2,3127.0,562,5
2031,2026-06-16 11:19:21+05:30,3126.1,28,3130.65,1576464,130138.0,219186.0,3163.0,3163.0,3108.0,3134.3,31900800,3447.7,2820.9,3839.9,2896.0,3126.0,564,5,3125.7,31,1,3125.6,65,2,3125.5,21,1,3125.4,108,3,3126.1,54,3,3126.7,62,1,3126.8,47,1,3126.9,79,2,3127.0,562,5
2031,2026-06-16 11:19:21+05:30,3126.1,28,3130.65,1576518,130620.0,219176.0,3163.0,3163.0,3108.0,3134.3,31900800,3447.7,2820.9,3839.9,2896.0,3126.2,1,1,3126.0,543,6,3125.6,19,1,3125.5,31,1,3125.4,110,3,3126.6,7,1,3126.7,14,1,3126.9,59,1,3127.0,562,5,3127.1,261,3
2031,2026-06-16 11:19:22+05:30,3126.0,99,3130.65,1576518,130620.0,219176.0,3163.0,3163.0,3108.0,3134.3,31900800,3447.7,2820.9,3839.9,2896.0,3126.2,1,1,3126.0,543,6,3125.6,19,1,3125.5,31,1,3125.4,110,3,3126.6,7,1,3126.7,14,1,3126.9,59,1,3127.0,562,5,3127.1,261,3
2031,2026-06-16 11:19:22+05:30,3126.0,99,3130.65,1577167,130357.0,219452.0,3163.0,3163.0,3108.0,3134.3,31900800,3447.7,2820.9,3839.9,2896.0,3126.1,300,1,3126.0,98,3,3125.7,31,1,3125.6,19,1,3125.4,50,2,3126.2,200,1,3126.3,185,1,3126.4,200,1,3126.8,58,1,3127.0,199,5
2031,2026-06-16 11:19:23+05:30,3126.2,2,3130.65,1577167,130357.0,219452.0,3163.0,3163.0,3108.0,3134.3,31900800,3447.7,2820.9,3839.9,2896.0,3126.1,300,1,3126.0,98,3,3125.7,31,1,3125.6,19,1,3125.4,50,2,3126.2,200,1,3126.3,185,1,3126.4,200,1,3126.8,58,1,3127.0,199,5
2031,2026-06-16 11:19:23+05:30,3126.2,2,3130.65,1577169,130421.0,219458.0,3163.0,3163.0,3108.0,3134.3,31900800,3447.7,2820.9,3839.9,2896.0,3126.1,300,1,3126.0,98,3,3125.7,31,1,3125.6,19,1,3125.4,50,2,3126.2,198,1,3126.3,185,1,3126.4,200,1,3126.8,58,1,3127.0,199,5
2031,2026-06-16 11:19:24+05:30,3126.1,10,3130.65,1577169,130421.0,219458.0,3163.0,3163.0,3108.0,3134.3,31900800,3447.7,2820.9,3839.9,2896.0,3126.1,300,1,3126.0,98,3,3125.7,31,1,3125.6,19,1,3125.4,50,2,3126.2,198,1,3126.3,185,1,3126.4,200,1,3126.8,58,1,3127.0,199,5
2031,2026-06-16 11:19:24+05:30,3126.2,1,3130.65,1577180,130393.0,219456.0,3163.0,3163.0,3108.0,3134.3,31900800,3447.7,2820.9,3839.9,2896.0,3126.1,290,1,3126.0,98,3,3125.7,31,1,3125.4,50,2,3125.2,108,3,3126.2,197,1,3126.3,185,1,3126.4,200,1,3126.8,58,1,3127.0,199,5
2031,2026-06-16 11:19:25+05:30,3126.1,1,3130.65,1577180,130393.0,219456.0,3163.0,3163.0,3108.0,3134.3,31900800,3447.7,2820.9,3839.9,2896.0,3126.1,290,1,3126.0,98,3,3125.7,31,1,3125.4,50,2,3125.2,108,3,3126.2,197,1,3126.3,185,1,3126.4,200,1,3126.8,58,1,3127.0,199,5
2031,2026-06-16 11:19:25+05:30,3126.1,1,3130.65,1577183,130408.0,219475.0,3163.0,3163.0,3108.0,3134.3,31900800,3447.7,2820.9,3839.9,2896.0,3126.1,287,1,3126.0,98,3,3125.7,31,1,3125.4,50,2,3125.2,50,2,3126.2,197,1,3126.3,185,1,3126.4,200,1,3126.8,58,1,3127.0,199,5
2031,2026-06-16 11:19:26+05:30,3126.1,1,3130.65,1577183,130438.0,219264.0,3163.0,3163.0,3108.0,3134.3,31900800,3447.7,2820.9,3839.9,2896.0,3126.1,304,2,3126.0,98,3,3125.7,31,1,3125.4,50,2,3125.2,50,2,3126.2,197,1,3126.3,185,1,3126.4,200,1,3126.8,58,1,3127.0,199,5
2031,2026-06-16 11:19:27+05:30,3126.1,10,3130.65,1577183,130438.0,219264.0,3163.0,3163.0,3108.0,3134.3,31900800,3447.7,2820.9,3839.9,2896.0,3126.1,304,2,3126.0,98,3,3125.7,31,1,3125.4,50,2,3125.2,50,2,3126.2,197,1,3126.3,185,1,3126.4,200,1,3126.8,58,1,3127.0,199,5
2031,2026-06-16 11:19:27+05:30,3126.2,1,3130.65,1577194,130413.0,219457.0,3163.0,3163.0,3108.0,3134.3,31900800,3447.7,2820.9,3839.9,2896.0,3126.1,312,3,3126.0,98,3,3125.8,31,1,3125.6,31,1,3125.4,50,2,3126.2,196,1,3126.3,185,1,3126.4,200,1,3126.8,58,1,3127.0,199,5
2031,2026-06-16 11:19:28+05:30,3126.1,1,3130.65,1577194,130413.0,219457.0,3163.0,3163.0,3108.0,3134.3,31900800,3447.7,2820.9,3839.9,2896.0,3126.1,312,3,3126.0,98,3,3125.8,31,1,3125.6,31,1,3125.4,50,2,3126.2,196,1,3126.3,185,1,3126.4,200,1,3126.8,58,1,3127.0,199,5
2031,2026-06-16 11:19:28+05:30,3126.1,1,3130.65,1577195,130428.0,219498.0,3163.0,3163.0,3108.0,3134.3,31900800,3447.7,2820.9,3839.9,2896.0,3126.1,311,3,3126.0,98,3,3125.8,31,1,3125.6,31,1,3125.4,50,2,3126.2,231,2,3126.3,185,1,3126.4,200,1,3126.8,58,1,3127.0,199,5
2031,2026-06-16 11:19:29+05:30,3126.1,15,3130.65,1577195,130428.0,219498.0,3163.0,3163.0,3108.0,3134.3,31900800,3447.7,2820.9,3839.9,2896.0,3126.1,311,3,3126.0,98,3,3125.8,31,1,3125.6,31,1,3125.4,50,2,3126.2,231,2,3126.3,185,1,3126.4,200,1,3126.8,58,1,3127.0,199,5
2031,2026-06-16 11:19:29+05:30,3126.1,15,3130.65,1577394,130587.0,219158.0,3163.0,3163.0,3108.0,3134.3,31900800,3447.7,2820.9,3839.9,2896.0,3126.1,301,4,3126.0,128,5,3125.8,50,2,3125.6,66,3,3125.4,72,3,3126.2,35,1,3126.3,185,1,3126.4,200,1,3126.9,55,1,3127.0,141,2
2031,2026-06-16 11:19:30+05:30,3126.1,30,3130.65,1577394,130587.0,219158.0,3163.0,3163.0,3108.0,3134.3,31900800,3447.7,2820.9,3839.9,2896.0,3126.1,301,4,3126.0,128,5,3125.8,50,2,3125.6,66,3,3125.4,72,3,3126.2,35,1,3126.3,185,1,3126.4,200,1,3126.9,55,1,3127.0,141,2
2031,2026-06-16 11:19:30+05:30,3126.2,2,3130.65,1577450,130534.0,219461.0,3163.0,3163.0,3108.0,3134.3,31900800,3447.7,2820.9,3839.9,2896.0,3126.1,255,6,3126.0,128,5,3125.8,50,2,3125.6,66,3,3125.4,130,4,3126.2,231,3,3126.3,185,1,3126.4,200,1,3126.9,55,1,3127.0,158,3
2031,2026-06-16 11:19:31+05:30,3126.1,6,3130.65,1577450,130534.0,219461.0,3163.0,3163.0,3108.0,3134.3,31900800,3447.7,2820.9,3839.9,2896.0,3126.1,255,6,3126.0,128,5,3125.8,50,2,3125.6,66,3,3125.4,130,4,3126.2,231,3,3126.3,185,1,3126.4,200,1,3126.9,55,1,3127.0,158,3
2031,2026-06-16 11:19:31+05:30,3126.1,6,3130.65,1577456,130483.0,219462.0,3163.0,3163.0,3108.0,3134.3,31900800,3447.7,2820.9,3839.9,2896.0,3126.1,225,5,3126.0,159,6,3125.8,50,2,3125.6,66,3,3125.4,130,4,3126.2,231,3,3126.3,185,1,3126.4,200,1,3126.9,113,2,3127.0,158,3
2031,2026-06-16 11:19:32+05:30,3126.1,1,3130.65,1577456,130483.0,219462.0,3163.0,3163.0,3108.0,3134.3,31900800,3447.7,2820.9,3839.9,2896.0,3126.1,225,5,3126.0,159,6,3125.8,50,2,3125.6,66,3,3125.4,130,4,3126.2,231,3,3126.3,185,1,3126.4,200,1,3126.9,113,2,3127.0,158,3
2031,2026-06-16 11:19:32+05:30,3126.1,1,3130.65,1577457,130394.0,219465.0,3163.0,3163.0,3108.0,3134.3,31900800,3447.7,2820.9,3839.9,2896.0,3126.1,224,5,3126.0,140,5,3125.8,31,1,3125.6,66,3,3125.4,72,3,3126.2,231,3,3126.3,185,1,3126.4,200,1,3126.9,113,2,3127.0,158,3
2031,2026-06-16 11:19:33+05:30,3126.1,30,3130.65,1577487,130339.0,220188.0,3163.0,3163.0,3108.0,3134.3,31900800,3447.7,2820.9,3839.9,2896.0,3126.1,212,6,3126.0,109,4,3125.6,31,1,3125.4,72,3,3125.2,77,3,3126.2,265,4,3126.3,185,1,3126.4,200,1,3126.9,113,2,3127.0,158,3
2031,2026-06-16 11:19:34+05:30,3126.2,1,3130.65,1577487,130339.0,220188.0,3163.0,3163.0,3108.0,3134.3,31900800,3447.7,2820.9,3839.9,2896.0,3126.1,212,6,3126.0,109,4,3125.6,31,1,3125.4,72,3,3125.2,77,3,3126.2,265,4,3126.3,185,1,3126.4,200,1,3126.9,113,2,3127.0,158,3
2031,2026-06-16 11:19:34+05:30,3126.2,1,3130.65,1577492,130340.0,220283.0,3163.0,3163.0,3108.0,3134.3,31900800,3447.7,2820.9,3839.9,2896.0,3126.1,209,6,3126.0,109,4,3125.6,31,1,3125.4,72,3,3125.2,77,3,3126.2,288,5,3126.3,185,1,3126.4,200,1,3126.9,113,2,3127.0,191,4
2031,2026-06-16 11:19:35+05:30,3126.2,1,3130.65,1577492,130340.0,220283.0,3163.0,3163.0,3108.0,3134.3,31900800,3447.7,2820.9,3839.9,2896.0,3126.1,209,6,3126.0,109,4,3125.6,31,1,3125.4,72,3,3125.2,77,3,3126.2,288,5,3126.3,185,1,3126.4,200,1,3126.9,113,2,3127.0,191,4
2031,2026-06-16 11:19:35+05:30,3126.1,49,3130.65,1577722,130229.0,219415.0,3163.0,3163.0,3108.0,3134.3,31900800,3447.7,2820.9,3839.9,2896.0,3126.1,141,5,3126.0,109,4,3125.7,31,1,3125.6,19,1,3125.4,72,3,3126.2,59,2,3126.3,17,1,3126.4,185,1,3126.5,200,1,3126.9,145,3
2031,2026-06-16 11:19:36+05:30,3126.1,25,3130.65,1577722,130229.0,219415.0,3163.0,3163.0,3108.0,3134.3,31900800,3447.7,2820.9,3839.9,2896.0,3126.1,141,5,3126.0,109,4,3125.7,31,1,3125.6,19,1,3125.4,72,3,3126.2,59,2,3126.3,17,1,3126.4,185,1,3126.5,200,1,3126.9,145,3
2031,2026-06-16 11:19:36+05:30,3126.1,25,3130.65,1577747,130210.0,219824.0,3163.0,3163.0,3108.0,3134.3,31900800,3447.7,2820.9,3839.9,2896.0,3126.1,116,5,3126.0,109,4,3125.7,31,1,3125.6,19,1,3125.4,72,3,3126.2,59,2,3126.3,17,1,3126.4,185,1,3126.5,200,1,3126.9,145,3
2031,2026-06-16 11:19:37+05:30,3126.1,3,3130.65,1577747,130210.0,219824.0,3163.0,3163.0,3108.0,3134.3,31900800,3447.7,2820.9,3839.9,2896.0,3126.1,116,5,3126.0,109,4,3125.7,31,1,3125.6,19,1,3125.4,72,3,3126.2,59,2,3126.3,17,1,3126.4,185,1,3126.5,200,1,3126.9,145,3
2031,2026-06-16 11:19:37+05:30,3126.1,3,3130.65,1577750,130265.0,219829.0,3163.0,3163.0,3108.0,3134.3,31900800,3447.7,2820.9,3839.9,2896.0,3126.1,113,5,3126.0,109,4,3125.7,31,1,3125.6,19,1,3125.4,130,4,3126.2,60,3,3126.3,17,1,3126.4,185,1,3126.5,200,1,3126.9,145,3
2031,2026-06-16 11:19:38+05:30,3126.1,3,3130.65,1577750,130291.0,219809.0,3163.0,3163.0,3108.0,3134.3,31900800,3447.7,2820.9,3839.9,2896.0,3126.1,113,5,3126.0,109,4,3125.7,31,1,3125.4,130,4,3125.3,45,1,3126.2,60,3,3126.3,17,1,3126.4,185,1,3126.5,200,1,3126.9,145,3
2031,2026-06-16 11:19:39+05:30,3126.5,200,3130.65,1577750,130291.0,219809.0,3163.0,3163.0,3108.0,3134.3,31900800,3447.7,2820.9,3839.9,2896.0,3126.1,113,5,3126.0,109,4,3125.7,31,1,3125.4,130,4,3125.3,45,1,3126.2,60,3,3126.3,17,1,3126.4,185,1,3126.5,200,1,3126.9,145,3
2031,2026-06-16 11:19:39+05:30,3126.5,200,3130.65,1578419,132265.0,218057.0,3163.0,3163.0,3108.0,3134.3,31900800,3447.7,2820.9,3839.9,2896.0,3126.5,811,5,3126.4,16,1,3126.2,50,2,3126.1,214,9,3126.0,115,5,3126.9,74,1,3127.0,100,1,3127.5,205,2,3127.6,148,1,3127.7,32,1
2031,2026-06-16 11:19:39+05:30,3126.5,200,3130.65,1578419,132265.0,218057.0,3163.0,3163.0,3108.0,3134.3,31900800,3447.7,2820.9,3839.9,2896.0,3126.5,811,5,3126.4,16,1,3126.2,50,2,3126.1,214,9,3126.0,115,5,3126.9,74,1,3127.0,100,1,3127.5,205,2,3127.6,148,1,3127.7,32,1
2031,2026-06-16 11:19:40+05:30,3126.7,8,3130.65,1578419,132265.0,218057.0,3163.0,3163.0,3108.0,3134.3,31900800,3447.7,2820.9,3839.9,2896.0,3126.5,811,5,3126.4,16,1,3126.2,50,2,3126.1,214,9,3126.0,115,5,3126.9,74,1,3127.0,100,1,3127.5,205,2,3127.6,148,1,3127.7,32,1
2031,2026-06-16 11:19:40+05:30,3126.8,1,3130.65,1578703,132393.0,217651.0,3163.0,3163.0,3108.0,3134.3,31900800,3447.7,2820.9,3839.9,2896.0,3126.5,652,7,3126.3,61,3,3126.2,91,5,3126.1,149,7,3126.0,193,7,3126.8,31,1,3126.9,1,1,3127.0,100,1,3127.5,192,1,3127.6,5,1
2031,2026-06-16 11:19:41+05:30,3126.8,1,3130.65,1578703,132393.0,217651.0,3163.0,3163.0,3108.0,3134.3,31900800,3447.7,2820.9,3839.9,2896.0,3126.5,652,7,3126.3,61,3,3126.2,91,5,3126.1,149,7,3126.0,193,7,3126.8,31,1,3126.9,1,1,3127.0,100,1,3127.5,192,1,3127.6,5,1
2031,2026-06-16 11:19:41+05:30,3126.8,1,3130.65,1578703,132393.0,217651.0,3163.0,3163.0,3108.0,3134.3,31900800,3447.7,2820.9,3839.9,2896.0,3126.5,652,7,3126.3,61,3,3126.2,91,5,3126.1,149,7,3126.0,193,7,3126.8,31,1,3126.9,1,1,3127.0,100,1,3127.5,192,1,3127.6,5,1
2031,2026-06-16 11:19:41+05:30,3126.8,1,3130.65,1578703,132382.0,217713.0,3163.0,3163.0,3108.0,3134.3,31900800,3447.7,2820.9,3839.9,2896.0,3126.5,602,5,3126.4,19,1,3126.3,93,4,3126.2,59,4,3126.1,149,7,3126.8,32,2,3127.0,100,1,3127.5,192,1,3127.6,5,1,3127.7,290,3
2031,2026-06-16 11:19:42+05:30,3126.8,1,3130.65,1578703,132418.0,215809.0,3163.0,3163.0,3108.0,3134.3,31900800,3447.7,2820.9,3839.9,2896.0,3126.5,602,5,3126.3,61,3,3126.2,21,2,3126.1,170,8,3126.0,247,9,3126.8,32,2,3127.0,100,1,3127.6,322,3,3127.7,34,1,3127.8,280,4
2031,2026-06-16 11:19:43+05:30,3126.8,1,3130.65,1578703,132418.0,215809.0,3163.0,3163.0,3108.0,3134.3,31900800,3447.7,2820.9,3839.9,2896.0,3126.5,602,5,3126.3,61,3,3126.2,21,2,3126.1,170,8,3126.0,247,9,3126.8,32,2,3127.0,100,1,3127.6,322,3,3127.7,34,1,3127.8,280,4
2031,2026-06-16 11:19:43+05:30,3126.8,1,3130.65,1578703,132468.0,217826.0,3163.0,3163.0,3108.0,3134.3,31900800,3447.7,2820.9,3839.9,2896.0,3126.5,602,5,3126.3,61,3,3126.2,21,2,3126.1,170,8,3126.0,247,9,3126.8,32,2,3127.0,100,1,3127.5,192,1,3127.6,130,2,3127.7,232,2
2031,2026-06-16 11:19:45+05:30,3126.8,1,3130.65,1578703,132393.0,217755.0,3163.0,3163.0,3108.0,3134.3,31900800,3447.7,2820.9,3839.9,2896.0,3126.5,602,5,3126.3,29,2,3126.2,2,1,3126.1,170,8,3126.0,215,8,3126.8,32,2,3127.0,100,1,3127.5,192,1,3127.6,5,1,3127.7,232,2
2031,2026-06-16 11:19:45+05:30,3126.8,1,3130.65,1578703,132393.0,217755.0,3163.0,3163.0,3108.0,3134.3,31900800,3447.7,2820.9,3839.9,2896.0,3126.5,602,5,3126.3,29,2,3126.2,2,1,3126.1,170,8,3126.0,215,8,3126.8,32,2,3127.0,100,1,3127.5,192,1,3127.6,5,1,3127.7,232,2
2031,2026-06-16 11:19:46+05:30,3126.8,41,3130.65,1578780,132950.0,217383.0,3163.0,3163.0,3108.0,3134.3,31900800,3447.7,2820.9,3839.9,2896.0,3126.7,78,5,3126.5,675,8,3126.4,103,4,3126.3,64,4,3126.2,53,3,3127.0,100,1,3127.8,82,3,3127.9,206,2,3128.0,628,4,3128.1,270,4
2031,2026-06-16 11:19:46+05:30,3126.8,41,3130.65,1578780,132950.0,217383.0,3163.0,3163.0,3108.0,3134.3,31900800,3447.7,2820.9,3839.9,2896.0,3126.7,78,5,3126.5,675,8,3126.4,103,4,3126.3,64,4,3126.2,53,3,3127.0,100,1,3127.8,82,3,3127.9,206,2,3128.0,628,4,3128.1,270,4
2031,2026-06-16 11:19:47+05:30,3126.9,1,3130.65,1578781,133154.0,217283.0,3163.0,3163.0,3108.0,3134.3,31900800,3447.7,2820.9,3839.9,2896.0,3126.8,98,5,3126.7,85,6,3126.6,74,4,3126.5,686,9,3126.4,76,4,3126.9,4,1,3127.0,100,1,3127.8,274,4,3127.9,14,1,3128.0,826,5
2031,2026-06-16 11:19:47+05:30,3126.9,1,3130.65,1578781,133154.0,217283.0,3163.0,3163.0,3108.0,3134.3,31900800,3447.7,2820.9,3839.9,2896.0,3126.8,98,5,3126.7,85,6,3126.6,74,4,3126.5,686,9,3126.4,76,4,3126.9,4,1,3127.0,100,1,3127.8,274,4,3127.9,14,1,3128.0,826,5
2031,2026-06-16 11:19:47+05:30,3126.9,1,3130.65,1578781,133154.0,217283.0,3163.0,3163.0,3108.0,3134.3,31900800,3447.7,2820.9,3839.9,2896.0,3126.8,98,5,3126.7,85,6,3126.6,74,4,3126.5,686,9,3126.4,76,4,3126.9,4,1,3127.0,100,1,3127.8,274,4,3127.9,14,1,3128.0,826,5
2031,2026-06-16 11:19:48+05:30,3126.9,22,3130.64,1578918,133547.0,217362.0,3163.0,3163.0,3108.0,3134.3,31900800,3447.7,2820.9,3839.9,2896.0,3127.0,960,2,3126.9,51,2,3126.8,6,1,3126.7,45,4,3126.6,69,3,3127.3,500,1,3127.8,253,3,3128.0,768,4,3128.1,72,3,3128.2,70,2
2031,2026-06-16 11:19:48+05:30,3126.9,22,3130.64,1578918,133547.0,217362.0,3163.0,3163.0,3108.0,3134.3,31900800,3447.7,2820.9,3839.9,2896.0,3127.0,960,2,3126.9,51,2,3126.8,6,1,3126.7,45,4,3126.6,69,3,3127.3,500,1,3127.8,253,3,3128.0,768,4,3128.1,72,3,3128.2,70,2
2031,2026-06-16 11:19:48+05:30,3126.9,22,3130.64,1578918,133547.0,217362.0,3163.0,3163.0,3108.0,3134.3,31900800,3447.7,2820.9,3839.9,2896.0,3127.0,960,2,3126.9,51,2,3126.8,6,1,3126.7,45,4,3126.6,69,3,3127.3,500,1,3127.8,253,3,3128.0,768,4,3128.1,72,3,3128.2,70,2
2031,2026-06-16 11:19:49+05:30,3127.3,6,3130.64,1578928,133707.0,217091.0,3163.0,3163.0,3108.0,3134.3,31900800,3447.7,2820.9,3839.9,2896.0,3127.0,1138,3,3126.9,32,1,3126.8,6,1,3126.7,45,4,3126.6,82,3,3127.3,494,1,3127.8,231,2,3128.0,805,4,3128.1,25,2,3128.2,70,2
2031,2026-06-16 11:19:50+05:30,3127.3,6,3130.64,1578928,133707.0,217091.0,3163.0,3163.0,3108.0,3134.3,31900800,3447.7,2820.9,3839.9,2896.0,3127.0,1138,3,3126.9,32,1,3126.8,6,1,3126.7,45,4,3126.6,82,3,3127.3,494,1,3127.8,231,2,3128.0,805,4,3128.1,25,2,3128.2,70,2
2031,2026-06-16 11:19:50+05:30,3127.2,1,3130.64,1578979,133776.0,216951.0,3163.0,3163.0,3108.0,3134.3,31900800,3447.7,2820.9,3839.9,2896.0,3127.2,16,1,3127.1,2,2,3127.0,1094,4,3126.9,32,1,3126.8,6,1,3127.3,494,1,3127.8,39,1,3128.0,549,2,3128.1,217,3,3128.2,70,2
2031,2026-06-16 11:19:50+05:30,3127.2,1,3130.64,1578979,133776.0,216951.0,3163.0,3163.0,3108.0,3134.3,31900800,3447.7,2820.9,3839.9,2896.0,3127.2,16,1,3127.1,2,2,3127.0,1094,4,3126.9,32,1,3126.8,6,1,3127.3,494,1,3127.8,39,1,3128.0,549,2,3128.1,217,3,3128.2,70,2
2031,2026-06-16 11:19:51+05:30,3127.3,3,3130.64,1578979,133776.0,216951.0,3163.0,3163.0,3108.0,3134.3,31900800,3447.7,2820.9,3839.9,2896.0,3127.2,16,1,3127.1,2,2,3127.0,1094,4,3126.9,32,1,3126.8,6,1,3127.3,494,1,3127.8,39,1,3128.0,549,2,3128.1,217,3,3128.2,70,2
2031,2026-06-16 11:19:51+05:30,3127.3,3,3130.64,1578979,133776.0,216951.0,3163.0,3163.0,3108.0,3134.3,31900800,3447.7,2820.9,3839.9,2896.0,3127.2,16,1,3127.1,2,2,3127.0,1094,4,3126.9,32,1,3126.8,6,1,3127.3,494,1,3127.8,39,1,3128.0,549,2,3128.1,217,3,3128.2,70,2
2031,2026-06-16 11:19:51+05:30,3127.3,3,3130.64,1579151,133881.0,216597.0,3163.0,3163.0,3108.0,3134.3,31900800,3447.7,2820.9,3839.9,2896.0,3127.2,42,1,3127.1,2,2,3127.0,1126,5,3126.8,57,3,3126.7,101,3,3127.3,328,1,3127.8,39,1,3128.0,549,2,3128.1,217,3,3128.2,70,2
2031,2026-06-16 11:19:51+05:30,3127.3,3,3130.64,1579151,133881.0,216597.0,3163.0,3163.0,3108.0,3134.3,31900800,3447.7,2820.9,3839.9,2896.0,3127.2,42,1,3127.1,2,2,3127.0,1126,5,3126.8,57,3,3126.7,101,3,3127.3,328,1,3127.8,39,1,3128.0,549,2,3128.1,217,3,3128.2,70,2
2031,2026-06-16 11:19:52+05:30,3127.1,1,3130.64,1579151,133881.0,216597.0,3163.0,3163.0,3108.0,3134.3,31900800,3447.7,2820.9,3839.9,2896.0,3127.2,42,1,3127.1,2,2,3127.0,1126,5,3126.8,57,3,3126.7,101,3,3127.3,328,1,3127.8,39,1,3128.0,549,2,3128.1,217,3,3128.2,70,2
2031,2026-06-16 11:19:52+05:30,3127.1,1,3130.64,1579195,133934.0,216577.0,3163.0,3163.0,3108.0,3134.3,31900800,3447.7,2820.9,3839.9,2896.0,3127.1,1,1,3127.0,1126,5,3126.8,38,2,3126.7,73,4,3126.6,62,2,3127.3,328,1,3127.8,39,1,3128.0,741,3,3128.1,25,2,3128.2,268,3
2031,2026-06-16 11:19:52+05:30,3127.1,1,3130.64,1579195,133934.0,216577.0,3163.0,3163.0,3108.0,3134.3,31900800,3447.7,2820.9,3839.9,2896.0,3127.1,1,1,3127.0,1126,5,3126.8,38,2,3126.7,73,4,3126.6,62,2,3127.3,328,1,3127.8,39,1,3128.0,741,3,3128.1,25,2,3128.2,268,3
2031,2026-06-16 11:19:53+05:30,3127.1,1,3130.64,1579195,133934.0,216577.0,3163.0,3163.0,3108.0,3134.3,31900800,3447.7,2820.9,3839.9,2896.0,3127.1,1,1,3127.0,1126,5,3126.8,38,2,3126.7,73,4,3126.6,62,2,3127.3,328,1,3127.8,39,1,3128.0,741,3,3128.1,25,2,3128.2,268,3
2031,2026-06-16 11:19:53+05:30,3127.2,1,3130.64,1579196,133745.0,216736.0,3163.0,3163.0,3108.0,3134.3,31900800,3447.7,2820.9,3839.9,2896.0,3127.1,17,2,3127.0,1136,6,3126.8,38,2,3126.7,95,3,3126.6,43,2,3127.2,3,1,3127.3,328,1,3127.8,39,1,3128.0,741,3,3128.1,25,2
2031,2026-06-16 11:19:54+05:30,3127.2,1,3130.64,1579196,133745.0,216736.0,3163.0,3163.0,3108.0,3134.3,31900800,3447.7,2820.9,3839.9,2896.0,3127.1,17,2,3127.0,1136,6,3126.8,38,2,3126.7,95,3,3126.6,43,2,3127.2,3,1,3127.3,328,1,3127.8,39,1,3128.0,741,3,3128.1,25,2
2031,2026-06-16 11:19:54+05:30,3127.1,5,3130.64,1579196,133745.0,216736.0,3163.0,3163.0,3108.0,3134.3,31900800,3447.7,2820.9,3839.9,2896.0,3127.1,17,2,3127.0,1136,6,3126.8,38,2,3126.7,95,3,3126.6,43,2,3127.2,3,1,3127.3,328,1,3127.8,39,1,3128.0,741,3,3128.1,25,2
2031,2026-06-16 11:19:54+05:30,3127.1,5,3130.64,1579229,133031.0,217584.0,3163.0,3163.0,3108.0,3134.3,31900800,3447.7,2820.9,3839.9,2896.0,3127.1,16,1,3127.0,1104,5,3126.8,6,1,3126.7,43,2,3126.6,11,1,3127.2,62,6,3127.3,328,1,3127.4,83,3,3127.5,192,1,3127.6,123,4
2031,2026-06-16 11:19:55+05:30,3127.1,5,3130.64,1579229,133031.0,217584.0,3163.0,3163.0,3108.0,3134.3,31900800,3447.7,2820.9,3839.9,2896.0,3127.1,16,1,3127.0,1104,5,3126.8,6,1,3126.7,43,2,3126.6,11,1,3127.2,62,6,3127.3,328,1,3127.4,83,3,3127.5,192,1,3127.6,123,4
2031,2026-06-16 11:19:55+05:30,3127.2,7,3130.64,1579229,133031.0,217584.0,3163.0,3163.0,3108.0,3134.3,31900800,3447.7,2820.9,3839.9,2896.0,3127.1,16,1,3127.0,1104,5,3126.8,6,1,3126.7,43,2,3126.6,11,1,3127.2,62,6,3127.3,328,1,3127.4,83,3,3127.5,192,1,3127.6,123,4
2031,2026-06-16 11:19:55+05:30,3127.2,7,3130.64,1579481,133081.0,218069.0,3163.0,3163.0,3108.0,3134.3,31900800,3447.7,2820.9,3839.9,2896.0,3127.1,27,1,3127.0,1016,6,3126.8,6,1,3126.7,43,2,3126.5,48,1,3127.2,7,1,3127.3,328,1,3127.4,23,2,3127.5,51,2,3127.6,66,2
2031,2026-06-16 11:19:55+05:30,3127.2,7,3130.64,1579481,133081.0,218069.0,3163.0,3163.0,3108.0,3134.3,31900800,3447.7,2820.9,3839.9,2896.0,3127.1,27,1,3127.0,1016,6,3126.8,6,1,3126.7,43,2,3126.5,48,1,3127.2,7,1,3127.3,328,1,3127.4,23,2,3127.5,51,2,3127.6,66,2
2031,2026-06-16 11:19:56+05:30,3127.2,1,3130.64,1579481,133081.0,218069.0,3163.0,3163.0,3108.0,3134.3,31900800,3447.7,2820.9,3839.9,2896.0,3127.1,27,1,3127.0,1016,6,3126.8,6,1,3126.7,43,2,3126.5,48,1,3127.2,7,1,3127.3,328,1,3127.4,23,2,3127.5,51,2,3127.6,66,2
2031,2026-06-16 11:19:56+05:30,3127.2,1,3130.64,1579482,133099.0,218106.0,3163.0,3163.0,3108.0,3134.3,31900800,3447.7,2820.9,3839.9,2896.0,3127.1,27,1,3127.0,1016,6,3126.8,6,1,3126.7,43,2,3126.5,48,1,3127.2,8,2,3127.3,328,1,3127.4,4,1,3127.6,47,1,3127.7,178,4
2031,2026-06-16 11:19:56+05:30,3127.2,1,3130.64,1579482,133099.0,218106.0,3163.0,3163.0,3108.0,3134.3,31900800,3447.7,2820.9,3839.9,2896.0,3127.1,27,1,3127.0,1016,6,3126.8,6,1,3126.7,43,2,3126.5,48,1,3127.2,8,2,3127.3,328,1,3127.4,4,1,3127.6,47,1,3127.7,178,4
2031,2026-06-16 11:19:57+05:30,3127.2,1,3130.64,1579482,133099.0,218107.0,3163.0,3163.0,3108.0,3134.3,31900800,3447.7,2820.9,3839.9,2896.0,3127.1,27,1,3127.0,1016,6,3126.8,6,1,3126.7,43,2,3126.5,48,1,3127.2,8,2,3127.3,328,1,3127.4,36,2,3127.6,79,2,3127.7,146,3
2031,2026-06-16 11:19:57+05:30,3127.2,1,3130.64,1579482,133099.0,218107.0,3163.0,3163.0,3108.0,3134.3,31900800,3447.7,2820.9,3839.9,2896.0,3127.1,27,1,3127.0,1016,6,3126.8,6,1,3126.7,43,2,3126.5,48,1,3127.2,8,2,3127.3,328,1,3127.4,36,2,3127.6,79,2,3127.7,146,3
2031,2026-06-16 11:19:58+05:30,3127.2,1,3130.64,1579482,133099.0,218107.0,3163.0,3163.0,3108.0,3134.3,31900800,3447.7,2820.9,3839.9,2896.0,3127.1,27,1,3127.0,1016,6,3126.8,6,1,3126.7,43,2,3126.5,48,1,3127.2,8,2,3127.3,328,1,3127.4,36,2,3127.6,79,2,3127.7,146,3
2031,2026-06-16 11:19:58+05:30,3127.2,1,3130.64,1579482,133116.0,218076.0,3163.0,3163.0,3108.0,3134.3,31900800,3447.7,2820.9,3839.9,2896.0,3127.1,44,2,3127.0,1016,6,3126.8,6,1,3126.7,43,2,3126.5,48,1,3127.2,8,2,3127.3,328,1,3127.4,4,1,3127.6,47,1,3127.7,146,3
2031,2026-06-16 11:19:59+05:30,3127.2,1,3130.64,1579482,133116.0,218076.0,3163.0,3163.0,3108.0,3134.3,31901000,3447.7,2820.9,3839.9,2896.0,3127.1,44,2,3127.0,1016,6,3126.8,6,1,3126.7,43,2,3126.5,48,1,3127.2,8,2,3127.3,328,1,3127.4,4,1,3127.6,47,1,3127.7,146,3
2031,2026-06-16 11:19:59+05:30,3127.2,1,3130.64,1579482,133111.0,217875.0,3163.0,3163.0,3108.0,3134.3,31901000,3447.7,2820.9,3839.9,2896.0,3127.1,44,2,3127.0,1016,6,3126.8,6,1,3126.7,43,2,3126.5,48,1,3127.2,8,2,3127.3,328,1,3127.4,4,1,3127.6,47,1,3127.7,146,3
2031,2026-06-16 11:20:00+05:30,3127.0,43,3130.64,1579482,133111.0,217875.0,3163.0,3163.0,3108.0,3134.3,31901000,3447.7,2820.9,3839.9,2896.0,3127.1,44,2,3127.0,1016,6,3126.8,6,1,3126.7,43,2,3126.5,48,1,3127.2,8,2,3127.3,328,1,3127.4,4,1,3127.6,47,1,3127.7,146,3
2031,2026-06-16 11:20:00+05:30,3127.1,2,3130.64,1581955,130225.0,218251.0,3163.0,3163.0,3108.0,3134.3,31901000,3447.7,2820.9,3839.9,2896.0,3127.0,25,1,3126.5,48,1,3126.3,3,1,3126.2,2,1,3126.1,109,4,3127.1,199,2,3127.2,290,4,3127.3,365,2,3127.5,133,4,3127.6,212,4
2031,2026-06-16 11:20:01+05:30,3127.0,32,3130.64,1581955,130225.0,218251.0,3163.0,3163.0,3108.0,3134.3,31901000,3447.7,2820.9,3839.9,2896.0,3127.0,25,1,3126.5,48,1,3126.3,3,1,3126.2,2,1,3126.1,109,4,3127.1,199,2,3127.2,290,4,3127.3,365,2,3127.5,133,4,3127.6,212,4
2031,2026-06-16 11:20:01+05:30,3127.1,1,3130.63,1583878,130333.0,219043.0,3163.0,3163.0,3108.0,3134.3,31901000,3447.7,2820.9,3839.9,2896.0,3127.0,4,1,3126.5,48,1,3126.3,3,1,3126.2,2,1,3126.1,109,4,3127.1,197,4,3127.2,349,7,3127.3,328,1,3127.4,91,3,3127.5,323,7
2031,2026-06-16 11:20:02+05:30,3127.1,2,3130.63,1583878,130333.0,219043.0,3163.0,3163.0,3108.0,3134.3,31901000,3447.7,2820.9,3839.9,2896.0,3127.0,4,1,3126.5,48,1,3126.3,3,1,3126.2,2,1,3126.1,109,4,3127.1,197,4,3127.2,349,7,3127.3,328,1,3127.4,91,3,3127.5,323,7
2031,2026-06-16 11:20:02+05:30,3127.1,2,3130.63,1584137,131095.0,219850.0,3163.0,3163.0,3108.0,3134.3,31901000,3447.7,2820.9,3839.9,2896.0,3127.0,13,2,3126.5,48,1,3126.3,3,1,3126.2,2,1,3126.1,109,4,3127.1,365,8,3127.2,311,6,3127.3,528,2,3127.4,222,5,3127.5,300,7
2031,2026-06-16 11:20:03+05:30,3127.1,18,3130.63,1584137,131095.0,219850.0,3163.0,3163.0,3108.0,3134.3,31901000,3447.7,2820.9,3839.9,2896.0,3127.0,13,2,3126.5,48,1,3126.3,3,1,3126.2,2,1,3126.1,109,4,3127.1,365,8,3127.2,311,6,3127.3,528,2,3127.4,222,5,3127.5,300,7
2031,2026-06-16 11:20:03+05:30,3127.1,18,3130.63,1584183,131185.0,219617.0,3163.0,3163.0,3108.0,3134.3,31901000,3447.7,2820.9,3839.9,2896.0,3127.0,4,1,3126.5,48,1,3126.3,3,1,3126.2,2,1,3126.1,109,4,3127.1,341,7,3127.2,329,6,3127.3,328,1,3127.4,308,5,3127.5,272,8
2031,2026-06-16 11:20:04+05:30,3127.0,5,3130.63,1584183,131185.0,219617.0,3163.0,3163.0,3108.0,3134.3,31901000,3447.7,2820.9,3839.9,2896.0,3127.0,4,1,3126.5,48,1,3126.3,3,1,3126.2,2,1,3126.1,109,4,3127.1,341,7,3127.2,329,6,3127.3,328,1,3127.4,308,5,3127.5,272,8
2031,2026-06-16 11:20:04+05:30,3127.0,1,3130.63,1584189,131310.0,219501.0,3163.0,3163.0,3108.0,3134.3,31901000,3447.7,2820.9,3839.9,2896.0,3127.0,22,2,3126.5,48,1,3126.3,3,1,3126.2,2,1,3126.1,109,4,3127.1,267,5,3127.2,266,4,3127.3,365,2,3127.4,219,2,3127.5,267,7
2031,2026-06-16 11:20:05+05:30,3127.0,1,3130.63,1584189,131310.0,219501.0,3163.0,3163.0,3108.0,3134.3,31901000,3447.7,2820.9,3839.9,2896.0,3127.0,22,2,3126.5,48,1,3126.3,3,1,3126.2,2,1,3126.1,109,4,3127.1,267,5,3127.2,266,4,3127.3,365,2,3127.4,219,2,3127.5,267,7
2031,2026-06-16 11:20:05+05:30,3127.0,18,3130.63,1584371,130637.0,219079.0,3163.0,3163.0,3108.0,3134.3,31901000,3447.7,2820.9,3839.9,2896.0,3127.0,2,2,3126.5,48,1,3126.3,3,1,3126.2,2,1,3126.1,109,4,3127.1,104,4,3127.2,266,4,3127.3,383,3,3127.5,343,6,3127.6,299,6
2031,2026-06-16 11:20:06+05:30,3127.0,18,3130.63,1584371,130637.0,219079.0,3163.0,3163.0,3108.0,3134.3,31901000,3447.7,2820.9,3839.9,2896.0,3127.0,2,2,3126.5,48,1,3126.3,3,1,3126.2,2,1,3126.1,109,4,3127.1,104,4,3127.2,266,4,3127.3,383,3,3127.5,343,6,3127.6,299,6
2031,2026-06-16 11:20:07+05:30,3127.1,1,3130.63,1584375,130735.0,219314.0,3163.0,3163.0,3108.0,3134.3,31901000,3447.7,2820.9,3839.9,2896.0,3127.0,19,1,3126.5,48,1,3126.3,3,1,3126.2,2,1,3126.1,109,4,3127.1,163,6,3127.2,266,4,3127.3,342,2,3127.4,250,2,3127.5,233,6
2031,2026-06-16 11:20:07+05:30,3127.1,3,3130.63,1584375,130735.0,219314.0,3163.0,3163.0,3108.0,3134.3,31901000,3447.7,2820.9,3839.9,2896.0,3127.0,19,1,3126.5,48,1,3126.3,3,1,3126.2,2,1,3126.1,109,4,3127.1,163,6,3127.2,266,4,3127.3,342,2,3127.4,250,2,3127.5,233,6
2031,2026-06-16 11:20:08+05:30,3127.0,1,3130.63,1584379,130736.0,219351.0,3163.0,3163.0,3108.0,3134.3,31901000,3447.7,2820.9,3839.9,2896.0,3127.0,18,1,3126.5,48,1,3126.3,3,1,3126.2,2,1,3126.1,109,4,3127.1,160,6,3127.2,285,5,3127.3,342,2,3127.4,269,3,3127.5,233,6
2031,2026-06-16 11:20:08+05:30,3127.0,1,3130.63,1584379,130736.0,219351.0,3163.0,3163.0,3108.0,3134.3,31901000,3447.7,2820.9,3839.9,2896.0,3127.0,18,1,3126.5,48,1,3126.3,3,1,3126.2,2,1,3126.1,109,4,3127.1,160,6,3127.2,285,5,3127.3,342,2,3127.4,269,3,3127.5,233,6
2031,2026-06-16 11:20:09+05:30,3127.0,1,3130.63,1584379,131407.0,219012.0,3163.0,3163.0,3108.0,3134.3,31901000,3447.7,2820.9,3839.9,2896.0,3127.0,56,2,3126.5,48,1,3126.3,3,1,3126.2,2,1,3126.1,109,4,3127.1,140,7,3127.2,247,3,3127.3,328,1,3127.4,250,2,3127.5,114,1
2031,2026-06-16 11:20:10+05:30,3127.0,1,3130.63,1584379,131395.0,218928.0,3163.0,3163.0,3108.0,3134.3,31901000,3447.7,2820.9,3839.9,2896.0,3127.0,121,3,3126.5,48,1,3126.3,3,1,3126.2,2,1,3126.1,109,4,3127.1,135,6,3127.2,211,2,3127.3,328,1,3127.4,200,1,3127.5,114,1
2031,2026-06-16 11:20:11+05:30,3127.0,1,3130.63,1584379,131455.0,218932.0,3163.0,3163.0,3108.0,3134.3,31901000,3447.7,2820.9,3839.9,2896.0,3127.0,121,3,3126.5,48,1,3126.3,3,1,3126.2,2,1,3126.1,109,4,3127.1,135,6,3127.2,211,2,3127.3,328,1,3127.4,200,1,3127.5,114,1
2031,2026-06-16 11:20:12+05:30,3127.1,1,3130.63,1584379,131455.0,218932.0,3163.0,3163.0,3108.0,3134.3,31901000,3447.7,2820.9,3839.9,2896.0,3127.0,121,3,3126.5,48,1,3126.3,3,1,3126.2,2,1,3126.1,109,4,3127.1,135,6,3127.2,211,2,3127.3,328,1,3127.4,200,1,3127.5,114,1
2031,2026-06-16 11:20:12+05:30,3127.1,1,3130.63,1584380,131392.0,218902.0,3163.0,3163.0,3108.0,3134.3,31901000,3447.7,2820.9,3839.9,2896.0,3127.0,121,3,3126.5,48,1,3126.3,3,1,3126.2,2,1,3126.1,109,4,3127.1,134,6,3127.2,211,2,3127.3,328,1,3127.4,200,1,3127.5,149,2
2031,2026-06-16 11:20:13+05:30,3127.1,1,3130.63,1584380,131392.0,218902.0,3163.0,3163.0,3108.0,3134.3,31901000,3447.7,2820.9,3839.9,2896.0,3127.0,121,3,3126.5,48,1,3126.3,3,1,3126.2,2,1,3126.1,109,4,3127.1,134,6,3127.2,211,2,3127.3,328,1,3127.4,200,1,3127.5,149,2
2031,2026-06-16 11:20:13+05:30,3127.1,2,3130.63,1584518,131411.0,218711.0,3163.0,3163.0,3108.0,3134.3,31901000,3447.7,2820.9,3839.9,2896.0,3127.0,120,3,3126.5,48,1,3126.3,3,1,3126.2,2,1,3126.1,109,4,3127.2,246,3,3127.3,328,1,3127.4,235,2,3127.5,114,1,3127.6,304,4
2031,2026-06-16 11:20:14+05:30,3127.1,2,3130.63,1584518,131411.0,218711.0,3163.0,3163.0,3108.0,3134.3,31901000,3447.7,2820.9,3839.9,2896.0,3127.0,120,3,3126.5,48,1,3126.3,3,1,3126.2,2,1,3126.1,109,4,3127.2,246,3,3127.3,328,1,3127.4,235,2,3127.5,114,1,3127.6,304,4
2031,2026-06-16 11:20:14+05:30,3127.1,1,3130.63,1584519,131531.0,218719.0,3163.0,3163.0,3108.0,3134.3,31901000,3447.7,2820.9,3839.9,2896.0,3127.0,120,3,3126.5,48,1,3126.3,3,1,3126.2,2,1,3126.1,225,7,3127.1,14,1,3127.2,246,3,3127.3,328,1,3127.4,254,3,3127.5,114,1
2031,2026-06-16 11:20:15+05:30,3127.1,1,3130.63,1584519,131531.0,218719.0,3163.0,3163.0,3108.0,3134.3,31901000,3447.7,2820.9,3839.9,2896.0,3127.0,120,3,3126.5,48,1,3126.3,3,1,3126.2,2,1,3126.1,225,7,3127.1,14,1,3127.2,246,3,3127.3,328,1,3127.4,254,3,3127.5,114,1
2031,2026-06-16 11:20:15+05:30,3127.1,2,3130.63,1584524,131653.0,218105.0,3163.0,3163.0,3108.0,3134.3,31901000,3447.7,2820.9,3839.9,2896.0,3127.0,121,4,3126.7,19,1,3126.5,48,1,3126.4,50,2,3126.3,3,1,3127.1,30,2,3127.2,211,2,3127.3,328,1,3127.6,200,1,3127.7,131,2
2031,2026-06-16 11:20:16+05:30,3127.0,1,3130.63,1584524,131653.0,218105.0,3163.0,3163.0,3108.0,3134.3,31901000,3447.7,2820.9,3839.9,2896.0,3127.0,121,4,3126.7,19,1,3126.5,48,1,3126.4,50,2,3126.3,3,1,3127.1,30,2,3127.2,211,2,3127.3,328,1,3127.6,200,1,3127.7,131,2
2031,2026-06-16 11:20:16+05:30,3127.0,1,3130.63,1584525,131709.0,218496.0,3163.0,3163.0,3108.0,3134.3,31901000,3447.7,2820.9,3839.9,2896.0,3127.0,120,4,3126.9,19,1,3126.8,31,1,3126.6,58,3,3126.5,48,1,3127.1,30,2,3127.2,211,2,3127.3,328,1,3127.6,200,1,3127.7,114,1
2031,2026-06-16 11:20:17+05:30,3127.1,1,3130.63,1584526,131798.0,218401.0,3163.0,3163.0,3108.0,3134.3,31901000,3447.7,2820.9,3839.9,2896.0,3127.0,146,6,3126.9,31,1,3126.8,19,1,3126.6,58,3,3126.5,48,1,3127.1,33,3,3127.2,211,2,3127.3,328,1,3127.7,200,1,3127.8,312,2
2031,2026-06-16 11:20:18+05:30,3127.1,1,3130.63,1584526,131798.0,218401.0,3163.0,3163.0,3108.0,3134.3,31901000,3447.7,2820.9,3839.9,2896.0,3127.0,146,6,3126.9,31,1,3126.8,19,1,3126.6,58,3,3126.5,48,1,3127.1,33,3,3127.2,211,2,3127.3,328,1,3127.7,200,1,3127.8,312,2
2031,2026-06-16 11:20:18+05:30,3127.1,1,3130.63,1584526,132173.0,218418.0,3163.0,3163.0,3108.0,3134.3,31901000,3447.7,2820.9,3839.9,2896.0,3127.0,81,5,3126.9,31,1,3126.6,58,3,3126.5,48,1,3126.4,125,4,3127.1,35,4,3127.2,211,2,3127.3,328,1,3127.7,217,2,3127.8,114,1
2031,2026-06-16 11:20:19+05:30,3127.0,8,3130.63,1584526,132173.0,218418.0,3163.0,3163.0,3108.0,3134.3,31901000,3447.7,2820.9,3839.9,2896.0,3127.0,81,5,3126.9,31,1,3126.6,58,3,3126.5,48,1,3126.4,125,4,3127.1,35,4,3127.2,211,2,3127.3,328,1,3127.7,217,2,3127.8,114,1
2031,2026-06-16 11:20:20+05:30,3127.0,1,3130.63,1584536,132046.0,218453.0,3163.0,3163.0,3108.0,3134.3,31901000,3447.7,2820.9,3839.9,2896.0,3127.0,72,5,3126.6,39,2,3126.5,48,1,3126.4,106,3,3126.3,3,1,3127.1,63,4,3127.2,211,2,3127.3,328,1,3127.7,217,2,3127.8,114,1
2031,2026-06-16 11:20:20+05:30,3127.0,1,3130.63,1584536,132046.0,218453.0,3163.0,3163.0,3108.0,3134.3,31901000,3447.7,2820.9,3839.9,2896.0,3127.0,72,5,3126.6,39,2,3126.5,48,1,3126.4,106,3,3126.3,3,1,3127.1,63,4,3127.2,211,2,3127.3,328,1,3127.7,217,2,3127.8,114,1
2031,2026-06-16 11:20:21+05:30,3127.1,37,3130.63,1584599,132073.0,218395.0,3163.0,3163.0,3108.0,3134.3,31901000,3447.7,2820.9,3839.9,2896.0,3127.1,3,1,3127.0,72,5,3126.6,39,2,3126.5,48,1,3126.4,106,3,3127.2,211,2,3127.3,328,1,3127.6,34,1,3127.7,217,2,3127.8,148,2
2031,2026-06-16 11:20:21+05:30,3127.1,37,3130.63,1584599,132073.0,218395.0,3163.0,3163.0,3108.0,3134.3,31901000,3447.7,2820.9,3839.9,2896.0,3127.1,3,1,3127.0,72,5,3126.6,39,2,3126.5,48,1,3126.4,106,3,3127.2,211,2,3127.3,328,1,3127.6,34,1,3127.7,217,2,3127.8,148,2
2031,2026-06-16 11:20:22+05:30,3127.0,1,3130.63,1584873,130427.0,218792.0,3163.0,3163.0,3108.0,3134.3,31901000,3447.7,2820.9,3839.9,2896.0,3126.5,48,1,3126.3,3,1,3126.2,2,1,3126.1,139,4,3126.0,87,4,3126.6,105,1,3127.0,200,1,3127.1,200,1,3127.2,153,3,3127.3,328,1
2031,2026-06-16 11:20:22+05:30,3126.6,99,3130.63,1584873,130427.0,218792.0,3163.0,3163.0,3108.0,3134.3,31901000,3447.7,2820.9,3839.9,2896.0,3126.5,48,1,3126.3,3,1,3126.2,2,1,3126.1,139,4,3126.0,87,4,3126.6,105,1,3127.0,200,1,3127.1,200,1,3127.2,153,3,3127.3,328,1
2031,2026-06-16 11:20:23+05:30,3127.2,1,3130.63,1585582,132416.0,218550.0,3163.0,3163.0,3108.0,3134.3,31901000,3447.7,2820.9,3839.9,2896.0,3127.0,693,2,3126.5,29,1,3126.3,3,1,3126.2,52,3,3126.1,159,5,3127.1,108,1,3127.2,38,2,3127.3,328,1,3127.4,35,1,3127.5,21,3
2031,2026-06-16 11:20:23+05:30,3127.2,1,3130.63,1585582,132416.0,218550.0,3163.0,3163.0,3108.0,3134.3,31901000,3447.7,2820.9,3839.9,2896.0,3127.0,693,2,3126.5,29,1,3126.3,3,1,3126.2,52,3,3126.1,159,5,3127.1,108,1,3127.2,38,2,3127.3,328,1,3127.4,35,1,3127.5,21,3
2031,2026-06-16 11:20:24+05:30,3126.6,6,3130.63,1586434,130811.0,218926.0,3163.0,3163.0,3108.0,3134.3,31901000,3447.7,2820.9,3839.9,2896.0,3126.5,29,1,3126.3,3,1,3126.2,2,1,3126.1,108,3,3126.0,71,3,3126.6,50,1,3126.7,189,1,3127.1,96,2,3127.2,291,4,3127.3,515,5
2031,2026-06-16 11:20:24+05:30,3126.7,189,3130.63,1586434,130811.0,218926.0,3163.0,3163.0,3108.0,3134.3,31901000,3447.7,2820.9,3839.9,2896.0,3126.5,29,1,3126.3,3,1,3126.2,2,1,3126.1,108,3,3126.0,71,3,3126.6,50,1,3126.7,189,1,3127.1,96,2,3127.2,291,4,3127.3,515,5
2031,2026-06-16 11:20:24+05:30,3127.0,200,3130.63,1586903,132557.0,219178.0,3163.0,3163.0,3108.0,3134.3,31901000,3447.7,2820.9,3839.9,2896.0,3127.0,714,3,3126.5,101,2,3126.4,68,3,3126.3,25,2,3126.2,76,4,3127.1,39,1,3127.2,291,4,3127.3,442,2,3127.4,245,2,3127.5,59,1
2031,2026-06-16 11:20:25+05:30,3127.1,25,3130.63,1586903,132557.0,219178.0,3163.0,3163.0,3108.0,3134.3,31901000,3447.7,2820.9,3839.9,2896.0,3127.0,714,3,3126.5,101,2,3126.4,68,3,3126.3,25,2,3126.2,76,4,3127.1,39,1,3127.2,291,4,3127.3,442,2,3127.4,245,2,3127.5,59,1
2031,2026-06-16 11:20:25+05:30,3127.1,1,3130.63,1587129,132736.0,219349.0,3163.0,3163.0,3108.0,3134.3,31901000,3447.7,2820.9,3839.9,2896.0,3127.0,514,3,3126.5,101,2,3126.4,68,3,3126.3,25,2,3126.2,76,4,3127.1,49,1,3127.2,238,3,3127.3,442,2,3127.4,245,2,3127.5,64,2
2031,2026-06-16 11:20:26+05:30,3127.1,1,3130.63,1587129,132736.0,219349.0,3163.0,3163.0,3108.0,3134.3,31901000,3447.7,2820.9,3839.9,2896.0,3127.0,514,3,3126.5,101,2,3126.4,68,3,3126.3,25,2,3126.2,76,4,3127.1,49,1,3127.2,238,3,3127.3,442,2,3127.4,245,2,3127.5,64,2
2031,2026-06-16 11:20:26+05:30,3127.0,10,3130.63,1587140,132853.0,219347.0,3163.0,3163.0,3108.0,3134.3,31901000,3447.7,2820.9,3839.9,2896.0,3127.0,689,4,3126.7,31,1,3126.6,19,1,3126.5,101,2,3126.4,68,3,3127.1,49,1,3127.2,238,3,3127.3,442,2,3127.4,245,2,3127.5,64,2
2031,2026-06-16 11:20:27+05:30,3127.0,10,3130.63,1587140,132853.0,219347.0,3163.0,3163.0,3108.0,3134.3,31901000,3447.7,2820.9,3839.9,2896.0,3127.0,689,4,3126.7,31,1,3126.6,19,1,3126.5,101,2,3126.4,68,3,3127.1,49,1,3127.2,238,3,3127.3,442,2,3127.4,245,2,3127.5,64,2
2031,2026-06-16 11:20:27+05:30,3127.0,1,3130.63,1587141,132969.0,217342.0,3163.0,3163.0,3108.0,3134.3,31901000,3447.7,2820.9,3839.9,2896.0,3127.0,688,4,3126.9,31,1,3126.8,25,2,3126.6,68,3,3126.5,101,2,3127.1,76,2,3127.2,238,3,3127.3,442,2,3127.4,245,2,3127.5,64,2
2031,2026-06-16 11:20:28+05:30,3127.1,1,3130.63,1587141,132969.0,217342.0,3163.0,3163.0,3108.0,3134.3,31901000,3447.7,2820.9,3839.9,2896.0,3127.0,688,4,3126.9,31,1,3126.8,25,2,3126.6,68,3,3126.5,101,2,3127.1,76,2,3127.2,238,3,3127.3,442,2,3127.4,245,2,3127.5,64,2
2031,2026-06-16 11:20:29+05:30,3127.0,8,3130.63,1587225,133005.0,218586.0,3163.0,3163.0,3108.0,3134.3,31901000,3447.7,2820.9,3839.9,2896.0,3127.0,680,4,3126.9,31,1,3126.8,6,1,3126.6,68,3,3126.5,194,4,3127.1,39,1,3127.2,238,3,3127.3,442,2,3127.4,245,2,3127.5,64,2
2031,2026-06-16 11:20:29+05:30,3127.0,8,3130.63,1587225,133005.0,218586.0,3163.0,3163.0,3108.0,3134.3,31901000,3447.7,2820.9,3839.9,2896.0,3127.0,680,4,3126.9,31,1,3126.8,6,1,3126.6,68,3,3126.5,194,4,3127.1,39,1,3127.2,238,3,3127.3,442,2,3127.4,245,2,3127.5,64,2
2031,2026-06-16 11:20:30+05:30,3127.0,1,3130.63,1587226,132970.0,218988.0,3163.0,3163.0,3108.0,3134.3,31901000,3447.7,2820.9,3839.9,2896.0,3127.0,684,5,3126.8,6,1,3126.7,31,1,3126.6,37,2,3126.5,138,3,3127.1,39,1,3127.2,238,3,3127.3,442,2,3127.4,245,2,3127.5,64,2
2031,2026-06-16 11:20:30+05:30,3127.0,1,3130.63,1587226,132970.0,218988.0,3163.0,3163.0,3108.0,3134.3,31901000,3447.7,2820.9,3839.9,2896.0,3127.0,684,5,3126.8,6,1,3126.7,31,1,3126.6,37,2,3126.5,138,3,3127.1,39,1,3127.2,238,3,3127.3,442,2,3127.4,245,2,3127.5,64,2
2031,2026-06-16 11:20:31+05:30,3127.0,1,3130.63,1587231,133098.0,219201.0,3163.0,3163.0,3108.0,3134.3,31901000,3447.7,2820.9,3839.9,2896.0,3127.0,741,9,3126.8,56,3,3126.6,50,2,3126.5,138,3,3126.4,84,3,3127.1,38,2,3127.2,238,3,3127.3,442,2,3127.4,245,2,3127.5,64,2
2031,2026-06-16 11:20:31+05:30,3127.0,250,3130.63,1587231,133098.0,219201.0,3163.0,3163.0,3108.0,3134.3,31901000,3447.7,2820.9,3839.9,2896.0,3127.0,741,9,3126.8,56,3,3126.6,50,2,3126.5,138,3,3126.4,84,3,3127.1,38,2,3127.2,238,3,3127.3,442,2,3127.4,245,2,3127.5,64,2
2031,2026-06-16 11:20:32+05:30,3127.2,4,3130.62,1587612,132913.0,218750.0,3163.0,3163.0,3108.0,3134.3,31901000,3447.7,2820.9,3839.9,2896.0,3127.0,450,9,3126.8,56,3,3126.7,11,1,3126.6,50,2,3126.5,154,4,3127.2,196,1,3127.3,442,2,3127.4,198,1,3127.6,4,1,3127.9,211,1
2031,2026-06-16 11:20:32+05:30,3127.2,4,3130.62,1587612,132913.0,218750.0,3163.0,3163.0,3108.0,3134.3,31901000,3447.7,2820.9,3839.9,2896.0,3127.0,450,9,3126.8,56,3,3126.7,11,1,3126.6,50,2,3126.5,154,4,3127.2,196,1,3127.3,442,2,3127.4,198,1,3127.6,4,1,3127.9,211,1
2031,2026-06-16 11:20:33+05:30,3127.0,71,3130.62,1587612,132913.0,218750.0,3163.0,3163.0,3108.0,3134.3,31901000,3447.7,2820.9,3839.9,2896.0,3127.0,450,9,3126.8,56,3,3126.7,11,1,3126.6,50,2,3126.5,154,4,3127.2,196,1,3127.3,442,2,3127.4,198,1,3127.6,4,1,3127.9,211,1
2031,2026-06-16 11:20:33+05:30,3127.1,1,3130.62,1587688,132643.0,218764.0,3163.0,3163.0,3108.0,3134.3,31901000,3447.7,2820.9,3839.9,2896.0,3127.0,345,8,3126.8,37,2,3126.6,50,2,3126.5,154,4,3126.4,50,2,3127.1,9,1,3127.2,195,1,3127.3,442,2,3127.4,198,1,3127.6,4,1
2031,2026-06-16 11:20:34+05:30,3127.0,19,3130.62,1587900,132617.0,218522.0,3163.0,3163.0,3108.0,3134.3,31901000,3447.7,2820.9,3839.9,2896.0,3127.0,300,7,3126.8,37,2,3126.6,50,2,3126.5,154,4,3126.4,50,2,3127.3,442,2,3127.4,198,1,3127.5,4,1,3127.9,234,3,3128.0,793,6
2031,2026-06-16 11:20:34+05:30,3127.0,19,3130.62,1587900,132617.0,218522.0,3163.0,3163.0,3108.0,3134.3,31901000,3447.7,2820.9,3839.9,2896.0,3127.0,300,7,3126.8,37,2,3126.6,50,2,3126.5,154,4,3126.4,50,2,3127.3,442,2,3127.4,198,1,3127.5,4,1,3127.9,234,3,3128.0,793,6
2031,2026-06-16 11:20:35+05:30,3127.0,19,3130.62,1587900,132546.0,218814.0,3163.0,3163.0,3108.0,3134.3,31901000,3447.7,2820.9,3839.9,2896.0,3127.0,318,9,3126.8,37,2,3126.6,31,1,3126.5,154,4,3126.4,31,1,3127.2,23,1,3127.3,443,3,3127.4,198,1,3127.5,11,2,3127.9,234,3
2031,2026-06-16 11:20:36+05:30,3127.0,19,3130.62,1587900,132571.0,218850.0,3163.0,3163.0,3108.0,3134.3,31901000,3447.7,2820.9,3839.9,2896.0,3127.0,318,9,3126.8,6,1,3126.5,169,4,3126.3,81,3,3126.2,76,4,3127.2,58,2,3127.3,443,3,3127.4,198,1,3127.5,11,2,3127.9,234,3
2031,2026-06-16 11:20:37+05:30,3127.0,19,3130.62,1587900,132581.0,218861.0,3163.0,3163.0,3108.0,3134.3,31901000,3447.7,2820.9,3839.9,2896.0,3127.0,318,9,3126.8,6,1,3126.5,169,4,3126.4,19,1,3126.3,81,3,3127.2,59,3,3127.3,442,2,3127.4,198,1,3127.5,11,2,3127.9,234,3
2031,2026-06-16 11:20:38+05:30,3127.0,19,3130.62,1587900,132974.0,218768.0,3163.0,3163.0,3108.0,3134.3,31901000,3447.7,2820.9,3839.9,2896.0,3127.1,11,2,3127.0,329,9,3126.8,37,2,3126.7,19,1,3126.6,31,1,3127.2,259,4,3127.3,442,2,3127.4,198,1,3127.5,4,1,3127.9,234,3
2031,2026-06-16 11:20:39+05:30,3127.2,1,3130.62,1587900,132974.0,218768.0,3163.0,3163.0,3108.0,3134.3,31901000,3447.7,2820.9,3839.9,2896.0,3127.1,11,2,3127.0,329,9,3126.8,37,2,3126.7,19,1,3126.6,31,1,3127.2,259,4,3127.3,442,2,3127.4,198,1,3127.5,4,1,3127.9,234,3
2031,2026-06-16 11:20:39+05:30,3127.2,1,3130.62,1587928,133145.0,218801.0,3163.0,3163.0,3108.0,3134.3,31901000,3447.7,2820.9,3839.9,2896.0,3127.1,5,1,3127.0,328,8,3126.9,19,1,3126.8,37,2,3126.6,50,2,3127.2,287,5,3127.3,442,2,3127.4,198,1,3127.5,4,1,3127.9,217,2
2031,2026-06-16 11:20:40+05:30,3127.2,8,3130.62,1587928,133145.0,218801.0,3163.0,3163.0,3108.0,3134.3,31901000,3447.7,2820.9,3839.9,2896.0,3127.1,5,1,3127.0,328,8,3126.9,19,1,3126.8,37,2,3126.6,50,2,3127.2,287,5,3127.3,442,2,3127.4,198,1,3127.5,4,1,3127.9,217,2
2031,2026-06-16 11:20:40+05:30,3127.2,8,3130.62,1587928,133145.0,218801.0,3163.0,3163.0,3108.0,3134.3,31901000,3447.7,2820.9,3839.9,2896.0,3127.1,5,1,3127.0,328,8,3126.9,19,1,3126.8,37,2,3126.6,50,2,3127.2,287,5,3127.3,442,2,3127.4,198,1,3127.5,4,1,3127.9,217,2
2031,2026-06-16 11:20:40+05:30,3127.1,3,3130.62,1588190,132818.0,218332.0,3163.0,3163.0,3108.0,3134.3,31901000,3447.7,2820.9,3839.9,2896.0,3127.1,92,2,3127.0,361,8,3126.8,56,3,3126.6,50,2,3126.5,160,4,3127.2,31,1,3127.3,442,2,3127.4,198,1,3127.5,4,1,3127.9,211,1
2031,2026-06-16 11:20:41+05:30,3127.1,1,3130.62,1588190,132818.0,218332.0,3163.0,3163.0,3108.0,3134.3,31901000,3447.7,2820.9,3839.9,2896.0,3127.1,92,2,3127.0,361,8,3126.8,56,3,3126.6,50,2,3126.5,160,4,3127.2,31,1,3127.3,442,2,3127.4,198,1,3127.5,4,1,3127.9,211,1
2031,2026-06-16 11:20:41+05:30,3127.1,1,3130.62,1588226,132763.0,218354.0,3163.0,3163.0,3108.0,3134.3,31901000,3447.7,2820.9,3839.9,2896.0,3127.1,56,2,3127.0,342,7,3126.8,56,3,3126.6,50,2,3126.5,160,4,3127.2,52,2,3127.3,442,2,3127.4,198,1,3127.5,4,1,3127.9,211,1
2031,2026-06-16 11:20:41+05:30,3127.1,1,3130.62,1588226,132763.0,218354.0,3163.0,3163.0,3108.0,3134.3,31901000,3447.7,2820.9,3839.9,2896.0,3127.1,56,2,3127.0,342,7,3126.8,56,3,3126.6,50,2,3126.5,160,4,3127.2,52,2,3127.3,442,2,3127.4,198,1,3127.5,4,1,3127.9,211,1
2031,2026-06-16 11:20:42+05:30,3127.0,46,3130.62,1588226,132763.0,218354.0,3163.0,3163.0,3108.0,3134.3,31901000,3447.7,2820.9,3839.9,2896.0,3127.1,56,2,3127.0,342,7,3126.8,56,3,3126.6,50,2,3126.5,160,4,3127.2,52,2,3127.3,442,2,3127.4,198,1,3127.5,4,1,3127.9,211,1
2031,2026-06-16 11:20:42+05:30,3127.1,24,3130.62,1588454,132311.0,217021.0,3163.0,3163.0,3108.0,3134.3,31901000,3447.7,2820.9,3839.9,2896.0,3127.0,264,4,3126.9,13,1,3126.8,6,1,3126.7,31,1,3126.5,66,2,3127.1,176,1,3127.2,252,3,3127.3,442,2,3127.4,203,2,3127.5,4,1
2031,2026-06-16 11:20:43+05:30,3127.0,28,3130.62,1588454,132311.0,217021.0,3163.0,3163.0,3108.0,3134.3,31901000,3447.7,2820.9,3839.9,2896.0,3127.0,264,4,3126.9,13,1,3126.8,6,1,3126.7,31,1,3126.5,66,2,3127.1,176,1,3127.2,252,3,3127.3,442,2,3127.4,203,2,3127.5,4,1
2031,2026-06-16 11:20:43+05:30,3127.0,3,3130.62,1588513,132629.0,218912.0,3163.0,3163.0,3108.0,3134.3,31901000,3447.7,2820.9,3839.9,2896.0,3127.0,229,4,3126.9,44,2,3126.8,6,1,3126.6,31,1,3126.5,66,2,3127.1,177,2,3127.2,231,2,3127.3,442,2,3127.4,203,2,3127.5,4,1
2031,2026-06-16 11:20:44+05:30,3127.1,1,3130.62,1588513,132629.0,218912.0,3163.0,3163.0,3108.0,3134.3,31901000,3447.7,2820.9,3839.9,2896.0,3127.0,229,4,3126.9,44,2,3126.8,6,1,3126.6,31,1,3126.5,66,2,3127.1,177,2,3127.2,231,2,3127.3,442,2,3127.4,203,2,3127.5,4,1
2031,2026-06-16 11:20:44+05:30,3127.1,1,3130.62,1588513,132629.0,218912.0,3163.0,3163.0,3108.0,3134.3,31901000,3447.7,2820.9,3839.9,2896.0,3127.0,229,4,3126.9,44,2,3126.8,6,1,3126.6,31,1,3126.5,66,2,3127.1,177,2,3127.2,231,2,3127.3,442,2,3127.4,203,2,3127.5,4,1
2031,2026-06-16 11:20:44+05:30,3127.1,1,3130.62,1588514,132644.0,218711.0,3163.0,3163.0,3108.0,3134.3,31901000,3447.7,2820.9,3839.9,2896.0,3127.0,247,5,3126.9,44,2,3126.8,6,1,3126.6,31,1,3126.5,66,2,3127.1,176,2,3127.2,236,3,3127.3,442,2,3127.4,203,2,3127.5,4,1
2031,2026-06-16 11:20:45+05:30,3127.0,1,3130.62,1588514,132644.0,218711.0,3163.0,3163.0,3108.0,3134.3,31901000,3447.7,2820.9,3839.9,2896.0,3127.0,247,5,3126.9,44,2,3126.8,6,1,3126.6,31,1,3126.5,66,2,3127.1,176,2,3127.2,236,3,3127.3,442,2,3127.4,203,2,3127.5,4,1
2031,2026-06-16 11:20:45+05:30,3127.1,1,3130.62,1588521,132668.0,218706.0,3163.0,3163.0,3108.0,3134.3,31901000,3447.7,2820.9,3839.9,2896.0,3127.0,247,6,3126.9,44,2,3126.8,6,1,3126.6,50,2,3126.5,66,2,3127.1,170,2,3127.2,236,3,3127.3,442,2,3127.4,203,2,3127.5,4,1
2031,2026-06-16 11:20:46+05:30,3127.1,1,3130.62,1588521,132668.0,218706.0,3163.0,3163.0,3108.0,3134.3,31901000,3447.7,2820.9,3839.9,2896.0,3127.0,247,6,3126.9,44,2,3126.8,6,1,3126.6,50,2,3126.5,66,2,3127.1,170,2,3127.2,236,3,3127.3,442,2,3127.4,203,2,3127.5,4,1
2031,2026-06-16 11:20:46+05:30,3127.1,2,3130.62,1588521,132668.0,218706.0,3163.0,3163.0,3108.0,3134.3,31901000,3447.7,2820.9,3839.9,2896.0,3127.0,247,6,3126.9,44,2,3126.8,6,1,3126.6,50,2,3126.5,66,2,3127.1,170,2,3127.2,236,3,3127.3,442,2,3127.4,203,2,3127.5,4,1
2031,2026-06-16 11:20:46+05:30,3127.1,2,3130.62,1588524,132668.0,218707.0,3163.0,3163.0,3108.0,3134.3,31901000,3447.7,2820.9,3839.9,2896.0,3127.0,246,6,3126.9,44,2,3126.8,25,2,3126.6,50,2,3126.5,66,2,3127.1,168,2,3127.2,236,3,3127.3,442,2,3127.4,203,2,3127.5,4,1
2031,2026-06-16 11:20:47+05:30,3127.1,25,3130.62,1588524,132668.0,218707.0,3163.0,3163.0,3108.0,3134.3,31901000,3447.7,2820.9,3839.9,2896.0,3127.0,246,6,3126.9,44,2,3126.8,25,2,3126.6,50,2,3126.5,66,2,3127.1,168,2,3127.2,236,3,3127.3,442,2,3127.4,203,2,3127.5,4,1
2031,2026-06-16 11:20:47+05:30,3127.1,25,3130.62,1588692,132852.0,216426.0,3163.0,3163.0,3108.0,3134.3,31901000,3447.7,2820.9,3839.9,2896.0,3127.0,276,7,3126.9,13,1,3126.8,67,4,3126.6,50,2,3126.5,138,4,3127.2,236,3,3127.3,442,2,3127.4,198,1,3127.9,211,1,3128.0,766,7
2031,2026-06-16 11:20:48+05:30,3127.1,25,3130.62,1588692,132852.0,216426.0,3163.0,3163.0,3108.0,3134.3,31901000,3447.7,2820.9,3839.9,2896.0,3127.0,276,7,3126.9,13,1,3126.8,67,4,3126.6,50,2,3126.5,138,4,3127.2,236,3,3127.3,442,2,3127.4,198,1,3127.9,211,1,3128.0,766,7
2031,2026-06-16 11:20:48+05:30,3127.0,1,3130.62,1588692,132852.0,216426.0,3163.0,3163.0,3108.0,3134.3,31901000,3447.7,2820.9,3839.9,2896.0,3127.0,276,7,3126.9,13,1,3126.8,67,4,3126.6,50,2,3126.5,138,4,3127.2,236,3,3127.3,442,2,3127.4,198,1,3127.9,211,1,3128.0,766,7
2031,2026-06-16 11:20:48+05:30,3127.0,1,3130.62,1588695,132768.0,218303.0,3163.0,3163.0,3108.0,3134.3,31901000,3447.7,2820.9,3839.9,2896.0,3127.0,226,5,3126.9,13,1,3126.8,56,3,3126.7,11,1,3126.6,50,2,3127.1,17,1,3127.2,236,3,3127.3,442,2,3127.4,198,1,3127.9,211,1
2031,2026-06-16 11:20:49+05:30,3127.1,4,3130.62,1588695,132768.0,218303.0,3163.0,3163.0,3108.0,3134.3,31901000,3447.7,2820.9,3839.9,2896.0,3127.0,226,5,3126.9,13,1,3126.8,56,3,3126.7,11,1,3126.6,50,2,3127.1,17,1,3127.2,236,3,3127.3,442,2,3127.4,198,1,3127.9,211,1
2031,2026-06-16 11:20:49+05:30,3127.1,4,3130.62,1588695,132768.0,218303.0,3163.0,3163.0,3108.0,3134.3,31901000,3447.7,2820.9,3839.9,2896.0,3127.0,226,5,3126.9,13,1,3126.8,56,3,3126.7,11,1,3126.6,50,2,3127.1,17,1,3127.2,236,3,3127.3,442,2,3127.4,198,1,3127.9,211,1
2031,2026-06-16 11:20:49+05:30,3127.1,1,3130.62,1588700,132811.0,218506.0,3163.0,3163.0,3108.0,3134.3,31901000,3447.7,2820.9,3839.9,2896.0,3127.0,226,5,3126.9,44,2,3126.8,25,2,3126.7,11,1,3126.6,50,2,3127.1,12,1,3127.2,236,3,3127.3,442,2,3127.4,198,1,3127.9,211,1
2031,2026-06-16 11:20:50+05:30,3127.1,1,3130.62,1588700,132811.0,218506.0,3163.0,3163.0,3108.0,3134.3,31901000,3447.7,2820.9,3839.9,2896.0,3127.0,226,5,3126.9,44,2,3126.8,25,2,3126.7,11,1,3126.6,50,2,3127.1,12,1,3127.2,236,3,3127.3,442,2,3127.4,198,1,3127.9,211,1
2031,2026-06-16 11:20:50+05:30,3127.1,1,3130.62,1588700,132906.0,216519.0,3163.0,3163.0,3108.0,3134.3,31901000,3447.7,2820.9,3839.9,2896.0,3127.0,294,8,3126.9,13,1,3126.8,64,4,3126.7,11,1,3126.6,50,2,3127.1,12,1,3127.2,236,3,3127.3,442,2,3127.4,198,1,3127.9,211,1
2031,2026-06-16 11:20:51+05:30,3127.1,1,3130.62,1588700,132906.0,216519.0,3163.0,3163.0,3108.0,3134.3,31901000,3447.7,2820.9,3839.9,2896.0,3127.0,294,8,3126.9,13,1,3126.8,64,4,3126.7,11,1,3126.6,50,2,3127.1,12,1,3127.2,236,3,3127.3,442,2,3127.4,198,1,3127.9,211,1
2031,2026-06-16 11:20:51+05:30,3127.1,1,3130.62,1588700,132883.0,218385.0,3163.0,3163.0,3108.0,3134.3,31901000,3447.7,2820.9,3839.9,2896.0,3127.0,300,10,3126.9,18,2,3126.8,64,4,3126.7,11,1,3126.6,50,2,3127.1,49,4,3127.2,236,3,3127.3,442,2,3127.4,198,1,3127.9,211,1
2031,2026-06-16 11:20:51+05:30,3127.1,1,3130.62,1588700,132883.0,218385.0,3163.0,3163.0,3108.0,3134.3,31901000,3447.7,2820.9,3839.9,2896.0,3127.0,300,10,3126.9,18,2,3126.8,64,4,3126.7,11,1,3126.6,50,2,3127.1,49,4,3127.2,236,3,3127.3,442,2,3127.4,198,1,3127.9,211,1
2031,2026-06-16 11:20:52+05:30,3127.1,1,3130.62,1588700,132883.0,218385.0,3163.0,3163.0,3108.0,3134.3,31901000,3447.7,2820.9,3839.9,2896.0,3127.0,300,10,3126.9,18,2,3126.8,64,4,3126.7,11,1,3126.6,50,2,3127.1,49,4,3127.2,236,3,3127.3,442,2,3127.4,198,1,3127.9,211,1
2031,2026-06-16 11:20:52+05:30,3127.1,1,3130.62,1588700,132883.0,218385.0,3163.0,3163.0,3108.0,3134.3,31901000,3447.7,2820.9,3839.9,2896.0,3127.0,300,10,3126.9,18,2,3126.8,64,4,3126.7,11,1,3126.6,50,2,3127.1,49,4,3127.2,236,3,3127.3,442,2,3127.4,198,1,3127.9,211,1
2031,2026-06-16 11:20:52+05:30,3127.0,1,3130.62,1588704,132834.0,218227.0,3163.0,3163.0,3108.0,3134.3,31901000,3447.7,2820.9,3839.9,2896.0,3127.0,293,8,3126.9,13,1,3126.8,64,4,3126.7,22,2,3126.6,50,2,3127.1,71,5,3127.2,236,3,3127.3,442,2,3127.4,198,1,3127.9,211,1
2031,2026-06-16 11:20:53+05:30,3127.0,1,3130.62,1588704,132834.0,218227.0,3163.0,3163.0,3108.0,3134.3,31901000,3447.7,2820.9,3839.9,2896.0,3127.0,293,8,3126.9,13,1,3126.8,64,4,3126.7,22,2,3126.6,50,2,3127.1,71,5,3127.2,236,3,3127.3,442,2,3127.4,198,1,3127.9,211,1
2031,2026-06-16 11:20:53+05:30,3127.0,9,3130.62,1588704,132834.0,218227.0,3163.0,3163.0,3108.0,3134.3,31901000,3447.7,2820.9,3839.9,2896.0,3127.0,293,8,3126.9,13,1,3126.8,64,4,3126.7,22,2,3126.6,50,2,3127.1,71,5,3127.2,236,3,3127.3,442,2,3127.4,198,1,3127.9,211,1
2031,2026-06-16 11:20:53+05:30,3127.0,9,3130.62,1588704,132834.0,218227.0,3163.0,3163.0,3108.0,3134.3,31901000,3447.7,2820.9,3839.9,2896.0,3127.0,293,8,3126.9,13,1,3126.8,64,4,3126.7,22,2,3126.6,50,2,3127.1,71,5,3127.2,236,3,3127.3,442,2,3127.4,198,1,3127.9,211,1
2031,2026-06-16 11:20:53+05:30,3127.1,1,3130.62,1588776,132782.0,218561.0,3163.0,3163.0,3108.0,3134.3,31901000,3447.7,2820.9,3839.9,2896.0,3127.0,252,7,3126.9,13,1,3126.8,64,4,3126.7,11,1,3126.6,50,2,3127.1,8,1,3127.2,236,3,3127.3,442,2,3127.4,398,2,3127.9,211,1
2031,2026-06-16 11:20:54+05:30,3127.1,1,3130.62,1588776,132782.0,218561.0,3163.0,3163.0,3108.0,3134.3,31901000,3447.7,2820.9,3839.9,2896.0,3127.0,252,7,3126.9,13,1,3126.8,64,4,3126.7,11,1,3126.6,50,2,3127.1,8,1,3127.2,236,3,3127.3,442,2,3127.4,398,2,3127.9,211,1
2031,2026-06-16 11:20:54+05:30,3127.1,1,3130.62,1588776,132782.0,218561.0,3163.0,3163.0,3108.0,3134.3,31901000,3447.7,2820.9,3839.9,2896.0,3127.0,252,7,3126.9,13,1,3126.8,64,4,3126.7,11,1,3126.6,50,2,3127.1,8,1,3127.2,236,3,3127.3,442,2,3127.4,398,2,3127.9,211,1
2031,2026-06-16 11:20:54+05:30,3127.1,1,3130.62,1588778,132745.0,218567.0,3163.0,3163.0,3108.0,3134.3,31901000,3447.7,2820.9,3839.9,2896.0,3127.0,233,6,3126.9,44,2,3126.8,6,1,3126.7,11,1,3126.6,63,3,3127.1,6,1,3127.2,236,3,3127.3,442,2,3127.4,398,2,3127.9,211,1
2031,2026-06-16 11:20:55+05:30,3127.2,4,3130.62,1588778,132745.0,218567.0,3163.0,3163.0,3108.0,3134.3,31901000,3447.7,2820.9,3839.9,2896.0,3127.0,233,6,3126.9,44,2,3126.8,6,1,3126.7,11,1,3126.6,63,3,3127.1,6,1,3127.2,236,3,3127.3,442,2,3127.4,398,2,3127.9,211,1
2031,2026-06-16 11:20:55+05:30,3127.2,4,3130.62,1588778,132745.0,218567.0,3163.0,3163.0,3108.0,3134.3,31901000,3447.7,2820.9,3839.9,2896.0,3127.0,233,6,3126.9,44,2,3126.8,6,1,3126.7,11,1,3126.6,63,3,3127.1,6,1,3127.2,236,3,3127.3,442,2,3127.4,398,2,3127.9,211,1
2031,2026-06-16 11:20:55+05:30,3127.0,34,3130.62,1588936,132742.0,218229.0,3163.0,3163.0,3108.0,3134.3,31901000,3447.7,2820.9,3839.9,2896.0,3127.0,107,4,3126.9,44,2,3126.8,6,1,3126.7,11,1,3126.6,63,3,3127.1,17,1,3127.2,232,3,3127.3,442,2,3127.4,398,2,3127.9,211,1
2031,2026-06-16 11:20:56+05:30,3127.0,34,3130.62,1588936,132742.0,218229.0,3163.0,3163.0,3108.0,3134.3,31901000,3447.7,2820.9,3839.9,2896.0,3127.0,107,4,3126.9,44,2,3126.8,6,1,3126.7,11,1,3126.6,63,3,3127.1,17,1,3127.2,232,3,3127.3,442,2,3127.4,398,2,3127.9,211,1
2031,2026-06-16 11:20:56+05:30,3127.0,34,3130.62,1588936,132742.0,218229.0,3163.0,3163.0,3108.0,3134.3,31901000,3447.7,2820.9,3839.9,2896.0,3127.0,107,4,3126.9,44,2,3126.8,6,1,3126.7,11,1,3126.6,63,3,3127.1,17,1,3127.2,232,3,3127.3,442,2,3127.4,398,2,3127.9,211,1
2031,2026-06-16 11:20:56+05:30,3127.0,4,3130.62,1588973,132828.0,216431.0,3163.0,3163.0,3108.0,3134.3,31901000,3447.7,2820.9,3839.9,2896.0,3127.0,105,4,3126.9,44,2,3126.8,25,2,3126.6,63,3,3126.5,103,4,3127.1,14,1,3127.2,205,2,3127.3,442,2,3127.4,398,2,3127.9,228,2
2031,2026-06-16 11:20:57+05:30,3127.0,4,3130.62,1588973,132828.0,216431.0,3163.0,3163.0,3108.0,3134.3,31901000,3447.7,2820.9,3839.9,2896.0,3127.0,105,4,3126.9,44,2,3126.8,25,2,3126.6,63,3,3126.5,103,4,3127.1,14,1,3127.2,205,2,3127.3,442,2,3127.4,398,2,3127.9,228,2
2031,2026-06-16 11:20:57+05:30,3127.0,4,3130.62,1588973,132828.0,216431.0,3163.0,3163.0,3108.0,3134.3,31901000,3447.7,2820.9,3839.9,2896.0,3127.0,105,4,3126.9,44,2,3126.8,25,2,3126.6,63,3,3126.5,103,4,3127.1,14,1,3127.2,205,2,3127.3,442,2,3127.4,398,2,3127.9,228,2
2031,2026-06-16 11:20:57+05:30,3127.0,4,3130.62,1588973,132828.0,216425.0,3163.0,3163.0,3108.0,3134.3,31901000,3447.7,2820.9,3839.9,2896.0,3127.0,105,4,3126.9,44,2,3126.8,25,2,3126.6,63,3,3126.5,103,4,3127.1,14,1,3127.2,205,2,3127.3,442,2,3127.4,398,2,3127.9,228,2
2031,2026-06-16 11:20:58+05:30,3127.0,4,3130.62,1588973,132828.0,216425.0,3163.0,3163.0,3108.0,3134.3,31901000,3447.7,2820.9,3839.9,2896.0,3127.0,105,4,3126.9,44,2,3126.8,25,2,3126.6,63,3,3126.5,103,4,3127.1,14,1,3127.2,205,2,3127.3,442,2,3127.4,398,2,3127.9,228,2
2031,2026-06-16 11:20:58+05:30,3127.0,1,3130.62,1588975,132827.0,216435.0,3163.0,3163.0,3108.0,3134.3,31901000,3447.7,2820.9,3839.9,2896.0,3127.0,104,4,3126.9,44,2,3126.8,25,2,3126.6,63,3,3126.5,103,4,3127.1,51,2,3127.2,205,2,3127.3,442,2,3127.4,398,2,3127.9,228,2
2031,2026-06-16 11:20:59+05:30,3127.0,1,3130.62,1588975,132827.0,216435.0,3163.0,3163.0,3108.0,3134.3,31900600,3447.7,2820.9,3839.9,2896.0,3127.0,104,4,3126.9,44,2,3126.8,25,2,3126.6,63,3,3126.5,103,4,3127.1,51,2,3127.2,205,2,3127.3,442,2,3127.4,398,2,3127.9,228,2
2031,2026-06-16 11:20:59+05:30,3127.0,1,3130.62,1588975,132827.0,216435.0,3163.0,3163.0,3108.0,3134.3,31900600,3447.7,2820.9,3839.9,2896.0,3127.0,104,4,3126.9,44,2,3126.8,25,2,3126.6,63,3,3126.5,103,4,3127.1,51,2,3127.2,205,2,3127.3,442,2,3127.4,398,2,3127.9,228,2
2031,2026-06-16 11:20:59+05:30,3127.1,1,3130.62,1589150,132746.0,218062.0,3163.0,3163.0,3108.0,3134.3,31900600,3447.7,2820.9,3839.9,2896.0,3127.0,84,3,3126.9,13,1,3126.8,6,1,3126.6,44,2,3126.5,138,4,3127.1,18,1,3127.2,69,2,3127.3,442,2,3127.4,398,2,3127.9,228,2
2031,2026-06-16 11:21:00+05:30,3127.1,1,3130.62,1589150,132746.0,218062.0,3163.0,3163.0,3108.0,3134.3,31900600,3447.7,2820.9,3839.9,2896.0,3127.0,84,3,3126.9,13,1,3126.8,6,1,3126.6,44,2,3126.5,138,4,3127.1,18,1,3127.2,69,2,3127.3,442,2,3127.4,398,2,3127.9,228,2
2031,2026-06-16 11:21:00+05:30,3127.0,1,3130.62,1589155,132666.0,218431.0,3163.0,3163.0,3108.0,3134.3,31900600,3447.7,2820.9,3839.9,2896.0,3127.0,88,5,3126.9,13,1,3126.8,6,1,3126.7,31,1,3126.6,13,1,3127.1,16,3,3127.2,69,2,3127.3,442,2,3127.4,398,2,3127.9,211,1
2031,2026-06-16 11:21:01+05:30,3127.0,1,3130.62,1589155,132666.0,218431.0,3163.0,3163.0,3108.0,3134.3,31900600,3447.7,2820.9,3839.9,2896.0,3127.0,88,5,3126.9,13,1,3126.8,6,1,3126.7,31,1,3126.6,13,1,3127.1,16,3,3127.2,69,2,3127.3,442,2,3127.4,398,2,3127.9,211,1
2031,2026-06-16 11:21:02+05:30,3127.0,1,3130.62,1589157,132795.0,218434.0,3163.0,3163.0,3108.0,3134.3,31900600,3447.7,2820.9,3839.9,2896.0,3127.0,131,8,3126.9,13,1,3126.8,37,2,3126.7,11,1,3126.6,62,3,3127.1,16,3,3127.2,69,2,3127.3,442,2,3127.4,398,2,3127.9,211,1
2031,2026-06-16 11:21:02+05:30,3127.0,1,3130.62,1589157,132795.0,218434.0,3163.0,3163.0,3108.0,3134.3,31900600,3447.7,2820.9,3839.9,2896.0,3127.0,131,8,3126.9,13,1,3126.8,37,2,3126.7,11,1,3126.6,62,3,3127.1,16,3,3127.2,69,2,3127.3,442,2,3127.4,398,2,3127.9,211,1
2031,2026-06-16 11:21:03+05:30,3127.0,3,3130.62,1589160,132816.0,218480.0,3163.0,3163.0,3108.0,3134.3,31900600,3447.7,2820.9,3839.9,2896.0,3127.0,103,7,3126.9,43,2,3126.8,25,2,3126.6,62,3,3126.5,98,4,3127.1,54,4,3127.2,69,2,3127.3,442,2,3127.4,398,2,3127.9,211,1
2031,2026-06-16 11:21:03+05:30,3127.2,5,3130.62,1589160,132816.0,218480.0,3163.0,3163.0,3108.0,3134.3,31900600,3447.7,2820.9,3839.9,2896.0,3127.0,103,7,3126.9,43,2,3126.8,25,2,3126.6,62,3,3126.5,98,4,3127.1,54,4,3127.2,69,2,3127.3,442,2,3127.4,398,2,3127.9,211,1
2031,2026-06-16 11:21:04+05:30,3127.0,3,3130.62,1589286,132767.0,218102.0,3163.0,3163.0,3108.0,3134.3,31900600,3447.7,2820.9,3839.9,2896.0,3127.0,69,7,3126.9,43,2,3126.8,6,1,3126.6,62,3,3126.5,98,4,3127.2,14,1,3127.3,442,2,3127.4,398,2,3127.9,228,2,3128.0,745,5
2031,2026-06-16 11:21:04+05:30,3127.0,3,3130.62,1589286,132767.0,218102.0,3163.0,3163.0,3108.0,3134.3,31900600,3447.7,2820.9,3839.9,2896.0,3127.0,69,7,3126.9,43,2,3126.8,6,1,3126.6,62,3,3126.5,98,4,3127.2,14,1,3127.3,442,2,3127.4,398,2,3127.9,228,2,3128.0,745,5
2031,2026-06-16 11:21:05+05:30,3127.1,1,3130.62,1590423,131485.0,218061.0,3163.0,3163.0,3108.0,3134.3,31900600,3447.7,2820.9,3839.9,2896.0,3126.3,3,1,3126.2,2,1,3126.1,139,4,3126.0,71,3,3125.8,203,3,3127.1,1,1,3127.2,257,2,3127.3,502,3,3127.4,460,3,3127.5,171,4
2031,2026-06-16 11:21:05+05:30,3127.1,1,3130.62,1590423,131485.0,218061.0,3163.0,3163.0,3108.0,3134.3,31900600,3447.7,2820.9,3839.9,2896.0,3126.3,3,1,3126.2,2,1,3126.1,139,4,3126.0,71,3,3125.8,203,3,3127.1,1,1,3127.2,257,2,3127.3,502,3,3127.4,460,3,3127.5,171,4
2031,2026-06-16 11:21:06+05:30,3127.0,50,3130.62,1590495,131476.0,218049.0,3163.0,3163.0,3108.0,3134.3,31900600,3447.7,2820.9,3839.9,2896.0,3126.3,53,3,3126.2,23,2,3126.1,132,4,3126.0,180,7,3125.9,62,1,3127.0,54,1,3127.2,200,1,3127.3,442,2,3127.4,398,2,3127.5,111,4
2031,2026-06-16 11:21:06+05:30,3127.0,25,3130.62,1590495,131476.0,218049.0,3163.0,3163.0,3108.0,3134.3,31900600,3447.7,2820.9,3839.9,2896.0,3126.3,53,3,3126.2,23,2,3126.1,132,4,3126.0,180,7,3125.9,62,1,3127.0,54,1,3127.2,200,1,3127.3,442,2,3127.4,398,2,3127.5,111,4
2031,2026-06-16 11:21:07+05:30,3127.0,200,3130.62,1590774,133150.0,217803.0,3163.0,3163.0,3108.0,3134.3,31900600,3447.7,2820.9,3839.9,2896.0,3127.0,747,5,3126.9,5,1,3126.8,50,2,3126.6,73,4,3126.4,72,4,3127.1,39,1,3127.2,200,1,3127.3,442,2,3127.4,398,2,3127.9,211,1
2031,2026-06-16 11:21:07+05:30,3127.0,200,3130.62,1590774,133150.0,217803.0,3163.0,3163.0,3108.0,3134.3,31900600,3447.7,2820.9,3839.9,2896.0,3127.0,747,5,3126.9,5,1,3126.8,50,2,3126.6,73,4,3126.4,72,4,3127.1,39,1,3127.2,200,1,3127.3,442,2,3127.4,398,2,3127.9,211,1
2031,2026-06-16 11:21:08+05:30,3127.0,200,3130.62,1590774,133186.0,217800.0,3163.0,3163.0,3108.0,3134.3,31900600,3447.7,2820.9,3839.9,2896.0,3127.0,747,5,3126.8,58,3,3126.7,11,1,3126.6,73,4,3126.4,72,4,3127.1,39,1,3127.2,200,1,3127.3,442,2,3127.4,398,2,3127.9,211,1
2031,2026-06-16 11:21:09+05:30,3127.0,200,3130.62,1590774,133264.0,217843.0,3163.0,3163.0,3108.0,3134.3,31900600,3447.7,2820.9,3839.9,2896.0,3127.0,810,6,3126.8,50,2,3126.7,11,1,3126.6,73,4,3126.4,72,4,3127.1,76,2,3127.2,200,1,3127.3,442,2,3127.4,398,2,3127.9,211,1
2031,2026-06-16 11:21:10+05:30,3127.0,1,3130.62,1590774,133264.0,217843.0,3163.0,3163.0,3108.0,3134.3,31900600,3447.7,2820.9,3839.9,2896.0,3127.0,810,6,3126.8,50,2,3126.7,11,1,3126.6,73,4,3126.4,72,4,3127.1,76,2,3127.2,200,1,3127.3,442,2,3127.4,398,2,3127.9,211,1
2031,2026-06-16 11:21:10+05:30,3127.0,1,3130.62,1590775,133264.0,217844.0,3163.0,3163.0,3108.0,3134.3,31900600,3447.7,2820.9,3839.9,2896.0,3127.0,780,5,3126.8,50,2,3126.7,11,1,3126.6,73,4,3126.4,72,4,3127.1,76,2,3127.2,200,1,3127.3,442,2,3127.4,398,2,3127.9,211,1
2031,2026-06-16 11:21:11+05:30,3127.1,1,3130.62,1590775,133264.0,217844.0,3163.0,3163.0,3108.0,3134.3,31900600,3447.7,2820.9,3839.9,2896.0,3127.0,780,5,3126.8,50,2,3126.7,11,1,3126.6,73,4,3126.4,72,4,3127.1,76,2,3127.2,200,1,3127.3,442,2,3127.4,398,2,3127.9,211,1
2031,2026-06-16 11:21:11+05:30,3127.1,1,3130.62,1590776,133395.0,216369.0,3163.0,3163.0,3108.0,3134.3,31900600,3447.7,2820.9,3839.9,2896.0,3127.0,834,7,3126.9,5,1,3126.8,58,3,3126.7,11,1,3126.6,73,4,3127.1,75,2,3127.3,528,2,3127.4,512,3,3127.5,19,2,3127.9,211,1
2031,2026-06-16 11:21:12+05:30,3127.0,37,3130.62,1590776,133395.0,216369.0,3163.0,3163.0,3108.0,3134.3,31900600,3447.7,2820.9,3839.9,2896.0,3127.0,834,7,3126.9,5,1,3126.8,58,3,3126.7,11,1,3126.6,73,4,3127.1,75,2,3127.3,528,2,3127.4,512,3,3127.5,19,2,3127.9,211,1
2031,2026-06-16 11:21:12+05:30,3127.0,37,3130.62,1590814,133578.0,217615.0,3163.0,3163.0,3108.0,3134.3,31900600,3447.7,2820.9,3839.9,2896.0,3127.0,796,7,3126.8,58,3,3126.7,11,1,3126.6,66,3,3126.4,124,5,3127.1,37,1,3127.3,528,2,3127.4,114,1,3127.5,417,4,3127.9,211,1
2031,2026-06-16 11:21:13+05:30,3127.1,37,3130.62,1590851,133695.0,218255.0,3163.0,3163.0,3108.0,3134.3,31900600,3447.7,2820.9,3839.9,2896.0,3127.0,816,8,3126.8,58,3,3126.7,11,1,3126.6,66,3,3126.4,72,4,3127.2,8,1,3127.3,528,2,3127.4,114,1,3127.5,398,2,3127.9,211,1
2031,2026-06-16 11:21:13+05:30,3127.1,37,3130.62,1590851,133695.0,218255.0,3163.0,3163.0,3108.0,3134.3,31900600,3447.7,2820.9,3839.9,2896.0,3127.0,816,8,3126.8,58,3,3126.7,11,1,3126.6,66,3,3126.4,72,4,3127.2,8,1,3127.3,528,2,3127.4,114,1,3127.5,398,2,3127.9,211,1
2031,2026-06-16 11:21:14+05:30,3127.0,3,3130.62,1590851,133695.0,218255.0,3163.0,3163.0,3108.0,3134.3,31900600,3447.7,2820.9,3839.9,2896.0,3127.0,816,8,3126.8,58,3,3126.7,11,1,3126.6,66,3,3126.4,72,4,3127.2,8,1,3127.3,528,2,3127.4,114,1,3127.5,398,2,3127.9,211,1
2031,2026-06-16 11:21:14+05:30,3127.0,3,3130.62,1590854,133698.0,218245.0,3163.0,3163.0,3108.0,3134.3,31900600,3447.7,2820.9,3839.9,2896.0,3127.0,814,9,3126.8,58,3,3126.7,11,1,3126.6,66,3,3126.4,72,4,3127.2,8,1,3127.3,528,2,3127.4,114,1,3127.5,398,2,3127.9,211,1
2031,2026-06-16 11:21:15+05:30,3127.0,3,3130.62,1590854,133683.0,218269.0,3163.0,3163.0,3108.0,3134.3,31900600,3447.7,2820.9,3839.9,2896.0,3127.1,39,4,3127.0,765,8,3126.8,58,3,3126.7,11,1,3126.6,66,3,3127.2,38,2,3127.3,528,2,3127.4,114,1,3127.5,398,2,3127.9,211,1
2031,2026-06-16 11:21:16+05:30,3127.1,1,3130.62,1590854,133683.0,218269.0,3163.0,3163.0,3108.0,3134.3,31900600,3447.7,2820.9,3839.9,2896.0,3127.1,39,4,3127.0,765,8,3126.8,58,3,3126.7,11,1,3126.6,66,3,3127.2,38,2,3127.3,528,2,3127.4,114,1,3127.5,398,2,3127.9,211,1
2031,2026-06-16 11:21:16+05:30,3127.1,1,3130.62,1590902,133734.0,218220.0,3163.0,3163.0,3108.0,3134.3,31900600,3447.7,2820.9,3839.9,2896.0,3127.1,58,5,3127.0,746,7,3126.8,58,3,3126.7,11,1,3126.6,66,3,3127.2,4,1,3127.3,528,2,3127.4,114,1,3127.5,398,2,3127.9,211,1
2031,2026-06-16 11:21:17+05:30,3127.1,1,3130.62,1590902,133734.0,218220.0,3163.0,3163.0,3108.0,3134.3,31900600,3447.7,2820.9,3839.9,2896.0,3127.1,58,5,3127.0,746,7,3126.8,58,3,3126.7,11,1,3126.6,66,3,3127.2,4,1,3127.3,528,2,3127.4,114,1,3127.5,398,2,3127.9,211,1
2031,2026-06-16 11:21:17+05:30,3127.1,1,3130.62,1590903,133692.0,218225.0,3163.0,3163.0,3108.0,3134.3,31900600,3447.7,2820.9,3839.9,2896.0,3127.1,58,5,3127.0,746,7,3126.8,58,3,3126.7,11,1,3126.6,66,3,3127.2,4,1,3127.3,528,2,3127.4,114,1,3127.5,398,2,3127.9,211,1
2031,2026-06-16 11:21:18+05:30,3127.2,1,3130.62,1590903,133692.0,218225.0,3163.0,3163.0,3108.0,3134.3,31900600,3447.7,2820.9,3839.9,2896.0,3127.1,58,5,3127.0,746,7,3126.8,58,3,3126.7,11,1,3126.6,66,3,3127.2,4,1,3127.3,528,2,3127.4,114,1,3127.5,398,2,3127.9,211,1
2031,2026-06-16 11:21:21+05:30,3127.2,1,3130.62,1590903,133692.0,218225.0,3163.0,3163.0,3108.0,3134.3,31900600,3447.7,2820.9,3839.9,2896.0,3127.1,58,5,3127.0,746,7,3126.8,58,3,3126.7,11,1,3126.6,66,3,3127.2,4,1,3127.3,528,2,3127.4,114,1,3127.5,398,2,3127.9,211,1
2031,2026-06-16 11:21:22+05:30,3127.2,1,3130.62,1591118,133871.0,218026.0,3163.0,3163.0,3108.0,3134.3,31900600,3447.7,2820.9,3839.9,2896.0,3127.1,39,4,3127.0,1025,7,3126.8,69,4,3126.7,11,1,3126.6,66,3,3127.2,42,3,3127.3,334,2,3127.4,114,1,3127.5,398,2,3127.9,211,1
2031,2026-06-16 11:21:24+05:30,3127.2,5,3130.62,1591118,133871.0,218026.0,3163.0,3163.0,3108.0,3134.3,31900600,3447.7,2820.9,3839.9,2896.0,3127.1,39,4,3127.0,1025,7,3126.8,69,4,3126.7,11,1,3126.6,66,3,3127.2,42,3,3127.3,334,2,3127.4,114,1,3127.5,398,2,3127.9,211,1
2031,2026-06-16 11:21:27+05:30,3127.2,1,3130.62,1591118,133871.0,218026.0,3163.0,3163.0,3108.0,3134.3,31900600,3447.7,2820.9,3839.9,2896.0,3127.1,39,4,3127.0,1025,7,3126.8,69,4,3126.7,11,1,3126.6,66,3,3127.2,42,3,3127.3,334,2,3127.4,114,1,3127.5,398,2,3127.9,211,1
2031,2026-06-16 11:21:27+05:30,3127.2,38,3130.62,1591378,134721.0,218086.0,3163.0,3163.0,3108.0,3134.3,31900600,3447.7,2820.9,3839.9,2896.0,3127.0,2034,8,3126.9,30,1,3126.8,19,1,3126.7,11,1,3126.6,86,4,3127.3,325,2,3127.4,114,1,3127.5,398,2,3127.9,211,1,3128.0,549,2
2031,2026-06-16 11:21:30+05:30,3127.0,114,3130.62,1591378,134721.0,218086.0,3163.0,3163.0,3108.0,3134.3,31900600,3447.7,2820.9,3839.9,2896.0,3127.0,2034,8,3126.9,30,1,3126.8,19,1,3126.7,11,1,3126.6,86,4,3127.3,325,2,3127.4,114,1,3127.5,398,2,3127.9,211,1,3128.0,549,2
2031,2026-06-16 11:21:32+05:30,3127.1,1,3130.62,1591746,134455.0,217765.0,3163.0,3163.0,3108.0,3134.3,31900600,3447.7,2820.9,3839.9,2896.0,3127.0,1698,11,3126.9,30,1,3126.8,19,1,3126.6,105,5,3126.5,108,3,3127.1,4,1,3127.2,1,1,3127.3,326,3,3127.5,398,2,3127.9,211,1
2031,2026-06-16 11:21:33+05:30,3127.1,1,3130.62,1591746,134455.0,217765.0,3163.0,3163.0,3108.0,3134.3,31900600,3447.7,2820.9,3839.9,2896.0,3127.0,1698,11,3126.9,30,1,3126.8,19,1,3126.6,105,5,3126.5,108,3,3127.1,4,1,3127.2,1,1,3127.3,326,3,3127.5,398,2,3127.9,211,1
2031,2026-06-16 11:21:36+05:30,3127.3,26,3130.62,1591746,134455.0,217765.0,3163.0,3163.0,3108.0,3134.3,31900600,3447.7,2820.9,3839.9,2896.0,3127.0,1698,11,3126.9,30,1,3126.8,19,1,3126.6,105,5,3126.5,108,3,3127.1,4,1,3127.2,1,1,3127.3,326,3,3127.5,398,2,3127.9,211,1
2031,2026-06-16 11:21:37+05:30,3127.0,18,3130.61,1592050,134467.0,216867.0,3163.0,3163.0,3108.0,3134.3,31900600,3447.7,2820.9,3839.9,2896.0,3127.0,1616,10,3126.8,29,1,3126.6,64,3,3126.5,129,4,3126.4,69,3,3127.3,122,1,3127.4,10,1,3127.5,429,4,3127.9,211,1,3128.0,499,1
2031,2026-06-16 11:21:39+05:30,3127.1,8,3130.61,1592050,134467.0,216867.0,3163.0,3163.0,3108.0,3134.3,31900600,3447.7,2820.9,3839.9,2896.0,3127.0,1616,10,3126.8,29,1,3126.6,64,3,3126.5,129,4,3126.4,69,3,3127.3,122,1,3127.4,10,1,3127.5,429,4,3127.9,211,1,3128.0,499,1
2031,2026-06-16 11:21:40+05:30,3127.1,8,3130.61,1592050,134467.0,216867.0,3163.0,3163.0,3108.0,3134.3,31900600,3447.7,2820.9,3839.9,2896.0,3127.0,1616,10,3126.8,29,1,3126.6,64,3,3126.5,129,4,3126.4,69,3,3127.3,122,1,3127.4,10,1,3127.5,429,4,3127.9,211,1,3128.0,499,1
2031,2026-06-16 11:21:41+05:30,3127.3,6,3130.61,1592050,134467.0,216867.0,3163.0,3163.0,3108.0,3134.3,31900600,3447.7,2820.9,3839.9,2896.0,3127.0,1616,10,3126.8,29,1,3126.6,64,3,3126.5,129,4,3126.4,69,3,3127.3,122,1,3127.4,10,1,3127.5,429,4,3127.9,211,1,3128.0,499,1
2031,2026-06-16 11:21:42+05:30,3127.3,6,3130.61,1592050,134467.0,216867.0,3163.0,3163.0,3108.0,3134.3,31900600,3447.7,2820.9,3839.9,2896.0,3127.0,1616,10,3126.8,29,1,3126.6,64,3,3126.5,129,4,3126.4,69,3,3127.3,122,1,3127.4,10,1,3127.5,429,4,3127.9,211,1,3128.0,499,1
2031,2026-06-16 11:21:42+05:30,3127.2,1,3130.61,1592073,134524.0,217239.0,3163.0,3163.0,3108.0,3134.3,31900600,3447.7,2820.9,3839.9,2896.0,3127.1,26,3,3127.0,1620,8,3126.8,50,2,3126.6,64,3,3126.5,99,3,3127.3,175,3,3127.5,429,4,3127.9,211,1,3128.0,499,1,3128.1,287,4
2031,2026-06-16 11:21:43+05:30,3127.1,1,3130.61,1592073,134524.0,217239.0,3163.0,3163.0,3108.0,3134.3,31900600,3447.7,2820.9,3839.9,2896.0,3127.1,26,3,3127.0,1620,8,3126.8,50,2,3126.6,64,3,3126.5,99,3,3127.3,175,3,3127.5,429,4,3127.9,211,1,3128.0,499,1,3128.1,287,4
2031,2026-06-16 11:21:44+05:30,3127.1,1,3130.61,1592073,134524.0,217239.0,3163.0,3163.0,3108.0,3134.3,31900600,3447.7,2820.9,3839.9,2896.0,3127.1,26,3,3127.0,1620,8,3126.8,50,2,3126.6,64,3,3126.5,99,3,3127.3,175,3,3127.5,429,4,3127.9,211,1,3128.0,499,1,3128.1,287,4
2031,2026-06-16 11:21:45+05:30,3127.2,1,3130.61,1592073,134524.0,217239.0,3163.0,3163.0,3108.0,3134.3,31900600,3447.7,2820.9,3839.9,2896.0,3127.1,26,3,3127.0,1620,8,3126.8,50,2,3126.6,64,3,3126.5,99,3,3127.3,175,3,3127.5,429,4,3127.9,211,1,3128.0,499,1,3128.1,287,4
2031,2026-06-16 11:21:46+05:30,3127.2,1,3130.61,1592073,134524.0,217239.0,3163.0,3163.0,3108.0,3134.3,31900600,3447.7,2820.9,3839.9,2896.0,3127.1,26,3,3127.0,1620,8,3126.8,50,2,3126.6,64,3,3126.5,99,3,3127.3,175,3,3127.5,429,4,3127.9,211,1,3128.0,499,1,3128.1,287,4
2031,2026-06-16 11:21:47+05:30,3127.1,1,3130.61,1592627,134391.0,214957.0,3163.0,3163.0,3108.0,3134.3,31900600,3447.7,2820.9,3839.9,2896.0,3127.1,1,1,3127.0,1492,8,3126.8,48,2,3126.6,93,4,3126.5,99,3,3127.2,21,2,3127.3,205,4,3127.5,398,2,3127.9,211,1,3128.1,287,4
2031,2026-06-16 11:21:47+05:30,3127.1,1,3130.61,1592627,134391.0,214957.0,3163.0,3163.0,3108.0,3134.3,31900600,3447.7,2820.9,3839.9,2896.0,3127.1,1,1,3127.0,1492,8,3126.8,48,2,3126.6,93,4,3126.5,99,3,3127.2,21,2,3127.3,205,4,3127.5,398,2,3127.9,211,1,3128.1,287,4
2031,2026-06-16 11:21:48+05:30,3127.1,1,3130.61,1592627,134391.0,214957.0,3163.0,3163.0,3108.0,3134.3,31900600,3447.7,2820.9,3839.9,2896.0,3127.1,1,1,3127.0,1492,8,3126.8,48,2,3126.6,93,4,3126.5,99,3,3127.2,21,2,3127.3,205,4,3127.5,398,2,3127.9,211,1,3128.1,287,4
2031,2026-06-16 11:21:49+05:30,3127.3,24,3130.61,1592627,134391.0,214957.0,3163.0,3163.0,3108.0,3134.3,31900600,3447.7,2820.9,3839.9,2896.0,3127.1,1,1,3127.0,1492,8,3126.8,48,2,3126.6,93,4,3126.5,99,3,3127.2,21,2,3127.3,205,4,3127.5,398,2,3127.9,211,1,3128.1,287,4
2031,2026-06-16 11:21:49+05:30,3127.3,24,3130.61,1592627,134391.0,214957.0,3163.0,3163.0,3108.0,3134.3,31900600,3447.7,2820.9,3839.9,2896.0,3127.1,1,1,3127.0,1492,8,3126.8,48,2,3126.6,93,4,3126.5,99,3,3127.2,21,2,3127.3,205,4,3127.5,398,2,3127.9,211,1,3128.1,287,4
2031,2026-06-16 11:21:51+05:30,3127.3,24,3130.61,1592627,134391.0,214957.0,3163.0,3163.0,3108.0,3134.3,31900600,3447.7,2820.9,3839.9,2896.0,3127.1,1,1,3127.0,1492,8,3126.8,48,2,3126.6,93,4,3126.5,99,3,3127.2,21,2,3127.3,205,4,3127.5,398,2,3127.9,211,1,3128.1,287,4
2031,2026-06-16 11:21:51+05:30,3127.2,1,3130.61,1592627,134391.0,214957.0,3163.0,3163.0,3108.0,3134.3,31900600,3447.7,2820.9,3839.9,2896.0,3127.1,1,1,3127.0,1492,8,3126.8,48,2,3126.6,93,4,3126.5,99,3,3127.2,21,2,3127.3,205,4,3127.5,398,2,3127.9,211,1,3128.1,287,4
2031,2026-06-16 11:21:51+05:30,3127.2,1,3130.61,1592819,134072.0,216884.0,3163.0,3163.0,3108.0,3134.3,31900600,3447.7,2820.9,3839.9,2896.0,3127.1,1,1,3127.0,1444,6,3126.6,16,1,3126.5,16,1,3126.4,50,2,3127.2,81,5,3127.3,233,4,3127.4,200,1,3127.5,401,3,3127.8,28,1
2031,2026-06-16 11:21:51+05:30,3127.2,1,3130.61,1592819,134072.0,216884.0,3163.0,3163.0,3108.0,3134.3,31900600,3447.7,2820.9,3839.9,2896.0,3127.1,1,1,3127.0,1444,6,3126.6,16,1,3126.5,16,1,3126.4,50,2,3127.2,81,5,3127.3,233,4,3127.4,200,1,3127.5,401,3,3127.8,28,1
2031,2026-06-16 11:21:52+05:30,3127.2,1,3130.61,1592819,134072.0,216884.0,3163.0,3163.0,3108.0,3134.3,31900600,3447.7,2820.9,3839.9,2896.0,3127.1,1,1,3127.0,1444,6,3126.6,16,1,3126.5,16,1,3126.4,50,2,3127.2,81,5,3127.3,233,4,3127.4,200,1,3127.5,401,3,3127.8,28,1
2031,2026-06-16 11:21:53+05:30,3127.2,1,3130.61,1592819,134072.0,216884.0,3163.0,3163.0,3108.0,3134.3,31900600,3447.7,2820.9,3839.9,2896.0,3127.1,1,1,3127.0,1444,6,3126.6,16,1,3126.5,16,1,3126.4,50,2,3127.2,81,5,3127.3,233,4,3127.4,200,1,3127.5,401,3,3127.8,28,1
2031,2026-06-16 11:21:53+05:30,3127.2,1,3130.61,1592819,134072.0,216884.0,3163.0,3163.0,3108.0,3134.3,31900600,3447.7,2820.9,3839.9,2896.0,3127.1,1,1,3127.0,1444,6,3126.6,16,1,3126.5,16,1,3126.4,50,2,3127.2,81,5,3127.3,233,4,3127.4,200,1,3127.5,401,3,3127.8,28,1
2031,2026-06-16 11:21:54+05:30,3127.2,1,3130.61,1592819,134072.0,216884.0,3163.0,3163.0,3108.0,3134.3,31900600,3447.7,2820.9,3839.9,2896.0,3127.1,1,1,3127.0,1444,6,3126.6,16,1,3126.5,16,1,3126.4,50,2,3127.2,81,5,3127.3,233,4,3127.4,200,1,3127.5,401,3,3127.8,28,1
2031,2026-06-16 11:21:55+05:30,3127.2,1,3130.61,1592819,134072.0,216884.0,3163.0,3163.0,3108.0,3134.3,31900600,3447.7,2820.9,3839.9,2896.0,3127.1,1,1,3127.0,1444,6,3126.6,16,1,3126.5,16,1,3126.4,50,2,3127.2,81,5,3127.3,233,4,3127.4,200,1,3127.5,401,3,3127.8,28,1
2031,2026-06-16 11:21:55+05:30,3127.3,1,3130.61,1592819,134072.0,216884.0,3163.0,3163.0,3108.0,3134.3,31900600,3447.7,2820.9,3839.9,2896.0,3127.1,1,1,3127.0,1444,6,3126.6,16,1,3126.5,16,1,3126.4,50,2,3127.2,81,5,3127.3,233,4,3127.4,200,1,3127.5,401,3,3127.8,28,1
2031,2026-06-16 11:21:55+05:30,3127.3,1,3130.61,1592819,134072.0,216884.0,3163.0,3163.0,3108.0,3134.3,31900600,3447.7,2820.9,3839.9,2896.0,3127.1,1,1,3127.0,1444,6,3126.6,16,1,3126.5,16,1,3126.4,50,2,3127.2,81,5,3127.3,233,4,3127.4,200,1,3127.5,401,3,3127.8,28,1
2031,2026-06-16 11:21:56+05:30,3127.3,1,3130.61,1592819,134072.0,216884.0,3163.0,3163.0,3108.0,3134.3,31900600,3447.7,2820.9,3839.9,2896.0,3127.1,1,1,3127.0,1444,6,3126.6,16,1,3126.5,16,1,3126.4,50,2,3127.2,81,5,3127.3,233,4,3127.4,200,1,3127.5,401,3,3127.8,28,1
2031,2026-06-16 11:21:56+05:30,3127.1,2,3130.61,1592958,134229.0,216788.0,3163.0,3163.0,3108.0,3134.3,31900600,3447.7,2820.9,3839.9,2896.0,3127.1,4,1,3127.0,1444,6,3126.8,18,1,3126.7,27,1,3126.6,34,2,3127.2,1,1,3127.3,202,3,3127.4,200,1,3127.5,401,3,3127.9,214,2
2031,2026-06-16 11:21:57+05:30,3127.2,1,3130.61,1592958,134229.0,216788.0,3163.0,3163.0,3108.0,3134.3,31900600,3447.7,2820.9,3839.9,2896.0,3127.1,4,1,3127.0,1444,6,3126.8,18,1,3126.7,27,1,3126.6,34,2,3127.2,1,1,3127.3,202,3,3127.4,200,1,3127.5,401,3,3127.9,214,2
2031,2026-06-16 11:21:57+05:30,3127.2,1,3130.61,1592958,134229.0,216788.0,3163.0,3163.0,3108.0,3134.3,31900600,3447.7,2820.9,3839.9,2896.0,3127.1,4,1,3127.0,1444,6,3126.8,18,1,3126.7,27,1,3126.6,34,2,3127.2,1,1,3127.3,202,3,3127.4,200,1,3127.5,401,3,3127.9,214,2
2031,2026-06-16 11:21:58+05:30,3127.2,1,3130.61,1592958,134229.0,216788.0,3163.0,3163.0,3108.0,3134.3,31900600,3447.7,2820.9,3839.9,2896.0,3127.1,4,1,3127.0,1444,6,3126.8,18,1,3126.7,27,1,3126.6,34,2,3127.2,1,1,3127.3,202,3,3127.4,200,1,3127.5,401,3,3127.9,214,2
2031,2026-06-16 11:21:59+05:30,3127.2,1,3130.61,1592958,134229.0,216788.0,3163.0,3163.0,3108.0,3134.3,31900200,3447.7,2820.9,3839.9,2896.0,3127.1,4,1,3127.0,1444,6,3126.8,18,1,3126.7,27,1,3126.6,34,2,3127.2,1,1,3127.3,202,3,3127.4,200,1,3127.5,401,3,3127.9,214,2
2031,2026-06-16 11:21:59+05:30,3127.2,16,3130.61,1592958,134229.0,216788.0,3163.0,3163.0,3108.0,3134.3,31900200,3447.7,2820.9,3839.9,2896.0,3127.1,4,1,3127.0,1444,6,3126.8,18,1,3126.7,27,1,3126.6,34,2,3127.2,1,1,3127.3,202,3,3127.4,200,1,3127.5,401,3,3127.9,214,2
2031,2026-06-16 11:22:01+05:30,3127.2,1,3130.61,1592958,134229.0,216788.0,3163.0,3163.0,3108.0,3134.3,31900200,3447.7,2820.9,3839.9,2896.0,3127.1,4,1,3127.0,1444,6,3126.8,18,1,3126.7,27,1,3126.6,34,2,3127.2,1,1,3127.3,202,3,3127.4,200,1,3127.5,401,3,3127.9,214,2
2031,2026-06-16 11:22:01+05:30,3127.2,1,3130.61,1593196,134310.0,215069.0,3163.0,3163.0,3108.0,3134.3,31900200,3447.7,2820.9,3839.9,2896.0,3127.2,45,4,3127.1,285,3,3127.0,1289,9,3126.9,16,1,3126.8,43,2,3127.5,203,2,3127.6,398,2,3127.9,214,2,3128.1,25,2,3128.2,22,1
2031,2026-06-16 11:22:05+05:30,3127.4,1,3130.61,1593196,134310.0,215069.0,3163.0,3163.0,3108.0,3134.3,31900200,3447.7,2820.9,3839.9,2896.0,3127.2,45,4,3127.1,285,3,3127.0,1289,9,3126.9,16,1,3126.8,43,2,3127.5,203,2,3127.6,398,2,3127.9,214,2,3128.1,25,2,3128.2,22,1
2031,2026-06-16 11:22:06+05:30,3127.3,1,3130.61,1593202,134371.0,216756.0,3163.0,3163.0,3108.0,3134.3,31900200,3447.7,2820.9,3839.9,2896.0,3127.3,37,3,3127.1,302,4,3127.0,1284,8,3126.9,16,1,3126.8,84,4,3127.4,220,2,3127.5,267,4,3127.6,398,2,3127.9,214,2,3128.1,14,1
2031,2026-06-16 11:22:07+05:30,3127.3,3,3130.61,1593202,134371.0,216756.0,3163.0,3163.0,3108.0,3134.3,31900200,3447.7,2820.9,3839.9,2896.0,3127.3,37,3,3127.1,302,4,3127.0,1284,8,3126.9,16,1,3126.8,84,4,3127.4,220,2,3127.5,267,4,3127.6,398,2,3127.9,214,2,3128.1,14,1
2031,2026-06-16 11:22:09+05:30,3127.2,12,3130.61,1593202,134371.0,216756.0,3163.0,3163.0,3108.0,3134.3,31900200,3447.7,2820.9,3839.9,2896.0,3127.3,37,3,3127.1,302,4,3127.0,1284,8,3126.9,16,1,3126.8,84,4,3127.4,220,2,3127.5,267,4,3127.6,398,2,3127.9,214,2,3128.1,14,1
2031,2026-06-16 11:22:11+05:30,3127.1,120,3130.61,1593202,134371.0,216756.0,3163.0,3163.0,3108.0,3134.3,31900200,3447.7,2820.9,3839.9,2896.0,3127.3,37,3,3127.1,302,4,3127.0,1284,8,3126.9,16,1,3126.8,84,4,3127.4,220,2,3127.5,267,4,3127.6,398,2,3127.9,214,2,3128.1,14,1
2031,2026-06-16 11:22:11+05:30,3127.1,120,3130.61,1593584,134368.0,216373.0,3163.0,3163.0,3108.0,3134.3,31900200,3447.7,2820.9,3839.9,2896.0,3127.1,177,2,3127.0,1259,7,3126.9,16,1,3126.8,118,4,3126.7,44,2,3127.3,11,1,3127.4,63,2,3127.5,38,2,3127.6,200,1,3127.7,200,1
2031,2026-06-16 11:22:13+05:30,3127.2,1,3130.61,1593584,134368.0,216373.0,3163.0,3163.0,3108.0,3134.3,31900200,3447.7,2820.9,3839.9,2896.0,3127.1,177,2,3127.0,1259,7,3126.9,16,1,3126.8,118,4,3126.7,44,2,3127.3,11,1,3127.4,63,2,3127.5,38,2,3127.6,200,1,3127.7,200,1
2031,2026-06-16 11:22:15+05:30,3127.1,7,3130.61,1593584,134368.0,216373.0,3163.0,3163.0,3108.0,3134.3,31900200,3447.7,2820.9,3839.9,2896.0,3127.1,177,2,3127.0,1259,7,3126.9,16,1,3126.8,118,4,3126.7,44,2,3127.3,11,1,3127.4,63,2,3127.5,38,2,3127.6,200,1,3127.7,200,1
2031,2026-06-16 11:22:16+05:30,3127.2,1,3130.61,1594074,134156.0,216849.0,3163.0,3163.0,3108.0,3134.3,31900200,3447.7,2820.9,3839.9,2896.0,3127.2,16,3,3127.1,10,1,3127.0,1403,9,3126.9,27,2,3126.8,58,3,3127.3,61,4,3127.4,63,2,3127.5,3,1,3127.6,200,1,3127.7,200,1
2031,2026-06-16 11:22:17+05:30,3127.3,1,3130.61,1594074,134156.0,216849.0,3163.0,3163.0,3108.0,3134.3,31900200,3447.7,2820.9,3839.9,2896.0,3127.2,16,3,3127.1,10,1,3127.0,1403,9,3126.9,27,2,3126.8,58,3,3127.3,61,4,3127.4,63,2,3127.5,3,1,3127.6,200,1,3127.7,200,1
2031,2026-06-16 11:22:21+05:30,3127.2,1,3130.61,1594074,134156.0,216849.0,3163.0,3163.0,3108.0,3134.3,31900200,3447.7,2820.9,3839.9,2896.0,3127.2,16,3,3127.1,10,1,3127.0,1403,9,3126.9,27,2,3126.8,58,3,3127.3,61,4,3127.4,63,2,3127.5,3,1,3127.6,200,1,3127.7,200,1
2031,2026-06-16 11:22:21+05:30,3127.2,1,3130.61,1594083,134248.0,217237.0,3163.0,3163.0,3108.0,3134.3,31900200,3447.7,2820.9,3839.9,2896.0,3127.2,2,2,3127.1,34,2,3127.0,1376,8,3126.9,15,1,3126.8,42,2,3127.3,125,4,3127.5,3,1,3127.6,200,1,3127.7,200,1,3127.8,398,2
2031,2026-06-16 11:22:23+05:30,3127.4,1,3130.61,1594083,134248.0,217237.0,3163.0,3163.0,3108.0,3134.3,31900200,3447.7,2820.9,3839.9,2896.0,3127.2,2,2,3127.1,34,2,3127.0,1376,8,3126.9,15,1,3126.8,42,2,3127.3,125,4,3127.5,3,1,3127.6,200,1,3127.7,200,1,3127.8,398,2
2031,2026-06-16 11:22:25+05:30,3127.2,10,3130.61,1594083,134248.0,217237.0,3163.0,3163.0,3108.0,3134.3,31900200,3447.7,2820.9,3839.9,2896.0,3127.2,2,2,3127.1,34,2,3127.0,1376,8,3126.9,15,1,3126.8,42,2,3127.3,125,4,3127.5,3,1,3127.6,200,1,3127.7,200,1,3127.8,398,2
2031,2026-06-16 11:22:27+05:30,3127.6,3,3130.61,1594284,134445.0,216732.0,3163.0,3163.0,3108.0,3134.3,31900200,3447.7,2820.9,3839.9,2896.0,3127.1,11,1,3127.0,1359,6,3126.9,15,1,3126.6,58,3,3126.5,16,1,3127.5,3,1,3127.6,197,1,3127.7,200,1,3127.8,398,2,3127.9,214,2
2031,2026-06-16 11:22:27+05:30,3127.6,3,3130.61,1594284,134445.0,216732.0,3163.0,3163.0,3108.0,3134.3,31900200,3447.7,2820.9,3839.9,2896.0,3127.1,11,1,3127.0,1359,6,3126.9,15,1,3126.6,58,3,3126.5,16,1,3127.5,3,1,3127.6,197,1,3127.7,200,1,3127.8,398,2,3127.9,214,2
2031,2026-06-16 11:22:29+05:30,3127.6,33,3130.61,1594284,134445.0,216732.0,3163.0,3163.0,3108.0,3134.3,31900200,3447.7,2820.9,3839.9,2896.0,3127.1,11,1,3127.0,1359,6,3126.9,15,1,3126.6,58,3,3126.5,16,1,3127.5,3,1,3127.6,197,1,3127.7,200,1,3127.8,398,2,3127.9,214,2
2031,2026-06-16 11:22:31+05:30,3127.5,1,3130.61,1594284,134445.0,216732.0,3163.0,3163.0,3108.0,3134.3,31900200,3447.7,2820.9,3839.9,2896.0,3127.1,11,1,3127.0,1359,6,3126.9,15,1,3126.6,58,3,3126.5,16,1,3127.5,3,1,3127.6,197,1,3127.7,200,1,3127.8,398,2,3127.9,214,2
2031,2026-06-16 11:22:32+05:30,3127.5,1,3130.61,1594327,134554.0,216931.0,3163.0,3163.0,3108.0,3134.3,31900200,3447.7,2820.9,3839.9,2896.0,3127.4,15,1,3127.3,2,2,3127.1,6,2,3127.0,1361,7,3126.9,15,1,3127.5,59,4,3127.6,164,1,3127.7,200,1,3127.8,398,2,3127.9,240,3
2031,2026-06-16 11:22:34+05:30,3127.1,3,3130.61,1594327,134554.0,216931.0,3163.0,3163.0,3108.0,3134.3,31900200,3447.7,2820.9,3839.9,2896.0,3127.4,15,1,3127.3,2,2,3127.1,6,2,3127.0,1361,7,3126.9,15,1,3127.5,59,4,3127.6,164,1,3127.7,200,1,3127.8,398,2,3127.9,240,3
2031,2026-06-16 11:22:37+05:30,3127.4,1,3130.61,1594327,134554.0,216931.0,3163.0,3163.0,3108.0,3134.3,31900200,3447.7,2820.9,3839.9,2896.0,3127.4,15,1,3127.3,2,2,3127.1,6,2,3127.0,1361,7,3126.9,15,1,3127.5,59,4,3127.6,164,1,3127.7,200,1,3127.8,398,2,3127.9,240,3
2031,2026-06-16 11:22:37+05:30,3127.4,1,3130.61,1594533,134194.0,217490.0,3163.0,3163.0,3108.0,3134.3,31900200,3447.7,2820.9,3839.9,2896.0,3127.3,19,1,3127.2,15,1,3127.1,4,3,3127.0,1361,7,3126.5,23,1,3127.4,114,5,3127.5,255,10,3127.6,244,3,3127.7,414,3,3127.8,75,3
2031,2026-06-16 11:22:39+05:30,3127.2,1,3130.61,1594533,134194.0,217490.0,3163.0,3163.0,3108.0,3134.3,31900200,3447.7,2820.9,3839.9,2896.0,3127.3,19,1,3127.2,15,1,3127.1,4,3,3127.0,1361,7,3126.5,23,1,3127.4,114,5,3127.5,255,10,3127.6,244,3,3127.7,414,3,3127.8,75,3
2031,2026-06-16 11:22:40+05:30,3127.2,1,3130.61,1594533,134194.0,217490.0,3163.0,3163.0,3108.0,3134.3,31900200,3447.7,2820.9,3839.9,2896.0,3127.3,19,1,3127.2,15,1,3127.1,4,3,3127.0,1361,7,3126.5,23,1,3127.4,114,5,3127.5,255,10,3127.6,244,3,3127.7,414,3,3127.8,75,3
2031,2026-06-16 11:22:41+05:30,3127.4,1,3130.61,1594533,134194.0,217490.0,3163.0,3163.0,3108.0,3134.3,31900200,3447.7,2820.9,3839.9,2896.0,3127.3,19,1,3127.2,15,1,3127.1,4,3,3127.0,1361,7,3126.5,23,1,3127.4,114,5,3127.5,255,10,3127.6,244,3,3127.7,414,3,3127.8,75,3
2031,2026-06-16 11:22:42+05:30,3127.4,1,3130.61,1594533,134194.0,217490.0,3163.0,3163.0,3108.0,3134.3,31900200,3447.7,2820.9,3839.9,2896.0,3127.3,19,1,3127.2,15,1,3127.1,4,3,3127.0,1361,7,3126.5,23,1,3127.4,114,5,3127.5,255,10,3127.6,244,3,3127.7,414,3,3127.8,75,3
2031,2026-06-16 11:22:42+05:30,3127.3,1,3130.61,1594785,134325.0,217429.0,3163.0,3163.0,3108.0,3134.3,31900200,3447.7,2820.9,3839.9,2896.0,3127.3,1,1,3127.2,14,1,3127.0,1361,7,3126.5,23,1,3126.4,13,1,3127.4,31,4,3127.5,220,5,3127.6,268,4,3127.7,414,3,3127.8,75,3
2031,2026-06-16 11:22:43+05:30,3127.4,1,3130.61,1594785,134325.0,217429.0,3163.0,3163.0,3108.0,3134.3,31900200,3447.7,2820.9,3839.9,2896.0,3127.3,1,1,3127.2,14,1,3127.0,1361,7,3126.5,23,1,3126.4,13,1,3127.4,31,4,3127.5,220,5,3127.6,268,4,3127.7,414,3,3127.8,75,3
2031,2026-06-16 11:22:44+05:30,3127.4,1,3130.61,1594785,134325.0,217429.0,3163.0,3163.0,3108.0,3134.3,31900200,3447.7,2820.9,3839.9,2896.0,3127.3,1,1,3127.2,14,1,3127.0,1361,7,3126.5,23,1,3126.4,13,1,3127.4,31,4,3127.5,220,5,3127.6,268,4,3127.7,414,3,3127.8,75,3
2031,2026-06-16 11:22:45+05:30,3127.4,2,3130.61,1594785,134325.0,217429.0,3163.0,3163.0,3108.0,3134.3,31900200,3447.7,2820.9,3839.9,2896.0,3127.3,1,1,3127.2,14,1,3127.0,1361,7,3126.5,23,1,3126.4,13,1,3127.4,31,4,3127.5,220,5,3127.6,268,4,3127.7,414,3,3127.8,75,3
2031,2026-06-16 11:22:46+05:30,3127.4,2,3130.61,1594785,134325.0,217429.0,3163.0,3163.0,3108.0,3134.3,31900200,3447.7,2820.9,3839.9,2896.0,3127.3,1,1,3127.2,14,1,3127.0,1361,7,3126.5,23,1,3126.4,13,1,3127.4,31,4,3127.5,220,5,3127.6,268,4,3127.7,414,3,3127.8,75,3
2031,2026-06-16 11:22:47+05:30,3127.3,1,3130.61,1594785,134325.0,217429.0,3163.0,3163.0,3108.0,3134.3,31900200,3447.7,2820.9,3839.9,2896.0,3127.3,1,1,3127.2,14,1,3127.0,1361,7,3126.5,23,1,3126.4,13,1,3127.4,31,4,3127.5,220,5,3127.6,268,4,3127.7,414,3,3127.8,75,3
2031,2026-06-16 11:22:47+05:30,3127.3,1,3130.61,1594953,134405.0,217113.0,3163.0,3163.0,3108.0,3134.3,31900200,3447.7,2820.9,3839.9,2896.0,3127.3,21,2,3127.2,14,1,3127.0,1361,7,3126.5,83,2,3126.4,50,4,3127.4,3,2,3127.5,176,3,3127.6,200,1,3127.7,398,2,3127.9,259,3
2031,2026-06-16 11:22:47+05:30,3127.3,1,3130.61,1594953,134405.0,217113.0,3163.0,3163.0,3108.0,3134.3,31900200,3447.7,2820.9,3839.9,2896.0,3127.3,21,2,3127.2,14,1,3127.0,1361,7,3126.5,83,2,3126.4,50,4,3127.4,3,2,3127.5,176,3,3127.6,200,1,3127.7,398,2,3127.9,259,3
2031,2026-06-16 11:22:49+05:30,3127.3,3,3130.61,1594953,134405.0,217113.0,3163.0,3163.0,3108.0,3134.3,31900200,3447.7,2820.9,3839.9,2896.0,3127.3,21,2,3127.2,14,1,3127.0,1361,7,3126.5,83,2,3126.4,50,4,3127.4,3,2,3127.5,176,3,3127.6,200,1,3127.7,398,2,3127.9,259,3
2031,2026-06-16 11:22:49+05:30,3127.3,3,3130.61,1594953,134405.0,217113.0,3163.0,3163.0,3108.0,3134.3,31900200,3447.7,2820.9,3839.9,2896.0,3127.3,21,2,3127.2,14,1,3127.0,1361,7,3126.5,83,2,3126.4,50,4,3127.4,3,2,3127.5,176,3,3127.6,200,1,3127.7,398,2,3127.9,259,3
2031,2026-06-16 11:22:50+05:30,3127.3,3,3130.61,1594953,134405.0,217113.0,3163.0,3163.0,3108.0,3134.3,31900200,3447.7,2820.9,3839.9,2896.0,3127.3,21,2,3127.2,14,1,3127.0,1361,7,3126.5,83,2,3126.4,50,4,3127.4,3,2,3127.5,176,3,3127.6,200,1,3127.7,398,2,3127.9,259,3
2031,2026-06-16 11:22:51+05:30,3127.4,1,3130.61,1594953,134405.0,217113.0,3163.0,3163.0,3108.0,3134.3,31900200,3447.7,2820.9,3839.9,2896.0,3127.3,21,2,3127.2,14,1,3127.0,1361,7,3126.5,83,2,3126.4,50,4,3127.4,3,2,3127.5,176,3,3127.6,200,1,3127.7,398,2,3127.9,259,3
2031,2026-06-16 11:22:51+05:30,3127.4,1,3130.61,1594953,134405.0,217113.0,3163.0,3163.0,3108.0,3134.3,31900200,3447.7,2820.9,3839.9,2896.0,3127.3,21,2,3127.2,14,1,3127.0,1361,7,3126.5,83,2,3126.4,50,4,3127.4,3,2,3127.5,176,3,3127.6,200,1,3127.7,398,2,3127.9,259,3
2031,2026-06-16 11:22:52+05:30,3127.4,1,3130.61,1595126,134512.0,216974.0,3163.0,3163.0,3108.0,3134.3,31900200,3447.7,2820.9,3839.9,2896.0,3127.3,36,2,3127.2,14,1,3127.0,1361,7,3126.8,83,2,3126.7,27,1,3127.4,17,1,3127.5,35,4,3127.6,200,1,3127.7,200,1,3127.8,398,2
2031,2026-06-16 11:22:52+05:30,3127.4,1,3130.61,1595126,134512.0,216974.0,3163.0,3163.0,3108.0,3134.3,31900200,3447.7,2820.9,3839.9,2896.0,3127.3,36,2,3127.2,14,1,3127.0,1361,7,3126.8,83,2,3126.7,27,1,3127.4,17,1,3127.5,35,4,3127.6,200,1,3127.7,200,1,3127.8,398,2
2031,2026-06-16 11:22:53+05:30,3127.4,1,3130.61,1595126,134512.0,216974.0,3163.0,3163.0,3108.0,3134.3,31900200,3447.7,2820.9,3839.9,2896.0,3127.3,36,2,3127.2,14,1,3127.0,1361,7,3126.8,83,2,3126.7,27,1,3127.4,17,1,3127.5,35,4,3127.6,200,1,3127.7,200,1,3127.8,398,2
2031,2026-06-16 11:22:53+05:30,3127.4,1,3130.61,1595126,134512.0,216974.0,3163.0,3163.0,3108.0,3134.3,31900200,3447.7,2820.9,3839.9,2896.0,3127.3,36,2,3127.2,14,1,3127.0,1361,7,3126.8,83,2,3126.7,27,1,3127.4,17,1,3127.5,35,4,3127.6,200,1,3127.7,200,1,3127.8,398,2
2031,2026-06-16 11:22:54+05:30,3127.4,1,3130.61,1595126,134512.0,216974.0,3163.0,3163.0,3108.0,3134.3,31900200,3447.7,2820.9,3839.9,2896.0,3127.3,36,2,3127.2,14,1,3127.0,1361,7,3126.8,83,2,3126.7,27,1,3127.4,17,1,3127.5,35,4,3127.6,200,1,3127.7,200,1,3127.8,398,2
2031,2026-06-16 11:22:55+05:30,3127.4,1,3130.61,1595126,134512.0,216974.0,3163.0,3163.0,3108.0,3134.3,31900200,3447.7,2820.9,3839.9,2896.0,3127.3,36,2,3127.2,14,1,3127.0,1361,7,3126.8,83,2,3126.7,27,1,3127.4,17,1,3127.5,35,4,3127.6,200,1,3127.7,200,1,3127.8,398,2
2031,2026-06-16 11:22:55+05:30,3127.2,25,3130.61,1595126,134512.0,216974.0,3163.0,3163.0,3108.0,3134.3,31900200,3447.7,2820.9,3839.9,2896.0,3127.3,36,2,3127.2,14,1,3127.0,1361,7,3126.8,83,2,3126.7,27,1,3127.4,17,1,3127.5,35,4,3127.6,200,1,3127.7,200,1,3127.8,398,2
2031,2026-06-16 11:22:55+05:30,3127.2,25,3130.61,1595126,134512.0,216974.0,3163.0,3163.0,3108.0,3134.3,31900200,3447.7,2820.9,3839.9,2896.0,3127.3,36,2,3127.2,14,1,3127.0,1361,7,3126.8,83,2,3126.7,27,1,3127.4,17,1,3127.5,35,4,3127.6,200,1,3127.7,200,1,3127.8,398,2
2031,2026-06-16 11:22:56+05:30,3127.2,25,3130.61,1595126,134512.0,216974.0,3163.0,3163.0,3108.0,3134.3,31900200,3447.7,2820.9,3839.9,2896.0,3127.3,36,2,3127.2,14,1,3127.0,1361,7,3126.8,83,2,3126.7,27,1,3127.4,17,1,3127.5,35,4,3127.6,200,1,3127.7,200,1,3127.8,398,2
2031,2026-06-16 11:22:57+05:30,3127.1,1,3130.61,1595393,134090.0,217031.0,3163.0,3163.0,3108.0,3134.3,31900200,3447.7,2820.9,3839.9,2896.0,3127.0,1358,7,3126.9,14,1,3126.7,22,1,3126.6,2,1,3126.5,74,3,3127.1,183,1,3127.4,36,2,3127.5,35,3,3127.6,200,1,3127.7,200,1
2031,2026-06-16 11:22:57+05:30,3127.1,1,3130.61,1595393,134090.0,217031.0,3163.0,3163.0,3108.0,3134.3,31900200,3447.7,2820.9,3839.9,2896.0,3127.0,1358,7,3126.9,14,1,3126.7,22,1,3126.6,2,1,3126.5,74,3,3127.1,183,1,3127.4,36,2,3127.5,35,3,3127.6,200,1,3127.7,200,1
2031,2026-06-16 11:22:57+05:30,3127.1,1,3130.61,1595393,134090.0,217031.0,3163.0,3163.0,3108.0,3134.3,31900200,3447.7,2820.9,3839.9,2896.0,3127.0,1358,7,3126.9,14,1,3126.7,22,1,3126.6,2,1,3126.5,74,3,3127.1,183,1,3127.4,36,2,3127.5,35,3,3127.6,200,1,3127.7,200,1
2031,2026-06-16 11:22:58+05:30,3127.1,1,3130.61,1595393,134090.0,217031.0,3163.0,3163.0,3108.0,3134.3,31900200,3447.7,2820.9,3839.9,2896.0,3127.0,1358,7,3126.9,14,1,3126.7,22,1,3126.6,2,1,3126.5,74,3,3127.1,183,1,3127.4,36,2,3127.5,35,3,3127.6,200,1,3127.7,200,1
2031,2026-06-16 11:22:59+05:30,3127.1,1,3130.61,1595393,134090.0,217031.0,3163.0,3163.0,3108.0,3134.3,31903000,3447.7,2820.9,3839.9,2896.0,3127.0,1358,7,3126.9,14,1,3126.7,22,1,3126.6,2,1,3126.5,74,3,3127.1,183,1,3127.4,36,2,3127.5,35,3,3127.6,200,1,3127.7,200,1
2031,2026-06-16 11:23:01+05:30,3127.0,2,3130.61,1595393,134090.0,217031.0,3163.0,3163.0,3108.0,3134.3,31903000,3447.7,2820.9,3839.9,2896.0,3127.0,1358,7,3126.9,14,1,3126.7,22,1,3126.6,2,1,3126.5,74,3,3127.1,183,1,3127.4,36,2,3127.5,35,3,3127.6,200,1,3127.7,200,1
2031,2026-06-16 11:23:01+05:30,3127.0,1,3130.61,1595603,133913.0,216413.0,3163.0,3163.0,3108.0,3134.3,31903000,3447.7,2820.9,3839.9,2896.0,3127.0,1236,12,3126.9,14,1,3126.8,57,4,3126.7,13,1,3126.6,42,4,3127.1,15,3,3127.4,26,1,3127.6,200,1,3127.7,200,1,3127.8,398,2
2031,2026-06-16 11:23:03+05:30,3127.0,9,3130.61,1595603,133913.0,216413.0,3163.0,3163.0,3108.0,3134.3,31903000,3447.7,2820.9,3839.9,2896.0,3127.0,1236,12,3126.9,14,1,3126.8,57,4,3126.7,13,1,3126.6,42,4,3127.1,15,3,3127.4,26,1,3127.6,200,1,3127.7,200,1,3127.8,398,2
2031,2026-06-16 11:23:05+05:30,3127.0,5,3130.61,1595603,133913.0,216413.0,3163.0,3163.0,3108.0,3134.3,31903000,3447.7,2820.9,3839.9,2896.0,3127.0,1236,12,3126.9,14,1,3126.8,57,4,3126.7,13,1,3126.6,42,4,3127.1,15,3,3127.4,26,1,3127.6,200,1,3127.7,200,1,3127.8,398,2
2031,2026-06-16 11:23:06+05:30,3127.0,5,3130.61,1595746,134018.0,216797.0,3163.0,3163.0,3108.0,3134.3,31903000,3447.7,2820.9,3839.9,2896.0,3127.0,1140,10,3126.9,14,1,3126.8,15,1,3126.7,21,1,3126.6,18,2,3127.1,66,2,3127.4,26,1,3127.5,31,2,3127.6,200,1,3127.7,250,2
2031,2026-06-16 11:23:07+05:30,3127.0,20,3130.61,1595746,134018.0,216797.0,3163.0,3163.0,3108.0,3134.3,31903000,3447.7,2820.9,3839.9,2896.0,3127.0,1140,10,3126.9,14,1,3126.8,15,1,3126.7,21,1,3126.6,18,2,3127.1,66,2,3127.4,26,1,3127.5,31,2,3127.6,200,1,3127.7,250,2
2031,2026-06-16 11:23:09+05:30,3127.1,7,3130.61,1595746,134018.0,216797.0,3163.0,3163.0,3108.0,3134.3,31903000,3447.7,2820.9,3839.9,2896.0,3127.0,1140,10,3126.9,14,1,3126.8,15,1,3126.7,21,1,3126.6,18,2,3127.1,66,2,3127.4,26,1,3127.5,31,2,3127.6,200,1,3127.7,250,2
2031,2026-06-16 11:23:11+05:30,3127.3,23,3130.61,1595746,134018.0,216797.0,3163.0,3163.0,3108.0,3134.3,31903000,3447.7,2820.9,3839.9,2896.0,3127.0,1140,10,3126.9,14,1,3126.8,15,1,3126.7,21,1,3126.6,18,2,3127.1,66,2,3127.4,26,1,3127.5,31,2,3127.6,200,1,3127.7,250,2
2031,2026-06-16 11:23:11+05:30,3127.3,23,3130.61,1596005,134075.0,217191.0,3163.0,3163.0,3108.0,3134.3,31903000,3447.7,2820.9,3839.9,2896.0,3127.2,29,3,3127.1,13,1,3127.0,1127,9,3126.9,28,2,3126.8,52,3,3127.3,16,1,3127.4,26,1,3127.5,31,2,3127.6,200,1,3127.7,250,2
2031,2026-06-16 11:23:13+05:30,3127.0,57,3130.61,1596005,134075.0,217191.0,3163.0,3163.0,3108.0,3134.3,31903000,3447.7,2820.9,3839.9,2896.0,3127.2,29,3,3127.1,13,1,3127.0,1127,9,3126.9,28,2,3126.8,52,3,3127.3,16,1,3127.4,26,1,3127.5,31,2,3127.6,200,1,3127.7,250,2
2031,2026-06-16 11:23:15+05:30,3127.0,27,3130.61,1596005,134075.0,217191.0,3163.0,3163.0,3108.0,3134.3,31903000,3447.7,2820.9,3839.9,2896.0,3127.2,29,3,3127.1,13,1,3127.0,1127,9,3126.9,28,2,3126.8,52,3,3127.3,16,1,3127.4,26,1,3127.5,31,2,3127.6,200,1,3127.7,250,2
2031,2026-06-16 11:23:16+05:30,3127.3,1,3130.61,1596462,133738.0,216495.0,3163.0,3163.0,3108.0,3134.3,31903000,3447.7,2820.9,3839.9,2896.0,3127.1,18,1,3127.0,1050,12,3126.8,45,3,3126.7,17,1,3126.6,59,3,3127.2,3,1,3127.3,37,2,3127.4,26,1,3127.5,2,1,3127.6,200,1
2031,2026-06-16 11:23:17+05:30,3127.1,4,3130.61,1596462,133738.0,216495.0,3163.0,3163.0,3108.0,3134.3,31903000,3447.7,2820.9,3839.9,2896.0,3127.1,18,1,3127.0,1050,12,3126.8,45,3,3126.7,17,1,3126.6,59,3,3127.2,3,1,3127.3,37,2,3127.4,26,1,3127.5,2,1,3127.6,200,1
2031,2026-06-16 11:23:19+05:30,3127.0,11,3130.61,1596462,133738.0,216495.0,3163.0,3163.0,3108.0,3134.3,31903000,3447.7,2820.9,3839.9,2896.0,3127.1,18,1,3127.0,1050,12,3126.8,45,3,3126.7,17,1,3126.6,59,3,3127.2,3,1,3127.3,37,2,3127.4,26,1,3127.5,2,1,3127.6,200,1
2031,2026-06-16 11:23:21+05:30,3127.0,2,3130.6,1596815,133758.0,216194.0,3163.0,3163.0,3108.0,3134.3,31903000,3447.7,2820.9,3839.9,2896.0,3127.0,905,11,3126.8,35,2,3126.6,52,3,3126.5,73,4,3126.4,137,5,3127.1,161,1,3127.2,36,2,3127.3,37,2,3127.4,26,1,3127.5,2,1
2031,2026-06-16 11:23:21+05:30,3127.0,2,3130.6,1596815,133758.0,216194.0,3163.0,3163.0,3108.0,3134.3,31903000,3447.7,2820.9,3839.9,2896.0,3127.0,905,11,3126.8,35,2,3126.6,52,3,3126.5,73,4,3126.4,137,5,3127.1,161,1,3127.2,36,2,3127.3,37,2,3127.4,26,1,3127.5,2,1
2031,2026-06-16 11:23:23+05:30,3127.1,1,3130.6,1596815,133758.0,216194.0,3163.0,3163.0,3108.0,3134.3,31903000,3447.7,2820.9,3839.9,2896.0,3127.0,905,11,3126.8,35,2,3126.6,52,3,3126.5,73,4,3126.4,137,5,3127.1,161,1,3127.2,36,2,3127.3,37,2,3127.4,26,1,3127.5,2,1
2031,2026-06-16 11:23:25+05:30,3128.3,9,3130.6,1596815,133758.0,216194.0,3163.0,3163.0,3108.0,3134.3,31903000,3447.7,2820.9,3839.9,2896.0,3127.0,905,11,3126.8,35,2,3126.6,52,3,3126.5,73,4,3126.4,137,5,3127.1,161,1,3127.2,36,2,3127.3,37,2,3127.4,26,1,3127.5,2,1
2031,2026-06-16 11:23:26+05:30,3127.0,1,3130.6,1599551,134145.0,214328.0,3163.0,3163.0,3108.0,3134.3,31903000,3447.7,2820.9,3839.9,2896.0,3127.1,41,2,3127.0,537,10,3126.9,4,1,3126.8,94,3,3126.7,132,3,3128.3,24,1,3128.4,82,1,3128.6,22,1,3128.7,46,2,3128.8,84,2
2031,2026-06-16 11:23:27+05:30,3127.0,1,3130.6,1599551,134145.0,214328.0,3163.0,3163.0,3108.0,3134.3,31903000,3447.7,2820.9,3839.9,2896.0,3127.1,41,2,3127.0,537,10,3126.9,4,1,3126.8,94,3,3126.7,132,3,3128.3,24,1,3128.4,82,1,3128.6,22,1,3128.7,46,2,3128.8,84,2
2031,2026-06-16 11:23:29+05:30,3128.3,5,3130.6,1599551,134145.0,214328.0,3163.0,3163.0,3108.0,3134.3,31903000,3447.7,2820.9,3839.9,2896.0,3127.1,41,2,3127.0,537,10,3126.9,4,1,3126.8,94,3,3126.7,132,3,3128.3,24,1,3128.4,82,1,3128.6,22,1,3128.7,46,2,3128.8,84,2
2031,2026-06-16 11:23:31+05:30,3127.7,1,3130.6,1599551,134145.0,214328.0,3163.0,3163.0,3108.0,3134.3,31903000,3447.7,2820.9,3839.9,2896.0,3127.1,41,2,3127.0,537,10,3126.9,4,1,3126.8,94,3,3126.7,132,3,3128.3,24,1,3128.4,82,1,3128.6,22,1,3128.7,46,2,3128.8,84,2
2031,2026-06-16 11:23:31+05:30,3127.7,1,3130.6,1599579,134235.0,214749.0,3163.0,3163.0,3108.0,3134.3,31903000,3447.7,2820.9,3839.9,2896.0,3127.1,226,5,3127.0,444,8,3126.7,27,1,3126.6,38,2,3126.5,23,1,3127.6,202,2,3127.7,199,1,3128.2,108,3,3128.3,227,5,3128.4,104,4
2031,2026-06-16 11:23:33+05:30,3127.7,1,3130.6,1599579,134235.0,214749.0,3163.0,3163.0,3108.0,3134.3,31903000,3447.7,2820.9,3839.9,2896.0,3127.1,226,5,3127.0,444,8,3126.7,27,1,3126.6,38,2,3126.5,23,1,3127.6,202,2,3127.7,199,1,3128.2,108,3,3128.3,227,5,3128.4,104,4
2031,2026-06-16 11:23:35+05:30,3127.2,1,3130.6,1599579,134235.0,214749.0,3163.0,3163.0,3108.0,3134.3,31903000,3447.7,2820.9,3839.9,2896.0,3127.1,226,5,3127.0,444,8,3126.7,27,1,3126.6,38,2,3126.5,23,1,3127.6,202,2,3127.7,199,1,3128.2,108,3,3128.3,227,5,3128.4,104,4
2031,2026-06-16 11:23:36+05:30,3127.1,2,3130.6,1599875,133222.0,214541.0,3163.0,3163.0,3108.0,3134.3,31903000,3447.7,2820.9,3839.9,2896.0,3127.1,127,5,3127.0,471,9,3126.9,42,1,3126.8,27,1,3126.7,21,1,3127.2,4,1,3127.6,66,5,3128.2,161,2,3128.3,267,5,3128.4,261,4
2031,2026-06-16 11:23:37+05:30,3127.1,1,3130.6,1599875,133222.0,214541.0,3163.0,3163.0,3108.0,3134.3,31903000,3447.7,2820.9,3839.9,2896.0,3127.1,127,5,3127.0,471,9,3126.9,42,1,3126.8,27,1,3126.7,21,1,3127.2,4,1,3127.6,66,5,3128.2,161,2,3128.3,267,5,3128.4,261,4
2031,2026-06-16 11:23:39+05:30,3127.2,1,3130.6,1599875,133222.0,214541.0,3163.0,3163.0,3108.0,3134.3,31903000,3447.7,2820.9,3839.9,2896.0,3127.1,127,5,3127.0,471,9,3126.9,42,1,3126.8,27,1,3126.7,21,1,3127.2,4,1,3127.6,66,5,3128.2,161,2,3128.3,267,5,3128.4,261,4
2031,2026-06-16 11:23:41+05:30,3127.2,1,3130.6,1599875,133222.0,214541.0,3163.0,3163.0,3108.0,3134.3,31903000,3447.7,2820.9,3839.9,2896.0,3127.1,127,5,3127.0,471,9,3126.9,42,1,3126.8,27,1,3126.7,21,1,3127.2,4,1,3127.6,66,5,3128.2,161,2,3128.3,267,5,3128.4,261,4
2031,2026-06-16 11:23:41+05:30,3127.0,39,3130.6,1599875,133222.0,214541.0,3163.0,3163.0,3108.0,3134.3,31903000,3447.7,2820.9,3839.9,2896.0,3127.1,127,5,3127.0,471,9,3126.9,42,1,3126.8,27,1,3126.7,21,1,3127.2,4,1,3127.6,66,5,3128.2,161,2,3128.3,267,5,3128.4,261,4
2031,2026-06-16 11:23:41+05:30,3127.1,1,3130.6,1600309,133018.0,214445.0,3163.0,3163.0,3108.0,3134.3,31903000,3447.7,2820.9,3839.9,2896.0,3127.0,402,8,3126.9,16,1,3126.7,21,1,3126.6,27,1,3126.5,81,2,3127.1,20,2,3127.2,1,1,3127.6,65,4,3128.0,72,2,3128.1,143,1
2031,2026-06-16 11:23:42+05:30,3127.1,1,3130.6,1600309,133018.0,214445.0,3163.0,3163.0,3108.0,3134.3,31903000,3447.7,2820.9,3839.9,2896.0,3127.0,402,8,3126.9,16,1,3126.7,21,1,3126.6,27,1,3126.5,81,2,3127.1,20,2,3127.2,1,1,3127.6,65,4,3128.0,72,2,3128.1,143,1
2031,2026-06-16 11:23:43+05:30,3127.0,1,3130.6,1600309,133018.0,214445.0,3163.0,3163.0,3108.0,3134.3,31903000,3447.7,2820.9,3839.9,2896.0,3127.0,402,8,3126.9,16,1,3126.7,21,1,3126.6,27,1,3126.5,81,2,3127.1,20,2,3127.2,1,1,3127.6,65,4,3128.0,72,2,3128.1,143,1
2031,2026-06-16 11:23:44+05:30,3127.0,1,3130.6,1600309,133018.0,214445.0,3163.0,3163.0,3108.0,3134.3,31903000,3447.7,2820.9,3839.9,2896.0,3127.0,402,8,3126.9,16,1,3126.7,21,1,3126.6,27,1,3126.5,81,2,3127.1,20,2,3127.2,1,1,3127.6,65,4,3128.0,72,2,3128.1,143,1
2031,2026-06-16 11:23:45+05:30,3127.0,10,3130.6,1600309,133018.0,214445.0,3163.0,3163.0,3108.0,3134.3,31903000,3447.7,2820.9,3839.9,2896.0,3127.0,402,8,3126.9,16,1,3126.7,21,1,3126.6,27,1,3126.5,81,2,3127.1,20,2,3127.2,1,1,3127.6,65,4,3128.0,72,2,3128.1,143,1
2031,2026-06-16 11:23:46+05:30,3127.0,9,3130.6,1600462,132724.0,216247.0,3163.0,3163.0,3108.0,3134.3,31903000,3447.7,2820.9,3839.9,2896.0,3127.0,275,8,3126.9,16,1,3126.5,102,3,3126.4,40,2,3126.3,17,3,3127.1,22,1,3127.6,2,1,3127.8,56,3,3127.9,17,1,3128.0,117,4
2031,2026-06-16 11:23:46+05:30,3127.0,9,3130.6,1600462,132724.0,216247.0,3163.0,3163.0,3108.0,3134.3,31903000,3447.7,2820.9,3839.9,2896.0,3127.0,275,8,3126.9,16,1,3126.5,102,3,3126.4,40,2,3126.3,17,3,3127.1,22,1,3127.6,2,1,3127.8,56,3,3127.9,17,1,3128.0,117,4
2031,2026-06-16 11:23:47+05:30,3127.0,1,3130.6,1600462,132724.0,216247.0,3163.0,3163.0,3108.0,3134.3,31903000,3447.7,2820.9,3839.9,2896.0,3127.0,275,8,3126.9,16,1,3126.5,102,3,3126.4,40,2,3126.3,17,3,3127.1,22,1,3127.6,2,1,3127.8,56,3,3127.9,17,1,3128.0,117,4
2031,2026-06-16 11:23:48+05:30,3127.0,1,3130.6,1600462,132724.0,216247.0,3163.0,3163.0,3108.0,3134.3,31903000,3447.7,2820.9,3839.9,2896.0,3127.0,275,8,3126.9,16,1,3126.5,102,3,3126.4,40,2,3126.3,17,3,3127.1,22,1,3127.6,2,1,3127.8,56,3,3127.9,17,1,3128.0,117,4
2031,2026-06-16 11:23:49+05:30,3127.5,4,3130.6,1600462,132724.0,216247.0,3163.0,3163.0,3108.0,3134.3,31903000,3447.7,2820.9,3839.9,2896.0,3127.0,275,8,3126.9,16,1,3126.5,102,3,3126.4,40,2,3126.3,17,3,3127.1,22,1,3127.6,2,1,3127.8,56,3,3127.9,17,1,3128.0,117,4
2031,2026-06-16 11:23:49+05:30,3127.5,4,3130.6,1600462,132724.0,216247.0,3163.0,3163.0,3108.0,3134.3,31903000,3447.7,2820.9,3839.9,2896.0,3127.0,275,8,3126.9,16,1,3126.5,102,3,3126.4,40,2,3126.3,17,3,3127.1,22,1,3127.6,2,1,3127.8,56,3,3127.9,17,1,3128.0,117,4
2031,2026-06-16 11:23:51+05:30,3127.5,4,3130.6,1600462,132724.0,216247.0,3163.0,3163.0,3108.0,3134.3,31903000,3447.7,2820.9,3839.9,2896.0,3127.4,17,1,3127.0,272,8,3126.9,16,1,3126.5,43,2,3126.4,91,3,3127.6,1,1,3127.7,15,1,3127.8,62,3,3127.9,17,1,3128.0,138,4
2031,2026-06-16 11:23:51+05:30,3127.6,1,3130.6,1600607,133321.0,216065.0,3163.0,3163.0,3108.0,3134.3,31903000,3447.7,2820.9,3839.9,2896.0,3127.4,17,1,3127.0,272,8,3126.9,16,1,3126.5,43,2,3126.4,91,3,3127.6,1,1,3127.7,15,1,3127.8,62,3,3127.9,17,1,3128.0,138,4
2031,2026-06-16 11:23:51+05:30,3127.6,1,3130.6,1600607,133321.0,216065.0,3163.0,3163.0,3108.0,3134.3,31903000,3447.7,2820.9,3839.9,2896.0,3127.4,17,1,3127.0,272,8,3126.9,16,1,3126.5,43,2,3126.4,91,3,3127.6,1,1,3127.7,15,1,3127.8,62,3,3127.9,17,1,3128.0,138,4
2031,2026-06-16 11:23:51+05:30,3127.6,1,3130.6,1600607,133321.0,216065.0,3163.0,3163.0,3108.0,3134.3,31903000,3447.7,2820.9,3839.9,2896.0,3127.4,17,1,3127.0,272,8,3126.9,16,1,3126.5,43,2,3126.4,91,3,3127.6,1,1,3127.7,15,1,3127.8,62,3,3127.9,17,1,3128.0,138,4
2031,2026-06-16 11:23:52+05:30,3127.6,1,3130.6,1600607,133321.0,216065.0,3163.0,3163.0,3108.0,3134.3,31903000,3447.7,2820.9,3839.9,2896.0,3127.4,17,1,3127.0,272,8,3126.9,16,1,3126.5,43,2,3126.4,91,3,3127.6,1,1,3127.7,15,1,3127.8,62,3,3127.9,17,1,3128.0,138,4
2031,2026-06-16 11:23:53+05:30,3127.6,1,3130.6,1600607,133321.0,216065.0,3163.0,3163.0,3108.0,3134.3,31903000,3447.7,2820.9,3839.9,2896.0,3127.4,17,1,3127.0,272,8,3126.9,16,1,3126.5,43,2,3126.4,91,3,3127.6,1,1,3127.7,15,1,3127.8,62,3,3127.9,17,1,3128.0,138,4
2031,2026-06-16 11:23:54+05:30,3127.6,1,3130.6,1600607,133321.0,216065.0,3163.0,3163.0,3108.0,3134.3,31903000,3447.7,2820.9,3839.9,2896.0,3127.4,17,1,3127.0,272,8,3126.9,16,1,3126.5,43,2,3126.4,91,3,3127.6,1,1,3127.7,15,1,3127.8,62,3,3127.9,17,1,3128.0,138,4
2031,2026-06-16 11:23:55+05:30,3127.6,10,3130.6,1600607,133321.0,216065.0,3163.0,3163.0,3108.0,3134.3,31903000,3447.7,2820.9,3839.9,2896.0,3127.4,17,1,3127.0,272,8,3126.9,16,1,3126.5,43,2,3126.4,91,3,3127.6,1,1,3127.7,15,1,3127.8,62,3,3127.9,17,1,3128.0,138,4
2031,2026-06-16 11:23:55+05:30,3127.6,10,3130.6,1600607,133321.0,216065.0,3163.0,3163.0,3108.0,3134.3,31903000,3447.7,2820.9,3839.9,2896.0,3127.4,17,1,3127.0,272,8,3126.9,16,1,3126.5,43,2,3126.4,91,3,3127.6,1,1,3127.7,15,1,3127.8,62,3,3127.9,17,1,3128.0,138,4
2031,2026-06-16 11:23:56+05:30,3127.6,10,3130.6,1600607,133321.0,216065.0,3163.0,3163.0,3108.0,3134.3,31903000,3447.7,2820.9,3839.9,2896.0,3127.4,17,1,3127.0,272,8,3126.9,16,1,3126.5,43,2,3126.4,91,3,3127.6,1,1,3127.7,15,1,3127.8,62,3,3127.9,17,1,3128.0,138,4
2031,2026-06-16 11:23:56+05:30,3128.2,19,3130.6,1600695,133530.0,214361.0,3163.0,3163.0,3108.0,3134.3,31903000,3447.7,2820.9,3839.9,2896.0,3127.4,60,2,3127.0,271,7,3126.9,74,2,3126.7,79,2,3126.6,41,2,3128.4,115,3,3128.5,241,2,3128.6,384,6,3128.7,277,2,3128.8,207,7
2031,2026-06-16 11:23:57+05:30,3128.2,19,3130.6,1600695,133530.0,214361.0,3163.0,3163.0,3108.0,3134.3,31903000,3447.7,2820.9,3839.9,2896.0,3127.4,60,2,3127.0,271,7,3126.9,74,2,3126.7,79,2,3126.6,41,2,3128.4,115,3,3128.5,241,2,3128.6,384,6,3128.7,277,2,3128.8,207,7
2031,2026-06-16 11:23:57+05:30,3128.2,19,3130.6,1600695,133530.0,214361.0,3163.0,3163.0,3108.0,3134.3,31903000,3447.7,2820.9,3839.9,2896.0,3127.4,60,2,3127.0,271,7,3126.9,74,2,3126.7,79,2,3126.6,41,2,3128.4,115,3,3128.5,241,2,3128.6,384,6,3128.7,277,2,3128.8,207,7
2031,2026-06-16 11:23:57+05:30,3128.2,19,3130.6,1600695,133530.0,214361.0,3163.0,3163.0,3108.0,3134.3,31903000,3447.7,2820.9,3839.9,2896.0,3127.4,60,2,3127.0,271,7,3126.9,74,2,3126.7,79,2,3126.6,41,2,3128.4,115,3,3128.5,241,2,3128.6,384,6,3128.7,277,2,3128.8,207,7
2031,2026-06-16 11:23:58+05:30,3128.2,19,3130.6,1600695,133530.0,214361.0,3163.0,3163.0,3108.0,3134.3,31903000,3447.7,2820.9,3839.9,2896.0,3127.4,60,2,3127.0,271,7,3126.9,74,2,3126.7,79,2,3126.6,41,2,3128.4,115,3,3128.5,241,2,3128.6,384,6,3128.7,277,2,3128.8,207,7
2031,2026-06-16 11:23:59+05:30,3128.1,77,3130.6,1600695,133530.0,214361.0,3163.0,3163.0,3108.0,3134.3,31903000,3447.7,2820.9,3839.9,2896.0,3127.4,60,2,3127.0,271,7,3126.9,74,2,3126.7,79,2,3126.6,41,2,3128.4,115,3,3128.5,241,2,3128.6,384,6,3128.7,277,2,3128.8,207,7
2031,2026-06-16 11:23:59+05:30,3128.1,77,3130.6,1600695,133530.0,214361.0,3163.0,3163.0,3108.0,3134.3,31907800,3447.7,2820.9,3839.9,2896.0,3127.4,60,2,3127.0,271,7,3126.9,74,2,3126.7,79,2,3126.6,41,2,3128.4,115,3,3128.5,241,2,3128.6,384,6,3128.7,277,2,3128.8,207,7
2031,2026-06-16 11:24:01+05:30,3128.1,3,3130.6,1600695,133530.0,214361.0,3163.0,3163.0,3108.0,3134.3,31907800,3447.7,2820.9,3839.9,2896.0,3127.4,60,2,3127.0,271,7,3126.9,74,2,3126.7,79,2,3126.6,41,2,3128.4,115,3,3128.5,241,2,3128.6,384,6,3128.7,277,2,3128.8,207,7
2031,2026-06-16 11:24:01+05:30,3128.1,3,3130.6,1601164,133388.0,214836.0,3163.0,3163.0,3108.0,3134.3,31907800,3447.7,2820.9,3839.9,2896.0,3127.2,14,1,3127.1,18,1,3127.0,254,6,3126.7,20,1,3126.5,238,4,3128.1,27,1,3128.2,285,6,3128.3,230,2,3128.4,408,8,3128.5,60,1
2031,2026-06-16 11:24:04+05:30,3127.1,1,3130.6,1601164,133388.0,214836.0,3163.0,3163.0,3108.0,3134.3,31907800,3447.7,2820.9,3839.9,2896.0,3127.2,14,1,3127.1,18,1,3127.0,254,6,3126.7,20,1,3126.5,238,4,3128.1,27,1,3128.2,285,6,3128.3,230,2,3128.4,408,8,3128.5,60,1
2031,2026-06-16 11:24:06+05:30,3128.1,1,3130.6,1601224,133438.0,215040.0,3163.0,3163.0,3108.0,3134.3,31907800,3447.7,2820.9,3839.9,2896.0,3127.1,17,1,3127.0,254,6,3126.9,15,1,3126.8,25,1,3126.6,50,3,3128.1,28,3,3128.2,245,4,3128.3,230,2,3128.4,420,8,3128.5,324,3
2031,2026-06-16 11:24:07+05:30,3128.1,1,3130.6,1601224,133438.0,215040.0,3163.0,3163.0,3108.0,3134.3,31907800,3447.7,2820.9,3839.9,2896.0,3127.1,17,1,3127.0,254,6,3126.9,15,1,3126.8,25,1,3126.6,50,3,3128.1,28,3,3128.2,245,4,3128.3,230,2,3128.4,420,8,3128.5,324,3
2031,2026-06-16 11:24:10+05:30,3127.4,1,3130.6,1601224,133438.0,215040.0,3163.0,3163.0,3108.0,3134.3,31907800,3447.7,2820.9,3839.9,2896.0,3127.1,17,1,3127.0,254,6,3126.9,15,1,3126.8,25,1,3126.6,50,3,3128.1,28,3,3128.2,245,4,3128.3,230,2,3128.4,420,8,3128.5,324,3
2031,2026-06-16 11:24:11+05:30,3127.3,1,3130.6,1601474,132757.0,214190.0,3163.0,3163.0,3108.0,3134.3,31907800,3447.7,2820.9,3839.9,2896.0,3127.0,230,7,3126.9,15,1,3126.7,21,1,3126.5,23,1,3126.4,24,1,3127.3,19,1,3127.4,200,1,3127.5,19,1,3127.6,229,2,3127.7,34,1
2031,2026-06-16 11:24:13+05:30,3127.3,1,3130.6,1601474,132757.0,214190.0,3163.0,3163.0,3108.0,3134.3,31907800,3447.7,2820.9,3839.9,2896.0,3127.0,230,7,3126.9,15,1,3126.7,21,1,3126.5,23,1,3126.4,24,1,3127.3,19,1,3127.4,200,1,3127.5,19,1,3127.6,229,2,3127.7,34,1
2031,2026-06-16 11:24:16+05:30,3127.2,1,3130.6,1601532,132781.0,216664.0,3163.0,3163.0,3108.0,3134.3,31907800,3447.7,2820.9,3839.9,2896.0,3127.2,1,1,3127.1,18,2,3127.0,198,6,3126.9,15,1,3126.7,21,1,3127.3,101,5,3127.4,200,1,3127.5,19,1,3127.6,202,2,3127.7,1,1
2031,2026-06-16 11:24:16+05:30,3127.2,1,3130.6,1601532,132781.0,216664.0,3163.0,3163.0,3108.0,3134.3,31907800,3447.7,2820.9,3839.9,2896.0,3127.2,1,1,3127.1,18,2,3127.0,198,6,3126.9,15,1,3126.7,21,1,3127.3,101,5,3127.4,200,1,3127.5,19,1,3127.6,202,2,3127.7,1,1
2031,2026-06-16 11:24:18+05:30,3127.3,3,3130.6,1601672,132782.0,216764.0,3163.0,3163.0,3108.0,3134.3,31907800,3447.7,2820.9,3839.9,2896.0,3127.2,45,2,3127.1,61,3,3127.0,198,6,3126.9,15,1,3126.7,38,2,3127.3,16,1,3127.4,200,1,3127.5,19,1,3127.6,202,2,3127.7,1,1
2031,2026-06-16 11:24:19+05:30,3127.3,3,3130.6,1601672,132782.0,216764.0,3163.0,3163.0,3108.0,3134.3,31907800,3447.7,2820.9,3839.9,2896.0,3127.2,45,2,3127.1,61,3,3127.0,198,6,3126.9,15,1,3126.7,38,2,3127.3,16,1,3127.4,200,1,3127.5,19,1,3127.6,202,2,3127.7,1,1
2031,2026-06-16 11:24:19+05:30,3127.3,2,3130.6,1601690,132827.0,216610.0,3163.0,3163.0,3108.0,3134.3,31907800,3447.7,2820.9,3839.9,2896.0,3127.3,2,1,3127.2,61,3,3127.1,66,3,3127.0,198,6,3126.9,15,1,3127.4,200,1,3127.5,19,1,3127.6,202,2,3127.7,1,1,3127.8,1,1
2031,2026-06-16 11:24:20+05:30,3127.3,2,3130.6,1601690,132827.0,216610.0,3163.0,3163.0,3108.0,3134.3,31907800,3447.7,2820.9,3839.9,2896.0,3127.3,2,1,3127.2,61,3,3127.1,66,3,3127.0,198,6,3126.9,15,1,3127.4,200,1,3127.5,19,1,3127.6,202,2,3127.7,1,1,3127.8,1,1
2031,2026-06-16 11:24:20+05:30,3127.5,1,3130.59,1601908,133064.0,214346.0,3163.0,3163.0,3108.0,3134.3,31907800,3447.7,2820.9,3839.9,2896.0,3127.2,34,1,3127.1,66,3,3127.0,198,6,3126.9,16,1,3126.8,120,4,3127.4,24,1,3127.5,1,1,3127.6,202,2,3127.7,1,1,3127.8,1,1
2031,2026-06-16 11:24:21+05:30,3127.5,1,3130.59,1601908,133064.0,214346.0,3163.0,3163.0,3108.0,3134.3,31907800,3447.7,2820.9,3839.9,2896.0,3127.2,34,1,3127.1,66,3,3127.0,198,6,3126.9,16,1,3126.8,120,4,3127.4,24,1,3127.5,1,1,3127.6,202,2,3127.7,1,1,3127.8,1,1
2031,2026-06-16 11:24:21+05:30,3127.4,1,3130.59,1601909,133086.0,216340.0,3163.0,3163.0,3108.0,3134.3,31907800,3447.7,2820.9,3839.9,2896.0,3127.2,49,2,3127.1,66,3,3127.0,198,6,3126.8,120,4,3126.7,109,5,3127.4,23,1,3127.5,1,1,3127.6,202,2,3127.7,1,1,3127.8,1,1
2031,2026-06-16 11:24:22+05:30,3127.4,1,3130.59,1601909,133086.0,216340.0,3163.0,3163.0,3108.0,3134.3,31907800,3447.7,2820.9,3839.9,2896.0,3127.2,49,2,3127.1,66,3,3127.0,198,6,3126.8,120,4,3126.7,109,5,3127.4,23,1,3127.5,1,1,3127.6,202,2,3127.7,1,1,3127.8,1,1
2031,2026-06-16 11:24:22+05:30,3127.4,2,3130.59,1601911,133285.0,216140.0,3163.0,3163.0,3108.0,3134.3,31907800,3447.7,2820.9,3839.9,2896.0,3127.2,34,1,3127.1,85,4,3127.0,198,6,3126.9,16,1,3126.8,105,3,3127.4,22,2,3127.5,1,1,3127.6,202,2,3127.7,1,1,3127.8,1,1
2031,2026-06-16 11:24:23+05:30,3127.4,2,3130.59,1601911,133285.0,216140.0,3163.0,3163.0,3108.0,3134.3,31907800,3447.7,2820.9,3839.9,2896.0,3127.2,34,1,3127.1,85,4,3127.0,198,6,3126.9,16,1,3126.8,105,3,3127.4,22,2,3127.5,1,1,3127.6,202,2,3127.7,1,1,3127.8,1,1
2031,2026-06-16 11:24:23+05:30,3127.4,2,3130.59,1601911,133126.0,215752.0,3163.0,3163.0,3108.0,3134.3,31907800,3447.7,2820.9,3839.9,2896.0,3127.2,69,3,3127.1,61,3,3127.0,239,8,3126.8,140,5,3126.7,86,4,3127.4,22,2,3127.5,1,1,3127.6,202,2,3127.7,1,1,3127.8,1,1
2031,2026-06-16 11:24:25+05:30,3127.1,1,3130.59,1602153,132798.0,216712.0,3163.0,3163.0,3108.0,3134.3,31907800,3447.7,2820.9,3839.9,2896.0,3127.1,15,2,3127.0,198,6,3126.7,62,3,3126.5,23,1,3126.4,103,3,3127.2,4,1,3127.4,46,2,3127.5,1,1,3127.6,202,2,3127.7,1,1
2031,2026-06-16 11:24:25+05:30,3127.4,3,3130.59,1602153,132798.0,216712.0,3163.0,3163.0,3108.0,3134.3,31907800,3447.7,2820.9,3839.9,2896.0,3127.1,15,2,3127.0,198,6,3126.7,62,3,3126.5,23,1,3126.4,103,3,3127.2,4,1,3127.4,46,2,3127.5,1,1,3127.6,202,2,3127.7,1,1
2031,2026-06-16 11:24:26+05:30,3127.4,3,3130.59,1602161,132922.0,216439.0,3163.0,3163.0,3108.0,3134.3,31907800,3447.7,2820.9,3839.9,2896.0,3127.1,14,1,3127.0,198,6,3126.7,62,3,3126.5,23,1,3126.4,82,2,3127.3,4,1,3127.4,42,1,3127.5,1,1,3127.6,202,2,3127.7,1,1
2031,2026-06-16 11:24:27+05:30,3127.3,1,3130.59,1602163,132928.0,217442.0,3163.0,3163.0,3108.0,3134.3,31907800,3447.7,2820.9,3839.9,2896.0,3127.1,14,1,3127.0,198,6,3126.7,62,3,3126.5,23,1,3126.4,82,2,3127.3,2,1,3127.5,1,1,3127.6,202,2,3127.7,1,1,3127.8,1,1
2031,2026-06-16 11:24:27+05:30,3127.3,1,3130.59,1602163,132928.0,217442.0,3163.0,3163.0,3108.0,3134.3,31907800,3447.7,2820.9,3839.9,2896.0,3127.1,14,1,3127.0,198,6,3126.7,62,3,3126.5,23,1,3126.4,82,2,3127.3,2,1,3127.5,1,1,3127.6,202,2,3127.7,1,1,3127.8,1,1
2031,2026-06-16 11:24:28+05:30,3127.3,1,3130.59,1602163,132928.0,217442.0,3163.0,3163.0,3108.0,3134.3,31907800,3447.7,2820.9,3839.9,2896.0,3127.1,14,1,3127.0,198,6,3126.7,62,3,3126.5,23,1,3126.4,82,2,3127.3,2,1,3127.5,1,1,3127.6,202,2,3127.7,1,1,3127.8,1,1
2031,2026-06-16 11:24:28+05:30,3127.3,1,3130.59,1602166,132746.0,217261.0,3163.0,3163.0,3108.0,3134.3,31907800,3447.7,2820.9,3839.9,2896.0,3127.3,15,1,3127.0,198,6,3126.7,62,3,3126.5,23,1,3126.4,82,2,3127.5,1,1,3127.6,200,1,3127.7,1,1,3127.8,1,1,3127.9,55,3
2031,2026-06-16 11:24:29+05:30,3127.3,35,3130.59,1602166,132746.0,217261.0,3163.0,3163.0,3108.0,3134.3,31907800,3447.7,2820.9,3839.9,2896.0,3127.3,15,1,3127.0,198,6,3126.7,62,3,3126.5,23,1,3126.4,82,2,3127.5,1,1,3127.6,200,1,3127.7,1,1,3127.8,1,1,3127.9,55,3
2031,2026-06-16 11:24:29+05:30,3127.3,35,3130.59,1602201,132719.0,217447.0,3163.0,3163.0,3108.0,3134.3,31907800,3447.7,2820.9,3839.9,2896.0,3127.3,18,1,3127.0,198,6,3126.7,38,2,3126.5,23,1,3126.4,81,2,3127.4,4,1,3127.5,17,3,3127.6,237,3,3127.7,1,1,3127.8,39,3
2031,2026-06-16 11:24:30+05:30,3127.5,9,3130.59,1602201,132719.0,217447.0,3163.0,3163.0,3108.0,3134.3,31907800,3447.7,2820.9,3839.9,2896.0,3127.3,18,1,3127.0,198,6,3126.7,38,2,3126.5,23,1,3126.4,81,2,3127.4,4,1,3127.5,17,3,3127.6,237,3,3127.7,1,1,3127.8,39,3
2031,2026-06-16 11:24:30+05:30,3127.5,9,3130.59,1602218,132730.0,217321.0,3163.0,3163.0,3108.0,3134.3,31907800,3447.7,2820.9,3839.9,2896.0,3127.3,24,3,3127.0,218,7,3126.7,38,2,3126.5,23,1,3126.4,81,2,3127.6,200,1,3127.7,6,2,3127.8,39,3,3127.9,69,3,3128.0,114,5
2031,2026-06-16 11:24:31+05:30,3127.3,14,3130.59,1602418,132610.0,217097.0,3163.0,3163.0,3108.0,3134.3,31907800,3447.7,2820.9,3839.9,2896.0,3127.0,218,7,3126.7,38,2,3126.5,23,1,3126.3,47,4,3126.2,4,2,3127.5,24,1,3127.6,222,2,3127.7,5,1,3127.8,38,2,3127.9,67,2
2031,2026-06-16 11:24:31+05:30,3127.3,14,3130.59,1602418,132610.0,217097.0,3163.0,3163.0,3108.0,3134.3,31907800,3447.7,2820.9,3839.9,2896.0,3127.0,218,7,3126.7,38,2,3126.5,23,1,3126.3,47,4,3126.2,4,2,3127.5,24,1,3127.6,222,2,3127.7,5,1,3127.8,38,2,3127.9,67,2
2031,2026-06-16 11:24:32+05:30,3127.5,1,3130.59,1602418,132610.0,217097.0,3163.0,3163.0,3108.0,3134.3,31907800,3447.7,2820.9,3839.9,2896.0,3127.0,218,7,3126.7,38,2,3126.5,23,1,3126.3,47,4,3126.2,4,2,3127.5,24,1,3127.6,222,2,3127.7,5,1,3127.8,38,2,3127.9,67,2
2031,2026-06-16 11:24:32+05:30,3127.5,1,3130.59,1602419,132602.0,217383.0,3163.0,3163.0,3108.0,3134.3,31907800,3447.7,2820.9,3839.9,2896.0,3127.3,2,1,3127.0,218,7,3126.7,38,2,3126.5,23,1,3126.3,47,4,3127.5,240,3,3127.6,222,2,3127.7,5,1,3127.8,38,2,3127.9,67,2
2031,2026-06-16 11:24:33+05:30,3127.5,1,3130.59,1602419,132878.0,216947.0,3163.0,3163.0,3108.0,3134.3,31907800,3447.7,2820.9,3839.9,2896.0,3127.3,21,2,3127.0,198,6,3126.7,38,2,3126.5,23,1,3126.3,64,5,3127.5,262,4,3127.6,200,1,3127.7,28,2,3127.8,15,1,3127.9,67,2
2031,2026-06-16 11:24:34+05:30,3127.5,17,3130.59,1602419,132878.0,216947.0,3163.0,3163.0,3108.0,3134.3,31907800,3447.7,2820.9,3839.9,2896.0,3127.3,21,2,3127.0,198,6,3126.7,38,2,3126.5,23,1,3126.3,64,5,3127.5,262,4,3127.6,200,1,3127.7,28,2,3127.8,15,1,3127.9,67,2
2031,2026-06-16 11:24:34+05:30,3127.5,17,3130.59,1602681,132438.0,217546.0,3163.0,3163.0,3108.0,3134.3,31907800,3447.7,2820.9,3839.9,2896.0,3127.3,4,1,3127.0,166,5,3126.7,38,2,3126.5,23,1,3126.4,40,2,3127.5,222,3,3127.6,202,2,3127.7,5,1,3127.8,16,1,3127.9,90,3
2031,2026-06-16 11:24:35+05:30,3127.0,35,3130.59,1602681,132438.0,217546.0,3163.0,3163.0,3108.0,3134.3,31907800,3447.7,2820.9,3839.9,2896.0,3127.3,4,1,3127.0,166,5,3126.7,38,2,3126.5,23,1,3126.4,40,2,3127.5,222,3,3127.6,202,2,3127.7,5,1,3127.8,16,1,3127.9,90,3
2031,2026-06-16 11:24:35+05:30,3127.0,35,3130.59,1602721,132437.0,217816.0,3163.0,3163.0,3108.0,3134.3,31907800,3447.7,2820.9,3839.9,2896.0,3127.3,2,1,3127.0,131,5,3126.7,38,2,3126.5,23,1,3126.4,23,1,3127.4,11,1,3127.5,342,7,3127.6,217,3,3127.7,29,3,3127.8,17,2
2031,2026-06-16 11:24:36+05:30,3127.0,35,3130.59,1602721,132591.0,217816.0,3163.0,3163.0,3108.0,3134.3,31907800,3447.7,2820.9,3839.9,2896.0,3127.3,2,1,3127.0,131,5,3126.7,38,2,3126.5,23,1,3126.4,23,1,3127.4,11,1,3127.5,342,7,3127.6,217,3,3127.7,29,3,3127.8,17,2
2031,2026-06-16 11:24:37+05:30,3127.0,35,3130.59,1602721,132608.0,217807.0,3163.0,3163.0,3108.0,3134.3,31907800,3447.7,2820.9,3839.9,2896.0,3127.3,2,1,3127.0,148,6,3126.7,38,2,3126.5,23,1,3126.4,23,1,3127.4,11,1,3127.5,342,7,3127.6,202,2,3127.7,29,3,3127.8,17,2
2031,2026-06-16 11:24:38+05:30,3127.5,40,3130.59,1602721,132608.0,217807.0,3163.0,3163.0,3108.0,3134.3,31907800,3447.7,2820.9,3839.9,2896.0,3127.3,2,1,3127.0,148,6,3126.7,38,2,3126.5,23,1,3126.4,23,1,3127.4,11,1,3127.5,342,7,3127.6,202,2,3127.7,29,3,3127.8,17,2
2031,2026-06-16 11:24:38+05:30,3127.5,40,3130.59,1602772,132661.0,217638.0,3163.0,3163.0,3108.0,3134.3,31907800,3447.7,2820.9,3839.9,2896.0,3127.3,2,1,3127.0,160,7,3126.7,38,2,3126.5,23,1,3126.4,81,2,3127.5,302,7,3127.6,202,2,3127.7,1,1,3127.8,1,1,3127.9,69,3
2031,2026-06-16 11:24:39+05:30,3127.5,40,3130.59,1602772,132689.0,217694.0,3163.0,3163.0,3108.0,3134.3,31907800,3447.7,2820.9,3839.9,2896.0,3127.3,22,2,3127.0,143,6,3126.7,38,2,3126.5,46,2,3126.4,58,1,3127.4,6,1,3127.5,302,7,3127.6,202,2,3127.7,1,1,3127.8,1,1
2031,2026-06-16 11:24:40+05:30,3127.1,2,3130.59,1602772,132689.0,217694.0,3163.0,3163.0,3108.0,3134.3,31907800,3447.7,2820.9,3839.9,2896.0,3127.3,22,2,3127.0,143,6,3126.7,38,2,3126.5,46,2,3126.4,58,1,3127.4,6,1,3127.5,302,7,3127.6,202,2,3127.7,1,1,3127.8,1,1
2031,2026-06-16 11:24:40+05:30,3127.1,2,3130.59,1603444,132417.0,217438.0,3163.0,3163.0,3108.0,3134.3,31907800,3447.7,2820.9,3839.9,2896.0,3127.3,53,1,3127.0,74,4,3126.8,54,3,3126.7,38,2,3126.6,40,2,3127.5,277,6,3127.6,200,1,3127.7,1,1,3127.8,1,1,3127.9,2,1
2031,2026-06-16 11:24:41+05:30,3127.1,2,3130.59,1603444,132459.0,217464.0,3163.0,3163.0,3108.0,3134.3,31907800,3447.7,2820.9,3839.9,2896.0,3127.3,53,1,3127.0,74,4,3126.8,54,3,3126.7,38,2,3126.6,57,3,3127.4,8,1,3127.5,278,7,3127.6,200,1,3127.7,1,1,3127.8,1,1
2031,2026-06-16 11:24:41+05:30,3127.1,2,3130.59,1603444,132459.0,217464.0,3163.0,3163.0,3108.0,3134.3,31907800,3447.7,2820.9,3839.9,2896.0,3127.3,53,1,3127.0,74,4,3126.8,54,3,3126.7,38,2,3126.6,57,3,3127.4,8,1,3127.5,278,7,3127.6,200,1,3127.7,1,1,3127.8,1,1
2031,2026-06-16 11:24:42+05:30,3127.1,2,3130.59,1603444,132609.0,217136.0,3163.0,3163.0,3108.0,3134.3,31907800,3447.7,2820.9,3839.9,2896.0,3127.3,53,1,3127.0,74,4,3126.8,38,2,3126.7,38,2,3126.6,73,4,3127.4,14,2,3127.5,258,5,3127.6,200,1,3127.7,1,1,3127.8,1,1
2031,2026-06-16 11:24:42+05:30,3127.1,2,3130.59,1603444,132609.0,217136.0,3163.0,3163.0,3108.0,3134.3,31907800,3447.7,2820.9,3839.9,2896.0,3127.3,53,1,3127.0,74,4,3126.8,38,2,3126.7,38,2,3126.6,73,4,3127.4,14,2,3127.5,258,5,3127.6,200,1,3127.7,1,1,3127.8,1,1
2031,2026-06-16 11:24:43+05:30,3127.0,7,3130.59,1603505,132451.0,216779.0,3163.0,3163.0,3108.0,3134.3,31907800,3447.7,2820.9,3839.9,2896.0,3127.0,55,3,3126.8,28,1,3126.7,38,2,3126.6,41,2,3126.5,73,2,3127.1,147,1,3127.3,2,1,3127.4,22,2,3127.5,236,4,3127.6,200,1
2031,2026-06-16 11:24:43+05:30,3127.0,7,3130.59,1603505,132451.0,216779.0,3163.0,3163.0,3108.0,3134.3,31907800,3447.7,2820.9,3839.9,2896.0,3127.0,55,3,3126.8,28,1,3126.7,38,2,3126.6,41,2,3126.5,73,2,3127.1,147,1,3127.3,2,1,3127.4,22,2,3127.5,236,4,3127.6,200,1
2031,2026-06-16 11:24:44+05:30,3127.0,8,3130.59,1603526,132466.0,215387.0,3163.0,3163.0,3108.0,3134.3,31907800,3447.7,2820.9,3839.9,2896.0,3127.0,47,3,3126.7,38,2,3126.5,97,3,3126.4,27,2,3126.3,22,3,3127.1,160,3,3127.3,2,1,3127.4,16,1,3127.5,235,3,3127.6,200,1
2031,2026-06-16 11:24:44+05:30,3127.0,8,3130.59,1603526,132466.0,215387.0,3163.0,3163.0,3108.0,3134.3,31907800,3447.7,2820.9,3839.9,2896.0,3127.0,47,3,3126.7,38,2,3126.5,97,3,3126.4,27,2,3126.3,22,3,3127.1,160,3,3127.3,2,1,3127.4,16,1,3127.5,235,3,3127.6,200,1
2031,2026-06-16 11:24:45+05:30,3127.0,8,3130.59,1603526,132466.0,215387.0,3163.0,3163.0,3108.0,3134.3,31907800,3447.7,2820.9,3839.9,2896.0,3127.0,47,3,3126.7,38,2,3126.5,97,3,3126.4,27,2,3126.3,22,3,3127.1,160,3,3127.3,2,1,3127.4,16,1,3127.5,235,3,3127.6,200,1
2031,2026-06-16 11:24:45+05:30,3127.0,5,3130.59,1603570,132226.0,215380.0,3163.0,3163.0,3108.0,3134.3,31907800,3447.7,2820.9,3839.9,2896.0,3127.0,22,3,3126.7,38,2,3126.5,97,3,3126.4,27,2,3126.3,4,2,3127.1,182,4,3127.3,2,1,3127.5,235,3,3127.6,200,1,3127.7,34,2
2031,2026-06-16 11:24:45+05:30,3127.0,5,3130.59,1603570,132226.0,215380.0,3163.0,3163.0,3108.0,3134.3,31907800,3447.7,2820.9,3839.9,2896.0,3127.0,22,3,3126.7,38,2,3126.5,97,3,3126.4,27,2,3126.3,4,2,3127.1,182,4,3127.3,2,1,3127.5,235,3,3127.6,200,1,3127.7,34,2
2031,2026-06-16 11:24:46+05:30,3127.0,1,3130.59,1603724,132585.0,216144.0,3163.0,3163.0,3108.0,3134.3,31907800,3447.7,2820.9,3839.9,2896.0,3127.0,98,5,3126.8,43,2,3126.7,38,2,3126.6,56,3,3126.5,73,2,3127.1,172,4,3127.5,93,2,3127.6,200,1,3127.7,1,1,3127.8,1,1
2031,2026-06-16 11:24:46+05:30,3127.0,1,3130.59,1603724,132585.0,216144.0,3163.0,3163.0,3108.0,3134.3,31907800,3447.7,2820.9,3839.9,2896.0,3127.0,98,5,3126.8,43,2,3126.7,38,2,3126.6,56,3,3126.5,73,2,3127.1,172,4,3127.5,93,2,3127.6,200,1,3127.7,1,1,3127.8,1,1
2031,2026-06-16 11:24:46+05:30,3127.0,1,3130.59,1603724,132585.0,216144.0,3163.0,3163.0,3108.0,3134.3,31907800,3447.7,2820.9,3839.9,2896.0,3127.0,98,5,3126.8,43,2,3126.7,38,2,3126.6,56,3,3126.5,73,2,3127.1,172,4,3127.5,93,2,3127.6,200,1,3127.7,1,1,3127.8,1,1
2031,2026-06-16 11:24:47+05:30,3127.0,16,3130.59,1603741,132628.0,214832.0,3163.0,3163.0,3108.0,3134.3,31907800,3447.7,2820.9,3839.9,2896.0,3127.0,45,3,3126.8,27,1,3126.7,38,2,3126.6,24,1,3126.5,91,3,3127.1,211,6,3127.5,93,2,3127.7,1,1,3127.8,201,2,3127.9,2,1
2031,2026-06-16 11:24:47+05:30,3127.0,16,3130.59,1603741,132628.0,214832.0,3163.0,3163.0,3108.0,3134.3,31907800,3447.7,2820.9,3839.9,2896.0,3127.0,45,3,3126.8,27,1,3126.7,38,2,3126.6,24,1,3126.5,91,3,3127.1,211,6,3127.5,93,2,3127.7,1,1,3127.8,201,2,3127.9,2,1
2031,2026-06-16 11:24:48+05:30,3127.1,1,3130.59,1603747,132626.0,216232.0,3163.0,3163.0,3108.0,3134.3,31907800,3447.7,2820.9,3839.9,2896.0,3127.0,43,3,3126.8,27,1,3126.7,38,2,3126.6,24,1,3126.5,91,3,3127.1,208,7,3127.5,93,2,3127.7,1,1,3127.8,201,2,3127.9,2,1
2031,2026-06-16 11:24:48+05:30,3127.0,15,3130.59,1603747,132626.0,216232.0,3163.0,3163.0,3108.0,3134.3,31907800,3447.7,2820.9,3839.9,2896.0,3127.0,43,3,3126.8,27,1,3126.7,38,2,3126.6,24,1,3126.5,91,3,3127.1,208,7,3127.5,93,2,3127.7,1,1,3127.8,201,2,3127.9,2,1
2031,2026-06-16 11:24:48+05:30,3127.0,15,3130.59,1603747,132626.0,216232.0,3163.0,3163.0,3108.0,3134.3,31907800,3447.7,2820.9,3839.9,2896.0,3127.0,43,3,3126.8,27,1,3126.7,38,2,3126.6,24,1,3126.5,91,3,3127.1,208,7,3127.5,93,2,3127.7,1,1,3127.8,201,2,3127.9,2,1
2031,2026-06-16 11:24:49+05:30,3127.0,13,3130.59,1603879,132650.0,216693.0,3163.0,3163.0,3108.0,3134.3,31907800,3447.7,2820.9,3839.9,2896.0,3127.0,30,3,3126.9,23,1,3126.7,38,2,3126.6,38,2,3126.5,91,3,3127.1,89,6,3127.5,93,2,3127.7,1,1,3127.8,201,2,3127.9,2,1
2031,2026-06-16 11:24:49+05:30,3127.0,13,3130.59,1603879,132650.0,216693.0,3163.0,3163.0,3108.0,3134.3,31907800,3447.7,2820.9,3839.9,2896.0,3127.0,30,3,3126.9,23,1,3126.7,38,2,3126.6,38,2,3126.5,91,3,3127.1,89,6,3127.5,93,2,3127.7,1,1,3127.8,201,2,3127.9,2,1
2031,2026-06-16 11:24:50+05:30,3127.0,13,3130.59,1603879,132650.0,216693.0,3163.0,3163.0,3108.0,3134.3,31907800,3447.7,2820.9,3839.9,2896.0,3127.0,30,3,3126.9,23,1,3126.7,38,2,3126.6,38,2,3126.5,91,3,3127.1,89,6,3127.5,93,2,3127.7,1,1,3127.8,201,2,3127.9,2,1
2031,2026-06-16 11:24:50+05:30,3127.0,2,3130.59,1603881,132575.0,216708.0,3163.0,3163.0,3108.0,3134.3,31907800,3447.7,2820.9,3839.9,2896.0,3127.0,46,4,3126.9,15,1,3126.8,29,1,3126.7,38,2,3126.6,38,2,3127.1,89,6,3127.5,93,2,3127.7,1,1,3127.8,201,2,3127.9,2,1
2031,2026-06-16 11:24:50+05:30,3127.0,2,3130.59,1603881,132575.0,216708.0,3163.0,3163.0,3108.0,3134.3,31907800,3447.7,2820.9,3839.9,2896.0,3127.0,46,4,3126.9,15,1,3126.8,29,1,3126.7,38,2,3126.6,38,2,3127.1,89,6,3127.5,93,2,3127.7,1,1,3127.8,201,2,3127.9,2,1
2031,2026-06-16 11:24:51+05:30,3127.1,2,3130.59,1603972,132755.0,216804.0,3163.0,3163.0,3108.0,3134.3,31907800,3447.7,2820.9,3839.9,2896.0,3127.0,53,5,3126.9,15,1,3126.8,23,1,3126.7,76,3,3126.6,38,2,3127.5,93,2,3127.7,1,1,3127.8,201,2,3127.9,2,1,3128.0,42,2
2031,2026-06-16 11:24:51+05:30,3127.1,2,3130.59,1603972,132755.0,216804.0,3163.0,3163.0,3108.0,3134.3,31907800,3447.7,2820.9,3839.9,2896.0,3127.0,53,5,3126.9,15,1,3126.8,23,1,3126.7,76,3,3126.6,38,2,3127.5,93,2,3127.7,1,1,3127.8,201,2,3127.9,2,1,3128.0,42,2
2031,2026-06-16 11:24:51+05:30,3127.1,2,3130.59,1603972,132755.0,216804.0,3163.0,3163.0,3108.0,3134.3,31907800,3447.7,2820.9,3839.9,2896.0,3127.0,53,5,3126.9,15,1,3126.8,23,1,3126.7,76,3,3126.6,38,2,3127.5,93,2,3127.7,1,1,3127.8,201,2,3127.9,2,1,3128.0,42,2
2031,2026-06-16 11:24:52+05:30,3127.5,2,3130.59,1603974,132736.0,214970.0,3163.0,3163.0,3108.0,3134.3,31907800,3447.7,2820.9,3839.9,2896.0,3127.0,53,5,3126.8,23,1,3126.7,76,3,3126.6,38,2,3126.5,125,5,3127.4,9,1,3127.5,54,1,3127.7,1,1,3127.8,201,2,3127.9,2,1
2031,2026-06-16 11:24:52+05:30,3127.5,2,3130.59,1603974,132736.0,214970.0,3163.0,3163.0,3108.0,3134.3,31907800,3447.7,2820.9,3839.9,2896.0,3127.0,53,5,3126.8,23,1,3126.7,76,3,3126.6,38,2,3126.5,125,5,3127.4,9,1,3127.5,54,1,3127.7,1,1,3127.8,201,2,3127.9,2,1
2031,2026-06-16 11:24:52+05:30,3127.5,2,3130.59,1603974,132736.0,214970.0,3163.0,3163.0,3108.0,3134.3,31907800,3447.7,2820.9,3839.9,2896.0,3127.0,53,5,3126.8,23,1,3126.7,76,3,3126.6,38,2,3126.5,125,5,3127.4,9,1,3127.5,54,1,3127.7,1,1,3127.8,201,2,3127.9,2,1
2031,2026-06-16 11:24:52+05:30,3127.5,2,3130.59,1603974,132736.0,214970.0,3163.0,3163.0,3108.0,3134.3,31907800,3447.7,2820.9,3839.9,2896.0,3127.0,53,5,3126.8,23,1,3126.7,76,3,3126.6,38,2,3126.5,125,5,3127.4,9,1,3127.5,54,1,3127.7,1,1,3127.8,201,2,3127.9,2,1
2031,2026-06-16 11:24:53+05:30,3127.5,1,3130.59,1604009,132847.0,214991.0,3163.0,3163.0,3108.0,3134.3,31907800,3447.7,2820.9,3839.9,2896.0,3127.0,40,6,3126.8,56,3,3126.7,61,3,3126.6,38,2,3126.5,136,5,3127.4,1,1,3127.5,53,1,3127.7,1,1,3127.8,201,2,3127.9,2,1
2031,2026-06-16 11:24:53+05:30,3127.5,1,3130.59,1604009,132847.0,214991.0,3163.0,3163.0,3108.0,3134.3,31907800,3447.7,2820.9,3839.9,2896.0,3127.0,40,6,3126.8,56,3,3126.7,61,3,3126.6,38,2,3126.5,136,5,3127.4,1,1,3127.5,53,1,3127.7,1,1,3127.8,201,2,3127.9,2,1
2031,2026-06-16 11:24:53+05:30,3127.5,1,3130.59,1604009,132847.0,214991.0,3163.0,3163.0,3108.0,3134.3,31907800,3447.7,2820.9,3839.9,2896.0,3127.0,40,6,3126.8,56,3,3126.7,61,3,3126.6,38,2,3126.5,136,5,3127.4,1,1,3127.5,53,1,3127.7,1,1,3127.8,201,2,3127.9,2,1
2031,2026-06-16 11:24:54+05:30,3127.5,1,3130.59,1604009,132847.0,214991.0,3163.0,3163.0,3108.0,3134.3,31907800,3447.7,2820.9,3839.9,2896.0,3127.0,40,6,3126.8,56,3,3126.7,61,3,3126.6,38,2,3126.5,136,5,3127.4,1,1,3127.5,53,1,3127.7,1,1,3127.8,201,2,3127.9,2,1
2031,2026-06-16 11:24:54+05:30,3127.4,1,3130.59,1604010,132901.0,216995.0,3163.0,3163.0,3108.0,3134.3,31907800,3447.7,2820.9,3839.9,2896.0,3127.0,40,6,3126.8,41,2,3126.7,38,2,3126.6,38,2,3126.5,136,5,3127.4,4,1,3127.5,53,1,3127.7,1,1,3127.8,201,2,3127.9,2,1
2031,2026-06-16 11:24:54+05:30,3127.4,1,3130.59,1604010,132901.0,216995.0,3163.0,3163.0,3108.0,3134.3,31907800,3447.7,2820.9,3839.9,2896.0,3127.0,40,6,3126.8,41,2,3126.7,38,2,3126.6,38,2,3126.5,136,5,3127.4,4,1,3127.5,53,1,3127.7,1,1,3127.8,201,2,3127.9,2,1
2031,2026-06-16 11:24:54+05:30,3127.4,1,3130.59,1604010,132901.0,216995.0,3163.0,3163.0,3108.0,3134.3,31907800,3447.7,2820.9,3839.9,2896.0,3127.0,40,6,3126.8,41,2,3126.7,38,2,3126.6,38,2,3126.5,136,5,3127.4,4,1,3127.5,53,1,3127.7,1,1,3127.8,201,2,3127.9,2,1
2031,2026-06-16 11:24:55+05:30,3127.4,1,3130.59,1604015,132865.0,217039.0,3163.0,3163.0,3108.0,3134.3,31907800,3447.7,2820.9,3839.9,2896.0,3127.0,16,4,3126.7,58,3,3126.6,23,1,3126.5,133,5,3126.4,66,4,3127.4,41,2,3127.5,58,2,3127.7,1,1,3127.8,201,2,3127.9,2,1
2031,2026-06-16 11:24:55+05:30,3127.4,1,3130.59,1604015,132865.0,217039.0,3163.0,3163.0,3108.0,3134.3,31907800,3447.7,2820.9,3839.9,2896.0,3127.0,16,4,3126.7,58,3,3126.6,23,1,3126.5,133,5,3126.4,66,4,3127.4,41,2,3127.5,58,2,3127.7,1,1,3127.8,201,2,3127.9,2,1
2031,2026-06-16 11:24:55+05:30,3127.4,1,3130.59,1604015,132865.0,217039.0,3163.0,3163.0,3108.0,3134.3,31907800,3447.7,2820.9,3839.9,2896.0,3127.0,16,4,3126.7,58,3,3126.6,23,1,3126.5,133,5,3126.4,66,4,3127.4,41,2,3127.5,58,2,3127.7,1,1,3127.8,201,2,3127.9,2,1
2031,2026-06-16 11:24:56+05:30,3127.0,2,3130.59,1604054,132872.0,216954.0,3163.0,3163.0,3108.0,3134.3,31907800,3447.7,2820.9,3839.9,2896.0,3127.0,46,4,3126.7,21,1,3126.6,38,2,3126.5,86,3,3126.4,57,4,3127.3,5,1,3127.4,47,3,3127.5,58,2,3127.7,1,1,3127.8,201,2
2031,2026-06-16 11:24:56+05:30,3127.0,2,3130.59,1604054,132872.0,216954.0,3163.0,3163.0,3108.0,3134.3,31907800,3447.7,2820.9,3839.9,2896.0,3127.0,46,4,3126.7,21,1,3126.6,38,2,3126.5,86,3,3126.4,57,4,3127.3,5,1,3127.4,47,3,3127.5,58,2,3127.7,1,1,3127.8,201,2
2031,2026-06-16 11:24:56+05:30,3127.0,2,3130.59,1604054,132872.0,216954.0,3163.0,3163.0,3108.0,3134.3,31907800,3447.7,2820.9,3839.9,2896.0,3127.0,46,4,3126.7,21,1,3126.6,38,2,3126.5,86,3,3126.4,57,4,3127.3,5,1,3127.4,47,3,3127.5,58,2,3127.7,1,1,3127.8,201,2
2031,2026-06-16 11:24:57+05:30,3127.0,2,3130.59,1604054,132872.0,216954.0,3163.0,3163.0,3108.0,3134.3,31907800,3447.7,2820.9,3839.9,2896.0,3127.0,46,4,3126.7,21,1,3126.6,38,2,3126.5,86,3,3126.4,57,4,3127.3,5,1,3127.4,47,3,3127.5,58,2,3127.7,1,1,3127.8,201,2
2031,2026-06-16 11:24:57+05:30,3127.0,2,3130.59,1604054,132857.0,216741.0,3163.0,3163.0,3108.0,3134.3,31907800,3447.7,2820.9,3839.9,2896.0,3127.1,17,1,3127.0,8,2,3126.7,21,1,3126.6,38,2,3126.5,86,3,3127.3,5,1,3127.4,47,3,3127.5,58,2,3127.7,1,1,3127.8,201,2
2031,2026-06-16 11:24:57+05:30,3127.0,2,3130.59,1604054,132857.0,216741.0,3163.0,3163.0,3108.0,3134.3,31907800,3447.7,2820.9,3839.9,2896.0,3127.1,17,1,3127.0,8,2,3126.7,21,1,3126.6,38,2,3126.5,86,3,3127.3,5,1,3127.4,47,3,3127.5,58,2,3127.7,1,1,3127.8,201,2
2031,2026-06-16 11:24:58+05:30,3127.0,2,3130.59,1604054,132827.0,216933.0,3163.0,3163.0,3108.0,3134.3,31907800,3447.7,2820.9,3839.9,2896.0,3127.1,17,1,3127.0,8,2,3126.7,44,2,3126.5,86,3,3126.4,42,3,3127.3,23,2,3127.4,27,2,3127.5,58,2,3127.7,1,1,3127.8,201,2
2031,2026-06-16 11:24:58+05:30,3127.0,2,3130.59,1604054,132827.0,216933.0,3163.0,3163.0,3108.0,3134.3,31907800,3447.7,2820.9,3839.9,2896.0,3127.1,17,1,3127.0,8,2,3126.7,44,2,3126.5,86,3,3126.4,42,3,3127.3,23,2,3127.4,27,2,3127.5,58,2,3127.7,1,1,3127.8,201,2
2031,2026-06-16 11:24:59+05:30,3127.3,2,3130.59,1604061,132858.0,216747.0,3163.0,3163.0,3108.0,3134.3,31907800,3447.7,2820.9,3839.9,2896.0,3127.1,17,1,3127.0,8,2,3126.7,44,2,3126.5,86,3,3126.4,42,3,3127.3,16,1,3127.4,21,1,3127.5,58,2,3127.7,1,1,3127.8,201,2
2031,2026-06-16 11:24:59+05:30,3127.3,2,3130.59,1604061,132858.0,216747.0,3163.0,3163.0,3108.0,3134.3,31907800,3447.7,2820.9,3839.9,2896.0,3127.1,17,1,3127.0,8,2,3126.7,44,2,3126.5,86,3,3126.4,42,3,3127.3,16,1,3127.4,21,1,3127.5,58,2,3127.7,1,1,3127.8,201,2
2031,2026-06-16 11:24:59+05:30,3127.3,2,3130.59,1604061,132858.0,216747.0,3163.0,3163.0,3108.0,3134.3,31908400,3447.7,2820.9,3839.9,2896.0,3127.1,17,1,3127.0,8,2,3126.7,44,2,3126.5,86,3,3126.4,42,3,3127.3,16,1,3127.4,21,1,3127.5,58,2,3127.7,1,1,3127.8,201,2
2031,2026-06-16 11:25:00+05:30,3127.2,1,3130.59,1604062,132926.0,216741.0,3163.0,3163.0,3108.0,3134.3,31908400,3447.7,2820.9,3839.9,2896.0,3127.1,22,3,3127.0,8,2,3126.8,23,1,3126.7,21,1,3126.6,23,1,3127.3,17,2,3127.4,21,1,3127.5,58,2,3127.7,1,1,3127.8,201,2
2031,2026-06-16 11:25:00+05:30,3127.2,1,3130.59,1604062,132926.0,216741.0,3163.0,3163.0,3108.0,3134.3,31908400,3447.7,2820.9,3839.9,2896.0,3127.1,22,3,3127.0,8,2,3126.8,23,1,3126.7,21,1,3126.6,23,1,3127.3,17,2,3127.4,21,1,3127.5,58,2,3127.7,1,1,3127.8,201,2
2031,2026-06-16 11:25:01+05:30,3127.3,8,3130.59,1604125,132721.0,217202.0,3163.0,3163.0,3108.0,3134.3,31908400,3447.7,2820.9,3839.9,2896.0,3127.3,9,1,3127.2,2,2,3127.1,5,2,3127.0,8,2,3126.8,23,1,3127.4,6,1,3127.5,58,2,3127.7,1,1,3127.8,201,2,3127.9,2,1
2031,2026-06-16 11:25:01+05:30,3127.3,8,3130.59,1604125,132721.0,217202.0,3163.0,3163.0,3108.0,3134.3,31908400,3447.7,2820.9,3839.9,2896.0,3127.3,9,1,3127.2,2,2,3127.1,5,2,3127.0,8,2,3126.8,23,1,3127.4,6,1,3127.5,58,2,3127.7,1,1,3127.8,201,2,3127.9,2,1
2031,2026-06-16 11:25:02+05:30,3127.5,2,3130.59,1604310,132684.0,215119.0,3163.0,3163.0,3108.0,3134.3,31908400,3447.7,2820.9,3839.9,2896.0,3127.3,1,1,3127.2,2,2,3127.1,6,3,3127.0,8,2,3126.9,17,1,3127.5,21,2,3127.8,201,2,3127.9,2,1,3128.0,42,2,3128.1,10,1
2031,2026-06-16 11:25:02+05:30,3127.5,2,3130.59,1604310,132684.0,215119.0,3163.0,3163.0,3108.0,3134.3,31908400,3447.7,2820.9,3839.9,2896.0,3127.3,1,1,3127.2,2,2,3127.1,6,3,3127.0,8,2,3126.9,17,1,3127.5,21,2,3127.8,201,2,3127.9,2,1,3128.0,42,2,3128.1,10,1
2031,2026-06-16 11:25:03+05:30,3127.5,2,3130.59,1604310,132719.0,214997.0,3163.0,3163.0,3108.0,3134.3,31908400,3447.7,2820.9,3839.9,2896.0,3127.3,1,1,3127.2,2,2,3127.1,6,3,3127.0,8,2,3126.9,17,1,3127.4,20,1,3127.5,76,4,3127.8,201,2,3127.9,2,1,3128.0,42,2
2031,2026-06-16 11:25:04+05:30,3127.5,2,3130.59,1604310,132745.0,217221.0,3163.0,3163.0,3108.0,3134.3,31908400,3447.7,2820.9,3839.9,2896.0,3127.3,1,1,3127.2,2,2,3127.1,26,4,3127.0,8,2,3126.9,17,1,3127.4,20,1,3127.5,76,4,3127.8,201,2,3127.9,2,1,3128.0,42,2
2031,2026-06-16 11:25:04+05:30,3127.4,1,3130.59,1604310,132745.0,217221.0,3163.0,3163.0,3108.0,3134.3,31908400,3447.7,2820.9,3839.9,2896.0,3127.3,1,1,3127.2,2,2,3127.1,26,4,3127.0,8,2,3126.9,17,1,3127.4,20,1,3127.5,76,4,3127.8,201,2,3127.9,2,1,3128.0,42,2
2031,2026-06-16 11:25:05+05:30,3127.4,1,3130.59,1604311,132745.0,217211.0,3163.0,3163.0,3108.0,3134.3,31908400,3447.7,2820.9,3839.9,2896.0,3127.3,1,1,3127.2,2,2,3127.1,26,4,3127.0,8,2,3126.9,17,1,3127.4,19,1,3127.5,71,3,3127.8,201,2,3127.9,2,1,3128.0,42,2
2031,2026-06-16 11:25:06+05:30,3127.4,2,3130.59,1604314,132997.0,217210.0,3163.0,3163.0,3108.0,3134.3,31908400,3447.7,2820.9,3839.9,2896.0,3127.3,23,4,3127.1,28,4,3127.0,8,2,3126.9,32,2,3126.8,43,3,3127.4,17,1,3127.5,71,3,3127.8,201,2,3127.9,2,1,3128.0,42,2
2031,2026-06-16 11:25:06+05:30,3127.4,1,3130.59,1604314,132997.0,217210.0,3163.0,3163.0,3108.0,3134.3,31908400,3447.7,2820.9,3839.9,2896.0,3127.3,23,4,3127.1,28,4,3127.0,8,2,3126.9,32,2,3126.8,43,3,3127.4,17,1,3127.5,71,3,3127.8,201,2,3127.9,2,1,3128.0,42,2
2031,2026-06-16 11:25:07+05:30,3127.4,1,3130.59,1604315,132691.0,217195.0,3163.0,3163.0,3108.0,3134.3,31908400,3447.7,2820.9,3839.9,2896.0,3127.3,23,4,3127.1,6,3,3127.0,8,2,3126.9,17,1,3126.8,24,2,3127.4,216,2,3127.5,271,4,3127.8,1,1,3127.9,2,1,3128.0,42,2
2031,2026-06-16 11:25:07+05:30,3127.4,154,3130.59,1604315,132691.0,217195.0,3163.0,3163.0,3108.0,3134.3,31908400,3447.7,2820.9,3839.9,2896.0,3127.3,23,4,3127.1,6,3,3127.0,8,2,3126.9,17,1,3126.8,24,2,3127.4,216,2,3127.5,271,4,3127.8,1,1,3127.9,2,1,3128.0,42,2
2031,2026-06-16 11:25:08+05:30,3127.3,2,3130.59,1604492,132632.0,216692.0,3163.0,3163.0,3108.0,3134.3,31908400,3447.7,2820.9,3839.9,2896.0,3127.1,6,3,3127.0,8,2,3126.9,17,1,3126.8,2,1,3126.7,21,1,3127.3,12,1,3127.4,47,2,3127.5,262,3,3127.8,1,1,3127.9,2,1
2031,2026-06-16 11:25:08+05:30,3127.3,2,3130.59,1604492,132632.0,216692.0,3163.0,3163.0,3108.0,3134.3,31908400,3447.7,2820.9,3839.9,2896.0,3127.1,6,3,3127.0,8,2,3126.9,17,1,3126.8,2,1,3126.7,21,1,3127.3,12,1,3127.4,47,2,3127.5,262,3,3127.8,1,1,3127.9,2,1
2031,2026-06-16 11:25:09+05:30,3127.2,1,3130.59,1604493,132632.0,216503.0,3163.0,3163.0,3108.0,3134.3,31908400,3447.7,2820.9,3839.9,2896.0,3127.2,3,1,3127.1,2,2,3127.0,8,2,3126.9,17,1,3126.8,2,1,3127.3,21,3,3127.4,46,1,3127.5,262,3,3127.8,1,1,3127.9,2,1
2031,2026-06-16 11:25:09+05:30,3127.2,1,3130.59,1604493,132632.0,216503.0,3163.0,3163.0,3108.0,3134.3,31908400,3447.7,2820.9,3839.9,2896.0,3127.2,3,1,3127.1,2,2,3127.0,8,2,3126.9,17,1,3126.8,2,1,3127.3,21,3,3127.4,46,1,3127.5,262,3,3127.8,1,1,3127.9,2,1
2031,2026-06-16 11:25:10+05:30,3127.3,1,3130.59,1604494,132632.0,216707.0,3163.0,3163.0,3108.0,3134.3,31908400,3447.7,2820.9,3839.9,2896.0,3127.2,3,1,3127.1,2,2,3127.0,8,2,3126.9,17,1,3126.8,2,1,3127.3,20,3,3127.4,46,1,3127.5,262,3,3127.8,1,1,3127.9,2,1
2031,2026-06-16 11:25:10+05:30,3127.3,8,3130.59,1604494,132632.0,216707.0,3163.0,3163.0,3108.0,3134.3,31908400,3447.7,2820.9,3839.9,2896.0,3127.2,3,1,3127.1,2,2,3127.0,8,2,3126.9,17,1,3126.8,2,1,3127.3,20,3,3127.4,46,1,3127.5,262,3,3127.8,1,1,3127.9,2,1
2031,2026-06-16 11:25:11+05:30,3127.2,1,3130.59,1604503,132178.0,216634.0,3163.0,3163.0,3108.0,3134.3,31908400,3447.7,2820.9,3839.9,2896.0,3127.2,2,1,3127.1,1,1,3127.0,8,2,3126.9,17,1,3126.8,2,1,3127.3,12,3,3127.5,262,3,3127.7,46,1,3127.8,1,1,3127.9,4,2
2031,2026-06-16 11:25:11+05:30,3127.2,1,3130.59,1604503,132178.0,216634.0,3163.0,3163.0,3108.0,3134.3,31908400,3447.7,2820.9,3839.9,2896.0,3127.2,2,1,3127.1,1,1,3127.0,8,2,3126.9,17,1,3126.8,2,1,3127.3,12,3,3127.5,262,3,3127.7,46,1,3127.8,1,1,3127.9,4,2
2031,2026-06-16 11:25:12+05:30,3127.2,1,3130.59,1604503,132637.0,216335.0,3163.0,3163.0,3108.0,3134.3,31908400,3447.7,2820.9,3839.9,2896.0,3127.2,2,1,3127.1,19,2,3127.0,30,3,3126.9,32,2,3126.8,54,4,3127.3,12,3,3127.5,62,2,3127.7,46,1,3127.8,201,2,3127.9,4,2
2031,2026-06-16 11:25:13+05:30,3127.2,2,3130.59,1604506,132607.0,216070.0,3163.0,3163.0,3108.0,3134.3,31908400,3447.7,2820.9,3839.9,2896.0,3127.2,4,1,3127.1,57,5,3127.0,8,2,3126.9,17,1,3126.8,69,5,3127.3,9,2,3127.5,62,2,3127.7,46,1,3127.8,201,2,3127.9,2,1
2031,2026-06-16 11:25:13+05:30,3127.2,2,3130.59,1604506,132607.0,216070.0,3163.0,3163.0,3108.0,3134.3,31908400,3447.7,2820.9,3839.9,2896.0,3127.2,4,1,3127.1,57,5,3127.0,8,2,3126.9,17,1,3126.8,69,5,3127.3,9,2,3127.5,62,2,3127.7,46,1,3127.8,201,2,3127.9,2,1
2031,2026-06-16 11:25:14+05:30,3127.2,1,3130.59,1604509,132654.0,216675.0,3163.0,3163.0,3108.0,3134.3,31908400,3447.7,2820.9,3839.9,2896.0,3127.2,3,1,3127.1,42,4,3127.0,8,2,3126.9,17,1,3126.8,54,4,3127.3,20,3,3127.5,62,2,3127.7,46,1,3127.8,201,2,3127.9,2,1
2031,2026-06-16 11:25:14+05:30,3127.2,1,3130.59,1604509,132654.0,216675.0,3163.0,3163.0,3108.0,3134.3,31908400,3447.7,2820.9,3839.9,2896.0,3127.2,3,1,3127.1,42,4,3127.0,8,2,3126.9,17,1,3126.8,54,4,3127.3,20,3,3127.5,62,2,3127.7,46,1,3127.8,201,2,3127.9,2,1
2031,2026-06-16 11:25:15+05:30,3127.4,1,3130.59,1604653,132372.0,216278.0,3163.0,3163.0,3108.0,3134.3,31908400,3447.7,2820.9,3839.9,2896.0,3127.2,4,2,3127.1,2,2,3127.0,8,2,3126.9,30,2,3126.8,39,3,3127.4,13,1,3127.5,16,1,3127.7,46,1,3127.8,201,2,3127.9,2,1
2031,2026-06-16 11:25:15+05:30,3127.4,9,3130.59,1604653,132372.0,216278.0,3163.0,3163.0,3108.0,3134.3,31908400,3447.7,2820.9,3839.9,2896.0,3127.2,4,2,3127.1,2,2,3127.0,8,2,3126.9,30,2,3126.8,39,3,3127.4,13,1,3127.5,16,1,3127.7,46,1,3127.8,201,2,3127.9,2,1
2031,2026-06-16 11:25:16+05:30,3127.4,3,3130.59,1604678,132521.0,217154.0,3163.0,3163.0,3108.0,3134.3,31908400,3447.7,2820.9,3839.9,2896.0,3127.4,3,1,3127.3,2,2,3127.2,2,2,3127.1,2,2,3127.0,8,2,3127.5,16,1,3127.7,46,1,3127.8,200,1,3128.0,40,1,3128.1,32,2
2031,2026-06-16 11:25:16+05:30,3127.4,3,3130.59,1604678,132521.0,217154.0,3163.0,3163.0,3108.0,3134.3,31908400,3447.7,2820.9,3839.9,2896.0,3127.4,3,1,3127.3,2,2,3127.2,2,2,3127.1,2,2,3127.0,8,2,3127.5,16,1,3127.7,46,1,3127.8,200,1,3128.0,40,1,3128.1,32,2
2031,2026-06-16 11:25:17+05:30,3127.4,3,3130.59,1604678,132528.0,216063.0,3163.0,3163.0,3108.0,3134.3,31908400,3447.7,2820.9,3839.9,2896.0,3127.4,3,1,3127.3,24,3,3127.2,16,3,3127.1,19,3,3127.0,59,5,3127.5,21,2,3127.7,46,1,3127.8,200,1,3128.0,40,1,3128.1,10,1
2031,2026-06-16 11:25:18+05:30,3127.4,3,3130.59,1604678,132663.0,216027.0,3163.0,3163.0,3108.0,3134.3,31908400,3447.7,2820.9,3839.9,2896.0,3127.4,3,1,3127.3,43,4,3127.2,30,4,3127.1,2,2,3127.0,97,7,3127.5,21,2,3127.7,46,1,3127.8,200,1,3128.0,40,1,3128.1,10,1
2031,2026-06-16 11:25:20+05:30,3127.6,1,3130.59,1604678,132663.0,216027.0,3163.0,3163.0,3108.0,3134.3,31908400,3447.7,2820.9,3839.9,2896.0,3127.4,3,1,3127.3,43,4,3127.2,30,4,3127.1,2,2,3127.0,97,7,3127.5,21,2,3127.7,46,1,3127.8,200,1,3128.0,40,1,3128.1,10,1
2031,2026-06-16 11:25:22+05:30,3127.4,4,3130.59,1604678,132663.0,216027.0,3163.0,3163.0,3108.0,3134.3,31908400,3447.7,2820.9,3839.9,2896.0,3127.4,3,1,3127.3,43,4,3127.2,30,4,3127.1,2,2,3127.0,97,7,3127.5,21,2,3127.7,46,1,3127.8,200,1,3128.0,40,1,3128.1,10,1
2031,2026-06-16 11:25:22+05:30,3127.4,1,3130.59,1604765,133036.0,215551.0,3163.0,3163.0,3108.0,3134.3,31908400,3447.7,2820.9,3839.9,2896.0,3127.4,25,4,3127.2,36,3,3127.1,24,3,3127.0,67,5,3126.8,74,5,3127.5,21,1,3127.8,45,1,3128.0,41,2,3128.1,10,1,3128.2,215,2
2031,2026-06-16 11:25:24+05:30,3127.5,21,3130.59,1604765,133036.0,215551.0,3163.0,3163.0,3108.0,3134.3,31908400,3447.7,2820.9,3839.9,2896.0,3127.4,25,4,3127.2,36,3,3127.1,24,3,3127.0,67,5,3126.8,74,5,3127.5,21,1,3127.8,45,1,3128.0,41,2,3128.1,10,1,3128.2,215,2
2031,2026-06-16 11:25:26+05:30,3127.5,40,3130.59,1604765,133036.0,215551.0,3163.0,3163.0,3108.0,3134.3,31908400,3447.7,2820.9,3839.9,2896.0,3127.4,25,4,3127.2,36,3,3127.1,24,3,3127.0,67,5,3126.8,74,5,3127.5,21,1,3127.8,45,1,3128.0,41,2,3128.1,10,1,3128.2,215,2
2031,2026-06-16 11:25:27+05:30,3127.1,13,3130.59,1605346,132800.0,215371.0,3163.0,3163.0,3108.0,3134.3,31908400,3447.7,2820.9,3839.9,2896.0,3127.1,25,3,3127.0,251,4,3126.8,37,3,3126.7,72,3,3126.6,118,5,3127.6,40,1,3127.9,50,1,3128.0,31,2,3128.1,10,1,3128.2,200,1
2031,2026-06-16 11:25:28+05:30,3127.1,13,3130.59,1605346,132800.0,215371.0,3163.0,3163.0,3108.0,3134.3,31908400,3447.7,2820.9,3839.9,2896.0,3127.1,25,3,3127.0,251,4,3126.8,37,3,3126.7,72,3,3126.6,118,5,3127.6,40,1,3127.9,50,1,3128.0,31,2,3128.1,10,1,3128.2,200,1
2031,2026-06-16 11:25:32+05:30,3127.2,14,3130.59,1605346,132800.0,215371.0,3163.0,3163.0,3108.0,3134.3,31908400,3447.7,2820.9,3839.9,2896.0,3127.1,25,3,3127.0,251,4,3126.8,37,3,3126.7,72,3,3126.6,118,5,3127.6,40,1,3127.9,50,1,3128.0,31,2,3128.1,10,1,3128.2,200,1
2031,2026-06-16 11:25:32+05:30,3127.2,1,3130.59,1605423,132696.0,216028.0,3163.0,3163.0,3108.0,3134.3,31908400,3447.7,2820.9,3839.9,2896.0,3127.1,65,7,3127.0,265,5,3126.9,15,1,3126.8,37,3,3126.6,92,6,3127.3,168,1,3127.5,15,1,3127.6,41,2,3127.9,50,1,3128.0,31,2
2031,2026-06-16 11:25:34+05:30,3127.1,3,3130.59,1605423,132696.0,216028.0,3163.0,3163.0,3108.0,3134.3,31908400,3447.7,2820.9,3839.9,2896.0,3127.1,65,7,3127.0,265,5,3126.9,15,1,3126.8,37,3,3126.6,92,6,3127.3,168,1,3127.5,15,1,3127.6,41,2,3127.9,50,1,3128.0,31,2
2031,2026-06-16 11:25:36+05:30,3127.6,1,3130.59,1605423,132696.0,216028.0,3163.0,3163.0,3108.0,3134.3,31908400,3447.7,2820.9,3839.9,2896.0,3127.1,65,7,3127.0,265,5,3126.9,15,1,3126.8,37,3,3126.6,92,6,3127.3,168,1,3127.5,15,1,3127.6,41,2,3127.9,50,1,3128.0,31,2
2031,2026-06-16 11:25:37+05:30,3127.6,1,3130.59,1605766,133726.0,215003.0,3163.0,3163.0,3108.0,3134.3,31908400,3447.7,2820.9,3839.9,2896.0,3127.6,356,2,3127.3,1,1,3127.2,22,1,3127.1,38,5,3127.0,329,6,3127.8,18,1,3127.9,50,1,3128.0,31,2,3128.1,10,1,3128.2,215,2
2031,2026-06-16 11:25:40+05:30,3127.8,2,3130.59,1605766,133726.0,215003.0,3163.0,3163.0,3108.0,3134.3,31908400,3447.7,2820.9,3839.9,2896.0,3127.6,356,2,3127.3,1,1,3127.2,22,1,3127.1,38,5,3127.0,329,6,3127.8,18,1,3127.9,50,1,3128.0,31,2,3128.1,10,1,3128.2,215,2
2031,2026-06-16 11:25:41+05:30,3127.8,2,3130.59,1605766,133726.0,215003.0,3163.0,3163.0,3108.0,3134.3,31908400,3447.7,2820.9,3839.9,2896.0,3127.6,356,2,3127.3,1,1,3127.2,22,1,3127.1,38,5,3127.0,329,6,3127.8,18,1,3127.9,50,1,3128.0,31,2,3128.1,10,1,3128.2,215,2
2031,2026-06-16 11:25:42+05:30,3127.6,15,3130.59,1605766,133726.0,215003.0,3163.0,3163.0,3108.0,3134.3,31908400,3447.7,2820.9,3839.9,2896.0,3127.6,356,2,3127.3,1,1,3127.2,22,1,3127.1,38,5,3127.0,329,6,3127.8,18,1,3127.9,50,1,3128.0,31,2,3128.1,10,1,3128.2,215,2
2031,2026-06-16 11:25:42+05:30,3127.6,15,3130.59,1605914,134197.0,216020.0,3163.0,3163.0,3108.0,3134.3,31908400,3447.7,2820.9,3839.9,2896.0,3127.9,16,1,3127.7,3,1,3127.6,354,4,3127.3,22,1,3127.2,19,1,3128.0,31,2,3128.1,10,1,3128.2,200,1,3128.3,200,1,3128.5,2,1
2031,2026-06-16 11:25:43+05:30,3127.6,15,3130.59,1605914,134197.0,216020.0,3163.0,3163.0,3108.0,3134.3,31908400,3447.7,2820.9,3839.9,2896.0,3127.9,16,1,3127.7,3,1,3127.6,354,4,3127.3,22,1,3127.2,19,1,3128.0,31,2,3128.1,10,1,3128.2,200,1,3128.3,200,1,3128.5,2,1
2031,2026-06-16 11:25:44+05:30,3128.0,10,3130.59,1605914,134197.0,216020.0,3163.0,3163.0,3108.0,3134.3,31908400,3447.7,2820.9,3839.9,2896.0,3127.9,16,1,3127.7,3,1,3127.6,354,4,3127.3,22,1,3127.2,19,1,3128.0,31,2,3128.1,10,1,3128.2,200,1,3128.3,200,1,3128.5,2,1
2031,2026-06-16 11:25:45+05:30,3128.0,10,3130.59,1605914,134197.0,216020.0,3163.0,3163.0,3108.0,3134.3,31908400,3447.7,2820.9,3839.9,2896.0,3127.9,16,1,3127.7,3,1,3127.6,354,4,3127.3,22,1,3127.2,19,1,3128.0,31,2,3128.1,10,1,3128.2,200,1,3128.3,200,1,3128.5,2,1
2031,2026-06-16 11:25:46+05:30,3128.5,2,3130.59,1605914,134197.0,216020.0,3163.0,3163.0,3108.0,3134.3,31908400,3447.7,2820.9,3839.9,2896.0,3127.9,16,1,3127.7,3,1,3127.6,354,4,3127.3,22,1,3127.2,19,1,3128.0,31,2,3128.1,10,1,3128.2,200,1,3128.3,200,1,3128.5,2,1
2031,2026-06-16 11:25:46+05:30,3128.5,2,3130.59,1605914,134197.0,216020.0,3163.0,3163.0,3108.0,3134.3,31908400,3447.7,2820.9,3839.9,2896.0,3127.9,16,1,3127.7,3,1,3127.6,354,4,3127.3,22,1,3127.2,19,1,3128.0,31,2,3128.1,10,1,3128.2,200,1,3128.3,200,1,3128.5,2,1
2031,2026-06-16 11:25:47+05:30,3128.5,2,3130.59,1606439,136017.0,212525.0,3163.0,3163.0,3108.0,3134.3,31908400,3447.7,2820.9,3839.9,2896.0,3128.2,56,6,3128.1,25,2,3128.0,79,7,3127.9,3,1,3127.8,41,2,3128.7,45,1,3128.8,73,1,3129.0,1001,2,3129.4,22,1,3129.6,21,1
2031,2026-06-16 11:25:48+05:30,3128.5,2,3130.59,1606439,136017.0,212525.0,3163.0,3163.0,3108.0,3134.3,31908400,3447.7,2820.9,3839.9,2896.0,3128.2,56,6,3128.1,25,2,3128.0,79,7,3127.9,3,1,3127.8,41,2,3128.7,45,1,3128.8,73,1,3129.0,1001,2,3129.4,22,1,3129.6,21,1
2031,2026-06-16 11:25:50+05:30,3128.5,2,3130.59,1606439,136017.0,212525.0,3163.0,3163.0,3108.0,3134.3,31908400,3447.7,2820.9,3839.9,2896.0,3128.2,56,6,3128.1,25,2,3128.0,79,7,3127.9,3,1,3127.8,41,2,3128.7,45,1,3128.8,73,1,3129.0,1001,2,3129.4,22,1,3129.6,21,1
2031,2026-06-16 11:25:50+05:30,3129.0,10,3130.59,1606439,136017.0,212525.0,3163.0,3163.0,3108.0,3134.3,31908400,3447.7,2820.9,3839.9,2896.0,3128.2,56,6,3128.1,25,2,3128.0,79,7,3127.9,3,1,3127.8,41,2,3128.7,45,1,3128.8,73,1,3129.0,1001,2,3129.4,22,1,3129.6,21,1
2031,2026-06-16 11:25:51+05:30,3129.0,10,3130.59,1606439,136017.0,212525.0,3163.0,3163.0,3108.0,3134.3,31908400,3447.7,2820.9,3839.9,2896.0,3128.2,56,6,3128.1,25,2,3128.0,79,7,3127.9,3,1,3127.8,41,2,3128.7,45,1,3128.8,73,1,3129.0,1001,2,3129.4,22,1,3129.6,21,1
2031,2026-06-16 11:25:52+05:30,3128.9,1,3130.59,1606439,136017.0,212525.0,3163.0,3163.0,3108.0,3134.3,31908400,3447.7,2820.9,3839.9,2896.0,3128.2,56,6,3128.1,25,2,3128.0,79,7,3127.9,3,1,3127.8,41,2,3128.7,45,1,3128.8,73,1,3129.0,1001,2,3129.4,22,1,3129.6,21,1
2031,2026-06-16 11:25:52+05:30,3128.9,1,3130.58,1607415,135504.0,212742.0,3163.0,3163.0,3108.0,3134.3,31908400,3447.7,2820.9,3839.9,2896.0,3128.8,23,2,3128.5,1,1,3128.4,2,2,3128.3,1,1,3128.2,40,2,3128.9,105,1,3129.0,248,2,3129.4,68,3,3129.6,98,4,3129.7,123,1
2031,2026-06-16 11:25:52+05:30,3128.9,1,3130.58,1607415,135504.0,212742.0,3163.0,3163.0,3108.0,3134.3,31908400,3447.7,2820.9,3839.9,2896.0,3128.8,23,2,3128.5,1,1,3128.4,2,2,3128.3,1,1,3128.2,40,2,3128.9,105,1,3129.0,248,2,3129.4,68,3,3129.6,98,4,3129.7,123,1
2031,2026-06-16 11:25:53+05:30,3128.9,1,3130.58,1607415,135504.0,212742.0,3163.0,3163.0,3108.0,3134.3,31908400,3447.7,2820.9,3839.9,2896.0,3128.8,23,2,3128.5,1,1,3128.4,2,2,3128.3,1,1,3128.2,40,2,3128.9,105,1,3129.0,248,2,3129.4,68,3,3129.6,98,4,3129.7,123,1
2031,2026-06-16 11:25:54+05:30,3128.9,1,3130.58,1607415,135504.0,212742.0,3163.0,3163.0,3108.0,3134.3,31908400,3447.7,2820.9,3839.9,2896.0,3128.8,23,2,3128.5,1,1,3128.4,2,2,3128.3,1,1,3128.2,40,2,3128.9,105,1,3129.0,248,2,3129.4,68,3,3129.6,98,4,3129.7,123,1
2031,2026-06-16 11:25:54+05:30,3128.9,104,3130.58,1607415,135504.0,212742.0,3163.0,3163.0,3108.0,3134.3,31908400,3447.7,2820.9,3839.9,2896.0,3128.8,23,2,3128.5,1,1,3128.4,2,2,3128.3,1,1,3128.2,40,2,3128.9,105,1,3129.0,248,2,3129.4,68,3,3129.6,98,4,3129.7,123,1
2031,2026-06-16 11:25:54+05:30,3128.9,104,3130.58,1607415,135504.0,212742.0,3163.0,3163.0,3108.0,3134.3,31908400,3447.7,2820.9,3839.9,2896.0,3128.8,23,2,3128.5,1,1,3128.4,2,2,3128.3,1,1,3128.2,40,2,3128.9,105,1,3129.0,248,2,3129.4,68,3,3129.6,98,4,3129.7,123,1
2031,2026-06-16 11:25:55+05:30,3128.9,104,3130.58,1607415,135504.0,212742.0,3163.0,3163.0,3108.0,3134.3,31908400,3447.7,2820.9,3839.9,2896.0,3128.8,23,2,3128.5,1,1,3128.4,2,2,3128.3,1,1,3128.2,40,2,3128.9,105,1,3129.0,248,2,3129.4,68,3,3129.6,98,4,3129.7,123,1
2031,2026-06-16 11:25:56+05:30,3128.8,5,3130.58,1607415,135504.0,212742.0,3163.0,3163.0,3108.0,3134.3,31908400,3447.7,2820.9,3839.9,2896.0,3128.8,23,2,3128.5,1,1,3128.4,2,2,3128.3,1,1,3128.2,40,2,3128.9,105,1,3129.0,248,2,3129.4,68,3,3129.6,98,4,3129.7,123,1
2031,2026-06-16 11:25:56+05:30,3128.8,5,3130.58,1607415,135504.0,212742.0,3163.0,3163.0,3108.0,3134.3,31908400,3447.7,2820.9,3839.9,2896.0,3128.8,23,2,3128.5,1,1,3128.4,2,2,3128.3,1,1,3128.2,40,2,3128.9,105,1,3129.0,248,2,3129.4,68,3,3129.6,98,4,3129.7,123,1
2031,2026-06-16 11:25:57+05:30,3128.8,1,3130.58,1607540,135915.0,212656.0,3163.0,3163.0,3108.0,3134.3,31908400,3447.7,2820.9,3839.9,2896.0,3128.8,90,5,3128.5,20,2,3128.3,1,1,3128.2,17,2,3128.0,268,4,3128.9,75,2,3129.0,248,2,3129.5,24,1,3129.6,52,2,3129.7,123,1
2031,2026-06-16 11:25:57+05:30,3128.8,1,3130.58,1607540,135915.0,212656.0,3163.0,3163.0,3108.0,3134.3,31908400,3447.7,2820.9,3839.9,2896.0,3128.8,90,5,3128.5,20,2,3128.3,1,1,3128.2,17,2,3128.0,268,4,3128.9,75,2,3129.0,248,2,3129.5,24,1,3129.6,52,2,3129.7,123,1
2031,2026-06-16 11:25:58+05:30,3128.8,1,3130.58,1607540,135915.0,212656.0,3163.0,3163.0,3108.0,3134.3,31908400,3447.7,2820.9,3839.9,2896.0,3128.8,90,5,3128.5,20,2,3128.3,1,1,3128.2,17,2,3128.0,268,4,3128.9,75,2,3129.0,248,2,3129.5,24,1,3129.6,52,2,3129.7,123,1
2031,2026-06-16 11:25:58+05:30,3128.9,2,3130.58,1607540,135915.0,212656.0,3163.0,3163.0,3108.0,3134.3,31908400,3447.7,2820.9,3839.9,2896.0,3128.8,90,5,3128.5,20,2,3128.3,1,1,3128.2,17,2,3128.0,268,4,3128.9,75,2,3129.0,248,2,3129.5,24,1,3129.6,52,2,3129.7,123,1
2031,2026-06-16 11:25:58+05:30,3128.9,2,3130.58,1607540,135915.0,212656.0,3163.0,3163.0,3108.0,3134.3,31908400,3447.7,2820.9,3839.9,2896.0,3128.8,90,5,3128.5,20,2,3128.3,1,1,3128.2,17,2,3128.0,268,4,3128.9,75,2,3129.0,248,2,3129.5,24,1,3129.6,52,2,3129.7,123,1
2031,2026-06-16 11:25:59+05:30,3128.9,2,3130.58,1607540,135915.0,212656.0,3163.0,3163.0,3108.0,3134.3,31907800,3447.7,2820.9,3839.9,2896.0,3128.8,90,5,3128.5,20,2,3128.3,1,1,3128.2,17,2,3128.0,268,4,3128.9,75,2,3129.0,248,2,3129.5,24,1,3129.6,52,2,3129.7,123,1
2031,2026-06-16 11:26:00+05:30,3128.9,22,3130.58,1607540,135915.0,212656.0,3163.0,3163.0,3108.0,3134.3,31907800,3447.7,2820.9,3839.9,2896.0,3128.8,90,5,3128.5,20,2,3128.3,1,1,3128.2,17,2,3128.0,268,4,3128.9,75,2,3129.0,248,2,3129.5,24,1,3129.6,52,2,3129.7,123,1
2031,2026-06-16 11:26:02+05:30,3129.0,1,3130.58,1608053,135795.0,212650.0,3163.0,3163.0,3108.0,3134.3,31907800,3447.7,2820.9,3839.9,2896.0,3129.0,38,2,3128.9,7,4,3128.8,71,6,3128.5,1,1,3128.3,1,1,3129.8,15,1,3129.9,139,4,3130.0,8584,24,3130.1,60,2,3130.2,567,8
2031,2026-06-16 11:26:03+05:30,3129.9,1,3130.58,1608053,135795.0,212650.0,3163.0,3163.0,3108.0,3134.3,31907800,3447.7,2820.9,3839.9,2896.0,3129.0,38,2,3128.9,7,4,3128.8,71,6,3128.5,1,1,3128.3,1,1,3129.8,15,1,3129.9,139,4,3130.0,8584,24,3130.1,60,2,3130.2,567,8
2031,2026-06-16 11:26:06+05:30,3128.9,4,3130.58,1608053,135795.0,212650.0,3163.0,3163.0,3108.0,3134.3,31907800,3447.7,2820.9,3839.9,2896.0,3129.0,38,2,3128.9,7,4,3128.8,71,6,3128.5,1,1,3128.3,1,1,3129.8,15,1,3129.9,139,4,3130.0,8584,24,3130.1,60,2,3130.2,567,8
2031,2026-06-16 11:26:07+05:30,3128.9,3,3130.58,1608156,135573.0,212257.0,3163.0,3163.0,3108.0,3134.3,31907800,3447.7,2820.9,3839.9,2896.0,3128.9,23,2,3128.8,47,3,3128.5,1,1,3128.4,27,2,3128.3,22,2,3129.0,32,1,3129.8,198,5,3129.9,101,2,3130.0,8608,25,3130.1,55,2
2031,2026-06-16 11:26:09+05:30,3128.9,11,3130.58,1608156,135573.0,212257.0,3163.0,3163.0,3108.0,3134.3,31907800,3447.7,2820.9,3839.9,2896.0,3128.9,23,2,3128.8,47,3,3128.5,1,1,3128.4,27,2,3128.3,22,2,3129.0,32,1,3129.8,198,5,3129.9,101,2,3130.0,8608,25,3130.1,55,2
2031,2026-06-16 11:26:12+05:30,3128.9,42,3130.58,1608520,134730.0,212107.0,3163.0,3163.0,3108.0,3134.3,31907800,3447.7,2820.9,3839.9,2896.0,3128.9,23,2,3128.8,31,3,3128.5,13,2,3128.3,1,1,3128.2,55,2,3129.0,1,1,3129.3,63,3,3129.4,16,2,3129.5,31,1,3129.6,79,4
2031,2026-06-16 11:26:12+05:30,3128.9,42,3130.58,1608520,134730.0,212107.0,3163.0,3163.0,3108.0,3134.3,31907800,3447.7,2820.9,3839.9,2896.0,3128.9,23,2,3128.8,31,3,3128.5,13,2,3128.3,1,1,3128.2,55,2,3129.0,1,1,3129.3,63,3,3129.4,16,2,3129.5,31,1,3129.6,79,4
2031,2026-06-16 11:26:15+05:30,3128.0,3,3130.58,1608520,134730.0,212107.0,3163.0,3163.0,3108.0,3134.3,31907800,3447.7,2820.9,3839.9,2896.0,3128.9,23,2,3128.8,31,3,3128.5,13,2,3128.3,1,1,3128.2,55,2,3129.0,1,1,3129.3,63,3,3129.4,16,2,3129.5,31,1,3129.6,79,4
2031,2026-06-16 11:26:17+05:30,3128.0,1,3130.58,1608520,134730.0,212107.0,3163.0,3163.0,3108.0,3134.3,31907800,3447.7,2820.9,3839.9,2896.0,3128.9,23,2,3128.8,31,3,3128.5,13,2,3128.3,1,1,3128.2,55,2,3129.0,1,1,3129.3,63,3,3129.4,16,2,3129.5,31,1,3129.6,79,4
2031,2026-06-16 11:26:17+05:30,3128.0,1,3130.58,1608754,134449.0,214344.0,3163.0,3163.0,3108.0,3134.3,31907800,3447.7,2820.9,3839.9,2896.0,3128.0,149,3,3127.9,18,1,3127.6,317,3,3127.4,78,3,3127.3,21,1,3128.8,3,1,3128.9,38,2,3129.0,90,5,3129.1,146,1,3129.2,108,5
2031,2026-06-16 11:26:18+05:30,3128.0,2,3130.58,1608754,134449.0,214344.0,3163.0,3163.0,3108.0,3134.3,31907800,3447.7,2820.9,3839.9,2896.0,3128.0,149,3,3127.9,18,1,3127.6,317,3,3127.4,78,3,3127.3,21,1,3128.8,3,1,3128.9,38,2,3129.0,90,5,3129.1,146,1,3129.2,108,5
2031,2026-06-16 11:26:18+05:30,3128.0,21,3130.58,1608972,133598.0,214638.0,3163.0,3163.0,3108.0,3134.3,31907800,3447.7,2820.9,3839.9,2896.0,3128.0,126,3,3127.6,317,3,3127.2,2,1,3127.1,107,4,3127.0,283,5,3128.1,6,1,3128.4,1,1,3128.5,215,2,3128.6,200,1,3128.7,23,1
2031,2026-06-16 11:26:19+05:30,3128.0,21,3130.58,1608972,133598.0,214638.0,3163.0,3163.0,3108.0,3134.3,31907800,3447.7,2820.9,3839.9,2896.0,3128.0,126,3,3127.6,317,3,3127.2,2,1,3127.1,107,4,3127.0,283,5,3128.1,6,1,3128.4,1,1,3128.5,215,2,3128.6,200,1,3128.7,23,1
2031,2026-06-16 11:26:19+05:30,3128.5,21,3130.58,1609134,133757.0,215001.0,3163.0,3163.0,3108.0,3134.3,31907800,3447.7,2820.9,3839.9,2896.0,3128.0,54,3,3127.6,317,3,3127.2,12,1,3127.1,267,5,3127.0,229,4,3128.4,21,1,3128.5,179,1,3128.6,269,4,3128.7,3,1,3128.8,80,4
2031,2026-06-16 11:26:20+05:30,3128.5,21,3130.58,1609134,133757.0,215001.0,3163.0,3163.0,3108.0,3134.3,31907800,3447.7,2820.9,3839.9,2896.0,3128.0,54,3,3127.6,317,3,3127.2,12,1,3127.1,267,5,3127.0,229,4,3128.4,21,1,3128.5,179,1,3128.6,269,4,3128.7,3,1,3128.8,80,4
2031,2026-06-16 11:26:20+05:30,3128.0,1,3130.58,1609135,133838.0,214827.0,3163.0,3163.0,3108.0,3134.3,31907800,3447.7,2820.9,3839.9,2896.0,3128.0,53,3,3127.6,317,3,3127.2,12,1,3127.1,267,5,3127.0,299,6,3128.4,36,3,3128.5,179,1,3128.6,269,4,3128.7,3,1,3128.8,79,3
2031,2026-06-16 11:26:21+05:30,3128.0,1,3130.58,1609135,133838.0,214827.0,3163.0,3163.0,3108.0,3134.3,31907800,3447.7,2820.9,3839.9,2896.0,3128.0,53,3,3127.6,317,3,3127.2,12,1,3127.1,267,5,3127.0,299,6,3128.4,36,3,3128.5,179,1,3128.6,269,4,3128.7,3,1,3128.8,79,3
2031,2026-06-16 11:26:21+05:30,3128.0,1,3130.58,1609135,134507.0,214806.0,3163.0,3163.0,3108.0,3134.3,31907800,3447.7,2820.9,3839.9,2896.0,3128.0,53,3,3127.6,317,3,3127.2,14,2,3127.1,293,5,3127.0,299,6,3128.4,36,3,3128.5,179,1,3128.6,269,4,3128.7,3,1,3128.8,79,3
2031,2026-06-16 11:26:22+05:30,3128.0,1,3130.58,1609135,134507.0,215042.0,3163.0,3163.0,3108.0,3134.3,31907800,3447.7,2820.9,3839.9,2896.0,3128.0,53,3,3127.6,317,3,3127.2,14,2,3127.1,293,5,3127.0,299,6,3128.2,21,1,3128.3,1,1,3128.4,15,2,3128.5,179,1,3128.6,200,1
2031,2026-06-16 11:26:23+05:30,3128.2,21,3130.58,1609135,134507.0,215042.0,3163.0,3163.0,3108.0,3134.3,31907800,3447.7,2820.9,3839.9,2896.0,3128.0,53,3,3127.6,317,3,3127.2,14,2,3127.1,293,5,3127.0,299,6,3128.2,21,1,3128.3,1,1,3128.4,15,2,3128.5,179,1,3128.6,200,1
2031,2026-06-16 11:26:23+05:30,3128.3,1,3130.58,1609159,134797.0,214859.0,3163.0,3163.0,3108.0,3134.3,31907800,3447.7,2820.9,3839.9,2896.0,3128.2,286,2,3128.0,53,3,3127.9,18,1,3127.6,317,3,3127.4,24,2,3128.4,15,2,3128.5,179,1,3128.6,200,1,3128.9,69,2,3129.0,140,5
2031,2026-06-16 11:26:24+05:30,3128.3,1,3130.58,1609159,134797.0,214859.0,3163.0,3163.0,3108.0,3134.3,31907800,3447.7,2820.9,3839.9,2896.0,3128.2,286,2,3128.0,53,3,3127.9,18,1,3127.6,317,3,3127.4,24,2,3128.4,15,2,3128.5,179,1,3128.6,200,1,3128.9,69,2,3129.0,140,5
2031,2026-06-16 11:26:24+05:30,3128.2,44,3130.58,1609204,134816.0,214889.0,3163.0,3163.0,3108.0,3134.3,31907800,3447.7,2820.9,3839.9,2896.0,3128.2,242,2,3128.0,53,3,3127.9,18,1,3127.6,371,4,3127.4,24,2,3128.3,5,1,3128.4,14,2,3128.5,179,1,3128.6,200,1,3128.8,23,1
2031,2026-06-16 11:26:25+05:30,3128.4,3,3130.58,1609204,134816.0,214889.0,3163.0,3163.0,3108.0,3134.3,31907800,3447.7,2820.9,3839.9,2896.0,3128.2,242,2,3128.0,53,3,3127.9,18,1,3127.6,371,4,3127.4,24,2,3128.3,5,1,3128.4,14,2,3128.5,179,1,3128.6,200,1,3128.8,23,1
2031,2026-06-16 11:26:25+05:30,3128.3,1,3130.58,1609213,135057.0,214865.0,3163.0,3163.0,3108.0,3134.3,31907800,3447.7,2820.9,3839.9,2896.0,3128.3,19,1,3128.2,280,3,3128.0,52,2,3127.6,317,3,3127.5,73,2,3128.4,11,2,3128.5,179,1,3128.6,200,1,3128.9,46,1,3129.0,151,5
2031,2026-06-16 11:26:26+05:30,3128.4,1,3130.58,1609213,135057.0,214865.0,3163.0,3163.0,3108.0,3134.3,31907800,3447.7,2820.9,3839.9,2896.0,3128.3,19,1,3128.2,280,3,3128.0,52,2,3127.6,317,3,3127.5,73,2,3128.4,11,2,3128.5,179,1,3128.6,200,1,3128.9,46,1,3129.0,151,5
2031,2026-06-16 11:26:26+05:30,3128.4,2,3130.58,1609227,135487.0,214559.0,3163.0,3163.0,3108.0,3134.3,31907800,3447.7,2820.9,3839.9,2896.0,3128.4,57,3,3128.2,284,4,3128.0,52,2,3127.6,356,5,3127.5,81,3,3128.5,179,1,3128.6,200,1,3129.0,36,2,3129.1,56,1,3129.2,43,2
2031,2026-06-16 11:26:27+05:30,3128.5,162,3130.58,1609227,135487.0,214559.0,3163.0,3163.0,3108.0,3134.3,31907800,3447.7,2820.9,3839.9,2896.0,3128.4,57,3,3128.2,284,4,3128.0,52,2,3127.6,356,5,3127.5,81,3,3128.5,179,1,3128.6,200,1,3129.0,36,2,3129.1,56,1,3129.2,43,2
2031,2026-06-16 11:26:27+05:30,3128.4,19,3130.58,1609455,135335.0,214334.0,3163.0,3163.0,3108.0,3134.3,31907800,3447.7,2820.9,3839.9,2896.0,3128.4,23,2,3128.2,284,4,3128.0,43,1,3127.6,339,4,3127.5,92,4,3128.5,80,5,3128.6,200,1,3128.8,22,1,3129.0,37,2,3129.1,92,2
2031,2026-06-16 11:26:28+05:30,3128.4,19,3130.58,1609455,135335.0,214334.0,3163.0,3163.0,3108.0,3134.3,31907800,3447.7,2820.9,3839.9,2896.0,3128.4,23,2,3128.2,284,4,3128.0,43,1,3127.6,339,4,3127.5,92,4,3128.5,80,5,3128.6,200,1,3128.8,22,1,3129.0,37,2,3129.1,92,2
2031,2026-06-16 11:26:28+05:30,3128.4,3,3130.58,1609461,135346.0,214365.0,3163.0,3163.0,3108.0,3134.3,31907800,3447.7,2820.9,3839.9,2896.0,3128.4,17,2,3128.2,284,4,3128.0,43,1,3127.9,17,1,3127.6,339,4,3128.5,105,6,3128.6,200,1,3128.8,22,1,3129.0,37,2,3129.1,92,2
2031,2026-06-16 11:26:29+05:30,3128.5,1,3130.58,1609461,135346.0,214365.0,3163.0,3163.0,3108.0,3134.3,31907800,3447.7,2820.9,3839.9,2896.0,3128.4,17,2,3128.2,284,4,3128.0,43,1,3127.9,17,1,3127.6,339,4,3128.5,105,6,3128.6,200,1,3128.8,22,1,3129.0,37,2,3129.1,92,2
2031,2026-06-16 11:26:29+05:30,3128.4,1,3130.58,1609463,135363.0,214389.0,3163.0,3163.0,3108.0,3134.3,31907800,3447.7,2820.9,3839.9,2896.0,3128.4,34,3,3128.2,284,4,3128.0,43,1,3127.6,339,4,3127.5,92,4,3128.5,104,6,3128.6,200,1,3128.8,22,1,3129.0,36,2,3129.1,92,2
2031,2026-06-16 11:26:30+05:30,3128.5,1,3130.58,1609463,135363.0,214389.0,3163.0,3163.0,3108.0,3134.3,31907800,3447.7,2820.9,3839.9,2896.0,3128.4,34,3,3128.2,284,4,3128.0,43,1,3127.6,339,4,3127.5,92,4,3128.5,104,6,3128.6,200,1,3128.8,22,1,3129.0,36,2,3129.1,92,2
2031,2026-06-16 11:26:30+05:30,3128.5,2,3130.58,1609468,135393.0,214388.0,3163.0,3163.0,3108.0,3134.3,31907800,3447.7,2820.9,3839.9,2896.0,3128.4,39,5,3128.2,284,4,3128.0,43,1,3127.6,339,4,3127.5,92,4,3128.5,101,8,3128.6,200,1,3128.8,22,1,3129.0,36,2,3129.1,92,2
2031,2026-06-16 11:26:31+05:30,3128.5,1,3130.58,1609468,135393.0,214388.0,3163.0,3163.0,3108.0,3134.3,31907800,3447.7,2820.9,3839.9,2896.0,3128.4,39,5,3128.2,284,4,3128.0,43,1,3127.6,339,4,3127.5,92,4,3128.5,101,8,3128.6,200,1,3128.8,22,1,3129.0,36,2,3129.1,92,2
2031,2026-06-16 11:26:31+05:30,3128.5,1,3130.58,1609569,136113.0,212312.0,3163.0,3163.0,3108.0,3134.3,31907800,3447.7,2820.9,3839.9,2896.0,3128.4,21,4,3128.2,284,4,3128.1,21,1,3128.0,1043,2,3127.8,78,2,3128.6,200,1,3129.2,20,1,3129.3,220,2,3129.4,139,6,3129.5,46,2
2031,2026-06-16 11:26:32+05:30,3128.2,126,3130.58,1609769,135132.0,213285.0,3163.0,3163.0,3108.0,3134.3,31907800,3447.7,2820.9,3839.9,2896.0,3128.2,158,4,3128.0,1043,2,3127.7,21,1,3127.6,317,3,3127.5,116,7,3128.3,11,1,3129.1,166,3,3129.2,20,1,3129.3,20,1,3129.4,187,7
2031,2026-06-16 11:26:33+05:30,3128.3,11,3130.58,1609769,135132.0,213285.0,3163.0,3163.0,3108.0,3134.3,31907800,3447.7,2820.9,3839.9,2896.0,3128.2,158,4,3128.0,1043,2,3127.7,21,1,3127.6,317,3,3127.5,116,7,3128.3,11,1,3129.1,166,3,3129.2,20,1,3129.3,20,1,3129.4,187,7
2031,2026-06-16 11:26:33+05:30,3128.3,11,3130.58,1609802,135620.0,213216.0,3163.0,3163.0,3108.0,3134.3,31907800,3447.7,2820.9,3839.9,2896.0,3128.4,9,2,3128.2,136,4,3128.1,4,1,3128.0,1043,2,3127.9,21,1,3129.0,5,1,3129.3,20,1,3129.4,373,7,3129.5,56,1,3129.6,100,5
2031,2026-06-16 11:26:34+05:30,3128.9,1,3130.58,1609803,135658.0,214028.0,3163.0,3163.0,3108.0,3134.3,31907800,3447.7,2820.9,3839.9,2896.0,3128.5,5,1,3128.4,9,2,3128.3,1,1,3128.2,136,4,3128.1,4,1,3128.9,3,1,3129.0,5,1,3129.1,22,1,3129.3,35,2,3129.4,324,6
2031,2026-06-16 11:26:35+05:30,3128.9,1,3130.58,1609803,135658.0,214028.0,3163.0,3163.0,3108.0,3134.3,31907800,3447.7,2820.9,3839.9,2896.0,3128.5,5,1,3128.4,9,2,3128.3,1,1,3128.2,136,4,3128.1,4,1,3128.9,3,1,3129.0,5,1,3129.1,22,1,3129.3,35,2,3129.4,324,6
2031,2026-06-16 11:26:35+05:30,3128.9,1,3130.58,1609803,135693.0,214034.0,3163.0,3163.0,3108.0,3134.3,31907800,3447.7,2820.9,3839.9,2896.0,3128.5,5,1,3128.4,9,2,3128.3,1,1,3128.2,136,4,3128.1,19,2,3128.9,3,1,3129.0,5,1,3129.1,22,1,3129.3,35,2,3129.4,324,6
2031,2026-06-16 11:26:36+05:30,3128.2,3,3130.58,1610000,135316.0,213520.0,3163.0,3163.0,3108.0,3134.3,31907800,3447.7,2820.9,3839.9,2896.0,3128.2,133,4,3128.1,15,1,3128.0,1043,2,3127.8,21,1,3127.7,16,1,3128.3,6,1,3128.9,14,1,3129.1,14,1,3129.2,164,3,3129.3,20,1
2031,2026-06-16 11:26:37+05:30,3128.3,6,3130.58,1610000,135316.0,213520.0,3163.0,3163.0,3108.0,3134.3,31907800,3447.7,2820.9,3839.9,2896.0,3128.2,133,4,3128.1,15,1,3128.0,1043,2,3127.8,21,1,3127.7,16,1,3128.3,6,1,3128.9,14,1,3129.1,14,1,3129.2,164,3,3129.3,20,1
2031,2026-06-16 11:26:37+05:30,3128.3,6,3130.58,1610006,135565.0,213100.0,3163.0,3163.0,3108.0,3134.3,31907800,3447.7,2820.9,3839.9,2896.0,3128.2,133,4,3128.1,15,1,3128.0,1043,2,3127.8,21,1,3127.7,22,1,3129.0,27,2,3129.1,91,4,3129.3,76,2,3129.4,387,8,3129.5,56,1
2031,2026-06-16 11:26:38+05:30,3128.4,1,3130.58,1610006,135565.0,213100.0,3163.0,3163.0,3108.0,3134.3,31907800,3447.7,2820.9,3839.9,2896.0,3128.2,133,4,3128.1,15,1,3128.0,1043,2,3127.8,21,1,3127.7,22,1,3129.0,27,2,3129.1,91,4,3129.3,76,2,3129.4,387,8,3129.5,56,1
2031,2026-06-16 11:26:38+05:30,3128.4,1,3130.58,1610030,135844.0,213058.0,3163.0,3163.0,3108.0,3134.3,31907800,3447.7,2820.9,3839.9,2896.0,3128.4,2,1,3128.2,118,4,3128.1,15,1,3128.0,1043,2,3127.7,38,2,3129.0,38,3,3129.1,41,1,3129.2,41,2,3129.3,76,2,3129.4,338,7
2031,2026-06-16 11:26:39+05:30,3128.4,1,3130.58,1610030,135847.0,213727.0,3163.0,3163.0,3108.0,3134.3,31907800,3447.7,2820.9,3839.9,2896.0,3128.4,2,1,3128.2,118,4,3128.1,15,1,3128.0,1043,2,3127.7,38,2,3128.9,2,1,3129.0,58,4,3129.1,41,1,3129.2,41,2,3129.3,76,2
2031,2026-06-16 11:26:40+05:30,3128.9,1,3130.58,1610030,135847.0,213727.0,3163.0,3163.0,3108.0,3134.3,31907800,3447.7,2820.9,3839.9,2896.0,3128.4,2,1,3128.2,118,4,3128.1,15,1,3128.0,1043,2,3127.7,38,2,3128.9,2,1,3129.0,58,4,3129.1,41,1,3129.2,41,2,3129.3,76,2
2031,2026-06-16 11:26:40+05:30,3128.9,1,3130.58,1610031,135630.0,213835.0,3163.0,3163.0,3108.0,3134.3,31907800,3447.7,2820.9,3839.9,2896.0,3128.4,2,1,3128.2,118,4,3128.1,15,1,3128.0,1043,2,3127.7,22,1,3128.6,1,1,3128.7,200,1,3129.0,58,4,3129.1,41,1,3129.2,43,3
2031,2026-06-16 11:26:41+05:30,3128.7,2,3130.58,1610031,135630.0,213835.0,3163.0,3163.0,3108.0,3134.3,31907800,3447.7,2820.9,3839.9,2896.0,3128.4,2,1,3128.2,118,4,3128.1,15,1,3128.0,1043,2,3127.7,22,1,3128.6,1,1,3128.7,200,1,3129.0,58,4,3129.1,41,1,3129.2,43,3
2031,2026-06-16 11:26:41+05:30,3128.7,2,3130.58,1610034,135745.0,214072.0,3163.0,3163.0,3108.0,3134.3,31907800,3447.7,2820.9,3839.9,2896.0,3128.4,2,1,3128.2,136,5,3128.1,15,1,3128.0,1043,2,3127.7,43,2,3128.7,198,1,3129.0,58,4,3129.2,43,3,3129.3,76,2,3129.4,338,7
2031,2026-06-16 11:26:41+05:30,3128.7,2,3130.58,1610034,135745.0,214072.0,3163.0,3163.0,3108.0,3134.3,31907800,3447.7,2820.9,3839.9,2896.0,3128.4,2,1,3128.2,136,5,3128.1,15,1,3128.0,1043,2,3127.7,43,2,3128.7,198,1,3129.0,58,4,3129.2,43,3,3129.3,76,2,3129.4,338,7
2031,2026-06-16 11:26:42+05:30,3128.4,1,3130.58,1610034,135745.0,214072.0,3163.0,3163.0,3108.0,3134.3,31907800,3447.7,2820.9,3839.9,2896.0,3128.4,2,1,3128.2,136,5,3128.1,15,1,3128.0,1043,2,3127.7,43,2,3128.7,198,1,3129.0,58,4,3129.2,43,3,3129.3,76,2,3129.4,338,7
2031,2026-06-16 11:26:42+05:30,3128.4,1,3130.58,1610035,135907.0,214066.0,3163.0,3163.0,3108.0,3134.3,31907800,3447.7,2820.9,3839.9,2896.0,3128.4,21,3,3128.2,118,4,3128.1,15,1,3128.0,1043,2,3127.7,59,3,3128.6,1,1,3128.7,223,2,3129.0,25,2,3129.2,21,2,3129.3,76,2
2031,2026-06-16 11:26:43+05:30,3128.5,1,3130.58,1610035,135907.0,214066.0,3163.0,3163.0,3108.0,3134.3,31907800,3447.7,2820.9,3839.9,2896.0,3128.4,21,3,3128.2,118,4,3128.1,15,1,3128.0,1043,2,3127.7,59,3,3128.6,1,1,3128.7,223,2,3129.0,25,2,3129.2,21,2,3129.3,76,2
2031,2026-06-16 11:26:43+05:30,3128.5,1,3130.58,1610036,136062.0,213583.0,3163.0,3163.0,3108.0,3134.3,31907800,3447.7,2820.9,3839.9,2896.0,3128.5,19,2,3128.4,1,1,3128.2,118,4,3128.1,36,2,3128.0,1043,2,3128.6,1,1,3128.7,223,2,3129.0,20,1,3129.3,20,1,3129.4,324,6
2031,2026-06-16 11:26:43+05:30,3128.5,1,3130.58,1610036,136062.0,213583.0,3163.0,3163.0,3108.0,3134.3,31907800,3447.7,2820.9,3839.9,2896.0,3128.5,19,2,3128.4,1,1,3128.2,118,4,3128.1,36,2,3128.0,1043,2,3128.6,1,1,3128.7,223,2,3129.0,20,1,3129.3,20,1,3129.4,324,6
2031,2026-06-16 11:26:44+05:30,3128.6,1,3130.58,1610036,136062.0,213583.0,3163.0,3163.0,3108.0,3134.3,31907800,3447.7,2820.9,3839.9,2896.0,3128.5,19,2,3128.4,1,1,3128.2,118,4,3128.1,36,2,3128.0,1043,2,3128.6,1,1,3128.7,223,2,3129.0,20,1,3129.3,20,1,3129.4,324,6
2031,2026-06-16 11:26:44+05:30,3128.6,185,3130.58,1610223,136082.0,213637.0,3163.0,3163.0,3108.0,3134.3,31907800,3447.7,2820.9,3839.9,2896.0,3128.5,44,2,3128.4,22,2,3128.3,15,1,3128.2,139,5,3128.1,21,1,3128.6,15,1,3128.7,223,2,3129.0,20,1,3129.3,20,1,3129.4,302,5
2031,2026-06-16 11:26:45+05:30,3128.5,10,3130.58,1610223,136082.0,213637.0,3163.0,3163.0,3108.0,3134.3,31907800,3447.7,2820.9,3839.9,2896.0,3128.5,44,2,3128.4,22,2,3128.3,15,1,3128.2,139,5,3128.1,21,1,3128.6,15,1,3128.7,223,2,3129.0,20,1,3129.3,20,1,3129.4,302,5
2031,2026-06-16 11:26:45+05:30,3128.5,10,3130.58,1610223,136082.0,213637.0,3163.0,3163.0,3108.0,3134.3,31907800,3447.7,2820.9,3839.9,2896.0,3128.5,44,2,3128.4,22,2,3128.3,15,1,3128.2,139,5,3128.1,21,1,3128.6,15,1,3128.7,223,2,3129.0,20,1,3129.3,20,1,3129.4,302,5
2031,2026-06-16 11:26:45+05:30,3128.2,7,3130.58,1610433,135428.0,213402.0,3163.0,3163.0,3108.0,3134.3,31907800,3447.7,2820.9,3839.9,2896.0,3128.2,133,5,3128.0,1065,3,3127.9,35,2,3127.8,53,3,3127.6,374,6,3128.3,25,1,3128.6,10,1,3129.0,218,2,3129.2,22,1,3129.3,156,2
2031,2026-06-16 11:26:46+05:30,3128.2,23,3130.58,1610433,135428.0,213402.0,3163.0,3163.0,3108.0,3134.3,31907800,3447.7,2820.9,3839.9,2896.0,3128.2,133,5,3128.0,1065,3,3127.9,35,2,3127.8,53,3,3127.6,374,6,3128.3,25,1,3128.6,10,1,3129.0,218,2,3129.2,22,1,3129.3,156,2
2031,2026-06-16 11:26:46+05:30,3128.2,23,3130.58,1610456,135446.0,213468.0,3163.0,3163.0,3108.0,3134.3,31907800,3447.7,2820.9,3839.9,2896.0,3128.2,88,4,3128.1,43,2,3128.0,1043,2,3127.8,37,2,3127.7,16,1,3128.3,26,2,3128.6,11,2,3129.0,221,3,3129.2,23,2,3129.3,156,2
2031,2026-06-16 11:26:47+05:30,3128.2,23,3130.58,1610456,135446.0,213468.0,3163.0,3163.0,3108.0,3134.3,31907800,3447.7,2820.9,3839.9,2896.0,3128.2,88,4,3128.1,43,2,3128.0,1043,2,3127.8,37,2,3127.7,16,1,3128.3,26,2,3128.6,11,2,3129.0,221,3,3129.2,23,2,3129.3,156,2
2031,2026-06-16 11:26:47+05:30,3128.2,3,3130.58,1610456,135446.0,213468.0,3163.0,3163.0,3108.0,3134.3,31907800,3447.7,2820.9,3839.9,2896.0,3128.2,88,4,3128.1,43,2,3128.0,1043,2,3127.8,37,2,3127.7,16,1,3128.3,26,2,3128.6,11,2,3129.0,221,3,3129.2,23,2,3129.3,156,2
2031,2026-06-16 11:26:47+05:30,3128.2,3,3130.58,1610459,135415.0,213474.0,3163.0,3163.0,3108.0,3134.3,31907800,3447.7,2820.9,3839.9,2896.0,3128.2,85,4,3128.0,1043,2,3127.8,75,2,3127.7,21,1,3127.6,415,6,3128.3,26,2,3128.6,11,2,3128.9,147,1,3129.0,221,3,3129.1,14,1
2031,2026-06-16 11:26:48+05:30,3128.3,25,3130.58,1610459,135415.0,213474.0,3163.0,3163.0,3108.0,3134.3,31907800,3447.7,2820.9,3839.9,2896.0,3128.2,85,4,3128.0,1043,2,3127.8,75,2,3127.7,21,1,3127.6,415,6,3128.3,26,2,3128.6,11,2,3128.9,147,1,3129.0,221,3,3129.1,14,1
2031,2026-06-16 11:26:48+05:30,3128.3,25,3130.58,1610485,135437.0,213467.0,3163.0,3163.0,3108.0,3134.3,31907800,3447.7,2820.9,3839.9,2896.0,3128.2,103,5,3128.0,1043,2,3127.8,75,2,3127.7,21,1,3127.6,415,6,3128.3,20,3,3128.6,1,1,3128.9,161,2,3129.0,221,3,3129.2,58,4
2031,2026-06-16 11:26:49+05:30,3128.3,25,3130.58,1610485,135437.0,213467.0,3163.0,3163.0,3108.0,3134.3,31907800,3447.7,2820.9,3839.9,2896.0,3128.2,103,5,3128.0,1043,2,3127.8,75,2,3127.7,21,1,3127.6,415,6,3128.3,20,3,3128.6,1,1,3128.9,161,2,3129.0,221,3,3129.2,58,4
2031,2026-06-16 11:26:49+05:30,3128.2,3,3130.58,1610485,135437.0,213467.0,3163.0,3163.0,3108.0,3134.3,31907800,3447.7,2820.9,3839.9,2896.0,3128.2,103,5,3128.0,1043,2,3127.8,75,2,3127.7,21,1,3127.6,415,6,3128.3,20,3,3128.6,1,1,3128.9,161,2,3129.0,221,3,3129.2,58,4
2031,2026-06-16 11:26:49+05:30,3128.2,5,3130.58,1610532,135419.0,213433.0,3163.0,3163.0,3108.0,3134.3,31907800,3447.7,2820.9,3839.9,2896.0,3128.2,65,4,3128.0,1043,2,3127.6,338,4,3127.5,11,1,3127.4,22,1,3128.3,57,4,3128.6,1,1,3128.7,35,2,3128.9,181,2,3129.0,239,5
2031,2026-06-16 11:26:50+05:30,3128.3,1,3130.58,1610532,135419.0,213433.0,3163.0,3163.0,3108.0,3134.3,31907800,3447.7,2820.9,3839.9,2896.0,3128.2,65,4,3128.0,1043,2,3127.6,338,4,3127.5,11,1,3127.4,22,1,3128.3,57,4,3128.6,1,1,3128.7,35,2,3128.9,181,2,3129.0,239,5
2031,2026-06-16 11:26:50+05:30,3128.3,1,3130.58,1610532,135419.0,213433.0,3163.0,3163.0,3108.0,3134.3,31907800,3447.7,2820.9,3839.9,2896.0,3128.2,65,4,3128.0,1043,2,3127.6,338,4,3127.5,11,1,3127.4,22,1,3128.3,57,4,3128.6,1,1,3128.7,35,2,3128.9,181,2,3129.0,239,5
2031,2026-06-16 11:26:50+05:30,3128.3,1,3130.58,1610602,135649.0,214064.0,3163.0,3163.0,3108.0,3134.3,31907800,3447.7,2820.9,3839.9,2896.0,3128.4,1,1,3128.2,41,3,3128.0,1043,2,3127.6,317,3,3127.5,65,2,3128.6,15,2,3128.7,21,1,3128.8,15,2,3128.9,176,2,3129.0,265,5
2031,2026-06-16 11:26:51+05:30,3128.3,1,3130.58,1610602,135649.0,214064.0,3163.0,3163.0,3108.0,3134.3,31907800,3447.7,2820.9,3839.9,2896.0,3128.4,1,1,3128.2,41,3,3128.0,1043,2,3127.6,317,3,3127.5,65,2,3128.6,15,2,3128.7,21,1,3128.8,15,2,3128.9,176,2,3129.0,265,5
2031,2026-06-16 11:26:51+05:30,3128.3,1,3130.58,1610602,135695.0,214082.0,3163.0,3163.0,3108.0,3134.3,31907800,3447.7,2820.9,3839.9,2896.0,3128.4,1,1,3128.2,57,4,3128.0,1043,2,3127.6,317,3,3127.5,65,2,3128.5,8,1,3128.6,15,2,3128.8,15,2,3128.9,197,3,3129.0,244,4
2031,2026-06-16 11:26:52+05:30,3128.3,1,3130.58,1610602,135695.0,214082.0,3163.0,3163.0,3108.0,3134.3,31907800,3447.7,2820.9,3839.9,2896.0,3128.4,1,1,3128.2,57,4,3128.0,1043,2,3127.6,317,3,3127.5,65,2,3128.5,8,1,3128.6,15,2,3128.8,15,2,3128.9,197,3,3129.0,244,4
2031,2026-06-16 11:26:52+05:30,3128.3,1,3130.58,1610602,135695.0,214193.0,3163.0,3163.0,3108.0,3134.3,31907800,3447.7,2820.9,3839.9,2896.0,3128.4,1,1,3128.2,57,4,3128.0,1043,2,3127.6,317,3,3127.5,65,2,3128.5,8,1,3128.6,15,2,3128.8,15,2,3128.9,197,3,3129.0,244,4
2031,2026-06-16 11:26:52+05:30,3128.3,1,3130.58,1610602,135695.0,214193.0,3163.0,3163.0,3108.0,3134.3,31907800,3447.7,2820.9,3839.9,2896.0,3128.4,1,1,3128.2,57,4,3128.0,1043,2,3127.6,317,3,3127.5,65,2,3128.5,8,1,3128.6,15,2,3128.8,15,2,3128.9,197,3,3129.0,244,4
2031,2026-06-16 11:26:53+05:30,3128.3,1,3130.58,1610602,135695.0,214193.0,3163.0,3163.0,3108.0,3134.3,31907800,3447.7,2820.9,3839.9,2896.0,3128.4,1,1,3128.2,57,4,3128.0,1043,2,3127.6,317,3,3127.5,65,2,3128.5,8,1,3128.6,15,2,3128.8,15,2,3128.9,197,3,3129.0,244,4
2031,2026-06-16 11:26:53+05:30,3128.8,7,3130.58,1610602,135695.0,214193.0,3163.0,3163.0,3108.0,3134.3,31907800,3447.7,2820.9,3839.9,2896.0,3128.4,1,1,3128.2,57,4,3128.0,1043,2,3127.6,317,3,3127.5,65,2,3128.5,8,1,3128.6,15,2,3128.8,15,2,3128.9,197,3,3129.0,244,4
2031,2026-06-16 11:26:53+05:30,3128.8,1,3130.58,1610633,136011.0,214389.0,3163.0,3163.0,3108.0,3134.3,31907800,3447.7,2820.9,3839.9,2896.0,3128.4,18,1,3128.2,41,3,3128.0,1043,2,3127.6,317,3,3127.5,85,3,3128.8,60,7,3128.9,25,1,3129.0,246,4,3129.1,78,2,3129.2,75,4
2031,2026-06-16 11:26:53+05:30,3128.8,1,3130.58,1610633,136011.0,214389.0,3163.0,3163.0,3108.0,3134.3,31907800,3447.7,2820.9,3839.9,2896.0,3128.4,18,1,3128.2,41,3,3128.0,1043,2,3127.6,317,3,3127.5,85,3,3128.8,60,7,3128.9,25,1,3129.0,246,4,3129.1,78,2,3129.2,75,4
2031,2026-06-16 11:26:54+05:30,3128.8,7,3130.58,1610633,136011.0,214389.0,3163.0,3163.0,3108.0,3134.3,31907800,3447.7,2820.9,3839.9,2896.0,3128.4,18,1,3128.2,41,3,3128.0,1043,2,3127.6,317,3,3127.5,85,3,3128.8,60,7,3128.9,25,1,3129.0,246,4,3129.1,78,2,3129.2,75,4
2031,2026-06-16 11:26:54+05:30,3128.8,7,3130.58,1610633,136011.0,214389.0,3163.0,3163.0,3108.0,3134.3,31907800,3447.7,2820.9,3839.9,2896.0,3128.4,18,1,3128.2,41,3,3128.0,1043,2,3127.6,317,3,3127.5,85,3,3128.8,60,7,3128.9,25,1,3129.0,246,4,3129.1,78,2,3129.2,75,4
2031,2026-06-16 11:26:54+05:30,3128.8,1,3130.58,1610644,136033.0,214452.0,3163.0,3163.0,3108.0,3134.3,31907800,3447.7,2820.9,3839.9,2896.0,3128.4,18,1,3128.2,41,3,3128.0,1043,2,3127.6,317,3,3127.5,107,4,3128.7,2,1,3128.8,52,7,3128.9,25,1,3129.0,246,4,3129.1,78,2
2031,2026-06-16 11:26:55+05:30,3128.8,1,3130.58,1610644,136033.0,214452.0,3163.0,3163.0,3108.0,3134.3,31907800,3447.7,2820.9,3839.9,2896.0,3128.4,18,1,3128.2,41,3,3128.0,1043,2,3127.6,317,3,3127.5,107,4,3128.7,2,1,3128.8,52,7,3128.9,25,1,3129.0,246,4,3129.1,78,2
2031,2026-06-16 11:26:55+05:30,3128.5,2,3130.58,1610644,136033.0,214452.0,3163.0,3163.0,3108.0,3134.3,31907800,3447.7,2820.9,3839.9,2896.0,3128.4,18,1,3128.2,41,3,3128.0,1043,2,3127.6,317,3,3127.5,107,4,3128.7,2,1,3128.8,52,7,3128.9,25,1,3129.0,246,4,3129.1,78,2
2031,2026-06-16 11:26:55+05:30,3128.6,14,3130.58,1610665,135949.0,214575.0,3163.0,3163.0,3108.0,3134.3,31907800,3447.7,2820.9,3839.9,2896.0,3128.6,19,1,3128.2,41,3,3128.0,1043,2,3127.6,317,3,3127.5,124,6,3128.7,45,3,3128.8,39,5,3128.9,25,1,3129.0,246,4,3129.1,78,2
2031,2026-06-16 11:26:56+05:30,3128.6,14,3130.58,1610665,135949.0,214575.0,3163.0,3163.0,3108.0,3134.3,31907800,3447.7,2820.9,3839.9,2896.0,3128.6,19,1,3128.2,41,3,3128.0,1043,2,3127.6,317,3,3127.5,124,6,3128.7,45,3,3128.8,39,5,3128.9,25,1,3129.0,246,4,3129.1,78,2
2031,2026-06-16 11:26:56+05:30,3128.6,2,3130.58,1610665,135949.0,214575.0,3163.0,3163.0,3108.0,3134.3,31907800,3447.7,2820.9,3839.9,2896.0,3128.6,19,1,3128.2,41,3,3128.0,1043,2,3127.6,317,3,3127.5,124,6,3128.7,45,3,3128.8,39,5,3128.9,25,1,3129.0,246,4,3129.1,78,2
2031,2026-06-16 11:26:56+05:30,3128.6,2,3130.58,1610668,136058.0,214722.0,3163.0,3163.0,3108.0,3134.3,31907800,3447.7,2820.9,3839.9,2896.0,3128.6,17,1,3128.2,41,3,3128.0,1043,2,3127.9,15,1,3127.6,330,4,3128.7,25,1,3128.8,60,6,3128.9,25,1,3129.0,257,5,3129.1,78,2
2031,2026-06-16 11:26:56+05:30,3128.6,2,3130.58,1610668,136058.0,214722.0,3163.0,3163.0,3108.0,3134.3,31907800,3447.7,2820.9,3839.9,2896.0,3128.6,17,1,3128.2,41,3,3128.0,1043,2,3127.9,15,1,3127.6,330,4,3128.7,25,1,3128.8,60,6,3128.9,25,1,3129.0,257,5,3129.1,78,2
2031,2026-06-16 11:26:57+05:30,3128.7,1,3130.58,1610668,136058.0,214722.0,3163.0,3163.0,3108.0,3134.3,31907800,3447.7,2820.9,3839.9,2896.0,3128.6,17,1,3128.2,41,3,3128.0,1043,2,3127.9,15,1,3127.6,330,4,3128.7,25,1,3128.8,60,6,3128.9,25,1,3129.0,257,5,3129.1,78,2
2031,2026-06-16 11:26:57+05:30,3128.7,1,3130.58,1610669,136025.0,214601.0,3163.0,3163.0,3108.0,3134.3,31907800,3447.7,2820.9,3839.9,2896.0,3128.6,17,1,3128.2,41,3,3128.0,1000,1,3127.9,15,1,3127.6,330,4,3128.7,77,6,3128.8,25,4,3128.9,25,1,3129.0,246,4,3129.1,78,2
2031,2026-06-16 11:26:57+05:30,3128.7,1,3130.58,1610669,136025.0,214601.0,3163.0,3163.0,3108.0,3134.3,31907800,3447.7,2820.9,3839.9,2896.0,3128.6,17,1,3128.2,41,3,3128.0,1000,1,3127.9,15,1,3127.6,330,4,3128.7,77,6,3128.8,25,4,3128.9,25,1,3129.0,246,4,3129.1,78,2
2031,2026-06-16 11:26:58+05:30,3128.6,126,3130.58,1610669,136025.0,214601.0,3163.0,3163.0,3108.0,3134.3,31907800,3447.7,2820.9,3839.9,2896.0,3128.6,17,1,3128.2,41,3,3128.0,1000,1,3127.9,15,1,3127.6,330,4,3128.7,77,6,3128.8,25,4,3128.9,25,1,3129.0,246,4,3129.1,78,2
2031,2026-06-16 11:26:58+05:30,3128.6,126,3130.58,1610669,136025.0,214601.0,3163.0,3163.0,3108.0,3134.3,31907800,3447.7,2820.9,3839.9,2896.0,3128.6,17,1,3128.2,41,3,3128.0,1000,1,3127.9,15,1,3127.6,330,4,3128.7,77,6,3128.8,25,4,3128.9,25,1,3129.0,246,4,3129.1,78,2
2031,2026-06-16 11:26:58+05:30,3128.6,126,3130.58,1610827,135617.0,214451.0,3163.0,3163.0,3108.0,3134.3,31907800,3447.7,2820.9,3839.9,2896.0,3128.2,58,4,3128.0,1000,1,3127.9,15,1,3127.6,330,4,3127.5,32,2,3128.3,74,1,3128.7,275,7,3128.8,25,4,3128.9,40,2,3129.0,48,3
2031,2026-06-16 11:26:59+05:30,3128.6,126,3130.58,1610827,135617.0,214451.0,3163.0,3163.0,3108.0,3134.3,31907800,3447.7,2820.9,3839.9,2896.0,3128.2,58,4,3128.0,1000,1,3127.9,15,1,3127.6,330,4,3127.5,32,2,3128.3,74,1,3128.7,275,7,3128.8,25,4,3128.9,40,2,3129.0,48,3
2031,2026-06-16 11:26:59+05:30,3128.2,18,3130.58,1610827,135617.0,214451.0,3163.0,3163.0,3108.0,3134.3,31907800,3447.7,2820.9,3839.9,2896.0,3128.2,58,4,3128.0,1000,1,3127.9,15,1,3127.6,330,4,3127.5,32,2,3128.3,74,1,3128.7,275,7,3128.8,25,4,3128.9,40,2,3129.0,48,3
2031,2026-06-16 11:26:59+05:30,3128.2,18,3130.58,1610845,135690.0,214581.0,3163.0,3163.0,3108.0,3134.3,31907800,3447.7,2820.9,3839.9,2896.0,3128.2,40,4,3128.0,1131,2,3127.9,15,1,3127.6,330,4,3127.5,32,2,3128.3,98,2,3128.4,14,1,3128.5,21,1,3128.6,14,1,3128.7,225,4
2031,2026-06-16 11:27:00+05:30,3128.2,18,3130.58,1610845,135690.0,214581.0,3163.0,3163.0,3108.0,3134.3,31909400,3447.7,2820.9,3839.9,2896.0,3128.2,40,4,3128.0,1131,2,3127.9,15,1,3127.6,330,4,3127.5,32,2,3128.3,98,2,3128.4,14,1,3128.5,21,1,3128.6,14,1,3128.7,225,4
2031,2026-06-16 11:27:00+05:30,3128.2,6,3130.58,1610845,135690.0,214581.0,3163.0,3163.0,3108.0,3134.3,31909400,3447.7,2820.9,3839.9,2896.0,3128.2,40,4,3128.0,1131,2,3127.9,15,1,3127.6,330,4,3127.5,32,2,3128.3,98,2,3128.4,14,1,3128.5,21,1,3128.6,14,1,3128.7,225,4
2031,2026-06-16 11:27:00+05:30,3128.3,1,3130.58,1611196,135288.0,214277.0,3163.0,3163.0,3108.0,3134.3,31909400,3447.7,2820.9,3839.9,2896.0,3128.3,1,1,3128.2,13,4,3128.0,1131,2,3127.9,15,1,3127.6,42,4,3128.7,21,1,3128.9,51,4,3129.0,3,1,3129.1,78,2,3129.2,96,5
2031,2026-06-16 11:27:01+05:30,3128.6,1,3130.58,1611196,135288.0,214277.0,3163.0,3163.0,3108.0,3134.3,31909400,3447.7,2820.9,3839.9,2896.0,3128.3,1,1,3128.2,13,4,3128.0,1131,2,3127.9,15,1,3127.6,42,4,3128.7,21,1,3128.9,51,4,3129.0,3,1,3129.1,78,2,3129.2,96,5
2031,2026-06-16 11:27:01+05:30,3128.6,1,3130.58,1611197,135305.0,214400.0,3163.0,3163.0,3108.0,3134.3,31909400,3447.7,2820.9,3839.9,2896.0,3128.3,18,2,3128.2,13,4,3128.0,1131,2,3127.9,15,1,3127.6,21,3,3128.6,35,1,3128.7,221,2,3128.8,21,1,3128.9,15,2,3129.0,24,2
2031,2026-06-16 11:27:02+05:30,3128.4,35,3130.58,1611197,135305.0,214400.0,3163.0,3163.0,3108.0,3134.3,31909400,3447.7,2820.9,3839.9,2896.0,3128.3,18,2,3128.2,13,4,3128.0,1131,2,3127.9,15,1,3127.6,21,3,3128.6,35,1,3128.7,221,2,3128.8,21,1,3128.9,15,2,3129.0,24,2
2031,2026-06-16 11:27:02+05:30,3128.4,35,3130.58,1611233,135228.0,214332.0,3163.0,3163.0,3108.0,3134.3,31909400,3447.7,2820.9,3839.9,2896.0,3128.4,17,1,3128.3,1,1,3128.2,13,4,3128.0,1131,2,3127.9,15,1,3128.7,214,2,3128.8,21,1,3128.9,1,1,3129.0,38,3,3129.1,78,2
2031,2026-06-16 11:27:03+05:30,3128.4,35,3130.58,1611233,135206.0,214326.0,3163.0,3163.0,3108.0,3134.3,31909400,3447.7,2820.9,3839.9,2896.0,3128.5,18,1,3128.3,1,1,3128.2,13,4,3128.0,1131,2,3127.9,15,1,3128.6,3,1,3128.7,230,3,3128.9,21,2,3129.0,38,3,3129.1,78,2
2031,2026-06-16 11:27:04+05:30,3128.2,8,3130.58,1611233,135206.0,214326.0,3163.0,3163.0,3108.0,3134.3,31909400,3447.7,2820.9,3839.9,2896.0,3128.5,18,1,3128.3,1,1,3128.2,13,4,3128.0,1131,2,3127.9,15,1,3128.6,3,1,3128.7,230,3,3128.9,21,2,3129.0,38,3,3129.1,78,2
2031,2026-06-16 11:27:04+05:30,3128.2,8,3130.58,1611542,135158.0,214608.0,3163.0,3163.0,3108.0,3134.3,31909400,3447.7,2820.9,3839.9,2896.0,3128.2,11,4,3128.0,1131,2,3127.9,15,1,3127.6,21,3,3127.5,11,1,3128.6,55,4,3128.7,225,3,3128.8,44,2,3128.9,21,2,3129.0,42,4
2031,2026-06-16 11:27:05+05:30,3128.2,8,3130.58,1611542,135218.0,214631.0,3163.0,3163.0,3108.0,3134.3,31909400,3447.7,2820.9,3839.9,2896.0,3128.2,11,4,3128.0,1131,2,3127.9,15,1,3127.6,21,3,3127.5,11,1,3128.5,33,1,3128.6,55,4,3128.7,225,3,3128.8,44,2,3128.9,21,2
2031,2026-06-16 11:27:06+05:30,3128.5,1,3130.58,1611542,135218.0,214631.0,3163.0,3163.0,3108.0,3134.3,31909400,3447.7,2820.9,3839.9,2896.0,3128.2,11,4,3128.0,1131,2,3127.9,15,1,3127.6,21,3,3127.5,11,1,3128.5,33,1,3128.6,55,4,3128.7,225,3,3128.8,44,2,3128.9,21,2
2031,2026-06-16 11:27:06+05:30,3128.5,1,3130.58,1611546,135334.0,214622.0,3163.0,3163.0,3108.0,3134.3,31909400,3447.7,2820.9,3839.9,2896.0,3128.2,11,4,3128.0,1131,2,3127.9,15,1,3127.6,21,3,3127.5,11,1,3128.5,29,1,3128.6,55,4,3128.7,225,3,3128.8,44,2,3128.9,21,2
2031,2026-06-16 11:27:07+05:30,3128.2,1,3130.58,1611546,135334.0,214622.0,3163.0,3163.0,3108.0,3134.3,31909400,3447.7,2820.9,3839.9,2896.0,3128.2,11,4,3128.0,1131,2,3127.9,15,1,3127.6,21,3,3127.5,11,1,3128.5,29,1,3128.6,55,4,3128.7,225,3,3128.8,44,2,3128.9,21,2
2031,2026-06-16 11:27:07+05:30,3128.2,1,3130.58,1611547,135154.0,214603.0,3163.0,3163.0,3108.0,3134.3,31909400,3447.7,2820.9,3839.9,2896.0,3128.2,19,4,3128.0,1131,2,3127.9,15,1,3127.6,21,3,3127.5,11,1,3128.3,29,1,3128.5,36,3,3128.6,15,1,3128.7,211,2,3128.8,44,2
2031,2026-06-16 11:27:08+05:30,3128.2,1,3130.58,1611547,135170.0,214505.0,3163.0,3163.0,3108.0,3134.3,31909400,3447.7,2820.9,3839.9,2896.0,3128.2,18,4,3128.0,1131,2,3127.9,15,1,3127.6,21,3,3127.5,11,1,3128.3,49,2,3128.4,35,2,3128.5,1,1,3128.6,52,3,3128.7,211,2
2031,2026-06-16 11:27:09+05:30,3128.2,1,3130.58,1611558,135179.0,214461.0,3163.0,3163.0,3108.0,3134.3,31909400,3447.7,2820.9,3839.9,2896.0,3128.2,17,4,3128.0,1131,2,3127.9,15,1,3127.6,21,3,3127.5,63,2,3128.3,39,2,3128.5,1,1,3128.6,31,2,3128.7,232,3,3128.8,14,1
2031,2026-06-16 11:27:10+05:30,3128.3,5,3130.58,1611558,135179.0,214461.0,3163.0,3163.0,3108.0,3134.3,31909400,3447.7,2820.9,3839.9,2896.0,3128.2,17,4,3128.0,1131,2,3127.9,15,1,3127.6,21,3,3127.5,63,2,3128.3,39,2,3128.5,1,1,3128.6,31,2,3128.7,232,3,3128.8,14,1
2031,2026-06-16 11:27:10+05:30,3128.2,2,3130.58,1611605,135238.0,214530.0,3163.0,3163.0,3108.0,3134.3,31909400,3447.7,2820.9,3839.9,2896.0,3128.2,46,5,3128.0,1131,2,3127.9,15,1,3127.6,21,3,3127.5,63,2,3128.3,78,3,3128.5,1,1,3128.6,15,1,3128.7,200,1,3128.8,35,2
2031,2026-06-16 11:27:11+05:30,3128.2,2,3130.58,1611605,135238.0,214530.0,3163.0,3163.0,3108.0,3134.3,31909400,3447.7,2820.9,3839.9,2896.0,3128.2,46,5,3128.0,1131,2,3127.9,15,1,3127.6,21,3,3127.5,63,2,3128.3,78,3,3128.5,1,1,3128.6,15,1,3128.7,200,1,3128.8,35,2
2031,2026-06-16 11:27:11+05:30,3128.2,1,3130.58,1611607,135304.0,214442.0,3163.0,3163.0,3108.0,3134.3,31909400,3447.7,2820.9,3839.9,2896.0,3128.2,82,6,3128.0,1131,2,3127.9,15,1,3127.6,42,4,3127.5,63,2,3128.3,77,3,3128.6,15,1,3128.7,200,1,3129.0,80,5,3129.1,78,2
2031,2026-06-16 11:27:12+05:30,3128.2,1,3130.58,1611607,135304.0,214442.0,3163.0,3163.0,3108.0,3134.3,31909400,3447.7,2820.9,3839.9,2896.0,3128.2,82,6,3128.0,1131,2,3127.9,15,1,3127.6,42,4,3127.5,63,2,3128.3,77,3,3128.6,15,1,3128.7,200,1,3129.0,80,5,3129.1,78,2
2031,2026-06-16 11:27:12+05:30,3128.2,1,3130.58,1611607,135327.0,214342.0,3163.0,3163.0,3108.0,3134.3,31909400,3447.7,2820.9,3839.9,2896.0,3128.2,82,6,3128.0,1131,2,3127.9,15,1,3127.6,42,4,3127.5,63,2,3128.3,77,3,3128.6,15,1,3128.7,200,1,3129.0,82,6,3129.1,78,2
2031,2026-06-16 11:27:13+05:30,3128.2,1,3130.58,1611607,135340.0,214321.0,3163.0,3163.0,3108.0,3134.3,31909400,3447.7,2820.9,3839.9,2896.0,3128.2,82,6,3128.0,1131,2,3127.9,15,1,3127.6,42,4,3127.5,63,2,3128.3,77,3,3128.6,15,1,3128.7,200,1,3128.9,20,1,3129.0,47,4
2031,2026-06-16 11:27:14+05:30,3128.2,1,3130.58,1611607,135341.0,214095.0,3163.0,3163.0,3108.0,3134.3,31909400,3447.7,2820.9,3839.9,2896.0,3128.2,84,8,3128.0,1131,2,3127.9,15,1,3127.6,62,5,3127.5,63,2,3128.3,77,3,3128.6,15,1,3128.7,200,1,3129.0,47,4,3129.1,91,3
2031,2026-06-16 11:27:15+05:30,3128.3,18,3130.58,1611607,135341.0,214095.0,3163.0,3163.0,3108.0,3134.3,31909400,3447.7,2820.9,3839.9,2896.0,3128.2,84,8,3128.0,1131,2,3127.9,15,1,3127.6,62,5,3127.5,63,2,3128.3,77,3,3128.6,15,1,3128.7,200,1,3129.0,47,4,3129.1,91,3
2031,2026-06-16 11:27:15+05:30,3128.3,2,3130.58,1611687,135444.0,214172.0,3163.0,3163.0,3108.0,3134.3,31909400,3447.7,2820.9,3839.9,2896.0,3128.2,104,9,3128.0,1185,5,3127.9,30,2,3127.8,119,5,3127.6,137,7,3128.3,7,1,3128.7,200,1,3129.0,47,4,3129.1,34,1,3129.2,61,3
2031,2026-06-16 11:27:16+05:30,3128.3,12,3130.58,1611687,135444.0,214172.0,3163.0,3163.0,3108.0,3134.3,31909400,3447.7,2820.9,3839.9,2896.0,3128.2,104,9,3128.0,1185,5,3127.9,30,2,3127.8,119,5,3127.6,137,7,3128.3,7,1,3128.7,200,1,3129.0,47,4,3129.1,34,1,3129.2,61,3
2031,2026-06-16 11:27:16+05:30,3128.3,12,3130.58,1611718,135527.0,214040.0,3163.0,3163.0,3108.0,3134.3,31909400,3447.7,2820.9,3839.9,2896.0,3128.4,1,1,3128.3,20,1,3128.2,57,7,3128.0,1204,4,3127.9,35,2,3128.7,200,1,3129.0,26,3,3129.2,22,2,3129.3,40,2,3129.4,102,4
2031,2026-06-16 11:27:17+05:30,3128.6,1,3130.58,1611718,135527.0,214040.0,3163.0,3163.0,3108.0,3134.3,31909400,3447.7,2820.9,3839.9,2896.0,3128.4,1,1,3128.3,20,1,3128.2,57,7,3128.0,1204,4,3127.9,35,2,3128.7,200,1,3129.0,26,3,3129.2,22,2,3129.3,40,2,3129.4,102,4
2031,2026-06-16 11:27:17+05:30,3128.6,3,3130.58,1611722,135726.0,213899.0,3163.0,3163.0,3108.0,3134.3,31909400,3447.7,2820.9,3839.9,2896.0,3128.6,16,1,3128.4,42,2,3128.2,57,7,3128.1,20,1,3128.0,1183,3,3128.7,200,1,3129.0,26,3,3129.2,22,2,3129.3,20,1,3129.4,102,4
2031,2026-06-16 11:27:18+05:30,3128.7,165,3130.58,1611722,135726.0,213899.0,3163.0,3163.0,3108.0,3134.3,31909400,3447.7,2820.9,3839.9,2896.0,3128.6,16,1,3128.4,42,2,3128.2,57,7,3128.1,20,1,3128.0,1183,3,3128.7,200,1,3129.0,26,3,3129.2,22,2,3129.3,20,1,3129.4,102,4
2031,2026-06-16 11:27:18+05:30,3128.4,29,3130.58,1611932,135359.0,210810.0,3163.0,3163.0,3108.0,3134.3,31909400,3447.7,2820.9,3839.9,2896.0,3128.4,12,1,3128.2,94,9,3128.0,1151,3,3127.9,15,1,3127.8,50,3,3129.0,74,3,3129.2,1,1,3129.3,200,1,3129.4,315,6,3129.5,78,4
2031,2026-06-16 11:27:19+05:30,3128.4,29,3130.58,1611932,135359.0,210810.0,3163.0,3163.0,3108.0,3134.3,31909400,3447.7,2820.9,3839.9,2896.0,3128.4,12,1,3128.2,94,9,3128.0,1151,3,3127.9,15,1,3127.8,50,3,3129.0,74,3,3129.2,1,1,3129.3,200,1,3129.4,315,6,3129.5,78,4
2031,2026-06-16 11:27:21+05:30,3128.4,12,3130.58,1611932,135359.0,210810.0,3163.0,3163.0,3108.0,3134.3,31909400,3447.7,2820.9,3839.9,2896.0,3128.4,12,1,3128.2,94,9,3128.0,1151,3,3127.9,15,1,3127.8,50,3,3129.0,74,3,3129.2,1,1,3129.3,200,1,3129.4,315,6,3129.5,78,4
2031,2026-06-16 11:27:23+05:30,3128.6,1,3130.58,1611932,135359.0,210810.0,3163.0,3163.0,3108.0,3134.3,31909400,3447.7,2820.9,3839.9,2896.0,3128.4,12,1,3128.2,94,9,3128.0,1151,3,3127.9,15,1,3127.8,50,3,3129.0,74,3,3129.2,1,1,3129.3,200,1,3129.4,315,6,3129.5,78,4
2031,2026-06-16 11:27:24+05:30,3128.6,1,3130.58,1612266,135343.0,214240.0,3163.0,3163.0,3108.0,3134.3,31909400,3447.7,2820.9,3839.9,2896.0,3128.2,22,4,3128.0,1131,2,3127.6,29,4,3127.5,51,2,3127.4,34,3,3128.6,47,2,3128.7,200,1,3128.8,14,1,3128.9,33,1,3129.0,147,7
2031,2026-06-16 11:27:25+05:30,3128.6,8,3130.58,1612266,135343.0,214240.0,3163.0,3163.0,3108.0,3134.3,31909400,3447.7,2820.9,3839.9,2896.0,3128.2,22,4,3128.0,1131,2,3127.6,29,4,3127.5,51,2,3127.4,34,3,3128.6,47,2,3128.7,200,1,3128.8,14,1,3128.9,33,1,3129.0,147,7
2031,2026-06-16 11:27:27+05:30,3128.2,3,3130.58,1612266,135343.0,214240.0,3163.0,3163.0,3108.0,3134.3,31909400,3447.7,2820.9,3839.9,2896.0,3128.2,22,4,3128.0,1131,2,3127.6,29,4,3127.5,51,2,3127.4,34,3,3128.6,47,2,3128.7,200,1,3128.8,14,1,3128.9,33,1,3129.0,147,7
2031,2026-06-16 11:27:29+05:30,3128.0,200,3130.58,1612266,135343.0,214240.0,3163.0,3163.0,3108.0,3134.3,31909400,3447.7,2820.9,3839.9,2896.0,3128.2,22,4,3128.0,1131,2,3127.6,29,4,3127.5,51,2,3127.4,34,3,3128.6,47,2,3128.7,200,1,3128.8,14,1,3128.9,33,1,3129.0,147,7
2031,2026-06-16 11:27:29+05:30,3128.0,200,3130.58,1613166,133609.0,216145.0,3163.0,3163.0,3108.0,3134.3,31909400,3447.7,2820.9,3839.9,2896.0,3128.0,531,2,3127.6,8,2,3127.5,11,1,3127.3,15,1,3127.2,14,1,3128.1,227,3,3128.2,160,3,3128.3,214,2,3128.4,40,3,3128.5,62,3
2031,2026-06-16 11:27:31+05:30,3128.0,36,3130.58,1613166,133609.0,216145.0,3163.0,3163.0,3108.0,3134.3,31909400,3447.7,2820.9,3839.9,2896.0,3128.0,531,2,3127.6,8,2,3127.5,11,1,3127.3,15,1,3127.2,14,1,3128.1,227,3,3128.2,160,3,3128.3,214,2,3128.4,40,3,3128.5,62,3
2031,2026-06-16 11:27:33+05:30,3128.0,2,3130.58,1613166,133609.0,216145.0,3163.0,3163.0,3108.0,3134.3,31909400,3447.7,2820.9,3839.9,2896.0,3128.0,531,2,3127.6,8,2,3127.5,11,1,3127.3,15,1,3127.2,14,1,3128.1,227,3,3128.2,160,3,3128.3,214,2,3128.4,40,3,3128.5,62,3
2031,2026-06-16 11:27:34+05:30,3128.0,2,3130.58,1613715,132502.0,215801.0,3163.0,3163.0,3108.0,3134.3,31909400,3447.7,2820.9,3839.9,2896.0,3128.0,4,3,3127.6,8,2,3127.5,11,1,3127.3,15,1,3127.2,14,1,3128.1,77,9,3128.2,21,3,3128.3,200,1,3128.4,40,3,3128.5,38,2
2031,2026-06-16 11:27:35+05:30,3128.0,1,3130.58,1613715,132502.0,215801.0,3163.0,3163.0,3108.0,3134.3,31909400,3447.7,2820.9,3839.9,2896.0,3128.0,4,3,3127.6,8,2,3127.5,11,1,3127.3,15,1,3127.2,14,1,3128.1,77,9,3128.2,21,3,3128.3,200,1,3128.4,40,3,3128.5,38,2
2031,2026-06-16 11:27:37+05:30,3128.1,1,3130.58,1613715,132502.0,215801.0,3163.0,3163.0,3108.0,3134.3,31909400,3447.7,2820.9,3839.9,2896.0,3128.0,4,3,3127.6,8,2,3127.5,11,1,3127.3,15,1,3127.2,14,1,3128.1,77,9,3128.2,21,3,3128.3,200,1,3128.4,40,3,3128.5,38,2
2031,2026-06-16 11:27:39+05:30,3128.1,1,3130.58,1613715,132502.0,215801.0,3163.0,3163.0,3108.0,3134.3,31909400,3447.7,2820.9,3839.9,2896.0,3128.0,4,3,3127.6,8,2,3127.5,11,1,3127.3,15,1,3127.2,14,1,3128.1,77,9,3128.2,21,3,3128.3,200,1,3128.4,40,3,3128.5,38,2
2031,2026-06-16 11:27:39+05:30,3128.1,1,3130.58,1613748,132660.0,215863.0,3163.0,3163.0,3108.0,3134.3,31909400,3447.7,2820.9,3839.9,2896.0,3128.0,5,3,3127.9,19,1,3127.6,8,2,3127.5,11,1,3127.3,15,1,3128.1,60,6,3128.2,23,2,3128.3,200,1,3128.4,27,2,3128.5,77,4
2031,2026-06-16 11:27:41+05:30,3128.1,34,3130.58,1613748,132660.0,215863.0,3163.0,3163.0,3108.0,3134.3,31909400,3447.7,2820.9,3839.9,2896.0,3128.0,5,3,3127.9,19,1,3127.6,8,2,3127.5,11,1,3127.3,15,1,3128.1,60,6,3128.2,23,2,3128.3,200,1,3128.4,27,2,3128.5,77,4
2031,2026-06-16 11:27:42+05:30,3128.1,34,3130.58,1613748,132660.0,215863.0,3163.0,3163.0,3108.0,3134.3,31909400,3447.7,2820.9,3839.9,2896.0,3128.0,5,3,3127.9,19,1,3127.6,8,2,3127.5,11,1,3127.3,15,1,3128.1,60,6,3128.2,23,2,3128.3,200,1,3128.4,27,2,3128.5,77,4
2031,2026-06-16 11:27:43+05:30,3127.7,7,3130.58,1613748,132660.0,215863.0,3163.0,3163.0,3108.0,3134.3,31909400,3447.7,2820.9,3839.9,2896.0,3128.0,5,3,3127.9,19,1,3127.6,8,2,3127.5,11,1,3127.3,15,1,3128.1,60,6,3128.2,23,2,3128.3,200,1,3128.4,27,2,3128.5,77,4
2031,2026-06-16 11:27:43+05:30,3127.7,7,3130.58,1613748,132660.0,215863.0,3163.0,3163.0,3108.0,3134.3,31909400,3447.7,2820.9,3839.9,2896.0,3128.0,5,3,3127.9,19,1,3127.6,8,2,3127.5,11,1,3127.3,15,1,3128.1,60,6,3128.2,23,2,3128.3,200,1,3128.4,27,2,3128.5,77,4
2031,2026-06-16 11:27:44+05:30,3127.9,4,3130.58,1614136,132271.0,216349.0,3163.0,3163.0,3108.0,3134.3,31909400,3447.7,2820.9,3839.9,2896.0,3128.0,1,1,3127.6,17,3,3127.5,11,1,3127.3,15,1,3127.1,159,1,3128.1,4,1,3128.2,24,3,3128.3,200,1,3128.4,22,1,3128.5,14,1
2031,2026-06-16 11:27:45+05:30,3128.1,2,3130.58,1614136,132271.0,216349.0,3163.0,3163.0,3108.0,3134.3,31909400,3447.7,2820.9,3839.9,2896.0,3128.0,1,1,3127.6,17,3,3127.5,11,1,3127.3,15,1,3127.1,159,1,3128.1,4,1,3128.2,24,3,3128.3,200,1,3128.4,22,1,3128.5,14,1
2031,2026-06-16 11:27:45+05:30,3128.1,2,3130.58,1614136,132271.0,216349.0,3163.0,3163.0,3108.0,3134.3,31909400,3447.7,2820.9,3839.9,2896.0,3128.0,1,1,3127.6,17,3,3127.5,11,1,3127.3,15,1,3127.1,159,1,3128.1,4,1,3128.2,24,3,3128.3,200,1,3128.4,22,1,3128.5,14,1
2031,2026-06-16 11:27:47+05:30,3128.1,1,3130.58,1614136,132271.0,216349.0,3163.0,3163.0,3108.0,3134.3,31909400,3447.7,2820.9,3839.9,2896.0,3128.0,1,1,3127.6,17,3,3127.5,11,1,3127.3,15,1,3127.1,159,1,3128.1,4,1,3128.2,24,3,3128.3,200,1,3128.4,22,1,3128.5,14,1
2031,2026-06-16 11:27:47+05:30,3128.1,1,3130.58,1614136,132271.0,216349.0,3163.0,3163.0,3108.0,3134.3,31909400,3447.7,2820.9,3839.9,2896.0,3128.0,1,1,3127.6,17,3,3127.5,11,1,3127.3,15,1,3127.1,159,1,3128.1,4,1,3128.2,24,3,3128.3,200,1,3128.4,22,1,3128.5,14,1
2031,2026-06-16 11:27:48+05:30,3128.1,1,3130.58,1614147,133185.0,216357.0,3163.0,3163.0,3108.0,3134.3,31909400,3447.7,2820.9,3839.9,2896.0,3128.0,1,1,3127.6,37,4,3127.5,11,1,3127.3,15,1,3127.1,198,2,3128.1,20,5,3128.2,1,1,3128.3,221,2,3128.5,14,1,3128.6,78,4
2031,2026-06-16 11:27:49+05:30,3128.1,20,3130.58,1614147,133185.0,216357.0,3163.0,3163.0,3108.0,3134.3,31909400,3447.7,2820.9,3839.9,2896.0,3128.0,1,1,3127.6,37,4,3127.5,11,1,3127.3,15,1,3127.1,198,2,3128.1,20,5,3128.2,1,1,3128.3,221,2,3128.5,14,1,3128.6,78,4
2031,2026-06-16 11:27:49+05:30,3128.1,20,3130.58,1614147,133185.0,216357.0,3163.0,3163.0,3108.0,3134.3,31909400,3447.7,2820.9,3839.9,2896.0,3128.0,1,1,3127.6,37,4,3127.5,11,1,3127.3,15,1,3127.1,198,2,3128.1,20,5,3128.2,1,1,3128.3,221,2,3128.5,14,1,3128.6,78,4
2031,2026-06-16 11:27:50+05:30,3128.1,20,3130.58,1614147,133185.0,216357.0,3163.0,3163.0,3108.0,3134.3,31909400,3447.7,2820.9,3839.9,2896.0,3128.0,1,1,3127.6,37,4,3127.5,11,1,3127.3,15,1,3127.1,198,2,3128.1,20,5,3128.2,1,1,3128.3,221,2,3128.5,14,1,3128.6,78,4
2031,2026-06-16 11:27:51+05:30,3127.3,22,3130.58,1614147,133185.0,216357.0,3163.0,3163.0,3108.0,3134.3,31909400,3447.7,2820.9,3839.9,2896.0,3128.0,1,1,3127.6,37,4,3127.5,11,1,3127.3,15,1,3127.1,198,2,3128.1,20,5,3128.2,1,1,3128.3,221,2,3128.5,14,1,3128.6,78,4
2031,2026-06-16 11:27:52+05:30,3127.3,22,3130.58,1614147,133185.0,216357.0,3163.0,3163.0,3108.0,3134.3,31909400,3447.7,2820.9,3839.9,2896.0,3128.0,1,1,3127.6,37,4,3127.5,11,1,3127.3,15,1,3127.1,198,2,3128.1,20,5,3128.2,1,1,3128.3,221,2,3128.5,14,1,3128.6,78,4
2031,2026-06-16 11:27:53+05:30,3127.3,22,3130.58,1614147,133185.0,216357.0,3163.0,3163.0,3108.0,3134.3,31909400,3447.7,2820.9,3839.9,2896.0,3128.0,1,1,3127.6,37,4,3127.5,11,1,3127.3,15,1,3127.1,198,2,3128.1,20,5,3128.2,1,1,3128.3,221,2,3128.5,14,1,3128.6,78,4
2031,2026-06-16 11:27:53+05:30,3127.3,2,3130.58,1614147,133185.0,216357.0,3163.0,3163.0,3108.0,3134.3,31909400,3447.7,2820.9,3839.9,2896.0,3128.0,1,1,3127.6,37,4,3127.5,11,1,3127.3,15,1,3127.1,198,2,3128.1,20,5,3128.2,1,1,3128.3,221,2,3128.5,14,1,3128.6,78,4
2031,2026-06-16 11:27:53+05:30,3127.3,2,3130.58,1614147,133185.0,216357.0,3163.0,3163.0,3108.0,3134.3,31909400,3447.7,2820.9,3839.9,2896.0,3128.0,1,1,3127.6,37,4,3127.5,11,1,3127.3,15,1,3127.1,198,2,3128.1,20,5,3128.2,1,1,3128.3,221,2,3128.5,14,1,3128.6,78,4
2031,2026-06-16 11:27:53+05:30,3127.4,3,3130.57,1614499,131672.0,216184.0,3163.0,3163.0,3108.0,3134.3,31909400,3447.7,2820.9,3839.9,2896.0,3127.3,26,2,3127.2,22,1,3127.0,280,6,3126.9,96,4,3126.8,38,3,3127.4,25,2,3127.9,200,1,3128.1,1,1,3128.2,21,2,3128.4,174,3
2031,2026-06-16 11:27:54+05:30,3127.4,3,3130.57,1614499,131672.0,216184.0,3163.0,3163.0,3108.0,3134.3,31909400,3447.7,2820.9,3839.9,2896.0,3127.3,26,2,3127.2,22,1,3127.0,280,6,3126.9,96,4,3126.8,38,3,3127.4,25,2,3127.9,200,1,3128.1,1,1,3128.2,21,2,3128.4,174,3
2031,2026-06-16 11:27:55+05:30,3127.4,8,3130.57,1614499,131672.0,216184.0,3163.0,3163.0,3108.0,3134.3,31909400,3447.7,2820.9,3839.9,2896.0,3127.3,26,2,3127.2,22,1,3127.0,280,6,3126.9,96,4,3126.8,38,3,3127.4,25,2,3127.9,200,1,3128.1,1,1,3128.2,21,2,3128.4,174,3
2031,2026-06-16 11:27:55+05:30,3127.4,8,3130.57,1614499,131672.0,216184.0,3163.0,3163.0,3108.0,3134.3,31909400,3447.7,2820.9,3839.9,2896.0,3127.3,26,2,3127.2,22,1,3127.0,280,6,3126.9,96,4,3126.8,38,3,3127.4,25,2,3127.9,200,1,3128.1,1,1,3128.2,21,2,3128.4,174,3
2031,2026-06-16 11:27:56+05:30,3127.4,8,3130.57,1614499,131672.0,216184.0,3163.0,3163.0,3108.0,3134.3,31909400,3447.7,2820.9,3839.9,2896.0,3127.3,26,2,3127.2,22,1,3127.0,280,6,3126.9,96,4,3126.8,38,3,3127.4,25,2,3127.9,200,1,3128.1,1,1,3128.2,21,2,3128.4,174,3
2031,2026-06-16 11:27:57+05:30,3127.4,8,3130.57,1614499,131672.0,216184.0,3163.0,3163.0,3108.0,3134.3,31909400,3447.7,2820.9,3839.9,2896.0,3127.3,26,2,3127.2,22,1,3127.0,280,6,3126.9,96,4,3126.8,38,3,3127.4,25,2,3127.9,200,1,3128.1,1,1,3128.2,21,2,3128.4,174,3
2031,2026-06-16 11:27:57+05:30,3127.5,136,3130.57,1614499,131672.0,216184.0,3163.0,3163.0,3108.0,3134.3,31909400,3447.7,2820.9,3839.9,2896.0,3127.3,26,2,3127.2,22,1,3127.0,280,6,3126.9,96,4,3126.8,38,3,3127.4,25,2,3127.9,200,1,3128.1,1,1,3128.2,21,2,3128.4,174,3
2031,2026-06-16 11:27:57+05:30,3127.5,136,3130.57,1614499,131672.0,216184.0,3163.0,3163.0,3108.0,3134.3,31909400,3447.7,2820.9,3839.9,2896.0,3127.3,26,2,3127.2,22,1,3127.0,280,6,3126.9,96,4,3126.8,38,3,3127.4,25,2,3127.9,200,1,3128.1,1,1,3128.2,21,2,3128.4,174,3
2031,2026-06-16 11:27:58+05:30,3127.5,136,3130.57,1614499,131672.0,216184.0,3163.0,3163.0,3108.0,3134.3,31909400,3447.7,2820.9,3839.9,2896.0,3127.3,26,2,3127.2,22,1,3127.0,280,6,3126.9,96,4,3126.8,38,3,3127.4,25,2,3127.9,200,1,3128.1,1,1,3128.2,21,2,3128.4,174,3
2031,2026-06-16 11:27:59+05:30,3127.3,50,3130.57,1614746,132060.0,216960.0,3163.0,3163.0,3108.0,3134.3,31909400,3447.7,2820.9,3839.9,2896.0,3127.0,228,3,3126.9,16,1,3126.8,2,1,3126.7,21,1,3126.6,93,4,3127.3,129,1,3128.0,221,2,3128.1,22,1,3128.2,92,4,3128.3,660,5
2031,2026-06-16 11:27:59+05:30,3127.3,1,3130.57,1614746,132060.0,216960.0,3163.0,3163.0,3108.0,3134.3,31909400,3447.7,2820.9,3839.9,2896.0,3127.0,228,3,3126.9,16,1,3126.8,2,1,3126.7,21,1,3126.6,93,4,3127.3,129,1,3128.0,221,2,3128.1,22,1,3128.2,92,4,3128.3,660,5
2031,2026-06-16 11:27:59+05:30,3127.3,1,3130.57,1614746,132060.0,216960.0,3163.0,3163.0,3108.0,3134.3,31909400,3447.7,2820.9,3839.9,2896.0,3127.0,228,3,3126.9,16,1,3126.8,2,1,3126.7,21,1,3126.6,93,4,3127.3,129,1,3128.0,221,2,3128.1,22,1,3128.2,92,4,3128.3,660,5
2031,2026-06-16 11:28:00+05:30,3127.3,1,3130.57,1614746,132060.0,216960.0,3163.0,3163.0,3108.0,3134.3,31911800,3447.7,2820.9,3839.9,2896.0,3127.0,228,3,3126.9,16,1,3126.8,2,1,3126.7,21,1,3126.6,93,4,3127.3,129,1,3128.0,221,2,3128.1,22,1,3128.2,92,4,3128.3,660,5
2031,2026-06-16 11:28:01+05:30,3127.2,5,3130.57,1614746,132060.0,216960.0,3163.0,3163.0,3108.0,3134.3,31911800,3447.7,2820.9,3839.9,2896.0,3127.0,228,3,3126.9,16,1,3126.8,2,1,3126.7,21,1,3126.6,93,4,3127.3,129,1,3128.0,221,2,3128.1,22,1,3128.2,92,4,3128.3,660,5
2031,2026-06-16 11:28:03+05:30,3127.3,1,3130.57,1614746,132060.0,216960.0,3163.0,3163.0,3108.0,3134.3,31911800,3447.7,2820.9,3839.9,2896.0,3127.0,228,3,3126.9,16,1,3126.8,2,1,3126.7,21,1,3126.6,93,4,3127.3,129,1,3128.0,221,2,3128.1,22,1,3128.2,92,4,3128.3,660,5
2031,2026-06-16 11:28:04+05:30,3127.1,195,3130.57,1615045,131723.0,218108.0,3163.0,3163.0,3108.0,3134.3,31911800,3447.7,2820.9,3839.9,2896.0,3127.0,229,4,3126.9,14,1,3126.8,23,2,3126.6,21,1,3126.5,65,3,3127.1,4,1,3127.3,145,4,3127.5,17,1,3127.9,133,1,3128.0,271,3
2031,2026-06-16 11:28:05+05:30,3127.0,14,3130.57,1615045,131723.0,218108.0,3163.0,3163.0,3108.0,3134.3,31911800,3447.7,2820.9,3839.9,2896.0,3127.0,229,4,3126.9,14,1,3126.8,23,2,3126.6,21,1,3126.5,65,3,3127.1,4,1,3127.3,145,4,3127.5,17,1,3127.9,133,1,3128.0,271,3
2031,2026-06-16 11:28:07+05:30,3127.0,1,3130.57,1615045,131723.0,218108.0,3163.0,3163.0,3108.0,3134.3,31911800,3447.7,2820.9,3839.9,2896.0,3127.0,229,4,3126.9,14,1,3126.8,23,2,3126.6,21,1,3126.5,65,3,3127.1,4,1,3127.3,145,4,3127.5,17,1,3127.9,133,1,3128.0,271,3
2031,2026-06-16 11:28:09+05:30,3127.0,1,3130.57,1615045,131723.0,218108.0,3163.0,3163.0,3108.0,3134.3,31911800,3447.7,2820.9,3839.9,2896.0,3127.0,229,4,3126.9,14,1,3126.8,23,2,3126.6,21,1,3126.5,65,3,3127.1,4,1,3127.3,145,4,3127.5,17,1,3127.9,133,1,3128.0,271,3
2031,2026-06-16 11:28:09+05:30,3127.0,1,3130.57,1615548,131089.0,218040.0,3163.0,3163.0,3108.0,3134.3,31911800,3447.7,2820.9,3839.9,2896.0,3126.9,10,1,3126.8,2,1,3126.5,36,2,3126.1,38,3,3126.0,29,2,3127.0,51,1,3127.1,84,3,3127.2,1,1,3127.3,105,4,3127.4,63,4
2031,2026-06-16 11:28:11+05:30,3127.0,4,3130.57,1615548,131089.0,218040.0,3163.0,3163.0,3108.0,3134.3,31911800,3447.7,2820.9,3839.9,2896.0,3126.9,10,1,3126.8,2,1,3126.5,36,2,3126.1,38,3,3126.0,29,2,3127.0,51,1,3127.1,84,3,3127.2,1,1,3127.3,105,4,3127.4,63,4
2031,2026-06-16 11:28:13+05:30,3127.0,17,3130.57,1615548,131089.0,218040.0,3163.0,3163.0,3108.0,3134.3,31911800,3447.7,2820.9,3839.9,2896.0,3126.9,10,1,3126.8,2,1,3126.5,36,2,3126.1,38,3,3126.0,29,2,3127.0,51,1,3127.1,84,3,3127.2,1,1,3127.3,105,4,3127.4,63,4
2031,2026-06-16 11:28:14+05:30,3127.0,35,3130.57,1617572,131413.0,217842.0,3163.0,3163.0,3108.0,3134.3,31911800,3447.7,2820.9,3839.9,2896.0,3127.0,229,3,3126.5,54,3,3126.2,45,2,3126.1,38,3,3126.0,141,6,3127.1,2,2,3127.2,1,1,3127.3,48,2,3127.4,1,1,3127.5,25,3
2031,2026-06-16 11:28:15+05:30,3127.1,1,3130.57,1617572,131413.0,217842.0,3163.0,3163.0,3108.0,3134.3,31911800,3447.7,2820.9,3839.9,2896.0,3127.0,229,3,3126.5,54,3,3126.2,45,2,3126.1,38,3,3126.0,141,6,3127.1,2,2,3127.2,1,1,3127.3,48,2,3127.4,1,1,3127.5,25,3
2031,2026-06-16 11:28:17+05:30,3127.2,42,3130.57,1617572,131413.0,217842.0,3163.0,3163.0,3108.0,3134.3,31911800,3447.7,2820.9,3839.9,2896.0,3127.0,229,3,3126.5,54,3,3126.2,45,2,3126.1,38,3,3126.0,141,6,3127.1,2,2,3127.2,1,1,3127.3,48,2,3127.4,1,1,3127.5,25,3
2031,2026-06-16 11:28:18+05:30,3127.2,5,3130.57,1617649,132107.0,217732.0,3163.0,3163.0,3108.0,3134.3,31911800,3447.7,2820.9,3839.9,2896.0,3127.2,15,1,3127.1,3,3,3127.0,344,7,3126.6,26,1,3126.5,63,3,3127.3,48,2,3127.4,1,1,3127.5,25,3,3127.6,1,1,3127.7,5,2
2031,2026-06-16 11:28:19+05:30,3127.3,1,3130.57,1617649,132107.0,217732.0,3163.0,3163.0,3108.0,3134.3,31911800,3447.7,2820.9,3839.9,2896.0,3127.2,15,1,3127.1,3,3,3127.0,344,7,3126.6,26,1,3126.5,63,3,3127.3,48,2,3127.4,1,1,3127.5,25,3,3127.6,1,1,3127.7,5,2
2031,2026-06-16 11:28:19+05:30,3127.3,1,3130.57,1617722,132167.0,218038.0,3163.0,3163.0,3108.0,3134.3,31911800,3447.7,2820.9,3839.9,2896.0,3127.3,17,2,3127.1,3,3,3127.0,343,6,3126.5,104,4,3126.4,43,2,3127.5,18,2,3127.6,1,1,3127.7,3,2,3127.8,27,2,3127.9,155,2
2031,2026-06-16 11:28:20+05:30,3127.2,2,3130.57,1617722,132167.0,218038.0,3163.0,3163.0,3108.0,3134.3,31911800,3447.7,2820.9,3839.9,2896.0,3127.3,17,2,3127.1,3,3,3127.0,343,6,3126.5,104,4,3126.4,43,2,3127.5,18,2,3127.6,1,1,3127.7,3,2,3127.8,27,2,3127.9,155,2
2031,2026-06-16 11:28:20+05:30,3127.2,1,3130.57,1617830,131970.0,216479.0,3163.0,3163.0,3108.0,3134.3,31911800,3447.7,2820.9,3839.9,2896.0,3127.1,18,2,3127.0,343,6,3126.5,62,3,3126.3,33,1,3126.2,132,4,3127.2,2,1,3127.3,99,2,3127.5,17,1,3127.6,201,2,3127.7,28,2
2031,2026-06-16 11:28:21+05:30,3127.0,2,3130.57,1617830,131970.0,216479.0,3163.0,3163.0,3108.0,3134.3,31911800,3447.7,2820.9,3839.9,2896.0,3127.1,18,2,3127.0,343,6,3126.5,62,3,3126.3,33,1,3126.2,132,4,3127.2,2,1,3127.3,99,2,3127.5,17,1,3127.6,201,2,3127.7,28,2
2031,2026-06-16 11:28:21+05:30,3127.0,20,3130.57,1618034,131808.0,218204.0,3163.0,3163.0,3108.0,3134.3,31911800,3447.7,2820.9,3839.9,2896.0,3127.0,314,6,3126.5,36,2,3126.1,78,4,3126.0,160,6,3125.9,63,3,3127.1,98,1,3127.3,27,2,3127.4,35,2,3127.5,45,3,3127.6,271,5
2031,2026-06-16 11:28:22+05:30,3127.1,1,3130.57,1618034,131808.0,218204.0,3163.0,3163.0,3108.0,3134.3,31911800,3447.7,2820.9,3839.9,2896.0,3127.0,314,6,3126.5,36,2,3126.1,78,4,3126.0,160,6,3125.9,63,3,3127.1,98,1,3127.3,27,2,3127.4,35,2,3127.5,45,3,3127.6,271,5
2031,2026-06-16 11:28:22+05:30,3127.0,3,3130.57,1618038,131801.0,218531.0,3163.0,3163.0,3108.0,3134.3,31911800,3447.7,2820.9,3839.9,2896.0,3127.0,311,6,3126.5,36,2,3126.1,78,4,3126.0,143,5,3125.9,63,3,3127.1,97,1,3127.3,44,3,3127.4,18,1,3127.5,245,4,3127.6,71,4
2031,2026-06-16 11:28:23+05:30,3127.0,3,3130.57,1618038,131801.0,218531.0,3163.0,3163.0,3108.0,3134.3,31911800,3447.7,2820.9,3839.9,2896.0,3127.0,311,6,3126.5,36,2,3126.1,78,4,3126.0,143,5,3125.9,63,3,3127.1,97,1,3127.3,44,3,3127.4,18,1,3127.5,245,4,3127.6,71,4
2031,2026-06-16 11:28:23+05:30,3127.0,3,3130.57,1618038,131630.0,217810.0,3163.0,3163.0,3108.0,3134.3,31911800,3447.7,2820.9,3839.9,2896.0,3127.0,330,7,3126.5,36,2,3126.1,38,3,3126.0,143,5,3125.9,63,3,3127.1,98,2,3127.4,18,1,3127.5,245,4,3127.6,45,3,3127.7,43,3
2031,2026-06-16 11:28:24+05:30,3127.0,3,3130.57,1618038,131724.0,216440.0,3163.0,3163.0,3108.0,3134.3,31911800,3447.7,2820.9,3839.9,2896.0,3127.0,330,7,3126.5,36,2,3126.1,64,4,3126.0,160,6,3125.9,58,3,3127.1,98,2,3127.4,43,2,3127.5,245,4,3127.6,71,4,3127.7,48,3
2031,2026-06-16 11:28:25+05:30,3127.1,9,3130.57,1618038,131724.0,216440.0,3163.0,3163.0,3108.0,3134.3,31911800,3447.7,2820.9,3839.9,2896.0,3127.0,330,7,3126.5,36,2,3126.1,64,4,3126.0,160,6,3125.9,58,3,3127.1,98,2,3127.4,43,2,3127.5,245,4,3127.6,71,4,3127.7,48,3
2031,2026-06-16 11:28:25+05:30,3127.0,23,3130.57,1618270,131758.0,217696.0,3163.0,3163.0,3108.0,3134.3,31911800,3447.7,2820.9,3839.9,2896.0,3127.0,141,4,3126.5,36,2,3126.1,244,5,3126.0,108,5,3125.9,89,3,3127.1,89,2,3127.5,238,3,3127.6,28,2,3127.7,48,3,3127.8,52,3
2031,2026-06-16 11:28:26+05:30,3127.1,1,3130.57,1618270,131758.0,217696.0,3163.0,3163.0,3108.0,3134.3,31911800,3447.7,2820.9,3839.9,2896.0,3127.0,141,4,3126.5,36,2,3126.1,244,5,3126.0,108,5,3125.9,89,3,3127.1,89,2,3127.5,238,3,3127.6,28,2,3127.7,48,3,3127.8,52,3
2031,2026-06-16 11:28:26+05:30,3127.1,3,3130.57,1618362,131971.0,216412.0,3163.0,3163.0,3108.0,3134.3,31911800,3447.7,2820.9,3839.9,2896.0,3127.1,17,1,3127.0,45,2,3126.5,36,2,3126.2,26,1,3126.1,218,4,3127.4,13,1,3127.5,248,4,3127.6,25,3,3127.7,65,4,3127.8,83,4
2031,2026-06-16 11:28:27+05:30,3127.1,3,3130.57,1618362,131971.0,216412.0,3163.0,3163.0,3108.0,3134.3,31911800,3447.7,2820.9,3839.9,2896.0,3127.1,17,1,3127.0,45,2,3126.5,36,2,3126.2,26,1,3126.1,218,4,3127.4,13,1,3127.5,248,4,3127.6,25,3,3127.7,65,4,3127.8,83,4
2031,2026-06-16 11:28:27+05:30,3127.1,3,3130.57,1618362,131950.0,218411.0,3163.0,3163.0,3108.0,3134.3,31911800,3447.7,2820.9,3839.9,2896.0,3127.1,17,1,3127.0,45,2,3126.5,36,2,3126.2,26,1,3126.1,218,4,3127.4,13,1,3127.5,248,4,3127.6,25,3,3127.7,50,3,3127.8,83,4
2031,2026-06-16 11:28:28+05:30,3127.4,1,3130.57,1618362,131950.0,218411.0,3163.0,3163.0,3108.0,3134.3,31911800,3447.7,2820.9,3839.9,2896.0,3127.1,17,1,3127.0,45,2,3126.5,36,2,3126.2,26,1,3126.1,218,4,3127.4,13,1,3127.5,248,4,3127.6,25,3,3127.7,50,3,3127.8,83,4
2031,2026-06-16 11:28:28+05:30,3127.1,3,3130.57,1618366,131967.0,216510.0,3163.0,3163.0,3108.0,3134.3,31911800,3447.7,2820.9,3839.9,2896.0,3127.1,14,1,3127.0,46,3,3126.5,36,2,3126.2,45,2,3126.1,218,4,3127.4,31,3,3127.5,222,3,3127.6,67,4,3127.7,50,3,3127.8,83,4
2031,2026-06-16 11:28:29+05:30,3127.1,1,3130.57,1618366,131967.0,216510.0,3163.0,3163.0,3108.0,3134.3,31911800,3447.7,2820.9,3839.9,2896.0,3127.1,14,1,3127.0,46,3,3126.5,36,2,3126.2,45,2,3126.1,218,4,3127.4,31,3,3127.5,222,3,3127.6,67,4,3127.7,50,3,3127.8,83,4
2031,2026-06-16 11:28:29+05:30,3127.4,5,3130.57,1618419,131968.0,218393.0,3163.0,3163.0,3108.0,3134.3,31911800,3447.7,2820.9,3839.9,2896.0,3127.1,19,1,3127.0,46,3,3126.5,36,2,3126.1,239,5,3126.0,115,5,3127.5,54,4,3127.6,234,5,3127.7,33,2,3127.8,80,4,3127.9,42,2
2031,2026-06-16 11:28:30+05:30,3127.4,5,3130.57,1618419,131968.0,218393.0,3163.0,3163.0,3108.0,3134.3,31911800,3447.7,2820.9,3839.9,2896.0,3127.1,19,1,3127.0,46,3,3126.5,36,2,3126.1,239,5,3126.0,115,5,3127.5,54,4,3127.6,234,5,3127.7,33,2,3127.8,80,4,3127.9,42,2
2031,2026-06-16 11:28:30+05:30,3127.4,5,3130.57,1618419,131975.0,218399.0,3163.0,3163.0,3108.0,3134.3,31911800,3447.7,2820.9,3839.9,2896.0,3127.3,2,2,3127.1,24,3,3127.0,46,3,3126.5,36,2,3126.1,291,6,3127.4,1,1,3127.5,58,5,3127.6,234,5,3127.7,33,2,3127.8,62,3
2031,2026-06-16 11:28:31+05:30,3127.4,1,3130.57,1618419,131975.0,218399.0,3163.0,3163.0,3108.0,3134.3,31911800,3447.7,2820.9,3839.9,2896.0,3127.3,2,2,3127.1,24,3,3127.0,46,3,3126.5,36,2,3126.1,291,6,3127.4,1,1,3127.5,58,5,3127.6,234,5,3127.7,33,2,3127.8,62,3
2031,2026-06-16 11:28:31+05:30,3127.0,6,3130.57,1618631,131098.0,218591.0,3163.0,3163.0,3108.0,3134.3,31911800,3447.7,2820.9,3839.9,2896.0,3127.0,18,1,3126.5,36,2,3126.1,38,3,3126.0,54,3,3125.9,38,2,3127.4,23,1,3127.5,103,8,3127.6,251,4,3127.7,33,2,3127.8,100,5
2031,2026-06-16 11:28:32+05:30,3127.3,2,3130.57,1618631,131098.0,218591.0,3163.0,3163.0,3108.0,3134.3,31911800,3447.7,2820.9,3839.9,2896.0,3127.0,18,1,3126.5,36,2,3126.1,38,3,3126.0,54,3,3125.9,38,2,3127.4,23,1,3127.5,103,8,3127.6,251,4,3127.7,33,2,3127.8,100,5
2031,2026-06-16 11:28:32+05:30,3127.3,2,3130.57,1618856,130687.0,218615.0,3163.0,3163.0,3108.0,3134.3,31911800,3447.7,2820.9,3839.9,2896.0,3127.1,2,1,3127.0,18,1,3126.5,36,2,3126.1,38,3,3126.0,29,2,3127.2,25,1,3127.3,272,6,3127.4,37,3,3127.5,38,5,3127.6,111,5
2031,2026-06-16 11:28:33+05:30,3127.0,4,3130.56,1619431,129806.0,218910.0,3163.0,3163.0,3108.0,3134.3,31911800,3447.7,2820.9,3839.9,2896.0,3127.0,3,1,3126.5,36,2,3126.1,16,2,3126.0,29,2,3125.9,17,1,3127.2,22,2,3127.3,209,2,3127.4,104,5,3127.5,54,6,3127.6,129,5
2031,2026-06-16 11:28:34+05:30,3127.0,4,3130.56,1619431,129806.0,218910.0,3163.0,3163.0,3108.0,3134.3,31911800,3447.7,2820.9,3839.9,2896.0,3127.0,3,1,3126.5,36,2,3126.1,16,2,3126.0,29,2,3125.9,17,1,3127.2,22,2,3127.3,209,2,3127.4,104,5,3127.5,54,6,3127.6,129,5
2031,2026-06-16 11:28:34+05:30,3127.1,8,3130.56,1619544,130367.0,216961.0,3163.0,3163.0,3108.0,3134.3,31911800,3447.7,2820.9,3839.9,2896.0,3127.0,15,1,3126.5,36,2,3126.1,33,3,3126.0,29,2,3125.9,62,3,3127.1,118,1,3127.2,239,3,3127.3,10,2,3127.4,55,3,3127.5,32,4
2031,2026-06-16 11:28:35+05:30,3127.1,1,3130.56,1619544,130367.0,216961.0,3163.0,3163.0,3108.0,3134.3,31911800,3447.7,2820.9,3839.9,2896.0,3127.0,15,1,3126.5,36,2,3126.1,33,3,3126.0,29,2,3125.9,62,3,3127.1,118,1,3127.2,239,3,3127.3,10,2,3127.4,55,3,3127.5,32,4
2031,2026-06-16 11:28:35+05:30,3127.0,5,3130.56,1619550,130209.0,218843.0,3163.0,3163.0,3108.0,3134.3,31911800,3447.7,2820.9,3839.9,2896.0,3127.0,10,1,3126.5,36,2,3126.1,33,3,3126.0,29,2,3125.9,62,3,3127.1,127,2,3127.2,273,4,3127.3,10,2,3127.4,63,3,3127.5,46,5
2031,2026-06-16 11:28:36+05:30,3127.0,5,3130.56,1619550,130209.0,218843.0,3163.0,3163.0,3108.0,3134.3,31911800,3447.7,2820.9,3839.9,2896.0,3127.0,10,1,3126.5,36,2,3126.1,33,3,3126.0,29,2,3125.9,62,3,3127.1,127,2,3127.2,273,4,3127.3,10,2,3127.4,63,3,3127.5,46,5
2031,2026-06-16 11:28:36+05:30,3127.1,1,3130.56,1619551,130262.0,216867.0,3163.0,3163.0,3108.0,3134.3,31911800,3447.7,2820.9,3839.9,2896.0,3127.0,10,1,3126.5,36,2,3126.1,33,3,3126.0,29,2,3125.9,81,4,3127.1,126,2,3127.2,273,4,3127.3,10,2,3127.4,63,3,3127.5,46,5
2031,2026-06-16 11:28:37+05:30,3127.1,1,3130.56,1619551,130262.0,216867.0,3163.0,3163.0,3108.0,3134.3,31911800,3447.7,2820.9,3839.9,2896.0,3127.0,10,1,3126.5,36,2,3126.1,33,3,3126.0,29,2,3125.9,81,4,3127.1,126,2,3127.2,273,4,3127.3,10,2,3127.4,63,3,3127.5,46,5
2031,2026-06-16 11:28:37+05:30,3127.1,1,3130.56,1619551,130358.0,218814.0,3163.0,3163.0,3108.0,3134.3,31911800,3447.7,2820.9,3839.9,2896.0,3127.0,10,1,3126.5,36,2,3126.1,33,3,3126.0,129,3,3125.9,81,4,3127.1,126,2,3127.2,73,3,3127.3,10,2,3127.4,49,3,3127.5,246,6
2031,2026-06-16 11:28:38+05:30,3127.1,2,3130.56,1619551,130358.0,218814.0,3163.0,3163.0,3108.0,3134.3,31911800,3447.7,2820.9,3839.9,2896.0,3127.0,10,1,3126.5,36,2,3126.1,33,3,3126.0,129,3,3125.9,81,4,3127.1,126,2,3127.2,73,3,3127.3,10,2,3127.4,49,3,3127.5,246,6
2031,2026-06-16 11:28:38+05:30,3127.0,1,3130.56,1619554,131024.0,218821.0,3163.0,3163.0,3108.0,3134.3,31911800,3447.7,2820.9,3839.9,2896.0,3127.0,9,1,3126.5,36,2,3126.1,33,3,3126.0,129,3,3125.9,81,4,3127.1,125,3,3127.2,73,3,3127.3,10,2,3127.4,49,3,3127.5,245,5
2031,2026-06-16 11:28:39+05:30,3127.0,1,3130.56,1619554,131024.0,218821.0,3163.0,3163.0,3108.0,3134.3,31911800,3447.7,2820.9,3839.9,2896.0,3127.0,9,1,3126.5,36,2,3126.1,33,3,3126.0,129,3,3125.9,81,4,3127.1,125,3,3127.2,73,3,3127.3,10,2,3127.4,49,3,3127.5,245,5
2031,2026-06-16 11:28:39+05:30,3127.0,1,3130.56,1619554,131029.0,218873.0,3163.0,3163.0,3108.0,3134.3,31911800,3447.7,2820.9,3839.9,2896.0,3127.0,9,1,3126.5,36,2,3126.1,33,3,3126.0,129,3,3125.9,81,4,3127.1,125,3,3127.2,73,3,3127.3,10,2,3127.4,49,3,3127.5,245,5
2031,2026-06-16 11:28:41+05:30,3127.0,114,3130.56,1619668,130363.0,218864.0,3163.0,3163.0,3108.0,3134.3,31911800,3447.7,2820.9,3839.9,2896.0,3127.0,18,1,3126.5,36,2,3126.1,33,3,3126.0,181,4,3125.9,53,3,3127.1,11,2,3127.2,73,3,3127.3,10,2,3127.4,49,3,3127.5,245,5
2031,2026-06-16 11:28:41+05:30,3127.0,114,3130.56,1619668,130363.0,218864.0,3163.0,3163.0,3108.0,3134.3,31911800,3447.7,2820.9,3839.9,2896.0,3127.0,18,1,3126.5,36,2,3126.1,33,3,3126.0,181,4,3125.9,53,3,3127.1,11,2,3127.2,73,3,3127.3,10,2,3127.4,49,3,3127.5,245,5
2031,2026-06-16 11:28:42+05:30,3127.1,1,3130.56,1619682,130659.0,218696.0,3163.0,3163.0,3108.0,3134.3,31911800,3447.7,2820.9,3839.9,2896.0,3127.0,25,2,3126.5,36,2,3126.1,33,3,3126.0,181,4,3125.9,53,3,3127.1,20,3,3127.2,73,3,3127.3,10,2,3127.4,31,2,3127.5,231,4
2031,2026-06-16 11:28:42+05:30,3127.1,1,3130.56,1619682,130659.0,218696.0,3163.0,3163.0,3108.0,3134.3,31911800,3447.7,2820.9,3839.9,2896.0,3127.0,25,2,3126.5,36,2,3126.1,33,3,3126.0,181,4,3125.9,53,3,3127.1,20,3,3127.2,73,3,3127.3,10,2,3127.4,31,2,3127.5,231,4
2031,2026-06-16 11:28:42+05:30,3127.1,1,3130.56,1619682,130659.0,218696.0,3163.0,3163.0,3108.0,3134.3,31911800,3447.7,2820.9,3839.9,2896.0,3127.0,25,2,3126.5,36,2,3126.1,33,3,3126.0,181,4,3125.9,53,3,3127.1,20,3,3127.2,73,3,3127.3,10,2,3127.4,31,2,3127.5,231,4
2031,2026-06-16 11:28:43+05:30,3127.0,2,3130.56,1619684,130683.0,218708.0,3163.0,3163.0,3108.0,3134.3,31911800,3447.7,2820.9,3839.9,2896.0,3127.0,23,2,3126.5,36,2,3126.1,33,3,3126.0,181,4,3125.9,53,3,3127.1,27,4,3127.2,73,3,3127.3,10,2,3127.4,31,2,3127.5,231,4
2031,2026-06-16 11:28:43+05:30,3127.0,1,3130.56,1619684,130683.0,218708.0,3163.0,3163.0,3108.0,3134.3,31911800,3447.7,2820.9,3839.9,2896.0,3127.0,23,2,3126.5,36,2,3126.1,33,3,3126.0,181,4,3125.9,53,3,3127.1,27,4,3127.2,73,3,3127.3,10,2,3127.4,31,2,3127.5,231,4
2031,2026-06-16 11:28:44+05:30,3127.0,7,3130.56,1620040,131426.0,218497.0,3163.0,3163.0,3108.0,3134.3,31911800,3447.7,2820.9,3839.9,2896.0,3127.0,3,1,3126.5,36,2,3126.3,26,1,3126.2,26,1,3126.1,108,6,3127.1,106,1,3127.2,46,2,3127.3,1,1,3127.5,200,1,3127.6,83,4
2031,2026-06-16 11:28:44+05:30,3127.0,7,3130.56,1620040,131426.0,218497.0,3163.0,3163.0,3108.0,3134.3,31911800,3447.7,2820.9,3839.9,2896.0,3127.0,3,1,3126.5,36,2,3126.3,26,1,3126.2,26,1,3126.1,108,6,3127.1,106,1,3127.2,46,2,3127.3,1,1,3127.5,200,1,3127.6,83,4
2031,2026-06-16 11:28:44+05:30,3127.0,7,3130.56,1620040,131426.0,218497.0,3163.0,3163.0,3108.0,3134.3,31911800,3447.7,2820.9,3839.9,2896.0,3127.0,3,1,3126.5,36,2,3126.3,26,1,3126.2,26,1,3126.1,108,6,3127.1,106,1,3127.2,46,2,3127.3,1,1,3127.5,200,1,3127.6,83,4
2031,2026-06-16 11:28:45+05:30,3127.0,4,3130.56,1620044,131138.0,218856.0,3163.0,3163.0,3108.0,3134.3,31911800,3447.7,2820.9,3839.9,2896.0,3127.0,3,1,3126.5,36,2,3126.2,26,1,3126.1,108,6,3126.0,181,4,3127.1,113,2,3127.2,46,2,3127.3,1,1,3127.5,226,2,3127.6,57,3
2031,2026-06-16 11:28:45+05:30,3127.1,2,3130.56,1620044,131138.0,218856.0,3163.0,3163.0,3108.0,3134.3,31911800,3447.7,2820.9,3839.9,2896.0,3127.0,3,1,3126.5,36,2,3126.2,26,1,3126.1,108,6,3126.0,181,4,3127.1,113,2,3127.2,46,2,3127.3,1,1,3127.5,226,2,3127.6,57,3
2031,2026-06-16 11:28:46+05:30,3127.0,31,3130.56,1620351,130387.0,219120.0,3163.0,3163.0,3108.0,3134.3,31911800,3447.7,2820.9,3839.9,2896.0,3127.0,17,1,3126.5,32,2,3126.3,17,1,3126.2,26,1,3126.1,16,2,3127.1,50,2,3127.3,201,2,3127.6,35,2,3127.7,26,1,3127.8,57,2
2031,2026-06-16 11:28:46+05:30,3127.0,31,3130.56,1620351,130387.0,219120.0,3163.0,3163.0,3108.0,3134.3,31911800,3447.7,2820.9,3839.9,2896.0,3127.0,17,1,3126.5,32,2,3126.3,17,1,3126.2,26,1,3126.1,16,2,3127.1,50,2,3127.3,201,2,3127.6,35,2,3127.7,26,1,3127.8,57,2
2031,2026-06-16 11:28:46+05:30,3127.0,31,3130.56,1620351,130387.0,219120.0,3163.0,3163.0,3108.0,3134.3,31911800,3447.7,2820.9,3839.9,2896.0,3127.0,17,1,3126.5,32,2,3126.3,17,1,3126.2,26,1,3126.1,16,2,3127.1,50,2,3127.3,201,2,3127.6,35,2,3127.7,26,1,3127.8,57,2
2031,2026-06-16 11:28:47+05:30,3127.0,3,3130.56,1620354,130652.0,218665.0,3163.0,3163.0,3108.0,3134.3,31911800,3447.7,2820.9,3839.9,2896.0,3127.0,15,2,3126.5,32,2,3126.3,17,1,3126.2,26,1,3126.1,36,3,3127.1,50,2,3127.2,200,1,3127.3,1,1,3127.6,35,2,3127.7,26,1
2031,2026-06-16 11:28:47+05:30,3127.1,1,3130.56,1620354,130652.0,218665.0,3163.0,3163.0,3108.0,3134.3,31911800,3447.7,2820.9,3839.9,2896.0,3127.0,15,2,3126.5,32,2,3126.3,17,1,3126.2,26,1,3126.1,36,3,3127.1,50,2,3127.2,200,1,3127.3,1,1,3127.6,35,2,3127.7,26,1
2031,2026-06-16 11:28:47+05:30,3127.1,1,3130.56,1620354,130652.0,218665.0,3163.0,3163.0,3108.0,3134.3,31911800,3447.7,2820.9,3839.9,2896.0,3127.0,15,2,3126.5,32,2,3126.3,17,1,3126.2,26,1,3126.1,36,3,3127.1,50,2,3127.2,200,1,3127.3,1,1,3127.6,35,2,3127.7,26,1
2031,2026-06-16 11:28:48+05:30,3127.1,1,3130.56,1620579,130722.0,218505.0,3163.0,3163.0,3108.0,3134.3,31911800,3447.7,2820.9,3839.9,2896.0,3127.0,17,1,3126.5,32,2,3126.2,78,2,3126.1,33,3,3126.0,227,6,3127.1,49,3,3127.3,200,1,3127.6,35,2,3127.8,129,4,3127.9,134,3
2031,2026-06-16 11:28:48+05:30,3126.6,34,3130.56,1620579,130722.0,218505.0,3163.0,3163.0,3108.0,3134.3,31911800,3447.7,2820.9,3839.9,2896.0,3127.0,17,1,3126.5,32,2,3126.2,78,2,3126.1,33,3,3126.0,227,6,3127.1,49,3,3127.3,200,1,3127.6,35,2,3127.8,129,4,3127.9,134,3
2031,2026-06-16 11:28:49+05:30,3127.0,25,3130.56,1620804,130230.0,219185.0,3163.0,3163.0,3108.0,3134.3,31911800,3447.7,2820.9,3839.9,2896.0,3127.0,17,1,3126.5,32,2,3126.2,43,2,3126.1,16,2,3126.0,244,7,3127.1,49,3,3127.2,200,1,3127.6,61,3,3127.8,132,5,3127.9,211,5
2031,2026-06-16 11:28:49+05:30,3127.0,25,3130.56,1620804,130230.0,219185.0,3163.0,3163.0,3108.0,3134.3,31911800,3447.7,2820.9,3839.9,2896.0,3127.0,17,1,3126.5,32,2,3126.2,43,2,3126.1,16,2,3126.0,244,7,3127.1,49,3,3127.2,200,1,3127.6,61,3,3127.8,132,5,3127.9,211,5
2031,2026-06-16 11:28:49+05:30,3127.0,25,3130.56,1620804,130230.0,219185.0,3163.0,3163.0,3108.0,3134.3,31911800,3447.7,2820.9,3839.9,2896.0,3127.0,17,1,3126.5,32,2,3126.2,43,2,3126.1,16,2,3126.0,244,7,3127.1,49,3,3127.2,200,1,3127.6,61,3,3127.8,132,5,3127.9,211,5
2031,2026-06-16 11:28:50+05:30,3127.0,2,3130.56,1620806,130280.0,219185.0,3163.0,3163.0,3108.0,3134.3,31911800,3447.7,2820.9,3839.9,2896.0,3127.0,15,1,3126.5,32,2,3126.2,43,2,3126.1,16,2,3126.0,244,7,3127.1,49,3,3127.2,200,1,3127.6,61,3,3127.8,132,5,3127.9,211,5
2031,2026-06-16 11:28:50+05:30,3127.0,2,3130.56,1620806,130280.0,219185.0,3163.0,3163.0,3108.0,3134.3,31911800,3447.7,2820.9,3839.9,2896.0,3127.0,15,1,3126.5,32,2,3126.2,43,2,3126.1,16,2,3126.0,244,7,3127.1,49,3,3127.2,200,1,3127.6,61,3,3127.8,132,5,3127.9,211,5
2031,2026-06-16 11:28:51+05:30,3128.0,24,3130.56,1621560,131998.0,216968.0,3163.0,3163.0,3108.0,3134.3,31911800,3447.7,2820.9,3839.9,2896.0,3127.1,12,1,3127.0,33,2,3126.9,32,1,3126.8,85,3,3126.7,75,3,3128.0,36,1,3128.2,61,2,3128.3,352,3,3128.4,103,4,3128.5,132,2
2031,2026-06-16 11:28:51+05:30,3128.0,24,3130.56,1621560,131998.0,216968.0,3163.0,3163.0,3108.0,3134.3,31911800,3447.7,2820.9,3839.9,2896.0,3127.1,12,1,3127.0,33,2,3126.9,32,1,3126.8,85,3,3126.7,75,3,3128.0,36,1,3128.2,61,2,3128.3,352,3,3128.4,103,4,3128.5,132,2
2031,2026-06-16 11:28:51+05:30,3128.0,24,3130.56,1621560,131998.0,216968.0,3163.0,3163.0,3108.0,3134.3,31911800,3447.7,2820.9,3839.9,2896.0,3127.1,12,1,3127.0,33,2,3126.9,32,1,3126.8,85,3,3126.7,75,3,3128.0,36,1,3128.2,61,2,3128.3,352,3,3128.4,103,4,3128.5,132,2
2031,2026-06-16 11:28:52+05:30,3127.1,28,3130.56,1621600,132059.0,217232.0,3163.0,3163.0,3108.0,3134.3,31911800,3447.7,2820.9,3839.9,2896.0,3127.1,15,1,3127.0,61,3,3126.9,52,2,3126.8,28,1,3126.7,66,2,3127.5,82,1,3127.6,200,1,3127.9,73,1,3128.0,81,3,3128.2,61,2
2031,2026-06-16 11:28:52+05:30,3127.0,5,3130.56,1621600,132059.0,217232.0,3163.0,3163.0,3108.0,3134.3,31911800,3447.7,2820.9,3839.9,2896.0,3127.1,15,1,3127.0,61,3,3126.9,52,2,3126.8,28,1,3126.7,66,2,3127.5,82,1,3127.6,200,1,3127.9,73,1,3128.0,81,3,3128.2,61,2
2031,2026-06-16 11:28:52+05:30,3127.0,5,3130.56,1621600,132059.0,217232.0,3163.0,3163.0,3108.0,3134.3,31911800,3447.7,2820.9,3839.9,2896.0,3127.1,15,1,3127.0,61,3,3126.9,52,2,3126.8,28,1,3126.7,66,2,3127.5,82,1,3127.6,200,1,3127.9,73,1,3128.0,81,3,3128.2,61,2
2031,2026-06-16 11:28:53+05:30,3127.1,81,3130.56,1621716,132136.0,217346.0,3163.0,3163.0,3108.0,3134.3,31911800,3447.7,2820.9,3839.9,2896.0,3127.1,19,1,3127.0,63,3,3126.9,52,2,3126.8,46,2,3126.7,66,2,3127.2,9,1,3127.5,1,1,3127.6,200,1,3128.0,81,3,3128.2,21,1
2031,2026-06-16 11:28:53+05:30,3127.1,81,3130.56,1621716,132136.0,217346.0,3163.0,3163.0,3108.0,3134.3,31911800,3447.7,2820.9,3839.9,2896.0,3127.1,19,1,3127.0,63,3,3126.9,52,2,3126.8,46,2,3126.7,66,2,3127.2,9,1,3127.5,1,1,3127.6,200,1,3128.0,81,3,3128.2,21,1
2031,2026-06-16 11:28:53+05:30,3127.1,81,3130.56,1621716,132136.0,217346.0,3163.0,3163.0,3108.0,3134.3,31911800,3447.7,2820.9,3839.9,2896.0,3127.1,19,1,3127.0,63,3,3126.9,52,2,3126.8,46,2,3126.7,66,2,3127.2,9,1,3127.5,1,1,3127.6,200,1,3128.0,81,3,3128.2,21,1
2031,2026-06-16 11:28:54+05:30,3127.1,9,3130.56,1621725,131998.0,217316.0,3163.0,3163.0,3108.0,3134.3,31911800,3447.7,2820.9,3839.9,2896.0,3127.1,10,1,3127.0,45,2,3126.9,32,1,3126.8,28,1,3126.7,66,2,3127.2,9,1,3127.5,1,1,3127.6,200,1,3127.8,20,1,3128.0,81,3
2031,2026-06-16 11:28:54+05:30,3127.1,9,3130.56,1621725,131998.0,217316.0,3163.0,3163.0,3108.0,3134.3,31911800,3447.7,2820.9,3839.9,2896.0,3127.1,10,1,3127.0,45,2,3126.9,32,1,3126.8,28,1,3126.7,66,2,3127.2,9,1,3127.5,1,1,3127.6,200,1,3127.8,20,1,3128.0,81,3
2031,2026-06-16 11:28:54+05:30,3127.1,9,3130.56,1621725,131998.0,217316.0,3163.0,3163.0,3108.0,3134.3,31911800,3447.7,2820.9,3839.9,2896.0,3127.1,10,1,3127.0,45,2,3126.9,32,1,3126.8,28,1,3126.7,66,2,3127.2,9,1,3127.5,1,1,3127.6,200,1,3127.8,20,1,3128.0,81,3
2031,2026-06-16 11:28:55+05:30,3127.1,9,3130.56,1621725,131998.0,217316.0,3163.0,3163.0,3108.0,3134.3,31911800,3447.7,2820.9,3839.9,2896.0,3127.1,10,1,3127.0,45,2,3126.9,32,1,3126.8,28,1,3126.7,66,2,3127.2,9,1,3127.5,1,1,3127.6,200,1,3127.8,20,1,3128.0,81,3
2031,2026-06-16 11:28:55+05:30,3127.0,62,3130.56,1621927,131216.0,217872.0,3163.0,3163.0,3108.0,3134.3,31911800,3447.7,2820.9,3839.9,2896.0,3127.0,7,1,3126.7,37,1,3126.6,69,2,3126.5,68,4,3126.4,45,2,3127.2,14,2,3127.5,1,1,3127.6,200,1,3127.8,38,2,3127.9,200,1
2031,2026-06-16 11:28:55+05:30,3127.0,62,3130.56,1621927,131216.0,217872.0,3163.0,3163.0,3108.0,3134.3,31911800,3447.7,2820.9,3839.9,2896.0,3127.0,7,1,3126.7,37,1,3126.6,69,2,3126.5,68,4,3126.4,45,2,3127.2,14,2,3127.5,1,1,3127.6,200,1,3127.8,38,2,3127.9,200,1
2031,2026-06-16 11:28:55+05:30,3127.0,62,3130.56,1621927,131216.0,217872.0,3163.0,3163.0,3108.0,3134.3,31911800,3447.7,2820.9,3839.9,2896.0,3127.0,7,1,3126.7,37,1,3126.6,69,2,3126.5,68,4,3126.4,45,2,3127.2,14,2,3127.5,1,1,3127.6,200,1,3127.8,38,2,3127.9,200,1
2031,2026-06-16 11:28:56+05:30,3127.0,1,3130.56,1621957,131430.0,217666.0,3163.0,3163.0,3108.0,3134.3,31911800,3447.7,2820.9,3839.9,2896.0,3127.0,1,1,3126.6,26,1,3126.5,45,3,3126.3,76,3,3126.2,50,3,3127.2,206,2,3127.5,1,1,3127.6,22,1,3127.7,30,1,3127.8,86,4
2031,2026-06-16 11:28:56+05:30,3127.0,1,3130.56,1621957,131430.0,217666.0,3163.0,3163.0,3108.0,3134.3,31911800,3447.7,2820.9,3839.9,2896.0,3127.0,1,1,3126.6,26,1,3126.5,45,3,3126.3,76,3,3126.2,50,3,3127.2,206,2,3127.5,1,1,3127.6,22,1,3127.7,30,1,3127.8,86,4
2031,2026-06-16 11:28:56+05:30,3127.0,1,3130.56,1621957,131430.0,217666.0,3163.0,3163.0,3108.0,3134.3,31911800,3447.7,2820.9,3839.9,2896.0,3127.0,1,1,3126.6,26,1,3126.5,45,3,3126.3,76,3,3126.2,50,3,3127.2,206,2,3127.5,1,1,3127.6,22,1,3127.7,30,1,3127.8,86,4
2031,2026-06-16 11:28:57+05:30,3127.0,1,3130.56,1621957,131802.0,216092.0,3163.0,3163.0,3108.0,3134.3,31911800,3447.7,2820.9,3839.9,2896.0,3127.0,20,2,3126.8,18,1,3126.7,5,1,3126.6,44,2,3126.5,72,4,3127.1,3,1,3127.2,225,3,3127.5,1,1,3127.6,22,1,3127.8,24,2
2031,2026-06-16 11:28:57+05:30,3127.0,1,3130.56,1621957,131802.0,216092.0,3163.0,3163.0,3108.0,3134.3,31911800,3447.7,2820.9,3839.9,2896.0,3127.0,20,2,3126.8,18,1,3126.7,5,1,3126.6,44,2,3126.5,72,4,3127.1,3,1,3127.2,225,3,3127.5,1,1,3127.6,22,1,3127.8,24,2
2031,2026-06-16 11:28:58+05:30,3127.1,1,3130.56,1621958,131813.0,217487.0,3163.0,3163.0,3108.0,3134.3,31911800,3447.7,2820.9,3839.9,2896.0,3127.0,20,2,3126.8,4,1,3126.7,5,1,3126.6,44,2,3126.5,72,4,3127.1,3,2,3127.2,225,3,3127.5,1,1,3127.6,22,1,3127.8,24,2
2031,2026-06-16 11:28:58+05:30,3127.1,1,3130.56,1621958,131813.0,217487.0,3163.0,3163.0,3108.0,3134.3,31911800,3447.7,2820.9,3839.9,2896.0,3127.0,20,2,3126.8,4,1,3126.7,5,1,3126.6,44,2,3126.5,72,4,3127.1,3,2,3127.2,225,3,3127.5,1,1,3127.6,22,1,3127.8,24,2
2031,2026-06-16 11:28:58+05:30,3127.1,1,3130.56,1621958,131813.0,217487.0,3163.0,3163.0,3108.0,3134.3,31911800,3447.7,2820.9,3839.9,2896.0,3127.0,20,2,3126.8,4,1,3126.7,5,1,3126.6,44,2,3126.5,72,4,3127.1,3,2,3127.2,225,3,3127.5,1,1,3127.6,22,1,3127.8,24,2
2031,2026-06-16 11:28:58+05:30,3127.1,1,3130.56,1621958,131813.0,217487.0,3163.0,3163.0,3108.0,3134.3,31911800,3447.7,2820.9,3839.9,2896.0,3127.0,20,2,3126.8,4,1,3126.7,5,1,3126.6,44,2,3126.5,72,4,3127.1,3,2,3127.2,225,3,3127.5,1,1,3127.6,22,1,3127.8,24,2
2031,2026-06-16 11:28:59+05:30,3127.1,1,3130.56,1621958,131814.0,217487.0,3163.0,3163.0,3108.0,3134.3,31911800,3447.7,2820.9,3839.9,2896.0,3127.0,20,2,3126.8,4,1,3126.7,5,1,3126.6,26,1,3126.5,72,4,3127.1,3,2,3127.2,225,3,3127.5,1,1,3127.6,22,1,3127.8,24,2
2031,2026-06-16 11:28:59+05:30,3127.1,1,3130.56,1621958,131814.0,217487.0,3163.0,3163.0,3108.0,3134.3,31911800,3447.7,2820.9,3839.9,2896.0,3127.0,20,2,3126.8,4,1,3126.7,5,1,3126.6,26,1,3126.5,72,4,3127.1,3,2,3127.2,225,3,3127.5,1,1,3127.6,22,1,3127.8,24,2
2031,2026-06-16 11:29:00+05:30,3127.1,1,3130.56,1621958,131811.0,217865.0,3163.0,3163.0,3108.0,3134.3,31911800,3447.7,2820.9,3839.9,2896.0,3127.0,24,3,3126.8,4,1,3126.7,5,1,3126.6,26,1,3126.5,72,4,3127.1,3,2,3127.2,225,3,3127.5,1,1,3127.8,24,2,3127.9,200,1
2031,2026-06-16 11:29:00+05:30,3127.1,1,3130.56,1621958,131811.0,217865.0,3163.0,3163.0,3108.0,3134.3,31911800,3447.7,2820.9,3839.9,2896.0,3127.0,24,3,3126.8,4,1,3126.7,5,1,3126.6,26,1,3126.5,72,4,3127.1,3,2,3127.2,225,3,3127.5,1,1,3127.8,24,2,3127.9,200,1
2031,2026-06-16 11:29:00+05:30,3127.1,1,3130.56,1621958,131811.0,217865.0,3163.0,3163.0,3108.0,3134.3,31914800,3447.7,2820.9,3839.9,2896.0,3127.0,24,3,3126.8,4,1,3126.7,5,1,3126.6,26,1,3126.5,72,4,3127.1,3,2,3127.2,225,3,3127.5,1,1,3127.8,24,2,3127.9,200,1
2031,2026-06-16 11:29:01+05:30,3127.1,1,3130.56,1621964,131870.0,218097.0,3163.0,3163.0,3108.0,3134.3,31914800,3447.7,2820.9,3839.9,2896.0,3127.0,25,4,3126.8,31,2,3126.7,23,2,3126.6,105,3,3126.5,85,5,3127.1,1,1,3127.2,200,1,3127.5,1,1,3127.8,20,1,3128.0,81,3
2031,2026-06-16 11:29:01+05:30,3127.1,1,3130.56,1621964,131870.0,218097.0,3163.0,3163.0,3108.0,3134.3,31914800,3447.7,2820.9,3839.9,2896.0,3127.0,25,4,3126.8,31,2,3126.7,23,2,3126.6,105,3,3126.5,85,5,3127.1,1,1,3127.2,200,1,3127.5,1,1,3127.8,20,1,3128.0,81,3
2031,2026-06-16 11:29:02+05:30,3127.0,2,3130.56,1622010,131769.0,217902.0,3163.0,3163.0,3108.0,3134.3,31914800,3447.7,2820.9,3839.9,2896.0,3127.0,23,4,3126.8,4,1,3126.5,112,5,3126.3,123,4,3126.2,71,5,3127.1,1,1,3127.5,1,1,3127.6,200,1,3127.8,20,1,3128.0,84,3
2031,2026-06-16 11:29:02+05:30,3127.1,1,3130.56,1622010,131769.0,217902.0,3163.0,3163.0,3108.0,3134.3,31914800,3447.7,2820.9,3839.9,2896.0,3127.0,23,4,3126.8,4,1,3126.5,112,5,3126.3,123,4,3126.2,71,5,3127.1,1,1,3127.5,1,1,3127.6,200,1,3127.8,20,1,3128.0,84,3
2031,2026-06-16 11:29:03+05:30,3127.1,1,3130.56,1622011,131841.0,218380.0,3163.0,3163.0,3108.0,3134.3,31914800,3447.7,2820.9,3839.9,2896.0,3127.1,19,1,3127.0,4,3,3126.8,4,1,3126.5,112,5,3126.3,75,2,3127.4,5,1,3127.5,1,1,3127.6,200,1,3127.8,53,2,3128.0,137,5
2031,2026-06-16 11:29:03+05:30,3127.4,1,3130.56,1622011,131841.0,218380.0,3163.0,3163.0,3108.0,3134.3,31914800,3447.7,2820.9,3839.9,2896.0,3127.1,19,1,3127.0,4,3,3126.8,4,1,3126.5,112,5,3126.3,75,2,3127.4,5,1,3127.5,1,1,3127.6,200,1,3127.8,53,2,3128.0,137,5
2031,2026-06-16 11:29:04+05:30,3127.4,1,3130.56,1622012,131840.0,218656.0,3163.0,3163.0,3108.0,3134.3,31914800,3447.7,2820.9,3839.9,2896.0,3127.1,19,1,3127.0,4,3,3126.8,5,2,3126.5,45,3,3126.3,23,1,3127.4,57,3,3127.5,228,3,3127.6,18,1,3127.8,74,4,3127.9,131,1
2031,2026-06-16 11:29:04+05:30,3127.4,49,3130.56,1622012,131840.0,218656.0,3163.0,3163.0,3108.0,3134.3,31914800,3447.7,2820.9,3839.9,2896.0,3127.1,19,1,3127.0,4,3,3126.8,5,2,3126.5,45,3,3126.3,23,1,3127.4,57,3,3127.5,228,3,3127.6,18,1,3127.8,74,4,3127.9,131,1
2031,2026-06-16 11:29:04+05:30,3127.4,49,3130.56,1622153,131938.0,218530.0,3163.0,3163.0,3108.0,3134.3,31914800,3447.7,2820.9,3839.9,2896.0,3127.0,24,4,3126.8,5,2,3126.5,45,3,3126.3,75,2,3126.2,53,2,3127.4,16,1,3127.5,201,2,3127.6,47,2,3127.8,74,4,3128.0,137,5
2031,2026-06-16 11:29:05+05:30,3127.5,83,3130.56,1622153,131938.0,218530.0,3163.0,3163.0,3108.0,3134.3,31914800,3447.7,2820.9,3839.9,2896.0,3127.0,24,4,3126.8,5,2,3126.5,45,3,3126.3,75,2,3126.2,53,2,3127.4,16,1,3127.5,201,2,3127.6,47,2,3127.8,74,4,3128.0,137,5
2031,2026-06-16 11:29:05+05:30,3127.5,83,3130.56,1622253,131954.0,216598.0,3163.0,3163.0,3108.0,3134.3,31914800,3447.7,2820.9,3839.9,2896.0,3127.0,64,5,3126.8,5,2,3126.5,45,3,3126.3,75,2,3126.2,71,3,3127.4,11,1,3127.5,118,2,3127.8,30,2,3128.0,119,4,3128.1,216,3
2031,2026-06-16 11:29:06+05:30,3127.5,83,3130.56,1622253,131969.0,216184.0,3163.0,3163.0,3108.0,3134.3,31914800,3447.7,2820.9,3839.9,2896.0,3127.0,64,5,3126.8,5,2,3126.5,91,4,3126.4,18,1,3126.3,75,2,3127.4,31,2,3127.5,1,1,3127.6,117,1,3127.8,30,2,3127.9,123,1
2031,2026-06-16 11:29:07+05:30,3127.4,1,3130.56,1622254,131976.0,218443.0,3163.0,3163.0,3108.0,3134.3,31914800,3447.7,2820.9,3839.9,2896.0,3127.0,64,5,3126.8,5,2,3126.5,91,4,3126.4,18,1,3126.3,75,2,3127.4,86,4,3127.5,1,1,3127.6,117,1,3127.8,30,2,3127.9,123,1
2031,2026-06-16 11:29:08+05:30,3127.4,1,3130.56,1622254,131976.0,218443.0,3163.0,3163.0,3108.0,3134.3,31914800,3447.7,2820.9,3839.9,2896.0,3127.0,64,5,3126.8,5,2,3126.5,91,4,3126.4,18,1,3126.3,75,2,3127.4,86,4,3127.5,1,1,3127.6,117,1,3127.8,30,2,3127.9,123,1
2031,2026-06-16 11:29:08+05:30,3127.4,1,3130.56,1622255,131968.0,218514.0,3163.0,3163.0,3108.0,3134.3,31914800,3447.7,2820.9,3839.9,2896.0,3127.2,4,1,3127.1,16,1,3127.0,42,3,3126.8,5,2,3126.5,91,4,3127.4,85,4,3127.5,1,1,3127.6,117,1,3127.8,30,2,3128.0,119,4
2031,2026-06-16 11:29:09+05:30,3126.9,150,3130.56,1622255,131968.0,218514.0,3163.0,3163.0,3108.0,3134.3,31914800,3447.7,2820.9,3839.9,2896.0,3127.2,4,1,3127.1,16,1,3127.0,42,3,3126.8,5,2,3126.5,91,4,3127.4,85,4,3127.5,1,1,3127.6,117,1,3127.8,30,2,3128.0,119,4
2031,2026-06-16 11:29:09+05:30,3127.0,20,3130.56,1622763,130838.0,218949.0,3163.0,3163.0,3108.0,3134.3,31914800,3447.7,2820.9,3839.9,2896.0,3127.0,16,1,3126.8,5,2,3126.5,45,3,3126.2,28,1,3126.1,16,2,3127.1,135,1,3127.3,16,1,3127.4,76,3,3127.5,1,1,3127.6,167,3
2031,2026-06-16 11:29:10+05:30,3127.1,33,3130.56,1622763,130838.0,218949.0,3163.0,3163.0,3108.0,3134.3,31914800,3447.7,2820.9,3839.9,2896.0,3127.0,16,1,3126.8,5,2,3126.5,45,3,3126.2,28,1,3126.1,16,2,3127.1,135,1,3127.3,16,1,3127.4,76,3,3127.5,1,1,3127.6,167,3
2031,2026-06-16 11:29:10+05:30,3127.0,16,3130.56,1622821,131191.0,218499.0,3163.0,3163.0,3108.0,3134.3,31914800,3447.7,2820.9,3839.9,2896.0,3127.0,16,1,3126.8,5,2,3126.5,45,3,3126.3,28,1,3126.2,47,2,3127.1,127,2,3127.4,55,2,3127.5,1,1,3127.6,145,2,3127.7,26,2
2031,2026-06-16 11:29:11+05:30,3127.0,16,3130.56,1622821,131191.0,218499.0,3163.0,3163.0,3108.0,3134.3,31914800,3447.7,2820.9,3839.9,2896.0,3127.0,16,1,3126.8,5,2,3126.5,45,3,3126.3,28,1,3126.2,47,2,3127.1,127,2,3127.4,55,2,3127.5,1,1,3127.6,145,2,3127.7,26,2
2031,2026-06-16 11:29:11+05:30,3127.0,3,3130.56,1622824,131483.0,217260.0,3163.0,3163.0,3108.0,3134.3,31914800,3447.7,2820.9,3839.9,2896.0,3127.0,30,2,3126.8,5,2,3126.6,46,2,3126.5,89,4,3126.4,68,3,3127.1,127,2,3127.4,55,2,3127.5,1,1,3127.8,21,1,3127.9,28,1
2031,2026-06-16 11:29:12+05:30,3127.0,3,3130.56,1622824,131483.0,217260.0,3163.0,3163.0,3108.0,3134.3,31914800,3447.7,2820.9,3839.9,2896.0,3127.0,30,2,3126.8,5,2,3126.6,46,2,3126.5,89,4,3126.4,68,3,3127.1,127,2,3127.4,55,2,3127.5,1,1,3127.8,21,1,3127.9,28,1
2031,2026-06-16 11:29:13+05:30,3127.0,11,3130.56,1622866,131565.0,217709.0,3163.0,3163.0,3108.0,3134.3,31914800,3447.7,2820.9,3839.9,2896.0,3127.0,23,3,3126.8,5,2,3126.5,89,4,3126.4,18,1,3126.3,74,2,3127.1,127,2,3127.4,35,1,3127.5,1,1,3127.7,27,1,3127.8,21,1
2031,2026-06-16 11:29:13+05:30,3127.0,11,3130.56,1622866,131565.0,217709.0,3163.0,3163.0,3108.0,3134.3,31914800,3447.7,2820.9,3839.9,2896.0,3127.0,23,3,3126.8,5,2,3126.5,89,4,3126.4,18,1,3126.3,74,2,3127.1,127,2,3127.4,35,1,3127.5,1,1,3127.7,27,1,3127.8,21,1
2031,2026-06-16 11:29:14+05:30,3127.0,5,3130.56,1622872,131561.0,217708.0,3163.0,3163.0,3108.0,3134.3,31914800,3447.7,2820.9,3839.9,2896.0,3127.0,34,3,3126.8,5,2,3126.5,89,4,3126.4,18,1,3126.3,122,4,3127.1,126,2,3127.4,35,1,3127.5,1,1,3127.7,27,1,3127.8,21,1
2031,2026-06-16 11:29:14+05:30,3127.0,14,3130.56,1622872,131561.0,217708.0,3163.0,3163.0,3108.0,3134.3,31914800,3447.7,2820.9,3839.9,2896.0,3127.0,34,3,3126.8,5,2,3126.5,89,4,3126.4,18,1,3126.3,122,4,3127.1,126,2,3127.4,35,1,3127.5,1,1,3127.7,27,1,3127.8,21,1
2031,2026-06-16 11:29:14+05:30,3127.4,24,3130.56,1623035,131616.0,217787.0,3163.0,3163.0,3108.0,3134.3,31914800,3447.7,2820.9,3839.9,2896.0,3127.0,25,4,3126.8,5,2,3126.6,45,2,3126.5,89,4,3126.4,66,3,3127.4,11,1,3127.5,1,1,3127.8,21,1,3127.9,117,1,3128.0,119,4
2031,2026-06-16 11:29:15+05:30,3127.4,24,3130.56,1623035,131616.0,217787.0,3163.0,3163.0,3108.0,3134.3,31914800,3447.7,2820.9,3839.9,2896.0,3127.0,25,4,3126.8,5,2,3126.6,45,2,3126.5,89,4,3126.4,66,3,3127.4,11,1,3127.5,1,1,3127.8,21,1,3127.9,117,1,3128.0,119,4
2031,2026-06-16 11:29:16+05:30,3127.4,24,3130.56,1623035,131976.0,217022.0,3163.0,3163.0,3108.0,3134.3,31914800,3447.7,2820.9,3839.9,2896.0,3127.2,30,4,3127.0,104,9,3126.9,16,1,3126.8,117,7,3126.7,5,1,3127.3,7,1,3127.4,11,1,3127.5,1,1,3128.0,57,2,3128.1,49,1
2031,2026-06-16 11:29:16+05:30,3127.4,24,3130.56,1623035,131856.0,217185.0,3163.0,3163.0,3108.0,3134.3,31914800,3447.7,2820.9,3839.9,2896.0,3127.2,2,2,3127.0,62,6,3126.8,114,7,3126.7,24,2,3126.6,95,4,3127.3,25,2,3127.4,11,1,3127.5,1,1,3127.8,2,1,3128.0,57,2
2031,2026-06-16 11:29:17+05:30,3127.4,24,3130.56,1623035,131554.0,217020.0,3163.0,3163.0,3108.0,3134.3,31914800,3447.7,2820.9,3839.9,2896.0,3127.2,2,2,3127.1,12,1,3127.0,62,6,3126.8,75,5,3126.7,19,1,3127.3,25,2,3127.4,11,1,3127.5,1,1,3127.8,2,1,3128.0,57,2
2031,2026-06-16 11:29:18+05:30,3127.0,38,3130.56,1623035,131554.0,217020.0,3163.0,3163.0,3108.0,3134.3,31914800,3447.7,2820.9,3839.9,2896.0,3127.2,2,2,3127.1,12,1,3127.0,62,6,3126.8,75,5,3126.7,19,1,3127.3,25,2,3127.4,11,1,3127.5,1,1,3127.8,2,1,3128.0,57,2
2031,2026-06-16 11:29:19+05:30,3127.2,1,3130.56,1623243,131163.0,217320.0,3163.0,3163.0,3108.0,3134.3,31914800,3447.7,2820.9,3839.9,2896.0,3127.0,70,4,3126.8,75,5,3126.7,41,2,3126.6,132,5,3126.5,67,4,3127.2,21,1,3127.3,19,2,3127.5,118,2,3127.8,2,1,3128.0,57,2
2031,2026-06-16 11:29:19+05:30,3127.2,1,3130.56,1623243,131163.0,217320.0,3163.0,3163.0,3108.0,3134.3,31914800,3447.7,2820.9,3839.9,2896.0,3127.0,70,4,3126.8,75,5,3126.7,41,2,3126.6,132,5,3126.5,67,4,3127.2,21,1,3127.3,19,2,3127.5,118,2,3127.8,2,1,3128.0,57,2
2031,2026-06-16 11:29:20+05:30,3127.0,6,3130.56,1623264,131354.0,217499.0,3163.0,3163.0,3108.0,3134.3,31914800,3447.7,2820.9,3839.9,2896.0,3127.0,29,2,3126.9,72,3,3126.8,23,3,3126.7,43,2,3126.6,150,6,3127.1,1,1,3127.2,26,1,3127.3,19,2,3127.5,1,1,3127.8,2,1
2031,2026-06-16 11:29:20+05:30,3127.0,6,3130.56,1623264,131354.0,217499.0,3163.0,3163.0,3108.0,3134.3,31914800,3447.7,2820.9,3839.9,2896.0,3127.0,29,2,3126.9,72,3,3126.8,23,3,3126.7,43,2,3126.6,150,6,3127.1,1,1,3127.2,26,1,3127.3,19,2,3127.5,1,1,3127.8,2,1
2031,2026-06-16 11:29:21+05:30,3127.1,1,3130.56,1623265,131370.0,217527.0,3163.0,3163.0,3108.0,3134.3,31914800,3447.7,2820.9,3839.9,2896.0,3127.0,29,2,3126.9,72,3,3126.8,23,3,3126.7,43,2,3126.6,150,6,3127.1,2,1,3127.2,26,1,3127.3,19,2,3127.5,1,1,3127.8,2,1
2031,2026-06-16 11:29:21+05:30,3127.1,1,3130.56,1623265,131370.0,217527.0,3163.0,3163.0,3108.0,3134.3,31914800,3447.7,2820.9,3839.9,2896.0,3127.0,29,2,3126.9,72,3,3126.8,23,3,3126.7,43,2,3126.6,150,6,3127.1,2,1,3127.2,26,1,3127.3,19,2,3127.5,1,1,3127.8,2,1
2031,2026-06-16 11:29:22+05:30,3127.1,26,3130.56,1623293,131037.0,217460.0,3163.0,3163.0,3108.0,3134.3,31914800,3447.7,2820.9,3839.9,2896.0,3127.1,19,1,3127.0,15,1,3126.9,15,1,3126.8,5,2,3126.6,99,4,3127.3,19,2,3127.5,1,1,3127.8,2,1,3128.0,57,2,3128.2,48,2
2031,2026-06-16 11:29:22+05:30,3127.1,37,3130.56,1623293,131037.0,217460.0,3163.0,3163.0,3108.0,3134.3,31914800,3447.7,2820.9,3839.9,2896.0,3127.1,19,1,3127.0,15,1,3126.9,15,1,3126.8,5,2,3126.6,99,4,3127.3,19,2,3127.5,1,1,3127.8,2,1,3128.0,57,2,3128.2,48,2
2031,2026-06-16 11:29:23+05:30,3127.1,37,3130.56,1623330,131012.0,217483.0,3163.0,3163.0,3108.0,3134.3,31914800,3447.7,2820.9,3839.9,2896.0,3127.1,19,1,3127.0,15,1,3126.9,15,1,3126.8,5,2,3126.6,124,5,3127.2,7,1,3127.3,19,2,3127.5,1,1,3127.8,2,1,3128.0,57,2
2031,2026-06-16 11:29:24+05:30,3127.2,1,3130.56,1623333,131032.0,217288.0,3163.0,3163.0,3108.0,3134.3,31914800,3447.7,2820.9,3839.9,2896.0,3127.1,17,1,3127.0,15,1,3126.9,15,1,3126.8,5,2,3126.6,124,5,3127.2,6,1,3127.3,19,2,3127.5,1,1,3127.8,2,1,3128.0,57,2
2031,2026-06-16 11:29:24+05:30,3127.2,1,3130.56,1623333,131032.0,217288.0,3163.0,3163.0,3108.0,3134.3,31914800,3447.7,2820.9,3839.9,2896.0,3127.1,17,1,3127.0,15,1,3126.9,15,1,3126.8,5,2,3126.6,124,5,3127.2,6,1,3127.3,19,2,3127.5,1,1,3127.8,2,1,3128.0,57,2
2031,2026-06-16 11:29:25+05:30,3127.2,6,3130.56,1623333,131032.0,217288.0,3163.0,3163.0,3108.0,3134.3,31914800,3447.7,2820.9,3839.9,2896.0,3127.1,17,1,3127.0,15,1,3126.9,15,1,3126.8,5,2,3126.6,124,5,3127.2,6,1,3127.3,19,2,3127.5,1,1,3127.8,2,1,3128.0,57,2
2031,2026-06-16 11:29:25+05:30,3127.2,6,3130.56,1623339,131132.0,217482.0,3163.0,3163.0,3108.0,3134.3,31914800,3447.7,2820.9,3839.9,2896.0,3127.2,11,1,3127.0,15,1,3126.9,15,1,3126.8,5,2,3126.6,82,4,3127.3,19,2,3127.5,1,1,3127.8,2,1,3128.0,57,2,3128.2,48,2
2031,2026-06-16 11:29:26+05:30,3127.3,1,3130.56,1623339,131132.0,217482.0,3163.0,3163.0,3108.0,3134.3,31914800,3447.7,2820.9,3839.9,2896.0,3127.2,11,1,3127.0,15,1,3126.9,15,1,3126.8,5,2,3126.6,82,4,3127.3,19,2,3127.5,1,1,3127.8,2,1,3128.0,57,2,3128.2,48,2
2031,2026-06-16 11:29:26+05:30,3127.3,1,3130.56,1623385,131416.0,217698.0,3163.0,3163.0,3108.0,3134.3,31914800,3447.7,2820.9,3839.9,2896.0,3127.1,17,1,3127.0,15,1,3126.9,15,1,3126.8,27,3,3126.6,86,4,3127.5,1,1,3127.8,2,1,3128.0,62,2,3128.2,47,2,3128.3,140,2
2031,2026-06-16 11:29:27+05:30,3127.4,1,3130.56,1623385,131416.0,217698.0,3163.0,3163.0,3108.0,3134.3,31914800,3447.7,2820.9,3839.9,2896.0,3127.1,17,1,3127.0,15,1,3126.9,15,1,3126.8,27,3,3126.6,86,4,3127.5,1,1,3127.8,2,1,3128.0,62,2,3128.2,47,2,3128.3,140,2
2031,2026-06-16 11:29:27+05:30,3127.4,1,3130.56,1623386,131483.0,217538.0,3163.0,3163.0,3108.0,3134.3,31914800,3447.7,2820.9,3839.9,2896.0,3127.1,17,1,3127.0,15,1,3126.9,15,1,3126.8,27,3,3126.6,86,4,3127.4,4,1,3127.5,1,1,3127.8,2,1,3128.0,62,2,3128.2,47,2
2031,2026-06-16 11:29:28+05:30,3127.4,1,3130.56,1623386,131484.0,217740.0,3163.0,3163.0,3108.0,3134.3,31914800,3447.7,2820.9,3839.9,2896.0,3127.3,20,1,3127.0,15,1,3126.9,15,1,3126.8,27,3,3126.6,69,3,3127.4,4,1,3127.5,1,1,3127.8,2,1,3128.0,62,2,3128.2,47,2
2031,2026-06-16 11:29:29+05:30,3127.4,1,3130.56,1623386,131678.0,217747.0,3163.0,3163.0,3108.0,3134.3,31914800,3447.7,2820.9,3839.9,2896.0,3127.3,20,1,3127.0,15,1,3126.9,15,1,3126.8,27,3,3126.6,107,5,3127.4,4,1,3127.5,1,1,3127.8,2,1,3128.0,62,2,3128.2,47,2
2031,2026-06-16 11:29:30+05:30,3127.4,1,3130.56,1623392,131929.0,217798.0,3163.0,3163.0,3108.0,3134.3,31914800,3447.7,2820.9,3839.9,2896.0,3127.4,22,3,3127.3,1,1,3127.0,32,2,3126.9,50,3,3126.8,27,3,3127.8,2,1,3128.0,36,1,3128.2,26,1,3128.3,317,2,3128.4,102,3
2031,2026-06-16 11:29:30+05:30,3127.4,1,3130.56,1623392,131929.0,217798.0,3163.0,3163.0,3108.0,3134.3,31914800,3447.7,2820.9,3839.9,2896.0,3127.4,22,3,3127.3,1,1,3127.0,32,2,3126.9,50,3,3126.8,27,3,3127.8,2,1,3128.0,36,1,3128.2,26,1,3128.3,317,2,3128.4,102,3
2031,2026-06-16 11:29:31+05:30,3127.4,9,3130.56,1623601,130653.0,218032.0,3163.0,3163.0,3108.0,3134.3,31914800,3447.7,2820.9,3839.9,2896.0,3127.5,3,1,3127.4,11,1,3127.3,1,1,3127.0,33,2,3126.9,15,1,3127.7,1,1,3127.8,2,1,3128.0,36,1,3128.2,60,2,3128.3,144,1
2031,2026-06-16 11:29:31+05:30,3127.4,9,3130.56,1623601,130653.0,218032.0,3163.0,3163.0,3108.0,3134.3,31914800,3447.7,2820.9,3839.9,2896.0,3127.5,3,1,3127.4,11,1,3127.3,1,1,3127.0,33,2,3126.9,15,1,3127.7,1,1,3127.8,2,1,3128.0,36,1,3128.2,60,2,3128.3,144,1
2031,2026-06-16 11:29:32+05:30,3127.4,10,3130.56,1623632,131262.0,217927.0,3163.0,3163.0,3108.0,3134.3,31914800,3447.7,2820.9,3839.9,2896.0,3127.4,1,1,3127.3,19,2,3127.0,45,2,3126.9,15,1,3126.8,5,2,3127.6,23,1,3127.7,8,1,3127.8,2,1,3128.0,62,2,3128.2,77,3
2031,2026-06-16 11:29:32+05:30,3127.4,10,3130.56,1623632,131262.0,217927.0,3163.0,3163.0,3108.0,3134.3,31914800,3447.7,2820.9,3839.9,2896.0,3127.4,1,1,3127.3,19,2,3127.0,45,2,3126.9,15,1,3126.8,5,2,3127.6,23,1,3127.7,8,1,3127.8,2,1,3128.0,62,2,3128.2,77,3
2031,2026-06-16 11:29:33+05:30,3127.5,3,3130.56,1623635,131563.0,217984.0,3163.0,3163.0,3108.0,3134.3,31914800,3447.7,2820.9,3839.9,2896.0,3127.5,2,1,3127.4,1,1,3127.3,19,2,3127.0,45,2,3126.9,15,1,3127.6,46,2,3127.7,8,1,3127.8,2,1,3128.0,36,1,3128.2,60,2
2031,2026-06-16 11:29:33+05:30,3127.5,3,3130.56,1623635,131563.0,217984.0,3163.0,3163.0,3108.0,3134.3,31914800,3447.7,2820.9,3839.9,2896.0,3127.5,2,1,3127.4,1,1,3127.3,19,2,3127.0,45,2,3126.9,15,1,3127.6,46,2,3127.7,8,1,3127.8,2,1,3128.0,36,1,3128.2,60,2
2031,2026-06-16 11:29:34+05:30,3127.5,1,3130.56,1623637,131670.0,217853.0,3163.0,3163.0,3108.0,3134.3,31914800,3447.7,2820.9,3839.9,2896.0,3127.5,2,2,3127.4,1,1,3127.3,19,2,3127.2,14,1,3127.0,45,2,3127.6,45,2,3127.7,8,1,3127.8,2,1,3128.0,36,1,3128.2,60,2
2031,2026-06-16 11:29:34+05:30,3127.5,1,3130.56,1623637,131670.0,217853.0,3163.0,3163.0,3108.0,3134.3,31914800,3447.7,2820.9,3839.9,2896.0,3127.5,2,2,3127.4,1,1,3127.3,19,2,3127.2,14,1,3127.0,45,2,3127.6,45,2,3127.7,8,1,3127.8,2,1,3128.0,36,1,3128.2,60,2
2031,2026-06-16 11:29:35+05:30,3127.6,1,3130.56,1623637,131670.0,217853.0,3163.0,3163.0,3108.0,3134.3,31914800,3447.7,2820.9,3839.9,2896.0,3127.5,2,2,3127.4,1,1,3127.3,19,2,3127.2,14,1,3127.0,45,2,3127.6,45,2,3127.7,8,1,3127.8,2,1,3128.0,36,1,3128.2,60,2
2031,2026-06-16 11:29:35+05:30,3127.6,4,3130.56,1623687,131679.0,217311.0,3163.0,3163.0,3108.0,3134.3,31914800,3447.7,2820.9,3839.9,2896.0,3127.6,14,1,3127.5,2,2,3127.4,1,1,3127.3,1,1,3127.2,14,1,3127.7,8,1,3127.8,2,1,3128.0,36,1,3128.2,60,2,3128.3,17,1
2031,2026-06-16 11:29:36+05:30,3127.6,4,3130.56,1623687,131679.0,217311.0,3163.0,3163.0,3108.0,3134.3,31914800,3447.7,2820.9,3839.9,2896.0,3127.6,14,1,3127.5,2,2,3127.4,1,1,3127.3,1,1,3127.2,14,1,3127.7,8,1,3127.8,2,1,3128.0,36,1,3128.2,60,2,3128.3,17,1
2031,2026-06-16 11:29:36+05:30,3127.6,4,3130.56,1623687,131724.0,217145.0,3163.0,3163.0,3108.0,3134.3,31914800,3447.7,2820.9,3839.9,2896.0,3127.6,52,2,3127.5,2,2,3127.4,1,1,3127.3,1,1,3127.2,14,1,3127.7,11,2,3127.8,2,1,3128.0,36,1,3128.4,89,3,3128.5,482,4
2031,2026-06-16 11:29:37+05:30,3127.7,34,3130.56,1623687,131724.0,217145.0,3163.0,3163.0,3108.0,3134.3,31914800,3447.7,2820.9,3839.9,2896.0,3127.6,52,2,3127.5,2,2,3127.4,1,1,3127.3,1,1,3127.2,14,1,3127.7,11,2,3127.8,2,1,3128.0,36,1,3128.4,89,3,3128.5,482,4
2031,2026-06-16 11:29:37+05:30,3127.7,34,3130.55,1623732,132093.0,215956.0,3163.0,3163.0,3108.0,3134.3,31914800,3447.7,2820.9,3839.9,2896.0,3127.6,83,3,3127.5,31,4,3127.4,43,3,3127.3,82,5,3127.2,74,4,3127.8,2,1,3127.9,43,1,3128.0,36,1,3128.5,100,1,3128.6,20,1
2031,2026-06-16 11:29:38+05:30,3127.6,100,3130.55,1623732,132093.0,215956.0,3163.0,3163.0,3108.0,3134.3,31914800,3447.7,2820.9,3839.9,2896.0,3127.6,83,3,3127.5,31,4,3127.4,43,3,3127.3,82,5,3127.2,74,4,3127.8,2,1,3127.9,43,1,3128.0,36,1,3128.5,100,1,3128.6,20,1
2031,2026-06-16 11:29:38+05:30,3127.6,100,3130.55,1623937,132205.0,215801.0,3163.0,3163.0,3108.0,3134.3,31914800,3447.7,2820.9,3839.9,2896.0,3127.7,7,1,3127.6,46,2,3127.5,58,5,3127.4,45,4,3127.3,42,3,3127.8,2,1,3127.9,43,1,3128.0,36,1,3128.5,100,1,3128.6,20,1
2031,2026-06-16 11:29:39+05:30,3127.7,1,3130.55,1623937,132205.0,215801.0,3163.0,3163.0,3108.0,3134.3,31914800,3447.7,2820.9,3839.9,2896.0,3127.7,7,1,3127.6,46,2,3127.5,58,5,3127.4,45,4,3127.3,42,3,3127.8,2,1,3127.9,43,1,3128.0,36,1,3128.5,100,1,3128.6,20,1
2031,2026-06-16 11:29:39+05:30,3127.6,2,3130.55,1623954,132222.0,216258.0,3163.0,3163.0,3108.0,3134.3,31914800,3447.7,2820.9,3839.9,2896.0,3127.6,18,1,3127.5,15,1,3127.4,28,3,3127.3,23,2,3127.2,58,3,3127.7,8,1,3127.8,3,2,3127.9,43,1,3128.0,36,1,3128.5,100,1
2031,2026-06-16 11:29:40+05:30,3127.8,1,3130.55,1623954,132222.0,216258.0,3163.0,3163.0,3108.0,3134.3,31914800,3447.7,2820.9,3839.9,2896.0,3127.6,18,1,3127.5,15,1,3127.4,28,3,3127.3,23,2,3127.2,58,3,3127.7,8,1,3127.8,3,2,3127.9,43,1,3128.0,36,1,3128.5,100,1
2031,2026-06-16 11:29:40+05:30,3127.8,1,3130.55,1623964,131951.0,216331.0,3163.0,3163.0,3108.0,3134.3,31914800,3447.7,2820.9,3839.9,2896.0,3127.6,18,1,3127.5,15,1,3127.4,1,1,3127.3,25,1,3127.2,75,3,3127.7,1,1,3127.8,1,1,3127.9,43,1,3128.0,36,1,3128.5,100,1
2031,2026-06-16 11:29:41+05:30,3127.8,1,3130.55,1623964,132006.0,216530.0,3163.0,3163.0,3108.0,3134.3,31914800,3447.7,2820.9,3839.9,2896.0,3127.6,18,1,3127.5,15,1,3127.4,1,1,3127.3,25,1,3127.2,33,2,3127.7,2,2,3127.9,43,1,3128.0,36,1,3128.5,100,1,3128.6,20,1
2031,2026-06-16 11:29:42+05:30,3127.8,1,3130.55,1623964,132006.0,216530.0,3163.0,3163.0,3108.0,3134.3,31914800,3447.7,2820.9,3839.9,2896.0,3127.6,18,1,3127.5,15,1,3127.4,1,1,3127.3,25,1,3127.2,33,2,3127.7,2,2,3127.9,43,1,3128.0,36,1,3128.5,100,1,3128.6,20,1
2031,2026-06-16 11:29:42+05:30,3127.8,1,3130.55,1623964,132008.0,216187.0,3163.0,3163.0,3108.0,3134.3,31914800,3447.7,2820.9,3839.9,2896.0,3127.6,18,1,3127.5,15,1,3127.4,1,1,3127.2,16,1,3127.1,57,3,3127.7,2,2,3127.9,43,1,3128.0,36,1,3128.5,100,1,3128.6,20,1
2031,2026-06-16 11:29:43+05:30,3127.8,1,3130.55,1623964,132174.0,216598.0,3163.0,3163.0,3108.0,3134.3,31914800,3447.7,2820.9,3839.9,2896.0,3127.6,18,1,3127.5,15,1,3127.4,1,1,3127.2,16,1,3127.1,57,3,3127.7,2,2,3127.9,43,1,3128.0,36,1,3128.5,100,1,3128.6,20,1
2031,2026-06-16 11:29:44+05:30,3127.8,1,3130.55,1623964,132174.0,216598.0,3163.0,3163.0,3108.0,3134.3,31914800,3447.7,2820.9,3839.9,2896.0,3127.6,18,1,3127.5,15,1,3127.4,1,1,3127.2,16,1,3127.1,57,3,3127.7,2,2,3127.9,43,1,3128.0,36,1,3128.5,100,1,3128.6,20,1
2031,2026-06-16 11:29:44+05:30,3127.8,1,3130.55,1623964,131829.0,216636.0,3163.0,3163.0,3108.0,3134.3,31914800,3447.7,2820.9,3839.9,2896.0,3127.6,18,1,3127.5,15,1,3127.4,1,1,3127.1,36,2,3127.0,114,6,3127.7,2,2,3127.9,43,1,3128.0,36,1,3128.4,17,1,3128.5,125,2
2031,2026-06-16 11:29:45+05:30,3127.7,1,3130.55,1623964,131829.0,216636.0,3163.0,3163.0,3108.0,3134.3,31914800,3447.7,2820.9,3839.9,2896.0,3127.6,18,1,3127.5,15,1,3127.4,1,1,3127.1,36,2,3127.0,114,6,3127.7,2,2,3127.9,43,1,3128.0,36,1,3128.4,17,1,3128.5,125,2
2031,2026-06-16 11:29:45+05:30,3129.3,67,3130.55,1625966,133916.0,214063.0,3163.0,3163.0,3108.0,3134.3,31914800,3447.7,2820.9,3839.9,2896.0,3127.9,14,1,3127.8,20,3,3127.7,57,4,3127.6,60,5,3127.5,230,7,3129.0,20,1,3129.3,158,2,3129.4,83,3,3129.5,31,2,3129.6,129,6
2031,2026-06-16 11:29:46+05:30,3129.3,67,3130.55,1625966,133916.0,214063.0,3163.0,3163.0,3108.0,3134.3,31914800,3447.7,2820.9,3839.9,2896.0,3127.9,14,1,3127.8,20,3,3127.7,57,4,3127.6,60,5,3127.5,230,7,3129.0,20,1,3129.3,158,2,3129.4,83,3,3129.5,31,2,3129.6,129,6
2031,2026-06-16 11:29:46+05:30,3129.3,67,3130.55,1625966,133916.0,214063.0,3163.0,3163.0,3108.0,3134.3,31914800,3447.7,2820.9,3839.9,2896.0,3127.9,14,1,3127.8,20,3,3127.7,57,4,3127.6,60,5,3127.5,230,7,3129.0,20,1,3129.3,158,2,3129.4,83,3,3129.5,31,2,3129.6,129,6
2031,2026-06-16 11:29:46+05:30,3129.0,1,3130.55,1625970,134346.0,216000.0,3163.0,3163.0,3108.0,3134.3,31914800,3447.7,2820.9,3839.9,2896.0,3127.9,114,3,3127.8,20,3,3127.7,2,2,3127.6,20,3,3127.5,112,3,3128.9,221,1,3129.0,146,6,3129.2,86,3,3129.3,219,2,3129.4,295,4
2031,2026-06-16 11:29:47+05:30,3129.0,1,3130.55,1625970,134346.0,216000.0,3163.0,3163.0,3108.0,3134.3,31914800,3447.7,2820.9,3839.9,2896.0,3127.9,114,3,3127.8,20,3,3127.7,2,2,3127.6,20,3,3127.5,112,3,3128.9,221,1,3129.0,146,6,3129.2,86,3,3129.3,219,2,3129.4,295,4
2031,2026-06-16 11:29:48+05:30,3129.0,1,3130.55,1625970,134171.0,216149.0,3163.0,3163.0,3108.0,3134.3,31914800,3447.7,2820.9,3839.9,2896.0,3128.2,17,1,3127.9,79,1,3127.8,1,1,3127.7,2,2,3127.6,19,2,3128.7,221,1,3128.8,85,2,3128.9,12,2,3129.0,143,7,3129.2,105,4
2031,2026-06-16 11:29:48+05:30,3129.0,1,3130.55,1625970,134171.0,216149.0,3163.0,3163.0,3108.0,3134.3,31914800,3447.7,2820.9,3839.9,2896.0,3128.2,17,1,3127.9,79,1,3127.8,1,1,3127.7,2,2,3127.6,19,2,3128.7,221,1,3128.8,85,2,3128.9,12,2,3129.0,143,7,3129.2,105,4
2031,2026-06-16 11:29:48+05:30,3128.5,19,3130.55,1625970,134171.0,216149.0,3163.0,3163.0,3108.0,3134.3,31914800,3447.7,2820.9,3839.9,2896.0,3128.2,17,1,3127.9,79,1,3127.8,1,1,3127.7,2,2,3127.6,19,2,3128.7,221,1,3128.8,85,2,3128.9,12,2,3129.0,143,7,3129.2,105,4
2031,2026-06-16 11:29:49+05:30,3127.9,21,3130.55,1626261,133602.0,216102.0,3163.0,3163.0,3108.0,3134.3,31914800,3447.7,2820.9,3839.9,2896.0,3127.9,77,2,3127.7,16,3,3127.6,1,1,3127.5,3,1,3127.2,50,2,3128.6,39,2,3128.7,88,3,3128.8,105,5,3128.9,30,2,3129.0,134,7
2031,2026-06-16 11:29:49+05:30,3127.9,21,3130.55,1626261,133602.0,216102.0,3163.0,3163.0,3108.0,3134.3,31914800,3447.7,2820.9,3839.9,2896.0,3127.9,77,2,3127.7,16,3,3127.6,1,1,3127.5,3,1,3127.2,50,2,3128.6,39,2,3128.7,88,3,3128.8,105,5,3128.9,30,2,3129.0,134,7
2031,2026-06-16 11:29:50+05:30,3127.9,21,3130.55,1626261,133602.0,216102.0,3163.0,3163.0,3108.0,3134.3,31914800,3447.7,2820.9,3839.9,2896.0,3127.9,77,2,3127.7,16,3,3127.6,1,1,3127.5,3,1,3127.2,50,2,3128.6,39,2,3128.7,88,3,3128.8,105,5,3128.9,30,2,3129.0,134,7
2031,2026-06-16 11:29:50+05:30,3127.9,21,3130.55,1626261,133403.0,216233.0,3163.0,3163.0,3108.0,3134.3,31914800,3447.7,2820.9,3839.9,2896.0,3127.9,58,1,3127.7,16,3,3127.6,19,2,3127.5,3,1,3127.2,50,2,3128.5,28,1,3128.6,108,4,3128.7,20,2,3128.8,80,4,3128.9,1,1
2031,2026-06-16 11:29:50+05:30,3128.5,1,3130.55,1626261,133403.0,216233.0,3163.0,3163.0,3108.0,3134.3,31914800,3447.7,2820.9,3839.9,2896.0,3127.9,58,1,3127.7,16,3,3127.6,19,2,3127.5,3,1,3127.2,50,2,3128.5,28,1,3128.6,108,4,3128.7,20,2,3128.8,80,4,3128.9,1,1
2031,2026-06-16 11:29:51+05:30,3127.9,26,3130.55,1626292,132604.0,216429.0,3163.0,3163.0,3108.0,3134.3,31914800,3447.7,2820.9,3839.9,2896.0,3127.9,51,2,3127.7,14,1,3127.6,1,1,3127.5,3,1,3127.1,36,2,3128.0,197,1,3128.5,79,2,3128.6,88,3,3128.7,20,2,3128.8,101,5
2031,2026-06-16 11:29:51+05:30,3127.9,26,3130.55,1626292,132604.0,216429.0,3163.0,3163.0,3108.0,3134.3,31914800,3447.7,2820.9,3839.9,2896.0,3127.9,51,2,3127.7,14,1,3127.6,1,1,3127.5,3,1,3127.1,36,2,3128.0,197,1,3128.5,79,2,3128.6,88,3,3128.7,20,2,3128.8,101,5
2031,2026-06-16 11:29:51+05:30,3127.9,26,3130.55,1626292,132604.0,216429.0,3163.0,3163.0,3108.0,3134.3,31914800,3447.7,2820.9,3839.9,2896.0,3127.9,51,2,3127.7,14,1,3127.6,1,1,3127.5,3,1,3127.1,36,2,3128.0,197,1,3128.5,79,2,3128.6,88,3,3128.7,20,2,3128.8,101,5
2031,2026-06-16 11:29:52+05:30,3127.9,3,3130.55,1626295,132660.0,216455.0,3163.0,3163.0,3108.0,3134.3,31914800,3447.7,2820.9,3839.9,2896.0,3127.9,48,2,3127.7,14,1,3127.6,1,1,3127.5,15,2,3127.1,22,1,3128.0,221,2,3128.5,79,2,3128.6,64,2,3128.7,20,2,3128.8,101,5
2031,2026-06-16 11:29:52+05:30,3128.0,166,3130.55,1626295,132660.0,216455.0,3163.0,3163.0,3108.0,3134.3,31914800,3447.7,2820.9,3839.9,2896.0,3127.9,48,2,3127.7,14,1,3127.6,1,1,3127.5,15,2,3127.1,22,1,3128.0,221,2,3128.5,79,2,3128.6,64,2,3128.7,20,2,3128.8,101,5
2031,2026-06-16 11:29:52+05:30,3128.0,166,3130.55,1626295,132660.0,216455.0,3163.0,3163.0,3108.0,3134.3,31914800,3447.7,2820.9,3839.9,2896.0,3127.9,48,2,3127.7,14,1,3127.6,1,1,3127.5,15,2,3127.1,22,1,3128.0,221,2,3128.5,79,2,3128.6,64,2,3128.7,20,2,3128.8,101,5
2031,2026-06-16 11:29:53+05:30,3128.0,1,3130.55,1626481,132796.0,216235.0,3163.0,3163.0,3108.0,3134.3,31914800,3447.7,2820.9,3839.9,2896.0,3127.9,10,1,3127.7,14,1,3127.6,1,1,3127.5,15,2,3127.0,166,7,3128.0,54,2,3128.5,79,2,3128.6,19,1,3128.7,344,3,3128.8,95,4
2031,2026-06-16 11:29:53+05:30,3128.0,1,3130.55,1626481,132796.0,216235.0,3163.0,3163.0,3108.0,3134.3,31914800,3447.7,2820.9,3839.9,2896.0,3127.9,10,1,3127.7,14,1,3127.6,1,1,3127.5,15,2,3127.0,166,7,3128.0,54,2,3128.5,79,2,3128.6,19,1,3128.7,344,3,3128.8,95,4
2031,2026-06-16 11:29:53+05:30,3128.0,1,3130.55,1626481,132796.0,216235.0,3163.0,3163.0,3108.0,3134.3,31914800,3447.7,2820.9,3839.9,2896.0,3127.9,10,1,3127.7,14,1,3127.6,1,1,3127.5,15,2,3127.0,166,7,3128.0,54,2,3128.5,79,2,3128.6,19,1,3128.7,344,3,3128.8,95,4
2031,2026-06-16 11:29:54+05:30,3128.0,1,3130.55,1626481,132796.0,216235.0,3163.0,3163.0,3108.0,3134.3,31914800,3447.7,2820.9,3839.9,2896.0,3127.9,10,1,3127.7,14,1,3127.6,1,1,3127.5,15,2,3127.0,166,7,3128.0,54,2,3128.5,79,2,3128.6,19,1,3128.7,344,3,3128.8,95,4
2031,2026-06-16 11:29:54+05:30,3128.0,1,3130.55,1626484,132868.0,216882.0,3163.0,3163.0,3108.0,3134.3,31914800,3447.7,2820.9,3839.9,2896.0,3127.9,26,2,3127.7,14,1,3127.6,1,1,3127.5,15,2,3127.1,19,1,3128.0,53,2,3128.5,79,2,3128.7,344,3,3128.8,295,5,3128.9,1,1
2031,2026-06-16 11:29:54+05:30,3128.0,1,3130.55,1626484,132868.0,216882.0,3163.0,3163.0,3108.0,3134.3,31914800,3447.7,2820.9,3839.9,2896.0,3127.9,26,2,3127.7,14,1,3127.6,1,1,3127.5,15,2,3127.1,19,1,3128.0,53,2,3128.5,79,2,3128.7,344,3,3128.8,295,5,3128.9,1,1
2031,2026-06-16 11:29:54+05:30,3128.0,1,3130.55,1626484,132868.0,216882.0,3163.0,3163.0,3108.0,3134.3,31914800,3447.7,2820.9,3839.9,2896.0,3127.9,26,2,3127.7,14,1,3127.6,1,1,3127.5,15,2,3127.1,19,1,3128.0,53,2,3128.5,79,2,3128.7,344,3,3128.8,295,5,3128.9,1,1
2031,2026-06-16 11:29:55+05:30,3128.0,1,3130.55,1626484,132868.0,216882.0,3163.0,3163.0,3108.0,3134.3,31914800,3447.7,2820.9,3839.9,2896.0,3127.9,26,2,3127.7,14,1,3127.6,1,1,3127.5,15,2,3127.1,19,1,3128.0,53,2,3128.5,79,2,3128.7,344,3,3128.8,295,5,3128.9,1,1
2031,2026-06-16 11:29:55+05:30,3128.0,10,3130.55,1626500,132818.0,216618.0,3163.0,3163.0,3108.0,3134.3,31914800,3447.7,2820.9,3839.9,2896.0,3127.9,25,2,3127.7,14,1,3127.5,15,2,3127.4,19,1,3127.3,65,2,3128.0,38,2,3128.5,49,1,3128.7,136,2,3128.8,276,4,3128.9,1,1
2031,2026-06-16 11:29:55+05:30,3128.0,10,3130.55,1626500,132818.0,216618.0,3163.0,3163.0,3108.0,3134.3,31914800,3447.7,2820.9,3839.9,2896.0,3127.9,25,2,3127.7,14,1,3127.5,15,2,3127.4,19,1,3127.3,65,2,3128.0,38,2,3128.5,49,1,3128.7,136,2,3128.8,276,4,3128.9,1,1
2031,2026-06-16 11:29:56+05:30,3128.0,10,3130.55,1626500,132818.0,216618.0,3163.0,3163.0,3108.0,3134.3,31914800,3447.7,2820.9,3839.9,2896.0,3127.9,25,2,3127.7,14,1,3127.5,15,2,3127.4,19,1,3127.3,65,2,3128.0,38,2,3128.5,49,1,3128.7,136,2,3128.8,276,4,3128.9,1,1
2031,2026-06-16 11:29:56+05:30,3128.0,1,3130.55,1626502,133521.0,216326.0,3163.0,3163.0,3108.0,3134.3,31914800,3447.7,2820.9,3839.9,2896.0,3127.9,24,2,3127.7,14,1,3127.5,15,2,3127.3,65,2,3127.2,105,3,3128.0,49,3,3128.5,49,1,3128.7,14,1,3128.8,76,3,3128.9,147,3
2031,2026-06-16 11:29:56+05:30,3128.0,1,3130.55,1626502,133521.0,216326.0,3163.0,3163.0,3108.0,3134.3,31914800,3447.7,2820.9,3839.9,2896.0,3127.9,24,2,3127.7,14,1,3127.5,15,2,3127.3,65,2,3127.2,105,3,3128.0,49,3,3128.5,49,1,3128.7,14,1,3128.8,76,3,3128.9,147,3
2031,2026-06-16 11:29:56+05:30,3128.0,1,3130.55,1626502,133521.0,216326.0,3163.0,3163.0,3108.0,3134.3,31914800,3447.7,2820.9,3839.9,2896.0,3127.9,24,2,3127.7,14,1,3127.5,15,2,3127.3,65,2,3127.2,105,3,3128.0,49,3,3128.5,49,1,3128.7,14,1,3128.8,76,3,3128.9,147,3
2031,2026-06-16 11:29:57+05:30,3128.0,39,3130.55,1626578,133542.0,216574.0,3163.0,3163.0,3108.0,3134.3,31914800,3447.7,2820.9,3839.9,2896.0,3127.9,25,2,3127.7,14,1,3127.5,15,2,3127.2,100,3,3127.1,86,2,3128.4,8,1,3128.5,49,1,3128.7,43,2,3128.8,25,1,3128.9,128,2
2031,2026-06-16 11:29:57+05:30,3127.9,36,3130.55,1626578,133542.0,216574.0,3163.0,3163.0,3108.0,3134.3,31914800,3447.7,2820.9,3839.9,2896.0,3127.9,25,2,3127.7,14,1,3127.5,15,2,3127.2,100,3,3127.1,86,2,3128.4,8,1,3128.5,49,1,3128.7,43,2,3128.8,25,1,3128.9,128,2
2031,2026-06-16 11:29:57+05:30,3127.9,36,3130.55,1626578,133542.0,216574.0,3163.0,3163.0,3108.0,3134.3,31914800,3447.7,2820.9,3839.9,2896.0,3127.9,25,2,3127.7,14,1,3127.5,15,2,3127.2,100,3,3127.1,86,2,3128.4,8,1,3128.5,49,1,3128.7,43,2,3128.8,25,1,3128.9,128,2
2031,2026-06-16 11:29:58+05:30,3127.7,60,3130.55,1626833,132230.0,217502.0,3163.0,3163.0,3108.0,3134.3,31914800,3447.7,2820.9,3839.9,2896.0,3127.7,14,1,3127.5,15,2,3127.0,61,4,3126.9,21,1,3126.8,63,5,3128.4,34,4,3128.5,97,3,3128.6,48,1,3128.7,350,3,3128.8,143,5
2031,2026-06-16 11:29:58+05:30,3127.7,60,3130.55,1626833,132230.0,217502.0,3163.0,3163.0,3108.0,3134.3,31914800,3447.7,2820.9,3839.9,2896.0,3127.7,14,1,3127.5,15,2,3127.0,61,4,3126.9,21,1,3126.8,63,5,3128.4,34,4,3128.5,97,3,3128.6,48,1,3128.7,350,3,3128.8,143,5
2031,2026-06-16 11:29:58+05:30,3127.7,60,3130.55,1626833,132230.0,217502.0,3163.0,3163.0,3108.0,3134.3,31914800,3447.7,2820.9,3839.9,2896.0,3127.7,14,1,3127.5,15,2,3127.0,61,4,3126.9,21,1,3126.8,63,5,3128.4,34,4,3128.5,97,3,3128.6,48,1,3128.7,350,3,3128.8,143,5
2031,2026-06-16 11:29:59+05:30,3127.7,60,3130.55,1626833,132230.0,217502.0,3163.0,3163.0,3108.0,3134.3,31914800,3447.7,2820.9,3839.9,2896.0,3127.7,14,1,3127.5,15,2,3127.0,61,4,3126.9,21,1,3126.8,63,5,3128.4,34,4,3128.5,97,3,3128.6,48,1,3128.7,350,3,3128.8,143,5
2031,2026-06-16 11:29:59+05:30,3127.0,10,3130.55,1626975,131042.0,217553.0,3163.0,3163.0,3108.0,3134.3,31914800,3447.7,2820.9,3839.9,2896.0,3127.0,51,4,3126.8,16,3,3126.7,87,3,3126.6,37,2,3126.5,85,5,3127.4,23,1,3127.5,75,2,3128.2,51,2,3128.3,16,3,3128.4,192,7
2031,2026-06-16 11:29:59+05:30,3127.0,21,3130.55,1626975,131042.0,217553.0,3163.0,3163.0,3108.0,3134.3,31914800,3447.7,2820.9,3839.9,2896.0,3127.0,51,4,3126.8,16,3,3126.7,87,3,3126.6,37,2,3126.5,85,5,3127.4,23,1,3127.5,75,2,3128.2,51,2,3128.3,16,3,3128.4,192,7
2031,2026-06-16 11:30:00+05:30,3127.0,21,3130.55,1626975,131042.0,217553.0,3163.0,3163.0,3108.0,3134.3,31914800,3447.7,2820.9,3839.9,2896.0,3127.0,51,4,3126.8,16,3,3126.7,87,3,3126.6,37,2,3126.5,85,5,3127.4,23,1,3127.5,75,2,3128.2,51,2,3128.3,16,3,3128.4,192,7
2031,2026-06-16 11:30:00+05:30,3127.0,1,3130.55,1627240,131055.0,217908.0,3163.0,3163.0,3108.0,3134.3,31914800,3447.7,2820.9,3839.9,2896.0,3127.0,23,4,3126.9,6,1,3126.8,51,4,3126.7,32,2,3126.6,51,2,3127.1,67,1,3127.3,1,1,3128.0,22,1,3128.2,21,1,3128.3,130,2
2031,2026-06-16 11:30:00+05:30,3127.1,2,3130.55,1627240,131055.0,217908.0,3163.0,3163.0,3108.0,3134.3,31914800,3447.7,2820.9,3839.9,2896.0,3127.0,23,4,3126.9,6,1,3126.8,51,4,3126.7,32,2,3126.6,51,2,3127.1,67,1,3127.3,1,1,3128.0,22,1,3128.2,21,1,3128.3,130,2
2031,2026-06-16 11:30:01+05:30,3127.1,2,3130.55,1627240,131055.0,217908.0,3163.0,3163.0,3108.0,3134.3,31915200,3447.7,2820.9,3839.9,2896.0,3127.0,23,4,3126.9,6,1,3126.8,51,4,3126.7,32,2,3126.6,51,2,3127.1,67,1,3127.3,1,1,3128.0,22,1,3128.2,21,1,3128.3,130,2
2031,2026-06-16 11:30:01+05:30,3127.1,2,3130.55,1627251,131039.0,217941.0,3163.0,3163.0,3108.0,3134.3,31915200,3447.7,2820.9,3839.9,2896.0,3127.0,7,3,3126.9,6,1,3126.8,40,3,3126.7,13,1,3126.6,70,3,3127.1,86,2,3127.3,1,1,3127.4,1,1,3128.0,22,1,3128.2,35,2
2031,2026-06-16 11:30:01+05:30,3127.1,2,3130.55,1627251,131039.0,217941.0,3163.0,3163.0,3108.0,3134.3,31915200,3447.7,2820.9,3839.9,2896.0,3127.0,7,3,3126.9,6,1,3126.8,40,3,3126.7,13,1,3126.6,70,3,3127.1,86,2,3127.3,1,1,3127.4,1,1,3128.0,22,1,3128.2,35,2
2031,2026-06-16 11:30:02+05:30,3127.0,1,3130.55,1627251,131039.0,217941.0,3163.0,3163.0,3108.0,3134.3,31915200,3447.7,2820.9,3839.9,2896.0,3127.0,7,3,3126.9,6,1,3126.8,40,3,3126.7,13,1,3126.6,70,3,3127.1,86,2,3127.3,1,1,3127.4,1,1,3128.0,22,1,3128.2,35,2
2031,2026-06-16 11:30:02+05:30,3127.0,1,3130.55,1627255,131214.0,218192.0,3163.0,3163.0,3108.0,3134.3,31915200,3447.7,2820.9,3839.9,2896.0,3127.0,6,3,3126.9,6,1,3126.8,53,4,3126.6,48,2,3126.5,90,5,3127.1,155,4,3127.3,1,1,3127.4,1,1,3128.0,22,1,3128.2,35,2
2031,2026-06-16 11:30:03+05:30,3127.0,1,3130.55,1627255,131285.0,218344.0,3163.0,3163.0,3108.0,3134.3,31915200,3447.7,2820.9,3839.9,2896.0,3127.0,6,3,3126.9,6,1,3126.8,53,4,3126.6,48,2,3126.5,51,3,3127.1,197,5,3127.3,1,1,3127.4,1,1,3128.0,22,1,3128.2,35,2
2031,2026-06-16 11:30:04+05:30,3127.0,1,3130.55,1627255,131285.0,218344.0,3163.0,3163.0,3108.0,3134.3,31915200,3447.7,2820.9,3839.9,2896.0,3127.0,6,3,3126.9,6,1,3126.8,53,4,3126.6,48,2,3126.5,51,3,3127.1,197,5,3127.3,1,1,3127.4,1,1,3128.0,22,1,3128.2,35,2
2031,2026-06-16 11:30:04+05:30,3127.0,1,3130.55,1627313,131545.0,218305.0,3163.0,3163.0,3108.0,3134.3,31915200,3447.7,2820.9,3839.9,2896.0,3127.0,124,7,3126.9,6,1,3126.8,53,4,3126.7,67,3,3126.6,80,4,3127.1,139,4,3127.3,1,1,3127.4,1,1,3128.0,22,1,3128.2,21,1
2031,2026-06-16 11:30:05+05:30,3127.4,1,3130.55,1627313,131545.0,218305.0,3163.0,3163.0,3108.0,3134.3,31915200,3447.7,2820.9,3839.9,2896.0,3127.0,124,7,3126.9,6,1,3126.8,53,4,3126.7,67,3,3126.6,80,4,3127.1,139,4,3127.3,1,1,3127.4,1,1,3128.0,22,1,3128.2,21,1
2031,2026-06-16 11:30:05+05:30,3128.4,10,3130.55,1627470,132909.0,214035.0,3163.0,3163.0,3108.0,3134.3,31915200,3447.7,2820.9,3839.9,2896.0,3127.4,116,8,3127.3,139,7,3127.2,115,5,3127.1,131,6,3127.0,251,10,3128.4,4,1,3128.6,200,1,3128.7,14,1,3128.8,20,1,3129.0,1501,3
2031,2026-06-16 11:30:06+05:30,3128.3,1,3130.55,1627470,132909.0,214035.0,3163.0,3163.0,3108.0,3134.3,31915200,3447.7,2820.9,3839.9,2896.0,3127.4,116,8,3127.3,139,7,3127.2,115,5,3127.1,131,6,3127.0,251,10,3128.4,4,1,3128.6,200,1,3128.7,14,1,3128.8,20,1,3129.0,1501,3
2031,2026-06-16 11:30:06+05:30,3128.3,1,3130.55,1627471,133585.0,216707.0,3163.0,3163.0,3108.0,3134.3,31915200,3447.7,2820.9,3839.9,2896.0,3127.6,17,1,3127.5,97,8,3127.4,103,7,3127.3,118,6,3127.2,174,7,3128.3,17,1,3128.4,1,1,3128.7,14,1,3128.9,143,1,3129.0,1501,3
2031,2026-06-16 11:30:07+05:30,3128.9,77,3130.55,1627471,133585.0,216707.0,3163.0,3163.0,3108.0,3134.3,31915200,3447.7,2820.9,3839.9,2896.0,3127.6,17,1,3127.5,97,8,3127.4,103,7,3127.3,118,6,3127.2,174,7,3128.3,17,1,3128.4,1,1,3128.7,14,1,3128.9,143,1,3129.0,1501,3
2031,2026-06-16 11:30:07+05:30,3128.9,77,3130.55,1627580,133543.0,216389.0,3163.0,3163.0,3108.0,3134.3,31915200,3447.7,2820.9,3839.9,2896.0,3127.7,28,2,3127.5,114,9,3127.4,351,8,3127.3,95,7,3127.2,123,5,3129.0,1480,2,3129.3,37,2,3129.4,495,5,3129.5,231,3,3129.6,86,3
2031,2026-06-16 11:30:08+05:30,3128.9,77,3130.55,1627580,133707.0,217103.0,3163.0,3163.0,3108.0,3134.3,31915200,3447.7,2820.9,3839.9,2896.0,3128.1,4,1,3127.7,62,3,3127.6,205,2,3127.5,93,7,3127.4,176,7,3128.8,74,2,3128.9,14,1,3129.0,1480,2,3129.2,21,1,3129.3,3,1
2031,2026-06-16 11:30:09+05:30,3128.9,77,3130.55,1627580,133014.0,217417.0,3163.0,3163.0,3108.0,3134.3,31915200,3447.7,2820.9,3839.9,2896.0,3128.1,4,1,3127.8,19,1,3127.4,107,2,3127.3,28,3,3127.2,54,2,3128.8,104,5,3128.9,43,2,3129.0,1528,4,3129.1,41,1,3129.2,469,5
2031,2026-06-16 11:30:10+05:30,3128.8,1,3130.55,1627580,133014.0,217417.0,3163.0,3163.0,3108.0,3134.3,31915200,3447.7,2820.9,3839.9,2896.0,3128.1,4,1,3127.8,19,1,3127.4,107,2,3127.3,28,3,3127.2,54,2,3128.8,104,5,3128.9,43,2,3129.0,1528,4,3129.1,41,1,3129.2,469,5
2031,2026-06-16 11:30:10+05:30,3128.8,1,3130.55,1627670,133395.0,217409.0,3163.0,3163.0,3108.0,3134.3,31915200,3447.7,2820.9,3839.9,2896.0,3128.1,4,1,3127.8,19,1,3127.5,23,2,3127.4,107,2,3127.3,27,2,3128.8,75,2,3128.9,43,2,3129.0,1528,4,3129.1,41,1,3129.2,469,5
2031,2026-06-16 11:30:11+05:30,3128.8,1,3130.55,1627670,133780.0,217216.0,3163.0,3163.0,3108.0,3134.3,31915200,3447.7,2820.9,3839.9,2896.0,3128.3,17,1,3128.1,4,1,3127.6,63,1,3127.5,63,1,3127.4,126,3,3128.7,10,1,3128.8,87,2,3128.9,43,2,3129.0,1528,4,3129.1,41,1
2031,2026-06-16 11:30:12+05:30,3128.7,1,3130.55,1627670,133780.0,217216.0,3163.0,3163.0,3108.0,3134.3,31915200,3447.7,2820.9,3839.9,2896.0,3128.3,17,1,3128.1,4,1,3127.6,63,1,3127.5,63,1,3127.4,126,3,3128.7,10,1,3128.8,87,2,3128.9,43,2,3129.0,1528,4,3129.1,41,1
2031,2026-06-16 11:30:12+05:30,3128.7,1,3130.55,1627672,134381.0,216969.0,3163.0,3163.0,3108.0,3134.3,31915200,3447.7,2820.9,3839.9,2896.0,3128.5,17,1,3128.3,40,1,3128.1,4,1,3127.7,63,1,3127.6,231,2,3128.7,22,2,3128.8,87,2,3128.9,14,1,3129.0,1480,2,3129.1,41,1
2031,2026-06-16 11:30:13+05:30,3128.7,15,3130.55,1627672,134381.0,216969.0,3163.0,3163.0,3108.0,3134.3,31915200,3447.7,2820.9,3839.9,2896.0,3128.5,17,1,3128.3,40,1,3128.1,4,1,3127.7,63,1,3127.6,231,2,3128.7,22,2,3128.8,87,2,3128.9,14,1,3129.0,1480,2,3129.1,41,1
2031,2026-06-16 11:30:13+05:30,3128.7,15,3130.55,1627709,134510.0,217122.0,3163.0,3163.0,3108.0,3134.3,31915200,3447.7,2820.9,3839.9,2896.0,3128.7,3,1,3128.3,40,1,3128.1,4,1,3127.7,82,2,3127.6,115,2,3128.8,62,1,3129.0,1480,2,3129.1,41,1,3129.2,29,1,3129.3,446,4
2031,2026-06-16 11:30:14+05:30,3128.8,10,3130.55,1627709,134510.0,217122.0,3163.0,3163.0,3108.0,3134.3,31915200,3447.7,2820.9,3839.9,2896.0,3128.7,3,1,3128.3,40,1,3128.1,4,1,3127.7,82,2,3127.6,115,2,3128.8,62,1,3129.0,1480,2,3129.1,41,1,3129.2,29,1,3129.3,446,4
2031,2026-06-16 11:30:14+05:30,3128.8,10,3130.55,1627811,134600.0,215515.0,3163.0,3163.0,3108.0,3134.3,31915200,3447.7,2820.9,3839.9,2896.0,3128.7,37,2,3128.5,16,1,3128.3,40,1,3128.1,4,1,3127.8,45,1,3129.0,1480,2,3129.1,17,1,3129.2,28,1,3129.3,46,2,3129.4,475,4
2031,2026-06-16 11:30:15+05:30,3129.0,68,3130.55,1627811,134600.0,215515.0,3163.0,3163.0,3108.0,3134.3,31915200,3447.7,2820.9,3839.9,2896.0,3128.7,37,2,3128.5,16,1,3128.3,40,1,3128.1,4,1,3127.8,45,1,3129.0,1480,2,3129.1,17,1,3129.2,28,1,3129.3,46,2,3129.4,475,4
2031,2026-06-16 11:30:15+05:30,3129.0,68,3130.55,1627902,134961.0,215083.0,3163.0,3163.0,3108.0,3134.3,31915200,3447.7,2820.9,3839.9,2896.0,3128.9,2,2,3128.8,69,3,3128.7,28,2,3128.3,40,1,3128.2,23,1,3129.0,1412,2,3129.5,1,1,3129.6,21,1,3129.7,441,3,3129.8,137,4
2031,2026-06-16 11:30:16+05:30,3128.8,4,3130.55,1627902,134961.0,215083.0,3163.0,3163.0,3108.0,3134.3,31915200,3447.7,2820.9,3839.9,2896.0,3128.9,2,2,3128.8,69,3,3128.7,28,2,3128.3,40,1,3128.2,23,1,3129.0,1412,2,3129.5,1,1,3129.6,21,1,3129.7,441,3,3129.8,137,4
2031,2026-06-16 11:30:16+05:30,3128.8,4,3130.55,1628107,134796.0,215067.0,3163.0,3163.0,3108.0,3134.3,31915200,3447.7,2820.9,3839.9,2896.0,3128.8,13,1,3128.7,28,2,3128.1,33,2,3127.9,43,2,3127.8,127,4,3128.9,5,1,3129.0,1412,2,3129.5,1,1,3129.6,67,3,3129.7,41,1
2031,2026-06-16 11:30:17+05:30,3128.7,5,3130.55,1628136,134639.0,215880.0,3163.0,3163.0,3108.0,3134.3,31915200,3447.7,2820.9,3839.9,2896.0,3128.7,23,2,3128.3,19,1,3128.1,33,2,3127.9,43,2,3127.8,127,4,3128.8,1,1,3128.9,175,1,3129.0,1412,2,3129.5,1,1,3129.6,67,3
2031,2026-06-16 11:30:17+05:30,3128.8,1,3130.55,1628136,134639.0,215880.0,3163.0,3163.0,3108.0,3134.3,31915200,3447.7,2820.9,3839.9,2896.0,3128.7,23,2,3128.3,19,1,3128.1,33,2,3127.9,43,2,3127.8,127,4,3128.8,1,1,3128.9,175,1,3129.0,1412,2,3129.5,1,1,3129.6,67,3
2031,2026-06-16 11:30:18+05:30,3128.8,1,3130.55,1628137,134612.0,215906.0,3163.0,3163.0,3108.0,3134.3,31915200,3447.7,2820.9,3839.9,2896.0,3128.7,40,3,3128.1,33,2,3127.9,43,2,3127.8,127,4,3127.7,21,1,3128.8,15,2,3128.9,175,1,3129.0,1412,2,3129.5,29,2,3129.6,39,2
2031,2026-06-16 11:30:19+05:30,3128.8,1,3130.55,1628138,134619.0,215909.0,3163.0,3163.0,3108.0,3134.3,31915200,3447.7,2820.9,3839.9,2896.0,3128.7,40,3,3128.1,33,2,3127.9,43,2,3127.8,127,4,3127.6,47,4,3128.8,14,2,3128.9,175,1,3129.0,1412,2,3129.5,29,2,3129.6,39,2
2031,2026-06-16 11:30:19+05:30,3128.8,1,3130.55,1628138,134619.0,215909.0,3163.0,3163.0,3108.0,3134.3,31915200,3447.7,2820.9,3839.9,2896.0,3128.7,40,3,3128.1,33,2,3127.9,43,2,3127.8,127,4,3127.6,47,4,3128.8,14,2,3128.9,175,1,3129.0,1412,2,3129.5,29,2,3129.6,39,2
2031,2026-06-16 11:30:20+05:30,3128.7,11,3130.55,1628161,133177.0,216572.0,3163.0,3163.0,3108.0,3134.3,31915200,3447.7,2820.9,3839.9,2896.0,3128.1,12,1,3127.9,14,1,3127.6,14,1,3127.5,52,1,3127.4,131,2,3128.6,1,1,3128.7,189,1,3128.8,12,1,3128.9,175,1,3129.0,1430,3
2031,2026-06-16 11:30:20+05:30,3128.1,1,3130.55,1628161,133177.0,216572.0,3163.0,3163.0,3108.0,3134.3,31915200,3447.7,2820.9,3839.9,2896.0,3128.1,12,1,3127.9,14,1,3127.6,14,1,3127.5,52,1,3127.4,131,2,3128.6,1,1,3128.7,189,1,3128.8,12,1,3128.9,175,1,3129.0,1430,3
2031,2026-06-16 11:30:21+05:30,3128.1,6,3130.55,1628161,133177.0,216572.0,3163.0,3163.0,3108.0,3134.3,31915200,3447.7,2820.9,3839.9,2896.0,3128.1,12,1,3127.9,14,1,3127.6,14,1,3127.5,52,1,3127.4,131,2,3128.6,1,1,3128.7,189,1,3128.8,12,1,3128.9,175,1,3129.0,1430,3
2031,2026-06-16 11:30:21+05:30,3128.1,6,3130.55,1628351,133710.0,216743.0,3163.0,3163.0,3108.0,3134.3,31915200,3447.7,2820.9,3839.9,2896.0,3127.9,14,1,3127.6,46,2,3127.5,135,6,3127.4,181,5,3127.3,21,2,3128.2,22,1,3128.8,12,1,3128.9,175,1,3129.0,1433,3,3129.2,21,1
2031,2026-06-16 11:30:22+05:30,3128.1,6,3130.55,1628351,133711.0,216670.0,3163.0,3163.0,3108.0,3134.3,31915200,3447.7,2820.9,3839.9,2896.0,3128.0,2,1,3127.9,41,2,3127.6,85,4,3127.5,135,6,3127.4,183,5,3128.2,22,1,3128.8,12,1,3128.9,175,1,3129.0,1433,3,3129.2,21,1
2031,2026-06-16 11:30:23+05:30,3128.2,1,3130.55,1628351,133711.0,216670.0,3163.0,3163.0,3108.0,3134.3,31915200,3447.7,2820.9,3839.9,2896.0,3128.0,2,1,3127.9,41,2,3127.6,85,4,3127.5,135,6,3127.4,183,5,3128.2,22,1,3128.8,12,1,3128.9,175,1,3129.0,1433,3,3129.2,21,1
2031,2026-06-16 11:30:23+05:30,3128.2,1,3130.55,1628352,132702.0,216809.0,3163.0,3163.0,3108.0,3134.3,31915200,3447.7,2820.9,3839.9,2896.0,3128.0,2,1,3127.9,14,1,3127.6,3,1,3127.4,182,4,3127.3,15,1,3128.2,36,2,3128.8,98,2,3128.9,175,1,3129.0,1433,3,3129.1,18,1
2031,2026-06-16 11:30:24+05:30,3127.9,1,3130.55,1628352,132702.0,216809.0,3163.0,3163.0,3108.0,3134.3,31915200,3447.7,2820.9,3839.9,2896.0,3128.0,2,1,3127.9,14,1,3127.6,3,1,3127.4,182,4,3127.3,15,1,3128.2,36,2,3128.8,98,2,3128.9,175,1,3129.0,1433,3,3129.1,18,1
2031,2026-06-16 11:30:24+05:30,3127.9,1,3130.55,1628374,132400.0,217071.0,3163.0,3163.0,3108.0,3134.3,31915200,3447.7,2820.9,3839.9,2896.0,3127.9,30,2,3127.4,118,2,3127.3,15,1,3127.2,39,2,3127.1,88,6,3128.2,15,1,3128.8,98,2,3128.9,175,1,3129.0,1433,3,3129.1,18,1
2031,2026-06-16 11:30:25+05:30,3129.6,271,3130.55,1628374,132400.0,217071.0,3163.0,3163.0,3108.0,3134.3,31915200,3447.7,2820.9,3839.9,2896.0,3127.9,30,2,3127.4,118,2,3127.3,15,1,3127.2,39,2,3127.1,88,6,3128.2,15,1,3128.8,98,2,3128.9,175,1,3129.0,1433,3,3129.1,18,1
2031,2026-06-16 11:30:25+05:30,3128.1,1,3130.55,1631375,133485.0,215150.0,3163.0,3163.0,3108.0,3134.3,31915200,3447.7,2820.9,3839.9,2896.0,3127.9,44,3,3127.7,15,1,3127.6,45,3,3127.5,46,3,3127.4,176,3,3128.1,329,1,3128.2,10,1,3129.3,58,4,3129.4,88,2,3129.6,288,3
2031,2026-06-16 11:30:26+05:30,3128.1,100,3130.55,1631375,133485.0,215150.0,3163.0,3163.0,3108.0,3134.3,31915200,3447.7,2820.9,3839.9,2896.0,3127.9,44,3,3127.7,15,1,3127.6,45,3,3127.5,46,3,3127.4,176,3,3128.1,329,1,3128.2,10,1,3129.3,58,4,3129.4,88,2,3129.6,288,3
2031,2026-06-16 11:30:26+05:30,3127.8,11,3130.55,1631715,132852.0,215229.0,3163.0,3163.0,3108.0,3134.3,31915200,3447.7,2820.9,3839.9,2896.0,3127.8,4,1,3127.7,101,4,3127.6,54,4,3127.5,59,2,3127.4,195,4,3128.2,10,1,3129.0,21,1,3129.1,17,1,3129.2,221,2,3129.3,206,2
2031,2026-06-16 11:30:27+05:30,3127.8,11,3130.55,1631715,132852.0,215229.0,3163.0,3163.0,3108.0,3134.3,31915200,3447.7,2820.9,3839.9,2896.0,3127.8,4,1,3127.7,101,4,3127.6,54,4,3127.5,59,2,3127.4,195,4,3128.2,10,1,3129.0,21,1,3129.1,17,1,3129.2,221,2,3129.3,206,2
2031,2026-06-16 11:30:27+05:30,3128.1,26,3130.55,1631741,134040.0,214910.0,3163.0,3163.0,3108.0,3134.3,31915200,3447.7,2820.9,3839.9,2896.0,3128.0,14,1,3127.9,67,3,3127.8,206,4,3127.7,50,3,3127.6,92,5,3128.2,10,1,3129.1,18,1,3129.2,421,3,3129.3,6,1,3129.4,81,2
2031,2026-06-16 11:30:28+05:30,3128.2,1,3130.55,1631741,134040.0,214910.0,3163.0,3163.0,3108.0,3134.3,31915200,3447.7,2820.9,3839.9,2896.0,3128.0,14,1,3127.9,67,3,3127.8,206,4,3127.7,50,3,3127.6,92,5,3128.2,10,1,3129.1,18,1,3129.2,421,3,3129.3,6,1,3129.4,81,2
2031,2026-06-16 11:30:28+05:30,3128.2,1,3130.55,1631742,134263.0,214972.0,3163.0,3163.0,3108.0,3134.3,31915200,3447.7,2820.9,3839.9,2896.0,3128.0,259,6,3127.9,35,2,3127.8,238,5,3127.7,29,2,3127.6,92,5,3128.1,3,1,3128.2,9,1,3129.1,18,1,3129.2,421,3,3129.3,6,1
2031,2026-06-16 11:30:29+05:30,3128.2,1,3130.55,1631742,134303.0,215061.0,3163.0,3163.0,3108.0,3134.3,31915200,3447.7,2820.9,3839.9,2896.0,3128.0,238,5,3127.9,35,2,3127.8,238,5,3127.7,82,4,3127.6,92,5,3128.1,3,1,3128.2,43,2,3129.1,18,1,3129.2,421,3,3129.3,6,1
2031,2026-06-16 11:30:30+05:30,3128.1,2,3130.55,1631742,134303.0,215061.0,3163.0,3163.0,3108.0,3134.3,31915200,3447.7,2820.9,3839.9,2896.0,3128.0,238,5,3127.9,35,2,3127.8,238,5,3127.7,82,4,3127.6,92,5,3128.1,3,1,3128.2,43,2,3129.1,18,1,3129.2,421,3,3129.3,6,1
2031,2026-06-16 11:30:30+05:30,3128.1,2,3130.55,1631781,135241.0,214615.0,3163.0,3163.0,3108.0,3134.3,31915200,3447.7,2820.9,3839.9,2896.0,3128.5,2,1,3128.1,17,3,3128.0,180,3,3127.9,75,3,3127.8,204,4,3129.1,5,1,3129.2,14,1,3129.3,400,2,3129.5,85,2,3129.7,16,1
2031,2026-06-16 11:30:31+05:30,3128.1,2,3130.55,1631781,135266.0,214630.0,3163.0,3163.0,3108.0,3134.3,31915200,3447.7,2820.9,3839.9,2896.0,3128.5,2,1,3128.1,17,3,3128.0,174,2,3127.9,75,3,3127.8,213,4,3129.1,8,2,3129.3,400,2,3129.5,104,3,3129.8,164,5,3129.9,274,4
2031,2026-06-16 11:30:32+05:30,3128.9,1,3130.55,1631781,135266.0,214630.0,3163.0,3163.0,3108.0,3134.3,31915200,3447.7,2820.9,3839.9,2896.0,3128.5,2,1,3128.1,17,3,3128.0,174,2,3127.9,75,3,3127.8,213,4,3129.1,8,2,3129.3,400,2,3129.5,104,3,3129.8,164,5,3129.9,274,4
2031,2026-06-16 11:30:32+05:30,3128.9,1,3130.55,1631782,135527.0,214654.0,3163.0,3163.0,3108.0,3134.3,31915200,3447.7,2820.9,3839.9,2896.0,3128.5,175,2,3128.1,17,3,3128.0,226,3,3127.9,55,2,3127.8,44,3,3128.9,4,1,3129.0,1,1,3129.1,4,2,3129.3,400,2,3129.5,104,3
2031,2026-06-16 11:30:33+05:30,3128.9,1,3130.55,1631782,135527.0,214654.0,3163.0,3163.0,3108.0,3134.3,31915200,3447.7,2820.9,3839.9,2896.0,3128.5,175,2,3128.1,17,3,3128.0,226,3,3127.9,55,2,3127.8,44,3,3128.9,4,1,3129.0,1,1,3129.1,4,2,3129.3,400,2,3129.5,104,3
2031,2026-06-16 11:30:33+05:30,3128.9,1,3130.55,1631783,135526.0,214754.0,3163.0,3163.0,3108.0,3134.3,31915200,3447.7,2820.9,3839.9,2896.0,3128.5,175,2,3128.1,17,3,3128.0,226,3,3127.9,55,2,3127.8,108,4,3128.9,48,4,3129.0,1,1,3129.3,400,2,3129.4,35,1,3129.5,49,1
2031,2026-06-16 11:30:34+05:30,3128.9,2,3130.55,1631783,135526.0,214754.0,3163.0,3163.0,3108.0,3134.3,31915200,3447.7,2820.9,3839.9,2896.0,3128.5,175,2,3128.1,17,3,3128.0,226,3,3127.9,55,2,3127.8,108,4,3128.9,48,4,3129.0,1,1,3129.3,400,2,3129.4,35,1,3129.5,49,1
2031,2026-06-16 11:30:34+05:30,3128.9,2,3130.55,1631785,135524.0,214519.0,3163.0,3163.0,3108.0,3134.3,31915200,3447.7,2820.9,3839.9,2896.0,3128.5,192,3,3128.1,17,3,3128.0,226,3,3127.9,36,1,3127.8,108,4,3128.9,46,4,3129.0,1,1,3129.3,435,3,3129.5,19,1,3129.6,56,2
2031,2026-06-16 11:30:35+05:30,3128.9,2,3130.55,1631785,135573.0,215077.0,3163.0,3163.0,3108.0,3134.3,31915200,3447.7,2820.9,3839.9,2896.0,3128.7,21,3,3128.5,175,2,3128.1,15,1,3128.0,226,3,3127.9,36,1,3128.9,4,3,3129.0,1,1,3129.3,435,3,3129.6,56,2,3129.8,164,5
2031,2026-06-16 11:30:36+05:30,3128.7,10,3130.55,1631785,135573.0,215077.0,3163.0,3163.0,3108.0,3134.3,31915200,3447.7,2820.9,3839.9,2896.0,3128.7,21,3,3128.5,175,2,3128.1,15,1,3128.0,226,3,3127.9,36,1,3128.9,4,3,3129.0,1,1,3129.3,435,3,3129.6,56,2,3129.8,164,5
2031,2026-06-16 11:30:36+05:30,3128.7,14,3130.55,1631996,135485.0,214930.0,3163.0,3163.0,3108.0,3134.3,31915200,3447.7,2820.9,3839.9,2896.0,3128.7,7,3,3128.5,175,2,3128.1,15,1,3128.0,53,2,3127.9,36,1,3128.8,23,1,3128.9,15,3,3129.0,1,1,3129.3,426,3,3129.4,35,1
2031,2026-06-16 11:30:37+05:30,3128.8,24,3130.55,1631996,135485.0,214930.0,3163.0,3163.0,3108.0,3134.3,31915200,3447.7,2820.9,3839.9,2896.0,3128.7,7,3,3128.5,175,2,3128.1,15,1,3128.0,53,2,3127.9,36,1,3128.8,23,1,3128.9,15,3,3129.0,1,1,3129.3,426,3,3129.4,35,1
2031,2026-06-16 11:30:37+05:30,3128.8,24,3130.55,1632043,135429.0,214921.0,3163.0,3163.0,3108.0,3134.3,31915200,3447.7,2820.9,3839.9,2896.0,3128.7,2,2,3128.5,175,2,3128.1,15,1,3128.0,1,1,3127.9,64,2,3128.8,6,1,3128.9,15,3,3129.0,1,1,3129.2,35,1,3129.3,426,3
2031,2026-06-16 11:30:38+05:30,3128.8,1,3130.55,1632047,135484.0,214579.0,3163.0,3163.0,3108.0,3134.3,31915200,3447.7,2820.9,3839.9,2896.0,3128.7,58,3,3128.5,173,1,3128.1,15,1,3128.0,1,1,3127.9,135,4,3128.8,9,3,3128.9,12,1,3129.0,1,1,3129.3,400,2,3129.4,35,1
2031,2026-06-16 11:30:39+05:30,3128.8,1,3130.55,1632047,135484.0,214579.0,3163.0,3163.0,3108.0,3134.3,31915200,3447.7,2820.9,3839.9,2896.0,3128.7,58,3,3128.5,173,1,3128.1,15,1,3128.0,1,1,3127.9,135,4,3128.8,9,3,3128.9,12,1,3129.0,1,1,3129.3,400,2,3129.4,35,1
2031,2026-06-16 11:30:39+05:30,3128.8,1,3130.55,1632057,135478.0,214970.0,3163.0,3163.0,3108.0,3134.3,31915200,3447.7,2820.9,3839.9,2896.0,3128.8,7,1,3128.7,39,2,3128.5,173,1,3128.1,15,1,3128.0,1,1,3128.9,12,1,3129.0,1,1,3129.3,400,2,3129.4,35,1,3129.5,35,1
2031,2026-06-16 11:30:40+05:30,3128.9,8,3130.55,1632057,135478.0,214970.0,3163.0,3163.0,3108.0,3134.3,31915200,3447.7,2820.9,3839.9,2896.0,3128.8,7,1,3128.7,39,2,3128.5,173,1,3128.1,15,1,3128.0,1,1,3128.9,12,1,3129.0,1,1,3129.3,400,2,3129.4,35,1,3129.5,35,1
2031,2026-06-16 11:30:40+05:30,3128.8,1,3130.55,1632066,135507.0,214962.0,3163.0,3163.0,3108.0,3134.3,31915200,3447.7,2820.9,3839.9,2896.0,3128.8,43,2,3128.7,39,2,3128.5,173,1,3128.1,15,1,3127.9,135,4,3128.9,4,1,3129.0,1,1,3129.3,400,2,3129.4,35,1,3129.5,35,1
2031,2026-06-16 11:30:41+05:30,3129.0,1,3130.55,1632066,135507.0,214962.0,3163.0,3163.0,3108.0,3134.3,31915200,3447.7,2820.9,3839.9,2896.0,3128.8,43,2,3128.7,39,2,3128.5,173,1,3128.1,15,1,3127.9,135,4,3128.9,4,1,3129.0,1,1,3129.3,400,2,3129.4,35,1,3129.5,35,1
2031,2026-06-16 11:30:41+05:30,3129.0,1,3130.55,1632182,135556.0,214715.0,3163.0,3163.0,3108.0,3134.3,31915200,3447.7,2820.9,3839.9,2896.0,3128.8,57,2,3128.7,39,2,3128.5,173,1,3128.1,15,1,3127.9,156,5,3129.2,13,1,3129.3,400,2,3129.5,13,1,3129.6,51,1,3129.8,164,5
2031,2026-06-16 11:30:42+05:30,3129.3,37,3130.55,1632182,135556.0,214715.0,3163.0,3163.0,3108.0,3134.3,31915200,3447.7,2820.9,3839.9,2896.0,3128.8,57,2,3128.7,39,2,3128.5,173,1,3128.1,15,1,3127.9,156,5,3129.2,13,1,3129.3,400,2,3129.5,13,1,3129.6,51,1,3129.8,164,5
2031,2026-06-16 11:30:42+05:30,3128.8,35,3130.54,1632332,135656.0,214649.0,3163.0,3163.0,3108.0,3134.3,31915200,3447.7,2820.9,3839.9,2896.0,3128.8,20,1,3128.7,39,2,3128.5,173,1,3128.1,15,1,3127.9,156,5,3129.2,16,1,3129.3,363,2,3129.5,66,3,3129.8,164,5,3129.9,274,4
2031,2026-06-16 11:30:43+05:30,3128.8,35,3130.54,1632332,135656.0,214649.0,3163.0,3163.0,3108.0,3134.3,31915200,3447.7,2820.9,3839.9,2896.0,3128.8,20,1,3128.7,39,2,3128.5,173,1,3128.1,15,1,3127.9,156,5,3129.2,16,1,3129.3,363,2,3129.5,66,3,3129.8,164,5,3129.9,274,4
2031,2026-06-16 11:30:43+05:30,3128.8,17,3130.54,1632332,135656.0,214649.0,3163.0,3163.0,3108.0,3134.3,31915200,3447.7,2820.9,3839.9,2896.0,3128.8,20,1,3128.7,39,2,3128.5,173,1,3128.1,15,1,3127.9,156,5,3129.2,16,1,3129.3,363,2,3129.5,66,3,3129.8,164,5,3129.9,274,4
2031,2026-06-16 11:30:43+05:30,3128.8,17,3130.54,1632349,135422.0,214603.0,3163.0,3163.0,3108.0,3134.3,31915200,3447.7,2820.9,3839.9,2896.0,3128.8,3,1,3128.7,39,2,3128.5,173,1,3128.0,166,1,3127.9,99,3,3128.9,2,1,3129.0,16,1,3129.3,363,2,3129.5,47,2,3129.6,22,1
2031,2026-06-16 11:30:44+05:30,3128.9,1,3130.54,1632349,135422.0,214603.0,3163.0,3163.0,3108.0,3134.3,31915200,3447.7,2820.9,3839.9,2896.0,3128.8,3,1,3128.7,39,2,3128.5,173,1,3128.0,166,1,3127.9,99,3,3128.9,2,1,3129.0,16,1,3129.3,363,2,3129.5,47,2,3129.6,22,1
2031,2026-06-16 11:30:44+05:30,3128.9,1,3130.54,1632367,135450.0,214825.0,3163.0,3163.0,3108.0,3134.3,31915200,3447.7,2820.9,3839.9,2896.0,3128.8,20,1,3128.7,39,2,3128.5,173,1,3127.9,99,3,3127.8,102,3,3129.3,363,2,3129.5,47,2,3129.6,41,2,3129.8,164,5,3129.9,274,4
2031,2026-06-16 11:30:44+05:30,3128.9,1,3130.54,1632367,135450.0,214825.0,3163.0,3163.0,3108.0,3134.3,31915200,3447.7,2820.9,3839.9,2896.0,3128.8,20,1,3128.7,39,2,3128.5,173,1,3127.9,99,3,3127.8,102,3,3129.3,363,2,3129.5,47,2,3129.6,41,2,3129.8,164,5,3129.9,274,4
2031,2026-06-16 11:30:45+05:30,3129.2,1,3130.54,1632367,135450.0,214825.0,3163.0,3163.0,3108.0,3134.3,31915200,3447.7,2820.9,3839.9,2896.0,3128.8,20,1,3128.7,39,2,3128.5,173,1,3127.9,99,3,3127.8,102,3,3129.3,363,2,3129.5,47,2,3129.6,41,2,3129.8,164,5,3129.9,274,4
2031,2026-06-16 11:30:45+05:30,3129.2,1,3130.54,1632368,135323.0,214632.0,3163.0,3163.0,3108.0,3134.3,31915200,3447.7,2820.9,3839.9,2896.0,3129.1,2,2,3128.8,21,2,3128.7,37,1,3128.5,173,1,3127.9,120,4,3129.2,1,1,3129.3,363,2,3129.5,47,2,3129.8,164,5,3129.9,274,4
2031,2026-06-16 11:30:46+05:30,3129.2,1,3130.54,1632368,135231.0,214637.0,3163.0,3163.0,3108.0,3134.3,31915200,3447.7,2820.9,3839.9,2896.0,3129.1,2,2,3128.8,21,2,3128.7,37,1,3128.1,63,1,3128.0,170,1,3129.2,1,1,3129.3,363,2,3129.5,47,2,3129.8,164,5,3129.9,274,4
2031,2026-06-16 11:30:47+05:30,3129.2,1,3130.54,1632368,135231.0,214637.0,3163.0,3163.0,3108.0,3134.3,31915200,3447.7,2820.9,3839.9,2896.0,3129.1,2,2,3128.8,21,2,3128.7,37,1,3128.1,63,1,3128.0,170,1,3129.2,1,1,3129.3,363,2,3129.5,47,2,3129.8,164,5,3129.9,274,4
2031,2026-06-16 11:30:47+05:30,3129.2,1,3130.54,1632368,135180.0,214617.0,3163.0,3163.0,3108.0,3134.3,31915200,3447.7,2820.9,3839.9,2896.0,3129.1,2,2,3128.8,21,2,3128.7,37,1,3128.1,63,1,3128.0,170,1,3129.2,1,1,3129.3,363,2,3129.5,34,1,3129.6,22,1,3129.8,145,4
2031,2026-06-16 11:30:48+05:30,3129.3,8,3130.54,1632368,135180.0,214617.0,3163.0,3163.0,3108.0,3134.3,31915200,3447.7,2820.9,3839.9,2896.0,3129.1,2,2,3128.8,21,2,3128.7,37,1,3128.1,63,1,3128.0,170,1,3129.2,1,1,3129.3,363,2,3129.5,34,1,3129.6,22,1,3129.8,145,4
2031,2026-06-16 11:30:48+05:30,3129.3,8,3130.54,1632556,134927.0,213522.0,3163.0,3163.0,3108.0,3134.3,31915200,3447.7,2820.9,3839.9,2896.0,3128.8,39,4,3128.7,37,1,3128.1,22,1,3128.0,69,2,3127.9,92,3,3129.7,29,3,3129.8,62,2,3129.9,191,3,3130.0,8798,27,3130.1,106,4
2031,2026-06-16 11:30:48+05:30,3129.3,8,3130.54,1632556,134927.0,213522.0,3163.0,3163.0,3108.0,3134.3,31915200,3447.7,2820.9,3839.9,2896.0,3128.8,39,4,3128.7,37,1,3128.1,22,1,3128.0,69,2,3127.9,92,3,3129.7,29,3,3129.8,62,2,3129.9,191,3,3130.0,8798,27,3130.1,106,4
2031,2026-06-16 11:30:49+05:30,3129.6,1,3130.54,1632556,134927.0,213522.0,3163.0,3163.0,3108.0,3134.3,31915200,3447.7,2820.9,3839.9,2896.0,3128.8,39,4,3128.7,37,1,3128.1,22,1,3128.0,69,2,3127.9,92,3,3129.7,29,3,3129.8,62,2,3129.9,191,3,3130.0,8798,27,3130.1,106,4
2031,2026-06-16 11:30:49+05:30,3129.6,1,3130.54,1632562,134881.0,213712.0,3163.0,3163.0,3108.0,3134.3,31915200,3447.7,2820.9,3839.9,2896.0,3128.8,39,4,3128.7,37,1,3128.0,69,2,3127.9,92,3,3127.8,102,3,3129.6,15,1,3129.7,49,4,3129.8,62,2,3129.9,191,3,3130.0,8798,27
2031,2026-06-16 11:30:50+05:30,3128.8,1,3130.54,1632562,134881.0,213712.0,3163.0,3163.0,3108.0,3134.3,31915200,3447.7,2820.9,3839.9,2896.0,3128.8,39,4,3128.7,37,1,3128.0,69,2,3127.9,92,3,3127.8,102,3,3129.6,15,1,3129.7,49,4,3129.8,62,2,3129.9,191,3,3130.0,8798,27
2031,2026-06-16 11:30:50+05:30,3128.8,1,3130.54,1632578,134806.0,214063.0,3163.0,3163.0,3108.0,3134.3,31915200,3447.7,2820.9,3839.9,2896.0,3128.8,24,3,3128.7,51,2,3128.0,69,2,3127.9,125,4,3127.8,68,2,3129.6,60,3,3129.7,26,2,3129.8,116,4,3129.9,155,3,3130.0,8998,28
2031,2026-06-16 11:30:50+05:30,3128.8,1,3130.54,1632578,134806.0,214063.0,3163.0,3163.0,3108.0,3134.3,31915200,3447.7,2820.9,3839.9,2896.0,3128.8,24,3,3128.7,51,2,3128.0,69,2,3127.9,125,4,3127.8,68,2,3129.6,60,3,3129.7,26,2,3129.8,116,4,3129.9,155,3,3130.0,8998,28
2031,2026-06-16 11:30:51+05:30,3128.8,1,3130.54,1632578,134991.0,213989.0,3163.0,3163.0,3108.0,3134.3,31915200,3447.7,2820.9,3839.9,2896.0,3128.8,24,3,3128.7,51,2,3128.0,69,2,3127.9,106,3,3127.8,4,1,3129.3,30,4,3129.4,14,1,3129.5,59,2,3129.6,37,3,3129.7,24,2
2031,2026-06-16 11:30:52+05:30,3128.8,1,3130.54,1632578,134991.0,213989.0,3163.0,3163.0,3108.0,3134.3,31915200,3447.7,2820.9,3839.9,2896.0,3128.8,24,3,3128.7,51,2,3128.0,69,2,3127.9,106,3,3127.8,4,1,3129.3,30,4,3129.4,14,1,3129.5,59,2,3129.6,37,3,3129.7,24,2
2031,2026-06-16 11:30:52+05:30,3129.3,1,3130.54,1632578,134991.0,213989.0,3163.0,3163.0,3108.0,3134.3,31915200,3447.7,2820.9,3839.9,2896.0,3128.8,24,3,3128.7,51,2,3128.0,69,2,3127.9,106,3,3127.8,4,1,3129.3,30,4,3129.4,14,1,3129.5,59,2,3129.6,37,3,3129.7,24,2
2031,2026-06-16 11:30:52+05:30,3129.3,1,3130.54,1632579,134971.0,214052.0,3163.0,3163.0,3108.0,3134.3,31915200,3447.7,2820.9,3839.9,2896.0,3128.8,24,3,3128.7,51,2,3128.0,69,2,3127.9,106,3,3127.8,4,1,3129.2,1,1,3129.3,89,5,3129.4,14,1,3129.5,26,1,3129.6,70,4
2031,2026-06-16 11:30:53+05:30,3129.2,1,3130.54,1632579,134971.0,214052.0,3163.0,3163.0,3108.0,3134.3,31915200,3447.7,2820.9,3839.9,2896.0,3128.8,24,3,3128.7,51,2,3128.0,69,2,3127.9,106,3,3127.8,4,1,3129.2,1,1,3129.3,89,5,3129.4,14,1,3129.5,26,1,3129.6,70,4
2031,2026-06-16 11:30:53+05:30,3129.2,1,3130.54,1632579,134971.0,214052.0,3163.0,3163.0,3108.0,3134.3,31915200,3447.7,2820.9,3839.9,2896.0,3128.8,24,3,3128.7,51,2,3128.0,69,2,3127.9,106,3,3127.8,4,1,3129.2,1,1,3129.3,89,5,3129.4,14,1,3129.5,26,1,3129.6,70,4
2031,2026-06-16 11:30:53+05:30,3129.2,1,3130.54,1632580,134982.0,214065.0,3163.0,3163.0,3108.0,3134.3,31915200,3447.7,2820.9,3839.9,2896.0,3128.8,24,3,3128.7,51,2,3128.0,63,1,3127.9,106,3,3127.8,4,1,3129.3,89,5,3129.4,14,1,3129.5,26,1,3129.6,70,4,3129.7,24,2
2031,2026-06-16 11:30:54+05:30,3129.2,1,3130.54,1632580,134982.0,214065.0,3163.0,3163.0,3108.0,3134.3,31915200,3447.7,2820.9,3839.9,2896.0,3128.8,24,3,3128.7,51,2,3128.0,63,1,3127.9,106,3,3127.8,4,1,3129.3,89,5,3129.4,14,1,3129.5,26,1,3129.6,70,4,3129.7,24,2
2031,2026-06-16 11:30:54+05:30,3129.2,1,3130.54,1632580,134982.0,214065.0,3163.0,3163.0,3108.0,3134.3,31915200,3447.7,2820.9,3839.9,2896.0,3128.8,24,3,3128.7,51,2,3128.0,63,1,3127.9,106,3,3127.8,4,1,3129.3,89,5,3129.4,14,1,3129.5,26,1,3129.6,70,4,3129.7,24,2
2031,2026-06-16 11:30:54+05:30,3129.3,1,3130.54,1632583,135651.0,214056.0,3163.0,3163.0,3108.0,3134.3,31915200,3447.7,2820.9,3839.9,2896.0,3128.8,24,3,3128.7,68,3,3128.1,63,1,3128.0,1063,2,3127.9,118,4,3129.3,102,5,3129.4,14,1,3129.5,26,1,3129.6,46,3,3129.7,6,1
2031,2026-06-16 11:30:55+05:30,3129.3,1,3130.54,1632583,135651.0,214056.0,3163.0,3163.0,3108.0,3134.3,31915200,3447.7,2820.9,3839.9,2896.0,3128.8,24,3,3128.7,68,3,3128.1,63,1,3128.0,1063,2,3127.9,118,4,3129.3,102,5,3129.4,14,1,3129.5,26,1,3129.6,46,3,3129.7,6,1
2031,2026-06-16 11:30:55+05:30,3129.3,8,3130.54,1632583,135651.0,214056.0,3163.0,3163.0,3108.0,3134.3,31915200,3447.7,2820.9,3839.9,2896.0,3128.8,24,3,3128.7,68,3,3128.1,63,1,3128.0,1063,2,3127.9,118,4,3129.3,102,5,3129.4,14,1,3129.5,26,1,3129.6,46,3,3129.7,6,1
2031,2026-06-16 11:30:55+05:30,3129.3,8,3130.54,1632591,136010.0,214241.0,3163.0,3163.0,3108.0,3134.3,31915200,3447.7,2820.9,3839.9,2896.0,3128.9,16,1,3128.8,3,1,3128.7,51,2,3128.1,63,1,3128.0,1089,3,3129.2,1,1,3129.3,93,5,3129.4,14,1,3129.5,26,1,3129.6,45,3
2031,2026-06-16 11:30:56+05:30,3129.3,8,3130.54,1632591,136010.0,214241.0,3163.0,3163.0,3108.0,3134.3,31915200,3447.7,2820.9,3839.9,2896.0,3128.9,16,1,3128.8,3,1,3128.7,51,2,3128.1,63,1,3128.0,1089,3,3129.2,1,1,3129.3,93,5,3129.4,14,1,3129.5,26,1,3129.6,45,3
2031,2026-06-16 11:30:56+05:30,3129.1,3,3130.54,1632591,136010.0,214241.0,3163.0,3163.0,3108.0,3134.3,31915200,3447.7,2820.9,3839.9,2896.0,3128.9,16,1,3128.8,3,1,3128.7,51,2,3128.1,63,1,3128.0,1089,3,3129.2,1,1,3129.3,93,5,3129.4,14,1,3129.5,26,1,3129.6,45,3
2031,2026-06-16 11:30:56+05:30,3129.1,2,3130.54,1632616,135776.0,214377.0,3163.0,3163.0,3108.0,3134.3,31915200,3447.7,2820.9,3839.9,2896.0,3129.1,15,1,3128.8,3,1,3128.7,51,2,3128.1,63,1,3128.0,1063,2,3129.2,63,4,3129.3,80,5,3129.4,65,2,3129.5,26,1,3129.6,45,3
2031,2026-06-16 11:30:56+05:30,3129.1,2,3130.54,1632616,135776.0,214377.0,3163.0,3163.0,3108.0,3134.3,31915200,3447.7,2820.9,3839.9,2896.0,3129.1,15,1,3128.8,3,1,3128.7,51,2,3128.1,63,1,3128.0,1063,2,3129.2,63,4,3129.3,80,5,3129.4,65,2,3129.5,26,1,3129.6,45,3
2031,2026-06-16 11:30:57+05:30,3129.2,24,3130.54,1632616,135776.0,214377.0,3163.0,3163.0,3108.0,3134.3,31915200,3447.7,2820.9,3839.9,2896.0,3129.1,15,1,3128.8,3,1,3128.7,51,2,3128.1,63,1,3128.0,1063,2,3129.2,63,4,3129.3,80,5,3129.4,65,2,3129.5,26,1,3129.6,45,3
2031,2026-06-16 11:30:57+05:30,3129.2,24,3130.54,1632616,135776.0,214377.0,3163.0,3163.0,3108.0,3134.3,31915200,3447.7,2820.9,3839.9,2896.0,3129.1,15,1,3128.8,3,1,3128.7,51,2,3128.1,63,1,3128.0,1063,2,3129.2,63,4,3129.3,80,5,3129.4,65,2,3129.5,26,1,3129.6,45,3
2031,2026-06-16 11:30:57+05:30,3129.2,24,3130.54,1632703,136221.0,214151.0,3163.0,3163.0,3108.0,3134.3,31915200,3447.7,2820.9,3839.9,2896.0,3128.8,19,2,3128.7,51,2,3128.2,63,1,3128.1,89,2,3128.0,1063,2,3129.2,10,1,3129.3,28,2,3129.4,14,1,3129.5,26,1,3129.6,85,4
2031,2026-06-16 11:30:58+05:30,3129.2,24,3130.54,1632703,136221.0,214151.0,3163.0,3163.0,3108.0,3134.3,31915200,3447.7,2820.9,3839.9,2896.0,3128.8,19,2,3128.7,51,2,3128.2,63,1,3128.1,89,2,3128.0,1063,2,3129.2,10,1,3129.3,28,2,3129.4,14,1,3129.5,26,1,3129.6,85,4
2031,2026-06-16 11:30:58+05:30,3129.2,1,3130.54,1632703,136221.0,214151.0,3163.0,3163.0,3108.0,3134.3,31915200,3447.7,2820.9,3839.9,2896.0,3128.8,19,2,3128.7,51,2,3128.2,63,1,3128.1,89,2,3128.0,1063,2,3129.2,10,1,3129.3,28,2,3129.4,14,1,3129.5,26,1,3129.6,85,4
2031,2026-06-16 11:30:58+05:30,3129.2,1,3130.54,1632704,136042.0,214132.0,3163.0,3163.0,3108.0,3134.3,31915200,3447.7,2820.9,3839.9,2896.0,3128.8,19,2,3128.7,51,2,3128.2,63,1,3128.1,89,2,3128.0,1063,2,3129.2,10,2,3129.3,28,2,3129.4,14,1,3129.5,58,2,3129.6,53,3
2031,2026-06-16 11:30:59+05:30,3129.2,1,3130.54,1632704,136042.0,214132.0,3163.0,3163.0,3108.0,3134.3,31915200,3447.7,2820.9,3839.9,2896.0,3128.8,19,2,3128.7,51,2,3128.2,63,1,3128.1,89,2,3128.0,1063,2,3129.2,10,2,3129.3,28,2,3129.4,14,1,3129.5,58,2,3129.6,53,3
2031,2026-06-16 11:30:59+05:30,3129.2,1,3130.54,1632704,136055.0,214133.0,3163.0,3163.0,3108.0,3134.3,31915200,3447.7,2820.9,3839.9,2896.0,3128.8,19,2,3128.7,51,2,3128.2,63,1,3128.1,89,2,3128.0,1063,2,3129.2,10,2,3129.3,28,2,3129.4,14,1,3129.5,58,2,3129.6,53,3
2031,2026-06-16 11:30:59+05:30,3129.2,1,3130.54,1632704,136055.0,214133.0,3163.0,3163.0,3108.0,3134.3,31915200,3447.7,2820.9,3839.9,2896.0,3128.8,19,2,3128.7,51,2,3128.2,63,1,3128.1,89,2,3128.0,1063,2,3129.2,10,2,3129.3,28,2,3129.4,14,1,3129.5,58,2,3129.6,53,3
2031,2026-06-16 11:31:00+05:30,3129.2,1,3130.54,1632704,136055.0,214133.0,3163.0,3163.0,3108.0,3134.3,31915200,3447.7,2820.9,3839.9,2896.0,3128.8,19,2,3128.7,51,2,3128.2,63,1,3128.1,89,2,3128.0,1063,2,3129.2,10,2,3129.3,28,2,3129.4,14,1,3129.5,58,2,3129.6,53,3
2031,2026-06-16 11:31:00+05:30,3129.2,1,3130.54,1632705,136023.0,214251.0,3163.0,3163.0,3108.0,3134.3,31915200,3447.7,2820.9,3839.9,2896.0,3129.0,2,2,3128.8,25,4,3128.7,51,2,3128.2,82,2,3128.1,63,1,3129.2,10,3,3129.3,27,1,3129.4,14,1,3129.6,1,1,3129.7,6,1
2031,2026-06-16 11:31:00+05:30,3129.2,1,3130.54,1632705,136023.0,214251.0,3163.0,3163.0,3108.0,3134.3,31915200,3447.7,2820.9,3839.9,2896.0,3129.0,2,2,3128.8,25,4,3128.7,51,2,3128.2,82,2,3128.1,63,1,3129.2,10,3,3129.3,27,1,3129.4,14,1,3129.6,1,1,3129.7,6,1
2031,2026-06-16 11:31:01+05:30,3128.8,16,3130.54,1632705,136023.0,214251.0,3163.0,3163.0,3108.0,3134.3,31915200,3447.7,2820.9,3839.9,2896.0,3129.0,2,2,3128.8,25,4,3128.7,51,2,3128.2,82,2,3128.1,63,1,3129.2,10,3,3129.3,27,1,3129.4,14,1,3129.6,1,1,3129.7,6,1
2031,2026-06-16 11:31:01+05:30,3128.8,16,3130.54,1632750,135818.0,214084.0,3163.0,3163.0,3108.0,3134.3,31915200,3447.7,2820.9,3839.9,2896.0,3128.8,6,2,3128.7,51,2,3128.1,22,1,3128.0,1019,2,3127.9,105,3,3129.2,23,5,3129.3,32,1,3129.4,40,2,3129.5,19,1,3129.6,68,3
2031,2026-06-16 11:31:01+05:30,3128.8,16,3130.54,1632750,135818.0,214084.0,3163.0,3163.0,3108.0,3134.3,31915200,3447.7,2820.9,3839.9,2896.0,3128.8,6,2,3128.7,51,2,3128.1,22,1,3128.0,1019,2,3127.9,105,3,3129.2,23,5,3129.3,32,1,3129.4,40,2,3129.5,19,1,3129.6,68,3
2031,2026-06-16 11:31:02+05:30,3128.9,5,3130.54,1632750,135818.0,214084.0,3163.0,3163.0,3108.0,3134.3,31915200,3447.7,2820.9,3839.9,2896.0,3128.8,6,2,3128.7,51,2,3128.1,22,1,3128.0,1019,2,3127.9,105,3,3129.2,23,5,3129.3,32,1,3129.4,40,2,3129.5,19,1,3129.6,68,3
2031,2026-06-16 11:31:02+05:30,3128.9,5,3130.54,1632763,136733.0,214350.0,3163.0,3163.0,3108.0,3134.3,31915200,3447.7,2820.9,3839.9,2896.0,3129.1,18,1,3128.8,4,2,3128.7,51,2,3128.2,63,1,3128.1,113,2,3129.2,27,5,3129.5,31,1,3129.6,36,2,3129.7,6,1,3129.8,506,6
2031,2026-06-16 11:31:03+05:30,3129.1,19,3130.54,1632763,136733.0,214350.0,3163.0,3163.0,3108.0,3134.3,31915200,3447.7,2820.9,3839.9,2896.0,3129.1,18,1,3128.8,4,2,3128.7,51,2,3128.2,63,1,3128.1,113,2,3129.2,27,5,3129.5,31,1,3129.6,36,2,3129.7,6,1,3129.8,506,6
2031,2026-06-16 11:31:03+05:30,3129.1,19,3130.54,1632984,135719.0,213994.0,3163.0,3163.0,3108.0,3134.3,31915200,3447.7,2820.9,3839.9,2896.0,3128.8,4,2,3128.7,51,2,3128.1,23,1,3128.0,1019,2,3127.9,87,4,3129.1,181,1,3129.2,27,5,3129.6,68,3,3129.7,6,1,3129.8,507,6
2031,2026-06-16 11:31:04+05:30,3128.8,55,3130.54,1632984,135719.0,213994.0,3163.0,3163.0,3108.0,3134.3,31915200,3447.7,2820.9,3839.9,2896.0,3128.8,4,2,3128.7,51,2,3128.1,23,1,3128.0,1019,2,3127.9,87,4,3129.1,181,1,3129.2,27,5,3129.6,68,3,3129.7,6,1,3129.8,507,6
2031,2026-06-16 11:31:04+05:30,3128.8,55,3130.54,1633184,135798.0,214018.0,3163.0,3163.0,3108.0,3134.3,31915200,3447.7,2820.9,3839.9,2896.0,3128.8,19,2,3128.7,51,2,3128.1,186,1,3128.0,1069,3,3127.9,87,4,3129.0,24,1,3129.1,196,3,3129.2,15,2,3129.6,33,2,3129.7,6,1
2031,2026-06-16 11:31:05+05:30,3128.9,1,3130.54,1633184,135798.0,214018.0,3163.0,3163.0,3108.0,3134.3,31915200,3447.7,2820.9,3839.9,2896.0,3128.8,19,2,3128.7,51,2,3128.1,186,1,3128.0,1069,3,3127.9,87,4,3129.0,24,1,3129.1,196,3,3129.2,15,2,3129.6,33,2,3129.7,6,1
2031,2026-06-16 11:31:05+05:30,3128.8,3,3130.54,1633213,135718.0,214285.0,3163.0,3163.0,3108.0,3134.3,31915200,3447.7,2820.9,3839.9,2896.0,3128.8,14,2,3128.7,51,2,3128.0,1069,3,3127.9,87,4,3127.8,108,4,3128.9,20,1,3129.1,196,3,3129.2,15,2,3129.6,225,3,3129.7,206,2
2031,2026-06-16 11:31:06+05:30,3128.8,1,3130.54,1633213,135718.0,214285.0,3163.0,3163.0,3108.0,3134.3,31915200,3447.7,2820.9,3839.9,2896.0,3128.8,14,2,3128.7,51,2,3128.0,1069,3,3127.9,87,4,3127.8,108,4,3128.9,20,1,3129.1,196,3,3129.2,15,2,3129.6,225,3,3129.7,206,2
2031,2026-06-16 11:31:06+05:30,3128.8,1,3130.54,1633217,135738.0,214299.0,3163.0,3163.0,3108.0,3134.3,31915200,3447.7,2820.9,3839.9,2896.0,3128.8,10,2,3128.7,51,2,3128.0,1069,3,3127.9,87,4,3127.8,108,4,3128.9,21,2,3129.1,195,2,3129.2,15,2,3129.6,33,2,3129.7,398,3
2031,2026-06-16 11:31:07+05:30,3128.8,1,3130.54,1633217,135738.0,214299.0,3163.0,3163.0,3108.0,3134.3,31915200,3447.7,2820.9,3839.9,2896.0,3128.8,10,2,3128.7,51,2,3128.0,1069,3,3127.9,87,4,3127.8,108,4,3128.9,21,2,3129.1,195,2,3129.2,15,2,3129.6,33,2,3129.7,398,3
2031,2026-06-16 11:31:07+05:30,3128.8,1,3130.54,1633218,135742.0,214313.0,3163.0,3163.0,3108.0,3134.3,31915200,3447.7,2820.9,3839.9,2896.0,3128.8,9,2,3128.7,51,2,3128.0,1069,3,3127.9,87,4,3127.8,108,4,3128.9,35,3,3129.1,181,1,3129.2,15,2,3129.6,33,2,3129.7,398,3
2031,2026-06-16 11:31:08+05:30,3128.8,1,3130.54,1633218,135767.0,214136.0,3163.0,3163.0,3108.0,3134.3,31915200,3447.7,2820.9,3839.9,2896.0,3128.8,6,1,3128.7,51,2,3128.1,189,1,3128.0,1069,3,3127.9,130,4,3128.9,36,4,3129.1,181,1,3129.2,14,1,3129.6,43,3,3129.7,398,3
2031,2026-06-16 11:31:09+05:30,3128.8,1,3130.54,1633218,135782.0,214130.0,3163.0,3163.0,3108.0,3134.3,31915200,3447.7,2820.9,3839.9,2896.0,3128.8,8,2,3128.7,51,2,3128.0,1069,3,3127.9,66,3,3127.8,87,3,3128.9,36,4,3129.1,181,1,3129.2,14,1,3129.5,31,1,3129.6,11,2
2031,2026-06-16 11:31:10+05:30,3128.8,3,3130.54,1633462,135572.0,213614.0,3163.0,3163.0,3108.0,3134.3,31915200,3447.7,2820.9,3839.9,2896.0,3128.8,10,2,3128.7,51,2,3128.4,5,1,3128.3,69,2,3128.2,21,1,3128.9,11,1,3129.2,11,1,3129.5,31,1,3129.6,11,2,3129.7,6,1
2031,2026-06-16 11:31:10+05:30,3128.8,3,3130.54,1633462,135572.0,213614.0,3163.0,3163.0,3108.0,3134.3,31915200,3447.7,2820.9,3839.9,2896.0,3128.8,10,2,3128.7,51,2,3128.4,5,1,3128.3,69,2,3128.2,21,1,3128.9,11,1,3129.2,11,1,3129.5,31,1,3129.6,11,2,3129.7,6,1
2031,2026-06-16 11:31:11+05:30,3128.8,3,3130.54,1633466,135502.0,213808.0,3163.0,3163.0,3108.0,3134.3,31915200,3447.7,2820.9,3839.9,2896.0,3128.8,7,2,3128.7,51,2,3128.4,5,1,3128.3,69,2,3128.1,21,1,3128.9,10,1,3129.5,31,1,3129.6,11,2,3129.7,6,1,3129.8,488,5
2031,2026-06-16 11:31:11+05:30,3128.9,1,3130.54,1633466,135502.0,213808.0,3163.0,3163.0,3108.0,3134.3,31915200,3447.7,2820.9,3839.9,2896.0,3128.8,7,2,3128.7,51,2,3128.4,5,1,3128.3,69,2,3128.1,21,1,3128.9,10,1,3129.5,31,1,3129.6,11,2,3129.7,6,1,3129.8,488,5
2031,2026-06-16 11:31:12+05:30,3128.8,13,3130.54,1633487,135766.0,213586.0,3163.0,3163.0,3108.0,3134.3,31915200,3447.7,2820.9,3839.9,2896.0,3128.8,19,3,3128.7,51,2,3128.6,19,1,3128.5,31,1,3128.4,45,3,3128.9,9,1,3129.6,11,2,3129.7,6,1,3129.8,413,3,3129.9,143,2
2031,2026-06-16 11:31:12+05:30,3128.8,13,3130.54,1633487,135766.0,213586.0,3163.0,3163.0,3108.0,3134.3,31915200,3447.7,2820.9,3839.9,2896.0,3128.8,19,3,3128.7,51,2,3128.6,19,1,3128.5,31,1,3128.4,45,3,3128.9,9,1,3129.6,11,2,3129.7,6,1,3129.8,413,3,3129.9,143,2
2031,2026-06-16 11:31:13+05:30,3128.8,2,3130.54,1633489,135781.0,213603.0,3163.0,3163.0,3108.0,3134.3,31915200,3447.7,2820.9,3839.9,2896.0,3128.8,17,3,3128.7,51,2,3128.6,19,1,3128.4,40,2,3128.3,69,2,3128.9,9,1,3129.6,11,2,3129.7,6,1,3129.8,413,3,3129.9,146,3
2031,2026-06-16 11:31:13+05:30,3128.8,9,3130.54,1633489,135781.0,213603.0,3163.0,3163.0,3108.0,3134.3,31915200,3447.7,2820.9,3839.9,2896.0,3128.8,17,3,3128.7,51,2,3128.6,19,1,3128.4,40,2,3128.3,69,2,3128.9,9,1,3129.6,11,2,3129.7,6,1,3129.8,413,3,3129.9,146,3
2031,2026-06-16 11:31:14+05:30,3128.8,2,3130.54,1633540,135606.0,213467.0,3163.0,3163.0,3108.0,3134.3,31915200,3447.7,2820.9,3839.9,2896.0,3128.8,30,3,3128.7,51,2,3128.4,21,1,3128.3,88,3,3128.2,22,1,3128.9,22,2,3129.6,11,2,3129.7,37,2,3129.8,413,3,3129.9,146,3
2031,2026-06-16 11:31:14+05:30,3128.9,2,3130.54,1633540,135606.0,213467.0,3163.0,3163.0,3108.0,3134.3,31915200,3447.7,2820.9,3839.9,2896.0,3128.8,30,3,3128.7,51,2,3128.4,21,1,3128.3,88,3,3128.2,22,1,3128.9,22,2,3129.6,11,2,3129.7,37,2,3129.8,413,3,3129.9,146,3
2031,2026-06-16 11:31:15+05:30,3128.9,2,3130.54,1633542,135642.0,213478.0,3163.0,3163.0,3108.0,3134.3,31915200,3447.7,2820.9,3839.9,2896.0,3128.8,33,5,3128.7,51,2,3128.3,90,3,3128.2,22,1,3128.1,211,3,3128.9,35,3,3129.6,11,2,3129.7,37,2,3129.8,413,3,3129.9,146,3
2031,2026-06-16 11:31:15+05:30,3128.9,5,3130.54,1633542,135642.0,213478.0,3163.0,3163.0,3108.0,3134.3,31915200,3447.7,2820.9,3839.9,2896.0,3128.8,33,5,3128.7,51,2,3128.3,90,3,3128.2,22,1,3128.1,211,3,3128.9,35,3,3129.6,11,2,3129.7,37,2,3129.8,413,3,3129.9,146,3
2031,2026-06-16 11:31:16+05:30,3128.8,16,3130.54,1633694,135841.0,212593.0,3163.0,3163.0,3108.0,3134.3,31915200,3447.7,2820.9,3839.9,2896.0,3128.8,51,5,3128.7,57,3,3128.6,49,2,3128.5,95,4,3128.4,50,2,3128.9,18,2,3129.6,11,2,3129.8,413,3,3129.9,146,3,3130.0,8462,22
2031,2026-06-16 11:31:16+05:30,3128.8,16,3130.54,1633694,135841.0,212593.0,3163.0,3163.0,3108.0,3134.3,31915200,3447.7,2820.9,3839.9,2896.0,3128.8,51,5,3128.7,57,3,3128.6,49,2,3128.5,95,4,3128.4,50,2,3128.9,18,2,3129.6,11,2,3129.8,413,3,3129.9,146,3,3130.0,8462,22
2031,2026-06-16 11:31:17+05:30,3128.8,7,3130.54,1633705,135847.0,212798.0,3163.0,3163.0,3108.0,3134.3,31915200,3447.7,2820.9,3839.9,2896.0,3128.8,56,5,3128.7,63,4,3128.6,49,2,3128.5,95,4,3128.4,50,2,3128.9,18,2,3129.6,11,2,3129.8,413,3,3129.9,146,3,3130.0,8462,22
2031,2026-06-16 11:31:17+05:30,3128.9,10,3130.54,1633705,135847.0,212798.0,3163.0,3163.0,3108.0,3134.3,31915200,3447.7,2820.9,3839.9,2896.0,3128.8,56,5,3128.7,63,4,3128.6,49,2,3128.5,95,4,3128.4,50,2,3128.9,18,2,3129.6,11,2,3129.8,413,3,3129.9,146,3,3130.0,8462,22
2031,2026-06-16 11:31:18+05:30,3128.9,24,3130.54,1633705,135847.0,212798.0,3163.0,3163.0,3108.0,3134.3,31915200,3447.7,2820.9,3839.9,2896.0,3128.8,56,5,3128.7,63,4,3128.6,49,2,3128.5,95,4,3128.4,50,2,3128.9,18,2,3129.6,11,2,3129.8,413,3,3129.9,146,3,3130.0,8462,22
2031,2026-06-16 11:31:18+05:30,3128.9,24,3130.54,1633768,136404.0,213448.0,3163.0,3163.0,3108.0,3134.3,31915200,3447.7,2820.9,3839.9,2896.0,3128.9,45,3,3128.8,6,2,3128.7,63,4,3128.6,49,2,3128.5,258,4,3129.5,3,1,3129.6,11,2,3129.8,392,2,3129.9,146,3,3130.0,8462,22
2031,2026-06-16 11:31:19+05:30,3128.9,2,3130.54,1633768,136404.0,213448.0,3163.0,3163.0,3108.0,3134.3,31915200,3447.7,2820.9,3839.9,2896.0,3128.9,45,3,3128.8,6,2,3128.7,63,4,3128.6,49,2,3128.5,258,4,3129.5,3,1,3129.6,11,2,3129.8,392,2,3129.9,146,3,3130.0,8462,22
2031,2026-06-16 11:31:19+05:30,3128.9,2,3130.54,1633776,136213.0,213548.0,3163.0,3163.0,3108.0,3134.3,31915200,3447.7,2820.9,3839.9,2896.0,3128.9,55,4,3128.8,6,2,3128.7,51,2,3128.6,61,3,3128.5,74,3,3129.5,1,1,3129.6,11,2,3129.8,392,2,3129.9,146,3,3130.0,8462,22
2031,2026-06-16 11:31:20+05:30,3128.9,1,3130.54,1633776,136213.0,213548.0,3163.0,3163.0,3108.0,3134.3,31915200,3447.7,2820.9,3839.9,2896.0,3128.9,55,4,3128.8,6,2,3128.7,51,2,3128.6,61,3,3128.5,74,3,3129.5,1,1,3129.6,11,2,3129.8,392,2,3129.9,146,3,3130.0,8462,22
2031,2026-06-16 11:31:20+05:30,3128.9,14,3130.54,1633916,135782.0,213836.0,3163.0,3163.0,3108.0,3134.3,31915200,3447.7,2820.9,3839.9,2896.0,3128.9,7,2,3128.8,6,2,3128.7,51,2,3128.6,61,3,3128.5,34,2,3129.6,11,2,3129.8,413,3,3129.9,146,3,3130.0,8462,22,3130.1,1,1
2031,2026-06-16 11:31:21+05:30,3129.6,1,3130.54,1633916,135782.0,213836.0,3163.0,3163.0,3108.0,3134.3,31915200,3447.7,2820.9,3839.9,2896.0,3128.9,7,2,3128.8,6,2,3128.7,51,2,3128.6,61,3,3128.5,34,2,3129.6,11,2,3129.8,413,3,3129.9,146,3,3130.0,8462,22,3130.1,1,1
2031,2026-06-16 11:31:21+05:30,3128.7,2,3130.54,1634050,135553.0,213634.0,3163.0,3163.0,3108.0,3134.3,31915200,3447.7,2820.9,3839.9,2896.0,3128.7,49,2,3128.4,12,1,3128.2,31,1,3128.1,224,3,3128.0,1137,6,3128.8,69,1,3129.6,31,3,3129.8,413,3,3129.9,146,3,3130.0,8462,22
2031,2026-06-16 11:31:22+05:30,3128.7,2,3130.54,1634050,135553.0,213634.0,3163.0,3163.0,3108.0,3134.3,31915200,3447.7,2820.9,3839.9,2896.0,3128.7,49,2,3128.4,12,1,3128.2,31,1,3128.1,224,3,3128.0,1137,6,3128.8,69,1,3129.6,31,3,3129.8,413,3,3129.9,146,3,3130.0,8462,22
2031,2026-06-16 11:31:23+05:30,3130.0,1,3130.54,1640128,137299.0,204685.0,3163.0,3163.0,3108.0,3134.3,31915200,3447.7,2820.9,3839.9,2896.0,3129.0,114,8,3128.9,48,2,3128.8,119,5,3128.7,56,3,3128.6,98,3,3130.0,3038,13,3130.1,1,1,3130.4,21,1,3130.5,49,1,3130.6,51,2
2031,2026-06-16 11:31:23+05:30,3130.0,1,3130.54,1640128,137299.0,204685.0,3163.0,3163.0,3108.0,3134.3,31915200,3447.7,2820.9,3839.9,2896.0,3129.0,114,8,3128.9,48,2,3128.8,119,5,3128.7,56,3,3128.6,98,3,3130.0,3038,13,3130.1,1,1,3130.4,21,1,3130.5,49,1,3130.6,51,2
2031,2026-06-16 11:31:24+05:30,3130.0,1,3130.54,1640128,137795.0,208222.0,3163.0,3163.0,3108.0,3134.3,31915200,3447.7,2820.9,3839.9,2896.0,3129.2,3,1,3129.1,55,2,3129.0,337,9,3128.9,82,2,3128.8,111,6,3129.8,669,1,3129.9,59,1,3130.0,3038,13,3130.1,1,1,3130.4,21,1
2031,2026-06-16 11:31:24+05:30,3129.8,1,3130.54,1640128,137795.0,208222.0,3163.0,3163.0,3108.0,3134.3,31915200,3447.7,2820.9,3839.9,2896.0,3129.2,3,1,3129.1,55,2,3129.0,337,9,3128.9,82,2,3128.8,111,6,3129.8,669,1,3129.9,59,1,3130.0,3038,13,3130.1,1,1,3130.4,21,1
2031,2026-06-16 11:31:25+05:30,3129.8,1,3130.54,1640129,137623.0,208124.0,3163.0,3163.0,3108.0,3134.3,31915200,3447.7,2820.9,3839.9,2896.0,3129.2,3,1,3129.1,55,2,3129.0,331,8,3128.9,82,2,3128.8,129,7,3129.8,668,1,3129.9,59,1,3130.0,3076,14,3130.1,1,1,3130.4,21,1
2031,2026-06-16 11:31:26+05:30,3129.8,1,3130.54,1640129,137909.0,208149.0,3163.0,3163.0,3108.0,3134.3,31915200,3447.7,2820.9,3839.9,2896.0,3129.2,307,5,3129.1,16,1,3129.0,377,9,3128.9,69,2,3128.8,157,8,3129.8,668,1,3129.9,59,1,3130.0,3076,14,3130.1,1,1,3130.2,20,1
2031,2026-06-16 11:31:26+05:30,3129.8,1,3130.54,1640129,137909.0,208149.0,3163.0,3163.0,3108.0,3134.3,31915200,3447.7,2820.9,3839.9,2896.0,3129.2,307,5,3129.1,16,1,3129.0,377,9,3128.9,69,2,3128.8,157,8,3129.8,668,1,3129.9,59,1,3130.0,3076,14,3130.1,1,1,3130.2,20,1
2031,2026-06-16 11:31:27+05:30,3129.8,1,3130.54,1640130,137865.0,207791.0,3163.0,3163.0,3108.0,3134.3,31915200,3447.7,2820.9,3839.9,2896.0,3129.2,289,5,3129.1,16,1,3129.0,356,7,3128.9,69,2,3128.8,157,8,3129.8,669,3,3129.9,59,1,3130.0,3076,14,3130.1,1,1,3130.2,20,1
2031,2026-06-16 11:31:28+05:30,3129.8,1,3130.54,1640130,137955.0,207794.0,3163.0,3163.0,3108.0,3134.3,31915200,3447.7,2820.9,3839.9,2896.0,3129.3,20,1,3129.2,289,5,3129.1,30,2,3129.0,356,7,3128.9,116,2,3129.8,670,4,3129.9,59,1,3130.0,3076,14,3130.1,1,1,3130.2,20,1
2031,2026-06-16 11:31:29+05:30,3129.1,123,3130.54,1640130,137955.0,207794.0,3163.0,3163.0,3108.0,3134.3,31915200,3447.7,2820.9,3839.9,2896.0,3129.3,20,1,3129.2,289,5,3129.1,30,2,3129.0,356,7,3128.9,116,2,3129.8,670,4,3129.9,59,1,3130.0,3076,14,3130.1,1,1,3130.2,20,1
2031,2026-06-16 11:31:29+05:30,3129.1,123,3130.54,1640797,137328.0,207871.0,3163.0,3163.0,3108.0,3134.3,31915200,3447.7,2820.9,3839.9,2896.0,3129.1,42,3,3129.0,254,3,3128.9,82,3,3128.8,127,6,3128.7,42,2,3129.3,1,1,3129.8,78,6,3129.9,59,1,3130.0,3076,14,3130.1,1,1
2031,2026-06-16 11:31:30+05:30,3129.3,1,3130.54,1640797,137328.0,207871.0,3163.0,3163.0,3108.0,3134.3,31915200,3447.7,2820.9,3839.9,2896.0,3129.1,42,3,3129.0,254,3,3128.9,82,3,3128.8,127,6,3128.7,42,2,3129.3,1,1,3129.8,78,6,3129.9,59,1,3130.0,3076,14,3130.1,1,1
2031,2026-06-16 11:31:30+05:30,3129.3,1,3130.54,1640876,137686.0,207539.0,3163.0,3163.0,3108.0,3134.3,31915200,3447.7,2820.9,3839.9,2896.0,3129.2,137,9,3129.1,89,5,3129.0,363,10,3128.9,90,3,3128.8,147,6,3129.8,78,6,3130.0,3076,14,3130.1,1,1,3130.4,21,1,3130.6,21,1
2031,2026-06-16 11:31:31+05:30,3129.7,1,3130.54,1640876,137686.0,207539.0,3163.0,3163.0,3108.0,3134.3,31915200,3447.7,2820.9,3839.9,2896.0,3129.2,137,9,3129.1,89,5,3129.0,363,10,3128.9,90,3,3128.8,147,6,3129.8,78,6,3130.0,3076,14,3130.1,1,1,3130.4,21,1,3130.6,21,1
2031,2026-06-16 11:31:31+05:30,3129.7,1,3130.54,1640877,137899.0,207684.0,3163.0,3163.0,3108.0,3134.3,31915200,3447.7,2820.9,3839.9,2896.0,3129.3,76,5,3129.2,119,8,3129.1,108,6,3129.0,363,10,3128.9,75,3,3129.7,7,1,3129.8,78,6,3130.0,3076,14,3130.1,1,1,3130.4,21,1
2031,2026-06-16 11:31:32+05:30,3129.7,1,3130.54,1640877,137899.0,207684.0,3163.0,3163.0,3108.0,3134.3,31915200,3447.7,2820.9,3839.9,2896.0,3129.3,76,5,3129.2,119,8,3129.1,108,6,3129.0,363,10,3128.9,75,3,3129.7,7,1,3129.8,78,6,3130.0,3076,14,3130.1,1,1,3130.4,21,1
2031,2026-06-16 11:31:32+05:30,3129.7,1,3130.54,1640878,137912.0,207669.0,3163.0,3163.0,3108.0,3134.3,31915200,3447.7,2820.9,3839.9,2896.0,3129.3,113,6,3129.2,136,9,3129.1,108,6,3129.0,363,10,3128.9,76,3,3129.7,10,2,3129.8,53,5,3130.0,3076,14,3130.1,1,1,3130.4,21,1
2031,2026-06-16 11:31:33+05:30,3129.7,1,3130.54,1640878,137852.0,207414.0,3163.0,3163.0,3108.0,3134.3,31915200,3447.7,2820.9,3839.9,2896.0,3129.3,131,7,3129.2,104,7,3129.1,89,5,3129.0,353,9,3128.9,74,3,3129.5,6,1,3129.6,1,1,3129.7,5,2,3129.8,51,3,3130.0,3076,14
2031,2026-06-16 11:31:34+05:30,3129.5,1,3130.54,1640878,137852.0,207414.0,3163.0,3163.0,3108.0,3134.3,31915200,3447.7,2820.9,3839.9,2896.0,3129.3,131,7,3129.2,104,7,3129.1,89,5,3129.0,353,9,3128.9,74,3,3129.5,6,1,3129.6,1,1,3129.7,5,2,3129.8,51,3,3130.0,3076,14
2031,2026-06-16 11:31:34+05:30,3129.3,5,3130.54,1640889,137673.0,207561.0,3163.0,3163.0,3108.0,3134.3,31915200,3447.7,2820.9,3839.9,2896.0,3129.3,122,7,3129.2,113,8,3129.1,101,6,3129.0,336,8,3128.9,74,3,3129.6,1,1,3129.7,5,2,3129.8,51,3,3130.0,3038,13,3130.1,1,1
2031,2026-06-16 11:31:35+05:30,3129.6,1,3130.54,1640889,137673.0,207561.0,3163.0,3163.0,3108.0,3134.3,31915200,3447.7,2820.9,3839.9,2896.0,3129.3,122,7,3129.2,113,8,3129.1,101,6,3129.0,336,8,3128.9,74,3,3129.6,1,1,3129.7,5,2,3129.8,51,3,3130.0,3038,13,3130.1,1,1
2031,2026-06-16 11:31:35+05:30,3129.6,1,3130.54,1640890,137664.0,207585.0,3163.0,3163.0,3108.0,3134.3,31915200,3447.7,2820.9,3839.9,2896.0,3129.4,26,4,3129.3,128,6,3129.2,87,6,3129.1,131,6,3129.0,336,8,3129.5,1,1,3129.6,2,2,3129.8,51,3,3130.0,3038,13,3130.1,1,1
2031,2026-06-16 11:31:36+05:30,3129.6,1,3130.54,1640890,137664.0,207585.0,3163.0,3163.0,3108.0,3134.3,31915200,3447.7,2820.9,3839.9,2896.0,3129.4,26,4,3129.3,128,6,3129.2,87,6,3129.1,131,6,3129.0,336,8,3129.5,1,1,3129.6,2,2,3129.8,51,3,3130.0,3038,13,3130.1,1,1
2031,2026-06-16 11:31:36+05:30,3129.6,1,3130.54,1640893,137401.0,207911.0,3163.0,3163.0,3108.0,3134.3,31915200,3447.7,2820.9,3839.9,2896.0,3129.6,13,1,3129.5,78,4,3129.4,2,2,3129.3,110,5,3129.2,87,6,3129.8,51,3,3130.0,3038,13,3130.1,1,1,3130.6,21,1,3130.8,21,1
2031,2026-06-16 11:31:37+05:30,3129.8,1,3130.54,1640893,137401.0,207911.0,3163.0,3163.0,3108.0,3134.3,31915200,3447.7,2820.9,3839.9,2896.0,3129.6,13,1,3129.5,78,4,3129.4,2,2,3129.3,110,5,3129.2,87,6,3129.8,51,3,3130.0,3038,13,3130.1,1,1,3130.6,21,1,3130.8,21,1
2031,2026-06-16 11:31:37+05:30,3129.8,1,3130.54,1640895,137330.0,208015.0,3163.0,3163.0,3108.0,3134.3,31915200,3447.7,2820.9,3839.9,2896.0,3129.7,19,1,3129.6,59,2,3129.5,36,1,3129.4,23,3,3129.3,93,3,3129.8,73,3,3129.9,62,1,3130.0,3038,13,3130.1,1,1,3130.6,21,1
2031,2026-06-16 11:31:38+05:30,3129.8,50,3130.54,1640895,137330.0,208015.0,3163.0,3163.0,3108.0,3134.3,31915200,3447.7,2820.9,3839.9,2896.0,3129.7,19,1,3129.6,59,2,3129.5,36,1,3129.4,23,3,3129.3,93,3,3129.8,73,3,3129.9,62,1,3130.0,3038,13,3130.1,1,1,3130.6,21,1
2031,2026-06-16 11:31:38+05:30,3129.8,50,3130.54,1641030,137183.0,207971.0,3163.0,3163.0,3108.0,3134.3,31915200,3447.7,2820.9,3839.9,2896.0,3129.7,21,2,3129.6,42,1,3129.4,2,2,3129.3,37,1,3129.2,1,1,3129.8,72,2,3129.9,6,1,3130.0,3038,13,3130.1,1,1,3130.6,21,1
2031,2026-06-16 11:31:39+05:30,3129.8,114,3130.54,1641030,137183.0,207971.0,3163.0,3163.0,3108.0,3134.3,31915200,3447.7,2820.9,3839.9,2896.0,3129.7,21,2,3129.6,42,1,3129.4,2,2,3129.3,37,1,3129.2,1,1,3129.8,72,2,3129.9,6,1,3130.0,3038,13,3130.1,1,1,3130.6,21,1
2031,2026-06-16 11:31:39+05:30,3129.8,114,3130.54,1641163,137399.0,207960.0,3163.0,3163.0,3108.0,3134.3,31915200,3447.7,2820.9,3839.9,2896.0,3129.7,47,2,3129.6,42,1,3129.4,2,2,3129.3,103,3,3129.2,1,1,3129.8,15,1,3129.9,6,1,3130.0,3038,13,3130.1,1,1,3130.6,21,1
2031,2026-06-16 11:31:40+05:30,3129.8,8,3130.54,1641163,137399.0,207960.0,3163.0,3163.0,3108.0,3134.3,31915200,3447.7,2820.9,3839.9,2896.0,3129.7,47,2,3129.6,42,1,3129.4,2,2,3129.3,103,3,3129.2,1,1,3129.8,15,1,3129.9,6,1,3130.0,3038,13,3130.1,1,1,3130.6,21,1
2031,2026-06-16 11:31:41+05:30,3129.7,1,3130.54,1641172,137478.0,207960.0,3163.0,3163.0,3108.0,3134.3,31915200,3447.7,2820.9,3839.9,2896.0,3129.7,48,4,3129.6,42,1,3129.3,103,3,3129.1,119,4,3129.0,98,6,3129.8,7,1,3129.9,6,1,3130.0,3038,13,3130.1,1,1,3130.6,21,1
2031,2026-06-16 11:31:41+05:30,3129.7,1,3130.54,1641172,137478.0,207960.0,3163.0,3163.0,3108.0,3134.3,31915200,3447.7,2820.9,3839.9,2896.0,3129.7,48,4,3129.6,42,1,3129.3,103,3,3129.1,119,4,3129.0,98,6,3129.8,7,1,3129.9,6,1,3130.0,3038,13,3130.1,1,1,3130.6,21,1
2031,2026-06-16 11:31:41+05:30,3129.7,1,3130.54,1641172,137460.0,208199.0,3163.0,3163.0,3108.0,3134.3,31915200,3447.7,2820.9,3839.9,2896.0,3129.7,67,5,3129.6,42,1,3129.3,87,2,3129.2,21,1,3129.1,98,3,3129.8,64,3,3129.9,6,1,3130.0,3170,14,3130.1,1,1,3130.6,66,2
2031,2026-06-16 11:31:42+05:30,3129.8,1,3130.54,1641172,137460.0,208199.0,3163.0,3163.0,3108.0,3134.3,31915200,3447.7,2820.9,3839.9,2896.0,3129.7,67,5,3129.6,42,1,3129.3,87,2,3129.2,21,1,3129.1,98,3,3129.8,64,3,3129.9,6,1,3130.0,3170,14,3130.1,1,1,3130.6,66,2
2031,2026-06-16 11:31:43+05:30,3129.8,1,3130.54,1641173,137584.0,208031.0,3163.0,3163.0,3108.0,3134.3,31915200,3447.7,2820.9,3839.9,2896.0,3129.7,67,5,3129.6,42,1,3129.3,87,2,3129.2,21,1,3129.1,98,3,3129.8,63,3,3129.9,6,1,3130.0,3170,14,3130.1,1,1,3130.5,45,1
2031,2026-06-16 11:31:43+05:30,3129.8,1,3130.54,1641173,137584.0,208031.0,3163.0,3163.0,3108.0,3134.3,31915200,3447.7,2820.9,3839.9,2896.0,3129.7,67,5,3129.6,42,1,3129.3,87,2,3129.2,21,1,3129.1,98,3,3129.8,63,3,3129.9,6,1,3130.0,3170,14,3130.1,1,1,3130.5,45,1
2031,2026-06-16 11:31:44+05:30,3129.8,1,3130.54,1641173,137654.0,208062.0,3163.0,3163.0,3108.0,3134.3,31915200,3447.7,2820.9,3839.9,2896.0,3129.7,67,5,3129.6,42,1,3129.3,87,2,3129.2,40,2,3129.1,98,3,3129.8,88,4,3129.9,6,1,3130.0,3170,14,3130.1,1,1,3130.5,45,1
2031,2026-06-16 11:31:44+05:30,3129.8,4,3130.54,1641173,137654.0,208062.0,3163.0,3163.0,3108.0,3134.3,31915200,3447.7,2820.9,3839.9,2896.0,3129.7,67,5,3129.6,42,1,3129.3,87,2,3129.2,40,2,3129.1,98,3,3129.8,88,4,3129.9,6,1,3130.0,3170,14,3130.1,1,1,3130.5,45,1
2031,2026-06-16 11:31:45+05:30,3129.8,4,3130.54,1641286,137683.0,207748.0,3163.0,3163.0,3108.0,3134.3,31915200,3447.7,2820.9,3839.9,2896.0,3129.7,68,5,3129.6,42,1,3129.4,19,1,3129.3,108,3,3129.2,19,1,3129.8,12,1,3129.9,6,1,3130.0,3170,14,3130.1,1,1,3130.6,21,1
2031,2026-06-16 11:31:45+05:30,3129.8,4,3130.54,1641286,137683.0,207748.0,3163.0,3163.0,3108.0,3134.3,31915200,3447.7,2820.9,3839.9,2896.0,3129.7,68,5,3129.6,42,1,3129.4,19,1,3129.3,108,3,3129.2,19,1,3129.8,12,1,3129.9,6,1,3130.0,3170,14,3130.1,1,1,3130.6,21,1
2031,2026-06-16 11:31:45+05:30,3129.8,2,3130.54,1641286,137683.0,207748.0,3163.0,3163.0,3108.0,3134.3,31915200,3447.7,2820.9,3839.9,2896.0,3129.7,68,5,3129.6,42,1,3129.4,19,1,3129.3,108,3,3129.2,19,1,3129.8,12,1,3129.9,6,1,3130.0,3170,14,3130.1,1,1,3130.6,21,1
2031,2026-06-16 11:31:46+05:30,3129.5,7,3130.54,1641430,137034.0,206378.0,3163.0,3163.0,3108.0,3134.3,31915200,3447.7,2820.9,3839.9,2896.0,3129.5,10,1,3129.4,21,1,3129.3,106,3,3129.1,130,4,3129.0,43,4,3129.8,19,1,3129.9,6,1,3130.0,3189,15,3130.1,1,1,3130.6,21,1
2031,2026-06-16 11:31:46+05:30,3129.5,7,3130.54,1641430,137034.0,206378.0,3163.0,3163.0,3108.0,3134.3,31915200,3447.7,2820.9,3839.9,2896.0,3129.5,10,1,3129.4,21,1,3129.3,106,3,3129.1,130,4,3129.0,43,4,3129.8,19,1,3129.9,6,1,3130.0,3189,15,3130.1,1,1,3130.6,21,1
2031,2026-06-16 11:31:47+05:30,3129.7,15,3130.54,1641445,137483.0,206604.0,3163.0,3163.0,3108.0,3134.3,31915200,3447.7,2820.9,3839.9,2896.0,3129.7,4,2,3129.4,40,2,3129.3,122,3,3129.2,19,1,3129.1,95,3,3129.8,19,1,3129.9,6,1,3130.0,3189,15,3130.1,1,1,3130.6,21,1
2031,2026-06-16 11:31:47+05:30,3129.7,15,3130.54,1641445,137483.0,206604.0,3163.0,3163.0,3108.0,3134.3,31915200,3447.7,2820.9,3839.9,2896.0,3129.7,4,2,3129.4,40,2,3129.3,122,3,3129.2,19,1,3129.1,95,3,3129.8,19,1,3129.9,6,1,3130.0,3189,15,3130.1,1,1,3130.6,21,1
2031,2026-06-16 11:31:47+05:30,3129.7,15,3130.54,1641445,137483.0,206604.0,3163.0,3163.0,3108.0,3134.3,31915200,3447.7,2820.9,3839.9,2896.0,3129.7,4,2,3129.4,40,2,3129.3,122,3,3129.2,19,1,3129.1,95,3,3129.8,19,1,3129.9,6,1,3130.0,3189,15,3130.1,1,1,3130.6,21,1
2031,2026-06-16 11:31:48+05:30,3129.7,2,3130.54,1641448,137401.0,206754.0,3163.0,3163.0,3108.0,3134.3,31915200,3447.7,2820.9,3839.9,2896.0,3129.7,2,1,3129.4,21,1,3129.3,139,4,3129.2,19,1,3129.1,95,3,3129.8,18,1,3129.9,7,2,3130.0,3189,15,3130.1,2,2,3130.6,21,1
2031,2026-06-16 11:31:48+05:30,3129.7,2,3130.54,1641448,137401.0,206754.0,3163.0,3163.0,3108.0,3134.3,31915200,3447.7,2820.9,3839.9,2896.0,3129.7,2,1,3129.4,21,1,3129.3,139,4,3129.2,19,1,3129.1,95,3,3129.8,18,1,3129.9,7,2,3130.0,3189,15,3130.1,2,2,3130.6,21,1
2031,2026-06-16 11:31:49+05:30,3129.7,2,3130.54,1641448,137401.0,206754.0,3163.0,3163.0,3108.0,3134.3,31915200,3447.7,2820.9,3839.9,2896.0,3129.7,2,1,3129.4,21,1,3129.3,139,4,3129.2,19,1,3129.1,95,3,3129.8,18,1,3129.9,7,2,3130.0,3189,15,3130.1,2,2,3130.6,21,1
2031,2026-06-16 11:31:49+05:30,3129.7,2,3130.54,1641448,137333.0,206775.0,3163.0,3163.0,3108.0,3134.3,31915200,3447.7,2820.9,3839.9,2896.0,3129.7,2,1,3129.5,21,1,3129.3,104,3,3129.2,19,1,3129.1,62,2,3129.8,58,2,3129.9,7,2,3130.0,3189,15,3130.1,2,2,3130.6,21,1
2031,2026-06-16 11:31:49+05:30,3129.7,4,3130.54,1641448,137333.0,206775.0,3163.0,3163.0,3108.0,3134.3,31915200,3447.7,2820.9,3839.9,2896.0,3129.7,2,1,3129.5,21,1,3129.3,104,3,3129.2,19,1,3129.1,62,2,3129.8,58,2,3129.9,7,2,3130.0,3189,15,3130.1,2,2,3130.6,21,1
2031,2026-06-16 11:31:50+05:30,3129.8,12,3130.54,1641565,137405.0,206862.0,3163.0,3163.0,3108.0,3134.3,31915200,3447.7,2820.9,3839.9,2896.0,3129.7,2,1,3129.5,40,2,3129.3,141,4,3129.1,12,1,3129.0,133,7,3129.9,7,2,3130.0,3189,15,3130.1,2,2,3130.6,21,1,3130.7,669,4
2031,2026-06-16 11:31:50+05:30,3129.9,1,3130.54,1641565,137405.0,206862.0,3163.0,3163.0,3108.0,3134.3,31915200,3447.7,2820.9,3839.9,2896.0,3129.7,2,1,3129.5,40,2,3129.3,141,4,3129.1,12,1,3129.0,133,7,3129.9,7,2,3130.0,3189,15,3130.1,2,2,3130.6,21,1,3130.7,669,4
2031,2026-06-16 11:31:51+05:30,3129.9,1,3130.54,1641565,137405.0,206862.0,3163.0,3163.0,3108.0,3134.3,31915200,3447.7,2820.9,3839.9,2896.0,3129.7,2,1,3129.5,40,2,3129.3,141,4,3129.1,12,1,3129.0,133,7,3129.9,7,2,3130.0,3189,15,3130.1,2,2,3130.6,21,1,3130.7,669,4
2031,2026-06-16 11:31:51+05:30,3130.0,1313,3130.54,1642891,137317.0,204489.0,3163.0,3163.0,3108.0,3134.3,31915200,3447.7,2820.9,3839.9,2896.0,3129.7,2,1,3129.5,109,5,3129.4,7,1,3129.3,129,4,3129.2,78,3,3130.0,1876,15,3130.1,2,2,3130.6,21,1,3130.7,669,4,3130.8,21,1
2031,2026-06-16 11:31:51+05:30,3130.0,1313,3130.54,1642891,137317.0,204489.0,3163.0,3163.0,3108.0,3134.3,31915200,3447.7,2820.9,3839.9,2896.0,3129.7,2,1,3129.5,109,5,3129.4,7,1,3129.3,129,4,3129.2,78,3,3130.0,1876,15,3130.1,2,2,3130.6,21,1,3130.7,669,4,3130.8,21,1
2031,2026-06-16 11:31:52+05:30,3129.9,5,3130.54,1642896,137432.0,204524.0,3163.0,3163.0,3108.0,3134.3,31915200,3447.7,2820.9,3839.9,2896.0,3129.7,49,4,3129.6,21,1,3129.5,15,1,3129.4,65,3,3129.3,129,4,3129.9,141,1,3130.0,1876,15,3130.1,2,2,3130.6,21,1,3130.7,669,4
2031,2026-06-16 11:31:52+05:30,3129.9,5,3130.54,1642896,137432.0,204524.0,3163.0,3163.0,3108.0,3134.3,31915200,3447.7,2820.9,3839.9,2896.0,3129.7,49,4,3129.6,21,1,3129.5,15,1,3129.4,65,3,3129.3,129,4,3129.9,141,1,3130.0,1876,15,3130.1,2,2,3130.6,21,1,3130.7,669,4
2031,2026-06-16 11:31:52+05:30,3129.9,5,3130.54,1642896,137432.0,204524.0,3163.0,3163.0,3108.0,3134.3,31915200,3447.7,2820.9,3839.9,2896.0,3129.7,49,4,3129.6,21,1,3129.5,15,1,3129.4,65,3,3129.3,129,4,3129.9,141,1,3130.0,1876,15,3130.1,2,2,3130.6,21,1,3130.7,669,4
2031,2026-06-16 11:31:53+05:30,3129.9,1,3130.54,1642897,137480.0,204773.0,3163.0,3163.0,3108.0,3134.3,31915200,3447.7,2820.9,3839.9,2896.0,3129.7,97,5,3129.6,21,1,3129.5,15,1,3129.4,65,3,3129.3,129,4,3129.9,180,2,3130.0,1876,15,3130.1,2,2,3130.6,21,1,3130.7,669,4
2031,2026-06-16 11:31:53+05:30,3129.9,1,3130.54,1642897,137480.0,204773.0,3163.0,3163.0,3108.0,3134.3,31915200,3447.7,2820.9,3839.9,2896.0,3129.7,97,5,3129.6,21,1,3129.5,15,1,3129.4,65,3,3129.3,129,4,3129.9,180,2,3130.0,1876,15,3130.1,2,2,3130.6,21,1,3130.7,669,4
2031,2026-06-16 11:31:53+05:30,3129.9,1,3130.54,1642897,137480.0,204773.0,3163.0,3163.0,3108.0,3134.3,31915200,3447.7,2820.9,3839.9,2896.0,3129.7,97,5,3129.6,21,1,3129.5,15,1,3129.4,65,3,3129.3,129,4,3129.9,180,2,3130.0,1876,15,3130.1,2,2,3130.6,21,1,3130.7,669,4
2031,2026-06-16 11:31:54+05:30,3129.8,1,3130.54,1643038,137509.0,204968.0,3163.0,3163.0,3108.0,3134.3,31915200,3447.7,2820.9,3839.9,2896.0,3129.7,72,4,3129.4,54,3,3129.3,108,3,3129.2,78,3,3129.1,182,4,3129.9,40,1,3130.0,1920,16,3130.1,2,2,3130.6,21,1,3130.7,669,4
2031,2026-06-16 11:31:54+05:30,3129.7,4,3130.54,1643038,137509.0,204968.0,3163.0,3163.0,3108.0,3134.3,31915200,3447.7,2820.9,3839.9,2896.0,3129.7,72,4,3129.4,54,3,3129.3,108,3,3129.2,78,3,3129.1,182,4,3129.9,40,1,3130.0,1920,16,3130.1,2,2,3130.6,21,1,3130.7,669,4
2031,2026-06-16 11:31:54+05:30,3129.7,4,3130.54,1643038,137509.0,204968.0,3163.0,3163.0,3108.0,3134.3,31915200,3447.7,2820.9,3839.9,2896.0,3129.7,72,4,3129.4,54,3,3129.3,108,3,3129.2,78,3,3129.1,182,4,3129.9,40,1,3130.0,1920,16,3130.1,2,2,3130.6,21,1,3130.7,669,4
2031,2026-06-16 11:31:55+05:30,3129.7,4,3130.54,1643038,137509.0,204968.0,3163.0,3163.0,3108.0,3134.3,31915200,3447.7,2820.9,3839.9,2896.0,3129.7,72,4,3129.4,54,3,3129.3,108,3,3129.2,78,3,3129.1,182,4,3129.9,40,1,3130.0,1920,16,3130.1,2,2,3130.6,21,1,3130.7,669,4
2031,2026-06-16 11:31:55+05:30,3129.8,1,3130.54,1643063,137481.0,204603.0,3163.0,3163.0,3108.0,3134.3,31915200,3447.7,2820.9,3839.9,2896.0,3129.7,105,5,3129.4,66,4,3129.3,108,3,3129.2,78,3,3129.1,232,5,3129.8,17,1,3129.9,20,1,3130.0,1920,16,3130.1,2,2,3130.6,21,1
2031,2026-06-16 11:31:55+05:30,3129.8,1,3130.54,1643063,137481.0,204603.0,3163.0,3163.0,3108.0,3134.3,31915200,3447.7,2820.9,3839.9,2896.0,3129.7,105,5,3129.4,66,4,3129.3,108,3,3129.2,78,3,3129.1,232,5,3129.8,17,1,3129.9,20,1,3130.0,1920,16,3130.1,2,2,3130.6,21,1
2031,2026-06-16 11:31:55+05:30,3129.8,1,3130.54,1643063,137481.0,204603.0,3163.0,3163.0,3108.0,3134.3,31915200,3447.7,2820.9,3839.9,2896.0,3129.7,105,5,3129.4,66,4,3129.3,108,3,3129.2,78,3,3129.1,232,5,3129.8,17,1,3129.9,20,1,3130.0,1920,16,3130.1,2,2,3130.6,21,1
2031,2026-06-16 11:31:56+05:30,3129.8,1,3130.54,1643063,137481.0,204603.0,3163.0,3163.0,3108.0,3134.3,31915200,3447.7,2820.9,3839.9,2896.0,3129.7,105,5,3129.4,66,4,3129.3,108,3,3129.2,78,3,3129.1,232,5,3129.8,17,1,3129.9,20,1,3130.0,1920,16,3130.1,2,2,3130.6,21,1
2031,2026-06-16 11:31:56+05:30,3129.8,1,3130.54,1643063,137428.0,204570.0,3163.0,3163.0,3108.0,3134.3,31915200,3447.7,2820.9,3839.9,2896.0,3129.7,105,5,3129.4,54,3,3129.3,123,4,3129.2,104,4,3129.1,85,3,3129.8,18,2,3130.0,1920,16,3130.1,2,2,3130.6,21,1,3130.7,669,4
2031,2026-06-16 11:31:56+05:30,3129.8,3,3130.54,1643063,137428.0,204570.0,3163.0,3163.0,3108.0,3134.3,31915200,3447.7,2820.9,3839.9,2896.0,3129.7,105,5,3129.4,54,3,3129.3,123,4,3129.2,104,4,3129.1,85,3,3129.8,18,2,3130.0,1920,16,3130.1,2,2,3130.6,21,1,3130.7,669,4
2031,2026-06-16 11:31:56+05:30,3129.8,3,3130.54,1643063,137428.0,204570.0,3163.0,3163.0,3108.0,3134.3,31915200,3447.7,2820.9,3839.9,2896.0,3129.7,105,5,3129.4,54,3,3129.3,123,4,3129.2,104,4,3129.1,85,3,3129.8,18,2,3130.0,1920,16,3130.1,2,2,3130.6,21,1,3130.7,669,4
2031,2026-06-16 11:31:57+05:30,3129.8,1,3130.54,1643087,137482.0,204631.0,3163.0,3163.0,3108.0,3134.3,31915200,3447.7,2820.9,3839.9,2896.0,3129.7,50,2,3129.6,54,2,3129.4,47,2,3129.3,108,3,3129.2,104,4,3129.8,80,3,3130.0,1920,16,3130.1,2,2,3130.6,21,1,3130.7,669,4
2031,2026-06-16 11:31:57+05:30,3129.8,1,3130.54,1643087,137482.0,204631.0,3163.0,3163.0,3108.0,3134.3,31915200,3447.7,2820.9,3839.9,2896.0,3129.7,50,2,3129.6,54,2,3129.4,47,2,3129.3,108,3,3129.2,104,4,3129.8,80,3,3130.0,1920,16,3130.1,2,2,3130.6,21,1,3130.7,669,4
2031,2026-06-16 11:31:57+05:30,3129.8,1,3130.54,1643087,137482.0,204631.0,3163.0,3163.0,3108.0,3134.3,31915200,3447.7,2820.9,3839.9,2896.0,3129.7,50,2,3129.6,54,2,3129.4,47,2,3129.3,108,3,3129.2,104,4,3129.8,80,3,3130.0,1920,16,3130.1,2,2,3130.6,21,1,3130.7,669,4
2031,2026-06-16 11:31:58+05:30,3129.8,1,3130.54,1643087,137312.0,206151.0,3163.0,3163.0,3108.0,3134.3,31915200,3447.7,2820.9,3839.9,2896.0,3129.7,50,2,3129.3,87,2,3129.2,26,1,3129.1,89,3,3129.0,25,3,3129.8,2093,5,3130.0,1920,16,3130.1,2,2,3130.5,45,1,3130.6,21,1
2031,2026-06-16 11:31:58+05:30,3129.8,1,3130.54,1643087,137312.0,206151.0,3163.0,3163.0,3108.0,3134.3,31915200,3447.7,2820.9,3839.9,2896.0,3129.7,50,2,3129.3,87,2,3129.2,26,1,3129.1,89,3,3129.0,25,3,3129.8,2093,5,3130.0,1920,16,3130.1,2,2,3130.5,45,1,3130.6,21,1
2031,2026-06-16 11:31:58+05:30,3129.8,1,3130.54,1643087,137312.0,206151.0,3163.0,3163.0,3108.0,3134.3,31915200,3447.7,2820.9,3839.9,2896.0,3129.7,50,2,3129.3,87,2,3129.2,26,1,3129.1,89,3,3129.0,25,3,3129.8,2093,5,3130.0,1920,16,3130.1,2,2,3130.5,45,1,3130.6,21,1
2031,2026-06-16 11:31:59+05:30,3129.8,1,3130.54,1643087,137312.0,206151.0,3163.0,3163.0,3108.0,3134.3,31915200,3447.7,2820.9,3839.9,2896.0,3129.7,50,2,3129.3,87,2,3129.2,26,1,3129.1,89,3,3129.0,25,3,3129.8,2093,5,3130.0,1920,16,3130.1,2,2,3130.5,45,1,3130.6,21,1
2031,2026-06-16 11:31:59+05:30,3129.7,4,3130.54,1643093,137207.0,206843.0,3163.0,3163.0,3108.0,3134.3,31915200,3447.7,2820.9,3839.9,2896.0,3129.7,45,2,3129.3,105,3,3129.2,26,1,3129.1,58,2,3129.0,25,3,3129.8,2092,5,3130.0,1920,16,3130.1,2,2,3130.3,44,1,3130.5,56,2
2031,2026-06-16 11:31:59+05:30,3129.7,4,3130.54,1643093,137207.0,206843.0,3163.0,3163.0,3108.0,3134.3,31915200,3447.7,2820.9,3839.9,2896.0,3129.7,45,2,3129.3,105,3,3129.2,26,1,3129.1,58,2,3129.0,25,3,3129.8,2092,5,3130.0,1920,16,3130.1,2,2,3130.3,44,1,3130.5,56,2
2031,2026-06-16 11:32:00+05:30,3129.7,4,3130.54,1643093,137207.0,206843.0,3163.0,3163.0,3108.0,3134.3,31915200,3447.7,2820.9,3839.9,2896.0,3129.7,45,2,3129.3,105,3,3129.2,26,1,3129.1,58,2,3129.0,25,3,3129.8,2092,5,3130.0,1920,16,3130.1,2,2,3130.3,44,1,3130.5,56,2
2031,2026-06-16 11:32:00+05:30,3129.8,2,3130.54,1643260,136978.0,206272.0,3163.0,3163.0,3108.0,3134.3,31915200,3447.7,2820.9,3839.9,2896.0,3129.7,58,4,3129.3,87,2,3129.2,26,1,3129.1,58,2,3129.0,56,4,3129.8,1941,3,3130.0,1920,16,3130.1,2,2,3130.3,44,1,3130.5,37,1
2031,2026-06-16 11:32:00+05:30,3129.8,2,3130.54,1643260,136978.0,206272.0,3163.0,3163.0,3108.0,3134.3,31915200,3447.7,2820.9,3839.9,2896.0,3129.7,58,4,3129.3,87,2,3129.2,26,1,3129.1,58,2,3129.0,56,4,3129.8,1941,3,3130.0,1920,16,3130.1,2,2,3130.3,44,1,3130.5,37,1
2031,2026-06-16 11:32:00+05:30,3129.8,2,3130.54,1643260,136978.0,206272.0,3163.0,3163.0,3108.0,3134.3,31915200,3447.7,2820.9,3839.9,2896.0,3129.7,58,4,3129.3,87,2,3129.2,26,1,3129.1,58,2,3129.0,56,4,3129.8,1941,3,3130.0,1920,16,3130.1,2,2,3130.3,44,1,3130.5,37,1
2031,2026-06-16 11:32:01+05:30,3129.7,18,3130.54,1643278,137200.0,206648.0,3163.0,3163.0,3108.0,3134.3,31915200,3447.7,2820.9,3839.9,2896.0,3129.7,40,4,3129.3,87,2,3129.2,26,1,3129.1,58,2,3129.0,25,3,3129.8,1926,2,3130.0,1920,16,3130.1,2,2,3130.3,44,1,3130.5,56,2
2031,2026-06-16 11:32:01+05:30,3129.7,18,3130.54,1643278,137200.0,206648.0,3163.0,3163.0,3108.0,3134.3,31915200,3447.7,2820.9,3839.9,2896.0,3129.7,40,4,3129.3,87,2,3129.2,26,1,3129.1,58,2,3129.0,25,3,3129.8,1926,2,3130.0,1920,16,3130.1,2,2,3130.3,44,1,3130.5,56,2
2031,2026-06-16 11:32:01+05:30,3129.7,18,3130.54,1643278,137200.0,206648.0,3163.0,3163.0,3108.0,3134.3,31913400,3447.7,2820.9,3839.9,2896.0,3129.7,40,4,3129.3,87,2,3129.2,26,1,3129.1,58,2,3129.0,25,3,3129.8,1926,2,3130.0,1920,16,3130.1,2,2,3130.3,44,1,3130.5,56,2
2031,2026-06-16 11:32:02+05:30,3129.8,171,3130.54,1643451,137182.0,206478.0,3163.0,3163.0,3108.0,3134.3,31913400,3447.7,2820.9,3839.9,2896.0,3129.7,22,3,3129.3,87,2,3129.2,26,1,3129.1,58,2,3129.0,25,3,3129.8,1755,2,3130.0,1920,16,3130.1,2,2,3130.3,44,1,3130.5,56,2
2031,2026-06-16 11:32:02+05:30,3129.8,171,3130.54,1643451,137182.0,206478.0,3163.0,3163.0,3108.0,3134.3,31913400,3447.7,2820.9,3839.9,2896.0,3129.7,22,3,3129.3,87,2,3129.2,26,1,3129.1,58,2,3129.0,25,3,3129.8,1755,2,3130.0,1920,16,3130.1,2,2,3130.3,44,1,3130.5,56,2
2031,2026-06-16 11:32:03+05:30,3129.7,2,3130.54,1643470,137366.0,206482.0,3163.0,3163.0,3108.0,3134.3,31913400,3447.7,2820.9,3839.9,2896.0,3129.7,3,2,3129.3,87,2,3129.2,26,1,3129.1,58,2,3129.0,57,4,3129.8,1755,2,3130.0,1920,16,3130.1,2,2,3130.3,44,1,3130.5,56,2
2031,2026-06-16 11:32:03+05:30,3129.7,2,3130.54,1643470,137366.0,206482.0,3163.0,3163.0,3108.0,3134.3,31913400,3447.7,2820.9,3839.9,2896.0,3129.7,3,2,3129.3,87,2,3129.2,26,1,3129.1,58,2,3129.0,57,4,3129.8,1755,2,3130.0,1920,16,3130.1,2,2,3130.3,44,1,3130.5,56,2
2031,2026-06-16 11:32:04+05:30,3129.7,1,3130.54,1643475,137377.0,206458.0,3163.0,3163.0,3108.0,3134.3,31913400,3447.7,2820.9,3839.9,2896.0,3129.7,5,2,3129.3,87,2,3129.2,26,1,3129.1,58,2,3129.0,80,6,3129.8,1773,3,3130.0,1920,16,3130.1,2,2,3130.5,80,2,3130.6,295,4
2031,2026-06-16 11:32:04+05:30,3129.8,2,3130.54,1643475,137377.0,206458.0,3163.0,3163.0,3108.0,3134.3,31913400,3447.7,2820.9,3839.9,2896.0,3129.7,5,2,3129.3,87,2,3129.2,26,1,3129.1,58,2,3129.0,80,6,3129.8,1773,3,3130.0,1920,16,3130.1,2,2,3130.5,80,2,3130.6,295,4
2031,2026-06-16 11:32:05+05:30,3129.7,1,3130.54,1643483,137341.0,206420.0,3163.0,3163.0,3108.0,3134.3,31913400,3447.7,2820.9,3839.9,2896.0,3129.7,5,2,3129.3,87,2,3129.2,26,1,3129.1,58,2,3129.0,48,5,3129.8,1795,4,3130.0,1920,16,3130.1,2,2,3130.4,43,1,3130.5,56,2
2031,2026-06-16 11:32:05+05:30,3129.7,1,3130.54,1643483,137341.0,206420.0,3163.0,3163.0,3108.0,3134.3,31913400,3447.7,2820.9,3839.9,2896.0,3129.7,5,2,3129.3,87,2,3129.2,26,1,3129.1,58,2,3129.0,48,5,3129.8,1795,4,3130.0,1920,16,3130.1,2,2,3130.4,43,1,3130.5,56,2
2031,2026-06-16 11:32:06+05:30,3129.7,1,3130.54,1643483,137114.0,206555.0,3163.0,3163.0,3108.0,3134.3,31913400,3447.7,2820.9,3839.9,2896.0,3129.7,23,3,3129.3,87,2,3129.2,26,1,3129.1,58,2,3129.0,22,3,3129.8,1795,4,3129.9,50,1,3130.0,1920,16,3130.1,2,2,3130.2,61,2
2031,2026-06-16 11:32:07+05:30,3129.7,1,3130.54,1643483,137323.0,206549.0,3163.0,3163.0,3108.0,3134.3,31913400,3447.7,2820.9,3839.9,2896.0,3129.7,23,3,3129.3,87,2,3129.2,26,1,3129.1,58,2,3129.0,43,4,3129.8,1795,4,3129.9,50,1,3130.0,1920,16,3130.1,2,2,3130.2,61,2
2031,2026-06-16 11:32:08+05:30,3129.7,1,3130.54,1643483,137297.0,206551.0,3163.0,3163.0,3108.0,3134.3,31913400,3447.7,2820.9,3839.9,2896.0,3129.7,23,3,3129.3,87,2,3129.2,26,1,3129.1,58,2,3129.0,43,4,3129.8,1795,4,3129.9,50,1,3130.0,1920,16,3130.1,2,2,3130.2,61,2
2031,2026-06-16 11:32:09+05:30,3129.7,3,3130.54,1643488,137084.0,206503.0,3163.0,3163.0,3108.0,3134.3,31913400,3447.7,2820.9,3839.9,2896.0,3129.7,20,3,3129.3,87,2,3129.2,26,1,3129.1,58,2,3129.0,43,4,3129.8,1833,5,3129.9,50,1,3130.0,1920,16,3130.1,63,4,3130.2,19,1
2031,2026-06-16 11:32:09+05:30,3129.8,183,3130.54,1643488,137084.0,206503.0,3163.0,3163.0,3108.0,3134.3,31913400,3447.7,2820.9,3839.9,2896.0,3129.7,20,3,3129.3,87,2,3129.2,26,1,3129.1,58,2,3129.0,43,4,3129.8,1833,5,3129.9,50,1,3130.0,1920,16,3130.1,63,4,3130.2,19,1
2031,2026-06-16 11:32:10+05:30,3129.8,1,3130.54,1643694,137035.0,206376.0,3163.0,3163.0,3108.0,3134.3,31913400,3447.7,2820.9,3839.9,2896.0,3129.7,3,1,3129.3,87,2,3129.2,26,1,3129.1,58,2,3129.0,43,4,3129.8,1648,5,3129.9,78,3,3130.0,1962,17,3130.1,21,3,3130.2,61,2
2031,2026-06-16 11:32:10+05:30,3129.8,1,3130.54,1643694,137035.0,206376.0,3163.0,3163.0,3108.0,3134.3,31913400,3447.7,2820.9,3839.9,2896.0,3129.7,3,1,3129.3,87,2,3129.2,26,1,3129.1,58,2,3129.0,43,4,3129.8,1648,5,3129.9,78,3,3130.0,1962,17,3130.1,21,3,3130.2,61,2
2031,2026-06-16 11:32:11+05:30,3129.7,2,3130.54,1643696,137032.0,206453.0,3163.0,3163.0,3108.0,3134.3,31913400,3447.7,2820.9,3839.9,2896.0,3129.7,1,1,3129.3,87,2,3129.2,26,1,3129.1,58,2,3129.0,1043,5,3129.8,1722,8,3129.9,59,2,3130.0,1981,18,3130.1,21,3,3130.2,61,2
2031,2026-06-16 11:32:11+05:30,3129.7,2,3130.54,1643696,137032.0,206453.0,3163.0,3163.0,3108.0,3134.3,31913400,3447.7,2820.9,3839.9,2896.0,3129.7,1,1,3129.3,87,2,3129.2,26,1,3129.1,58,2,3129.0,1043,5,3129.8,1722,8,3129.9,59,2,3130.0,1981,18,3130.1,21,3,3130.2,61,2
2031,2026-06-16 11:32:12+05:30,3129.7,2,3130.54,1643696,137037.0,206446.0,3163.0,3163.0,3108.0,3134.3,31913400,3447.7,2820.9,3839.9,2896.0,3129.7,1,1,3129.3,87,2,3129.2,26,1,3129.1,58,2,3129.0,1043,5,3129.8,1722,8,3129.9,59,2,3130.0,1981,18,3130.1,21,3,3130.2,61,2
2031,2026-06-16 11:32:13+05:30,3129.7,1,3130.54,1643697,136999.0,206454.0,3163.0,3163.0,3108.0,3134.3,31913400,3447.7,2820.9,3839.9,2896.0,3129.7,4,1,3129.3,87,2,3129.2,26,1,3129.1,58,2,3129.0,1043,5,3129.8,1730,8,3129.9,59,2,3130.0,1981,18,3130.1,21,3,3130.2,61,2
2031,2026-06-16 11:32:13+05:30,3129.7,1,3130.54,1643697,136999.0,206454.0,3163.0,3163.0,3108.0,3134.3,31913400,3447.7,2820.9,3839.9,2896.0,3129.7,4,1,3129.3,87,2,3129.2,26,1,3129.1,58,2,3129.0,1043,5,3129.8,1730,8,3129.9,59,2,3130.0,1981,18,3130.1,21,3,3130.2,61,2
2031,2026-06-16 11:32:14+05:30,3129.8,1,3130.54,1643774,136371.0,206482.0,3163.0,3163.0,3108.0,3134.3,31913400,3447.7,2820.9,3839.9,2896.0,3129.3,87,2,3129.1,12,1,3129.0,1012,3,3128.9,19,2,3128.7,42,2,3129.7,1,1,3129.8,1729,8,3129.9,59,2,3130.0,1981,18,3130.1,21,3
2031,2026-06-16 11:32:14+05:30,3129.8,1,3130.54,1643774,136371.0,206482.0,3163.0,3163.0,3108.0,3134.3,31913400,3447.7,2820.9,3839.9,2896.0,3129.3,87,2,3129.1,12,1,3129.0,1012,3,3128.9,19,2,3128.7,42,2,3129.7,1,1,3129.8,1729,8,3129.9,59,2,3130.0,1981,18,3130.1,21,3
2031,2026-06-16 11:32:15+05:30,3129.7,27,3130.54,1643977,136411.0,206483.0,3163.0,3163.0,3108.0,3134.3,31913400,3447.7,2820.9,3839.9,2896.0,3129.5,2,2,3129.3,88,3,3129.1,12,1,3129.0,1036,3,3128.9,19,2,3129.8,1679,6,3129.9,50,1,3130.0,1962,17,3130.1,2,2,3130.2,42,1
2031,2026-06-16 11:32:15+05:30,3129.7,2,3130.54,1643977,136411.0,206483.0,3163.0,3163.0,3108.0,3134.3,31913400,3447.7,2820.9,3839.9,2896.0,3129.5,2,2,3129.3,88,3,3129.1,12,1,3129.0,1036,3,3128.9,19,2,3129.8,1679,6,3129.9,50,1,3130.0,1962,17,3130.1,2,2,3130.2,42,1
2031,2026-06-16 11:32:16+05:30,3129.7,1,3130.54,1643980,136541.0,206362.0,3163.0,3163.0,3108.0,3134.3,31913400,3447.7,2820.9,3839.9,2896.0,3129.5,42,3,3129.3,88,3,3129.2,6,1,3129.1,12,1,3129.0,1011,3,3129.7,3,1,3129.8,1679,6,3129.9,50,1,3130.0,1920,16,3130.1,2,2
2031,2026-06-16 11:32:16+05:30,3129.7,1,3130.54,1643980,136541.0,206362.0,3163.0,3163.0,3108.0,3134.3,31913400,3447.7,2820.9,3839.9,2896.0,3129.5,42,3,3129.3,88,3,3129.2,6,1,3129.1,12,1,3129.0,1011,3,3129.7,3,1,3129.8,1679,6,3129.9,50,1,3130.0,1920,16,3130.1,2,2
2031,2026-06-16 11:32:17+05:30,3129.8,1,3130.54,1643980,136541.0,206362.0,3163.0,3163.0,3108.0,3134.3,31913400,3447.7,2820.9,3839.9,2896.0,3129.5,42,3,3129.3,88,3,3129.1,12,1,3129.0,1011,3,3128.9,19,2,3129.7,18,2,3129.8,1505,5,3129.9,50,1,3130.0,1920,16,3130.1,42,3
2031,2026-06-16 11:32:17+05:30,3129.8,1,3130.54,1644132,136571.0,206063.0,3163.0,3163.0,3108.0,3134.3,31913400,3447.7,2820.9,3839.9,2896.0,3129.5,42,3,3129.3,88,3,3129.1,12,1,3129.0,1011,3,3128.9,19,2,3129.7,18,2,3129.8,1505,5,3129.9,50,1,3130.0,1920,16,3130.1,42,3
2031,2026-06-16 11:32:18+05:30,3129.0,18,3130.54,1644132,136571.0,206063.0,3163.0,3163.0,3108.0,3134.3,31913400,3447.7,2820.9,3839.9,2896.0,3129.5,42,3,3129.3,88,3,3129.1,12,1,3129.0,1011,3,3128.9,19,2,3129.7,18,2,3129.8,1505,5,3129.9,50,1,3130.0,1920,16,3130.1,42,3
2031,2026-06-16 11:32:18+05:30,3129.0,18,3130.54,1644309,135890.0,206544.0,3163.0,3163.0,3108.0,3134.3,31913400,3447.7,2820.9,3839.9,2896.0,3129.0,988,2,3128.9,19,2,3128.7,12,1,3128.6,13,1,3128.5,14,1,3129.5,58,4,3129.6,16,2,3129.7,11,2,3129.8,1564,7,3129.9,79,2
2031,2026-06-16 11:32:19+05:30,3129.0,4,3130.54,1644309,135890.0,206544.0,3163.0,3163.0,3108.0,3134.3,31913400,3447.7,2820.9,3839.9,2896.0,3129.0,988,2,3128.9,19,2,3128.7,12,1,3128.6,13,1,3128.5,14,1,3129.5,58,4,3129.6,16,2,3129.7,11,2,3129.8,1564,7,3129.9,79,2
2031,2026-06-16 11:32:19+05:30,3129.2,1,3130.54,1644327,135192.0,206845.0,3163.0,3163.0,3108.0,3134.3,31913400,3447.7,2820.9,3839.9,2896.0,3129.0,1072,3,3128.9,19,2,3128.7,12,1,3128.6,13,1,3128.5,14,1,3129.2,19,1,3129.4,59,2,3129.5,25,2,3129.6,75,4,3129.7,9,1
2031,2026-06-16 11:32:20+05:30,3129.0,19,3130.54,1644327,135192.0,206845.0,3163.0,3163.0,3108.0,3134.3,31913400,3447.7,2820.9,3839.9,2896.0,3129.0,1072,3,3128.9,19,2,3128.7,12,1,3128.6,13,1,3128.5,14,1,3129.2,19,1,3129.4,59,2,3129.5,25,2,3129.6,75,4,3129.7,9,1
2031,2026-06-16 11:32:20+05:30,3129.0,19,3130.54,1644346,135222.0,206784.0,3163.0,3163.0,3108.0,3134.3,31913400,3447.7,2820.9,3839.9,2896.0,3129.0,1053,3,3128.9,36,3,3128.7,12,1,3128.6,13,1,3128.5,66,2,3129.1,2,1,3129.4,40,1,3129.5,25,2,3129.6,75,4,3129.7,11,2
2031,2026-06-16 11:32:21+05:30,3129.0,2,3130.54,1644346,135222.0,206784.0,3163.0,3163.0,3108.0,3134.3,31913400,3447.7,2820.9,3839.9,2896.0,3129.0,1053,3,3128.9,36,3,3128.7,12,1,3128.6,13,1,3128.5,66,2,3129.1,2,1,3129.4,40,1,3129.5,25,2,3129.6,75,4,3129.7,11,2
2031,2026-06-16 11:32:21+05:30,3129.0,2,3130.54,1644348,135382.0,206781.0,3163.0,3163.0,3108.0,3134.3,31913400,3447.7,2820.9,3839.9,2896.0,3129.0,1051,3,3128.9,36,3,3128.6,13,1,3128.5,66,2,3128.4,21,1,3129.1,3,2,3129.4,40,1,3129.5,11,1,3129.6,75,4,3129.7,2,1
2031,2026-06-16 11:32:22+05:30,3129.0,2,3130.54,1644348,135383.0,206776.0,3163.0,3163.0,3108.0,3134.3,31913400,3447.7,2820.9,3839.9,2896.0,3129.0,1051,3,3128.9,22,2,3128.6,13,1,3128.5,66,2,3128.4,21,1,3129.1,37,3,3129.3,40,1,3129.5,11,1,3129.6,75,4,3129.7,2,1
2031,2026-06-16 11:32:23+05:30,3129.1,1,3130.54,1644348,135383.0,206776.0,3163.0,3163.0,3108.0,3134.3,31913400,3447.7,2820.9,3839.9,2896.0,3129.0,1051,3,3128.9,22,2,3128.6,13,1,3128.5,66,2,3128.4,21,1,3129.1,37,3,3129.3,40,1,3129.5,11,1,3129.6,75,4,3129.7,2,1
2031,2026-06-16 11:32:23+05:30,3129.1,1,3130.54,1644349,135389.0,206578.0,3163.0,3163.0,3108.0,3134.3,31913400,3447.7,2820.9,3839.9,2896.0,3129.0,1051,3,3128.9,22,2,3128.6,13,1,3128.5,66,2,3128.3,88,3,3129.1,59,4,3129.2,40,1,3129.3,15,1,3129.4,57,1,3129.5,11,1
2031,2026-06-16 11:32:24+05:30,3129.1,23,3130.54,1644349,135389.0,206578.0,3163.0,3163.0,3108.0,3134.3,31913400,3447.7,2820.9,3839.9,2896.0,3129.0,1051,3,3128.9,22,2,3128.6,13,1,3128.5,66,2,3128.3,88,3,3129.1,59,4,3129.2,40,1,3129.3,15,1,3129.4,57,1,3129.5,11,1
2031,2026-06-16 11:32:24+05:30,3129.1,23,3130.54,1644412,136142.0,206867.0,3163.0,3163.0,3108.0,3134.3,31913400,3447.7,2820.9,3839.9,2896.0,3129.0,1047,3,3128.9,22,2,3128.6,13,1,3128.5,66,2,3128.4,29,1,3129.5,11,1,3129.6,56,3,3129.7,2,1,3129.8,2545,7,3129.9,79,2
2031,2026-06-16 11:32:25+05:30,3129.4,1,3130.54,1644412,136142.0,206867.0,3163.0,3163.0,3108.0,3134.3,31913400,3447.7,2820.9,3839.9,2896.0,3129.0,1047,3,3128.9,22,2,3128.6,13,1,3128.5,66,2,3128.4,29,1,3129.5,11,1,3129.6,56,3,3129.7,2,1,3129.8,2545,7,3129.9,79,2
2031,2026-06-16 11:32:25+05:30,3129.4,1,3130.54,1644413,136147.0,206914.0,3163.0,3163.0,3108.0,3134.3,31913400,3447.7,2820.9,3839.9,2896.0,3129.0,1052,4,3128.9,22,2,3128.6,13,1,3128.5,66,2,3128.4,29,1,3129.4,6,1,3129.5,37,2,3129.6,56,3,3129.7,2,1,3129.8,2564,8
2031,2026-06-16 11:32:26+05:30,3129.4,1,3130.54,1644413,136150.0,206963.0,3163.0,3163.0,3108.0,3134.3,31913400,3447.7,2820.9,3839.9,2896.0,3129.1,20,1,3129.0,1052,4,3128.9,5,1,3128.6,13,1,3128.5,66,2,3129.4,50,2,3129.5,37,2,3129.6,56,3,3129.7,2,1,3129.8,2545,7
2031,2026-06-16 11:32:27+05:30,3129.0,22,3130.54,1644635,134600.0,207383.0,3163.0,3163.0,3108.0,3134.3,31913400,3447.7,2820.9,3839.9,2896.0,3129.0,1000,4,3128.9,5,1,3128.6,13,1,3128.5,19,2,3128.3,15,1,3129.1,206,2,3129.2,41,2,3129.4,147,5,3129.5,11,1,3129.6,49,3
2031,2026-06-16 11:32:28+05:30,3129.0,22,3130.54,1644635,134600.0,207383.0,3163.0,3163.0,3108.0,3134.3,31913400,3447.7,2820.9,3839.9,2896.0,3129.0,1000,4,3128.9,5,1,3128.6,13,1,3128.5,19,2,3128.3,15,1,3129.1,206,2,3129.2,41,2,3129.4,147,5,3129.5,11,1,3129.6,49,3
2031,2026-06-16 11:32:28+05:30,3129.0,3,3130.54,1644638,134890.0,207381.0,3163.0,3163.0,3108.0,3134.3,31913400,3447.7,2820.9,3839.9,2896.0,3129.0,997,4,3128.9,5,1,3128.6,13,1,3128.5,19,2,3128.3,15,1,3129.1,206,2,3129.2,41,2,3129.4,147,5,3129.5,11,1,3129.6,49,3
2031,2026-06-16 11:32:29+05:30,3129.0,3,3130.54,1644638,134890.0,207381.0,3163.0,3163.0,3108.0,3134.3,31913400,3447.7,2820.9,3839.9,2896.0,3129.0,997,4,3128.9,5,1,3128.6,13,1,3128.5,19,2,3128.3,15,1,3129.1,206,2,3129.2,41,2,3129.4,147,5,3129.5,11,1,3129.6,49,3
2031,2026-06-16 11:32:29+05:30,3129.1,1,3130.54,1644639,134915.0,207389.0,3163.0,3163.0,3108.0,3134.3,31913400,3447.7,2820.9,3839.9,2896.0,3129.0,999,5,3128.9,22,2,3128.6,13,1,3128.5,19,2,3128.3,15,1,3129.1,231,3,3129.2,41,2,3129.4,121,4,3129.5,11,1,3129.6,49,3
2031,2026-06-16 11:32:30+05:30,3129.1,2,3130.54,1644639,134915.0,207389.0,3163.0,3163.0,3108.0,3134.3,31913400,3447.7,2820.9,3839.9,2896.0,3129.0,999,5,3128.9,22,2,3128.6,13,1,3128.5,19,2,3128.3,15,1,3129.1,231,3,3129.2,41,2,3129.4,121,4,3129.5,11,1,3129.6,49,3
2031,2026-06-16 11:32:30+05:30,3129.0,11,3130.54,1644752,135661.0,206869.0,3163.0,3163.0,3108.0,3134.3,31913400,3447.7,2820.9,3839.9,2896.0,3129.0,983,6,3128.9,22,2,3128.7,34,2,3128.6,13,1,3128.5,19,2,3129.1,130,3,3129.4,44,1,3129.5,50,2,3129.6,1,1,3129.7,2,1
2031,2026-06-16 11:32:31+05:30,3129.0,11,3130.54,1644752,135661.0,206869.0,3163.0,3163.0,3108.0,3134.3,31913400,3447.7,2820.9,3839.9,2896.0,3129.0,983,6,3128.9,22,2,3128.7,34,2,3128.6,13,1,3128.5,19,2,3129.1,130,3,3129.4,44,1,3129.5,50,2,3129.6,1,1,3129.7,2,1
2031,2026-06-16 11:32:31+05:30,3129.0,2,3130.54,1644754,135030.0,206841.0,3163.0,3163.0,3108.0,3134.3,31913400,3447.7,2820.9,3839.9,2896.0,3129.0,981,6,3128.9,22,2,3128.7,13,1,3128.6,34,2,3128.5,19,2,3129.1,130,3,3129.4,44,1,3129.5,50,2,3129.6,1,1,3129.7,2,1
2031,2026-06-16 11:32:32+05:30,3129.1,1,3130.54,1644754,135030.0,206841.0,3163.0,3163.0,3108.0,3134.3,31913400,3447.7,2820.9,3839.9,2896.0,3129.0,981,6,3128.9,22,2,3128.7,13,1,3128.6,34,2,3128.5,19,2,3129.1,130,3,3129.4,44,1,3129.5,50,2,3129.6,1,1,3129.7,2,1
2031,2026-06-16 11:32:32+05:30,3129.0,5,3130.54,1644889,135812.0,207003.0,3163.0,3163.0,3108.0,3134.3,31913400,3447.7,2820.9,3839.9,2896.0,3129.0,976,6,3128.9,5,1,3128.7,13,1,3128.6,13,1,3128.5,40,3,3129.3,14,1,3129.4,44,1,3129.5,11,1,3129.6,1,1,3129.7,2,1
2031,2026-06-16 11:32:33+05:30,3129.0,5,3130.54,1644889,135812.0,207003.0,3163.0,3163.0,3108.0,3134.3,31913400,3447.7,2820.9,3839.9,2896.0,3129.0,976,6,3128.9,5,1,3128.7,13,1,3128.6,13,1,3128.5,40,3,3129.3,14,1,3129.4,44,1,3129.5,11,1,3129.6,1,1,3129.7,2,1
2031,2026-06-16 11:32:33+05:30,3129.0,1,3130.54,1644890,135140.0,206666.0,3163.0,3163.0,3108.0,3134.3,31913400,3447.7,2820.9,3839.9,2896.0,3129.0,975,6,3128.9,5,1,3128.7,34,2,3128.6,13,1,3128.5,19,2,3129.1,14,1,3129.4,44,1,3129.6,1,1,3129.7,40,2,3129.8,2485,6
2031,2026-06-16 11:32:34+05:30,3129.0,1,3130.54,1644890,135140.0,206666.0,3163.0,3163.0,3108.0,3134.3,31913400,3447.7,2820.9,3839.9,2896.0,3129.0,975,6,3128.9,5,1,3128.7,34,2,3128.6,13,1,3128.5,19,2,3129.1,14,1,3129.4,44,1,3129.6,1,1,3129.7,40,2,3129.8,2485,6
2031,2026-06-16 11:32:34+05:30,3129.0,1,3130.54,1644890,135796.0,206906.0,3163.0,3163.0,3108.0,3134.3,31913400,3447.7,2820.9,3839.9,2896.0,3129.0,976,7,3128.9,5,1,3128.7,34,2,3128.6,13,1,3128.5,36,3,3129.1,14,1,3129.4,44,1,3129.6,1,1,3129.7,2,1,3129.8,2461,5
2031,2026-06-16 11:32:35+05:30,3129.1,1,3130.54,1644890,135796.0,206906.0,3163.0,3163.0,3108.0,3134.3,31913400,3447.7,2820.9,3839.9,2896.0,3129.0,976,7,3128.9,5,1,3128.7,34,2,3128.6,13,1,3128.5,36,3,3129.1,14,1,3129.4,44,1,3129.6,1,1,3129.7,2,1,3129.8,2461,5
2031,2026-06-16 11:32:35+05:30,3129.1,1,3130.54,1644891,135867.0,206694.0,3163.0,3163.0,3108.0,3134.3,31913400,3447.7,2820.9,3839.9,2896.0,3129.0,976,7,3128.9,23,2,3128.7,34,2,3128.6,65,2,3128.5,70,4,3129.1,13,1,3129.4,44,1,3129.6,1,1,3129.7,2,1,3129.8,2461,5
2031,2026-06-16 11:32:36+05:30,3129.0,3,3130.54,1644891,135867.0,206694.0,3163.0,3163.0,3108.0,3134.3,31913400,3447.7,2820.9,3839.9,2896.0,3129.0,976,7,3128.9,23,2,3128.7,34,2,3128.6,65,2,3128.5,70,4,3129.1,13,1,3129.4,44,1,3129.6,1,1,3129.7,2,1,3129.8,2461,5
2031,2026-06-16 11:32:36+05:30,3129.0,1,3130.54,1645927,134157.0,206067.0,3163.0,3163.0,3108.0,3134.3,31913400,3447.7,2820.9,3839.9,2896.0,3128.9,23,2,3128.7,13,1,3128.6,13,1,3128.5,19,2,3128.3,35,2,3129.0,91,1,3129.1,7,1,3129.4,44,1,3129.6,1,1,3129.7,2,1
2031,2026-06-16 11:32:37+05:30,3129.0,16,3130.54,1645927,134157.0,206067.0,3163.0,3163.0,3108.0,3134.3,31913400,3447.7,2820.9,3839.9,2896.0,3128.9,23,2,3128.7,13,1,3128.6,13,1,3128.5,19,2,3128.3,35,2,3129.0,91,1,3129.1,7,1,3129.4,44,1,3129.6,1,1,3129.7,2,1
2031,2026-06-16 11:32:37+05:30,3128.7,39,3130.54,1646078,133835.0,206499.0,3163.0,3163.0,3108.0,3134.3,31913400,3447.7,2820.9,3839.9,2896.0,3128.7,13,1,3128.6,13,1,3128.5,19,2,3128.3,15,1,3128.2,37,2,3129.0,18,1,3129.1,7,1,3129.5,40,1,3129.6,1,1,3129.7,38,3
2031,2026-06-16 11:32:38+05:30,3128.7,39,3130.54,1646078,133835.0,206499.0,3163.0,3163.0,3108.0,3134.3,31913400,3447.7,2820.9,3839.9,2896.0,3128.7,13,1,3128.6,13,1,3128.5,19,2,3128.3,15,1,3128.2,37,2,3129.0,18,1,3129.1,7,1,3129.5,40,1,3129.6,1,1,3129.7,38,3
2031,2026-06-16 11:32:38+05:30,3128.7,39,3130.54,1646078,133818.0,206484.0,3163.0,3163.0,3108.0,3134.3,31913400,3447.7,2820.9,3839.9,2896.0,3128.6,13,1,3128.5,19,2,3128.3,15,1,3128.2,37,2,3128.1,63,2,3129.0,19,2,3129.1,7,1,3129.5,40,1,3129.7,19,2,3129.8,1522,6
2031,2026-06-16 11:32:39+05:30,3129.0,1,3130.54,1646078,133818.0,206484.0,3163.0,3163.0,3108.0,3134.3,31913400,3447.7,2820.9,3839.9,2896.0,3128.6,13,1,3128.5,19,2,3128.3,15,1,3128.2,37,2,3128.1,63,2,3129.0,19,2,3129.1,7,1,3129.5,40,1,3129.7,19,2,3129.8,1522,6
2031,2026-06-16 11:32:39+05:30,3128.6,17,3130.54,1646096,133681.0,206622.0,3163.0,3163.0,3108.0,3134.3,31913400,3447.7,2820.9,3839.9,2896.0,3128.6,13,1,3128.5,19,2,3128.4,34,1,3128.3,15,1,3128.2,71,3,3128.7,1,1,3129.0,8,2,3129.6,21,1,3129.7,65,3,3129.8,1522,6
2031,2026-06-16 11:32:40+05:30,3128.6,17,3130.54,1646096,133681.0,206622.0,3163.0,3163.0,3108.0,3134.3,31913400,3447.7,2820.9,3839.9,2896.0,3128.6,13,1,3128.5,19,2,3128.4,34,1,3128.3,15,1,3128.2,71,3,3128.7,1,1,3129.0,8,2,3129.6,21,1,3129.7,65,3,3129.8,1522,6
2031,2026-06-16 11:32:40+05:30,3128.7,1,3130.54,1646098,133722.0,206657.0,3163.0,3163.0,3108.0,3134.3,31913400,3447.7,2820.9,3839.9,2896.0,3128.6,12,1,3128.5,23,2,3128.4,34,1,3128.3,15,1,3128.2,74,3,3129.0,9,3,3129.6,21,1,3129.7,65,3,3129.8,1522,6,3129.9,50,1
2031,2026-06-16 11:32:41+05:30,3128.7,1,3130.54,1646098,133722.0,206657.0,3163.0,3163.0,3108.0,3134.3,31913400,3447.7,2820.9,3839.9,2896.0,3128.6,12,1,3128.5,23,2,3128.4,34,1,3128.3,15,1,3128.2,74,3,3129.0,9,3,3129.6,21,1,3129.7,65,3,3129.8,1522,6,3129.9,50,1
2031,2026-06-16 11:32:41+05:30,3128.7,1,3130.54,1646098,133556.0,206726.0,3163.0,3163.0,3108.0,3134.3,31913400,3447.7,2820.9,3839.9,2896.0,3128.5,23,2,3128.4,34,1,3128.2,34,1,3128.1,21,1,3128.0,121,6,3128.9,1,1,3129.0,18,4,3129.6,21,1,3129.7,65,3,3129.8,1522,6
2031,2026-06-16 11:32:42+05:30,3128.9,1,3130.54,1646099,133641.0,206787.0,3163.0,3163.0,3108.0,3134.3,31913400,3447.7,2820.9,3839.9,2896.0,3128.6,1,1,3128.5,31,3,3128.3,33,1,3128.2,19,1,3128.1,21,1,3129.0,18,4,3129.6,21,1,3129.7,114,4,3129.8,1522,6,3129.9,50,1
2031,2026-06-16 11:32:43+05:30,3128.9,1,3130.54,1646099,133641.0,206787.0,3163.0,3163.0,3108.0,3134.3,31913400,3447.7,2820.9,3839.9,2896.0,3128.6,1,1,3128.5,31,3,3128.3,33,1,3128.2,19,1,3128.1,21,1,3129.0,18,4,3129.6,21,1,3129.7,114,4,3129.8,1522,6,3129.9,50,1
2031,2026-06-16 11:32:43+05:30,3128.9,1,3130.54,1646099,133641.0,206787.0,3163.0,3163.0,3108.0,3134.3,31913400,3447.7,2820.9,3839.9,2896.0,3128.6,1,1,3128.5,31,3,3128.3,33,1,3128.2,19,1,3128.1,21,1,3129.0,18,4,3129.6,21,1,3129.7,114,4,3129.8,1522,6,3129.9,50,1
2031,2026-06-16 11:32:43+05:30,3128.9,1,3130.54,1646099,133452.0,206909.0,3163.0,3163.0,3108.0,3134.3,31913400,3447.7,2820.9,3839.9,2896.0,3128.6,1,1,3128.5,13,2,3128.3,6,1,3128.2,33,1,3128.0,83,7,3129.0,45,6,3129.6,21,1,3129.7,133,5,3129.8,1540,7,3129.9,50,1
2031,2026-06-16 11:32:44+05:30,3128.7,9,3130.54,1646099,133452.0,206909.0,3163.0,3163.0,3108.0,3134.3,31913400,3447.7,2820.9,3839.9,2896.0,3128.6,1,1,3128.5,13,2,3128.3,6,1,3128.2,33,1,3128.0,83,7,3129.0,45,6,3129.6,21,1,3129.7,133,5,3129.8,1540,7,3129.9,50,1
2031,2026-06-16 11:32:44+05:30,3128.8,20,3130.54,1646128,133550.0,207049.0,3163.0,3163.0,3108.0,3134.3,31913400,3447.7,2820.9,3839.9,2896.0,3128.8,18,1,3128.6,1,1,3128.5,13,2,3128.2,33,1,3128.0,111,8,3128.9,3,1,3129.0,42,5,3129.6,21,1,3129.7,65,3,3129.8,1559,8
2031,2026-06-16 11:32:45+05:30,3128.8,20,3130.54,1646128,133550.0,207049.0,3163.0,3163.0,3108.0,3134.3,31913400,3447.7,2820.9,3839.9,2896.0,3128.8,18,1,3128.6,1,1,3128.5,13,2,3128.2,33,1,3128.0,111,8,3128.9,3,1,3129.0,42,5,3129.6,21,1,3129.7,65,3,3129.8,1559,8
2031,2026-06-16 11:32:45+05:30,3128.9,3,3130.54,1646128,133550.0,207049.0,3163.0,3163.0,3108.0,3134.3,31913400,3447.7,2820.9,3839.9,2896.0,3128.8,18,1,3128.6,1,1,3128.5,13,2,3128.2,33,1,3128.0,111,8,3128.9,3,1,3129.0,42,5,3129.6,21,1,3129.7,65,3,3129.8,1559,8
2031,2026-06-16 11:32:45+05:30,3128.9,3,3130.54,1646131,133999.0,206647.0,3163.0,3163.0,3108.0,3134.3,31913400,3447.7,2820.9,3839.9,2896.0,3128.9,1,1,3128.8,20,3,3128.6,1,1,3128.5,13,2,3128.4,52,2,3129.0,42,5,3129.6,21,1,3129.7,19,2,3129.8,1496,5,3129.9,319,3
2031,2026-06-16 11:32:46+05:30,3129.0,13,3130.54,1646131,133999.0,206647.0,3163.0,3163.0,3108.0,3134.3,31913400,3447.7,2820.9,3839.9,2896.0,3128.9,1,1,3128.8,20,3,3128.6,1,1,3128.5,13,2,3128.4,52,2,3129.0,42,5,3129.6,21,1,3129.7,19,2,3129.8,1496,5,3129.9,319,3
2031,2026-06-16 11:32:46+05:30,3129.0,13,3130.54,1646219,134133.0,206834.0,3163.0,3163.0,3108.0,3134.3,31913400,3447.7,2820.9,3839.9,2896.0,3129.0,8,1,3128.9,7,2,3128.8,2,2,3128.6,1,1,3128.5,31,3,3129.6,10,1,3129.7,2,1,3129.8,1475,4,3129.9,319,3,3130.0,1922,16
2031,2026-06-16 11:32:47+05:30,3129.0,13,3130.54,1646219,134133.0,206834.0,3163.0,3163.0,3108.0,3134.3,31913400,3447.7,2820.9,3839.9,2896.0,3129.0,8,1,3128.9,7,2,3128.8,2,2,3128.6,1,1,3128.5,31,3,3129.6,10,1,3129.7,2,1,3129.8,1475,4,3129.9,319,3,3130.0,1922,16
2031,2026-06-16 11:32:47+05:30,3129.8,88,3130.54,1646219,134133.0,206834.0,3163.0,3163.0,3108.0,3134.3,31913400,3447.7,2820.9,3839.9,2896.0,3129.0,8,1,3128.9,7,2,3128.8,2,2,3128.6,1,1,3128.5,31,3,3129.6,10,1,3129.7,2,1,3129.8,1475,4,3129.9,319,3,3130.0,1922,16
2031,2026-06-16 11:32:47+05:30,3129.8,88,3130.54,1646319,133843.0,206744.0,3163.0,3163.0,3108.0,3134.3,31913400,3447.7,2820.9,3839.9,2896.0,3129.0,1,1,3128.9,1,1,3128.8,2,2,3128.6,1,1,3128.5,31,3,3129.5,11,1,3129.6,1,1,3129.8,1387,4,3129.9,357,4,3130.0,1922,16
2031,2026-06-16 11:32:48+05:30,3129.1,11,3130.54,1646350,133884.0,206446.0,3163.0,3163.0,3108.0,3134.3,31913400,3447.7,2820.9,3839.9,2896.0,3129.1,9,1,3129.0,1,1,3128.9,1,1,3128.8,2,2,3128.6,1,1,3129.2,2,1,3129.6,1,1,3129.8,1367,3,3129.9,357,4,3130.0,1972,17
2031,2026-06-16 11:32:49+05:30,3129.1,11,3130.54,1646350,133884.0,206446.0,3163.0,3163.0,3108.0,3134.3,31913400,3447.7,2820.9,3839.9,2896.0,3129.1,9,1,3129.0,1,1,3128.9,1,1,3128.8,2,2,3128.6,1,1,3129.2,2,1,3129.6,1,1,3129.8,1367,3,3129.9,357,4,3130.0,1972,17
2031,2026-06-16 11:32:49+05:30,3129.2,1,3130.54,1646350,133884.0,206446.0,3163.0,3163.0,3108.0,3134.3,31913400,3447.7,2820.9,3839.9,2896.0,3129.1,9,1,3129.0,1,1,3128.9,1,1,3128.8,2,2,3128.6,1,1,3129.2,2,1,3129.6,1,1,3129.8,1367,3,3129.9,357,4,3130.0,1972,17
2031,2026-06-16 11:32:49+05:30,3129.1,1,3130.54,1646352,132434.0,206890.0,3163.0,3163.0,3108.0,3134.3,31913400,3447.7,2820.9,3839.9,2896.0,3129.1,9,2,3129.0,1,1,3128.9,1,1,3128.8,2,2,3128.6,1,1,3129.2,3,3,3129.6,39,2,3129.7,18,1,3129.8,1479,7,3129.9,319,3
2031,2026-06-16 11:32:50+05:30,3129.2,2,3130.54,1646352,132434.0,206890.0,3163.0,3163.0,3108.0,3134.3,31913400,3447.7,2820.9,3839.9,2896.0,3129.1,9,2,3129.0,1,1,3128.9,1,1,3128.8,2,2,3128.6,1,1,3129.2,3,3,3129.6,39,2,3129.7,18,1,3129.8,1479,7,3129.9,319,3
2031,2026-06-16 11:32:50+05:30,3129.2,2,3130.54,1646357,132538.0,207241.0,3163.0,3163.0,3108.0,3134.3,31913400,3447.7,2820.9,3839.9,2896.0,3129.2,13,1,3129.1,2,2,3129.0,1,1,3128.8,2,2,3128.6,1,1,3129.4,1,1,3129.5,72,3,3129.6,1,1,3129.7,18,1,3129.8,1479,7
2031,2026-06-16 11:32:51+05:30,3129.2,2,3130.54,1646357,132538.0,207241.0,3163.0,3163.0,3108.0,3134.3,31913400,3447.7,2820.9,3839.9,2896.0,3129.2,13,1,3129.1,2,2,3129.0,1,1,3128.8,2,2,3128.6,1,1,3129.4,1,1,3129.5,72,3,3129.6,1,1,3129.7,18,1,3129.8,1479,7
2031,2026-06-16 11:32:51+05:30,3129.4,1,3130.54,1646357,132538.0,207241.0,3163.0,3163.0,3108.0,3134.3,31913400,3447.7,2820.9,3839.9,2896.0,3129.2,13,1,3129.1,2,2,3129.0,1,1,3128.8,2,2,3128.6,1,1,3129.4,1,1,3129.5,72,3,3129.6,1,1,3129.7,18,1,3129.8,1479,7
2031,2026-06-16 11:32:51+05:30,3129.0,4,3130.54,1646548,132315.0,207171.0,3163.0,3163.0,3108.0,3134.3,31913400,3447.7,2820.9,3839.9,2896.0,3128.8,2,2,3128.6,1,1,3128.5,13,2,3128.1,5,1,3128.0,17,4,3129.1,51,1,3129.2,38,1,3129.4,39,2,3129.5,15,1,3129.6,100,4
2031,2026-06-16 11:32:52+05:30,3129.0,4,3130.54,1646548,132315.0,207171.0,3163.0,3163.0,3108.0,3134.3,31913400,3447.7,2820.9,3839.9,2896.0,3128.8,2,2,3128.6,1,1,3128.5,13,2,3128.1,5,1,3128.0,17,4,3129.1,51,1,3129.2,38,1,3129.4,39,2,3129.5,15,1,3129.6,100,4
2031,2026-06-16 11:32:52+05:30,3129.0,4,3130.54,1646548,132315.0,207171.0,3163.0,3163.0,3108.0,3134.3,31913400,3447.7,2820.9,3839.9,2896.0,3128.8,2,2,3128.6,1,1,3128.5,13,2,3128.1,5,1,3128.0,17,4,3129.1,51,1,3129.2,38,1,3129.4,39,2,3129.5,15,1,3129.6,100,4
2031,2026-06-16 11:32:52+05:30,3128.8,15,3130.54,1646565,132503.0,207364.0,3163.0,3163.0,3108.0,3134.3,31913400,3447.7,2820.9,3839.9,2896.0,3128.8,4,2,3128.6,1,1,3128.5,13,2,3128.0,17,4,3127.8,86,6,3128.9,51,1,3129.0,1,1,3129.1,21,1,3129.2,38,1,3129.4,38,1
2031,2026-06-16 11:32:53+05:30,3128.8,15,3130.54,1646565,132503.0,207364.0,3163.0,3163.0,3108.0,3134.3,31913400,3447.7,2820.9,3839.9,2896.0,3128.8,4,2,3128.6,1,1,3128.5,13,2,3128.0,17,4,3127.8,86,6,3128.9,51,1,3129.0,1,1,3129.1,21,1,3129.2,38,1,3129.4,38,1
2031,2026-06-16 11:32:53+05:30,3128.8,2,3130.54,1646567,132090.0,207561.0,3163.0,3163.0,3108.0,3134.3,31913400,3447.7,2820.9,3839.9,2896.0,3128.8,2,2,3128.6,1,1,3128.5,13,2,3128.0,17,4,3127.8,86,6,3128.9,51,1,3129.0,15,2,3129.1,21,1,3129.2,38,1,3129.4,58,2
2031,2026-06-16 11:32:54+05:30,3128.8,2,3130.54,1646567,132090.0,207561.0,3163.0,3163.0,3108.0,3134.3,31913400,3447.7,2820.9,3839.9,2896.0,3128.8,2,2,3128.6,1,1,3128.5,13,2,3128.0,17,4,3127.8,86,6,3128.9,51,1,3129.0,15,2,3129.1,21,1,3129.2,38,1,3129.4,58,2
2031,2026-06-16 11:32:54+05:30,3128.8,2,3130.54,1646567,132090.0,207561.0,3163.0,3163.0,3108.0,3134.3,31913400,3447.7,2820.9,3839.9,2896.0,3128.8,2,2,3128.6,1,1,3128.5,13,2,3128.0,17,4,3127.8,86,6,3128.9,51,1,3129.0,15,2,3129.1,21,1,3129.2,38,1,3129.4,58,2
2031,2026-06-16 11:32:54+05:30,3128.8,2,3130.54,1646567,132090.0,207561.0,3163.0,3163.0,3108.0,3134.3,31913400,3447.7,2820.9,3839.9,2896.0,3128.8,2,2,3128.6,1,1,3128.5,13,2,3128.0,17,4,3127.8,86,6,3128.9,51,1,3129.0,15,2,3129.1,21,1,3129.2,38,1,3129.4,58,2
2031,2026-06-16 11:32:54+05:30,3128.8,2,3130.54,1646567,132284.0,207647.0,3163.0,3163.0,3108.0,3134.3,31913400,3447.7,2820.9,3839.9,2896.0,3128.8,3,3,3128.6,1,1,3128.5,13,2,3128.0,17,4,3127.9,33,1,3128.9,73,2,3129.0,1,1,3129.3,37,1,3129.4,105,3,3129.5,215,2
2031,2026-06-16 11:32:55+05:30,3128.8,2,3130.54,1646567,132284.0,207647.0,3163.0,3163.0,3108.0,3134.3,31913400,3447.7,2820.9,3839.9,2896.0,3128.8,3,3,3128.6,1,1,3128.5,13,2,3128.0,17,4,3127.9,33,1,3128.9,73,2,3129.0,1,1,3129.3,37,1,3129.4,105,3,3129.5,215,2
2031,2026-06-16 11:32:55+05:30,3128.9,9,3130.54,1646567,132284.0,207647.0,3163.0,3163.0,3108.0,3134.3,31913400,3447.7,2820.9,3839.9,2896.0,3128.8,3,3,3128.6,1,1,3128.5,13,2,3128.0,17,4,3127.9,33,1,3128.9,73,2,3129.0,1,1,3129.3,37,1,3129.4,105,3,3129.5,215,2
2031,2026-06-16 11:32:55+05:30,3128.9,22,3130.54,1646641,132522.0,207821.0,3163.0,3163.0,3108.0,3134.3,31913400,3447.7,2820.9,3839.9,2896.0,3128.9,18,1,3128.8,1,1,3128.6,1,1,3128.5,13,2,3128.0,33,5,3129.0,1,1,3129.3,37,1,3129.4,269,2,3129.6,59,2,3129.7,21,2
2031,2026-06-16 11:32:56+05:30,3128.9,22,3130.54,1646641,132522.0,207821.0,3163.0,3163.0,3108.0,3134.3,31913400,3447.7,2820.9,3839.9,2896.0,3128.9,18,1,3128.8,1,1,3128.6,1,1,3128.5,13,2,3128.0,33,5,3129.0,1,1,3129.3,37,1,3129.4,269,2,3129.6,59,2,3129.7,21,2
2031,2026-06-16 11:32:56+05:30,3128.9,22,3130.54,1646641,132522.0,207821.0,3163.0,3163.0,3108.0,3134.3,31913400,3447.7,2820.9,3839.9,2896.0,3128.9,18,1,3128.8,1,1,3128.6,1,1,3128.5,13,2,3128.0,33,5,3129.0,1,1,3129.3,37,1,3129.4,269,2,3129.6,59,2,3129.7,21,2
2031,2026-06-16 11:32:56+05:30,3128.9,22,3130.54,1646641,132522.0,207821.0,3163.0,3163.0,3108.0,3134.3,31913400,3447.7,2820.9,3839.9,2896.0,3128.9,18,1,3128.8,1,1,3128.6,1,1,3128.5,13,2,3128.0,33,5,3129.0,1,1,3129.3,37,1,3129.4,269,2,3129.6,59,2,3129.7,21,2
2031,2026-06-16 11:32:56+05:30,3129.0,1,3130.54,1646642,133875.0,207037.0,3163.0,3163.0,3108.0,3134.3,31913400,3447.7,2820.9,3839.9,2896.0,3128.8,27,3,3128.6,1,1,3128.5,13,2,3128.2,52,2,3128.1,63,1,3129.3,7,1,3129.4,269,2,3129.7,57,3,3129.8,1422,5,3129.9,50,1
2031,2026-06-16 11:32:57+05:30,3129.0,1,3130.54,1646642,133875.0,207037.0,3163.0,3163.0,3108.0,3134.3,31913400,3447.7,2820.9,3839.9,2896.0,3128.8,27,3,3128.6,1,1,3128.5,13,2,3128.2,52,2,3128.1,63,1,3129.3,7,1,3129.4,269,2,3129.7,57,3,3129.8,1422,5,3129.9,50,1
2031,2026-06-16 11:32:57+05:30,3129.0,1,3130.54,1646642,133875.0,207037.0,3163.0,3163.0,3108.0,3134.3,31913400,3447.7,2820.9,3839.9,2896.0,3128.8,27,3,3128.6,1,1,3128.5,13,2,3128.2,52,2,3128.1,63,1,3129.3,7,1,3129.4,269,2,3129.7,57,3,3129.8,1422,5,3129.9,50,1
2031,2026-06-16 11:32:57+05:30,3128.8,1,3130.54,1646650,133454.0,207176.0,3163.0,3163.0,3108.0,3134.3,31913400,3447.7,2820.9,3839.9,2896.0,3128.8,13,2,3128.6,1,1,3128.5,13,2,3128.1,18,1,3128.0,33,5,3129.0,20,1,3129.4,269,2,3129.6,61,2,3129.7,39,2,3129.8,1456,6
2031,2026-06-16 11:32:58+05:30,3128.8,1,3130.54,1646650,133454.0,207176.0,3163.0,3163.0,3108.0,3134.3,31913400,3447.7,2820.9,3839.9,2896.0,3128.8,13,2,3128.6,1,1,3128.5,13,2,3128.1,18,1,3128.0,33,5,3129.0,20,1,3129.4,269,2,3129.6,61,2,3129.7,39,2,3129.8,1456,6
2031,2026-06-16 11:32:58+05:30,3128.8,1,3130.54,1646650,133454.0,207176.0,3163.0,3163.0,3108.0,3134.3,31913400,3447.7,2820.9,3839.9,2896.0,3128.8,13,2,3128.6,1,1,3128.5,13,2,3128.1,18,1,3128.0,33,5,3129.0,20,1,3129.4,269,2,3129.6,61,2,3129.7,39,2,3129.8,1456,6
2031,2026-06-16 11:32:58+05:30,3128.8,1,3130.54,1646650,133454.0,207176.0,3163.0,3163.0,3108.0,3134.3,31913400,3447.7,2820.9,3839.9,2896.0,3128.8,13,2,3128.6,1,1,3128.5,13,2,3128.1,18,1,3128.0,33,5,3129.0,20,1,3129.4,269,2,3129.6,61,2,3129.7,39,2,3129.8,1456,6
2031,2026-06-16 11:32:58+05:30,3128.8,1,3130.54,1646650,133503.0,207503.0,3163.0,3163.0,3108.0,3134.3,31913400,3447.7,2820.9,3839.9,2896.0,3128.8,13,2,3128.6,1,1,3128.5,13,2,3128.1,18,1,3128.0,85,6,3129.0,20,1,3129.3,258,2,3129.4,305,3,3129.6,97,3,3129.7,2,1
2031,2026-06-16 11:32:59+05:30,3129.0,1,3130.54,1646650,133503.0,207503.0,3163.0,3163.0,3108.0,3134.3,31913400,3447.7,2820.9,3839.9,2896.0,3128.8,13,2,3128.6,1,1,3128.5,13,2,3128.1,18,1,3128.0,85,6,3129.0,20,1,3129.3,258,2,3129.4,305,3,3129.6,97,3,3129.7,2,1
2031,2026-06-16 11:32:59+05:30,3129.0,1,3130.54,1646650,133503.0,207503.0,3163.0,3163.0,3108.0,3134.3,31913400,3447.7,2820.9,3839.9,2896.0,3128.8,13,2,3128.6,1,1,3128.5,13,2,3128.1,18,1,3128.0,85,6,3129.0,20,1,3129.3,258,2,3129.4,305,3,3129.6,97,3,3129.7,2,1
2031,2026-06-16 11:32:59+05:30,3129.0,1,3130.54,1646651,133561.0,205486.0,3163.0,3163.0,3108.0,3134.3,31913400,3447.7,2820.9,3839.9,2896.0,3128.8,12,1,3128.6,1,1,3128.5,13,2,3128.2,33,1,3128.1,18,1,3129.0,19,1,3129.3,258,2,3129.4,269,2,3129.6,57,2,3129.8,1473,6
2031,2026-06-16 11:33:00+05:30,3129.0,1,3130.54,1646651,133561.0,205486.0,3163.0,3163.0,3108.0,3134.3,31913400,3447.7,2820.9,3839.9,2896.0,3128.8,12,1,3128.6,1,1,3128.5,13,2,3128.2,33,1,3128.1,18,1,3129.0,19,1,3129.3,258,2,3129.4,269,2,3129.6,57,2,3129.8,1473,6
2031,2026-06-16 11:33:00+05:30,3129.0,19,3130.54,1646651,133561.0,205486.0,3163.0,3163.0,3108.0,3134.3,31913400,3447.7,2820.9,3839.9,2896.0,3128.8,12,1,3128.6,1,1,3128.5,13,2,3128.2,33,1,3128.1,18,1,3129.0,19,1,3129.3,258,2,3129.4,269,2,3129.6,57,2,3129.8,1473,6
2031,2026-06-16 11:33:00+05:30,3129.0,19,3130.54,1646670,134155.0,207086.0,3163.0,3163.0,3108.0,3134.3,31913400,3447.7,2820.9,3839.9,2896.0,3128.9,70,5,3128.8,6,2,3128.7,15,1,3128.6,64,4,3128.5,35,3,3129.2,3,1,3129.3,258,2,3129.4,269,2,3129.8,1387,4,3129.9,50,1
2031,2026-06-16 11:33:01+05:30,3129.0,19,3130.54,1646670,134155.0,207086.0,3163.0,3163.0,3108.0,3134.3,31913400,3447.7,2820.9,3839.9,2896.0,3128.9,70,5,3128.8,6,2,3128.7,15,1,3128.6,64,4,3128.5,35,3,3129.2,3,1,3129.3,258,2,3129.4,269,2,3129.8,1387,4,3129.9,50,1
2031,2026-06-16 11:33:01+05:30,3129.0,19,3130.54,1646670,134236.0,207080.0,3163.0,3163.0,3108.0,3134.3,31913400,3447.7,2820.9,3839.9,2896.0,3128.9,68,6,3128.8,25,3,3128.7,15,1,3128.6,64,4,3128.5,35,3,3129.2,3,1,3129.3,258,2,3129.4,269,2,3129.8,1387,4,3129.9,50,1
2031,2026-06-16 11:33:02+05:30,3129.0,19,3130.54,1646670,134236.0,207080.0,3163.0,3163.0,3108.0,3134.3,31916000,3447.7,2820.9,3839.9,2896.0,3128.9,68,6,3128.8,25,3,3128.7,15,1,3128.6,64,4,3128.5,35,3,3129.2,3,1,3129.3,258,2,3129.4,269,2,3129.8,1387,4,3129.9,50,1
2031,2026-06-16 11:33:02+05:30,3129.2,1,3130.54,1646670,134236.0,207080.0,3163.0,3163.0,3108.0,3134.3,31916000,3447.7,2820.9,3839.9,2896.0,3128.9,68,6,3128.8,25,3,3128.7,15,1,3128.6,64,4,3128.5,35,3,3129.2,3,1,3129.3,258,2,3129.4,269,2,3129.8,1387,4,3129.9,50,1
2031,2026-06-16 11:33:02+05:30,3129.2,1,3130.54,1646672,134240.0,207100.0,3163.0,3163.0,3108.0,3134.3,31916000,3447.7,2820.9,3839.9,2896.0,3128.9,69,7,3128.8,25,3,3128.7,15,1,3128.6,64,4,3128.5,35,3,3129.2,22,2,3129.3,258,2,3129.4,269,2,3129.8,1387,4,3129.9,50,1
2031,2026-06-16 11:33:03+05:30,3129.2,5,3130.54,1646672,134240.0,207100.0,3163.0,3163.0,3108.0,3134.3,31916000,3447.7,2820.9,3839.9,2896.0,3128.9,69,7,3128.8,25,3,3128.7,15,1,3128.6,64,4,3128.5,35,3,3129.2,22,2,3129.3,258,2,3129.4,269,2,3129.8,1387,4,3129.9,50,1
2031,2026-06-16 11:33:03+05:30,3129.2,3,3130.54,1646702,134329.0,207931.0,3163.0,3163.0,3108.0,3134.3,31916000,3447.7,2820.9,3839.9,2896.0,3129.2,9,1,3128.9,17,5,3128.8,6,2,3128.7,15,1,3128.6,34,2,3129.3,258,2,3129.4,269,2,3129.5,14,1,3129.8,1387,4,3129.9,50,1
2031,2026-06-16 11:33:04+05:30,3128.8,1,3130.54,1646702,134329.0,207931.0,3163.0,3163.0,3108.0,3134.3,31916000,3447.7,2820.9,3839.9,2896.0,3129.2,9,1,3128.9,17,5,3128.8,6,2,3128.7,15,1,3128.6,34,2,3129.3,258,2,3129.4,269,2,3129.5,14,1,3129.8,1387,4,3129.9,50,1
2031,2026-06-16 11:33:04+05:30,3128.7,50,3130.54,1647206,134051.0,208066.0,3163.0,3163.0,3108.0,3134.3,31916000,3447.7,2820.9,3839.9,2896.0,3128.7,15,1,3128.6,1,1,3128.5,25,3,3128.4,33,1,3128.3,20,1,3128.8,107,1,3128.9,200,1,3129.3,97,1,3129.4,269,2,3129.5,14,1
2031,2026-06-16 11:33:05+05:30,3128.7,20,3130.54,1647206,134051.0,208066.0,3163.0,3163.0,3108.0,3134.3,31916000,3447.7,2820.9,3839.9,2896.0,3128.7,15,1,3128.6,1,1,3128.5,25,3,3128.4,33,1,3128.3,20,1,3128.8,107,1,3128.9,200,1,3129.3,97,1,3129.4,269,2,3129.5,14,1
2031,2026-06-16 11:33:05+05:30,3128.6,6,3130.54,1647328,133844.0,208047.0,3163.0,3163.0,3108.0,3134.3,31916000,3447.7,2820.9,3839.9,2896.0,3128.5,58,4,3128.2,52,2,3128.1,66,4,3128.0,121,7,3127.9,82,2,3128.6,12,1,3128.7,98,2,3128.8,139,2,3129.3,97,1,3129.4,289,3
2031,2026-06-16 11:33:06+05:30,3128.5,1,3130.54,1647328,133844.0,208047.0,3163.0,3163.0,3108.0,3134.3,31916000,3447.7,2820.9,3839.9,2896.0,3128.5,58,4,3128.2,52,2,3128.1,66,4,3128.0,121,7,3127.9,82,2,3128.6,12,1,3128.7,98,2,3128.8,139,2,3129.3,97,1,3129.4,289,3
2031,2026-06-16 11:33:06+05:30,3128.5,4,3130.54,1647422,133774.0,207800.0,3163.0,3163.0,3108.0,3134.3,31916000,3447.7,2820.9,3839.9,2896.0,3128.5,33,4,3128.2,33,1,3128.1,22,2,3128.0,121,7,3127.9,106,3,3128.6,13,2,3128.7,14,1,3128.8,139,2,3129.3,97,1,3129.4,289,3
2031,2026-06-16 11:33:07+05:30,3128.6,1,3130.54,1647422,133774.0,207800.0,3163.0,3163.0,3108.0,3134.3,31916000,3447.7,2820.9,3839.9,2896.0,3128.5,33,4,3128.2,33,1,3128.1,22,2,3128.0,121,7,3127.9,106,3,3128.6,13,2,3128.7,14,1,3128.8,139,2,3129.3,97,1,3129.4,289,3
2031,2026-06-16 11:33:07+05:30,3128.5,8,3130.54,1647535,133748.0,207526.0,3163.0,3163.0,3108.0,3134.3,31916000,3447.7,2820.9,3839.9,2896.0,3128.5,76,6,3128.3,8,1,3128.2,52,2,3128.1,36,3,3128.0,121,7,3128.6,12,2,3128.7,14,1,3128.8,139,2,3129.3,97,1,3129.4,289,3
2031,2026-06-16 11:33:08+05:30,3128.6,10,3130.54,1647535,133748.0,207526.0,3163.0,3163.0,3108.0,3134.3,31916000,3447.7,2820.9,3839.9,2896.0,3128.5,76,6,3128.3,8,1,3128.2,52,2,3128.1,36,3,3128.0,121,7,3128.6,12,2,3128.7,14,1,3128.8,139,2,3129.3,97,1,3129.4,289,3
2031,2026-06-16 11:33:08+05:30,3128.6,1,3130.54,1647549,133771.0,207721.0,3163.0,3163.0,3108.0,3134.3,31916000,3447.7,2820.9,3839.9,2896.0,3128.5,70,5,3128.3,8,1,3128.2,52,2,3128.1,36,3,3128.0,121,7,3128.6,1,1,3128.7,14,1,3128.8,139,2,3129.3,97,1,3129.4,289,3
2031,2026-06-16 11:33:09+05:30,3128.6,1,3130.54,1647549,133771.0,207721.0,3163.0,3163.0,3108.0,3134.3,31916000,3447.7,2820.9,3839.9,2896.0,3128.5,70,5,3128.3,8,1,3128.2,52,2,3128.1,36,3,3128.0,121,7,3128.6,1,1,3128.7,14,1,3128.8,139,2,3129.3,97,1,3129.4,289,3
2031,2026-06-16 11:33:09+05:30,3128.6,1,3130.54,1647549,133771.0,207726.0,3163.0,3163.0,3108.0,3134.3,31916000,3447.7,2820.9,3839.9,2896.0,3128.5,70,5,3128.3,8,1,3128.2,52,2,3128.1,36,3,3128.0,121,7,3128.6,1,1,3128.7,14,1,3128.8,139,2,3129.3,97,1,3129.4,289,3
2031,2026-06-16 11:33:10+05:30,3128.5,1,3130.54,1647549,133771.0,207726.0,3163.0,3163.0,3108.0,3134.3,31916000,3447.7,2820.9,3839.9,2896.0,3128.5,70,5,3128.3,8,1,3128.2,52,2,3128.1,36,3,3128.0,121,7,3128.6,1,1,3128.7,14,1,3128.8,139,2,3129.3,97,1,3129.4,289,3
2031,2026-06-16 11:33:10+05:30,3128.5,33,3130.54,1647664,133542.0,207472.0,3163.0,3163.0,3108.0,3134.3,31916000,3447.7,2820.9,3839.9,2896.0,3128.4,13,1,3128.3,151,6,3128.2,5,1,3128.1,77,5,3128.0,121,7,3128.6,1,1,3128.7,14,1,3128.8,32,1,3129.3,97,1,3129.4,289,3
2031,2026-06-16 11:33:11+05:30,3128.5,33,3130.54,1647664,133542.0,207472.0,3163.0,3163.0,3108.0,3134.3,31916000,3447.7,2820.9,3839.9,2896.0,3128.4,13,1,3128.3,151,6,3128.2,5,1,3128.1,77,5,3128.0,121,7,3128.6,1,1,3128.7,14,1,3128.8,32,1,3129.3,97,1,3129.4,289,3
2031,2026-06-16 11:33:11+05:30,3128.6,1,3130.54,1647670,134008.0,207042.0,3163.0,3163.0,3108.0,3134.3,31916000,3447.7,2820.9,3839.9,2896.0,3128.4,177,10,3128.3,46,4,3128.2,61,3,3128.1,77,5,3128.0,121,7,3128.8,32,1,3129.3,97,1,3129.4,289,3,3129.5,14,1,3129.6,20,1
2031,2026-06-16 11:33:12+05:30,3128.8,41,3130.54,1647670,134008.0,207042.0,3163.0,3163.0,3108.0,3134.3,31916000,3447.7,2820.9,3839.9,2896.0,3128.4,177,10,3128.3,46,4,3128.2,61,3,3128.1,77,5,3128.0,121,7,3128.8,32,1,3129.3,97,1,3129.4,289,3,3129.5,14,1,3129.6,20,1
2031,2026-06-16 11:33:12+05:30,3129.4,1,3130.54,1648009,134626.0,206947.0,3163.0,3163.0,3108.0,3134.3,31916000,3447.7,2820.9,3839.9,2896.0,3129.0,106,8,3128.9,50,5,3128.8,174,7,3128.7,51,6,3128.6,76,6,3129.4,268,2,3129.5,14,1,3129.8,1367,3,3129.9,50,1,3130.0,2972,18
2031,2026-06-16 11:33:13+05:30,3129.4,1,3130.54,1648009,134626.0,206947.0,3163.0,3163.0,3108.0,3134.3,31916000,3447.7,2820.9,3839.9,2896.0,3129.0,106,8,3128.9,50,5,3128.8,174,7,3128.7,51,6,3128.6,76,6,3129.4,268,2,3129.5,14,1,3129.8,1367,3,3129.9,50,1,3130.0,2972,18
2031,2026-06-16 11:33:13+05:30,3129.4,1,3130.54,1648009,135318.0,206932.0,3163.0,3163.0,3108.0,3134.3,31916000,3447.7,2820.9,3839.9,2896.0,3129.0,194,9,3128.9,61,6,3128.8,120,7,3128.7,51,6,3128.6,115,8,3129.3,38,1,3129.4,268,2,3129.5,14,1,3129.8,1367,3,3129.9,50,1
2031,2026-06-16 11:33:14+05:30,3129.3,1,3130.54,1648009,135318.0,206932.0,3163.0,3163.0,3108.0,3134.3,31916000,3447.7,2820.9,3839.9,2896.0,3129.0,194,9,3128.9,61,6,3128.8,120,7,3128.7,51,6,3128.6,115,8,3129.3,38,1,3129.4,268,2,3129.5,14,1,3129.8,1367,3,3129.9,50,1
2031,2026-06-16 11:33:14+05:30,3129.3,1,3130.54,1648011,135317.0,206934.0,3163.0,3163.0,3108.0,3134.3,31916000,3447.7,2820.9,3839.9,2896.0,3129.0,193,9,3128.9,61,6,3128.8,120,7,3128.7,51,6,3128.6,115,8,3129.3,37,1,3129.4,268,2,3129.5,14,1,3129.8,1367,3,3129.9,50,1
2031,2026-06-16 11:33:15+05:30,3129.3,1,3130.54,1648011,135317.0,206934.0,3163.0,3163.0,3108.0,3134.3,31916000,3447.7,2820.9,3839.9,2896.0,3129.0,193,9,3128.9,61,6,3128.8,120,7,3128.7,51,6,3128.6,115,8,3129.3,37,1,3129.4,268,2,3129.5,14,1,3129.8,1367,3,3129.9,50,1
2031,2026-06-16 11:33:15+05:30,3129.1,16,3130.54,1648073,135323.0,207166.0,3163.0,3163.0,3108.0,3134.3,31916000,3447.7,2820.9,3839.9,2896.0,3129.1,20,1,3129.0,190,8,3128.9,34,4,3128.8,71,4,3128.7,28,4,3129.2,3,1,3129.3,25,1,3129.4,268,2,3129.5,14,1,3129.8,1367,3
2031,2026-06-16 11:33:16+05:30,3129.2,3,3130.54,1648073,135323.0,207166.0,3163.0,3163.0,3108.0,3134.3,31916000,3447.7,2820.9,3839.9,2896.0,3129.1,20,1,3129.0,190,8,3128.9,34,4,3128.8,71,4,3128.7,28,4,3129.2,3,1,3129.3,25,1,3129.4,268,2,3129.5,14,1,3129.8,1367,3
2031,2026-06-16 11:33:17+05:30,3129.2,4,3130.54,1648080,135335.0,207170.0,3163.0,3163.0,3108.0,3134.3,31916000,3447.7,2820.9,3839.9,2896.0,3129.2,32,3,3129.1,5,1,3129.0,122,7,3128.9,34,4,3128.8,139,5,3129.3,25,1,3129.4,268,2,3129.5,14,1,3129.8,1367,3,3129.9,50,1
2031,2026-06-16 11:33:17+05:30,3129.3,1,3130.54,1648080,135335.0,207170.0,3163.0,3163.0,3108.0,3134.3,31916000,3447.7,2820.9,3839.9,2896.0,3129.2,32,3,3129.1,5,1,3129.0,122,7,3128.9,34,4,3128.8,139,5,3129.3,25,1,3129.4,268,2,3129.5,14,1,3129.8,1367,3,3129.9,50,1
2031,2026-06-16 11:33:18+05:30,3129.3,1,3130.54,1648113,135349.0,207038.0,3163.0,3163.0,3108.0,3134.3,31916000,3447.7,2820.9,3839.9,2896.0,3129.3,13,1,3129.2,56,3,3129.0,94,6,3128.9,53,5,3128.8,51,3,3129.4,347,3,3129.5,14,1,3129.8,1367,3,3129.9,50,1,3130.0,2972,18
2031,2026-06-16 11:33:18+05:30,3129.3,36,3130.54,1648113,135349.0,207038.0,3163.0,3163.0,3108.0,3134.3,31916000,3447.7,2820.9,3839.9,2896.0,3129.3,13,1,3129.2,56,3,3129.0,94,6,3128.9,53,5,3128.8,51,3,3129.4,347,3,3129.5,14,1,3129.8,1367,3,3129.9,50,1,3130.0,2972,18
2031,2026-06-16 11:33:18+05:30,3129.4,132,3130.54,1648351,135446.0,207037.0,3163.0,3163.0,3108.0,3134.3,31916000,3447.7,2820.9,3839.9,2896.0,3129.2,60,3,3129.0,86,5,3128.9,25,3,3128.8,51,3,3128.7,49,6,3129.4,349,3,3129.5,14,1,3129.8,1367,3,3129.9,50,1,3130.0,2972,18
2031,2026-06-16 11:33:19+05:30,3129.4,132,3130.54,1648351,135446.0,207037.0,3163.0,3163.0,3108.0,3134.3,31916000,3447.7,2820.9,3839.9,2896.0,3129.2,60,3,3129.0,86,5,3128.9,25,3,3128.8,51,3,3128.7,49,6,3129.4,349,3,3129.5,14,1,3129.8,1367,3,3129.9,50,1,3130.0,2972,18
2031,2026-06-16 11:33:19+05:30,3129.4,132,3130.54,1648351,135323.0,206885.0,3163.0,3163.0,3108.0,3134.3,31916000,3447.7,2820.9,3839.9,2896.0,3129.2,44,2,3129.0,86,5,3128.9,14,2,3128.8,51,3,3128.7,49,6,3129.3,22,1,3129.4,363,4,3129.5,14,1,3129.8,1367,3,3129.9,50,1
2031,2026-06-16 11:33:20+05:30,3129.3,1,3130.54,1648351,135323.0,206885.0,3163.0,3163.0,3108.0,3134.3,31916000,3447.7,2820.9,3839.9,2896.0,3129.2,44,2,3129.0,86,5,3128.9,14,2,3128.8,51,3,3128.7,49,6,3129.3,22,1,3129.4,363,4,3129.5,14,1,3129.8,1367,3,3129.9,50,1
2031,2026-06-16 11:33:21+05:30,3129.2,1,3130.54,1648353,135304.0,206987.0,3163.0,3163.0,3108.0,3134.3,31916000,3447.7,2820.9,3839.9,2896.0,3129.2,43,1,3129.0,49,3,3128.9,10,1,3128.8,14,1,3128.7,70,5,3129.3,21,1,3129.4,363,4,3129.5,14,1,3129.8,1367,3,3129.9,50,1
2031,2026-06-16 11:33:21+05:30,3129.2,1,3130.54,1648353,135304.0,206987.0,3163.0,3163.0,3108.0,3134.3,31916000,3447.7,2820.9,3839.9,2896.0,3129.2,43,1,3129.0,49,3,3128.9,10,1,3128.8,14,1,3128.7,70,5,3129.3,21,1,3129.4,363,4,3129.5,14,1,3129.8,1367,3,3129.9,50,1
2031,2026-06-16 11:33:22+05:30,3129.3,1,3130.54,1648354,135298.0,207202.0,3163.0,3163.0,3108.0,3134.3,31916000,3447.7,2820.9,3839.9,2896.0,3129.2,43,1,3129.0,49,3,3128.9,32,1,3128.8,14,1,3128.7,37,3,3129.3,20,1,3129.4,363,4,3129.5,14,1,3129.8,1367,3,3129.9,50,1
2031,2026-06-16 11:33:22+05:30,3129.2,1,3130.54,1648354,135298.0,207202.0,3163.0,3163.0,3108.0,3134.3,31916000,3447.7,2820.9,3839.9,2896.0,3129.2,43,1,3129.0,49,3,3128.9,32,1,3128.8,14,1,3128.7,37,3,3129.3,20,1,3129.4,363,4,3129.5,14,1,3129.8,1367,3,3129.9,50,1
2031,2026-06-16 11:33:23+05:30,3129.2,1,3130.54,1648355,135369.0,207274.0,3163.0,3163.0,3108.0,3134.3,31916000,3447.7,2820.9,3839.9,2896.0,3129.2,77,3,3129.1,24,2,3129.0,81,4,3128.9,11,1,3128.8,65,3,3129.3,20,1,3129.4,363,4,3129.5,14,1,3129.8,1367,3,3129.9,50,1
2031,2026-06-16 11:33:23+05:30,3129.3,1,3130.54,1648355,135369.0,207274.0,3163.0,3163.0,3108.0,3134.3,31916000,3447.7,2820.9,3839.9,2896.0,3129.2,77,3,3129.1,24,2,3129.0,81,4,3128.9,11,1,3128.8,65,3,3129.3,20,1,3129.4,363,4,3129.5,14,1,3129.8,1367,3,3129.9,50,1
2031,2026-06-16 11:33:24+05:30,3129.2,22,3130.54,1648578,135479.0,205294.0,3163.0,3163.0,3108.0,3134.3,31916000,3447.7,2820.9,3839.9,2896.0,3129.2,102,3,3129.0,100,5,3128.9,11,1,3128.8,51,2,3128.7,29,2,3129.3,60,2,3129.4,363,4,3129.5,14,1,3129.8,1367,3,3129.9,50,1
2031,2026-06-16 11:33:24+05:30,3129.2,22,3130.54,1648578,135479.0,205294.0,3163.0,3163.0,3108.0,3134.3,31916000,3447.7,2820.9,3839.9,2896.0,3129.2,102,3,3129.0,100,5,3128.9,11,1,3128.8,51,2,3128.7,29,2,3129.3,60,2,3129.4,363,4,3129.5,14,1,3129.8,1367,3,3129.9,50,1
2031,2026-06-16 11:33:25+05:30,3129.3,9,3130.54,1648610,135585.0,206467.0,3163.0,3163.0,3108.0,3134.3,31916000,3447.7,2820.9,3839.9,2896.0,3129.2,84,3,3129.0,80,3,3128.8,51,2,3128.7,29,2,3128.6,55,3,3129.3,32,1,3129.4,563,5,3129.5,14,1,3129.8,1367,3,3129.9,50,1
2031,2026-06-16 11:33:25+05:30,3129.3,9,3130.54,1648610,135585.0,206467.0,3163.0,3163.0,3108.0,3134.3,31916000,3447.7,2820.9,3839.9,2896.0,3129.2,84,3,3129.0,80,3,3128.8,51,2,3128.7,29,2,3128.6,55,3,3129.3,32,1,3129.4,563,5,3129.5,14,1,3129.8,1367,3,3129.9,50,1
2031,2026-06-16 11:33:26+05:30,3129.3,9,3130.54,1648610,135471.0,207446.0,3163.0,3163.0,3108.0,3134.3,31916000,3447.7,2820.9,3839.9,2896.0,3129.2,66,2,3129.1,32,1,3129.0,48,2,3128.8,32,1,3128.7,13,1,3129.3,3,1,3129.4,563,5,3129.5,14,1,3129.8,1367,3,3129.9,50,1
2031,2026-06-16 11:33:27+05:30,3129.3,9,3130.54,1648610,135471.0,207247.0,3163.0,3163.0,3108.0,3134.3,31916000,3447.7,2820.9,3839.9,2896.0,3129.2,66,2,3129.1,32,1,3129.0,48,2,3128.8,32,1,3128.7,13,1,3129.3,3,1,3129.4,563,5,3129.5,14,1,3129.8,1367,3,3129.9,50,1
2031,2026-06-16 11:33:27+05:30,3129.2,50,3130.54,1648610,135471.0,207247.0,3163.0,3163.0,3108.0,3134.3,31916000,3447.7,2820.9,3839.9,2896.0,3129.2,66,2,3129.1,32,1,3129.0,48,2,3128.8,32,1,3128.7,13,1,3129.3,3,1,3129.4,563,5,3129.5,14,1,3129.8,1367,3,3129.9,50,1
2031,2026-06-16 11:33:28+05:30,3129.3,1,3130.53,1648679,134708.0,204958.0,3163.0,3163.0,3108.0,3134.3,31916000,3447.7,2820.9,3839.9,2896.0,3129.2,11,2,3129.0,48,2,3128.8,32,1,3128.7,13,1,3128.6,51,2,3129.3,23,1,3129.4,563,5,3129.5,14,1,3129.8,1367,3,3129.9,50,1
2031,2026-06-16 11:33:28+05:30,3129.3,1,3130.53,1648679,134708.0,204958.0,3163.0,3163.0,3108.0,3134.3,31916000,3447.7,2820.9,3839.9,2896.0,3129.2,11,2,3129.0,48,2,3128.8,32,1,3128.7,13,1,3128.6,51,2,3129.3,23,1,3129.4,563,5,3129.5,14,1,3129.8,1367,3,3129.9,50,1
2031,2026-06-16 11:33:29+05:30,3129.2,3,3130.53,1648683,135199.0,207544.0,3163.0,3163.0,3108.0,3134.3,31916000,3447.7,2820.9,3839.9,2896.0,3129.2,8,2,3129.0,58,3,3128.7,13,1,3128.6,31,1,3128.5,56,3,3129.3,47,2,3129.4,763,6,3129.5,14,1,3129.8,1367,3,3129.9,50,1
2031,2026-06-16 11:33:29+05:30,3129.2,3,3130.53,1648683,135199.0,207544.0,3163.0,3163.0,3108.0,3134.3,31916000,3447.7,2820.9,3839.9,2896.0,3129.2,8,2,3129.0,58,3,3128.7,13,1,3128.6,31,1,3128.5,56,3,3129.3,47,2,3129.4,763,6,3129.5,14,1,3129.8,1367,3,3129.9,50,1
2031,2026-06-16 11:33:30+05:30,3129.3,2,3130.53,1648687,135396.0,207089.0,3163.0,3163.0,3108.0,3134.3,31916000,3447.7,2820.9,3839.9,2896.0,3129.2,42,5,3129.1,19,1,3129.0,96,5,3128.9,11,1,3128.8,50,2,3129.3,22,2,3129.4,763,6,3129.5,14,1,3129.8,1367,3,3129.9,50,1
2031,2026-06-16 11:33:30+05:30,3129.3,2,3130.53,1648687,135396.0,207089.0,3163.0,3163.0,3108.0,3134.3,31916000,3447.7,2820.9,3839.9,2896.0,3129.2,42,5,3129.1,19,1,3129.0,96,5,3128.9,11,1,3128.8,50,2,3129.3,22,2,3129.4,763,6,3129.5,14,1,3129.8,1367,3,3129.9,50,1
2031,2026-06-16 11:33:31+05:30,3129.3,2,3130.53,1648687,135340.0,207526.0,3163.0,3163.0,3108.0,3134.3,31916000,3447.7,2820.9,3839.9,2896.0,3129.2,29,4,3129.1,19,1,3129.0,96,5,3128.8,50,2,3128.7,29,2,3129.3,54,3,3129.4,763,6,3129.5,14,1,3129.8,1367,3,3129.9,50,1
2031,2026-06-16 11:33:32+05:30,3129.3,2,3130.53,1648687,135394.0,207527.0,3163.0,3163.0,3108.0,3134.3,31916000,3447.7,2820.9,3839.9,2896.0,3129.2,29,4,3129.0,96,5,3128.8,31,1,3128.7,29,2,3128.6,31,1,3129.3,54,3,3129.4,763,6,3129.5,14,1,3129.8,1367,3,3129.9,50,1
2031,2026-06-16 11:33:33+05:30,3129.2,3,3130.53,1648888,134549.0,207483.0,3163.0,3163.0,3108.0,3134.3,31916000,3447.7,2820.9,3839.9,2896.0,3129.2,20,2,3129.0,64,4,3128.7,44,2,3128.5,23,1,3128.4,61,5,3129.3,53,3,3129.4,763,6,3129.5,14,1,3129.8,1367,3,3129.9,50,1
2031,2026-06-16 11:33:33+05:30,3129.2,3,3130.53,1648888,134549.0,207483.0,3163.0,3163.0,3108.0,3134.3,31916000,3447.7,2820.9,3839.9,2896.0,3129.2,20,2,3129.0,64,4,3128.7,44,2,3128.5,23,1,3128.4,61,5,3129.3,53,3,3129.4,763,6,3129.5,14,1,3129.8,1367,3,3129.9,50,1
2031,2026-06-16 11:33:34+05:30,3129.0,28,3130.53,1648888,134549.0,207483.0,3163.0,3163.0,3108.0,3134.3,31916000,3447.7,2820.9,3839.9,2896.0,3129.2,20,2,3129.0,64,4,3128.7,44,2,3128.5,23,1,3128.4,61,5,3129.3,53,3,3129.4,763,6,3129.5,14,1,3129.8,1367,3,3129.9,50,1
2031,2026-06-16 11:33:34+05:30,3129.0,28,3130.53,1648954,134332.0,207481.0,3163.0,3163.0,3108.0,3134.3,31916000,3447.7,2820.9,3839.9,2896.0,3129.2,1,1,3129.0,36,4,3128.7,13,1,3128.4,49,3,3128.3,19,2,3129.3,19,2,3129.4,763,6,3129.5,14,1,3129.8,1367,3,3129.9,50,1
2031,2026-06-16 11:33:35+05:30,3129.3,1,3130.53,1648954,134332.0,207481.0,3163.0,3163.0,3108.0,3134.3,31916000,3447.7,2820.9,3839.9,2896.0,3129.2,1,1,3129.0,36,4,3128.7,13,1,3128.4,49,3,3128.3,19,2,3129.3,19,2,3129.4,763,6,3129.5,14,1,3129.8,1367,3,3129.9,50,1
2031,2026-06-16 11:33:35+05:30,3129.3,1,3130.53,1648962,134672.0,207427.0,3163.0,3163.0,3108.0,3134.3,31916000,3447.7,2820.9,3839.9,2896.0,3129.2,2,1,3129.0,36,4,3128.8,31,1,3128.7,13,1,3128.6,31,1,3129.3,18,2,3129.4,763,6,3129.5,14,1,3129.8,1367,3,3129.9,50,1
2031,2026-06-16 11:33:36+05:30,3129.2,1,3130.53,1648962,134672.0,207427.0,3163.0,3163.0,3108.0,3134.3,31916000,3447.7,2820.9,3839.9,2896.0,3129.2,2,1,3129.0,36,4,3128.8,31,1,3128.7,13,1,3128.6,31,1,3129.3,18,2,3129.4,763,6,3129.5,14,1,3129.8,1367,3,3129.9,50,1
2031,2026-06-16 11:33:36+05:30,3129.2,1,3130.53,1648963,134670.0,207424.0,3163.0,3163.0,3108.0,3134.3,31916000,3447.7,2820.9,3839.9,2896.0,3129.2,1,1,3129.0,36,4,3128.8,31,1,3128.7,13,1,3128.6,31,1,3129.3,18,2,3129.4,763,6,3129.5,14,1,3129.8,1367,3,3129.9,50,1
2031,2026-06-16 11:33:37+05:30,3129.2,1,3130.53,1648963,135417.0,207254.0,3163.0,3163.0,3108.0,3134.3,31916000,3447.7,2820.9,3839.9,2896.0,3129.2,33,3,3129.1,19,1,3129.0,79,7,3128.8,64,3,3128.7,13,1,3129.3,18,2,3129.4,763,6,3129.5,14,1,3129.8,1367,3,3129.9,50,1
2031,2026-06-16 11:33:38+05:30,3129.2,1,3130.53,1648963,135687.0,207250.0,3163.0,3163.0,3108.0,3134.3,31916000,3447.7,2820.9,3839.9,2896.0,3129.2,37,3,3129.1,19,1,3129.0,79,7,3128.8,64,3,3128.7,13,1,3129.3,18,2,3129.4,763,6,3129.5,14,1,3129.8,1367,3,3129.9,50,1
2031,2026-06-16 11:33:39+05:30,3129.3,2,3130.53,1648963,135687.0,207250.0,3163.0,3163.0,3108.0,3134.3,31916000,3447.7,2820.9,3839.9,2896.0,3129.2,37,3,3129.1,19,1,3129.0,79,7,3128.8,64,3,3128.7,13,1,3129.3,18,2,3129.4,763,6,3129.5,14,1,3129.8,1367,3,3129.9,50,1
2031,2026-06-16 11:33:40+05:30,3129.3,2,3130.53,1648966,135486.0,206860.0,3163.0,3163.0,3108.0,3134.3,31916000,3447.7,2820.9,3839.9,2896.0,3129.2,37,3,3129.1,19,1,3129.0,71,6,3128.8,64,3,3128.7,13,1,3129.3,15,2,3129.4,763,6,3129.5,14,1,3129.8,1367,3,3129.9,50,1
2031,2026-06-16 11:33:41+05:30,3129.3,2,3130.53,1648966,135538.0,207275.0,3163.0,3163.0,3108.0,3134.3,31916000,3447.7,2820.9,3839.9,2896.0,3129.2,37,3,3129.1,19,1,3129.0,71,6,3128.8,64,3,3128.7,13,1,3129.3,29,3,3129.4,763,6,3129.5,14,1,3129.8,1367,3,3129.9,50,1
2031,2026-06-16 11:33:41+05:30,3128.0,3,3130.53,1648966,135538.0,207275.0,3163.0,3163.0,3108.0,3134.3,31916000,3447.7,2820.9,3839.9,2896.0,3129.2,37,3,3129.1,19,1,3129.0,71,6,3128.8,64,3,3128.7,13,1,3129.3,29,3,3129.4,763,6,3129.5,14,1,3129.8,1367,3,3129.9,50,1
2031,2026-06-16 11:33:42+05:30,3128.0,3,3130.53,1650092,131561.0,206638.0,3163.0,3163.0,3108.0,3134.3,31916000,3447.7,2820.9,3839.9,2896.0,3128.0,38,3,3127.9,49,2,3127.8,79,4,3127.6,52,3,3127.5,185,7,3128.8,124,1,3128.9,195,1,3129.0,73,1,3129.1,200,1,3129.2,21,1
2031,2026-06-16 11:33:42+05:30,3127.8,13,3130.53,1650092,131561.0,206638.0,3163.0,3163.0,3108.0,3134.3,31916000,3447.7,2820.9,3839.9,2896.0,3128.0,38,3,3127.9,49,2,3127.8,79,4,3127.6,52,3,3127.5,185,7,3128.8,124,1,3128.9,195,1,3129.0,73,1,3129.1,200,1,3129.2,21,1
2031,2026-06-16 11:33:43+05:30,3127.7,14,3130.53,1650430,131973.0,208991.0,3163.0,3163.0,3108.0,3134.3,31916000,3447.7,2820.9,3839.9,2896.0,3128.0,90,3,3127.9,70,1,3127.8,77,4,3127.7,4,1,3127.6,79,4,3128.3,195,1,3128.8,67,2,3129.0,95,2,3129.2,21,1,3129.3,64,3
2031,2026-06-16 11:33:43+05:30,3127.7,14,3130.53,1650430,131973.0,208991.0,3163.0,3163.0,3108.0,3134.3,31916000,3447.7,2820.9,3839.9,2896.0,3128.0,90,3,3127.9,70,1,3127.8,77,4,3127.7,4,1,3127.6,79,4,3128.3,195,1,3128.8,67,2,3129.0,95,2,3129.2,21,1,3129.3,64,3
2031,2026-06-16 11:33:43+05:30,3127.7,14,3130.53,1650430,131973.0,208991.0,3163.0,3163.0,3108.0,3134.3,31916000,3447.7,2820.9,3839.9,2896.0,3128.0,90,3,3127.9,70,1,3127.8,77,4,3127.7,4,1,3127.6,79,4,3128.3,195,1,3128.8,67,2,3129.0,95,2,3129.2,21,1,3129.3,64,3
2031,2026-06-16 11:33:44+05:30,3128.0,18,3130.53,1650453,131576.0,209204.0,3163.0,3163.0,3108.0,3134.3,31916000,3447.7,2820.9,3839.9,2896.0,3128.0,39,3,3127.8,111,4,3127.7,31,2,3127.6,66,3,3127.5,58,4,3128.1,195,1,3128.3,60,2,3128.8,41,1,3129.0,95,2,3129.2,21,1
2031,2026-06-16 11:33:44+05:30,3128.1,1,3130.53,1650453,131576.0,209204.0,3163.0,3163.0,3108.0,3134.3,31916000,3447.7,2820.9,3839.9,2896.0,3128.0,39,3,3127.8,111,4,3127.7,31,2,3127.6,66,3,3127.5,58,4,3128.1,195,1,3128.3,60,2,3128.8,41,1,3129.0,95,2,3129.2,21,1
2031,2026-06-16 11:33:45+05:30,3128.1,2,3130.53,1650462,131566.0,208998.0,3163.0,3163.0,3108.0,3134.3,31916000,3447.7,2820.9,3839.9,2896.0,3128.0,37,4,3127.8,111,4,3127.7,31,2,3127.6,50,2,3127.5,87,5,3128.1,189,1,3128.2,14,1,3128.3,60,2,3128.8,41,1,3129.0,95,2
2031,2026-06-16 11:33:45+05:30,3128.1,2,3130.53,1650462,131566.0,208998.0,3163.0,3163.0,3108.0,3134.3,31916000,3447.7,2820.9,3839.9,2896.0,3128.0,37,4,3127.8,111,4,3127.7,31,2,3127.6,50,2,3127.5,87,5,3128.1,189,1,3128.2,14,1,3128.3,60,2,3128.8,41,1,3129.0,95,2
2031,2026-06-16 11:33:45+05:30,3128.1,2,3130.53,1650462,131566.0,208998.0,3163.0,3163.0,3108.0,3134.3,31916000,3447.7,2820.9,3839.9,2896.0,3128.0,37,4,3127.8,111,4,3127.7,31,2,3127.6,50,2,3127.5,87,5,3128.1,189,1,3128.2,14,1,3128.3,60,2,3128.8,41,1,3129.0,95,2
2031,2026-06-16 11:33:46+05:30,3128.1,26,3130.53,1650714,132078.0,208627.0,3163.0,3163.0,3108.0,3134.3,31916000,3447.7,2820.9,3839.9,2896.0,3127.8,172,7,3127.7,60,4,3127.6,84,4,3127.5,107,8,3127.4,161,6,3128.2,14,1,3128.3,34,1,3128.8,41,1,3129.0,95,2,3129.2,21,1
2031,2026-06-16 11:33:46+05:30,3128.1,26,3130.53,1650714,132078.0,208627.0,3163.0,3163.0,3108.0,3134.3,31916000,3447.7,2820.9,3839.9,2896.0,3127.8,172,7,3127.7,60,4,3127.6,84,4,3127.5,107,8,3127.4,161,6,3128.2,14,1,3128.3,34,1,3128.8,41,1,3129.0,95,2,3129.2,21,1
2031,2026-06-16 11:33:47+05:30,3128.0,27,3130.53,1650814,132109.0,208850.0,3163.0,3163.0,3108.0,3134.3,31916000,3447.7,2820.9,3839.9,2896.0,3128.0,14,1,3127.9,87,6,3127.8,78,3,3127.7,39,3,3127.6,83,4,3128.2,14,1,3128.3,34,1,3128.8,41,1,3129.0,22,1,3129.2,21,1
2031,2026-06-16 11:33:47+05:30,3128.0,27,3130.53,1650814,132109.0,208850.0,3163.0,3163.0,3108.0,3134.3,31916000,3447.7,2820.9,3839.9,2896.0,3128.0,14,1,3127.9,87,6,3127.8,78,3,3127.7,39,3,3127.6,83,4,3128.2,14,1,3128.3,34,1,3128.8,41,1,3129.0,22,1,3129.2,21,1
2031,2026-06-16 11:33:47+05:30,3128.0,27,3130.53,1650814,132109.0,208850.0,3163.0,3163.0,3108.0,3134.3,31916000,3447.7,2820.9,3839.9,2896.0,3128.0,14,1,3127.9,87,6,3127.8,78,3,3127.7,39,3,3127.6,83,4,3128.2,14,1,3128.3,34,1,3128.8,41,1,3129.0,22,1,3129.2,21,1
2031,2026-06-16 11:33:48+05:30,3128.1,1,3130.53,1650814,132109.0,208850.0,3163.0,3163.0,3108.0,3134.3,31916000,3447.7,2820.9,3839.9,2896.0,3128.0,14,1,3127.9,87,6,3127.8,78,3,3127.7,39,3,3127.6,83,4,3128.2,14,1,3128.3,34,1,3128.8,41,1,3129.0,22,1,3129.2,21,1
2031,2026-06-16 11:33:48+05:30,3128.1,1,3130.53,1650815,132083.0,208889.0,3163.0,3163.0,3108.0,3134.3,31916000,3447.7,2820.9,3839.9,2896.0,3128.0,14,1,3127.9,50,3,3127.8,57,2,3127.7,60,4,3127.6,96,5,3128.1,11,2,3128.2,20,2,3128.3,34,1,3128.8,41,1,3129.0,22,1
2031,2026-06-16 11:33:49+05:30,3128.1,1,3130.53,1650815,132083.0,208889.0,3163.0,3163.0,3108.0,3134.3,31916000,3447.7,2820.9,3839.9,2896.0,3128.0,14,1,3127.9,50,3,3127.8,57,2,3127.7,60,4,3127.6,96,5,3128.1,11,2,3128.2,20,2,3128.3,34,1,3128.8,41,1,3129.0,22,1
2031,2026-06-16 11:33:49+05:30,3128.1,19,3130.53,1650815,132083.0,208889.0,3163.0,3163.0,3108.0,3134.3,31916000,3447.7,2820.9,3839.9,2896.0,3128.0,14,1,3127.9,50,3,3127.8,57,2,3127.7,60,4,3127.6,96,5,3128.1,11,2,3128.2,20,2,3128.3,34,1,3128.8,41,1,3129.0,22,1
2031,2026-06-16 11:33:49+05:30,3128.1,19,3130.53,1650854,132604.0,208659.0,3163.0,3163.0,3108.0,3134.3,31916000,3447.7,2820.9,3839.9,2896.0,3128.0,86,3,3127.9,34,2,3127.8,120,3,3127.7,21,1,3127.6,64,3,3128.1,5,1,3128.2,20,2,3128.3,34,1,3128.8,41,1,3129.0,22,1
2031,2026-06-16 11:33:50+05:30,3128.1,4,3130.53,1650854,132604.0,208659.0,3163.0,3163.0,3108.0,3134.3,31916000,3447.7,2820.9,3839.9,2896.0,3128.0,86,3,3127.9,34,2,3127.8,120,3,3127.7,21,1,3127.6,64,3,3128.1,5,1,3128.2,20,2,3128.3,34,1,3128.8,41,1,3129.0,22,1
2031,2026-06-16 11:33:50+05:30,3128.1,4,3130.53,1650859,132600.0,208857.0,3163.0,3163.0,3108.0,3134.3,31916000,3447.7,2820.9,3839.9,2896.0,3128.1,12,1,3128.0,91,4,3127.9,35,2,3127.8,120,3,3127.6,64,3,3128.2,20,2,3128.3,34,1,3128.8,41,1,3129.2,21,1,3129.3,14,1
2031,2026-06-16 11:33:51+05:30,3128.1,4,3130.53,1650859,132600.0,208857.0,3163.0,3163.0,3108.0,3134.3,31916000,3447.7,2820.9,3839.9,2896.0,3128.1,12,1,3128.0,91,4,3127.9,35,2,3127.8,120,3,3127.6,64,3,3128.2,20,2,3128.3,34,1,3128.8,41,1,3129.2,21,1,3129.3,14,1
2031,2026-06-16 11:33:51+05:30,3128.3,34,3130.53,1650859,132600.0,208857.0,3163.0,3163.0,3108.0,3134.3,31916000,3447.7,2820.9,3839.9,2896.0,3128.1,12,1,3128.0,91,4,3127.9,35,2,3127.8,120,3,3127.6,64,3,3128.2,20,2,3128.3,34,1,3128.8,41,1,3129.2,21,1,3129.3,14,1
2031,2026-06-16 11:33:51+05:30,3128.3,34,3130.53,1650963,133640.0,207601.0,3163.0,3163.0,3108.0,3134.3,31916000,3447.7,2820.9,3839.9,2896.0,3128.5,121,6,3128.4,42,4,3128.3,61,5,3128.2,166,9,3128.1,82,6,3128.7,12,1,3128.8,41,1,3129.3,14,1,3129.4,81,1,3129.5,14,1
2031,2026-06-16 11:33:52+05:30,3128.3,34,3130.53,1650963,133806.0,206799.0,3163.0,3163.0,3108.0,3134.3,31916000,3447.7,2820.9,3839.9,2896.0,3128.5,114,6,3128.4,81,6,3128.3,61,5,3128.2,96,7,3128.1,82,6,3128.7,12,1,3128.8,41,1,3129.3,14,1,3129.4,81,1,3129.5,14,1
2031,2026-06-16 11:33:52+05:30,3128.3,34,3130.53,1650963,133806.0,206799.0,3163.0,3163.0,3108.0,3134.3,31916000,3447.7,2820.9,3839.9,2896.0,3128.5,114,6,3128.4,81,6,3128.3,61,5,3128.2,96,7,3128.1,82,6,3128.7,12,1,3128.8,41,1,3129.3,14,1,3129.4,81,1,3129.5,14,1
2031,2026-06-16 11:33:53+05:30,3128.7,1,3130.53,1650963,133806.0,206799.0,3163.0,3163.0,3108.0,3134.3,31916000,3447.7,2820.9,3839.9,2896.0,3128.5,114,6,3128.4,81,6,3128.3,61,5,3128.2,96,7,3128.1,82,6,3128.7,12,1,3128.8,41,1,3129.3,14,1,3129.4,81,1,3129.5,14,1
2031,2026-06-16 11:33:53+05:30,3128.5,11,3130.53,1651216,133716.0,207488.0,3163.0,3163.0,3108.0,3134.3,31916000,3447.7,2820.9,3839.9,2896.0,3128.5,30,1,3128.4,113,5,3128.3,25,2,3128.2,47,4,3128.1,92,6,3128.6,26,1,3128.7,1,1,3129.3,14,1,3129.4,102,2,3129.5,14,1
2031,2026-06-16 11:33:54+05:30,3128.5,11,3130.53,1651216,133716.0,207488.0,3163.0,3163.0,3108.0,3134.3,31916000,3447.7,2820.9,3839.9,2896.0,3128.5,30,1,3128.4,113,5,3128.3,25,2,3128.2,47,4,3128.1,92,6,3128.6,26,1,3128.7,1,1,3129.3,14,1,3129.4,102,2,3129.5,14,1
2031,2026-06-16 11:33:54+05:30,3128.7,138,3130.53,1651216,133716.0,207488.0,3163.0,3163.0,3108.0,3134.3,31916000,3447.7,2820.9,3839.9,2896.0,3128.5,30,1,3128.4,113,5,3128.3,25,2,3128.2,47,4,3128.1,92,6,3128.6,26,1,3128.7,1,1,3129.3,14,1,3129.4,102,2,3129.5,14,1
2031,2026-06-16 11:33:54+05:30,3128.7,138,3130.53,1651400,133098.0,208010.0,3163.0,3163.0,3108.0,3134.3,31916000,3447.7,2820.9,3839.9,2896.0,3128.5,31,2,3128.1,47,2,3128.0,89,4,3127.9,76,3,3127.8,79,2,3128.6,22,1,3128.7,43,1,3129.3,14,1,3129.4,100,2,3129.5,14,1
2031,2026-06-16 11:33:55+05:30,3128.7,138,3130.53,1651400,133098.0,208010.0,3163.0,3163.0,3108.0,3134.3,31916000,3447.7,2820.9,3839.9,2896.0,3128.5,31,2,3128.1,47,2,3128.0,89,4,3127.9,76,3,3127.8,79,2,3128.6,22,1,3128.7,43,1,3129.3,14,1,3129.4,100,2,3129.5,14,1
2031,2026-06-16 11:33:55+05:30,3128.6,1,3130.53,1651400,133098.0,208010.0,3163.0,3163.0,3108.0,3134.3,31916000,3447.7,2820.9,3839.9,2896.0,3128.5,31,2,3128.1,47,2,3128.0,89,4,3127.9,76,3,3127.8,79,2,3128.6,22,1,3128.7,43,1,3129.3,14,1,3129.4,100,2,3129.5,14,1
2031,2026-06-16 11:33:55+05:30,3128.6,1,3130.53,1651400,133098.0,208010.0,3163.0,3163.0,3108.0,3134.3,31916000,3447.7,2820.9,3839.9,2896.0,3128.5,31,2,3128.1,47,2,3128.0,89,4,3127.9,76,3,3127.8,79,2,3128.6,22,1,3128.7,43,1,3129.3,14,1,3129.4,100,2,3129.5,14,1
2031,2026-06-16 11:33:55+05:30,3128.6,1,3130.53,1651401,133107.0,207798.0,3163.0,3163.0,3108.0,3134.3,31916000,3447.7,2820.9,3839.9,2896.0,3128.5,31,2,3128.1,47,2,3128.0,89,4,3127.9,76,3,3127.8,79,2,3128.6,21,1,3128.7,43,1,3129.3,14,1,3129.4,100,2,3129.5,14,1
2031,2026-06-16 11:33:56+05:30,3128.6,1,3130.53,1651401,133107.0,207798.0,3163.0,3163.0,3108.0,3134.3,31916000,3447.7,2820.9,3839.9,2896.0,3128.5,31,2,3128.1,47,2,3128.0,89,4,3127.9,76,3,3127.8,79,2,3128.6,21,1,3128.7,43,1,3129.3,14,1,3129.4,100,2,3129.5,14,1
2031,2026-06-16 11:33:56+05:30,3128.6,1,3130.53,1651401,132816.0,207128.0,3163.0,3163.0,3108.0,3134.3,31916000,3447.7,2820.9,3839.9,2896.0,3128.5,51,4,3128.1,47,2,3128.0,90,4,3127.9,24,1,3127.8,79,2,3128.6,35,2,3128.7,43,1,3129.3,14,1,3129.4,81,1,3129.5,14,1
2031,2026-06-16 11:33:57+05:30,3128.6,1,3130.53,1651401,132816.0,207128.0,3163.0,3163.0,3108.0,3134.3,31916000,3447.7,2820.9,3839.9,2896.0,3128.5,51,4,3128.1,47,2,3128.0,90,4,3127.9,24,1,3127.8,79,2,3128.6,35,2,3128.7,43,1,3129.3,14,1,3129.4,81,1,3129.5,14,1
2031,2026-06-16 11:33:57+05:30,3128.6,1,3130.53,1651401,132816.0,207915.0,3163.0,3163.0,3108.0,3134.3,31916000,3447.7,2820.9,3839.9,2896.0,3128.5,51,4,3128.1,47,2,3128.0,90,4,3127.9,24,1,3127.8,79,2,3128.6,35,2,3128.7,43,1,3129.3,14,1,3129.4,113,2,3129.5,14,1
2031,2026-06-16 11:33:58+05:30,3128.6,1,3130.53,1651401,132816.0,207915.0,3163.0,3163.0,3108.0,3134.3,31916000,3447.7,2820.9,3839.9,2896.0,3128.5,51,4,3128.1,47,2,3128.0,90,4,3127.9,24,1,3127.8,79,2,3128.6,35,2,3128.7,43,1,3129.3,14,1,3129.4,113,2,3129.5,14,1
2031,2026-06-16 11:33:58+05:30,3128.6,1,3130.53,1651401,132816.0,207915.0,3163.0,3163.0,3108.0,3134.3,31916000,3447.7,2820.9,3839.9,2896.0,3128.5,51,4,3128.1,47,2,3128.0,90,4,3127.9,24,1,3127.8,79,2,3128.6,35,2,3128.7,43,1,3129.3,14,1,3129.4,113,2,3129.5,14,1
2031,2026-06-16 11:33:58+05:30,3128.5,5,3130.53,1651451,132862.0,208078.0,3163.0,3163.0,3108.0,3134.3,31916000,3447.7,2820.9,3839.9,2896.0,3128.5,2,1,3128.1,47,2,3128.0,66,3,3127.9,45,2,3127.8,104,4,3128.6,34,2,3129.3,14,1,3129.4,132,3,3129.5,14,1,3129.6,72,3
2031,2026-06-16 11:33:59+05:30,3128.5,5,3130.53,1651451,132862.0,208078.0,3163.0,3163.0,3108.0,3134.3,31916000,3447.7,2820.9,3839.9,2896.0,3128.5,2,1,3128.1,47,2,3128.0,66,3,3127.9,45,2,3127.8,104,4,3128.6,34,2,3129.3,14,1,3129.4,132,3,3129.5,14,1,3129.6,72,3
2031,2026-06-16 11:33:59+05:30,3128.6,11,3130.53,1651451,132862.0,208078.0,3163.0,3163.0,3108.0,3134.3,31916000,3447.7,2820.9,3839.9,2896.0,3128.5,2,1,3128.1,47,2,3128.0,66,3,3127.9,45,2,3127.8,104,4,3128.6,34,2,3129.3,14,1,3129.4,132,3,3129.5,14,1,3129.6,72,3
2031,2026-06-16 11:33:59+05:30,3128.6,11,3130.53,1651496,133342.0,207300.0,3163.0,3163.0,3108.0,3134.3,31916000,3447.7,2820.9,3839.9,2896.0,3128.6,20,1,3128.5,43,2,3128.1,47,2,3128.0,141,5,3127.9,45,2,3129.2,5,1,3129.3,14,1,3129.4,81,1,3129.5,45,2,3129.6,19,1
2031,2026-06-16 11:33:59+05:30,3128.6,11,3130.53,1651496,133342.0,207300.0,3163.0,3163.0,3108.0,3134.3,31916000,3447.7,2820.9,3839.9,2896.0,3128.6,20,1,3128.5,43,2,3128.1,47,2,3128.0,141,5,3127.9,45,2,3129.2,5,1,3129.3,14,1,3129.4,81,1,3129.5,45,2,3129.6,19,1
2031,2026-06-16 11:34:00+05:30,3128.9,1,3130.53,1651496,133342.0,207300.0,3163.0,3163.0,3108.0,3134.3,31916000,3447.7,2820.9,3839.9,2896.0,3128.6,20,1,3128.5,43,2,3128.1,47,2,3128.0,141,5,3127.9,45,2,3129.2,5,1,3129.3,14,1,3129.4,81,1,3129.5,45,2,3129.6,19,1
2031,2026-06-16 11:34:00+05:30,3128.9,1,3130.53,1651496,133342.0,207300.0,3163.0,3163.0,3108.0,3134.3,31916000,3447.7,2820.9,3839.9,2896.0,3128.6,20,1,3128.5,43,2,3128.1,47,2,3128.0,141,5,3127.9,45,2,3129.2,5,1,3129.3,14,1,3129.4,81,1,3129.5,45,2,3129.6,19,1
2031,2026-06-16 11:34:00+05:30,3128.9,1,3130.53,1651499,133701.0,207112.0,3163.0,3163.0,3108.0,3134.3,31916000,3447.7,2820.9,3839.9,2896.0,3128.9,2,2,3128.6,26,3,3128.5,43,2,3128.1,47,2,3128.0,172,6,3129.0,4,1,3129.2,1,1,3129.3,14,1,3129.4,81,1,3129.5,33,2
2031,2026-06-16 11:34:01+05:30,3128.9,1,3130.53,1651499,133701.0,207112.0,3163.0,3163.0,3108.0,3134.3,31916000,3447.7,2820.9,3839.9,2896.0,3128.9,2,2,3128.6,26,3,3128.5,43,2,3128.1,47,2,3128.0,172,6,3129.0,4,1,3129.2,1,1,3129.3,14,1,3129.4,81,1,3129.5,33,2
2031,2026-06-16 11:34:01+05:30,3129.0,1,3130.53,1651499,133701.0,207112.0,3163.0,3163.0,3108.0,3134.3,31916000,3447.7,2820.9,3839.9,2896.0,3128.9,2,2,3128.6,26,3,3128.5,43,2,3128.1,47,2,3128.0,172,6,3129.0,4,1,3129.2,1,1,3129.3,14,1,3129.4,81,1,3129.5,33,2
2031,2026-06-16 11:34:01+05:30,3128.9,1,3130.53,1651501,133303.0,207312.0,3163.0,3163.0,3108.0,3134.3,31916000,3447.7,2820.9,3839.9,2896.0,3128.9,45,2,3128.7,17,1,3128.6,6,2,3128.5,43,2,3128.1,4,1,3129.0,9,2,3129.2,1,1,3129.3,14,1,3129.4,81,1,3129.5,14,1
2031,2026-06-16 11:34:02+05:30,3128.9,1,3130.53,1651501,133303.0,207312.0,3163.0,3163.0,3108.0,3134.3,31919200,3447.7,2820.9,3839.9,2896.0,3128.9,45,2,3128.7,17,1,3128.6,6,2,3128.5,43,2,3128.1,4,1,3129.0,9,2,3129.2,1,1,3129.3,14,1,3129.4,81,1,3129.5,14,1
2031,2026-06-16 11:34:02+05:30,3129.0,35,3130.53,1651501,133303.0,207312.0,3163.0,3163.0,3108.0,3134.3,31919200,3447.7,2820.9,3839.9,2896.0,3128.9,45,2,3128.7,17,1,3128.6,6,2,3128.5,43,2,3128.1,4,1,3129.0,9,2,3129.2,1,1,3129.3,14,1,3129.4,81,1,3129.5,14,1
2031,2026-06-16 11:34:02+05:30,3129.0,35,3130.53,1651560,133884.0,207245.0,3163.0,3163.0,3108.0,3134.3,31919200,3447.7,2820.9,3839.9,2896.0,3129.0,18,1,3128.9,45,2,3128.6,6,2,3128.5,43,2,3128.1,4,1,3129.1,6,1,3129.2,1,1,3129.3,14,1,3129.4,81,1,3129.5,63,3
2031,2026-06-16 11:34:03+05:30,3129.1,6,3130.53,1651560,133884.0,207245.0,3163.0,3163.0,3108.0,3134.3,31919200,3447.7,2820.9,3839.9,2896.0,3129.0,18,1,3128.9,45,2,3128.6,6,2,3128.5,43,2,3128.1,4,1,3129.1,6,1,3129.2,1,1,3129.3,14,1,3129.4,81,1,3129.5,63,3
2031,2026-06-16 11:34:03+05:30,3129.1,1,3130.53,1651567,134275.0,207206.0,3163.0,3163.0,3108.0,3134.3,31919200,3447.7,2820.9,3839.9,2896.0,3129.1,10,1,3129.0,37,1,3128.9,45,2,3128.6,6,2,3128.5,43,2,3129.2,1,1,3129.3,14,1,3129.4,81,1,3129.5,14,1,3129.7,53,1
2031,2026-06-16 11:34:04+05:30,3129.2,1,3130.53,1651567,134275.0,207206.0,3163.0,3163.0,3108.0,3134.3,31919200,3447.7,2820.9,3839.9,2896.0,3129.1,10,1,3129.0,37,1,3128.9,45,2,3128.6,6,2,3128.5,43,2,3129.2,1,1,3129.3,14,1,3129.4,81,1,3129.5,14,1,3129.7,53,1
2031,2026-06-16 11:34:04+05:30,3129.2,1,3130.53,1651568,134940.0,207031.0,3163.0,3163.0,3108.0,3134.3,31919200,3447.7,2820.9,3839.9,2896.0,3129.2,16,1,3129.1,43,1,3129.0,37,1,3128.9,45,2,3128.6,6,2,3129.3,14,1,3129.4,81,1,3129.5,14,1,3129.7,53,1,3129.8,1398,4
2031,2026-06-16 11:34:05+05:30,3129.3,14,3130.53,1651568,134940.0,207031.0,3163.0,3163.0,3108.0,3134.3,31919200,3447.7,2820.9,3839.9,2896.0,3129.2,16,1,3129.1,43,1,3129.0,37,1,3128.9,45,2,3128.6,6,2,3129.3,14,1,3129.4,81,1,3129.5,14,1,3129.7,53,1,3129.8,1398,4
2031,2026-06-16 11:34:05+05:30,3129.4,1,3130.53,1651585,134920.0,206627.0,3163.0,3163.0,3108.0,3134.3,31919200,3447.7,2820.9,3839.9,2896.0,3129.3,16,1,3129.2,1,1,3129.1,43,1,3129.0,37,1,3128.9,44,1,3129.4,80,1,3129.5,14,1,3129.8,1349,2,3129.9,80,2,3130.0,3044,19
2031,2026-06-16 11:34:06+05:30,3129.4,8,3130.53,1651585,134920.0,206627.0,3163.0,3163.0,3108.0,3134.3,31919200,3447.7,2820.9,3839.9,2896.0,3129.3,16,1,3129.2,1,1,3129.1,43,1,3129.0,37,1,3128.9,44,1,3129.4,80,1,3129.5,14,1,3129.8,1349,2,3129.9,80,2,3130.0,3044,19
2031,2026-06-16 11:34:06+05:30,3129.4,8,3130.53,1651793,134014.0,206937.0,3163.0,3163.0,3108.0,3134.3,31919200,3447.7,2820.9,3839.9,2896.0,3129.0,37,1,3128.9,62,2,3128.6,6,2,3128.5,2,1,3128.4,19,1,3129.3,23,1,3129.4,73,2,3129.5,14,1,3129.7,29,1,3129.8,1391,3
2031,2026-06-16 11:34:07+05:30,3129.3,1,3130.53,1651793,134014.0,206937.0,3163.0,3163.0,3108.0,3134.3,31919200,3447.7,2820.9,3839.9,2896.0,3129.0,37,1,3128.9,62,2,3128.6,6,2,3128.5,2,1,3128.4,19,1,3129.3,23,1,3129.4,73,2,3129.5,14,1,3129.7,29,1,3129.8,1391,3
2031,2026-06-16 11:34:07+05:30,3129.3,1,3130.53,1651794,134176.0,206945.0,3163.0,3163.0,3108.0,3134.3,31919200,3447.7,2820.9,3839.9,2896.0,3129.0,37,1,3128.9,62,2,3128.6,6,2,3128.5,2,1,3128.4,19,1,3129.3,22,1,3129.4,73,2,3129.5,14,1,3129.7,29,1,3129.8,1391,3
2031,2026-06-16 11:34:08+05:30,3129.3,3,3130.53,1651794,134176.0,206945.0,3163.0,3163.0,3108.0,3134.3,31919200,3447.7,2820.9,3839.9,2896.0,3129.0,37,1,3128.9,62,2,3128.6,6,2,3128.5,2,1,3128.4,19,1,3129.3,22,1,3129.4,73,2,3129.5,14,1,3129.7,29,1,3129.8,1391,3
2031,2026-06-16 11:34:08+05:30,3129.1,19,3130.53,1651821,133995.0,206944.0,3163.0,3163.0,3108.0,3134.3,31919200,3447.7,2820.9,3839.9,2896.0,3129.1,5,1,3129.0,32,1,3128.9,62,2,3128.6,1,1,3128.5,2,1,3129.2,1,1,3129.4,73,2,3129.5,14,1,3129.8,1349,2,3129.9,50,1
2031,2026-06-16 11:34:09+05:30,3129.1,19,3130.53,1651821,133995.0,206944.0,3163.0,3163.0,3108.0,3134.3,31919200,3447.7,2820.9,3839.9,2896.0,3129.1,5,1,3129.0,32,1,3128.9,62,2,3128.6,1,1,3128.5,2,1,3129.2,1,1,3129.4,73,2,3129.5,14,1,3129.8,1349,2,3129.9,50,1
2031,2026-06-16 11:34:09+05:30,3129.1,2,3130.53,1651823,134678.0,206949.0,3163.0,3163.0,3108.0,3134.3,31919200,3447.7,2820.9,3839.9,2896.0,3129.1,21,2,3129.0,32,1,3128.9,44,1,3128.6,1,1,3128.5,52,2,3129.2,1,1,3129.4,73,2,3129.5,14,1,3129.8,1349,2,3129.9,50,1
2031,2026-06-16 11:34:10+05:30,3129.4,6,3130.53,1651823,134678.0,206949.0,3163.0,3163.0,3108.0,3134.3,31919200,3447.7,2820.9,3839.9,2896.0,3129.1,21,2,3129.0,32,1,3128.9,44,1,3128.6,1,1,3128.5,52,2,3129.2,1,1,3129.4,73,2,3129.5,14,1,3129.8,1349,2,3129.9,50,1
2031,2026-06-16 11:34:10+05:30,3129.2,140,3130.53,1651971,134618.0,206709.0,3163.0,3163.0,3108.0,3134.3,31919200,3447.7,2820.9,3839.9,2896.0,3129.2,19,1,3129.1,3,1,3129.0,32,1,3128.9,44,1,3128.5,2,1,3129.3,17,1,3129.4,67,2,3129.5,14,1,3129.8,1349,2,3129.9,79,2
2031,2026-06-16 11:34:11+05:30,3129.2,1,3130.53,1651971,134618.0,206709.0,3163.0,3163.0,3108.0,3134.3,31919200,3447.7,2820.9,3839.9,2896.0,3129.2,19,1,3129.1,3,1,3129.0,32,1,3128.9,44,1,3128.5,2,1,3129.3,17,1,3129.4,67,2,3129.5,14,1,3129.8,1349,2,3129.9,79,2
2031,2026-06-16 11:34:11+05:30,3129.2,1,3130.53,1651973,134623.0,206878.0,3163.0,3163.0,3108.0,3134.3,31919200,3447.7,2820.9,3839.9,2896.0,3129.2,18,1,3129.1,3,1,3129.0,32,1,3128.9,44,1,3128.5,2,1,3129.3,28,3,3129.4,80,2,3129.5,14,1,3129.7,29,1,3129.8,1401,4
2031,2026-06-16 11:34:12+05:30,3129.2,1,3130.53,1651973,134637.0,206775.0,3163.0,3163.0,3108.0,3134.3,31919200,3447.7,2820.9,3839.9,2896.0,3129.2,18,1,3129.1,3,1,3129.0,32,1,3128.9,44,1,3128.5,2,1,3129.3,28,3,3129.4,80,2,3129.5,14,1,3129.7,29,1,3129.8,1401,4
2031,2026-06-16 11:34:13+05:30,3129.3,10,3130.53,1651983,134616.0,206833.0,3163.0,3163.0,3108.0,3134.3,31919200,3447.7,2820.9,3839.9,2896.0,3129.2,18,1,3129.1,3,1,3129.0,32,1,3128.9,44,1,3128.5,2,1,3129.3,57,5,3129.4,80,2,3129.5,43,2,3129.8,1430,5,3129.9,50,1
2031,2026-06-16 11:34:14+05:30,3129.3,1,3130.53,1651983,134616.0,206833.0,3163.0,3163.0,3108.0,3134.3,31919200,3447.7,2820.9,3839.9,2896.0,3129.2,18,1,3129.1,3,1,3129.0,32,1,3128.9,44,1,3128.5,2,1,3129.3,57,5,3129.4,80,2,3129.5,43,2,3129.8,1430,5,3129.9,50,1
2031,2026-06-16 11:34:14+05:30,3129.2,1,3130.53,1651986,133981.0,206763.0,3163.0,3163.0,3108.0,3134.3,31919200,3447.7,2820.9,3839.9,2896.0,3129.2,17,1,3129.1,22,2,3129.0,32,1,3128.9,44,1,3128.5,2,1,3129.3,68,6,3129.4,108,3,3129.5,31,2,3129.6,54,3,3129.8,1430,5
2031,2026-06-16 11:34:15+05:30,3129.3,13,3130.53,1651986,133981.0,206763.0,3163.0,3163.0,3108.0,3134.3,31919200,3447.7,2820.9,3839.9,2896.0,3129.2,17,1,3129.1,22,2,3129.0,32,1,3128.9,44,1,3128.5,2,1,3129.3,68,6,3129.4,108,3,3129.5,31,2,3129.6,54,3,3129.8,1430,5
2031,2026-06-16 11:34:16+05:30,3129.3,4,3130.53,1652058,134766.0,206421.0,3163.0,3163.0,3108.0,3134.3,31919200,3447.7,2820.9,3839.9,2896.0,3129.2,18,2,3129.1,19,1,3129.0,32,1,3128.9,44,1,3128.7,23,2,3129.3,4,1,3129.4,80,2,3129.5,14,1,3129.8,1349,2,3129.9,50,1
2031,2026-06-16 11:34:16+05:30,3129.4,1,3130.53,1652058,134766.0,206421.0,3163.0,3163.0,3108.0,3134.3,31919200,3447.7,2820.9,3839.9,2896.0,3129.2,18,2,3129.1,19,1,3129.0,32,1,3128.9,44,1,3128.7,23,2,3129.3,4,1,3129.4,80,2,3129.5,14,1,3129.8,1349,2,3129.9,50,1
2031,2026-06-16 11:34:17+05:30,3129.4,1,3130.53,1652068,134777.0,206631.0,3163.0,3163.0,3108.0,3134.3,31919200,3447.7,2820.9,3839.9,2896.0,3129.2,13,2,3129.1,19,1,3129.0,32,1,3128.9,44,1,3128.7,2,1,3129.3,1,1,3129.4,65,1,3129.5,14,1,3129.8,1349,2,3129.9,78,2
2031,2026-06-16 11:34:18+05:30,3129.4,65,3130.53,1652134,134979.0,206486.0,3163.0,3163.0,3108.0,3134.3,31919200,3447.7,2820.9,3839.9,2896.0,3129.2,13,2,3129.1,18,1,3129.0,32,1,3128.9,44,1,3128.6,29,2,3129.4,8,1,3129.5,14,1,3129.8,1349,2,3129.9,78,2,3130.0,3001,19
2031,2026-06-16 11:34:18+05:30,3129.4,65,3130.53,1652134,134979.0,206486.0,3163.0,3163.0,3108.0,3134.3,31919200,3447.7,2820.9,3839.9,2896.0,3129.2,13,2,3129.1,18,1,3129.0,32,1,3128.9,44,1,3128.6,29,2,3129.4,8,1,3129.5,14,1,3129.8,1349,2,3129.9,78,2,3130.0,3001,19
2031,2026-06-16 11:34:19+05:30,3129.5,1,3130.53,1652349,134664.0,206692.0,3163.0,3163.0,3108.0,3134.3,31919200,3447.7,2820.9,3839.9,2896.0,3129.2,19,1,3129.0,32,1,3128.9,44,1,3128.6,79,3,3128.5,10,2,3129.5,13,1,3129.8,1377,3,3129.9,50,1,3130.0,3049,21,3130.1,2,2
2031,2026-06-16 11:34:19+05:30,3129.5,1,3130.53,1652349,134664.0,206692.0,3163.0,3163.0,3108.0,3134.3,31919200,3447.7,2820.9,3839.9,2896.0,3129.2,19,1,3129.0,32,1,3128.9,44,1,3128.6,79,3,3128.5,10,2,3129.5,13,1,3129.8,1377,3,3129.9,50,1,3130.0,3049,21,3130.1,2,2
2031,2026-06-16 11:34:20+05:30,3129.8,4,3130.53,1652366,135199.0,206333.0,3163.0,3163.0,3108.0,3134.3,31919200,3447.7,2820.9,3839.9,2896.0,3129.3,102,2,3129.2,57,2,3129.0,57,3,3128.9,44,1,3128.7,7,1,3129.7,19,1,3129.8,1345,2,3129.9,50,1,3130.0,2956,18,3130.1,2,2
2031,2026-06-16 11:34:20+05:30,3129.7,1,3130.53,1652366,135199.0,206333.0,3163.0,3163.0,3108.0,3134.3,31919200,3447.7,2820.9,3839.9,2896.0,3129.3,102,2,3129.2,57,2,3129.0,57,3,3128.9,44,1,3128.7,7,1,3129.7,19,1,3129.8,1345,2,3129.9,50,1,3130.0,2956,18,3130.1,2,2
2031,2026-06-16 11:34:21+05:30,3129.7,1,3130.53,1652367,135225.0,206544.0,3163.0,3163.0,3108.0,3134.3,31919200,3447.7,2820.9,3839.9,2896.0,3129.3,102,2,3129.2,57,2,3129.0,57,3,3128.9,44,1,3128.7,7,1,3129.7,18,1,3129.8,1345,2,3129.9,50,1,3130.0,2956,18,3130.1,2,2
2031,2026-06-16 11:34:22+05:30,3129.7,2,3130.53,1652370,135261.0,206483.0,3163.0,3163.0,3108.0,3134.3,31919200,3447.7,2820.9,3839.9,2896.0,3129.3,143,3,3129.2,57,2,3129.0,65,4,3128.9,62,2,3128.8,27,1,3129.7,29,2,3129.8,1345,2,3129.9,50,1,3130.0,2956,18,3130.1,2,2
2031,2026-06-16 11:34:22+05:30,3129.7,2,3130.53,1652370,135261.0,206483.0,3163.0,3163.0,3108.0,3134.3,31919200,3447.7,2820.9,3839.9,2896.0,3129.3,143,3,3129.2,57,2,3129.0,65,4,3128.9,62,2,3128.8,27,1,3129.7,29,2,3129.8,1345,2,3129.9,50,1,3130.0,2956,18,3130.1,2,2
2031,2026-06-16 11:34:23+05:30,3129.3,15,3130.53,1652385,135331.0,206569.0,3163.0,3163.0,3108.0,3134.3,31919200,3447.7,2820.9,3839.9,2896.0,3129.3,148,4,3129.2,38,1,3129.0,57,3,3128.9,71,2,3128.7,7,1,3129.4,1,1,3129.7,14,1,3129.8,1345,2,3129.9,50,1,3130.0,2956,18
2031,2026-06-16 11:34:23+05:30,3129.3,15,3130.53,1652385,135331.0,206569.0,3163.0,3163.0,3108.0,3134.3,31919200,3447.7,2820.9,3839.9,2896.0,3129.3,148,4,3129.2,38,1,3129.0,57,3,3128.9,71,2,3128.7,7,1,3129.4,1,1,3129.7,14,1,3129.8,1345,2,3129.9,50,1,3130.0,2956,18
2031,2026-06-16 11:34:24+05:30,3129.3,3,3130.53,1652385,135331.0,206569.0,3163.0,3163.0,3108.0,3134.3,31919200,3447.7,2820.9,3839.9,2896.0,3129.3,148,4,3129.2,38,1,3129.0,57,3,3128.9,71,2,3128.7,7,1,3129.4,1,1,3129.7,14,1,3129.8,1345,2,3129.9,50,1,3130.0,2956,18
2031,2026-06-16 11:34:24+05:30,3129.3,3,3130.53,1652405,135275.0,206576.0,3163.0,3163.0,3108.0,3134.3,31919200,3447.7,2820.9,3839.9,2896.0,3129.3,125,3,3129.2,55,2,3129.0,57,3,3128.9,44,1,3128.8,27,1,3129.4,42,1,3129.8,1343,2,3129.9,50,1,3130.0,2956,18,3130.1,2,2
2031,2026-06-16 11:34:25+05:30,3129.3,3,3130.53,1652405,135233.0,206665.0,3163.0,3163.0,3108.0,3134.3,31919200,3447.7,2820.9,3839.9,2896.0,3129.3,143,4,3129.2,38,1,3129.0,57,3,3128.9,44,1,3128.8,27,1,3129.4,67,2,3129.8,1343,2,3129.9,50,1,3130.0,2956,18,3130.1,2,2
2031,2026-06-16 11:34:26+05:30,3129.3,3,3130.53,1652405,135227.0,206681.0,3163.0,3163.0,3108.0,3134.3,31919200,3447.7,2820.9,3839.9,2896.0,3129.3,143,4,3129.2,38,1,3129.0,57,3,3128.9,44,1,3128.8,27,1,3129.4,67,2,3129.8,1343,2,3129.9,50,1,3130.0,2956,18,3130.1,2,2
2031,2026-06-16 11:34:27+05:30,3129.4,17,3130.53,1652405,135227.0,206681.0,3163.0,3163.0,3108.0,3134.3,31919200,3447.7,2820.9,3839.9,2896.0,3129.3,143,4,3129.2,38,1,3129.0,57,3,3128.9,44,1,3128.8,27,1,3129.4,67,2,3129.8,1343,2,3129.9,50,1,3130.0,2956,18,3130.1,2,2
2031,2026-06-16 11:34:27+05:30,3129.3,3,3130.53,1652428,135285.0,206644.0,3163.0,3163.0,3108.0,3134.3,31919200,3447.7,2820.9,3839.9,2896.0,3129.3,140,4,3129.2,38,1,3129.0,57,3,3128.9,44,1,3128.8,77,2,3129.4,25,1,3129.8,1343,2,3129.9,50,1,3130.0,2956,18,3130.1,2,2
2031,2026-06-16 11:34:28+05:30,3129.4,24,3130.53,1652428,135285.0,206644.0,3163.0,3163.0,3108.0,3134.3,31919200,3447.7,2820.9,3839.9,2896.0,3129.3,140,4,3129.2,38,1,3129.0,57,3,3128.9,44,1,3128.8,77,2,3129.4,25,1,3129.8,1343,2,3129.9,50,1,3130.0,2956,18,3130.1,2,2
2031,2026-06-16 11:34:28+05:30,3129.8,5,3130.53,1652458,135407.0,206634.0,3163.0,3163.0,3108.0,3134.3,31919200,3447.7,2820.9,3839.9,2896.0,3129.4,19,1,3129.3,122,3,3129.2,38,1,3129.0,36,2,3128.9,44,1,3129.7,3,1,3129.8,1338,2,3129.9,50,1,3130.0,2956,18,3130.1,2,2
2031,2026-06-16 11:34:29+05:30,3129.8,21,3130.53,1652458,135407.0,206634.0,3163.0,3163.0,3108.0,3134.3,31919200,3447.7,2820.9,3839.9,2896.0,3129.4,19,1,3129.3,122,3,3129.2,38,1,3129.0,36,2,3128.9,44,1,3129.7,3,1,3129.8,1338,2,3129.9,50,1,3130.0,2956,18,3130.1,2,2
2031,2026-06-16 11:34:29+05:30,3129.8,21,3130.53,1652482,135454.0,206398.0,3163.0,3163.0,3108.0,3134.3,31919200,3447.7,2820.9,3839.9,2896.0,3129.5,18,1,3129.4,38,1,3129.3,122,3,3129.2,38,1,3129.0,36,2,3129.7,3,1,3129.8,1317,2,3129.9,50,1,3130.0,2956,18,3130.1,2,2
2031,2026-06-16 11:34:30+05:30,3129.7,1,3130.53,1652482,135454.0,206398.0,3163.0,3163.0,3108.0,3134.3,31919200,3447.7,2820.9,3839.9,2896.0,3129.5,18,1,3129.4,38,1,3129.3,122,3,3129.2,38,1,3129.0,36,2,3129.7,3,1,3129.8,1317,2,3129.9,50,1,3130.0,2956,18,3130.1,2,2
2031,2026-06-16 11:34:31+05:30,3129.6,1,3130.53,1652650,135930.0,205842.0,3163.0,3163.0,3108.0,3134.3,31919200,3447.7,2820.9,3839.9,2896.0,3129.6,2,2,3129.5,6,2,3129.4,38,1,3129.3,139,4,3129.2,54,2,3129.8,1156,2,3129.9,50,1,3130.0,2956,18,3130.1,2,2,3130.4,21,1
2031,2026-06-16 11:34:31+05:30,3129.6,1,3130.53,1652650,135930.0,205842.0,3163.0,3163.0,3108.0,3134.3,31919200,3447.7,2820.9,3839.9,2896.0,3129.6,2,2,3129.5,6,2,3129.4,38,1,3129.3,139,4,3129.2,54,2,3129.8,1156,2,3129.9,50,1,3130.0,2956,18,3130.1,2,2,3130.4,21,1
2031,2026-06-16 11:34:32+05:30,3129.7,17,3130.53,1652667,135943.0,205814.0,3163.0,3163.0,3108.0,3134.3,31919200,3447.7,2820.9,3839.9,2896.0,3129.6,45,4,3129.5,50,5,3129.4,64,3,3129.3,139,4,3129.2,97,4,3129.7,1,1,3129.8,1156,2,3129.9,50,1,3130.0,2956,18,3130.1,2,2
2031,2026-06-16 11:34:32+05:30,3129.7,1,3130.53,1652667,135943.0,205814.0,3163.0,3163.0,3108.0,3134.3,31919200,3447.7,2820.9,3839.9,2896.0,3129.6,45,4,3129.5,50,5,3129.4,64,3,3129.3,139,4,3129.2,97,4,3129.7,1,1,3129.8,1156,2,3129.9,50,1,3130.0,2956,18,3130.1,2,2
2031,2026-06-16 11:34:33+05:30,3129.8,1,3130.53,1652669,136055.0,206018.0,3163.0,3163.0,3108.0,3134.3,31919200,3447.7,2820.9,3839.9,2896.0,3129.6,45,4,3129.5,51,5,3129.4,38,1,3129.3,122,3,3129.2,97,4,3129.7,2,1,3129.8,1155,2,3129.9,50,1,3130.0,2956,18,3130.1,2,2
2031,2026-06-16 11:34:33+05:30,3129.7,1,3130.53,1652669,136055.0,206018.0,3163.0,3163.0,3108.0,3134.3,31919200,3447.7,2820.9,3839.9,2896.0,3129.6,45,4,3129.5,51,5,3129.4,38,1,3129.3,122,3,3129.2,97,4,3129.7,2,1,3129.8,1155,2,3129.9,50,1,3130.0,2956,18,3130.1,2,2
2031,2026-06-16 11:34:34+05:30,3129.5,1,3130.53,1652929,135452.0,206050.0,3163.0,3163.0,3108.0,3134.3,31919200,3447.7,2820.9,3839.9,2896.0,3129.5,14,2,3129.4,38,1,3129.3,122,3,3129.2,38,1,3129.1,18,1,3129.6,29,1,3129.8,1155,2,3129.9,50,1,3130.0,2956,18,3130.1,2,2
2031,2026-06-16 11:34:34+05:30,3129.5,1,3130.53,1652929,135452.0,206050.0,3163.0,3163.0,3108.0,3134.3,31919200,3447.7,2820.9,3839.9,2896.0,3129.5,14,2,3129.4,38,1,3129.3,122,3,3129.2,38,1,3129.1,18,1,3129.6,29,1,3129.8,1155,2,3129.9,50,1,3130.0,2956,18,3130.1,2,2
2031,2026-06-16 11:34:35+05:30,3129.5,1,3130.53,1652929,135508.0,206040.0,3163.0,3163.0,3108.0,3134.3,31919200,3447.7,2820.9,3839.9,2896.0,3129.5,15,3,3129.4,38,1,3129.3,122,3,3129.2,38,1,3129.1,18,1,3129.6,29,1,3129.8,1155,2,3129.9,50,1,3130.0,2956,18,3130.1,2,2
2031,2026-06-16 11:34:36+05:30,3129.5,2,3130.53,1652948,135507.0,206025.0,3163.0,3163.0,3108.0,3134.3,31919200,3447.7,2820.9,3839.9,2896.0,3129.5,13,3,3129.4,38,1,3129.3,122,3,3129.2,38,1,3129.1,44,2,3129.6,12,1,3129.8,1155,2,3129.9,50,1,3130.0,2956,18,3130.1,2,2
2031,2026-06-16 11:34:36+05:30,3129.5,2,3130.53,1652948,135507.0,206025.0,3163.0,3163.0,3108.0,3134.3,31919200,3447.7,2820.9,3839.9,2896.0,3129.5,13,3,3129.4,38,1,3129.3,122,3,3129.2,38,1,3129.1,44,2,3129.6,12,1,3129.8,1155,2,3129.9,50,1,3130.0,2956,18,3130.1,2,2
2031,2026-06-16 11:34:37+05:30,3129.5,2,3130.53,1652948,135530.0,206033.0,3163.0,3163.0,3108.0,3134.3,31919200,3447.7,2820.9,3839.9,2896.0,3129.5,13,3,3129.4,38,1,3129.3,122,3,3129.2,38,1,3129.1,44,2,3129.6,12,1,3129.8,1155,2,3129.9,50,1,3130.0,2956,18,3130.1,2,2
2031,2026-06-16 11:34:38+05:30,3129.6,1,3130.53,1652949,135526.0,206263.0,3163.0,3163.0,3108.0,3134.3,31919200,3447.7,2820.9,3839.9,2896.0,3129.5,13,3,3129.4,38,1,3129.3,122,3,3129.2,38,1,3129.1,44,2,3129.6,12,2,3129.8,1173,3,3129.9,50,1,3130.0,2974,19,3130.1,1,1
2031,2026-06-16 11:34:38+05:30,3129.6,1,3130.53,1652949,135526.0,206263.0,3163.0,3163.0,3108.0,3134.3,31919200,3447.7,2820.9,3839.9,2896.0,3129.5,13,3,3129.4,38,1,3129.3,122,3,3129.2,38,1,3129.1,44,2,3129.6,12,2,3129.8,1173,3,3129.9,50,1,3130.0,2974,19,3130.1,1,1
2031,2026-06-16 11:34:39+05:30,3129.5,1,3130.53,1652960,135575.0,206251.0,3163.0,3163.0,3108.0,3134.3,31919200,3447.7,2820.9,3839.9,2896.0,3129.5,21,2,3129.4,38,1,3129.3,122,3,3129.2,63,2,3129.1,18,1,3129.6,1,1,3129.8,1173,3,3129.9,50,1,3130.0,2974,19,3130.1,1,1
2031,2026-06-16 11:34:39+05:30,3129.5,1,3130.53,1652960,135575.0,206251.0,3163.0,3163.0,3108.0,3134.3,31919200,3447.7,2820.9,3839.9,2896.0,3129.5,21,2,3129.4,38,1,3129.3,122,3,3129.2,63,2,3129.1,18,1,3129.6,1,1,3129.8,1173,3,3129.9,50,1,3130.0,2974,19,3130.1,1,1
2031,2026-06-16 11:34:40+05:30,3129.5,1,3130.53,1653255,135470.0,206548.0,3163.0,3163.0,3108.0,3134.3,31919200,3447.7,2820.9,3839.9,2896.0,3129.3,109,3,3129.2,38,1,3129.1,26,1,3128.8,25,1,3128.6,80,4,3129.5,118,1,3129.6,1,1,3129.8,1173,3,3129.9,52,2,3130.0,2974,19
2031,2026-06-16 11:34:40+05:30,3129.5,11,3130.53,1653255,135470.0,206548.0,3163.0,3163.0,3108.0,3134.3,31919200,3447.7,2820.9,3839.9,2896.0,3129.3,109,3,3129.2,38,1,3129.1,26,1,3128.8,25,1,3128.6,80,4,3129.5,118,1,3129.6,1,1,3129.8,1173,3,3129.9,52,2,3130.0,2974,19
2031,2026-06-16 11:34:41+05:30,3129.5,11,3130.53,1653266,135515.0,206373.0,3163.0,3163.0,3108.0,3134.3,31919200,3447.7,2820.9,3839.9,2896.0,3129.3,109,3,3129.2,38,1,3129.1,26,1,3128.8,42,2,3128.7,14,1,3129.4,23,1,3129.5,132,2,3129.6,1,1,3129.8,1173,3,3129.9,52,2
2031,2026-06-16 11:34:42+05:30,3129.3,25,3130.53,1653291,135423.0,206573.0,3163.0,3163.0,3108.0,3134.3,31919200,3447.7,2820.9,3839.9,2896.0,3129.3,84,3,3129.2,38,1,3129.1,26,1,3128.8,42,2,3128.7,32,2,3129.4,23,1,3129.5,132,2,3129.6,1,1,3129.8,1173,3,3129.9,52,2
2031,2026-06-16 11:34:42+05:30,3129.3,25,3130.53,1653291,135423.0,206573.0,3163.0,3163.0,3108.0,3134.3,31919200,3447.7,2820.9,3839.9,2896.0,3129.3,84,3,3129.2,38,1,3129.1,26,1,3128.8,42,2,3128.7,32,2,3129.4,23,1,3129.5,132,2,3129.6,1,1,3129.8,1173,3,3129.9,52,2
2031,2026-06-16 11:34:43+05:30,3129.4,1,3130.53,1653295,135268.0,206616.0,3163.0,3163.0,3108.0,3134.3,31919200,3447.7,2820.9,3839.9,2896.0,3129.3,81,3,3129.2,38,1,3128.7,14,1,3128.6,64,4,3128.5,84,4,3129.4,60,2,3129.5,132,2,3129.6,1,1,3129.8,1173,3,3129.9,52,2
2031,2026-06-16 11:34:43+05:30,3129.4,1,3130.53,1653295,135268.0,206616.0,3163.0,3163.0,3108.0,3134.3,31919200,3447.7,2820.9,3839.9,2896.0,3129.3,81,3,3129.2,38,1,3128.7,14,1,3128.6,64,4,3128.5,84,4,3129.4,60,2,3129.5,132,2,3129.6,1,1,3129.8,1173,3,3129.9,52,2
2031,2026-06-16 11:34:44+05:30,3129.4,1,3130.53,1653295,135268.0,206616.0,3163.0,3163.0,3108.0,3134.3,31919200,3447.7,2820.9,3839.9,2896.0,3129.3,81,3,3129.2,38,1,3128.7,14,1,3128.6,64,4,3128.5,84,4,3129.4,60,2,3129.5,132,2,3129.6,1,1,3129.8,1173,3,3129.9,52,2
2031,2026-06-16 11:34:44+05:30,3129.4,1,3130.53,1653295,135268.0,206625.0,3163.0,3163.0,3108.0,3134.3,31919200,3447.7,2820.9,3839.9,2896.0,3129.3,81,3,3129.2,38,1,3128.7,14,1,3128.6,64,4,3128.5,84,4,3129.4,85,3,3129.5,107,1,3129.6,1,1,3129.8,1173,3,3129.9,52,2
2031,2026-06-16 11:34:45+05:30,3129.2,13,3130.53,1653425,134332.0,206807.0,3163.0,3163.0,3108.0,3134.3,31919200,3447.7,2820.9,3839.9,2896.0,3129.2,4,2,3128.7,14,1,3128.6,13,1,3128.5,34,3,3128.4,46,2,3129.3,12,1,3129.4,106,4,3129.6,1,1,3129.8,1173,3,3129.9,135,5
2031,2026-06-16 11:34:45+05:30,3129.3,2,3130.53,1653425,134332.0,206807.0,3163.0,3163.0,3108.0,3134.3,31919200,3447.7,2820.9,3839.9,2896.0,3129.2,4,2,3128.7,14,1,3128.6,13,1,3128.5,34,3,3128.4,46,2,3129.3,12,1,3129.4,106,4,3129.6,1,1,3129.8,1173,3,3129.9,135,5
2031,2026-06-16 11:34:45+05:30,3129.3,2,3130.53,1653425,134332.0,206807.0,3163.0,3163.0,3108.0,3134.3,31919200,3447.7,2820.9,3839.9,2896.0,3129.2,4,2,3128.7,14,1,3128.6,13,1,3128.5,34,3,3128.4,46,2,3129.3,12,1,3129.4,106,4,3129.6,1,1,3129.8,1173,3,3129.9,135,5
2031,2026-06-16 11:34:46+05:30,3129.2,2,3130.53,1653432,135043.0,206621.0,3163.0,3163.0,3108.0,3134.3,31919200,3447.7,2820.9,3839.9,2896.0,3129.2,19,3,3128.7,14,1,3128.6,13,1,3128.5,34,3,3128.4,46,2,3129.3,21,2,3129.4,106,4,3129.6,1,1,3129.8,1173,3,3129.9,77,3
2031,2026-06-16 11:34:46+05:30,3129.3,1,3130.53,1653432,135043.0,206621.0,3163.0,3163.0,3108.0,3134.3,31919200,3447.7,2820.9,3839.9,2896.0,3129.2,19,3,3128.7,14,1,3128.6,13,1,3128.5,34,3,3128.4,46,2,3129.3,21,2,3129.4,106,4,3129.6,1,1,3129.8,1173,3,3129.9,77,3
2031,2026-06-16 11:34:47+05:30,3129.3,1,3130.53,1653433,135064.0,206224.0,3163.0,3163.0,3108.0,3134.3,31919200,3447.7,2820.9,3839.9,2896.0,3129.2,19,3,3129.1,16,1,3128.7,14,1,3128.6,13,1,3128.5,34,3,3129.3,35,4,3129.4,80,2,3129.6,1,1,3129.8,1173,3,3129.9,77,3
2031,2026-06-16 11:34:48+05:30,3129.3,1,3130.53,1653433,135064.0,206224.0,3163.0,3163.0,3108.0,3134.3,31919200,3447.7,2820.9,3839.9,2896.0,3129.2,19,3,3129.1,16,1,3128.7,14,1,3128.6,13,1,3128.5,34,3,3129.3,35,4,3129.4,80,2,3129.6,1,1,3129.8,1173,3,3129.9,77,3
2031,2026-06-16 11:34:48+05:30,3129.3,1,3130.53,1653468,134410.0,205979.0,3163.0,3163.0,3108.0,3134.3,31919200,3447.7,2820.9,3839.9,2896.0,3129.3,18,1,3129.2,2,2,3129.1,16,1,3128.7,14,1,3128.6,13,1,3129.4,80,2,3129.6,1,1,3129.8,1173,3,3129.9,77,3,3130.0,2994,20
2031,2026-06-16 11:34:48+05:30,3129.3,1,3130.53,1653468,134410.0,205979.0,3163.0,3163.0,3108.0,3134.3,31919200,3447.7,2820.9,3839.9,2896.0,3129.3,18,1,3129.2,2,2,3129.1,16,1,3128.7,14,1,3128.6,13,1,3129.4,80,2,3129.6,1,1,3129.8,1173,3,3129.9,77,3,3130.0,2994,20
2031,2026-06-16 11:34:49+05:30,3129.3,1,3130.53,1653468,134436.0,204778.0,3163.0,3163.0,3108.0,3134.3,31919200,3447.7,2820.9,3839.9,2896.0,3129.2,20,3,3129.1,16,1,3128.7,14,1,3128.6,13,1,3128.5,34,3,3129.3,4,1,3129.4,91,3,3129.6,1,1,3129.8,1197,4,3129.9,52,2
2031,2026-06-16 11:34:49+05:30,3129.3,1,3130.53,1653468,134436.0,204778.0,3163.0,3163.0,3108.0,3134.3,31919200,3447.7,2820.9,3839.9,2896.0,3129.2,20,3,3129.1,16,1,3128.7,14,1,3128.6,13,1,3128.5,34,3,3129.3,4,1,3129.4,91,3,3129.6,1,1,3129.8,1197,4,3129.9,52,2
2031,2026-06-16 11:34:50+05:30,3129.3,1,3130.53,1653468,135075.0,206146.0,3163.0,3163.0,3108.0,3134.3,31919200,3447.7,2820.9,3839.9,2896.0,3129.2,20,3,3129.1,16,1,3128.7,14,1,3128.6,13,1,3128.5,34,3,3129.3,6,2,3129.4,80,2,3129.6,1,1,3129.8,1197,4,3129.9,52,2
2031,2026-06-16 11:34:51+05:30,3129.3,1,3130.53,1653468,135075.0,206148.0,3163.0,3163.0,3108.0,3134.3,31919200,3447.7,2820.9,3839.9,2896.0,3129.2,20,3,3129.1,16,1,3128.7,14,1,3128.6,13,1,3128.5,34,3,3129.3,6,2,3129.4,80,2,3129.6,1,1,3129.8,1197,4,3129.9,52,2
2031,2026-06-16 11:34:52+05:30,3129.3,1,3130.53,1653468,135075.0,206148.0,3163.0,3163.0,3108.0,3134.3,31919200,3447.7,2820.9,3839.9,2896.0,3129.2,20,3,3129.1,16,1,3128.7,14,1,3128.6,13,1,3128.5,34,3,3129.3,6,2,3129.4,80,2,3129.6,1,1,3129.8,1197,4,3129.9,52,2
2031,2026-06-16 11:34:52+05:30,3129.3,1,3130.53,1653468,135075.0,206767.0,3163.0,3163.0,3108.0,3134.3,31919200,3447.7,2820.9,3839.9,2896.0,3129.2,20,3,3129.1,16,1,3128.7,14,1,3128.6,13,1,3128.5,34,3,3129.3,57,4,3129.4,42,1,3129.6,1,1,3129.8,1197,4,3129.9,52,2
2031,2026-06-16 11:34:53+05:30,3129.3,1,3130.53,1653468,135075.0,206767.0,3163.0,3163.0,3108.0,3134.3,31919200,3447.7,2820.9,3839.9,2896.0,3129.2,20,3,3129.1,16,1,3128.7,14,1,3128.6,13,1,3128.5,34,3,3129.3,57,4,3129.4,42,1,3129.6,1,1,3129.8,1197,4,3129.9,52,2
2031,2026-06-16 11:34:53+05:30,3129.3,1,3130.53,1653469,134445.0,206781.0,3163.0,3163.0,3108.0,3134.3,31919200,3447.7,2820.9,3839.9,2896.0,3129.2,20,3,3129.1,16,1,3128.7,14,1,3128.6,13,1,3128.5,34,3,3129.3,65,5,3129.4,42,1,3129.6,1,1,3129.7,24,1,3129.8,1173,3
2031,2026-06-16 11:34:53+05:30,3129.3,1,3130.53,1653469,134445.0,206781.0,3163.0,3163.0,3108.0,3134.3,31919200,3447.7,2820.9,3839.9,2896.0,3129.2,20,3,3129.1,16,1,3128.7,14,1,3128.6,13,1,3128.5,34,3,3129.3,65,5,3129.4,42,1,3129.6,1,1,3129.7,24,1,3129.8,1173,3
2031,2026-06-16 11:34:54+05:30,3129.4,42,3130.53,1653577,134312.0,206720.0,3163.0,3163.0,3108.0,3134.3,31919200,3447.7,2820.9,3839.9,2896.0,3129.3,19,2,3129.2,1,1,3129.1,16,1,3128.7,25,2,3128.6,13,1,3129.6,1,1,3129.8,1173,3,3129.9,52,2,3130.0,3018,20,3130.1,54,2
2031,2026-06-16 11:34:54+05:30,3129.6,1,3130.53,1653577,134312.0,206720.0,3163.0,3163.0,3108.0,3134.3,31919200,3447.7,2820.9,3839.9,2896.0,3129.3,19,2,3129.2,1,1,3129.1,16,1,3128.7,25,2,3128.6,13,1,3129.6,1,1,3129.8,1173,3,3129.9,52,2,3130.0,3018,20,3130.1,54,2
2031,2026-06-16 11:34:55+05:30,3129.6,1,3130.53,1653577,134312.0,206720.0,3163.0,3163.0,3108.0,3134.3,31919200,3447.7,2820.9,3839.9,2896.0,3129.3,19,2,3129.2,1,1,3129.1,16,1,3128.7,25,2,3128.6,13,1,3129.6,1,1,3129.8,1173,3,3129.9,52,2,3130.0,3018,20,3130.1,54,2
2031,2026-06-16 11:34:55+05:30,3129.7,8,3130.53,1654383,134681.0,206342.0,3163.0,3163.0,3108.0,3134.3,31919200,3447.7,2820.9,3839.9,2896.0,3129.3,19,2,3129.2,42,2,3129.1,16,1,3129.0,90,6,3128.9,23,1,3129.5,91,1,3129.6,1,1,3129.8,376,3,3129.9,50,1,3130.0,2994,19
2031,2026-06-16 11:34:55+05:30,3129.7,8,3130.53,1654383,134681.0,206342.0,3163.0,3163.0,3108.0,3134.3,31919200,3447.7,2820.9,3839.9,2896.0,3129.3,19,2,3129.2,42,2,3129.1,16,1,3129.0,90,6,3128.9,23,1,3129.5,91,1,3129.6,1,1,3129.8,376,3,3129.9,50,1,3130.0,2994,19
2031,2026-06-16 11:34:56+05:30,3129.7,8,3130.53,1654383,134681.0,206342.0,3163.0,3163.0,3108.0,3134.3,31919200,3447.7,2820.9,3839.9,2896.0,3129.3,19,2,3129.2,42,2,3129.1,16,1,3129.0,90,6,3128.9,23,1,3129.5,91,1,3129.6,1,1,3129.8,376,3,3129.9,50,1,3130.0,2994,19
2031,2026-06-16 11:34:56+05:30,3129.3,49,3130.53,1654474,135259.0,206216.0,3163.0,3163.0,3108.0,3134.3,31919200,3447.7,2820.9,3839.9,2896.0,3129.3,18,1,3129.1,63,3,3129.0,45,4,3128.8,64,3,3128.7,100,4,3129.4,1,1,3129.5,24,1,3129.6,1,1,3129.8,376,3,3129.9,50,1
2031,2026-06-16 11:34:56+05:30,3129.3,49,3130.53,1654474,135259.0,206216.0,3163.0,3163.0,3108.0,3134.3,31919200,3447.7,2820.9,3839.9,2896.0,3129.3,18,1,3129.1,63,3,3129.0,45,4,3128.8,64,3,3128.7,100,4,3129.4,1,1,3129.5,24,1,3129.6,1,1,3129.8,376,3,3129.9,50,1
2031,2026-06-16 11:34:56+05:30,3129.3,49,3130.53,1654474,135259.0,206216.0,3163.0,3163.0,3108.0,3134.3,31919200,3447.7,2820.9,3839.9,2896.0,3129.3,18,1,3129.1,63,3,3129.0,45,4,3128.8,64,3,3128.7,100,4,3129.4,1,1,3129.5,24,1,3129.6,1,1,3129.8,376,3,3129.9,50,1
2031,2026-06-16 11:34:57+05:30,3129.3,49,3130.53,1654474,135259.0,206216.0,3163.0,3163.0,3108.0,3134.3,31919200,3447.7,2820.9,3839.9,2896.0,3129.3,18,1,3129.1,63,3,3129.0,45,4,3128.8,64,3,3128.7,100,4,3129.4,1,1,3129.5,24,1,3129.6,1,1,3129.8,376,3,3129.9,50,1
2031,2026-06-16 11:34:57+05:30,3129.4,1,3130.53,1654485,135313.0,206416.0,3163.0,3163.0,3108.0,3134.3,31919200,3447.7,2820.9,3839.9,2896.0,3129.3,8,1,3129.1,79,4,3129.0,45,4,3128.8,64,3,3128.7,84,3,3129.5,24,1,3129.6,1,1,3129.8,376,3,3129.9,50,1,3130.0,2994,19
2031,2026-06-16 11:34:57+05:30,3129.4,1,3130.53,1654485,135313.0,206416.0,3163.0,3163.0,3108.0,3134.3,31919200,3447.7,2820.9,3839.9,2896.0,3129.3,8,1,3129.1,79,4,3129.0,45,4,3128.8,64,3,3128.7,84,3,3129.5,24,1,3129.6,1,1,3129.8,376,3,3129.9,50,1,3130.0,2994,19
2031,2026-06-16 11:34:57+05:30,3129.4,1,3130.53,1654485,135313.0,206416.0,3163.0,3163.0,3108.0,3134.3,31919200,3447.7,2820.9,3839.9,2896.0,3129.3,8,1,3129.1,79,4,3129.0,45,4,3128.8,64,3,3128.7,84,3,3129.5,24,1,3129.6,1,1,3129.8,376,3,3129.9,50,1,3130.0,2994,19
2031,2026-06-16 11:34:58+05:30,3129.4,1,3130.53,1654486,135375.0,206414.0,3163.0,3163.0,3108.0,3134.3,31919200,3447.7,2820.9,3839.9,2896.0,3129.3,8,1,3129.1,79,4,3129.0,45,4,3128.8,64,3,3128.7,84,3,3129.5,24,1,3129.8,376,3,3129.9,50,1,3130.0,2994,19,3130.1,1,1
2031,2026-06-16 11:34:58+05:30,3129.4,1,3130.53,1654486,135375.0,206414.0,3163.0,3163.0,3108.0,3134.3,31919200,3447.7,2820.9,3839.9,2896.0,3129.3,8,1,3129.1,79,4,3129.0,45,4,3128.8,64,3,3128.7,84,3,3129.5,24,1,3129.8,376,3,3129.9,50,1,3130.0,2994,19,3130.1,1,1
2031,2026-06-16 11:34:58+05:30,3129.4,1,3130.53,1654486,135375.0,206414.0,3163.0,3163.0,3108.0,3134.3,31919200,3447.7,2820.9,3839.9,2896.0,3129.3,8,1,3129.1,79,4,3129.0,45,4,3128.8,64,3,3128.7,84,3,3129.5,24,1,3129.8,376,3,3129.9,50,1,3130.0,2994,19,3130.1,1,1
2031,2026-06-16 11:34:59+05:30,3129.5,24,3130.53,1654510,137807.0,206002.0,3163.0,3163.0,3108.0,3134.3,31919200,3447.7,2820.9,3839.9,2896.0,3129.6,1,1,3129.5,96,6,3129.4,37,3,3129.3,2041,5,3129.2,98,3,3129.8,376,3,3129.9,50,1,3130.0,2994,19,3130.1,1,1,3130.5,5,1
2031,2026-06-16 11:34:59+05:30,3129.8,5,3130.53,1654510,137807.0,206002.0,3163.0,3163.0,3108.0,3134.3,31919200,3447.7,2820.9,3839.9,2896.0,3129.6,1,1,3129.5,96,6,3129.4,37,3,3129.3,2041,5,3129.2,98,3,3129.8,376,3,3129.9,50,1,3130.0,2994,19,3130.1,1,1,3130.5,5,1
2031,2026-06-16 11:34:59+05:30,3129.8,5,3130.53,1654510,137807.0,206002.0,3163.0,3163.0,3108.0,3134.3,31919200,3447.7,2820.9,3839.9,2896.0,3129.6,1,1,3129.5,96,6,3129.4,37,3,3129.3,2041,5,3129.2,98,3,3129.8,376,3,3129.9,50,1,3130.0,2994,19,3130.1,1,1,3130.5,5,1
2031,2026-06-16 11:35:00+05:30,3129.7,1,3130.53,1654958,137707.0,205455.0,3163.0,3163.0,3108.0,3134.3,31919200,3447.7,2820.9,3839.9,2896.0,3129.7,42,5,3129.6,19,3,3129.5,27,2,3129.4,73,4,3129.3,2095,6,3129.9,50,2,3130.0,3019,20,3130.1,1,1,3130.5,5,1,3130.6,21,1
2031,2026-06-16 11:35:00+05:30,3129.7,1,3130.53,1654958,137707.0,205455.0,3163.0,3163.0,3108.0,3134.3,31919200,3447.7,2820.9,3839.9,2896.0,3129.7,42,5,3129.6,19,3,3129.5,27,2,3129.4,73,4,3129.3,2095,6,3129.9,50,2,3130.0,3019,20,3130.1,1,1,3130.5,5,1,3130.6,21,1
2031,2026-06-16 11:35:00+05:30,3129.7,1,3130.53,1654958,137707.0,205455.0,3163.0,3163.0,3108.0,3134.3,31919200,3447.7,2820.9,3839.9,2896.0,3129.7,42,5,3129.6,19,3,3129.5,27,2,3129.4,73,4,3129.3,2095,6,3129.9,50,2,3130.0,3019,20,3130.1,1,1,3130.5,5,1,3130.6,21,1
2031,2026-06-16 11:35:01+05:30,3129.7,1,3130.53,1654958,137707.0,205455.0,3163.0,3163.0,3108.0,3134.3,31919200,3447.7,2820.9,3839.9,2896.0,3129.7,42,5,3129.6,19,3,3129.5,27,2,3129.4,73,4,3129.3,2095,6,3129.9,50,2,3130.0,3019,20,3130.1,1,1,3130.5,5,1,3130.6,21,1
2031,2026-06-16 11:35:01+05:30,3129.7,1,3130.53,1655141,137237.0,205400.0,3163.0,3163.0,3108.0,3134.3,31919200,3447.7,2820.9,3839.9,2896.0,3129.7,13,3,3129.6,6,2,3129.4,31,2,3129.3,2028,4,3129.2,47,2,3129.8,25,1,3129.9,50,2,3130.0,3019,20,3130.1,1,1,3130.5,5,1
2031,2026-06-16 11:35:01+05:30,3129.7,1,3130.53,1655141,137237.0,205400.0,3163.0,3163.0,3108.0,3134.3,31919200,3447.7,2820.9,3839.9,2896.0,3129.7,13,3,3129.6,6,2,3129.4,31,2,3129.3,2028,4,3129.2,47,2,3129.8,25,1,3129.9,50,2,3130.0,3019,20,3130.1,1,1,3130.5,5,1
2031,2026-06-16 11:35:02+05:30,3129.7,1,3130.53,1655141,137237.0,205400.0,3163.0,3163.0,3108.0,3134.3,31919200,3447.7,2820.9,3839.9,2896.0,3129.7,13,3,3129.6,6,2,3129.4,31,2,3129.3,2028,4,3129.2,47,2,3129.8,25,1,3129.9,50,2,3130.0,3019,20,3130.1,1,1,3130.5,5,1
2031,2026-06-16 11:35:02+05:30,3129.7,1,3130.53,1655155,137303.0,205432.0,3163.0,3163.0,3108.0,3134.3,31919200,3447.7,2820.9,3839.9,2896.0,3129.6,16,3,3129.4,31,2,3129.3,2023,3,3129.2,47,2,3129.1,20,2,3129.7,6,1,3129.8,25,1,3129.9,50,2,3130.0,3019,20,3130.1,1,1
2031,2026-06-16 11:35:02+05:30,3129.7,1,3130.53,1655155,137303.0,205432.0,3163.0,3163.0,3108.0,3134.3,31919200,3447.7,2820.9,3839.9,2896.0,3129.6,16,3,3129.4,31,2,3129.3,2023,3,3129.2,47,2,3129.1,20,2,3129.7,6,1,3129.8,25,1,3129.9,50,2,3130.0,3019,20,3130.1,1,1
2031,2026-06-16 11:35:03+05:30,3129.7,1,3130.53,1655155,137303.0,205432.0,3163.0,3163.0,3108.0,3134.3,31919200,3447.7,2820.9,3839.9,2896.0,3129.6,16,3,3129.4,31,2,3129.3,2023,3,3129.2,47,2,3129.1,20,2,3129.7,6,1,3129.8,25,1,3129.9,50,2,3130.0,3019,20,3130.1,1,1
2031,2026-06-16 11:35:03+05:30,3129.6,2,3130.53,1655157,137301.0,205428.0,3163.0,3163.0,3108.0,3134.3,31919200,3447.7,2820.9,3839.9,2896.0,3129.6,14,3,3129.4,31,2,3129.3,2023,3,3129.2,47,2,3129.1,20,2,3129.7,7,2,3129.8,25,1,3129.9,50,2,3130.0,3019,20,3130.1,1,1
2031,2026-06-16 11:35:03+05:30,3129.6,2,3130.53,1655157,137301.0,205428.0,3163.0,3163.0,3108.0,3134.3,31919200,3447.7,2820.9,3839.9,2896.0,3129.6,14,3,3129.4,31,2,3129.3,2023,3,3129.2,47,2,3129.1,20,2,3129.7,7,2,3129.8,25,1,3129.9,50,2,3130.0,3019,20,3130.1,1,1
2031,2026-06-16 11:35:04+05:30,3129.6,2,3130.53,1655157,137301.0,205428.0,3163.0,3163.0,3108.0,3134.3,31914000,3447.7,2820.9,3839.9,2896.0,3129.6,14,3,3129.4,31,2,3129.3,2023,3,3129.2,47,2,3129.1,20,2,3129.7,7,2,3129.8,25,1,3129.9,50,2,3130.0,3019,20,3130.1,1,1
2031,2026-06-16 11:35:04+05:30,3129.7,2,3130.53,1656160,137247.0,204366.0,3163.0,3163.0,3108.0,3134.3,31914000,3447.7,2820.9,3839.9,2896.0,3129.5,39,3,3129.4,16,2,3129.3,2010,2,3129.2,64,3,3129.1,20,2,3129.7,4,2,3129.8,25,1,3129.9,50,2,3130.0,2019,19,3130.1,1,1
2031,2026-06-16 11:35:04+05:30,3129.7,2,3130.53,1656160,137247.0,204366.0,3163.0,3163.0,3108.0,3134.3,31914000,3447.7,2820.9,3839.9,2896.0,3129.5,39,3,3129.4,16,2,3129.3,2010,2,3129.2,64,3,3129.1,20,2,3129.7,4,2,3129.8,25,1,3129.9,50,2,3130.0,2019,19,3130.1,1,1
2031,2026-06-16 11:35:05+05:30,3129.6,10,3130.53,1656283,137305.0,204387.0,3163.0,3163.0,3108.0,3134.3,31914000,3447.7,2820.9,3839.9,2896.0,3129.4,37,3,3129.3,2010,2,3129.2,63,3,3129.1,20,2,3129.0,170,9,3129.6,15,1,3129.7,1,1,3129.9,50,2,3130.0,2019,19,3130.1,1,1
2031,2026-06-16 11:35:05+05:30,3129.6,10,3130.53,1656283,137305.0,204387.0,3163.0,3163.0,3108.0,3134.3,31914000,3447.7,2820.9,3839.9,2896.0,3129.4,37,3,3129.3,2010,2,3129.2,63,3,3129.1,20,2,3129.0,170,9,3129.6,15,1,3129.7,1,1,3129.9,50,2,3130.0,2019,19,3130.1,1,1
2031,2026-06-16 11:35:06+05:30,3129.5,1,3130.53,1656299,137696.0,204388.0,3163.0,3163.0,3108.0,3134.3,31914000,3447.7,2820.9,3839.9,2896.0,3129.4,79,4,3129.3,2251,3,3129.2,46,2,3129.1,41,3,3129.0,143,7,3129.5,14,1,3129.9,50,2,3130.0,2019,19,3130.1,1,1,3130.4,21,1
2031,2026-06-16 11:35:06+05:30,3129.5,1,3130.53,1656299,137696.0,204388.0,3163.0,3163.0,3108.0,3134.3,31914000,3447.7,2820.9,3839.9,2896.0,3129.4,79,4,3129.3,2251,3,3129.2,46,2,3129.1,41,3,3129.0,143,7,3129.5,14,1,3129.9,50,2,3130.0,2019,19,3130.1,1,1,3130.4,21,1
2031,2026-06-16 11:35:07+05:30,3129.5,14,3130.53,1656314,137704.0,204151.0,3163.0,3163.0,3108.0,3134.3,31914000,3447.7,2820.9,3839.9,2896.0,3129.5,14,1,3129.4,109,6,3129.3,2289,6,3129.2,46,2,3129.1,41,3,3129.9,50,2,3130.0,2019,19,3130.1,1,1,3130.4,21,1,3130.5,5,1
2031,2026-06-16 11:35:07+05:30,3129.5,14,3130.53,1656314,137704.0,204151.0,3163.0,3163.0,3108.0,3134.3,31914000,3447.7,2820.9,3839.9,2896.0,3129.5,14,1,3129.4,109,6,3129.3,2289,6,3129.2,46,2,3129.1,41,3,3129.9,50,2,3130.0,2019,19,3130.1,1,1,3130.4,21,1,3130.5,5,1
2031,2026-06-16 11:35:08+05:30,3129.5,14,3130.53,1656314,137494.0,204359.0,3163.0,3163.0,3108.0,3134.3,31914000,3447.7,2820.9,3839.9,2896.0,3129.4,80,4,3129.3,2255,4,3129.2,46,2,3129.1,39,3,3129.0,145,8,3129.5,1,1,3129.6,1,1,3129.9,49,1,3130.0,2019,19,3130.1,1,1
2031,2026-06-16 11:35:09+05:30,3129.5,14,3130.53,1656314,137506.0,204360.0,3163.0,3163.0,3108.0,3134.3,31914000,3447.7,2820.9,3839.9,2896.0,3129.4,66,3,3129.3,2275,5,3129.2,46,2,3129.1,39,3,3129.0,145,8,3129.5,2,2,3129.6,1,1,3129.9,49,1,3130.0,2019,19,3130.1,1,1
2031,2026-06-16 11:35:09+05:30,3129.5,1,3130.53,1656314,137506.0,204360.0,3163.0,3163.0,3108.0,3134.3,31914000,3447.7,2820.9,3839.9,2896.0,3129.4,66,3,3129.3,2275,5,3129.2,46,2,3129.1,39,3,3129.0,145,8,3129.5,2,2,3129.6,1,1,3129.9,49,1,3130.0,2019,19,3130.1,1,1
2031,2026-06-16 11:35:10+05:30,3129.5,1,3130.53,1656315,137485.0,204399.0,3163.0,3163.0,3108.0,3134.3,31914000,3447.7,2820.9,3839.9,2896.0,3129.4,66,3,3129.3,2275,5,3129.2,46,2,3129.1,20,2,3129.0,145,8,3129.5,26,2,3129.6,1,1,3129.9,49,1,3130.0,2019,19,3130.1,1,1
2031,2026-06-16 11:35:11+05:30,3129.5,1,3130.53,1656315,137736.0,204477.0,3163.0,3163.0,3108.0,3134.3,31914000,3447.7,2820.9,3839.9,2896.0,3129.4,47,1,3129.3,2289,4,3129.1,10,1,3129.0,122,7,3128.9,21,1,3129.5,66,4,3129.6,1,1,3129.9,49,1,3130.0,2019,19,3130.1,1,1
2031,2026-06-16 11:35:12+05:30,3129.5,1,3130.53,1656315,137750.0,204478.0,3163.0,3163.0,3108.0,3134.3,31914000,3447.7,2820.9,3839.9,2896.0,3129.4,47,1,3129.3,2289,4,3129.1,10,1,3129.0,122,7,3128.9,21,1,3129.5,66,4,3129.6,1,1,3129.9,49,1,3130.0,2019,19,3130.1,1,1
2031,2026-06-16 11:35:13+05:30,3129.4,1,3130.53,1656317,137628.0,204480.0,3163.0,3163.0,3108.0,3134.3,31914000,3447.7,2820.9,3839.9,2896.0,3129.4,46,1,3129.3,2289,4,3129.1,10,1,3129.0,140,8,3128.9,21,1,3129.5,65,3,3129.6,1,1,3129.8,10,1,3129.9,49,1,3130.0,2009,18
2031,2026-06-16 11:35:13+05:30,3129.4,1,3130.53,1656317,137628.0,204480.0,3163.0,3163.0,3108.0,3134.3,31914000,3447.7,2820.9,3839.9,2896.0,3129.4,46,1,3129.3,2289,4,3129.1,10,1,3129.0,140,8,3128.9,21,1,3129.5,65,3,3129.6,1,1,3129.8,10,1,3129.9,49,1,3130.0,2009,18
2031,2026-06-16 11:35:14+05:30,3129.4,1,3130.53,1656318,137648.0,204488.0,3163.0,3163.0,3108.0,3134.3,31914000,3447.7,2820.9,3839.9,2896.0,3129.4,45,1,3129.3,2289,4,3129.1,10,1,3129.0,140,8,3128.9,21,1,3129.5,65,3,3129.8,10,1,3129.9,49,1,3130.0,2009,18,3130.1,1,1
2031,2026-06-16 11:35:14+05:30,3129.5,45,3130.53,1656318,137648.0,204488.0,3163.0,3163.0,3108.0,3134.3,31914000,3447.7,2820.9,3839.9,2896.0,3129.4,45,1,3129.3,2289,4,3129.1,10,1,3129.0,140,8,3128.9,21,1,3129.5,65,3,3129.8,10,1,3129.9,49,1,3130.0,2009,18,3130.1,1,1
2031,2026-06-16 11:35:15+05:30,3129.5,45,3130.53,1656389,137743.0,204726.0,3163.0,3163.0,3108.0,3134.3,31914000,3447.7,2820.9,3839.9,2896.0,3129.6,1,1,3129.5,45,2,3129.4,47,3,3129.3,2241,2,3129.2,50,2,3129.7,8,1,3129.8,10,1,3129.9,49,1,3130.0,2009,18,3130.1,1,1
2031,2026-06-16 11:35:15+05:30,3129.7,2,3130.53,1656389,137743.0,204726.0,3163.0,3163.0,3108.0,3134.3,31914000,3447.7,2820.9,3839.9,2896.0,3129.6,1,1,3129.5,45,2,3129.4,47,3,3129.3,2241,2,3129.2,50,2,3129.7,8,1,3129.8,10,1,3129.9,49,1,3130.0,2009,18,3130.1,1,1
2031,2026-06-16 11:35:16+05:30,3129.7,2,3130.53,1656394,137235.0,203915.0,3163.0,3163.0,3108.0,3134.3,31914000,3447.7,2820.9,3839.9,2896.0,3129.6,1,1,3129.5,45,2,3129.4,47,3,3129.3,2241,2,3129.2,50,2,3129.7,3,1,3129.8,10,1,3129.9,49,1,3130.0,2009,18,3130.1,1,1
2031,2026-06-16 11:35:16+05:30,3129.7,1,3130.53,1656394,137235.0,203915.0,3163.0,3163.0,3108.0,3134.3,31914000,3447.7,2820.9,3839.9,2896.0,3129.6,1,1,3129.5,45,2,3129.4,47,3,3129.3,2241,2,3129.2,50,2,3129.7,3,1,3129.8,10,1,3129.9,49,1,3130.0,2009,18,3130.1,1,1
2031,2026-06-16 11:35:17+05:30,3129.7,1,3130.53,1656402,137758.0,204597.0,3163.0,3163.0,3108.0,3134.3,31914000,3447.7,2820.9,3839.9,2896.0,3129.7,11,1,3129.6,1,1,3129.5,28,1,3129.4,47,3,3129.3,2241,2,3129.8,10,1,3129.9,49,1,3130.0,2009,18,3130.1,1,1,3130.5,5,1
2031,2026-06-16 11:35:17+05:30,3129.8,10,3130.53,1656402,137758.0,204597.0,3163.0,3163.0,3108.0,3134.3,31914000,3447.7,2820.9,3839.9,2896.0,3129.7,11,1,3129.6,1,1,3129.5,28,1,3129.4,47,3,3129.3,2241,2,3129.8,10,1,3129.9,49,1,3130.0,2009,18,3130.1,1,1,3130.5,5,1
2031,2026-06-16 11:35:18+05:30,3129.9,3,3130.53,1656465,137910.0,203879.0,3163.0,3163.0,3108.0,3134.3,31914000,3447.7,2820.9,3839.9,2896.0,3129.7,64,2,3129.4,47,3,3129.3,2241,2,3129.2,27,1,3129.1,52,3,3130.0,2009,18,3130.1,1,1,3130.5,5,1,3130.7,667,4,3130.8,79,2
2031,2026-06-16 11:35:18+05:30,3129.9,3,3130.53,1656465,137910.0,203879.0,3163.0,3163.0,3108.0,3134.3,31914000,3447.7,2820.9,3839.9,2896.0,3129.7,64,2,3129.4,47,3,3129.3,2241,2,3129.2,27,1,3129.1,52,3,3130.0,2009,18,3130.1,1,1,3130.5,5,1,3130.7,667,4,3130.8,79,2
2031,2026-06-16 11:35:19+05:30,3129.9,1,3130.53,1656466,137891.0,204512.0,3163.0,3163.0,3108.0,3134.3,31914000,3447.7,2820.9,3839.9,2896.0,3129.7,64,2,3129.4,47,3,3129.3,2241,2,3129.2,80,3,3129.1,52,3,3129.9,5,1,3130.0,2009,18,3130.1,1,1,3130.5,5,1,3130.7,667,4
2031,2026-06-16 11:35:21+05:30,3129.9,1,3130.53,1656466,137891.0,204512.0,3163.0,3163.0,3108.0,3134.3,31914000,3447.7,2820.9,3839.9,2896.0,3129.7,64,2,3129.4,47,3,3129.3,2241,2,3129.2,80,3,3129.1,52,3,3129.9,5,1,3130.0,2009,18,3130.1,1,1,3130.5,5,1,3130.7,667,4
2031,2026-06-16 11:35:24+05:30,3129.9,5,3130.53,1656664,137828.0,204409.0,3163.0,3163.0,3108.0,3134.3,31914000,3447.7,2820.9,3839.9,2896.0,3129.7,63,2,3129.4,46,2,3129.3,2241,2,3129.2,3,1,3129.1,10,1,3129.9,14,1,3130.0,1832,18,3130.1,1,1,3130.5,5,1,3130.6,46,2
2031,2026-06-16 11:35:24+05:30,3129.7,154,3130.53,1656664,137828.0,204409.0,3163.0,3163.0,3108.0,3134.3,31914000,3447.7,2820.9,3839.9,2896.0,3129.7,63,2,3129.4,46,2,3129.3,2241,2,3129.2,3,1,3129.1,10,1,3129.9,14,1,3130.0,1832,18,3130.1,1,1,3130.5,5,1,3130.6,46,2
2031,2026-06-16 11:35:27+05:30,3129.9,1,3130.53,1656664,137828.0,204409.0,3163.0,3163.0,3108.0,3134.3,31914000,3447.7,2820.9,3839.9,2896.0,3129.7,63,2,3129.4,46,2,3129.3,2241,2,3129.2,3,1,3129.1,10,1,3129.9,14,1,3130.0,1832,18,3130.1,1,1,3130.5,5,1,3130.6,46,2
2031,2026-06-16 11:35:29+05:30,3129.9,1,3130.53,1656913,137490.0,204874.0,3163.0,3163.0,3108.0,3134.3,31914000,3447.7,2820.9,3839.9,2896.0,3129.4,16,1,3129.3,2241,2,3129.1,10,1,3129.0,18,2,3128.7,34,2,3129.9,176,3,3130.0,1865,20,3130.1,1,1,3130.2,90,3,3130.4,106,3
2031,2026-06-16 11:35:33+05:30,3129.8,1,3130.53,1656913,137490.0,204874.0,3163.0,3163.0,3108.0,3134.3,31914000,3447.7,2820.9,3839.9,2896.0,3129.4,16,1,3129.3,2241,2,3129.1,10,1,3129.0,18,2,3128.7,34,2,3129.9,176,3,3130.0,1865,20,3130.1,1,1,3130.2,90,3,3130.4,106,3
2031,2026-06-16 11:35:34+05:30,3129.8,1,3130.53,1656918,137915.0,205004.0,3163.0,3163.0,3108.0,3134.3,31914000,3447.7,2820.9,3839.9,2896.0,3129.8,1,1,3129.7,20,2,3129.4,22,3,3129.3,2241,2,3129.0,5,1,3129.9,211,5,3130.0,1700,18,3130.2,43,2,3130.4,84,2,3130.5,19,2
2031,2026-06-16 11:35:36+05:30,3129.9,1,3130.53,1656918,137915.0,205004.0,3163.0,3163.0,3108.0,3134.3,31914000,3447.7,2820.9,3839.9,2896.0,3129.8,1,1,3129.7,20,2,3129.4,22,3,3129.3,2241,2,3129.0,5,1,3129.9,211,5,3130.0,1700,18,3130.2,43,2,3130.4,84,2,3130.5,19,2
2031,2026-06-16 11:35:39+05:30,3129.8,1,3130.53,1657110,137883.0,204640.0,3163.0,3163.0,3108.0,3134.3,31914000,3447.7,2820.9,3839.9,2896.0,3129.7,7,2,3129.4,17,2,3129.3,2261,3,3129.0,5,1,3128.9,78,2,3129.8,16,1,3129.9,2,1,3130.0,2022,20,3130.4,43,2,3130.5,19,2
2031,2026-06-16 11:35:39+05:30,3129.8,1,3130.53,1657110,137883.0,204640.0,3163.0,3163.0,3108.0,3134.3,31914000,3447.7,2820.9,3839.9,2896.0,3129.7,7,2,3129.4,17,2,3129.3,2261,3,3129.0,5,1,3128.9,78,2,3129.8,16,1,3129.9,2,1,3130.0,2022,20,3130.4,43,2,3130.5,19,2
2031,2026-06-16 11:35:42+05:30,3129.8,1,3130.53,1657110,137883.0,204640.0,3163.0,3163.0,3108.0,3134.3,31914000,3447.7,2820.9,3839.9,2896.0,3129.7,7,2,3129.4,17,2,3129.3,2261,3,3129.0,5,1,3128.9,78,2,3129.8,16,1,3129.9,2,1,3130.0,2022,20,3130.4,43,2,3130.5,19,2
2031,2026-06-16 11:35:44+05:30,3129.8,1,3130.53,1657110,137883.0,204640.0,3163.0,3163.0,3108.0,3134.3,31914000,3447.7,2820.9,3839.9,2896.0,3129.7,7,2,3129.4,17,2,3129.3,2261,3,3129.0,5,1,3128.9,78,2,3129.8,16,1,3129.9,2,1,3130.0,2022,20,3130.4,43,2,3130.5,19,2
2031,2026-06-16 11:35:44+05:30,3129.8,8,3130.53,1657201,137581.0,204812.0,3163.0,3163.0,3108.0,3134.3,31914000,3447.7,2820.9,3839.9,2896.0,3129.8,5,1,3129.7,63,4,3129.4,34,2,3129.3,2241,2,3129.0,5,1,3129.9,2,1,3130.0,2022,20,3130.4,46,2,3130.5,5,1,3130.6,166,5
2031,2026-06-16 11:35:45+05:30,3130.0,159,3130.53,1657201,137581.0,204812.0,3163.0,3163.0,3108.0,3134.3,31914000,3447.7,2820.9,3839.9,2896.0,3129.8,5,1,3129.7,63,4,3129.4,34,2,3129.3,2241,2,3129.0,5,1,3129.9,2,1,3130.0,2022,20,3130.4,46,2,3130.5,5,1,3130.6,166,5
2031,2026-06-16 11:35:46+05:30,3130.0,159,3130.53,1657201,137581.0,204812.0,3163.0,3163.0,3108.0,3134.3,31914000,3447.7,2820.9,3839.9,2896.0,3129.8,5,1,3129.7,63,4,3129.4,34,2,3129.3,2241,2,3129.0,5,1,3129.9,2,1,3130.0,2022,20,3130.4,46,2,3130.5,5,1,3130.6,166,5
2031,2026-06-16 11:35:48+05:30,3130.0,159,3130.53,1657201,137581.0,204812.0,3163.0,3163.0,3108.0,3134.3,31914000,3447.7,2820.9,3839.9,2896.0,3129.8,5,1,3129.7,63,4,3129.4,34,2,3129.3,2241,2,3129.0,5,1,3129.9,2,1,3130.0,2022,20,3130.4,46,2,3130.5,5,1,3130.6,166,5
2031,2026-06-16 11:35:48+05:30,3129.8,12,3130.53,1657201,137581.0,204812.0,3163.0,3163.0,3108.0,3134.3,31914000,3447.7,2820.9,3839.9,2896.0,3129.8,5,1,3129.7,63,4,3129.4,34,2,3129.3,2241,2,3129.0,5,1,3129.9,2,1,3130.0,2022,20,3130.4,46,2,3130.5,5,1,3130.6,166,5
2031,2026-06-16 11:35:50+05:30,3129.8,5,3130.53,1658023,138190.0,203274.0,3163.0,3163.0,3108.0,3134.3,31914000,3447.7,2820.9,3839.9,2896.0,3129.8,51,1,3129.7,42,2,3129.4,60,3,3129.3,2258,3,3129.2,46,3,3129.9,1,1,3130.0,1560,18,3130.5,5,1,3130.6,20,1,3130.8,21,1
2031,2026-06-16 11:35:50+05:30,3129.8,5,3130.53,1658023,138190.0,203274.0,3163.0,3163.0,3108.0,3134.3,31914000,3447.7,2820.9,3839.9,2896.0,3129.8,51,1,3129.7,42,2,3129.4,60,3,3129.3,2258,3,3129.2,46,3,3129.9,1,1,3130.0,1560,18,3130.5,5,1,3130.6,20,1,3130.8,21,1
2031,2026-06-16 11:35:51+05:30,3129.8,5,3130.53,1658023,138190.0,203274.0,3163.0,3163.0,3108.0,3134.3,31914000,3447.7,2820.9,3839.9,2896.0,3129.8,51,1,3129.7,42,2,3129.4,60,3,3129.3,2258,3,3129.2,46,3,3129.9,1,1,3130.0,1560,18,3130.5,5,1,3130.6,20,1,3130.8,21,1
2031,2026-06-16 11:35:52+05:30,3129.8,5,3130.53,1658023,138190.0,203274.0,3163.0,3163.0,3108.0,3134.3,31914000,3447.7,2820.9,3839.9,2896.0,3129.8,51,1,3129.7,42,2,3129.4,60,3,3129.3,2258,3,3129.2,46,3,3129.9,1,1,3130.0,1560,18,3130.5,5,1,3130.6,20,1,3130.8,21,1
2031,2026-06-16 11:35:53+05:30,3129.8,5,3130.53,1658023,138190.0,203274.0,3163.0,3163.0,3108.0,3134.3,31914000,3447.7,2820.9,3839.9,2896.0,3129.8,51,1,3129.7,42,2,3129.4,60,3,3129.3,2258,3,3129.2,46,3,3129.9,1,1,3130.0,1560,18,3130.5,5,1,3130.6,20,1,3130.8,21,1
2031,2026-06-16 11:35:54+05:30,3129.8,1,3130.53,1658023,138190.0,203274.0,3163.0,3163.0,3108.0,3134.3,31914000,3447.7,2820.9,3839.9,2896.0,3129.8,51,1,3129.7,42,2,3129.4,60,3,3129.3,2258,3,3129.2,46,3,3129.9,1,1,3130.0,1560,18,3130.5,5,1,3130.6,20,1,3130.8,21,1
2031,2026-06-16 11:35:55+05:30,3129.8,1,3130.53,1658026,137983.0,201159.0,3163.0,3163.0,3108.0,3134.3,31914000,3447.7,2820.9,3839.9,2896.0,3129.8,51,2,3129.7,16,1,3129.6,25,1,3129.4,59,3,3129.3,2241,2,3129.9,26,1,3130.0,1692,19,3130.5,5,1,3130.6,20,1,3130.8,21,1
2031,2026-06-16 11:35:55+05:30,3129.8,1,3130.53,1658026,137983.0,201159.0,3163.0,3163.0,3108.0,3134.3,31914000,3447.7,2820.9,3839.9,2896.0,3129.8,51,2,3129.7,16,1,3129.6,25,1,3129.4,59,3,3129.3,2241,2,3129.9,26,1,3130.0,1692,19,3130.5,5,1,3130.6,20,1,3130.8,21,1
2031,2026-06-16 11:35:56+05:30,3129.8,1,3130.53,1658026,137983.0,201159.0,3163.0,3163.0,3108.0,3134.3,31914000,3447.7,2820.9,3839.9,2896.0,3129.8,51,2,3129.7,16,1,3129.6,25,1,3129.4,59,3,3129.3,2241,2,3129.9,26,1,3130.0,1692,19,3130.5,5,1,3130.6,20,1,3130.8,21,1
2031,2026-06-16 11:35:57+05:30,3129.8,1,3130.53,1658026,137983.0,201159.0,3163.0,3163.0,3108.0,3134.3,31914000,3447.7,2820.9,3839.9,2896.0,3129.8,51,2,3129.7,16,1,3129.6,25,1,3129.4,59,3,3129.3,2241,2,3129.9,26,1,3130.0,1692,19,3130.5,5,1,3130.6,20,1,3130.8,21,1
2031,2026-06-16 11:35:57+05:30,3129.3,31,3130.53,1658026,137983.0,201159.0,3163.0,3163.0,3108.0,3134.3,31914000,3447.7,2820.9,3839.9,2896.0,3129.8,51,2,3129.7,16,1,3129.6,25,1,3129.4,59,3,3129.3,2241,2,3129.9,26,1,3130.0,1692,19,3130.5,5,1,3130.6,20,1,3130.8,21,1
2031,2026-06-16 11:35:58+05:30,3129.3,31,3130.53,1658026,137983.0,201159.0,3163.0,3163.0,3108.0,3134.3,31914000,3447.7,2820.9,3839.9,2896.0,3129.8,51,2,3129.7,16,1,3129.6,25,1,3129.4,59,3,3129.3,2241,2,3129.9,26,1,3130.0,1692,19,3130.5,5,1,3130.6,20,1,3130.8,21,1
2031,2026-06-16 11:35:59+05:30,3129.3,31,3130.53,1658026,137983.0,201159.0,3163.0,3163.0,3108.0,3134.3,31914000,3447.7,2820.9,3839.9,2896.0,3129.8,51,2,3129.7,16,1,3129.6,25,1,3129.4,59,3,3129.3,2241,2,3129.9,26,1,3130.0,1692,19,3130.5,5,1,3130.6,20,1,3130.8,21,1
2031,2026-06-16 11:36:00+05:30,3129.4,1,3130.53,1658360,136611.0,204417.0,3163.0,3163.0,3108.0,3134.3,31914000,3447.7,2820.9,3839.9,2896.0,3129.3,2191,5,3129.0,16,1,3128.7,36,2,3128.6,63,2,3128.5,2,1,3129.4,150,2,3129.9,61,4,3130.0,1692,19,3130.1,26,1,3130.2,85,3
2031,2026-06-16 11:36:00+05:30,3129.4,2,3130.53,1658360,136611.0,204417.0,3163.0,3163.0,3108.0,3134.3,31914000,3447.7,2820.9,3839.9,2896.0,3129.3,2191,5,3129.0,16,1,3128.7,36,2,3128.6,63,2,3128.5,2,1,3129.4,150,2,3129.9,61,4,3130.0,1692,19,3130.1,26,1,3130.2,85,3
2031,2026-06-16 11:36:00+05:30,3129.4,2,3130.53,1658360,136611.0,204417.0,3163.0,3163.0,3108.0,3134.3,31914000,3447.7,2820.9,3839.9,2896.0,3129.3,2191,5,3129.0,16,1,3128.7,36,2,3128.6,63,2,3128.5,2,1,3129.4,150,2,3129.9,61,4,3130.0,1692,19,3130.1,26,1,3130.2,85,3
2031,2026-06-16 11:36:01+05:30,3129.4,2,3130.53,1658360,136611.0,204417.0,3163.0,3163.0,3108.0,3134.3,31914000,3447.7,2820.9,3839.9,2896.0,3129.3,2191,5,3129.0,16,1,3128.7,36,2,3128.6,63,2,3128.5,2,1,3129.4,150,2,3129.9,61,4,3130.0,1692,19,3130.1,26,1,3130.2,85,3
2031,2026-06-16 11:36:02+05:30,3129.4,2,3130.53,1658360,136611.0,204417.0,3163.0,3163.0,3108.0,3134.3,31914000,3447.7,2820.9,3839.9,2896.0,3129.3,2191,5,3129.0,16,1,3128.7,36,2,3128.6,63,2,3128.5,2,1,3129.4,150,2,3129.9,61,4,3130.0,1692,19,3130.1,26,1,3130.2,85,3
2031,2026-06-16 11:36:03+05:30,3129.4,2,3130.53,1658360,136611.0,204417.0,3163.0,3163.0,3108.0,3134.3,31911000,3447.7,2820.9,3839.9,2896.0,3129.3,2191,5,3129.0,16,1,3128.7,36,2,3128.6,63,2,3128.5,2,1,3129.4,150,2,3129.9,61,4,3130.0,1692,19,3130.1,26,1,3130.2,85,3
2031,2026-06-16 11:36:03+05:30,3129.3,6,3130.53,1658360,136611.0,204417.0,3163.0,3163.0,3108.0,3134.3,31911000,3447.7,2820.9,3839.9,2896.0,3129.3,2191,5,3129.0,16,1,3128.7,36,2,3128.6,63,2,3128.5,2,1,3129.4,150,2,3129.9,61,4,3130.0,1692,19,3130.1,26,1,3130.2,85,3
2031,2026-06-16 11:36:05+05:30,3129.5,7,3130.53,1658597,136527.0,204527.0,3163.0,3163.0,3108.0,3134.3,31911000,3447.7,2820.9,3839.9,2896.0,3129.5,12,1,3129.4,2,1,3129.3,2027,6,3129.0,16,1,3128.9,48,1,3129.9,27,2,3130.0,1692,19,3130.2,25,1,3130.3,58,1,3130.4,63,3
2031,2026-06-16 11:36:06+05:30,3129.5,7,3130.53,1658597,136527.0,204527.0,3163.0,3163.0,3108.0,3134.3,31911000,3447.7,2820.9,3839.9,2896.0,3129.5,12,1,3129.4,2,1,3129.3,2027,6,3129.0,16,1,3128.9,48,1,3129.9,27,2,3130.0,1692,19,3130.2,25,1,3130.3,58,1,3130.4,63,3
2031,2026-06-16 11:36:09+05:30,3130.0,42,3130.53,1658597,136527.0,204527.0,3163.0,3163.0,3108.0,3134.3,31911000,3447.7,2820.9,3839.9,2896.0,3129.5,12,1,3129.4,2,1,3129.3,2027,6,3129.0,16,1,3128.9,48,1,3129.9,27,2,3130.0,1692,19,3130.2,25,1,3130.3,58,1,3130.4,63,3
2031,2026-06-16 11:36:11+05:30,3130.0,142,3130.53,1658929,136890.0,204255.0,3163.0,3163.0,3108.0,3134.3,31911000,3447.7,2820.9,3839.9,2896.0,3129.7,5,1,3129.4,2,1,3129.3,2021,4,3129.0,16,1,3128.9,48,1,3129.9,21,1,3130.0,1562,19,3130.1,25,1,3130.2,17,1,3130.3,3,1
2031,2026-06-16 11:36:12+05:30,3129.4,10,3130.53,1658929,136890.0,204255.0,3163.0,3163.0,3108.0,3134.3,31911000,3447.7,2820.9,3839.9,2896.0,3129.7,5,1,3129.4,2,1,3129.3,2021,4,3129.0,16,1,3128.9,48,1,3129.9,21,1,3130.0,1562,19,3130.1,25,1,3130.2,17,1,3130.3,3,1
2031,2026-06-16 11:36:15+05:30,3129.5,2,3130.53,1658929,136890.0,204255.0,3163.0,3163.0,3108.0,3134.3,31911000,3447.7,2820.9,3839.9,2896.0,3129.7,5,1,3129.4,2,1,3129.3,2021,4,3129.0,16,1,3128.9,48,1,3129.9,21,1,3130.0,1562,19,3130.1,25,1,3130.2,17,1,3130.3,3,1
2031,2026-06-16 11:36:16+05:30,3129.5,3,3130.53,1659168,137004.0,204300.0,3163.0,3163.0,3108.0,3134.3,31911000,3447.7,2820.9,3839.9,2896.0,3129.3,2038,6,3129.0,74,5,3128.9,48,1,3128.7,15,1,3128.6,190,7,3129.9,20,1,3130.0,1578,20,3130.1,24,1,3130.2,17,1,3130.3,3,1
2031,2026-06-16 11:36:18+05:30,3129.8,1,3130.53,1659168,137004.0,204300.0,3163.0,3163.0,3108.0,3134.3,31911000,3447.7,2820.9,3839.9,2896.0,3129.3,2038,6,3129.0,74,5,3128.9,48,1,3128.7,15,1,3128.6,190,7,3129.9,20,1,3130.0,1578,20,3130.1,24,1,3130.2,17,1,3130.3,3,1
2031,2026-06-16 11:36:21+05:30,3129.9,1,3130.53,1659168,137004.0,204300.0,3163.0,3163.0,3108.0,3134.3,31911000,3447.7,2820.9,3839.9,2896.0,3129.3,2038,6,3129.0,74,5,3128.9,48,1,3128.7,15,1,3128.6,190,7,3129.9,20,1,3130.0,1578,20,3130.1,24,1,3130.2,17,1,3130.3,3,1
2031,2026-06-16 11:36:21+05:30,3129.9,1,3130.53,1659182,136864.0,204436.0,3163.0,3163.0,3108.0,3134.3,31911000,3447.7,2820.9,3839.9,2896.0,3129.5,18,1,3129.3,2012,5,3129.0,18,1,3128.9,48,1,3128.8,1,1,3129.9,123,6,3130.0,1562,19,3130.2,114,4,3130.3,46,1,3130.4,62,3
2031,2026-06-16 11:36:24+05:30,3130.0,1,3130.53,1659182,136864.0,204436.0,3163.0,3163.0,3108.0,3134.3,31911000,3447.7,2820.9,3839.9,2896.0,3129.5,18,1,3129.3,2012,5,3129.0,18,1,3128.9,48,1,3128.8,1,1,3129.9,123,6,3130.0,1562,19,3130.2,114,4,3130.3,46,1,3130.4,62,3
2031,2026-06-16 11:36:26+05:30,3130.0,9,3130.53,1659358,136625.0,204419.0,3163.0,3163.0,3108.0,3134.3,31911000,3447.7,2820.9,3839.9,2896.0,3129.5,18,1,3129.4,1,1,3129.3,2027,5,3129.0,18,1,3128.8,49,2,3129.9,64,5,3130.0,1554,20,3130.2,98,4,3130.3,21,1,3130.4,62,3
2031,2026-06-16 11:36:27+05:30,3130.0,9,3130.53,1659358,136625.0,204419.0,3163.0,3163.0,3108.0,3134.3,31911000,3447.7,2820.9,3839.9,2896.0,3129.5,18,1,3129.4,1,1,3129.3,2027,5,3129.0,18,1,3128.8,49,2,3129.9,64,5,3130.0,1554,20,3130.2,98,4,3130.3,21,1,3130.4,62,3
2031,2026-06-16 11:36:30+05:30,3129.9,1,3130.53,1659358,136625.0,204419.0,3163.0,3163.0,3108.0,3134.3,31911000,3447.7,2820.9,3839.9,2896.0,3129.5,18,1,3129.4,1,1,3129.3,2027,5,3129.0,18,1,3128.8,49,2,3129.9,64,5,3130.0,1554,20,3130.2,98,4,3130.3,21,1,3130.4,62,3
2031,2026-06-16 11:36:31+05:30,3130.0,9,3130.53,1659593,136705.0,205148.0,3163.0,3163.0,3108.0,3134.3,31911000,3447.7,2820.9,3839.9,2896.0,3129.7,7,4,3129.4,1,1,3129.3,2044,6,3129.0,18,1,3128.9,14,1,3129.9,19,1,3130.0,1387,19,3130.1,23,1,3130.2,20,2,3130.3,6,1
2031,2026-06-16 11:36:33+05:30,3130.0,9,3130.53,1659593,136705.0,205148.0,3163.0,3163.0,3108.0,3134.3,31911000,3447.7,2820.9,3839.9,2896.0,3129.7,7,4,3129.4,1,1,3129.3,2044,6,3129.0,18,1,3128.9,14,1,3129.9,19,1,3130.0,1387,19,3130.1,23,1,3130.2,20,2,3130.3,6,1
2031,2026-06-16 11:36:36+05:30,3129.8,1,3130.53,1659593,136705.0,205148.0,3163.0,3163.0,3108.0,3134.3,31911000,3447.7,2820.9,3839.9,2896.0,3129.7,7,4,3129.4,1,1,3129.3,2044,6,3129.0,18,1,3128.9,14,1,3129.9,19,1,3130.0,1387,19,3130.1,23,1,3130.2,20,2,3130.3,6,1
2031,2026-06-16 11:36:37+05:30,3129.8,1,3130.53,1659834,137046.0,206286.0,3163.0,3163.0,3108.0,3134.3,31911000,3447.7,2820.9,3839.9,2896.0,3129.7,4,2,3129.5,16,1,3129.4,1,1,3129.3,2011,4,3129.0,18,1,3129.8,5,1,3129.9,24,1,3130.0,1387,19,3130.2,44,3,3130.3,34,1
2031,2026-06-16 11:36:39+05:30,3129.8,1,3130.53,1659834,137046.0,206286.0,3163.0,3163.0,3108.0,3134.3,31911000,3447.7,2820.9,3839.9,2896.0,3129.7,4,2,3129.5,16,1,3129.4,1,1,3129.3,2011,4,3129.0,18,1,3129.8,5,1,3129.9,24,1,3130.0,1387,19,3130.2,44,3,3130.3,34,1
2031,2026-06-16 11:36:42+05:30,3129.9,9,3130.53,1660033,137567.0,205694.0,3163.0,3163.0,3108.0,3134.3,31911000,3447.7,2820.9,3839.9,2896.0,3129.7,2,1,3129.5,16,1,3129.3,2011,4,3129.0,18,1,3128.8,1,1,3129.9,18,1,3130.0,1421,22,3130.2,70,3,3130.4,80,3,3130.5,45,4
2031,2026-06-16 11:36:42+05:30,3129.9,9,3130.53,1660033,137567.0,205694.0,3163.0,3163.0,3108.0,3134.3,31911000,3447.7,2820.9,3839.9,2896.0,3129.7,2,1,3129.5,16,1,3129.3,2011,4,3129.0,18,1,3128.8,1,1,3129.9,18,1,3130.0,1421,22,3130.2,70,3,3130.4,80,3,3130.5,45,4
2031,2026-06-16 11:36:44+05:30,3129.9,9,3130.53,1660033,137567.0,205694.0,3163.0,3163.0,3108.0,3134.3,31911000,3447.7,2820.9,3839.9,2896.0,3129.7,2,1,3129.5,16,1,3129.3,2011,4,3129.0,18,1,3128.8,1,1,3129.9,18,1,3130.0,1421,22,3130.2,70,3,3130.4,80,3,3130.5,45,4
2031,2026-06-16 11:36:45+05:30,3129.9,1,3130.53,1660033,137567.0,205694.0,3163.0,3163.0,3108.0,3134.3,31911000,3447.7,2820.9,3839.9,2896.0,3129.7,2,1,3129.5,16,1,3129.3,2011,4,3129.0,18,1,3128.8,1,1,3129.9,18,1,3130.0,1421,22,3130.2,70,3,3130.4,80,3,3130.5,45,4
2031,2026-06-16 11:36:46+05:30,3129.9,1,3130.53,1660033,137567.0,205694.0,3163.0,3163.0,3108.0,3134.3,31911000,3447.7,2820.9,3839.9,2896.0,3129.7,2,1,3129.5,16,1,3129.3,2011,4,3129.0,18,1,3128.8,1,1,3129.9,18,1,3130.0,1421,22,3130.2,70,3,3130.4,80,3,3130.5,45,4
2031,2026-06-16 11:36:47+05:30,3130.0,148,3130.53,1661834,136134.0,204109.0,3163.0,3163.0,3108.0,3134.3,31911000,3447.7,2820.9,3839.9,2896.0,3129.9,2,1,3129.8,4,3,3129.7,5,2,3129.5,16,1,3129.4,55,1,3130.0,100,1,3130.2,17,1,3130.4,39,2,3130.5,59,5,3130.6,62,3
2031,2026-06-16 11:36:48+05:30,3130.0,148,3130.53,1661834,136134.0,204109.0,3163.0,3163.0,3108.0,3134.3,31911000,3447.7,2820.9,3839.9,2896.0,3129.9,2,1,3129.8,4,3,3129.7,5,2,3129.5,16,1,3129.4,55,1,3130.0,100,1,3130.2,17,1,3130.4,39,2,3130.5,59,5,3130.6,62,3
2031,2026-06-16 11:36:48+05:30,3129.9,165,3130.53,1661834,136134.0,204109.0,3163.0,3163.0,3108.0,3134.3,31911000,3447.7,2820.9,3839.9,2896.0,3129.9,2,1,3129.8,4,3,3129.7,5,2,3129.5,16,1,3129.4,55,1,3130.0,100,1,3130.2,17,1,3130.4,39,2,3130.5,59,5,3130.6,62,3
2031,2026-06-16 11:36:50+05:30,3129.9,165,3130.53,1661834,136134.0,204109.0,3163.0,3163.0,3108.0,3134.3,31911000,3447.7,2820.9,3839.9,2896.0,3129.9,2,1,3129.8,4,3,3129.7,5,2,3129.5,16,1,3129.4,55,1,3130.0,100,1,3130.2,17,1,3130.4,39,2,3130.5,59,5,3130.6,62,3
2031,2026-06-16 11:36:51+05:30,3128.7,20,3130.53,1661834,136134.0,204109.0,3163.0,3163.0,3108.0,3134.3,31911000,3447.7,2820.9,3839.9,2896.0,3129.9,2,1,3129.8,4,3,3129.7,5,2,3129.5,16,1,3129.4,55,1,3130.0,100,1,3130.2,17,1,3130.4,39,2,3130.5,59,5,3130.6,62,3
2031,2026-06-16 11:36:52+05:30,3128.7,20,3130.53,1662481,133545.0,206498.0,3163.0,3163.0,3108.0,3134.3,31911000,3447.7,2820.9,3839.9,2896.0,3128.7,15,1,3128.5,2,1,3128.3,19,1,3128.1,4,1,3128.0,47,4,3129.1,113,6,3129.2,43,4,3129.3,40,3,3129.4,85,4,3129.5,43,3
2031,2026-06-16 11:36:52+05:30,3128.7,20,3130.53,1662481,133545.0,206498.0,3163.0,3163.0,3108.0,3134.3,31911000,3447.7,2820.9,3839.9,2896.0,3128.7,15,1,3128.5,2,1,3128.3,19,1,3128.1,4,1,3128.0,47,4,3129.1,113,6,3129.2,43,4,3129.3,40,3,3129.4,85,4,3129.5,43,3
2031,2026-06-16 11:36:53+05:30,3128.7,20,3130.53,1662481,133545.0,206498.0,3163.0,3163.0,3108.0,3134.3,31911000,3447.7,2820.9,3839.9,2896.0,3128.7,15,1,3128.5,2,1,3128.3,19,1,3128.1,4,1,3128.0,47,4,3129.1,113,6,3129.2,43,4,3129.3,40,3,3129.4,85,4,3129.5,43,3
2031,2026-06-16 11:36:54+05:30,3128.7,24,3130.53,1662481,133545.0,206498.0,3163.0,3163.0,3108.0,3134.3,31911000,3447.7,2820.9,3839.9,2896.0,3128.7,15,1,3128.5,2,1,3128.3,19,1,3128.1,4,1,3128.0,47,4,3129.1,113,6,3129.2,43,4,3129.3,40,3,3129.4,85,4,3129.5,43,3
2031,2026-06-16 11:36:55+05:30,3128.7,24,3130.53,1662481,133545.0,206498.0,3163.0,3163.0,3108.0,3134.3,31911000,3447.7,2820.9,3839.9,2896.0,3128.7,15,1,3128.5,2,1,3128.3,19,1,3128.1,4,1,3128.0,47,4,3129.1,113,6,3129.2,43,4,3129.3,40,3,3129.4,85,4,3129.5,43,3
2031,2026-06-16 11:36:56+05:30,3128.7,24,3130.53,1662481,133545.0,206498.0,3163.0,3163.0,3108.0,3134.3,31911000,3447.7,2820.9,3839.9,2896.0,3128.7,15,1,3128.5,2,1,3128.3,19,1,3128.1,4,1,3128.0,47,4,3129.1,113,6,3129.2,43,4,3129.3,40,3,3129.4,85,4,3129.5,43,3
2031,2026-06-16 11:36:56+05:30,3128.7,1,3130.53,1662728,132887.0,207261.0,3163.0,3163.0,3108.0,3134.3,31911000,3447.7,2820.9,3839.9,2896.0,3128.7,12,1,3128.5,2,1,3128.1,4,1,3128.0,47,4,3127.9,17,1,3128.8,21,1,3128.9,35,4,3129.0,67,5,3129.1,103,5,3129.2,99,5
2031,2026-06-16 11:36:56+05:30,3128.7,1,3130.53,1662728,132887.0,207261.0,3163.0,3163.0,3108.0,3134.3,31911000,3447.7,2820.9,3839.9,2896.0,3128.7,12,1,3128.5,2,1,3128.1,4,1,3128.0,47,4,3127.9,17,1,3128.8,21,1,3128.9,35,4,3129.0,67,5,3129.1,103,5,3129.2,99,5
2031,2026-06-16 11:36:57+05:30,3128.7,1,3130.53,1662728,132887.0,207261.0,3163.0,3163.0,3108.0,3134.3,31911000,3447.7,2820.9,3839.9,2896.0,3128.7,12,1,3128.5,2,1,3128.1,4,1,3128.0,47,4,3127.9,17,1,3128.8,21,1,3128.9,35,4,3129.0,67,5,3129.1,103,5,3129.2,99,5
2031,2026-06-16 11:36:57+05:30,3128.7,13,3130.53,1662728,132887.0,207261.0,3163.0,3163.0,3108.0,3134.3,31911000,3447.7,2820.9,3839.9,2896.0,3128.7,12,1,3128.5,2,1,3128.1,4,1,3128.0,47,4,3127.9,17,1,3128.8,21,1,3128.9,35,4,3129.0,67,5,3129.1,103,5,3129.2,99,5
2031,2026-06-16 11:36:58+05:30,3128.7,13,3130.53,1662728,132887.0,207261.0,3163.0,3163.0,3108.0,3134.3,31911000,3447.7,2820.9,3839.9,2896.0,3128.7,12,1,3128.5,2,1,3128.1,4,1,3128.0,47,4,3127.9,17,1,3128.8,21,1,3128.9,35,4,3129.0,67,5,3129.1,103,5,3129.2,99,5
2031,2026-06-16 11:36:59+05:30,3128.7,13,3130.53,1662728,132887.0,207261.0,3163.0,3163.0,3108.0,3134.3,31911000,3447.7,2820.9,3839.9,2896.0,3128.7,12,1,3128.5,2,1,3128.1,4,1,3128.0,47,4,3127.9,17,1,3128.8,21,1,3128.9,35,4,3129.0,67,5,3129.1,103,5,3129.2,99,5
2031,2026-06-16 11:37:00+05:30,3129.0,1,3130.53,1662728,132887.0,207261.0,3163.0,3163.0,3108.0,3134.3,31911000,3447.7,2820.9,3839.9,2896.0,3128.7,12,1,3128.5,2,1,3128.1,4,1,3128.0,47,4,3127.9,17,1,3128.8,21,1,3128.9,35,4,3129.0,67,5,3129.1,103,5,3129.2,99,5
2031,2026-06-16 11:37:00+05:30,3129.0,1,3130.53,1662728,132887.0,207261.0,3163.0,3163.0,3108.0,3134.3,31911000,3447.7,2820.9,3839.9,2896.0,3128.7,12,1,3128.5,2,1,3128.1,4,1,3128.0,47,4,3127.9,17,1,3128.8,21,1,3128.9,35,4,3129.0,67,5,3129.1,103,5,3129.2,99,5
2031,2026-06-16 11:37:01+05:30,3129.0,1,3130.53,1662728,132887.0,207261.0,3163.0,3163.0,3108.0,3134.3,31911000,3447.7,2820.9,3839.9,2896.0,3128.7,12,1,3128.5,2,1,3128.1,4,1,3128.0,47,4,3127.9,17,1,3128.8,21,1,3128.9,35,4,3129.0,67,5,3129.1,103,5,3129.2,99,5
2031,2026-06-16 11:37:01+05:30,3129.1,47,3130.53,1662853,134852.0,206513.0,3163.0,3163.0,3108.0,3134.3,31911000,3447.7,2820.9,3839.9,2896.0,3129.0,3,1,3128.9,17,1,3128.8,11,3,3128.7,120,4,3128.5,21,2,3129.7,7,1,3129.8,28,1,3129.9,673,6,3130.0,185,6,3130.1,22,1
2031,2026-06-16 11:37:02+05:30,3129.1,47,3130.53,1662853,134852.0,206513.0,3163.0,3163.0,3108.0,3134.3,31911000,3447.7,2820.9,3839.9,2896.0,3129.0,3,1,3128.9,17,1,3128.8,11,3,3128.7,120,4,3128.5,21,2,3129.7,7,1,3129.8,28,1,3129.9,673,6,3130.0,185,6,3130.1,22,1
2031,2026-06-16 11:37:03+05:30,3129.1,47,3130.53,1662853,134852.0,206513.0,3163.0,3163.0,3108.0,3134.3,31917800,3447.7,2820.9,3839.9,2896.0,3129.0,3,1,3128.9,17,1,3128.8,11,3,3128.7,120,4,3128.5,21,2,3129.7,7,1,3129.8,28,1,3129.9,673,6,3130.0,185,6,3130.1,22,1
2031,2026-06-16 11:37:03+05:30,3129.7,1,3130.53,1662853,134852.0,206513.0,3163.0,3163.0,3108.0,3134.3,31917800,3447.7,2820.9,3839.9,2896.0,3129.0,3,1,3128.9,17,1,3128.8,11,3,3128.7,120,4,3128.5,21,2,3129.7,7,1,3129.8,28,1,3129.9,673,6,3130.0,185,6,3130.1,22,1
2031,2026-06-16 11:37:06+05:30,3129.5,1,3130.53,1662853,134852.0,206513.0,3163.0,3163.0,3108.0,3134.3,31917800,3447.7,2820.9,3839.9,2896.0,3129.0,3,1,3128.9,17,1,3128.8,11,3,3128.7,120,4,3128.5,21,2,3129.7,7,1,3129.8,28,1,3129.9,673,6,3130.0,185,6,3130.1,22,1
2031,2026-06-16 11:37:06+05:30,3129.5,1,3130.53,1663083,135564.0,206135.0,3163.0,3163.0,3108.0,3134.3,31917800,3447.7,2820.9,3839.9,2896.0,3129.3,2,2,3129.0,4,1,3128.9,19,1,3128.7,104,3,3128.5,68,3,3129.5,2,1,3129.6,30,2,3129.7,4,1,3129.8,21,3,3129.9,33,3
2031,2026-06-16 11:37:09+05:30,3129.5,17,3130.53,1663083,135564.0,206135.0,3163.0,3163.0,3108.0,3134.3,31917800,3447.7,2820.9,3839.9,2896.0,3129.3,2,2,3129.0,4,1,3128.9,19,1,3128.7,104,3,3128.5,68,3,3129.5,2,1,3129.6,30,2,3129.7,4,1,3129.8,21,3,3129.9,33,3
2031,2026-06-16 11:37:11+05:30,3129.9,1,3130.53,1663326,136059.0,205981.0,3163.0,3163.0,3108.0,3134.3,31917800,3447.7,2820.9,3839.9,2896.0,3129.5,19,1,3129.4,3,3,3128.6,44,2,3128.5,50,2,3128.4,27,1,3129.9,48,3,3130.0,130,4,3130.2,67,4,3130.3,50,2,3130.4,144,5
2031,2026-06-16 11:37:12+05:30,3129.9,1,3130.53,1663326,136059.0,205981.0,3163.0,3163.0,3108.0,3134.3,31917800,3447.7,2820.9,3839.9,2896.0,3129.5,19,1,3129.4,3,3,3128.6,44,2,3128.5,50,2,3128.4,27,1,3129.9,48,3,3130.0,130,4,3130.2,67,4,3130.3,50,2,3130.4,144,5
2031,2026-06-16 11:37:15+05:30,3128.6,63,3130.53,1663326,136059.0,205981.0,3163.0,3163.0,3108.0,3134.3,31917800,3447.7,2820.9,3839.9,2896.0,3129.5,19,1,3129.4,3,3,3128.6,44,2,3128.5,50,2,3128.4,27,1,3129.9,48,3,3130.0,130,4,3130.2,67,4,3130.3,50,2,3130.4,144,5
2031,2026-06-16 11:37:16+05:30,3128.1,3,3130.52,1663631,133574.0,207488.0,3163.0,3163.0,3108.0,3134.3,31917800,3447.7,2820.9,3839.9,2896.0,3128.1,1,1,3128.0,73,5,3127.8,103,3,3127.7,58,3,3127.6,114,3,3128.2,149,1,3128.6,86,1,3129.0,45,3,3129.2,47,2,3129.3,14,1
2031,2026-06-16 11:37:18+05:30,3128.2,1,3130.52,1663631,133574.0,207488.0,3163.0,3163.0,3108.0,3134.3,31917800,3447.7,2820.9,3839.9,2896.0,3128.1,1,1,3128.0,73,5,3127.8,103,3,3127.7,58,3,3127.6,114,3,3128.2,149,1,3128.6,86,1,3129.0,45,3,3129.2,47,2,3129.3,14,1
2031,2026-06-16 11:37:18+05:30,3128.2,1,3130.52,1663632,133696.0,207673.0,3163.0,3163.0,3108.0,3134.3,31917800,3447.7,2820.9,3839.9,2896.0,3128.1,42,2,3128.0,78,4,3127.8,95,3,3127.7,58,3,3127.6,119,3,3128.2,160,2,3128.6,86,1,3129.0,21,1,3129.2,47,2,3129.3,14,1
2031,2026-06-16 11:37:19+05:30,3128.2,12,3130.52,1663632,133696.0,207673.0,3163.0,3163.0,3108.0,3134.3,31917800,3447.7,2820.9,3839.9,2896.0,3128.1,42,2,3128.0,78,4,3127.8,95,3,3127.7,58,3,3127.6,119,3,3128.2,160,2,3128.6,86,1,3129.0,21,1,3129.2,47,2,3129.3,14,1
2031,2026-06-16 11:37:19+05:30,3128.2,12,3130.52,1663792,133987.0,207378.0,3163.0,3163.0,3108.0,3134.3,31917800,3447.7,2820.9,3839.9,2896.0,3128.1,42,2,3128.0,120,5,3127.9,25,2,3127.8,129,3,3127.7,41,2,3128.5,18,1,3128.6,86,1,3129.0,24,2,3129.2,21,1,3129.4,34,2
2031,2026-06-16 11:37:21+05:30,3128.2,12,3130.52,1663792,134030.0,205308.0,3163.0,3163.0,3108.0,3134.3,31917800,3447.7,2820.9,3839.9,2896.0,3128.1,42,2,3128.0,120,5,3127.8,133,3,3127.7,25,1,3127.6,153,5,3128.5,30,2,3128.6,86,1,3129.0,24,2,3129.2,21,1,3129.4,34,2
2031,2026-06-16 11:37:21+05:30,3128.6,70,3130.52,1663792,134030.0,205308.0,3163.0,3163.0,3108.0,3134.3,31917800,3447.7,2820.9,3839.9,2896.0,3128.1,42,2,3128.0,120,5,3127.8,133,3,3127.7,25,1,3127.6,153,5,3128.5,30,2,3128.6,86,1,3129.0,24,2,3129.2,21,1,3129.4,34,2
2031,2026-06-16 11:37:21+05:30,3128.6,70,3130.52,1663892,133963.0,207234.0,3163.0,3163.0,3108.0,3134.3,31917800,3447.7,2820.9,3839.9,2896.0,3128.2,13,1,3128.1,55,3,3128.0,120,5,3127.9,47,2,3127.8,129,3,3128.4,11,1,3128.5,13,1,3128.6,16,1,3129.0,8,1,3129.2,21,1
2031,2026-06-16 11:37:22+05:30,3128.4,1,3130.52,1663892,133963.0,207234.0,3163.0,3163.0,3108.0,3134.3,31917800,3447.7,2820.9,3839.9,2896.0,3128.2,13,1,3128.1,55,3,3128.0,120,5,3127.9,47,2,3127.8,129,3,3128.4,11,1,3128.5,13,1,3128.6,16,1,3129.0,8,1,3129.2,21,1
2031,2026-06-16 11:37:23+05:30,3128.4,1,3130.52,1663893,133869.0,206963.0,3163.0,3163.0,3108.0,3134.3,31917800,3447.7,2820.9,3839.9,2896.0,3128.2,44,1,3128.1,42,2,3128.0,78,4,3127.9,38,2,3127.8,92,3,3128.4,22,2,3128.5,13,1,3128.6,16,1,3129.0,25,2,3129.2,21,1
2031,2026-06-16 11:37:23+05:30,3128.4,1,3130.52,1663893,133869.0,206963.0,3163.0,3163.0,3108.0,3134.3,31917800,3447.7,2820.9,3839.9,2896.0,3128.2,44,1,3128.1,42,2,3128.0,78,4,3127.9,38,2,3127.8,92,3,3128.4,22,2,3128.5,13,1,3128.6,16,1,3129.0,25,2,3129.2,21,1
2031,2026-06-16 11:37:24+05:30,3128.4,1,3130.52,1663894,133916.0,207033.0,3163.0,3163.0,3108.0,3134.3,31917800,3447.7,2820.9,3839.9,2896.0,3128.2,44,1,3128.1,42,2,3128.0,116,5,3127.9,21,1,3127.8,134,5,3128.4,34,3,3128.6,16,1,3129.0,25,2,3129.2,21,1,3129.4,21,1
2031,2026-06-16 11:37:25+05:30,3128.4,1,3130.52,1663894,133928.0,205433.0,3163.0,3163.0,3108.0,3134.3,31917800,3447.7,2820.9,3839.9,2896.0,3128.2,64,2,3128.1,63,3,3128.0,78,4,3127.8,116,4,3127.7,89,2,3128.4,34,3,3128.6,16,1,3129.0,25,2,3129.2,21,1,3129.4,21,1
2031,2026-06-16 11:37:26+05:30,3128.4,1,3130.52,1663894,133894.0,207038.0,3163.0,3163.0,3108.0,3134.3,31917800,3447.7,2820.9,3839.9,2896.0,3128.2,64,2,3128.1,42,2,3128.0,78,4,3127.9,21,1,3127.8,99,3,3128.4,34,3,3128.6,16,1,3129.0,25,2,3129.2,21,1,3129.4,21,1
2031,2026-06-16 11:37:26+05:30,3128.2,38,3130.52,1663894,133894.0,207038.0,3163.0,3163.0,3108.0,3134.3,31917800,3447.7,2820.9,3839.9,2896.0,3128.2,64,2,3128.1,42,2,3128.0,78,4,3127.9,21,1,3127.8,99,3,3128.4,34,3,3128.6,16,1,3129.0,25,2,3129.2,21,1,3129.4,21,1
2031,2026-06-16 11:37:27+05:30,3128.4,13,3130.52,1663958,133839.0,207741.0,3163.0,3163.0,3108.0,3134.3,31917800,3447.7,2820.9,3839.9,2896.0,3128.3,20,1,3128.2,2,1,3128.1,89,4,3128.0,78,4,3127.9,17,1,3128.6,16,1,3129.0,25,2,3129.2,21,1,3129.4,21,1,3129.5,34,3
2031,2026-06-16 11:37:27+05:30,3128.6,1,3130.52,1663958,133839.0,207741.0,3163.0,3163.0,3108.0,3134.3,31917800,3447.7,2820.9,3839.9,2896.0,3128.3,20,1,3128.2,2,1,3128.1,89,4,3128.0,78,4,3127.9,17,1,3128.6,16,1,3129.0,25,2,3129.2,21,1,3129.4,21,1,3129.5,34,3
2031,2026-06-16 11:37:28+05:30,3128.6,1,3130.52,1663959,133652.0,205444.0,3163.0,3163.0,3108.0,3134.3,31917800,3447.7,2820.9,3839.9,2896.0,3128.4,2,2,3128.3,20,1,3128.2,4,2,3128.1,42,2,3128.0,126,5,3128.5,3,1,3128.6,33,2,3129.0,8,1,3129.4,21,1,3129.5,2,1
2031,2026-06-16 11:37:28+05:30,3128.5,3,3130.52,1663959,133652.0,205444.0,3163.0,3163.0,3108.0,3134.3,31917800,3447.7,2820.9,3839.9,2896.0,3128.4,2,2,3128.3,20,1,3128.2,4,2,3128.1,42,2,3128.0,126,5,3128.5,3,1,3128.6,33,2,3129.0,8,1,3129.4,21,1,3129.5,2,1
2031,2026-06-16 11:37:29+05:30,3128.6,38,3130.52,1664016,133921.0,206717.0,3163.0,3163.0,3108.0,3134.3,31917800,3447.7,2820.9,3839.9,2896.0,3128.4,21,3,3128.2,4,2,3128.1,43,3,3128.0,126,5,3127.8,95,3,3129.0,28,2,3129.3,17,1,3129.4,100,3,3129.5,2,1,3129.6,175,5
2031,2026-06-16 11:37:29+05:30,3129.0,1,3130.52,1664016,133921.0,206717.0,3163.0,3163.0,3108.0,3134.3,31917800,3447.7,2820.9,3839.9,2896.0,3128.4,21,3,3128.2,4,2,3128.1,43,3,3128.0,126,5,3127.8,95,3,3129.0,28,2,3129.3,17,1,3129.4,100,3,3129.5,2,1,3129.6,175,5
2031,2026-06-16 11:37:30+05:30,3129.0,1,3130.52,1664051,134370.0,206680.0,3163.0,3163.0,3108.0,3134.3,31917800,3447.7,2820.9,3839.9,2896.0,3128.5,13,1,3128.4,16,4,3128.3,19,1,3128.2,11,3,3128.1,72,5,3129.3,7,1,3129.5,39,3,3129.6,86,3,3129.7,64,1,3129.8,62,3
2031,2026-06-16 11:37:30+05:30,3129.0,1,3130.52,1664051,134370.0,206680.0,3163.0,3163.0,3108.0,3134.3,31917800,3447.7,2820.9,3839.9,2896.0,3128.5,13,1,3128.4,16,4,3128.3,19,1,3128.2,11,3,3128.1,72,5,3129.3,7,1,3129.5,39,3,3129.6,86,3,3129.7,64,1,3129.8,62,3
2031,2026-06-16 11:37:31+05:30,3129.0,2,3130.52,1664053,134425.0,206644.0,3163.0,3163.0,3108.0,3134.3,31917800,3447.7,2820.9,3839.9,2896.0,3129.0,1,1,3128.9,2,2,3128.5,28,2,3128.4,11,4,3128.3,77,3,3129.2,3,1,3129.3,7,1,3129.8,45,2,3129.9,23,2,3130.0,170,7
2031,2026-06-16 11:37:31+05:30,3129.0,2,3130.52,1664053,134425.0,206644.0,3163.0,3163.0,3108.0,3134.3,31917800,3447.7,2820.9,3839.9,2896.0,3129.0,1,1,3128.9,2,2,3128.5,28,2,3128.4,11,4,3128.3,77,3,3129.2,3,1,3129.3,7,1,3129.8,45,2,3129.9,23,2,3130.0,170,7
2031,2026-06-16 11:37:32+05:30,3129.0,3,3130.52,1664056,134343.0,206537.0,3163.0,3163.0,3108.0,3134.3,31917800,3447.7,2820.9,3839.9,2896.0,3129.0,3,1,3128.9,2,2,3128.7,20,1,3128.5,8,1,3128.4,32,5,3129.1,1,1,3129.2,1,1,3129.5,16,1,3129.7,25,1,3129.8,36,2
2031,2026-06-16 11:37:32+05:30,3129.0,3,3130.52,1664056,134343.0,206537.0,3163.0,3163.0,3108.0,3134.3,31917800,3447.7,2820.9,3839.9,2896.0,3129.0,3,1,3128.9,2,2,3128.7,20,1,3128.5,8,1,3128.4,32,5,3129.1,1,1,3129.2,1,1,3129.5,16,1,3129.7,25,1,3129.8,36,2
2031,2026-06-16 11:37:33+05:30,3129.0,1,3130.52,1664058,134398.0,206276.0,3163.0,3163.0,3108.0,3134.3,31917800,3447.7,2820.9,3839.9,2896.0,3129.0,2,1,3128.9,19,3,3128.5,56,2,3128.4,11,4,3128.3,93,4,3129.2,1,1,3129.7,41,2,3129.8,20,1,3129.9,23,2,3130.0,170,7
2031,2026-06-16 11:37:33+05:30,3129.2,1,3130.52,1664058,134398.0,206276.0,3163.0,3163.0,3108.0,3134.3,31917800,3447.7,2820.9,3839.9,2896.0,3129.0,2,1,3128.9,19,3,3128.5,56,2,3128.4,11,4,3128.3,93,4,3129.2,1,1,3129.7,41,2,3129.8,20,1,3129.9,23,2,3130.0,170,7
2031,2026-06-16 11:37:34+05:30,3129.2,1,3130.52,1664060,134582.0,206061.0,3163.0,3163.0,3108.0,3134.3,31917800,3447.7,2820.9,3839.9,2896.0,3129.2,17,1,3129.0,2,1,3128.9,2,2,3128.5,8,1,3128.4,11,4,3129.7,41,2,3129.9,43,2,3130.0,182,8,3130.1,65,2,3130.2,151,5
2031,2026-06-16 11:37:35+05:30,3129.2,1,3130.52,1664060,134733.0,206062.0,3163.0,3163.0,3108.0,3134.3,31917800,3447.7,2820.9,3839.9,2896.0,3129.5,18,1,3129.2,1,1,3129.0,2,1,3128.9,2,2,3128.5,8,1,3129.7,46,3,3129.8,24,1,3129.9,43,2,3130.0,182,8,3130.1,65,2
2031,2026-06-16 11:37:35+05:30,3129.7,54,3130.52,1664060,134733.0,206062.0,3163.0,3163.0,3108.0,3134.3,31917800,3447.7,2820.9,3839.9,2896.0,3129.5,18,1,3129.2,1,1,3129.0,2,1,3128.9,2,2,3128.5,8,1,3129.7,46,3,3129.8,24,1,3129.9,43,2,3130.0,182,8,3130.1,65,2
2031,2026-06-16 11:37:36+05:30,3129.6,1,3130.52,1664235,134638.0,203732.0,3163.0,3163.0,3108.0,3134.3,31917800,3447.7,2820.9,3839.9,2896.0,3129.2,19,2,3129.0,2,1,3128.4,3,3,3128.2,4,2,3128.1,56,5,3129.6,18,1,3129.7,59,4,3129.8,33,2,3129.9,38,3,3130.0,217,9
2031,2026-06-16 11:37:36+05:30,3129.6,1,3130.52,1664235,134638.0,203732.0,3163.0,3163.0,3108.0,3134.3,31917800,3447.7,2820.9,3839.9,2896.0,3129.2,19,2,3129.0,2,1,3128.4,3,3,3128.2,4,2,3128.1,56,5,3129.6,18,1,3129.7,59,4,3129.8,33,2,3129.9,38,3,3130.0,217,9
2031,2026-06-16 11:37:37+05:30,3129.3,1,3130.52,1664236,134337.0,205891.0,3163.0,3163.0,3108.0,3134.3,31917800,3447.7,2820.9,3839.9,2896.0,3129.3,16,1,3129.2,1,1,3129.0,2,1,3128.4,3,3,3128.2,4,2,3129.4,18,1,3129.6,56,3,3129.7,33,2,3129.8,73,4,3129.9,38,3
2031,2026-06-16 11:37:37+05:30,3129.4,18,3130.52,1664236,134337.0,205891.0,3163.0,3163.0,3108.0,3134.3,31917800,3447.7,2820.9,3839.9,2896.0,3129.3,16,1,3129.2,1,1,3129.0,2,1,3128.4,3,3,3128.2,4,2,3129.4,18,1,3129.6,56,3,3129.7,33,2,3129.8,73,4,3129.9,38,3
2031,2026-06-16 11:37:38+05:30,3128.3,3,3130.52,1664454,135107.0,205608.0,3163.0,3163.0,3108.0,3134.3,31917800,3447.7,2820.9,3839.9,2896.0,3128.4,87,4,3128.3,124,4,3128.2,152,6,3128.1,65,4,3128.0,123,6,3129.6,2,1,3129.8,20,1,3129.9,5,1,3130.0,120,4,3130.1,86,2
2031,2026-06-16 11:37:38+05:30,3129.6,1,3130.52,1664454,135107.0,205608.0,3163.0,3163.0,3108.0,3134.3,31917800,3447.7,2820.9,3839.9,2896.0,3128.4,87,4,3128.3,124,4,3128.2,152,6,3128.1,65,4,3128.0,123,6,3129.6,2,1,3129.8,20,1,3129.9,5,1,3130.0,120,4,3130.1,86,2
2031,2026-06-16 11:37:39+05:30,3129.4,1,3130.52,1664456,135824.0,205978.0,3163.0,3163.0,3108.0,3134.3,31917800,3447.7,2820.9,3839.9,2896.0,3129.4,8,1,3129.3,2,1,3128.4,176,2,3128.3,124,4,3128.2,142,5,3129.5,22,1,3129.9,41,3,3130.0,149,5,3130.1,38,1,3130.2,119,5
2031,2026-06-16 11:37:39+05:30,3128.5,107,3130.52,1664456,135824.0,205978.0,3163.0,3163.0,3108.0,3134.3,31917800,3447.7,2820.9,3839.9,2896.0,3129.4,8,1,3129.3,2,1,3128.4,176,2,3128.3,124,4,3128.2,142,5,3129.5,22,1,3129.9,41,3,3130.0,149,5,3130.1,38,1,3130.2,119,5
2031,2026-06-16 11:37:40+05:30,3129.4,22,3130.52,1664678,135773.0,205846.0,3163.0,3163.0,3108.0,3134.3,31917800,3447.7,2820.9,3839.9,2896.0,3129.4,21,1,3129.3,7,1,3128.5,27,2,3128.4,33,2,3128.3,136,3,3129.5,37,2,3129.9,5,1,3130.0,125,4,3130.1,91,3,3130.2,93,4
2031,2026-06-16 11:37:40+05:30,3129.4,22,3130.52,1664678,135773.0,205846.0,3163.0,3163.0,3108.0,3134.3,31917800,3447.7,2820.9,3839.9,2896.0,3129.4,21,1,3129.3,7,1,3128.5,27,2,3128.4,33,2,3128.3,136,3,3129.5,37,2,3129.9,5,1,3130.0,125,4,3130.1,91,3,3130.2,93,4
2031,2026-06-16 11:37:41+05:30,3129.4,1,3130.52,1664681,135742.0,205856.0,3163.0,3163.0,3108.0,3134.3,31917800,3447.7,2820.9,3839.9,2896.0,3129.4,18,1,3129.3,7,1,3128.5,27,2,3128.4,33,2,3128.3,136,3,3129.5,37,2,3129.9,21,2,3130.0,125,4,3130.1,91,3,3130.2,93,4
2031,2026-06-16 11:37:41+05:30,3129.4,1,3130.52,1664681,135742.0,205856.0,3163.0,3163.0,3108.0,3134.3,31917800,3447.7,2820.9,3839.9,2896.0,3129.4,18,1,3129.3,7,1,3128.5,27,2,3128.4,33,2,3128.3,136,3,3129.5,37,2,3129.9,21,2,3130.0,125,4,3130.1,91,3,3130.2,93,4
2031,2026-06-16 11:37:42+05:30,3129.4,1,3130.52,1664682,135520.0,205934.0,3163.0,3163.0,3108.0,3134.3,31917800,3447.7,2820.9,3839.9,2896.0,3129.4,17,1,3129.3,27,2,3128.5,27,2,3128.4,33,2,3128.3,148,4,3129.5,73,4,3129.9,45,3,3130.0,125,4,3130.1,48,1,3130.2,117,5
2031,2026-06-16 11:37:42+05:30,3129.5,1,3130.52,1664682,135520.0,205934.0,3163.0,3163.0,3108.0,3134.3,31917800,3447.7,2820.9,3839.9,2896.0,3129.4,17,1,3129.3,27,2,3128.5,27,2,3128.4,33,2,3128.3,148,4,3129.5,73,4,3129.9,45,3,3130.0,125,4,3130.1,48,1,3130.2,117,5
2031,2026-06-16 11:37:43+05:30,3129.5,1,3130.52,1664683,135528.0,205788.0,3163.0,3163.0,3108.0,3134.3,31917800,3447.7,2820.9,3839.9,2896.0,3129.4,18,2,3129.3,27,2,3128.5,75,3,3128.4,33,2,3128.3,148,4,3129.5,72,4,3129.9,5,1,3130.0,125,4,3130.1,48,1,3130.2,117,5
2031,2026-06-16 11:37:43+05:30,3129.5,23,3130.52,1664683,135528.0,205788.0,3163.0,3163.0,3108.0,3134.3,31917800,3447.7,2820.9,3839.9,2896.0,3129.4,18,2,3129.3,27,2,3128.5,75,3,3128.4,33,2,3128.3,148,4,3129.5,72,4,3129.9,5,1,3130.0,125,4,3130.1,48,1,3130.2,117,5
2031,2026-06-16 11:37:43+05:30,3129.5,23,3130.52,1664778,135823.0,205720.0,3163.0,3163.0,3108.0,3134.3,31917800,3447.7,2820.9,3839.9,2896.0,3129.4,18,2,3129.3,25,2,3128.6,55,1,3128.5,91,4,3128.4,57,3,3129.8,10,1,3129.9,5,1,3130.0,127,4,3130.1,16,1,3130.2,47,3
2031,2026-06-16 11:37:45+05:30,3129.5,23,3130.52,1664778,135589.0,205732.0,3163.0,3163.0,3108.0,3134.3,31917800,3447.7,2820.9,3839.9,2896.0,3129.4,18,2,3129.3,25,2,3128.6,55,1,3128.5,91,4,3128.4,57,3,3129.8,10,1,3129.9,5,1,3130.0,127,4,3130.1,16,1,3130.2,47,3
2031,2026-06-16 11:37:45+05:30,3129.5,23,3130.52,1664778,135589.0,205732.0,3163.0,3163.0,3108.0,3134.3,31917800,3447.7,2820.9,3839.9,2896.0,3129.4,18,2,3129.3,25,2,3128.6,55,1,3128.5,91,4,3128.4,57,3,3129.8,10,1,3129.9,5,1,3130.0,127,4,3130.1,16,1,3130.2,47,3
2031,2026-06-16 11:37:45+05:30,3129.8,10,3130.52,1664778,135589.0,205732.0,3163.0,3163.0,3108.0,3134.3,31917800,3447.7,2820.9,3839.9,2896.0,3129.4,18,2,3129.3,25,2,3128.6,55,1,3128.5,91,4,3128.4,57,3,3129.8,10,1,3129.9,5,1,3130.0,127,4,3130.1,16,1,3130.2,47,3
2031,2026-06-16 11:37:46+05:30,3129.8,2,3130.52,1664790,136243.0,205894.0,3163.0,3163.0,3108.0,3134.3,31917800,3447.7,2820.9,3839.9,2896.0,3129.6,2,2,3129.4,19,3,3129.3,18,1,3128.6,79,2,3128.5,155,5,3129.9,5,1,3130.0,103,3,3130.2,1,1,3130.3,17,1,3130.4,109,4
2031,2026-06-16 11:37:46+05:30,3129.8,2,3130.52,1664790,136243.0,205894.0,3163.0,3163.0,3108.0,3134.3,31917800,3447.7,2820.9,3839.9,2896.0,3129.6,2,2,3129.4,19,3,3129.3,18,1,3128.6,79,2,3128.5,155,5,3129.9,5,1,3130.0,103,3,3130.2,1,1,3130.3,17,1,3130.4,109,4
2031,2026-06-16 11:37:46+05:30,3129.8,2,3130.52,1664790,136243.0,205894.0,3163.0,3163.0,3108.0,3134.3,31917800,3447.7,2820.9,3839.9,2896.0,3129.6,2,2,3129.4,19,3,3129.3,18,1,3128.6,79,2,3128.5,155,5,3129.9,5,1,3130.0,103,3,3130.2,1,1,3130.3,17,1,3130.4,109,4
2031,2026-06-16 11:37:47+05:30,3129.8,2,3130.52,1664790,135901.0,205652.0,3163.0,3163.0,3108.0,3134.3,31917800,3447.7,2820.9,3839.9,2896.0,3129.8,1,1,3129.6,2,2,3129.4,19,3,3129.3,24,2,3128.8,14,1,3129.9,5,1,3130.0,103,3,3130.2,1,1,3130.4,776,8,3130.5,146,5
2031,2026-06-16 11:37:47+05:30,3129.6,1,3130.52,1664790,135901.0,205652.0,3163.0,3163.0,3108.0,3134.3,31917800,3447.7,2820.9,3839.9,2896.0,3129.8,1,1,3129.6,2,2,3129.4,19,3,3129.3,24,2,3128.8,14,1,3129.9,5,1,3130.0,103,3,3130.2,1,1,3130.4,776,8,3130.5,146,5
2031,2026-06-16 11:37:48+05:30,3129.6,1,3130.52,1664795,135374.0,205250.0,3163.0,3163.0,3108.0,3134.3,31917800,3447.7,2820.9,3839.9,2896.0,3129.6,1,1,3129.4,19,3,3129.3,24,2,3128.8,14,1,3128.7,24,1,3129.9,17,3,3130.0,103,3,3130.2,33,2,3130.3,24,1,3130.4,751,7
2031,2026-06-16 11:37:48+05:30,3129.6,1,3130.52,1664795,135374.0,205250.0,3163.0,3163.0,3108.0,3134.3,31917800,3447.7,2820.9,3839.9,2896.0,3129.6,1,1,3129.4,19,3,3129.3,24,2,3128.8,14,1,3128.7,24,1,3129.9,17,3,3130.0,103,3,3130.2,33,2,3130.3,24,1,3130.4,751,7
2031,2026-06-16 11:37:49+05:30,3129.9,1,3130.52,1664797,135472.0,205784.0,3163.0,3163.0,3108.0,3134.3,31917800,3447.7,2820.9,3839.9,2896.0,3129.8,18,1,3129.6,1,1,3129.4,26,4,3128.8,30,2,3128.7,45,2,3129.9,30,5,3130.0,103,3,3130.1,16,1,3130.2,33,2,3130.3,60,2
2031,2026-06-16 11:37:49+05:30,3129.9,19,3130.52,1664797,135472.0,205784.0,3163.0,3163.0,3108.0,3134.3,31917800,3447.7,2820.9,3839.9,2896.0,3129.8,18,1,3129.6,1,1,3129.4,26,4,3128.8,30,2,3128.7,45,2,3129.9,30,5,3130.0,103,3,3130.1,16,1,3130.2,33,2,3130.3,60,2
2031,2026-06-16 11:37:50+05:30,3129.6,1,3130.52,1664922,135289.0,203961.0,3163.0,3163.0,3108.0,3134.3,31917800,3447.7,2820.9,3839.9,2896.0,3129.5,17,1,3129.4,26,4,3128.8,14,1,3128.6,13,1,3128.5,16,1,3129.9,14,1,3130.0,158,6,3130.2,79,4,3130.3,36,1,3130.4,785,9
2031,2026-06-16 11:37:50+05:30,3129.6,1,3130.52,1664922,135289.0,203961.0,3163.0,3163.0,3108.0,3134.3,31917800,3447.7,2820.9,3839.9,2896.0,3129.5,17,1,3129.4,26,4,3128.8,14,1,3128.6,13,1,3128.5,16,1,3129.9,14,1,3130.0,158,6,3130.2,79,4,3130.3,36,1,3130.4,785,9
2031,2026-06-16 11:37:50+05:30,3129.6,1,3130.52,1664922,135289.0,203961.0,3163.0,3163.0,3108.0,3134.3,31917800,3447.7,2820.9,3839.9,2896.0,3129.5,17,1,3129.4,26,4,3128.8,14,1,3128.6,13,1,3128.5,16,1,3129.9,14,1,3130.0,158,6,3130.2,79,4,3130.3,36,1,3130.4,785,9
2031,2026-06-16 11:37:51+05:30,3129.6,1,3130.52,1664922,135229.0,205995.0,3163.0,3163.0,3108.0,3134.3,31917800,3447.7,2820.9,3839.9,2896.0,3129.5,17,1,3129.4,26,4,3128.8,14,1,3128.6,13,1,3128.5,16,1,3129.9,60,5,3130.0,124,4,3130.2,99,5,3130.3,36,1,3130.4,785,9
2031,2026-06-16 11:37:51+05:30,3129.8,1,3130.52,1664922,135229.0,205995.0,3163.0,3163.0,3108.0,3134.3,31917800,3447.7,2820.9,3839.9,2896.0,3129.5,17,1,3129.4,26,4,3128.8,14,1,3128.6,13,1,3128.5,16,1,3129.9,60,5,3130.0,124,4,3130.2,99,5,3130.3,36,1,3130.4,785,9
2031,2026-06-16 11:37:52+05:30,3129.8,1,3130.52,1664923,135267.0,205995.0,3163.0,3163.0,3108.0,3134.3,31917800,3447.7,2820.9,3839.9,2896.0,3129.5,17,1,3129.4,26,4,3128.8,14,1,3128.6,13,1,3128.4,37,2,3129.9,60,5,3130.0,124,4,3130.2,99,5,3130.3,36,1,3130.4,985,10
2031,2026-06-16 11:37:52+05:30,3129.8,1,3130.52,1664923,135267.0,205995.0,3163.0,3163.0,3108.0,3134.3,31917800,3447.7,2820.9,3839.9,2896.0,3129.5,17,1,3129.4,26,4,3128.8,14,1,3128.6,13,1,3128.4,37,2,3129.9,60,5,3130.0,124,4,3130.2,99,5,3130.3,36,1,3130.4,985,10
2031,2026-06-16 11:37:53+05:30,3129.8,1,3130.52,1664923,135203.0,206371.0,3163.0,3163.0,3108.0,3134.3,31917800,3447.7,2820.9,3839.9,2896.0,3129.8,16,1,3129.4,26,4,3128.8,14,1,3128.6,13,1,3128.4,52,3,3129.9,38,3,3130.0,162,6,3130.2,99,5,3130.3,36,1,3130.4,769,8
2031,2026-06-16 11:37:54+05:30,3129.8,1,3130.52,1664923,135203.0,206371.0,3163.0,3163.0,3108.0,3134.3,31917800,3447.7,2820.9,3839.9,2896.0,3129.8,16,1,3129.4,26,4,3128.8,14,1,3128.6,13,1,3128.4,52,3,3129.9,38,3,3130.0,162,6,3130.2,99,5,3130.3,36,1,3130.4,769,8
2031,2026-06-16 11:37:54+05:30,3130.0,1,3130.52,1665024,135449.0,206199.0,3163.0,3163.0,3108.0,3134.3,31917800,3447.7,2820.9,3839.9,2896.0,3129.8,1,1,3129.5,15,1,3129.4,26,4,3128.8,29,2,3128.7,63,1,3130.0,102,3,3130.1,99,3,3130.2,19,2,3130.3,36,1,3130.4,775,8
2031,2026-06-16 11:37:54+05:30,3130.0,1,3130.52,1665024,135449.0,206199.0,3163.0,3163.0,3108.0,3134.3,31917800,3447.7,2820.9,3839.9,2896.0,3129.8,1,1,3129.5,15,1,3129.4,26,4,3128.8,29,2,3128.7,63,1,3130.0,102,3,3130.1,99,3,3130.2,19,2,3130.3,36,1,3130.4,775,8
2031,2026-06-16 11:37:55+05:30,3130.0,1,3130.52,1665024,135449.0,206199.0,3163.0,3163.0,3108.0,3134.3,31917800,3447.7,2820.9,3839.9,2896.0,3129.8,1,1,3129.5,15,1,3129.4,26,4,3128.8,29,2,3128.7,63,1,3130.0,102,3,3130.1,99,3,3130.2,19,2,3130.3,36,1,3130.4,775,8
2031,2026-06-16 11:37:55+05:30,3129.8,6,3130.52,1665024,135449.0,206199.0,3163.0,3163.0,3108.0,3134.3,31917800,3447.7,2820.9,3839.9,2896.0,3129.8,1,1,3129.5,15,1,3129.4,26,4,3128.8,29,2,3128.7,63,1,3130.0,102,3,3130.1,99,3,3130.2,19,2,3130.3,36,1,3130.4,775,8
2031,2026-06-16 11:37:55+05:30,3129.9,1,3130.52,1665041,135352.0,205512.0,3163.0,3163.0,3108.0,3134.3,31917800,3447.7,2820.9,3839.9,2896.0,3129.8,32,1,3129.5,15,1,3129.4,25,3,3129.1,47,2,3128.8,62,2,3129.9,1,1,3130.0,102,3,3130.1,60,1,3130.2,16,2,3130.3,23,1
2031,2026-06-16 11:37:56+05:30,3129.9,1,3130.52,1665041,135352.0,205512.0,3163.0,3163.0,3108.0,3134.3,31917800,3447.7,2820.9,3839.9,2896.0,3129.8,32,1,3129.5,15,1,3129.4,25,3,3129.1,47,2,3128.8,62,2,3129.9,1,1,3130.0,102,3,3130.1,60,1,3130.2,16,2,3130.3,23,1
2031,2026-06-16 11:37:56+05:30,3129.8,30,3130.52,1665041,135352.0,205512.0,3163.0,3163.0,3108.0,3134.3,31917800,3447.7,2820.9,3839.9,2896.0,3129.8,32,1,3129.5,15,1,3129.4,25,3,3129.1,47,2,3128.8,62,2,3129.9,1,1,3130.0,102,3,3130.1,60,1,3130.2,16,2,3130.3,23,1
2031,2026-06-16 11:37:56+05:30,3129.8,30,3130.52,1665242,135388.0,205154.0,3163.0,3163.0,3108.0,3134.3,31917800,3447.7,2820.9,3839.9,2896.0,3129.4,25,3,3129.3,17,1,3128.8,62,2,3128.7,71,2,3128.6,61,2,3129.9,25,2,3130.0,97,4,3130.1,60,1,3130.2,60,4,3130.3,47,1
2031,2026-06-16 11:37:56+05:30,3129.8,30,3130.52,1665242,135388.0,205154.0,3163.0,3163.0,3108.0,3134.3,31917800,3447.7,2820.9,3839.9,2896.0,3129.4,25,3,3129.3,17,1,3128.8,62,2,3128.7,71,2,3128.6,61,2,3129.9,25,2,3130.0,97,4,3130.1,60,1,3130.2,60,4,3130.3,47,1
2031,2026-06-16 11:37:57+05:30,3129.8,30,3130.52,1665242,135388.0,205154.0,3163.0,3163.0,3108.0,3134.3,31917800,3447.7,2820.9,3839.9,2896.0,3129.4,25,3,3129.3,17,1,3128.8,62,2,3128.7,71,2,3128.6,61,2,3129.9,25,2,3130.0,97,4,3130.1,60,1,3130.2,60,4,3130.3,47,1
2031,2026-06-16 11:37:57+05:30,3129.8,30,3130.52,1665242,135474.0,205233.0,3163.0,3163.0,3108.0,3134.3,31917800,3447.7,2820.9,3839.9,2896.0,3129.4,25,3,3129.3,17,1,3128.8,62,2,3128.7,71,2,3128.6,61,2,3129.8,22,1,3129.9,12,1,3130.0,97,4,3130.1,60,1,3130.2,98,6
2031,2026-06-16 11:37:57+05:30,3129.8,30,3130.52,1665242,135474.0,205233.0,3163.0,3163.0,3108.0,3134.3,31917800,3447.7,2820.9,3839.9,2896.0,3129.4,25,3,3129.3,17,1,3128.8,62,2,3128.7,71,2,3128.6,61,2,3129.8,22,1,3129.9,12,1,3130.0,97,4,3130.1,60,1,3130.2,98,6
2031,2026-06-16 11:37:58+05:30,3129.8,30,3130.52,1665242,135474.0,205233.0,3163.0,3163.0,3108.0,3134.3,31917800,3447.7,2820.9,3839.9,2896.0,3129.4,25,3,3129.3,17,1,3128.8,62,2,3128.7,71,2,3128.6,61,2,3129.8,22,1,3129.9,12,1,3130.0,97,4,3130.1,60,1,3130.2,98,6
2031,2026-06-16 11:37:58+05:30,3129.8,30,3130.52,1665242,135579.0,205222.0,3163.0,3163.0,3108.0,3134.3,31917800,3447.7,2820.9,3839.9,2896.0,3129.4,25,3,3129.3,17,1,3128.8,62,2,3128.7,71,2,3128.6,61,2,3129.8,22,1,3129.9,12,1,3130.0,97,4,3130.1,60,1,3130.2,81,5
2031,2026-06-16 11:37:59+05:30,3129.8,30,3130.52,1665242,135579.0,205222.0,3163.0,3163.0,3108.0,3134.3,31917800,3447.7,2820.9,3839.9,2896.0,3129.4,25,3,3129.3,17,1,3128.8,62,2,3128.7,71,2,3128.6,61,2,3129.8,22,1,3129.9,12,1,3130.0,97,4,3130.1,60,1,3130.2,81,5
2031,2026-06-16 11:37:59+05:30,3130.0,1,3130.52,1665242,135579.0,205222.0,3163.0,3163.0,3108.0,3134.3,31917800,3447.7,2820.9,3839.9,2896.0,3129.4,25,3,3129.3,17,1,3128.8,62,2,3128.7,71,2,3128.6,61,2,3129.8,22,1,3129.9,12,1,3130.0,97,4,3130.1,60,1,3130.2,81,5
2031,2026-06-16 11:37:59+05:30,3130.0,1,3130.52,1666335,135680.0,205104.0,3163.0,3163.0,3108.0,3134.3,31917800,3447.7,2820.9,3839.9,2896.0,3129.4,25,3,3129.3,17,1,3129.1,3,1,3129.0,6,1,3128.8,63,3,3129.9,121,1,3130.0,97,1,3130.4,83,4,3130.5,472,4,3130.6,148,5
2031,2026-06-16 11:38:00+05:30,3130.0,1,3130.52,1666335,135680.0,205104.0,3163.0,3163.0,3108.0,3134.3,31917800,3447.7,2820.9,3839.9,2896.0,3129.4,25,3,3129.3,17,1,3129.1,3,1,3129.0,6,1,3128.8,63,3,3129.9,121,1,3130.0,97,1,3130.4,83,4,3130.5,472,4,3130.6,148,5
2031,2026-06-16 11:38:00+05:30,3128.8,4,3130.52,1666335,135680.0,205104.0,3163.0,3163.0,3108.0,3134.3,31917800,3447.7,2820.9,3839.9,2896.0,3129.4,25,3,3129.3,17,1,3129.1,3,1,3129.0,6,1,3128.8,63,3,3129.9,121,1,3130.0,97,1,3130.4,83,4,3130.5,472,4,3130.6,148,5
2031,2026-06-16 11:38:00+05:30,3128.8,4,3130.52,1666656,134131.0,206402.0,3163.0,3163.0,3108.0,3134.3,31917800,3447.7,2820.9,3839.9,2896.0,3128.8,12,2,3128.7,74,3,3128.6,53,3,3128.5,83,3,3128.4,39,2,3129.8,35,1,3129.9,26,1,3130.0,118,3,3130.1,17,1,3130.2,94,3
2031,2026-06-16 11:38:01+05:30,3128.8,4,3130.52,1666656,134131.0,206402.0,3163.0,3163.0,3108.0,3134.3,31917800,3447.7,2820.9,3839.9,2896.0,3128.8,12,2,3128.7,74,3,3128.6,53,3,3128.5,83,3,3128.4,39,2,3129.8,35,1,3129.9,26,1,3130.0,118,3,3130.1,17,1,3130.2,94,3
2031,2026-06-16 11:38:01+05:30,3129.8,25,3130.52,1666681,134582.0,206209.0,3163.0,3163.0,3108.0,3134.3,31917800,3447.7,2820.9,3839.9,2896.0,3129.4,2,1,3128.8,12,2,3128.7,17,1,3128.6,14,2,3128.5,62,2,3129.8,10,1,3129.9,26,1,3130.0,98,2,3130.1,17,1,3130.2,94,3
2031,2026-06-16 11:38:02+05:30,3129.8,25,3130.52,1666681,134582.0,206209.0,3163.0,3163.0,3108.0,3134.3,31917800,3447.7,2820.9,3839.9,2896.0,3129.4,2,1,3128.8,12,2,3128.7,17,1,3128.6,14,2,3128.5,62,2,3129.8,10,1,3129.9,26,1,3130.0,98,2,3130.1,17,1,3130.2,94,3
2031,2026-06-16 11:38:02+05:30,3129.8,1,3130.52,1666681,134582.0,206209.0,3163.0,3163.0,3108.0,3134.3,31917800,3447.7,2820.9,3839.9,2896.0,3129.4,2,1,3128.8,12,2,3128.7,17,1,3128.6,14,2,3128.5,62,2,3129.8,10,1,3129.9,26,1,3130.0,98,2,3130.1,17,1,3130.2,94,3
2031,2026-06-16 11:38:02+05:30,3129.4,7,3130.52,1666691,135362.0,205453.0,3163.0,3163.0,3108.0,3134.3,31917800,3447.7,2820.9,3839.9,2896.0,3129.4,32,2,3128.8,60,3,3128.7,106,3,3128.6,141,4,3128.5,100,4,3129.5,3,1,3129.8,26,1,3130.0,98,2,3130.2,20,1,3130.3,34,2
2031,2026-06-16 11:38:03+05:30,3129.4,7,3130.52,1666691,135362.0,205453.0,3163.0,3163.0,3108.0,3134.3,31919800,3447.7,2820.9,3839.9,2896.0,3129.4,32,2,3128.8,60,3,3128.7,106,3,3128.6,141,4,3128.5,100,4,3129.5,3,1,3129.8,26,1,3130.0,98,2,3130.2,20,1,3130.3,34,2
2031,2026-06-16 11:38:03+05:30,3129.4,7,3130.52,1666691,135362.0,205453.0,3163.0,3163.0,3108.0,3134.3,31919800,3447.7,2820.9,3839.9,2896.0,3129.4,32,2,3128.8,60,3,3128.7,106,3,3128.6,141,4,3128.5,100,4,3129.5,3,1,3129.8,26,1,3130.0,98,2,3130.2,20,1,3130.3,34,2
2031,2026-06-16 11:38:04+05:30,3129.4,1,3130.52,1666692,135268.0,205453.0,3163.0,3163.0,3108.0,3134.3,31919800,3447.7,2820.9,3839.9,2896.0,3129.4,31,2,3129.3,17,1,3128.8,60,3,3128.7,43,2,3128.6,298,5,3129.5,4,2,3129.8,26,1,3130.0,98,2,3130.2,20,1,3130.3,34,2
2031,2026-06-16 11:38:04+05:30,3129.4,1,3130.52,1666692,135268.0,205453.0,3163.0,3163.0,3108.0,3134.3,31919800,3447.7,2820.9,3839.9,2896.0,3129.4,31,2,3129.3,17,1,3128.8,60,3,3128.7,43,2,3128.6,298,5,3129.5,4,2,3129.8,26,1,3130.0,98,2,3130.2,20,1,3130.3,34,2
2031,2026-06-16 11:38:05+05:30,3129.5,1,3130.52,1666693,135227.0,205460.0,3163.0,3163.0,3108.0,3134.3,31919800,3447.7,2820.9,3839.9,2896.0,3129.4,31,2,3129.3,17,1,3128.8,50,2,3128.7,43,2,3128.6,14,2,3129.5,3,2,3129.8,26,1,3130.0,98,2,3130.2,20,1,3130.3,34,2
2031,2026-06-16 11:38:05+05:30,3129.4,1,3130.52,1666693,135227.0,205460.0,3163.0,3163.0,3108.0,3134.3,31919800,3447.7,2820.9,3839.9,2896.0,3129.4,31,2,3129.3,17,1,3128.8,50,2,3128.7,43,2,3128.6,14,2,3129.5,3,2,3129.8,26,1,3130.0,98,2,3130.2,20,1,3130.3,34,2
2031,2026-06-16 11:38:06+05:30,3129.4,1,3130.52,1666694,135225.0,205458.0,3163.0,3163.0,3108.0,3134.3,31919800,3447.7,2820.9,3839.9,2896.0,3129.4,30,2,3129.3,17,1,3128.8,71,3,3128.7,43,2,3128.6,31,3,3129.5,26,3,3130.0,98,2,3130.2,20,1,3130.3,35,2,3130.4,714,6
2031,2026-06-16 11:38:06+05:30,3129.5,3,3130.52,1666694,135225.0,205458.0,3163.0,3163.0,3108.0,3134.3,31919800,3447.7,2820.9,3839.9,2896.0,3129.4,30,2,3129.3,17,1,3128.8,71,3,3128.7,43,2,3128.6,31,3,3129.5,26,3,3130.0,98,2,3130.2,20,1,3130.3,35,2,3130.4,714,6
2031,2026-06-16 11:38:06+05:30,3129.5,3,3130.52,1666723,135427.0,205701.0,3163.0,3163.0,3108.0,3134.3,31919800,3447.7,2820.9,3839.9,2896.0,3129.4,30,2,3129.3,17,1,3128.8,50,2,3128.7,43,2,3128.6,273,5,3129.9,3,1,3130.0,1,1,3130.2,46,2,3130.3,17,1,3130.4,714,6
2031,2026-06-16 11:38:08+05:30,3129.5,1,3130.52,1666724,135402.0,205886.0,3163.0,3163.0,3108.0,3134.3,31919800,3447.7,2820.9,3839.9,2896.0,3129.5,14,1,3129.4,30,2,3128.8,50,2,3128.7,43,2,3128.6,31,3,3129.9,3,1,3130.0,1,1,3130.2,46,2,3130.3,33,2,3130.4,714,6
2031,2026-06-16 11:38:08+05:30,3129.7,1,3130.52,1666724,135402.0,205886.0,3163.0,3163.0,3108.0,3134.3,31919800,3447.7,2820.9,3839.9,2896.0,3129.5,14,1,3129.4,30,2,3128.8,50,2,3128.7,43,2,3128.6,31,3,3129.9,3,1,3130.0,1,1,3130.2,46,2,3130.3,33,2,3130.4,714,6
2031,2026-06-16 11:38:09+05:30,3129.5,1,3130.52,1666742,135620.0,205615.0,3163.0,3163.0,3108.0,3134.3,31919800,3447.7,2820.9,3839.9,2896.0,3129.7,8,1,3129.5,13,1,3129.4,28,1,3128.8,50,2,3128.7,43,2,3129.8,1,1,3129.9,1,1,3130.0,17,1,3130.2,43,2,3130.3,31,1
2031,2026-06-16 11:38:09+05:30,3129.5,1,3130.52,1666742,135620.0,205615.0,3163.0,3163.0,3108.0,3134.3,31919800,3447.7,2820.9,3839.9,2896.0,3129.7,8,1,3129.5,13,1,3129.4,28,1,3128.8,50,2,3128.7,43,2,3129.8,1,1,3129.9,1,1,3130.0,17,1,3130.2,43,2,3130.3,31,1
2031,2026-06-16 11:38:10+05:30,3129.8,1,3130.52,1666744,135647.0,205482.0,3163.0,3163.0,3108.0,3134.3,31919800,3447.7,2820.9,3839.9,2896.0,3129.7,62,3,3129.4,28,1,3128.8,50,2,3128.7,43,2,3128.6,78,3,3129.8,7,1,3129.9,1,1,3130.4,714,6,3130.5,59,3,3130.6,63,3
2031,2026-06-16 11:38:10+05:30,3129.8,1,3130.52,1666744,135647.0,205482.0,3163.0,3163.0,3108.0,3134.3,31919800,3447.7,2820.9,3839.9,2896.0,3129.7,62,3,3129.4,28,1,3128.8,50,2,3128.7,43,2,3128.6,78,3,3129.8,7,1,3129.9,1,1,3130.4,714,6,3130.5,59,3,3130.6,63,3
2031,2026-06-16 11:38:11+05:30,3129.7,1,3130.52,1666745,135719.0,205327.0,3163.0,3163.0,3108.0,3134.3,31919800,3447.7,2820.9,3839.9,2896.0,3129.7,61,3,3129.4,28,1,3128.8,80,3,3128.7,107,3,3128.6,57,3,3129.8,8,2,3130.4,688,5,3130.5,84,4,3130.6,37,2,3130.7,68,1
2031,2026-06-16 11:38:11+05:30,3129.8,44,3130.52,1666745,135719.0,205327.0,3163.0,3163.0,3108.0,3134.3,31919800,3447.7,2820.9,3839.9,2896.0,3129.7,61,3,3129.4,28,1,3128.8,80,3,3128.7,107,3,3128.6,57,3,3129.8,8,2,3130.4,688,5,3130.5,84,4,3130.6,37,2,3130.7,68,1
2031,2026-06-16 11:38:12+05:30,3129.8,44,3130.52,1666833,135754.0,204648.0,3163.0,3163.0,3108.0,3134.3,31919800,3447.7,2820.9,3839.9,2896.0,3129.8,27,2,3129.7,46,2,3129.4,28,1,3128.9,41,2,3128.8,50,2,3130.2,9,1,3130.3,46,4,3130.4,696,6,3130.5,59,3,3130.6,68,3
2031,2026-06-16 11:38:13+05:30,3129.8,44,3130.52,1666833,135828.0,204703.0,3163.0,3163.0,3108.0,3134.3,31919800,3447.7,2820.9,3839.9,2896.0,3129.8,66,3,3129.7,46,2,3129.4,28,1,3128.9,41,2,3128.8,50,2,3130.2,9,1,3130.4,683,5,3130.5,42,3,3130.6,36,2,3130.7,68,1
2031,2026-06-16 11:38:13+05:30,3128.1,1,3130.52,1666833,135828.0,204703.0,3163.0,3163.0,3108.0,3134.3,31919800,3447.7,2820.9,3839.9,2896.0,3129.8,66,3,3129.7,46,2,3129.4,28,1,3128.9,41,2,3128.8,50,2,3130.2,9,1,3130.4,683,5,3130.5,42,3,3130.6,36,2,3130.7,68,1
2031,2026-06-16 11:38:14+05:30,3128.1,1,3130.52,1667398,133399.0,207199.0,3163.0,3163.0,3108.0,3134.3,31919800,3447.7,2820.9,3839.9,2896.0,3128.2,13,1,3128.1,47,5,3128.0,153,6,3127.9,4,1,3127.8,26,1,3129.4,263,2,3129.5,260,3,3129.6,32,2,3129.7,425,4,3129.8,416,6
2031,2026-06-16 11:38:14+05:30,3128.1,22,3130.52,1667398,133399.0,207199.0,3163.0,3163.0,3108.0,3134.3,31919800,3447.7,2820.9,3839.9,2896.0,3128.2,13,1,3128.1,47,5,3128.0,153,6,3127.9,4,1,3127.8,26,1,3129.4,263,2,3129.5,260,3,3129.6,32,2,3129.7,425,4,3129.8,416,6
2031,2026-06-16 11:38:15+05:30,3128.2,7,3130.52,1667668,133601.0,206455.0,3163.0,3163.0,3108.0,3134.3,31919800,3447.7,2820.9,3839.9,2896.0,3128.3,30,1,3128.2,66,7,3128.1,60,5,3128.0,143,7,3127.9,80,3,3128.9,200,1,3129.4,281,4,3129.6,21,1,3129.8,703,6,3129.9,245,3
2031,2026-06-16 11:38:15+05:30,3128.9,1,3130.52,1667668,133601.0,206455.0,3163.0,3163.0,3108.0,3134.3,31919800,3447.7,2820.9,3839.9,2896.0,3128.3,30,1,3128.2,66,7,3128.1,60,5,3128.0,143,7,3127.9,80,3,3128.9,200,1,3129.4,281,4,3129.6,21,1,3129.8,703,6,3129.9,245,3
2031,2026-06-16 11:38:16+05:30,3128.4,5,3130.52,1667680,133580.0,206243.0,3163.0,3163.0,3108.0,3134.3,31919800,3447.7,2820.9,3839.9,2896.0,3128.3,1,1,3128.2,44,3,3128.1,18,2,3128.0,66,4,3127.9,110,4,3128.8,23,1,3128.9,223,2,3129.4,256,3,3129.6,21,1,3129.8,36,2
2031,2026-06-16 11:38:16+05:30,3128.2,2,3130.52,1667680,133580.0,206243.0,3163.0,3163.0,3108.0,3134.3,31919800,3447.7,2820.9,3839.9,2896.0,3128.3,1,1,3128.2,44,3,3128.1,18,2,3128.0,66,4,3127.9,110,4,3128.8,23,1,3128.9,223,2,3129.4,256,3,3129.6,21,1,3129.8,36,2
2031,2026-06-16 11:38:17+05:30,3128.2,2,3130.52,1667712,132923.0,204736.0,3163.0,3163.0,3108.0,3134.3,31919800,3447.7,2820.9,3839.9,2896.0,3128.1,18,2,3128.0,92,5,3127.9,65,2,3127.8,42,2,3127.7,91,4,3128.2,4,1,3128.3,189,1,3128.9,25,1,3129.2,20,1,3129.3,14,1
2031,2026-06-16 11:38:17+05:30,3128.0,4,3130.52,1667712,132923.0,204736.0,3163.0,3163.0,3108.0,3134.3,31919800,3447.7,2820.9,3839.9,2896.0,3128.1,18,2,3128.0,92,5,3127.9,65,2,3127.8,42,2,3127.7,91,4,3128.2,4,1,3128.3,189,1,3128.9,25,1,3129.2,20,1,3129.3,14,1
2031,2026-06-16 11:38:18+05:30,3128.0,2,3130.52,1667737,133300.0,206342.0,3163.0,3163.0,3108.0,3134.3,31919800,3447.7,2820.9,3839.9,2896.0,3128.0,64,4,3127.9,65,2,3127.8,26,1,3127.7,42,1,3127.6,74,3,3128.1,171,1,3128.9,25,1,3129.0,22,1,3129.2,20,1,3129.3,14,1
2031,2026-06-16 11:38:18+05:30,3128.0,65,3130.52,1667737,133300.0,206342.0,3163.0,3163.0,3108.0,3134.3,31919800,3447.7,2820.9,3839.9,2896.0,3128.0,64,4,3127.9,65,2,3127.8,26,1,3127.7,42,1,3127.6,74,3,3128.1,171,1,3128.9,25,1,3129.0,22,1,3129.2,20,1,3129.3,14,1
2031,2026-06-16 11:38:19+05:30,3128.0,41,3130.52,1668149,132102.0,206389.0,3163.0,3163.0,3108.0,3134.3,31919800,3447.7,2820.9,3839.9,2896.0,3127.5,56,4,3127.4,176,5,3127.3,31,1,3127.2,89,3,3127.1,57,2,3128.1,26,2,3128.8,40,2,3129.0,42,2,3129.2,37,2,3129.3,17,1
2031,2026-06-16 11:38:19+05:30,3128.0,41,3130.52,1668149,132102.0,206389.0,3163.0,3163.0,3108.0,3134.3,31919800,3447.7,2820.9,3839.9,2896.0,3127.5,56,4,3127.4,176,5,3127.3,31,1,3127.2,89,3,3127.1,57,2,3128.1,26,2,3128.8,40,2,3129.0,42,2,3129.2,37,2,3129.3,17,1
2031,2026-06-16 11:38:20+05:30,3128.0,41,3130.52,1668149,132783.0,206922.0,3163.0,3163.0,3108.0,3134.3,31919800,3447.7,2820.9,3839.9,2896.0,3127.9,4,1,3127.5,79,5,3127.4,190,5,3127.3,31,1,3127.2,68,2,3128.0,4,1,3128.1,26,2,3128.8,20,1,3129.0,107,4,3129.2,37,2
2031,2026-06-16 11:38:21+05:30,3128.0,1,3130.52,1668150,132959.0,206569.0,3163.0,3163.0,3108.0,3134.3,31919800,3447.7,2820.9,3839.9,2896.0,3127.9,22,2,3127.8,26,1,3127.7,50,3,3127.6,66,2,3127.5,60,4,3128.0,5,2,3128.1,1,1,3128.8,20,1,3129.0,90,3,3129.2,20,1
2031,2026-06-16 11:38:21+05:30,3128.0,1,3130.52,1668150,132959.0,206569.0,3163.0,3163.0,3108.0,3134.3,31919800,3447.7,2820.9,3839.9,2896.0,3127.9,22,2,3127.8,26,1,3127.7,50,3,3127.6,66,2,3127.5,60,4,3128.0,5,2,3128.1,1,1,3128.8,20,1,3129.0,90,3,3129.2,20,1
2031,2026-06-16 11:38:22+05:30,3128.1,3,3130.52,1668158,133645.0,205939.0,3163.0,3163.0,3108.0,3134.3,31919800,3447.7,2820.9,3839.9,2896.0,3128.4,23,1,3128.1,1,1,3128.0,4,1,3127.9,166,5,3127.8,110,3,3129.1,1,1,3129.2,2,1,3129.4,235,2,3129.6,116,3,3129.7,70,2
2031,2026-06-16 11:38:22+05:30,3128.1,3,3130.52,1668158,133645.0,205939.0,3163.0,3163.0,3108.0,3134.3,31919800,3447.7,2820.9,3839.9,2896.0,3128.4,23,1,3128.1,1,1,3128.0,4,1,3127.9,166,5,3127.8,110,3,3129.1,1,1,3129.2,2,1,3129.4,235,2,3129.6,116,3,3129.7,70,2
2031,2026-06-16 11:38:23+05:30,3128.1,3,3130.52,1668158,133509.0,206175.0,3163.0,3163.0,3108.0,3134.3,31919800,3447.7,2820.9,3839.9,2896.0,3128.4,23,1,3128.1,1,1,3128.0,42,2,3127.9,85,3,3127.8,90,2,3129.1,2,2,3129.2,2,1,3129.4,235,2,3129.6,159,5,3129.7,70,2
2031,2026-06-16 11:38:24+05:30,3128.1,3,3130.52,1668158,133389.0,206422.0,3163.0,3163.0,3108.0,3134.3,31919800,3447.7,2820.9,3839.9,2896.0,3128.4,23,1,3128.1,1,1,3127.9,22,2,3127.7,12,1,3127.6,43,2,3129.1,22,3,3129.2,22,2,3129.3,17,1,3129.4,360,5,3129.6,195,5
2031,2026-06-16 11:38:25+05:30,3129.1,1,3130.52,1668159,133419.0,206161.0,3163.0,3163.0,3108.0,3134.3,31919800,3447.7,2820.9,3839.9,2896.0,3128.4,23,1,3127.9,22,2,3127.8,4,1,3127.7,12,1,3127.6,91,3,3129.1,14,2,3129.2,2,1,3129.3,17,1,3129.4,325,4,3129.6,195,5
2031,2026-06-16 11:38:25+05:30,3129.1,1,3130.52,1668159,133419.0,206161.0,3163.0,3163.0,3108.0,3134.3,31919800,3447.7,2820.9,3839.9,2896.0,3128.4,23,1,3127.9,22,2,3127.8,4,1,3127.7,12,1,3127.6,91,3,3129.1,14,2,3129.2,2,1,3129.3,17,1,3129.4,325,4,3129.6,195,5
2031,2026-06-16 11:38:26+05:30,3129.1,1,3130.52,1668160,133249.0,206100.0,3163.0,3163.0,3108.0,3134.3,31919800,3447.7,2820.9,3839.9,2896.0,3128.5,19,2,3128.4,24,2,3127.9,4,1,3127.7,30,2,3127.6,91,3,3129.1,33,2,3129.2,22,2,3129.3,17,1,3129.4,325,4,3129.6,195,5
2031,2026-06-16 11:38:26+05:30,3129.1,1,3130.52,1668160,133249.0,206100.0,3163.0,3163.0,3108.0,3134.3,31919800,3447.7,2820.9,3839.9,2896.0,3128.5,19,2,3128.4,24,2,3127.9,4,1,3127.7,30,2,3127.6,91,3,3129.1,33,2,3129.2,22,2,3129.3,17,1,3129.4,325,4,3129.6,195,5
2031,2026-06-16 11:38:27+05:30,3129.1,1,3130.52,1668160,133309.0,206266.0,3163.0,3163.0,3108.0,3134.3,31919800,3447.7,2820.9,3839.9,2896.0,3128.8,17,1,3128.5,1,1,3128.4,24,2,3127.9,4,1,3127.7,81,3,3129.1,13,1,3129.2,37,2,3129.4,296,4,3129.6,174,5,3129.7,70,2
2031,2026-06-16 11:38:28+05:30,3129.1,1,3130.52,1668166,133764.0,206320.0,3163.0,3163.0,3108.0,3134.3,31919800,3447.7,2820.9,3839.9,2896.0,3128.9,17,1,3128.5,1,1,3128.4,41,3,3127.9,4,1,3127.7,96,3,3129.1,42,3,3129.2,37,2,3129.3,26,1,3129.4,296,4,3129.6,174,5
2031,2026-06-16 11:38:28+05:30,3129.1,1,3130.52,1668166,133764.0,206320.0,3163.0,3163.0,3108.0,3134.3,31919800,3447.7,2820.9,3839.9,2896.0,3128.9,17,1,3128.5,1,1,3128.4,41,3,3127.9,4,1,3127.7,96,3,3129.1,42,3,3129.2,37,2,3129.3,26,1,3129.4,296,4,3129.6,174,5
2031,2026-06-16 11:38:29+05:30,3128.9,12,3130.52,1668278,133286.0,206440.0,3163.0,3163.0,3108.0,3134.3,31919800,3447.7,2820.9,3839.9,2896.0,3128.9,6,2,3128.8,1,1,3128.5,19,2,3128.4,24,2,3127.9,4,1,3129.0,20,1,3129.1,89,6,3129.4,296,4,3129.5,25,1,3129.6,148,4
2031,2026-06-16 11:38:29+05:30,3128.9,12,3130.52,1668278,133286.0,206440.0,3163.0,3163.0,3108.0,3134.3,31919800,3447.7,2820.9,3839.9,2896.0,3128.9,6,2,3128.8,1,1,3128.5,19,2,3128.4,24,2,3127.9,4,1,3129.0,20,1,3129.1,89,6,3129.4,296,4,3129.5,25,1,3129.6,148,4
2031,2026-06-16 11:38:30+05:30,3129.0,20,3130.52,1668299,133388.0,206176.0,3163.0,3163.0,3108.0,3134.3,31919800,3447.7,2820.9,3839.9,2896.0,3128.9,6,3,3128.8,1,1,3128.5,19,2,3128.4,24,2,3127.9,4,1,3129.1,39,3,3129.2,17,1,3129.4,295,4,3129.6,173,5,3129.7,337,4
2031,2026-06-16 11:38:30+05:30,3129.0,20,3130.52,1668299,133388.0,206176.0,3163.0,3163.0,3108.0,3134.3,31919800,3447.7,2820.9,3839.9,2896.0,3128.9,6,3,3128.8,1,1,3128.5,19,2,3128.4,24,2,3127.9,4,1,3129.1,39,3,3129.2,17,1,3129.4,295,4,3129.6,173,5,3129.7,337,4
2031,2026-06-16 11:38:31+05:30,3129.1,1,3130.52,1668303,133474.0,206165.0,3163.0,3163.0,3108.0,3134.3,31919800,3447.7,2820.9,3839.9,2896.0,3129.0,5,3,3128.9,6,3,3128.8,1,1,3128.5,19,2,3128.4,24,2,3129.1,38,3,3129.4,248,2,3129.6,86,3,3129.7,70,2,3129.8,732,7
2031,2026-06-16 11:38:31+05:30,3129.1,18,3130.52,1668303,133474.0,206165.0,3163.0,3163.0,3108.0,3134.3,31919800,3447.7,2820.9,3839.9,2896.0,3129.0,5,3,3128.9,6,3,3128.8,1,1,3128.5,19,2,3128.4,24,2,3129.1,38,3,3129.4,248,2,3129.6,86,3,3129.7,70,2,3129.8,732,7
2031,2026-06-16 11:38:32+05:30,3130.0,5593,3130.52,1675399,134819.0,208602.0,3163.0,3163.0,3108.0,3134.3,31919800,3447.7,2820.9,3839.9,2896.0,3129.0,12,4,3128.9,6,3,3128.8,1,1,3128.5,15,2,3128.4,98,4,3129.8,25,3,3129.9,278,4,3130.0,4467,2,3130.1,86,3,3130.2,124,4
2031,2026-06-16 11:38:32+05:30,3130.0,5593,3130.52,1675399,134819.0,208602.0,3163.0,3163.0,3108.0,3134.3,31919800,3447.7,2820.9,3839.9,2896.0,3129.0,12,4,3128.9,6,3,3128.8,1,1,3128.5,15,2,3128.4,98,4,3129.8,25,3,3129.9,278,4,3130.0,4467,2,3130.1,86,3,3130.2,124,4
2031,2026-06-16 11:38:33+05:30,3130.0,5593,3130.52,1675399,134603.0,210080.0,3163.0,3163.0,3108.0,3134.3,31919800,3447.7,2820.9,3839.9,2896.0,3129.2,16,1,3129.0,5,3,3128.9,6,3,3128.8,1,1,3128.5,16,2,3129.7,772,1,3129.8,855,9,3129.9,107,3,3130.0,4515,4,3130.1,134,4
2031,2026-06-16 11:38:34+05:30,3130.0,5593,3130.52,1675399,135004.0,210092.0,3163.0,3163.0,3108.0,3134.3,31919800,3447.7,2820.9,3839.9,2896.0,3129.3,16,1,3129.2,241,1,3129.0,5,3,3128.9,10,4,3128.8,1,1,3129.7,828,3,3129.8,39,4,3129.9,819,5,3130.0,4428,2,3130.1,76,3
2031,2026-06-16 11:38:34+05:30,3129.7,1,3130.52,1675399,135004.0,210092.0,3163.0,3163.0,3108.0,3134.3,31919800,3447.7,2820.9,3839.9,2896.0,3129.3,16,1,3129.2,241,1,3129.0,5,3,3128.9,10,4,3128.8,1,1,3129.7,828,3,3129.8,39,4,3129.9,819,5,3130.0,4428,2,3130.1,76,3
2031,2026-06-16 11:38:35+05:30,3129.5,18,3130.52,1675419,135240.0,208929.0,3163.0,3163.0,3108.0,3134.3,31919800,3447.7,2820.9,3839.9,2896.0,3129.5,18,1,3129.3,241,1,3129.2,241,1,3129.0,5,3,3128.9,6,3,3129.7,826,3,3129.8,19,3,3129.9,800,4,3130.0,4488,3,3130.1,20,1
2031,2026-06-16 11:38:35+05:30,3129.5,18,3130.52,1675419,135240.0,208929.0,3163.0,3163.0,3108.0,3134.3,31919800,3447.7,2820.9,3839.9,2896.0,3129.5,18,1,3129.3,241,1,3129.2,241,1,3129.0,5,3,3128.9,6,3,3129.7,826,3,3129.8,19,3,3129.9,800,4,3130.0,4488,3,3130.1,20,1
2031,2026-06-16 11:38:36+05:30,3129.7,160,3130.52,1675581,136061.0,210627.0,3163.0,3163.0,3108.0,3134.3,31919800,3447.7,2820.9,3839.9,2896.0,3129.6,2,2,3129.3,241,1,3129.2,241,1,3129.0,34,3,3128.9,2,2,3129.7,676,4,3129.8,19,3,3129.9,800,4,3130.0,4494,3,3130.1,20,1
2031,2026-06-16 11:38:36+05:30,3129.7,1,3130.52,1675581,136061.0,210627.0,3163.0,3163.0,3108.0,3134.3,31919800,3447.7,2820.9,3839.9,2896.0,3129.6,2,2,3129.3,241,1,3129.2,241,1,3129.0,34,3,3128.9,2,2,3129.7,676,4,3129.8,19,3,3129.9,800,4,3130.0,4494,3,3130.1,20,1
2031,2026-06-16 11:38:37+05:30,3129.2,1,3130.52,1676210,134742.0,209037.0,3163.0,3163.0,3108.0,3134.3,31919800,3447.7,2820.9,3839.9,2896.0,3129.2,130,2,3129.0,18,2,3128.9,2,2,3128.8,18,2,3128.5,1,1,3129.7,67,4,3129.8,19,3,3129.9,819,5,3130.0,4454,3,3130.1,20,1
2031,2026-06-16 11:38:37+05:30,3129.2,1,3130.52,1676210,134742.0,209037.0,3163.0,3163.0,3108.0,3134.3,31919800,3447.7,2820.9,3839.9,2896.0,3129.2,130,2,3129.0,18,2,3128.9,2,2,3128.8,18,2,3128.5,1,1,3129.7,67,4,3129.8,19,3,3129.9,819,5,3130.0,4454,3,3130.1,20,1
2031,2026-06-16 11:38:38+05:30,3129.2,1,3130.52,1676210,134743.0,209662.0,3163.0,3163.0,3108.0,3134.3,31919800,3447.7,2820.9,3839.9,2896.0,3129.4,3,1,3129.2,114,1,3129.0,15,1,3128.9,18,3,3128.8,18,2,3129.6,69,1,3129.7,67,4,3129.8,19,3,3129.9,800,4,3130.0,4454,3
2031,2026-06-16 11:38:39+05:30,3129.2,1,3130.52,1676210,135382.0,210073.0,3163.0,3163.0,3108.0,3134.3,31919800,3447.7,2820.9,3839.9,2896.0,3129.4,3,1,3129.2,114,1,3129.0,15,1,3128.9,18,3,3128.8,18,2,3129.6,70,2,3129.7,66,3,3129.8,19,3,3129.9,800,4,3130.0,4454,3
2031,2026-06-16 11:38:40+05:30,3129.6,8,3130.52,1676220,135484.0,210021.0,3163.0,3163.0,3108.0,3134.3,31919800,3447.7,2820.9,3839.9,2896.0,3129.4,3,1,3129.3,15,1,3129.2,114,1,3129.1,16,1,3128.9,1,1,3129.6,60,2,3129.7,66,3,3129.8,19,3,3129.9,800,4,3130.0,4454,3
2031,2026-06-16 11:38:40+05:30,3129.6,8,3130.52,1676220,135484.0,210021.0,3163.0,3163.0,3108.0,3134.3,31919800,3447.7,2820.9,3839.9,2896.0,3129.4,3,1,3129.3,15,1,3129.2,114,1,3129.1,16,1,3128.9,1,1,3129.6,60,2,3129.7,66,3,3129.8,19,3,3129.9,800,4,3130.0,4454,3
2031,2026-06-16 11:38:41+05:30,3129.7,1,3130.52,1676282,135869.0,210238.0,3163.0,3163.0,3108.0,3134.3,31919800,3447.7,2820.9,3839.9,2896.0,3129.5,16,1,3129.4,2,1,3129.2,114,1,3129.1,16,1,3128.9,55,3,3129.7,65,2,3129.8,5,1,3129.9,800,4,3130.0,4434,2,3130.1,20,1
2031,2026-06-16 11:38:41+05:30,3129.7,1,3130.52,1676282,135869.0,210238.0,3163.0,3163.0,3108.0,3134.3,31919800,3447.7,2820.9,3839.9,2896.0,3129.5,16,1,3129.4,2,1,3129.2,114,1,3129.1,16,1,3128.9,55,3,3129.7,65,2,3129.8,5,1,3129.9,800,4,3130.0,4434,2,3130.1,20,1
2031,2026-06-16 11:38:42+05:30,3129.6,1,3130.52,1676283,135794.0,210284.0,3163.0,3163.0,3108.0,3134.3,31919800,3447.7,2820.9,3839.9,2896.0,3129.5,16,1,3129.4,2,1,3129.2,114,1,3129.1,16,1,3128.9,36,2,3129.6,6,1,3129.7,65,2,3129.8,5,1,3129.9,800,4,3130.0,4434,2
2031,2026-06-16 11:38:42+05:30,3129.6,1,3130.52,1676283,135794.0,210284.0,3163.0,3163.0,3108.0,3134.3,31919800,3447.7,2820.9,3839.9,2896.0,3129.5,16,1,3129.4,2,1,3129.2,114,1,3129.1,16,1,3128.9,36,2,3129.6,6,1,3129.7,65,2,3129.8,5,1,3129.9,800,4,3130.0,4434,2
2031,2026-06-16 11:38:43+05:30,3129.6,17,3130.52,1676329,135783.0,210277.0,3163.0,3163.0,3108.0,3134.3,31919800,3447.7,2820.9,3839.9,2896.0,3129.6,17,1,3129.4,2,1,3129.2,114,1,3129.1,16,1,3128.9,1,1,3129.7,65,2,3129.8,5,1,3129.9,800,4,3130.0,4434,2,3130.1,20,1
2031,2026-06-16 11:38:43+05:30,3129.6,17,3130.52,1676329,135783.0,210277.0,3163.0,3163.0,3108.0,3134.3,31919800,3447.7,2820.9,3839.9,2896.0,3129.6,17,1,3129.4,2,1,3129.2,114,1,3129.1,16,1,3128.9,1,1,3129.7,65,2,3129.8,5,1,3129.9,800,4,3130.0,4434,2,3130.1,20,1
2031,2026-06-16 11:38:44+05:30,3129.7,38,3130.52,1676460,136086.0,210068.0,3163.0,3163.0,3108.0,3134.3,31919800,3447.7,2820.9,3839.9,2896.0,3129.4,2,1,3129.2,131,2,3129.1,16,1,3128.9,1,1,3128.8,31,2,3129.8,5,1,3129.9,800,4,3130.0,4434,2,3130.1,65,2,3130.2,75,3
2031,2026-06-16 11:38:44+05:30,3129.7,38,3130.52,1676460,136086.0,210068.0,3163.0,3163.0,3108.0,3134.3,31919800,3447.7,2820.9,3839.9,2896.0,3129.4,2,1,3129.2,131,2,3129.1,16,1,3128.9,1,1,3128.8,31,2,3129.8,5,1,3129.9,800,4,3130.0,4434,2,3130.1,65,2,3130.2,75,3
2031,2026-06-16 11:38:45+05:30,3129.7,38,3130.52,1676460,136086.0,210068.0,3163.0,3163.0,3108.0,3134.3,31919800,3447.7,2820.9,3839.9,2896.0,3129.4,2,1,3129.2,131,2,3129.1,16,1,3128.9,1,1,3128.8,31,2,3129.8,5,1,3129.9,800,4,3130.0,4434,2,3130.1,65,2,3130.2,75,3
2031,2026-06-16 11:38:45+05:30,3129.6,14,3130.52,1676474,136018.0,210151.0,3163.0,3163.0,3108.0,3134.3,31919800,3447.7,2820.9,3839.9,2896.0,3129.6,2,2,3129.4,1,1,3129.3,15,1,3129.2,114,1,3129.1,16,1,3129.7,41,1,3129.8,8,2,3129.9,800,4,3130.0,4434,2,3130.1,20,1
2031,2026-06-16 11:38:45+05:30,3129.6,14,3130.52,1676474,136018.0,210151.0,3163.0,3163.0,3108.0,3134.3,31919800,3447.7,2820.9,3839.9,2896.0,3129.6,2,2,3129.4,1,1,3129.3,15,1,3129.2,114,1,3129.1,16,1,3129.7,41,1,3129.8,8,2,3129.9,800,4,3130.0,4434,2,3130.1,20,1
2031,2026-06-16 11:38:46+05:30,3129.6,1,3130.52,1676474,136018.0,210151.0,3163.0,3163.0,3108.0,3134.3,31919800,3447.7,2820.9,3839.9,2896.0,3129.6,2,2,3129.4,1,1,3129.3,15,1,3129.2,114,1,3129.1,16,1,3129.7,41,1,3129.8,8,2,3129.9,800,4,3130.0,4434,2,3130.1,20,1
2031,2026-06-16 11:38:46+05:30,3129.6,1,3130.52,1676476,136004.0,210166.0,3163.0,3163.0,3108.0,3134.3,31919800,3447.7,2820.9,3839.9,2896.0,3129.6,8,3,3129.4,1,1,3129.3,29,2,3129.2,114,1,3128.9,1,1,3129.7,41,1,3129.8,5,1,3129.9,800,4,3130.0,4434,2,3130.1,20,1
2031,2026-06-16 11:38:46+05:30,3129.6,1,3130.52,1676476,136004.0,210166.0,3163.0,3163.0,3108.0,3134.3,31919800,3447.7,2820.9,3839.9,2896.0,3129.6,8,3,3129.4,1,1,3129.3,29,2,3129.2,114,1,3128.9,1,1,3129.7,41,1,3129.8,5,1,3129.9,800,4,3130.0,4434,2,3130.1,20,1
2031,2026-06-16 11:38:47+05:30,3129.7,1,3130.52,1676476,136004.0,210166.0,3163.0,3163.0,3108.0,3134.3,31919800,3447.7,2820.9,3839.9,2896.0,3129.6,8,3,3129.4,1,1,3129.3,29,2,3129.2,114,1,3128.9,1,1,3129.7,41,1,3129.8,5,1,3129.9,800,4,3130.0,4434,2,3130.1,20,1
2031,2026-06-16 11:38:47+05:30,3129.8,1,3130.52,1676478,135993.0,210186.0,3163.0,3163.0,3108.0,3134.3,31919800,3447.7,2820.9,3839.9,2896.0,3129.6,8,3,3129.5,16,1,3129.4,1,1,3129.3,14,1,3129.2,114,1,3129.8,804,5,3130.0,4434,2,3130.1,20,1,3130.2,20,1,3130.4,114,3
2031,2026-06-16 11:38:48+05:30,3129.3,23,3130.52,1676478,135993.0,210186.0,3163.0,3163.0,3108.0,3134.3,31919800,3447.7,2820.9,3839.9,2896.0,3129.6,8,3,3129.5,16,1,3129.4,1,1,3129.3,14,1,3129.2,114,1,3129.8,804,5,3130.0,4434,2,3130.1,20,1,3130.2,20,1,3130.4,114,3
2031,2026-06-16 11:38:48+05:30,3129.3,23,3130.52,1676478,135993.0,210186.0,3163.0,3163.0,3108.0,3134.3,31919800,3447.7,2820.9,3839.9,2896.0,3129.6,3,1,3129.3,14,1,3129.2,114,1,3128.9,1,1,3128.8,1,1,3129.7,22,1,3129.8,804,5,3129.9,2,1,3130.0,4434,2,3130.1,20,1
2031,2026-06-16 11:38:48+05:30,3129.3,23,3130.52,1676678,136063.0,209956.0,3163.0,3163.0,3108.0,3134.3,31919800,3447.7,2820.9,3839.9,2896.0,3129.6,3,1,3129.3,14,1,3129.2,114,1,3128.9,1,1,3128.8,1,1,3129.7,22,1,3129.8,804,5,3129.9,2,1,3130.0,4434,2,3130.1,20,1
2031,2026-06-16 11:38:50+05:30,3129.3,23,3130.52,1676678,136154.0,210071.0,3163.0,3163.0,3108.0,3134.3,31919800,3447.7,2820.9,3839.9,2896.0,3129.6,3,1,3129.3,14,1,3129.2,114,1,3128.9,1,1,3128.8,1,1,3129.7,25,2,3129.8,804,5,3129.9,2,1,3130.0,4434,2,3130.1,20,1
2031,2026-06-16 11:38:50+05:30,3129.3,23,3130.52,1676678,136154.0,210071.0,3163.0,3163.0,3108.0,3134.3,31919800,3447.7,2820.9,3839.9,2896.0,3129.6,3,1,3129.3,14,1,3129.2,114,1,3128.9,1,1,3128.8,1,1,3129.7,25,2,3129.8,804,5,3129.9,2,1,3130.0,4434,2,3130.1,20,1
2031,2026-06-16 11:38:51+05:30,3129.3,23,3130.52,1676678,136135.0,210129.0,3163.0,3163.0,3108.0,3134.3,31919800,3447.7,2820.9,3839.9,2896.0,3129.6,3,1,3129.3,14,1,3129.2,114,1,3128.9,1,1,3128.8,1,1,3129.7,39,3,3129.8,804,5,3129.9,2,1,3130.0,4434,2,3130.1,20,1
2031,2026-06-16 11:38:52+05:30,3129.3,23,3130.52,1676678,136135.0,210129.0,3163.0,3163.0,3108.0,3134.3,31919800,3447.7,2820.9,3839.9,2896.0,3129.6,3,1,3129.3,14,1,3129.2,114,1,3128.9,1,1,3128.8,1,1,3129.7,39,3,3129.8,804,5,3129.9,2,1,3130.0,4434,2,3130.1,20,1
2031,2026-06-16 11:38:52+05:30,3129.3,23,3130.52,1676678,136135.0,210129.0,3163.0,3163.0,3108.0,3134.3,31919800,3447.7,2820.9,3839.9,2896.0,3129.6,3,1,3129.3,14,1,3129.2,114,1,3128.9,1,1,3128.8,1,1,3129.7,39,3,3129.8,804,5,3129.9,2,1,3130.0,4434,2,3130.1,20,1
2031,2026-06-16 11:38:52+05:30,3129.7,1,3130.52,1676678,136135.0,210129.0,3163.0,3163.0,3108.0,3134.3,31919800,3447.7,2820.9,3839.9,2896.0,3129.6,3,1,3129.3,14,1,3129.2,114,1,3128.9,1,1,3128.8,1,1,3129.7,39,3,3129.8,804,5,3129.9,2,1,3130.0,4434,2,3130.1,20,1
2031,2026-06-16 11:38:53+05:30,3129.6,1,3130.52,1676680,136098.0,210297.0,3163.0,3163.0,3108.0,3134.3,31919800,3447.7,2820.9,3839.9,2896.0,3129.6,2,1,3129.3,14,1,3129.2,114,1,3128.9,1,1,3128.8,1,1,3129.7,38,3,3129.8,804,5,3129.9,2,1,3130.0,4453,3,3130.1,20,1
2031,2026-06-16 11:38:53+05:30,3129.6,1,3130.52,1676680,136098.0,210297.0,3163.0,3163.0,3108.0,3134.3,31919800,3447.7,2820.9,3839.9,2896.0,3129.6,2,1,3129.3,14,1,3129.2,114,1,3128.9,1,1,3128.8,1,1,3129.7,38,3,3129.8,804,5,3129.9,2,1,3130.0,4453,3,3130.1,20,1
2031,2026-06-16 11:38:54+05:30,3129.6,1,3130.52,1676680,136098.0,210297.0,3163.0,3163.0,3108.0,3134.3,31919800,3447.7,2820.9,3839.9,2896.0,3129.6,2,1,3129.3,14,1,3129.2,114,1,3128.9,1,1,3128.8,1,1,3129.7,38,3,3129.8,804,5,3129.9,2,1,3130.0,4453,3,3130.1,20,1
2031,2026-06-16 11:38:54+05:30,3129.8,1,3130.52,1676705,135797.0,209933.0,3163.0,3163.0,3108.0,3134.3,31919800,3447.7,2820.9,3839.9,2896.0,3129.3,14,1,3129.2,114,1,3128.9,1,1,3128.8,63,3,3128.7,33,1,3129.8,803,5,3130.0,4434,2,3130.1,20,1,3130.2,68,2,3130.4,69,2
2031,2026-06-16 11:38:54+05:30,3129.2,81,3130.52,1676705,135797.0,209933.0,3163.0,3163.0,3108.0,3134.3,31919800,3447.7,2820.9,3839.9,2896.0,3129.3,14,1,3129.2,114,1,3128.9,1,1,3128.8,63,3,3128.7,33,1,3129.8,803,5,3130.0,4434,2,3130.1,20,1,3130.2,68,2,3130.4,69,2
2031,2026-06-16 11:38:55+05:30,3128.4,8,3130.52,1677105,132456.0,208942.0,3163.0,3163.0,3108.0,3134.3,31919800,3447.7,2820.9,3839.9,2896.0,3127.9,4,1,3127.7,12,1,3127.6,46,2,3127.5,125,2,3127.4,179,4,3129.0,12,1,3129.2,34,2,3129.4,120,4,3129.5,21,2,3129.6,119,4
2031,2026-06-16 11:38:55+05:30,3128.9,57,3130.52,1677105,132456.0,208942.0,3163.0,3163.0,3108.0,3134.3,31919800,3447.7,2820.9,3839.9,2896.0,3127.9,4,1,3127.7,12,1,3127.6,46,2,3127.5,125,2,3127.4,179,4,3129.0,12,1,3129.2,34,2,3129.4,120,4,3129.5,21,2,3129.6,119,4
2031,2026-06-16 11:38:55+05:30,3128.9,57,3130.52,1677105,132456.0,208942.0,3163.0,3163.0,3108.0,3134.3,31919800,3447.7,2820.9,3839.9,2896.0,3127.9,4,1,3127.7,12,1,3127.6,46,2,3127.5,125,2,3127.4,179,4,3129.0,12,1,3129.2,34,2,3129.4,120,4,3129.5,21,2,3129.6,119,4
2031,2026-06-16 11:38:56+05:30,3128.9,57,3130.52,1677258,131787.0,211817.0,3163.0,3163.0,3108.0,3134.3,31919800,3447.7,2820.9,3839.9,2896.0,3127.9,4,1,3127.5,71,2,3127.4,153,3,3127.3,48,1,3127.2,106,3,3128.9,55,3,3129.0,76,4,3129.1,51,2,3129.2,105,4,3129.3,60,2
2031,2026-06-16 11:38:56+05:30,3128.9,57,3130.52,1677258,131787.0,211817.0,3163.0,3163.0,3108.0,3134.3,31919800,3447.7,2820.9,3839.9,2896.0,3127.9,4,1,3127.5,71,2,3127.4,153,3,3127.3,48,1,3127.2,106,3,3128.9,55,3,3129.0,76,4,3129.1,51,2,3129.2,105,4,3129.3,60,2
2031,2026-06-16 11:38:57+05:30,3128.9,57,3130.52,1677258,131787.0,211817.0,3163.0,3163.0,3108.0,3134.3,31919800,3447.7,2820.9,3839.9,2896.0,3127.9,4,1,3127.5,71,2,3127.4,153,3,3127.3,48,1,3127.2,106,3,3128.9,55,3,3129.0,76,4,3129.1,51,2,3129.2,105,4,3129.3,60,2
2031,2026-06-16 11:38:57+05:30,3128.9,57,3130.52,1677258,132810.0,211745.0,3163.0,3163.0,3108.0,3134.3,31919800,3447.7,2820.9,3839.9,2896.0,3128.0,12,1,3127.9,4,1,3127.5,48,1,3127.4,94,2,3127.3,236,4,3128.9,42,2,3129.0,99,5,3129.1,51,2,3129.2,148,5,3129.4,120,4
2031,2026-06-16 11:38:57+05:30,3128.9,57,3130.52,1677258,132810.0,211745.0,3163.0,3163.0,3108.0,3134.3,31919800,3447.7,2820.9,3839.9,2896.0,3128.0,12,1,3127.9,4,1,3127.5,48,1,3127.4,94,2,3127.3,236,4,3128.9,42,2,3129.0,99,5,3129.1,51,2,3129.2,148,5,3129.4,120,4
2031,2026-06-16 11:38:58+05:30,3128.9,57,3130.52,1677258,132810.0,211745.0,3163.0,3163.0,3108.0,3134.3,31919800,3447.7,2820.9,3839.9,2896.0,3128.0,12,1,3127.9,4,1,3127.5,48,1,3127.4,94,2,3127.3,236,4,3128.9,42,2,3129.0,99,5,3129.1,51,2,3129.2,148,5,3129.4,120,4
2031,2026-06-16 11:38:58+05:30,3128.9,1,3130.52,1677259,133131.0,212300.0,3163.0,3163.0,3108.0,3134.3,31919800,3447.7,2820.9,3839.9,2896.0,3128.0,12,1,3127.9,4,1,3127.6,158,1,3127.5,67,2,3127.4,137,3,3128.9,21,1,3129.0,35,2,3129.1,49,1,3129.2,32,2,3129.3,19,1
2031,2026-06-16 11:38:58+05:30,3128.9,1,3130.52,1677259,133131.0,212300.0,3163.0,3163.0,3108.0,3134.3,31919800,3447.7,2820.9,3839.9,2896.0,3128.0,12,1,3127.9,4,1,3127.6,158,1,3127.5,67,2,3127.4,137,3,3128.9,21,1,3129.0,35,2,3129.1,49,1,3129.2,32,2,3129.3,19,1
2031,2026-06-16 11:38:58+05:30,3128.9,1,3130.52,1677259,133131.0,212300.0,3163.0,3163.0,3108.0,3134.3,31919800,3447.7,2820.9,3839.9,2896.0,3128.0,12,1,3127.9,4,1,3127.6,158,1,3127.5,67,2,3127.4,137,3,3128.9,21,1,3129.0,35,2,3129.1,49,1,3129.2,32,2,3129.3,19,1
2031,2026-06-16 11:38:59+05:30,3128.9,1,3130.52,1677259,133127.0,212097.0,3163.0,3163.0,3108.0,3134.3,31919800,3447.7,2820.9,3839.9,2896.0,3128.0,12,1,3127.9,4,1,3127.6,158,1,3127.5,48,1,3127.4,201,4,3128.9,48,2,3129.0,12,1,3129.1,49,1,3129.2,32,2,3129.3,19,1
2031,2026-06-16 11:38:59+05:30,3128.9,1,3130.52,1677259,133127.0,212097.0,3163.0,3163.0,3108.0,3134.3,31919800,3447.7,2820.9,3839.9,2896.0,3128.0,12,1,3127.9,4,1,3127.6,158,1,3127.5,48,1,3127.4,201,4,3128.9,48,2,3129.0,12,1,3129.1,49,1,3129.2,32,2,3129.3,19,1
2031,2026-06-16 11:39:00+05:30,3128.9,16,3130.52,1677276,133020.0,210262.0,3163.0,3163.0,3108.0,3134.3,31919800,3447.7,2820.9,3839.9,2896.0,3128.5,5,1,3128.0,1,1,3127.9,4,1,3127.6,203,2,3127.5,48,1,3128.9,57,4,3129.0,31,2,3129.2,79,3,3129.4,113,3,3129.5,20,2
2031,2026-06-16 11:39:00+05:30,3128.9,16,3130.52,1677276,133020.0,210262.0,3163.0,3163.0,3108.0,3134.3,31919800,3447.7,2820.9,3839.9,2896.0,3128.5,5,1,3128.0,1,1,3127.9,4,1,3127.6,203,2,3127.5,48,1,3128.9,57,4,3129.0,31,2,3129.2,79,3,3129.4,113,3,3129.5,20,2
2031,2026-06-16 11:39:00+05:30,3128.9,1,3130.52,1677276,133020.0,210262.0,3163.0,3163.0,3108.0,3134.3,31919800,3447.7,2820.9,3839.9,2896.0,3128.5,5,1,3128.0,1,1,3127.9,4,1,3127.6,203,2,3127.5,48,1,3128.9,57,4,3129.0,31,2,3129.2,79,3,3129.4,113,3,3129.5,20,2
2031,2026-06-16 11:39:01+05:30,3128.9,1,3130.52,1677276,133020.0,210262.0,3163.0,3163.0,3108.0,3134.3,31919800,3447.7,2820.9,3839.9,2896.0,3128.5,5,1,3128.0,1,1,3127.9,4,1,3127.6,203,2,3127.5,48,1,3128.9,57,4,3129.0,31,2,3129.2,79,3,3129.4,113,3,3129.5,20,2
2031,2026-06-16 11:39:01+05:30,3128.6,1,3130.52,1677283,132995.0,207835.0,3163.0,3163.0,3108.0,3134.3,31919800,3447.7,2820.9,3839.9,2896.0,3128.5,4,1,3128.0,1,1,3127.9,4,1,3127.6,43,1,3127.5,69,2,3128.6,1,1,3128.9,52,3,3129.0,12,1,3129.2,79,3,3129.4,132,4
2031,2026-06-16 11:39:01+05:30,3128.6,1,3130.52,1677283,132995.0,207835.0,3163.0,3163.0,3108.0,3134.3,31919800,3447.7,2820.9,3839.9,2896.0,3128.5,4,1,3128.0,1,1,3127.9,4,1,3127.6,43,1,3127.5,69,2,3128.6,1,1,3128.9,52,3,3129.0,12,1,3129.2,79,3,3129.4,132,4
2031,2026-06-16 11:39:02+05:30,3128.6,1,3130.52,1677283,132995.0,207835.0,3163.0,3163.0,3108.0,3134.3,31919800,3447.7,2820.9,3839.9,2896.0,3128.5,4,1,3128.0,1,1,3127.9,4,1,3127.6,43,1,3127.5,69,2,3128.6,1,1,3128.9,52,3,3129.0,12,1,3129.2,79,3,3129.4,132,4
2031,2026-06-16 11:39:02+05:30,3128.5,1,3130.52,1677284,133328.0,205797.0,3163.0,3163.0,3108.0,3134.3,31919800,3447.7,2820.9,3839.9,2896.0,3128.5,12,2,3128.3,42,1,3128.1,19,1,3128.0,51,2,3127.9,65,4,3128.6,1,1,3128.9,52,3,3129.4,22,1,3129.5,600,3,3129.6,236,3
2031,2026-06-16 11:39:02+05:30,3128.5,1,3130.52,1677284,133328.0,205797.0,3163.0,3163.0,3108.0,3134.3,31919800,3447.7,2820.9,3839.9,2896.0,3128.5,12,2,3128.3,42,1,3128.1,19,1,3128.0,51,2,3127.9,65,4,3128.6,1,1,3128.9,52,3,3129.4,22,1,3129.5,600,3,3129.6,236,3
2031,2026-06-16 11:39:02+05:30,3128.5,1,3130.52,1677284,133328.0,205797.0,3163.0,3163.0,3108.0,3134.3,31919800,3447.7,2820.9,3839.9,2896.0,3128.5,12,2,3128.3,42,1,3128.1,19,1,3128.0,51,2,3127.9,65,4,3128.6,1,1,3128.9,52,3,3129.4,22,1,3129.5,600,3,3129.6,236,3
2031,2026-06-16 11:39:03+05:30,3128.6,1,3130.52,1677285,133225.0,207138.0,3163.0,3163.0,3108.0,3134.3,31919800,3447.7,2820.9,3839.9,2896.0,3128.5,12,2,3128.0,51,2,3127.9,81,4,3127.8,111,3,3127.7,34,1,3128.6,22,1,3128.9,28,2,3129.4,22,1,3129.6,836,6,3129.7,50,1
2031,2026-06-16 11:39:03+05:30,3128.6,1,3130.52,1677285,133225.0,207138.0,3163.0,3163.0,3108.0,3134.3,31919800,3447.7,2820.9,3839.9,2896.0,3128.5,12,2,3128.0,51,2,3127.9,81,4,3127.8,111,3,3127.7,34,1,3128.6,22,1,3128.9,28,2,3129.4,22,1,3129.6,836,6,3129.7,50,1
2031,2026-06-16 11:39:03+05:30,3128.6,1,3130.52,1677285,133225.0,207138.0,3163.0,3163.0,3108.0,3134.3,31916200,3447.7,2820.9,3839.9,2896.0,3128.5,12,2,3128.0,51,2,3127.9,81,4,3127.8,111,3,3127.7,34,1,3128.6,22,1,3128.9,28,2,3129.4,22,1,3129.6,836,6,3129.7,50,1
2031,2026-06-16 11:39:04+05:30,3128.6,1,3130.52,1677286,133230.0,207159.0,3163.0,3163.0,3108.0,3134.3,31916200,3447.7,2820.9,3839.9,2896.0,3128.5,12,2,3128.0,51,2,3127.9,81,4,3127.8,111,3,3127.7,34,1,3128.6,21,1,3128.9,28,2,3129.4,22,1,3129.5,19,1,3129.6,836,6
2031,2026-06-16 11:39:04+05:30,3128.6,1,3130.52,1677286,133230.0,207159.0,3163.0,3163.0,3108.0,3134.3,31916200,3447.7,2820.9,3839.9,2896.0,3128.5,12,2,3128.0,51,2,3127.9,81,4,3127.8,111,3,3127.7,34,1,3128.6,21,1,3128.9,28,2,3129.4,22,1,3129.5,19,1,3129.6,836,6
2031,2026-06-16 11:39:05+05:30,3128.6,1,3130.52,1677286,133626.0,207135.0,3163.0,3163.0,3108.0,3134.3,31916200,3447.7,2820.9,3839.9,2896.0,3128.5,27,3,3128.2,19,1,3128.1,62,2,3128.0,70,3,3127.9,182,2,3128.6,21,1,3128.9,28,2,3129.4,22,1,3129.6,836,6,3129.7,50,1
2031,2026-06-16 11:39:05+05:30,3128.6,4,3130.52,1677286,133626.0,207135.0,3163.0,3163.0,3108.0,3134.3,31916200,3447.7,2820.9,3839.9,2896.0,3128.5,27,3,3128.2,19,1,3128.1,62,2,3128.0,70,3,3127.9,182,2,3128.6,21,1,3128.9,28,2,3129.4,22,1,3129.6,836,6,3129.7,50,1
2031,2026-06-16 11:39:06+05:30,3128.9,7,3130.52,1677319,133626.0,206970.0,3163.0,3163.0,3108.0,3134.3,31916200,3447.7,2820.9,3839.9,2896.0,3128.5,27,3,3128.1,62,2,3128.0,70,3,3127.9,4,1,3127.8,235,6,3128.8,4,1,3128.9,1,1,3129.4,22,1,3129.6,53,3,3129.7,800,4
2031,2026-06-16 11:39:06+05:30,3128.9,7,3130.52,1677319,133626.0,206970.0,3163.0,3163.0,3108.0,3134.3,31916200,3447.7,2820.9,3839.9,2896.0,3128.5,27,3,3128.1,62,2,3128.0,70,3,3127.9,4,1,3127.8,235,6,3128.8,4,1,3128.9,1,1,3129.4,22,1,3129.6,53,3,3129.7,800,4
2031,2026-06-16 11:39:07+05:30,3128.5,5,3130.52,1677327,133639.0,206975.0,3163.0,3163.0,3108.0,3134.3,31916200,3447.7,2820.9,3839.9,2896.0,3128.5,20,2,3128.1,62,2,3128.0,70,3,3127.9,4,1,3127.8,235,6,3128.8,4,1,3128.9,1,1,3129.4,22,1,3129.6,53,3,3129.7,800,4
2031,2026-06-16 11:39:07+05:30,3128.1,3,3130.52,1677327,133639.0,206975.0,3163.0,3163.0,3108.0,3134.3,31916200,3447.7,2820.9,3839.9,2896.0,3128.5,20,2,3128.1,62,2,3128.0,70,3,3127.9,4,1,3127.8,235,6,3128.8,4,1,3128.9,1,1,3129.4,22,1,3129.6,53,3,3129.7,800,4
2031,2026-06-16 11:39:08+05:30,3128.6,3,3130.52,1677384,133025.0,207253.0,3163.0,3163.0,3108.0,3134.3,31916200,3447.7,2820.9,3839.9,2896.0,3128.7,15,2,3128.5,3,1,3128.0,51,2,3127.9,63,3,3127.8,50,1,3128.9,1,1,3129.5,79,2,3129.6,881,7,3129.7,90,2,3129.8,68,3
2031,2026-06-16 11:39:08+05:30,3128.8,1,3130.52,1677384,133025.0,207253.0,3163.0,3163.0,3108.0,3134.3,31916200,3447.7,2820.9,3839.9,2896.0,3128.7,15,2,3128.5,3,1,3128.0,51,2,3127.9,63,3,3127.8,50,1,3128.9,1,1,3129.5,79,2,3129.6,881,7,3129.7,90,2,3129.8,68,3
2031,2026-06-16 11:39:09+05:30,3128.3,160,3130.52,1677754,132135.0,208538.0,3163.0,3163.0,3108.0,3134.3,31916200,3447.7,2820.9,3839.9,2896.0,3128.0,1,1,3127.9,4,1,3127.5,225,2,3127.4,94,2,3127.3,69,2,3128.3,40,1,3128.5,194,1,3128.6,19,1,3128.8,23,2,3129.0,44,3
2031,2026-06-16 11:39:09+05:30,3128.3,21,3130.52,1677754,132135.0,208538.0,3163.0,3163.0,3108.0,3134.3,31916200,3447.7,2820.9,3839.9,2896.0,3128.0,1,1,3127.9,4,1,3127.5,225,2,3127.4,94,2,3127.3,69,2,3128.3,40,1,3128.5,194,1,3128.6,19,1,3128.8,23,2,3129.0,44,3
2031,2026-06-16 11:39:10+05:30,3127.8,36,3130.52,1678012,131673.0,207641.0,3163.0,3163.0,3108.0,3134.3,31916200,3447.7,2820.9,3839.9,2896.0,3127.9,96,3,3127.8,52,3,3127.7,22,1,3127.6,60,4,3127.5,88,5,3128.3,19,1,3129.0,20,1,3129.2,21,1,3129.3,18,1,3129.4,69,3
2031,2026-06-16 11:39:10+05:30,3127.8,36,3130.52,1678012,131673.0,207641.0,3163.0,3163.0,3108.0,3134.3,31916200,3447.7,2820.9,3839.9,2896.0,3127.9,96,3,3127.8,52,3,3127.7,22,1,3127.6,60,4,3127.5,88,5,3128.3,19,1,3129.0,20,1,3129.2,21,1,3129.3,18,1,3129.4,69,3
2031,2026-06-16 11:39:11+05:30,3127.8,36,3130.52,1678012,132589.0,207512.0,3163.0,3163.0,3108.0,3134.3,31916200,3447.7,2820.9,3839.9,2896.0,3127.9,99,5,3127.8,33,2,3127.7,22,1,3127.6,98,4,3127.5,76,4,3128.2,26,1,3128.3,32,2,3129.2,21,1,3129.3,18,1,3129.4,69,3
2031,2026-06-16 11:39:12+05:30,3129.3,8,3130.52,1678099,132879.0,207310.0,3163.0,3163.0,3108.0,3134.3,31916200,3447.7,2820.9,3839.9,2896.0,3128.0,24,2,3127.9,104,5,3127.8,71,3,3127.7,107,3,3127.6,69,2,3128.2,43,1,3129.3,49,1,3129.5,10,1,3129.6,325,5,3129.7,400,2
2031,2026-06-16 11:39:12+05:30,3129.3,8,3130.52,1678099,132879.0,207310.0,3163.0,3163.0,3108.0,3134.3,31916200,3447.7,2820.9,3839.9,2896.0,3128.0,24,2,3127.9,104,5,3127.8,71,3,3127.7,107,3,3127.6,69,2,3128.2,43,1,3129.3,49,1,3129.5,10,1,3129.6,325,5,3129.7,400,2
2031,2026-06-16 11:39:13+05:30,3129.3,8,3130.52,1678099,132318.0,207710.0,3163.0,3163.0,3108.0,3134.3,31916200,3447.7,2820.9,3839.9,2896.0,3128.0,15,2,3127.9,74,3,3127.8,52,2,3127.7,43,2,3127.6,72,2,3128.1,10,1,3128.2,96,3,3129.2,20,1,3129.3,49,1,3129.4,21,1
2031,2026-06-16 11:39:14+05:30,3128.1,8,3130.52,1678109,132919.0,207140.0,3163.0,3163.0,3108.0,3134.3,31916200,3447.7,2820.9,3839.9,2896.0,3128.1,12,1,3128.0,113,6,3127.9,106,5,3127.8,40,4,3127.7,4,1,3128.2,96,3,3129.2,20,1,3129.4,21,1,3129.5,27,2,3129.6,925,8
2031,2026-06-16 11:39:14+05:30,3128.2,4,3130.52,1678109,132919.0,207140.0,3163.0,3163.0,3108.0,3134.3,31916200,3447.7,2820.9,3839.9,2896.0,3128.1,12,1,3128.0,113,6,3127.9,106,5,3127.8,40,4,3127.7,4,1,3128.2,96,3,3129.2,20,1,3129.4,21,1,3129.5,27,2,3129.6,925,8
2031,2026-06-16 11:39:15+05:30,3128.2,4,3130.52,1678209,134043.0,206156.0,3163.0,3163.0,3108.0,3134.3,31916200,3447.7,2820.9,3839.9,2896.0,3128.2,296,10,3128.1,50,6,3128.0,146,9,3127.9,220,8,3127.8,155,7,3129.5,12,1,3129.6,15,1,3129.7,849,5,3129.8,23,2,3129.9,92,1
2031,2026-06-16 11:39:16+05:30,3128.2,4,3130.52,1678209,134002.0,206292.0,3163.0,3163.0,3108.0,3134.3,31916200,3447.7,2820.9,3839.9,2896.0,3128.9,2,2,3128.5,42,3,3128.3,175,1,3128.2,184,10,3128.1,69,6,3129.5,12,1,3129.6,15,1,3129.7,800,4,3129.8,2,1,3130.0,148,3
2031,2026-06-16 11:39:17+05:30,3128.2,4,3130.52,1678209,133861.0,205801.0,3163.0,3163.0,3108.0,3134.3,31916200,3447.7,2820.9,3839.9,2896.0,3128.9,3,3,3128.5,23,2,3128.3,175,1,3128.2,188,11,3128.1,69,6,3129.5,12,1,3129.6,15,1,3129.7,800,4,3129.8,52,2,3130.0,148,3
2031,2026-06-16 11:39:18+05:30,3128.2,4,3130.52,1678209,133861.0,205824.0,3163.0,3163.0,3108.0,3134.3,31916200,3447.7,2820.9,3839.9,2896.0,3128.9,3,3,3128.5,23,2,3128.3,175,1,3128.2,188,11,3128.1,69,6,3129.5,12,1,3129.6,15,1,3129.7,800,4,3129.8,52,2,3130.0,148,3
2031,2026-06-16 11:39:19+05:30,3129.5,1,3130.52,1678211,133918.0,204530.0,3163.0,3163.0,3108.0,3134.3,31916200,3447.7,2820.9,3839.9,2896.0,3129.2,1,1,3128.9,3,3,3128.2,137,8,3128.1,68,5,3128.0,114,6,3129.5,10,1,3129.6,34,2,3129.7,840,5,3129.8,156,5,3130.0,214,5
2031,2026-06-16 11:39:19+05:30,3129.5,1,3130.52,1678211,133918.0,204530.0,3163.0,3163.0,3108.0,3134.3,31916200,3447.7,2820.9,3839.9,2896.0,3129.2,1,1,3128.9,3,3,3128.2,137,8,3128.1,68,5,3128.0,114,6,3129.5,10,1,3129.6,34,2,3129.7,840,5,3129.8,156,5,3130.0,214,5
2031,2026-06-16 11:39:20+05:30,3129.2,12,3130.52,1678399,132594.0,206813.0,3163.0,3163.0,3108.0,3134.3,31916200,3447.7,2820.9,3839.9,2896.0,3128.9,1,1,3128.2,15,3,3128.1,1,1,3128.0,68,2,3127.9,22,1,3129.4,73,6,3129.5,35,3,3129.6,489,8,3129.7,456,5,3129.8,238,7
2031,2026-06-16 11:39:20+05:30,3129.2,12,3130.52,1678399,132594.0,206813.0,3163.0,3163.0,3108.0,3134.3,31916200,3447.7,2820.9,3839.9,2896.0,3128.9,1,1,3128.2,15,3,3128.1,1,1,3128.0,68,2,3127.9,22,1,3129.4,73,6,3129.5,35,3,3129.6,489,8,3129.7,456,5,3129.8,238,7
2031,2026-06-16 11:39:21+05:30,3128.9,1,3130.52,1678399,132594.0,206813.0,3163.0,3163.0,3108.0,3134.3,31916200,3447.7,2820.9,3839.9,2896.0,3128.9,1,1,3128.2,15,3,3128.1,1,1,3128.0,68,2,3127.9,22,1,3129.4,73,6,3129.5,35,3,3129.6,489,8,3129.7,456,5,3129.8,238,7
2031,2026-06-16 11:39:21+05:30,3128.9,1,3130.52,1678400,132832.0,207389.0,3163.0,3163.0,3108.0,3134.3,31916200,3447.7,2820.9,3839.9,2896.0,3128.2,15,3,3128.1,13,2,3128.0,68,2,3127.5,228,3,3127.4,114,4,3129.1,48,4,3129.2,12,1,3129.4,143,7,3129.5,34,2,3129.6,911,9
2031,2026-06-16 11:39:22+05:30,3128.9,1,3130.52,1678400,132783.0,207509.0,3163.0,3163.0,3108.0,3134.3,31916200,3447.7,2820.9,3839.9,2896.0,3128.2,32,4,3128.1,13,2,3128.0,3,1,3127.5,228,3,3127.4,114,4,3129.1,58,5,3129.2,12,1,3129.3,85,2,3129.4,172,7,3129.5,34,2
2031,2026-06-16 11:39:23+05:30,3127.8,170,3130.52,1678400,132783.0,207509.0,3163.0,3163.0,3108.0,3134.3,31916200,3447.7,2820.9,3839.9,2896.0,3128.2,32,4,3128.1,13,2,3128.0,3,1,3127.5,228,3,3127.4,114,4,3129.1,58,5,3129.2,12,1,3129.3,85,2,3129.4,172,7,3129.5,34,2
2031,2026-06-16 11:39:23+05:30,3127.8,170,3130.52,1678909,130349.0,208294.0,3163.0,3163.0,3108.0,3134.3,31916200,3447.7,2820.9,3839.9,2896.0,3127.5,88,3,3127.4,106,3,3127.2,64,3,3127.1,59,1,3127.0,54,2,3128.2,112,1,3128.8,22,1,3129.0,87,6,3129.1,121,6,3129.2,60,3
2031,2026-06-16 11:39:24+05:30,3128.0,1,3130.52,1678909,130349.0,208294.0,3163.0,3163.0,3108.0,3134.3,31916200,3447.7,2820.9,3839.9,2896.0,3127.5,88,3,3127.4,106,3,3127.2,64,3,3127.1,59,1,3127.0,54,2,3128.2,112,1,3128.8,22,1,3129.0,87,6,3129.1,121,6,3129.2,60,3
2031,2026-06-16 11:39:24+05:30,3128.0,1,3130.52,1678976,130502.0,209224.0,3163.0,3163.0,3108.0,3134.3,31916200,3447.7,2820.9,3839.9,2896.0,3127.5,13,2,3127.4,94,2,3127.3,63,2,3127.2,43,2,3127.1,59,1,3128.0,101,1,3128.6,20,1,3128.8,22,1,3128.9,14,1,3129.0,87,6
2031,2026-06-16 11:39:25+05:30,3127.4,7,3130.52,1678976,130502.0,209224.0,3163.0,3163.0,3108.0,3134.3,31916200,3447.7,2820.9,3839.9,2896.0,3127.5,13,2,3127.4,94,2,3127.3,63,2,3127.2,43,2,3127.1,59,1,3128.0,101,1,3128.6,20,1,3128.8,22,1,3128.9,14,1,3129.0,87,6
2031,2026-06-16 11:39:25+05:30,3127.4,7,3130.52,1679018,130418.0,209163.0,3163.0,3163.0,3108.0,3134.3,31916200,3447.7,2820.9,3839.9,2896.0,3127.4,70,2,3127.2,59,2,3127.1,19,1,3127.0,76,3,3126.9,82,2,3127.6,101,1,3128.0,25,1,3128.4,21,1,3128.6,20,1,3128.7,14,1
2031,2026-06-16 11:39:26+05:30,3128.0,2,3130.52,1679018,130418.0,209163.0,3163.0,3163.0,3108.0,3134.3,31916200,3447.7,2820.9,3839.9,2896.0,3127.4,70,2,3127.2,59,2,3127.1,19,1,3127.0,76,3,3126.9,82,2,3127.6,101,1,3128.0,25,1,3128.4,21,1,3128.6,20,1,3128.7,14,1
2031,2026-06-16 11:39:26+05:30,3128.0,2,3130.52,1679126,130288.0,209340.0,3163.0,3163.0,3108.0,3134.3,31916200,3447.7,2820.9,3839.9,2896.0,3127.2,21,1,3127.1,104,4,3127.0,124,6,3126.9,46,2,3126.8,186,5,3128.0,23,1,3128.4,21,1,3128.6,70,2,3128.8,72,2,3128.9,156,2
2031,2026-06-16 11:39:27+05:30,3127.9,1,3130.52,1679126,130288.0,209340.0,3163.0,3163.0,3108.0,3134.3,31916200,3447.7,2820.9,3839.9,2896.0,3127.2,21,1,3127.1,104,4,3127.0,124,6,3126.9,46,2,3126.8,186,5,3128.0,23,1,3128.4,21,1,3128.6,70,2,3128.8,72,2,3128.9,156,2
2031,2026-06-16 11:39:27+05:30,3127.9,1,3130.52,1679127,130450.0,209409.0,3163.0,3163.0,3108.0,3134.3,31916200,3447.7,2820.9,3839.9,2896.0,3127.2,2,1,3127.1,106,4,3127.0,124,6,3126.9,83,2,3126.8,73,3,3127.9,12,2,3128.0,23,1,3128.4,21,1,3128.6,70,2,3128.8,72,2
2031,2026-06-16 11:39:28+05:30,3127.9,1,3130.52,1679127,130681.0,209812.0,3163.0,3163.0,3108.0,3134.3,31916200,3447.7,2820.9,3839.9,2896.0,3127.3,23,2,3127.2,93,4,3127.1,65,3,3127.0,112,5,3126.9,122,3,3127.9,28,4,3128.4,21,1,3128.6,20,1,3128.8,72,2,3128.9,156,2
2031,2026-06-16 11:39:29+05:30,3127.9,1,3130.52,1679127,130358.0,209825.0,3163.0,3163.0,3108.0,3134.3,31916200,3447.7,2820.9,3839.9,2896.0,3127.3,2,1,3127.2,2,1,3127.1,33,2,3127.0,112,5,3126.9,58,2,3127.9,33,5,3128.4,21,1,3128.6,20,1,3128.7,11,1,3128.8,72,2
2031,2026-06-16 11:39:30+05:30,3127.5,149,3130.52,1679127,130358.0,209825.0,3163.0,3163.0,3108.0,3134.3,31916200,3447.7,2820.9,3839.9,2896.0,3127.3,2,1,3127.2,2,1,3127.1,33,2,3127.0,112,5,3126.9,58,2,3127.9,33,5,3128.4,21,1,3128.6,20,1,3128.7,11,1,3128.8,72,2
2031,2026-06-16 11:39:30+05:30,3127.5,149,3130.51,1679410,131602.0,208723.0,3163.0,3163.0,3108.0,3134.3,31916200,3447.7,2820.9,3839.9,2896.0,3128.0,5,1,3127.5,67,5,3127.4,26,3,3127.3,126,5,3127.2,257,8,3128.5,20,1,3128.9,50,1,3129.0,20,1,3129.1,829,5,3129.2,85,4
2031,2026-06-16 11:39:31+05:30,3127.5,149,3130.51,1679410,131686.0,208919.0,3163.0,3163.0,3108.0,3134.3,31916200,3447.7,2820.9,3839.9,2896.0,3128.0,6,2,3127.5,12,2,3127.4,28,4,3127.3,77,4,3127.2,193,7,3128.4,31,1,3128.5,20,1,3128.9,50,1,3129.0,819,5,3129.1,30,1
2031,2026-06-16 11:39:32+05:30,3127.5,149,3130.51,1679410,131715.0,208925.0,3163.0,3163.0,3108.0,3134.3,31916200,3447.7,2820.9,3839.9,2896.0,3128.0,6,2,3127.5,12,2,3127.4,28,4,3127.3,93,5,3127.2,193,7,3128.4,41,2,3128.5,20,1,3128.9,50,1,3129.0,837,6,3129.1,30,1
2031,2026-06-16 11:39:33+05:30,3128.4,1,3130.51,1679410,131715.0,208925.0,3163.0,3163.0,3108.0,3134.3,31916200,3447.7,2820.9,3839.9,2896.0,3128.0,6,2,3127.5,12,2,3127.4,28,4,3127.3,93,5,3127.2,193,7,3128.4,41,2,3128.5,20,1,3128.9,50,1,3129.0,837,6,3129.1,30,1
2031,2026-06-16 11:39:33+05:30,3128.4,1,3130.51,1679412,132107.0,208355.0,3163.0,3163.0,3108.0,3134.3,31916200,3447.7,2820.9,3839.9,2896.0,3128.0,6,2,3127.6,50,2,3127.5,176,8,3127.4,67,5,3127.3,277,6,3128.4,40,3,3128.5,20,1,3129.0,38,2,3129.1,829,5,3129.2,85,4
2031,2026-06-16 11:39:34+05:30,3128.4,1,3130.51,1679412,132107.0,208355.0,3163.0,3163.0,3108.0,3134.3,31916200,3447.7,2820.9,3839.9,2896.0,3128.0,6,2,3127.6,50,2,3127.5,176,8,3127.4,67,5,3127.3,277,6,3128.4,40,3,3128.5,20,1,3129.0,38,2,3129.1,829,5,3129.2,85,4
2031,2026-06-16 11:39:34+05:30,3128.4,1,3130.51,1679413,132836.0,207739.0,3163.0,3163.0,3108.0,3134.3,31916200,3447.7,2820.9,3839.9,2896.0,3128.2,16,1,3128.0,6,2,3127.8,22,1,3127.7,126,5,3127.6,293,5,3128.4,39,3,3128.5,20,1,3129.0,38,2,3129.1,799,4,3129.2,33,2
2031,2026-06-16 11:39:35+05:30,3128.4,1,3130.51,1679413,132836.0,207739.0,3163.0,3163.0,3108.0,3134.3,31916200,3447.7,2820.9,3839.9,2896.0,3128.2,16,1,3128.0,6,2,3127.8,22,1,3127.7,126,5,3127.6,293,5,3128.4,39,3,3128.5,20,1,3129.0,38,2,3129.1,799,4,3129.2,33,2
2031,2026-06-16 11:39:35+05:30,3128.4,1,3130.51,1679414,132874.0,208055.0,3163.0,3163.0,3108.0,3134.3,31916200,3447.7,2820.9,3839.9,2896.0,3128.3,18,1,3128.0,57,4,3127.9,19,1,3127.8,44,2,3127.7,105,4,3128.4,38,3,3128.5,20,1,3129.0,38,2,3129.1,799,4,3129.2,33,2
2031,2026-06-16 11:39:36+05:30,3128.5,4,3130.51,1679414,132874.0,208055.0,3163.0,3163.0,3108.0,3134.3,31916200,3447.7,2820.9,3839.9,2896.0,3128.3,18,1,3128.0,57,4,3127.9,19,1,3127.8,44,2,3127.7,105,4,3128.4,38,3,3128.5,20,1,3129.0,38,2,3129.1,799,4,3129.2,33,2
2031,2026-06-16 11:39:36+05:30,3128.5,4,3130.51,1679479,132829.0,206366.0,3163.0,3163.0,3108.0,3134.3,31916200,3447.7,2820.9,3839.9,2896.0,3128.3,15,1,3128.0,42,3,3127.9,19,1,3127.8,44,2,3127.7,73,3,3128.5,16,1,3129.0,38,2,3129.1,799,4,3129.2,21,1,3129.4,79,3
2031,2026-06-16 11:39:37+05:30,3128.5,4,3130.51,1679479,132733.0,208153.0,3163.0,3163.0,3108.0,3134.3,31916200,3447.7,2820.9,3839.9,2896.0,3128.3,15,1,3128.0,4,2,3127.9,37,1,3127.8,44,2,3127.7,31,2,3128.4,8,1,3128.5,27,2,3129.0,38,2,3129.1,799,4,3129.2,21,1
2031,2026-06-16 11:39:38+05:30,3128.5,4,3130.51,1679479,132871.0,208098.0,3163.0,3163.0,3108.0,3134.3,31916200,3447.7,2820.9,3839.9,2896.0,3128.3,15,1,3128.0,41,3,3127.9,19,1,3127.8,115,4,3127.7,217,3,3128.4,8,1,3128.5,27,2,3129.0,38,2,3129.1,799,4,3129.2,21,1
2031,2026-06-16 11:39:39+05:30,3128.5,4,3130.51,1679479,132827.0,208109.0,3163.0,3163.0,3108.0,3134.3,31916200,3447.7,2820.9,3839.9,2896.0,3128.3,18,2,3128.2,37,1,3128.0,1,1,3127.9,19,1,3127.8,131,4,3128.4,19,2,3128.5,27,2,3129.0,38,2,3129.1,799,4,3129.2,21,1
2031,2026-06-16 11:39:40+05:30,3128.4,1,3130.51,1679479,132827.0,208109.0,3163.0,3163.0,3108.0,3134.3,31916200,3447.7,2820.9,3839.9,2896.0,3128.3,18,2,3128.2,37,1,3128.0,1,1,3127.9,19,1,3127.8,131,4,3128.4,19,2,3128.5,27,2,3129.0,38,2,3129.1,799,4,3129.2,21,1
2031,2026-06-16 11:39:40+05:30,3128.3,1,3130.51,1679490,132709.0,206064.0,3163.0,3163.0,3108.0,3134.3,31916200,3447.7,2820.9,3839.9,2896.0,3128.3,17,2,3128.0,1,1,3127.8,109,3,3127.7,238,4,3127.6,84,5,3128.4,22,2,3128.5,16,1,3129.0,38,2,3129.1,799,4,3129.2,21,1
2031,2026-06-16 11:39:41+05:30,3128.5,155,3130.51,1679490,132709.0,206064.0,3163.0,3163.0,3108.0,3134.3,31916200,3447.7,2820.9,3839.9,2896.0,3128.3,17,2,3128.0,1,1,3127.8,109,3,3127.7,238,4,3127.6,84,5,3128.4,22,2,3128.5,16,1,3129.0,38,2,3129.1,799,4,3129.2,21,1
2031,2026-06-16 11:39:41+05:30,3128.3,19,3130.51,1679717,132700.0,207629.0,3163.0,3163.0,3108.0,3134.3,31916200,3447.7,2820.9,3839.9,2896.0,3128.3,16,1,3128.0,1,1,3127.8,109,3,3127.7,31,2,3127.6,124,7,3128.4,12,1,3128.5,20,1,3129.0,38,2,3129.1,799,4,3129.2,21,1
2031,2026-06-16 11:39:42+05:30,3128.3,19,3130.51,1679717,132700.0,207629.0,3163.0,3163.0,3108.0,3134.3,31916200,3447.7,2820.9,3839.9,2896.0,3128.3,16,1,3128.0,1,1,3127.8,109,3,3127.7,31,2,3127.6,124,7,3128.4,12,1,3128.5,20,1,3129.0,38,2,3129.1,799,4,3129.2,21,1
2031,2026-06-16 11:39:42+05:30,3128.3,3,3130.51,1679720,132745.0,207392.0,3163.0,3163.0,3108.0,3134.3,31916200,3447.7,2820.9,3839.9,2896.0,3128.3,14,2,3128.0,1,1,3127.8,109,3,3127.7,219,3,3127.6,124,7,3128.4,12,1,3128.5,20,1,3129.0,38,2,3129.1,799,4,3129.2,21,1
2031,2026-06-16 11:39:43+05:30,3128.3,3,3130.51,1679720,132745.0,207392.0,3163.0,3163.0,3108.0,3134.3,31916200,3447.7,2820.9,3839.9,2896.0,3128.3,14,2,3128.0,1,1,3127.8,109,3,3127.7,219,3,3127.6,124,7,3128.4,12,1,3128.5,20,1,3129.0,38,2,3129.1,799,4,3129.2,21,1
2031,2026-06-16 11:39:43+05:30,3128.3,3,3130.51,1679720,132745.0,207402.0,3163.0,3163.0,3108.0,3134.3,31916200,3447.7,2820.9,3839.9,2896.0,3128.3,14,2,3128.0,1,1,3127.8,109,3,3127.7,219,3,3127.6,124,7,3128.4,12,1,3128.5,20,1,3129.0,38,2,3129.1,799,4,3129.2,21,1
2031,2026-06-16 11:39:44+05:30,3128.3,10,3130.51,1679720,132745.0,207402.0,3163.0,3163.0,3108.0,3134.3,31916200,3447.7,2820.9,3839.9,2896.0,3128.3,14,2,3128.0,1,1,3127.8,109,3,3127.7,219,3,3127.6,124,7,3128.4,12,1,3128.5,20,1,3129.0,38,2,3129.1,799,4,3129.2,21,1
2031,2026-06-16 11:39:44+05:30,3128.3,10,3130.51,1679795,132783.0,208203.0,3163.0,3163.0,3108.0,3134.3,31916200,3447.7,2820.9,3839.9,2896.0,3128.3,5,1,3128.0,37,2,3127.9,185,2,3127.8,72,2,3127.7,77,4,3128.5,18,1,3129.0,38,2,3129.1,799,4,3129.2,21,1,3129.4,29,2
2031,2026-06-16 11:39:45+05:30,3128.3,10,3130.51,1679795,132783.0,208203.0,3163.0,3163.0,3108.0,3134.3,31916200,3447.7,2820.9,3839.9,2896.0,3128.3,5,1,3128.0,37,2,3127.9,185,2,3127.8,72,2,3127.7,77,4,3128.5,18,1,3129.0,38,2,3129.1,799,4,3129.2,21,1,3129.4,29,2
2031,2026-06-16 11:39:45+05:30,3128.4,1,3130.51,1679795,132783.0,208203.0,3163.0,3163.0,3108.0,3134.3,31916200,3447.7,2820.9,3839.9,2896.0,3128.3,5,1,3128.0,37,2,3127.9,185,2,3127.8,72,2,3127.7,77,4,3128.5,18,1,3129.0,38,2,3129.1,799,4,3129.2,21,1,3129.4,29,2
2031,2026-06-16 11:39:45+05:30,3128.4,1,3130.51,1679803,132797.0,207993.0,3163.0,3163.0,3108.0,3134.3,31916200,3447.7,2820.9,3839.9,2896.0,3128.3,6,2,3128.2,55,2,3128.0,20,2,3127.9,217,2,3127.8,108,3,3128.4,1,1,3128.5,18,1,3129.0,38,2,3129.1,799,4,3129.2,21,1
2031,2026-06-16 11:39:46+05:30,3128.5,1,3130.51,1679803,132797.0,207993.0,3163.0,3163.0,3108.0,3134.3,31916200,3447.7,2820.9,3839.9,2896.0,3128.3,6,2,3128.2,55,2,3128.0,20,2,3127.9,217,2,3127.8,108,3,3128.4,1,1,3128.5,18,1,3129.0,38,2,3129.1,799,4,3129.2,21,1
2031,2026-06-16 11:39:46+05:30,3128.5,1,3130.51,1679805,132931.0,208191.0,3163.0,3163.0,3108.0,3134.3,31916200,3447.7,2820.9,3839.9,2896.0,3128.4,17,1,3128.3,1,1,3128.2,55,2,3128.0,20,2,3127.9,238,3,3128.5,17,1,3129.0,38,2,3129.1,799,4,3129.2,21,1,3129.4,29,2
2031,2026-06-16 11:39:47+05:30,3128.5,1,3130.51,1679805,132931.0,208191.0,3163.0,3163.0,3108.0,3134.3,31916200,3447.7,2820.9,3839.9,2896.0,3128.4,17,1,3128.3,1,1,3128.2,55,2,3128.0,20,2,3127.9,238,3,3128.5,17,1,3129.0,38,2,3129.1,799,4,3129.2,21,1,3129.4,29,2
2031,2026-06-16 11:39:47+05:30,3128.5,38,3130.51,1679805,132931.0,208191.0,3163.0,3163.0,3108.0,3134.3,31916200,3447.7,2820.9,3839.9,2896.0,3128.4,17,1,3128.3,1,1,3128.2,55,2,3128.0,20,2,3127.9,238,3,3128.5,17,1,3129.0,38,2,3129.1,799,4,3129.2,21,1,3129.4,29,2
2031,2026-06-16 11:39:47+05:30,3128.5,38,3130.51,1679843,132859.0,206154.0,3163.0,3163.0,3108.0,3134.3,31916200,3447.7,2820.9,3839.9,2896.0,3128.3,1,1,3128.0,1,1,3127.9,166,1,3127.8,133,4,3127.7,52,3,3128.4,5,1,3128.5,1,1,3129.0,38,2,3129.1,799,4,3129.4,22,1
2031,2026-06-16 11:39:48+05:30,3128.4,5,3130.51,1679843,132859.0,206154.0,3163.0,3163.0,3108.0,3134.3,31916200,3447.7,2820.9,3839.9,2896.0,3128.3,1,1,3128.0,1,1,3127.9,166,1,3127.8,133,4,3127.7,52,3,3128.4,5,1,3128.5,1,1,3129.0,38,2,3129.1,799,4,3129.4,22,1
2031,2026-06-16 11:39:48+05:30,3128.4,5,3130.51,1679848,132874.0,208073.0,3163.0,3163.0,3108.0,3134.3,31916200,3447.7,2820.9,3839.9,2896.0,3128.4,10,1,3128.3,1,1,3128.0,36,2,3127.9,166,1,3127.8,97,3,3128.5,1,1,3128.7,1,1,3129.0,38,2,3129.1,799,4,3129.4,22,1
2031,2026-06-16 11:39:49+05:30,3128.4,5,3130.51,1679848,132874.0,208073.0,3163.0,3163.0,3108.0,3134.3,31916200,3447.7,2820.9,3839.9,2896.0,3128.4,10,1,3128.3,1,1,3128.0,36,2,3127.9,166,1,3127.8,97,3,3128.5,1,1,3128.7,1,1,3129.0,38,2,3129.1,799,4,3129.4,22,1
2031,2026-06-16 11:39:49+05:30,3128.4,37,3130.51,1679848,132874.0,208073.0,3163.0,3163.0,3108.0,3134.3,31916200,3447.7,2820.9,3839.9,2896.0,3128.4,10,1,3128.3,1,1,3128.0,36,2,3127.9,166,1,3127.8,97,3,3128.5,1,1,3128.7,1,1,3129.0,38,2,3129.1,799,4,3129.4,22,1
2031,2026-06-16 11:39:49+05:30,3128.4,37,3130.51,1679885,132930.0,208089.0,3163.0,3163.0,3108.0,3134.3,31916200,3447.7,2820.9,3839.9,2896.0,3128.3,17,2,3128.0,36,2,3127.9,166,1,3127.8,72,2,3127.7,52,3,3128.4,4,1,3128.5,1,1,3128.7,1,1,3129.0,38,2,3129.1,799,4
2031,2026-06-16 11:39:50+05:30,3128.4,2,3130.51,1679885,132930.0,208089.0,3163.0,3163.0,3108.0,3134.3,31916200,3447.7,2820.9,3839.9,2896.0,3128.3,17,2,3128.0,36,2,3127.9,166,1,3127.8,72,2,3127.7,52,3,3128.4,4,1,3128.5,1,1,3128.7,1,1,3129.0,38,2,3129.1,799,4
2031,2026-06-16 11:39:50+05:30,3128.4,1,3130.51,1679892,132900.0,208069.0,3163.0,3163.0,3108.0,3134.3,31916200,3447.7,2820.9,3839.9,2896.0,3128.4,11,1,3128.3,1,1,3128.0,1,1,3127.9,201,2,3127.8,72,2,3128.5,1,1,3128.7,1,1,3129.0,38,2,3129.1,799,4,3129.4,22,1
2031,2026-06-16 11:39:50+05:30,3128.4,1,3130.51,1679892,132900.0,208069.0,3163.0,3163.0,3108.0,3134.3,31916200,3447.7,2820.9,3839.9,2896.0,3128.4,11,1,3128.3,1,1,3128.0,1,1,3127.9,201,2,3127.8,72,2,3128.5,1,1,3128.7,1,1,3129.0,38,2,3129.1,799,4,3129.4,22,1
2031,2026-06-16 11:39:51+05:30,3128.5,1,3130.51,1679892,132900.0,208069.0,3163.0,3163.0,3108.0,3134.3,31916200,3447.7,2820.9,3839.9,2896.0,3128.4,11,1,3128.3,1,1,3128.0,1,1,3127.9,201,2,3127.8,72,2,3128.5,1,1,3128.7,1,1,3129.0,38,2,3129.1,799,4,3129.4,22,1
2031,2026-06-16 11:39:51+05:30,3128.0,2,3130.51,1680101,131181.0,206681.0,3163.0,3163.0,3108.0,3134.3,31916200,3447.7,2820.9,3839.9,2896.0,3127.6,13,1,3127.5,83,4,3127.4,82,7,3127.3,74,3,3127.2,182,7,3128.0,35,1,3128.5,1,1,3128.7,1,1,3128.8,20,1,3129.0,59,3
2031,2026-06-16 11:39:52+05:30,3128.0,2,3130.51,1680101,131181.0,206681.0,3163.0,3163.0,3108.0,3134.3,31916200,3447.7,2820.9,3839.9,2896.0,3127.6,13,1,3127.5,83,4,3127.4,82,7,3127.3,74,3,3127.2,182,7,3128.0,35,1,3128.5,1,1,3128.7,1,1,3128.8,20,1,3129.0,59,3
2031,2026-06-16 11:39:52+05:30,3128.0,2,3130.51,1680101,131181.0,206681.0,3163.0,3163.0,3108.0,3134.3,31916200,3447.7,2820.9,3839.9,2896.0,3127.6,13,1,3127.5,83,4,3127.4,82,7,3127.3,74,3,3127.2,182,7,3128.0,35,1,3128.5,1,1,3128.7,1,1,3128.8,20,1,3129.0,59,3
2031,2026-06-16 11:39:52+05:30,3128.0,2,3130.51,1680101,131118.0,206713.0,3163.0,3163.0,3108.0,3134.3,31916200,3447.7,2820.9,3839.9,2896.0,3127.6,13,1,3127.5,125,5,3127.4,61,5,3127.3,73,3,3127.2,87,4,3127.9,19,1,3128.0,57,2,3128.5,1,1,3128.7,1,1,3128.8,20,1
2031,2026-06-16 11:39:53+05:30,3127.9,1,3130.51,1680101,131118.0,206713.0,3163.0,3163.0,3108.0,3134.3,31916200,3447.7,2820.9,3839.9,2896.0,3127.6,13,1,3127.5,125,5,3127.4,61,5,3127.3,73,3,3127.2,87,4,3127.9,19,1,3128.0,57,2,3128.5,1,1,3128.7,1,1,3128.8,20,1
2031,2026-06-16 11:39:53+05:30,3127.9,1,3130.51,1680102,131114.0,208922.0,3163.0,3163.0,3108.0,3134.3,31916200,3447.7,2820.9,3839.9,2896.0,3127.7,12,1,3127.6,41,4,3127.5,88,4,3127.4,82,6,3127.3,52,2,3127.9,18,1,3128.0,57,2,3128.5,1,1,3128.7,1,1,3128.8,20,1
2031,2026-06-16 11:39:54+05:30,3127.9,1,3130.51,1680102,131114.0,208922.0,3163.0,3163.0,3108.0,3134.3,31916200,3447.7,2820.9,3839.9,2896.0,3127.7,12,1,3127.6,41,4,3127.5,88,4,3127.4,82,6,3127.3,52,2,3127.9,18,1,3128.0,57,2,3128.5,1,1,3128.7,1,1,3128.8,20,1
2031,2026-06-16 11:39:54+05:30,3127.9,2,3130.51,1680102,131114.0,208922.0,3163.0,3163.0,3108.0,3134.3,31916200,3447.7,2820.9,3839.9,2896.0,3127.7,12,1,3127.6,41,4,3127.5,88,4,3127.4,82,6,3127.3,52,2,3127.9,18,1,3128.0,57,2,3128.5,1,1,3128.7,1,1,3128.8,20,1
2031,2026-06-16 11:39:54+05:30,3127.9,2,3130.51,1680104,131195.0,209295.0,3163.0,3163.0,3108.0,3134.3,31916200,3447.7,2820.9,3839.9,2896.0,3127.6,34,3,3127.5,88,4,3127.4,78,5,3127.3,71,3,3127.2,87,4,3127.9,28,2,3128.0,35,1,3128.7,1,1,3128.8,20,1,3129.0,59,3
2031,2026-06-16 11:39:55+05:30,3127.9,5,3130.51,1680104,131195.0,209295.0,3163.0,3163.0,3108.0,3134.3,31916200,3447.7,2820.9,3839.9,2896.0,3127.6,34,3,3127.5,88,4,3127.4,78,5,3127.3,71,3,3127.2,87,4,3127.9,28,2,3128.0,35,1,3128.7,1,1,3128.8,20,1,3129.0,59,3
2031,2026-06-16 11:39:55+05:30,3127.9,5,3130.51,1680109,130969.0,209011.0,3163.0,3163.0,3108.0,3134.3,31916200,3447.7,2820.9,3839.9,2896.0,3127.4,19,2,3127.3,58,3,3127.2,76,3,3127.1,33,1,3127.0,172,10,3127.9,23,2,3128.0,35,1,3128.6,22,1,3128.7,1,1,3128.8,70,2
2031,2026-06-16 11:39:55+05:30,3127.9,5,3130.51,1680109,130969.0,209011.0,3163.0,3163.0,3108.0,3134.3,31916200,3447.7,2820.9,3839.9,2896.0,3127.4,19,2,3127.3,58,3,3127.2,76,3,3127.1,33,1,3127.0,172,10,3127.9,23,2,3128.0,35,1,3128.6,22,1,3128.7,1,1,3128.8,70,2
2031,2026-06-16 11:39:56+05:30,3127.9,5,3130.51,1680109,130969.0,209011.0,3163.0,3163.0,3108.0,3134.3,31916200,3447.7,2820.9,3839.9,2896.0,3127.4,19,2,3127.3,58,3,3127.2,76,3,3127.1,33,1,3127.0,172,10,3127.9,23,2,3128.0,35,1,3128.6,22,1,3128.7,1,1,3128.8,70,2
2031,2026-06-16 11:39:56+05:30,3127.9,1,3130.51,1680109,130969.0,209011.0,3163.0,3163.0,3108.0,3134.3,31916200,3447.7,2820.9,3839.9,2896.0,3127.4,19,2,3127.3,58,3,3127.2,76,3,3127.1,33,1,3127.0,172,10,3127.9,23,2,3128.0,35,1,3128.6,22,1,3128.7,1,1,3128.8,70,2
2031,2026-06-16 11:39:56+05:30,3127.9,1,3130.51,1680122,130841.0,209610.0,3163.0,3163.0,3108.0,3134.3,31916200,3447.7,2820.9,3839.9,2896.0,3127.4,4,1,3127.3,58,3,3127.2,99,4,3127.1,33,1,3127.0,151,9,3127.9,11,1,3128.0,35,1,3128.6,22,1,3128.7,1,1,3128.8,70,2
2031,2026-06-16 11:39:57+05:30,3127.9,1,3130.51,1680122,130841.0,209610.0,3163.0,3163.0,3108.0,3134.3,31916200,3447.7,2820.9,3839.9,2896.0,3127.4,4,1,3127.3,58,3,3127.2,99,4,3127.1,33,1,3127.0,151,9,3127.9,11,1,3128.0,35,1,3128.6,22,1,3128.7,1,1,3128.8,70,2
2031,2026-06-16 11:39:57+05:30,3127.4,35,3130.51,1680122,130841.0,209610.0,3163.0,3163.0,3108.0,3134.3,31916200,3447.7,2820.9,3839.9,2896.0,3127.4,4,1,3127.3,58,3,3127.2,99,4,3127.1,33,1,3127.0,151,9,3127.9,11,1,3128.0,35,1,3128.6,22,1,3128.7,1,1,3128.8,70,2
2031,2026-06-16 11:39:57+05:30,3127.4,35,3130.51,1680167,130496.0,209000.0,3163.0,3163.0,3108.0,3134.3,31916200,3447.7,2820.9,3839.9,2896.0,3127.4,16,1,3127.3,36,2,3127.2,70,4,3127.1,33,1,3127.0,199,10,3127.5,2,1,3127.9,11,1,3128.6,22,1,3128.7,1,1,3128.8,70,2
2031,2026-06-16 11:39:58+05:30,3127.4,35,3130.51,1680167,130496.0,209000.0,3163.0,3163.0,3108.0,3134.3,31916200,3447.7,2820.9,3839.9,2896.0,3127.4,16,1,3127.3,36,2,3127.2,70,4,3127.1,33,1,3127.0,199,10,3127.5,2,1,3127.9,11,1,3128.6,22,1,3128.7,1,1,3128.8,70,2
2031,2026-06-16 11:39:58+05:30,3127.5,2,3130.51,1680167,130496.0,209000.0,3163.0,3163.0,3108.0,3134.3,31916200,3447.7,2820.9,3839.9,2896.0,3127.4,16,1,3127.3,36,2,3127.2,70,4,3127.1,33,1,3127.0,199,10,3127.5,2,1,3127.9,11,1,3128.6,22,1,3128.7,1,1,3128.8,70,2
2031,2026-06-16 11:39:58+05:30,3127.5,2,3130.51,1680173,131078.0,208596.0,3163.0,3163.0,3108.0,3134.3,31916200,3447.7,2820.9,3839.9,2896.0,3127.5,60,5,3127.4,67,5,3127.3,117,5,3127.2,110,5,3127.1,265,3,3127.9,11,1,3128.6,22,1,3128.7,1,1,3128.8,20,1,3129.0,908,8
2031,2026-06-16 11:39:59+05:30,3127.5,2,3130.51,1680173,131078.0,208596.0,3163.0,3163.0,3108.0,3134.3,31916200,3447.7,2820.9,3839.9,2896.0,3127.5,60,5,3127.4,67,5,3127.3,117,5,3127.2,110,5,3127.1,265,3,3127.9,11,1,3128.6,22,1,3128.7,1,1,3128.8,20,1,3129.0,908,8
2031,2026-06-16 11:39:59+05:30,3127.9,1,3130.51,1680173,131078.0,208596.0,3163.0,3163.0,3108.0,3134.3,31916200,3447.7,2820.9,3839.9,2896.0,3127.5,60,5,3127.4,67,5,3127.3,117,5,3127.2,110,5,3127.1,265,3,3127.9,11,1,3128.6,22,1,3128.7,1,1,3128.8,20,1,3129.0,908,8
2031,2026-06-16 11:39:59+05:30,3127.9,1,3130.51,1680179,131079.0,208572.0,3163.0,3163.0,3108.0,3134.3,31916200,3447.7,2820.9,3839.9,2896.0,3127.5,40,4,3127.4,67,5,3127.3,117,5,3127.2,125,6,3127.1,97,2,3127.9,6,1,3128.6,22,1,3128.7,1,1,3128.8,20,1,3128.9,12,1
2031,2026-06-16 11:39:59+05:30,3127.9,1,3130.51,1680179,131079.0,208572.0,3163.0,3163.0,3108.0,3134.3,31916200,3447.7,2820.9,3839.9,2896.0,3127.5,40,4,3127.4,67,5,3127.3,117,5,3127.2,125,6,3127.1,97,2,3127.9,6,1,3128.6,22,1,3128.7,1,1,3128.8,20,1,3128.9,12,1
2031,2026-06-16 11:40:00+05:30,3127.9,1,3130.51,1680179,131079.0,208572.0,3163.0,3163.0,3108.0,3134.3,31916200,3447.7,2820.9,3839.9,2896.0,3127.5,40,4,3127.4,67,5,3127.3,117,5,3127.2,125,6,3127.1,97,2,3127.9,6,1,3128.6,22,1,3128.7,1,1,3128.8,20,1,3128.9,12,1
2031,2026-06-16 11:40:00+05:30,3127.9,1,3130.51,1680179,131188.0,209331.0,3163.0,3163.0,3108.0,3134.3,31916200,3447.7,2820.9,3839.9,2896.0,3127.7,16,4,3127.6,25,2,3127.5,74,5,3127.4,86,5,3127.3,69,4,3127.8,1,1,3127.9,7,2,3128.6,22,1,3128.7,1,1,3128.8,20,1
2031,2026-06-16 11:40:01+05:30,3127.9,1,3130.51,1680179,131188.0,209331.0,3163.0,3163.0,3108.0,3134.3,31916200,3447.7,2820.9,3839.9,2896.0,3127.7,16,4,3127.6,25,2,3127.5,74,5,3127.4,86,5,3127.3,69,4,3127.8,1,1,3127.9,7,2,3128.6,22,1,3128.7,1,1,3128.8,20,1
2031,2026-06-16 11:40:01+05:30,3127.8,1,3130.51,1680181,131195.0,208718.0,3163.0,3163.0,3108.0,3134.3,31916200,3447.7,2820.9,3839.9,2896.0,3127.7,16,4,3127.6,25,2,3127.5,74,5,3127.4,74,4,3127.3,83,5,3127.8,1,1,3127.9,7,2,3128.6,22,1,3128.7,1,1,3128.8,20,1
2031,2026-06-16 11:40:01+05:30,3127.8,1,3130.51,1680181,131195.0,208718.0,3163.0,3163.0,3108.0,3134.3,31916200,3447.7,2820.9,3839.9,2896.0,3127.7,16,4,3127.6,25,2,3127.5,74,5,3127.4,74,4,3127.3,83,5,3127.8,1,1,3127.9,7,2,3128.6,22,1,3128.7,1,1,3128.8,20,1
2031,2026-06-16 11:40:02+05:30,3127.8,1,3130.51,1680181,131195.0,208718.0,3163.0,3163.0,3108.0,3134.3,31916200,3447.7,2820.9,3839.9,2896.0,3127.7,16,4,3127.6,25,2,3127.5,74,5,3127.4,74,4,3127.3,83,5,3127.8,1,1,3127.9,7,2,3128.6,22,1,3128.7,1,1,3128.8,20,1
2031,2026-06-16 11:40:02+05:30,3127.9,1,3130.51,1680181,131195.0,208718.0,3163.0,3163.0,3108.0,3134.3,31916200,3447.7,2820.9,3839.9,2896.0,3127.7,16,4,3127.6,25,2,3127.5,74,5,3127.4,74,4,3127.3,83,5,3127.8,1,1,3127.9,7,2,3128.6,22,1,3128.7,1,1,3128.8,20,1
2031,2026-06-16 11:40:02+05:30,3127.9,1,3130.51,1680190,132285.0,208582.0,3163.0,3163.0,3108.0,3134.3,31916200,3447.7,2820.9,3839.9,2896.0,3127.9,8,1,3127.7,34,3,3127.5,22,4,3127.4,106,4,3127.3,234,5,3128.7,1,1,3129.0,121,5,3129.1,799,4,3129.2,120,3,3129.4,31,3
2031,2026-06-16 11:40:02+05:30,3127.9,1,3130.51,1680190,132285.0,208582.0,3163.0,3163.0,3108.0,3134.3,31916200,3447.7,2820.9,3839.9,2896.0,3127.9,8,1,3127.7,34,3,3127.5,22,4,3127.4,106,4,3127.3,234,5,3128.7,1,1,3129.0,121,5,3129.1,799,4,3129.2,120,3,3129.4,31,3
2031,2026-06-16 11:40:03+05:30,3127.9,1,3130.51,1680190,132225.0,209410.0,3163.0,3163.0,3108.0,3134.3,31916200,3447.7,2820.9,3839.9,2896.0,3127.9,9,2,3127.7,2,2,3127.5,38,5,3127.4,22,2,3127.3,220,4,3128.6,1,1,3128.7,2,2,3128.9,31,2,3129.0,109,4,3129.1,848,5
2031,2026-06-16 11:40:03+05:30,3127.9,1,3130.51,1680190,132225.0,209410.0,3163.0,3163.0,3108.0,3134.3,31916400,3447.7,2820.9,3839.9,2896.0,3127.9,9,2,3127.7,2,2,3127.5,38,5,3127.4,22,2,3127.3,220,4,3128.6,1,1,3128.7,2,2,3128.9,31,2,3129.0,109,4,3129.1,848,5
2031,2026-06-16 11:40:04+05:30,3127.9,1,3130.51,1680190,132293.0,209424.0,3163.0,3163.0,3108.0,3134.3,31916400,3447.7,2820.9,3839.9,2896.0,3127.9,9,2,3127.7,2,2,3127.5,38,5,3127.4,22,2,3127.3,220,4,3128.6,21,2,3128.7,2,2,3128.9,31,2,3129.0,109,4,3129.1,848,5
2031,2026-06-16 11:40:05+05:30,3127.9,1,3130.51,1680190,132293.0,209356.0,3163.0,3163.0,3108.0,3134.3,31916400,3447.7,2820.9,3839.9,2896.0,3128.2,2,2,3127.9,9,2,3127.5,38,5,3127.4,22,2,3127.3,220,4,3128.6,21,2,3128.7,2,2,3128.9,19,1,3129.0,109,4,3129.1,799,4
2031,2026-06-16 11:40:06+05:30,3128.5,17,3130.51,1680190,132293.0,209356.0,3163.0,3163.0,3108.0,3134.3,31916400,3447.7,2820.9,3839.9,2896.0,3128.2,2,2,3127.9,9,2,3127.5,38,5,3127.4,22,2,3127.3,220,4,3128.6,21,2,3128.7,2,2,3128.9,19,1,3129.0,109,4,3129.1,799,4
2031,2026-06-16 11:40:06+05:30,3128.5,17,3130.51,1680226,132186.0,209211.0,3163.0,3163.0,3108.0,3134.3,31916400,3447.7,2820.9,3839.9,2896.0,3128.5,17,1,3128.2,2,2,3127.9,19,2,3127.5,30,4,3127.4,22,2,3128.6,36,3,3128.7,1,1,3128.8,26,1,3129.0,966,9,3129.2,149,4
2031,2026-06-16 11:40:07+05:30,3128.6,43,3130.51,1680226,132186.0,209211.0,3163.0,3163.0,3108.0,3134.3,31916400,3447.7,2820.9,3839.9,2896.0,3128.5,17,1,3128.2,2,2,3127.9,19,2,3127.5,30,4,3127.4,22,2,3128.6,36,3,3128.7,1,1,3128.8,26,1,3129.0,966,9,3129.2,149,4
2031,2026-06-16 11:40:07+05:30,3128.5,6,3130.51,1680343,132418.0,208029.0,3163.0,3163.0,3108.0,3134.3,31916400,3447.7,2820.9,3839.9,2896.0,3128.2,17,3,3127.9,1,1,3127.5,30,4,3127.4,22,2,3127.3,77,4,3128.5,6,1,3128.6,10,1,3128.7,1,1,3128.9,19,1,3129.0,885,7
2031,2026-06-16 11:40:08+05:30,3128.2,1,3130.51,1680343,132418.0,208029.0,3163.0,3163.0,3108.0,3134.3,31916400,3447.7,2820.9,3839.9,2896.0,3128.2,17,3,3127.9,1,1,3127.5,30,4,3127.4,22,2,3127.3,77,4,3128.5,6,1,3128.6,10,1,3128.7,1,1,3128.9,19,1,3129.0,885,7
2031,2026-06-16 11:40:08+05:30,3128.3,6,3130.51,1680352,132004.0,209212.0,3163.0,3163.0,3108.0,3134.3,31916400,3447.7,2820.9,3839.9,2896.0,3128.3,5,1,3128.2,15,2,3127.9,1,1,3127.7,13,1,3127.5,1,1,3128.4,1,1,3128.6,29,2,3128.8,19,1,3128.9,43,2,3129.0,908,8
2031,2026-06-16 11:40:09+05:30,3129.0,101,3130.51,1680352,132004.0,209212.0,3163.0,3163.0,3108.0,3134.3,31916400,3447.7,2820.9,3839.9,2896.0,3128.3,5,1,3128.2,15,2,3127.9,1,1,3127.7,13,1,3127.5,1,1,3128.4,1,1,3128.6,29,2,3128.8,19,1,3128.9,43,2,3129.0,908,8
2031,2026-06-16 11:40:09+05:30,3129.0,101,3130.51,1680552,132636.0,208519.0,3163.0,3163.0,3108.0,3134.3,31916400,3447.7,2820.9,3839.9,2896.0,3128.4,17,1,3128.3,6,2,3128.2,1,1,3127.9,1,1,3127.7,13,1,3128.8,23,1,3128.9,31,2,3129.0,701,5,3129.2,96,3,3129.4,144,5
2031,2026-06-16 11:40:10+05:30,3128.8,8,3130.51,1680552,132636.0,208519.0,3163.0,3163.0,3108.0,3134.3,31916400,3447.7,2820.9,3839.9,2896.0,3128.4,17,1,3128.3,6,2,3128.2,1,1,3127.9,1,1,3127.7,13,1,3128.8,23,1,3128.9,31,2,3129.0,701,5,3129.2,96,3,3129.4,144,5
2031,2026-06-16 11:40:11+05:30,3128.8,8,3130.51,1680560,132814.0,208716.0,3163.0,3163.0,3108.0,3134.3,31916400,3447.7,2820.9,3839.9,2896.0,3128.7,17,1,3128.6,1,1,3128.4,1,1,3128.3,6,2,3127.9,1,1,3128.8,37,3,3128.9,43,2,3129.0,729,6,3129.1,23,1,3129.2,65,2
2031,2026-06-16 11:40:11+05:30,3128.6,1,3130.51,1680560,132814.0,208716.0,3163.0,3163.0,3108.0,3134.3,31916400,3447.7,2820.9,3839.9,2896.0,3128.7,17,1,3128.6,1,1,3128.4,1,1,3128.3,6,2,3127.9,1,1,3128.8,37,3,3128.9,43,2,3129.0,729,6,3129.1,23,1,3129.2,65,2
2031,2026-06-16 11:40:12+05:30,3128.6,1,3130.51,1680713,131535.0,209448.0,3163.0,3163.0,3108.0,3134.3,31916400,3447.7,2820.9,3839.9,2896.0,3128.4,18,2,3128.3,6,2,3127.9,16,2,3127.3,29,3,3127.2,51,3,3128.5,17,1,3128.6,44,4,3128.7,41,3,3128.8,40,2,3128.9,49,2
2031,2026-06-16 11:40:12+05:30,3128.4,1,3130.51,1680713,131535.0,209448.0,3163.0,3163.0,3108.0,3134.3,31916400,3447.7,2820.9,3839.9,2896.0,3128.4,18,2,3128.3,6,2,3127.9,16,2,3127.3,29,3,3127.2,51,3,3128.5,17,1,3128.6,44,4,3128.7,41,3,3128.8,40,2,3128.9,49,2
2031,2026-06-16 11:40:13+05:30,3128.3,7,3130.51,1680965,130468.0,210027.0,3163.0,3163.0,3108.0,3134.3,31916400,3447.7,2820.9,3839.9,2896.0,3128.3,11,2,3127.9,1,1,3127.5,4,2,3127.3,2,1,3127.2,15,2,3128.4,11,1,3128.6,40,2,3128.8,40,2,3128.9,68,2,3129.0,887,12
2031,2026-06-16 11:40:13+05:30,3128.3,7,3130.51,1680965,130468.0,210027.0,3163.0,3163.0,3108.0,3134.3,31916400,3447.7,2820.9,3839.9,2896.0,3128.3,11,2,3127.9,1,1,3127.5,4,2,3127.3,2,1,3127.2,15,2,3128.4,11,1,3128.6,40,2,3128.8,40,2,3128.9,68,2,3129.0,887,12
2031,2026-06-16 11:40:14+05:30,3128.3,3,3130.51,1680968,130622.0,209777.0,3163.0,3163.0,3108.0,3134.3,31916400,3447.7,2820.9,3839.9,2896.0,3128.3,3,1,3127.9,1,1,3127.7,15,1,3127.5,4,2,3127.4,6,1,3128.6,12,1,3128.8,12,1,3128.9,68,2,3129.0,887,12,3129.1,77,2
2031,2026-06-16 11:40:14+05:30,3128.3,3,3130.51,1680968,130622.0,209777.0,3163.0,3163.0,3108.0,3134.3,31916400,3447.7,2820.9,3839.9,2896.0,3128.3,3,1,3127.9,1,1,3127.7,15,1,3127.5,4,2,3127.4,6,1,3128.6,12,1,3128.8,12,1,3128.9,68,2,3129.0,887,12,3129.1,77,2
2031,2026-06-16 11:40:15+05:30,3128.3,3,3130.51,1680968,131864.0,209005.0,3163.0,3163.0,3108.0,3134.3,31916400,3447.7,2820.9,3839.9,2896.0,3128.3,18,3,3127.9,1,1,3127.7,24,1,3127.6,31,1,3127.5,49,3,3128.4,1,1,3128.6,12,1,3128.8,12,1,3128.9,20,1,3129.0,749,8
2031,2026-06-16 11:40:15+05:30,3128.4,1,3130.51,1680968,131864.0,209005.0,3163.0,3163.0,3108.0,3134.3,31916400,3447.7,2820.9,3839.9,2896.0,3128.3,18,3,3127.9,1,1,3127.7,24,1,3127.6,31,1,3127.5,49,3,3128.4,1,1,3128.6,12,1,3128.8,12,1,3128.9,20,1,3129.0,749,8
2031,2026-06-16 11:40:16+05:30,3128.4,1,3130.51,1680969,132553.0,208939.0,3163.0,3163.0,3108.0,3134.3,31916400,3447.7,2820.9,3839.9,2896.0,3128.4,2,2,3128.3,18,3,3128.2,46,3,3128.0,39,2,3127.9,1,1,3128.6,12,1,3128.8,12,1,3128.9,20,1,3129.0,701,5,3129.2,21,1
2031,2026-06-16 11:40:17+05:30,3128.4,1,3130.51,1680969,132911.0,208673.0,3163.0,3163.0,3108.0,3134.3,31916400,3447.7,2820.9,3839.9,2896.0,3128.4,5,3,3128.3,33,4,3128.2,1,1,3128.1,57,2,3128.0,60,3,3128.6,8,1,3129.0,701,5,3129.2,21,1,3129.4,70,2,3129.5,1000,1
2031,2026-06-16 11:40:17+05:30,3128.6,1,3130.51,1680969,132911.0,208673.0,3163.0,3163.0,3108.0,3134.3,31916400,3447.7,2820.9,3839.9,2896.0,3128.4,5,3,3128.3,33,4,3128.2,1,1,3128.1,57,2,3128.0,60,3,3128.6,8,1,3129.0,701,5,3129.2,21,1,3129.4,70,2,3129.5,1000,1
2031,2026-06-16 11:40:18+05:30,3128.4,1,3130.51,1680971,132791.0,209265.0,3163.0,3163.0,3108.0,3134.3,31916400,3447.7,2820.9,3839.9,2896.0,3128.4,21,4,3128.3,2,2,3128.2,1,1,3128.1,54,2,3128.0,42,2,3128.5,1,1,3128.6,7,1,3129.0,704,6,3129.2,21,1,3129.4,70,2
2031,2026-06-16 11:40:18+05:30,3128.4,1,3130.51,1680971,132791.0,209265.0,3163.0,3163.0,3108.0,3134.3,31916400,3447.7,2820.9,3839.9,2896.0,3128.4,21,4,3128.3,2,2,3128.2,1,1,3128.1,54,2,3128.0,42,2,3128.5,1,1,3128.6,7,1,3129.0,704,6,3129.2,21,1,3129.4,70,2
2031,2026-06-16 11:40:19+05:30,3128.4,1,3130.51,1680971,132880.0,208690.0,3163.0,3163.0,3108.0,3134.3,31916400,3447.7,2820.9,3839.9,2896.0,3128.4,21,4,3128.3,16,3,3128.2,1,1,3128.0,21,1,3127.9,70,3,3128.5,1,1,3128.6,14,3,3129.0,704,6,3129.2,21,1,3129.4,70,2
2031,2026-06-16 11:40:19+05:30,3128.6,1,3130.51,1680971,132880.0,208690.0,3163.0,3163.0,3108.0,3134.3,31916400,3447.7,2820.9,3839.9,2896.0,3128.4,21,4,3128.3,16,3,3128.2,1,1,3128.0,21,1,3127.9,70,3,3128.5,1,1,3128.6,14,3,3129.0,704,6,3129.2,21,1,3129.4,70,2
2031,2026-06-16 11:40:20+05:30,3128.6,1,3130.51,1680973,132876.0,207288.0,3163.0,3163.0,3108.0,3134.3,31916400,3447.7,2820.9,3839.9,2896.0,3128.5,18,2,3128.4,5,3,3128.3,15,2,3128.2,1,1,3128.0,51,2,3128.6,13,3,3129.0,704,6,3129.2,21,1,3129.4,70,2,3129.5,1000,1
2031,2026-06-16 11:40:21+05:30,3128.5,67,3130.51,1681126,132928.0,209462.0,3163.0,3163.0,3108.0,3134.3,31916400,3447.7,2820.9,3839.9,2896.0,3128.5,18,1,3128.4,3,1,3128.3,15,2,3128.2,1,1,3128.0,21,1,3128.9,7,1,3129.0,704,6,3129.4,22,1,3129.5,1067,3,3129.6,20,1
2031,2026-06-16 11:40:21+05:30,3128.3,6,3130.51,1681126,132928.0,209462.0,3163.0,3163.0,3108.0,3134.3,31916400,3447.7,2820.9,3839.9,2896.0,3128.5,18,1,3128.4,3,1,3128.3,15,2,3128.2,1,1,3128.0,21,1,3128.9,7,1,3129.0,704,6,3129.4,22,1,3129.5,1067,3,3129.6,20,1
2031,2026-06-16 11:40:22+05:30,3128.3,3,3130.51,1681313,132208.0,208627.0,3163.0,3163.0,3108.0,3134.3,31916400,3447.7,2820.9,3839.9,2896.0,3128.3,12,2,3128.2,1,1,3127.9,1,1,3127.8,51,2,3127.7,74,4,3128.4,47,1,3128.9,4,1,3129.0,725,7,3129.2,21,1,3129.3,67,2
2031,2026-06-16 11:40:22+05:30,3127.9,4,3130.51,1681313,132208.0,208627.0,3163.0,3163.0,3108.0,3134.3,31916400,3447.7,2820.9,3839.9,2896.0,3128.3,12,2,3128.2,1,1,3127.9,1,1,3127.8,51,2,3127.7,74,4,3128.4,47,1,3128.9,4,1,3129.0,725,7,3129.2,21,1,3129.3,67,2
2031,2026-06-16 11:40:23+05:30,3127.7,1,3130.51,1681435,130969.0,210297.0,3163.0,3163.0,3108.0,3134.3,31916400,3447.7,2820.9,3839.9,2896.0,3127.5,4,2,3127.4,10,1,3127.3,32,2,3127.2,32,3,3127.0,72,6,3127.6,14,1,3127.7,42,1,3128.0,583,4,3128.4,33,2,3128.6,20,1
2031,2026-06-16 11:40:23+05:30,3127.5,14,3130.51,1681435,130969.0,210297.0,3163.0,3163.0,3108.0,3134.3,31916400,3447.7,2820.9,3839.9,2896.0,3127.5,4,2,3127.4,10,1,3127.3,32,2,3127.2,32,3,3127.0,72,6,3127.6,14,1,3127.7,42,1,3128.0,583,4,3128.4,33,2,3128.6,20,1
2031,2026-06-16 11:40:24+05:30,3127.5,14,3130.51,1681491,131043.0,210468.0,3163.0,3163.0,3108.0,3134.3,31916400,3447.7,2820.9,3839.9,2896.0,3127.7,51,1,3127.5,6,1,3127.4,30,1,3127.3,2,1,3127.2,39,4,3127.9,7,1,3128.0,583,4,3128.4,55,2,3128.6,20,1,3128.7,248,2
2031,2026-06-16 11:40:25+05:30,3127.5,14,3130.51,1681491,131060.0,208490.0,3163.0,3163.0,3108.0,3134.3,31916400,3447.7,2820.9,3839.9,2896.0,3127.7,51,1,3127.6,16,1,3127.5,6,1,3127.4,30,1,3127.3,2,1,3127.9,36,2,3128.0,583,4,3128.4,55,2,3128.6,20,1,3128.7,248,2
2031,2026-06-16 11:40:25+05:30,3127.9,1,3130.51,1681491,131060.0,208490.0,3163.0,3163.0,3108.0,3134.3,31916400,3447.7,2820.9,3839.9,2896.0,3127.7,51,1,3127.6,16,1,3127.5,6,1,3127.4,30,1,3127.3,2,1,3127.9,36,2,3128.0,583,4,3128.4,55,2,3128.6,20,1,3128.7,248,2
2031,2026-06-16 11:40:26+05:30,3127.9,1,3130.51,1681493,131062.0,208500.0,3163.0,3163.0,3108.0,3134.3,31916400,3447.7,2820.9,3839.9,2896.0,3127.7,51,1,3127.6,16,1,3127.5,6,1,3127.4,30,1,3127.3,2,1,3127.9,51,3,3128.0,583,4,3128.4,42,1,3128.6,20,1,3128.7,248,2
2031,2026-06-16 11:40:26+05:30,3127.7,43,3130.51,1681493,131062.0,208500.0,3163.0,3163.0,3108.0,3134.3,31916400,3447.7,2820.9,3839.9,2896.0,3127.7,51,1,3127.6,16,1,3127.5,6,1,3127.4,30,1,3127.3,2,1,3127.9,51,3,3128.0,583,4,3128.4,42,1,3128.6,20,1,3128.7,248,2
2031,2026-06-16 11:40:27+05:30,3127.6,20,3130.51,1681564,130764.0,210391.0,3163.0,3163.0,3108.0,3134.3,31916400,3447.7,2820.9,3839.9,2896.0,3127.6,16,1,3127.5,6,1,3127.3,2,1,3127.2,2,1,3127.0,71,5,3127.8,5,1,3127.9,17,1,3128.0,583,4,3128.4,111,3,3128.6,20,1
2031,2026-06-16 11:40:27+05:30,3127.2,2,3130.51,1681564,130764.0,210391.0,3163.0,3163.0,3108.0,3134.3,31916400,3447.7,2820.9,3839.9,2896.0,3127.6,16,1,3127.5,6,1,3127.3,2,1,3127.2,2,1,3127.0,71,5,3127.8,5,1,3127.9,17,1,3128.0,583,4,3128.4,111,3,3128.6,20,1
2031,2026-06-16 11:40:28+05:30,3126.0,2,3130.51,1683255,125466.0,210406.0,3163.0,3163.0,3108.0,3134.3,31916400,3447.7,2820.9,3839.9,2896.0,3126.1,22,3,3126.0,22,2,3125.9,11,1,3125.8,48,4,3125.7,137,4,3126.2,183,1,3126.3,200,1,3127.2,14,1,3127.3,200,1,3127.4,69,2
2031,2026-06-16 11:40:28+05:30,3126.0,23,3130.51,1683255,125466.0,210406.0,3163.0,3163.0,3108.0,3134.3,31916400,3447.7,2820.9,3839.9,2896.0,3126.1,22,3,3126.0,22,2,3125.9,11,1,3125.8,48,4,3125.7,137,4,3126.2,183,1,3126.3,200,1,3127.2,14,1,3127.3,200,1,3127.4,69,2
2031,2026-06-16 11:40:29+05:30,3125.8,136,3130.51,1683665,126406.0,207885.0,3163.0,3163.0,3108.0,3134.3,31916400,3447.7,2820.9,3839.9,2896.0,3125.7,103,9,3125.6,138,7,3125.5,72,6,3125.4,187,7,3125.3,65,1,3126.2,26,2,3127.0,21,1,3127.2,23,2,3127.3,200,1,3127.4,69,2
2031,2026-06-16 11:40:29+05:30,3125.8,136,3130.51,1683665,126406.0,207885.0,3163.0,3163.0,3108.0,3134.3,31916400,3447.7,2820.9,3839.9,2896.0,3125.7,103,9,3125.6,138,7,3125.5,72,6,3125.4,187,7,3125.3,65,1,3126.2,26,2,3127.0,21,1,3127.2,23,2,3127.3,200,1,3127.4,69,2
2031,2026-06-16 11:40:30+05:30,3126.1,1,3130.51,1683703,126885.0,209667.0,3163.0,3163.0,3108.0,3134.3,31916400,3447.7,2820.9,3839.9,2896.0,3126.1,11,1,3126.0,86,9,3125.8,109,6,3125.7,246,11,3125.6,116,4,3126.2,26,2,3127.2,23,2,3127.3,200,1,3127.4,69,2,3127.6,68,2
2031,2026-06-16 11:40:30+05:30,3126.2,2,3130.51,1683703,126885.0,209667.0,3163.0,3163.0,3108.0,3134.3,31916400,3447.7,2820.9,3839.9,2896.0,3126.1,11,1,3126.0,86,9,3125.8,109,6,3125.7,246,11,3125.6,116,4,3126.2,26,2,3127.2,23,2,3127.3,200,1,3127.4,69,2,3127.6,68,2
2031,2026-06-16 11:40:31+05:30,3126.2,2,3130.51,1683707,125712.0,211352.0,3163.0,3163.0,3108.0,3134.3,31916400,3447.7,2820.9,3839.9,2896.0,3126.0,5,1,3125.8,5,2,3125.7,118,4,3125.6,95,2,3125.5,93,5,3126.1,5,1,3126.2,22,1,3127.1,61,3,3127.2,30,2,3127.3,400,2
2031,2026-06-16 11:40:32+05:30,3126.1,1,3130.51,1683708,125799.0,211568.0,3163.0,3163.0,3108.0,3134.3,31916400,3447.7,2820.9,3839.9,2896.0,3126.0,6,2,3125.8,5,2,3125.7,151,5,3125.6,131,3,3125.5,65,3,3126.1,4,1,3126.2,22,1,3127.1,51,2,3127.2,20,1,3127.3,200,1
2031,2026-06-16 11:40:32+05:30,3126.1,1,3130.51,1683708,125799.0,211568.0,3163.0,3163.0,3108.0,3134.3,31916400,3447.7,2820.9,3839.9,2896.0,3126.0,6,2,3125.8,5,2,3125.7,151,5,3125.6,131,3,3125.5,65,3,3126.1,4,1,3126.2,22,1,3127.1,51,2,3127.2,20,1,3127.3,200,1
2031,2026-06-16 11:40:33+05:30,3126.1,1,3130.51,1683709,125852.0,211579.0,3163.0,3163.0,3108.0,3134.3,31916400,3447.7,2820.9,3839.9,2896.0,3126.0,45,3,3125.8,54,4,3125.7,100,3,3125.6,110,2,3125.5,169,6,3126.1,9,3,3127.1,61,3,3127.2,20,1,3127.3,200,1,3127.4,69,2
2031,2026-06-16 11:40:33+05:30,3126.0,7,3130.51,1683709,125852.0,211579.0,3163.0,3163.0,3108.0,3134.3,31916400,3447.7,2820.9,3839.9,2896.0,3126.0,45,3,3125.8,54,4,3125.7,100,3,3125.6,110,2,3125.5,169,6,3126.1,9,3,3127.1,61,3,3127.2,20,1,3127.3,200,1,3127.4,69,2
2031,2026-06-16 11:40:34+05:30,3126.0,15,3130.51,1683964,125516.0,211548.0,3163.0,3163.0,3108.0,3134.3,31916400,3447.7,2820.9,3839.9,2896.0,3126.0,3,2,3125.8,5,2,3125.7,44,2,3125.5,35,2,3125.4,173,4,3126.1,37,3,3127.1,61,3,3127.2,41,2,3127.3,200,1,3127.4,69,2
2031,2026-06-16 11:40:34+05:30,3126.0,15,3130.51,1683964,125516.0,211548.0,3163.0,3163.0,3108.0,3134.3,31916400,3447.7,2820.9,3839.9,2896.0,3126.0,3,2,3125.8,5,2,3125.7,44,2,3125.5,35,2,3125.4,173,4,3126.1,37,3,3127.1,61,3,3127.2,41,2,3127.3,200,1,3127.4,69,2
2031,2026-06-16 11:40:35+05:30,3126.0,2,3130.51,1683967,125495.0,211794.0,3163.0,3163.0,3108.0,3134.3,31916400,3447.7,2820.9,3839.9,2896.0,3126.0,13,3,3125.8,5,2,3125.7,44,2,3125.5,2,1,3125.4,109,3,3126.1,48,4,3127.1,61,3,3127.2,41,2,3127.3,219,2,3127.4,102,3
2031,2026-06-16 11:40:35+05:30,3126.0,2,3130.51,1683967,125495.0,211794.0,3163.0,3163.0,3108.0,3134.3,31916400,3447.7,2820.9,3839.9,2896.0,3126.0,13,3,3125.8,5,2,3125.7,44,2,3125.5,2,1,3125.4,109,3,3126.1,48,4,3127.1,61,3,3127.2,41,2,3127.3,219,2,3127.4,102,3
2031,2026-06-16 11:40:36+05:30,3126.0,2,3130.51,1683967,125409.0,212381.0,3163.0,3163.0,3108.0,3134.3,31916400,3447.7,2820.9,3839.9,2896.0,3126.0,13,3,3125.8,5,2,3125.7,44,2,3125.5,2,1,3125.4,95,2,3126.1,48,4,3127.1,61,3,3127.2,111,3,3127.3,219,2,3127.4,184,4
2031,2026-06-16 11:40:37+05:30,3126.0,2,3130.51,1683967,125512.0,212393.0,3163.0,3163.0,3108.0,3134.3,31916400,3447.7,2820.9,3839.9,2896.0,3126.0,56,4,3125.8,54,4,3125.7,44,2,3125.6,33,1,3125.5,42,3,3126.1,48,4,3127.1,61,3,3127.2,41,2,3127.3,219,2,3127.4,102,3
2031,2026-06-16 11:40:38+05:30,3126.0,2,3130.51,1683967,125425.0,212372.0,3163.0,3163.0,3108.0,3134.3,31916400,3447.7,2820.9,3839.9,2896.0,3126.0,60,5,3125.9,40,2,3125.8,21,3,3125.7,58,3,3125.6,98,3,3126.1,48,4,3127.1,61,3,3127.2,20,1,3127.3,219,2,3127.4,102,3
2031,2026-06-16 11:40:38+05:30,3126.1,1,3130.51,1683967,125425.0,212372.0,3163.0,3163.0,3108.0,3134.3,31916400,3447.7,2820.9,3839.9,2896.0,3126.0,60,5,3125.9,40,2,3125.8,21,3,3125.7,58,3,3125.6,98,3,3126.1,48,4,3127.1,61,3,3127.2,20,1,3127.3,219,2,3127.4,102,3
2031,2026-06-16 11:40:39+05:30,3126.0,5,3130.51,1684073,125266.0,211587.0,3163.0,3163.0,3108.0,3134.3,31916400,3447.7,2820.9,3839.9,2896.0,3125.8,61,4,3125.7,44,2,3125.6,33,1,3125.5,80,3,3125.4,126,4,3126.1,46,4,3127.0,20,1,3127.1,48,1,3127.2,42,3,3127.3,200,1
2031,2026-06-16 11:40:39+05:30,3126.0,5,3130.51,1684073,125266.0,211587.0,3163.0,3163.0,3108.0,3134.3,31916400,3447.7,2820.9,3839.9,2896.0,3125.8,61,4,3125.7,44,2,3125.6,33,1,3125.5,80,3,3125.4,126,4,3126.1,46,4,3127.0,20,1,3127.1,48,1,3127.2,42,3,3127.3,200,1
2031,2026-06-16 11:40:40+05:30,3125.8,43,3130.5,1684332,125056.0,213002.0,3163.0,3163.0,3108.0,3134.3,31916400,3447.7,2820.9,3839.9,2896.0,3125.7,44,2,3125.5,2,1,3125.2,33,1,3125.1,21,1,3125.0,1863,23,3125.8,153,1,3126.1,46,4,3126.8,34,2,3126.9,67,1,3127.0,35,4
2031,2026-06-16 11:40:40+05:30,3125.8,4,3130.5,1684332,125056.0,213002.0,3163.0,3163.0,3108.0,3134.3,31916400,3447.7,2820.9,3839.9,2896.0,3125.7,44,2,3125.5,2,1,3125.2,33,1,3125.1,21,1,3125.0,1863,23,3125.8,153,1,3126.1,46,4,3126.8,34,2,3126.9,67,1,3127.0,35,4
2031,2026-06-16 11:40:41+05:30,3125.7,28,3130.5,1684365,124949.0,211090.0,3163.0,3163.0,3108.0,3134.3,31916400,3447.7,2820.9,3839.9,2896.0,3125.7,16,2,3125.5,2,1,3125.1,24,1,3125.0,1911,25,3124.9,132,3,3125.8,233,3,3126.1,31,2,3126.8,104,5,3126.9,116,2,3127.0,49,3
2031,2026-06-16 11:40:41+05:30,3125.7,28,3130.5,1684365,124949.0,211090.0,3163.0,3163.0,3108.0,3134.3,31916400,3447.7,2820.9,3839.9,2896.0,3125.7,16,2,3125.5,2,1,3125.1,24,1,3125.0,1911,25,3124.9,132,3,3125.8,233,3,3126.1,31,2,3126.8,104,5,3126.9,116,2,3127.0,49,3
2031,2026-06-16 11:40:42+05:30,3125.7,3,3130.5,1684368,125154.0,213403.0,3163.0,3163.0,3108.0,3134.3,31916400,3447.7,2820.9,3839.9,2896.0,3125.7,13,2,3125.5,2,1,3125.1,24,1,3125.0,1863,23,3124.9,68,2,3125.8,260,5,3126.1,31,2,3126.5,19,1,3126.7,54,2,3126.8,104,5
2031,2026-06-16 11:40:42+05:30,3125.7,3,3130.5,1684368,125154.0,213403.0,3163.0,3163.0,3108.0,3134.3,31916400,3447.7,2820.9,3839.9,2896.0,3125.7,13,2,3125.5,2,1,3125.1,24,1,3125.0,1863,23,3124.9,68,2,3125.8,260,5,3126.1,31,2,3126.5,19,1,3126.7,54,2,3126.8,104,5
2031,2026-06-16 11:40:43+05:30,3125.0,1,3130.5,1684832,124222.0,212859.0,3163.0,3163.0,3108.0,3134.3,31916400,3447.7,2820.9,3839.9,2896.0,3125.0,1584,22,3124.8,179,6,3124.7,122,5,3124.6,123,4,3124.5,125,5,3125.8,260,5,3126.1,31,2,3126.6,21,1,3126.7,36,2,3126.8,101,4
2031,2026-06-16 11:40:43+05:30,3125.0,1,3130.5,1684832,124222.0,212859.0,3163.0,3163.0,3108.0,3134.3,31916400,3447.7,2820.9,3839.9,2896.0,3125.0,1584,22,3124.8,179,6,3124.7,122,5,3124.6,123,4,3124.5,125,5,3125.8,260,5,3126.1,31,2,3126.6,21,1,3126.7,36,2,3126.8,101,4
2031,2026-06-16 11:40:44+05:30,3125.2,1,3130.5,1684884,123707.0,213661.0,3163.0,3163.0,3108.0,3134.3,31916400,3447.7,2820.9,3839.9,2896.0,3125.0,1513,22,3124.8,77,3,3124.7,28,1,3124.6,158,4,3124.5,124,5,3125.2,148,1,3125.8,111,4,3126.1,45,3,3126.2,68,2,3126.4,20,1
2031,2026-06-16 11:40:44+05:30,3125.0,43,3130.5,1684884,123707.0,213661.0,3163.0,3163.0,3108.0,3134.3,31916400,3447.7,2820.9,3839.9,2896.0,3125.0,1513,22,3124.8,77,3,3124.7,28,1,3124.6,158,4,3124.5,124,5,3125.2,148,1,3125.8,111,4,3126.1,45,3,3126.2,68,2,3126.4,20,1
2031,2026-06-16 11:40:45+05:30,3125.1,2,3130.5,1685078,123598.0,213979.0,3163.0,3163.0,3108.0,3134.3,31916400,3447.7,2820.9,3839.9,2896.0,3125.0,1531,26,3124.9,7,1,3124.8,126,4,3124.7,38,2,3124.6,92,3,3125.1,8,1,3125.2,29,1,3125.8,70,2,3126.1,4,1,3126.2,68,2
2031,2026-06-16 11:40:45+05:30,3125.1,2,3130.5,1685078,123598.0,213979.0,3163.0,3163.0,3108.0,3134.3,31916400,3447.7,2820.9,3839.9,2896.0,3125.0,1531,26,3124.9,7,1,3124.8,126,4,3124.7,38,2,3124.6,92,3,3125.1,8,1,3125.2,29,1,3125.8,70,2,3126.1,4,1,3126.2,68,2
2031,2026-06-16 11:40:45+05:30,3125.1,2,3130.5,1685078,123598.0,213979.0,3163.0,3163.0,3108.0,3134.3,31916400,3447.7,2820.9,3839.9,2896.0,3125.0,1531,26,3124.9,7,1,3124.8,126,4,3124.7,38,2,3124.6,92,3,3125.1,8,1,3125.2,29,1,3125.8,70,2,3126.1,4,1,3126.2,68,2
2031,2026-06-16 11:40:46+05:30,3125.0,1,3130.5,1685101,123617.0,213590.0,3163.0,3163.0,3108.0,3134.3,31916400,3447.7,2820.9,3839.9,2896.0,3125.0,1513,26,3124.8,126,4,3124.7,38,2,3124.6,92,3,3124.5,123,5,3125.1,3,1,3125.2,29,1,3125.8,69,1,3126.1,4,1,3126.2,68,2
2031,2026-06-16 11:40:46+05:30,3125.0,1,3130.5,1685101,123617.0,213590.0,3163.0,3163.0,3108.0,3134.3,31916400,3447.7,2820.9,3839.9,2896.0,3125.0,1513,26,3124.8,126,4,3124.7,38,2,3124.6,92,3,3124.5,123,5,3125.1,3,1,3125.2,29,1,3125.8,69,1,3126.1,4,1,3126.2,68,2
2031,2026-06-16 11:40:47+05:30,3125.0,4,3130.5,1685120,123635.0,213811.0,3163.0,3163.0,3108.0,3134.3,31916400,3447.7,2820.9,3839.9,2896.0,3125.0,1496,27,3124.9,7,1,3124.8,64,3,3124.7,17,1,3124.6,73,2,3125.1,27,2,3125.8,69,1,3126.1,4,1,3126.2,68,2,3126.4,119,3
2031,2026-06-16 11:40:47+05:30,3125.0,4,3130.5,1685120,123635.0,213811.0,3163.0,3163.0,3108.0,3134.3,31916400,3447.7,2820.9,3839.9,2896.0,3125.0,1496,27,3124.9,7,1,3124.8,64,3,3124.7,17,1,3124.6,73,2,3125.1,27,2,3125.8,69,1,3126.1,4,1,3126.2,68,2,3126.4,119,3
2031,2026-06-16 11:40:47+05:30,3125.0,4,3130.5,1685120,123635.0,213811.0,3163.0,3163.0,3108.0,3134.3,31916400,3447.7,2820.9,3839.9,2896.0,3125.0,1496,27,3124.9,7,1,3124.8,64,3,3124.7,17,1,3124.6,73,2,3125.1,27,2,3125.8,69,1,3126.1,4,1,3126.2,68,2,3126.4,119,3
2031,2026-06-16 11:40:48+05:30,3125.0,4,3130.5,1685120,123697.0,213966.0,3163.0,3163.0,3108.0,3134.3,31916400,3447.7,2820.9,3839.9,2896.0,3125.0,1496,27,3124.8,64,3,3124.7,17,1,3124.6,73,2,3124.5,206,7,3125.1,27,2,3125.8,69,1,3126.1,4,1,3126.2,68,2,3126.4,223,3
2031,2026-06-16 11:40:49+05:30,3125.1,1,3130.5,1685121,123660.0,213965.0,3163.0,3163.0,3108.0,3134.3,31916400,3447.7,2820.9,3839.9,2896.0,3125.0,1496,27,3124.9,7,1,3124.8,64,3,3124.7,17,1,3124.6,73,2,3125.1,26,2,3125.8,69,1,3126.1,4,1,3126.2,68,2,3126.4,223,3
2031,2026-06-16 11:40:49+05:30,3125.1,1,3130.5,1685121,123660.0,213965.0,3163.0,3163.0,3108.0,3134.3,31916400,3447.7,2820.9,3839.9,2896.0,3125.0,1496,27,3124.9,7,1,3124.8,64,3,3124.7,17,1,3124.6,73,2,3125.1,26,2,3125.8,69,1,3126.1,4,1,3126.2,68,2,3126.4,223,3
2031,2026-06-16 11:40:50+05:30,3125.1,1,3130.5,1685121,123660.0,213965.0,3163.0,3163.0,3108.0,3134.3,31916400,3447.7,2820.9,3839.9,2896.0,3125.0,1496,27,3124.9,7,1,3124.8,64,3,3124.7,17,1,3124.6,73,2,3125.1,26,2,3125.8,69,1,3126.1,4,1,3126.2,68,2,3126.4,223,3
2031,2026-06-16 11:40:50+05:30,3125.0,2,3130.5,1685134,123813.0,213950.0,3163.0,3163.0,3108.0,3134.3,31916400,3447.7,2820.9,3839.9,2896.0,3125.0,1487,27,3124.9,33,1,3124.8,4,1,3124.7,21,1,3124.6,73,2,3125.1,24,1,3125.8,69,1,3126.1,7,2,3126.2,87,3,3126.3,296,2
2031,2026-06-16 11:40:50+05:30,3125.0,2,3130.5,1685134,123813.0,213950.0,3163.0,3163.0,3108.0,3134.3,31916400,3447.7,2820.9,3839.9,2896.0,3125.0,1487,27,3124.9,33,1,3124.8,4,1,3124.7,21,1,3124.6,73,2,3125.1,24,1,3125.8,69,1,3126.1,7,2,3126.2,87,3,3126.3,296,2
2031,2026-06-16 11:40:51+05:30,3125.0,1,3130.5,1685135,123816.0,213762.0,3163.0,3163.0,3108.0,3134.3,31916400,3447.7,2820.9,3839.9,2896.0,3125.0,1499,28,3124.9,7,1,3124.8,53,3,3124.7,34,2,3124.6,76,3,3125.1,24,1,3125.8,69,1,3126.1,4,1,3126.2,87,3,3126.4,242,4
2031,2026-06-16 11:40:51+05:30,3125.1,1,3130.5,1685135,123816.0,213762.0,3163.0,3163.0,3108.0,3134.3,31916400,3447.7,2820.9,3839.9,2896.0,3125.0,1499,28,3124.9,7,1,3124.8,53,3,3124.7,34,2,3124.6,76,3,3125.1,24,1,3125.8,69,1,3126.1,4,1,3126.2,87,3,3126.4,242,4
2031,2026-06-16 11:40:52+05:30,3125.1,1,3130.5,1685135,123816.0,213762.0,3163.0,3163.0,3108.0,3134.3,31916400,3447.7,2820.9,3839.9,2896.0,3125.0,1499,28,3124.9,7,1,3124.8,53,3,3124.7,34,2,3124.6,76,3,3125.1,24,1,3125.8,69,1,3126.1,4,1,3126.2,87,3,3126.4,242,4
2031,2026-06-16 11:40:52+05:30,3125.1,43,3130.5,1685222,124164.0,214156.0,3163.0,3163.0,3108.0,3134.3,31916400,3447.7,2820.9,3839.9,2896.0,3125.1,15,1,3125.0,1453,26,3124.8,4,1,3124.6,104,3,3124.5,142,7,3125.8,69,1,3126.1,4,1,3126.2,67,2,3126.3,206,3,3126.4,567,6
2031,2026-06-16 11:40:52+05:30,3125.1,77,3130.5,1685222,124164.0,214156.0,3163.0,3163.0,3108.0,3134.3,31916400,3447.7,2820.9,3839.9,2896.0,3125.1,15,1,3125.0,1453,26,3124.8,4,1,3124.6,104,3,3124.5,142,7,3125.8,69,1,3126.1,4,1,3126.2,67,2,3126.3,206,3,3126.4,567,6
2031,2026-06-16 11:40:53+05:30,3125.0,8,3130.5,1685516,123572.0,213950.0,3163.0,3163.0,3108.0,3134.3,31916400,3447.7,2820.9,3839.9,2896.0,3125.0,1236,21,3124.8,4,1,3124.6,21,1,3124.5,23,1,3124.4,64,1,3125.1,123,1,3125.8,101,3,3125.9,32,1,3126.0,19,1,3126.1,21,3
2031,2026-06-16 11:40:53+05:30,3125.0,8,3130.5,1685516,123572.0,213950.0,3163.0,3163.0,3108.0,3134.3,31916400,3447.7,2820.9,3839.9,2896.0,3125.0,1236,21,3124.8,4,1,3124.6,21,1,3124.5,23,1,3124.4,64,1,3125.1,123,1,3125.8,101,3,3125.9,32,1,3126.0,19,1,3126.1,21,3
2031,2026-06-16 11:40:53+05:30,3125.0,8,3130.5,1685516,123572.0,213950.0,3163.0,3163.0,3108.0,3134.3,31916400,3447.7,2820.9,3839.9,2896.0,3125.0,1236,21,3124.8,4,1,3124.6,21,1,3124.5,23,1,3124.4,64,1,3125.1,123,1,3125.8,101,3,3125.9,32,1,3126.0,19,1,3126.1,21,3
2031,2026-06-16 11:40:54+05:30,3125.0,186,3130.5,1686140,122950.0,213562.0,3163.0,3163.0,3108.0,3134.3,31916400,3447.7,2820.9,3839.9,2896.0,3125.0,612,9,3124.8,4,1,3124.3,20,1,3124.1,21,1,3124.0,149,8,3125.1,124,2,3125.4,53,2,3125.5,28,1,3125.6,57,4,3125.7,33,1
2031,2026-06-16 11:40:54+05:30,3125.1,1,3130.5,1686140,122950.0,213562.0,3163.0,3163.0,3108.0,3134.3,31916400,3447.7,2820.9,3839.9,2896.0,3125.0,612,9,3124.8,4,1,3124.3,20,1,3124.1,21,1,3124.0,149,8,3125.1,124,2,3125.4,53,2,3125.5,28,1,3125.6,57,4,3125.7,33,1
2031,2026-06-16 11:40:55+05:30,3125.1,9,3130.5,1686218,122995.0,213934.0,3163.0,3163.0,3108.0,3134.3,31916400,3447.7,2820.9,3839.9,2896.0,3125.0,559,10,3124.8,4,1,3124.5,6,1,3124.3,21,1,3124.2,97,2,3125.1,140,3,3125.6,4,2,3125.8,150,3,3125.9,33,1,3126.0,123,3
2031,2026-06-16 11:40:55+05:30,3125.1,9,3130.5,1686218,122995.0,213934.0,3163.0,3163.0,3108.0,3134.3,31916400,3447.7,2820.9,3839.9,2896.0,3125.0,559,10,3124.8,4,1,3124.5,6,1,3124.3,21,1,3124.2,97,2,3125.1,140,3,3125.6,4,2,3125.8,150,3,3125.9,33,1,3126.0,123,3
2031,2026-06-16 11:40:55+05:30,3125.1,9,3130.5,1686218,122995.0,213934.0,3163.0,3163.0,3108.0,3134.3,31916400,3447.7,2820.9,3839.9,2896.0,3125.0,559,10,3124.8,4,1,3124.5,6,1,3124.3,21,1,3124.2,97,2,3125.1,140,3,3125.6,4,2,3125.8,150,3,3125.9,33,1,3126.0,123,3
2031,2026-06-16 11:40:56+05:30,3124.5,45,3130.49,1689508,121050.0,216555.0,3163.0,3163.0,3108.0,3134.3,31916400,3447.7,2820.9,3839.9,2896.0,3124.0,205,2,3123.9,20,1,3123.5,20,1,3123.4,1,1,3123.3,21,1,3124.6,38,3,3124.7,25,3,3124.8,34,2,3124.9,68,4,3125.0,475,4
2031,2026-06-16 11:40:56+05:30,3124.5,45,3130.49,1689508,121050.0,216555.0,3163.0,3163.0,3108.0,3134.3,31916400,3447.7,2820.9,3839.9,2896.0,3124.0,205,2,3123.9,20,1,3123.5,20,1,3123.4,1,1,3123.3,21,1,3124.6,38,3,3124.7,25,3,3124.8,34,2,3124.9,68,4,3125.0,475,4
2031,2026-06-16 11:40:56+05:30,3124.5,45,3130.49,1689508,121050.0,216555.0,3163.0,3163.0,3108.0,3134.3,31916400,3447.7,2820.9,3839.9,2896.0,3124.0,205,2,3123.9,20,1,3123.5,20,1,3123.4,1,1,3123.3,21,1,3124.6,38,3,3124.7,25,3,3124.8,34,2,3124.9,68,4,3125.0,475,4
2031,2026-06-16 11:40:57+05:30,3125.0,105,3130.49,1690175,123598.0,213853.0,3163.0,3163.0,3108.0,3134.3,31916400,3447.7,2820.9,3839.9,2896.0,3124.3,12,1,3124.2,50,5,3124.1,55,3,3124.0,361,8,3123.9,149,5,3125.0,95,1,3125.1,153,4,3125.6,21,1,3125.7,4,1,3125.8,144,4
2031,2026-06-16 11:40:57+05:30,3125.0,2,3130.49,1690175,123598.0,213853.0,3163.0,3163.0,3108.0,3134.3,31916400,3447.7,2820.9,3839.9,2896.0,3124.3,12,1,3124.2,50,5,3124.1,55,3,3124.0,361,8,3123.9,149,5,3125.0,95,1,3125.1,153,4,3125.6,21,1,3125.7,4,1,3125.8,144,4
2031,2026-06-16 11:40:57+05:30,3125.0,2,3130.49,1690175,123598.0,213853.0,3163.0,3163.0,3108.0,3134.3,31916400,3447.7,2820.9,3839.9,2896.0,3124.3,12,1,3124.2,50,5,3124.1,55,3,3124.0,361,8,3123.9,149,5,3125.0,95,1,3125.1,153,4,3125.6,21,1,3125.7,4,1,3125.8,144,4
2031,2026-06-16 11:40:58+05:30,3124.9,1,3130.49,1690178,123738.0,213670.0,3163.0,3163.0,3108.0,3134.3,31916400,3447.7,2820.9,3839.9,2896.0,3124.3,95,6,3124.2,53,4,3124.1,55,3,3124.0,384,9,3123.9,126,4,3124.9,72,1,3125.0,123,3,3125.1,113,1,3125.6,69,2,3125.8,144,4
2031,2026-06-16 11:40:58+05:30,3124.9,1,3130.49,1690178,123738.0,213670.0,3163.0,3163.0,3108.0,3134.3,31916400,3447.7,2820.9,3839.9,2896.0,3124.3,95,6,3124.2,53,4,3124.1,55,3,3124.0,384,9,3123.9,126,4,3124.9,72,1,3125.0,123,3,3125.1,113,1,3125.6,69,2,3125.8,144,4
2031,2026-06-16 11:40:58+05:30,3124.9,1,3130.49,1690178,123738.0,213670.0,3163.0,3163.0,3108.0,3134.3,31916400,3447.7,2820.9,3839.9,2896.0,3124.3,95,6,3124.2,53,4,3124.1,55,3,3124.0,384,9,3123.9,126,4,3124.9,72,1,3125.0,123,3,3125.1,113,1,3125.6,69,2,3125.8,144,4
2031,2026-06-16 11:40:58+05:30,3124.9,1,3130.49,1690178,123738.0,213670.0,3163.0,3163.0,3108.0,3134.3,31916400,3447.7,2820.9,3839.9,2896.0,3124.3,95,6,3124.2,53,4,3124.1,55,3,3124.0,384,9,3123.9,126,4,3124.9,72,1,3125.0,123,3,3125.1,113,1,3125.6,69,2,3125.8,144,4
2031,2026-06-16 11:40:59+05:30,3124.9,1,3130.49,1690178,123738.0,213670.0,3163.0,3163.0,3108.0,3134.3,31916400,3447.7,2820.9,3839.9,2896.0,3124.3,95,6,3124.2,53,4,3124.1,55,3,3124.0,384,9,3123.9,126,4,3124.9,72,1,3125.0,123,3,3125.1,113,1,3125.6,69,2,3125.8,144,4
2031,2026-06-16 11:40:59+05:30,3124.6,2,3130.49,1690262,123882.0,214043.0,3163.0,3163.0,3108.0,3134.3,31916400,3447.7,2820.9,3839.9,2896.0,3124.5,12,1,3124.4,67,6,3124.3,101,5,3124.2,123,6,3124.1,159,3,3124.9,1,1,3125.0,122,2,3125.1,113,1,3125.8,138,3,3126.0,25,2
2031,2026-06-16 11:40:59+05:30,3124.6,2,3130.49,1690262,123882.0,214043.0,3163.0,3163.0,3108.0,3134.3,31916400,3447.7,2820.9,3839.9,2896.0,3124.5,12,1,3124.4,67,6,3124.3,101,5,3124.2,123,6,3124.1,159,3,3124.9,1,1,3125.0,122,2,3125.1,113,1,3125.8,138,3,3126.0,25,2
2031,2026-06-16 11:41:00+05:30,3124.6,2,3130.49,1690262,123882.0,214043.0,3163.0,3163.0,3108.0,3134.3,31916400,3447.7,2820.9,3839.9,2896.0,3124.5,12,1,3124.4,67,6,3124.3,101,5,3124.2,123,6,3124.1,159,3,3124.9,1,1,3125.0,122,2,3125.1,113,1,3125.8,138,3,3126.0,25,2
2031,2026-06-16 11:41:00+05:30,3124.8,1,3130.48,1690713,123710.0,214845.0,3163.0,3163.0,3108.0,3134.3,31916400,3447.7,2820.9,3839.9,2896.0,3124.5,6,2,3124.2,39,1,3124.1,39,3,3124.0,327,8,3123.9,97,3,3124.8,7,1,3124.9,9,2,3125.0,122,2,3125.1,113,1,3125.6,68,2
2031,2026-06-16 11:41:00+05:30,3124.8,1,3130.48,1690713,123710.0,214845.0,3163.0,3163.0,3108.0,3134.3,31916400,3447.7,2820.9,3839.9,2896.0,3124.5,6,2,3124.2,39,1,3124.1,39,3,3124.0,327,8,3123.9,97,3,3124.8,7,1,3124.9,9,2,3125.0,122,2,3125.1,113,1,3125.6,68,2
2031,2026-06-16 11:41:01+05:30,3124.8,1,3130.48,1690713,123710.0,214845.0,3163.0,3163.0,3108.0,3134.3,31916400,3447.7,2820.9,3839.9,2896.0,3124.5,6,2,3124.2,39,1,3124.1,39,3,3124.0,327,8,3123.9,97,3,3124.8,7,1,3124.9,9,2,3125.0,122,2,3125.1,113,1,3125.6,68,2
2031,2026-06-16 11:41:01+05:30,3124.5,3,3130.48,1690762,123917.0,215171.0,3163.0,3163.0,3108.0,3134.3,31916400,3447.7,2820.9,3839.9,2896.0,3124.5,11,4,3124.3,19,1,3124.2,39,1,3124.0,308,9,3123.9,190,5,3124.6,7,1,3124.8,29,2,3124.9,8,1,3125.0,93,1,3125.1,113,1
2031,2026-06-16 11:41:01+05:30,3124.5,3,3130.48,1690762,123917.0,215171.0,3163.0,3163.0,3108.0,3134.3,31916400,3447.7,2820.9,3839.9,2896.0,3124.5,11,4,3124.3,19,1,3124.2,39,1,3124.0,308,9,3123.9,190,5,3124.6,7,1,3124.8,29,2,3124.9,8,1,3125.0,93,1,3125.1,113,1
2031,2026-06-16 11:41:01+05:30,3124.5,3,3130.48,1690762,123917.0,215171.0,3163.0,3163.0,3108.0,3134.3,31916400,3447.7,2820.9,3839.9,2896.0,3124.5,11,4,3124.3,19,1,3124.2,39,1,3124.0,308,9,3123.9,190,5,3124.6,7,1,3124.8,29,2,3124.9,8,1,3125.0,93,1,3125.1,113,1
2031,2026-06-16 11:41:02+05:30,3124.5,5,3130.48,1690873,123570.0,214708.0,3163.0,3163.0,3108.0,3134.3,31916400,3447.7,2820.9,3839.9,2896.0,3124.5,51,3,3124.4,19,1,3124.3,19,2,3124.2,129,4,3124.1,24,1,3124.8,29,2,3124.9,8,1,3125.1,113,1,3125.6,69,2,3125.7,4,1
2031,2026-06-16 11:41:02+05:30,3124.5,5,3130.48,1690873,123570.0,214708.0,3163.0,3163.0,3108.0,3134.3,31916400,3447.7,2820.9,3839.9,2896.0,3124.5,51,3,3124.4,19,1,3124.3,19,2,3124.2,129,4,3124.1,24,1,3124.8,29,2,3124.9,8,1,3125.1,113,1,3125.6,69,2,3125.7,4,1
2031,2026-06-16 11:41:02+05:30,3124.5,5,3130.48,1690873,123570.0,214708.0,3163.0,3163.0,3108.0,3134.3,31916400,3447.7,2820.9,3839.9,2896.0,3124.5,51,3,3124.4,19,1,3124.3,19,2,3124.2,129,4,3124.1,24,1,3124.8,29,2,3124.9,8,1,3125.1,113,1,3125.6,69,2,3125.7,4,1
2031,2026-06-16 11:41:03+05:30,3124.5,5,3130.48,1690873,123570.0,214708.0,3163.0,3163.0,3108.0,3134.3,31916400,3447.7,2820.9,3839.9,2896.0,3124.5,51,3,3124.4,19,1,3124.3,19,2,3124.2,129,4,3124.1,24,1,3124.8,29,2,3124.9,8,1,3125.1,113,1,3125.6,69,2,3125.7,4,1
2031,2026-06-16 11:41:03+05:30,3124.5,5,3130.48,1690873,123927.0,214972.0,3163.0,3163.0,3108.0,3134.3,31916400,3447.7,2820.9,3839.9,2896.0,3124.5,40,2,3124.4,39,1,3124.3,12,1,3124.2,59,2,3124.1,24,1,3124.7,12,1,3124.8,29,2,3124.9,8,1,3125.1,113,1,3125.6,69,2
2031,2026-06-16 11:41:03+05:30,3124.7,1,3130.48,1690873,123927.0,214972.0,3163.0,3163.0,3108.0,3134.3,31916400,3447.7,2820.9,3839.9,2896.0,3124.5,40,2,3124.4,39,1,3124.3,12,1,3124.2,59,2,3124.1,24,1,3124.7,12,1,3124.8,29,2,3124.9,8,1,3125.1,113,1,3125.6,69,2
2031,2026-06-16 11:41:04+05:30,3124.7,1,3130.48,1690873,123927.0,214972.0,3163.0,3163.0,3108.0,3134.3,31916400,3447.7,2820.9,3839.9,2896.0,3124.5,40,2,3124.4,39,1,3124.3,12,1,3124.2,59,2,3124.1,24,1,3124.7,12,1,3124.8,29,2,3124.9,8,1,3125.1,113,1,3125.6,69,2
2031,2026-06-16 11:41:04+05:30,3125.8,16,3130.48,1691227,125419.0,213535.0,3163.0,3163.0,3108.0,3134.3,31916400,3447.7,2820.9,3839.9,2896.0,3124.6,25,2,3124.5,91,7,3124.4,73,2,3124.3,84,3,3124.2,124,4,3125.8,102,2,3125.9,50,1,3126.1,27,3,3126.2,718,5,3126.3,19,1
2031,2026-06-16 11:41:04+05:30,3125.8,16,3130.48,1691227,125419.0,213535.0,3163.0,3163.0,3108.0,3134.3,31916400,3447.7,2820.9,3839.9,2896.0,3124.6,25,2,3124.5,91,7,3124.4,73,2,3124.3,84,3,3124.2,124,4,3125.8,102,2,3125.9,50,1,3126.1,27,3,3126.2,718,5,3126.3,19,1
2031,2026-06-16 11:41:05+05:30,3125.8,16,3130.48,1691227,125419.0,213535.0,3163.0,3163.0,3108.0,3134.3,31917600,3447.7,2820.9,3839.9,2896.0,3124.6,25,2,3124.5,91,7,3124.4,73,2,3124.3,84,3,3124.2,124,4,3125.8,102,2,3125.9,50,1,3126.1,27,3,3126.2,718,5,3126.3,19,1
2031,2026-06-16 11:41:05+05:30,3125.4,1,3130.48,1691279,124781.0,213743.0,3163.0,3163.0,3108.0,3134.3,31917600,3447.7,2820.9,3839.9,2896.0,3124.5,27,3,3124.4,16,1,3124.2,60,3,3124.1,120,3,3124.0,396,8,3125.4,38,1,3125.5,15,1,3125.7,114,3,3125.8,125,3,3125.9,21,1
2031,2026-06-16 11:41:05+05:30,3125.4,1,3130.48,1691279,124781.0,213743.0,3163.0,3163.0,3108.0,3134.3,31917600,3447.7,2820.9,3839.9,2896.0,3124.5,27,3,3124.4,16,1,3124.2,60,3,3124.1,120,3,3124.0,396,8,3125.4,38,1,3125.5,15,1,3125.7,114,3,3125.8,125,3,3125.9,21,1
2031,2026-06-16 11:41:06+05:30,3124.5,11,3130.48,1691317,124646.0,213852.0,3163.0,3163.0,3108.0,3134.3,31917600,3447.7,2820.9,3839.9,2896.0,3124.8,18,1,3124.5,68,4,3124.4,12,1,3124.2,100,5,3124.1,121,3,3125.1,6,1,3125.7,15,1,3125.8,175,4,3126.0,20,1,3126.1,6,2
2031,2026-06-16 11:41:06+05:30,3124.5,11,3130.48,1691317,124646.0,213852.0,3163.0,3163.0,3108.0,3134.3,31917600,3447.7,2820.9,3839.9,2896.0,3124.8,18,1,3124.5,68,4,3124.4,12,1,3124.2,100,5,3124.1,121,3,3125.1,6,1,3125.7,15,1,3125.8,175,4,3126.0,20,1,3126.1,6,2
2031,2026-06-16 11:41:07+05:30,3124.8,6,3130.48,1691327,125199.0,214088.0,3163.0,3163.0,3108.0,3134.3,31917600,3447.7,2820.9,3839.9,2896.0,3124.8,8,1,3124.5,50,4,3124.3,167,2,3124.2,79,4,3124.1,121,3,3125.7,15,1,3125.8,175,4,3126.0,19,1,3126.1,120,5,3126.2,737,6
2031,2026-06-16 11:41:07+05:30,3124.8,6,3130.48,1691327,125199.0,214088.0,3163.0,3163.0,3108.0,3134.3,31917600,3447.7,2820.9,3839.9,2896.0,3124.8,8,1,3124.5,50,4,3124.3,167,2,3124.2,79,4,3124.1,121,3,3125.7,15,1,3125.8,175,4,3126.0,19,1,3126.1,120,5,3126.2,737,6
2031,2026-06-16 11:41:08+05:30,3124.8,6,3130.48,1691327,124913.0,213666.0,3163.0,3163.0,3108.0,3134.3,31917600,3447.7,2820.9,3839.9,2896.0,3124.8,49,2,3124.5,37,2,3124.3,20,1,3124.2,21,2,3124.1,127,3,3125.4,1,1,3125.5,15,1,3125.7,52,4,3125.8,164,3,3125.9,126,3
2031,2026-06-16 11:41:09+05:30,3124.8,6,3130.48,1691327,125129.0,213701.0,3163.0,3163.0,3108.0,3134.3,31917600,3447.7,2820.9,3839.9,2896.0,3125.3,18,1,3125.2,4,2,3124.8,42,2,3124.5,37,2,3124.4,14,1,3125.4,13,2,3125.5,15,1,3125.7,33,3,3125.8,164,3,3126.1,141,5
2031,2026-06-16 11:41:09+05:30,3125.3,45,3130.48,1691327,125129.0,213701.0,3163.0,3163.0,3108.0,3134.3,31917600,3447.7,2820.9,3839.9,2896.0,3125.3,18,1,3125.2,4,2,3124.8,42,2,3124.5,37,2,3124.4,14,1,3125.4,13,2,3125.5,15,1,3125.7,33,3,3125.8,164,3,3126.1,141,5
2031,2026-06-16 11:41:10+05:30,3125.3,5,3130.48,1691382,125159.0,211767.0,3163.0,3163.0,3108.0,3134.3,31917600,3447.7,2820.9,3839.9,2896.0,3125.3,1,1,3125.2,41,3,3125.0,38,1,3124.8,99,4,3124.7,23,1,3125.4,17,3,3125.7,18,2,3125.8,114,2,3126.1,4,1,3126.2,422,3
2031,2026-06-16 11:41:10+05:30,3125.7,1,3130.48,1691382,125159.0,211767.0,3163.0,3163.0,3108.0,3134.3,31917600,3447.7,2820.9,3839.9,2896.0,3125.3,1,1,3125.2,41,3,3125.0,38,1,3124.8,99,4,3124.7,23,1,3125.4,17,3,3125.7,18,2,3125.8,114,2,3126.1,4,1,3126.2,422,3
2031,2026-06-16 11:41:11+05:30,3125.6,1,3130.48,1691412,126198.0,212248.0,3163.0,3163.0,3108.0,3134.3,31917600,3447.7,2820.9,3839.9,2896.0,3125.4,7,2,3125.3,77,3,3125.2,4,2,3125.0,107,3,3124.8,277,10,3125.6,3,1,3125.7,10,1,3125.8,114,2,3126.1,4,1,3126.4,20,1
2031,2026-06-16 11:41:11+05:30,3125.3,23,3130.48,1691412,126198.0,212248.0,3163.0,3163.0,3108.0,3134.3,31917600,3447.7,2820.9,3839.9,2896.0,3125.4,7,2,3125.3,77,3,3125.2,4,2,3125.0,107,3,3124.8,277,10,3125.6,3,1,3125.7,10,1,3125.8,114,2,3126.1,4,1,3126.4,20,1
2031,2026-06-16 11:41:12+05:30,3125.3,3,3130.48,1691641,124812.0,213161.0,3163.0,3163.0,3108.0,3134.3,31917600,3447.7,2820.9,3839.9,2896.0,3125.2,10,1,3125.1,16,1,3125.0,38,1,3124.9,19,1,3124.8,80,3,3125.3,22,1,3125.6,2,1,3125.7,10,1,3125.8,114,2,3126.1,4,1
2031,2026-06-16 11:41:12+05:30,3125.1,2,3130.48,1691641,124812.0,213161.0,3163.0,3163.0,3108.0,3134.3,31917600,3447.7,2820.9,3839.9,2896.0,3125.2,10,1,3125.1,16,1,3125.0,38,1,3124.9,19,1,3124.8,80,3,3125.3,22,1,3125.6,2,1,3125.7,10,1,3125.8,114,2,3126.1,4,1
2031,2026-06-16 11:41:13+05:30,3125.3,7,3130.48,1691684,124663.0,213205.0,3163.0,3163.0,3108.0,3134.3,31917600,3447.7,2820.9,3839.9,2896.0,3125.3,8,1,3125.2,3,1,3124.8,42,2,3124.6,58,3,3124.5,66,4,3125.6,2,1,3125.7,10,1,3125.8,114,2,3126.1,4,1,3126.2,20,1
2031,2026-06-16 11:41:13+05:30,3125.3,7,3130.48,1691684,124663.0,213205.0,3163.0,3163.0,3108.0,3134.3,31917600,3447.7,2820.9,3839.9,2896.0,3125.3,8,1,3125.2,3,1,3124.8,42,2,3124.6,58,3,3124.5,66,4,3125.6,2,1,3125.7,10,1,3125.8,114,2,3126.1,4,1,3126.2,20,1
2031,2026-06-16 11:41:14+05:30,3125.3,7,3130.48,1691684,124708.0,213276.0,3163.0,3163.0,3108.0,3134.3,31917600,3447.7,2820.9,3839.9,2896.0,3125.3,19,2,3125.2,3,1,3124.9,57,2,3124.8,56,3,3124.6,58,3,3125.5,3,1,3125.6,2,1,3125.7,10,1,3125.8,114,2,3126.1,4,1
2031,2026-06-16 11:41:14+05:30,3125.5,1,3130.48,1691684,124708.0,213276.0,3163.0,3163.0,3108.0,3134.3,31917600,3447.7,2820.9,3839.9,2896.0,3125.3,19,2,3125.2,3,1,3124.9,57,2,3124.8,56,3,3124.6,58,3,3125.5,3,1,3125.6,2,1,3125.7,10,1,3125.8,114,2,3126.1,4,1
2031,2026-06-16 11:41:15+05:30,3125.4,2,3130.48,1691699,126286.0,212623.0,3163.0,3163.0,3108.0,3134.3,31917600,3447.7,2820.9,3839.9,2896.0,3125.4,18,5,3125.3,20,3,3125.2,67,3,3125.1,16,1,3125.0,156,5,3125.6,2,1,3125.7,10,1,3125.8,114,2,3126.1,4,1,3126.4,20,1
2031,2026-06-16 11:41:15+05:30,3125.4,2,3130.48,1691699,126286.0,212623.0,3163.0,3163.0,3108.0,3134.3,31917600,3447.7,2820.9,3839.9,2896.0,3125.4,18,5,3125.3,20,3,3125.2,67,3,3125.1,16,1,3125.0,156,5,3125.6,2,1,3125.7,10,1,3125.8,114,2,3126.1,4,1,3126.4,20,1
2031,2026-06-16 11:41:16+05:30,3125.6,6,3130.48,1691699,126286.0,212623.0,3163.0,3163.0,3108.0,3134.3,31917600,3447.7,2820.9,3839.9,2896.0,3125.4,18,5,3125.3,20,3,3125.2,67,3,3125.1,16,1,3125.0,156,5,3125.6,2,1,3125.7,10,1,3125.8,114,2,3126.1,4,1,3126.4,20,1
2031,2026-06-16 11:41:16+05:30,3125.6,6,3130.48,1694210,126874.0,212616.0,3163.0,3163.0,3108.0,3134.3,31917600,3447.7,2820.9,3839.9,2896.0,3125.5,2,1,3125.4,4,3,3125.3,20,3,3125.1,16,1,3124.8,124,5,3126.2,276,1,3126.3,16,1,3126.4,8,1,3126.5,25,2,3126.6,21,2
2031,2026-06-16 11:41:17+05:30,3126.2,1,3130.48,1694211,127007.0,211550.0,3163.0,3163.0,3108.0,3134.3,31917600,3447.7,2820.9,3839.9,2896.0,3125.7,16,1,3125.5,125,3,3125.4,2,2,3125.3,2,2,3125.1,16,1,3126.2,283,2,3126.3,16,1,3126.4,8,1,3126.5,25,2,3126.6,72,4
2031,2026-06-16 11:41:18+05:30,3125.5,58,3130.48,1694211,127007.0,211550.0,3163.0,3163.0,3108.0,3134.3,31917600,3447.7,2820.9,3839.9,2896.0,3125.7,16,1,3125.5,125,3,3125.4,2,2,3125.3,2,2,3125.1,16,1,3126.2,283,2,3126.3,16,1,3126.4,8,1,3126.5,25,2,3126.6,72,4
2031,2026-06-16 11:41:19+05:30,3125.5,58,3130.47,1694549,126402.0,212650.0,3163.0,3163.0,3108.0,3134.3,31917600,3447.7,2820.9,3839.9,2896.0,3125.4,2,2,3125.3,18,3,3125.1,16,1,3124.8,6,2,3124.7,98,3,3125.9,37,1,3126.0,9,2,3126.2,19,1,3126.3,16,1,3126.4,39,2
2031,2026-06-16 11:41:19+05:30,3125.9,1,3130.47,1694549,126402.0,212650.0,3163.0,3163.0,3108.0,3134.3,31917600,3447.7,2820.9,3839.9,2896.0,3125.4,2,2,3125.3,18,3,3125.1,16,1,3124.8,6,2,3124.7,98,3,3125.9,37,1,3126.0,9,2,3126.2,19,1,3126.3,16,1,3126.4,39,2
2031,2026-06-16 11:41:20+05:30,3125.9,1,3130.47,1694550,126582.0,212826.0,3163.0,3163.0,3108.0,3134.3,31917600,3447.7,2820.9,3839.9,2896.0,3125.4,2,2,3125.3,17,2,3125.1,16,1,3124.8,6,2,3124.7,126,5,3125.9,56,3,3126.0,9,2,3126.3,16,1,3126.4,20,1,3126.5,54,2
2031,2026-06-16 11:41:21+05:30,3125.9,1,3130.47,1694550,127102.0,212623.0,3163.0,3163.0,3108.0,3134.3,31917600,3447.7,2820.9,3839.9,2896.0,3125.6,2,2,3125.4,55,2,3125.3,17,2,3125.0,19,1,3124.8,93,6,3125.9,82,5,3126.0,1,1,3126.3,16,1,3126.4,20,1,3126.6,85,3
2031,2026-06-16 11:41:21+05:30,3125.9,1,3130.47,1694550,127102.0,212623.0,3163.0,3163.0,3108.0,3134.3,31917600,3447.7,2820.9,3839.9,2896.0,3125.6,2,2,3125.4,55,2,3125.3,17,2,3125.0,19,1,3124.8,93,6,3125.9,82,5,3126.0,1,1,3126.3,16,1,3126.4,20,1,3126.6,85,3
2031,2026-06-16 11:41:22+05:30,3125.9,1,3130.47,1694551,127316.0,213545.0,3163.0,3163.0,3108.0,3134.3,31917600,3447.7,2820.9,3839.9,2896.0,3125.6,19,3,3125.4,79,2,3125.3,72,4,3125.2,23,1,3125.1,74,3,3125.9,81,5,3126.0,1,1,3126.3,16,1,3126.6,37,2,3126.8,824,8
2031,2026-06-16 11:41:22+05:30,3125.6,1,3130.47,1694551,127316.0,213545.0,3163.0,3163.0,3108.0,3134.3,31917600,3447.7,2820.9,3839.9,2896.0,3125.6,19,3,3125.4,79,2,3125.3,72,4,3125.2,23,1,3125.1,74,3,3125.9,81,5,3126.0,1,1,3126.3,16,1,3126.6,37,2,3126.8,824,8
2031,2026-06-16 11:41:23+05:30,3125.7,35,3130.47,1694589,127123.0,213908.0,3163.0,3163.0,3108.0,3134.3,31917600,3447.7,2820.9,3839.9,2896.0,3125.7,17,1,3125.4,42,1,3125.3,1,1,3125.2,44,2,3125.1,34,2,3125.9,46,4,3126.0,32,3,3126.6,37,2,3126.7,47,1,3126.8,780,7
2031,2026-06-16 11:41:23+05:30,3125.7,2,3130.47,1694589,127123.0,213908.0,3163.0,3163.0,3108.0,3134.3,31917600,3447.7,2820.9,3839.9,2896.0,3125.7,17,1,3125.4,42,1,3125.3,1,1,3125.2,44,2,3125.1,34,2,3125.9,46,4,3126.0,32,3,3126.6,37,2,3126.7,47,1,3126.8,780,7
2031,2026-06-16 11:41:24+05:30,3125.7,2,3130.47,1694591,127502.0,213328.0,3163.0,3163.0,3108.0,3134.3,31917600,3447.7,2820.9,3839.9,2896.0,3125.7,67,4,3125.6,37,1,3125.4,104,4,3125.3,71,4,3125.2,23,1,3125.8,4,1,3125.9,46,4,3126.0,1,1,3126.6,22,1,3126.8,775,6
2031,2026-06-16 11:41:24+05:30,3125.8,1,3130.47,1694591,127502.0,213328.0,3163.0,3163.0,3108.0,3134.3,31917600,3447.7,2820.9,3839.9,2896.0,3125.7,67,4,3125.6,37,1,3125.4,104,4,3125.3,71,4,3125.2,23,1,3125.8,4,1,3125.9,46,4,3126.0,1,1,3126.6,22,1,3126.8,775,6
2031,2026-06-16 11:41:25+05:30,3125.8,1,3130.47,1694592,127754.0,213346.0,3163.0,3163.0,3108.0,3134.3,31917600,3447.7,2820.9,3839.9,2896.0,3125.7,55,3,3125.6,56,2,3125.4,67,2,3125.3,92,5,3125.2,42,2,3125.8,3,1,3125.9,46,4,3126.0,1,1,3126.6,22,1,3126.8,775,6
2031,2026-06-16 11:41:25+05:30,3125.8,2,3130.47,1694592,127754.0,213346.0,3163.0,3163.0,3108.0,3134.3,31917600,3447.7,2820.9,3839.9,2896.0,3125.7,55,3,3125.6,56,2,3125.4,67,2,3125.3,92,5,3125.2,42,2,3125.8,3,1,3125.9,46,4,3126.0,1,1,3126.6,22,1,3126.8,775,6
2031,2026-06-16 11:41:26+05:30,3125.8,2,3130.47,1694657,127535.0,213462.0,3163.0,3163.0,3108.0,3134.3,31917600,3447.7,2820.9,3839.9,2896.0,3125.8,13,1,3125.7,40,2,3125.5,88,2,3125.4,78,3,3125.3,70,3,3125.9,7,1,3126.0,1,1,3126.6,22,1,3126.8,775,6,3126.9,8,1
2031,2026-06-16 11:41:26+05:30,3125.9,1,3130.47,1694657,127535.0,213462.0,3163.0,3163.0,3108.0,3134.3,31917600,3447.7,2820.9,3839.9,2896.0,3125.8,13,1,3125.7,40,2,3125.5,88,2,3125.4,78,3,3125.3,70,3,3125.9,7,1,3126.0,1,1,3126.6,22,1,3126.8,775,6,3126.9,8,1
2031,2026-06-16 11:41:27+05:30,3125.8,1,3130.47,1694739,127604.0,213288.0,3163.0,3163.0,3108.0,3134.3,31917600,3447.7,2820.9,3839.9,2896.0,3125.8,45,3,3125.7,40,2,3125.6,38,1,3125.5,40,2,3125.4,57,2,3125.9,10,2,3126.0,1,1,3126.8,775,6,3126.9,8,1,3127.0,72,3
2031,2026-06-16 11:41:27+05:30,3125.8,1,3130.47,1694739,127604.0,213288.0,3163.0,3163.0,3108.0,3134.3,31917600,3447.7,2820.9,3839.9,2896.0,3125.8,45,3,3125.7,40,2,3125.6,38,1,3125.5,40,2,3125.4,57,2,3125.9,10,2,3126.0,1,1,3126.8,775,6,3126.9,8,1,3127.0,72,3
2031,2026-06-16 11:41:28+05:30,3125.8,1,3130.47,1694740,127566.0,213553.0,3163.0,3163.0,3108.0,3134.3,31917600,3447.7,2820.9,3839.9,2896.0,3125.8,44,3,3125.7,77,3,3125.6,25,2,3125.5,55,2,3125.4,101,3,3125.9,10,2,3126.0,101,2,3126.8,759,5,3126.9,8,1,3127.0,28,2
2031,2026-06-16 11:41:28+05:30,3125.8,1,3130.47,1694740,127566.0,213553.0,3163.0,3163.0,3108.0,3134.3,31917600,3447.7,2820.9,3839.9,2896.0,3125.8,44,3,3125.7,77,3,3125.6,25,2,3125.5,55,2,3125.4,101,3,3125.9,10,2,3126.0,101,2,3126.8,759,5,3126.9,8,1,3127.0,28,2
2031,2026-06-16 11:41:29+05:30,3125.8,1,3130.47,1694740,127679.0,213300.0,3163.0,3163.0,3108.0,3134.3,31917600,3447.7,2820.9,3839.9,2896.0,3125.8,109,4,3125.7,93,4,3125.6,25,2,3125.5,87,4,3125.4,101,3,3125.9,37,3,3126.0,101,2,3126.8,759,5,3126.9,8,1,3127.0,28,2
2031,2026-06-16 11:41:29+05:30,3125.9,13,3130.47,1694740,127679.0,213300.0,3163.0,3163.0,3108.0,3134.3,31917600,3447.7,2820.9,3839.9,2896.0,3125.8,109,4,3125.7,93,4,3125.6,25,2,3125.5,87,4,3125.4,101,3,3125.9,37,3,3126.0,101,2,3126.8,759,5,3126.9,8,1,3127.0,28,2
2031,2026-06-16 11:41:30+05:30,3125.9,8,3130.47,1694817,127656.0,213460.0,3163.0,3163.0,3108.0,3134.3,31917600,3447.7,2820.9,3839.9,2896.0,3125.9,5,1,3125.8,109,4,3125.7,40,2,3125.6,15,1,3125.5,68,3,3126.0,102,3,3126.8,759,5,3126.9,8,1,3127.0,28,2,3127.1,6,1
2031,2026-06-16 11:41:30+05:30,3126.0,2,3130.47,1694817,127656.0,213460.0,3163.0,3163.0,3108.0,3134.3,31917600,3447.7,2820.9,3839.9,2896.0,3125.9,5,1,3125.8,109,4,3125.7,40,2,3125.6,15,1,3125.5,68,3,3126.0,102,3,3126.8,759,5,3126.9,8,1,3127.0,28,2,3127.1,6,1
2031,2026-06-16 11:41:31+05:30,3126.0,1,3130.47,1694823,127739.0,213005.0,3163.0,3163.0,3108.0,3134.3,31917600,3447.7,2820.9,3839.9,2896.0,3125.9,5,2,3125.8,126,5,3125.7,40,2,3125.6,15,1,3125.5,112,4,3126.0,98,3,3126.8,759,5,3126.9,8,1,3127.0,28,2,3127.1,6,1
2031,2026-06-16 11:41:31+05:30,3126.0,1,3130.47,1694823,127739.0,213005.0,3163.0,3163.0,3108.0,3134.3,31917600,3447.7,2820.9,3839.9,2896.0,3125.9,5,2,3125.8,126,5,3125.7,40,2,3125.6,15,1,3125.5,112,4,3126.0,98,3,3126.8,759,5,3126.9,8,1,3127.0,28,2,3127.1,6,1
2031,2026-06-16 11:41:32+05:30,3125.9,5,3130.47,1694933,128415.0,212838.0,3163.0,3163.0,3108.0,3134.3,31917600,3447.7,2820.9,3839.9,2896.0,3125.9,39,3,3125.8,119,4,3125.7,78,3,3125.6,15,1,3125.5,61,2,3126.0,39,1,3126.8,737,4,3126.9,8,1,3127.0,27,2,3127.1,69,3
2031,2026-06-16 11:41:32+05:30,3125.9,5,3130.47,1694933,128415.0,212838.0,3163.0,3163.0,3108.0,3134.3,31917600,3447.7,2820.9,3839.9,2896.0,3125.9,39,3,3125.8,119,4,3125.7,78,3,3125.6,15,1,3125.5,61,2,3126.0,39,1,3126.8,737,4,3126.9,8,1,3127.0,27,2,3127.1,69,3
2031,2026-06-16 11:41:33+05:30,3125.9,1,3130.47,1694935,128377.0,213263.0,3163.0,3163.0,3108.0,3134.3,31917600,3447.7,2820.9,3839.9,2896.0,3125.9,37,3,3125.8,119,4,3125.7,78,3,3125.6,15,1,3125.5,80,3,3126.0,39,1,3126.7,9,1,3126.8,758,5,3126.9,8,1,3127.0,27,2
2031,2026-06-16 11:41:33+05:30,3125.9,1,3130.47,1694935,128377.0,213263.0,3163.0,3163.0,3108.0,3134.3,31917600,3447.7,2820.9,3839.9,2896.0,3125.9,37,3,3125.8,119,4,3125.7,78,3,3125.6,15,1,3125.5,80,3,3126.0,39,1,3126.7,9,1,3126.8,758,5,3126.9,8,1,3127.0,27,2
2031,2026-06-16 11:41:34+05:30,3125.9,1,3130.47,1694936,128304.0,213329.0,3163.0,3163.0,3108.0,3134.3,31917600,3447.7,2820.9,3839.9,2896.0,3125.9,36,3,3125.8,119,4,3125.7,40,2,3125.6,15,1,3125.5,40,1,3126.0,64,2,3126.7,9,1,3126.8,758,5,3126.9,8,1,3127.0,27,2
2031,2026-06-16 11:41:34+05:30,3126.0,25,3130.47,1694936,128304.0,213329.0,3163.0,3163.0,3108.0,3134.3,31917600,3447.7,2820.9,3839.9,2896.0,3125.9,36,3,3125.8,119,4,3125.7,40,2,3125.6,15,1,3125.5,40,1,3126.0,64,2,3126.7,9,1,3126.8,758,5,3126.9,8,1,3127.0,27,2
2031,2026-06-16 11:41:35+05:30,3126.0,25,3130.47,1695000,128596.0,212321.0,3163.0,3163.0,3108.0,3134.3,31917600,3447.7,2820.9,3839.9,2896.0,3125.9,37,4,3125.8,120,4,3125.7,40,2,3125.6,15,1,3125.5,19,1,3126.6,7,1,3126.7,9,1,3126.8,737,4,3126.9,8,1,3127.0,11,2
2031,2026-06-16 11:41:36+05:30,3126.0,25,3130.47,1695000,128561.0,212358.0,3163.0,3163.0,3108.0,3134.3,31917600,3447.7,2820.9,3839.9,2896.0,3125.9,37,4,3125.8,120,4,3125.7,40,2,3125.6,15,1,3125.5,19,1,3126.6,7,1,3126.7,9,1,3126.8,737,4,3126.9,8,1,3127.0,32,3
2031,2026-06-16 11:41:37+05:30,3126.6,1,3130.47,1695001,128518.0,212905.0,3163.0,3163.0,3108.0,3134.3,31917600,3447.7,2820.9,3839.9,2896.0,3125.9,37,4,3125.8,55,3,3125.7,40,2,3125.6,15,1,3125.5,19,1,3126.6,6,1,3126.7,9,1,3126.8,737,4,3126.9,8,1,3127.0,32,3
2031,2026-06-16 11:41:37+05:30,3126.8,11,3130.47,1695001,128518.0,212905.0,3163.0,3163.0,3108.0,3134.3,31917600,3447.7,2820.9,3839.9,2896.0,3125.9,37,4,3125.8,55,3,3125.7,40,2,3125.6,15,1,3125.5,19,1,3126.6,6,1,3126.7,9,1,3126.8,737,4,3126.9,8,1,3127.0,32,3
2031,2026-06-16 11:41:38+05:30,3126.8,11,3130.47,1695027,128625.0,212724.0,3163.0,3163.0,3108.0,3134.3,31917600,3447.7,2820.9,3839.9,2896.0,3125.9,32,3,3125.8,55,3,3125.7,40,2,3125.6,15,1,3125.5,63,2,3126.5,3,1,3126.6,37,2,3126.8,726,4,3126.9,8,1,3127.0,32,3
2031,2026-06-16 11:41:39+05:30,3126.5,2,3130.47,1695094,128492.0,213380.0,3163.0,3163.0,3108.0,3134.3,31917600,3447.7,2820.9,3839.9,2896.0,3126.5,2,1,3126.4,5,1,3126.3,8,2,3126.2,1,1,3126.1,16,1,3126.6,37,2,3126.7,37,1,3126.8,745,5,3126.9,22,1,3127.0,72,4
2031,2026-06-16 11:41:39+05:30,3126.6,1,3130.47,1695094,128492.0,213380.0,3163.0,3163.0,3108.0,3134.3,31917600,3447.7,2820.9,3839.9,2896.0,3126.5,2,1,3126.4,5,1,3126.3,8,2,3126.2,1,1,3126.1,16,1,3126.6,37,2,3126.7,37,1,3126.8,745,5,3126.9,22,1,3127.0,72,4
2031,2026-06-16 11:41:40+05:30,3126.2,8,3130.47,1695435,127868.0,213886.0,3163.0,3163.0,3108.0,3134.3,31917600,3447.7,2820.9,3839.9,2896.0,3125.8,16,2,3125.7,1,1,3125.1,19,1,3125.0,240,2,3124.8,201,3,3126.2,231,5,3126.3,13,3,3126.4,81,2,3126.5,32,3,3126.6,101,3
2031,2026-06-16 11:41:40+05:30,3126.1,2,3130.47,1695435,127868.0,213886.0,3163.0,3163.0,3108.0,3134.3,31917600,3447.7,2820.9,3839.9,2896.0,3125.8,16,2,3125.7,1,1,3125.1,19,1,3125.0,240,2,3124.8,201,3,3126.2,231,5,3126.3,13,3,3126.4,81,2,3126.5,32,3,3126.6,101,3
2031,2026-06-16 11:41:41+05:30,3126.0,1,3130.47,1695462,127038.0,214576.0,3163.0,3163.0,3108.0,3134.3,31917600,3447.7,2820.9,3839.9,2896.0,3125.8,16,2,3125.7,1,1,3125.0,190,1,3124.8,201,3,3124.7,44,2,3126.0,80,4,3126.1,40,4,3126.2,247,5,3126.3,13,3,3126.4,81,2
2031,2026-06-16 11:41:41+05:30,3126.0,1,3130.47,1695462,127038.0,214576.0,3163.0,3163.0,3108.0,3134.3,31917600,3447.7,2820.9,3839.9,2896.0,3125.8,16,2,3125.7,1,1,3125.0,190,1,3124.8,201,3,3124.7,44,2,3126.0,80,4,3126.1,40,4,3126.2,247,5,3126.3,13,3,3126.4,81,2
2031,2026-06-16 11:41:42+05:30,3126.0,1,3130.47,1695462,127557.0,212413.0,3163.0,3163.0,3108.0,3134.3,31917600,3447.7,2820.9,3839.9,2896.0,3125.8,37,2,3125.7,1,1,3125.0,190,1,3124.8,201,3,3124.7,159,5,3126.0,67,3,3126.1,23,2,3126.2,218,3,3126.3,22,2,3126.5,79,4
2031,2026-06-16 11:41:42+05:30,3126.0,1,3130.47,1695462,127557.0,212413.0,3163.0,3163.0,3108.0,3134.3,31917600,3447.7,2820.9,3839.9,2896.0,3125.8,37,2,3125.7,1,1,3125.0,190,1,3124.8,201,3,3124.7,159,5,3126.0,67,3,3126.1,23,2,3126.2,218,3,3126.3,22,2,3126.5,79,4
2031,2026-06-16 11:41:43+05:30,3126.0,1,3130.47,1695463,127577.0,214063.0,3163.0,3163.0,3108.0,3134.3,31917600,3447.7,2820.9,3839.9,2896.0,3125.8,37,2,3125.7,1,1,3125.0,190,1,3124.8,284,6,3124.7,143,4,3126.0,68,4,3126.1,24,3,3126.2,220,4,3126.3,23,3,3126.4,41,1
2031,2026-06-16 11:41:44+05:30,3126.0,1,3130.47,1695464,127776.0,214298.0,3163.0,3163.0,3108.0,3134.3,31917600,3447.7,2820.9,3839.9,2896.0,3125.8,52,3,3125.7,1,1,3125.0,190,1,3124.9,154,1,3124.8,349,8,3126.0,67,4,3126.1,24,3,3126.2,220,4,3126.3,4,2,3126.4,41,1
2031,2026-06-16 11:41:44+05:30,3126.0,1,3130.47,1695464,127776.0,214298.0,3163.0,3163.0,3108.0,3134.3,31917600,3447.7,2820.9,3839.9,2896.0,3125.8,52,3,3125.7,1,1,3125.0,190,1,3124.9,154,1,3124.8,349,8,3126.0,67,4,3126.1,24,3,3126.2,220,4,3126.3,4,2,3126.4,41,1
2031,2026-06-16 11:41:45+05:30,3126.0,7,3130.47,1695509,127749.0,214607.0,3163.0,3163.0,3108.0,3134.3,31917600,3447.7,2820.9,3839.9,2896.0,3126.0,9,1,3125.9,2,2,3125.8,38,3,3125.7,1,1,3125.1,96,3,3126.1,1,1,3126.2,194,2,3126.3,4,2,3126.5,22,2,3126.6,81,4
2031,2026-06-16 11:41:45+05:30,3126.0,7,3130.47,1695509,127749.0,214607.0,3163.0,3163.0,3108.0,3134.3,31917600,3447.7,2820.9,3839.9,2896.0,3126.0,9,1,3125.9,2,2,3125.8,38,3,3125.7,1,1,3125.1,96,3,3126.1,1,1,3126.2,194,2,3126.3,4,2,3126.5,22,2,3126.6,81,4
2031,2026-06-16 11:41:46+05:30,3126.0,7,3130.47,1695509,127749.0,214607.0,3163.0,3163.0,3108.0,3134.3,31917600,3447.7,2820.9,3839.9,2896.0,3126.0,9,1,3125.9,2,2,3125.8,38,3,3125.7,1,1,3125.1,96,3,3126.1,1,1,3126.2,194,2,3126.3,4,2,3126.5,22,2,3126.6,81,4
2031,2026-06-16 11:41:46+05:30,3126.0,5,3130.47,1695514,128059.0,214532.0,3163.0,3163.0,3108.0,3134.3,31917600,3447.7,2820.9,3839.9,2896.0,3126.0,42,2,3125.9,2,2,3125.8,38,3,3125.7,1,1,3125.6,15,1,3126.1,1,1,3126.2,194,2,3126.3,4,2,3126.5,22,2,3126.6,19,2
2031,2026-06-16 11:41:46+05:30,3126.0,6,3130.47,1695514,128059.0,214532.0,3163.0,3163.0,3108.0,3134.3,31917600,3447.7,2820.9,3839.9,2896.0,3126.0,42,2,3125.9,2,2,3125.8,38,3,3125.7,1,1,3125.6,15,1,3126.1,1,1,3126.2,194,2,3126.3,4,2,3126.5,22,2,3126.6,19,2
2031,2026-06-16 11:41:47+05:30,3126.1,21,3130.47,1695589,128295.0,214351.0,3163.0,3163.0,3108.0,3134.3,31917600,3447.7,2820.9,3839.9,2896.0,3126.0,31,1,3125.9,2,2,3125.8,38,3,3125.7,1,1,3125.6,15,1,3126.2,194,2,3126.3,1,1,3126.5,10,1,3126.6,19,2,3126.7,8,1
2031,2026-06-16 11:41:47+05:30,3126.1,21,3130.47,1695589,128295.0,214351.0,3163.0,3163.0,3108.0,3134.3,31917600,3447.7,2820.9,3839.9,2896.0,3126.0,31,1,3125.9,2,2,3125.8,38,3,3125.7,1,1,3125.6,15,1,3126.2,194,2,3126.3,1,1,3126.5,10,1,3126.6,19,2,3126.7,8,1
2031,2026-06-16 11:41:47+05:30,3126.1,21,3130.47,1695589,128295.0,214351.0,3163.0,3163.0,3108.0,3134.3,31917600,3447.7,2820.9,3839.9,2896.0,3126.0,31,1,3125.9,2,2,3125.8,38,3,3125.7,1,1,3125.6,15,1,3126.2,194,2,3126.3,1,1,3126.5,10,1,3126.6,19,2,3126.7,8,1
2031,2026-06-16 11:41:48+05:30,3126.1,8,3130.47,1695628,128103.0,212966.0,3163.0,3163.0,3108.0,3134.3,31917600,3447.7,2820.9,3839.9,2896.0,3126.1,7,1,3126.0,15,2,3125.9,2,2,3125.8,38,3,3125.7,1,1,3126.2,193,2,3126.3,1,1,3126.5,10,1,3126.6,19,2,3126.7,8,1
2031,2026-06-16 11:41:48+05:30,3126.1,8,3130.47,1695628,128103.0,212966.0,3163.0,3163.0,3108.0,3134.3,31917600,3447.7,2820.9,3839.9,2896.0,3126.1,7,1,3126.0,15,2,3125.9,2,2,3125.8,38,3,3125.7,1,1,3126.2,193,2,3126.3,1,1,3126.5,10,1,3126.6,19,2,3126.7,8,1
2031,2026-06-16 11:41:49+05:30,3126.1,4,3130.47,1695632,127972.0,215234.0,3163.0,3163.0,3108.0,3134.3,31917600,3447.7,2820.9,3839.9,2896.0,3126.1,3,1,3126.0,15,2,3125.9,2,2,3125.8,38,3,3125.7,1,1,3126.2,227,3,3126.3,1,1,3126.5,29,2,3126.6,19,2,3126.7,8,1
2031,2026-06-16 11:41:49+05:30,3126.1,4,3130.47,1695632,127972.0,215234.0,3163.0,3163.0,3108.0,3134.3,31917600,3447.7,2820.9,3839.9,2896.0,3126.1,3,1,3126.0,15,2,3125.9,2,2,3125.8,38,3,3125.7,1,1,3126.2,227,3,3126.3,1,1,3126.5,29,2,3126.6,19,2,3126.7,8,1
2031,2026-06-16 11:41:49+05:30,3126.1,4,3130.47,1695632,127972.0,215234.0,3163.0,3163.0,3108.0,3134.3,31917600,3447.7,2820.9,3839.9,2896.0,3126.1,3,1,3126.0,15,2,3125.9,2,2,3125.8,38,3,3125.7,1,1,3126.2,227,3,3126.3,1,1,3126.5,29,2,3126.6,19,2,3126.7,8,1
2031,2026-06-16 11:41:50+05:30,3126.2,1,3130.47,1695632,127972.0,215234.0,3163.0,3163.0,3108.0,3134.3,31917600,3447.7,2820.9,3839.9,2896.0,3126.1,3,1,3126.0,15,2,3125.9,2,2,3125.8,38,3,3125.7,1,1,3126.2,227,3,3126.3,1,1,3126.5,29,2,3126.6,19,2,3126.7,8,1
2031,2026-06-16 11:41:50+05:30,3126.1,1,3130.47,1695797,128150.0,214285.0,3163.0,3163.0,3108.0,3134.3,31917600,3447.7,2820.9,3839.9,2896.0,3126.0,21,3,3125.8,38,3,3125.7,1,1,3125.3,19,1,3125.2,92,3,3126.1,13,1,3126.2,120,4,3126.3,1,1,3126.5,10,1,3126.6,19,2
2031,2026-06-16 11:41:51+05:30,3126.1,1,3130.47,1695797,128150.0,214285.0,3163.0,3163.0,3108.0,3134.3,31917600,3447.7,2820.9,3839.9,2896.0,3126.0,21,3,3125.8,38,3,3125.7,1,1,3125.3,19,1,3125.2,92,3,3126.1,13,1,3126.2,120,4,3126.3,1,1,3126.5,10,1,3126.6,19,2
2031,2026-06-16 11:41:51+05:30,3126.1,1,3130.47,1695797,128150.0,214285.0,3163.0,3163.0,3108.0,3134.3,31917600,3447.7,2820.9,3839.9,2896.0,3126.0,21,3,3125.8,38,3,3125.7,1,1,3125.3,19,1,3125.2,92,3,3126.1,13,1,3126.2,120,4,3126.3,1,1,3126.5,10,1,3126.6,19,2
2031,2026-06-16 11:41:51+05:30,3126.0,1,3130.47,1695798,128180.0,214305.0,3163.0,3163.0,3108.0,3134.3,31917600,3447.7,2820.9,3839.9,2896.0,3126.0,36,3,3125.8,38,3,3125.7,1,1,3125.6,15,1,3125.3,105,3,3126.1,69,3,3126.2,72,4,3126.3,1,1,3126.5,10,1,3126.6,19,2
2031,2026-06-16 11:41:52+05:30,3126.1,13,3130.47,1695798,128180.0,214305.0,3163.0,3163.0,3108.0,3134.3,31917600,3447.7,2820.9,3839.9,2896.0,3126.0,36,3,3125.8,38,3,3125.7,1,1,3125.6,15,1,3125.3,105,3,3126.1,69,3,3126.2,72,4,3126.3,1,1,3126.5,10,1,3126.6,19,2
2031,2026-06-16 11:41:52+05:30,3126.0,1,3130.47,1695812,128169.0,214307.0,3163.0,3163.0,3108.0,3134.3,31917600,3447.7,2820.9,3839.9,2896.0,3126.0,34,3,3125.8,38,3,3125.7,1,1,3125.3,105,3,3125.2,56,2,3126.1,56,2,3126.2,72,4,3126.3,1,1,3126.5,10,1,3126.6,19,2
2031,2026-06-16 11:41:53+05:30,3126.1,2,3130.47,1695812,128169.0,214307.0,3163.0,3163.0,3108.0,3134.3,31917600,3447.7,2820.9,3839.9,2896.0,3126.0,34,3,3125.8,38,3,3125.7,1,1,3125.3,105,3,3125.2,56,2,3126.1,56,2,3126.2,72,4,3126.3,1,1,3126.5,10,1,3126.6,19,2
2031,2026-06-16 11:41:53+05:30,3126.1,2,3130.47,1695812,128169.0,214307.0,3163.0,3163.0,3108.0,3134.3,31917600,3447.7,2820.9,3839.9,2896.0,3126.0,34,3,3125.8,38,3,3125.7,1,1,3125.3,105,3,3125.2,56,2,3126.1,56,2,3126.2,72,4,3126.3,1,1,3126.5,10,1,3126.6,19,2
2031,2026-06-16 11:41:53+05:30,3126.1,2,3130.47,1695815,128171.0,212529.0,3163.0,3163.0,3108.0,3134.3,31917600,3447.7,2820.9,3839.9,2896.0,3126.0,19,2,3125.8,38,3,3125.7,1,1,3125.6,16,1,3125.3,105,3,3126.1,53,2,3126.2,72,4,3126.3,1,1,3126.5,10,1,3126.6,19,2
2031,2026-06-16 11:41:54+05:30,3125.8,7,3130.47,1695815,128171.0,212529.0,3163.0,3163.0,3108.0,3134.3,31917600,3447.7,2820.9,3839.9,2896.0,3126.0,19,2,3125.8,38,3,3125.7,1,1,3125.6,16,1,3125.3,105,3,3126.1,53,2,3126.2,72,4,3126.3,1,1,3126.5,10,1,3126.6,19,2
2031,2026-06-16 11:41:54+05:30,3125.7,6,3130.47,1696195,126641.0,214727.0,3163.0,3163.0,3108.0,3134.3,31917600,3447.7,2820.9,3839.9,2896.0,3125.0,234,3,3124.9,50,3,3124.8,307,7,3124.7,51,2,3124.6,260,9,3125.7,36,1,3125.8,135,1,3126.0,27,2,3126.2,72,4,3126.3,1,1
2031,2026-06-16 11:41:55+05:30,3125.7,6,3130.47,1696195,126641.0,214727.0,3163.0,3163.0,3108.0,3134.3,31917600,3447.7,2820.9,3839.9,2896.0,3125.0,234,3,3124.9,50,3,3124.8,307,7,3124.7,51,2,3124.6,260,9,3125.7,36,1,3125.8,135,1,3126.0,27,2,3126.2,72,4,3126.3,1,1
2031,2026-06-16 11:41:55+05:30,3125.0,36,3130.47,1696195,126641.0,214727.0,3163.0,3163.0,3108.0,3134.3,31917600,3447.7,2820.9,3839.9,2896.0,3125.0,234,3,3124.9,50,3,3124.8,307,7,3124.7,51,2,3124.6,260,9,3125.7,36,1,3125.8,135,1,3126.0,27,2,3126.2,72,4,3126.3,1,1
2031,2026-06-16 11:41:55+05:30,3125.0,36,3130.47,1696231,126085.0,215095.0,3163.0,3163.0,3108.0,3134.3,31917600,3447.7,2820.9,3839.9,2896.0,3125.0,165,2,3124.9,3,1,3124.8,365,6,3124.7,70,3,3124.6,219,7,3125.3,4,1,3125.4,135,1,3126.0,27,2,3126.2,92,5,3126.3,1,1
2031,2026-06-16 11:41:56+05:30,3125.0,135,3130.47,1696231,126085.0,215095.0,3163.0,3163.0,3108.0,3134.3,31917600,3447.7,2820.9,3839.9,2896.0,3125.0,165,2,3124.9,3,1,3124.8,365,6,3124.7,70,3,3124.6,219,7,3125.3,4,1,3125.4,135,1,3126.0,27,2,3126.2,92,5,3126.3,1,1
2031,2026-06-16 11:41:56+05:30,3125.1,1,3130.47,1696382,125763.0,214940.0,3163.0,3163.0,3108.0,3134.3,31917600,3447.7,2820.9,3839.9,2896.0,3125.0,15,2,3124.9,24,2,3124.8,253,3,3124.7,19,1,3124.6,117,4,3125.1,3,1,3126.0,28,2,3126.2,92,5,3126.3,1,1,3126.4,21,1
2031,2026-06-16 11:41:57+05:30,3125.1,1,3130.47,1696382,125763.0,214940.0,3163.0,3163.0,3108.0,3134.3,31917600,3447.7,2820.9,3839.9,2896.0,3125.0,15,2,3124.9,24,2,3124.8,253,3,3124.7,19,1,3124.6,117,4,3125.1,3,1,3126.0,28,2,3126.2,92,5,3126.3,1,1,3126.4,21,1
2031,2026-06-16 11:41:57+05:30,3125.1,1,3130.47,1696382,125763.0,214940.0,3163.0,3163.0,3108.0,3134.3,31917600,3447.7,2820.9,3839.9,2896.0,3125.0,15,2,3124.9,24,2,3124.8,253,3,3124.7,19,1,3124.6,117,4,3125.1,3,1,3126.0,28,2,3126.2,92,5,3126.3,1,1,3126.4,21,1
2031,2026-06-16 11:41:57+05:30,3125.1,1,3130.47,1696382,125763.0,214940.0,3163.0,3163.0,3108.0,3134.3,31917600,3447.7,2820.9,3839.9,2896.0,3125.0,15,2,3124.9,24,2,3124.8,253,3,3124.7,19,1,3124.6,117,4,3125.1,3,1,3126.0,28,2,3126.2,92,5,3126.3,1,1,3126.4,21,1
2031,2026-06-16 11:41:57+05:30,3125.0,2,3130.47,1696384,125831.0,215051.0,3163.0,3163.0,3108.0,3134.3,31917600,3447.7,2820.9,3839.9,2896.0,3125.0,13,2,3124.9,3,1,3124.8,360,6,3124.7,19,1,3124.6,196,6,3125.1,12,2,3126.0,28,2,3126.2,92,5,3126.3,1,1,3126.4,21,1
2031,2026-06-16 11:41:58+05:30,3125.0,2,3130.47,1696384,125831.0,215051.0,3163.0,3163.0,3108.0,3134.3,31917600,3447.7,2820.9,3839.9,2896.0,3125.0,13,2,3124.9,3,1,3124.8,360,6,3124.7,19,1,3124.6,196,6,3125.1,12,2,3126.0,28,2,3126.2,92,5,3126.3,1,1,3126.4,21,1
2031,2026-06-16 11:41:58+05:30,3126.0,4,3130.47,1696384,125831.0,215051.0,3163.0,3163.0,3108.0,3134.3,31917600,3447.7,2820.9,3839.9,2896.0,3125.0,13,2,3124.9,3,1,3124.8,360,6,3124.7,19,1,3124.6,196,6,3125.1,12,2,3126.0,28,2,3126.2,92,5,3126.3,1,1,3126.4,21,1
2031,2026-06-16 11:41:58+05:30,3126.0,4,3130.47,1696384,125831.0,215051.0,3163.0,3163.0,3108.0,3134.3,31917600,3447.7,2820.9,3839.9,2896.0,3125.0,13,2,3124.9,3,1,3124.8,360,6,3124.7,19,1,3124.6,196,6,3125.1,12,2,3126.0,28,2,3126.2,92,5,3126.3,1,1,3126.4,21,1
2031,2026-06-16 11:41:58+05:30,3126.0,4,3130.47,1696433,126492.0,215133.0,3163.0,3163.0,3108.0,3134.3,31917600,3447.7,2820.9,3839.9,2896.0,3125.2,1,1,3125.0,13,2,3124.8,311,6,3124.7,169,4,3124.6,56,3,3125.9,5,1,3126.0,4,2,3126.2,72,4,3126.3,1,1,3126.4,69,2
2031,2026-06-16 11:41:59+05:30,3126.0,4,3130.47,1696433,126492.0,215133.0,3163.0,3163.0,3108.0,3134.3,31917600,3447.7,2820.9,3839.9,2896.0,3125.2,1,1,3125.0,13,2,3124.8,311,6,3124.7,169,4,3124.6,56,3,3125.9,5,1,3126.0,4,2,3126.2,72,4,3126.3,1,1,3126.4,69,2
2031,2026-06-16 11:41:59+05:30,3126.0,4,3130.47,1696433,126499.0,215122.0,3163.0,3163.0,3108.0,3134.3,31917600,3447.7,2820.9,3839.9,2896.0,3125.2,1,1,3125.0,30,3,3124.8,293,5,3124.7,119,3,3124.6,58,4,3125.9,5,1,3126.0,4,2,3126.2,72,4,3126.3,1,1,3126.4,107,3
2031,2026-06-16 11:42:00+05:30,3126.0,4,3130.47,1696433,126499.0,215122.0,3163.0,3163.0,3108.0,3134.3,31917600,3447.7,2820.9,3839.9,2896.0,3125.2,1,1,3125.0,30,3,3124.8,293,5,3124.7,119,3,3124.6,58,4,3125.9,5,1,3126.0,4,2,3126.2,72,4,3126.3,1,1,3126.4,107,3
2031,2026-06-16 11:42:00+05:30,3125.2,1,3130.47,1696433,126499.0,215122.0,3163.0,3163.0,3108.0,3134.3,31917600,3447.7,2820.9,3839.9,2896.0,3125.2,1,1,3125.0,30,3,3124.8,293,5,3124.7,119,3,3124.6,58,4,3125.9,5,1,3126.0,4,2,3126.2,72,4,3126.3,1,1,3126.4,107,3
2031,2026-06-16 11:42:00+05:30,3125.6,1,3130.47,1696446,126487.0,215310.0,3163.0,3163.0,3108.0,3134.3,31917600,3447.7,2820.9,3839.9,2896.0,3125.6,2,2,3125.2,5,2,3125.0,21,2,3124.8,253,3,3124.7,21,1,3125.7,5,1,3125.9,5,3,3126.0,8,2,3126.2,129,6,3126.3,1,1
2031,2026-06-16 11:42:01+05:30,3125.6,1,3130.47,1696446,126487.0,215310.0,3163.0,3163.0,3108.0,3134.3,31917600,3447.7,2820.9,3839.9,2896.0,3125.6,2,2,3125.2,5,2,3125.0,21,2,3124.8,253,3,3124.7,21,1,3125.7,5,1,3125.9,5,3,3126.0,8,2,3126.2,129,6,3126.3,1,1
2031,2026-06-16 11:42:01+05:30,3126.0,5,3130.47,1696446,126487.0,215310.0,3163.0,3163.0,3108.0,3134.3,31917600,3447.7,2820.9,3839.9,2896.0,3125.6,2,2,3125.2,5,2,3125.0,21,2,3124.8,253,3,3124.7,21,1,3125.7,5,1,3125.9,5,3,3126.0,8,2,3126.2,129,6,3126.3,1,1
2031,2026-06-16 11:42:01+05:30,3126.0,5,3130.47,1696446,126487.0,215310.0,3163.0,3163.0,3108.0,3134.3,31917600,3447.7,2820.9,3839.9,2896.0,3125.6,2,2,3125.2,5,2,3125.0,21,2,3124.8,253,3,3124.7,21,1,3125.7,5,1,3125.9,5,3,3126.0,8,2,3126.2,129,6,3126.3,1,1
2031,2026-06-16 11:42:02+05:30,3126.0,5,3130.47,1696463,126780.0,215246.0,3163.0,3163.0,3108.0,3134.3,31917600,3447.7,2820.9,3839.9,2896.0,3125.6,2,2,3125.3,15,1,3125.2,5,2,3125.0,4,1,3124.8,253,3,3125.9,2,1,3126.0,1,1,3126.1,64,2,3126.2,57,4,3126.3,38,2
2031,2026-06-16 11:42:02+05:30,3126.0,5,3130.47,1696463,126780.0,215246.0,3163.0,3163.0,3108.0,3134.3,31917600,3447.7,2820.9,3839.9,2896.0,3125.6,2,2,3125.3,15,1,3125.2,5,2,3125.0,4,1,3124.8,253,3,3125.9,2,1,3126.0,1,1,3126.1,64,2,3126.2,57,4,3126.3,38,2
2031,2026-06-16 11:42:03+05:30,3126.0,5,3130.47,1696463,126704.0,215252.0,3163.0,3163.0,3108.0,3134.3,31917600,3447.7,2820.9,3839.9,2896.0,3125.6,17,3,3125.2,5,2,3125.0,4,1,3124.8,196,2,3124.7,21,1,3125.9,3,2,3126.0,137,3,3126.1,27,1,3126.2,95,5,3126.3,38,2
2031,2026-06-16 11:42:03+05:30,3126.0,5,3130.47,1696463,126704.0,215252.0,3163.0,3163.0,3108.0,3134.3,31917600,3447.7,2820.9,3839.9,2896.0,3125.6,17,3,3125.2,5,2,3125.0,4,1,3124.8,196,2,3124.7,21,1,3125.9,3,2,3126.0,137,3,3126.1,27,1,3126.2,95,5,3126.3,38,2
2031,2026-06-16 11:42:03+05:30,3125.9,1,3130.47,1696463,126704.0,215252.0,3163.0,3163.0,3108.0,3134.3,31917600,3447.7,2820.9,3839.9,2896.0,3125.6,17,3,3125.2,5,2,3125.0,4,1,3124.8,196,2,3124.7,21,1,3125.9,3,2,3126.0,137,3,3126.1,27,1,3126.2,95,5,3126.3,38,2
2031,2026-06-16 11:42:04+05:30,3125.9,1,3130.47,1696465,127098.0,214912.0,3163.0,3163.0,3108.0,3134.3,31917600,3447.7,2820.9,3839.9,2896.0,3125.6,17,3,3125.2,15,3,3125.1,19,1,3125.0,54,2,3124.9,214,2,3125.9,1,1,3126.0,101,2,3126.2,38,3,3126.3,1,1,3126.4,38,1
2031,2026-06-16 11:42:04+05:30,3125.9,1,3130.47,1696465,127098.0,214912.0,3163.0,3163.0,3108.0,3134.3,31917600,3447.7,2820.9,3839.9,2896.0,3125.6,17,3,3125.2,15,3,3125.1,19,1,3125.0,54,2,3124.9,214,2,3125.9,1,1,3126.0,101,2,3126.2,38,3,3126.3,1,1,3126.4,38,1
2031,2026-06-16 11:42:05+05:30,3126.0,15,3130.47,1696482,127247.0,215045.0,3163.0,3163.0,3108.0,3134.3,31917600,3447.7,2820.9,3839.9,2896.0,3125.6,17,3,3125.2,15,3,3125.0,54,2,3124.9,214,2,3124.8,265,4,3125.9,2,1,3126.0,92,2,3126.2,38,3,3126.3,1,1,3126.4,38,1
2031,2026-06-16 11:42:05+05:30,3126.0,15,3130.47,1696482,127247.0,215045.0,3163.0,3163.0,3108.0,3134.3,31917600,3447.7,2820.9,3839.9,2896.0,3125.6,17,3,3125.2,15,3,3125.0,54,2,3124.9,214,2,3124.8,265,4,3125.9,2,1,3126.0,92,2,3126.2,38,3,3126.3,1,1,3126.4,38,1
2031,2026-06-16 11:42:05+05:30,3125.7,29,3130.47,1696482,127247.0,215045.0,3163.0,3163.0,3108.0,3134.3,31917600,3447.7,2820.9,3839.9,2896.0,3125.6,17,3,3125.2,15,3,3125.0,54,2,3124.9,214,2,3124.8,265,4,3125.9,2,1,3126.0,92,2,3126.2,38,3,3126.3,1,1,3126.4,38,1
2031,2026-06-16 11:42:05+05:30,3125.7,29,3130.47,1696515,127186.0,215066.0,3163.0,3163.0,3108.0,3134.3,31917600,3447.7,2820.9,3839.9,2896.0,3125.7,17,1,3125.2,5,2,3125.1,27,2,3125.0,93,4,3124.9,203,2,3125.9,3,1,3126.0,92,2,3126.2,7,2,3126.3,1,1,3126.4,38,1
2031,2026-06-16 11:42:06+05:30,3126.0,7,3130.47,1696515,127186.0,215066.0,3163.0,3163.0,3108.0,3134.3,31917600,3447.7,2820.9,3839.9,2896.0,3125.7,17,1,3125.2,5,2,3125.1,27,2,3125.0,93,4,3124.9,203,2,3125.9,3,1,3126.0,92,2,3126.2,7,2,3126.3,1,1,3126.4,38,1
2031,2026-06-16 11:42:07+05:30,3126.0,7,3130.47,1696612,127669.0,214635.0,3163.0,3163.0,3108.0,3134.3,31917600,3447.7,2820.9,3839.9,2896.0,3125.7,16,1,3125.2,15,3,3125.1,46,2,3125.0,126,4,3124.9,111,3,3126.1,17,2,3126.2,15,3,3126.3,1,1,3126.6,726,4,3126.8,58,2
2031,2026-06-16 11:42:08+05:30,3126.0,7,3130.47,1696612,127491.0,214848.0,3163.0,3163.0,3108.0,3134.3,31917600,3447.7,2820.9,3839.9,2896.0,3125.3,16,1,3125.2,5,2,3125.1,10,1,3125.0,147,5,3124.9,47,2,3126.1,28,3,3126.2,15,3,3126.3,1,1,3126.6,726,4,3126.8,58,2
2031,2026-06-16 11:42:08+05:30,3126.1,6,3130.47,1696612,127491.0,214848.0,3163.0,3163.0,3108.0,3134.3,31917600,3447.7,2820.9,3839.9,2896.0,3125.3,16,1,3125.2,5,2,3125.1,10,1,3125.0,147,5,3124.9,47,2,3126.1,28,3,3126.2,15,3,3126.3,1,1,3126.6,726,4,3126.8,58,2
2031,2026-06-16 11:42:09+05:30,3126.0,1,3130.47,1696630,127453.0,213330.0,3163.0,3163.0,3108.0,3134.3,31917600,3447.7,2820.9,3839.9,2896.0,3125.7,5,1,3125.3,16,1,3125.2,1,1,3125.1,10,1,3125.0,75,3,3126.0,1,1,3126.1,46,3,3126.2,7,2,3126.3,1,1,3126.6,763,5
2031,2026-06-16 11:42:09+05:30,3125.7,5,3130.47,1696630,127453.0,213330.0,3163.0,3163.0,3108.0,3134.3,31917600,3447.7,2820.9,3839.9,2896.0,3125.7,5,1,3125.3,16,1,3125.2,1,1,3125.1,10,1,3125.0,75,3,3126.0,1,1,3126.1,46,3,3126.2,7,2,3126.3,1,1,3126.6,763,5
2031,2026-06-16 11:42:10+05:30,3125.8,1,3130.47,1696637,127403.0,214415.0,3163.0,3163.0,3108.0,3134.3,31917600,3447.7,2820.9,3839.9,2896.0,3125.7,21,2,3125.2,1,1,3125.1,10,1,3125.0,75,3,3124.9,104,4,3125.8,1,1,3126.0,9,2,3126.1,35,2,3126.2,7,2,3126.3,1,1
2031,2026-06-16 11:42:10+05:30,3126.0,7,3130.47,1696637,127403.0,214415.0,3163.0,3163.0,3108.0,3134.3,31917600,3447.7,2820.9,3839.9,2896.0,3125.7,21,2,3125.2,1,1,3125.1,10,1,3125.0,75,3,3124.9,104,4,3125.8,1,1,3126.0,9,2,3126.1,35,2,3126.2,7,2,3126.3,1,1
2031,2026-06-16 11:42:10+05:30,3126.0,7,3130.47,1696645,127704.0,215249.0,3163.0,3163.0,3108.0,3134.3,31917600,3447.7,2820.9,3839.9,2896.0,3125.7,21,2,3125.1,28,2,3125.0,75,3,3124.9,213,5,3124.8,293,5,3125.9,1,1,3126.0,2,2,3126.1,35,2,3126.2,7,2,3126.3,1,1
2031,2026-06-16 11:42:11+05:30,3126.1,13,3130.47,1696645,127704.0,215249.0,3163.0,3163.0,3108.0,3134.3,31917600,3447.7,2820.9,3839.9,2896.0,3125.7,21,2,3125.1,28,2,3125.0,75,3,3124.9,213,5,3124.8,293,5,3125.9,1,1,3126.0,2,2,3126.1,35,2,3126.2,7,2,3126.3,1,1
2031,2026-06-16 11:42:12+05:30,3126.1,13,3130.47,1696662,127588.0,214730.0,3163.0,3163.0,3108.0,3134.3,31917600,3447.7,2820.9,3839.9,2896.0,3125.7,21,2,3125.1,28,2,3125.0,75,3,3124.9,83,3,3124.8,357,6,3125.8,2,1,3125.9,11,1,3126.0,7,1,3126.1,29,2,3126.2,7,2
2031,2026-06-16 11:42:12+05:30,3126.2,22,3130.47,1696662,127588.0,214730.0,3163.0,3163.0,3108.0,3134.3,31917600,3447.7,2820.9,3839.9,2896.0,3125.7,21,2,3125.1,28,2,3125.0,75,3,3124.9,83,3,3124.8,357,6,3125.8,2,1,3125.9,11,1,3126.0,7,1,3126.1,29,2,3126.2,7,2
2031,2026-06-16 11:42:13+05:30,3126.2,22,3130.47,1696784,127745.0,214266.0,3163.0,3163.0,3108.0,3134.3,31917600,3447.7,2820.9,3839.9,2896.0,3125.9,17,1,3125.7,5,1,3125.5,23,1,3125.4,21,1,3125.3,50,1,3126.2,21,2,3126.3,9,2,3126.9,45,1,3127.0,72,4,3127.1,71,3
2031,2026-06-16 11:42:14+05:30,3126.2,22,3130.47,1696784,127986.0,214331.0,3163.0,3163.0,3108.0,3134.3,31917600,3447.7,2820.9,3839.9,2896.0,3126.0,18,1,3125.9,1,1,3125.7,5,1,3125.5,69,2,3125.4,21,1,3126.2,41,3,3126.3,1,1,3126.9,80,2,3127.0,30,2,3127.1,65,2
2031,2026-06-16 11:42:14+05:30,3125.9,3,3130.47,1696784,127986.0,214331.0,3163.0,3163.0,3108.0,3134.3,31917600,3447.7,2820.9,3839.9,2896.0,3126.0,18,1,3125.9,1,1,3125.7,5,1,3125.5,69,2,3125.4,21,1,3126.2,41,3,3126.3,1,1,3126.9,80,2,3127.0,30,2,3127.1,65,2
2031,2026-06-16 11:42:15+05:30,3125.9,3,3130.47,1696877,127831.0,214355.0,3163.0,3163.0,3108.0,3134.3,31917600,3447.7,2820.9,3839.9,2896.0,3126.0,44,1,3125.9,1,1,3125.8,17,1,3125.7,5,1,3125.6,21,1,3126.1,10,1,3126.2,28,1,3126.3,1,1,3126.7,35,1,3127.0,84,4
2031,2026-06-16 11:42:15+05:30,3126.1,1,3130.47,1696877,127831.0,214355.0,3163.0,3163.0,3108.0,3134.3,31917600,3447.7,2820.9,3839.9,2896.0,3126.0,44,1,3125.9,1,1,3125.8,17,1,3125.7,5,1,3125.6,21,1,3126.1,10,1,3126.2,28,1,3126.3,1,1,3126.7,35,1,3127.0,84,4
2031,2026-06-16 11:42:16+05:30,3126.1,2,3130.47,1696890,127977.0,214329.0,3163.0,3163.0,3108.0,3134.3,31917600,3447.7,2820.9,3839.9,2896.0,3126.1,9,4,3126.0,45,2,3125.9,1,1,3125.6,21,1,3125.5,46,1,3126.2,28,1,3126.3,1,1,3127.0,65,3,3127.2,460,4,3127.3,326,2
2031,2026-06-16 11:42:16+05:30,3126.3,1,3130.47,1696890,127977.0,214329.0,3163.0,3163.0,3108.0,3134.3,31917600,3447.7,2820.9,3839.9,2896.0,3126.1,9,4,3126.0,45,2,3125.9,1,1,3125.6,21,1,3125.5,46,1,3126.2,28,1,3126.3,1,1,3127.0,65,3,3127.2,460,4,3127.3,326,2
2031,2026-06-16 11:42:17+05:30,3126.3,1,3130.47,1696919,128615.0,213599.0,3163.0,3163.0,3108.0,3134.3,31917600,3447.7,2820.9,3839.9,2896.0,3126.1,63,5,3126.0,45,2,3125.9,1,1,3125.8,36,1,3125.6,21,1,3126.2,3,1,3126.3,1,1,3127.0,10,1,3127.1,35,1,3127.2,21,1
2031,2026-06-16 11:42:17+05:30,3126.3,1,3130.47,1696919,128615.0,213599.0,3163.0,3163.0,3108.0,3134.3,31917600,3447.7,2820.9,3839.9,2896.0,3126.1,63,5,3126.0,45,2,3125.9,1,1,3125.8,36,1,3125.6,21,1,3126.2,3,1,3126.3,1,1,3127.0,10,1,3127.1,35,1,3127.2,21,1
2031,2026-06-16 11:42:18+05:30,3126.3,1,3130.47,1696923,129225.0,212881.0,3163.0,3163.0,3108.0,3134.3,31917600,3447.7,2820.9,3839.9,2896.0,3126.3,14,1,3126.1,46,4,3126.0,45,2,3125.9,1,1,3125.8,36,1,3127.0,10,1,3127.2,34,1,3127.3,726,4,3127.4,61,2,3127.5,96,5
2031,2026-06-16 11:42:19+05:30,3126.3,1,3130.47,1696923,129418.0,212406.0,3163.0,3163.0,3108.0,3134.3,31917600,3447.7,2820.9,3839.9,2896.0,3126.4,17,1,3126.3,41,2,3126.2,1,1,3126.1,67,5,3126.0,91,3,3127.0,10,1,3127.5,52,4,3127.6,109,3,3127.8,811,7,3127.9,173,3
2031,2026-06-16 11:42:19+05:30,3127.0,1,3130.47,1696923,129418.0,212406.0,3163.0,3163.0,3108.0,3134.3,31917600,3447.7,2820.9,3839.9,2896.0,3126.4,17,1,3126.3,41,2,3126.2,1,1,3126.1,67,5,3126.0,91,3,3127.0,10,1,3127.5,52,4,3127.6,109,3,3127.8,811,7,3127.9,173,3
2031,2026-06-16 11:42:20+05:30,3127.0,1,3130.47,1696924,129510.0,212404.0,3163.0,3163.0,3108.0,3134.3,31917600,3447.7,2820.9,3839.9,2896.0,3126.6,16,1,3126.4,1,1,3126.3,62,3,3126.2,1,1,3126.1,46,4,3127.0,9,1,3127.5,52,4,3127.6,64,2,3127.8,811,7,3127.9,173,3
2031,2026-06-16 11:42:21+05:30,3127.0,1,3130.47,1696925,130469.0,212138.0,3163.0,3163.0,3108.0,3134.3,31917600,3447.7,2820.9,3839.9,2896.0,3126.8,2,2,3126.6,58,3,3126.5,1,1,3126.4,22,2,3126.3,106,4,3127.0,8,1,3127.8,748,5,3127.9,86,2,3128.0,95,4,3128.1,79,1
2031,2026-06-16 11:42:21+05:30,3126.6,2,3130.47,1696925,130469.0,212138.0,3163.0,3163.0,3108.0,3134.3,31917600,3447.7,2820.9,3839.9,2896.0,3126.8,2,2,3126.6,58,3,3126.5,1,1,3126.4,22,2,3126.3,106,4,3127.0,8,1,3127.8,748,5,3127.9,86,2,3128.0,95,4,3128.1,79,1
2031,2026-06-16 11:42:22+05:30,3126.1,2,3130.47,1697356,128219.0,213276.0,3163.0,3163.0,3108.0,3134.3,31917600,3447.7,2820.9,3839.9,2896.0,3126.1,42,2,3126.0,1,1,3125.9,6,2,3125.5,43,2,3125.4,35,1,3126.7,7,1,3126.8,16,2,3126.9,8,1,3127.0,16,2,3127.1,7,1
2031,2026-06-16 11:42:22+05:30,3126.1,2,3130.47,1697356,128219.0,213276.0,3163.0,3163.0,3108.0,3134.3,31917600,3447.7,2820.9,3839.9,2896.0,3126.1,42,2,3126.0,1,1,3125.9,6,2,3125.5,43,2,3125.4,35,1,3126.7,7,1,3126.8,16,2,3126.9,8,1,3127.0,16,2,3127.1,7,1
2031,2026-06-16 11:42:23+05:30,3126.6,1,3130.47,1697382,128483.0,212903.0,3163.0,3163.0,3108.0,3134.3,31917600,3447.7,2820.9,3839.9,2896.0,3126.1,17,2,3126.0,1,1,3125.9,6,2,3125.8,30,2,3125.6,25,1,3126.6,30,2,3126.7,7,1,3126.8,16,2,3126.9,8,1,3127.0,16,2
2031,2026-06-16 11:42:23+05:30,3125.8,2,3130.47,1697382,128483.0,212903.0,3163.0,3163.0,3108.0,3134.3,31917600,3447.7,2820.9,3839.9,2896.0,3126.1,17,2,3126.0,1,1,3125.9,6,2,3125.8,30,2,3125.6,25,1,3126.6,30,2,3126.7,7,1,3126.8,16,2,3126.9,8,1,3127.0,16,2
2031,2026-06-16 11:42:24+05:30,3125.4,8,3130.47,1697476,127320.0,213971.0,3163.0,3163.0,3108.0,3134.3,31917600,3447.7,2820.9,3839.9,2896.0,3125.4,16,1,3125.0,43,3,3124.9,219,7,3124.8,251,4,3124.7,118,3,3126.1,34,3,3126.2,6,1,3126.3,7,1,3126.4,6,1,3126.5,6,1
2031,2026-06-16 11:42:24+05:30,3125.0,11,3130.47,1697476,127320.0,213971.0,3163.0,3163.0,3108.0,3134.3,31917600,3447.7,2820.9,3839.9,2896.0,3125.4,16,1,3125.0,43,3,3124.9,219,7,3124.8,251,4,3124.7,118,3,3126.1,34,3,3126.2,6,1,3126.3,7,1,3126.4,6,1,3126.5,6,1
2031,2026-06-16 11:42:25+05:30,3126.2,1,3130.47,1697688,125476.0,213834.0,3163.0,3163.0,3108.0,3134.3,31917600,3447.7,2820.9,3839.9,2896.0,3125.0,19,3,3124.9,58,2,3124.8,197,3,3124.7,100,4,3124.6,36,4,3126.2,47,3,3126.3,10,1,3126.4,21,2,3126.5,10,1,3126.6,21,1
2031,2026-06-16 11:42:25+05:30,3126.2,1,3130.47,1697688,125476.0,213834.0,3163.0,3163.0,3108.0,3134.3,31917600,3447.7,2820.9,3839.9,2896.0,3125.0,19,3,3124.9,58,2,3124.8,197,3,3124.7,100,4,3124.6,36,4,3126.2,47,3,3126.3,10,1,3126.4,21,2,3126.5,10,1,3126.6,21,1
2031,2026-06-16 11:42:26+05:30,3125.0,3,3130.47,1697713,126354.0,214134.0,3163.0,3163.0,3108.0,3134.3,31917600,3447.7,2820.9,3839.9,2896.0,3125.0,109,2,3124.8,222,3,3124.7,130,5,3124.6,50,4,3124.5,183,5,3125.9,1,1,3126.0,22,2,3126.1,8,1,3126.2,55,3,3126.3,10,1
2031,2026-06-16 11:42:26+05:30,3126.0,1,3130.47,1697713,126354.0,214134.0,3163.0,3163.0,3108.0,3134.3,31917600,3447.7,2820.9,3839.9,2896.0,3125.0,109,2,3124.8,222,3,3124.7,130,5,3124.6,50,4,3124.5,183,5,3125.9,1,1,3126.0,22,2,3126.1,8,1,3126.2,55,3,3126.3,10,1
2031,2026-06-16 11:42:27+05:30,3126.0,6,3130.47,1697730,126602.0,212584.0,3163.0,3163.0,3108.0,3134.3,31917600,3447.7,2820.9,3839.9,2896.0,3125.0,109,2,3124.8,284,5,3124.7,113,4,3124.6,56,4,3124.5,183,5,3126.0,16,2,3126.1,8,1,3126.2,55,3,3126.3,10,1,3126.4,19,1
2031,2026-06-16 11:42:27+05:30,3125.0,3,3130.47,1697730,126602.0,212584.0,3163.0,3163.0,3108.0,3134.3,31917600,3447.7,2820.9,3839.9,2896.0,3125.0,109,2,3124.8,284,5,3124.7,113,4,3124.6,56,4,3124.5,183,5,3126.0,16,2,3126.1,8,1,3126.2,55,3,3126.3,10,1,3126.4,19,1
2031,2026-06-16 11:42:28+05:30,3125.0,3,3130.47,1697733,126518.0,213781.0,3163.0,3163.0,3108.0,3134.3,31917600,3447.7,2820.9,3839.9,2896.0,3125.0,120,3,3124.9,34,1,3124.8,306,4,3124.7,100,4,3124.6,16,2,3125.9,2,1,3126.0,27,3,3126.1,8,1,3126.2,55,3,3126.3,10,1
2031,2026-06-16 11:42:29+05:30,3125.0,3,3130.47,1697733,126525.0,213791.0,3163.0,3163.0,3108.0,3134.3,31917600,3447.7,2820.9,3839.9,2896.0,3125.1,15,1,3125.0,106,2,3124.9,34,1,3124.8,331,5,3124.7,119,5,3125.9,2,1,3126.0,27,3,3126.1,8,1,3126.2,55,3,3126.3,10,1
2031,2026-06-16 11:42:29+05:30,3125.9,1,3130.47,1697733,126525.0,213791.0,3163.0,3163.0,3108.0,3134.3,31917600,3447.7,2820.9,3839.9,2896.0,3125.1,15,1,3125.0,106,2,3124.9,34,1,3124.8,331,5,3124.7,119,5,3125.9,2,1,3126.0,27,3,3126.1,8,1,3126.2,55,3,3126.3,10,1
2031,2026-06-16 11:42:30+05:30,3125.1,1,3130.47,1697736,126418.0,214372.0,3163.0,3163.0,3108.0,3134.3,31917600,3447.7,2820.9,3839.9,2896.0,3125.2,12,1,3125.1,29,3,3125.0,168,4,3124.9,113,3,3124.8,327,7,3126.0,28,4,3126.1,8,1,3126.2,55,3,3126.3,10,1,3126.4,19,1
2031,2026-06-16 11:42:30+05:30,3126.0,1,3130.47,1697736,126418.0,214372.0,3163.0,3163.0,3108.0,3134.3,31917600,3447.7,2820.9,3839.9,2896.0,3125.2,12,1,3125.1,29,3,3125.0,168,4,3124.9,113,3,3124.8,327,7,3126.0,28,4,3126.1,8,1,3126.2,55,3,3126.3,10,1,3126.4,19,1
2031,2026-06-16 11:42:31+05:30,3126.0,1,3130.47,1697737,127170.0,214365.0,3163.0,3163.0,3108.0,3134.3,31917600,3447.7,2820.9,3839.9,2896.0,3125.9,1,1,3125.6,2,2,3125.3,16,1,3125.2,1,1,3125.1,4,1,3126.0,20,3,3126.1,8,1,3126.2,55,3,3126.3,10,1,3126.4,19,1
2031,2026-06-16 11:42:32+05:30,3126.0,1,3130.47,1697737,127220.0,214572.0,3163.0,3163.0,3108.0,3134.3,31917600,3447.7,2820.9,3839.9,2896.0,3125.9,1,1,3125.6,18,3,3125.2,1,1,3125.1,4,1,3125.0,295,7,3126.0,20,3,3126.1,8,1,3126.2,55,3,3126.3,10,1,3126.4,19,1
2031,2026-06-16 11:42:32+05:30,3126.0,14,3130.47,1697737,127220.0,214572.0,3163.0,3163.0,3108.0,3134.3,31917600,3447.7,2820.9,3839.9,2896.0,3125.9,1,1,3125.6,18,3,3125.2,1,1,3125.1,4,1,3125.0,295,7,3126.0,20,3,3126.1,8,1,3126.2,55,3,3126.3,10,1,3126.4,19,1
2031,2026-06-16 11:42:33+05:30,3126.0,4,3130.47,1697775,126922.0,212770.0,3163.0,3163.0,3108.0,3134.3,31917600,3447.7,2820.9,3839.9,2896.0,3126.0,17,1,3125.9,1,1,3125.6,2,2,3125.2,1,1,3125.1,25,2,3126.1,8,1,3126.2,55,3,3126.3,10,1,3126.4,19,1,3126.5,10,1
2031,2026-06-16 11:42:33+05:30,3126.2,42,3130.47,1697775,126922.0,212770.0,3163.0,3163.0,3108.0,3134.3,31917600,3447.7,2820.9,3839.9,2896.0,3126.0,17,1,3125.9,1,1,3125.6,2,2,3125.2,1,1,3125.1,25,2,3126.1,8,1,3126.2,55,3,3126.3,10,1,3126.4,19,1,3126.5,10,1
2031,2026-06-16 11:42:34+05:30,3126.2,1,3130.47,1697833,128034.0,212975.0,3163.0,3163.0,3108.0,3134.3,31917600,3447.7,2820.9,3839.9,2896.0,3126.2,1,1,3126.0,16,2,3125.6,34,3,3125.5,22,1,3125.3,209,5,3126.9,6,1,3127.0,10,1,3127.1,51,2,3127.3,23,2,3127.4,410,5
2031,2026-06-16 11:42:34+05:30,3126.2,1,3130.47,1697833,128034.0,212975.0,3163.0,3163.0,3108.0,3134.3,31917600,3447.7,2820.9,3839.9,2896.0,3126.2,1,1,3126.0,16,2,3125.6,34,3,3125.5,22,1,3125.3,209,5,3126.9,6,1,3127.0,10,1,3127.1,51,2,3127.3,23,2,3127.4,410,5
2031,2026-06-16 11:42:35+05:30,3126.2,1,3130.47,1697833,128025.0,213044.0,3163.0,3163.0,3108.0,3134.3,31917600,3447.7,2820.9,3839.9,2896.0,3126.2,2,2,3126.1,20,2,3126.0,1,1,3125.6,34,3,3125.5,96,3,3126.9,6,1,3127.0,10,1,3127.2,32,1,3127.3,21,1,3127.4,84,3
2031,2026-06-16 11:42:35+05:30,3126.9,1,3130.47,1697833,128025.0,213044.0,3163.0,3163.0,3108.0,3134.3,31917600,3447.7,2820.9,3839.9,2896.0,3126.2,2,2,3126.1,20,2,3126.0,1,1,3125.6,34,3,3125.5,96,3,3126.9,6,1,3127.0,10,1,3127.2,32,1,3127.3,21,1,3127.4,84,3
2031,2026-06-16 11:42:36+05:30,3126.5,1,3130.47,1697869,127981.0,212566.0,3163.0,3163.0,3108.0,3134.3,31917600,3447.7,2820.9,3839.9,2896.0,3126.4,12,1,3126.1,3,1,3126.0,1,1,3125.7,62,2,3125.5,136,3,3126.5,5,1,3126.6,7,1,3127.0,10,1,3127.1,59,3,3127.2,7,1
2031,2026-06-16 11:42:36+05:30,3126.5,1,3130.47,1697869,127981.0,212566.0,3163.0,3163.0,3108.0,3134.3,31917600,3447.7,2820.9,3839.9,2896.0,3126.4,12,1,3126.1,3,1,3126.0,1,1,3125.7,62,2,3125.5,136,3,3126.5,5,1,3126.6,7,1,3127.0,10,1,3127.1,59,3,3127.2,7,1
2031,2026-06-16 11:42:37+05:30,3126.6,7,3130.47,1697882,128363.0,210584.0,3163.0,3163.0,3108.0,3134.3,31917600,3447.7,2820.9,3839.9,2896.0,3126.6,9,1,3126.4,1,1,3126.3,3,1,3126.1,3,1,3126.0,1,1,3127.0,17,2,3127.1,51,2,3127.2,7,1,3127.3,7,1,3127.4,448,5
2031,2026-06-16 11:42:37+05:30,3126.6,7,3130.47,1697882,128363.0,210584.0,3163.0,3163.0,3108.0,3134.3,31917600,3447.7,2820.9,3839.9,2896.0,3126.6,9,1,3126.4,1,1,3126.3,3,1,3126.1,3,1,3126.0,1,1,3127.0,17,2,3127.1,51,2,3127.2,7,1,3127.3,7,1,3127.4,448,5
2031,2026-06-16 11:42:38+05:30,3126.6,7,3130.47,1697882,128721.0,212562.0,3163.0,3163.0,3108.0,3134.3,31917600,3447.7,2820.9,3839.9,2896.0,3126.7,2,1,3126.6,9,1,3126.5,60,2,3126.4,1,1,3126.3,3,1,3126.9,2,1,3127.0,10,1,3127.3,31,1,3127.5,34,3,3127.6,440,4
2031,2026-06-16 11:42:38+05:30,3126.9,2,3130.47,1697882,128721.0,212562.0,3163.0,3163.0,3108.0,3134.3,31917600,3447.7,2820.9,3839.9,2896.0,3126.7,2,1,3126.6,9,1,3126.5,60,2,3126.4,1,1,3126.3,3,1,3126.9,2,1,3127.0,10,1,3127.3,31,1,3127.5,34,3,3127.6,440,4
2031,2026-06-16 11:42:39+05:30,3126.9,2,3130.47,1697884,129557.0,212600.0,3163.0,3163.0,3108.0,3134.3,31917600,3447.7,2820.9,3839.9,2896.0,3126.9,13,1,3126.7,2,1,3126.6,1,1,3126.5,60,2,3126.4,1,1,3127.0,10,1,3127.5,23,2,3127.6,50,2,3127.7,726,4,3127.8,119,3
2031,2026-06-16 11:42:39+05:30,3127.0,49,3130.47,1697884,129557.0,212600.0,3163.0,3163.0,3108.0,3134.3,31917600,3447.7,2820.9,3839.9,2896.0,3126.9,13,1,3126.7,2,1,3126.6,1,1,3126.5,60,2,3126.4,1,1,3127.0,10,1,3127.5,23,2,3127.6,50,2,3127.7,726,4,3127.8,119,3
2031,2026-06-16 11:42:40+05:30,3127.0,49,3130.47,1698039,129226.0,212647.0,3163.0,3163.0,3108.0,3134.3,31917600,3447.7,2820.9,3839.9,2896.0,3126.9,1,1,3126.7,2,1,3126.6,17,2,3126.5,60,2,3126.4,1,1,3127.1,35,3,3127.2,34,3,3127.3,36,4,3127.4,45,2,3127.5,89,4
2031,2026-06-16 11:42:40+05:30,3126.9,6,3130.47,1698039,129226.0,212647.0,3163.0,3163.0,3108.0,3134.3,31917600,3447.7,2820.9,3839.9,2896.0,3126.9,1,1,3126.7,2,1,3126.6,17,2,3126.5,60,2,3126.4,1,1,3127.1,35,3,3127.2,34,3,3127.3,36,4,3127.4,45,2,3127.5,89,4
2031,2026-06-16 11:42:41+05:30,3126.3,10,3130.46,1698307,127828.0,212377.0,3163.0,3163.0,3108.0,3134.3,31917600,3447.7,2820.9,3839.9,2896.0,3126.3,3,1,3126.1,3,1,3126.0,17,2,3125.3,20,1,3125.2,23,1,3126.4,10,2,3126.6,55,4,3126.8,18,3,3126.9,86,3,3127.0,65,3
2031,2026-06-16 11:42:41+05:30,3126.3,13,3130.46,1698307,127828.0,212377.0,3163.0,3163.0,3108.0,3134.3,31917600,3447.7,2820.9,3839.9,2896.0,3126.3,3,1,3126.1,3,1,3126.0,17,2,3125.3,20,1,3125.2,23,1,3126.4,10,2,3126.6,55,4,3126.8,18,3,3126.9,86,3,3127.0,65,3
2031,2026-06-16 11:42:42+05:30,3126.3,13,3130.46,1698320,127206.0,212088.0,3163.0,3163.0,3108.0,3134.3,31917600,3447.7,2820.9,3839.9,2896.0,3126.1,3,1,3126.0,1,1,3125.2,26,2,3125.1,21,1,3125.0,178,5,3126.3,21,2,3126.4,44,5,3126.6,25,4,3126.8,63,5,3126.9,475,5
2031,2026-06-16 11:42:42+05:30,3126.1,14,3130.46,1698320,127206.0,212088.0,3163.0,3163.0,3108.0,3134.3,31917600,3447.7,2820.9,3839.9,2896.0,3126.1,3,1,3126.0,1,1,3125.2,26,2,3125.1,21,1,3125.0,178,5,3126.3,21,2,3126.4,44,5,3126.6,25,4,3126.8,63,5,3126.9,475,5
2031,2026-06-16 11:42:43+05:30,3126.1,1,3130.46,1698336,127197.0,212020.0,3163.0,3163.0,3108.0,3134.3,31917600,3447.7,2820.9,3839.9,2896.0,3126.1,2,1,3126.0,1,1,3125.2,16,1,3125.1,223,3,3125.0,257,8,3126.2,8,2,3126.3,20,2,3126.4,18,3,3126.6,17,3,3126.8,18,3
2031,2026-06-16 11:42:43+05:30,3126.1,2,3130.46,1698336,127197.0,212020.0,3163.0,3163.0,3108.0,3134.3,31917600,3447.7,2820.9,3839.9,2896.0,3126.1,2,1,3126.0,1,1,3125.2,16,1,3125.1,223,3,3125.0,257,8,3126.2,8,2,3126.3,20,2,3126.4,18,3,3126.6,17,3,3126.8,18,3
2031,2026-06-16 11:42:44+05:30,3126.1,2,3130.46,1698338,127181.0,214122.0,3163.0,3163.0,3108.0,3134.3,31917600,3447.7,2820.9,3839.9,2896.0,3126.0,1,1,3125.2,27,2,3125.1,159,2,3125.0,311,8,3124.9,59,3,3126.2,8,2,3126.3,21,3,3126.4,10,2,3126.6,17,3,3126.7,19,1
2031,2026-06-16 11:42:45+05:30,3126.2,13,3130.46,1698359,127287.0,214174.0,3163.0,3163.0,3108.0,3134.3,31917600,3447.7,2820.9,3839.9,2896.0,3126.1,2,2,3126.0,18,3,3125.1,236,4,3125.0,247,7,3124.9,100,5,3126.2,42,2,3126.3,21,3,3126.4,10,2,3126.6,17,3,3126.8,11,2
2031,2026-06-16 11:42:45+05:30,3126.1,1,3130.46,1698359,127287.0,214174.0,3163.0,3163.0,3108.0,3134.3,31917600,3447.7,2820.9,3839.9,2896.0,3126.1,2,2,3126.0,18,3,3125.1,236,4,3125.0,247,7,3124.9,100,5,3126.2,42,2,3126.3,21,3,3126.4,10,2,3126.6,17,3,3126.8,11,2
2031,2026-06-16 11:42:46+05:30,3126.1,1,3130.46,1698359,127287.0,214174.0,3163.0,3163.0,3108.0,3134.3,31917600,3447.7,2820.9,3839.9,2896.0,3126.1,2,2,3126.0,18,3,3125.1,236,4,3125.0,247,7,3124.9,100,5,3126.2,42,2,3126.3,21,3,3126.4,10,2,3126.6,17,3,3126.8,11,2
2031,2026-06-16 11:42:46+05:30,3126.0,1,3130.46,1698539,127170.0,214427.0,3163.0,3163.0,3108.0,3134.3,31917600,3447.7,2820.9,3839.9,2896.0,3125.3,17,2,3125.2,14,1,3125.1,43,2,3125.0,230,7,3124.9,26,2,3126.0,66,2,3126.2,61,3,3126.6,9,1,3126.8,262,5,3126.9,536,4
2031,2026-06-16 11:42:46+05:30,3126.0,1,3130.46,1698539,127170.0,214427.0,3163.0,3163.0,3108.0,3134.3,31917600,3447.7,2820.9,3839.9,2896.0,3125.3,17,2,3125.2,14,1,3125.1,43,2,3125.0,230,7,3124.9,26,2,3126.0,66,2,3126.2,61,3,3126.6,9,1,3126.8,262,5,3126.9,536,4
2031,2026-06-16 11:42:47+05:30,3125.2,3,3130.46,1698559,126418.0,214723.0,3163.0,3163.0,3108.0,3134.3,31917600,3447.7,2820.9,3839.9,2896.0,3125.1,13,1,3125.0,228,6,3124.9,109,4,3124.8,290,5,3124.7,26,3,3125.6,72,2,3126.0,8,2,3126.2,60,2,3126.4,22,1,3126.6,29,2
2031,2026-06-16 11:42:47+05:30,3125.2,3,3130.46,1698559,126418.0,214723.0,3163.0,3163.0,3108.0,3134.3,31917600,3447.7,2820.9,3839.9,2896.0,3125.1,13,1,3125.0,228,6,3124.9,109,4,3124.8,290,5,3124.7,26,3,3125.6,72,2,3126.0,8,2,3126.2,60,2,3126.4,22,1,3126.6,29,2
2031,2026-06-16 11:42:48+05:30,3125.2,3,3130.46,1698559,126418.0,214723.0,3163.0,3163.0,3108.0,3134.3,31917600,3447.7,2820.9,3839.9,2896.0,3125.1,13,1,3125.0,228,6,3124.9,109,4,3124.8,290,5,3124.7,26,3,3125.6,72,2,3126.0,8,2,3126.2,60,2,3126.4,22,1,3126.6,29,2
2031,2026-06-16 11:42:48+05:30,3125.3,1,3130.46,1698586,126910.0,214491.0,3163.0,3163.0,3108.0,3134.3,31917600,3447.7,2820.9,3839.9,2896.0,3125.2,70,7,3125.1,57,5,3125.0,329,9,3124.9,28,3,3124.8,346,8,3125.6,51,2,3126.2,35,1,3126.4,22,1,3126.6,29,2,3126.8,102,4
2031,2026-06-16 11:42:48+05:30,3125.3,1,3130.46,1698586,126910.0,214491.0,3163.0,3163.0,3108.0,3134.3,31917600,3447.7,2820.9,3839.9,2896.0,3125.2,70,7,3125.1,57,5,3125.0,329,9,3124.9,28,3,3124.8,346,8,3125.6,51,2,3126.2,35,1,3126.4,22,1,3126.6,29,2,3126.8,102,4
2031,2026-06-16 11:42:49+05:30,3125.6,1,3130.46,1698593,127141.0,214563.0,3163.0,3163.0,3108.0,3134.3,31917600,3447.7,2820.9,3839.9,2896.0,3125.2,63,6,3125.1,57,5,3125.0,265,8,3124.9,92,4,3124.8,346,8,3125.6,72,3,3126.2,35,1,3126.4,22,1,3126.6,29,2,3126.8,102,4
2031,2026-06-16 11:42:49+05:30,3125.6,1,3130.46,1698593,127141.0,214563.0,3163.0,3163.0,3108.0,3134.3,31917600,3447.7,2820.9,3839.9,2896.0,3125.2,63,6,3125.1,57,5,3125.0,265,8,3124.9,92,4,3124.8,346,8,3125.6,72,3,3126.2,35,1,3126.4,22,1,3126.6,29,2,3126.8,102,4
2031,2026-06-16 11:42:50+05:30,3125.6,1,3130.46,1698593,127141.0,214563.0,3163.0,3163.0,3108.0,3134.3,31917600,3447.7,2820.9,3839.9,2896.0,3125.2,63,6,3125.1,57,5,3125.0,265,8,3124.9,92,4,3124.8,346,8,3125.6,72,3,3126.2,35,1,3126.4,22,1,3126.6,29,2,3126.8,102,4
2031,2026-06-16 11:42:50+05:30,3125.6,1,3130.46,1698593,127120.0,214888.0,3163.0,3163.0,3108.0,3134.3,31917600,3447.7,2820.9,3839.9,2896.0,3125.2,19,3,3125.1,70,5,3125.0,273,8,3124.9,113,5,3124.8,293,6,3125.5,50,2,3125.6,26,2,3126.2,35,1,3126.4,22,1,3126.6,29,2
2031,2026-06-16 11:42:51+05:30,3125.5,1,3130.46,1698594,127066.0,214876.0,3163.0,3163.0,3108.0,3134.3,31917600,3447.7,2820.9,3839.9,2896.0,3125.2,19,3,3125.1,70,5,3125.0,273,8,3124.9,49,4,3124.8,357,7,3125.5,51,3,3126.2,35,1,3126.4,22,1,3126.6,29,2,3126.8,102,4
2031,2026-06-16 11:42:51+05:30,3125.5,1,3130.46,1698594,127066.0,214876.0,3163.0,3163.0,3108.0,3134.3,31917600,3447.7,2820.9,3839.9,2896.0,3125.2,19,3,3125.1,70,5,3125.0,273,8,3124.9,49,4,3124.8,357,7,3125.5,51,3,3126.2,35,1,3126.4,22,1,3126.6,29,2,3126.8,102,4
2031,2026-06-16 11:42:51+05:30,3125.5,1,3130.46,1698594,127066.0,214876.0,3163.0,3163.0,3108.0,3134.3,31917600,3447.7,2820.9,3839.9,2896.0,3125.2,19,3,3125.1,70,5,3125.0,273,8,3124.9,49,4,3124.8,357,7,3125.5,51,3,3126.2,35,1,3126.4,22,1,3126.6,29,2,3126.8,102,4
2031,2026-06-16 11:42:52+05:30,3125.5,4,3130.46,1698599,127084.0,215076.0,3163.0,3163.0,3108.0,3134.3,31917600,3447.7,2820.9,3839.9,2896.0,3125.3,16,1,3125.2,36,4,3125.1,83,5,3125.0,244,7,3124.9,102,4,3125.5,101,5,3126.2,35,1,3126.4,22,1,3126.6,29,2,3126.8,102,4
2031,2026-06-16 11:42:52+05:30,3125.5,4,3130.46,1698599,127084.0,215076.0,3163.0,3163.0,3108.0,3134.3,31917600,3447.7,2820.9,3839.9,2896.0,3125.3,16,1,3125.2,36,4,3125.1,83,5,3125.0,244,7,3124.9,102,4,3125.5,101,5,3126.2,35,1,3126.4,22,1,3126.6,29,2,3126.8,102,4
2031,2026-06-16 11:42:53+05:30,3125.5,2,3130.46,1698764,127803.0,214835.0,3163.0,3163.0,3108.0,3134.3,31917600,3447.7,2820.9,3839.9,2896.0,3125.5,2,1,3125.4,31,2,3125.3,49,4,3125.2,35,4,3125.1,284,7,3126.2,35,1,3126.6,9,1,3126.8,72,3,3127.0,312,5,3127.1,669,4
2031,2026-06-16 11:42:53+05:30,3125.5,2,3130.46,1698764,127803.0,214835.0,3163.0,3163.0,3108.0,3134.3,31917600,3447.7,2820.9,3839.9,2896.0,3125.5,2,1,3125.4,31,2,3125.3,49,4,3125.2,35,4,3125.1,284,7,3126.2,35,1,3126.6,9,1,3126.8,72,3,3127.0,312,5,3127.1,669,4
2031,2026-06-16 11:42:53+05:30,3125.5,2,3130.46,1698764,127803.0,214835.0,3163.0,3163.0,3108.0,3134.3,31917600,3447.7,2820.9,3839.9,2896.0,3125.5,2,1,3125.4,31,2,3125.3,49,4,3125.2,35,4,3125.1,284,7,3126.2,35,1,3126.6,9,1,3126.8,72,3,3127.0,312,5,3127.1,669,4
2031,2026-06-16 11:42:54+05:30,3125.5,2,3130.46,1698764,127474.0,214951.0,3163.0,3163.0,3108.0,3134.3,31917600,3447.7,2820.9,3839.9,2896.0,3125.5,1,1,3125.3,13,2,3125.2,37,4,3125.1,42,3,3125.0,334,9,3126.1,18,1,3126.2,59,2,3126.6,9,1,3126.7,37,1,3126.8,141,6
2031,2026-06-16 11:42:55+05:30,3125.5,2,3130.46,1698764,127474.0,214951.0,3163.0,3163.0,3108.0,3134.3,31917600,3447.7,2820.9,3839.9,2896.0,3125.5,1,1,3125.3,13,2,3125.2,37,4,3125.1,42,3,3125.0,334,9,3126.1,18,1,3126.2,59,2,3126.6,9,1,3126.7,37,1,3126.8,141,6
2031,2026-06-16 11:42:55+05:30,3126.1,1,3130.46,1698764,127474.0,214951.0,3163.0,3163.0,3108.0,3134.3,31917600,3447.7,2820.9,3839.9,2896.0,3125.5,1,1,3125.3,13,2,3125.2,37,4,3125.1,42,3,3125.0,334,9,3126.1,18,1,3126.2,59,2,3126.6,9,1,3126.7,37,1,3126.8,141,6
2031,2026-06-16 11:42:55+05:30,3126.1,1,3130.46,1698765,127416.0,214814.0,3163.0,3163.0,3108.0,3134.3,31917600,3447.7,2820.9,3839.9,2896.0,3125.5,1,1,3125.3,1,1,3125.2,14,2,3125.1,58,4,3125.0,249,7,3126.1,25,2,3126.2,59,2,3126.6,38,2,3126.7,37,1,3126.8,91,4
2031,2026-06-16 11:42:56+05:30,3126.1,1,3130.46,1698765,127342.0,214517.0,3163.0,3163.0,3108.0,3134.3,31917600,3447.7,2820.9,3839.9,2896.0,3125.6,2,1,3125.5,1,1,3125.4,5,1,3125.3,70,5,3125.2,15,3,3126.1,34,2,3126.2,35,1,3126.6,9,1,3126.8,22,2,3126.9,29,1
2031,2026-06-16 11:42:56+05:30,3126.1,1,3130.46,1698765,127342.0,214517.0,3163.0,3163.0,3108.0,3134.3,31917600,3447.7,2820.9,3839.9,2896.0,3125.6,2,1,3125.5,1,1,3125.4,5,1,3125.3,70,5,3125.2,15,3,3126.1,34,2,3126.2,35,1,3126.6,9,1,3126.8,22,2,3126.9,29,1
2031,2026-06-16 11:42:57+05:30,3126.1,1,3130.46,1698766,127442.0,214609.0,3163.0,3163.0,3108.0,3134.3,31917600,3447.7,2820.9,3839.9,2896.0,3125.6,2,1,3125.5,1,1,3125.3,74,5,3125.2,41,4,3125.1,106,4,3126.1,105,6,3126.6,9,1,3126.7,29,1,3126.8,72,3,3127.0,131,5
2031,2026-06-16 11:42:57+05:30,3126.1,1,3130.46,1698766,127442.0,214609.0,3163.0,3163.0,3108.0,3134.3,31917600,3447.7,2820.9,3839.9,2896.0,3125.6,2,1,3125.5,1,1,3125.3,74,5,3125.2,41,4,3125.1,106,4,3126.1,105,6,3126.6,9,1,3126.7,29,1,3126.8,72,3,3127.0,131,5
2031,2026-06-16 11:42:57+05:30,3126.1,1,3130.46,1698766,127442.0,214609.0,3163.0,3163.0,3108.0,3134.3,31917600,3447.7,2820.9,3839.9,2896.0,3125.6,2,1,3125.5,1,1,3125.3,74,5,3125.2,41,4,3125.1,106,4,3126.1,105,6,3126.6,9,1,3126.7,29,1,3126.8,72,3,3127.0,131,5
2031,2026-06-16 11:42:58+05:30,3126.1,1,3130.46,1698766,127442.0,214609.0,3163.0,3163.0,3108.0,3134.3,31917600,3447.7,2820.9,3839.9,2896.0,3125.6,2,1,3125.5,1,1,3125.3,74,5,3125.2,41,4,3125.1,106,4,3126.1,105,6,3126.6,9,1,3126.7,29,1,3126.8,72,3,3127.0,131,5
2031,2026-06-16 11:42:58+05:30,3126.1,1,3130.46,1698766,127186.0,214335.0,3163.0,3163.0,3108.0,3134.3,31917600,3447.7,2820.9,3839.9,2896.0,3125.6,18,2,3125.5,1,1,3125.4,15,1,3125.3,301,2,3125.2,15,3,3126.1,113,7,3126.6,38,2,3126.7,200,1,3126.8,309,5,3126.9,29,1
2031,2026-06-16 11:42:58+05:30,3126.1,1,3130.46,1698766,127186.0,214335.0,3163.0,3163.0,3108.0,3134.3,31917600,3447.7,2820.9,3839.9,2896.0,3125.6,18,2,3125.5,1,1,3125.4,15,1,3125.3,301,2,3125.2,15,3,3126.1,113,7,3126.6,38,2,3126.7,200,1,3126.8,309,5,3126.9,29,1
2031,2026-06-16 11:42:59+05:30,3126.1,1,3130.46,1698766,127186.0,214335.0,3163.0,3163.0,3108.0,3134.3,31917600,3447.7,2820.9,3839.9,2896.0,3125.6,18,2,3125.5,1,1,3125.4,15,1,3125.3,301,2,3125.2,15,3,3126.1,113,7,3126.6,38,2,3126.7,200,1,3126.8,309,5,3126.9,29,1
2031,2026-06-16 11:42:59+05:30,3126.1,1,3130.46,1698783,127175.0,214535.0,3163.0,3163.0,3108.0,3134.3,31917600,3447.7,2820.9,3839.9,2896.0,3125.6,2,1,3125.4,15,1,3125.3,301,2,3125.2,47,4,3125.1,130,4,3126.1,96,6,3126.6,38,2,3126.8,109,4,3126.9,229,2,3127.0,657,8
2031,2026-06-16 11:42:59+05:30,3126.1,1,3130.46,1698783,127175.0,214535.0,3163.0,3163.0,3108.0,3134.3,31917600,3447.7,2820.9,3839.9,2896.0,3125.6,2,1,3125.4,15,1,3125.3,301,2,3125.2,47,4,3125.1,130,4,3126.1,96,6,3126.6,38,2,3126.8,109,4,3126.9,229,2,3127.0,657,8
2031,2026-06-16 11:43:00+05:30,3126.1,1,3130.46,1698783,127175.0,214535.0,3163.0,3163.0,3108.0,3134.3,31917600,3447.7,2820.9,3839.9,2896.0,3125.6,2,1,3125.4,15,1,3125.3,301,2,3125.2,47,4,3125.1,130,4,3126.1,96,6,3126.6,38,2,3126.8,109,4,3126.9,229,2,3127.0,657,8
2031,2026-06-16 11:43:00+05:30,3126.1,1,3130.46,1698783,127386.0,214496.0,3163.0,3163.0,3108.0,3134.3,31917600,3447.7,2820.9,3839.9,2896.0,3125.9,2,2,3125.6,21,4,3125.3,349,3,3125.2,15,3,3125.1,66,3,3126.0,2,1,3126.1,90,6,3126.6,9,1,3126.8,72,3,3126.9,250,3
2031,2026-06-16 11:43:01+05:30,3126.1,1,3130.46,1698783,127386.0,214496.0,3163.0,3163.0,3108.0,3134.3,31917600,3447.7,2820.9,3839.9,2896.0,3125.9,2,2,3125.6,21,4,3125.3,349,3,3125.2,15,3,3125.1,66,3,3126.0,2,1,3126.1,90,6,3126.6,9,1,3126.8,72,3,3126.9,250,3
2031,2026-06-16 11:43:01+05:30,3126.1,1,3130.46,1698783,127384.0,214481.0,3163.0,3163.0,3108.0,3134.3,31917600,3447.7,2820.9,3839.9,2896.0,3125.9,2,2,3125.8,2,1,3125.6,6,2,3125.5,11,1,3125.3,349,3,3126.0,2,1,3126.1,90,6,3126.6,9,1,3126.8,51,2,3126.9,229,2
2031,2026-06-16 11:43:01+05:30,3126.1,1,3130.46,1698783,127384.0,214481.0,3163.0,3163.0,3108.0,3134.3,31917600,3447.7,2820.9,3839.9,2896.0,3125.9,2,2,3125.8,2,1,3125.6,6,2,3125.5,11,1,3125.3,349,3,3126.0,2,1,3126.1,90,6,3126.6,9,1,3126.8,51,2,3126.9,229,2
2031,2026-06-16 11:43:02+05:30,3126.1,1,3130.46,1698783,127384.0,214481.0,3163.0,3163.0,3108.0,3134.3,31917600,3447.7,2820.9,3839.9,2896.0,3125.9,2,2,3125.8,2,1,3125.6,6,2,3125.5,11,1,3125.3,349,3,3126.0,2,1,3126.1,90,6,3126.6,9,1,3126.8,51,2,3126.9,229,2
2031,2026-06-16 11:43:02+05:30,3126.0,1,3130.46,1698785,127501.0,214484.0,3163.0,3163.0,3108.0,3134.3,31917600,3447.7,2820.9,3839.9,2896.0,3125.9,2,2,3125.8,2,1,3125.6,6,2,3125.5,11,1,3125.3,349,3,3126.1,90,6,3126.6,9,1,3126.8,51,2,3126.9,229,2,3127.0,657,8
2031,2026-06-16 11:43:02+05:30,3126.0,1,3130.46,1698785,127501.0,214484.0,3163.0,3163.0,3108.0,3134.3,31917600,3447.7,2820.9,3839.9,2896.0,3125.9,2,2,3125.8,2,1,3125.6,6,2,3125.5,11,1,3125.3,349,3,3126.1,90,6,3126.6,9,1,3126.8,51,2,3126.9,229,2,3127.0,657,8
2031,2026-06-16 11:43:03+05:30,3126.0,1,3130.46,1698785,127501.0,214484.0,3163.0,3163.0,3108.0,3134.3,31917600,3447.7,2820.9,3839.9,2896.0,3125.9,2,2,3125.8,2,1,3125.6,6,2,3125.5,11,1,3125.3,349,3,3126.1,90,6,3126.6,9,1,3126.8,51,2,3126.9,229,2,3127.0,657,8
2031,2026-06-16 11:43:03+05:30,3126.0,1,3130.46,1698785,127602.0,214537.0,3163.0,3163.0,3108.0,3134.3,31917600,3447.7,2820.9,3839.9,2896.0,3125.9,2,2,3125.6,38,4,3125.5,11,1,3125.3,349,3,3125.2,4,2,3126.1,96,7,3126.6,9,1,3126.8,251,3,3126.9,576,5,3127.0,131,5
2031,2026-06-16 11:43:03+05:30,3126.1,35,3130.46,1698785,127602.0,214537.0,3163.0,3163.0,3108.0,3134.3,31917600,3447.7,2820.9,3839.9,2896.0,3125.9,2,2,3125.6,38,4,3125.5,11,1,3125.3,349,3,3125.2,4,2,3126.1,96,7,3126.6,9,1,3126.8,251,3,3126.9,576,5,3127.0,131,5
2031,2026-06-16 11:43:04+05:30,3126.1,35,3130.46,1698785,127602.0,214537.0,3163.0,3163.0,3108.0,3134.3,31917600,3447.7,2820.9,3839.9,2896.0,3125.9,2,2,3125.6,38,4,3125.5,11,1,3125.3,349,3,3125.2,4,2,3126.1,96,7,3126.6,9,1,3126.8,251,3,3126.9,576,5,3127.0,131,5
2031,2026-06-16 11:43:04+05:30,3126.1,35,3130.46,1698916,128372.0,213748.0,3163.0,3163.0,3108.0,3134.3,31917600,3447.7,2820.9,3839.9,2896.0,3126.0,15,1,3125.9,2,2,3125.6,20,3,3125.5,11,1,3125.3,370,4,3126.7,34,3,3126.8,222,4,3126.9,547,4,3127.0,60,3,3127.1,79,2
2031,2026-06-16 11:43:05+05:30,3126.1,35,3130.46,1698916,128372.0,213748.0,3163.0,3163.0,3108.0,3134.3,31918800,3447.7,2820.9,3839.9,2896.0,3126.0,15,1,3125.9,2,2,3125.6,20,3,3125.5,11,1,3125.3,370,4,3126.7,34,3,3126.8,222,4,3126.9,547,4,3127.0,60,3,3127.1,79,2
2031,2026-06-16 11:43:05+05:30,3126.1,35,3130.46,1698916,128824.0,214184.0,3163.0,3163.0,3108.0,3134.3,31918800,3447.7,2820.9,3839.9,2896.0,3126.3,2,2,3126.1,15,1,3125.6,20,3,3125.5,74,2,3125.4,63,1,3126.7,34,3,3126.8,222,4,3126.9,555,4,3127.0,60,3,3127.1,102,3
2031,2026-06-16 11:43:06+05:30,3126.3,1,3130.46,1699135,127860.0,214520.0,3163.0,3163.0,3108.0,3134.3,31918800,3447.7,2820.9,3839.9,2896.0,3126.2,2,1,3126.1,3,1,3125.6,6,2,3125.5,11,1,3125.4,14,1,3126.3,2,1,3126.5,56,3,3126.6,8,1,3126.7,38,3,3126.8,548,6
2031,2026-06-16 11:43:06+05:30,3126.2,16,3130.46,1699135,127860.0,214520.0,3163.0,3163.0,3108.0,3134.3,31918800,3447.7,2820.9,3839.9,2896.0,3126.2,2,1,3126.1,3,1,3125.6,6,2,3125.5,11,1,3125.4,14,1,3126.3,2,1,3126.5,56,3,3126.6,8,1,3126.7,38,3,3126.8,548,6
2031,2026-06-16 11:43:07+05:30,3126.2,1,3130.46,1699157,127907.0,214487.0,3163.0,3163.0,3108.0,3134.3,31918800,3447.7,2820.9,3839.9,2896.0,3126.1,3,1,3125.6,21,3,3125.5,11,1,3125.4,14,1,3125.3,301,2,3126.2,7,1,3126.3,50,3,3126.5,8,1,3126.6,56,3,3126.7,238,4
2031,2026-06-16 11:43:07+05:30,3126.1,2,3130.46,1699157,127907.0,214487.0,3163.0,3163.0,3108.0,3134.3,31918800,3447.7,2820.9,3839.9,2896.0,3126.1,3,1,3125.6,21,3,3125.5,11,1,3125.4,14,1,3125.3,301,2,3126.2,7,1,3126.3,50,3,3126.5,8,1,3126.6,56,3,3126.7,238,4
2031,2026-06-16 11:43:08+05:30,3126.1,1,3130.46,1699160,128544.0,213841.0,3163.0,3163.0,3108.0,3134.3,31918800,3447.7,2820.9,3839.9,2896.0,3126.1,45,2,3125.6,26,3,3125.5,11,1,3125.4,78,2,3125.3,341,4,3126.2,7,1,3126.3,2,1,3126.5,8,1,3126.6,8,1,3126.7,38,3
2031,2026-06-16 11:43:08+05:30,3126.1,1,3130.46,1699160,128544.0,213841.0,3163.0,3163.0,3108.0,3134.3,31918800,3447.7,2820.9,3839.9,2896.0,3126.1,45,2,3125.6,26,3,3125.5,11,1,3125.4,78,2,3125.3,341,4,3126.2,7,1,3126.3,2,1,3126.5,8,1,3126.6,8,1,3126.7,38,3
2031,2026-06-16 11:43:09+05:30,3126.1,1,3130.46,1699162,128489.0,213359.0,3163.0,3163.0,3108.0,3134.3,31918800,3447.7,2820.9,3839.9,2896.0,3126.1,65,4,3125.7,15,1,3125.6,25,3,3125.5,328,6,3125.4,84,2,3126.2,10,2,3126.7,28,2,3126.8,9,1,3126.9,6,1,3127.0,41,2
2031,2026-06-16 11:43:10+05:30,3126.2,4,3130.46,1699172,128955.0,213515.0,3163.0,3163.0,3108.0,3134.3,31918800,3447.7,2820.9,3839.9,2896.0,3126.2,12,1,3126.1,48,3,3125.7,15,1,3125.6,87,3,3125.5,98,4,3126.7,18,1,3126.9,34,2,3127.0,41,2,3127.2,297,4,3127.3,586,5
2031,2026-06-16 11:43:10+05:30,3126.2,4,3130.46,1699172,128955.0,213515.0,3163.0,3163.0,3108.0,3134.3,31918800,3447.7,2820.9,3839.9,2896.0,3126.2,12,1,3126.1,48,3,3125.7,15,1,3125.6,87,3,3125.5,98,4,3126.7,18,1,3126.9,34,2,3127.0,41,2,3127.2,297,4,3127.3,586,5
2031,2026-06-16 11:43:11+05:30,3126.3,42,3130.46,1699214,129048.0,213207.0,3163.0,3163.0,3108.0,3134.3,31918800,3447.7,2820.9,3839.9,2896.0,3126.3,17,1,3126.1,61,4,3125.6,73,2,3125.5,79,3,3125.4,164,1,3126.6,1,1,3126.7,31,3,3126.8,28,1,3126.9,6,1,3127.0,41,2
2031,2026-06-16 11:43:11+05:30,3126.3,4,3130.46,1699214,129048.0,213207.0,3163.0,3163.0,3108.0,3134.3,31918800,3447.7,2820.9,3839.9,2896.0,3126.3,17,1,3126.1,61,4,3125.6,73,2,3125.5,79,3,3125.4,164,1,3126.6,1,1,3126.7,31,3,3126.8,28,1,3126.9,6,1,3127.0,41,2
2031,2026-06-16 11:43:12+05:30,3126.1,1,3130.46,1699377,128741.0,213978.0,3163.0,3163.0,3108.0,3134.3,31918800,3447.7,2820.9,3839.9,2896.0,3126.1,47,3,3126.0,11,1,3125.6,45,3,3125.5,48,1,3125.3,439,6,3126.2,83,1,3126.7,31,3,3126.9,34,2,3127.0,49,3,3127.1,49,3
2031,2026-06-16 11:43:12+05:30,3126.1,18,3130.46,1699377,128741.0,213978.0,3163.0,3163.0,3108.0,3134.3,31918800,3447.7,2820.9,3839.9,2896.0,3126.1,47,3,3126.0,11,1,3125.6,45,3,3125.5,48,1,3125.3,439,6,3126.2,83,1,3126.7,31,3,3126.9,34,2,3127.0,49,3,3127.1,49,3
2031,2026-06-16 11:43:13+05:30,3126.1,18,3130.46,1699396,128525.0,214036.0,3163.0,3163.0,3108.0,3134.3,31918800,3447.7,2820.9,3839.9,2896.0,3126.1,63,6,3126.0,11,1,3125.6,30,2,3125.5,76,2,3125.3,450,7,3126.2,92,3,3126.7,18,1,3126.9,6,1,3127.0,49,3,3127.1,31,2
2031,2026-06-16 11:43:13+05:30,3126.1,2,3130.46,1699396,128525.0,214036.0,3163.0,3163.0,3108.0,3134.3,31918800,3447.7,2820.9,3839.9,2896.0,3126.1,63,6,3126.0,11,1,3125.6,30,2,3125.5,76,2,3125.3,450,7,3126.2,92,3,3126.7,18,1,3126.9,6,1,3127.0,49,3,3127.1,31,2
2031,2026-06-16 11:43:14+05:30,3126.2,8,3130.46,1699406,128434.0,214038.0,3163.0,3163.0,3108.0,3134.3,31918800,3447.7,2820.9,3839.9,2896.0,3126.1,60,7,3126.0,11,1,3125.9,11,1,3125.6,20,1,3125.5,48,1,3126.2,96,4,3126.7,18,1,3126.9,33,2,3127.0,49,3,3127.1,28,2
2031,2026-06-16 11:43:14+05:30,3126.1,2,3130.46,1699406,128434.0,214038.0,3163.0,3163.0,3108.0,3134.3,31918800,3447.7,2820.9,3839.9,2896.0,3126.1,60,7,3126.0,11,1,3125.9,11,1,3125.6,20,1,3125.5,48,1,3126.2,96,4,3126.7,18,1,3126.9,33,2,3127.0,49,3,3127.1,28,2
2031,2026-06-16 11:43:15+05:30,3126.2,12,3130.46,1699504,128827.0,213505.0,3163.0,3163.0,3108.0,3134.3,31918800,3447.7,2820.9,3839.9,2896.0,3126.2,16,1,3126.1,28,6,3126.0,27,2,3125.9,11,1,3125.5,48,1,3126.7,18,1,3126.9,6,1,3127.0,49,3,3127.1,55,3,3127.2,269,3
2031,2026-06-16 11:43:15+05:30,3126.2,12,3130.46,1699504,128827.0,213505.0,3163.0,3163.0,3108.0,3134.3,31918800,3447.7,2820.9,3839.9,2896.0,3126.2,16,1,3126.1,28,6,3126.0,27,2,3125.9,11,1,3125.5,48,1,3126.7,18,1,3126.9,6,1,3127.0,49,3,3127.1,55,3,3127.2,269,3
2031,2026-06-16 11:43:16+05:30,3126.5,29,3130.46,1699546,128882.0,213282.0,3163.0,3163.0,3108.0,3134.3,31918800,3447.7,2820.9,3839.9,2896.0,3126.5,3,2,3126.4,3,1,3126.1,55,7,3126.0,11,1,3125.9,11,1,3126.6,10,1,3126.7,18,1,3126.9,6,1,3127.0,49,3,3127.1,28,2
2031,2026-06-16 11:43:16+05:30,3126.5,3,3130.46,1699546,128882.0,213282.0,3163.0,3163.0,3108.0,3134.3,31918800,3447.7,2820.9,3839.9,2896.0,3126.5,3,2,3126.4,3,1,3126.1,55,7,3126.0,11,1,3125.9,11,1,3126.6,10,1,3126.7,18,1,3126.9,6,1,3127.0,49,3,3127.1,28,2
2031,2026-06-16 11:43:17+05:30,3126.5,3,3130.46,1699551,128799.0,213541.0,3163.0,3163.0,3108.0,3134.3,31918800,3447.7,2820.9,3839.9,2896.0,3126.5,2,1,3126.4,3,1,3126.1,55,7,3126.0,11,1,3125.9,11,1,3126.6,10,1,3126.7,18,1,3126.9,6,1,3127.0,62,4,3127.1,10,1
2031,2026-06-16 11:43:17+05:30,3126.1,3,3130.46,1699551,128799.0,213541.0,3163.0,3163.0,3108.0,3134.3,31918800,3447.7,2820.9,3839.9,2896.0,3126.5,2,1,3126.4,3,1,3126.1,55,7,3126.0,11,1,3125.9,11,1,3126.6,10,1,3126.7,18,1,3126.9,6,1,3127.0,62,4,3127.1,10,1
2031,2026-06-16 11:43:18+05:30,3126.7,1,3130.46,1699618,128913.0,213828.0,3163.0,3163.0,3108.0,3134.3,31918800,3447.7,2820.9,3839.9,2896.0,3126.5,10,1,3126.1,18,4,3126.0,26,2,3125.9,11,1,3125.7,25,1,3126.7,17,1,3126.9,6,1,3127.0,62,4,3127.1,10,1,3127.2,248,2
2031,2026-06-16 11:43:18+05:30,3126.7,1,3130.46,1699618,128913.0,213828.0,3163.0,3163.0,3108.0,3134.3,31918800,3447.7,2820.9,3839.9,2896.0,3126.5,10,1,3126.1,18,4,3126.0,26,2,3125.9,11,1,3125.7,25,1,3126.7,17,1,3126.9,6,1,3127.0,62,4,3127.1,10,1,3127.2,248,2
2031,2026-06-16 11:43:19+05:30,3126.7,1,3130.46,1699626,128884.0,213842.0,3163.0,3163.0,3108.0,3134.3,31918800,3447.7,2820.9,3839.9,2896.0,3126.5,5,1,3126.1,18,4,3126.0,26,2,3125.9,11,1,3125.7,25,1,3126.7,17,2,3126.9,33,2,3127.0,62,4,3127.1,28,2,3127.2,275,3
2031,2026-06-16 11:43:19+05:30,3126.7,1,3130.46,1699626,128884.0,213842.0,3163.0,3163.0,3108.0,3134.3,31918800,3447.7,2820.9,3839.9,2896.0,3126.5,5,1,3126.1,18,4,3126.0,26,2,3125.9,11,1,3125.7,25,1,3126.7,17,2,3126.9,33,2,3127.0,62,4,3127.1,28,2,3127.2,275,3
2031,2026-06-16 11:43:20+05:30,3126.4,6,3130.46,1699847,127885.0,214105.0,3163.0,3163.0,3108.0,3134.3,31918800,3447.7,2820.9,3839.9,2896.0,3126.4,15,1,3126.1,4,3,3126.0,12,2,3125.9,11,1,3125.7,25,1,3126.7,35,4,3126.8,27,1,3126.9,32,4,3127.0,62,4,3127.1,259,4
2031,2026-06-16 11:43:20+05:30,3126.4,6,3130.46,1699847,127885.0,214105.0,3163.0,3163.0,3108.0,3134.3,31918800,3447.7,2820.9,3839.9,2896.0,3126.4,15,1,3126.1,4,3,3126.0,12,2,3125.9,11,1,3125.7,25,1,3126.7,35,4,3126.8,27,1,3126.9,32,4,3127.0,62,4,3127.1,259,4
2031,2026-06-16 11:43:21+05:30,3125.9,24,3130.46,1700121,126914.0,215040.0,3163.0,3163.0,3108.0,3134.3,31918800,3447.7,2820.9,3839.9,2896.0,3125.9,11,1,3125.7,25,1,3125.3,301,2,3125.2,3,1,3125.0,186,4,3126.0,189,3,3126.1,27,1,3126.2,14,1,3126.3,15,3,3126.4,26,2
2031,2026-06-16 11:43:21+05:30,3126.0,1,3130.46,1700121,126914.0,215040.0,3163.0,3163.0,3108.0,3134.3,31918800,3447.7,2820.9,3839.9,2896.0,3125.9,11,1,3125.7,25,1,3125.3,301,2,3125.2,3,1,3125.0,186,4,3126.0,189,3,3126.1,27,1,3126.2,14,1,3126.3,15,3,3126.4,26,2
2031,2026-06-16 11:43:22+05:30,3125.3,52,3130.46,1700404,127047.0,213014.0,3163.0,3163.0,3108.0,3134.3,31918800,3447.7,2820.9,3839.9,2896.0,3125.3,85,2,3125.2,3,1,3125.0,186,4,3124.8,276,5,3124.7,15,1,3125.6,170,1,3126.0,39,3,3126.3,8,1,3126.4,76,3,3126.5,61,3
2031,2026-06-16 11:43:22+05:30,3125.3,52,3130.46,1700404,127047.0,213014.0,3163.0,3163.0,3108.0,3134.3,31918800,3447.7,2820.9,3839.9,2896.0,3125.3,85,2,3125.2,3,1,3125.0,186,4,3124.8,276,5,3124.7,15,1,3125.6,170,1,3126.0,39,3,3126.3,8,1,3126.4,76,3,3126.5,61,3
2031,2026-06-16 11:43:23+05:30,3125.4,1,3130.46,1700414,126567.0,215051.0,3163.0,3163.0,3108.0,3134.3,31918800,3447.7,2820.9,3839.9,2896.0,3125.3,76,2,3125.2,3,1,3125.0,186,4,3124.8,244,3,3124.7,15,1,3125.4,169,1,3125.6,26,1,3125.9,26,1,3126.0,80,4,3126.3,8,1
2031,2026-06-16 11:43:23+05:30,3125.3,1,3130.46,1700414,126567.0,215051.0,3163.0,3163.0,3108.0,3134.3,31918800,3447.7,2820.9,3839.9,2896.0,3125.3,76,2,3125.2,3,1,3125.0,186,4,3124.8,244,3,3124.7,15,1,3125.4,169,1,3125.6,26,1,3125.9,26,1,3126.0,80,4,3126.3,8,1
2031,2026-06-16 11:43:24+05:30,3125.3,1,3130.46,1700485,126873.0,214864.0,3163.0,3163.0,3108.0,3134.3,31918800,3447.7,2820.9,3839.9,2896.0,3125.3,74,2,3125.2,9,2,3125.0,263,7,3124.8,326,5,3124.7,36,2,3125.4,100,1,3125.9,26,1,3126.0,59,3,3126.3,15,2,3126.4,38,3
2031,2026-06-16 11:43:24+05:30,3125.3,8,3130.46,1700485,126873.0,214864.0,3163.0,3163.0,3108.0,3134.3,31918800,3447.7,2820.9,3839.9,2896.0,3125.3,74,2,3125.2,9,2,3125.0,263,7,3124.8,326,5,3124.7,36,2,3125.4,100,1,3125.9,26,1,3126.0,59,3,3126.3,15,2,3126.4,38,3
2031,2026-06-16 11:43:25+05:30,3125.3,8,3130.46,1700493,126876.0,215139.0,3163.0,3163.0,3108.0,3134.3,31918800,3447.7,2820.9,3839.9,2896.0,3125.3,82,3,3125.2,3,1,3125.0,245,6,3124.8,244,3,3124.7,54,3,3125.4,126,2,3125.9,26,1,3126.0,59,3,3126.3,15,2,3126.4,38,3
2031,2026-06-16 11:43:25+05:30,3125.3,1,3130.46,1700493,126876.0,215139.0,3163.0,3163.0,3108.0,3134.3,31918800,3447.7,2820.9,3839.9,2896.0,3125.3,82,3,3125.2,3,1,3125.0,245,6,3124.8,244,3,3124.7,54,3,3125.4,126,2,3125.9,26,1,3126.0,59,3,3126.3,15,2,3126.4,38,3
2031,2026-06-16 11:43:26+05:30,3125.3,47,3130.46,1700640,127088.0,214040.0,3163.0,3163.0,3108.0,3134.3,31918800,3447.7,2820.9,3839.9,2896.0,3125.3,56,2,3125.2,3,1,3125.0,279,7,3124.8,283,5,3124.7,117,4,3125.4,26,1,3125.9,26,1,3126.0,59,3,3126.3,15,2,3126.4,38,3
2031,2026-06-16 11:43:26+05:30,3125.3,16,3130.46,1700640,127088.0,214040.0,3163.0,3163.0,3108.0,3134.3,31918800,3447.7,2820.9,3839.9,2896.0,3125.3,56,2,3125.2,3,1,3125.0,279,7,3124.8,283,5,3124.7,117,4,3125.4,26,1,3125.9,26,1,3126.0,59,3,3126.3,15,2,3126.4,38,3
2031,2026-06-16 11:43:27+05:30,3125.2,22,3130.46,1700774,126712.0,214190.0,3163.0,3163.0,3108.0,3134.3,31918800,3447.7,2820.9,3839.9,2896.0,3125.0,186,4,3124.8,223,3,3124.7,33,2,3124.5,113,5,3124.4,133,4,3125.2,82,1,3125.4,26,1,3125.9,26,1,3126.0,59,3,3126.2,30,2
2031,2026-06-16 11:43:27+05:30,3125.2,22,3130.46,1700774,126712.0,214190.0,3163.0,3163.0,3108.0,3134.3,31918800,3447.7,2820.9,3839.9,2896.0,3125.0,186,4,3124.8,223,3,3124.7,33,2,3124.5,113,5,3124.4,133,4,3125.2,82,1,3125.4,26,1,3125.9,26,1,3126.0,59,3,3126.2,30,2
2031,2026-06-16 11:43:28+05:30,3125.1,1,3130.46,1700858,126680.0,214152.0,3163.0,3163.0,3108.0,3134.3,31918800,3447.7,2820.9,3839.9,2896.0,3125.0,104,4,3124.8,223,3,3124.7,33,2,3124.5,113,5,3124.4,154,5,3125.1,13,1,3125.2,26,1,3125.9,26,1,3126.0,59,3,3126.2,30,2
2031,2026-06-16 11:43:28+05:30,3125.0,9,3130.46,1700858,126680.0,214152.0,3163.0,3163.0,3108.0,3134.3,31918800,3447.7,2820.9,3839.9,2896.0,3125.0,104,4,3124.8,223,3,3124.7,33,2,3124.5,113,5,3124.4,154,5,3125.1,13,1,3125.2,26,1,3125.9,26,1,3126.0,59,3,3126.2,30,2
2031,2026-06-16 11:43:29+05:30,3125.1,7,3130.46,1700887,126649.0,213956.0,3163.0,3163.0,3108.0,3134.3,31918800,3447.7,2820.9,3839.9,2896.0,3125.0,112,5,3124.8,223,3,3124.7,45,2,3124.6,27,1,3124.5,86,4,3125.1,16,1,3125.2,26,1,3125.9,26,1,3126.0,59,3,3126.2,66,3
2031,2026-06-16 11:43:29+05:30,3125.0,3,3130.46,1700887,126649.0,213956.0,3163.0,3163.0,3108.0,3134.3,31918800,3447.7,2820.9,3839.9,2896.0,3125.0,112,5,3124.8,223,3,3124.7,45,2,3124.6,27,1,3124.5,86,4,3125.1,16,1,3125.2,26,1,3125.9,26,1,3126.0,59,3,3126.2,66,3
2031,2026-06-16 11:43:30+05:30,3125.1,26,3130.46,1701030,126980.0,213501.0,3163.0,3163.0,3108.0,3134.3,31918800,3447.7,2820.9,3839.9,2896.0,3125.1,38,4,3125.0,182,9,3124.9,85,2,3124.8,371,8,3124.7,15,1,3126.0,35,1,3126.4,200,1,3126.5,5,1,3126.6,68,2,3126.7,16,1
2031,2026-06-16 11:43:30+05:30,3125.1,26,3130.46,1701030,126980.0,213501.0,3163.0,3163.0,3108.0,3134.3,31918800,3447.7,2820.9,3839.9,2896.0,3125.1,38,4,3125.0,182,9,3124.9,85,2,3124.8,371,8,3124.7,15,1,3126.0,35,1,3126.4,200,1,3126.5,5,1,3126.6,68,2,3126.7,16,1
2031,2026-06-16 11:43:31+05:30,3125.0,1,3130.46,1701076,126801.0,213898.0,3163.0,3163.0,3108.0,3134.3,31918800,3447.7,2820.9,3839.9,2896.0,3125.0,133,7,3124.9,27,1,3124.8,279,5,3124.7,58,3,3124.6,69,3,3125.9,59,2,3126.0,35,1,3126.4,39,1,3126.5,13,3,3126.6,68,2
2031,2026-06-16 11:43:31+05:30,3125.0,6,3130.46,1701076,126801.0,213898.0,3163.0,3163.0,3108.0,3134.3,31918800,3447.7,2820.9,3839.9,2896.0,3125.0,133,7,3124.9,27,1,3124.8,279,5,3124.7,58,3,3124.6,69,3,3125.9,59,2,3126.0,35,1,3126.4,39,1,3126.5,13,3,3126.6,68,2
2031,2026-06-16 11:43:32+05:30,3125.0,6,3130.46,1701103,127235.0,214064.0,3163.0,3163.0,3108.0,3134.3,31918800,3447.7,2820.9,3839.9,2896.0,3125.1,17,1,3125.0,101,6,3124.9,27,1,3124.8,244,3,3124.7,20,1,3125.9,69,2,3126.0,35,1,3126.3,8,1,3126.4,87,2,3126.5,34,4
2031,2026-06-16 11:43:33+05:30,3125.1,1,3130.46,1701104,127269.0,214054.0,3163.0,3163.0,3108.0,3134.3,31918800,3447.7,2820.9,3839.9,2896.0,3125.1,16,1,3125.0,115,6,3124.9,44,2,3124.8,264,4,3124.7,41,2,3125.8,2,1,3125.9,121,4,3126.3,8,1,3126.5,13,3,3126.6,77,3
2031,2026-06-16 11:43:33+05:30,3125.1,1,3130.46,1701104,127269.0,214054.0,3163.0,3163.0,3108.0,3134.3,31918800,3447.7,2820.9,3839.9,2896.0,3125.1,16,1,3125.0,115,6,3124.9,44,2,3124.8,264,4,3124.7,41,2,3125.8,2,1,3125.9,121,4,3126.3,8,1,3126.5,13,3,3126.6,77,3
2031,2026-06-16 11:43:34+05:30,3125.8,1,3130.46,1701105,127912.0,214102.0,3163.0,3163.0,3108.0,3134.3,31918800,3447.7,2820.9,3839.9,2896.0,3125.3,16,1,3125.1,18,2,3125.0,171,9,3124.8,346,6,3124.7,20,1,3125.8,1,1,3125.9,121,4,3126.3,8,1,3126.5,13,3,3126.6,77,3
2031,2026-06-16 11:43:34+05:30,3125.8,1,3130.46,1701105,127912.0,214102.0,3163.0,3163.0,3108.0,3134.3,31918800,3447.7,2820.9,3839.9,2896.0,3125.3,16,1,3125.1,18,2,3125.0,171,9,3124.8,346,6,3124.7,20,1,3125.8,1,1,3125.9,121,4,3126.3,8,1,3126.5,13,3,3126.6,77,3
2031,2026-06-16 11:43:35+05:30,3125.0,44,3130.45,1702334,124519.0,214816.0,3163.0,3163.0,3108.0,3134.3,31918800,3447.7,2820.9,3839.9,2896.0,3124.0,1056,4,3123.9,34,2,3123.8,20,2,3123.7,20,1,3123.5,83,3,3124.8,401,3,3125.0,201,2,3125.1,252,5,3125.2,41,2,3125.3,8,1
2031,2026-06-16 11:43:35+05:30,3125.0,44,3130.45,1702334,124519.0,214816.0,3163.0,3163.0,3108.0,3134.3,31918800,3447.7,2820.9,3839.9,2896.0,3124.0,1056,4,3123.9,34,2,3123.8,20,2,3123.7,20,1,3123.5,83,3,3124.8,401,3,3125.0,201,2,3125.1,252,5,3125.2,41,2,3125.3,8,1
2031,2026-06-16 11:43:36+05:30,3124.3,135,3130.45,1702669,124910.0,215946.0,3163.0,3163.0,3108.0,3134.3,31918800,3447.7,2820.9,3839.9,2896.0,3124.0,1124,10,3123.9,56,4,3123.8,110,4,3123.7,47,2,3123.6,61,2,3124.4,200,1,3125.0,201,2,3125.1,200,1,3125.4,41,3,3125.5,534,4
2031,2026-06-16 11:43:36+05:30,3124.0,46,3130.45,1702669,124910.0,215946.0,3163.0,3163.0,3108.0,3134.3,31918800,3447.7,2820.9,3839.9,2896.0,3124.0,1124,10,3123.9,56,4,3123.8,110,4,3123.7,47,2,3123.6,61,2,3124.4,200,1,3125.0,201,2,3125.1,200,1,3125.4,41,3,3125.5,534,4
2031,2026-06-16 11:43:37+05:30,3124.1,41,3130.45,1702956,124519.0,215028.0,3163.0,3163.0,3108.0,3134.3,31918800,3447.7,2820.9,3839.9,2896.0,3124.0,894,9,3123.9,48,3,3123.8,175,7,3123.7,41,3,3123.6,61,2,3124.4,26,1,3125.0,201,2,3125.1,200,1,3125.4,77,3,3125.5,8,1
2031,2026-06-16 11:43:37+05:30,3124.1,41,3130.45,1702956,124519.0,215028.0,3163.0,3163.0,3108.0,3134.3,31918800,3447.7,2820.9,3839.9,2896.0,3124.0,894,9,3123.9,48,3,3123.8,175,7,3123.7,41,3,3123.6,61,2,3124.4,26,1,3125.0,201,2,3125.1,200,1,3125.4,77,3,3125.5,8,1
2031,2026-06-16 11:43:38+05:30,3124.1,2,3130.45,1702983,124498.0,214786.0,3163.0,3163.0,3108.0,3134.3,31918800,3447.7,2820.9,3839.9,2896.0,3124.1,31,6,3124.0,840,7,3123.9,118,4,3123.8,111,6,3123.7,26,3,3124.3,2,1,3124.4,27,2,3125.0,200,1,3125.1,200,1,3125.4,68,2
2031,2026-06-16 11:43:38+05:30,3124.1,2,3130.45,1702983,124498.0,214786.0,3163.0,3163.0,3108.0,3134.3,31918800,3447.7,2820.9,3839.9,2896.0,3124.1,31,6,3124.0,840,7,3123.9,118,4,3123.8,111,6,3123.7,26,3,3124.3,2,1,3124.4,27,2,3125.0,200,1,3125.1,200,1,3125.4,68,2
2031,2026-06-16 11:43:39+05:30,3124.2,1,3130.45,1702986,124694.0,215000.0,3163.0,3163.0,3108.0,3134.3,31918800,3447.7,2820.9,3839.9,2896.0,3124.1,83,2,3124.0,829,6,3123.9,147,5,3123.8,63,4,3123.7,54,4,3124.2,2,1,3124.4,27,2,3125.0,200,1,3125.1,200,1,3125.4,68,2
2031,2026-06-16 11:43:39+05:30,3124.2,1,3130.45,1702986,124694.0,215000.0,3163.0,3163.0,3108.0,3134.3,31918800,3447.7,2820.9,3839.9,2896.0,3124.1,83,2,3124.0,829,6,3123.9,147,5,3123.8,63,4,3123.7,54,4,3124.2,2,1,3124.4,27,2,3125.0,200,1,3125.1,200,1,3125.4,68,2
2031,2026-06-16 11:43:40+05:30,3126.4,59,3130.44,1705495,126239.0,211443.0,3163.0,3163.0,3108.0,3134.3,31918800,3447.7,2820.9,3839.9,2896.0,3124.3,49,4,3124.2,231,4,3124.1,218,7,3124.0,947,10,3123.9,88,3,3125.7,78,4,3125.8,5,1,3126.0,17,2,3126.1,255,5,3126.2,18,2
2031,2026-06-16 11:43:40+05:30,3126.4,59,3130.44,1705495,126239.0,211443.0,3163.0,3163.0,3108.0,3134.3,31918800,3447.7,2820.9,3839.9,2896.0,3124.3,49,4,3124.2,231,4,3124.1,218,7,3124.0,947,10,3123.9,88,3,3125.7,78,4,3125.8,5,1,3126.0,17,2,3126.1,255,5,3126.2,18,2
2031,2026-06-16 11:43:41+05:30,3124.3,45,3130.44,1706019,125962.0,213576.0,3163.0,3163.0,3108.0,3134.3,31918800,3447.7,2820.9,3839.9,2896.0,3124.3,146,5,3124.2,29,1,3124.1,76,3,3124.0,712,9,3123.9,137,5,3125.3,166,1,3125.4,10,1,3125.5,14,2,3125.6,3,1,3125.9,2,1
2031,2026-06-16 11:43:41+05:30,3124.3,45,3130.44,1706019,125962.0,213576.0,3163.0,3163.0,3108.0,3134.3,31918800,3447.7,2820.9,3839.9,2896.0,3124.3,146,5,3124.2,29,1,3124.1,76,3,3124.0,712,9,3123.9,137,5,3125.3,166,1,3125.4,10,1,3125.5,14,2,3125.6,3,1,3125.9,2,1
2031,2026-06-16 11:43:42+05:30,3124.0,2,3130.44,1706328,125739.0,213954.0,3163.0,3163.0,3108.0,3134.3,31918800,3447.7,2820.9,3839.9,2896.0,3124.3,7,1,3124.0,650,8,3123.9,93,4,3123.8,91,3,3123.7,54,3,3125.2,98,3,3125.3,48,1,3125.4,10,1,3125.6,26,3,3125.7,2,1
2031,2026-06-16 11:43:42+05:30,3124.0,20,3130.44,1706328,125739.0,213954.0,3163.0,3163.0,3108.0,3134.3,31918800,3447.7,2820.9,3839.9,2896.0,3124.3,7,1,3124.0,650,8,3123.9,93,4,3123.8,91,3,3123.7,54,3,3125.2,98,3,3125.3,48,1,3125.4,10,1,3125.6,26,3,3125.7,2,1
2031,2026-06-16 11:43:43+05:30,3124.0,20,3130.44,1706420,125432.0,214453.0,3163.0,3163.0,3108.0,3134.3,31918800,3447.7,2820.9,3839.9,2896.0,3124.3,44,1,3124.1,45,2,3124.0,649,9,3123.9,124,4,3123.8,158,5,3125.0,21,1,3125.1,18,1,3125.2,56,3,3125.4,10,1,3125.5,21,1
2031,2026-06-16 11:43:44+05:30,3124.1,12,3130.44,1706488,125400.0,214311.0,3163.0,3163.0,3108.0,3134.3,31918800,3447.7,2820.9,3839.9,2896.0,3124.0,595,7,3123.9,41,2,3123.8,223,7,3123.7,122,4,3123.6,94,3,3124.9,26,2,3125.0,24,2,3125.1,18,1,3125.2,56,3,3125.4,10,1
2031,2026-06-16 11:43:44+05:30,3124.0,8,3130.44,1706488,125400.0,214311.0,3163.0,3163.0,3108.0,3134.3,31918800,3447.7,2820.9,3839.9,2896.0,3124.0,595,7,3123.9,41,2,3123.8,223,7,3123.7,122,4,3123.6,94,3,3124.9,26,2,3125.0,24,2,3125.1,18,1,3125.2,56,3,3125.4,10,1
2031,2026-06-16 11:43:45+05:30,3124.5,2,3130.44,1706511,125037.0,214471.0,3163.0,3163.0,3108.0,3134.3,31918800,3447.7,2820.9,3839.9,2896.0,3124.0,609,11,3123.9,54,3,3123.8,138,4,3123.7,21,1,3123.6,127,4,3124.7,15,1,3124.8,17,1,3124.9,16,1,3125.0,24,2,3125.1,18,1
2031,2026-06-16 11:43:45+05:30,3124.5,2,3130.44,1706511,125037.0,214471.0,3163.0,3163.0,3108.0,3134.3,31918800,3447.7,2820.9,3839.9,2896.0,3124.0,609,11,3123.9,54,3,3123.8,138,4,3123.7,21,1,3123.6,127,4,3124.7,15,1,3124.8,17,1,3124.9,16,1,3125.0,24,2,3125.1,18,1
2031,2026-06-16 11:43:46+05:30,3124.5,2,3130.44,1706511,125011.0,214664.0,3163.0,3163.0,3108.0,3134.3,31918800,3447.7,2820.9,3839.9,2896.0,3124.0,579,8,3123.9,37,2,3123.8,71,3,3123.7,47,2,3123.6,172,4,3124.6,18,2,3124.7,15,1,3124.8,17,1,3124.9,16,1,3125.0,24,2
2031,2026-06-16 11:43:46+05:30,3124.5,2,3130.44,1706511,125011.0,214664.0,3163.0,3163.0,3108.0,3134.3,31918800,3447.7,2820.9,3839.9,2896.0,3124.0,579,8,3123.9,37,2,3123.8,71,3,3123.7,47,2,3123.6,172,4,3124.6,18,2,3124.7,15,1,3124.8,17,1,3124.9,16,1,3125.0,24,2
2031,2026-06-16 11:43:47+05:30,3124.0,46,3130.44,1706557,124909.0,214655.0,3163.0,3163.0,3108.0,3134.3,31918800,3447.7,2820.9,3839.9,2896.0,3124.0,533,8,3123.9,37,2,3123.8,25,2,3123.7,95,3,3123.6,108,3,3124.6,21,3,3124.7,15,1,3124.8,17,1,3124.9,16,1,3125.0,21,1
2031,2026-06-16 11:43:47+05:30,3124.0,5,3130.44,1706557,124909.0,214655.0,3163.0,3163.0,3108.0,3134.3,31918800,3447.7,2820.9,3839.9,2896.0,3124.0,533,8,3123.9,37,2,3123.8,25,2,3123.7,95,3,3123.6,108,3,3124.6,21,3,3124.7,15,1,3124.8,17,1,3124.9,16,1,3125.0,21,1
2031,2026-06-16 11:43:48+05:30,3124.0,5,3130.44,1706557,124909.0,214655.0,3163.0,3163.0,3108.0,3134.3,31918800,3447.7,2820.9,3839.9,2896.0,3124.0,533,8,3123.9,37,2,3123.8,25,2,3123.7,95,3,3123.6,108,3,3124.6,21,3,3124.7,15,1,3124.8,17,1,3124.9,16,1,3125.0,21,1
2031,2026-06-16 11:43:48+05:30,3124.0,5,3130.44,1706564,124881.0,214608.0,3163.0,3163.0,3108.0,3134.3,31918800,3447.7,2820.9,3839.9,2896.0,3124.0,592,9,3123.9,20,1,3123.8,35,2,3123.6,107,3,3123.5,144,5,3124.3,1,1,3124.6,3,1,3125.0,21,1,3125.1,18,1,3125.2,16,1
2031,2026-06-16 11:43:48+05:30,3124.3,1,3130.44,1706564,124881.0,214608.0,3163.0,3163.0,3108.0,3134.3,31918800,3447.7,2820.9,3839.9,2896.0,3124.0,592,9,3123.9,20,1,3123.8,35,2,3123.6,107,3,3123.5,144,5,3124.3,1,1,3124.6,3,1,3125.0,21,1,3125.1,18,1,3125.2,16,1
2031,2026-06-16 11:43:49+05:30,3124.5,1,3130.44,1706566,125086.0,214410.0,3163.0,3163.0,3108.0,3134.3,31918800,3447.7,2820.9,3839.9,2896.0,3124.4,16,1,3124.3,6,1,3124.0,623,9,3123.9,84,2,3123.8,2,1,3124.6,3,1,3125.0,21,1,3125.1,18,1,3125.2,16,1,3125.3,1,1
2031,2026-06-16 11:43:49+05:30,3124.5,1,3130.44,1706566,125086.0,214410.0,3163.0,3163.0,3108.0,3134.3,31918800,3447.7,2820.9,3839.9,2896.0,3124.4,16,1,3124.3,6,1,3124.0,623,9,3123.9,84,2,3123.8,2,1,3124.6,3,1,3125.0,21,1,3125.1,18,1,3125.2,16,1,3125.3,1,1
2031,2026-06-16 11:43:50+05:30,3124.5,1,3130.44,1706566,125086.0,214410.0,3163.0,3163.0,3108.0,3134.3,31918800,3447.7,2820.9,3839.9,2896.0,3124.4,16,1,3124.3,6,1,3124.0,623,9,3123.9,84,2,3123.8,2,1,3124.6,3,1,3125.0,21,1,3125.1,18,1,3125.2,16,1,3125.3,1,1
2031,2026-06-16 11:43:50+05:30,3124.0,2,3130.44,1706794,125055.0,210205.0,3163.0,3163.0,3108.0,3134.3,31918800,3447.7,2820.9,3839.9,2896.0,3124.1,29,1,3124.0,556,8,3123.9,116,4,3123.8,65,3,3123.7,39,2,3125.0,21,1,3125.1,18,1,3125.2,16,1,3125.6,221,2,3125.8,422,3
2031,2026-06-16 11:43:50+05:30,3124.0,2,3130.44,1706794,125055.0,210205.0,3163.0,3163.0,3108.0,3134.3,31918800,3447.7,2820.9,3839.9,2896.0,3124.1,29,1,3124.0,556,8,3123.9,116,4,3123.8,65,3,3123.7,39,2,3125.0,21,1,3125.1,18,1,3125.2,16,1,3125.6,221,2,3125.8,422,3
2031,2026-06-16 11:43:51+05:30,3124.0,2,3130.44,1706794,125613.0,213646.0,3163.0,3163.0,3108.0,3134.3,31918800,3447.7,2820.9,3839.9,2896.0,3124.5,1,1,3124.1,230,4,3124.0,586,9,3123.9,116,4,3123.8,84,4,3124.9,25,1,3125.0,21,1,3125.1,18,1,3125.2,16,1,3125.6,40,2
2031,2026-06-16 11:43:52+05:30,3124.0,2,3130.44,1706794,125613.0,213646.0,3163.0,3163.0,3108.0,3134.3,31918800,3447.7,2820.9,3839.9,2896.0,3124.5,1,1,3124.1,230,4,3124.0,586,9,3123.9,116,4,3123.8,84,4,3124.9,25,1,3125.0,21,1,3125.1,18,1,3125.2,16,1,3125.6,40,2
2031,2026-06-16 11:43:52+05:30,3124.1,5,3130.44,1706794,125613.0,213646.0,3163.0,3163.0,3108.0,3134.3,31918800,3447.7,2820.9,3839.9,2896.0,3124.5,1,1,3124.1,230,4,3124.0,586,9,3123.9,116,4,3123.8,84,4,3124.9,25,1,3125.0,21,1,3125.1,18,1,3125.2,16,1,3125.6,40,2
2031,2026-06-16 11:43:52+05:30,3124.1,5,3130.44,1706870,125243.0,214546.0,3163.0,3163.0,3108.0,3134.3,31918800,3447.7,2820.9,3839.9,2896.0,3124.1,153,2,3124.0,547,7,3123.9,20,1,3123.8,46,2,3123.6,73,3,3124.5,10,1,3124.9,56,1,3125.0,21,1,3125.1,18,1,3125.2,16,1
2031,2026-06-16 11:43:53+05:30,3124.1,5,3130.44,1706870,125276.0,214537.0,3163.0,3163.0,3108.0,3134.3,31918800,3447.7,2820.9,3839.9,2896.0,3124.1,153,2,3124.0,547,7,3123.9,20,1,3123.8,46,2,3123.6,133,4,3124.4,4,1,3124.5,11,2,3125.0,21,1,3125.1,18,1,3125.2,16,1
2031,2026-06-16 11:43:54+05:30,3124.1,5,3130.44,1706870,125276.0,214537.0,3163.0,3163.0,3108.0,3134.3,31918800,3447.7,2820.9,3839.9,2896.0,3124.1,153,2,3124.0,547,7,3123.9,20,1,3123.8,46,2,3123.6,133,4,3124.4,4,1,3124.5,11,2,3125.0,21,1,3125.1,18,1,3125.2,16,1
2031,2026-06-16 11:43:54+05:30,3124.5,1,3130.44,1706880,125449.0,214579.0,3163.0,3163.0,3108.0,3134.3,31918800,3447.7,2820.9,3839.9,2896.0,3124.1,154,3,3124.0,547,7,3123.9,20,1,3123.8,75,3,3123.7,21,1,3124.4,1,1,3124.5,5,2,3125.0,21,1,3125.1,18,1,3125.2,17,2
2031,2026-06-16 11:43:54+05:30,3124.5,1,3130.44,1706880,125449.0,214579.0,3163.0,3163.0,3108.0,3134.3,31918800,3447.7,2820.9,3839.9,2896.0,3124.1,154,3,3124.0,547,7,3123.9,20,1,3123.8,75,3,3123.7,21,1,3124.4,1,1,3124.5,5,2,3125.0,21,1,3125.1,18,1,3125.2,17,2
2031,2026-06-16 11:43:55+05:30,3124.5,1,3130.44,1706880,125449.0,214579.0,3163.0,3163.0,3108.0,3134.3,31918800,3447.7,2820.9,3839.9,2896.0,3124.1,154,3,3124.0,547,7,3123.9,20,1,3123.8,75,3,3123.7,21,1,3124.4,1,1,3124.5,5,2,3125.0,21,1,3125.1,18,1,3125.2,17,2
2031,2026-06-16 11:43:55+05:30,3124.9,1,3130.44,1706889,125990.0,215102.0,3163.0,3163.0,3108.0,3134.3,31918800,3447.7,2820.9,3839.9,2896.0,3124.9,1,1,3124.5,12,3,3124.1,175,4,3124.0,546,6,3123.9,40,2,3125.0,59,1,3125.1,18,1,3125.2,53,3,3125.3,20,2,3125.4,2,1
2031,2026-06-16 11:43:55+05:30,3124.9,1,3130.44,1706889,125990.0,215102.0,3163.0,3163.0,3108.0,3134.3,31918800,3447.7,2820.9,3839.9,2896.0,3124.9,1,1,3124.5,12,3,3124.1,175,4,3124.0,546,6,3123.9,40,2,3125.0,59,1,3125.1,18,1,3125.2,53,3,3125.3,20,2,3125.4,2,1
2031,2026-06-16 11:43:56+05:30,3124.5,2,3130.44,1706889,125990.0,215102.0,3163.0,3163.0,3108.0,3134.3,31918800,3447.7,2820.9,3839.9,2896.0,3124.9,1,1,3124.5,12,3,3124.1,175,4,3124.0,546,6,3123.9,40,2,3125.0,59,1,3125.1,18,1,3125.2,53,3,3125.3,20,2,3125.4,2,1
2031,2026-06-16 11:43:56+05:30,3124.5,2,3130.44,1707015,125693.0,214509.0,3163.0,3163.0,3108.0,3134.3,31918800,3447.7,2820.9,3839.9,2896.0,3124.5,14,1,3124.1,154,3,3124.0,465,4,3123.9,40,2,3123.8,2,1,3124.7,13,1,3124.8,31,2,3124.9,69,5,3125.0,31,2,3125.1,18,1
2031,2026-06-16 11:43:57+05:30,3124.5,2,3130.44,1707015,125693.0,214509.0,3163.0,3163.0,3108.0,3134.3,31918800,3447.7,2820.9,3839.9,2896.0,3124.5,14,1,3124.1,154,3,3124.0,465,4,3123.9,40,2,3123.8,2,1,3124.7,13,1,3124.8,31,2,3124.9,69,5,3125.0,31,2,3125.1,18,1
2031,2026-06-16 11:43:57+05:30,3124.5,2,3130.44,1707015,125992.0,214551.0,3163.0,3163.0,3108.0,3134.3,31918800,3447.7,2820.9,3839.9,2896.0,3124.5,54,2,3124.1,162,5,3124.0,483,5,3123.9,40,2,3123.8,2,1,3124.7,13,1,3124.8,19,1,3124.9,31,2,3125.0,19,1,3125.1,18,1
2031,2026-06-16 11:43:58+05:30,3124.5,2,3130.44,1707015,125992.0,214551.0,3163.0,3163.0,3108.0,3134.3,31918800,3447.7,2820.9,3839.9,2896.0,3124.5,54,2,3124.1,162,5,3124.0,483,5,3123.9,40,2,3123.8,2,1,3124.7,13,1,3124.8,19,1,3124.9,31,2,3125.0,19,1,3125.1,18,1
2031,2026-06-16 11:43:58+05:30,3124.7,7,3130.44,1707081,126019.0,214644.0,3163.0,3163.0,3108.0,3134.3,31918800,3447.7,2820.9,3839.9,2896.0,3124.7,45,1,3124.5,24,2,3124.2,17,1,3124.1,162,5,3124.0,483,5,3124.8,19,1,3124.9,31,2,3125.0,19,1,3125.1,18,1,3125.2,17,2
2031,2026-06-16 11:43:58+05:30,3124.7,7,3130.44,1707081,126019.0,214644.0,3163.0,3163.0,3108.0,3134.3,31918800,3447.7,2820.9,3839.9,2896.0,3124.7,45,1,3124.5,24,2,3124.2,17,1,3124.1,162,5,3124.0,483,5,3124.8,19,1,3124.9,31,2,3125.0,19,1,3125.1,18,1,3125.2,17,2
2031,2026-06-16 11:43:58+05:30,3124.7,7,3130.44,1707081,126019.0,214644.0,3163.0,3163.0,3108.0,3134.3,31918800,3447.7,2820.9,3839.9,2896.0,3124.7,45,1,3124.5,24,2,3124.2,17,1,3124.1,162,5,3124.0,483,5,3124.8,19,1,3124.9,31,2,3125.0,19,1,3125.1,18,1,3125.2,17,2
2031,2026-06-16 11:43:59+05:30,3124.7,7,3130.44,1707081,126019.0,214644.0,3163.0,3163.0,3108.0,3134.3,31918800,3447.7,2820.9,3839.9,2896.0,3124.7,45,1,3124.5,24,2,3124.2,17,1,3124.1,162,5,3124.0,483,5,3124.8,19,1,3124.9,31,2,3125.0,19,1,3125.1,18,1,3125.2,17,2
2031,2026-06-16 11:43:59+05:30,3124.8,6,3130.44,1707081,126019.0,214644.0,3163.0,3163.0,3108.0,3134.3,31918800,3447.7,2820.9,3839.9,2896.0,3124.7,45,1,3124.5,24,2,3124.2,17,1,3124.1,162,5,3124.0,483,5,3124.8,19,1,3124.9,31,2,3125.0,19,1,3125.1,18,1,3125.2,17,2
2031,2026-06-16 11:43:59+05:30,3124.8,6,3130.44,1707136,126102.0,214359.0,3163.0,3163.0,3108.0,3134.3,31918800,3447.7,2820.9,3839.9,2896.0,3124.8,11,2,3124.7,15,1,3124.5,24,2,3124.1,176,5,3124.0,465,4,3124.9,31,2,3125.0,19,1,3125.1,18,1,3125.2,17,2,3125.3,1,1
2031,2026-06-16 11:44:00+05:30,3124.8,6,3130.44,1707136,126102.0,214359.0,3163.0,3163.0,3108.0,3134.3,31918800,3447.7,2820.9,3839.9,2896.0,3124.8,11,2,3124.7,15,1,3124.5,24,2,3124.1,176,5,3124.0,465,4,3124.9,31,2,3125.0,19,1,3125.1,18,1,3125.2,17,2,3125.3,1,1
2031,2026-06-16 11:44:00+05:30,3124.9,1,3130.44,1707136,126102.0,214359.0,3163.0,3163.0,3108.0,3134.3,31918800,3447.7,2820.9,3839.9,2896.0,3124.8,11,2,3124.7,15,1,3124.5,24,2,3124.1,176,5,3124.0,465,4,3124.9,31,2,3125.0,19,1,3125.1,18,1,3125.2,17,2,3125.3,1,1
2031,2026-06-16 11:44:00+05:30,3124.9,1,3130.44,1707153,126308.0,212134.0,3163.0,3163.0,3108.0,3134.3,31918800,3447.7,2820.9,3839.9,2896.0,3125.0,2,2,3124.9,17,3,3124.8,7,3,3124.7,15,1,3124.5,24,2,3125.5,3,1,3125.6,12,1,3125.7,23,2,3125.8,604,4,3125.9,19,1
2031,2026-06-16 11:44:01+05:30,3124.9,1,3130.44,1707153,126308.0,212134.0,3163.0,3163.0,3108.0,3134.3,31918800,3447.7,2820.9,3839.9,2896.0,3125.0,2,2,3124.9,17,3,3124.8,7,3,3124.7,15,1,3124.5,24,2,3125.5,3,1,3125.6,12,1,3125.7,23,2,3125.8,604,4,3125.9,19,1
2031,2026-06-16 11:44:01+05:30,3124.9,1,3130.44,1707153,126103.0,214153.0,3163.0,3163.0,3108.0,3134.3,31918800,3447.7,2820.9,3839.9,2896.0,3125.0,2,2,3124.9,17,3,3124.8,7,3,3124.5,38,3,3124.2,63,1,3125.3,3,1,3125.4,12,1,3125.6,33,2,3125.7,2,1,3125.8,635,4
2031,2026-06-16 11:44:01+05:30,3124.9,1,3130.44,1707153,126103.0,214153.0,3163.0,3163.0,3108.0,3134.3,31918800,3447.7,2820.9,3839.9,2896.0,3125.0,2,2,3124.9,17,3,3124.8,7,3,3124.5,38,3,3124.2,63,1,3125.3,3,1,3125.4,12,1,3125.6,33,2,3125.7,2,1,3125.8,635,4
2031,2026-06-16 11:44:02+05:30,3124.9,1,3130.44,1707153,126103.0,214153.0,3163.0,3163.0,3108.0,3134.3,31918800,3447.7,2820.9,3839.9,2896.0,3125.0,2,2,3124.9,17,3,3124.8,7,3,3124.5,38,3,3124.2,63,1,3125.3,3,1,3125.4,12,1,3125.6,33,2,3125.7,2,1,3125.8,635,4
2031,2026-06-16 11:44:02+05:30,3125.3,41,3130.44,1707153,126103.0,214153.0,3163.0,3163.0,3108.0,3134.3,31918800,3447.7,2820.9,3839.9,2896.0,3125.0,2,2,3124.9,17,3,3124.8,7,3,3124.5,38,3,3124.2,63,1,3125.3,3,1,3125.4,12,1,3125.6,33,2,3125.7,2,1,3125.8,635,4
2031,2026-06-16 11:44:02+05:30,3125.3,41,3130.44,1707355,125798.0,214065.0,3163.0,3163.0,3108.0,3134.3,31918800,3447.7,2820.9,3839.9,2896.0,3125.0,2,2,3124.9,2,2,3124.8,7,3,3124.5,22,2,3124.1,139,4,3125.2,22,1,3125.3,159,1,3125.4,12,1,3125.6,99,5,3125.7,21,2
2031,2026-06-16 11:44:03+05:30,3125.3,41,3130.44,1707355,125798.0,214065.0,3163.0,3163.0,3108.0,3134.3,31918800,3447.7,2820.9,3839.9,2896.0,3125.0,2,2,3124.9,2,2,3124.8,7,3,3124.5,22,2,3124.1,139,4,3125.2,22,1,3125.3,159,1,3125.4,12,1,3125.6,99,5,3125.7,21,2
2031,2026-06-16 11:44:03+05:30,3124.2,28,3130.44,1707355,125798.0,214065.0,3163.0,3163.0,3108.0,3134.3,31918800,3447.7,2820.9,3839.9,2896.0,3125.0,2,2,3124.9,2,2,3124.8,7,3,3124.5,22,2,3124.1,139,4,3125.2,22,1,3125.3,159,1,3125.4,12,1,3125.6,99,5,3125.7,21,2
2031,2026-06-16 11:44:03+05:30,3124.2,28,3130.44,1707802,124490.0,212118.0,3163.0,3163.0,3108.0,3134.3,31918800,3447.7,2820.9,3839.9,2896.0,3124.1,105,4,3124.0,317,6,3123.9,117,3,3123.8,36,4,3123.7,45,3,3125.3,18,1,3125.4,2,1,3125.5,21,1,3125.6,40,3,3125.7,2,1
2031,2026-06-16 11:44:04+05:30,3124.2,28,3130.44,1707802,124490.0,212118.0,3163.0,3163.0,3108.0,3134.3,31918800,3447.7,2820.9,3839.9,2896.0,3124.1,105,4,3124.0,317,6,3123.9,117,3,3123.8,36,4,3123.7,45,3,3125.3,18,1,3125.4,2,1,3125.5,21,1,3125.6,40,3,3125.7,2,1
2031,2026-06-16 11:44:04+05:30,3124.2,28,3130.44,1707802,124696.0,214523.0,3163.0,3163.0,3108.0,3134.3,31918800,3447.7,2820.9,3839.9,2896.0,3124.1,56,3,3124.0,311,5,3123.9,20,1,3123.8,104,6,3123.7,94,4,3124.9,21,1,3125.0,100,1,3125.3,86,3,3125.4,23,2,3125.5,2,1
2031,2026-06-16 11:44:05+05:30,3124.2,28,3130.44,1707802,124696.0,214523.0,3163.0,3163.0,3108.0,3134.3,31920200,3447.7,2820.9,3839.9,2896.0,3124.1,56,3,3124.0,311,5,3123.9,20,1,3123.8,104,6,3123.7,94,4,3124.9,21,1,3125.0,100,1,3125.3,86,3,3125.4,23,2,3125.5,2,1
2031,2026-06-16 11:44:05+05:30,3124.1,5,3130.44,1707802,124696.0,214523.0,3163.0,3163.0,3108.0,3134.3,31920200,3447.7,2820.9,3839.9,2896.0,3124.1,56,3,3124.0,311,5,3123.9,20,1,3123.8,104,6,3123.7,94,4,3124.9,21,1,3125.0,100,1,3125.3,86,3,3125.4,23,2,3125.5,2,1
2031,2026-06-16 11:44:05+05:30,3124.5,1,3130.44,1707875,124347.0,214883.0,3163.0,3163.0,3108.0,3134.3,31920200,3447.7,2820.9,3839.9,2896.0,3124.1,30,3,3124.0,304,4,3123.9,20,1,3123.8,44,3,3123.7,2,1,3124.5,20,1,3124.6,22,1,3124.7,19,1,3124.8,18,1,3124.9,19,2
2031,2026-06-16 11:44:06+05:30,3124.5,1,3130.44,1707875,124342.0,214884.0,3163.0,3163.0,3108.0,3134.3,31920200,3447.7,2820.9,3839.9,2896.0,3124.1,30,3,3124.0,304,4,3123.9,20,1,3123.8,44,3,3123.7,2,1,3124.4,3,1,3124.5,46,2,3124.6,22,1,3124.7,19,1,3124.8,18,1
2031,2026-06-16 11:44:06+05:30,3124.5,1,3130.44,1707875,124342.0,214884.0,3163.0,3163.0,3108.0,3134.3,31920200,3447.7,2820.9,3839.9,2896.0,3124.1,30,3,3124.0,304,4,3123.9,20,1,3123.8,44,3,3123.7,2,1,3124.4,3,1,3124.5,46,2,3124.6,22,1,3124.7,19,1,3124.8,18,1
2031,2026-06-16 11:44:07+05:30,3124.4,1,3130.44,1707875,124342.0,214884.0,3163.0,3163.0,3108.0,3134.3,31920200,3447.7,2820.9,3839.9,2896.0,3124.1,30,3,3124.0,304,4,3123.9,20,1,3123.8,44,3,3123.7,2,1,3124.4,3,1,3124.5,46,2,3124.6,22,1,3124.7,19,1,3124.8,18,1
2031,2026-06-16 11:44:07+05:30,3124.4,1,3130.44,1707876,124343.0,215379.0,3163.0,3163.0,3108.0,3134.3,31920200,3447.7,2820.9,3839.9,2896.0,3124.1,30,3,3124.0,304,4,3123.9,20,1,3123.8,32,2,3123.7,2,1,3124.4,18,2,3124.5,46,2,3124.6,22,1,3124.7,19,1,3124.8,18,1
2031,2026-06-16 11:44:08+05:30,3124.4,1,3130.44,1707876,124490.0,215415.0,3163.0,3163.0,3108.0,3134.3,31920200,3447.7,2820.9,3839.9,2896.0,3124.1,30,3,3124.0,419,6,3123.9,20,1,3123.8,32,2,3123.7,2,1,3124.4,19,3,3124.5,57,3,3124.6,22,1,3124.7,19,1,3124.8,18,1
2031,2026-06-16 11:44:09+05:30,3124.0,9,3130.44,1707876,124490.0,215415.0,3163.0,3163.0,3108.0,3134.3,31920200,3447.7,2820.9,3839.9,2896.0,3124.1,30,3,3124.0,419,6,3123.9,20,1,3123.8,32,2,3123.7,2,1,3124.4,19,3,3124.5,57,3,3124.6,22,1,3124.7,19,1,3124.8,18,1
2031,2026-06-16 11:44:09+05:30,3124.0,9,3130.43,1707968,122983.0,216039.0,3163.0,3163.0,3108.0,3134.3,31920200,3447.7,2820.9,3839.9,2896.0,3124.0,410,6,3123.9,20,1,3123.8,2,1,3123.5,50,1,3123.4,15,1,3124.1,120,1,3124.4,42,3,3124.5,65,4,3124.6,22,1,3124.7,19,1
2031,2026-06-16 11:44:10+05:30,3124.1,1,3130.43,1707968,122983.0,216039.0,3163.0,3163.0,3108.0,3134.3,31920200,3447.7,2820.9,3839.9,2896.0,3124.0,410,6,3123.9,20,1,3123.8,2,1,3123.5,50,1,3123.4,15,1,3124.1,120,1,3124.4,42,3,3124.5,65,4,3124.6,22,1,3124.7,19,1
2031,2026-06-16 11:44:10+05:30,3124.1,1,3130.43,1708089,124043.0,216077.0,3163.0,3163.0,3108.0,3134.3,31920200,3447.7,2820.9,3839.9,2896.0,3124.1,14,1,3124.0,395,5,3123.9,20,1,3123.8,2,1,3123.5,71,2,3124.3,15,1,3124.4,41,2,3124.5,31,2,3124.6,22,1,3124.7,19,1
2031,2026-06-16 11:44:11+05:30,3124.3,1,3130.43,1708089,124043.0,216077.0,3163.0,3163.0,3108.0,3134.3,31920200,3447.7,2820.9,3839.9,2896.0,3124.1,14,1,3124.0,395,5,3123.9,20,1,3123.8,2,1,3123.5,71,2,3124.3,15,1,3124.4,41,2,3124.5,31,2,3124.6,22,1,3124.7,19,1
2031,2026-06-16 11:44:11+05:30,3124.3,1,3130.43,1708090,123924.0,215550.0,3163.0,3163.0,3108.0,3134.3,31920200,3447.7,2820.9,3839.9,2896.0,3124.0,395,5,3123.9,20,1,3123.8,2,1,3123.5,135,3,3123.4,43,2,3124.3,14,1,3124.4,41,2,3124.5,48,3,3124.6,22,1,3124.7,19,1
2031,2026-06-16 11:44:12+05:30,3125.4,22,3130.43,1708743,125103.0,214596.0,3163.0,3163.0,3108.0,3134.3,31920200,3447.7,2820.9,3839.9,2896.0,3124.0,407,6,3123.9,52,4,3123.8,60,4,3123.7,138,4,3123.6,83,3,3124.3,72,1,3124.4,2,1,3125.2,48,1,3125.3,10,1,3125.4,10,1
2031,2026-06-16 11:44:12+05:30,3125.4,22,3130.43,1708743,125103.0,214596.0,3163.0,3163.0,3108.0,3134.3,31920200,3447.7,2820.9,3839.9,2896.0,3124.0,407,6,3123.9,52,4,3123.8,60,4,3123.7,138,4,3123.6,83,3,3124.3,72,1,3124.4,2,1,3125.2,48,1,3125.3,10,1,3125.4,10,1
2031,2026-06-16 11:44:13+05:30,3124.3,1,3130.43,1708743,125103.0,214596.0,3163.0,3163.0,3108.0,3134.3,31920200,3447.7,2820.9,3839.9,2896.0,3124.0,407,6,3123.9,52,4,3123.8,60,4,3123.7,138,4,3123.6,83,3,3124.3,72,1,3124.4,2,1,3125.2,48,1,3125.3,10,1,3125.4,10,1
2031,2026-06-16 11:44:13+05:30,3124.3,1,3130.43,1708744,125143.0,214365.0,3163.0,3163.0,3108.0,3134.3,31920200,3447.7,2820.9,3839.9,2896.0,3124.0,423,7,3123.9,85,5,3123.8,136,6,3123.7,93,4,3123.6,117,4,3124.3,71,1,3124.4,2,1,3125.2,48,1,3125.3,10,1,3125.4,10,1
2031,2026-06-16 11:44:14+05:30,3124.3,1,3130.43,1708744,125143.0,214365.0,3163.0,3163.0,3108.0,3134.3,31920200,3447.7,2820.9,3839.9,2896.0,3124.0,423,7,3123.9,85,5,3123.8,136,6,3123.7,93,4,3123.6,117,4,3124.3,71,1,3124.4,2,1,3125.2,48,1,3125.3,10,1,3125.4,10,1
2031,2026-06-16 11:44:14+05:30,3124.3,1,3130.43,1708816,124700.0,214581.0,3163.0,3163.0,3108.0,3134.3,31920200,3447.7,2820.9,3839.9,2896.0,3124.0,376,9,3123.9,66,4,3123.8,40,4,3123.7,57,3,3123.6,201,6,3124.3,6,1,3124.4,2,1,3125.0,200,1,3125.3,200,1,3125.4,220,2
2031,2026-06-16 11:44:15+05:30,3124.3,4,3130.43,1708816,124700.0,214581.0,3163.0,3163.0,3108.0,3134.3,31920200,3447.7,2820.9,3839.9,2896.0,3124.0,376,9,3123.9,66,4,3123.8,40,4,3123.7,57,3,3123.6,201,6,3124.3,6,1,3124.4,2,1,3125.0,200,1,3125.3,200,1,3125.4,220,2
2031,2026-06-16 11:44:15+05:30,3124.4,2,3130.43,1708829,124951.0,212879.0,3163.0,3163.0,3108.0,3134.3,31920200,3447.7,2820.9,3839.9,2896.0,3124.2,56,8,3124.1,6,1,3124.0,398,11,3123.9,163,6,3123.8,112,7,3124.4,2,1,3125.4,200,1,3125.6,21,1,3125.7,600,3,3125.8,20,1
2031,2026-06-16 11:44:16+05:30,3124.4,15,3130.43,1708829,124951.0,212879.0,3163.0,3163.0,3108.0,3134.3,31920200,3447.7,2820.9,3839.9,2896.0,3124.2,56,8,3124.1,6,1,3124.0,398,11,3123.9,163,6,3123.8,112,7,3124.4,2,1,3125.4,200,1,3125.6,21,1,3125.7,600,3,3125.8,20,1
2031,2026-06-16 11:44:17+05:30,3124.4,15,3130.43,1708875,126514.0,213471.0,3163.0,3163.0,3108.0,3134.3,31920200,3447.7,2820.9,3839.9,2896.0,3124.5,26,3,3124.4,16,2,3124.3,151,7,3124.2,288,15,3124.1,56,4,3125.4,6,1,3125.5,12,1,3125.7,12,1,3126.0,821,4,3126.1,225,2
2031,2026-06-16 11:44:17+05:30,3124.2,1,3130.43,1708875,126514.0,213471.0,3163.0,3163.0,3108.0,3134.3,31920200,3447.7,2820.9,3839.9,2896.0,3124.5,26,3,3124.4,16,2,3124.3,151,7,3124.2,288,15,3124.1,56,4,3125.4,6,1,3125.5,12,1,3125.7,12,1,3126.0,821,4,3126.1,225,2
2031,2026-06-16 11:44:18+05:30,3124.2,117,3130.43,1709147,124938.0,214794.0,3163.0,3163.0,3108.0,3134.3,31920200,3447.7,2820.9,3839.9,2896.0,3124.5,17,1,3124.0,345,8,3123.9,27,2,3123.8,6,2,3123.7,6,1,3124.9,12,1,3125.0,20,2,3125.2,19,1,3125.3,64,3,3125.5,45,1
2031,2026-06-16 11:44:18+05:30,3124.5,2,3130.43,1709147,124938.0,214794.0,3163.0,3163.0,3108.0,3134.3,31920200,3447.7,2820.9,3839.9,2896.0,3124.5,17,1,3124.0,345,8,3123.9,27,2,3123.8,6,2,3123.7,6,1,3124.9,12,1,3125.0,20,2,3125.2,19,1,3125.3,64,3,3125.5,45,1
2031,2026-06-16 11:44:19+05:30,3124.8,28,3130.43,1709240,125575.0,214723.0,3163.0,3163.0,3108.0,3134.3,31920200,3447.7,2820.9,3839.9,2896.0,3124.5,42,1,3124.1,37,3,3124.0,491,12,3123.9,144,6,3123.8,6,2,3124.9,41,1,3125.5,16,1,3125.8,85,3,3125.9,663,4,3126.0,461,4
2031,2026-06-16 11:44:19+05:30,3124.8,28,3130.43,1709240,125575.0,214723.0,3163.0,3163.0,3108.0,3134.3,31920200,3447.7,2820.9,3839.9,2896.0,3124.5,42,1,3124.1,37,3,3124.0,491,12,3123.9,144,6,3123.8,6,2,3124.9,41,1,3125.5,16,1,3125.8,85,3,3125.9,663,4,3126.0,461,4
2031,2026-06-16 11:44:20+05:30,3124.8,1,3130.43,1709241,125496.0,214885.0,3163.0,3163.0,3108.0,3134.3,31920200,3447.7,2820.9,3839.9,2896.0,3124.5,43,2,3124.1,37,3,3124.0,444,12,3123.9,182,6,3123.8,6,2,3124.8,2,1,3124.9,58,2,3125.5,35,2,3125.8,85,3,3125.9,663,4
2031,2026-06-16 11:44:20+05:30,3124.8,1,3130.43,1709241,125496.0,214885.0,3163.0,3163.0,3108.0,3134.3,31920200,3447.7,2820.9,3839.9,2896.0,3124.5,43,2,3124.1,37,3,3124.0,444,12,3123.9,182,6,3123.8,6,2,3124.8,2,1,3124.9,58,2,3125.5,35,2,3125.8,85,3,3125.9,663,4
2031,2026-06-16 11:44:21+05:30,3124.8,1,3130.43,1709241,125569.0,214958.0,3163.0,3163.0,3108.0,3134.3,31920200,3447.7,2820.9,3839.9,2896.0,3124.5,58,3,3124.1,37,3,3124.0,427,11,3123.9,182,6,3123.8,6,2,3124.8,43,3,3124.9,41,1,3125.5,70,3,3125.8,50,2,3125.9,663,4
2031,2026-06-16 11:44:21+05:30,3124.8,1,3130.43,1709241,125569.0,214958.0,3163.0,3163.0,3108.0,3134.3,31920200,3447.7,2820.9,3839.9,2896.0,3124.5,58,3,3124.1,37,3,3124.0,427,11,3123.9,182,6,3123.8,6,2,3124.8,43,3,3124.9,41,1,3125.5,70,3,3125.8,50,2,3125.9,663,4
2031,2026-06-16 11:44:22+05:30,3124.8,1,3130.43,1709242,125479.0,215085.0,3163.0,3163.0,3108.0,3134.3,31920200,3447.7,2820.9,3839.9,2896.0,3124.5,58,3,3124.1,1,1,3124.0,398,10,3123.9,182,6,3123.8,6,2,3124.8,77,5,3124.9,41,1,3125.3,34,1,3125.5,35,2,3125.7,104,3
2031,2026-06-16 11:44:23+05:30,3124.8,1,3130.43,1709242,125474.0,215091.0,3163.0,3163.0,3108.0,3134.3,31920200,3447.7,2820.9,3839.9,2896.0,3124.5,58,3,3124.1,1,1,3124.0,398,10,3123.9,162,5,3123.8,6,2,3124.8,77,5,3124.9,41,1,3125.3,34,1,3125.5,35,2,3125.7,104,3
2031,2026-06-16 11:44:24+05:30,3124.8,1,3130.43,1709242,125482.0,215086.0,3163.0,3163.0,3108.0,3134.3,31920200,3447.7,2820.9,3839.9,2896.0,3124.5,58,3,3124.1,1,1,3124.0,398,10,3123.9,142,4,3123.8,6,2,3124.8,77,5,3124.9,41,1,3125.3,34,1,3125.5,35,2,3125.7,104,3
2031,2026-06-16 11:44:25+05:30,3124.8,8,3130.43,1709252,125489.0,214727.0,3163.0,3163.0,3108.0,3134.3,31920200,3447.7,2820.9,3839.9,2896.0,3124.5,57,3,3124.2,17,1,3124.1,21,2,3124.0,398,10,3123.9,121,3,3124.8,103,4,3124.9,41,1,3125.3,34,1,3125.5,16,1,3125.6,21,1
2031,2026-06-16 11:44:25+05:30,3124.8,8,3130.43,1709252,125489.0,214727.0,3163.0,3163.0,3108.0,3134.3,31920200,3447.7,2820.9,3839.9,2896.0,3124.5,57,3,3124.2,17,1,3124.1,21,2,3124.0,398,10,3123.9,121,3,3124.8,103,4,3124.9,41,1,3125.3,34,1,3125.5,16,1,3125.6,21,1
2031,2026-06-16 11:44:26+05:30,3124.8,20,3130.43,1709416,125346.0,214817.0,3163.0,3163.0,3108.0,3134.3,31920200,3447.7,2820.9,3839.9,2896.0,3124.5,57,3,3124.2,17,1,3124.1,21,2,3124.0,366,9,3123.9,114,2,3124.7,18,1,3124.8,21,2,3124.9,1,1,3125.6,55,2,3125.8,50,2
2031,2026-06-16 11:44:26+05:30,3124.8,20,3130.43,1709416,125346.0,214817.0,3163.0,3163.0,3108.0,3134.3,31920200,3447.7,2820.9,3839.9,2896.0,3124.5,57,3,3124.2,17,1,3124.1,21,2,3124.0,366,9,3123.9,114,2,3124.7,18,1,3124.8,21,2,3124.9,1,1,3125.6,55,2,3125.8,50,2
2031,2026-06-16 11:44:27+05:30,3124.7,1,3130.43,1709416,125346.0,214817.0,3163.0,3163.0,3108.0,3134.3,31920200,3447.7,2820.9,3839.9,2896.0,3124.5,57,3,3124.2,17,1,3124.1,21,2,3124.0,366,9,3123.9,114,2,3124.7,18,1,3124.8,21,2,3124.9,1,1,3125.6,55,2,3125.8,50,2
2031,2026-06-16 11:44:27+05:30,3124.7,1,3130.43,1709418,125338.0,215017.0,3163.0,3163.0,3108.0,3134.3,31920200,3447.7,2820.9,3839.9,2896.0,3124.6,16,1,3124.5,42,2,3124.2,17,1,3124.1,21,2,3124.0,366,9,3124.7,16,1,3124.8,21,2,3124.9,1,1,3125.6,55,2,3125.8,50,2
2031,2026-06-16 11:44:28+05:30,3124.6,1,3130.43,1709418,125338.0,215017.0,3163.0,3163.0,3108.0,3134.3,31920200,3447.7,2820.9,3839.9,2896.0,3124.6,16,1,3124.5,42,2,3124.2,17,1,3124.1,21,2,3124.0,366,9,3124.7,16,1,3124.8,21,2,3124.9,1,1,3125.6,55,2,3125.8,50,2
2031,2026-06-16 11:44:29+05:30,3124.6,1,3130.43,1709437,125386.0,214861.0,3163.0,3163.0,3108.0,3134.3,31920200,3447.7,2820.9,3839.9,2896.0,3124.6,16,2,3124.5,50,3,3124.1,1,1,3124.0,386,10,3123.9,114,2,3124.7,16,1,3124.8,21,2,3124.9,1,1,3125.4,34,1,3125.7,34,1
2031,2026-06-16 11:44:29+05:30,3124.7,43,3130.43,1709437,125386.0,214861.0,3163.0,3163.0,3108.0,3134.3,31920200,3447.7,2820.9,3839.9,2896.0,3124.6,16,2,3124.5,50,3,3124.1,1,1,3124.0,386,10,3123.9,114,2,3124.7,16,1,3124.8,21,2,3124.9,1,1,3125.4,34,1,3125.7,34,1
2031,2026-06-16 11:44:30+05:30,3124.7,43,3130.43,1709481,125440.0,214848.0,3163.0,3163.0,3108.0,3134.3,31920200,3447.7,2820.9,3839.9,2896.0,3124.6,62,4,3124.5,50,3,3124.1,34,2,3124.0,401,10,3123.9,97,3,3124.7,5,1,3124.8,22,3,3124.9,1,1,3125.7,34,1,3125.8,20,1
2031,2026-06-16 11:44:30+05:30,3124.7,2,3130.43,1709481,125440.0,214848.0,3163.0,3163.0,3108.0,3134.3,31920200,3447.7,2820.9,3839.9,2896.0,3124.6,62,4,3124.5,50,3,3124.1,34,2,3124.0,401,10,3123.9,97,3,3124.7,5,1,3124.8,22,3,3124.9,1,1,3125.7,34,1,3125.8,20,1
2031,2026-06-16 11:44:31+05:30,3124.7,2,3130.43,1709485,125446.0,214844.0,3163.0,3163.0,3108.0,3134.3,31920200,3447.7,2820.9,3839.9,2896.0,3124.6,63,5,3124.5,50,3,3124.1,34,2,3124.0,380,9,3123.9,118,4,3124.7,1,1,3124.8,22,3,3124.9,1,1,3125.7,34,1,3125.8,20,1
2031,2026-06-16 11:44:31+05:30,3124.8,2,3130.43,1709485,125446.0,214844.0,3163.0,3163.0,3108.0,3134.3,31920200,3447.7,2820.9,3839.9,2896.0,3124.6,63,5,3124.5,50,3,3124.1,34,2,3124.0,380,9,3123.9,118,4,3124.7,1,1,3124.8,22,3,3124.9,1,1,3125.7,34,1,3125.8,20,1
2031,2026-06-16 11:44:32+05:30,3124.8,2,3130.43,1709514,125476.0,214738.0,3163.0,3163.0,3108.0,3134.3,31920200,3447.7,2820.9,3839.9,2896.0,3124.7,15,1,3124.6,47,4,3124.5,42,2,3124.2,54,2,3124.1,115,3,3124.8,3,1,3124.9,1,1,3125.8,30,2,3125.9,63,1,3126.0,1056,6
2031,2026-06-16 11:44:32+05:30,3124.8,1,3130.43,1709514,125476.0,214738.0,3163.0,3163.0,3108.0,3134.3,31920200,3447.7,2820.9,3839.9,2896.0,3124.7,15,1,3124.6,47,4,3124.5,42,2,3124.2,54,2,3124.1,115,3,3124.8,3,1,3124.9,1,1,3125.8,30,2,3125.9,63,1,3126.0,1056,6
2031,2026-06-16 11:44:33+05:30,3124.9,1,3130.43,1709521,125594.0,214016.0,3163.0,3163.0,3108.0,3134.3,31920200,3447.7,2820.9,3839.9,2896.0,3124.9,11,1,3124.7,45,2,3124.6,47,4,3124.5,49,3,3124.2,20,1,3125.6,14,1,3125.7,54,3,3125.8,52,2,3125.9,40,2,3126.0,1106,7
2031,2026-06-16 11:44:33+05:30,3125.4,1,3130.43,1709521,125594.0,214016.0,3163.0,3163.0,3108.0,3134.3,31920200,3447.7,2820.9,3839.9,2896.0,3124.9,11,1,3124.7,45,2,3124.6,47,4,3124.5,49,3,3124.2,20,1,3125.6,14,1,3125.7,54,3,3125.8,52,2,3125.9,40,2,3126.0,1106,7
2031,2026-06-16 11:44:34+05:30,3125.4,1,3130.43,1709722,125867.0,213966.0,3163.0,3163.0,3108.0,3134.3,31920200,3447.7,2820.9,3839.9,2896.0,3124.7,7,2,3124.6,47,4,3124.5,42,2,3124.1,21,1,3124.0,603,10,3125.2,22,1,3125.3,12,1,3125.4,25,2,3125.5,12,1,3125.6,60,4
2031,2026-06-16 11:44:34+05:30,3124.5,7,3130.43,1709722,125867.0,213966.0,3163.0,3163.0,3108.0,3134.3,31920200,3447.7,2820.9,3839.9,2896.0,3124.7,7,2,3124.6,47,4,3124.5,42,2,3124.1,21,1,3124.0,603,10,3125.2,22,1,3125.3,12,1,3125.4,25,2,3125.5,12,1,3125.6,60,4
2031,2026-06-16 11:44:35+05:30,3124.5,42,3130.43,1709944,125357.0,214250.0,3163.0,3163.0,3108.0,3134.3,31920200,3447.7,2820.9,3839.9,2896.0,3124.6,19,2,3124.1,63,1,3124.0,583,9,3123.9,53,3,3123.8,53,3,3125.4,13,1,3125.6,31,2,3125.7,35,1,3125.8,67,2,3126.0,496,5
2031,2026-06-16 11:44:35+05:30,3125.4,10,3130.43,1709944,125357.0,214250.0,3163.0,3163.0,3108.0,3134.3,31920200,3447.7,2820.9,3839.9,2896.0,3124.6,19,2,3124.1,63,1,3124.0,583,9,3123.9,53,3,3123.8,53,3,3125.4,13,1,3125.6,31,2,3125.7,35,1,3125.8,67,2,3126.0,496,5
2031,2026-06-16 11:44:36+05:30,3125.4,10,3130.43,1709954,125358.0,214508.0,3163.0,3163.0,3108.0,3134.3,31920200,3447.7,2820.9,3839.9,2896.0,3124.6,19,2,3124.1,63,1,3124.0,519,8,3123.9,117,4,3123.8,53,3,3125.3,26,1,3125.4,31,3,3125.6,52,2,3125.8,67,2,3126.0,1096,8
2031,2026-06-16 11:44:37+05:30,3124.6,1,3130.43,1709955,125675.0,214916.0,3163.0,3163.0,3108.0,3134.3,31920200,3447.7,2820.9,3839.9,2896.0,3124.6,18,2,3124.0,519,8,3123.9,34,2,3123.8,53,3,3123.7,99,3,3125.3,51,4,3125.4,43,3,3125.5,41,1,3125.6,19,1,3125.7,106,3
2031,2026-06-16 11:44:37+05:30,3125.3,1,3130.43,1709955,125675.0,214916.0,3163.0,3163.0,3108.0,3134.3,31920200,3447.7,2820.9,3839.9,2896.0,3124.6,18,2,3124.0,519,8,3123.9,34,2,3123.8,53,3,3123.7,99,3,3125.3,51,4,3125.4,43,3,3125.5,41,1,3125.6,19,1,3125.7,106,3
2031,2026-06-16 11:44:38+05:30,3125.3,1,3130.43,1709956,125573.0,214627.0,3163.0,3163.0,3108.0,3134.3,31920200,3447.7,2820.9,3839.9,2896.0,3124.8,3,1,3124.6,15,1,3124.0,519,8,3123.9,34,2,3123.8,125,4,3125.3,55,5,3125.4,34,2,3125.6,19,1,3125.7,85,2,3125.8,70,3
2031,2026-06-16 11:44:39+05:30,3125.3,1,3130.43,1709956,125758.0,214584.0,3163.0,3163.0,3108.0,3134.3,31920200,3447.7,2820.9,3839.9,2896.0,3124.8,3,1,3124.6,15,1,3124.5,7,1,3124.1,190,1,3124.0,519,8,3125.3,64,6,3125.4,3,1,3125.7,50,1,3125.8,54,2,3125.9,671,5
2031,2026-06-16 11:44:39+05:30,3124.8,1,3130.43,1709956,125758.0,214584.0,3163.0,3163.0,3108.0,3134.3,31920200,3447.7,2820.9,3839.9,2896.0,3124.8,3,1,3124.6,15,1,3124.5,7,1,3124.1,190,1,3124.0,519,8,3125.3,64,6,3125.4,3,1,3125.7,50,1,3125.8,54,2,3125.9,671,5
2031,2026-06-16 11:44:40+05:30,3124.9,1,3130.43,1709963,125835.0,215051.0,3163.0,3163.0,3108.0,3134.3,31920200,3447.7,2820.9,3839.9,2896.0,3124.8,18,2,3124.6,15,1,3124.4,6,1,3124.3,18,1,3124.2,69,2,3124.9,19,1,3125.0,1,1,3125.3,39,5,3125.8,54,2,3126.0,1040,6
2031,2026-06-16 11:44:40+05:30,3124.9,1,3130.43,1709963,125835.0,215051.0,3163.0,3163.0,3108.0,3134.3,31920200,3447.7,2820.9,3839.9,2896.0,3124.8,18,2,3124.6,15,1,3124.4,6,1,3124.3,18,1,3124.2,69,2,3124.9,19,1,3125.0,1,1,3125.3,39,5,3125.8,54,2,3126.0,1040,6
2031,2026-06-16 11:44:41+05:30,3124.9,3,3130.43,1709963,125835.0,215051.0,3163.0,3163.0,3108.0,3134.3,31920200,3447.7,2820.9,3839.9,2896.0,3124.8,18,2,3124.6,15,1,3124.4,6,1,3124.3,18,1,3124.2,69,2,3124.9,19,1,3125.0,1,1,3125.3,39,5,3125.8,54,2,3126.0,1040,6
2031,2026-06-16 11:44:41+05:30,3124.9,3,3130.43,1709999,125806.0,214916.0,3163.0,3163.0,3108.0,3134.3,31920200,3447.7,2820.9,3839.9,2896.0,3124.9,17,1,3124.8,2,1,3124.6,15,1,3124.3,18,1,3124.2,1,1,3125.0,1,1,3125.3,46,3,3125.8,21,1,3125.9,19,1,3126.0,1074,7
2031,2026-06-16 11:44:42+05:30,3124.9,3,3130.43,1709999,125801.0,215029.0,3163.0,3163.0,3108.0,3134.3,31920200,3447.7,2820.9,3839.9,2896.0,3124.9,17,1,3124.8,2,1,3124.6,15,1,3124.3,18,1,3124.2,1,1,3125.0,2,2,3125.3,46,3,3125.8,53,2,3125.9,19,1,3126.0,1042,6
2031,2026-06-16 11:44:42+05:30,3124.9,1,3130.43,1709999,125801.0,215029.0,3163.0,3163.0,3108.0,3134.3,31920200,3447.7,2820.9,3839.9,2896.0,3124.9,17,1,3124.8,2,1,3124.6,15,1,3124.3,18,1,3124.2,1,1,3125.0,2,2,3125.3,46,3,3125.8,53,2,3125.9,19,1,3126.0,1042,6
2031,2026-06-16 11:44:43+05:30,3125.0,1,3130.43,1709999,125801.0,215029.0,3163.0,3163.0,3108.0,3134.3,31920200,3447.7,2820.9,3839.9,2896.0,3124.9,17,1,3124.8,2,1,3124.6,15,1,3124.3,18,1,3124.2,1,1,3125.0,2,2,3125.3,46,3,3125.8,53,2,3125.9,19,1,3126.0,1042,6
2031,2026-06-16 11:44:43+05:30,3125.0,1,3130.43,1710004,125934.0,215021.0,3163.0,3163.0,3108.0,3134.3,31920200,3447.7,2820.9,3839.9,2896.0,3125.0,14,1,3124.9,1,1,3124.8,2,1,3124.6,15,1,3124.5,6,1,3125.2,12,1,3125.3,45,2,3125.8,53,2,3125.9,40,2,3126.0,1021,5
2031,2026-06-16 11:44:44+05:30,3125.1,4,3130.43,1710004,125934.0,215021.0,3163.0,3163.0,3108.0,3134.3,31920200,3447.7,2820.9,3839.9,2896.0,3125.0,14,1,3124.9,1,1,3124.8,2,1,3124.6,15,1,3124.5,6,1,3125.2,12,1,3125.3,45,2,3125.8,53,2,3125.9,40,2,3126.0,1021,5
2031,2026-06-16 11:44:44+05:30,3125.2,12,3130.43,1710056,125806.0,215209.0,3163.0,3163.0,3108.0,3134.3,31920200,3447.7,2820.9,3839.9,2896.0,3125.2,3,1,3125.0,1,1,3124.9,1,1,3124.8,2,1,3124.6,15,1,3125.3,92,4,3125.4,19,1,3125.6,45,2,3125.7,52,2,3125.8,654,5
2031,2026-06-16 11:44:45+05:30,3125.1,1,3130.43,1710056,125806.0,215209.0,3163.0,3163.0,3108.0,3134.3,31920200,3447.7,2820.9,3839.9,2896.0,3125.2,3,1,3125.0,1,1,3124.9,1,1,3124.8,2,1,3124.6,15,1,3125.3,92,4,3125.4,19,1,3125.6,45,2,3125.7,52,2,3125.8,654,5
2031,2026-06-16 11:44:46+05:30,3125.1,1,3130.43,1710064,125810.0,214669.0,3163.0,3163.0,3108.0,3134.3,31920200,3447.7,2820.9,3839.9,2896.0,3125.1,19,2,3125.0,2,2,3124.9,1,1,3124.6,15,1,3124.1,200,3,3125.2,3,1,3125.3,142,6,3125.7,31,1,3125.8,19,1,3125.9,12,1
2031,2026-06-16 11:44:46+05:30,3125.1,5,3130.43,1710064,125810.0,214669.0,3163.0,3163.0,3108.0,3134.3,31920200,3447.7,2820.9,3839.9,2896.0,3125.1,19,2,3125.0,2,2,3124.9,1,1,3124.6,15,1,3124.1,200,3,3125.2,3,1,3125.3,142,6,3125.7,31,1,3125.8,19,1,3125.9,12,1
2031,2026-06-16 11:44:47+05:30,3125.1,5,3130.43,1710064,125810.0,214669.0,3163.0,3163.0,3108.0,3134.3,31920200,3447.7,2820.9,3839.9,2896.0,3125.1,19,2,3125.0,2,2,3124.9,1,1,3124.6,15,1,3124.1,200,3,3125.2,3,1,3125.3,142,6,3125.7,31,1,3125.8,19,1,3125.9,12,1
2031,2026-06-16 11:44:47+05:30,3125.1,5,3130.43,1710233,125795.0,214451.0,3163.0,3163.0,3108.0,3134.3,31920200,3447.7,2820.9,3839.9,2896.0,3125.0,2,2,3124.9,1,1,3124.6,15,1,3124.1,178,2,3124.0,663,11,3125.1,13,1,3125.2,34,1,3125.3,31,1,3125.7,31,1,3125.8,39,2
2031,2026-06-16 11:44:47+05:30,3125.0,1,3130.43,1710233,125795.0,214451.0,3163.0,3163.0,3108.0,3134.3,31920200,3447.7,2820.9,3839.9,2896.0,3125.0,2,2,3124.9,1,1,3124.6,15,1,3124.1,178,2,3124.0,663,11,3125.1,13,1,3125.2,34,1,3125.3,31,1,3125.7,31,1,3125.8,39,2
2031,2026-06-16 11:44:48+05:30,3125.0,1,3130.43,1710235,125966.0,214432.0,3163.0,3163.0,3108.0,3134.3,31920200,3447.7,2820.9,3839.9,2896.0,3125.0,16,3,3124.9,1,1,3124.1,178,2,3124.0,663,11,3123.9,83,4,3125.1,13,1,3125.2,34,1,3125.3,31,1,3125.7,31,1,3125.8,20,1
2031,2026-06-16 11:44:48+05:30,3125.0,1,3130.43,1710235,125966.0,214432.0,3163.0,3163.0,3108.0,3134.3,31920200,3447.7,2820.9,3839.9,2896.0,3125.0,16,3,3124.9,1,1,3124.1,178,2,3124.0,663,11,3123.9,83,4,3125.1,13,1,3125.2,34,1,3125.3,31,1,3125.7,31,1,3125.8,20,1
2031,2026-06-16 11:44:48+05:30,3125.1,1,3130.43,1710235,125966.0,214432.0,3163.0,3163.0,3108.0,3134.3,31920200,3447.7,2820.9,3839.9,2896.0,3125.0,16,3,3124.9,1,1,3124.1,178,2,3124.0,663,11,3123.9,83,4,3125.1,13,1,3125.2,34,1,3125.3,31,1,3125.7,31,1,3125.8,20,1
2031,2026-06-16 11:44:49+05:30,3125.1,1,3130.43,1710236,126085.0,214429.0,3163.0,3163.0,3108.0,3134.3,31920200,3447.7,2820.9,3839.9,2896.0,3125.0,16,3,3124.9,1,1,3124.8,32,1,3124.3,23,1,3124.2,95,3,3125.1,12,1,3125.2,34,1,3125.3,31,1,3125.7,31,1,3125.8,20,1
2031,2026-06-16 11:44:50+05:30,3125.1,1,3130.43,1710236,126087.0,214330.0,3163.0,3163.0,3108.0,3134.3,31920200,3447.7,2820.9,3839.9,2896.0,3125.0,16,3,3124.9,1,1,3124.8,34,2,3124.3,23,1,3124.2,95,3,3125.1,12,1,3125.2,34,1,3125.3,31,1,3125.8,20,1,3125.9,12,1
2031,2026-06-16 11:44:50+05:30,3125.1,1,3130.43,1710236,126087.0,214330.0,3163.0,3163.0,3108.0,3134.3,31920200,3447.7,2820.9,3839.9,2896.0,3125.0,16,3,3124.9,1,1,3124.8,34,2,3124.3,23,1,3124.2,95,3,3125.1,12,1,3125.2,34,1,3125.3,31,1,3125.8,20,1,3125.9,12,1
2031,2026-06-16 11:44:51+05:30,3125.1,1,3130.43,1710236,126079.0,214373.0,3163.0,3163.0,3108.0,3134.3,31920200,3447.7,2820.9,3839.9,2896.0,3125.0,16,3,3124.9,1,1,3124.8,34,2,3124.3,23,1,3124.2,26,1,3125.1,53,2,3125.2,34,1,3125.3,31,1,3125.6,48,2,3125.8,60,3
2031,2026-06-16 11:44:52+05:30,3125.0,11,3130.43,1710248,126127.0,214364.0,3163.0,3163.0,3108.0,3134.3,31920200,3447.7,2820.9,3839.9,2896.0,3125.0,2,2,3124.9,1,1,3124.8,34,2,3124.3,23,1,3124.2,26,1,3125.1,41,1,3125.2,34,1,3125.3,31,1,3125.6,48,2,3125.8,39,2
2031,2026-06-16 11:44:52+05:30,3125.0,11,3130.43,1710248,126127.0,214364.0,3163.0,3163.0,3108.0,3134.3,31920200,3447.7,2820.9,3839.9,2896.0,3125.0,2,2,3124.9,1,1,3124.8,34,2,3124.3,23,1,3124.2,26,1,3125.1,41,1,3125.2,34,1,3125.3,31,1,3125.6,48,2,3125.8,39,2
2031,2026-06-16 11:44:52+05:30,3125.1,44,3130.43,1710248,126127.0,214364.0,3163.0,3163.0,3108.0,3134.3,31920200,3447.7,2820.9,3839.9,2896.0,3125.0,2,2,3124.9,1,1,3124.8,34,2,3124.3,23,1,3124.2,26,1,3125.1,41,1,3125.2,34,1,3125.3,31,1,3125.6,48,2,3125.8,39,2
2031,2026-06-16 11:44:53+05:30,3125.0,65,3130.43,1710683,126057.0,213386.0,3163.0,3163.0,3108.0,3134.3,31920200,3447.7,2820.9,3839.9,2896.0,3125.0,19,3,3124.9,1,1,3124.8,34,2,3124.5,20,1,3124.4,23,1,3125.2,2,1,3125.3,2,1,3125.9,51,3,3126.0,938,9,3126.1,46,2
2031,2026-06-16 11:44:53+05:30,3125.2,1,3130.43,1710683,126057.0,213386.0,3163.0,3163.0,3108.0,3134.3,31920200,3447.7,2820.9,3839.9,2896.0,3125.0,19,3,3124.9,1,1,3124.8,34,2,3124.5,20,1,3124.4,23,1,3125.2,2,1,3125.3,2,1,3125.9,51,3,3126.0,938,9,3126.1,46,2
2031,2026-06-16 11:44:54+05:30,3125.2,1,3130.43,1710684,126120.0,213615.0,3163.0,3163.0,3108.0,3134.3,31920200,3447.7,2820.9,3839.9,2896.0,3125.0,19,3,3124.9,1,1,3124.8,34,2,3124.3,76,2,3124.2,59,2,3125.1,39,1,3125.2,1,1,3125.3,2,1,3125.5,30,1,3125.7,19,1
2031,2026-06-16 11:44:54+05:30,3125.2,1,3130.43,1710684,126120.0,213615.0,3163.0,3163.0,3108.0,3134.3,31920200,3447.7,2820.9,3839.9,2896.0,3125.0,19,3,3124.9,1,1,3124.8,34,2,3124.3,76,2,3124.2,59,2,3125.1,39,1,3125.2,1,1,3125.3,2,1,3125.5,30,1,3125.7,19,1
2031,2026-06-16 11:44:54+05:30,3124.0,23,3130.43,1710684,126120.0,213615.0,3163.0,3163.0,3108.0,3134.3,31920200,3447.7,2820.9,3839.9,2896.0,3125.0,19,3,3124.9,1,1,3124.8,34,2,3124.3,76,2,3124.2,59,2,3125.1,39,1,3125.2,1,1,3125.3,2,1,3125.5,30,1,3125.7,19,1
2031,2026-06-16 11:44:55+05:30,3124.0,22,3130.42,1710945,124735.0,214092.0,3163.0,3163.0,3108.0,3134.3,31920200,3447.7,2820.9,3839.9,2896.0,3124.1,15,1,3124.0,636,14,3123.9,12,2,3123.8,33,3,3123.7,172,5,3125.2,1,1,3125.3,2,1,3125.6,21,1,3125.8,221,2,3125.9,49,2
2031,2026-06-16 11:44:55+05:30,3124.0,22,3130.42,1710945,124735.0,214092.0,3163.0,3163.0,3108.0,3134.3,31920200,3447.7,2820.9,3839.9,2896.0,3124.1,15,1,3124.0,636,14,3123.9,12,2,3123.8,33,3,3123.7,172,5,3125.2,1,1,3125.3,2,1,3125.6,21,1,3125.8,221,2,3125.9,49,2
2031,2026-06-16 11:44:55+05:30,3124.0,22,3130.42,1710945,124735.0,214092.0,3163.0,3163.0,3108.0,3134.3,31920200,3447.7,2820.9,3839.9,2896.0,3124.1,15,1,3124.0,636,14,3123.9,12,2,3123.8,33,3,3123.7,172,5,3125.2,1,1,3125.3,2,1,3125.6,21,1,3125.8,221,2,3125.9,49,2
2031,2026-06-16 11:44:56+05:30,3124.1,1,3130.42,1710946,124974.0,213827.0,3163.0,3163.0,3108.0,3134.3,31920200,3447.7,2820.9,3839.9,2896.0,3124.1,32,3,3124.0,637,13,3123.9,35,3,3123.8,33,3,3123.7,172,5,3125.1,7,1,3125.2,1,1,3125.3,2,1,3125.6,21,1,3125.8,421,3
2031,2026-06-16 11:44:56+05:30,3126.9,51,3130.42,1710946,124974.0,213827.0,3163.0,3163.0,3108.0,3134.3,31920200,3447.7,2820.9,3839.9,2896.0,3124.1,32,3,3124.0,637,13,3123.9,35,3,3123.8,33,3,3123.7,172,5,3125.1,7,1,3125.2,1,1,3125.3,2,1,3125.6,21,1,3125.8,421,3
2031,2026-06-16 11:44:57+05:30,3126.9,51,3130.42,1713946,126470.0,211142.0,3163.0,3163.0,3108.0,3134.3,31920200,3447.7,2820.9,3839.9,2896.0,3124.4,63,2,3124.3,145,5,3124.2,58,2,3124.1,127,4,3124.0,643,13,3125.9,31,3,3126.0,423,3,3126.1,49,1,3126.2,27,2,3126.3,18,2
2031,2026-06-16 11:44:57+05:30,3126.9,51,3130.42,1713946,126470.0,211142.0,3163.0,3163.0,3108.0,3134.3,31920200,3447.7,2820.9,3839.9,2896.0,3124.4,63,2,3124.3,145,5,3124.2,58,2,3124.1,127,4,3124.0,643,13,3125.9,31,3,3126.0,423,3,3126.1,49,1,3126.2,27,2,3126.3,18,2
2031,2026-06-16 11:44:58+05:30,3126.9,51,3130.42,1713946,126470.0,211142.0,3163.0,3163.0,3108.0,3134.3,31920200,3447.7,2820.9,3839.9,2896.0,3124.4,63,2,3124.3,145,5,3124.2,58,2,3124.1,127,4,3124.0,643,13,3125.9,31,3,3126.0,423,3,3126.1,49,1,3126.2,27,2,3126.3,18,2
2031,2026-06-16 11:44:58+05:30,3126.9,51,3130.42,1713946,126756.0,211896.0,3163.0,3163.0,3108.0,3134.3,31920200,3447.7,2820.9,3839.9,2896.0,3125.0,5,1,3124.5,68,3,3124.4,171,3,3124.3,101,3,3124.2,122,3,3125.8,330,1,3125.9,10,1,3126.0,623,4,3126.1,49,1,3126.2,47,3
2031,2026-06-16 11:44:58+05:30,3126.9,51,3130.42,1713946,126756.0,211896.0,3163.0,3163.0,3108.0,3134.3,31920200,3447.7,2820.9,3839.9,2896.0,3125.0,5,1,3124.5,68,3,3124.4,171,3,3124.3,101,3,3124.2,122,3,3125.8,330,1,3125.9,10,1,3126.0,623,4,3126.1,49,1,3126.2,47,3
2031,2026-06-16 11:44:59+05:30,3126.9,51,3130.42,1713946,126756.0,211896.0,3163.0,3163.0,3108.0,3134.3,31920200,3447.7,2820.9,3839.9,2896.0,3125.0,5,1,3124.5,68,3,3124.4,171,3,3124.3,101,3,3124.2,122,3,3125.8,330,1,3125.9,10,1,3126.0,623,4,3126.1,49,1,3126.2,47,3
2031,2026-06-16 11:44:59+05:30,3125.8,1,3130.42,1713947,126792.0,211603.0,3163.0,3163.0,3108.0,3134.3,31920200,3447.7,2820.9,3839.9,2896.0,3125.0,132,2,3124.9,26,1,3124.8,5,1,3124.7,12,1,3124.5,45,2,3125.8,329,1,3125.9,10,1,3126.0,623,4,3126.2,47,3,3126.3,18,2
2031,2026-06-16 11:44:59+05:30,3125.8,1,3130.42,1713947,126792.0,211603.0,3163.0,3163.0,3108.0,3134.3,31920200,3447.7,2820.9,3839.9,2896.0,3125.0,132,2,3124.9,26,1,3124.8,5,1,3124.7,12,1,3124.5,45,2,3125.8,329,1,3125.9,10,1,3126.0,623,4,3126.2,47,3,3126.3,18,2
2031,2026-06-16 11:44:59+05:30,3125.0,127,3130.42,1713947,126792.0,211603.0,3163.0,3163.0,3108.0,3134.3,31920200,3447.7,2820.9,3839.9,2896.0,3125.0,132,2,3124.9,26,1,3124.8,5,1,3124.7,12,1,3124.5,45,2,3125.8,329,1,3125.9,10,1,3126.0,623,4,3126.2,47,3,3126.3,18,2
2031,2026-06-16 11:45:00+05:30,3124.4,1,3130.42,1714114,125960.0,211864.0,3163.0,3163.0,3108.0,3134.3,31920200,3447.7,2820.9,3839.9,2896.0,3124.4,3,1,3124.3,152,5,3124.2,22,1,3124.1,83,4,3124.0,567,11,3124.9,295,1,3125.0,68,1,3125.8,61,4,3126.0,642,5,3126.2,134,5
2031,2026-06-16 11:45:00+05:30,3124.4,1,3130.42,1714114,125960.0,211864.0,3163.0,3163.0,3108.0,3134.3,31920200,3447.7,2820.9,3839.9,2896.0,3124.4,3,1,3124.3,152,5,3124.2,22,1,3124.1,83,4,3124.0,567,11,3124.9,295,1,3125.0,68,1,3125.8,61,4,3126.0,642,5,3126.2,134,5
2031,2026-06-16 11:45:00+05:30,3124.8,36,3130.42,1714114,125960.0,211864.0,3163.0,3163.0,3108.0,3134.3,31920200,3447.7,2820.9,3839.9,2896.0,3124.4,3,1,3124.3,152,5,3124.2,22,1,3124.1,83,4,3124.0,567,11,3124.9,295,1,3125.0,68,1,3125.8,61,4,3126.0,642,5,3126.2,134,5
2031,2026-06-16 11:45:01+05:30,3124.8,55,3130.42,1714532,125655.0,211984.0,3163.0,3163.0,3108.0,3134.3,31920200,3447.7,2820.9,3839.9,2896.0,3124.7,30,6,3124.6,21,3,3124.5,25,4,3124.4,111,8,3124.3,100,4,3124.8,3,1,3124.9,36,1,3125.8,40,3,3125.9,50,1,3126.0,643,5
2031,2026-06-16 11:45:01+05:30,3124.8,55,3130.42,1714532,125655.0,211984.0,3163.0,3163.0,3108.0,3134.3,31920200,3447.7,2820.9,3839.9,2896.0,3124.7,30,6,3124.6,21,3,3124.5,25,4,3124.4,111,8,3124.3,100,4,3124.8,3,1,3124.9,36,1,3125.8,40,3,3125.9,50,1,3126.0,643,5
2031,2026-06-16 11:45:01+05:30,3124.8,4,3130.42,1714532,125655.0,211984.0,3163.0,3163.0,3108.0,3134.3,31920200,3447.7,2820.9,3839.9,2896.0,3124.7,30,6,3124.6,21,3,3124.5,25,4,3124.4,111,8,3124.3,100,4,3124.8,3,1,3124.9,36,1,3125.8,40,3,3125.9,50,1,3126.0,643,5
2031,2026-06-16 11:45:02+05:30,3124.8,4,3130.42,1714532,125655.0,211984.0,3163.0,3163.0,3108.0,3134.3,31920200,3447.7,2820.9,3839.9,2896.0,3124.7,30,6,3124.6,21,3,3124.5,25,4,3124.4,111,8,3124.3,100,4,3124.8,3,1,3124.9,36,1,3125.8,40,3,3125.9,50,1,3126.0,643,5
2031,2026-06-16 11:45:02+05:30,3124.9,36,3130.42,1714585,126736.0,212087.0,3163.0,3163.0,3108.0,3134.3,31920200,3447.7,2820.9,3839.9,2896.0,3124.8,49,5,3124.7,63,7,3124.6,82,6,3124.5,100,7,3124.4,170,9,3125.8,15,2,3126.0,600,3,3126.1,49,1,3126.2,50,1,3126.4,21,1
2031,2026-06-16 11:45:02+05:30,3124.9,36,3130.42,1714585,126736.0,212087.0,3163.0,3163.0,3108.0,3134.3,31920200,3447.7,2820.9,3839.9,2896.0,3124.8,49,5,3124.7,63,7,3124.6,82,6,3124.5,100,7,3124.4,170,9,3125.8,15,2,3126.0,600,3,3126.1,49,1,3126.2,50,1,3126.4,21,1
2031,2026-06-16 11:45:03+05:30,3124.9,36,3130.42,1714585,126736.0,212087.0,3163.0,3163.0,3108.0,3134.3,31920200,3447.7,2820.9,3839.9,2896.0,3124.8,49,5,3124.7,63,7,3124.6,82,6,3124.5,100,7,3124.4,170,9,3125.8,15,2,3126.0,600,3,3126.1,49,1,3126.2,50,1,3126.4,21,1
2031,2026-06-16 11:45:03+05:30,3124.9,36,3130.42,1714585,126814.0,212102.0,3163.0,3163.0,3108.0,3134.3,31920200,3447.7,2820.9,3839.9,2896.0,3124.8,49,5,3124.7,64,8,3124.6,97,7,3124.5,138,7,3124.4,154,8,3125.7,5,1,3125.8,25,3,3126.0,600,3,3126.1,49,1,3126.2,50,1
2031,2026-06-16 11:45:03+05:30,3124.9,36,3130.42,1714585,126814.0,212102.0,3163.0,3163.0,3108.0,3134.3,31920200,3447.7,2820.9,3839.9,2896.0,3124.8,49,5,3124.7,64,8,3124.6,97,7,3124.5,138,7,3124.4,154,8,3125.7,5,1,3125.8,25,3,3126.0,600,3,3126.1,49,1,3126.2,50,1
2031,2026-06-16 11:45:04+05:30,3125.7,1,3130.42,1714586,127010.0,212197.0,3163.0,3163.0,3108.0,3134.3,31920200,3447.7,2820.9,3839.9,2896.0,3125.0,15,1,3124.8,78,6,3124.7,64,8,3124.6,51,4,3124.5,159,8,3125.7,67,3,3125.8,25,3,3126.0,600,3,3126.1,49,1,3126.2,50,1
2031,2026-06-16 11:45:04+05:30,3125.7,1,3130.42,1714586,127010.0,212197.0,3163.0,3163.0,3108.0,3134.3,31920200,3447.7,2820.9,3839.9,2896.0,3125.0,15,1,3124.8,78,6,3124.7,64,8,3124.6,51,4,3124.5,159,8,3125.7,67,3,3125.8,25,3,3126.0,600,3,3126.1,49,1,3126.2,50,1
2031,2026-06-16 11:45:04+05:30,3125.7,1,3130.42,1714586,127010.0,212197.0,3163.0,3163.0,3108.0,3134.3,31920200,3447.7,2820.9,3839.9,2896.0,3125.0,15,1,3124.8,78,6,3124.7,64,8,3124.6,51,4,3124.5,159,8,3125.7,67,3,3125.8,25,3,3126.0,600,3,3126.1,49,1,3126.2,50,1
2031,2026-06-16 11:45:05+05:30,3125.7,1,3130.42,1714586,127717.0,212237.0,3163.0,3163.0,3108.0,3134.3,31920200,3447.7,2820.9,3839.9,2896.0,3125.3,2,2,3125.1,16,2,3125.0,1,1,3124.9,7,2,3124.8,67,5,3125.7,80,4,3125.8,15,2,3126.0,600,3,3126.2,50,1,3126.4,21,1
2031,2026-06-16 11:45:05+05:30,3125.7,1,3130.42,1714586,127717.0,212237.0,3163.0,3163.0,3108.0,3134.3,31919000,3447.7,2820.9,3839.9,2896.0,3125.3,2,2,3125.1,16,2,3125.0,1,1,3124.9,7,2,3124.8,67,5,3125.7,80,4,3125.8,15,2,3126.0,600,3,3126.2,50,1,3126.4,21,1
2031,2026-06-16 11:45:05+05:30,3125.0,65,3130.42,1714586,127717.0,212237.0,3163.0,3163.0,3108.0,3134.3,31919000,3447.7,2820.9,3839.9,2896.0,3125.3,2,2,3125.1,16,2,3125.0,1,1,3124.9,7,2,3124.8,67,5,3125.7,80,4,3125.8,15,2,3126.0,600,3,3126.2,50,1,3126.4,21,1
2031,2026-06-16 11:45:06+05:30,3125.6,1,3130.42,1714846,127035.0,212948.0,3163.0,3163.0,3108.0,3134.3,31919000,3447.7,2820.9,3839.9,2896.0,3125.3,38,1,3125.0,53,2,3124.9,10,2,3124.8,82,5,3124.7,37,4,3125.6,96,2,3125.7,24,3,3125.8,15,2,3126.0,600,3,3126.2,50,1
2031,2026-06-16 11:45:06+05:30,3126.1,4,3130.42,1714846,127035.0,212948.0,3163.0,3163.0,3108.0,3134.3,31919000,3447.7,2820.9,3839.9,2896.0,3125.3,38,1,3125.0,53,2,3124.9,10,2,3124.8,82,5,3124.7,37,4,3125.6,96,2,3125.7,24,3,3125.8,15,2,3126.0,600,3,3126.2,50,1
2031,2026-06-16 11:45:07+05:30,3126.1,4,3130.41,1716263,128927.0,209845.0,3163.0,3163.0,3108.0,3134.3,31919000,3447.7,2820.9,3839.9,2896.0,3126.1,1,1,3126.0,205,4,3125.9,100,3,3125.8,186,6,3125.7,118,3,3126.9,156,1,3127.0,64,3,3127.4,49,1,3127.5,12,1,3127.6,70,2
2031,2026-06-16 11:45:08+05:30,3126.1,111,3130.41,1716385,128912.0,210476.0,3163.0,3163.0,3108.0,3134.3,31919000,3447.7,2820.9,3839.9,2896.0,3126.1,4,1,3126.0,249,8,3125.9,29,1,3125.8,105,4,3125.7,83,2,3126.9,241,2,3127.0,115,4,3127.3,49,1,3127.4,74,3,3127.6,77,4
2031,2026-06-16 11:45:08+05:30,3126.0,13,3130.41,1716385,128912.0,210476.0,3163.0,3163.0,3108.0,3134.3,31919000,3447.7,2820.9,3839.9,2896.0,3126.1,4,1,3126.0,249,8,3125.9,29,1,3125.8,105,4,3125.7,83,2,3126.9,241,2,3127.0,115,4,3127.3,49,1,3127.4,74,3,3127.6,77,4
2031,2026-06-16 11:45:09+05:30,3126.9,1,3130.41,1716557,128833.0,210488.0,3163.0,3163.0,3108.0,3134.3,31919000,3447.7,2820.9,3839.9,2896.0,3126.0,480,9,3125.9,79,3,3125.8,122,4,3125.7,164,4,3125.6,35,2,3126.9,127,2,3127.0,71,4,3127.4,50,1,3127.6,73,3,3127.7,400,2
2031,2026-06-16 11:45:09+05:30,3126.9,1,3130.41,1716557,128833.0,210488.0,3163.0,3163.0,3108.0,3134.3,31919000,3447.7,2820.9,3839.9,2896.0,3126.0,480,9,3125.9,79,3,3125.8,122,4,3125.7,164,4,3125.6,35,2,3126.9,127,2,3127.0,71,4,3127.4,50,1,3127.6,73,3,3127.7,400,2
2031,2026-06-16 11:45:10+05:30,3126.2,4,3130.41,1716580,128423.0,210632.0,3163.0,3163.0,3108.0,3134.3,31919000,3447.7,2820.9,3839.9,2896.0,3126.3,13,1,3126.0,423,3,3125.9,61,2,3125.8,28,3,3125.7,145,4,3126.8,88,1,3126.9,45,1,3127.0,71,4,3127.3,40,1,3127.6,73,3
2031,2026-06-16 11:45:10+05:30,3126.2,4,3130.41,1716580,128423.0,210632.0,3163.0,3163.0,3108.0,3134.3,31919000,3447.7,2820.9,3839.9,2896.0,3126.3,13,1,3126.0,423,3,3125.9,61,2,3125.8,28,3,3125.7,145,4,3126.8,88,1,3126.9,45,1,3127.0,71,4,3127.3,40,1,3127.6,73,3
2031,2026-06-16 11:45:11+05:30,3126.2,4,3130.41,1716580,128942.0,211114.0,3163.0,3163.0,3108.0,3134.3,31919000,3447.7,2820.9,3839.9,2896.0,3126.4,18,1,3126.0,423,3,3125.9,40,1,3125.8,28,3,3125.7,81,3,3126.7,91,2,3126.8,62,2,3126.9,86,2,3127.0,71,4,3127.1,40,1
2031,2026-06-16 11:45:12+05:30,3126.7,1,3130.41,1716581,129025.0,211114.0,3163.0,3163.0,3108.0,3134.3,31919000,3447.7,2820.9,3839.9,2896.0,3126.4,61,2,3126.0,438,4,3125.9,40,1,3125.8,100,6,3125.7,129,3,3126.7,115,3,3126.8,62,2,3126.9,86,2,3127.0,71,4,3127.3,40,1
2031,2026-06-16 11:45:12+05:30,3126.7,1,3130.41,1716581,129025.0,211114.0,3163.0,3163.0,3108.0,3134.3,31919000,3447.7,2820.9,3839.9,2896.0,3126.4,61,2,3126.0,438,4,3125.9,40,1,3125.8,100,6,3125.7,129,3,3126.7,115,3,3126.8,62,2,3126.9,86,2,3127.0,71,4,3127.3,40,1
2031,2026-06-16 11:45:13+05:30,3126.7,1,3130.41,1716581,129044.0,211136.0,3163.0,3163.0,3108.0,3134.3,31919000,3447.7,2820.9,3839.9,2896.0,3126.4,61,2,3126.0,453,5,3125.9,40,1,3125.8,60,4,3125.7,150,4,3126.7,116,4,3126.8,62,2,3126.9,86,2,3127.0,71,4,3127.3,40,1
2031,2026-06-16 11:45:14+05:30,3126.7,75,3130.41,1716772,129035.0,210936.0,3163.0,3163.0,3108.0,3134.3,31919000,3447.7,2820.9,3839.9,2896.0,3126.4,43,1,3126.0,453,5,3125.9,40,1,3125.8,92,4,3125.7,86,3,3126.6,21,1,3126.7,14,2,3126.8,62,2,3126.9,86,2,3127.0,71,4
2031,2026-06-16 11:45:14+05:30,3126.7,75,3130.41,1716772,129035.0,210936.0,3163.0,3163.0,3108.0,3134.3,31919000,3447.7,2820.9,3839.9,2896.0,3126.4,43,1,3126.0,453,5,3125.9,40,1,3125.8,92,4,3125.7,86,3,3126.6,21,1,3126.7,14,2,3126.8,62,2,3126.9,86,2,3127.0,71,4
2031,2026-06-16 11:45:15+05:30,3126.6,1,3130.41,1716773,129115.0,210978.0,3163.0,3163.0,3108.0,3134.3,31919000,3447.7,2820.9,3839.9,2896.0,3126.5,2,2,3126.4,59,3,3126.0,459,5,3125.9,59,2,3125.8,92,4,3126.6,20,1,3126.7,14,2,3126.8,62,2,3126.9,86,2,3127.0,64,3
2031,2026-06-16 11:45:15+05:30,3126.6,1,3130.41,1716773,129115.0,210978.0,3163.0,3163.0,3108.0,3134.3,31919000,3447.7,2820.9,3839.9,2896.0,3126.5,2,2,3126.4,59,3,3126.0,459,5,3125.9,59,2,3125.8,92,4,3126.6,20,1,3126.7,14,2,3126.8,62,2,3126.9,86,2,3127.0,64,3
2031,2026-06-16 11:45:16+05:30,3126.0,200,3130.41,1717175,128266.0,210965.0,3163.0,3163.0,3108.0,3134.3,31919000,3447.7,2820.9,3839.9,2896.0,3126.0,265,7,3125.8,37,3,3125.7,41,2,3125.6,41,3,3125.5,37,2,3126.1,20,1,3126.2,198,1,3126.7,1,1,3126.8,62,2,3126.9,86,2
2031,2026-06-16 11:45:16+05:30,3126.0,44,3130.41,1717175,128266.0,210965.0,3163.0,3163.0,3108.0,3134.3,31919000,3447.7,2820.9,3839.9,2896.0,3126.0,265,7,3125.8,37,3,3125.7,41,2,3125.6,41,3,3125.5,37,2,3126.1,20,1,3126.2,198,1,3126.7,1,1,3126.8,62,2,3126.9,86,2
2031,2026-06-16 11:45:17+05:30,3126.0,3,3130.41,1717222,128311.0,211384.0,3163.0,3163.0,3108.0,3134.3,31919000,3447.7,2820.9,3839.9,2896.0,3126.0,201,5,3125.9,34,1,3125.8,28,2,3125.7,12,1,3125.6,73,4,3126.1,34,2,3126.2,198,1,3126.7,1,1,3126.8,62,2,3126.9,86,2
2031,2026-06-16 11:45:17+05:30,3126.0,5,3130.41,1717222,128311.0,211384.0,3163.0,3163.0,3108.0,3134.3,31919000,3447.7,2820.9,3839.9,2896.0,3126.0,201,5,3125.9,34,1,3125.8,28,2,3125.7,12,1,3125.6,73,4,3126.1,34,2,3126.2,198,1,3126.7,1,1,3126.8,62,2,3126.9,86,2
2031,2026-06-16 11:45:18+05:30,3126.0,5,3130.41,1717227,128301.0,212012.0,3163.0,3163.0,3108.0,3134.3,31919000,3447.7,2820.9,3839.9,2896.0,3126.0,214,6,3125.9,34,1,3125.8,9,1,3125.7,22,2,3125.6,54,3,3126.1,34,2,3126.2,198,1,3126.7,1,1,3126.8,62,2,3126.9,41,1
2031,2026-06-16 11:45:18+05:30,3126.0,1,3130.41,1717227,128301.0,212012.0,3163.0,3163.0,3108.0,3134.3,31919000,3447.7,2820.9,3839.9,2896.0,3126.0,214,6,3125.9,34,1,3125.8,9,1,3125.7,22,2,3125.6,54,3,3126.1,34,2,3126.2,198,1,3126.7,1,1,3126.8,62,2,3126.9,41,1
2031,2026-06-16 11:45:19+05:30,3126.1,1,3130.41,1717229,128300.0,212017.0,3163.0,3163.0,3108.0,3134.3,31919000,3447.7,2820.9,3839.9,2896.0,3126.0,213,6,3125.9,34,1,3125.8,9,1,3125.7,22,2,3125.6,54,3,3126.1,33,2,3126.2,198,1,3126.7,1,1,3126.8,62,2,3126.9,41,1
2031,2026-06-16 11:45:19+05:30,3126.1,1,3130.41,1717229,128300.0,212017.0,3163.0,3163.0,3108.0,3134.3,31919000,3447.7,2820.9,3839.9,2896.0,3126.0,213,6,3125.9,34,1,3125.8,9,1,3125.7,22,2,3125.6,54,3,3126.1,33,2,3126.2,198,1,3126.7,1,1,3126.8,62,2,3126.9,41,1
2031,2026-06-16 11:45:20+05:30,3126.2,1,3130.41,1717263,128058.0,210794.0,3163.0,3163.0,3108.0,3134.3,31919000,3447.7,2820.9,3839.9,2896.0,3126.0,227,7,3125.9,6,1,3125.8,33,2,3125.7,37,2,3125.6,37,3,3126.2,235,2,3126.7,1,1,3126.8,62,2,3126.9,41,1,3127.0,85,4
2031,2026-06-16 11:45:20+05:30,3126.0,2,3130.41,1717263,128058.0,210794.0,3163.0,3163.0,3108.0,3134.3,31919000,3447.7,2820.9,3839.9,2896.0,3126.0,227,7,3125.9,6,1,3125.8,33,2,3125.7,37,2,3125.6,37,3,3126.2,235,2,3126.7,1,1,3126.8,62,2,3126.9,41,1,3127.0,85,4
2031,2026-06-16 11:45:21+05:30,3126.1,48,3130.41,1717512,128386.0,210454.0,3163.0,3163.0,3108.0,3134.3,31919000,3447.7,2820.9,3839.9,2896.0,3126.1,16,1,3126.0,368,4,3125.9,21,1,3125.8,18,2,3125.7,37,2,3126.2,38,1,3126.7,1,1,3126.8,14,1,3126.9,41,1,3127.0,64,3
2031,2026-06-16 11:45:21+05:30,3126.1,27,3130.41,1717512,128386.0,210454.0,3163.0,3163.0,3108.0,3134.3,31919000,3447.7,2820.9,3839.9,2896.0,3126.1,16,1,3126.0,368,4,3125.9,21,1,3125.8,18,2,3125.7,37,2,3126.2,38,1,3126.7,1,1,3126.8,14,1,3126.9,41,1,3127.0,64,3
2031,2026-06-16 11:45:22+05:30,3126.1,27,3130.41,1717539,128371.0,210694.0,3163.0,3163.0,3108.0,3134.3,31919000,3447.7,2820.9,3839.9,2896.0,3126.1,16,1,3126.0,354,3,3125.9,19,1,3125.8,30,2,3125.7,65,3,3126.2,114,3,3126.7,1,1,3126.8,14,1,3127.0,64,3,3127.2,21,1
2031,2026-06-16 11:45:22+05:30,3126.1,3,3130.41,1717539,128371.0,210694.0,3163.0,3163.0,3108.0,3134.3,31919000,3447.7,2820.9,3839.9,2896.0,3126.1,16,1,3126.0,354,3,3125.9,19,1,3125.8,30,2,3125.7,65,3,3126.2,114,3,3126.7,1,1,3126.8,14,1,3127.0,64,3,3127.2,21,1
2031,2026-06-16 11:45:23+05:30,3126.2,1,3130.41,1717543,128272.0,210199.0,3163.0,3163.0,3108.0,3134.3,31919000,3447.7,2820.9,3839.9,2896.0,3126.1,13,1,3126.0,407,5,3125.9,9,1,3125.8,116,4,3125.7,40,2,3126.2,113,3,3126.7,1,1,3126.8,14,1,3127.0,64,3,3127.2,21,1
2031,2026-06-16 11:45:23+05:30,3126.1,1,3130.41,1717543,128272.0,210199.0,3163.0,3163.0,3108.0,3134.3,31919000,3447.7,2820.9,3839.9,2896.0,3126.1,13,1,3126.0,407,5,3125.9,9,1,3125.8,116,4,3125.7,40,2,3126.2,113,3,3126.7,1,1,3126.8,14,1,3127.0,64,3,3127.2,21,1
2031,2026-06-16 11:45:24+05:30,3126.1,1,3130.41,1717544,128314.0,210290.0,3163.0,3163.0,3108.0,3134.3,31919000,3447.7,2820.9,3839.9,2896.0,3126.1,26,2,3126.0,354,3,3125.8,58,3,3125.7,82,4,3125.6,80,3,3126.2,113,3,3126.7,1,1,3126.8,14,1,3127.0,64,3,3127.2,21,1
2031,2026-06-16 11:45:25+05:30,3126.2,1,3130.41,1717698,128372.0,210177.0,3163.0,3163.0,3108.0,3134.3,31919000,3447.7,2820.9,3839.9,2896.0,3126.0,354,3,3125.9,55,2,3125.8,48,3,3125.7,120,3,3125.6,16,2,3126.2,22,1,3126.7,1,1,3126.8,14,1,3127.0,64,3,3127.2,21,1
2031,2026-06-16 11:45:25+05:30,3126.2,1,3130.41,1717698,128372.0,210177.0,3163.0,3163.0,3108.0,3134.3,31919000,3447.7,2820.9,3839.9,2896.0,3126.0,354,3,3125.9,55,2,3125.8,48,3,3125.7,120,3,3125.6,16,2,3126.2,22,1,3126.7,1,1,3126.8,14,1,3127.0,64,3,3127.2,21,1
2031,2026-06-16 11:45:26+05:30,3126.2,1,3130.41,1717698,128127.0,210865.0,3163.0,3163.0,3108.0,3134.3,31919000,3447.7,2820.9,3839.9,2896.0,3126.0,354,3,3125.7,80,4,3125.6,16,2,3125.5,37,2,3125.4,270,8,3126.1,17,1,3126.2,24,2,3126.7,1,1,3126.8,14,1,3127.0,64,3
2031,2026-06-16 11:45:27+05:30,3126.2,1,3130.41,1717698,128151.0,210863.0,3163.0,3163.0,3108.0,3134.3,31919000,3447.7,2820.9,3839.9,2896.0,3126.0,354,3,3125.8,21,1,3125.7,65,3,3125.6,130,4,3125.5,37,2,3126.1,17,1,3126.2,24,2,3126.7,1,1,3126.8,14,1,3127.0,64,3
2031,2026-06-16 11:45:28+05:30,3126.2,1,3130.41,1717819,128813.0,210422.0,3163.0,3163.0,3108.0,3134.3,31919000,3447.7,2820.9,3839.9,2896.0,3126.2,21,1,3126.1,29,3,3126.0,456,11,3125.9,282,4,3125.8,169,5,3127.0,15,1,3127.5,200,1,3127.6,420,3,3127.8,71,2,3127.9,26,2
2031,2026-06-16 11:45:28+05:30,3126.2,1,3130.41,1717819,128813.0,210422.0,3163.0,3163.0,3108.0,3134.3,31919000,3447.7,2820.9,3839.9,2896.0,3126.2,21,1,3126.1,29,3,3126.0,456,11,3125.9,282,4,3125.8,169,5,3127.0,15,1,3127.5,200,1,3127.6,420,3,3127.8,71,2,3127.9,26,2
2031,2026-06-16 11:45:29+05:30,3126.0,64,3130.41,1717883,128915.0,210476.0,3163.0,3163.0,3108.0,3134.3,31919000,3447.7,2820.9,3839.9,2896.0,3126.0,372,10,3125.9,30,2,3125.8,232,7,3125.7,33,2,3125.6,125,6,3126.9,8,1,3127.0,53,3,3127.1,62,1,3127.5,200,1,3127.6,509,5
2031,2026-06-16 11:45:29+05:30,3126.0,64,3130.41,1717883,128915.0,210476.0,3163.0,3163.0,3108.0,3134.3,31919000,3447.7,2820.9,3839.9,2896.0,3126.0,372,10,3125.9,30,2,3125.8,232,7,3125.7,33,2,3125.6,125,6,3126.9,8,1,3127.0,53,3,3127.1,62,1,3127.5,200,1,3127.6,509,5
2031,2026-06-16 11:45:30+05:30,3126.9,1,3130.41,1717898,128840.0,210621.0,3163.0,3163.0,3108.0,3134.3,31919000,3447.7,2820.9,3839.9,2896.0,3126.1,5,1,3126.0,394,11,3125.9,9,1,3125.8,183,6,3125.7,12,1,3126.9,1,1,3127.0,109,4,3127.1,7,1,3127.4,20,1,3127.5,200,1
2031,2026-06-16 11:45:30+05:30,3126.9,1,3130.41,1717898,128840.0,210621.0,3163.0,3163.0,3108.0,3134.3,31919000,3447.7,2820.9,3839.9,2896.0,3126.1,5,1,3126.0,394,11,3125.9,9,1,3125.8,183,6,3125.7,12,1,3126.9,1,1,3127.0,109,4,3127.1,7,1,3127.4,20,1,3127.5,200,1
2031,2026-06-16 11:45:31+05:30,3126.9,1,3130.41,1717898,129086.0,210647.0,3163.0,3163.0,3108.0,3134.3,31919000,3447.7,2820.9,3839.9,2896.0,3126.1,5,1,3126.0,373,10,3125.9,21,1,3125.8,95,4,3125.7,125,3,3126.8,1,1,3126.9,1,1,3127.0,109,4,3127.1,7,1,3127.4,20,1
2031,2026-06-16 11:45:32+05:30,3126.8,1,3130.41,1717898,129086.0,210647.0,3163.0,3163.0,3108.0,3134.3,31919000,3447.7,2820.9,3839.9,2896.0,3126.1,5,1,3126.0,373,10,3125.9,21,1,3125.8,95,4,3125.7,125,3,3126.8,1,1,3126.9,1,1,3127.0,109,4,3127.1,7,1,3127.4,20,1
2031,2026-06-16 11:45:32+05:30,3126.8,1,3130.41,1717899,129089.0,210654.0,3163.0,3163.0,3108.0,3134.3,31919000,3447.7,2820.9,3839.9,2896.0,3126.1,5,1,3126.0,373,10,3125.9,21,1,3125.8,158,4,3125.7,61,2,3126.9,1,1,3127.0,109,4,3127.1,7,1,3127.4,20,1,3127.5,238,2
2031,2026-06-16 11:45:34+05:30,3126.8,1,3130.41,1717899,129125.0,210571.0,3163.0,3163.0,3108.0,3134.3,31919000,3447.7,2820.9,3839.9,2896.0,3126.3,18,1,3126.0,373,10,3125.9,21,1,3125.8,158,4,3125.7,81,3,3126.9,1,1,3127.0,109,4,3127.1,7,1,3127.4,84,2,3127.5,4,1
2031,2026-06-16 11:45:35+05:30,3126.8,1,3130.41,1717899,129867.0,210658.0,3163.0,3163.0,3108.0,3134.3,31919000,3447.7,2820.9,3839.9,2896.0,3126.8,1,1,3126.4,15,1,3126.0,388,11,3125.9,84,2,3125.8,62,2,3126.9,1,1,3127.0,109,4,3127.1,7,1,3127.4,84,2,3127.6,450,3
2031,2026-06-16 11:45:35+05:30,3126.4,24,3130.41,1717899,129867.0,210658.0,3163.0,3163.0,3108.0,3134.3,31919000,3447.7,2820.9,3839.9,2896.0,3126.8,1,1,3126.4,15,1,3126.0,388,11,3125.9,84,2,3125.8,62,2,3126.9,1,1,3127.0,109,4,3127.1,7,1,3127.4,84,2,3127.6,450,3
2031,2026-06-16 11:45:36+05:30,3126.4,24,3130.41,1717924,129162.0,210578.0,3163.0,3163.0,3108.0,3134.3,31919000,3447.7,2820.9,3839.9,2896.0,3126.4,15,1,3126.0,335,9,3125.9,51,2,3125.8,126,3,3125.7,110,4,3126.8,2,1,3126.9,46,2,3127.0,89,3,3127.1,7,1,3127.4,38,1
2031,2026-06-16 11:45:36+05:30,3126.4,1,3130.41,1717924,129162.0,210578.0,3163.0,3163.0,3108.0,3134.3,31919000,3447.7,2820.9,3839.9,2896.0,3126.4,15,1,3126.0,335,9,3125.9,51,2,3125.8,126,3,3125.7,110,4,3126.8,2,1,3126.9,46,2,3127.0,89,3,3127.1,7,1,3127.4,38,1
2031,2026-06-16 11:45:37+05:30,3126.4,1,3130.41,1717926,128834.0,210598.0,3163.0,3163.0,3108.0,3134.3,31919000,3447.7,2820.9,3839.9,2896.0,3126.4,14,1,3126.1,17,1,3126.0,298,6,3125.9,51,2,3125.8,126,3,3126.5,1,1,3126.9,46,2,3127.0,89,3,3127.1,7,1,3127.4,38,1
2031,2026-06-16 11:45:37+05:30,3126.4,1,3130.41,1717926,128834.0,210598.0,3163.0,3163.0,3108.0,3134.3,31919000,3447.7,2820.9,3839.9,2896.0,3126.4,14,1,3126.1,17,1,3126.0,298,6,3125.9,51,2,3125.8,126,3,3126.5,1,1,3126.9,46,2,3127.0,89,3,3127.1,7,1,3127.4,38,1
2031,2026-06-16 11:45:38+05:30,3126.4,1,3130.41,1718072,128648.0,210279.0,3163.0,3163.0,3108.0,3134.3,31919000,3447.7,2820.9,3839.9,2896.0,3126.1,18,1,3126.0,298,6,3125.7,72,3,3125.6,22,2,3125.5,100,4,3126.9,16,1,3127.0,33,2,3127.1,29,1,3127.2,11,2,3127.3,57,2
2031,2026-06-16 11:45:38+05:30,3126.1,5,3130.41,1718072,128648.0,210279.0,3163.0,3163.0,3108.0,3134.3,31919000,3447.7,2820.9,3839.9,2896.0,3126.1,18,1,3126.0,298,6,3125.7,72,3,3125.6,22,2,3125.5,100,4,3126.9,16,1,3127.0,33,2,3127.1,29,1,3127.2,11,2,3127.3,57,2
2031,2026-06-16 11:45:39+05:30,3126.0,151,3130.41,1718475,127475.0,211222.0,3163.0,3163.0,3108.0,3134.3,31919000,3447.7,2820.9,3839.9,2896.0,3126.0,142,5,3125.7,21,1,3125.6,1,1,3125.5,22,2,3125.3,129,5,3126.9,63,6,3127.0,44,3,3127.1,75,2,3127.2,83,5,3127.3,234,2
2031,2026-06-16 11:45:39+05:30,3126.0,20,3130.41,1718475,127475.0,211222.0,3163.0,3163.0,3108.0,3134.3,31919000,3447.7,2820.9,3839.9,2896.0,3126.0,142,5,3125.7,21,1,3125.6,1,1,3125.5,22,2,3125.3,129,5,3126.9,63,6,3127.0,44,3,3127.1,75,2,3127.2,83,5,3127.3,234,2
2031,2026-06-16 11:45:40+05:30,3126.0,20,3130.41,1718495,127887.0,211278.0,3163.0,3163.0,3108.0,3134.3,31919000,3447.7,2820.9,3839.9,2896.0,3126.1,14,1,3126.0,107,4,3125.6,1,1,3125.5,22,2,3125.3,141,5,3126.6,41,1,3126.7,32,3,3126.8,53,2,3126.9,70,6,3127.0,55,3
2031,2026-06-16 11:45:40+05:30,3126.0,1,3130.41,1718495,127887.0,211278.0,3163.0,3163.0,3108.0,3134.3,31919000,3447.7,2820.9,3839.9,2896.0,3126.1,14,1,3126.0,107,4,3125.6,1,1,3125.5,22,2,3125.3,141,5,3126.6,41,1,3126.7,32,3,3126.8,53,2,3126.9,70,6,3127.0,55,3
2031,2026-06-16 11:45:40+05:30,3126.0,1,3130.41,1718537,127503.0,211201.0,3163.0,3163.0,3108.0,3134.3,31919000,3447.7,2820.9,3839.9,2896.0,3126.0,86,4,3125.6,1,1,3125.5,48,2,3125.4,6,1,3125.3,91,4,3126.6,6,1,3126.7,15,1,3126.8,53,2,3126.9,65,3,3127.0,45,2
2031,2026-06-16 11:45:41+05:30,3126.6,1,3130.41,1718537,127503.0,211201.0,3163.0,3163.0,3108.0,3134.3,31919000,3447.7,2820.9,3839.9,2896.0,3126.0,86,4,3125.6,1,1,3125.5,48,2,3125.4,6,1,3125.3,91,4,3126.6,6,1,3126.7,15,1,3126.8,53,2,3126.9,65,3,3127.0,45,2
2031,2026-06-16 11:45:41+05:30,3126.6,1,3130.41,1718538,127691.0,211257.0,3163.0,3163.0,3108.0,3134.3,31919000,3447.7,2820.9,3839.9,2896.0,3126.0,87,4,3125.6,15,2,3125.5,48,2,3125.4,6,1,3125.3,91,4,3126.5,4,1,3126.6,45,2,3126.7,15,1,3126.8,90,3,3126.9,28,2
2031,2026-06-16 11:45:42+05:30,3126.6,1,3130.41,1718538,127700.0,211255.0,3163.0,3163.0,3108.0,3134.3,31919000,3447.7,2820.9,3839.9,2896.0,3126.0,102,5,3125.6,1,1,3125.5,48,2,3125.4,6,1,3125.3,91,4,3126.5,45,2,3126.6,5,1,3126.7,15,1,3126.8,90,3,3126.9,15,1
2031,2026-06-16 11:45:43+05:30,3126.0,1,3130.41,1718538,127700.0,211255.0,3163.0,3163.0,3108.0,3134.3,31919000,3447.7,2820.9,3839.9,2896.0,3126.0,102,5,3125.6,1,1,3125.5,48,2,3125.4,6,1,3125.3,91,4,3126.5,45,2,3126.6,5,1,3126.7,15,1,3126.8,90,3,3126.9,15,1
2031,2026-06-16 11:45:44+05:30,3126.0,1,3130.41,1718539,127700.0,211280.0,3163.0,3163.0,3108.0,3134.3,31919000,3447.7,2820.9,3839.9,2896.0,3126.0,101,5,3125.6,1,1,3125.5,48,2,3125.4,6,1,3125.3,91,4,3126.5,63,3,3126.7,15,1,3126.8,90,3,3126.9,15,1,3127.0,45,2
2031,2026-06-16 11:45:44+05:30,3126.1,1,3130.41,1718539,127700.0,211280.0,3163.0,3163.0,3108.0,3134.3,31919000,3447.7,2820.9,3839.9,2896.0,3126.0,101,5,3125.6,1,1,3125.5,48,2,3125.4,6,1,3125.3,91,4,3126.5,63,3,3126.7,15,1,3126.8,90,3,3126.9,15,1,3127.0,45,2
2031,2026-06-16 11:45:45+05:30,3126.1,1,3130.41,1718544,127667.0,212104.0,3163.0,3163.0,3108.0,3134.3,31919000,3447.7,2820.9,3839.9,2896.0,3126.1,12,1,3126.0,71,3,3125.6,15,2,3125.5,48,2,3125.4,6,1,3126.2,41,2,3126.5,18,1,3126.7,52,2,3126.8,10,1,3126.9,15,1
2031,2026-06-16 11:45:45+05:30,3126.1,9,3130.41,1718544,127667.0,212104.0,3163.0,3163.0,3108.0,3134.3,31919000,3447.7,2820.9,3839.9,2896.0,3126.1,12,1,3126.0,71,3,3125.6,15,2,3125.5,48,2,3125.4,6,1,3126.2,41,2,3126.5,18,1,3126.7,52,2,3126.8,10,1,3126.9,15,1
2031,2026-06-16 11:45:46+05:30,3126.1,9,3130.41,1718643,127945.0,211727.0,3163.0,3163.0,3108.0,3134.3,31919000,3447.7,2820.9,3839.9,2896.0,3126.0,105,5,3125.6,1,1,3125.5,30,2,3125.4,21,1,3125.3,91,4,3126.1,1,1,3126.2,19,1,3126.7,25,2,3126.8,10,1,3126.9,15,1
2031,2026-06-16 11:45:46+05:30,3126.0,1,3130.41,1718643,127945.0,211727.0,3163.0,3163.0,3108.0,3134.3,31919000,3447.7,2820.9,3839.9,2896.0,3126.0,105,5,3125.6,1,1,3125.5,30,2,3125.4,21,1,3125.3,91,4,3126.1,1,1,3126.2,19,1,3126.7,25,2,3126.8,10,1,3126.9,15,1
2031,2026-06-16 11:45:47+05:30,3126.0,1,3130.41,1718645,128041.0,211814.0,3163.0,3163.0,3108.0,3134.3,31919000,3447.7,2820.9,3839.9,2896.0,3126.0,126,5,3125.6,14,2,3125.5,74,3,3125.3,112,5,3125.2,14,1,3126.1,39,1,3126.2,19,1,3126.7,10,1,3126.8,46,2,3126.9,34,2
2031,2026-06-16 11:45:47+05:30,3126.0,1,3130.41,1718645,128041.0,211814.0,3163.0,3163.0,3108.0,3134.3,31919000,3447.7,2820.9,3839.9,2896.0,3126.0,126,5,3125.6,14,2,3125.5,74,3,3125.3,112,5,3125.2,14,1,3126.1,39,1,3126.2,19,1,3126.7,10,1,3126.8,46,2,3126.9,34,2
2031,2026-06-16 11:45:47+05:30,3126.1,1,3130.41,1718645,128041.0,211814.0,3163.0,3163.0,3108.0,3134.3,31919000,3447.7,2820.9,3839.9,2896.0,3126.0,126,5,3125.6,14,2,3125.5,74,3,3125.3,112,5,3125.2,14,1,3126.1,39,1,3126.2,19,1,3126.7,10,1,3126.8,46,2,3126.9,34,2
2031,2026-06-16 11:45:48+05:30,3126.1,1,3130.41,1718646,128091.0,211785.0,3163.0,3163.0,3108.0,3134.3,31919000,3447.7,2820.9,3839.9,2896.0,3126.0,126,5,3125.6,14,2,3125.5,74,3,3125.3,140,6,3125.2,78,2,3126.1,94,3,3126.8,46,2,3126.9,15,1,3127.0,15,1,3127.1,450,3
2031,2026-06-16 11:45:48+05:30,3126.1,2,3130.41,1718646,128091.0,211785.0,3163.0,3163.0,3108.0,3134.3,31919000,3447.7,2820.9,3839.9,2896.0,3126.0,126,5,3125.6,14,2,3125.5,74,3,3125.3,140,6,3125.2,78,2,3126.1,94,3,3126.8,46,2,3126.9,15,1,3127.0,15,1,3127.1,450,3
2031,2026-06-16 11:45:49+05:30,3126.1,2,3130.41,1718646,128091.0,211785.0,3163.0,3163.0,3108.0,3134.3,31919000,3447.7,2820.9,3839.9,2896.0,3126.0,126,5,3125.6,14,2,3125.5,74,3,3125.3,140,6,3125.2,78,2,3126.1,94,3,3126.8,46,2,3126.9,15,1,3127.0,15,1,3127.1,450,3
2031,2026-06-16 11:45:49+05:30,3126.1,2,3130.41,1718750,128621.0,211325.0,3163.0,3163.0,3108.0,3134.3,31919000,3447.7,2820.9,3839.9,2896.0,3126.0,141,6,3125.6,1,1,3125.5,66,3,3125.4,64,1,3125.3,138,6,3126.7,11,1,3126.8,10,1,3126.9,66,3,3127.0,15,1,3127.1,450,3
2031,2026-06-16 11:45:50+05:30,3126.1,2,3130.41,1718750,128620.0,211392.0,3163.0,3163.0,3108.0,3134.3,31919000,3447.7,2820.9,3839.9,2896.0,3126.0,126,5,3125.6,14,2,3125.5,66,3,3125.4,64,1,3125.3,138,6,3126.7,18,2,3126.8,29,1,3126.9,44,3,3127.0,20,2,3127.1,50,1
2031,2026-06-16 11:45:50+05:30,3126.0,1,3130.41,1718750,128620.0,211392.0,3163.0,3163.0,3108.0,3134.3,31919000,3447.7,2820.9,3839.9,2896.0,3126.0,126,5,3125.6,14,2,3125.5,66,3,3125.4,64,1,3125.3,138,6,3126.7,18,2,3126.8,29,1,3126.9,44,3,3127.0,20,2,3127.1,50,1
2031,2026-06-16 11:45:51+05:30,3126.0,1,3130.41,1718762,128180.0,211760.0,3163.0,3163.0,3108.0,3134.3,31919000,3447.7,2820.9,3839.9,2896.0,3126.0,132,6,3125.6,1,1,3125.5,46,2,3125.4,85,2,3125.3,119,5,3126.4,4,1,3126.7,42,2,3126.9,44,3,3127.0,20,2,3127.1,54,2
2031,2026-06-16 11:45:51+05:30,3126.0,1,3130.41,1718762,128180.0,211760.0,3163.0,3163.0,3108.0,3134.3,31919000,3447.7,2820.9,3839.9,2896.0,3126.0,132,6,3125.6,1,1,3125.5,46,2,3125.4,85,2,3125.3,119,5,3126.4,4,1,3126.7,42,2,3126.9,44,3,3127.0,20,2,3127.1,54,2
2031,2026-06-16 11:45:51+05:30,3126.4,1,3130.41,1718762,128180.0,211760.0,3163.0,3163.0,3108.0,3134.3,31919000,3447.7,2820.9,3839.9,2896.0,3126.0,132,6,3125.6,1,1,3125.5,46,2,3125.4,85,2,3125.3,119,5,3126.4,4,1,3126.7,42,2,3126.9,44,3,3127.0,20,2,3127.1,54,2
2031,2026-06-16 11:45:52+05:30,3126.3,1,3130.4,1719364,127780.0,211329.0,3163.0,3163.0,3108.0,3134.3,31919000,3447.7,2820.9,3839.9,2896.0,3126.0,282,5,3125.6,24,2,3125.5,89,4,3125.4,21,1,3125.3,91,4,3126.3,66,1,3126.4,4,2,3126.5,11,2,3126.7,7,1,3126.9,67,3
2031,2026-06-16 11:45:52+05:30,3126.3,1,3130.4,1719364,127780.0,211329.0,3163.0,3163.0,3108.0,3134.3,31919000,3447.7,2820.9,3839.9,2896.0,3126.0,282,5,3125.6,24,2,3125.5,89,4,3125.4,21,1,3125.3,91,4,3126.3,66,1,3126.4,4,2,3126.5,11,2,3126.7,7,1,3126.9,67,3
2031,2026-06-16 11:45:52+05:30,3126.3,1,3130.4,1719364,127780.0,211329.0,3163.0,3163.0,3108.0,3134.3,31919000,3447.7,2820.9,3839.9,2896.0,3126.0,282,5,3125.6,24,2,3125.5,89,4,3125.4,21,1,3125.3,91,4,3126.3,66,1,3126.4,4,2,3126.5,11,2,3126.7,7,1,3126.9,67,3
2031,2026-06-16 11:45:53+05:30,3126.3,1,3130.4,1719364,127871.0,211286.0,3163.0,3163.0,3108.0,3134.3,31919000,3447.7,2820.9,3839.9,2896.0,3126.0,326,6,3125.6,45,3,3125.5,89,4,3125.4,83,2,3125.3,91,4,3126.3,84,2,3126.4,4,2,3126.5,10,1,3126.9,67,3,3127.0,22,3
2031,2026-06-16 11:45:54+05:30,3126.3,1,3130.4,1719364,128044.0,211279.0,3163.0,3163.0,3108.0,3134.3,31919000,3447.7,2820.9,3839.9,2896.0,3126.1,18,1,3126.0,308,5,3125.6,45,3,3125.5,70,3,3125.4,83,2,3126.3,91,3,3126.4,4,2,3126.5,10,1,3126.9,25,2,3127.0,41,4
2031,2026-06-16 11:45:54+05:30,3126.3,1,3130.4,1719364,128044.0,211279.0,3163.0,3163.0,3108.0,3134.3,31919000,3447.7,2820.9,3839.9,2896.0,3126.1,18,1,3126.0,308,5,3125.6,45,3,3125.5,70,3,3125.4,83,2,3126.3,91,3,3126.4,4,2,3126.5,10,1,3126.9,25,2,3127.0,41,4
2031,2026-06-16 11:45:54+05:30,3126.3,1,3130.4,1719364,128044.0,211279.0,3163.0,3163.0,3108.0,3134.3,31919000,3447.7,2820.9,3839.9,2896.0,3126.1,18,1,3126.0,308,5,3125.6,45,3,3125.5,70,3,3125.4,83,2,3126.3,91,3,3126.4,4,2,3126.5,10,1,3126.9,25,2,3127.0,41,4
2031,2026-06-16 11:45:55+05:30,3126.3,1,3130.4,1719365,128065.0,211278.0,3163.0,3163.0,3108.0,3134.3,31919000,3447.7,2820.9,3839.9,2896.0,3126.1,20,2,3126.0,308,5,3125.6,45,3,3125.5,70,3,3125.4,83,2,3126.3,90,3,3126.4,4,2,3126.5,10,1,3126.9,25,2,3127.0,41,4
2031,2026-06-16 11:45:55+05:30,3126.1,61,3130.4,1719365,128065.0,211278.0,3163.0,3163.0,3108.0,3134.3,31919000,3447.7,2820.9,3839.9,2896.0,3126.1,20,2,3126.0,308,5,3125.6,45,3,3125.5,70,3,3125.4,83,2,3126.3,90,3,3126.4,4,2,3126.5,10,1,3126.9,25,2,3127.0,41,4
2031,2026-06-16 11:45:56+05:30,3126.1,61,3130.4,1719446,128049.0,212217.0,3163.0,3163.0,3108.0,3134.3,31919000,3447.7,2820.9,3839.9,2896.0,3126.1,18,1,3126.0,308,5,3125.6,24,2,3125.5,91,4,3125.4,64,1,3126.2,2,1,3126.3,25,2,3126.4,4,2,3126.5,10,1,3126.9,25,2
2031,2026-06-16 11:45:56+05:30,3126.1,61,3130.4,1719446,128049.0,212217.0,3163.0,3163.0,3108.0,3134.3,31919000,3447.7,2820.9,3839.9,2896.0,3126.1,18,1,3126.0,308,5,3125.6,24,2,3125.5,91,4,3125.4,64,1,3126.2,2,1,3126.3,25,2,3126.4,4,2,3126.5,10,1,3126.9,25,2
2031,2026-06-16 11:45:56+05:30,3126.1,7,3130.4,1719446,128049.0,212217.0,3163.0,3163.0,3108.0,3134.3,31919000,3447.7,2820.9,3839.9,2896.0,3126.1,18,1,3126.0,308,5,3125.6,24,2,3125.5,91,4,3125.4,64,1,3126.2,2,1,3126.3,25,2,3126.4,4,2,3126.5,10,1,3126.9,25,2
2031,2026-06-16 11:45:57+05:30,3126.0,142,3130.18,1793524,129478.0,211276.0,3163.0,3163.0,3108.0,3134.3,31919000,3447.7,2820.9,3839.9,2896.0,3125.2,28,2,3125.1,32,2,3125.0,3107,3,3124.9,31,1,3124.8,2,1,3126.0,440,3,3126.2,1,1,3126.3,30,3,3126.4,71,4,3126.8,220,2
2031,2026-06-16 11:45:57+05:30,3126.0,142,3130.18,1793524,129478.0,211276.0,3163.0,3163.0,3108.0,3134.3,31919000,3447.7,2820.9,3839.9,2896.0,3125.2,28,2,3125.1,32,2,3125.0,3107,3,3124.9,31,1,3124.8,2,1,3126.0,440,3,3126.2,1,1,3126.3,30,3,3126.4,71,4,3126.8,220,2
2031,2026-06-16 11:45:57+05:30,3125.0,193,3130.18,1793524,129478.0,211276.0,3163.0,3163.0,3108.0,3134.3,31919000,3447.7,2820.9,3839.9,2896.0,3125.2,28,2,3125.1,32,2,3125.0,3107,3,3124.9,31,1,3124.8,2,1,3126.0,440,3,3126.2,1,1,3126.3,30,3,3126.4,71,4,3126.8,220,2
2031,2026-06-16 11:45:58+05:30,3125.1,1,3130.18,1793726,129468.0,221294.0,3163.0,3163.0,3108.0,3134.3,31919000,3447.7,2820.9,3839.9,2896.0,3125.0,2879,1,3124.8,2,1,3124.6,19,1,3124.5,25,2,3124.3,23,1,3125.1,8148,1,3126.0,515,6,3126.2,130,5,3126.3,59,3,3126.4,96,5
2031,2026-06-16 11:45:58+05:30,3125.1,1,3130.18,1793726,129468.0,221294.0,3163.0,3163.0,3108.0,3134.3,31919000,3447.7,2820.9,3839.9,2896.0,3125.0,2879,1,3124.8,2,1,3124.6,19,1,3124.5,25,2,3124.3,23,1,3125.1,8148,1,3126.0,515,6,3126.2,130,5,3126.3,59,3,3126.4,96,5
2031,2026-06-16 11:45:58+05:30,3125.0,165,3130.18,1793726,129468.0,221294.0,3163.0,3163.0,3108.0,3134.3,31919000,3447.7,2820.9,3839.9,2896.0,3125.0,2879,1,3124.8,2,1,3124.6,19,1,3124.5,25,2,3124.3,23,1,3125.1,8148,1,3126.0,515,6,3126.2,130,5,3126.3,59,3,3126.4,96,5
2031,2026-06-16 11:45:59+05:30,3125.0,165,3130.18,1793726,129468.0,221294.0,3163.0,3163.0,3108.0,3134.3,31919000,3447.7,2820.9,3839.9,2896.0,3125.0,2879,1,3124.8,2,1,3124.6,19,1,3124.5,25,2,3124.3,23,1,3125.1,8148,1,3126.0,515,6,3126.2,130,5,3126.3,59,3,3126.4,96,5
2031,2026-06-16 11:45:59+05:30,3125.0,165,3130.18,1795195,127849.0,221621.0,3163.0,3163.0,3108.0,3134.3,31919000,3447.7,2820.9,3839.9,2896.0,3125.0,1410,1,3124.8,2,1,3124.6,19,1,3124.1,47,3,3124.0,527,10,3125.1,8350,3,3125.2,96,1,3125.6,50,1,3125.8,84,3,3125.9,56,2
2031,2026-06-16 11:45:59+05:30,3125.0,165,3130.18,1795195,127849.0,221621.0,3163.0,3163.0,3108.0,3134.3,31919000,3447.7,2820.9,3839.9,2896.0,3125.0,1410,1,3124.8,2,1,3124.6,19,1,3124.1,47,3,3124.0,527,10,3125.1,8350,3,3125.2,96,1,3125.6,50,1,3125.8,84,3,3125.9,56,2
2031,2026-06-16 11:45:59+05:30,3125.0,18,3130.18,1795195,127849.0,221621.0,3163.0,3163.0,3108.0,3134.3,31919000,3447.7,2820.9,3839.9,2896.0,3125.0,1410,1,3124.8,2,1,3124.6,19,1,3124.1,47,3,3124.0,527,10,3125.1,8350,3,3125.2,96,1,3125.6,50,1,3125.8,84,3,3125.9,56,2
2031,2026-06-16 11:46:00+05:30,3125.0,18,3130.18,1795195,127849.0,221621.0,3163.0,3163.0,3108.0,3134.3,31919000,3447.7,2820.9,3839.9,2896.0,3125.0,1410,1,3124.8,2,1,3124.6,19,1,3124.1,47,3,3124.0,527,10,3125.1,8350,3,3125.2,96,1,3125.6,50,1,3125.8,84,3,3125.9,56,2
2031,2026-06-16 11:46:00+05:30,3125.0,1,3130.18,1795214,128214.0,221848.0,3163.0,3163.0,3108.0,3134.3,31919000,3447.7,2820.9,3839.9,2896.0,3125.0,1637,4,3124.8,2,1,3124.6,19,1,3124.1,66,4,3124.0,527,10,3125.1,8375,4,3125.2,96,1,3125.6,50,1,3125.8,84,3,3125.9,56,2
2031,2026-06-16 11:46:00+05:30,3125.0,3,3130.18,1795214,128214.0,221848.0,3163.0,3163.0,3108.0,3134.3,31919000,3447.7,2820.9,3839.9,2896.0,3125.0,1637,4,3124.8,2,1,3124.6,19,1,3124.1,66,4,3124.0,527,10,3125.1,8375,4,3125.2,96,1,3125.6,50,1,3125.8,84,3,3125.9,56,2
2031,2026-06-16 11:46:00+05:30,3125.0,3,3130.18,1795214,128214.0,221848.0,3163.0,3163.0,3108.0,3134.3,31919000,3447.7,2820.9,3839.9,2896.0,3125.0,1637,4,3124.8,2,1,3124.6,19,1,3124.1,66,4,3124.0,527,10,3125.1,8375,4,3125.2,96,1,3125.6,50,1,3125.8,84,3,3125.9,56,2
2031,2026-06-16 11:46:01+05:30,3125.0,3,3130.18,1795221,128211.0,221827.0,3163.0,3163.0,3108.0,3134.3,31919000,3447.7,2820.9,3839.9,2896.0,3125.0,1634,4,3124.8,2,1,3124.6,19,1,3124.1,66,4,3124.0,527,10,3125.1,8371,4,3125.2,96,1,3125.6,50,1,3125.8,84,3,3125.9,56,2
2031,2026-06-16 11:46:01+05:30,3125.0,3,3130.18,1795221,128211.0,221827.0,3163.0,3163.0,3108.0,3134.3,31919000,3447.7,2820.9,3839.9,2896.0,3125.0,1634,4,3124.8,2,1,3124.6,19,1,3124.1,66,4,3124.0,527,10,3125.1,8371,4,3125.2,96,1,3125.6,50,1,3125.8,84,3,3125.9,56,2
2031,2026-06-16 11:46:01+05:30,3125.0,39,3130.18,1795221,128211.0,221827.0,3163.0,3163.0,3108.0,3134.3,31919000,3447.7,2820.9,3839.9,2896.0,3125.0,1634,4,3124.8,2,1,3124.6,19,1,3124.1,66,4,3124.0,527,10,3125.1,8371,4,3125.2,96,1,3125.6,50,1,3125.8,84,3,3125.9,56,2
2031,2026-06-16 11:46:02+05:30,3125.0,1,3130.18,1795484,127623.0,221950.0,3163.0,3163.0,3108.0,3134.3,31919000,3447.7,2820.9,3839.9,2896.0,3125.0,1371,4,3124.8,2,1,3124.6,19,1,3124.5,6,1,3124.1,21,2,3125.1,8371,4,3125.2,199,2,3125.6,69,2,3125.8,103,4,3125.9,101,2
2031,2026-06-16 11:46:02+05:30,3125.0,1,3130.18,1795484,127623.0,221950.0,3163.0,3163.0,3108.0,3134.3,31919000,3447.7,2820.9,3839.9,2896.0,3125.0,1371,4,3124.8,2,1,3124.6,19,1,3124.5,6,1,3124.1,21,2,3125.1,8371,4,3125.2,199,2,3125.6,69,2,3125.8,103,4,3125.9,101,2
2031,2026-06-16 11:46:02+05:30,3125.0,7,3130.18,1795484,127623.0,221950.0,3163.0,3163.0,3108.0,3134.3,31919000,3447.7,2820.9,3839.9,2896.0,3125.0,1371,4,3124.8,2,1,3124.6,19,1,3124.5,6,1,3124.1,21,2,3125.1,8371,4,3125.2,199,2,3125.6,69,2,3125.8,103,4,3125.9,101,2
2031,2026-06-16 11:46:03+05:30,3125.0,7,3130.18,1795484,127623.0,221950.0,3163.0,3163.0,3108.0,3134.3,31919000,3447.7,2820.9,3839.9,2896.0,3125.0,1371,4,3124.8,2,1,3124.6,19,1,3124.5,6,1,3124.1,21,2,3125.1,8371,4,3125.2,199,2,3125.6,69,2,3125.8,103,4,3125.9,101,2
2031,2026-06-16 11:46:03+05:30,3126.2,21,3130.13,1808670,121690.0,213039.0,3163.0,3163.0,3108.0,3134.3,31919000,3447.7,2820.9,3839.9,2896.0,3123.9,14,1,3123.8,20,2,3123.7,8,1,3123.6,47,2,3123.5,51,2,3125.1,59,2,3125.2,11,2,3125.3,47,1,3125.4,24,3,3125.5,63,1
2031,2026-06-16 11:46:03+05:30,3126.2,21,3130.13,1808670,121690.0,213039.0,3163.0,3163.0,3108.0,3134.3,31919000,3447.7,2820.9,3839.9,2896.0,3123.9,14,1,3123.8,20,2,3123.7,8,1,3123.6,47,2,3123.5,51,2,3125.1,59,2,3125.2,11,2,3125.3,47,1,3125.4,24,3,3125.5,63,1
2031,2026-06-16 11:46:04+05:30,3126.2,21,3130.13,1808670,121690.0,213039.0,3163.0,3163.0,3108.0,3134.3,31919000,3447.7,2820.9,3839.9,2896.0,3123.9,14,1,3123.8,20,2,3123.7,8,1,3123.6,47,2,3123.5,51,2,3125.1,59,2,3125.2,11,2,3125.3,47,1,3125.4,24,3,3125.5,63,1
2031,2026-06-16 11:46:04+05:30,3126.2,21,3130.13,1808670,122550.0,216596.0,3163.0,3163.0,3108.0,3134.3,31919000,3447.7,2820.9,3839.9,2896.0,3123.8,13,2,3123.5,12,2,3123.4,33,1,3123.3,126,4,3123.2,88,2,3124.8,1518,3,3124.9,58,2,3125.0,175,1,3125.1,132,4,3125.2,11,2
2031,2026-06-16 11:46:04+05:30,3124.8,1,3130.13,1808670,122550.0,216596.0,3163.0,3163.0,3108.0,3134.3,31919000,3447.7,2820.9,3839.9,2896.0,3123.8,13,2,3123.5,12,2,3123.4,33,1,3123.3,126,4,3123.2,88,2,3124.8,1518,3,3124.9,58,2,3125.0,175,1,3125.1,132,4,3125.2,11,2
2031,2026-06-16 11:46:04+05:30,3124.8,1,3130.13,1808670,122550.0,216596.0,3163.0,3163.0,3108.0,3134.3,31919000,3447.7,2820.9,3839.9,2896.0,3123.8,13,2,3123.5,12,2,3123.4,33,1,3123.3,126,4,3123.2,88,2,3124.8,1518,3,3124.9,58,2,3125.0,175,1,3125.1,132,4,3125.2,11,2
2031,2026-06-16 11:46:05+05:30,3124.8,1,3130.13,1808671,122513.0,216120.0,3163.0,3163.0,3108.0,3134.3,31919000,3447.7,2820.9,3839.9,2896.0,3123.8,13,2,3123.5,56,2,3123.4,33,1,3123.3,121,3,3123.2,107,3,3124.8,1517,3,3125.0,175,1,3125.1,10,1,3125.2,4,1,3125.3,7,1
2031,2026-06-16 11:46:05+05:30,3122.3,44,3130.13,1808671,122513.0,216120.0,3163.0,3163.0,3108.0,3134.3,31919000,3447.7,2820.9,3839.9,2896.0,3123.8,13,2,3123.5,56,2,3123.4,33,1,3123.3,121,3,3123.2,107,3,3124.8,1517,3,3125.0,175,1,3125.1,10,1,3125.2,4,1,3125.3,7,1
2031,2026-06-16 11:46:05+05:30,3122.3,44,3130.13,1808671,122513.0,216120.0,3163.0,3163.0,3108.0,3134.3,31922800,3447.7,2820.9,3839.9,2896.0,3123.8,13,2,3123.5,56,2,3123.4,33,1,3123.3,121,3,3123.2,107,3,3124.8,1517,3,3125.0,175,1,3125.1,10,1,3125.2,4,1,3125.3,7,1
2031,2026-06-16 11:46:06+05:30,3122.3,44,3130.13,1810121,124760.0,215195.0,3163.0,3163.0,3108.0,3134.3,31922800,3447.7,2820.9,3839.9,2896.0,3124.3,257,2,3123.6,33,1,3123.4,19,1,3123.3,99,5,3123.2,153,4,3124.6,159,1,3124.7,271,1,3124.8,26,1,3125.2,77,2,3125.3,7,1
2031,2026-06-16 11:46:06+05:30,3124.3,44,3130.13,1810121,124760.0,215195.0,3163.0,3163.0,3108.0,3134.3,31922800,3447.7,2820.9,3839.9,2896.0,3124.3,257,2,3123.6,33,1,3123.4,19,1,3123.3,99,5,3123.2,153,4,3124.6,159,1,3124.7,271,1,3124.8,26,1,3125.2,77,2,3125.3,7,1
2031,2026-06-16 11:46:07+05:30,3124.3,44,3130.13,1810565,124438.0,215789.0,3163.0,3163.0,3108.0,3134.3,31922800,3447.7,2820.9,3839.9,2896.0,3124.3,60,2,3123.4,33,1,3123.3,19,1,3123.2,30,1,3123.1,217,6,3124.4,159,1,3124.7,271,1,3124.8,26,1,3125.1,115,2,3125.2,56,1
2031,2026-06-16 11:46:07+05:30,3124.3,7,3130.13,1810565,124438.0,215789.0,3163.0,3163.0,3108.0,3134.3,31922800,3447.7,2820.9,3839.9,2896.0,3124.3,60,2,3123.4,33,1,3123.3,19,1,3123.2,30,1,3123.1,217,6,3124.4,159,1,3124.7,271,1,3124.8,26,1,3125.1,115,2,3125.2,56,1
2031,2026-06-16 11:46:08+05:30,3124.4,1,3130.13,1810593,124986.0,215661.0,3163.0,3163.0,3108.0,3134.3,31922800,3447.7,2820.9,3839.9,2896.0,3124.3,33,2,3124.1,33,1,3123.9,19,1,3123.8,47,2,3123.7,32,2,3124.4,158,1,3124.7,271,1,3124.8,26,1,3125.2,56,1,3125.3,35,2
2031,2026-06-16 11:46:08+05:30,3124.3,1,3130.13,1810593,124986.0,215661.0,3163.0,3163.0,3108.0,3134.3,31922800,3447.7,2820.9,3839.9,2896.0,3124.3,33,2,3124.1,33,1,3123.9,19,1,3123.8,47,2,3123.7,32,2,3124.4,158,1,3124.7,271,1,3124.8,26,1,3125.2,56,1,3125.3,35,2
2031,2026-06-16 11:46:09+05:30,3124.3,1,3130.13,1810594,124810.0,215661.0,3163.0,3163.0,3108.0,3134.3,31922800,3447.7,2820.9,3839.9,2896.0,3124.3,32,2,3124.1,33,1,3123.8,47,2,3123.7,32,2,3123.6,108,3,3124.4,158,1,3124.7,271,1,3124.8,26,1,3125.2,56,1,3125.3,35,2
2031,2026-06-16 11:46:10+05:30,3124.3,1,3130.13,1810594,124754.0,215659.0,3163.0,3163.0,3108.0,3134.3,31922800,3447.7,2820.9,3839.9,2896.0,3124.3,32,2,3123.8,47,2,3123.7,32,2,3123.6,52,2,3123.5,46,2,3124.4,158,1,3124.7,271,1,3124.8,26,1,3125.2,56,1,3125.3,35,2
2031,2026-06-16 11:46:11+05:30,3124.3,1,3130.12,1810883,124584.0,215533.0,3163.0,3163.0,3108.0,3134.3,31922800,3447.7,2820.9,3839.9,2896.0,3123.7,14,1,3123.6,29,2,3123.5,60,4,3123.4,14,1,3123.3,17,2,3124.3,140,1,3124.4,38,1,3124.8,26,1,3125.1,23,1,3125.2,76,2
2031,2026-06-16 11:46:11+05:30,3124.3,1,3130.12,1810883,124584.0,215533.0,3163.0,3163.0,3108.0,3134.3,31922800,3447.7,2820.9,3839.9,2896.0,3123.7,14,1,3123.6,29,2,3123.5,60,4,3123.4,14,1,3123.3,17,2,3124.3,140,1,3124.4,38,1,3124.8,26,1,3125.1,23,1,3125.2,76,2
2031,2026-06-16 11:46:12+05:30,3124.3,1,3130.12,1810883,124320.0,215469.0,3163.0,3163.0,3108.0,3134.3,31922800,3447.7,2820.9,3839.9,2896.0,3123.8,15,1,3123.7,161,5,3123.6,31,2,3123.5,74,2,3123.4,41,2,3124.2,32,1,3124.3,140,1,3124.4,38,1,3124.8,26,1,3124.9,56,1
2031,2026-06-16 11:46:13+05:30,3124.2,1,3130.12,1810894,124395.0,215467.0,3163.0,3163.0,3108.0,3134.3,31922800,3447.7,2820.9,3839.9,2896.0,3123.8,15,1,3123.7,161,5,3123.6,31,2,3123.5,74,2,3123.4,41,2,3124.2,21,1,3124.3,140,1,3124.4,38,1,3124.8,26,1,3124.9,56,1
2031,2026-06-16 11:46:13+05:30,3123.8,5,3130.12,1810894,124395.0,215467.0,3163.0,3163.0,3108.0,3134.3,31922800,3447.7,2820.9,3839.9,2896.0,3123.8,15,1,3123.7,161,5,3123.6,31,2,3123.5,74,2,3123.4,41,2,3124.2,21,1,3124.3,140,1,3124.4,38,1,3124.8,26,1,3124.9,56,1
2031,2026-06-16 11:46:14+05:30,3123.8,5,3130.12,1810915,124279.0,215222.0,3163.0,3163.0,3108.0,3134.3,31922800,3447.7,2820.9,3839.9,2896.0,3123.8,129,6,3123.7,114,4,3123.6,55,4,3123.5,13,1,3123.4,92,3,3123.9,1,1,3124.3,140,1,3124.4,38,1,3124.8,40,2,3124.9,56,1
2031,2026-06-16 11:46:14+05:30,3123.9,1,3130.12,1810915,124279.0,215222.0,3163.0,3163.0,3108.0,3134.3,31922800,3447.7,2820.9,3839.9,2896.0,3123.8,129,6,3123.7,114,4,3123.6,55,4,3123.5,13,1,3123.4,92,3,3123.9,1,1,3124.3,140,1,3124.4,38,1,3124.8,40,2,3124.9,56,1
2031,2026-06-16 11:46:15+05:30,3123.8,34,3130.12,1811301,124734.0,213242.0,3163.0,3163.0,3108.0,3134.3,31922800,3447.7,2820.9,3839.9,2896.0,3123.9,1,1,3123.7,215,10,3123.6,16,2,3123.4,58,3,3123.3,212,7,3124.3,140,1,3124.4,38,1,3124.8,26,1,3124.9,56,1,3125.2,76,2
2031,2026-06-16 11:46:15+05:30,3123.8,34,3130.12,1811301,124734.0,213242.0,3163.0,3163.0,3108.0,3134.3,31922800,3447.7,2820.9,3839.9,2896.0,3123.9,1,1,3123.7,215,10,3123.6,16,2,3123.4,58,3,3123.3,212,7,3124.3,140,1,3124.4,38,1,3124.8,26,1,3124.9,56,1,3125.2,76,2
2031,2026-06-16 11:46:16+05:30,3123.8,34,3130.12,1811301,125386.0,215425.0,3163.0,3163.0,3108.0,3134.3,31922800,3447.7,2820.9,3839.9,2896.0,3124.1,23,5,3123.9,20,4,3123.8,42,2,3123.7,169,7,3123.6,96,5,3124.2,42,1,3124.3,140,1,3124.4,38,1,3124.8,26,1,3124.9,56,1
2031,2026-06-16 11:46:16+05:30,3123.7,1,3130.12,1811301,125386.0,215425.0,3163.0,3163.0,3108.0,3134.3,31922800,3447.7,2820.9,3839.9,2896.0,3124.1,23,5,3123.9,20,4,3123.8,42,2,3123.7,169,7,3123.6,96,5,3124.2,42,1,3124.3,140,1,3124.4,38,1,3124.8,26,1,3124.9,56,1
2031,2026-06-16 11:46:17+05:30,3123.7,1,3130.12,1811509,124333.0,215034.0,3163.0,3163.0,3108.0,3134.3,31922800,3447.7,2820.9,3839.9,2896.0,3123.7,51,4,3123.6,18,1,3123.5,8,1,3123.4,41,2,3123.3,49,3,3124.1,140,1,3124.2,25,1,3124.4,38,1,3124.8,26,1,3124.9,121,2
2031,2026-06-16 11:46:17+05:30,3124.1,8,3130.12,1811509,124333.0,215034.0,3163.0,3163.0,3108.0,3134.3,31922800,3447.7,2820.9,3839.9,2896.0,3123.7,51,4,3123.6,18,1,3123.5,8,1,3123.4,41,2,3123.3,49,3,3124.1,140,1,3124.2,25,1,3124.4,38,1,3124.8,26,1,3124.9,121,2
2031,2026-06-16 11:46:18+05:30,3124.1,8,3130.12,1811525,124275.0,215605.0,3163.0,3163.0,3108.0,3134.3,31922800,3447.7,2820.9,3839.9,2896.0,3123.7,5,2,3123.6,18,1,3123.4,34,1,3123.3,49,3,3123.2,50,3,3124.1,131,1,3124.2,25,1,3124.4,38,1,3124.8,26,1,3124.9,93,2
2031,2026-06-16 11:46:18+05:30,3124.1,1,3130.12,1811525,124275.0,215605.0,3163.0,3163.0,3108.0,3134.3,31922800,3447.7,2820.9,3839.9,2896.0,3123.7,5,2,3123.6,18,1,3123.4,34,1,3123.3,49,3,3123.2,50,3,3124.1,131,1,3124.2,25,1,3124.4,38,1,3124.8,26,1,3124.9,93,2
2031,2026-06-16 11:46:19+05:30,3124.0,1,3130.12,1811527,124280.0,215683.0,3163.0,3163.0,3108.0,3134.3,31922800,3447.7,2820.9,3839.9,2896.0,3123.8,1,1,3123.7,5,2,3123.6,18,1,3123.3,17,2,3123.2,31,2,3124.0,1,1,3124.1,192,3,3124.4,38,1,3124.8,47,2,3124.9,93,2
2031,2026-06-16 11:46:19+05:30,3124.0,1,3130.12,1811527,124280.0,215683.0,3163.0,3163.0,3108.0,3134.3,31922800,3447.7,2820.9,3839.9,2896.0,3123.8,1,1,3123.7,5,2,3123.6,18,1,3123.3,17,2,3123.2,31,2,3124.0,1,1,3124.1,192,3,3124.4,38,1,3124.8,47,2,3124.9,93,2
2031,2026-06-16 11:46:20+05:30,3124.0,1,3130.12,1811527,124219.0,216018.0,3163.0,3163.0,3108.0,3134.3,31922800,3447.7,2820.9,3839.9,2896.0,3123.8,16,2,3123.7,5,2,3123.3,4,1,3123.2,31,2,3123.1,66,5,3124.0,34,3,3124.1,192,3,3124.4,38,1,3124.8,47,2,3124.9,93,2
2031,2026-06-16 11:46:21+05:30,3124.0,1,3130.12,1811527,124276.0,215791.0,3163.0,3163.0,3108.0,3134.3,31922800,3447.7,2820.9,3839.9,2896.0,3123.8,17,3,3123.7,5,2,3123.3,4,1,3123.2,31,2,3123.1,98,6,3124.0,130,6,3124.1,167,2,3124.9,93,2,3125.1,85,2,3125.2,77,2
2031,2026-06-16 11:46:22+05:30,3124.0,1,3130.12,1811527,124209.0,215952.0,3163.0,3163.0,3108.0,3134.3,31922800,3447.7,2820.9,3839.9,2896.0,3123.8,17,3,3123.7,5,2,3123.1,70,3,3123.0,54,4,3122.9,208,2,3124.0,130,6,3124.1,167,2,3124.7,40,2,3124.8,42,1,3124.9,141,3
2031,2026-06-16 11:46:22+05:30,3123.8,2,3130.12,1811527,124209.0,215952.0,3163.0,3163.0,3108.0,3134.3,31922800,3447.7,2820.9,3839.9,2896.0,3123.8,17,3,3123.7,5,2,3123.1,70,3,3123.0,54,4,3122.9,208,2,3124.0,130,6,3124.1,167,2,3124.7,40,2,3124.8,42,1,3124.9,141,3
2031,2026-06-16 11:46:23+05:30,3123.8,1,3130.12,1811680,124395.0,215833.0,3163.0,3163.0,3108.0,3134.3,31922800,3447.7,2820.9,3839.9,2896.0,3123.8,18,2,3123.7,5,2,3123.4,32,1,3123.1,39,2,3123.0,86,5,3124.0,5,1,3124.1,167,2,3124.8,42,1,3124.9,141,3,3125.0,118,3
2031,2026-06-16 11:46:23+05:30,3123.7,2,3130.12,1811680,124395.0,215833.0,3163.0,3163.0,3108.0,3134.3,31922800,3447.7,2820.9,3839.9,2896.0,3123.8,18,2,3123.7,5,2,3123.4,32,1,3123.1,39,2,3123.0,86,5,3124.0,5,1,3124.1,167,2,3124.8,42,1,3124.9,141,3,3125.0,118,3
2031,2026-06-16 11:46:24+05:30,3123.8,1,3130.12,1811886,124141.0,215799.0,3163.0,3163.0,3108.0,3134.3,31922800,3447.7,2820.9,3839.9,2896.0,3123.7,6,2,3123.1,20,1,3123.0,50,4,3122.9,278,3,3122.8,26,2,3123.8,269,1,3124.0,7,2,3124.1,37,1,3124.6,77,2,3124.7,67,2
2031,2026-06-16 11:46:24+05:30,3123.7,2,3130.12,1811886,124141.0,215799.0,3163.0,3163.0,3108.0,3134.3,31922800,3447.7,2820.9,3839.9,2896.0,3123.7,6,2,3123.1,20,1,3123.0,50,4,3122.9,278,3,3122.8,26,2,3123.8,269,1,3124.0,7,2,3124.1,37,1,3124.6,77,2,3124.7,67,2
2031,2026-06-16 11:46:25+05:30,3123.7,2,3130.12,1811894,123909.0,215658.0,3163.0,3163.0,3108.0,3134.3,31922800,3447.7,2820.9,3839.9,2896.0,3123.3,13,1,3123.2,47,3,3123.1,60,4,3123.0,58,3,3122.9,22,1,3123.7,9,2,3123.8,270,2,3124.0,5,1,3124.1,37,1,3124.6,56,1
2031,2026-06-16 11:46:26+05:30,3123.7,2,3130.12,1811894,123906.0,216371.0,3163.0,3163.0,3108.0,3134.3,31922800,3447.7,2820.9,3839.9,2896.0,3123.3,14,2,3123.2,47,3,3123.1,27,2,3123.0,38,1,3122.9,22,1,3123.7,11,3,3123.8,269,1,3124.0,5,1,3124.1,37,1,3124.6,56,1
2031,2026-06-16 11:46:27+05:30,3123.7,2,3130.12,1811894,123914.0,216376.0,3163.0,3163.0,3108.0,3134.3,31922800,3447.7,2820.9,3839.9,2896.0,3123.3,14,2,3123.2,47,3,3123.1,27,2,3123.0,38,1,3122.9,22,1,3123.7,11,3,3123.8,269,1,3124.0,5,1,3124.1,37,1,3124.6,56,1
2031,2026-06-16 11:46:28+05:30,3123.7,2,3130.12,1811894,123677.0,215562.0,3163.0,3163.0,3108.0,3134.3,31922800,3447.7,2820.9,3839.9,2896.0,3123.4,14,1,3123.3,35,4,3123.2,15,2,3123.1,27,2,3123.0,32,1,3123.7,11,3,3123.8,269,1,3124.0,5,1,3124.1,37,1,3124.6,56,1
2031,2026-06-16 11:46:29+05:30,3123.4,7,3130.12,1811963,123349.0,216581.0,3163.0,3163.0,3108.0,3134.3,31922800,3447.7,2820.9,3839.9,2896.0,3123.3,15,1,3123.2,33,2,3123.1,13,1,3122.9,19,1,3122.8,25,1,3123.4,247,1,3123.7,10,2,3124.0,5,1,3124.5,63,2,3124.6,56,1
2031,2026-06-16 11:46:29+05:30,3123.3,8,3130.12,1811963,123349.0,216581.0,3163.0,3163.0,3108.0,3134.3,31922800,3447.7,2820.9,3839.9,2896.0,3123.3,15,1,3123.2,33,2,3123.1,13,1,3122.9,19,1,3122.8,25,1,3123.4,247,1,3123.7,10,2,3124.0,5,1,3124.5,63,2,3124.6,56,1
2031,2026-06-16 11:46:30+05:30,3123.4,2,3130.12,1812066,123085.0,216926.0,3163.0,3163.0,3108.0,3134.3,31922800,3447.7,2820.9,3839.9,2896.0,3123.3,8,2,3123.2,1,1,3123.1,13,1,3122.9,32,1,3122.8,25,1,3123.4,153,2,3123.7,8,1,3124.0,5,1,3124.5,16,2,3124.6,56,1
2031,2026-06-16 11:46:30+05:30,3123.4,2,3130.12,1812066,123085.0,216926.0,3163.0,3163.0,3108.0,3134.3,31922800,3447.7,2820.9,3839.9,2896.0,3123.3,8,2,3123.2,1,1,3123.1,13,1,3122.9,32,1,3122.8,25,1,3123.4,153,2,3123.7,8,1,3124.0,5,1,3124.5,16,2,3124.6,56,1
2031,2026-06-16 11:46:31+05:30,3123.3,5,3130.12,1812162,122795.0,217070.0,3163.0,3163.0,3108.0,3134.3,31922800,3447.7,2820.9,3839.9,2896.0,3123.3,11,2,3123.2,1,1,3123.1,13,1,3122.7,58,2,3122.6,31,1,3123.4,178,3,3124.0,5,1,3124.2,37,1,3124.3,70,2,3124.4,78,4
2031,2026-06-16 11:46:31+05:30,3123.3,5,3130.12,1812162,122795.0,217070.0,3163.0,3163.0,3108.0,3134.3,31922800,3447.7,2820.9,3839.9,2896.0,3123.3,11,2,3123.2,1,1,3123.1,13,1,3122.7,58,2,3122.6,31,1,3123.4,178,3,3124.0,5,1,3124.2,37,1,3124.3,70,2,3124.4,78,4
2031,2026-06-16 11:46:32+05:30,3123.3,1,3130.12,1812163,123034.0,217077.0,3163.0,3163.0,3108.0,3134.3,31922800,3447.7,2820.9,3839.9,2896.0,3123.3,10,2,3123.2,1,1,3123.1,13,1,3122.7,58,2,3122.6,31,1,3123.4,178,3,3124.0,61,2,3124.2,37,1,3124.3,70,2,3124.4,78,4
2031,2026-06-16 11:46:32+05:30,3123.3,1,3130.12,1812163,123034.0,217077.0,3163.0,3163.0,3108.0,3134.3,31922800,3447.7,2820.9,3839.9,2896.0,3123.3,10,2,3123.2,1,1,3123.1,13,1,3122.7,58,2,3122.6,31,1,3123.4,178,3,3124.0,61,2,3124.2,37,1,3124.3,70,2,3124.4,78,4
2031,2026-06-16 11:46:33+05:30,3123.4,118,3130.11,1814461,123561.0,216137.0,3163.0,3163.0,3108.0,3134.3,31922800,3447.7,2820.9,3839.9,2896.0,3123.6,46,1,3123.5,16,1,3123.4,28,2,3123.3,75,6,3123.2,26,2,3123.9,253,1,3124.0,5,1,3124.8,14,1,3124.9,56,1,3125.1,11,1
2031,2026-06-16 11:46:33+05:30,3123.4,118,3130.11,1814461,123561.0,216137.0,3163.0,3163.0,3108.0,3134.3,31922800,3447.7,2820.9,3839.9,2896.0,3123.6,46,1,3123.5,16,1,3123.4,28,2,3123.3,75,6,3123.2,26,2,3123.9,253,1,3124.0,5,1,3124.8,14,1,3124.9,56,1,3125.1,11,1
2031,2026-06-16 11:46:34+05:30,3123.9,1,3130.11,1814461,123561.0,216137.0,3163.0,3163.0,3108.0,3134.3,31922800,3447.7,2820.9,3839.9,2896.0,3123.6,46,1,3123.5,16,1,3123.4,28,2,3123.3,75,6,3123.2,26,2,3123.9,253,1,3124.0,5,1,3124.8,14,1,3124.9,56,1,3125.1,11,1
2031,2026-06-16 11:46:34+05:30,3123.9,1,3130.11,1814462,123678.0,216779.0,3163.0,3163.0,3108.0,3134.3,31922800,3447.7,2820.9,3839.9,2896.0,3123.6,2,1,3123.5,16,1,3123.4,1,1,3123.3,42,4,3123.2,1,1,3123.9,389,3,3124.0,5,1,3124.8,62,2,3124.9,141,3,3125.0,19,1
2031,2026-06-16 11:46:35+05:30,3125.0,934,3130.11,1814462,123678.0,216779.0,3163.0,3163.0,3108.0,3134.3,31922800,3447.7,2820.9,3839.9,2896.0,3123.6,2,1,3123.5,16,1,3123.4,1,1,3123.3,42,4,3123.2,1,1,3123.9,389,3,3124.0,5,1,3124.8,62,2,3124.9,141,3,3125.0,19,1
2031,2026-06-16 11:46:35+05:30,3125.0,934,3130.1,1819462,122400.0,215034.0,3163.0,3163.0,3108.0,3134.3,31922800,3447.7,2820.9,3839.9,2896.0,3123.6,18,2,3123.4,1,1,3123.3,1,1,3123.2,1,1,3123.1,20,1,3123.8,550,1,3123.9,3,1,3124.5,20,2,3124.6,56,1,3124.7,67,2
2031,2026-06-16 11:46:36+05:30,3123.9,2,3130.1,1819462,122400.0,215034.0,3163.0,3163.0,3108.0,3134.3,31922800,3447.7,2820.9,3839.9,2896.0,3123.6,18,2,3123.4,1,1,3123.3,1,1,3123.2,1,1,3123.1,20,1,3123.8,550,1,3123.9,3,1,3124.5,20,2,3124.6,56,1,3124.7,67,2
2031,2026-06-16 11:46:36+05:30,3123.9,2,3130.09,1820017,125235.0,215360.0,3163.0,3163.0,3108.0,3134.3,31922800,3447.7,2820.9,3839.9,2896.0,3124.0,26,3,3123.9,87,6,3123.8,171,5,3123.7,101,4,3123.6,348,7,3124.9,61,1,3125.0,200,1,3125.2,56,1,3125.4,5,1,3125.5,456,3
2031,2026-06-16 11:46:37+05:30,3124.9,1,3130.09,1820017,125235.0,215360.0,3163.0,3163.0,3108.0,3134.3,31922800,3447.7,2820.9,3839.9,2896.0,3124.0,26,3,3123.9,87,6,3123.8,171,5,3123.7,101,4,3123.6,348,7,3124.9,61,1,3125.0,200,1,3125.2,56,1,3125.4,5,1,3125.5,456,3
2031,2026-06-16 11:46:37+05:30,3124.9,1,3130.09,1820018,125608.0,215045.0,3163.0,3163.0,3108.0,3134.3,31922800,3447.7,2820.9,3839.9,2896.0,3124.0,286,5,3123.9,108,7,3123.8,169,5,3123.7,79,4,3123.6,332,6,3124.9,60,1,3125.0,399,2,3125.5,56,1,3125.6,400,2,3125.8,126,3
2031,2026-06-16 11:46:38+05:30,3124.1,5,3130.09,1820023,125928.0,215439.0,3163.0,3163.0,3108.0,3134.3,31922800,3447.7,2820.9,3839.9,2896.0,3124.2,14,1,3124.1,58,6,3124.0,309,4,3123.9,79,5,3123.8,141,4,3124.7,60,1,3124.8,1,1,3125.0,399,2,3125.5,56,1,3125.6,450,3
2031,2026-06-16 11:46:38+05:30,3124.1,5,3130.09,1820023,125928.0,215439.0,3163.0,3163.0,3108.0,3134.3,31922800,3447.7,2820.9,3839.9,2896.0,3124.2,14,1,3124.1,58,6,3124.0,309,4,3123.9,79,5,3123.8,141,4,3124.7,60,1,3124.8,1,1,3125.0,399,2,3125.5,56,1,3125.6,450,3
2031,2026-06-16 11:46:39+05:30,3124.7,1,3130.09,1820025,125901.0,215289.0,3163.0,3163.0,3108.0,3134.3,31922800,3447.7,2820.9,3839.9,2896.0,3124.5,16,1,3124.2,241,1,3124.1,29,3,3124.0,263,3,3123.9,83,4,3124.7,58,1,3124.8,1,1,3125.0,428,3,3125.5,56,1,3125.6,400,2
2031,2026-06-16 11:46:39+05:30,3124.7,1,3130.09,1820025,125901.0,215289.0,3163.0,3163.0,3108.0,3134.3,31922800,3447.7,2820.9,3839.9,2896.0,3124.5,16,1,3124.2,241,1,3124.1,29,3,3124.0,263,3,3123.9,83,4,3124.7,58,1,3124.8,1,1,3125.0,428,3,3125.5,56,1,3125.6,400,2
2031,2026-06-16 11:46:40+05:30,3124.5,7,3130.09,1820090,125808.0,215176.0,3163.0,3163.0,3108.0,3134.3,31922800,3447.7,2820.9,3839.9,2896.0,3124.5,9,1,3124.2,241,1,3124.0,258,2,3123.9,128,4,3123.8,84,2,3124.6,200,1,3124.8,1,1,3125.0,228,2,3125.4,11,1,3125.5,56,1
2031,2026-06-16 11:46:40+05:30,3124.5,7,3130.09,1820090,125808.0,215176.0,3163.0,3163.0,3108.0,3134.3,31922800,3447.7,2820.9,3839.9,2896.0,3124.5,9,1,3124.2,241,1,3124.0,258,2,3123.9,128,4,3123.8,84,2,3124.6,200,1,3124.8,1,1,3125.0,228,2,3125.4,11,1,3125.5,56,1
2031,2026-06-16 11:46:41+05:30,3125.0,1,3130.09,1820090,125808.0,215176.0,3163.0,3163.0,3108.0,3134.3,31922800,3447.7,2820.9,3839.9,2896.0,3124.5,9,1,3124.2,241,1,3124.0,258,2,3123.9,128,4,3123.8,84,2,3124.6,200,1,3124.8,1,1,3125.0,228,2,3125.4,11,1,3125.5,56,1
2031,2026-06-16 11:46:41+05:30,3125.0,1,3130.09,1820829,126422.0,213371.0,3163.0,3163.0,3108.0,3134.3,31922800,3447.7,2820.9,3839.9,2896.0,3125.0,99,1,3124.5,31,2,3124.3,85,2,3124.2,241,1,3124.1,152,4,3125.5,82,1,3125.8,50,1,3126.0,23,2,3126.1,84,2,3126.2,68,2
2031,2026-06-16 11:46:42+05:30,3125.2,200,3130.09,1820829,126422.0,213371.0,3163.0,3163.0,3108.0,3134.3,31922800,3447.7,2820.9,3839.9,2896.0,3125.2,40,1,3125.0,99,1,3124.7,21,1,3124.5,21,1,3124.3,35,2,3125.5,82,1,3126.0,91,4,3126.1,79,3,3126.2,243,2,3126.3,167,3
2031,2026-06-16 11:46:42+05:30,3125.2,200,3130.09,1821029,126206.0,213674.0,3163.0,3163.0,3108.0,3134.3,31922800,3447.7,2820.9,3839.9,2896.0,3125.2,40,1,3125.0,99,1,3124.7,21,1,3124.5,21,1,3124.3,35,2,3125.5,82,1,3126.0,91,4,3126.1,79,3,3126.2,243,2,3126.3,167,3
2031,2026-06-16 11:46:43+05:30,3125.3,1,3130.09,1821052,126248.0,213629.0,3163.0,3163.0,3108.0,3134.3,31922800,3447.7,2820.9,3839.9,2896.0,3125.2,18,1,3125.0,99,1,3124.6,16,1,3124.5,21,1,3124.4,56,1,3125.3,81,1,3126.0,91,4,3126.1,75,2,3126.2,47,2,3126.3,167,3
2031,2026-06-16 11:46:43+05:30,3125.3,1,3130.09,1821052,126248.0,213629.0,3163.0,3163.0,3108.0,3134.3,31922800,3447.7,2820.9,3839.9,2896.0,3125.2,18,1,3125.0,99,1,3124.6,16,1,3124.5,21,1,3124.4,56,1,3125.3,81,1,3126.0,91,4,3126.1,75,2,3126.2,47,2,3126.3,167,3
2031,2026-06-16 11:46:44+05:30,3125.2,19,3130.09,1821220,126201.0,213512.0,3163.0,3163.0,3108.0,3134.3,31922800,3447.7,2820.9,3839.9,2896.0,3125.2,14,1,3125.0,99,1,3124.5,21,1,3124.4,56,1,3124.3,21,1,3125.3,29,2,3125.5,30,1,3125.8,45,2,3125.9,56,1,3126.0,114,6
2031,2026-06-16 11:46:44+05:30,3125.2,19,3130.09,1821220,126201.0,213512.0,3163.0,3163.0,3108.0,3134.3,31922800,3447.7,2820.9,3839.9,2896.0,3125.2,14,1,3125.0,99,1,3124.5,21,1,3124.4,56,1,3124.3,21,1,3125.3,29,2,3125.5,30,1,3125.8,45,2,3125.9,56,1,3126.0,114,6
2031,2026-06-16 11:46:45+05:30,3125.2,167,3130.09,1821220,126201.0,213512.0,3163.0,3163.0,3108.0,3134.3,31922800,3447.7,2820.9,3839.9,2896.0,3125.0,99,1,3124.5,21,1,3124.3,21,1,3124.1,51,3,3124.0,14,1,3125.2,121,1,3125.3,29,2,3125.5,43,2,3125.8,45,2,3125.9,56,1
2031,2026-06-16 11:46:45+05:30,3125.2,167,3130.09,1821421,125720.0,213541.0,3163.0,3163.0,3108.0,3134.3,31922800,3447.7,2820.9,3839.9,2896.0,3125.0,99,1,3124.5,21,1,3124.3,21,1,3124.1,51,3,3124.0,14,1,3125.2,121,1,3125.3,29,2,3125.5,43,2,3125.8,45,2,3125.9,56,1
2031,2026-06-16 11:46:46+05:30,3125.0,10,3130.09,1821421,125720.0,213541.0,3163.0,3163.0,3108.0,3134.3,31922800,3447.7,2820.9,3839.9,2896.0,3125.0,99,1,3124.5,21,1,3124.3,21,1,3124.1,51,3,3124.0,14,1,3125.2,121,1,3125.3,29,2,3125.5,43,2,3125.8,45,2,3125.9,56,1
2031,2026-06-16 11:46:46+05:30,3125.0,10,3130.09,1821928,123281.0,214184.0,3163.0,3163.0,3108.0,3134.3,31922800,3447.7,2820.9,3839.9,2896.0,3123.9,22,1,3123.7,21,1,3123.6,5,2,3123.5,73,3,3123.4,30,1,3125.0,75,1,3125.1,36,4,3125.2,176,4,3125.3,66,3,3125.4,136,4
2031,2026-06-16 11:46:47+05:30,3125.0,10,3130.09,1821928,123281.0,214184.0,3163.0,3163.0,3108.0,3134.3,31922800,3447.7,2820.9,3839.9,2896.0,3123.9,22,1,3123.7,21,1,3123.6,5,2,3123.5,73,3,3123.4,30,1,3125.0,75,1,3125.1,36,4,3125.2,176,4,3125.3,66,3,3125.4,136,4
2031,2026-06-16 11:46:47+05:30,3123.5,61,3130.09,1821928,123281.0,214184.0,3163.0,3163.0,3108.0,3134.3,31922800,3447.7,2820.9,3839.9,2896.0,3123.9,40,1,3123.7,1,1,3123.3,92,5,3123.2,33,2,3123.1,100,4,3124.6,55,3,3124.7,61,3,3124.8,39,2,3124.9,148,4,3125.0,71,3
2031,2026-06-16 11:46:47+05:30,3123.5,61,3130.09,1822028,123493.0,215239.0,3163.0,3163.0,3108.0,3134.3,31922800,3447.7,2820.9,3839.9,2896.0,3123.9,40,1,3123.7,1,1,3123.3,92,5,3123.2,33,2,3123.1,100,4,3124.6,55,3,3124.7,61,3,3124.8,39,2,3124.9,148,4,3125.0,71,3
2031,2026-06-16 11:46:48+05:30,3123.9,2,3130.09,1822028,123493.0,215239.0,3163.0,3163.0,3108.0,3134.3,31922800,3447.7,2820.9,3839.9,2896.0,3123.9,40,1,3123.7,1,1,3123.3,92,5,3123.2,33,2,3123.1,100,4,3124.6,55,3,3124.7,61,3,3124.8,39,2,3124.9,148,4,3125.0,71,3
2031,2026-06-16 11:46:48+05:30,3123.9,2,3130.09,1822030,123464.0,215699.0,3163.0,3163.0,3108.0,3134.3,31922800,3447.7,2820.9,3839.9,2896.0,3123.9,38,1,3123.7,1,1,3123.5,21,1,3123.4,11,1,3123.3,73,4,3124.2,11,1,3124.3,1,1,3124.5,15,1,3124.6,71,4,3124.7,62,4
2031,2026-06-16 11:46:49+05:30,3123.9,2,3130.09,1822030,123464.0,215699.0,3163.0,3163.0,3108.0,3134.3,31922800,3447.7,2820.9,3839.9,2896.0,3123.9,38,1,3123.7,1,1,3123.5,21,1,3123.4,11,1,3123.3,73,4,3124.2,11,1,3124.3,1,1,3124.5,15,1,3124.6,71,4,3124.7,62,4
2031,2026-06-16 11:46:49+05:30,3123.9,2,3130.09,1822030,123466.0,215666.0,3163.0,3163.0,3108.0,3134.3,31922800,3447.7,2820.9,3839.9,2896.0,3123.9,38,1,3123.7,1,1,3123.5,21,1,3123.3,73,4,3123.2,33,2,3124.2,11,1,3124.3,1,1,3124.5,15,1,3124.6,101,5,3124.7,62,4
2031,2026-06-16 11:46:50+05:30,3124.2,1,3130.09,1822030,123466.0,215666.0,3163.0,3163.0,3108.0,3134.3,31922800,3447.7,2820.9,3839.9,2896.0,3123.9,38,1,3123.7,1,1,3123.5,21,1,3123.3,73,4,3123.2,33,2,3124.2,11,1,3124.3,1,1,3124.5,15,1,3124.6,101,5,3124.7,62,4
2031,2026-06-16 11:46:50+05:30,3124.2,1,3130.09,1822032,124191.0,215457.0,3163.0,3163.0,3108.0,3134.3,31922800,3447.7,2820.9,3839.9,2896.0,3123.9,38,1,3123.7,1,1,3123.5,21,1,3123.3,116,5,3123.2,276,6,3124.2,9,1,3124.3,1,1,3124.5,15,1,3124.6,49,3,3124.7,23,2
2031,2026-06-16 11:46:51+05:30,3124.2,1,3130.09,1822032,124191.0,215457.0,3163.0,3163.0,3108.0,3134.3,31922800,3447.7,2820.9,3839.9,2896.0,3123.9,38,1,3123.7,1,1,3123.5,21,1,3123.3,116,5,3123.2,276,6,3124.2,9,1,3124.3,1,1,3124.5,15,1,3124.6,49,3,3124.7,23,2
2031,2026-06-16 11:46:51+05:30,3123.5,7,3130.09,1822032,124191.0,215457.0,3163.0,3163.0,3108.0,3134.3,31922800,3447.7,2820.9,3839.9,2896.0,3123.9,38,1,3123.7,1,1,3123.5,21,1,3123.3,116,5,3123.2,276,6,3124.2,9,1,3124.3,1,1,3124.5,15,1,3124.6,49,3,3124.7,23,2
2031,2026-06-16 11:46:51+05:30,3123.5,7,3130.09,1822246,122255.0,217234.0,3163.0,3163.0,3108.0,3134.3,31922800,3447.7,2820.9,3839.9,2896.0,3122.9,83,4,3122.8,16,1,3122.7,45,2,3122.6,121,3,3122.5,151,5,3123.4,24,1,3123.5,34,2,3123.9,102,1,3124.2,23,1,3124.6,69,4
2031,2026-06-16 11:46:52+05:30,3123.4,16,3130.09,1822246,122255.0,217234.0,3163.0,3163.0,3108.0,3134.3,31922800,3447.7,2820.9,3839.9,2896.0,3122.9,83,4,3122.8,16,1,3122.7,45,2,3122.6,121,3,3122.5,151,5,3123.4,24,1,3123.5,34,2,3123.9,102,1,3124.2,23,1,3124.6,69,4
2031,2026-06-16 11:46:52+05:30,3123.4,16,3130.09,1822321,123153.0,216023.0,3163.0,3163.0,3108.0,3134.3,31922800,3447.7,2820.9,3839.9,2896.0,3123.5,38,1,3123.4,65,3,3123.3,48,3,3123.2,83,4,3123.1,119,4,3123.8,6,1,3123.9,101,1,3124.2,23,1,3124.6,2,1,3124.7,57,2
2031,2026-06-16 11:46:53+05:30,3123.4,16,3130.09,1822321,123153.0,216023.0,3163.0,3163.0,3108.0,3134.3,31922800,3447.7,2820.9,3839.9,2896.0,3123.5,38,1,3123.4,65,3,3123.3,48,3,3123.2,83,4,3123.1,119,4,3123.8,6,1,3123.9,101,1,3124.2,23,1,3124.6,2,1,3124.7,57,2
2031,2026-06-16 11:46:53+05:30,3123.5,4,3130.09,1822321,123153.0,216023.0,3163.0,3163.0,3108.0,3134.3,31922800,3447.7,2820.9,3839.9,2896.0,3123.5,38,1,3123.4,65,3,3123.3,48,3,3123.2,83,4,3123.1,119,4,3123.8,6,1,3123.9,101,1,3124.2,23,1,3124.6,2,1,3124.7,57,2
2031,2026-06-16 11:46:53+05:30,3123.5,4,3130.09,1822346,122951.0,216218.0,3163.0,3163.0,3108.0,3134.3,31922800,3447.7,2820.9,3839.9,2896.0,3123.5,34,1,3123.3,33,2,3123.2,86,3,3123.1,40,2,3123.0,148,7,3123.6,5,1,3123.8,5,2,3123.9,101,1,3124.2,23,1,3124.6,2,1
2031,2026-06-16 11:46:54+05:30,3123.5,1,3130.09,1822346,122951.0,216218.0,3163.0,3163.0,3108.0,3134.3,31922800,3447.7,2820.9,3839.9,2896.0,3123.5,34,1,3123.3,33,2,3123.2,86,3,3123.1,40,2,3123.0,148,7,3123.6,5,1,3123.8,5,2,3123.9,101,1,3124.2,23,1,3124.6,2,1
2031,2026-06-16 11:46:54+05:30,3123.5,1,3130.09,1822347,124024.0,216198.0,3163.0,3163.0,3108.0,3134.3,31922800,3447.7,2820.9,3839.9,2896.0,3123.5,34,2,3123.3,51,2,3123.2,16,1,3123.1,104,3,3123.0,1154,9,3123.6,5,1,3123.8,5,2,3123.9,101,1,3124.2,23,1,3124.6,2,1
2031,2026-06-16 11:46:55+05:30,3123.5,1,3130.09,1822347,124024.0,216198.0,3163.0,3163.0,3108.0,3134.3,31922800,3447.7,2820.9,3839.9,2896.0,3123.5,34,2,3123.3,51,2,3123.2,16,1,3123.1,104,3,3123.0,1154,9,3123.6,5,1,3123.8,5,2,3123.9,101,1,3124.2,23,1,3124.6,2,1
2031,2026-06-16 11:46:55+05:30,3123.5,1,3130.09,1822347,124024.0,216198.0,3163.0,3163.0,3108.0,3134.3,31922800,3447.7,2820.9,3839.9,2896.0,3123.5,34,2,3123.3,51,2,3123.2,16,1,3123.1,104,3,3123.0,1154,9,3123.6,5,1,3123.8,5,2,3123.9,101,1,3124.2,23,1,3124.6,2,1
2031,2026-06-16 11:46:55+05:30,3123.5,1,3130.09,1822388,123814.0,215816.0,3163.0,3163.0,3108.0,3134.3,31922800,3447.7,2820.9,3839.9,2896.0,3123.2,11,1,3123.1,40,2,3123.0,1152,6,3122.9,107,3,3122.8,49,3,3123.4,5,1,3123.5,14,1,3123.8,5,2,3123.9,101,1,3124.2,23,1
2031,2026-06-16 11:46:56+05:30,3123.5,1,3130.09,1822388,123814.0,215816.0,3163.0,3163.0,3108.0,3134.3,31922800,3447.7,2820.9,3839.9,2896.0,3123.2,11,1,3123.1,40,2,3123.0,1152,6,3122.9,107,3,3122.8,49,3,3123.4,5,1,3123.5,14,1,3123.8,5,2,3123.9,101,1,3124.2,23,1
2031,2026-06-16 11:46:56+05:30,3123.4,1,3130.09,1822388,123814.0,215816.0,3163.0,3163.0,3108.0,3134.3,31922800,3447.7,2820.9,3839.9,2896.0,3123.2,11,1,3123.1,40,2,3123.0,1152,6,3122.9,107,3,3122.8,49,3,3123.4,5,1,3123.5,14,1,3123.8,5,2,3123.9,101,1,3124.2,23,1
2031,2026-06-16 11:46:56+05:30,3123.4,1,3130.09,1822389,123712.0,215970.0,3163.0,3163.0,3108.0,3134.3,31922800,3447.7,2820.9,3839.9,2896.0,3123.3,14,1,3123.2,67,5,3123.1,62,3,3123.0,1152,6,3122.9,82,3,3123.4,5,2,3123.5,14,1,3123.8,4,1,3123.9,101,1,3124.2,23,1
2031,2026-06-16 11:46:57+05:30,3123.2,4,3130.09,1822389,123712.0,215970.0,3163.0,3163.0,3108.0,3134.3,31922800,3447.7,2820.9,3839.9,2896.0,3123.3,14,1,3123.2,67,5,3123.1,62,3,3123.0,1152,6,3122.9,82,3,3123.4,5,2,3123.5,14,1,3123.8,4,1,3123.9,101,1,3124.2,23,1
2031,2026-06-16 11:46:57+05:30,3123.2,4,3130.09,1822393,124232.0,216540.0,3163.0,3163.0,3108.0,3134.3,31922800,3447.7,2820.9,3839.9,2896.0,3123.2,113,5,3123.1,25,2,3123.0,1000,1,3122.9,32,2,3122.8,102,3,3123.3,101,1,3123.4,45,4,3123.5,14,1,3124.2,23,1,3124.4,91,2
2031,2026-06-16 11:46:57+05:30,3123.2,4,3130.09,1822393,124232.0,216540.0,3163.0,3163.0,3108.0,3134.3,31922800,3447.7,2820.9,3839.9,2896.0,3123.2,113,5,3123.1,25,2,3123.0,1000,1,3122.9,32,2,3122.8,102,3,3123.3,101,1,3123.4,45,4,3123.5,14,1,3124.2,23,1,3124.4,91,2
2031,2026-06-16 11:46:58+05:30,3123.2,4,3130.09,1822393,124232.0,216540.0,3163.0,3163.0,3108.0,3134.3,31922800,3447.7,2820.9,3839.9,2896.0,3123.2,113,5,3123.1,25,2,3123.0,1000,1,3122.9,32,2,3122.8,102,3,3123.3,101,1,3123.4,45,4,3123.5,14,1,3124.2,23,1,3124.4,91,2
2031,2026-06-16 11:46:58+05:30,3123.5,111,3130.09,1822393,124232.0,216540.0,3163.0,3163.0,3108.0,3134.3,31922800,3447.7,2820.9,3839.9,2896.0,3123.2,113,5,3123.1,25,2,3123.0,1000,1,3122.9,32,2,3122.8,102,3,3123.3,101,1,3123.4,45,4,3123.5,14,1,3124.2,23,1,3124.4,91,2
2031,2026-06-16 11:46:58+05:30,3123.5,111,3130.08,1823590,125650.0,215641.0,3163.0,3163.0,3108.0,3134.3,31922800,3447.7,2820.9,3839.9,2896.0,3123.5,21,1,3123.4,159,7,3123.3,295,6,3123.2,119,6,3123.1,28,2,3124.1,132,1,3124.2,23,1,3124.6,2,1,3124.7,1,1,3124.8,1,1
2031,2026-06-16 11:46:59+05:30,3123.5,111,3130.08,1823590,125650.0,215641.0,3163.0,3163.0,3108.0,3134.3,31922800,3447.7,2820.9,3839.9,2896.0,3123.5,21,1,3123.4,159,7,3123.3,295,6,3123.2,119,6,3123.1,28,2,3124.1,132,1,3124.2,23,1,3124.6,2,1,3124.7,1,1,3124.8,1,1
2031,2026-06-16 11:46:59+05:30,3123.5,111,3130.08,1823590,125479.0,216397.0,3163.0,3163.0,3108.0,3134.3,31922800,3447.7,2820.9,3839.9,2896.0,3123.4,43,3,3123.3,38,3,3123.2,161,5,3123.1,279,4,3123.0,1136,10,3124.1,158,2,3124.2,98,2,3124.6,2,1,3124.7,1,1,3124.8,57,2
2031,2026-06-16 11:46:59+05:30,3123.5,111,3130.08,1823590,125479.0,216397.0,3163.0,3163.0,3108.0,3134.3,31922800,3447.7,2820.9,3839.9,2896.0,3123.4,43,3,3123.3,38,3,3123.2,161,5,3123.1,279,4,3123.0,1136,10,3124.1,158,2,3124.2,98,2,3124.6,2,1,3124.7,1,1,3124.8,57,2
2031,2026-06-16 11:47:00+05:30,3123.5,111,3130.08,1823590,125479.0,216397.0,3163.0,3163.0,3108.0,3134.3,31922800,3447.7,2820.9,3839.9,2896.0,3123.4,43,3,3123.3,38,3,3123.2,161,5,3123.1,279,4,3123.0,1136,10,3124.1,158,2,3124.2,98,2,3124.6,2,1,3124.7,1,1,3124.8,57,2
2031,2026-06-16 11:47:00+05:30,3123.3,3,3130.08,1823755,125110.0,215886.0,3163.0,3163.0,3108.0,3134.3,31922800,3447.7,2820.9,3839.9,2896.0,3123.3,41,2,3123.2,100,3,3123.1,28,2,3123.0,1141,5,3122.9,51,3,3124.1,28,3,3124.2,98,2,3124.6,54,2,3124.7,41,2,3124.8,57,2
2031,2026-06-16 11:47:00+05:30,3123.3,3,3130.08,1823755,125110.0,215886.0,3163.0,3163.0,3108.0,3134.3,31922800,3447.7,2820.9,3839.9,2896.0,3123.3,41,2,3123.2,100,3,3123.1,28,2,3123.0,1141,5,3122.9,51,3,3124.1,28,3,3124.2,98,2,3124.6,54,2,3124.7,41,2,3124.8,57,2
2031,2026-06-16 11:47:01+05:30,3123.3,3,3130.08,1823755,125110.0,215886.0,3163.0,3163.0,3108.0,3134.3,31922800,3447.7,2820.9,3839.9,2896.0,3123.3,41,2,3123.2,100,3,3123.1,28,2,3123.0,1141,5,3122.9,51,3,3124.1,28,3,3124.2,98,2,3124.6,54,2,3124.7,41,2,3124.8,57,2
2031,2026-06-16 11:47:01+05:30,3123.5,46,3130.08,1823863,125341.0,216329.0,3163.0,3163.0,3108.0,3134.3,31922800,3447.7,2820.9,3839.9,2896.0,3123.5,16,1,3123.4,35,2,3123.3,45,2,3123.2,105,4,3123.1,28,2,3124.1,27,1,3124.2,72,1,3124.6,46,3,3124.7,50,2,3124.8,63,2
2031,2026-06-16 11:47:01+05:30,3123.5,46,3130.08,1823863,125341.0,216329.0,3163.0,3163.0,3108.0,3134.3,31922800,3447.7,2820.9,3839.9,2896.0,3123.5,16,1,3123.4,35,2,3123.3,45,2,3123.2,105,4,3123.1,28,2,3124.1,27,1,3124.2,72,1,3124.6,46,3,3124.7,50,2,3124.8,63,2
2031,2026-06-16 11:47:02+05:30,3123.5,46,3130.08,1823863,125341.0,216329.0,3163.0,3163.0,3108.0,3134.3,31922800,3447.7,2820.9,3839.9,2896.0,3123.5,16,1,3123.4,35,2,3123.3,45,2,3123.2,105,4,3123.1,28,2,3124.1,27,1,3124.2,72,1,3124.6,46,3,3124.7,50,2,3124.8,63,2
2031,2026-06-16 11:47:02+05:30,3123.5,46,3130.08,1823863,125456.0,216380.0,3163.0,3163.0,3108.0,3134.3,31922800,3447.7,2820.9,3839.9,2896.0,3123.5,75,4,3123.4,36,3,3123.3,45,2,3123.2,155,8,3123.1,28,2,3124.1,93,2,3124.2,72,1,3124.6,98,4,3124.7,1,1,3124.8,63,2
2031,2026-06-16 11:47:03+05:30,3123.5,46,3130.08,1823863,125456.0,216380.0,3163.0,3163.0,3108.0,3134.3,31922800,3447.7,2820.9,3839.9,2896.0,3123.5,75,4,3123.4,36,3,3123.3,45,2,3123.2,155,8,3123.1,28,2,3124.1,93,2,3124.2,72,1,3124.6,98,4,3124.7,1,1,3124.8,63,2
2031,2026-06-16 11:47:03+05:30,3124.1,1,3130.08,1823864,124952.0,216752.0,3163.0,3163.0,3108.0,3134.3,31922800,3447.7,2820.9,3839.9,2896.0,3123.5,63,3,3123.4,4,2,3123.3,45,2,3123.2,107,5,3123.1,49,3,3124.1,92,2,3124.2,72,1,3124.6,98,4,3124.7,50,2,3124.8,63,2
2031,2026-06-16 11:47:03+05:30,3124.1,1,3130.08,1823864,124952.0,216752.0,3163.0,3163.0,3108.0,3134.3,31922800,3447.7,2820.9,3839.9,2896.0,3123.5,63,3,3123.4,4,2,3123.3,45,2,3123.2,107,5,3123.1,49,3,3124.1,92,2,3124.2,72,1,3124.6,98,4,3124.7,50,2,3124.8,63,2
2031,2026-06-16 11:47:04+05:30,3124.1,1,3130.08,1823864,124952.0,216752.0,3163.0,3163.0,3108.0,3134.3,31922800,3447.7,2820.9,3839.9,2896.0,3123.5,63,3,3123.4,4,2,3123.3,45,2,3123.2,107,5,3123.1,49,3,3124.1,92,2,3124.2,72,1,3124.6,98,4,3124.7,50,2,3124.8,63,2
2031,2026-06-16 11:47:04+05:30,3124.1,1,3130.08,1823864,125369.0,216804.0,3163.0,3163.0,3108.0,3134.3,31922800,3447.7,2820.9,3839.9,2896.0,3123.6,18,1,3123.5,47,2,3123.4,4,2,3123.3,43,2,3123.2,82,4,3124.1,92,2,3124.2,72,1,3124.6,98,4,3124.7,50,2,3124.8,63,2
2031,2026-06-16 11:47:05+05:30,3124.1,1,3130.08,1823864,125369.0,216804.0,3163.0,3163.0,3108.0,3134.3,31922800,3447.7,2820.9,3839.9,2896.0,3123.6,18,1,3123.5,47,2,3123.4,4,2,3123.3,43,2,3123.2,82,4,3124.1,92,2,3124.2,72,1,3124.6,98,4,3124.7,50,2,3124.8,63,2
2031,2026-06-16 11:47:05+05:30,3124.1,1,3130.08,1823864,125421.0,216682.0,3163.0,3163.0,3108.0,3134.3,31922800,3447.7,2820.9,3839.9,2896.0,3123.8,17,1,3123.5,47,2,3123.4,4,2,3123.3,22,1,3123.2,121,5,3123.9,26,1,3124.0,15,1,3124.1,66,1,3124.2,72,1,3124.6,64,3
2031,2026-06-16 11:47:06+05:30,3124.1,1,3130.08,1823864,125421.0,216682.0,3163.0,3163.0,3108.0,3134.3,31924400,3447.7,2820.9,3839.9,2896.0,3123.8,17,1,3123.5,47,2,3123.4,4,2,3123.3,22,1,3123.2,121,5,3123.9,26,1,3124.0,15,1,3124.1,66,1,3124.2,72,1,3124.6,64,3
2031,2026-06-16 11:47:06+05:30,3123.9,139,3130.08,1824029,125007.0,216748.0,3163.0,3163.0,3108.0,3134.3,31924400,3447.7,2820.9,3839.9,2896.0,3123.5,63,3,3123.4,4,2,3123.3,22,1,3123.2,17,3,3123.1,22,1,3123.8,18,1,3123.9,11,1,3124.0,15,1,3124.1,66,1,3124.2,1,1
2031,2026-06-16 11:47:06+05:30,3123.9,139,3130.08,1824029,125007.0,216748.0,3163.0,3163.0,3108.0,3134.3,31924400,3447.7,2820.9,3839.9,2896.0,3123.5,63,3,3123.4,4,2,3123.3,22,1,3123.2,17,3,3123.1,22,1,3123.8,18,1,3123.9,11,1,3124.0,15,1,3124.1,66,1,3124.2,1,1
2031,2026-06-16 11:47:07+05:30,3123.9,139,3130.08,1824029,125205.0,216688.0,3163.0,3163.0,3108.0,3134.3,31924400,3447.7,2820.9,3839.9,2896.0,3123.5,63,3,3123.4,4,2,3123.3,22,1,3123.2,38,4,3123.1,41,2,3123.8,18,1,3123.9,11,1,3124.0,15,1,3124.6,64,3,3124.7,56,2
2031,2026-06-16 11:47:08+05:30,3123.4,47,3130.08,1824320,123792.0,217121.0,3163.0,3163.0,3108.0,3134.3,31924400,3447.7,2820.9,3839.9,2896.0,3123.2,17,3,3123.0,1000,1,3122.9,23,2,3122.8,21,1,3122.7,22,1,3123.4,127,1,3123.9,14,2,3124.0,15,1,3124.2,13,1,3124.3,62,1
2031,2026-06-16 11:47:08+05:30,3123.4,127,3130.08,1824320,123792.0,217121.0,3163.0,3163.0,3108.0,3134.3,31924400,3447.7,2820.9,3839.9,2896.0,3123.2,17,3,3123.0,1000,1,3122.9,23,2,3122.8,21,1,3122.7,22,1,3123.4,127,1,3123.9,14,2,3124.0,15,1,3124.2,13,1,3124.3,62,1
2031,2026-06-16 11:47:09+05:30,3123.2,6,3130.08,1824521,124717.0,216931.0,3163.0,3163.0,3108.0,3134.3,31924400,3447.7,2820.9,3839.9,2896.0,3123.3,14,1,3123.2,1,1,3123.1,42,2,3123.0,1025,2,3122.9,51,3,3123.9,11,1,3124.0,15,1,3124.3,62,1,3124.4,13,1,3124.5,129,4
2031,2026-06-16 11:47:09+05:30,3123.8,1,3130.08,1824521,124717.0,216931.0,3163.0,3163.0,3108.0,3134.3,31924400,3447.7,2820.9,3839.9,2896.0,3123.3,14,1,3123.2,1,1,3123.1,42,2,3123.0,1025,2,3122.9,51,3,3123.9,11,1,3124.0,15,1,3124.3,62,1,3124.4,13,1,3124.5,129,4
2031,2026-06-16 11:47:10+05:30,3123.0,20,3130.08,1824717,123654.0,217494.0,3163.0,3163.0,3108.0,3134.3,31924400,3447.7,2820.9,3839.9,2896.0,3123.0,959,1,3122.9,2,1,3122.7,22,1,3122.6,21,1,3122.5,21,1,3123.1,46,1,3123.7,17,2,3123.8,10,1,3123.9,97,6,3124.0,34,2
2031,2026-06-16 11:47:10+05:30,3123.0,20,3130.08,1824717,123654.0,217494.0,3163.0,3163.0,3108.0,3134.3,31924400,3447.7,2820.9,3839.9,2896.0,3123.0,959,1,3122.9,2,1,3122.7,22,1,3122.6,21,1,3122.5,21,1,3123.1,46,1,3123.7,17,2,3123.8,10,1,3123.9,97,6,3124.0,34,2
2031,2026-06-16 11:47:11+05:30,3123.0,18,3130.08,1824884,123846.0,218164.0,3163.0,3163.0,3108.0,3134.3,31924400,3447.7,2820.9,3839.9,2896.0,3123.0,822,2,3122.9,2,1,3122.8,21,1,3122.7,22,1,3122.5,21,1,3123.1,70,2,3123.7,12,1,3123.8,62,1,3123.9,145,7,3124.0,19,1
2031,2026-06-16 11:47:11+05:30,3123.0,18,3130.08,1824884,123846.0,218164.0,3163.0,3163.0,3108.0,3134.3,31924400,3447.7,2820.9,3839.9,2896.0,3123.0,822,2,3122.9,2,1,3122.8,21,1,3122.7,22,1,3122.5,21,1,3123.1,70,2,3123.7,12,1,3123.8,62,1,3123.9,145,7,3124.0,19,1
2031,2026-06-16 11:47:12+05:30,3123.1,20,3130.07,1826475,124971.0,214372.0,3163.0,3163.0,3108.0,3134.3,31924400,3447.7,2820.9,3839.9,2896.0,3123.1,11,2,3123.0,1026,6,3122.9,33,3,3122.8,123,4,3122.7,22,1,3123.9,175,1,3124.0,22,2,3124.1,14,1,3124.2,21,2,3124.3,63,2
2031,2026-06-16 11:47:12+05:30,3123.1,20,3130.07,1826475,124971.0,214372.0,3163.0,3163.0,3108.0,3134.3,31924400,3447.7,2820.9,3839.9,2896.0,3123.1,11,2,3123.0,1026,6,3122.9,33,3,3122.8,123,4,3122.7,22,1,3123.9,175,1,3124.0,22,2,3124.1,14,1,3124.2,21,2,3124.3,63,2
2031,2026-06-16 11:47:13+05:30,3123.0,175,3130.07,1826650,124649.0,216861.0,3163.0,3163.0,3108.0,3134.3,31924400,3447.7,2820.9,3839.9,2896.0,3123.0,824,5,3122.9,23,2,3122.8,58,3,3122.7,61,2,3122.6,49,3,3123.6,2,1,3123.9,142,1,3124.0,8,1,3124.1,60,2,3124.2,8,1
2031,2026-06-16 11:47:13+05:30,3123.0,175,3130.07,1826650,124649.0,216861.0,3163.0,3163.0,3108.0,3134.3,31924400,3447.7,2820.9,3839.9,2896.0,3123.0,824,5,3122.9,23,2,3122.8,58,3,3122.7,61,2,3122.6,49,3,3123.6,2,1,3123.9,142,1,3124.0,8,1,3124.1,60,2,3124.2,8,1
2031,2026-06-16 11:47:14+05:30,3123.0,2,3130.07,1826650,124649.0,216861.0,3163.0,3163.0,3108.0,3134.3,31924400,3447.7,2820.9,3839.9,2896.0,3123.0,824,5,3122.9,23,2,3122.8,58,3,3122.7,61,2,3122.6,49,3,3123.6,2,1,3123.9,142,1,3124.0,8,1,3124.1,60,2,3124.2,8,1
2031,2026-06-16 11:47:14+05:30,3123.0,2,3130.07,1826652,124564.0,217665.0,3163.0,3163.0,3108.0,3134.3,31924400,3447.7,2820.9,3839.9,2896.0,3123.0,823,6,3122.9,2,1,3122.8,57,2,3122.7,61,2,3122.6,161,5,3123.2,20,1,3123.3,25,1,3123.6,83,1,3123.9,13,1,3124.0,8,1
2031,2026-06-16 11:47:15+05:30,3123.0,24,3130.07,1826652,124564.0,217665.0,3163.0,3163.0,3108.0,3134.3,31924400,3447.7,2820.9,3839.9,2896.0,3123.0,823,6,3122.9,2,1,3122.8,57,2,3122.7,61,2,3122.6,161,5,3123.2,20,1,3123.3,25,1,3123.6,83,1,3123.9,13,1,3124.0,8,1
2031,2026-06-16 11:47:16+05:30,3123.0,24,3130.07,1826900,124568.0,217259.0,3163.0,3163.0,3108.0,3134.3,31924400,3447.7,2820.9,3839.9,2896.0,3123.0,785,6,3122.9,2,1,3122.8,54,2,3122.7,35,2,3122.6,68,4,3123.1,43,1,3123.2,52,1,3123.3,25,1,3124.2,33,2,3124.4,12,1
2031,2026-06-16 11:47:16+05:30,3123.0,3,3130.07,1826900,124568.0,217259.0,3163.0,3163.0,3108.0,3134.3,31924400,3447.7,2820.9,3839.9,2896.0,3123.0,785,6,3122.9,2,1,3122.8,54,2,3122.7,35,2,3122.6,68,4,3123.1,43,1,3123.2,52,1,3123.3,25,1,3124.2,33,2,3124.4,12,1
2031,2026-06-16 11:47:17+05:30,3123.0,1,3130.07,1826906,124423.0,217709.0,3163.0,3163.0,3108.0,3134.3,31924400,3447.7,2820.9,3839.9,2896.0,3123.0,781,6,3122.9,2,1,3122.7,52,3,3122.6,47,2,3122.5,130,3,3123.1,42,2,3123.2,82,2,3123.3,25,1,3124.2,33,2,3124.3,481,4
2031,2026-06-16 11:47:17+05:30,3123.0,3,3130.07,1826906,124423.0,217709.0,3163.0,3163.0,3108.0,3134.3,31924400,3447.7,2820.9,3839.9,2896.0,3123.0,781,6,3122.9,2,1,3122.7,52,3,3122.6,47,2,3122.5,130,3,3123.1,42,2,3123.2,82,2,3123.3,25,1,3124.2,33,2,3124.3,481,4
2031,2026-06-16 11:47:18+05:30,3123.0,3,3130.07,1826929,124183.0,217775.0,3163.0,3163.0,3108.0,3134.3,31924400,3447.7,2820.9,3839.9,2896.0,3123.0,758,6,3122.9,2,1,3122.7,22,1,3122.6,42,1,3122.5,40,2,3123.1,56,3,3123.2,82,2,3123.3,25,1,3124.2,81,3,3124.3,481,4
2031,2026-06-16 11:47:19+05:30,3123.0,3,3130.07,1826929,124188.0,217805.0,3163.0,3163.0,3108.0,3134.3,31924400,3447.7,2820.9,3839.9,2896.0,3123.0,773,7,3122.9,2,1,3122.7,22,1,3122.6,17,1,3122.5,40,2,3123.1,57,4,3123.2,82,2,3123.3,25,1,3123.8,48,1,3124.2,81,3
2031,2026-06-16 11:47:19+05:30,3123.1,1,3130.07,1826929,124188.0,217805.0,3163.0,3163.0,3108.0,3134.3,31924400,3447.7,2820.9,3839.9,2896.0,3123.0,773,7,3122.9,2,1,3122.7,22,1,3122.6,17,1,3122.5,40,2,3123.1,57,4,3123.2,82,2,3123.3,25,1,3123.8,48,1,3124.2,81,3
2031,2026-06-16 11:47:20+05:30,3123.1,1,3130.07,1826930,124328.0,217803.0,3163.0,3163.0,3108.0,3134.3,31924400,3447.7,2820.9,3839.9,2896.0,3123.0,772,6,3122.9,2,1,3122.7,22,1,3122.6,17,1,3122.5,40,2,3123.1,56,4,3123.2,82,2,3123.3,25,1,3123.8,48,1,3124.2,81,3
2031,2026-06-16 11:47:21+05:30,3123.1,1,3130.07,1826930,124350.0,217962.0,3163.0,3163.0,3108.0,3134.3,31924400,3447.7,2820.9,3839.9,2896.0,3123.0,772,6,3122.9,2,1,3122.7,22,1,3122.5,57,3,3122.4,112,3,3123.1,123,6,3123.2,82,2,3123.3,25,1,3123.8,48,1,3124.2,81,3
2031,2026-06-16 11:47:21+05:30,3123.1,7,3130.07,1826930,124350.0,217962.0,3163.0,3163.0,3108.0,3134.3,31924400,3447.7,2820.9,3839.9,2896.0,3123.0,772,6,3122.9,2,1,3122.7,22,1,3122.5,57,3,3122.4,112,3,3123.1,123,6,3123.2,82,2,3123.3,25,1,3123.8,48,1,3124.2,81,3
2031,2026-06-16 11:47:22+05:30,3123.1,7,3130.07,1827327,124391.0,217900.0,3163.0,3163.0,3108.0,3134.3,31924400,3447.7,2820.9,3839.9,2896.0,3123.0,520,5,3122.9,2,1,3122.7,22,1,3122.5,57,3,3122.4,86,2,3123.1,44,1,3123.2,82,2,3123.3,25,1,3123.8,48,1,3123.9,53,1
2031,2026-06-16 11:47:22+05:30,3123.1,1,3130.07,1827327,124391.0,217900.0,3163.0,3163.0,3108.0,3134.3,31924400,3447.7,2820.9,3839.9,2896.0,3123.0,520,5,3122.9,2,1,3122.7,22,1,3122.5,57,3,3122.4,86,2,3123.1,44,1,3123.2,82,2,3123.3,25,1,3123.8,48,1,3123.9,53,1
2031,2026-06-16 11:47:23+05:30,3123.1,1,3130.07,1827329,124060.0,217648.0,3163.0,3163.0,3108.0,3134.3,31924400,3447.7,2820.9,3839.9,2896.0,3123.0,520,5,3122.9,2,1,3122.7,22,1,3122.5,21,1,3122.3,21,1,3123.1,43,2,3123.2,82,2,3123.3,25,1,3123.5,48,1,3123.7,48,2
2031,2026-06-16 11:47:23+05:30,3123.1,1,3130.07,1827329,124060.0,217648.0,3163.0,3163.0,3108.0,3134.3,31924400,3447.7,2820.9,3839.9,2896.0,3123.0,520,5,3122.9,2,1,3122.7,22,1,3122.5,21,1,3122.3,21,1,3123.1,43,2,3123.2,82,2,3123.3,25,1,3123.5,48,1,3123.7,48,2
2031,2026-06-16 11:47:24+05:30,3123.1,1,3130.07,1827329,124082.0,217942.0,3163.0,3163.0,3108.0,3134.3,31924400,3447.7,2820.9,3839.9,2896.0,3123.0,520,5,3122.9,2,1,3122.7,22,1,3122.5,21,1,3122.3,21,1,3123.1,85,4,3123.2,82,2,3123.3,25,1,3123.4,48,1,3123.7,110,3
2031,2026-06-16 11:47:24+05:30,3123.0,22,3130.07,1827329,124082.0,217942.0,3163.0,3163.0,3108.0,3134.3,31924400,3447.7,2820.9,3839.9,2896.0,3123.0,520,5,3122.9,2,1,3122.7,22,1,3122.5,21,1,3122.3,21,1,3123.1,85,4,3123.2,82,2,3123.3,25,1,3123.4,48,1,3123.7,110,3
2031,2026-06-16 11:47:25+05:30,3122.0,9,3130.07,1828561,121074.0,218006.0,3163.0,3163.0,3108.0,3134.3,31924400,3447.7,2820.9,3839.9,2896.0,3122.0,159,2,3121.9,21,1,3121.7,20,1,3121.6,12,1,3121.5,42,2,3122.8,28,3,3122.9,38,3,3123.0,90,4,3123.1,68,4,3123.2,92,3
2031,2026-06-16 11:47:25+05:30,3122.0,10,3130.07,1828561,121074.0,218006.0,3163.0,3163.0,3108.0,3134.3,31924400,3447.7,2820.9,3839.9,2896.0,3122.0,159,2,3121.9,21,1,3121.7,20,1,3121.6,12,1,3121.5,42,2,3122.8,28,3,3122.9,38,3,3123.0,90,4,3123.1,68,4,3123.2,92,3
2031,2026-06-16 11:47:26+05:30,3122.0,1,3130.07,1828572,121087.0,219279.0,3163.0,3163.0,3108.0,3134.3,31924400,3447.7,2820.9,3839.9,2896.0,3122.0,230,3,3121.7,20,1,3121.6,12,1,3121.5,42,2,3121.3,132,2,3122.5,67,1,3122.6,36,2,3122.7,129,5,3122.8,28,3,3122.9,40,2
2031,2026-06-16 11:47:26+05:30,3122.7,42,3130.07,1828572,121087.0,219279.0,3163.0,3163.0,3108.0,3134.3,31924400,3447.7,2820.9,3839.9,2896.0,3122.0,230,3,3121.7,20,1,3121.6,12,1,3121.5,42,2,3121.3,132,2,3122.5,67,1,3122.6,36,2,3122.7,129,5,3122.8,28,3,3122.9,40,2
2031,2026-06-16 11:47:27+05:30,3122.7,42,3130.06,1829072,121657.0,219410.0,3163.0,3163.0,3108.0,3134.3,31924400,3447.7,2820.9,3839.9,2896.0,3122.0,239,4,3121.9,21,1,3121.7,20,1,3121.6,12,1,3121.5,42,2,3122.5,30,2,3122.8,22,2,3122.9,105,2,3123.0,143,6,3123.1,93,4
2031,2026-06-16 11:47:27+05:30,3122.5,1,3130.06,1829072,121657.0,219410.0,3163.0,3163.0,3108.0,3134.3,31924400,3447.7,2820.9,3839.9,2896.0,3122.0,239,4,3121.9,21,1,3121.7,20,1,3121.6,12,1,3121.5,42,2,3122.5,30,2,3122.8,22,2,3122.9,105,2,3123.0,143,6,3123.1,93,4
2031,2026-06-16 11:47:28+05:30,3122.5,1,3130.06,1829074,121675.0,219396.0,3163.0,3163.0,3108.0,3134.3,31924400,3447.7,2820.9,3839.9,2896.0,3122.0,239,4,3121.9,21,1,3121.7,20,1,3121.6,12,1,3121.5,42,2,3122.5,28,2,3122.8,8,1,3122.9,105,2,3123.0,143,6,3123.1,93,4
2031,2026-06-16 11:47:28+05:30,3122.5,1,3130.06,1829074,121675.0,219396.0,3163.0,3163.0,3108.0,3134.3,31924400,3447.7,2820.9,3839.9,2896.0,3122.0,239,4,3121.9,21,1,3121.7,20,1,3121.6,12,1,3121.5,42,2,3122.5,28,2,3122.8,8,1,3122.9,105,2,3123.0,143,6,3123.1,93,4
2031,2026-06-16 11:47:29+05:30,3122.5,1,3130.06,1829074,121707.0,219397.0,3163.0,3163.0,3108.0,3134.3,31924400,3447.7,2820.9,3839.9,2896.0,3122.0,239,4,3121.9,21,1,3121.7,20,1,3121.6,12,1,3121.5,42,2,3122.5,28,2,3122.8,8,1,3122.9,153,3,3123.0,95,5,3123.1,93,4
2031,2026-06-16 11:47:29+05:30,3122.5,1,3130.06,1829074,121707.0,219397.0,3163.0,3163.0,3108.0,3134.3,31924400,3447.7,2820.9,3839.9,2896.0,3122.0,239,4,3121.9,21,1,3121.7,20,1,3121.6,12,1,3121.5,42,2,3122.5,28,2,3122.8,8,1,3122.9,153,3,3123.0,95,5,3123.1,93,4
2031,2026-06-16 11:47:30+05:30,3122.5,1,3130.06,1829075,121737.0,219924.0,3163.0,3163.0,3108.0,3134.3,31924400,3447.7,2820.9,3839.9,2896.0,3122.0,243,5,3121.9,21,1,3121.7,20,1,3121.5,42,2,3121.3,132,2,3122.5,27,2,3122.6,43,2,3122.7,48,1,3122.8,60,3,3122.9,105,2
2031,2026-06-16 11:47:31+05:30,3122.5,1,3130.06,1829075,121582.0,219881.0,3163.0,3163.0,3108.0,3134.3,31924400,3447.7,2820.9,3839.9,2896.0,3122.3,2,2,3122.0,244,6,3121.9,21,1,3121.7,20,1,3121.5,42,2,3122.5,28,3,3122.8,41,2,3122.9,124,3,3123.0,143,6,3123.1,93,4
2031,2026-06-16 11:47:31+05:30,3122.5,1,3130.06,1829075,121582.0,219881.0,3163.0,3163.0,3108.0,3134.3,31924400,3447.7,2820.9,3839.9,2896.0,3122.3,2,2,3122.0,244,6,3121.9,21,1,3121.7,20,1,3121.5,42,2,3122.5,28,3,3122.8,41,2,3122.9,124,3,3123.0,143,6,3123.1,93,4
2031,2026-06-16 11:47:32+05:30,3122.5,1,3130.06,1829076,121760.0,218264.0,3163.0,3163.0,3108.0,3134.3,31924400,3447.7,2820.9,3839.9,2896.0,3122.3,86,3,3122.1,111,1,3122.0,244,6,3121.9,58,2,3121.8,127,4,3122.5,27,3,3123.0,31,2,3123.1,43,3,3123.3,251,2,3123.4,85,2
2031,2026-06-16 11:47:32+05:30,3121.7,7,3130.06,1829076,121760.0,218264.0,3163.0,3163.0,3108.0,3134.3,31924400,3447.7,2820.9,3839.9,2896.0,3122.3,86,3,3122.1,111,1,3122.0,244,6,3121.9,58,2,3121.8,127,4,3122.5,27,3,3123.0,31,2,3123.1,43,3,3123.3,251,2,3123.4,85,2
2031,2026-06-16 11:47:33+05:30,3122.5,1,3130.06,1830302,121210.0,218891.0,3163.0,3163.0,3108.0,3134.3,31924400,3447.7,2820.9,3839.9,2896.0,3122.0,2,1,3121.7,20,1,3121.6,76,3,3121.5,138,6,3121.4,48,2,3122.5,31,3,3123.0,39,2,3123.1,103,4,3123.4,83,2,3123.5,113,2
2031,2026-06-16 11:47:33+05:30,3122.5,1,3130.06,1830302,121210.0,218891.0,3163.0,3163.0,3108.0,3134.3,31924400,3447.7,2820.9,3839.9,2896.0,3122.0,2,1,3121.7,20,1,3121.6,76,3,3121.5,138,6,3121.4,48,2,3122.5,31,3,3123.0,39,2,3123.1,103,4,3123.4,83,2,3123.5,113,2
2031,2026-06-16 11:47:34+05:30,3122.5,1,3130.06,1830302,121137.0,219022.0,3163.0,3163.0,3108.0,3134.3,31924400,3447.7,2820.9,3839.9,2896.0,3122.0,2,1,3121.7,20,1,3121.5,47,3,3121.4,36,1,3121.3,60,2,3122.5,47,4,3122.9,120,4,3123.0,75,4,3123.1,103,4,3123.2,68,2
2031,2026-06-16 11:47:34+05:30,3123.0,25,3130.06,1830302,121137.0,219022.0,3163.0,3163.0,3108.0,3134.3,31924400,3447.7,2820.9,3839.9,2896.0,3122.0,2,1,3121.7,20,1,3121.5,47,3,3121.4,36,1,3121.3,60,2,3122.5,47,4,3122.9,120,4,3123.0,75,4,3123.1,103,4,3123.2,68,2
2031,2026-06-16 11:47:35+05:30,3123.0,25,3130.06,1830662,123260.0,218254.0,3163.0,3163.0,3108.0,3134.3,31924400,3447.7,2820.9,3839.9,2896.0,3123.0,75,1,3122.7,12,1,3122.6,33,1,3122.5,95,4,3122.3,47,2,3123.1,43,3,3124.1,62,1,3124.2,48,1,3124.3,262,2,3124.4,28,2
2031,2026-06-16 11:47:35+05:30,3123.1,1,3130.06,1830662,123260.0,218254.0,3163.0,3163.0,3108.0,3134.3,31924400,3447.7,2820.9,3839.9,2896.0,3123.0,75,1,3122.7,12,1,3122.6,33,1,3122.5,95,4,3122.3,47,2,3123.1,43,3,3124.1,62,1,3124.2,48,1,3124.3,262,2,3124.4,28,2
2031,2026-06-16 11:47:36+05:30,3124.3,200,3130.06,1831105,126263.0,213221.0,3163.0,3163.0,3108.0,3134.3,31924400,3447.7,2820.9,3839.9,2896.0,3124.1,50,5,3124.0,59,2,3123.9,77,3,3123.8,109,4,3123.7,308,3,3125.2,5,1,3125.8,21,1,3126.0,125,5,3126.1,65,1,3126.2,40,2
2031,2026-06-16 11:47:36+05:30,3124.0,1,3130.06,1831105,126263.0,213221.0,3163.0,3163.0,3108.0,3134.3,31924400,3447.7,2820.9,3839.9,2896.0,3124.1,50,5,3124.0,59,2,3123.9,77,3,3123.8,109,4,3123.7,308,3,3125.2,5,1,3125.8,21,1,3126.0,125,5,3126.1,65,1,3126.2,40,2
2031,2026-06-16 11:47:37+05:30,3123.9,114,3130.05,1831248,123811.0,215274.0,3163.0,3163.0,3108.0,3134.3,31924400,3447.7,2820.9,3839.9,2896.0,3123.6,15,1,3123.4,56,3,3123.3,19,1,3123.2,14,2,3123.1,40,2,3123.9,58,1,3124.5,13,1,3125.0,21,1,3125.1,10,1,3125.2,368,5
2031,2026-06-16 11:47:37+05:30,3123.9,25,3130.05,1831248,123811.0,215274.0,3163.0,3163.0,3108.0,3134.3,31924400,3447.7,2820.9,3839.9,2896.0,3123.6,15,1,3123.4,56,3,3123.3,19,1,3123.2,14,2,3123.1,40,2,3123.9,58,1,3124.5,13,1,3125.0,21,1,3125.1,10,1,3125.2,368,5
2031,2026-06-16 11:47:38+05:30,3123.9,25,3130.05,1831331,125333.0,215169.0,3163.0,3163.0,3108.0,3134.3,31924400,3447.7,2820.9,3839.9,2896.0,3124.1,2,1,3123.7,64,6,3123.6,156,5,3123.5,69,3,3123.4,22,2,3125.1,21,1,3125.2,269,3,3125.3,242,2,3125.4,49,1,3125.5,97,3
2031,2026-06-16 11:47:38+05:30,3124.1,1,3130.05,1831331,125333.0,215169.0,3163.0,3163.0,3108.0,3134.3,31924400,3447.7,2820.9,3839.9,2896.0,3124.1,2,1,3123.7,64,6,3123.6,156,5,3123.5,69,3,3123.4,22,2,3125.1,21,1,3125.2,269,3,3125.3,242,2,3125.4,49,1,3125.5,97,3
2031,2026-06-16 11:47:39+05:30,3124.5,1,3130.05,1831334,125531.0,215815.0,3163.0,3163.0,3108.0,3134.3,31924400,3447.7,2820.9,3839.9,2896.0,3124.1,1,1,3123.7,24,2,3123.6,156,5,3123.5,88,4,3123.4,5,2,3124.5,132,1,3125.1,21,1,3125.2,45,2,3125.3,42,1,3125.4,70,2
2031,2026-06-16 11:47:39+05:30,3124.5,1,3130.05,1831334,125531.0,215815.0,3163.0,3163.0,3108.0,3134.3,31924400,3447.7,2820.9,3839.9,2896.0,3124.1,1,1,3123.7,24,2,3123.6,156,5,3123.5,88,4,3123.4,5,2,3124.5,132,1,3125.1,21,1,3125.2,45,2,3125.3,42,1,3125.4,70,2
2031,2026-06-16 11:47:40+05:30,3124.5,1,3130.05,1831334,125757.0,215960.0,3163.0,3163.0,3108.0,3134.3,31924400,3447.7,2820.9,3839.9,2896.0,3124.1,43,2,3123.6,156,5,3123.5,88,4,3123.4,5,2,3123.3,150,6,3124.5,134,2,3125.1,79,2,3125.2,45,2,3125.3,42,1,3125.4,68,2
2031,2026-06-16 11:47:41+05:30,3124.5,1,3130.05,1831334,125763.0,216031.0,3163.0,3163.0,3108.0,3134.3,31924400,3447.7,2820.9,3839.9,2896.0,3124.1,43,2,3123.6,156,5,3123.5,88,4,3123.4,5,2,3123.3,150,6,3124.5,134,2,3124.6,71,1,3125.1,79,2,3125.2,45,2,3125.3,42,1
2031,2026-06-16 11:47:42+05:30,3124.5,1,3130.05,1831334,125623.0,216366.0,3163.0,3163.0,3108.0,3134.3,31924400,3447.7,2820.9,3839.9,2896.0,3124.1,43,2,3123.6,146,4,3123.5,20,1,3123.4,5,2,3123.3,117,5,3124.5,134,2,3124.6,71,1,3125.1,79,2,3125.2,64,3,3125.3,139,3
2031,2026-06-16 11:47:42+05:30,3124.5,1,3130.05,1831334,125623.0,216366.0,3163.0,3163.0,3108.0,3134.3,31924400,3447.7,2820.9,3839.9,2896.0,3124.1,43,2,3123.6,146,4,3123.5,20,1,3123.4,5,2,3123.3,117,5,3124.5,134,2,3124.6,71,1,3125.1,79,2,3125.2,64,3,3125.3,139,3
2031,2026-06-16 11:47:43+05:30,3124.5,1,3130.05,1831335,125676.0,216179.0,3163.0,3163.0,3108.0,3134.3,31924400,3447.7,2820.9,3839.9,2896.0,3124.1,43,2,3123.6,97,3,3123.5,20,1,3123.4,3,1,3123.3,117,5,3124.5,133,2,3124.6,71,1,3125.1,79,2,3125.2,112,4,3125.3,91,2
2031,2026-06-16 11:47:43+05:30,3124.5,1,3130.05,1831335,125676.0,216179.0,3163.0,3163.0,3108.0,3134.3,31924400,3447.7,2820.9,3839.9,2896.0,3124.1,43,2,3123.6,97,3,3123.5,20,1,3123.4,3,1,3123.3,117,5,3124.5,133,2,3124.6,71,1,3125.1,79,2,3125.2,112,4,3125.3,91,2
2031,2026-06-16 11:47:44+05:30,3124.5,1,3130.05,1831492,125619.0,216018.0,3163.0,3163.0,3108.0,3134.3,31924400,3447.7,2820.9,3839.9,2896.0,3124.1,43,2,3123.6,97,3,3123.5,20,1,3123.4,3,1,3123.3,80,4,3124.5,111,2,3124.6,71,1,3125.1,79,2,3125.2,141,5,3125.3,42,1
2031,2026-06-16 11:47:45+05:30,3124.5,1,3130.05,1831492,125764.0,216013.0,3163.0,3163.0,3108.0,3134.3,31924400,3447.7,2820.9,3839.9,2896.0,3124.1,43,2,3124.0,15,1,3123.6,82,2,3123.5,20,1,3123.4,53,2,3124.5,111,2,3124.6,71,1,3125.1,79,2,3125.2,122,4,3125.3,42,1
2031,2026-06-16 11:47:45+05:30,3125.2,40,3130.05,1831492,125764.0,216013.0,3163.0,3163.0,3108.0,3134.3,31924400,3447.7,2820.9,3839.9,2896.0,3124.1,43,2,3124.0,15,1,3123.6,82,2,3123.5,20,1,3123.4,53,2,3124.5,111,2,3124.6,71,1,3125.1,79,2,3125.2,122,4,3125.3,42,1
2031,2026-06-16 11:47:46+05:30,3125.2,40,3130.05,1831787,127387.0,213611.0,3163.0,3163.0,3108.0,3134.3,31924400,3447.7,2820.9,3839.9,2896.0,3124.8,49,1,3124.7,96,5,3124.6,113,5,3124.5,148,8,3124.4,88,6,3126.0,24,1,3126.4,68,4,3126.5,424,4,3126.6,32,2,3126.7,60,1
2031,2026-06-16 11:47:46+05:30,3125.8,19,3130.05,1831787,127387.0,213611.0,3163.0,3163.0,3108.0,3134.3,31924400,3447.7,2820.9,3839.9,2896.0,3124.8,49,1,3124.7,96,5,3124.6,113,5,3124.5,148,8,3124.4,88,6,3126.0,24,1,3126.4,68,4,3126.5,424,4,3126.6,32,2,3126.7,60,1
2031,2026-06-16 11:47:47+05:30,3125.8,19,3130.05,1831806,127768.0,214906.0,3163.0,3163.0,3108.0,3134.3,31924400,3447.7,2820.9,3839.9,2896.0,3124.9,10,2,3124.8,174,4,3124.7,34,2,3124.6,48,3,3124.5,203,10,3125.8,45,1,3126.0,300,2,3126.3,21,1,3126.4,58,3,3126.5,400,2
2031,2026-06-16 11:47:47+05:30,3125.8,19,3130.05,1831806,127768.0,214906.0,3163.0,3163.0,3108.0,3134.3,31924400,3447.7,2820.9,3839.9,2896.0,3124.9,10,2,3124.8,174,4,3124.7,34,2,3124.6,48,3,3124.5,203,10,3125.8,45,1,3126.0,300,2,3126.3,21,1,3126.4,58,3,3126.5,400,2
2031,2026-06-16 11:47:48+05:30,3125.8,19,3130.05,1831806,127461.0,215143.0,3163.0,3163.0,3108.0,3134.3,31924400,3447.7,2820.9,3839.9,2896.0,3124.9,54,1,3124.8,66,2,3124.6,56,1,3124.5,81,4,3124.4,44,2,3125.8,259,3,3125.9,21,1,3126.0,62,4,3126.3,71,3,3126.4,58,3
2031,2026-06-16 11:47:48+05:30,3125.6,1,3130.05,1831806,127461.0,215143.0,3163.0,3163.0,3108.0,3134.3,31924400,3447.7,2820.9,3839.9,2896.0,3124.9,54,1,3124.8,66,2,3124.6,56,1,3124.5,81,4,3124.4,44,2,3125.8,259,3,3125.9,21,1,3126.0,62,4,3126.3,71,3,3126.4,58,3
2031,2026-06-16 11:47:49+05:30,3125.6,1,3130.05,1832008,126959.0,215337.0,3163.0,3163.0,3108.0,3134.3,31924400,3447.7,2820.9,3839.9,2896.0,3124.9,28,1,3124.3,27,4,3124.1,23,2,3124.0,68,2,3123.9,140,4,3125.6,21,1,3125.7,55,3,3125.8,378,5,3125.9,89,2,3126.0,126,6
2031,2026-06-16 11:47:49+05:30,3125.6,1,3130.05,1832008,126959.0,215337.0,3163.0,3163.0,3108.0,3134.3,31924400,3447.7,2820.9,3839.9,2896.0,3124.9,28,1,3124.3,27,4,3124.1,23,2,3124.0,68,2,3123.9,140,4,3125.6,21,1,3125.7,55,3,3125.8,378,5,3125.9,89,2,3126.0,126,6
2031,2026-06-16 11:47:49+05:30,3125.6,1,3130.05,1832008,126959.0,215337.0,3163.0,3163.0,3108.0,3134.3,31924400,3447.7,2820.9,3839.9,2896.0,3124.9,28,1,3124.3,27,4,3124.1,23,2,3124.0,68,2,3123.9,140,4,3125.6,21,1,3125.7,55,3,3125.8,378,5,3125.9,89,2,3126.0,126,6
2031,2026-06-16 11:47:50+05:30,3125.6,1,3130.05,1832008,126909.0,215481.0,3163.0,3163.0,3108.0,3134.3,31924400,3447.7,2820.9,3839.9,2896.0,3124.9,28,1,3124.3,6,3,3124.1,23,2,3124.0,68,2,3123.9,140,4,3125.6,162,3,3125.7,55,3,3125.8,173,4,3125.9,89,2,3126.0,124,5
2031,2026-06-16 11:47:50+05:30,3125.2,1,3130.05,1832008,126909.0,215481.0,3163.0,3163.0,3108.0,3134.3,31924400,3447.7,2820.9,3839.9,2896.0,3124.9,28,1,3124.3,6,3,3124.1,23,2,3124.0,68,2,3123.9,140,4,3125.6,162,3,3125.7,55,3,3125.8,173,4,3125.9,89,2,3126.0,124,5
2031,2026-06-16 11:47:51+05:30,3124.9,1,3130.05,1832014,127186.0,215312.0,3163.0,3163.0,3108.0,3134.3,31924400,3447.7,2820.9,3839.9,2896.0,3124.9,27,1,3124.3,14,2,3124.1,54,3,3124.0,68,2,3123.9,159,5,3125.5,14,1,3125.6,263,6,3125.7,40,2,3125.8,116,3,3125.9,41,1
2031,2026-06-16 11:47:51+05:30,3124.9,1,3130.05,1832014,127186.0,215312.0,3163.0,3163.0,3108.0,3134.3,31924400,3447.7,2820.9,3839.9,2896.0,3124.9,27,1,3124.3,14,2,3124.1,54,3,3124.0,68,2,3123.9,159,5,3125.5,14,1,3125.6,263,6,3125.7,40,2,3125.8,116,3,3125.9,41,1
2031,2026-06-16 11:47:51+05:30,3124.9,1,3130.05,1832014,127186.0,215312.0,3163.0,3163.0,3108.0,3134.3,31924400,3447.7,2820.9,3839.9,2896.0,3124.9,27,1,3124.3,14,2,3124.1,54,3,3124.0,68,2,3123.9,159,5,3125.5,14,1,3125.6,263,6,3125.7,40,2,3125.8,116,3,3125.9,41,1
2031,2026-06-16 11:47:52+05:30,3124.9,1,3130.05,1832014,127143.0,215658.0,3163.0,3163.0,3108.0,3134.3,31924400,3447.7,2820.9,3839.9,2896.0,3124.9,42,2,3124.3,14,2,3124.1,54,3,3124.0,68,2,3123.9,159,5,3125.5,179,4,3125.6,137,6,3125.7,40,2,3125.8,116,3,3125.9,41,1
2031,2026-06-16 11:47:52+05:30,3125.2,1,3130.05,1832014,127143.0,215658.0,3163.0,3163.0,3108.0,3134.3,31924400,3447.7,2820.9,3839.9,2896.0,3124.9,42,2,3124.3,14,2,3124.1,54,3,3124.0,68,2,3123.9,159,5,3125.5,179,4,3125.6,137,6,3125.7,40,2,3125.8,116,3,3125.9,41,1
2031,2026-06-16 11:47:53+05:30,3125.2,1,3130.05,1832014,127143.0,215658.0,3163.0,3163.0,3108.0,3134.3,31924400,3447.7,2820.9,3839.9,2896.0,3124.9,42,2,3124.3,14,2,3124.1,54,3,3124.0,68,2,3123.9,159,5,3125.5,179,4,3125.6,137,6,3125.7,40,2,3125.8,116,3,3125.9,41,1
2031,2026-06-16 11:47:53+05:30,3125.0,1,3130.05,1832374,127588.0,214881.0,3163.0,3163.0,3108.0,3134.3,31924400,3447.7,2820.9,3839.9,2896.0,3125.0,39,2,3124.9,96,4,3124.8,25,1,3124.6,41,3,3124.5,202,10,3125.5,29,3,3125.6,14,1,3125.8,54,2,3126.0,60,3,3126.2,20,1
2031,2026-06-16 11:47:53+05:30,3125.0,1,3130.05,1832374,127588.0,214881.0,3163.0,3163.0,3108.0,3134.3,31924400,3447.7,2820.9,3839.9,2896.0,3125.0,39,2,3124.9,96,4,3124.8,25,1,3124.6,41,3,3124.5,202,10,3125.5,29,3,3125.6,14,1,3125.8,54,2,3126.0,60,3,3126.2,20,1
2031,2026-06-16 11:47:54+05:30,3125.5,1,3130.05,1832424,127808.0,214575.0,3163.0,3163.0,3108.0,3134.3,31924400,3447.7,2820.9,3839.9,2896.0,3125.0,63,4,3124.9,117,4,3124.8,29,1,3124.7,50,2,3124.6,49,2,3125.5,2,1,3125.6,14,1,3125.8,54,2,3126.0,60,3,3126.2,82,2
2031,2026-06-16 11:47:54+05:30,3125.5,1,3130.05,1832424,127808.0,214575.0,3163.0,3163.0,3108.0,3134.3,31924400,3447.7,2820.9,3839.9,2896.0,3125.0,63,4,3124.9,117,4,3124.8,29,1,3124.7,50,2,3124.6,49,2,3125.5,2,1,3125.6,14,1,3125.8,54,2,3126.0,60,3,3126.2,82,2
2031,2026-06-16 11:47:55+05:30,3125.5,1,3130.05,1832424,127808.0,214575.0,3163.0,3163.0,3108.0,3134.3,31924400,3447.7,2820.9,3839.9,2896.0,3125.0,63,4,3124.9,117,4,3124.8,29,1,3124.7,50,2,3124.6,49,2,3125.5,2,1,3125.6,14,1,3125.8,54,2,3126.0,60,3,3126.2,82,2
2031,2026-06-16 11:47:55+05:30,3125.5,1,3130.05,1832425,127959.0,215035.0,3163.0,3163.0,3108.0,3134.3,31924400,3447.7,2820.9,3839.9,2896.0,3125.1,15,1,3125.0,106,3,3124.9,98,3,3124.8,51,2,3124.7,100,3,3125.5,1,1,3125.6,14,1,3125.8,54,2,3126.0,60,3,3126.2,82,2
2031,2026-06-16 11:47:55+05:30,3125.6,1,3130.05,1832425,127959.0,215035.0,3163.0,3163.0,3108.0,3134.3,31924400,3447.7,2820.9,3839.9,2896.0,3125.1,15,1,3125.0,106,3,3124.9,98,3,3124.8,51,2,3124.7,100,3,3125.5,1,1,3125.6,14,1,3125.8,54,2,3126.0,60,3,3126.2,82,2
2031,2026-06-16 11:47:56+05:30,3125.6,1,3130.05,1832436,128598.0,215098.0,3163.0,3163.0,3108.0,3134.3,31924400,3447.7,2820.9,3839.9,2896.0,3125.3,17,1,3125.0,96,2,3124.9,62,2,3124.8,22,1,3124.7,44,2,3125.6,4,1,3125.8,54,2,3126.0,60,3,3126.2,62,1,3126.4,77,4
2031,2026-06-16 11:47:56+05:30,3125.6,1,3130.05,1832436,128598.0,215098.0,3163.0,3163.0,3108.0,3134.3,31924400,3447.7,2820.9,3839.9,2896.0,3125.3,17,1,3125.0,96,2,3124.9,62,2,3124.8,22,1,3124.7,44,2,3125.6,4,1,3125.8,54,2,3126.0,60,3,3126.2,62,1,3126.4,77,4
2031,2026-06-16 11:47:56+05:30,3125.6,3,3130.05,1832436,128598.0,215098.0,3163.0,3163.0,3108.0,3134.3,31924400,3447.7,2820.9,3839.9,2896.0,3125.3,17,1,3125.0,96,2,3124.9,62,2,3124.8,22,1,3124.7,44,2,3125.6,4,1,3125.8,54,2,3126.0,60,3,3126.2,62,1,3126.4,77,4
2031,2026-06-16 11:47:57+05:30,3125.6,3,3130.05,1832439,128823.0,215113.0,3163.0,3163.0,3108.0,3134.3,31924400,3447.7,2820.9,3839.9,2896.0,3125.3,77,2,3125.0,115,3,3124.9,62,2,3124.8,98,4,3124.7,77,2,3125.6,1,1,3125.8,54,2,3126.0,60,3,3126.4,58,3,3126.5,400,2
2031,2026-06-16 11:47:57+05:30,3126.0,1,3130.05,1832439,128823.0,215113.0,3163.0,3163.0,3108.0,3134.3,31924400,3447.7,2820.9,3839.9,2896.0,3125.3,77,2,3125.0,115,3,3124.9,62,2,3124.8,98,4,3124.7,77,2,3125.6,1,1,3125.8,54,2,3126.0,60,3,3126.4,58,3,3126.5,400,2
2031,2026-06-16 11:47:58+05:30,3126.0,1,3130.05,1832640,130238.0,211047.0,3163.0,3163.0,3108.0,3134.3,31924400,3447.7,2820.9,3839.9,2896.0,3125.6,37,2,3125.5,30,3,3125.4,112,5,3125.3,144,6,3125.2,19,1,3126.4,3,1,3126.5,400,2,3126.6,11,1,3126.8,20,1,3127.0,145,4
2031,2026-06-16 11:47:58+05:30,3126.0,1,3130.05,1832640,130238.0,211047.0,3163.0,3163.0,3108.0,3134.3,31924400,3447.7,2820.9,3839.9,2896.0,3125.6,37,2,3125.5,30,3,3125.4,112,5,3125.3,144,6,3125.2,19,1,3126.4,3,1,3126.5,400,2,3126.6,11,1,3126.8,20,1,3127.0,145,4
2031,2026-06-16 11:47:58+05:30,3125.8,1,3130.05,1832640,130238.0,211047.0,3163.0,3163.0,3108.0,3134.3,31924400,3447.7,2820.9,3839.9,2896.0,3125.6,37,2,3125.5,30,3,3125.4,112,5,3125.3,144,6,3125.2,19,1,3126.4,3,1,3126.5,400,2,3126.6,11,1,3126.8,20,1,3127.0,145,4
2031,2026-06-16 11:47:58+05:30,3125.8,1,3130.05,1832640,130238.0,211047.0,3163.0,3163.0,3108.0,3134.3,31924400,3447.7,2820.9,3839.9,2896.0,3125.6,37,2,3125.5,30,3,3125.4,112,5,3125.3,144,6,3125.2,19,1,3126.4,3,1,3126.5,400,2,3126.6,11,1,3126.8,20,1,3127.0,145,4
2031,2026-06-16 11:47:59+05:30,3125.8,1,3130.05,1832641,129271.0,212384.0,3163.0,3163.0,3108.0,3134.3,31924400,3447.7,2820.9,3839.9,2896.0,3125.8,24,2,3125.7,42,2,3125.6,22,3,3125.5,55,2,3125.4,16,1,3126.4,158,2,3126.6,11,1,3126.8,20,1,3127.0,145,4,3127.2,20,1
2031,2026-06-16 11:47:59+05:30,3125.8,1,3130.05,1832641,129271.0,212384.0,3163.0,3163.0,3108.0,3134.3,31924400,3447.7,2820.9,3839.9,2896.0,3125.8,24,2,3125.7,42,2,3125.6,22,3,3125.5,55,2,3125.4,16,1,3126.4,158,2,3126.6,11,1,3126.8,20,1,3127.0,145,4,3127.2,20,1
2031,2026-06-16 11:47:59+05:30,3126.4,1,3130.05,1832641,129271.0,212384.0,3163.0,3163.0,3108.0,3134.3,31924400,3447.7,2820.9,3839.9,2896.0,3125.8,24,2,3125.7,42,2,3125.6,22,3,3125.5,55,2,3125.4,16,1,3126.4,158,2,3126.6,11,1,3126.8,20,1,3127.0,145,4,3127.2,20,1
2031,2026-06-16 11:47:59+05:30,3126.4,1,3130.05,1832641,129271.0,212384.0,3163.0,3163.0,3108.0,3134.3,31924400,3447.7,2820.9,3839.9,2896.0,3125.8,24,2,3125.7,42,2,3125.6,22,3,3125.5,55,2,3125.4,16,1,3126.4,158,2,3126.6,11,1,3126.8,20,1,3127.0,145,4,3127.2,20,1
2031,2026-06-16 11:48:00+05:30,3126.4,1,3130.05,1832642,128624.0,212783.0,3163.0,3163.0,3108.0,3134.3,31924400,3447.7,2820.9,3839.9,2896.0,3126.1,20,2,3125.8,74,2,3125.7,39,2,3125.6,22,3,3125.5,55,2,3126.4,194,3,3126.6,11,1,3127.0,89,3,3127.2,39,2,3127.3,110,2
2031,2026-06-16 11:48:00+05:30,3126.4,1,3130.05,1832642,128624.0,212783.0,3163.0,3163.0,3108.0,3134.3,31924400,3447.7,2820.9,3839.9,2896.0,3126.1,20,2,3125.8,74,2,3125.7,39,2,3125.6,22,3,3125.5,55,2,3126.4,194,3,3126.6,11,1,3127.0,89,3,3127.2,39,2,3127.3,110,2
2031,2026-06-16 11:48:00+05:30,3126.4,37,3130.05,1832642,128624.0,212783.0,3163.0,3163.0,3108.0,3134.3,31924400,3447.7,2820.9,3839.9,2896.0,3126.1,20,2,3125.8,74,2,3125.7,39,2,3125.6,22,3,3125.5,55,2,3126.4,194,3,3126.6,11,1,3127.0,89,3,3127.2,39,2,3127.3,110,2
2031,2026-06-16 11:48:01+05:30,3126.4,37,3130.05,1832836,128921.0,212903.0,3163.0,3163.0,3108.0,3134.3,31924400,3447.7,2820.9,3839.9,2896.0,3126.3,2,2,3126.1,7,3,3126.0,28,1,3125.8,90,3,3125.7,44,2,3126.4,154,1,3126.6,11,1,3127.0,5,1,3127.2,20,1,3127.3,81,2
2031,2026-06-16 11:48:01+05:30,3126.4,37,3130.05,1832836,128921.0,212903.0,3163.0,3163.0,3108.0,3134.3,31924400,3447.7,2820.9,3839.9,2896.0,3126.3,2,2,3126.1,7,3,3126.0,28,1,3125.8,90,3,3125.7,44,2,3126.4,154,1,3126.6,11,1,3127.0,5,1,3127.2,20,1,3127.3,81,2
2031,2026-06-16 11:48:01+05:30,3126.3,1,3130.05,1832836,128921.0,212903.0,3163.0,3163.0,3108.0,3134.3,31924400,3447.7,2820.9,3839.9,2896.0,3126.3,2,2,3126.1,7,3,3126.0,28,1,3125.8,90,3,3125.7,44,2,3126.4,154,1,3126.6,11,1,3127.0,5,1,3127.2,20,1,3127.3,81,2
2031,2026-06-16 11:48:02+05:30,3126.5,1,3130.05,1832984,128147.0,213511.0,3163.0,3163.0,3108.0,3134.3,31924400,3447.7,2820.9,3839.9,2896.0,3126.3,41,1,3126.2,1,1,3126.1,15,1,3125.8,2,1,3125.6,2,1,3126.5,25,2,3126.6,44,3,3126.7,62,1,3126.8,91,4,3126.9,21,1
2031,2026-06-16 11:48:02+05:30,3126.5,1,3130.05,1832984,128147.0,213511.0,3163.0,3163.0,3108.0,3134.3,31924400,3447.7,2820.9,3839.9,2896.0,3126.3,41,1,3126.2,1,1,3126.1,15,1,3125.8,2,1,3125.6,2,1,3126.5,25,2,3126.6,44,3,3126.7,62,1,3126.8,91,4,3126.9,21,1
2031,2026-06-16 11:48:02+05:30,3126.5,1,3130.05,1832984,128147.0,213511.0,3163.0,3163.0,3108.0,3134.3,31924400,3447.7,2820.9,3839.9,2896.0,3126.3,41,1,3126.2,1,1,3126.1,15,1,3125.8,2,1,3125.6,2,1,3126.5,25,2,3126.6,44,3,3126.7,62,1,3126.8,91,4,3126.9,21,1
2031,2026-06-16 11:48:02+05:30,3126.5,1,3130.05,1832984,128147.0,213511.0,3163.0,3163.0,3108.0,3134.3,31924400,3447.7,2820.9,3839.9,2896.0,3126.3,41,1,3126.2,1,1,3126.1,15,1,3125.8,2,1,3125.6,2,1,3126.5,25,2,3126.6,44,3,3126.7,62,1,3126.8,91,4,3126.9,21,1
2031,2026-06-16 11:48:03+05:30,3126.4,1,3130.05,1832985,128422.0,213273.0,3163.0,3163.0,3108.0,3134.3,31924400,3447.7,2820.9,3839.9,2896.0,3126.4,14,1,3126.3,41,1,3126.2,1,1,3125.8,2,1,3125.6,2,1,3126.5,15,1,3126.6,41,2,3126.8,2,1,3126.9,21,1,3127.0,76,3
2031,2026-06-16 11:48:03+05:30,3126.4,1,3130.05,1832985,128422.0,213273.0,3163.0,3163.0,3108.0,3134.3,31924400,3447.7,2820.9,3839.9,2896.0,3126.4,14,1,3126.3,41,1,3126.2,1,1,3125.8,2,1,3125.6,2,1,3126.5,15,1,3126.6,41,2,3126.8,2,1,3126.9,21,1,3127.0,76,3
2031,2026-06-16 11:48:03+05:30,3126.5,145,3130.05,1832985,128422.0,213273.0,3163.0,3163.0,3108.0,3134.3,31924400,3447.7,2820.9,3839.9,2896.0,3126.4,14,1,3126.3,41,1,3126.2,1,1,3125.8,2,1,3125.6,2,1,3126.5,15,1,3126.6,41,2,3126.8,2,1,3126.9,21,1,3127.0,76,3
2031,2026-06-16 11:48:04+05:30,3126.5,145,3130.05,1833155,128514.0,213127.0,3163.0,3163.0,3108.0,3134.3,31924400,3447.7,2820.9,3839.9,2896.0,3126.3,41,1,3126.2,1,1,3125.8,20,2,3125.6,2,1,3125.3,30,2,3126.4,55,1,3126.6,11,1,3126.8,30,1,3126.9,16,1,3127.0,76,3
2031,2026-06-16 11:48:04+05:30,3126.5,145,3130.05,1833155,128514.0,213127.0,3163.0,3163.0,3108.0,3134.3,31924400,3447.7,2820.9,3839.9,2896.0,3126.3,41,1,3126.2,1,1,3125.8,20,2,3125.6,2,1,3125.3,30,2,3126.4,55,1,3126.6,11,1,3126.8,30,1,3126.9,16,1,3127.0,76,3
2031,2026-06-16 11:48:04+05:30,3126.4,1,3130.05,1833155,128514.0,213127.0,3163.0,3163.0,3108.0,3134.3,31924400,3447.7,2820.9,3839.9,2896.0,3126.3,41,1,3126.2,1,1,3125.8,20,2,3125.6,2,1,3125.3,30,2,3126.4,55,1,3126.6,11,1,3126.8,30,1,3126.9,16,1,3127.0,76,3
2031,2026-06-16 11:48:05+05:30,3126.4,1,3130.05,1834156,128202.0,212328.0,3163.0,3163.0,3108.0,3134.3,31924400,3447.7,2820.9,3839.9,2896.0,3125.3,58,4,3125.2,112,4,3125.1,171,8,3125.0,72,5,3124.9,79,4,3126.4,69,2,3126.6,11,1,3126.8,62,2,3127.0,125,4,3127.1,78,1
2031,2026-06-16 11:48:05+05:30,3126.4,1,3130.05,1834156,128202.0,212328.0,3163.0,3163.0,3108.0,3134.3,31924400,3447.7,2820.9,3839.9,2896.0,3125.3,58,4,3125.2,112,4,3125.1,171,8,3125.0,72,5,3124.9,79,4,3126.4,69,2,3126.6,11,1,3126.8,62,2,3127.0,125,4,3127.1,78,1
2031,2026-06-16 11:48:06+05:30,3126.4,1,3130.05,1834156,128377.0,212907.0,3163.0,3163.0,3108.0,3134.3,31924400,3447.7,2820.9,3839.9,2896.0,3125.3,73,4,3125.2,98,3,3125.1,100,5,3125.0,108,5,3124.9,100,5,3126.4,69,2,3126.6,33,2,3126.8,129,4,3126.9,400,2,3127.0,167,4
2031,2026-06-16 11:48:06+05:30,3126.4,1,3130.05,1834156,128377.0,212907.0,3163.0,3163.0,3108.0,3134.3,31919400,3447.7,2820.9,3839.9,2896.0,3125.3,73,4,3125.2,98,3,3125.1,100,5,3125.0,108,5,3124.9,100,5,3126.4,69,2,3126.6,33,2,3126.8,129,4,3126.9,400,2,3127.0,167,4
2031,2026-06-16 11:48:07+05:30,3126.4,1,3130.05,1834156,128361.0,212715.0,3163.0,3163.0,3108.0,3134.3,31919400,3447.7,2820.9,3839.9,2896.0,3125.3,77,4,3125.2,123,4,3125.1,115,5,3125.0,101,4,3124.9,76,4,3126.4,70,3,3126.6,33,2,3126.8,110,3,3127.0,167,4,3127.1,516,5
2031,2026-06-16 11:48:07+05:30,3126.4,1,3130.05,1834156,128361.0,212715.0,3163.0,3163.0,3108.0,3134.3,31919400,3447.7,2820.9,3839.9,2896.0,3125.3,77,4,3125.2,123,4,3125.1,115,5,3125.0,101,4,3124.9,76,4,3126.4,70,3,3126.6,33,2,3126.8,110,3,3127.0,167,4,3127.1,516,5
2031,2026-06-16 11:48:08+05:30,3126.4,1,3130.05,1834226,129622.0,212422.0,3163.0,3163.0,3108.0,3134.3,31919400,3447.7,2820.9,3839.9,2896.0,3126.4,30,1,3125.5,93,3,3125.4,63,1,3125.3,178,7,3125.2,160,6,3126.6,11,1,3127.0,95,2,3127.2,48,1,3127.3,126,3,3127.4,130,3
2031,2026-06-16 11:48:08+05:30,3126.6,1,3130.05,1834226,129622.0,212422.0,3163.0,3163.0,3108.0,3134.3,31919400,3447.7,2820.9,3839.9,2896.0,3126.4,30,1,3125.5,93,3,3125.4,63,1,3125.3,178,7,3125.2,160,6,3126.6,11,1,3127.0,95,2,3127.2,48,1,3127.3,126,3,3127.4,130,3
2031,2026-06-16 11:48:09+05:30,3126.6,1,3130.05,1834227,129744.0,212844.0,3163.0,3163.0,3108.0,3134.3,31919400,3447.7,2820.9,3839.9,2896.0,3126.4,32,2,3126.3,6,1,3126.2,1,1,3126.1,3,1,3126.0,25,2,3126.7,73,1,3127.0,95,2,3127.3,81,2,3127.4,79,3,3127.5,205,2
2031,2026-06-16 11:48:09+05:30,3126.4,15,3130.05,1834227,129744.0,212844.0,3163.0,3163.0,3108.0,3134.3,31919400,3447.7,2820.9,3839.9,2896.0,3126.4,32,2,3126.3,6,1,3126.2,1,1,3126.1,3,1,3126.0,25,2,3126.7,73,1,3127.0,95,2,3127.3,81,2,3127.4,79,3,3127.5,205,2
2031,2026-06-16 11:48:10+05:30,3126.4,42,3130.05,1834315,129397.0,213149.0,3163.0,3163.0,3108.0,3134.3,31919400,3447.7,2820.9,3839.9,2896.0,3126.3,6,1,3126.2,1,1,3126.1,3,1,3125.6,36,1,3125.3,92,5,3126.4,112,1,3126.7,73,1,3126.9,19,1,3127.0,205,4,3127.1,19,1
2031,2026-06-16 11:48:10+05:30,3126.4,35,3130.05,1834315,129397.0,213149.0,3163.0,3163.0,3108.0,3134.3,31919400,3447.7,2820.9,3839.9,2896.0,3126.3,6,1,3126.2,1,1,3126.1,3,1,3125.6,36,1,3125.3,92,5,3126.4,112,1,3126.7,73,1,3126.9,19,1,3127.0,205,4,3127.1,19,1
2031,2026-06-16 11:48:11+05:30,3126.4,35,3130.05,1834350,129750.0,212649.0,3163.0,3163.0,3108.0,3134.3,31919400,3447.7,2820.9,3839.9,2896.0,3126.3,6,1,3126.2,1,1,3126.1,3,1,3126.0,12,1,3125.9,15,1,3126.4,111,2,3126.7,73,1,3127.0,95,2,3127.2,21,1,3127.3,62,1
2031,2026-06-16 11:48:12+05:30,3126.4,20,3130.05,1834370,129596.0,213028.0,3163.0,3163.0,3108.0,3134.3,31919400,3447.7,2820.9,3839.9,2896.0,3126.3,6,1,3126.2,1,1,3126.1,3,1,3125.7,21,1,3125.6,48,2,3126.4,139,3,3126.7,73,1,3127.0,114,3,3127.1,103,2,3127.2,78,2
2031,2026-06-16 11:48:12+05:30,3126.4,20,3130.05,1834370,129596.0,213028.0,3163.0,3163.0,3108.0,3134.3,31919400,3447.7,2820.9,3839.9,2896.0,3126.3,6,1,3126.2,1,1,3126.1,3,1,3125.7,21,1,3125.6,48,2,3126.4,139,3,3126.7,73,1,3127.0,114,3,3127.1,103,2,3127.2,78,2
2031,2026-06-16 11:48:13+05:30,3126.4,20,3130.05,1834370,129615.0,213012.0,3163.0,3163.0,3108.0,3134.3,31919400,3447.7,2820.9,3839.9,2896.0,3126.3,23,2,3126.2,1,1,3126.1,3,1,3125.7,40,2,3125.6,74,3,3126.4,139,3,3126.7,73,1,3127.0,110,3,3127.1,56,1,3127.2,78,2
2031,2026-06-16 11:48:13+05:30,3126.4,48,3130.05,1834370,129615.0,213012.0,3163.0,3163.0,3108.0,3134.3,31919400,3447.7,2820.9,3839.9,2896.0,3126.3,23,2,3126.2,1,1,3126.1,3,1,3125.7,40,2,3125.6,74,3,3126.4,139,3,3126.7,73,1,3127.0,110,3,3127.1,56,1,3127.2,78,2
2031,2026-06-16 11:48:14+05:30,3126.4,48,3130.05,1834509,129750.0,212917.0,3163.0,3163.0,3108.0,3134.3,31919400,3447.7,2820.9,3839.9,2896.0,3126.3,6,1,3126.2,1,1,3126.1,3,1,3126.0,21,1,3125.9,24,1,3126.7,73,1,3127.0,110,3,3127.2,57,1,3127.4,106,4,3127.5,52,2
2031,2026-06-16 11:48:14+05:30,3126.7,73,3130.05,1834509,129750.0,212917.0,3163.0,3163.0,3108.0,3134.3,31919400,3447.7,2820.9,3839.9,2896.0,3126.3,6,1,3126.2,1,1,3126.1,3,1,3126.0,21,1,3125.9,24,1,3126.7,73,1,3127.0,110,3,3127.2,57,1,3127.4,106,4,3127.5,52,2
2031,2026-06-16 11:48:15+05:30,3126.7,1,3130.05,1834583,130037.0,212495.0,3163.0,3163.0,3108.0,3134.3,31919400,3447.7,2820.9,3839.9,2896.0,3126.4,1,1,3126.3,110,6,3126.2,16,2,3126.1,77,3,3126.0,82,4,3126.7,71,1,3127.0,110,3,3127.4,31,2,3127.5,5,1,3127.6,82,2
2031,2026-06-16 11:48:15+05:30,3126.8,3,3130.05,1834583,130037.0,212495.0,3163.0,3163.0,3108.0,3134.3,31919400,3447.7,2820.9,3839.9,2896.0,3126.4,1,1,3126.3,110,6,3126.2,16,2,3126.1,77,3,3126.0,82,4,3126.7,71,1,3127.0,110,3,3127.4,31,2,3127.5,5,1,3127.6,82,2
2031,2026-06-16 11:48:16+05:30,3126.8,3,3130.05,1834803,131257.0,211995.0,3163.0,3163.0,3108.0,3134.3,31919400,3447.7,2820.9,3839.9,2896.0,3126.6,77,8,3126.5,30,2,3126.4,88,6,3126.3,71,5,3126.2,48,3,3127.0,110,3,3127.4,10,1,3127.5,5,1,3127.8,34,2,3127.9,82,2
2031,2026-06-16 11:48:17+05:30,3126.8,3,3130.05,1834803,131291.0,212242.0,3163.0,3163.0,3108.0,3134.3,31919400,3447.7,2820.9,3839.9,2896.0,3126.6,53,5,3126.5,6,1,3126.4,69,5,3126.3,151,7,3126.2,16,2,3127.0,135,4,3127.4,10,1,3127.5,5,1,3127.8,34,2,3127.9,82,2
2031,2026-06-16 11:48:17+05:30,3127.0,5,3130.05,1834803,131291.0,212242.0,3163.0,3163.0,3108.0,3134.3,31919400,3447.7,2820.9,3839.9,2896.0,3126.6,53,5,3126.5,6,1,3126.4,69,5,3126.3,151,7,3126.2,16,2,3127.0,135,4,3127.4,10,1,3127.5,5,1,3127.8,34,2,3127.9,82,2
2031,2026-06-16 11:48:18+05:30,3127.0,5,3130.05,1834813,131372.0,212263.0,3163.0,3163.0,3108.0,3134.3,31919400,3447.7,2820.9,3839.9,2896.0,3126.6,90,6,3126.5,41,2,3126.4,113,7,3126.3,79,5,3126.2,16,2,3127.0,125,3,3127.4,10,1,3127.5,5,1,3127.8,34,2,3127.9,82,2
2031,2026-06-16 11:48:19+05:30,3127.0,5,3130.05,1834813,131372.0,212283.0,3163.0,3163.0,3108.0,3134.3,31919400,3447.7,2820.9,3839.9,2896.0,3126.6,90,6,3126.5,41,2,3126.4,113,7,3126.3,79,5,3126.2,16,2,3127.0,125,3,3127.4,10,1,3127.5,5,1,3127.8,34,2,3127.9,82,2
2031,2026-06-16 11:48:19+05:30,3127.0,1,3130.05,1834813,131372.0,212283.0,3163.0,3163.0,3108.0,3134.3,31919400,3447.7,2820.9,3839.9,2896.0,3126.6,90,6,3126.5,41,2,3126.4,113,7,3126.3,79,5,3126.2,16,2,3127.0,125,3,3127.4,10,1,3127.5,5,1,3127.8,34,2,3127.9,82,2
2031,2026-06-16 11:48:20+05:30,3127.0,1,3130.05,1834814,131348.0,212278.0,3163.0,3163.0,3108.0,3134.3,31919400,3447.7,2820.9,3839.9,2896.0,3126.6,108,7,3126.5,41,2,3126.4,95,5,3126.3,79,5,3126.2,16,2,3127.0,124,3,3127.4,10,1,3127.5,5,1,3127.8,34,2,3127.9,82,2
2031,2026-06-16 11:48:20+05:30,3127.0,1,3130.05,1834814,131348.0,212278.0,3163.0,3163.0,3108.0,3134.3,31919400,3447.7,2820.9,3839.9,2896.0,3126.6,108,7,3126.5,41,2,3126.4,95,5,3126.3,79,5,3126.2,16,2,3127.0,124,3,3127.4,10,1,3127.5,5,1,3127.8,34,2,3127.9,82,2
2031,2026-06-16 11:48:21+05:30,3127.0,1,3130.05,1834816,131327.0,212276.0,3163.0,3163.0,3108.0,3134.3,31919400,3447.7,2820.9,3839.9,2896.0,3126.8,2,2,3126.6,82,4,3126.4,95,5,3126.3,114,6,3126.2,16,2,3127.0,122,3,3127.4,10,1,3127.5,5,1,3127.8,34,2,3127.9,82,2
2031,2026-06-16 11:48:21+05:30,3127.0,25,3130.05,1834816,131327.0,212276.0,3163.0,3163.0,3108.0,3134.3,31919400,3447.7,2820.9,3839.9,2896.0,3126.8,2,2,3126.6,82,4,3126.4,95,5,3126.3,114,6,3126.2,16,2,3127.0,122,3,3127.4,10,1,3127.5,5,1,3127.8,34,2,3127.9,82,2
2031,2026-06-16 11:48:22+05:30,3127.0,25,3130.05,1834938,130751.0,211228.0,3163.0,3163.0,3108.0,3134.3,31919400,3447.7,2820.9,3839.9,2896.0,3127.1,36,3,3127.0,52,4,3126.9,54,4,3126.8,149,8,3126.7,58,4,3127.4,10,1,3127.5,5,1,3127.9,20,1,3128.0,1700,3,3128.2,21,1
2031,2026-06-16 11:48:22+05:30,3127.4,1,3130.05,1834938,130751.0,211228.0,3163.0,3163.0,3108.0,3134.3,31919400,3447.7,2820.9,3839.9,2896.0,3127.1,36,3,3127.0,52,4,3126.9,54,4,3126.8,149,8,3126.7,58,4,3127.4,10,1,3127.5,5,1,3127.9,20,1,3128.0,1700,3,3128.2,21,1
2031,2026-06-16 11:48:23+05:30,3127.4,1,3130.05,1834939,131200.0,210752.0,3163.0,3163.0,3108.0,3134.3,31919400,3447.7,2820.9,3839.9,2896.0,3127.2,14,1,3127.1,115,7,3127.0,16,1,3126.9,24,2,3126.8,160,9,3127.4,9,1,3127.5,5,1,3127.9,20,1,3128.0,1700,3,3128.2,81,2
2031,2026-06-16 11:48:23+05:30,3127.4,9,3130.05,1834939,131200.0,210752.0,3163.0,3163.0,3108.0,3134.3,31919400,3447.7,2820.9,3839.9,2896.0,3127.2,14,1,3127.1,115,7,3127.0,16,1,3126.9,24,2,3126.8,160,9,3127.4,9,1,3127.5,5,1,3127.9,20,1,3128.0,1700,3,3128.2,81,2
2031,2026-06-16 11:48:24+05:30,3127.4,9,3130.05,1834950,131436.0,210912.0,3163.0,3163.0,3108.0,3134.3,31919400,3447.7,2820.9,3839.9,2896.0,3127.4,8,1,3127.2,52,3,3127.1,46,3,3127.0,107,4,3126.9,60,3,3127.5,5,1,3127.9,20,1,3128.0,1700,3,3128.2,21,1,3128.4,121,2
2031,2026-06-16 11:48:24+05:30,3127.9,10,3130.05,1834950,131436.0,210912.0,3163.0,3163.0,3108.0,3134.3,31919400,3447.7,2820.9,3839.9,2896.0,3127.4,8,1,3127.2,52,3,3127.1,46,3,3127.0,107,4,3126.9,60,3,3127.5,5,1,3127.9,20,1,3128.0,1700,3,3128.2,21,1,3128.4,121,2
2031,2026-06-16 11:48:25+05:30,3127.9,10,3130.05,1834965,131093.0,210588.0,3163.0,3163.0,3108.0,3134.3,31919400,3447.7,2820.9,3839.9,2896.0,3127.6,1,1,3127.5,16,1,3127.4,42,1,3127.2,19,1,3127.1,60,3,3127.9,10,1,3128.0,1700,3,3128.4,121,2,3128.5,62,1,3128.6,39,2
2031,2026-06-16 11:48:25+05:30,3127.9,9,3130.05,1834965,131093.0,210588.0,3163.0,3163.0,3108.0,3134.3,31919400,3447.7,2820.9,3839.9,2896.0,3127.6,1,1,3127.5,16,1,3127.4,42,1,3127.2,19,1,3127.1,60,3,3127.9,10,1,3128.0,1700,3,3128.4,121,2,3128.5,62,1,3128.6,39,2
2031,2026-06-16 11:48:26+05:30,3127.9,1,3130.05,1835144,131550.0,210642.0,3163.0,3163.0,3108.0,3134.3,31919400,3447.7,2820.9,3839.9,2896.0,3127.7,2,2,3127.6,1,1,3127.4,42,1,3127.1,60,3,3127.0,443,5,3127.9,19,1,3128.0,1700,3,3128.4,100,1,3128.5,81,2,3128.6,20,1
2031,2026-06-16 11:48:26+05:30,3127.9,1,3130.05,1835144,131550.0,210642.0,3163.0,3163.0,3108.0,3134.3,31919400,3447.7,2820.9,3839.9,2896.0,3127.7,2,2,3127.6,1,1,3127.4,42,1,3127.1,60,3,3127.0,443,5,3127.9,19,1,3128.0,1700,3,3128.4,100,1,3128.5,81,2,3128.6,20,1
2031,2026-06-16 11:48:27+05:30,3127.9,1,3130.05,1835144,131736.0,209836.0,3163.0,3163.0,3108.0,3134.3,31919400,3447.7,2820.9,3839.9,2896.0,3127.7,42,3,3127.6,17,2,3127.4,42,1,3127.1,3,1,3127.0,392,5,3127.9,19,1,3128.0,1700,3,3128.4,100,1,3128.5,81,2,3128.6,106,2
2031,2026-06-16 11:48:27+05:30,3127.9,1,3130.05,1835144,131736.0,209836.0,3163.0,3163.0,3108.0,3134.3,31919400,3447.7,2820.9,3839.9,2896.0,3127.7,42,3,3127.6,17,2,3127.4,42,1,3127.1,3,1,3127.0,392,5,3127.9,19,1,3128.0,1700,3,3128.4,100,1,3128.5,81,2,3128.6,106,2
2031,2026-06-16 11:48:27+05:30,3127.9,1,3130.05,1835145,131667.0,209902.0,3163.0,3163.0,3108.0,3134.3,31919400,3447.7,2820.9,3839.9,2896.0,3127.8,17,1,3127.7,42,3,3127.4,42,1,3127.1,3,1,3127.0,392,5,3127.9,18,1,3128.0,1700,3,3128.4,100,1,3128.5,81,2,3128.6,106,2
2031,2026-06-16 11:48:28+05:30,3128.0,146,3130.05,1835145,131667.0,209902.0,3163.0,3163.0,3108.0,3134.3,31919400,3447.7,2820.9,3839.9,2896.0,3127.8,17,1,3127.7,42,3,3127.4,42,1,3127.1,3,1,3127.0,392,5,3127.9,18,1,3128.0,1700,3,3128.4,100,1,3128.5,81,2,3128.6,106,2
2031,2026-06-16 11:48:29+05:30,3128.0,146,3130.05,1835496,131490.0,209548.0,3163.0,3163.0,3108.0,3134.3,31919400,3447.7,2820.9,3839.9,2896.0,3127.8,59,3,3127.7,42,3,3127.5,12,1,3127.4,61,2,3127.3,34,1,3128.0,1554,3,3128.4,100,1,3128.6,20,1,3128.8,93,3,3129.0,357,5
2031,2026-06-16 11:48:29+05:30,3128.0,7,3130.05,1835496,131490.0,209548.0,3163.0,3163.0,3108.0,3134.3,31919400,3447.7,2820.9,3839.9,2896.0,3127.8,59,3,3127.7,42,3,3127.5,12,1,3127.4,61,2,3127.3,34,1,3128.0,1554,3,3128.4,100,1,3128.6,20,1,3128.8,93,3,3129.0,357,5
2031,2026-06-16 11:48:30+05:30,3128.0,7,3130.05,1835657,131387.0,209672.0,3163.0,3163.0,3108.0,3134.3,31919400,3447.7,2820.9,3839.9,2896.0,3127.8,47,3,3127.7,42,3,3127.4,42,1,3127.2,26,2,3127.1,54,3,3128.0,1520,5,3128.4,100,1,3128.5,19,1,3128.6,72,2,3128.8,159,5
2031,2026-06-16 11:48:30+05:30,3127.2,21,3130.05,1835657,131387.0,209672.0,3163.0,3163.0,3108.0,3134.3,31919400,3447.7,2820.9,3839.9,2896.0,3127.8,47,3,3127.7,42,3,3127.4,42,1,3127.2,26,2,3127.1,54,3,3128.0,1520,5,3128.4,100,1,3128.5,19,1,3128.6,72,2,3128.8,159,5
2031,2026-06-16 11:48:31+05:30,3127.9,1,3130.04,1835861,130232.0,210368.0,3163.0,3163.0,3108.0,3134.3,31919400,3447.7,2820.9,3839.9,2896.0,3127.8,3,1,3127.1,4,2,3126.7,42,2,3126.6,31,3,3126.5,48,2,3128.0,1708,11,3128.1,36,2,3128.2,31,2,3128.3,116,2,3128.4,211,5
2031,2026-06-16 11:48:31+05:30,3127.9,1,3130.04,1835861,130232.0,210368.0,3163.0,3163.0,3108.0,3134.3,31919400,3447.7,2820.9,3839.9,2896.0,3127.8,3,1,3127.1,4,2,3126.7,42,2,3126.6,31,3,3126.5,48,2,3128.0,1708,11,3128.1,36,2,3128.2,31,2,3128.3,116,2,3128.4,211,5
2031,2026-06-16 11:48:32+05:30,3127.9,1,3130.04,1835864,130475.0,210515.0,3163.0,3163.0,3108.0,3134.3,31919400,3447.7,2820.9,3839.9,2896.0,3127.8,19,2,3127.1,4,2,3126.7,42,2,3126.6,31,3,3126.5,48,2,3127.9,14,1,3128.0,1725,11,3128.1,19,1,3128.2,31,2,3128.3,198,3
2031,2026-06-16 11:48:32+05:30,3127.8,38,3130.04,1835864,130475.0,210515.0,3163.0,3163.0,3108.0,3134.3,31919400,3447.7,2820.9,3839.9,2896.0,3127.8,19,2,3127.1,4,2,3126.7,42,2,3126.6,31,3,3126.5,48,2,3127.9,14,1,3128.0,1725,11,3128.1,19,1,3128.2,31,2,3128.3,198,3
2031,2026-06-16 11:48:33+05:30,3127.8,38,3130.04,1836039,129351.0,210630.0,3163.0,3163.0,3108.0,3134.3,31919400,3447.7,2820.9,3839.9,2896.0,3127.1,4,2,3126.6,3,1,3126.3,26,2,3126.2,1,1,3126.1,56,4,3127.7,80,7,3127.8,156,5,3127.9,52,3,3128.0,1676,9,3128.1,333,5
2031,2026-06-16 11:48:33+05:30,3127.7,1,3130.04,1836039,129351.0,210630.0,3163.0,3163.0,3108.0,3134.3,31919400,3447.7,2820.9,3839.9,2896.0,3127.1,4,2,3126.6,3,1,3126.3,26,2,3126.2,1,1,3126.1,56,4,3127.7,80,7,3127.8,156,5,3127.9,52,3,3128.0,1676,9,3128.1,333,5
2031,2026-06-16 11:48:34+05:30,3127.1,1,3130.04,1836066,128557.0,210992.0,3163.0,3163.0,3108.0,3134.3,31919400,3447.7,2820.9,3839.9,2896.0,3127.1,1,1,3126.6,3,1,3126.3,6,1,3126.2,1,1,3126.1,38,3,3127.6,53,5,3127.7,129,5,3127.8,43,2,3127.9,255,5,3128.0,1758,10
2031,2026-06-16 11:48:34+05:30,3127.6,1,3130.04,1836066,128557.0,210992.0,3163.0,3163.0,3108.0,3134.3,31919400,3447.7,2820.9,3839.9,2896.0,3127.1,1,1,3126.6,3,1,3126.3,6,1,3126.2,1,1,3126.1,38,3,3127.6,53,5,3127.7,129,5,3127.8,43,2,3127.9,255,5,3128.0,1758,10
2031,2026-06-16 11:48:35+05:30,3127.6,1,3130.04,1836067,128637.0,211587.0,3163.0,3163.0,3108.0,3134.3,31919400,3447.7,2820.9,3839.9,2896.0,3127.1,2,2,3126.6,3,1,3126.3,6,1,3126.2,1,1,3126.1,38,3,3127.5,14,1,3127.6,73,6,3127.7,191,7,3127.8,43,2,3127.9,216,3
2031,2026-06-16 11:48:36+05:30,3127.6,1,3130.04,1836067,128580.0,211561.0,3163.0,3163.0,3108.0,3134.3,31919400,3447.7,2820.9,3839.9,2896.0,3127.1,2,2,3126.6,3,1,3126.3,6,1,3126.2,1,1,3126.1,38,3,3127.5,53,6,3127.6,54,4,3127.7,191,7,3127.8,90,3,3127.9,216,3
2031,2026-06-16 11:48:36+05:30,3127.6,1,3130.04,1836067,128580.0,211561.0,3163.0,3163.0,3108.0,3134.3,31919400,3447.7,2820.9,3839.9,2896.0,3127.1,2,2,3126.6,3,1,3126.3,6,1,3126.2,1,1,3126.1,38,3,3127.5,53,6,3127.6,54,4,3127.7,191,7,3127.8,90,3,3127.9,216,3
2031,2026-06-16 11:48:37+05:30,3127.5,5,3130.04,1836123,128544.0,211577.0,3163.0,3163.0,3108.0,3134.3,31919400,3447.7,2820.9,3839.9,2896.0,3127.1,2,2,3126.6,3,1,3126.3,6,1,3126.2,1,1,3126.1,38,3,3127.5,21,1,3127.6,31,4,3127.7,191,7,3127.8,29,1,3127.9,216,3
2031,2026-06-16 11:48:37+05:30,3127.5,1,3130.04,1836123,128544.0,211577.0,3163.0,3163.0,3108.0,3134.3,31919400,3447.7,2820.9,3839.9,2896.0,3127.1,2,2,3126.6,3,1,3126.3,6,1,3126.2,1,1,3126.1,38,3,3127.5,21,1,3127.6,31,4,3127.7,191,7,3127.8,29,1,3127.9,216,3
2031,2026-06-16 11:48:38+05:30,3127.5,1,3130.04,1836124,128434.0,211592.0,3163.0,3163.0,3108.0,3134.3,31919400,3447.7,2820.9,3839.9,2896.0,3127.1,2,2,3126.6,3,1,3126.3,6,1,3126.2,1,1,3126.1,38,3,3127.5,20,1,3127.6,31,4,3127.7,191,7,3127.8,29,1,3127.9,216,3
2031,2026-06-16 11:48:39+05:30,3127.5,1,3130.04,1836124,128436.0,211625.0,3163.0,3163.0,3108.0,3134.3,31919400,3447.7,2820.9,3839.9,2896.0,3127.1,19,3,3126.6,4,2,3126.3,6,1,3126.2,1,1,3126.1,38,3,3127.3,1,1,3127.5,114,4,3127.6,13,2,3127.7,159,5,3127.8,95,3
2031,2026-06-16 11:48:39+05:30,3127.3,1,3130.04,1836124,128436.0,211625.0,3163.0,3163.0,3108.0,3134.3,31919400,3447.7,2820.9,3839.9,2896.0,3127.1,19,3,3126.6,4,2,3126.3,6,1,3126.2,1,1,3126.1,38,3,3127.3,1,1,3127.5,114,4,3127.6,13,2,3127.7,159,5,3127.8,95,3
2031,2026-06-16 11:48:40+05:30,3127.1,40,3130.04,1836166,128879.0,211628.0,3163.0,3163.0,3108.0,3134.3,31919400,3447.7,2820.9,3839.9,2896.0,3127.1,17,1,3126.6,4,2,3126.3,6,1,3126.2,1,1,3126.1,62,4,3127.4,14,1,3127.5,143,6,3127.6,13,2,3127.7,135,5,3127.8,76,2
2031,2026-06-16 11:48:40+05:30,3127.1,40,3130.04,1836166,128879.0,211628.0,3163.0,3163.0,3108.0,3134.3,31919400,3447.7,2820.9,3839.9,2896.0,3127.1,17,1,3126.6,4,2,3126.3,6,1,3126.2,1,1,3126.1,62,4,3127.4,14,1,3127.5,143,6,3127.6,13,2,3127.7,135,5,3127.8,76,2
2031,2026-06-16 11:48:41+05:30,3127.4,1,3130.04,1836167,128897.0,211649.0,3163.0,3163.0,3108.0,3134.3,31919400,3447.7,2820.9,3839.9,2896.0,3127.1,17,1,3126.6,4,2,3126.3,6,1,3126.2,1,1,3126.1,81,5,3127.4,31,3,3127.5,92,4,3127.6,4,1,3127.7,135,5,3127.8,276,3
2031,2026-06-16 11:48:41+05:30,3127.4,1,3130.04,1836167,128897.0,211649.0,3163.0,3163.0,3108.0,3134.3,31919400,3447.7,2820.9,3839.9,2896.0,3127.1,17,1,3126.6,4,2,3126.3,6,1,3126.2,1,1,3126.1,81,5,3127.4,31,3,3127.5,92,4,3127.6,4,1,3127.7,135,5,3127.8,276,3
2031,2026-06-16 11:48:42+05:30,3127.4,1,3130.04,1836168,128825.0,211672.0,3163.0,3163.0,3108.0,3134.3,31919400,3447.7,2820.9,3839.9,2896.0,3127.1,17,1,3126.6,4,2,3126.3,6,1,3126.2,1,1,3126.1,62,4,3127.4,61,5,3127.5,77,4,3127.6,89,3,3127.7,135,5,3127.8,276,3
2031,2026-06-16 11:48:42+05:30,3127.3,11,3130.04,1836168,128825.0,211672.0,3163.0,3163.0,3108.0,3134.3,31919400,3447.7,2820.9,3839.9,2896.0,3127.1,17,1,3126.6,4,2,3126.3,6,1,3126.2,1,1,3126.1,62,4,3127.4,61,5,3127.5,77,4,3127.6,89,3,3127.7,135,5,3127.8,276,3
2031,2026-06-16 11:48:42+05:30,3127.3,11,3130.04,1836323,127698.0,211571.0,3163.0,3163.0,3108.0,3134.3,31919400,3447.7,2820.9,3839.9,2896.0,3126.6,4,2,3126.3,6,1,3126.2,1,1,3126.1,3,1,3125.7,21,1,3127.3,59,5,3127.4,111,7,3127.5,77,4,3127.6,129,5,3127.7,247,4
2031,2026-06-16 11:48:43+05:30,3127.2,6,3130.04,1836323,127698.0,211571.0,3163.0,3163.0,3108.0,3134.3,31919400,3447.7,2820.9,3839.9,2896.0,3126.6,4,2,3126.3,6,1,3126.2,1,1,3126.1,3,1,3125.7,21,1,3127.3,59,5,3127.4,111,7,3127.5,77,4,3127.6,129,5,3127.7,247,4
2031,2026-06-16 11:48:43+05:30,3127.2,6,3130.04,1836347,127475.0,212052.0,3163.0,3163.0,3108.0,3134.3,31919400,3447.7,2820.9,3839.9,2896.0,3126.6,4,2,3126.3,6,1,3126.2,1,1,3126.1,3,1,3125.7,21,1,3127.2,19,3,3127.3,99,7,3127.4,212,5,3127.5,526,7,3127.6,50,3
2031,2026-06-16 11:48:44+05:30,3126.3,6,3130.04,1836347,127475.0,212052.0,3163.0,3163.0,3108.0,3134.3,31919400,3447.7,2820.9,3839.9,2896.0,3126.6,4,2,3126.3,6,1,3126.2,1,1,3126.1,3,1,3125.7,21,1,3127.2,19,3,3127.3,99,7,3127.4,212,5,3127.5,526,7,3127.6,50,3
2031,2026-06-16 11:48:44+05:30,3126.3,6,3130.04,1836591,126502.0,213671.0,3163.0,3163.0,3108.0,3134.3,31919400,3447.7,2820.9,3839.9,2896.0,3126.3,6,1,3126.2,1,1,3126.1,3,1,3125.3,20,1,3125.1,69,2,3126.6,17,1,3126.8,503,7,3126.9,177,4,3127.0,258,5,3127.1,18,2
2031,2026-06-16 11:48:45+05:30,3126.4,2,3130.04,1836591,126502.0,213671.0,3163.0,3163.0,3108.0,3134.3,31919400,3447.7,2820.9,3839.9,2896.0,3126.3,6,1,3126.2,1,1,3126.1,3,1,3125.3,20,1,3125.1,69,2,3126.6,17,1,3126.8,503,7,3126.9,177,4,3127.0,258,5,3127.1,18,2
2031,2026-06-16 11:48:45+05:30,3126.4,2,3130.04,1836674,127414.0,212987.0,3163.0,3163.0,3108.0,3134.3,31919400,3447.7,2820.9,3839.9,2896.0,3125.5,2,1,3125.4,116,8,3125.3,92,4,3125.2,219,8,3125.1,68,3,3126.3,17,1,3126.6,23,2,3126.8,221,2,3126.9,200,1,3127.0,34,2
2031,2026-06-16 11:48:46+05:30,3126.4,2,3130.04,1836674,127136.0,212843.0,3163.0,3163.0,3108.0,3134.3,31919400,3447.7,2820.9,3839.9,2896.0,3125.7,15,1,3125.6,116,7,3125.5,24,3,3125.4,30,3,3125.3,70,4,3126.3,35,2,3126.6,1,1,3127.0,20,1,3127.2,431,5,3127.3,23,3
2031,2026-06-16 11:48:47+05:30,3126.3,1,3130.04,1836683,127405.0,212771.0,3163.0,3163.0,3108.0,3134.3,31919400,3447.7,2820.9,3839.9,2896.0,3125.7,9,2,3125.6,73,5,3125.5,24,3,3125.4,51,4,3125.3,65,4,3126.3,33,2,3126.6,1,1,3127.0,20,1,3127.2,20,1,3127.3,423,5
2031,2026-06-16 11:48:47+05:30,3126.3,1,3130.04,1836683,127405.0,212771.0,3163.0,3163.0,3108.0,3134.3,31919400,3447.7,2820.9,3839.9,2896.0,3125.7,9,2,3125.6,73,5,3125.5,24,3,3125.4,51,4,3125.3,65,4,3126.3,33,2,3126.6,1,1,3127.0,20,1,3127.2,20,1,3127.3,423,5
2031,2026-06-16 11:48:48+05:30,3126.3,1,3130.04,1836683,127405.0,212771.0,3163.0,3163.0,3108.0,3134.3,31919400,3447.7,2820.9,3839.9,2896.0,3125.7,9,2,3125.6,73,5,3125.5,24,3,3125.4,51,4,3125.3,65,4,3126.3,33,2,3126.6,1,1,3127.0,20,1,3127.2,20,1,3127.3,423,5
2031,2026-06-16 11:48:48+05:30,3126.3,1,3130.04,1836683,126128.0,214012.0,3163.0,3163.0,3108.0,3134.3,31919400,3447.7,2820.9,3839.9,2896.0,3125.7,1,1,3125.6,14,1,3125.5,1,1,3125.3,21,2,3125.1,21,1,3125.9,15,1,3126.0,1,1,3126.2,15,1,3126.3,146,4,3126.8,283,3
2031,2026-06-16 11:48:49+05:30,3126.3,1,3130.04,1836683,126128.0,214012.0,3163.0,3163.0,3108.0,3134.3,31919400,3447.7,2820.9,3839.9,2896.0,3125.7,1,1,3125.6,14,1,3125.5,1,1,3125.3,21,2,3125.1,21,1,3125.9,15,1,3126.0,1,1,3126.2,15,1,3126.3,146,4,3126.8,283,3
2031,2026-06-16 11:48:49+05:30,3126.0,2,3130.04,1836683,126128.0,214012.0,3163.0,3163.0,3108.0,3134.3,31919400,3447.7,2820.9,3839.9,2896.0,3125.7,1,1,3125.6,14,1,3125.5,1,1,3125.3,21,2,3125.1,21,1,3125.9,15,1,3126.0,1,1,3126.2,15,1,3126.3,146,4,3126.8,283,3
2031,2026-06-16 11:48:49+05:30,3126.0,2,3130.04,1836700,126631.0,213862.0,3163.0,3163.0,3108.0,3134.3,31919400,3447.7,2820.9,3839.9,2896.0,3125.3,46,5,3125.2,57,2,3125.1,1,1,3125.0,145,4,3124.9,159,4,3125.9,9,1,3126.0,1,1,3126.3,146,4,3126.7,15,1,3126.8,83,2
2031,2026-06-16 11:48:50+05:30,3126.0,2,3130.04,1836700,126617.0,213848.0,3163.0,3163.0,3108.0,3134.3,31919400,3447.7,2820.9,3839.9,2896.0,3125.4,51,5,3125.3,69,6,3125.2,75,3,3125.1,65,3,3125.0,145,4,3125.9,33,2,3126.0,1,1,3126.3,121,2,3126.8,83,2,3127.0,144,3
2031,2026-06-16 11:48:51+05:30,3126.0,2,3130.04,1836700,126617.0,213848.0,3163.0,3163.0,3108.0,3134.3,31919400,3447.7,2820.9,3839.9,2896.0,3125.4,51,5,3125.3,69,6,3125.2,75,3,3125.1,65,3,3125.0,145,4,3125.9,33,2,3126.0,1,1,3126.3,121,2,3126.8,83,2,3127.0,144,3
2031,2026-06-16 11:48:51+05:30,3126.2,8,3130.04,1836919,129964.0,212175.0,3163.0,3163.0,3108.0,3134.3,31919400,3447.7,2820.9,3839.9,2896.0,3126.2,54,5,3126.1,111,5,3126.0,1045,5,3125.9,118,3,3125.8,73,3,3127.1,200,1,3127.3,3,2,3127.5,32,3,3127.8,233,3,3127.9,13,1
2031,2026-06-16 11:48:51+05:30,3126.2,8,3130.04,1836919,129964.0,212175.0,3163.0,3163.0,3108.0,3134.3,31919400,3447.7,2820.9,3839.9,2896.0,3126.2,54,5,3126.1,111,5,3126.0,1045,5,3125.9,118,3,3125.8,73,3,3127.1,200,1,3127.3,3,2,3127.5,32,3,3127.8,233,3,3127.9,13,1
2031,2026-06-16 11:48:52+05:30,3126.2,8,3130.04,1836949,130856.0,213034.0,3163.0,3163.0,3108.0,3134.3,31919400,3447.7,2820.9,3839.9,2896.0,3127.2,1,1,3126.2,49,4,3126.1,156,6,3126.0,1010,3,3125.9,90,3,3127.3,3,2,3127.5,4,1,3127.8,412,3,3127.9,278,4,3128.0,1534,4
2031,2026-06-16 11:48:53+05:30,3126.2,8,3130.04,1836949,130856.0,213034.0,3163.0,3163.0,3108.0,3134.3,31919400,3447.7,2820.9,3839.9,2896.0,3127.2,1,1,3126.2,49,4,3126.1,156,6,3126.0,1010,3,3125.9,90,3,3127.3,3,2,3127.5,4,1,3127.8,412,3,3127.9,278,4,3128.0,1534,4
2031,2026-06-16 11:48:53+05:30,3126.2,60,3130.04,1837059,131247.0,211468.0,3163.0,3163.0,3108.0,3134.3,31919400,3447.7,2820.9,3839.9,2896.0,3127.2,43,1,3126.5,77,4,3126.4,19,2,3126.3,48,3,3126.2,133,6,3127.3,3,2,3127.5,4,1,3127.8,350,2,3127.9,13,1,3128.0,1243,1
2031,2026-06-16 11:48:53+05:30,3126.2,60,3130.04,1837059,131247.0,211468.0,3163.0,3163.0,3108.0,3134.3,31919400,3447.7,2820.9,3839.9,2896.0,3127.2,43,1,3126.5,77,4,3126.4,19,2,3126.3,48,3,3126.2,133,6,3127.3,3,2,3127.5,4,1,3127.8,350,2,3127.9,13,1,3128.0,1243,1
2031,2026-06-16 11:48:54+05:30,3127.2,43,3130.04,1837103,130969.0,211557.0,3163.0,3163.0,3108.0,3134.3,31919400,3447.7,2820.9,3839.9,2896.0,3126.5,43,3,3126.4,27,3,3126.3,74,4,3126.2,73,6,3126.1,66,4,3127.2,157,1,3127.3,4,2,3127.5,4,1,3127.7,43,1,3127.8,172,2
2031,2026-06-16 11:48:54+05:30,3127.2,43,3130.04,1837103,130969.0,211557.0,3163.0,3163.0,3108.0,3134.3,31919400,3447.7,2820.9,3839.9,2896.0,3126.5,43,3,3126.4,27,3,3126.3,74,4,3126.2,73,6,3126.1,66,4,3127.2,157,1,3127.3,4,2,3127.5,4,1,3127.7,43,1,3127.8,172,2
2031,2026-06-16 11:48:55+05:30,3127.2,43,3130.04,1837103,130969.0,211557.0,3163.0,3163.0,3108.0,3134.3,31919400,3447.7,2820.9,3839.9,2896.0,3126.5,43,3,3126.4,27,3,3126.3,74,4,3126.2,73,6,3126.1,66,4,3127.2,157,1,3127.3,4,2,3127.5,4,1,3127.7,43,1,3127.8,172,2
2031,2026-06-16 11:48:55+05:30,3127.2,43,3130.04,1837103,130226.0,211777.0,3163.0,3163.0,3108.0,3134.3,31919400,3447.7,2820.9,3839.9,2896.0,3126.5,9,2,3126.4,41,3,3126.3,29,2,3126.2,71,5,3126.1,17,3,3127.2,198,2,3127.3,4,2,3127.5,18,2,3127.7,92,2,3127.8,172,2
2031,2026-06-16 11:48:56+05:30,3127.2,43,3130.04,1837103,129883.0,211752.0,3163.0,3163.0,3108.0,3134.3,31919400,3447.7,2820.9,3839.9,2896.0,3126.5,9,2,3126.4,41,3,3126.3,39,2,3126.2,23,4,3126.1,36,4,3126.9,1,1,3127.2,198,2,3127.3,4,2,3127.5,21,2,3127.7,154,3
2031,2026-06-16 11:48:56+05:30,3127.2,43,3130.04,1837103,129883.0,211752.0,3163.0,3163.0,3108.0,3134.3,31919400,3447.7,2820.9,3839.9,2896.0,3126.5,9,2,3126.4,41,3,3126.3,39,2,3126.2,23,4,3126.1,36,4,3126.9,1,1,3127.2,198,2,3127.3,4,2,3127.5,21,2,3127.7,154,3
2031,2026-06-16 11:48:57+05:30,3127.2,43,3130.04,1837103,130611.0,211843.0,3163.0,3163.0,3108.0,3134.3,31919400,3447.7,2820.9,3839.9,2896.0,3126.6,16,1,3126.5,9,2,3126.4,79,4,3126.3,41,2,3126.2,78,6,3126.9,1,1,3127.2,198,2,3127.3,4,2,3127.5,4,1,3127.7,105,2
2031,2026-06-16 11:48:57+05:30,3126.9,1,3130.04,1837103,130611.0,211843.0,3163.0,3163.0,3108.0,3134.3,31919400,3447.7,2820.9,3839.9,2896.0,3126.6,16,1,3126.5,9,2,3126.4,79,4,3126.3,41,2,3126.2,78,6,3126.9,1,1,3127.2,198,2,3127.3,4,2,3127.5,4,1,3127.7,105,2
2031,2026-06-16 11:48:58+05:30,3126.9,1,3130.04,1837103,130611.0,211843.0,3163.0,3163.0,3108.0,3134.3,31919400,3447.7,2820.9,3839.9,2896.0,3126.6,16,1,3126.5,9,2,3126.4,79,4,3126.3,41,2,3126.2,78,6,3126.9,1,1,3127.2,198,2,3127.3,4,2,3127.5,4,1,3127.7,105,2
2031,2026-06-16 11:48:58+05:30,3126.6,1,3130.04,1837105,130904.0,211833.0,3163.0,3163.0,3108.0,3134.3,31919400,3447.7,2820.9,3839.9,2896.0,3126.9,15,1,3126.5,9,2,3126.4,45,3,3126.3,56,3,3126.2,58,6,3127.2,198,2,3127.3,4,2,3127.5,4,1,3127.7,105,2,3127.8,150,1
2031,2026-06-16 11:48:58+05:30,3126.6,1,3130.04,1837105,130904.0,211833.0,3163.0,3163.0,3108.0,3134.3,31919400,3447.7,2820.9,3839.9,2896.0,3126.9,15,1,3126.5,9,2,3126.4,45,3,3126.3,56,3,3126.2,58,6,3127.2,198,2,3127.3,4,2,3127.5,4,1,3127.7,105,2,3127.8,150,1
2031,2026-06-16 11:48:59+05:30,3126.6,1,3130.04,1837105,130904.0,211833.0,3163.0,3163.0,3108.0,3134.3,31919400,3447.7,2820.9,3839.9,2896.0,3126.9,15,1,3126.5,9,2,3126.4,45,3,3126.3,56,3,3126.2,58,6,3127.2,198,2,3127.3,4,2,3127.5,4,1,3127.7,105,2,3127.8,150,1
2031,2026-06-16 11:48:59+05:30,3127.2,1,3130.04,1837106,130995.0,212019.0,3163.0,3163.0,3108.0,3134.3,31919400,3447.7,2820.9,3839.9,2896.0,3127.0,18,1,3126.5,9,2,3126.4,41,3,3126.3,75,4,3126.2,22,3,3127.2,223,3,3127.3,73,3,3127.5,12,2,3127.7,62,1,3127.8,150,1
2031,2026-06-16 11:48:59+05:30,3127.2,1,3130.04,1837106,130995.0,212019.0,3163.0,3163.0,3108.0,3134.3,31919400,3447.7,2820.9,3839.9,2896.0,3127.0,18,1,3126.5,9,2,3126.4,41,3,3126.3,75,4,3126.2,22,3,3127.2,223,3,3127.3,73,3,3127.5,12,2,3127.7,62,1,3127.8,150,1
2031,2026-06-16 11:48:59+05:30,3127.2,1,3130.04,1837106,130995.0,212019.0,3163.0,3163.0,3108.0,3134.3,31919400,3447.7,2820.9,3839.9,2896.0,3127.0,18,1,3126.5,9,2,3126.4,41,3,3126.3,75,4,3126.2,22,3,3127.2,223,3,3127.3,73,3,3127.5,12,2,3127.7,62,1,3127.8,150,1
2031,2026-06-16 11:49:00+05:30,3127.2,1,3130.04,1837106,130995.0,212019.0,3163.0,3163.0,3108.0,3134.3,31919400,3447.7,2820.9,3839.9,2896.0,3127.0,18,1,3126.5,9,2,3126.4,41,3,3126.3,75,4,3126.2,22,3,3127.2,223,3,3127.3,73,3,3127.5,12,2,3127.7,62,1,3127.8,150,1
2031,2026-06-16 11:49:00+05:30,3127.2,1,3130.04,1837106,131181.0,211765.0,3163.0,3163.0,3108.0,3134.3,31919400,3447.7,2820.9,3839.9,2896.0,3127.1,18,3,3127.0,6,2,3126.6,19,1,3126.5,9,2,3126.4,110,6,3127.2,224,4,3127.3,73,3,3127.5,4,1,3127.7,19,1,3127.8,150,1
2031,2026-06-16 11:49:00+05:30,3127.2,1,3130.04,1837106,131181.0,211765.0,3163.0,3163.0,3108.0,3134.3,31919400,3447.7,2820.9,3839.9,2896.0,3127.1,18,3,3127.0,6,2,3126.6,19,1,3126.5,9,2,3126.4,110,6,3127.2,224,4,3127.3,73,3,3127.5,4,1,3127.7,19,1,3127.8,150,1
2031,2026-06-16 11:49:00+05:30,3127.2,1,3130.04,1837106,131181.0,211765.0,3163.0,3163.0,3108.0,3134.3,31919400,3447.7,2820.9,3839.9,2896.0,3127.1,18,3,3127.0,6,2,3126.6,19,1,3126.5,9,2,3126.4,110,6,3127.2,224,4,3127.3,73,3,3127.5,4,1,3127.7,19,1,3127.8,150,1
2031,2026-06-16 11:49:01+05:30,3127.2,1,3130.04,1837106,131181.0,211765.0,3163.0,3163.0,3108.0,3134.3,31919400,3447.7,2820.9,3839.9,2896.0,3127.1,18,3,3127.0,6,2,3126.6,19,1,3126.5,9,2,3126.4,110,6,3127.2,224,4,3127.3,73,3,3127.5,4,1,3127.7,19,1,3127.8,150,1
2031,2026-06-16 11:49:01+05:30,3127.2,2,3130.04,1837305,131326.0,211748.0,3163.0,3163.0,3108.0,3134.3,31919400,3447.7,2820.9,3839.9,2896.0,3127.1,2,2,3127.0,6,2,3126.5,9,2,3126.4,91,5,3126.3,41,2,3127.2,25,2,3127.3,73,3,3127.5,4,1,3127.8,210,2,3128.0,1344,4
2031,2026-06-16 11:49:01+05:30,3127.2,2,3130.04,1837305,131326.0,211748.0,3163.0,3163.0,3108.0,3134.3,31919400,3447.7,2820.9,3839.9,2896.0,3127.1,2,2,3127.0,6,2,3126.5,9,2,3126.4,91,5,3126.3,41,2,3127.2,25,2,3127.3,73,3,3127.5,4,1,3127.8,210,2,3128.0,1344,4
2031,2026-06-16 11:49:02+05:30,3127.2,2,3130.04,1837305,131326.0,211748.0,3163.0,3163.0,3108.0,3134.3,31919400,3447.7,2820.9,3839.9,2896.0,3127.1,2,2,3127.0,6,2,3126.5,9,2,3126.4,91,5,3126.3,41,2,3127.2,25,2,3127.3,73,3,3127.5,4,1,3127.8,210,2,3128.0,1344,4
2031,2026-06-16 11:49:02+05:30,3127.2,2,3130.04,1837305,131416.0,211698.0,3163.0,3163.0,3108.0,3134.3,31919400,3447.7,2820.9,3839.9,2896.0,3127.1,2,2,3127.0,24,3,3126.5,9,2,3126.4,109,5,3126.3,24,2,3127.2,25,2,3127.3,73,3,3127.5,4,1,3127.8,210,2,3128.0,1282,3
2031,2026-06-16 11:49:03+05:30,3127.2,2,3130.04,1837305,131416.0,211698.0,3163.0,3163.0,3108.0,3134.3,31919400,3447.7,2820.9,3839.9,2896.0,3127.1,2,2,3127.0,24,3,3126.5,9,2,3126.4,109,5,3126.3,24,2,3127.2,25,2,3127.3,73,3,3127.5,4,1,3127.8,210,2,3128.0,1282,3
2031,2026-06-16 11:49:03+05:30,3127.2,1,3130.04,1837306,131420.0,211763.0,3163.0,3163.0,3108.0,3134.3,31919400,3447.7,2820.9,3839.9,2896.0,3127.1,2,2,3127.0,24,3,3126.5,9,2,3126.4,109,5,3126.3,24,2,3127.2,24,2,3127.3,73,3,3127.5,4,1,3127.8,210,2,3128.0,1263,2
2031,2026-06-16 11:49:03+05:30,3127.2,1,3130.04,1837306,131420.0,211763.0,3163.0,3163.0,3108.0,3134.3,31919400,3447.7,2820.9,3839.9,2896.0,3127.1,2,2,3127.0,24,3,3126.5,9,2,3126.4,109,5,3126.3,24,2,3127.2,24,2,3127.3,73,3,3127.5,4,1,3127.8,210,2,3128.0,1263,2
2031,2026-06-16 11:49:03+05:30,3127.2,1,3130.04,1837306,131420.0,211763.0,3163.0,3163.0,3108.0,3134.3,31919400,3447.7,2820.9,3839.9,2896.0,3127.1,2,2,3127.0,24,3,3126.5,9,2,3126.4,109,5,3126.3,24,2,3127.2,24,2,3127.3,73,3,3127.5,4,1,3127.8,210,2,3128.0,1263,2
2031,2026-06-16 11:49:04+05:30,3127.3,48,3130.04,1837453,131099.0,211891.0,3163.0,3163.0,3108.0,3134.3,31919400,3447.7,2820.9,3839.9,2896.0,3127.1,2,2,3127.0,6,2,3126.5,9,2,3126.4,41,3,3126.3,5,1,3127.2,3,1,3127.3,22,2,3127.5,10,2,3127.7,41,1,3127.8,229,3
2031,2026-06-16 11:49:04+05:30,3127.3,48,3130.04,1837453,131099.0,211891.0,3163.0,3163.0,3108.0,3134.3,31919400,3447.7,2820.9,3839.9,2896.0,3127.1,2,2,3127.0,6,2,3126.5,9,2,3126.4,41,3,3126.3,5,1,3127.2,3,1,3127.3,22,2,3127.5,10,2,3127.7,41,1,3127.8,229,3
2031,2026-06-16 11:49:04+05:30,3127.3,48,3130.04,1837453,131099.0,211891.0,3163.0,3163.0,3108.0,3134.3,31919400,3447.7,2820.9,3839.9,2896.0,3127.1,2,2,3127.0,6,2,3126.5,9,2,3126.4,41,3,3126.3,5,1,3127.2,3,1,3127.3,22,2,3127.5,10,2,3127.7,41,1,3127.8,229,3
2031,2026-06-16 11:49:05+05:30,3127.3,48,3130.04,1837453,131099.0,211891.0,3163.0,3163.0,3108.0,3134.3,31919400,3447.7,2820.9,3839.9,2896.0,3127.1,2,2,3127.0,6,2,3126.5,9,2,3126.4,41,3,3126.3,5,1,3127.2,3,1,3127.3,22,2,3127.5,10,2,3127.7,41,1,3127.8,229,3
2031,2026-06-16 11:49:05+05:30,3127.3,48,3130.04,1837453,131030.0,211839.0,3163.0,3163.0,3108.0,3134.3,31919400,3447.7,2820.9,3839.9,2896.0,3127.1,2,2,3127.0,22,3,3126.9,15,1,3126.5,9,2,3126.4,44,3,3127.2,3,1,3127.3,22,2,3127.5,11,2,3127.7,41,1,3127.8,210,2
2031,2026-06-16 11:49:06+05:30,3127.3,48,3130.04,1837453,131030.0,211839.0,3163.0,3163.0,3108.0,3134.3,31922600,3447.7,2820.9,3839.9,2896.0,3127.1,2,2,3127.0,22,3,3126.9,15,1,3126.5,9,2,3126.4,44,3,3127.2,3,1,3127.3,22,2,3127.5,11,2,3127.7,41,1,3127.8,210,2
2031,2026-06-16 11:49:06+05:30,3127.0,2,3130.04,1837553,131136.0,211689.0,3163.0,3163.0,3108.0,3134.3,31922600,3447.7,2820.9,3839.9,2896.0,3127.0,20,3,3126.9,15,1,3126.5,9,2,3126.4,26,2,3126.3,5,1,3127.2,3,1,3127.3,22,2,3127.5,4,1,3127.7,41,1,3127.8,210,2
2031,2026-06-16 11:49:06+05:30,3127.0,2,3130.04,1837553,131136.0,211689.0,3163.0,3163.0,3108.0,3134.3,31922600,3447.7,2820.9,3839.9,2896.0,3127.0,20,3,3126.9,15,1,3126.5,9,2,3126.4,26,2,3126.3,5,1,3127.2,3,1,3127.3,22,2,3127.5,4,1,3127.7,41,1,3127.8,210,2
2031,2026-06-16 11:49:07+05:30,3127.2,1,3130.04,1837554,131147.0,212301.0,3163.0,3163.0,3108.0,3134.3,31922600,3447.7,2820.9,3839.9,2896.0,3127.0,20,3,3126.9,15,1,3126.5,1,1,3126.4,26,2,3126.3,5,1,3127.2,2,1,3127.3,22,2,3127.5,16,2,3127.7,60,2,3127.8,256,3
2031,2026-06-16 11:49:07+05:30,3127.2,1,3130.04,1837554,131147.0,212301.0,3163.0,3163.0,3108.0,3134.3,31922600,3447.7,2820.9,3839.9,2896.0,3127.0,20,3,3126.9,15,1,3126.5,1,1,3126.4,26,2,3126.3,5,1,3127.2,2,1,3127.3,22,2,3127.5,16,2,3127.7,60,2,3127.8,256,3
2031,2026-06-16 11:49:08+05:30,3127.2,1,3130.04,1837555,131423.0,212225.0,3163.0,3163.0,3108.0,3134.3,31922600,3447.7,2820.9,3839.9,2896.0,3127.1,4,1,3127.0,45,3,3126.9,15,1,3126.5,1,1,3126.4,26,2,3127.2,1,1,3127.3,22,2,3127.5,4,1,3127.7,41,1,3127.8,256,3
2031,2026-06-16 11:49:08+05:30,3127.2,1,3130.04,1837555,131423.0,212225.0,3163.0,3163.0,3108.0,3134.3,31922600,3447.7,2820.9,3839.9,2896.0,3127.1,4,1,3127.0,45,3,3126.9,15,1,3126.5,1,1,3126.4,26,2,3127.2,1,1,3127.3,22,2,3127.5,4,1,3127.7,41,1,3127.8,256,3
2031,2026-06-16 11:49:09+05:30,3127.0,32,3130.04,1837743,130055.0,213140.0,3163.0,3163.0,3108.0,3134.3,31922600,3447.7,2820.9,3839.9,2896.0,3126.5,1,1,3126.4,19,2,3126.3,5,1,3126.2,12,2,3126.1,9,2,3127.0,812,1,3127.2,12,2,3127.3,60,3,3127.4,19,1,3127.5,97,4
2031,2026-06-16 11:49:09+05:30,3127.0,32,3130.04,1837743,130055.0,213140.0,3163.0,3163.0,3108.0,3134.3,31922600,3447.7,2820.9,3839.9,2896.0,3126.5,1,1,3126.4,19,2,3126.3,5,1,3126.2,12,2,3126.1,9,2,3127.0,812,1,3127.2,12,2,3127.3,60,3,3127.4,19,1,3127.5,97,4
2031,2026-06-16 11:49:10+05:30,3126.5,1,3130.04,1837744,130008.0,213141.0,3163.0,3163.0,3108.0,3134.3,31922600,3447.7,2820.9,3839.9,2896.0,3126.5,1,1,3126.4,19,2,3126.3,5,1,3126.2,12,2,3126.1,9,2,3127.0,812,1,3127.2,12,2,3127.3,60,3,3127.4,19,1,3127.5,97,4
2031,2026-06-16 11:49:10+05:30,3127.0,87,3130.04,1837744,130008.0,213141.0,3163.0,3163.0,3108.0,3134.3,31922600,3447.7,2820.9,3839.9,2896.0,3126.5,1,1,3126.4,19,2,3126.3,5,1,3126.2,12,2,3126.1,9,2,3127.0,812,1,3127.2,12,2,3127.3,60,3,3127.4,19,1,3127.5,97,4
2031,2026-06-16 11:49:11+05:30,3127.0,11,3130.04,1837842,129722.0,213421.0,3163.0,3163.0,3108.0,3134.3,31922600,3447.7,2820.9,3839.9,2896.0,3126.5,1,1,3126.4,34,3,3126.3,5,1,3126.2,4,1,3126.1,2,1,3127.0,714,1,3127.2,12,2,3127.3,62,3,3127.5,150,6,3127.6,475,5
2031,2026-06-16 11:49:11+05:30,3127.0,11,3130.04,1837842,129722.0,213421.0,3163.0,3163.0,3108.0,3134.3,31922600,3447.7,2820.9,3839.9,2896.0,3126.5,1,1,3126.4,34,3,3126.3,5,1,3126.2,4,1,3126.1,2,1,3127.0,714,1,3127.2,12,2,3127.3,62,3,3127.5,150,6,3127.6,475,5
2031,2026-06-16 11:49:12+05:30,3127.0,11,3130.04,1837842,129670.0,213699.0,3163.0,3163.0,3108.0,3134.3,31922600,3447.7,2820.9,3839.9,2896.0,3126.5,1,1,3126.4,34,3,3126.3,5,1,3126.2,4,1,3126.1,2,1,3127.0,787,2,3127.2,12,2,3127.3,62,3,3127.5,150,6,3127.6,475,5
2031,2026-06-16 11:49:13+05:30,3127.0,11,3130.04,1837842,129778.0,213454.0,3163.0,3163.0,3108.0,3134.3,31922600,3447.7,2820.9,3839.9,2896.0,3126.5,40,2,3126.4,34,3,3126.3,5,1,3126.2,4,1,3126.1,2,1,3127.0,798,4,3127.2,12,2,3127.3,62,3,3127.5,131,5,3127.6,94,4
2031,2026-06-16 11:49:13+05:30,3127.0,1,3130.04,1837842,129778.0,213454.0,3163.0,3163.0,3108.0,3134.3,31922600,3447.7,2820.9,3839.9,2896.0,3126.5,40,2,3126.4,34,3,3126.3,5,1,3126.2,4,1,3126.1,2,1,3127.0,798,4,3127.2,12,2,3127.3,62,3,3127.5,131,5,3127.6,94,4
2031,2026-06-16 11:49:14+05:30,3127.0,1,3130.04,1837847,129768.0,213481.0,3163.0,3163.0,3108.0,3134.3,31922600,3447.7,2820.9,3839.9,2896.0,3126.5,40,2,3126.4,34,3,3126.3,5,1,3126.2,4,1,3126.1,2,1,3127.0,793,4,3127.2,12,2,3127.3,62,3,3127.5,131,5,3127.6,60,3
2031,2026-06-16 11:49:14+05:30,3127.0,1,3130.04,1837847,129768.0,213481.0,3163.0,3163.0,3108.0,3134.3,31922600,3447.7,2820.9,3839.9,2896.0,3126.5,40,2,3126.4,34,3,3126.3,5,1,3126.2,4,1,3126.1,2,1,3127.0,793,4,3127.2,12,2,3127.3,62,3,3127.5,131,5,3127.6,60,3
2031,2026-06-16 11:49:15+05:30,3126.6,141,3130.04,1837993,129830.0,213401.0,3163.0,3163.0,3108.0,3134.3,31922600,3447.7,2820.9,3839.9,2896.0,3126.5,41,3,3126.4,19,2,3126.3,13,2,3126.2,4,1,3126.1,2,1,3126.6,54,1,3127.0,818,5,3127.2,12,2,3127.3,62,3,3127.5,85,4
2031,2026-06-16 11:49:15+05:30,3126.6,141,3130.04,1837993,129830.0,213401.0,3163.0,3163.0,3108.0,3134.3,31922600,3447.7,2820.9,3839.9,2896.0,3126.5,41,3,3126.4,19,2,3126.3,13,2,3126.2,4,1,3126.1,2,1,3126.6,54,1,3127.0,818,5,3127.2,12,2,3127.3,62,3,3127.5,85,4
2031,2026-06-16 11:49:16+05:30,3126.5,1,3130.04,1837994,129861.0,213444.0,3163.0,3163.0,3108.0,3134.3,31922600,3447.7,2820.9,3839.9,2896.0,3126.5,41,3,3126.4,35,3,3126.3,5,1,3126.2,4,1,3126.1,16,2,3126.6,79,2,3127.0,793,4,3127.2,12,2,3127.3,41,2,3127.5,191,6
2031,2026-06-16 11:49:16+05:30,3126.5,10,3130.04,1837994,129861.0,213444.0,3163.0,3163.0,3108.0,3134.3,31922600,3447.7,2820.9,3839.9,2896.0,3126.5,41,3,3126.4,35,3,3126.3,5,1,3126.2,4,1,3126.1,16,2,3126.6,79,2,3127.0,793,4,3127.2,12,2,3127.3,41,2,3127.5,191,6
2031,2026-06-16 11:49:17+05:30,3126.5,1,3130.04,1838005,129791.0,213431.0,3163.0,3163.0,3108.0,3134.3,31922600,3447.7,2820.9,3839.9,2896.0,3126.5,30,3,3126.4,35,3,3126.3,5,1,3126.2,4,1,3126.1,16,2,3126.6,80,3,3127.0,792,3,3127.2,12,2,3127.3,41,2,3127.5,184,5
2031,2026-06-16 11:49:17+05:30,3126.5,1,3130.04,1838005,129791.0,213431.0,3163.0,3163.0,3108.0,3134.3,31922600,3447.7,2820.9,3839.9,2896.0,3126.5,30,3,3126.4,35,3,3126.3,5,1,3126.2,4,1,3126.1,16,2,3126.6,80,3,3127.0,792,3,3127.2,12,2,3127.3,41,2,3127.5,184,5
2031,2026-06-16 11:49:18+05:30,3126.6,35,3130.04,1838040,129864.0,213359.0,3163.0,3163.0,3108.0,3134.3,31922600,3447.7,2820.9,3839.9,2896.0,3126.5,30,3,3126.4,35,3,3126.3,5,1,3126.2,4,1,3126.1,16,2,3126.6,45,3,3127.0,782,2,3127.2,12,2,3127.3,41,2,3127.5,184,5
2031,2026-06-16 11:49:18+05:30,3126.5,3,3130.04,1838040,129864.0,213359.0,3163.0,3163.0,3108.0,3134.3,31922600,3447.7,2820.9,3839.9,2896.0,3126.5,30,3,3126.4,35,3,3126.3,5,1,3126.2,4,1,3126.1,16,2,3126.6,45,3,3127.0,782,2,3127.2,12,2,3127.3,41,2,3127.5,184,5
2031,2026-06-16 11:49:19+05:30,3126.6,1,3130.04,1838126,129700.0,213454.0,3163.0,3163.0,3108.0,3134.3,31922600,3447.7,2820.9,3839.9,2896.0,3126.5,1,1,3126.4,34,3,3126.3,5,1,3126.2,4,1,3126.1,2,1,3127.0,782,2,3127.2,1,1,3127.3,100,3,3127.4,66,2,3127.5,70,3
2031,2026-06-16 11:49:19+05:30,3126.6,1,3130.04,1838126,129700.0,213454.0,3163.0,3163.0,3108.0,3134.3,31922600,3447.7,2820.9,3839.9,2896.0,3126.5,1,1,3126.4,34,3,3126.3,5,1,3126.2,4,1,3126.1,2,1,3127.0,782,2,3127.2,1,1,3127.3,100,3,3127.4,66,2,3127.5,70,3
2031,2026-06-16 11:49:20+05:30,3127.0,1,3130.04,1838127,129864.0,213513.0,3163.0,3163.0,3108.0,3134.3,31922600,3447.7,2820.9,3839.9,2896.0,3126.5,1,1,3126.4,34,3,3126.3,5,1,3126.2,4,1,3126.1,2,1,3127.0,781,2,3127.2,1,1,3127.3,100,3,3127.4,47,1,3127.5,489,6
2031,2026-06-16 11:49:20+05:30,3127.0,1,3130.04,1838127,129864.0,213513.0,3163.0,3163.0,3108.0,3134.3,31922600,3447.7,2820.9,3839.9,2896.0,3126.5,1,1,3126.4,34,3,3126.3,5,1,3126.2,4,1,3126.1,2,1,3127.0,781,2,3127.2,1,1,3127.3,100,3,3127.4,47,1,3127.5,489,6
2031,2026-06-16 11:49:21+05:30,3127.0,1,3130.04,1838127,129938.0,213806.0,3163.0,3163.0,3108.0,3134.3,31922600,3447.7,2820.9,3839.9,2896.0,3126.6,15,1,3126.5,1,1,3126.4,19,2,3126.3,5,1,3126.2,4,1,3127.0,885,4,3127.2,1,1,3127.3,100,3,3127.4,47,1,3127.5,483,5
2031,2026-06-16 11:49:22+05:30,3127.0,8,3130.04,1839020,129732.0,212371.0,3163.0,3163.0,3108.0,3134.3,31922600,3447.7,2820.9,3839.9,2896.0,3126.6,15,1,3126.5,1,1,3126.4,36,3,3126.3,66,4,3126.2,4,1,3127.0,70,1,3127.2,1,1,3127.3,1,1,3127.5,211,3,3127.6,22,1
2031,2026-06-16 11:49:22+05:30,3127.0,8,3130.04,1839020,129732.0,212371.0,3163.0,3163.0,3108.0,3134.3,31922600,3447.7,2820.9,3839.9,2896.0,3126.6,15,1,3126.5,1,1,3126.4,36,3,3126.3,66,4,3126.2,4,1,3127.0,70,1,3127.2,1,1,3127.3,1,1,3127.5,211,3,3127.6,22,1
2031,2026-06-16 11:49:23+05:30,3127.3,1,3130.04,1839110,131279.0,211157.0,3163.0,3163.0,3108.0,3134.3,31922600,3447.7,2820.9,3839.9,2896.0,3126.9,34,1,3126.8,107,6,3126.7,48,3,3126.6,102,6,3126.5,29,2,3127.5,4,1,3127.8,150,1,3128.0,1263,2,3128.1,200,1,3128.2,22,1
2031,2026-06-16 11:49:23+05:30,3127.3,1,3130.04,1839110,131279.0,211157.0,3163.0,3163.0,3108.0,3134.3,31922600,3447.7,2820.9,3839.9,2896.0,3126.9,34,1,3126.8,107,6,3126.7,48,3,3126.6,102,6,3126.5,29,2,3127.5,4,1,3127.8,150,1,3128.0,1263,2,3128.1,200,1,3128.2,22,1
2031,2026-06-16 11:49:24+05:30,3127.5,1,3130.04,1839111,131338.0,211597.0,3163.0,3163.0,3108.0,3134.3,31922600,3447.7,2820.9,3839.9,2896.0,3127.1,34,1,3127.0,70,6,3126.9,64,3,3126.8,90,5,3126.7,35,2,3127.5,3,1,3127.8,150,1,3128.0,1243,1,3128.2,22,1,3128.3,14,1
2031,2026-06-16 11:49:24+05:30,3127.5,40,3130.04,1839111,131338.0,211597.0,3163.0,3163.0,3108.0,3134.3,31922600,3447.7,2820.9,3839.9,2896.0,3127.1,34,1,3127.0,70,6,3126.9,64,3,3126.8,90,5,3126.7,35,2,3127.5,3,1,3127.8,150,1,3128.0,1243,1,3128.2,22,1,3128.3,14,1
2031,2026-06-16 11:49:25+05:30,3127.8,2,3130.04,1839156,131711.0,210969.0,3163.0,3163.0,3108.0,3134.3,31922600,3447.7,2820.9,3839.9,2896.0,3127.3,78,5,3127.2,74,6,3127.1,43,3,3127.0,68,5,3126.9,81,3,3127.8,148,1,3128.0,1243,1,3128.3,14,1,3128.4,121,2,3128.6,30,2
2031,2026-06-16 11:49:25+05:30,3127.8,2,3130.04,1839156,131711.0,210969.0,3163.0,3163.0,3108.0,3134.3,31922600,3447.7,2820.9,3839.9,2896.0,3127.3,78,5,3127.2,74,6,3127.1,43,3,3127.0,68,5,3126.9,81,3,3127.8,148,1,3128.0,1243,1,3128.3,14,1,3128.4,121,2,3128.6,30,2
2031,2026-06-16 11:49:26+05:30,3127.8,6,3130.04,1839162,131977.0,210525.0,3163.0,3163.0,3108.0,3134.3,31922600,3447.7,2820.9,3839.9,2896.0,3127.4,16,1,3127.3,114,5,3127.2,34,4,3127.1,30,2,3127.0,44,4,3127.8,142,1,3128.0,1243,1,3128.3,14,1,3128.4,181,3,3128.6,30,2
2031,2026-06-16 11:49:26+05:30,3127.8,1,3130.04,1839162,131977.0,210525.0,3163.0,3163.0,3108.0,3134.3,31922600,3447.7,2820.9,3839.9,2896.0,3127.4,16,1,3127.3,114,5,3127.2,34,4,3127.1,30,2,3127.0,44,4,3127.8,142,1,3128.0,1243,1,3128.3,14,1,3128.4,181,3,3128.6,30,2
2031,2026-06-16 11:49:27+05:30,3128.0,1243,3130.04,1840547,132488.0,210590.0,3163.0,3163.0,3108.0,3134.3,31922600,3447.7,2820.9,3839.9,2896.0,3127.5,63,3,3127.4,17,1,3127.3,68,3,3127.2,140,6,3127.1,54,2,3128.0,1250,1,3128.3,14,1,3128.4,100,1,3128.5,19,1,3128.6,30,2
2031,2026-06-16 11:49:27+05:30,3128.0,1243,3130.04,1840547,132488.0,210590.0,3163.0,3163.0,3108.0,3134.3,31922600,3447.7,2820.9,3839.9,2896.0,3127.5,63,3,3127.4,17,1,3127.3,68,3,3127.2,140,6,3127.1,54,2,3128.0,1250,1,3128.3,14,1,3128.4,100,1,3128.5,19,1,3128.6,30,2
2031,2026-06-16 11:49:28+05:30,3127.5,97,3130.04,1840687,131590.0,211140.0,3163.0,3163.0,3108.0,3134.3,31922600,3447.7,2820.9,3839.9,2896.0,3127.5,18,1,3127.4,15,1,3127.3,44,1,3127.0,11,1,3126.8,54,4,3128.0,1250,1,3128.3,19,1,3128.4,168,3,3128.6,30,2,3128.7,109,2
2031,2026-06-16 11:49:28+05:30,3127.5,97,3130.04,1840687,131590.0,211140.0,3163.0,3163.0,3108.0,3134.3,31922600,3447.7,2820.9,3839.9,2896.0,3127.5,18,1,3127.4,15,1,3127.3,44,1,3127.0,11,1,3126.8,54,4,3128.0,1250,1,3128.3,19,1,3128.4,168,3,3128.6,30,2,3128.7,109,2
2031,2026-06-16 11:49:29+05:30,3127.5,97,3130.04,1840687,131881.0,211178.0,3163.0,3163.0,3108.0,3134.3,31922600,3447.7,2820.9,3839.9,2896.0,3127.5,18,1,3127.3,44,1,3127.0,11,1,3126.8,54,4,3126.7,85,3,3128.0,1250,1,3128.3,19,1,3128.4,220,4,3128.6,75,3,3128.7,60,1
2031,2026-06-16 11:49:29+05:30,3128.0,1,3130.04,1840687,131881.0,211178.0,3163.0,3163.0,3108.0,3134.3,31922600,3447.7,2820.9,3839.9,2896.0,3127.5,18,1,3127.3,44,1,3127.0,11,1,3126.8,54,4,3126.7,85,3,3128.0,1250,1,3128.3,19,1,3128.4,220,4,3128.6,75,3,3128.7,60,1
2031,2026-06-16 11:49:30+05:30,3128.0,1,3130.04,1840688,131948.0,209386.0,3163.0,3163.0,3108.0,3134.3,31922600,3447.7,2820.9,3839.9,2896.0,3127.8,17,3,3127.5,56,4,3127.4,17,1,3127.3,64,2,3127.2,47,2,3128.0,1250,2,3128.4,220,4,3128.6,20,1,3128.7,79,2,3128.8,21,1
2031,2026-06-16 11:49:31+05:30,3128.0,168,3130.04,1840856,132138.0,211271.0,3163.0,3163.0,3108.0,3134.3,31922600,3447.7,2820.9,3839.9,2896.0,3127.8,2,2,3127.5,39,4,3127.4,17,1,3127.3,64,2,3127.2,32,1,3128.0,1107,3,3128.4,168,3,3128.6,39,2,3128.7,60,1,3128.8,21,1
2031,2026-06-16 11:49:31+05:30,3128.0,11,3130.04,1840856,132138.0,211271.0,3163.0,3163.0,3108.0,3134.3,31922600,3447.7,2820.9,3839.9,2896.0,3127.8,2,2,3127.5,39,4,3127.4,17,1,3127.3,64,2,3127.2,32,1,3128.0,1107,3,3128.4,168,3,3128.6,39,2,3128.7,60,1,3128.8,21,1
2031,2026-06-16 11:49:32+05:30,3128.0,1,3130.04,1840868,132417.0,211141.0,3163.0,3163.0,3108.0,3134.3,31922600,3447.7,2820.9,3839.9,2896.0,3127.8,45,3,3127.5,35,4,3127.4,49,2,3127.3,64,2,3127.2,13,1,3128.0,1095,3,3128.1,64,1,3128.4,168,3,3128.6,20,1,3128.7,60,1
2031,2026-06-16 11:49:32+05:30,3128.0,1,3130.04,1840868,132417.0,211141.0,3163.0,3163.0,3108.0,3134.3,31922600,3447.7,2820.9,3839.9,2896.0,3127.8,45,3,3127.5,35,4,3127.4,49,2,3127.3,64,2,3127.2,13,1,3128.0,1095,3,3128.1,64,1,3128.4,168,3,3128.6,20,1,3128.7,60,1
2031,2026-06-16 11:49:33+05:30,3128.0,1,3130.04,1840869,132239.0,211128.0,3163.0,3163.0,3108.0,3134.3,31922600,3447.7,2820.9,3839.9,2896.0,3127.8,45,3,3127.5,35,4,3127.4,49,2,3127.3,64,2,3127.2,13,1,3128.0,1094,3,3128.1,64,1,3128.4,160,2,3128.6,39,2,3128.7,60,1
2031,2026-06-16 11:49:33+05:30,3128.0,1,3130.04,1840869,132239.0,211128.0,3163.0,3163.0,3108.0,3134.3,31922600,3447.7,2820.9,3839.9,2896.0,3127.8,45,3,3127.5,35,4,3127.4,49,2,3127.3,64,2,3127.2,13,1,3128.0,1094,3,3128.1,64,1,3128.4,160,2,3128.6,39,2,3128.7,60,1
2031,2026-06-16 11:49:34+05:30,3128.0,1,3130.04,1840870,132294.0,211098.0,3163.0,3163.0,3108.0,3134.3,31922600,3447.7,2820.9,3839.9,2896.0,3127.8,45,3,3127.7,14,1,3127.6,17,1,3127.5,24,3,3127.3,64,2,3128.0,1093,3,3128.1,64,1,3128.4,160,2,3128.6,20,1,3128.7,79,2
2031,2026-06-16 11:49:34+05:30,3128.0,1,3130.04,1840870,132294.0,211098.0,3163.0,3163.0,3108.0,3134.3,31922600,3447.7,2820.9,3839.9,2896.0,3127.8,45,3,3127.7,14,1,3127.6,17,1,3127.5,24,3,3127.3,64,2,3128.0,1093,3,3128.1,64,1,3128.4,160,2,3128.6,20,1,3128.7,79,2
2031,2026-06-16 11:49:35+05:30,3128.0,168,3130.04,1841039,132331.0,210870.0,3163.0,3163.0,3108.0,3134.3,31922600,3447.7,2820.9,3839.9,2896.0,3127.9,2,2,3127.8,43,1,3127.7,14,1,3127.5,24,3,3127.3,64,2,3128.0,924,3,3128.1,64,1,3128.4,100,1,3128.6,39,2,3128.7,60,1
2031,2026-06-16 11:49:35+05:30,3128.0,168,3130.04,1841039,132331.0,210870.0,3163.0,3163.0,3108.0,3134.3,31922600,3447.7,2820.9,3839.9,2896.0,3127.9,2,2,3127.8,43,1,3127.7,14,1,3127.5,24,3,3127.3,64,2,3128.0,924,3,3128.1,64,1,3128.4,100,1,3128.6,39,2,3128.7,60,1
2031,2026-06-16 11:49:36+05:30,3128.0,168,3130.04,1841039,132530.0,210790.0,3163.0,3163.0,3108.0,3134.3,31922600,3447.7,2820.9,3839.9,2896.0,3127.9,45,3,3127.8,43,1,3127.7,14,1,3127.5,24,3,3127.4,32,1,3128.0,924,3,3128.1,64,1,3128.4,100,1,3128.6,20,1,3128.7,79,2
2031,2026-06-16 11:49:37+05:30,3128.0,168,3130.04,1841039,132455.0,210898.0,3163.0,3163.0,3108.0,3134.3,31922600,3447.7,2820.9,3839.9,2896.0,3127.9,45,3,3127.8,43,1,3127.7,14,1,3127.5,24,3,3127.3,20,1,3128.0,1007,5,3128.1,64,1,3128.4,100,1,3128.5,19,1,3128.6,20,1
2031,2026-06-16 11:49:38+05:30,3128.0,168,3130.04,1841039,132569.0,210917.0,3163.0,3163.0,3108.0,3134.3,31922600,3447.7,2820.9,3839.9,2896.0,3127.9,45,3,3127.8,43,1,3127.7,14,1,3127.5,24,3,3127.3,20,1,3128.0,1007,5,3128.1,64,1,3128.4,100,1,3128.5,19,1,3128.6,39,2
2031,2026-06-16 11:49:39+05:30,3127.8,43,3130.04,1841151,132144.0,210942.0,3163.0,3163.0,3108.0,3134.3,31922600,3447.7,2820.9,3839.9,2896.0,3127.7,14,1,3127.5,19,2,3127.1,25,1,3127.0,39,2,3126.8,18,2,3127.8,88,1,3128.0,1007,5,3128.1,64,1,3128.2,66,2,3128.3,19,1
2031,2026-06-16 11:49:39+05:30,3127.4,1,3130.04,1841151,132144.0,210942.0,3163.0,3163.0,3108.0,3134.3,31922600,3447.7,2820.9,3839.9,2896.0,3127.7,14,1,3127.5,19,2,3127.1,25,1,3127.0,39,2,3126.8,18,2,3127.8,88,1,3128.0,1007,5,3128.1,64,1,3128.2,66,2,3128.3,19,1
2031,2026-06-16 11:49:40+05:30,3127.4,1,3130.04,1841339,130901.0,211447.0,3163.0,3163.0,3108.0,3134.3,31922600,3447.7,2820.9,3839.9,2896.0,3126.8,8,1,3126.6,59,3,3126.5,57,3,3126.4,124,5,3126.3,115,5,3127.4,86,1,3127.5,52,2,3127.8,26,2,3127.9,39,1,3128.0,1117,6
2031,2026-06-16 11:49:40+05:30,3127.1,2,3130.04,1841339,130901.0,211447.0,3163.0,3163.0,3108.0,3134.3,31922600,3447.7,2820.9,3839.9,2896.0,3126.8,8,1,3126.6,59,3,3126.5,57,3,3126.4,124,5,3126.3,115,5,3127.4,86,1,3127.5,52,2,3127.8,26,2,3127.9,39,1,3128.0,1117,6
2031,2026-06-16 11:49:41+05:30,3127.1,2,3130.04,1841427,130611.0,211415.0,3163.0,3163.0,3108.0,3134.3,31922600,3447.7,2820.9,3839.9,2896.0,3126.7,13,1,3126.6,74,6,3126.5,26,2,3126.4,83,4,3126.3,71,4,3127.1,43,1,3127.4,1,1,3127.8,44,3,3127.9,44,1,3128.0,1062,5
2031,2026-06-16 11:49:42+05:30,3127.1,2,3130.04,1841427,130545.0,211413.0,3163.0,3163.0,3108.0,3134.3,31922600,3447.7,2820.9,3839.9,2896.0,3126.7,13,1,3126.6,48,4,3126.5,45,3,3126.4,95,4,3126.3,40,3,3127.1,68,2,3127.4,1,1,3127.8,19,2,3127.9,44,1,3128.0,1062,5
2031,2026-06-16 11:49:43+05:30,3126.7,1,3130.04,1841428,130705.0,211485.0,3163.0,3163.0,3108.0,3134.3,31922600,3447.7,2820.9,3839.9,2896.0,3126.7,48,5,3126.6,88,5,3126.5,73,3,3126.4,94,4,3126.3,56,3,3127.1,68,2,3127.4,1,1,3127.9,44,1,3128.0,1062,5,3128.2,159,3
2031,2026-06-16 11:49:43+05:30,3126.7,1,3130.04,1841428,130705.0,211485.0,3163.0,3163.0,3108.0,3134.3,31922600,3447.7,2820.9,3839.9,2896.0,3126.7,48,5,3126.6,88,5,3126.5,73,3,3126.4,94,4,3126.3,56,3,3127.1,68,2,3127.4,1,1,3127.9,44,1,3128.0,1062,5,3128.2,159,3
2031,2026-06-16 11:49:44+05:30,3126.9,3,3130.04,1841499,131065.0,211951.0,3163.0,3163.0,3108.0,3134.3,31922600,3447.7,2820.9,3839.9,2896.0,3126.9,12,1,3126.8,14,1,3126.7,72,5,3126.6,72,4,3126.5,26,2,3127.4,1,1,3127.9,44,1,3128.0,1041,4,3128.2,81,2,3128.3,300,3
2031,2026-06-16 11:49:44+05:30,3127.9,15,3130.04,1841499,131065.0,211951.0,3163.0,3163.0,3108.0,3134.3,31922600,3447.7,2820.9,3839.9,2896.0,3126.9,12,1,3126.8,14,1,3126.7,72,5,3126.6,72,4,3126.5,26,2,3127.4,1,1,3127.9,44,1,3128.0,1041,4,3128.2,81,2,3128.3,300,3
2031,2026-06-16 11:49:45+05:30,3127.9,15,3130.04,1841540,131184.0,211925.0,3163.0,3163.0,3108.0,3134.3,31922600,3447.7,2820.9,3839.9,2896.0,3127.2,2,2,3126.9,16,2,3126.8,14,1,3126.7,14,1,3126.5,30,2,3127.9,64,3,3128.0,1143,6,3128.1,93,3,3128.2,195,4,3128.3,200,1
2031,2026-06-16 11:49:45+05:30,3127.9,1,3130.04,1841540,131184.0,211925.0,3163.0,3163.0,3108.0,3134.3,31922600,3447.7,2820.9,3839.9,2896.0,3127.2,2,2,3126.9,16,2,3126.8,14,1,3126.7,14,1,3126.5,30,2,3127.9,64,3,3128.0,1143,6,3128.1,93,3,3128.2,195,4,3128.3,200,1
2031,2026-06-16 11:49:46+05:30,3127.9,1,3130.04,1841542,131183.0,211917.0,3163.0,3163.0,3108.0,3134.3,31922600,3447.7,2820.9,3839.9,2896.0,3127.2,2,2,3127.0,18,1,3126.9,1,1,3126.8,14,1,3126.7,14,1,3127.9,11,2,3128.0,1143,6,3128.1,74,2,3128.2,214,5,3128.3,19,1
2031,2026-06-16 11:49:46+05:30,3127.9,1,3130.04,1841542,131183.0,211917.0,3163.0,3163.0,3108.0,3134.3,31922600,3447.7,2820.9,3839.9,2896.0,3127.2,2,2,3127.0,18,1,3126.9,1,1,3126.8,14,1,3126.7,14,1,3127.9,11,2,3128.0,1143,6,3128.1,74,2,3128.2,214,5,3128.3,19,1
2031,2026-06-16 11:49:47+05:30,3127.0,39,3130.04,1841586,130722.0,212526.0,3163.0,3163.0,3108.0,3134.3,31922600,3447.7,2820.9,3839.9,2896.0,3127.1,16,1,3126.9,1,1,3126.5,10,1,3126.4,5,1,3126.3,25,2,3127.7,49,5,3127.8,24,2,3127.9,97,6,3128.0,1145,6,3128.1,174,3
2031,2026-06-16 11:49:47+05:30,3127.0,39,3130.04,1841586,130722.0,212526.0,3163.0,3163.0,3108.0,3134.3,31922600,3447.7,2820.9,3839.9,2896.0,3127.1,16,1,3126.9,1,1,3126.5,10,1,3126.4,5,1,3126.3,25,2,3127.7,49,5,3127.8,24,2,3127.9,97,6,3128.0,1145,6,3128.1,174,3
2031,2026-06-16 11:49:48+05:30,3127.0,39,3130.04,1841586,130722.0,212526.0,3163.0,3163.0,3108.0,3134.3,31922600,3447.7,2820.9,3839.9,2896.0,3127.1,16,1,3126.9,1,1,3126.5,10,1,3126.4,5,1,3126.3,25,2,3127.7,49,5,3127.8,24,2,3127.9,97,6,3128.0,1145,6,3128.1,174,3
2031,2026-06-16 11:49:48+05:30,3127.0,39,3130.04,1841586,130702.0,212704.0,3163.0,3163.0,3108.0,3134.3,31922600,3447.7,2820.9,3839.9,2896.0,3127.1,16,1,3126.9,1,1,3126.5,10,1,3126.4,5,1,3126.3,25,2,3127.7,67,6,3127.8,24,2,3127.9,497,8,3128.0,1145,6,3128.1,374,4
2031,2026-06-16 11:49:49+05:30,3127.0,39,3130.04,1841586,130702.0,212722.0,3163.0,3163.0,3108.0,3134.3,31922600,3447.7,2820.9,3839.9,2896.0,3127.1,16,1,3126.9,1,1,3126.5,10,1,3126.4,5,1,3126.3,25,2,3127.7,75,8,3127.8,24,2,3127.9,489,6,3128.0,1145,6,3128.1,374,4
2031,2026-06-16 11:49:50+05:30,3127.0,39,3130.04,1841586,130702.0,212722.0,3163.0,3163.0,3108.0,3134.3,31922600,3447.7,2820.9,3839.9,2896.0,3127.1,16,1,3126.9,1,1,3126.5,10,1,3126.4,5,1,3126.3,25,2,3127.7,75,8,3127.8,24,2,3127.9,489,6,3128.0,1145,6,3128.1,374,4
2031,2026-06-16 11:49:50+05:30,3127.0,39,3130.04,1841586,130841.0,211980.0,3163.0,3163.0,3108.0,3134.3,31922600,3447.7,2820.9,3839.9,2896.0,3127.1,16,1,3126.9,1,1,3126.5,10,1,3126.4,5,1,3126.3,25,2,3127.7,62,7,3127.8,43,3,3127.9,438,5,3128.0,1106,5,3128.1,374,4
2031,2026-06-16 11:49:51+05:30,3127.7,1,3130.04,1841649,130826.0,211939.0,3163.0,3163.0,3108.0,3134.3,31922600,3447.7,2820.9,3839.9,2896.0,3127.1,16,1,3126.9,1,1,3126.5,10,1,3126.4,5,1,3126.3,25,2,3127.7,74,3,3127.8,24,2,3127.9,57,4,3128.0,1481,6,3128.1,174,3
2031,2026-06-16 11:49:51+05:30,3127.7,1,3130.04,1841649,130826.0,211939.0,3163.0,3163.0,3108.0,3134.3,31922600,3447.7,2820.9,3839.9,2896.0,3127.1,16,1,3126.9,1,1,3126.5,10,1,3126.4,5,1,3126.3,25,2,3127.7,74,3,3127.8,24,2,3127.9,57,4,3128.0,1481,6,3128.1,174,3
2031,2026-06-16 11:49:52+05:30,3127.7,1,3130.04,1841649,130826.0,211939.0,3163.0,3163.0,3108.0,3134.3,31922600,3447.7,2820.9,3839.9,2896.0,3127.1,16,1,3126.9,1,1,3126.5,10,1,3126.4,5,1,3126.3,25,2,3127.7,74,3,3127.8,24,2,3127.9,57,4,3128.0,1481,6,3128.1,174,3
2031,2026-06-16 11:49:52+05:30,3127.7,11,3130.04,1841764,131351.0,211996.0,3163.0,3163.0,3108.0,3134.3,31922600,3447.7,2820.9,3839.9,2896.0,3127.4,17,1,3126.9,1,1,3126.7,10,1,3126.5,10,1,3126.4,5,1,3127.9,32,3,3128.0,1439,5,3128.1,38,2,3128.2,298,3,3128.3,78,1
2031,2026-06-16 11:49:52+05:30,3127.9,1,3130.04,1841764,131351.0,211996.0,3163.0,3163.0,3108.0,3134.3,31922600,3447.7,2820.9,3839.9,2896.0,3127.4,17,1,3126.9,1,1,3126.7,10,1,3126.5,10,1,3126.4,5,1,3127.9,32,3,3128.0,1439,5,3128.1,38,2,3128.2,298,3,3128.3,78,1
2031,2026-06-16 11:49:53+05:30,3127.9,1,3130.04,1841765,131089.0,211668.0,3163.0,3163.0,3108.0,3134.3,31922600,3447.7,2820.9,3839.9,2896.0,3127.3,17,1,3126.9,1,1,3126.5,10,1,3126.4,5,1,3126.3,132,4,3127.9,101,5,3128.0,1439,5,3128.1,19,1,3128.2,320,4,3128.3,78,1
2031,2026-06-16 11:49:54+05:30,3127.9,1,3130.04,1841765,131089.0,211668.0,3163.0,3163.0,3108.0,3134.3,31922600,3447.7,2820.9,3839.9,2896.0,3127.3,17,1,3126.9,1,1,3126.5,10,1,3126.4,5,1,3126.3,132,4,3127.9,101,5,3128.0,1439,5,3128.1,19,1,3128.2,320,4,3128.3,78,1
2031,2026-06-16 11:49:54+05:30,3127.9,1,3130.04,1841766,131131.0,212103.0,3163.0,3163.0,3108.0,3134.3,31922600,3447.7,2820.9,3839.9,2896.0,3127.4,18,1,3126.9,1,1,3126.5,30,2,3126.4,5,1,3126.3,71,3,3127.9,104,7,3128.0,1457,6,3128.1,19,1,3128.2,298,3,3128.3,78,1
2031,2026-06-16 11:49:54+05:30,3127.9,1,3130.04,1841766,131131.0,212103.0,3163.0,3163.0,3108.0,3134.3,31922600,3447.7,2820.9,3839.9,2896.0,3127.4,18,1,3126.9,1,1,3126.5,30,2,3126.4,5,1,3126.3,71,3,3127.9,104,7,3128.0,1457,6,3128.1,19,1,3128.2,298,3,3128.3,78,1
2031,2026-06-16 11:49:55+05:30,3127.9,1,3130.04,1841775,131453.0,212170.0,3163.0,3163.0,3108.0,3134.3,31922600,3447.7,2820.9,3839.9,2896.0,3127.4,18,1,3126.9,18,1,3126.5,30,2,3126.4,68,2,3126.3,384,5,3127.9,66,4,3128.0,1482,7,3128.1,19,1,3128.2,298,3,3128.4,336,8
2031,2026-06-16 11:49:55+05:30,3127.9,1,3130.04,1841775,131453.0,212170.0,3163.0,3163.0,3108.0,3134.3,31922600,3447.7,2820.9,3839.9,2896.0,3127.4,18,1,3126.9,18,1,3126.5,30,2,3126.4,68,2,3126.3,384,5,3127.9,66,4,3128.0,1482,7,3128.1,19,1,3128.2,298,3,3128.4,336,8
2031,2026-06-16 11:49:56+05:30,3127.9,1,3130.04,1841775,131453.0,212170.0,3163.0,3163.0,3108.0,3134.3,31922600,3447.7,2820.9,3839.9,2896.0,3127.4,18,1,3126.9,18,1,3126.5,30,2,3126.4,68,2,3126.3,384,5,3127.9,66,4,3128.0,1482,7,3128.1,19,1,3128.2,298,3,3128.4,336,8
2031,2026-06-16 11:49:56+05:30,3127.9,1,3130.04,1841776,131832.0,211932.0,3163.0,3163.0,3108.0,3134.3,31922600,3447.7,2820.9,3839.9,2896.0,3127.4,18,1,3126.9,18,1,3126.7,63,1,3126.5,93,3,3126.4,204,4,3127.9,65,4,3128.0,1482,7,3128.2,298,3,3128.3,19,1,3128.4,239,6
2031,2026-06-16 11:49:56+05:30,3127.9,1,3130.04,1841776,131832.0,211932.0,3163.0,3163.0,3108.0,3134.3,31922600,3447.7,2820.9,3839.9,2896.0,3127.4,18,1,3126.9,18,1,3126.7,63,1,3126.5,93,3,3126.4,204,4,3127.9,65,4,3128.0,1482,7,3128.2,298,3,3128.3,19,1,3128.4,239,6
2031,2026-06-16 11:49:57+05:30,3127.9,1,3130.04,1841776,131832.0,211932.0,3163.0,3163.0,3108.0,3134.3,31922600,3447.7,2820.9,3839.9,2896.0,3127.4,18,1,3126.9,18,1,3126.7,63,1,3126.5,93,3,3126.4,204,4,3127.9,65,4,3128.0,1482,7,3128.2,298,3,3128.3,19,1,3128.4,239,6
2031,2026-06-16 11:49:57+05:30,3127.9,1,3130.04,1841776,131882.0,212123.0,3163.0,3163.0,3108.0,3134.3,31922600,3447.7,2820.9,3839.9,2896.0,3127.6,16,1,3126.9,18,1,3126.7,63,1,3126.5,93,3,3126.4,200,3,3127.9,65,4,3128.0,1482,7,3128.2,298,3,3128.3,19,1,3128.4,239,6
2031,2026-06-16 11:49:58+05:30,3127.9,1,3130.04,1841776,131970.0,212074.0,3163.0,3163.0,3108.0,3134.3,31922600,3447.7,2820.9,3839.9,2896.0,3127.6,16,1,3127.0,20,2,3126.9,105,3,3126.8,124,3,3126.7,155,3,3127.9,69,4,3128.0,1397,5,3128.2,260,2,3128.4,127,3,3128.5,79,2
2031,2026-06-16 11:49:59+05:30,3127.9,1,3130.04,1841776,131970.0,212074.0,3163.0,3163.0,3108.0,3134.3,31922600,3447.7,2820.9,3839.9,2896.0,3127.6,16,1,3127.0,20,2,3126.9,105,3,3126.8,124,3,3126.7,155,3,3127.9,69,4,3128.0,1397,5,3128.2,260,2,3128.4,127,3,3128.5,79,2
2031,2026-06-16 11:49:59+05:30,3127.9,1,3130.04,1841777,131748.0,212071.0,3163.0,3163.0,3108.0,3134.3,31922600,3447.7,2820.9,3839.9,2896.0,3127.6,16,1,3126.9,151,4,3126.8,124,3,3126.7,92,2,3126.6,114,3,3127.8,1,1,3127.9,67,3,3128.0,1397,5,3128.2,200,1,3128.4,188,4
2031,2026-06-16 11:49:59+05:30,3127.9,1,3130.04,1841777,131748.0,212071.0,3163.0,3163.0,3108.0,3134.3,31922600,3447.7,2820.9,3839.9,2896.0,3127.6,16,1,3126.9,151,4,3126.8,124,3,3126.7,92,2,3126.6,114,3,3127.8,1,1,3127.9,67,3,3128.0,1397,5,3128.2,200,1,3128.4,188,4
2031,2026-06-16 11:50:00+05:30,3127.9,1,3130.04,1841777,131748.0,212071.0,3163.0,3163.0,3108.0,3134.3,31922600,3447.7,2820.9,3839.9,2896.0,3127.6,16,1,3126.9,151,4,3126.8,124,3,3126.7,92,2,3126.6,114,3,3127.8,1,1,3127.9,67,3,3128.0,1397,5,3128.2,200,1,3128.4,188,4
2031,2026-06-16 11:50:00+05:30,3127.9,1,3130.04,1841935,132154.0,211594.0,3163.0,3163.0,3108.0,3134.3,31922600,3447.7,2820.9,3839.9,2896.0,3127.9,16,1,3127.7,2,2,3127.6,6,2,3127.2,31,1,3127.0,63,1,3128.0,1314,5,3128.2,200,1,3128.4,119,2,3128.5,60,1,3128.6,101,3
2031,2026-06-16 11:50:00+05:30,3127.6,1,3130.04,1841935,132154.0,211594.0,3163.0,3163.0,3108.0,3134.3,31922600,3447.7,2820.9,3839.9,2896.0,3127.9,16,1,3127.7,2,2,3127.6,6,2,3127.2,31,1,3127.0,63,1,3128.0,1314,5,3128.2,200,1,3128.4,119,2,3128.5,60,1,3128.6,101,3
2031,2026-06-16 11:50:01+05:30,3127.6,1,3130.04,1841935,132154.0,211594.0,3163.0,3163.0,3108.0,3134.3,31922600,3447.7,2820.9,3839.9,2896.0,3127.9,16,1,3127.7,2,2,3127.6,6,2,3127.2,31,1,3127.0,63,1,3128.0,1314,5,3128.2,200,1,3128.4,119,2,3128.5,60,1,3128.6,101,3
2031,2026-06-16 11:50:01+05:30,3127.6,5,3130.04,1842209,132079.0,211350.0,3163.0,3163.0,3108.0,3134.3,31922600,3447.7,2820.9,3839.9,2896.0,3127.0,9,1,3126.9,95,4,3126.8,107,4,3126.6,85,3,3126.5,68,2,3127.6,126,1,3128.0,1233,4,3128.2,80,2,3128.3,19,1,3128.4,121,2
2031,2026-06-16 11:50:01+05:30,3127.6,5,3130.04,1842209,132079.0,211350.0,3163.0,3163.0,3108.0,3134.3,31922600,3447.7,2820.9,3839.9,2896.0,3127.0,9,1,3126.9,95,4,3126.8,107,4,3126.6,85,3,3126.5,68,2,3127.6,126,1,3128.0,1233,4,3128.2,80,2,3128.3,19,1,3128.4,121,2
2031,2026-06-16 11:50:02+05:30,3127.6,5,3130.04,1842209,132079.0,211350.0,3163.0,3163.0,3108.0,3134.3,31922600,3447.7,2820.9,3839.9,2896.0,3127.0,9,1,3126.9,95,4,3126.8,107,4,3126.6,85,3,3126.5,68,2,3127.6,126,1,3128.0,1233,4,3128.2,80,2,3128.3,19,1,3128.4,121,2
2031,2026-06-16 11:50:02+05:30,3127.6,5,3130.04,1842209,132058.0,211360.0,3163.0,3163.0,3108.0,3134.3,31922600,3447.7,2820.9,3839.9,2896.0,3127.0,59,7,3126.9,27,1,3126.8,149,6,3126.6,85,3,3126.5,68,2,3127.6,193,3,3128.0,1233,4,3128.2,80,2,3128.3,19,1,3128.4,121,2
2031,2026-06-16 11:50:02+05:30,3127.0,100,3130.04,1842209,132058.0,211360.0,3163.0,3163.0,3108.0,3134.3,31922600,3447.7,2820.9,3839.9,2896.0,3127.0,59,7,3126.9,27,1,3126.8,149,6,3126.6,85,3,3126.5,68,2,3127.6,193,3,3128.0,1233,4,3128.2,80,2,3128.3,19,1,3128.4,121,2
2031,2026-06-16 11:50:03+05:30,3127.0,100,3130.04,1842209,132058.0,211360.0,3163.0,3163.0,3108.0,3134.3,31922600,3447.7,2820.9,3839.9,2896.0,3127.0,59,7,3126.9,27,1,3126.8,149,6,3126.6,85,3,3126.5,68,2,3127.6,193,3,3128.0,1233,4,3128.2,80,2,3128.3,19,1,3128.4,121,2
2031,2026-06-16 11:50:03+05:30,3127.0,100,3130.04,1842352,131729.0,211369.0,3163.0,3163.0,3108.0,3134.3,31922600,3447.7,2820.9,3839.9,2896.0,3127.0,16,1,3126.7,24,1,3126.6,58,2,3126.5,98,3,3126.4,89,5,3127.6,235,5,3127.9,19,1,3128.0,1294,6,3128.2,129,3,3128.3,78,1
2031,2026-06-16 11:50:04+05:30,3127.0,100,3130.04,1842352,131729.0,211369.0,3163.0,3163.0,3108.0,3134.3,31922600,3447.7,2820.9,3839.9,2896.0,3127.0,16,1,3126.7,24,1,3126.6,58,2,3126.5,98,3,3126.4,89,5,3127.6,235,5,3127.9,19,1,3128.0,1294,6,3128.2,129,3,3128.3,78,1
2031,2026-06-16 11:50:04+05:30,3127.0,100,3130.04,1842352,131771.0,211374.0,3163.0,3163.0,3108.0,3134.3,31922600,3447.7,2820.9,3839.9,2896.0,3127.0,16,1,3126.7,43,2,3126.6,58,2,3126.5,140,4,3126.4,89,5,3127.6,235,5,3128.0,1294,6,3128.1,19,1,3128.2,129,3,3128.3,78,1
2031,2026-06-16 11:50:05+05:30,3127.0,100,3130.04,1842352,131771.0,211374.0,3163.0,3163.0,3108.0,3134.3,31922600,3447.7,2820.9,3839.9,2896.0,3127.0,16,1,3126.7,43,2,3126.6,58,2,3126.5,140,4,3126.4,89,5,3127.6,235,5,3128.0,1294,6,3128.1,19,1,3128.2,129,3,3128.3,78,1
2031,2026-06-16 11:50:05+05:30,3127.6,1,3130.04,1842352,131771.0,211374.0,3163.0,3163.0,3108.0,3134.3,31922600,3447.7,2820.9,3839.9,2896.0,3127.0,6,1,3126.7,34,2,3126.6,58,2,3126.5,98,3,3126.4,88,4,3127.6,234,5,3128.0,1294,6,3128.1,19,1,3128.2,129,3,3128.3,78,1
2031,2026-06-16 11:50:05+05:30,3127.6,1,3130.04,1842363,131678.0,211578.0,3163.0,3163.0,3108.0,3134.3,31922600,3447.7,2820.9,3839.9,2896.0,3127.0,6,1,3126.7,34,2,3126.6,58,2,3126.5,98,3,3126.4,88,4,3127.6,234,5,3128.0,1294,6,3128.1,19,1,3128.2,129,3,3128.3,78,1
2031,2026-06-16 11:50:06+05:30,3127.6,1,3130.04,1842363,131678.0,211578.0,3163.0,3163.0,3108.0,3134.3,31922600,3447.7,2820.9,3839.9,2896.0,3127.0,6,1,3126.7,34,2,3126.6,58,2,3126.5,98,3,3126.4,88,4,3127.6,234,5,3128.0,1294,6,3128.1,19,1,3128.2,129,3,3128.3,78,1
2031,2026-06-16 11:50:06+05:30,3127.6,1,3130.04,1842363,131678.0,211578.0,3163.0,3163.0,3108.0,3134.3,31922600,3447.7,2820.9,3839.9,2896.0,3127.0,6,1,3126.7,34,2,3126.6,58,2,3126.5,98,3,3126.4,88,4,3127.6,234,5,3128.0,1294,6,3128.1,19,1,3128.2,129,3,3128.3,78,1
2031,2026-06-16 11:50:07+05:30,3127.6,1,3130.04,1842489,131617.0,211491.0,3163.0,3163.0,3108.0,3134.3,31922600,3447.7,2820.9,3839.9,2896.0,3127.0,34,4,3126.9,18,1,3126.8,47,2,3126.7,53,4,3126.6,127,5,3127.6,108,4,3128.0,1257,6,3128.2,80,2,3128.4,99,2,3128.5,60,1
2031,2026-06-16 11:50:07+05:30,3127.6,1,3130.04,1842489,131617.0,211491.0,3163.0,3163.0,3108.0,3134.3,31922800,3447.7,2820.9,3839.9,2896.0,3127.0,34,4,3126.9,18,1,3126.8,47,2,3126.7,53,4,3126.6,127,5,3127.6,108,4,3128.0,1257,6,3128.2,80,2,3128.4,99,2,3128.5,60,1
2031,2026-06-16 11:50:08+05:30,3127.6,1,3130.04,1842489,131778.0,211499.0,3163.0,3163.0,3108.0,3134.3,31922800,3447.7,2820.9,3839.9,2896.0,3127.0,34,4,3126.9,18,1,3126.8,47,2,3126.7,53,4,3126.6,127,5,3127.6,108,4,3128.0,1257,6,3128.2,80,2,3128.4,21,1,3128.5,60,1
2031,2026-06-16 11:50:08+05:30,3127.6,5,3130.04,1842489,131778.0,211499.0,3163.0,3163.0,3108.0,3134.3,31922800,3447.7,2820.9,3839.9,2896.0,3127.0,34,4,3126.9,18,1,3126.8,47,2,3126.7,53,4,3126.6,127,5,3127.6,108,4,3128.0,1257,6,3128.2,80,2,3128.4,21,1,3128.5,60,1
2031,2026-06-16 11:50:09+05:30,3127.6,5,3130.04,1842494,131826.0,211483.0,3163.0,3163.0,3108.0,3134.3,31922800,3447.7,2820.9,3839.9,2896.0,3127.1,13,1,3127.0,91,7,3126.9,18,1,3126.8,47,2,3126.7,53,4,3127.6,109,5,3128.0,1236,5,3128.2,80,2,3128.4,21,1,3128.5,60,1
2031,2026-06-16 11:50:10+05:30,3127.6,5,3130.04,1842494,131897.0,211491.0,3163.0,3163.0,3108.0,3134.3,31922800,3447.7,2820.9,3839.9,2896.0,3127.0,88,6,3126.9,18,1,3126.8,47,2,3126.7,53,4,3126.6,137,5,3127.6,109,5,3128.0,1236,5,3128.2,80,2,3128.4,21,1,3128.5,60,1
2031,2026-06-16 11:50:11+05:30,3127.6,5,3130.04,1842494,131896.0,211722.0,3163.0,3163.0,3108.0,3134.3,31922800,3447.7,2820.9,3839.9,2896.0,3127.1,16,1,3127.0,71,5,3126.9,18,1,3126.8,47,2,3126.7,53,4,3127.6,109,5,3128.0,1236,5,3128.2,80,2,3128.4,21,1,3128.5,60,1
2031,2026-06-16 11:50:11+05:30,3127.6,5,3130.04,1842494,131896.0,211722.0,3163.0,3163.0,3108.0,3134.3,31922800,3447.7,2820.9,3839.9,2896.0,3127.1,16,1,3127.0,71,5,3126.9,18,1,3126.8,47,2,3126.7,53,4,3127.6,109,5,3128.0,1236,5,3128.2,80,2,3128.4,21,1,3128.5,60,1
2031,2026-06-16 11:50:12+05:30,3127.6,1,3130.04,1842512,132006.0,211093.0,3163.0,3163.0,3108.0,3134.3,31922800,3447.7,2820.9,3839.9,2896.0,3127.3,17,1,3127.0,83,5,3126.9,18,1,3126.8,47,2,3126.7,53,4,3127.6,91,5,3128.0,1236,5,3128.2,58,1,3128.4,40,2,3128.5,60,1
2031,2026-06-16 11:50:12+05:30,3127.6,1,3130.04,1842512,132006.0,211093.0,3163.0,3163.0,3108.0,3134.3,31922800,3447.7,2820.9,3839.9,2896.0,3127.3,17,1,3127.0,83,5,3126.9,18,1,3126.8,47,2,3126.7,53,4,3127.6,91,5,3128.0,1236,5,3128.2,58,1,3128.4,40,2,3128.5,60,1
2031,2026-06-16 11:50:13+05:30,3127.6,1,3130.04,1842512,132006.0,211498.0,3163.0,3163.0,3108.0,3134.3,31922800,3447.7,2820.9,3839.9,2896.0,3127.3,17,1,3127.0,83,5,3126.9,18,1,3126.8,47,2,3126.7,53,4,3127.6,91,5,3128.0,1236,5,3128.2,58,1,3128.4,40,2,3128.5,60,1
2031,2026-06-16 11:50:14+05:30,3127.6,1,3130.04,1842525,132021.0,211448.0,3163.0,3163.0,3108.0,3134.3,31922800,3447.7,2820.9,3839.9,2896.0,3127.4,16,1,3127.0,99,6,3126.9,18,1,3126.8,47,2,3126.7,111,5,3127.6,90,5,3128.0,1236,5,3128.2,58,1,3128.3,19,1,3128.4,21,1
2031,2026-06-16 11:50:14+05:30,3127.6,1,3130.04,1842525,132021.0,211448.0,3163.0,3163.0,3108.0,3134.3,31922800,3447.7,2820.9,3839.9,2896.0,3127.4,16,1,3127.0,99,6,3126.9,18,1,3126.8,47,2,3126.7,111,5,3127.6,90,5,3128.0,1236,5,3128.2,58,1,3128.3,19,1,3128.4,21,1
2031,2026-06-16 11:50:15+05:30,3127.6,1,3130.04,1842525,132082.0,210200.0,3163.0,3163.0,3108.0,3134.3,31922800,3447.7,2820.9,3839.9,2896.0,3127.5,2,2,3127.4,47,3,3127.3,19,1,3127.0,92,5,3126.9,34,2,3127.6,90,5,3128.0,1236,5,3128.2,58,1,3128.4,21,1,3128.5,60,1
2031,2026-06-16 11:50:15+05:30,3127.6,50,3130.04,1842525,132082.0,210200.0,3163.0,3163.0,3108.0,3134.3,31922800,3447.7,2820.9,3839.9,2896.0,3127.5,2,2,3127.4,47,3,3127.3,19,1,3127.0,92,5,3126.9,34,2,3127.6,90,5,3128.0,1236,5,3128.2,58,1,3128.4,21,1,3128.5,60,1
2031,2026-06-16 11:50:16+05:30,3128.0,39,3130.03,1842746,132447.0,211351.0,3163.0,3163.0,3108.0,3134.3,31922800,3447.7,2820.9,3839.9,2896.0,3127.5,34,7,3127.4,33,3,3127.3,36,2,3127.2,68,3,3127.1,77,2,3128.0,1158,5,3128.1,146,2,3128.6,15,1,3128.7,60,1,3128.8,200,2
2031,2026-06-16 11:50:16+05:30,3128.0,39,3130.03,1842746,132447.0,211351.0,3163.0,3163.0,3108.0,3134.3,31922800,3447.7,2820.9,3839.9,2896.0,3127.5,34,7,3127.4,33,3,3127.3,36,2,3127.2,68,3,3127.1,77,2,3128.0,1158,5,3128.1,146,2,3128.6,15,1,3128.7,60,1,3128.8,200,2
2031,2026-06-16 11:50:17+05:30,3128.0,1,3130.03,1842786,132579.0,211348.0,3163.0,3163.0,3108.0,3134.3,31922800,3447.7,2820.9,3839.9,2896.0,3127.5,90,6,3127.4,17,2,3127.3,18,1,3127.2,68,3,3127.1,77,2,3128.0,1119,6,3128.1,146,2,3128.6,15,1,3128.7,60,1,3128.8,200,2
2031,2026-06-16 11:50:17+05:30,3128.0,1,3130.03,1842786,132579.0,211348.0,3163.0,3163.0,3108.0,3134.3,31922800,3447.7,2820.9,3839.9,2896.0,3127.5,90,6,3127.4,17,2,3127.3,18,1,3127.2,68,3,3127.1,77,2,3128.0,1119,6,3128.1,146,2,3128.6,15,1,3128.7,60,1,3128.8,200,2
2031,2026-06-16 11:50:18+05:30,3127.9,38,3130.03,1842786,132579.0,211348.0,3163.0,3163.0,3108.0,3134.3,31922800,3447.7,2820.9,3839.9,2896.0,3127.5,90,6,3127.4,17,2,3127.3,18,1,3127.2,68,3,3127.1,77,2,3128.0,1119,6,3128.1,146,2,3128.6,15,1,3128.7,60,1,3128.8,200,2
2031,2026-06-16 11:50:18+05:30,3127.9,38,3130.03,1843065,132568.0,211341.0,3163.0,3163.0,3108.0,3134.3,31922800,3447.7,2820.9,3839.9,2896.0,3127.5,101,4,3127.4,1,1,3127.3,30,1,3127.2,19,1,3127.1,8,1,3127.9,25,1,3128.0,1173,8,3128.1,84,2,3128.6,15,1,3128.7,79,2
2031,2026-06-16 11:50:19+05:30,3128.0,5,3130.03,1843065,132568.0,211341.0,3163.0,3163.0,3108.0,3134.3,31922800,3447.7,2820.9,3839.9,2896.0,3127.5,101,4,3127.4,1,1,3127.3,30,1,3127.2,19,1,3127.1,8,1,3127.9,25,1,3128.0,1173,8,3128.1,84,2,3128.6,15,1,3128.7,79,2
2031,2026-06-16 11:50:19+05:30,3128.0,5,3130.03,1844263,132413.0,208906.0,3163.0,3163.0,3108.0,3134.3,31922800,3447.7,2820.9,3839.9,2896.0,3127.6,13,1,3127.5,111,5,3127.4,34,3,3127.3,16,1,3127.2,109,3,3127.9,38,1,3128.0,1323,3,3128.1,84,2,3128.6,15,1,3128.8,21,1
2031,2026-06-16 11:50:20+05:30,3128.0,1,3130.03,1844263,132413.0,208906.0,3163.0,3163.0,3108.0,3134.3,31922800,3447.7,2820.9,3839.9,2896.0,3127.6,13,1,3127.5,111,5,3127.4,34,3,3127.3,16,1,3127.2,109,3,3127.9,38,1,3128.0,1323,3,3128.1,84,2,3128.6,15,1,3128.8,21,1
2031,2026-06-16 11:50:20+05:30,3128.0,1,3130.03,1844302,132880.0,209421.0,3163.0,3163.0,3108.0,3134.3,31922800,3447.7,2820.9,3839.9,2896.0,3127.7,2,2,3127.6,154,4,3127.5,139,3,3127.4,49,4,3127.3,69,2,3128.0,1322,3,3128.1,84,2,3128.6,15,1,3128.8,58,1,3128.9,370,1
2031,2026-06-16 11:50:21+05:30,3128.0,4,3130.03,1844302,132880.0,209421.0,3163.0,3163.0,3108.0,3134.3,31922800,3447.7,2820.9,3839.9,2896.0,3127.7,2,2,3127.6,154,4,3127.5,139,3,3127.4,49,4,3127.3,69,2,3128.0,1322,3,3128.1,84,2,3128.6,15,1,3128.8,58,1,3128.9,370,1
2031,2026-06-16 11:50:22+05:30,3128.0,4,3130.03,1844552,132587.0,209621.0,3163.0,3163.0,3108.0,3134.3,31922800,3447.7,2820.9,3839.9,2896.0,3127.6,17,1,3127.5,85,2,3127.4,1,1,3127.3,46,2,3127.2,95,3,3127.9,12,1,3128.0,1325,4,3128.1,84,2,3128.6,15,1,3128.8,176,4
2031,2026-06-16 11:50:22+05:30,3128.0,1,3130.03,1844552,132587.0,209621.0,3163.0,3163.0,3108.0,3134.3,31922800,3447.7,2820.9,3839.9,2896.0,3127.6,17,1,3127.5,85,2,3127.4,1,1,3127.3,46,2,3127.2,95,3,3127.9,12,1,3128.0,1325,4,3128.1,84,2,3128.6,15,1,3128.8,176,4
2031,2026-06-16 11:50:23+05:30,3128.0,1,3130.03,1844794,132562.0,210398.0,3163.0,3163.0,3108.0,3134.3,31922800,3447.7,2820.9,3839.9,2896.0,3127.6,39,1,3127.5,78,3,3127.4,17,2,3127.3,18,1,3127.2,49,2,3128.0,1308,4,3128.1,17,1,3128.5,58,1,3128.6,15,1,3128.7,478,3
2031,2026-06-16 11:50:23+05:30,3128.0,39,3130.03,1844794,132562.0,210398.0,3163.0,3163.0,3108.0,3134.3,31922800,3447.7,2820.9,3839.9,2896.0,3127.6,39,1,3127.5,78,3,3127.4,17,2,3127.3,18,1,3127.2,49,2,3128.0,1308,4,3128.1,17,1,3128.5,58,1,3128.6,15,1,3128.7,478,3
2031,2026-06-16 11:50:24+05:30,3128.0,39,3130.03,1844872,132559.0,210371.0,3163.0,3163.0,3108.0,3134.3,31922800,3447.7,2820.9,3839.9,2896.0,3127.6,39,1,3127.5,48,2,3127.4,17,2,3127.3,18,1,3127.1,63,2,3128.0,1232,5,3128.1,17,1,3128.6,15,1,3128.7,497,4,3128.8,84,3
2031,2026-06-16 11:50:24+05:30,3127.4,39,3130.03,1844872,132559.0,210371.0,3163.0,3163.0,3108.0,3134.3,31922800,3447.7,2820.9,3839.9,2896.0,3127.6,39,1,3127.5,48,2,3127.4,17,2,3127.3,18,1,3127.1,63,2,3128.0,1232,5,3128.1,17,1,3128.6,15,1,3128.7,497,4,3128.8,84,3
2031,2026-06-16 11:50:25+05:30,3127.4,39,3130.03,1845007,130321.0,212396.0,3163.0,3163.0,3108.0,3134.3,31922800,3447.7,2820.9,3839.9,2896.0,3126.5,85,4,3126.4,37,2,3126.3,53,3,3126.2,256,7,3126.1,153,7,3127.3,113,1,3127.4,165,2,3127.9,30,1,3128.0,1240,4,3128.2,149,3
2031,2026-06-16 11:50:25+05:30,3127.2,27,3130.03,1845007,130321.0,212396.0,3163.0,3163.0,3108.0,3134.3,31922800,3447.7,2820.9,3839.9,2896.0,3126.5,85,4,3126.4,37,2,3126.3,53,3,3126.2,256,7,3126.1,153,7,3127.3,113,1,3127.4,165,2,3127.9,30,1,3128.0,1240,4,3128.2,149,3
2031,2026-06-16 11:50:26+05:30,3126.4,23,3130.03,1845160,130226.0,212558.0,3163.0,3163.0,3108.0,3134.3,31922800,3447.7,2820.9,3839.9,2896.0,3126.5,14,1,3126.4,35,2,3126.3,34,2,3126.2,91,4,3126.1,133,7,3127.0,125,1,3127.9,40,2,3128.0,1520,5,3128.1,278,2,3128.2,71,2
2031,2026-06-16 11:50:26+05:30,3127.0,39,3130.03,1845160,130226.0,212558.0,3163.0,3163.0,3108.0,3134.3,31922800,3447.7,2820.9,3839.9,2896.0,3126.5,14,1,3126.4,35,2,3126.3,34,2,3126.2,91,4,3126.1,133,7,3127.0,125,1,3127.9,40,2,3128.0,1520,5,3128.1,278,2,3128.2,71,2
2031,2026-06-16 11:50:27+05:30,3127.0,39,3130.03,1845238,129938.0,212701.0,3163.0,3163.0,3108.0,3134.3,31922800,3447.7,2820.9,3839.9,2896.0,3126.5,14,1,3126.4,100,6,3126.3,34,2,3126.2,217,8,3126.1,74,5,3127.0,47,1,3127.9,40,2,3128.0,1520,5,3128.1,78,1,3128.2,471,4
2031,2026-06-16 11:50:27+05:30,3127.0,39,3130.03,1845238,129938.0,212701.0,3163.0,3163.0,3108.0,3134.3,31922800,3447.7,2820.9,3839.9,2896.0,3126.5,14,1,3126.4,100,6,3126.3,34,2,3126.2,217,8,3126.1,74,5,3127.0,47,1,3127.9,40,2,3128.0,1520,5,3128.1,78,1,3128.2,471,4
2031,2026-06-16 11:50:28+05:30,3127.0,1,3130.03,1845278,129673.0,212669.0,3163.0,3163.0,3108.0,3134.3,31922800,3447.7,2820.9,3839.9,2896.0,3126.5,14,1,3126.4,84,5,3126.3,49,3,3126.2,124,6,3126.1,57,4,3127.0,7,1,3127.9,40,2,3128.0,1520,5,3128.1,78,1,3128.2,471,4
2031,2026-06-16 11:50:28+05:30,3127.0,32,3130.03,1845278,129673.0,212669.0,3163.0,3163.0,3108.0,3134.3,31922800,3447.7,2820.9,3839.9,2896.0,3126.5,14,1,3126.4,84,5,3126.3,49,3,3126.2,124,6,3126.1,57,4,3127.0,7,1,3127.9,40,2,3128.0,1520,5,3128.1,78,1,3128.2,471,4
2031,2026-06-16 11:50:29+05:30,3127.0,37,3130.03,1845356,129941.0,212540.0,3163.0,3163.0,3108.0,3134.3,31922800,3447.7,2820.9,3839.9,2896.0,3126.5,14,1,3126.4,99,6,3126.3,34,2,3126.2,124,6,3126.1,95,6,3127.0,1,1,3127.9,40,2,3128.0,1520,5,3128.2,20,1,3128.3,258,2
2031,2026-06-16 11:50:29+05:30,3127.9,8,3130.03,1845356,129941.0,212540.0,3163.0,3163.0,3108.0,3134.3,31922800,3447.7,2820.9,3839.9,2896.0,3126.5,14,1,3126.4,99,6,3126.3,34,2,3126.2,124,6,3126.1,95,6,3127.0,1,1,3127.9,40,2,3128.0,1520,5,3128.2,20,1,3128.3,258,2
2031,2026-06-16 11:50:30+05:30,3127.9,8,3130.03,1845395,131018.0,212746.0,3163.0,3163.0,3108.0,3134.3,31922800,3447.7,2820.9,3839.9,2896.0,3126.7,51,6,3126.6,133,5,3126.5,80,6,3126.4,41,4,3126.3,105,5,3127.0,1,1,3127.9,13,2,3128.0,1442,3,3128.2,21,1,3128.3,58,1
2031,2026-06-16 11:50:30+05:30,3128.0,39,3130.03,1845395,131018.0,212746.0,3163.0,3163.0,3108.0,3134.3,31922800,3447.7,2820.9,3839.9,2896.0,3126.7,51,6,3126.6,133,5,3126.5,80,6,3126.4,41,4,3126.3,105,5,3127.0,1,1,3127.9,13,2,3128.0,1442,3,3128.2,21,1,3128.3,58,1
2031,2026-06-16 11:50:31+05:30,3128.0,39,3130.03,1845436,132300.0,211588.0,3163.0,3163.0,3108.0,3134.3,31922800,3447.7,2820.9,3839.9,2896.0,3127.0,128,4,3126.9,80,6,3126.8,88,3,3126.7,37,4,3126.6,95,5,3128.0,1403,3,3128.3,58,1,3128.5,219,2,3128.6,273,3,3128.8,162,4
2031,2026-06-16 11:50:31+05:30,3127.0,1,3130.03,1845436,132300.0,211588.0,3163.0,3163.0,3108.0,3134.3,31922800,3447.7,2820.9,3839.9,2896.0,3127.0,128,4,3126.9,80,6,3126.8,88,3,3126.7,37,4,3126.6,95,5,3128.0,1403,3,3128.3,58,1,3128.5,219,2,3128.6,273,3,3128.8,162,4
2031,2026-06-16 11:50:32+05:30,3128.0,39,3130.03,1845527,132376.0,209658.0,3163.0,3163.0,3108.0,3134.3,31922800,3447.7,2820.9,3839.9,2896.0,3127.0,155,7,3126.9,80,6,3126.8,89,4,3126.7,87,5,3126.6,78,4,3128.0,1413,4,3128.3,58,1,3128.5,19,1,3128.6,473,4,3128.7,78,1
2031,2026-06-16 11:50:32+05:30,3128.0,39,3130.03,1845527,132376.0,209658.0,3163.0,3163.0,3108.0,3134.3,31922800,3447.7,2820.9,3839.9,2896.0,3127.0,155,7,3126.9,80,6,3126.8,89,4,3126.7,87,5,3126.6,78,4,3128.0,1413,4,3128.3,58,1,3128.5,19,1,3128.6,473,4,3128.7,78,1
2031,2026-06-16 11:50:33+05:30,3128.0,39,3130.03,1845566,132465.0,211709.0,3163.0,3163.0,3108.0,3134.3,31922800,3447.7,2820.9,3839.9,2896.0,3127.1,16,1,3127.0,119,4,3126.9,63,5,3126.8,89,4,3126.7,37,4,3128.0,1468,6,3128.3,58,1,3128.5,19,1,3128.6,473,4,3128.7,78,1
2031,2026-06-16 11:50:33+05:30,3128.0,22,3130.03,1845566,132465.0,211709.0,3163.0,3163.0,3108.0,3134.3,31922800,3447.7,2820.9,3839.9,2896.0,3127.1,16,1,3127.0,119,4,3126.9,63,5,3126.8,89,4,3126.7,37,4,3128.0,1468,6,3128.3,58,1,3128.5,19,1,3128.6,473,4,3128.7,78,1
2031,2026-06-16 11:50:34+05:30,3128.0,1,3130.03,1845590,132809.0,211550.0,3163.0,3163.0,3108.0,3134.3,31922800,3447.7,2820.9,3839.9,2896.0,3127.6,15,1,3127.4,1,1,3127.1,1,1,3127.0,134,5,3126.9,26,5,3128.0,1444,6,3128.3,58,1,3128.5,19,1,3128.6,473,4,3128.8,162,4
2031,2026-06-16 11:50:34+05:30,3128.0,1,3130.03,1845590,132809.0,211550.0,3163.0,3163.0,3108.0,3134.3,31922800,3447.7,2820.9,3839.9,2896.0,3127.6,15,1,3127.4,1,1,3127.1,1,1,3127.0,134,5,3126.9,26,5,3128.0,1444,6,3128.3,58,1,3128.5,19,1,3128.6,473,4,3128.8,162,4
2031,2026-06-16 11:50:35+05:30,3128.0,1,3130.03,1845590,132657.0,211721.0,3163.0,3163.0,3108.0,3134.3,31922800,3447.7,2820.9,3839.9,2896.0,3127.8,2,2,3127.6,16,2,3127.4,1,1,3127.1,18,2,3127.0,149,5,3128.0,1444,6,3128.3,58,1,3128.5,19,1,3128.6,473,4,3128.8,162,4
2031,2026-06-16 11:50:35+05:30,3128.0,170,3130.03,1845590,132657.0,211721.0,3163.0,3163.0,3108.0,3134.3,31922800,3447.7,2820.9,3839.9,2896.0,3127.8,2,2,3127.6,16,2,3127.4,1,1,3127.1,18,2,3127.0,149,5,3128.0,1444,6,3128.3,58,1,3128.5,19,1,3128.6,473,4,3128.8,162,4
2031,2026-06-16 11:50:36+05:30,3128.0,170,3130.03,1845762,132661.0,210910.0,3163.0,3163.0,3108.0,3134.3,31922800,3447.7,2820.9,3839.9,2896.0,3127.8,2,2,3127.6,16,2,3127.4,31,2,3127.1,86,3,3127.0,119,4,3128.0,1272,6,3128.5,19,1,3128.6,273,3,3128.8,63,2,3128.9,621,3
2031,2026-06-16 11:50:37+05:30,3128.0,170,3130.03,1845762,132552.0,210653.0,3163.0,3163.0,3108.0,3134.3,31922800,3447.7,2820.9,3839.9,2896.0,3127.9,17,1,3127.8,2,2,3127.6,1,1,3127.4,1,1,3127.2,40,2,3128.0,1272,6,3128.5,19,1,3128.6,73,2,3128.8,141,3,3128.9,421,2
2031,2026-06-16 11:50:38+05:30,3128.0,1,3130.03,1845906,132439.0,210717.0,3163.0,3163.0,3108.0,3134.3,31922800,3447.7,2820.9,3839.9,2896.0,3127.9,5,2,3127.8,2,2,3127.7,30,1,3127.6,1,1,3127.4,16,2,3128.0,1128,6,3128.6,73,2,3128.8,82,3,3128.9,370,1,3129.0,306,4
2031,2026-06-16 11:50:38+05:30,3128.0,1,3130.03,1845906,132439.0,210717.0,3163.0,3163.0,3108.0,3134.3,31922800,3447.7,2820.9,3839.9,2896.0,3127.9,5,2,3127.8,2,2,3127.7,30,1,3127.6,1,1,3127.4,16,2,3128.0,1128,6,3128.6,73,2,3128.8,82,3,3128.9,370,1,3129.0,306,4
2031,2026-06-16 11:50:39+05:30,3128.0,1,3130.03,1845907,132182.0,210738.0,3163.0,3163.0,3108.0,3134.3,31922800,3447.7,2820.9,3839.9,2896.0,3127.9,5,2,3127.8,2,2,3127.6,18,2,3127.4,1,1,3127.3,15,1,3128.0,1127,6,3128.6,73,2,3128.7,19,1,3128.8,141,3,3128.9,370,1
2031,2026-06-16 11:50:40+05:30,3128.0,8,3130.03,1845915,132388.0,210756.0,3163.0,3163.0,3108.0,3134.3,31922800,3447.7,2820.9,3839.9,2896.0,3127.9,24,5,3127.6,1,1,3127.5,14,1,3127.4,1,1,3127.3,41,2,3128.0,1219,7,3128.5,19,1,3128.6,73,2,3128.7,78,1,3128.8,63,2
2031,2026-06-16 11:50:40+05:30,3127.9,9,3130.03,1845915,132388.0,210756.0,3163.0,3163.0,3108.0,3134.3,31922800,3447.7,2820.9,3839.9,2896.0,3127.9,24,5,3127.6,1,1,3127.5,14,1,3127.4,1,1,3127.3,41,2,3128.0,1219,7,3128.5,19,1,3128.6,73,2,3128.7,78,1,3128.8,63,2
2031,2026-06-16 11:50:41+05:30,3127.9,9,3130.03,1846065,132425.0,210527.0,3163.0,3163.0,3108.0,3134.3,31922800,3447.7,2820.9,3839.9,2896.0,3127.9,53,4,3127.6,1,1,3127.5,14,1,3127.4,1,1,3127.3,18,1,3128.0,1257,8,3128.6,73,2,3128.7,19,1,3128.8,63,2,3128.9,467,3
2031,2026-06-16 11:50:42+05:30,3127.9,9,3130.03,1846065,132506.0,210527.0,3163.0,3163.0,3108.0,3134.3,31922800,3447.7,2820.9,3839.9,2896.0,3127.9,53,4,3127.7,15,1,3127.6,1,1,3127.5,29,1,3127.4,1,1,3128.0,1257,8,3128.6,73,2,3128.8,58,1,3128.9,370,1,3129.0,359,5
2031,2026-06-16 11:50:43+05:30,3127.9,9,3130.03,1846065,133272.0,210521.0,3163.0,3163.0,3108.0,3134.3,31922800,3447.7,2820.9,3839.9,2896.0,3127.9,53,4,3127.7,15,1,3127.6,1,1,3127.5,29,1,3127.4,1,1,3128.0,1257,8,3128.6,73,2,3128.8,58,1,3128.9,370,1,3129.0,359,5
2031,2026-06-16 11:50:44+05:30,3128.0,1,3130.03,1846065,133272.0,210521.0,3163.0,3163.0,3108.0,3134.3,31922800,3447.7,2820.9,3839.9,2896.0,3127.9,53,4,3127.7,15,1,3127.6,1,1,3127.5,29,1,3127.4,1,1,3128.0,1257,8,3128.6,73,2,3128.8,58,1,3128.9,370,1,3129.0,359,5
2031,2026-06-16 11:50:45+05:30,3128.0,1,3130.03,1846068,133699.0,209851.0,3163.0,3163.0,3108.0,3134.3,31922800,3447.7,2820.9,3839.9,2896.0,3127.9,63,5,3127.7,23,2,3127.6,16,2,3127.5,39,3,3127.4,90,3,3128.0,1254,8,3128.6,73,2,3128.8,58,1,3128.9,370,1,3129.0,228,3
2031,2026-06-16 11:50:45+05:30,3128.0,49,3130.03,1846068,133699.0,209851.0,3163.0,3163.0,3108.0,3134.3,31922800,3447.7,2820.9,3839.9,2896.0,3127.9,63,5,3127.7,23,2,3127.6,16,2,3127.5,39,3,3127.4,90,3,3128.0,1254,8,3128.6,73,2,3128.8,58,1,3128.9,370,1,3129.0,228,3
2031,2026-06-16 11:50:46+05:30,3128.0,49,3130.03,1846323,132678.0,210118.0,3163.0,3163.0,3108.0,3134.3,31922800,3447.7,2820.9,3839.9,2896.0,3127.9,14,1,3127.7,44,2,3127.6,1,1,3127.5,13,1,3127.4,40,3,3128.0,1200,8,3128.6,73,2,3128.8,136,2,3128.9,389,2,3129.0,228,3
2031,2026-06-16 11:50:47+05:30,3128.0,49,3130.03,1846323,132837.0,210319.0,3163.0,3163.0,3108.0,3134.3,31922800,3447.7,2820.9,3839.9,2896.0,3127.9,14,1,3127.7,44,2,3127.6,1,1,3127.5,13,1,3127.4,59,4,3128.0,1226,9,3128.6,73,2,3128.8,58,1,3128.9,370,1,3129.0,247,4
2031,2026-06-16 11:50:48+05:30,3128.0,49,3130.03,1846323,132836.0,210320.0,3163.0,3163.0,3108.0,3134.3,31922800,3447.7,2820.9,3839.9,2896.0,3127.9,14,1,3127.7,44,2,3127.6,1,1,3127.5,13,1,3127.4,59,4,3128.0,1227,10,3128.6,73,2,3128.8,58,1,3128.9,370,1,3129.0,306,4
2031,2026-06-16 11:50:48+05:30,3128.0,49,3130.03,1846323,132836.0,210320.0,3163.0,3163.0,3108.0,3134.3,31922800,3447.7,2820.9,3839.9,2896.0,3127.9,14,1,3127.7,44,2,3127.6,1,1,3127.5,13,1,3127.4,59,4,3128.0,1227,10,3128.6,73,2,3128.8,58,1,3128.9,370,1,3129.0,306,4
2031,2026-06-16 11:50:49+05:30,3128.0,49,3130.03,1846323,132836.0,210320.0,3163.0,3163.0,3108.0,3134.3,31922800,3447.7,2820.9,3839.9,2896.0,3127.9,14,1,3127.7,44,2,3127.6,1,1,3127.5,13,1,3127.4,59,4,3128.0,1227,10,3128.6,73,2,3128.8,58,1,3128.9,370,1,3129.0,306,4
2031,2026-06-16 11:50:49+05:30,3128.0,1,3130.03,1846323,132836.0,210320.0,3163.0,3163.0,3108.0,3134.3,31922800,3447.7,2820.9,3839.9,2896.0,3127.9,14,1,3127.7,44,2,3127.6,1,1,3127.5,13,1,3127.4,59,4,3128.0,1227,10,3128.6,73,2,3128.8,58,1,3128.9,370,1,3129.0,306,4
2031,2026-06-16 11:50:50+05:30,3128.0,1,3130.03,1846324,132702.0,210152.0,3163.0,3163.0,3108.0,3134.3,31922800,3447.7,2820.9,3839.9,2896.0,3127.9,15,2,3127.7,15,1,3127.6,1,1,3127.5,13,1,3127.4,11,2,3128.0,1226,10,3128.6,73,2,3128.8,136,2,3128.9,389,2,3129.0,228,3
2031,2026-06-16 11:50:50+05:30,3128.0,1,3130.03,1846324,132702.0,210152.0,3163.0,3163.0,3108.0,3134.3,31922800,3447.7,2820.9,3839.9,2896.0,3127.9,15,2,3127.7,15,1,3127.6,1,1,3127.5,13,1,3127.4,11,2,3128.0,1226,10,3128.6,73,2,3128.8,136,2,3128.9,389,2,3129.0,228,3
2031,2026-06-16 11:50:50+05:30,3127.9,7,3130.03,1846324,132702.0,210152.0,3163.0,3163.0,3108.0,3134.3,31922800,3447.7,2820.9,3839.9,2896.0,3127.9,15,2,3127.7,15,1,3127.6,1,1,3127.5,13,1,3127.4,11,2,3128.0,1226,10,3128.6,73,2,3128.8,136,2,3128.9,389,2,3129.0,228,3
2031,2026-06-16 11:50:51+05:30,3127.9,7,3130.03,1846362,132792.0,210272.0,3163.0,3163.0,3108.0,3134.3,31922800,3447.7,2820.9,3839.9,2896.0,3127.9,25,3,3127.7,15,1,3127.6,1,1,3127.4,1,1,3127.3,18,1,3128.0,1188,9,3128.4,53,1,3128.5,38,2,3128.6,113,3,3128.7,78,1
2031,2026-06-16 11:50:51+05:30,3128.0,1,3130.03,1846362,132792.0,210272.0,3163.0,3163.0,3108.0,3134.3,31922800,3447.7,2820.9,3839.9,2896.0,3127.9,25,3,3127.7,15,1,3127.6,1,1,3127.4,1,1,3127.3,18,1,3128.0,1188,9,3128.4,53,1,3128.5,38,2,3128.6,113,3,3128.7,78,1
2031,2026-06-16 11:50:52+05:30,3128.0,165,3130.03,1846528,133077.0,209799.0,3163.0,3163.0,3108.0,3134.3,31922800,3447.7,2820.9,3839.9,2896.0,3127.9,3,2,3127.7,15,1,3127.6,1,1,3127.4,1,1,3127.3,18,1,3128.0,1060,10,3128.6,15,1,3128.7,19,1,3128.8,136,2,3128.9,370,1
2031,2026-06-16 11:50:52+05:30,3128.0,170,3130.03,1846528,133077.0,209799.0,3163.0,3163.0,3108.0,3134.3,31922800,3447.7,2820.9,3839.9,2896.0,3127.9,3,2,3127.7,15,1,3127.6,1,1,3127.4,1,1,3127.3,18,1,3128.0,1060,10,3128.6,15,1,3128.7,19,1,3128.8,136,2,3128.9,370,1
2031,2026-06-16 11:50:53+05:30,3128.0,170,3130.03,1846528,133077.0,209799.0,3163.0,3163.0,3108.0,3134.3,31922800,3447.7,2820.9,3839.9,2896.0,3127.9,3,2,3127.7,15,1,3127.6,1,1,3127.4,1,1,3127.3,18,1,3128.0,1060,10,3128.6,15,1,3128.7,19,1,3128.8,136,2,3128.9,370,1
2031,2026-06-16 11:50:53+05:30,3128.0,170,3130.03,1846699,133047.0,209801.0,3163.0,3163.0,3108.0,3134.3,31922800,3447.7,2820.9,3839.9,2896.0,3127.9,3,2,3127.7,15,1,3127.6,1,1,3127.5,6,1,3127.4,1,1,3128.0,940,11,3128.5,72,2,3128.6,73,2,3128.7,78,1,3128.8,111,2
2031,2026-06-16 11:50:54+05:30,3128.0,1,3130.03,1846739,132761.0,209751.0,3163.0,3163.0,3108.0,3134.3,31922800,3447.7,2820.9,3839.9,2896.0,3127.7,15,1,3127.6,1,1,3127.5,6,1,3127.4,1,1,3127.2,17,2,3128.0,939,11,3128.4,58,1,3128.6,170,4,3128.7,72,2,3128.8,58,1
2031,2026-06-16 11:50:54+05:30,3128.0,1,3130.03,1846739,132761.0,209751.0,3163.0,3163.0,3108.0,3134.3,31922800,3447.7,2820.9,3839.9,2896.0,3127.7,15,1,3127.6,1,1,3127.5,6,1,3127.4,1,1,3127.2,17,2,3128.0,939,11,3128.4,58,1,3128.6,170,4,3128.7,72,2,3128.8,58,1
2031,2026-06-16 11:50:55+05:30,3128.0,1,3130.03,1846739,132761.0,209751.0,3163.0,3163.0,3108.0,3134.3,31922800,3447.7,2820.9,3839.9,2896.0,3127.7,15,1,3127.6,1,1,3127.5,6,1,3127.4,1,1,3127.2,17,2,3128.0,939,11,3128.4,58,1,3128.6,170,4,3128.7,72,2,3128.8,58,1
2031,2026-06-16 11:50:55+05:30,3127.7,39,3130.03,1846779,132643.0,209794.0,3163.0,3163.0,3108.0,3134.3,31922800,3447.7,2820.9,3839.9,2896.0,3127.6,1,1,3127.4,1,1,3127.2,10,1,3127.1,1,1,3127.0,101,2,3127.9,10,1,3128.0,938,11,3128.3,19,1,3128.4,77,2,3128.6,264,6
2031,2026-06-16 11:50:55+05:30,3127.9,1,3130.03,1846779,132643.0,209794.0,3163.0,3163.0,3108.0,3134.3,31922800,3447.7,2820.9,3839.9,2896.0,3127.6,1,1,3127.4,1,1,3127.2,10,1,3127.1,1,1,3127.0,101,2,3127.9,10,1,3128.0,938,11,3128.3,19,1,3128.4,77,2,3128.6,264,6
2031,2026-06-16 11:50:56+05:30,3127.6,39,3130.03,1846858,132735.0,209899.0,3163.0,3163.0,3108.0,3134.3,31922800,3447.7,2820.9,3839.9,2896.0,3127.0,98,3,3126.9,11,2,3126.8,66,3,3126.7,77,3,3126.6,20,2,3127.8,1,1,3127.9,46,2,3128.0,938,11,3128.4,58,1,3128.6,112,4
2031,2026-06-16 11:50:56+05:30,3127.0,41,3130.03,1846858,132735.0,209899.0,3163.0,3163.0,3108.0,3134.3,31922800,3447.7,2820.9,3839.9,2896.0,3127.0,98,3,3126.9,11,2,3126.8,66,3,3126.7,77,3,3126.6,20,2,3127.8,1,1,3127.9,46,2,3128.0,938,11,3128.4,58,1,3128.6,112,4
2031,2026-06-16 11:50:57+05:30,3127.0,41,3130.03,1846858,132735.0,209899.0,3163.0,3163.0,3108.0,3134.3,31922800,3447.7,2820.9,3839.9,2896.0,3127.0,98,3,3126.9,11,2,3126.8,66,3,3126.7,77,3,3126.6,20,2,3127.8,1,1,3127.9,46,2,3128.0,938,11,3128.4,58,1,3128.6,112,4
2031,2026-06-16 11:50:57+05:30,3127.0,39,3130.03,1846938,132800.0,210145.0,3163.0,3163.0,3108.0,3134.3,31922800,3447.7,2820.9,3839.9,2896.0,3127.0,8,2,3126.7,20,1,3126.6,49,3,3126.5,92,3,3126.4,84,4,3127.8,31,4,3127.9,56,3,3128.0,848,7,3128.1,67,2,3128.2,49,1
2031,2026-06-16 11:50:57+05:30,3126.7,19,3130.03,1846938,132800.0,210145.0,3163.0,3163.0,3108.0,3134.3,31922800,3447.7,2820.9,3839.9,2896.0,3127.0,8,2,3126.7,20,1,3126.6,49,3,3126.5,92,3,3126.4,84,4,3127.8,31,4,3127.9,56,3,3128.0,848,7,3128.1,67,2,3128.2,49,1
2031,2026-06-16 11:50:58+05:30,3126.7,19,3130.03,1846938,132800.0,210145.0,3163.0,3163.0,3108.0,3134.3,31922800,3447.7,2820.9,3839.9,2896.0,3127.0,8,2,3126.7,20,1,3126.6,49,3,3126.5,92,3,3126.4,84,4,3127.8,31,4,3127.9,56,3,3128.0,848,7,3128.1,67,2,3128.2,49,1
2031,2026-06-16 11:50:58+05:30,3126.7,9,3130.03,1847026,132836.0,210033.0,3163.0,3163.0,3108.0,3134.3,31922800,3447.7,2820.9,3839.9,2896.0,3126.7,17,2,3126.6,46,3,3126.5,126,4,3126.4,68,4,3126.3,272,6,3127.8,30,3,3127.9,47,2,3128.0,848,7,3128.1,86,3,3128.2,49,1
2031,2026-06-16 11:50:58+05:30,3126.7,9,3130.03,1847026,132836.0,210033.0,3163.0,3163.0,3108.0,3134.3,31922800,3447.7,2820.9,3839.9,2896.0,3126.7,17,2,3126.6,46,3,3126.5,126,4,3126.4,68,4,3126.3,272,6,3127.8,30,3,3127.9,47,2,3128.0,848,7,3128.1,86,3,3128.2,49,1
2031,2026-06-16 11:50:59+05:30,3126.6,2,3130.03,1847065,132971.0,210060.0,3163.0,3163.0,3108.0,3134.3,31922800,3447.7,2820.9,3839.9,2896.0,3126.6,57,4,3126.5,139,5,3126.4,50,3,3126.3,72,5,3126.2,387,9,3127.8,64,5,3127.9,37,1,3128.0,848,7,3128.1,86,3,3128.2,49,1
2031,2026-06-16 11:50:59+05:30,3126.6,2,3130.03,1847065,132971.0,210060.0,3163.0,3163.0,3108.0,3134.3,31922800,3447.7,2820.9,3839.9,2896.0,3126.6,57,4,3126.5,139,5,3126.4,50,3,3126.3,72,5,3126.2,387,9,3127.8,64,5,3127.9,37,1,3128.0,848,7,3128.1,86,3,3128.2,49,1
2031,2026-06-16 11:51:00+05:30,3126.6,2,3130.03,1847065,132971.0,210060.0,3163.0,3163.0,3108.0,3134.3,31922800,3447.7,2820.9,3839.9,2896.0,3126.6,57,4,3126.5,139,5,3126.4,50,3,3126.3,72,5,3126.2,387,9,3127.8,64,5,3127.9,37,1,3128.0,848,7,3128.1,86,3,3128.2,49,1
2031,2026-06-16 11:51:00+05:30,3126.6,2,3130.03,1847297,131161.0,211757.0,3163.0,3163.0,3108.0,3134.3,31922800,3447.7,2820.9,3839.9,2896.0,3126.6,14,1,3126.4,5,1,3126.3,68,4,3126.2,4,1,3126.1,226,5,3127.5,16,1,3127.7,33,3,3127.8,186,8,3127.9,115,4,3128.0,979,10
2031,2026-06-16 11:51:00+05:30,3126.6,2,3130.03,1847297,131161.0,211757.0,3163.0,3163.0,3108.0,3134.3,31922800,3447.7,2820.9,3839.9,2896.0,3126.6,14,1,3126.4,5,1,3126.3,68,4,3126.2,4,1,3126.1,226,5,3127.5,16,1,3127.7,33,3,3127.8,186,8,3127.9,115,4,3128.0,979,10
2031,2026-06-16 11:51:01+05:30,3126.6,2,3130.03,1847297,131161.0,211757.0,3163.0,3163.0,3108.0,3134.3,31922800,3447.7,2820.9,3839.9,2896.0,3126.6,14,1,3126.4,5,1,3126.3,68,4,3126.2,4,1,3126.1,226,5,3127.5,16,1,3127.7,33,3,3127.8,186,8,3127.9,115,4,3128.0,979,10
2031,2026-06-16 11:51:01+05:30,3126.4,26,3130.03,1847297,131161.0,211757.0,3163.0,3163.0,3108.0,3134.3,31922800,3447.7,2820.9,3839.9,2896.0,3126.6,14,1,3126.4,5,1,3126.3,68,4,3126.2,4,1,3126.1,226,5,3127.5,16,1,3127.7,33,3,3127.8,186,8,3127.9,115,4,3128.0,979,10
2031,2026-06-16 11:51:02+05:30,3126.4,26,3130.03,1847297,131161.0,211757.0,3163.0,3163.0,3108.0,3134.3,31922800,3447.7,2820.9,3839.9,2896.0,3126.6,14,1,3126.4,5,1,3126.3,68,4,3126.2,4,1,3126.1,226,5,3127.5,16,1,3127.7,33,3,3127.8,186,8,3127.9,115,4,3128.0,979,10
2031,2026-06-16 11:51:02+05:30,3126.4,26,3130.03,1847362,130855.0,211684.0,3163.0,3163.0,3108.0,3134.3,31922800,3447.7,2820.9,3839.9,2896.0,3126.6,6,1,3126.4,5,1,3126.3,18,2,3126.2,33,2,3126.1,131,4,3127.5,42,4,3127.6,49,1,3127.7,42,3,3127.8,53,4,3127.9,168,5
2031,2026-06-16 11:51:02+05:30,3126.4,26,3130.03,1847362,130855.0,211684.0,3163.0,3163.0,3108.0,3134.3,31922800,3447.7,2820.9,3839.9,2896.0,3126.6,6,1,3126.4,5,1,3126.3,18,2,3126.2,33,2,3126.1,131,4,3127.5,42,4,3127.6,49,1,3127.7,42,3,3127.8,53,4,3127.9,168,5
2031,2026-06-16 11:51:02+05:30,3126.3,2,3130.03,1847362,130855.0,211684.0,3163.0,3163.0,3108.0,3134.3,31922800,3447.7,2820.9,3839.9,2896.0,3126.6,6,1,3126.4,5,1,3126.3,18,2,3126.2,33,2,3126.1,131,4,3127.5,42,4,3127.6,49,1,3127.7,42,3,3127.8,53,4,3127.9,168,5
2031,2026-06-16 11:51:03+05:30,3126.3,2,3130.03,1847401,131060.0,211704.0,3163.0,3163.0,3108.0,3134.3,31922800,3447.7,2820.9,3839.9,2896.0,3126.6,3,1,3126.3,16,2,3126.2,33,2,3126.1,35,3,3126.0,958,1,3127.5,62,5,3127.6,49,1,3127.7,66,2,3127.8,40,3,3127.9,115,4
2031,2026-06-16 11:51:03+05:30,3126.3,2,3130.03,1847401,131060.0,211704.0,3163.0,3163.0,3108.0,3134.3,31922800,3447.7,2820.9,3839.9,2896.0,3126.6,3,1,3126.3,16,2,3126.2,33,2,3126.1,35,3,3126.0,958,1,3127.5,62,5,3127.6,49,1,3127.7,66,2,3127.8,40,3,3127.9,115,4
2031,2026-06-16 11:51:03+05:30,3126.6,39,3130.03,1847401,131060.0,211704.0,3163.0,3163.0,3108.0,3134.3,31922800,3447.7,2820.9,3839.9,2896.0,3126.6,3,1,3126.3,16,2,3126.2,33,2,3126.1,35,3,3126.0,958,1,3127.5,62,5,3127.6,49,1,3127.7,66,2,3127.8,40,3,3127.9,115,4
2031,2026-06-16 11:51:04+05:30,3126.6,39,3130.03,1847510,130658.0,211785.0,3163.0,3163.0,3108.0,3134.3,31922800,3447.7,2820.9,3839.9,2896.0,3126.6,17,1,3126.3,5,1,3126.2,52,3,3126.1,67,4,3126.0,977,2,3127.5,62,5,3127.6,49,1,3127.7,13,1,3127.8,40,3,3127.9,168,5
2031,2026-06-16 11:51:04+05:30,3126.6,39,3130.03,1847510,130658.0,211785.0,3163.0,3163.0,3108.0,3134.3,31922800,3447.7,2820.9,3839.9,2896.0,3126.6,17,1,3126.3,5,1,3126.2,52,3,3126.1,67,4,3126.0,977,2,3127.5,62,5,3127.6,49,1,3127.7,13,1,3127.8,40,3,3127.9,168,5
2031,2026-06-16 11:51:04+05:30,3127.5,1,3130.03,1847510,130658.0,211785.0,3163.0,3163.0,3108.0,3134.3,31922800,3447.7,2820.9,3839.9,2896.0,3126.6,17,1,3126.3,5,1,3126.2,52,3,3126.1,67,4,3126.0,977,2,3127.5,62,5,3127.6,49,1,3127.7,13,1,3127.8,40,3,3127.9,168,5
2031,2026-06-16 11:51:05+05:30,3127.5,1,3130.03,1847510,130658.0,211785.0,3163.0,3163.0,3108.0,3134.3,31922800,3447.7,2820.9,3839.9,2896.0,3126.6,17,1,3126.3,5,1,3126.2,52,3,3126.1,67,4,3126.0,977,2,3127.5,62,5,3127.6,49,1,3127.7,13,1,3127.8,40,3,3127.9,168,5
2031,2026-06-16 11:51:05+05:30,3127.5,1,3130.03,1847550,131676.0,211814.0,3163.0,3163.0,3108.0,3134.3,31922800,3447.7,2820.9,3839.9,2896.0,3126.9,1,1,3126.6,17,1,3126.4,43,3,3126.3,64,4,3126.2,4,1,3127.5,55,4,3127.7,13,1,3127.8,40,3,3127.9,96,3,3128.0,798,7
2031,2026-06-16 11:51:05+05:30,3127.5,1,3130.03,1847550,131676.0,211814.0,3163.0,3163.0,3108.0,3134.3,31922800,3447.7,2820.9,3839.9,2896.0,3126.9,1,1,3126.6,17,1,3126.4,43,3,3126.3,64,4,3126.2,4,1,3127.5,55,4,3127.7,13,1,3127.8,40,3,3127.9,96,3,3128.0,798,7
2031,2026-06-16 11:51:05+05:30,3127.5,1,3130.03,1847550,131676.0,211814.0,3163.0,3163.0,3108.0,3134.3,31922800,3447.7,2820.9,3839.9,2896.0,3126.9,1,1,3126.6,17,1,3126.4,43,3,3126.3,64,4,3126.2,4,1,3127.5,55,4,3127.7,13,1,3127.8,40,3,3127.9,96,3,3128.0,798,7
2031,2026-06-16 11:51:06+05:30,3126.6,1,3130.03,1847629,130830.0,211190.0,3163.0,3163.0,3108.0,3134.3,31922800,3447.7,2820.9,3839.9,2896.0,3126.6,16,1,3126.3,84,5,3126.2,72,3,3126.1,49,3,3126.0,1026,5,3127.5,52,4,3127.7,13,1,3127.8,73,3,3127.9,129,5,3128.0,798,7
2031,2026-06-16 11:51:06+05:30,3126.6,1,3130.03,1847629,130830.0,211190.0,3163.0,3163.0,3108.0,3134.3,31922800,3447.7,2820.9,3839.9,2896.0,3126.6,16,1,3126.3,84,5,3126.2,72,3,3126.1,49,3,3126.0,1026,5,3127.5,52,4,3127.7,13,1,3127.8,73,3,3127.9,129,5,3128.0,798,7
2031,2026-06-16 11:51:06+05:30,3126.3,139,3130.03,1847629,130830.0,211190.0,3163.0,3163.0,3108.0,3134.3,31922800,3447.7,2820.9,3839.9,2896.0,3126.6,16,1,3126.3,84,5,3126.2,72,3,3126.1,49,3,3126.0,1026,5,3127.5,52,4,3127.7,13,1,3127.8,73,3,3127.9,129,5,3128.0,798,7
2031,2026-06-16 11:51:07+05:30,3126.3,139,3130.03,1847868,130076.0,211246.0,3163.0,3163.0,3108.0,3134.3,31922800,3447.7,2820.9,3839.9,2896.0,3126.4,27,3,3126.3,33,3,3126.2,62,5,3126.1,115,4,3126.0,1067,7,3127.5,30,2,3127.7,17,1,3127.8,34,3,3127.9,114,3,3128.0,922,10
2031,2026-06-16 11:51:07+05:30,3126.3,139,3130.03,1847868,130076.0,211246.0,3163.0,3163.0,3108.0,3134.3,31922800,3447.7,2820.9,3839.9,2896.0,3126.4,27,3,3126.3,33,3,3126.2,62,5,3126.1,115,4,3126.0,1067,7,3127.5,30,2,3127.7,17,1,3127.8,34,3,3127.9,114,3,3128.0,922,10
2031,2026-06-16 11:51:07+05:30,3126.4,6,3130.03,1847868,130076.0,211246.0,3163.0,3163.0,3108.0,3134.3,31922800,3447.7,2820.9,3839.9,2896.0,3126.4,27,3,3126.3,33,3,3126.2,62,5,3126.1,115,4,3126.0,1067,7,3127.5,30,2,3127.7,17,1,3127.8,34,3,3127.9,114,3,3128.0,922,10
2031,2026-06-16 11:51:08+05:30,3126.4,6,3130.03,1847908,130617.0,211317.0,3163.0,3163.0,3108.0,3134.3,31922800,3447.7,2820.9,3839.9,2896.0,3126.4,6,1,3126.3,143,6,3126.2,89,5,3126.1,84,5,3126.0,1309,11,3127.5,44,3,3127.7,17,1,3127.8,34,3,3127.9,95,2,3128.0,941,11
2031,2026-06-16 11:51:08+05:30,3126.4,6,3130.03,1847908,130617.0,211317.0,3163.0,3163.0,3108.0,3134.3,31920000,3447.7,2820.9,3839.9,2896.0,3126.4,6,1,3126.3,143,6,3126.2,89,5,3126.1,84,5,3126.0,1309,11,3127.5,44,3,3127.7,17,1,3127.8,34,3,3127.9,95,2,3128.0,941,11
2031,2026-06-16 11:51:08+05:30,3126.3,4,3130.03,1847908,130617.0,211317.0,3163.0,3163.0,3108.0,3134.3,31920000,3447.7,2820.9,3839.9,2896.0,3126.4,6,1,3126.3,143,6,3126.2,89,5,3126.1,84,5,3126.0,1309,11,3127.5,44,3,3127.7,17,1,3127.8,34,3,3127.9,95,2,3128.0,941,11
2031,2026-06-16 11:51:09+05:30,3126.3,4,3130.03,1847987,131004.0,211118.0,3163.0,3163.0,3108.0,3134.3,31920000,3447.7,2820.9,3839.9,2896.0,3126.3,62,3,3126.2,85,5,3126.1,113,5,3126.0,1178,13,3125.9,338,5,3127.5,44,3,3127.7,16,1,3127.8,33,2,3127.9,95,2,3128.0,922,10
2031,2026-06-16 11:51:09+05:30,3126.3,39,3130.03,1847987,131004.0,211118.0,3163.0,3163.0,3108.0,3134.3,31920000,3447.7,2820.9,3839.9,2896.0,3126.3,62,3,3126.2,85,5,3126.1,113,5,3126.0,1178,13,3125.9,338,5,3127.5,44,3,3127.7,16,1,3127.8,33,2,3127.9,95,2,3128.0,922,10
2031,2026-06-16 11:51:10+05:30,3126.3,39,3130.03,1848026,130930.0,211192.0,3163.0,3163.0,3108.0,3134.3,31920000,3447.7,2820.9,3839.9,2896.0,3126.3,39,4,3126.2,85,5,3126.1,96,5,3126.0,1106,7,3125.9,338,5,3127.5,98,5,3127.8,33,2,3127.9,354,3,3128.0,642,9,3128.1,48,1
2031,2026-06-16 11:51:10+05:30,3127.4,1,3130.03,1848026,130930.0,211192.0,3163.0,3163.0,3108.0,3134.3,31920000,3447.7,2820.9,3839.9,2896.0,3126.3,39,4,3126.2,85,5,3126.1,96,5,3126.0,1106,7,3125.9,338,5,3127.5,98,5,3127.8,33,2,3127.9,354,3,3128.0,642,9,3128.1,48,1
2031,2026-06-16 11:51:11+05:30,3127.4,1,3130.03,1848107,130806.0,211556.0,3163.0,3163.0,3108.0,3134.3,31920000,3447.7,2820.9,3839.9,2896.0,3126.3,16,1,3126.2,4,1,3126.1,45,3,3126.0,1019,4,3125.9,163,5,3127.4,20,2,3127.5,166,7,3127.6,87,3,3127.8,68,4,3127.9,338,2
2031,2026-06-16 11:51:11+05:30,3126.3,4,3130.03,1848107,130806.0,211556.0,3163.0,3163.0,3108.0,3134.3,31920000,3447.7,2820.9,3839.9,2896.0,3126.3,16,1,3126.2,4,1,3126.1,45,3,3126.0,1019,4,3125.9,163,5,3127.4,20,2,3127.5,166,7,3127.6,87,3,3127.8,68,4,3127.9,338,2
2031,2026-06-16 11:51:12+05:30,3126.3,4,3130.03,1848169,130806.0,211524.0,3163.0,3163.0,3108.0,3134.3,31920000,3447.7,2820.9,3839.9,2896.0,3126.3,14,2,3126.2,4,1,3126.1,43,3,3126.0,990,3,3125.9,163,5,3127.4,19,3,3127.5,136,5,3127.6,87,3,3127.8,58,3,3127.9,390,3
2031,2026-06-16 11:51:13+05:30,3126.3,4,3130.03,1848169,130808.0,211304.0,3163.0,3163.0,3108.0,3134.3,31920000,3447.7,2820.9,3839.9,2896.0,3126.3,15,3,3126.2,4,1,3126.1,43,3,3126.0,990,3,3125.9,163,5,3127.4,22,4,3127.5,136,5,3127.6,87,3,3127.8,58,3,3127.9,390,3
2031,2026-06-16 11:51:13+05:30,3126.3,1,3130.03,1848169,130808.0,211304.0,3163.0,3163.0,3108.0,3134.3,31920000,3447.7,2820.9,3839.9,2896.0,3126.3,15,3,3126.2,4,1,3126.1,43,3,3126.0,990,3,3125.9,163,5,3127.4,22,4,3127.5,136,5,3127.6,87,3,3127.8,58,3,3127.9,390,3
2031,2026-06-16 11:51:14+05:30,3126.3,1,3130.03,1848170,131498.0,211455.0,3163.0,3163.0,3108.0,3134.3,31920000,3447.7,2820.9,3839.9,2896.0,3126.6,10,1,3126.3,14,3,3126.2,172,2,3126.1,43,3,3126.0,1022,4,3127.4,27,4,3127.5,117,4,3127.9,428,5,3128.0,623,8,3128.1,48,1
2031,2026-06-16 11:51:15+05:30,3126.3,1,3130.03,1848170,131175.0,211488.0,3163.0,3163.0,3108.0,3134.3,31920000,3447.7,2820.9,3839.9,2896.0,3126.6,10,1,3126.3,15,4,3126.2,34,2,3126.1,13,2,3126.0,969,2,3127.4,45,5,3127.5,68,3,3127.8,15,1,3127.9,477,6,3128.0,623,8
2031,2026-06-16 11:51:15+05:30,3127.4,1,3130.03,1848170,131175.0,211488.0,3163.0,3163.0,3108.0,3134.3,31920000,3447.7,2820.9,3839.9,2896.0,3126.6,10,1,3126.3,15,4,3126.2,34,2,3126.1,13,2,3126.0,969,2,3127.4,45,5,3127.5,68,3,3127.8,15,1,3127.9,477,6,3128.0,623,8
2031,2026-06-16 11:51:15+05:30,3127.4,1,3130.03,1848196,130836.0,209170.0,3163.0,3163.0,3108.0,3134.3,31920000,3447.7,2820.9,3839.9,2896.0,3126.4,13,1,3126.3,20,5,3126.2,72,3,3126.1,254,5,3126.0,1118,5,3127.4,44,4,3127.5,68,3,3127.8,15,1,3127.9,299,2,3128.0,675,9
2031,2026-06-16 11:51:17+05:30,3127.4,1,3130.03,1848196,130895.0,211181.0,3163.0,3163.0,3108.0,3134.3,31920000,3447.7,2820.9,3839.9,2896.0,3126.4,34,3,3126.3,89,6,3126.2,133,4,3126.1,13,2,3126.0,1118,5,3127.4,45,5,3127.5,68,3,3127.8,15,1,3127.9,299,2,3128.0,675,9
2031,2026-06-16 11:51:17+05:30,3127.4,1,3130.03,1848196,130895.0,211181.0,3163.0,3163.0,3108.0,3134.3,31920000,3447.7,2820.9,3839.9,2896.0,3126.4,34,3,3126.3,89,6,3126.2,133,4,3126.1,13,2,3126.0,1118,5,3127.4,45,5,3127.5,68,3,3127.8,15,1,3127.9,299,2,3128.0,675,9
2031,2026-06-16 11:51:18+05:30,3127.4,1,3130.03,1848198,130809.0,211173.0,3163.0,3163.0,3108.0,3134.3,31920000,3447.7,2820.9,3839.9,2896.0,3126.4,99,5,3126.3,30,5,3126.2,101,3,3126.1,34,3,3126.0,1118,5,3127.4,43,5,3127.5,68,3,3127.8,15,1,3127.9,299,2,3128.0,675,9
2031,2026-06-16 11:51:18+05:30,3127.4,15,3130.03,1848198,130809.0,211173.0,3163.0,3163.0,3108.0,3134.3,31920000,3447.7,2820.9,3839.9,2896.0,3126.4,99,5,3126.3,30,5,3126.2,101,3,3126.1,34,3,3126.0,1118,5,3127.4,43,5,3127.5,68,3,3127.8,15,1,3127.9,299,2,3128.0,675,9
2031,2026-06-16 11:51:19+05:30,3127.4,15,3130.03,1848215,130672.0,211234.0,3163.0,3163.0,3108.0,3134.3,31920000,3447.7,2820.9,3839.9,2896.0,3126.4,66,3,3126.3,62,6,3126.2,131,4,3126.1,13,2,3126.0,1109,5,3127.4,324,5,3127.5,68,3,3127.8,20,1,3127.9,33,2,3128.0,672,8
2031,2026-06-16 11:51:19+05:30,3127.4,1,3130.03,1848215,130672.0,211234.0,3163.0,3163.0,3108.0,3134.3,31920000,3447.7,2820.9,3839.9,2896.0,3126.4,66,3,3126.3,62,6,3126.2,131,4,3126.1,13,2,3126.0,1109,5,3127.4,324,5,3127.5,68,3,3127.8,20,1,3127.9,33,2,3128.0,672,8
2031,2026-06-16 11:51:20+05:30,3127.4,1,3130.03,1848216,131396.0,211449.0,3163.0,3163.0,3108.0,3134.3,31920000,3447.7,2820.9,3839.9,2896.0,3126.6,17,1,3126.4,60,3,3126.3,81,5,3126.2,101,3,3126.1,28,3,3127.4,330,6,3127.5,68,3,3127.8,20,1,3127.9,33,2,3128.0,672,8
2031,2026-06-16 11:51:20+05:30,3127.4,14,3130.03,1848216,131396.0,211449.0,3163.0,3163.0,3108.0,3134.3,31920000,3447.7,2820.9,3839.9,2896.0,3126.6,17,1,3126.4,60,3,3126.3,81,5,3126.2,101,3,3126.1,28,3,3127.4,330,6,3127.5,68,3,3127.8,20,1,3127.9,33,2,3128.0,672,8
2031,2026-06-16 11:51:21+05:30,3127.4,14,3130.03,1848236,130725.0,211440.0,3163.0,3163.0,3108.0,3134.3,31920000,3447.7,2820.9,3839.9,2896.0,3126.6,58,2,3126.4,76,4,3126.3,49,4,3126.2,101,3,3126.1,13,2,3127.4,310,5,3127.5,68,3,3127.8,20,1,3127.9,91,3,3128.0,672,8
2031,2026-06-16 11:51:21+05:30,3126.6,13,3130.03,1848236,130725.0,211440.0,3163.0,3163.0,3108.0,3134.3,31920000,3447.7,2820.9,3839.9,2896.0,3126.6,58,2,3126.4,76,4,3126.3,49,4,3126.2,101,3,3126.1,13,2,3127.4,310,5,3127.5,68,3,3127.8,20,1,3127.9,91,3,3128.0,672,8
2031,2026-06-16 11:51:22+05:30,3126.6,13,3130.03,1848293,131582.0,211486.0,3163.0,3163.0,3108.0,3134.3,31920000,3447.7,2820.9,3839.9,2896.0,3126.6,45,2,3126.4,70,3,3126.3,1,1,3126.2,4,1,3126.1,33,3,3127.4,349,6,3127.5,14,1,3127.6,19,1,3127.7,127,3,3127.8,68,2
2031,2026-06-16 11:51:23+05:30,3126.6,13,3130.03,1848293,131689.0,211493.0,3163.0,3163.0,3108.0,3134.3,31920000,3447.7,2820.9,3839.9,2896.0,3126.6,110,3,3126.4,70,3,3126.3,1,1,3126.2,4,1,3126.1,91,4,3127.4,349,6,3127.5,14,1,3127.7,127,3,3127.8,68,2,3127.9,77,2
2031,2026-06-16 11:51:24+05:30,3127.4,1,3130.03,1848294,131650.0,211452.0,3163.0,3163.0,3108.0,3134.3,31920000,3447.7,2820.9,3839.9,2896.0,3126.9,16,1,3126.6,93,2,3126.4,70,3,3126.3,1,1,3126.2,4,1,3127.4,348,6,3127.5,14,1,3127.7,127,3,3127.9,58,1,3128.0,641,9
2031,2026-06-16 11:51:24+05:30,3127.4,1,3130.03,1848294,131650.0,211452.0,3163.0,3163.0,3108.0,3134.3,31920000,3447.7,2820.9,3839.9,2896.0,3126.9,16,1,3126.6,93,2,3126.4,70,3,3126.3,1,1,3126.2,4,1,3127.4,348,6,3127.5,14,1,3127.7,127,3,3127.9,58,1,3128.0,641,9
2031,2026-06-16 11:51:25+05:30,3127.4,1,3130.03,1848294,131804.0,211548.0,3163.0,3163.0,3108.0,3134.3,31920000,3447.7,2820.9,3839.9,2896.0,3127.1,17,1,3126.6,110,3,3126.4,84,3,3126.3,31,2,3126.2,4,1,3127.4,348,6,3127.5,14,1,3127.8,16,1,3127.9,128,3,3128.0,622,8
2031,2026-06-16 11:51:26+05:30,3127.4,1,3130.03,1848294,131864.0,211520.0,3163.0,3163.0,3108.0,3134.3,31920000,3447.7,2820.9,3839.9,2896.0,3127.3,17,1,3126.6,110,3,3126.4,84,3,3126.3,52,3,3126.2,4,1,3127.4,348,6,3127.5,14,1,3127.8,16,1,3127.9,147,4,3128.0,601,7
2031,2026-06-16 11:51:26+05:30,3127.4,1,3130.03,1848294,131864.0,211520.0,3163.0,3163.0,3108.0,3134.3,31920000,3447.7,2820.9,3839.9,2896.0,3127.3,17,1,3126.6,110,3,3126.4,84,3,3126.3,52,3,3126.2,4,1,3127.4,348,6,3127.5,14,1,3127.8,16,1,3127.9,147,4,3128.0,601,7
2031,2026-06-16 11:51:27+05:30,3127.4,1,3130.03,1848461,131696.0,211280.0,3163.0,3163.0,3108.0,3134.3,31920000,3447.7,2820.9,3839.9,2896.0,3127.3,1,1,3126.9,15,1,3126.6,65,1,3126.4,16,1,3126.3,52,3,3127.4,181,6,3127.5,33,2,3127.8,86,3,3127.9,58,1,3128.0,620,8
2031,2026-06-16 11:51:28+05:30,3127.4,1,3130.03,1848461,131639.0,211280.0,3163.0,3163.0,3108.0,3134.3,31920000,3447.7,2820.9,3839.9,2896.0,3127.3,1,1,3126.9,15,1,3126.6,65,1,3126.4,16,1,3126.3,52,3,3127.4,181,6,3127.5,33,2,3127.8,86,3,3127.9,77,2,3128.0,601,7
2031,2026-06-16 11:51:28+05:30,3127.4,17,3130.03,1848461,131639.0,211280.0,3163.0,3163.0,3108.0,3134.3,31920000,3447.7,2820.9,3839.9,2896.0,3127.3,1,1,3126.9,15,1,3126.6,65,1,3126.4,16,1,3126.3,52,3,3127.4,181,6,3127.5,33,2,3127.8,86,3,3127.9,77,2,3128.0,601,7
2031,2026-06-16 11:51:29+05:30,3127.4,17,3130.03,1848642,131848.0,211069.0,3163.0,3163.0,3108.0,3134.3,31920000,3447.7,2820.9,3839.9,2896.0,3127.4,35,2,3127.3,1,1,3126.6,81,2,3126.5,65,3,3126.4,16,1,3127.5,14,1,3127.9,68,2,3128.0,601,7,3128.1,67,2,3128.2,19,1
2031,2026-06-16 11:51:29+05:30,3127.5,4,3130.03,1848642,131848.0,211069.0,3163.0,3163.0,3108.0,3134.3,31920000,3447.7,2820.9,3839.9,2896.0,3127.4,35,2,3127.3,1,1,3126.6,81,2,3126.5,65,3,3126.4,16,1,3127.5,14,1,3127.9,68,2,3128.0,601,7,3128.1,67,2,3128.2,19,1
2031,2026-06-16 11:51:30+05:30,3127.5,4,3130.03,1848706,132034.0,210494.0,3163.0,3163.0,3108.0,3134.3,31920000,3447.7,2820.9,3839.9,2896.0,3127.5,19,3,3127.4,21,2,3127.3,1,1,3126.6,65,1,3126.5,65,3,3127.9,11,2,3128.0,649,7,3128.1,67,2,3128.3,19,1,3128.4,127,3
2031,2026-06-16 11:51:30+05:30,3127.5,2,3130.03,1848706,132034.0,210494.0,3163.0,3163.0,3108.0,3134.3,31920000,3447.7,2820.9,3839.9,2896.0,3127.5,19,3,3127.4,21,2,3127.3,1,1,3126.6,65,1,3126.5,65,3,3127.9,11,2,3128.0,649,7,3128.1,67,2,3128.3,19,1,3128.4,127,3
2031,2026-06-16 11:51:31+05:30,3127.5,2,3130.03,1848907,131762.0,210381.0,3163.0,3163.0,3108.0,3134.3,31920000,3447.7,2820.9,3839.9,2896.0,3127.5,37,2,3127.4,21,2,3127.3,1,1,3126.6,135,4,3126.5,35,2,3127.9,7,1,3128.0,599,6,3128.1,125,3,3128.3,55,2,3128.4,147,4
2031,2026-06-16 11:51:31+05:30,3127.9,1,3130.03,1848907,131762.0,210381.0,3163.0,3163.0,3108.0,3134.3,31920000,3447.7,2820.9,3839.9,2896.0,3127.5,37,2,3127.4,21,2,3127.3,1,1,3126.6,135,4,3126.5,35,2,3127.9,7,1,3128.0,599,6,3128.1,125,3,3128.3,55,2,3128.4,147,4
2031,2026-06-16 11:51:32+05:30,3127.9,1,3130.03,1848908,132647.0,210167.0,3163.0,3163.0,3108.0,3134.3,31920000,3447.7,2820.9,3839.9,2896.0,3127.5,39,3,3127.4,38,3,3127.3,1,1,3126.7,63,1,3126.6,70,3,3127.9,6,1,3128.0,599,6,3128.1,48,1,3128.4,147,4,3128.5,45,1
2031,2026-06-16 11:51:32+05:30,3127.9,4,3130.03,1848908,132647.0,210167.0,3163.0,3163.0,3108.0,3134.3,31920000,3447.7,2820.9,3839.9,2896.0,3127.5,39,3,3127.4,38,3,3127.3,1,1,3126.7,63,1,3126.6,70,3,3127.9,6,1,3128.0,599,6,3128.1,48,1,3128.4,147,4,3128.5,45,1
2031,2026-06-16 11:51:33+05:30,3127.9,4,3130.03,1848929,133103.0,209783.0,3163.0,3163.0,3108.0,3134.3,31920000,3447.7,2820.9,3839.9,2896.0,3127.9,61,1,3127.5,39,3,3127.4,54,4,3127.3,28,2,3127.2,14,1,3128.0,669,7,3128.4,58,1,3128.6,15,1,3128.7,60,2,3128.8,221,2
2031,2026-06-16 11:51:34+05:30,3127.9,4,3130.03,1848929,132884.0,209758.0,3163.0,3163.0,3108.0,3134.3,31920000,3447.7,2820.9,3839.9,2896.0,3127.9,65,2,3127.6,15,1,3127.5,39,3,3127.4,21,2,3127.3,1,1,3128.0,669,7,3128.4,58,1,3128.6,102,4,3128.7,58,1,3128.8,56,3
2031,2026-06-16 11:51:35+05:30,3127.9,4,3130.03,1848929,133731.0,209675.0,3163.0,3163.0,3108.0,3134.3,31920000,3447.7,2820.9,3839.9,2896.0,3127.9,125,5,3127.5,54,4,3127.4,21,2,3127.3,1,1,3127.2,30,1,3128.0,669,7,3128.4,58,1,3128.6,34,2,3128.7,58,1,3128.8,21,1
2031,2026-06-16 11:51:36+05:30,3127.9,4,3130.03,1848929,133731.0,209670.0,3163.0,3163.0,3108.0,3134.3,31920000,3447.7,2820.9,3839.9,2896.0,3127.9,125,5,3127.5,54,4,3127.4,21,2,3127.3,1,1,3127.2,30,1,3128.0,669,7,3128.4,58,1,3128.6,34,2,3128.7,58,1,3128.8,21,1
2031,2026-06-16 11:51:36+05:30,3128.0,61,3130.03,1848929,133731.0,209670.0,3163.0,3163.0,3108.0,3134.3,31920000,3447.7,2820.9,3839.9,2896.0,3127.9,125,5,3127.5,54,4,3127.4,21,2,3127.3,1,1,3127.2,30,1,3128.0,669,7,3128.4,58,1,3128.6,34,2,3128.7,58,1,3128.8,21,1
2031,2026-06-16 11:51:37+05:30,3128.0,61,3130.03,1849007,133911.0,209354.0,3163.0,3163.0,3108.0,3134.3,31920000,3447.7,2820.9,3839.9,2896.0,3127.9,64,4,3127.5,61,5,3127.4,21,2,3127.3,1,1,3127.2,30,1,3128.0,591,7,3128.4,58,1,3128.6,34,2,3128.7,58,1,3128.8,21,1
2031,2026-06-16 11:51:37+05:30,3128.0,141,3130.03,1849007,133911.0,209354.0,3163.0,3163.0,3108.0,3134.3,31920000,3447.7,2820.9,3839.9,2896.0,3127.9,64,4,3127.5,61,5,3127.4,21,2,3127.3,1,1,3127.2,30,1,3128.0,591,7,3128.4,58,1,3128.6,34,2,3128.7,58,1,3128.8,21,1
2031,2026-06-16 11:51:38+05:30,3127.9,1,3130.03,1849151,133665.0,209211.0,3163.0,3163.0,3108.0,3134.3,31920000,3447.7,2820.9,3839.9,2896.0,3127.9,46,3,3127.7,45,2,3127.5,44,3,3127.4,36,3,3127.3,1,1,3128.0,448,7,3128.6,15,1,3128.8,21,1,3128.9,389,2,3129.0,344,5
2031,2026-06-16 11:51:38+05:30,3128.0,137,3130.03,1849151,133665.0,209211.0,3163.0,3163.0,3108.0,3134.3,31920000,3447.7,2820.9,3839.9,2896.0,3127.9,46,3,3127.7,45,2,3127.5,44,3,3127.4,36,3,3127.3,1,1,3128.0,448,7,3128.6,15,1,3128.8,21,1,3128.9,389,2,3129.0,344,5
2031,2026-06-16 11:51:39+05:30,3128.0,137,3130.03,1849736,134053.0,209760.0,3163.0,3163.0,3108.0,3134.3,31920000,3447.7,2820.9,3839.9,2896.0,3127.9,57,5,3127.8,5,1,3127.7,31,3,3127.6,10,1,3127.5,91,6,3128.0,1193,2,3128.6,73,2,3128.8,79,2,3128.9,370,1,3129.0,286,4
2031,2026-06-16 11:51:39+05:30,3128.0,2,3130.03,1849736,134053.0,209760.0,3163.0,3163.0,3108.0,3134.3,31920000,3447.7,2820.9,3839.9,2896.0,3127.9,57,5,3127.8,5,1,3127.7,31,3,3127.6,10,1,3127.5,91,6,3128.0,1193,2,3128.6,73,2,3128.8,79,2,3128.9,370,1,3129.0,286,4
2031,2026-06-16 11:51:40+05:30,3128.0,2,3130.03,1849738,134073.0,209758.0,3163.0,3163.0,3108.0,3134.3,31920000,3447.7,2820.9,3839.9,2896.0,3127.9,56,4,3127.7,23,2,3127.6,10,1,3127.5,72,5,3127.4,21,2,3128.0,1196,3,3128.6,73,2,3128.8,79,2,3128.9,370,1,3129.0,286,4
2031,2026-06-16 11:51:40+05:30,3128.0,2,3130.03,1849738,134028.0,209763.0,3163.0,3163.0,3108.0,3134.3,31920000,3447.7,2820.9,3839.9,2896.0,3127.9,56,4,3127.7,23,2,3127.6,10,1,3127.5,59,4,3127.4,21,2,3128.0,1196,3,3128.6,73,2,3128.8,79,2,3128.9,389,2,3129.0,286,4
2031,2026-06-16 11:51:41+05:30,3128.0,10,3130.03,1849738,134028.0,209763.0,3163.0,3163.0,3108.0,3134.3,31920000,3447.7,2820.9,3839.9,2896.0,3127.9,56,4,3127.7,23,2,3127.6,10,1,3127.5,59,4,3127.4,21,2,3128.0,1196,3,3128.6,73,2,3128.8,79,2,3128.9,389,2,3129.0,286,4
2031,2026-06-16 11:51:42+05:30,3128.0,10,3130.03,1849759,133885.0,209891.0,3163.0,3163.0,3108.0,3134.3,31920000,3447.7,2820.9,3839.9,2896.0,3127.9,64,4,3127.8,29,1,3127.7,15,1,3127.6,14,1,3127.5,42,2,3128.0,1217,4,3128.1,83,1,3128.6,73,2,3128.8,79,2,3128.9,370,1
2031,2026-06-16 11:51:42+05:30,3128.0,1,3130.03,1849759,133885.0,209891.0,3163.0,3163.0,3108.0,3134.3,31920000,3447.7,2820.9,3839.9,2896.0,3127.9,64,4,3127.8,29,1,3127.7,15,1,3127.6,14,1,3127.5,42,2,3128.0,1217,4,3128.1,83,1,3128.6,73,2,3128.8,79,2,3128.9,370,1
2031,2026-06-16 11:51:43+05:30,3128.0,1,3130.03,1849760,134118.0,209970.0,3163.0,3163.0,3108.0,3134.3,31920000,3447.7,2820.9,3839.9,2896.0,3127.9,64,4,3127.7,15,1,3127.6,29,1,3127.5,42,2,3127.4,65,4,3128.0,1295,5,3128.1,83,1,3128.6,73,2,3128.8,79,2,3128.9,389,2
2031,2026-06-16 11:51:43+05:30,3128.0,1,3130.03,1849760,134118.0,209970.0,3163.0,3163.0,3108.0,3134.3,31920000,3447.7,2820.9,3839.9,2896.0,3127.9,64,4,3127.7,15,1,3127.6,29,1,3127.5,42,2,3127.4,65,4,3128.0,1295,5,3128.1,83,1,3128.6,73,2,3128.8,79,2,3128.9,389,2
2031,2026-06-16 11:51:44+05:30,3128.0,1,3130.03,1849926,133867.0,209833.0,3163.0,3163.0,3108.0,3134.3,31920000,3447.7,2820.9,3839.9,2896.0,3127.9,47,3,3127.7,15,1,3127.5,42,2,3127.4,36,3,3127.3,34,3,3128.0,1158,6,3128.1,83,1,3128.5,19,1,3128.6,73,2,3128.8,79,2
2031,2026-06-16 11:51:45+05:30,3128.0,1,3130.03,1849926,133711.0,209839.0,3163.0,3163.0,3108.0,3134.3,31920000,3447.7,2820.9,3839.9,2896.0,3127.9,47,3,3127.7,15,1,3127.5,42,2,3127.4,36,3,3127.3,34,3,3128.0,1158,6,3128.1,83,1,3128.6,73,2,3128.8,98,3,3128.9,370,1
2031,2026-06-16 11:51:45+05:30,3127.9,1,3130.03,1850001,133469.0,209758.0,3163.0,3163.0,3108.0,3134.3,31920000,3447.7,2820.9,3839.9,2896.0,3127.9,4,2,3127.7,15,1,3127.5,42,2,3127.4,21,2,3127.3,1,1,3128.0,1168,7,3128.1,83,1,3128.5,19,1,3128.6,73,2,3128.7,116,2
2031,2026-06-16 11:51:45+05:30,3127.9,1,3130.03,1850001,133469.0,209758.0,3163.0,3163.0,3108.0,3134.3,31920000,3447.7,2820.9,3839.9,2896.0,3127.9,4,2,3127.7,15,1,3127.5,42,2,3127.4,21,2,3127.3,1,1,3128.0,1168,7,3128.1,83,1,3128.5,19,1,3128.6,73,2,3128.7,116,2
2031,2026-06-16 11:51:46+05:30,3127.7,133,3130.03,1850001,133469.0,209758.0,3163.0,3163.0,3108.0,3134.3,31920000,3447.7,2820.9,3839.9,2896.0,3127.9,4,2,3127.7,15,1,3127.5,42,2,3127.4,21,2,3127.3,1,1,3128.0,1168,7,3128.1,83,1,3128.5,19,1,3128.6,73,2,3128.7,116,2
2031,2026-06-16 11:51:47+05:30,3127.7,133,3130.02,1850169,132809.0,209793.0,3163.0,3163.0,3108.0,3134.3,31920000,3447.7,2820.9,3839.9,2896.0,3127.7,8,1,3127.5,42,2,3127.4,21,2,3127.3,1,1,3127.1,15,1,3128.0,1046,6,3128.1,83,1,3128.3,46,1,3128.5,97,3,3128.6,73,2
2031,2026-06-16 11:51:47+05:30,3128.0,1,3130.02,1850169,132809.0,209793.0,3163.0,3163.0,3108.0,3134.3,31920000,3447.7,2820.9,3839.9,2896.0,3127.7,8,1,3127.5,42,2,3127.4,21,2,3127.3,1,1,3127.1,15,1,3128.0,1046,6,3128.1,83,1,3128.3,46,1,3128.5,97,3,3128.6,73,2
2031,2026-06-16 11:51:48+05:30,3128.0,1,3130.02,1850170,132979.0,209935.0,3163.0,3163.0,3108.0,3134.3,31920000,3447.7,2820.9,3839.9,2896.0,3127.7,51,2,3127.5,42,2,3127.4,21,2,3127.3,1,1,3127.1,15,1,3128.0,1089,7,3128.1,85,2,3128.3,47,2,3128.5,2,1,3128.6,73,2
2031,2026-06-16 11:51:48+05:30,3128.0,1,3130.02,1850170,132979.0,209935.0,3163.0,3163.0,3108.0,3134.3,31920000,3447.7,2820.9,3839.9,2896.0,3127.7,51,2,3127.5,42,2,3127.4,21,2,3127.3,1,1,3127.1,15,1,3128.0,1089,7,3128.1,85,2,3128.3,47,2,3128.5,2,1,3128.6,73,2
2031,2026-06-16 11:51:49+05:30,3128.0,1,3130.02,1850170,132989.0,209940.0,3163.0,3163.0,3108.0,3134.3,31920000,3447.7,2820.9,3839.9,2896.0,3127.7,51,2,3127.6,16,1,3127.5,42,2,3127.4,21,2,3127.3,1,1,3127.9,1,1,3128.0,1089,7,3128.1,85,2,3128.3,47,2,3128.5,2,1
2031,2026-06-16 11:51:50+05:30,3128.0,47,3130.02,1850170,132989.0,209940.0,3163.0,3163.0,3108.0,3134.3,31920000,3447.7,2820.9,3839.9,2896.0,3127.7,51,2,3127.6,16,1,3127.5,42,2,3127.4,21,2,3127.3,1,1,3127.9,1,1,3128.0,1089,7,3128.1,85,2,3128.3,47,2,3128.5,2,1
2031,2026-06-16 11:51:50+05:30,3128.0,47,3130.02,1850220,132981.0,209900.0,3163.0,3163.0,3108.0,3134.3,31920000,3447.7,2820.9,3839.9,2896.0,3127.7,51,2,3127.6,16,1,3127.5,42,2,3127.4,21,2,3127.3,1,1,3128.0,1042,7,3128.1,85,2,3128.3,47,2,3128.4,19,1,3128.5,2,1
2031,2026-06-16 11:51:50+05:30,3128.0,47,3130.02,1850220,132981.0,209900.0,3163.0,3163.0,3108.0,3134.3,31920000,3447.7,2820.9,3839.9,2896.0,3127.7,51,2,3127.6,16,1,3127.5,42,2,3127.4,21,2,3127.3,1,1,3128.0,1042,7,3128.1,85,2,3128.3,47,2,3128.4,19,1,3128.5,2,1
2031,2026-06-16 11:51:51+05:30,3127.9,1,3130.02,1850220,132981.0,209900.0,3163.0,3163.0,3108.0,3134.3,31920000,3447.7,2820.9,3839.9,2896.0,3127.7,51,2,3127.6,16,1,3127.5,42,2,3127.4,21,2,3127.3,1,1,3128.0,1042,7,3128.1,85,2,3128.3,47,2,3128.4,19,1,3128.5,2,1
2031,2026-06-16 11:51:51+05:30,3127.9,1,3130.02,1850221,133034.0,209933.0,3163.0,3163.0,3108.0,3134.3,31920000,3447.7,2820.9,3839.9,2896.0,3127.7,51,2,3127.6,16,1,3127.5,42,2,3127.4,21,2,3127.3,1,1,3127.9,38,2,3128.0,1042,7,3128.1,85,2,3128.3,47,2,3128.4,19,1
2031,2026-06-16 11:51:52+05:30,3127.9,11,3130.02,1850221,133034.0,209933.0,3163.0,3163.0,3108.0,3134.3,31920000,3447.7,2820.9,3839.9,2896.0,3127.7,51,2,3127.6,16,1,3127.5,42,2,3127.4,21,2,3127.3,1,1,3127.9,38,2,3128.0,1042,7,3128.1,85,2,3128.3,47,2,3128.4,19,1
2031,2026-06-16 11:51:52+05:30,3127.7,28,3130.02,1850432,132907.0,210008.0,3163.0,3163.0,3108.0,3134.3,31920000,3447.7,2820.9,3839.9,2896.0,3127.7,15,1,3127.5,42,2,3127.4,21,2,3127.3,1,1,3127.1,15,1,3127.9,54,4,3128.0,1012,5,3128.1,85,2,3128.3,66,3,3128.4,48,1
2031,2026-06-16 11:51:53+05:30,3127.7,28,3130.02,1850432,132907.0,210008.0,3163.0,3163.0,3108.0,3134.3,31920000,3447.7,2820.9,3839.9,2896.0,3127.7,15,1,3127.5,42,2,3127.4,21,2,3127.3,1,1,3127.1,15,1,3127.9,54,4,3128.0,1012,5,3128.1,85,2,3128.3,66,3,3128.4,48,1
2031,2026-06-16 11:51:53+05:30,3127.7,28,3130.02,1850432,132907.0,210008.0,3163.0,3163.0,3108.0,3134.3,31920000,3447.7,2820.9,3839.9,2896.0,3127.7,15,1,3127.5,42,2,3127.4,21,2,3127.3,1,1,3127.1,15,1,3127.9,54,4,3128.0,1012,5,3128.1,85,2,3128.3,66,3,3128.4,48,1
2031,2026-06-16 11:51:53+05:30,3127.7,28,3130.02,1850432,132642.0,210016.0,3163.0,3163.0,3108.0,3134.3,31920000,3447.7,2820.9,3839.9,2896.0,3127.7,22,2,3127.5,35,1,3127.4,21,2,3127.3,1,1,3127.1,15,1,3127.9,88,5,3128.0,1012,5,3128.1,85,2,3128.3,66,3,3128.4,48,1
2031,2026-06-16 11:51:54+05:30,3127.9,1,3130.02,1850432,132642.0,210016.0,3163.0,3163.0,3108.0,3134.3,31920000,3447.7,2820.9,3839.9,2896.0,3127.7,22,2,3127.5,35,1,3127.4,21,2,3127.3,1,1,3127.1,15,1,3127.9,88,5,3128.0,1012,5,3128.1,85,2,3128.3,66,3,3128.4,48,1
2031,2026-06-16 11:51:54+05:30,3127.9,1,3130.02,1850433,132827.0,208013.0,3163.0,3163.0,3108.0,3134.3,31920000,3447.7,2820.9,3839.9,2896.0,3127.7,22,2,3127.5,36,2,3127.4,21,2,3127.3,1,1,3127.1,15,1,3127.9,87,5,3128.0,1012,5,3128.1,85,2,3128.3,47,2,3128.4,67,2
2031,2026-06-16 11:51:55+05:30,3127.9,1,3130.02,1850433,132827.0,208013.0,3163.0,3163.0,3108.0,3134.3,31920000,3447.7,2820.9,3839.9,2896.0,3127.7,22,2,3127.5,36,2,3127.4,21,2,3127.3,1,1,3127.1,15,1,3127.9,87,5,3128.0,1012,5,3128.1,85,2,3128.3,47,2,3128.4,67,2
2031,2026-06-16 11:51:55+05:30,3127.9,1,3130.02,1850433,132827.0,208013.0,3163.0,3163.0,3108.0,3134.3,31920000,3447.7,2820.9,3839.9,2896.0,3127.7,22,2,3127.5,36,2,3127.4,21,2,3127.3,1,1,3127.1,15,1,3127.9,87,5,3128.0,1012,5,3128.1,85,2,3128.3,47,2,3128.4,67,2
2031,2026-06-16 11:51:55+05:30,3127.9,1,3130.02,1850434,132827.0,209814.0,3163.0,3163.0,3108.0,3134.3,31920000,3447.7,2820.9,3839.9,2896.0,3127.7,22,2,3127.5,36,2,3127.4,21,2,3127.3,1,1,3127.1,15,1,3127.9,86,5,3128.0,1012,5,3128.1,85,2,3128.3,47,2,3128.4,67,2
2031,2026-06-16 11:51:56+05:30,3127.9,1,3130.02,1850434,132844.0,209881.0,3163.0,3163.0,3108.0,3134.3,31920000,3447.7,2820.9,3839.9,2896.0,3127.7,22,2,3127.6,17,1,3127.5,36,2,3127.4,21,2,3127.3,1,1,3127.9,86,5,3128.0,1012,5,3128.1,85,2,3128.3,47,2,3128.4,48,1
2031,2026-06-16 11:51:57+05:30,3127.9,1,3130.02,1850434,132844.0,209881.0,3163.0,3163.0,3108.0,3134.3,31920000,3447.7,2820.9,3839.9,2896.0,3127.7,22,2,3127.6,17,1,3127.5,36,2,3127.4,21,2,3127.3,1,1,3127.9,86,5,3128.0,1012,5,3128.1,85,2,3128.3,47,2,3128.4,48,1
2031,2026-06-16 11:51:57+05:30,3127.9,1,3130.02,1850435,132844.0,210075.0,3163.0,3163.0,3108.0,3134.3,31920000,3447.7,2820.9,3839.9,2896.0,3127.7,22,2,3127.6,17,1,3127.5,36,2,3127.4,21,2,3127.3,1,1,3127.9,85,5,3128.0,1012,5,3128.1,85,2,3128.3,47,2,3128.4,48,1
2031,2026-06-16 11:51:57+05:30,3127.9,1,3130.02,1850435,132844.0,210075.0,3163.0,3163.0,3108.0,3134.3,31920000,3447.7,2820.9,3839.9,2896.0,3127.7,22,2,3127.6,17,1,3127.5,36,2,3127.4,21,2,3127.3,1,1,3127.9,85,5,3128.0,1012,5,3128.1,85,2,3128.3,47,2,3128.4,48,1
2031,2026-06-16 11:51:58+05:30,3127.7,5,3130.02,1850435,132844.0,210075.0,3163.0,3163.0,3108.0,3134.3,31920000,3447.7,2820.9,3839.9,2896.0,3127.7,22,2,3127.6,17,1,3127.5,36,2,3127.4,21,2,3127.3,1,1,3127.9,85,5,3128.0,1012,5,3128.1,85,2,3128.3,47,2,3128.4,48,1
2031,2026-06-16 11:51:58+05:30,3127.7,5,3130.02,1850440,132942.0,210150.0,3163.0,3163.0,3108.0,3134.3,31920000,3447.7,2820.9,3839.9,2896.0,3127.7,17,2,3127.6,17,1,3127.5,36,2,3127.4,21,2,3127.3,1,1,3127.9,100,6,3128.0,1012,5,3128.1,85,2,3128.3,1,1,3128.4,48,1
2031,2026-06-16 11:51:58+05:30,3127.7,5,3130.02,1850440,132942.0,210150.0,3163.0,3163.0,3108.0,3134.3,31920000,3447.7,2820.9,3839.9,2896.0,3127.7,17,2,3127.6,17,1,3127.5,36,2,3127.4,21,2,3127.3,1,1,3127.9,100,6,3128.0,1012,5,3128.1,85,2,3128.3,1,1,3128.4,48,1
2031,2026-06-16 11:51:59+05:30,3128.0,1,3130.02,1850440,132942.0,210150.0,3163.0,3163.0,3108.0,3134.3,31920000,3447.7,2820.9,3839.9,2896.0,3127.7,17,2,3127.6,17,1,3127.5,36,2,3127.4,21,2,3127.3,1,1,3127.9,100,6,3128.0,1012,5,3128.1,85,2,3128.3,1,1,3128.4,48,1
2031,2026-06-16 11:51:59+05:30,3128.0,1,3130.02,1850554,132830.0,210079.0,3163.0,3163.0,3108.0,3134.3,31920000,3447.7,2820.9,3839.9,2896.0,3127.7,17,2,3127.6,18,1,3127.5,36,2,3127.4,21,2,3127.3,1,1,3127.9,9,1,3128.0,1011,5,3128.1,85,2,3128.3,1,1,3128.5,21,2
2031,2026-06-16 11:52:00+05:30,3128.0,1,3130.02,1850554,132847.0,210302.0,3163.0,3163.0,3108.0,3134.3,31920000,3447.7,2820.9,3839.9,2896.0,3127.7,22,3,3127.6,18,1,3127.5,36,2,3127.4,21,2,3127.3,1,1,3127.9,9,1,3128.0,1011,5,3128.1,85,2,3128.3,1,1,3128.5,40,3
2031,2026-06-16 11:52:00+05:30,3128.0,1,3130.02,1850554,132847.0,210302.0,3163.0,3163.0,3108.0,3134.3,31920000,3447.7,2820.9,3839.9,2896.0,3127.7,22,3,3127.6,18,1,3127.5,36,2,3127.4,21,2,3127.3,1,1,3127.9,9,1,3128.0,1011,5,3128.1,85,2,3128.3,1,1,3128.5,40,3
2031,2026-06-16 11:52:01+05:30,3128.0,1,3130.02,1850554,133021.0,210123.0,3163.0,3163.0,3108.0,3134.3,31920000,3447.7,2820.9,3839.9,2896.0,3127.8,2,2,3127.7,23,4,3127.6,18,1,3127.5,36,2,3127.4,50,3,3127.9,9,1,3128.0,1011,5,3128.1,85,2,3128.3,1,1,3128.5,2,1
2031,2026-06-16 11:52:01+05:30,3128.0,1,3130.02,1850554,133021.0,210123.0,3163.0,3163.0,3108.0,3134.3,31920000,3447.7,2820.9,3839.9,2896.0,3127.8,2,2,3127.7,23,4,3127.6,18,1,3127.5,36,2,3127.4,50,3,3127.9,9,1,3128.0,1011,5,3128.1,85,2,3128.3,1,1,3128.5,2,1
2031,2026-06-16 11:52:02+05:30,3128.0,1,3130.02,1850554,133021.0,210123.0,3163.0,3163.0,3108.0,3134.3,31920000,3447.7,2820.9,3839.9,2896.0,3127.8,2,2,3127.7,23,4,3127.6,18,1,3127.5,36,2,3127.4,50,3,3127.9,9,1,3128.0,1011,5,3128.1,85,2,3128.3,1,1,3128.5,2,1
2031,2026-06-16 11:52:02+05:30,3128.0,1,3130.02,1850554,133219.0,210325.0,3163.0,3163.0,3108.0,3134.3,31920000,3447.7,2820.9,3839.9,2896.0,3127.8,48,4,3127.7,23,4,3127.6,47,2,3127.5,56,4,3127.4,69,4,3127.9,9,1,3128.0,1011,5,3128.1,85,2,3128.3,1,1,3128.5,2,1
2031,2026-06-16 11:52:02+05:30,3128.0,1,3130.02,1850554,133219.0,210325.0,3163.0,3163.0,3108.0,3134.3,31920000,3447.7,2820.9,3839.9,2896.0,3127.8,48,4,3127.7,23,4,3127.6,47,2,3127.5,56,4,3127.4,69,4,3127.9,9,1,3128.0,1011,5,3128.1,85,2,3128.3,1,1,3128.5,2,1
2031,2026-06-16 11:52:03+05:30,3128.0,7,3130.02,1850554,133219.0,210325.0,3163.0,3163.0,3108.0,3134.3,31920000,3447.7,2820.9,3839.9,2896.0,3127.8,48,4,3127.7,23,4,3127.6,47,2,3127.5,56,4,3127.4,69,4,3127.9,9,1,3128.0,1011,5,3128.1,85,2,3128.3,1,1,3128.5,2,1
2031,2026-06-16 11:52:03+05:30,3128.0,7,3130.02,1850570,133298.0,210039.0,3163.0,3163.0,3108.0,3134.3,31920000,3447.7,2820.9,3839.9,2896.0,3127.8,40,3,3127.7,23,4,3127.6,47,2,3127.5,46,3,3127.4,50,3,3128.0,1004,5,3128.1,85,2,3128.3,1,1,3128.5,2,1,3128.6,15,1
2031,2026-06-16 11:52:03+05:30,3128.0,7,3130.02,1850570,133298.0,210039.0,3163.0,3163.0,3108.0,3134.3,31920000,3447.7,2820.9,3839.9,2896.0,3127.8,40,3,3127.7,23,4,3127.6,47,2,3127.5,46,3,3127.4,50,3,3128.0,1004,5,3128.1,85,2,3128.3,1,1,3128.5,2,1,3128.6,15,1
2031,2026-06-16 11:52:04+05:30,3128.0,1,3130.02,1850570,133298.0,210039.0,3163.0,3163.0,3108.0,3134.3,31920000,3447.7,2820.9,3839.9,2896.0,3127.8,40,3,3127.7,23,4,3127.6,47,2,3127.5,46,3,3127.4,50,3,3128.0,1004,5,3128.1,85,2,3128.3,1,1,3128.5,2,1,3128.6,15,1
2031,2026-06-16 11:52:04+05:30,3128.0,1,3130.02,1850723,133342.0,209900.0,3163.0,3163.0,3108.0,3134.3,31920000,3447.7,2820.9,3839.9,2896.0,3127.8,40,3,3127.7,23,4,3127.6,29,1,3127.5,36,2,3127.4,50,3,3128.0,851,5,3128.1,85,2,3128.3,1,1,3128.5,2,1,3128.6,15,1
2031,2026-06-16 11:52:04+05:30,3128.0,1,3130.02,1850723,133342.0,209900.0,3163.0,3163.0,3108.0,3134.3,31920000,3447.7,2820.9,3839.9,2896.0,3127.8,40,3,3127.7,23,4,3127.6,29,1,3127.5,36,2,3127.4,50,3,3128.0,851,5,3128.1,85,2,3128.3,1,1,3128.5,2,1,3128.6,15,1
2031,2026-06-16 11:52:05+05:30,3128.0,1,3130.02,1850723,133342.0,209900.0,3163.0,3163.0,3108.0,3134.3,31920000,3447.7,2820.9,3839.9,2896.0,3127.8,40,3,3127.7,23,4,3127.6,29,1,3127.5,36,2,3127.4,50,3,3128.0,851,5,3128.1,85,2,3128.3,1,1,3128.5,2,1,3128.6,15,1
2031,2026-06-16 11:52:05+05:30,3128.0,1,3130.02,1850723,133189.0,209807.0,3163.0,3163.0,3108.0,3134.3,31920000,3447.7,2820.9,3839.9,2896.0,3127.8,48,4,3127.7,31,5,3127.6,39,2,3127.5,49,3,3127.4,69,4,3128.0,851,5,3128.1,85,2,3128.3,1,1,3128.5,2,1,3128.6,15,1
2031,2026-06-16 11:52:05+05:30,3128.0,1,3130.02,1850723,133189.0,209807.0,3163.0,3163.0,3108.0,3134.3,31920000,3447.7,2820.9,3839.9,2896.0,3127.8,48,4,3127.7,31,5,3127.6,39,2,3127.5,49,3,3127.4,69,4,3128.0,851,5,3128.1,85,2,3128.3,1,1,3128.5,2,1,3128.6,15,1
2031,2026-06-16 11:52:05+05:30,3127.9,1,3130.02,1850724,133269.0,209791.0,3163.0,3163.0,3108.0,3134.3,31920000,3447.7,2820.9,3839.9,2896.0,3127.9,2,2,3127.8,54,2,3127.7,23,4,3127.6,39,2,3127.5,49,3,3128.0,901,6,3128.1,85,2,3128.3,1,1,3128.5,2,1,3128.6,15,1
2031,2026-06-16 11:52:06+05:30,3127.9,1,3130.02,1850724,133269.0,209791.0,3163.0,3163.0,3108.0,3134.3,31920000,3447.7,2820.9,3839.9,2896.0,3127.9,2,2,3127.8,54,2,3127.7,23,4,3127.6,39,2,3127.5,49,3,3128.0,901,6,3128.1,85,2,3128.3,1,1,3128.5,2,1,3128.6,15,1
2031,2026-06-16 11:52:06+05:30,3127.9,1,3130.02,1850724,133269.0,209791.0,3163.0,3163.0,3108.0,3134.3,31920000,3447.7,2820.9,3839.9,2896.0,3127.9,2,2,3127.8,54,2,3127.7,23,4,3127.6,39,2,3127.5,49,3,3128.0,901,6,3128.1,85,2,3128.3,1,1,3128.5,2,1,3128.6,15,1
2031,2026-06-16 11:52:07+05:30,3128.3,2,3130.02,1850724,133269.0,209791.0,3163.0,3163.0,3108.0,3134.3,31920000,3447.7,2820.9,3839.9,2896.0,3127.9,2,2,3127.8,54,2,3127.7,23,4,3127.6,39,2,3127.5,49,3,3128.0,901,6,3128.1,85,2,3128.3,1,1,3128.5,2,1,3128.6,15,1
2031,2026-06-16 11:52:07+05:30,3128.3,2,3130.02,1851941,134893.0,207232.0,3163.0,3163.0,3108.0,3134.3,31920000,3447.7,2820.9,3839.9,2896.0,3128.3,93,5,3128.2,34,3,3128.1,17,3,3128.0,57,2,3127.9,311,9,3128.5,2,1,3128.6,15,1,3128.9,370,1,3129.0,207,2,3129.1,12,1
2031,2026-06-16 11:52:07+05:30,3128.3,2,3130.02,1851941,134893.0,207232.0,3163.0,3163.0,3108.0,3134.3,31920000,3447.7,2820.9,3839.9,2896.0,3128.3,93,5,3128.2,34,3,3128.1,17,3,3128.0,57,2,3127.9,311,9,3128.5,2,1,3128.6,15,1,3128.9,370,1,3129.0,207,2,3129.1,12,1
2031,2026-06-16 11:52:08+05:30,3128.5,2,3130.02,1851941,134893.0,207232.0,3163.0,3163.0,3108.0,3134.3,31920000,3447.7,2820.9,3839.9,2896.0,3128.3,93,5,3128.2,34,3,3128.1,17,3,3128.0,57,2,3127.9,311,9,3128.5,2,1,3128.6,15,1,3128.9,370,1,3129.0,207,2,3129.1,12,1
2031,2026-06-16 11:52:08+05:30,3128.5,2,3130.02,1851943,134970.0,207344.0,3163.0,3163.0,3108.0,3134.3,31920000,3447.7,2820.9,3839.9,2896.0,3128.3,94,6,3128.2,34,3,3128.1,12,2,3128.0,137,4,3127.9,302,9,3128.5,2,1,3128.6,15,1,3128.9,370,1,3129.0,207,2,3129.1,12,1
2031,2026-06-16 11:52:08+05:30,3128.5,2,3130.02,1851943,134970.0,207344.0,3163.0,3163.0,3108.0,3134.3,31918400,3447.7,2820.9,3839.9,2896.0,3128.3,94,6,3128.2,34,3,3128.1,12,2,3128.0,137,4,3127.9,302,9,3128.5,2,1,3128.6,15,1,3128.9,370,1,3129.0,207,2,3129.1,12,1
2031,2026-06-16 11:52:09+05:30,3128.5,1,3130.02,1851943,134970.0,207344.0,3163.0,3163.0,3108.0,3134.3,31918400,3447.7,2820.9,3839.9,2896.0,3128.3,94,6,3128.2,34,3,3128.1,12,2,3128.0,137,4,3127.9,302,9,3128.5,2,1,3128.6,15,1,3128.9,370,1,3129.0,207,2,3129.1,12,1
2031,2026-06-16 11:52:09+05:30,3128.5,1,3130.02,1851975,135021.0,207897.0,3163.0,3163.0,3108.0,3134.3,31918400,3447.7,2820.9,3839.9,2896.0,3128.4,5,1,3128.3,182,5,3128.1,7,1,3128.0,126,4,3127.9,102,8,3128.5,58,2,3128.6,15,1,3128.9,370,1,3129.0,207,2,3129.1,12,1
2031,2026-06-16 11:52:10+05:30,3128.5,1,3130.02,1851975,135021.0,207897.0,3163.0,3163.0,3108.0,3134.3,31918400,3447.7,2820.9,3839.9,2896.0,3128.4,5,1,3128.3,182,5,3128.1,7,1,3128.0,126,4,3127.9,102,8,3128.5,58,2,3128.6,15,1,3128.9,370,1,3129.0,207,2,3129.1,12,1
2031,2026-06-16 11:52:10+05:30,3128.5,86,3130.02,1852119,134587.0,207622.0,3163.0,3163.0,3108.0,3134.3,31918400,3447.7,2820.9,3839.9,2896.0,3128.5,63,3,3128.4,35,4,3128.3,120,3,3128.2,68,3,3128.1,207,2,3128.6,15,1,3128.9,370,1,3129.0,207,2,3129.4,22,1,3129.6,20,1
2031,2026-06-16 11:52:11+05:30,3128.9,5,3130.02,1852119,134587.0,207622.0,3163.0,3163.0,3108.0,3134.3,31918400,3447.7,2820.9,3839.9,2896.0,3128.5,63,3,3128.4,35,4,3128.3,120,3,3128.2,68,3,3128.1,207,2,3128.6,15,1,3128.9,370,1,3129.0,207,2,3129.4,22,1,3129.6,20,1
2031,2026-06-16 11:52:11+05:30,3128.9,5,3130.02,1852147,134896.0,207635.0,3163.0,3163.0,3108.0,3134.3,31918400,3447.7,2820.9,3839.9,2896.0,3128.5,136,4,3128.4,6,2,3128.3,115,2,3128.2,29,1,3128.1,27,2,3128.9,357,1,3129.0,195,1,3129.6,76,2,3129.7,454,4,3129.8,79,3
2031,2026-06-16 11:52:12+05:30,3128.8,11,3130.02,1852147,134896.0,207635.0,3163.0,3163.0,3108.0,3134.3,31918400,3447.7,2820.9,3839.9,2896.0,3128.5,136,4,3128.4,6,2,3128.3,115,2,3128.2,29,1,3128.1,27,2,3128.9,357,1,3129.0,195,1,3129.6,76,2,3129.7,454,4,3129.8,79,3
2031,2026-06-16 11:52:12+05:30,3128.8,11,3130.02,1852158,134697.0,207815.0,3163.0,3163.0,3108.0,3134.3,31918400,3447.7,2820.9,3839.9,2896.0,3128.7,17,1,3128.5,129,4,3128.4,5,1,3128.3,115,2,3128.2,29,1,3128.8,14,1,3128.9,357,1,3129.0,195,1,3129.6,91,3,3129.7,454,4
2031,2026-06-16 11:52:13+05:30,3128.7,1,3130.02,1852158,134697.0,207815.0,3163.0,3163.0,3108.0,3134.3,31918400,3447.7,2820.9,3839.9,2896.0,3128.7,17,1,3128.5,129,4,3128.4,5,1,3128.3,115,2,3128.2,29,1,3128.8,14,1,3128.9,357,1,3129.0,195,1,3129.6,91,3,3129.7,454,4
2031,2026-06-16 11:52:13+05:30,3128.7,1,3130.02,1852313,134566.0,207735.0,3163.0,3163.0,3108.0,3134.3,31918400,3447.7,2820.9,3839.9,2896.0,3128.5,129,4,3128.4,20,2,3128.3,115,2,3127.9,3,1,3127.7,68,4,3128.8,4,1,3128.9,273,2,3129.0,195,1,3129.2,48,1,3129.3,19,1
2031,2026-06-16 11:52:14+05:30,3128.5,13,3130.02,1852313,134566.0,207735.0,3163.0,3163.0,3108.0,3134.3,31918400,3447.7,2820.9,3839.9,2896.0,3128.5,129,4,3128.4,20,2,3128.3,115,2,3127.9,3,1,3127.7,68,4,3128.8,4,1,3128.9,273,2,3129.0,195,1,3129.2,48,1,3129.3,19,1
2031,2026-06-16 11:52:14+05:30,3128.5,13,3130.02,1852326,134602.0,207854.0,3163.0,3163.0,3108.0,3134.3,31918400,3447.7,2820.9,3839.9,2896.0,3128.5,131,5,3128.4,5,1,3128.3,115,2,3127.7,54,3,3127.6,43,2,3128.8,2,1,3128.9,229,2,3129.0,214,2,3129.2,67,2,3129.3,75,2
2031,2026-06-16 11:52:15+05:30,3128.8,1,3130.02,1852326,134602.0,207854.0,3163.0,3163.0,3108.0,3134.3,31918400,3447.7,2820.9,3839.9,2896.0,3128.5,131,5,3128.4,5,1,3128.3,115,2,3127.7,54,3,3127.6,43,2,3128.8,2,1,3128.9,229,2,3129.0,214,2,3129.2,67,2,3129.3,75,2
2031,2026-06-16 11:52:15+05:30,3128.7,1,3130.02,1852328,134853.0,207936.0,3163.0,3163.0,3108.0,3134.3,31918400,3447.7,2820.9,3839.9,2896.0,3128.5,132,6,3128.3,115,2,3127.7,27,2,3127.6,223,4,3127.5,226,4,3128.7,16,2,3128.8,20,2,3128.9,225,1,3129.0,214,2,3129.1,48,1
2031,2026-06-16 11:52:16+05:30,3128.6,1,3130.02,1852328,134853.0,207936.0,3163.0,3163.0,3108.0,3134.3,31918400,3447.7,2820.9,3839.9,2896.0,3128.5,132,6,3128.3,115,2,3127.7,27,2,3127.6,223,4,3127.5,226,4,3128.7,16,2,3128.8,20,2,3128.9,225,1,3129.0,214,2,3129.1,48,1
2031,2026-06-16 11:52:16+05:30,3128.6,1,3130.02,1852618,134781.0,207447.0,3163.0,3163.0,3108.0,3134.3,31918400,3447.7,2820.9,3839.9,2896.0,3128.5,69,5,3128.3,134,3,3128.2,28,1,3128.1,15,1,3128.0,47,2,3128.6,8,1,3128.7,6,1,3128.9,225,1,3129.0,195,1,3129.6,76,2
2031,2026-06-16 11:52:17+05:30,3128.6,12,3130.02,1852618,134781.0,207447.0,3163.0,3163.0,3108.0,3134.3,31918400,3447.7,2820.9,3839.9,2896.0,3128.5,69,5,3128.3,134,3,3128.2,28,1,3128.1,15,1,3128.0,47,2,3128.6,8,1,3128.7,6,1,3128.9,225,1,3129.0,195,1,3129.6,76,2
2031,2026-06-16 11:52:17+05:30,3128.6,12,3130.02,1852643,134572.0,207485.0,3163.0,3163.0,3108.0,3134.3,31918400,3447.7,2820.9,3839.9,2896.0,3128.6,18,1,3128.5,53,3,3128.4,28,1,3128.3,115,2,3128.2,47,2,3128.7,18,2,3128.9,225,1,3129.0,195,1,3129.6,76,2,3129.7,35,1
2031,2026-06-16 11:52:18+05:30,3128.6,13,3130.02,1852643,134572.0,207485.0,3163.0,3163.0,3108.0,3134.3,31918400,3447.7,2820.9,3839.9,2896.0,3128.6,18,1,3128.5,53,3,3128.4,28,1,3128.3,115,2,3128.2,47,2,3128.7,18,2,3128.9,225,1,3129.0,195,1,3129.6,76,2,3129.7,35,1
2031,2026-06-16 11:52:18+05:30,3128.6,8,3130.02,1852669,134596.0,207545.0,3163.0,3163.0,3108.0,3134.3,31918400,3447.7,2820.9,3839.9,2896.0,3128.6,47,2,3128.5,53,3,3128.3,115,2,3128.2,19,1,3128.1,15,1,3128.7,64,5,3128.9,225,1,3129.0,195,1,3129.6,76,2,3129.7,50,2
2031,2026-06-16 11:52:19+05:30,3128.7,1,3130.02,1852669,134596.0,207545.0,3163.0,3163.0,3108.0,3134.3,31918400,3447.7,2820.9,3839.9,2896.0,3128.6,47,2,3128.5,53,3,3128.3,115,2,3128.2,19,1,3128.1,15,1,3128.7,64,5,3128.9,225,1,3129.0,195,1,3129.6,76,2,3129.7,50,2
2031,2026-06-16 11:52:19+05:30,3128.7,1,3130.02,1852733,134843.0,207502.0,3163.0,3163.0,3108.0,3134.3,31918400,3447.7,2820.9,3839.9,2896.0,3128.6,29,1,3128.5,67,4,3128.3,115,2,3127.9,77,2,3127.8,97,5,3128.7,25,2,3128.9,225,1,3129.0,197,2,3129.3,46,1,3129.4,75,2
2031,2026-06-16 11:52:19+05:30,3128.7,1,3130.02,1852734,134968.0,207589.0,3163.0,3163.0,3108.0,3134.3,31918400,3447.7,2820.9,3839.9,2896.0,3128.6,29,1,3128.5,67,4,3128.3,115,2,3127.9,77,2,3127.8,53,3,3128.8,24,2,3128.9,225,1,3129.0,197,2,3129.1,19,1,3129.2,46,1
2031,2026-06-16 11:52:20+05:30,3128.7,1,3130.02,1852734,134968.0,207589.0,3163.0,3163.0,3108.0,3134.3,31918400,3447.7,2820.9,3839.9,2896.0,3128.6,29,1,3128.5,67,4,3128.3,115,2,3127.9,77,2,3127.8,53,3,3128.8,24,2,3128.9,225,1,3129.0,197,2,3129.1,19,1,3129.2,46,1
2031,2026-06-16 11:52:20+05:30,3128.7,1,3130.02,1852734,134987.0,207598.0,3163.0,3163.0,3108.0,3134.3,31918400,3447.7,2820.9,3839.9,2896.0,3128.7,17,1,3128.6,29,1,3128.5,53,3,3128.3,115,2,3127.9,77,2,3128.8,24,2,3128.9,225,1,3129.0,197,2,3129.2,46,1,3129.4,121,3
2031,2026-06-16 11:52:22+05:30,3128.7,13,3130.02,1852734,134987.0,207598.0,3163.0,3163.0,3108.0,3134.3,31918400,3447.7,2820.9,3839.9,2896.0,3128.7,17,1,3128.6,29,1,3128.5,53,3,3128.3,115,2,3127.9,77,2,3128.8,24,2,3128.9,225,1,3129.0,197,2,3129.2,46,1,3129.4,121,3
2031,2026-06-16 11:52:22+05:30,3128.7,13,3130.02,1852771,135223.0,207578.0,3163.0,3163.0,3108.0,3134.3,31918400,3447.7,2820.9,3839.9,2896.0,3128.7,42,2,3128.6,29,1,3128.5,53,3,3128.3,115,2,3127.9,105,3,3128.9,225,1,3129.0,197,2,3129.4,56,1,3129.5,19,1,3129.6,122,3
2031,2026-06-16 11:52:23+05:30,3128.9,1,3130.02,1852771,135223.0,207578.0,3163.0,3163.0,3108.0,3134.3,31918400,3447.7,2820.9,3839.9,2896.0,3128.7,42,2,3128.6,29,1,3128.5,53,3,3128.3,115,2,3127.9,105,3,3128.9,225,1,3129.0,197,2,3129.4,56,1,3129.5,19,1,3129.6,122,3
2031,2026-06-16 11:52:23+05:30,3128.9,1,3130.02,1852772,135186.0,207342.0,3163.0,3163.0,3108.0,3134.3,31918400,3447.7,2820.9,3839.9,2896.0,3128.7,42,2,3128.6,29,1,3128.5,53,3,3128.3,115,2,3127.9,161,4,3128.9,224,1,3129.0,197,2,3129.6,122,3,3129.7,54,2,3129.8,546,7
2031,2026-06-16 11:52:24+05:30,3128.9,143,3130.02,1852772,135186.0,207342.0,3163.0,3163.0,3108.0,3134.3,31918400,3447.7,2820.9,3839.9,2896.0,3128.7,42,2,3128.6,29,1,3128.5,53,3,3128.3,115,2,3127.9,161,4,3128.9,224,1,3129.0,197,2,3129.6,122,3,3129.7,54,2,3129.8,546,7
2031,2026-06-16 11:52:24+05:30,3128.9,143,3130.02,1852928,135183.0,207313.0,3163.0,3163.0,3108.0,3134.3,31918400,3447.7,2820.9,3839.9,2896.0,3128.7,38,1,3128.6,29,1,3128.5,53,3,3128.3,115,2,3127.9,161,4,3128.8,13,1,3128.9,81,1,3129.0,197,2,3129.2,46,1,3129.4,46,1
2031,2026-06-16 11:52:25+05:30,3128.8,1,3130.02,1852928,135183.0,207313.0,3163.0,3163.0,3108.0,3134.3,31918400,3447.7,2820.9,3839.9,2896.0,3128.7,38,1,3128.6,29,1,3128.5,53,3,3128.3,115,2,3127.9,161,4,3128.8,13,1,3128.9,81,1,3129.0,197,2,3129.2,46,1,3129.4,46,1
2031,2026-06-16 11:52:25+05:30,3128.8,7,3130.02,1852936,135203.0,207352.0,3163.0,3163.0,3108.0,3134.3,31918400,3447.7,2820.9,3839.9,2896.0,3128.7,38,1,3128.6,29,1,3128.5,71,4,3128.3,115,2,3127.9,161,4,3128.8,5,1,3128.9,81,1,3129.0,197,2,3129.4,46,1,3129.6,122,3
2031,2026-06-16 11:52:26+05:30,3128.8,7,3130.02,1852936,135203.0,207352.0,3163.0,3163.0,3108.0,3134.3,31918400,3447.7,2820.9,3839.9,2896.0,3128.7,38,1,3128.6,29,1,3128.5,71,4,3128.3,115,2,3127.9,161,4,3128.8,5,1,3128.9,81,1,3129.0,197,2,3129.4,46,1,3129.6,122,3
2031,2026-06-16 11:52:26+05:30,3128.8,7,3130.02,1852936,135204.0,207340.0,3163.0,3163.0,3108.0,3134.3,31918400,3447.7,2820.9,3839.9,2896.0,3128.7,55,2,3128.6,29,1,3128.5,55,3,3128.3,115,2,3127.9,161,4,3128.8,17,1,3128.9,81,1,3129.0,197,2,3129.4,46,1,3129.6,122,3
2031,2026-06-16 11:52:27+05:30,3128.8,7,3130.02,1852936,135204.0,207336.0,3163.0,3163.0,3108.0,3134.3,31918400,3447.7,2820.9,3839.9,2896.0,3128.7,55,2,3128.6,29,1,3128.5,55,3,3128.3,115,2,3127.9,161,4,3128.8,17,1,3128.9,81,1,3129.0,197,2,3129.4,46,1,3129.6,122,3
2031,2026-06-16 11:52:28+05:30,3128.8,7,3130.02,1852936,135057.0,207416.0,3163.0,3163.0,3108.0,3134.3,31918400,3447.7,2820.9,3839.9,2896.0,3128.7,55,2,3128.6,29,1,3128.5,55,3,3128.3,115,2,3127.9,105,3,3128.8,17,1,3128.9,81,1,3129.0,216,3,3129.1,45,1,3129.2,19,1
2031,2026-06-16 11:52:29+05:30,3128.7,13,3130.02,1852936,135057.0,207416.0,3163.0,3163.0,3108.0,3134.3,31918400,3447.7,2820.9,3839.9,2896.0,3128.7,55,2,3128.6,29,1,3128.5,55,3,3128.3,115,2,3127.9,105,3,3128.8,17,1,3128.9,81,1,3129.0,216,3,3129.1,45,1,3129.2,19,1
2031,2026-06-16 11:52:29+05:30,3128.7,13,3130.02,1852949,135148.0,207182.0,3163.0,3163.0,3108.0,3134.3,31918400,3447.7,2820.9,3839.9,2896.0,3128.7,42,2,3128.6,29,1,3128.5,55,3,3128.3,115,2,3127.9,129,4,3128.8,17,1,3128.9,81,1,3129.0,216,3,3129.1,45,1,3129.2,19,1
2031,2026-06-16 11:52:30+05:30,3128.9,81,3130.02,1852949,135148.0,207182.0,3163.0,3163.0,3108.0,3134.3,31918400,3447.7,2820.9,3839.9,2896.0,3128.7,42,2,3128.6,29,1,3128.5,55,3,3128.3,115,2,3127.9,129,4,3128.8,17,1,3128.9,81,1,3129.0,216,3,3129.1,45,1,3129.2,19,1
2031,2026-06-16 11:52:30+05:30,3129.0,1,3130.02,1853061,135433.0,206595.0,3163.0,3163.0,3108.0,3134.3,31918400,3447.7,2820.9,3839.9,2896.0,3128.9,1,1,3128.7,48,3,3128.6,29,1,3128.5,55,3,3128.3,115,2,3129.0,197,3,3129.3,19,1,3129.4,101,2,3129.6,141,4,3129.7,54,2
2031,2026-06-16 11:52:31+05:30,3129.0,2,3130.02,1853061,135433.0,206595.0,3163.0,3163.0,3108.0,3134.3,31918400,3447.7,2820.9,3839.9,2896.0,3128.9,1,1,3128.7,48,3,3128.6,29,1,3128.5,55,3,3128.3,115,2,3129.0,197,3,3129.3,19,1,3129.4,101,2,3129.6,141,4,3129.7,54,2
2031,2026-06-16 11:52:31+05:30,3129.0,2,3130.02,1853066,135418.0,206486.0,3163.0,3163.0,3108.0,3134.3,31918400,3447.7,2820.9,3839.9,2896.0,3128.9,1,1,3128.7,48,3,3128.6,29,1,3128.5,55,3,3128.3,115,2,3129.0,218,4,3129.4,56,1,3129.6,122,3,3129.7,73,3,3129.8,527,6
2031,2026-06-16 11:52:32+05:30,3129.0,11,3130.02,1853066,135418.0,206486.0,3163.0,3163.0,3108.0,3134.3,31918400,3447.7,2820.9,3839.9,2896.0,3128.9,1,1,3128.7,48,3,3128.6,29,1,3128.5,55,3,3128.3,115,2,3129.0,218,4,3129.4,56,1,3129.6,122,3,3129.7,73,3,3129.8,527,6
2031,2026-06-16 11:52:32+05:30,3129.0,158,3130.02,1853235,135351.0,206081.0,3163.0,3163.0,3108.0,3134.3,31918400,3447.7,2820.9,3839.9,2896.0,3128.9,109,3,3128.8,50,1,3128.7,30,2,3128.6,29,1,3128.5,95,5,3129.0,50,5,3129.6,30,2,3129.7,35,1,3129.8,471,5,3129.9,241,4
2031,2026-06-16 11:52:33+05:30,3129.0,158,3130.02,1853235,135351.0,206081.0,3163.0,3163.0,3108.0,3134.3,31918400,3447.7,2820.9,3839.9,2896.0,3128.9,109,3,3128.8,50,1,3128.7,30,2,3128.6,29,1,3128.5,95,5,3129.0,50,5,3129.6,30,2,3129.7,35,1,3129.8,471,5,3129.9,241,4
2031,2026-06-16 11:52:33+05:30,3129.0,158,3130.02,1853235,135351.0,206091.0,3163.0,3163.0,3108.0,3134.3,31918400,3447.7,2820.9,3839.9,2896.0,3128.9,109,3,3128.8,50,1,3128.7,30,2,3128.6,29,1,3128.5,95,5,3129.0,50,5,3129.6,30,2,3129.7,35,1,3129.8,471,5,3129.9,241,4
2031,2026-06-16 11:52:34+05:30,3129.0,10,3130.02,1853246,135315.0,206275.0,3163.0,3163.0,3108.0,3134.3,31918400,3447.7,2820.9,3839.9,2896.0,3128.9,109,3,3128.8,50,1,3128.7,30,2,3128.6,39,2,3128.5,95,5,3129.0,39,5,3129.6,30,2,3129.7,35,1,3129.8,471,5,3129.9,297,5
2031,2026-06-16 11:52:35+05:30,3129.0,10,3130.02,1853246,135315.0,206275.0,3163.0,3163.0,3108.0,3134.3,31918400,3447.7,2820.9,3839.9,2896.0,3128.9,109,3,3128.8,50,1,3128.7,30,2,3128.6,39,2,3128.5,95,5,3129.0,39,5,3129.6,30,2,3129.7,35,1,3129.8,471,5,3129.9,297,5
2031,2026-06-16 11:52:35+05:30,3129.0,1,3130.02,1853247,135352.0,206208.0,3163.0,3163.0,3108.0,3134.3,31918400,3447.7,2820.9,3839.9,2896.0,3128.9,126,4,3128.8,50,1,3128.7,30,2,3128.6,58,3,3128.5,95,5,3129.0,38,5,3129.6,10,1,3129.7,35,1,3129.8,423,4,3129.9,297,5
2031,2026-06-16 11:52:36+05:30,3129.0,1,3130.02,1853247,135352.0,206208.0,3163.0,3163.0,3108.0,3134.3,31918400,3447.7,2820.9,3839.9,2896.0,3128.9,126,4,3128.8,50,1,3128.7,30,2,3128.6,58,3,3128.5,95,5,3129.0,38,5,3129.6,10,1,3129.7,35,1,3129.8,423,4,3129.9,297,5
2031,2026-06-16 11:52:36+05:30,3128.9,65,3130.02,1853530,134855.0,206168.0,3163.0,3163.0,3108.0,3134.3,31918400,3447.7,2820.9,3839.9,2896.0,3128.8,50,1,3128.7,30,2,3128.6,29,1,3128.5,55,3,3128.3,1,1,3128.9,119,1,3129.0,37,5,3129.4,19,1,3129.5,44,1,3129.6,51,3
2031,2026-06-16 11:52:37+05:30,3128.9,65,3130.02,1853530,134855.0,206168.0,3163.0,3163.0,3108.0,3134.3,31918400,3447.7,2820.9,3839.9,2896.0,3128.8,50,1,3128.7,30,2,3128.6,29,1,3128.5,55,3,3128.3,1,1,3128.9,119,1,3129.0,37,5,3129.4,19,1,3129.5,44,1,3129.6,51,3
2031,2026-06-16 11:52:37+05:30,3128.8,1,3130.02,1853581,134846.0,205951.0,3163.0,3163.0,3108.0,3134.3,31918400,3447.7,2820.9,3839.9,2896.0,3128.8,49,1,3128.7,30,2,3128.6,29,1,3128.5,55,3,3128.3,1,1,3128.9,94,2,3129.0,11,3,3129.6,66,2,3129.7,110,3,3129.8,67,3
2031,2026-06-16 11:52:38+05:30,3128.8,1,3130.02,1853581,134846.0,205951.0,3163.0,3163.0,3108.0,3134.3,31918400,3447.7,2820.9,3839.9,2896.0,3128.8,49,1,3128.7,30,2,3128.6,29,1,3128.5,55,3,3128.3,1,1,3128.9,94,2,3129.0,11,3,3129.6,66,2,3129.7,110,3,3129.8,67,3
2031,2026-06-16 11:52:38+05:30,3128.8,1,3130.02,1853631,134741.0,205909.0,3163.0,3163.0,3108.0,3134.3,31918400,3447.7,2820.9,3839.9,2896.0,3128.8,46,2,3128.7,25,1,3128.6,29,1,3128.5,55,3,3128.3,1,1,3128.9,95,3,3129.0,10,2,3129.6,66,2,3129.7,91,2,3129.8,67,3
2031,2026-06-16 11:52:39+05:30,3128.8,1,3130.02,1853631,134741.0,205909.0,3163.0,3163.0,3108.0,3134.3,31918400,3447.7,2820.9,3839.9,2896.0,3128.8,46,2,3128.7,25,1,3128.6,29,1,3128.5,55,3,3128.3,1,1,3128.9,95,3,3129.0,10,2,3129.6,66,2,3129.7,91,2,3129.8,67,3
2031,2026-06-16 11:52:39+05:30,3128.8,1,3130.02,1853631,134722.0,205915.0,3163.0,3163.0,3108.0,3134.3,31918400,3447.7,2820.9,3839.9,2896.0,3128.8,46,2,3128.7,25,1,3128.6,29,1,3128.5,55,3,3128.3,1,1,3128.9,95,3,3129.0,10,2,3129.6,66,2,3129.7,91,2,3129.8,67,3
2031,2026-06-16 11:52:41+05:30,3128.9,1,3130.02,1853632,134778.0,206016.0,3163.0,3163.0,3108.0,3134.3,31918400,3447.7,2820.9,3839.9,2896.0,3128.8,46,2,3128.7,25,1,3128.6,29,1,3128.5,55,3,3128.3,1,1,3128.9,94,3,3129.0,10,2,3129.6,66,2,3129.7,91,2,3129.8,86,4
2031,2026-06-16 11:52:41+05:30,3128.9,1,3130.02,1853632,134778.0,206016.0,3163.0,3163.0,3108.0,3134.3,31918400,3447.7,2820.9,3839.9,2896.0,3128.8,46,2,3128.7,25,1,3128.6,29,1,3128.5,55,3,3128.3,1,1,3128.9,94,3,3129.0,10,2,3129.6,66,2,3129.7,91,2,3129.8,86,4
2031,2026-06-16 11:52:42+05:30,3128.9,1,3130.02,1853632,134793.0,206021.0,3163.0,3163.0,3108.0,3134.3,31918400,3447.7,2820.9,3839.9,2896.0,3128.8,61,3,3128.7,25,1,3128.6,29,1,3128.5,55,3,3128.3,1,1,3128.9,94,3,3129.0,10,2,3129.6,66,2,3129.7,91,2,3129.8,86,4
2031,2026-06-16 11:52:43+05:30,3128.9,1,3130.02,1853633,134756.0,205994.0,3163.0,3163.0,3108.0,3134.3,31918400,3447.7,2820.9,3839.9,2896.0,3128.8,68,4,3128.7,25,1,3128.6,29,1,3128.5,55,3,3128.3,29,2,3128.9,93,3,3129.0,10,2,3129.6,22,1,3129.7,91,2,3129.8,67,3
2031,2026-06-16 11:52:43+05:30,3128.9,1,3130.02,1853633,134756.0,205994.0,3163.0,3163.0,3108.0,3134.3,31918400,3447.7,2820.9,3839.9,2896.0,3128.8,68,4,3128.7,25,1,3128.6,29,1,3128.5,55,3,3128.3,29,2,3128.9,93,3,3129.0,10,2,3129.6,22,1,3129.7,91,2,3129.8,67,3
2031,2026-06-16 11:52:44+05:30,3128.8,1,3130.02,1853633,134756.0,205994.0,3163.0,3163.0,3108.0,3134.3,31918400,3447.7,2820.9,3839.9,2896.0,3128.8,68,4,3128.7,25,1,3128.6,29,1,3128.5,55,3,3128.3,29,2,3128.9,93,3,3129.0,10,2,3129.6,22,1,3129.7,91,2,3129.8,67,3
2031,2026-06-16 11:52:44+05:30,3128.8,1,3130.02,1853634,134876.0,206029.0,3163.0,3163.0,3108.0,3134.3,31918400,3447.7,2820.9,3839.9,2896.0,3128.8,67,4,3128.7,25,1,3128.6,29,1,3128.5,55,3,3128.3,85,3,3128.9,126,3,3129.0,10,2,3129.6,22,1,3129.7,91,2,3129.8,67,3
2031,2026-06-16 11:52:45+05:30,3128.8,4,3130.02,1853638,134692.0,205961.0,3163.0,3163.0,3108.0,3134.3,31918400,3447.7,2820.9,3839.9,2896.0,3128.8,63,4,3128.7,25,1,3128.6,29,1,3128.5,55,3,3128.3,57,2,3128.9,126,3,3129.0,10,2,3129.6,22,1,3129.7,134,3,3129.8,23,2
2031,2026-06-16 11:52:46+05:30,3128.9,34,3130.02,1853638,134692.0,205961.0,3163.0,3163.0,3108.0,3134.3,31918400,3447.7,2820.9,3839.9,2896.0,3128.8,63,4,3128.7,25,1,3128.6,29,1,3128.5,55,3,3128.3,57,2,3128.9,126,3,3129.0,10,2,3129.6,22,1,3129.7,134,3,3129.8,23,2
2031,2026-06-16 11:52:46+05:30,3129.0,1,3130.02,1853765,134748.0,205735.0,3163.0,3163.0,3108.0,3134.3,31918400,3447.7,2820.9,3839.9,2896.0,3128.9,18,3,3128.8,45,4,3128.7,53,2,3128.6,29,1,3128.5,105,5,3129.0,9,2,3129.7,35,1,3129.8,23,2,3129.9,241,4,3130.0,976,9
2031,2026-06-16 11:52:47+05:30,3129.0,1,3130.02,1853765,134748.0,205735.0,3163.0,3163.0,3108.0,3134.3,31918400,3447.7,2820.9,3839.9,2896.0,3128.9,18,3,3128.8,45,4,3128.7,53,2,3128.6,29,1,3128.5,105,5,3129.0,9,2,3129.7,35,1,3129.8,23,2,3129.9,241,4,3130.0,976,9
2031,2026-06-16 11:52:47+05:30,3129.0,1,3130.02,1853765,134944.0,205746.0,3163.0,3163.0,3108.0,3134.3,31918400,3447.7,2820.9,3839.9,2896.0,3128.9,18,3,3128.8,45,4,3128.7,25,1,3128.6,29,1,3128.5,93,4,3129.0,15,3,3129.7,35,1,3129.8,23,2,3129.9,241,4,3130.0,976,9
2031,2026-06-16 11:52:48+05:30,3129.0,10,3130.02,1853765,134944.0,205746.0,3163.0,3163.0,3108.0,3134.3,31918400,3447.7,2820.9,3839.9,2896.0,3128.9,18,3,3128.8,45,4,3128.7,25,1,3128.6,29,1,3128.5,93,4,3129.0,15,3,3129.7,35,1,3129.8,23,2,3129.9,241,4,3130.0,976,9
2031,2026-06-16 11:52:48+05:30,3129.0,10,3130.02,1853791,135069.0,206090.0,3163.0,3163.0,3108.0,3134.3,31918400,3447.7,2820.9,3839.9,2896.0,3129.0,4,1,3128.9,2,2,3128.8,44,3,3128.7,25,1,3128.6,29,1,3129.7,88,4,3129.8,40,2,3129.9,339,6,3130.0,1288,13,3130.1,75,2
2031,2026-06-16 11:52:49+05:30,3129.0,40,3130.02,1853791,135069.0,206090.0,3163.0,3163.0,3108.0,3134.3,31918400,3447.7,2820.9,3839.9,2896.0,3129.0,4,1,3128.9,2,2,3128.8,44,3,3128.7,25,1,3128.6,29,1,3129.7,88,4,3129.8,40,2,3129.9,339,6,3130.0,1288,13,3130.1,75,2
2031,2026-06-16 11:52:49+05:30,3129.0,40,3130.02,1853791,135069.0,206090.0,3163.0,3163.0,3108.0,3134.3,31918400,3447.7,2820.9,3839.9,2896.0,3129.0,4,1,3128.9,2,2,3128.8,44,3,3128.7,25,1,3128.6,29,1,3129.7,88,4,3129.8,40,2,3129.9,339,6,3130.0,1288,13,3130.1,75,2
2031,2026-06-16 11:52:49+05:30,3129.0,40,3130.02,1853832,135036.0,206113.0,3163.0,3163.0,3108.0,3134.3,31918400,3447.7,2820.9,3839.9,2896.0,3129.0,15,1,3128.9,3,3,3128.8,44,3,3128.7,25,1,3128.6,29,1,3129.7,252,8,3129.8,40,2,3129.9,339,6,3130.0,1288,13,3130.1,172,4
2031,2026-06-16 11:52:50+05:30,3129.0,40,3130.02,1853832,135180.0,205983.0,3163.0,3163.0,3108.0,3134.3,31918400,3447.7,2820.9,3839.9,2896.0,3129.0,62,3,3128.9,3,3,3128.8,60,4,3128.7,25,1,3128.6,29,1,3129.6,78,1,3129.7,108,6,3129.8,40,2,3129.9,339,6,3130.0,1288,13
2031,2026-06-16 11:52:50+05:30,3129.0,40,3130.02,1853832,135180.0,205983.0,3163.0,3163.0,3108.0,3134.3,31918400,3447.7,2820.9,3839.9,2896.0,3129.0,62,3,3128.9,3,3,3128.8,60,4,3128.7,25,1,3128.6,29,1,3129.6,78,1,3129.7,108,6,3129.8,40,2,3129.9,339,6,3130.0,1288,13
2031,2026-06-16 11:52:51+05:30,3129.6,5,3130.02,1853832,135180.0,205983.0,3163.0,3163.0,3108.0,3134.3,31918400,3447.7,2820.9,3839.9,2896.0,3129.0,62,3,3128.9,3,3,3128.8,60,4,3128.7,25,1,3128.6,29,1,3129.6,78,1,3129.7,108,6,3129.8,40,2,3129.9,339,6,3130.0,1288,13
2031,2026-06-16 11:52:51+05:30,3129.6,5,3130.02,1853837,135915.0,206405.0,3163.0,3163.0,3108.0,3134.3,31918400,3447.7,2820.9,3839.9,2896.0,3129.3,2,2,3129.1,16,1,3129.0,40,1,3128.9,1,1,3128.8,44,3,3129.6,167,5,3129.7,75,4,3129.8,76,3,3129.9,297,5,3130.0,1241,12
2031,2026-06-16 11:52:52+05:30,3129.6,11,3130.02,1853837,135915.0,206405.0,3163.0,3163.0,3108.0,3134.3,31918400,3447.7,2820.9,3839.9,2896.0,3129.3,2,2,3129.1,16,1,3129.0,40,1,3128.9,1,1,3128.8,44,3,3129.6,167,5,3129.7,75,4,3129.8,76,3,3129.9,297,5,3130.0,1241,12
2031,2026-06-16 11:52:52+05:30,3129.6,11,3130.02,1853849,135862.0,206239.0,3163.0,3163.0,3108.0,3134.3,31918400,3447.7,2820.9,3839.9,2896.0,3129.3,17,3,3129.0,40,1,3128.9,1,1,3128.8,44,3,3128.7,25,1,3129.6,156,6,3129.7,75,4,3129.8,76,3,3129.9,297,5,3130.0,1220,11
2031,2026-06-16 11:52:52+05:30,3129.6,11,3130.02,1853849,135862.0,206239.0,3163.0,3163.0,3108.0,3134.3,31918400,3447.7,2820.9,3839.9,2896.0,3129.3,17,3,3129.0,40,1,3128.9,1,1,3128.8,44,3,3128.7,25,1,3129.6,156,6,3129.7,75,4,3129.8,76,3,3129.9,297,5,3130.0,1220,11
2031,2026-06-16 11:52:53+05:30,3129.3,1,3130.02,1853849,135862.0,206239.0,3163.0,3163.0,3108.0,3134.3,31918400,3447.7,2820.9,3839.9,2896.0,3129.3,17,3,3129.0,40,1,3128.9,1,1,3128.8,44,3,3128.7,25,1,3129.6,156,6,3129.7,75,4,3129.8,76,3,3129.9,297,5,3130.0,1220,11
2031,2026-06-16 11:52:53+05:30,3129.3,1,3130.02,1853850,135919.0,206303.0,3163.0,3163.0,3108.0,3134.3,31918400,3447.7,2820.9,3839.9,2896.0,3129.3,55,4,3129.0,40,1,3128.9,1,1,3128.8,61,4,3128.5,12,2,3129.6,140,5,3129.7,75,4,3129.8,76,3,3129.9,297,5,3130.0,1020,10
2031,2026-06-16 11:52:54+05:30,3129.3,1,3130.02,1853850,135860.0,206873.0,3163.0,3163.0,3108.0,3134.3,31918400,3447.7,2820.9,3839.9,2896.0,3129.5,15,1,3129.3,40,3,3129.0,40,1,3128.9,16,2,3128.8,44,3,3129.6,159,6,3129.7,75,4,3129.8,76,3,3129.9,297,5,3130.0,1220,11
2031,2026-06-16 11:52:55+05:30,3129.6,15,3130.02,1853850,135860.0,206873.0,3163.0,3163.0,3108.0,3134.3,31918400,3447.7,2820.9,3839.9,2896.0,3129.5,15,1,3129.3,40,3,3129.0,40,1,3128.9,16,2,3128.8,44,3,3129.6,159,6,3129.7,75,4,3129.8,76,3,3129.9,297,5,3130.0,1220,11
2031,2026-06-16 11:52:55+05:30,3129.6,15,3130.02,1853850,135860.0,206873.0,3163.0,3163.0,3108.0,3134.3,31918400,3447.7,2820.9,3839.9,2896.0,3129.5,15,1,3129.3,40,3,3129.0,40,1,3128.9,16,2,3128.8,44,3,3129.6,159,6,3129.7,75,4,3129.8,76,3,3129.9,297,5,3130.0,1220,11
2031,2026-06-16 11:52:55+05:30,3129.6,15,3130.02,1854024,135763.0,205928.0,3163.0,3163.0,3108.0,3134.3,31918400,3447.7,2820.9,3839.9,2896.0,3129.3,56,5,3129.0,40,1,3128.9,1,1,3128.8,44,3,3128.5,32,3,3129.6,63,1,3129.7,116,5,3129.8,21,2,3129.9,241,4,3130.0,1220,11
2031,2026-06-16 11:52:56+05:30,3129.4,1,3130.02,1854024,135763.0,205928.0,3163.0,3163.0,3108.0,3134.3,31918400,3447.7,2820.9,3839.9,2896.0,3129.3,56,5,3129.0,40,1,3128.9,1,1,3128.8,44,3,3128.5,32,3,3129.6,63,1,3129.7,116,5,3129.8,21,2,3129.9,241,4,3130.0,1220,11
2031,2026-06-16 11:52:56+05:30,3129.4,1,3130.02,1854037,135631.0,206095.0,3163.0,3163.0,3108.0,3134.3,31918400,3447.7,2820.9,3839.9,2896.0,3129.4,2,2,3129.3,54,3,3129.0,40,1,3128.9,1,1,3128.8,43,2,3129.6,52,1,3129.7,116,5,3129.8,21,2,3129.9,241,4,3130.0,1220,11
2031,2026-06-16 11:52:56+05:30,3129.4,1,3130.02,1854037,135631.0,206095.0,3163.0,3163.0,3108.0,3134.3,31918400,3447.7,2820.9,3839.9,2896.0,3129.4,2,2,3129.3,54,3,3129.0,40,1,3128.9,1,1,3128.8,43,2,3129.6,52,1,3129.7,116,5,3129.8,21,2,3129.9,241,4,3130.0,1220,11
2031,2026-06-16 11:52:57+05:30,3129.6,1,3130.02,1854037,135631.0,206095.0,3163.0,3163.0,3108.0,3134.3,31918400,3447.7,2820.9,3839.9,2896.0,3129.4,2,2,3129.3,54,3,3129.0,40,1,3128.9,1,1,3128.8,43,2,3129.6,52,1,3129.7,116,5,3129.8,21,2,3129.9,241,4,3130.0,1220,11
2031,2026-06-16 11:52:57+05:30,3129.6,1,3130.02,1854038,135671.0,206156.0,3163.0,3163.0,3108.0,3134.3,31918400,3447.7,2820.9,3839.9,2896.0,3129.4,2,2,3129.3,54,3,3129.0,40,1,3128.9,1,1,3128.8,43,2,3129.6,51,1,3129.7,97,4,3129.8,2,1,3129.9,241,4,3130.0,1020,10
2031,2026-06-16 11:52:58+05:30,3129.3,6,3130.02,1854038,135671.0,206156.0,3163.0,3163.0,3108.0,3134.3,31918400,3447.7,2820.9,3839.9,2896.0,3129.4,2,2,3129.3,54,3,3129.0,40,1,3128.9,1,1,3128.8,43,2,3129.6,51,1,3129.7,97,4,3129.8,2,1,3129.9,241,4,3130.0,1020,10
2031,2026-06-16 11:52:58+05:30,3129.3,6,3130.02,1854295,133906.0,206697.0,3163.0,3163.0,3108.0,3134.3,31918400,3447.7,2820.9,3839.9,2896.0,3129.0,40,1,3128.9,1,1,3128.8,7,1,3128.5,12,2,3128.3,1,1,3129.3,452,4,3129.4,19,1,3129.6,135,5,3129.7,100,4,3129.8,110,5
2031,2026-06-16 11:52:58+05:30,3129.3,6,3130.02,1854295,133906.0,206697.0,3163.0,3163.0,3108.0,3134.3,31918400,3447.7,2820.9,3839.9,2896.0,3129.0,40,1,3128.9,1,1,3128.8,7,1,3128.5,12,2,3128.3,1,1,3129.3,452,4,3129.4,19,1,3129.6,135,5,3129.7,100,4,3129.8,110,5
2031,2026-06-16 11:52:59+05:30,3129.3,13,3130.02,1854295,133906.0,206697.0,3163.0,3163.0,3108.0,3134.3,31918400,3447.7,2820.9,3839.9,2896.0,3129.0,40,1,3128.9,1,1,3128.8,7,1,3128.5,12,2,3128.3,1,1,3129.3,452,4,3129.4,19,1,3129.6,135,5,3129.7,100,4,3129.8,110,5
2031,2026-06-16 11:52:59+05:30,3129.3,13,3130.02,1854308,133979.0,207088.0,3163.0,3163.0,3108.0,3134.3,31918400,3447.7,2820.9,3839.9,2896.0,3129.0,41,2,3128.9,1,1,3128.8,7,1,3128.5,12,2,3128.3,1,1,3129.3,439,4,3129.4,19,1,3129.6,135,5,3129.7,286,4,3129.8,110,5
2031,2026-06-16 11:52:59+05:30,3129.3,13,3130.02,1854308,133979.0,207088.0,3163.0,3163.0,3108.0,3134.3,31918400,3447.7,2820.9,3839.9,2896.0,3129.0,41,2,3128.9,1,1,3128.8,7,1,3128.5,12,2,3128.3,1,1,3129.3,439,4,3129.4,19,1,3129.6,135,5,3129.7,286,4,3129.8,110,5
2031,2026-06-16 11:53:00+05:30,3129.3,7,3130.02,1854308,133979.0,207088.0,3163.0,3163.0,3108.0,3134.3,31918400,3447.7,2820.9,3839.9,2896.0,3129.0,41,2,3128.9,1,1,3128.8,7,1,3128.5,12,2,3128.3,1,1,3129.3,439,4,3129.4,19,1,3129.6,135,5,3129.7,286,4,3129.8,110,5
2031,2026-06-16 11:53:00+05:30,3129.3,7,3130.02,1854315,134378.0,205281.0,3163.0,3163.0,3108.0,3134.3,31918400,3447.7,2820.9,3839.9,2896.0,3129.2,5,1,3129.0,41,2,3128.9,1,1,3128.5,12,2,3128.3,1,1,3129.3,375,3,3129.4,40,1,3129.6,335,6,3129.7,53,2,3129.8,91,5
2031,2026-06-16 11:53:00+05:30,3129.3,7,3130.02,1854315,134378.0,205281.0,3163.0,3163.0,3108.0,3134.3,31918400,3447.7,2820.9,3839.9,2896.0,3129.2,5,1,3129.0,41,2,3128.9,1,1,3128.5,12,2,3128.3,1,1,3129.3,375,3,3129.4,40,1,3129.6,335,6,3129.7,53,2,3129.8,91,5
2031,2026-06-16 11:53:01+05:30,3129.3,2,3130.02,1854315,134378.0,205281.0,3163.0,3163.0,3108.0,3134.3,31918400,3447.7,2820.9,3839.9,2896.0,3129.2,5,1,3129.0,41,2,3128.9,1,1,3128.5,12,2,3128.3,1,1,3129.3,375,3,3129.4,40,1,3129.6,335,6,3129.7,53,2,3129.8,91,5
2031,2026-06-16 11:53:01+05:30,3129.3,2,3130.02,1854319,134402.0,207327.0,3163.0,3163.0,3108.0,3134.3,31918400,3447.7,2820.9,3839.9,2896.0,3129.2,6,2,3129.0,41,2,3128.9,1,1,3128.6,11,1,3128.5,12,2,3129.3,371,3,3129.4,40,1,3129.6,307,5,3129.7,34,1,3129.8,110,6
2031,2026-06-16 11:53:01+05:30,3129.3,2,3130.02,1854319,134402.0,207327.0,3163.0,3163.0,3108.0,3134.3,31918400,3447.7,2820.9,3839.9,2896.0,3129.2,6,2,3129.0,41,2,3128.9,1,1,3128.6,11,1,3128.5,12,2,3129.3,371,3,3129.4,40,1,3129.6,307,5,3129.7,34,1,3129.8,110,6
2031,2026-06-16 11:53:02+05:30,3129.3,1,3130.02,1854319,134402.0,207327.0,3163.0,3163.0,3108.0,3134.3,31918400,3447.7,2820.9,3839.9,2896.0,3129.2,6,2,3129.0,41,2,3128.9,1,1,3128.6,11,1,3128.5,12,2,3129.3,371,3,3129.4,40,1,3129.6,307,5,3129.7,34,1,3129.8,110,6
2031,2026-06-16 11:53:02+05:30,3129.3,1,3130.02,1854321,135107.0,207437.0,3163.0,3163.0,3108.0,3134.3,31918400,3447.7,2820.9,3839.9,2896.0,3129.2,6,2,3129.0,41,2,3128.9,18,2,3128.6,11,1,3128.5,12,2,3129.3,369,3,3129.5,19,1,3129.6,288,4,3129.7,34,1,3129.8,82,4
2031,2026-06-16 11:53:02+05:30,3129.3,1,3130.02,1854321,135107.0,207437.0,3163.0,3163.0,3108.0,3134.3,31918400,3447.7,2820.9,3839.9,2896.0,3129.2,6,2,3129.0,41,2,3128.9,18,2,3128.6,11,1,3128.5,12,2,3129.3,369,3,3129.5,19,1,3129.6,288,4,3129.7,34,1,3129.8,82,4
2031,2026-06-16 11:53:03+05:30,3128.6,22,3130.02,1854321,135107.0,207437.0,3163.0,3163.0,3108.0,3134.3,31918400,3447.7,2820.9,3839.9,2896.0,3129.2,6,2,3129.0,41,2,3128.9,18,2,3128.6,11,1,3128.5,12,2,3129.3,369,3,3129.5,19,1,3129.6,288,4,3129.7,34,1,3129.8,82,4
2031,2026-06-16 11:53:03+05:30,3128.6,22,3130.02,1854321,135107.0,207437.0,3163.0,3163.0,3108.0,3134.3,31918400,3447.7,2820.9,3839.9,2896.0,3129.2,6,2,3129.0,41,2,3128.9,18,2,3128.6,11,1,3128.5,12,2,3129.3,369,3,3129.5,19,1,3129.6,288,4,3129.7,34,1,3129.8,82,4
2031,2026-06-16 11:53:03+05:30,3128.6,11,3130.02,1854668,133821.0,207113.0,3163.0,3163.0,3108.0,3134.3,31918400,3447.7,2820.9,3839.9,2896.0,3128.5,12,2,3128.3,1,1,3128.0,1000,3,3127.9,133,3,3127.8,85,4,3128.6,82,1,3128.7,39,1,3129.3,26,2,3129.4,78,2,3129.5,41,1
2031,2026-06-16 11:53:04+05:30,3128.7,11,3130.02,1854668,133821.0,207113.0,3163.0,3163.0,3108.0,3134.3,31918400,3447.7,2820.9,3839.9,2896.0,3128.5,12,2,3128.3,1,1,3128.0,1000,3,3127.9,133,3,3127.8,85,4,3128.6,82,1,3128.7,39,1,3129.3,26,2,3129.4,78,2,3129.5,41,1
2031,2026-06-16 11:53:04+05:30,3128.7,11,3130.02,1854668,133821.0,207113.0,3163.0,3163.0,3108.0,3134.3,31918400,3447.7,2820.9,3839.9,2896.0,3128.5,12,2,3128.3,1,1,3128.0,1000,3,3127.9,133,3,3127.8,85,4,3128.6,82,1,3128.7,39,1,3129.3,26,2,3129.4,78,2,3129.5,41,1
2031,2026-06-16 11:53:04+05:30,3128.7,10,3130.02,1854785,133846.0,206850.0,3163.0,3163.0,3108.0,3134.3,31918400,3447.7,2820.9,3839.9,2896.0,3128.2,13,1,3128.1,51,6,3128.0,1067,5,3127.9,98,3,3127.8,141,6,3128.7,18,1,3128.8,79,1,3129.3,36,3,3129.4,22,1,3129.5,16,1
2031,2026-06-16 11:53:04+05:30,3128.7,10,3130.02,1854785,133846.0,206850.0,3163.0,3163.0,3108.0,3134.3,31918400,3447.7,2820.9,3839.9,2896.0,3128.2,13,1,3128.1,51,6,3128.0,1067,5,3127.9,98,3,3127.8,141,6,3128.7,18,1,3128.8,79,1,3129.3,36,3,3129.4,22,1,3129.5,16,1
2031,2026-06-16 11:53:05+05:30,3128.7,10,3130.02,1854785,133846.0,206850.0,3163.0,3163.0,3108.0,3134.3,31918400,3447.7,2820.9,3839.9,2896.0,3128.2,13,1,3128.1,51,6,3128.0,1067,5,3127.9,98,3,3127.8,141,6,3128.7,18,1,3128.8,79,1,3129.3,36,3,3129.4,22,1,3129.5,16,1
2031,2026-06-16 11:53:05+05:30,3128.7,15,3130.02,1854845,133855.0,206805.0,3163.0,3163.0,3108.0,3134.3,31918400,3447.7,2820.9,3839.9,2896.0,3128.3,14,1,3128.2,77,8,3128.1,36,4,3128.0,1104,6,3127.9,38,2,3128.7,9,1,3128.8,79,1,3129.3,1,1,3129.4,22,1,3129.5,16,1
2031,2026-06-16 11:53:05+05:30,3128.7,15,3130.02,1854845,133855.0,206805.0,3163.0,3163.0,3108.0,3134.3,31918400,3447.7,2820.9,3839.9,2896.0,3128.3,14,1,3128.2,77,8,3128.1,36,4,3128.0,1104,6,3127.9,38,2,3128.7,9,1,3128.8,79,1,3129.3,1,1,3129.4,22,1,3129.5,16,1
2031,2026-06-16 11:53:06+05:30,3128.7,15,3130.02,1854845,133855.0,206805.0,3163.0,3163.0,3108.0,3134.3,31918400,3447.7,2820.9,3839.9,2896.0,3128.3,14,1,3128.2,77,8,3128.1,36,4,3128.0,1104,6,3127.9,38,2,3128.7,9,1,3128.8,79,1,3129.3,1,1,3129.4,22,1,3129.5,16,1
2031,2026-06-16 11:53:06+05:30,3128.7,15,3130.02,1854845,133855.0,206805.0,3163.0,3163.0,3108.0,3134.3,31918400,3447.7,2820.9,3839.9,2896.0,3128.3,14,1,3128.2,77,8,3128.1,36,4,3128.0,1104,6,3127.9,38,2,3128.7,9,1,3128.8,79,1,3129.3,1,1,3129.4,22,1,3129.5,16,1
2031,2026-06-16 11:53:06+05:30,3128.7,15,3130.02,1854845,133877.0,206802.0,3163.0,3163.0,3108.0,3134.3,31918400,3447.7,2820.9,3839.9,2896.0,3128.3,1,1,3128.2,46,5,3128.1,36,4,3128.0,1114,7,3127.9,53,3,3128.7,6,1,3128.8,79,1,3129.3,1,1,3129.4,22,1,3129.5,16,1
2031,2026-06-16 11:53:07+05:30,3128.7,15,3130.02,1854845,133877.0,206802.0,3163.0,3163.0,3108.0,3134.3,31918400,3447.7,2820.9,3839.9,2896.0,3128.3,1,1,3128.2,46,5,3128.1,36,4,3128.0,1114,7,3127.9,53,3,3128.7,6,1,3128.8,79,1,3129.3,1,1,3129.4,22,1,3129.5,16,1
2031,2026-06-16 11:53:07+05:30,3128.7,15,3130.02,1854845,133951.0,206816.0,3163.0,3163.0,3108.0,3134.3,31918400,3447.7,2820.9,3839.9,2896.0,3128.3,1,1,3128.2,47,4,3128.1,28,3,3128.0,1053,4,3127.9,53,3,3128.7,25,3,3128.8,79,1,3129.3,1,1,3129.4,22,1,3129.5,16,1
2031,2026-06-16 11:53:08+05:30,3128.7,15,3130.02,1854845,133951.0,206816.0,3163.0,3163.0,3108.0,3134.3,31919800,3447.7,2820.9,3839.9,2896.0,3128.3,1,1,3128.2,47,4,3128.1,28,3,3128.0,1053,4,3127.9,53,3,3128.7,25,3,3128.8,79,1,3129.3,1,1,3129.4,22,1,3129.5,16,1
2031,2026-06-16 11:53:08+05:30,3128.8,1,3130.02,1854845,133951.0,206816.0,3163.0,3163.0,3108.0,3134.3,31919800,3447.7,2820.9,3839.9,2896.0,3128.3,1,1,3128.2,47,4,3128.1,28,3,3128.0,1053,4,3127.9,53,3,3128.7,25,3,3128.8,79,1,3129.3,1,1,3129.4,22,1,3129.5,16,1
2031,2026-06-16 11:53:08+05:30,3128.8,1,3130.02,1855096,133703.0,206913.0,3163.0,3163.0,3108.0,3134.3,31919800,3447.7,2820.9,3839.9,2896.0,3128.3,1,1,3128.2,15,2,3128.0,1039,3,3127.9,36,2,3127.8,61,3,3128.8,1,1,3129.4,25,2,3129.5,76,3,3129.6,318,5,3129.7,34,1
2031,2026-06-16 11:53:09+05:30,3128.8,1,3130.02,1855096,133703.0,206913.0,3163.0,3163.0,3108.0,3134.3,31919800,3447.7,2820.9,3839.9,2896.0,3128.3,1,1,3128.2,15,2,3128.0,1039,3,3127.9,36,2,3127.8,61,3,3128.8,1,1,3129.4,25,2,3129.5,76,3,3129.6,318,5,3129.7,34,1
2031,2026-06-16 11:53:09+05:30,3128.8,1,3130.02,1855099,133761.0,206866.0,3163.0,3163.0,3108.0,3134.3,31919800,3447.7,2820.9,3839.9,2896.0,3128.3,18,2,3128.2,15,2,3128.0,1011,2,3127.9,36,2,3127.8,82,5,3128.8,14,2,3129.4,46,3,3129.5,276,4,3129.6,118,4,3129.7,34,1
2031,2026-06-16 11:53:10+05:30,3128.8,1,3130.02,1855099,133761.0,206857.0,3163.0,3163.0,3108.0,3134.3,31919800,3447.7,2820.9,3839.9,2896.0,3128.3,18,2,3128.2,15,2,3128.1,14,1,3128.0,1011,2,3127.9,21,1,3128.8,14,2,3129.4,46,3,3129.5,316,5,3129.6,78,3,3129.7,34,1
2031,2026-06-16 11:53:11+05:30,3128.8,1,3130.02,1855099,133800.0,206875.0,3163.0,3163.0,3108.0,3134.3,31919800,3447.7,2820.9,3839.9,2896.0,3128.3,32,3,3128.2,15,2,3128.0,1011,2,3127.9,40,2,3127.8,68,4,3128.8,49,3,3129.4,26,2,3129.5,316,5,3129.6,78,3,3129.7,34,1
2031,2026-06-16 11:53:12+05:30,3128.8,2,3130.02,1855099,133800.0,206875.0,3163.0,3163.0,3108.0,3134.3,31919800,3447.7,2820.9,3839.9,2896.0,3128.3,32,3,3128.2,15,2,3128.0,1011,2,3127.9,40,2,3127.8,68,4,3128.8,49,3,3129.4,26,2,3129.5,316,5,3129.6,78,3,3129.7,34,1
2031,2026-06-16 11:53:12+05:30,3128.8,2,3130.02,1855110,133772.0,206862.0,3163.0,3163.0,3108.0,3134.3,31919800,3447.7,2820.9,3839.9,2896.0,3128.3,18,2,3128.2,1,1,3128.1,13,1,3128.0,1011,2,3127.9,21,1,3128.8,33,1,3129.4,66,3,3129.5,276,4,3129.6,118,4,3129.7,34,1
2031,2026-06-16 11:53:13+05:30,3128.3,1,3130.02,1855110,133772.0,206862.0,3163.0,3163.0,3108.0,3134.3,31919800,3447.7,2820.9,3839.9,2896.0,3128.3,18,2,3128.2,1,1,3128.1,13,1,3128.0,1011,2,3127.9,21,1,3128.8,33,1,3129.4,66,3,3129.5,276,4,3129.6,118,4,3129.7,34,1
2031,2026-06-16 11:53:13+05:30,3128.3,1,3130.02,1855137,133832.0,206815.0,3163.0,3163.0,3108.0,3134.3,31919800,3447.7,2820.9,3839.9,2896.0,3128.3,32,3,3128.2,1,1,3128.0,1011,2,3127.9,40,2,3127.8,80,4,3128.8,32,2,3129.4,66,3,3129.5,227,3,3129.6,118,4,3129.7,34,1
2031,2026-06-16 11:53:14+05:30,3128.3,1,3130.02,1855137,133760.0,206830.0,3163.0,3163.0,3108.0,3134.3,31919800,3447.7,2820.9,3839.9,2896.0,3128.6,1,1,3128.5,17,1,3128.3,1,1,3128.2,1,1,3128.1,13,1,3128.8,32,2,3129.2,39,1,3129.4,121,4,3129.5,227,3,3129.6,137,5
2031,2026-06-16 11:53:15+05:30,3129.4,8,3130.02,1855137,133760.0,206830.0,3163.0,3163.0,3108.0,3134.3,31919800,3447.7,2820.9,3839.9,2896.0,3128.6,1,1,3128.5,17,1,3128.3,1,1,3128.2,1,1,3128.1,13,1,3128.8,32,2,3129.2,39,1,3129.4,121,4,3129.5,227,3,3129.6,137,5
2031,2026-06-16 11:53:15+05:30,3129.4,8,3130.02,1855195,134319.0,207145.0,3163.0,3163.0,3108.0,3134.3,31919800,3447.7,2820.9,3839.9,2896.0,3128.9,3,3,3128.7,18,1,3128.3,17,3,3128.2,1,1,3128.1,63,1,3129.3,11,1,3129.4,41,2,3129.5,217,2,3129.6,97,3,3129.7,53,2
2031,2026-06-16 11:53:16+05:30,3129.4,8,3130.02,1855195,133328.0,207195.0,3163.0,3163.0,3108.0,3134.3,31919800,3447.7,2820.9,3839.9,2896.0,3129.1,2,2,3128.9,3,3,3128.7,18,1,3128.3,2,2,3128.2,1,1,3129.3,11,1,3129.4,2,1,3129.5,217,2,3129.6,58,2,3129.7,34,1
2031,2026-06-16 11:53:17+05:30,3129.3,10,3130.02,1855195,133328.0,207195.0,3163.0,3163.0,3108.0,3134.3,31919800,3447.7,2820.9,3839.9,2896.0,3129.1,2,2,3128.9,3,3,3128.7,18,1,3128.3,2,2,3128.2,1,1,3129.3,11,1,3129.4,2,1,3129.5,217,2,3129.6,58,2,3129.7,34,1
2031,2026-06-16 11:53:17+05:30,3129.3,10,3130.02,1855205,134524.0,207259.0,3163.0,3163.0,3108.0,3134.3,31919800,3447.7,2820.9,3839.9,2896.0,3129.1,3,3,3128.9,18,4,3128.3,47,4,3128.2,64,2,3128.1,84,2,3129.3,8,2,3129.4,2,1,3129.5,217,2,3129.6,58,2,3129.7,34,1
2031,2026-06-16 11:53:18+05:30,3129.3,1,3130.02,1855205,134524.0,207259.0,3163.0,3163.0,3108.0,3134.3,31919800,3447.7,2820.9,3839.9,2896.0,3129.1,3,3,3128.9,18,4,3128.3,47,4,3128.2,64,2,3128.1,84,2,3129.3,8,2,3129.4,2,1,3129.5,217,2,3129.6,58,2,3129.7,34,1
2031,2026-06-16 11:53:18+05:30,3129.3,1,3130.02,1855207,134531.0,207300.0,3163.0,3163.0,3108.0,3134.3,31919800,3447.7,2820.9,3839.9,2896.0,3129.1,3,3,3128.9,17,3,3128.3,47,4,3128.2,64,2,3128.1,249,3,3129.3,14,2,3129.4,40,2,3129.5,217,2,3129.6,96,3,3129.7,34,1
2031,2026-06-16 11:53:19+05:30,3129.5,65,3130.02,1855207,134531.0,207300.0,3163.0,3163.0,3108.0,3134.3,31919800,3447.7,2820.9,3839.9,2896.0,3129.1,3,3,3128.9,17,3,3128.3,47,4,3128.2,64,2,3128.1,249,3,3129.3,14,2,3129.4,40,2,3129.5,217,2,3129.6,96,3,3129.7,34,1
2031,2026-06-16 11:53:19+05:30,3129.1,17,3130.02,1855400,134015.0,207093.0,3163.0,3163.0,3108.0,3134.3,31919800,3447.7,2820.9,3839.9,2896.0,3129.1,19,3,3128.9,2,2,3128.3,16,3,3128.2,1,1,3128.1,21,1,3129.3,9,1,3129.5,211,4,3129.6,40,2,3129.7,34,1,3129.8,167,6
2031,2026-06-16 11:53:20+05:30,3129.3,1,3130.02,1855400,134015.0,207093.0,3163.0,3163.0,3108.0,3134.3,31919800,3447.7,2820.9,3839.9,2896.0,3129.1,19,3,3128.9,2,2,3128.3,16,3,3128.2,1,1,3128.1,21,1,3129.3,9,1,3129.5,211,4,3129.6,40,2,3129.7,34,1,3129.8,167,6
2031,2026-06-16 11:53:20+05:30,3129.1,127,3130.02,1855586,134287.0,207222.0,3163.0,3163.0,3108.0,3134.3,31919800,3447.7,2820.9,3839.9,2896.0,3128.9,2,2,3128.7,14,1,3128.3,1,1,3128.2,1,1,3128.1,183,1,3129.1,15,1,3129.3,46,2,3129.4,135,1,3129.5,19,1,3129.6,78,3
2031,2026-06-16 11:53:21+05:30,3129.1,127,3130.02,1855586,134287.0,207222.0,3163.0,3163.0,3108.0,3134.3,31919800,3447.7,2820.9,3839.9,2896.0,3128.9,2,2,3128.7,14,1,3128.3,1,1,3128.2,1,1,3128.1,183,1,3129.1,15,1,3129.3,46,2,3129.4,135,1,3129.5,19,1,3129.6,78,3
2031,2026-06-16 11:53:21+05:30,3129.1,127,3130.02,1855586,134161.0,207162.0,3163.0,3163.0,3108.0,3134.3,31919800,3447.7,2820.9,3839.9,2896.0,3128.9,2,2,3128.7,14,1,3128.3,1,1,3128.2,1,1,3128.1,179,1,3129.1,25,2,3129.2,39,1,3129.4,244,3,3129.6,110,4,3129.7,53,2
2031,2026-06-16 11:53:22+05:30,3128.2,6,3130.02,1855586,134161.0,207162.0,3163.0,3163.0,3108.0,3134.3,31919800,3447.7,2820.9,3839.9,2896.0,3128.9,2,2,3128.7,14,1,3128.3,1,1,3128.2,1,1,3128.1,179,1,3129.1,25,2,3129.2,39,1,3129.4,244,3,3129.6,110,4,3129.7,53,2
2031,2026-06-16 11:53:22+05:30,3128.2,6,3130.02,1855743,133369.0,206866.0,3163.0,3163.0,3108.0,3134.3,31919800,3447.7,2820.9,3839.9,2896.0,3128.0,981,2,3127.9,17,1,3127.8,30,2,3127.7,12,1,3127.6,117,3,3128.1,14,1,3128.2,44,1,3129.1,11,2,3129.2,157,2,3129.3,16,1
2031,2026-06-16 11:53:23+05:30,3128.1,1,3130.02,1855744,133659.0,207031.0,3163.0,3163.0,3108.0,3134.3,31919800,3447.7,2820.9,3839.9,2896.0,3128.0,1141,4,3127.9,45,2,3127.8,21,2,3127.7,33,2,3127.6,136,4,3128.1,13,1,3128.2,44,1,3129.1,11,2,3129.2,157,2,3129.3,16,1
2031,2026-06-16 11:53:24+05:30,3128.1,1,3130.02,1855744,133659.0,207031.0,3163.0,3163.0,3108.0,3134.3,31919800,3447.7,2820.9,3839.9,2896.0,3128.0,1141,4,3127.9,45,2,3127.8,21,2,3127.7,33,2,3127.6,136,4,3128.1,13,1,3128.2,44,1,3129.1,11,2,3129.2,157,2,3129.3,16,1
2031,2026-06-16 11:53:24+05:30,3128.2,28,3130.02,1855794,133698.0,206963.0,3163.0,3163.0,3108.0,3134.3,31919800,3447.7,2820.9,3839.9,2896.0,3128.0,1159,6,3127.9,90,4,3127.8,52,3,3127.7,26,3,3127.6,174,5,3128.2,16,1,3129.2,157,2,3129.4,77,2,3129.5,39,1,3129.6,93,4
2031,2026-06-16 11:53:25+05:30,3128.2,28,3130.02,1855794,133698.0,206963.0,3163.0,3163.0,3108.0,3134.3,31919800,3447.7,2820.9,3839.9,2896.0,3128.0,1159,6,3127.9,90,4,3127.8,52,3,3127.7,26,3,3127.6,174,5,3128.2,16,1,3129.2,157,2,3129.4,77,2,3129.5,39,1,3129.6,93,4
2031,2026-06-16 11:53:25+05:30,3128.2,28,3130.02,1855794,133792.0,206980.0,3163.0,3163.0,3108.0,3134.3,31919800,3447.7,2820.9,3839.9,2896.0,3128.0,1159,6,3127.9,82,3,3127.8,70,4,3127.7,14,2,3127.6,136,4,3128.2,25,2,3129.2,157,2,3129.4,77,2,3129.5,39,1,3129.6,93,4
2031,2026-06-16 11:53:26+05:30,3130.0,200,3130.02,1855794,133792.0,206980.0,3163.0,3163.0,3108.0,3134.3,31919800,3447.7,2820.9,3839.9,2896.0,3128.0,1159,6,3127.9,82,3,3127.8,70,4,3127.7,14,2,3127.6,136,4,3128.2,25,2,3129.2,157,2,3129.4,77,2,3129.5,39,1,3129.6,93,4
2031,2026-06-16 11:53:26+05:30,3130.2,20,3130.02,1861435,136844.0,202754.0,3163.0,3163.0,3108.0,3134.3,31919800,3447.7,2820.9,3839.9,2896.0,3130.0,626,2,3129.9,28,1,3129.8,19,1,3129.7,38,3,3129.6,19,1,3130.2,180,1,3130.3,1,1,3130.5,48,4,3130.9,1,1,3131.0,147,5
2031,2026-06-16 11:53:27+05:30,3130.2,20,3130.02,1861435,136844.0,202754.0,3163.0,3163.0,3108.0,3134.3,31919800,3447.7,2820.9,3839.9,2896.0,3130.0,626,2,3129.9,28,1,3129.8,19,1,3129.7,38,3,3129.6,19,1,3130.2,180,1,3130.3,1,1,3130.5,48,4,3130.9,1,1,3131.0,147,5
2031,2026-06-16 11:53:27+05:30,3130.2,20,3130.02,1861435,136978.0,202743.0,3163.0,3163.0,3108.0,3134.3,31919800,3447.7,2820.9,3839.9,2896.0,3130.0,883,5,3129.9,8,1,3129.8,40,2,3129.7,31,3,3129.6,66,3,3130.2,180,1,3130.3,1,1,3130.5,28,2,3130.9,1,1,3131.0,147,5
2031,2026-06-16 11:53:28+05:30,3130.2,1,3130.02,1861435,136978.0,202743.0,3163.0,3163.0,3108.0,3134.3,31919800,3447.7,2820.9,3839.9,2896.0,3130.0,883,5,3129.9,8,1,3129.8,40,2,3129.7,31,3,3129.6,66,3,3130.2,180,1,3130.3,1,1,3130.5,28,2,3130.9,1,1,3131.0,147,5
2031,2026-06-16 11:53:28+05:30,3130.2,1,3130.02,1861436,136771.0,202697.0,3163.0,3163.0,3108.0,3134.3,31919800,3447.7,2820.9,3839.9,2896.0,3130.0,883,5,3129.9,16,2,3129.8,54,4,3129.7,72,3,3129.6,66,3,3130.2,179,1,3130.3,1,1,3130.5,28,2,3130.9,1,1,3131.0,147,5
2031,2026-06-16 11:53:29+05:30,3130.2,1,3130.02,1861436,136771.0,202697.0,3163.0,3163.0,3108.0,3134.3,31919800,3447.7,2820.9,3839.9,2896.0,3130.0,883,5,3129.9,16,2,3129.8,54,4,3129.7,72,3,3129.6,66,3,3130.2,179,1,3130.3,1,1,3130.5,28,2,3130.9,1,1,3131.0,147,5
2031,2026-06-16 11:53:29+05:30,3130.2,1,3130.02,1861437,136771.0,202690.0,3163.0,3163.0,3108.0,3134.3,31919800,3447.7,2820.9,3839.9,2896.0,3130.0,883,5,3129.9,16,2,3129.8,54,4,3129.7,72,3,3129.6,66,3,3130.2,178,1,3130.3,1,1,3130.5,28,2,3130.9,1,1,3131.0,147,5
2031,2026-06-16 11:53:30+05:30,3130.0,54,3130.02,1861437,136771.0,202690.0,3163.0,3163.0,3108.0,3134.3,31919800,3447.7,2820.9,3839.9,2896.0,3130.0,883,5,3129.9,16,2,3129.8,54,4,3129.7,72,3,3129.6,66,3,3130.2,178,1,3130.3,1,1,3130.5,28,2,3130.9,1,1,3131.0,147,5
2031,2026-06-16 11:53:30+05:30,3130.0,20,3130.02,1863560,137163.0,202716.0,3163.0,3163.0,3108.0,3134.3,31919800,3447.7,2820.9,3839.9,2896.0,3130.1,2,2,3130.0,1120,5,3129.8,59,3,3129.7,31,3,3129.6,57,3,3130.2,35,2,3130.3,1,1,3130.5,32,3,3130.9,1,1,3131.0,147,5
2031,2026-06-16 11:53:31+05:30,3130.1,1,3130.02,1863560,137163.0,202716.0,3163.0,3163.0,3108.0,3134.3,31919800,3447.7,2820.9,3839.9,2896.0,3130.1,2,2,3130.0,1120,5,3129.8,59,3,3129.7,31,3,3129.6,57,3,3130.2,35,2,3130.3,1,1,3130.5,32,3,3130.9,1,1,3131.0,147,5
2031,2026-06-16 11:53:31+05:30,3130.1,1,3130.02,1863561,137462.0,203228.0,3163.0,3163.0,3108.0,3134.3,31919800,3447.7,2820.9,3839.9,2896.0,3130.1,82,7,3130.0,1140,7,3129.9,37,3,3129.8,41,3,3129.7,28,2,3130.2,59,3,3130.3,201,2,3130.5,32,3,3130.9,1,1,3131.0,147,5
2031,2026-06-16 11:53:32+05:30,3130.1,1,3130.02,1863561,137501.0,203317.0,3163.0,3163.0,3108.0,3134.3,31919800,3447.7,2820.9,3839.9,2896.0,3130.1,79,6,3130.0,1140,7,3129.9,37,3,3129.8,41,3,3129.7,28,2,3130.2,59,3,3130.3,284,3,3130.5,32,3,3130.9,1,1,3131.0,147,5
2031,2026-06-16 11:53:33+05:30,3130.1,8,3130.02,1864195,137735.0,202514.0,3163.0,3163.0,3108.0,3134.3,31919800,3447.7,2820.9,3839.9,2896.0,3130.2,40,1,3130.1,68,7,3130.0,1138,7,3129.9,16,2,3129.8,94,3,3130.3,4,1,3130.5,16,2,3130.9,1,1,3131.0,127,4,3131.2,22,1
2031,2026-06-16 11:53:34+05:30,3130.3,1,3130.02,1864195,137735.0,202514.0,3163.0,3163.0,3108.0,3134.3,31919800,3447.7,2820.9,3839.9,2896.0,3130.2,40,1,3130.1,68,7,3130.0,1138,7,3129.9,16,2,3129.8,94,3,3130.3,4,1,3130.5,16,2,3130.9,1,1,3131.0,127,4,3131.2,22,1
2031,2026-06-16 11:53:34+05:30,3130.3,1,3130.02,1864199,137911.0,203062.0,3163.0,3163.0,3108.0,3134.3,31919800,3447.7,2820.9,3839.9,2896.0,3130.2,50,1,3130.1,64,7,3130.0,1117,6,3129.9,16,2,3129.8,115,4,3130.3,5,2,3130.5,216,3,3130.9,1,1,3131.0,127,4,3131.2,22,1
2031,2026-06-16 11:53:35+05:30,3130.2,50,3130.02,1864199,137911.0,203062.0,3163.0,3163.0,3108.0,3134.3,31919800,3447.7,2820.9,3839.9,2896.0,3130.2,50,1,3130.1,64,7,3130.0,1117,6,3129.9,16,2,3129.8,115,4,3130.3,5,2,3130.5,216,3,3130.9,1,1,3131.0,127,4,3131.2,22,1
2031,2026-06-16 11:53:35+05:30,3130.2,1,3130.02,1864289,137819.0,203220.0,3163.0,3163.0,3108.0,3134.3,31919800,3447.7,2820.9,3839.9,2896.0,3130.1,20,5,3130.0,1135,8,3129.9,8,1,3129.8,62,2,3129.7,103,4,3130.2,110,1,3130.3,5,2,3130.5,222,4,3130.9,1,1,3131.0,149,5
2031,2026-06-16 11:53:36+05:30,3130.2,1,3130.02,1864289,137819.0,203220.0,3163.0,3163.0,3108.0,3134.3,31919800,3447.7,2820.9,3839.9,2896.0,3130.1,20,5,3130.0,1135,8,3129.9,8,1,3129.8,62,2,3129.7,103,4,3130.2,110,1,3130.3,5,2,3130.5,222,4,3130.9,1,1,3131.0,149,5
2031,2026-06-16 11:53:36+05:30,3130.3,4,3130.02,1864403,137704.0,203296.0,3163.0,3163.0,3108.0,3134.3,31919800,3447.7,2820.9,3839.9,2896.0,3130.1,25,6,3130.0,1191,9,3129.9,29,2,3129.8,95,3,3129.7,122,4,3130.5,222,4,3130.9,1,1,3131.0,149,5,3131.2,22,1,3131.4,47,2
2031,2026-06-16 11:53:37+05:30,3130.3,4,3130.02,1864403,137704.0,203296.0,3163.0,3163.0,3108.0,3134.3,31919800,3447.7,2820.9,3839.9,2896.0,3130.1,25,6,3130.0,1191,9,3129.9,29,2,3129.8,95,3,3129.7,122,4,3130.5,222,4,3130.9,1,1,3131.0,149,5,3131.2,22,1,3131.4,47,2
2031,2026-06-16 11:53:37+05:30,3130.1,149,3130.02,1864603,137776.0,203344.0,3163.0,3163.0,3108.0,3134.3,31919800,3447.7,2820.9,3839.9,2896.0,3130.1,109,6,3130.0,1135,8,3129.9,78,4,3129.8,151,4,3129.7,28,2,3130.5,221,3,3130.9,1,1,3131.0,149,5,3131.2,22,1,3131.4,103,3
2031,2026-06-16 11:53:38+05:30,3130.1,149,3130.02,1864603,137776.0,203344.0,3163.0,3163.0,3108.0,3134.3,31919800,3447.7,2820.9,3839.9,2896.0,3130.1,109,6,3130.0,1135,8,3129.9,78,4,3129.8,151,4,3129.7,28,2,3130.5,221,3,3130.9,1,1,3131.0,149,5,3131.2,22,1,3131.4,103,3
2031,2026-06-16 11:53:38+05:30,3130.1,149,3130.02,1864603,137959.0,203472.0,3163.0,3163.0,3108.0,3134.3,31919800,3447.7,2820.9,3839.9,2896.0,3130.2,17,1,3130.1,115,7,3130.0,1119,7,3129.9,78,4,3129.8,151,4,3130.5,221,3,3130.9,1,1,3131.0,127,4,3131.2,22,1,3131.4,103,3
2031,2026-06-16 11:53:39+05:30,3131.0,5,3130.02,1864603,137959.0,203472.0,3163.0,3163.0,3108.0,3134.3,31919800,3447.7,2820.9,3839.9,2896.0,3130.2,17,1,3130.1,115,7,3130.0,1119,7,3129.9,78,4,3129.8,151,4,3130.5,221,3,3130.9,1,1,3131.0,127,4,3131.2,22,1,3131.4,103,3
2031,2026-06-16 11:53:39+05:30,3130.5,7,3130.02,1864974,137850.0,203895.0,3163.0,3163.0,3108.0,3134.3,31919800,3447.7,2820.9,3839.9,2896.0,3130.4,39,3,3130.3,63,3,3130.2,86,6,3130.1,165,8,3130.0,1225,9,3130.5,180,1,3130.9,84,1,3131.0,9,2,3131.2,21,1,3131.4,47,2
2031,2026-06-16 11:53:40+05:30,3130.2,1,3130.02,1864974,137850.0,203895.0,3163.0,3163.0,3108.0,3134.3,31919800,3447.7,2820.9,3839.9,2896.0,3130.4,39,3,3130.3,63,3,3130.2,86,6,3130.1,165,8,3130.0,1225,9,3130.5,180,1,3130.9,84,1,3131.0,9,2,3131.2,21,1,3131.4,47,2
2031,2026-06-16 11:53:40+05:30,3130.5,8,3130.02,1865206,137738.0,204027.0,3163.0,3163.0,3108.0,3134.3,31919800,3447.7,2820.9,3839.9,2896.0,3130.2,63,4,3130.1,133,7,3130.0,1157,7,3129.9,38,3,3129.8,139,4,3130.5,149,1,3131.0,9,2,3131.2,21,1,3131.4,47,2,3131.5,478,4
2031,2026-06-16 11:53:41+05:30,3130.5,1,3130.02,1865206,137738.0,204027.0,3163.0,3163.0,3108.0,3134.3,31919800,3447.7,2820.9,3839.9,2896.0,3130.2,63,4,3130.1,133,7,3130.0,1157,7,3129.9,38,3,3129.8,139,4,3130.5,149,1,3131.0,9,2,3131.2,21,1,3131.4,47,2,3131.5,478,4
2031,2026-06-16 11:53:41+05:30,3130.2,5,3130.02,1865212,137706.0,204027.0,3163.0,3163.0,3108.0,3134.3,31919800,3447.7,2820.9,3839.9,2896.0,3130.2,66,5,3130.1,133,7,3130.0,1172,8,3129.9,38,3,3129.8,139,4,3130.5,148,1,3131.0,9,2,3131.2,21,1,3131.4,47,2,3131.5,478,4
2031,2026-06-16 11:53:42+05:30,3130.2,5,3130.02,1865212,137706.0,204027.0,3163.0,3163.0,3108.0,3134.3,31919800,3447.7,2820.9,3839.9,2896.0,3130.2,66,5,3130.1,133,7,3130.0,1172,8,3129.9,38,3,3129.8,139,4,3130.5,148,1,3131.0,9,2,3131.2,21,1,3131.4,47,2,3131.5,478,4
2031,2026-06-16 11:53:42+05:30,3130.2,90,3130.02,1865412,137659.0,203848.0,3163.0,3163.0,3108.0,3134.3,31919800,3447.7,2820.9,3839.9,2896.0,3130.2,18,1,3130.1,132,7,3130.0,1122,6,3129.9,30,2,3129.8,139,4,3130.5,188,2,3131.0,9,2,3131.2,21,1,3131.4,103,3,3131.5,478,4
2031,2026-06-16 11:53:43+05:30,3130.2,90,3130.02,1865412,137659.0,203848.0,3163.0,3163.0,3108.0,3134.3,31919800,3447.7,2820.9,3839.9,2896.0,3130.2,18,1,3130.1,132,7,3130.0,1122,6,3129.9,30,2,3129.8,139,4,3130.5,188,2,3131.0,9,2,3131.2,21,1,3131.4,103,3,3131.5,478,4
2031,2026-06-16 11:53:43+05:30,3130.2,90,3130.02,1865412,137634.0,203795.0,3163.0,3163.0,3108.0,3134.3,31919800,3447.7,2820.9,3839.9,2896.0,3130.3,5,1,3130.2,84,5,3130.1,94,4,3130.0,1173,8,3129.9,30,2,3130.5,188,2,3131.0,9,2,3131.2,21,1,3131.4,103,3,3131.5,478,4
2031,2026-06-16 11:53:44+05:30,3130.5,1,3130.02,1865412,137634.0,203795.0,3163.0,3163.0,3108.0,3134.3,31919800,3447.7,2820.9,3839.9,2896.0,3130.3,5,1,3130.2,84,5,3130.1,94,4,3130.0,1173,8,3129.9,30,2,3130.5,188,2,3131.0,9,2,3131.2,21,1,3131.4,103,3,3131.5,478,4
2031,2026-06-16 11:53:44+05:30,3130.2,40,3130.02,1865613,136996.0,203905.0,3163.0,3163.0,3108.0,3134.3,31919800,3447.7,2820.9,3839.9,2896.0,3130.2,11,1,3130.1,111,4,3130.0,425,4,3129.9,33,2,3129.8,69,3,3130.4,25,1,3130.5,193,3,3131.0,14,3,3131.2,77,2,3131.4,103,3
2031,2026-06-16 11:53:45+05:30,3130.3,1,3130.02,1865613,136996.0,203905.0,3163.0,3163.0,3108.0,3134.3,31919800,3447.7,2820.9,3839.9,2896.0,3130.2,11,1,3130.1,111,4,3130.0,425,4,3129.9,33,2,3129.8,69,3,3130.4,25,1,3130.5,193,3,3131.0,14,3,3131.2,77,2,3131.4,103,3
2031,2026-06-16 11:53:45+05:30,3130.4,10,3130.02,1865624,137051.0,204031.0,3163.0,3163.0,3108.0,3134.3,31919800,3447.7,2820.9,3839.9,2896.0,3130.3,2,2,3130.2,12,2,3130.1,83,3,3130.0,425,4,3129.8,17,1,3130.4,68,4,3130.5,280,4,3131.0,14,3,3131.2,77,2,3131.4,177,5
2031,2026-06-16 11:53:46+05:30,3130.4,10,3130.02,1865624,137051.0,204031.0,3163.0,3163.0,3108.0,3134.3,31919800,3447.7,2820.9,3839.9,2896.0,3130.3,2,2,3130.2,12,2,3130.1,83,3,3130.0,425,4,3129.8,17,1,3130.4,68,4,3130.5,280,4,3131.0,14,3,3131.2,77,2,3131.4,177,5
2031,2026-06-16 11:53:46+05:30,3130.1,13,3130.02,1865674,136972.0,204193.0,3163.0,3163.0,3108.0,3134.3,31919800,3447.7,2820.9,3839.9,2896.0,3130.1,30,2,3130.0,425,4,3129.8,17,1,3129.7,46,2,3129.6,7,1,3130.3,11,1,3130.4,57,3,3130.5,480,5,3131.0,14,3,3131.2,77,2
2031,2026-06-16 11:53:47+05:30,3130.1,13,3130.02,1865674,136972.0,204193.0,3163.0,3163.0,3108.0,3134.3,31919800,3447.7,2820.9,3839.9,2896.0,3130.1,30,2,3130.0,425,4,3129.8,17,1,3129.7,46,2,3129.6,7,1,3130.3,11,1,3130.4,57,3,3130.5,480,5,3131.0,14,3,3131.2,77,2
2031,2026-06-16 11:53:47+05:30,3131.0,57,3130.02,1868903,135067.0,203425.0,3163.0,3163.0,3108.0,3134.3,31919800,3447.7,2820.9,3839.9,2896.0,3130.1,30,2,3130.0,102,3,3129.4,3,1,3129.3,21,1,3129.2,221,3,3130.5,9,2,3130.7,53,1,3130.9,19,1,3131.0,44,3,3131.1,17,3
2031,2026-06-16 11:53:48+05:30,3130.4,5,3130.02,1868903,135067.0,203425.0,3163.0,3163.0,3108.0,3134.3,31919800,3447.7,2820.9,3839.9,2896.0,3130.1,30,2,3130.0,102,3,3129.4,3,1,3129.3,21,1,3129.2,221,3,3130.5,9,2,3130.7,53,1,3130.9,19,1,3131.0,44,3,3131.1,17,3
2031,2026-06-16 11:53:48+05:30,3130.4,5,3130.02,1869404,134910.0,205403.0,3163.0,3163.0,3108.0,3134.3,31919800,3447.7,2820.9,3839.9,2896.0,3130.0,28,2,3129.2,13,1,3129.1,115,2,3129.0,11,1,3128.9,21,1,3130.3,201,4,3130.4,32,2,3130.5,499,8,3130.6,90,4,3130.7,80,3
2031,2026-06-16 11:53:49+05:30,3130.4,5,3130.02,1869404,134910.0,205403.0,3163.0,3163.0,3108.0,3134.3,31919800,3447.7,2820.9,3839.9,2896.0,3130.0,28,2,3129.2,13,1,3129.1,115,2,3129.0,11,1,3128.9,21,1,3130.3,201,4,3130.4,32,2,3130.5,499,8,3130.6,90,4,3130.7,80,3
2031,2026-06-16 11:53:49+05:30,3130.4,5,3130.02,1869404,135105.0,205510.0,3163.0,3163.0,3108.0,3134.3,31919800,3447.7,2820.9,3839.9,2896.0,3130.0,48,3,3129.2,13,1,3129.1,115,2,3129.0,11,1,3128.9,21,1,3130.3,154,2,3130.4,66,2,3130.5,516,10,3130.6,63,2,3130.7,88,4
2031,2026-06-16 11:53:50+05:30,3130.3,1,3130.02,1869404,135105.0,205510.0,3163.0,3163.0,3108.0,3134.3,31919800,3447.7,2820.9,3839.9,2896.0,3130.0,48,3,3129.2,13,1,3129.1,115,2,3129.0,11,1,3128.9,21,1,3130.3,154,2,3130.4,66,2,3130.5,516,10,3130.6,63,2,3130.7,88,4
2031,2026-06-16 11:53:50+05:30,3130.3,1,3130.02,1869405,135182.0,205481.0,3163.0,3163.0,3108.0,3134.3,31919800,3447.7,2820.9,3839.9,2896.0,3130.0,88,4,3129.2,27,2,3129.1,118,3,3129.0,11,1,3128.9,21,1,3130.2,25,1,3130.3,174,2,3130.4,13,1,3130.5,516,10,3130.6,63,2
2031,2026-06-16 11:53:51+05:30,3130.3,1,3130.02,1869405,135182.0,205481.0,3163.0,3163.0,3108.0,3134.3,31919800,3447.7,2820.9,3839.9,2896.0,3130.0,88,4,3129.2,27,2,3129.1,118,3,3129.0,11,1,3128.9,21,1,3130.2,25,1,3130.3,174,2,3130.4,13,1,3130.5,516,10,3130.6,63,2
2031,2026-06-16 11:53:51+05:30,3130.3,1,3130.02,1869405,135183.0,205506.0,3163.0,3163.0,3108.0,3134.3,31919800,3447.7,2820.9,3839.9,2896.0,3130.0,88,4,3129.2,30,3,3129.1,115,2,3129.0,11,1,3128.9,40,2,3130.2,176,5,3130.3,41,3,3130.4,66,2,3130.5,516,10,3130.6,82,3
2031,2026-06-16 11:53:52+05:30,3130.2,11,3130.02,1869405,135183.0,205506.0,3163.0,3163.0,3108.0,3134.3,31919800,3447.7,2820.9,3839.9,2896.0,3130.0,88,4,3129.2,30,3,3129.1,115,2,3129.0,11,1,3128.9,40,2,3130.2,176,5,3130.3,41,3,3130.4,66,2,3130.5,516,10,3130.6,82,3
2031,2026-06-16 11:53:52+05:30,3130.2,11,3130.02,1869416,135459.0,205503.0,3163.0,3163.0,3108.0,3134.3,31919800,3447.7,2820.9,3839.9,2896.0,3130.0,88,4,3129.2,67,4,3129.1,115,2,3129.0,11,1,3128.9,40,2,3130.2,165,5,3130.3,41,3,3130.4,66,2,3130.5,516,10,3130.6,82,3
2031,2026-06-16 11:53:53+05:30,3130.2,11,3130.02,1869416,135459.0,205503.0,3163.0,3163.0,3108.0,3134.3,31919800,3447.7,2820.9,3839.9,2896.0,3130.0,88,4,3129.2,67,4,3129.1,115,2,3129.0,11,1,3128.9,40,2,3130.2,165,5,3130.3,41,3,3130.4,66,2,3130.5,516,10,3130.6,82,3
2031,2026-06-16 11:53:53+05:30,3130.2,11,3130.02,1869416,135480.0,205552.0,3163.0,3163.0,3108.0,3134.3,31919800,3447.7,2820.9,3839.9,2896.0,3130.0,71,3,3129.2,53,3,3129.1,115,2,3129.0,11,1,3128.9,40,2,3130.2,165,5,3130.3,22,2,3130.4,66,2,3130.5,478,10,3130.6,82,3
2031,2026-06-16 11:53:54+05:30,3130.0,40,3130.02,1869416,135480.0,205552.0,3163.0,3163.0,3108.0,3134.3,31919800,3447.7,2820.9,3839.9,2896.0,3130.0,71,3,3129.2,53,3,3129.1,115,2,3129.0,11,1,3128.9,40,2,3130.2,165,5,3130.3,22,2,3130.4,66,2,3130.5,478,10,3130.6,82,3
2031,2026-06-16 11:53:54+05:30,3130.2,1,3130.02,1869660,135022.0,205559.0,3163.0,3163.0,3108.0,3134.3,31919800,3447.7,2820.9,3839.9,2896.0,3130.0,12,2,3129.2,13,1,3129.1,95,1,3129.0,52,2,3128.9,21,1,3130.2,108,1,3130.3,294,5,3130.4,13,1,3130.5,365,12,3130.6,109,4
2031,2026-06-16 11:53:54+05:30,3130.2,1,3130.02,1869660,135022.0,205559.0,3163.0,3163.0,3108.0,3134.3,31919800,3447.7,2820.9,3839.9,2896.0,3130.0,12,2,3129.2,13,1,3129.1,95,1,3129.0,52,2,3128.9,21,1,3130.2,108,1,3130.3,294,5,3130.4,13,1,3130.5,365,12,3130.6,109,4
2031,2026-06-16 11:53:55+05:30,3130.2,1,3130.02,1869660,135022.0,205559.0,3163.0,3163.0,3108.0,3134.3,31919800,3447.7,2820.9,3839.9,2896.0,3130.0,12,2,3129.2,13,1,3129.1,95,1,3129.0,52,2,3128.9,21,1,3130.2,108,1,3130.3,294,5,3130.4,13,1,3130.5,365,12,3130.6,109,4
2031,2026-06-16 11:53:55+05:30,3130.2,1,3130.02,1869682,135196.0,205547.0,3163.0,3163.0,3108.0,3134.3,31919800,3447.7,2820.9,3839.9,2896.0,3130.0,29,3,3129.2,13,1,3129.1,95,1,3129.0,52,2,3128.9,21,1,3130.2,86,1,3130.3,475,5,3130.4,13,1,3130.5,142,10,3130.6,90,3
2031,2026-06-16 11:53:56+05:30,3130.2,1,3130.02,1869682,135196.0,205547.0,3163.0,3163.0,3108.0,3134.3,31919800,3447.7,2820.9,3839.9,2896.0,3130.0,29,3,3129.2,13,1,3129.1,95,1,3129.0,52,2,3128.9,21,1,3130.2,86,1,3130.3,475,5,3130.4,13,1,3130.5,142,10,3130.6,90,3
2031,2026-06-16 11:53:56+05:30,3130.2,1,3130.02,1869682,135335.0,205425.0,3163.0,3163.0,3108.0,3134.3,31919800,3447.7,2820.9,3839.9,2896.0,3130.0,47,4,3129.2,16,2,3129.1,95,1,3129.0,52,2,3128.9,40,2,3130.2,86,1,3130.3,408,3,3130.4,13,1,3130.5,134,9,3130.6,71,3
2031,2026-06-16 11:53:57+05:30,3130.2,1,3130.02,1869682,135335.0,205425.0,3163.0,3163.0,3108.0,3134.3,31919800,3447.7,2820.9,3839.9,2896.0,3130.0,47,4,3129.2,16,2,3129.1,95,1,3129.0,52,2,3128.9,40,2,3130.2,86,1,3130.3,408,3,3130.4,13,1,3130.5,134,9,3130.6,71,3
2031,2026-06-16 11:53:57+05:30,3130.2,1,3130.02,1869683,135397.0,205381.0,3163.0,3163.0,3108.0,3134.3,31919800,3447.7,2820.9,3839.9,2896.0,3130.0,47,4,3129.2,16,2,3129.1,95,1,3129.0,52,2,3128.9,40,2,3130.2,85,1,3130.3,408,3,3130.4,13,1,3130.5,43,5,3130.6,63,2
2031,2026-06-16 11:53:58+05:30,3130.0,2,3130.02,1869683,135397.0,205381.0,3163.0,3163.0,3108.0,3134.3,31919800,3447.7,2820.9,3839.9,2896.0,3130.0,47,4,3129.2,16,2,3129.1,95,1,3129.0,52,2,3128.9,40,2,3130.2,85,1,3130.3,408,3,3130.4,13,1,3130.5,43,5,3130.6,63,2
2031,2026-06-16 11:53:58+05:30,3130.0,2,3130.02,1869685,135682.0,205397.0,3163.0,3163.0,3108.0,3134.3,31919800,3447.7,2820.9,3839.9,2896.0,3130.0,45,4,3129.2,16,2,3129.1,95,1,3129.0,77,3,3128.9,223,3,3130.2,85,1,3130.3,408,3,3130.4,13,1,3130.5,43,5,3130.6,63,2
2031,2026-06-16 11:53:58+05:30,3130.0,2,3130.02,1869685,135682.0,205397.0,3163.0,3163.0,3108.0,3134.3,31919800,3447.7,2820.9,3839.9,2896.0,3130.0,45,4,3129.2,16,2,3129.1,95,1,3129.0,77,3,3128.9,223,3,3130.2,85,1,3130.3,408,3,3130.4,13,1,3130.5,43,5,3130.6,63,2
2031,2026-06-16 11:53:59+05:30,3130.0,8,3130.02,1870024,135487.0,204879.0,3163.0,3163.0,3108.0,3134.3,31919800,3447.7,2820.9,3839.9,2896.0,3129.2,16,2,3129.1,95,1,3129.0,109,4,3128.8,100,3,3128.7,39,3,3130.0,26,1,3130.2,110,2,3130.3,408,3,3130.4,13,1,3130.5,10,3
2031,2026-06-16 11:54:00+05:30,3130.0,8,3130.02,1870024,135487.0,204879.0,3163.0,3163.0,3108.0,3134.3,31919800,3447.7,2820.9,3839.9,2896.0,3129.2,16,2,3129.1,95,1,3129.0,109,4,3128.8,100,3,3128.7,39,3,3130.0,26,1,3130.2,110,2,3130.3,408,3,3130.4,13,1,3130.5,10,3
2031,2026-06-16 11:54:00+05:30,3130.0,8,3130.02,1870024,135487.0,204879.0,3163.0,3163.0,3108.0,3134.3,31919800,3447.7,2820.9,3839.9,2896.0,3129.2,16,2,3129.1,95,1,3129.0,109,4,3128.8,100,3,3128.7,39,3,3130.0,26,1,3130.2,110,2,3130.3,408,3,3130.4,13,1,3130.5,10,3
2031,2026-06-16 11:54:00+05:30,3130.0,8,3130.02,1870024,134276.0,205388.0,3163.0,3163.0,3108.0,3134.3,31919800,3447.7,2820.9,3839.9,2896.0,3129.2,56,5,3129.1,95,1,3129.0,36,2,3128.7,12,1,3128.6,93,3,3130.0,452,6,3130.1,10,1,3130.2,171,4,3130.3,66,2,3130.4,143,4
2031,2026-06-16 11:54:00+05:30,3130.0,8,3130.02,1870024,134276.0,205388.0,3163.0,3163.0,3108.0,3134.3,31919800,3447.7,2820.9,3839.9,2896.0,3129.2,56,5,3129.1,95,1,3129.0,36,2,3128.7,12,1,3128.6,93,3,3130.0,452,6,3130.1,10,1,3130.2,171,4,3130.3,66,2,3130.4,143,4
2031,2026-06-16 11:54:01+05:30,3129.6,1,3130.02,1870024,134276.0,205388.0,3163.0,3163.0,3108.0,3134.3,31919800,3447.7,2820.9,3839.9,2896.0,3129.2,56,5,3129.1,95,1,3129.0,36,2,3128.7,12,1,3128.6,93,3,3130.0,452,6,3130.1,10,1,3130.2,171,4,3130.3,66,2,3130.4,143,4
2031,2026-06-16 11:54:01+05:30,3129.6,1,3130.02,1870024,134276.0,205388.0,3163.0,3163.0,3108.0,3134.3,31919800,3447.7,2820.9,3839.9,2896.0,3129.2,56,5,3129.1,95,1,3129.0,36,2,3128.7,12,1,3128.6,93,3,3130.0,452,6,3130.1,10,1,3130.2,171,4,3130.3,66,2,3130.4,143,4
2031,2026-06-16 11:54:01+05:30,3129.6,1,3130.02,1870032,134396.0,205958.0,3163.0,3163.0,3108.0,3134.3,31919800,3447.7,2820.9,3839.9,2896.0,3129.6,3,3,3129.2,73,6,3129.1,95,1,3129.0,36,2,3128.9,19,1,3129.9,12,1,3130.0,470,7,3130.1,10,1,3130.2,138,2,3130.3,58,1
2031,2026-06-16 11:54:01+05:30,3129.6,1,3130.02,1870032,134396.0,205958.0,3163.0,3163.0,3108.0,3134.3,31919800,3447.7,2820.9,3839.9,2896.0,3129.6,3,3,3129.2,73,6,3129.1,95,1,3129.0,36,2,3128.9,19,1,3129.9,12,1,3130.0,470,7,3130.1,10,1,3130.2,138,2,3130.3,58,1
2031,2026-06-16 11:54:02+05:30,3129.6,1,3130.02,1870032,134396.0,205958.0,3163.0,3163.0,3108.0,3134.3,31919800,3447.7,2820.9,3839.9,2896.0,3129.6,3,3,3129.2,73,6,3129.1,95,1,3129.0,36,2,3128.9,19,1,3129.9,12,1,3130.0,470,7,3130.1,10,1,3130.2,138,2,3130.3,58,1
2031,2026-06-16 11:54:02+05:30,3129.6,1,3130.02,1870032,134457.0,206189.0,3163.0,3163.0,3108.0,3134.3,31919800,3447.7,2820.9,3839.9,2896.0,3129.6,39,4,3129.2,60,5,3129.1,95,1,3129.0,36,2,3128.9,19,1,3129.9,12,1,3130.0,470,7,3130.1,10,1,3130.2,85,1,3130.3,66,2
2031,2026-06-16 11:54:03+05:30,3129.6,1,3130.02,1870032,134457.0,206189.0,3163.0,3163.0,3108.0,3134.3,31919800,3447.7,2820.9,3839.9,2896.0,3129.6,39,4,3129.2,60,5,3129.1,95,1,3129.0,36,2,3128.9,19,1,3129.9,12,1,3130.0,470,7,3130.1,10,1,3130.2,85,1,3130.3,66,2
2031,2026-06-16 11:54:03+05:30,3129.6,1,3130.02,1870032,134438.0,206180.0,3163.0,3163.0,3108.0,3134.3,31919800,3447.7,2820.9,3839.9,2896.0,3129.6,39,4,3129.2,60,5,3129.1,95,1,3129.0,36,2,3128.7,107,4,3129.9,12,1,3130.0,470,7,3130.1,63,2,3130.2,85,1,3130.3,58,1
2031,2026-06-16 11:54:04+05:30,3129.6,1,3130.02,1870032,134438.0,206180.0,3163.0,3163.0,3108.0,3134.3,31919800,3447.7,2820.9,3839.9,2896.0,3129.6,39,4,3129.2,60,5,3129.1,95,1,3129.0,36,2,3128.7,107,4,3129.9,12,1,3130.0,470,7,3130.1,63,2,3130.2,85,1,3130.3,58,1
2031,2026-06-16 11:54:04+05:30,3129.6,1,3130.02,1870032,134438.0,206180.0,3163.0,3163.0,3108.0,3134.3,31919800,3447.7,2820.9,3839.9,2896.0,3129.6,39,4,3129.2,60,5,3129.1,95,1,3129.0,36,2,3128.7,107,4,3129.9,12,1,3130.0,470,7,3130.1,63,2,3130.2,85,1,3130.3,58,1
2031,2026-06-16 11:54:04+05:30,3129.6,1,3130.02,1870072,134205.0,206172.0,3163.0,3163.0,3108.0,3134.3,31919800,3447.7,2820.9,3839.9,2896.0,3129.3,16,1,3129.2,43,4,3129.1,95,1,3129.0,36,2,3128.8,32,1,3129.4,12,1,3129.5,160,1,3130.0,460,6,3130.2,21,1,3130.3,58,1
2031,2026-06-16 11:54:04+05:30,3129.6,1,3130.02,1870072,134205.0,206172.0,3163.0,3163.0,3108.0,3134.3,31919800,3447.7,2820.9,3839.9,2896.0,3129.3,16,1,3129.2,43,4,3129.1,95,1,3129.0,36,2,3128.8,32,1,3129.4,12,1,3129.5,160,1,3130.0,460,6,3130.2,21,1,3130.3,58,1
2031,2026-06-16 11:54:05+05:30,3129.3,5,3130.02,1870072,134205.0,206172.0,3163.0,3163.0,3108.0,3134.3,31919800,3447.7,2820.9,3839.9,2896.0,3129.3,16,1,3129.2,43,4,3129.1,95,1,3129.0,36,2,3128.8,32,1,3129.4,12,1,3129.5,160,1,3130.0,460,6,3130.2,21,1,3130.3,58,1
2031,2026-06-16 11:54:05+05:30,3129.3,5,3130.02,1870279,133071.0,206062.0,3163.0,3163.0,3108.0,3134.3,31919800,3447.7,2820.9,3839.9,2896.0,3129.2,3,3,3129.1,95,1,3129.0,36,2,3128.8,32,1,3128.7,54,2,3129.3,155,1,3129.4,20,2,3130.0,435,5,3130.2,21,1,3130.3,58,1
2031,2026-06-16 11:54:05+05:30,3129.3,5,3130.02,1870279,133071.0,206062.0,3163.0,3163.0,3108.0,3134.3,31919800,3447.7,2820.9,3839.9,2896.0,3129.2,3,3,3129.1,95,1,3129.0,36,2,3128.8,32,1,3128.7,54,2,3129.3,155,1,3129.4,20,2,3130.0,435,5,3130.2,21,1,3130.3,58,1
2031,2026-06-16 11:54:06+05:30,3129.3,1,3130.02,1870279,133071.0,206062.0,3163.0,3163.0,3108.0,3134.3,31919800,3447.7,2820.9,3839.9,2896.0,3129.2,3,3,3129.1,95,1,3129.0,36,2,3128.8,32,1,3128.7,54,2,3129.3,155,1,3129.4,20,2,3130.0,435,5,3130.2,21,1,3130.3,58,1
2031,2026-06-16 11:54:06+05:30,3129.3,1,3130.02,1870279,133071.0,206062.0,3163.0,3163.0,3108.0,3134.3,31919800,3447.7,2820.9,3839.9,2896.0,3129.2,3,3,3129.1,95,1,3129.0,36,2,3128.8,32,1,3128.7,54,2,3129.3,155,1,3129.4,20,2,3130.0,435,5,3130.2,21,1,3130.3,58,1
2031,2026-06-16 11:54:06+05:30,3129.3,1,3130.02,1870285,133092.0,206222.0,3163.0,3163.0,3108.0,3134.3,31919800,3447.7,2820.9,3839.9,2896.0,3129.2,3,3,3129.1,95,1,3129.0,25,1,3128.7,54,2,3128.6,74,2,3129.3,166,2,3129.4,20,2,3130.0,435,5,3130.1,53,1,3130.2,21,1
2031,2026-06-16 11:54:07+05:30,3129.3,1,3130.02,1870285,133092.0,206222.0,3163.0,3163.0,3108.0,3134.3,31919800,3447.7,2820.9,3839.9,2896.0,3129.2,3,3,3129.1,95,1,3129.0,25,1,3128.7,54,2,3128.6,74,2,3129.3,166,2,3129.4,20,2,3130.0,435,5,3130.1,53,1,3130.2,21,1
2031,2026-06-16 11:54:07+05:30,3129.3,1,3130.02,1870286,133166.0,206138.0,3163.0,3163.0,3108.0,3134.3,31919800,3447.7,2820.9,3839.9,2896.0,3129.2,20,4,3129.1,95,1,3129.0,25,1,3128.7,54,2,3128.6,132,3,3129.3,187,4,3129.4,12,1,3130.0,439,6,3130.2,74,2,3130.3,77,2
2031,2026-06-16 11:54:08+05:30,3128.5,2,3130.02,1870286,133166.0,206138.0,3163.0,3163.0,3108.0,3134.3,31919800,3447.7,2820.9,3839.9,2896.0,3129.2,20,4,3129.1,95,1,3129.0,25,1,3128.7,54,2,3128.6,132,3,3129.3,187,4,3129.4,12,1,3130.0,439,6,3130.2,74,2,3130.3,77,2
2031,2026-06-16 11:54:08+05:30,3128.5,2,3130.02,1870286,133166.0,206138.0,3163.0,3163.0,3108.0,3134.3,31925200,3447.7,2820.9,3839.9,2896.0,3129.2,20,4,3129.1,95,1,3129.0,25,1,3128.7,54,2,3128.6,132,3,3129.3,187,4,3129.4,12,1,3130.0,439,6,3130.2,74,2,3130.3,77,2
2031,2026-06-16 11:54:08+05:30,3128.9,3,3130.02,1870801,131846.0,208112.0,3163.0,3163.0,3108.0,3134.3,31925200,3447.7,2820.9,3839.9,2896.0,3128.5,41,4,3128.4,12,1,3128.2,32,1,3128.1,43,1,3128.0,208,6,3128.9,45,1,3129.0,410,3,3129.3,39,3,3129.7,108,3,3129.8,323,6
2031,2026-06-16 11:54:09+05:30,3128.9,3,3130.02,1870801,131846.0,208112.0,3163.0,3163.0,3108.0,3134.3,31925200,3447.7,2820.9,3839.9,2896.0,3128.5,41,4,3128.4,12,1,3128.2,32,1,3128.1,43,1,3128.0,208,6,3128.9,45,1,3129.0,410,3,3129.3,39,3,3129.7,108,3,3129.8,323,6
2031,2026-06-16 11:54:09+05:30,3128.4,45,3130.02,1870933,131057.0,208598.0,3163.0,3163.0,3108.0,3134.3,31925200,3447.7,2820.9,3839.9,2896.0,3128.4,10,1,3128.0,133,4,3127.8,34,2,3127.7,65,2,3127.6,85,3,3128.5,113,1,3128.9,25,1,3129.0,413,4,3129.2,19,1,3129.3,14,1
2031,2026-06-16 11:54:10+05:30,3128.0,26,3130.02,1870933,131057.0,208598.0,3163.0,3163.0,3108.0,3134.3,31925200,3447.7,2820.9,3839.9,2896.0,3128.4,10,1,3128.0,133,4,3127.8,34,2,3127.7,65,2,3127.6,85,3,3128.5,113,1,3128.9,25,1,3129.0,413,4,3129.2,19,1,3129.3,14,1
2031,2026-06-16 11:54:10+05:30,3128.5,113,3130.02,1871108,131607.0,207187.0,3163.0,3163.0,3108.0,3134.3,31925200,3447.7,2820.9,3839.9,2896.0,3128.1,98,6,3128.0,195,7,3127.9,14,1,3127.8,91,4,3127.7,172,5,3128.9,25,1,3129.0,410,3,3129.3,14,1,3129.6,21,1,3129.7,58,1
2031,2026-06-16 11:54:11+05:30,3128.9,1,3130.02,1871108,131607.0,207187.0,3163.0,3163.0,3108.0,3134.3,31925200,3447.7,2820.9,3839.9,2896.0,3128.1,98,6,3128.0,195,7,3127.9,14,1,3127.8,91,4,3127.7,172,5,3128.9,25,1,3129.0,410,3,3129.3,14,1,3129.6,21,1,3129.7,58,1
2031,2026-06-16 11:54:11+05:30,3128.9,1,3130.02,1871147,131897.0,207738.0,3163.0,3163.0,3108.0,3134.3,31925200,3447.7,2820.9,3839.9,2896.0,3128.4,90,7,3128.3,29,3,3128.2,125,7,3128.1,33,3,3128.0,271,9,3128.9,23,1,3129.0,400,2,3129.3,14,1,3129.7,58,1,3129.8,225,3
2031,2026-06-16 11:54:12+05:30,3128.9,11,3130.02,1871147,131897.0,207738.0,3163.0,3163.0,3108.0,3134.3,31925200,3447.7,2820.9,3839.9,2896.0,3128.4,90,7,3128.3,29,3,3128.2,125,7,3128.1,33,3,3128.0,271,9,3128.9,23,1,3129.0,400,2,3129.3,14,1,3129.7,58,1,3129.8,225,3
2031,2026-06-16 11:54:12+05:30,3128.4,2,3130.02,1871160,131900.0,207612.0,3163.0,3163.0,3108.0,3134.3,31925200,3447.7,2820.9,3839.9,2896.0,3128.4,88,7,3128.3,60,4,3128.2,95,6,3128.1,33,3,3128.0,271,9,3128.9,12,1,3129.0,400,2,3129.3,14,1,3129.7,58,1,3129.8,225,3
2031,2026-06-16 11:54:13+05:30,3128.4,69,3130.02,1871160,131900.0,207612.0,3163.0,3163.0,3108.0,3134.3,31925200,3447.7,2820.9,3839.9,2896.0,3128.4,88,7,3128.3,60,4,3128.2,95,6,3128.1,33,3,3128.0,271,9,3128.9,12,1,3129.0,400,2,3129.3,14,1,3129.7,58,1,3129.8,225,3
2031,2026-06-16 11:54:13+05:30,3128.4,69,3130.02,1871360,131670.0,208445.0,3163.0,3163.0,3108.0,3134.3,31925200,3447.7,2820.9,3839.9,2896.0,3128.4,14,1,3128.3,74,5,3128.2,51,4,3128.1,72,4,3128.0,267,9,3128.9,12,1,3129.0,400,2,3129.3,14,1,3129.6,22,1,3129.7,58,1
2031,2026-06-16 11:54:14+05:30,3128.9,1,3130.02,1871360,131670.0,208445.0,3163.0,3163.0,3108.0,3134.3,31925200,3447.7,2820.9,3839.9,2896.0,3128.4,14,1,3128.3,74,5,3128.2,51,4,3128.1,72,4,3128.0,267,9,3128.9,12,1,3129.0,400,2,3129.3,14,1,3129.6,22,1,3129.7,58,1
2031,2026-06-16 11:54:14+05:30,3128.9,1,3130.02,1871361,131673.0,208458.0,3163.0,3163.0,3108.0,3134.3,31925200,3447.7,2820.9,3839.9,2896.0,3128.4,14,1,3128.3,74,5,3128.2,51,4,3128.1,72,4,3128.0,267,9,3128.9,23,2,3129.0,400,2,3129.3,14,1,3129.6,22,1,3129.7,58,1
2031,2026-06-16 11:54:15+05:30,3128.9,1,3130.02,1871361,131673.0,208458.0,3163.0,3163.0,3108.0,3134.3,31925200,3447.7,2820.9,3839.9,2896.0,3128.4,14,1,3128.3,74,5,3128.2,51,4,3128.1,72,4,3128.0,267,9,3128.9,23,2,3129.0,400,2,3129.3,14,1,3129.6,22,1,3129.7,58,1
2031,2026-06-16 11:54:15+05:30,3128.9,1,3130.02,1871362,131715.0,208452.0,3163.0,3163.0,3108.0,3134.3,31925200,3447.7,2820.9,3839.9,2896.0,3128.4,32,5,3128.3,27,3,3128.2,113,6,3128.1,72,4,3128.0,282,10,3128.9,22,2,3129.0,400,2,3129.3,14,1,3129.6,22,1,3129.7,58,1
2031,2026-06-16 11:54:16+05:30,3129.1,13,3130.02,1871362,131715.0,208452.0,3163.0,3163.0,3108.0,3134.3,31925200,3447.7,2820.9,3839.9,2896.0,3128.4,32,5,3128.3,27,3,3128.2,113,6,3128.1,72,4,3128.0,282,10,3128.9,22,2,3129.0,400,2,3129.3,14,1,3129.6,22,1,3129.7,58,1
2031,2026-06-16 11:54:16+05:30,3129.1,13,3130.02,1871825,132270.0,206487.0,3163.0,3163.0,3108.0,3134.3,31925200,3447.7,2820.9,3839.9,2896.0,3129.1,4,1,3129.0,55,3,3128.9,33,3,3128.8,57,3,3128.7,18,4,3129.2,331,2,3129.8,200,1,3129.9,25,1,3130.0,507,6,3130.1,858,5
2031,2026-06-16 11:54:17+05:30,3128.7,12,3130.02,1871825,132270.0,206487.0,3163.0,3163.0,3108.0,3134.3,31925200,3447.7,2820.9,3839.9,2896.0,3129.1,4,1,3129.0,55,3,3128.9,33,3,3128.8,57,3,3128.7,18,4,3129.2,331,2,3129.8,200,1,3129.9,25,1,3130.0,507,6,3130.1,858,5
2031,2026-06-16 11:54:17+05:30,3128.7,12,3130.02,1872011,132101.0,206862.0,3163.0,3163.0,3108.0,3134.3,31925200,3447.7,2820.9,3839.9,2896.0,3128.7,32,5,3128.6,30,2,3128.4,52,5,3128.3,65,4,3128.2,81,5,3129.0,323,2,3129.2,11,1,3129.8,258,2,3129.9,25,1,3130.0,528,7
2031,2026-06-16 11:54:18+05:30,3128.7,1,3130.02,1872011,132101.0,206862.0,3163.0,3163.0,3108.0,3134.3,31925200,3447.7,2820.9,3839.9,2896.0,3128.7,32,5,3128.6,30,2,3128.4,52,5,3128.3,65,4,3128.2,81,5,3129.0,323,2,3129.2,11,1,3129.8,258,2,3129.9,25,1,3130.0,528,7
2031,2026-06-16 11:54:18+05:30,3128.7,1,3130.02,1872012,131980.0,206790.0,3163.0,3163.0,3108.0,3134.3,31925200,3447.7,2820.9,3839.9,2896.0,3128.7,25,4,3128.4,22,4,3128.3,65,4,3128.2,81,5,3128.1,56,5,3129.0,357,3,3129.2,11,1,3129.8,258,2,3129.9,82,3,3130.0,528,7
2031,2026-06-16 11:54:19+05:30,3128.7,1,3130.02,1872012,131728.0,207244.0,3163.0,3163.0,3108.0,3134.3,31925200,3447.7,2820.9,3839.9,2896.0,3128.7,2,2,3128.5,18,1,3128.4,1,1,3128.3,7,1,3128.2,7,1,3129.0,357,3,3129.2,11,1,3129.4,53,1,3129.5,8,1,3129.6,72,2
2031,2026-06-16 11:54:20+05:30,3129.0,152,3130.02,1872012,131728.0,207244.0,3163.0,3163.0,3108.0,3134.3,31925200,3447.7,2820.9,3839.9,2896.0,3128.7,2,2,3128.5,18,1,3128.4,1,1,3128.3,7,1,3128.2,7,1,3129.0,357,3,3129.2,11,1,3129.4,53,1,3129.5,8,1,3129.6,72,2
2031,2026-06-16 11:54:20+05:30,3129.0,1,3130.02,1872165,132019.0,206968.0,3163.0,3163.0,3108.0,3134.3,31925200,3447.7,2820.9,3839.9,2896.0,3128.7,2,2,3128.4,1,1,3128.3,7,1,3128.2,29,2,3128.1,52,4,3129.0,204,3,3129.2,11,1,3129.5,56,1,3129.6,53,1,3129.7,8,1
2031,2026-06-16 11:54:21+05:30,3129.0,1,3130.02,1872165,132019.0,206968.0,3163.0,3163.0,3108.0,3134.3,31925200,3447.7,2820.9,3839.9,2896.0,3128.7,2,2,3128.4,1,1,3128.3,7,1,3128.2,29,2,3128.1,52,4,3129.0,204,3,3129.2,11,1,3129.5,56,1,3129.6,53,1,3129.7,8,1
2031,2026-06-16 11:54:21+05:30,3129.0,1,3130.02,1872165,132521.0,206699.0,3163.0,3163.0,3108.0,3134.3,31925200,3447.7,2820.9,3839.9,2896.0,3128.8,13,4,3128.7,40,1,3128.6,61,3,3128.4,74,4,3128.3,7,1,3129.0,204,3,3129.2,11,1,3129.8,279,3,3129.9,25,1,3130.0,581,8
2031,2026-06-16 11:54:22+05:30,3129.0,3,3130.02,1872165,132521.0,206699.0,3163.0,3163.0,3108.0,3134.3,31925200,3447.7,2820.9,3839.9,2896.0,3128.8,13,4,3128.7,40,1,3128.6,61,3,3128.4,74,4,3128.3,7,1,3129.0,204,3,3129.2,11,1,3129.8,279,3,3129.9,25,1,3130.0,581,8
2031,2026-06-16 11:54:22+05:30,3129.0,1,3130.02,1872170,132422.0,206646.0,3163.0,3163.0,3108.0,3134.3,31925200,3447.7,2820.9,3839.9,2896.0,3128.8,2,2,3128.7,58,2,3128.6,50,2,3128.5,14,1,3128.4,52,4,3129.0,199,4,3129.2,11,1,3129.8,279,3,3129.9,25,1,3130.0,728,8
2031,2026-06-16 11:54:23+05:30,3129.0,1,3130.02,1872170,132422.0,206646.0,3163.0,3163.0,3108.0,3134.3,31925200,3447.7,2820.9,3839.9,2896.0,3128.8,2,2,3128.7,58,2,3128.6,50,2,3128.5,14,1,3128.4,52,4,3129.0,199,4,3129.2,11,1,3129.8,279,3,3129.9,25,1,3130.0,728,8
2031,2026-06-16 11:54:23+05:30,3129.0,1,3130.02,1872170,132468.0,206654.0,3163.0,3163.0,3108.0,3134.3,31925200,3447.7,2820.9,3839.9,2896.0,3128.8,81,7,3128.7,40,1,3128.6,92,4,3128.5,14,1,3128.4,121,6,3129.0,199,4,3129.2,11,1,3129.8,221,2,3129.9,25,1,3130.0,728,8
2031,2026-06-16 11:54:24+05:30,3129.0,1,3130.02,1872170,132468.0,206654.0,3163.0,3163.0,3108.0,3134.3,31925200,3447.7,2820.9,3839.9,2896.0,3128.8,81,7,3128.7,40,1,3128.6,92,4,3128.5,14,1,3128.4,121,6,3129.0,199,4,3129.2,11,1,3129.8,221,2,3129.9,25,1,3130.0,728,8
2031,2026-06-16 11:54:25+05:30,3128.8,3,3130.02,1872170,132468.0,206654.0,3163.0,3163.0,3108.0,3134.3,31925200,3447.7,2820.9,3839.9,2896.0,3128.8,81,7,3128.7,40,1,3128.6,92,4,3128.5,14,1,3128.4,121,6,3129.0,199,4,3129.2,11,1,3129.8,221,2,3129.9,25,1,3130.0,728,8
2031,2026-06-16 11:54:25+05:30,3128.9,161,3130.02,1872350,132269.0,206743.0,3163.0,3163.0,3108.0,3134.3,31925200,3447.7,2820.9,3839.9,2896.0,3128.8,37,1,3128.7,40,1,3128.3,7,1,3128.2,82,4,3128.1,58,4,3128.9,97,1,3129.0,103,5,3129.2,11,1,3129.7,1,1,3129.8,274,3
2031,2026-06-16 11:54:26+05:30,3128.9,161,3130.02,1872350,132269.0,206743.0,3163.0,3163.0,3108.0,3134.3,31925200,3447.7,2820.9,3839.9,2896.0,3128.8,37,1,3128.7,40,1,3128.3,7,1,3128.2,82,4,3128.1,58,4,3128.9,97,1,3129.0,103,5,3129.2,11,1,3129.7,1,1,3129.8,274,3
2031,2026-06-16 11:54:26+05:30,3128.9,161,3130.02,1872350,132275.0,206832.0,3163.0,3163.0,3108.0,3134.3,31925200,3447.7,2820.9,3839.9,2896.0,3128.8,37,1,3128.7,40,1,3128.3,7,1,3128.2,7,1,3128.1,58,4,3128.9,103,3,3129.0,102,4,3129.2,11,1,3129.3,53,1,3129.6,130,3
2031,2026-06-16 11:54:27+05:30,3128.8,10,3130.02,1872350,132275.0,206832.0,3163.0,3163.0,3108.0,3134.3,31925200,3447.7,2820.9,3839.9,2896.0,3128.8,37,1,3128.7,40,1,3128.3,7,1,3128.2,7,1,3128.1,58,4,3128.9,103,3,3129.0,102,4,3129.2,11,1,3129.3,53,1,3129.6,130,3
2031,2026-06-16 11:54:27+05:30,3128.8,14,3130.02,1872389,132259.0,207130.0,3163.0,3163.0,3108.0,3134.3,31925200,3447.7,2820.9,3839.9,2896.0,3128.7,40,1,3128.3,7,1,3128.2,7,1,3128.1,8,1,3128.0,133,4,3128.8,186,1,3128.9,114,4,3129.0,89,3,3129.1,72,2,3129.2,11,1
2031,2026-06-16 11:54:28+05:30,3128.8,14,3130.02,1872389,132259.0,207130.0,3163.0,3163.0,3108.0,3134.3,31925200,3447.7,2820.9,3839.9,2896.0,3128.7,40,1,3128.3,7,1,3128.2,7,1,3128.1,8,1,3128.0,133,4,3128.8,186,1,3128.9,114,4,3129.0,89,3,3129.1,72,2,3129.2,11,1
2031,2026-06-16 11:54:28+05:30,3128.8,14,3130.02,1872389,132285.0,206991.0,3163.0,3163.0,3108.0,3134.3,31925200,3447.7,2820.9,3839.9,2896.0,3128.7,56,2,3128.3,7,1,3128.2,7,1,3128.1,8,1,3128.0,133,4,3128.8,187,2,3128.9,113,3,3129.0,99,4,3129.3,58,2,3129.4,53,1
2031,2026-06-16 11:54:29+05:30,3128.7,6,3130.02,1872440,131510.0,207099.0,3163.0,3163.0,3108.0,3134.3,31925200,3447.7,2820.9,3839.9,2896.0,3128.7,10,1,3128.3,7,1,3128.2,7,1,3128.1,8,1,3128.0,63,3,3128.8,220,4,3128.9,100,2,3129.0,118,4,3129.2,61,2,3129.3,50,1
2031,2026-06-16 11:54:30+05:30,3128.7,100,3130.02,1872440,131510.0,207099.0,3163.0,3163.0,3108.0,3134.3,31925200,3447.7,2820.9,3839.9,2896.0,3128.7,10,1,3128.3,7,1,3128.2,7,1,3128.1,8,1,3128.0,63,3,3128.8,220,4,3128.9,100,2,3129.0,118,4,3129.2,61,2,3129.3,50,1
2031,2026-06-16 11:54:30+05:30,3128.6,2,3130.02,1872637,131980.0,207624.0,3163.0,3163.0,3108.0,3134.3,31925200,3447.7,2820.9,3839.9,2896.0,3128.0,63,3,3127.8,2,1,3127.5,114,7,3127.4,54,4,3127.3,38,2,3128.6,169,1,3128.7,175,1,3128.8,28,4,3128.9,100,2,3129.0,24,2
2031,2026-06-16 11:54:31+05:30,3128.6,1,3130.02,1872637,131980.0,207624.0,3163.0,3163.0,3108.0,3134.3,31925200,3447.7,2820.9,3839.9,2896.0,3128.0,63,3,3127.8,2,1,3127.5,114,7,3127.4,54,4,3127.3,38,2,3128.6,169,1,3128.7,175,1,3128.8,28,4,3128.9,100,2,3129.0,24,2
2031,2026-06-16 11:54:31+05:30,3128.6,11,3130.02,1872679,132160.0,207669.0,3163.0,3163.0,3108.0,3134.3,31925200,3447.7,2820.9,3839.9,2896.0,3128.0,63,3,3127.8,71,4,3127.7,24,1,3127.6,77,3,3127.5,63,5,3128.6,153,3,3128.7,175,1,3128.8,2,2,3128.9,100,2,3129.0,10,1
2031,2026-06-16 11:54:32+05:30,3128.6,11,3130.02,1872679,132160.0,207669.0,3163.0,3163.0,3108.0,3134.3,31925200,3447.7,2820.9,3839.9,2896.0,3128.0,63,3,3127.8,71,4,3127.7,24,1,3127.6,77,3,3127.5,63,5,3128.6,153,3,3128.7,175,1,3128.8,2,2,3128.9,100,2,3129.0,10,1
2031,2026-06-16 11:54:32+05:30,3128.6,1,3130.02,1872690,132104.0,208264.0,3163.0,3163.0,3108.0,3134.3,31925200,3447.7,2820.9,3839.9,2896.0,3128.2,6,1,3128.0,63,3,3127.8,52,3,3127.7,24,1,3127.6,77,3,3128.6,142,3,3128.7,175,1,3128.8,2,2,3128.9,100,2,3129.0,10,1
2031,2026-06-16 11:54:33+05:30,3128.6,4,3130.02,1872690,132104.0,208264.0,3163.0,3163.0,3108.0,3134.3,31925200,3447.7,2820.9,3839.9,2896.0,3128.2,6,1,3128.0,63,3,3127.8,52,3,3127.7,24,1,3127.6,77,3,3128.6,142,3,3128.7,175,1,3128.8,2,2,3128.9,100,2,3129.0,10,1
2031,2026-06-16 11:54:33+05:30,3128.0,16,3130.02,1872806,132125.0,207724.0,3163.0,3163.0,3108.0,3134.3,31925200,3447.7,2820.9,3839.9,2896.0,3128.0,36,2,3127.8,33,2,3127.7,24,1,3127.6,112,4,3127.5,63,5,3128.6,26,2,3128.7,175,1,3128.8,2,2,3128.9,100,2,3129.0,10,1
2031,2026-06-16 11:54:34+05:30,3128.0,16,3130.02,1872806,132125.0,207724.0,3163.0,3163.0,3108.0,3134.3,31925200,3447.7,2820.9,3839.9,2896.0,3128.0,36,2,3127.8,33,2,3127.7,24,1,3127.6,112,4,3127.5,63,5,3128.6,26,2,3128.7,175,1,3128.8,2,2,3128.9,100,2,3129.0,10,1
2031,2026-06-16 11:54:34+05:30,3128.0,16,3130.02,1872806,132101.0,207604.0,3163.0,3163.0,3108.0,3134.3,31925200,3447.7,2820.9,3839.9,2896.0,3128.0,45,4,3127.9,54,3,3127.8,52,3,3127.7,84,3,3127.6,152,5,3128.6,26,2,3128.7,175,1,3128.8,2,2,3128.9,100,2,3129.0,10,1
2031,2026-06-16 11:54:35+05:30,3128.0,16,3130.02,1872806,132101.0,207595.0,3163.0,3163.0,3108.0,3134.3,31925200,3447.7,2820.9,3839.9,2896.0,3128.0,45,4,3127.9,54,3,3127.8,52,3,3127.7,84,3,3127.6,152,5,3128.6,26,2,3128.7,175,1,3128.8,2,2,3128.9,100,2,3129.0,10,1
2031,2026-06-16 11:54:36+05:30,3128.7,13,3130.02,1872806,132101.0,207595.0,3163.0,3163.0,3108.0,3134.3,31925200,3447.7,2820.9,3839.9,2896.0,3128.0,45,4,3127.9,54,3,3127.8,52,3,3127.7,84,3,3127.6,152,5,3128.6,26,2,3128.7,175,1,3128.8,2,2,3128.9,100,2,3129.0,10,1
2031,2026-06-16 11:54:36+05:30,3128.7,39,3130.02,1872884,132300.0,208043.0,3163.0,3163.0,3108.0,3134.3,31925200,3447.7,2820.9,3839.9,2896.0,3128.1,76,5,3128.0,67,5,3127.9,111,5,3127.8,52,3,3127.7,48,2,3128.6,35,1,3128.7,323,2,3128.8,2,2,3128.9,100,2,3129.0,10,1
2031,2026-06-16 11:54:37+05:30,3128.7,39,3130.02,1872884,132300.0,208043.0,3163.0,3163.0,3108.0,3134.3,31925200,3447.7,2820.9,3839.9,2896.0,3128.1,76,5,3128.0,67,5,3127.9,111,5,3127.8,52,3,3127.7,48,2,3128.6,35,1,3128.7,323,2,3128.8,2,2,3128.9,100,2,3129.0,10,1
2031,2026-06-16 11:54:37+05:30,3128.6,39,3130.02,1872923,131952.0,208269.0,3163.0,3163.0,3108.0,3134.3,31925200,3447.7,2820.9,3839.9,2896.0,3128.2,17,1,3128.1,22,2,3128.0,86,6,3127.9,94,4,3127.8,74,4,3128.7,323,2,3128.8,2,2,3128.9,100,2,3129.0,10,1,3129.4,80,3
2031,2026-06-16 11:54:38+05:30,3128.7,39,3130.02,1872923,131952.0,208269.0,3163.0,3163.0,3108.0,3134.3,31925200,3447.7,2820.9,3839.9,2896.0,3128.2,17,1,3128.1,22,2,3128.0,86,6,3127.9,94,4,3127.8,74,4,3128.7,323,2,3128.8,2,2,3128.9,100,2,3129.0,10,1,3129.4,80,3
2031,2026-06-16 11:54:38+05:30,3128.7,39,3130.02,1872963,132224.0,208098.0,3163.0,3163.0,3108.0,3134.3,31925200,3447.7,2820.9,3839.9,2896.0,3128.3,15,1,3128.1,22,2,3128.0,86,6,3127.9,75,3,3127.8,74,4,3128.5,1,1,3128.6,12,1,3128.7,283,2,3128.8,1,1,3129.0,10,1
2031,2026-06-16 11:54:39+05:30,3128.7,26,3130.02,1872963,132224.0,208098.0,3163.0,3163.0,3108.0,3134.3,31925200,3447.7,2820.9,3839.9,2896.0,3128.3,15,1,3128.1,22,2,3128.0,86,6,3127.9,75,3,3127.8,74,4,3128.5,1,1,3128.6,12,1,3128.7,283,2,3128.8,1,1,3129.0,10,1
2031,2026-06-16 11:54:39+05:30,3128.7,39,3130.02,1873041,131935.0,208055.0,3163.0,3163.0,3108.0,3134.3,31925200,3447.7,2820.9,3839.9,2896.0,3128.5,1,1,3128.3,15,1,3128.0,52,3,3127.9,57,2,3127.8,74,4,3128.7,218,2,3128.8,1,1,3129.0,10,1,3129.4,67,3,3129.5,253,2
2031,2026-06-16 11:54:40+05:30,3128.5,1,3130.02,1873041,131935.0,208055.0,3163.0,3163.0,3108.0,3134.3,31925200,3447.7,2820.9,3839.9,2896.0,3128.5,1,1,3128.3,15,1,3128.0,52,3,3127.9,57,2,3127.8,74,4,3128.7,218,2,3128.8,1,1,3129.0,10,1,3129.4,67,3,3129.5,253,2
2031,2026-06-16 11:54:40+05:30,3128.7,3,3130.02,1873082,131980.0,207910.0,3163.0,3163.0,3108.0,3134.3,31925200,3447.7,2820.9,3839.9,2896.0,3128.5,16,1,3128.1,67,4,3128.0,84,4,3127.9,125,5,3127.8,95,5,3128.7,261,3,3128.8,1,1,3129.0,10,1,3129.4,59,2,3129.5,200,1
2031,2026-06-16 11:54:41+05:30,3128.7,24,3130.02,1873082,131980.0,207910.0,3163.0,3163.0,3108.0,3134.3,31925200,3447.7,2820.9,3839.9,2896.0,3128.5,16,1,3128.1,67,4,3128.0,84,4,3127.9,125,5,3127.8,95,5,3128.7,261,3,3128.8,1,1,3129.0,10,1,3129.4,59,2,3129.5,200,1
2031,2026-06-16 11:54:41+05:30,3128.7,39,3130.02,1873160,131986.0,208005.0,3163.0,3163.0,3108.0,3134.3,31925200,3447.7,2820.9,3839.9,2896.0,3128.5,16,1,3128.1,67,4,3128.0,84,4,3127.9,125,5,3127.8,95,5,3128.7,183,2,3128.8,1,1,3129.0,10,1,3129.4,1,1,3129.5,200,1
2031,2026-06-16 11:54:42+05:30,3128.7,39,3130.02,1873160,131986.0,208005.0,3163.0,3163.0,3108.0,3134.3,31925200,3447.7,2820.9,3839.9,2896.0,3128.5,16,1,3128.1,67,4,3128.0,84,4,3127.9,125,5,3127.8,95,5,3128.7,183,2,3128.8,1,1,3129.0,10,1,3129.4,1,1,3129.5,200,1
2031,2026-06-16 11:54:42+05:30,3128.7,18,3130.02,1873361,132315.0,206859.0,3163.0,3163.0,3108.0,3134.3,31925200,3447.7,2820.9,3839.9,2896.0,3128.2,14,1,3128.1,150,8,3128.0,84,4,3127.9,115,5,3127.8,74,4,3128.8,1,1,3129.0,192,2,3129.6,79,2,3129.7,1,1,3129.8,274,3
2031,2026-06-16 11:54:43+05:30,3128.8,1,3130.02,1873361,132315.0,206859.0,3163.0,3163.0,3108.0,3134.3,31925200,3447.7,2820.9,3839.9,2896.0,3128.2,14,1,3128.1,150,8,3128.0,84,4,3127.9,115,5,3127.8,74,4,3128.8,1,1,3129.0,192,2,3129.6,79,2,3129.7,1,1,3129.8,274,3
2031,2026-06-16 11:54:43+05:30,3129.0,29,3130.02,1873401,132782.0,207231.0,3163.0,3163.0,3108.0,3134.3,31925200,3447.7,2820.9,3839.9,2896.0,3128.4,14,1,3128.3,167,7,3128.2,53,3,3128.1,39,3,3128.0,123,6,3129.0,353,2,3129.7,1,1,3129.8,221,2,3129.9,133,3,3130.0,799,10
2031,2026-06-16 11:54:44+05:30,3129.0,39,3130.02,1873401,132782.0,207231.0,3163.0,3163.0,3108.0,3134.3,31925200,3447.7,2820.9,3839.9,2896.0,3128.4,14,1,3128.3,167,7,3128.2,53,3,3128.1,39,3,3128.0,123,6,3129.0,353,2,3129.7,1,1,3129.8,221,2,3129.9,133,3,3130.0,799,10
2031,2026-06-16 11:54:44+05:30,3129.0,39,3130.02,1873479,132441.0,207301.0,3163.0,3163.0,3108.0,3134.3,31925200,3447.7,2820.9,3839.9,2896.0,3128.4,47,4,3128.3,134,6,3128.2,96,4,3128.1,25,2,3128.0,123,6,3129.0,413,5,3129.7,59,2,3129.8,221,2,3129.9,133,3,3130.0,799,10
2031,2026-06-16 11:54:45+05:30,3128.4,60,3130.02,1873479,132441.0,207301.0,3163.0,3163.0,3108.0,3134.3,31925200,3447.7,2820.9,3839.9,2896.0,3128.4,47,4,3128.3,134,6,3128.2,96,4,3128.1,25,2,3128.0,123,6,3129.0,413,5,3129.7,59,2,3129.8,221,2,3129.9,133,3,3130.0,799,10
2031,2026-06-16 11:54:45+05:30,3128.0,14,3130.02,1873954,130552.0,206821.0,3163.0,3163.0,3108.0,3134.3,31925200,3447.7,2820.9,3839.9,2896.0,3128.0,56,5,3127.9,13,1,3127.8,52,3,3127.7,32,1,3127.6,68,4,3128.4,400,2,3129.0,291,4,3129.4,80,2,3129.6,20,1,3129.7,58,1
2031,2026-06-16 11:54:46+05:30,3128.4,39,3130.02,1873954,130552.0,206821.0,3163.0,3163.0,3108.0,3134.3,31925200,3447.7,2820.9,3839.9,2896.0,3128.0,56,5,3127.9,13,1,3127.8,52,3,3127.7,32,1,3127.6,68,4,3128.4,400,2,3129.0,291,4,3129.4,80,2,3129.6,20,1,3129.7,58,1
2031,2026-06-16 11:54:46+05:30,3127.8,26,3130.02,1874394,130512.0,209068.0,3163.0,3163.0,3108.0,3134.3,31925200,3447.7,2820.9,3839.9,2896.0,3127.9,14,1,3127.8,59,8,3127.7,17,1,3127.6,123,6,3127.5,311,8,3128.4,185,2,3129.0,66,2,3129.2,58,1,3129.3,400,2,3129.4,80,2
2031,2026-06-16 11:54:47+05:30,3128.4,39,3130.02,1874394,130512.0,209068.0,3163.0,3163.0,3108.0,3134.3,31925200,3447.7,2820.9,3839.9,2896.0,3127.9,14,1,3127.8,59,8,3127.7,17,1,3127.6,123,6,3127.5,311,8,3128.4,185,2,3129.0,66,2,3129.2,58,1,3129.3,400,2,3129.4,80,2
2031,2026-06-16 11:54:47+05:30,3128.6,5,3130.02,1874777,133887.0,207564.0,3163.0,3163.0,3108.0,3134.3,31925200,3447.7,2820.9,3839.9,2896.0,3128.6,44,4,3128.5,48,4,3128.4,139,9,3128.3,10,1,3128.2,112,4,3129.0,14,1,3129.3,400,2,3129.8,21,1,3129.9,7,1,3130.0,50,3
2031,2026-06-16 11:54:48+05:30,3128.9,32,3130.02,1874777,133887.0,207564.0,3163.0,3163.0,3108.0,3134.3,31925200,3447.7,2820.9,3839.9,2896.0,3128.6,44,4,3128.5,48,4,3128.4,139,9,3128.3,10,1,3128.2,112,4,3129.0,14,1,3129.3,400,2,3129.8,21,1,3129.9,7,1,3130.0,50,3
2031,2026-06-16 11:54:48+05:30,3128.8,1,3130.02,1875018,132927.0,207236.0,3163.0,3163.0,3108.0,3134.3,31925200,3447.7,2820.9,3839.9,2896.0,3128.4,71,3,3128.3,82,3,3128.2,111,6,3128.1,192,5,3128.0,992,5,3128.8,1,1,3128.9,200,1,3129.8,21,1,3129.9,1,1,3130.0,508,6
2031,2026-06-16 11:54:49+05:30,3128.9,37,3130.02,1875018,132927.0,207236.0,3163.0,3163.0,3108.0,3134.3,31925200,3447.7,2820.9,3839.9,2896.0,3128.4,71,3,3128.3,82,3,3128.2,111,6,3128.1,192,5,3128.0,992,5,3128.8,1,1,3128.9,200,1,3129.8,21,1,3129.9,1,1,3130.0,508,6
2031,2026-06-16 11:54:49+05:30,3128.9,37,3130.02,1875057,133023.0,207534.0,3163.0,3163.0,3108.0,3134.3,31925200,3447.7,2820.9,3839.9,2896.0,3128.4,109,2,3128.3,67,3,3128.2,73,4,3128.1,194,5,3128.0,992,5,3128.9,242,2,3129.8,21,1,3129.9,1,1,3130.0,508,6,3130.2,81,3
2031,2026-06-16 11:54:49+05:30,3128.9,37,3130.02,1875057,133023.0,207534.0,3163.0,3163.0,3108.0,3134.3,31925200,3447.7,2820.9,3839.9,2896.0,3128.4,109,2,3128.3,67,3,3128.2,73,4,3128.1,194,5,3128.0,992,5,3128.9,242,2,3129.8,21,1,3129.9,1,1,3130.0,508,6,3130.2,81,3
2031,2026-06-16 11:54:50+05:30,3128.9,39,3130.02,1875057,133023.0,207534.0,3163.0,3163.0,3108.0,3134.3,31925200,3447.7,2820.9,3839.9,2896.0,3128.4,109,2,3128.3,67,3,3128.2,73,4,3128.1,194,5,3128.0,992,5,3128.9,242,2,3129.8,21,1,3129.9,1,1,3130.0,508,6,3130.2,81,3
2031,2026-06-16 11:54:50+05:30,3128.9,39,3130.02,1875135,133037.0,207506.0,3163.0,3163.0,3108.0,3134.3,31925200,3447.7,2820.9,3839.9,2896.0,3128.4,109,2,3128.3,101,4,3128.2,73,4,3128.1,160,4,3128.0,992,5,3128.9,164,2,3129.8,21,1,3129.9,1,1,3130.0,508,6,3130.2,81,3
2031,2026-06-16 11:54:51+05:30,3128.9,39,3130.02,1875135,133037.0,207506.0,3163.0,3163.0,3108.0,3134.3,31925200,3447.7,2820.9,3839.9,2896.0,3128.4,109,2,3128.3,101,4,3128.2,73,4,3128.1,160,4,3128.0,992,5,3128.9,164,2,3129.8,21,1,3129.9,1,1,3130.0,508,6,3130.2,81,3
2031,2026-06-16 11:54:51+05:30,3128.9,39,3130.02,1875135,133037.0,207506.0,3163.0,3163.0,3108.0,3134.3,31925200,3447.7,2820.9,3839.9,2896.0,3128.4,109,2,3128.3,101,4,3128.2,73,4,3128.1,160,4,3128.0,992,5,3128.9,164,2,3129.8,21,1,3129.9,1,1,3130.0,508,6,3130.2,81,3
2031,2026-06-16 11:54:51+05:30,3128.9,11,3130.02,1875185,133173.0,207373.0,3163.0,3163.0,3108.0,3134.3,31925200,3447.7,2820.9,3839.9,2896.0,3128.5,170,5,3128.4,161,5,3128.3,98,4,3128.2,99,5,3128.1,285,5,3128.9,132,3,3129.0,100,1,3129.8,21,1,3130.0,108,4,3130.1,1,1
2031,2026-06-16 11:54:52+05:30,3128.9,4,3130.02,1875185,133173.0,207373.0,3163.0,3163.0,3108.0,3134.3,31925200,3447.7,2820.9,3839.9,2896.0,3128.5,170,5,3128.4,161,5,3128.3,98,4,3128.2,99,5,3128.1,285,5,3128.9,132,3,3129.0,100,1,3129.8,21,1,3130.0,108,4,3130.1,1,1
2031,2026-06-16 11:54:52+05:30,3128.9,39,3130.02,1875263,133449.0,207322.0,3163.0,3163.0,3108.0,3134.3,31925200,3447.7,2820.9,3839.9,2896.0,3128.5,297,8,3128.4,161,5,3128.3,98,4,3128.2,107,7,3128.1,285,5,3128.9,80,3,3129.0,100,1,3129.8,21,1,3130.0,50,3,3130.1,1,1
2031,2026-06-16 11:54:53+05:30,3130.4,25,3130.02,1875263,133449.0,207322.0,3163.0,3163.0,3108.0,3134.3,31925200,3447.7,2820.9,3839.9,2896.0,3128.5,297,8,3128.4,161,5,3128.3,98,4,3128.2,107,7,3128.1,285,5,3128.9,80,3,3129.0,100,1,3129.8,21,1,3130.0,50,3,3130.1,1,1
2031,2026-06-16 11:54:53+05:30,3130.4,25,3130.02,1875263,133449.0,207322.0,3163.0,3163.0,3108.0,3134.3,31925200,3447.7,2820.9,3839.9,2896.0,3128.5,297,8,3128.4,161,5,3128.3,98,4,3128.2,107,7,3128.1,285,5,3128.9,80,3,3129.0,100,1,3129.8,21,1,3130.0,50,3,3130.1,1,1
2031,2026-06-16 11:54:53+05:30,3130.4,1,3130.02,1876225,136509.0,204969.0,3163.0,3163.0,3108.0,3134.3,31925200,3447.7,2820.9,3839.9,2896.0,3129.3,14,1,3129.2,145,6,3129.1,112,5,3129.0,146,8,3128.9,45,4,3130.4,78,1,3130.5,175,1,3130.8,164,4,3130.9,78,2,3131.0,171,6
2031,2026-06-16 11:54:54+05:30,3129.3,1,3130.02,1876225,136509.0,204969.0,3163.0,3163.0,3108.0,3134.3,31925200,3447.7,2820.9,3839.9,2896.0,3129.3,14,1,3129.2,145,6,3129.1,112,5,3129.0,146,8,3128.9,45,4,3130.4,78,1,3130.5,175,1,3130.8,164,4,3130.9,78,2,3131.0,171,6
2031,2026-06-16 11:54:54+05:30,3129.3,1,3130.02,1876227,136435.0,205286.0,3163.0,3163.0,3108.0,3134.3,31925200,3447.7,2820.9,3839.9,2896.0,3129.3,30,5,3129.2,105,4,3129.1,102,5,3129.0,163,8,3128.9,45,4,3130.4,77,1,3130.5,375,2,3130.8,172,5,3130.9,70,1,3131.0,171,6
2031,2026-06-16 11:54:55+05:30,3129.3,1,3130.02,1876227,136435.0,205286.0,3163.0,3163.0,3108.0,3134.3,31925200,3447.7,2820.9,3839.9,2896.0,3129.3,30,5,3129.2,105,4,3129.1,102,5,3129.0,163,8,3128.9,45,4,3130.4,77,1,3130.5,375,2,3130.8,172,5,3130.9,70,1,3131.0,171,6
2031,2026-06-16 11:54:55+05:30,3129.3,1,3130.02,1876227,136367.0,205345.0,3163.0,3163.0,3108.0,3134.3,31925200,3447.7,2820.9,3839.9,2896.0,3129.3,137,3,3129.2,105,4,3129.1,115,6,3129.0,163,8,3128.9,31,3,3130.4,77,1,3130.5,375,2,3130.8,112,3,3130.9,78,2,3131.0,171,6
2031,2026-06-16 11:54:56+05:30,3129.3,3,3130.02,1876232,136199.0,205765.0,3163.0,3163.0,3108.0,3134.3,31925200,3447.7,2820.9,3839.9,2896.0,3129.3,133,2,3129.2,14,1,3129.1,32,3,3129.0,124,6,3128.9,164,5,3130.4,192,3,3130.5,533,5,3130.6,49,1,3130.7,8,1,3130.8,183,5
2031,2026-06-16 11:54:57+05:30,3129.3,3,3130.02,1876232,136199.0,205765.0,3163.0,3163.0,3108.0,3134.3,31925200,3447.7,2820.9,3839.9,2896.0,3129.3,133,2,3129.2,14,1,3129.1,32,3,3129.0,124,6,3128.9,164,5,3130.4,192,3,3130.5,533,5,3130.6,49,1,3130.7,8,1,3130.8,183,5
2031,2026-06-16 11:54:57+05:30,3129.3,3,3130.02,1876232,136199.0,205765.0,3163.0,3163.0,3108.0,3134.3,31925200,3447.7,2820.9,3839.9,2896.0,3129.3,133,2,3129.2,14,1,3129.1,32,3,3129.0,124,6,3128.9,164,5,3130.4,192,3,3130.5,533,5,3130.6,49,1,3130.7,8,1,3130.8,183,5
2031,2026-06-16 11:54:57+05:30,3129.3,3,3130.02,1876232,135933.0,205753.0,3163.0,3163.0,3108.0,3134.3,31925200,3447.7,2820.9,3839.9,2896.0,3129.5,16,1,3129.3,133,2,3129.1,2,1,3129.0,41,2,3128.9,27,2,3130.4,661,8,3130.5,62,3,3130.6,186,4,3130.8,183,5,3130.9,70,1
2031,2026-06-16 11:54:58+05:30,3130.4,65,3130.02,1876232,135933.0,205753.0,3163.0,3163.0,3108.0,3134.3,31925200,3447.7,2820.9,3839.9,2896.0,3129.5,16,1,3129.3,133,2,3129.1,2,1,3129.0,41,2,3128.9,27,2,3130.4,661,8,3130.5,62,3,3130.6,186,4,3130.8,183,5,3130.9,70,1
2031,2026-06-16 11:54:58+05:30,3130.4,65,3130.02,1876297,136028.0,206100.0,3163.0,3163.0,3108.0,3134.3,31925200,3447.7,2820.9,3839.9,2896.0,3129.5,17,2,3129.3,133,2,3129.2,7,1,3129.1,16,2,3129.0,104,3,3130.2,70,1,3130.4,99,4,3130.5,380,3,3130.6,186,4,3130.7,8,1
2031,2026-06-16 11:54:58+05:30,3130.4,65,3130.02,1876297,136028.0,206100.0,3163.0,3163.0,3108.0,3134.3,31925200,3447.7,2820.9,3839.9,2896.0,3129.5,17,2,3129.3,133,2,3129.2,7,1,3129.1,16,2,3129.0,104,3,3130.2,70,1,3130.4,99,4,3130.5,380,3,3130.6,186,4,3130.7,8,1
2031,2026-06-16 11:54:59+05:30,3130.3,1,3130.02,1876297,136028.0,206100.0,3163.0,3163.0,3108.0,3134.3,31925200,3447.7,2820.9,3839.9,2896.0,3129.5,17,2,3129.3,133,2,3129.2,7,1,3129.1,16,2,3129.0,104,3,3130.2,70,1,3130.4,99,4,3130.5,380,3,3130.6,186,4,3130.7,8,1
2031,2026-06-16 11:54:59+05:30,3130.2,2,3130.02,1876688,135977.0,205667.0,3163.0,3163.0,3108.0,3134.3,31925200,3447.7,2820.9,3839.9,2896.0,3129.5,108,1,3129.3,267,7,3129.2,68,2,3129.1,52,3,3129.0,114,6,3130.2,22,1,3130.4,59,4,3130.5,380,3,3130.6,109,2,3130.8,133,5
2031,2026-06-16 11:55:00+05:30,3130.2,2,3130.02,1876688,135977.0,205667.0,3163.0,3163.0,3108.0,3134.3,31925200,3447.7,2820.9,3839.9,2896.0,3129.5,108,1,3129.3,267,7,3129.2,68,2,3129.1,52,3,3129.0,114,6,3130.2,22,1,3130.4,59,4,3130.5,380,3,3130.6,109,2,3130.8,133,5
2031,2026-06-16 11:55:00+05:30,3130.2,2,3130.02,1876688,135977.0,205667.0,3163.0,3163.0,3108.0,3134.3,31925200,3447.7,2820.9,3839.9,2896.0,3129.5,108,1,3129.3,267,7,3129.2,68,2,3129.1,52,3,3129.0,114,6,3130.2,22,1,3130.4,59,4,3130.5,380,3,3130.6,109,2,3130.8,133,5
2031,2026-06-16 11:55:00+05:30,3130.2,2,3130.02,1876688,136209.0,206426.0,3163.0,3163.0,3108.0,3134.3,31925200,3447.7,2820.9,3839.9,2896.0,3129.9,2,2,3129.5,113,3,3129.4,28,1,3129.3,267,7,3129.2,50,2,3130.2,23,2,3130.4,59,4,3130.5,380,3,3130.8,52,1,3130.9,129,3
2031,2026-06-16 11:55:01+05:30,3130.2,2,3130.02,1876688,136209.0,206426.0,3163.0,3163.0,3108.0,3134.3,31925200,3447.7,2820.9,3839.9,2896.0,3129.9,2,2,3129.5,113,3,3129.4,28,1,3129.3,267,7,3129.2,50,2,3130.2,23,2,3130.4,59,4,3130.5,380,3,3130.8,52,1,3130.9,129,3
2031,2026-06-16 11:55:01+05:30,3129.9,1,3130.02,1876688,136209.0,206426.0,3163.0,3163.0,3108.0,3134.3,31925200,3447.7,2820.9,3839.9,2896.0,3129.9,2,2,3129.5,113,3,3129.4,28,1,3129.3,267,7,3129.2,50,2,3130.2,23,2,3130.4,59,4,3130.5,380,3,3130.8,52,1,3130.9,129,3
2031,2026-06-16 11:55:01+05:30,3129.9,1,3130.02,1876688,136209.0,206426.0,3163.0,3163.0,3108.0,3134.3,31925200,3447.7,2820.9,3839.9,2896.0,3129.9,2,2,3129.5,113,3,3129.4,28,1,3129.3,267,7,3129.2,50,2,3130.2,23,2,3130.4,59,4,3130.5,380,3,3130.8,52,1,3130.9,129,3
2031,2026-06-16 11:55:01+05:30,3129.9,1,3130.02,1876689,136395.0,206178.0,3163.0,3163.0,3108.0,3134.3,31925200,3447.7,2820.9,3839.9,2896.0,3129.9,137,4,3129.5,188,5,3129.4,47,2,3129.3,144,5,3129.2,71,3,3130.2,23,2,3130.4,59,4,3130.5,380,3,3130.9,63,1,3131.0,166,5
2031,2026-06-16 11:55:02+05:30,3129.9,1,3130.02,1876689,136395.0,206178.0,3163.0,3163.0,3108.0,3134.3,31925200,3447.7,2820.9,3839.9,2896.0,3129.9,137,4,3129.5,188,5,3129.4,47,2,3129.3,144,5,3129.2,71,3,3130.2,23,2,3130.4,59,4,3130.5,380,3,3130.9,63,1,3131.0,166,5
2031,2026-06-16 11:55:02+05:30,3129.9,1,3130.02,1876689,136389.0,206186.0,3163.0,3163.0,3108.0,3134.3,31925200,3447.7,2820.9,3839.9,2896.0,3129.9,137,4,3129.5,231,7,3129.4,19,1,3129.3,133,5,3129.2,175,5,3130.2,23,2,3130.4,59,4,3130.5,380,3,3130.9,63,1,3131.0,102,4
2031,2026-06-16 11:55:02+05:30,3129.9,1,3130.02,1876689,136389.0,206186.0,3163.0,3163.0,3108.0,3134.3,31925200,3447.7,2820.9,3839.9,2896.0,3129.9,137,4,3129.5,231,7,3129.4,19,1,3129.3,133,5,3129.2,175,5,3130.2,23,2,3130.4,59,4,3130.5,380,3,3130.9,63,1,3131.0,102,4
2031,2026-06-16 11:55:03+05:30,3129.9,1,3130.02,1876689,136389.0,206186.0,3163.0,3163.0,3108.0,3134.3,31925200,3447.7,2820.9,3839.9,2896.0,3129.9,137,4,3129.5,231,7,3129.4,19,1,3129.3,133,5,3129.2,175,5,3130.2,23,2,3130.4,59,4,3130.5,380,3,3130.9,63,1,3131.0,102,4
2031,2026-06-16 11:55:03+05:30,3129.9,1,3130.02,1876689,136523.0,206430.0,3163.0,3163.0,3108.0,3134.3,31925200,3447.7,2820.9,3839.9,2896.0,3130.0,16,2,3129.9,137,4,3129.5,214,6,3129.4,19,1,3129.3,133,5,3130.2,90,3,3130.4,59,4,3130.5,380,3,3130.9,63,1,3131.0,102,4
2031,2026-06-16 11:55:04+05:30,3129.9,1,3130.02,1876689,136523.0,206430.0,3163.0,3163.0,3108.0,3134.3,31925200,3447.7,2820.9,3839.9,2896.0,3130.0,16,2,3129.9,137,4,3129.5,214,6,3129.4,19,1,3129.3,133,5,3130.2,90,3,3130.4,59,4,3130.5,380,3,3130.9,63,1,3131.0,102,4
2031,2026-06-16 11:55:04+05:30,3130.2,1,3130.02,1876690,136498.0,206429.0,3163.0,3163.0,3108.0,3134.3,31925200,3447.7,2820.9,3839.9,2896.0,3130.0,16,2,3129.9,137,4,3129.5,214,6,3129.4,19,1,3129.3,133,5,3130.2,89,3,3130.4,59,4,3130.5,380,3,3130.9,71,2,3131.0,102,4
2031,2026-06-16 11:55:05+05:30,3130.2,1,3130.02,1876690,136498.0,206429.0,3163.0,3163.0,3108.0,3134.3,31925200,3447.7,2820.9,3839.9,2896.0,3130.0,16,2,3129.9,137,4,3129.5,214,6,3129.4,19,1,3129.3,133,5,3130.2,89,3,3130.4,59,4,3130.5,380,3,3130.9,71,2,3131.0,102,4
2031,2026-06-16 11:55:05+05:30,3130.2,1,3130.02,1876690,136498.0,206429.0,3163.0,3163.0,3108.0,3134.3,31925200,3447.7,2820.9,3839.9,2896.0,3130.0,16,2,3129.9,137,4,3129.5,214,6,3129.4,19,1,3129.3,133,5,3130.2,89,3,3130.4,59,4,3130.5,380,3,3130.9,71,2,3131.0,102,4
2031,2026-06-16 11:55:05+05:30,3130.2,1,3130.02,1876690,136771.0,206344.0,3163.0,3163.0,3108.0,3134.3,31925200,3447.7,2820.9,3839.9,2896.0,3130.1,2,2,3130.0,130,2,3129.9,135,2,3129.8,37,1,3129.7,112,5,3130.2,89,3,3130.4,59,4,3130.5,380,3,3130.9,63,1,3131.0,50,3
2031,2026-06-16 11:55:05+05:30,3130.2,1,3130.02,1876690,136771.0,206344.0,3163.0,3163.0,3108.0,3134.3,31925200,3447.7,2820.9,3839.9,2896.0,3130.1,2,2,3130.0,130,2,3129.9,135,2,3129.8,37,1,3129.7,112,5,3130.2,89,3,3130.4,59,4,3130.5,380,3,3130.9,63,1,3131.0,50,3
2031,2026-06-16 11:55:06+05:30,3130.3,1,3130.02,1876690,136771.0,206344.0,3163.0,3163.0,3108.0,3134.3,31925200,3447.7,2820.9,3839.9,2896.0,3130.1,2,2,3130.0,130,2,3129.9,135,2,3129.8,37,1,3129.7,112,5,3130.2,89,3,3130.4,59,4,3130.5,380,3,3130.9,63,1,3131.0,50,3
2031,2026-06-16 11:55:06+05:30,3130.3,1,3130.02,1876825,136847.0,206096.0,3163.0,3163.0,3108.0,3134.3,31925200,3447.7,2820.9,3839.9,2896.0,3130.0,106,2,3129.9,135,2,3129.8,11,1,3129.7,31,1,3129.6,16,1,3130.2,13,1,3130.4,26,3,3130.5,380,3,3130.9,63,1,3131.0,30,2
2031,2026-06-16 11:55:06+05:30,3130.3,1,3130.02,1876825,136847.0,206096.0,3163.0,3163.0,3108.0,3134.3,31925200,3447.7,2820.9,3839.9,2896.0,3130.0,106,2,3129.9,135,2,3129.8,11,1,3129.7,31,1,3129.6,16,1,3130.2,13,1,3130.4,26,3,3130.5,380,3,3130.9,63,1,3131.0,30,2
2031,2026-06-16 11:55:07+05:30,3130.4,3,3130.02,1876828,136876.0,206122.0,3163.0,3163.0,3108.0,3134.3,31925200,3447.7,2820.9,3839.9,2896.0,3130.0,106,2,3129.9,135,2,3129.7,31,1,3129.6,16,1,3129.5,186,5,3130.4,23,3,3130.5,380,3,3130.9,63,1,3131.0,30,2,3131.1,128,2
2031,2026-06-16 11:55:07+05:30,3130.4,3,3130.02,1876828,136876.0,206122.0,3163.0,3163.0,3108.0,3134.3,31925200,3447.7,2820.9,3839.9,2896.0,3130.0,106,2,3129.9,135,2,3129.7,31,1,3129.6,16,1,3129.5,186,5,3130.4,23,3,3130.5,380,3,3130.9,63,1,3131.0,30,2,3131.1,128,2
2031,2026-06-16 11:55:08+05:30,3130.2,1,3130.02,1876828,136876.0,206122.0,3163.0,3163.0,3108.0,3134.3,31925200,3447.7,2820.9,3839.9,2896.0,3130.0,106,2,3129.9,135,2,3129.7,31,1,3129.6,16,1,3129.5,186,5,3130.4,23,3,3130.5,380,3,3130.9,63,1,3131.0,30,2,3131.1,128,2
2031,2026-06-16 11:55:08+05:30,3130.2,1,3130.02,1876829,136838.0,205992.0,3163.0,3163.0,3108.0,3134.3,31925200,3447.7,2820.9,3839.9,2896.0,3130.0,103,3,3129.9,135,2,3129.8,15,1,3129.7,31,1,3129.6,16,1,3130.4,25,4,3130.5,380,3,3130.9,63,1,3131.0,30,2,3131.1,128,2
2031,2026-06-16 11:55:08+05:30,3130.2,1,3130.02,1876829,136838.0,205992.0,3163.0,3163.0,3108.0,3134.3,31927200,3447.7,2820.9,3839.9,2896.0,3130.0,103,3,3129.9,135,2,3129.8,15,1,3129.7,31,1,3129.6,16,1,3130.4,25,4,3130.5,380,3,3130.9,63,1,3131.0,30,2,3131.1,128,2
2031,2026-06-16 11:55:09+05:30,3130.4,18,3130.02,1876829,136838.0,205992.0,3163.0,3163.0,3108.0,3134.3,31927200,3447.7,2820.9,3839.9,2896.0,3130.0,103,3,3129.9,135,2,3129.8,15,1,3129.7,31,1,3129.6,16,1,3130.4,25,4,3130.5,380,3,3130.9,63,1,3131.0,30,2,3131.1,128,2
2031,2026-06-16 11:55:09+05:30,3130.2,7,3130.02,1876976,136623.0,206351.0,3163.0,3163.0,3108.0,3134.3,31927200,3447.7,2820.9,3839.9,2896.0,3130.0,124,5,3129.9,135,2,3129.8,15,1,3129.5,109,2,3129.4,57,2,3130.2,193,1,3130.5,380,3,3130.9,82,2,3131.0,107,4,3131.1,70,1
2031,2026-06-16 11:55:10+05:30,3130.2,1,3130.02,1876976,136623.0,206351.0,3163.0,3163.0,3108.0,3134.3,31927200,3447.7,2820.9,3839.9,2896.0,3130.0,124,5,3129.9,135,2,3129.8,15,1,3129.5,109,2,3129.4,57,2,3130.2,193,1,3130.5,380,3,3130.9,82,2,3131.0,107,4,3131.1,70,1
2031,2026-06-16 11:55:10+05:30,3130.5,100,3130.02,1877277,136548.0,206109.0,3163.0,3163.0,3108.0,3134.3,31927200,3447.7,2820.9,3839.9,2896.0,3130.0,19,3,3129.9,135,2,3129.8,17,1,3129.5,108,1,3129.4,31,1,3130.5,277,3,3130.9,82,2,3131.0,181,6,3131.1,70,1,3131.2,142,4
2031,2026-06-16 11:55:11+05:30,3130.5,100,3130.02,1877277,136548.0,206109.0,3163.0,3163.0,3108.0,3134.3,31927200,3447.7,2820.9,3839.9,2896.0,3130.0,19,3,3129.9,135,2,3129.8,17,1,3129.5,108,1,3129.4,31,1,3130.5,277,3,3130.9,82,2,3131.0,181,6,3131.1,70,1,3131.2,142,4
2031,2026-06-16 11:55:11+05:30,3130.5,100,3130.02,1877277,136681.0,206106.0,3163.0,3163.0,3108.0,3134.3,31927200,3447.7,2820.9,3839.9,2896.0,3130.0,72,5,3129.9,135,2,3129.5,138,2,3129.4,116,3,3129.3,37,2,3130.2,1,1,3130.5,277,3,3130.9,82,2,3131.0,100,3,3131.1,128,2
2031,2026-06-16 11:55:12+05:30,3130.2,10,3130.02,1877277,136681.0,206106.0,3163.0,3163.0,3108.0,3134.3,31927200,3447.7,2820.9,3839.9,2896.0,3130.0,72,5,3129.9,135,2,3129.5,138,2,3129.4,116,3,3129.3,37,2,3130.2,1,1,3130.5,277,3,3130.9,82,2,3131.0,100,3,3131.1,128,2
2031,2026-06-16 11:55:12+05:30,3130.2,10,3130.02,1877288,136820.0,206006.0,3163.0,3163.0,3108.0,3134.3,31927200,3447.7,2820.9,3839.9,2896.0,3130.0,59,4,3129.9,135,2,3129.5,157,3,3129.4,58,1,3129.3,301,4,3130.5,277,3,3130.8,36,1,3130.9,63,1,3131.0,197,5,3131.1,147,3
2031,2026-06-16 11:55:13+05:30,3130.5,1,3130.02,1877288,136820.0,206006.0,3163.0,3163.0,3108.0,3134.3,31927200,3447.7,2820.9,3839.9,2896.0,3130.0,59,4,3129.9,135,2,3129.5,157,3,3129.4,58,1,3129.3,301,4,3130.5,277,3,3130.8,36,1,3130.9,63,1,3131.0,197,5,3131.1,147,3
2031,2026-06-16 11:55:13+05:30,3130.5,1,3130.02,1877289,136815.0,206079.0,3163.0,3163.0,3108.0,3134.3,31927200,3447.7,2820.9,3839.9,2896.0,3130.0,59,4,3129.9,135,2,3129.5,157,3,3129.4,58,1,3129.3,223,3,3130.5,301,4,3130.8,36,1,3130.9,63,1,3131.0,197,5,3131.1,155,4
2031,2026-06-16 11:55:14+05:30,3130.5,1,3130.02,1877289,136795.0,205905.0,3163.0,3163.0,3108.0,3134.3,31927200,3447.7,2820.9,3839.9,2896.0,3130.2,15,1,3130.0,43,3,3129.9,135,2,3129.5,157,3,3129.4,58,1,3130.5,301,4,3130.8,36,1,3130.9,115,2,3131.0,148,5,3131.1,155,4
2031,2026-06-16 11:55:15+05:30,3130.2,39,3130.02,1877289,136795.0,205905.0,3163.0,3163.0,3108.0,3134.3,31927200,3447.7,2820.9,3839.9,2896.0,3130.2,15,1,3130.0,43,3,3129.9,135,2,3129.5,157,3,3129.4,58,1,3130.5,301,4,3130.8,36,1,3130.9,115,2,3131.0,148,5,3131.1,155,4
2031,2026-06-16 11:55:15+05:30,3130.2,39,3130.02,1877332,136798.0,206035.0,3163.0,3163.0,3108.0,3134.3,31927200,3447.7,2820.9,3839.9,2896.0,3130.2,15,1,3130.0,61,4,3129.9,135,2,3129.5,138,2,3129.3,54,3,3130.5,299,4,3130.8,36,1,3130.9,200,5,3131.0,148,5,3131.1,128,2
2031,2026-06-16 11:55:16+05:30,3130.0,3,3130.02,1877332,136798.0,206035.0,3163.0,3163.0,3108.0,3134.3,31927200,3447.7,2820.9,3839.9,2896.0,3130.2,15,1,3130.0,61,4,3129.9,135,2,3129.5,138,2,3129.3,54,3,3130.5,299,4,3130.8,36,1,3130.9,200,5,3131.0,148,5,3131.1,128,2
2031,2026-06-16 11:55:16+05:30,3130.0,3,3130.02,1877585,136161.0,206911.0,3163.0,3163.0,3108.0,3134.3,31927200,3447.7,2820.9,3839.9,2896.0,3130.0,24,3,3129.9,135,2,3129.3,1,1,3129.1,46,3,3129.0,14,1,3130.1,63,1,3130.4,96,4,3130.5,299,4,3130.6,146,4,3130.8,114,4
2031,2026-06-16 11:55:17+05:30,3130.0,15,3130.02,1877585,136161.0,206911.0,3163.0,3163.0,3108.0,3134.3,31927200,3447.7,2820.9,3839.9,2896.0,3130.0,24,3,3129.9,135,2,3129.3,1,1,3129.1,46,3,3129.0,14,1,3130.1,63,1,3130.4,96,4,3130.5,299,4,3130.6,146,4,3130.8,114,4
2031,2026-06-16 11:55:17+05:30,3130.0,15,3130.02,1877759,135840.0,206942.0,3163.0,3163.0,3108.0,3134.3,31927200,3447.7,2820.9,3839.9,2896.0,3130.0,5,1,3129.9,124,2,3129.3,1,1,3129.1,26,2,3128.9,68,4,3130.1,136,5,3130.2,13,1,3130.4,383,7,3130.5,8,1,3130.6,146,4
2031,2026-06-16 11:55:18+05:30,3130.0,5,3130.02,1877837,136034.0,206978.0,3163.0,3163.0,3108.0,3134.3,31927200,3447.7,2820.9,3839.9,2896.0,3130.0,12,2,3129.9,115,2,3129.3,1,1,3129.1,26,2,3128.9,68,4,3130.1,88,2,3130.4,8,1,3130.5,269,2,3130.6,107,3,3130.7,97,4
2031,2026-06-16 11:55:18+05:30,3130.0,5,3130.02,1877837,136034.0,206978.0,3163.0,3163.0,3108.0,3134.3,31927200,3447.7,2820.9,3839.9,2896.0,3130.0,12,2,3129.9,115,2,3129.3,1,1,3129.1,26,2,3128.9,68,4,3130.1,88,2,3130.4,8,1,3130.5,269,2,3130.6,107,3,3130.7,97,4
2031,2026-06-16 11:55:18+05:30,3130.1,1,3130.02,1877877,136080.0,207051.0,3163.0,3163.0,3108.0,3134.3,31927200,3447.7,2820.9,3839.9,2896.0,3130.0,7,2,3129.9,115,2,3129.3,1,1,3129.1,26,2,3128.9,68,4,3130.1,87,2,3130.4,327,4,3130.5,19,1,3130.6,165,5,3130.7,39,2
2031,2026-06-16 11:55:19+05:30,3130.1,1,3130.02,1877877,136080.0,207051.0,3163.0,3163.0,3108.0,3134.3,31927200,3447.7,2820.9,3839.9,2896.0,3130.0,7,2,3129.9,115,2,3129.3,1,1,3129.1,26,2,3128.9,68,4,3130.1,87,2,3130.4,327,4,3130.5,19,1,3130.6,165,5,3130.7,39,2
2031,2026-06-16 11:55:19+05:30,3129.9,39,3130.02,1877999,135827.0,207003.0,3163.0,3163.0,3108.0,3134.3,31927200,3447.7,2820.9,3839.9,2896.0,3130.0,22,2,3129.9,76,2,3129.3,21,2,3129.1,26,2,3128.9,68,4,3130.1,87,2,3130.3,28,2,3130.4,336,5,3130.5,12,2,3130.6,184,6
2031,2026-06-16 11:55:20+05:30,3129.9,39,3130.02,1877999,135827.0,207003.0,3163.0,3163.0,3108.0,3134.3,31927200,3447.7,2820.9,3839.9,2896.0,3130.0,22,2,3129.9,76,2,3129.3,21,2,3129.1,26,2,3128.9,68,4,3130.1,87,2,3130.3,28,2,3130.4,336,5,3130.5,12,2,3130.6,184,6
2031,2026-06-16 11:55:20+05:30,3130.0,19,3130.02,1878078,135933.0,206938.0,3163.0,3163.0,3108.0,3134.3,31927200,3447.7,2820.9,3839.9,2896.0,3130.0,17,1,3129.9,76,2,3129.3,21,2,3129.1,26,2,3128.9,68,4,3130.1,86,2,3130.4,286,4,3130.5,1,1,3130.6,134,5,3130.7,88,3
2031,2026-06-16 11:55:21+05:30,3130.0,19,3130.02,1878078,135933.0,206938.0,3163.0,3163.0,3108.0,3134.3,31927200,3447.7,2820.9,3839.9,2896.0,3130.0,17,1,3129.9,76,2,3129.3,21,2,3129.1,26,2,3128.9,68,4,3130.1,86,2,3130.4,286,4,3130.5,1,1,3130.6,134,5,3130.7,88,3
2031,2026-06-16 11:55:21+05:30,3130.0,21,3130.02,1878117,136123.0,206935.0,3163.0,3163.0,3108.0,3134.3,31927200,3447.7,2820.9,3839.9,2896.0,3130.0,17,1,3129.9,76,2,3129.3,21,2,3129.1,45,3,3129.0,30,1,3130.1,86,2,3130.4,277,3,3130.5,1,1,3130.6,115,4,3130.7,88,3
2031,2026-06-16 11:55:22+05:30,3130.1,1,3130.02,1878117,136123.0,206935.0,3163.0,3163.0,3108.0,3134.3,31927200,3447.7,2820.9,3839.9,2896.0,3130.0,17,1,3129.9,76,2,3129.3,21,2,3129.1,45,3,3129.0,30,1,3130.1,86,2,3130.4,277,3,3130.5,1,1,3130.6,115,4,3130.7,88,3
2031,2026-06-16 11:55:22+05:30,3130.0,39,3130.02,1878157,136141.0,206963.0,3163.0,3163.0,3108.0,3134.3,31927200,3447.7,2820.9,3839.9,2896.0,3130.0,17,1,3129.9,76,2,3129.4,7,1,3129.3,21,2,3129.1,59,4,3130.1,86,3,3130.4,277,3,3130.5,1,1,3130.6,107,3,3130.7,96,4
2031,2026-06-16 11:55:23+05:30,3129.9,16,3130.02,1878157,136141.0,206963.0,3163.0,3163.0,3108.0,3134.3,31927200,3447.7,2820.9,3839.9,2896.0,3130.0,17,1,3129.9,76,2,3129.4,7,1,3129.3,21,2,3129.1,59,4,3130.1,86,3,3130.4,277,3,3130.5,1,1,3130.6,107,3,3130.7,96,4
2031,2026-06-16 11:55:23+05:30,3129.9,39,3130.02,1878255,135953.0,206945.0,3163.0,3163.0,3108.0,3134.3,31927200,3447.7,2820.9,3839.9,2896.0,3129.9,21,2,3129.3,21,2,3129.2,7,1,3129.1,45,3,3129.0,30,1,3130.1,66,3,3130.4,277,3,3130.5,9,2,3130.6,107,3,3130.7,88,3
2031,2026-06-16 11:55:24+05:30,3129.9,39,3130.02,1878255,135953.0,206945.0,3163.0,3163.0,3108.0,3134.3,31927200,3447.7,2820.9,3839.9,2896.0,3129.9,21,2,3129.3,21,2,3129.2,7,1,3129.1,45,3,3129.0,30,1,3130.1,66,3,3130.4,277,3,3130.5,9,2,3130.6,107,3,3130.7,88,3
2031,2026-06-16 11:55:24+05:30,3129.9,26,3130.02,1878294,135796.0,206990.0,3163.0,3163.0,3108.0,3134.3,31927200,3447.7,2820.9,3839.9,2896.0,3129.9,8,1,3129.3,21,2,3129.2,36,2,3129.1,2,1,3129.0,36,2,3130.1,66,3,3130.4,277,3,3130.5,9,2,3130.6,126,4,3130.7,88,3
2031,2026-06-16 11:55:25+05:30,3129.9,26,3130.02,1878294,135796.0,206990.0,3163.0,3163.0,3108.0,3134.3,31927200,3447.7,2820.9,3839.9,2896.0,3129.9,8,1,3129.3,21,2,3129.2,36,2,3129.1,2,1,3129.0,36,2,3130.1,66,3,3130.4,277,3,3130.5,9,2,3130.6,126,4,3130.7,88,3
2031,2026-06-16 11:55:25+05:30,3130.1,1,3130.02,1878335,135580.0,207033.0,3163.0,3163.0,3108.0,3134.3,31927200,3447.7,2820.9,3839.9,2896.0,3129.9,3,1,3129.3,21,2,3129.1,2,1,3129.0,19,2,3128.9,21,1,3130.1,64,3,3130.3,37,2,3130.4,324,4,3130.5,9,2,3130.6,173,5
2031,2026-06-16 11:55:26+05:30,3129.1,9,3130.02,1878335,135580.0,207033.0,3163.0,3163.0,3108.0,3134.3,31927200,3447.7,2820.9,3839.9,2896.0,3129.9,3,1,3129.3,21,2,3129.1,2,1,3129.0,19,2,3128.9,21,1,3130.1,64,3,3130.3,37,2,3130.4,324,4,3130.5,9,2,3130.6,173,5
2031,2026-06-16 11:55:26+05:30,3128.8,39,3130.02,1878589,133508.0,207490.0,3163.0,3163.0,3108.0,3134.3,31927200,3447.7,2820.9,3839.9,2896.0,3128.8,12,1,3128.5,16,1,3128.2,31,1,3128.0,1003,4,3127.9,112,4,3129.0,862,1,3129.7,8,1,3129.8,148,4,3129.9,19,1,3130.0,503,9
2031,2026-06-16 11:55:27+05:30,3128.8,39,3130.02,1878589,133508.0,207490.0,3163.0,3163.0,3108.0,3134.3,31927200,3447.7,2820.9,3839.9,2896.0,3128.8,12,1,3128.5,16,1,3128.2,31,1,3128.0,1003,4,3127.9,112,4,3129.0,862,1,3129.7,8,1,3129.8,148,4,3129.9,19,1,3130.0,503,9
2031,2026-06-16 11:55:27+05:30,3128.5,24,3130.02,1878628,133559.0,206593.0,3163.0,3163.0,3108.0,3134.3,31927200,3447.7,2820.9,3839.9,2896.0,3128.5,16,1,3128.2,31,1,3128.0,995,3,3127.9,144,5,3127.8,40,3,3129.0,888,3,3129.7,49,1,3129.8,101,3,3129.9,277,3,3130.0,204,7
2031,2026-06-16 11:55:28+05:30,3128.5,24,3130.02,1878628,133559.0,206593.0,3163.0,3163.0,3108.0,3134.3,31927200,3447.7,2820.9,3839.9,2896.0,3128.5,16,1,3128.2,31,1,3128.0,995,3,3127.9,144,5,3127.8,40,3,3129.0,888,3,3129.7,49,1,3129.8,101,3,3129.9,277,3,3130.0,204,7
2031,2026-06-16 11:55:28+05:30,3128.0,39,3130.02,1878854,133171.0,208595.0,3163.0,3163.0,3108.0,3134.3,31927200,3447.7,2820.9,3839.9,2896.0,3128.0,891,1,3127.9,58,1,3127.8,2,1,3127.7,55,2,3127.6,58,1,3129.0,913,4,3129.2,54,1,3129.3,99,3,3129.4,157,5,3129.6,285,7
2031,2026-06-16 11:55:29+05:30,3128.0,39,3130.02,1878854,133171.0,208595.0,3163.0,3163.0,3108.0,3134.3,31927200,3447.7,2820.9,3839.9,2896.0,3128.0,891,1,3127.9,58,1,3127.8,2,1,3127.7,55,2,3127.6,58,1,3129.0,913,4,3129.2,54,1,3129.3,99,3,3129.4,157,5,3129.6,285,7
2031,2026-06-16 11:55:29+05:30,3128.0,39,3130.02,1878893,133219.0,209003.0,3163.0,3163.0,3108.0,3134.3,31927200,3447.7,2820.9,3839.9,2896.0,3128.0,852,1,3127.9,58,1,3127.8,2,1,3127.7,21,1,3127.6,58,1,3129.0,913,4,3129.2,54,1,3129.3,99,3,3129.4,157,5,3129.5,102,2
2031,2026-06-16 11:55:30+05:30,3129.0,69,3130.02,1878893,133219.0,209003.0,3163.0,3163.0,3108.0,3134.3,31927200,3447.7,2820.9,3839.9,2896.0,3128.0,852,1,3127.9,58,1,3127.8,2,1,3127.7,21,1,3127.6,58,1,3129.0,913,4,3129.2,54,1,3129.3,99,3,3129.4,157,5,3129.5,102,2
2031,2026-06-16 11:55:30+05:30,3128.5,1,3130.02,1879010,133106.0,208398.0,3163.0,3163.0,3108.0,3134.3,31927200,3447.7,2820.9,3839.9,2896.0,3128.0,856,3,3127.8,2,1,3127.7,30,1,3127.6,69,2,3127.5,171,8,3128.5,191,1,3128.9,25,1,3129.0,845,5,3129.2,46,1,3129.3,68,3
2031,2026-06-16 11:55:31+05:30,3128.5,1,3130.02,1879010,133106.0,208398.0,3163.0,3163.0,3108.0,3134.3,31927200,3447.7,2820.9,3839.9,2896.0,3128.0,856,3,3127.8,2,1,3127.7,30,1,3127.6,69,2,3127.5,171,8,3128.5,191,1,3128.9,25,1,3129.0,845,5,3129.2,46,1,3129.3,68,3
2031,2026-06-16 11:55:31+05:30,3128.5,1,3130.02,1879280,132721.0,209422.0,3163.0,3163.0,3108.0,3134.3,31927200,3447.7,2820.9,3839.9,2896.0,3128.0,589,4,3127.9,29,1,3127.8,20,2,3127.7,42,2,3127.6,30,1,3128.5,28,1,3128.9,25,1,3129.0,794,2,3129.2,95,2,3129.3,46,1
2031,2026-06-16 11:55:32+05:30,3128.5,1,3130.02,1879280,132721.0,209422.0,3163.0,3163.0,3108.0,3134.3,31927200,3447.7,2820.9,3839.9,2896.0,3128.0,589,4,3127.9,29,1,3127.8,20,2,3127.7,42,2,3127.6,30,1,3128.5,28,1,3128.9,25,1,3129.0,794,2,3129.2,95,2,3129.3,46,1
2031,2026-06-16 11:55:32+05:30,3128.0,22,3130.02,1879302,132757.0,209029.0,3163.0,3163.0,3108.0,3134.3,31927200,3447.7,2820.9,3839.9,2896.0,3128.0,567,4,3127.9,29,1,3127.8,20,2,3127.7,42,2,3127.6,88,2,3128.5,28,1,3128.9,25,1,3129.0,794,2,3129.2,95,2,3129.3,46,1
2031,2026-06-16 11:55:33+05:30,3128.0,22,3130.02,1879302,132757.0,209029.0,3163.0,3163.0,3108.0,3134.3,31927200,3447.7,2820.9,3839.9,2896.0,3128.0,567,4,3127.9,29,1,3127.8,20,2,3127.7,42,2,3127.6,88,2,3128.5,28,1,3128.9,25,1,3129.0,794,2,3129.2,95,2,3129.3,46,1
2031,2026-06-16 11:55:33+05:30,3128.0,22,3130.02,1879302,132770.0,209125.0,3163.0,3163.0,3108.0,3134.3,31927200,3447.7,2820.9,3839.9,2896.0,3128.0,567,4,3127.9,44,2,3127.8,47,3,3127.7,42,2,3127.6,88,2,3128.5,28,1,3128.9,25,1,3129.0,794,2,3129.2,95,2,3129.3,46,1
2031,2026-06-16 11:55:34+05:30,3128.5,1,3130.02,1879303,132897.0,209369.0,3163.0,3163.0,3108.0,3134.3,31927200,3447.7,2820.9,3839.9,2896.0,3128.1,15,1,3128.0,645,10,3127.9,30,2,3127.8,125,6,3127.7,120,3,3128.5,62,2,3128.9,25,1,3129.0,794,2,3129.2,49,1,3129.3,46,1
2031,2026-06-16 11:55:35+05:30,3128.5,1,3130.02,1879303,132897.0,209369.0,3163.0,3163.0,3108.0,3134.3,31927200,3447.7,2820.9,3839.9,2896.0,3128.1,15,1,3128.0,645,10,3127.9,30,2,3127.8,125,6,3127.7,120,3,3128.5,62,2,3128.9,25,1,3129.0,794,2,3129.2,49,1,3129.3,46,1
2031,2026-06-16 11:55:35+05:30,3128.5,1,3130.02,1879303,132828.0,209222.0,3163.0,3163.0,3108.0,3134.3,31927200,3447.7,2820.9,3839.9,2896.0,3128.1,1,1,3128.0,579,6,3127.9,30,2,3127.8,137,6,3127.7,42,2,3128.5,62,2,3128.9,25,1,3129.0,794,2,3129.3,46,1,3129.4,22,1
2031,2026-06-16 11:55:36+05:30,3128.5,1,3130.02,1879304,132998.0,209002.0,3163.0,3163.0,3108.0,3134.3,31927200,3447.7,2820.9,3839.9,2896.0,3128.1,1,1,3128.0,631,8,3127.9,60,3,3127.8,154,5,3127.7,21,1,3128.5,61,2,3128.9,25,1,3129.0,1,1,3129.4,22,1,3129.5,64,1
2031,2026-06-16 11:55:37+05:30,3128.5,1,3130.02,1879304,132998.0,209002.0,3163.0,3163.0,3108.0,3134.3,31927200,3447.7,2820.9,3839.9,2896.0,3128.1,1,1,3128.0,631,8,3127.9,60,3,3127.8,154,5,3127.7,21,1,3128.5,61,2,3128.9,25,1,3129.0,1,1,3129.4,22,1,3129.5,64,1
2031,2026-06-16 11:55:38+05:30,3128.5,1,3130.02,1879304,133215.0,207113.0,3163.0,3163.0,3108.0,3134.3,31927200,3447.7,2820.9,3839.9,2896.0,3128.2,40,3,3128.1,92,4,3128.0,664,10,3127.9,93,2,3127.8,125,6,3128.5,96,3,3128.9,25,1,3129.0,1,1,3129.4,22,1,3129.5,64,1
2031,2026-06-16 11:55:39+05:30,3128.5,4,3130.02,1879405,133320.0,207238.0,3163.0,3163.0,3108.0,3134.3,31927200,3447.7,2820.9,3839.9,2896.0,3128.4,15,1,3128.3,72,4,3128.2,39,3,3128.1,170,5,3128.0,707,11,3128.5,30,2,3128.9,25,1,3129.4,32,2,3129.6,21,1,3129.8,370,5
2031,2026-06-16 11:55:39+05:30,3128.5,4,3130.02,1879405,133320.0,207238.0,3163.0,3163.0,3108.0,3134.3,31927200,3447.7,2820.9,3839.9,2896.0,3128.4,15,1,3128.3,72,4,3128.2,39,3,3128.1,170,5,3128.0,707,11,3128.5,30,2,3128.9,25,1,3129.4,32,2,3129.6,21,1,3129.8,370,5
2031,2026-06-16 11:55:40+05:30,3128.3,1,3130.02,1879586,133034.0,208566.0,3163.0,3163.0,3108.0,3134.3,31927200,3447.7,2820.9,3839.9,2896.0,3128.2,48,3,3128.1,66,2,3128.0,685,11,3127.9,73,2,3127.8,146,5,3128.3,19,1,3128.5,17,1,3128.9,25,1,3129.4,32,2,3129.6,173,3
2031,2026-06-16 11:55:40+05:30,3128.3,1,3130.02,1879586,133034.0,208566.0,3163.0,3163.0,3108.0,3134.3,31927200,3447.7,2820.9,3839.9,2896.0,3128.2,48,3,3128.1,66,2,3128.0,685,11,3127.9,73,2,3127.8,146,5,3128.3,19,1,3128.5,17,1,3128.9,25,1,3129.4,32,2,3129.6,173,3
2031,2026-06-16 11:55:41+05:30,3128.3,8,3130.02,1879594,133095.0,208746.0,3163.0,3163.0,3108.0,3134.3,31927200,3447.7,2820.9,3839.9,2896.0,3128.2,19,2,3128.1,95,3,3128.0,628,7,3127.9,73,2,3127.8,165,6,3128.3,11,1,3128.5,17,1,3128.9,25,1,3129.4,32,2,3129.6,348,4
2031,2026-06-16 11:55:41+05:30,3128.3,8,3130.02,1879594,133095.0,208746.0,3163.0,3163.0,3108.0,3134.3,31927200,3447.7,2820.9,3839.9,2896.0,3128.2,19,2,3128.1,95,3,3128.0,628,7,3127.9,73,2,3127.8,165,6,3128.3,11,1,3128.5,17,1,3128.9,25,1,3129.4,32,2,3129.6,348,4
2031,2026-06-16 11:55:42+05:30,3128.3,1,3130.02,1879606,132027.0,207489.0,3163.0,3163.0,3108.0,3134.3,31927200,3447.7,2820.9,3839.9,2896.0,3128.2,45,5,3128.1,145,4,3128.0,781,10,3127.9,58,1,3127.8,38,3,3128.3,2,1,3128.9,25,1,3129.4,32,2,3129.6,348,4,3129.8,101,3
2031,2026-06-16 11:55:42+05:30,3128.3,1,3130.02,1879606,132027.0,207489.0,3163.0,3163.0,3108.0,3134.3,31927200,3447.7,2820.9,3839.9,2896.0,3128.2,45,5,3128.1,145,4,3128.0,781,10,3127.9,58,1,3127.8,38,3,3128.3,2,1,3128.9,25,1,3129.4,32,2,3129.6,348,4,3129.8,101,3
2031,2026-06-16 11:55:43+05:30,3128.3,21,3130.02,1879630,132960.0,207020.0,3163.0,3163.0,3108.0,3134.3,31927200,3447.7,2820.9,3839.9,2896.0,3128.2,43,4,3128.1,145,4,3128.0,763,9,3127.9,58,1,3127.8,111,5,3128.9,25,1,3129.4,10,1,3129.6,348,4,3129.8,101,3,3129.9,115,2
2031,2026-06-16 11:55:43+05:30,3128.3,21,3130.02,1879630,132960.0,207020.0,3163.0,3163.0,3108.0,3134.3,31927200,3447.7,2820.9,3839.9,2896.0,3128.2,43,4,3128.1,145,4,3128.0,763,9,3127.9,58,1,3127.8,111,5,3128.9,25,1,3129.4,10,1,3129.6,348,4,3129.8,101,3,3129.9,115,2
2031,2026-06-16 11:55:44+05:30,3128.3,21,3130.02,1879630,132714.0,208153.0,3163.0,3163.0,3108.0,3134.3,31927200,3447.7,2820.9,3839.9,2896.0,3128.3,15,1,3128.2,18,2,3128.1,66,2,3128.0,605,5,3127.9,79,2,3128.9,42,2,3129.0,31,1,3129.2,32,1,3129.4,55,2,3129.5,375,4
2031,2026-06-16 11:55:45+05:30,3128.9,1,3130.02,1879631,132896.0,208229.0,3163.0,3163.0,3108.0,3134.3,31927200,3447.7,2820.9,3839.9,2896.0,3128.4,17,1,3128.3,1,1,3128.2,18,2,3128.1,66,2,3128.0,605,5,3128.9,41,2,3129.4,55,2,3129.5,375,4,3129.6,143,4,3129.7,66,1
2031,2026-06-16 11:55:45+05:30,3128.9,1,3130.02,1879631,132896.0,208229.0,3163.0,3163.0,3108.0,3134.3,31927200,3447.7,2820.9,3839.9,2896.0,3128.4,17,1,3128.3,1,1,3128.2,18,2,3128.1,66,2,3128.0,605,5,3128.9,41,2,3129.4,55,2,3129.5,375,4,3129.6,143,4,3129.7,66,1
2031,2026-06-16 11:55:46+05:30,3128.5,45,3130.02,1879676,132735.0,208376.0,3163.0,3163.0,3108.0,3134.3,31927200,3447.7,2820.9,3839.9,2896.0,3128.7,2,2,3128.5,16,1,3128.4,2,2,3128.3,1,1,3128.2,3,1,3128.9,42,3,3129.4,45,1,3129.5,326,3,3129.6,143,4,3129.7,66,1
2031,2026-06-16 11:55:46+05:30,3128.5,45,3130.02,1879676,132735.0,208376.0,3163.0,3163.0,3108.0,3134.3,31927200,3447.7,2820.9,3839.9,2896.0,3128.7,2,2,3128.5,16,1,3128.4,2,2,3128.3,1,1,3128.2,3,1,3128.9,42,3,3129.4,45,1,3129.5,326,3,3129.6,143,4,3129.7,66,1
2031,2026-06-16 11:55:47+05:30,3128.9,1,3130.02,1879727,132818.0,208411.0,3163.0,3163.0,3108.0,3134.3,31927200,3447.7,2820.9,3839.9,2896.0,3128.7,68,4,3128.5,16,1,3128.4,7,3,3128.3,1,1,3128.2,3,1,3128.9,17,2,3129.5,269,2,3129.6,79,2,3129.7,66,1,3129.8,165,5
2031,2026-06-16 11:55:47+05:30,3128.9,1,3130.02,1879727,132818.0,208411.0,3163.0,3163.0,3108.0,3134.3,31927200,3447.7,2820.9,3839.9,2896.0,3128.7,68,4,3128.5,16,1,3128.4,7,3,3128.3,1,1,3128.2,3,1,3128.9,17,2,3129.5,269,2,3129.6,79,2,3129.7,66,1,3129.8,165,5
2031,2026-06-16 11:55:48+05:30,3128.9,22,3130.02,1879792,132811.0,207410.0,3163.0,3163.0,3108.0,3134.3,31927200,3447.7,2820.9,3839.9,2896.0,3128.7,68,4,3128.5,16,1,3128.4,7,3,3128.3,32,2,3128.2,24,2,3128.9,3,1,3129.5,269,2,3129.8,107,4,3129.9,70,1,3130.0,399,7
2031,2026-06-16 11:55:48+05:30,3128.9,22,3130.02,1879792,132811.0,207410.0,3163.0,3163.0,3108.0,3134.3,31927200,3447.7,2820.9,3839.9,2896.0,3128.7,68,4,3128.5,16,1,3128.4,7,3,3128.3,32,2,3128.2,24,2,3128.9,3,1,3129.5,269,2,3129.8,107,4,3129.9,70,1,3130.0,399,7
2031,2026-06-16 11:55:49+05:30,3128.9,1,3130.02,1879796,133319.0,207666.0,3163.0,3163.0,3108.0,3134.3,31927200,3447.7,2820.9,3839.9,2896.0,3128.9,18,2,3128.7,3,3,3128.4,7,3,3128.3,1,1,3128.2,3,1,3129.5,332,4,3129.6,31,1,3129.7,8,1,3129.8,175,5,3129.9,119,2
2031,2026-06-16 11:55:49+05:30,3128.9,1,3130.02,1879796,133319.0,207666.0,3163.0,3163.0,3108.0,3134.3,31927200,3447.7,2820.9,3839.9,2896.0,3128.9,18,2,3128.7,3,3,3128.4,7,3,3128.3,1,1,3128.2,3,1,3129.5,332,4,3129.6,31,1,3129.7,8,1,3129.8,175,5,3129.9,119,2
2031,2026-06-16 11:55:50+05:30,3128.9,1,3130.02,1879796,133319.0,207666.0,3163.0,3163.0,3108.0,3134.3,31927200,3447.7,2820.9,3839.9,2896.0,3128.9,18,2,3128.7,3,3,3128.4,7,3,3128.3,1,1,3128.2,3,1,3129.5,332,4,3129.6,31,1,3129.7,8,1,3129.8,175,5,3129.9,119,2
2031,2026-06-16 11:55:50+05:30,3129.1,18,3130.02,1879814,133516.0,208195.0,3163.0,3163.0,3108.0,3134.3,31927200,3447.7,2820.9,3839.9,2896.0,3129.2,16,1,3128.9,1,1,3128.7,3,3,3128.4,7,3,3128.3,1,1,3129.5,448,6,3129.6,53,2,3129.7,34,2,3129.8,175,5,3129.9,270,2
2031,2026-06-16 11:55:50+05:30,3129.1,18,3130.02,1879814,133516.0,208195.0,3163.0,3163.0,3108.0,3134.3,31927200,3447.7,2820.9,3839.9,2896.0,3129.2,16,1,3128.9,1,1,3128.7,3,3,3128.4,7,3,3128.3,1,1,3129.5,448,6,3129.6,53,2,3129.7,34,2,3129.8,175,5,3129.9,270,2
2031,2026-06-16 11:55:51+05:30,3129.1,18,3130.02,1879814,132976.0,208339.0,3163.0,3163.0,3108.0,3134.3,31927200,3447.7,2820.9,3839.9,2896.0,3129.3,2,2,3129.2,17,2,3128.9,1,1,3128.7,1,1,3128.4,22,4,3129.4,77,5,3129.5,392,5,3129.6,83,3,3129.7,26,1,3129.8,197,6
2031,2026-06-16 11:55:51+05:30,3129.1,18,3130.02,1879814,132976.0,208339.0,3163.0,3163.0,3108.0,3134.3,31927200,3447.7,2820.9,3839.9,2896.0,3129.3,2,2,3129.2,17,2,3128.9,1,1,3128.7,1,1,3128.4,22,4,3129.4,77,5,3129.5,392,5,3129.6,83,3,3129.7,26,1,3129.8,197,6
2031,2026-06-16 11:55:52+05:30,3128.9,1,3130.02,1880056,132553.0,205951.0,3163.0,3163.0,3108.0,3134.3,31927200,3447.7,2820.9,3839.9,2896.0,3128.4,2,2,3128.3,1,1,3128.2,34,2,3128.1,1,1,3128.0,589,4,3128.9,299,1,3129.3,4,1,3129.4,111,2,3129.5,95,5,3129.6,515,6
2031,2026-06-16 11:55:52+05:30,3128.9,1,3130.02,1880056,132553.0,205951.0,3163.0,3163.0,3108.0,3134.3,31927200,3447.7,2820.9,3839.9,2896.0,3128.4,2,2,3128.3,1,1,3128.2,34,2,3128.1,1,1,3128.0,589,4,3128.9,299,1,3129.3,4,1,3129.4,111,2,3129.5,95,5,3129.6,515,6
2031,2026-06-16 11:55:53+05:30,3128.9,1,3130.02,1880056,132905.0,207696.0,3163.0,3163.0,3108.0,3134.3,31927200,3447.7,2820.9,3839.9,2896.0,3128.4,19,3,3128.3,1,1,3128.2,34,2,3128.1,41,3,3128.0,719,8,3128.9,348,3,3129.4,21,1,3129.5,2,1,3129.6,445,4,3129.8,154,4
2031,2026-06-16 11:55:53+05:30,3128.9,1,3130.02,1880056,132905.0,207696.0,3163.0,3163.0,3108.0,3134.3,31927200,3447.7,2820.9,3839.9,2896.0,3128.4,19,3,3128.3,1,1,3128.2,34,2,3128.1,41,3,3128.0,719,8,3128.9,348,3,3129.4,21,1,3129.5,2,1,3129.6,445,4,3129.8,154,4
2031,2026-06-16 11:55:54+05:30,3128.9,1,3130.02,1880056,132969.0,207901.0,3163.0,3163.0,3108.0,3134.3,31927200,3447.7,2820.9,3839.9,2896.0,3128.5,17,1,3128.4,31,3,3128.3,1,1,3128.2,34,2,3128.1,68,4,3128.9,348,3,3129.4,21,1,3129.5,2,1,3129.6,445,4,3129.8,154,4
2031,2026-06-16 11:55:55+05:30,3128.9,1,3130.02,1880057,132970.0,207711.0,3163.0,3163.0,3108.0,3134.3,31927200,3447.7,2820.9,3839.9,2896.0,3128.5,18,2,3128.4,31,3,3128.3,1,1,3128.2,34,2,3128.1,49,3,3128.9,347,3,3129.4,21,1,3129.6,445,4,3129.8,154,4,3130.0,595,9
2031,2026-06-16 11:55:55+05:30,3128.9,1,3130.02,1880057,132970.0,207711.0,3163.0,3163.0,3108.0,3134.3,31927200,3447.7,2820.9,3839.9,2896.0,3128.5,18,2,3128.4,31,3,3128.3,1,1,3128.2,34,2,3128.1,49,3,3128.9,347,3,3129.4,21,1,3129.6,445,4,3129.8,154,4,3130.0,595,9
2031,2026-06-16 11:55:55+05:30,3128.9,1,3130.02,1880057,132970.0,207711.0,3163.0,3163.0,3108.0,3134.3,31927200,3447.7,2820.9,3839.9,2896.0,3128.5,18,2,3128.4,31,3,3128.3,1,1,3128.2,34,2,3128.1,49,3,3128.9,347,3,3129.4,21,1,3129.6,445,4,3129.8,154,4,3130.0,595,9
2031,2026-06-16 11:55:56+05:30,3128.5,3,3130.02,1880066,133124.0,207957.0,3163.0,3163.0,3108.0,3134.3,31927200,3447.7,2820.9,3839.9,2896.0,3128.5,15,2,3128.4,1,1,3128.3,1,1,3128.2,3,1,3128.1,1,1,3128.9,385,5,3129.4,21,1,3129.6,503,5,3129.7,19,1,3129.8,154,4
2031,2026-06-16 11:55:56+05:30,3128.5,3,3130.02,1880066,133124.0,207957.0,3163.0,3163.0,3108.0,3134.3,31927200,3447.7,2820.9,3839.9,2896.0,3128.5,15,2,3128.4,1,1,3128.3,1,1,3128.2,3,1,3128.1,1,1,3128.9,385,5,3129.4,21,1,3129.6,503,5,3129.7,19,1,3129.8,154,4
2031,2026-06-16 11:55:57+05:30,3128.5,3,3130.02,1880066,132697.0,208387.0,3163.0,3163.0,3108.0,3134.3,31927200,3447.7,2820.9,3839.9,2896.0,3128.8,17,1,3128.5,1,1,3128.4,1,1,3128.3,1,1,3128.2,3,1,3128.9,385,5,3129.4,21,1,3129.5,394,3,3129.6,122,3,3129.7,8,1
2031,2026-06-16 11:55:57+05:30,3128.5,3,3130.02,1880066,132697.0,208387.0,3163.0,3163.0,3108.0,3134.3,31927200,3447.7,2820.9,3839.9,2896.0,3128.8,17,1,3128.5,1,1,3128.4,1,1,3128.3,1,1,3128.2,3,1,3128.9,385,5,3129.4,21,1,3129.5,394,3,3129.6,122,3,3129.7,8,1
2031,2026-06-16 11:55:58+05:30,3128.9,1,3130.02,1880426,131883.0,208467.0,3163.0,3163.0,3108.0,3134.3,31927200,3447.7,2820.9,3839.9,2896.0,3128.2,3,1,3128.1,22,2,3128.0,598,5,3127.9,57,2,3127.8,69,3,3128.9,225,5,3129.4,245,3,3129.5,200,1,3129.6,82,3,3129.8,154,4
2031,2026-06-16 11:55:58+05:30,3128.9,1,3130.02,1880426,131883.0,208467.0,3163.0,3163.0,3108.0,3134.3,31927200,3447.7,2820.9,3839.9,2896.0,3128.2,3,1,3128.1,22,2,3128.0,598,5,3127.9,57,2,3127.8,69,3,3128.9,225,5,3129.4,245,3,3129.5,200,1,3129.6,82,3,3129.8,154,4
2031,2026-06-16 11:55:58+05:30,3128.2,5,3130.02,1880431,133161.0,208125.0,3163.0,3163.0,3108.0,3134.3,31927200,3447.7,2820.9,3839.9,2896.0,3128.6,109,1,3128.2,70,4,3128.1,22,2,3128.0,734,8,3127.9,26,1,3128.9,225,5,3129.6,399,4,3129.8,203,5,3130.0,374,6,3130.1,200,1
2031,2026-06-16 11:55:58+05:30,3128.2,5,3130.02,1880431,133161.0,208125.0,3163.0,3163.0,3108.0,3134.3,31927200,3447.7,2820.9,3839.9,2896.0,3128.6,109,1,3128.2,70,4,3128.1,22,2,3128.0,734,8,3127.9,26,1,3128.9,225,5,3129.6,399,4,3129.8,203,5,3130.0,374,6,3130.1,200,1
2031,2026-06-16 11:55:59+05:30,3128.9,7,3130.02,1880431,133161.0,208125.0,3163.0,3163.0,3108.0,3134.3,31927200,3447.7,2820.9,3839.9,2896.0,3128.6,109,1,3128.2,70,4,3128.1,22,2,3128.0,734,8,3127.9,26,1,3128.9,225,5,3129.6,399,4,3129.8,203,5,3130.0,374,6,3130.1,200,1
2031,2026-06-16 11:56:00+05:30,3128.9,7,3130.02,1880438,133240.0,207929.0,3163.0,3163.0,3108.0,3134.3,31927200,3447.7,2820.9,3839.9,2896.0,3128.6,109,1,3128.2,70,4,3128.1,43,3,3128.0,787,8,3127.9,29,2,3128.9,218,5,3129.6,399,4,3129.8,203,5,3130.0,574,7,3130.2,203,5
2031,2026-06-16 11:56:00+05:30,3128.9,7,3130.02,1880438,133240.0,207929.0,3163.0,3163.0,3108.0,3134.3,31927200,3447.7,2820.9,3839.9,2896.0,3128.6,109,1,3128.2,70,4,3128.1,43,3,3128.0,787,8,3127.9,29,2,3128.9,218,5,3129.6,399,4,3129.8,203,5,3130.0,574,7,3130.2,203,5
2031,2026-06-16 11:56:01+05:30,3128.9,7,3130.02,1880438,133343.0,209403.0,3163.0,3163.0,3108.0,3134.3,31927200,3447.7,2820.9,3839.9,2896.0,3128.8,2,2,3128.6,143,4,3128.4,31,1,3128.2,70,4,3128.1,49,3,3128.9,301,6,3129.6,396,3,3129.8,159,4,3130.0,577,8,3130.2,203,5
2031,2026-06-16 11:56:01+05:30,3128.9,7,3130.02,1880438,133343.0,209403.0,3163.0,3163.0,3108.0,3134.3,31927200,3447.7,2820.9,3839.9,2896.0,3128.8,2,2,3128.6,143,4,3128.4,31,1,3128.2,70,4,3128.1,49,3,3128.9,301,6,3129.6,396,3,3129.8,159,4,3130.0,577,8,3130.2,203,5
2031,2026-06-16 11:56:02+05:30,3128.9,7,3130.02,1880438,133320.0,209478.0,3163.0,3163.0,3108.0,3134.3,31927200,3447.7,2820.9,3839.9,2896.0,3128.8,2,2,3128.6,143,4,3128.4,31,1,3128.2,89,5,3128.1,49,3,3128.9,301,6,3129.6,396,3,3129.8,127,3,3130.0,537,7,3130.2,203,5
2031,2026-06-16 11:56:02+05:30,3128.9,7,3130.02,1880438,133320.0,209478.0,3163.0,3163.0,3108.0,3134.3,31927200,3447.7,2820.9,3839.9,2896.0,3128.8,2,2,3128.6,143,4,3128.4,31,1,3128.2,89,5,3128.1,49,3,3128.9,301,6,3129.6,396,3,3129.8,127,3,3130.0,537,7,3130.2,203,5
2031,2026-06-16 11:56:03+05:30,3128.9,1,3130.02,1880439,133339.0,209472.0,3163.0,3163.0,3108.0,3134.3,31927200,3447.7,2820.9,3839.9,2896.0,3128.8,2,2,3128.6,143,4,3128.4,50,2,3128.2,89,5,3128.1,49,3,3128.9,300,6,3129.6,396,3,3129.8,127,3,3130.0,537,7,3130.2,203,5
2031,2026-06-16 11:56:03+05:30,3128.9,1,3130.02,1880439,133339.0,209472.0,3163.0,3163.0,3108.0,3134.3,31927200,3447.7,2820.9,3839.9,2896.0,3128.8,2,2,3128.6,143,4,3128.4,50,2,3128.2,89,5,3128.1,49,3,3128.9,300,6,3129.6,396,3,3129.8,127,3,3130.0,537,7,3130.2,203,5
2031,2026-06-16 11:56:03+05:30,3128.9,1,3130.02,1880439,133339.0,209472.0,3163.0,3163.0,3108.0,3134.3,31927200,3447.7,2820.9,3839.9,2896.0,3128.8,2,2,3128.6,143,4,3128.4,50,2,3128.2,89,5,3128.1,49,3,3128.9,300,6,3129.6,396,3,3129.8,127,3,3130.0,537,7,3130.2,203,5
2031,2026-06-16 11:56:04+05:30,3128.8,29,3130.02,1880487,133184.0,209451.0,3163.0,3163.0,3108.0,3134.3,31927200,3447.7,2820.9,3839.9,2896.0,3128.8,15,1,3128.6,114,3,3128.2,41,3,3128.1,43,3,3128.0,667,7,3128.9,252,5,3129.6,396,3,3129.8,127,3,3130.0,537,7,3130.1,8,1
2031,2026-06-16 11:56:04+05:30,3128.8,29,3130.02,1880487,133184.0,209451.0,3163.0,3163.0,3108.0,3134.3,31927200,3447.7,2820.9,3839.9,2896.0,3128.8,15,1,3128.6,114,3,3128.2,41,3,3128.1,43,3,3128.0,667,7,3128.9,252,5,3129.6,396,3,3129.8,127,3,3130.0,537,7,3130.1,8,1
2031,2026-06-16 11:56:04+05:30,3128.8,29,3130.02,1880487,133184.0,209451.0,3163.0,3163.0,3108.0,3134.3,31927200,3447.7,2820.9,3839.9,2896.0,3128.8,15,1,3128.6,114,3,3128.2,41,3,3128.1,43,3,3128.0,667,7,3128.9,252,5,3129.6,396,3,3129.8,127,3,3130.0,537,7,3130.1,8,1
2031,2026-06-16 11:56:05+05:30,3128.9,1,3130.02,1880488,133211.0,209458.0,3163.0,3163.0,3108.0,3134.3,31927200,3447.7,2820.9,3839.9,2896.0,3128.8,15,1,3128.6,114,3,3128.3,31,1,3128.2,41,3,3128.1,90,5,3128.9,251,5,3129.6,396,3,3129.8,127,3,3130.0,537,7,3130.1,8,1
2031,2026-06-16 11:56:05+05:30,3128.9,1,3130.02,1880488,133211.0,209458.0,3163.0,3163.0,3108.0,3134.3,31927200,3447.7,2820.9,3839.9,2896.0,3128.8,15,1,3128.6,114,3,3128.3,31,1,3128.2,41,3,3128.1,90,5,3128.9,251,5,3129.6,396,3,3129.8,127,3,3130.0,537,7,3130.1,8,1
2031,2026-06-16 11:56:05+05:30,3128.9,1,3130.02,1880488,133211.0,209458.0,3163.0,3163.0,3108.0,3134.3,31927200,3447.7,2820.9,3839.9,2896.0,3128.8,15,1,3128.6,114,3,3128.3,31,1,3128.2,41,3,3128.1,90,5,3128.9,251,5,3129.6,396,3,3129.8,127,3,3130.0,537,7,3130.1,8,1
2031,2026-06-16 11:56:06+05:30,3128.8,6,3130.02,1880494,133398.0,209266.0,3163.0,3163.0,3108.0,3134.3,31927200,3447.7,2820.9,3839.9,2896.0,3128.8,9,1,3128.6,165,6,3128.5,11,1,3128.4,72,3,3128.3,16,1,3128.9,251,5,3129.6,396,3,3129.8,127,3,3130.0,489,5,3130.2,139,3
2031,2026-06-16 11:56:06+05:30,3128.8,6,3130.02,1880494,133398.0,209266.0,3163.0,3163.0,3108.0,3134.3,31927200,3447.7,2820.9,3839.9,2896.0,3128.8,9,1,3128.6,165,6,3128.5,11,1,3128.4,72,3,3128.3,16,1,3128.9,251,5,3129.6,396,3,3129.8,127,3,3130.0,489,5,3130.2,139,3
2031,2026-06-16 11:56:06+05:30,3128.8,6,3130.02,1880494,133398.0,209266.0,3163.0,3163.0,3108.0,3134.3,31927200,3447.7,2820.9,3839.9,2896.0,3128.8,9,1,3128.6,165,6,3128.5,11,1,3128.4,72,3,3128.3,16,1,3128.9,251,5,3129.6,396,3,3129.8,127,3,3130.0,489,5,3130.2,139,3
2031,2026-06-16 11:56:06+05:30,3128.8,6,3130.02,1880494,133398.0,209266.0,3163.0,3163.0,3108.0,3134.3,31927200,3447.7,2820.9,3839.9,2896.0,3128.8,9,1,3128.6,165,6,3128.5,11,1,3128.4,72,3,3128.3,16,1,3128.9,251,5,3129.6,396,3,3129.8,127,3,3130.0,489,5,3130.2,139,3
2031,2026-06-16 11:56:07+05:30,3128.9,3,3130.02,1880647,133450.0,208863.0,3163.0,3163.0,3108.0,3134.3,31927200,3447.7,2820.9,3839.9,2896.0,3128.8,9,1,3128.6,173,7,3128.5,11,1,3128.4,72,3,3128.3,72,2,3128.9,98,2,3129.6,396,3,3129.8,20,1,3129.9,62,1,3130.0,431,4
2031,2026-06-16 11:56:07+05:30,3128.9,3,3130.02,1880647,133450.0,208863.0,3163.0,3163.0,3108.0,3134.3,31927200,3447.7,2820.9,3839.9,2896.0,3128.8,9,1,3128.6,173,7,3128.5,11,1,3128.4,72,3,3128.3,72,2,3128.9,98,2,3129.6,396,3,3129.8,20,1,3129.9,62,1,3130.0,431,4
2031,2026-06-16 11:56:07+05:30,3128.9,3,3130.02,1880647,133450.0,208863.0,3163.0,3163.0,3108.0,3134.3,31927200,3447.7,2820.9,3839.9,2896.0,3128.8,9,1,3128.6,173,7,3128.5,11,1,3128.4,72,3,3128.3,72,2,3128.9,98,2,3129.6,396,3,3129.8,20,1,3129.9,62,1,3130.0,431,4
2031,2026-06-16 11:56:08+05:30,3128.9,1,3130.02,1880647,133450.0,208863.0,3163.0,3163.0,3108.0,3134.3,31927200,3447.7,2820.9,3839.9,2896.0,3128.8,9,1,3128.6,173,7,3128.5,11,1,3128.4,72,3,3128.3,72,2,3128.9,98,2,3129.6,396,3,3129.8,20,1,3129.9,62,1,3130.0,431,4
2031,2026-06-16 11:56:08+05:30,3128.9,1,3130.02,1880648,133421.0,208881.0,3163.0,3163.0,3108.0,3134.3,31927200,3447.7,2820.9,3839.9,2896.0,3128.8,28,5,3128.6,161,5,3128.5,22,2,3128.4,72,3,3128.3,72,2,3128.9,97,2,3129.1,15,1,3129.6,396,3,3129.8,20,1,3129.9,62,1
2031,2026-06-16 11:56:08+05:30,3128.9,1,3130.02,1880648,133421.0,208881.0,3163.0,3163.0,3108.0,3134.3,31925800,3447.7,2820.9,3839.9,2896.0,3128.8,28,5,3128.6,161,5,3128.5,22,2,3128.4,72,3,3128.3,72,2,3128.9,97,2,3129.1,15,1,3129.6,396,3,3129.8,20,1,3129.9,62,1
2031,2026-06-16 11:56:09+05:30,3129.0,4,3130.02,1880846,134314.0,208651.0,3163.0,3163.0,3108.0,3134.3,31925800,3447.7,2820.9,3839.9,2896.0,3129.0,73,7,3128.9,68,5,3128.8,111,9,3128.7,72,3,3128.6,214,5,3129.6,375,2,3130.0,431,4,3130.2,20,1,3130.3,58,1,3130.4,45,2
2031,2026-06-16 11:56:09+05:30,3129.0,4,3130.02,1880846,134314.0,208651.0,3163.0,3163.0,3108.0,3134.3,31925800,3447.7,2820.9,3839.9,2896.0,3129.0,73,7,3128.9,68,5,3128.8,111,9,3128.7,72,3,3128.6,214,5,3129.6,375,2,3130.0,431,4,3130.2,20,1,3130.3,58,1,3130.4,45,2
2031,2026-06-16 11:56:10+05:30,3129.0,4,3130.02,1880846,134318.0,208720.0,3163.0,3163.0,3108.0,3134.3,31925800,3447.7,2820.9,3839.9,2896.0,3129.0,73,7,3128.9,68,5,3128.8,111,9,3128.7,73,4,3128.6,214,5,3129.6,400,3,3130.0,431,4,3130.2,20,1,3130.3,58,1,3130.4,45,2
2031,2026-06-16 11:56:11+05:30,3129.6,1,3130.02,1880846,134318.0,208720.0,3163.0,3163.0,3108.0,3134.3,31925800,3447.7,2820.9,3839.9,2896.0,3129.0,73,7,3128.9,68,5,3128.8,111,9,3128.7,73,4,3128.6,214,5,3129.6,400,3,3130.0,431,4,3130.2,20,1,3130.3,58,1,3130.4,45,2
2031,2026-06-16 11:56:11+05:30,3129.6,1,3130.02,1880855,135064.0,208657.0,3163.0,3163.0,3108.0,3134.3,31925800,3447.7,2820.9,3839.9,2896.0,3129.0,105,7,3128.9,53,4,3128.8,129,9,3128.7,32,3,3128.6,282,6,3129.6,391,3,3130.0,431,4,3130.2,20,1,3130.3,58,1,3130.4,53,3
2031,2026-06-16 11:56:12+05:30,3129.6,11,3130.02,1880855,135064.0,208657.0,3163.0,3163.0,3108.0,3134.3,31925800,3447.7,2820.9,3839.9,2896.0,3129.0,105,7,3128.9,53,4,3128.8,129,9,3128.7,32,3,3128.6,282,6,3129.6,391,3,3130.0,431,4,3130.2,20,1,3130.3,58,1,3130.4,53,3
2031,2026-06-16 11:56:12+05:30,3129.6,11,3130.02,1880866,135067.0,208672.0,3163.0,3163.0,3108.0,3134.3,31925800,3447.7,2820.9,3839.9,2896.0,3129.0,105,7,3128.9,53,4,3128.8,129,9,3128.7,32,3,3128.6,282,6,3129.6,380,3,3130.0,431,4,3130.2,20,1,3130.3,58,1,3130.4,45,2
2031,2026-06-16 11:56:13+05:30,3129.0,1,3130.02,1880866,135067.0,208672.0,3163.0,3163.0,3108.0,3134.3,31925800,3447.7,2820.9,3839.9,2896.0,3129.0,105,7,3128.9,53,4,3128.8,129,9,3128.7,32,3,3128.6,282,6,3129.6,380,3,3130.0,431,4,3130.2,20,1,3130.3,58,1,3130.4,45,2
2031,2026-06-16 11:56:13+05:30,3129.6,1,3130.02,1880869,135194.0,208848.0,3163.0,3163.0,3108.0,3134.3,31925800,3447.7,2820.9,3839.9,2896.0,3129.1,16,1,3129.0,93,6,3128.9,53,4,3128.8,129,9,3128.7,32,3,3129.6,379,3,3130.0,410,3,3130.2,20,1,3130.3,58,1,3130.4,45,2
2031,2026-06-16 11:56:14+05:30,3129.6,1,3130.02,1880869,135194.0,208848.0,3163.0,3163.0,3108.0,3134.3,31925800,3447.7,2820.9,3839.9,2896.0,3129.1,16,1,3129.0,93,6,3128.9,53,4,3128.8,129,9,3128.7,32,3,3129.6,379,3,3130.0,410,3,3130.2,20,1,3130.3,58,1,3130.4,45,2
2031,2026-06-16 11:56:14+05:30,3129.6,2,3130.02,1880872,135165.0,208842.0,3163.0,3163.0,3108.0,3134.3,31925800,3447.7,2820.9,3839.9,2896.0,3129.2,15,1,3129.1,18,2,3129.0,92,5,3128.9,43,3,3128.8,154,10,3129.6,376,3,3130.0,410,3,3130.2,20,1,3130.3,58,1,3130.4,45,2
2031,2026-06-16 11:56:15+05:30,3129.6,2,3130.02,1880872,135165.0,208842.0,3163.0,3163.0,3108.0,3134.3,31925800,3447.7,2820.9,3839.9,2896.0,3129.2,15,1,3129.1,18,2,3129.0,92,5,3128.9,43,3,3128.8,154,10,3129.6,376,3,3130.0,410,3,3130.2,20,1,3130.3,58,1,3130.4,45,2
2031,2026-06-16 11:56:15+05:30,3129.6,2,3130.02,1880872,134903.0,208924.0,3163.0,3163.0,3108.0,3134.3,31925800,3447.7,2820.9,3839.9,2896.0,3129.4,2,2,3129.2,57,3,3129.0,55,3,3128.9,8,1,3128.8,64,5,3129.6,426,5,3130.0,410,3,3130.1,104,3,3130.2,20,1,3130.3,107,2
2031,2026-06-16 11:56:16+05:30,3129.6,169,3130.02,1881041,134795.0,208884.0,3163.0,3163.0,3108.0,3134.3,31925800,3447.7,2820.9,3839.9,2896.0,3129.4,2,2,3129.2,42,2,3129.0,55,3,3128.9,25,2,3128.8,46,3,3129.6,295,6,3129.7,73,1,3130.0,410,3,3130.1,48,2,3130.2,20,1
2031,2026-06-16 11:56:17+05:30,3129.6,169,3130.02,1881041,134795.0,208884.0,3163.0,3163.0,3108.0,3134.3,31925800,3447.7,2820.9,3839.9,2896.0,3129.4,2,2,3129.2,42,2,3129.0,55,3,3128.9,25,2,3128.8,46,3,3129.6,295,6,3129.7,73,1,3130.0,410,3,3130.1,48,2,3130.2,20,1
2031,2026-06-16 11:56:17+05:30,3129.6,1,3130.02,1881042,134925.0,208915.0,3163.0,3163.0,3108.0,3134.3,31925800,3447.7,2820.9,3839.9,2896.0,3129.4,39,3,3129.2,42,2,3129.0,85,4,3128.9,44,3,3128.8,71,4,3129.6,294,6,3129.7,73,1,3130.0,410,3,3130.2,28,2,3130.3,148,3
2031,2026-06-16 11:56:18+05:30,3129.6,1,3130.02,1881042,134925.0,208915.0,3163.0,3163.0,3108.0,3134.3,31925800,3447.7,2820.9,3839.9,2896.0,3129.4,39,3,3129.2,42,2,3129.0,85,4,3128.9,44,3,3128.8,71,4,3129.6,294,6,3129.7,73,1,3130.0,410,3,3130.2,28,2,3130.3,148,3
2031,2026-06-16 11:56:18+05:30,3129.6,1,3130.02,1881042,135008.0,208925.0,3163.0,3163.0,3108.0,3134.3,31925800,3447.7,2820.9,3839.9,2896.0,3129.4,39,3,3129.2,58,3,3129.0,85,4,3128.9,27,2,3128.8,71,4,3129.5,1,1,3129.6,294,6,3129.7,73,1,3130.0,410,3,3130.2,20,1
2031,2026-06-16 11:56:19+05:30,3129.5,1,3130.02,1881042,135008.0,208925.0,3163.0,3163.0,3108.0,3134.3,31925800,3447.7,2820.9,3839.9,2896.0,3129.4,39,3,3129.2,58,3,3129.0,85,4,3128.9,27,2,3128.8,71,4,3129.5,1,1,3129.6,294,6,3129.7,73,1,3130.0,410,3,3130.2,20,1
2031,2026-06-16 11:56:19+05:30,3129.4,1,3130.02,1881044,134944.0,208923.0,3163.0,3163.0,3108.0,3134.3,31925800,3447.7,2820.9,3839.9,2896.0,3129.4,39,3,3129.3,16,1,3129.2,42,2,3129.0,85,4,3128.9,27,2,3129.5,1,1,3129.6,495,8,3129.7,73,1,3130.0,210,2,3130.2,28,2
2031,2026-06-16 11:56:20+05:30,3129.4,1,3130.02,1881044,134944.0,208923.0,3163.0,3163.0,3108.0,3134.3,31925800,3447.7,2820.9,3839.9,2896.0,3129.4,39,3,3129.3,16,1,3129.2,42,2,3129.0,85,4,3128.9,27,2,3129.5,1,1,3129.6,495,8,3129.7,73,1,3130.0,210,2,3130.2,28,2
2031,2026-06-16 11:56:20+05:30,3129.4,22,3130.02,1881226,134749.0,207614.0,3163.0,3163.0,3108.0,3134.3,31925800,3447.7,2820.9,3839.9,2896.0,3129.4,17,3,3129.2,42,2,3129.1,30,1,3129.0,52,3,3128.9,18,1,3129.6,314,6,3129.7,73,1,3130.0,10,1,3130.2,56,2,3130.4,72,3
2031,2026-06-16 11:56:21+05:30,3129.4,1,3130.02,1881226,134749.0,207614.0,3163.0,3163.0,3108.0,3134.3,31925800,3447.7,2820.9,3839.9,2896.0,3129.4,17,3,3129.2,42,2,3129.1,30,1,3129.0,52,3,3128.9,18,1,3129.6,314,6,3129.7,73,1,3130.0,10,1,3130.2,56,2,3130.4,72,3
2031,2026-06-16 11:56:21+05:30,3129.4,1,3130.02,1881227,134532.0,208048.0,3163.0,3163.0,3108.0,3134.3,31925800,3447.7,2820.9,3839.9,2896.0,3129.4,16,3,3129.2,42,2,3129.0,47,2,3128.8,96,3,3128.7,1,1,3129.6,397,7,3129.7,73,1,3130.0,51,2,3130.1,8,1,3130.2,97,3
2031,2026-06-16 11:56:22+05:30,3129.4,3,3130.02,1881227,134532.0,208048.0,3163.0,3163.0,3108.0,3134.3,31925800,3447.7,2820.9,3839.9,2896.0,3129.4,16,3,3129.2,42,2,3129.0,47,2,3128.8,96,3,3128.7,1,1,3129.6,397,7,3129.7,73,1,3130.0,51,2,3130.1,8,1,3130.2,97,3
2031,2026-06-16 11:56:22+05:30,3129.4,3,3130.02,1881230,134574.0,208239.0,3163.0,3163.0,3108.0,3134.3,31925800,3447.7,2820.9,3839.9,2896.0,3129.4,13,3,3129.2,59,3,3129.0,47,2,3128.8,69,3,3128.7,1,1,3129.6,398,8,3129.7,73,1,3130.0,10,1,3130.2,97,3,3130.3,8,1
2031,2026-06-16 11:56:23+05:30,3129.4,3,3130.02,1881230,134717.0,208223.0,3163.0,3163.0,3108.0,3134.3,31925800,3447.7,2820.9,3839.9,2896.0,3129.4,13,3,3129.3,17,1,3129.2,42,2,3129.0,47,2,3128.8,69,3,3129.6,398,8,3129.7,73,1,3130.0,10,1,3130.2,97,3,3130.3,8,1
2031,2026-06-16 11:56:24+05:30,3129.6,1,3130.02,1881230,134717.0,208223.0,3163.0,3163.0,3108.0,3134.3,31925800,3447.7,2820.9,3839.9,2896.0,3129.4,13,3,3129.3,17,1,3129.2,42,2,3129.0,47,2,3128.8,69,3,3129.6,398,8,3129.7,73,1,3130.0,10,1,3130.2,97,3,3130.3,8,1
2031,2026-06-16 11:56:24+05:30,3129.6,9,3130.02,1881278,134884.0,207771.0,3163.0,3163.0,3108.0,3134.3,31925800,3447.7,2820.9,3839.9,2896.0,3129.4,13,3,3129.3,17,1,3129.2,72,3,3129.1,24,2,3129.0,147,4,3129.6,350,6,3129.7,73,1,3130.0,10,1,3130.2,20,1,3130.4,420,3
2031,2026-06-16 11:56:25+05:30,3129.3,24,3130.02,1881278,134884.0,207771.0,3163.0,3163.0,3108.0,3134.3,31925800,3447.7,2820.9,3839.9,2896.0,3129.4,13,3,3129.3,17,1,3129.2,72,3,3129.1,24,2,3129.0,147,4,3129.6,350,6,3129.7,73,1,3130.0,10,1,3130.2,20,1,3130.4,420,3
2031,2026-06-16 11:56:25+05:30,3129.6,9,3130.02,1881325,134663.0,208315.0,3163.0,3163.0,3108.0,3134.3,31925800,3447.7,2820.9,3839.9,2896.0,3129.3,17,1,3129.2,41,1,3129.0,68,3,3128.8,69,3,3128.6,151,3,3129.6,328,6,3129.7,73,1,3130.0,81,3,3130.1,8,1,3130.2,100,3
2031,2026-06-16 11:56:26+05:30,3129.3,1,3130.02,1881325,134663.0,208315.0,3163.0,3163.0,3108.0,3134.3,31925800,3447.7,2820.9,3839.9,2896.0,3129.3,17,1,3129.2,41,1,3129.0,68,3,3128.8,69,3,3128.6,151,3,3129.6,328,6,3129.7,73,1,3130.0,81,3,3130.1,8,1,3130.2,100,3
2031,2026-06-16 11:56:26+05:30,3129.3,1,3130.02,1881327,134666.0,208322.0,3163.0,3163.0,3108.0,3134.3,31925800,3447.7,2820.9,3839.9,2896.0,3129.3,15,1,3129.2,41,1,3129.0,68,3,3128.8,69,3,3128.6,151,3,3129.6,328,6,3129.7,73,1,3130.0,81,3,3130.1,8,1,3130.2,100,3
2031,2026-06-16 11:56:27+05:30,3129.3,1,3130.02,1881327,134666.0,208318.0,3163.0,3163.0,3108.0,3134.3,31925800,3447.7,2820.9,3839.9,2896.0,3129.3,15,1,3129.2,41,1,3129.0,68,3,3128.8,69,3,3128.6,151,3,3129.6,328,6,3129.7,73,1,3130.0,81,3,3130.1,8,1,3130.2,100,3
2031,2026-06-16 11:56:28+05:30,3129.6,14,3130.02,1881341,134666.0,208299.0,3163.0,3163.0,3108.0,3134.3,31925800,3447.7,2820.9,3839.9,2896.0,3129.3,15,1,3129.2,41,1,3129.0,68,3,3128.8,69,3,3128.6,151,3,3129.6,314,6,3129.7,73,1,3130.0,81,3,3130.1,8,1,3130.2,100,3
2031,2026-06-16 11:56:29+05:30,3129.6,14,3130.02,1881341,134666.0,208299.0,3163.0,3163.0,3108.0,3134.3,31925800,3447.7,2820.9,3839.9,2896.0,3129.3,15,1,3129.2,41,1,3129.0,68,3,3128.8,69,3,3128.6,151,3,3129.6,314,6,3129.7,73,1,3130.0,81,3,3130.1,8,1,3130.2,100,3
2031,2026-06-16 11:56:29+05:30,3129.6,1,3130.02,1881342,135051.0,208481.0,3163.0,3163.0,3108.0,3134.3,31925800,3447.7,2820.9,3839.9,2896.0,3129.5,17,1,3129.2,41,1,3129.0,68,3,3128.8,69,3,3128.7,19,1,3129.6,314,7,3129.7,73,1,3130.0,81,3,3130.1,8,1,3130.2,80,2
2031,2026-06-16 11:56:30+05:30,3129.6,1,3130.02,1881342,135051.0,208481.0,3163.0,3163.0,3108.0,3134.3,31925800,3447.7,2820.9,3839.9,2896.0,3129.5,17,1,3129.2,41,1,3129.0,68,3,3128.8,69,3,3128.7,19,1,3129.6,314,7,3129.7,73,1,3130.0,81,3,3130.1,8,1,3130.2,80,2
2031,2026-06-16 11:56:30+05:30,3129.6,1,3130.02,1881499,135087.0,208284.0,3163.0,3163.0,3108.0,3134.3,31925800,3447.7,2820.9,3839.9,2896.0,3129.5,69,3,3129.4,19,1,3129.2,67,3,3129.1,53,2,3129.0,139,5,3129.6,158,7,3129.7,73,1,3130.0,10,1,3130.4,460,4,3130.5,1,1
2031,2026-06-16 11:56:31+05:30,3129.6,1,3130.02,1881499,135087.0,208284.0,3163.0,3163.0,3108.0,3134.3,31925800,3447.7,2820.9,3839.9,2896.0,3129.5,69,3,3129.4,19,1,3129.2,67,3,3129.1,53,2,3129.0,139,5,3129.6,158,7,3129.7,73,1,3130.0,10,1,3130.4,460,4,3130.5,1,1
2031,2026-06-16 11:56:31+05:30,3129.6,1,3130.02,1881499,135075.0,208231.0,3163.0,3163.0,3108.0,3134.3,31925800,3447.7,2820.9,3839.9,2896.0,3129.5,69,3,3129.4,19,1,3129.2,97,4,3129.1,36,2,3129.0,169,6,3129.6,158,7,3129.7,73,1,3130.0,10,1,3130.4,420,3,3130.5,1,1
2031,2026-06-16 11:56:32+05:30,3129.6,11,3130.02,1881499,135075.0,208231.0,3163.0,3163.0,3108.0,3134.3,31925800,3447.7,2820.9,3839.9,2896.0,3129.5,69,3,3129.4,19,1,3129.2,97,4,3129.1,36,2,3129.0,169,6,3129.6,158,7,3129.7,73,1,3130.0,10,1,3130.4,420,3,3130.5,1,1
2031,2026-06-16 11:56:32+05:30,3129.6,11,3130.02,1881510,135154.0,208214.0,3163.0,3163.0,3108.0,3134.3,31925800,3447.7,2820.9,3839.9,2896.0,3129.5,110,4,3129.4,19,1,3129.2,97,4,3129.1,36,2,3129.0,169,6,3129.6,147,7,3129.7,73,1,3130.0,10,1,3130.4,420,3,3130.5,1,1
2031,2026-06-16 11:56:33+05:30,3129.5,2,3130.02,1881510,135154.0,208214.0,3163.0,3163.0,3108.0,3134.3,31925800,3447.7,2820.9,3839.9,2896.0,3129.5,110,4,3129.4,19,1,3129.2,97,4,3129.1,36,2,3129.0,169,6,3129.6,147,7,3129.7,73,1,3130.0,10,1,3130.4,420,3,3130.5,1,1
2031,2026-06-16 11:56:33+05:30,3129.6,54,3130.02,1881713,135096.0,207815.0,3163.0,3163.0,3108.0,3134.3,31925800,3447.7,2820.9,3839.9,2896.0,3129.5,108,4,3129.4,48,2,3129.2,101,5,3129.1,37,3,3129.0,166,6,3129.6,66,2,3129.7,73,1,3130.0,10,1,3130.4,420,3,3130.5,24,3
2031,2026-06-16 11:56:34+05:30,3129.6,54,3130.02,1881713,135096.0,207815.0,3163.0,3163.0,3108.0,3134.3,31925800,3447.7,2820.9,3839.9,2896.0,3129.5,108,4,3129.4,48,2,3129.2,101,5,3129.1,37,3,3129.0,166,6,3129.6,66,2,3129.7,73,1,3130.0,10,1,3130.4,420,3,3130.5,24,3
2031,2026-06-16 11:56:34+05:30,3129.6,1,3130.02,1881715,135116.0,207809.0,3163.0,3163.0,3108.0,3134.3,31925800,3447.7,2820.9,3839.9,2896.0,3129.5,108,4,3129.4,29,1,3129.2,81,3,3129.1,56,4,3129.0,145,5,3129.6,64,2,3129.7,73,1,3130.0,10,1,3130.4,420,3,3130.5,24,3
2031,2026-06-16 11:56:35+05:30,3129.6,1,3130.02,1881715,135116.0,207809.0,3163.0,3163.0,3108.0,3134.3,31925800,3447.7,2820.9,3839.9,2896.0,3129.5,108,4,3129.4,29,1,3129.2,81,3,3129.1,56,4,3129.0,145,5,3129.6,64,2,3129.7,73,1,3130.0,10,1,3130.4,420,3,3130.5,24,3
2031,2026-06-16 11:56:35+05:30,3129.6,1,3130.02,1881715,135116.0,207798.0,3163.0,3163.0,3108.0,3134.3,31925800,3447.7,2820.9,3839.9,2896.0,3129.5,108,4,3129.4,29,1,3129.2,81,3,3129.1,56,4,3129.0,145,5,3129.6,64,2,3129.7,73,1,3130.0,10,1,3130.4,420,3,3130.5,24,3
2031,2026-06-16 11:56:36+05:30,3129.6,1,3130.02,1881715,135133.0,207804.0,3163.0,3163.0,3108.0,3134.3,31925800,3447.7,2820.9,3839.9,2896.0,3129.5,125,5,3129.4,29,1,3129.2,81,3,3129.1,56,4,3129.0,145,5,3129.6,67,3,3129.7,73,1,3130.0,10,1,3130.4,420,3,3130.5,24,3
2031,2026-06-16 11:56:37+05:30,3129.6,1,3130.02,1881715,135133.0,207804.0,3163.0,3163.0,3108.0,3134.3,31925800,3447.7,2820.9,3839.9,2896.0,3129.5,125,5,3129.4,29,1,3129.2,81,3,3129.1,56,4,3129.0,145,5,3129.6,67,3,3129.7,73,1,3130.0,10,1,3130.4,420,3,3130.5,24,3
2031,2026-06-16 11:56:37+05:30,3129.6,1,3130.02,1881716,134839.0,207800.0,3163.0,3163.0,3108.0,3134.3,31925800,3447.7,2820.9,3839.9,2896.0,3129.5,125,5,3129.4,29,1,3129.2,81,3,3129.1,56,4,3129.0,145,5,3129.6,66,3,3129.7,73,1,3130.0,10,1,3130.4,420,3,3130.5,24,3
2031,2026-06-16 11:56:38+05:30,3129.6,8,3130.02,1881791,135194.0,207962.0,3163.0,3163.0,3108.0,3134.3,31925800,3447.7,2820.9,3839.9,2896.0,3129.6,4,1,3129.5,115,5,3129.4,29,1,3129.3,19,1,3129.2,81,3,3129.7,73,1,3130.0,10,1,3130.4,420,3,3130.5,24,3,3130.6,21,1
2031,2026-06-16 11:56:39+05:30,3129.6,8,3130.02,1881791,135194.0,207962.0,3163.0,3163.0,3108.0,3134.3,31925800,3447.7,2820.9,3839.9,2896.0,3129.6,4,1,3129.5,115,5,3129.4,29,1,3129.3,19,1,3129.2,81,3,3129.7,73,1,3130.0,10,1,3130.4,420,3,3130.5,24,3,3130.6,21,1
2031,2026-06-16 11:56:39+05:30,3129.6,8,3130.02,1881791,135357.0,208172.0,3163.0,3163.0,3108.0,3134.3,31925800,3447.7,2820.9,3839.9,2896.0,3129.5,131,6,3129.4,29,1,3129.2,81,3,3129.1,35,3,3129.0,187,7,3130.0,10,1,3130.4,400,2,3130.5,24,3,3130.6,21,1,3130.8,261,3
2031,2026-06-16 11:56:40+05:30,3130.0,1,3130.02,1881791,135357.0,208172.0,3163.0,3163.0,3108.0,3134.3,31925800,3447.7,2820.9,3839.9,2896.0,3129.5,131,6,3129.4,29,1,3129.2,81,3,3129.1,35,3,3129.0,187,7,3130.0,10,1,3130.4,400,2,3130.5,24,3,3130.6,21,1,3130.8,261,3
2031,2026-06-16 11:56:40+05:30,3130.0,8,3130.02,1881800,135308.0,208023.0,3163.0,3163.0,3108.0,3134.3,31925800,3447.7,2820.9,3839.9,2896.0,3129.5,140,6,3129.2,71,2,3129.1,22,2,3129.0,187,7,3128.9,47,3,3130.0,8,2,3130.5,424,5,3130.6,21,1,3130.8,61,2,3130.9,354,4
2031,2026-06-16 11:56:41+05:30,3130.0,8,3130.02,1881800,135308.0,208023.0,3163.0,3163.0,3108.0,3134.3,31925800,3447.7,2820.9,3839.9,2896.0,3129.5,140,6,3129.2,71,2,3129.1,22,2,3129.0,187,7,3128.9,47,3,3130.0,8,2,3130.5,424,5,3130.6,21,1,3130.8,61,2,3130.9,354,4
2031,2026-06-16 11:56:41+05:30,3130.0,8,3130.02,1881800,135289.0,208018.0,3163.0,3163.0,3108.0,3134.3,31925800,3447.7,2820.9,3839.9,2896.0,3129.5,130,5,3129.3,85,2,3129.2,41,1,3129.1,22,2,3129.0,178,7,3130.0,8,2,3130.5,424,5,3130.6,21,1,3130.8,61,2,3130.9,354,4
2031,2026-06-16 11:56:42+05:30,3130.0,8,3130.02,1881800,135251.0,207957.0,3163.0,3163.0,3108.0,3134.3,31925800,3447.7,2820.9,3839.9,2896.0,3129.5,130,5,3129.4,29,1,3129.3,56,1,3129.2,86,3,3129.1,22,2,3130.0,8,2,3130.5,424,5,3130.6,21,1,3130.8,61,2,3130.9,354,4
2031,2026-06-16 11:56:43+05:30,3130.0,1,3130.02,1881801,135269.0,208007.0,3163.0,3163.0,3108.0,3134.3,31925800,3447.7,2820.9,3839.9,2896.0,3129.5,141,6,3129.3,56,1,3129.2,86,3,3129.1,58,3,3129.0,178,7,3130.0,7,1,3130.5,424,5,3130.6,21,1,3130.8,61,2,3130.9,354,4
2031,2026-06-16 11:56:44+05:30,3130.0,1,3130.02,1881801,135269.0,208007.0,3163.0,3163.0,3108.0,3134.3,31925800,3447.7,2820.9,3839.9,2896.0,3129.5,141,6,3129.3,56,1,3129.2,86,3,3129.1,58,3,3129.0,178,7,3130.0,7,1,3130.5,424,5,3130.6,21,1,3130.8,61,2,3130.9,354,4
2031,2026-06-16 11:56:44+05:30,3130.0,1,3130.02,1881801,135237.0,208214.0,3163.0,3163.0,3108.0,3134.3,31925800,3447.7,2820.9,3839.9,2896.0,3129.8,18,1,3129.6,11,2,3129.5,125,5,3129.3,56,1,3129.2,86,3,3130.0,8,2,3130.5,424,5,3130.6,21,1,3130.8,69,3,3130.9,354,4
2031,2026-06-16 11:56:45+05:30,3130.0,1,3130.02,1881801,135237.0,208214.0,3163.0,3163.0,3108.0,3134.3,31925800,3447.7,2820.9,3839.9,2896.0,3129.8,18,1,3129.6,11,2,3129.5,125,5,3129.3,56,1,3129.2,86,3,3130.0,8,2,3130.5,424,5,3130.6,21,1,3130.8,69,3,3130.9,354,4
2031,2026-06-16 11:56:45+05:30,3130.1,1,3130.02,1881810,135138.0,208075.0,3163.0,3163.0,3108.0,3134.3,31925800,3447.7,2820.9,3839.9,2896.0,3130.0,18,1,3129.9,2,2,3129.8,47,3,3129.6,12,3,3129.5,109,3,3130.4,84,5,3130.5,459,6,3130.6,120,4,3130.8,57,2,3130.9,362,5
2031,2026-06-16 11:56:46+05:30,3129.0,156,3130.02,1881810,135138.0,208075.0,3163.0,3163.0,3108.0,3134.3,31925800,3447.7,2820.9,3839.9,2896.0,3130.0,18,1,3129.9,2,2,3129.8,47,3,3129.6,12,3,3129.5,109,3,3130.4,84,5,3130.5,459,6,3130.6,120,4,3130.8,57,2,3130.9,362,5
2031,2026-06-16 11:56:46+05:30,3129.0,156,3130.02,1882788,131190.0,210075.0,3163.0,3163.0,3108.0,3134.3,31925800,3447.7,2820.9,3839.9,2896.0,3128.0,78,5,3127.8,174,6,3127.7,89,2,3127.6,50,3,3127.5,135,7,3129.0,44,1,3129.3,200,1,3129.5,4,1,3129.6,66,1,3129.7,294,3
2031,2026-06-16 11:56:47+05:30,3129.0,156,3130.02,1882788,130863.0,211073.0,3163.0,3163.0,3108.0,3134.3,31925800,3447.7,2820.9,3839.9,2896.0,3128.0,54,3,3127.8,66,3,3127.7,107,3,3127.6,73,4,3127.5,106,5,3128.5,200,1,3128.6,44,1,3129.0,14,1,3129.3,256,2,3129.4,441,4
2031,2026-06-16 11:56:48+05:30,3128.3,200,3130.02,1882788,130863.0,211073.0,3163.0,3163.0,3108.0,3134.3,31925800,3447.7,2820.9,3839.9,2896.0,3128.0,54,3,3127.8,66,3,3127.7,107,3,3127.6,73,4,3127.5,106,5,3128.5,200,1,3128.6,44,1,3129.0,14,1,3129.3,256,2,3129.4,441,4
2031,2026-06-16 11:56:48+05:30,3128.3,200,3130.02,1882988,131342.0,210132.0,3163.0,3163.0,3108.0,3134.3,31925800,3447.7,2820.9,3839.9,2896.0,3128.2,16,1,3128.1,71,4,3128.0,113,6,3127.9,42,2,3127.8,94,5,3128.4,44,1,3128.5,18,1,3129.0,14,1,3129.3,200,1,3129.4,21,1
2031,2026-06-16 11:56:49+05:30,3128.3,200,3130.02,1882988,131306.0,210168.0,3163.0,3163.0,3108.0,3134.3,31925800,3447.7,2820.9,3839.9,2896.0,3128.2,16,1,3128.1,71,4,3128.0,77,5,3127.9,42,2,3127.8,94,5,3128.4,78,2,3128.5,18,1,3129.0,14,1,3129.3,200,1,3129.4,21,1
2031,2026-06-16 11:56:50+05:30,3128.4,1,3130.02,1882988,131306.0,210168.0,3163.0,3163.0,3108.0,3134.3,31925800,3447.7,2820.9,3839.9,2896.0,3128.2,16,1,3128.1,71,4,3128.0,77,5,3127.9,42,2,3127.8,94,5,3128.4,78,2,3128.5,18,1,3129.0,14,1,3129.3,200,1,3129.4,21,1
2031,2026-06-16 11:56:50+05:30,3128.4,1,3130.02,1882988,131306.0,210168.0,3163.0,3163.0,3108.0,3134.3,31925800,3447.7,2820.9,3839.9,2896.0,3128.2,16,1,3128.1,71,4,3128.0,77,5,3127.9,42,2,3127.8,94,5,3128.4,78,2,3128.5,18,1,3129.0,14,1,3129.3,200,1,3129.4,21,1
2031,2026-06-16 11:56:50+05:30,3128.1,26,3130.02,1883032,131184.0,210300.0,3163.0,3163.0,3108.0,3134.3,31925800,3447.7,2820.9,3839.9,2896.0,3128.0,73,3,3127.9,32,1,3127.8,70,3,3127.7,53,2,3127.6,351,7,3128.4,58,3,3129.0,14,1,3129.3,200,1,3129.4,77,2,3129.6,21,1
2031,2026-06-16 11:56:51+05:30,3128.1,26,3130.02,1883032,131184.0,210300.0,3163.0,3163.0,3108.0,3134.3,31925800,3447.7,2820.9,3839.9,2896.0,3128.0,73,3,3127.9,32,1,3127.8,70,3,3127.7,53,2,3127.6,351,7,3128.4,58,3,3129.0,14,1,3129.3,200,1,3129.4,77,2,3129.6,21,1
2031,2026-06-16 11:56:51+05:30,3128.1,26,3130.02,1883032,131274.0,210404.0,3163.0,3163.0,3108.0,3134.3,31925800,3447.7,2820.9,3839.9,2896.0,3128.1,2,1,3128.0,173,7,3127.9,27,2,3127.8,95,5,3127.7,20,1,3128.3,200,1,3128.4,58,3,3129.0,14,1,3129.3,200,1,3129.4,77,2
2031,2026-06-16 11:56:51+05:30,3128.1,26,3130.02,1883032,131274.0,210404.0,3163.0,3163.0,3108.0,3134.3,31925800,3447.7,2820.9,3839.9,2896.0,3128.1,2,1,3128.0,173,7,3127.9,27,2,3127.8,95,5,3127.7,20,1,3128.3,200,1,3128.4,58,3,3129.0,14,1,3129.3,200,1,3129.4,77,2
2031,2026-06-16 11:56:52+05:30,3128.1,26,3130.02,1883032,131286.0,210663.0,3163.0,3163.0,3108.0,3134.3,31925800,3447.7,2820.9,3839.9,2896.0,3128.1,2,1,3128.0,138,4,3127.9,17,1,3127.8,61,3,3127.7,35,2,3128.3,257,4,3128.4,40,2,3129.0,14,1,3129.3,200,1,3129.4,77,2
2031,2026-06-16 11:56:53+05:30,3128.1,26,3130.02,1883032,131317.0,210666.0,3163.0,3163.0,3108.0,3134.3,31925800,3447.7,2820.9,3839.9,2896.0,3128.1,2,1,3128.0,138,4,3127.9,17,1,3127.8,42,2,3127.7,20,1,3128.3,258,5,3128.4,40,2,3129.0,14,1,3129.3,200,1,3129.4,77,2
2031,2026-06-16 11:56:53+05:30,3128.1,26,3130.02,1883032,131317.0,210666.0,3163.0,3163.0,3108.0,3134.3,31925800,3447.7,2820.9,3839.9,2896.0,3128.1,2,1,3128.0,138,4,3127.9,17,1,3127.8,42,2,3127.7,20,1,3128.3,258,5,3128.4,40,2,3129.0,14,1,3129.3,200,1,3129.4,77,2
2031,2026-06-16 11:56:54+05:30,3128.1,26,3130.02,1883032,131398.0,210680.0,3163.0,3163.0,3108.0,3134.3,31925800,3447.7,2820.9,3839.9,2896.0,3128.1,9,3,3128.0,137,5,3127.9,46,3,3127.8,42,2,3127.7,20,1,3128.3,258,5,3128.4,40,2,3129.0,14,1,3129.3,200,1,3129.4,77,2
2031,2026-06-16 11:56:55+05:30,3128.1,26,3130.02,1883032,131398.0,210680.0,3163.0,3163.0,3108.0,3134.3,31925800,3447.7,2820.9,3839.9,2896.0,3128.1,9,3,3128.0,137,5,3127.9,46,3,3127.8,42,2,3127.7,20,1,3128.3,258,5,3128.4,40,2,3129.0,14,1,3129.3,200,1,3129.4,77,2
2031,2026-06-16 11:56:55+05:30,3128.3,1,3130.02,1883133,131061.0,210816.0,3163.0,3163.0,3108.0,3134.3,31925800,3447.7,2820.9,3839.9,2896.0,3128.0,71,3,3127.9,17,1,3127.6,52,2,3127.5,111,6,3127.4,135,4,3128.3,282,6,3128.4,40,2,3129.0,14,1,3129.2,76,2,3129.3,203,2
2031,2026-06-16 11:56:56+05:30,3128.3,1,3130.02,1883133,131061.0,210816.0,3163.0,3163.0,3108.0,3134.3,31925800,3447.7,2820.9,3839.9,2896.0,3128.0,71,3,3127.9,17,1,3127.6,52,2,3127.5,111,6,3127.4,135,4,3128.3,282,6,3128.4,40,2,3129.0,14,1,3129.2,76,2,3129.3,203,2
2031,2026-06-16 11:56:56+05:30,3128.3,1,3130.02,1883276,131242.0,210712.0,3163.0,3163.0,3108.0,3134.3,31925800,3447.7,2820.9,3839.9,2896.0,3128.0,71,3,3127.9,17,1,3127.5,41,3,3127.4,135,4,3127.3,20,1,3128.3,139,6,3128.4,40,2,3129.0,70,2,3129.2,95,3,3129.3,243,3
2031,2026-06-16 11:56:57+05:30,3128.3,1,3130.02,1883276,131242.0,210712.0,3163.0,3163.0,3108.0,3134.3,31925800,3447.7,2820.9,3839.9,2896.0,3128.0,71,3,3127.9,17,1,3127.5,41,3,3127.4,135,4,3127.3,20,1,3128.3,139,6,3128.4,40,2,3129.0,70,2,3129.2,95,3,3129.3,243,3
2031,2026-06-16 11:56:57+05:30,3128.3,1,3130.02,1883276,131242.0,210712.0,3163.0,3163.0,3108.0,3134.3,31925800,3447.7,2820.9,3839.9,2896.0,3128.0,71,3,3127.9,17,1,3127.5,41,3,3127.4,135,4,3127.3,20,1,3128.3,139,6,3128.4,40,2,3129.0,70,2,3129.2,95,3,3129.3,243,3
2031,2026-06-16 11:56:57+05:30,3128.3,1,3130.02,1883276,131335.0,210704.0,3163.0,3163.0,3108.0,3134.3,31925800,3447.7,2820.9,3839.9,2896.0,3128.0,109,4,3127.9,46,2,3127.7,15,1,3127.6,29,1,3127.5,110,7,3128.3,139,6,3128.4,40,2,3129.0,70,2,3129.2,76,2,3129.3,243,3
2031,2026-06-16 11:56:58+05:30,3127.9,56,3130.02,1883276,131335.0,210704.0,3163.0,3163.0,3108.0,3134.3,31925800,3447.7,2820.9,3839.9,2896.0,3128.0,109,4,3127.9,46,2,3127.7,15,1,3127.6,29,1,3127.5,110,7,3128.3,139,6,3128.4,40,2,3129.0,70,2,3129.2,76,2,3129.3,243,3
2031,2026-06-16 11:56:58+05:30,3127.9,56,3130.01,1883700,130698.0,210590.0,3163.0,3163.0,3108.0,3134.3,31925800,3447.7,2820.9,3839.9,2896.0,3127.9,17,1,3127.5,10,1,3127.4,63,3,3127.2,113,5,3127.1,60,3,3128.0,150,2,3128.3,83,5,3128.4,40,2,3129.0,70,2,3129.1,49,1
2031,2026-06-16 11:56:59+05:30,3127.9,56,3130.01,1883700,130698.0,210590.0,3163.0,3163.0,3108.0,3134.3,31925800,3447.7,2820.9,3839.9,2896.0,3127.9,17,1,3127.5,10,1,3127.4,63,3,3127.2,113,5,3127.1,60,3,3128.0,150,2,3128.3,83,5,3128.4,40,2,3129.0,70,2,3129.1,49,1
2031,2026-06-16 11:56:59+05:30,3127.9,56,3130.01,1883700,130864.0,210316.0,3163.0,3163.0,3108.0,3134.3,31925800,3447.7,2820.9,3839.9,2896.0,3127.9,17,1,3127.5,10,1,3127.4,34,2,3127.3,85,2,3127.2,51,3,3128.0,186,5,3128.3,39,2,3128.4,34,1,3129.0,70,2,3129.1,49,1
2031,2026-06-16 11:57:00+05:30,3127.9,56,3130.01,1883700,130864.0,210316.0,3163.0,3163.0,3108.0,3134.3,31925800,3447.7,2820.9,3839.9,2896.0,3127.9,17,1,3127.5,10,1,3127.4,34,2,3127.3,85,2,3127.2,51,3,3128.0,186,5,3128.3,39,2,3128.4,34,1,3129.0,70,2,3129.1,49,1
2031,2026-06-16 11:57:00+05:30,3128.0,2,3130.01,1883704,130727.0,210348.0,3163.0,3163.0,3108.0,3134.3,31925800,3447.7,2820.9,3839.9,2896.0,3127.9,23,3,3127.5,10,1,3127.4,63,3,3127.3,155,3,3127.2,59,3,3128.0,228,8,3128.3,39,2,3129.0,92,3,3129.1,49,1,3129.2,117,3
2031,2026-06-16 11:57:01+05:30,3128.0,1,3130.01,1883704,130727.0,210348.0,3163.0,3163.0,3108.0,3134.3,31925800,3447.7,2820.9,3839.9,2896.0,3127.9,23,3,3127.5,10,1,3127.4,63,3,3127.3,155,3,3127.2,59,3,3128.0,228,8,3128.3,39,2,3129.0,92,3,3129.1,49,1,3129.2,117,3
2031,2026-06-16 11:57:01+05:30,3128.0,1,3130.01,1883704,130727.0,210348.0,3163.0,3163.0,3108.0,3134.3,31925800,3447.7,2820.9,3839.9,2896.0,3127.9,23,3,3127.5,10,1,3127.4,63,3,3127.3,155,3,3127.2,59,3,3128.0,228,8,3128.3,39,2,3129.0,92,3,3129.1,49,1,3129.2,117,3
2031,2026-06-16 11:57:01+05:30,3128.0,3,3130.01,1883901,130682.0,210406.0,3163.0,3163.0,3108.0,3134.3,31925800,3447.7,2820.9,3839.9,2896.0,3127.9,6,2,3127.5,10,1,3127.4,19,1,3127.3,77,2,3127.2,59,3,3128.0,51,3,3128.3,39,2,3128.9,44,1,3129.0,201,6,3129.1,102,2
2031,2026-06-16 11:57:02+05:30,3128.0,3,3130.01,1883901,130682.0,210406.0,3163.0,3163.0,3108.0,3134.3,31925800,3447.7,2820.9,3839.9,2896.0,3127.9,6,2,3127.5,10,1,3127.4,19,1,3127.3,77,2,3127.2,59,3,3128.0,51,3,3128.3,39,2,3128.9,44,1,3129.0,201,6,3129.1,102,2
2031,2026-06-16 11:57:02+05:30,3128.0,3,3130.01,1883901,130682.0,210406.0,3163.0,3163.0,3108.0,3134.3,31925800,3447.7,2820.9,3839.9,2896.0,3127.9,6,2,3127.5,10,1,3127.4,19,1,3127.3,77,2,3127.2,59,3,3128.0,51,3,3128.3,39,2,3128.9,44,1,3129.0,201,6,3129.1,102,2
2031,2026-06-16 11:57:02+05:30,3128.0,3,3130.01,1883901,130682.0,210406.0,3163.0,3163.0,3108.0,3134.3,31925800,3447.7,2820.9,3839.9,2896.0,3127.9,6,2,3127.5,10,1,3127.4,19,1,3127.3,77,2,3127.2,59,3,3128.0,51,3,3128.3,39,2,3128.9,44,1,3129.0,201,6,3129.1,102,2
2031,2026-06-16 11:57:02+05:30,3128.0,3,3130.01,1883901,130682.0,210413.0,3163.0,3163.0,3108.0,3134.3,31925800,3447.7,2820.9,3839.9,2896.0,3127.9,6,2,3127.5,10,1,3127.4,19,1,3127.3,77,2,3127.2,59,3,3128.0,51,3,3128.3,39,2,3128.9,44,1,3129.0,201,6,3129.1,102,2
2031,2026-06-16 11:57:03+05:30,3127.9,2,3130.01,1883901,130682.0,210413.0,3163.0,3163.0,3108.0,3134.3,31925800,3447.7,2820.9,3839.9,2896.0,3127.9,6,2,3127.5,10,1,3127.4,19,1,3127.3,77,2,3127.2,59,3,3128.0,51,3,3128.3,39,2,3128.9,44,1,3129.0,201,6,3129.1,102,2
2031,2026-06-16 11:57:03+05:30,3127.9,2,3130.01,1883901,130682.0,210413.0,3163.0,3163.0,3108.0,3134.3,31925800,3447.7,2820.9,3839.9,2896.0,3127.9,6,2,3127.5,10,1,3127.4,19,1,3127.3,77,2,3127.2,59,3,3128.0,51,3,3128.3,39,2,3128.9,44,1,3129.0,201,6,3129.1,102,2
2031,2026-06-16 11:57:03+05:30,3128.0,23,3130.01,1884163,129719.0,210766.0,3163.0,3163.0,3108.0,3134.3,31925800,3447.7,2820.9,3839.9,2896.0,3127.1,51,4,3127.0,654,5,3126.9,90,4,3126.8,263,6,3126.7,246,3,3128.0,28,4,3128.6,21,1,3128.7,54,1,3128.8,61,2,3128.9,78,2
2031,2026-06-16 11:57:04+05:30,3128.0,23,3130.01,1884163,129719.0,210766.0,3163.0,3163.0,3108.0,3134.3,31925800,3447.7,2820.9,3839.9,2896.0,3127.1,51,4,3127.0,654,5,3126.9,90,4,3126.8,263,6,3126.7,246,3,3128.0,28,4,3128.6,21,1,3128.7,54,1,3128.8,61,2,3128.9,78,2
2031,2026-06-16 11:57:04+05:30,3128.0,23,3130.01,1884163,129719.0,210766.0,3163.0,3163.0,3108.0,3134.3,31925800,3447.7,2820.9,3839.9,2896.0,3127.1,51,4,3127.0,654,5,3126.9,90,4,3126.8,263,6,3126.7,246,3,3128.0,28,4,3128.6,21,1,3128.7,54,1,3128.8,61,2,3128.9,78,2
2031,2026-06-16 11:57:04+05:30,3128.0,23,3130.01,1884163,130547.0,210676.0,3163.0,3163.0,3108.0,3134.3,31925800,3447.7,2820.9,3839.9,2896.0,3127.9,3,1,3127.2,69,3,3127.1,141,4,3127.0,811,8,3126.9,260,4,3128.0,28,4,3128.7,54,1,3128.9,34,1,3129.0,199,5,3129.1,289,3
2031,2026-06-16 11:57:05+05:30,3128.0,23,3130.01,1884163,130547.0,210676.0,3163.0,3163.0,3108.0,3134.3,31925800,3447.7,2820.9,3839.9,2896.0,3127.9,3,1,3127.2,69,3,3127.1,141,4,3127.0,811,8,3126.9,260,4,3128.0,28,4,3128.7,54,1,3128.9,34,1,3129.0,199,5,3129.1,289,3
2031,2026-06-16 11:57:05+05:30,3128.0,23,3130.01,1884163,130754.0,210666.0,3163.0,3163.0,3108.0,3134.3,31925800,3447.7,2820.9,3839.9,2896.0,3127.9,46,2,3127.2,48,2,3127.1,125,4,3127.0,708,7,3126.9,250,3,3128.0,33,5,3128.6,41,1,3128.7,54,1,3128.8,41,1,3128.9,34,1
2031,2026-06-16 11:57:06+05:30,3128.0,23,3130.01,1884163,130754.0,210666.0,3163.0,3163.0,3108.0,3134.3,31925800,3447.7,2820.9,3839.9,2896.0,3127.9,46,2,3127.2,48,2,3127.1,125,4,3127.0,708,7,3126.9,250,3,3128.0,33,5,3128.6,41,1,3128.7,54,1,3128.8,41,1,3128.9,34,1
2031,2026-06-16 11:57:06+05:30,3128.0,1,3130.01,1884164,130743.0,210967.0,3163.0,3163.0,3108.0,3134.3,31925800,3447.7,2820.9,3839.9,2896.0,3127.9,46,2,3127.3,50,2,3127.2,78,1,3127.1,26,2,3127.0,689,6,3128.0,70,6,3128.7,95,2,3128.9,53,2,3129.0,240,6,3129.1,105,3
2031,2026-06-16 11:57:07+05:30,3128.0,1,3130.01,1884164,130743.0,210967.0,3163.0,3163.0,3108.0,3134.3,31925800,3447.7,2820.9,3839.9,2896.0,3127.9,46,2,3127.3,50,2,3127.2,78,1,3127.1,26,2,3127.0,689,6,3128.0,70,6,3128.7,95,2,3128.9,53,2,3129.0,240,6,3129.1,105,3
2031,2026-06-16 11:57:07+05:30,3128.0,1,3130.01,1884164,130743.0,210967.0,3163.0,3163.0,3108.0,3134.3,31925800,3447.7,2820.9,3839.9,2896.0,3127.9,46,2,3127.3,50,2,3127.2,78,1,3127.1,26,2,3127.0,689,6,3128.0,70,6,3128.7,95,2,3128.9,53,2,3129.0,240,6,3129.1,105,3
2031,2026-06-16 11:57:07+05:30,3128.0,1,3130.01,1884164,130753.0,211344.0,3163.0,3163.0,3108.0,3134.3,31925800,3447.7,2820.9,3839.9,2896.0,3127.9,46,2,3127.3,50,2,3127.2,78,1,3127.1,26,2,3127.0,689,6,3128.0,70,6,3128.7,95,2,3128.9,53,2,3129.0,240,6,3129.1,105,3
2031,2026-06-16 11:57:08+05:30,3128.0,1,3130.01,1884164,130753.0,211344.0,3163.0,3163.0,3108.0,3134.3,31925800,3447.7,2820.9,3839.9,2896.0,3127.9,46,2,3127.3,50,2,3127.2,78,1,3127.1,26,2,3127.0,689,6,3128.0,70,6,3128.7,95,2,3128.9,53,2,3129.0,240,6,3129.1,105,3
2031,2026-06-16 11:57:08+05:30,3127.9,1,3130.01,1884165,130942.0,211343.0,3163.0,3163.0,3108.0,3134.3,31925800,3447.7,2820.9,3839.9,2896.0,3127.9,45,2,3127.3,50,2,3127.2,78,1,3127.1,45,3,3127.0,689,6,3128.0,70,6,3128.7,95,2,3128.9,53,2,3129.0,240,6,3129.1,105,3
2031,2026-06-16 11:57:09+05:30,3127.9,1,3130.01,1884165,130942.0,211343.0,3163.0,3163.0,3108.0,3134.3,31926400,3447.7,2820.9,3839.9,2896.0,3127.9,45,2,3127.3,50,2,3127.2,78,1,3127.1,45,3,3127.0,689,6,3128.0,70,6,3128.7,95,2,3128.9,53,2,3129.0,240,6,3129.1,105,3
2031,2026-06-16 11:57:09+05:30,3127.9,15,3130.01,1884165,130942.0,211343.0,3163.0,3163.0,3108.0,3134.3,31926400,3447.7,2820.9,3839.9,2896.0,3127.9,45,2,3127.3,50,2,3127.2,78,1,3127.1,45,3,3127.0,689,6,3128.0,70,6,3128.7,95,2,3128.9,53,2,3129.0,240,6,3129.1,105,3
2031,2026-06-16 11:57:09+05:30,3128.9,1,3130.01,1884295,131770.0,210364.0,3163.0,3163.0,3108.0,3134.3,31926400,3447.7,2820.9,3839.9,2896.0,3127.9,30,2,3127.5,65,4,3127.4,231,2,3127.3,180,4,3127.2,83,2,3128.9,17,1,3129.0,204,5,3129.1,97,2,3129.2,641,8,3129.3,203,2
2031,2026-06-16 11:57:10+05:30,3128.9,1,3130.01,1884295,131770.0,210364.0,3163.0,3163.0,3108.0,3134.3,31926400,3447.7,2820.9,3839.9,2896.0,3127.9,30,2,3127.5,65,4,3127.4,231,2,3127.3,180,4,3127.2,83,2,3128.9,17,1,3129.0,204,5,3129.1,97,2,3129.2,641,8,3129.3,203,2
2031,2026-06-16 11:57:11+05:30,3127.9,22,3130.01,1884344,130001.0,211416.0,3163.0,3163.0,3108.0,3134.3,31926400,3447.7,2820.9,3839.9,2896.0,3127.3,17,1,3127.0,560,2,3126.8,115,3,3126.7,145,4,3126.6,309,7,3127.9,151,1,3128.5,122,3,3128.6,64,3,3128.7,54,1,3128.8,79,3
2031,2026-06-16 11:57:11+05:30,3127.9,11,3130.01,1884344,130001.0,211416.0,3163.0,3163.0,3108.0,3134.3,31926400,3447.7,2820.9,3839.9,2896.0,3127.3,17,1,3127.0,560,2,3126.8,115,3,3126.7,145,4,3126.6,309,7,3127.9,151,1,3128.5,122,3,3128.6,64,3,3128.7,54,1,3128.8,79,3
2031,2026-06-16 11:57:12+05:30,3127.9,1,3130.01,1884378,130180.0,211165.0,3163.0,3163.0,3108.0,3134.3,31926400,3447.7,2820.9,3839.9,2896.0,3127.3,43,3,3127.1,22,2,3127.0,560,2,3126.9,21,1,3126.8,115,3,3127.9,143,2,3128.5,103,2,3128.6,64,3,3128.7,54,1,3128.8,79,3
2031,2026-06-16 11:57:12+05:30,3127.9,1,3130.01,1884378,130180.0,211165.0,3163.0,3163.0,3108.0,3134.3,31926400,3447.7,2820.9,3839.9,2896.0,3127.3,43,3,3127.1,22,2,3127.0,560,2,3126.9,21,1,3126.8,115,3,3127.9,143,2,3128.5,103,2,3128.6,64,3,3128.7,54,1,3128.8,79,3
2031,2026-06-16 11:57:13+05:30,3127.9,1,3130.01,1884379,130197.0,210967.0,3163.0,3163.0,3108.0,3134.3,31926400,3447.7,2820.9,3839.9,2896.0,3127.3,43,3,3127.1,32,3,3127.0,683,6,3126.8,212,5,3126.7,246,3,3127.9,142,2,3128.5,103,2,3128.6,64,3,3128.7,54,1,3128.8,79,3
2031,2026-06-16 11:57:13+05:30,3127.9,1,3130.01,1884379,130197.0,210967.0,3163.0,3163.0,3108.0,3134.3,31926400,3447.7,2820.9,3839.9,2896.0,3127.3,43,3,3127.1,32,3,3127.0,683,6,3126.8,212,5,3126.7,246,3,3127.9,142,2,3128.5,103,2,3128.6,64,3,3128.7,54,1,3128.8,79,3
2031,2026-06-16 11:57:14+05:30,3127.9,1,3130.01,1884379,130461.0,210884.0,3163.0,3163.0,3108.0,3134.3,31926400,3447.7,2820.9,3839.9,2896.0,3127.4,36,3,3127.3,40,3,3127.2,105,5,3127.1,134,4,3127.0,685,6,3127.9,142,2,3128.5,54,1,3128.6,21,1,3128.7,54,1,3128.8,60,2
2031,2026-06-16 11:57:15+05:30,3127.9,1,3130.01,1884380,130477.0,211052.0,3163.0,3163.0,3108.0,3134.3,31926400,3447.7,2820.9,3839.9,2896.0,3127.4,36,3,3127.3,40,3,3127.2,120,6,3127.1,134,4,3127.0,685,6,3127.9,155,3,3128.5,54,1,3128.6,21,1,3128.7,54,1,3128.8,60,2
2031,2026-06-16 11:57:15+05:30,3127.9,1,3130.01,1884380,130477.0,211052.0,3163.0,3163.0,3108.0,3134.3,31926400,3447.7,2820.9,3839.9,2896.0,3127.4,36,3,3127.3,40,3,3127.2,120,6,3127.1,134,4,3127.0,685,6,3127.9,155,3,3128.5,54,1,3128.6,21,1,3128.7,54,1,3128.8,60,2
2031,2026-06-16 11:57:16+05:30,3127.7,1,3130.01,1884381,130746.0,210243.0,3163.0,3163.0,3108.0,3134.3,31926400,3447.7,2820.9,3839.9,2896.0,3127.7,7,3,3127.6,18,1,3127.5,29,2,3127.4,38,3,3127.3,40,3,3127.9,155,3,3128.5,54,1,3128.7,54,1,3128.8,20,1,3128.9,17,1
2031,2026-06-16 11:57:16+05:30,3127.7,1,3130.01,1884381,130746.0,210243.0,3163.0,3163.0,3108.0,3134.3,31926400,3447.7,2820.9,3839.9,2896.0,3127.7,7,3,3127.6,18,1,3127.5,29,2,3127.4,38,3,3127.3,40,3,3127.9,155,3,3128.5,54,1,3128.7,54,1,3128.8,20,1,3128.9,17,1
2031,2026-06-16 11:57:17+05:30,3127.9,1,3130.01,1884383,131091.0,211083.0,3163.0,3163.0,3108.0,3134.3,31926400,3447.7,2820.9,3839.9,2896.0,3127.8,16,1,3127.7,2,2,3127.6,29,1,3127.4,38,3,3127.3,22,2,3127.9,153,3,3128.7,54,1,3128.8,20,1,3128.9,417,3,3129.0,243,7
2031,2026-06-16 11:57:17+05:30,3127.9,1,3130.01,1884383,131091.0,211083.0,3163.0,3163.0,3108.0,3134.3,31926400,3447.7,2820.9,3839.9,2896.0,3127.8,16,1,3127.7,2,2,3127.6,29,1,3127.4,38,3,3127.3,22,2,3127.9,153,3,3128.7,54,1,3128.8,20,1,3128.9,417,3,3129.0,243,7
2031,2026-06-16 11:57:18+05:30,3127.9,14,3130.01,1884536,131688.0,210096.0,3163.0,3163.0,3108.0,3134.3,31926400,3447.7,2820.9,3839.9,2896.0,3127.7,2,2,3127.4,47,3,3127.3,36,2,3127.2,107,2,3127.1,177,3,3128.9,485,5,3129.0,163,4,3129.1,47,2,3129.2,158,5,3129.3,3,1
2031,2026-06-16 11:57:18+05:30,3127.9,14,3130.01,1884536,131688.0,210096.0,3163.0,3163.0,3108.0,3134.3,31926400,3447.7,2820.9,3839.9,2896.0,3127.7,2,2,3127.4,47,3,3127.3,36,2,3127.2,107,2,3127.1,177,3,3128.9,485,5,3129.0,163,4,3129.1,47,2,3129.2,158,5,3129.3,3,1
2031,2026-06-16 11:57:19+05:30,3128.9,70,3130.01,1884623,131477.0,210049.0,3163.0,3163.0,3108.0,3134.3,31926400,3447.7,2820.9,3839.9,2896.0,3127.7,2,2,3127.6,18,1,3127.5,24,2,3127.4,1,1,3127.3,15,1,3128.8,337,5,3128.9,323,4,3129.0,250,7,3129.2,392,6,3129.3,3,1
2031,2026-06-16 11:57:19+05:30,3128.9,70,3130.01,1884623,131477.0,210049.0,3163.0,3163.0,3108.0,3134.3,31926400,3447.7,2820.9,3839.9,2896.0,3127.7,2,2,3127.6,18,1,3127.5,24,2,3127.4,1,1,3127.3,15,1,3128.8,337,5,3128.9,323,4,3129.0,250,7,3129.2,392,6,3129.3,3,1
2031,2026-06-16 11:57:20+05:30,3127.7,1,3130.01,1884624,131441.0,211139.0,3163.0,3163.0,3108.0,3134.3,31926400,3447.7,2820.9,3839.9,2896.0,3127.7,2,2,3127.6,18,1,3127.5,8,1,3127.4,1,1,3127.3,15,1,3128.7,14,1,3128.8,603,8,3128.9,84,3,3129.0,250,7,3129.2,198,6
2031,2026-06-16 11:57:20+05:30,3127.7,1,3130.01,1884624,131441.0,211139.0,3163.0,3163.0,3108.0,3134.3,31926400,3447.7,2820.9,3839.9,2896.0,3127.7,2,2,3127.6,18,1,3127.5,8,1,3127.4,1,1,3127.3,15,1,3128.7,14,1,3128.8,603,8,3128.9,84,3,3129.0,250,7,3129.2,198,6
2031,2026-06-16 11:57:21+05:30,3128.2,1,3130.01,1884627,130293.0,211761.0,3163.0,3163.0,3108.0,3134.3,31926400,3447.7,2820.9,3839.9,2896.0,3127.8,16,1,3127.4,1,1,3127.3,15,1,3127.0,560,2,3126.9,20,1,3128.4,76,5,3128.5,168,7,3128.6,395,6,3128.7,134,3,3128.8,232,8
2031,2026-06-16 11:57:21+05:30,3128.2,1,3130.01,1884627,130293.0,211761.0,3163.0,3163.0,3108.0,3134.3,31926400,3447.7,2820.9,3839.9,2896.0,3127.8,16,1,3127.4,1,1,3127.3,15,1,3127.0,560,2,3126.9,20,1,3128.4,76,5,3128.5,168,7,3128.6,395,6,3128.7,134,3,3128.8,232,8
2031,2026-06-16 11:57:22+05:30,3128.2,1,3130.01,1884627,130106.0,211651.0,3163.0,3163.0,3108.0,3134.3,31926400,3447.7,2820.9,3839.9,2896.0,3127.6,18,1,3127.4,1,1,3127.3,15,1,3127.0,560,2,3126.9,20,1,3128.2,15,1,3128.3,76,6,3128.4,159,5,3128.5,136,4,3128.6,366,4
2031,2026-06-16 11:57:23+05:30,3128.3,1,3130.01,1884629,129938.0,211813.0,3163.0,3163.0,3108.0,3134.3,31926400,3447.7,2820.9,3839.9,2896.0,3127.6,18,1,3127.4,1,1,3127.3,15,1,3127.0,560,2,3126.9,20,1,3128.2,15,1,3128.3,64,5,3128.4,149,4,3128.5,136,4,3128.6,366,4
2031,2026-06-16 11:57:23+05:30,3128.3,1,3130.01,1884629,129938.0,211813.0,3163.0,3163.0,3108.0,3134.3,31926400,3447.7,2820.9,3839.9,2896.0,3127.6,18,1,3127.4,1,1,3127.3,15,1,3127.0,560,2,3126.9,20,1,3128.2,15,1,3128.3,64,5,3128.4,149,4,3128.5,136,4,3128.6,366,4
2031,2026-06-16 11:57:24+05:30,3127.8,67,3130.01,1884746,130552.0,212080.0,3163.0,3163.0,3108.0,3134.3,31926400,3447.7,2820.9,3839.9,2896.0,3127.8,17,1,3127.4,18,2,3127.3,15,1,3127.1,155,1,3127.0,579,3,3128.2,15,1,3128.3,74,4,3128.4,119,2,3128.5,59,2,3128.6,467,5
2031,2026-06-16 11:57:24+05:30,3127.8,67,3130.01,1884746,130552.0,212080.0,3163.0,3163.0,3108.0,3134.3,31926400,3447.7,2820.9,3839.9,2896.0,3127.8,17,1,3127.4,18,2,3127.3,15,1,3127.1,155,1,3127.0,579,3,3128.2,15,1,3128.3,74,4,3128.4,119,2,3128.5,59,2,3128.6,467,5
2031,2026-06-16 11:57:25+05:30,3127.4,1,3130.01,1885850,129726.0,211171.0,3163.0,3163.0,3108.0,3134.3,31926400,3447.7,2820.9,3839.9,2896.0,3127.4,18,2,3127.3,15,1,3127.0,614,3,3126.9,36,2,3126.8,54,1,3127.5,200,1,3128.3,48,3,3128.6,70,3,3128.7,200,1,3128.8,148,4
2031,2026-06-16 11:57:25+05:30,3127.4,1,3130.01,1885850,129726.0,211171.0,3163.0,3163.0,3108.0,3134.3,31926400,3447.7,2820.9,3839.9,2896.0,3127.4,18,2,3127.3,15,1,3127.0,614,3,3126.9,36,2,3126.8,54,1,3127.5,200,1,3128.3,48,3,3128.6,70,3,3128.7,200,1,3128.8,148,4
2031,2026-06-16 11:57:26+05:30,3127.3,1,3130.01,1886052,129358.0,212616.0,3163.0,3163.0,3108.0,3134.3,31926400,3447.7,2820.9,3839.9,2896.0,3127.3,13,1,3127.0,560,2,3126.7,20,1,3126.6,3,1,3126.5,161,5,3128.1,80,5,3128.2,55,4,3128.3,88,4,3128.4,141,4,3128.5,457,4
2031,2026-06-16 11:57:26+05:30,3127.3,1,3130.01,1886052,129358.0,212616.0,3163.0,3163.0,3108.0,3134.3,31926400,3447.7,2820.9,3839.9,2896.0,3127.3,13,1,3127.0,560,2,3126.7,20,1,3126.6,3,1,3126.5,161,5,3128.1,80,5,3128.2,55,4,3128.3,88,4,3128.4,141,4,3128.5,457,4
2031,2026-06-16 11:57:27+05:30,3127.3,1,3130.01,1886052,130123.0,212885.0,3163.0,3163.0,3108.0,3134.3,31926400,3447.7,2820.9,3839.9,2896.0,3127.3,77,2,3127.0,560,2,3126.7,20,1,3126.6,3,1,3126.5,83,4,3127.8,80,5,3127.9,14,1,3128.0,115,4,3128.1,107,2,3128.2,500,6
2031,2026-06-16 11:57:28+05:30,3127.8,1,3130.01,1886053,130137.0,211093.0,3163.0,3163.0,3108.0,3134.3,31926400,3447.7,2820.9,3839.9,2896.0,3127.3,77,2,3127.0,560,2,3126.7,20,1,3126.6,3,1,3126.5,83,4,3127.8,208,7,3127.9,14,1,3128.0,115,4,3128.1,2,1,3128.2,500,6
2031,2026-06-16 11:57:28+05:30,3127.8,1,3130.01,1886053,130137.0,211093.0,3163.0,3163.0,3108.0,3134.3,31926400,3447.7,2820.9,3839.9,2896.0,3127.3,77,2,3127.0,560,2,3126.7,20,1,3126.6,3,1,3126.5,83,4,3127.8,208,7,3127.9,14,1,3128.0,115,4,3128.1,2,1,3128.2,500,6
2031,2026-06-16 11:57:29+05:30,3127.8,1,3130.01,1886053,130280.0,212987.0,3163.0,3163.0,3108.0,3134.3,31926400,3447.7,2820.9,3839.9,2896.0,3127.3,94,3,3127.0,614,3,3126.9,4,1,3126.8,99,2,3126.7,93,3,3127.8,138,3,3127.9,14,1,3128.1,2,1,3128.2,41,1,3128.3,2,1
2031,2026-06-16 11:57:30+05:30,3127.3,10,3130.01,1886053,130280.0,212987.0,3163.0,3163.0,3108.0,3134.3,31926400,3447.7,2820.9,3839.9,2896.0,3127.3,94,3,3127.0,614,3,3126.9,4,1,3126.8,99,2,3126.7,93,3,3127.8,138,3,3127.9,14,1,3128.1,2,1,3128.2,41,1,3128.3,2,1
2031,2026-06-16 11:57:30+05:30,3127.3,10,3130.01,1886254,130222.0,212816.0,3163.0,3163.0,3108.0,3134.3,31926400,3447.7,2820.9,3839.9,2896.0,3127.6,1,1,3127.3,27,3,3127.0,560,2,3126.7,113,3,3126.6,69,4,3127.8,138,4,3127.9,14,1,3128.1,2,1,3128.2,41,1,3128.4,295,3
2031,2026-06-16 11:57:31+05:30,3127.7,1,3130.01,1886254,130222.0,212816.0,3163.0,3163.0,3108.0,3134.3,31926400,3447.7,2820.9,3839.9,2896.0,3127.6,1,1,3127.3,27,3,3127.0,560,2,3126.7,113,3,3126.6,69,4,3127.8,138,4,3127.9,14,1,3128.1,2,1,3128.2,41,1,3128.4,295,3
2031,2026-06-16 11:57:31+05:30,3127.7,1,3130.01,1886255,130628.0,212116.0,3163.0,3163.0,3108.0,3134.3,31926400,3447.7,2820.9,3839.9,2896.0,3127.7,2,2,3127.6,45,3,3127.5,83,2,3127.4,29,2,3127.3,92,5,3127.8,138,4,3128.1,2,1,3128.8,22,1,3128.9,67,2,3129.0,355,6
2031,2026-06-16 11:57:32+05:30,3127.7,1,3130.01,1886255,130584.0,212105.0,3163.0,3163.0,3108.0,3134.3,31926400,3447.7,2820.9,3839.9,2896.0,3127.7,4,3,3127.6,45,3,3127.5,54,1,3127.3,92,5,3127.2,15,1,3127.8,138,4,3128.1,2,1,3128.8,22,1,3128.9,67,2,3129.0,609,8
2031,2026-06-16 11:57:33+05:30,3127.8,1,3130.01,1886255,130584.0,212105.0,3163.0,3163.0,3108.0,3134.3,31926400,3447.7,2820.9,3839.9,2896.0,3127.7,4,3,3127.6,45,3,3127.5,54,1,3127.3,92,5,3127.2,15,1,3127.8,138,4,3128.1,2,1,3128.8,22,1,3128.9,67,2,3129.0,609,8
2031,2026-06-16 11:57:33+05:30,3127.8,1,3130.01,1886256,130697.0,212104.0,3163.0,3163.0,3108.0,3134.3,31926400,3447.7,2820.9,3839.9,2896.0,3127.7,43,4,3127.6,45,3,3127.5,54,1,3127.3,140,7,3127.2,15,1,3127.8,137,4,3128.1,2,1,3128.8,22,1,3128.9,67,2,3129.0,609,8
2031,2026-06-16 11:57:34+05:30,3127.8,1,3130.01,1886257,131088.0,212105.0,3163.0,3163.0,3108.0,3134.3,31926400,3447.7,2820.9,3839.9,2896.0,3127.7,43,4,3127.6,45,3,3127.5,54,1,3127.4,29,1,3127.3,189,7,3127.8,136,4,3128.1,2,1,3128.8,22,1,3128.9,67,2,3129.0,609,8
2031,2026-06-16 11:57:35+05:30,3127.8,29,3130.01,1886257,131088.0,212105.0,3163.0,3163.0,3108.0,3134.3,31926400,3447.7,2820.9,3839.9,2896.0,3127.7,43,4,3127.6,45,3,3127.5,54,1,3127.4,29,1,3127.3,189,7,3127.8,136,4,3128.1,2,1,3128.8,22,1,3128.9,67,2,3129.0,609,8
2031,2026-06-16 11:57:35+05:30,3127.8,1,3130.01,1886423,131058.0,212050.0,3163.0,3163.0,3108.0,3134.3,31926400,3447.7,2820.9,3839.9,2896.0,3127.7,43,4,3127.6,45,3,3127.3,27,3,3127.2,75,2,3127.1,78,1,3127.8,145,3,3128.1,2,1,3128.6,41,1,3128.8,63,2,3128.9,135,4
2031,2026-06-16 11:57:36+05:30,3127.8,1,3130.01,1886423,131058.0,212050.0,3163.0,3163.0,3108.0,3134.3,31926400,3447.7,2820.9,3839.9,2896.0,3127.7,43,4,3127.6,45,3,3127.3,27,3,3127.2,75,2,3127.1,78,1,3127.8,145,3,3128.1,2,1,3128.6,41,1,3128.8,63,2,3128.9,135,4
2031,2026-06-16 11:57:36+05:30,3127.8,1,3130.01,1886423,130643.0,212478.0,3163.0,3163.0,3108.0,3134.3,31926400,3447.7,2820.9,3839.9,2896.0,3127.7,43,4,3127.6,45,3,3127.3,27,3,3127.1,78,1,3127.0,1186,6,3127.8,145,3,3128.1,2,1,3128.3,41,1,3128.6,60,2,3128.8,536,6
2031,2026-06-16 11:57:37+05:30,3127.8,1,3130.01,1886423,130643.0,212379.0,3163.0,3163.0,3108.0,3134.3,31926400,3447.7,2820.9,3839.9,2896.0,3127.7,43,4,3127.6,45,3,3127.3,27,3,3127.1,78,1,3127.0,1186,6,3127.8,145,3,3128.1,2,1,3128.6,60,2,3128.8,536,6,3128.9,116,3
2031,2026-06-16 11:57:38+05:30,3129.0,315,3130.01,1889425,130963.0,208956.0,3163.0,3163.0,3108.0,3134.3,31926400,3447.7,2820.9,3839.9,2896.0,3127.7,60,6,3127.6,59,3,3127.3,42,3,3127.2,19,1,3127.1,259,4,3128.8,19,1,3128.9,37,2,3129.0,449,6,3129.1,72,3,3129.2,28,2
2031,2026-06-16 11:57:39+05:30,3129.0,315,3130.01,1889425,130963.0,208956.0,3163.0,3163.0,3108.0,3134.3,31926400,3447.7,2820.9,3839.9,2896.0,3127.7,60,6,3127.6,59,3,3127.3,42,3,3127.2,19,1,3127.1,259,4,3128.8,19,1,3128.9,37,2,3129.0,449,6,3129.1,72,3,3129.2,28,2
2031,2026-06-16 11:57:39+05:30,3129.0,315,3130.01,1889425,131676.0,210328.0,3163.0,3163.0,3108.0,3134.3,31926400,3447.7,2820.9,3839.9,2896.0,3127.7,48,5,3127.6,59,3,3127.5,31,2,3127.4,35,1,3127.3,75,3,3128.7,200,1,3128.8,30,2,3128.9,120,3,3129.0,291,8,3129.1,27,3
2031,2026-06-16 11:57:40+05:30,3128.7,2,3130.01,1889435,131405.0,210756.0,3163.0,3163.0,3108.0,3134.3,31926400,3447.7,2820.9,3839.9,2896.0,3128.2,2,2,3127.7,46,3,3127.6,58,2,3127.5,5,1,3127.4,35,1,3128.7,225,3,3128.8,30,2,3128.9,71,2,3129.0,248,5,3129.1,27,3
2031,2026-06-16 11:57:41+05:30,3128.7,2,3130.01,1889435,131405.0,210756.0,3163.0,3163.0,3108.0,3134.3,31926400,3447.7,2820.9,3839.9,2896.0,3128.2,2,2,3127.7,46,3,3127.6,58,2,3127.5,5,1,3127.4,35,1,3128.7,225,3,3128.8,30,2,3128.9,71,2,3129.0,248,5,3129.1,27,3
2031,2026-06-16 11:57:41+05:30,3128.7,11,3130.01,1889449,132419.0,210738.0,3163.0,3163.0,3108.0,3134.3,31926400,3447.7,2820.9,3839.9,2896.0,3128.2,174,3,3127.8,15,1,3127.7,44,2,3127.5,156,4,3127.4,49,2,3128.7,193,2,3128.8,30,2,3128.9,22,1,3129.0,229,4,3129.1,27,3
2031,2026-06-16 11:57:42+05:30,3128.7,11,3130.01,1889449,132419.0,210738.0,3163.0,3163.0,3108.0,3134.3,31926400,3447.7,2820.9,3839.9,2896.0,3128.2,174,3,3127.8,15,1,3127.7,44,2,3127.5,156,4,3127.4,49,2,3128.7,193,2,3128.8,30,2,3128.9,22,1,3129.0,229,4,3129.1,27,3
2031,2026-06-16 11:57:42+05:30,3128.7,1,3130.01,1889450,132300.0,210672.0,3163.0,3163.0,3108.0,3134.3,31926400,3447.7,2820.9,3839.9,2896.0,3128.2,174,3,3127.9,15,1,3127.7,44,2,3127.5,156,4,3127.4,77,3,3128.7,192,2,3128.8,30,2,3128.9,22,1,3129.0,229,4,3129.1,27,3
2031,2026-06-16 11:57:43+05:30,3128.7,1,3130.01,1889450,132300.0,210672.0,3163.0,3163.0,3108.0,3134.3,31926400,3447.7,2820.9,3839.9,2896.0,3128.2,174,3,3127.9,15,1,3127.7,44,2,3127.5,156,4,3127.4,77,3,3128.7,192,2,3128.8,30,2,3128.9,22,1,3129.0,229,4,3129.1,27,3
2031,2026-06-16 11:57:43+05:30,3128.2,54,3130.01,1889651,132183.0,210819.0,3163.0,3163.0,3108.0,3134.3,31926400,3447.7,2820.9,3839.9,2896.0,3128.2,120,3,3127.7,44,2,3127.5,137,3,3127.4,63,2,3127.3,226,3,3128.3,175,1,3128.7,81,3,3128.8,30,2,3128.9,70,2,3129.0,29,3
2031,2026-06-16 11:57:44+05:30,3128.2,54,3130.01,1889651,132183.0,210819.0,3163.0,3163.0,3108.0,3134.3,31926400,3447.7,2820.9,3839.9,2896.0,3128.2,120,3,3127.7,44,2,3127.5,137,3,3127.4,63,2,3127.3,226,3,3128.3,175,1,3128.7,81,3,3128.8,30,2,3128.9,70,2,3129.0,29,3
2031,2026-06-16 11:57:44+05:30,3128.2,30,3130.01,1889681,132361.0,210819.0,3163.0,3163.0,3108.0,3134.3,31926400,3447.7,2820.9,3839.9,2896.0,3128.2,90,3,3127.7,44,2,3127.6,18,1,3127.5,137,3,3127.4,63,2,3128.3,175,1,3128.7,81,3,3128.8,30,2,3128.9,70,2,3129.0,29,3
2031,2026-06-16 11:57:45+05:30,3127.6,3,3130.01,1889681,132361.0,210819.0,3163.0,3163.0,3108.0,3134.3,31926400,3447.7,2820.9,3839.9,2896.0,3128.2,90,3,3127.7,44,2,3127.6,18,1,3127.5,137,3,3127.4,63,2,3128.3,175,1,3128.7,81,3,3128.8,30,2,3128.9,70,2,3129.0,29,3
2031,2026-06-16 11:57:45+05:30,3128.3,20,3130.01,1890081,130956.0,210250.0,3163.0,3163.0,3108.0,3134.3,31926400,3447.7,2820.9,3839.9,2896.0,3127.7,74,6,3127.6,109,5,3127.5,193,6,3127.4,292,5,3127.3,78,3,3128.7,40,1,3128.8,30,2,3128.9,22,1,3129.0,23,2,3129.1,23,2
2031,2026-06-16 11:57:46+05:30,3128.3,20,3130.01,1890081,130956.0,210250.0,3163.0,3163.0,3108.0,3134.3,31926400,3447.7,2820.9,3839.9,2896.0,3127.7,74,6,3127.6,109,5,3127.5,193,6,3127.4,292,5,3127.3,78,3,3128.7,40,1,3128.8,30,2,3128.9,22,1,3129.0,23,2,3129.1,23,2
2031,2026-06-16 11:57:46+05:30,3128.3,20,3130.01,1890081,132195.0,208711.0,3163.0,3163.0,3108.0,3134.3,31926400,3447.7,2820.9,3839.9,2896.0,3128.3,2,1,3128.0,29,2,3127.8,95,3,3127.7,162,4,3127.6,114,6,3128.7,148,2,3128.8,11,1,3129.0,20,1,3129.4,21,1,3129.5,482,5
2031,2026-06-16 11:57:47+05:30,3128.3,20,3130.01,1890081,132195.0,208714.0,3163.0,3163.0,3108.0,3134.3,31926400,3447.7,2820.9,3839.9,2896.0,3128.3,2,1,3128.0,29,2,3127.8,95,3,3127.7,162,4,3127.6,93,5,3128.7,148,2,3128.8,11,1,3129.0,20,1,3129.4,21,1,3129.5,461,4
2031,2026-06-16 11:57:48+05:30,3128.7,2,3130.01,1890081,132195.0,208714.0,3163.0,3163.0,3108.0,3134.3,31926400,3447.7,2820.9,3839.9,2896.0,3128.3,2,1,3128.0,29,2,3127.8,95,3,3127.7,162,4,3127.6,93,5,3128.7,148,2,3128.8,11,1,3129.0,20,1,3129.4,21,1,3129.5,461,4
2031,2026-06-16 11:57:48+05:30,3128.5,1,3130.01,1890084,132400.0,208272.0,3163.0,3163.0,3108.0,3134.3,31926400,3447.7,2820.9,3839.9,2896.0,3128.3,2,1,3128.0,110,4,3127.9,2,1,3127.8,68,3,3127.7,183,5,3128.5,1,1,3128.7,109,2,3128.8,11,1,3129.0,26,2,3129.4,21,1
2031,2026-06-16 11:57:49+05:30,3128.5,1,3130.01,1890084,132400.0,208272.0,3163.0,3163.0,3108.0,3134.3,31926400,3447.7,2820.9,3839.9,2896.0,3128.3,2,1,3128.0,110,4,3127.9,2,1,3127.8,68,3,3127.7,183,5,3128.5,1,1,3128.7,109,2,3128.8,11,1,3129.0,26,2,3129.4,21,1
2031,2026-06-16 11:57:49+05:30,3128.5,1,3130.01,1890085,132280.0,210446.0,3163.0,3163.0,3108.0,3134.3,31926400,3447.7,2820.9,3839.9,2896.0,3128.3,2,1,3128.0,64,2,3127.9,2,1,3127.8,118,4,3127.7,108,3,3128.5,1,1,3128.6,79,1,3128.7,2,2,3128.8,11,1,3129.0,26,2
2031,2026-06-16 11:57:50+05:30,3128.5,1,3130.01,1890085,132280.0,210446.0,3163.0,3163.0,3108.0,3134.3,31926400,3447.7,2820.9,3839.9,2896.0,3128.3,2,1,3128.0,64,2,3127.9,2,1,3127.8,118,4,3127.7,108,3,3128.5,1,1,3128.6,79,1,3128.7,2,2,3128.8,11,1,3129.0,26,2
2031,2026-06-16 11:57:51+05:30,3128.3,9,3130.01,1890130,132168.0,210581.0,3163.0,3163.0,3108.0,3134.3,31926400,3447.7,2820.9,3839.9,2896.0,3128.3,8,2,3128.0,10,1,3127.9,2,1,3127.8,60,2,3127.7,15,1,3128.4,32,1,3128.5,33,2,3128.6,111,2,3128.7,2,2,3128.8,43,2
2031,2026-06-16 11:57:51+05:30,3128.4,32,3130.01,1890130,132168.0,210581.0,3163.0,3163.0,3108.0,3134.3,31926400,3447.7,2820.9,3839.9,2896.0,3128.3,8,2,3128.0,10,1,3127.9,2,1,3127.8,60,2,3127.7,15,1,3128.4,32,1,3128.5,33,2,3128.6,111,2,3128.7,2,2,3128.8,43,2
2031,2026-06-16 11:57:52+05:30,3128.4,11,3130.01,1890173,132342.0,210560.0,3163.0,3163.0,3108.0,3134.3,31926400,3447.7,2820.9,3839.9,2896.0,3128.3,18,3,3128.0,10,1,3127.8,48,1,3127.6,157,5,3127.5,86,5,3128.4,2,1,3128.5,76,2,3128.6,33,2,3128.7,34,3,3128.8,11,1
2031,2026-06-16 11:57:52+05:30,3128.4,11,3130.01,1890173,132342.0,210560.0,3163.0,3163.0,3108.0,3134.3,31926400,3447.7,2820.9,3839.9,2896.0,3128.3,18,3,3128.0,10,1,3127.8,48,1,3127.6,157,5,3127.5,86,5,3128.4,2,1,3128.5,76,2,3128.6,33,2,3128.7,34,3,3128.8,11,1
2031,2026-06-16 11:57:52+05:30,3128.4,11,3130.01,1890173,132342.0,210560.0,3163.0,3163.0,3108.0,3134.3,31926400,3447.7,2820.9,3839.9,2896.0,3128.3,18,3,3128.0,10,1,3127.8,48,1,3127.6,157,5,3127.5,86,5,3128.4,2,1,3128.5,76,2,3128.6,33,2,3128.7,34,3,3128.8,11,1
2031,2026-06-16 11:57:52+05:30,3128.4,11,3130.01,1890173,132066.0,210428.0,3163.0,3163.0,3108.0,3134.3,31926400,3447.7,2820.9,3839.9,2896.0,3128.3,18,3,3128.0,10,1,3127.6,157,5,3127.5,86,5,3127.4,63,2,3128.4,32,1,3128.5,108,3,3128.6,33,2,3128.7,2,2,3128.8,43,2
2031,2026-06-16 11:57:54+05:30,3128.4,32,3130.01,1890208,132313.0,210400.0,3163.0,3163.0,3108.0,3134.3,31926400,3447.7,2820.9,3839.9,2896.0,3128.3,60,6,3128.0,138,6,3127.9,12,1,3127.8,101,3,3127.7,153,4,3128.5,108,3,3128.6,33,2,3128.7,1,1,3128.8,43,2,3129.4,221,2
2031,2026-06-16 11:57:54+05:30,3128.5,1,3130.01,1890208,132313.0,210400.0,3163.0,3163.0,3108.0,3134.3,31926400,3447.7,2820.9,3839.9,2896.0,3128.3,60,6,3128.0,138,6,3127.9,12,1,3127.8,101,3,3127.7,153,4,3128.5,108,3,3128.6,33,2,3128.7,1,1,3128.8,43,2,3129.4,221,2
2031,2026-06-16 11:57:54+05:30,3128.5,1,3130.01,1890208,132313.0,210400.0,3163.0,3163.0,3108.0,3134.3,31926400,3447.7,2820.9,3839.9,2896.0,3128.3,60,6,3128.0,138,6,3127.9,12,1,3127.8,101,3,3127.7,153,4,3128.5,108,3,3128.6,33,2,3128.7,1,1,3128.8,43,2,3129.4,221,2
2031,2026-06-16 11:57:55+05:30,3128.3,3,3130.01,1890240,132447.0,210283.0,3163.0,3163.0,3108.0,3134.3,31926400,3447.7,2820.9,3839.9,2896.0,3128.3,43,4,3128.2,7,1,3128.1,10,1,3128.0,138,6,3127.9,12,1,3128.5,89,2,3128.6,33,2,3128.7,1,1,3128.8,43,2,3129.4,221,2
2031,2026-06-16 11:57:55+05:30,3128.3,3,3130.01,1890240,132447.0,210283.0,3163.0,3163.0,3108.0,3134.3,31926400,3447.7,2820.9,3839.9,2896.0,3128.3,43,4,3128.2,7,1,3128.1,10,1,3128.0,138,6,3127.9,12,1,3128.5,89,2,3128.6,33,2,3128.7,1,1,3128.8,43,2,3129.4,221,2
2031,2026-06-16 11:57:56+05:30,3128.3,45,3130.01,1890240,132447.0,210283.0,3163.0,3163.0,3108.0,3134.3,31926400,3447.7,2820.9,3839.9,2896.0,3128.3,43,4,3128.2,7,1,3128.1,10,1,3128.0,138,6,3127.9,12,1,3128.5,89,2,3128.6,33,2,3128.7,1,1,3128.8,43,2,3129.4,221,2
2031,2026-06-16 11:57:56+05:30,3128.3,45,3130.01,1890286,132497.0,210281.0,3163.0,3163.0,3108.0,3134.3,31926400,3447.7,2820.9,3839.9,2896.0,3128.3,15,1,3128.2,54,3,3128.1,10,1,3128.0,138,6,3127.9,12,1,3128.5,88,2,3128.6,33,2,3128.7,1,1,3128.8,43,2,3129.4,221,2
2031,2026-06-16 11:57:56+05:30,3128.3,45,3130.01,1890286,132497.0,210281.0,3163.0,3163.0,3108.0,3134.3,31926400,3447.7,2820.9,3839.9,2896.0,3128.3,15,1,3128.2,54,3,3128.1,10,1,3128.0,138,6,3127.9,12,1,3128.5,88,2,3128.6,33,2,3128.7,1,1,3128.8,43,2,3129.4,221,2
2031,2026-06-16 11:57:57+05:30,3128.3,45,3130.01,1890286,132497.0,210281.0,3163.0,3163.0,3108.0,3134.3,31926400,3447.7,2820.9,3839.9,2896.0,3128.3,15,1,3128.2,54,3,3128.1,10,1,3128.0,138,6,3127.9,12,1,3128.5,88,2,3128.6,33,2,3128.7,1,1,3128.8,43,2,3129.4,221,2
2031,2026-06-16 11:57:57+05:30,3128.3,45,3130.01,1890331,132400.0,210322.0,3163.0,3163.0,3108.0,3134.3,31926400,3447.7,2820.9,3839.9,2896.0,3128.3,17,2,3128.2,28,1,3128.0,72,4,3127.9,27,2,3127.8,170,5,3128.5,88,2,3128.6,33,2,3128.7,1,1,3128.8,43,2,3129.0,16,1
2031,2026-06-16 11:57:58+05:30,3128.5,10,3130.01,1890331,132400.0,210322.0,3163.0,3163.0,3108.0,3134.3,31926400,3447.7,2820.9,3839.9,2896.0,3128.3,17,2,3128.2,28,1,3128.0,72,4,3127.9,27,2,3127.8,170,5,3128.5,88,2,3128.6,33,2,3128.7,1,1,3128.8,43,2,3129.0,16,1
2031,2026-06-16 11:57:58+05:30,3128.5,10,3130.01,1890331,132400.0,210322.0,3163.0,3163.0,3108.0,3134.3,31926400,3447.7,2820.9,3839.9,2896.0,3128.3,17,2,3128.2,28,1,3128.0,72,4,3127.9,27,2,3127.8,170,5,3128.5,88,2,3128.6,33,2,3128.7,1,1,3128.8,43,2,3129.0,16,1
2031,2026-06-16 11:57:58+05:30,3128.3,35,3130.01,1890431,132330.0,210169.0,3163.0,3163.0,3108.0,3134.3,31926400,3447.7,2820.9,3839.9,2896.0,3128.0,26,1,3127.8,168,5,3127.7,174,4,3127.6,128,5,3127.5,67,4,3128.5,104,4,3128.6,33,2,3128.7,1,1,3128.8,43,2,3129.4,221,2
2031,2026-06-16 11:57:59+05:30,3128.4,3,3130.01,1890431,132330.0,210169.0,3163.0,3163.0,3108.0,3134.3,31926400,3447.7,2820.9,3839.9,2896.0,3128.0,26,1,3127.8,168,5,3127.7,174,4,3127.6,128,5,3127.5,67,4,3128.5,104,4,3128.6,33,2,3128.7,1,1,3128.8,43,2,3129.4,221,2
2031,2026-06-16 11:57:59+05:30,3128.4,3,3130.01,1890434,132366.0,210374.0,3163.0,3163.0,3108.0,3134.3,31926400,3447.7,2820.9,3839.9,2896.0,3127.8,126,4,3127.7,132,5,3127.6,128,5,3127.5,123,4,3127.4,121,5,3128.4,42,1,3128.5,73,4,3128.6,33,2,3128.7,33,2,3128.8,11,1
2031,2026-06-16 11:57:59+05:30,3128.4,3,3130.01,1890434,132366.0,210374.0,3163.0,3163.0,3108.0,3134.3,31926400,3447.7,2820.9,3839.9,2896.0,3127.8,126,4,3127.7,132,5,3127.6,128,5,3127.5,123,4,3127.4,121,5,3128.4,42,1,3128.5,73,4,3128.6,33,2,3128.7,33,2,3128.8,11,1
2031,2026-06-16 11:58:00+05:30,3128.4,1,3130.01,1890434,132366.0,210374.0,3163.0,3163.0,3108.0,3134.3,31926400,3447.7,2820.9,3839.9,2896.0,3127.8,126,4,3127.7,132,5,3127.6,128,5,3127.5,123,4,3127.4,121,5,3128.4,42,1,3128.5,73,4,3128.6,33,2,3128.7,33,2,3128.8,11,1
2031,2026-06-16 11:58:00+05:30,3128.0,2,3130.01,1890439,131759.0,209892.0,3163.0,3163.0,3108.0,3134.3,31926400,3447.7,2820.9,3839.9,2896.0,3127.8,63,5,3127.6,115,4,3127.5,21,2,3127.4,130,4,3127.3,5,1,3128.0,37,1,3128.1,32,1,3128.2,32,1,3128.3,32,1,3128.4,26,2
2031,2026-06-16 11:58:01+05:30,3128.0,2,3130.01,1890439,131759.0,209892.0,3163.0,3163.0,3108.0,3134.3,31926400,3447.7,2820.9,3839.9,2896.0,3127.8,63,5,3127.6,115,4,3127.5,21,2,3127.4,130,4,3127.3,5,1,3128.0,37,1,3128.1,32,1,3128.2,32,1,3128.3,32,1,3128.4,26,2
2031,2026-06-16 11:58:01+05:30,3127.9,32,3130.01,1890439,131759.0,209892.0,3163.0,3163.0,3108.0,3134.3,31926400,3447.7,2820.9,3839.9,2896.0,3127.8,63,5,3127.6,115,4,3127.5,21,2,3127.4,130,4,3127.3,5,1,3128.0,37,1,3128.1,32,1,3128.2,32,1,3128.3,32,1,3128.4,26,2
2031,2026-06-16 11:58:01+05:30,3127.9,32,3130.01,1890508,131816.0,210242.0,3163.0,3163.0,3108.0,3134.3,31926400,3447.7,2820.9,3839.9,2896.0,3127.8,75,8,3127.7,7,1,3127.6,143,7,3127.5,15,2,3127.4,284,7,3128.0,66,3,3128.1,32,1,3128.3,32,1,3128.4,25,1,3128.8,11,1
2031,2026-06-16 11:58:01+05:30,3127.9,32,3130.01,1890508,131816.0,210242.0,3163.0,3163.0,3108.0,3134.3,31926400,3447.7,2820.9,3839.9,2896.0,3127.8,75,8,3127.7,7,1,3127.6,143,7,3127.5,15,2,3127.4,284,7,3128.0,66,3,3128.1,32,1,3128.3,32,1,3128.4,25,1,3128.8,11,1
2031,2026-06-16 11:58:02+05:30,3128.2,4,3130.01,1890508,131816.0,210242.0,3163.0,3163.0,3108.0,3134.3,31926400,3447.7,2820.9,3839.9,2896.0,3127.8,75,8,3127.7,7,1,3127.6,143,7,3127.5,15,2,3127.4,284,7,3128.0,66,3,3128.1,32,1,3128.3,32,1,3128.4,25,1,3128.8,11,1
2031,2026-06-16 11:58:02+05:30,3128.2,4,3130.01,1890508,131816.0,210242.0,3163.0,3163.0,3108.0,3134.3,31926400,3447.7,2820.9,3839.9,2896.0,3127.8,75,8,3127.7,7,1,3127.6,143,7,3127.5,15,2,3127.4,284,7,3128.0,66,3,3128.1,32,1,3128.3,32,1,3128.4,25,1,3128.8,11,1
2031,2026-06-16 11:58:02+05:30,3128.8,44,3130.01,1890757,133279.0,209489.0,3163.0,3163.0,3108.0,3134.3,31926400,3447.7,2820.9,3839.9,2896.0,3128.2,69,4,3128.1,89,7,3128.0,189,8,3127.9,122,5,3127.8,74,9,3128.8,132,2,3129.4,421,3,3129.5,12,1,3129.6,20,1,3129.8,221,2
2031,2026-06-16 11:58:02+05:30,3128.8,44,3130.01,1890757,133279.0,209489.0,3163.0,3163.0,3108.0,3134.3,31926400,3447.7,2820.9,3839.9,2896.0,3128.2,69,4,3128.1,89,7,3128.0,189,8,3127.9,122,5,3127.8,74,9,3128.8,132,2,3129.4,421,3,3129.5,12,1,3129.6,20,1,3129.8,221,2
2031,2026-06-16 11:58:03+05:30,3128.8,44,3130.01,1890757,133279.0,209489.0,3163.0,3163.0,3108.0,3134.3,31926400,3447.7,2820.9,3839.9,2896.0,3128.2,69,4,3128.1,89,7,3128.0,189,8,3127.9,122,5,3127.8,74,9,3128.8,132,2,3129.4,421,3,3129.5,12,1,3129.6,20,1,3129.8,221,2
2031,2026-06-16 11:58:03+05:30,3128.8,44,3130.01,1890757,133279.0,209489.0,3163.0,3163.0,3108.0,3134.3,31926400,3447.7,2820.9,3839.9,2896.0,3128.2,69,4,3128.1,89,7,3128.0,189,8,3127.9,122,5,3127.8,74,9,3128.8,132,2,3129.4,421,3,3129.5,12,1,3129.6,20,1,3129.8,221,2
2031,2026-06-16 11:58:03+05:30,3128.8,7,3130.01,1891590,134696.0,207077.0,3163.0,3163.0,3108.0,3134.3,31926400,3447.7,2820.9,3839.9,2896.0,3128.8,7,1,3128.7,33,3,3128.6,240,4,3128.5,117,4,3128.4,52,4,3129.4,32,1,3129.5,32,1,3129.6,32,1,3129.8,32,1,3130.0,271,3
2031,2026-06-16 11:58:04+05:30,3128.8,7,3130.01,1891590,134696.0,207077.0,3163.0,3163.0,3108.0,3134.3,31926400,3447.7,2820.9,3839.9,2896.0,3128.8,7,1,3128.7,33,3,3128.6,240,4,3128.5,117,4,3128.4,52,4,3129.4,32,1,3129.5,32,1,3129.6,32,1,3129.8,32,1,3130.0,271,3
2031,2026-06-16 11:58:04+05:30,3128.8,7,3130.01,1891590,134696.0,207077.0,3163.0,3163.0,3108.0,3134.3,31926400,3447.7,2820.9,3839.9,2896.0,3128.8,7,1,3128.7,33,3,3128.6,240,4,3128.5,117,4,3128.4,52,4,3129.4,32,1,3129.5,32,1,3129.6,32,1,3129.8,32,1,3130.0,271,3
2031,2026-06-16 11:58:04+05:30,3128.8,7,3130.01,1891590,133402.0,207925.0,3163.0,3163.0,3108.0,3134.3,31926400,3447.7,2820.9,3839.9,2896.0,3128.8,1,1,3128.5,16,1,3128.3,57,4,3128.2,97,5,3128.1,261,6,3129.1,32,1,3129.2,32,1,3129.3,32,1,3129.4,1,1,3129.5,111,2
2031,2026-06-16 11:58:05+05:30,3129.1,1,3130.01,1891590,133402.0,207925.0,3163.0,3163.0,3108.0,3134.3,31926400,3447.7,2820.9,3839.9,2896.0,3128.8,1,1,3128.5,16,1,3128.3,57,4,3128.2,97,5,3128.1,261,6,3129.1,32,1,3129.2,32,1,3129.3,32,1,3129.4,1,1,3129.5,111,2
2031,2026-06-16 11:58:05+05:30,3129.1,1,3130.01,1891590,133402.0,207925.0,3163.0,3163.0,3108.0,3134.3,31926400,3447.7,2820.9,3839.9,2896.0,3128.8,1,1,3128.5,16,1,3128.3,57,4,3128.2,97,5,3128.1,261,6,3129.1,32,1,3129.2,32,1,3129.3,32,1,3129.4,1,1,3129.5,111,2
2031,2026-06-16 11:58:05+05:30,3128.8,49,3130.01,1891792,132988.0,208360.0,3163.0,3163.0,3108.0,3134.3,31926400,3447.7,2820.9,3839.9,2896.0,3128.8,3,2,3128.2,8,2,3128.1,43,3,3128.0,61,2,3127.9,47,4,3129.1,63,3,3129.2,32,1,3129.4,33,2,3129.8,21,1,3129.9,88,2
2031,2026-06-16 11:58:05+05:30,3128.8,49,3130.01,1891792,132988.0,208360.0,3163.0,3163.0,3108.0,3134.3,31926400,3447.7,2820.9,3839.9,2896.0,3128.8,3,2,3128.2,8,2,3128.1,43,3,3128.0,61,2,3127.9,47,4,3129.1,63,3,3129.2,32,1,3129.4,33,2,3129.8,21,1,3129.9,88,2
2031,2026-06-16 11:58:06+05:30,3128.8,49,3130.01,1891792,132988.0,208360.0,3163.0,3163.0,3108.0,3134.3,31926400,3447.7,2820.9,3839.9,2896.0,3128.8,3,2,3128.2,8,2,3128.1,43,3,3128.0,61,2,3127.9,47,4,3129.1,63,3,3129.2,32,1,3129.4,33,2,3129.8,21,1,3129.9,88,2
2031,2026-06-16 11:58:06+05:30,3128.8,49,3130.01,1891792,132988.0,208360.0,3163.0,3163.0,3108.0,3134.3,31926400,3447.7,2820.9,3839.9,2896.0,3128.8,3,2,3128.2,8,2,3128.1,43,3,3128.0,61,2,3127.9,47,4,3129.1,63,3,3129.2,32,1,3129.4,33,2,3129.8,21,1,3129.9,88,2
2031,2026-06-16 11:58:06+05:30,3128.8,2,3130.01,1891794,133064.0,208631.0,3163.0,3163.0,3108.0,3134.3,31926400,3447.7,2820.9,3839.9,2896.0,3128.8,1,1,3128.2,1,1,3128.0,61,2,3127.9,47,4,3127.8,50,6,3129.1,63,3,3129.2,32,1,3129.4,33,2,3129.6,19,1,3129.7,45,1
2031,2026-06-16 11:58:07+05:30,3128.0,103,3130.01,1891794,133064.0,208631.0,3163.0,3163.0,3108.0,3134.3,31926400,3447.7,2820.9,3839.9,2896.0,3128.8,1,1,3128.2,1,1,3128.0,61,2,3127.9,47,4,3127.8,50,6,3129.1,63,3,3129.2,32,1,3129.4,33,2,3129.6,19,1,3129.7,45,1
2031,2026-06-16 11:58:07+05:30,3128.0,103,3130.01,1891794,133064.0,208631.0,3163.0,3163.0,3108.0,3134.3,31926400,3447.7,2820.9,3839.9,2896.0,3128.8,1,1,3128.2,1,1,3128.0,61,2,3127.9,47,4,3127.8,50,6,3129.1,63,3,3129.2,32,1,3129.4,33,2,3129.6,19,1,3129.7,45,1
2031,2026-06-16 11:58:08+05:30,3128.8,1,3130.01,1892059,133134.0,209160.0,3163.0,3163.0,3108.0,3134.3,31926400,3447.7,2820.9,3839.9,2896.0,3128.8,52,2,3128.4,22,2,3128.3,39,2,3128.2,76,3,3128.1,19,1,3129.0,32,1,3129.1,109,3,3129.4,1,1,3129.8,21,1,3129.9,45,1
2031,2026-06-16 11:58:08+05:30,3128.8,1,3130.01,1892059,133134.0,209160.0,3163.0,3163.0,3108.0,3134.3,31926400,3447.7,2820.9,3839.9,2896.0,3128.8,52,2,3128.4,22,2,3128.3,39,2,3128.2,76,3,3128.1,19,1,3129.0,32,1,3129.1,109,3,3129.4,1,1,3129.8,21,1,3129.9,45,1
2031,2026-06-16 11:58:08+05:30,3128.8,1,3130.01,1892059,133134.0,209160.0,3163.0,3163.0,3108.0,3134.3,31926400,3447.7,2820.9,3839.9,2896.0,3128.8,52,2,3128.4,22,2,3128.3,39,2,3128.2,76,3,3128.1,19,1,3129.0,32,1,3129.1,109,3,3129.4,1,1,3129.8,21,1,3129.9,45,1
2031,2026-06-16 11:58:09+05:30,3128.9,20,3130.01,1892080,133340.0,208912.0,3163.0,3163.0,3108.0,3134.3,31926400,3447.7,2820.9,3839.9,2896.0,3128.9,4,1,3128.8,52,2,3128.4,22,2,3128.3,39,2,3128.2,76,3,3129.0,76,1,3129.1,1,1,3129.4,1,1,3129.8,21,1,3129.9,45,1
2031,2026-06-16 11:58:09+05:30,3128.9,20,3130.01,1892080,133340.0,208912.0,3163.0,3163.0,3108.0,3134.3,31926400,3447.7,2820.9,3839.9,2896.0,3128.9,4,1,3128.8,52,2,3128.4,22,2,3128.3,39,2,3128.2,76,3,3129.0,76,1,3129.1,1,1,3129.4,1,1,3129.8,21,1,3129.9,45,1
2031,2026-06-16 11:58:09+05:30,3128.9,20,3130.01,1892080,133340.0,208912.0,3163.0,3163.0,3108.0,3134.3,31928200,3447.7,2820.9,3839.9,2896.0,3128.9,4,1,3128.8,52,2,3128.4,22,2,3128.3,39,2,3128.2,76,3,3129.0,76,1,3129.1,1,1,3129.4,1,1,3129.8,21,1,3129.9,45,1
2031,2026-06-16 11:58:10+05:30,3129.0,1,3130.01,1892080,133340.0,208912.0,3163.0,3163.0,3108.0,3134.3,31928200,3447.7,2820.9,3839.9,2896.0,3128.9,4,1,3128.8,52,2,3128.4,22,2,3128.3,39,2,3128.2,76,3,3129.0,76,1,3129.1,1,1,3129.4,1,1,3129.8,21,1,3129.9,45,1
2031,2026-06-16 11:58:10+05:30,3129.0,8,3130.01,1892089,133650.0,208769.0,3163.0,3163.0,3108.0,3134.3,31928200,3447.7,2820.9,3839.9,2896.0,3128.9,48,2,3128.8,52,2,3128.7,7,1,3128.4,89,4,3128.3,39,2,3129.0,67,1,3129.1,1,1,3129.4,1,1,3129.8,21,1,3130.0,321,6
2031,2026-06-16 11:58:11+05:30,3129.0,8,3130.01,1892089,133449.0,208815.0,3163.0,3163.0,3108.0,3134.3,31928200,3447.7,2820.9,3839.9,2896.0,3128.9,63,3,3128.8,36,1,3128.7,7,1,3128.5,28,1,3128.4,89,4,3129.0,67,1,3129.1,1,1,3129.4,1,1,3129.8,21,1,3130.0,321,6
2031,2026-06-16 11:58:11+05:30,3129.0,8,3130.01,1892089,133449.0,208815.0,3163.0,3163.0,3108.0,3134.3,31928200,3447.7,2820.9,3839.9,2896.0,3128.9,63,3,3128.8,36,1,3128.7,7,1,3128.5,28,1,3128.4,89,4,3129.0,67,1,3129.1,1,1,3129.4,1,1,3129.8,21,1,3130.0,321,6
2031,2026-06-16 11:58:12+05:30,3129.0,12,3130.01,1892089,133449.0,208815.0,3163.0,3163.0,3108.0,3134.3,31928200,3447.7,2820.9,3839.9,2896.0,3128.9,63,3,3128.8,36,1,3128.7,7,1,3128.5,28,1,3128.4,89,4,3129.0,67,1,3129.1,1,1,3129.4,1,1,3129.8,21,1,3130.0,321,6
2031,2026-06-16 11:58:12+05:30,3129.0,10,3130.01,1892111,133172.0,209067.0,3163.0,3163.0,3108.0,3134.3,31928200,3447.7,2820.9,3839.9,2896.0,3128.9,63,3,3128.8,37,2,3128.4,67,2,3128.3,11,1,3128.2,122,5,3129.0,105,3,3129.1,1,1,3129.4,1,1,3129.8,65,2,3130.0,321,6
2031,2026-06-16 11:58:13+05:30,3128.9,1,3130.01,1892111,133172.0,209067.0,3163.0,3163.0,3108.0,3134.3,31928200,3447.7,2820.9,3839.9,2896.0,3128.9,63,3,3128.8,37,2,3128.4,67,2,3128.3,11,1,3128.2,122,5,3129.0,105,3,3129.1,1,1,3129.4,1,1,3129.8,65,2,3130.0,321,6
2031,2026-06-16 11:58:13+05:30,3129.0,8,3130.01,1892302,133617.0,208635.0,3163.0,3163.0,3108.0,3134.3,31928200,3447.7,2820.9,3839.9,2896.0,3129.0,6,1,3128.9,79,3,3128.8,69,3,3128.7,79,3,3128.6,12,1,3129.1,1,1,3129.4,1,1,3130.0,293,4,3130.2,464,4,3130.3,121,2
2031,2026-06-16 11:58:14+05:30,3129.1,1,3130.01,1892302,133617.0,208635.0,3163.0,3163.0,3108.0,3134.3,31928200,3447.7,2820.9,3839.9,2896.0,3129.0,6,1,3128.9,79,3,3128.8,69,3,3128.7,79,3,3128.6,12,1,3129.1,1,1,3129.4,1,1,3130.0,293,4,3130.2,464,4,3130.3,121,2
2031,2026-06-16 11:58:14+05:30,3129.1,12,3130.01,1892315,134594.0,208607.0,3163.0,3163.0,3108.0,3134.3,31928200,3447.7,2820.9,3839.9,2896.0,3129.1,32,1,3129.0,100,4,3128.9,107,4,3128.8,76,4,3128.7,59,2,3129.4,1,1,3130.0,271,3,3130.2,420,3,3130.3,67,1,3130.4,53,4
2031,2026-06-16 11:58:15+05:30,3130.0,49,3130.01,1892315,134594.0,208607.0,3163.0,3163.0,3108.0,3134.3,31928200,3447.7,2820.9,3839.9,2896.0,3129.1,32,1,3129.0,100,4,3128.9,107,4,3128.8,76,4,3128.7,59,2,3129.4,1,1,3130.0,271,3,3130.2,420,3,3130.3,67,1,3130.4,53,4
2031,2026-06-16 11:58:15+05:30,3130.0,1,3130.01,1892382,134777.0,208062.0,3163.0,3163.0,3108.0,3134.3,31928200,3447.7,2820.9,3839.9,2896.0,3129.8,16,1,3129.7,32,1,3129.6,32,1,3129.5,33,2,3129.4,3,1,3130.0,221,3,3130.3,400,2,3130.4,7,1,3130.5,4,2,3130.6,113,2
2031,2026-06-16 11:58:16+05:30,3130.0,110,3130.01,1892382,134777.0,208062.0,3163.0,3163.0,3108.0,3134.3,31928200,3447.7,2820.9,3839.9,2896.0,3129.8,16,1,3129.7,32,1,3129.6,32,1,3129.5,33,2,3129.4,3,1,3130.0,221,3,3130.3,400,2,3130.4,7,1,3130.5,4,2,3130.6,113,2
2031,2026-06-16 11:58:16+05:30,3129.9,13,3130.01,1892505,135096.0,207924.0,3163.0,3163.0,3108.0,3134.3,31928200,3447.7,2820.9,3839.9,2896.0,3129.9,3,1,3129.8,73,2,3129.7,32,1,3129.6,32,1,3129.5,1,1,3130.0,111,3,3130.3,400,2,3130.4,7,1,3130.5,4,2,3130.7,205,2
2031,2026-06-16 11:58:17+05:30,3129.9,13,3130.01,1892505,135096.0,207924.0,3163.0,3163.0,3108.0,3134.3,31928200,3447.7,2820.9,3839.9,2896.0,3129.9,3,1,3129.8,73,2,3129.7,32,1,3129.6,32,1,3129.5,1,1,3130.0,111,3,3130.3,400,2,3130.4,7,1,3130.5,4,2,3130.7,205,2
2031,2026-06-16 11:58:17+05:30,3129.9,13,3130.01,1892505,135323.0,207940.0,3163.0,3163.0,3108.0,3134.3,31928200,3447.7,2820.9,3839.9,2896.0,3129.9,78,2,3129.8,73,2,3129.7,32,1,3129.5,50,3,3129.4,3,1,3130.0,157,4,3130.3,400,2,3130.4,7,1,3130.5,4,2,3130.7,200,1
2031,2026-06-16 11:58:18+05:30,3130.0,3,3130.01,1892505,135323.0,207940.0,3163.0,3163.0,3108.0,3134.3,31928200,3447.7,2820.9,3839.9,2896.0,3129.9,78,2,3129.8,73,2,3129.7,32,1,3129.5,50,3,3129.4,3,1,3130.0,157,4,3130.3,400,2,3130.4,7,1,3130.5,4,2,3130.7,200,1
2031,2026-06-16 11:58:18+05:30,3130.0,3,3130.01,1892509,135338.0,207948.0,3163.0,3163.0,3108.0,3134.3,31928200,3447.7,2820.9,3839.9,2896.0,3129.9,78,2,3129.8,73,2,3129.7,32,1,3129.5,49,2,3129.4,70,3,3130.0,153,4,3130.3,400,2,3130.4,7,1,3130.5,4,2,3130.7,200,1
2031,2026-06-16 11:58:19+05:30,3130.0,39,3130.01,1892509,135338.0,207948.0,3163.0,3163.0,3108.0,3134.3,31928200,3447.7,2820.9,3839.9,2896.0,3129.9,78,2,3129.8,73,2,3129.7,32,1,3129.5,49,2,3129.4,70,3,3130.0,153,4,3130.3,400,2,3130.4,7,1,3130.5,4,2,3130.7,200,1
2031,2026-06-16 11:58:19+05:30,3130.0,46,3130.01,1892662,135456.0,207140.0,3163.0,3163.0,3108.0,3134.3,31928200,3447.7,2820.9,3839.9,2896.0,3130.0,15,1,3129.9,78,2,3129.8,73,2,3129.7,32,1,3129.5,32,1,3130.3,400,2,3130.4,7,1,3130.5,4,2,3130.7,200,1,3130.8,44,1
2031,2026-06-16 11:58:20+05:30,3130.0,14,3130.01,1892662,135456.0,207140.0,3163.0,3163.0,3108.0,3134.3,31928200,3447.7,2820.9,3839.9,2896.0,3130.0,15,1,3129.9,78,2,3129.8,73,2,3129.7,32,1,3129.5,32,1,3130.3,400,2,3130.4,7,1,3130.5,4,2,3130.7,200,1,3130.8,44,1
2031,2026-06-16 11:58:20+05:30,3130.0,14,3130.01,1892677,135454.0,207265.0,3163.0,3163.0,3108.0,3134.3,31928200,3447.7,2820.9,3839.9,2896.0,3130.2,45,1,3130.1,34,3,3130.0,32,1,3129.9,78,2,3129.8,41,1,3130.3,399,2,3130.4,7,1,3130.5,4,2,3130.7,200,1,3130.9,91,2
2031,2026-06-16 11:58:21+05:30,3130.3,1,3130.01,1892677,135454.0,207265.0,3163.0,3163.0,3108.0,3134.3,31928200,3447.7,2820.9,3839.9,2896.0,3130.2,45,1,3130.1,34,3,3130.0,32,1,3129.9,78,2,3129.8,41,1,3130.3,399,2,3130.4,7,1,3130.5,4,2,3130.7,200,1,3130.9,91,2
2031,2026-06-16 11:58:21+05:30,3130.3,1,3130.01,1892679,135440.0,207212.0,3163.0,3163.0,3108.0,3134.3,31928200,3447.7,2820.9,3839.9,2896.0,3130.2,32,1,3130.1,34,3,3130.0,32,1,3129.9,46,1,3129.8,73,2,3130.3,397,2,3130.4,7,1,3130.5,4,2,3130.7,200,1,3130.9,133,3
2031,2026-06-16 11:58:22+05:30,3130.2,60,3130.01,1892679,135440.0,207212.0,3163.0,3163.0,3108.0,3134.3,31928200,3447.7,2820.9,3839.9,2896.0,3130.2,32,1,3130.1,34,3,3130.0,32,1,3129.9,46,1,3129.8,73,2,3130.3,397,2,3130.4,7,1,3130.5,4,2,3130.7,200,1,3130.9,133,3
2031,2026-06-16 11:58:22+05:30,3130.2,60,3130.01,1892816,135301.0,207273.0,3163.0,3163.0,3108.0,3134.3,31928200,3447.7,2820.9,3839.9,2896.0,3130.1,34,3,3130.0,48,2,3129.9,46,1,3129.8,73,2,3129.4,31,2,3130.2,108,1,3130.3,352,2,3130.4,7,1,3130.5,4,2,3130.7,200,1
2031,2026-06-16 11:58:23+05:30,3130.2,95,3130.01,1892816,135301.0,207273.0,3163.0,3163.0,3108.0,3134.3,31928200,3447.7,2820.9,3839.9,2896.0,3130.1,34,3,3130.0,48,2,3129.9,46,1,3129.8,73,2,3129.4,31,2,3130.2,108,1,3130.3,352,2,3130.4,7,1,3130.5,4,2,3130.7,200,1
2031,2026-06-16 11:58:23+05:30,3130.3,45,3130.01,1893019,135455.0,206868.0,3163.0,3163.0,3108.0,3134.3,31928200,3447.7,2820.9,3839.9,2896.0,3130.2,32,1,3130.0,35,2,3129.9,46,1,3129.8,73,2,3129.4,31,2,3130.3,307,2,3130.4,7,1,3130.5,4,2,3130.7,200,1,3130.9,100,3
2031,2026-06-16 11:58:24+05:30,3130.3,45,3130.01,1893019,135455.0,206868.0,3163.0,3163.0,3108.0,3134.3,31928200,3447.7,2820.9,3839.9,2896.0,3130.2,32,1,3130.0,35,2,3129.9,46,1,3129.8,73,2,3129.4,31,2,3130.3,307,2,3130.4,7,1,3130.5,4,2,3130.7,200,1,3130.9,100,3
2031,2026-06-16 11:58:24+05:30,3130.2,39,3130.01,1893133,135527.0,207136.0,3163.0,3163.0,3108.0,3134.3,31928200,3447.7,2820.9,3839.9,2896.0,3130.1,32,1,3130.0,32,1,3129.9,46,1,3129.8,88,3,3129.5,25,1,3130.2,96,1,3130.3,307,2,3130.4,7,1,3130.5,4,2,3130.7,200,1
2031,2026-06-16 11:58:25+05:30,3130.2,39,3130.01,1893133,135527.0,207136.0,3163.0,3163.0,3108.0,3134.3,31928200,3447.7,2820.9,3839.9,2896.0,3130.1,32,1,3130.0,32,1,3129.9,46,1,3129.8,88,3,3129.5,25,1,3130.2,96,1,3130.3,307,2,3130.4,7,1,3130.5,4,2,3130.7,200,1
2031,2026-06-16 11:58:25+05:30,3130.2,10,3130.01,1893143,135499.0,207078.0,3163.0,3163.0,3108.0,3134.3,31928200,3447.7,2820.9,3839.9,2896.0,3130.0,34,2,3129.9,78,2,3129.8,56,2,3129.7,32,1,3129.5,25,1,3130.2,86,1,3130.3,307,2,3130.4,7,1,3130.5,4,2,3130.7,200,1
2031,2026-06-16 11:58:26+05:30,3130.2,1,3130.01,1893143,135499.0,207078.0,3163.0,3163.0,3108.0,3134.3,31928200,3447.7,2820.9,3839.9,2896.0,3130.0,34,2,3129.9,78,2,3129.8,56,2,3129.7,32,1,3129.5,25,1,3130.2,86,1,3130.3,307,2,3130.4,7,1,3130.5,4,2,3130.7,200,1
2031,2026-06-16 11:58:26+05:30,3130.2,1,3130.01,1893144,135632.0,207126.0,3163.0,3163.0,3108.0,3134.3,31928200,3447.7,2820.9,3839.9,2896.0,3130.1,32,1,3130.0,52,3,3129.9,78,2,3129.8,41,1,3129.7,32,1,3130.2,111,2,3130.3,307,2,3130.4,7,1,3130.5,4,2,3130.7,200,1
2031,2026-06-16 11:58:27+05:30,3130.2,1,3130.01,1893144,135632.0,207126.0,3163.0,3163.0,3108.0,3134.3,31928200,3447.7,2820.9,3839.9,2896.0,3130.1,32,1,3130.0,52,3,3129.9,78,2,3129.8,41,1,3129.7,32,1,3130.2,111,2,3130.3,307,2,3130.4,7,1,3130.5,4,2,3130.7,200,1
2031,2026-06-16 11:58:27+05:30,3130.2,1,3130.01,1893145,135396.0,206878.0,3163.0,3163.0,3108.0,3134.3,31928200,3447.7,2820.9,3839.9,2896.0,3130.0,20,2,3129.9,46,1,3129.8,41,1,3129.4,28,1,3129.2,28,1,3130.2,153,4,3130.3,307,2,3130.4,7,1,3130.5,4,2,3130.6,19,1
2031,2026-06-16 11:58:28+05:30,3130.0,1,3130.01,1893145,135396.0,206878.0,3163.0,3163.0,3108.0,3134.3,31928200,3447.7,2820.9,3839.9,2896.0,3130.0,20,2,3129.9,46,1,3129.8,41,1,3129.4,28,1,3129.2,28,1,3130.2,153,4,3130.3,307,2,3130.4,7,1,3130.5,4,2,3130.6,19,1
2031,2026-06-16 11:58:28+05:30,3130.2,42,3130.01,1893299,135415.0,206970.0,3163.0,3163.0,3108.0,3134.3,31928200,3447.7,2820.9,3839.9,2896.0,3130.2,6,1,3130.0,1,1,3129.9,46,1,3129.8,41,1,3129.4,28,1,3130.3,380,3,3130.4,7,1,3130.5,4,2,3130.6,19,1,3130.7,254,2
2031,2026-06-16 11:58:29+05:30,3130.2,42,3130.01,1893299,135415.0,206970.0,3163.0,3163.0,3108.0,3134.3,31928200,3447.7,2820.9,3839.9,2896.0,3130.2,6,1,3130.0,1,1,3129.9,46,1,3129.8,41,1,3129.4,28,1,3130.3,380,3,3130.4,7,1,3130.5,4,2,3130.6,19,1,3130.7,254,2
2031,2026-06-16 11:58:29+05:30,3130.2,42,3130.01,1893299,135239.0,207020.0,3163.0,3163.0,3108.0,3134.3,31928200,3447.7,2820.9,3839.9,2896.0,3130.0,1,1,3129.9,46,1,3129.8,41,1,3129.2,53,2,3129.1,217,4,3130.3,380,3,3130.4,7,1,3130.5,4,2,3130.7,254,2,3130.8,81,3
2031,2026-06-16 11:58:30+05:30,3130.2,42,3130.01,1893299,135247.0,207083.0,3163.0,3163.0,3108.0,3134.3,31928200,3447.7,2820.9,3839.9,2896.0,3130.0,23,4,3129.9,46,1,3129.8,41,1,3129.5,28,1,3129.2,53,2,3130.3,381,4,3130.4,7,1,3130.5,4,2,3130.7,200,1,3130.9,100,3
2031,2026-06-16 11:58:31+05:30,3130.3,1,3130.01,1893300,135303.0,206973.0,3163.0,3163.0,3108.0,3134.3,31928200,3447.7,2820.9,3839.9,2896.0,3130.2,2,2,3130.0,23,4,3129.9,46,1,3129.8,41,1,3129.5,28,1,3130.3,380,4,3130.4,7,1,3130.5,4,2,3130.7,200,1,3130.9,79,2
2031,2026-06-16 11:58:32+05:30,3130.3,11,3130.01,1893300,135303.0,206973.0,3163.0,3163.0,3108.0,3134.3,31928200,3447.7,2820.9,3839.9,2896.0,3130.2,2,2,3130.0,23,4,3129.9,46,1,3129.8,41,1,3129.5,28,1,3130.3,380,4,3130.4,7,1,3130.5,4,2,3130.7,200,1,3130.9,79,2
2031,2026-06-16 11:58:32+05:30,3130.3,11,3130.01,1893311,135303.0,206962.0,3163.0,3163.0,3108.0,3134.3,31928200,3447.7,2820.9,3839.9,2896.0,3130.2,2,2,3130.0,23,4,3129.9,46,1,3129.8,41,1,3129.5,28,1,3130.3,369,4,3130.4,7,1,3130.5,4,2,3130.7,200,1,3130.9,79,2
2031,2026-06-16 11:58:33+05:30,3130.3,11,3130.01,1893311,135303.0,206986.0,3163.0,3163.0,3108.0,3134.3,31928200,3447.7,2820.9,3839.9,2896.0,3130.2,2,2,3130.0,23,4,3129.9,46,1,3129.8,41,1,3129.5,28,1,3130.3,369,4,3130.4,7,1,3130.5,4,2,3130.7,200,1,3130.9,79,2
2031,2026-06-16 11:58:34+05:30,3130.3,53,3130.01,1893311,135303.0,206986.0,3163.0,3163.0,3108.0,3134.3,31928200,3447.7,2820.9,3839.9,2896.0,3130.2,2,2,3130.0,23,4,3129.9,46,1,3129.8,41,1,3129.5,28,1,3130.3,369,4,3130.4,7,1,3130.5,4,2,3130.7,200,1,3130.9,79,2
2031,2026-06-16 11:58:34+05:30,3130.2,1,3130.01,1893465,135245.0,206835.0,3163.0,3163.0,3108.0,3134.3,31928200,3447.7,2820.9,3839.9,2896.0,3130.2,2,2,3130.0,6,3,3129.9,46,1,3129.8,41,1,3129.5,28,1,3130.3,216,3,3130.4,7,1,3130.5,4,2,3130.7,200,1,3130.9,79,2
2031,2026-06-16 11:58:35+05:30,3130.3,31,3130.01,1893465,135245.0,206835.0,3163.0,3163.0,3108.0,3134.3,31928200,3447.7,2820.9,3839.9,2896.0,3130.2,2,2,3130.0,6,3,3129.9,46,1,3129.8,41,1,3129.5,28,1,3130.3,216,3,3130.4,7,1,3130.5,4,2,3130.7,200,1,3130.9,79,2
2031,2026-06-16 11:58:35+05:30,3130.3,31,3130.01,1893712,135265.0,206857.0,3163.0,3163.0,3108.0,3134.3,31928200,3447.7,2820.9,3839.9,2896.0,3130.2,21,4,3130.0,6,3,3129.9,46,1,3129.8,41,1,3129.6,28,1,3130.3,241,2,3130.4,7,1,3130.5,4,2,3130.7,200,1,3130.8,21,1
2031,2026-06-16 11:58:36+05:30,3130.0,14,3130.01,1893712,135265.0,206857.0,3163.0,3163.0,3108.0,3134.3,31928200,3447.7,2820.9,3839.9,2896.0,3130.2,21,4,3130.0,6,3,3129.9,46,1,3129.8,41,1,3129.6,28,1,3130.3,241,2,3130.4,7,1,3130.5,4,2,3130.7,200,1,3130.8,21,1
2031,2026-06-16 11:58:36+05:30,3130.0,14,3130.01,1894045,135386.0,207118.0,3163.0,3163.0,3108.0,3134.3,31928200,3447.7,2820.9,3839.9,2896.0,3129.9,46,1,3129.8,41,1,3129.7,28,1,3129.5,24,1,3129.4,28,1,3130.0,86,1,3130.1,181,1,3130.3,441,3,3130.4,7,1,3130.5,4,2
2031,2026-06-16 11:58:37+05:30,3129.8,39,3130.01,1894045,135386.0,207118.0,3163.0,3163.0,3108.0,3134.3,31928200,3447.7,2820.9,3839.9,2896.0,3129.9,46,1,3129.8,41,1,3129.7,28,1,3129.5,24,1,3129.4,28,1,3130.0,86,1,3130.1,181,1,3130.3,441,3,3130.4,7,1,3130.5,4,2
2031,2026-06-16 11:58:37+05:30,3129.8,39,3130.01,1894131,135477.0,207145.0,3163.0,3163.0,3108.0,3134.3,31928200,3447.7,2820.9,3839.9,2896.0,3129.8,3,2,3129.7,28,1,3129.5,24,1,3129.4,28,1,3129.3,58,2,3130.1,181,1,3130.2,75,1,3130.3,441,3,3130.4,7,1,3130.5,4,2
2031,2026-06-16 11:58:38+05:30,3129.8,39,3130.01,1894131,135478.0,207198.0,3163.0,3163.0,3108.0,3134.3,31928200,3447.7,2820.9,3839.9,2896.0,3129.8,3,2,3129.7,28,1,3129.4,28,1,3129.3,58,2,3129.2,256,4,3130.1,181,1,3130.2,75,1,3130.3,441,3,3130.4,7,1,3130.5,4,2
2031,2026-06-16 11:58:39+05:30,3129.8,39,3130.01,1894131,135476.0,207178.0,3163.0,3163.0,3108.0,3134.3,31928200,3447.7,2820.9,3839.9,2896.0,3129.8,8,3,3129.6,28,1,3129.4,38,2,3129.3,77,3,3129.2,256,4,3130.1,181,1,3130.2,75,1,3130.3,441,3,3130.4,7,1,3130.5,4,2
2031,2026-06-16 11:58:40+05:30,3129.6,197,3130.01,1894131,135476.0,207178.0,3163.0,3163.0,3108.0,3134.3,31928200,3447.7,2820.9,3839.9,2896.0,3129.8,8,3,3129.6,28,1,3129.4,38,2,3129.3,77,3,3129.2,256,4,3130.1,181,1,3130.2,75,1,3130.3,441,3,3130.4,7,1,3130.5,4,2
2031,2026-06-16 11:58:40+05:30,3129.6,197,3130.01,1894331,135588.0,206817.0,3163.0,3163.0,3108.0,3134.3,31928200,3447.7,2820.9,3839.9,2896.0,3129.5,15,1,3129.4,62,5,3129.3,104,5,3129.2,266,5,3129.1,109,5,3130.1,248,3,3130.2,75,1,3130.3,441,3,3130.4,7,1,3130.5,4,2
2031,2026-06-16 11:58:41+05:30,3130.1,1,3130.01,1894331,135588.0,206817.0,3163.0,3163.0,3108.0,3134.3,31928200,3447.7,2820.9,3839.9,2896.0,3129.5,15,1,3129.4,62,5,3129.3,104,5,3129.2,266,5,3129.1,109,5,3130.1,248,3,3130.2,75,1,3130.3,441,3,3130.4,7,1,3130.5,4,2
2031,2026-06-16 11:58:41+05:30,3130.1,1,3130.01,1894332,135416.0,206864.0,3163.0,3163.0,3108.0,3134.3,31928200,3447.7,2820.9,3839.9,2896.0,3129.5,15,1,3129.4,62,5,3129.3,104,5,3129.2,150,5,3129.1,81,4,3130.1,263,5,3130.2,75,1,3130.3,441,3,3130.5,4,2,3130.7,200,1
2031,2026-06-16 11:58:42+05:30,3130.1,1,3130.01,1894332,135416.0,206864.0,3163.0,3163.0,3108.0,3134.3,31928200,3447.7,2820.9,3839.9,2896.0,3129.5,15,1,3129.4,62,5,3129.3,104,5,3129.2,150,5,3129.1,81,4,3130.1,263,5,3130.2,75,1,3130.3,441,3,3130.5,4,2,3130.7,200,1
2031,2026-06-16 11:58:42+05:30,3130.1,1,3130.01,1894333,135437.0,206998.0,3163.0,3163.0,3108.0,3134.3,31928200,3447.7,2820.9,3839.9,2896.0,3129.5,15,1,3129.4,62,5,3129.3,121,6,3129.2,100,4,3129.1,81,4,3130.1,343,6,3130.2,75,1,3130.3,441,3,3130.5,4,2,3130.7,249,2
2031,2026-06-16 11:58:43+05:30,3130.1,1,3130.01,1894333,135432.0,207001.0,3163.0,3163.0,3108.0,3134.3,31928200,3447.7,2820.9,3839.9,2896.0,3129.5,15,1,3129.4,62,5,3129.3,121,6,3129.2,100,4,3129.1,81,4,3130.1,343,6,3130.2,75,1,3130.3,441,3,3130.5,7,3,3130.7,249,2
2031,2026-06-16 11:58:44+05:30,3130.1,1,3130.01,1894333,135273.0,207662.0,3163.0,3163.0,3108.0,3134.3,31928200,3447.7,2820.9,3839.9,2896.0,3129.5,25,2,3129.4,54,4,3129.3,104,5,3129.2,100,4,3129.1,81,4,3129.9,179,1,3130.0,70,1,3130.1,164,5,3130.2,75,1,3130.3,441,3
2031,2026-06-16 11:58:45+05:30,3130.1,1,3130.01,1894333,135273.0,207518.0,3163.0,3163.0,3108.0,3134.3,31928200,3447.7,2820.9,3839.9,2896.0,3129.5,25,2,3129.4,54,4,3129.3,104,5,3129.2,100,4,3129.1,81,4,3129.9,281,3,3130.0,70,1,3130.1,58,3,3130.3,369,2,3130.5,7,3
2031,2026-06-16 11:58:46+05:30,3130.1,1,3130.01,1894333,135453.0,207921.0,3163.0,3163.0,3108.0,3134.3,31928200,3447.7,2820.9,3839.9,2896.0,3129.7,2,2,3129.5,18,2,3129.4,59,3,3129.3,65,3,3129.2,100,4,3129.9,315,4,3130.0,70,1,3130.1,58,3,3130.3,369,2,3130.5,7,3
2031,2026-06-16 11:58:47+05:30,3130.1,1,3130.01,1894333,135457.0,207920.0,3163.0,3163.0,3108.0,3134.3,31928200,3447.7,2820.9,3839.9,2896.0,3129.7,19,4,3129.5,28,2,3129.4,31,2,3129.3,65,3,3129.2,100,4,3129.9,315,4,3130.0,70,1,3130.1,58,3,3130.3,369,2,3130.5,7,3
2031,2026-06-16 11:58:48+05:30,3129.9,1,3130.01,1894333,135457.0,207920.0,3163.0,3163.0,3108.0,3134.3,31928200,3447.7,2820.9,3839.9,2896.0,3129.7,19,4,3129.5,28,2,3129.4,31,2,3129.3,65,3,3129.2,100,4,3129.9,315,4,3130.0,70,1,3130.1,58,3,3130.3,369,2,3130.5,7,3
2031,2026-06-16 11:58:48+05:30,3129.9,1,3130.01,1894335,135431.0,207949.0,3163.0,3163.0,3108.0,3134.3,31928200,3447.7,2820.9,3839.9,2896.0,3129.7,19,4,3129.5,28,2,3129.4,14,1,3129.3,65,3,3129.2,72,3,3129.9,313,4,3130.0,70,1,3130.1,58,3,3130.3,369,2,3130.5,7,3
2031,2026-06-16 11:58:49+05:30,3129.5,13,3130.01,1894335,135431.0,207949.0,3163.0,3163.0,3108.0,3134.3,31928200,3447.7,2820.9,3839.9,2896.0,3129.7,19,4,3129.5,28,2,3129.4,14,1,3129.3,65,3,3129.2,72,3,3129.9,313,4,3130.0,70,1,3130.1,58,3,3130.3,369,2,3130.5,7,3
2031,2026-06-16 11:58:49+05:30,3129.5,13,3130.01,1894669,134978.0,207193.0,3163.0,3163.0,3108.0,3134.3,31928200,3447.7,2820.9,3839.9,2896.0,3129.5,15,1,3129.4,70,5,3129.3,41,2,3129.2,81,3,3129.1,71,4,3129.6,43,1,3129.9,136,3,3130.0,70,1,3130.1,58,3,3130.3,369,2
2031,2026-06-16 11:58:50+05:30,3129.5,3,3130.01,1894669,134978.0,207193.0,3163.0,3163.0,3108.0,3134.3,31928200,3447.7,2820.9,3839.9,2896.0,3129.5,15,1,3129.4,70,5,3129.3,41,2,3129.2,81,3,3129.1,71,4,3129.6,43,1,3129.9,136,3,3130.0,70,1,3130.1,58,3,3130.3,369,2
2031,2026-06-16 11:58:50+05:30,3129.5,3,3130.01,1894711,134840.0,207096.0,3163.0,3163.0,3108.0,3134.3,31928200,3447.7,2820.9,3839.9,2896.0,3129.4,14,1,3129.3,67,4,3129.2,10,1,3129.1,39,3,3129.0,661,6,3129.6,68,2,3129.9,111,2,3130.0,70,1,3130.1,16,2,3130.3,200,1
2031,2026-06-16 11:58:50+05:30,3129.5,3,3130.01,1894711,134840.0,207096.0,3163.0,3163.0,3108.0,3134.3,31928200,3447.7,2820.9,3839.9,2896.0,3129.4,14,1,3129.3,67,4,3129.2,10,1,3129.1,39,3,3129.0,661,6,3129.6,68,2,3129.9,111,2,3130.0,70,1,3130.1,16,2,3130.3,200,1
2031,2026-06-16 11:58:51+05:30,3129.4,1,3130.01,1894711,134840.0,207096.0,3163.0,3163.0,3108.0,3134.3,31928200,3447.7,2820.9,3839.9,2896.0,3129.4,14,1,3129.3,67,4,3129.2,10,1,3129.1,39,3,3129.0,661,6,3129.6,68,2,3129.9,111,2,3130.0,70,1,3130.1,16,2,3130.3,200,1
2031,2026-06-16 11:58:51+05:30,3129.4,1,3130.01,1894713,134771.0,207134.0,3163.0,3163.0,3108.0,3134.3,31928200,3447.7,2820.9,3839.9,2896.0,3129.4,20,3,3129.3,21,2,3129.2,38,2,3129.1,39,3,3129.0,661,6,3129.6,67,2,3129.9,111,2,3130.0,70,1,3130.1,16,2,3130.5,373,4
2031,2026-06-16 11:58:52+05:30,3129.4,42,3130.01,1894713,134771.0,207134.0,3163.0,3163.0,3108.0,3134.3,31928200,3447.7,2820.9,3839.9,2896.0,3129.4,20,3,3129.3,21,2,3129.2,38,2,3129.1,39,3,3129.0,661,6,3129.6,67,2,3129.9,111,2,3130.0,70,1,3130.1,16,2,3130.5,373,4
2031,2026-06-16 11:58:52+05:30,3129.4,42,3130.01,1894942,134584.0,207236.0,3163.0,3163.0,3108.0,3134.3,31928200,3447.7,2820.9,3839.9,2896.0,3129.2,2,1,3129.1,59,4,3129.0,572,5,3128.9,19,3,3128.8,62,4,3129.5,3,1,3129.6,25,1,3129.9,34,1,3130.0,70,1,3130.1,16,2
2031,2026-06-16 11:58:52+05:30,3129.4,42,3130.01,1894942,134584.0,207236.0,3163.0,3163.0,3108.0,3134.3,31928200,3447.7,2820.9,3839.9,2896.0,3129.2,2,1,3129.1,59,4,3129.0,572,5,3128.9,19,3,3128.8,62,4,3129.5,3,1,3129.6,25,1,3129.9,34,1,3130.0,70,1,3130.1,16,2
2031,2026-06-16 11:58:53+05:30,3129.5,1,3130.01,1894942,134584.0,207236.0,3163.0,3163.0,3108.0,3134.3,31928200,3447.7,2820.9,3839.9,2896.0,3129.2,2,1,3129.1,59,4,3129.0,572,5,3128.9,19,3,3128.8,62,4,3129.5,3,1,3129.6,25,1,3129.9,34,1,3130.0,70,1,3130.1,16,2
2031,2026-06-16 11:58:53+05:30,3129.5,1,3130.01,1894943,134537.0,207145.0,3163.0,3163.0,3108.0,3134.3,31928200,3447.7,2820.9,3839.9,2896.0,3129.2,11,4,3129.1,13,2,3129.0,600,6,3128.9,53,4,3128.8,86,5,3129.5,2,1,3129.6,25,1,3129.9,34,1,3130.0,70,1,3130.1,16,2
2031,2026-06-16 11:58:54+05:30,3129.1,1,3130.01,1894943,134537.0,207145.0,3163.0,3163.0,3108.0,3134.3,31928200,3447.7,2820.9,3839.9,2896.0,3129.2,11,4,3129.1,13,2,3129.0,600,6,3128.9,53,4,3128.8,86,5,3129.5,2,1,3129.6,25,1,3129.9,34,1,3130.0,70,1,3130.1,16,2
2031,2026-06-16 11:58:54+05:30,3129.1,1,3130.01,1894978,133186.0,208120.0,3163.0,3163.0,3108.0,3134.3,31928200,3447.7,2820.9,3839.9,2896.0,3129.0,544,3,3128.9,2,2,3128.8,24,2,3128.6,69,3,3128.4,158,6,3129.1,165,1,3129.5,19,2,3129.9,34,1,3130.0,70,1,3130.1,117,4
2031,2026-06-16 11:58:54+05:30,3129.1,1,3130.01,1894978,133186.0,208120.0,3163.0,3163.0,3108.0,3134.3,31928200,3447.7,2820.9,3839.9,2896.0,3129.0,544,3,3128.9,2,2,3128.8,24,2,3128.6,69,3,3128.4,158,6,3129.1,165,1,3129.5,19,2,3129.9,34,1,3130.0,70,1,3130.1,117,4
2031,2026-06-16 11:58:55+05:30,3129.1,1,3130.01,1894979,133296.0,208094.0,3163.0,3163.0,3108.0,3134.3,31928200,3447.7,2820.9,3839.9,2896.0,3129.0,624,6,3128.9,17,3,3128.8,36,3,3128.6,64,3,3128.5,40,2,3129.1,235,3,3129.5,19,2,3129.9,34,1,3130.0,70,1,3130.1,104,4
2031,2026-06-16 11:58:55+05:30,3129.1,1,3130.01,1894979,133296.0,208094.0,3163.0,3163.0,3108.0,3134.3,31928200,3447.7,2820.9,3839.9,2896.0,3129.0,624,6,3128.9,17,3,3128.8,36,3,3128.6,64,3,3128.5,40,2,3129.1,235,3,3129.5,19,2,3129.9,34,1,3130.0,70,1,3130.1,104,4
2031,2026-06-16 11:58:56+05:30,3129.1,5,3130.01,1895224,134623.0,207359.0,3163.0,3163.0,3108.0,3134.3,31928200,3447.7,2820.9,3839.9,2896.0,3129.1,3,1,3129.0,643,7,3128.9,22,4,3128.8,133,5,3128.7,90,3,3129.5,19,2,3129.9,34,1,3130.0,70,1,3130.1,16,2,3130.4,393,4
2031,2026-06-16 11:58:56+05:30,3129.1,5,3130.01,1895224,134623.0,207359.0,3163.0,3163.0,3108.0,3134.3,31928200,3447.7,2820.9,3839.9,2896.0,3129.1,3,1,3129.0,643,7,3128.9,22,4,3128.8,133,5,3128.7,90,3,3129.5,19,2,3129.9,34,1,3130.0,70,1,3130.1,16,2,3130.4,393,4
2031,2026-06-16 11:58:56+05:30,3129.1,5,3130.01,1895224,134623.0,207359.0,3163.0,3163.0,3108.0,3134.3,31928200,3447.7,2820.9,3839.9,2896.0,3129.1,3,1,3129.0,643,7,3128.9,22,4,3128.8,133,5,3128.7,90,3,3129.5,19,2,3129.9,34,1,3130.0,70,1,3130.1,16,2,3130.4,393,4
2031,2026-06-16 11:58:57+05:30,3129.1,5,3130.01,1895224,134472.0,207643.0,3163.0,3163.0,3108.0,3134.3,31928200,3447.7,2820.9,3839.9,2896.0,3129.1,4,2,3129.0,614,5,3128.9,17,3,3128.8,80,5,3128.7,132,2,3129.5,73,5,3130.0,70,1,3130.1,16,2,3130.3,49,1,3130.4,447,5
2031,2026-06-16 11:58:58+05:30,3129.5,1,3130.01,1895225,134492.0,207654.0,3163.0,3163.0,3108.0,3134.3,31928200,3447.7,2820.9,3839.9,2896.0,3129.2,15,1,3129.1,4,2,3129.0,664,7,3128.9,21,3,3128.8,135,5,3129.5,72,5,3130.0,70,1,3130.1,16,2,3130.3,49,1,3130.4,447,5
2031,2026-06-16 11:58:58+05:30,3129.5,1,3130.01,1895225,134492.0,207654.0,3163.0,3163.0,3108.0,3134.3,31928200,3447.7,2820.9,3839.9,2896.0,3129.2,15,1,3129.1,4,2,3129.0,664,7,3128.9,21,3,3128.8,135,5,3129.5,72,5,3130.0,70,1,3130.1,16,2,3130.3,49,1,3130.4,447,5
2031,2026-06-16 11:58:58+05:30,3129.5,1,3130.01,1895225,134492.0,207654.0,3163.0,3163.0,3108.0,3134.3,31928200,3447.7,2820.9,3839.9,2896.0,3129.2,15,1,3129.1,4,2,3129.0,664,7,3128.9,21,3,3128.8,135,5,3129.5,72,5,3130.0,70,1,3130.1,16,2,3130.3,49,1,3130.4,447,5
2031,2026-06-16 11:58:59+05:30,3129.5,1,3130.01,1895225,134502.0,207807.0,3163.0,3163.0,3108.0,3134.3,31928200,3447.7,2820.9,3839.9,2896.0,3129.3,18,1,3129.2,8,2,3129.1,4,2,3129.0,676,8,3128.9,21,3,3129.5,72,5,3130.0,70,1,3130.1,16,2,3130.3,49,1,3130.4,447,5
2031,2026-06-16 11:58:59+05:30,3129.5,1,3130.01,1895225,134502.0,207807.0,3163.0,3163.0,3108.0,3134.3,31928200,3447.7,2820.9,3839.9,2896.0,3129.3,18,1,3129.2,8,2,3129.1,4,2,3129.0,676,8,3128.9,21,3,3129.5,72,5,3130.0,70,1,3130.1,16,2,3130.3,49,1,3130.4,447,5
2031,2026-06-16 11:59:00+05:30,3129.5,10,3130.01,1895297,134903.0,207795.0,3163.0,3163.0,3108.0,3134.3,31928200,3447.7,2820.9,3839.9,2896.0,3129.5,66,6,3129.3,17,1,3129.2,72,4,3129.1,32,3,3129.0,763,9,3130.0,71,2,3130.1,16,2,3130.5,373,4,3130.6,21,1,3130.8,21,1
2031,2026-06-16 11:59:00+05:30,3129.5,10,3130.01,1895297,134903.0,207795.0,3163.0,3163.0,3108.0,3134.3,31928200,3447.7,2820.9,3839.9,2896.0,3129.5,66,6,3129.3,17,1,3129.2,72,4,3129.1,32,3,3129.0,763,9,3130.0,71,2,3130.1,16,2,3130.5,373,4,3130.6,21,1,3130.8,21,1
2031,2026-06-16 11:59:01+05:30,3130.0,1,3130.01,1895298,135324.0,207911.0,3163.0,3163.0,3108.0,3134.3,31928200,3447.7,2820.9,3839.9,2896.0,3129.8,2,2,3129.6,27,1,3129.5,59,6,3129.4,24,1,3129.3,17,1,3130.0,70,2,3130.1,16,2,3130.5,373,4,3130.8,21,1,3130.9,254,2
2031,2026-06-16 11:59:01+05:30,3130.0,1,3130.01,1895298,135324.0,207911.0,3163.0,3163.0,3108.0,3134.3,31928200,3447.7,2820.9,3839.9,2896.0,3129.8,2,2,3129.6,27,1,3129.5,59,6,3129.4,24,1,3129.3,17,1,3130.0,70,2,3130.1,16,2,3130.5,373,4,3130.8,21,1,3130.9,254,2
2031,2026-06-16 11:59:01+05:30,3130.0,1,3130.01,1895298,135324.0,207911.0,3163.0,3163.0,3108.0,3134.3,31928200,3447.7,2820.9,3839.9,2896.0,3129.8,2,2,3129.6,27,1,3129.5,59,6,3129.4,24,1,3129.3,17,1,3130.0,70,2,3130.1,16,2,3130.5,373,4,3130.8,21,1,3130.9,254,2
2031,2026-06-16 11:59:02+05:30,3130.0,1,3130.01,1895298,135324.0,207911.0,3163.0,3163.0,3108.0,3134.3,31928200,3447.7,2820.9,3839.9,2896.0,3129.8,2,2,3129.6,27,1,3129.5,59,6,3129.4,24,1,3129.3,17,1,3130.0,70,2,3130.1,16,2,3130.5,373,4,3130.8,21,1,3130.9,254,2
2031,2026-06-16 11:59:02+05:30,3130.0,1,3130.01,1895298,135348.0,207906.0,3163.0,3163.0,3108.0,3134.3,31928200,3447.7,2820.9,3839.9,2896.0,3129.8,20,4,3129.5,35,4,3129.3,45,2,3129.2,48,3,3129.1,164,5,3130.0,70,2,3130.1,16,2,3130.5,373,4,3130.8,21,1,3130.9,275,3
2031,2026-06-16 11:59:02+05:30,3130.0,1,3130.01,1895298,135348.0,207906.0,3163.0,3163.0,3108.0,3134.3,31928200,3447.7,2820.9,3839.9,2896.0,3129.8,20,4,3129.5,35,4,3129.3,45,2,3129.2,48,3,3129.1,164,5,3130.0,70,2,3130.1,16,2,3130.5,373,4,3130.8,21,1,3130.9,275,3
2031,2026-06-16 11:59:03+05:30,3130.0,1,3130.01,1895298,135348.0,207906.0,3163.0,3163.0,3108.0,3134.3,31928200,3447.7,2820.9,3839.9,2896.0,3129.8,20,4,3129.5,35,4,3129.3,45,2,3129.2,48,3,3129.1,164,5,3130.0,70,2,3130.1,16,2,3130.5,373,4,3130.8,21,1,3130.9,275,3
2031,2026-06-16 11:59:03+05:30,3130.0,1,3130.01,1895368,135365.0,208181.0,3163.0,3163.0,3108.0,3134.3,31928200,3447.7,2820.9,3839.9,2896.0,3130.0,24,2,3129.8,3,3,3129.5,62,5,3129.3,17,1,3129.2,29,2,3130.1,16,2,3130.5,373,4,3130.9,275,3,3131.0,70,4,3131.1,121,2
2031,2026-06-16 11:59:03+05:30,3130.0,1,3130.01,1895368,135365.0,208181.0,3163.0,3163.0,3108.0,3134.3,31928200,3447.7,2820.9,3839.9,2896.0,3130.0,24,2,3129.8,3,3,3129.5,62,5,3129.3,17,1,3129.2,29,2,3130.1,16,2,3130.5,373,4,3130.9,275,3,3131.0,70,4,3131.1,121,2
2031,2026-06-16 11:59:03+05:30,3130.0,1,3130.01,1895368,135365.0,208181.0,3163.0,3163.0,3108.0,3134.3,31928200,3447.7,2820.9,3839.9,2896.0,3130.0,24,2,3129.8,3,3,3129.5,62,5,3129.3,17,1,3129.2,29,2,3130.1,16,2,3130.5,373,4,3130.9,275,3,3131.0,70,4,3131.1,121,2
2031,2026-06-16 11:59:04+05:30,3130.1,4,3130.01,1895388,135504.0,206906.0,3163.0,3163.0,3108.0,3134.3,31928200,3447.7,2820.9,3839.9,2896.0,3130.1,17,1,3130.0,2,1,3129.8,3,3,3129.5,35,4,3129.3,17,1,3130.5,373,4,3130.7,26,1,3130.9,309,4,3131.0,111,5,3131.1,121,2
2031,2026-06-16 11:59:04+05:30,3130.1,4,3130.01,1895388,135504.0,206906.0,3163.0,3163.0,3108.0,3134.3,31928200,3447.7,2820.9,3839.9,2896.0,3130.1,17,1,3130.0,2,1,3129.8,3,3,3129.5,35,4,3129.3,17,1,3130.5,373,4,3130.7,26,1,3130.9,309,4,3131.0,111,5,3131.1,121,2
2031,2026-06-16 11:59:04+05:30,3130.1,4,3130.01,1895388,135504.0,206906.0,3163.0,3163.0,3108.0,3134.3,31928200,3447.7,2820.9,3839.9,2896.0,3130.1,17,1,3130.0,2,1,3129.8,3,3,3129.5,35,4,3129.3,17,1,3130.5,373,4,3130.7,26,1,3130.9,309,4,3131.0,111,5,3131.1,121,2
2031,2026-06-16 11:59:05+05:30,3130.1,4,3130.01,1895388,135583.0,207092.0,3163.0,3163.0,3108.0,3134.3,31928200,3447.7,2820.9,3839.9,2896.0,3130.2,18,1,3130.1,1,1,3130.0,2,1,3129.8,3,3,3129.5,35,4,3130.5,373,4,3130.9,309,4,3131.0,90,4,3131.1,93,2,3131.2,85,4
2031,2026-06-16 11:59:05+05:30,3130.1,4,3130.01,1895388,135583.0,207092.0,3163.0,3163.0,3108.0,3134.3,31928200,3447.7,2820.9,3839.9,2896.0,3130.2,18,1,3130.1,1,1,3130.0,2,1,3129.8,3,3,3129.5,35,4,3130.5,373,4,3130.9,309,4,3131.0,90,4,3131.1,93,2,3131.2,85,4
2031,2026-06-16 11:59:06+05:30,3130.1,4,3130.01,1895388,135583.0,207092.0,3163.0,3163.0,3108.0,3134.3,31928200,3447.7,2820.9,3839.9,2896.0,3130.2,18,1,3130.1,1,1,3130.0,2,1,3129.8,3,3,3129.5,35,4,3130.5,373,4,3130.9,309,4,3131.0,90,4,3131.1,93,2,3131.2,85,4
2031,2026-06-16 11:59:06+05:30,3130.5,156,3130.01,1895548,135507.0,206803.0,3163.0,3163.0,3108.0,3134.3,31928200,3447.7,2820.9,3839.9,2896.0,3130.3,2,2,3130.2,1,1,3130.1,1,1,3130.0,2,1,3129.8,17,2,3130.5,280,4,3130.6,5,1,3130.7,17,1,3130.9,328,5,3131.0,71,3
2031,2026-06-16 11:59:06+05:30,3130.5,156,3130.01,1895548,135507.0,206803.0,3163.0,3163.0,3108.0,3134.3,31928200,3447.7,2820.9,3839.9,2896.0,3130.3,2,2,3130.2,1,1,3130.1,1,1,3130.0,2,1,3129.8,17,2,3130.5,280,4,3130.6,5,1,3130.7,17,1,3130.9,328,5,3131.0,71,3
2031,2026-06-16 11:59:06+05:30,3130.5,156,3130.01,1895548,135507.0,206803.0,3163.0,3163.0,3108.0,3134.3,31928200,3447.7,2820.9,3839.9,2896.0,3130.3,2,2,3130.2,1,1,3130.1,1,1,3130.0,2,1,3129.8,17,2,3130.5,280,4,3130.6,5,1,3130.7,17,1,3130.9,328,5,3131.0,71,3
2031,2026-06-16 11:59:07+05:30,3130.5,1,3130.01,1896029,135517.0,206318.0,3163.0,3163.0,3108.0,3134.3,31928200,3447.7,2820.9,3839.9,2896.0,3129.5,2,1,3129.2,3,2,3129.1,296,5,3129.0,728,7,3128.9,79,5,3130.5,280,5,3130.6,5,1,3130.8,49,1,3130.9,275,3,3131.0,52,3
2031,2026-06-16 11:59:07+05:30,3130.5,1,3130.01,1896029,135517.0,206318.0,3163.0,3163.0,3108.0,3134.3,31928200,3447.7,2820.9,3839.9,2896.0,3129.5,2,1,3129.2,3,2,3129.1,296,5,3129.0,728,7,3128.9,79,5,3130.5,280,5,3130.6,5,1,3130.8,49,1,3130.9,275,3,3131.0,52,3
2031,2026-06-16 11:59:07+05:30,3130.5,1,3130.01,1896029,135517.0,206318.0,3163.0,3163.0,3108.0,3134.3,31928200,3447.7,2820.9,3839.9,2896.0,3129.5,2,1,3129.2,3,2,3129.1,296,5,3129.0,728,7,3128.9,79,5,3130.5,280,5,3130.6,5,1,3130.8,49,1,3130.9,275,3,3131.0,52,3
2031,2026-06-16 11:59:08+05:30,3130.5,1,3130.01,1896029,135166.0,206412.0,3163.0,3163.0,3108.0,3134.3,31928200,3447.7,2820.9,3839.9,2896.0,3129.5,2,1,3129.2,25,3,3129.1,237,5,3129.0,806,8,3128.9,76,4,3130.5,284,6,3130.6,5,1,3130.8,49,1,3130.9,273,3,3131.0,73,4
2031,2026-06-16 11:59:08+05:30,3130.5,1,3130.01,1896029,135166.0,206412.0,3163.0,3163.0,3108.0,3134.3,31928200,3447.7,2820.9,3839.9,2896.0,3129.5,2,1,3129.2,25,3,3129.1,237,5,3129.0,806,8,3128.9,76,4,3130.5,284,6,3130.6,5,1,3130.8,49,1,3130.9,273,3,3131.0,73,4
2031,2026-06-16 11:59:09+05:30,3130.5,1,3130.01,1896132,134991.0,206377.0,3163.0,3163.0,3108.0,3134.3,31928200,3447.7,2820.9,3839.9,2896.0,3129.5,8,1,3129.1,51,3,3129.0,801,8,3128.9,76,4,3128.8,87,6,3130.5,330,7,3130.6,5,1,3130.8,42,2,3130.9,273,3,3131.0,52,3
2031,2026-06-16 11:59:09+05:30,3130.5,1,3130.01,1896132,134991.0,206377.0,3163.0,3163.0,3108.0,3134.3,31928200,3447.7,2820.9,3839.9,2896.0,3129.5,8,1,3129.1,51,3,3129.0,801,8,3128.9,76,4,3128.8,87,6,3130.5,330,7,3130.6,5,1,3130.8,42,2,3130.9,273,3,3131.0,52,3
2031,2026-06-16 11:59:09+05:30,3130.5,1,3130.01,1896132,134991.0,206377.0,3163.0,3163.0,3108.0,3134.3,31929000,3447.7,2820.9,3839.9,2896.0,3129.5,8,1,3129.1,51,3,3129.0,801,8,3128.9,76,4,3128.8,87,6,3130.5,330,7,3130.6,5,1,3130.8,42,2,3130.9,273,3,3131.0,52,3
2031,2026-06-16 11:59:10+05:30,3129.1,156,3130.01,1896332,134211.0,206364.0,3163.0,3163.0,3108.0,3134.3,31929000,3447.7,2820.9,3839.9,2896.0,3129.3,74,3,3129.2,8,1,3129.1,47,4,3129.0,822,10,3128.9,243,5,3130.5,302,6,3130.6,5,1,3130.8,21,1,3130.9,367,4,3131.0,92,5
2031,2026-06-16 11:59:10+05:30,3129.1,156,3130.01,1896332,134211.0,206364.0,3163.0,3163.0,3108.0,3134.3,31929000,3447.7,2820.9,3839.9,2896.0,3129.3,74,3,3129.2,8,1,3129.1,47,4,3129.0,822,10,3128.9,243,5,3130.5,302,6,3130.6,5,1,3130.8,21,1,3130.9,367,4,3131.0,92,5
2031,2026-06-16 11:59:11+05:30,3129.1,156,3130.01,1896332,134429.0,207102.0,3163.0,3163.0,3108.0,3134.3,31929000,3447.7,2820.9,3839.9,2896.0,3129.5,4,1,3129.3,41,1,3129.2,8,1,3129.1,3,1,3129.0,687,6,3130.4,243,4,3130.5,219,7,3130.6,110,4,3130.7,70,2,3130.8,282,4
2031,2026-06-16 11:59:12+05:30,3130.4,5,3130.01,1896337,134621.0,207146.0,3163.0,3163.0,3108.0,3134.3,31929000,3447.7,2820.9,3839.9,2896.0,3129.5,4,1,3129.3,54,2,3129.2,8,1,3129.1,16,3,3129.0,705,7,3130.4,338,6,3130.5,152,5,3130.6,110,4,3130.7,70,2,3130.8,282,4
2031,2026-06-16 11:59:12+05:30,3130.4,5,3130.01,1896337,134621.0,207146.0,3163.0,3163.0,3108.0,3134.3,31929000,3447.7,2820.9,3839.9,2896.0,3129.5,4,1,3129.3,54,2,3129.2,8,1,3129.1,16,3,3129.0,705,7,3130.4,338,6,3130.5,152,5,3130.6,110,4,3130.7,70,2,3130.8,282,4
2031,2026-06-16 11:59:13+05:30,3130.4,5,3130.01,1896337,135246.0,207444.0,3163.0,3163.0,3108.0,3134.3,31929000,3447.7,2820.9,3839.9,2896.0,3129.9,4,1,3129.5,42,1,3129.3,54,2,3129.2,8,1,3129.1,44,4,3130.2,1,1,3130.3,1,1,3130.4,349,5,3130.5,76,3,3130.6,5,1
2031,2026-06-16 11:59:14+05:30,3130.3,1,3130.01,1896337,135246.0,207444.0,3163.0,3163.0,3108.0,3134.3,31929000,3447.7,2820.9,3839.9,2896.0,3129.9,4,1,3129.5,42,1,3129.3,54,2,3129.2,8,1,3129.1,44,4,3130.2,1,1,3130.3,1,1,3130.4,349,5,3130.5,76,3,3130.6,5,1
2031,2026-06-16 11:59:14+05:30,3130.3,1,3130.01,1896339,135274.0,207271.0,3163.0,3163.0,3108.0,3134.3,31929000,3447.7,2820.9,3839.9,2896.0,3129.9,4,1,3129.5,63,3,3129.3,54,2,3129.2,8,1,3129.1,122,5,3130.4,139,3,3130.5,276,4,3130.6,5,1,3130.8,42,1,3130.9,275,3
2031,2026-06-16 11:59:15+05:30,3129.7,45,3130.01,1896391,135295.0,206965.0,3163.0,3163.0,3108.0,3134.3,31929000,3447.7,2820.9,3839.9,2896.0,3129.7,15,1,3129.5,46,2,3129.3,64,2,3129.2,36,2,3129.1,65,4,3130.4,101,3,3130.5,276,4,3130.6,5,1,3130.7,54,1,3130.9,324,4
2031,2026-06-16 11:59:15+05:30,3129.7,45,3130.01,1896391,135295.0,206965.0,3163.0,3163.0,3108.0,3134.3,31929000,3447.7,2820.9,3839.9,2896.0,3129.7,15,1,3129.5,46,2,3129.3,64,2,3129.2,36,2,3129.1,65,4,3130.4,101,3,3130.5,276,4,3130.6,5,1,3130.7,54,1,3130.9,324,4
2031,2026-06-16 11:59:16+05:30,3129.7,45,3130.01,1896391,135378.0,207477.0,3163.0,3163.0,3108.0,3134.3,31929000,3447.7,2820.9,3839.9,2896.0,3130.1,2,2,3130.0,1,1,3129.7,56,3,3129.5,46,2,3129.4,5,1,3130.4,110,4,3130.5,276,4,3130.6,5,1,3130.9,275,3,3131.0,93,4
2031,2026-06-16 11:59:17+05:30,3129.7,45,3130.01,1896391,135516.0,207430.0,3163.0,3163.0,3108.0,3134.3,31929000,3447.7,2820.9,3839.9,2896.0,3130.1,44,3,3130.0,1,1,3129.7,56,3,3129.5,20,2,3129.3,70,3,3130.4,111,5,3130.5,276,4,3130.6,5,1,3130.9,254,2,3131.0,93,4
2031,2026-06-16 11:59:18+05:30,3129.7,45,3130.01,1896391,135516.0,207430.0,3163.0,3163.0,3108.0,3134.3,31929000,3447.7,2820.9,3839.9,2896.0,3130.1,44,3,3130.0,1,1,3129.7,56,3,3129.5,20,2,3129.3,70,3,3130.4,111,5,3130.5,276,4,3130.6,5,1,3130.9,254,2,3131.0,93,4
2031,2026-06-16 11:59:20+05:30,3130.4,1,3130.01,1896391,135516.0,207430.0,3163.0,3163.0,3108.0,3134.3,31929000,3447.7,2820.9,3839.9,2896.0,3130.1,44,3,3130.0,1,1,3129.7,56,3,3129.5,20,2,3129.3,70,3,3130.4,111,5,3130.5,276,4,3130.6,5,1,3130.9,254,2,3131.0,93,4
2031,2026-06-16 11:59:22+05:30,3130.4,11,3130.01,1896391,135516.0,207430.0,3163.0,3163.0,3108.0,3134.3,31929000,3447.7,2820.9,3839.9,2896.0,3130.1,44,3,3130.0,1,1,3129.7,56,3,3129.5,20,2,3129.3,70,3,3130.4,111,5,3130.5,276,4,3130.6,5,1,3130.9,254,2,3131.0,93,4
2031,2026-06-16 11:59:22+05:30,3130.4,11,3130.01,1896546,135749.0,206890.0,3163.0,3163.0,3108.0,3134.3,31929000,3447.7,2820.9,3839.9,2896.0,3130.2,19,3,3130.1,42,1,3130.0,1,1,3129.7,41,2,3129.5,26,2,3130.4,80,2,3130.5,776,5,3130.6,5,1,3130.9,221,2,3131.0,93,4
2031,2026-06-16 11:59:24+05:30,3130.4,2,3130.01,1896546,135749.0,206890.0,3163.0,3163.0,3108.0,3134.3,31929000,3447.7,2820.9,3839.9,2896.0,3130.2,19,3,3130.1,42,1,3130.0,1,1,3129.7,41,2,3129.5,26,2,3130.4,80,2,3130.5,776,5,3130.6,5,1,3130.9,221,2,3131.0,93,4
2031,2026-06-16 11:59:26+05:30,3130.4,3,3130.01,1896546,135749.0,206890.0,3163.0,3163.0,3108.0,3134.3,31929000,3447.7,2820.9,3839.9,2896.0,3130.2,19,3,3130.1,42,1,3130.0,1,1,3129.7,41,2,3129.5,26,2,3130.4,80,2,3130.5,776,5,3130.6,5,1,3130.9,221,2,3131.0,93,4
2031,2026-06-16 11:59:28+05:30,3130.4,1,3130.01,1896816,136044.0,207003.0,3163.0,3163.0,3108.0,3134.3,31929000,3447.7,2820.9,3839.9,2896.0,3130.2,16,1,3130.1,43,2,3130.0,1,1,3129.7,40,1,3129.5,50,3,3130.4,9,2,3130.5,776,5,3130.6,5,1,3130.9,221,2,3131.0,30,2
2031,2026-06-16 11:59:28+05:30,3130.4,1,3130.01,1896816,136044.0,207003.0,3163.0,3163.0,3108.0,3134.3,31929000,3447.7,2820.9,3839.9,2896.0,3130.2,16,1,3130.1,43,2,3130.0,1,1,3129.7,40,1,3129.5,50,3,3130.4,9,2,3130.5,776,5,3130.6,5,1,3130.9,221,2,3131.0,30,2
2031,2026-06-16 11:59:30+05:30,3130.4,1,3130.01,1896816,136044.0,207003.0,3163.0,3163.0,3108.0,3134.3,31929000,3447.7,2820.9,3839.9,2896.0,3130.2,16,1,3130.1,43,2,3130.0,1,1,3129.7,40,1,3129.5,50,3,3130.4,9,2,3130.5,776,5,3130.6,5,1,3130.9,221,2,3131.0,30,2
2031,2026-06-16 11:59:32+05:30,3130.1,36,3130.01,1896816,136044.0,207003.0,3163.0,3163.0,3108.0,3134.3,31929000,3447.7,2820.9,3839.9,2896.0,3130.2,16,1,3130.1,43,2,3130.0,1,1,3129.7,40,1,3129.5,50,3,3130.4,9,2,3130.5,776,5,3130.6,5,1,3130.9,221,2,3131.0,30,2
2031,2026-06-16 11:59:32+05:30,3130.1,36,3130.01,1897019,135848.0,207053.0,3163.0,3163.0,3108.0,3134.3,31929000,3447.7,2820.9,3839.9,2896.0,3130.3,1,1,3130.2,17,1,3130.1,2,1,3130.0,5,2,3129.7,40,1,3130.4,41,4,3130.5,776,5,3130.6,5,1,3130.9,221,2,3131.0,105,4
2031,2026-06-16 11:59:34+05:30,3130.1,5,3130.01,1897019,135848.0,207053.0,3163.0,3163.0,3108.0,3134.3,31929000,3447.7,2820.9,3839.9,2896.0,3130.3,1,1,3130.2,17,1,3130.1,2,1,3130.0,5,2,3129.7,40,1,3130.4,41,4,3130.5,776,5,3130.6,5,1,3130.9,221,2,3131.0,105,4
2031,2026-06-16 11:59:36+05:30,3130.1,1,3130.01,1897019,135848.0,207053.0,3163.0,3163.0,3108.0,3134.3,31929000,3447.7,2820.9,3839.9,2896.0,3130.3,1,1,3130.2,17,1,3130.1,2,1,3130.0,5,2,3129.7,40,1,3130.4,41,4,3130.5,776,5,3130.6,5,1,3130.9,221,2,3131.0,105,4
2031,2026-06-16 11:59:38+05:30,3130.0,1,3130.01,1897204,135241.0,207489.0,3163.0,3163.0,3108.0,3134.3,31929000,3447.7,2820.9,3839.9,2896.0,3130.0,4,1,3129.5,4,1,3129.2,50,2,3129.1,227,3,3129.0,754,7,3130.1,91,2,3130.2,62,2,3130.4,1,1,3130.5,748,8,3130.7,143,4
2031,2026-06-16 11:59:38+05:30,3130.0,1,3130.01,1897204,135241.0,207489.0,3163.0,3163.0,3108.0,3134.3,31929000,3447.7,2820.9,3839.9,2896.0,3130.0,4,1,3129.5,4,1,3129.2,50,2,3129.1,227,3,3129.0,754,7,3130.1,91,2,3130.2,62,2,3130.4,1,1,3130.5,748,8,3130.7,143,4
2031,2026-06-16 11:59:40+05:30,3130.1,26,3130.01,1897204,135241.0,207489.0,3163.0,3163.0,3108.0,3134.3,31929000,3447.7,2820.9,3839.9,2896.0,3130.0,4,1,3129.5,4,1,3129.2,50,2,3129.1,227,3,3129.0,754,7,3130.1,91,2,3130.2,62,2,3130.4,1,1,3130.5,748,8,3130.7,143,4
2031,2026-06-16 11:59:42+05:30,3130.1,7,3130.01,1897204,135241.0,207489.0,3163.0,3163.0,3108.0,3134.3,31929000,3447.7,2820.9,3839.9,2896.0,3130.0,4,1,3129.5,4,1,3129.2,50,2,3129.1,227,3,3129.0,754,7,3130.1,91,2,3130.2,62,2,3130.4,1,1,3130.5,748,8,3130.7,143,4
2031,2026-06-16 11:59:42+05:30,3130.1,7,3130.01,1897380,136110.0,207249.0,3163.0,3163.0,3108.0,3134.3,31929000,3447.7,2820.9,3839.9,2896.0,3130.1,40,2,3130.0,18,3,3129.8,27,1,3129.6,79,4,3129.4,118,4,3130.2,60,2,3130.4,1,1,3130.5,713,5,3130.9,200,1,3131.0,105,4
2031,2026-06-16 11:59:44+05:30,3130.0,8,3130.01,1897380,136110.0,207249.0,3163.0,3163.0,3108.0,3134.3,31929000,3447.7,2820.9,3839.9,2896.0,3130.1,40,2,3130.0,18,3,3129.8,27,1,3129.6,79,4,3129.4,118,4,3130.2,60,2,3130.4,1,1,3130.5,713,5,3130.9,200,1,3131.0,105,4
2031,2026-06-16 11:59:46+05:30,3130.0,1,3130.01,1897380,136110.0,207249.0,3163.0,3163.0,3108.0,3134.3,31929000,3447.7,2820.9,3839.9,2896.0,3130.1,40,2,3130.0,18,3,3129.8,27,1,3129.6,79,4,3129.4,118,4,3130.2,60,2,3130.4,1,1,3130.5,713,5,3130.9,200,1,3131.0,105,4
2031,2026-06-16 11:59:47+05:30,3130.0,1,3130.01,1897709,135863.0,206690.0,3163.0,3163.0,3108.0,3134.3,31929000,3447.7,2820.9,3839.9,2896.0,3129.6,47,5,3129.5,12,1,3129.4,128,5,3129.3,91,4,3129.2,139,6,3130.0,192,1,3130.4,1,1,3130.5,713,5,3130.8,20,1,3130.9,200,1
2031,2026-06-16 11:59:48+05:30,3130.0,1,3130.01,1897709,135863.0,206690.0,3163.0,3163.0,3108.0,3134.3,31929000,3447.7,2820.9,3839.9,2896.0,3129.6,47,5,3129.5,12,1,3129.4,128,5,3129.3,91,4,3129.2,139,6,3130.0,192,1,3130.4,1,1,3130.5,713,5,3130.8,20,1,3130.9,200,1
2031,2026-06-16 11:59:51+05:30,3130.0,1,3130.01,1897709,135863.0,206690.0,3163.0,3163.0,3108.0,3134.3,31929000,3447.7,2820.9,3839.9,2896.0,3129.6,47,5,3129.5,12,1,3129.4,128,5,3129.3,91,4,3129.2,139,6,3130.0,192,1,3130.4,1,1,3130.5,713,5,3130.8,20,1,3130.9,200,1
2031,2026-06-16 11:59:52+05:30,3130.0,11,3130.01,1897709,135863.0,206690.0,3163.0,3163.0,3108.0,3134.3,31929000,3447.7,2820.9,3839.9,2896.0,3129.6,47,5,3129.5,12,1,3129.4,128,5,3129.3,91,4,3129.2,139,6,3130.0,192,1,3130.4,1,1,3130.5,713,5,3130.8,20,1,3130.9,200,1
2031,2026-06-16 11:59:52+05:30,3130.0,11,3130.01,1897721,135727.0,207496.0,3163.0,3163.0,3108.0,3134.3,31929000,3447.7,2820.9,3839.9,2896.0,3129.6,29,3,3129.5,27,2,3129.4,61,4,3129.3,80,4,3129.2,66,4,3130.0,194,2,3130.3,209,2,3130.4,1,1,3130.5,504,3,3130.7,200,1
2031,2026-06-16 11:59:52+05:30,3130.0,11,3130.01,1897721,135727.0,207496.0,3163.0,3163.0,3108.0,3134.3,31929000,3447.7,2820.9,3839.9,2896.0,3129.6,29,3,3129.5,27,2,3129.4,61,4,3129.3,80,4,3129.2,66,4,3130.0,194,2,3130.3,209,2,3130.4,1,1,3130.5,504,3,3130.7,200,1
2031,2026-06-16 11:59:54+05:30,3130.0,76,3130.01,1897721,135727.0,207496.0,3163.0,3163.0,3108.0,3134.3,31929000,3447.7,2820.9,3839.9,2896.0,3129.6,29,3,3129.5,27,2,3129.4,61,4,3129.3,80,4,3129.2,66,4,3130.0,194,2,3130.3,209,2,3130.4,1,1,3130.5,504,3,3130.7,200,1
2031,2026-06-16 11:59:54+05:30,3130.0,76,3130.01,1897721,135727.0,207496.0,3163.0,3163.0,3108.0,3134.3,31929000,3447.7,2820.9,3839.9,2896.0,3129.6,29,3,3129.5,27,2,3129.4,61,4,3129.3,80,4,3129.2,66,4,3130.0,194,2,3130.3,209,2,3130.4,1,1,3130.5,504,3,3130.7,200,1
2031,2026-06-16 11:59:56+05:30,3130.0,9,3130.01,1897721,135727.0,207496.0,3163.0,3163.0,3108.0,3134.3,31929000,3447.7,2820.9,3839.9,2896.0,3129.6,29,3,3129.5,27,2,3129.4,61,4,3129.3,80,4,3129.2,66,4,3130.0,194,2,3130.3,209,2,3130.4,1,1,3130.5,504,3,3130.7,200,1
2031,2026-06-16 11:59:56+05:30,3130.0,9,3130.01,1897721,135727.0,207496.0,3163.0,3163.0,3108.0,3134.3,31929000,3447.7,2820.9,3839.9,2896.0,3129.6,29,3,3129.5,27,2,3129.4,61,4,3129.3,80,4,3129.2,66,4,3130.0,194,2,3130.3,209,2,3130.4,1,1,3130.5,504,3,3130.7,200,1
2031,2026-06-16 11:59:57+05:30,3129.8,1,3130.01,1898010,135808.0,208015.0,3163.0,3163.0,3108.0,3134.3,31929000,3447.7,2820.9,3839.9,2896.0,3129.8,1,1,3129.6,41,4,3129.5,30,2,3129.4,69,4,3129.3,80,4,3130.0,132,3,3130.3,209,2,3130.4,1,1,3130.5,512,4,3130.7,200,1
2031,2026-06-16 11:59:58+05:30,3130.0,3,3130.01,1898010,135808.0,208015.0,3163.0,3163.0,3108.0,3134.3,31929000,3447.7,2820.9,3839.9,2896.0,3129.8,1,1,3129.6,41,4,3129.5,30,2,3129.4,69,4,3129.3,80,4,3130.0,132,3,3130.3,209,2,3130.4,1,1,3130.5,512,4,3130.7,200,1
2031,2026-06-16 11:59:58+05:30,3130.0,3,3130.01,1898010,135808.0,208015.0,3163.0,3163.0,3108.0,3134.3,31929000,3447.7,2820.9,3839.9,2896.0,3129.8,1,1,3129.6,41,4,3129.5,30,2,3129.4,69,4,3129.3,80,4,3130.0,132,3,3130.3,209,2,3130.4,1,1,3130.5,512,4,3130.7,200,1
2031,2026-06-16 12:00:00+05:30,3130.0,3,3130.01,1898010,135808.0,208015.0,3163.0,3163.0,3108.0,3134.3,31929000,3447.7,2820.9,3839.9,2896.0,3129.8,1,1,3129.6,41,4,3129.5,30,2,3129.4,69,4,3129.3,80,4,3130.0,132,3,3130.3,209,2,3130.4,1,1,3130.5,512,4,3130.7,200,1
2031,2026-06-16 12:00:00+05:30,3130.0,1,3130.01,1898010,135808.0,208015.0,3163.0,3163.0,3108.0,3134.3,31929000,3447.7,2820.9,3839.9,2896.0,3129.8,1,1,3129.6,41,4,3129.5,30,2,3129.4,69,4,3129.3,80,4,3130.0,132,3,3130.3,209,2,3130.4,1,1,3130.5,512,4,3130.7,200,1
2031,2026-06-16 12:00:01+05:30,3130.0,1,3130.01,1898010,135808.0,208015.0,3163.0,3163.0,3108.0,3134.3,31929000,3447.7,2820.9,3839.9,2896.0,3129.8,1,1,3129.6,41,4,3129.5,30,2,3129.4,69,4,3129.3,80,4,3130.0,132,3,3130.3,209,2,3130.4,1,1,3130.5,512,4,3130.7,200,1
2031,2026-06-16 12:00:02+05:30,3130.4,2,3130.01,1898010,135808.0,208015.0,3163.0,3163.0,3108.0,3134.3,31929000,3447.7,2820.9,3839.9,2896.0,3129.8,1,1,3129.6,41,4,3129.5,30,2,3129.4,69,4,3129.3,80,4,3130.0,132,3,3130.3,209,2,3130.4,1,1,3130.5,512,4,3130.7,200,1
2031,2026-06-16 12:00:02+05:30,3130.4,2,3130.01,1898010,135808.0,208015.0,3163.0,3163.0,3108.0,3134.3,31929000,3447.7,2820.9,3839.9,2896.0,3129.8,1,1,3129.6,41,4,3129.5,30,2,3129.4,69,4,3129.3,80,4,3130.0,132,3,3130.3,209,2,3130.4,1,1,3130.5,512,4,3130.7,200,1
2031,2026-06-16 12:00:02+05:30,3130.4,2,3130.01,1898195,136151.0,207557.0,3163.0,3163.0,3108.0,3134.3,31929000,3447.7,2820.9,3839.9,2896.0,3130.0,4,1,3129.9,2,2,3129.8,34,3,3129.6,41,4,3129.5,32,3,3130.5,786,6,3130.9,221,2,3131.0,474,6,3131.2,59,2,3131.3,54,1
2031,2026-06-16 12:00:02+05:30,3130.4,2,3130.01,1898195,136151.0,207557.0,3163.0,3163.0,3108.0,3134.3,31929000,3447.7,2820.9,3839.9,2896.0,3130.0,4,1,3129.9,2,2,3129.8,34,3,3129.6,41,4,3129.5,32,3,3130.5,786,6,3130.9,221,2,3131.0,474,6,3131.2,59,2,3131.3,54,1
2031,2026-06-16 12:00:03+05:30,3130.4,2,3130.01,1898195,136151.0,207557.0,3163.0,3163.0,3108.0,3134.3,31929000,3447.7,2820.9,3839.9,2896.0,3130.0,4,1,3129.9,2,2,3129.8,34,3,3129.6,41,4,3129.5,32,3,3130.5,786,6,3130.9,221,2,3131.0,474,6,3131.2,59,2,3131.3,54,1
2031,2026-06-16 12:00:04+05:30,3130.4,2,3130.01,1898195,136151.0,207557.0,3163.0,3163.0,3108.0,3134.3,31929000,3447.7,2820.9,3839.9,2896.0,3130.0,4,1,3129.9,2,2,3129.8,34,3,3129.6,41,4,3129.5,32,3,3130.5,786,6,3130.9,221,2,3131.0,474,6,3131.2,59,2,3131.3,54,1
2031,2026-06-16 12:00:05+05:30,3130.0,2,3130.01,1898195,136151.0,207557.0,3163.0,3163.0,3108.0,3134.3,31929000,3447.7,2820.9,3839.9,2896.0,3130.0,4,1,3129.9,2,2,3129.8,34,3,3129.6,41,4,3129.5,32,3,3130.5,786,6,3130.9,221,2,3131.0,474,6,3131.2,59,2,3131.3,54,1
2031,2026-06-16 12:00:05+05:30,3130.0,2,3130.01,1898195,136151.0,207557.0,3163.0,3163.0,3108.0,3134.3,31929000,3447.7,2820.9,3839.9,2896.0,3130.0,4,1,3129.9,2,2,3129.8,34,3,3129.6,41,4,3129.5,32,3,3130.5,786,6,3130.9,221,2,3131.0,474,6,3131.2,59,2,3131.3,54,1
2031,2026-06-16 12:00:06+05:30,3130.0,2,3130.01,1898195,136151.0,207557.0,3163.0,3163.0,3108.0,3134.3,31929000,3447.7,2820.9,3839.9,2896.0,3130.0,4,1,3129.9,2,2,3129.8,34,3,3129.6,41,4,3129.5,32,3,3130.5,786,6,3130.9,221,2,3131.0,474,6,3131.2,59,2,3131.3,54,1
2031,2026-06-16 12:00:07+05:30,3130.0,2,3130.01,1898195,136151.0,207557.0,3163.0,3163.0,3108.0,3134.3,31929000,3447.7,2820.9,3839.9,2896.0,3130.0,4,1,3129.9,2,2,3129.8,34,3,3129.6,41,4,3129.5,32,3,3130.5,786,6,3130.9,221,2,3131.0,474,6,3131.2,59,2,3131.3,54,1
2031,2026-06-16 12:00:07+05:30,3130.5,1,3130.01,1898335,135765.0,207397.0,3163.0,3163.0,3108.0,3134.3,31929000,3447.7,2820.9,3839.9,2896.0,3130.2,2,2,3130.0,20,2,3129.8,34,3,3129.7,27,1,3129.6,11,2,3130.5,784,6,3130.9,221,2,3131.0,425,5,3131.1,47,1,3131.2,59,2
2031,2026-06-16 12:00:07+05:30,3130.5,1,3130.01,1898335,135765.0,207397.0,3163.0,3163.0,3108.0,3134.3,31929000,3447.7,2820.9,3839.9,2896.0,3130.2,2,2,3130.0,20,2,3129.8,34,3,3129.7,27,1,3129.6,11,2,3130.5,784,6,3130.9,221,2,3131.0,425,5,3131.1,47,1,3131.2,59,2
2031,2026-06-16 12:00:08+05:30,3130.5,1,3130.01,1898335,135765.0,207397.0,3163.0,3163.0,3108.0,3134.3,31929000,3447.7,2820.9,3839.9,2896.0,3130.2,2,2,3130.0,20,2,3129.8,34,3,3129.7,27,1,3129.6,11,2,3130.5,784,6,3130.9,221,2,3131.0,425,5,3131.1,47,1,3131.2,59,2
2031,2026-06-16 12:00:08+05:30,3130.5,1,3130.01,1898335,135765.0,207397.0,3163.0,3163.0,3108.0,3134.3,31929000,3447.7,2820.9,3839.9,2896.0,3130.2,2,2,3130.0,20,2,3129.8,34,3,3129.7,27,1,3129.6,11,2,3130.5,784,6,3130.9,221,2,3131.0,425,5,3131.1,47,1,3131.2,59,2
2031,2026-06-16 12:00:09+05:30,3130.5,1,3130.01,1898335,135765.0,207397.0,3163.0,3163.0,3108.0,3134.3,31927000,3447.7,2820.9,3839.9,2896.0,3130.2,2,2,3130.0,20,2,3129.8,34,3,3129.7,27,1,3129.6,11,2,3130.5,784,6,3130.9,221,2,3131.0,425,5,3131.1,47,1,3131.2,59,2
2031,2026-06-16 12:00:11+05:30,3130.5,144,3130.01,1898335,135765.0,207397.0,3163.0,3163.0,3108.0,3134.3,31927000,3447.7,2820.9,3839.9,2896.0,3130.2,2,2,3130.0,20,2,3129.8,34,3,3129.7,27,1,3129.6,11,2,3130.5,784,6,3130.9,221,2,3131.0,425,5,3131.1,47,1,3131.2,59,2
2031,2026-06-16 12:00:12+05:30,3130.5,1,3130.01,1898503,135829.0,207230.0,3163.0,3163.0,3108.0,3134.3,31927000,3447.7,2820.9,3839.9,2896.0,3130.3,2,2,3130.2,15,1,3130.0,66,3,3129.8,33,2,3129.6,2,2,3130.5,702,9,3130.9,247,3,3131.0,351,3,3131.1,87,2,3131.2,78,3
2031,2026-06-16 12:00:14+05:30,3130.5,155,3130.01,1898503,135829.0,207230.0,3163.0,3163.0,3108.0,3134.3,31927000,3447.7,2820.9,3839.9,2896.0,3130.3,2,2,3130.2,15,1,3130.0,66,3,3129.8,33,2,3129.6,2,2,3130.5,702,9,3130.9,247,3,3131.0,351,3,3131.1,87,2,3131.2,78,3
2031,2026-06-16 12:00:16+05:30,3130.1,32,3130.01,1898503,135829.0,207230.0,3163.0,3163.0,3108.0,3134.3,31927000,3447.7,2820.9,3839.9,2896.0,3130.3,2,2,3130.2,15,1,3130.0,66,3,3129.8,33,2,3129.6,2,2,3130.5,702,9,3130.9,247,3,3131.0,351,3,3131.1,87,2,3131.2,78,3
2031,2026-06-16 12:00:17+05:30,3130.1,32,3130.01,1899205,135553.0,207061.0,3163.0,3163.0,3108.0,3134.3,31927000,3447.7,2820.9,3839.9,2896.0,3130.2,16,1,3130.0,66,3,3129.8,33,2,3129.6,47,4,3129.5,18,2,3130.5,400,7,3130.9,221,2,3131.0,403,4,3131.2,22,1,3131.4,456,8
2031,2026-06-16 12:00:18+05:30,3130.5,1,3130.01,1899205,135553.0,207061.0,3163.0,3163.0,3108.0,3134.3,31927000,3447.7,2820.9,3839.9,2896.0,3130.2,16,1,3130.0,66,3,3129.8,33,2,3129.6,47,4,3129.5,18,2,3130.5,400,7,3130.9,221,2,3131.0,403,4,3131.2,22,1,3131.4,456,8
2031,2026-06-16 12:00:20+05:30,3130.1,21,3130.01,1899205,135553.0,207061.0,3163.0,3163.0,3108.0,3134.3,31927000,3447.7,2820.9,3839.9,2896.0,3130.2,16,1,3130.0,66,3,3129.8,33,2,3129.6,47,4,3129.5,18,2,3130.5,400,7,3130.9,221,2,3131.0,403,4,3131.2,22,1,3131.4,456,8
2031,2026-06-16 12:00:22+05:30,3130.0,5,3130.01,1899205,135553.0,207061.0,3163.0,3163.0,3108.0,3134.3,31927000,3447.7,2820.9,3839.9,2896.0,3130.2,16,1,3130.0,66,3,3129.8,33,2,3129.6,47,4,3129.5,18,2,3130.5,400,7,3130.9,221,2,3131.0,403,4,3131.2,22,1,3131.4,456,8
2031,2026-06-16 12:00:22+05:30,3130.0,5,3130.01,1899455,135750.0,207134.0,3163.0,3163.0,3108.0,3134.3,31927000,3447.7,2820.9,3839.9,2896.0,3130.0,542,4,3129.9,19,1,3129.8,73,5,3129.7,4,1,3129.6,59,5,3130.1,12,1,3130.5,308,6,3130.9,200,1,3131.0,372,4,3131.2,123,3
2031,2026-06-16 12:00:24+05:30,3130.0,100,3130.01,1899455,135750.0,207134.0,3163.0,3163.0,3108.0,3134.3,31927000,3447.7,2820.9,3839.9,2896.0,3130.0,542,4,3129.9,19,1,3129.8,73,5,3129.7,4,1,3129.6,59,5,3130.1,12,1,3130.5,308,6,3130.9,200,1,3131.0,372,4,3131.2,123,3
2031,2026-06-16 12:00:26+05:30,3130.5,101,3130.01,1899455,135750.0,207134.0,3163.0,3163.0,3108.0,3134.3,31927000,3447.7,2820.9,3839.9,2896.0,3130.0,542,4,3129.9,19,1,3129.8,73,5,3129.7,4,1,3129.6,59,5,3130.1,12,1,3130.5,308,6,3130.9,200,1,3131.0,372,4,3131.2,123,3
2031,2026-06-16 12:00:27+05:30,3130.2,1,3130.01,1899810,136246.0,207111.0,3163.0,3163.0,3108.0,3134.3,31927000,3447.7,2820.9,3839.9,2896.0,3130.2,16,1,3130.0,502,5,3129.8,33,2,3129.6,88,7,3129.5,2,1,3130.5,277,3,3130.6,74,1,3130.9,200,1,3131.0,351,3,3131.2,22,1
2031,2026-06-16 12:00:28+05:30,3130.5,1,3130.01,1899810,136246.0,207111.0,3163.0,3163.0,3108.0,3134.3,31927000,3447.7,2820.9,3839.9,2896.0,3130.2,16,1,3130.0,502,5,3129.8,33,2,3129.6,88,7,3129.5,2,1,3130.5,277,3,3130.6,74,1,3130.9,200,1,3131.0,351,3,3131.2,22,1
2031,2026-06-16 12:00:30+05:30,3130.5,85,3130.01,1899810,136246.0,207111.0,3163.0,3163.0,3108.0,3134.3,31927000,3447.7,2820.9,3839.9,2896.0,3130.2,16,1,3130.0,502,5,3129.8,33,2,3129.6,88,7,3129.5,2,1,3130.5,277,3,3130.6,74,1,3130.9,200,1,3131.0,351,3,3131.2,22,1
2031,2026-06-16 12:00:31+05:30,3130.5,11,3130.01,1899986,136265.0,207010.0,3163.0,3163.0,3108.0,3134.3,31927000,3447.7,2820.9,3839.9,2896.0,3130.4,2,2,3130.2,55,3,3130.0,506,6,3129.9,14,1,3129.8,33,2,3130.5,468,8,3130.9,200,1,3131.0,351,3,3131.2,95,3,3131.3,19,1
2031,2026-06-16 12:00:32+05:30,3130.5,1,3130.01,1899986,136265.0,207010.0,3163.0,3163.0,3108.0,3134.3,31927000,3447.7,2820.9,3839.9,2896.0,3130.4,2,2,3130.2,55,3,3130.0,506,6,3129.9,14,1,3129.8,33,2,3130.5,468,8,3130.9,200,1,3131.0,351,3,3131.2,95,3,3131.3,19,1
2031,2026-06-16 12:00:34+05:30,3130.5,1,3130.01,1899986,136265.0,207010.0,3163.0,3163.0,3108.0,3134.3,31927000,3447.7,2820.9,3839.9,2896.0,3130.4,2,2,3130.2,55,3,3130.0,506,6,3129.9,14,1,3129.8,33,2,3130.5,468,8,3130.9,200,1,3131.0,351,3,3131.2,95,3,3131.3,19,1
2031,2026-06-16 12:00:36+05:30,3130.5,1,3130.01,1899986,136265.0,207010.0,3163.0,3163.0,3108.0,3134.3,31927000,3447.7,2820.9,3839.9,2896.0,3130.4,2,2,3130.2,55,3,3130.0,506,6,3129.9,14,1,3129.8,33,2,3130.5,468,8,3130.9,200,1,3131.0,351,3,3131.2,95,3,3131.3,19,1
2031,2026-06-16 12:00:36+05:30,3130.5,1,3130.01,1900401,136872.0,206837.0,3163.0,3163.0,3108.0,3134.3,31927000,3447.7,2820.9,3839.9,2896.0,3130.4,40,3,3130.2,39,2,3130.0,506,6,3129.9,14,1,3129.8,1,1,3130.5,393,5,3130.9,200,1,3131.0,351,3,3131.2,22,1,3131.3,92,3
2031,2026-06-16 12:00:38+05:30,3130.5,25,3130.01,1900401,136872.0,206837.0,3163.0,3163.0,3108.0,3134.3,31927000,3447.7,2820.9,3839.9,2896.0,3130.4,40,3,3130.2,39,2,3130.0,506,6,3129.9,14,1,3129.8,1,1,3130.5,393,5,3130.9,200,1,3131.0,351,3,3131.2,22,1,3131.3,92,3
2031,2026-06-16 12:00:40+05:30,3130.4,1,3130.01,1900401,136872.0,206837.0,3163.0,3163.0,3108.0,3134.3,31927000,3447.7,2820.9,3839.9,2896.0,3130.4,40,3,3130.2,39,2,3130.0,506,6,3129.9,14,1,3129.8,1,1,3130.5,393,5,3130.9,200,1,3131.0,351,3,3131.2,22,1,3131.3,92,3
2031,2026-06-16 12:00:41+05:30,3130.4,9,3130.01,1900636,136187.0,207169.0,3163.0,3163.0,3108.0,3134.3,31927000,3447.7,2820.9,3839.9,2896.0,3130.2,56,2,3130.0,506,6,3129.8,1,1,3129.7,67,2,3129.6,14,3,3130.4,152,2,3130.5,465,7,3130.9,200,1,3131.0,403,4,3131.1,31,1
2031,2026-06-16 12:00:42+05:30,3130.4,9,3130.01,1900636,136187.0,207169.0,3163.0,3163.0,3108.0,3134.3,31927000,3447.7,2820.9,3839.9,2896.0,3130.2,56,2,3130.0,506,6,3129.8,1,1,3129.7,67,2,3129.6,14,3,3130.4,152,2,3130.5,465,7,3130.9,200,1,3131.0,403,4,3131.1,31,1
2031,2026-06-16 12:00:44+05:30,3130.4,1,3130.01,1900636,136187.0,207169.0,3163.0,3163.0,3108.0,3134.3,31927000,3447.7,2820.9,3839.9,2896.0,3130.2,56,2,3130.0,506,6,3129.8,1,1,3129.7,67,2,3129.6,14,3,3130.4,152,2,3130.5,465,7,3130.9,200,1,3131.0,403,4,3131.1,31,1
2031,2026-06-16 12:00:46+05:30,3130.2,4,3130.01,1900636,136187.0,207169.0,3163.0,3163.0,3108.0,3134.3,31927000,3447.7,2820.9,3839.9,2896.0,3130.2,56,2,3130.0,506,6,3129.8,1,1,3129.7,67,2,3129.6,14,3,3130.4,152,2,3130.5,465,7,3130.9,200,1,3131.0,403,4,3131.1,31,1
2031,2026-06-16 12:00:46+05:30,3130.2,4,3130.01,1900808,136199.0,206860.0,3163.0,3163.0,3108.0,3134.3,31927000,3447.7,2820.9,3839.9,2896.0,3130.2,43,3,3130.0,522,7,3129.8,1,1,3129.7,40,1,3129.6,41,4,3130.4,63,3,3130.5,399,4,3130.9,200,1,3131.0,351,3,3131.2,74,2
2031,2026-06-16 12:00:48+05:30,3130.4,47,3130.01,1900808,136199.0,206860.0,3163.0,3163.0,3108.0,3134.3,31927000,3447.7,2820.9,3839.9,2896.0,3130.2,43,3,3130.0,522,7,3129.8,1,1,3129.7,40,1,3129.6,41,4,3130.4,63,3,3130.5,399,4,3130.9,200,1,3131.0,351,3,3131.2,74,2
2031,2026-06-16 12:00:50+05:30,3130.5,10,3130.01,1900808,136199.0,206860.0,3163.0,3163.0,3108.0,3134.3,31927000,3447.7,2820.9,3839.9,2896.0,3130.2,43,3,3130.0,522,7,3129.8,1,1,3129.7,40,1,3129.6,41,4,3130.4,63,3,3130.5,399,4,3130.9,200,1,3131.0,351,3,3131.2,74,2
2031,2026-06-16 12:00:51+05:30,3130.5,10,3130.01,1900808,136199.0,206860.0,3163.0,3163.0,3108.0,3134.3,31927000,3447.7,2820.9,3839.9,2896.0,3130.2,43,3,3130.0,522,7,3129.8,1,1,3129.7,40,1,3129.6,41,4,3130.4,63,3,3130.5,399,4,3130.9,200,1,3131.0,351,3,3131.2,74,2
2031,2026-06-16 12:00:51+05:30,3130.5,1,3130.01,1901034,136206.0,206978.0,3163.0,3163.0,3108.0,3134.3,31927000,3447.7,2820.9,3839.9,2896.0,3130.2,19,2,3130.0,522,7,3129.8,1,1,3129.7,40,1,3129.6,45,4,3130.5,383,4,3130.9,252,2,3131.0,407,5,3131.2,78,3,3131.4,421,8
2031,2026-06-16 12:00:52+05:30,3130.5,11,3130.01,1901034,136206.0,206978.0,3163.0,3163.0,3108.0,3134.3,31927000,3447.7,2820.9,3839.9,2896.0,3130.2,19,2,3130.0,522,7,3129.8,1,1,3129.7,40,1,3129.6,45,4,3130.5,383,4,3130.9,252,2,3131.0,407,5,3131.2,78,3,3131.4,421,8
2031,2026-06-16 12:00:53+05:30,3130.5,11,3130.01,1901034,136206.0,206978.0,3163.0,3163.0,3108.0,3134.3,31927000,3447.7,2820.9,3839.9,2896.0,3130.2,19,2,3130.0,522,7,3129.8,1,1,3129.7,40,1,3129.6,45,4,3130.5,383,4,3130.9,252,2,3131.0,407,5,3131.2,78,3,3131.4,421,8
2031,2026-06-16 12:00:54+05:30,3130.5,14,3130.01,1901034,136206.0,206978.0,3163.0,3163.0,3108.0,3134.3,31927000,3447.7,2820.9,3839.9,2896.0,3130.2,19,2,3130.0,522,7,3129.8,1,1,3129.7,40,1,3129.6,45,4,3130.5,383,4,3130.9,252,2,3131.0,407,5,3131.2,78,3,3131.4,421,8
2031,2026-06-16 12:00:55+05:30,3130.5,14,3130.01,1901034,136206.0,206978.0,3163.0,3163.0,3108.0,3134.3,31927000,3447.7,2820.9,3839.9,2896.0,3130.2,19,2,3130.0,522,7,3129.8,1,1,3129.7,40,1,3129.6,45,4,3130.5,383,4,3130.9,252,2,3131.0,407,5,3131.2,78,3,3131.4,421,8
2031,2026-06-16 12:00:56+05:30,3130.5,5,3130.01,1901034,136206.0,206978.0,3163.0,3163.0,3108.0,3134.3,31927000,3447.7,2820.9,3839.9,2896.0,3130.2,19,2,3130.0,522,7,3129.8,1,1,3129.7,40,1,3129.6,45,4,3130.5,383,4,3130.9,252,2,3131.0,407,5,3131.2,78,3,3131.4,421,8
2031,2026-06-16 12:00:56+05:30,3130.5,5,3130.01,1901254,136223.0,206947.0,3163.0,3163.0,3108.0,3134.3,31927000,3447.7,2820.9,3839.9,2896.0,3130.2,14,1,3130.0,522,7,3129.8,1,1,3129.6,64,5,3129.5,78,4,3130.5,396,4,3130.9,200,1,3131.0,351,3,3131.1,58,2,3131.2,22,1
2031,2026-06-16 12:00:57+05:30,3130.5,5,3130.01,1901254,136223.0,206947.0,3163.0,3163.0,3108.0,3134.3,31927000,3447.7,2820.9,3839.9,2896.0,3130.2,14,1,3130.0,522,7,3129.8,1,1,3129.6,64,5,3129.5,78,4,3130.5,396,4,3130.9,200,1,3131.0,351,3,3131.1,58,2,3131.2,22,1
2031,2026-06-16 12:00:58+05:30,3130.5,1,3130.01,1901254,136223.0,206947.0,3163.0,3163.0,3108.0,3134.3,31927000,3447.7,2820.9,3839.9,2896.0,3130.2,14,1,3130.0,522,7,3129.8,1,1,3129.6,64,5,3129.5,78,4,3130.5,396,4,3130.9,200,1,3131.0,351,3,3131.1,58,2,3131.2,22,1
2031,2026-06-16 12:00:59+05:30,3130.5,1,3130.01,1901254,136223.0,206947.0,3163.0,3163.0,3108.0,3134.3,31927000,3447.7,2820.9,3839.9,2896.0,3130.2,14,1,3130.0,522,7,3129.8,1,1,3129.6,64,5,3129.5,78,4,3130.5,396,4,3130.9,200,1,3131.0,351,3,3131.1,58,2,3131.2,22,1
2031,2026-06-16 12:01:00+05:30,3130.5,1,3130.01,1901254,136223.0,206947.0,3163.0,3163.0,3108.0,3134.3,31927000,3447.7,2820.9,3839.9,2896.0,3130.2,14,1,3130.0,522,7,3129.8,1,1,3129.6,64,5,3129.5,78,4,3130.5,396,4,3130.9,200,1,3131.0,351,3,3131.1,58,2,3131.2,22,1
2031,2026-06-16 12:01:00+05:30,3130.5,1,3130.01,1901254,136223.0,206947.0,3163.0,3163.0,3108.0,3134.3,31927000,3447.7,2820.9,3839.9,2896.0,3130.2,14,1,3130.0,522,7,3129.8,1,1,3129.6,64,5,3129.5,78,4,3130.5,396,4,3130.9,200,1,3131.0,351,3,3131.1,58,2,3131.2,22,1
2031,2026-06-16 12:01:01+05:30,3130.2,15,3130.01,1901456,136118.0,206954.0,3163.0,3163.0,3108.0,3134.3,31927000,3447.7,2820.9,3839.9,2896.0,3130.2,16,2,3130.0,541,9,3129.8,1,1,3129.6,2,2,3129.5,23,2,3130.5,444,8,3130.6,78,1,3130.9,244,4,3131.0,351,3,3131.1,89,3
2031,2026-06-16 12:01:02+05:30,3130.5,100,3130.01,1901456,136118.0,206954.0,3163.0,3163.0,3108.0,3134.3,31927000,3447.7,2820.9,3839.9,2896.0,3130.2,16,2,3130.0,541,9,3129.8,1,1,3129.6,2,2,3129.5,23,2,3130.5,444,8,3130.6,78,1,3130.9,244,4,3131.0,351,3,3131.1,89,3
2031,2026-06-16 12:01:02+05:30,3130.5,100,3130.01,1901456,136118.0,206954.0,3163.0,3163.0,3108.0,3134.3,31927000,3447.7,2820.9,3839.9,2896.0,3130.2,16,2,3130.0,541,9,3129.8,1,1,3129.6,2,2,3129.5,23,2,3130.5,444,8,3130.6,78,1,3130.9,244,4,3131.0,351,3,3131.1,89,3
2031,2026-06-16 12:01:03+05:30,3130.5,100,3130.01,1901456,136118.0,206954.0,3163.0,3163.0,3108.0,3134.3,31927000,3447.7,2820.9,3839.9,2896.0,3130.2,16,2,3130.0,541,9,3129.8,1,1,3129.6,2,2,3129.5,23,2,3130.5,444,8,3130.6,78,1,3130.9,244,4,3131.0,351,3,3131.1,89,3
2031,2026-06-16 12:01:04+05:30,3130.5,100,3130.01,1901456,136118.0,206954.0,3163.0,3163.0,3108.0,3134.3,31927000,3447.7,2820.9,3839.9,2896.0,3130.2,16,2,3130.0,541,9,3129.8,1,1,3129.6,2,2,3129.5,23,2,3130.5,444,8,3130.6,78,1,3130.9,244,4,3131.0,351,3,3131.1,89,3
2031,2026-06-16 12:01:04+05:30,3130.5,24,3130.01,1901456,136118.0,206954.0,3163.0,3163.0,3108.0,3134.3,31927000,3447.7,2820.9,3839.9,2896.0,3130.2,16,2,3130.0,541,9,3129.8,1,1,3129.6,2,2,3129.5,23,2,3130.5,444,8,3130.6,78,1,3130.9,244,4,3131.0,351,3,3131.1,89,3
2031,2026-06-16 12:01:04+05:30,3130.5,24,3130.01,1901456,136118.0,206954.0,3163.0,3163.0,3108.0,3134.3,31927000,3447.7,2820.9,3839.9,2896.0,3130.2,16,2,3130.0,541,9,3129.8,1,1,3129.6,2,2,3129.5,23,2,3130.5,444,8,3130.6,78,1,3130.9,244,4,3131.0,351,3,3131.1,89,3
2031,2026-06-16 12:01:05+05:30,3130.5,24,3130.01,1901456,136118.0,206954.0,3163.0,3163.0,3108.0,3134.3,31927000,3447.7,2820.9,3839.9,2896.0,3130.2,16,2,3130.0,541,9,3129.8,1,1,3129.6,2,2,3129.5,23,2,3130.5,444,8,3130.6,78,1,3130.9,244,4,3131.0,351,3,3131.1,89,3
2031,2026-06-16 12:01:06+05:30,3130.5,1,3130.01,1901587,136207.0,206872.0,3163.0,3163.0,3108.0,3134.3,31927000,3447.7,2820.9,3839.9,2896.0,3130.2,70,4,3130.0,541,9,3129.8,1,1,3129.6,29,3,3129.5,92,4,3130.5,446,12,3130.6,78,1,3130.9,203,2,3131.0,398,5,3131.1,52,2
2031,2026-06-16 12:01:06+05:30,3130.5,1,3130.01,1901587,136207.0,206872.0,3163.0,3163.0,3108.0,3134.3,31927000,3447.7,2820.9,3839.9,2896.0,3130.2,70,4,3130.0,541,9,3129.8,1,1,3129.6,29,3,3129.5,92,4,3130.5,446,12,3130.6,78,1,3130.9,203,2,3131.0,398,5,3131.1,52,2
2031,2026-06-16 12:01:06+05:30,3130.5,1,3130.01,1901587,136207.0,206872.0,3163.0,3163.0,3108.0,3134.3,31927000,3447.7,2820.9,3839.9,2896.0,3130.2,70,4,3130.0,541,9,3129.8,1,1,3129.6,29,3,3129.5,92,4,3130.5,446,12,3130.6,78,1,3130.9,203,2,3131.0,398,5,3131.1,52,2
2031,2026-06-16 12:01:07+05:30,3130.5,1,3130.01,1901587,136207.0,206872.0,3163.0,3163.0,3108.0,3134.3,31927000,3447.7,2820.9,3839.9,2896.0,3130.2,70,4,3130.0,541,9,3129.8,1,1,3129.6,29,3,3129.5,92,4,3130.5,446,12,3130.6,78,1,3130.9,203,2,3131.0,398,5,3131.1,52,2
2031,2026-06-16 12:01:08+05:30,3130.5,1,3130.01,1901587,136207.0,206872.0,3163.0,3163.0,3108.0,3134.3,31927000,3447.7,2820.9,3839.9,2896.0,3130.2,70,4,3130.0,541,9,3129.8,1,1,3129.6,29,3,3129.5,92,4,3130.5,446,12,3130.6,78,1,3130.9,203,2,3131.0,398,5,3131.1,52,2
2031,2026-06-16 12:01:08+05:30,3130.2,18,3130.01,1901587,136207.0,206872.0,3163.0,3163.0,3108.0,3134.3,31927000,3447.7,2820.9,3839.9,2896.0,3130.2,70,4,3130.0,541,9,3129.8,1,1,3129.6,29,3,3129.5,92,4,3130.5,446,12,3130.6,78,1,3130.9,203,2,3131.0,398,5,3131.1,52,2
2031,2026-06-16 12:01:08+05:30,3130.2,18,3130.01,1901587,136207.0,206872.0,3163.0,3163.0,3108.0,3134.3,31927000,3447.7,2820.9,3839.9,2896.0,3130.2,70,4,3130.0,541,9,3129.8,1,1,3129.6,29,3,3129.5,92,4,3130.5,446,12,3130.6,78,1,3130.9,203,2,3131.0,398,5,3131.1,52,2
2031,2026-06-16 12:01:09+05:30,3130.2,18,3130.01,1901587,136207.0,206872.0,3163.0,3163.0,3108.0,3134.3,31927000,3447.7,2820.9,3839.9,2896.0,3130.2,70,4,3130.0,541,9,3129.8,1,1,3129.6,29,3,3129.5,92,4,3130.5,446,12,3130.6,78,1,3130.9,203,2,3131.0,398,5,3131.1,52,2
2031,2026-06-16 12:01:10+05:30,3131.1,25,3130.01,1901587,136207.0,206872.0,3163.0,3163.0,3108.0,3134.3,31927000,3447.7,2820.9,3839.9,2896.0,3130.2,70,4,3130.0,541,9,3129.8,1,1,3129.6,29,3,3129.5,92,4,3130.5,446,12,3130.6,78,1,3130.9,203,2,3131.0,398,5,3131.1,52,2
2031,2026-06-16 12:01:10+05:30,3131.1,25,3130.01,1901587,136207.0,206872.0,3163.0,3163.0,3108.0,3134.3,31903400,3447.7,2820.9,3839.9,2896.0,3130.2,70,4,3130.0,541,9,3129.8,1,1,3129.6,29,3,3129.5,92,4,3130.5,446,12,3130.6,78,1,3130.9,203,2,3131.0,398,5,3131.1,52,2
2031,2026-06-16 12:01:11+05:30,3132.0,151,3130.01,1904313,138768.0,202682.0,3163.0,3163.0,3108.0,3134.3,31903400,3447.7,2820.9,3839.9,2896.0,3131.1,112,6,3131.0,84,4,3130.9,39,3,3130.8,228,10,3130.7,113,5,3132.0,2760,9,3132.2,200,1,3132.4,20,1,3132.6,22,1,3132.8,21,1
2031,2026-06-16 12:01:12+05:30,3131.0,7,3130.01,1904313,138768.0,202682.0,3163.0,3163.0,3108.0,3134.3,31903400,3447.7,2820.9,3839.9,2896.0,3131.1,112,6,3131.0,84,4,3130.9,39,3,3130.8,228,10,3130.7,113,5,3132.0,2760,9,3132.2,200,1,3132.4,20,1,3132.6,22,1,3132.8,21,1
2031,2026-06-16 12:01:14+05:30,3131.1,1,3130.01,1904313,138768.0,202682.0,3163.0,3163.0,3108.0,3134.3,31903400,3447.7,2820.9,3839.9,2896.0,3131.1,112,6,3131.0,84,4,3130.9,39,3,3130.8,228,10,3130.7,113,5,3132.0,2760,9,3132.2,200,1,3132.4,20,1,3132.6,22,1,3132.8,21,1
2031,2026-06-16 12:01:16+05:30,3131.2,195,3130.01,1904313,138768.0,202682.0,3163.0,3163.0,3108.0,3134.3,31903400,3447.7,2820.9,3839.9,2896.0,3131.1,112,6,3131.0,84,4,3130.9,39,3,3130.8,228,10,3130.7,113,5,3132.0,2760,9,3132.2,200,1,3132.4,20,1,3132.6,22,1,3132.8,21,1
2031,2026-06-16 12:01:16+05:30,3132.0,2,3130.01,1904802,137558.0,203765.0,3163.0,3163.0,3108.0,3134.3,31903400,3447.7,2820.9,3839.9,2896.0,3131.6,1,1,3131.5,71,4,3131.4,14,1,3131.3,19,1,3131.2,26,1,3132.0,2910,10,3132.2,200,1,3132.4,20,1,3132.6,22,1,3132.8,21,1
2031,2026-06-16 12:01:18+05:30,3132.0,1,3130.01,1904802,137558.0,203765.0,3163.0,3163.0,3108.0,3134.3,31903400,3447.7,2820.9,3839.9,2896.0,3131.6,1,1,3131.5,71,4,3131.4,14,1,3131.3,19,1,3131.2,26,1,3132.0,2910,10,3132.2,200,1,3132.4,20,1,3132.6,22,1,3132.8,21,1
2031,2026-06-16 12:01:20+05:30,3132.0,1,3130.01,1904802,137558.0,203765.0,3163.0,3163.0,3108.0,3134.3,31903400,3447.7,2820.9,3839.9,2896.0,3131.6,1,1,3131.5,71,4,3131.4,14,1,3131.3,19,1,3131.2,26,1,3132.0,2910,10,3132.2,200,1,3132.4,20,1,3132.6,22,1,3132.8,21,1
2031,2026-06-16 12:01:21+05:30,3132.0,1,3130.01,1904831,137353.0,203962.0,3163.0,3163.0,3108.0,3134.3,31903400,3447.7,2820.9,3839.9,2896.0,3131.9,1,1,3131.8,17,1,3131.6,163,1,3131.5,174,1,3131.2,80,3,3132.0,2967,14,3132.2,200,1,3132.6,22,1,3132.7,40,1,3132.8,21,1
2031,2026-06-16 12:01:22+05:30,3132.0,1,3130.01,1904831,137353.0,203962.0,3163.0,3163.0,3108.0,3134.3,31903400,3447.7,2820.9,3839.9,2896.0,3131.9,1,1,3131.8,17,1,3131.6,163,1,3131.5,174,1,3131.2,80,3,3132.0,2967,14,3132.2,200,1,3132.6,22,1,3132.7,40,1,3132.8,21,1
2031,2026-06-16 12:01:24+05:30,3132.0,1,3130.01,1904831,137353.0,203962.0,3163.0,3163.0,3108.0,3134.3,31903400,3447.7,2820.9,3839.9,2896.0,3131.9,1,1,3131.8,17,1,3131.6,163,1,3131.5,174,1,3131.2,80,3,3132.0,2967,14,3132.2,200,1,3132.6,22,1,3132.7,40,1,3132.8,21,1
2031,2026-06-16 12:01:26+05:30,3132.0,10,3130.01,1904831,137353.0,203962.0,3163.0,3163.0,3108.0,3134.3,31903400,3447.7,2820.9,3839.9,2896.0,3131.9,1,1,3131.8,17,1,3131.6,163,1,3131.5,174,1,3131.2,80,3,3132.0,2967,14,3132.2,200,1,3132.6,22,1,3132.7,40,1,3132.8,21,1
2031,2026-06-16 12:01:26+05:30,3132.0,1,3130.01,1905751,137032.0,203428.0,3163.0,3163.0,3108.0,3134.3,31903400,3447.7,2820.9,3839.9,2896.0,3131.5,190,2,3131.3,33,2,3131.1,66,4,3131.0,84,4,3130.9,72,3,3132.0,2822,14,3132.2,200,1,3132.6,22,1,3132.7,139,3,3132.8,40,2
2031,2026-06-16 12:01:28+05:30,3131.5,41,3130.01,1905751,137032.0,203428.0,3163.0,3163.0,3108.0,3134.3,31903400,3447.7,2820.9,3839.9,2896.0,3131.5,190,2,3131.3,33,2,3131.1,66,4,3131.0,84,4,3130.9,72,3,3132.0,2822,14,3132.2,200,1,3132.6,22,1,3132.7,139,3,3132.8,40,2
2031,2026-06-16 12:01:30+05:30,3132.0,17,3130.01,1905751,137032.0,203428.0,3163.0,3163.0,3108.0,3134.3,31903400,3447.7,2820.9,3839.9,2896.0,3131.5,190,2,3131.3,33,2,3131.1,66,4,3131.0,84,4,3130.9,72,3,3132.0,2822,14,3132.2,200,1,3132.6,22,1,3132.7,139,3,3132.8,40,2
2031,2026-06-16 12:01:31+05:30,3132.0,20,3130.01,1905949,137754.0,203964.0,3163.0,3163.0,3108.0,3134.3,31903400,3447.7,2820.9,3839.9,2896.0,3131.8,32,5,3131.7,33,3,3131.6,56,3,3131.5,170,5,3131.4,120,3,3132.0,2679,17,3132.3,200,1,3132.6,22,1,3132.7,50,1,3132.8,21,1
2031,2026-06-16 12:01:32+05:30,3132.0,1,3130.01,1905949,137754.0,203964.0,3163.0,3163.0,3108.0,3134.3,31903400,3447.7,2820.9,3839.9,2896.0,3131.8,32,5,3131.7,33,3,3131.6,56,3,3131.5,170,5,3131.4,120,3,3132.0,2679,17,3132.3,200,1,3132.6,22,1,3132.7,50,1,3132.8,21,1
2031,2026-06-16 12:01:34+05:30,3132.0,100,3130.01,1905949,137754.0,203964.0,3163.0,3163.0,3108.0,3134.3,31903400,3447.7,2820.9,3839.9,2896.0,3131.8,32,5,3131.7,33,3,3131.6,56,3,3131.5,170,5,3131.4,120,3,3132.0,2679,17,3132.3,200,1,3132.6,22,1,3132.7,50,1,3132.8,21,1
2031,2026-06-16 12:01:36+05:30,3132.0,1,3130.01,1905949,137754.0,203964.0,3163.0,3163.0,3108.0,3134.3,31903400,3447.7,2820.9,3839.9,2896.0,3131.8,32,5,3131.7,33,3,3131.6,56,3,3131.5,170,5,3131.4,120,3,3132.0,2679,17,3132.3,200,1,3132.6,22,1,3132.7,50,1,3132.8,21,1
2031,2026-06-16 12:01:36+05:30,3131.9,1,3130.01,1906322,137481.0,203140.0,3163.0,3163.0,3108.0,3134.3,31903400,3447.7,2820.9,3839.9,2896.0,3131.5,176,5,3131.4,11,1,3131.3,34,3,3131.2,37,2,3131.1,71,5,3131.9,24,1,3132.0,2362,15,3132.3,200,1,3132.6,22,1,3132.8,21,1
2031,2026-06-16 12:01:38+05:30,3131.5,1,3130.01,1906322,137481.0,203140.0,3163.0,3163.0,3108.0,3134.3,31903400,3447.7,2820.9,3839.9,2896.0,3131.5,176,5,3131.4,11,1,3131.3,34,3,3131.2,37,2,3131.1,71,5,3131.9,24,1,3132.0,2362,15,3132.3,200,1,3132.6,22,1,3132.8,21,1
2031,2026-06-16 12:01:40+05:30,3131.9,2,3130.01,1906322,137481.0,203140.0,3163.0,3163.0,3108.0,3134.3,31903400,3447.7,2820.9,3839.9,2896.0,3131.5,176,5,3131.4,11,1,3131.3,34,3,3131.2,37,2,3131.1,71,5,3131.9,24,1,3132.0,2362,15,3132.3,200,1,3132.6,22,1,3132.8,21,1
2031,2026-06-16 12:01:42+05:30,3131.1,14,3130.01,1907101,134238.0,206524.0,3163.0,3163.0,3108.0,3134.3,31903400,3447.7,2820.9,3839.9,2896.0,3130.8,2,1,3130.7,13,1,3130.6,13,1,3130.5,21,2,3130.0,283,8,3131.2,128,6,3131.3,200,1,3131.4,100,4,3131.5,222,3,3131.6,335,5
2031,2026-06-16 12:01:42+05:30,3131.1,14,3130.01,1907101,134238.0,206524.0,3163.0,3163.0,3108.0,3134.3,31903400,3447.7,2820.9,3839.9,2896.0,3130.8,2,1,3130.7,13,1,3130.6,13,1,3130.5,21,2,3130.0,283,8,3131.2,128,6,3131.3,200,1,3131.4,100,4,3131.5,222,3,3131.6,335,5
2031,2026-06-16 12:01:44+05:30,3130.5,1,3130.01,1907101,134238.0,206524.0,3163.0,3163.0,3108.0,3134.3,31903400,3447.7,2820.9,3839.9,2896.0,3130.8,2,1,3130.7,13,1,3130.6,13,1,3130.5,21,2,3130.0,283,8,3131.2,128,6,3131.3,200,1,3131.4,100,4,3131.5,222,3,3131.6,335,5
2031,2026-06-16 12:01:46+05:30,3130.1,2,3130.01,1907101,134238.0,206524.0,3163.0,3163.0,3108.0,3134.3,31903400,3447.7,2820.9,3839.9,2896.0,3130.8,2,1,3130.7,13,1,3130.6,13,1,3130.5,21,2,3130.0,283,8,3131.2,128,6,3131.3,200,1,3131.4,100,4,3131.5,222,3,3131.6,335,5
2031,2026-06-16 12:01:46+05:30,3130.1,2,3130.01,1907646,132507.0,206756.0,3163.0,3163.0,3108.0,3134.3,31903400,3447.7,2820.9,3839.9,2896.0,3130.0,93,9,3129.8,53,4,3129.7,9,1,3129.6,47,4,3129.5,15,2,3130.1,193,1,3130.5,11,1,3130.6,7,1,3130.7,29,2,3130.9,18,1
2031,2026-06-16 12:01:48+05:30,3130.1,1,3130.01,1907646,132507.0,206756.0,3163.0,3163.0,3108.0,3134.3,31903400,3447.7,2820.9,3839.9,2896.0,3130.0,93,9,3129.8,53,4,3129.7,9,1,3129.6,47,4,3129.5,15,2,3130.1,193,1,3130.5,11,1,3130.6,7,1,3130.7,29,2,3130.9,18,1
2031,2026-06-16 12:01:50+05:30,3130.8,1,3130.01,1907646,132507.0,206756.0,3163.0,3163.0,3108.0,3134.3,31903400,3447.7,2820.9,3839.9,2896.0,3130.0,93,9,3129.8,53,4,3129.7,9,1,3129.6,47,4,3129.5,15,2,3130.1,193,1,3130.5,11,1,3130.6,7,1,3130.7,29,2,3130.9,18,1
2031,2026-06-16 12:01:51+05:30,3130.2,1,3130.01,1907944,133993.0,206663.0,3163.0,3163.0,3108.0,3134.3,31903400,3447.7,2820.9,3839.9,2896.0,3130.5,100,1,3130.2,18,2,3130.0,36,5,3129.9,20,1,3129.8,16,2,3130.8,24,1,3130.9,13,1,3131.0,25,1,3131.2,484,7,3131.3,94,3
2031,2026-06-16 12:01:51+05:30,3130.2,1,3130.01,1907944,133993.0,206663.0,3163.0,3163.0,3108.0,3134.3,31903400,3447.7,2820.9,3839.9,2896.0,3130.5,100,1,3130.2,18,2,3130.0,36,5,3129.9,20,1,3129.8,16,2,3130.8,24,1,3130.9,13,1,3131.0,25,1,3131.2,484,7,3131.3,94,3
2031,2026-06-16 12:01:53+05:30,3130.8,1,3130.01,1907944,133993.0,206663.0,3163.0,3163.0,3108.0,3134.3,31903400,3447.7,2820.9,3839.9,2896.0,3130.5,100,1,3130.2,18,2,3130.0,36,5,3129.9,20,1,3129.8,16,2,3130.8,24,1,3130.9,13,1,3131.0,25,1,3131.2,484,7,3131.3,94,3
2031,2026-06-16 12:01:53+05:30,3130.8,1,3130.01,1907944,133993.0,206663.0,3163.0,3163.0,3108.0,3134.3,31903400,3447.7,2820.9,3839.9,2896.0,3130.5,100,1,3130.2,18,2,3130.0,36,5,3129.9,20,1,3129.8,16,2,3130.8,24,1,3130.9,13,1,3131.0,25,1,3131.2,484,7,3131.3,94,3
2031,2026-06-16 12:01:55+05:30,3130.8,1,3130.01,1907944,133993.0,206663.0,3163.0,3163.0,3108.0,3134.3,31903400,3447.7,2820.9,3839.9,2896.0,3130.5,100,1,3130.2,18,2,3130.0,36,5,3129.9,20,1,3129.8,16,2,3130.8,24,1,3130.9,13,1,3131.0,25,1,3131.2,484,7,3131.3,94,3
2031,2026-06-16 12:01:56+05:30,3130.8,6,3130.01,1907944,133993.0,206663.0,3163.0,3163.0,3108.0,3134.3,31903400,3447.7,2820.9,3839.9,2896.0,3130.5,100,1,3130.2,18,2,3130.0,36,5,3129.9,20,1,3129.8,16,2,3130.8,24,1,3130.9,13,1,3131.0,25,1,3131.2,484,7,3131.3,94,3
2031,2026-06-16 12:01:57+05:30,3130.8,1,3130.01,1907969,134161.0,206684.0,3163.0,3163.0,3108.0,3134.3,31903400,3447.7,2820.9,3839.9,2896.0,3130.6,82,2,3130.5,100,1,3130.2,3,2,3130.0,64,6,3129.9,20,1,3130.8,58,3,3130.9,13,1,3131.0,25,1,3131.2,428,4,3131.3,22,2
2031,2026-06-16 12:01:57+05:30,3130.8,1,3130.01,1907969,134161.0,206684.0,3163.0,3163.0,3108.0,3134.3,31903400,3447.7,2820.9,3839.9,2896.0,3130.6,82,2,3130.5,100,1,3130.2,3,2,3130.0,64,6,3129.9,20,1,3130.8,58,3,3130.9,13,1,3131.0,25,1,3131.2,428,4,3131.3,22,2
2031,2026-06-16 12:01:59+05:30,3131.0,41,3130.01,1907969,134161.0,206684.0,3163.0,3163.0,3108.0,3134.3,31903400,3447.7,2820.9,3839.9,2896.0,3130.6,82,2,3130.5,100,1,3130.2,3,2,3130.0,64,6,3129.9,20,1,3130.8,58,3,3130.9,13,1,3131.0,25,1,3131.2,428,4,3131.3,22,2
2031,2026-06-16 12:01:59+05:30,3131.0,41,3130.01,1907969,134161.0,206684.0,3163.0,3163.0,3108.0,3134.3,31903400,3447.7,2820.9,3839.9,2896.0,3130.6,82,2,3130.5,100,1,3130.2,3,2,3130.0,64,6,3129.9,20,1,3130.8,58,3,3130.9,13,1,3131.0,25,1,3131.2,428,4,3131.3,22,2
2031,2026-06-16 12:02:01+05:30,3131.0,41,3130.01,1907969,134161.0,206684.0,3163.0,3163.0,3108.0,3134.3,31903400,3447.7,2820.9,3839.9,2896.0,3130.6,82,2,3130.5,100,1,3130.2,3,2,3130.0,64,6,3129.9,20,1,3130.8,58,3,3130.9,13,1,3131.0,25,1,3131.2,428,4,3131.3,22,2
2031,2026-06-16 12:02:02+05:30,3131.2,11,3130.01,1907969,134161.0,206684.0,3163.0,3163.0,3108.0,3134.3,31903400,3447.7,2820.9,3839.9,2896.0,3130.6,82,2,3130.5,100,1,3130.2,3,2,3130.0,64,6,3129.9,20,1,3130.8,58,3,3130.9,13,1,3131.0,25,1,3131.2,428,4,3131.3,22,2
2031,2026-06-16 12:02:02+05:30,3131.2,11,3130.01,1908298,135076.0,206160.0,3163.0,3163.0,3108.0,3134.3,31903400,3447.7,2820.9,3839.9,2896.0,3131.0,17,2,3130.8,3,1,3130.7,2,2,3130.6,17,1,3130.5,100,1,3131.2,360,4,3131.3,3,1,3131.4,2,1,3131.5,5,2,3131.6,250,3
2031,2026-06-16 12:02:02+05:30,3131.2,11,3130.01,1908298,135076.0,206160.0,3163.0,3163.0,3108.0,3134.3,31903400,3447.7,2820.9,3839.9,2896.0,3131.0,17,2,3130.8,3,1,3130.7,2,2,3130.6,17,1,3130.5,100,1,3131.2,360,4,3131.3,3,1,3131.4,2,1,3131.5,5,2,3131.6,250,3
2031,2026-06-16 12:02:03+05:30,3131.2,11,3130.01,1908298,135076.0,206160.0,3163.0,3163.0,3108.0,3134.3,31903400,3447.7,2820.9,3839.9,2896.0,3131.0,17,2,3130.8,3,1,3130.7,2,2,3130.6,17,1,3130.5,100,1,3131.2,360,4,3131.3,3,1,3131.4,2,1,3131.5,5,2,3131.6,250,3
2031,2026-06-16 12:02:04+05:30,3131.2,11,3130.01,1908298,135076.0,206160.0,3163.0,3163.0,3108.0,3134.3,31903400,3447.7,2820.9,3839.9,2896.0,3131.0,17,2,3130.8,3,1,3130.7,2,2,3130.6,17,1,3130.5,100,1,3131.2,360,4,3131.3,3,1,3131.4,2,1,3131.5,5,2,3131.6,250,3
2031,2026-06-16 12:02:05+05:30,3131.2,11,3130.01,1908298,135076.0,206160.0,3163.0,3163.0,3108.0,3134.3,31903400,3447.7,2820.9,3839.9,2896.0,3131.0,17,2,3130.8,3,1,3130.7,2,2,3130.6,17,1,3130.5,100,1,3131.2,360,4,3131.3,3,1,3131.4,2,1,3131.5,5,2,3131.6,250,3
2031,2026-06-16 12:02:05+05:30,3131.2,83,3130.01,1908298,135076.0,206160.0,3163.0,3163.0,3108.0,3134.3,31903400,3447.7,2820.9,3839.9,2896.0,3131.0,17,2,3130.8,3,1,3130.7,2,2,3130.6,17,1,3130.5,100,1,3131.2,360,4,3131.3,3,1,3131.4,2,1,3131.5,5,2,3131.6,250,3
2031,2026-06-16 12:02:05+05:30,3131.2,83,3130.01,1908298,135076.0,206160.0,3163.0,3163.0,3108.0,3134.3,31903400,3447.7,2820.9,3839.9,2896.0,3131.0,17,2,3130.8,3,1,3130.7,2,2,3130.6,17,1,3130.5,100,1,3131.2,360,4,3131.3,3,1,3131.4,2,1,3131.5,5,2,3131.6,250,3
2031,2026-06-16 12:02:06+05:30,3131.2,83,3130.01,1908298,135076.0,206160.0,3163.0,3163.0,3108.0,3134.3,31903400,3447.7,2820.9,3839.9,2896.0,3131.0,17,2,3130.8,3,1,3130.7,2,2,3130.6,17,1,3130.5,100,1,3131.2,360,4,3131.3,3,1,3131.4,2,1,3131.5,5,2,3131.6,250,3
2031,2026-06-16 12:02:07+05:30,3131.2,83,3130.01,1908298,135076.0,206160.0,3163.0,3163.0,3108.0,3134.3,31903400,3447.7,2820.9,3839.9,2896.0,3131.0,17,2,3130.8,3,1,3130.7,2,2,3130.6,17,1,3130.5,100,1,3131.2,360,4,3131.3,3,1,3131.4,2,1,3131.5,5,2,3131.6,250,3
2031,2026-06-16 12:02:07+05:30,3131.2,17,3130.01,1908649,135038.0,207915.0,3163.0,3163.0,3108.0,3134.3,31903400,3447.7,2820.9,3839.9,2896.0,3130.5,82,1,3130.2,23,2,3130.1,218,2,3130.0,502,8,3129.9,46,2,3131.2,348,4,3131.3,9,2,3131.4,2,1,3131.5,28,2,3131.6,252,2
2031,2026-06-16 12:02:08+05:30,3131.2,17,3130.01,1908649,135038.0,207915.0,3163.0,3163.0,3108.0,3134.3,31903400,3447.7,2820.9,3839.9,2896.0,3130.5,82,1,3130.2,23,2,3130.1,218,2,3130.0,502,8,3129.9,46,2,3131.2,348,4,3131.3,9,2,3131.4,2,1,3131.5,28,2,3131.6,252,2
2031,2026-06-16 12:02:08+05:30,3131.2,17,3130.01,1908649,135038.0,207915.0,3163.0,3163.0,3108.0,3134.3,31903400,3447.7,2820.9,3839.9,2896.0,3130.5,82,1,3130.2,23,2,3130.1,218,2,3130.0,502,8,3129.9,46,2,3131.2,348,4,3131.3,9,2,3131.4,2,1,3131.5,28,2,3131.6,252,2
2031,2026-06-16 12:02:09+05:30,3131.2,17,3130.01,1908649,135038.0,207915.0,3163.0,3163.0,3108.0,3134.3,31903400,3447.7,2820.9,3839.9,2896.0,3130.5,82,1,3130.2,23,2,3130.1,218,2,3130.0,502,8,3129.9,46,2,3131.2,348,4,3131.3,9,2,3131.4,2,1,3131.5,28,2,3131.6,252,2
2031,2026-06-16 12:02:10+05:30,3131.2,17,3130.01,1908649,135038.0,207915.0,3163.0,3163.0,3108.0,3134.3,31903000,3447.7,2820.9,3839.9,2896.0,3130.5,82,1,3130.2,23,2,3130.1,218,2,3130.0,502,8,3129.9,46,2,3131.2,348,4,3131.3,9,2,3131.4,2,1,3131.5,28,2,3131.6,252,2
2031,2026-06-16 12:02:11+05:30,3130.1,9,3130.01,1908649,135038.0,207915.0,3163.0,3163.0,3108.0,3134.3,31903000,3447.7,2820.9,3839.9,2896.0,3130.5,82,1,3130.2,23,2,3130.1,218,2,3130.0,502,8,3129.9,46,2,3131.2,348,4,3131.3,9,2,3131.4,2,1,3131.5,28,2,3131.6,252,2
2031,2026-06-16 12:02:12+05:30,3130.4,2,3130.01,1908845,133923.0,207798.0,3163.0,3163.0,3108.0,3134.3,31903000,3447.7,2820.9,3839.9,2896.0,3130.1,99,3,3130.0,461,8,3129.8,81,5,3129.7,68,2,3129.6,92,6,3130.4,115,1,3131.2,434,8,3131.3,55,2,3131.4,129,4,3131.5,76,3
2031,2026-06-16 12:02:14+05:30,3130.2,10,3130.01,1908845,133923.0,207798.0,3163.0,3163.0,3108.0,3134.3,31903000,3447.7,2820.9,3839.9,2896.0,3130.1,99,3,3130.0,461,8,3129.8,81,5,3129.7,68,2,3129.6,92,6,3130.4,115,1,3131.2,434,8,3131.3,55,2,3131.4,129,4,3131.5,76,3
2031,2026-06-16 12:02:17+05:30,3130.1,63,3130.01,1908845,133923.0,207798.0,3163.0,3163.0,3108.0,3134.3,31903000,3447.7,2820.9,3839.9,2896.0,3130.1,99,3,3130.0,461,8,3129.8,81,5,3129.7,68,2,3129.6,92,6,3130.4,115,1,3131.2,434,8,3131.3,55,2,3131.4,129,4,3131.5,76,3
2031,2026-06-16 12:02:18+05:30,3131.2,176,3130.01,1909608,134177.0,205278.0,3163.0,3163.0,3108.0,3134.3,31903000,3447.7,2820.9,3839.9,2896.0,3130.1,25,2,3130.0,535,10,3129.9,51,3,3129.8,53,2,3129.7,26,1,3130.6,1,1,3131.2,427,4,3131.3,104,3,3131.4,139,4,3131.5,54,3
2031,2026-06-16 12:02:19+05:30,3131.2,24,3130.01,1909608,134177.0,205278.0,3163.0,3163.0,3108.0,3134.3,31903000,3447.7,2820.9,3839.9,2896.0,3130.1,25,2,3130.0,535,10,3129.9,51,3,3129.8,53,2,3129.7,26,1,3130.6,1,1,3131.2,427,4,3131.3,104,3,3131.4,139,4,3131.5,54,3
2031,2026-06-16 12:02:19+05:30,3131.2,24,3130.01,1909658,133982.0,207017.0,3163.0,3163.0,3108.0,3134.3,31903000,3447.7,2820.9,3839.9,2896.0,3130.1,25,2,3130.0,515,9,3129.9,11,1,3129.8,112,5,3129.7,333,4,3131.2,206,4,3131.3,55,2,3131.4,104,3,3131.5,50,2,3131.6,20,1
2031,2026-06-16 12:02:20+05:30,3131.2,1,3130.01,1909658,133982.0,207017.0,3163.0,3163.0,3108.0,3134.3,31903000,3447.7,2820.9,3839.9,2896.0,3130.1,25,2,3130.0,515,9,3129.9,11,1,3129.8,112,5,3129.7,333,4,3131.2,206,4,3131.3,55,2,3131.4,104,3,3131.5,50,2,3131.6,20,1
2031,2026-06-16 12:02:20+05:30,3130.1,8,3130.01,1909667,133990.0,206975.0,3163.0,3163.0,3108.0,3134.3,31903000,3447.7,2820.9,3839.9,2896.0,3130.2,17,1,3130.1,17,2,3130.0,517,9,3129.9,11,1,3129.8,92,4,3131.2,29,3,3131.3,3,1,3131.4,104,3,3131.5,50,2,3131.6,20,1
2031,2026-06-16 12:02:21+05:30,3130.1,8,3130.01,1909667,133990.0,206975.0,3163.0,3163.0,3108.0,3134.3,31903000,3447.7,2820.9,3839.9,2896.0,3130.2,17,1,3130.1,17,2,3130.0,517,9,3129.9,11,1,3129.8,92,4,3131.2,29,3,3131.3,3,1,3131.4,104,3,3131.5,50,2,3131.6,20,1
2031,2026-06-16 12:02:21+05:30,3130.1,8,3130.01,1909667,134195.0,206890.0,3163.0,3163.0,3108.0,3134.3,31903000,3447.7,2820.9,3839.9,2896.0,3130.2,29,2,3130.1,37,3,3130.0,497,8,3129.9,30,2,3129.8,118,5,3131.2,2,1,3131.3,3,1,3131.4,51,2,3131.5,50,2,3131.6,58,2
2031,2026-06-16 12:02:22+05:30,3131.3,8,3130.01,1909667,134195.0,206890.0,3163.0,3163.0,3108.0,3134.3,31903000,3447.7,2820.9,3839.9,2896.0,3130.2,29,2,3130.1,37,3,3130.0,497,8,3129.9,30,2,3129.8,118,5,3131.2,2,1,3131.3,3,1,3131.4,51,2,3131.5,50,2,3131.6,58,2
2031,2026-06-16 12:02:22+05:30,3131.3,8,3130.01,1909678,134218.0,206824.0,3163.0,3163.0,3108.0,3134.3,31903000,3447.7,2820.9,3839.9,2896.0,3130.2,29,2,3130.1,61,3,3130.0,499,9,3129.9,30,2,3129.8,118,5,3131.3,2,1,3131.4,51,2,3131.5,2,1,3131.6,20,1,3131.7,116,2
2031,2026-06-16 12:02:23+05:30,3131.3,1,3130.01,1909678,134218.0,206824.0,3163.0,3163.0,3108.0,3134.3,31903000,3447.7,2820.9,3839.9,2896.0,3130.2,29,2,3130.1,61,3,3130.0,499,9,3129.9,30,2,3129.8,118,5,3131.3,2,1,3131.4,51,2,3131.5,2,1,3131.6,20,1,3131.7,116,2
2031,2026-06-16 12:02:23+05:30,3131.3,1,3130.01,1909679,134218.0,206888.0,3163.0,3163.0,3108.0,3134.3,31903000,3447.7,2820.9,3839.9,2896.0,3130.2,29,2,3130.1,61,3,3130.0,499,9,3129.9,30,2,3129.8,118,5,3131.3,26,2,3131.4,51,2,3131.5,2,1,3131.6,20,1,3131.7,116,2
2031,2026-06-16 12:02:24+05:30,3131.3,1,3130.01,1909679,135108.0,207244.0,3163.0,3163.0,3108.0,3134.3,31903000,3447.7,2820.9,3839.9,2896.0,3130.5,16,1,3130.2,12,1,3130.1,61,3,3130.0,499,9,3129.9,30,2,3131.3,26,2,3131.4,51,2,3131.5,2,1,3131.6,20,1,3131.7,116,2
2031,2026-06-16 12:02:25+05:30,3131.0,1,3130.01,1909679,135108.0,207244.0,3163.0,3163.0,3108.0,3134.3,31903000,3447.7,2820.9,3839.9,2896.0,3130.5,16,1,3130.2,12,1,3130.1,61,3,3130.0,499,9,3129.9,30,2,3131.3,26,2,3131.4,51,2,3131.5,2,1,3131.6,20,1,3131.7,116,2
2031,2026-06-16 12:02:25+05:30,3131.0,1,3130.01,1909680,135018.0,207234.0,3163.0,3163.0,3108.0,3134.3,31903000,3447.7,2820.9,3839.9,2896.0,3130.6,16,1,3130.2,28,2,3130.1,61,3,3130.0,518,10,3129.9,11,1,3131.3,47,3,3131.4,2,1,3131.5,2,1,3131.6,20,1,3131.7,116,2
2031,2026-06-16 12:02:26+05:30,3131.3,35,3130.01,1909680,135018.0,207234.0,3163.0,3163.0,3108.0,3134.3,31903000,3447.7,2820.9,3839.9,2896.0,3130.6,16,1,3130.2,28,2,3130.1,61,3,3130.0,518,10,3129.9,11,1,3131.3,47,3,3131.4,2,1,3131.5,2,1,3131.6,20,1,3131.7,116,2
2031,2026-06-16 12:02:26+05:30,3131.3,35,3130.01,1909741,135248.0,207271.0,3163.0,3163.0,3108.0,3134.3,31903000,3447.7,2820.9,3839.9,2896.0,3131.0,8,1,3130.6,16,1,3130.3,19,1,3130.2,91,3,3130.1,61,3,3131.3,6,1,3131.4,2,1,3131.5,2,1,3131.8,639,6,3131.9,298,5
2031,2026-06-16 12:02:27+05:30,3131.3,35,3130.01,1909741,135581.0,207269.0,3163.0,3163.0,3108.0,3134.3,31903000,3447.7,2820.9,3839.9,2896.0,3131.0,24,2,3130.3,63,1,3130.2,169,5,3130.1,119,4,3130.0,622,12,3131.3,1,1,3131.4,2,1,3131.5,2,1,3131.8,580,4,3131.9,298,5
2031,2026-06-16 12:02:28+05:30,3131.3,35,3130.01,1909741,135525.0,207251.0,3163.0,3163.0,3108.0,3134.3,31903000,3447.7,2820.9,3839.9,2896.0,3131.0,24,2,3130.3,89,2,3130.2,143,4,3130.1,119,4,3130.0,822,13,3131.3,1,1,3131.4,2,1,3131.5,2,1,3131.8,580,4,3131.9,226,3
2031,2026-06-16 12:02:29+05:30,3130.4,1,3130.01,1909741,135525.0,207251.0,3163.0,3163.0,3108.0,3134.3,31903000,3447.7,2820.9,3839.9,2896.0,3131.0,24,2,3130.3,89,2,3130.2,143,4,3130.1,119,4,3130.0,822,13,3131.3,1,1,3131.4,2,1,3131.5,2,1,3131.8,580,4,3131.9,226,3
2031,2026-06-16 12:02:29+05:30,3130.4,1,3130.02,1913014,133655.0,206482.0,3163.0,3163.0,3108.0,3134.3,31903000,3447.7,2820.9,3839.9,2896.0,3130.2,16,1,3130.1,15,1,3130.0,447,8,3129.8,53,2,3129.6,43,4,3130.4,199,1,3131.2,19,1,3131.4,150,3,3131.5,337,5,3131.6,144,4
2031,2026-06-16 12:02:30+05:30,3130.4,1,3130.02,1913015,133978.0,207052.0,3163.0,3163.0,3108.0,3134.3,31903000,3447.7,2820.9,3839.9,2896.0,3130.2,86,3,3130.1,15,1,3130.0,569,10,3129.8,53,2,3129.6,23,3,3130.4,419,3,3131.2,40,2,3131.4,590,7,3131.5,137,4,3131.6,165,5
2031,2026-06-16 12:02:31+05:30,3130.3,1,3130.02,1913015,133978.0,207052.0,3163.0,3163.0,3108.0,3134.3,31903000,3447.7,2820.9,3839.9,2896.0,3130.2,86,3,3130.1,15,1,3130.0,569,10,3129.8,53,2,3129.6,23,3,3130.4,419,3,3131.2,40,2,3131.4,590,7,3131.5,137,4,3131.6,165,5
2031,2026-06-16 12:02:31+05:30,3130.3,1,3130.02,1913323,133818.0,207697.0,3163.0,3163.0,3108.0,3134.3,31903000,3447.7,2820.9,3839.9,2896.0,3130.2,11,1,3130.1,15,1,3130.0,517,9,3129.8,1,1,3129.6,2,2,3130.3,161,2,3130.4,284,4,3130.9,54,2,3131.0,46,1,3131.1,50,2
2031,2026-06-16 12:02:32+05:30,3130.2,40,3130.02,1913323,133818.0,207697.0,3163.0,3163.0,3108.0,3134.3,31903000,3447.7,2820.9,3839.9,2896.0,3130.2,11,1,3130.1,15,1,3130.0,517,9,3129.8,1,1,3129.6,2,2,3130.3,161,2,3130.4,284,4,3130.9,54,2,3131.0,46,1,3131.1,50,2
2031,2026-06-16 12:02:32+05:30,3130.2,40,3130.02,1913385,133570.0,207576.0,3163.0,3163.0,3108.0,3134.3,31903000,3447.7,2820.9,3839.9,2896.0,3130.1,15,1,3130.0,517,9,3129.8,1,1,3129.6,2,2,3129.5,73,3,3130.3,150,2,3130.4,284,4,3130.9,54,2,3131.0,46,1,3131.1,50,2
2031,2026-06-16 12:02:33+05:30,3130.2,40,3130.02,1913385,133803.0,205752.0,3163.0,3163.0,3108.0,3134.3,31903000,3447.7,2820.9,3839.9,2896.0,3130.1,15,1,3130.0,517,9,3129.8,1,1,3129.6,23,3,3129.5,73,3,3130.3,147,2,3130.4,284,4,3130.9,54,2,3131.0,56,2,3131.1,50,2
2031,2026-06-16 12:02:34+05:30,3130.0,70,3130.02,1913917,132619.0,205769.0,3163.0,3163.0,3108.0,3134.3,31903000,3447.7,2820.9,3839.9,2896.0,3130.0,42,5,3129.8,1,1,3129.6,2,2,3129.5,21,2,3129.1,51,3,3130.1,185,1,3130.3,166,3,3130.4,138,5,3130.5,25,1,3130.6,66,2
2031,2026-06-16 12:02:35+05:30,3130.1,50,3130.02,1913917,132619.0,205769.0,3163.0,3163.0,3108.0,3134.3,31903000,3447.7,2820.9,3839.9,2896.0,3130.0,42,5,3129.8,1,1,3129.6,2,2,3129.5,21,2,3129.1,51,3,3130.1,185,1,3130.3,166,3,3130.4,138,5,3130.5,25,1,3130.6,66,2
2031,2026-06-16 12:02:35+05:30,3130.0,8,3130.02,1914102,132648.0,207550.0,3163.0,3163.0,3108.0,3134.3,31903000,3447.7,2820.9,3839.9,2896.0,3130.0,34,5,3129.8,1,1,3129.6,2,2,3129.5,21,2,3129.1,51,3,3130.2,91,1,3130.3,9,1,3130.4,86,3,3130.6,19,1,3130.7,70,2
2031,2026-06-16 12:02:36+05:30,3130.1,4,3130.02,1914102,132648.0,207550.0,3163.0,3163.0,3108.0,3134.3,31903000,3447.7,2820.9,3839.9,2896.0,3130.0,34,5,3129.8,1,1,3129.6,2,2,3129.5,21,2,3129.1,51,3,3130.2,91,1,3130.3,9,1,3130.4,86,3,3130.6,19,1,3130.7,70,2
2031,2026-06-16 12:02:36+05:30,3130.1,4,3130.02,1914108,133131.0,207645.0,3163.0,3163.0,3108.0,3134.3,31903000,3447.7,2820.9,3839.9,2896.0,3130.0,34,5,3129.8,1,1,3129.6,2,2,3129.5,21,2,3129.1,260,5,3130.1,28,1,3130.2,91,1,3130.3,9,1,3130.4,86,3,3130.6,66,2
2031,2026-06-16 12:02:37+05:30,3130.1,4,3130.02,1914108,133210.0,207595.0,3163.0,3163.0,3108.0,3134.3,31903000,3447.7,2820.9,3839.9,2896.0,3130.0,50,6,3129.8,1,1,3129.6,2,2,3129.5,21,2,3129.3,71,2,3130.1,52,2,3130.2,91,1,3130.3,9,1,3130.4,86,3,3130.8,299,3
2031,2026-06-16 12:02:38+05:30,3130.1,2,3130.02,1914108,133210.0,207595.0,3163.0,3163.0,3108.0,3134.3,31903000,3447.7,2820.9,3839.9,2896.0,3130.0,50,6,3129.8,1,1,3129.6,2,2,3129.5,21,2,3129.3,71,2,3130.1,52,2,3130.2,91,1,3130.3,9,1,3130.4,86,3,3130.8,299,3
2031,2026-06-16 12:02:38+05:30,3130.1,2,3130.02,1914110,133242.0,205555.0,3163.0,3163.0,3108.0,3134.3,31903000,3447.7,2820.9,3839.9,2896.0,3130.0,50,6,3129.8,1,1,3129.6,2,2,3129.5,21,2,3129.3,71,2,3130.1,51,3,3130.2,91,1,3130.3,9,1,3130.4,85,2,3130.8,247,2
2031,2026-06-16 12:02:39+05:30,3130.1,2,3130.02,1914110,133242.0,207703.0,3163.0,3163.0,3108.0,3134.3,31903000,3447.7,2820.9,3839.9,2896.0,3130.0,52,7,3129.8,1,1,3129.6,2,2,3129.5,21,2,3129.3,52,1,3130.1,92,4,3130.2,91,1,3130.3,9,1,3130.4,85,2,3130.5,18,2
2031,2026-06-16 12:02:40+05:30,3130.0,15,3130.02,1914217,133284.0,207570.0,3163.0,3163.0,3108.0,3134.3,31903000,3447.7,2820.9,3839.9,2896.0,3130.0,38,7,3129.8,1,1,3129.6,2,2,3129.5,73,3,3129.3,122,4,3130.2,91,1,3130.3,9,1,3130.4,85,2,3130.5,11,1,3130.8,200,1
2031,2026-06-16 12:02:40+05:30,3130.0,15,3130.02,1914217,133284.0,207570.0,3163.0,3163.0,3108.0,3134.3,31903000,3447.7,2820.9,3839.9,2896.0,3130.0,38,7,3129.8,1,1,3129.6,2,2,3129.5,73,3,3129.3,122,4,3130.2,91,1,3130.3,9,1,3130.4,85,2,3130.5,11,1,3130.8,200,1
2031,2026-06-16 12:02:41+05:30,3130.2,1,3130.02,1914218,133379.0,207597.0,3163.0,3163.0,3108.0,3134.3,31903000,3447.7,2820.9,3839.9,2896.0,3130.0,103,8,3129.8,1,1,3129.6,2,2,3129.5,21,2,3129.3,52,1,3130.2,90,1,3130.3,9,1,3130.4,85,2,3130.5,11,1,3130.8,200,1
2031,2026-06-16 12:02:41+05:30,3130.2,1,3130.02,1914218,133379.0,207597.0,3163.0,3163.0,3108.0,3134.3,31903000,3447.7,2820.9,3839.9,2896.0,3130.0,103,8,3129.8,1,1,3129.6,2,2,3129.5,21,2,3129.3,52,1,3130.2,90,1,3130.3,9,1,3130.4,85,2,3130.5,11,1,3130.8,200,1
2031,2026-06-16 12:02:42+05:30,3130.2,1,3130.02,1914219,133409.0,207396.0,3163.0,3163.0,3108.0,3134.3,31903000,3447.7,2820.9,3839.9,2896.0,3130.0,103,8,3129.8,1,1,3129.6,2,2,3129.5,61,4,3129.3,91,3,3130.2,89,1,3130.3,9,1,3130.4,85,2,3130.5,11,1,3130.8,200,1
2031,2026-06-16 12:02:42+05:30,3130.2,1,3130.02,1914219,133409.0,207396.0,3163.0,3163.0,3108.0,3134.3,31903000,3447.7,2820.9,3839.9,2896.0,3130.0,103,8,3129.8,1,1,3129.6,2,2,3129.5,61,4,3129.3,91,3,3130.2,89,1,3130.3,9,1,3130.4,85,2,3130.5,11,1,3130.8,200,1
2031,2026-06-16 12:02:43+05:30,3130.2,1,3130.02,1914219,133449.0,207379.0,3163.0,3163.0,3108.0,3134.3,31903000,3447.7,2820.9,3839.9,2896.0,3130.0,103,8,3129.8,1,1,3129.6,21,3,3129.5,113,5,3129.4,40,2,3130.2,101,2,3130.3,9,1,3130.4,85,2,3130.8,200,1,3131.0,380,6
2031,2026-06-16 12:02:44+05:30,3130.2,1,3130.02,1914219,133535.0,207379.0,3163.0,3163.0,3108.0,3134.3,31903000,3447.7,2820.9,3839.9,2896.0,3130.0,103,8,3129.8,1,1,3129.6,73,5,3129.5,69,3,3129.4,65,3,3130.2,101,2,3130.3,9,1,3130.4,85,2,3130.8,200,1,3131.0,328,5
2031,2026-06-16 12:02:45+05:30,3130.2,1,3130.02,1914219,133562.0,207381.0,3163.0,3163.0,3108.0,3134.3,31903000,3447.7,2820.9,3839.9,2896.0,3130.0,104,9,3129.8,1,1,3129.6,29,3,3129.5,69,3,3129.4,65,3,3130.2,101,2,3130.3,9,1,3130.4,85,2,3130.8,200,1,3131.0,378,6
2031,2026-06-16 12:02:46+05:30,3130.2,1,3130.02,1914221,133675.0,207393.0,3163.0,3163.0,3108.0,3134.3,31903000,3447.7,2820.9,3839.9,2896.0,3130.1,2,2,3130.0,109,11,3129.9,25,1,3129.8,10,2,3129.7,11,1,3130.2,99,2,3130.3,9,1,3130.4,85,2,3130.8,200,1,3131.0,260,3
2031,2026-06-16 12:02:46+05:30,3130.2,1,3130.02,1914221,133675.0,207393.0,3163.0,3163.0,3108.0,3134.3,31903000,3447.7,2820.9,3839.9,2896.0,3130.1,2,2,3130.0,109,11,3129.9,25,1,3129.8,10,2,3129.7,11,1,3130.2,99,2,3130.3,9,1,3130.4,85,2,3130.8,200,1,3131.0,260,3
2031,2026-06-16 12:02:47+05:30,3130.2,66,3130.02,1914221,133675.0,207393.0,3163.0,3163.0,3108.0,3134.3,31903000,3447.7,2820.9,3839.9,2896.0,3130.1,2,2,3130.0,109,11,3129.9,25,1,3129.8,10,2,3129.7,11,1,3130.2,99,2,3130.3,9,1,3130.4,85,2,3130.8,200,1,3131.0,260,3
2031,2026-06-16 12:02:47+05:30,3130.2,66,3130.02,1914389,133750.0,207482.0,3163.0,3163.0,3108.0,3134.3,31903000,3447.7,2820.9,3839.9,2896.0,3130.1,2,2,3130.0,106,11,3129.8,1,1,3129.7,19,1,3129.6,27,3,3130.2,37,2,3130.3,9,1,3130.4,85,2,3130.8,200,1,3131.0,460,4
2031,2026-06-16 12:02:48+05:30,3130.2,66,3130.02,1914389,134807.0,207295.0,3163.0,3163.0,3108.0,3134.3,31903000,3447.7,2820.9,3839.9,2896.0,3130.1,1024,5,3130.0,110,12,3129.9,21,1,3129.8,63,5,3129.6,52,4,3130.2,37,2,3130.3,9,1,3130.4,85,2,3130.8,200,1,3131.0,460,4
2031,2026-06-16 12:02:49+05:30,3130.2,1,3130.02,1914390,134917.0,207312.0,3163.0,3163.0,3108.0,3134.3,31903000,3447.7,2820.9,3839.9,2896.0,3130.1,1186,7,3130.0,114,13,3129.9,21,1,3129.8,105,6,3129.6,130,5,3130.2,36,2,3130.3,9,1,3130.4,85,2,3130.8,200,1,3131.0,460,4
2031,2026-06-16 12:02:49+05:30,3130.2,1,3130.02,1914390,134917.0,207312.0,3163.0,3163.0,3108.0,3134.3,31903000,3447.7,2820.9,3839.9,2896.0,3130.1,1186,7,3130.0,114,13,3129.9,21,1,3129.8,105,6,3129.6,130,5,3130.2,36,2,3130.3,9,1,3130.4,85,2,3130.8,200,1,3131.0,460,4
2031,2026-06-16 12:02:50+05:30,3130.2,1,3130.02,1914390,134821.0,207311.0,3163.0,3163.0,3108.0,3134.3,31903000,3447.7,2820.9,3839.9,2896.0,3130.1,1175,6,3130.0,64,12,3129.9,28,2,3129.8,63,5,3129.6,130,5,3130.2,36,2,3130.3,9,1,3130.4,85,2,3130.8,200,1,3131.0,460,4
2031,2026-06-16 12:02:51+05:30,3130.3,1,3130.02,1914451,134923.0,207396.0,3163.0,3163.0,3108.0,3134.3,31903000,3447.7,2820.9,3839.9,2896.0,3130.1,1164,5,3130.0,40,10,3129.9,7,1,3129.8,65,5,3129.7,13,1,3130.2,25,1,3130.3,8,1,3130.4,201,3,3130.8,200,1,3131.0,460,4
2031,2026-06-16 12:02:51+05:30,3130.3,1,3130.02,1914451,134923.0,207396.0,3163.0,3163.0,3108.0,3134.3,31903000,3447.7,2820.9,3839.9,2896.0,3130.1,1164,5,3130.0,40,10,3129.9,7,1,3129.8,65,5,3129.7,13,1,3130.2,25,1,3130.3,8,1,3130.4,201,3,3130.8,200,1,3131.0,460,4
2031,2026-06-16 12:02:51+05:30,3130.3,1,3130.02,1914451,134923.0,207396.0,3163.0,3163.0,3108.0,3134.3,31903000,3447.7,2820.9,3839.9,2896.0,3130.1,1164,5,3130.0,40,10,3129.9,7,1,3129.8,65,5,3129.7,13,1,3130.2,25,1,3130.3,8,1,3130.4,201,3,3130.8,200,1,3131.0,460,4
2031,2026-06-16 12:02:52+05:30,3131.0,389,3130.02,1920683,132393.0,206354.0,3163.0,3163.0,3108.0,3134.3,31903000,3447.7,2820.9,3839.9,2896.0,3130.1,2,1,3130.0,40,10,3129.8,1,1,3129.6,2,2,3129.5,3,2,3130.4,10,2,3130.6,19,1,3130.8,93,2,3131.0,293,3,3131.1,200,1
2031,2026-06-16 12:02:52+05:30,3131.0,389,3130.02,1920683,132393.0,206354.0,3163.0,3163.0,3108.0,3134.3,31903000,3447.7,2820.9,3839.9,2896.0,3130.1,2,1,3130.0,40,10,3129.8,1,1,3129.6,2,2,3129.5,3,2,3130.4,10,2,3130.6,19,1,3130.8,93,2,3131.0,293,3,3131.1,200,1
2031,2026-06-16 12:02:53+05:30,3129.0,30,3130.02,1920683,132393.0,206354.0,3163.0,3163.0,3108.0,3134.3,31903000,3447.7,2820.9,3839.9,2896.0,3130.1,2,1,3130.0,40,10,3129.8,1,1,3129.6,2,2,3129.5,3,2,3130.4,10,2,3130.6,19,1,3130.8,93,2,3131.0,293,3,3131.1,200,1
2031,2026-06-16 12:02:53+05:30,3129.0,30,3130.02,1921263,133321.0,208089.0,3163.0,3163.0,3108.0,3134.3,31903000,3447.7,2820.9,3839.9,2896.0,3130.0,5,1,3129.2,35,2,3129.0,160,10,3128.9,50,4,3128.8,26,2,3130.4,24,3,3130.6,19,1,3130.8,600,3,3130.9,68,3,3131.0,282,3
2031,2026-06-16 12:02:53+05:30,3129.0,30,3130.02,1921263,133321.0,208089.0,3163.0,3163.0,3108.0,3134.3,31903000,3447.7,2820.9,3839.9,2896.0,3130.0,5,1,3129.2,35,2,3129.0,160,10,3128.9,50,4,3128.8,26,2,3130.4,24,3,3130.6,19,1,3130.8,600,3,3130.9,68,3,3131.0,282,3
2031,2026-06-16 12:02:54+05:30,3129.0,30,3130.02,1921263,133452.0,205804.0,3163.0,3163.0,3108.0,3134.3,31903000,3447.7,2820.9,3839.9,2896.0,3130.2,1,1,3130.1,42,1,3130.0,47,2,3129.5,25,1,3129.2,127,4,3130.4,9,2,3130.5,84,1,3130.8,200,1,3130.9,10,2,3131.0,200,1
2031,2026-06-16 12:02:55+05:30,3130.2,1,3130.02,1921263,133452.0,205804.0,3163.0,3163.0,3108.0,3134.3,31903000,3447.7,2820.9,3839.9,2896.0,3130.1,29,1,3130.0,64,4,3129.5,67,2,3129.4,18,1,3129.3,52,1,3130.2,42,1,3130.4,9,2,3130.5,90,2,3130.8,19,1,3130.9,10,2
2031,2026-06-16 12:02:55+05:30,3130.2,1,3130.02,1921326,133466.0,207251.0,3163.0,3163.0,3108.0,3134.3,31903000,3447.7,2820.9,3839.9,2896.0,3130.1,29,1,3130.0,64,4,3129.5,67,2,3129.4,18,1,3129.3,52,1,3130.2,42,1,3130.4,9,2,3130.5,90,2,3130.8,19,1,3130.9,10,2
2031,2026-06-16 12:02:55+05:30,3130.2,1,3130.02,1921326,133466.0,207251.0,3163.0,3163.0,3108.0,3134.3,31903000,3447.7,2820.9,3839.9,2896.0,3130.1,29,1,3130.0,64,4,3129.5,67,2,3129.4,18,1,3129.3,52,1,3130.2,42,1,3130.4,9,2,3130.5,90,2,3130.8,19,1,3130.9,10,2
2031,2026-06-16 12:02:56+05:30,3130.2,1,3130.02,1921326,133419.0,208217.0,3163.0,3163.0,3108.0,3134.3,31903000,3447.7,2820.9,3839.9,2896.0,3130.1,70,2,3130.0,64,4,3129.3,52,1,3129.2,47,2,3129.1,61,3,3130.2,127,3,3130.4,9,2,3130.5,25,2,3130.6,58,1,3130.8,112,3
2031,2026-06-16 12:02:57+05:30,3130.1,42,3130.02,1921326,133419.0,208217.0,3163.0,3163.0,3108.0,3134.3,31903000,3447.7,2820.9,3839.9,2896.0,3130.1,42,1,3130.0,48,3,3129.1,61,3,3129.0,132,9,3128.9,298,7,3130.2,37,1,3130.4,86,4,3130.5,7,1,3130.6,102,3,3130.8,112,3
2031,2026-06-16 12:02:57+05:30,3130.1,42,3130.02,1921812,133442.0,207553.0,3163.0,3163.0,3108.0,3134.3,31903000,3447.7,2820.9,3839.9,2896.0,3130.1,42,1,3130.0,48,3,3129.1,61,3,3129.0,132,9,3128.9,298,7,3130.2,37,1,3130.4,86,4,3130.5,7,1,3130.6,102,3,3130.8,112,3
2031,2026-06-16 12:02:57+05:30,3130.1,42,3130.02,1921812,133442.0,207553.0,3163.0,3163.0,3108.0,3134.3,31903000,3447.7,2820.9,3839.9,2896.0,3130.1,42,1,3130.0,48,3,3129.1,61,3,3129.0,132,9,3128.9,298,7,3130.2,37,1,3130.4,86,4,3130.5,7,1,3130.6,102,3,3130.8,112,3
2031,2026-06-16 12:02:58+05:30,3129.0,10,3130.02,1921812,133442.0,207553.0,3163.0,3163.0,3108.0,3134.3,31903000,3447.7,2820.9,3839.9,2896.0,3130.1,42,1,3130.0,48,3,3129.1,61,3,3129.0,132,9,3128.9,298,7,3130.2,37,1,3130.4,86,4,3130.5,7,1,3130.6,102,3,3130.8,112,3
2031,2026-06-16 12:02:58+05:30,3129.0,10,3130.02,1923312,131273.0,208216.0,3163.0,3163.0,3108.0,3134.3,31903000,3447.7,2820.9,3839.9,2896.0,3129.0,14,1,3128.9,2,2,3128.8,1,1,3128.7,7,1,3128.6,25,1,3130.0,6,1,3130.1,442,5,3130.2,37,1,3130.3,107,2,3130.4,126,5
2031,2026-06-16 12:02:59+05:30,3130.0,2,3130.02,1923312,131273.0,208216.0,3163.0,3163.0,3108.0,3134.3,31903000,3447.7,2820.9,3839.9,2896.0,3128.9,2,2,3128.8,1,1,3128.6,3,1,3128.5,31,2,3128.3,72,4,3130.1,522,6,3130.2,833,7,3130.3,224,4,3130.4,105,6,3130.5,68,2
2031,2026-06-16 12:02:59+05:30,3130.0,2,3130.02,1923351,130945.0,208491.0,3163.0,3163.0,3108.0,3134.3,31903000,3447.7,2820.9,3839.9,2896.0,3128.9,2,2,3128.8,1,1,3128.6,3,1,3128.5,31,2,3128.3,72,4,3130.1,522,6,3130.2,833,7,3130.3,224,4,3130.4,105,6,3130.5,68,2
2031,2026-06-16 12:02:59+05:30,3130.0,2,3130.02,1923351,130945.0,208491.0,3163.0,3163.0,3108.0,3134.3,31903000,3447.7,2820.9,3839.9,2896.0,3128.9,2,2,3128.8,1,1,3128.6,3,1,3128.5,31,2,3128.3,72,4,3130.1,522,6,3130.2,833,7,3130.3,224,4,3130.4,105,6,3130.5,68,2
2031,2026-06-16 12:03:00+05:30,3130.0,2,3130.02,1923351,131229.0,208441.0,3163.0,3163.0,3108.0,3134.3,31903000,3447.7,2820.9,3839.9,2896.0,3128.9,45,5,3128.8,1,1,3128.7,5,1,3128.6,3,1,3128.5,50,3,3130.1,504,6,3130.2,148,2,3130.3,136,2,3130.4,705,9,3130.5,80,3
2031,2026-06-16 12:03:01+05:30,3130.0,2,3130.02,1923351,131229.0,208441.0,3163.0,3163.0,3108.0,3134.3,31903000,3447.7,2820.9,3839.9,2896.0,3128.9,45,5,3128.8,1,1,3128.7,5,1,3128.6,3,1,3128.5,50,3,3130.1,504,6,3130.2,148,2,3130.3,136,2,3130.4,705,9,3130.5,80,3
2031,2026-06-16 12:03:01+05:30,3130.0,2,3130.02,1923351,132078.0,208664.0,3163.0,3163.0,3108.0,3134.3,31903000,3447.7,2820.9,3839.9,2896.0,3129.5,2,2,3129.0,3,1,3128.9,45,5,3128.8,1,1,3128.6,22,2,3130.1,567,9,3130.2,183,3,3130.3,600,3,3130.4,178,6,3130.5,126,3
2031,2026-06-16 12:03:02+05:30,3129.9,1,3130.02,1923351,132078.0,208664.0,3163.0,3163.0,3108.0,3134.3,31903000,3447.7,2820.9,3839.9,2896.0,3129.5,2,2,3129.0,3,1,3128.9,45,5,3128.8,1,1,3128.6,22,2,3130.1,567,9,3130.2,183,3,3130.3,600,3,3130.4,178,6,3130.5,126,3
2031,2026-06-16 12:03:02+05:30,3129.9,1,3130.02,1923353,132299.0,209701.0,3163.0,3163.0,3108.0,3134.3,31903000,3447.7,2820.9,3839.9,2896.0,3129.5,42,3,3129.0,3,1,3128.9,7,4,3128.8,1,1,3128.7,3,1,3129.9,198,1,3130.0,13,1,3130.1,257,6,3130.2,297,5,3130.4,91,3
2031,2026-06-16 12:03:02+05:30,3129.9,1,3130.02,1923353,132299.0,209701.0,3163.0,3163.0,3108.0,3134.3,31903000,3447.7,2820.9,3839.9,2896.0,3129.5,42,3,3129.0,3,1,3128.9,7,4,3128.8,1,1,3128.7,3,1,3129.9,198,1,3130.0,13,1,3130.1,257,6,3130.2,297,5,3130.4,91,3
2031,2026-06-16 12:03:03+05:30,3128.9,2,3130.02,1923353,132299.0,209701.0,3163.0,3163.0,3108.0,3134.3,31903000,3447.7,2820.9,3839.9,2896.0,3129.5,42,3,3129.0,3,1,3128.9,7,4,3128.8,1,1,3128.7,3,1,3129.9,198,1,3130.0,13,1,3130.1,257,6,3130.2,297,5,3130.4,91,3
2031,2026-06-16 12:03:03+05:30,3128.9,2,3130.02,1923484,129735.0,210092.0,3163.0,3163.0,3108.0,3134.3,31903000,3447.7,2820.9,3839.9,2896.0,3128.5,20,1,3128.2,59,5,3128.1,41,3,3128.0,112,6,3127.9,67,4,3128.8,200,1,3128.9,148,1,3129.6,21,1,3129.7,16,1,3129.8,36,2
2031,2026-06-16 12:03:03+05:30,3128.9,2,3130.02,1923484,129735.0,210092.0,3163.0,3163.0,3108.0,3134.3,31903000,3447.7,2820.9,3839.9,2896.0,3128.5,20,1,3128.2,59,5,3128.1,41,3,3128.0,112,6,3127.9,67,4,3128.8,200,1,3128.9,148,1,3129.6,21,1,3129.7,16,1,3129.8,36,2
2031,2026-06-16 12:03:04+05:30,3128.1,11,3130.02,1923632,130178.0,209540.0,3163.0,3163.0,3108.0,3134.3,31903000,3447.7,2820.9,3839.9,2896.0,3128.1,15,1,3128.0,157,9,3127.9,78,5,3127.8,123,5,3127.7,60,4,3128.8,200,1,3129.4,21,1,3129.6,21,1,3129.7,72,2,3129.8,22,1
2031,2026-06-16 12:03:04+05:30,3128.1,11,3130.02,1923632,130178.0,209540.0,3163.0,3163.0,3108.0,3134.3,31903000,3447.7,2820.9,3839.9,2896.0,3128.1,15,1,3128.0,157,9,3127.9,78,5,3127.8,123,5,3127.7,60,4,3128.8,200,1,3129.4,21,1,3129.6,21,1,3129.7,72,2,3129.8,22,1
2031,2026-06-16 12:03:04+05:30,3128.1,11,3130.02,1923632,130178.0,209540.0,3163.0,3163.0,3108.0,3134.3,31903000,3447.7,2820.9,3839.9,2896.0,3128.1,15,1,3128.0,157,9,3127.9,78,5,3127.8,123,5,3127.7,60,4,3128.8,200,1,3129.4,21,1,3129.6,21,1,3129.7,72,2,3129.8,22,1
2031,2026-06-16 12:03:04+05:30,3128.1,11,3130.02,1923632,130178.0,209540.0,3163.0,3163.0,3108.0,3134.3,31903000,3447.7,2820.9,3839.9,2896.0,3128.1,15,1,3128.0,157,9,3127.9,78,5,3127.8,123,5,3127.7,60,4,3128.8,200,1,3129.4,21,1,3129.6,21,1,3129.7,72,2,3129.8,22,1
2031,2026-06-16 12:03:05+05:30,3128.1,11,3130.02,1923632,130155.0,210363.0,3163.0,3163.0,3108.0,3134.3,31903000,3447.7,2820.9,3839.9,2896.0,3128.5,2,1,3128.1,74,4,3128.0,146,8,3127.9,62,4,3127.8,122,6,3128.8,201,2,3129.4,21,1,3129.6,21,1,3129.7,121,3,3129.8,500,4
2031,2026-06-16 12:03:05+05:30,3128.1,11,3130.02,1923632,130155.0,210363.0,3163.0,3163.0,3108.0,3134.3,31903000,3447.7,2820.9,3839.9,2896.0,3128.5,2,1,3128.1,74,4,3128.0,146,8,3127.9,62,4,3127.8,122,6,3128.8,201,2,3129.4,21,1,3129.6,21,1,3129.7,121,3,3129.8,500,4
2031,2026-06-16 12:03:06+05:30,3128.1,11,3130.02,1923632,130232.0,210427.0,3163.0,3163.0,3108.0,3134.3,31903000,3447.7,2820.9,3839.9,2896.0,3128.5,67,2,3128.2,25,1,3128.1,49,3,3128.0,125,7,3127.9,83,5,3128.8,226,3,3129.0,24,2,3129.4,21,1,3129.6,21,1,3129.7,121,3
2031,2026-06-16 12:03:06+05:30,3128.1,11,3130.02,1923632,130232.0,210427.0,3163.0,3163.0,3108.0,3134.3,31903000,3447.7,2820.9,3839.9,2896.0,3128.5,67,2,3128.2,25,1,3128.1,49,3,3128.0,125,7,3127.9,83,5,3128.8,226,3,3129.0,24,2,3129.4,21,1,3129.6,21,1,3129.7,121,3
2031,2026-06-16 12:03:07+05:30,3128.8,1,3130.02,1923638,130426.0,209616.0,3163.0,3163.0,3108.0,3134.3,31903000,3447.7,2820.9,3839.9,2896.0,3128.6,49,6,3128.5,123,5,3128.4,43,3,3128.2,53,3,3128.1,55,3,3128.8,225,3,3129.6,21,1,3129.7,16,1,3129.8,36,2,3129.9,256,2
2031,2026-06-16 12:03:07+05:30,3128.6,9,3130.02,1923638,130426.0,209616.0,3163.0,3163.0,3108.0,3134.3,31903000,3447.7,2820.9,3839.9,2896.0,3128.6,49,6,3128.5,123,5,3128.4,43,3,3128.2,53,3,3128.1,55,3,3128.8,225,3,3129.6,21,1,3129.7,16,1,3129.8,36,2,3129.9,256,2
2031,2026-06-16 12:03:07+05:30,3128.6,9,3130.02,1923638,130426.0,209616.0,3163.0,3163.0,3108.0,3134.3,31903000,3447.7,2820.9,3839.9,2896.0,3128.6,49,6,3128.5,123,5,3128.4,43,3,3128.2,53,3,3128.1,55,3,3128.8,225,3,3129.6,21,1,3129.7,16,1,3129.8,36,2,3129.9,256,2
2031,2026-06-16 12:03:08+05:30,3128.6,9,3130.02,1923638,130426.0,209616.0,3163.0,3163.0,3108.0,3134.3,31903000,3447.7,2820.9,3839.9,2896.0,3128.6,49,6,3128.5,123,5,3128.4,43,3,3128.2,53,3,3128.1,55,3,3128.8,225,3,3129.6,21,1,3129.7,16,1,3129.8,36,2,3129.9,256,2
2031,2026-06-16 12:03:08+05:30,3128.8,1,3130.02,1923663,130421.0,210267.0,3163.0,3163.0,3108.0,3134.3,31903000,3447.7,2820.9,3839.9,2896.0,3128.7,15,1,3128.6,1,1,3128.5,77,2,3128.2,13,1,3128.1,55,3,3128.8,225,4,3129.6,21,1,3129.7,16,1,3129.8,36,2,3129.9,105,2
2031,2026-06-16 12:03:08+05:30,3128.8,1,3130.02,1923663,130421.0,210267.0,3163.0,3163.0,3108.0,3134.3,31903000,3447.7,2820.9,3839.9,2896.0,3128.7,15,1,3128.6,1,1,3128.5,77,2,3128.2,13,1,3128.1,55,3,3128.8,225,4,3129.6,21,1,3129.7,16,1,3129.8,36,2,3129.9,105,2
2031,2026-06-16 12:03:08+05:30,3128.8,1,3130.02,1923663,130421.0,210267.0,3163.0,3163.0,3108.0,3134.3,31903000,3447.7,2820.9,3839.9,2896.0,3128.7,15,1,3128.6,1,1,3128.5,77,2,3128.2,13,1,3128.1,55,3,3128.8,225,4,3129.6,21,1,3129.7,16,1,3129.8,36,2,3129.9,105,2
2031,2026-06-16 12:03:09+05:30,3128.8,151,3130.02,1923815,130199.0,210275.0,3163.0,3163.0,3108.0,3134.3,31903000,3447.7,2820.9,3839.9,2896.0,3128.5,62,1,3128.2,3,1,3128.0,126,7,3127.9,40,2,3127.8,121,5,3128.8,73,4,3129.4,19,1,3129.6,40,2,3129.7,30,2,3129.8,78,2
2031,2026-06-16 12:03:09+05:30,3128.8,151,3130.02,1923815,130199.0,210275.0,3163.0,3163.0,3108.0,3134.3,31903000,3447.7,2820.9,3839.9,2896.0,3128.5,62,1,3128.2,3,1,3128.0,126,7,3127.9,40,2,3127.8,121,5,3128.8,73,4,3129.4,19,1,3129.6,40,2,3129.7,30,2,3129.8,78,2
2031,2026-06-16 12:03:09+05:30,3128.8,151,3130.02,1923815,130199.0,210275.0,3163.0,3163.0,3108.0,3134.3,31903000,3447.7,2820.9,3839.9,2896.0,3128.5,62,1,3128.2,3,1,3128.0,126,7,3127.9,40,2,3127.8,121,5,3128.8,73,4,3129.4,19,1,3129.6,40,2,3129.7,30,2,3129.8,78,2
2031,2026-06-16 12:03:10+05:30,3128.8,151,3130.02,1923815,130188.0,210121.0,3163.0,3163.0,3108.0,3134.3,31903000,3447.7,2820.9,3839.9,2896.0,3128.5,78,2,3128.2,12,2,3128.0,151,8,3127.9,45,2,3127.8,75,3,3128.6,46,1,3128.7,1,1,3128.8,26,2,3129.6,40,2,3129.7,30,2
2031,2026-06-16 12:03:10+05:30,3128.8,151,3130.02,1923815,130188.0,210121.0,3163.0,3163.0,3108.0,3134.3,31903000,3447.7,2820.9,3839.9,2896.0,3128.5,78,2,3128.2,12,2,3128.0,151,8,3127.9,45,2,3127.8,75,3,3128.6,46,1,3128.7,1,1,3128.8,26,2,3129.6,40,2,3129.7,30,2
2031,2026-06-16 12:03:11+05:30,3128.8,151,3130.02,1923815,130155.0,210300.0,3163.0,3163.0,3108.0,3134.3,31903000,3447.7,2820.9,3839.9,2896.0,3128.5,62,1,3128.3,15,1,3128.0,164,9,3127.9,24,1,3127.8,96,4,3128.6,71,2,3128.7,1,1,3128.8,1,1,3129.6,40,2,3129.7,30,2
2031,2026-06-16 12:03:11+05:30,3128.8,151,3130.02,1923815,130155.0,210300.0,3163.0,3163.0,3108.0,3134.3,31907800,3447.7,2820.9,3839.9,2896.0,3128.5,62,1,3128.3,15,1,3128.0,164,9,3127.9,24,1,3127.8,96,4,3128.6,71,2,3128.7,1,1,3128.8,1,1,3129.6,40,2,3129.7,30,2
2031,2026-06-16 12:03:12+05:30,3128.6,11,3130.02,1923826,130117.0,210302.0,3163.0,3163.0,3108.0,3134.3,31907800,3447.7,2820.9,3839.9,2896.0,3128.5,62,1,3128.3,15,1,3128.0,126,7,3127.9,45,2,3127.8,75,3,3128.6,95,4,3128.7,1,1,3128.8,1,1,3129.5,55,1,3129.6,40,2
2031,2026-06-16 12:03:12+05:30,3128.5,62,3130.02,1923826,130117.0,210302.0,3163.0,3163.0,3108.0,3134.3,31907800,3447.7,2820.9,3839.9,2896.0,3128.5,62,1,3128.3,15,1,3128.0,126,7,3127.9,45,2,3127.8,75,3,3128.6,95,4,3128.7,1,1,3128.8,1,1,3129.5,55,1,3129.6,40,2
2031,2026-06-16 12:03:13+05:30,3128.6,1,3130.02,1924062,129591.0,210018.0,3163.0,3163.0,3108.0,3134.3,31907800,3447.7,2820.9,3839.9,2896.0,3128.5,15,1,3128.3,9,1,3128.1,21,1,3128.0,128,7,3127.9,25,1,3128.6,59,3,3128.7,1,1,3128.8,1,1,3129.5,56,1,3129.6,76,2
2031,2026-06-16 12:03:13+05:30,3128.6,1,3130.02,1924062,129591.0,210018.0,3163.0,3163.0,3108.0,3134.3,31907800,3447.7,2820.9,3839.9,2896.0,3128.5,15,1,3128.3,9,1,3128.1,21,1,3128.0,128,7,3127.9,25,1,3128.6,59,3,3128.7,1,1,3128.8,1,1,3129.5,56,1,3129.6,76,2
2031,2026-06-16 12:03:14+05:30,3128.5,1,3130.02,1924064,129915.0,209611.0,3163.0,3163.0,3108.0,3134.3,31907800,3447.7,2820.9,3839.9,2896.0,3128.5,73,4,3128.4,4,1,3128.3,41,3,3128.2,9,1,3128.1,51,3,3128.6,65,4,3129.6,21,1,3129.7,14,1,3129.8,678,5,3130.0,76,2
2031,2026-06-16 12:03:14+05:30,3128.5,1,3130.02,1924064,129915.0,209611.0,3163.0,3163.0,3108.0,3134.3,31907800,3447.7,2820.9,3839.9,2896.0,3128.5,73,4,3128.4,4,1,3128.3,41,3,3128.2,9,1,3128.1,51,3,3128.6,65,4,3129.6,21,1,3129.7,14,1,3129.8,678,5,3130.0,76,2
2031,2026-06-16 12:03:15+05:30,3129.8,1,3130.02,1924188,131014.0,209350.0,3163.0,3163.0,3108.0,3134.3,31907800,3447.7,2820.9,3839.9,2896.0,3128.7,25,2,3128.6,19,4,3128.5,103,9,3128.4,79,4,3128.3,132,7,3130.0,49,1,3130.1,655,4,3130.2,21,1,3130.3,75,2,3130.4,75,2
2031,2026-06-16 12:03:15+05:30,3129.8,1,3130.02,1924188,131014.0,209350.0,3163.0,3163.0,3108.0,3134.3,31907800,3447.7,2820.9,3839.9,2896.0,3128.7,25,2,3128.6,19,4,3128.5,103,9,3128.4,79,4,3128.3,132,7,3130.0,49,1,3130.1,655,4,3130.2,21,1,3130.3,75,2,3130.4,75,2
2031,2026-06-16 12:03:16+05:30,3129.8,1,3130.02,1924188,132224.0,206960.0,3163.0,3163.0,3108.0,3134.3,31907800,3447.7,2820.9,3839.9,2896.0,3129.4,2,2,3129.2,13,2,3129.1,47,2,3129.0,27,2,3128.9,27,2,3130.1,599,3,3130.3,56,1,3130.5,200,1,3130.6,285,8,3130.7,3,1
2031,2026-06-16 12:03:17+05:30,3129.8,1,3130.02,1924188,132265.0,209157.0,3163.0,3163.0,3108.0,3134.3,31907800,3447.7,2820.9,3839.9,2896.0,3129.4,2,2,3129.2,1,1,3129.1,22,1,3129.0,27,2,3128.9,47,3,3130.1,599,3,3130.2,189,1,3130.3,56,1,3130.5,200,1,3130.6,285,8
2031,2026-06-16 12:03:18+05:30,3130.1,1,3130.02,1924239,132386.0,208374.0,3163.0,3163.0,3108.0,3134.3,31907800,3447.7,2820.9,3839.9,2896.0,3129.4,39,3,3129.2,1,1,3129.1,22,1,3129.0,27,2,3128.9,72,4,3130.1,604,4,3130.2,189,1,3130.5,200,1,3130.6,281,7,3130.7,22,2
2031,2026-06-16 12:03:18+05:30,3130.1,1,3130.02,1924239,132386.0,208374.0,3163.0,3163.0,3108.0,3134.3,31907800,3447.7,2820.9,3839.9,2896.0,3129.4,39,3,3129.2,1,1,3129.1,22,1,3129.0,27,2,3128.9,72,4,3130.1,604,4,3130.2,189,1,3130.5,200,1,3130.6,281,7,3130.7,22,2
2031,2026-06-16 12:03:19+05:30,3130.1,2,3130.02,1924241,132423.0,209126.0,3163.0,3163.0,3108.0,3134.3,31907800,3447.7,2820.9,3839.9,2896.0,3129.5,18,1,3129.4,39,3,3129.2,1,1,3129.1,15,1,3129.0,21,2,3130.1,602,4,3130.2,244,2,3130.4,111,2,3130.5,200,1,3130.6,183,5
2031,2026-06-16 12:03:20+05:30,3130.1,2,3130.02,1924241,132423.0,209126.0,3163.0,3163.0,3108.0,3134.3,31907800,3447.7,2820.9,3839.9,2896.0,3129.5,18,1,3129.4,39,3,3129.2,1,1,3129.1,15,1,3129.0,21,2,3130.1,602,4,3130.2,244,2,3130.4,111,2,3130.5,200,1,3130.6,183,5
2031,2026-06-16 12:03:20+05:30,3130.1,2,3130.02,1924241,132473.0,208749.0,3163.0,3163.0,3108.0,3134.3,31907800,3447.7,2820.9,3839.9,2896.0,3129.8,2,2,3129.7,17,1,3129.5,37,2,3129.4,37,1,3129.2,1,1,3130.1,628,5,3130.2,189,1,3130.3,55,1,3130.4,56,1,3130.5,200,1
2031,2026-06-16 12:03:21+05:30,3129.3,17,3130.02,1924241,132473.0,208749.0,3163.0,3163.0,3108.0,3134.3,31907800,3447.7,2820.9,3839.9,2896.0,3129.8,2,2,3129.7,17,1,3129.5,37,2,3129.4,37,1,3129.2,1,1,3130.1,628,5,3130.2,189,1,3130.3,55,1,3130.4,56,1,3130.5,200,1
2031,2026-06-16 12:03:21+05:30,3129.4,1,3130.02,1924561,129854.0,211559.0,3163.0,3163.0,3108.0,3134.3,31907800,3447.7,2820.9,3839.9,2896.0,3129.3,30,2,3128.7,1,1,3128.5,1,1,3128.3,9,1,3128.1,21,1,3129.4,73,4,3129.5,417,3,3129.6,750,8,3129.7,78,1,3129.8,145,5
2031,2026-06-16 12:03:22+05:30,3128.7,9,3130.02,1924561,129854.0,211559.0,3163.0,3163.0,3108.0,3134.3,31907800,3447.7,2820.9,3839.9,2896.0,3129.3,30,2,3128.7,1,1,3128.5,1,1,3128.3,9,1,3128.1,21,1,3129.4,73,4,3129.5,417,3,3129.6,750,8,3129.7,78,1,3129.8,145,5
2031,2026-06-16 12:03:22+05:30,3128.5,7,3130.02,1924804,129621.0,211381.0,3163.0,3163.0,3108.0,3134.3,31907800,3447.7,2820.9,3839.9,2896.0,3128.3,9,1,3128.0,99,9,3127.9,13,1,3127.8,94,4,3127.7,63,3,3128.4,60,1,3128.5,38,1,3128.6,32,1,3128.7,32,1,3128.8,42,2
2031,2026-06-16 12:03:23+05:30,3128.5,7,3130.02,1924804,129621.0,211381.0,3163.0,3163.0,3108.0,3134.3,31907800,3447.7,2820.9,3839.9,2896.0,3128.3,9,1,3128.0,99,9,3127.9,13,1,3127.8,94,4,3127.7,63,3,3128.4,60,1,3128.5,38,1,3128.6,32,1,3128.7,32,1,3128.8,42,2
2031,2026-06-16 12:03:23+05:30,3128.3,6,3130.02,1924821,129195.0,211920.0,3163.0,3163.0,3108.0,3134.3,31907800,3447.7,2820.9,3839.9,2896.0,3128.0,70,8,3127.9,13,1,3127.8,113,5,3127.7,63,3,3127.6,82,4,3128.2,59,1,3128.3,22,1,3128.4,32,1,3128.5,32,1,3128.6,32,1
2031,2026-06-16 12:03:24+05:30,3128.8,10,3130.02,1924821,129195.0,211920.0,3163.0,3163.0,3108.0,3134.3,31907800,3447.7,2820.9,3839.9,2896.0,3128.0,70,8,3127.9,13,1,3127.8,113,5,3127.7,63,3,3127.6,82,4,3128.2,59,1,3128.3,22,1,3128.4,32,1,3128.5,32,1,3128.6,32,1
2031,2026-06-16 12:03:25+05:30,3128.8,11,3130.02,1925034,130947.0,209693.0,3163.0,3163.0,3108.0,3134.3,31907800,3447.7,2820.9,3839.9,2896.0,3128.9,50,5,3128.8,63,4,3128.7,115,6,3128.6,99,7,3128.5,64,6,3129.5,200,1,3130.0,21,1,3130.1,731,6,3130.2,20,1,3130.4,83,3
2031,2026-06-16 12:03:25+05:30,3128.8,11,3130.02,1925034,130947.0,209693.0,3163.0,3163.0,3108.0,3134.3,31907800,3447.7,2820.9,3839.9,2896.0,3128.9,50,5,3128.8,63,4,3128.7,115,6,3128.6,99,7,3128.5,64,6,3129.5,200,1,3130.0,21,1,3130.1,731,6,3130.2,20,1,3130.4,83,3
2031,2026-06-16 12:03:26+05:30,3128.8,11,3130.02,1925034,130954.0,209720.0,3163.0,3163.0,3108.0,3134.3,31907800,3447.7,2820.9,3839.9,2896.0,3128.9,51,6,3128.8,63,4,3128.7,115,6,3128.6,99,7,3128.5,64,6,3129.5,200,1,3130.0,21,1,3130.1,731,6,3130.2,20,1,3130.4,78,2
2031,2026-06-16 12:03:27+05:30,3128.8,11,3130.02,1925034,130877.0,209690.0,3163.0,3163.0,3108.0,3134.3,31907800,3447.7,2820.9,3839.9,2896.0,3128.9,51,6,3128.8,63,4,3128.7,115,6,3128.6,65,6,3128.5,64,6,3129.5,201,2,3130.0,21,1,3130.1,731,6,3130.2,20,1,3130.4,84,3
2031,2026-06-16 12:03:28+05:30,3129.5,1,3130.02,1925035,130872.0,209675.0,3163.0,3163.0,3108.0,3134.3,31907800,3447.7,2820.9,3839.9,2896.0,3128.9,51,6,3128.8,63,4,3128.7,115,6,3128.6,99,7,3128.5,64,6,3129.5,242,3,3130.0,21,1,3130.1,675,5,3130.2,20,1,3130.4,84,3
2031,2026-06-16 12:03:28+05:30,3129.5,1,3130.02,1925035,130872.0,209675.0,3163.0,3163.0,3108.0,3134.3,31907800,3447.7,2820.9,3839.9,2896.0,3128.9,51,6,3128.8,63,4,3128.7,115,6,3128.6,99,7,3128.5,64,6,3129.5,242,3,3130.0,21,1,3130.1,675,5,3130.2,20,1,3130.4,84,3
2031,2026-06-16 12:03:29+05:30,3129.5,1,3130.02,1925036,130868.0,209668.0,3163.0,3163.0,3108.0,3134.3,31907800,3447.7,2820.9,3839.9,2896.0,3128.9,51,6,3128.8,63,4,3128.7,115,6,3128.6,99,7,3128.5,64,6,3129.5,241,3,3130.0,21,1,3130.1,675,5,3130.2,20,1,3130.4,78,2
2031,2026-06-16 12:03:29+05:30,3129.5,1,3130.02,1925036,130868.0,209668.0,3163.0,3163.0,3108.0,3134.3,31907800,3447.7,2820.9,3839.9,2896.0,3128.9,51,6,3128.8,63,4,3128.7,115,6,3128.6,99,7,3128.5,64,6,3129.5,241,3,3130.0,21,1,3130.1,675,5,3130.2,20,1,3130.4,78,2
2031,2026-06-16 12:03:30+05:30,3129.5,1,3130.02,1925036,130923.0,209672.0,3163.0,3163.0,3108.0,3134.3,31907800,3447.7,2820.9,3839.9,2896.0,3128.9,74,9,3128.8,63,4,3128.7,115,6,3128.6,99,7,3128.5,64,6,3129.5,242,4,3130.0,21,1,3130.1,675,5,3130.2,20,1,3130.4,78,2
2031,2026-06-16 12:03:31+05:30,3129.5,1,3130.02,1925036,131913.0,208308.0,3163.0,3163.0,3108.0,3134.3,31907800,3447.7,2820.9,3839.9,2896.0,3129.2,18,5,3129.1,9,1,3129.0,86,5,3128.9,56,7,3128.8,45,4,3129.5,242,4,3130.1,619,4,3130.2,20,1,3130.4,78,2,3130.5,200,1
2031,2026-06-16 12:03:32+05:30,3129.5,11,3130.02,1925036,131913.0,208308.0,3163.0,3163.0,3108.0,3134.3,31907800,3447.7,2820.9,3839.9,2896.0,3129.2,18,5,3129.1,9,1,3129.0,86,5,3128.9,56,7,3128.8,45,4,3129.5,242,4,3130.1,619,4,3130.2,20,1,3130.4,78,2,3130.5,200,1
2031,2026-06-16 12:03:32+05:30,3129.5,11,3130.02,1925047,130858.0,209782.0,3163.0,3163.0,3108.0,3134.3,31907800,3447.7,2820.9,3839.9,2896.0,3129.2,2,2,3128.9,24,4,3128.8,13,1,3128.7,38,2,3128.6,66,5,3129.3,546,3,3129.5,231,4,3129.7,200,1,3130.0,20,1,3130.1,154,3
2031,2026-06-16 12:03:33+05:30,3129.2,1,3130.02,1925047,130858.0,209782.0,3163.0,3163.0,3108.0,3134.3,31907800,3447.7,2820.9,3839.9,2896.0,3129.2,2,2,3128.9,24,4,3128.8,13,1,3128.7,38,2,3128.6,66,5,3129.3,546,3,3129.5,231,4,3129.7,200,1,3130.0,20,1,3130.1,154,3
2031,2026-06-16 12:03:33+05:30,3129.2,1,3130.02,1925048,130099.0,210657.0,3163.0,3163.0,3108.0,3134.3,31907800,3447.7,2820.9,3839.9,2896.0,3129.2,2,2,3128.9,7,3,3128.6,12,2,3128.5,22,2,3128.4,26,2,3129.3,547,4,3129.5,230,3,3129.7,200,1,3129.8,78,1,3129.9,56,1
2031,2026-06-16 12:03:34+05:30,3129.5,119,3130.02,1925048,130099.0,210657.0,3163.0,3163.0,3108.0,3134.3,31907800,3447.7,2820.9,3839.9,2896.0,3129.2,2,2,3128.9,7,3,3128.6,12,2,3128.5,22,2,3128.4,26,2,3129.3,547,4,3129.5,230,3,3129.7,200,1,3129.8,78,1,3129.9,56,1
2031,2026-06-16 12:03:34+05:30,3129.5,119,3130.02,1925372,129745.0,210693.0,3163.0,3163.0,3108.0,3134.3,31907800,3447.7,2820.9,3839.9,2896.0,3129.4,1,1,3129.2,1,1,3128.9,7,3,3128.6,2,1,3128.5,40,2,3129.5,111,3,3129.9,56,1,3130.0,574,3,3130.1,206,3,3130.2,76,2
2031,2026-06-16 12:03:35+05:30,3129.5,1,3130.02,1925372,129745.0,210693.0,3163.0,3163.0,3108.0,3134.3,31907800,3447.7,2820.9,3839.9,2896.0,3129.4,1,1,3129.2,1,1,3128.9,7,3,3128.6,2,1,3128.5,40,2,3129.5,111,3,3129.9,56,1,3130.0,574,3,3130.1,206,3,3130.2,76,2
2031,2026-06-16 12:03:35+05:30,3129.5,1,3130.02,1925374,131610.0,209770.0,3163.0,3163.0,3108.0,3134.3,31907800,3447.7,2820.9,3839.9,2896.0,3129.4,1,1,3129.2,69,5,3129.1,9,1,3129.0,44,2,3128.9,185,5,3129.5,134,4,3130.1,647,4,3130.2,20,1,3130.4,36,2,3130.5,311,3
2031,2026-06-16 12:03:36+05:30,3129.5,1,3130.02,1925374,131710.0,210681.0,3163.0,3163.0,3108.0,3134.3,31907800,3447.7,2820.9,3839.9,2896.0,3129.4,8,3,3129.3,32,2,3129.2,44,4,3129.0,44,2,3128.9,58,5,3129.5,134,4,3130.0,1000,1,3130.1,647,4,3130.2,20,1,3130.4,36,2
2031,2026-06-16 12:03:37+05:30,3129.2,111,3130.02,1925374,131710.0,210681.0,3163.0,3163.0,3108.0,3134.3,31907800,3447.7,2820.9,3839.9,2896.0,3129.4,8,3,3129.3,32,2,3129.2,44,4,3129.0,44,2,3128.9,58,5,3129.5,134,4,3130.0,1000,1,3130.1,647,4,3130.2,20,1,3130.4,36,2
2031,2026-06-16 12:03:37+05:30,3129.2,111,3130.02,1925574,130569.0,211001.0,3163.0,3163.0,3108.0,3134.3,31907800,3447.7,2820.9,3839.9,2896.0,3129.2,17,1,3128.9,7,3,3128.6,46,3,3128.5,43,2,3128.4,64,3,3129.3,200,1,3129.5,134,4,3130.0,1000,1,3130.1,647,4,3130.2,76,2
2031,2026-06-16 12:03:38+05:30,3129.2,111,3130.02,1925574,130677.0,211113.0,3163.0,3163.0,3108.0,3134.3,31907800,3447.7,2820.9,3839.9,2896.0,3129.2,22,2,3128.9,2,2,3128.6,46,3,3128.5,43,2,3128.4,64,3,3129.3,226,3,3129.5,108,2,3130.0,1081,4,3130.1,725,5,3130.2,150,4
2031,2026-06-16 12:03:39+05:30,3129.2,3,3130.02,1925574,130677.0,211113.0,3163.0,3163.0,3108.0,3134.3,31907800,3447.7,2820.9,3839.9,2896.0,3129.2,22,2,3128.9,2,2,3128.6,46,3,3128.5,43,2,3128.4,64,3,3129.3,226,3,3129.5,108,2,3130.0,1081,4,3130.1,725,5,3130.2,150,4
2031,2026-06-16 12:03:39+05:30,3129.3,1,3130.02,1925617,130040.0,209329.0,3163.0,3163.0,3108.0,3134.3,31907800,3447.7,2820.9,3839.9,2896.0,3129.2,46,3,3128.9,2,2,3128.6,2,1,3128.5,21,1,3128.4,25,1,3129.3,225,3,3129.5,66,1,3130.0,1785,8,3130.1,73,1,3130.2,198,5
2031,2026-06-16 12:03:40+05:30,3129.3,8,3130.02,1925617,130040.0,209329.0,3163.0,3163.0,3108.0,3134.3,31907800,3447.7,2820.9,3839.9,2896.0,3129.2,46,3,3128.9,2,2,3128.6,2,1,3128.5,21,1,3128.4,25,1,3129.3,225,3,3129.5,66,1,3130.0,1785,8,3130.1,73,1,3130.2,198,5
2031,2026-06-16 12:03:40+05:30,3129.3,8,3130.02,1925625,131250.0,211361.0,3163.0,3163.0,3108.0,3134.3,31907800,3447.7,2820.9,3839.9,2896.0,3129.2,46,3,3128.9,1,1,3128.6,2,1,3128.5,40,2,3128.4,25,1,3129.3,217,3,3129.5,66,1,3129.9,574,3,3130.0,1156,4,3130.1,73,1
2031,2026-06-16 12:03:41+05:30,3129.2,20,3130.02,1925625,131250.0,211361.0,3163.0,3163.0,3108.0,3134.3,31907800,3447.7,2820.9,3839.9,2896.0,3129.2,46,3,3128.9,1,1,3128.6,2,1,3128.5,40,2,3128.4,25,1,3129.3,217,3,3129.5,66,1,3129.9,574,3,3130.0,1156,4,3130.1,73,1
2031,2026-06-16 12:03:41+05:30,3129.2,20,3130.02,1925692,130223.0,211428.0,3163.0,3163.0,3108.0,3134.3,31907800,3447.7,2820.9,3839.9,2896.0,3129.2,21,2,3128.9,1,1,3128.6,2,1,3128.5,21,1,3128.4,19,1,3129.3,216,3,3129.9,574,3,3130.0,1156,4,3130.1,129,2,3130.2,143,4
2031,2026-06-16 12:03:42+05:30,3128.6,18,3130.02,1925882,130610.0,210910.0,3163.0,3163.0,3108.0,3134.3,31907800,3447.7,2820.9,3839.9,2896.0,3128.3,236,5,3128.2,31,2,3128.1,91,4,3128.0,118,11,3127.9,55,2,3129.3,26,2,3129.6,21,1,3129.8,21,1,3129.9,574,3,3130.0,1156,4
2031,2026-06-16 12:03:43+05:30,3129.2,1,3130.02,1925882,130610.0,210910.0,3163.0,3163.0,3108.0,3134.3,31907800,3447.7,2820.9,3839.9,2896.0,3128.3,236,5,3128.2,31,2,3128.1,91,4,3128.0,118,11,3127.9,55,2,3129.3,26,2,3129.6,21,1,3129.8,21,1,3129.9,574,3,3130.0,1156,4
2031,2026-06-16 12:03:43+05:30,3129.2,1,3130.02,1925883,130815.0,211161.0,3163.0,3163.0,3108.0,3134.3,31907800,3447.7,2820.9,3839.9,2896.0,3129.2,2,1,3128.4,201,2,3128.3,55,4,3128.2,90,3,3128.1,110,5,3129.3,25,1,3129.8,21,1,3129.9,574,3,3130.0,1078,3,3130.1,73,1
2031,2026-06-16 12:03:44+05:30,3128.4,30,3130.02,1925883,130815.0,211161.0,3163.0,3163.0,3108.0,3134.3,31907800,3447.7,2820.9,3839.9,2896.0,3129.2,2,1,3128.4,201,2,3128.3,55,4,3128.2,90,3,3128.1,110,5,3129.3,25,1,3129.8,21,1,3129.9,574,3,3130.0,1078,3,3130.1,73,1
2031,2026-06-16 12:03:44+05:30,3129.3,1,3130.02,1925934,131363.0,210461.0,3163.0,3163.0,3108.0,3134.3,31907800,3447.7,2820.9,3839.9,2896.0,3129.2,2,1,3128.6,196,3,3128.5,28,2,3128.4,112,4,3128.3,109,5,3129.3,24,1,3129.9,574,3,3130.0,1078,3,3130.1,73,1,3130.2,76,2
2031,2026-06-16 12:03:45+05:30,3129.3,21,3130.02,1925934,131363.0,210461.0,3163.0,3163.0,3108.0,3134.3,31907800,3447.7,2820.9,3839.9,2896.0,3129.2,2,1,3128.6,196,3,3128.5,28,2,3128.4,112,4,3128.3,109,5,3129.3,24,1,3129.9,574,3,3130.0,1078,3,3130.1,73,1,3130.2,76,2
2031,2026-06-16 12:03:45+05:30,3129.3,3,3130.02,1925958,132252.0,210473.0,3163.0,3163.0,3108.0,3134.3,31907800,3447.7,2820.9,3839.9,2896.0,3129.3,1,1,3129.2,44,3,3129.0,45,3,3128.9,111,5,3128.8,10,1,3129.9,574,3,3130.0,1000,1,3130.1,73,1,3130.2,76,2,3130.3,200,1
2031,2026-06-16 12:03:46+05:30,3130.0,926,3130.02,1925958,132252.0,210473.0,3163.0,3163.0,3108.0,3134.3,31907800,3447.7,2820.9,3839.9,2896.0,3129.3,1,1,3129.2,44,3,3129.0,45,3,3128.9,111,5,3128.8,10,1,3129.9,574,3,3130.0,1000,1,3130.1,73,1,3130.2,76,2,3130.3,200,1
2031,2026-06-16 12:03:46+05:30,3130.0,926,3130.02,1927458,132929.0,207994.0,3163.0,3163.0,3108.0,3134.3,31907800,3447.7,2820.9,3839.9,2896.0,3129.5,53,5,3129.4,36,3,3129.3,124,7,3129.2,61,4,3129.0,143,6,3130.0,74,1,3130.1,73,1,3130.5,200,1,3130.6,21,1,3130.8,20,1
2031,2026-06-16 12:03:47+05:30,3129.9,1,3130.02,1927459,133241.0,207392.0,3163.0,3163.0,3108.0,3134.3,31907800,3447.7,2820.9,3839.9,2896.0,3129.5,53,5,3129.4,26,2,3129.3,124,7,3129.2,61,4,3129.0,115,4,3129.9,158,1,3130.0,74,1,3130.1,73,1,3130.6,221,2,3130.8,20,1
2031,2026-06-16 12:03:48+05:30,3129.9,1,3130.02,1927459,133241.0,207392.0,3163.0,3163.0,3108.0,3134.3,31907800,3447.7,2820.9,3839.9,2896.0,3129.5,53,5,3129.4,26,2,3129.3,124,7,3129.2,61,4,3129.0,115,4,3129.9,158,1,3130.0,74,1,3130.1,73,1,3130.6,221,2,3130.8,20,1
2031,2026-06-16 12:03:48+05:30,3129.9,1,3130.02,1927459,133029.0,208301.0,3163.0,3163.0,3108.0,3134.3,31907800,3447.7,2820.9,3839.9,2896.0,3129.5,105,3,3129.4,47,3,3129.3,28,4,3129.2,52,4,3129.1,10,1,3129.6,131,2,3129.7,33,2,3129.8,32,1,3129.9,79,3,3130.0,174,2
2031,2026-06-16 12:03:49+05:30,3129.5,3,3130.02,1927459,133029.0,208301.0,3163.0,3163.0,3108.0,3134.3,31907800,3447.7,2820.9,3839.9,2896.0,3129.5,105,3,3129.4,47,3,3129.3,28,4,3129.2,52,4,3129.1,10,1,3129.6,131,2,3129.7,33,2,3129.8,32,1,3129.9,79,3,3130.0,174,2
2031,2026-06-16 12:03:49+05:30,3129.5,45,3130.02,1927526,132747.0,208304.0,3163.0,3163.0,3108.0,3134.3,31907800,3447.7,2820.9,3839.9,2896.0,3129.5,40,3,3129.4,4,1,3129.3,28,4,3129.2,20,2,3129.1,10,1,3129.6,141,2,3129.7,33,2,3129.8,32,1,3129.9,47,2,3130.0,206,3
2031,2026-06-16 12:03:50+05:30,3129.6,1,3130.02,1927526,132747.0,208304.0,3163.0,3163.0,3108.0,3134.3,31907800,3447.7,2820.9,3839.9,2896.0,3129.5,40,3,3129.4,4,1,3129.3,28,4,3129.2,20,2,3129.1,10,1,3129.6,141,2,3129.7,33,2,3129.8,32,1,3129.9,47,2,3130.0,206,3
2031,2026-06-16 12:03:50+05:30,3128.6,7,3130.02,1927843,130691.0,209124.0,3163.0,3163.0,3108.0,3134.3,31907800,3447.7,2820.9,3839.9,2896.0,3128.6,23,2,3128.5,17,1,3128.4,93,3,3128.3,31,2,3128.2,50,3,3129.0,13,1,3129.2,32,1,3129.3,32,1,3129.5,32,1,3129.6,125,2
2031,2026-06-16 12:03:51+05:30,3128.6,7,3130.02,1927843,130691.0,209124.0,3163.0,3163.0,3108.0,3134.3,31907800,3447.7,2820.9,3839.9,2896.0,3128.6,23,2,3128.5,17,1,3128.4,93,3,3128.3,31,2,3128.2,50,3,3129.0,13,1,3129.2,32,1,3129.3,32,1,3129.5,32,1,3129.6,125,2
2031,2026-06-16 12:03:51+05:30,3128.6,7,3130.02,1927843,130461.0,209079.0,3163.0,3163.0,3108.0,3134.3,31907800,3447.7,2820.9,3839.9,2896.0,3128.6,19,5,3128.5,17,1,3128.4,93,3,3128.3,31,2,3128.2,63,4,3128.8,32,1,3128.9,32,1,3129.0,32,1,3129.2,32,1,3129.6,36,2
2031,2026-06-16 12:03:52+05:30,3128.6,7,3130.02,1927843,130461.0,209079.0,3163.0,3163.0,3108.0,3134.3,31907800,3447.7,2820.9,3839.9,2896.0,3128.6,19,5,3128.5,17,1,3128.4,93,3,3128.3,31,2,3128.2,63,4,3128.8,32,1,3128.9,32,1,3129.0,32,1,3129.2,32,1,3129.6,36,2
2031,2026-06-16 12:03:52+05:30,3128.7,1,3130.02,1927888,130603.0,209050.0,3163.0,3163.0,3108.0,3134.3,31907800,3447.7,2820.9,3839.9,2896.0,3128.7,15,1,3128.6,88,8,3128.5,6,1,3128.4,161,5,3128.3,52,3,3128.8,74,2,3128.9,32,1,3129.1,32,1,3129.6,36,2,3129.7,1,1
2031,2026-06-16 12:03:53+05:30,3128.7,1,3130.02,1927888,130603.0,209050.0,3163.0,3163.0,3108.0,3134.3,31907800,3447.7,2820.9,3839.9,2896.0,3128.7,15,1,3128.6,88,8,3128.5,6,1,3128.4,161,5,3128.3,52,3,3128.8,74,2,3128.9,32,1,3129.1,32,1,3129.6,36,2,3129.7,1,1
2031,2026-06-16 12:03:53+05:30,3128.7,1,3130.02,1927888,130603.0,209050.0,3163.0,3163.0,3108.0,3134.3,31907800,3447.7,2820.9,3839.9,2896.0,3128.7,15,1,3128.6,88,8,3128.5,6,1,3128.4,161,5,3128.3,52,3,3128.8,74,2,3128.9,32,1,3129.1,32,1,3129.6,36,2,3129.7,1,1
2031,2026-06-16 12:03:54+05:30,3128.8,1,3130.02,1927902,130428.0,209033.0,3163.0,3163.0,3108.0,3134.3,31907800,3447.7,2820.9,3839.9,2896.0,3128.7,77,6,3128.6,62,5,3128.5,12,2,3128.4,117,4,3128.3,67,3,3128.8,58,3,3128.9,32,1,3129.0,32,1,3129.2,32,1,3129.6,20,1
2031,2026-06-16 12:03:54+05:30,3128.8,1,3130.02,1927902,130428.0,209033.0,3163.0,3163.0,3108.0,3134.3,31907800,3447.7,2820.9,3839.9,2896.0,3128.7,77,6,3128.6,62,5,3128.5,12,2,3128.4,117,4,3128.3,67,3,3128.8,58,3,3128.9,32,1,3129.0,32,1,3129.2,32,1,3129.6,20,1
2031,2026-06-16 12:03:55+05:30,3128.8,1,3130.02,1927948,130611.0,209464.0,3163.0,3163.0,3108.0,3134.3,31907800,3447.7,2820.9,3839.9,2896.0,3128.7,8,2,3128.6,90,6,3128.5,6,1,3128.4,117,4,3128.3,31,2,3128.8,89,4,3128.9,32,1,3129.0,32,1,3129.2,32,1,3129.6,20,1
2031,2026-06-16 12:03:55+05:30,3128.7,1,3130.02,1927948,130611.0,209464.0,3163.0,3163.0,3108.0,3134.3,31907800,3447.7,2820.9,3839.9,2896.0,3128.7,8,2,3128.6,90,6,3128.5,6,1,3128.4,117,4,3128.3,31,2,3128.8,89,4,3128.9,32,1,3129.0,32,1,3129.2,32,1,3129.6,20,1
2031,2026-06-16 12:03:55+05:30,3128.7,1,3130.02,1927948,130611.0,209464.0,3163.0,3163.0,3108.0,3134.3,31907800,3447.7,2820.9,3839.9,2896.0,3128.7,8,2,3128.6,90,6,3128.5,6,1,3128.4,117,4,3128.3,31,2,3128.8,89,4,3128.9,32,1,3129.0,32,1,3129.2,32,1,3129.6,20,1
2031,2026-06-16 12:03:56+05:30,3128.6,39,3130.02,1928048,130444.0,209474.0,3163.0,3163.0,3108.0,3134.3,31907800,3447.7,2820.9,3839.9,2896.0,3128.6,4,3,3128.5,48,3,3128.4,13,1,3128.3,31,2,3128.2,37,2,3128.7,32,1,3128.8,79,4,3128.9,32,1,3129.1,32,1,3129.6,20,1
2031,2026-06-16 12:03:56+05:30,3128.6,39,3130.02,1928048,130444.0,209474.0,3163.0,3163.0,3108.0,3134.3,31907800,3447.7,2820.9,3839.9,2896.0,3128.6,4,3,3128.5,48,3,3128.4,13,1,3128.3,31,2,3128.2,37,2,3128.7,32,1,3128.8,79,4,3128.9,32,1,3129.1,32,1,3129.6,20,1
2031,2026-06-16 12:03:57+05:30,3128.6,28,3130.02,1928093,130876.0,209433.0,3163.0,3163.0,3108.0,3134.3,31907800,3447.7,2820.9,3839.9,2896.0,3128.6,272,1,3128.5,65,4,3128.4,12,2,3128.3,39,2,3128.2,100,4,3128.7,32,1,3128.8,79,4,3128.9,32,1,3129.1,32,1,3129.6,20,1
2031,2026-06-16 12:03:57+05:30,3128.6,28,3130.02,1928093,130876.0,209433.0,3163.0,3163.0,3108.0,3134.3,31907800,3447.7,2820.9,3839.9,2896.0,3128.6,272,1,3128.5,65,4,3128.4,12,2,3128.3,39,2,3128.2,100,4,3128.7,32,1,3128.8,79,4,3128.9,32,1,3129.1,32,1,3129.6,20,1
2031,2026-06-16 12:03:57+05:30,3128.6,28,3130.02,1928093,130876.0,209433.0,3163.0,3163.0,3108.0,3134.3,31907800,3447.7,2820.9,3839.9,2896.0,3128.6,272,1,3128.5,65,4,3128.4,12,2,3128.3,39,2,3128.2,100,4,3128.7,32,1,3128.8,79,4,3128.9,32,1,3129.1,32,1,3129.6,20,1
2031,2026-06-16 12:03:58+05:30,3128.6,1,3130.02,1928140,130698.0,207238.0,3163.0,3163.0,3108.0,3134.3,31907800,3447.7,2820.9,3839.9,2896.0,3128.6,244,3,3128.5,4,1,3128.4,6,1,3128.3,63,3,3128.2,32,2,3128.7,49,3,3128.8,73,4,3128.9,32,1,3129.1,32,1,3129.6,20,1
2031,2026-06-16 12:03:58+05:30,3128.6,1,3130.02,1928140,130698.0,207238.0,3163.0,3163.0,3108.0,3134.3,31907800,3447.7,2820.9,3839.9,2896.0,3128.6,244,3,3128.5,4,1,3128.4,6,1,3128.3,63,3,3128.2,32,2,3128.7,49,3,3128.8,73,4,3128.9,32,1,3129.1,32,1,3129.6,20,1
2031,2026-06-16 12:03:59+05:30,3128.6,13,3130.02,1928202,130541.0,208622.0,3163.0,3163.0,3108.0,3134.3,31907800,3447.7,2820.9,3839.9,2896.0,3128.6,212,1,3128.5,63,4,3128.4,6,1,3128.3,39,2,3128.2,87,3,3128.8,73,4,3128.9,32,1,3129.1,32,1,3129.6,20,1,3129.7,36,3
2031,2026-06-16 12:03:59+05:30,3128.6,13,3130.02,1928202,130541.0,208622.0,3163.0,3163.0,3108.0,3134.3,31907800,3447.7,2820.9,3839.9,2896.0,3128.6,212,1,3128.5,63,4,3128.4,6,1,3128.3,39,2,3128.2,87,3,3128.8,73,4,3128.9,32,1,3129.1,32,1,3129.6,20,1,3129.7,36,3
2031,2026-06-16 12:03:59+05:30,3128.6,13,3130.02,1928202,130541.0,208622.0,3163.0,3163.0,3108.0,3134.3,31907800,3447.7,2820.9,3839.9,2896.0,3128.6,212,1,3128.5,63,4,3128.4,6,1,3128.3,39,2,3128.2,87,3,3128.8,73,4,3128.9,32,1,3129.1,32,1,3129.6,20,1,3129.7,36,3
2031,2026-06-16 12:04:00+05:30,3128.6,46,3130.02,1928293,130405.0,209409.0,3163.0,3163.0,3108.0,3134.3,31907800,3447.7,2820.9,3839.9,2896.0,3128.6,127,3,3128.5,16,1,3128.3,61,3,3128.2,13,1,3128.1,25,2,3128.8,73,4,3128.9,32,1,3129.1,32,1,3129.6,20,1,3129.7,36,3
2031,2026-06-16 12:04:00+05:30,3128.6,46,3130.02,1928293,130405.0,209409.0,3163.0,3163.0,3108.0,3134.3,31907800,3447.7,2820.9,3839.9,2896.0,3128.6,127,3,3128.5,16,1,3128.3,61,3,3128.2,13,1,3128.1,25,2,3128.8,73,4,3128.9,32,1,3129.1,32,1,3129.6,20,1,3129.7,36,3
2031,2026-06-16 12:04:01+05:30,3128.6,46,3130.02,1928293,130405.0,209409.0,3163.0,3163.0,3108.0,3134.3,31907800,3447.7,2820.9,3839.9,2896.0,3128.6,127,3,3128.5,16,1,3128.3,61,3,3128.2,13,1,3128.1,25,2,3128.8,73,4,3128.9,32,1,3129.1,32,1,3129.6,20,1,3129.7,36,3
2031,2026-06-16 12:04:01+05:30,3128.7,7,3130.02,1928340,130497.0,209431.0,3163.0,3163.0,3108.0,3134.3,31907800,3447.7,2820.9,3839.9,2896.0,3128.7,10,1,3128.6,235,6,3128.4,56,3,3128.3,79,3,3128.2,69,4,3128.8,39,3,3128.9,32,1,3129.0,32,1,3129.2,32,1,3129.6,20,1
2031,2026-06-16 12:04:01+05:30,3128.7,7,3130.02,1928340,130497.0,209431.0,3163.0,3163.0,3108.0,3134.3,31907800,3447.7,2820.9,3839.9,2896.0,3128.7,10,1,3128.6,235,6,3128.4,56,3,3128.3,79,3,3128.2,69,4,3128.8,39,3,3128.9,32,1,3129.0,32,1,3129.2,32,1,3129.6,20,1
2031,2026-06-16 12:04:02+05:30,3128.7,34,3130.02,1928385,130792.0,209472.0,3163.0,3163.0,3108.0,3134.3,31907800,3447.7,2820.9,3839.9,2896.0,3128.7,17,1,3128.6,192,4,3128.3,61,3,3128.2,47,3,3128.1,4,1,3128.8,71,4,3128.9,32,1,3129.0,32,1,3129.2,32,1,3129.6,20,1
2031,2026-06-16 12:04:02+05:30,3128.7,34,3130.02,1928385,130792.0,209472.0,3163.0,3163.0,3108.0,3134.3,31907800,3447.7,2820.9,3839.9,2896.0,3128.7,17,1,3128.6,192,4,3128.3,61,3,3128.2,47,3,3128.1,4,1,3128.8,71,4,3128.9,32,1,3129.0,32,1,3129.2,32,1,3129.6,20,1
2031,2026-06-16 12:04:02+05:30,3128.7,34,3130.02,1928385,130792.0,209472.0,3163.0,3163.0,3108.0,3134.3,31907800,3447.7,2820.9,3839.9,2896.0,3128.7,17,1,3128.6,192,4,3128.3,61,3,3128.2,47,3,3128.1,4,1,3128.8,71,4,3128.9,32,1,3129.0,32,1,3129.2,32,1,3129.6,20,1
2031,2026-06-16 12:04:03+05:30,3128.7,1,3130.02,1928431,130581.0,209023.0,3163.0,3163.0,3108.0,3134.3,31907800,3447.7,2820.9,3839.9,2896.0,3128.7,16,1,3128.6,192,4,3128.4,19,1,3128.3,18,1,3128.2,53,3,3128.8,71,4,3128.9,32,1,3129.0,32,1,3129.2,32,1,3129.6,20,1
2031,2026-06-16 12:04:03+05:30,3128.7,1,3130.02,1928431,130581.0,209023.0,3163.0,3163.0,3108.0,3134.3,31907800,3447.7,2820.9,3839.9,2896.0,3128.7,16,1,3128.6,192,4,3128.4,19,1,3128.3,18,1,3128.2,53,3,3128.8,71,4,3128.9,32,1,3129.0,32,1,3129.2,32,1,3129.6,20,1
2031,2026-06-16 12:04:03+05:30,3128.7,1,3130.02,1928431,130581.0,209023.0,3163.0,3163.0,3108.0,3134.3,31907800,3447.7,2820.9,3839.9,2896.0,3128.7,16,1,3128.6,192,4,3128.4,19,1,3128.3,18,1,3128.2,53,3,3128.8,71,4,3128.9,32,1,3129.0,32,1,3129.2,32,1,3129.6,20,1
2031,2026-06-16 12:04:04+05:30,3128.7,36,3130.02,1928431,130581.0,209023.0,3163.0,3163.0,3108.0,3134.3,31907800,3447.7,2820.9,3839.9,2896.0,3128.7,16,1,3128.6,192,4,3128.4,19,1,3128.3,18,1,3128.2,53,3,3128.8,71,4,3128.9,32,1,3129.0,32,1,3129.2,32,1,3129.6,20,1
2031,2026-06-16 12:04:04+05:30,3128.7,36,3130.02,1928467,130647.0,208993.0,3163.0,3163.0,3108.0,3134.3,31907800,3447.7,2820.9,3839.9,2896.0,3128.6,192,4,3128.5,16,1,3128.4,21,1,3128.3,18,1,3128.2,56,3,3128.8,82,4,3129.6,20,1,3129.7,1,1,3129.8,158,5,3129.9,56,1
2031,2026-06-16 12:04:04+05:30,3128.7,36,3130.02,1928467,130647.0,208993.0,3163.0,3163.0,3108.0,3134.3,31907800,3447.7,2820.9,3839.9,2896.0,3128.6,192,4,3128.5,16,1,3128.4,21,1,3128.3,18,1,3128.2,56,3,3128.8,82,4,3129.6,20,1,3129.7,1,1,3129.8,158,5,3129.9,56,1
2031,2026-06-16 12:04:05+05:30,3128.7,36,3130.02,1928467,130644.0,207574.0,3163.0,3163.0,3108.0,3134.3,31907800,3447.7,2820.9,3839.9,2896.0,3128.6,192,4,3128.5,16,1,3128.4,27,2,3128.3,105,4,3128.2,45,3,3128.8,82,4,3129.6,20,1,3129.7,1,1,3129.8,137,4,3129.9,56,1
2031,2026-06-16 12:04:05+05:30,3128.7,36,3130.02,1928467,130644.0,207574.0,3163.0,3163.0,3108.0,3134.3,31907800,3447.7,2820.9,3839.9,2896.0,3128.6,192,4,3128.5,16,1,3128.4,27,2,3128.3,105,4,3128.2,45,3,3128.8,82,4,3129.6,20,1,3129.7,1,1,3129.8,137,4,3129.9,56,1
2031,2026-06-16 12:04:06+05:30,3128.8,1,3130.02,1928467,130644.0,207574.0,3163.0,3163.0,3108.0,3134.3,31907800,3447.7,2820.9,3839.9,2896.0,3128.6,192,4,3128.5,16,1,3128.4,27,2,3128.3,105,4,3128.2,45,3,3128.8,82,4,3129.6,20,1,3129.7,1,1,3129.8,137,4,3129.9,56,1
2031,2026-06-16 12:04:06+05:30,3128.8,1,3130.02,1928468,130701.0,208936.0,3163.0,3163.0,3108.0,3134.3,31907800,3447.7,2820.9,3839.9,2896.0,3128.7,106,2,3128.6,192,4,3128.5,72,4,3128.4,29,2,3128.3,60,2,3128.8,107,5,3129.6,20,1,3129.7,1,1,3129.8,34,2,3129.9,79,2
2031,2026-06-16 12:04:06+05:30,3128.8,1,3130.02,1928468,130701.0,208936.0,3163.0,3163.0,3108.0,3134.3,31907800,3447.7,2820.9,3839.9,2896.0,3128.7,106,2,3128.6,192,4,3128.5,72,4,3128.4,29,2,3128.3,60,2,3128.8,107,5,3129.6,20,1,3129.7,1,1,3129.8,34,2,3129.9,79,2
2031,2026-06-16 12:04:07+05:30,3128.8,1,3130.02,1928468,130701.0,208936.0,3163.0,3163.0,3108.0,3134.3,31907800,3447.7,2820.9,3839.9,2896.0,3128.7,106,2,3128.6,192,4,3128.5,72,4,3128.4,29,2,3128.3,60,2,3128.8,107,5,3129.6,20,1,3129.7,1,1,3129.8,34,2,3129.9,79,2
2031,2026-06-16 12:04:07+05:30,3128.8,1,3130.02,1928714,130713.0,209244.0,3163.0,3163.0,3108.0,3134.3,31907800,3447.7,2820.9,3839.9,2896.0,3128.7,77,6,3128.6,299,7,3128.5,44,3,3128.4,48,2,3128.3,100,3,3128.8,61,2,3129.7,1,1,3129.8,34,2,3129.9,78,2,3130.0,249,4
2031,2026-06-16 12:04:07+05:30,3128.8,1,3130.02,1928714,130713.0,209244.0,3163.0,3163.0,3108.0,3134.3,31907800,3447.7,2820.9,3839.9,2896.0,3128.7,77,6,3128.6,299,7,3128.5,44,3,3128.4,48,2,3128.3,100,3,3128.8,61,2,3129.7,1,1,3129.8,34,2,3129.9,78,2,3130.0,249,4
2031,2026-06-16 12:04:08+05:30,3128.8,26,3130.02,1928714,130713.0,209244.0,3163.0,3163.0,3108.0,3134.3,31907800,3447.7,2820.9,3839.9,2896.0,3128.7,77,6,3128.6,299,7,3128.5,44,3,3128.4,48,2,3128.3,100,3,3128.8,61,2,3129.7,1,1,3129.8,34,2,3129.9,78,2,3130.0,249,4
2031,2026-06-16 12:04:08+05:30,3128.8,26,3130.02,1928740,130973.0,209294.0,3163.0,3163.0,3108.0,3134.3,31907800,3447.7,2820.9,3839.9,2896.0,3128.9,16,2,3128.8,19,1,3128.7,98,5,3128.6,238,5,3128.5,123,5,3129.7,1,1,3130.0,174,2,3130.1,73,1,3130.2,21,1,3130.3,106,2
2031,2026-06-16 12:04:08+05:30,3128.8,26,3130.02,1928740,130973.0,209294.0,3163.0,3163.0,3108.0,3134.3,31907800,3447.7,2820.9,3839.9,2896.0,3128.9,16,2,3128.8,19,1,3128.7,98,5,3128.6,238,5,3128.5,123,5,3129.7,1,1,3130.0,174,2,3130.1,73,1,3130.2,21,1,3130.3,106,2
2031,2026-06-16 12:04:09+05:30,3128.8,26,3130.02,1928740,130973.0,209294.0,3163.0,3163.0,3108.0,3134.3,31907800,3447.7,2820.9,3839.9,2896.0,3128.9,16,2,3128.8,19,1,3128.7,98,5,3128.6,238,5,3128.5,123,5,3129.7,1,1,3130.0,174,2,3130.1,73,1,3130.2,21,1,3130.3,106,2
2031,2026-06-16 12:04:09+05:30,3128.9,3,3130.02,1928740,130973.0,209294.0,3163.0,3163.0,3108.0,3134.3,31907800,3447.7,2820.9,3839.9,2896.0,3129.5,19,1,3129.4,32,1,3129.3,32,1,3129.2,32,1,3129.1,19,1,3129.7,178,1,3130.0,174,2,3130.1,73,1,3130.3,52,1,3130.4,21,1
2031,2026-06-16 12:04:09+05:30,3128.9,3,3130.02,1928743,132545.0,209362.0,3163.0,3163.0,3108.0,3134.3,31907800,3447.7,2820.9,3839.9,2896.0,3129.5,19,1,3129.4,32,1,3129.3,32,1,3129.2,32,1,3129.1,19,1,3129.7,178,1,3130.0,174,2,3130.1,73,1,3130.3,52,1,3130.4,21,1
2031,2026-06-16 12:04:10+05:30,3128.9,3,3130.02,1928743,132545.0,209362.0,3163.0,3163.0,3108.0,3134.3,31907800,3447.7,2820.9,3839.9,2896.0,3129.5,19,1,3129.4,32,1,3129.3,32,1,3129.2,32,1,3129.1,19,1,3129.7,178,1,3130.0,174,2,3130.1,73,1,3130.3,52,1,3130.4,21,1
2031,2026-06-16 12:04:10+05:30,3129.1,41,3130.02,1928743,132545.0,209362.0,3163.0,3163.0,3108.0,3134.3,31907800,3447.7,2820.9,3839.9,2896.0,3129.5,19,1,3129.4,32,1,3129.3,32,1,3129.2,32,1,3129.1,19,1,3129.7,178,1,3130.0,174,2,3130.1,73,1,3130.3,52,1,3130.4,21,1
2031,2026-06-16 12:04:10+05:30,3129.1,41,3130.02,1928960,131758.0,209447.0,3163.0,3163.0,3108.0,3134.3,31907800,3447.7,2820.9,3839.9,2896.0,3129.1,15,1,3128.9,2,2,3128.7,62,5,3128.6,126,4,3128.5,6,1,3129.7,151,1,3130.0,174,2,3130.1,174,3,3130.2,54,1,3130.3,78,2
2031,2026-06-16 12:04:11+05:30,3129.1,41,3130.02,1928960,131758.0,209447.0,3163.0,3163.0,3108.0,3134.3,31911800,3447.7,2820.9,3839.9,2896.0,3129.1,15,1,3128.9,2,2,3128.7,62,5,3128.6,126,4,3128.5,6,1,3129.7,151,1,3130.0,174,2,3130.1,174,3,3130.2,54,1,3130.3,78,2
2031,2026-06-16 12:04:11+05:30,3129.7,1,3130.02,1928960,131758.0,209447.0,3163.0,3163.0,3108.0,3134.3,31911800,3447.7,2820.9,3839.9,2896.0,3129.1,15,1,3128.9,2,2,3128.7,62,5,3128.6,126,4,3128.5,6,1,3129.7,151,1,3130.0,174,2,3130.1,174,3,3130.2,54,1,3130.3,78,2
2031,2026-06-16 12:04:11+05:30,3129.7,1,3130.02,1928961,131633.0,209646.0,3163.0,3163.0,3108.0,3134.3,31911800,3447.7,2820.9,3839.9,2896.0,3129.5,7,1,3129.2,17,1,3128.9,2,2,3128.7,14,3,3128.6,123,3,3129.7,98,3,3129.9,20,1,3130.0,250,4,3130.1,179,4,3130.2,125,3
2031,2026-06-16 12:04:12+05:30,3130.4,6,3130.02,1928961,131633.0,209646.0,3163.0,3163.0,3108.0,3134.3,31911800,3447.7,2820.9,3839.9,2896.0,3129.5,7,1,3129.2,17,1,3128.9,2,2,3128.7,14,3,3128.6,123,3,3129.7,98,3,3129.9,20,1,3130.0,250,4,3130.1,179,4,3130.2,125,3
2031,2026-06-16 12:04:12+05:30,3130.4,6,3130.02,1929511,132480.0,208493.0,3163.0,3163.0,3108.0,3134.3,31911800,3447.7,2820.9,3839.9,2896.0,3129.5,48,2,3129.4,32,1,3129.3,23,2,3129.2,33,2,3129.1,44,3,3130.4,191,1,3130.7,115,3,3130.8,372,6,3130.9,83,2,3131.0,77,3
2031,2026-06-16 12:04:13+05:30,3130.0,32,3130.02,1929511,132480.0,208493.0,3163.0,3163.0,3108.0,3134.3,31911800,3447.7,2820.9,3839.9,2896.0,3129.5,48,2,3129.4,32,1,3129.3,23,2,3129.2,33,2,3129.1,44,3,3130.4,191,1,3130.7,115,3,3130.8,372,6,3130.9,83,2,3131.0,77,3
2031,2026-06-16 12:04:13+05:30,3130.0,32,3130.02,1929601,133095.0,209381.0,3163.0,3163.0,3108.0,3134.3,31911800,3447.7,2820.9,3839.9,2896.0,3129.8,62,2,3129.6,32,1,3129.5,57,2,3129.3,1,1,3129.2,1,1,3130.0,125,1,3130.3,702,5,3130.4,44,2,3130.5,6,1,3130.6,52,1
2031,2026-06-16 12:04:14+05:30,3130.0,13,3130.02,1929601,133095.0,209381.0,3163.0,3163.0,3108.0,3134.3,31911800,3447.7,2820.9,3839.9,2896.0,3129.8,62,2,3129.6,32,1,3129.5,57,2,3129.3,1,1,3129.2,1,1,3130.0,125,1,3130.3,702,5,3130.4,44,2,3130.5,6,1,3130.6,52,1
2031,2026-06-16 12:04:14+05:30,3130.0,13,3130.02,1929615,133149.0,209396.0,3163.0,3163.0,3108.0,3134.3,31911800,3447.7,2820.9,3839.9,2896.0,3129.8,48,2,3129.7,32,1,3129.5,73,2,3129.3,1,1,3129.2,1,1,3130.0,111,1,3130.3,887,5,3130.4,29,1,3130.5,6,1,3130.6,106,2
2031,2026-06-16 12:04:15+05:30,3130.0,65,3130.02,1929615,133149.0,209396.0,3163.0,3163.0,3108.0,3134.3,31911800,3447.7,2820.9,3839.9,2896.0,3129.8,48,2,3129.7,32,1,3129.5,73,2,3129.3,1,1,3129.2,1,1,3130.0,111,1,3130.3,887,5,3130.4,29,1,3130.5,6,1,3130.6,106,2
2031,2026-06-16 12:04:15+05:30,3130.0,65,3130.02,1929731,133436.0,209029.0,3163.0,3163.0,3108.0,3134.3,31911800,3447.7,2820.9,3839.9,2896.0,3129.9,28,2,3129.8,48,2,3129.7,32,1,3129.5,90,3,3129.4,39,3,3130.3,835,4,3130.7,200,1,3130.8,303,4,3130.9,3,1,3131.0,136,4
2031,2026-06-16 12:04:16+05:30,3130.5,40,3130.02,1929731,133436.0,209029.0,3163.0,3163.0,3108.0,3134.3,31911800,3447.7,2820.9,3839.9,2896.0,3129.9,28,2,3129.8,48,2,3129.7,32,1,3129.5,90,3,3129.4,39,3,3130.3,835,4,3130.7,200,1,3130.8,303,4,3130.9,3,1,3131.0,136,4
2031,2026-06-16 12:04:16+05:30,3130.5,114,3130.02,1931296,134823.0,205722.0,3163.0,3163.0,3108.0,3134.3,31911800,3447.7,2820.9,3839.9,2896.0,3130.5,25,2,3130.4,33,1,3130.3,56,2,3130.2,80,3,3130.1,51,5,3130.8,244,3,3131.0,5,1,3131.6,20,1,3131.7,214,2,3131.8,79,3
2031,2026-06-16 12:04:17+05:30,3130.8,1,3130.02,1931296,134823.0,205722.0,3163.0,3163.0,3108.0,3134.3,31911800,3447.7,2820.9,3839.9,2896.0,3130.5,25,2,3130.4,33,1,3130.3,56,2,3130.2,80,3,3130.1,51,5,3130.8,244,3,3131.0,5,1,3131.6,20,1,3131.7,214,2,3131.8,79,3
2031,2026-06-16 12:04:17+05:30,3130.4,155,3130.02,1931497,134242.0,206442.0,3163.0,3163.0,3108.0,3134.3,31911800,3447.7,2820.9,3839.9,2896.0,3130.3,32,1,3130.1,34,3,3130.0,79,3,3129.9,72,4,3129.8,86,4,3130.6,200,1,3130.8,243,3,3131.0,5,1,3131.4,21,1,3131.5,14,1
2031,2026-06-16 12:04:18+05:30,3130.5,132,3130.02,1931497,134242.0,206442.0,3163.0,3163.0,3108.0,3134.3,31911800,3447.7,2820.9,3839.9,2896.0,3130.3,32,1,3130.1,34,3,3130.0,79,3,3129.9,72,4,3129.8,86,4,3130.6,200,1,3130.8,243,3,3131.0,5,1,3131.4,21,1,3131.5,14,1
2031,2026-06-16 12:04:18+05:30,3130.5,132,3130.02,1931897,134756.0,206380.0,3163.0,3163.0,3108.0,3134.3,31911800,3447.7,2820.9,3839.9,2896.0,3130.6,15,1,3130.5,107,8,3130.4,40,2,3130.3,235,5,3130.2,90,4,3130.8,243,3,3131.0,5,1,3131.6,20,1,3131.8,22,1,3131.9,14,1
2031,2026-06-16 12:04:19+05:30,3130.8,45,3130.02,1931897,134756.0,206380.0,3163.0,3163.0,3108.0,3134.3,31911800,3447.7,2820.9,3839.9,2896.0,3130.6,15,1,3130.5,107,8,3130.4,40,2,3130.3,235,5,3130.2,90,4,3130.8,243,3,3131.0,5,1,3131.6,20,1,3131.8,22,1,3131.9,14,1
2031,2026-06-16 12:04:19+05:30,3130.8,45,3130.02,1931988,135029.0,206431.0,3163.0,3163.0,3108.0,3134.3,31911800,3447.7,2820.9,3839.9,2896.0,3130.6,160,3,3130.5,139,9,3130.3,255,6,3130.2,69,3,3130.1,45,4,3130.8,198,3,3130.9,88,1,3131.0,5,1,3131.8,22,1,3131.9,36,2
2031,2026-06-16 12:04:20+05:30,3130.8,1,3130.02,1931988,135029.0,206431.0,3163.0,3163.0,3108.0,3134.3,31911800,3447.7,2820.9,3839.9,2896.0,3130.6,160,3,3130.5,139,9,3130.3,255,6,3130.2,69,3,3130.1,45,4,3130.8,198,3,3130.9,88,1,3131.0,5,1,3131.8,22,1,3131.9,36,2
2031,2026-06-16 12:04:20+05:30,3130.8,8,3130.02,1932220,135043.0,206253.0,3163.0,3163.0,3108.0,3134.3,31911800,3447.7,2820.9,3839.9,2896.0,3130.7,2,2,3130.6,160,3,3130.5,117,7,3130.3,255,6,3130.2,51,2,3130.8,18,2,3130.9,88,1,3131.0,5,1,3131.8,22,1,3131.9,36,2
2031,2026-06-16 12:04:21+05:30,3130.8,8,3130.02,1932220,135043.0,206253.0,3163.0,3163.0,3108.0,3134.3,31911800,3447.7,2820.9,3839.9,2896.0,3130.7,2,2,3130.6,160,3,3130.5,117,7,3130.3,255,6,3130.2,51,2,3130.8,18,2,3130.9,88,1,3131.0,5,1,3131.8,22,1,3131.9,36,2
2031,2026-06-16 12:04:21+05:30,3130.8,1,3130.02,1932265,135308.0,206101.0,3163.0,3163.0,3108.0,3134.3,31911800,3447.7,2820.9,3839.9,2896.0,3130.7,162,4,3130.6,160,3,3130.5,136,8,3130.3,255,6,3130.2,75,3,3130.8,17,2,3130.9,88,1,3131.0,5,1,3131.8,22,1,3131.9,36,2
2031,2026-06-16 12:04:22+05:30,3130.8,19,3130.02,1932265,135308.0,206101.0,3163.0,3163.0,3108.0,3134.3,31911800,3447.7,2820.9,3839.9,2896.0,3130.7,162,4,3130.6,160,3,3130.5,136,8,3130.3,255,6,3130.2,75,3,3130.8,17,2,3130.9,88,1,3131.0,5,1,3131.8,22,1,3131.9,36,2
2031,2026-06-16 12:04:22+05:30,3130.8,19,3130.02,1932286,135481.0,205485.0,3163.0,3163.0,3108.0,3134.3,31911800,3447.7,2820.9,3839.9,2896.0,3130.8,25,1,3130.7,162,4,3130.6,160,3,3130.5,157,9,3130.4,24,1,3130.9,88,1,3131.0,5,1,3131.8,22,1,3131.9,36,2,3132.0,1626,10
2031,2026-06-16 12:04:23+05:30,3130.9,25,3130.02,1932286,135481.0,205485.0,3163.0,3163.0,3108.0,3134.3,31911800,3447.7,2820.9,3839.9,2896.0,3130.8,25,1,3130.7,162,4,3130.6,160,3,3130.5,157,9,3130.4,24,1,3130.9,88,1,3131.0,5,1,3131.8,22,1,3131.9,36,2,3132.0,1626,10
2031,2026-06-16 12:04:23+05:30,3130.9,81,3130.02,1932456,135840.0,205576.0,3163.0,3163.0,3108.0,3134.3,31911800,3447.7,2820.9,3839.9,2896.0,3130.8,168,2,3130.7,162,4,3130.6,235,7,3130.5,85,6,3130.4,107,4,3130.9,6,1,3131.0,5,1,3131.9,35,2,3132.0,1680,11,3132.2,92,3
2031,2026-06-16 12:04:24+05:30,3130.9,9,3130.02,1932456,135840.0,205576.0,3163.0,3163.0,3108.0,3134.3,31911800,3447.7,2820.9,3839.9,2896.0,3130.8,168,2,3130.7,162,4,3130.6,235,7,3130.5,85,6,3130.4,107,4,3130.9,6,1,3131.0,5,1,3131.9,35,2,3132.0,1680,11,3132.2,92,3
2031,2026-06-16 12:04:24+05:30,3130.9,9,3130.02,1932471,135916.0,206017.0,3163.0,3163.0,3108.0,3134.3,31911800,3447.7,2820.9,3839.9,2896.0,3130.9,30,1,3130.8,168,2,3130.7,162,4,3130.6,195,5,3130.5,82,6,3131.0,5,1,3131.3,400,2,3131.9,38,3,3132.0,1280,9,3132.2,292,4
2031,2026-06-16 12:04:25+05:30,3131.3,5,3130.02,1932471,135916.0,206017.0,3163.0,3163.0,3108.0,3134.3,31911800,3447.7,2820.9,3839.9,2896.0,3130.9,30,1,3130.8,168,2,3130.7,162,4,3130.6,195,5,3130.5,82,6,3131.0,5,1,3131.3,400,2,3131.9,38,3,3132.0,1280,9,3132.2,292,4
2031,2026-06-16 12:04:25+05:30,3131.3,5,3130.02,1932481,136079.0,206079.0,3163.0,3163.0,3108.0,3134.3,31911800,3447.7,2820.9,3839.9,2896.0,3130.9,178,3,3130.8,168,2,3130.7,160,2,3130.6,163,4,3130.5,65,5,3131.3,395,2,3131.9,72,3,3132.0,1227,8,3132.1,59,1,3132.2,273,3
2031,2026-06-16 12:04:26+05:30,3131.3,5,3130.02,1932481,136066.0,206141.0,3163.0,3163.0,3108.0,3134.3,31911800,3447.7,2820.9,3839.9,2896.0,3130.9,178,3,3130.8,168,2,3130.7,160,2,3130.6,163,4,3130.5,65,5,3131.3,395,2,3131.9,72,3,3132.0,1279,9,3132.1,59,1,3132.2,292,4
2031,2026-06-16 12:04:27+05:30,3131.3,1,3130.02,1932481,136066.0,206141.0,3163.0,3163.0,3108.0,3134.3,31911800,3447.7,2820.9,3839.9,2896.0,3130.9,178,3,3130.8,168,2,3130.7,160,2,3130.6,163,4,3130.5,65,5,3131.3,395,2,3131.9,72,3,3132.0,1279,9,3132.1,59,1,3132.2,292,4
2031,2026-06-16 12:04:27+05:30,3131.3,1,3130.02,1932483,136147.0,206115.0,3163.0,3163.0,3108.0,3134.3,31911800,3447.7,2820.9,3839.9,2896.0,3130.9,194,4,3130.8,168,2,3130.7,160,2,3130.6,148,3,3130.5,65,5,3131.3,393,2,3131.9,72,3,3132.0,1279,9,3132.1,59,1,3132.2,292,4
2031,2026-06-16 12:04:28+05:30,3131.3,20,3130.02,1932483,136147.0,206115.0,3163.0,3163.0,3108.0,3134.3,31911800,3447.7,2820.9,3839.9,2896.0,3130.9,194,4,3130.8,168,2,3130.7,160,2,3130.6,148,3,3130.5,65,5,3131.3,393,2,3131.9,72,3,3132.0,1279,9,3132.1,59,1,3132.2,292,4
2031,2026-06-16 12:04:28+05:30,3131.3,20,3130.02,1932503,136344.0,206104.0,3163.0,3163.0,3108.0,3134.3,31911800,3447.7,2820.9,3839.9,2896.0,3131.0,15,1,3130.9,178,3,3130.8,168,2,3130.7,160,2,3130.6,168,5,3131.3,374,3,3131.8,106,2,3131.9,52,2,3132.0,1298,10,3132.1,108,2
2031,2026-06-16 12:04:29+05:30,3131.3,4,3130.02,1932507,136663.0,206023.0,3163.0,3163.0,3108.0,3134.3,31911800,3447.7,2820.9,3839.9,2896.0,3131.0,191,2,3130.9,178,3,3130.8,168,2,3130.7,160,2,3130.6,168,5,3131.3,370,3,3131.8,54,1,3131.9,52,2,3132.0,1279,9,3132.1,59,1
2031,2026-06-16 12:04:30+05:30,3131.3,4,3130.02,1932507,136663.0,206023.0,3163.0,3163.0,3108.0,3134.3,31911800,3447.7,2820.9,3839.9,2896.0,3131.0,191,2,3130.9,178,3,3130.8,168,2,3130.7,160,2,3130.6,168,5,3131.3,370,3,3131.8,54,1,3131.9,52,2,3132.0,1279,9,3132.1,59,1
2031,2026-06-16 12:04:30+05:30,3131.3,4,3130.02,1932507,136709.0,205914.0,3163.0,3163.0,3108.0,3134.3,31911800,3447.7,2820.9,3839.9,2896.0,3131.2,2,2,3131.1,2,2,3131.0,204,4,3130.9,176,1,3130.8,184,3,3131.3,371,4,3131.8,54,1,3131.9,3,1,3132.0,1279,9,3132.1,59,1
2031,2026-06-16 12:04:31+05:30,3131.3,2,3130.02,1932678,136764.0,204694.0,3163.0,3163.0,3108.0,3134.3,31911800,3447.7,2820.9,3839.9,2896.0,3131.2,176,3,3131.1,2,2,3131.0,204,4,3130.9,200,2,3130.8,191,4,3131.3,200,3,3131.9,21,1,3132.0,1173,7,3132.2,34,2,3132.3,131,2
2031,2026-06-16 12:04:32+05:30,3131.2,44,3130.02,1932678,136764.0,204694.0,3163.0,3163.0,3108.0,3134.3,31911800,3447.7,2820.9,3839.9,2896.0,3131.2,176,3,3131.1,2,2,3131.0,204,4,3130.9,200,2,3130.8,191,4,3131.3,200,3,3131.9,21,1,3132.0,1173,7,3132.2,34,2,3132.3,131,2
2031,2026-06-16 12:04:32+05:30,3131.2,44,3130.02,1932735,136820.0,204793.0,3163.0,3163.0,3108.0,3134.3,31911800,3447.7,2820.9,3839.9,2896.0,3131.2,132,3,3131.1,2,2,3131.0,204,4,3130.9,183,2,3130.8,184,3,3131.6,198,1,3131.9,21,1,3132.0,1153,6,3132.2,20,1,3132.3,134,3
2031,2026-06-16 12:04:33+05:30,3131.6,1,3130.02,1932735,136820.0,204793.0,3163.0,3163.0,3108.0,3134.3,31911800,3447.7,2820.9,3839.9,2896.0,3131.2,132,3,3131.1,2,2,3131.0,204,4,3130.9,183,2,3130.8,184,3,3131.6,198,1,3131.9,21,1,3132.0,1153,6,3132.2,20,1,3132.3,134,3
2031,2026-06-16 12:04:33+05:30,3131.6,1,3130.02,1932737,136648.0,204946.0,3163.0,3163.0,3108.0,3134.3,31911800,3447.7,2820.9,3839.9,2896.0,3131.2,132,3,3131.1,2,2,3131.0,222,5,3130.9,183,2,3130.8,184,3,3131.6,196,1,3131.9,21,1,3132.0,1207,7,3132.1,19,1,3132.2,20,1
2031,2026-06-16 12:04:34+05:30,3131.1,1,3130.02,1932916,135890.0,206056.0,3163.0,3163.0,3108.0,3134.3,31911800,3447.7,2820.9,3839.9,2896.0,3131.0,222,5,3130.9,183,2,3130.8,184,3,3130.7,160,2,3130.6,1,1,3131.1,153,1,3131.2,219,2,3131.4,70,2,3131.5,50,2,3131.6,252,3
2031,2026-06-16 12:04:35+05:30,3131.0,138,3130.02,1932916,135890.0,206056.0,3163.0,3163.0,3108.0,3134.3,31911800,3447.7,2820.9,3839.9,2896.0,3131.0,222,5,3130.9,183,2,3130.8,184,3,3130.7,160,2,3130.6,1,1,3131.1,153,1,3131.2,219,2,3131.4,70,2,3131.5,50,2,3131.6,252,3
2031,2026-06-16 12:04:35+05:30,3131.1,6,3130.02,1933103,135910.0,205378.0,3163.0,3163.0,3108.0,3134.3,31911800,3447.7,2820.9,3839.9,2896.0,3131.1,10,1,3131.0,69,4,3130.9,183,2,3130.8,184,3,3130.7,160,2,3131.2,200,1,3131.3,51,1,3131.4,19,1,3131.5,50,2,3131.6,252,3
2031,2026-06-16 12:04:36+05:30,3131.1,6,3130.02,1933103,135910.0,205378.0,3163.0,3163.0,3108.0,3134.3,31911800,3447.7,2820.9,3839.9,2896.0,3131.1,10,1,3131.0,69,4,3130.9,183,2,3130.8,184,3,3130.7,160,2,3131.2,200,1,3131.3,51,1,3131.4,19,1,3131.5,50,2,3131.6,252,3
2031,2026-06-16 12:04:36+05:30,3131.2,10,3130.02,1933113,135942.0,203836.0,3163.0,3163.0,3108.0,3134.3,31911800,3447.7,2820.9,3839.9,2896.0,3131.0,83,5,3130.9,183,2,3130.8,184,3,3130.7,160,2,3130.6,1,1,3131.2,190,1,3131.5,25,1,3131.6,201,2,3131.7,88,2,3131.8,107,3
2031,2026-06-16 12:04:37+05:30,3131.2,10,3130.02,1933113,135942.0,203836.0,3163.0,3163.0,3108.0,3134.3,31911800,3447.7,2820.9,3839.9,2896.0,3131.0,83,5,3130.9,183,2,3130.8,184,3,3130.7,160,2,3130.6,1,1,3131.2,190,1,3131.5,25,1,3131.6,201,2,3131.7,88,2,3131.8,107,3
2031,2026-06-16 12:04:37+05:30,3131.2,10,3130.02,1933113,135966.0,205843.0,3163.0,3163.0,3108.0,3134.3,31911800,3447.7,2820.9,3839.9,2896.0,3131.0,83,5,3130.9,183,2,3130.8,184,3,3130.7,160,2,3130.6,1,1,3131.2,190,1,3131.5,25,1,3131.6,201,2,3131.7,88,2,3131.8,107,3
2031,2026-06-16 12:04:38+05:30,3131.0,14,3130.02,1933113,135966.0,205843.0,3163.0,3163.0,3108.0,3134.3,31911800,3447.7,2820.9,3839.9,2896.0,3131.0,83,5,3130.9,183,2,3130.8,184,3,3130.7,160,2,3130.6,1,1,3131.2,190,1,3131.5,25,1,3131.6,201,2,3131.7,88,2,3131.8,107,3
2031,2026-06-16 12:04:38+05:30,3131.1,1,3130.02,1933198,135847.0,206017.0,3163.0,3163.0,3108.0,3134.3,31911800,3447.7,2820.9,3839.9,2896.0,3131.0,27,3,3130.9,183,2,3130.8,184,3,3130.7,160,2,3130.6,1,1,3131.1,24,1,3131.2,301,5,3131.4,69,2,3131.5,104,3,3131.6,201,2
2031,2026-06-16 12:04:39+05:30,3130.9,17,3130.02,1933198,135847.0,206017.0,3163.0,3163.0,3108.0,3134.3,31911800,3447.7,2820.9,3839.9,2896.0,3131.0,27,3,3130.9,183,2,3130.8,184,3,3130.7,160,2,3130.6,1,1,3131.1,24,1,3131.2,301,5,3131.4,69,2,3131.5,104,3,3131.6,201,2
2031,2026-06-16 12:04:39+05:30,3130.8,1,3130.02,1934502,133083.0,206879.0,3163.0,3163.0,3108.0,3134.3,31911800,3447.7,2820.9,3839.9,2896.0,3130.0,3,1,3129.4,37,2,3129.2,43,2,3129.1,69,2,3129.0,51,2,3130.8,22,1,3130.9,109,3,3131.0,353,5,3131.1,53,2,3131.2,447,9
2031,2026-06-16 12:04:40+05:30,3130.8,1,3130.02,1934502,133083.0,206879.0,3163.0,3163.0,3108.0,3134.3,31911800,3447.7,2820.9,3839.9,2896.0,3130.0,3,1,3129.4,37,2,3129.2,43,2,3129.1,69,2,3129.0,51,2,3130.8,22,1,3130.9,109,3,3131.0,353,5,3131.1,53,2,3131.2,447,9
2031,2026-06-16 12:04:40+05:30,3130.8,1,3130.02,1934502,132819.0,207385.0,3163.0,3163.0,3108.0,3134.3,31911800,3447.7,2820.9,3839.9,2896.0,3130.0,3,1,3129.4,13,1,3129.2,24,1,3129.0,51,2,3128.9,78,4,3130.3,189,1,3130.4,44,3,3130.6,19,1,3130.7,88,2,3130.8,288,4
2031,2026-06-16 12:04:41+05:30,3130.8,1,3130.02,1934502,132784.0,207540.0,3163.0,3163.0,3108.0,3134.3,31911800,3447.7,2820.9,3839.9,2896.0,3130.0,3,1,3129.4,13,1,3129.0,51,2,3128.9,24,3,3128.8,56,2,3130.3,223,2,3130.4,63,4,3130.6,72,2,3130.7,88,2,3130.8,460,6
2031,2026-06-16 12:04:42+05:30,3130.8,1,3130.02,1934502,132910.0,207190.0,3163.0,3163.0,3108.0,3134.3,31911800,3447.7,2820.9,3839.9,2896.0,3130.0,3,1,3129.1,182,2,3129.0,61,3,3128.9,60,4,3128.8,56,2,3130.3,223,2,3130.4,25,2,3130.6,53,1,3130.7,54,1,3130.8,167,3
2031,2026-06-16 12:04:43+05:30,3130.3,1,3130.02,1934502,132910.0,207190.0,3163.0,3163.0,3108.0,3134.3,31911800,3447.7,2820.9,3839.9,2896.0,3130.0,3,1,3129.1,182,2,3129.0,61,3,3128.9,60,4,3128.8,56,2,3130.3,223,2,3130.4,25,2,3130.6,53,1,3130.7,54,1,3130.8,167,3
2031,2026-06-16 12:04:43+05:30,3130.3,1,3130.02,1934503,132921.0,205376.0,3163.0,3163.0,3108.0,3134.3,31911800,3447.7,2820.9,3839.9,2896.0,3130.0,3,1,3129.1,182,2,3129.0,84,4,3128.9,60,4,3128.8,110,3,3130.3,222,2,3130.4,25,2,3130.6,53,1,3130.7,54,1,3130.8,167,3
2031,2026-06-16 12:04:44+05:30,3130.3,1,3130.02,1934503,132921.0,205398.0,3163.0,3163.0,3108.0,3134.3,31911800,3447.7,2820.9,3839.9,2896.0,3130.0,3,1,3129.1,182,2,3129.0,84,4,3128.9,60,4,3128.8,110,3,3130.3,222,2,3130.4,25,2,3130.5,16,1,3130.6,53,1,3130.7,54,1
2031,2026-06-16 12:04:45+05:30,3130.3,1,3130.02,1934503,133051.0,207209.0,3163.0,3163.0,3108.0,3134.3,31911800,3447.7,2820.9,3839.9,2896.0,3130.2,2,2,3130.0,4,2,3129.2,19,1,3129.1,186,3,3129.0,61,3,3130.3,236,3,3130.4,22,1,3130.5,16,1,3130.7,54,1,3130.8,114,2
2031,2026-06-16 12:04:46+05:30,3130.3,1,3130.02,1934503,133051.0,207209.0,3163.0,3163.0,3108.0,3134.3,31911800,3447.7,2820.9,3839.9,2896.0,3130.2,2,2,3130.0,4,2,3129.2,19,1,3129.1,186,3,3129.0,61,3,3130.3,236,3,3130.4,22,1,3130.5,16,1,3130.7,54,1,3130.8,114,2
2031,2026-06-16 12:04:46+05:30,3128.8,695,3130.01,1939504,131409.0,203461.0,3163.0,3163.0,3108.0,3134.3,31911800,3447.7,2820.9,3839.9,2896.0,3129.5,37,3,3129.4,30,2,3129.3,20,1,3129.2,59,3,3129.1,285,5,3130.1,187,1,3130.3,48,2,3130.6,20,1,3130.7,144,1,3130.8,114,2
2031,2026-06-16 12:04:47+05:30,3129.1,200,3130.01,1939504,131409.0,203461.0,3163.0,3163.0,3108.0,3134.3,31911800,3447.7,2820.9,3839.9,2896.0,3129.5,37,3,3129.4,30,2,3129.3,20,1,3129.2,59,3,3129.1,285,5,3130.1,187,1,3130.3,48,2,3130.6,20,1,3130.7,144,1,3130.8,114,2
2031,2026-06-16 12:04:47+05:30,3129.1,200,3130.01,1940083,133020.0,207242.0,3163.0,3163.0,3108.0,3134.3,31911800,3447.7,2820.9,3839.9,2896.0,3129.1,3,1,3129.0,32,3,3128.9,122,3,3128.8,171,2,3128.7,109,8,3130.1,177,1,3130.3,48,2,3130.4,20,1,3130.5,131,3,3130.6,21,1
2031,2026-06-16 12:04:48+05:30,3130.1,1,3130.01,1940126,131728.0,208389.0,3163.0,3163.0,3108.0,3134.3,31911800,3447.7,2820.9,3839.9,2896.0,3128.9,49,1,3128.8,25,1,3128.7,222,5,3128.6,178,5,3128.5,64,2,3130.1,176,1,3130.2,76,2,3130.3,96,3,3130.4,41,2,3130.5,176,6
2031,2026-06-16 12:04:49+05:30,3130.1,1,3130.01,1940126,131728.0,208389.0,3163.0,3163.0,3108.0,3134.3,31911800,3447.7,2820.9,3839.9,2896.0,3128.9,49,1,3128.8,25,1,3128.7,222,5,3128.6,178,5,3128.5,64,2,3130.1,176,1,3130.2,76,2,3130.3,96,3,3130.4,41,2,3130.5,176,6
2031,2026-06-16 12:04:49+05:30,3130.1,1,3130.01,1940126,131924.0,208271.0,3163.0,3163.0,3108.0,3134.3,31911800,3447.7,2820.9,3839.9,2896.0,3128.8,14,1,3128.7,48,4,3128.6,209,5,3128.5,49,1,3128.4,50,3,3130.1,201,2,3130.2,141,2,3130.3,173,5,3130.4,20,1,3130.5,177,5
2031,2026-06-16 12:04:50+05:30,3130.1,1,3130.01,1940126,132007.0,207736.0,3163.0,3163.0,3108.0,3134.3,31911800,3447.7,2820.9,3839.9,2896.0,3128.8,16,1,3128.7,83,6,3128.6,269,7,3128.5,70,2,3128.4,50,3,3130.1,202,3,3130.2,121,1,3130.3,173,5,3130.4,20,1,3130.5,99,4
2031,2026-06-16 12:04:51+05:30,3130.1,11,3130.01,1940137,131948.0,205841.0,3163.0,3163.0,3108.0,3134.3,31911800,3447.7,2820.9,3839.9,2896.0,3128.8,16,1,3128.7,58,5,3128.6,209,5,3128.5,70,2,3128.4,50,3,3130.1,233,4,3130.2,121,1,3130.3,179,6,3130.4,69,2,3130.5,379,7
2031,2026-06-16 12:04:52+05:30,3128.8,1,3130.01,1940137,131948.0,205841.0,3163.0,3163.0,3108.0,3134.3,31911800,3447.7,2820.9,3839.9,2896.0,3128.8,16,1,3128.7,58,5,3128.6,209,5,3128.5,70,2,3128.4,50,3,3130.1,233,4,3130.2,121,1,3130.3,179,6,3130.4,69,2,3130.5,379,7
2031,2026-06-16 12:04:52+05:30,3128.8,1,3130.01,1940137,131948.0,205841.0,3163.0,3163.0,3108.0,3134.3,31911800,3447.7,2820.9,3839.9,2896.0,3128.8,16,1,3128.7,58,5,3128.6,209,5,3128.5,70,2,3128.4,50,3,3130.1,233,4,3130.2,121,1,3130.3,179,6,3130.4,69,2,3130.5,379,7
2031,2026-06-16 12:04:52+05:30,3129.2,1,3130.01,1940339,131205.0,208756.0,3163.0,3163.0,3108.0,3134.3,31911800,3447.7,2820.9,3839.9,2896.0,3128.6,173,4,3128.2,4,1,3128.0,545,7,3127.9,89,4,3127.8,122,5,3129.2,164,1,3129.3,396,2,3129.7,275,3,3129.8,43,3,3129.9,49,1
2031,2026-06-16 12:04:53+05:30,3129.2,1,3130.01,1940339,131205.0,208756.0,3163.0,3163.0,3108.0,3134.3,31911800,3447.7,2820.9,3839.9,2896.0,3128.6,173,4,3128.2,4,1,3128.0,545,7,3127.9,89,4,3127.8,122,5,3129.2,164,1,3129.3,396,2,3129.7,275,3,3129.8,43,3,3129.9,49,1
2031,2026-06-16 12:04:53+05:30,3128.5,164,3130.01,1940703,130451.0,208962.0,3163.0,3163.0,3108.0,3134.3,31911800,3447.7,2820.9,3839.9,2896.0,3128.4,14,1,3128.3,74,4,3128.2,84,4,3128.1,10,1,3128.0,611,11,3129.2,25,1,3129.3,396,2,3129.8,221,2,3129.9,3,1,3130.0,122,5
2031,2026-06-16 12:04:54+05:30,3128.5,164,3130.01,1940703,130451.0,208962.0,3163.0,3163.0,3108.0,3134.3,31911800,3447.7,2820.9,3839.9,2896.0,3128.4,14,1,3128.3,74,4,3128.2,84,4,3128.1,10,1,3128.0,611,11,3129.2,25,1,3129.3,396,2,3129.8,221,2,3129.9,3,1,3130.0,122,5
2031,2026-06-16 12:04:54+05:30,3129.2,1,3130.01,1940703,130451.0,208962.0,3163.0,3163.0,3108.0,3134.3,31911800,3447.7,2820.9,3839.9,2896.0,3128.4,14,1,3128.3,74,4,3128.2,84,4,3128.1,10,1,3128.0,611,11,3129.2,25,1,3129.3,396,2,3129.8,221,2,3129.9,3,1,3130.0,122,5
2031,2026-06-16 12:04:54+05:30,3129.3,7,3130.01,1940784,131443.0,209317.0,3163.0,3163.0,3108.0,3134.3,31911800,3447.7,2820.9,3839.9,2896.0,3129.2,1,1,3128.6,6,1,3128.2,77,3,3128.1,93,3,3128.0,587,9,3129.3,389,2,3129.7,326,4,3129.9,133,4,3130.0,218,6,3130.1,99,3
2031,2026-06-16 12:04:55+05:30,3129.3,7,3130.01,1940784,131443.0,209317.0,3163.0,3163.0,3108.0,3134.3,31911800,3447.7,2820.9,3839.9,2896.0,3129.2,1,1,3128.6,6,1,3128.2,77,3,3128.1,93,3,3128.0,587,9,3129.3,389,2,3129.7,326,4,3129.9,133,4,3130.0,218,6,3130.1,99,3
2031,2026-06-16 12:04:55+05:30,3129.2,65,3130.01,1940850,130952.0,209718.0,3163.0,3163.0,3108.0,3134.3,31911800,3447.7,2820.9,3839.9,2896.0,3128.6,22,2,3128.2,4,1,3128.1,84,3,3128.0,591,8,3127.9,121,4,3129.2,127,1,3129.3,196,1,3129.6,398,4,3129.7,73,2,3129.8,107,2
2031,2026-06-16 12:04:56+05:30,3129.2,65,3130.01,1940850,130952.0,209718.0,3163.0,3163.0,3108.0,3134.3,31911800,3447.7,2820.9,3839.9,2896.0,3128.6,22,2,3128.2,4,1,3128.1,84,3,3128.0,591,8,3127.9,121,4,3129.2,127,1,3129.3,196,1,3129.6,398,4,3129.7,73,2,3129.8,107,2
2031,2026-06-16 12:04:56+05:30,3128.6,135,3130.01,1940850,130952.0,209718.0,3163.0,3163.0,3108.0,3134.3,31911800,3447.7,2820.9,3839.9,2896.0,3128.6,22,2,3128.2,4,1,3128.1,84,3,3128.0,591,8,3127.9,121,4,3129.2,127,1,3129.3,196,1,3129.6,398,4,3129.7,73,2,3129.8,107,2
2031,2026-06-16 12:04:56+05:30,3128.6,135,3130.01,1941050,130892.0,209123.0,3163.0,3163.0,3108.0,3134.3,31911800,3447.7,2820.9,3839.9,2896.0,3128.5,30,2,3128.4,35,2,3128.3,37,2,3128.2,149,7,3128.1,20,2,3129.2,323,2,3129.7,254,2,3129.8,22,1,3129.9,72,3,3130.0,202,5
2031,2026-06-16 12:04:57+05:30,3128.6,135,3130.01,1941050,130923.0,209295.0,3163.0,3163.0,3108.0,3134.3,31911800,3447.7,2820.9,3839.9,2896.0,3128.5,30,2,3128.4,55,3,3128.3,14,1,3128.2,122,6,3128.1,20,2,3129.2,324,3,3129.7,254,2,3129.8,78,2,3129.9,72,3,3130.0,202,5
2031,2026-06-16 12:04:58+05:30,3128.6,135,3130.01,1941050,130923.0,209295.0,3163.0,3163.0,3108.0,3134.3,31911800,3447.7,2820.9,3839.9,2896.0,3128.5,30,2,3128.4,55,3,3128.3,14,1,3128.2,122,6,3128.1,20,2,3129.2,324,3,3129.7,254,2,3129.8,78,2,3129.9,72,3,3130.0,202,5
2031,2026-06-16 12:04:58+05:30,3128.6,135,3130.01,1941050,131097.0,209301.0,3163.0,3163.0,3108.0,3134.3,31911800,3447.7,2820.9,3839.9,2896.0,3128.5,30,2,3128.4,55,3,3128.3,14,1,3128.2,122,6,3128.1,20,2,3129.2,324,3,3129.7,254,2,3129.8,78,2,3129.9,72,3,3130.0,202,5
2031,2026-06-16 12:04:59+05:30,3129.2,1,3130.01,1941050,131097.0,209301.0,3163.0,3163.0,3108.0,3134.3,31911800,3447.7,2820.9,3839.9,2896.0,3128.5,30,2,3128.4,55,3,3128.3,14,1,3128.2,122,6,3128.1,20,2,3129.2,324,3,3129.7,254,2,3129.8,78,2,3129.9,72,3,3130.0,202,5
2031,2026-06-16 12:04:59+05:30,3128.4,1,3130.01,1941253,130869.0,209464.0,3163.0,3163.0,3108.0,3134.3,31911800,3447.7,2820.9,3839.9,2896.0,3128.5,30,2,3128.4,56,4,3128.3,55,3,3128.2,69,4,3128.1,88,4,3129.2,322,3,3129.7,254,2,3129.8,22,1,3129.9,116,3,3130.0,209,5
2031,2026-06-16 12:05:00+05:30,3128.4,1,3130.01,1941253,130869.0,209464.0,3163.0,3163.0,3108.0,3134.3,31911800,3447.7,2820.9,3839.9,2896.0,3128.5,30,2,3128.4,56,4,3128.3,55,3,3128.2,69,4,3128.1,88,4,3129.2,322,3,3129.7,254,2,3129.8,22,1,3129.9,116,3,3130.0,209,5
2031,2026-06-16 12:05:00+05:30,3128.4,21,3130.01,1941253,130869.0,209464.0,3163.0,3163.0,3108.0,3134.3,31911800,3447.7,2820.9,3839.9,2896.0,3128.5,30,2,3128.4,56,4,3128.3,55,3,3128.2,69,4,3128.1,88,4,3129.2,322,3,3129.7,254,2,3129.8,22,1,3129.9,116,3,3130.0,209,5
2031,2026-06-16 12:05:00+05:30,3128.4,13,3130.01,1941578,130952.0,209032.0,3163.0,3163.0,3108.0,3134.3,31911800,3447.7,2820.9,3839.9,2896.0,3128.5,14,1,3128.4,61,7,3128.3,74,3,3128.2,101,5,3128.1,96,4,3129.2,198,3,3129.7,200,1,3129.8,76,2,3129.9,50,1,3130.0,99,3
2031,2026-06-16 12:05:01+05:30,3128.7,12,3130.01,1941578,130952.0,209032.0,3163.0,3163.0,3108.0,3134.3,31911800,3447.7,2820.9,3839.9,2896.0,3128.5,14,1,3128.4,61,7,3128.3,74,3,3128.2,101,5,3128.1,96,4,3129.2,198,3,3129.7,200,1,3129.8,76,2,3129.9,50,1,3130.0,99,3
2031,2026-06-16 12:05:01+05:30,3128.7,12,3130.01,1941578,130952.0,209032.0,3163.0,3163.0,3108.0,3134.3,31911800,3447.7,2820.9,3839.9,2896.0,3128.5,14,1,3128.4,61,7,3128.3,74,3,3128.2,101,5,3128.1,96,4,3129.2,198,3,3129.7,200,1,3129.8,76,2,3129.9,50,1,3130.0,99,3
2031,2026-06-16 12:05:01+05:30,3128.7,12,3130.01,1941628,131523.0,209367.0,3163.0,3163.0,3108.0,3134.3,31911800,3447.7,2820.9,3839.9,2896.0,3128.6,16,1,3128.5,90,7,3128.4,5,2,3128.3,64,2,3128.2,155,6,3129.2,240,4,3129.6,200,1,3129.8,80,2,3129.9,3,1,3130.0,196,4
2031,2026-06-16 12:05:02+05:30,3128.6,4,3130.01,1941628,131523.0,209367.0,3163.0,3163.0,3108.0,3134.3,31911800,3447.7,2820.9,3839.9,2896.0,3128.6,16,1,3128.5,90,7,3128.4,5,2,3128.3,64,2,3128.2,155,6,3129.2,240,4,3129.6,200,1,3129.8,80,2,3129.9,3,1,3130.0,196,4
2031,2026-06-16 12:05:02+05:30,3128.6,4,3130.01,1941632,131178.0,209815.0,3163.0,3163.0,3108.0,3134.3,31911800,3447.7,2820.9,3839.9,2896.0,3128.6,13,2,3128.5,34,4,3128.4,5,2,3128.3,18,1,3128.2,44,3,3129.2,441,6,3129.7,200,1,3129.8,129,3,3129.9,78,1,3130.0,220,6
2031,2026-06-16 12:05:02+05:30,3128.6,4,3130.01,1941632,131178.0,209815.0,3163.0,3163.0,3108.0,3134.3,31911800,3447.7,2820.9,3839.9,2896.0,3128.6,13,2,3128.5,34,4,3128.4,5,2,3128.3,18,1,3128.2,44,3,3129.2,441,6,3129.7,200,1,3129.8,129,3,3129.9,78,1,3130.0,220,6
2031,2026-06-16 12:05:03+05:30,3128.5,141,3130.01,1941632,131178.0,209815.0,3163.0,3163.0,3108.0,3134.3,31911800,3447.7,2820.9,3839.9,2896.0,3128.6,13,2,3128.5,34,4,3128.4,5,2,3128.3,18,1,3128.2,44,3,3129.2,441,6,3129.7,200,1,3129.8,129,3,3129.9,78,1,3130.0,220,6
2031,2026-06-16 12:05:03+05:30,3128.5,141,3130.01,1941832,130956.0,209626.0,3163.0,3163.0,3108.0,3134.3,31911800,3447.7,2820.9,3839.9,2896.0,3128.6,16,1,3128.5,74,6,3128.4,46,3,3128.3,37,2,3128.2,44,3,3129.1,50,1,3129.2,433,6,3129.7,200,1,3129.8,80,2,3130.0,96,4
2031,2026-06-16 12:05:03+05:30,3128.5,141,3130.01,1941832,130956.0,209626.0,3163.0,3163.0,3108.0,3134.3,31911800,3447.7,2820.9,3839.9,2896.0,3128.6,16,1,3128.5,74,6,3128.4,46,3,3128.3,37,2,3128.2,44,3,3129.1,50,1,3129.2,433,6,3129.7,200,1,3129.8,80,2,3130.0,96,4
2031,2026-06-16 12:05:04+05:30,3128.5,141,3130.01,1941832,130956.0,209626.0,3163.0,3163.0,3108.0,3134.3,31911800,3447.7,2820.9,3839.9,2896.0,3128.6,16,1,3128.5,74,6,3128.4,46,3,3128.3,37,2,3128.2,44,3,3129.1,50,1,3129.2,433,6,3129.7,200,1,3129.8,80,2,3130.0,96,4
2031,2026-06-16 12:05:04+05:30,3129.1,1,3130.01,1941832,130956.0,209626.0,3163.0,3163.0,3108.0,3134.3,31911800,3447.7,2820.9,3839.9,2896.0,3128.6,16,1,3128.5,74,6,3128.4,46,3,3128.3,37,2,3128.2,44,3,3129.1,50,1,3129.2,433,6,3129.7,200,1,3129.8,80,2,3130.0,96,4
2031,2026-06-16 12:05:04+05:30,3129.1,1,3130.01,1941833,130936.0,209712.0,3163.0,3163.0,3108.0,3134.3,31911800,3447.7,2820.9,3839.9,2896.0,3128.6,17,2,3128.5,34,4,3128.4,98,6,3128.3,37,2,3128.2,44,3,3129.1,75,2,3129.2,433,6,3129.6,200,1,3129.8,80,2,3130.0,96,4
2031,2026-06-16 12:05:04+05:30,3129.1,1,3130.01,1941833,130936.0,209712.0,3163.0,3163.0,3108.0,3134.3,31911800,3447.7,2820.9,3839.9,2896.0,3128.6,17,2,3128.5,34,4,3128.4,98,6,3128.3,37,2,3128.2,44,3,3129.1,75,2,3129.2,433,6,3129.6,200,1,3129.8,80,2,3130.0,96,4
2031,2026-06-16 12:05:05+05:30,3129.1,1,3130.01,1941833,130936.0,209712.0,3163.0,3163.0,3108.0,3134.3,31911800,3447.7,2820.9,3839.9,2896.0,3128.6,17,2,3128.5,34,4,3128.4,98,6,3128.3,37,2,3128.2,44,3,3129.1,75,2,3129.2,433,6,3129.6,200,1,3129.8,80,2,3130.0,96,4
2031,2026-06-16 12:05:05+05:30,3129.1,1,3130.01,1941833,130885.0,209821.0,3163.0,3163.0,3108.0,3134.3,31911800,3447.7,2820.9,3839.9,2896.0,3128.6,1,1,3128.5,37,4,3128.4,18,2,3128.3,18,1,3128.2,24,2,3129.1,76,3,3129.2,432,5,3129.6,200,1,3129.7,19,1,3129.8,150,4
2031,2026-06-16 12:05:06+05:30,3129.1,1,3130.01,1941833,130885.0,209821.0,3163.0,3163.0,3108.0,3134.3,31911800,3447.7,2820.9,3839.9,2896.0,3128.6,1,1,3128.5,37,4,3128.4,18,2,3128.3,18,1,3128.2,24,2,3129.1,76,3,3129.2,432,5,3129.6,200,1,3129.7,19,1,3129.8,150,4
2031,2026-06-16 12:05:06+05:30,3129.1,1,3130.01,1941833,130885.0,209821.0,3163.0,3163.0,3108.0,3134.3,31911800,3447.7,2820.9,3839.9,2896.0,3128.6,1,1,3128.5,37,4,3128.4,18,2,3128.3,18,1,3128.2,24,2,3129.1,76,3,3129.2,432,5,3129.6,200,1,3129.7,19,1,3129.8,150,4
2031,2026-06-16 12:05:06+05:30,3129.1,1,3130.01,1941834,130284.0,210197.0,3163.0,3163.0,3108.0,3134.3,31911800,3447.7,2820.9,3839.9,2896.0,3128.6,1,1,3128.5,21,3,3128.4,2,1,3128.2,4,1,3128.1,10,1,3129.1,75,3,3129.2,432,5,3129.4,19,1,3129.5,103,3,3129.6,240,3
2031,2026-06-16 12:05:07+05:30,3129.1,1,3130.01,1941834,130284.0,210197.0,3163.0,3163.0,3108.0,3134.3,31911800,3447.7,2820.9,3839.9,2896.0,3128.6,1,1,3128.5,21,3,3128.4,2,1,3128.2,4,1,3128.1,10,1,3129.1,75,3,3129.2,432,5,3129.4,19,1,3129.5,103,3,3129.6,240,3
2031,2026-06-16 12:05:07+05:30,3129.1,1,3130.01,1941834,130588.0,210174.0,3163.0,3163.0,3108.0,3134.3,31911800,3447.7,2820.9,3839.9,2896.0,3128.8,15,1,3128.6,1,1,3128.5,4,2,3128.4,2,1,3128.2,4,1,3129.1,75,3,3129.2,432,5,3129.4,19,1,3129.5,60,2,3129.6,240,3
2031,2026-06-16 12:05:07+05:30,3129.1,1,3130.01,1941834,130588.0,210174.0,3163.0,3163.0,3108.0,3134.3,31911800,3447.7,2820.9,3839.9,2896.0,3128.8,15,1,3128.6,1,1,3128.5,4,2,3128.4,2,1,3128.2,4,1,3129.1,75,3,3129.2,432,5,3129.4,19,1,3129.5,60,2,3129.6,240,3
2031,2026-06-16 12:05:08+05:30,3129.1,1,3130.01,1941834,130554.0,210269.0,3163.0,3163.0,3108.0,3134.3,31911800,3447.7,2820.9,3839.9,2896.0,3128.9,18,1,3128.8,1,1,3128.7,9,1,3128.6,1,1,3128.5,2,1,3129.0,1,1,3129.1,75,3,3129.2,514,5,3129.5,60,2,3129.6,240,3
2031,2026-06-16 12:05:08+05:30,3129.1,1,3130.01,1941834,130554.0,210269.0,3163.0,3163.0,3108.0,3134.3,31911800,3447.7,2820.9,3839.9,2896.0,3128.9,18,1,3128.8,1,1,3128.7,9,1,3128.6,1,1,3128.5,2,1,3129.0,1,1,3129.1,75,3,3129.2,514,5,3129.5,60,2,3129.6,240,3
2031,2026-06-16 12:05:09+05:30,3129.1,1,3130.01,1941834,130554.0,210269.0,3163.0,3163.0,3108.0,3134.3,31911800,3447.7,2820.9,3839.9,2896.0,3128.9,18,1,3128.8,1,1,3128.7,9,1,3128.6,1,1,3128.5,2,1,3129.0,1,1,3129.1,75,3,3129.2,514,5,3129.5,60,2,3129.6,240,3
2031,2026-06-16 12:05:09+05:30,3129.1,1,3130.01,1941910,131408.0,209956.0,3163.0,3163.0,3108.0,3134.3,31911800,3447.7,2820.9,3839.9,2896.0,3128.9,1,1,3128.8,1,1,3128.7,9,1,3128.6,1,1,3128.5,2,1,3129.2,514,5,3129.6,200,1,3129.8,45,1,3129.9,81,2,3130.0,192,5
2031,2026-06-16 12:05:10+05:30,3129.1,1,3130.01,1941910,131408.0,209956.0,3163.0,3163.0,3108.0,3134.3,31911800,3447.7,2820.9,3839.9,2896.0,3128.9,1,1,3128.8,1,1,3128.7,9,1,3128.6,1,1,3128.5,2,1,3129.2,514,5,3129.6,200,1,3129.8,45,1,3129.9,81,2,3130.0,192,5
2031,2026-06-16 12:05:10+05:30,3129.2,1,3130.01,1941910,131408.0,209956.0,3163.0,3163.0,3108.0,3134.3,31911800,3447.7,2820.9,3839.9,2896.0,3128.9,1,1,3128.8,1,1,3128.7,9,1,3128.6,1,1,3128.5,2,1,3129.2,514,5,3129.6,200,1,3129.8,45,1,3129.9,81,2,3130.0,192,5
2031,2026-06-16 12:05:10+05:30,3129.2,100,3130.01,1942025,131313.0,209724.0,3163.0,3163.0,3108.0,3134.3,31911800,3447.7,2820.9,3839.9,2896.0,3129.0,4,1,3128.9,1,1,3128.8,1,1,3128.7,9,1,3128.6,1,1,3129.2,413,5,3129.6,200,1,3129.7,19,1,3129.8,65,2,3129.9,81,2
2031,2026-06-16 12:05:11+05:30,3129.2,100,3130.01,1942025,131313.0,209724.0,3163.0,3163.0,3108.0,3134.3,31914200,3447.7,2820.9,3839.9,2896.0,3129.0,4,1,3128.9,1,1,3128.8,1,1,3128.7,9,1,3128.6,1,1,3129.2,413,5,3129.6,200,1,3129.7,19,1,3129.8,65,2,3129.9,81,2
2031,2026-06-16 12:05:11+05:30,3129.2,100,3130.01,1942025,131313.0,209724.0,3163.0,3163.0,3108.0,3134.3,31914200,3447.7,2820.9,3839.9,2896.0,3129.0,4,1,3128.9,1,1,3128.8,1,1,3128.7,9,1,3128.6,1,1,3129.2,413,5,3129.6,200,1,3129.7,19,1,3129.8,65,2,3129.9,81,2
2031,2026-06-16 12:05:11+05:30,3129.2,11,3130.01,1942195,131006.0,209643.0,3163.0,3163.0,3108.0,3134.3,31914200,3447.7,2820.9,3839.9,2896.0,3128.9,1,1,3128.8,1,1,3128.7,9,1,3128.6,1,1,3128.5,2,1,3129.2,114,2,3129.3,129,1,3129.6,19,1,3129.7,279,3,3129.8,65,2
2031,2026-06-16 12:05:12+05:30,3129.2,1,3130.01,1942195,131006.0,209643.0,3163.0,3163.0,3108.0,3134.3,31914200,3447.7,2820.9,3839.9,2896.0,3128.9,1,1,3128.8,1,1,3128.7,9,1,3128.6,1,1,3128.5,2,1,3129.2,114,2,3129.3,129,1,3129.6,19,1,3129.7,279,3,3129.8,65,2
2031,2026-06-16 12:05:12+05:30,3128.8,15,3130.01,1942237,131208.0,203029.0,3163.0,3163.0,3108.0,3134.3,31914200,3447.7,2820.9,3839.9,2896.0,3128.8,32,4,3128.7,29,3,3128.6,57,4,3128.5,29,2,3128.4,57,3,3129.1,1,1,3129.2,83,1,3129.3,129,1,3129.7,200,1,3130.0,125,3
2031,2026-06-16 12:05:13+05:30,3128.8,15,3130.01,1942237,131208.0,203029.0,3163.0,3163.0,3108.0,3134.3,31914200,3447.7,2820.9,3839.9,2896.0,3128.8,32,4,3128.7,29,3,3128.6,57,4,3128.5,29,2,3128.4,57,3,3129.1,1,1,3129.2,83,1,3129.3,129,1,3129.7,200,1,3130.0,125,3
2031,2026-06-16 12:05:13+05:30,3129.3,129,3130.01,1942533,132931.0,199747.0,3163.0,3163.0,3108.0,3134.3,31914200,3447.7,2820.9,3839.9,2896.0,3129.3,105,7,3129.2,24,2,3129.1,36,3,3129.0,118,8,3128.9,30,3,3130.0,200,1,3130.4,25,1,3130.5,200,1,3130.6,674,5,3130.7,632,4
2031,2026-06-16 12:05:14+05:30,3129.3,200,3130.01,1942533,132931.0,199747.0,3163.0,3163.0,3108.0,3134.3,31914200,3447.7,2820.9,3839.9,2896.0,3129.3,105,7,3129.2,24,2,3129.1,36,3,3129.0,118,8,3128.9,30,3,3130.0,200,1,3130.4,25,1,3130.5,200,1,3130.6,674,5,3130.7,632,4
2031,2026-06-16 12:05:14+05:30,3129.3,200,3130.01,1942733,132618.0,201344.0,3163.0,3163.0,3108.0,3134.3,31914200,3447.7,2820.9,3839.9,2896.0,3129.3,94,5,3129.2,96,4,3129.1,93,6,3129.0,124,11,3128.9,320,7,3130.8,56,3,3130.9,58,1,3131.0,241,4,3131.1,126,3,3131.2,117,4
2031,2026-06-16 12:05:15+05:30,3131.0,1,3130.01,1942733,132618.0,201344.0,3163.0,3163.0,3108.0,3134.3,31914200,3447.7,2820.9,3839.9,2896.0,3129.3,94,5,3129.2,96,4,3129.1,93,6,3129.0,124,11,3128.9,320,7,3130.8,56,3,3130.9,58,1,3131.0,241,4,3131.1,126,3,3131.2,117,4
2031,2026-06-16 12:05:15+05:30,3131.0,1,3130.01,1942734,133820.0,201059.0,3163.0,3163.0,3108.0,3134.3,31914200,3447.7,2820.9,3839.9,2896.0,3130.1,2,2,3129.8,49,1,3129.7,27,2,3129.6,23,1,3129.5,17,1,3130.8,32,1,3131.2,70,3,3131.3,12,1,3131.4,175,5,3131.5,5,1
2031,2026-06-16 12:05:16+05:30,3131.0,1,3130.01,1942734,133498.0,201229.0,3163.0,3163.0,3108.0,3134.3,31914200,3447.7,2820.9,3839.9,2896.0,3130.1,2,2,3130.0,9,1,3129.8,66,2,3129.7,27,2,3129.6,23,1,3130.8,32,1,3131.2,70,3,3131.3,12,1,3131.4,175,5,3131.5,5,1
2031,2026-06-16 12:05:17+05:30,3131.7,51,3130.01,1942734,133498.0,201229.0,3163.0,3163.0,3108.0,3134.3,31914200,3447.7,2820.9,3839.9,2896.0,3130.1,2,2,3130.0,9,1,3129.8,66,2,3129.7,27,2,3129.6,23,1,3130.8,32,1,3131.2,70,3,3131.3,12,1,3131.4,175,5,3131.5,5,1
2031,2026-06-16 12:05:17+05:30,3131.7,51,3130.01,1942934,134303.0,199732.0,3163.0,3163.0,3108.0,3134.3,31914200,3447.7,2820.9,3839.9,2896.0,3130.2,59,2,3130.1,80,5,3130.0,90,5,3129.9,63,1,3129.8,222,4,3131.6,16,1,3131.7,52,3,3131.8,95,4,3131.9,103,2,3132.0,550,12
2031,2026-06-16 12:05:18+05:30,3131.0,100,3130.01,1942934,134303.0,199732.0,3163.0,3163.0,3108.0,3134.3,31914200,3447.7,2820.9,3839.9,2896.0,3130.2,59,2,3130.1,80,5,3130.0,90,5,3129.9,63,1,3129.8,222,4,3131.6,16,1,3131.7,52,3,3131.8,95,4,3131.9,103,2,3132.0,550,12
2031,2026-06-16 12:05:18+05:30,3131.0,100,3130.01,1943134,133876.0,200238.0,3163.0,3163.0,3108.0,3134.3,31914200,3447.7,2820.9,3839.9,2896.0,3130.2,27,2,3130.1,80,4,3130.0,96,5,3129.9,21,1,3129.8,194,6,3130.9,1,1,3131.6,179,4,3131.7,96,3,3131.8,53,3,3131.9,122,2
2031,2026-06-16 12:05:19+05:30,3131.6,16,3130.01,1943134,133876.0,200238.0,3163.0,3163.0,3108.0,3134.3,31914200,3447.7,2820.9,3839.9,2896.0,3130.2,27,2,3130.1,80,4,3130.0,96,5,3129.9,21,1,3129.8,194,6,3130.9,1,1,3131.6,179,4,3131.7,96,3,3131.8,53,3,3131.9,122,2
2031,2026-06-16 12:05:19+05:30,3131.0,99,3130.01,1943438,134557.0,200369.0,3163.0,3163.0,3108.0,3134.3,31914200,3447.7,2820.9,3839.9,2896.0,3130.9,1,1,3130.5,16,1,3130.1,2,2,3130.0,92,3,3129.9,186,2,3131.0,66,1,3131.6,21,1,3131.7,31,1,3131.8,176,5,3131.9,60,2
2031,2026-06-16 12:05:20+05:30,3131.8,9,3130.01,1943438,134557.0,200369.0,3163.0,3163.0,3108.0,3134.3,31914200,3447.7,2820.9,3839.9,2896.0,3130.9,1,1,3130.5,16,1,3130.1,2,2,3130.0,92,3,3129.9,186,2,3131.0,66,1,3131.6,21,1,3131.7,31,1,3131.8,176,5,3131.9,60,2
2031,2026-06-16 12:05:20+05:30,3131.8,9,3130.01,1943639,133985.0,200241.0,3163.0,3163.0,3108.0,3134.3,31914200,3447.7,2820.9,3839.9,2896.0,3130.9,3,3,3130.6,18,1,3130.0,29,2,3129.9,21,1,3129.8,270,4,3131.0,10,1,3131.5,16,1,3131.6,35,2,3131.8,147,5,3131.9,120,3
2031,2026-06-16 12:05:21+05:30,3131.8,15,3130.01,1943639,133985.0,200241.0,3163.0,3163.0,3108.0,3134.3,31914200,3447.7,2820.9,3839.9,2896.0,3130.9,3,3,3130.6,18,1,3130.0,29,2,3129.9,21,1,3129.8,270,4,3131.0,10,1,3131.5,16,1,3131.6,35,2,3131.8,147,5,3131.9,120,3
2031,2026-06-16 12:05:21+05:30,3131.0,18,3130.01,1943975,134319.0,199499.0,3163.0,3163.0,3108.0,3134.3,31914200,3447.7,2820.9,3839.9,2896.0,3131.0,18,1,3130.9,3,3,3130.3,22,1,3130.1,84,2,3130.0,47,3,3131.8,14,1,3131.9,94,5,3132.0,109,9,3132.1,166,3,3132.2,93,4
2031,2026-06-16 12:05:22+05:30,3131.0,10,3130.01,1943975,134319.0,199499.0,3163.0,3163.0,3108.0,3134.3,31914200,3447.7,2820.9,3839.9,2896.0,3131.0,18,1,3130.9,3,3,3130.3,22,1,3130.1,84,2,3130.0,47,3,3131.8,14,1,3131.9,94,5,3132.0,109,9,3132.1,166,3,3132.2,93,4
2031,2026-06-16 12:05:22+05:30,3132.0,5,3130.01,1944203,134163.0,199577.0,3163.0,3163.0,3108.0,3134.3,31914200,3447.7,2820.9,3839.9,2896.0,3131.0,8,1,3130.9,3,3,3130.3,80,2,3130.2,17,1,3130.1,21,1,3132.0,346,9,3132.1,166,3,3132.2,74,3,3132.3,215,4,3132.4,79,2
2031,2026-06-16 12:05:23+05:30,3132.0,58,3130.01,1944203,134163.0,199577.0,3163.0,3163.0,3108.0,3134.3,31914200,3447.7,2820.9,3839.9,2896.0,3131.0,8,1,3130.9,3,3,3130.3,80,2,3130.2,17,1,3130.1,21,1,3132.0,346,9,3132.1,166,3,3132.2,74,3,3132.3,215,4,3132.4,79,2
2031,2026-06-16 12:05:23+05:30,3131.3,18,3130.01,1944539,135055.0,199496.0,3163.0,3163.0,3108.0,3134.3,31914200,3447.7,2820.9,3839.9,2896.0,3131.3,18,1,3131.0,8,1,3130.9,3,3,3130.5,20,1,3130.4,158,1,3131.8,55,4,3132.0,199,6,3132.1,156,3,3132.2,54,2,3132.3,386,5
2031,2026-06-16 12:05:24+05:30,3131.3,18,3130.01,1944539,135055.0,199496.0,3163.0,3163.0,3108.0,3134.3,31914200,3447.7,2820.9,3839.9,2896.0,3131.3,18,1,3131.0,8,1,3130.9,3,3,3130.5,20,1,3130.4,158,1,3131.8,55,4,3132.0,199,6,3132.1,156,3,3132.2,54,2,3132.3,386,5
2031,2026-06-16 12:05:24+05:30,3131.3,18,3130.01,1944813,135094.0,199493.0,3163.0,3163.0,3108.0,3134.3,31914200,3447.7,2820.9,3839.9,2896.0,3131.3,18,1,3131.0,8,1,3130.9,2,2,3130.5,78,2,3130.3,260,3,3131.8,64,4,3131.9,77,5,3132.0,99,7,3132.1,156,3,3132.2,54,2
2031,2026-06-16 12:05:25+05:30,3131.7,9,3130.01,1944813,135094.0,199493.0,3163.0,3163.0,3108.0,3134.3,31914200,3447.7,2820.9,3839.9,2896.0,3131.3,18,1,3131.0,8,1,3130.9,2,2,3130.5,78,2,3130.3,260,3,3131.8,64,4,3131.9,77,5,3132.0,99,7,3132.1,156,3,3132.2,54,2
2031,2026-06-16 12:05:25+05:30,3131.7,1,3130.01,1945321,134067.0,197521.0,3163.0,3163.0,3108.0,3134.3,31914200,3447.7,2820.9,3839.9,2896.0,3130.3,256,4,3130.2,15,1,3130.1,30,2,3130.0,29,2,3129.9,43,2,3131.7,37,3,3131.8,74,3,3131.9,16,2,3132.0,188,8,3132.1,59,1
2031,2026-06-16 12:05:26+05:30,3132.0,26,3130.01,1945321,134067.0,197521.0,3163.0,3163.0,3108.0,3134.3,31914200,3447.7,2820.9,3839.9,2896.0,3130.3,256,4,3130.2,15,1,3130.1,30,2,3130.0,29,2,3129.9,43,2,3131.7,37,3,3131.8,74,3,3131.9,16,2,3132.0,188,8,3132.1,59,1
2031,2026-06-16 12:05:26+05:30,3131.9,6,3130.01,1945621,135018.0,197308.0,3163.0,3163.0,3108.0,3134.3,31914200,3447.7,2820.9,3839.9,2896.0,3130.3,246,3,3130.0,29,2,3129.9,73,3,3129.8,63,3,3129.7,188,4,3131.9,26,3,3132.0,365,8,3132.1,117,2,3132.2,149,3,3132.3,444,6
2031,2026-06-16 12:05:27+05:30,3131.9,28,3130.01,1945621,135018.0,197308.0,3163.0,3163.0,3108.0,3134.3,31914200,3447.7,2820.9,3839.9,2896.0,3130.3,246,3,3130.0,29,2,3129.9,73,3,3129.8,63,3,3129.7,188,4,3131.9,26,3,3132.0,365,8,3132.1,117,2,3132.2,149,3,3132.3,444,6
2031,2026-06-16 12:05:27+05:30,3132.0,94,3130.02,1945971,135366.0,199033.0,3163.0,3163.0,3108.0,3134.3,31914200,3447.7,2820.9,3839.9,2896.0,3130.4,232,3,3130.3,265,4,3130.1,100,4,3130.0,29,2,3129.9,70,3,3132.0,179,7,3132.1,59,1,3132.2,49,1,3132.3,444,6,3132.4,270,3
2031,2026-06-16 12:05:28+05:30,3132.0,94,3130.02,1945971,135366.0,199033.0,3163.0,3163.0,3108.0,3134.3,31914200,3447.7,2820.9,3839.9,2896.0,3130.4,232,3,3130.3,265,4,3130.1,100,4,3130.0,29,2,3129.9,70,3,3132.0,179,7,3132.1,59,1,3132.2,49,1,3132.3,444,6,3132.4,270,3
2031,2026-06-16 12:05:28+05:30,3132.0,94,3130.02,1945971,135322.0,199350.0,3163.0,3163.0,3108.0,3134.3,31914200,3447.7,2820.9,3839.9,2896.0,3130.4,232,3,3130.3,246,3,3130.1,64,3,3130.0,46,3,3129.9,70,3,3131.9,85,4,3132.0,334,9,3132.1,117,2,3132.2,70,2,3132.3,444,6
2031,2026-06-16 12:05:29+05:30,3130.4,5,3130.02,1945986,135117.0,199478.0,3163.0,3163.0,3108.0,3134.3,31914200,3447.7,2820.9,3839.9,2896.0,3130.4,10,1,3130.3,246,3,3130.2,17,1,3130.1,43,2,3130.0,78,3,3131.9,318,8,3132.0,268,11,3132.1,117,2,3132.2,70,2,3132.3,522,7
2031,2026-06-16 12:05:30+05:30,3131.9,50,3130.02,1945986,135117.0,199478.0,3163.0,3163.0,3108.0,3134.3,31914200,3447.7,2820.9,3839.9,2896.0,3130.4,10,1,3130.3,246,3,3130.2,17,1,3130.1,43,2,3130.0,78,3,3131.9,318,8,3132.0,268,11,3132.1,117,2,3132.2,70,2,3132.3,522,7
2031,2026-06-16 12:05:30+05:30,3131.9,1,3130.02,1946360,135674.0,199638.0,3163.0,3163.0,3108.0,3134.3,31914200,3447.7,2820.9,3839.9,2896.0,3131.2,2,2,3130.5,132,4,3130.4,176,3,3130.3,367,7,3130.2,23,2,3131.9,109,3,3132.0,144,5,3132.1,59,1,3132.2,70,2,3132.3,362,4
2031,2026-06-16 12:05:31+05:30,3130.5,41,3130.02,1946360,135674.0,199638.0,3163.0,3163.0,3108.0,3134.3,31914200,3447.7,2820.9,3839.9,2896.0,3131.2,2,2,3130.5,132,4,3130.4,176,3,3130.3,367,7,3130.2,23,2,3131.9,109,3,3132.0,144,5,3132.1,59,1,3132.2,70,2,3132.3,362,4
2031,2026-06-16 12:05:31+05:30,3130.5,1,3130.02,1946713,133601.0,201458.0,3163.0,3163.0,3108.0,3134.3,31914200,3447.7,2820.9,3839.9,2896.0,3130.4,1,1,3130.3,188,2,3130.0,13,2,3129.3,21,1,3129.2,186,1,3130.5,266,3,3130.6,466,4,3130.7,200,1,3130.8,76,3,3131.0,29,1
2031,2026-06-16 12:05:32+05:30,3130.3,12,3130.02,1946713,133601.0,201458.0,3163.0,3163.0,3108.0,3134.3,31914200,3447.7,2820.9,3839.9,2896.0,3130.4,1,1,3130.3,188,2,3130.0,13,2,3129.3,21,1,3129.2,186,1,3130.5,266,3,3130.6,466,4,3130.7,200,1,3130.8,76,3,3131.0,29,1
2031,2026-06-16 12:05:32+05:30,3130.3,12,3130.02,1946913,133530.0,201516.0,3163.0,3163.0,3108.0,3134.3,31914200,3447.7,2820.9,3839.9,2896.0,3130.3,8,1,3130.2,18,1,3130.0,13,2,3129.3,31,2,3129.2,175,1,3130.5,122,4,3130.6,415,3,3130.7,200,1,3130.8,132,4,3131.0,165,3
2031,2026-06-16 12:05:33+05:30,3130.5,22,3130.02,1947013,132817.0,201542.0,3163.0,3163.0,3108.0,3134.3,31914200,3447.7,2820.9,3839.9,2896.0,3130.3,8,1,3130.2,18,1,3130.0,13,2,3129.3,31,2,3129.1,20,1,3130.5,32,3,3130.6,415,3,3130.7,204,2,3130.8,94,3,3130.9,78,1
2031,2026-06-16 12:05:34+05:30,3130.6,68,3130.02,1947013,132817.0,201542.0,3163.0,3163.0,3108.0,3134.3,31914200,3447.7,2820.9,3839.9,2896.0,3130.3,8,1,3130.2,18,1,3130.0,13,2,3129.3,31,2,3129.1,20,1,3130.5,32,3,3130.6,415,3,3130.7,204,2,3130.8,94,3,3130.9,78,1
2031,2026-06-16 12:05:34+05:30,3130.3,30,3130.02,1947245,132895.0,201639.0,3163.0,3163.0,3108.0,3134.3,31914200,3447.7,2820.9,3839.9,2896.0,3130.3,8,1,3130.2,18,1,3130.0,13,2,3129.3,89,3,3129.2,21,1,3130.6,200,1,3130.7,200,1,3130.8,75,2,3131.0,107,2,3131.1,114,4
2031,2026-06-16 12:05:35+05:30,3130.6,100,3130.02,1947245,132895.0,201639.0,3163.0,3163.0,3108.0,3134.3,31914200,3447.7,2820.9,3839.9,2896.0,3130.3,8,1,3130.2,18,1,3130.0,13,2,3129.3,89,3,3129.2,21,1,3130.6,200,1,3130.7,200,1,3130.8,75,2,3131.0,107,2,3131.1,114,4
2031,2026-06-16 12:05:35+05:30,3130.3,27,3130.02,1947744,132596.0,201639.0,3163.0,3163.0,3108.0,3134.3,31914200,3447.7,2820.9,3839.9,2896.0,3130.0,13,2,3129.3,16,2,3129.2,186,1,3129.1,30,2,3129.0,97,4,3130.3,37,1,3130.6,100,1,3130.7,219,2,3130.8,56,1,3130.9,78,1
2031,2026-06-16 12:05:36+05:30,3130.0,23,3130.02,1947744,132596.0,201639.0,3163.0,3163.0,3108.0,3134.3,31914200,3447.7,2820.9,3839.9,2896.0,3130.0,13,2,3129.3,16,2,3129.2,186,1,3129.1,30,2,3129.0,97,4,3130.3,37,1,3130.6,100,1,3130.7,219,2,3130.8,56,1,3130.9,78,1
2031,2026-06-16 12:05:36+05:30,3130.4,50,3130.02,1948031,133064.0,201572.0,3163.0,3163.0,3108.0,3134.3,31914200,3447.7,2820.9,3839.9,2896.0,3130.0,25,3,3129.3,88,3,3129.2,28,2,3129.1,214,3,3129.0,97,4,3130.6,200,1,3130.7,100,1,3130.9,19,1,3131.1,99,3,3131.2,260,3
2031,2026-06-16 12:05:37+05:30,3130.6,100,3130.02,1948031,133064.0,201572.0,3163.0,3163.0,3108.0,3134.3,31914200,3447.7,2820.9,3839.9,2896.0,3130.0,25,3,3129.3,88,3,3129.2,28,2,3129.1,214,3,3129.0,97,4,3130.6,200,1,3130.7,100,1,3130.9,19,1,3131.1,99,3,3131.2,260,3
2031,2026-06-16 12:05:38+05:30,3130.4,100,3130.02,1948356,132313.0,202136.0,3163.0,3163.0,3108.0,3134.3,31914200,3447.7,2820.9,3839.9,2896.0,3130.0,4,1,3129.1,30,2,3129.0,39,3,3128.9,72,3,3128.8,59,2,3130.4,100,1,3130.6,437,6,3130.7,100,1,3130.8,47,2,3130.9,78,1
2031,2026-06-16 12:05:38+05:30,3130.4,1,3130.02,1948356,132313.0,202136.0,3163.0,3163.0,3108.0,3134.3,31914200,3447.7,2820.9,3839.9,2896.0,3130.0,4,1,3129.1,30,2,3129.0,39,3,3128.9,72,3,3128.8,59,2,3130.4,100,1,3130.6,437,6,3130.7,100,1,3130.8,47,2,3130.9,78,1
2031,2026-06-16 12:05:39+05:30,3130.5,80,3130.02,1948625,133123.0,201440.0,3163.0,3163.0,3108.0,3134.3,31914200,3447.7,2820.9,3839.9,2896.0,3130.0,20,2,3129.7,16,1,3129.6,9,1,3129.1,84,4,3129.0,116,5,3130.5,1,1,3130.6,21,1,3130.9,69,1,3131.0,220,2,3131.1,119,2
2031,2026-06-16 12:05:39+05:30,3130.6,14,3130.02,1948625,133123.0,201440.0,3163.0,3163.0,3108.0,3134.3,31914200,3447.7,2820.9,3839.9,2896.0,3130.0,20,2,3129.7,16,1,3129.6,9,1,3129.1,84,4,3129.0,116,5,3130.5,1,1,3130.6,21,1,3130.9,69,1,3131.0,220,2,3131.1,119,2
2031,2026-06-16 12:05:39+05:30,3131.0,49,3130.02,1948825,133439.0,201746.0,3163.0,3163.0,3108.0,3134.3,31914200,3447.7,2820.9,3839.9,2896.0,3130.0,38,4,3129.9,12,1,3129.8,22,1,3129.7,56,4,3129.6,100,4,3130.6,1,1,3131.0,151,1,3131.1,100,1,3131.2,21,1,3131.3,85,2
2031,2026-06-16 12:05:40+05:30,3130.0,23,3130.02,1948825,133439.0,201746.0,3163.0,3163.0,3108.0,3134.3,31914200,3447.7,2820.9,3839.9,2896.0,3130.0,38,4,3129.9,12,1,3129.8,22,1,3129.7,56,4,3129.6,100,4,3130.6,1,1,3131.0,151,1,3131.1,100,1,3131.2,21,1,3131.3,85,2
2031,2026-06-16 12:05:41+05:30,3131.4,6,3130.02,1949183,133974.0,200974.0,3163.0,3163.0,3108.0,3134.3,31914200,3447.7,2820.9,3839.9,2896.0,3130.0,88,5,3129.9,24,1,3129.8,85,2,3129.7,79,2,3129.6,108,3,3130.6,14,1,3131.5,18,2,3131.6,135,4,3131.7,299,4,3131.8,143,3
2031,2026-06-16 12:05:41+05:30,3131.6,48,3130.02,1949183,133974.0,200974.0,3163.0,3163.0,3108.0,3134.3,31914200,3447.7,2820.9,3839.9,2896.0,3130.0,88,5,3129.9,24,1,3129.8,85,2,3129.7,79,2,3129.6,108,3,3130.6,14,1,3131.5,18,2,3131.6,135,4,3131.7,299,4,3131.8,143,3
2031,2026-06-16 12:05:42+05:30,3131.4,7,3130.02,1949496,134192.0,201763.0,3163.0,3163.0,3108.0,3134.3,31914200,3447.7,2820.9,3839.9,2896.0,3130.0,65,4,3129.9,24,1,3129.7,16,1,3129.6,72,2,3129.5,72,3,3131.3,16,1,3131.4,60,3,3131.5,49,3,3131.6,78,4,3131.7,396,6
2031,2026-06-16 12:05:42+05:30,3131.3,7,3130.02,1949496,134192.0,201763.0,3163.0,3163.0,3108.0,3134.3,31914200,3447.7,2820.9,3839.9,2896.0,3130.0,65,4,3129.9,24,1,3129.7,16,1,3129.6,72,2,3129.5,72,3,3131.3,16,1,3131.4,60,3,3131.5,49,3,3131.6,78,4,3131.7,396,6
2031,2026-06-16 12:05:43+05:30,3131.4,12,3130.02,1949703,134176.0,202045.0,3163.0,3163.0,3108.0,3134.3,31914200,3447.7,2820.9,3839.9,2896.0,3130.0,65,4,3129.9,24,1,3129.7,16,1,3129.6,72,2,3129.5,51,2,3131.3,209,6,3131.4,57,3,3131.5,144,6,3131.6,137,5,3131.7,396,6
2031,2026-06-16 12:05:43+05:30,3131.3,1,3130.02,1949703,134176.0,202045.0,3163.0,3163.0,3108.0,3134.3,31914200,3447.7,2820.9,3839.9,2896.0,3130.0,65,4,3129.9,24,1,3129.7,16,1,3129.6,72,2,3129.5,51,2,3131.3,209,6,3131.4,57,3,3131.5,144,6,3131.6,137,5,3131.7,396,6
2031,2026-06-16 12:05:44+05:30,3131.3,32,3130.02,1949703,134176.0,202045.0,3163.0,3163.0,3108.0,3134.3,31914200,3447.7,2820.9,3839.9,2896.0,3130.0,65,4,3129.9,24,1,3129.7,16,1,3129.6,72,2,3129.5,51,2,3131.3,209,6,3131.4,57,3,3131.5,144,6,3131.6,137,5,3131.7,396,6
2031,2026-06-16 12:05:44+05:30,3131.3,32,3130.02,1950003,134186.0,201873.0,3163.0,3163.0,3108.0,3134.3,31914200,3447.7,2820.9,3839.9,2896.0,3130.2,17,1,3130.0,49,3,3129.9,24,1,3129.7,37,2,3129.6,72,2,3131.3,147,4,3131.4,146,5,3131.5,49,3,3131.6,102,3,3131.7,518,6
2031,2026-06-16 12:05:45+05:30,3131.4,13,3130.02,1950003,134186.0,201873.0,3163.0,3163.0,3108.0,3134.3,31914200,3447.7,2820.9,3839.9,2896.0,3130.2,17,1,3130.0,49,3,3129.9,24,1,3129.7,37,2,3129.6,72,2,3131.3,147,4,3131.4,146,5,3131.5,49,3,3131.6,102,3,3131.7,518,6
2031,2026-06-16 12:05:45+05:30,3131.5,2,3130.02,1950304,134009.0,201884.0,3163.0,3163.0,3108.0,3134.3,31914200,3447.7,2820.9,3839.9,2896.0,3130.2,95,4,3130.0,41,2,3129.9,24,1,3129.7,37,2,3129.6,72,2,3131.5,47,1,3131.6,194,8,3131.7,249,4,3131.8,357,5,3131.9,245,5
2031,2026-06-16 12:05:46+05:30,3130.9,1,3130.02,1950304,134009.0,201884.0,3163.0,3163.0,3108.0,3134.3,31914200,3447.7,2820.9,3839.9,2896.0,3130.2,95,4,3130.0,41,2,3129.9,24,1,3129.7,37,2,3129.6,72,2,3131.5,47,1,3131.6,194,8,3131.7,249,4,3131.8,357,5,3131.9,245,5
2031,2026-06-16 12:05:46+05:30,3130.9,100,3130.02,1950509,133512.0,201832.0,3163.0,3163.0,3108.0,3134.3,31914200,3447.7,2820.9,3839.9,2896.0,3130.2,95,4,3130.0,42,3,3129.9,24,1,3129.7,86,3,3129.6,72,2,3130.9,124,3,3131.4,97,3,3131.5,35,2,3131.6,21,1,3131.7,254,4
2031,2026-06-16 12:05:47+05:30,3131.4,55,3130.02,1950509,133512.0,201832.0,3163.0,3163.0,3108.0,3134.3,31914200,3447.7,2820.9,3839.9,2896.0,3130.2,95,4,3130.0,42,3,3129.9,24,1,3129.7,86,3,3129.6,72,2,3130.9,124,3,3131.4,97,3,3131.5,35,2,3131.6,21,1,3131.7,254,4
2031,2026-06-16 12:05:47+05:30,3131.4,55,3130.02,1950710,134201.0,201802.0,3163.0,3163.0,3108.0,3134.3,31914200,3447.7,2820.9,3839.9,2896.0,3130.5,17,1,3130.2,78,3,3130.0,59,4,3129.9,45,2,3129.7,58,3,3131.4,6,1,3131.5,100,3,3131.7,225,3,3131.8,236,5,3131.9,129,4
2031,2026-06-16 12:05:48+05:30,3131.7,80,3130.02,1950790,134870.0,201185.0,3163.0,3163.0,3108.0,3134.3,31914200,3447.7,2820.9,3839.9,2896.0,3130.6,17,1,3130.5,1,1,3130.2,132,4,3130.0,59,4,3129.9,112,4,3131.4,4,1,3131.7,97,3,3131.8,43,1,3131.9,78,3,3132.0,495,10
2031,2026-06-16 12:05:49+05:30,3131.7,80,3130.02,1950790,134870.0,201185.0,3163.0,3163.0,3108.0,3134.3,31914200,3447.7,2820.9,3839.9,2896.0,3130.6,17,1,3130.5,1,1,3130.2,132,4,3130.0,59,4,3129.9,112,4,3131.4,4,1,3131.7,97,3,3131.8,43,1,3131.9,78,3,3132.0,495,10
2031,2026-06-16 12:05:49+05:30,3131.7,80,3130.02,1950790,135210.0,201313.0,3163.0,3163.0,3108.0,3134.3,31914200,3447.7,2820.9,3839.9,2896.0,3131.0,15,1,3130.6,123,2,3130.5,60,5,3130.4,19,1,3130.3,42,2,3131.4,4,1,3131.7,40,1,3131.9,48,3,3132.0,152,5,3132.2,358,5
2031,2026-06-16 12:05:50+05:30,3128.9,11,3130.02,1952722,130387.0,200804.0,3163.0,3163.0,3108.0,3134.3,31914200,3447.7,2820.9,3839.9,2896.0,3129.4,79,3,3129.3,58,4,3129.2,26,1,3129.1,69,3,3129.0,99,7,3130.3,200,1,3130.6,122,1,3130.7,600,3,3131.0,21,1,3131.1,21,1
2031,2026-06-16 12:05:51+05:30,3130.2,1,3130.02,1952722,130387.0,200804.0,3163.0,3163.0,3108.0,3134.3,31914200,3447.7,2820.9,3839.9,2896.0,3129.4,79,3,3129.3,58,4,3129.2,26,1,3129.1,69,3,3129.0,99,7,3130.3,200,1,3130.6,122,1,3130.7,600,3,3131.0,21,1,3131.1,21,1
2031,2026-06-16 12:05:52+05:30,3130.2,100,3130.02,1953222,130967.0,201602.0,3163.0,3163.0,3108.0,3134.3,31914200,3447.7,2820.9,3839.9,2896.0,3129.1,93,8,3129.0,134,7,3128.9,69,4,3128.8,14,2,3128.7,163,7,3130.2,93,2,3130.3,221,2,3130.6,170,2,3130.7,200,1,3130.8,21,1
2031,2026-06-16 12:05:52+05:30,3130.3,3,3130.02,1953222,130967.0,201602.0,3163.0,3163.0,3108.0,3134.3,31914200,3447.7,2820.9,3839.9,2896.0,3129.1,93,8,3129.0,134,7,3128.9,69,4,3128.8,14,2,3128.7,163,7,3130.2,93,2,3130.3,221,2,3130.6,170,2,3130.7,200,1,3130.8,21,1
2031,2026-06-16 12:05:52+05:30,3130.3,3,3130.02,1953222,130967.0,201602.0,3163.0,3163.0,3108.0,3134.3,31914200,3447.7,2820.9,3839.9,2896.0,3129.1,93,8,3129.0,134,7,3128.9,69,4,3128.8,14,2,3128.7,163,7,3130.2,93,2,3130.3,221,2,3130.6,170,2,3130.7,200,1,3130.8,21,1
2031,2026-06-16 12:05:53+05:30,3130.3,71,3130.02,1953423,131254.0,199402.0,3163.0,3163.0,3108.0,3134.3,31914200,3447.7,2820.9,3839.9,2896.0,3129.4,38,4,3129.3,65,4,3129.2,94,5,3129.1,133,7,3129.0,104,8,3130.3,126,1,3130.7,200,1,3130.8,21,1,3131.0,21,1,3131.2,79,2
2031,2026-06-16 12:05:53+05:30,3130.3,100,3130.02,1953423,131254.0,199402.0,3163.0,3163.0,3108.0,3134.3,31914200,3447.7,2820.9,3839.9,2896.0,3129.4,38,4,3129.3,65,4,3129.2,94,5,3129.1,133,7,3129.0,104,8,3130.3,126,1,3130.7,200,1,3130.8,21,1,3131.0,21,1,3131.2,79,2
2031,2026-06-16 12:05:54+05:30,3129.7,6,3130.02,1953423,131254.0,199402.0,3163.0,3163.0,3108.0,3134.3,31914200,3447.7,2820.9,3839.9,2896.0,3129.4,38,4,3129.3,65,4,3129.2,94,5,3129.1,133,7,3129.0,104,8,3130.3,126,1,3130.7,200,1,3130.8,21,1,3131.0,21,1,3131.2,79,2
2031,2026-06-16 12:05:54+05:30,3129.7,6,3130.02,1953729,131713.0,200859.0,3163.0,3163.0,3108.0,3134.3,31914200,3447.7,2820.9,3839.9,2896.0,3129.7,1,1,3129.6,78,4,3129.5,116,5,3129.4,25,4,3129.3,76,5,3130.7,27,1,3131.2,31,2,3131.4,21,1,3131.5,122,2,3131.6,173,2
2031,2026-06-16 12:05:54+05:30,3129.7,6,3130.02,1953729,131713.0,200859.0,3163.0,3163.0,3108.0,3134.3,31914200,3447.7,2820.9,3839.9,2896.0,3129.7,1,1,3129.6,78,4,3129.5,116,5,3129.4,25,4,3129.3,76,5,3130.7,27,1,3131.2,31,2,3131.4,21,1,3131.5,122,2,3131.6,173,2
2031,2026-06-16 12:05:55+05:30,3131.3,24,3130.02,1953729,131713.0,200859.0,3163.0,3163.0,3108.0,3134.3,31914200,3447.7,2820.9,3839.9,2896.0,3129.7,1,1,3129.6,78,4,3129.5,116,5,3129.4,25,4,3129.3,76,5,3130.7,27,1,3131.2,31,2,3131.4,21,1,3131.5,122,2,3131.6,173,2
2031,2026-06-16 12:05:55+05:30,3131.3,24,3130.02,1953929,131881.0,199249.0,3163.0,3163.0,3108.0,3134.3,31914200,3447.7,2820.9,3839.9,2896.0,3129.8,53,2,3129.7,111,5,3129.6,21,1,3129.5,8,1,3129.4,24,3,3130.8,87,1,3131.2,26,1,3131.3,144,2,3131.4,129,4,3131.5,64,1
2031,2026-06-16 12:05:56+05:30,3131.2,1,3130.02,1953929,131881.0,199249.0,3163.0,3163.0,3108.0,3134.3,31914200,3447.7,2820.9,3839.9,2896.0,3129.8,53,2,3129.7,111,5,3129.6,21,1,3129.5,8,1,3129.4,24,3,3130.8,87,1,3131.2,26,1,3131.3,144,2,3131.4,129,4,3131.5,64,1
2031,2026-06-16 12:05:56+05:30,3131.2,1,3130.02,1954129,132020.0,201000.0,3163.0,3163.0,3108.0,3134.3,31914200,3447.7,2820.9,3839.9,2896.0,3129.8,156,4,3129.7,130,6,3129.6,79,3,3129.5,30,2,3129.4,59,4,3130.8,6,2,3131.2,10,1,3131.3,123,1,3131.4,66,3,3131.5,64,1
2031,2026-06-16 12:05:56+05:30,3131.2,1,3130.02,1954129,132020.0,201000.0,3163.0,3163.0,3108.0,3134.3,31914200,3447.7,2820.9,3839.9,2896.0,3129.8,156,4,3129.7,130,6,3129.6,79,3,3129.5,30,2,3129.4,59,4,3130.8,6,2,3131.2,10,1,3131.3,123,1,3131.4,66,3,3131.5,64,1
2031,2026-06-16 12:05:57+05:30,3131.3,13,3130.02,1954129,132020.0,201000.0,3163.0,3163.0,3108.0,3134.3,31914200,3447.7,2820.9,3839.9,2896.0,3129.8,156,4,3129.7,130,6,3129.6,79,3,3129.5,30,2,3129.4,59,4,3130.8,6,2,3131.2,10,1,3131.3,123,1,3131.4,66,3,3131.5,64,1
2031,2026-06-16 12:05:57+05:30,3131.2,1,3130.02,1954330,132083.0,201410.0,3163.0,3163.0,3108.0,3134.3,31914200,3447.7,2820.9,3839.9,2896.0,3129.8,107,3,3129.7,73,4,3129.6,21,1,3129.5,28,2,3129.4,24,3,3131.2,136,5,3131.3,126,5,3131.4,242,7,3131.5,142,2,3131.6,63,2
2031,2026-06-16 12:05:58+05:30,3131.3,22,3130.02,1954330,132083.0,201410.0,3163.0,3163.0,3108.0,3134.3,31914200,3447.7,2820.9,3839.9,2896.0,3129.8,107,3,3129.7,73,4,3129.6,21,1,3129.5,28,2,3129.4,24,3,3131.2,136,5,3131.3,126,5,3131.4,242,7,3131.5,142,2,3131.6,63,2
2031,2026-06-16 12:05:58+05:30,3131.3,22,3130.02,1954330,132083.0,201410.0,3163.0,3163.0,3108.0,3134.3,31914200,3447.7,2820.9,3839.9,2896.0,3129.8,107,3,3129.7,73,4,3129.6,21,1,3129.5,28,2,3129.4,24,3,3131.2,136,5,3131.3,126,5,3131.4,242,7,3131.5,142,2,3131.6,63,2
2031,2026-06-16 12:05:58+05:30,3131.3,22,3130.02,1954531,132040.0,199523.0,3163.0,3163.0,3108.0,3134.3,31914200,3447.7,2820.9,3839.9,2896.0,3129.8,107,3,3129.7,73,4,3129.6,21,1,3129.5,28,2,3129.4,45,4,3131.2,62,4,3131.3,16,1,3131.4,367,9,3131.5,264,2,3131.6,63,2
2031,2026-06-16 12:05:59+05:30,3131.4,10,3130.02,1954531,132040.0,199523.0,3163.0,3163.0,3108.0,3134.3,31914200,3447.7,2820.9,3839.9,2896.0,3129.8,107,3,3129.7,73,4,3129.6,21,1,3129.5,28,2,3129.4,45,4,3131.2,62,4,3131.3,16,1,3131.4,367,9,3131.5,264,2,3131.6,63,2
2031,2026-06-16 12:05:59+05:30,3131.2,1,3130.02,1954732,132115.0,200944.0,3163.0,3163.0,3108.0,3134.3,31914200,3447.7,2820.9,3839.9,2896.0,3130.2,16,1,3129.8,91,2,3129.7,92,4,3129.6,21,1,3129.5,28,2,3131.3,77,5,3131.4,94,4,3131.5,125,3,3131.6,278,2,3131.7,115,3
2031,2026-06-16 12:06:00+05:30,3130.2,10,3130.02,1954732,132115.0,200944.0,3163.0,3163.0,3108.0,3134.3,31914200,3447.7,2820.9,3839.9,2896.0,3130.2,16,1,3129.8,91,2,3129.7,92,4,3129.6,21,1,3129.5,28,2,3131.3,77,5,3131.4,94,4,3131.5,125,3,3131.6,278,2,3131.7,115,3
2031,2026-06-16 12:06:00+05:30,3130.2,10,3130.02,1954732,132115.0,200944.0,3163.0,3163.0,3108.0,3134.3,31914200,3447.7,2820.9,3839.9,2896.0,3130.2,16,1,3129.8,91,2,3129.7,92,4,3129.6,21,1,3129.5,28,2,3131.3,77,5,3131.4,94,4,3131.5,125,3,3131.6,278,2,3131.7,115,3
2031,2026-06-16 12:06:00+05:30,3130.2,10,3130.02,1954842,133631.0,201872.0,3163.0,3163.0,3108.0,3134.3,31914200,3447.7,2820.9,3839.9,2896.0,3130.8,2,2,3130.2,132,4,3130.0,4,1,3129.9,83,4,3129.8,106,3,3131.3,26,2,3131.5,120,2,3131.7,312,3,3131.8,146,3,3131.9,165,4
2031,2026-06-16 12:06:01+05:30,3130.8,1,3130.02,1954842,133631.0,201872.0,3163.0,3163.0,3108.0,3134.3,31914200,3447.7,2820.9,3839.9,2896.0,3130.8,2,2,3130.2,132,4,3130.0,4,1,3129.9,83,4,3129.8,106,3,3131.3,26,2,3131.5,120,2,3131.7,312,3,3131.8,146,3,3131.9,165,4
2031,2026-06-16 12:06:01+05:30,3131.3,10,3130.02,1954855,133571.0,201224.0,3163.0,3163.0,3108.0,3134.3,31914200,3447.7,2820.9,3839.9,2896.0,3130.8,3,3,3130.5,18,1,3130.2,196,5,3130.0,51,2,3129.9,265,5,3131.3,58,2,3131.5,64,1,3131.6,19,1,3131.7,83,2,3131.8,88,2
2031,2026-06-16 12:06:01+05:30,3131.3,10,3130.02,1954855,133571.0,201224.0,3163.0,3163.0,3108.0,3134.3,31914200,3447.7,2820.9,3839.9,2896.0,3130.8,3,3,3130.5,18,1,3130.2,196,5,3130.0,51,2,3129.9,265,5,3131.3,58,2,3131.5,64,1,3131.6,19,1,3131.7,83,2,3131.8,88,2
2031,2026-06-16 12:06:02+05:30,3131.5,23,3130.02,1954855,133571.0,201224.0,3163.0,3163.0,3108.0,3134.3,31914200,3447.7,2820.9,3839.9,2896.0,3130.8,3,3,3130.5,18,1,3130.2,196,5,3130.0,51,2,3129.9,265,5,3131.3,58,2,3131.5,64,1,3131.6,19,1,3131.7,83,2,3131.8,88,2
2031,2026-06-16 12:06:02+05:30,3130.5,5,3130.02,1955091,133018.0,199916.0,3163.0,3163.0,3108.0,3134.3,31914200,3447.7,2820.9,3839.9,2896.0,3130.6,13,1,3130.5,1,1,3130.2,12,3,3130.0,4,1,3129.8,18,2,3131.4,16,1,3131.5,178,6,3131.6,47,1,3131.7,210,4,3131.8,411,5
2031,2026-06-16 12:06:03+05:30,3130.5,5,3130.02,1955091,133018.0,199916.0,3163.0,3163.0,3108.0,3134.3,31914200,3447.7,2820.9,3839.9,2896.0,3130.6,13,1,3130.5,1,1,3130.2,12,3,3130.0,4,1,3129.8,18,2,3131.4,16,1,3131.5,178,6,3131.6,47,1,3131.7,210,4,3131.8,411,5
2031,2026-06-16 12:06:03+05:30,3131.5,21,3130.02,1955091,133018.0,199916.0,3163.0,3163.0,3108.0,3134.3,31914200,3447.7,2820.9,3839.9,2896.0,3130.6,13,1,3130.5,1,1,3130.2,12,3,3130.0,4,1,3129.8,18,2,3131.4,16,1,3131.5,178,6,3131.6,47,1,3131.7,210,4,3131.8,411,5
2031,2026-06-16 12:06:03+05:30,3131.5,21,3130.02,1955192,133270.0,201418.0,3163.0,3163.0,3108.0,3134.3,31914200,3447.7,2820.9,3839.9,2896.0,3131.0,15,1,3130.6,1,1,3130.5,16,2,3130.2,12,3,3130.1,14,1,3131.5,49,3,3131.7,153,4,3131.8,66,1,3131.9,335,7,3132.0,833,10
2031,2026-06-16 12:06:04+05:30,3131.5,21,3130.02,1955192,133270.0,201418.0,3163.0,3163.0,3108.0,3134.3,31914200,3447.7,2820.9,3839.9,2896.0,3131.0,15,1,3130.6,1,1,3130.5,16,2,3130.2,12,3,3130.1,14,1,3131.5,49,3,3131.7,153,4,3131.8,66,1,3131.9,335,7,3132.0,833,10
2031,2026-06-16 12:06:04+05:30,3131.0,100,3130.02,1955192,133270.0,201418.0,3163.0,3163.0,3108.0,3134.3,31914200,3447.7,2820.9,3839.9,2896.0,3131.0,15,1,3130.6,1,1,3130.5,16,2,3130.2,12,3,3130.1,14,1,3131.5,49,3,3131.7,153,4,3131.8,66,1,3131.9,335,7,3132.0,833,10
2031,2026-06-16 12:06:04+05:30,3130.6,16,3130.02,1955594,133112.0,200340.0,3163.0,3163.0,3108.0,3134.3,31914200,3447.7,2820.9,3839.9,2896.0,3130.6,17,2,3130.5,1,1,3130.2,12,3,3130.1,101,3,3130.0,64,2,3131.7,14,1,3131.8,120,3,3131.9,138,5,3132.0,650,8,3132.1,335,3
2031,2026-06-16 12:06:04+05:30,3130.6,16,3130.02,1955594,133112.0,200340.0,3163.0,3163.0,3108.0,3134.3,31914200,3447.7,2820.9,3839.9,2896.0,3130.6,17,2,3130.5,1,1,3130.2,12,3,3130.1,101,3,3130.0,64,2,3131.7,14,1,3131.8,120,3,3131.9,138,5,3132.0,650,8,3132.1,335,3
2031,2026-06-16 12:06:05+05:30,3130.6,16,3130.02,1955594,133112.0,200340.0,3163.0,3163.0,3108.0,3134.3,31914200,3447.7,2820.9,3839.9,2896.0,3130.6,17,2,3130.5,1,1,3130.2,12,3,3130.1,101,3,3130.0,64,2,3131.7,14,1,3131.8,120,3,3131.9,138,5,3132.0,650,8,3132.1,335,3
2031,2026-06-16 12:06:05+05:30,3130.6,16,3130.02,1955594,133112.0,200340.0,3163.0,3163.0,3108.0,3134.3,31914200,3447.7,2820.9,3839.9,2896.0,3130.6,17,2,3130.5,1,1,3130.2,12,3,3130.1,101,3,3130.0,64,2,3131.7,14,1,3131.8,120,3,3131.9,138,5,3132.0,650,8,3132.1,335,3
2031,2026-06-16 12:06:05+05:30,3130.6,16,3130.02,1955594,133052.0,200672.0,3163.0,3163.0,3108.0,3134.3,31914200,3447.7,2820.9,3839.9,2896.0,3130.6,17,2,3130.5,1,1,3130.2,12,3,3130.1,17,1,3130.0,64,2,3131.7,68,4,3131.8,209,5,3131.9,338,6,3132.0,591,8,3132.1,141,3
2031,2026-06-16 12:06:05+05:30,3130.6,16,3130.02,1955594,133052.0,200672.0,3163.0,3163.0,3108.0,3134.3,31914200,3447.7,2820.9,3839.9,2896.0,3130.6,17,2,3130.5,1,1,3130.2,12,3,3130.1,17,1,3130.0,64,2,3131.7,68,4,3131.8,209,5,3131.9,338,6,3132.0,591,8,3132.1,141,3
2031,2026-06-16 12:06:06+05:30,3130.6,16,3130.02,1955594,133052.0,200672.0,3163.0,3163.0,3108.0,3134.3,31914200,3447.7,2820.9,3839.9,2896.0,3130.6,17,2,3130.5,1,1,3130.2,12,3,3130.1,17,1,3130.0,64,2,3131.7,68,4,3131.8,209,5,3131.9,338,6,3132.0,591,8,3132.1,141,3
2031,2026-06-16 12:06:06+05:30,3130.6,16,3130.02,1955594,133052.0,200672.0,3163.0,3163.0,3108.0,3134.3,31914200,3447.7,2820.9,3839.9,2896.0,3130.6,17,2,3130.5,1,1,3130.2,12,3,3130.1,17,1,3130.0,64,2,3131.7,68,4,3131.8,209,5,3131.9,338,6,3132.0,591,8,3132.1,141,3
2031,2026-06-16 12:06:06+05:30,3131.8,5,3130.02,1955811,133224.0,200493.0,3163.0,3163.0,3108.0,3134.3,31914200,3447.7,2820.9,3839.9,2896.0,3130.6,17,2,3130.5,1,1,3130.2,28,4,3130.1,17,1,3130.0,64,2,3131.7,14,1,3131.8,322,4,3131.9,99,4,3132.0,673,10,3132.1,81,2
2031,2026-06-16 12:06:07+05:30,3131.8,5,3130.02,1955811,133224.0,200493.0,3163.0,3163.0,3108.0,3134.3,31914200,3447.7,2820.9,3839.9,2896.0,3130.6,17,2,3130.5,1,1,3130.2,28,4,3130.1,17,1,3130.0,64,2,3131.7,14,1,3131.8,322,4,3131.9,99,4,3132.0,673,10,3132.1,81,2
2031,2026-06-16 12:06:07+05:30,3131.8,5,3130.02,1955811,133224.0,200493.0,3163.0,3163.0,3108.0,3134.3,31914200,3447.7,2820.9,3839.9,2896.0,3130.6,17,2,3130.5,1,1,3130.2,28,4,3130.1,17,1,3130.0,64,2,3131.7,14,1,3131.8,322,4,3131.9,99,4,3132.0,673,10,3132.1,81,2
2031,2026-06-16 12:06:07+05:30,3130.6,43,3130.02,1955988,133300.0,201381.0,3163.0,3163.0,3108.0,3134.3,31914200,3447.7,2820.9,3839.9,2896.0,3130.6,17,2,3130.5,17,2,3130.2,12,3,3130.1,17,1,3130.0,4,1,3131.6,84,5,3131.7,160,4,3131.8,173,5,3131.9,484,8,3132.0,685,12
2031,2026-06-16 12:06:07+05:30,3130.6,43,3130.02,1955988,133300.0,201381.0,3163.0,3163.0,3108.0,3134.3,31914200,3447.7,2820.9,3839.9,2896.0,3130.6,17,2,3130.5,17,2,3130.2,12,3,3130.1,17,1,3130.0,4,1,3131.6,84,5,3131.7,160,4,3131.8,173,5,3131.9,484,8,3132.0,685,12
2031,2026-06-16 12:06:08+05:30,3131.7,1,3130.02,1955988,133300.0,201381.0,3163.0,3163.0,3108.0,3134.3,31914200,3447.7,2820.9,3839.9,2896.0,3130.6,17,2,3130.5,17,2,3130.2,12,3,3130.1,17,1,3130.0,4,1,3131.6,84,5,3131.7,160,4,3131.8,173,5,3131.9,484,8,3132.0,685,12
2031,2026-06-16 12:06:08+05:30,3130.9,16,3130.02,1956105,133051.0,201882.0,3163.0,3163.0,3108.0,3134.3,31914200,3447.7,2820.9,3839.9,2896.0,3130.9,16,1,3130.6,17,2,3130.5,1,1,3130.2,12,3,3130.1,17,1,3131.6,84,5,3131.7,214,5,3131.8,326,5,3131.9,224,6,3132.0,666,11
2031,2026-06-16 12:06:08+05:30,3130.9,16,3130.02,1956105,133051.0,201882.0,3163.0,3163.0,3108.0,3134.3,31914200,3447.7,2820.9,3839.9,2896.0,3130.9,16,1,3130.6,17,2,3130.5,1,1,3130.2,12,3,3130.1,17,1,3131.6,84,5,3131.7,214,5,3131.8,326,5,3131.9,224,6,3132.0,666,11
2031,2026-06-16 12:06:09+05:30,3130.9,16,3130.02,1956105,133051.0,201882.0,3163.0,3163.0,3108.0,3134.3,31914200,3447.7,2820.9,3839.9,2896.0,3130.9,16,1,3130.6,17,2,3130.5,1,1,3130.2,12,3,3130.1,17,1,3131.6,84,5,3131.7,214,5,3131.8,326,5,3131.9,224,6,3132.0,666,11
2031,2026-06-16 12:06:09+05:30,3130.5,9,3130.02,1956344,130215.0,201726.0,3163.0,3163.0,3108.0,3134.3,31914200,3447.7,2820.9,3839.9,2896.0,3130.2,12,3,3130.0,4,1,3129.8,4,1,3129.7,1,1,3129.4,2,1,3130.5,28,2,3130.8,19,1,3130.9,423,4,3131.1,127,4,3131.2,21,1
2031,2026-06-16 12:06:09+05:30,3130.5,9,3130.02,1956344,130215.0,201726.0,3163.0,3163.0,3108.0,3134.3,31914200,3447.7,2820.9,3839.9,2896.0,3130.2,12,3,3130.0,4,1,3129.8,4,1,3129.7,1,1,3129.4,2,1,3130.5,28,2,3130.8,19,1,3130.9,423,4,3131.1,127,4,3131.2,21,1
2031,2026-06-16 12:06:10+05:30,3130.5,10,3130.02,1956344,130215.0,201726.0,3163.0,3163.0,3108.0,3134.3,31914200,3447.7,2820.9,3839.9,2896.0,3130.2,12,3,3130.0,4,1,3129.8,4,1,3129.7,1,1,3129.4,2,1,3130.5,28,2,3130.8,19,1,3130.9,423,4,3131.1,127,4,3131.2,21,1
2031,2026-06-16 12:06:10+05:30,3130.5,10,3130.02,1956344,130215.0,201726.0,3163.0,3163.0,3108.0,3134.3,31914200,3447.7,2820.9,3839.9,2896.0,3130.2,12,3,3130.0,4,1,3129.8,4,1,3129.7,1,1,3129.4,2,1,3130.5,28,2,3130.8,19,1,3130.9,423,4,3131.1,127,4,3131.2,21,1
2031,2026-06-16 12:06:10+05:30,3130.5,10,3130.02,1956362,130390.0,201607.0,3163.0,3163.0,3108.0,3134.3,31914200,3447.7,2820.9,3839.9,2896.0,3130.2,1,1,3130.0,4,1,3129.8,4,1,3129.7,1,1,3129.4,2,1,3130.4,200,1,3130.5,10,2,3130.9,223,3,3131.0,110,3,3131.1,30,2
2031,2026-06-16 12:06:11+05:30,3130.5,10,3130.02,1956362,130390.0,201607.0,3163.0,3163.0,3108.0,3134.3,31922600,3447.7,2820.9,3839.9,2896.0,3130.2,1,1,3130.0,4,1,3129.8,4,1,3129.7,1,1,3129.4,2,1,3130.4,200,1,3130.5,10,2,3130.9,223,3,3131.0,110,3,3131.1,30,2
2031,2026-06-16 12:06:11+05:30,3130.4,1,3130.02,1956362,130390.0,201607.0,3163.0,3163.0,3108.0,3134.3,31922600,3447.7,2820.9,3839.9,2896.0,3130.2,1,1,3130.0,4,1,3129.8,4,1,3129.7,1,1,3129.4,2,1,3130.4,200,1,3130.5,10,2,3130.9,223,3,3131.0,110,3,3131.1,30,2
2031,2026-06-16 12:06:11+05:30,3130.4,1,3130.02,1956363,130480.0,200619.0,3163.0,3163.0,3108.0,3134.3,31922600,3447.7,2820.9,3839.9,2896.0,3130.2,1,1,3130.0,4,1,3129.8,4,1,3129.7,1,1,3129.4,2,1,3130.4,199,1,3130.5,10,2,3130.9,223,3,3131.0,110,3,3131.1,30,2
2031,2026-06-16 12:06:12+05:30,3130.4,100,3130.02,1956363,130480.0,200619.0,3163.0,3163.0,3108.0,3134.3,31922600,3447.7,2820.9,3839.9,2896.0,3130.2,1,1,3130.0,4,1,3129.8,4,1,3129.7,1,1,3129.4,2,1,3130.4,199,1,3130.5,10,2,3130.9,223,3,3131.0,110,3,3131.1,30,2
2031,2026-06-16 12:06:12+05:30,3130.4,100,3130.02,1956474,130943.0,201738.0,3163.0,3163.0,3108.0,3134.3,31922600,3447.7,2820.9,3839.9,2896.0,3130.2,19,2,3130.0,4,1,3129.9,21,1,3129.8,34,3,3129.7,14,2,3130.4,88,1,3130.5,10,2,3130.9,223,3,3131.0,21,1,3131.1,30,2
2031,2026-06-16 12:06:13+05:30,3130.9,1,3130.02,1956474,130943.0,201738.0,3163.0,3163.0,3108.0,3134.3,31922600,3447.7,2820.9,3839.9,2896.0,3130.2,19,2,3130.0,4,1,3129.9,21,1,3129.8,34,3,3129.7,14,2,3130.4,88,1,3130.5,10,2,3130.9,223,3,3131.0,21,1,3131.1,30,2
2031,2026-06-16 12:06:13+05:30,3130.9,1,3130.02,1956575,131264.0,201665.0,3163.0,3163.0,3108.0,3134.3,31922600,3447.7,2820.9,3839.9,2896.0,3130.2,19,2,3130.0,4,1,3129.8,34,3,3129.7,63,3,3129.6,100,3,3130.9,220,3,3131.1,30,2,3131.2,21,1,3131.4,35,2,3131.5,25,2
2031,2026-06-16 12:06:14+05:30,3130.9,100,3130.02,1956575,131264.0,201665.0,3163.0,3163.0,3108.0,3134.3,31922600,3447.7,2820.9,3839.9,2896.0,3130.2,19,2,3130.0,4,1,3129.8,34,3,3129.7,63,3,3129.6,100,3,3130.9,220,3,3131.1,30,2,3131.2,21,1,3131.4,35,2,3131.5,25,2
2031,2026-06-16 12:06:14+05:30,3130.9,100,3130.02,1956775,131242.0,199971.0,3163.0,3163.0,3108.0,3134.3,31922600,3447.7,2820.9,3839.9,2896.0,3130.2,19,2,3130.0,43,3,3129.8,56,2,3129.7,1,1,3129.6,102,3,3130.9,137,3,3131.1,30,2,3131.4,35,2,3131.5,25,2,3131.6,181,6
2031,2026-06-16 12:06:15+05:30,3130.9,29,3130.02,1956775,131242.0,199971.0,3163.0,3163.0,3108.0,3134.3,31922600,3447.7,2820.9,3839.9,2896.0,3130.2,19,2,3130.0,43,3,3129.8,56,2,3129.7,1,1,3129.6,102,3,3130.9,137,3,3131.1,30,2,3131.4,35,2,3131.5,25,2,3131.6,181,6
2031,2026-06-16 12:06:15+05:30,3130.9,29,3130.02,1956976,131776.0,201664.0,3163.0,3163.0,3108.0,3134.3,31922600,3447.7,2820.9,3839.9,2896.0,3130.2,60,4,3130.0,43,3,3129.8,77,3,3129.7,101,3,3129.6,100,3,3130.9,110,2,3131.1,30,2,3131.4,35,2,3131.5,25,2,3131.6,44,3
2031,2026-06-16 12:06:16+05:30,3132.0,26,3130.02,1956976,131776.0,201664.0,3163.0,3163.0,3108.0,3134.3,31922600,3447.7,2820.9,3839.9,2896.0,3130.2,60,4,3130.0,43,3,3129.8,77,3,3129.7,101,3,3129.6,100,3,3130.9,110,2,3131.1,30,2,3131.4,35,2,3131.5,25,2,3131.6,44,3
2031,2026-06-16 12:06:16+05:30,3132.0,71,3130.02,1957363,133346.0,199918.0,3163.0,3163.0,3108.0,3134.3,31922600,3447.7,2820.9,3839.9,2896.0,3130.6,12,3,3130.5,15,1,3130.4,185,1,3130.3,71,3,3130.2,84,6,3132.0,458,10,3132.1,11,1,3132.2,193,3,3132.3,343,4,3132.4,231,4
2031,2026-06-16 12:06:17+05:30,3132.0,45,3130.02,1957363,133346.0,199918.0,3163.0,3163.0,3108.0,3134.3,31922600,3447.7,2820.9,3839.9,2896.0,3130.6,12,3,3130.5,15,1,3130.4,185,1,3130.3,71,3,3130.2,84,6,3132.0,458,10,3132.1,11,1,3132.2,193,3,3132.3,343,4,3132.4,231,4
2031,2026-06-16 12:06:17+05:30,3131.8,1,3130.02,1957689,132740.0,200697.0,3163.0,3163.0,3108.0,3134.3,31922600,3447.7,2820.9,3839.9,2896.0,3130.6,18,3,3130.2,58,4,3130.0,4,1,3129.9,40,2,3129.8,56,2,3131.7,14,1,3131.8,359,7,3131.9,229,3,3132.0,507,9,3132.1,6,1
2031,2026-06-16 12:06:18+05:30,3130.6,16,3130.02,1957689,132740.0,200697.0,3163.0,3163.0,3108.0,3134.3,31922600,3447.7,2820.9,3839.9,2896.0,3130.6,18,3,3130.2,58,4,3130.0,4,1,3129.9,40,2,3129.8,56,2,3131.7,14,1,3131.8,359,7,3131.9,229,3,3132.0,507,9,3132.1,6,1
2031,2026-06-16 12:06:18+05:30,3131.6,1,3130.02,1957808,132171.0,201572.0,3163.0,3163.0,3108.0,3134.3,31922600,3447.7,2820.9,3839.9,2896.0,3130.6,17,2,3130.2,75,5,3130.0,64,2,3129.9,40,2,3129.8,56,2,3131.6,13,1,3131.7,163,7,3131.8,142,4,3131.9,224,4,3132.0,772,11
2031,2026-06-16 12:06:19+05:30,3131.6,1,3130.02,1957808,132171.0,201572.0,3163.0,3163.0,3108.0,3134.3,31922600,3447.7,2820.9,3839.9,2896.0,3130.6,17,2,3130.2,75,5,3130.0,64,2,3129.9,40,2,3129.8,56,2,3131.6,13,1,3131.7,163,7,3131.8,142,4,3131.9,224,4,3132.0,772,11
2031,2026-06-16 12:06:19+05:30,3131.6,1,3130.02,1957808,133252.0,201435.0,3163.0,3163.0,3108.0,3134.3,31922600,3447.7,2820.9,3839.9,2896.0,3130.6,54,3,3130.2,75,5,3130.0,64,2,3129.9,40,2,3129.8,56,2,3131.6,13,1,3131.7,29,2,3131.8,85,3,3131.9,197,4,3132.0,897,12
2031,2026-06-16 12:06:20+05:30,3131.6,1,3130.02,1957808,133841.0,201459.0,3163.0,3163.0,3108.0,3134.3,31922600,3447.7,2820.9,3839.9,2896.0,3131.1,1,1,3130.7,50,1,3130.6,53,2,3130.4,24,1,3130.3,74,2,3131.7,29,2,3131.8,29,2,3131.9,29,2,3132.0,478,7,3132.2,194,4
2031,2026-06-16 12:06:21+05:30,3131.1,42,3130.02,1958020,133793.0,201108.0,3163.0,3163.0,3108.0,3134.3,31922600,3447.7,2820.9,3839.9,2896.0,3130.7,50,1,3130.6,114,4,3130.4,8,1,3130.3,97,3,3130.2,47,4,3131.2,31,1,3131.8,42,2,3131.9,63,1,3132.0,486,9,3132.1,117,1
2031,2026-06-16 12:06:22+05:30,3130.7,40,3130.02,1958020,133793.0,201108.0,3163.0,3163.0,3108.0,3134.3,31922600,3447.7,2820.9,3839.9,2896.0,3130.7,50,1,3130.6,114,4,3130.4,8,1,3130.3,97,3,3130.2,47,4,3131.2,31,1,3131.8,42,2,3131.9,63,1,3132.0,486,9,3132.1,117,1
2031,2026-06-16 12:06:22+05:30,3130.7,40,3130.02,1958060,133717.0,200905.0,3163.0,3163.0,3108.0,3134.3,31922600,3447.7,2820.9,3839.9,2896.0,3130.7,11,2,3130.6,53,2,3130.4,8,1,3130.3,112,4,3130.2,47,4,3131.2,32,2,3131.8,62,3,3131.9,111,2,3132.0,453,8,3132.1,78,1
2031,2026-06-16 12:06:23+05:30,3131.8,6,3130.02,1958060,133717.0,200905.0,3163.0,3163.0,3108.0,3134.3,31922600,3447.7,2820.9,3839.9,2896.0,3130.7,11,2,3130.6,53,2,3130.4,8,1,3130.3,112,4,3130.2,47,4,3131.2,32,2,3131.8,62,3,3131.9,111,2,3132.0,453,8,3132.1,78,1
2031,2026-06-16 12:06:23+05:30,3132.0,38,3130.02,1958260,134199.0,198446.0,3163.0,3163.0,3108.0,3134.3,31922600,3447.7,2820.9,3839.9,2896.0,3130.9,15,1,3130.7,11,2,3130.6,103,3,3130.4,100,1,3130.3,81,2,3132.0,380,7,3132.1,220,3,3132.2,225,3,3132.4,159,3,3132.5,75,1
2031,2026-06-16 12:06:24+05:30,3130.9,39,3130.02,1958260,134199.0,198446.0,3163.0,3163.0,3108.0,3134.3,31922600,3447.7,2820.9,3839.9,2896.0,3130.9,15,1,3130.7,11,2,3130.6,103,3,3130.4,100,1,3130.3,81,2,3132.0,380,7,3132.1,220,3,3132.2,225,3,3132.4,159,3,3132.5,75,1
2031,2026-06-16 12:06:24+05:30,3130.9,1,3130.02,1958564,134106.0,200341.0,3163.0,3163.0,3108.0,3134.3,31922600,3447.7,2820.9,3839.9,2896.0,3130.9,16,2,3130.7,11,2,3130.6,69,3,3130.4,100,1,3130.3,81,2,3132.0,393,11,3132.1,97,2,3132.2,281,5,3132.3,359,5,3132.4,27,2
2031,2026-06-16 12:06:25+05:30,3131.9,9,3130.02,1958564,134106.0,200341.0,3163.0,3163.0,3108.0,3134.3,31922600,3447.7,2820.9,3839.9,2896.0,3130.9,16,2,3130.7,11,2,3130.6,69,3,3130.4,100,1,3130.3,81,2,3132.0,393,11,3132.1,97,2,3132.2,281,5,3132.3,359,5,3132.4,27,2
2031,2026-06-16 12:06:25+05:30,3130.6,3,3130.02,1958941,133898.0,200262.0,3163.0,3163.0,3108.0,3134.3,31922600,3447.7,2820.9,3839.9,2896.0,3130.6,29,2,3130.4,100,1,3130.3,60,1,3130.2,1,1,3130.1,47,2,3131.8,131,6,3131.9,258,5,3132.0,546,11,3132.1,63,2,3132.2,144,4
2031,2026-06-16 12:06:26+05:30,3130.6,12,3130.02,1958941,133898.0,200262.0,3163.0,3163.0,3108.0,3134.3,31922600,3447.7,2820.9,3839.9,2896.0,3130.6,29,2,3130.4,100,1,3130.3,60,1,3130.2,1,1,3130.1,47,2,3131.8,131,6,3131.9,258,5,3132.0,546,11,3132.1,63,2,3132.2,144,4
2031,2026-06-16 12:06:26+05:30,3130.6,15,3130.02,1959271,134187.0,199803.0,3163.0,3163.0,3108.0,3134.3,31922600,3447.7,2820.9,3839.9,2896.0,3130.6,22,3,3130.5,80,2,3130.4,131,3,3130.3,10,1,3130.2,1,1,3131.8,1,1,3132.0,171,4,3132.1,9,2,3132.2,82,2,3132.3,267,3
2031,2026-06-16 12:06:27+05:30,3130.6,15,3130.02,1959271,134187.0,199803.0,3163.0,3163.0,3108.0,3134.3,31922600,3447.7,2820.9,3839.9,2896.0,3130.6,22,3,3130.5,80,2,3130.4,131,3,3130.3,10,1,3130.2,1,1,3131.8,1,1,3132.0,171,4,3132.1,9,2,3132.2,82,2,3132.3,267,3
2031,2026-06-16 12:06:27+05:30,3130.6,1,3130.02,1959346,133845.0,200632.0,3163.0,3163.0,3108.0,3134.3,31922600,3447.7,2820.9,3839.9,2896.0,3130.6,46,4,3130.5,68,3,3130.4,110,2,3130.3,55,2,3130.2,52,4,3131.0,2,1,3131.8,22,2,3131.9,49,1,3132.0,175,5,3132.1,200,1
2031,2026-06-16 12:06:28+05:30,3130.6,1,3130.02,1959346,133845.0,200632.0,3163.0,3163.0,3108.0,3134.3,31922600,3447.7,2820.9,3839.9,2896.0,3130.6,46,4,3130.5,68,3,3130.4,110,2,3130.3,55,2,3130.2,52,4,3131.0,2,1,3131.8,22,2,3131.9,49,1,3132.0,175,5,3132.1,200,1
2031,2026-06-16 12:06:28+05:30,3130.6,16,3130.02,1959362,134132.0,200635.0,3163.0,3163.0,3108.0,3134.3,31922600,3447.7,2820.9,3839.9,2896.0,3130.6,21,3,3130.5,48,3,3130.4,121,3,3130.3,55,2,3130.2,71,5,3131.0,2,1,3131.8,22,2,3131.9,49,1,3132.0,175,5,3132.1,200,1
2031,2026-06-16 12:06:29+05:30,3131.0,1,3130.02,1959362,134132.0,200635.0,3163.0,3163.0,3108.0,3134.3,31922600,3447.7,2820.9,3839.9,2896.0,3130.6,21,3,3130.5,48,3,3130.4,121,3,3130.3,55,2,3130.2,71,5,3131.0,2,1,3131.8,22,2,3131.9,49,1,3132.0,175,5,3132.1,200,1
2031,2026-06-16 12:06:29+05:30,3131.0,1,3130.02,1959367,133810.0,201164.0,3163.0,3163.0,3108.0,3134.3,31922600,3447.7,2820.9,3839.9,2896.0,3130.6,30,2,3130.5,1,1,3130.4,110,2,3130.3,42,1,3130.2,16,2,3131.0,56,3,3131.6,20,1,3131.8,84,2,3131.9,267,3,3132.0,521,9
2031,2026-06-16 12:06:30+05:30,3130.6,3,3130.02,1959367,133810.0,201164.0,3163.0,3163.0,3108.0,3134.3,31922600,3447.7,2820.9,3839.9,2896.0,3130.6,30,2,3130.5,1,1,3130.4,110,2,3130.3,42,1,3130.2,16,2,3131.0,56,3,3131.6,20,1,3131.8,84,2,3131.9,267,3,3132.0,521,9
2031,2026-06-16 12:06:30+05:30,3130.5,2,3130.02,1959503,133104.0,201484.0,3163.0,3163.0,3108.0,3134.3,31922600,3447.7,2820.9,3839.9,2896.0,3130.4,110,2,3130.2,6,2,3130.0,77,4,3129.9,21,1,3129.8,25,2,3130.5,96,1,3131.0,81,5,3131.4,20,1,3131.6,88,3,3131.7,278,2
2031,2026-06-16 12:06:31+05:30,3130.4,5,3130.02,1959503,133104.0,201484.0,3163.0,3163.0,3108.0,3134.3,31922600,3447.7,2820.9,3839.9,2896.0,3130.4,110,2,3130.2,6,2,3130.0,77,4,3129.9,21,1,3129.8,25,2,3130.5,96,1,3131.0,81,5,3131.4,20,1,3131.6,88,3,3131.7,278,2
2031,2026-06-16 12:06:31+05:30,3130.4,5,3130.02,1959508,132930.0,201443.0,3163.0,3163.0,3108.0,3134.3,31922600,3447.7,2820.9,3839.9,2896.0,3130.4,113,4,3130.2,23,3,3130.0,77,4,3129.9,72,4,3129.8,4,1,3130.5,97,2,3131.0,94,5,3131.4,20,1,3131.6,69,2,3131.7,278,2
2031,2026-06-16 12:06:32+05:30,3130.4,1,3130.02,1959509,132928.0,201447.0,3163.0,3163.0,3108.0,3134.3,31922600,3447.7,2820.9,3839.9,2896.0,3130.4,112,4,3130.2,18,2,3130.0,68,3,3129.8,17,2,3129.7,89,3,3130.5,122,3,3131.0,69,4,3131.4,20,1,3131.6,69,2,3131.7,278,2
2031,2026-06-16 12:06:33+05:30,3130.4,1,3130.02,1959509,132928.0,201447.0,3163.0,3163.0,3108.0,3134.3,31922600,3447.7,2820.9,3839.9,2896.0,3130.4,112,4,3130.2,18,2,3130.0,68,3,3129.8,17,2,3129.7,89,3,3130.5,122,3,3131.0,69,4,3131.4,20,1,3131.6,69,2,3131.7,278,2
2031,2026-06-16 12:06:33+05:30,3130.4,1,3130.02,1959509,132933.0,201445.0,3163.0,3163.0,3108.0,3134.3,31922600,3447.7,2820.9,3839.9,2896.0,3130.4,112,4,3130.2,18,2,3130.0,68,3,3129.8,17,2,3129.7,89,3,3130.5,122,3,3131.0,69,4,3131.4,20,1,3131.6,69,2,3131.7,278,2
2031,2026-06-16 12:06:34+05:30,3130.5,25,3130.02,1959509,132933.0,201445.0,3163.0,3163.0,3108.0,3134.3,31922600,3447.7,2820.9,3839.9,2896.0,3130.4,112,4,3130.2,18,2,3130.0,68,3,3129.8,17,2,3129.7,89,3,3130.5,122,3,3131.0,69,4,3131.4,20,1,3131.6,69,2,3131.7,278,2
2031,2026-06-16 12:06:34+05:30,3130.6,1,3130.02,1959632,133973.0,201012.0,3163.0,3163.0,3108.0,3134.3,31922600,3447.7,2820.9,3839.9,2896.0,3130.5,1,1,3130.4,112,4,3130.2,27,2,3130.1,21,1,3130.0,68,3,3130.6,9,1,3131.0,69,4,3131.6,20,1,3131.8,72,2,3131.9,60,1
2031,2026-06-16 12:06:35+05:30,3130.6,1,3130.02,1959632,133973.0,201012.0,3163.0,3163.0,3108.0,3134.3,31922600,3447.7,2820.9,3839.9,2896.0,3130.5,1,1,3130.4,112,4,3130.2,27,2,3130.1,21,1,3130.0,68,3,3130.6,9,1,3131.0,69,4,3131.6,20,1,3131.8,72,2,3131.9,60,1
2031,2026-06-16 12:06:35+05:30,3130.4,8,3130.02,1959706,133709.0,201169.0,3163.0,3163.0,3108.0,3134.3,31922600,3447.7,2820.9,3839.9,2896.0,3130.4,104,4,3130.2,44,4,3130.0,68,3,3129.9,21,1,3129.8,17,2,3130.6,9,1,3131.0,69,4,3131.6,20,1,3131.7,49,1,3131.8,21,1
2031,2026-06-16 12:06:36+05:30,3130.4,9,3130.02,1959706,133709.0,201169.0,3163.0,3163.0,3108.0,3134.3,31922600,3447.7,2820.9,3839.9,2896.0,3130.4,104,4,3130.2,44,4,3130.0,68,3,3129.9,21,1,3129.8,17,2,3130.6,9,1,3131.0,69,4,3131.6,20,1,3131.7,49,1,3131.8,21,1
2031,2026-06-16 12:06:36+05:30,3130.4,9,3130.02,1959720,133924.0,201251.0,3163.0,3163.0,3108.0,3134.3,31922600,3447.7,2820.9,3839.9,2896.0,3130.4,90,4,3130.2,16,2,3130.0,19,3,3129.9,94,3,3129.8,54,3,3130.6,9,1,3131.0,69,4,3131.4,21,1,3131.6,83,2,3131.7,109,2
2031,2026-06-16 12:06:37+05:30,3130.6,1,3130.02,1959720,133924.0,201251.0,3163.0,3163.0,3108.0,3134.3,31922600,3447.7,2820.9,3839.9,2896.0,3130.4,90,4,3130.2,16,2,3130.0,19,3,3129.9,94,3,3129.8,54,3,3130.6,9,1,3131.0,69,4,3131.4,21,1,3131.6,83,2,3131.7,109,2
2031,2026-06-16 12:06:37+05:30,3130.6,1,3130.02,1959921,132865.0,201054.0,3163.0,3163.0,3108.0,3134.3,31922600,3447.7,2820.9,3839.9,2896.0,3130.4,11,2,3130.2,16,2,3130.0,14,3,3129.8,24,3,3129.7,10,2,3130.6,8,1,3131.0,69,4,3131.4,21,1,3131.5,19,1,3131.6,161,3
2031,2026-06-16 12:06:38+05:30,3130.4,28,3130.02,1959921,132865.0,201054.0,3163.0,3163.0,3108.0,3134.3,31922600,3447.7,2820.9,3839.9,2896.0,3130.4,11,2,3130.2,16,2,3130.0,14,3,3129.8,24,3,3129.7,10,2,3130.6,8,1,3131.0,69,4,3131.4,21,1,3131.5,19,1,3131.6,161,3
2031,2026-06-16 12:06:38+05:30,3130.4,28,3130.02,1959962,132959.0,201123.0,3163.0,3163.0,3108.0,3134.3,31922600,3447.7,2820.9,3839.9,2896.0,3130.4,22,3,3130.2,37,3,3130.0,90,5,3129.9,34,2,3129.8,24,3,3130.5,1,1,3130.6,6,1,3131.0,68,3,3131.4,21,1,3131.6,69,2
2031,2026-06-16 12:06:39+05:30,3130.4,10,3130.02,1959962,132959.0,201123.0,3163.0,3163.0,3108.0,3134.3,31922600,3447.7,2820.9,3839.9,2896.0,3130.4,22,3,3130.2,37,3,3130.0,90,5,3129.9,34,2,3129.8,24,3,3130.5,1,1,3130.6,6,1,3131.0,68,3,3131.4,21,1,3131.6,69,2
2031,2026-06-16 12:06:39+05:30,3130.5,1,3130.02,1959973,133686.0,201328.0,3163.0,3163.0,3108.0,3134.3,31922600,3447.7,2820.9,3839.9,2896.0,3130.5,16,1,3130.4,12,3,3130.2,1,1,3130.0,58,3,3129.9,40,2,3130.6,20,2,3131.0,74,4,3131.3,10,1,3131.4,21,1,3131.6,69,2
2031,2026-06-16 12:06:40+05:30,3130.6,1,3130.02,1959973,133686.0,201328.0,3163.0,3163.0,3108.0,3134.3,31922600,3447.7,2820.9,3839.9,2896.0,3130.5,16,1,3130.4,12,3,3130.2,1,1,3130.0,58,3,3129.9,40,2,3130.6,20,2,3131.0,74,4,3131.3,10,1,3131.4,21,1,3131.6,69,2
2031,2026-06-16 12:06:40+05:30,3130.6,14,3130.02,1959993,133771.0,201515.0,3163.0,3163.0,3108.0,3134.3,31922600,3447.7,2820.9,3839.9,2896.0,3130.5,16,1,3130.4,12,3,3130.2,1,1,3130.1,21,1,3130.0,78,4,3131.0,74,4,3131.6,57,2,3131.7,60,1,3131.8,299,3,3131.9,309,4
2031,2026-06-16 12:06:41+05:30,3130.6,14,3130.02,1959993,133771.0,201515.0,3163.0,3163.0,3108.0,3134.3,31922600,3447.7,2820.9,3839.9,2896.0,3130.5,16,1,3130.4,12,3,3130.2,1,1,3130.1,21,1,3130.0,78,4,3131.0,74,4,3131.6,57,2,3131.7,60,1,3131.8,299,3,3131.9,309,4
2031,2026-06-16 12:06:41+05:30,3130.6,14,3130.02,1959993,133900.0,201521.0,3163.0,3163.0,3108.0,3134.3,31922600,3447.7,2820.9,3839.9,2896.0,3130.5,16,1,3130.4,23,4,3130.2,1,1,3130.1,21,1,3130.0,103,5,3131.0,74,4,3131.6,57,2,3131.7,60,1,3131.8,221,2,3131.9,309,4
2031,2026-06-16 12:06:42+05:30,3130.6,7,3130.02,1960000,133868.0,201519.0,3163.0,3163.0,3108.0,3134.3,31922600,3447.7,2820.9,3839.9,2896.0,3130.6,9,1,3130.4,23,4,3130.2,1,1,3130.1,21,1,3130.0,103,5,3131.0,74,4,3131.7,108,2,3131.8,21,1,3131.9,322,4,3132.0,504,10
2031,2026-06-16 12:06:43+05:30,3130.6,7,3130.02,1960000,133868.0,201519.0,3163.0,3163.0,3108.0,3134.3,31922600,3447.7,2820.9,3839.9,2896.0,3130.6,9,1,3130.4,23,4,3130.2,1,1,3130.1,21,1,3130.0,103,5,3131.0,74,4,3131.7,108,2,3131.8,21,1,3131.9,322,4,3132.0,504,10
2031,2026-06-16 12:06:43+05:30,3131.0,1,3130.02,1960001,133826.0,201601.0,3163.0,3163.0,3108.0,3134.3,31922600,3447.7,2820.9,3839.9,2896.0,3130.6,9,1,3130.4,23,4,3130.2,1,1,3130.1,21,1,3130.0,83,4,3131.0,81,5,3131.7,129,4,3131.8,145,4,3131.9,324,5,3132.0,431,10
2031,2026-06-16 12:06:44+05:30,3131.0,1,3130.02,1960001,133826.0,201601.0,3163.0,3163.0,3108.0,3134.3,31922600,3447.7,2820.9,3839.9,2896.0,3130.6,9,1,3130.4,23,4,3130.2,1,1,3130.1,21,1,3130.0,83,4,3131.0,81,5,3131.7,129,4,3131.8,145,4,3131.9,324,5,3132.0,431,10
2031,2026-06-16 12:06:44+05:30,3131.0,1,3130.02,1960001,133696.0,201889.0,3163.0,3163.0,3108.0,3134.3,31922600,3447.7,2820.9,3839.9,2896.0,3130.6,9,1,3130.4,23,4,3130.2,1,1,3130.0,33,3,3129.8,45,4,3131.0,81,5,3131.6,63,1,3131.7,178,5,3131.8,345,5,3131.9,274,4
2031,2026-06-16 12:06:45+05:30,3131.0,1,3130.02,1960001,133696.0,201889.0,3163.0,3163.0,3108.0,3134.3,31922600,3447.7,2820.9,3839.9,2896.0,3130.6,9,1,3130.4,23,4,3130.2,1,1,3130.0,33,3,3129.8,45,4,3131.0,81,5,3131.6,63,1,3131.7,178,5,3131.8,345,5,3131.9,274,4
2031,2026-06-16 12:06:45+05:30,3130.6,6,3130.02,1960014,134013.0,201594.0,3163.0,3163.0,3108.0,3134.3,31922600,3447.7,2820.9,3839.9,2896.0,3130.6,4,2,3130.4,23,4,3130.2,16,2,3130.0,134,6,3129.9,41,2,3131.0,105,6,3131.7,62,2,3131.8,67,3,3131.9,297,4,3132.0,456,9
2031,2026-06-16 12:06:46+05:30,3130.6,2,3130.02,1960014,134013.0,201594.0,3163.0,3163.0,3108.0,3134.3,31922600,3447.7,2820.9,3839.9,2896.0,3130.6,4,2,3130.4,23,4,3130.2,16,2,3130.0,134,6,3129.9,41,2,3131.0,105,6,3131.7,62,2,3131.8,67,3,3131.9,297,4,3132.0,456,9
2031,2026-06-16 12:06:46+05:30,3130.6,2,3130.02,1960184,133774.0,202004.0,3163.0,3163.0,3108.0,3134.3,31922600,3447.7,2820.9,3839.9,2896.0,3130.6,15,2,3130.4,23,4,3130.2,1,1,3130.1,20,1,3130.0,34,4,3131.5,15,1,3131.6,119,6,3131.7,112,5,3131.8,324,4,3131.9,420,6
2031,2026-06-16 12:06:47+05:30,3130.6,8,3130.02,1960241,133611.0,202100.0,3163.0,3163.0,3108.0,3134.3,31922600,3447.7,2820.9,3839.9,2896.0,3130.6,9,2,3130.4,23,4,3130.2,1,1,3130.1,20,1,3130.0,34,4,3131.5,102,4,3131.6,160,6,3131.7,440,8,3131.8,246,3,3131.9,220,5
2031,2026-06-16 12:06:48+05:30,3130.6,4,3130.02,1960241,133611.0,202100.0,3163.0,3163.0,3108.0,3134.3,31922600,3447.7,2820.9,3839.9,2896.0,3130.6,9,2,3130.4,23,4,3130.2,1,1,3130.1,20,1,3130.0,34,4,3131.5,102,4,3131.6,160,6,3131.7,440,8,3131.8,246,3,3131.9,220,5
2031,2026-06-16 12:06:48+05:30,3130.6,4,3130.02,1960245,133447.0,202130.0,3163.0,3163.0,3108.0,3134.3,31922600,3447.7,2820.9,3839.9,2896.0,3130.6,5,2,3130.4,23,4,3130.2,1,1,3130.0,34,4,3129.9,22,1,3131.1,1,1,3131.5,102,4,3131.6,115,5,3131.7,440,8,3131.8,296,5
2031,2026-06-16 12:06:49+05:30,3130.6,4,3130.02,1960245,133812.0,202019.0,3163.0,3163.0,3108.0,3134.3,31922600,3447.7,2820.9,3839.9,2896.0,3130.6,5,2,3130.4,23,4,3130.2,60,3,3130.1,39,2,3130.0,34,4,3131.1,1,1,3131.5,41,1,3131.6,1,1,3131.7,302,5,3131.8,344,5
2031,2026-06-16 12:06:50+05:30,3131.1,1,3130.02,1960245,133812.0,202019.0,3163.0,3163.0,3108.0,3134.3,31922600,3447.7,2820.9,3839.9,2896.0,3130.6,5,2,3130.4,23,4,3130.2,60,3,3130.1,39,2,3130.0,34,4,3131.1,1,1,3131.5,41,1,3131.6,1,1,3131.7,302,5,3131.8,344,5
2031,2026-06-16 12:06:50+05:30,3131.1,1,3130.02,1960397,134036.0,202326.0,3163.0,3163.0,3108.0,3134.3,31922600,3447.7,2820.9,3839.9,2896.0,3130.6,15,1,3130.4,11,1,3130.2,1,1,3130.0,34,4,3129.9,82,2,3131.5,88,3,3131.7,109,3,3131.8,298,5,3131.9,545,8,3132.0,288,10
2031,2026-06-16 12:06:51+05:30,3130.6,13,3130.02,1960397,134036.0,202326.0,3163.0,3163.0,3108.0,3134.3,31922600,3447.7,2820.9,3839.9,2896.0,3130.6,15,1,3130.4,11,1,3130.2,1,1,3130.0,34,4,3129.9,82,2,3131.5,88,3,3131.7,109,3,3131.8,298,5,3131.9,545,8,3132.0,288,10
2031,2026-06-16 12:06:51+05:30,3130.6,2,3130.02,1960431,133607.0,202037.0,3163.0,3163.0,3108.0,3134.3,31922600,3447.7,2820.9,3839.9,2896.0,3130.6,17,2,3130.4,11,1,3130.2,1,1,3130.0,34,4,3129.9,99,3,3131.3,14,1,3131.4,29,2,3131.5,57,3,3131.6,45,1,3131.7,178,5
2031,2026-06-16 12:06:52+05:30,3130.6,4,3130.02,1960431,133607.0,202037.0,3163.0,3163.0,3108.0,3134.3,31922600,3447.7,2820.9,3839.9,2896.0,3130.6,17,2,3130.4,11,1,3130.2,1,1,3130.0,34,4,3129.9,99,3,3131.3,14,1,3131.4,29,2,3131.5,57,3,3131.6,45,1,3131.7,178,5
2031,2026-06-16 12:06:52+05:30,3130.6,4,3130.02,1960443,133586.0,202505.0,3163.0,3163.0,3108.0,3134.3,31922600,3447.7,2820.9,3839.9,2896.0,3130.6,8,2,3130.4,11,1,3130.2,1,1,3130.0,34,4,3129.9,82,2,3131.2,15,1,3131.3,61,2,3131.4,70,4,3131.5,57,3,3131.6,200,1
2031,2026-06-16 12:06:53+05:30,3130.6,4,3130.02,1960443,133586.0,202505.0,3163.0,3163.0,3108.0,3134.3,31922600,3447.7,2820.9,3839.9,2896.0,3130.6,8,2,3130.4,11,1,3130.2,1,1,3130.0,34,4,3129.9,82,2,3131.2,15,1,3131.3,61,2,3131.4,70,4,3131.5,57,3,3131.6,200,1
2031,2026-06-16 12:06:53+05:30,3130.6,3,3130.02,1960443,133586.0,202505.0,3163.0,3163.0,3108.0,3134.3,31922600,3447.7,2820.9,3839.9,2896.0,3130.6,8,2,3130.4,11,1,3130.2,1,1,3130.0,34,4,3129.9,82,2,3131.2,15,1,3131.3,61,2,3131.4,70,4,3131.5,57,3,3131.6,200,1
2031,2026-06-16 12:06:53+05:30,3130.6,2,3130.02,1960451,133837.0,202142.0,3163.0,3163.0,3108.0,3134.3,31922600,3447.7,2820.9,3839.9,2896.0,3130.6,17,2,3130.4,11,1,3130.2,1,1,3130.1,21,1,3130.0,94,5,3131.3,15,1,3131.5,57,3,3131.6,200,1,3131.7,202,2,3131.8,176,5
2031,2026-06-16 12:06:54+05:30,3130.6,2,3130.02,1960451,133837.0,202142.0,3163.0,3163.0,3108.0,3134.3,31922600,3447.7,2820.9,3839.9,2896.0,3130.6,17,2,3130.4,11,1,3130.2,1,1,3130.1,21,1,3130.0,94,5,3131.3,15,1,3131.5,57,3,3131.6,200,1,3131.7,202,2,3131.8,176,5
2031,2026-06-16 12:06:54+05:30,3130.6,2,3130.02,1960451,133837.0,202142.0,3163.0,3163.0,3108.0,3134.3,31922600,3447.7,2820.9,3839.9,2896.0,3130.6,17,2,3130.4,11,1,3130.2,1,1,3130.1,21,1,3130.0,94,5,3131.3,15,1,3131.5,57,3,3131.6,200,1,3131.7,202,2,3131.8,176,5
2031,2026-06-16 12:06:55+05:30,3130.6,16,3130.02,1960671,133902.0,201821.0,3163.0,3163.0,3108.0,3134.3,31922600,3447.7,2820.9,3839.9,2896.0,3130.6,16,1,3130.2,20,2,3130.0,45,5,3129.9,67,2,3129.8,63,3,3131.3,15,1,3131.4,25,1,3131.5,78,4,3131.7,2,1,3131.8,142,5
2031,2026-06-16 12:06:55+05:30,3130.6,16,3130.02,1960671,133902.0,201821.0,3163.0,3163.0,3108.0,3134.3,31922600,3447.7,2820.9,3839.9,2896.0,3130.6,16,1,3130.2,20,2,3130.0,45,5,3129.9,67,2,3129.8,63,3,3131.3,15,1,3131.4,25,1,3131.5,78,4,3131.7,2,1,3131.8,142,5
2031,2026-06-16 12:06:56+05:30,3131.0,1,3130.02,1960672,133926.0,201577.0,3163.0,3163.0,3108.0,3134.3,31922600,3447.7,2820.9,3839.9,2896.0,3130.6,16,1,3130.2,20,2,3130.0,124,7,3129.9,88,3,3129.8,127,5,3131.0,2,1,3131.3,15,1,3131.4,25,1,3131.5,63,3,3131.7,2,1
2031,2026-06-16 12:06:56+05:30,3130.6,45,3130.02,1960672,133926.0,201577.0,3163.0,3163.0,3108.0,3134.3,31922600,3447.7,2820.9,3839.9,2896.0,3130.6,16,1,3130.2,20,2,3130.0,124,7,3129.9,88,3,3129.8,127,5,3131.0,2,1,3131.3,15,1,3131.4,25,1,3131.5,63,3,3131.7,2,1
2031,2026-06-16 12:06:57+05:30,3130.6,45,3130.02,1960672,133926.0,201577.0,3163.0,3163.0,3108.0,3134.3,31922600,3447.7,2820.9,3839.9,2896.0,3130.6,16,1,3130.2,20,2,3130.0,124,7,3129.9,88,3,3129.8,127,5,3131.0,2,1,3131.3,15,1,3131.4,25,1,3131.5,63,3,3131.7,2,1
2031,2026-06-16 12:06:57+05:30,3130.6,15,3130.02,1961015,133079.0,202042.0,3163.0,3163.0,3108.0,3134.3,31922600,3447.7,2820.9,3839.9,2896.0,3130.2,1,1,3130.0,94,5,3129.8,4,1,3129.7,82,3,3129.6,19,1,3131.0,2,2,3131.3,15,1,3131.4,70,3,3131.5,307,5,3131.6,21,1
2031,2026-06-16 12:06:57+05:30,3130.6,15,3130.02,1961015,133079.0,202042.0,3163.0,3163.0,3108.0,3134.3,31922600,3447.7,2820.9,3839.9,2896.0,3130.2,1,1,3130.0,94,5,3129.8,4,1,3129.7,82,3,3129.6,19,1,3131.0,2,2,3131.3,15,1,3131.4,70,3,3131.5,307,5,3131.6,21,1
2031,2026-06-16 12:06:58+05:30,3130.6,15,3130.02,1961015,134138.0,201855.0,3163.0,3163.0,3108.0,3134.3,31922600,3447.7,2820.9,3839.9,2896.0,3130.2,62,4,3130.1,53,3,3130.0,70,7,3129.9,105,4,3129.8,69,3,3131.0,2,2,3131.3,15,1,3131.4,25,1,3131.5,61,2,3131.7,6,2
2031,2026-06-16 12:06:58+05:30,3130.6,15,3130.02,1961015,134138.0,201855.0,3163.0,3163.0,3108.0,3134.3,31922600,3447.7,2820.9,3839.9,2896.0,3130.2,62,4,3130.1,53,3,3130.0,70,7,3129.9,105,4,3129.8,69,3,3131.0,2,2,3131.3,15,1,3131.4,25,1,3131.5,61,2,3131.7,6,2
2031,2026-06-16 12:06:59+05:30,3130.6,15,3130.02,1961015,133560.0,201885.0,3163.0,3163.0,3108.0,3134.3,31922600,3447.7,2820.9,3839.9,2896.0,3130.2,44,2,3130.1,16,1,3130.0,91,8,3129.9,41,2,3129.8,66,3,3131.0,72,4,3131.3,15,1,3131.4,25,1,3131.5,20,1,3131.7,50,3
2031,2026-06-16 12:07:00+05:30,3130.0,4,3130.02,1961015,133560.0,201885.0,3163.0,3163.0,3108.0,3134.3,31922600,3447.7,2820.9,3839.9,2896.0,3130.2,44,2,3130.1,16,1,3130.0,91,8,3129.9,41,2,3129.8,66,3,3131.0,72,4,3131.3,15,1,3131.4,25,1,3131.5,20,1,3131.7,50,3
2031,2026-06-16 12:07:00+05:30,3130.0,4,3130.02,1961174,132102.0,202476.0,3163.0,3163.0,3108.0,3134.3,31922600,3447.7,2820.9,3839.9,2896.0,3130.0,40,6,3129.8,4,1,3129.7,1,1,3129.4,2,1,3129.3,21,1,3130.4,200,1,3130.5,200,1,3131.0,635,10,3131.1,418,4,3131.2,835,10
2031,2026-06-16 12:07:00+05:30,3130.0,4,3130.02,1961174,132102.0,202476.0,3163.0,3163.0,3108.0,3134.3,31922600,3447.7,2820.9,3839.9,2896.0,3130.0,40,6,3129.8,4,1,3129.7,1,1,3129.4,2,1,3129.3,21,1,3130.4,200,1,3130.5,200,1,3131.0,635,10,3131.1,418,4,3131.2,835,10
2031,2026-06-16 12:07:01+05:30,3130.0,11,3130.02,1961213,132057.0,202506.0,3163.0,3163.0,3108.0,3134.3,31922600,3447.7,2820.9,3839.9,2896.0,3130.0,29,6,3129.8,4,1,3129.7,1,1,3129.4,2,1,3129.3,60,3,3130.4,201,3,3130.5,200,1,3131.0,854,11,3131.1,418,4,3131.2,756,7
2031,2026-06-16 12:07:01+05:30,3130.0,11,3130.02,1961213,132057.0,202506.0,3163.0,3163.0,3108.0,3134.3,31922600,3447.7,2820.9,3839.9,2896.0,3130.0,29,6,3129.8,4,1,3129.7,1,1,3129.4,2,1,3129.3,60,3,3130.4,201,3,3130.5,200,1,3131.0,854,11,3131.1,418,4,3131.2,756,7
2031,2026-06-16 12:07:02+05:30,3130.0,11,3130.02,1961213,132115.0,202512.0,3163.0,3163.0,3108.0,3134.3,31922600,3447.7,2820.9,3839.9,2896.0,3130.0,29,6,3129.8,4,1,3129.7,1,1,3129.4,2,1,3129.3,41,2,3130.4,203,5,3130.5,200,1,3131.0,654,10,3131.1,416,3,3131.2,756,7
2031,2026-06-16 12:07:02+05:30,3130.0,11,3130.02,1961213,132115.0,202512.0,3163.0,3163.0,3108.0,3134.3,31922600,3447.7,2820.9,3839.9,2896.0,3130.0,29,6,3129.8,4,1,3129.7,1,1,3129.4,2,1,3129.3,41,2,3130.4,203,5,3130.5,200,1,3131.0,654,10,3131.1,416,3,3131.2,756,7
2031,2026-06-16 12:07:02+05:30,3130.0,3,3130.02,1961213,132115.0,202512.0,3163.0,3163.0,3108.0,3134.3,31922600,3447.7,2820.9,3839.9,2896.0,3130.0,29,6,3129.8,4,1,3129.7,1,1,3129.4,2,1,3129.3,41,2,3130.4,203,5,3130.5,200,1,3131.0,654,10,3131.1,416,3,3131.2,756,7
2031,2026-06-16 12:07:03+05:30,3130.4,1,3130.02,1961266,132111.0,202582.0,3163.0,3163.0,3108.0,3134.3,31922600,3447.7,2820.9,3839.9,2896.0,3130.0,38,6,3129.8,4,1,3129.7,1,1,3129.4,2,1,3129.3,21,1,3130.4,228,6,3130.5,200,1,3130.7,44,1,3130.8,19,1,3130.9,78,1
2031,2026-06-16 12:07:03+05:30,3130.4,1,3130.02,1961266,132111.0,202582.0,3163.0,3163.0,3108.0,3134.3,31922600,3447.7,2820.9,3839.9,2896.0,3130.0,38,6,3129.8,4,1,3129.7,1,1,3129.4,2,1,3129.3,21,1,3130.4,228,6,3130.5,200,1,3130.7,44,1,3130.8,19,1,3130.9,78,1
2031,2026-06-16 12:07:03+05:30,3130.4,1,3130.02,1961266,132111.0,202582.0,3163.0,3163.0,3108.0,3134.3,31922600,3447.7,2820.9,3839.9,2896.0,3130.0,38,6,3129.8,4,1,3129.7,1,1,3129.4,2,1,3129.3,21,1,3130.4,228,6,3130.5,200,1,3130.7,44,1,3130.8,19,1,3130.9,78,1
2031,2026-06-16 12:07:04+05:30,3130.4,1,3130.02,1961267,132144.0,202537.0,3163.0,3163.0,3108.0,3134.3,31922600,3447.7,2820.9,3839.9,2896.0,3130.0,38,6,3129.8,4,1,3129.7,1,1,3129.5,8,1,3129.4,2,1,3130.4,226,5,3130.5,200,1,3131.0,629,10,3131.1,462,5,3131.2,756,7
2031,2026-06-16 12:07:04+05:30,3130.4,1,3130.02,1961267,132144.0,202537.0,3163.0,3163.0,3108.0,3134.3,31922600,3447.7,2820.9,3839.9,2896.0,3130.0,38,6,3129.8,4,1,3129.7,1,1,3129.5,8,1,3129.4,2,1,3130.4,226,5,3130.5,200,1,3131.0,629,10,3131.1,462,5,3131.2,756,7
2031,2026-06-16 12:07:04+05:30,3130.4,1,3130.02,1961267,132144.0,202537.0,3163.0,3163.0,3108.0,3134.3,31922600,3447.7,2820.9,3839.9,2896.0,3130.0,38,6,3129.8,4,1,3129.7,1,1,3129.5,8,1,3129.4,2,1,3130.4,226,5,3130.5,200,1,3131.0,629,10,3131.1,462,5,3131.2,756,7
2031,2026-06-16 12:07:05+05:30,3130.4,1,3130.02,1961267,132144.0,202537.0,3163.0,3163.0,3108.0,3134.3,31922600,3447.7,2820.9,3839.9,2896.0,3130.0,38,6,3129.8,4,1,3129.7,1,1,3129.5,8,1,3129.4,2,1,3130.4,226,5,3130.5,200,1,3131.0,629,10,3131.1,462,5,3131.2,756,7
2031,2026-06-16 12:07:05+05:30,3130.4,1,3130.02,1961267,132095.0,202698.0,3163.0,3163.0,3108.0,3134.3,31922600,3447.7,2820.9,3839.9,2896.0,3130.0,38,6,3129.8,4,1,3129.7,1,1,3129.5,8,1,3129.4,2,1,3130.2,200,1,3130.4,226,5,3130.5,200,1,3130.9,78,1,3131.0,551,9
2031,2026-06-16 12:07:05+05:30,3130.4,1,3130.02,1961267,132095.0,202698.0,3163.0,3163.0,3108.0,3134.3,31922600,3447.7,2820.9,3839.9,2896.0,3130.0,38,6,3129.8,4,1,3129.7,1,1,3129.5,8,1,3129.4,2,1,3130.2,200,1,3130.4,226,5,3130.5,200,1,3130.9,78,1,3131.0,551,9
2031,2026-06-16 12:07:06+05:30,3130.4,1,3130.02,1961267,132095.0,202698.0,3163.0,3163.0,3108.0,3134.3,31922600,3447.7,2820.9,3839.9,2896.0,3130.0,33,6,3129.8,4,1,3129.7,1,1,3129.5,11,1,3129.4,237,3,3130.1,1,1,3130.2,227,3,3130.4,198,2,3130.5,200,1,3131.0,551,9
2031,2026-06-16 12:07:06+05:30,3130.0,5,3130.02,1961272,132288.0,202260.0,3163.0,3163.0,3108.0,3134.3,31922600,3447.7,2820.9,3839.9,2896.0,3130.0,33,6,3129.8,4,1,3129.7,1,1,3129.5,11,1,3129.4,237,3,3130.1,1,1,3130.2,227,3,3130.4,198,2,3130.5,200,1,3131.0,551,9
2031,2026-06-16 12:07:06+05:30,3130.0,5,3130.02,1961272,132288.0,202260.0,3163.0,3163.0,3108.0,3134.3,31922600,3447.7,2820.9,3839.9,2896.0,3130.0,33,6,3129.8,4,1,3129.7,1,1,3129.5,11,1,3129.4,237,3,3130.1,1,1,3130.2,227,3,3130.4,198,2,3130.5,200,1,3131.0,551,9
2031,2026-06-16 12:07:06+05:30,3130.0,5,3130.02,1961272,132288.0,202260.0,3163.0,3163.0,3108.0,3134.3,31922600,3447.7,2820.9,3839.9,2896.0,3130.0,33,6,3129.8,4,1,3129.7,1,1,3129.5,11,1,3129.4,237,3,3130.1,1,1,3130.2,227,3,3130.4,198,2,3130.5,200,1,3131.0,551,9
2031,2026-06-16 12:07:07+05:30,3129.7,1,3130.02,1961676,131236.0,202183.0,3163.0,3163.0,3108.0,3134.3,31922600,3447.7,2820.9,3839.9,2896.0,3130.0,9,4,3129.8,19,1,3129.7,29,2,3129.5,25,2,3129.4,45,4,3130.2,301,4,3130.4,364,3,3130.5,203,2,3131.0,371,9,3131.1,416,3
2031,2026-06-16 12:07:07+05:30,3129.7,1,3130.02,1961676,131236.0,202183.0,3163.0,3163.0,3108.0,3134.3,31922600,3447.7,2820.9,3839.9,2896.0,3130.0,9,4,3129.8,19,1,3129.7,29,2,3129.5,25,2,3129.4,45,4,3130.2,301,4,3130.4,364,3,3130.5,203,2,3131.0,371,9,3131.1,416,3
2031,2026-06-16 12:07:07+05:30,3129.7,1,3130.02,1961676,131236.0,202183.0,3163.0,3163.0,3108.0,3134.3,31922600,3447.7,2820.9,3839.9,2896.0,3130.0,9,4,3129.8,19,1,3129.7,29,2,3129.5,25,2,3129.4,45,4,3130.2,301,4,3130.4,364,3,3130.5,203,2,3131.0,371,9,3131.1,416,3
2031,2026-06-16 12:07:08+05:30,3130.0,2,3130.02,1961679,132054.0,202784.0,3163.0,3163.0,3108.0,3134.3,31922600,3447.7,2820.9,3839.9,2896.0,3130.0,58,5,3129.9,20,1,3129.7,18,2,3129.6,51,3,3129.5,27,3,3130.1,1,1,3130.2,300,4,3130.4,364,3,3130.5,200,1,3131.0,350,7
2031,2026-06-16 12:07:08+05:30,3130.0,2,3130.02,1961679,132054.0,202784.0,3163.0,3163.0,3108.0,3134.3,31922600,3447.7,2820.9,3839.9,2896.0,3130.0,58,5,3129.9,20,1,3129.7,18,2,3129.6,51,3,3129.5,27,3,3130.1,1,1,3130.2,300,4,3130.4,364,3,3130.5,200,1,3131.0,350,7
2031,2026-06-16 12:07:08+05:30,3130.0,2,3130.02,1961679,132054.0,202784.0,3163.0,3163.0,3108.0,3134.3,31922600,3447.7,2820.9,3839.9,2896.0,3130.0,58,5,3129.9,20,1,3129.7,18,2,3129.6,51,3,3129.5,27,3,3130.1,1,1,3130.2,300,4,3130.4,364,3,3130.5,200,1,3131.0,350,7
2031,2026-06-16 12:07:09+05:30,3130.0,2,3130.02,1961679,132054.0,202784.0,3163.0,3163.0,3108.0,3134.3,31922600,3447.7,2820.9,3839.9,2896.0,3130.0,58,5,3129.9,20,1,3129.7,18,2,3129.6,51,3,3129.5,27,3,3130.1,1,1,3130.2,300,4,3130.4,364,3,3130.5,200,1,3131.0,350,7
2031,2026-06-16 12:07:09+05:30,3130.0,1,3130.02,1961743,131981.0,202794.0,3163.0,3163.0,3108.0,3134.3,31922600,3447.7,2820.9,3839.9,2896.0,3130.0,6,3,3129.9,39,2,3129.7,16,2,3129.6,51,3,3129.5,12,2,3130.1,1,1,3130.2,300,4,3130.4,364,3,3130.5,200,1,3131.0,350,7
2031,2026-06-16 12:07:09+05:30,3130.0,1,3130.02,1961743,131981.0,202794.0,3163.0,3163.0,3108.0,3134.3,31922600,3447.7,2820.9,3839.9,2896.0,3130.0,6,3,3129.9,39,2,3129.7,16,2,3129.6,51,3,3129.5,12,2,3130.1,1,1,3130.2,300,4,3130.4,364,3,3130.5,200,1,3131.0,350,7
2031,2026-06-16 12:07:10+05:30,3130.0,1,3130.02,1961743,131981.0,202794.0,3163.0,3163.0,3108.0,3134.3,31922600,3447.7,2820.9,3839.9,2896.0,3130.0,6,3,3129.9,39,2,3129.7,16,2,3129.6,51,3,3129.5,12,2,3130.1,1,1,3130.2,300,4,3130.4,364,3,3130.5,200,1,3131.0,350,7
2031,2026-06-16 12:07:10+05:30,3130.1,1,3130.02,1961744,132078.0,202726.0,3163.0,3163.0,3108.0,3134.3,31922600,3447.7,2820.9,3839.9,2896.0,3130.0,16,4,3129.9,39,2,3129.7,16,2,3129.6,51,3,3129.5,12,2,3130.1,26,1,3130.2,274,3,3130.4,364,3,3130.5,200,1,3131.0,280,5
2031,2026-06-16 12:07:10+05:30,3130.1,1,3130.02,1961744,132078.0,202726.0,3163.0,3163.0,3108.0,3134.3,31922600,3447.7,2820.9,3839.9,2896.0,3130.0,16,4,3129.9,39,2,3129.7,16,2,3129.6,51,3,3129.5,12,2,3130.1,26,1,3130.2,274,3,3130.4,364,3,3130.5,200,1,3131.0,280,5
2031,2026-06-16 12:07:10+05:30,3130.1,1,3130.02,1961744,132078.0,202726.0,3163.0,3163.0,3108.0,3134.3,31922600,3447.7,2820.9,3839.9,2896.0,3130.0,16,4,3129.9,39,2,3129.7,16,2,3129.6,51,3,3129.5,12,2,3130.1,26,1,3130.2,274,3,3130.4,364,3,3130.5,200,1,3131.0,280,5
2031,2026-06-16 12:07:11+05:30,3130.0,1,3130.02,1961758,131753.0,202790.0,3163.0,3163.0,3108.0,3134.3,31922600,3447.7,2820.9,3839.9,2896.0,3130.0,8,4,3129.5,10,1,3129.4,86,5,3129.3,44,3,3129.2,99,4,3130.1,27,2,3130.2,273,2,3130.4,364,3,3130.5,200,1,3131.0,358,6
2031,2026-06-16 12:07:11+05:30,3130.0,1,3130.02,1961758,131753.0,202790.0,3163.0,3163.0,3108.0,3134.3,31922600,3447.7,2820.9,3839.9,2896.0,3130.0,8,4,3129.5,10,1,3129.4,86,5,3129.3,44,3,3129.2,99,4,3130.1,27,2,3130.2,273,2,3130.4,364,3,3130.5,200,1,3131.0,358,6
2031,2026-06-16 12:07:11+05:30,3130.0,1,3130.02,1961758,131753.0,202790.0,3163.0,3163.0,3108.0,3134.3,31921400,3447.7,2820.9,3839.9,2896.0,3130.0,8,4,3129.5,10,1,3129.4,86,5,3129.3,44,3,3129.2,99,4,3130.1,27,2,3130.2,273,2,3130.4,364,3,3130.5,200,1,3131.0,358,6
2031,2026-06-16 12:07:12+05:30,3130.1,1,3130.02,1961759,131959.0,202533.0,3163.0,3163.0,3108.0,3134.3,31921400,3447.7,2820.9,3839.9,2896.0,3130.0,10,5,3129.8,20,1,3129.7,7,1,3129.6,19,1,3129.5,10,1,3130.1,26,2,3130.2,273,2,3130.4,364,3,3130.5,200,1,3130.9,78,1
2031,2026-06-16 12:07:12+05:30,3130.1,1,3130.02,1961759,131959.0,202533.0,3163.0,3163.0,3108.0,3134.3,31921400,3447.7,2820.9,3839.9,2896.0,3130.0,10,5,3129.8,20,1,3129.7,7,1,3129.6,19,1,3129.5,10,1,3130.1,26,2,3130.2,273,2,3130.4,364,3,3130.5,200,1,3130.9,78,1
2031,2026-06-16 12:07:13+05:30,3130.1,1,3130.02,1961759,131966.0,202742.0,3163.0,3163.0,3108.0,3134.3,31921400,3447.7,2820.9,3839.9,2896.0,3130.0,10,5,3129.9,19,1,3129.8,20,1,3129.7,7,1,3129.6,19,1,3130.1,26,2,3130.2,273,2,3130.4,364,3,3130.5,200,1,3130.9,78,1
2031,2026-06-16 12:07:14+05:30,3130.0,2,3130.02,1961761,131963.0,202756.0,3163.0,3163.0,3108.0,3134.3,31921400,3447.7,2820.9,3839.9,2896.0,3130.0,8,4,3129.8,20,1,3129.6,19,1,3129.5,20,2,3129.4,74,4,3130.1,27,3,3130.2,273,2,3130.4,363,2,3130.5,200,1,3131.0,280,5
2031,2026-06-16 12:07:14+05:30,3130.0,2,3130.02,1961761,131963.0,202756.0,3163.0,3163.0,3108.0,3134.3,31921400,3447.7,2820.9,3839.9,2896.0,3130.0,8,4,3129.8,20,1,3129.6,19,1,3129.5,20,2,3129.4,74,4,3130.1,27,3,3130.2,273,2,3130.4,363,2,3130.5,200,1,3131.0,280,5
2031,2026-06-16 12:07:15+05:30,3130.0,2,3130.02,1961761,131980.0,202774.0,3163.0,3163.0,3108.0,3134.3,31921400,3447.7,2820.9,3839.9,2896.0,3130.0,9,5,3129.8,20,1,3129.6,19,1,3129.5,20,2,3129.4,74,4,3130.1,31,4,3130.2,273,2,3130.4,363,2,3130.5,200,1,3131.0,358,6
2031,2026-06-16 12:07:16+05:30,3130.0,1,3130.02,1962024,131785.0,203318.0,3163.0,3163.0,3108.0,3134.3,31921400,3447.7,2820.9,3839.9,2896.0,3129.7,20,1,3129.5,9,1,3129.4,26,4,3129.3,44,3,3129.2,7,1,3130.0,194,1,3130.1,26,4,3130.2,273,2,3130.4,363,2,3130.5,200,1
2031,2026-06-16 12:07:16+05:30,3130.0,9,3130.02,1962024,131785.0,203318.0,3163.0,3163.0,3108.0,3134.3,31921400,3447.7,2820.9,3839.9,2896.0,3129.7,20,1,3129.5,9,1,3129.4,26,4,3129.3,44,3,3129.2,7,1,3130.0,194,1,3130.1,26,4,3130.2,273,2,3130.4,363,2,3130.5,200,1
2031,2026-06-16 12:07:17+05:30,3130.0,1,3130.02,1962050,131862.0,202792.0,3163.0,3163.0,3108.0,3134.3,31921400,3447.7,2820.9,3839.9,2896.0,3129.4,24,5,3129.3,41,3,3129.2,7,1,3129.1,113,6,3129.0,103,4,3130.0,191,4,3130.1,1,1,3130.2,273,2,3130.4,363,2,3130.5,222,2
2031,2026-06-16 12:07:17+05:30,3130.0,1,3130.02,1962050,131862.0,202792.0,3163.0,3163.0,3108.0,3134.3,31921400,3447.7,2820.9,3839.9,2896.0,3129.4,24,5,3129.3,41,3,3129.2,7,1,3129.1,113,6,3129.0,103,4,3130.0,191,4,3130.1,1,1,3130.2,273,2,3130.4,363,2,3130.5,222,2
2031,2026-06-16 12:07:18+05:30,3129.4,1,3130.02,1962051,131851.0,202897.0,3163.0,3163.0,3108.0,3134.3,31921400,3447.7,2820.9,3839.9,2896.0,3129.4,17,3,3129.3,10,1,3129.2,7,1,3129.1,44,4,3129.0,121,4,3130.0,288,6,3130.1,1,1,3130.2,273,2,3130.4,363,2,3130.5,222,2
2031,2026-06-16 12:07:18+05:30,3129.4,1,3130.02,1962051,131851.0,202897.0,3163.0,3163.0,3108.0,3134.3,31921400,3447.7,2820.9,3839.9,2896.0,3129.4,17,3,3129.3,10,1,3129.2,7,1,3129.1,44,4,3129.0,121,4,3130.0,288,6,3130.1,1,1,3130.2,273,2,3130.4,363,2,3130.5,222,2
2031,2026-06-16 12:07:19+05:30,3130.0,100,3130.02,1962051,131851.0,202897.0,3163.0,3163.0,3108.0,3134.3,31921400,3447.7,2820.9,3839.9,2896.0,3129.4,17,3,3129.3,10,1,3129.2,7,1,3129.1,44,4,3129.0,121,4,3130.0,288,6,3130.1,1,1,3130.2,273,2,3130.4,363,2,3130.5,222,2
2031,2026-06-16 12:07:19+05:30,3130.5,200,3130.02,1963398,132587.0,198167.0,3163.0,3163.0,3108.0,3134.3,31921400,3447.7,2820.9,3839.9,2896.0,3130.3,22,2,3130.2,18,2,3130.1,42,3,3130.0,62,4,3129.9,8,1,3131.0,22,3,3131.2,200,1,3131.6,21,1,3131.7,2,1,3131.8,21,2
2031,2026-06-16 12:07:20+05:30,3131.0,2,3130.02,1963398,132587.0,198167.0,3163.0,3163.0,3108.0,3134.3,31921400,3447.7,2820.9,3839.9,2896.0,3130.3,22,2,3130.2,18,2,3130.1,42,3,3130.0,62,4,3129.9,8,1,3131.0,22,3,3131.2,200,1,3131.6,21,1,3131.7,2,1,3131.8,21,2
2031,2026-06-16 12:07:20+05:30,3130.3,11,3130.02,1963619,134202.0,199767.0,3163.0,3163.0,3108.0,3134.3,31921400,3447.7,2820.9,3839.9,2896.0,3130.6,4,1,3130.3,47,1,3130.0,31,3,3129.9,100,3,3129.8,72,3,3131.0,91,4,3131.7,2,1,3131.8,40,3,3131.9,60,2,3132.0,169,7
2031,2026-06-16 12:07:21+05:30,3131.0,14,3130.02,1963619,134202.0,199767.0,3163.0,3163.0,3108.0,3134.3,31921400,3447.7,2820.9,3839.9,2896.0,3130.6,4,1,3130.3,47,1,3130.0,31,3,3129.9,100,3,3129.8,72,3,3131.0,91,4,3131.7,2,1,3131.8,40,3,3131.9,60,2,3132.0,169,7
2031,2026-06-16 12:07:21+05:30,3130.6,4,3130.02,1963678,134511.0,199905.0,3163.0,3163.0,3108.0,3134.3,31921400,3447.7,2820.9,3839.9,2896.0,3130.6,4,1,3130.3,47,1,3130.2,62,2,3130.0,31,3,3129.9,182,5,3131.0,36,1,3131.7,2,1,3131.8,40,3,3131.9,118,3,3132.0,166,7
2031,2026-06-16 12:07:22+05:30,3130.6,4,3130.02,1963678,134511.0,199905.0,3163.0,3163.0,3108.0,3134.3,31921400,3447.7,2820.9,3839.9,2896.0,3130.6,4,1,3130.3,47,1,3130.2,62,2,3130.0,31,3,3129.9,182,5,3131.0,36,1,3131.7,2,1,3131.8,40,3,3131.9,118,3,3132.0,166,7
2031,2026-06-16 12:07:22+05:30,3131.0,1,3130.02,1963680,134574.0,199511.0,3163.0,3163.0,3108.0,3134.3,31921400,3447.7,2820.9,3839.9,2896.0,3130.6,62,2,3130.3,47,1,3130.2,59,2,3130.1,49,3,3130.0,96,5,3131.0,35,2,3131.7,2,1,3131.8,40,3,3131.9,118,3,3132.0,166,7
2031,2026-06-16 12:07:23+05:30,3130.6,26,3130.02,1963680,134574.0,199511.0,3163.0,3163.0,3108.0,3134.3,31921400,3447.7,2820.9,3839.9,2896.0,3130.6,62,2,3130.3,47,1,3130.2,59,2,3130.1,49,3,3130.0,96,5,3131.0,35,2,3131.7,2,1,3131.8,40,3,3131.9,118,3,3132.0,166,7
2031,2026-06-16 12:07:23+05:30,3130.6,26,3130.02,1963768,133466.0,199694.0,3163.0,3163.0,3108.0,3134.3,31921400,3447.7,2820.9,3839.9,2896.0,3130.3,49,2,3130.2,35,2,3130.1,8,1,3130.0,21,3,3129.9,88,3,3130.5,24,1,3131.0,66,3,3131.6,21,1,3131.7,64,3,3131.8,107,5
2031,2026-06-16 12:07:24+05:30,3130.3,11,3130.02,1963779,133520.0,199889.0,3163.0,3163.0,3108.0,3134.3,31921400,3447.7,2820.9,3839.9,2896.0,3130.3,38,2,3130.2,35,2,3130.0,21,3,3129.9,88,3,3129.8,35,3,3130.5,24,1,3131.0,66,3,3131.6,21,1,3131.7,64,3,3131.8,107,5
2031,2026-06-16 12:07:25+05:30,3130.3,11,3130.02,1963779,133520.0,199889.0,3163.0,3163.0,3108.0,3134.3,31921400,3447.7,2820.9,3839.9,2896.0,3130.3,38,2,3130.2,35,2,3130.0,21,3,3129.9,88,3,3129.8,35,3,3130.5,24,1,3131.0,66,3,3131.6,21,1,3131.7,64,3,3131.8,107,5
2031,2026-06-16 12:07:25+05:30,3130.3,11,3130.02,1963779,133455.0,199717.0,3163.0,3163.0,3108.0,3134.3,31921400,3447.7,2820.9,3839.9,2896.0,3130.3,38,2,3130.2,15,1,3130.0,21,3,3129.9,68,2,3129.8,35,3,3130.5,25,2,3131.0,66,3,3131.6,21,1,3131.7,122,4,3131.8,107,5
2031,2026-06-16 12:07:26+05:30,3130.5,2,3130.02,1963779,133455.0,199717.0,3163.0,3163.0,3108.0,3134.3,31921400,3447.7,2820.9,3839.9,2896.0,3130.3,38,2,3130.2,15,1,3130.0,21,3,3129.9,68,2,3129.8,35,3,3130.5,25,2,3131.0,66,3,3131.6,21,1,3131.7,122,4,3131.8,107,5
2031,2026-06-16 12:07:26+05:30,3130.5,2,3130.02,1963944,133370.0,199686.0,3163.0,3163.0,3108.0,3134.3,31921400,3447.7,2820.9,3839.9,2896.0,3130.3,38,2,3130.0,2,1,3129.9,88,3,3129.8,35,3,3129.7,59,2,3130.5,48,1,3131.0,66,3,3131.6,25,2,3131.7,64,3,3131.8,44,4
2031,2026-06-16 12:07:27+05:30,3130.3,3,3130.02,1963944,133370.0,199686.0,3163.0,3163.0,3108.0,3134.3,31921400,3447.7,2820.9,3839.9,2896.0,3130.3,38,2,3130.0,2,1,3129.9,88,3,3129.8,35,3,3129.7,59,2,3130.5,48,1,3131.0,66,3,3131.6,25,2,3131.7,64,3,3131.8,44,4
2031,2026-06-16 12:07:27+05:30,3130.5,1,3130.02,1963987,133300.0,199736.0,3163.0,3163.0,3108.0,3134.3,31921400,3447.7,2820.9,3839.9,2896.0,3130.3,2,1,3129.9,68,2,3129.8,13,2,3129.7,22,1,3129.6,124,4,3130.5,47,1,3131.0,66,3,3131.6,25,2,3131.7,122,4,3131.8,122,5
2031,2026-06-16 12:07:28+05:30,3130.3,10,3130.02,1963987,133300.0,199736.0,3163.0,3163.0,3108.0,3134.3,31921400,3447.7,2820.9,3839.9,2896.0,3130.3,2,1,3129.9,68,2,3129.8,13,2,3129.7,22,1,3129.6,124,4,3130.5,47,1,3131.0,66,3,3131.6,25,2,3131.7,122,4,3131.8,122,5
2031,2026-06-16 12:07:28+05:30,3130.3,10,3130.02,1963997,133308.0,200101.0,3163.0,3163.0,3108.0,3134.3,31921400,3447.7,2820.9,3839.9,2896.0,3130.2,15,1,3129.9,58,1,3129.8,13,2,3129.7,59,2,3129.6,118,4,3130.5,72,2,3131.0,66,3,3131.4,21,1,3131.6,25,2,3131.7,122,4
2031,2026-06-16 12:07:29+05:30,3130.2,13,3130.02,1963997,133308.0,200101.0,3163.0,3163.0,3108.0,3134.3,31921400,3447.7,2820.9,3839.9,2896.0,3130.2,15,1,3129.9,58,1,3129.8,13,2,3129.7,59,2,3129.6,118,4,3130.5,72,2,3131.0,66,3,3131.4,21,1,3131.6,25,2,3131.7,122,4
2031,2026-06-16 12:07:29+05:30,3130.2,13,3130.02,1964011,132727.0,200182.0,3163.0,3163.0,3108.0,3134.3,31921400,3447.7,2820.9,3839.9,2896.0,3129.8,67,5,3129.7,11,1,3129.6,92,3,3129.5,203,2,3129.4,81,4,3130.5,73,3,3131.0,66,3,3131.2,21,1,3131.4,79,2,3131.5,9,1
2031,2026-06-16 12:07:30+05:30,3130.2,1,3130.02,1964013,132945.0,199965.0,3163.0,3163.0,3108.0,3134.3,31921400,3447.7,2820.9,3839.9,2896.0,3130.2,16,6,3130.1,7,1,3130.0,27,4,3129.9,68,4,3129.8,60,6,3130.5,71,2,3131.0,66,3,3131.2,21,1,3131.4,79,2,3131.5,9,1
2031,2026-06-16 12:07:31+05:30,3130.2,4,3130.02,1964013,132945.0,199965.0,3163.0,3163.0,3108.0,3134.3,31921400,3447.7,2820.9,3839.9,2896.0,3130.2,16,6,3130.1,7,1,3130.0,27,4,3129.9,68,4,3129.8,60,6,3130.5,71,2,3131.0,66,3,3131.2,21,1,3131.4,79,2,3131.5,9,1
2031,2026-06-16 12:07:31+05:30,3130.2,4,3130.02,1964027,133028.0,199929.0,3163.0,3163.0,3108.0,3134.3,31921400,3447.7,2820.9,3839.9,2896.0,3130.2,18,6,3130.1,19,2,3130.0,51,5,3129.9,50,3,3129.8,44,5,3130.5,61,2,3131.0,66,3,3131.4,21,1,3131.5,9,1,3131.6,25,2
2031,2026-06-16 12:07:32+05:30,3130.5,31,3130.02,1964027,133028.0,199929.0,3163.0,3163.0,3108.0,3134.3,31921400,3447.7,2820.9,3839.9,2896.0,3130.2,18,6,3130.1,19,2,3130.0,51,5,3129.9,50,3,3129.8,44,5,3130.5,61,2,3131.0,66,3,3131.4,21,1,3131.5,9,1,3131.6,25,2
2031,2026-06-16 12:07:32+05:30,3130.5,31,3130.02,1964058,133192.0,199907.0,3163.0,3163.0,3108.0,3134.3,31921400,3447.7,2820.9,3839.9,2896.0,3130.2,38,8,3130.1,39,3,3130.0,81,6,3129.9,50,3,3129.8,44,5,3130.5,30,2,3131.0,66,3,3131.4,21,1,3131.5,9,1,3131.6,25,2
2031,2026-06-16 12:07:33+05:30,3130.5,1,3130.02,1964058,133192.0,199907.0,3163.0,3163.0,3108.0,3134.3,31921400,3447.7,2820.9,3839.9,2896.0,3130.2,38,8,3130.1,39,3,3130.0,81,6,3129.9,50,3,3129.8,44,5,3130.5,30,2,3131.0,66,3,3131.4,21,1,3131.5,9,1,3131.6,25,2
2031,2026-06-16 12:07:33+05:30,3130.5,1,3130.02,1964059,133181.0,200160.0,3163.0,3163.0,3108.0,3134.3,31921400,3447.7,2820.9,3839.9,2896.0,3130.2,25,5,3130.1,19,2,3130.0,85,6,3129.9,50,3,3129.8,44,5,3130.5,96,5,3131.0,31,1,3131.4,21,1,3131.5,9,1,3131.6,25,2
2031,2026-06-16 12:07:34+05:30,3130.2,1,3130.02,1964059,133181.0,200160.0,3163.0,3163.0,3108.0,3134.3,31921400,3447.7,2820.9,3839.9,2896.0,3130.2,25,5,3130.1,19,2,3130.0,85,6,3129.9,50,3,3129.8,44,5,3130.5,96,5,3131.0,31,1,3131.4,21,1,3131.5,9,1,3131.6,25,2
2031,2026-06-16 12:07:34+05:30,3130.5,63,3130.02,1964219,133219.0,200062.0,3163.0,3163.0,3108.0,3134.3,31921400,3447.7,2820.9,3839.9,2896.0,3130.2,10,4,3130.1,19,2,3130.0,101,7,3129.9,50,3,3129.8,44,5,3130.5,52,2,3131.0,31,1,3131.4,21,1,3131.5,67,2,3131.6,25,2
2031,2026-06-16 12:07:35+05:30,3130.2,5,3130.02,1964219,133219.0,200062.0,3163.0,3163.0,3108.0,3134.3,31921400,3447.7,2820.9,3839.9,2896.0,3130.2,10,4,3130.1,19,2,3130.0,101,7,3129.9,50,3,3129.8,44,5,3130.5,52,2,3131.0,31,1,3131.4,21,1,3131.5,67,2,3131.6,25,2
2031,2026-06-16 12:07:35+05:30,3130.1,19,3130.02,1964270,132555.0,199788.0,3163.0,3163.0,3108.0,3134.3,31921400,3447.7,2820.9,3839.9,2896.0,3130.1,2,1,3130.0,82,5,3129.9,10,2,3129.8,32,4,3129.7,11,1,3130.2,35,1,3130.5,40,1,3131.0,31,1,3131.2,22,1,3131.4,30,2
2031,2026-06-16 12:07:36+05:30,3130.2,4,3130.02,1964270,132555.0,199788.0,3163.0,3163.0,3108.0,3134.3,31921400,3447.7,2820.9,3839.9,2896.0,3130.1,2,1,3130.0,82,5,3129.9,10,2,3129.8,32,4,3129.7,11,1,3130.2,35,1,3130.5,40,1,3131.0,31,1,3131.2,22,1,3131.4,30,2
2031,2026-06-16 12:07:36+05:30,3130.2,26,3130.02,1964383,132907.0,200233.0,3163.0,3163.0,3108.0,3134.3,31921400,3447.7,2820.9,3839.9,2896.0,3130.2,18,1,3130.1,29,3,3130.0,55,4,3129.9,19,1,3129.8,39,5,3130.5,40,1,3131.4,139,4,3131.5,67,2,3131.6,25,2,3131.7,219,6
2031,2026-06-16 12:07:37+05:30,3130.0,24,3130.02,1964383,132907.0,200233.0,3163.0,3163.0,3108.0,3134.3,31921400,3447.7,2820.9,3839.9,2896.0,3130.2,18,1,3130.1,29,3,3130.0,55,4,3129.9,19,1,3129.8,39,5,3130.5,40,1,3131.4,139,4,3131.5,67,2,3131.6,25,2,3131.7,219,6
2031,2026-06-16 12:07:37+05:30,3130.0,16,3130.02,1964577,132162.0,198386.0,3163.0,3163.0,3108.0,3134.3,31921400,3447.7,2820.9,3839.9,2896.0,3129.8,2,2,3129.6,20,1,3129.4,26,4,3129.3,37,3,3129.2,7,1,3130.0,90,1,3130.1,116,1,3130.5,71,3,3131.0,20,1,3131.2,80,2
2031,2026-06-16 12:07:38+05:30,3130.0,1,3130.02,1964577,132162.0,198386.0,3163.0,3163.0,3108.0,3134.3,31921400,3447.7,2820.9,3839.9,2896.0,3129.8,2,2,3129.6,20,1,3129.4,26,4,3129.3,37,3,3129.2,7,1,3130.0,90,1,3130.1,116,1,3130.5,71,3,3131.0,20,1,3131.2,80,2
2031,2026-06-16 12:07:38+05:30,3130.0,1,3130.02,1964594,132228.0,200230.0,3163.0,3163.0,3108.0,3134.3,31921400,3447.7,2820.9,3839.9,2896.0,3129.8,10,4,3129.6,19,1,3129.4,33,4,3129.3,98,5,3129.2,205,3,3130.0,73,1,3130.1,116,1,3130.5,71,3,3131.0,20,1,3131.2,80,2
2031,2026-06-16 12:07:40+05:30,3130.0,1,3130.02,1964594,132239.0,200237.0,3163.0,3163.0,3108.0,3134.3,31921400,3447.7,2820.9,3839.9,2896.0,3129.8,10,4,3129.6,19,1,3129.4,33,4,3129.3,98,5,3129.2,205,3,3130.0,73,1,3130.1,116,1,3130.5,71,3,3131.0,20,1,3131.2,80,2
2031,2026-06-16 12:07:40+05:30,3130.0,8,3130.02,1964594,132239.0,200237.0,3163.0,3163.0,3108.0,3134.3,31921400,3447.7,2820.9,3839.9,2896.0,3129.8,10,4,3129.6,19,1,3129.4,33,4,3129.3,98,5,3129.2,205,3,3130.0,73,1,3130.1,116,1,3130.5,71,3,3131.0,20,1,3131.2,80,2
2031,2026-06-16 12:07:41+05:30,3130.0,8,3130.02,1964602,132263.0,200233.0,3163.0,3163.0,3108.0,3134.3,31921400,3447.7,2820.9,3839.9,2896.0,3129.8,9,3,3129.6,19,1,3129.4,33,4,3129.3,98,5,3129.2,205,3,3130.0,65,1,3130.1,116,1,3130.5,71,3,3131.0,20,1,3131.2,80,2
2031,2026-06-16 12:07:42+05:30,3129.9,1,3130.02,1964608,132006.0,198840.0,3163.0,3163.0,3108.0,3134.3,31921400,3447.7,2820.9,3839.9,2896.0,3129.8,4,2,3129.4,1,1,3129.1,24,2,3129.0,37,2,3128.9,23,2,3129.9,115,1,3130.0,90,2,3130.4,19,1,3130.5,119,6,3130.6,48,1
2031,2026-06-16 12:07:42+05:30,3129.9,1,3130.02,1964608,132006.0,198840.0,3163.0,3163.0,3108.0,3134.3,31921400,3447.7,2820.9,3839.9,2896.0,3129.8,4,2,3129.4,1,1,3129.1,24,2,3129.0,37,2,3128.9,23,2,3129.9,115,1,3130.0,90,2,3130.4,19,1,3130.5,119,6,3130.6,48,1
2031,2026-06-16 12:07:43+05:30,3129.9,1,3130.02,1964608,131990.0,201537.0,3163.0,3163.0,3108.0,3134.3,31921400,3447.7,2820.9,3839.9,2896.0,3129.8,19,3,3129.4,1,1,3129.1,4,1,3129.0,17,1,3128.9,206,3,3129.9,140,2,3130.0,65,1,3130.5,132,6,3130.6,48,1,3130.8,64,2
2031,2026-06-16 12:07:44+05:30,3130.0,1,3130.02,1964749,132034.0,200866.0,3163.0,3163.0,3108.0,3134.3,31921400,3447.7,2820.9,3839.9,2896.0,3129.8,4,2,3129.4,1,1,3129.1,23,2,3129.0,264,4,3128.9,79,4,3130.0,64,1,3130.5,92,4,3130.8,19,1,3130.9,58,1,3131.0,94,4
2031,2026-06-16 12:07:44+05:30,3130.0,1,3130.02,1964749,132034.0,200866.0,3163.0,3163.0,3108.0,3134.3,31921400,3447.7,2820.9,3839.9,2896.0,3129.8,4,2,3129.4,1,1,3129.1,23,2,3129.0,264,4,3128.9,79,4,3130.0,64,1,3130.5,92,4,3130.8,19,1,3130.9,58,1,3131.0,94,4
2031,2026-06-16 12:07:45+05:30,3130.0,1,3130.02,1964749,132060.0,201476.0,3163.0,3163.0,3108.0,3134.3,31921400,3447.7,2820.9,3839.9,2896.0,3129.8,19,4,3129.4,20,2,3129.1,23,2,3129.0,283,5,3128.9,79,4,3130.0,64,1,3130.5,92,4,3130.8,19,1,3130.9,58,1,3131.0,94,4
2031,2026-06-16 12:07:46+05:30,3130.0,1,3130.02,1964749,132706.0,198330.0,3163.0,3163.0,3108.0,3134.3,31921400,3447.7,2820.9,3839.9,2896.0,3129.9,2,2,3129.8,97,8,3129.7,10,2,3129.5,16,2,3129.4,20,2,3130.0,64,1,3130.5,71,3,3131.0,70,2,3131.1,19,1,3131.2,80,2
2031,2026-06-16 12:07:47+05:30,3130.0,2,3130.02,1964751,132808.0,198380.0,3163.0,3163.0,3108.0,3134.3,31921400,3447.7,2820.9,3839.9,2896.0,3129.9,2,2,3129.8,97,8,3129.7,10,2,3129.5,16,2,3129.4,20,2,3130.0,62,1,3130.5,71,3,3131.0,70,2,3131.1,19,1,3131.2,80,2
2031,2026-06-16 12:07:47+05:30,3130.0,2,3130.02,1964751,132808.0,198380.0,3163.0,3163.0,3108.0,3134.3,31921400,3447.7,2820.9,3839.9,2896.0,3129.9,2,2,3129.8,97,8,3129.7,10,2,3129.5,16,2,3129.4,20,2,3130.0,62,1,3130.5,71,3,3131.0,70,2,3131.1,19,1,3131.2,80,2
2031,2026-06-16 12:07:48+05:30,3130.0,2,3130.02,1964751,132859.0,198383.0,3163.0,3163.0,3108.0,3134.3,31921400,3447.7,2820.9,3839.9,2896.0,3129.9,51,5,3129.8,75,6,3129.7,10,2,3129.6,19,1,3129.5,16,2,3130.0,62,1,3130.5,69,2,3131.0,70,2,3131.1,19,1,3131.2,80,2
2031,2026-06-16 12:07:49+05:30,3130.0,1,3130.02,1964751,132859.0,198383.0,3163.0,3163.0,3108.0,3134.3,31921400,3447.7,2820.9,3839.9,2896.0,3129.9,51,5,3129.8,75,6,3129.7,10,2,3129.6,19,1,3129.5,16,2,3130.0,62,1,3130.5,69,2,3131.0,70,2,3131.1,19,1,3131.2,80,2
2031,2026-06-16 12:07:49+05:30,3130.0,1,3130.02,1964753,132904.0,198392.0,3163.0,3163.0,3108.0,3134.3,31921400,3447.7,2820.9,3839.9,2896.0,3129.9,49,4,3129.8,78,7,3129.7,29,3,3129.6,57,2,3129.5,16,2,3130.0,74,2,3130.5,71,3,3131.0,70,2,3131.2,80,2,3131.4,80,3
2031,2026-06-16 12:07:50+05:30,3129.9,37,3130.02,1964753,132904.0,198392.0,3163.0,3163.0,3108.0,3134.3,31921400,3447.7,2820.9,3839.9,2896.0,3129.9,49,4,3129.8,78,7,3129.7,29,3,3129.6,57,2,3129.5,16,2,3130.0,74,2,3130.5,71,3,3131.0,70,2,3131.2,80,2,3131.4,80,3
2031,2026-06-16 12:07:50+05:30,3130.0,41,3130.02,1964907,132781.0,200646.0,3163.0,3163.0,3108.0,3134.3,31921400,3447.7,2820.9,3839.9,2896.0,3130.0,15,1,3129.9,4,3,3129.8,75,6,3129.5,30,1,3129.4,1,1,3130.5,42,2,3131.0,50,1,3131.1,56,2,3131.2,119,3,3131.4,69,4
2031,2026-06-16 12:07:51+05:30,3130.0,41,3130.02,1964907,132781.0,200646.0,3163.0,3163.0,3108.0,3134.3,31921400,3447.7,2820.9,3839.9,2896.0,3130.0,15,1,3129.9,4,3,3129.8,75,6,3129.5,30,1,3129.4,1,1,3130.5,42,2,3131.0,50,1,3131.1,56,2,3131.2,119,3,3131.4,69,4
2031,2026-06-16 12:07:51+05:30,3130.0,41,3130.02,1964907,132742.0,200725.0,3163.0,3163.0,3108.0,3134.3,31921400,3447.7,2820.9,3839.9,2896.0,3129.9,4,3,3129.8,75,6,3129.5,30,1,3129.4,1,1,3129.3,99,4,3130.5,70,3,3131.0,50,1,3131.1,56,2,3131.2,119,3,3131.4,69,4
2031,2026-06-16 12:07:52+05:30,3130.0,41,3130.02,1964907,132714.0,200749.0,3163.0,3163.0,3108.0,3134.3,31921400,3447.7,2820.9,3839.9,2896.0,3130.0,2,1,3129.9,4,3,3129.8,75,6,3129.5,30,1,3129.4,1,1,3130.5,70,3,3131.0,50,1,3131.1,56,2,3131.2,119,3,3131.4,147,5
2031,2026-06-16 12:07:53+05:30,3130.0,2,3130.02,1964907,132714.0,200749.0,3163.0,3163.0,3108.0,3134.3,31921400,3447.7,2820.9,3839.9,2896.0,3130.0,2,1,3129.9,4,3,3129.8,75,6,3129.5,30,1,3129.4,1,1,3130.5,70,3,3131.0,50,1,3131.1,56,2,3131.2,119,3,3131.4,147,5
2031,2026-06-16 12:07:53+05:30,3130.0,2,3130.02,1964907,132714.0,200749.0,3163.0,3163.0,3108.0,3134.3,31921400,3447.7,2820.9,3839.9,2896.0,3130.0,2,1,3129.9,4,3,3129.8,75,6,3129.5,30,1,3129.4,1,1,3130.5,70,3,3131.0,50,1,3131.1,56,2,3131.2,119,3,3131.4,147,5
2031,2026-06-16 12:07:53+05:30,3130.0,2,3130.02,1964911,132732.0,200843.0,3163.0,3163.0,3108.0,3134.3,31921400,3447.7,2820.9,3839.9,2896.0,3130.0,2,1,3129.9,4,3,3129.8,75,6,3129.5,30,1,3129.4,1,1,3130.5,75,5,3130.8,19,1,3130.9,41,1,3131.0,116,4,3131.1,58,2
2031,2026-06-16 12:07:54+05:30,3130.5,1,3130.02,1964911,132732.0,200843.0,3163.0,3163.0,3108.0,3134.3,31921400,3447.7,2820.9,3839.9,2896.0,3130.0,2,1,3129.9,4,3,3129.8,75,6,3129.5,30,1,3129.4,1,1,3130.5,75,5,3130.8,19,1,3130.9,41,1,3131.0,116,4,3131.1,58,2
2031,2026-06-16 12:07:54+05:30,3130.5,2,3130.02,1964917,132735.0,201080.0,3163.0,3163.0,3108.0,3134.3,31921400,3447.7,2820.9,3839.9,2896.0,3130.0,19,2,3129.9,4,3,3129.8,60,5,3129.5,30,1,3129.4,1,1,3130.5,73,6,3130.8,19,1,3130.9,41,1,3131.0,116,4,3131.1,97,3
2031,2026-06-16 12:07:55+05:30,3130.5,2,3130.02,1964917,132735.0,201080.0,3163.0,3163.0,3108.0,3134.3,31921400,3447.7,2820.9,3839.9,2896.0,3130.0,19,2,3129.9,4,3,3129.8,60,5,3129.5,30,1,3129.4,1,1,3130.5,73,6,3130.8,19,1,3130.9,41,1,3131.0,116,4,3131.1,97,3
2031,2026-06-16 12:07:55+05:30,3130.5,9,3130.02,1964917,132735.0,201080.0,3163.0,3163.0,3108.0,3134.3,31921400,3447.7,2820.9,3839.9,2896.0,3130.0,19,2,3129.9,4,3,3129.8,60,5,3129.5,30,1,3129.4,1,1,3130.5,73,6,3130.8,19,1,3130.9,41,1,3131.0,116,4,3131.1,97,3
2031,2026-06-16 12:07:55+05:30,3130.0,1,3130.02,1964928,132886.0,201215.0,3163.0,3163.0,3108.0,3134.3,31921400,3447.7,2820.9,3839.9,2896.0,3130.2,2,2,3130.0,18,2,3129.9,2,1,3129.8,59,4,3129.5,30,1,3130.5,82,5,3131.0,52,2,3131.1,79,3,3131.2,125,3,3131.3,8,1
2031,2026-06-16 12:07:56+05:30,3130.2,1,3130.02,1964928,132886.0,201215.0,3163.0,3163.0,3108.0,3134.3,31921400,3447.7,2820.9,3839.9,2896.0,3130.2,2,2,3130.0,18,2,3129.9,2,1,3129.8,59,4,3129.5,30,1,3130.5,82,5,3131.0,52,2,3131.1,79,3,3131.2,125,3,3131.3,8,1
2031,2026-06-16 12:07:56+05:30,3130.2,16,3130.02,1964947,132860.0,200776.0,3163.0,3163.0,3108.0,3134.3,31921400,3447.7,2820.9,3839.9,2896.0,3130.2,16,1,3130.0,1,1,3129.9,2,1,3129.8,59,4,3129.5,20,1,3130.5,84,6,3130.9,38,1,3131.0,100,2,3131.1,40,2,3131.2,103,2
2031,2026-06-16 12:07:57+05:30,3130.2,16,3130.02,1964947,132860.0,200776.0,3163.0,3163.0,3108.0,3134.3,31921400,3447.7,2820.9,3839.9,2896.0,3130.2,16,1,3130.0,1,1,3129.9,2,1,3129.8,59,4,3129.5,20,1,3130.5,84,6,3130.9,38,1,3131.0,100,2,3131.1,40,2,3131.2,103,2
2031,2026-06-16 12:07:57+05:30,3130.2,5,3130.02,1964947,132860.0,200776.0,3163.0,3163.0,3108.0,3134.3,31921400,3447.7,2820.9,3839.9,2896.0,3130.2,16,1,3130.0,1,1,3129.9,2,1,3129.8,59,4,3129.5,20,1,3130.5,84,6,3130.9,38,1,3131.0,100,2,3131.1,40,2,3131.2,103,2
2031,2026-06-16 12:07:57+05:30,3130.0,17,3130.02,1965169,132304.0,200979.0,3163.0,3163.0,3108.0,3134.3,31921400,3447.7,2820.9,3839.9,2896.0,3130.0,32,2,3129.8,45,3,3129.4,18,2,3129.3,21,1,3129.1,25,2,3130.5,84,6,3130.9,34,2,3131.0,165,4,3131.1,107,4,3131.2,124,3
2031,2026-06-16 12:07:58+05:30,3130.0,17,3130.02,1965169,132304.0,200979.0,3163.0,3163.0,3108.0,3134.3,31921400,3447.7,2820.9,3839.9,2896.0,3130.0,32,2,3129.8,45,3,3129.4,18,2,3129.3,21,1,3129.1,25,2,3130.5,84,6,3130.9,34,2,3131.0,165,4,3131.1,107,4,3131.2,124,3
2031,2026-06-16 12:07:58+05:30,3130.0,17,3130.02,1965250,132697.0,200872.0,3163.0,3163.0,3108.0,3134.3,31921400,3447.7,2820.9,3839.9,2896.0,3130.0,17,1,3129.8,45,3,3129.5,72,3,3129.4,15,2,3129.3,67,2,3130.2,50,1,3130.5,84,6,3131.0,107,3,3131.1,67,3,3131.2,225,7
2031,2026-06-16 12:07:59+05:30,3130.0,17,3130.02,1965250,132697.0,200872.0,3163.0,3163.0,3108.0,3134.3,31921400,3447.7,2820.9,3839.9,2896.0,3130.0,17,1,3129.8,45,3,3129.5,72,3,3129.4,15,2,3129.3,67,2,3130.2,50,1,3130.5,84,6,3131.0,107,3,3131.1,67,3,3131.2,225,7
2031,2026-06-16 12:07:59+05:30,3130.0,17,3130.02,1965250,132697.0,200872.0,3163.0,3163.0,3108.0,3134.3,31921400,3447.7,2820.9,3839.9,2896.0,3130.0,17,1,3129.8,45,3,3129.5,72,3,3129.4,15,2,3129.3,67,2,3130.2,50,1,3130.5,84,6,3131.0,107,3,3131.1,67,3,3131.2,225,7
2031,2026-06-16 12:07:59+05:30,3130.2,1,3130.02,1965287,132412.0,200908.0,3163.0,3163.0,3108.0,3134.3,31921400,3447.7,2820.9,3839.9,2896.0,3130.0,4,1,3129.8,45,3,3129.4,15,2,3129.3,21,1,3129.2,42,2,3130.2,75,3,3130.5,58,4,3131.0,186,5,3131.1,104,4,3131.2,167,5
2031,2026-06-16 12:08:00+05:30,3130.0,1,3130.02,1965287,132412.0,200908.0,3163.0,3163.0,3108.0,3134.3,31921400,3447.7,2820.9,3839.9,2896.0,3130.0,4,1,3129.8,45,3,3129.4,15,2,3129.3,21,1,3129.2,42,2,3130.2,75,3,3130.5,58,4,3131.0,186,5,3131.1,104,4,3131.2,167,5
2031,2026-06-16 12:08:00+05:30,3130.0,3,3130.02,1965328,132628.0,200818.0,3163.0,3163.0,3108.0,3134.3,31921400,3447.7,2820.9,3839.9,2896.0,3130.0,2,2,3129.8,45,3,3129.6,10,1,3129.4,15,2,3129.3,108,4,3130.2,76,4,3130.5,58,4,3131.0,107,3,3131.1,7,1,3131.2,85,3
2031,2026-06-16 12:08:01+05:30,3130.0,3,3130.02,1965328,132628.0,200818.0,3163.0,3163.0,3108.0,3134.3,31921400,3447.7,2820.9,3839.9,2896.0,3130.0,2,2,3129.8,45,3,3129.6,10,1,3129.4,15,2,3129.3,108,4,3130.2,76,4,3130.5,58,4,3131.0,107,3,3131.1,7,1,3131.2,85,3
2031,2026-06-16 12:08:01+05:30,3130.0,3,3130.02,1965328,132628.0,200818.0,3163.0,3163.0,3108.0,3134.3,31921400,3447.7,2820.9,3839.9,2896.0,3130.0,2,2,3129.8,45,3,3129.6,10,1,3129.4,15,2,3129.3,108,4,3130.2,76,4,3130.5,58,4,3131.0,107,3,3131.1,7,1,3131.2,85,3
2031,2026-06-16 12:08:01+05:30,3130.2,1,3130.02,1965329,132610.0,200821.0,3163.0,3163.0,3108.0,3134.3,31921400,3447.7,2820.9,3839.9,2896.0,3130.0,2,2,3129.8,45,3,3129.6,10,1,3129.4,15,2,3129.3,86,3,3130.2,75,4,3130.5,58,4,3131.0,107,3,3131.1,7,1,3131.2,85,3
2031,2026-06-16 12:08:02+05:30,3130.0,4,3130.02,1965329,132610.0,200821.0,3163.0,3163.0,3108.0,3134.3,31921400,3447.7,2820.9,3839.9,2896.0,3130.0,2,2,3129.8,45,3,3129.6,10,1,3129.4,15,2,3129.3,86,3,3130.2,75,4,3130.5,58,4,3131.0,107,3,3131.1,7,1,3131.2,85,3
2031,2026-06-16 12:08:02+05:30,3130.0,4,3130.02,1965329,132610.0,200821.0,3163.0,3163.0,3108.0,3134.3,31921400,3447.7,2820.9,3839.9,2896.0,3130.0,2,2,3129.8,45,3,3129.6,10,1,3129.4,15,2,3129.3,86,3,3130.2,75,4,3130.5,58,4,3131.0,107,3,3131.1,7,1,3131.2,85,3
2031,2026-06-16 12:08:02+05:30,3130.0,4,3130.02,1965340,132565.0,200820.0,3163.0,3163.0,3108.0,3134.3,31921400,3447.7,2820.9,3839.9,2896.0,3130.0,4,1,3129.8,52,4,3129.7,8,1,3129.4,34,3,3129.3,101,4,3130.2,75,4,3130.5,58,4,3131.0,107,3,3131.1,26,2,3131.2,64,2
2031,2026-06-16 12:08:03+05:30,3130.0,3,3130.02,1965340,132565.0,200820.0,3163.0,3163.0,3108.0,3134.3,31921400,3447.7,2820.9,3839.9,2896.0,3130.0,4,1,3129.8,52,4,3129.7,8,1,3129.4,34,3,3129.3,101,4,3130.2,75,4,3130.5,58,4,3131.0,107,3,3131.1,26,2,3131.2,64,2
2031,2026-06-16 12:08:04+05:30,3130.0,3,3130.02,1965343,132540.0,200839.0,3163.0,3163.0,3108.0,3134.3,31921400,3447.7,2820.9,3839.9,2896.0,3130.0,17,2,3129.8,45,3,3129.7,8,1,3129.6,10,1,3129.5,19,1,3130.2,76,5,3130.5,57,3,3131.0,107,3,3131.1,26,2,3131.2,64,2
2031,2026-06-16 12:08:04+05:30,3130.0,3,3130.02,1965343,132540.0,200839.0,3163.0,3163.0,3108.0,3134.3,31921400,3447.7,2820.9,3839.9,2896.0,3130.0,17,2,3129.8,45,3,3129.7,8,1,3129.6,10,1,3129.5,19,1,3130.2,76,5,3130.5,57,3,3131.0,107,3,3131.1,26,2,3131.2,64,2
2031,2026-06-16 12:08:05+05:30,3130.2,1,3130.02,1965344,132852.0,200788.0,3163.0,3163.0,3108.0,3134.3,31921400,3447.7,2820.9,3839.9,2896.0,3130.0,82,3,3129.8,45,3,3129.7,27,2,3129.6,10,1,3129.4,196,3,3130.2,111,6,3130.5,55,2,3131.0,107,3,3131.1,26,2,3131.2,64,2
2031,2026-06-16 12:08:05+05:30,3130.2,1,3130.02,1965344,132852.0,200788.0,3163.0,3163.0,3108.0,3134.3,31921400,3447.7,2820.9,3839.9,2896.0,3130.0,82,3,3129.8,45,3,3129.7,27,2,3129.6,10,1,3129.4,196,3,3130.2,111,6,3130.5,55,2,3131.0,107,3,3131.1,26,2,3131.2,64,2
2031,2026-06-16 12:08:05+05:30,3130.2,1,3130.02,1965344,132852.0,200788.0,3163.0,3163.0,3108.0,3134.3,31921400,3447.7,2820.9,3839.9,2896.0,3130.0,82,3,3129.8,45,3,3129.7,27,2,3129.6,10,1,3129.4,196,3,3130.2,111,6,3130.5,55,2,3131.0,107,3,3131.1,26,2,3131.2,64,2
2031,2026-06-16 12:08:06+05:30,3130.2,1,3130.02,1965344,132859.0,200799.0,3163.0,3163.0,3108.0,3134.3,31921400,3447.7,2820.9,3839.9,2896.0,3130.0,136,5,3129.8,45,3,3129.7,27,2,3129.6,46,3,3129.4,29,3,3130.2,111,6,3130.5,57,3,3131.0,107,3,3131.1,26,2,3131.2,64,2
2031,2026-06-16 12:08:06+05:30,3130.2,1,3130.02,1965344,132859.0,200799.0,3163.0,3163.0,3108.0,3134.3,31921400,3447.7,2820.9,3839.9,2896.0,3130.0,136,5,3129.8,45,3,3129.7,27,2,3129.6,46,3,3129.4,29,3,3130.2,111,6,3130.5,57,3,3131.0,107,3,3131.1,26,2,3131.2,64,2
2031,2026-06-16 12:08:07+05:30,3130.2,1,3130.02,1965344,132859.0,200806.0,3163.0,3163.0,3108.0,3134.3,31921400,3447.7,2820.9,3839.9,2896.0,3130.0,136,5,3129.8,45,3,3129.7,27,2,3129.6,46,3,3129.4,29,3,3130.2,111,6,3130.5,57,3,3131.0,107,3,3131.1,26,2,3131.2,64,2
2031,2026-06-16 12:08:07+05:30,3130.2,1,3130.02,1965344,132859.0,200806.0,3163.0,3163.0,3108.0,3134.3,31921400,3447.7,2820.9,3839.9,2896.0,3130.0,136,5,3129.8,45,3,3129.7,27,2,3129.6,46,3,3129.4,29,3,3130.2,111,6,3130.5,57,3,3131.0,107,3,3131.1,26,2,3131.2,64,2
2031,2026-06-16 12:08:08+05:30,3130.2,1,3130.02,1965344,132859.0,200806.0,3163.0,3163.0,3108.0,3134.3,31921400,3447.7,2820.9,3839.9,2896.0,3130.0,136,5,3129.8,45,3,3129.7,27,2,3129.6,46,3,3129.4,29,3,3130.2,111,6,3130.5,57,3,3131.0,107,3,3131.1,26,2,3131.2,64,2
2031,2026-06-16 12:08:08+05:30,3130.2,1,3130.02,1965344,132840.0,200816.0,3163.0,3163.0,3108.0,3134.3,31921400,3447.7,2820.9,3839.9,2896.0,3130.0,136,5,3129.8,45,3,3129.7,27,2,3129.6,10,1,3129.4,29,3,3130.2,111,6,3130.5,57,3,3131.0,107,3,3131.1,26,2,3131.2,64,2
2031,2026-06-16 12:08:08+05:30,3130.1,1,3130.02,1965344,132840.0,200816.0,3163.0,3163.0,3108.0,3134.3,31921400,3447.7,2820.9,3839.9,2896.0,3130.0,136,5,3129.8,45,3,3129.7,27,2,3129.6,10,1,3129.4,29,3,3130.2,111,6,3130.5,57,3,3131.0,107,3,3131.1,26,2,3131.2,64,2
2031,2026-06-16 12:08:08+05:30,3130.1,1,3130.02,1965344,132840.0,200816.0,3163.0,3163.0,3108.0,3134.3,31921400,3447.7,2820.9,3839.9,2896.0,3130.0,136,5,3129.8,45,3,3129.7,27,2,3129.6,10,1,3129.4,29,3,3130.2,111,6,3130.5,57,3,3131.0,107,3,3131.1,26,2,3131.2,64,2
2031,2026-06-16 12:08:09+05:30,3130.2,17,3130.02,1965528,132918.0,200500.0,3163.0,3163.0,3108.0,3134.3,31921400,3447.7,2820.9,3839.9,2896.0,3130.0,127,5,3129.8,75,4,3129.7,19,1,3129.6,34,2,3129.5,33,2,3130.2,2,1,3130.5,55,2,3131.0,107,3,3131.1,26,2,3131.2,6,1
2031,2026-06-16 12:08:09+05:30,3130.2,17,3130.02,1965528,132918.0,200500.0,3163.0,3163.0,3108.0,3134.3,31921400,3447.7,2820.9,3839.9,2896.0,3130.0,127,5,3129.8,75,4,3129.7,19,1,3129.6,34,2,3129.5,33,2,3130.2,2,1,3130.5,55,2,3131.0,107,3,3131.1,26,2,3131.2,6,1
2031,2026-06-16 12:08:09+05:30,3130.2,17,3130.02,1965528,132918.0,200500.0,3163.0,3163.0,3108.0,3134.3,31921400,3447.7,2820.9,3839.9,2896.0,3130.0,127,5,3129.8,75,4,3129.7,19,1,3129.6,34,2,3129.5,33,2,3130.2,2,1,3130.5,55,2,3131.0,107,3,3131.1,26,2,3131.2,6,1
2031,2026-06-16 12:08:10+05:30,3130.2,1,3130.02,1965529,132899.0,200504.0,3163.0,3163.0,3108.0,3134.3,31921400,3447.7,2820.9,3839.9,2896.0,3130.0,144,6,3129.8,75,4,3129.7,19,1,3129.6,44,3,3129.5,33,2,3130.2,1,1,3130.5,55,2,3131.0,107,3,3131.1,26,2,3131.2,6,1
2031,2026-06-16 12:08:10+05:30,3130.2,1,3130.02,1965529,132899.0,200504.0,3163.0,3163.0,3108.0,3134.3,31921400,3447.7,2820.9,3839.9,2896.0,3130.0,144,6,3129.8,75,4,3129.7,19,1,3129.6,44,3,3129.5,33,2,3130.2,1,1,3130.5,55,2,3131.0,107,3,3131.1,26,2,3131.2,6,1
2031,2026-06-16 12:08:10+05:30,3130.2,1,3130.02,1965529,132899.0,200504.0,3163.0,3163.0,3108.0,3134.3,31921400,3447.7,2820.9,3839.9,2896.0,3130.0,144,6,3129.8,75,4,3129.7,19,1,3129.6,44,3,3129.5,33,2,3130.2,1,1,3130.5,55,2,3131.0,107,3,3131.1,26,2,3131.2,6,1
2031,2026-06-16 12:08:11+05:30,3130.2,1,3130.02,1965529,132899.0,200504.0,3163.0,3163.0,3108.0,3134.3,31921400,3447.7,2820.9,3839.9,2896.0,3130.0,144,6,3129.8,75,4,3129.7,19,1,3129.6,44,3,3129.5,33,2,3130.2,1,1,3130.5,55,2,3131.0,107,3,3131.1,26,2,3131.2,6,1
2031,2026-06-16 12:08:11+05:30,3130.0,39,3130.02,1965529,132899.0,200504.0,3163.0,3163.0,3108.0,3134.3,31921400,3447.7,2820.9,3839.9,2896.0,3130.0,144,6,3129.8,75,4,3129.7,19,1,3129.6,44,3,3129.5,33,2,3130.2,1,1,3130.5,55,2,3131.0,107,3,3131.1,26,2,3131.2,6,1
2031,2026-06-16 12:08:11+05:30,3130.0,39,3130.02,1965571,132924.0,200518.0,3163.0,3163.0,3108.0,3134.3,31921400,3447.7,2820.9,3839.9,2896.0,3130.0,104,6,3129.8,75,4,3129.7,19,1,3129.6,34,2,3129.5,12,1,3130.2,1,1,3130.5,55,2,3131.0,107,3,3131.1,26,2,3131.2,6,1
2031,2026-06-16 12:08:12+05:30,3130.0,39,3130.02,1965571,132924.0,200518.0,3163.0,3163.0,3108.0,3134.3,31922000,3447.7,2820.9,3839.9,2896.0,3130.0,104,6,3129.8,75,4,3129.7,19,1,3129.6,34,2,3129.5,12,1,3130.2,1,1,3130.5,55,2,3131.0,107,3,3131.1,26,2,3131.2,6,1
2031,2026-06-16 12:08:12+05:30,3130.0,39,3130.02,1965571,132932.0,200480.0,3163.0,3163.0,3108.0,3134.3,31922000,3447.7,2820.9,3839.9,2896.0,3130.0,106,7,3129.8,75,4,3129.7,19,1,3129.6,34,2,3129.5,33,2,3130.2,1,1,3130.5,55,2,3131.0,107,3,3131.1,26,2,3131.2,6,1
2031,2026-06-16 12:08:13+05:30,3130.2,17,3130.02,1965571,132932.0,200480.0,3163.0,3163.0,3108.0,3134.3,31922000,3447.7,2820.9,3839.9,2896.0,3130.0,106,7,3129.8,75,4,3129.7,19,1,3129.6,34,2,3129.5,33,2,3130.2,1,1,3130.5,55,2,3131.0,107,3,3131.1,26,2,3131.2,6,1
2031,2026-06-16 12:08:13+05:30,3130.2,17,3130.02,1965600,132922.0,200672.0,3163.0,3163.0,3108.0,3134.3,31922000,3447.7,2820.9,3839.9,2896.0,3130.0,95,7,3129.8,45,3,3129.7,19,1,3129.6,34,2,3129.5,12,1,3130.2,33,1,3130.5,55,2,3131.0,107,3,3131.1,7,1,3131.2,6,1
2031,2026-06-16 12:08:14+05:30,3130.0,1,3130.02,1965600,132922.0,200672.0,3163.0,3163.0,3108.0,3134.3,31922000,3447.7,2820.9,3839.9,2896.0,3130.0,95,7,3129.8,45,3,3129.7,19,1,3129.6,34,2,3129.5,12,1,3130.2,33,1,3130.5,55,2,3131.0,107,3,3131.1,7,1,3131.2,6,1
2031,2026-06-16 12:08:14+05:30,3130.0,1,3130.02,1965601,132916.0,200487.0,3163.0,3163.0,3108.0,3134.3,31922000,3447.7,2820.9,3839.9,2896.0,3130.0,81,6,3129.8,45,3,3129.7,19,1,3129.6,10,1,3129.5,12,1,3130.2,33,1,3130.5,55,2,3131.0,107,3,3131.1,7,1,3131.2,6,1
2031,2026-06-16 12:08:15+05:30,3130.0,2,3130.02,1965601,132916.0,200487.0,3163.0,3163.0,3108.0,3134.3,31922000,3447.7,2820.9,3839.9,2896.0,3130.0,81,6,3129.8,45,3,3129.7,19,1,3129.6,10,1,3129.5,12,1,3130.2,33,1,3130.5,55,2,3131.0,107,3,3131.1,7,1,3131.2,6,1
2031,2026-06-16 12:08:15+05:30,3130.2,1,3130.02,1965759,132845.0,200511.0,3163.0,3163.0,3108.0,3134.3,31922000,3447.7,2820.9,3839.9,2896.0,3130.1,2,2,3130.0,73,8,3129.8,45,3,3129.7,19,1,3129.6,46,3,3130.2,48,1,3130.5,29,2,3131.0,107,3,3131.1,7,1,3131.2,6,1
2031,2026-06-16 12:08:16+05:30,3130.2,13,3130.02,1965759,132845.0,200511.0,3163.0,3163.0,3108.0,3134.3,31922000,3447.7,2820.9,3839.9,2896.0,3130.1,2,2,3130.0,73,8,3129.8,45,3,3129.7,19,1,3129.6,46,3,3130.2,48,1,3130.5,29,2,3131.0,107,3,3131.1,7,1,3131.2,6,1
2031,2026-06-16 12:08:16+05:30,3130.0,21,3130.02,1965798,132580.0,200534.0,3163.0,3163.0,3108.0,3134.3,31922000,3447.7,2820.9,3839.9,2896.0,3130.0,52,8,3129.8,45,3,3129.6,10,1,3129.5,42,2,3129.4,29,3,3130.2,35,1,3130.5,27,1,3131.0,165,4,3131.1,26,2,3131.2,37,2
2031,2026-06-16 12:08:17+05:30,3130.0,2,3130.02,1965798,132580.0,200534.0,3163.0,3163.0,3108.0,3134.3,31922000,3447.7,2820.9,3839.9,2896.0,3130.0,52,8,3129.8,45,3,3129.6,10,1,3129.5,42,2,3129.4,29,3,3130.2,35,1,3130.5,27,1,3131.0,165,4,3131.1,26,2,3131.2,37,2
2031,2026-06-16 12:08:17+05:30,3130.0,2,3130.02,1965808,132419.0,200543.0,3163.0,3163.0,3108.0,3134.3,31922000,3447.7,2820.9,3839.9,2896.0,3130.0,42,7,3129.8,45,3,3129.6,10,1,3129.5,12,1,3129.4,29,3,3130.2,77,2,3130.5,29,2,3130.8,19,1,3131.0,184,5,3131.1,7,1
2031,2026-06-16 12:08:18+05:30,3130.2,17,3130.02,1965808,132419.0,200543.0,3163.0,3163.0,3108.0,3134.3,31922000,3447.7,2820.9,3839.9,2896.0,3130.0,42,7,3129.8,45,3,3129.6,10,1,3129.5,12,1,3129.4,29,3,3130.2,77,2,3130.5,29,2,3130.8,19,1,3131.0,184,5,3131.1,7,1
2031,2026-06-16 12:08:18+05:30,3130.0,3,3130.02,1965828,132579.0,200535.0,3163.0,3163.0,3108.0,3134.3,31922000,3447.7,2820.9,3839.9,2896.0,3130.0,39,7,3129.8,45,3,3129.6,10,1,3129.5,42,2,3129.4,15,2,3130.1,1,1,3130.2,61,3,3130.5,27,1,3131.0,184,5,3131.1,41,2
2031,2026-06-16 12:08:19+05:30,3130.0,5,3130.02,1965828,132579.0,200535.0,3163.0,3163.0,3108.0,3134.3,31922000,3447.7,2820.9,3839.9,2896.0,3130.0,39,7,3129.8,45,3,3129.6,10,1,3129.5,42,2,3129.4,15,2,3130.1,1,1,3130.2,61,3,3130.5,27,1,3131.0,184,5,3131.1,41,2
2031,2026-06-16 12:08:19+05:30,3130.0,5,3130.02,1966033,132522.0,200596.0,3163.0,3163.0,3108.0,3134.3,31922000,3447.7,2820.9,3839.9,2896.0,3130.0,33,6,3129.8,45,3,3129.4,1,1,3129.3,36,2,3129.2,17,1,3130.1,1,1,3130.2,61,3,3130.5,27,1,3130.9,34,1,3131.0,205,6
2031,2026-06-16 12:08:20+05:30,3130.1,1,3130.02,1966033,132522.0,200596.0,3163.0,3163.0,3108.0,3134.3,31922000,3447.7,2820.9,3839.9,2896.0,3130.0,33,6,3129.8,45,3,3129.4,1,1,3129.3,36,2,3129.2,17,1,3130.1,1,1,3130.2,61,3,3130.5,27,1,3130.9,34,1,3131.0,205,6
2031,2026-06-16 12:08:20+05:30,3130.1,1,3130.02,1966083,132529.0,200377.0,3163.0,3163.0,3108.0,3134.3,31922000,3447.7,2820.9,3839.9,2896.0,3130.0,27,5,3129.8,45,3,3129.4,1,1,3129.3,36,2,3129.2,17,1,3130.1,1,1,3130.2,151,4,3130.4,17,1,3130.5,61,2,3130.7,70,3
2031,2026-06-16 12:08:21+05:30,3130.2,1,3130.02,1966083,132529.0,200377.0,3163.0,3163.0,3108.0,3134.3,31922000,3447.7,2820.9,3839.9,2896.0,3130.0,27,5,3129.8,45,3,3129.4,1,1,3129.3,36,2,3129.2,17,1,3130.1,1,1,3130.2,151,4,3130.4,17,1,3130.5,61,2,3130.7,70,3
2031,2026-06-16 12:08:21+05:30,3130.2,1,3130.02,1966135,132599.0,200421.0,3163.0,3163.0,3108.0,3134.3,31922000,3447.7,2820.9,3839.9,2896.0,3130.0,59,6,3129.8,45,3,3129.4,1,1,3129.3,36,2,3129.2,61,2,3130.2,140,2,3130.5,29,2,3130.7,30,1,3130.9,75,3,3131.0,205,6
2031,2026-06-16 12:08:22+05:30,3130.2,17,3130.02,1966152,132505.0,200463.0,3163.0,3163.0,3108.0,3134.3,31922000,3447.7,2820.9,3839.9,2896.0,3130.0,59,6,3129.8,45,3,3129.4,1,1,3129.3,76,3,3129.2,17,1,3130.1,12,1,3130.2,149,4,3130.5,29,2,3130.7,30,1,3130.9,96,4
2031,2026-06-16 12:08:23+05:30,3130.2,17,3130.02,1966152,132505.0,200463.0,3163.0,3163.0,3108.0,3134.3,31922000,3447.7,2820.9,3839.9,2896.0,3130.0,59,6,3129.8,45,3,3129.4,1,1,3129.3,76,3,3129.2,17,1,3130.1,12,1,3130.2,149,4,3130.5,29,2,3130.7,30,1,3130.9,96,4
2031,2026-06-16 12:08:23+05:30,3130.2,22,3130.02,1966323,132542.0,200383.0,3163.0,3163.0,3108.0,3134.3,31922000,3447.7,2820.9,3839.9,2896.0,3130.0,26,4,3129.8,45,3,3129.4,1,1,3129.3,76,3,3129.2,17,1,3130.2,53,2,3130.5,27,1,3130.7,49,2,3130.9,108,4,3131.0,205,6
2031,2026-06-16 12:08:24+05:30,3130.0,4,3130.02,1966323,132542.0,200383.0,3163.0,3163.0,3108.0,3134.3,31922000,3447.7,2820.9,3839.9,2896.0,3130.0,26,4,3129.8,45,3,3129.4,1,1,3129.3,76,3,3129.2,17,1,3130.2,53,2,3130.5,27,1,3130.7,49,2,3130.9,108,4,3131.0,205,6
2031,2026-06-16 12:08:24+05:30,3130.0,1,3130.02,1966354,132792.0,200467.0,3163.0,3163.0,3108.0,3134.3,31922000,3447.7,2820.9,3839.9,2896.0,3130.0,60,5,3129.8,45,3,3129.4,1,1,3129.3,76,3,3129.2,17,1,3130.2,53,2,3130.5,27,1,3130.9,127,5,3131.0,165,4,3131.1,76,3
2031,2026-06-16 12:08:25+05:30,3130.2,2,3130.02,1966354,132792.0,200467.0,3163.0,3163.0,3108.0,3134.3,31922000,3447.7,2820.9,3839.9,2896.0,3130.0,60,5,3129.8,45,3,3129.4,1,1,3129.3,76,3,3129.2,17,1,3130.2,53,2,3130.5,27,1,3130.9,127,5,3131.0,165,4,3131.1,76,3
2031,2026-06-16 12:08:26+05:30,3130.0,8,3130.02,1966364,132778.0,200500.0,3163.0,3163.0,3108.0,3134.3,31922000,3447.7,2820.9,3839.9,2896.0,3130.0,62,5,3129.8,45,3,3129.4,1,1,3129.3,76,3,3129.2,17,1,3130.2,93,3,3130.5,27,1,3130.9,127,5,3131.0,165,4,3131.1,76,3
2031,2026-06-16 12:08:26+05:30,3130.2,1,3130.02,1966364,132778.0,200500.0,3163.0,3163.0,3108.0,3134.3,31922000,3447.7,2820.9,3839.9,2896.0,3130.0,62,5,3129.8,45,3,3129.4,1,1,3129.3,76,3,3129.2,17,1,3130.2,93,3,3130.5,27,1,3130.9,127,5,3131.0,165,4,3131.1,76,3
2031,2026-06-16 12:08:27+05:30,3130.2,1,3130.02,1966365,132787.0,200556.0,3163.0,3163.0,3108.0,3134.3,31922000,3447.7,2820.9,3839.9,2896.0,3130.0,83,7,3129.8,45,3,3129.4,1,1,3129.3,95,4,3129.2,63,3,3130.2,153,4,3130.5,27,1,3130.9,94,4,3131.0,165,4,3131.1,109,4
2031,2026-06-16 12:08:28+05:30,3130.2,1,3130.02,1966383,132793.0,200553.0,3163.0,3163.0,3108.0,3134.3,31922000,3447.7,2820.9,3839.9,2896.0,3130.0,83,7,3129.8,45,3,3129.4,1,1,3129.3,95,4,3129.2,63,3,3130.2,135,4,3130.5,27,1,3130.9,94,4,3131.0,165,4,3131.1,109,4
2031,2026-06-16 12:08:28+05:30,3130.2,1,3130.02,1966383,132793.0,200553.0,3163.0,3163.0,3108.0,3134.3,31922000,3447.7,2820.9,3839.9,2896.0,3130.0,83,7,3129.8,45,3,3129.4,1,1,3129.3,95,4,3129.2,63,3,3130.2,135,4,3130.5,27,1,3130.9,94,4,3131.0,165,4,3131.1,109,4
2031,2026-06-16 12:08:29+05:30,3130.2,1,3130.02,1966383,132793.0,200549.0,3163.0,3163.0,3108.0,3134.3,31922000,3447.7,2820.9,3839.9,2896.0,3130.0,83,7,3129.8,45,3,3129.4,1,1,3129.3,95,4,3129.2,63,3,3130.2,135,4,3130.5,27,1,3130.9,94,4,3131.0,165,4,3131.1,109,4
2031,2026-06-16 12:08:30+05:30,3130.2,1,3130.02,1966383,132798.0,200561.0,3163.0,3163.0,3108.0,3134.3,31922000,3447.7,2820.9,3839.9,2896.0,3130.0,89,9,3129.8,45,3,3129.4,1,1,3129.3,95,4,3129.2,63,3,3130.2,136,5,3130.5,27,1,3130.9,94,4,3131.0,165,4,3131.1,109,4
2031,2026-06-16 12:08:31+05:30,3130.2,1,3130.02,1966383,132861.0,200785.0,3163.0,3163.0,3108.0,3134.3,31922000,3447.7,2820.9,3839.9,2896.0,3130.1,2,2,3130.0,89,9,3129.8,45,3,3129.6,19,1,3129.4,20,2,3130.2,136,5,3130.5,27,1,3130.9,36,2,3131.0,165,4,3131.1,40,2
2031,2026-06-16 12:08:32+05:30,3130.1,1,3130.02,1966383,132861.0,200785.0,3163.0,3163.0,3108.0,3134.3,31922000,3447.7,2820.9,3839.9,2896.0,3130.1,2,2,3130.0,89,9,3129.8,45,3,3129.6,19,1,3129.4,20,2,3130.2,136,5,3130.5,27,1,3130.9,36,2,3131.0,165,4,3131.1,40,2
2031,2026-06-16 12:08:32+05:30,3130.1,1,3130.02,1966563,132850.0,200748.0,3163.0,3163.0,3108.0,3134.3,31922000,3447.7,2820.9,3839.9,2896.0,3130.1,2,2,3130.0,71,8,3129.8,45,3,3129.6,19,1,3129.4,20,2,3130.2,15,2,3130.5,29,2,3130.9,36,2,3131.0,165,4,3131.1,59,3
2031,2026-06-16 12:08:33+05:30,3130.0,7,3130.02,1966563,132850.0,200748.0,3163.0,3163.0,3108.0,3134.3,31922000,3447.7,2820.9,3839.9,2896.0,3130.1,2,2,3130.0,71,8,3129.8,45,3,3129.6,19,1,3129.4,20,2,3130.2,15,2,3130.5,29,2,3130.9,36,2,3131.0,165,4,3131.1,59,3
2031,2026-06-16 12:08:33+05:30,3130.0,7,3130.02,1966615,132823.0,200474.0,3163.0,3163.0,3108.0,3134.3,31922000,3447.7,2820.9,3839.9,2896.0,3130.0,64,8,3129.8,45,3,3129.5,63,2,3129.4,20,2,3129.3,76,3,3130.2,15,2,3130.5,27,1,3130.8,19,1,3130.9,36,2,3131.0,126,4
2031,2026-06-16 12:08:34+05:30,3130.2,1,3130.02,1966615,132823.0,200474.0,3163.0,3163.0,3108.0,3134.3,31922000,3447.7,2820.9,3839.9,2896.0,3130.0,64,8,3129.8,45,3,3129.5,63,2,3129.4,20,2,3129.3,76,3,3130.2,15,2,3130.5,27,1,3130.8,19,1,3130.9,36,2,3131.0,126,4
2031,2026-06-16 12:08:34+05:30,3130.2,1,3130.02,1966622,132751.0,200271.0,3163.0,3163.0,3108.0,3134.3,31922000,3447.7,2820.9,3839.9,2896.0,3130.0,86,10,3129.9,41,2,3129.8,99,7,3129.7,8,1,3129.6,50,3,3130.2,10,2,3130.5,29,2,3130.9,34,1,3131.0,107,3,3131.1,7,1
2031,2026-06-16 12:08:35+05:30,3130.2,1,3130.02,1966622,132751.0,200271.0,3163.0,3163.0,3108.0,3134.3,31922000,3447.7,2820.9,3839.9,2896.0,3130.0,86,10,3129.9,41,2,3129.8,99,7,3129.7,8,1,3129.6,50,3,3130.2,10,2,3130.5,29,2,3130.9,34,1,3131.0,107,3,3131.1,7,1
2031,2026-06-16 12:08:35+05:30,3130.2,1,3130.02,1966623,132880.0,200269.0,3163.0,3163.0,3108.0,3134.3,31922000,3447.7,2820.9,3839.9,2896.0,3130.1,15,1,3130.0,116,13,3129.8,118,8,3129.7,31,2,3129.6,50,3,3130.2,9,2,3130.5,29,2,3130.9,34,1,3131.0,107,3,3131.1,7,1
2031,2026-06-16 12:08:36+05:30,3130.2,6,3130.02,1966623,132880.0,200269.0,3163.0,3163.0,3108.0,3134.3,31922000,3447.7,2820.9,3839.9,2896.0,3130.1,15,1,3130.0,116,13,3129.8,118,8,3129.7,31,2,3129.6,50,3,3130.2,9,2,3130.5,29,2,3130.9,34,1,3131.0,107,3,3131.1,7,1
2031,2026-06-16 12:08:36+05:30,3130.1,1,3130.02,1966740,132998.0,200444.0,3163.0,3163.0,3108.0,3134.3,31922000,3447.7,2820.9,3839.9,2896.0,3130.0,120,13,3129.9,10,1,3129.8,99,7,3129.7,31,3,3129.6,242,5,3130.5,27,1,3131.0,100,2,3131.5,15,1,3131.6,96,3,3131.7,260,3
2031,2026-06-16 12:08:37+05:30,3130.5,1,3130.02,1966740,132998.0,200444.0,3163.0,3163.0,3108.0,3134.3,31922000,3447.7,2820.9,3839.9,2896.0,3130.0,120,13,3129.9,10,1,3129.8,99,7,3129.7,31,3,3129.6,242,5,3130.5,27,1,3131.0,100,2,3131.5,15,1,3131.6,96,3,3131.7,260,3
2031,2026-06-16 12:08:37+05:30,3130.5,1,3130.02,1966741,132996.0,200308.0,3163.0,3163.0,3108.0,3134.3,31922000,3447.7,2820.9,3839.9,2896.0,3130.2,16,1,3130.0,99,10,3129.8,99,7,3129.7,10,2,3129.6,88,5,3130.5,44,2,3131.0,100,2,3131.5,34,2,3131.6,96,3,3131.7,265,4
2031,2026-06-16 12:08:38+05:30,3130.5,1,3130.02,1966741,133042.0,200492.0,3163.0,3163.0,3108.0,3134.3,31922000,3447.7,2820.9,3839.9,2896.0,3130.2,17,2,3130.0,81,9,3129.8,99,7,3129.7,10,2,3129.6,67,4,3130.5,44,2,3131.0,100,2,3131.5,34,2,3131.6,96,3,3131.7,265,4
2031,2026-06-16 12:08:39+05:30,3130.5,1,3130.02,1966741,133037.0,200491.0,3163.0,3163.0,3108.0,3134.3,31922000,3447.7,2820.9,3839.9,2896.0,3130.2,17,2,3130.0,81,9,3129.8,99,7,3129.7,10,2,3129.6,67,4,3130.5,44,2,3131.0,100,2,3131.5,34,2,3131.6,96,3,3131.7,260,3
2031,2026-06-16 12:08:40+05:30,3130.5,8,3130.02,1966741,133037.0,200491.0,3163.0,3163.0,3108.0,3134.3,31922000,3447.7,2820.9,3839.9,2896.0,3130.2,17,2,3130.0,81,9,3129.8,99,7,3129.7,10,2,3129.6,67,4,3130.5,44,2,3131.0,100,2,3131.5,34,2,3131.6,96,3,3131.7,260,3
2031,2026-06-16 12:08:40+05:30,3130.5,1,3130.02,1966750,133042.0,200492.0,3163.0,3163.0,3108.0,3134.3,31922000,3447.7,2820.9,3839.9,2896.0,3130.2,17,2,3130.0,80,8,3129.8,99,7,3129.7,10,2,3129.6,67,4,3130.5,35,2,3131.0,100,2,3131.5,34,2,3131.6,96,3,3131.7,260,3
2031,2026-06-16 12:08:41+05:30,3130.5,1,3130.02,1966750,133042.0,200492.0,3163.0,3163.0,3108.0,3134.3,31922000,3447.7,2820.9,3839.9,2896.0,3130.2,17,2,3130.0,80,8,3129.8,99,7,3129.7,10,2,3129.6,67,4,3130.5,35,2,3131.0,100,2,3131.5,34,2,3131.6,96,3,3131.7,260,3
2031,2026-06-16 12:08:41+05:30,3130.5,1,3130.02,1966873,133523.0,200574.0,3163.0,3163.0,3108.0,3134.3,31922000,3447.7,2820.9,3839.9,2896.0,3130.3,22,2,3130.2,44,5,3130.1,29,2,3130.0,129,11,3129.9,192,2,3131.0,100,2,3131.5,15,1,3131.6,17,1,3131.7,260,3,3131.8,21,2
2031,2026-06-16 12:08:42+05:30,3130.3,6,3130.02,1966873,133523.0,200574.0,3163.0,3163.0,3108.0,3134.3,31922000,3447.7,2820.9,3839.9,2896.0,3130.3,22,2,3130.2,44,5,3130.1,29,2,3130.0,129,11,3129.9,192,2,3131.0,100,2,3131.5,15,1,3131.6,17,1,3131.7,260,3,3131.8,21,2
2031,2026-06-16 12:08:42+05:30,3130.2,101,3130.02,1967089,132758.0,200409.0,3163.0,3163.0,3108.0,3134.3,31922000,3447.7,2820.9,3839.9,2896.0,3130.0,80,8,3129.8,73,6,3129.7,8,1,3129.6,218,4,3129.5,108,5,3130.2,6,1,3131.0,99,2,3131.4,78,2,3131.5,15,1,3131.6,101,3
2031,2026-06-16 12:08:43+05:30,3130.0,6,3130.02,1967089,132758.0,200409.0,3163.0,3163.0,3108.0,3134.3,31922000,3447.7,2820.9,3839.9,2896.0,3130.0,80,8,3129.8,73,6,3129.7,8,1,3129.6,218,4,3129.5,108,5,3130.2,6,1,3131.0,99,2,3131.4,78,2,3131.5,15,1,3131.6,101,3
2031,2026-06-16 12:08:43+05:30,3130.0,1,3130.02,1967129,132786.0,200624.0,3163.0,3163.0,3108.0,3134.3,31922000,3447.7,2820.9,3839.9,2896.0,3130.0,45,6,3129.8,45,3,3129.7,8,1,3129.6,44,3,3129.5,95,5,3130.2,7,2,3131.0,99,2,3131.4,78,2,3131.5,93,2,3131.6,301,4
2031,2026-06-16 12:08:44+05:30,3130.0,1,3130.02,1967129,132786.0,200624.0,3163.0,3163.0,3108.0,3134.3,31922000,3447.7,2820.9,3839.9,2896.0,3130.0,45,6,3129.8,45,3,3129.7,8,1,3129.6,44,3,3129.5,95,5,3130.2,7,2,3131.0,99,2,3131.4,78,2,3131.5,93,2,3131.6,301,4
2031,2026-06-16 12:08:45+05:30,3130.0,1,3130.02,1967129,132725.0,200634.0,3163.0,3163.0,3108.0,3134.3,31922000,3447.7,2820.9,3839.9,2896.0,3130.0,63,7,3129.8,45,3,3129.7,24,2,3129.6,44,3,3129.5,95,5,3130.2,46,3,3131.0,99,2,3131.4,78,2,3131.5,15,1,3131.6,179,4
2031,2026-06-16 12:08:45+05:30,3130.0,3,3130.02,1967129,132725.0,200634.0,3163.0,3163.0,3108.0,3134.3,31922000,3447.7,2820.9,3839.9,2896.0,3130.0,63,7,3129.8,45,3,3129.7,24,2,3129.6,44,3,3129.5,95,5,3130.2,46,3,3131.0,99,2,3131.4,78,2,3131.5,15,1,3131.6,179,4
2031,2026-06-16 12:08:46+05:30,3130.1,1,3130.02,1967145,132760.0,200652.0,3163.0,3163.0,3108.0,3134.3,31922000,3447.7,2820.9,3839.9,2896.0,3130.1,6,2,3130.0,52,7,3129.8,90,6,3129.7,8,1,3129.6,63,4,3130.2,46,3,3131.0,99,2,3131.4,97,3,3131.5,15,1,3131.6,198,5
2031,2026-06-16 12:08:46+05:30,3130.1,1,3130.02,1967145,132760.0,200652.0,3163.0,3163.0,3108.0,3134.3,31922000,3447.7,2820.9,3839.9,2896.0,3130.1,6,2,3130.0,52,7,3129.8,90,6,3129.7,8,1,3129.6,63,4,3130.2,46,3,3131.0,99,2,3131.4,97,3,3131.5,15,1,3131.6,198,5
2031,2026-06-16 12:08:47+05:30,3130.1,1,3130.02,1967145,132753.0,200666.0,3163.0,3163.0,3108.0,3134.3,31922000,3447.7,2820.9,3839.9,2896.0,3130.1,6,2,3130.0,52,7,3129.8,71,5,3129.7,8,1,3129.6,63,4,3130.2,47,4,3131.0,99,2,3131.4,97,3,3131.5,15,1,3131.6,204,6
2031,2026-06-16 12:08:47+05:30,3130.2,1,3130.02,1967145,132753.0,200666.0,3163.0,3163.0,3108.0,3134.3,31922000,3447.7,2820.9,3839.9,2896.0,3130.1,6,2,3130.0,52,7,3129.8,71,5,3129.7,8,1,3129.6,63,4,3130.2,47,4,3131.0,99,2,3131.4,97,3,3131.5,15,1,3131.6,204,6
2031,2026-06-16 12:08:48+05:30,3130.0,1,3130.02,1967347,132735.0,200715.0,3163.0,3163.0,3108.0,3134.3,31922000,3447.7,2820.9,3839.9,2896.0,3130.0,43,5,3129.9,19,1,3129.8,45,3,3129.6,19,1,3129.5,21,1,3130.2,71,5,3131.0,99,2,3131.1,67,2,3131.4,207,6,3131.5,15,1
2031,2026-06-16 12:08:48+05:30,3130.0,1,3130.02,1967347,132735.0,200715.0,3163.0,3163.0,3108.0,3134.3,31922000,3447.7,2820.9,3839.9,2896.0,3130.0,43,5,3129.9,19,1,3129.8,45,3,3129.6,19,1,3129.5,21,1,3130.2,71,5,3131.0,99,2,3131.1,67,2,3131.4,207,6,3131.5,15,1
2031,2026-06-16 12:08:49+05:30,3130.2,3,3130.02,1967390,132787.0,200545.0,3163.0,3163.0,3108.0,3134.3,31922000,3447.7,2820.9,3839.9,2896.0,3130.0,52,6,3129.8,64,4,3129.7,16,2,3129.6,29,2,3129.5,82,3,3130.2,28,3,3131.0,99,2,3131.1,48,1,3131.4,129,5,3131.5,93,2
2031,2026-06-16 12:08:49+05:30,3130.2,3,3130.02,1967390,132787.0,200545.0,3163.0,3163.0,3108.0,3134.3,31922000,3447.7,2820.9,3839.9,2896.0,3130.0,52,6,3129.8,64,4,3129.7,16,2,3129.6,29,2,3129.5,82,3,3130.2,28,3,3131.0,99,2,3131.1,48,1,3131.4,129,5,3131.5,93,2
2031,2026-06-16 12:08:50+05:30,3130.2,3,3130.02,1967390,132787.0,200401.0,3163.0,3163.0,3108.0,3134.3,31922000,3447.7,2820.9,3839.9,2896.0,3130.0,52,6,3129.8,64,4,3129.7,16,2,3129.6,29,2,3129.5,82,3,3130.2,28,3,3130.5,2,1,3131.0,99,2,3131.1,48,1,3131.4,129,5
2031,2026-06-16 12:08:50+05:30,3130.0,7,3130.02,1967390,132787.0,200401.0,3163.0,3163.0,3108.0,3134.3,31922000,3447.7,2820.9,3839.9,2896.0,3130.0,52,6,3129.8,64,4,3129.7,16,2,3129.6,29,2,3129.5,82,3,3130.2,28,3,3130.5,2,1,3131.0,99,2,3131.1,48,1,3131.4,129,5
2031,2026-06-16 12:08:51+05:30,3130.0,1,3130.02,1967431,132751.0,200673.0,3163.0,3163.0,3108.0,3134.3,31922000,3447.7,2820.9,3839.9,2896.0,3130.0,36,5,3129.8,45,3,3129.7,19,1,3129.6,10,1,3129.5,74,3,3130.2,47,4,3130.5,18,2,3131.0,99,2,3131.1,67,2,3131.3,29,1
2031,2026-06-16 12:08:51+05:30,3130.0,1,3130.02,1967431,132751.0,200673.0,3163.0,3163.0,3108.0,3134.3,31922000,3447.7,2820.9,3839.9,2896.0,3130.0,36,5,3129.8,45,3,3129.7,19,1,3129.6,10,1,3129.5,74,3,3130.2,47,4,3130.5,18,2,3131.0,99,2,3131.1,67,2,3131.3,29,1
2031,2026-06-16 12:08:52+05:30,3130.0,1,3130.02,1967432,132770.0,200720.0,3163.0,3163.0,3108.0,3134.3,31922000,3447.7,2820.9,3839.9,2896.0,3130.0,37,6,3129.8,45,3,3129.6,10,1,3129.5,93,4,3129.4,27,3,3130.2,55,6,3130.5,2,1,3130.8,19,1,3130.9,63,1,3131.0,118,3
2031,2026-06-16 12:08:52+05:30,3130.2,3,3130.02,1967432,132770.0,200720.0,3163.0,3163.0,3108.0,3134.3,31922000,3447.7,2820.9,3839.9,2896.0,3130.0,37,6,3129.8,45,3,3129.6,10,1,3129.5,93,4,3129.4,27,3,3130.2,55,6,3130.5,2,1,3130.8,19,1,3130.9,63,1,3131.0,118,3
2031,2026-06-16 12:08:52+05:30,3130.2,16,3130.02,1967512,134153.0,201191.0,3163.0,3163.0,3108.0,3134.3,31922000,3447.7,2820.9,3839.9,2896.0,3130.3,1,1,3130.0,33,6,3129.8,45,3,3129.7,39,2,3129.6,10,1,3131.0,138,5,3131.1,48,1,3131.2,99,3,3131.3,64,2,3131.4,207,6
2031,2026-06-16 12:08:53+05:30,3130.0,10,3130.02,1967512,134153.0,201191.0,3163.0,3163.0,3108.0,3134.3,31922000,3447.7,2820.9,3839.9,2896.0,3130.3,1,1,3130.0,33,6,3129.8,45,3,3129.7,39,2,3129.6,10,1,3131.0,138,5,3131.1,48,1,3131.2,99,3,3131.3,64,2,3131.4,207,6
2031,2026-06-16 12:08:53+05:30,3130.0,10,3130.02,1967512,134153.0,201191.0,3163.0,3163.0,3108.0,3134.3,31922000,3447.7,2820.9,3839.9,2896.0,3130.3,1,1,3130.0,33,6,3129.8,45,3,3129.7,39,2,3129.6,10,1,3131.0,138,5,3131.1,48,1,3131.2,99,3,3131.3,64,2,3131.4,207,6
2031,2026-06-16 12:08:53+05:30,3130.9,1,3130.02,1967532,133258.0,201230.0,3163.0,3163.0,3108.0,3134.3,31922000,3447.7,2820.9,3839.9,2896.0,3130.0,31,6,3129.8,45,3,3129.7,20,1,3129.5,21,1,3129.4,33,3,3130.9,65,5,3131.0,124,6,3131.1,48,1,3131.2,120,4,3131.3,136,3
2031,2026-06-16 12:08:54+05:30,3130.0,1,3130.02,1967532,133258.0,201230.0,3163.0,3163.0,3108.0,3134.3,31922000,3447.7,2820.9,3839.9,2896.0,3130.0,31,6,3129.8,45,3,3129.7,20,1,3129.5,21,1,3129.4,33,3,3130.9,65,5,3131.0,124,6,3131.1,48,1,3131.2,120,4,3131.3,136,3
2031,2026-06-16 12:08:54+05:30,3130.0,1,3130.02,1967533,133445.0,201170.0,3163.0,3163.0,3108.0,3134.3,31922000,3447.7,2820.9,3839.9,2896.0,3130.0,46,8,3129.8,62,4,3129.7,20,1,3129.6,19,1,3129.5,21,1,3130.9,61,4,3131.0,120,5,3131.1,48,1,3131.2,99,3,3131.3,94,3
2031,2026-06-16 12:08:55+05:30,3130.0,1,3130.02,1967533,133445.0,201170.0,3163.0,3163.0,3108.0,3134.3,31922000,3447.7,2820.9,3839.9,2896.0,3130.0,46,8,3129.8,62,4,3129.7,20,1,3129.6,19,1,3129.5,21,1,3130.9,61,4,3131.0,120,5,3131.1,48,1,3131.2,99,3,3131.3,94,3
2031,2026-06-16 12:08:55+05:30,3130.9,4,3130.02,1967533,133445.0,201170.0,3163.0,3163.0,3108.0,3134.3,31922000,3447.7,2820.9,3839.9,2896.0,3130.0,46,8,3129.8,62,4,3129.7,20,1,3129.6,19,1,3129.5,21,1,3130.9,61,4,3131.0,120,5,3131.1,48,1,3131.2,99,3,3131.3,94,3
2031,2026-06-16 12:08:55+05:30,3130.0,1,3130.02,1967538,133264.0,201157.0,3163.0,3163.0,3108.0,3134.3,31922000,3447.7,2820.9,3839.9,2896.0,3130.0,44,7,3129.8,45,3,3129.7,20,1,3129.6,19,1,3129.5,21,1,3130.9,87,5,3131.0,120,5,3131.1,48,1,3131.2,120,4,3131.3,151,3
2031,2026-06-16 12:08:56+05:30,3130.9,1,3130.02,1967538,133264.0,201157.0,3163.0,3163.0,3108.0,3134.3,31922000,3447.7,2820.9,3839.9,2896.0,3130.0,44,7,3129.8,45,3,3129.7,20,1,3129.6,19,1,3129.5,21,1,3130.9,87,5,3131.0,120,5,3131.1,48,1,3131.2,120,4,3131.3,151,3
2031,2026-06-16 12:08:56+05:30,3130.9,1,3130.02,1967539,133462.0,201070.0,3163.0,3163.0,3108.0,3134.3,31922000,3447.7,2820.9,3839.9,2896.0,3130.2,15,1,3130.0,26,6,3129.8,45,3,3129.7,20,1,3129.6,19,1,3130.9,56,4,3131.0,120,5,3131.2,120,4,3131.3,73,2,3131.4,255,6
2031,2026-06-16 12:08:57+05:30,3130.2,2,3130.02,1967539,133462.0,201070.0,3163.0,3163.0,3108.0,3134.3,31922000,3447.7,2820.9,3839.9,2896.0,3130.2,15,1,3130.0,26,6,3129.8,45,3,3129.7,20,1,3129.6,19,1,3130.9,56,4,3131.0,120,5,3131.2,120,4,3131.3,73,2,3131.4,255,6
2031,2026-06-16 12:08:57+05:30,3130.2,2,3130.02,1967539,133462.0,201070.0,3163.0,3163.0,3108.0,3134.3,31922000,3447.7,2820.9,3839.9,2896.0,3130.2,15,1,3130.0,26,6,3129.8,45,3,3129.7,20,1,3129.6,19,1,3130.9,56,4,3131.0,120,5,3131.2,120,4,3131.3,73,2,3131.4,255,6
2031,2026-06-16 12:08:57+05:30,3130.2,2,3130.02,1967561,133246.0,201156.0,3163.0,3163.0,3108.0,3134.3,31922000,3447.7,2820.9,3839.9,2896.0,3130.2,13,1,3130.0,26,6,3129.8,45,3,3129.7,20,1,3129.6,19,1,3130.9,17,1,3131.0,168,6,3131.2,157,4,3131.3,94,3,3131.4,255,6
2031,2026-06-16 12:08:58+05:30,3130.9,1,3130.02,1967561,133246.0,201156.0,3163.0,3163.0,3108.0,3134.3,31922000,3447.7,2820.9,3839.9,2896.0,3130.2,13,1,3130.0,26,6,3129.8,45,3,3129.7,20,1,3129.6,19,1,3130.9,17,1,3131.0,168,6,3131.2,157,4,3131.3,94,3,3131.4,255,6
2031,2026-06-16 12:08:58+05:30,3130.9,1,3130.02,1967562,133479.0,201153.0,3163.0,3163.0,3108.0,3134.3,31922000,3447.7,2820.9,3839.9,2896.0,3130.2,13,1,3130.0,42,7,3129.8,45,3,3129.7,20,1,3129.6,19,1,3130.9,16,1,3131.0,168,6,3131.2,157,4,3131.3,64,2,3131.4,177,5
2031,2026-06-16 12:08:59+05:30,3130.9,1,3130.02,1967562,133479.0,201153.0,3163.0,3163.0,3108.0,3134.3,31922000,3447.7,2820.9,3839.9,2896.0,3130.2,13,1,3130.0,42,7,3129.8,45,3,3129.7,20,1,3129.6,19,1,3130.9,16,1,3131.0,168,6,3131.2,157,4,3131.3,64,2,3131.4,177,5
2031,2026-06-16 12:08:59+05:30,3130.9,1,3130.02,1967563,133468.0,201211.0,3163.0,3163.0,3108.0,3134.3,31922000,3447.7,2820.9,3839.9,2896.0,3130.2,13,1,3130.0,41,6,3129.8,45,3,3129.7,20,1,3129.6,19,1,3130.9,65,3,3131.0,168,6,3131.2,138,3,3131.3,64,2,3131.4,177,5
2031,2026-06-16 12:09:00+05:30,3130.9,1,3130.02,1967563,133468.0,201211.0,3163.0,3163.0,3108.0,3134.3,31922000,3447.7,2820.9,3839.9,2896.0,3130.2,13,1,3130.0,41,6,3129.8,45,3,3129.7,20,1,3129.6,19,1,3130.9,65,3,3131.0,168,6,3131.2,138,3,3131.3,64,2,3131.4,177,5
2031,2026-06-16 12:09:00+05:30,3130.9,1,3130.02,1967564,134220.0,201444.0,3163.0,3163.0,3108.0,3134.3,31922000,3447.7,2820.9,3839.9,2896.0,3130.6,19,3,3130.2,1,1,3130.0,46,7,3129.8,64,4,3129.7,20,1,3130.9,65,4,3131.0,120,5,3131.2,38,1,3131.3,19,1,3131.4,111,3
2031,2026-06-16 12:09:01+05:30,3130.9,1,3130.02,1967564,134220.0,201444.0,3163.0,3163.0,3108.0,3134.3,31922000,3447.7,2820.9,3839.9,2896.0,3130.6,19,3,3130.2,1,1,3130.0,46,7,3129.8,64,4,3129.7,20,1,3130.9,65,4,3131.0,120,5,3131.2,38,1,3131.3,19,1,3131.4,111,3
2031,2026-06-16 12:09:01+05:30,3130.9,6,3130.02,1967564,134220.0,201444.0,3163.0,3163.0,3108.0,3134.3,31922000,3447.7,2820.9,3839.9,2896.0,3130.6,19,3,3130.2,1,1,3130.0,46,7,3129.8,64,4,3129.7,20,1,3130.9,65,4,3131.0,120,5,3131.2,38,1,3131.3,19,1,3131.4,111,3
2031,2026-06-16 12:09:01+05:30,3130.9,11,3130.02,1967595,134174.0,201836.0,3163.0,3163.0,3108.0,3134.3,31922000,3447.7,2820.9,3839.9,2896.0,3130.6,19,3,3130.2,1,1,3130.0,44,6,3129.8,23,3,3129.7,20,1,3130.9,60,4,3131.0,120,5,3131.2,38,1,3131.3,40,2,3131.4,111,3
2031,2026-06-16 12:09:02+05:30,3130.9,11,3130.02,1967595,134174.0,201836.0,3163.0,3163.0,3108.0,3134.3,31922000,3447.7,2820.9,3839.9,2896.0,3130.6,19,3,3130.2,1,1,3130.0,44,6,3129.8,23,3,3129.7,20,1,3130.9,60,4,3131.0,120,5,3131.2,38,1,3131.3,40,2,3131.4,111,3
2031,2026-06-16 12:09:02+05:30,3130.9,11,3130.02,1967595,134174.0,201836.0,3163.0,3163.0,3108.0,3134.3,31922000,3447.7,2820.9,3839.9,2896.0,3130.6,19,3,3130.2,1,1,3130.0,44,6,3129.8,23,3,3129.7,20,1,3130.9,60,4,3131.0,120,5,3131.2,38,1,3131.3,40,2,3131.4,111,3
2031,2026-06-16 12:09:02+05:30,3130.9,6,3130.02,1967744,134158.0,201162.0,3163.0,3163.0,3108.0,3134.3,31922000,3447.7,2820.9,3839.9,2896.0,3130.6,2,2,3130.2,16,2,3130.0,28,5,3129.9,85,2,3129.8,86,4,3131.0,120,5,3131.4,81,3,3131.5,64,3,3131.6,143,4,3131.7,318,4
2031,2026-06-16 12:09:03+05:30,3131.0,1,3130.02,1967744,134158.0,201162.0,3163.0,3163.0,3108.0,3134.3,31922000,3447.7,2820.9,3839.9,2896.0,3130.6,2,2,3130.2,16,2,3130.0,28,5,3129.9,85,2,3129.8,86,4,3131.0,120,5,3131.4,81,3,3131.5,64,3,3131.6,143,4,3131.7,318,4
2031,2026-06-16 12:09:03+05:30,3131.0,1,3130.02,1967773,133129.0,201309.0,3163.0,3163.0,3108.0,3134.3,31922000,3447.7,2820.9,3839.9,2896.0,3130.2,17,2,3130.0,28,5,3129.8,4,2,3129.7,20,1,3129.6,19,1,3131.0,143,7,3131.2,57,2,3131.3,21,1,3131.4,188,5,3131.5,43,2
2031,2026-06-16 12:09:04+05:30,3131.0,1,3130.02,1967773,133129.0,201309.0,3163.0,3163.0,3108.0,3134.3,31922000,3447.7,2820.9,3839.9,2896.0,3130.2,17,2,3130.0,28,5,3129.8,4,2,3129.7,20,1,3129.6,19,1,3131.0,143,7,3131.2,57,2,3131.3,21,1,3131.4,188,5,3131.5,43,2
2031,2026-06-16 12:09:04+05:30,3131.0,1,3130.02,1967773,133134.0,201309.0,3163.0,3163.0,3108.0,3134.3,31922000,3447.7,2820.9,3839.9,2896.0,3130.2,17,2,3130.0,28,5,3129.8,4,2,3129.7,20,1,3129.6,19,1,3131.0,143,7,3131.2,57,2,3131.3,21,1,3131.4,188,5,3131.5,43,2
2031,2026-06-16 12:09:05+05:30,3131.0,1,3130.02,1967773,133134.0,201309.0,3163.0,3163.0,3108.0,3134.3,31922000,3447.7,2820.9,3839.9,2896.0,3130.2,17,2,3130.0,28,5,3129.8,4,2,3129.7,20,1,3129.6,19,1,3131.0,143,7,3131.2,57,2,3131.3,21,1,3131.4,188,5,3131.5,43,2
2031,2026-06-16 12:09:05+05:30,3131.0,1,3130.02,1967773,133147.0,201335.0,3163.0,3163.0,3108.0,3134.3,31922000,3447.7,2820.9,3839.9,2896.0,3130.2,17,2,3130.0,28,5,3129.8,4,2,3129.7,20,1,3129.6,19,1,3131.0,169,8,3131.2,57,2,3131.3,21,1,3131.4,188,5,3131.5,43,2
2031,2026-06-16 12:09:06+05:30,3129.9,18,3130.02,1967773,133147.0,201335.0,3163.0,3163.0,3108.0,3134.3,31922000,3447.7,2820.9,3839.9,2896.0,3130.2,17,2,3130.0,28,5,3129.8,4,2,3129.7,20,1,3129.6,19,1,3131.0,169,8,3131.2,57,2,3131.3,21,1,3131.4,188,5,3131.5,43,2
2031,2026-06-16 12:09:06+05:30,3129.9,18,3130.02,1967773,133147.0,201335.0,3163.0,3163.0,3108.0,3134.3,31922000,3447.7,2820.9,3839.9,2896.0,3130.2,17,2,3130.0,28,5,3129.8,4,2,3129.7,20,1,3129.6,19,1,3131.0,169,8,3131.2,57,2,3131.3,21,1,3131.4,188,5,3131.5,43,2
2031,2026-06-16 12:09:07+05:30,3129.7,1,3130.02,1968312,131707.0,200473.0,3163.0,3163.0,3108.0,3134.3,31922000,3447.7,2820.9,3839.9,2896.0,3129.6,21,4,3129.4,52,6,3129.3,30,3,3129.2,26,2,3129.1,32,2,3129.7,159,1,3130.6,200,1,3130.7,64,1,3130.8,77,2,3130.9,50,1
2031,2026-06-16 12:09:07+05:30,3129.7,1,3130.02,1968312,131707.0,200473.0,3163.0,3163.0,3108.0,3134.3,31922000,3447.7,2820.9,3839.9,2896.0,3129.6,21,4,3129.4,52,6,3129.3,30,3,3129.2,26,2,3129.1,32,2,3129.7,159,1,3130.6,200,1,3130.7,64,1,3130.8,77,2,3130.9,50,1
2031,2026-06-16 12:09:07+05:30,3129.1,4,3130.02,1968312,131707.0,200473.0,3163.0,3163.0,3108.0,3134.3,31922000,3447.7,2820.9,3839.9,2896.0,3129.6,21,4,3129.4,52,6,3129.3,30,3,3129.2,26,2,3129.1,32,2,3129.7,159,1,3130.6,200,1,3130.7,64,1,3130.8,77,2,3130.9,50,1
2031,2026-06-16 12:09:08+05:30,3129.1,4,3130.02,1968566,131418.0,201957.0,3163.0,3163.0,3108.0,3134.3,31922000,3447.7,2820.9,3839.9,2896.0,3129.6,1,1,3129.2,64,4,3129.1,14,2,3129.0,81,5,3128.8,213,3,3129.7,185,2,3130.7,64,1,3130.8,83,3,3130.9,51,2,3131.0,186,8
2031,2026-06-16 12:09:08+05:30,3129.1,4,3130.02,1968566,131418.0,201957.0,3163.0,3163.0,3108.0,3134.3,31922000,3447.7,2820.9,3839.9,2896.0,3129.6,1,1,3129.2,64,4,3129.1,14,2,3129.0,81,5,3128.8,213,3,3129.7,185,2,3130.7,64,1,3130.8,83,3,3130.9,51,2,3131.0,186,8
2031,2026-06-16 12:09:08+05:30,3129.2,10,3130.02,1968566,131418.0,201957.0,3163.0,3163.0,3108.0,3134.3,31922000,3447.7,2820.9,3839.9,2896.0,3129.6,1,1,3129.2,64,4,3129.1,14,2,3129.0,81,5,3128.8,213,3,3129.7,185,2,3130.7,64,1,3130.8,83,3,3130.9,51,2,3131.0,186,8
2031,2026-06-16 12:09:09+05:30,3129.2,10,3130.02,1968566,131418.0,201957.0,3163.0,3163.0,3108.0,3134.3,31922000,3447.7,2820.9,3839.9,2896.0,3129.6,1,1,3129.2,64,4,3129.1,14,2,3129.0,81,5,3128.8,213,3,3129.7,185,2,3130.7,64,1,3130.8,83,3,3130.9,51,2,3131.0,186,8
2031,2026-06-16 12:09:09+05:30,3129.7,1,3130.02,1968631,131490.0,202088.0,3163.0,3163.0,3108.0,3134.3,31922000,3447.7,2820.9,3839.9,2896.0,3129.1,4,1,3129.0,50,2,3128.9,23,2,3128.7,132,6,3128.6,68,2,3129.7,184,2,3130.0,25,1,3130.5,102,4,3130.6,23,2,3130.7,64,1
2031,2026-06-16 12:09:09+05:30,3129.7,1,3130.02,1968631,131490.0,202088.0,3163.0,3163.0,3108.0,3134.3,31922000,3447.7,2820.9,3839.9,2896.0,3129.1,4,1,3129.0,50,2,3128.9,23,2,3128.7,132,6,3128.6,68,2,3129.7,184,2,3130.0,25,1,3130.5,102,4,3130.6,23,2,3130.7,64,1
2031,2026-06-16 12:09:09+05:30,3129.7,1,3130.02,1968631,131490.0,202088.0,3163.0,3163.0,3108.0,3134.3,31922000,3447.7,2820.9,3839.9,2896.0,3129.1,4,1,3129.0,50,2,3128.9,23,2,3128.7,132,6,3128.6,68,2,3129.7,184,2,3130.0,25,1,3130.5,102,4,3130.6,23,2,3130.7,64,1
2031,2026-06-16 12:09:10+05:30,3129.7,1,3130.02,1968631,130573.0,202101.0,3163.0,3163.0,3108.0,3134.3,31922000,3447.7,2820.9,3839.9,2896.0,3129.1,121,5,3129.0,50,2,3128.9,13,1,3128.8,15,1,3128.7,132,6,3129.7,184,2,3130.0,25,1,3130.5,102,4,3130.6,23,2,3130.7,64,1
2031,2026-06-16 12:09:10+05:30,3129.7,1,3130.02,1968631,130573.0,202101.0,3163.0,3163.0,3108.0,3134.3,31922000,3447.7,2820.9,3839.9,2896.0,3129.1,121,5,3129.0,50,2,3128.9,13,1,3128.8,15,1,3128.7,132,6,3129.7,184,2,3130.0,25,1,3130.5,102,4,3130.6,23,2,3130.7,64,1
2031,2026-06-16 12:09:11+05:30,3129.1,1,3130.02,1968632,131375.0,202671.0,3163.0,3163.0,3108.0,3134.3,31922000,3447.7,2820.9,3839.9,2896.0,3129.1,120,5,3129.0,10,1,3128.7,60,4,3128.6,68,2,3128.5,53,3,3129.7,184,2,3130.0,125,2,3130.5,121,5,3130.6,27,3,3130.7,85,2
2031,2026-06-16 12:09:11+05:30,3129.1,1,3130.02,1968632,131375.0,202671.0,3163.0,3163.0,3108.0,3134.3,31922000,3447.7,2820.9,3839.9,2896.0,3129.1,120,5,3129.0,10,1,3128.7,60,4,3128.6,68,2,3128.5,53,3,3129.7,184,2,3130.0,125,2,3130.5,121,5,3130.6,27,3,3130.7,85,2
2031,2026-06-16 12:09:11+05:30,3129.1,1,3130.02,1968632,131375.0,202671.0,3163.0,3163.0,3108.0,3134.3,31922000,3447.7,2820.9,3839.9,2896.0,3129.1,120,5,3129.0,10,1,3128.7,60,4,3128.6,68,2,3128.5,53,3,3129.7,184,2,3130.0,125,2,3130.5,121,5,3130.6,27,3,3130.7,85,2
2031,2026-06-16 12:09:12+05:30,3129.1,1,3130.02,1968632,131382.0,202713.0,3163.0,3163.0,3108.0,3134.3,31922000,3447.7,2820.9,3839.9,2896.0,3129.1,122,6,3129.0,10,1,3128.7,60,4,3128.6,68,2,3128.5,53,3,3129.7,190,3,3130.0,125,2,3130.4,30,1,3130.5,121,5,3130.6,28,3
2031,2026-06-16 12:09:12+05:30,3129.1,1,3130.02,1968632,131382.0,202713.0,3163.0,3163.0,3108.0,3134.3,31924600,3447.7,2820.9,3839.9,2896.0,3129.1,122,6,3129.0,10,1,3128.7,60,4,3128.6,68,2,3128.5,53,3,3129.7,190,3,3130.0,125,2,3130.4,30,1,3130.5,121,5,3130.6,28,3
2031,2026-06-16 12:09:13+05:30,3129.1,11,3130.02,1968790,131410.0,200833.0,3163.0,3163.0,3108.0,3134.3,31924600,3447.7,2820.9,3839.9,2896.0,3129.1,13,3,3129.0,28,2,3128.7,44,3,3128.6,68,2,3128.5,53,3,3129.7,32,2,3130.0,125,2,3130.4,30,1,3130.5,132,6,3130.6,86,3
2031,2026-06-16 12:09:13+05:30,3129.1,11,3130.02,1968790,131410.0,200833.0,3163.0,3163.0,3108.0,3134.3,31924600,3447.7,2820.9,3839.9,2896.0,3129.1,13,3,3129.0,28,2,3128.7,44,3,3128.6,68,2,3128.5,53,3,3129.7,32,2,3130.0,125,2,3130.4,30,1,3130.5,132,6,3130.6,86,3
2031,2026-06-16 12:09:14+05:30,3129.1,3,3130.02,1968795,131463.0,200625.0,3163.0,3163.0,3108.0,3134.3,31924600,3447.7,2820.9,3839.9,2896.0,3129.1,65,6,3129.0,10,1,3128.8,4,1,3128.7,44,3,3128.6,89,3,3129.7,30,2,3130.0,125,2,3130.4,30,1,3130.5,132,6,3130.6,86,3
2031,2026-06-16 12:09:14+05:30,3129.1,3,3130.02,1968795,131463.0,200625.0,3163.0,3163.0,3108.0,3134.3,31924600,3447.7,2820.9,3839.9,2896.0,3129.1,65,6,3129.0,10,1,3128.8,4,1,3128.7,44,3,3128.6,89,3,3129.7,30,2,3130.0,125,2,3130.4,30,1,3130.5,132,6,3130.6,86,3
2031,2026-06-16 12:09:15+05:30,3129.1,7,3130.02,1968995,131370.0,202909.0,3163.0,3163.0,3108.0,3134.3,31924600,3447.7,2820.9,3839.9,2896.0,3129.1,20,4,3129.0,10,1,3128.7,44,3,3128.6,68,2,3128.5,33,2,3129.7,76,4,3130.0,144,3,3130.2,81,4,3130.3,145,4,3130.5,172,6
2031,2026-06-16 12:09:15+05:30,3129.1,7,3130.02,1968995,131370.0,202909.0,3163.0,3163.0,3108.0,3134.3,31924600,3447.7,2820.9,3839.9,2896.0,3129.1,20,4,3129.0,10,1,3128.7,44,3,3128.6,68,2,3128.5,33,2,3129.7,76,4,3130.0,144,3,3130.2,81,4,3130.3,145,4,3130.5,172,6
2031,2026-06-16 12:09:16+05:30,3129.1,2,3130.02,1969110,130945.0,202975.0,3163.0,3163.0,3108.0,3134.3,31924600,3447.7,2820.9,3839.9,2896.0,3129.1,16,3,3129.0,10,1,3128.7,25,2,3128.6,68,2,3128.5,33,2,3129.7,67,3,3129.9,20,2,3130.0,248,5,3130.1,21,1,3130.2,105,3
2031,2026-06-16 12:09:16+05:30,3129.1,2,3130.02,1969110,130945.0,202975.0,3163.0,3163.0,3108.0,3134.3,31924600,3447.7,2820.9,3839.9,2896.0,3129.1,16,3,3129.0,10,1,3128.7,25,2,3128.6,68,2,3128.5,33,2,3129.7,67,3,3129.9,20,2,3130.0,248,5,3130.1,21,1,3130.2,105,3
2031,2026-06-16 12:09:17+05:30,3129.1,1,3130.02,1969139,131112.0,203204.0,3163.0,3163.0,3108.0,3134.3,31924600,3447.7,2820.9,3839.9,2896.0,3129.1,6,2,3129.0,10,1,3128.7,25,2,3128.6,68,2,3128.5,33,2,3129.7,69,5,3129.9,19,1,3130.0,181,3,3130.1,22,2,3130.2,105,3
2031,2026-06-16 12:09:17+05:30,3129.1,1,3130.02,1969139,131112.0,203204.0,3163.0,3163.0,3108.0,3134.3,31924600,3447.7,2820.9,3839.9,2896.0,3129.1,6,2,3129.0,10,1,3128.7,25,2,3128.6,68,2,3128.5,33,2,3129.7,69,5,3129.9,19,1,3130.0,181,3,3130.1,22,2,3130.2,105,3
2031,2026-06-16 12:09:18+05:30,3129.1,4,3130.02,1969149,131318.0,203208.0,3163.0,3163.0,3108.0,3134.3,31924600,3447.7,2820.9,3839.9,2896.0,3129.1,18,3,3129.0,10,1,3128.7,25,2,3128.6,68,2,3128.5,33,2,3129.7,69,5,3129.9,19,1,3130.0,181,3,3130.1,22,2,3130.2,105,3
2031,2026-06-16 12:09:18+05:30,3129.1,4,3130.02,1969149,131318.0,203208.0,3163.0,3163.0,3108.0,3134.3,31924600,3447.7,2820.9,3839.9,2896.0,3129.1,18,3,3129.0,10,1,3128.7,25,2,3128.6,68,2,3128.5,33,2,3129.7,69,5,3129.9,19,1,3130.0,181,3,3130.1,22,2,3130.2,105,3
2031,2026-06-16 12:09:19+05:30,3129.7,1,3130.02,1969149,131318.0,203208.0,3163.0,3163.0,3108.0,3134.3,31924600,3447.7,2820.9,3839.9,2896.0,3129.1,18,3,3129.0,10,1,3128.7,25,2,3128.6,68,2,3128.5,33,2,3129.7,69,5,3129.9,19,1,3130.0,181,3,3130.1,22,2,3130.2,105,3
2031,2026-06-16 12:09:19+05:30,3129.7,1,3130.02,1969182,131425.0,203291.0,3163.0,3163.0,3108.0,3134.3,31924600,3447.7,2820.9,3839.9,2896.0,3129.1,12,4,3129.0,10,1,3128.7,25,2,3128.6,86,3,3128.5,33,2,3129.7,68,5,3129.9,19,1,3130.0,181,3,3130.1,21,1,3130.2,105,3
2031,2026-06-16 12:09:20+05:30,3129.1,2,3130.02,1969182,131425.0,203291.0,3163.0,3163.0,3108.0,3134.3,31924600,3447.7,2820.9,3839.9,2896.0,3129.1,12,4,3129.0,10,1,3128.7,25,2,3128.6,86,3,3128.5,33,2,3129.7,68,5,3129.9,19,1,3130.0,181,3,3130.1,21,1,3130.2,105,3
2031,2026-06-16 12:09:20+05:30,3129.1,2,3130.02,1969229,131203.0,203295.0,3163.0,3163.0,3108.0,3134.3,31924600,3447.7,2820.9,3839.9,2896.0,3129.1,21,4,3129.0,10,1,3128.7,43,3,3128.6,68,2,3128.5,33,2,3129.7,65,5,3129.9,20,2,3130.0,181,3,3130.2,126,4,3130.3,173,5
2031,2026-06-16 12:09:21+05:30,3129.1,11,3130.02,1969229,131203.0,203295.0,3163.0,3163.0,3108.0,3134.3,31924600,3447.7,2820.9,3839.9,2896.0,3129.1,21,4,3129.0,10,1,3128.7,43,3,3128.6,68,2,3128.5,33,2,3129.7,65,5,3129.9,20,2,3130.0,181,3,3130.2,126,4,3130.3,173,5
2031,2026-06-16 12:09:21+05:30,3129.1,11,3130.02,1969245,131179.0,203317.0,3163.0,3163.0,3108.0,3134.3,31924600,3447.7,2820.9,3839.9,2896.0,3129.1,9,2,3129.0,10,1,3128.7,43,3,3128.6,68,2,3128.5,33,2,3129.7,83,6,3129.9,1,1,3130.0,199,4,3130.2,126,4,3130.3,173,5
2031,2026-06-16 12:09:22+05:30,3129.1,8,3130.02,1969245,131179.0,203317.0,3163.0,3163.0,3108.0,3134.3,31924600,3447.7,2820.9,3839.9,2896.0,3129.1,9,2,3129.0,10,1,3128.7,43,3,3128.6,68,2,3128.5,33,2,3129.7,83,6,3129.9,1,1,3130.0,199,4,3130.2,126,4,3130.3,173,5
2031,2026-06-16 12:09:22+05:30,3129.1,8,3130.02,1969305,131338.0,203121.0,3163.0,3163.0,3108.0,3134.3,31924600,3447.7,2820.9,3839.9,2896.0,3129.1,13,3,3129.0,10,1,3128.7,25,2,3128.6,86,3,3128.5,33,2,3129.7,90,6,3130.0,199,4,3130.1,21,1,3130.2,105,3,3130.3,145,4
2031,2026-06-16 12:09:23+05:30,3129.1,10,3130.02,1969305,131338.0,203121.0,3163.0,3163.0,3108.0,3134.3,31924600,3447.7,2820.9,3839.9,2896.0,3129.1,13,3,3129.0,10,1,3128.7,25,2,3128.6,86,3,3128.5,33,2,3129.7,90,6,3130.0,199,4,3130.1,21,1,3130.2,105,3,3130.3,145,4
2031,2026-06-16 12:09:23+05:30,3129.1,7,3130.02,1969345,131172.0,203018.0,3163.0,3163.0,3108.0,3134.3,31924600,3447.7,2820.9,3839.9,2896.0,3129.1,29,3,3129.0,10,1,3128.7,25,2,3128.6,86,3,3128.5,33,2,3129.7,91,7,3130.0,181,3,3130.2,107,3,3130.3,145,4,3130.4,274,3
2031,2026-06-16 12:09:24+05:30,3129.1,12,3130.02,1969366,131392.0,203130.0,3163.0,3163.0,3108.0,3134.3,31924600,3447.7,2820.9,3839.9,2896.0,3129.1,25,4,3129.0,10,1,3128.7,25,2,3128.6,86,3,3128.5,53,3,3129.7,91,7,3130.0,181,3,3130.1,17,1,3130.2,107,3,3130.3,82,3
2031,2026-06-16 12:09:24+05:30,3129.1,12,3130.02,1969366,131392.0,203130.0,3163.0,3163.0,3108.0,3134.3,31924600,3447.7,2820.9,3839.9,2896.0,3129.1,25,4,3129.0,10,1,3128.7,25,2,3128.6,86,3,3128.5,53,3,3129.7,91,7,3130.0,181,3,3130.1,17,1,3130.2,107,3,3130.3,82,3
2031,2026-06-16 12:09:25+05:30,3129.1,16,3130.02,1969366,131392.0,203130.0,3163.0,3163.0,3108.0,3134.3,31924600,3447.7,2820.9,3839.9,2896.0,3129.1,25,4,3129.0,10,1,3128.7,25,2,3128.6,86,3,3128.5,53,3,3129.7,91,7,3130.0,181,3,3130.1,17,1,3130.2,107,3,3130.3,82,3
2031,2026-06-16 12:09:25+05:30,3129.1,16,3130.02,1969392,131467.0,202928.0,3163.0,3163.0,3108.0,3134.3,31924600,3447.7,2820.9,3839.9,2896.0,3129.1,32,4,3129.0,10,1,3128.7,25,2,3128.6,106,4,3128.5,33,2,3129.7,90,7,3130.0,181,3,3130.1,17,1,3130.2,107,3,3130.3,108,4
2031,2026-06-16 12:09:26+05:30,3129.1,1,3130.02,1969392,131467.0,202928.0,3163.0,3163.0,3108.0,3134.3,31924600,3447.7,2820.9,3839.9,2896.0,3129.1,32,4,3129.0,10,1,3128.7,25,2,3128.6,106,4,3128.5,33,2,3129.7,90,7,3130.0,181,3,3130.1,17,1,3130.2,107,3,3130.3,108,4
2031,2026-06-16 12:09:26+05:30,3129.1,1,3130.02,1969425,131417.0,203254.0,3163.0,3163.0,3108.0,3134.3,31924600,3447.7,2820.9,3839.9,2896.0,3129.1,19,3,3129.0,10,1,3128.7,25,2,3128.6,86,3,3128.5,33,2,3129.7,90,7,3129.9,1,1,3130.0,181,3,3130.1,17,1,3130.2,107,3
2031,2026-06-16 12:09:27+05:30,3128.7,2,3130.02,1969425,131417.0,203254.0,3163.0,3163.0,3108.0,3134.3,31924600,3447.7,2820.9,3839.9,2896.0,3129.1,19,3,3129.0,10,1,3128.7,25,2,3128.6,86,3,3128.5,33,2,3129.7,90,7,3129.9,1,1,3130.0,181,3,3130.1,17,1,3130.2,107,3
2031,2026-06-16 12:09:27+05:30,3128.9,7,3130.02,1969585,130063.0,203334.0,3163.0,3163.0,3108.0,3134.3,31924600,3447.7,2820.9,3839.9,2896.0,3128.7,3,1,3128.6,68,2,3128.5,13,1,3128.4,18,1,3128.1,95,5,3128.9,78,1,3129.7,106,8,3129.9,32,2,3130.0,220,5,3130.2,124,4
2031,2026-06-16 12:09:28+05:30,3128.6,2,3130.02,1969585,130063.0,203334.0,3163.0,3163.0,3108.0,3134.3,31924600,3447.7,2820.9,3839.9,2896.0,3128.7,3,1,3128.6,68,2,3128.5,13,1,3128.4,18,1,3128.1,95,5,3128.9,78,1,3129.7,106,8,3129.9,32,2,3130.0,220,5,3130.2,124,4
2031,2026-06-16 12:09:28+05:30,3128.6,2,3130.02,1969653,129996.0,203223.0,3163.0,3163.0,3108.0,3134.3,31924600,3447.7,2820.9,3839.9,2896.0,3128.6,76,3,3128.5,13,1,3128.3,20,2,3128.2,34,3,3128.1,178,8,3128.9,97,2,3129.7,18,5,3129.9,95,3,3130.0,203,4,3130.1,17,1
2031,2026-06-16 12:09:29+05:30,3128.6,8,3130.02,1969653,129996.0,203223.0,3163.0,3163.0,3108.0,3134.3,31924600,3447.7,2820.9,3839.9,2896.0,3128.6,76,3,3128.5,13,1,3128.3,20,2,3128.2,34,3,3128.1,178,8,3128.9,97,2,3129.7,18,5,3129.9,95,3,3130.0,203,4,3130.1,17,1
2031,2026-06-16 12:09:29+05:30,3128.6,8,3130.02,1969669,130013.0,203454.0,3163.0,3163.0,3108.0,3134.3,31924600,3447.7,2820.9,3839.9,2896.0,3128.5,20,3,3128.3,10,1,3128.2,13,2,3128.1,293,7,3128.0,1413,10,3128.9,132,4,3129.7,73,5,3129.9,95,3,3130.0,203,4,3130.1,17,1
2031,2026-06-16 12:09:30+05:30,3128.6,17,3130.02,1969669,130013.0,203454.0,3163.0,3163.0,3108.0,3134.3,31924600,3447.7,2820.9,3839.9,2896.0,3128.5,20,3,3128.3,10,1,3128.2,13,2,3128.1,293,7,3128.0,1413,10,3128.9,132,4,3129.7,73,5,3129.9,95,3,3130.0,203,4,3130.1,17,1
2031,2026-06-16 12:09:30+05:30,3128.6,16,3130.02,1969719,130047.0,203709.0,3163.0,3163.0,3108.0,3134.3,31924600,3447.7,2820.9,3839.9,2896.0,3128.7,7,3,3128.6,189,5,3128.5,43,5,3128.4,50,3,3128.3,41,3,3128.9,133,6,3129.7,15,2,3129.9,1,1,3130.0,203,4,3130.2,107,3
2031,2026-06-16 12:09:31+05:30,3128.6,16,3130.02,1969719,130047.0,203709.0,3163.0,3163.0,3108.0,3134.3,31924600,3447.7,2820.9,3839.9,2896.0,3128.7,7,3,3128.6,189,5,3128.5,43,5,3128.4,50,3,3128.3,41,3,3128.9,133,6,3129.7,15,2,3129.9,1,1,3130.0,203,4,3130.2,107,3
2031,2026-06-16 12:09:31+05:30,3128.6,98,3130.02,1969849,130061.0,203887.0,3163.0,3163.0,3108.0,3134.3,31924600,3447.7,2820.9,3839.9,2896.0,3128.6,65,4,3128.5,31,3,3128.4,18,1,3128.2,11,1,3128.1,64,4,3128.9,138,7,3129.7,14,1,3129.8,104,3,3129.9,64,2,3130.0,219,5
2031,2026-06-16 12:09:32+05:30,3128.6,30,3130.02,1969849,130061.0,203887.0,3163.0,3163.0,3108.0,3134.3,31924600,3447.7,2820.9,3839.9,2896.0,3128.6,65,4,3128.5,31,3,3128.4,18,1,3128.2,11,1,3128.1,64,4,3128.9,138,7,3129.7,14,1,3129.8,104,3,3129.9,64,2,3130.0,219,5
2031,2026-06-16 12:09:32+05:30,3128.6,30,3130.02,1969897,129939.0,203946.0,3163.0,3163.0,3108.0,3134.3,31924600,3447.7,2820.9,3839.9,2896.0,3128.6,19,4,3128.5,31,3,3128.2,11,1,3128.1,64,4,3128.0,1372,8,3128.9,184,8,3129.7,24,2,3129.8,104,3,3129.9,64,2,3130.0,219,5
2031,2026-06-16 12:09:33+05:30,3128.9,1,3130.02,1969897,129939.0,203946.0,3163.0,3163.0,3108.0,3134.3,31924600,3447.7,2820.9,3839.9,2896.0,3128.6,19,4,3128.5,31,3,3128.2,11,1,3128.1,64,4,3128.0,1372,8,3128.9,184,8,3129.7,24,2,3129.8,104,3,3129.9,64,2,3130.0,219,5
2031,2026-06-16 12:09:33+05:30,3128.7,70,3130.02,1969986,130127.0,203979.0,3163.0,3163.0,3108.0,3134.3,31924600,3447.7,2820.9,3839.9,2896.0,3128.7,17,1,3128.6,8,4,3128.5,1,1,3128.3,18,1,3128.1,218,3,3128.9,113,7,3129.7,14,1,3129.8,104,3,3129.9,64,2,3130.0,345,6
2031,2026-06-16 12:09:34+05:30,3128.7,23,3130.02,1969986,130127.0,203979.0,3163.0,3163.0,3108.0,3134.3,31924600,3447.7,2820.9,3839.9,2896.0,3128.7,17,1,3128.6,8,4,3128.5,1,1,3128.3,18,1,3128.1,218,3,3128.9,113,7,3129.7,14,1,3129.8,104,3,3129.9,64,2,3130.0,345,6
2031,2026-06-16 12:09:34+05:30,3128.7,16,3130.02,1970042,129874.0,203872.0,3163.0,3163.0,3108.0,3134.3,31924600,3447.7,2820.9,3839.9,2896.0,3128.7,2,2,3128.6,8,4,3128.5,7,2,3128.4,26,2,3128.1,227,3,3128.9,113,7,3129.7,14,1,3129.8,104,3,3129.9,63,1,3130.0,345,6
2031,2026-06-16 12:09:35+05:30,3128.6,8,3130.02,1970042,129874.0,203872.0,3163.0,3163.0,3108.0,3134.3,31924600,3447.7,2820.9,3839.9,2896.0,3128.7,2,2,3128.6,8,4,3128.5,7,2,3128.4,26,2,3128.1,227,3,3128.9,113,7,3129.7,14,1,3129.8,104,3,3129.9,63,1,3130.0,345,6
2031,2026-06-16 12:09:35+05:30,3128.6,8,3130.02,1970097,129860.0,203726.0,3163.0,3163.0,3108.0,3134.3,31924600,3447.7,2820.9,3839.9,2896.0,3128.6,11,4,3128.5,6,2,3128.1,240,4,3128.0,1465,11,3127.9,89,5,3128.9,112,7,3129.6,15,1,3129.7,24,2,3129.8,103,3,3129.9,64,2
2031,2026-06-16 12:09:36+05:30,3128.6,5,3130.02,1970097,129860.0,203726.0,3163.0,3163.0,3108.0,3134.3,31924600,3447.7,2820.9,3839.9,2896.0,3128.6,11,4,3128.5,6,2,3128.1,240,4,3128.0,1465,11,3127.9,89,5,3128.9,112,7,3129.6,15,1,3129.7,24,2,3129.8,103,3,3129.9,64,2
2031,2026-06-16 12:09:36+05:30,3128.6,5,3130.02,1970114,129694.0,203993.0,3163.0,3163.0,3108.0,3134.3,31924600,3447.7,2820.9,3839.9,2896.0,3128.6,14,4,3128.5,16,2,3128.3,18,1,3128.1,21,1,3128.0,1386,8,3128.9,111,7,3129.6,15,1,3129.7,24,2,3129.8,103,3,3129.9,64,2
2031,2026-06-16 12:09:37+05:30,3128.6,4,3130.02,1970114,129694.0,203993.0,3163.0,3163.0,3108.0,3134.3,31924600,3447.7,2820.9,3839.9,2896.0,3128.6,14,4,3128.5,16,2,3128.3,18,1,3128.1,21,1,3128.0,1386,8,3128.9,111,7,3129.6,15,1,3129.7,24,2,3129.8,103,3,3129.9,64,2
2031,2026-06-16 12:09:37+05:30,3128.6,2,3130.02,1970136,129691.0,204026.0,3163.0,3163.0,3108.0,3134.3,31924600,3447.7,2820.9,3839.9,2896.0,3128.6,11,4,3128.5,16,2,3128.1,21,1,3128.0,1365,7,3127.9,151,6,3128.9,137,8,3129.6,15,1,3129.7,24,2,3129.8,103,3,3129.9,64,2
2031,2026-06-16 12:09:38+05:30,3128.6,5,3130.02,1970136,129691.0,204026.0,3163.0,3163.0,3108.0,3134.3,31924600,3447.7,2820.9,3839.9,2896.0,3128.6,11,4,3128.5,16,2,3128.1,21,1,3128.0,1365,7,3127.9,151,6,3128.9,137,8,3129.6,15,1,3129.7,24,2,3129.8,103,3,3129.9,64,2
2031,2026-06-16 12:09:38+05:30,3128.6,5,3130.02,1970152,129861.0,204178.0,3163.0,3163.0,3108.0,3134.3,31924600,3447.7,2820.9,3839.9,2896.0,3128.7,3,1,3128.6,10,3,3128.5,16,2,3128.1,189,2,3128.0,1386,8,3128.9,137,8,3129.6,15,1,3129.7,24,2,3129.8,103,3,3129.9,64,2
2031,2026-06-16 12:09:39+05:30,3128.9,5,3130.02,1970152,129861.0,204178.0,3163.0,3163.0,3108.0,3134.3,31924600,3447.7,2820.9,3839.9,2896.0,3128.7,3,1,3128.6,10,3,3128.5,16,2,3128.1,189,2,3128.0,1386,8,3128.9,137,8,3129.6,15,1,3129.7,24,2,3129.8,103,3,3129.9,64,2
2031,2026-06-16 12:09:39+05:30,3128.9,1,3130.02,1970160,129844.0,204174.0,3163.0,3163.0,3108.0,3134.3,31924600,3447.7,2820.9,3839.9,2896.0,3128.7,1,1,3128.6,10,3,3128.5,1,1,3128.1,189,2,3128.0,1386,8,3128.9,132,9,3129.6,15,1,3129.7,24,2,3129.8,103,3,3129.9,64,2
2031,2026-06-16 12:09:40+05:30,3128.9,3,3130.02,1970160,129844.0,204174.0,3163.0,3163.0,3108.0,3134.3,31924600,3447.7,2820.9,3839.9,2896.0,3128.7,1,1,3128.6,10,3,3128.5,1,1,3128.1,189,2,3128.0,1386,8,3128.9,132,9,3129.6,15,1,3129.7,24,2,3129.8,103,3,3129.9,64,2
2031,2026-06-16 12:09:40+05:30,3128.9,1,3130.02,1970164,129231.0,204765.0,3163.0,3163.0,3108.0,3134.3,31924600,3447.7,2820.9,3839.9,2896.0,3128.8,16,1,3128.7,1,1,3128.6,14,3,3128.5,1,1,3128.1,21,1,3128.9,128,9,3129.1,15,1,3129.4,15,1,3129.5,88,2,3129.6,38,3
2031,2026-06-16 12:09:41+05:30,3128.8,7,3130.02,1970164,129231.0,204765.0,3163.0,3163.0,3108.0,3134.3,31924600,3447.7,2820.9,3839.9,2896.0,3128.8,16,1,3128.7,1,1,3128.6,14,3,3128.5,1,1,3128.1,21,1,3128.9,128,9,3129.1,15,1,3129.4,15,1,3129.5,88,2,3129.6,38,3
2031,2026-06-16 12:09:41+05:30,3128.6,1,3130.02,1970383,129564.0,204109.0,3163.0,3163.0,3108.0,3134.3,31924600,3447.7,2820.9,3839.9,2896.0,3128.6,17,2,3128.5,1,1,3128.0,1365,7,3127.9,58,3,3127.8,21,1,3128.9,2,1,3129.4,10,1,3129.5,88,2,3129.6,17,2,3129.7,89,5
2031,2026-06-16 12:09:42+05:30,3128.6,5,3130.02,1970383,129564.0,204109.0,3163.0,3163.0,3108.0,3134.3,31924600,3447.7,2820.9,3839.9,2896.0,3128.6,17,2,3128.5,1,1,3128.0,1365,7,3127.9,58,3,3127.8,21,1,3128.9,2,1,3129.4,10,1,3129.5,88,2,3129.6,17,2,3129.7,89,5
2031,2026-06-16 12:09:42+05:30,3128.6,5,3130.02,1970392,130191.0,204121.0,3163.0,3163.0,3108.0,3134.3,31924600,3447.7,2820.9,3839.9,2896.0,3128.6,61,3,3128.5,1,1,3128.1,201,2,3128.0,1386,8,3127.9,76,4,3129.6,30,3,3129.7,80,4,3129.8,99,2,3129.9,175,2,3130.0,242,6
2031,2026-06-16 12:09:43+05:30,3128.6,1,3130.02,1970392,130191.0,204121.0,3163.0,3163.0,3108.0,3134.3,31924600,3447.7,2820.9,3839.9,2896.0,3128.6,61,3,3128.5,1,1,3128.1,201,2,3128.0,1386,8,3127.9,76,4,3129.6,30,3,3129.7,80,4,3129.8,99,2,3129.9,175,2,3130.0,242,6
2031,2026-06-16 12:09:43+05:30,3128.6,4,3130.02,1970398,130164.0,204319.0,3163.0,3163.0,3108.0,3134.3,31924600,3447.7,2820.9,3839.9,2896.0,3128.6,55,3,3128.5,17,2,3128.2,4,1,3128.1,184,2,3128.0,1386,8,3129.6,35,4,3129.7,80,4,3129.8,99,2,3129.9,197,3,3130.0,219,5
2031,2026-06-16 12:09:44+05:30,3128.6,4,3130.02,1970398,130164.0,204319.0,3163.0,3163.0,3108.0,3134.3,31924600,3447.7,2820.9,3839.9,2896.0,3128.6,55,3,3128.5,17,2,3128.2,4,1,3128.1,184,2,3128.0,1386,8,3129.6,35,4,3129.7,80,4,3129.8,99,2,3129.9,197,3,3130.0,219,5
2031,2026-06-16 12:09:44+05:30,3128.6,4,3130.02,1970398,130365.0,202320.0,3163.0,3163.0,3108.0,3134.3,31924600,3447.7,2820.9,3839.9,2896.0,3128.6,55,3,3128.5,17,2,3128.2,4,1,3128.1,184,2,3128.0,1386,8,3129.6,35,4,3129.7,80,4,3129.8,99,2,3129.9,197,3,3130.0,219,5
2031,2026-06-16 12:09:45+05:30,3129.6,1,3130.02,1970398,130365.0,202320.0,3163.0,3163.0,3108.0,3134.3,31924600,3447.7,2820.9,3839.9,2896.0,3128.6,55,3,3128.5,17,2,3128.2,4,1,3128.1,184,2,3128.0,1386,8,3129.6,35,4,3129.7,80,4,3129.8,99,2,3129.9,197,3,3130.0,219,5
2031,2026-06-16 12:09:45+05:30,3129.6,1,3130.02,1970401,131177.0,204479.0,3163.0,3163.0,3108.0,3134.3,31924600,3447.7,2820.9,3839.9,2896.0,3129.1,2,2,3128.6,56,4,3128.5,17,2,3128.4,63,1,3128.3,43,2,3129.6,20,2,3129.7,14,1,3129.8,56,1,3130.0,307,4,3130.1,10,1
2031,2026-06-16 12:09:46+05:30,3129.6,1,3130.02,1970401,131177.0,204479.0,3163.0,3163.0,3108.0,3134.3,31924600,3447.7,2820.9,3839.9,2896.0,3129.1,2,2,3128.6,56,4,3128.5,17,2,3128.4,63,1,3128.3,43,2,3129.6,20,2,3129.7,14,1,3129.8,56,1,3130.0,307,4,3130.1,10,1
2031,2026-06-16 12:09:46+05:30,3129.6,1,3130.02,1970405,131584.0,204228.0,3163.0,3163.0,3108.0,3134.3,31924600,3447.7,2820.9,3839.9,2896.0,3129.1,45,3,3128.9,21,1,3128.8,27,2,3128.7,17,1,3128.6,151,7,3129.7,14,1,3130.0,251,3,3130.2,40,1,3130.4,78,3,3130.5,387,8
2031,2026-06-16 12:09:47+05:30,3129.6,1,3130.02,1970405,131601.0,204272.0,3163.0,3163.0,3108.0,3134.3,31924600,3447.7,2820.9,3839.9,2896.0,3129.1,45,3,3129.0,30,2,3128.9,15,1,3128.8,14,1,3128.7,21,1,3129.7,14,1,3130.0,251,3,3130.2,40,1,3130.4,122,5,3130.5,384,7
2031,2026-06-16 12:09:48+05:30,3129.1,9,3130.02,1970405,131601.0,204272.0,3163.0,3163.0,3108.0,3134.3,31924600,3447.7,2820.9,3839.9,2896.0,3129.1,45,3,3129.0,30,2,3128.9,15,1,3128.8,14,1,3128.7,21,1,3129.7,14,1,3130.0,251,3,3130.2,40,1,3130.4,122,5,3130.5,384,7
2031,2026-06-16 12:09:48+05:30,3129.1,9,3130.02,1970416,131319.0,204447.0,3163.0,3163.0,3108.0,3134.3,31924600,3447.7,2820.9,3839.9,2896.0,3129.1,35,2,3128.9,15,1,3128.8,21,1,3128.6,90,6,3128.5,52,4,3129.4,1,1,3129.7,58,3,3130.0,307,4,3130.2,40,1,3130.3,78,3
2031,2026-06-16 12:09:49+05:30,3129.1,4,3130.02,1970416,131319.0,204447.0,3163.0,3163.0,3108.0,3134.3,31924600,3447.7,2820.9,3839.9,2896.0,3129.1,35,2,3128.9,15,1,3128.8,21,1,3128.6,90,6,3128.5,52,4,3129.4,1,1,3129.7,58,3,3130.0,307,4,3130.2,40,1,3130.3,78,3
2031,2026-06-16 12:09:49+05:30,3129.4,2,3130.02,1970425,131292.0,204145.0,3163.0,3163.0,3108.0,3134.3,31924600,3447.7,2820.9,3839.9,2896.0,3129.4,14,1,3129.1,28,2,3128.6,56,4,3128.5,40,3,3128.4,21,1,3129.7,58,3,3129.8,14,1,3130.0,321,5,3130.1,50,3,3130.2,54,2
2031,2026-06-16 12:09:50+05:30,3129.1,1,3130.02,1970425,131292.0,204145.0,3163.0,3163.0,3108.0,3134.3,31924600,3447.7,2820.9,3839.9,2896.0,3129.4,14,1,3129.1,28,2,3128.6,56,4,3128.5,40,3,3128.4,21,1,3129.7,58,3,3129.8,14,1,3130.0,321,5,3130.1,50,3,3130.2,54,2
2031,2026-06-16 12:09:50+05:30,3129.1,1,3130.02,1970605,130854.0,203871.0,3163.0,3163.0,3108.0,3134.3,31924600,3447.7,2820.9,3839.9,2896.0,3128.9,18,1,3128.6,12,3,3128.5,1,1,3128.4,4,1,3128.3,21,1,3129.4,17,1,3129.5,14,1,3129.6,30,2,3129.7,58,3,3129.8,91,3
2031,2026-06-16 12:09:51+05:30,3129.4,1,3130.02,1970605,130854.0,203871.0,3163.0,3163.0,3108.0,3134.3,31924600,3447.7,2820.9,3839.9,2896.0,3128.9,18,1,3128.6,12,3,3128.5,1,1,3128.4,4,1,3128.3,21,1,3129.4,17,1,3129.5,14,1,3129.6,30,2,3129.7,58,3,3129.8,91,3
2031,2026-06-16 12:09:51+05:30,3129.4,11,3130.02,1970617,130891.0,203774.0,3163.0,3163.0,3108.0,3134.3,31924600,3447.7,2820.9,3839.9,2896.0,3128.9,18,1,3128.7,16,1,3128.6,12,3,3128.5,1,1,3128.4,4,1,3129.4,6,2,3129.5,14,1,3129.6,10,1,3129.7,58,3,3129.8,91,3
2031,2026-06-16 12:09:52+05:30,3129.4,11,3130.02,1970617,130891.0,203774.0,3163.0,3163.0,3108.0,3134.3,31924600,3447.7,2820.9,3839.9,2896.0,3128.9,18,1,3128.7,16,1,3128.6,12,3,3128.5,1,1,3128.4,4,1,3129.4,6,2,3129.5,14,1,3129.6,10,1,3129.7,58,3,3129.8,91,3
2031,2026-06-16 12:09:52+05:30,3129.4,1,3130.02,1970657,131551.0,203834.0,3163.0,3163.0,3108.0,3134.3,31924600,3447.7,2820.9,3839.9,2896.0,3128.9,18,1,3128.7,16,1,3128.6,12,3,3128.5,1,1,3128.3,42,2,3129.4,17,3,3129.7,58,3,3129.8,28,1,3129.9,22,1,3130.0,344,7
2031,2026-06-16 12:09:53+05:30,3128.9,10,3130.02,1970657,131551.0,203834.0,3163.0,3163.0,3108.0,3134.3,31924600,3447.7,2820.9,3839.9,2896.0,3128.9,18,1,3128.7,16,1,3128.6,12,3,3128.5,1,1,3128.3,42,2,3129.4,17,3,3129.7,58,3,3129.8,28,1,3129.9,22,1,3130.0,344,7
2031,2026-06-16 12:09:53+05:30,3128.9,10,3130.02,1970657,131551.0,203834.0,3163.0,3163.0,3108.0,3134.3,31924600,3447.7,2820.9,3839.9,2896.0,3128.9,18,1,3128.7,16,1,3128.6,12,3,3128.5,1,1,3128.3,42,2,3129.4,17,3,3129.7,58,3,3129.8,28,1,3129.9,22,1,3130.0,344,7
2031,2026-06-16 12:09:53+05:30,3128.9,10,3130.02,1970668,131495.0,204861.0,3163.0,3163.0,3108.0,3134.3,31924600,3447.7,2820.9,3839.9,2896.0,3128.9,7,1,3128.7,16,1,3128.6,12,3,3128.5,1,1,3128.3,42,2,3129.4,28,4,3129.7,72,4,3129.8,28,1,3129.9,22,1,3130.0,344,7
2031,2026-06-16 12:09:54+05:30,3128.9,2,3130.02,1970668,131495.0,204861.0,3163.0,3163.0,3108.0,3134.3,31924600,3447.7,2820.9,3839.9,2896.0,3128.9,7,1,3128.7,16,1,3128.6,12,3,3128.5,1,1,3128.3,42,2,3129.4,28,4,3129.7,72,4,3129.8,28,1,3129.9,22,1,3130.0,344,7
2031,2026-06-16 12:09:54+05:30,3128.7,1,3130.02,1970805,129536.0,205385.0,3163.0,3163.0,3108.0,3134.3,31924600,3447.7,2820.9,3839.9,2896.0,3128.9,1,1,3128.7,3,1,3128.6,12,3,3128.5,1,1,3128.1,43,2,3129.0,32,3,3129.1,1,1,3129.2,52,4,3129.3,34,2,3129.4,53,5
2031,2026-06-16 12:09:55+05:30,3129.0,5,3130.02,1970805,129536.0,205385.0,3163.0,3163.0,3108.0,3134.3,31924600,3447.7,2820.9,3839.9,2896.0,3128.9,1,1,3128.7,3,1,3128.6,12,3,3128.5,1,1,3128.1,43,2,3129.0,32,3,3129.1,1,1,3129.2,52,4,3129.3,34,2,3129.4,53,5
2031,2026-06-16 12:09:55+05:30,3129.0,5,3130.02,1970805,129536.0,205385.0,3163.0,3163.0,3108.0,3134.3,31924600,3447.7,2820.9,3839.9,2896.0,3128.9,1,1,3128.7,3,1,3128.6,12,3,3128.5,1,1,3128.1,43,2,3129.0,32,3,3129.1,1,1,3129.2,52,4,3129.3,34,2,3129.4,53,5
2031,2026-06-16 12:09:55+05:30,3128.7,17,3130.02,1970832,129507.0,205413.0,3163.0,3163.0,3108.0,3134.3,31924600,3447.7,2820.9,3839.9,2896.0,3128.7,15,1,3128.6,11,2,3128.5,1,1,3128.0,1365,7,3127.9,58,3,3129.0,29,2,3129.1,1,1,3129.2,38,3,3129.3,34,2,3129.4,67,6
2031,2026-06-16 12:09:56+05:30,3129.0,1,3130.02,1970832,129507.0,205413.0,3163.0,3163.0,3108.0,3134.3,31924600,3447.7,2820.9,3839.9,2896.0,3128.7,15,1,3128.6,11,2,3128.5,1,1,3128.0,1365,7,3127.9,58,3,3129.0,29,2,3129.1,1,1,3129.2,38,3,3129.3,34,2,3129.4,67,6
2031,2026-06-16 12:09:57+05:30,3129.0,1,3130.02,1970840,129515.0,205265.0,3163.0,3163.0,3108.0,3134.3,31924600,3447.7,2820.9,3839.9,2896.0,3128.7,8,1,3128.6,11,2,3128.5,1,1,3128.0,1365,7,3127.9,58,3,3129.0,89,7,3129.1,1,1,3129.2,38,3,3129.3,55,3,3129.4,55,4
2031,2026-06-16 12:09:57+05:30,3129.0,1,3130.02,1970840,129515.0,205265.0,3163.0,3163.0,3108.0,3134.3,31924600,3447.7,2820.9,3839.9,2896.0,3128.7,8,1,3128.6,11,2,3128.5,1,1,3128.0,1365,7,3127.9,58,3,3129.0,89,7,3129.1,1,1,3129.2,38,3,3129.3,55,3,3129.4,55,4
2031,2026-06-16 12:09:57+05:30,3129.0,1,3130.02,1970840,129521.0,205276.0,3163.0,3163.0,3108.0,3134.3,31924600,3447.7,2820.9,3839.9,2896.0,3128.7,8,1,3128.6,11,2,3128.5,1,1,3128.0,1365,7,3127.9,58,3,3129.0,63,5,3129.1,17,2,3129.2,38,3,3129.3,55,3,3129.4,27,3
2031,2026-06-16 12:09:59+05:30,3129.0,1,3130.02,1970841,129705.0,203483.0,3163.0,3163.0,3108.0,3134.3,31924600,3447.7,2820.9,3839.9,2896.0,3128.7,8,1,3128.6,11,2,3128.5,1,1,3128.0,1365,7,3127.9,58,3,3129.0,66,6,3129.1,38,3,3129.2,38,3,3129.3,34,2,3129.4,27,3
2031,2026-06-16 12:09:59+05:30,3129.0,1,3130.02,1970841,129705.0,203483.0,3163.0,3163.0,3108.0,3134.3,31924600,3447.7,2820.9,3839.9,2896.0,3128.7,8,1,3128.6,11,2,3128.5,1,1,3128.0,1365,7,3127.9,58,3,3129.0,66,6,3129.1,38,3,3129.2,38,3,3129.3,34,2,3129.4,27,3
2031,2026-06-16 12:09:59+05:30,3129.0,1,3130.02,1970841,129705.0,203483.0,3163.0,3163.0,3108.0,3134.3,31924600,3447.7,2820.9,3839.9,2896.0,3128.7,8,1,3128.6,11,2,3128.5,1,1,3128.0,1365,7,3127.9,58,3,3129.0,66,6,3129.1,38,3,3129.2,38,3,3129.3,34,2,3129.4,27,3
2031,2026-06-16 12:10:00+05:30,3129.0,1,3130.02,1970841,129844.0,204691.0,3163.0,3163.0,3108.0,3134.3,31924600,3447.7,2820.9,3839.9,2896.0,3128.7,77,3,3128.6,11,2,3128.5,1,1,3128.1,21,1,3128.0,1365,7,3129.0,29,4,3129.2,14,1,3129.3,10,1,3129.4,13,2,3129.5,126,1
2031,2026-06-16 12:10:01+05:30,3128.9,1,3130.02,1970842,130086.0,204829.0,3163.0,3163.0,3108.0,3134.3,31924600,3447.7,2820.9,3839.9,2896.0,3128.9,18,3,3128.7,70,3,3128.6,11,2,3128.5,1,1,3128.4,16,1,3129.0,23,4,3129.4,13,2,3129.7,28,2,3129.8,28,1,3129.9,149,3
2031,2026-06-16 12:10:01+05:30,3129.0,1,3130.02,1970842,130086.0,204829.0,3163.0,3163.0,3108.0,3134.3,31924600,3447.7,2820.9,3839.9,2896.0,3128.9,18,3,3128.7,70,3,3128.6,11,2,3128.5,1,1,3128.4,16,1,3129.0,23,4,3129.4,13,2,3129.7,28,2,3129.8,28,1,3129.9,149,3
2031,2026-06-16 12:10:01+05:30,3129.0,1,3130.02,1970842,130086.0,204829.0,3163.0,3163.0,3108.0,3134.3,31924600,3447.7,2820.9,3839.9,2896.0,3128.9,18,3,3128.7,70,3,3128.6,11,2,3128.5,1,1,3128.4,16,1,3129.0,23,4,3129.4,13,2,3129.7,28,2,3129.8,28,1,3129.9,149,3
2031,2026-06-16 12:10:02+05:30,3129.4,1,3130.02,1970871,130317.0,204853.0,3163.0,3163.0,3108.0,3134.3,31924600,3447.7,2820.9,3839.9,2896.0,3128.9,20,3,3128.7,70,3,3128.6,11,2,3128.5,1,1,3128.3,16,1,3129.4,12,1,3129.7,28,2,3129.8,28,1,3129.9,22,1,3130.0,342,6
2031,2026-06-16 12:10:02+05:30,3129.4,1,3130.02,1970871,130317.0,204853.0,3163.0,3163.0,3108.0,3134.3,31924600,3447.7,2820.9,3839.9,2896.0,3128.9,20,3,3128.7,70,3,3128.6,11,2,3128.5,1,1,3128.3,16,1,3129.4,12,1,3129.7,28,2,3129.8,28,1,3129.9,22,1,3130.0,342,6
2031,2026-06-16 12:10:03+05:30,3129.4,1,3130.02,1970871,130317.0,204853.0,3163.0,3163.0,3108.0,3134.3,31924600,3447.7,2820.9,3839.9,2896.0,3128.9,20,3,3128.7,70,3,3128.6,11,2,3128.5,1,1,3128.3,16,1,3129.4,12,1,3129.7,28,2,3129.8,28,1,3129.9,22,1,3130.0,342,6
2031,2026-06-16 12:10:03+05:30,3129.0,2,3130.02,1970871,130317.0,204853.0,3163.0,3163.0,3108.0,3134.3,31924600,3447.7,2820.9,3839.9,2896.0,3128.9,20,3,3128.7,70,3,3128.6,11,2,3128.5,1,1,3128.3,16,1,3129.4,12,1,3129.7,28,2,3129.8,28,1,3129.9,22,1,3130.0,342,6
2031,2026-06-16 12:10:03+05:30,3129.0,2,3130.02,1970925,131268.0,205175.0,3163.0,3163.0,3108.0,3134.3,31924600,3447.7,2820.9,3839.9,2896.0,3129.2,17,1,3129.0,173,2,3128.9,2,2,3128.7,70,3,3128.6,11,2,3129.7,14,1,3129.9,14,1,3130.0,307,4,3130.2,125,4,3130.3,39,2
2031,2026-06-16 12:10:04+05:30,3128.7,2,3130.02,1970925,131268.0,205175.0,3163.0,3163.0,3108.0,3134.3,31924600,3447.7,2820.9,3839.9,2896.0,3129.2,17,1,3129.0,173,2,3128.9,2,2,3128.7,70,3,3128.6,11,2,3129.7,14,1,3129.9,14,1,3130.0,307,4,3130.2,125,4,3130.3,39,2
2031,2026-06-16 12:10:04+05:30,3128.7,2,3130.02,1970925,131268.0,205175.0,3163.0,3163.0,3108.0,3134.3,31924600,3447.7,2820.9,3839.9,2896.0,3129.2,17,1,3129.0,173,2,3128.9,2,2,3128.7,70,3,3128.6,11,2,3129.7,14,1,3129.9,14,1,3130.0,307,4,3130.2,125,4,3130.3,39,2
2031,2026-06-16 12:10:04+05:30,3128.7,2,3130.02,1971372,129657.0,205574.0,3163.0,3163.0,3108.0,3134.3,31924600,3447.7,2820.9,3839.9,2896.0,3128.7,85,4,3128.6,11,2,3128.5,1,1,3128.1,22,1,3128.0,1365,7,3129.1,414,3,3129.4,64,3,3129.5,1,1,3129.6,46,2,3129.7,201,3
2031,2026-06-16 12:10:05+05:30,3128.7,2,3130.02,1971372,129657.0,205574.0,3163.0,3163.0,3108.0,3134.3,31924600,3447.7,2820.9,3839.9,2896.0,3128.7,85,4,3128.6,11,2,3128.5,1,1,3128.1,22,1,3128.0,1365,7,3129.1,414,3,3129.4,64,3,3129.5,1,1,3129.6,46,2,3129.7,201,3
2031,2026-06-16 12:10:05+05:30,3128.7,2,3130.02,1971372,129575.0,205004.0,3163.0,3163.0,3108.0,3134.3,31924600,3447.7,2820.9,3839.9,2896.0,3128.7,86,5,3128.6,11,2,3128.5,1,1,3128.1,22,1,3128.0,1365,7,3129.1,400,2,3129.2,14,1,3129.4,86,3,3129.5,1,1,3129.6,60,3
2031,2026-06-16 12:10:05+05:30,3128.7,2,3130.02,1971372,129575.0,205004.0,3163.0,3163.0,3108.0,3134.3,31924600,3447.7,2820.9,3839.9,2896.0,3128.7,86,5,3128.6,11,2,3128.5,1,1,3128.1,22,1,3128.0,1365,7,3129.1,400,2,3129.2,14,1,3129.4,86,3,3129.5,1,1,3129.6,60,3
2031,2026-06-16 12:10:06+05:30,3128.7,2,3130.02,1971372,129575.0,205004.0,3163.0,3163.0,3108.0,3134.3,31924600,3447.7,2820.9,3839.9,2896.0,3128.7,86,5,3128.6,11,2,3128.5,1,1,3128.1,22,1,3128.0,1365,7,3129.1,400,2,3129.2,14,1,3129.4,86,3,3129.5,1,1,3129.6,60,3
2031,2026-06-16 12:10:06+05:30,3128.1,61,3130.02,1971372,129575.0,205004.0,3163.0,3163.0,3108.0,3134.3,31924600,3447.7,2820.9,3839.9,2896.0,3128.7,86,5,3128.6,11,2,3128.5,1,1,3128.1,22,1,3128.0,1365,7,3129.1,400,2,3129.2,14,1,3129.4,86,3,3129.5,1,1,3129.6,60,3
2031,2026-06-16 12:10:06+05:30,3128.7,2,3130.02,1971813,129764.0,205201.0,3163.0,3163.0,3108.0,3134.3,31924600,3447.7,2820.9,3839.9,2896.0,3128.7,2,1,3128.1,175,1,3128.0,1375,8,3127.9,67,4,3127.7,22,2,3129.1,531,3,3129.4,44,1,3129.5,1,1,3129.6,60,3,3129.7,201,3
2031,2026-06-16 12:10:06+05:30,3128.7,2,3130.02,1971813,129764.0,205201.0,3163.0,3163.0,3108.0,3134.3,31924600,3447.7,2820.9,3839.9,2896.0,3128.7,2,1,3128.1,175,1,3128.0,1375,8,3127.9,67,4,3127.7,22,2,3129.1,531,3,3129.4,44,1,3129.5,1,1,3129.6,60,3,3129.7,201,3
2031,2026-06-16 12:10:07+05:30,3129.1,1,3130.02,1971813,129764.0,205201.0,3163.0,3163.0,3108.0,3134.3,31924600,3447.7,2820.9,3839.9,2896.0,3128.7,2,1,3128.1,175,1,3128.0,1375,8,3127.9,67,4,3127.7,22,2,3129.1,531,3,3129.4,44,1,3129.5,1,1,3129.6,60,3,3129.7,201,3
2031,2026-06-16 12:10:07+05:30,3129.1,1,3130.02,1971813,129764.0,205201.0,3163.0,3163.0,3108.0,3134.3,31924600,3447.7,2820.9,3839.9,2896.0,3128.7,2,1,3128.1,175,1,3128.0,1375,8,3127.9,67,4,3127.7,22,2,3129.1,531,3,3129.4,44,1,3129.5,1,1,3129.6,60,3,3129.7,201,3
2031,2026-06-16 12:10:07+05:30,3128.7,26,3130.02,1971991,128494.0,205823.0,3163.0,3163.0,3108.0,3134.3,31924600,3447.7,2820.9,3839.9,2896.0,3128.0,1327,4,3127.9,38,2,3127.7,2,1,3127.6,16,1,3127.5,21,1,3128.9,200,1,3129.0,32,2,3129.1,460,5,3129.2,37,3,3129.3,10,1
2031,2026-06-16 12:10:08+05:30,3128.0,45,3130.02,1971991,128494.0,205823.0,3163.0,3163.0,3108.0,3134.3,31924600,3447.7,2820.9,3839.9,2896.0,3128.0,1327,4,3127.9,38,2,3127.7,2,1,3127.6,16,1,3127.5,21,1,3128.9,200,1,3129.0,32,2,3129.1,460,5,3129.2,37,3,3129.3,10,1
2031,2026-06-16 12:10:08+05:30,3128.0,45,3130.02,1971991,128494.0,205823.0,3163.0,3163.0,3108.0,3134.3,31924600,3447.7,2820.9,3839.9,2896.0,3128.0,1327,4,3127.9,38,2,3127.7,2,1,3127.6,16,1,3127.5,21,1,3128.9,200,1,3129.0,32,2,3129.1,460,5,3129.2,37,3,3129.3,10,1
2031,2026-06-16 12:10:08+05:30,3128.0,45,3130.02,1972038,128821.0,206088.0,3163.0,3163.0,3108.0,3134.3,31924600,3447.7,2820.9,3839.9,2896.0,3128.0,1547,7,3127.9,38,2,3127.7,2,1,3127.6,62,2,3127.5,21,1,3128.9,239,2,3129.0,32,2,3129.1,460,5,3129.2,120,5,3129.3,63,2
2031,2026-06-16 12:10:09+05:30,3128.0,45,3130.02,1972038,128821.0,206088.0,3163.0,3163.0,3108.0,3134.3,31924600,3447.7,2820.9,3839.9,2896.0,3128.0,1547,7,3127.9,38,2,3127.7,2,1,3127.6,62,2,3127.5,21,1,3128.9,239,2,3129.0,32,2,3129.1,460,5,3129.2,120,5,3129.3,63,2
2031,2026-06-16 12:10:09+05:30,3128.7,1,3130.02,1972038,128821.0,206088.0,3163.0,3163.0,3108.0,3134.3,31924600,3447.7,2820.9,3839.9,2896.0,3128.0,1547,7,3127.9,38,2,3127.7,2,1,3127.6,62,2,3127.5,21,1,3128.9,239,2,3129.0,32,2,3129.1,460,5,3129.2,120,5,3129.3,63,2
2031,2026-06-16 12:10:09+05:30,3128.7,1,3130.02,1974514,127458.0,206469.0,3163.0,3163.0,3108.0,3134.3,31924600,3447.7,2820.9,3839.9,2896.0,3128.0,36,1,3127.3,21,1,3127.2,53,2,3127.1,76,6,3127.0,200,4,3128.9,120,4,3129.0,68,2,3129.1,209,3,3129.2,144,5,3129.3,179,2
2031,2026-06-16 12:10:09+05:30,3128.7,1,3130.02,1974514,127458.0,206469.0,3163.0,3163.0,3108.0,3134.3,31924600,3447.7,2820.9,3839.9,2896.0,3128.0,36,1,3127.3,21,1,3127.2,53,2,3127.1,76,6,3127.0,200,4,3128.9,120,4,3129.0,68,2,3129.1,209,3,3129.2,144,5,3129.3,179,2
2031,2026-06-16 12:10:10+05:30,3128.0,17,3130.02,1974514,127458.0,206469.0,3163.0,3163.0,3108.0,3134.3,31924600,3447.7,2820.9,3839.9,2896.0,3128.0,36,1,3127.3,21,1,3127.2,53,2,3127.1,76,6,3127.0,200,4,3128.9,120,4,3129.0,68,2,3129.1,209,3,3129.2,144,5,3129.3,179,2
2031,2026-06-16 12:10:10+05:30,3128.0,17,3130.02,1974514,127458.0,206469.0,3163.0,3163.0,3108.0,3134.3,31924600,3447.7,2820.9,3839.9,2896.0,3128.0,36,1,3127.3,21,1,3127.2,53,2,3127.1,76,6,3127.0,200,4,3128.9,120,4,3129.0,68,2,3129.1,209,3,3129.2,144,5,3129.3,179,2
2031,2026-06-16 12:10:10+05:30,3128.0,17,3130.02,1974567,126894.0,206327.0,3163.0,3163.0,3108.0,3134.3,31924600,3447.7,2820.9,3839.9,2896.0,3127.3,31,2,3127.1,51,4,3127.0,40,3,3126.9,98,5,3126.8,178,3,3128.7,15,1,3128.8,69,3,3128.9,208,7,3129.0,24,2,3129.1,132,1
2031,2026-06-16 12:10:11+05:30,3128.0,17,3130.02,1974567,126894.0,206327.0,3163.0,3163.0,3108.0,3134.3,31924600,3447.7,2820.9,3839.9,2896.0,3127.3,31,2,3127.1,51,4,3127.0,40,3,3126.9,98,5,3126.8,178,3,3128.7,15,1,3128.8,69,3,3128.9,208,7,3129.0,24,2,3129.1,132,1
2031,2026-06-16 12:10:11+05:30,3128.0,1,3130.02,1974568,127665.0,206855.0,3163.0,3163.0,3108.0,3134.3,31924600,3447.7,2820.9,3839.9,2896.0,3128.0,1,1,3127.3,54,4,3127.1,70,5,3127.0,56,4,3126.9,98,5,3128.9,173,6,3129.0,23,2,3129.1,152,2,3129.2,74,3,3129.4,341,7
2031,2026-06-16 12:10:12+05:30,3128.0,1,3130.02,1974568,127665.0,206855.0,3163.0,3163.0,3108.0,3134.3,31924600,3447.7,2820.9,3839.9,2896.0,3128.0,1,1,3127.3,54,4,3127.1,70,5,3127.0,56,4,3126.9,98,5,3128.9,173,6,3129.0,23,2,3129.1,152,2,3129.2,74,3,3129.4,341,7
2031,2026-06-16 12:10:12+05:30,3128.0,1,3130.02,1974568,127665.0,206855.0,3163.0,3163.0,3108.0,3134.3,31923600,3447.7,2820.9,3839.9,2896.0,3128.0,1,1,3127.3,54,4,3127.1,70,5,3127.0,56,4,3126.9,98,5,3128.9,173,6,3129.0,23,2,3129.1,152,2,3129.2,74,3,3129.4,341,7
2031,2026-06-16 12:10:12+05:30,3128.0,1,3130.02,1974580,125989.0,206334.0,3163.0,3163.0,3108.0,3134.3,31923600,3447.7,2820.9,3839.9,2896.0,3127.3,2,1,3127.1,6,1,3127.0,12,2,3126.9,48,3,3126.7,20,1,3128.0,217,1,3128.5,39,2,3128.6,21,1,3128.7,114,3,3128.8,90,4
2031,2026-06-16 12:10:13+05:30,3128.0,90,3130.02,1974670,126833.0,205533.0,3163.0,3163.0,3108.0,3134.3,31923600,3447.7,2820.9,3839.9,2896.0,3127.3,59,7,3127.2,27,2,3127.1,65,5,3127.0,98,8,3126.9,86,4,3128.0,152,2,3128.6,21,1,3128.7,20,1,3128.8,21,1,3128.9,54,1
2031,2026-06-16 12:10:14+05:30,3128.0,1,3130.02,1974670,126833.0,205533.0,3163.0,3163.0,3108.0,3134.3,31923600,3447.7,2820.9,3839.9,2896.0,3127.3,59,7,3127.2,27,2,3127.1,65,5,3127.0,98,8,3126.9,86,4,3128.0,152,2,3128.6,21,1,3128.7,20,1,3128.8,21,1,3128.9,54,1
2031,2026-06-16 12:10:14+05:30,3128.0,25,3130.02,1974699,127160.0,205610.0,3163.0,3163.0,3108.0,3134.3,31923600,3447.7,2820.9,3839.9,2896.0,3127.5,6,1,3127.4,55,5,3127.3,49,5,3127.2,103,6,3127.1,221,5,3128.0,124,2,3128.8,21,1,3128.9,54,1,3129.0,20,1,3129.1,194,2
2031,2026-06-16 12:10:15+05:30,3128.0,25,3130.02,1974699,127160.0,205610.0,3163.0,3163.0,3108.0,3134.3,31923600,3447.7,2820.9,3839.9,2896.0,3127.5,6,1,3127.4,55,5,3127.3,49,5,3127.2,103,6,3127.1,221,5,3128.0,124,2,3128.8,21,1,3128.9,54,1,3129.0,20,1,3129.1,194,2
2031,2026-06-16 12:10:15+05:30,3128.0,25,3130.02,1974699,128066.0,205326.0,3163.0,3163.0,3108.0,3134.3,31923600,3447.7,2820.9,3839.9,2896.0,3127.8,7,3,3127.7,19,1,3127.6,29,3,3127.5,39,5,3127.4,75,4,3128.0,127,3,3128.9,54,1,3129.0,67,2,3129.1,132,1,3129.2,55,2
2031,2026-06-16 12:10:16+05:30,3127.8,1,3130.02,1974699,128066.0,205326.0,3163.0,3163.0,3108.0,3134.3,31923600,3447.7,2820.9,3839.9,2896.0,3127.8,7,3,3127.7,19,1,3127.6,29,3,3127.5,39,5,3127.4,75,4,3128.0,127,3,3128.9,54,1,3129.0,67,2,3129.1,132,1,3129.2,55,2
2031,2026-06-16 12:10:17+05:30,3127.8,1,3130.02,1974700,128015.0,203241.0,3163.0,3163.0,3108.0,3134.3,31923600,3447.7,2820.9,3839.9,2896.0,3127.8,24,5,3127.5,39,5,3127.4,75,4,3127.3,49,5,3127.2,147,7,3128.0,215,6,3128.9,54,1,3129.0,20,1,3129.1,46,1,3129.2,55,2
2031,2026-06-16 12:10:18+05:30,3128.0,1,3130.02,1974701,128022.0,204656.0,3163.0,3163.0,3108.0,3134.3,31923600,3447.7,2820.9,3839.9,2896.0,3127.8,24,5,3127.5,39,5,3127.4,75,4,3127.3,49,5,3127.2,148,8,3128.0,214,6,3128.9,54,1,3129.0,36,2,3129.1,46,1,3129.2,55,2
2031,2026-06-16 12:10:18+05:30,3127.8,1,3130.02,1974701,128022.0,204656.0,3163.0,3163.0,3108.0,3134.3,31923600,3447.7,2820.9,3839.9,2896.0,3127.8,24,5,3127.5,39,5,3127.4,75,4,3127.3,49,5,3127.2,148,8,3128.0,214,6,3128.9,54,1,3129.0,36,2,3129.1,46,1,3129.2,55,2
2031,2026-06-16 12:10:18+05:30,3128.0,1,3130.02,1974746,126842.0,203889.0,3163.0,3163.0,3108.0,3134.3,31923600,3447.7,2820.9,3839.9,2896.0,3127.8,16,1,3127.5,3,2,3127.4,18,2,3127.3,2,1,3127.1,23,2,3128.0,169,5,3128.6,20,1,3128.7,72,2,3128.9,238,4,3129.0,109,6
2031,2026-06-16 12:10:19+05:30,3128.0,1,3130.02,1974746,126842.0,203889.0,3163.0,3163.0,3108.0,3134.3,31923600,3447.7,2820.9,3839.9,2896.0,3127.8,16,1,3127.5,3,2,3127.4,18,2,3127.3,2,1,3127.1,23,2,3128.0,169,5,3128.6,20,1,3128.7,72,2,3128.9,238,4,3129.0,109,6
2031,2026-06-16 12:10:20+05:30,3127.4,67,3130.02,1975107,126627.0,205997.0,3163.0,3163.0,3108.0,3134.3,31923600,3447.7,2820.9,3839.9,2896.0,3127.3,18,2,3127.1,6,1,3127.0,12,2,3126.9,24,2,3126.7,20,1,3128.0,229,3,3128.4,80,3,3128.5,40,1,3128.6,87,3,3128.7,228,5
2031,2026-06-16 12:10:20+05:30,3127.4,67,3130.02,1975107,126627.0,205997.0,3163.0,3163.0,3108.0,3134.3,31923600,3447.7,2820.9,3839.9,2896.0,3127.3,18,2,3127.1,6,1,3127.0,12,2,3126.9,24,2,3126.7,20,1,3128.0,229,3,3128.4,80,3,3128.5,40,1,3128.6,87,3,3128.7,228,5
2031,2026-06-16 12:10:21+05:30,3128.0,15,3130.02,1975140,126471.0,206302.0,3163.0,3163.0,3108.0,3134.3,31923600,3447.7,2820.9,3839.9,2896.0,3127.3,1,1,3127.1,6,1,3127.0,12,2,3126.9,3,1,3126.7,20,1,3128.0,226,5,3128.1,19,1,3128.4,80,3,3128.5,89,2,3128.6,116,3
2031,2026-06-16 12:10:21+05:30,3128.0,15,3130.02,1975140,126471.0,206302.0,3163.0,3163.0,3108.0,3134.3,31923600,3447.7,2820.9,3839.9,2896.0,3127.3,1,1,3127.1,6,1,3127.0,12,2,3126.9,3,1,3126.7,20,1,3128.0,226,5,3128.1,19,1,3128.4,80,3,3128.5,89,2,3128.6,116,3
2031,2026-06-16 12:10:22+05:30,3128.0,16,3130.02,1975156,126472.0,206058.0,3163.0,3163.0,3108.0,3134.3,31923600,3447.7,2820.9,3839.9,2896.0,3127.3,1,1,3127.1,6,1,3127.0,12,2,3126.9,14,2,3126.8,21,1,3128.0,210,5,3128.4,80,3,3128.5,89,2,3128.6,18,1,3128.7,105,3
2031,2026-06-16 12:10:22+05:30,3126.7,9,3130.02,1975156,126472.0,206058.0,3163.0,3163.0,3108.0,3134.3,31923600,3447.7,2820.9,3839.9,2896.0,3127.3,1,1,3127.1,6,1,3127.0,12,2,3126.9,14,2,3126.8,21,1,3128.0,210,5,3128.4,80,3,3128.5,89,2,3128.6,18,1,3128.7,105,3
2031,2026-06-16 12:10:23+05:30,3128.0,49,3130.01,1975955,127786.0,205819.0,3163.0,3163.0,3108.0,3134.3,31923600,3447.7,2820.9,3839.9,2896.0,3127.1,62,6,3127.0,65,5,3126.9,118,8,3126.8,134,7,3126.7,68,5,3128.0,144,5,3128.6,174,2,3128.7,54,1,3128.8,83,2,3128.9,54,1
2031,2026-06-16 12:10:23+05:30,3128.0,49,3130.01,1975955,127786.0,205819.0,3163.0,3163.0,3108.0,3134.3,31923600,3447.7,2820.9,3839.9,2896.0,3127.1,62,6,3127.0,65,5,3126.9,118,8,3126.8,134,7,3126.7,68,5,3128.0,144,5,3128.6,174,2,3128.7,54,1,3128.8,83,2,3128.9,54,1
2031,2026-06-16 12:10:24+05:30,3128.0,16,3130.01,1975971,128078.0,205965.0,3163.0,3163.0,3108.0,3134.3,31923600,3447.7,2820.9,3839.9,2896.0,3127.3,53,6,3127.2,102,7,3127.1,44,4,3127.0,85,6,3126.9,111,8,3128.0,170,8,3128.7,54,1,3128.8,21,1,3128.9,54,1,3129.0,20,1
2031,2026-06-16 12:10:24+05:30,3128.0,16,3130.01,1975971,128078.0,205965.0,3163.0,3163.0,3108.0,3134.3,31923600,3447.7,2820.9,3839.9,2896.0,3127.3,53,6,3127.2,102,7,3127.1,44,4,3127.0,85,6,3126.9,111,8,3128.0,170,8,3128.7,54,1,3128.8,21,1,3128.9,54,1,3129.0,20,1
2031,2026-06-16 12:10:25+05:30,3127.9,1,3130.01,1977082,127021.0,204950.0,3163.0,3163.0,3108.0,3134.3,31923600,3447.7,2820.9,3839.9,2896.0,3127.5,22,2,3127.3,28,2,3127.2,77,4,3127.1,47,3,3127.0,28,1,3127.9,170,1,3128.0,111,1,3128.5,200,1,3128.9,200,1,3129.0,20,1
2031,2026-06-16 12:10:25+05:30,3127.9,1,3130.01,1977082,127021.0,204950.0,3163.0,3163.0,3108.0,3134.3,31923600,3447.7,2820.9,3839.9,2896.0,3127.5,22,2,3127.3,28,2,3127.2,77,4,3127.1,47,3,3127.0,28,1,3127.9,170,1,3128.0,111,1,3128.5,200,1,3128.9,200,1,3129.0,20,1
2031,2026-06-16 12:10:26+05:30,3128.0,40,3130.01,1977492,127705.0,205649.0,3163.0,3163.0,3108.0,3134.3,31923600,3447.7,2820.9,3839.9,2896.0,3127.5,61,8,3127.4,54,5,3127.3,48,5,3127.2,90,5,3127.1,82,6,3128.0,73,2,3128.5,200,1,3129.0,74,2,3129.2,54,2,3129.3,180,2
2031,2026-06-16 12:10:26+05:30,3128.0,40,3130.01,1977492,127705.0,205649.0,3163.0,3163.0,3108.0,3134.3,31923600,3447.7,2820.9,3839.9,2896.0,3127.5,61,8,3127.4,54,5,3127.3,48,5,3127.2,90,5,3127.1,82,6,3128.0,73,2,3128.5,200,1,3129.0,74,2,3129.2,54,2,3129.3,180,2
2031,2026-06-16 12:10:27+05:30,3128.0,43,3130.01,1977608,128545.0,204968.0,3163.0,3163.0,3108.0,3134.3,31923600,3447.7,2820.9,3839.9,2896.0,3127.7,45,2,3127.6,87,3,3127.5,83,7,3127.4,100,7,3127.3,70,7,3128.0,66,1,3128.5,200,1,3129.0,20,1,3129.2,58,2,3129.3,180,2
2031,2026-06-16 12:10:27+05:30,3128.0,43,3130.01,1977608,128545.0,204968.0,3163.0,3163.0,3108.0,3134.3,31923600,3447.7,2820.9,3839.9,2896.0,3127.7,45,2,3127.6,87,3,3127.5,83,7,3127.4,100,7,3127.3,70,7,3128.0,66,1,3128.5,200,1,3129.0,20,1,3129.2,58,2,3129.3,180,2
2031,2026-06-16 12:10:28+05:30,3128.0,4,3130.01,1977608,128545.0,204968.0,3163.0,3163.0,3108.0,3134.3,31923600,3447.7,2820.9,3839.9,2896.0,3127.7,45,2,3127.6,87,3,3127.5,83,7,3127.4,100,7,3127.3,70,7,3128.0,66,1,3128.5,200,1,3129.0,20,1,3129.2,58,2,3129.3,180,2
2031,2026-06-16 12:10:28+05:30,3128.0,4,3130.01,1977645,128391.0,204992.0,3163.0,3163.0,3108.0,3134.3,31923600,3447.7,2820.9,3839.9,2896.0,3127.5,91,6,3127.4,75,6,3127.3,49,6,3127.2,151,10,3127.1,87,6,3128.0,30,2,3128.5,200,1,3129.0,20,1,3129.2,58,2,3129.3,180,2
2031,2026-06-16 12:10:29+05:30,3128.0,16,3130.01,1977645,128391.0,204992.0,3163.0,3163.0,3108.0,3134.3,31923600,3447.7,2820.9,3839.9,2896.0,3127.5,91,6,3127.4,75,6,3127.3,49,6,3127.2,151,10,3127.1,87,6,3128.0,30,2,3128.5,200,1,3129.0,20,1,3129.2,58,2,3129.3,180,2
2031,2026-06-16 12:10:29+05:30,3128.0,16,3130.01,1977661,128429.0,205137.0,3163.0,3163.0,3108.0,3134.3,31923600,3447.7,2820.9,3839.9,2896.0,3127.6,15,1,3127.5,106,7,3127.4,75,6,3127.3,49,6,3127.2,151,10,3128.0,15,3,3128.5,200,1,3129.0,20,1,3129.2,58,2,3129.3,180,2
2031,2026-06-16 12:10:30+05:30,3128.0,1,3130.01,1977661,128429.0,205137.0,3163.0,3163.0,3108.0,3134.3,31923600,3447.7,2820.9,3839.9,2896.0,3127.6,15,1,3127.5,106,7,3127.4,75,6,3127.3,49,6,3127.2,151,10,3128.0,15,3,3128.5,200,1,3129.0,20,1,3129.2,58,2,3129.3,180,2
2031,2026-06-16 12:10:30+05:30,3128.0,1,3130.01,1977677,128305.0,205501.0,3163.0,3163.0,3108.0,3134.3,31923600,3447.7,2820.9,3839.9,2896.0,3127.8,2,2,3127.7,21,1,3127.6,21,3,3127.5,74,5,3127.4,24,1,3127.9,200,1,3128.0,112,4,3128.9,19,1,3129.0,74,2,3129.2,77,3
2031,2026-06-16 12:10:31+05:30,3127.9,16,3130.01,1977677,128305.0,205501.0,3163.0,3163.0,3108.0,3134.3,31923600,3447.7,2820.9,3839.9,2896.0,3127.8,2,2,3127.7,21,1,3127.6,21,3,3127.5,74,5,3127.4,24,1,3127.9,200,1,3128.0,112,4,3128.9,19,1,3129.0,74,2,3129.2,77,3
2031,2026-06-16 12:10:31+05:30,3127.9,11,3130.01,1977720,128400.0,205410.0,3163.0,3163.0,3108.0,3134.3,31923600,3447.7,2820.9,3839.9,2896.0,3127.8,52,4,3127.7,8,2,3127.6,40,4,3127.5,102,7,3127.4,66,3,3127.9,157,1,3128.0,112,4,3129.0,74,2,3129.2,77,3,3129.3,180,2
2031,2026-06-16 12:10:32+05:30,3127.9,16,3130.01,1977720,128400.0,205410.0,3163.0,3163.0,3108.0,3134.3,31923600,3447.7,2820.9,3839.9,2896.0,3127.8,52,4,3127.7,8,2,3127.6,40,4,3127.5,102,7,3127.4,66,3,3127.9,157,1,3128.0,112,4,3129.0,74,2,3129.2,77,3,3129.3,180,2
2031,2026-06-16 12:10:32+05:30,3127.9,16,3130.01,1977737,128378.0,205411.0,3163.0,3163.0,3108.0,3134.3,31923600,3447.7,2820.9,3839.9,2896.0,3127.8,52,4,3127.7,8,2,3127.6,40,4,3127.5,102,7,3127.4,43,2,3127.9,140,1,3128.0,129,5,3129.0,74,2,3129.2,77,3,3129.3,180,2
2031,2026-06-16 12:10:33+05:30,3128.0,16,3130.01,1977737,128378.0,205411.0,3163.0,3163.0,3108.0,3134.3,31923600,3447.7,2820.9,3839.9,2896.0,3127.8,52,4,3127.7,8,2,3127.6,40,4,3127.5,102,7,3127.4,43,2,3127.9,140,1,3128.0,129,5,3129.0,74,2,3129.2,77,3,3129.3,180,2
2031,2026-06-16 12:10:33+05:30,3128.0,1,3130.01,1977894,128392.0,205287.0,3163.0,3163.0,3108.0,3134.3,31923600,3447.7,2820.9,3839.9,2896.0,3127.8,52,4,3127.7,4,1,3127.6,20,3,3127.5,102,7,3127.4,24,1,3128.0,112,5,3129.0,74,2,3129.2,77,3,3129.3,180,2,3129.4,46,2
2031,2026-06-16 12:10:34+05:30,3127.8,1,3130.01,1977894,128392.0,205287.0,3163.0,3163.0,3108.0,3134.3,31923600,3447.7,2820.9,3839.9,2896.0,3127.8,52,4,3127.7,4,1,3127.6,20,3,3127.5,102,7,3127.4,24,1,3128.0,112,5,3129.0,74,2,3129.2,77,3,3129.3,180,2,3129.4,46,2
2031,2026-06-16 12:10:34+05:30,3128.0,16,3130.01,1977929,128785.0,204934.0,3163.0,3163.0,3108.0,3134.3,31923600,3447.7,2820.9,3839.9,2896.0,3127.8,68,6,3127.7,6,1,3127.6,38,5,3127.5,194,12,3127.4,75,4,3128.0,107,7,3129.2,78,3,3129.3,180,2,3129.4,46,2,3129.6,127,5
2031,2026-06-16 12:10:35+05:30,3128.0,16,3130.01,1977929,128785.0,204934.0,3163.0,3163.0,3108.0,3134.3,31923600,3447.7,2820.9,3839.9,2896.0,3127.8,68,6,3127.7,6,1,3127.6,38,5,3127.5,194,12,3127.4,75,4,3128.0,107,7,3129.2,78,3,3129.3,180,2,3129.4,46,2,3129.6,127,5
2031,2026-06-16 12:10:35+05:30,3128.0,16,3130.01,1977945,128758.0,205080.0,3163.0,3163.0,3108.0,3134.3,31923600,3447.7,2820.9,3839.9,2896.0,3127.9,7,3,3127.8,57,3,3127.7,6,1,3127.6,38,5,3127.5,194,12,3128.0,91,7,3129.2,78,3,3129.3,180,2,3129.4,46,2,3129.6,127,5
2031,2026-06-16 12:10:36+05:30,3129.1,5,3130.01,1977945,128758.0,205080.0,3163.0,3163.0,3108.0,3134.3,31923600,3447.7,2820.9,3839.9,2896.0,3127.9,7,3,3127.8,57,3,3127.7,6,1,3127.6,38,5,3127.5,194,12,3128.0,91,7,3129.2,78,3,3129.3,180,2,3129.4,46,2,3129.6,127,5
2031,2026-06-16 12:10:36+05:30,3127.9,127,3130.01,1978256,129224.0,202393.0,3163.0,3163.0,3108.0,3134.3,31923600,3447.7,2820.9,3839.9,2896.0,3127.9,5,1,3127.8,43,3,3127.7,20,1,3127.6,5,2,3127.5,119,7,3129.2,36,2,3129.3,89,4,3129.4,69,4,3129.5,104,3,3129.6,147,4
2031,2026-06-16 12:10:37+05:30,3129.2,16,3130.01,1978256,129224.0,202393.0,3163.0,3163.0,3108.0,3134.3,31923600,3447.7,2820.9,3839.9,2896.0,3127.9,5,1,3127.8,43,3,3127.7,20,1,3127.6,5,2,3127.5,119,7,3129.2,36,2,3129.3,89,4,3129.4,69,4,3129.5,104,3,3129.6,147,4
2031,2026-06-16 12:10:37+05:30,3129.2,16,3130.01,1978272,128957.0,204726.0,3163.0,3163.0,3108.0,3134.3,31923600,3447.7,2820.9,3839.9,2896.0,3127.9,5,1,3127.8,64,4,3127.6,26,3,3127.5,149,8,3127.4,81,3,3128.0,10,1,3129.1,39,1,3129.2,61,3,3129.3,85,3,3129.4,59,3
2031,2026-06-16 12:10:38+05:30,3129.1,6,3130.01,1978272,128957.0,204726.0,3163.0,3163.0,3108.0,3134.3,31923600,3447.7,2820.9,3839.9,2896.0,3127.9,5,1,3127.8,64,4,3127.6,26,3,3127.5,149,8,3127.4,81,3,3128.0,10,1,3129.1,39,1,3129.2,61,3,3129.3,85,3,3129.4,59,3
2031,2026-06-16 12:10:38+05:30,3129.1,6,3130.01,1978288,129762.0,204421.0,3163.0,3163.0,3108.0,3134.3,31923600,3447.7,2820.9,3839.9,2896.0,3128.1,1,1,3127.9,84,6,3127.8,89,6,3127.7,60,2,3127.6,207,4,3129.3,66,2,3129.4,10,1,3129.5,10,1,3129.6,253,4,3129.7,20,1
2031,2026-06-16 12:10:39+05:30,3129.3,1,3130.01,1978288,129762.0,204421.0,3163.0,3163.0,3108.0,3134.3,31923600,3447.7,2820.9,3839.9,2896.0,3128.1,1,1,3127.9,84,6,3127.8,89,6,3127.7,60,2,3127.6,207,4,3129.3,66,2,3129.4,10,1,3129.5,10,1,3129.6,253,4,3129.7,20,1
2031,2026-06-16 12:10:39+05:30,3129.4,14,3130.01,1978339,129963.0,202330.0,3163.0,3163.0,3108.0,3134.3,31923600,3447.7,2820.9,3839.9,2896.0,3128.0,53,2,3127.9,123,8,3127.8,85,5,3127.7,100,5,3127.6,174,3,3129.4,6,1,3129.5,30,2,3129.6,253,4,3129.7,20,1,3129.8,40,2
2031,2026-06-16 12:10:40+05:30,3129.5,2,3130.01,1978339,129963.0,202330.0,3163.0,3163.0,3108.0,3134.3,31923600,3447.7,2820.9,3839.9,2896.0,3128.0,53,2,3127.9,123,8,3127.8,85,5,3127.7,100,5,3127.6,174,3,3129.4,6,1,3129.5,30,2,3129.6,253,4,3129.7,20,1,3129.8,40,2
2031,2026-06-16 12:10:40+05:30,3127.9,7,3130.01,1978597,128766.0,204862.0,3163.0,3163.0,3108.0,3134.3,31923600,3447.7,2820.9,3839.9,2896.0,3127.9,13,2,3127.8,40,1,3127.5,101,5,3127.3,42,2,3127.2,179,2,3128.9,14,1,3129.0,47,3,3129.1,87,4,3129.2,62,5,3129.3,143,6
2031,2026-06-16 12:10:41+05:30,3127.9,7,3130.01,1978597,128766.0,204862.0,3163.0,3163.0,3108.0,3134.3,31923600,3447.7,2820.9,3839.9,2896.0,3127.9,13,2,3127.8,40,1,3127.5,101,5,3127.3,42,2,3127.2,179,2,3128.9,14,1,3129.0,47,3,3129.1,87,4,3129.2,62,5,3129.3,143,6
2031,2026-06-16 12:10:41+05:30,3127.9,20,3130.01,1978630,128839.0,204842.0,3163.0,3163.0,3108.0,3134.3,31923600,3447.7,2820.9,3839.9,2896.0,3127.9,17,1,3127.8,40,1,3127.5,101,5,3127.3,96,3,3127.2,8,1,3128.9,42,3,3129.0,57,2,3129.1,105,4,3129.2,64,4,3129.3,88,5
2031,2026-06-16 12:10:42+05:30,3127.9,20,3130.01,1978630,128839.0,204842.0,3163.0,3163.0,3108.0,3134.3,31923600,3447.7,2820.9,3839.9,2896.0,3127.9,17,1,3127.8,40,1,3127.5,101,5,3127.3,96,3,3127.2,8,1,3128.9,42,3,3129.0,57,2,3129.1,105,4,3129.2,64,4,3129.3,88,5
2031,2026-06-16 12:10:42+05:30,3127.9,20,3130.01,1978630,128850.0,204797.0,3163.0,3163.0,3108.0,3134.3,31923600,3447.7,2820.9,3839.9,2896.0,3127.9,17,1,3127.8,40,1,3127.5,101,5,3127.3,96,3,3127.2,35,2,3128.9,42,3,3129.0,57,2,3129.1,105,4,3129.2,64,4,3129.3,88,5
2031,2026-06-16 12:10:43+05:30,3127.9,20,3130.01,1978630,128885.0,204802.0,3163.0,3163.0,3108.0,3134.3,31923600,3447.7,2820.9,3839.9,2896.0,3127.9,17,1,3127.8,40,1,3127.5,101,5,3127.3,96,3,3127.2,35,2,3128.9,42,3,3129.0,57,2,3129.1,105,4,3129.2,64,4,3129.3,88,5
2031,2026-06-16 12:10:44+05:30,3128.9,1,3130.01,1978630,128885.0,204802.0,3163.0,3163.0,3108.0,3134.3,31923600,3447.7,2820.9,3839.9,2896.0,3127.9,17,1,3127.8,40,1,3127.5,101,5,3127.3,96,3,3127.2,35,2,3128.9,42,3,3129.0,57,2,3129.1,105,4,3129.2,64,4,3129.3,88,5
2031,2026-06-16 12:10:44+05:30,3128.0,1,3130.01,1978632,130185.0,204355.0,3163.0,3163.0,3108.0,3134.3,31923600,3447.7,2820.9,3839.9,2896.0,3129.0,1,1,3128.1,191,2,3128.0,597,3,3127.9,74,4,3127.8,104,3,3129.1,18,1,3129.2,3,1,3129.3,18,1,3129.4,19,1,3129.6,161,4
2031,2026-06-16 12:10:45+05:30,3128.0,1,3130.01,1978632,130185.0,204355.0,3163.0,3163.0,3108.0,3134.3,31923600,3447.7,2820.9,3839.9,2896.0,3129.0,1,1,3128.1,191,2,3128.0,597,3,3127.9,74,4,3127.8,104,3,3129.1,18,1,3129.2,3,1,3129.3,18,1,3129.4,19,1,3129.6,161,4
2031,2026-06-16 12:10:45+05:30,3129.1,2,3130.01,1978637,130404.0,204293.0,3163.0,3163.0,3108.0,3134.3,31923600,3447.7,2820.9,3839.9,2896.0,3129.0,2,2,3128.2,63,1,3128.1,191,2,3128.0,597,3,3127.9,90,5,3129.3,18,1,3129.6,126,1,3129.8,31,1,3129.9,216,6,3130.0,207,4
2031,2026-06-16 12:10:46+05:30,3129.1,2,3130.01,1978637,130404.0,204293.0,3163.0,3163.0,3108.0,3134.3,31923600,3447.7,2820.9,3839.9,2896.0,3129.0,2,2,3128.2,63,1,3128.1,191,2,3128.0,597,3,3127.9,90,5,3129.3,18,1,3129.6,126,1,3129.8,31,1,3129.9,216,6,3130.0,207,4
2031,2026-06-16 12:10:46+05:30,3129.1,2,3130.01,1978637,130410.0,204275.0,3163.0,3163.0,3108.0,3134.3,31923600,3447.7,2820.9,3839.9,2896.0,3129.0,2,2,3128.2,63,1,3128.1,191,2,3128.0,597,3,3127.9,90,5,3129.3,18,1,3129.6,126,1,3129.8,31,1,3129.9,216,6,3130.0,207,4
2031,2026-06-16 12:10:47+05:30,3129.3,1,3130.01,1978638,130356.0,204406.0,3163.0,3163.0,3108.0,3134.3,31923600,3447.7,2820.9,3839.9,2896.0,3129.0,1,1,3128.2,63,1,3128.1,84,2,3128.0,597,3,3127.9,90,5,3129.3,18,2,3129.6,127,2,3129.8,60,2,3129.9,216,6,3130.0,207,4
2031,2026-06-16 12:10:48+05:30,3129.0,1,3130.01,1978638,130356.0,204406.0,3163.0,3163.0,3108.0,3134.3,31923600,3447.7,2820.9,3839.9,2896.0,3129.0,1,1,3128.2,63,1,3128.1,84,2,3128.0,597,3,3127.9,90,5,3129.3,18,2,3129.6,127,2,3129.8,60,2,3129.9,216,6,3130.0,207,4
2031,2026-06-16 12:10:48+05:30,3129.0,1,3130.01,1978639,130212.0,204375.0,3163.0,3163.0,3108.0,3134.3,31923600,3447.7,2820.9,3839.9,2896.0,3129.0,1,1,3128.9,17,1,3128.1,41,2,3128.0,576,2,3127.9,43,3,3129.3,39,4,3129.4,19,1,3129.5,20,1,3129.6,177,4,3129.7,81,2
2031,2026-06-16 12:10:49+05:30,3128.9,31,3130.01,1978639,130212.0,204375.0,3163.0,3163.0,3108.0,3134.3,31923600,3447.7,2820.9,3839.9,2896.0,3129.0,1,1,3128.9,17,1,3128.1,41,2,3128.0,576,2,3127.9,43,3,3129.3,39,4,3129.4,19,1,3129.5,20,1,3129.6,177,4,3129.7,81,2
2031,2026-06-16 12:10:49+05:30,3129.3,1,3130.01,1978679,130152.0,204181.0,3163.0,3163.0,3108.0,3134.3,31923600,3447.7,2820.9,3839.9,2896.0,3128.9,8,1,3128.2,17,1,3128.1,21,1,3128.0,630,3,3127.9,43,3,3129.3,45,5,3129.5,39,2,3129.6,158,3,3129.7,81,2,3129.8,50,2
2031,2026-06-16 12:10:50+05:30,3129.3,1,3130.01,1978679,130152.0,204181.0,3163.0,3163.0,3108.0,3134.3,31923600,3447.7,2820.9,3839.9,2896.0,3128.9,8,1,3128.2,17,1,3128.1,21,1,3128.0,630,3,3127.9,43,3,3129.3,45,5,3129.5,39,2,3129.6,158,3,3129.7,81,2,3129.8,50,2
2031,2026-06-16 12:10:50+05:30,3129.3,1,3130.01,1978680,130183.0,204194.0,3163.0,3163.0,3108.0,3134.3,31923600,3447.7,2820.9,3839.9,2896.0,3128.9,8,1,3128.2,17,1,3128.1,210,2,3128.0,630,3,3127.9,43,3,3129.3,45,6,3129.5,39,2,3129.6,158,3,3129.7,81,2,3129.8,50,2
2031,2026-06-16 12:10:51+05:30,3128.9,16,3130.01,1978680,130183.0,204194.0,3163.0,3163.0,3108.0,3134.3,31923600,3447.7,2820.9,3839.9,2896.0,3128.9,8,1,3128.2,17,1,3128.1,210,2,3128.0,630,3,3127.9,43,3,3129.3,45,6,3129.5,39,2,3129.6,158,3,3129.7,81,2,3129.8,50,2
2031,2026-06-16 12:10:52+05:30,3128.9,16,3130.01,1978708,129748.0,204464.0,3163.0,3163.0,3108.0,3134.3,31923600,3447.7,2820.9,3839.9,2896.0,3128.9,2,1,3128.4,15,1,3128.0,576,2,3127.9,77,3,3127.8,21,1,3129.1,27,2,3129.2,9,1,3129.3,45,6,3129.6,176,4,3129.7,81,2
2031,2026-06-16 12:10:52+05:30,3128.9,4,3130.01,1978708,129748.0,204464.0,3163.0,3163.0,3108.0,3134.3,31923600,3447.7,2820.9,3839.9,2896.0,3128.9,2,1,3128.4,15,1,3128.0,576,2,3127.9,77,3,3127.8,21,1,3129.1,27,2,3129.2,9,1,3129.3,45,6,3129.6,176,4,3129.7,81,2
2031,2026-06-16 12:10:53+05:30,3128.9,4,3130.01,1978712,129749.0,204525.0,3163.0,3163.0,3108.0,3134.3,31923600,3447.7,2820.9,3839.9,2896.0,3128.9,2,1,3128.4,15,1,3128.0,576,2,3127.9,77,3,3127.8,47,2,3129.1,27,2,3129.2,9,1,3129.3,64,7,3129.6,176,4,3129.7,81,2
2031,2026-06-16 12:10:54+05:30,3128.9,1,3130.01,1978713,129759.0,204518.0,3163.0,3163.0,3108.0,3134.3,31923600,3447.7,2820.9,3839.9,2896.0,3128.9,1,1,3128.4,15,1,3128.0,576,2,3127.9,77,3,3127.8,47,2,3129.1,27,2,3129.2,9,1,3129.3,64,7,3129.4,20,1,3129.6,176,4
2031,2026-06-16 12:10:54+05:30,3128.9,1,3130.01,1978713,129759.0,204518.0,3163.0,3163.0,3108.0,3134.3,31923600,3447.7,2820.9,3839.9,2896.0,3128.9,1,1,3128.4,15,1,3128.0,576,2,3127.9,77,3,3127.8,47,2,3129.1,27,2,3129.2,9,1,3129.3,64,7,3129.4,20,1,3129.6,176,4
2031,2026-06-16 12:10:54+05:30,3128.9,1,3130.01,1978713,129759.0,204518.0,3163.0,3163.0,3108.0,3134.3,31923600,3447.7,2820.9,3839.9,2896.0,3128.9,1,1,3128.4,15,1,3128.0,576,2,3127.9,77,3,3127.8,47,2,3129.1,27,2,3129.2,9,1,3129.3,64,7,3129.4,20,1,3129.6,176,4
2031,2026-06-16 12:10:55+05:30,3128.0,4,3130.01,1978887,129418.0,205412.0,3163.0,3163.0,3108.0,3134.3,31923600,3447.7,2820.9,3839.9,2896.0,3128.0,572,2,3127.9,1,1,3127.6,21,1,3127.5,20,1,3127.4,28,1,3128.7,192,1,3129.1,20,2,3129.2,9,1,3129.3,25,3,3129.4,150,6
2031,2026-06-16 12:10:55+05:30,3128.0,4,3130.01,1978887,129418.0,205412.0,3163.0,3163.0,3108.0,3134.3,31923600,3447.7,2820.9,3839.9,2896.0,3128.0,572,2,3127.9,1,1,3127.6,21,1,3127.5,20,1,3127.4,28,1,3128.7,192,1,3129.1,20,2,3129.2,9,1,3129.3,25,3,3129.4,150,6
2031,2026-06-16 12:10:55+05:30,3128.0,4,3130.01,1978887,129418.0,205412.0,3163.0,3163.0,3108.0,3134.3,31923600,3447.7,2820.9,3839.9,2896.0,3128.0,572,2,3127.9,1,1,3127.6,21,1,3127.5,20,1,3127.4,28,1,3128.7,192,1,3129.1,20,2,3129.2,9,1,3129.3,25,3,3129.4,150,6
2031,2026-06-16 12:10:56+05:30,3128.0,4,3130.01,1978887,129581.0,205399.0,3163.0,3163.0,3108.0,3134.3,31923600,3447.7,2820.9,3839.9,2896.0,3128.0,668,3,3127.9,39,3,3127.8,42,1,3127.7,21,1,3127.6,65,2,3128.7,199,3,3129.1,19,1,3129.3,73,4,3129.4,102,5,3129.5,48,2
2031,2026-06-16 12:10:57+05:30,3128.0,28,3130.01,1978930,129547.0,205327.0,3163.0,3163.0,3108.0,3134.3,31923600,3447.7,2820.9,3839.9,2896.0,3128.0,625,3,3127.9,18,2,3127.8,42,1,3127.6,44,1,3127.5,20,1,3128.7,200,4,3128.8,19,1,3129.0,19,1,3129.2,77,2,3129.3,24,2
2031,2026-06-16 12:10:57+05:30,3128.0,28,3130.01,1978930,129547.0,205327.0,3163.0,3163.0,3108.0,3134.3,31923600,3447.7,2820.9,3839.9,2896.0,3128.0,625,3,3127.9,18,2,3127.8,42,1,3127.6,44,1,3127.5,20,1,3128.7,200,4,3128.8,19,1,3129.0,19,1,3129.2,77,2,3129.3,24,2
2031,2026-06-16 12:10:58+05:30,3128.0,28,3130.01,1978930,129547.0,205327.0,3163.0,3163.0,3108.0,3134.3,31923600,3447.7,2820.9,3839.9,2896.0,3128.0,625,3,3127.9,18,2,3127.8,42,1,3127.6,44,1,3127.5,20,1,3128.7,200,4,3128.8,19,1,3129.0,19,1,3129.2,77,2,3129.3,24,2
2031,2026-06-16 12:10:58+05:30,3128.0,200,3130.01,1979131,129357.0,205330.0,3163.0,3163.0,3108.0,3134.3,31923600,3447.7,2820.9,3839.9,2896.0,3128.0,425,3,3127.9,18,2,3127.5,20,1,3127.4,28,1,3127.3,129,4,3128.7,200,5,3128.8,21,2,3129.0,19,1,3129.2,131,3,3129.3,44,3
2031,2026-06-16 12:10:58+05:30,3128.0,200,3130.01,1979131,129357.0,205330.0,3163.0,3163.0,3108.0,3134.3,31923600,3447.7,2820.9,3839.9,2896.0,3128.0,425,3,3127.9,18,2,3127.5,20,1,3127.4,28,1,3127.3,129,4,3128.7,200,5,3128.8,21,2,3129.0,19,1,3129.2,131,3,3129.3,44,3
2031,2026-06-16 12:10:59+05:30,3128.3,48,3130.01,1979179,129411.0,205405.0,3163.0,3163.0,3108.0,3134.3,31923600,3447.7,2820.9,3839.9,2896.0,3128.3,15,1,3128.0,490,4,3127.9,18,2,3127.5,100,3,3127.4,28,1,3128.7,200,5,3128.8,21,2,3129.0,26,2,3129.1,31,1,3129.2,83,2
2031,2026-06-16 12:10:59+05:30,3128.3,48,3130.01,1979179,129411.0,205405.0,3163.0,3163.0,3108.0,3134.3,31923600,3447.7,2820.9,3839.9,2896.0,3128.3,15,1,3128.0,490,4,3127.9,18,2,3127.5,100,3,3127.4,28,1,3128.7,200,5,3128.8,21,2,3129.0,26,2,3129.1,31,1,3129.2,83,2
2031,2026-06-16 12:10:59+05:30,3128.3,48,3130.01,1979179,129411.0,205405.0,3163.0,3163.0,3108.0,3134.3,31923600,3447.7,2820.9,3839.9,2896.0,3128.3,15,1,3128.0,490,4,3127.9,18,2,3127.5,100,3,3127.4,28,1,3128.7,200,5,3128.8,21,2,3129.0,26,2,3129.1,31,1,3129.2,83,2
2031,2026-06-16 12:11:00+05:30,3128.1,32,3130.01,1979376,128909.0,204973.0,3163.0,3163.0,3108.0,3134.3,31923600,3447.7,2820.9,3839.9,2896.0,3128.0,491,5,3127.9,18,2,3127.7,21,1,3127.5,54,1,3127.4,21,1,3128.1,125,1,3128.2,119,1,3128.7,9,4,3128.8,2,1,3129.0,26,2
2031,2026-06-16 12:11:00+05:30,3128.1,125,3130.01,1979376,128909.0,204973.0,3163.0,3163.0,3108.0,3134.3,31923600,3447.7,2820.9,3839.9,2896.0,3128.0,491,5,3127.9,18,2,3127.7,21,1,3127.5,54,1,3127.4,21,1,3128.1,125,1,3128.2,119,1,3128.7,9,4,3128.8,2,1,3129.0,26,2
2031,2026-06-16 12:11:01+05:30,3128.1,1,3130.01,1979506,129034.0,204873.0,3163.0,3163.0,3108.0,3134.3,31923600,3447.7,2820.9,3839.9,2896.0,3128.0,500,6,3127.9,1,1,3127.8,5,1,3127.6,30,2,3127.5,75,2,3128.1,2,1,3128.2,119,1,3128.7,2,2,3128.8,2,1,3129.0,7,1
2031,2026-06-16 12:11:01+05:30,3128.1,1,3130.01,1979506,129034.0,204873.0,3163.0,3163.0,3108.0,3134.3,31923600,3447.7,2820.9,3839.9,2896.0,3128.0,500,6,3127.9,1,1,3127.8,5,1,3127.6,30,2,3127.5,75,2,3128.1,2,1,3128.2,119,1,3128.7,2,2,3128.8,2,1,3129.0,7,1
2031,2026-06-16 12:11:02+05:30,3128.1,1,3130.01,1979506,129034.0,204873.0,3163.0,3163.0,3108.0,3134.3,31923600,3447.7,2820.9,3839.9,2896.0,3128.0,500,6,3127.9,1,1,3127.8,5,1,3127.6,30,2,3127.5,75,2,3128.1,2,1,3128.2,119,1,3128.7,2,2,3128.8,2,1,3129.0,7,1
2031,2026-06-16 12:11:02+05:30,3128.0,8,3130.01,1979506,129034.0,204873.0,3163.0,3163.0,3108.0,3134.3,31923600,3447.7,2820.9,3839.9,2896.0,3128.0,500,6,3127.9,1,1,3127.8,5,1,3127.6,30,2,3127.5,75,2,3128.1,2,1,3128.2,119,1,3128.7,2,2,3128.8,2,1,3129.0,7,1
2031,2026-06-16 12:11:02+05:30,3128.0,8,3130.01,1979564,128995.0,205094.0,3163.0,3163.0,3108.0,3134.3,31923600,3447.7,2820.9,3839.9,2896.0,3128.0,433,5,3127.9,1,1,3127.5,54,1,3127.4,34,2,3127.3,142,5,3128.1,19,2,3128.2,119,1,3128.7,2,2,3129.0,12,1,3129.2,84,2
2031,2026-06-16 12:11:03+05:30,3128.0,1,3130.01,1979564,128995.0,205094.0,3163.0,3163.0,3108.0,3134.3,31923600,3447.7,2820.9,3839.9,2896.0,3128.0,433,5,3127.9,1,1,3127.5,54,1,3127.4,34,2,3127.3,142,5,3128.1,19,2,3128.2,119,1,3128.7,2,2,3129.0,12,1,3129.2,84,2
2031,2026-06-16 12:11:03+05:30,3128.0,1,3130.01,1979565,129013.0,205146.0,3163.0,3163.0,3108.0,3134.3,31923600,3447.7,2820.9,3839.9,2896.0,3128.0,432,5,3127.9,1,1,3127.5,75,2,3127.4,34,2,3127.3,142,5,3128.1,66,4,3128.2,119,1,3128.7,1,1,3129.0,17,2,3129.1,19,1
2031,2026-06-16 12:11:03+05:30,3128.0,1,3130.01,1979565,129013.0,205146.0,3163.0,3163.0,3108.0,3134.3,31923600,3447.7,2820.9,3839.9,2896.0,3128.0,432,5,3127.9,1,1,3127.5,75,2,3127.4,34,2,3127.3,142,5,3128.1,66,4,3128.2,119,1,3128.7,1,1,3129.0,17,2,3129.1,19,1
2031,2026-06-16 12:11:04+05:30,3128.1,1,3130.01,1979565,129013.0,205146.0,3163.0,3163.0,3108.0,3134.3,31923600,3447.7,2820.9,3839.9,2896.0,3128.0,432,5,3127.9,1,1,3127.5,75,2,3127.4,34,2,3127.3,142,5,3128.1,66,4,3128.2,119,1,3128.7,1,1,3129.0,17,2,3129.1,19,1
2031,2026-06-16 12:11:04+05:30,3128.1,1,3130.01,1979581,129011.0,204940.0,3163.0,3163.0,3108.0,3134.3,31923600,3447.7,2820.9,3839.9,2896.0,3128.0,417,5,3127.9,18,2,3127.5,54,1,3127.3,103,3,3127.2,38,2,3128.1,65,4,3128.2,119,1,3128.7,1,1,3128.8,19,1,3128.9,29,1
2031,2026-06-16 12:11:05+05:30,3128.1,1,3130.01,1979581,129011.0,204940.0,3163.0,3163.0,3108.0,3134.3,31923600,3447.7,2820.9,3839.9,2896.0,3128.0,417,5,3127.9,18,2,3127.5,54,1,3127.3,103,3,3127.2,38,2,3128.1,65,4,3128.2,119,1,3128.7,1,1,3128.8,19,1,3128.9,29,1
2031,2026-06-16 12:11:05+05:30,3128.0,119,3130.01,1979581,129011.0,204940.0,3163.0,3163.0,3108.0,3134.3,31923600,3447.7,2820.9,3839.9,2896.0,3128.0,417,5,3127.9,18,2,3127.5,54,1,3127.3,103,3,3127.2,38,2,3128.1,65,4,3128.2,119,1,3128.7,1,1,3128.8,19,1,3128.9,29,1
2031,2026-06-16 12:11:05+05:30,3128.0,119,3130.01,1979701,128735.0,205192.0,3163.0,3163.0,3108.0,3134.3,31923600,3447.7,2820.9,3839.9,2896.0,3128.0,298,5,3127.9,18,2,3127.5,54,1,3127.3,103,3,3127.2,38,2,3128.1,64,3,3128.7,1,1,3128.8,19,1,3128.9,29,1,3129.0,36,3
2031,2026-06-16 12:11:05+05:30,3128.0,119,3130.01,1979701,128735.0,205192.0,3163.0,3163.0,3108.0,3134.3,31923600,3447.7,2820.9,3839.9,2896.0,3128.0,298,5,3127.9,18,2,3127.5,54,1,3127.3,103,3,3127.2,38,2,3128.1,64,3,3128.7,1,1,3128.8,19,1,3128.9,29,1,3129.0,36,3
2031,2026-06-16 12:11:06+05:30,3128.0,119,3130.01,1979701,128735.0,205192.0,3163.0,3163.0,3108.0,3134.3,31923600,3447.7,2820.9,3839.9,2896.0,3128.0,298,5,3127.9,18,2,3127.5,54,1,3127.3,103,3,3127.2,38,2,3128.1,64,3,3128.7,1,1,3128.8,19,1,3128.9,29,1,3129.0,36,3
2031,2026-06-16 12:11:06+05:30,3128.1,48,3130.01,1979772,129168.0,205186.0,3163.0,3163.0,3108.0,3134.3,31923600,3447.7,2820.9,3839.9,2896.0,3128.0,298,5,3127.9,16,2,3127.5,74,2,3127.3,143,5,3127.2,38,2,3128.7,1,1,3128.8,19,1,3129.0,42,3,3129.2,133,3,3129.3,170,3
2031,2026-06-16 12:11:07+05:30,3128.1,48,3130.01,1979772,129168.0,205186.0,3163.0,3163.0,3108.0,3134.3,31923600,3447.7,2820.9,3839.9,2896.0,3128.0,298,5,3127.9,16,2,3127.5,74,2,3127.3,143,5,3127.2,38,2,3128.7,1,1,3128.8,19,1,3129.0,42,3,3129.2,133,3,3129.3,170,3
2031,2026-06-16 12:11:07+05:30,3128.0,14,3130.01,1979772,129168.0,205186.0,3163.0,3163.0,3108.0,3134.3,31923600,3447.7,2820.9,3839.9,2896.0,3128.0,298,5,3127.9,16,2,3127.5,74,2,3127.3,143,5,3127.2,38,2,3128.7,1,1,3128.8,19,1,3129.0,42,3,3129.2,133,3,3129.3,170,3
2031,2026-06-16 12:11:07+05:30,3128.0,14,3130.01,1979806,128788.0,205286.0,3163.0,3163.0,3108.0,3134.3,31923600,3447.7,2820.9,3839.9,2896.0,3128.0,199,4,3127.9,16,2,3127.5,20,1,3127.3,96,3,3127.2,37,2,3128.7,2,2,3128.8,29,3,3129.0,88,5,3129.1,72,2,3129.2,133,3
2031,2026-06-16 12:11:08+05:30,3128.0,14,3130.01,1979806,128788.0,205286.0,3163.0,3163.0,3108.0,3134.3,31923600,3447.7,2820.9,3839.9,2896.0,3128.0,199,4,3127.9,16,2,3127.5,20,1,3127.3,96,3,3127.2,37,2,3128.7,2,2,3128.8,29,3,3129.0,88,5,3129.1,72,2,3129.2,133,3
2031,2026-06-16 12:11:08+05:30,3128.0,9,3130.01,1979806,128788.0,205286.0,3163.0,3163.0,3108.0,3134.3,31923600,3447.7,2820.9,3839.9,2896.0,3128.0,199,4,3127.9,16,2,3127.5,20,1,3127.3,96,3,3127.2,37,2,3128.7,2,2,3128.8,29,3,3129.0,88,5,3129.1,72,2,3129.2,133,3
2031,2026-06-16 12:11:08+05:30,3128.0,9,3130.01,1979816,128975.0,205286.0,3163.0,3163.0,3108.0,3134.3,31923600,3447.7,2820.9,3839.9,2896.0,3128.0,189,4,3127.9,16,2,3127.5,20,1,3127.3,96,3,3127.2,14,1,3128.7,2,2,3128.8,29,3,3129.0,88,5,3129.1,72,2,3129.2,153,4
2031,2026-06-16 12:11:09+05:30,3128.0,9,3130.01,1979816,128975.0,205286.0,3163.0,3163.0,3108.0,3134.3,31923600,3447.7,2820.9,3839.9,2896.0,3128.0,189,4,3127.9,16,2,3127.5,20,1,3127.3,96,3,3127.2,14,1,3128.7,2,2,3128.8,29,3,3129.0,88,5,3129.1,72,2,3129.2,153,4
2031,2026-06-16 12:11:09+05:30,3128.0,1,3130.01,1979816,128975.0,205286.0,3163.0,3163.0,3108.0,3134.3,31923600,3447.7,2820.9,3839.9,2896.0,3128.0,189,4,3127.9,16,2,3127.5,20,1,3127.3,96,3,3127.2,14,1,3128.7,2,2,3128.8,29,3,3129.0,88,5,3129.1,72,2,3129.2,153,4
2031,2026-06-16 12:11:09+05:30,3128.0,1,3130.01,1979816,128975.0,205286.0,3163.0,3163.0,3108.0,3134.3,31923600,3447.7,2820.9,3839.9,2896.0,3128.0,189,4,3127.9,16,2,3127.5,20,1,3127.3,96,3,3127.2,14,1,3128.7,2,2,3128.8,29,3,3129.0,88,5,3129.1,72,2,3129.2,153,4
2031,2026-06-16 12:11:10+05:30,3128.0,3,3130.01,1979820,128980.0,205286.0,3163.0,3163.0,3108.0,3134.3,31923600,3447.7,2820.9,3839.9,2896.0,3128.0,185,4,3127.9,16,2,3127.5,20,1,3127.3,96,3,3127.2,14,1,3128.7,2,2,3128.8,29,3,3129.0,88,5,3129.1,72,2,3129.2,153,4
2031,2026-06-16 12:11:10+05:30,3128.4,8,3130.01,1979820,128980.0,205286.0,3163.0,3163.0,3108.0,3134.3,31923600,3447.7,2820.9,3839.9,2896.0,3128.0,185,4,3127.9,16,2,3127.5,20,1,3127.3,96,3,3127.2,14,1,3128.7,2,2,3128.8,29,3,3129.0,88,5,3129.1,72,2,3129.2,153,4
2031,2026-06-16 12:11:10+05:30,3128.4,8,3130.01,1979820,128980.0,205286.0,3163.0,3163.0,3108.0,3134.3,31923600,3447.7,2820.9,3839.9,2896.0,3128.0,185,4,3127.9,16,2,3127.5,20,1,3127.3,96,3,3127.2,14,1,3128.7,2,2,3128.8,29,3,3129.0,88,5,3129.1,72,2,3129.2,153,4
2031,2026-06-16 12:11:11+05:30,3128.2,1,3130.01,1979896,128160.0,206226.0,3163.0,3163.0,3108.0,3134.3,31923600,3447.7,2820.9,3839.9,2896.0,3128.2,15,1,3128.0,184,3,3127.9,1,1,3127.3,21,1,3127.2,35,2,3128.4,190,1,3128.6,18,1,3128.7,244,4,3128.8,58,4,3128.9,200,3
2031,2026-06-16 12:11:11+05:30,3128.2,1,3130.01,1979896,128160.0,206226.0,3163.0,3163.0,3108.0,3134.3,31923600,3447.7,2820.9,3839.9,2896.0,3128.2,15,1,3128.0,184,3,3127.9,1,1,3127.3,21,1,3127.2,35,2,3128.4,190,1,3128.6,18,1,3128.7,244,4,3128.8,58,4,3128.9,200,3
2031,2026-06-16 12:11:11+05:30,3128.3,171,3130.01,1979896,128160.0,206226.0,3163.0,3163.0,3108.0,3134.3,31923600,3447.7,2820.9,3839.9,2896.0,3128.2,15,1,3128.0,184,3,3127.9,1,1,3127.3,21,1,3127.2,35,2,3128.4,190,1,3128.6,18,1,3128.7,244,4,3128.8,58,4,3128.9,200,3
2031,2026-06-16 12:11:12+05:30,3128.3,171,3130.01,1979896,128160.0,206226.0,3163.0,3163.0,3108.0,3134.3,31923600,3447.7,2820.9,3839.9,2896.0,3128.2,15,1,3128.0,184,3,3127.9,1,1,3127.3,21,1,3127.2,35,2,3128.4,190,1,3128.6,18,1,3128.7,244,4,3128.8,58,4,3128.9,200,3
2031,2026-06-16 12:11:12+05:30,3128.3,11,3130.01,1980078,129255.0,206039.0,3163.0,3163.0,3108.0,3134.3,31923600,3447.7,2820.9,3839.9,2896.0,3128.2,38,1,3128.0,184,3,3127.9,1,1,3127.3,75,2,3127.2,35,2,3128.3,18,1,3128.4,190,1,3128.6,18,1,3128.7,44,3,3128.8,58,4
2031,2026-06-16 12:11:12+05:30,3128.3,11,3130.01,1980078,129255.0,206039.0,3163.0,3163.0,3108.0,3134.3,31923600,3447.7,2820.9,3839.9,2896.0,3128.2,38,1,3128.0,184,3,3127.9,1,1,3127.3,75,2,3127.2,35,2,3128.3,18,1,3128.4,190,1,3128.6,18,1,3128.7,44,3,3128.8,58,4
2031,2026-06-16 12:11:13+05:30,3128.3,11,3130.01,1980078,129255.0,206039.0,3163.0,3163.0,3108.0,3134.3,31923800,3447.7,2820.9,3839.9,2896.0,3128.2,38,1,3128.0,184,3,3127.9,1,1,3127.3,75,2,3127.2,35,2,3128.3,18,1,3128.4,190,1,3128.6,18,1,3128.7,44,3,3128.8,58,4
2031,2026-06-16 12:11:13+05:30,3128.0,1,3130.01,1980118,129231.0,206121.0,3163.0,3163.0,3108.0,3134.3,31923800,3447.7,2820.9,3839.9,2896.0,3128.0,182,3,3127.9,15,2,3127.3,75,2,3127.2,58,3,3127.1,66,3,3128.3,48,3,3128.4,190,1,3128.6,18,1,3128.7,43,2,3128.8,58,4
2031,2026-06-16 12:11:13+05:30,3128.0,1,3130.01,1980118,129231.0,206121.0,3163.0,3163.0,3108.0,3134.3,31923800,3447.7,2820.9,3839.9,2896.0,3128.0,182,3,3127.9,15,2,3127.3,75,2,3127.2,58,3,3127.1,66,3,3128.3,48,3,3128.4,190,1,3128.6,18,1,3128.7,43,2,3128.8,58,4
2031,2026-06-16 12:11:14+05:30,3128.0,3,3130.01,1980121,129228.0,206119.0,3163.0,3163.0,3108.0,3134.3,31923800,3447.7,2820.9,3839.9,2896.0,3128.0,179,3,3127.9,15,2,3127.3,75,2,3127.2,58,3,3127.1,66,3,3128.3,49,4,3128.4,190,1,3128.6,18,1,3128.7,43,2,3128.8,58,4
2031,2026-06-16 12:11:14+05:30,3128.0,3,3130.01,1980121,129228.0,206119.0,3163.0,3163.0,3108.0,3134.3,31923800,3447.7,2820.9,3839.9,2896.0,3128.0,179,3,3127.9,15,2,3127.3,75,2,3127.2,58,3,3127.1,66,3,3128.3,49,4,3128.4,190,1,3128.6,18,1,3128.7,43,2,3128.8,58,4
2031,2026-06-16 12:11:15+05:30,3128.0,10,3130.01,1980131,129200.0,206152.0,3163.0,3163.0,3108.0,3134.3,31923800,3447.7,2820.9,3839.9,2896.0,3128.0,170,4,3127.9,15,2,3127.3,21,1,3127.2,35,2,3127.1,66,3,3128.3,75,5,3128.4,190,1,3128.6,18,1,3128.7,43,2,3128.8,58,4
2031,2026-06-16 12:11:15+05:30,3128.0,10,3130.01,1980131,129200.0,206152.0,3163.0,3163.0,3108.0,3134.3,31923800,3447.7,2820.9,3839.9,2896.0,3128.0,170,4,3127.9,15,2,3127.3,21,1,3127.2,35,2,3127.1,66,3,3128.3,75,5,3128.4,190,1,3128.6,18,1,3128.7,43,2,3128.8,58,4
2031,2026-06-16 12:11:16+05:30,3128.0,1,3130.01,1980329,128452.0,205985.0,3163.0,3163.0,3108.0,3134.3,31923800,3447.7,2820.9,3839.9,2896.0,3128.0,7,2,3127.9,15,2,3127.3,42,2,3127.1,66,3,3127.0,76,2,3128.1,17,1,3128.3,75,5,3128.6,18,1,3128.7,117,4,3128.8,216,6
2031,2026-06-16 12:11:16+05:30,3128.1,17,3130.01,1980329,128452.0,205985.0,3163.0,3163.0,3108.0,3134.3,31923800,3447.7,2820.9,3839.9,2896.0,3128.0,7,2,3127.9,15,2,3127.3,42,2,3127.1,66,3,3127.0,76,2,3128.1,17,1,3128.3,75,5,3128.6,18,1,3128.7,117,4,3128.8,216,6
2031,2026-06-16 12:11:17+05:30,3128.3,1,3130.01,1980433,128328.0,205940.0,3163.0,3163.0,3108.0,3134.3,31923800,3447.7,2820.9,3839.9,2896.0,3128.1,15,1,3128.0,7,2,3127.9,1,1,3127.3,42,2,3127.1,66,3,3128.3,56,4,3128.5,18,1,3128.7,88,2,3128.8,204,6,3128.9,54,1
2031,2026-06-16 12:11:17+05:30,3128.3,1,3130.01,1980433,128328.0,205940.0,3163.0,3163.0,3108.0,3134.3,31923800,3447.7,2820.9,3839.9,2896.0,3128.1,15,1,3128.0,7,2,3127.9,1,1,3127.3,42,2,3127.1,66,3,3128.3,56,4,3128.5,18,1,3128.7,88,2,3128.8,204,6,3128.9,54,1
2031,2026-06-16 12:11:18+05:30,3128.3,1,3130.01,1980433,128410.0,205936.0,3163.0,3163.0,3108.0,3134.3,31923800,3447.7,2820.9,3839.9,2896.0,3128.1,15,1,3128.0,7,2,3127.9,1,1,3127.3,42,2,3127.1,66,3,3128.2,1,1,3128.3,29,3,3128.4,18,1,3128.6,18,1,3128.7,88,2
2031,2026-06-16 12:11:19+05:30,3128.3,1,3130.01,1980433,128446.0,205884.0,3163.0,3163.0,3108.0,3134.3,31923800,3447.7,2820.9,3839.9,2896.0,3128.1,15,1,3128.0,7,2,3127.9,18,2,3127.3,42,2,3127.1,66,3,3128.2,1,1,3128.3,29,3,3128.4,18,1,3128.6,18,1,3128.7,34,1
2031,2026-06-16 12:11:20+05:30,3128.3,1,3130.01,1980433,128445.0,205956.0,3163.0,3163.0,3108.0,3134.3,31923800,3447.7,2820.9,3839.9,2896.0,3128.1,15,1,3128.0,7,2,3127.9,18,2,3127.3,42,2,3127.1,66,3,3128.2,9,2,3128.3,29,3,3128.5,18,1,3128.7,34,1,3128.8,184,5
2031,2026-06-16 12:11:21+05:30,3128.2,1,3130.01,1980433,128445.0,205956.0,3163.0,3163.0,3108.0,3134.3,31923800,3447.7,2820.9,3839.9,2896.0,3128.1,15,1,3128.0,7,2,3127.9,18,2,3127.3,42,2,3127.1,66,3,3128.2,9,2,3128.3,29,3,3128.5,18,1,3128.7,34,1,3128.8,184,5
2031,2026-06-16 12:11:21+05:30,3128.2,1,3130.01,1980434,128445.0,205862.0,3163.0,3163.0,3108.0,3134.3,31923800,3447.7,2820.9,3839.9,2896.0,3128.1,15,1,3128.0,7,2,3127.9,18,2,3127.3,42,2,3127.1,66,3,3128.2,27,3,3128.3,1,1,3128.5,18,1,3128.8,211,6,3129.0,210,11
2031,2026-06-16 12:11:22+05:30,3128.2,53,3130.01,1980434,128445.0,205862.0,3163.0,3163.0,3108.0,3134.3,31923800,3447.7,2820.9,3839.9,2896.0,3128.1,15,1,3128.0,7,2,3127.9,18,2,3127.3,42,2,3127.1,66,3,3128.2,27,3,3128.3,1,1,3128.5,18,1,3128.8,211,6,3129.0,210,11
2031,2026-06-16 12:11:22+05:30,3128.2,53,3130.01,1980847,128395.0,205900.0,3163.0,3163.0,3108.0,3134.3,31923800,3447.7,2820.9,3839.9,2896.0,3127.1,28,1,3126.7,62,3,3126.6,37,2,3126.5,48,2,3126.4,78,3,3128.2,19,2,3128.3,10,3,3128.4,46,3,3128.5,161,4,3128.6,261,5
2031,2026-06-16 12:11:23+05:30,3128.2,5,3130.01,1980847,128395.0,205900.0,3163.0,3163.0,3108.0,3134.3,31923800,3447.7,2820.9,3839.9,2896.0,3127.1,28,1,3126.7,62,3,3126.6,37,2,3126.5,48,2,3126.4,78,3,3128.2,19,2,3128.3,10,3,3128.4,46,3,3128.5,161,4,3128.6,261,5
2031,2026-06-16 12:11:23+05:30,3127.1,28,3130.01,1980880,128378.0,205852.0,3163.0,3163.0,3108.0,3134.3,31923800,3447.7,2820.9,3839.9,2896.0,3127.1,2,1,3126.8,208,3,3126.7,106,4,3126.6,44,3,3126.5,88,5,3128.1,26,3,3128.2,86,6,3128.3,10,3,3128.4,20,1,3128.5,54,1
2031,2026-06-16 12:11:24+05:30,3127.1,14,3130.01,1980880,128378.0,205852.0,3163.0,3163.0,3108.0,3134.3,31923800,3447.7,2820.9,3839.9,2896.0,3127.1,2,1,3126.8,208,3,3126.7,106,4,3126.6,44,3,3126.5,88,5,3128.1,26,3,3128.2,86,6,3128.3,10,3,3128.4,20,1,3128.5,54,1
2031,2026-06-16 12:11:24+05:30,3127.1,14,3130.01,1980895,128390.0,205967.0,3163.0,3163.0,3108.0,3134.3,31923800,3447.7,2820.9,3839.9,2896.0,3126.8,227,3,3126.7,88,3,3126.6,9,1,3126.5,92,5,3126.4,81,4,3128.1,100,6,3128.2,86,6,3128.3,10,3,3128.5,114,4,3128.6,333,5
2031,2026-06-16 12:11:25+05:30,3127.1,14,3130.01,1980895,128375.0,205960.0,3163.0,3163.0,3108.0,3134.3,31923800,3447.7,2820.9,3839.9,2896.0,3126.8,42,3,3126.7,98,4,3126.6,27,2,3126.5,245,5,3126.4,81,4,3128.1,140,7,3128.2,81,5,3128.3,28,4,3128.5,115,4,3128.6,333,5
2031,2026-06-16 12:11:26+05:30,3128.1,1,3130.01,1980896,128329.0,205982.0,3163.0,3163.0,3108.0,3134.3,31923800,3447.7,2820.9,3839.9,2896.0,3127.1,1,1,3126.8,22,2,3126.7,69,2,3126.6,27,2,3126.5,71,4,3128.1,216,9,3128.2,53,5,3128.3,28,4,3128.5,95,3,3128.6,333,5
2031,2026-06-16 12:11:27+05:30,3127.1,1,3130.01,1980896,128329.0,205982.0,3163.0,3163.0,3108.0,3134.3,31923800,3447.7,2820.9,3839.9,2896.0,3127.1,1,1,3126.8,22,2,3126.7,69,2,3126.6,27,2,3126.5,71,4,3128.1,216,9,3128.2,53,5,3128.3,28,4,3128.5,95,3,3128.6,333,5
2031,2026-06-16 12:11:27+05:30,3127.1,1,3130.01,1980897,128369.0,206010.0,3163.0,3163.0,3108.0,3134.3,31923800,3447.7,2820.9,3839.9,2896.0,3126.8,22,2,3126.7,23,1,3126.6,49,3,3126.5,49,3,3126.4,81,4,3128.1,216,9,3128.2,53,5,3128.3,28,4,3128.4,20,1,3128.5,95,3
2031,2026-06-16 12:11:28+05:30,3127.1,1,3130.01,1980897,128393.0,206003.0,3163.0,3163.0,3108.0,3134.3,31923800,3447.7,2820.9,3839.9,2896.0,3126.8,22,2,3126.7,23,1,3126.6,49,3,3126.5,49,3,3126.4,102,5,3128.1,216,9,3128.2,33,4,3128.3,48,5,3128.4,20,1,3128.5,95,3
2031,2026-06-16 12:11:29+05:30,3128.1,40,3130.01,1980897,128393.0,206003.0,3163.0,3163.0,3108.0,3134.3,31923800,3447.7,2820.9,3839.9,2896.0,3126.8,22,2,3126.7,23,1,3126.6,49,3,3126.5,49,3,3126.4,102,5,3128.1,216,9,3128.2,33,4,3128.3,48,5,3128.4,20,1,3128.5,95,3
2031,2026-06-16 12:11:29+05:30,3128.1,40,3130.01,1980993,128378.0,205835.0,3163.0,3163.0,3108.0,3134.3,31923800,3447.7,2820.9,3839.9,2896.0,3126.9,16,2,3126.8,34,3,3126.7,69,2,3126.6,14,2,3126.5,49,3,3128.1,72,3,3128.2,24,3,3128.3,30,4,3128.4,20,1,3128.5,95,3
2031,2026-06-16 12:11:30+05:30,3128.1,1,3130.01,1980993,128378.0,205835.0,3163.0,3163.0,3108.0,3134.3,31923800,3447.7,2820.9,3839.9,2896.0,3126.9,16,2,3126.8,34,3,3126.7,69,2,3126.6,14,2,3126.5,49,3,3128.1,72,3,3128.2,24,3,3128.3,30,4,3128.4,20,1,3128.5,95,3
2031,2026-06-16 12:11:30+05:30,3128.1,2,3130.01,1980998,128527.0,205955.0,3163.0,3163.0,3108.0,3134.3,31923800,3447.7,2820.9,3839.9,2896.0,3127.5,2,2,3127.1,36,2,3127.0,29,5,3126.9,77,4,3126.8,43,3,3128.1,68,3,3128.2,1,1,3128.3,1,1,3128.5,7,1,3128.6,222,3
2031,2026-06-16 12:11:31+05:30,3127.5,1,3130.01,1980998,128527.0,205955.0,3163.0,3163.0,3108.0,3134.3,31923800,3447.7,2820.9,3839.9,2896.0,3127.5,2,2,3127.1,36,2,3127.0,29,5,3126.9,77,4,3126.8,43,3,3128.1,68,3,3128.2,1,1,3128.3,1,1,3128.5,7,1,3128.6,222,3
2031,2026-06-16 12:11:31+05:30,3127.5,1,3130.01,1980999,128278.0,205918.0,3163.0,3163.0,3108.0,3134.3,31923800,3447.7,2820.9,3839.9,2896.0,3127.5,4,3,3127.2,21,1,3127.0,29,5,3126.9,58,4,3126.8,43,3,3128.1,30,2,3128.2,1,1,3128.3,1,1,3128.5,7,1,3128.6,222,3
2031,2026-06-16 12:11:32+05:30,3127.5,1,3130.01,1980999,128278.0,205918.0,3163.0,3163.0,3108.0,3134.3,31923800,3447.7,2820.9,3839.9,2896.0,3127.5,4,3,3127.2,21,1,3127.0,29,5,3126.9,58,4,3126.8,43,3,3128.1,30,2,3128.2,1,1,3128.3,1,1,3128.5,7,1,3128.6,222,3
2031,2026-06-16 12:11:32+05:30,3127.5,1,3130.01,1981001,128440.0,206052.0,3163.0,3163.0,3108.0,3134.3,31923800,3447.7,2820.9,3839.9,2896.0,3127.6,17,1,3127.5,4,3,3127.3,10,1,3127.2,21,1,3127.0,10,4,3128.1,29,2,3128.2,1,1,3128.3,1,1,3128.5,7,1,3128.6,222,3
2031,2026-06-16 12:11:33+05:30,3127.9,18,3130.01,1981001,128440.0,206052.0,3163.0,3163.0,3108.0,3134.3,31923800,3447.7,2820.9,3839.9,2896.0,3127.6,17,1,3127.5,4,3,3127.3,10,1,3127.2,21,1,3127.0,10,4,3128.1,29,2,3128.2,1,1,3128.3,1,1,3128.5,7,1,3128.6,222,3
2031,2026-06-16 12:11:33+05:30,3127.9,18,3130.01,1981021,128250.0,206102.0,3163.0,3163.0,3108.0,3134.3,31923800,3447.7,2820.9,3839.9,2896.0,3128.0,27,1,3127.9,18,1,3127.6,1,1,3127.5,4,3,3127.2,32,2,3128.1,52,3,3128.3,1,1,3128.5,7,1,3128.6,207,2,3128.7,133,2
2031,2026-06-16 12:11:34+05:30,3128.1,16,3130.01,1981021,128250.0,206102.0,3163.0,3163.0,3108.0,3134.3,31923800,3447.7,2820.9,3839.9,2896.0,3128.0,27,1,3127.9,18,1,3127.6,1,1,3127.5,4,3,3127.2,32,2,3128.1,52,3,3128.3,1,1,3128.5,7,1,3128.6,207,2,3128.7,133,2
2031,2026-06-16 12:11:34+05:30,3128.1,16,3130.01,1981118,129071.0,205912.0,3163.0,3163.0,3108.0,3134.3,31923800,3447.7,2820.9,3839.9,2896.0,3128.1,1,1,3128.0,18,2,3127.7,21,1,3127.6,18,2,3127.5,4,3,3128.3,1,1,3128.5,7,1,3128.6,207,2,3128.7,133,2,3128.8,66,2
2031,2026-06-16 12:11:35+05:30,3128.0,6,3130.01,1981118,129071.0,205912.0,3163.0,3163.0,3108.0,3134.3,31923800,3447.7,2820.9,3839.9,2896.0,3128.1,1,1,3128.0,18,2,3127.7,21,1,3127.6,18,2,3127.5,4,3,3128.3,1,1,3128.5,7,1,3128.6,207,2,3128.7,133,2,3128.8,66,2
2031,2026-06-16 12:11:35+05:30,3128.0,6,3130.01,1981142,129057.0,206197.0,3163.0,3163.0,3108.0,3134.3,31923800,3447.7,2820.9,3839.9,2896.0,3128.2,2,2,3128.0,2,1,3127.6,1,1,3127.5,2,1,3127.3,35,2,3128.3,1,1,3128.5,7,1,3128.6,224,3,3128.7,133,2,3128.8,103,4
2031,2026-06-16 12:11:36+05:30,3128.3,3,3130.01,1981142,129057.0,206197.0,3163.0,3163.0,3108.0,3134.3,31923800,3447.7,2820.9,3839.9,2896.0,3128.2,2,2,3128.0,2,1,3127.6,1,1,3127.5,2,1,3127.3,35,2,3128.3,1,1,3128.5,7,1,3128.6,224,3,3128.7,133,2,3128.8,103,4
2031,2026-06-16 12:11:36+05:30,3128.3,3,3130.01,1981151,129162.0,206030.0,3163.0,3163.0,3108.0,3134.3,31923800,3447.7,2820.9,3839.9,2896.0,3128.4,1,1,3128.3,12,1,3128.0,1,1,3127.6,1,1,3127.5,44,3,3128.6,207,2,3128.7,133,2,3128.9,28,2,3129.0,149,6,3129.1,200,1
2031,2026-06-16 12:11:37+05:30,3128.6,1,3130.01,1981151,129162.0,206030.0,3163.0,3163.0,3108.0,3134.3,31923800,3447.7,2820.9,3839.9,2896.0,3128.4,1,1,3128.3,12,1,3128.0,1,1,3127.6,1,1,3127.5,44,3,3128.6,207,2,3128.7,133,2,3128.9,28,2,3129.0,149,6,3129.1,200,1
2031,2026-06-16 12:11:38+05:30,3127.9,44,3130.01,1981369,129238.0,205484.0,3163.0,3163.0,3108.0,3134.3,31923800,3447.7,2820.9,3839.9,2896.0,3127.9,16,1,3127.8,21,1,3127.6,19,2,3127.5,43,3,3127.4,16,1,3128.7,133,2,3128.9,8,1,3129.0,50,4,3129.1,200,1,3129.2,437,4
2031,2026-06-16 12:11:38+05:30,3127.9,44,3130.01,1981369,129238.0,205484.0,3163.0,3163.0,3108.0,3134.3,31923800,3447.7,2820.9,3839.9,2896.0,3127.9,16,1,3127.8,21,1,3127.6,19,2,3127.5,43,3,3127.4,16,1,3128.7,133,2,3128.9,8,1,3129.0,50,4,3129.1,200,1,3129.2,437,4
2031,2026-06-16 12:11:39+05:30,3127.9,44,3130.01,1981369,129149.0,206057.0,3163.0,3163.0,3108.0,3134.3,31923800,3447.7,2820.9,3839.9,2896.0,3128.5,1,1,3128.3,4,1,3127.9,16,1,3127.8,21,1,3127.6,19,2,3128.6,40,1,3128.7,133,2,3128.9,28,2,3129.0,88,5,3129.1,216,2
2031,2026-06-16 12:11:39+05:30,3127.6,4,3130.01,1981369,129149.0,206057.0,3163.0,3163.0,3108.0,3134.3,31923800,3447.7,2820.9,3839.9,2896.0,3128.5,1,1,3128.3,4,1,3127.9,16,1,3127.8,21,1,3127.6,19,2,3128.6,40,1,3128.7,133,2,3128.9,28,2,3129.0,88,5,3129.1,216,2
2031,2026-06-16 12:11:40+05:30,3127.7,4,3130.01,1981577,128568.0,205568.0,3163.0,3163.0,3108.0,3134.3,31923800,3447.7,2820.9,3839.9,2896.0,3127.5,28,4,3127.4,57,4,3127.3,7,1,3127.2,77,4,3127.1,83,3,3128.6,66,2,3128.7,133,2,3128.8,94,2,3128.9,28,2,3129.0,122,7
2031,2026-06-16 12:11:40+05:30,3127.7,4,3130.01,1981577,128568.0,205568.0,3163.0,3163.0,3108.0,3134.3,31923800,3447.7,2820.9,3839.9,2896.0,3127.5,28,4,3127.4,57,4,3127.3,7,1,3127.2,77,4,3127.1,83,3,3128.6,66,2,3128.7,133,2,3128.8,94,2,3128.9,28,2,3129.0,122,7
2031,2026-06-16 12:11:41+05:30,3127.7,4,3130.01,1981577,129689.0,205611.0,3163.0,3163.0,3108.0,3134.3,31923800,3447.7,2820.9,3839.9,2896.0,3128.3,6,1,3128.2,1,1,3127.7,21,1,3127.5,69,3,3127.4,120,5,3128.6,66,2,3128.7,133,2,3128.8,40,1,3128.9,8,1,3129.0,66,3
2031,2026-06-16 12:11:41+05:30,3127.4,4,3130.01,1981577,129689.0,205611.0,3163.0,3163.0,3108.0,3134.3,31923800,3447.7,2820.9,3839.9,2896.0,3128.3,6,1,3128.2,1,1,3127.7,21,1,3127.5,69,3,3127.4,120,5,3128.6,66,2,3128.7,133,2,3128.8,40,1,3128.9,8,1,3129.0,66,3
2031,2026-06-16 12:11:42+05:30,3127.4,4,3130.01,1981624,128439.0,205922.0,3163.0,3163.0,3108.0,3134.3,31923800,3447.7,2820.9,3839.9,2896.0,3127.1,47,3,3127.0,25,4,3126.9,44,4,3126.8,38,3,3126.7,119,4,3128.5,62,3,3128.6,109,6,3128.7,203,4,3128.8,138,3,3128.9,10,2
2031,2026-06-16 12:11:43+05:30,3126.9,1,3130.01,1981646,126938.0,207565.0,3163.0,3163.0,3108.0,3134.3,31923800,3447.7,2820.9,3839.9,2896.0,3126.9,1,1,3126.8,35,3,3126.7,36,3,3126.6,7,1,3126.5,10,2,3127.0,179,1,3128.0,21,1,3128.2,89,3,3128.3,117,2,3128.4,22,2
2031,2026-06-16 12:11:43+05:30,3127.0,1,3130.01,1981646,126938.0,207565.0,3163.0,3163.0,3108.0,3134.3,31923800,3447.7,2820.9,3839.9,2896.0,3126.9,1,1,3126.8,35,3,3126.7,36,3,3126.6,7,1,3126.5,10,2,3127.0,179,1,3128.0,21,1,3128.2,89,3,3128.3,117,2,3128.4,22,2
2031,2026-06-16 12:11:44+05:30,3127.0,1,3130.01,1981647,127077.0,207393.0,3163.0,3163.0,3108.0,3134.3,31923800,3447.7,2820.9,3839.9,2896.0,3126.9,27,4,3126.8,18,3,3126.7,26,3,3126.6,28,2,3126.5,25,3,3127.0,179,2,3128.0,21,1,3128.2,89,3,3128.3,35,1,3128.4,100,3
2031,2026-06-16 12:11:45+05:30,3127.0,2,3130.01,1981652,127112.0,207572.0,3163.0,3163.0,3108.0,3134.3,31923800,3447.7,2820.9,3839.9,2896.0,3126.9,30,6,3126.8,18,3,3126.7,46,4,3126.6,58,3,3126.5,25,3,3127.0,216,4,3128.0,22,2,3128.2,90,4,3128.3,1,1,3128.4,100,3
2031,2026-06-16 12:11:46+05:30,3127.0,2,3130.01,1981652,127099.0,207602.0,3163.0,3163.0,3108.0,3134.3,31923800,3447.7,2820.9,3839.9,2896.0,3126.9,38,7,3126.8,5,2,3126.7,30,3,3126.6,49,3,3126.5,25,3,3127.0,216,4,3128.0,22,2,3128.2,90,4,3128.3,31,2,3128.4,100,3
2031,2026-06-16 12:11:46+05:30,3127.0,2,3130.01,1981652,127099.0,207602.0,3163.0,3163.0,3108.0,3134.3,31923800,3447.7,2820.9,3839.9,2896.0,3126.9,38,7,3126.8,5,2,3126.7,30,3,3126.6,49,3,3126.5,25,3,3127.0,216,4,3128.0,22,2,3128.2,90,4,3128.3,31,2,3128.4,100,3
2031,2026-06-16 12:11:47+05:30,3127.0,37,3130.01,1981905,128099.0,206220.0,3163.0,3163.0,3108.0,3134.3,31923800,3447.7,2820.9,3839.9,2896.0,3127.1,75,6,3127.0,82,5,3126.9,275,8,3126.8,114,7,3126.7,100,5,3128.0,1,1,3128.2,1,1,3128.3,1,1,3128.6,279,4,3128.7,126,1
2031,2026-06-16 12:11:47+05:30,3127.0,37,3130.01,1981905,128099.0,206220.0,3163.0,3163.0,3108.0,3134.3,31923800,3447.7,2820.9,3839.9,2896.0,3127.1,75,6,3127.0,82,5,3126.9,275,8,3126.8,114,7,3126.7,100,5,3128.0,1,1,3128.2,1,1,3128.3,1,1,3128.6,279,4,3128.7,126,1
2031,2026-06-16 12:11:48+05:30,3126.6,1,3130.01,1982907,127928.0,205560.0,3163.0,3163.0,3108.0,3134.3,31923800,3447.7,2820.9,3839.9,2896.0,3127.1,59,6,3127.0,18,2,3126.9,35,3,3126.8,60,2,3126.7,45,4,3128.0,1,1,3128.2,1,1,3128.3,1,1,3128.4,21,1,3128.5,32,1
2031,2026-06-16 12:11:48+05:30,3126.6,1,3130.01,1982907,127928.0,205560.0,3163.0,3163.0,3108.0,3134.3,31923800,3447.7,2820.9,3839.9,2896.0,3127.1,59,6,3127.0,18,2,3126.9,35,3,3126.8,60,2,3126.7,45,4,3128.0,1,1,3128.2,1,1,3128.3,1,1,3128.4,21,1,3128.5,32,1
2031,2026-06-16 12:11:49+05:30,3127.1,20,3130.01,1982990,128058.0,205918.0,3163.0,3163.0,3108.0,3134.3,31923800,3447.7,2820.9,3839.9,2896.0,3127.0,45,5,3126.9,44,3,3126.8,73,4,3126.7,102,5,3126.6,220,8,3128.0,1,1,3128.2,1,1,3128.3,1,1,3128.4,21,1,3128.5,95,2
2031,2026-06-16 12:11:49+05:30,3127.1,20,3130.01,1982990,128058.0,205918.0,3163.0,3163.0,3108.0,3134.3,31923800,3447.7,2820.9,3839.9,2896.0,3127.0,45,5,3126.9,44,3,3126.8,73,4,3126.7,102,5,3126.6,220,8,3128.0,1,1,3128.2,1,1,3128.3,1,1,3128.4,21,1,3128.5,95,2
2031,2026-06-16 12:11:50+05:30,3127.0,37,3130.01,1982990,128058.0,205918.0,3163.0,3163.0,3108.0,3134.3,31923800,3447.7,2820.9,3839.9,2896.0,3127.0,45,5,3126.9,44,3,3126.8,73,4,3126.7,102,5,3126.6,220,8,3128.0,1,1,3128.2,1,1,3128.3,1,1,3128.4,21,1,3128.5,95,2
2031,2026-06-16 12:11:50+05:30,3127.0,37,3130.01,1983210,127896.0,206202.0,3163.0,3163.0,3108.0,3134.3,31923800,3447.7,2820.9,3839.9,2896.0,3127.1,17,1,3126.9,52,3,3126.8,11,1,3126.7,44,2,3126.6,98,5,3128.2,31,3,3128.3,12,3,3128.4,99,2,3128.5,80,2,3128.6,353,4
2031,2026-06-16 12:11:51+05:30,3127.0,37,3130.01,1983210,128889.0,205934.0,3163.0,3163.0,3108.0,3134.3,31923800,3447.7,2820.9,3839.9,2896.0,3127.1,17,1,3127.0,119,4,3126.9,71,4,3126.8,41,2,3126.7,72,4,3128.2,1,1,3128.3,2,2,3128.4,21,1,3128.5,17,1,3128.6,254,2
2031,2026-06-16 12:11:52+05:30,3127.1,55,3130.01,1983210,128889.0,205934.0,3163.0,3163.0,3108.0,3134.3,31923800,3447.7,2820.9,3839.9,2896.0,3127.1,17,1,3127.0,119,4,3126.9,71,4,3126.8,41,2,3126.7,72,4,3128.2,1,1,3128.3,2,2,3128.4,21,1,3128.5,17,1,3128.6,254,2
2031,2026-06-16 12:11:52+05:30,3127.1,55,3130.01,1983268,128919.0,206040.0,3163.0,3163.0,3108.0,3134.3,31923800,3447.7,2820.9,3839.9,2896.0,3127.1,70,3,3127.0,150,5,3126.9,92,5,3126.8,42,3,3126.7,71,3,3128.2,2,2,3128.3,2,2,3128.4,21,1,3128.5,116,3,3128.6,254,2
2031,2026-06-16 12:11:53+05:30,3128.2,1,3130.01,1983269,128955.0,206162.0,3163.0,3163.0,3108.0,3134.3,31923800,3447.7,2820.9,3839.9,2896.0,3127.1,80,4,3127.0,150,5,3126.9,74,4,3126.8,62,3,3126.7,72,4,3128.2,11,3,3128.3,2,2,3128.4,21,1,3128.5,250,3,3128.6,254,2
2031,2026-06-16 12:11:53+05:30,3128.2,1,3130.01,1983269,128955.0,206162.0,3163.0,3163.0,3108.0,3134.3,31923800,3447.7,2820.9,3839.9,2896.0,3127.1,80,4,3127.0,150,5,3126.9,74,4,3126.8,62,3,3126.7,72,4,3128.2,11,3,3128.3,2,2,3128.4,21,1,3128.5,250,3,3128.6,254,2
2031,2026-06-16 12:11:54+05:30,3127.1,3,3130.01,1983269,128955.0,206162.0,3163.0,3163.0,3108.0,3134.3,31923800,3447.7,2820.9,3839.9,2896.0,3127.1,80,4,3127.0,150,5,3126.9,74,4,3126.8,62,3,3126.7,72,4,3128.2,11,3,3128.3,2,2,3128.4,21,1,3128.5,250,3,3128.6,254,2
2031,2026-06-16 12:11:54+05:30,3127.1,3,3130.01,1983269,128955.0,206162.0,3163.0,3163.0,3108.0,3134.3,31923800,3447.7,2820.9,3839.9,2896.0,3127.1,80,4,3127.0,150,5,3126.9,74,4,3126.8,62,3,3126.7,72,4,3128.2,11,3,3128.3,2,2,3128.4,21,1,3128.5,250,3,3128.6,254,2
2031,2026-06-16 12:11:54+05:30,3127.1,3,3130.01,1983487,128863.0,206358.0,3163.0,3163.0,3108.0,3134.3,31923800,3447.7,2820.9,3839.9,2896.0,3127.1,17,4,3127.0,42,2,3126.9,25,2,3126.8,32,2,3126.7,55,3,3128.2,38,5,3128.3,66,4,3128.4,36,1,3128.5,259,3,3128.6,254,2
2031,2026-06-16 12:11:55+05:30,3127.1,3,3130.01,1983487,128846.0,206394.0,3163.0,3163.0,3108.0,3134.3,31923800,3447.7,2820.9,3839.9,2896.0,3127.1,17,4,3127.0,42,2,3126.9,25,2,3126.8,32,2,3126.7,55,3,3128.2,52,6,3128.3,66,4,3128.4,36,1,3128.5,277,4,3128.6,337,4
2031,2026-06-16 12:11:56+05:30,3127.1,3,3130.01,1983487,128846.0,206394.0,3163.0,3163.0,3108.0,3134.3,31923800,3447.7,2820.9,3839.9,2896.0,3127.1,17,4,3127.0,42,2,3126.9,25,2,3126.8,32,2,3126.7,55,3,3128.2,52,6,3128.3,66,4,3128.4,36,1,3128.5,277,4,3128.6,337,4
2031,2026-06-16 12:11:56+05:30,3127.9,1,3130.01,1983544,128650.0,206408.0,3163.0,3163.0,3108.0,3134.3,31923800,3447.7,2820.9,3839.9,2896.0,3127.1,18,1,3127.0,40,2,3126.8,21,1,3126.7,28,2,3126.6,50,2,3127.9,13,1,3128.0,24,2,3128.1,73,5,3128.2,81,7,3128.3,56,3
2031,2026-06-16 12:11:56+05:30,3127.9,1,3130.01,1983544,128650.0,206408.0,3163.0,3163.0,3108.0,3134.3,31923800,3447.7,2820.9,3839.9,2896.0,3127.1,18,1,3127.0,40,2,3126.8,21,1,3126.7,28,2,3126.6,50,2,3127.9,13,1,3128.0,24,2,3128.1,73,5,3128.2,81,7,3128.3,56,3
2031,2026-06-16 12:11:57+05:30,3127.9,1,3130.01,1983544,128788.0,206173.0,3163.0,3163.0,3108.0,3134.3,31923800,3447.7,2820.9,3839.9,2896.0,3127.1,18,1,3127.0,95,5,3126.9,20,2,3126.8,197,2,3126.7,107,5,3127.9,9,1,3128.2,10,2,3128.3,2,2,3128.5,173,1,3128.6,296,4
2031,2026-06-16 12:11:58+05:30,3127.9,1,3130.01,1983544,128788.0,206173.0,3163.0,3163.0,3108.0,3134.3,31923800,3447.7,2820.9,3839.9,2896.0,3127.1,18,1,3127.0,95,5,3126.9,20,2,3126.8,197,2,3126.7,107,5,3127.9,9,1,3128.2,10,2,3128.3,2,2,3128.5,173,1,3128.6,296,4
2031,2026-06-16 12:11:58+05:30,3127.1,1,3130.01,1983544,128788.0,206173.0,3163.0,3163.0,3108.0,3134.3,31923800,3447.7,2820.9,3839.9,2896.0,3127.1,18,1,3127.0,95,5,3126.9,20,2,3126.8,197,2,3126.7,107,5,3127.9,9,1,3128.2,10,2,3128.3,2,2,3128.5,173,1,3128.6,296,4
2031,2026-06-16 12:11:58+05:30,3127.9,1,3130.01,1983546,128748.0,206140.0,3163.0,3163.0,3108.0,3134.3,31923800,3447.7,2820.9,3839.9,2896.0,3127.1,17,1,3127.0,149,7,3126.9,20,2,3126.8,19,2,3126.7,106,4,3127.9,8,1,3128.2,1,1,3128.3,1,1,3128.5,148,1,3128.6,296,4
2031,2026-06-16 12:11:59+05:30,3127.9,1,3130.01,1983546,128748.0,206140.0,3163.0,3163.0,3108.0,3134.3,31923800,3447.7,2820.9,3839.9,2896.0,3127.1,17,1,3127.0,149,7,3126.9,20,2,3126.8,19,2,3126.7,106,4,3127.9,8,1,3128.2,1,1,3128.3,1,1,3128.5,148,1,3128.6,296,4
2031,2026-06-16 12:11:59+05:30,3127.9,1,3130.01,1983546,128748.0,206147.0,3163.0,3163.0,3108.0,3134.3,31923800,3447.7,2820.9,3839.9,2896.0,3127.1,17,1,3127.0,149,7,3126.9,20,2,3126.8,19,2,3126.7,106,4,3127.9,8,1,3128.2,1,1,3128.3,1,1,3128.5,148,1,3128.6,296,4
2031,2026-06-16 12:12:00+05:30,3127.9,1,3130.01,1983546,128748.0,206147.0,3163.0,3163.0,3108.0,3134.3,31923800,3447.7,2820.9,3839.9,2896.0,3127.1,17,1,3127.0,149,7,3126.9,20,2,3126.8,19,2,3126.7,106,4,3127.9,8,1,3128.2,1,1,3128.3,1,1,3128.5,148,1,3128.6,296,4
2031,2026-06-16 12:12:00+05:30,3127.9,1,3130.01,1983546,128919.0,206320.0,3163.0,3163.0,3108.0,3134.3,31923800,3447.7,2820.9,3839.9,2896.0,3127.5,7,3,3127.3,18,1,3127.2,21,1,3127.1,23,4,3127.0,128,6,3127.9,9,2,3128.2,1,1,3128.3,1,1,3128.5,148,1,3128.6,275,3
2031,2026-06-16 12:12:01+05:30,3128.4,1,3130.01,1983562,128832.0,206046.0,3163.0,3163.0,3108.0,3134.3,31923800,3447.7,2820.9,3839.9,2896.0,3127.5,2,2,3127.4,17,1,3127.1,27,4,3127.0,57,3,3126.9,21,1,3128.3,16,1,3128.4,82,5,3128.5,81,3,3128.6,200,1,3128.7,227,4
2031,2026-06-16 12:12:02+05:30,3128.4,1,3130.01,1983562,128832.0,206046.0,3163.0,3163.0,3108.0,3134.3,31923800,3447.7,2820.9,3839.9,2896.0,3127.5,2,2,3127.4,17,1,3127.1,27,4,3127.0,57,3,3126.9,21,1,3128.3,16,1,3128.4,82,5,3128.5,81,3,3128.6,200,1,3128.7,227,4
2031,2026-06-16 12:12:02+05:30,3128.4,1,3130.01,1983562,128832.0,206046.0,3163.0,3163.0,3108.0,3134.3,31923800,3447.7,2820.9,3839.9,2896.0,3127.5,2,2,3127.4,17,1,3127.1,27,4,3127.0,57,3,3126.9,21,1,3128.3,16,1,3128.4,82,5,3128.5,81,3,3128.6,200,1,3128.7,227,4
2031,2026-06-16 12:12:02+05:30,3128.4,1,3130.01,1983562,128763.0,206285.0,3163.0,3163.0,3108.0,3134.3,31923800,3447.7,2820.9,3839.9,2896.0,3127.6,18,1,3127.5,2,2,3127.1,27,4,3127.0,57,3,3126.9,21,1,3128.2,18,1,3128.3,48,3,3128.4,61,4,3128.5,81,3,3128.6,241,2
2031,2026-06-16 12:12:03+05:30,3128.2,1,3130.01,1983562,128763.0,206285.0,3163.0,3163.0,3108.0,3134.3,31923800,3447.7,2820.9,3839.9,2896.0,3127.6,18,1,3127.5,2,2,3127.1,27,4,3127.0,57,3,3126.9,21,1,3128.2,18,1,3128.3,48,3,3128.4,61,4,3128.5,81,3,3128.6,241,2
2031,2026-06-16 12:12:03+05:30,3127.2,1,3130.01,1983711,128301.0,206903.0,3163.0,3163.0,3108.0,3134.3,31923800,3447.7,2820.9,3839.9,2896.0,3127.1,21,4,3127.0,62,3,3126.8,7,1,3126.7,7,1,3126.6,49,2,3127.2,52,1,3128.2,81,2,3128.3,74,2,3128.4,68,4,3128.5,230,2
2031,2026-06-16 12:12:04+05:30,3127.2,1,3130.01,1983711,128301.0,206903.0,3163.0,3163.0,3108.0,3134.3,31923800,3447.7,2820.9,3839.9,2896.0,3127.1,21,4,3127.0,62,3,3126.8,7,1,3126.7,7,1,3126.6,49,2,3127.2,52,1,3128.2,81,2,3128.3,74,2,3128.4,68,4,3128.5,230,2
2031,2026-06-16 12:12:04+05:30,3127.2,1,3130.01,1983711,128301.0,206903.0,3163.0,3163.0,3108.0,3134.3,31923800,3447.7,2820.9,3839.9,2896.0,3127.1,21,4,3127.0,62,3,3126.8,7,1,3126.7,7,1,3126.6,49,2,3127.2,52,1,3128.2,81,2,3128.3,74,2,3128.4,68,4,3128.5,230,2
2031,2026-06-16 12:12:04+05:30,3127.2,1,3130.01,1983712,128317.0,206697.0,3163.0,3163.0,3108.0,3134.3,31923800,3447.7,2820.9,3839.9,2896.0,3127.1,21,4,3127.0,41,2,3126.9,21,1,3126.7,25,2,3126.6,32,2,3127.2,80,2,3128.2,18,1,3128.4,54,3,3128.5,308,3,3128.6,280,4
2031,2026-06-16 12:12:05+05:30,3127.2,36,3130.01,1983712,128317.0,206697.0,3163.0,3163.0,3108.0,3134.3,31923800,3447.7,2820.9,3839.9,2896.0,3127.1,21,4,3127.0,41,2,3126.9,21,1,3126.7,25,2,3126.6,32,2,3127.2,80,2,3128.2,18,1,3128.4,54,3,3128.5,308,3,3128.6,280,4
2031,2026-06-16 12:12:05+05:30,3127.2,36,3130.01,1983799,128838.0,206356.0,3163.0,3163.0,3108.0,3134.3,31923800,3447.7,2820.9,3839.9,2896.0,3127.1,28,5,3127.0,57,3,3126.9,69,2,3126.7,78,4,3126.6,84,3,3127.9,2,1,3128.2,18,1,3128.4,15,1,3128.5,239,4,3128.6,262,3
2031,2026-06-16 12:12:06+05:30,3127.2,36,3130.01,1983799,128838.0,206356.0,3163.0,3163.0,3108.0,3134.3,31923800,3447.7,2820.9,3839.9,2896.0,3127.1,28,5,3127.0,57,3,3126.9,69,2,3126.7,78,4,3126.6,84,3,3127.9,2,1,3128.2,18,1,3128.4,15,1,3128.5,239,4,3128.6,262,3
2031,2026-06-16 12:12:06+05:30,3127.2,36,3130.01,1983799,128844.0,206353.0,3163.0,3163.0,3108.0,3134.3,31923800,3447.7,2820.9,3839.9,2896.0,3127.1,28,5,3127.0,57,3,3126.9,69,2,3126.7,78,4,3126.6,84,3,3127.9,3,2,3128.2,18,1,3128.4,15,1,3128.5,239,4,3128.6,262,3
2031,2026-06-16 12:12:07+05:30,3127.2,36,3130.01,1983799,128844.0,206353.0,3163.0,3163.0,3108.0,3134.3,31923800,3447.7,2820.9,3839.9,2896.0,3127.1,28,5,3127.0,57,3,3126.9,69,2,3126.7,78,4,3126.6,84,3,3127.9,3,2,3128.2,18,1,3128.4,15,1,3128.5,239,4,3128.6,262,3
2031,2026-06-16 12:12:07+05:30,3127.2,36,3130.01,1983799,128803.0,206413.0,3163.0,3163.0,3108.0,3134.3,31923800,3447.7,2820.9,3839.9,2896.0,3127.1,21,4,3127.0,41,2,3126.9,46,1,3126.8,5,1,3126.7,77,3,3127.9,3,2,3128.0,59,1,3128.2,18,1,3128.4,36,2,3128.5,218,3
2031,2026-06-16 12:12:08+05:30,3127.2,36,3130.01,1983799,128803.0,206413.0,3163.0,3163.0,3108.0,3134.3,31923800,3447.7,2820.9,3839.9,2896.0,3127.1,21,4,3127.0,41,2,3126.9,46,1,3126.8,5,1,3126.7,77,3,3127.9,3,2,3128.0,59,1,3128.2,18,1,3128.4,36,2,3128.5,218,3
2031,2026-06-16 12:12:08+05:30,3127.2,36,3130.01,1983799,129323.0,206451.0,3163.0,3163.0,3108.0,3134.3,31923800,3447.7,2820.9,3839.9,2896.0,3127.5,4,1,3127.1,17,3,3127.0,62,3,3126.9,67,2,3126.8,1,1,3127.9,3,2,3128.0,59,1,3128.2,18,1,3128.4,36,2,3128.5,72,2
2031,2026-06-16 12:12:09+05:30,3127.2,36,3130.01,1983799,129323.0,206451.0,3163.0,3163.0,3108.0,3134.3,31923800,3447.7,2820.9,3839.9,2896.0,3127.5,4,1,3127.1,17,3,3127.0,62,3,3126.9,67,2,3126.8,1,1,3127.9,3,2,3128.0,59,1,3128.2,18,1,3128.4,36,2,3128.5,72,2
2031,2026-06-16 12:12:09+05:30,3127.1,6,3130.01,1983799,129323.0,206451.0,3163.0,3163.0,3108.0,3134.3,31923800,3447.7,2820.9,3839.9,2896.0,3127.5,4,1,3127.1,17,3,3127.0,62,3,3126.9,67,2,3126.8,1,1,3127.9,3,2,3128.0,59,1,3128.2,18,1,3128.4,36,2,3128.5,72,2
2031,2026-06-16 12:12:09+05:30,3127.9,1,3130.01,1983879,129200.0,206573.0,3163.0,3163.0,3108.0,3134.3,31923800,3447.7,2820.9,3839.9,2896.0,3127.5,40,2,3127.1,11,3,3127.0,3,1,3126.9,41,2,3126.8,1,1,3127.9,2,2,3128.0,22,1,3128.2,18,1,3128.3,21,1,3128.4,78,2
2031,2026-06-16 12:12:10+05:30,3127.9,1,3130.01,1983879,129200.0,206573.0,3163.0,3163.0,3108.0,3134.3,31923800,3447.7,2820.9,3839.9,2896.0,3127.5,40,2,3127.1,11,3,3127.0,3,1,3126.9,41,2,3126.8,1,1,3127.9,2,2,3128.0,22,1,3128.2,18,1,3128.3,21,1,3128.4,78,2
2031,2026-06-16 12:12:10+05:30,3127.9,3,3130.01,1983879,129200.0,206573.0,3163.0,3163.0,3108.0,3134.3,31923800,3447.7,2820.9,3839.9,2896.0,3127.5,40,2,3127.1,11,3,3127.0,3,1,3126.9,41,2,3126.8,1,1,3127.9,2,2,3128.0,22,1,3128.2,18,1,3128.3,21,1,3128.4,78,2
2031,2026-06-16 12:12:10+05:30,3127.9,3,3130.01,1983879,129200.0,206573.0,3163.0,3163.0,3108.0,3134.3,31923800,3447.7,2820.9,3839.9,2896.0,3127.5,40,2,3127.1,11,3,3127.0,3,1,3126.9,41,2,3126.8,1,1,3127.9,2,2,3128.0,22,1,3128.2,18,1,3128.3,21,1,3128.4,78,2
2031,2026-06-16 12:12:10+05:30,3127.5,1,3130.01,1983885,129211.0,206765.0,3163.0,3163.0,3108.0,3134.3,31923800,3447.7,2820.9,3839.9,2896.0,3127.5,39,2,3127.1,10,2,3127.0,3,1,3126.9,18,1,3126.8,1,1,3127.9,32,1,3128.0,22,1,3128.2,18,1,3128.3,21,1,3128.4,78,2
2031,2026-06-16 12:12:11+05:30,3127.5,18,3130.01,1983885,129211.0,206765.0,3163.0,3163.0,3108.0,3134.3,31923800,3447.7,2820.9,3839.9,2896.0,3127.5,39,2,3127.1,10,2,3127.0,3,1,3126.9,18,1,3126.8,1,1,3127.9,32,1,3128.0,22,1,3128.2,18,1,3128.3,21,1,3128.4,78,2
2031,2026-06-16 12:12:11+05:30,3127.5,18,3130.01,1983885,129211.0,206765.0,3163.0,3163.0,3108.0,3134.3,31923800,3447.7,2820.9,3839.9,2896.0,3127.5,39,2,3127.1,10,2,3127.0,3,1,3126.9,18,1,3126.8,1,1,3127.9,32,1,3128.0,22,1,3128.2,18,1,3128.3,21,1,3128.4,78,2
2031,2026-06-16 12:12:11+05:30,3127.9,10,3130.01,1984098,128665.0,206889.0,3163.0,3163.0,3108.0,3134.3,31923800,3447.7,2820.9,3839.9,2896.0,3127.5,3,2,3127.1,10,2,3127.0,3,1,3126.8,1,1,3126.7,21,1,3127.9,36,2,3128.0,22,1,3128.1,39,2,3128.2,18,1,3128.3,157,1
2031,2026-06-16 12:12:12+05:30,3127.9,10,3130.01,1984098,128665.0,206889.0,3163.0,3163.0,3108.0,3134.3,31923800,3447.7,2820.9,3839.9,2896.0,3127.5,3,2,3127.1,10,2,3127.0,3,1,3126.8,1,1,3126.7,21,1,3127.9,36,2,3128.0,22,1,3128.1,39,2,3128.2,18,1,3128.3,157,1
2031,2026-06-16 12:12:12+05:30,3127.1,3,3130.01,1984098,128665.0,206889.0,3163.0,3163.0,3108.0,3134.3,31923800,3447.7,2820.9,3839.9,2896.0,3127.5,3,2,3127.1,10,2,3127.0,3,1,3126.8,1,1,3126.7,21,1,3127.9,36,2,3128.0,22,1,3128.1,39,2,3128.2,18,1,3128.3,157,1
2031,2026-06-16 12:12:12+05:30,3127.1,3,3130.01,1984139,128547.0,206959.0,3163.0,3163.0,3108.0,3134.3,31923800,3447.7,2820.9,3839.9,2896.0,3127.5,3,1,3127.1,13,2,3127.0,3,1,3126.8,1,1,3126.7,21,1,3127.9,45,3,3128.0,32,2,3128.2,21,1,3128.3,211,2,3128.4,156,3
2031,2026-06-16 12:12:13+05:30,3127.1,3,3130.01,1984139,128547.0,206959.0,3163.0,3163.0,3108.0,3134.3,31923800,3447.7,2820.9,3839.9,2896.0,3127.5,3,1,3127.1,13,2,3127.0,3,1,3126.8,1,1,3126.7,21,1,3127.9,45,3,3128.0,32,2,3128.2,21,1,3128.3,211,2,3128.4,156,3
2031,2026-06-16 12:12:13+05:30,3127.1,4,3130.01,1984139,128547.0,206959.0,3163.0,3163.0,3108.0,3134.3,31923800,3447.7,2820.9,3839.9,2896.0,3127.5,3,1,3127.1,13,2,3127.0,3,1,3126.8,1,1,3126.7,21,1,3127.9,45,3,3128.0,32,2,3128.2,21,1,3128.3,211,2,3128.4,156,3
2031,2026-06-16 12:12:13+05:30,3127.1,4,3130.01,1984177,129142.0,206692.0,3163.0,3163.0,3108.0,3134.3,31923800,3447.7,2820.9,3839.9,2896.0,3127.5,43,1,3127.1,62,5,3127.0,18,2,3126.8,1,1,3126.7,59,3,3127.9,36,2,3128.0,32,2,3128.4,173,2,3128.5,254,2,3128.6,210,4
2031,2026-06-16 12:12:14+05:30,3127.1,4,3130.01,1984177,129142.0,206692.0,3163.0,3163.0,3108.0,3134.3,31924400,3447.7,2820.9,3839.9,2896.0,3127.5,43,1,3127.1,62,5,3127.0,18,2,3126.8,1,1,3126.7,59,3,3127.9,36,2,3128.0,32,2,3128.4,173,2,3128.5,254,2,3128.6,210,4
2031,2026-06-16 12:12:14+05:30,3127.9,1,3130.01,1984177,129142.0,206692.0,3163.0,3163.0,3108.0,3134.3,31924400,3447.7,2820.9,3839.9,2896.0,3127.5,43,1,3127.1,62,5,3127.0,18,2,3126.8,1,1,3126.7,59,3,3127.9,36,2,3128.0,32,2,3128.4,173,2,3128.5,254,2,3128.6,210,4
2031,2026-06-16 12:12:14+05:30,3127.9,1,3130.01,1984190,130377.0,206521.0,3163.0,3163.0,3108.0,3134.3,31924400,3447.7,2820.9,3839.9,2896.0,3127.5,32,1,3127.1,84,5,3127.0,1018,3,3126.9,40,3,3126.8,75,3,3127.9,34,2,3128.0,22,1,3128.5,200,1,3128.6,126,1,3128.7,62,1
2031,2026-06-16 12:12:15+05:30,3127.6,32,3130.01,1984190,130377.0,206521.0,3163.0,3163.0,3108.0,3134.3,31924400,3447.7,2820.9,3839.9,2896.0,3127.5,32,1,3127.1,84,5,3127.0,1018,3,3126.9,40,3,3126.8,75,3,3127.9,34,2,3128.0,22,1,3128.5,200,1,3128.6,126,1,3128.7,62,1
2031,2026-06-16 12:12:15+05:30,3127.5,1,3130.01,1984305,130027.0,206680.0,3163.0,3163.0,3108.0,3134.3,31924400,3447.7,2820.9,3839.9,2896.0,3127.5,74,4,3127.4,40,4,3127.3,32,1,3127.2,37,2,3127.1,64,4,3127.6,131,1,3127.9,34,2,3128.0,22,1,3128.5,200,1,3128.6,126,1
2031,2026-06-16 12:12:16+05:30,3127.6,26,3130.01,1984305,130027.0,206680.0,3163.0,3163.0,3108.0,3134.3,31924400,3447.7,2820.9,3839.9,2896.0,3127.5,74,4,3127.4,40,4,3127.3,32,1,3127.2,37,2,3127.1,64,4,3127.6,131,1,3127.9,34,2,3128.0,22,1,3128.5,200,1,3128.6,126,1
2031,2026-06-16 12:12:17+05:30,3127.6,45,3130.01,1984377,130362.0,206422.0,3163.0,3163.0,3108.0,3134.3,31924400,3447.7,2820.9,3839.9,2896.0,3127.5,78,6,3127.4,49,2,3127.3,54,3,3127.2,20,1,3127.1,117,6,3127.6,59,1,3127.9,34,2,3128.5,200,1,3128.6,126,1,3128.7,62,1
2031,2026-06-16 12:12:17+05:30,3127.6,45,3130.01,1984377,130362.0,206422.0,3163.0,3163.0,3108.0,3134.3,31924400,3447.7,2820.9,3839.9,2896.0,3127.5,78,6,3127.4,49,2,3127.3,54,3,3127.2,20,1,3127.1,117,6,3127.6,59,1,3127.9,34,2,3128.5,200,1,3128.6,126,1,3128.7,62,1
2031,2026-06-16 12:12:18+05:30,3127.6,45,3130.01,1984422,130360.0,206248.0,3163.0,3163.0,3108.0,3134.3,31924400,3447.7,2820.9,3839.9,2896.0,3127.5,74,4,3127.4,66,3,3127.3,37,2,3127.2,40,2,3127.1,96,5,3127.6,74,5,3127.9,34,2,3128.5,200,1,3128.6,126,1,3128.7,62,1
2031,2026-06-16 12:12:18+05:30,3127.6,45,3130.01,1984422,130360.0,206248.0,3163.0,3163.0,3108.0,3134.3,31924400,3447.7,2820.9,3839.9,2896.0,3127.5,74,4,3127.4,66,3,3127.3,37,2,3127.2,40,2,3127.1,96,5,3127.6,74,5,3127.9,34,2,3128.5,200,1,3128.6,126,1,3128.7,62,1
2031,2026-06-16 12:12:19+05:30,3127.6,26,3130.01,1984627,130592.0,206388.0,3163.0,3163.0,3108.0,3134.3,31924400,3447.7,2820.9,3839.9,2896.0,3127.6,6,1,3127.5,89,5,3127.4,17,1,3127.3,37,2,3127.2,22,2,3127.8,155,1,3127.9,34,2,3128.5,200,1,3128.6,126,1,3128.7,62,1
2031,2026-06-16 12:12:19+05:30,3127.6,26,3130.01,1984627,130592.0,206388.0,3163.0,3163.0,3108.0,3134.3,31924400,3447.7,2820.9,3839.9,2896.0,3127.6,6,1,3127.5,89,5,3127.4,17,1,3127.3,37,2,3127.2,22,2,3127.8,155,1,3127.9,34,2,3128.5,200,1,3128.6,126,1,3128.7,62,1
2031,2026-06-16 12:12:20+05:30,3127.8,1,3130.01,1984660,130157.0,206529.0,3163.0,3163.0,3108.0,3134.3,31924400,3447.7,2820.9,3839.9,2896.0,3127.6,49,2,3127.5,84,4,3127.4,17,1,3127.3,32,1,3127.2,49,4,3127.7,1,1,3127.8,122,1,3127.9,34,2,3128.2,200,1,3128.3,126,1
2031,2026-06-16 12:12:20+05:30,3127.8,1,3130.01,1984660,130157.0,206529.0,3163.0,3163.0,3108.0,3134.3,31924400,3447.7,2820.9,3839.9,2896.0,3127.6,49,2,3127.5,84,4,3127.4,17,1,3127.3,32,1,3127.2,49,4,3127.7,1,1,3127.8,122,1,3127.9,34,2,3128.2,200,1,3128.3,126,1
2031,2026-06-16 12:12:21+05:30,3127.0,284,3130.0,1985469,129653.0,206395.0,3163.0,3163.0,3108.0,3134.3,31924400,3447.7,2820.9,3839.9,2896.0,3127.0,716,1,3126.9,57,3,3126.8,3,2,3126.7,56,3,3126.6,113,6,3127.8,122,1,3127.9,74,2,3128.2,200,1,3128.3,126,1,3128.5,68,2
2031,2026-06-16 12:12:21+05:30,3127.0,284,3130.0,1985469,129653.0,206395.0,3163.0,3163.0,3108.0,3134.3,31924400,3447.7,2820.9,3839.9,2896.0,3127.0,716,1,3126.9,57,3,3126.8,3,2,3126.7,56,3,3126.6,113,6,3127.8,122,1,3127.9,74,2,3128.2,200,1,3128.3,126,1,3128.5,68,2
2031,2026-06-16 12:12:22+05:30,3127.8,20,3130.0,1985489,129965.0,206498.0,3163.0,3163.0,3108.0,3134.3,31924400,3447.7,2820.9,3839.9,2896.0,3127.7,33,2,3127.5,20,1,3127.2,11,1,3127.0,814,2,3126.9,66,4,3127.8,102,1,3127.9,74,2,3128.0,25,1,3128.2,200,1,3128.3,126,1
2031,2026-06-16 12:12:22+05:30,3127.8,45,3130.0,1985489,129965.0,206498.0,3163.0,3163.0,3108.0,3134.3,31924400,3447.7,2820.9,3839.9,2896.0,3127.7,33,2,3127.5,20,1,3127.2,11,1,3127.0,814,2,3126.9,66,4,3127.8,102,1,3127.9,74,2,3128.0,25,1,3128.2,200,1,3128.3,126,1
2031,2026-06-16 12:12:23+05:30,3127.5,5,3130.0,1985651,130609.0,206495.0,3163.0,3163.0,3108.0,3134.3,31924400,3447.7,2820.9,3839.9,2896.0,3127.7,7,1,3127.5,13,1,3127.4,20,1,3127.3,9,1,3127.2,32,1,3127.8,56,1,3127.9,74,2,3128.0,25,1,3128.2,200,1,3128.3,126,1
2031,2026-06-16 12:12:23+05:30,3127.7,1,3130.0,1985651,130609.0,206495.0,3163.0,3163.0,3108.0,3134.3,31924400,3447.7,2820.9,3839.9,2896.0,3127.7,7,1,3127.5,13,1,3127.4,20,1,3127.3,9,1,3127.2,32,1,3127.8,56,1,3127.9,74,2,3128.0,25,1,3128.2,200,1,3128.3,126,1
2031,2026-06-16 12:12:24+05:30,3127.6,8,3130.0,1985692,130318.0,206454.0,3163.0,3163.0,3108.0,3134.3,31924400,3447.7,2820.9,3839.9,2896.0,3127.6,24,1,3127.5,33,2,3127.3,41,2,3127.2,20,1,3127.1,33,2,3127.8,56,1,3127.9,74,2,3128.0,25,1,3128.2,200,1,3128.3,126,1
2031,2026-06-16 12:12:24+05:30,3127.6,8,3130.0,1985692,130318.0,206454.0,3163.0,3163.0,3108.0,3134.3,31924400,3447.7,2820.9,3839.9,2896.0,3127.6,24,1,3127.5,33,2,3127.3,41,2,3127.2,20,1,3127.1,33,2,3127.8,56,1,3127.9,74,2,3128.0,25,1,3128.2,200,1,3128.3,126,1
2031,2026-06-16 12:12:25+05:30,3127.6,10,3130.0,1985714,130272.0,206505.0,3163.0,3163.0,3108.0,3134.3,31924400,3447.7,2820.9,3839.9,2896.0,3127.6,14,1,3127.5,33,2,3127.3,32,1,3127.2,20,1,3127.1,45,3,3127.8,44,1,3127.9,74,2,3128.0,25,1,3128.2,200,1,3128.3,126,1
2031,2026-06-16 12:12:25+05:30,3127.6,10,3130.0,1985714,130272.0,206505.0,3163.0,3163.0,3108.0,3134.3,31924400,3447.7,2820.9,3839.9,2896.0,3127.6,14,1,3127.5,33,2,3127.3,32,1,3127.2,20,1,3127.1,45,3,3127.8,44,1,3127.9,74,2,3128.0,25,1,3128.2,200,1,3128.3,126,1
2031,2026-06-16 12:12:26+05:30,3127.8,35,3130.0,1985752,130514.0,206473.0,3163.0,3163.0,3108.0,3134.3,31924400,3447.7,2820.9,3839.9,2896.0,3127.6,14,1,3127.5,33,2,3127.3,32,1,3127.2,20,1,3127.1,62,4,3127.8,6,1,3127.9,74,2,3128.0,25,1,3128.2,200,1,3128.3,126,1
2031,2026-06-16 12:12:26+05:30,3127.8,35,3130.0,1985752,130514.0,206473.0,3163.0,3163.0,3108.0,3134.3,31924400,3447.7,2820.9,3839.9,2896.0,3127.6,14,1,3127.5,33,2,3127.3,32,1,3127.2,20,1,3127.1,62,4,3127.8,6,1,3127.9,74,2,3128.0,25,1,3128.2,200,1,3128.3,126,1
2031,2026-06-16 12:12:27+05:30,3127.8,6,3130.0,1985758,130623.0,206402.0,3163.0,3163.0,3108.0,3134.3,31924400,3447.7,2820.9,3839.9,2896.0,3127.8,39,1,3127.6,34,2,3127.5,13,1,3127.3,50,2,3127.2,20,1,3127.9,74,2,3128.0,25,1,3128.2,200,1,3128.3,126,1,3128.5,68,2
2031,2026-06-16 12:12:27+05:30,3127.8,6,3130.0,1985758,130623.0,206402.0,3163.0,3163.0,3108.0,3134.3,31924400,3447.7,2820.9,3839.9,2896.0,3127.8,39,1,3127.6,34,2,3127.5,13,1,3127.3,50,2,3127.2,20,1,3127.9,74,2,3128.0,25,1,3128.2,200,1,3128.3,126,1,3128.5,68,2
2031,2026-06-16 12:12:28+05:30,3127.8,17,3130.0,1985775,130521.0,206398.0,3163.0,3163.0,3108.0,3134.3,31924400,3447.7,2820.9,3839.9,2896.0,3127.8,23,1,3127.6,37,2,3127.2,50,3,3127.1,67,4,3127.0,748,3,3127.9,14,1,3128.0,25,1,3128.2,200,1,3128.3,126,1,3128.5,68,2
2031,2026-06-16 12:12:28+05:30,3127.8,17,3130.0,1985775,130521.0,206398.0,3163.0,3163.0,3108.0,3134.3,31924400,3447.7,2820.9,3839.9,2896.0,3127.8,23,1,3127.6,37,2,3127.2,50,3,3127.1,67,4,3127.0,748,3,3127.9,14,1,3128.0,25,1,3128.2,200,1,3128.3,126,1,3128.5,68,2
2031,2026-06-16 12:12:29+05:30,3127.9,1,3130.0,1985777,130523.0,206243.0,3163.0,3163.0,3108.0,3134.3,31924400,3447.7,2820.9,3839.9,2896.0,3127.8,40,2,3127.6,20,1,3127.2,32,2,3127.1,121,5,3127.0,730,2,3127.9,12,1,3128.0,25,1,3128.2,200,1,3128.3,126,1,3128.5,47,1
2031,2026-06-16 12:12:29+05:30,3127.9,1,3130.0,1985777,130523.0,206243.0,3163.0,3163.0,3108.0,3134.3,31924400,3447.7,2820.9,3839.9,2896.0,3127.8,40,2,3127.6,20,1,3127.2,32,2,3127.1,121,5,3127.0,730,2,3127.9,12,1,3128.0,25,1,3128.2,200,1,3128.3,126,1,3128.5,47,1
2031,2026-06-16 12:12:30+05:30,3127.9,1,3130.0,1985777,130660.0,206141.0,3163.0,3163.0,3108.0,3134.3,31924400,3447.7,2820.9,3839.9,2896.0,3127.8,44,3,3127.3,20,1,3127.2,12,1,3127.1,67,4,3127.0,730,2,3127.9,1,1,3128.0,25,1,3128.2,200,1,3128.3,126,1,3128.5,68,2
2031,2026-06-16 12:12:30+05:30,3128.0,1,3130.0,1985777,130660.0,206141.0,3163.0,3163.0,3108.0,3134.3,31924400,3447.7,2820.9,3839.9,2896.0,3127.8,44,3,3127.3,20,1,3127.2,12,1,3127.1,67,4,3127.0,730,2,3127.9,1,1,3128.0,25,1,3128.2,200,1,3128.3,126,1,3128.5,68,2
2031,2026-06-16 12:12:31+05:30,3128.0,1,3130.0,1985779,130695.0,206060.0,3163.0,3163.0,3108.0,3134.3,31924400,3447.7,2820.9,3839.9,2896.0,3127.9,2,2,3127.8,28,3,3127.7,20,1,3127.4,18,1,3127.2,32,2,3128.0,24,1,3128.2,200,1,3128.3,126,1,3128.5,68,2,3128.6,62,1
2031,2026-06-16 12:12:32+05:30,3128.0,36,3130.0,1985844,130811.0,206061.0,3163.0,3163.0,3108.0,3134.3,31924400,3447.7,2820.9,3839.9,2896.0,3128.0,18,1,3127.8,27,3,3127.2,20,1,3127.1,272,6,3127.0,730,2,3128.2,200,1,3128.3,126,1,3128.5,71,3,3128.6,62,1,3128.7,316,3
2031,2026-06-16 12:12:32+05:30,3128.0,36,3130.0,1985844,130811.0,206061.0,3163.0,3163.0,3108.0,3134.3,31924400,3447.7,2820.9,3839.9,2896.0,3128.0,18,1,3127.8,27,3,3127.2,20,1,3127.1,272,6,3127.0,730,2,3128.2,200,1,3128.3,126,1,3128.5,71,3,3128.6,62,1,3128.7,316,3
2031,2026-06-16 12:12:33+05:30,3128.0,36,3130.0,1985844,130829.0,206136.0,3163.0,3163.0,3108.0,3134.3,31924400,3447.7,2820.9,3839.9,2896.0,3128.0,18,1,3127.8,45,4,3127.2,20,1,3127.1,272,6,3127.0,730,2,3128.2,266,3,3128.3,126,1,3128.5,50,2,3128.6,83,2,3128.7,316,3
2031,2026-06-16 12:12:34+05:30,3127.4,100,3130.0,1985844,130829.0,206136.0,3163.0,3163.0,3108.0,3134.3,31924400,3447.7,2820.9,3839.9,2896.0,3128.0,18,1,3127.8,45,4,3127.2,20,1,3127.1,272,6,3127.0,730,2,3128.2,266,3,3128.3,126,1,3128.5,50,2,3128.6,83,2,3128.7,316,3
2031,2026-06-16 12:12:34+05:30,3127.4,2,3130.0,1987025,128486.0,208039.0,3163.0,3163.0,3108.0,3134.3,31924400,3447.7,2820.9,3839.9,2896.0,3126.9,13,1,3126.8,1,1,3126.5,18,2,3126.4,36,4,3126.3,45,4,3127.3,37,1,3127.4,98,1,3127.5,15,3,3127.6,49,4,3127.7,35,5
2031,2026-06-16 12:12:35+05:30,3126.9,13,3130.0,1987025,128486.0,208039.0,3163.0,3163.0,3108.0,3134.3,31924400,3447.7,2820.9,3839.9,2896.0,3126.9,13,1,3126.8,1,1,3126.5,18,2,3126.4,36,4,3126.3,45,4,3127.3,37,1,3127.4,98,1,3127.5,15,3,3127.6,49,4,3127.7,35,5
2031,2026-06-16 12:12:35+05:30,3126.9,1,3130.0,1987092,128275.0,208038.0,3163.0,3163.0,3108.0,3134.3,31924400,3447.7,2820.9,3839.9,2896.0,3126.8,1,1,3126.5,18,2,3126.4,20,3,3126.3,64,5,3126.2,21,4,3126.9,15,1,3127.0,130,2,3127.1,32,1,3127.2,32,1,3127.3,22,2
2031,2026-06-16 12:12:36+05:30,3126.4,1,3130.0,1987092,128275.0,208038.0,3163.0,3163.0,3108.0,3134.3,31924400,3447.7,2820.9,3839.9,2896.0,3126.8,1,1,3126.5,18,2,3126.4,20,3,3126.3,64,5,3126.2,21,4,3126.9,15,1,3127.0,130,2,3127.1,32,1,3127.2,32,1,3127.3,22,2
2031,2026-06-16 12:12:36+05:30,3126.4,1,3130.0,1987277,126493.0,208078.0,3163.0,3163.0,3108.0,3134.3,31924400,3447.7,2820.9,3839.9,2896.0,3126.3,12,3,3126.2,9,3,3126.0,146,4,3125.9,12,1,3125.8,19,1,3126.4,21,1,3126.6,15,1,3126.7,32,1,3126.8,124,2,3126.9,101,3
2031,2026-06-16 12:12:37+05:30,3126.2,1,3130.0,1987277,126493.0,208078.0,3163.0,3163.0,3108.0,3134.3,31924400,3447.7,2820.9,3839.9,2896.0,3126.3,12,3,3126.2,9,3,3126.0,146,4,3125.9,12,1,3125.8,19,1,3126.4,21,1,3126.6,15,1,3126.7,32,1,3126.8,124,2,3126.9,101,3
2031,2026-06-16 12:12:37+05:30,3126.2,2,3130.0,1987450,126404.0,207753.0,3163.0,3163.0,3108.0,3134.3,31924400,3447.7,2820.9,3839.9,2896.0,3126.2,15,5,3126.1,19,1,3126.0,126,3,3125.9,14,2,3125.8,19,1,3126.3,31,1,3126.4,32,1,3126.5,32,1,3126.7,32,1,3126.9,10,1
2031,2026-06-16 12:12:38+05:30,3126.2,2,3130.0,1987450,126404.0,207753.0,3163.0,3163.0,3108.0,3134.3,31924400,3447.7,2820.9,3839.9,2896.0,3126.2,15,5,3126.1,19,1,3126.0,126,3,3125.9,14,2,3125.8,19,1,3126.3,31,1,3126.4,32,1,3126.5,32,1,3126.7,32,1,3126.9,10,1
2031,2026-06-16 12:12:38+05:30,3126.2,30,3130.0,1987495,126523.0,207911.0,3163.0,3163.0,3108.0,3134.3,31924400,3447.7,2820.9,3839.9,2896.0,3126.2,7,1,3126.0,136,4,3125.9,19,1,3125.7,41,3,3125.6,59,5,3126.3,98,4,3126.4,32,1,3126.5,32,1,3126.7,32,1,3126.9,10,1
2031,2026-06-16 12:12:39+05:30,3126.2,30,3130.0,1987495,126523.0,207911.0,3163.0,3163.0,3108.0,3134.3,31924400,3447.7,2820.9,3839.9,2896.0,3126.2,7,1,3126.0,136,4,3125.9,19,1,3125.7,41,3,3125.6,59,5,3126.3,98,4,3126.4,32,1,3126.5,32,1,3126.7,32,1,3126.9,10,1
2031,2026-06-16 12:12:39+05:30,3126.2,3,3130.0,1987505,126617.0,207768.0,3163.0,3163.0,3108.0,3134.3,31924400,3447.7,2820.9,3839.9,2896.0,3126.1,25,3,3126.0,126,3,3125.9,24,2,3125.7,41,3,3125.6,59,5,3126.2,35,1,3126.3,109,5,3126.4,32,1,3126.5,32,1,3126.7,32,1
2031,2026-06-16 12:12:40+05:30,3126.1,7,3130.0,1987505,126617.0,207768.0,3163.0,3163.0,3108.0,3134.3,31924400,3447.7,2820.9,3839.9,2896.0,3126.1,25,3,3126.0,126,3,3125.9,24,2,3125.7,41,3,3125.6,59,5,3126.2,35,1,3126.3,109,5,3126.4,32,1,3126.5,32,1,3126.7,32,1
2031,2026-06-16 12:12:40+05:30,3126.1,7,3130.0,1987540,126414.0,207731.0,3163.0,3163.0,3108.0,3134.3,31924400,3447.7,2820.9,3839.9,2896.0,3126.1,18,3,3126.0,141,4,3125.9,19,1,3125.8,7,1,3125.7,41,3,3126.2,69,3,3126.3,74,3,3126.4,32,1,3126.6,32,1,3127.0,71,1
2031,2026-06-16 12:12:41+05:30,3126.1,14,3130.0,1987540,126414.0,207731.0,3163.0,3163.0,3108.0,3134.3,31924400,3447.7,2820.9,3839.9,2896.0,3126.1,18,3,3126.0,141,4,3125.9,19,1,3125.8,7,1,3125.7,41,3,3126.2,69,3,3126.3,74,3,3126.4,32,1,3126.6,32,1,3127.0,71,1
2031,2026-06-16 12:12:41+05:30,3126.1,14,3130.0,1987586,126581.0,207816.0,3163.0,3163.0,3108.0,3134.3,31924400,3447.7,2820.9,3839.9,2896.0,3126.1,27,4,3126.0,126,3,3125.7,59,4,3125.6,19,3,3125.5,116,5,3126.2,77,4,3126.3,63,2,3126.4,32,1,3126.6,32,1,3127.0,71,1
2031,2026-06-16 12:12:42+05:30,3126.1,1,3130.0,1987586,126581.0,207816.0,3163.0,3163.0,3108.0,3134.3,31924400,3447.7,2820.9,3839.9,2896.0,3126.1,27,4,3126.0,126,3,3125.7,59,4,3125.6,19,3,3125.5,116,5,3126.2,77,4,3126.3,63,2,3126.4,32,1,3126.6,32,1,3127.0,71,1
2031,2026-06-16 12:12:43+05:30,3126.1,5,3130.0,1987691,126563.0,207753.0,3163.0,3163.0,3108.0,3134.3,31924400,3447.7,2820.9,3839.9,2896.0,3126.1,27,2,3126.0,126,3,3125.7,49,3,3125.6,19,3,3125.5,77,3,3126.2,72,5,3126.3,63,2,3126.4,32,1,3126.6,32,1,3127.0,73,2
2031,2026-06-16 12:12:43+05:30,3126.1,3,3130.0,1987691,126563.0,207753.0,3163.0,3163.0,3108.0,3134.3,31924400,3447.7,2820.9,3839.9,2896.0,3126.1,27,2,3126.0,126,3,3125.7,49,3,3125.6,19,3,3125.5,77,3,3126.2,72,5,3126.3,63,2,3126.4,32,1,3126.6,32,1,3127.0,73,2
2031,2026-06-16 12:12:44+05:30,3126.2,2,3130.0,1987963,127786.0,206809.0,3163.0,3163.0,3108.0,3134.3,31924400,3447.7,2820.9,3839.9,2896.0,3126.2,20,3,3126.1,57,6,3126.0,148,5,3125.9,10,2,3125.8,57,3,3126.3,40,1,3126.8,32,1,3127.0,71,1,3127.3,1,1,3127.6,75,2
2031,2026-06-16 12:12:44+05:30,3126.2,2,3130.0,1987963,127786.0,206809.0,3163.0,3163.0,3108.0,3134.3,31924400,3447.7,2820.9,3839.9,2896.0,3126.2,20,3,3126.1,57,6,3126.0,148,5,3125.9,10,2,3125.8,57,3,3126.3,40,1,3126.8,32,1,3127.0,71,1,3127.3,1,1,3127.6,75,2
2031,2026-06-16 12:12:45+05:30,3126.5,45,3130.0,1988048,128529.0,206888.0,3163.0,3163.0,3108.0,3134.3,31924400,3447.7,2820.9,3839.9,2896.0,3126.3,60,6,3126.2,21,3,3126.1,56,5,3126.0,222,7,3125.9,12,3,3126.6,32,1,3126.7,32,1,3126.8,32,1,3127.0,103,2,3127.3,1,1
2031,2026-06-16 12:12:45+05:30,3126.6,32,3130.0,1988048,128529.0,206888.0,3163.0,3163.0,3108.0,3134.3,31924400,3447.7,2820.9,3839.9,2896.0,3126.3,60,6,3126.2,21,3,3126.1,56,5,3126.0,222,7,3125.9,12,3,3126.6,32,1,3126.7,32,1,3126.8,32,1,3127.0,103,2,3127.3,1,1
2031,2026-06-16 12:12:46+05:30,3126.7,1,3130.0,1988094,128350.0,206650.0,3163.0,3163.0,3108.0,3134.3,31924400,3447.7,2820.9,3839.9,2896.0,3126.5,16,6,3126.4,22,2,3126.3,89,6,3126.2,26,3,3126.1,18,3,3126.7,31,1,3126.8,32,1,3127.0,103,2,3127.3,1,1,3127.7,159,1
2031,2026-06-16 12:12:46+05:30,3126.7,1,3130.0,1988094,128350.0,206650.0,3163.0,3163.0,3108.0,3134.3,31924400,3447.7,2820.9,3839.9,2896.0,3126.5,16,6,3126.4,22,2,3126.3,89,6,3126.2,26,3,3126.1,18,3,3126.7,31,1,3126.8,32,1,3127.0,103,2,3127.3,1,1,3127.7,159,1
2031,2026-06-16 12:12:47+05:30,3126.8,7,3130.0,1988094,128350.0,206650.0,3163.0,3163.0,3108.0,3134.3,31924400,3447.7,2820.9,3839.9,2896.0,3126.5,16,6,3126.4,22,2,3126.3,89,6,3126.2,26,3,3126.1,18,3,3126.7,31,1,3126.8,32,1,3127.0,103,2,3127.3,1,1,3127.7,159,1
2031,2026-06-16 12:12:47+05:30,3126.8,7,3130.0,1988202,128394.0,207129.0,3163.0,3163.0,3108.0,3134.3,31924400,3447.7,2820.9,3839.9,2896.0,3126.5,14,1,3126.4,76,5,3126.3,90,6,3126.2,29,4,3126.1,18,3,3126.8,25,1,3127.0,103,2,3127.3,1,1,3127.7,165,1,3127.8,475,4
2031,2026-06-16 12:12:48+05:30,3126.7,1,3130.0,1988248,128694.0,207074.0,3163.0,3163.0,3108.0,3134.3,31924400,3447.7,2820.9,3839.9,2896.0,3126.7,16,1,3126.5,76,3,3126.4,14,1,3126.3,76,5,3126.2,29,4,3127.0,71,1,3127.3,1,1,3127.8,475,4,3127.9,184,2,3128.0,81,3
2031,2026-06-16 12:12:49+05:30,3126.5,2,3130.0,1988248,128694.0,207074.0,3163.0,3163.0,3108.0,3134.3,31924400,3447.7,2820.9,3839.9,2896.0,3126.7,16,1,3126.5,76,3,3126.4,14,1,3126.3,76,5,3126.2,29,4,3127.0,71,1,3127.3,1,1,3127.8,475,4,3127.9,184,2,3128.0,81,3
2031,2026-06-16 12:12:49+05:30,3126.5,2,3130.0,1988449,128598.0,206758.0,3163.0,3163.0,3108.0,3134.3,31924400,3447.7,2820.9,3839.9,2896.0,3126.4,25,2,3126.3,43,2,3126.2,24,3,3126.1,41,4,3126.0,190,8,3127.0,2,1,3127.3,1,1,3127.6,54,1,3127.7,63,1,3127.8,496,5
2031,2026-06-16 12:12:50+05:30,3126.4,2,3130.0,1988449,128598.0,206758.0,3163.0,3163.0,3108.0,3134.3,31924400,3447.7,2820.9,3839.9,2896.0,3126.4,25,2,3126.3,43,2,3126.2,24,3,3126.1,41,4,3126.0,190,8,3127.0,2,1,3127.3,1,1,3127.6,54,1,3127.7,63,1,3127.8,496,5
2031,2026-06-16 12:12:50+05:30,3126.4,2,3130.0,1988476,128612.0,206920.0,3163.0,3163.0,3108.0,3134.3,31924400,3447.7,2820.9,3839.9,2896.0,3126.4,50,5,3126.3,55,3,3126.2,24,3,3126.1,44,5,3126.0,238,9,3127.0,2,1,3127.3,1,1,3127.6,54,1,3127.7,225,2,3127.8,475,4
2031,2026-06-16 12:12:51+05:30,3127.8,39,3130.0,1988476,128612.0,206920.0,3163.0,3163.0,3108.0,3134.3,31924400,3447.7,2820.9,3839.9,2896.0,3126.4,50,5,3126.3,55,3,3126.2,24,3,3126.1,44,5,3126.0,238,9,3127.0,2,1,3127.3,1,1,3127.6,54,1,3127.7,225,2,3127.8,475,4
2031,2026-06-16 12:12:51+05:30,3127.8,39,3130.0,1988576,129369.0,206705.0,3163.0,3163.0,3108.0,3134.3,31924400,3447.7,2820.9,3839.9,2896.0,3126.5,29,4,3126.4,72,5,3126.3,55,3,3126.2,32,6,3126.1,243,8,3127.7,21,1,3127.8,461,4,3127.9,184,2,3128.0,60,2,3128.1,116,4
2031,2026-06-16 12:12:52+05:30,3127.7,11,3130.0,1988576,129369.0,206705.0,3163.0,3163.0,3108.0,3134.3,31924400,3447.7,2820.9,3839.9,2896.0,3126.5,29,4,3126.4,72,5,3126.3,55,3,3126.2,32,6,3126.1,243,8,3127.7,21,1,3127.8,461,4,3127.9,184,2,3128.0,60,2,3128.1,116,4
2031,2026-06-16 12:12:52+05:30,3127.7,11,3130.0,1988588,129548.0,206728.0,3163.0,3163.0,3108.0,3134.3,31924400,3447.7,2820.9,3839.9,2896.0,3126.5,29,4,3126.4,72,5,3126.3,61,4,3126.2,26,5,3126.1,242,7,3127.8,531,5,3127.9,205,3,3128.0,40,1,3128.1,116,4,3128.2,20,1
2031,2026-06-16 12:12:53+05:30,3126.6,5,3130.0,1988588,129548.0,206728.0,3163.0,3163.0,3108.0,3134.3,31924400,3447.7,2820.9,3839.9,2896.0,3126.5,29,4,3126.4,72,5,3126.3,61,4,3126.2,26,5,3126.1,242,7,3127.8,531,5,3127.9,205,3,3128.0,40,1,3128.1,116,4,3128.2,20,1
2031,2026-06-16 12:12:53+05:30,3126.6,62,3130.0,1988849,129813.0,206728.0,3163.0,3163.0,3108.0,3134.3,31924400,3447.7,2820.9,3839.9,2896.0,3126.6,16,1,3126.5,46,1,3126.4,65,5,3126.3,95,5,3126.2,26,5,3127.8,324,3,3127.9,205,3,3128.0,86,2,3128.1,56,2,3128.2,20,1
2031,2026-06-16 12:12:54+05:30,3126.6,1,3130.0,1988849,129813.0,206728.0,3163.0,3163.0,3108.0,3134.3,31924400,3447.7,2820.9,3839.9,2896.0,3126.6,16,1,3126.5,46,1,3126.4,65,5,3126.3,95,5,3126.2,26,5,3127.8,324,3,3127.9,205,3,3128.0,86,2,3128.1,56,2,3128.2,20,1
2031,2026-06-16 12:12:54+05:30,3126.6,1,3130.0,1988855,129942.0,206533.0,3163.0,3163.0,3108.0,3134.3,31924400,3447.7,2820.9,3839.9,2896.0,3126.6,118,3,3126.5,69,2,3126.4,65,5,3126.3,99,6,3126.2,39,6,3127.8,319,3,3127.9,184,2,3128.0,107,3,3128.1,56,2,3128.2,20,1
2031,2026-06-16 12:12:54+05:30,3126.6,1,3130.0,1988855,129942.0,206533.0,3163.0,3163.0,3108.0,3134.3,31924400,3447.7,2820.9,3839.9,2896.0,3126.6,118,3,3126.5,69,2,3126.4,65,5,3126.3,99,6,3126.2,39,6,3127.8,319,3,3127.9,184,2,3128.0,107,3,3128.1,56,2,3128.2,20,1
2031,2026-06-16 12:12:55+05:30,3127.8,9,3130.0,1988855,129942.0,206533.0,3163.0,3163.0,3108.0,3134.3,31924400,3447.7,2820.9,3839.9,2896.0,3126.6,118,3,3126.5,69,2,3126.4,65,5,3126.3,99,6,3126.2,39,6,3127.8,319,3,3127.9,184,2,3128.0,107,3,3128.1,56,2,3128.2,20,1
2031,2026-06-16 12:12:55+05:30,3127.8,9,3130.0,1988865,130031.0,205843.0,3163.0,3163.0,3108.0,3134.3,31924400,3447.7,2820.9,3839.9,2896.0,3126.6,207,9,3126.5,80,3,3126.4,81,6,3126.3,132,6,3126.2,39,6,3127.8,261,2,3127.9,184,2,3128.0,40,1,3128.1,77,3,3128.2,20,1
2031,2026-06-16 12:12:56+05:30,3127.8,9,3130.0,1988865,130031.0,205843.0,3163.0,3163.0,3108.0,3134.3,31924400,3447.7,2820.9,3839.9,2896.0,3126.6,207,9,3126.5,80,3,3126.4,81,6,3126.3,132,6,3126.2,39,6,3127.8,261,2,3127.9,184,2,3128.0,40,1,3128.1,77,3,3128.2,20,1
2031,2026-06-16 12:12:56+05:30,3126.6,9,3130.0,1988865,130031.0,205843.0,3163.0,3163.0,3108.0,3134.3,31924400,3447.7,2820.9,3839.9,2896.0,3126.6,207,9,3126.5,80,3,3126.4,81,6,3126.3,132,6,3126.2,39,6,3127.8,261,2,3127.9,184,2,3128.0,40,1,3128.1,77,3,3128.2,20,1
2031,2026-06-16 12:12:56+05:30,3126.6,9,3130.0,1988968,129692.0,206052.0,3163.0,3163.0,3108.0,3134.3,31924400,3447.7,2820.9,3839.9,2896.0,3126.6,92,7,3126.5,57,2,3126.4,46,4,3126.3,74,3,3126.2,26,5,3127.3,191,1,3127.4,126,1,3127.8,333,3,3127.9,528,5,3128.0,683,6
2031,2026-06-16 12:12:57+05:30,3127.3,1,3130.0,1988968,129692.0,206052.0,3163.0,3163.0,3108.0,3134.3,31924400,3447.7,2820.9,3839.9,2896.0,3126.6,92,7,3126.5,57,2,3126.4,46,4,3126.3,74,3,3126.2,26,5,3127.3,191,1,3127.4,126,1,3127.8,333,3,3127.9,528,5,3128.0,683,6
2031,2026-06-16 12:12:57+05:30,3127.3,1,3130.0,1988969,129721.0,204719.0,3163.0,3163.0,3108.0,3134.3,31924400,3447.7,2820.9,3839.9,2896.0,3126.6,70,5,3126.5,46,1,3126.4,36,3,3126.3,91,4,3126.2,27,5,3127.3,272,2,3127.4,126,1,3127.7,58,1,3127.8,284,3,3127.9,473,5
2031,2026-06-16 12:12:58+05:30,3127.3,1,3130.0,1988969,129721.0,204719.0,3163.0,3163.0,3108.0,3134.3,31924400,3447.7,2820.9,3839.9,2896.0,3126.6,70,5,3126.5,46,1,3126.4,36,3,3126.3,91,4,3126.2,27,5,3127.3,272,2,3127.4,126,1,3127.7,58,1,3127.8,284,3,3127.9,473,5
2031,2026-06-16 12:12:58+05:30,3126.6,1,3130.0,1988970,129726.0,204724.0,3163.0,3163.0,3108.0,3134.3,31924400,3447.7,2820.9,3839.9,2896.0,3126.6,69,5,3126.5,46,1,3126.4,36,3,3126.3,91,4,3126.2,27,5,3127.3,272,2,3127.4,126,1,3127.7,58,1,3127.8,284,3,3127.9,473,5
2031,2026-06-16 12:12:58+05:30,3126.6,1,3130.0,1988970,129726.0,204724.0,3163.0,3163.0,3108.0,3134.3,31924400,3447.7,2820.9,3839.9,2896.0,3126.6,69,5,3126.5,46,1,3126.4,36,3,3126.3,91,4,3126.2,27,5,3127.3,272,2,3127.4,126,1,3127.7,58,1,3127.8,284,3,3127.9,473,5
2031,2026-06-16 12:12:59+05:30,3126.6,1,3130.0,1988970,129726.0,206126.0,3163.0,3163.0,3108.0,3134.3,31924400,3447.7,2820.9,3839.9,2896.0,3126.6,69,5,3126.5,46,1,3126.4,36,3,3126.3,91,4,3126.2,27,5,3127.3,272,2,3127.4,126,1,3127.7,58,1,3127.8,284,3,3127.9,473,5
2031,2026-06-16 12:13:00+05:30,3126.6,1,3130.0,1988970,129726.0,206126.0,3163.0,3163.0,3108.0,3134.3,31924400,3447.7,2820.9,3839.9,2896.0,3126.6,69,5,3126.5,46,1,3126.4,36,3,3126.3,91,4,3126.2,27,5,3127.3,272,2,3127.4,126,1,3127.7,58,1,3127.8,284,3,3127.9,473,5
2031,2026-06-16 12:13:00+05:30,3127.3,1,3130.0,1988971,129673.0,206922.0,3163.0,3163.0,3108.0,3134.3,31924400,3447.7,2820.9,3839.9,2896.0,3126.6,63,5,3126.5,46,1,3126.4,36,3,3126.3,91,4,3126.2,27,5,3127.3,271,2,3127.4,126,1,3127.7,130,3,3127.8,330,4,3127.9,473,5
2031,2026-06-16 12:13:00+05:30,3127.3,1,3130.0,1988971,129673.0,206922.0,3163.0,3163.0,3108.0,3134.3,31924400,3447.7,2820.9,3839.9,2896.0,3126.6,63,5,3126.5,46,1,3126.4,36,3,3126.3,91,4,3126.2,27,5,3127.3,271,2,3127.4,126,1,3127.7,130,3,3127.8,330,4,3127.9,473,5
2031,2026-06-16 12:13:01+05:30,3127.3,110,3130.0,1989081,129545.0,206181.0,3163.0,3163.0,3108.0,3134.3,31924400,3447.7,2820.9,3839.9,2896.0,3127.0,2,2,3126.6,63,5,3126.5,46,1,3126.4,22,2,3126.3,91,4,3127.3,162,4,3127.4,126,1,3127.7,97,3,3127.8,263,2,3127.9,470,4
2031,2026-06-16 12:13:01+05:30,3127.3,110,3130.0,1989081,129545.0,206181.0,3163.0,3163.0,3108.0,3134.3,31924400,3447.7,2820.9,3839.9,2896.0,3127.0,2,2,3126.6,63,5,3126.5,46,1,3126.4,22,2,3126.3,91,4,3127.3,162,4,3127.4,126,1,3127.7,97,3,3127.8,263,2,3127.9,470,4
2031,2026-06-16 12:13:02+05:30,3127.3,110,3130.0,1989081,129545.0,206181.0,3163.0,3163.0,3108.0,3134.3,31924400,3447.7,2820.9,3839.9,2896.0,3127.0,2,2,3126.6,63,5,3126.5,46,1,3126.4,22,2,3126.3,91,4,3127.3,162,4,3127.4,126,1,3127.7,97,3,3127.8,263,2,3127.9,470,4
2031,2026-06-16 12:13:02+05:30,3127.3,1,3130.0,1989087,129222.0,206424.0,3163.0,3163.0,3108.0,3134.3,31924400,3447.7,2820.9,3839.9,2896.0,3127.0,39,1,3126.6,33,3,3126.4,10,1,3126.3,71,4,3126.2,80,5,3127.3,174,5,3127.4,126,1,3127.7,58,1,3127.8,221,2,3127.9,470,4
2031,2026-06-16 12:13:02+05:30,3127.3,1,3130.0,1989087,129222.0,206424.0,3163.0,3163.0,3108.0,3134.3,31924400,3447.7,2820.9,3839.9,2896.0,3127.0,39,1,3126.6,33,3,3126.4,10,1,3126.3,71,4,3126.2,80,5,3127.3,174,5,3127.4,126,1,3127.7,58,1,3127.8,221,2,3127.9,470,4
2031,2026-06-16 12:13:03+05:30,3127.0,39,3130.0,1989309,129122.0,203484.0,3163.0,3163.0,3108.0,3134.3,31924400,3447.7,2820.9,3839.9,2896.0,3126.6,56,5,3126.4,51,4,3126.3,147,6,3126.2,107,6,3126.1,225,9,3127.3,34,3,3127.7,58,1,3128.0,40,1,3128.2,20,1,3128.4,93,3
2031,2026-06-16 12:13:03+05:30,3127.0,39,3130.0,1989309,129122.0,203484.0,3163.0,3163.0,3108.0,3134.3,31924400,3447.7,2820.9,3839.9,2896.0,3126.6,56,5,3126.4,51,4,3126.3,147,6,3126.2,107,6,3126.1,225,9,3127.3,34,3,3127.7,58,1,3128.0,40,1,3128.2,20,1,3128.4,93,3
2031,2026-06-16 12:13:03+05:30,3127.0,39,3130.0,1989309,129122.0,203484.0,3163.0,3163.0,3108.0,3134.3,31924400,3447.7,2820.9,3839.9,2896.0,3126.6,56,5,3126.4,51,4,3126.3,147,6,3126.2,107,6,3126.1,225,9,3127.3,34,3,3127.7,58,1,3128.0,40,1,3128.2,20,1,3128.4,93,3
2031,2026-06-16 12:13:04+05:30,3127.7,5,3130.0,1989349,129246.0,204439.0,3163.0,3163.0,3108.0,3134.3,31924400,3447.7,2820.9,3839.9,2896.0,3126.6,41,4,3126.5,94,4,3126.4,52,4,3126.3,125,5,3126.2,44,5,3127.7,53,1,3128.0,40,1,3128.2,20,1,3128.4,93,3,3128.5,199,2
2031,2026-06-16 12:13:04+05:30,3127.7,5,3130.0,1989349,129246.0,204439.0,3163.0,3163.0,3108.0,3134.3,31924400,3447.7,2820.9,3839.9,2896.0,3126.6,41,4,3126.5,94,4,3126.4,52,4,3126.3,125,5,3126.2,44,5,3127.7,53,1,3128.0,40,1,3128.2,20,1,3128.4,93,3,3128.5,199,2
2031,2026-06-16 12:13:05+05:30,3127.7,5,3130.0,1989349,129246.0,204439.0,3163.0,3163.0,3108.0,3134.3,31924400,3447.7,2820.9,3839.9,2896.0,3126.8,123,4,3126.7,54,4,3126.6,101,7,3126.5,30,2,3126.4,279,4,3128.0,40,1,3128.5,198,2,3128.6,131,3,3128.7,96,3,3128.8,76,2
2031,2026-06-16 12:13:05+05:30,3127.7,5,3130.0,1989349,129549.0,204553.0,3163.0,3163.0,3108.0,3134.3,31924400,3447.7,2820.9,3839.9,2896.0,3126.8,123,4,3126.7,54,4,3126.6,101,7,3126.5,30,2,3126.4,279,4,3128.0,40,1,3128.5,198,2,3128.6,131,3,3128.7,96,3,3128.8,76,2
2031,2026-06-16 12:13:06+05:30,3127.7,5,3130.0,1989349,129549.0,204553.0,3163.0,3163.0,3108.0,3134.3,31924400,3447.7,2820.9,3839.9,2896.0,3126.8,123,4,3126.7,54,4,3126.6,101,7,3126.5,30,2,3126.4,279,4,3128.0,40,1,3128.5,198,2,3128.6,131,3,3128.7,96,3,3128.8,76,2
2031,2026-06-16 12:13:06+05:30,3127.7,5,3130.0,1989349,129574.0,204620.0,3163.0,3163.0,3108.0,3134.3,31924400,3447.7,2820.9,3839.9,2896.0,3126.8,123,4,3126.7,54,4,3126.6,101,7,3126.5,30,2,3126.4,279,4,3128.0,40,1,3128.1,60,1,3128.5,198,2,3128.6,131,3,3128.7,96,3
2031,2026-06-16 12:13:06+05:30,3127.7,5,3130.0,1989349,129574.0,204620.0,3163.0,3163.0,3108.0,3134.3,31924400,3447.7,2820.9,3839.9,2896.0,3126.8,123,4,3126.7,54,4,3126.6,101,7,3126.5,30,2,3126.4,279,4,3128.0,40,1,3128.1,60,1,3128.5,198,2,3128.6,131,3,3128.7,96,3
2031,2026-06-16 12:13:07+05:30,3127.7,5,3130.0,1989349,129574.0,204620.0,3163.0,3163.0,3108.0,3134.3,31924400,3447.7,2820.9,3839.9,2896.0,3126.8,123,4,3126.7,54,4,3126.6,101,7,3126.5,30,2,3126.4,279,4,3128.0,40,1,3128.1,60,1,3128.5,198,2,3128.6,131,3,3128.7,96,3
2031,2026-06-16 12:13:07+05:30,3127.7,5,3130.0,1989349,129555.0,204623.0,3163.0,3163.0,3108.0,3134.3,31924400,3447.7,2820.9,3839.9,2896.0,3126.8,123,4,3126.7,54,4,3126.6,101,7,3126.5,30,2,3126.4,279,4,3128.0,41,2,3128.1,60,1,3128.5,198,2,3128.6,131,3,3128.7,96,3
2031,2026-06-16 12:13:07+05:30,3127.7,5,3130.0,1989349,129555.0,204623.0,3163.0,3163.0,3108.0,3134.3,31924400,3447.7,2820.9,3839.9,2896.0,3126.8,123,4,3126.7,54,4,3126.6,101,7,3126.5,30,2,3126.4,279,4,3128.0,41,2,3128.1,60,1,3128.5,198,2,3128.6,131,3,3128.7,96,3
2031,2026-06-16 12:13:08+05:30,3128.0,1,3130.0,1989351,129536.0,204858.0,3163.0,3163.0,3108.0,3134.3,31924400,3447.7,2820.9,3839.9,2896.0,3126.9,6,1,3126.8,123,4,3126.7,54,4,3126.6,101,7,3126.5,36,3,3128.0,83,3,3128.1,60,1,3128.5,252,3,3128.6,170,5,3128.7,82,2
2031,2026-06-16 12:13:08+05:30,3128.0,1,3130.0,1989351,129536.0,204858.0,3163.0,3163.0,3108.0,3134.3,31924400,3447.7,2820.9,3839.9,2896.0,3126.9,6,1,3126.8,123,4,3126.7,54,4,3126.6,101,7,3126.5,36,3,3128.0,83,3,3128.1,60,1,3128.5,252,3,3128.6,170,5,3128.7,82,2
2031,2026-06-16 12:13:08+05:30,3128.0,1,3130.0,1989351,129536.0,204858.0,3163.0,3163.0,3108.0,3134.3,31924400,3447.7,2820.9,3839.9,2896.0,3126.9,6,1,3126.8,123,4,3126.7,54,4,3126.6,101,7,3126.5,36,3,3128.0,83,3,3128.1,60,1,3128.5,252,3,3128.6,170,5,3128.7,82,2
2031,2026-06-16 12:13:09+05:30,3128.0,1,3130.0,1989351,129596.0,206020.0,3163.0,3163.0,3108.0,3134.3,31924400,3447.7,2820.9,3839.9,2896.0,3127.1,17,1,3126.9,6,1,3126.8,109,3,3126.7,51,3,3126.6,92,5,3128.0,83,3,3128.1,60,1,3128.5,95,3,3128.6,76,2,3128.7,82,2
2031,2026-06-16 12:13:09+05:30,3128.0,1,3130.0,1989351,129596.0,206020.0,3163.0,3163.0,3108.0,3134.3,31924400,3447.7,2820.9,3839.9,2896.0,3127.1,17,1,3126.9,6,1,3126.8,109,3,3126.7,51,3,3126.6,92,5,3128.0,83,3,3128.1,60,1,3128.5,95,3,3128.6,76,2,3128.7,82,2
2031,2026-06-16 12:13:10+05:30,3128.0,8,3130.0,1989650,129539.0,206071.0,3163.0,3163.0,3108.0,3134.3,31924400,3447.7,2820.9,3839.9,2896.0,3126.9,15,1,3126.8,140,4,3126.7,21,1,3126.6,84,4,3126.5,20,1,3128.0,45,2,3128.1,60,1,3128.5,60,3,3128.6,277,4,3128.7,82,2
2031,2026-06-16 12:13:10+05:30,3128.0,8,3130.0,1989650,129539.0,206071.0,3163.0,3163.0,3108.0,3134.3,31924400,3447.7,2820.9,3839.9,2896.0,3126.9,15,1,3126.8,140,4,3126.7,21,1,3126.6,84,4,3126.5,20,1,3128.0,45,2,3128.1,60,1,3128.5,60,3,3128.6,277,4,3128.7,82,2
2031,2026-06-16 12:13:10+05:30,3128.0,8,3130.0,1989650,129539.0,206071.0,3163.0,3163.0,3108.0,3134.3,31924400,3447.7,2820.9,3839.9,2896.0,3126.9,15,1,3126.8,140,4,3126.7,21,1,3126.6,84,4,3126.5,20,1,3128.0,45,2,3128.1,60,1,3128.5,60,3,3128.6,277,4,3128.7,82,2
2031,2026-06-16 12:13:11+05:30,3128.0,8,3130.0,1989650,129539.0,206071.0,3163.0,3163.0,3108.0,3134.3,31924400,3447.7,2820.9,3839.9,2896.0,3126.9,15,1,3126.8,140,4,3126.7,21,1,3126.6,84,4,3126.5,20,1,3128.0,45,2,3128.1,60,1,3128.5,60,3,3128.6,277,4,3128.7,82,2
2031,2026-06-16 12:13:11+05:30,3128.0,8,3130.0,1989650,129519.0,204271.0,3163.0,3163.0,3108.0,3134.3,31924400,3447.7,2820.9,3839.9,2896.0,3126.9,15,1,3126.8,140,4,3126.7,21,1,3126.6,84,4,3126.5,25,2,3128.0,45,2,3128.1,60,1,3128.5,39,2,3128.6,298,5,3128.7,82,2
2031,2026-06-16 12:13:11+05:30,3128.0,8,3130.0,1989650,129519.0,204271.0,3163.0,3163.0,3108.0,3134.3,31924400,3447.7,2820.9,3839.9,2896.0,3126.9,15,1,3126.8,140,4,3126.7,21,1,3126.6,84,4,3126.5,25,2,3128.0,45,2,3128.1,60,1,3128.5,39,2,3128.6,298,5,3128.7,82,2
2031,2026-06-16 12:13:12+05:30,3128.0,10,3130.0,1989661,129298.0,206124.0,3163.0,3163.0,3108.0,3134.3,31924400,3447.7,2820.9,3839.9,2896.0,3127.0,15,1,3126.8,69,2,3126.7,42,2,3126.6,28,1,3126.5,33,2,3128.0,34,1,3128.1,60,1,3128.4,138,3,3128.5,39,2,3128.6,277,4
2031,2026-06-16 12:13:12+05:30,3128.0,10,3130.0,1989661,129298.0,206124.0,3163.0,3163.0,3108.0,3134.3,31924400,3447.7,2820.9,3839.9,2896.0,3127.0,15,1,3126.8,69,2,3126.7,42,2,3126.6,28,1,3126.5,33,2,3128.0,34,1,3128.1,60,1,3128.4,138,3,3128.5,39,2,3128.6,277,4
2031,2026-06-16 12:13:12+05:30,3128.0,10,3130.0,1989661,129298.0,206124.0,3163.0,3163.0,3108.0,3134.3,31924400,3447.7,2820.9,3839.9,2896.0,3127.0,15,1,3126.8,69,2,3126.7,42,2,3126.6,28,1,3126.5,33,2,3128.0,34,1,3128.1,60,1,3128.4,138,3,3128.5,39,2,3128.6,277,4
2031,2026-06-16 12:13:13+05:30,3127.0,81,3130.0,1989743,129327.0,204392.0,3163.0,3163.0,3108.0,3134.3,31924400,3447.7,2820.9,3839.9,2896.0,3127.0,69,2,3126.9,70,2,3126.8,54,1,3126.7,21,1,3126.6,82,2,3128.1,12,2,3128.3,265,4,3128.4,84,2,3128.5,102,3,3128.6,76,2
2031,2026-06-16 12:13:13+05:30,3127.0,81,3130.0,1989743,129327.0,204392.0,3163.0,3163.0,3108.0,3134.3,31924400,3447.7,2820.9,3839.9,2896.0,3127.0,69,2,3126.9,70,2,3126.8,54,1,3126.7,21,1,3126.6,82,2,3128.1,12,2,3128.3,265,4,3128.4,84,2,3128.5,102,3,3128.6,76,2
2031,2026-06-16 12:13:13+05:30,3127.0,81,3130.0,1989743,129327.0,204392.0,3163.0,3163.0,3108.0,3134.3,31926600,3447.7,2820.9,3839.9,2896.0,3127.0,69,2,3126.9,70,2,3126.8,54,1,3126.7,21,1,3126.6,82,2,3128.1,12,2,3128.3,265,4,3128.4,84,2,3128.5,102,3,3128.6,76,2
2031,2026-06-16 12:13:14+05:30,3127.0,9,3130.0,1989767,129426.0,205811.0,3163.0,3163.0,3108.0,3134.3,31926600,3447.7,2820.9,3839.9,2896.0,3127.0,105,4,3126.9,49,1,3126.8,54,1,3126.7,41,2,3126.6,82,2,3128.1,2,1,3128.3,30,2,3128.4,170,1,3128.5,39,2,3128.6,97,3
2031,2026-06-16 12:13:14+05:30,3127.0,9,3130.0,1989767,129426.0,205811.0,3163.0,3163.0,3108.0,3134.3,31926600,3447.7,2820.9,3839.9,2896.0,3127.0,105,4,3126.9,49,1,3126.8,54,1,3126.7,41,2,3126.6,82,2,3128.1,2,1,3128.3,30,2,3128.4,170,1,3128.5,39,2,3128.6,97,3
2031,2026-06-16 12:13:15+05:30,3127.0,6,3130.0,1989778,129774.0,204084.0,3163.0,3163.0,3108.0,3134.3,31926600,3447.7,2820.9,3839.9,2896.0,3127.0,88,7,3126.9,129,4,3126.8,57,4,3126.7,69,3,3126.6,82,2,3128.1,43,1,3128.5,56,3,3128.7,63,1,3128.8,114,4,3128.9,163,2
2031,2026-06-16 12:13:15+05:30,3127.0,6,3130.0,1989778,129774.0,204084.0,3163.0,3163.0,3108.0,3134.3,31926600,3447.7,2820.9,3839.9,2896.0,3127.0,88,7,3126.9,129,4,3126.8,57,4,3126.7,69,3,3126.6,82,2,3128.1,43,1,3128.5,56,3,3128.7,63,1,3128.8,114,4,3128.9,163,2
2031,2026-06-16 12:13:16+05:30,3127.6,1,3130.0,1989781,129465.0,204265.0,3163.0,3163.0,3108.0,3134.3,31926600,3447.7,2820.9,3839.9,2896.0,3127.6,2,2,3127.1,20,1,3127.0,75,6,3126.9,69,2,3126.8,24,2,3128.1,24,1,3128.5,120,5,3128.6,21,1,3128.7,190,2,3128.8,142,4
2031,2026-06-16 12:13:16+05:30,3127.6,1,3130.0,1989781,129465.0,204265.0,3163.0,3163.0,3108.0,3134.3,31926600,3447.7,2820.9,3839.9,2896.0,3127.6,2,2,3127.1,20,1,3127.0,75,6,3126.9,69,2,3126.8,24,2,3128.1,24,1,3128.5,120,5,3128.6,21,1,3128.7,190,2,3128.8,142,4
2031,2026-06-16 12:13:17+05:30,3127.6,1,3130.0,1989781,129502.0,206277.0,3163.0,3163.0,3108.0,3134.3,31926600,3447.7,2820.9,3839.9,2896.0,3127.6,2,2,3127.1,37,2,3127.0,75,6,3126.9,69,2,3126.8,24,2,3128.1,24,1,3128.5,120,5,3128.6,21,1,3128.7,190,2,3128.8,142,4
2031,2026-06-16 12:13:18+05:30,3127.6,43,3130.0,1989827,129660.0,205768.0,3163.0,3163.0,3108.0,3134.3,31926600,3447.7,2820.9,3839.9,2896.0,3127.1,15,1,3127.0,22,4,3126.9,69,2,3126.8,5,1,3126.7,45,2,3128.1,58,2,3128.2,18,1,3128.4,48,3,3128.5,102,4,3128.6,112,2
2031,2026-06-16 12:13:18+05:30,3127.6,43,3130.0,1989827,129660.0,205768.0,3163.0,3163.0,3108.0,3134.3,31926600,3447.7,2820.9,3839.9,2896.0,3127.1,15,1,3127.0,22,4,3126.9,69,2,3126.8,5,1,3126.7,45,2,3128.1,58,2,3128.2,18,1,3128.4,48,3,3128.5,102,4,3128.6,112,2
2031,2026-06-16 12:13:19+05:30,3128.1,5,3130.0,1989832,129685.0,205782.0,3163.0,3163.0,3108.0,3134.3,31926600,3447.7,2820.9,3839.9,2896.0,3127.1,15,1,3127.0,22,4,3126.9,84,3,3126.8,5,1,3126.7,65,3,3128.1,53,2,3128.2,18,1,3128.4,39,2,3128.5,92,3,3128.6,63,1
2031,2026-06-16 12:13:19+05:30,3128.1,5,3130.0,1989832,129685.0,205782.0,3163.0,3163.0,3108.0,3134.3,31926600,3447.7,2820.9,3839.9,2896.0,3127.1,15,1,3127.0,22,4,3126.9,84,3,3126.8,5,1,3126.7,65,3,3128.1,53,2,3128.2,18,1,3128.4,39,2,3128.5,92,3,3128.6,63,1
2031,2026-06-16 12:13:20+05:30,3128.1,1,3130.0,1989833,129756.0,206102.0,3163.0,3163.0,3108.0,3134.3,31926600,3447.7,2820.9,3839.9,2896.0,3127.1,15,1,3127.0,42,4,3126.9,84,3,3126.8,49,1,3126.7,78,4,3128.1,52,2,3128.4,18,1,3128.5,92,3,3128.6,21,1,3128.7,217,3
2031,2026-06-16 12:13:20+05:30,3128.1,1,3130.0,1989833,129756.0,206102.0,3163.0,3163.0,3108.0,3134.3,31926600,3447.7,2820.9,3839.9,2896.0,3127.1,15,1,3127.0,42,4,3126.9,84,3,3126.8,49,1,3126.7,78,4,3128.1,52,2,3128.4,18,1,3128.5,92,3,3128.6,21,1,3128.7,217,3
2031,2026-06-16 12:13:21+05:30,3128.1,1,3130.0,1989834,129786.0,205985.0,3163.0,3163.0,3108.0,3134.3,31926600,3447.7,2820.9,3839.9,2896.0,3127.3,16,1,3127.0,21,3,3126.9,125,5,3126.8,49,1,3126.7,58,3,3128.1,51,2,3128.4,39,2,3128.5,92,3,3128.7,217,3,3128.8,192,5
2031,2026-06-16 12:13:21+05:30,3128.1,1,3130.0,1989834,129786.0,205985.0,3163.0,3163.0,3108.0,3134.3,31926600,3447.7,2820.9,3839.9,2896.0,3127.3,16,1,3127.0,21,3,3126.9,125,5,3126.8,49,1,3126.7,58,3,3128.1,51,2,3128.4,39,2,3128.5,92,3,3128.7,217,3,3128.8,192,5
2031,2026-06-16 12:13:22+05:30,3128.1,1,3130.0,1989834,129623.0,206648.0,3163.0,3163.0,3108.0,3134.3,31926600,3447.7,2820.9,3839.9,2896.0,3127.3,16,1,3127.0,21,3,3126.9,125,5,3126.8,49,1,3126.7,45,2,3128.1,51,2,3128.4,39,2,3128.5,92,3,3128.7,264,4,3128.8,198,6
2031,2026-06-16 12:13:23+05:30,3128.1,1,3130.0,1989834,129657.0,206509.0,3163.0,3163.0,3108.0,3134.3,31926600,3447.7,2820.9,3839.9,2896.0,3127.4,18,1,3127.0,21,3,3126.9,77,4,3126.8,103,2,3126.7,45,2,3128.1,51,2,3128.4,18,1,3128.5,205,4,3128.6,101,2,3128.7,47,2
2031,2026-06-16 12:13:23+05:30,3128.1,1,3130.0,1989834,129657.0,206509.0,3163.0,3163.0,3108.0,3134.3,31926600,3447.7,2820.9,3839.9,2896.0,3127.4,18,1,3127.0,21,3,3126.9,77,4,3126.8,103,2,3126.7,45,2,3128.1,51,2,3128.4,18,1,3128.5,205,4,3128.6,101,2,3128.7,47,2
2031,2026-06-16 12:13:24+05:30,3128.1,1,3130.0,1989835,129846.0,206526.0,3163.0,3163.0,3108.0,3134.3,31926600,3447.7,2820.9,3839.9,2896.0,3127.4,18,1,3127.0,21,3,3126.9,77,4,3126.8,103,2,3126.7,45,2,3128.1,50,2,3128.4,18,1,3128.5,205,4,3128.6,101,2,3128.7,47,2
2031,2026-06-16 12:13:25+05:30,3128.1,10,3130.0,1989845,129963.0,206371.0,3163.0,3163.0,3108.0,3134.3,31926600,3447.7,2820.9,3839.9,2896.0,3127.4,18,1,3127.0,20,2,3126.9,77,4,3126.8,103,2,3126.7,45,2,3128.1,40,2,3128.5,201,4,3128.6,101,2,3128.7,68,3,3128.8,192,5
2031,2026-06-16 12:13:25+05:30,3128.1,10,3130.0,1989845,129963.0,206371.0,3163.0,3163.0,3108.0,3134.3,31926600,3447.7,2820.9,3839.9,2896.0,3127.4,18,1,3127.0,20,2,3126.9,77,4,3126.8,103,2,3126.7,45,2,3128.1,40,2,3128.5,201,4,3128.6,101,2,3128.7,68,3,3128.8,192,5
2031,2026-06-16 12:13:26+05:30,3127.9,16,3130.0,1989861,130896.0,205784.0,3163.0,3163.0,3108.0,3134.3,31926600,3447.7,2820.9,3839.9,2896.0,3127.9,15,1,3127.1,38,2,3127.0,81,3,3126.9,77,4,3126.8,103,2,3128.1,40,2,3128.5,9,1,3128.7,20,1,3128.8,39,2,3128.9,185,3
2031,2026-06-16 12:13:26+05:30,3127.9,16,3130.0,1989861,130896.0,205784.0,3163.0,3163.0,3108.0,3134.3,31926600,3447.7,2820.9,3839.9,2896.0,3127.9,15,1,3127.1,38,2,3127.0,81,3,3126.9,77,4,3126.8,103,2,3128.1,40,2,3128.5,9,1,3128.7,20,1,3128.8,39,2,3128.9,185,3
2031,2026-06-16 12:13:27+05:30,3127.9,16,3130.0,1989861,130757.0,205801.0,3163.0,3163.0,3108.0,3134.3,31926600,3447.7,2820.9,3839.9,2896.0,3127.9,15,1,3127.4,15,1,3127.1,92,3,3127.0,81,3,3126.9,77,4,3128.1,40,2,3128.5,9,1,3128.7,20,1,3128.8,18,1,3128.9,185,3
2031,2026-06-16 12:13:27+05:30,3128.1,35,3130.0,1989861,130757.0,205801.0,3163.0,3163.0,3108.0,3134.3,31926600,3447.7,2820.9,3839.9,2896.0,3127.9,15,1,3127.4,15,1,3127.1,92,3,3127.0,81,3,3126.9,77,4,3128.1,40,2,3128.5,9,1,3128.7,20,1,3128.8,18,1,3128.9,185,3
2031,2026-06-16 12:13:28+05:30,3128.1,3,3130.0,1989990,130371.0,205864.0,3163.0,3163.0,3108.0,3134.3,31926600,3447.7,2820.9,3839.9,2896.0,3127.0,85,4,3126.9,44,3,3126.8,89,3,3126.7,74,4,3126.6,74,2,3128.7,148,6,3128.8,90,4,3128.9,155,2,3129.0,254,6,3129.1,54,1
2031,2026-06-16 12:13:28+05:30,3128.3,16,3130.0,1989990,130371.0,205864.0,3163.0,3163.0,3108.0,3134.3,31926600,3447.7,2820.9,3839.9,2896.0,3127.0,85,4,3126.9,44,3,3126.8,89,3,3126.7,74,4,3126.6,74,2,3128.7,148,6,3128.8,90,4,3128.9,155,2,3129.0,254,6,3129.1,54,1
2031,2026-06-16 12:13:29+05:30,3128.3,16,3130.0,1990187,131598.0,205822.0,3163.0,3163.0,3108.0,3134.3,31926600,3447.7,2820.9,3839.9,2896.0,3128.3,16,1,3127.6,16,1,3127.5,21,1,3127.3,75,2,3127.2,187,1,3128.7,35,3,3128.9,69,5,3129.0,136,3,3129.2,74,3,3129.3,152,4
2031,2026-06-16 12:13:29+05:30,3128.3,16,3130.0,1990187,131598.0,205822.0,3163.0,3163.0,3108.0,3134.3,31926600,3447.7,2820.9,3839.9,2896.0,3128.3,16,1,3127.6,16,1,3127.5,21,1,3127.3,75,2,3127.2,187,1,3128.7,35,3,3128.9,69,5,3129.0,136,3,3129.2,74,3,3129.3,152,4
2031,2026-06-16 12:13:30+05:30,3127.9,17,3130.0,1991224,131449.0,205162.0,3163.0,3163.0,3108.0,3134.3,31926600,3447.7,2820.9,3839.9,2896.0,3128.3,1,1,3127.9,17,1,3127.5,21,1,3127.4,46,1,3127.3,79,3,3128.9,18,1,3129.0,31,2,3129.1,23,3,3129.2,109,3,3129.3,198,2
2031,2026-06-16 12:13:30+05:30,3127.9,17,3130.0,1991224,131449.0,205162.0,3163.0,3163.0,3108.0,3134.3,31926600,3447.7,2820.9,3839.9,2896.0,3128.3,1,1,3127.9,17,1,3127.5,21,1,3127.4,46,1,3127.3,79,3,3128.9,18,1,3129.0,31,2,3129.1,23,3,3129.2,109,3,3129.3,198,2
2031,2026-06-16 12:13:31+05:30,3128.3,68,3130.0,1991556,130555.0,205297.0,3163.0,3163.0,3108.0,3134.3,31926600,3447.7,2820.9,3839.9,2896.0,3127.1,36,2,3126.9,56,3,3126.8,80,2,3126.7,45,2,3126.6,68,4,3128.3,200,1,3128.4,14,1,3128.5,60,4,3128.6,33,2,3128.7,157,1
2031,2026-06-16 12:13:31+05:30,3128.3,68,3130.0,1991556,130555.0,205297.0,3163.0,3163.0,3108.0,3134.3,31926600,3447.7,2820.9,3839.9,2896.0,3127.1,36,2,3126.9,56,3,3126.8,80,2,3126.7,45,2,3126.6,68,4,3128.3,200,1,3128.4,14,1,3128.5,60,4,3128.6,33,2,3128.7,157,1
2031,2026-06-16 12:13:32+05:30,3128.3,11,3130.0,1991567,130639.0,205470.0,3163.0,3163.0,3108.0,3134.3,31926600,3447.7,2820.9,3839.9,2896.0,3127.1,36,2,3127.0,46,1,3126.9,77,4,3126.8,101,3,3126.7,45,2,3128.3,265,3,3128.5,32,2,3128.6,19,1,3128.7,8,1,3128.8,178,2
2031,2026-06-16 12:13:32+05:30,3128.3,11,3130.0,1991567,130639.0,205470.0,3163.0,3163.0,3108.0,3134.3,31926600,3447.7,2820.9,3839.9,2896.0,3127.1,36,2,3127.0,46,1,3126.9,77,4,3126.8,101,3,3126.7,45,2,3128.3,265,3,3128.5,32,2,3128.6,19,1,3128.7,8,1,3128.8,178,2
2031,2026-06-16 12:13:33+05:30,3128.3,11,3130.0,1991567,130211.0,205567.0,3163.0,3163.0,3108.0,3134.3,31926600,3447.7,2820.9,3839.9,2896.0,3127.1,61,3,3127.0,54,1,3126.9,41,2,3126.8,54,1,3126.7,81,3,3128.3,265,3,3128.4,19,1,3128.5,40,3,3128.6,170,1,3128.7,108,3
2031,2026-06-16 12:13:34+05:30,3128.3,1,3130.0,1991570,130258.0,203765.0,3163.0,3163.0,3108.0,3134.3,31926600,3447.7,2820.9,3839.9,2896.0,3127.1,60,3,3127.0,75,2,3126.9,41,2,3126.8,59,2,3126.7,81,3,3128.3,263,3,3128.4,19,1,3128.5,26,2,3128.6,170,1,3128.7,108,3
2031,2026-06-16 12:13:34+05:30,3128.3,1,3130.0,1991570,130258.0,203765.0,3163.0,3163.0,3108.0,3134.3,31926600,3447.7,2820.9,3839.9,2896.0,3127.1,60,3,3127.0,75,2,3126.9,41,2,3126.8,59,2,3126.7,81,3,3128.3,263,3,3128.4,19,1,3128.5,26,2,3128.6,170,1,3128.7,108,3
2031,2026-06-16 12:13:35+05:30,3127.9,1,3130.0,1991571,129954.0,203940.0,3163.0,3163.0,3108.0,3134.3,31926600,3447.7,2820.9,3839.9,2896.0,3127.3,15,1,3127.1,44,2,3127.0,54,1,3126.9,36,2,3126.8,75,2,3127.9,186,1,3128.0,1,1,3128.3,14,1,3128.5,26,2,3128.6,171,2
2031,2026-06-16 12:13:35+05:30,3127.9,1,3130.0,1991571,129954.0,203940.0,3163.0,3163.0,3108.0,3134.3,31926600,3447.7,2820.9,3839.9,2896.0,3127.3,15,1,3127.1,44,2,3127.0,54,1,3126.9,36,2,3126.8,75,2,3127.9,186,1,3128.0,1,1,3128.3,14,1,3128.5,26,2,3128.6,171,2
2031,2026-06-16 12:13:36+05:30,3127.9,1,3130.0,1991571,129852.0,205960.0,3163.0,3163.0,3108.0,3134.3,31926600,3447.7,2820.9,3839.9,2896.0,3127.3,15,1,3127.1,65,3,3127.0,69,2,3126.9,53,3,3126.8,75,2,3127.9,187,2,3128.0,1,1,3128.3,14,1,3128.5,18,1,3128.6,179,3
2031,2026-06-16 12:13:37+05:30,3127.9,1,3130.0,1991571,129907.0,206015.0,3163.0,3163.0,3108.0,3134.3,31926600,3447.7,2820.9,3839.9,2896.0,3127.4,18,1,3127.3,36,1,3127.1,44,2,3127.0,54,1,3126.9,36,2,3127.9,188,3,3128.0,1,1,3128.3,14,1,3128.6,179,3,3128.7,63,2
2031,2026-06-16 12:13:38+05:30,3127.5,1,3130.0,1991571,129907.0,206015.0,3163.0,3163.0,3108.0,3134.3,31926600,3447.7,2820.9,3839.9,2896.0,3127.4,18,1,3127.3,36,1,3127.1,44,2,3127.0,54,1,3126.9,36,2,3127.9,188,3,3128.0,1,1,3128.3,14,1,3128.6,179,3,3128.7,63,2
2031,2026-06-16 12:13:38+05:30,3127.5,1,3130.0,1991758,129649.0,205492.0,3163.0,3163.0,3108.0,3134.3,31926600,3447.7,2820.9,3839.9,2896.0,3127.2,14,1,3127.1,83,5,3127.0,75,2,3126.9,35,2,3126.8,75,2,3127.5,1,1,3127.9,2,2,3128.3,14,1,3128.5,175,1,3128.6,20,1
2031,2026-06-16 12:13:39+05:30,3127.5,1,3130.0,1991758,129649.0,205492.0,3163.0,3163.0,3108.0,3134.3,31926600,3447.7,2820.9,3839.9,2896.0,3127.1,69,4,3127.0,75,2,3126.9,35,2,3126.8,75,2,3126.7,47,2,3127.5,1,1,3127.9,1,1,3128.3,14,1,3128.5,175,1,3128.6,20,1
2031,2026-06-16 12:13:39+05:30,3127.5,1,3130.0,1991759,129678.0,205447.0,3163.0,3163.0,3108.0,3134.3,31926600,3447.7,2820.9,3839.9,2896.0,3127.1,69,4,3127.0,75,2,3126.9,35,2,3126.8,75,2,3126.7,47,2,3127.5,1,1,3127.9,1,1,3128.3,14,1,3128.5,175,1,3128.6,20,1
2031,2026-06-16 12:13:40+05:30,3127.5,1,3130.0,1991759,129710.0,205454.0,3163.0,3163.0,3108.0,3134.3,31926600,3447.7,2820.9,3839.9,2896.0,3127.3,14,1,3127.1,54,3,3127.0,75,2,3126.9,35,2,3126.8,75,2,3127.5,1,1,3127.9,1,1,3128.3,14,1,3128.5,175,1,3128.6,20,1
2031,2026-06-16 12:13:41+05:30,3127.4,1,3130.0,1991759,129710.0,205454.0,3163.0,3163.0,3108.0,3134.3,31926600,3447.7,2820.9,3839.9,2896.0,3127.3,14,1,3127.1,54,3,3127.0,75,2,3126.9,35,2,3126.8,75,2,3127.5,1,1,3127.9,1,1,3128.3,14,1,3128.5,175,1,3128.6,20,1
2031,2026-06-16 12:13:41+05:30,3127.4,1,3130.0,1991761,129830.0,205439.0,3163.0,3163.0,3108.0,3134.3,31926600,3447.7,2820.9,3839.9,2896.0,3127.4,16,1,3127.2,35,2,3127.1,104,5,3127.0,69,4,3126.9,56,3,3128.3,14,1,3128.7,20,1,3128.8,20,1,3128.9,192,2,3129.0,21,1
2031,2026-06-16 12:13:42+05:30,3127.4,1,3130.0,1991761,129830.0,205439.0,3163.0,3163.0,3108.0,3134.3,31926600,3447.7,2820.9,3839.9,2896.0,3127.4,16,1,3127.2,35,2,3127.1,104,5,3127.0,69,4,3126.9,56,3,3128.3,14,1,3128.7,20,1,3128.8,20,1,3128.9,192,2,3129.0,21,1
2031,2026-06-16 12:13:42+05:30,3127.4,1,3130.0,1991762,130227.0,203845.0,3163.0,3163.0,3108.0,3134.3,31926600,3447.7,2820.9,3839.9,2896.0,3127.4,15,1,3127.2,93,4,3127.1,94,4,3127.0,90,5,3126.9,76,4,3128.3,14,1,3128.7,201,2,3128.8,63,1,3128.9,81,3,3129.0,21,1
2031,2026-06-16 12:13:43+05:30,3127.4,1,3130.0,1991762,130206.0,205935.0,3163.0,3163.0,3108.0,3134.3,31926600,3447.7,2820.9,3839.9,2896.0,3127.6,17,1,3127.2,14,1,3127.1,111,5,3127.0,69,4,3126.9,57,3,3128.3,37,3,3128.7,201,2,3128.8,116,3,3128.9,73,2,3129.0,42,3
2031,2026-06-16 12:13:44+05:30,3128.3,1,3130.0,1991763,130198.0,205956.0,3163.0,3163.0,3108.0,3134.3,31926600,3447.7,2820.9,3839.9,2896.0,3127.6,17,1,3127.1,111,5,3127.0,68,3,3126.9,57,3,3126.8,54,1,3128.3,46,4,3128.7,201,2,3128.8,116,3,3128.9,76,3,3129.0,103,5
2031,2026-06-16 12:13:45+05:30,3128.3,1,3130.0,1991763,130198.0,205956.0,3163.0,3163.0,3108.0,3134.3,31926600,3447.7,2820.9,3839.9,2896.0,3127.6,17,1,3127.1,111,5,3127.0,68,3,3126.9,57,3,3126.8,54,1,3128.3,46,4,3128.7,201,2,3128.8,116,3,3128.9,76,3,3129.0,103,5
2031,2026-06-16 12:13:45+05:30,3128.3,1,3130.0,1991764,131058.0,204742.0,3163.0,3163.0,3108.0,3134.3,31926600,3447.7,2820.9,3839.9,2896.0,3128.0,2,2,3127.6,18,2,3127.4,5,1,3127.3,41,2,3127.2,74,2,3128.3,33,3,3128.9,165,2,3129.0,35,2,3129.1,54,1,3129.2,21,1
2031,2026-06-16 12:13:46+05:30,3128.3,33,3130.0,1991832,131824.0,204788.0,3163.0,3163.0,3108.0,3134.3,31926600,3447.7,2820.9,3839.9,2896.0,3128.3,15,1,3128.0,2,2,3127.7,21,1,3127.6,16,2,3127.5,83,2,3129.0,16,1,3129.2,45,1,3129.3,171,1,3129.4,82,2,3129.5,274,4
2031,2026-06-16 12:13:46+05:30,3128.3,33,3130.0,1991832,131824.0,204788.0,3163.0,3163.0,3108.0,3134.3,31926600,3447.7,2820.9,3839.9,2896.0,3128.3,15,1,3128.0,2,2,3127.7,21,1,3127.6,16,2,3127.5,83,2,3129.0,16,1,3129.2,45,1,3129.3,171,1,3129.4,82,2,3129.5,274,4
2031,2026-06-16 12:13:47+05:30,3128.9,1,3130.0,1991839,130851.0,205084.0,3163.0,3163.0,3108.0,3134.3,31926600,3447.7,2820.9,3839.9,2896.0,3128.3,15,1,3127.6,16,2,3127.5,20,1,3127.3,74,2,3127.2,20,1,3128.9,43,3,3129.0,29,3,3129.1,209,3,3129.2,82,2,3129.3,221,2
2031,2026-06-16 12:13:47+05:30,3128.9,1,3130.0,1991839,130851.0,205084.0,3163.0,3163.0,3108.0,3134.3,31926600,3447.7,2820.9,3839.9,2896.0,3128.3,15,1,3127.6,16,2,3127.5,20,1,3127.3,74,2,3127.2,20,1,3128.9,43,3,3129.0,29,3,3129.1,209,3,3129.2,82,2,3129.3,221,2
2031,2026-06-16 12:13:48+05:30,3128.5,17,3130.0,1991857,131709.0,204844.0,3163.0,3163.0,3108.0,3134.3,31926600,3447.7,2820.9,3839.9,2896.0,3128.2,17,1,3127.7,21,1,3127.6,6,2,3127.5,53,3,3127.4,20,1,3129.0,42,3,3129.2,195,3,3129.3,41,2,3129.4,126,3,3129.5,234,3
2031,2026-06-16 12:13:48+05:30,3128.5,17,3130.0,1991857,131709.0,204844.0,3163.0,3163.0,3108.0,3134.3,31926600,3447.7,2820.9,3839.9,2896.0,3128.2,17,1,3127.7,21,1,3127.6,6,2,3127.5,53,3,3127.4,20,1,3129.0,42,3,3129.2,195,3,3129.3,41,2,3129.4,126,3,3129.5,234,3
2031,2026-06-16 12:13:49+05:30,3128.2,4,3130.0,1991881,131463.0,203015.0,3163.0,3163.0,3108.0,3134.3,31926600,3447.7,2820.9,3839.9,2896.0,3128.3,16,1,3127.6,22,3,3127.5,107,4,3127.4,20,1,3127.3,74,2,3128.9,13,1,3129.0,50,3,3129.2,62,2,3129.3,195,2,3129.4,81,2
2031,2026-06-16 12:13:49+05:30,3128.2,4,3130.0,1991881,131463.0,203015.0,3163.0,3163.0,3108.0,3134.3,31926600,3447.7,2820.9,3839.9,2896.0,3128.3,16,1,3127.6,22,3,3127.5,107,4,3127.4,20,1,3127.3,74,2,3128.9,13,1,3129.0,50,3,3129.2,62,2,3129.3,195,2,3129.4,81,2
2031,2026-06-16 12:13:50+05:30,3128.3,4,3130.0,1991886,131255.0,205143.0,3163.0,3163.0,3108.0,3134.3,31926600,3447.7,2820.9,3839.9,2896.0,3128.4,16,1,3127.8,16,1,3127.6,6,2,3127.5,32,2,3127.3,74,2,3128.9,26,2,3129.0,50,3,3129.2,62,2,3129.3,195,2,3129.4,102,3
2031,2026-06-16 12:13:50+05:30,3128.3,4,3130.0,1991886,131255.0,205143.0,3163.0,3163.0,3108.0,3134.3,31926600,3447.7,2820.9,3839.9,2896.0,3128.4,16,1,3127.8,16,1,3127.6,6,2,3127.5,32,2,3127.3,74,2,3128.9,26,2,3129.0,50,3,3129.2,62,2,3129.3,195,2,3129.4,102,3
2031,2026-06-16 12:13:51+05:30,3128.3,4,3130.0,1991886,131177.0,205758.0,3163.0,3163.0,3108.0,3134.3,31926600,3447.7,2820.9,3839.9,2896.0,3128.4,16,1,3127.8,16,1,3127.6,6,2,3127.5,54,3,3127.3,115,4,3128.8,14,1,3128.9,26,2,3129.0,50,3,3129.2,62,2,3129.3,195,2
2031,2026-06-16 12:13:51+05:30,3128.4,1,3130.0,1991886,131177.0,205758.0,3163.0,3163.0,3108.0,3134.3,31926600,3447.7,2820.9,3839.9,2896.0,3128.4,16,1,3127.8,16,1,3127.6,6,2,3127.5,54,3,3127.3,115,4,3128.8,14,1,3128.9,26,2,3129.0,50,3,3129.2,62,2,3129.3,195,2
2031,2026-06-16 12:13:52+05:30,3128.7,145,3130.0,1992032,131304.0,205780.0,3163.0,3163.0,3108.0,3134.3,31926600,3447.7,2820.9,3839.9,2896.0,3128.4,3,2,3127.9,15,1,3127.7,22,1,3127.6,1,1,3127.5,38,2,3128.8,14,1,3128.9,26,2,3129.0,32,2,3129.3,203,3,3129.4,281,3
2031,2026-06-16 12:13:52+05:30,3128.7,145,3130.0,1992032,131304.0,205780.0,3163.0,3163.0,3108.0,3134.3,31926600,3447.7,2820.9,3839.9,2896.0,3128.4,3,2,3127.9,15,1,3127.7,22,1,3127.6,1,1,3127.5,38,2,3128.8,14,1,3128.9,26,2,3129.0,32,2,3129.3,203,3,3129.4,281,3
2031,2026-06-16 12:13:53+05:30,3128.4,1,3130.0,1992033,131961.0,205616.0,3163.0,3163.0,3108.0,3134.3,31926600,3447.7,2820.9,3839.9,2896.0,3128.4,45,3,3127.9,23,2,3127.8,71,2,3127.7,42,2,3127.6,76,3,3128.8,14,1,3128.9,12,1,3129.0,14,1,3129.3,175,1,3129.4,54,1
2031,2026-06-16 12:13:53+05:30,3128.4,1,3130.0,1992033,131961.0,205616.0,3163.0,3163.0,3108.0,3134.3,31926600,3447.7,2820.9,3839.9,2896.0,3128.4,45,3,3127.9,23,2,3127.8,71,2,3127.7,42,2,3127.6,76,3,3128.8,14,1,3128.9,12,1,3129.0,14,1,3129.3,175,1,3129.4,54,1
2031,2026-06-16 12:13:54+05:30,3128.7,2,3130.0,1992120,131881.0,204909.0,3163.0,3163.0,3108.0,3134.3,31926600,3447.7,2820.9,3839.9,2896.0,3128.7,14,1,3128.4,61,4,3127.9,21,1,3127.8,71,2,3127.7,60,4,3128.8,13,1,3128.9,12,1,3129.3,18,1,3129.4,376,2,3129.6,45,3
2031,2026-06-16 12:13:54+05:30,3128.7,2,3130.0,1992120,131881.0,204909.0,3163.0,3163.0,3108.0,3134.3,31926600,3447.7,2820.9,3839.9,2896.0,3128.7,14,1,3128.4,61,4,3127.9,21,1,3127.8,71,2,3127.7,60,4,3128.8,13,1,3128.9,12,1,3129.3,18,1,3129.4,376,2,3129.6,45,3
2031,2026-06-16 12:13:55+05:30,3128.7,2,3130.0,1992120,131881.0,204909.0,3163.0,3163.0,3108.0,3134.3,31926600,3447.7,2820.9,3839.9,2896.0,3128.7,14,1,3128.4,61,4,3127.9,21,1,3127.8,71,2,3127.7,60,4,3128.8,13,1,3128.9,12,1,3129.3,18,1,3129.4,376,2,3129.6,45,3
2031,2026-06-16 12:13:55+05:30,3128.6,1,3130.0,1992241,132015.0,205636.0,3163.0,3163.0,3108.0,3134.3,31926600,3447.7,2820.9,3839.9,2896.0,3128.5,10,1,3128.4,45,3,3127.8,71,2,3127.7,38,3,3127.6,75,2,3128.6,84,1,3128.8,13,1,3128.9,12,1,3129.3,18,1,3129.4,197,2
2031,2026-06-16 12:13:55+05:30,3128.6,1,3130.0,1992241,132015.0,205636.0,3163.0,3163.0,3108.0,3134.3,31926600,3447.7,2820.9,3839.9,2896.0,3128.5,10,1,3128.4,45,3,3127.8,71,2,3127.7,38,3,3127.6,75,2,3128.6,84,1,3128.8,13,1,3128.9,12,1,3129.3,18,1,3129.4,197,2
2031,2026-06-16 12:13:56+05:30,3128.6,84,3130.0,1992351,132041.0,204840.0,3163.0,3163.0,3108.0,3134.3,31926600,3447.7,2820.9,3839.9,2896.0,3128.6,15,1,3128.4,45,3,3128.3,23,2,3128.2,10,1,3127.8,91,3,3128.8,13,1,3128.9,12,1,3129.4,176,1,3129.5,200,1,3129.6,20,1
2031,2026-06-16 12:13:56+05:30,3128.6,84,3130.0,1992351,132041.0,204840.0,3163.0,3163.0,3108.0,3134.3,31926600,3447.7,2820.9,3839.9,2896.0,3128.6,15,1,3128.4,45,3,3128.3,23,2,3128.2,10,1,3127.8,91,3,3128.8,13,1,3128.9,12,1,3129.4,176,1,3129.5,200,1,3129.6,20,1
2031,2026-06-16 12:13:56+05:30,3128.6,84,3130.0,1992351,132041.0,204840.0,3163.0,3163.0,3108.0,3134.3,31926600,3447.7,2820.9,3839.9,2896.0,3128.6,15,1,3128.4,45,3,3128.3,23,2,3128.2,10,1,3127.8,91,3,3128.8,13,1,3128.9,12,1,3129.4,176,1,3129.5,200,1,3129.6,20,1
2031,2026-06-16 12:13:57+05:30,3128.6,84,3130.0,1992351,132089.0,204901.0,3163.0,3163.0,3108.0,3134.3,31926600,3447.7,2820.9,3839.9,2896.0,3128.4,63,4,3128.3,14,1,3128.1,32,2,3128.0,50,2,3127.9,36,2,3128.6,14,1,3128.8,13,1,3129.4,176,1,3129.5,200,1,3129.6,20,1
2031,2026-06-16 12:13:58+05:30,3128.4,16,3130.0,1992369,131847.0,205661.0,3163.0,3163.0,3108.0,3134.3,31926600,3447.7,2820.9,3839.9,2896.0,3128.4,47,4,3128.3,14,1,3128.0,36,1,3127.8,90,3,3127.7,57,4,3128.6,38,2,3128.8,13,1,3128.9,90,1,3129.3,25,2,3129.4,176,1
2031,2026-06-16 12:13:58+05:30,3128.4,16,3130.0,1992369,131847.0,205661.0,3163.0,3163.0,3108.0,3134.3,31926600,3447.7,2820.9,3839.9,2896.0,3128.4,47,4,3128.3,14,1,3128.0,36,1,3127.8,90,3,3127.7,57,4,3128.6,38,2,3128.8,13,1,3128.9,90,1,3129.3,25,2,3129.4,176,1
2031,2026-06-16 12:13:58+05:30,3128.4,16,3130.0,1992369,131847.0,205661.0,3163.0,3163.0,3108.0,3134.3,31926600,3447.7,2820.9,3839.9,2896.0,3128.4,47,4,3128.3,14,1,3128.0,36,1,3127.8,90,3,3127.7,57,4,3128.6,38,2,3128.8,13,1,3128.9,90,1,3129.3,25,2,3129.4,176,1
2031,2026-06-16 12:13:59+05:30,3128.4,16,3130.0,1992369,132047.0,205622.0,3163.0,3163.0,3108.0,3134.3,31926600,3447.7,2820.9,3839.9,2896.0,3128.4,47,4,3128.3,14,1,3128.0,36,1,3127.8,90,3,3127.7,57,4,3128.6,38,2,3128.8,13,1,3128.9,90,1,3129.3,25,2,3129.4,176,1
2031,2026-06-16 12:14:00+05:30,3128.6,1,3130.0,1992399,132051.0,205615.0,3163.0,3163.0,3108.0,3134.3,31926600,3447.7,2820.9,3839.9,2896.0,3128.5,19,2,3128.4,29,3,3128.3,14,1,3127.8,71,2,3127.7,76,5,3128.6,38,3,3128.8,13,1,3128.9,90,1,3129.3,17,1,3129.4,184,2
2031,2026-06-16 12:14:00+05:30,3128.6,2,3130.0,1992399,132051.0,205615.0,3163.0,3163.0,3108.0,3134.3,31926600,3447.7,2820.9,3839.9,2896.0,3128.5,19,2,3128.4,29,3,3128.3,14,1,3127.8,71,2,3127.7,76,5,3128.6,38,3,3128.8,13,1,3128.9,90,1,3129.3,17,1,3129.4,184,2
2031,2026-06-16 12:14:00+05:30,3128.6,2,3130.0,1992399,132051.0,205615.0,3163.0,3163.0,3108.0,3134.3,31926600,3447.7,2820.9,3839.9,2896.0,3128.5,19,2,3128.4,29,3,3128.3,14,1,3127.8,71,2,3127.7,76,5,3128.6,38,3,3128.8,13,1,3128.9,90,1,3129.3,17,1,3129.4,184,2
2031,2026-06-16 12:14:01+05:30,3128.6,1,3130.0,1992430,132027.0,205567.0,3163.0,3163.0,3108.0,3134.3,31926600,3447.7,2820.9,3839.9,2896.0,3128.6,16,1,3128.5,1,1,3128.4,29,3,3128.3,14,1,3127.8,71,2,3128.8,13,1,3128.9,90,1,3129.4,184,2,3129.5,278,3,3129.6,38,3
2031,2026-06-16 12:14:01+05:30,3128.6,12,3130.0,1992430,132027.0,205567.0,3163.0,3163.0,3108.0,3134.3,31926600,3447.7,2820.9,3839.9,2896.0,3128.6,16,1,3128.5,1,1,3128.4,29,3,3128.3,14,1,3127.8,71,2,3128.8,13,1,3128.9,90,1,3129.4,184,2,3129.5,278,3,3129.6,38,3
2031,2026-06-16 12:14:02+05:30,3128.9,9,3130.0,1992507,132039.0,205609.0,3163.0,3163.0,3108.0,3134.3,31926600,3447.7,2820.9,3839.9,2896.0,3128.5,18,2,3128.4,27,2,3128.3,14,1,3127.8,54,1,3127.7,42,3,3128.8,14,1,3128.9,56,1,3129.4,376,2,3129.5,8,1,3129.6,98,5
2031,2026-06-16 12:14:02+05:30,3128.9,9,3130.0,1992507,132039.0,205609.0,3163.0,3163.0,3108.0,3134.3,31926600,3447.7,2820.9,3839.9,2896.0,3128.5,18,2,3128.4,27,2,3128.3,14,1,3127.8,54,1,3127.7,42,3,3128.8,14,1,3128.9,56,1,3129.4,376,2,3129.5,8,1,3129.6,98,5
2031,2026-06-16 12:14:02+05:30,3128.9,9,3130.0,1992507,132039.0,205609.0,3163.0,3163.0,3108.0,3134.3,31926600,3447.7,2820.9,3839.9,2896.0,3128.5,18,2,3128.4,27,2,3128.3,14,1,3127.8,54,1,3127.7,42,3,3128.8,14,1,3128.9,56,1,3129.4,376,2,3129.5,8,1,3129.6,98,5
2031,2026-06-16 12:14:03+05:30,3128.9,9,3130.0,1992507,132074.0,205576.0,3163.0,3163.0,3108.0,3134.3,31926600,3447.7,2820.9,3839.9,2896.0,3128.5,18,2,3128.4,27,2,3128.3,14,1,3127.8,74,2,3127.7,63,4,3128.8,14,1,3128.9,56,1,3129.4,376,2,3129.5,8,1,3129.6,98,5
2031,2026-06-16 12:14:03+05:30,3128.5,1,3130.0,1992507,132074.0,205576.0,3163.0,3163.0,3108.0,3134.3,31926600,3447.7,2820.9,3839.9,2896.0,3128.5,18,2,3128.4,27,2,3128.3,14,1,3127.8,74,2,3127.7,63,4,3128.8,14,1,3128.9,56,1,3129.4,376,2,3129.5,8,1,3129.6,98,5
2031,2026-06-16 12:14:03+05:30,3128.5,1,3130.0,1992507,132074.0,205576.0,3163.0,3163.0,3108.0,3134.3,31926600,3447.7,2820.9,3839.9,2896.0,3128.5,18,2,3128.4,27,2,3128.3,14,1,3127.8,74,2,3127.7,63,4,3128.8,14,1,3128.9,56,1,3129.4,376,2,3129.5,8,1,3129.6,98,5
2031,2026-06-16 12:14:04+05:30,3128.5,1,3130.0,1992508,131831.0,205585.0,3163.0,3163.0,3108.0,3134.3,31926600,3447.7,2820.9,3839.9,2896.0,3128.5,18,2,3128.4,27,2,3128.3,14,1,3127.9,4,1,3127.8,74,2,3128.8,28,2,3128.9,56,1,3129.4,176,1,3129.5,252,2,3129.6,89,5
2031,2026-06-16 12:14:05+05:30,3128.5,1,3130.0,1992508,131831.0,205585.0,3163.0,3163.0,3108.0,3134.3,31926600,3447.7,2820.9,3839.9,2896.0,3128.5,18,2,3128.4,27,2,3128.3,14,1,3127.9,4,1,3127.8,74,2,3128.8,28,2,3128.9,56,1,3129.4,176,1,3129.5,252,2,3129.6,89,5
2031,2026-06-16 12:14:05+05:30,3128.8,33,3130.0,1992508,131831.0,205585.0,3163.0,3163.0,3108.0,3134.3,31926600,3447.7,2820.9,3839.9,2896.0,3128.5,18,2,3128.4,27,2,3128.3,14,1,3127.9,4,1,3127.8,74,2,3128.8,28,2,3128.9,56,1,3129.4,176,1,3129.5,252,2,3129.6,89,5
2031,2026-06-16 12:14:05+05:30,3128.8,33,3130.0,1992602,131933.0,204781.0,3163.0,3163.0,3108.0,3134.3,31926600,3447.7,2820.9,3839.9,2896.0,3128.8,14,1,3128.5,15,2,3128.4,41,3,3127.8,74,2,3127.7,42,3,3128.9,56,1,3129.4,200,1,3129.5,17,1,3129.6,61,3,3129.7,8,1
2031,2026-06-16 12:14:06+05:30,3128.8,33,3130.0,1992602,131933.0,204781.0,3163.0,3163.0,3108.0,3134.3,31926600,3447.7,2820.9,3839.9,2896.0,3128.8,14,1,3128.5,15,2,3128.4,41,3,3127.8,74,2,3127.7,42,3,3128.9,56,1,3129.4,200,1,3129.5,17,1,3129.6,61,3,3129.7,8,1
2031,2026-06-16 12:14:06+05:30,3128.5,1,3130.0,1992602,131933.0,204781.0,3163.0,3163.0,3108.0,3134.3,31926600,3447.7,2820.9,3839.9,2896.0,3128.8,14,1,3128.5,15,2,3128.4,41,3,3127.8,74,2,3127.7,42,3,3128.9,56,1,3129.4,200,1,3129.5,17,1,3129.6,61,3,3129.7,8,1
2031,2026-06-16 12:14:06+05:30,3128.5,1,3130.0,1992624,131880.0,204889.0,3163.0,3163.0,3108.0,3134.3,31926600,3447.7,2820.9,3839.9,2896.0,3128.5,17,2,3128.4,27,2,3128.3,14,1,3127.9,21,1,3127.8,20,1,3128.9,92,3,3129.2,17,1,3129.4,158,3,3129.5,248,2,3129.6,77,4
2031,2026-06-16 12:14:06+05:30,3128.5,1,3130.0,1992624,131880.0,204889.0,3163.0,3163.0,3108.0,3134.3,31926600,3447.7,2820.9,3839.9,2896.0,3128.5,17,2,3128.4,27,2,3128.3,14,1,3127.9,21,1,3127.8,20,1,3128.9,92,3,3129.2,17,1,3129.4,158,3,3129.5,248,2,3129.6,77,4
2031,2026-06-16 12:14:07+05:30,3128.5,1,3130.0,1992624,131880.0,204889.0,3163.0,3163.0,3108.0,3134.3,31926600,3447.7,2820.9,3839.9,2896.0,3128.5,17,2,3128.4,27,2,3128.3,14,1,3127.9,21,1,3127.8,20,1,3128.9,92,3,3129.2,17,1,3129.4,158,3,3129.5,248,2,3129.6,77,4
2031,2026-06-16 12:14:07+05:30,3128.9,29,3130.0,1992624,131880.0,204889.0,3163.0,3163.0,3108.0,3134.3,31926600,3447.7,2820.9,3839.9,2896.0,3128.5,17,2,3128.4,27,2,3128.3,14,1,3127.9,21,1,3127.8,20,1,3128.9,92,3,3129.2,17,1,3129.4,158,3,3129.5,248,2,3129.6,77,4
2031,2026-06-16 12:14:07+05:30,3128.9,29,3130.0,1992657,132119.0,204917.0,3163.0,3163.0,3108.0,3134.3,31926600,3447.7,2820.9,3839.9,2896.0,3128.5,32,3,3128.4,27,2,3127.9,21,1,3127.8,72,2,3127.7,57,3,3128.9,60,4,3129.4,358,4,3129.5,48,1,3129.6,77,4,3129.7,96,2
2031,2026-06-16 12:14:07+05:30,3128.9,29,3130.0,1992657,132119.0,204917.0,3163.0,3163.0,3108.0,3134.3,31926600,3447.7,2820.9,3839.9,2896.0,3128.5,32,3,3128.4,27,2,3127.9,21,1,3127.8,72,2,3127.7,57,3,3128.9,60,4,3129.4,358,4,3129.5,48,1,3129.6,77,4,3129.7,96,2
2031,2026-06-16 12:14:08+05:30,3128.8,140,3130.0,1992657,132119.0,204917.0,3163.0,3163.0,3108.0,3134.3,31926600,3447.7,2820.9,3839.9,2896.0,3128.5,32,3,3128.4,27,2,3127.9,21,1,3127.8,72,2,3127.7,57,3,3128.9,60,4,3129.4,358,4,3129.5,48,1,3129.6,77,4,3129.7,96,2
2031,2026-06-16 12:14:08+05:30,3128.8,140,3130.0,1992815,131799.0,205156.0,3163.0,3163.0,3108.0,3134.3,31926600,3447.7,2820.9,3839.9,2896.0,3128.5,17,2,3128.4,27,2,3128.3,13,1,3127.7,39,2,3127.5,131,5,3128.8,200,1,3128.9,99,6,3129.0,17,1,3129.2,8,1,3129.3,16,1
2031,2026-06-16 12:14:08+05:30,3128.8,140,3130.0,1992815,131799.0,205156.0,3163.0,3163.0,3108.0,3134.3,31926600,3447.7,2820.9,3839.9,2896.0,3128.5,17,2,3128.4,27,2,3128.3,13,1,3127.7,39,2,3127.5,131,5,3128.8,200,1,3128.9,99,6,3129.0,17,1,3129.2,8,1,3129.3,16,1
2031,2026-06-16 12:14:09+05:30,3128.5,4,3130.0,1992815,131799.0,205156.0,3163.0,3163.0,3108.0,3134.3,31926600,3447.7,2820.9,3839.9,2896.0,3128.5,17,2,3128.4,27,2,3128.3,13,1,3127.7,39,2,3127.5,131,5,3128.8,200,1,3128.9,99,6,3129.0,17,1,3129.2,8,1,3129.3,16,1
2031,2026-06-16 12:14:09+05:30,3128.5,4,3130.0,1992854,131837.0,205788.0,3163.0,3163.0,3108.0,3134.3,31926600,3447.7,2820.9,3839.9,2896.0,3128.5,26,3,3128.4,27,2,3127.7,20,1,3127.5,22,1,3127.4,24,1,3128.8,200,1,3128.9,116,7,3129.1,25,1,3129.2,8,1,3129.3,56,2
2031,2026-06-16 12:14:09+05:30,3128.5,4,3130.0,1992854,131837.0,205788.0,3163.0,3163.0,3108.0,3134.3,31926600,3447.7,2820.9,3839.9,2896.0,3128.5,26,3,3128.4,27,2,3127.7,20,1,3127.5,22,1,3127.4,24,1,3128.8,200,1,3128.9,116,7,3129.1,25,1,3129.2,8,1,3129.3,56,2
2031,2026-06-16 12:14:10+05:30,3128.8,3,3130.0,1992854,131837.0,205788.0,3163.0,3163.0,3108.0,3134.3,31926600,3447.7,2820.9,3839.9,2896.0,3128.5,26,3,3128.4,27,2,3127.7,20,1,3127.5,22,1,3127.4,24,1,3128.8,200,1,3128.9,116,7,3129.1,25,1,3129.2,8,1,3129.3,56,2
2031,2026-06-16 12:14:10+05:30,3128.8,3,3130.0,1992857,131829.0,205834.0,3163.0,3163.0,3108.0,3134.3,31926600,3447.7,2820.9,3839.9,2896.0,3128.5,25,2,3128.4,27,2,3127.7,20,1,3127.5,74,2,3127.4,24,1,3128.8,198,2,3128.9,98,5,3129.2,8,1,3129.3,56,2,3129.4,350,3
2031,2026-06-16 12:14:10+05:30,3128.8,3,3130.0,1992857,131829.0,205834.0,3163.0,3163.0,3108.0,3134.3,31926600,3447.7,2820.9,3839.9,2896.0,3128.5,25,2,3128.4,27,2,3127.7,20,1,3127.5,74,2,3127.4,24,1,3128.8,198,2,3128.9,98,5,3129.2,8,1,3129.3,56,2,3129.4,350,3
2031,2026-06-16 12:14:11+05:30,3128.8,3,3130.0,1992857,131829.0,205834.0,3163.0,3163.0,3108.0,3134.3,31926600,3447.7,2820.9,3839.9,2896.0,3128.5,25,2,3128.4,27,2,3127.7,20,1,3127.5,74,2,3127.4,24,1,3128.8,198,2,3128.9,98,5,3129.2,8,1,3129.3,56,2,3129.4,350,3
2031,2026-06-16 12:14:11+05:30,3128.8,5,3130.0,1992857,131829.0,205834.0,3163.0,3163.0,3108.0,3134.3,31926600,3447.7,2820.9,3839.9,2896.0,3128.5,25,2,3128.4,27,2,3127.7,20,1,3127.5,74,2,3127.4,24,1,3128.8,198,2,3128.9,98,5,3129.2,8,1,3129.3,56,2,3129.4,350,3
2031,2026-06-16 12:14:11+05:30,3128.8,5,3130.0,1992873,131686.0,206032.0,3163.0,3163.0,3108.0,3134.3,31926600,3447.7,2820.9,3839.9,2896.0,3128.5,17,2,3128.4,27,2,3127.7,20,1,3127.6,18,1,3127.5,74,2,3128.8,192,2,3128.9,98,5,3129.2,8,1,3129.3,56,2,3129.4,375,4
2031,2026-06-16 12:14:12+05:30,3128.8,5,3130.0,1992873,131686.0,206032.0,3163.0,3163.0,3108.0,3134.3,31926600,3447.7,2820.9,3839.9,2896.0,3128.5,17,2,3128.4,27,2,3127.7,20,1,3127.6,18,1,3127.5,74,2,3128.8,192,2,3128.9,98,5,3129.2,8,1,3129.3,56,2,3129.4,375,4
2031,2026-06-16 12:14:12+05:30,3128.8,11,3130.0,1992873,131686.0,206032.0,3163.0,3163.0,3108.0,3134.3,31926600,3447.7,2820.9,3839.9,2896.0,3128.5,17,2,3128.4,27,2,3127.7,20,1,3127.6,18,1,3127.5,74,2,3128.8,192,2,3128.9,98,5,3129.2,8,1,3129.3,56,2,3129.4,375,4
2031,2026-06-16 12:14:12+05:30,3128.8,11,3130.0,1992884,131868.0,206097.0,3163.0,3163.0,3108.0,3134.3,31926600,3447.7,2820.9,3839.9,2896.0,3128.5,2,1,3128.4,27,2,3128.3,14,1,3127.7,20,1,3127.6,18,1,3128.8,241,4,3128.9,98,5,3129.2,8,1,3129.3,56,2,3129.4,375,4
2031,2026-06-16 12:14:13+05:30,3128.8,11,3130.0,1992884,131868.0,206097.0,3163.0,3163.0,3108.0,3134.3,31926600,3447.7,2820.9,3839.9,2896.0,3128.5,2,1,3128.4,27,2,3128.3,14,1,3127.7,20,1,3127.6,18,1,3128.8,241,4,3128.9,98,5,3129.2,8,1,3129.3,56,2,3129.4,375,4
2031,2026-06-16 12:14:13+05:30,3128.8,1,3130.0,1992884,131868.0,206097.0,3163.0,3163.0,3108.0,3134.3,31926600,3447.7,2820.9,3839.9,2896.0,3128.5,2,1,3128.4,27,2,3128.3,14,1,3127.7,20,1,3127.6,18,1,3128.8,241,4,3128.9,98,5,3129.2,8,1,3129.3,56,2,3129.4,375,4
2031,2026-06-16 12:14:13+05:30,3128.8,1,3130.0,1992889,131882.0,205963.0,3163.0,3163.0,3108.0,3134.3,31926600,3447.7,2820.9,3839.9,2896.0,3128.5,16,1,3128.4,27,2,3128.3,16,1,3127.7,20,1,3127.6,4,1,3128.8,240,4,3128.9,98,5,3129.2,8,1,3129.3,56,2,3129.4,226,3
2031,2026-06-16 12:14:13+05:30,3128.8,1,3130.0,1992889,131882.0,205963.0,3163.0,3163.0,3108.0,3134.3,31927200,3447.7,2820.9,3839.9,2896.0,3128.5,16,1,3128.4,27,2,3128.3,16,1,3127.7,20,1,3127.6,4,1,3128.8,240,4,3128.9,98,5,3129.2,8,1,3129.3,56,2,3129.4,226,3
2031,2026-06-16 12:14:14+05:30,3128.5,1,3130.0,1992889,131882.0,205963.0,3163.0,3163.0,3108.0,3134.3,31927200,3447.7,2820.9,3839.9,2896.0,3128.5,16,1,3128.4,27,2,3128.3,16,1,3127.7,20,1,3127.6,4,1,3128.8,240,4,3128.9,98,5,3129.2,8,1,3129.3,56,2,3129.4,226,3
2031,2026-06-16 12:14:14+05:30,3128.5,1,3130.0,1992891,131695.0,206141.0,3163.0,3163.0,3108.0,3134.3,31927200,3447.7,2820.9,3839.9,2896.0,3128.5,29,3,3128.4,27,2,3127.7,20,1,3127.6,4,1,3127.5,74,2,3128.8,240,4,3128.9,98,5,3129.2,8,1,3129.3,56,2,3129.4,199,3
2031,2026-06-16 12:14:15+05:30,3128.5,18,3130.0,1992891,131695.0,206141.0,3163.0,3163.0,3108.0,3134.3,31927200,3447.7,2820.9,3839.9,2896.0,3128.5,29,3,3128.4,27,2,3127.7,20,1,3127.6,4,1,3127.5,74,2,3128.8,240,4,3128.9,98,5,3129.2,8,1,3129.3,56,2,3129.4,199,3
2031,2026-06-16 12:14:15+05:30,3128.5,18,3130.0,1993288,131150.0,205839.0,3163.0,3163.0,3108.0,3134.3,31927200,3447.7,2820.9,3839.9,2896.0,3128.7,2,2,3128.5,15,2,3128.4,27,2,3128.0,13,1,3127.8,19,1,3128.8,79,4,3128.9,85,4,3129.3,49,3,3129.4,175,3,3129.5,293,3
2031,2026-06-16 12:14:16+05:30,3128.4,7,3130.0,1993288,131150.0,205839.0,3163.0,3163.0,3108.0,3134.3,31927200,3447.7,2820.9,3839.9,2896.0,3128.7,2,2,3128.5,15,2,3128.4,27,2,3128.0,13,1,3127.8,19,1,3128.8,79,4,3128.9,85,4,3129.3,49,3,3129.4,175,3,3129.5,293,3
2031,2026-06-16 12:14:16+05:30,3128.4,7,3129.99,1993392,130896.0,206037.0,3163.0,3163.0,3108.0,3134.3,31927200,3447.7,2820.9,3839.9,2896.0,3127.3,93,4,3127.2,26,2,3127.1,373,16,3127.0,85,3,3126.9,77,4,3128.6,400,2,3128.8,87,5,3128.9,85,4,3129.0,20,1,3129.1,62,3
2031,2026-06-16 12:14:17+05:30,3127.0,7,3129.99,1993404,130031.0,206686.0,3163.0,3163.0,3108.0,3134.3,31927200,3447.7,2820.9,3839.9,2896.0,3127.1,1,1,3127.0,64,4,3126.9,22,2,3126.7,52,3,3126.6,59,3,3128.1,199,1,3128.2,44,1,3128.3,260,3,3128.4,200,1,3128.5,32,1
2031,2026-06-16 12:14:17+05:30,3127.0,7,3129.99,1993404,130031.0,206686.0,3163.0,3163.0,3108.0,3134.3,31927200,3447.7,2820.9,3839.9,2896.0,3127.1,1,1,3127.0,64,4,3126.9,22,2,3126.7,52,3,3126.6,59,3,3128.1,199,1,3128.2,44,1,3128.3,260,3,3128.4,200,1,3128.5,32,1
2031,2026-06-16 12:14:18+05:30,3127.0,1,3129.99,1993404,130031.0,206686.0,3163.0,3163.0,3108.0,3134.3,31927200,3447.7,2820.9,3839.9,2896.0,3127.1,1,1,3127.0,64,4,3126.9,22,2,3126.7,52,3,3126.6,59,3,3128.1,199,1,3128.2,44,1,3128.3,260,3,3128.4,200,1,3128.5,32,1
2031,2026-06-16 12:14:18+05:30,3127.0,1,3129.99,1993407,130081.0,206353.0,3163.0,3163.0,3108.0,3134.3,31927200,3447.7,2820.9,3839.9,2896.0,3127.0,33,3,3126.9,48,4,3126.7,16,1,3126.6,75,4,3126.5,20,1,3127.5,199,1,3127.6,1,1,3128.1,1,1,3128.2,213,2,3128.3,252,2
2031,2026-06-16 12:14:19+05:30,3127.0,1,3129.99,1993407,130081.0,206353.0,3163.0,3163.0,3108.0,3134.3,31927200,3447.7,2820.9,3839.9,2896.0,3127.0,33,3,3126.9,48,4,3126.7,16,1,3126.6,75,4,3126.5,20,1,3127.5,199,1,3127.6,1,1,3128.1,1,1,3128.2,213,2,3128.3,252,2
2031,2026-06-16 12:14:19+05:30,3127.0,1,3129.99,1993451,129930.0,206736.0,3163.0,3163.0,3108.0,3134.3,31927200,3447.7,2820.9,3839.9,2896.0,3127.0,6,1,3126.7,48,3,3126.6,53,3,3126.5,38,2,3126.4,78,2,3127.5,225,3,3127.6,1,1,3128.1,45,2,3128.2,215,3,3128.3,252,2
2031,2026-06-16 12:14:20+05:30,3127.5,1,3129.99,1993451,129930.0,206736.0,3163.0,3163.0,3108.0,3134.3,31927200,3447.7,2820.9,3839.9,2896.0,3127.0,6,1,3126.7,48,3,3126.6,53,3,3126.5,38,2,3126.4,78,2,3127.5,225,3,3127.6,1,1,3128.1,45,2,3128.2,215,3,3128.3,252,2
2031,2026-06-16 12:14:20+05:30,3127.0,6,3129.99,1993458,130056.0,206935.0,3163.0,3163.0,3108.0,3134.3,31927200,3447.7,2820.9,3839.9,2896.0,3127.0,7,1,3126.7,48,3,3126.6,53,3,3126.5,20,1,3126.4,78,2,3127.5,224,3,3127.6,1,1,3128.1,45,2,3128.2,215,3,3128.3,252,2
2031,2026-06-16 12:14:21+05:30,3127.0,2,3129.99,1993458,130056.0,206935.0,3163.0,3163.0,3108.0,3134.3,31927200,3447.7,2820.9,3839.9,2896.0,3127.0,7,1,3126.7,48,3,3126.6,53,3,3126.5,20,1,3126.4,78,2,3127.5,224,3,3127.6,1,1,3128.1,45,2,3128.2,215,3,3128.3,252,2
2031,2026-06-16 12:14:21+05:30,3127.0,2,3129.99,1993463,129847.0,207576.0,3163.0,3163.0,3108.0,3134.3,31927200,3447.7,2820.9,3839.9,2896.0,3127.0,2,1,3126.7,48,3,3126.6,54,3,3126.5,20,1,3126.4,78,2,3127.5,226,4,3127.6,1,1,3128.1,45,2,3128.2,215,3,3128.3,252,2
2031,2026-06-16 12:14:22+05:30,3127.5,1,3129.99,1993463,129847.0,207576.0,3163.0,3163.0,3108.0,3134.3,31927200,3447.7,2820.9,3839.9,2896.0,3127.0,2,1,3126.7,48,3,3126.6,54,3,3126.5,20,1,3126.4,78,2,3127.5,226,4,3127.6,1,1,3128.1,45,2,3128.2,215,3,3128.3,252,2
2031,2026-06-16 12:14:22+05:30,3127.0,85,3129.99,1993661,129777.0,207543.0,3163.0,3163.0,3108.0,3134.3,31927200,3447.7,2820.9,3839.9,2896.0,3127.0,5,1,3126.7,76,5,3126.6,15,1,3126.5,61,3,3126.4,61,2,3127.5,28,3,3127.6,1,1,3128.0,158,1,3128.1,154,4,3128.2,59,3
2031,2026-06-16 12:14:23+05:30,3127.0,85,3129.99,1993661,129777.0,207543.0,3163.0,3163.0,3108.0,3134.3,31927200,3447.7,2820.9,3839.9,2896.0,3127.0,5,1,3126.7,76,5,3126.6,15,1,3126.5,61,3,3126.4,61,2,3127.5,28,3,3127.6,1,1,3128.0,158,1,3128.1,154,4,3128.2,59,3
2031,2026-06-16 12:14:23+05:30,3127.0,5,3129.99,1993666,129995.0,207606.0,3163.0,3163.0,3108.0,3134.3,31927200,3447.7,2820.9,3839.9,2896.0,3127.0,65,1,3126.7,60,4,3126.6,15,1,3126.5,79,4,3126.4,61,2,3127.5,44,4,3127.6,1,1,3128.0,158,1,3128.1,154,4,3128.2,106,4
2031,2026-06-16 12:14:24+05:30,3127.0,36,3129.99,1993666,129995.0,207606.0,3163.0,3163.0,3108.0,3134.3,31927200,3447.7,2820.9,3839.9,2896.0,3127.0,65,1,3126.7,60,4,3126.6,15,1,3126.5,79,4,3126.4,61,2,3127.5,44,4,3127.6,1,1,3128.0,158,1,3128.1,154,4,3128.2,106,4
2031,2026-06-16 12:14:24+05:30,3127.0,36,3129.99,1993810,130071.0,206649.0,3163.0,3163.0,3108.0,3134.3,31927200,3447.7,2820.9,3839.9,2896.0,3127.0,29,1,3126.9,60,3,3126.8,8,1,3126.7,46,3,3126.6,34,2,3128.1,91,3,3128.2,98,3,3128.3,290,3,3128.4,223,3,3128.5,38,2
2031,2026-06-16 12:14:25+05:30,3127.0,22,3129.99,1993810,130071.0,206649.0,3163.0,3163.0,3108.0,3134.3,31927200,3447.7,2820.9,3839.9,2896.0,3127.0,29,1,3126.9,60,3,3126.8,8,1,3126.7,46,3,3126.6,34,2,3128.1,91,3,3128.2,98,3,3128.3,290,3,3128.4,223,3,3128.5,38,2
2031,2026-06-16 12:14:25+05:30,3127.0,7,3129.99,1993839,129841.0,206567.0,3163.0,3163.0,3108.0,3134.3,31927200,3447.7,2820.9,3839.9,2896.0,3126.6,39,2,3126.5,20,1,3126.3,68,3,3126.2,5,2,3126.1,885,19,3127.9,130,3,3128.0,149,2,3128.1,157,6,3128.2,51,2,3128.3,351,5
2031,2026-06-16 12:14:26+05:30,3127.9,1,3129.99,1993839,129841.0,206567.0,3163.0,3163.0,3108.0,3134.3,31927200,3447.7,2820.9,3839.9,2896.0,3126.6,39,2,3126.5,20,1,3126.3,68,3,3126.2,5,2,3126.1,885,19,3127.9,130,3,3128.0,149,2,3128.1,157,6,3128.2,51,2,3128.3,351,5
2031,2026-06-16 12:14:26+05:30,3127.9,1,3129.99,1993840,128845.0,206787.0,3163.0,3163.0,3108.0,3134.3,31927200,3447.7,2820.9,3839.9,2896.0,3126.5,43,3,3126.4,27,2,3126.3,53,3,3126.2,29,4,3126.1,453,7,3127.9,170,5,3128.0,157,3,3128.1,143,4,3128.2,96,3,3128.3,290,3
2031,2026-06-16 12:14:27+05:30,3127.7,1,3129.99,1993840,128845.0,206787.0,3163.0,3163.0,3108.0,3134.3,31927200,3447.7,2820.9,3839.9,2896.0,3126.5,43,3,3126.4,27,2,3126.3,53,3,3126.2,29,4,3126.1,453,7,3127.9,170,5,3128.0,157,3,3128.1,143,4,3128.2,96,3,3128.3,290,3
2031,2026-06-16 12:14:27+05:30,3127.7,1,3129.99,1993841,129525.0,206845.0,3163.0,3163.0,3108.0,3134.3,31927200,3447.7,2820.9,3839.9,2896.0,3126.5,35,2,3126.4,45,3,3126.3,89,4,3126.2,48,5,3126.1,458,7,3127.7,20,1,3127.9,170,5,3128.0,10,1,3128.1,143,4,3128.2,104,4
2031,2026-06-16 12:14:28+05:30,3128.0,105,3129.99,1993841,129525.0,206845.0,3163.0,3163.0,3108.0,3134.3,31927200,3447.7,2820.9,3839.9,2896.0,3126.5,35,2,3126.4,45,3,3126.3,89,4,3126.2,48,5,3126.1,458,7,3127.7,20,1,3127.9,170,5,3128.0,10,1,3128.1,143,4,3128.2,104,4
2031,2026-06-16 12:14:28+05:30,3128.0,105,3129.99,1994642,129022.0,206763.0,3163.0,3163.0,3108.0,3134.3,31927200,3447.7,2820.9,3839.9,2896.0,3126.5,48,3,3126.4,63,4,3126.3,89,4,3126.2,46,5,3126.1,462,8,3127.7,21,2,3128.0,34,3,3128.1,115,5,3128.2,172,6,3128.3,261,3
2031,2026-06-16 12:14:29+05:30,3128.0,105,3129.99,1994642,129237.0,206687.0,3163.0,3163.0,3108.0,3134.3,31927200,3447.7,2820.9,3839.9,2896.0,3126.5,34,2,3126.4,80,5,3126.3,89,4,3126.2,29,4,3126.1,462,8,3127.7,21,2,3128.0,34,3,3128.1,115,5,3128.2,172,6,3128.3,261,3
2031,2026-06-16 12:14:30+05:30,3127.0,2,3129.99,1994642,129237.0,206687.0,3163.0,3163.0,3108.0,3134.3,31927200,3447.7,2820.9,3839.9,2896.0,3126.5,34,2,3126.4,80,5,3126.3,89,4,3126.2,29,4,3126.1,462,8,3127.7,21,2,3128.0,34,3,3128.1,115,5,3128.2,172,6,3128.3,261,3
2031,2026-06-16 12:14:30+05:30,3127.0,2,3129.99,1994761,128706.0,207158.0,3163.0,3163.0,3108.0,3134.3,31927200,3447.7,2820.9,3839.9,2896.0,3126.5,96,7,3126.4,71,5,3126.3,73,4,3126.2,113,6,3126.1,409,7,3127.0,111,1,3127.7,14,2,3128.1,17,1,3128.2,216,3,3128.3,245,2
2031,2026-06-16 12:14:31+05:30,3127.0,11,3129.99,1994772,128608.0,207616.0,3163.0,3163.0,3108.0,3134.3,31927200,3447.7,2820.9,3839.9,2896.0,3126.6,15,1,3126.5,76,5,3126.4,17,2,3126.3,68,4,3126.2,113,6,3127.0,141,4,3127.7,1,1,3128.1,17,1,3128.2,216,3,3128.3,297,3
2031,2026-06-16 12:14:32+05:30,3127.0,1,3129.99,1994772,128608.0,207616.0,3163.0,3163.0,3108.0,3134.3,31927200,3447.7,2820.9,3839.9,2896.0,3126.6,15,1,3126.5,76,5,3126.4,17,2,3126.3,68,4,3126.2,113,6,3127.0,141,4,3127.7,1,1,3128.1,17,1,3128.2,216,3,3128.3,297,3
2031,2026-06-16 12:14:32+05:30,3127.0,1,3129.99,1994773,128625.0,207662.0,3163.0,3163.0,3108.0,3134.3,31927200,3447.7,2820.9,3839.9,2896.0,3126.6,53,2,3126.5,76,5,3126.4,17,2,3126.3,68,4,3126.2,113,6,3127.0,172,7,3127.7,1,1,3128.1,17,1,3128.2,216,3,3128.3,297,3
2031,2026-06-16 12:14:33+05:30,3127.0,1,3129.99,1994773,128625.0,207662.0,3163.0,3163.0,3108.0,3134.3,31927200,3447.7,2820.9,3839.9,2896.0,3126.6,53,2,3126.5,76,5,3126.4,17,2,3126.3,68,4,3126.2,113,6,3127.0,172,7,3127.7,1,1,3128.1,17,1,3128.2,216,3,3128.3,297,3
2031,2026-06-16 12:14:33+05:30,3127.0,1,3129.99,1994774,128641.0,207666.0,3163.0,3163.0,3108.0,3134.3,31927200,3447.7,2820.9,3839.9,2896.0,3126.6,53,2,3126.5,76,5,3126.4,7,1,3126.3,68,4,3126.2,113,6,3127.0,171,7,3127.7,1,1,3128.1,23,2,3128.2,261,4,3128.3,252,2
2031,2026-06-16 12:14:34+05:30,3126.6,3,3129.99,1994774,128641.0,207666.0,3163.0,3163.0,3108.0,3134.3,31927200,3447.7,2820.9,3839.9,2896.0,3126.6,53,2,3126.5,76,5,3126.4,7,1,3126.3,68,4,3126.2,113,6,3127.0,171,7,3127.7,1,1,3128.1,23,2,3128.2,261,4,3128.3,252,2
2031,2026-06-16 12:14:34+05:30,3126.6,3,3129.99,1994777,128693.0,207338.0,3163.0,3163.0,3108.0,3134.3,31927200,3447.7,2820.9,3839.9,2896.0,3126.9,15,1,3126.6,39,2,3126.5,76,5,3126.4,7,1,3126.3,38,3,3127.0,226,8,3127.7,1,1,3128.1,215,3,3128.2,114,3,3128.3,52,1
2031,2026-06-16 12:14:35+05:30,3127.0,5,3129.99,1994777,128693.0,207338.0,3163.0,3163.0,3108.0,3134.3,31927200,3447.7,2820.9,3839.9,2896.0,3126.9,15,1,3126.6,39,2,3126.5,76,5,3126.4,7,1,3126.3,38,3,3127.0,226,8,3127.7,1,1,3128.1,215,3,3128.2,114,3,3128.3,52,1
2031,2026-06-16 12:14:35+05:30,3127.0,5,3129.99,1994921,128857.0,207339.0,3163.0,3163.0,3108.0,3134.3,31927200,3447.7,2820.9,3839.9,2896.0,3126.9,38,1,3126.6,99,6,3126.5,86,6,3126.4,59,2,3126.3,74,5,3127.0,89,7,3127.7,1,1,3128.1,47,1,3128.2,69,2,3128.3,191,2
2031,2026-06-16 12:14:36+05:30,3126.9,38,3129.99,1994921,128857.0,207339.0,3163.0,3163.0,3108.0,3134.3,31927200,3447.7,2820.9,3839.9,2896.0,3126.9,38,1,3126.6,99,6,3126.5,86,6,3126.4,59,2,3126.3,74,5,3127.0,89,7,3127.7,1,1,3128.1,47,1,3128.2,69,2,3128.3,191,2
2031,2026-06-16 12:14:36+05:30,3126.9,38,3129.99,1994959,128798.0,207417.0,3163.0,3163.0,3108.0,3134.3,31927200,3447.7,2820.9,3839.9,2896.0,3126.6,78,5,3126.5,64,5,3126.4,75,4,3126.3,72,5,3126.2,117,6,3126.9,162,1,3127.0,89,7,3127.7,1,1,3128.0,173,2,3128.2,69,2
2031,2026-06-16 12:14:37+05:30,3126.9,1,3129.99,1994960,128652.0,207272.0,3163.0,3163.0,3108.0,3134.3,31927200,3447.7,2820.9,3839.9,2896.0,3126.6,54,3,3126.5,57,4,3126.4,67,3,3126.3,36,3,3126.2,29,4,3126.9,202,4,3127.0,80,5,3127.7,1,1,3128.0,72,2,3128.1,148,1
2031,2026-06-16 12:14:38+05:30,3126.9,1,3129.99,1994960,128652.0,207272.0,3163.0,3163.0,3108.0,3134.3,31927200,3447.7,2820.9,3839.9,2896.0,3126.6,54,3,3126.5,57,4,3126.4,67,3,3126.3,36,3,3126.2,29,4,3126.9,202,4,3127.0,80,5,3127.7,1,1,3128.0,72,2,3128.1,148,1
2031,2026-06-16 12:14:38+05:30,3126.8,1,3129.99,1994961,128635.0,207501.0,3163.0,3163.0,3108.0,3134.3,31927200,3447.7,2820.9,3839.9,2896.0,3126.7,3,1,3126.6,54,3,3126.5,54,3,3126.4,59,2,3126.3,24,2,3126.9,216,5,3127.0,80,5,3127.5,31,2,3128.0,72,2,3128.1,148,1
2031,2026-06-16 12:14:39+05:30,3126.9,1,3129.99,1994961,128635.0,207501.0,3163.0,3163.0,3108.0,3134.3,31927200,3447.7,2820.9,3839.9,2896.0,3126.7,3,1,3126.6,54,3,3126.5,54,3,3126.4,59,2,3126.3,24,2,3126.9,216,5,3127.0,80,5,3127.5,31,2,3128.0,72,2,3128.1,148,1
2031,2026-06-16 12:14:39+05:30,3126.9,1,3129.99,1995162,128310.0,208359.0,3163.0,3163.0,3108.0,3134.3,31927200,3447.7,2820.9,3839.9,2896.0,3126.7,2,1,3126.6,24,2,3126.5,54,3,3126.4,7,1,3126.3,24,2,3126.9,215,5,3127.0,80,5,3127.5,39,3,3127.8,99,2,3127.9,171,2
2031,2026-06-16 12:14:40+05:30,3126.9,8,3129.99,1995162,128310.0,208359.0,3163.0,3163.0,3108.0,3134.3,31927200,3447.7,2820.9,3839.9,2896.0,3126.7,2,1,3126.6,24,2,3126.5,54,3,3126.4,7,1,3126.3,24,2,3126.9,215,5,3127.0,80,5,3127.5,39,3,3127.8,99,2,3127.9,171,2
2031,2026-06-16 12:14:40+05:30,3126.9,8,3129.99,1995170,128710.0,207784.0,3163.0,3163.0,3108.0,3134.3,31927200,3447.7,2820.9,3839.9,2896.0,3126.7,2,1,3126.6,24,2,3126.5,72,3,3126.4,15,2,3126.3,15,2,3126.9,232,6,3127.0,80,5,3127.5,39,3,3127.8,99,2,3127.9,171,2
2031,2026-06-16 12:14:41+05:30,3126.9,3,3129.99,1995173,128710.0,208207.0,3163.0,3163.0,3108.0,3134.3,31927200,3447.7,2820.9,3839.9,2896.0,3126.7,2,1,3126.6,24,2,3126.5,72,3,3126.4,15,2,3126.3,15,2,3126.9,229,6,3127.0,80,5,3127.5,39,3,3127.8,99,2,3127.9,17,1
2031,2026-06-16 12:14:42+05:30,3126.9,3,3129.99,1995173,128710.0,208207.0,3163.0,3163.0,3108.0,3134.3,31927200,3447.7,2820.9,3839.9,2896.0,3126.7,2,1,3126.6,24,2,3126.5,72,3,3126.4,15,2,3126.3,15,2,3126.9,229,6,3127.0,80,5,3127.5,39,3,3127.8,99,2,3127.9,17,1
2031,2026-06-16 12:14:42+05:30,3126.9,3,3129.99,1995173,128710.0,208008.0,3163.0,3163.0,3108.0,3134.3,31927200,3447.7,2820.9,3839.9,2896.0,3126.7,2,1,3126.6,24,2,3126.5,72,3,3126.4,15,2,3126.3,15,2,3126.9,229,6,3127.0,80,5,3127.5,39,3,3127.8,99,2,3127.9,17,1
2031,2026-06-16 12:14:43+05:30,3126.9,1,3129.99,1995173,128710.0,208008.0,3163.0,3163.0,3108.0,3134.3,31927200,3447.7,2820.9,3839.9,2896.0,3126.7,2,1,3126.6,24,2,3126.5,72,3,3126.4,15,2,3126.3,15,2,3126.9,229,6,3127.0,80,5,3127.5,39,3,3127.8,99,2,3127.9,17,1
2031,2026-06-16 12:14:43+05:30,3126.7,8,3129.99,1995182,128701.0,207964.0,3163.0,3163.0,3108.0,3134.3,31927200,3447.7,2820.9,3839.9,2896.0,3126.7,2,1,3126.6,24,2,3126.5,72,3,3126.4,15,2,3126.3,15,2,3126.9,228,6,3127.0,80,5,3127.5,39,3,3127.8,99,2,3127.9,17,1
2031,2026-06-16 12:14:44+05:30,3126.7,8,3129.99,1995182,128701.0,207964.0,3163.0,3163.0,3108.0,3134.3,31927200,3447.7,2820.9,3839.9,2896.0,3126.7,2,1,3126.6,24,2,3126.5,72,3,3126.4,15,2,3126.3,15,2,3126.9,228,6,3127.0,80,5,3127.5,39,3,3127.8,99,2,3127.9,17,1
2031,2026-06-16 12:14:44+05:30,3126.7,8,3129.99,1995182,128681.0,208180.0,3163.0,3163.0,3108.0,3134.3,31927200,3447.7,2820.9,3839.9,2896.0,3126.7,2,1,3126.6,24,2,3126.5,38,1,3126.4,15,2,3126.3,15,2,3126.9,228,6,3127.0,80,5,3127.5,39,3,3127.8,99,2,3127.9,17,1
2031,2026-06-16 12:14:45+05:30,3126.9,2,3129.99,1995182,128681.0,208180.0,3163.0,3163.0,3108.0,3134.3,31927200,3447.7,2820.9,3839.9,2896.0,3126.7,2,1,3126.6,24,2,3126.5,38,1,3126.4,15,2,3126.3,15,2,3126.9,228,6,3127.0,80,5,3127.5,39,3,3127.8,99,2,3127.9,17,1
2031,2026-06-16 12:14:45+05:30,3126.9,2,3129.99,1995341,128837.0,207876.0,3163.0,3163.0,3108.0,3134.3,31927200,3447.7,2820.9,3839.9,2896.0,3126.8,2,2,3126.7,20,2,3126.6,24,2,3126.5,45,2,3126.4,7,1,3126.9,39,2,3127.0,80,5,3127.5,31,2,3127.8,52,1,3127.9,134,1
2031,2026-06-16 12:14:46+05:30,3126.9,1,3129.99,1995341,128837.0,207876.0,3163.0,3163.0,3108.0,3134.3,31927200,3447.7,2820.9,3839.9,2896.0,3126.8,2,2,3126.7,20,2,3126.6,24,2,3126.5,45,2,3126.4,7,1,3126.9,39,2,3127.0,80,5,3127.5,31,2,3127.8,52,1,3127.9,134,1
2031,2026-06-16 12:14:46+05:30,3126.9,1,3129.99,1995342,128893.0,207886.0,3163.0,3163.0,3108.0,3134.3,31927200,3447.7,2820.9,3839.9,2896.0,3126.8,2,2,3126.7,20,2,3126.6,24,2,3126.5,45,2,3126.4,7,1,3126.9,38,2,3127.0,80,5,3127.5,31,2,3127.8,52,1,3127.9,187,2
2031,2026-06-16 12:14:47+05:30,3126.6,7,3129.99,1995342,128893.0,207886.0,3163.0,3163.0,3108.0,3134.3,31927200,3447.7,2820.9,3839.9,2896.0,3126.8,2,2,3126.7,20,2,3126.6,24,2,3126.5,45,2,3126.4,7,1,3126.9,38,2,3127.0,80,5,3127.5,31,2,3127.8,52,1,3127.9,187,2
2031,2026-06-16 12:14:47+05:30,3126.6,7,3129.99,1995385,128802.0,208462.0,3163.0,3163.0,3108.0,3134.3,31927200,3447.7,2820.9,3839.9,2896.0,3126.6,17,2,3126.5,38,1,3126.4,7,1,3126.3,5,1,3126.2,28,4,3126.9,75,3,3127.0,25,4,3127.5,31,2,3127.8,22,1,3127.9,249,3
2031,2026-06-16 12:14:48+05:30,3126.9,1,3129.99,1995385,128802.0,208462.0,3163.0,3163.0,3108.0,3134.3,31927200,3447.7,2820.9,3839.9,2896.0,3126.6,17,2,3126.5,38,1,3126.4,7,1,3126.3,5,1,3126.2,28,4,3126.9,75,3,3127.0,25,4,3127.5,31,2,3127.8,22,1,3127.9,249,3
2031,2026-06-16 12:14:48+05:30,3126.9,1,3129.99,1995386,128846.0,208455.0,3163.0,3163.0,3108.0,3134.3,31927200,3447.7,2820.9,3839.9,2896.0,3126.6,17,2,3126.5,38,1,3126.4,7,1,3126.3,5,1,3126.2,28,4,3126.9,74,3,3127.0,25,4,3127.5,31,2,3127.8,22,1,3127.9,249,3
2031,2026-06-16 12:14:49+05:30,3126.9,1,3129.99,1995386,128826.0,208449.0,3163.0,3163.0,3108.0,3134.3,31927200,3447.7,2820.9,3839.9,2896.0,3126.6,17,2,3126.5,38,1,3126.4,7,1,3126.3,5,1,3126.2,47,5,3126.9,62,2,3127.0,25,4,3127.5,31,2,3127.8,74,2,3127.9,249,3
2031,2026-06-16 12:14:50+05:30,3126.9,1,3129.99,1995386,128825.0,208452.0,3163.0,3163.0,3108.0,3134.3,31927200,3447.7,2820.9,3839.9,2896.0,3126.6,17,2,3126.5,38,1,3126.4,7,1,3126.3,5,1,3126.2,47,5,3126.9,62,2,3127.0,25,4,3127.5,31,2,3127.8,74,2,3127.9,249,3
2031,2026-06-16 12:14:51+05:30,3126.9,11,3129.99,1995397,128825.0,208443.0,3163.0,3163.0,3108.0,3134.3,31927200,3447.7,2820.9,3839.9,2896.0,3126.6,17,2,3126.5,38,1,3126.4,7,1,3126.3,5,1,3126.2,47,5,3126.9,51,2,3127.0,25,4,3127.5,31,2,3127.8,74,2,3127.9,249,3
2031,2026-06-16 12:14:52+05:30,3126.9,1,3129.99,1995397,128825.0,208443.0,3163.0,3163.0,3108.0,3134.3,31927200,3447.7,2820.9,3839.9,2896.0,3126.6,17,2,3126.5,38,1,3126.4,7,1,3126.3,5,1,3126.2,47,5,3126.9,51,2,3127.0,25,4,3127.5,31,2,3127.8,74,2,3127.9,249,3
2031,2026-06-16 12:14:52+05:30,3126.9,1,3129.99,1995398,128825.0,208644.0,3163.0,3163.0,3108.0,3134.3,31927200,3447.7,2820.9,3839.9,2896.0,3126.6,17,2,3126.5,38,1,3126.4,7,1,3126.3,5,1,3126.2,47,5,3126.9,50,2,3127.0,25,4,3127.5,31,2,3127.8,74,2,3127.9,249,3
2031,2026-06-16 12:14:53+05:30,3126.9,2,3129.99,1995398,128825.0,208644.0,3163.0,3163.0,3108.0,3134.3,31927200,3447.7,2820.9,3839.9,2896.0,3126.6,17,2,3126.5,38,1,3126.4,7,1,3126.3,5,1,3126.2,47,5,3126.9,50,2,3127.0,25,4,3127.5,31,2,3127.8,74,2,3127.9,249,3
2031,2026-06-16 12:14:53+05:30,3126.9,2,3129.99,1995528,129081.0,208557.0,3163.0,3163.0,3108.0,3134.3,31927200,3447.7,2820.9,3839.9,2896.0,3126.9,79,2,3126.6,24,3,3126.5,46,2,3126.4,26,2,3126.3,37,3,3127.0,25,4,3127.7,143,1,3127.8,20,1,3127.9,115,2,3128.0,100,3
2031,2026-06-16 12:14:54+05:30,3126.9,1,3129.99,1995528,129081.0,208557.0,3163.0,3163.0,3108.0,3134.3,31927200,3447.7,2820.9,3839.9,2896.0,3126.9,79,2,3126.6,24,3,3126.5,46,2,3126.4,26,2,3126.3,37,3,3127.0,25,4,3127.7,143,1,3127.8,20,1,3127.9,115,2,3128.0,100,3
2031,2026-06-16 12:14:54+05:30,3126.9,1,3129.99,1995530,129094.0,208449.0,3163.0,3163.0,3108.0,3134.3,31927200,3447.7,2820.9,3839.9,2896.0,3126.9,79,3,3126.6,17,2,3126.5,57,2,3126.4,17,2,3126.3,37,3,3127.0,49,4,3127.7,143,1,3127.8,20,1,3127.9,115,2,3128.0,100,3
2031,2026-06-16 12:14:55+05:30,3126.9,1,3129.99,1995530,129094.0,208449.0,3163.0,3163.0,3108.0,3134.3,31927200,3447.7,2820.9,3839.9,2896.0,3126.9,79,3,3126.6,17,2,3126.5,57,2,3126.4,17,2,3126.3,37,3,3127.0,49,4,3127.7,143,1,3127.8,20,1,3127.9,115,2,3128.0,100,3
2031,2026-06-16 12:14:55+05:30,3127.0,2,3129.99,1995530,129094.0,208449.0,3163.0,3163.0,3108.0,3134.3,31927200,3447.7,2820.9,3839.9,2896.0,3126.9,79,3,3126.6,17,2,3126.5,57,2,3126.4,17,2,3126.3,37,3,3127.0,49,4,3127.7,143,1,3127.8,20,1,3127.9,115,2,3128.0,100,3
2031,2026-06-16 12:14:55+05:30,3127.0,2,3129.99,1995617,129174.0,207367.0,3163.0,3163.0,3108.0,3134.3,31927200,3447.7,2820.9,3839.9,2896.0,3126.9,79,3,3126.6,17,1,3126.5,38,1,3126.4,7,1,3126.3,77,3,3127.7,1,1,3127.8,154,2,3127.9,115,2,3128.0,80,2,3128.1,140,4
2031,2026-06-16 12:14:56+05:30,3127.0,2,3129.99,1995617,129353.0,207252.0,3163.0,3163.0,3108.0,3134.3,31927200,3447.7,2820.9,3839.9,2896.0,3126.9,94,4,3126.5,90,2,3126.4,7,1,3126.3,94,4,3126.2,12,4,3127.7,2,2,3127.8,16,1,3127.9,115,2,3128.0,80,2,3128.1,100,3
2031,2026-06-16 12:14:56+05:30,3127.0,2,3129.99,1995617,129353.0,207252.0,3163.0,3163.0,3108.0,3134.3,31927200,3447.7,2820.9,3839.9,2896.0,3126.9,94,4,3126.5,90,2,3126.4,7,1,3126.3,94,4,3126.2,12,4,3127.7,2,2,3127.8,16,1,3127.9,115,2,3128.0,80,2,3128.1,100,3
2031,2026-06-16 12:14:57+05:30,3127.0,2,3129.99,1995617,129353.0,207264.0,3163.0,3163.0,3108.0,3134.3,31927200,3447.7,2820.9,3839.9,2896.0,3126.9,94,4,3126.5,90,2,3126.4,7,1,3126.3,94,4,3126.2,12,4,3127.7,2,2,3127.8,16,1,3127.9,115,2,3128.0,80,2,3128.1,100,3
2031,2026-06-16 12:14:58+05:30,3126.9,98,3129.99,1995617,129353.0,207264.0,3163.0,3163.0,3108.0,3134.3,31927200,3447.7,2820.9,3839.9,2896.0,3126.9,94,4,3126.5,90,2,3126.4,7,1,3126.3,94,4,3126.2,12,4,3127.7,2,2,3127.8,16,1,3127.9,115,2,3128.0,80,2,3128.1,100,3
2031,2026-06-16 12:14:58+05:30,3126.9,98,3129.99,1995817,129135.0,207603.0,3163.0,3163.0,3108.0,3134.3,31927200,3447.7,2820.9,3839.9,2896.0,3126.9,15,1,3126.5,38,1,3126.4,7,1,3126.3,25,2,3126.2,7,3,3127.7,15,2,3127.8,155,2,3127.9,156,4,3128.0,157,4,3128.1,192,4
2031,2026-06-16 12:14:59+05:30,3126.9,98,3129.99,1995817,129135.0,207603.0,3163.0,3163.0,3108.0,3134.3,31927200,3447.7,2820.9,3839.9,2896.0,3126.9,15,1,3126.5,38,1,3126.4,7,1,3126.3,25,2,3126.2,7,3,3127.7,15,2,3127.8,155,2,3127.9,156,4,3128.0,157,4,3128.1,192,4
2031,2026-06-16 12:14:59+05:30,3127.8,1,3129.99,1995817,129135.0,207603.0,3163.0,3163.0,3108.0,3134.3,31927200,3447.7,2820.9,3839.9,2896.0,3126.9,15,1,3126.5,38,1,3126.4,7,1,3126.3,25,2,3126.2,7,3,3127.7,15,2,3127.8,155,2,3127.9,156,4,3128.0,157,4,3128.1,192,4
2031,2026-06-16 12:14:59+05:30,3127.8,1,3129.99,1995819,129545.0,207464.0,3163.0,3163.0,3108.0,3134.3,31927200,3447.7,2820.9,3839.9,2896.0,3126.9,15,1,3126.5,38,1,3126.4,7,1,3126.3,42,3,3126.2,186,5,3127.8,19,2,3127.9,53,1,3128.0,132,3,3128.1,155,4,3128.2,330,5
2031,2026-06-16 12:15:00+05:30,3127.8,1,3129.99,1995819,129936.0,206834.0,3163.0,3163.0,3108.0,3134.3,31927200,3447.7,2820.9,3839.9,2896.0,3127.4,2,2,3126.9,21,3,3126.6,63,1,3126.5,191,5,3126.4,87,3,3127.8,2,1,3127.9,128,2,3128.2,248,2,3128.3,200,1,3128.4,45,3
2031,2026-06-16 12:15:01+05:30,3127.8,1,3129.99,1995819,129936.0,206834.0,3163.0,3163.0,3108.0,3134.3,31927200,3447.7,2820.9,3839.9,2896.0,3127.4,2,2,3126.9,21,3,3126.6,63,1,3126.5,191,5,3126.4,87,3,3127.8,2,1,3127.9,128,2,3128.2,248,2,3128.3,200,1,3128.4,45,3
2031,2026-06-16 12:15:01+05:30,3127.4,1,3129.99,1995823,129784.0,206932.0,3163.0,3163.0,3108.0,3134.3,31927200,3447.7,2820.9,3839.9,2896.0,3126.9,21,3,3126.4,7,1,3126.3,75,3,3126.2,7,3,3126.1,378,5,3127.8,38,3,3127.9,128,2,3128.0,45,3,3128.1,193,2,3128.2,365,6
2031,2026-06-16 12:15:01+05:30,3127.4,1,3129.99,1995823,129784.0,206932.0,3163.0,3163.0,3108.0,3134.3,31927200,3447.7,2820.9,3839.9,2896.0,3126.9,21,3,3126.4,7,1,3126.3,75,3,3126.2,7,3,3126.1,378,5,3127.8,38,3,3127.9,128,2,3128.0,45,3,3128.1,193,2,3128.2,365,6
2031,2026-06-16 12:15:02+05:30,3127.4,1,3129.99,1995823,129738.0,207014.0,3163.0,3163.0,3108.0,3134.3,31927200,3447.7,2820.9,3839.9,2896.0,3126.9,21,3,3126.4,22,2,3126.3,75,3,3126.2,168,4,3126.1,397,6,3127.8,38,3,3127.9,128,2,3128.0,45,3,3128.1,193,2,3128.2,365,6
2031,2026-06-16 12:15:03+05:30,3127.4,1,3129.99,1995823,129738.0,207014.0,3163.0,3163.0,3108.0,3134.3,31927200,3447.7,2820.9,3839.9,2896.0,3126.9,21,3,3126.4,22,2,3126.3,75,3,3126.2,168,4,3126.1,397,6,3127.8,38,3,3127.9,128,2,3128.0,45,3,3128.1,193,2,3128.2,365,6
2031,2026-06-16 12:15:03+05:30,3127.4,1,3129.99,1995823,129742.0,207029.0,3163.0,3163.0,3108.0,3134.3,31927200,3447.7,2820.9,3839.9,2896.0,3126.9,21,3,3126.4,22,2,3126.3,75,3,3126.2,166,4,3126.1,397,6,3127.8,38,3,3127.9,128,2,3128.0,25,2,3128.1,193,2,3128.2,365,6
2031,2026-06-16 12:15:04+05:30,3127.8,1,3129.99,1995828,129745.0,207011.0,3163.0,3163.0,3108.0,3134.3,31927200,3447.7,2820.9,3839.9,2896.0,3126.9,25,4,3126.4,22,2,3126.3,75,3,3126.2,7,3,3126.1,397,6,3127.8,35,3,3127.9,136,3,3128.0,17,1,3128.1,193,2,3128.2,365,6
2031,2026-06-16 12:15:04+05:30,3127.8,1,3129.99,1995828,129745.0,207011.0,3163.0,3163.0,3108.0,3134.3,31927200,3447.7,2820.9,3839.9,2896.0,3126.9,25,4,3126.4,22,2,3126.3,75,3,3126.2,7,3,3126.1,397,6,3127.8,35,3,3127.9,136,3,3128.0,17,1,3128.1,193,2,3128.2,365,6
2031,2026-06-16 12:15:04+05:30,3127.8,1,3129.99,1995828,129745.0,207011.0,3163.0,3163.0,3108.0,3134.3,31927200,3447.7,2820.9,3839.9,2896.0,3126.9,25,4,3126.4,22,2,3126.3,75,3,3126.2,7,3,3126.1,397,6,3127.8,35,3,3127.9,136,3,3128.0,17,1,3128.1,193,2,3128.2,365,6
2031,2026-06-16 12:15:05+05:30,3127.8,1,3129.99,1995828,129179.0,207783.0,3163.0,3163.0,3108.0,3134.3,31927200,3447.7,2820.9,3839.9,2896.0,3126.9,25,4,3126.4,22,2,3126.3,25,2,3126.2,7,3,3126.1,345,5,3127.6,38,3,3127.7,34,2,3127.8,163,4,3127.9,186,4,3128.0,17,1
2031,2026-06-16 12:15:05+05:30,3127.8,1,3129.99,1995828,129179.0,207783.0,3163.0,3163.0,3108.0,3134.3,31927200,3447.7,2820.9,3839.9,2896.0,3126.9,25,4,3126.4,22,2,3126.3,25,2,3126.2,7,3,3126.1,345,5,3127.6,38,3,3127.7,34,2,3127.8,163,4,3127.9,186,4,3128.0,17,1
2031,2026-06-16 12:15:06+05:30,3127.6,1,3129.99,1995829,129608.0,207944.0,3163.0,3163.0,3108.0,3134.3,31927200,3447.7,2820.9,3839.9,2896.0,3126.9,39,5,3126.6,15,1,3126.5,4,1,3126.4,7,1,3126.3,25,2,3127.6,21,2,3127.7,20,1,3127.8,146,3,3127.9,128,2,3128.0,17,1
2031,2026-06-16 12:15:06+05:30,3127.6,1,3129.99,1995829,129608.0,207944.0,3163.0,3163.0,3108.0,3134.3,31927200,3447.7,2820.9,3839.9,2896.0,3126.9,39,5,3126.6,15,1,3126.5,4,1,3126.4,7,1,3126.3,25,2,3127.6,21,2,3127.7,20,1,3127.8,146,3,3127.9,128,2,3128.0,17,1
2031,2026-06-16 12:15:06+05:30,3127.6,1,3129.99,1995829,129608.0,207944.0,3163.0,3163.0,3108.0,3134.3,31927200,3447.7,2820.9,3839.9,2896.0,3126.9,39,5,3126.6,15,1,3126.5,4,1,3126.4,7,1,3126.3,25,2,3127.6,21,2,3127.7,20,1,3127.8,146,3,3127.9,128,2,3128.0,17,1
2031,2026-06-16 12:15:07+05:30,3127.6,1,3129.99,1995829,129606.0,206215.0,3163.0,3163.0,3108.0,3134.3,31927200,3447.7,2820.9,3839.9,2896.0,3126.9,39,5,3126.6,15,1,3126.5,4,1,3126.4,7,1,3126.3,25,2,3127.6,22,3,3127.7,20,1,3127.8,2,1,3127.9,128,2,3128.0,25,2
2031,2026-06-16 12:15:07+05:30,3127.6,1,3129.99,1995829,129606.0,206215.0,3163.0,3163.0,3108.0,3134.3,31927200,3447.7,2820.9,3839.9,2896.0,3126.9,39,5,3126.6,15,1,3126.5,4,1,3126.4,7,1,3126.3,25,2,3127.6,22,3,3127.7,20,1,3127.8,2,1,3127.9,128,2,3128.0,25,2
2031,2026-06-16 12:15:08+05:30,3127.4,30,3129.99,1995859,129631.0,208358.0,3163.0,3163.0,3108.0,3134.3,31927200,3447.7,2820.9,3839.9,2896.0,3127.2,5,1,3127.1,16,1,3126.9,19,3,3126.6,16,1,3126.5,50,1,3127.6,1,1,3127.8,20,1,3127.9,128,2,3128.1,16,1,3128.2,156,3
2031,2026-06-16 12:15:08+05:30,3127.4,30,3129.99,1995859,129631.0,208358.0,3163.0,3163.0,3108.0,3134.3,31927200,3447.7,2820.9,3839.9,2896.0,3127.2,5,1,3127.1,16,1,3126.9,19,3,3126.6,16,1,3126.5,50,1,3127.6,1,1,3127.8,20,1,3127.9,128,2,3128.1,16,1,3128.2,156,3
2031,2026-06-16 12:15:08+05:30,3127.4,30,3129.99,1995859,129631.0,208358.0,3163.0,3163.0,3108.0,3134.3,31927200,3447.7,2820.9,3839.9,2896.0,3127.2,5,1,3127.1,16,1,3126.9,19,3,3126.6,16,1,3126.5,50,1,3127.6,1,1,3127.8,20,1,3127.9,128,2,3128.1,16,1,3128.2,156,3
2031,2026-06-16 12:15:09+05:30,3127.2,40,3129.99,1995901,129422.0,208206.0,3163.0,3163.0,3108.0,3134.3,31927200,3447.7,2820.9,3839.9,2896.0,3127.1,16,1,3126.9,19,3,3126.6,16,1,3126.4,7,1,3126.3,25,2,3127.6,2,2,3127.8,152,1,3127.9,54,2,3128.1,74,3,3128.2,46,2
2031,2026-06-16 12:15:09+05:30,3127.2,40,3129.99,1995901,129422.0,208206.0,3163.0,3163.0,3108.0,3134.3,31927200,3447.7,2820.9,3839.9,2896.0,3127.1,16,1,3126.9,19,3,3126.6,16,1,3126.4,7,1,3126.3,25,2,3127.6,2,2,3127.8,152,1,3127.9,54,2,3128.1,74,3,3128.2,46,2
2031,2026-06-16 12:15:09+05:30,3127.2,40,3129.99,1995901,129422.0,208206.0,3163.0,3163.0,3108.0,3134.3,31927200,3447.7,2820.9,3839.9,2896.0,3127.1,16,1,3126.9,19,3,3126.6,16,1,3126.4,7,1,3126.3,25,2,3127.6,2,2,3127.8,152,1,3127.9,54,2,3128.1,74,3,3128.2,46,2
2031,2026-06-16 12:15:10+05:30,3127.2,40,3129.99,1995901,129422.0,208206.0,3163.0,3163.0,3108.0,3134.3,31927200,3447.7,2820.9,3839.9,2896.0,3127.1,16,1,3126.9,19,3,3126.6,16,1,3126.4,7,1,3126.3,25,2,3127.6,2,2,3127.8,152,1,3127.9,54,2,3128.1,74,3,3128.2,46,2
2031,2026-06-16 12:15:10+05:30,3127.6,1,3129.99,1995902,129630.0,208136.0,3163.0,3163.0,3108.0,3134.3,31927200,3447.7,2820.9,3839.9,2896.0,3127.4,16,1,3127.2,10,1,3126.9,35,4,3126.6,4,1,3126.5,87,3,3127.6,1,1,3127.9,54,2,3128.2,151,2,3128.3,250,2,3128.4,445,5
2031,2026-06-16 12:15:10+05:30,3127.9,7,3129.99,1995902,129630.0,208136.0,3163.0,3163.0,3108.0,3134.3,31927200,3447.7,2820.9,3839.9,2896.0,3127.4,16,1,3127.2,10,1,3126.9,35,4,3126.6,4,1,3126.5,87,3,3127.6,1,1,3127.9,54,2,3128.2,151,2,3128.3,250,2,3128.4,445,5
2031,2026-06-16 12:15:10+05:30,3127.9,7,3129.99,1995902,129630.0,208136.0,3163.0,3163.0,3108.0,3134.3,31927200,3447.7,2820.9,3839.9,2896.0,3127.4,16,1,3127.2,10,1,3126.9,35,4,3126.6,4,1,3126.5,87,3,3127.6,1,1,3127.9,54,2,3128.2,151,2,3128.3,250,2,3128.4,445,5
2031,2026-06-16 12:15:11+05:30,3127.9,17,3129.99,1995976,129689.0,207032.0,3163.0,3163.0,3108.0,3134.3,31927200,3447.7,2820.9,3839.9,2896.0,3127.6,16,1,3127.2,10,1,3127.1,15,1,3126.9,18,2,3126.7,21,1,3128.1,43,3,3128.2,14,1,3128.3,51,3,3128.4,24,2,3128.5,202,2
2031,2026-06-16 12:15:11+05:30,3127.9,17,3129.99,1995976,129689.0,207032.0,3163.0,3163.0,3108.0,3134.3,31927200,3447.7,2820.9,3839.9,2896.0,3127.6,16,1,3127.2,10,1,3127.1,15,1,3126.9,18,2,3126.7,21,1,3128.1,43,3,3128.2,14,1,3128.3,51,3,3128.4,24,2,3128.5,202,2
2031,2026-06-16 12:15:11+05:30,3127.9,17,3129.99,1995976,129689.0,207032.0,3163.0,3163.0,3108.0,3134.3,31927200,3447.7,2820.9,3839.9,2896.0,3127.6,16,1,3127.2,10,1,3127.1,15,1,3126.9,18,2,3126.7,21,1,3128.1,43,3,3128.2,14,1,3128.3,51,3,3128.4,24,2,3128.5,202,2
2031,2026-06-16 12:15:12+05:30,3127.6,139,3129.99,1996142,129741.0,207398.0,3163.0,3163.0,3108.0,3134.3,31927200,3447.7,2820.9,3839.9,2896.0,3127.2,10,1,3127.1,15,1,3126.9,18,2,3126.4,7,1,3126.3,43,3,3127.6,200,1,3127.8,1,1,3127.9,20,1,3128.0,40,3,3128.1,155,2
2031,2026-06-16 12:15:12+05:30,3127.6,139,3129.99,1996142,129741.0,207398.0,3163.0,3163.0,3108.0,3134.3,31927200,3447.7,2820.9,3839.9,2896.0,3127.2,10,1,3127.1,15,1,3126.9,18,2,3126.4,7,1,3126.3,43,3,3127.6,200,1,3127.8,1,1,3127.9,20,1,3128.0,40,3,3128.1,155,2
2031,2026-06-16 12:15:12+05:30,3127.6,139,3129.99,1996142,129741.0,207398.0,3163.0,3163.0,3108.0,3134.3,31927200,3447.7,2820.9,3839.9,2896.0,3127.2,10,1,3127.1,15,1,3126.9,18,2,3126.4,7,1,3126.3,43,3,3127.6,200,1,3127.8,1,1,3127.9,20,1,3128.0,40,3,3128.1,155,2
2031,2026-06-16 12:15:13+05:30,3127.6,139,3129.99,1996142,129741.0,207398.0,3163.0,3163.0,3108.0,3134.3,31927200,3447.7,2820.9,3839.9,2896.0,3127.2,10,1,3127.1,15,1,3126.9,18,2,3126.4,7,1,3126.3,43,3,3127.6,200,1,3127.8,1,1,3127.9,20,1,3128.0,40,3,3128.1,155,2
2031,2026-06-16 12:15:13+05:30,3127.2,30,3129.99,1996349,129837.0,207148.0,3163.0,3163.0,3108.0,3134.3,31927200,3447.7,2820.9,3839.9,2896.0,3127.2,14,1,3126.9,18,2,3126.6,16,1,3126.4,35,3,3126.3,91,4,3127.6,35,1,3127.8,1,1,3127.9,20,1,3128.1,40,2,3128.2,182,4
2031,2026-06-16 12:15:13+05:30,3127.2,30,3129.99,1996349,129837.0,207148.0,3163.0,3163.0,3108.0,3134.3,31927200,3447.7,2820.9,3839.9,2896.0,3127.2,14,1,3126.9,18,2,3126.6,16,1,3126.4,35,3,3126.3,91,4,3127.6,35,1,3127.8,1,1,3127.9,20,1,3128.1,40,2,3128.2,182,4
2031,2026-06-16 12:15:14+05:30,3127.2,30,3129.99,1996349,129837.0,207148.0,3163.0,3163.0,3108.0,3134.3,31929000,3447.7,2820.9,3839.9,2896.0,3127.2,14,1,3126.9,18,2,3126.6,16,1,3126.4,35,3,3126.3,91,4,3127.6,35,1,3127.8,1,1,3127.9,20,1,3128.1,40,2,3128.2,182,4
2031,2026-06-16 12:15:14+05:30,3126.9,4,3129.99,1996460,129606.0,207184.0,3163.0,3163.0,3108.0,3134.3,31929000,3447.7,2820.9,3839.9,2896.0,3126.9,10,1,3126.5,22,1,3126.4,7,1,3126.3,25,2,3126.2,7,3,3128.0,203,4,3128.1,97,5,3128.2,74,5,3128.3,85,3,3128.4,242,4
2031,2026-06-16 12:15:14+05:30,3126.9,4,3129.99,1996460,129606.0,207184.0,3163.0,3163.0,3108.0,3134.3,31929000,3447.7,2820.9,3839.9,2896.0,3126.9,10,1,3126.5,22,1,3126.4,7,1,3126.3,25,2,3126.2,7,3,3128.0,203,4,3128.1,97,5,3128.2,74,5,3128.3,85,3,3128.4,242,4
2031,2026-06-16 12:15:15+05:30,3127.9,1,3129.99,1996461,129594.0,207288.0,3163.0,3163.0,3108.0,3134.3,31929000,3447.7,2820.9,3839.9,2896.0,3127.2,16,2,3126.9,1,1,3126.5,21,1,3126.4,43,3,3126.3,43,3,3127.9,20,2,3128.0,75,3,3128.1,69,3,3128.2,67,3,3128.3,112,3
2031,2026-06-16 12:15:15+05:30,3127.2,4,3129.99,1996461,129594.0,207288.0,3163.0,3163.0,3108.0,3134.3,31929000,3447.7,2820.9,3839.9,2896.0,3127.2,16,2,3126.9,1,1,3126.5,21,1,3126.4,43,3,3126.3,43,3,3127.9,20,2,3128.0,75,3,3128.1,69,3,3128.2,67,3,3128.3,112,3
2031,2026-06-16 12:15:16+05:30,3127.2,4,3129.99,1996497,129850.0,207383.0,3163.0,3163.0,3108.0,3134.3,31929000,3447.7,2820.9,3839.9,2896.0,3127.6,2,2,3127.2,1,1,3127.1,70,2,3126.9,1,1,3126.7,36,2,3127.9,12,1,3128.0,82,3,3128.1,27,2,3128.2,59,2,3128.3,75,2
2031,2026-06-16 12:15:17+05:30,3127.2,4,3129.99,1996506,129832.0,207044.0,3163.0,3163.0,3108.0,3134.3,31929000,3447.7,2820.9,3839.9,2896.0,3127.2,1,1,3127.1,70,2,3126.9,33,3,3126.8,18,1,3126.7,39,2,3127.9,26,2,3128.0,82,3,3128.1,27,2,3128.2,59,2,3128.3,229,3
2031,2026-06-16 12:15:17+05:30,3127.2,4,3129.99,1996506,129832.0,207044.0,3163.0,3163.0,3108.0,3134.3,31929000,3447.7,2820.9,3839.9,2896.0,3127.2,1,1,3127.1,70,2,3126.9,33,3,3126.8,18,1,3126.7,39,2,3127.9,26,2,3128.0,82,3,3128.1,27,2,3128.2,59,2,3128.3,229,3
2031,2026-06-16 12:15:18+05:30,3127.2,2,3129.99,1996508,129787.0,206903.0,3163.0,3163.0,3108.0,3134.3,31929000,3447.7,2820.9,3839.9,2896.0,3127.2,1,1,3127.1,70,2,3126.9,33,3,3126.8,18,1,3126.7,39,2,3127.9,26,2,3128.0,96,4,3128.1,27,2,3128.2,59,2,3128.3,75,2
2031,2026-06-16 12:15:18+05:30,3127.2,2,3129.99,1996508,129787.0,206903.0,3163.0,3163.0,3108.0,3134.3,31929000,3447.7,2820.9,3839.9,2896.0,3127.2,1,1,3127.1,70,2,3126.9,33,3,3126.8,18,1,3126.7,39,2,3127.9,26,2,3128.0,96,4,3128.1,27,2,3128.2,59,2,3128.3,75,2
2031,2026-06-16 12:15:19+05:30,3127.9,1,3129.99,1996508,129787.0,206903.0,3163.0,3163.0,3108.0,3134.3,31929000,3447.7,2820.9,3839.9,2896.0,3127.2,1,1,3127.1,70,2,3126.9,33,3,3126.8,18,1,3126.7,39,2,3127.9,26,2,3128.0,96,4,3128.1,27,2,3128.2,59,2,3128.3,75,2
2031,2026-06-16 12:15:19+05:30,3127.9,1,3129.99,1996509,129809.0,206891.0,3163.0,3163.0,3108.0,3134.3,31929000,3447.7,2820.9,3839.9,2896.0,3127.2,1,1,3127.1,70,2,3126.9,33,3,3126.8,18,1,3126.7,54,3,3127.9,11,1,3128.0,96,4,3128.1,27,2,3128.2,59,2,3128.3,75,2
2031,2026-06-16 12:15:20+05:30,3128.0,1,3129.99,1996509,129809.0,206891.0,3163.0,3163.0,3108.0,3134.3,31929000,3447.7,2820.9,3839.9,2896.0,3127.2,1,1,3127.1,70,2,3126.9,33,3,3126.8,18,1,3126.7,54,3,3127.9,11,1,3128.0,96,4,3128.1,27,2,3128.2,59,2,3128.3,75,2
2031,2026-06-16 12:15:20+05:30,3128.0,1,3129.99,1996511,129934.0,207215.0,3163.0,3163.0,3108.0,3134.3,31929000,3447.7,2820.9,3839.9,2896.0,3127.2,1,1,3127.1,53,1,3126.7,69,4,3126.6,42,2,3126.5,71,2,3128.0,81,3,3128.1,27,2,3128.2,67,3,3128.3,221,3,3128.4,255,3
2031,2026-06-16 12:15:21+05:30,3128.0,1,3129.99,1996511,130001.0,207412.0,3163.0,3163.0,3108.0,3134.3,31929000,3447.7,2820.9,3839.9,2896.0,3127.4,16,1,3127.2,1,1,3127.1,53,1,3126.7,69,4,3126.6,42,2,3127.9,13,1,3128.0,81,3,3128.1,27,2,3128.2,59,2,3128.3,229,4
2031,2026-06-16 12:15:22+05:30,3127.2,1,3129.99,1996511,130001.0,207412.0,3163.0,3163.0,3108.0,3134.3,31929000,3447.7,2820.9,3839.9,2896.0,3127.4,16,1,3127.2,1,1,3127.1,53,1,3126.7,69,4,3126.6,42,2,3127.9,13,1,3128.0,81,3,3128.1,27,2,3128.2,59,2,3128.3,229,4
2031,2026-06-16 12:15:22+05:30,3127.2,1,3129.99,1996671,130444.0,207781.0,3163.0,3163.0,3108.0,3134.3,31929000,3447.7,2820.9,3839.9,2896.0,3127.1,69,2,3126.9,18,1,3126.6,70,4,3126.5,71,2,3126.4,75,4,3127.2,40,1,3128.0,68,2,3128.2,216,3,3128.3,115,3,3128.4,236,3
2031,2026-06-16 12:15:23+05:30,3127.2,1,3129.99,1996671,130440.0,207802.0,3163.0,3163.0,3108.0,3134.3,31929000,3447.7,2820.9,3839.9,2896.0,3127.1,69,2,3126.9,18,1,3126.6,70,4,3126.5,71,2,3126.4,75,4,3127.2,65,2,3128.0,68,2,3128.2,216,3,3128.3,115,3,3128.4,236,3
2031,2026-06-16 12:15:24+05:30,3127.1,12,3129.99,1996671,130440.0,207802.0,3163.0,3163.0,3108.0,3134.3,31929000,3447.7,2820.9,3839.9,2896.0,3127.1,69,2,3126.9,18,1,3126.6,70,4,3126.5,71,2,3126.4,75,4,3127.2,65,2,3128.0,68,2,3128.2,216,3,3128.3,115,3,3128.4,236,3
2031,2026-06-16 12:15:24+05:30,3127.1,12,3129.99,1996736,129983.0,207805.0,3163.0,3163.0,3108.0,3134.3,31929000,3447.7,2820.9,3839.9,2896.0,3127.1,4,1,3126.6,21,1,3126.5,50,1,3126.4,93,5,3126.3,75,3,3127.2,65,2,3128.0,28,1,3128.1,16,1,3128.2,216,3,3128.3,315,4
2031,2026-06-16 12:15:25+05:30,3127.1,9,3129.99,1996736,129983.0,207805.0,3163.0,3163.0,3108.0,3134.3,31929000,3447.7,2820.9,3839.9,2896.0,3127.1,4,1,3126.6,21,1,3126.5,50,1,3126.4,93,5,3126.3,75,3,3127.2,65,2,3128.0,28,1,3128.1,16,1,3128.2,216,3,3128.3,315,4
2031,2026-06-16 12:15:25+05:30,3127.2,1,3129.99,1996797,129784.0,208014.0,3163.0,3163.0,3108.0,3134.3,31929000,3447.7,2820.9,3839.9,2896.0,3127.1,7,1,3126.6,21,1,3126.4,93,5,3126.3,75,3,3126.2,22,4,3127.2,63,2,3128.0,28,1,3128.1,66,2,3128.2,224,4,3128.3,115,3
2031,2026-06-16 12:15:26+05:30,3127.2,15,3129.99,1996797,129784.0,208014.0,3163.0,3163.0,3108.0,3134.3,31929000,3447.7,2820.9,3839.9,2896.0,3127.1,7,1,3126.6,21,1,3126.4,93,5,3126.3,75,3,3126.2,22,4,3127.2,63,2,3128.0,28,1,3128.1,66,2,3128.2,224,4,3128.3,115,3
2031,2026-06-16 12:15:26+05:30,3127.1,12,3129.99,1996824,129778.0,208000.0,3163.0,3163.0,3108.0,3134.3,31929000,3447.7,2820.9,3839.9,2896.0,3127.1,16,1,3126.6,21,1,3126.4,93,5,3126.3,75,3,3126.2,7,3,3127.2,48,2,3127.9,133,1,3128.0,28,1,3128.1,66,2,3128.2,77,2
2031,2026-06-16 12:15:27+05:30,3127.1,12,3129.99,1996824,129778.0,208000.0,3163.0,3163.0,3108.0,3134.3,31929000,3447.7,2820.9,3839.9,2896.0,3127.1,16,1,3126.6,21,1,3126.4,93,5,3126.3,75,3,3126.2,7,3,3127.2,48,2,3127.9,133,1,3128.0,28,1,3128.1,66,2,3128.2,77,2
2031,2026-06-16 12:15:27+05:30,3127.1,3,3129.99,1996854,129500.0,208510.0,3163.0,3163.0,3108.0,3134.3,31929000,3447.7,2820.9,3839.9,2896.0,3127.1,9,1,3126.4,31,2,3126.3,39,3,3126.2,41,5,3126.1,326,4,3127.2,25,1,3127.9,133,1,3128.0,28,1,3128.1,135,4,3128.2,277,3
2031,2026-06-16 12:15:28+05:30,3127.1,3,3129.99,1996854,129500.0,208510.0,3163.0,3163.0,3108.0,3134.3,31929000,3447.7,2820.9,3839.9,2896.0,3127.1,9,1,3126.4,31,2,3126.3,39,3,3126.2,41,5,3126.1,326,4,3127.2,25,1,3127.9,133,1,3128.0,28,1,3128.1,135,4,3128.2,277,3
2031,2026-06-16 12:15:28+05:30,3127.1,2,3129.99,1996882,129756.0,208508.0,3163.0,3163.0,3108.0,3134.3,31929000,3447.7,2820.9,3839.9,2896.0,3127.1,31,2,3126.4,49,3,3126.3,54,4,3126.2,73,5,3126.1,326,4,3127.2,25,1,3127.9,133,1,3128.0,28,1,3128.1,120,3,3128.2,277,3
2031,2026-06-16 12:15:29+05:30,3127.1,7,3129.99,1996882,129756.0,208508.0,3163.0,3163.0,3108.0,3134.3,31929000,3447.7,2820.9,3839.9,2896.0,3127.1,31,2,3126.4,49,3,3126.3,54,4,3126.2,73,5,3126.1,326,4,3127.2,25,1,3127.9,133,1,3128.0,28,1,3128.1,120,3,3128.2,277,3
2031,2026-06-16 12:15:30+05:30,3127.1,7,3129.99,1996889,130150.0,208447.0,3163.0,3163.0,3108.0,3134.3,31929000,3447.7,2820.9,3839.9,2896.0,3127.1,62,3,3126.8,6,1,3126.4,49,3,3126.3,105,6,3126.2,23,4,3127.2,42,2,3127.9,133,1,3128.0,28,1,3128.1,112,2,3128.2,285,4
2031,2026-06-16 12:15:30+05:30,3127.2,2,3129.99,1996889,130150.0,208447.0,3163.0,3163.0,3108.0,3134.3,31929000,3447.7,2820.9,3839.9,2896.0,3127.1,62,3,3126.8,6,1,3126.4,49,3,3126.3,105,6,3126.2,23,4,3127.2,42,2,3127.9,133,1,3128.0,28,1,3128.1,112,2,3128.2,285,4
2031,2026-06-16 12:15:31+05:30,3127.2,1,3129.99,1996896,130177.0,208412.0,3163.0,3163.0,3108.0,3134.3,31929000,3447.7,2820.9,3839.9,2896.0,3127.1,65,5,3127.0,18,1,3126.9,15,1,3126.7,8,1,3126.6,64,4,3127.2,44,4,3128.0,170,2,3128.1,112,2,3128.2,277,3,3128.3,515,5
2031,2026-06-16 12:15:31+05:30,3127.2,44,3129.99,1996896,130177.0,208412.0,3163.0,3163.0,3108.0,3134.3,31929000,3447.7,2820.9,3839.9,2896.0,3127.1,65,5,3127.0,18,1,3126.9,15,1,3126.7,8,1,3126.6,64,4,3127.2,44,4,3128.0,170,2,3128.1,112,2,3128.2,277,3,3128.3,515,5
2031,2026-06-16 12:15:32+05:30,3127.2,44,3129.99,1997013,130388.0,207518.0,3163.0,3163.0,3108.0,3134.3,31929000,3447.7,2820.9,3839.9,2896.0,3127.3,1,1,3127.2,2,1,3127.1,43,3,3126.9,15,1,3126.7,18,1,3128.0,28,1,3128.1,62,1,3128.2,256,2,3128.3,487,4,3128.4,21,1
2031,2026-06-16 12:15:32+05:30,3127.1,9,3129.99,1997013,130388.0,207518.0,3163.0,3163.0,3108.0,3134.3,31929000,3447.7,2820.9,3839.9,2896.0,3127.3,1,1,3127.2,2,1,3127.1,43,3,3126.9,15,1,3126.7,18,1,3128.0,28,1,3128.1,62,1,3128.2,256,2,3128.3,487,4,3128.4,21,1
2031,2026-06-16 12:15:33+05:30,3127.1,9,3129.99,1997043,130349.0,207404.0,3163.0,3163.0,3108.0,3134.3,31929000,3447.7,2820.9,3839.9,2896.0,3127.1,42,4,3126.9,15,1,3126.7,18,1,3126.6,10,1,3126.5,33,2,3127.9,13,1,3128.0,29,2,3128.1,70,2,3128.2,256,2,3128.3,537,5
2031,2026-06-16 12:15:33+05:30,3127.1,8,3129.99,1997043,130349.0,207404.0,3163.0,3163.0,3108.0,3134.3,31929000,3447.7,2820.9,3839.9,2896.0,3127.1,42,4,3126.9,15,1,3126.7,18,1,3126.6,10,1,3126.5,33,2,3127.9,13,1,3128.0,29,2,3128.1,70,2,3128.2,256,2,3128.3,537,5
2031,2026-06-16 12:15:34+05:30,3127.9,3,3129.99,1997054,130352.0,205643.0,3163.0,3163.0,3108.0,3134.3,31929000,3447.7,2820.9,3839.9,2896.0,3127.1,34,4,3126.9,15,1,3126.7,18,1,3126.6,10,1,3126.5,83,3,3127.9,24,2,3128.0,51,4,3128.1,62,1,3128.2,279,4,3128.3,537,5
2031,2026-06-16 12:15:34+05:30,3127.1,1,3129.99,1997054,130352.0,205643.0,3163.0,3163.0,3108.0,3134.3,31929000,3447.7,2820.9,3839.9,2896.0,3127.1,34,4,3126.9,15,1,3126.7,18,1,3126.6,10,1,3126.5,83,3,3127.9,24,2,3128.0,51,4,3128.1,62,1,3128.2,279,4,3128.3,537,5
2031,2026-06-16 12:15:35+05:30,3127.1,1,3129.99,1997055,130570.0,207834.0,3163.0,3163.0,3108.0,3134.3,31929000,3447.7,2820.9,3839.9,2896.0,3127.1,34,5,3126.9,15,1,3126.7,18,1,3126.5,83,3,3126.4,46,3,3127.7,1,1,3127.9,25,3,3128.0,50,3,3128.1,195,2,3128.2,279,4
2031,2026-06-16 12:15:36+05:30,3127.1,1,3129.99,1997055,130640.0,207637.0,3163.0,3163.0,3108.0,3134.3,31929000,3447.7,2820.9,3839.9,2896.0,3127.1,34,5,3126.9,15,1,3126.7,18,1,3126.5,83,3,3126.4,46,3,3127.7,1,1,3127.9,11,2,3128.0,37,2,3128.1,62,1,3128.2,279,4
2031,2026-06-16 12:15:36+05:30,3127.7,1,3129.99,1997055,130640.0,207637.0,3163.0,3163.0,3108.0,3134.3,31929000,3447.7,2820.9,3839.9,2896.0,3127.1,34,5,3126.9,15,1,3126.7,18,1,3126.5,83,3,3126.4,46,3,3127.7,1,1,3127.9,11,2,3128.0,37,2,3128.1,62,1,3128.2,279,4
2031,2026-06-16 12:15:37+05:30,3127.7,1,3129.99,1997056,130635.0,207542.0,3163.0,3163.0,3108.0,3134.3,31929000,3447.7,2820.9,3839.9,2896.0,3127.1,35,6,3126.9,15,1,3126.8,3,1,3126.7,18,1,3126.5,83,3,3127.7,19,1,3127.9,1,1,3128.0,37,2,3128.1,62,1,3128.2,264,3
2031,2026-06-16 12:15:38+05:30,3127.7,1,3129.99,1997056,130652.0,207498.0,3163.0,3163.0,3108.0,3134.3,31929000,3447.7,2820.9,3839.9,2896.0,3127.1,35,6,3126.9,15,1,3126.8,41,2,3126.7,18,1,3126.5,83,3,3127.7,26,3,3128.0,37,2,3128.1,62,1,3128.2,264,3,3128.3,447,3
2031,2026-06-16 12:15:38+05:30,3127.7,1,3129.99,1997056,130652.0,207498.0,3163.0,3163.0,3108.0,3134.3,31929000,3447.7,2820.9,3839.9,2896.0,3127.1,35,6,3126.9,15,1,3126.8,41,2,3126.7,18,1,3126.5,83,3,3127.7,26,3,3128.0,37,2,3128.1,62,1,3128.2,264,3,3128.3,447,3
2031,2026-06-16 12:15:39+05:30,3127.7,1,3129.99,1997057,130748.0,207448.0,3163.0,3163.0,3108.0,3134.3,31929000,3447.7,2820.9,3839.9,2896.0,3127.4,18,2,3127.1,31,5,3126.9,15,1,3126.8,41,2,3126.7,18,1,3127.7,25,3,3128.0,28,1,3128.1,62,1,3128.2,256,2,3128.3,447,3
2031,2026-06-16 12:15:40+05:30,3127.7,1,3129.99,1997058,130594.0,207590.0,3163.0,3163.0,3108.0,3134.3,31929000,3447.7,2820.9,3839.9,2896.0,3127.4,18,2,3127.1,30,4,3126.9,15,1,3126.8,41,2,3126.7,18,1,3127.7,24,3,3128.0,28,1,3128.1,216,3,3128.2,264,3,3128.3,447,3
2031,2026-06-16 12:15:40+05:30,3127.7,8,3129.99,1997058,130594.0,207590.0,3163.0,3163.0,3108.0,3134.3,31929000,3447.7,2820.9,3839.9,2896.0,3127.4,18,2,3127.1,30,4,3126.9,15,1,3126.8,41,2,3126.7,18,1,3127.7,24,3,3128.0,28,1,3128.1,216,3,3128.2,264,3,3128.3,447,3
2031,2026-06-16 12:15:41+05:30,3127.7,8,3129.99,1997066,130608.0,207444.0,3163.0,3163.0,3108.0,3134.3,31929000,3447.7,2820.9,3839.9,2896.0,3127.4,18,2,3127.1,29,3,3126.9,15,1,3126.8,38,1,3126.7,31,2,3127.7,16,3,3128.0,28,1,3128.1,76,2,3128.2,264,3,3128.3,447,3
2031,2026-06-16 12:15:41+05:30,3127.7,1,3129.99,1997066,130608.0,207444.0,3163.0,3163.0,3108.0,3134.3,31929000,3447.7,2820.9,3839.9,2896.0,3127.4,18,2,3127.1,29,3,3126.9,15,1,3126.8,38,1,3126.7,31,2,3127.7,16,3,3128.0,28,1,3128.1,76,2,3128.2,264,3,3128.3,447,3
2031,2026-06-16 12:15:42+05:30,3127.9,78,3129.99,1997267,130686.0,207635.0,3163.0,3163.0,3108.0,3134.3,31929000,3447.7,2820.9,3839.9,2896.0,3127.1,29,3,3126.9,15,1,3126.5,33,2,3126.4,7,1,3126.3,93,4,3127.9,34,2,3128.0,69,4,3128.1,84,2,3128.2,278,4,3128.3,489,4
2031,2026-06-16 12:15:42+05:30,3127.9,78,3129.99,1997267,130686.0,207635.0,3163.0,3163.0,3108.0,3134.3,31929000,3447.7,2820.9,3839.9,2896.0,3127.1,29,3,3126.9,15,1,3126.5,33,2,3126.4,7,1,3126.3,93,4,3127.9,34,2,3128.0,69,4,3128.1,84,2,3128.2,278,4,3128.3,489,4
2031,2026-06-16 12:15:43+05:30,3127.7,1,3129.99,1997268,130508.0,207573.0,3163.0,3163.0,3108.0,3134.3,31929000,3447.7,2820.9,3839.9,2896.0,3127.4,2,1,3127.1,28,3,3126.9,15,1,3126.6,3,1,3126.5,83,3,3127.7,9,1,3127.9,14,1,3128.0,56,3,3128.1,84,2,3128.2,278,4
2031,2026-06-16 12:15:43+05:30,3127.7,1,3129.99,1997268,130508.0,207573.0,3163.0,3163.0,3108.0,3134.3,31929000,3447.7,2820.9,3839.9,2896.0,3127.4,2,1,3127.1,28,3,3126.9,15,1,3126.6,3,1,3126.5,83,3,3127.7,9,1,3127.9,14,1,3128.0,56,3,3128.1,84,2,3128.2,278,4
2031,2026-06-16 12:15:44+05:30,3127.4,4,3129.99,1997272,130505.0,206950.0,3163.0,3163.0,3108.0,3134.3,31929000,3447.7,2820.9,3839.9,2896.0,3127.4,2,1,3127.1,28,3,3126.9,15,1,3126.5,83,3,3126.4,7,1,3127.7,10,2,3128.0,128,2,3128.1,84,2,3128.2,264,3,3128.3,489,4
2031,2026-06-16 12:15:44+05:30,3127.4,4,3129.99,1997272,130505.0,206950.0,3163.0,3163.0,3108.0,3134.3,31929000,3447.7,2820.9,3839.9,2896.0,3127.4,2,1,3127.1,28,3,3126.9,15,1,3126.5,83,3,3126.4,7,1,3127.7,10,2,3128.0,128,2,3128.1,84,2,3128.2,264,3,3128.3,489,4
2031,2026-06-16 12:15:45+05:30,3127.4,1,3129.99,1997274,130548.0,207534.0,3163.0,3163.0,3108.0,3134.3,31929000,3447.7,2820.9,3839.9,2896.0,3127.4,18,2,3127.2,15,1,3127.1,12,2,3126.6,32,2,3126.5,72,2,3127.7,9,2,3128.0,129,3,3128.1,62,1,3128.2,264,3,3128.3,447,3
2031,2026-06-16 12:15:45+05:30,3127.4,1,3129.99,1997274,130548.0,207534.0,3163.0,3163.0,3108.0,3134.3,31929000,3447.7,2820.9,3839.9,2896.0,3127.4,18,2,3127.2,15,1,3127.1,12,2,3126.6,32,2,3126.5,72,2,3127.7,9,2,3128.0,129,3,3128.1,62,1,3128.2,264,3,3128.3,447,3
2031,2026-06-16 12:15:46+05:30,3127.2,1,3129.99,1997274,130548.0,207534.0,3163.0,3163.0,3108.0,3134.3,31929000,3447.7,2820.9,3839.9,2896.0,3127.4,18,2,3127.2,15,1,3127.1,12,2,3126.6,32,2,3126.5,72,2,3127.7,9,2,3128.0,129,3,3128.1,62,1,3128.2,264,3,3128.3,447,3
2031,2026-06-16 12:15:46+05:30,3127.2,1,3129.99,1997475,130190.0,207551.0,3163.0,3163.0,3108.0,3134.3,31929000,3447.7,2820.9,3839.9,2896.0,3127.1,12,2,3126.9,34,2,3126.8,14,1,3126.7,22,2,3126.6,35,2,3127.7,209,3,3127.8,400,2,3128.0,137,4,3128.1,262,2,3128.2,472,4
2031,2026-06-16 12:15:47+05:30,3127.1,1,3129.99,1997475,130190.0,207551.0,3163.0,3163.0,3108.0,3134.3,31929000,3447.7,2820.9,3839.9,2896.0,3127.1,12,2,3126.9,34,2,3126.8,14,1,3126.7,22,2,3126.6,35,2,3127.7,209,3,3127.8,400,2,3128.0,137,4,3128.1,262,2,3128.2,472,4
2031,2026-06-16 12:15:47+05:30,3127.1,1,3129.99,1997488,130290.0,207619.0,3163.0,3163.0,3108.0,3134.3,31929000,3447.7,2820.9,3839.9,2896.0,3127.1,15,1,3126.9,16,1,3126.7,26,2,3126.6,17,1,3126.4,27,2,3127.7,208,3,3127.8,402,3,3128.0,137,4,3128.1,361,4,3128.2,494,5
2031,2026-06-16 12:15:48+05:30,3127.1,3,3129.99,1997488,130290.0,207619.0,3163.0,3163.0,3108.0,3134.3,31929000,3447.7,2820.9,3839.9,2896.0,3127.1,15,1,3126.9,16,1,3126.7,26,2,3126.6,17,1,3126.4,27,2,3127.7,208,3,3127.8,402,3,3128.0,137,4,3128.1,361,4,3128.2,494,5
2031,2026-06-16 12:15:48+05:30,3127.1,3,3129.99,1997518,130419.0,208225.0,3163.0,3163.0,3108.0,3134.3,31929000,3447.7,2820.9,3839.9,2896.0,3127.1,12,1,3126.9,16,1,3126.7,18,1,3126.6,17,1,3126.5,14,1,3127.4,1,1,3127.7,208,3,3127.8,400,2,3128.0,137,4,3128.1,312,3
2031,2026-06-16 12:15:49+05:30,3127.1,3,3129.99,1997518,130482.0,208181.0,3163.0,3163.0,3108.0,3134.3,31929000,3447.7,2820.9,3839.9,2896.0,3127.1,12,1,3126.9,16,1,3126.7,18,1,3126.6,30,2,3126.5,64,2,3127.4,1,1,3127.7,208,3,3127.8,400,2,3128.0,137,4,3128.1,312,3
2031,2026-06-16 12:15:50+05:30,3127.1,8,3129.99,1997518,130482.0,208181.0,3163.0,3163.0,3108.0,3134.3,31929000,3447.7,2820.9,3839.9,2896.0,3127.1,12,1,3126.9,16,1,3126.7,18,1,3126.6,30,2,3126.5,64,2,3127.4,1,1,3127.7,208,3,3127.8,400,2,3128.0,137,4,3128.1,312,3
2031,2026-06-16 12:15:50+05:30,3127.1,8,3129.99,1997526,130461.0,208276.0,3163.0,3163.0,3108.0,3134.3,31929000,3447.7,2820.9,3839.9,2896.0,3127.1,4,1,3126.9,16,1,3126.7,18,1,3126.6,17,1,3126.5,64,2,3127.4,30,3,3127.7,208,3,3127.8,400,2,3128.0,137,4,3128.1,312,3
2031,2026-06-16 12:15:51+05:30,3127.1,2,3129.99,1997526,130461.0,208276.0,3163.0,3163.0,3108.0,3134.3,31929000,3447.7,2820.9,3839.9,2896.0,3127.1,4,1,3126.9,16,1,3126.7,18,1,3126.6,17,1,3126.5,64,2,3127.4,30,3,3127.7,208,3,3127.8,400,2,3128.0,137,4,3128.1,312,3
2031,2026-06-16 12:15:51+05:30,3127.1,2,3129.99,1997529,130324.0,208266.0,3163.0,3163.0,3108.0,3134.3,31929000,3447.7,2820.9,3839.9,2896.0,3127.1,4,2,3126.9,16,1,3126.5,18,1,3126.4,43,3,3126.3,25,2,3127.4,34,4,3127.7,207,2,3127.8,400,2,3128.0,137,4,3128.1,312,3
2031,2026-06-16 12:15:52+05:30,3127.4,1,3129.99,1997529,130324.0,208266.0,3163.0,3163.0,3108.0,3134.3,31929000,3447.7,2820.9,3839.9,2896.0,3127.1,4,2,3126.9,16,1,3126.5,18,1,3126.4,43,3,3126.3,25,2,3127.4,34,4,3127.7,207,2,3127.8,400,2,3128.0,137,4,3128.1,312,3
2031,2026-06-16 12:15:52+05:30,3127.4,1,3129.99,1997530,130337.0,208269.0,3163.0,3163.0,3108.0,3134.3,31929000,3447.7,2820.9,3839.9,2896.0,3127.1,4,2,3126.9,16,1,3126.5,18,1,3126.4,43,3,3126.3,88,4,3127.4,33,4,3127.7,207,2,3127.8,400,2,3128.0,137,4,3128.1,312,3
2031,2026-06-16 12:15:53+05:30,3127.1,65,3129.99,1997530,130337.0,208269.0,3163.0,3163.0,3108.0,3134.3,31929000,3447.7,2820.9,3839.9,2896.0,3127.1,4,2,3126.9,16,1,3126.5,18,1,3126.4,43,3,3126.3,88,4,3127.4,33,4,3127.7,207,2,3127.8,400,2,3128.0,137,4,3128.1,312,3
2031,2026-06-16 12:15:53+05:30,3127.1,65,3129.99,1997899,129203.0,208347.0,3163.0,3163.0,3108.0,3134.3,31929000,3447.7,2820.9,3839.9,2896.0,3126.9,15,1,3126.4,7,1,3126.3,5,1,3126.2,7,3,3126.1,326,4,3127.1,135,1,3127.4,89,6,3127.5,232,2,3127.6,470,5,3127.7,67,5
2031,2026-06-16 12:15:54+05:30,3126.9,16,3129.99,1997899,129203.0,208347.0,3163.0,3163.0,3108.0,3134.3,31929000,3447.7,2820.9,3839.9,2896.0,3126.9,15,1,3126.4,7,1,3126.3,5,1,3126.2,7,3,3126.1,326,4,3127.1,135,1,3127.4,89,6,3127.5,232,2,3127.6,470,5,3127.7,67,5
2031,2026-06-16 12:15:54+05:30,3126.9,5,3129.99,1998095,129341.0,209115.0,3163.0,3163.0,3108.0,3134.3,31929000,3447.7,2820.9,3839.9,2896.0,3126.4,7,1,3126.3,5,1,3126.2,7,3,3126.1,306,3,3126.0,1239,9,3126.9,79,1,3127.0,23,2,3127.1,252,4,3127.2,32,1,3127.3,1,1
2031,2026-06-16 12:15:55+05:30,3126.4,60,3129.99,1998095,129341.0,209115.0,3163.0,3163.0,3108.0,3134.3,31929000,3447.7,2820.9,3839.9,2896.0,3126.4,7,1,3126.3,5,1,3126.2,7,3,3126.1,306,3,3126.0,1239,9,3126.9,79,1,3127.0,23,2,3127.1,252,4,3127.2,32,1,3127.3,1,1
2031,2026-06-16 12:15:55+05:30,3126.4,60,3129.99,1998095,129341.0,209115.0,3163.0,3163.0,3108.0,3134.3,31929000,3447.7,2820.9,3839.9,2896.0,3126.4,7,1,3126.3,5,1,3126.2,7,3,3126.1,306,3,3126.0,1239,9,3126.9,79,1,3127.0,23,2,3127.1,252,4,3127.2,32,1,3127.3,1,1
2031,2026-06-16 12:15:55+05:30,3126.3,39,3129.99,1998194,128619.0,209200.0,3163.0,3163.0,3108.0,3134.3,31929000,3447.7,2820.9,3839.9,2896.0,3126.2,7,3,3126.1,306,3,3126.0,1189,8,3125.9,31,2,3125.6,3,1,3126.3,40,1,3126.4,75,1,3126.5,35,1,3126.7,32,1,3126.8,32,1
2031,2026-06-16 12:15:56+05:30,3126.1,200,3129.99,1998194,128619.0,209200.0,3163.0,3163.0,3108.0,3134.3,31929000,3447.7,2820.9,3839.9,2896.0,3126.2,7,3,3126.1,306,3,3126.0,1189,8,3125.9,31,2,3125.6,3,1,3126.3,40,1,3126.4,75,1,3126.5,35,1,3126.7,32,1,3126.8,32,1
2031,2026-06-16 12:15:56+05:30,3126.1,200,3129.99,1998519,128244.0,208891.0,3163.0,3163.0,3108.0,3134.3,31929000,3447.7,2820.9,3839.9,2896.0,3126.1,31,2,3126.0,1189,8,3125.9,31,2,3125.7,21,1,3125.6,3,1,3126.2,25,1,3126.3,82,3,3126.4,32,1,3126.6,32,1,3126.9,155,1
2031,2026-06-16 12:15:57+05:30,3126.1,200,3129.99,1998519,128244.0,208891.0,3163.0,3163.0,3108.0,3134.3,31929000,3447.7,2820.9,3839.9,2896.0,3126.1,31,2,3126.0,1189,8,3125.9,31,2,3125.7,21,1,3125.6,3,1,3126.2,25,1,3126.3,82,3,3126.4,32,1,3126.6,32,1,3126.9,155,1
2031,2026-06-16 12:15:57+05:30,3126.2,1,3129.99,1998519,128244.0,208891.0,3163.0,3163.0,3108.0,3134.3,31929000,3447.7,2820.9,3839.9,2896.0,3126.1,31,2,3126.0,1189,8,3125.9,31,2,3125.7,21,1,3125.6,3,1,3126.2,25,1,3126.3,82,3,3126.4,32,1,3126.6,32,1,3126.9,155,1
2031,2026-06-16 12:15:57+05:30,3126.2,1,3129.99,1998566,128523.0,208850.0,3163.0,3163.0,3108.0,3134.3,31929000,3447.7,2820.9,3839.9,2896.0,3126.1,39,2,3126.0,1376,9,3125.9,15,1,3125.7,97,4,3125.6,3,1,3126.2,23,1,3126.3,82,3,3126.4,32,1,3126.6,32,1,3127.0,217,4
2031,2026-06-16 12:15:58+05:30,3126.3,22,3129.99,1998566,128523.0,208850.0,3163.0,3163.0,3108.0,3134.3,31929000,3447.7,2820.9,3839.9,2896.0,3126.1,39,2,3126.0,1376,9,3125.9,15,1,3125.7,97,4,3125.6,3,1,3126.2,23,1,3126.3,82,3,3126.4,32,1,3126.6,32,1,3127.0,217,4
2031,2026-06-16 12:15:58+05:30,3126.0,16,3129.99,1998698,128503.0,208781.0,3163.0,3163.0,3108.0,3134.3,31929000,3447.7,2820.9,3839.9,2896.0,3126.0,1365,9,3125.9,15,1,3125.8,22,2,3125.7,66,3,3125.6,41,4,3126.1,23,1,3126.3,88,3,3126.4,32,1,3126.6,32,1,3127.0,217,4
2031,2026-06-16 12:15:59+05:30,3126.0,16,3129.99,1998698,128503.0,208781.0,3163.0,3163.0,3108.0,3134.3,31929000,3447.7,2820.9,3839.9,2896.0,3126.0,1365,9,3125.9,15,1,3125.8,22,2,3125.7,66,3,3125.6,41,4,3126.1,23,1,3126.3,88,3,3126.4,32,1,3126.6,32,1,3127.0,217,4
2031,2026-06-16 12:15:59+05:30,3126.0,16,3129.99,1998698,128503.0,208781.0,3163.0,3163.0,3108.0,3134.3,31929000,3447.7,2820.9,3839.9,2896.0,3126.0,1365,9,3125.9,15,1,3125.8,22,2,3125.7,66,3,3125.6,41,4,3126.1,23,1,3126.3,88,3,3126.4,32,1,3126.6,32,1,3127.0,217,4
2031,2026-06-16 12:15:59+05:30,3126.0,16,3129.99,1998698,128440.0,208956.0,3163.0,3163.0,3108.0,3134.3,31929000,3447.7,2820.9,3839.9,2896.0,3126.0,1365,9,3125.8,43,3,3125.7,26,2,3125.6,41,4,3125.5,20,2,3126.1,23,1,3126.3,93,3,3126.5,32,1,3127.0,217,4,3127.1,200,1
2031,2026-06-16 12:16:00+05:30,3126.0,23,3129.99,1998698,128440.0,208956.0,3163.0,3163.0,3108.0,3134.3,31929000,3447.7,2820.9,3839.9,2896.0,3126.0,1365,9,3125.8,43,3,3125.7,26,2,3125.6,41,4,3125.5,20,2,3126.1,23,1,3126.3,93,3,3126.5,32,1,3127.0,217,4,3127.1,200,1
2031,2026-06-16 12:16:00+05:30,3126.0,23,3129.99,1998725,128438.0,208942.0,3163.0,3163.0,3108.0,3134.3,31929000,3447.7,2820.9,3839.9,2896.0,3126.0,1364,12,3125.8,21,1,3125.7,40,3,3125.6,14,2,3125.5,20,2,3126.1,72,3,3126.3,44,3,3126.5,32,1,3127.0,217,4,3127.1,200,1
2031,2026-06-16 12:16:01+05:30,3126.0,23,3129.99,1998725,128438.0,208942.0,3163.0,3163.0,3108.0,3134.3,31929000,3447.7,2820.9,3839.9,2896.0,3126.0,1364,12,3125.8,21,1,3125.7,40,3,3125.6,14,2,3125.5,20,2,3126.1,72,3,3126.3,44,3,3126.5,32,1,3127.0,217,4,3127.1,200,1
2031,2026-06-16 12:16:01+05:30,3126.0,45,3129.99,1998725,128438.0,208942.0,3163.0,3163.0,3108.0,3134.3,31929000,3447.7,2820.9,3839.9,2896.0,3126.0,1364,12,3125.8,21,1,3125.7,40,3,3125.6,14,2,3125.5,20,2,3126.1,72,3,3126.3,44,3,3126.5,32,1,3127.0,217,4,3127.1,200,1
2031,2026-06-16 12:16:01+05:30,3126.0,45,3129.99,1998770,128461.0,208969.0,3163.0,3163.0,3108.0,3134.3,31929000,3447.7,2820.9,3839.9,2896.0,3126.0,1311,11,3125.8,39,2,3125.7,48,2,3125.6,14,2,3125.5,20,2,3126.1,73,4,3126.3,44,3,3126.5,32,1,3127.0,217,4,3127.1,200,1
2031,2026-06-16 12:16:02+05:30,3126.1,5,3129.99,1998770,128461.0,208969.0,3163.0,3163.0,3108.0,3134.3,31929000,3447.7,2820.9,3839.9,2896.0,3126.0,1311,11,3125.8,39,2,3125.7,48,2,3125.6,14,2,3125.5,20,2,3126.1,73,4,3126.3,44,3,3126.5,32,1,3127.0,217,4,3127.1,200,1
2031,2026-06-16 12:16:02+05:30,3126.1,5,3129.99,1998945,128613.0,208859.0,3163.0,3163.0,3108.0,3134.3,31929000,3447.7,2820.9,3839.9,2896.0,3126.0,1258,10,3125.8,21,1,3125.7,80,4,3125.6,14,2,3125.5,56,4,3126.3,44,3,3126.5,32,1,3127.0,217,4,3127.1,200,1,3127.2,400,2
2031,2026-06-16 12:16:03+05:30,3126.1,5,3129.99,1998945,128613.0,208859.0,3163.0,3163.0,3108.0,3134.3,31929000,3447.7,2820.9,3839.9,2896.0,3126.0,1258,10,3125.8,21,1,3125.7,80,4,3125.6,14,2,3125.5,56,4,3126.3,44,3,3126.5,32,1,3127.0,217,4,3127.1,200,1,3127.2,400,2
2031,2026-06-16 12:16:03+05:30,3126.3,1,3129.99,1998945,128613.0,208859.0,3163.0,3163.0,3108.0,3134.3,31929000,3447.7,2820.9,3839.9,2896.0,3126.0,1258,10,3125.8,21,1,3125.7,80,4,3125.6,14,2,3125.5,56,4,3126.3,44,3,3126.5,32,1,3127.0,217,4,3127.1,200,1,3127.2,400,2
2031,2026-06-16 12:16:03+05:30,3126.3,1,3129.99,1998946,128597.0,208949.0,3163.0,3163.0,3108.0,3134.3,31929000,3447.7,2820.9,3839.9,2896.0,3126.0,1250,9,3125.9,18,1,3125.8,21,1,3125.7,22,2,3125.6,14,2,3126.1,44,1,3126.3,53,3,3126.4,32,1,3126.6,32,1,3127.0,217,4
2031,2026-06-16 12:16:04+05:30,3126.3,1,3129.99,1998946,128597.0,208949.0,3163.0,3163.0,3108.0,3134.3,31929000,3447.7,2820.9,3839.9,2896.0,3126.0,1250,9,3125.9,18,1,3125.8,21,1,3125.7,22,2,3125.6,14,2,3126.1,44,1,3126.3,53,3,3126.4,32,1,3126.6,32,1,3127.0,217,4
2031,2026-06-16 12:16:04+05:30,3126.2,1,3129.99,1998947,128670.0,208929.0,3163.0,3163.0,3108.0,3134.3,31929000,3447.7,2820.9,3839.9,2896.0,3126.0,1275,11,3125.8,21,1,3125.7,82,4,3125.6,14,2,3125.5,56,4,3126.1,28,1,3126.3,85,4,3126.5,32,1,3127.0,217,4,3127.1,200,1
2031,2026-06-16 12:16:05+05:30,3126.0,10,3129.99,1998947,128670.0,208929.0,3163.0,3163.0,3108.0,3134.3,31929000,3447.7,2820.9,3839.9,2896.0,3126.0,1275,11,3125.8,21,1,3125.7,82,4,3125.6,14,2,3125.5,56,4,3126.1,28,1,3126.3,85,4,3126.5,32,1,3127.0,217,4,3127.1,200,1
2031,2026-06-16 12:16:05+05:30,3126.0,10,3129.99,1998991,128606.0,206977.0,3163.0,3163.0,3108.0,3134.3,31929000,3447.7,2820.9,3839.9,2896.0,3126.0,1231,7,3125.7,61,4,3125.6,64,3,3125.5,41,3,3125.4,100,4,3126.1,62,2,3126.3,85,4,3126.5,32,1,3126.8,150,1,3126.9,200,1
2031,2026-06-16 12:16:06+05:30,3126.0,10,3129.99,1998991,128606.0,206977.0,3163.0,3163.0,3108.0,3134.3,31929000,3447.7,2820.9,3839.9,2896.0,3126.0,1231,7,3125.7,61,4,3125.6,64,3,3125.5,41,3,3125.4,100,4,3126.1,62,2,3126.3,85,4,3126.5,32,1,3126.8,150,1,3126.9,200,1
2031,2026-06-16 12:16:06+05:30,3126.0,60,3129.99,1998991,128606.0,206977.0,3163.0,3163.0,3108.0,3134.3,31929000,3447.7,2820.9,3839.9,2896.0,3126.0,1231,7,3125.7,61,4,3125.6,64,3,3125.5,41,3,3125.4,100,4,3126.1,62,2,3126.3,85,4,3126.5,32,1,3126.8,150,1,3126.9,200,1
2031,2026-06-16 12:16:06+05:30,3126.0,45,3129.99,1999341,127731.0,209009.0,3163.0,3163.0,3108.0,3134.3,31929000,3447.7,2820.9,3839.9,2896.0,3126.0,873,6,3125.6,3,1,3125.5,20,2,3125.4,39,2,3125.3,26,2,3126.1,62,2,3126.3,85,4,3126.5,32,1,3126.8,150,1,3126.9,200,1
2031,2026-06-16 12:16:06+05:30,3126.0,45,3129.99,1999341,127731.0,209009.0,3163.0,3163.0,3108.0,3134.3,31929000,3447.7,2820.9,3839.9,2896.0,3126.0,873,6,3125.6,3,1,3125.5,20,2,3125.4,39,2,3125.3,26,2,3126.1,62,2,3126.3,85,4,3126.5,32,1,3126.8,150,1,3126.9,200,1
2031,2026-06-16 12:16:07+05:30,3126.0,45,3129.99,1999341,127731.0,209009.0,3163.0,3163.0,3108.0,3134.3,31929000,3447.7,2820.9,3839.9,2896.0,3126.0,873,6,3125.6,3,1,3125.5,20,2,3125.4,39,2,3125.3,26,2,3126.1,62,2,3126.3,85,4,3126.5,32,1,3126.8,150,1,3126.9,200,1
2031,2026-06-16 12:16:07+05:30,3126.0,45,3129.99,1999341,127731.0,209009.0,3163.0,3163.0,3108.0,3134.3,31929000,3447.7,2820.9,3839.9,2896.0,3126.0,873,6,3125.6,3,1,3125.5,20,2,3125.4,39,2,3125.3,26,2,3126.1,62,2,3126.3,85,4,3126.5,32,1,3126.8,150,1,3126.9,200,1
2031,2026-06-16 12:16:07+05:30,3126.0,45,3129.99,1999386,127752.0,209027.0,3163.0,3163.0,3108.0,3134.3,31929000,3447.7,2820.9,3839.9,2896.0,3126.0,828,6,3125.6,3,1,3125.5,20,2,3125.4,39,2,3125.3,41,3,3126.1,62,2,3126.3,85,4,3126.5,32,1,3126.8,150,1,3126.9,200,1
2031,2026-06-16 12:16:07+05:30,3126.0,45,3129.99,1999386,127752.0,209027.0,3163.0,3163.0,3108.0,3134.3,31929000,3447.7,2820.9,3839.9,2896.0,3126.0,828,6,3125.6,3,1,3125.5,20,2,3125.4,39,2,3125.3,41,3,3126.1,62,2,3126.3,85,4,3126.5,32,1,3126.8,150,1,3126.9,200,1
2031,2026-06-16 12:16:08+05:30,3126.2,1,3129.99,1999386,127752.0,209027.0,3163.0,3163.0,3108.0,3134.3,31929000,3447.7,2820.9,3839.9,2896.0,3126.0,828,6,3125.6,3,1,3125.5,20,2,3125.4,39,2,3125.3,41,3,3126.1,62,2,3126.3,85,4,3126.5,32,1,3126.8,150,1,3126.9,200,1
2031,2026-06-16 12:16:08+05:30,3126.2,1,3129.99,1999386,127752.0,209027.0,3163.0,3163.0,3108.0,3134.3,31929000,3447.7,2820.9,3839.9,2896.0,3126.0,828,6,3125.6,3,1,3125.5,20,2,3125.4,39,2,3125.3,41,3,3126.1,62,2,3126.3,85,4,3126.5,32,1,3126.8,150,1,3126.9,200,1
2031,2026-06-16 12:16:08+05:30,3126.2,1,3129.99,1999452,128243.0,208809.0,3163.0,3163.0,3108.0,3134.3,31929000,3447.7,2820.9,3839.9,2896.0,3126.1,1,1,3126.0,866,8,3125.9,14,1,3125.8,26,2,3125.7,30,2,3126.3,44,2,3126.9,200,1,3127.0,464,4,3127.2,21,1,3127.3,250,3
2031,2026-06-16 12:16:09+05:30,3126.2,1,3129.99,1999452,128243.0,208809.0,3163.0,3163.0,3108.0,3134.3,31929000,3447.7,2820.9,3839.9,2896.0,3126.1,1,1,3126.0,866,8,3125.9,14,1,3125.8,26,2,3125.7,30,2,3126.3,44,2,3126.9,200,1,3127.0,464,4,3127.2,21,1,3127.3,250,3
2031,2026-06-16 12:16:09+05:30,3126.2,1,3129.99,1999452,128448.0,208755.0,3163.0,3163.0,3108.0,3134.3,31929000,3447.7,2820.9,3839.9,2896.0,3126.1,73,5,3126.0,833,6,3125.9,6,1,3125.8,44,3,3125.7,30,2,3126.3,44,2,3126.9,200,1,3127.0,464,4,3127.3,250,3,3127.4,487,5
2031,2026-06-16 12:16:10+05:30,3126.2,1,3129.99,1999452,128448.0,208755.0,3163.0,3163.0,3108.0,3134.3,31929000,3447.7,2820.9,3839.9,2896.0,3126.1,73,5,3126.0,833,6,3125.9,6,1,3125.8,44,3,3125.7,30,2,3126.3,44,2,3126.9,200,1,3127.0,464,4,3127.3,250,3,3127.4,487,5
2031,2026-06-16 12:16:10+05:30,3126.3,2,3129.99,1999452,128448.0,208755.0,3163.0,3163.0,3108.0,3134.3,31929000,3447.7,2820.9,3839.9,2896.0,3126.1,73,5,3126.0,833,6,3125.9,6,1,3125.8,44,3,3125.7,30,2,3126.3,44,2,3126.9,200,1,3127.0,464,4,3127.3,250,3,3127.4,487,5
2031,2026-06-16 12:16:10+05:30,3126.2,6,3129.99,1999511,129405.0,208649.0,3163.0,3163.0,3108.0,3134.3,31929000,3447.7,2820.9,3839.9,2896.0,3126.4,1,1,3126.2,26,1,3126.1,97,5,3126.0,864,6,3125.9,20,2,3126.9,200,1,3127.0,461,3,3127.3,253,4,3127.4,466,4,3127.5,682,9
2031,2026-06-16 12:16:11+05:30,3126.2,6,3129.99,1999511,129405.0,208649.0,3163.0,3163.0,3108.0,3134.3,31929000,3447.7,2820.9,3839.9,2896.0,3126.4,1,1,3126.2,26,1,3126.1,97,5,3126.0,864,6,3125.9,20,2,3126.9,200,1,3127.0,461,3,3127.3,253,4,3127.4,466,4,3127.5,682,9
2031,2026-06-16 12:16:11+05:30,3126.4,1,3129.99,1999511,129405.0,208649.0,3163.0,3163.0,3108.0,3134.3,31929000,3447.7,2820.9,3839.9,2896.0,3126.4,1,1,3126.2,26,1,3126.1,97,5,3126.0,864,6,3125.9,20,2,3126.9,200,1,3127.0,461,3,3127.3,253,4,3127.4,466,4,3127.5,682,9
2031,2026-06-16 12:16:11+05:30,3126.4,1,3129.99,1999511,129405.0,208649.0,3163.0,3163.0,3108.0,3134.3,31929000,3447.7,2820.9,3839.9,2896.0,3126.4,1,1,3126.2,26,1,3126.1,97,5,3126.0,864,6,3125.9,20,2,3126.9,200,1,3127.0,461,3,3127.3,253,4,3127.4,466,4,3127.5,682,9
2031,2026-06-16 12:16:11+05:30,3126.4,1,3129.99,1999512,129629.0,209140.0,3163.0,3163.0,3108.0,3134.3,31929000,3447.7,2820.9,3839.9,2896.0,3126.7,39,1,3126.5,32,1,3126.4,76,3,3126.3,19,1,3126.2,58,2,3126.9,252,2,3127.0,461,3,3127.3,204,3,3127.4,466,4,3127.5,674,8
2031,2026-06-16 12:16:12+05:30,3126.4,1,3129.99,1999512,129629.0,209140.0,3163.0,3163.0,3108.0,3134.3,31929000,3447.7,2820.9,3839.9,2896.0,3126.7,39,1,3126.5,32,1,3126.4,76,3,3126.3,19,1,3126.2,58,2,3126.9,252,2,3127.0,461,3,3127.3,204,3,3127.4,466,4,3127.5,674,8
2031,2026-06-16 12:16:12+05:30,3126.4,1,3129.99,1999512,129581.0,209169.0,3163.0,3163.0,3108.0,3134.3,31929000,3447.7,2820.9,3839.9,2896.0,3126.7,32,1,3126.6,32,1,3126.4,91,4,3126.2,26,1,3126.1,39,2,3126.9,291,3,3127.0,461,3,3127.3,204,3,3127.4,466,4,3127.5,674,8
2031,2026-06-16 12:16:13+05:30,3126.4,1,3129.99,1999512,129581.0,209169.0,3163.0,3163.0,3108.0,3134.3,31929000,3447.7,2820.9,3839.9,2896.0,3126.7,32,1,3126.6,32,1,3126.4,91,4,3126.2,26,1,3126.1,39,2,3126.9,291,3,3127.0,461,3,3127.3,204,3,3127.4,466,4,3127.5,674,8
2031,2026-06-16 12:16:13+05:30,3126.7,43,3129.99,1999512,129581.0,209169.0,3163.0,3163.0,3108.0,3134.3,31929000,3447.7,2820.9,3839.9,2896.0,3126.7,32,1,3126.6,32,1,3126.4,91,4,3126.2,26,1,3126.1,39,2,3126.9,291,3,3127.0,461,3,3127.3,204,3,3127.4,466,4,3127.5,674,8
2031,2026-06-16 12:16:13+05:30,3126.6,13,3129.99,1999640,129403.0,208898.0,3163.0,3163.0,3108.0,3134.3,31929000,3447.7,2820.9,3839.9,2896.0,3126.6,37,2,3126.4,76,3,3126.2,26,1,3126.1,1,1,3126.0,679,6,3126.7,125,1,3126.9,91,2,3127.0,161,2,3127.3,1,1,3127.5,37,3
2031,2026-06-16 12:16:14+05:30,3126.6,13,3129.99,1999640,129403.0,208898.0,3163.0,3163.0,3108.0,3134.3,31930200,3447.7,2820.9,3839.9,2896.0,3126.6,37,2,3126.4,76,3,3126.2,26,1,3126.1,1,1,3126.0,679,6,3126.7,125,1,3126.9,91,2,3127.0,161,2,3127.3,1,1,3127.5,37,3
2031,2026-06-16 12:16:14+05:30,3126.7,87,3129.99,1999640,129403.0,208898.0,3163.0,3163.0,3108.0,3134.3,31930200,3447.7,2820.9,3839.9,2896.0,3126.6,37,2,3126.4,76,3,3126.2,26,1,3126.1,1,1,3126.0,679,6,3126.7,125,1,3126.9,91,2,3127.0,161,2,3127.3,1,1,3127.5,37,3
2031,2026-06-16 12:16:14+05:30,3126.7,5,3129.99,1999875,129195.0,207935.0,3163.0,3163.0,3108.0,3134.3,31930200,3447.7,2820.9,3839.9,2896.0,3126.7,23,1,3126.6,18,2,3126.5,32,1,3126.4,44,2,3126.2,91,4,3126.9,39,1,3127.0,161,2,3127.5,37,3,3127.7,351,4,3127.8,452,4
2031,2026-06-16 12:16:15+05:30,3126.7,5,3129.99,1999875,129195.0,207935.0,3163.0,3163.0,3108.0,3134.3,31930200,3447.7,2820.9,3839.9,2896.0,3126.7,23,1,3126.6,18,2,3126.5,32,1,3126.4,44,2,3126.2,91,4,3126.9,39,1,3127.0,161,2,3127.5,37,3,3127.7,351,4,3127.8,452,4
2031,2026-06-16 12:16:15+05:30,3126.9,23,3129.99,1999898,129553.0,208455.0,3163.0,3163.0,3108.0,3134.3,31930200,3447.7,2820.9,3839.9,2896.0,3126.8,2,2,3126.7,33,2,3126.6,18,2,3126.4,92,4,3126.3,19,1,3126.9,16,1,3127.0,161,2,3127.5,31,2,3127.7,351,4,3127.8,502,5
2031,2026-06-16 12:16:16+05:30,3126.9,23,3129.99,1999898,129553.0,208455.0,3163.0,3163.0,3108.0,3134.3,31930200,3447.7,2820.9,3839.9,2896.0,3126.8,2,2,3126.7,33,2,3126.6,18,2,3126.4,92,4,3126.3,19,1,3126.9,16,1,3127.0,161,2,3127.5,31,2,3127.7,351,4,3127.8,502,5
2031,2026-06-16 12:16:16+05:30,3126.9,45,3129.99,1999943,129544.0,208504.0,3163.0,3163.0,3108.0,3134.3,31930200,3447.7,2820.9,3839.9,2896.0,3126.8,2,2,3126.7,37,3,3126.6,34,3,3126.5,19,1,3126.4,76,3,3126.9,39,1,3127.0,161,2,3127.5,31,2,3127.7,195,3,3127.8,502,5
2031,2026-06-16 12:16:17+05:30,3126.7,16,3129.99,1999943,129544.0,208504.0,3163.0,3163.0,3108.0,3134.3,31930200,3447.7,2820.9,3839.9,2896.0,3126.8,2,2,3126.7,37,3,3126.6,34,3,3126.5,19,1,3126.4,76,3,3126.9,39,1,3127.0,161,2,3127.5,31,2,3127.7,195,3,3127.8,502,5
2031,2026-06-16 12:16:17+05:30,3126.7,16,3129.98,2000072,129477.0,208586.0,3163.0,3163.0,3108.0,3134.3,31930200,3447.7,2820.9,3839.9,2896.0,3126.6,34,3,3126.4,44,2,3126.2,77,3,3126.1,50,2,3126.0,660,4,3126.7,72,1,3126.9,63,2,3127.0,185,4,3127.4,133,1,3127.5,217,6
2031,2026-06-16 12:16:18+05:30,3126.7,16,3129.98,2000072,129477.0,208586.0,3163.0,3163.0,3108.0,3134.3,31930200,3447.7,2820.9,3839.9,2896.0,3126.6,34,3,3126.4,44,2,3126.2,77,3,3126.1,50,2,3126.0,660,4,3126.7,72,1,3126.9,63,2,3127.0,185,4,3127.4,133,1,3127.5,217,6
2031,2026-06-16 12:16:19+05:30,3126.7,27,3129.98,2000144,129689.0,207895.0,3163.0,3163.0,3108.0,3134.3,31930200,3447.7,2820.9,3839.9,2896.0,3126.8,1,1,3126.7,18,1,3126.6,69,4,3126.5,46,2,3126.4,63,3,3126.9,63,2,3127.0,185,4,3127.5,197,4,3127.6,450,3,3127.7,7,1
2031,2026-06-16 12:16:19+05:30,3126.9,7,3129.98,2000144,129689.0,207895.0,3163.0,3163.0,3108.0,3134.3,31930200,3447.7,2820.9,3839.9,2896.0,3126.8,1,1,3126.7,18,1,3126.6,69,4,3126.5,46,2,3126.4,63,3,3126.9,63,2,3127.0,185,4,3127.5,197,4,3127.6,450,3,3127.7,7,1
2031,2026-06-16 12:16:20+05:30,3126.7,9,3129.98,2000200,129553.0,208463.0,3163.0,3163.0,3108.0,3134.3,31930200,3447.7,2820.9,3839.9,2896.0,3126.7,41,2,3126.6,68,3,3126.5,21,2,3126.4,103,5,3126.3,7,1,3126.9,72,4,3127.0,181,3,3127.5,44,4,3127.6,134,1,3127.7,167,2
2031,2026-06-16 12:16:20+05:30,3126.9,2,3129.98,2000200,129553.0,208463.0,3163.0,3163.0,3108.0,3134.3,31930200,3447.7,2820.9,3839.9,2896.0,3126.7,41,2,3126.6,68,3,3126.5,21,2,3126.4,103,5,3126.3,7,1,3126.9,72,4,3127.0,181,3,3127.5,44,4,3127.6,134,1,3127.7,167,2
2031,2026-06-16 12:16:21+05:30,3126.9,2,3129.98,2000284,129837.0,208535.0,3163.0,3163.0,3108.0,3134.3,31930200,3447.7,2820.9,3839.9,2896.0,3126.9,45,1,3126.7,108,5,3126.6,76,3,3126.4,119,6,3126.3,93,4,3127.0,181,3,3127.5,31,2,3127.6,129,1,3127.7,167,2,3127.8,400,2
2031,2026-06-16 12:16:22+05:30,3127.0,11,3129.98,2000295,129683.0,208598.0,3163.0,3163.0,3108.0,3134.3,31930200,3447.7,2820.9,3839.9,2896.0,3126.8,32,1,3126.7,57,2,3126.6,76,3,3126.5,40,2,3126.4,71,3,3127.0,170,3,3127.5,31,2,3127.6,143,1,3127.7,167,2,3127.8,400,2
2031,2026-06-16 12:16:22+05:30,3127.0,45,3129.98,2000295,129683.0,208598.0,3163.0,3163.0,3108.0,3134.3,31930200,3447.7,2820.9,3839.9,2896.0,3126.8,32,1,3126.7,57,2,3126.6,76,3,3126.5,40,2,3126.4,71,3,3127.0,170,3,3127.5,31,2,3127.6,143,1,3127.7,167,2,3127.8,400,2
2031,2026-06-16 12:16:23+05:30,3127.0,40,3129.98,2000385,129738.0,208609.0,3163.0,3163.0,3108.0,3134.3,31930200,3447.7,2820.9,3839.9,2896.0,3126.8,70,2,3126.7,57,2,3126.6,76,3,3126.5,40,2,3126.4,71,3,3127.0,140,3,3127.5,31,2,3127.6,143,1,3127.7,167,2,3127.8,400,2
2031,2026-06-16 12:16:23+05:30,3127.0,6,3129.98,2000385,129738.0,208609.0,3163.0,3163.0,3108.0,3134.3,31930200,3447.7,2820.9,3839.9,2896.0,3126.8,70,2,3126.7,57,2,3126.6,76,3,3126.5,40,2,3126.4,71,3,3127.0,140,3,3127.5,31,2,3127.6,143,1,3127.7,167,2,3127.8,400,2
2031,2026-06-16 12:16:24+05:30,3127.0,45,3129.98,2000578,129836.0,208393.0,3163.0,3163.0,3108.0,3134.3,31930200,3447.7,2820.9,3839.9,2896.0,3126.8,70,2,3126.7,57,2,3126.6,60,2,3126.5,40,2,3126.4,85,4,3127.0,153,1,3127.5,17,1,3127.7,167,2,3127.8,400,2,3128.0,50,3
2031,2026-06-16 12:16:24+05:30,3127.0,86,3129.98,2000578,129836.0,208393.0,3163.0,3163.0,3108.0,3134.3,31930200,3447.7,2820.9,3839.9,2896.0,3126.8,70,2,3126.7,57,2,3126.6,60,2,3126.5,40,2,3126.4,85,4,3127.0,153,1,3127.5,17,1,3127.7,167,2,3127.8,400,2,3128.0,50,3
2031,2026-06-16 12:16:25+05:30,3127.0,45,3129.98,2000709,129860.0,208400.0,3163.0,3163.0,3108.0,3134.3,31930200,3447.7,2820.9,3839.9,2896.0,3126.8,70,2,3126.7,57,2,3126.6,77,3,3126.5,40,2,3126.4,106,5,3127.0,22,1,3127.5,17,1,3127.6,135,1,3127.7,167,2,3127.8,400,2
2031,2026-06-16 12:16:25+05:30,3127.0,45,3129.98,2000709,129860.0,208400.0,3163.0,3163.0,3108.0,3134.3,31930200,3447.7,2820.9,3839.9,2896.0,3126.8,70,2,3126.7,57,2,3126.6,77,3,3126.5,40,2,3126.4,106,5,3127.0,22,1,3127.5,17,1,3127.6,135,1,3127.7,167,2,3127.8,400,2
2031,2026-06-16 12:16:26+05:30,3127.0,23,3129.98,2000754,129729.0,208432.0,3163.0,3163.0,3108.0,3134.3,31930200,3447.7,2820.9,3839.9,2896.0,3126.8,38,1,3126.7,38,1,3126.6,60,2,3126.4,42,1,3126.3,57,2,3127.0,27,1,3127.5,21,2,3127.6,150,2,3127.7,167,2,3127.8,415,3
2031,2026-06-16 12:16:26+05:30,3127.0,23,3129.98,2000754,129729.0,208432.0,3163.0,3163.0,3108.0,3134.3,31930200,3447.7,2820.9,3839.9,2896.0,3126.8,38,1,3126.7,38,1,3126.6,60,2,3126.4,42,1,3126.3,57,2,3127.0,27,1,3127.5,21,2,3127.6,150,2,3127.7,167,2,3127.8,415,3
2031,2026-06-16 12:16:27+05:30,3127.0,23,3129.98,2000754,129734.0,208640.0,3163.0,3163.0,3108.0,3134.3,31930200,3447.7,2820.9,3839.9,2896.0,3126.8,38,1,3126.7,38,1,3126.6,60,2,3126.4,42,1,3126.3,57,2,3127.0,27,1,3127.5,21,2,3127.6,150,2,3127.7,167,2,3127.8,415,3
2031,2026-06-16 12:16:27+05:30,3127.0,30,3129.98,2000754,129734.0,208640.0,3163.0,3163.0,3108.0,3134.3,31930200,3447.7,2820.9,3839.9,2896.0,3126.8,38,1,3126.7,38,1,3126.6,60,2,3126.4,42,1,3126.3,57,2,3127.0,27,1,3127.5,21,2,3127.6,150,2,3127.7,167,2,3127.8,415,3
2031,2026-06-16 12:16:28+05:30,3127.0,30,3129.98,2000784,129682.0,208704.0,3163.0,3163.0,3108.0,3134.3,31930200,3447.7,2820.9,3839.9,2896.0,3126.8,38,1,3126.7,38,1,3126.6,60,2,3126.4,42,1,3126.3,50,1,3127.0,48,2,3127.5,39,4,3127.6,150,2,3127.7,167,2,3127.8,437,4
2031,2026-06-16 12:16:29+05:30,3127.0,30,3129.98,2000784,129632.0,208653.0,3163.0,3163.0,3108.0,3134.3,31930200,3447.7,2820.9,3839.9,2896.0,3126.8,38,1,3126.7,38,1,3126.6,60,2,3126.4,42,1,3126.2,12,1,3127.0,48,2,3127.5,39,4,3127.6,150,2,3127.7,271,5,3127.8,415,3
2031,2026-06-16 12:16:29+05:30,3127.0,5,3129.98,2000784,129632.0,208653.0,3163.0,3163.0,3108.0,3134.3,31930200,3447.7,2820.9,3839.9,2896.0,3126.8,38,1,3126.7,38,1,3126.6,60,2,3126.4,42,1,3126.2,12,1,3127.0,48,2,3127.5,39,4,3127.6,150,2,3127.7,271,5,3127.8,415,3
2031,2026-06-16 12:16:29+05:30,3127.0,5,3129.98,2000837,130016.0,208541.0,3163.0,3163.0,3108.0,3134.3,31930200,3447.7,2820.9,3839.9,2896.0,3127.1,1,1,3126.8,38,1,3126.7,38,1,3126.6,60,2,3126.4,42,1,3127.5,28,3,3127.6,15,1,3127.7,239,4,3127.8,415,3,3127.9,98,3
2031,2026-06-16 12:16:30+05:30,3127.3,1,3129.98,2000837,130016.0,208541.0,3163.0,3163.0,3108.0,3134.3,31930200,3447.7,2820.9,3839.9,2896.0,3127.1,1,1,3126.8,38,1,3126.7,38,1,3126.6,60,2,3126.4,42,1,3127.5,28,3,3127.6,15,1,3127.7,239,4,3127.8,415,3,3127.9,98,3
2031,2026-06-16 12:16:30+05:30,3127.3,1,3129.98,2001175,129385.0,207911.0,3163.0,3163.0,3108.0,3134.3,31930200,3447.7,2820.9,3839.9,2896.0,3126.6,43,1,3126.1,23,2,3126.0,641,3,3125.9,55,3,3125.8,68,2,3127.5,97,8,3127.6,22,1,3127.7,362,4,3127.8,494,7,3127.9,67,2
2031,2026-06-16 12:16:32+05:30,3127.3,9,3129.98,2001186,129252.0,207633.0,3163.0,3163.0,3108.0,3134.3,31930200,3447.7,2820.9,3839.9,2896.0,3126.6,43,1,3126.1,23,2,3126.0,641,3,3125.9,21,1,3125.8,87,3,3127.5,193,12,3127.6,200,1,3127.7,374,5,3127.8,144,5,3127.9,67,2
2031,2026-06-16 12:16:32+05:30,3127.3,9,3129.98,2001186,129252.0,207633.0,3163.0,3163.0,3108.0,3134.3,31930200,3447.7,2820.9,3839.9,2896.0,3126.6,43,1,3126.1,23,2,3126.0,641,3,3125.9,21,1,3125.8,87,3,3127.5,193,12,3127.6,200,1,3127.7,374,5,3127.8,144,5,3127.9,67,2
2031,2026-06-16 12:16:32+05:30,3127.3,9,3129.98,2001186,129272.0,207597.0,3163.0,3163.0,3108.0,3134.3,31930200,3447.7,2820.9,3839.9,2896.0,3126.6,43,1,3126.1,23,2,3126.0,641,3,3125.9,21,1,3125.8,87,3,3127.5,193,12,3127.6,200,1,3127.7,374,5,3127.8,144,5,3127.9,67,2
2031,2026-06-16 12:16:33+05:30,3127.3,9,3129.98,2001186,129282.0,207574.0,3163.0,3163.0,3108.0,3134.3,31930200,3447.7,2820.9,3839.9,2896.0,3126.6,57,2,3126.1,23,2,3126.0,641,3,3125.9,21,1,3125.8,87,3,3127.5,171,11,3127.6,200,1,3127.7,374,5,3127.8,144,5,3127.9,67,2
2031,2026-06-16 12:16:34+05:30,3127.3,1,3129.98,2001186,129282.0,207574.0,3163.0,3163.0,3108.0,3134.3,31930200,3447.7,2820.9,3839.9,2896.0,3126.6,57,2,3126.1,23,2,3126.0,641,3,3125.9,21,1,3125.8,87,3,3127.5,171,11,3127.6,200,1,3127.7,374,5,3127.8,144,5,3127.9,67,2
2031,2026-06-16 12:16:34+05:30,3127.5,1,3129.98,2001191,129303.0,205689.0,3163.0,3163.0,3108.0,3134.3,31930200,3447.7,2820.9,3839.9,2896.0,3126.6,54,2,3126.1,23,2,3126.0,660,4,3125.9,21,1,3125.8,117,5,3127.5,170,11,3127.6,200,1,3127.7,396,6,3127.8,73,3,3127.9,67,2
2031,2026-06-16 12:16:35+05:30,3127.5,1,3129.98,2001191,129303.0,205689.0,3163.0,3163.0,3108.0,3134.3,31930200,3447.7,2820.9,3839.9,2896.0,3126.6,54,2,3126.1,23,2,3126.0,660,4,3125.9,21,1,3125.8,117,5,3127.5,170,11,3127.6,200,1,3127.7,396,6,3127.8,73,3,3127.9,67,2
2031,2026-06-16 12:16:35+05:30,3127.5,1,3129.98,2001191,129287.0,205744.0,3163.0,3163.0,3108.0,3134.3,31930200,3447.7,2820.9,3839.9,2896.0,3126.6,54,2,3126.1,23,2,3126.0,660,4,3125.9,21,1,3125.8,101,4,3127.5,170,11,3127.6,250,2,3127.7,396,6,3127.8,122,4,3127.9,67,2
2031,2026-06-16 12:16:36+05:30,3127.5,1,3129.98,2001192,129308.0,205744.0,3163.0,3163.0,3108.0,3134.3,31930200,3447.7,2820.9,3839.9,2896.0,3126.6,54,2,3126.1,23,2,3126.0,660,4,3125.9,21,1,3125.8,101,4,3127.5,169,11,3127.6,250,2,3127.7,396,6,3127.8,122,4,3127.9,67,2
2031,2026-06-16 12:16:37+05:30,3128.0,13,3129.98,2001192,129308.0,205744.0,3163.0,3163.0,3108.0,3134.3,31930200,3447.7,2820.9,3839.9,2896.0,3126.6,54,2,3126.1,23,2,3126.0,660,4,3125.9,21,1,3125.8,101,4,3127.5,169,11,3127.6,250,2,3127.7,396,6,3127.8,122,4,3127.9,67,2
2031,2026-06-16 12:16:37+05:30,3126.6,10,3129.98,2002497,130130.0,203679.0,3163.0,3163.0,3108.0,3134.3,31930200,3447.7,2820.9,3839.9,2896.0,3126.6,52,3,3126.5,113,4,3126.4,62,3,3126.3,290,6,3126.2,106,5,3127.5,3,1,3127.8,348,2,3128.0,29,1,3128.1,167,1,3128.2,486,5
2031,2026-06-16 12:16:38+05:30,3126.6,52,3129.98,2002497,130130.0,203679.0,3163.0,3163.0,3108.0,3134.3,31930200,3447.7,2820.9,3839.9,2896.0,3126.6,52,3,3126.5,113,4,3126.4,62,3,3126.3,290,6,3126.2,106,5,3127.5,3,1,3127.8,348,2,3128.0,29,1,3128.1,167,1,3128.2,486,5
2031,2026-06-16 12:16:38+05:30,3126.6,52,3129.98,2002606,130286.0,207088.0,3163.0,3163.0,3108.0,3134.3,31930200,3447.7,2820.9,3839.9,2896.0,3126.6,65,3,3126.5,129,3,3126.4,41,2,3126.3,184,5,3126.2,117,5,3127.5,3,1,3127.8,548,3,3128.0,128,3,3128.1,184,2,3128.2,486,5
2031,2026-06-16 12:16:39+05:30,3127.5,1,3129.98,2002607,130354.0,207035.0,3163.0,3163.0,3108.0,3134.3,31930200,3447.7,2820.9,3839.9,2896.0,3126.6,81,4,3126.5,167,5,3126.4,41,2,3126.3,212,5,3126.2,115,4,3127.5,2,1,3127.8,548,3,3128.0,79,2,3128.1,167,1,3128.2,486,5
2031,2026-06-16 12:16:40+05:30,3127.5,1,3129.98,2002607,130354.0,207035.0,3163.0,3163.0,3108.0,3134.3,31930200,3447.7,2820.9,3839.9,2896.0,3126.6,81,4,3126.5,167,5,3126.4,41,2,3126.3,212,5,3126.2,115,4,3127.5,2,1,3127.8,548,3,3128.0,79,2,3128.1,167,1,3128.2,486,5
2031,2026-06-16 12:16:41+05:30,3127.5,1,3129.98,2002607,130355.0,207088.0,3163.0,3163.0,3108.0,3134.3,31930200,3447.7,2820.9,3839.9,2896.0,3126.6,81,4,3126.5,167,5,3126.4,41,2,3126.3,187,4,3126.2,115,4,3127.5,2,1,3127.8,548,3,3128.0,79,2,3128.1,167,1,3128.2,486,5
2031,2026-06-16 12:16:42+05:30,3127.5,1,3129.98,2002607,130514.0,206957.0,3163.0,3163.0,3108.0,3134.3,31930200,3447.7,2820.9,3839.9,2896.0,3126.9,15,1,3126.6,51,2,3126.5,167,5,3126.4,41,2,3126.3,187,4,3127.5,2,1,3127.8,548,3,3128.0,29,1,3128.1,167,1,3128.2,535,6
2031,2026-06-16 12:16:43+05:30,3127.5,1,3129.98,2002608,130704.0,206830.0,3163.0,3163.0,3108.0,3134.3,31930200,3447.7,2820.9,3839.9,2896.0,3127.0,15,1,3126.9,57,2,3126.6,66,3,3126.5,117,4,3126.4,41,2,3127.5,1,1,3127.8,400,2,3128.0,79,2,3128.1,216,2,3128.2,486,5
2031,2026-06-16 12:16:43+05:30,3127.5,1,3129.98,2002608,130704.0,206830.0,3163.0,3163.0,3108.0,3134.3,31930200,3447.7,2820.9,3839.9,2896.0,3127.0,15,1,3126.9,57,2,3126.6,66,3,3126.5,117,4,3126.4,41,2,3127.5,1,1,3127.8,400,2,3128.0,79,2,3128.1,216,2,3128.2,486,5
2031,2026-06-16 12:16:44+05:30,3127.5,1,3129.98,2002608,130784.0,206834.0,3163.0,3163.0,3108.0,3134.3,31930200,3447.7,2820.9,3839.9,2896.0,3127.0,15,1,3126.9,57,2,3126.6,66,3,3126.5,117,4,3126.4,41,2,3127.5,2,2,3127.8,400,2,3128.0,79,2,3128.1,216,2,3128.2,486,5
2031,2026-06-16 12:16:45+05:30,3127.5,1,3129.98,2002609,130846.0,206756.0,3163.0,3163.0,3108.0,3134.3,31930200,3447.7,2820.9,3839.9,2896.0,3127.3,15,1,3127.0,40,2,3126.9,38,1,3126.6,66,3,3126.5,96,3,3127.5,4,3,3127.8,402,3,3128.0,71,2,3128.1,169,2,3128.2,503,6
2031,2026-06-16 12:16:45+05:30,3127.5,1,3129.98,2002609,130846.0,206756.0,3163.0,3163.0,3108.0,3134.3,31930200,3447.7,2820.9,3839.9,2896.0,3127.3,15,1,3127.0,40,2,3126.9,38,1,3126.6,66,3,3126.5,96,3,3127.5,4,3,3127.8,402,3,3128.0,71,2,3128.1,169,2,3128.2,503,6
2031,2026-06-16 12:16:46+05:30,3127.5,56,3129.98,2002718,130282.0,206490.0,3163.0,3163.0,3108.0,3134.3,31930200,3447.7,2820.9,3839.9,2896.0,3127.4,2,2,3127.3,15,1,3127.0,40,2,3126.9,38,1,3126.7,20,1,3127.8,450,4,3127.9,66,1,3128.0,21,1,3128.1,219,3,3128.2,433,4
2031,2026-06-16 12:16:46+05:30,3127.5,56,3129.98,2002718,130282.0,206490.0,3163.0,3163.0,3108.0,3134.3,31930200,3447.7,2820.9,3839.9,2896.0,3127.4,2,2,3127.3,15,1,3127.0,40,2,3126.9,38,1,3126.7,20,1,3127.8,450,4,3127.9,66,1,3128.0,21,1,3128.1,219,3,3128.2,433,4
2031,2026-06-16 12:16:47+05:30,3127.5,56,3129.98,2002718,130343.0,206623.0,3163.0,3163.0,3108.0,3134.3,31930200,3447.7,2820.9,3839.9,2896.0,3127.4,42,3,3127.3,15,1,3127.0,40,2,3126.9,38,1,3126.6,26,2,3127.5,1,1,3127.8,473,5,3127.9,66,1,3128.0,21,1,3128.1,244,4
2031,2026-06-16 12:16:47+05:30,3127.0,1,3129.98,2002718,130343.0,206623.0,3163.0,3163.0,3108.0,3134.3,31930200,3447.7,2820.9,3839.9,2896.0,3127.4,42,3,3127.3,15,1,3127.0,40,2,3126.9,38,1,3126.6,26,2,3127.5,1,1,3127.8,473,5,3127.9,66,1,3128.0,21,1,3128.1,244,4
2031,2026-06-16 12:16:48+05:30,3126.9,38,3129.98,2003156,128949.0,207481.0,3163.0,3163.0,3108.0,3134.3,31930200,3447.7,2820.9,3839.9,2896.0,3126.1,60,3,3126.0,662,4,3125.9,4,1,3125.8,19,1,3125.7,80,3,3126.9,201,2,3127.0,29,1,3127.2,17,1,3127.3,8,1,3127.4,17,1
2031,2026-06-16 12:16:48+05:30,3126.9,38,3129.98,2003156,128949.0,207481.0,3163.0,3163.0,3108.0,3134.3,31930200,3447.7,2820.9,3839.9,2896.0,3126.1,60,3,3126.0,662,4,3125.9,4,1,3125.8,19,1,3125.7,80,3,3126.9,201,2,3127.0,29,1,3127.2,17,1,3127.3,8,1,3127.4,17,1
2031,2026-06-16 12:16:49+05:30,3126.9,38,3129.98,2003156,128949.0,207725.0,3163.0,3163.0,3108.0,3134.3,31930200,3447.7,2820.9,3839.9,2896.0,3126.1,60,3,3126.0,641,3,3125.9,25,2,3125.8,19,1,3125.7,80,3,3126.9,224,3,3127.0,29,1,3127.2,17,1,3127.3,8,1,3127.4,17,1
2031,2026-06-16 12:16:50+05:30,3126.9,1,3129.98,2003172,129010.0,207664.0,3163.0,3163.0,3108.0,3134.3,31930200,3447.7,2820.9,3839.9,2896.0,3126.1,29,2,3126.0,641,3,3125.9,21,1,3125.8,67,2,3125.7,48,3,3126.9,223,3,3127.0,29,1,3127.3,57,2,3127.4,17,1,3127.5,140,2
2031,2026-06-16 12:16:50+05:30,3126.9,1,3129.98,2003172,129010.0,207664.0,3163.0,3163.0,3108.0,3134.3,31930200,3447.7,2820.9,3839.9,2896.0,3126.1,29,2,3126.0,641,3,3125.9,21,1,3125.8,67,2,3125.7,48,3,3126.9,223,3,3127.0,29,1,3127.3,57,2,3127.4,17,1,3127.5,140,2
2031,2026-06-16 12:16:51+05:30,3126.9,1,3129.98,2003173,128893.0,208280.0,3163.0,3163.0,3108.0,3134.3,31930200,3447.7,2820.9,3839.9,2896.0,3126.1,29,2,3126.0,641,3,3125.7,21,1,3125.6,3,1,3125.5,91,4,3126.9,239,4,3127.0,29,1,3127.1,371,3,3127.2,417,3,3127.3,102,3
2031,2026-06-16 12:16:52+05:30,3126.0,23,3129.98,2003938,127448.0,208498.0,3163.0,3163.0,3108.0,3134.3,31930200,3447.7,2820.9,3839.9,2896.0,3126.0,46,2,3125.6,3,1,3125.5,20,2,3125.3,26,2,3125.1,254,4,3126.1,88,2,3126.6,17,1,3126.8,296,5,3126.9,457,4,3127.0,57,2
2031,2026-06-16 12:16:52+05:30,3126.0,23,3129.98,2003938,127448.0,208498.0,3163.0,3163.0,3108.0,3134.3,31930200,3447.7,2820.9,3839.9,2896.0,3126.0,46,2,3125.6,3,1,3125.5,20,2,3125.3,26,2,3125.1,254,4,3126.1,88,2,3126.6,17,1,3126.8,296,5,3126.9,457,4,3127.0,57,2
2031,2026-06-16 12:16:53+05:30,3126.0,18,3129.98,2004025,127401.0,208577.0,3163.0,3163.0,3108.0,3134.3,31930200,3447.7,2820.9,3839.9,2896.0,3126.0,119,5,3125.8,24,2,3125.7,18,1,3125.6,51,4,3125.5,30,3,3126.1,24,2,3126.8,248,3,3126.9,404,3,3127.0,29,1,3127.1,50,1
2031,2026-06-16 12:16:53+05:30,3126.0,18,3129.98,2004025,127401.0,208577.0,3163.0,3163.0,3108.0,3134.3,31930200,3447.7,2820.9,3839.9,2896.0,3126.0,119,5,3125.8,24,2,3125.7,18,1,3125.6,51,4,3125.5,30,3,3126.1,24,2,3126.8,248,3,3126.9,404,3,3127.0,29,1,3127.1,50,1
2031,2026-06-16 12:16:54+05:30,3126.0,1,3129.98,2004028,127454.0,208462.0,3163.0,3163.0,3108.0,3134.3,31930200,3447.7,2820.9,3839.9,2896.0,3126.0,109,4,3125.8,38,2,3125.6,48,4,3125.5,101,5,3125.4,37,2,3126.1,85,2,3126.8,248,3,3126.9,404,3,3127.0,29,1,3127.1,50,1
2031,2026-06-16 12:16:54+05:30,3126.0,1,3129.98,2004028,127454.0,208462.0,3163.0,3163.0,3108.0,3134.3,31930200,3447.7,2820.9,3839.9,2896.0,3126.0,109,4,3125.8,38,2,3125.6,48,4,3125.5,101,5,3125.4,37,2,3126.1,85,2,3126.8,248,3,3126.9,404,3,3127.0,29,1,3127.1,50,1
2031,2026-06-16 12:16:55+05:30,3126.0,17,3129.98,2004050,127635.0,208460.0,3163.0,3163.0,3108.0,3134.3,31930200,3447.7,2820.9,3839.9,2896.0,3126.0,95,4,3125.9,19,1,3125.8,19,1,3125.6,30,3,3125.5,101,5,3126.1,85,3,3126.8,248,3,3126.9,404,3,3127.0,29,1,3127.1,50,1
2031,2026-06-16 12:16:55+05:30,3126.1,6,3129.98,2004050,127635.0,208460.0,3163.0,3163.0,3108.0,3134.3,31930200,3447.7,2820.9,3839.9,2896.0,3126.0,95,4,3125.9,19,1,3125.8,19,1,3125.6,30,3,3125.5,101,5,3126.1,85,3,3126.8,248,3,3126.9,404,3,3127.0,29,1,3127.1,50,1
2031,2026-06-16 12:16:55+05:30,3126.1,6,3129.98,2004050,127635.0,208460.0,3163.0,3163.0,3108.0,3134.3,31930200,3447.7,2820.9,3839.9,2896.0,3126.0,95,4,3125.9,19,1,3125.8,19,1,3125.6,30,3,3125.5,101,5,3126.1,85,3,3126.8,248,3,3126.9,404,3,3127.0,29,1,3127.1,50,1
2031,2026-06-16 12:16:56+05:30,3126.9,1,3129.98,2004207,128042.0,208243.0,3163.0,3163.0,3108.0,3134.3,31930200,3447.7,2820.9,3839.9,2896.0,3126.0,95,4,3125.9,19,1,3125.7,39,2,3125.6,81,5,3125.5,112,4,3126.9,2,1,3127.0,29,1,3127.3,195,3,3127.4,89,3,3127.5,261,3
2031,2026-06-16 12:16:56+05:30,3126.0,2,3129.98,2004207,128042.0,208243.0,3163.0,3163.0,3108.0,3134.3,31930200,3447.7,2820.9,3839.9,2896.0,3126.0,95,4,3125.9,19,1,3125.7,39,2,3125.6,81,5,3125.5,112,4,3126.9,2,1,3127.0,29,1,3127.3,195,3,3127.4,89,3,3127.5,261,3
2031,2026-06-16 12:16:57+05:30,3126.0,2,3129.98,2004209,128069.0,208244.0,3163.0,3163.0,3108.0,3134.3,31930200,3447.7,2820.9,3839.9,2896.0,3126.0,93,4,3125.9,19,1,3125.7,39,2,3125.6,31,4,3125.5,112,4,3126.9,3,2,3127.0,29,1,3127.3,195,3,3127.4,89,3,3127.5,261,3
2031,2026-06-16 12:16:57+05:30,3126.0,2,3129.98,2004209,128069.0,208244.0,3163.0,3163.0,3108.0,3134.3,31930200,3447.7,2820.9,3839.9,2896.0,3126.0,93,4,3125.9,19,1,3125.7,39,2,3125.6,31,4,3125.5,112,4,3126.9,3,2,3127.0,29,1,3127.3,195,3,3127.4,89,3,3127.5,261,3
2031,2026-06-16 12:16:58+05:30,3126.0,2,3129.98,2004209,127814.0,208421.0,3163.0,3163.0,3108.0,3134.3,31930200,3447.7,2820.9,3839.9,2896.0,3126.0,93,4,3125.6,31,4,3125.5,112,4,3125.4,31,3,3125.3,89,4,3126.9,3,2,3127.0,29,1,3127.1,18,1,3127.2,49,1,3127.3,346,3
2031,2026-06-16 12:16:59+05:30,3126.0,2,3129.98,2004209,127915.0,208256.0,3163.0,3163.0,3108.0,3134.3,31930200,3447.7,2820.9,3839.9,2896.0,3126.0,109,5,3125.8,19,1,3125.7,52,2,3125.6,45,5,3125.5,162,5,3126.9,3,2,3127.0,29,1,3127.2,49,1,3127.3,346,3,3127.4,489,5
2031,2026-06-16 12:16:59+05:30,3126.9,1,3129.98,2004209,127915.0,208256.0,3163.0,3163.0,3108.0,3134.3,31930200,3447.7,2820.9,3839.9,2896.0,3126.0,109,5,3125.8,19,1,3125.7,52,2,3125.6,45,5,3125.5,162,5,3126.9,3,2,3127.0,29,1,3127.2,49,1,3127.3,346,3,3127.4,489,5
2031,2026-06-16 12:16:59+05:30,3126.9,1,3129.98,2004209,127915.0,208256.0,3163.0,3163.0,3108.0,3134.3,31930200,3447.7,2820.9,3839.9,2896.0,3126.0,109,5,3125.8,19,1,3125.7,52,2,3125.6,45,5,3125.5,162,5,3126.9,3,2,3127.0,29,1,3127.2,49,1,3127.3,346,3,3127.4,489,5
2031,2026-06-16 12:17:00+05:30,3126.9,1,3129.98,2004210,127748.0,208465.0,3163.0,3163.0,3108.0,3134.3,31930200,3447.7,2820.9,3839.9,2896.0,3126.0,114,6,3125.8,19,1,3125.7,22,2,3125.6,24,4,3125.5,183,6,3126.9,85,5,3127.0,29,1,3127.2,49,1,3127.3,208,2,3127.4,489,5
2031,2026-06-16 12:17:01+05:30,3126.9,1,3129.98,2004211,128668.0,208453.0,3163.0,3163.0,3108.0,3134.3,31930200,3447.7,2820.9,3839.9,2896.0,3126.5,2,2,3126.0,133,7,3125.8,19,1,3125.7,43,3,3125.6,181,5,3126.9,108,5,3127.0,29,1,3127.3,208,2,3127.4,450,3,3127.5,88,3
2031,2026-06-16 12:17:01+05:30,3126.9,1,3129.98,2004211,128668.0,208453.0,3163.0,3163.0,3108.0,3134.3,31930200,3447.7,2820.9,3839.9,2896.0,3126.5,2,2,3126.0,133,7,3125.8,19,1,3125.7,43,3,3125.6,181,5,3126.9,108,5,3127.0,29,1,3127.3,208,2,3127.4,450,3,3127.5,88,3
2031,2026-06-16 12:17:01+05:30,3126.9,1,3129.98,2004211,128668.0,208453.0,3163.0,3163.0,3108.0,3134.3,31930200,3447.7,2820.9,3839.9,2896.0,3126.5,2,2,3126.0,133,7,3125.8,19,1,3125.7,43,3,3125.6,181,5,3126.9,108,5,3127.0,29,1,3127.3,208,2,3127.4,450,3,3127.5,88,3
2031,2026-06-16 12:17:02+05:30,3126.9,1,3129.98,2004211,128866.0,208628.0,3163.0,3163.0,3108.0,3134.3,31930200,3447.7,2820.9,3839.9,2896.0,3126.5,2,2,3126.1,39,1,3126.0,49,5,3125.8,19,1,3125.7,93,4,3126.9,122,6,3127.0,29,1,3127.3,208,2,3127.4,454,4,3127.5,27,1
2031,2026-06-16 12:17:02+05:30,3126.1,1,3129.98,2004211,128866.0,208628.0,3163.0,3163.0,3108.0,3134.3,31930200,3447.7,2820.9,3839.9,2896.0,3126.5,2,2,3126.1,39,1,3126.0,49,5,3125.8,19,1,3125.7,93,4,3126.9,122,6,3127.0,29,1,3127.3,208,2,3127.4,454,4,3127.5,27,1
2031,2026-06-16 12:17:03+05:30,3126.9,1,3129.98,2004217,128585.0,208520.0,3163.0,3163.0,3108.0,3134.3,31930200,3447.7,2820.9,3839.9,2896.0,3126.1,54,2,3126.0,52,5,3125.8,86,3,3125.7,43,3,3125.6,24,4,3126.9,121,5,3127.0,29,1,3127.3,257,3,3127.4,454,4,3127.6,71,2
2031,2026-06-16 12:17:03+05:30,3126.9,1,3129.98,2004217,128585.0,208520.0,3163.0,3163.0,3108.0,3134.3,31930200,3447.7,2820.9,3839.9,2896.0,3126.1,54,2,3126.0,52,5,3125.8,86,3,3125.7,43,3,3125.6,24,4,3126.9,121,5,3127.0,29,1,3127.3,257,3,3127.4,454,4,3127.6,71,2
2031,2026-06-16 12:17:03+05:30,3126.9,1,3129.98,2004217,128585.0,208520.0,3163.0,3163.0,3108.0,3134.3,31930200,3447.7,2820.9,3839.9,2896.0,3126.1,54,2,3126.0,52,5,3125.8,86,3,3125.7,43,3,3125.6,24,4,3126.9,121,5,3127.0,29,1,3127.3,257,3,3127.4,454,4,3127.6,71,2
2031,2026-06-16 12:17:04+05:30,3126.9,1,3129.98,2004217,128585.0,208520.0,3163.0,3163.0,3108.0,3134.3,31930200,3447.7,2820.9,3839.9,2896.0,3126.1,54,2,3126.0,52,5,3125.8,86,3,3125.7,43,3,3125.6,24,4,3126.9,121,5,3127.0,29,1,3127.3,257,3,3127.4,454,4,3127.6,71,2
2031,2026-06-16 12:17:04+05:30,3126.9,17,3129.98,2004217,128585.0,208520.0,3163.0,3163.0,3108.0,3134.3,31930200,3447.7,2820.9,3839.9,2896.0,3126.1,54,2,3126.0,52,5,3125.8,86,3,3125.7,43,3,3125.6,24,4,3126.9,121,5,3127.0,29,1,3127.3,257,3,3127.4,454,4,3127.6,71,2
2031,2026-06-16 12:17:04+05:30,3126.9,17,3129.98,2004217,128585.0,208520.0,3163.0,3163.0,3108.0,3134.3,31930200,3447.7,2820.9,3839.9,2896.0,3126.1,54,2,3126.0,52,5,3125.8,86,3,3125.7,43,3,3125.6,24,4,3126.9,121,5,3127.0,29,1,3127.3,257,3,3127.4,454,4,3127.6,71,2
2031,2026-06-16 12:17:05+05:30,3126.9,17,3129.98,2004282,128601.0,208465.0,3163.0,3163.0,3108.0,3134.3,31930200,3447.7,2820.9,3839.9,2896.0,3126.3,18,1,3126.1,38,1,3126.0,74,6,3125.8,86,3,3125.7,43,3,3126.9,56,4,3127.0,29,1,3127.3,200,1,3127.4,404,3,3127.6,71,2
2031,2026-06-16 12:17:06+05:30,3126.9,17,3129.98,2004282,128601.0,208465.0,3163.0,3163.0,3108.0,3134.3,31930200,3447.7,2820.9,3839.9,2896.0,3126.3,18,1,3126.1,38,1,3126.0,74,6,3125.8,86,3,3125.7,43,3,3126.9,56,4,3127.0,29,1,3127.3,200,1,3127.4,404,3,3127.6,71,2
2031,2026-06-16 12:17:06+05:30,3126.9,1,3129.98,2004282,128601.0,208465.0,3163.0,3163.0,3108.0,3134.3,31930200,3447.7,2820.9,3839.9,2896.0,3126.3,18,1,3126.1,38,1,3126.0,74,6,3125.8,86,3,3125.7,43,3,3126.9,56,4,3127.0,29,1,3127.3,200,1,3127.4,404,3,3127.6,71,2
2031,2026-06-16 12:17:06+05:30,3126.9,1,3129.98,2004283,128693.0,206608.0,3163.0,3163.0,3108.0,3134.3,31930200,3447.7,2820.9,3839.9,2896.0,3126.3,19,2,3126.2,19,1,3126.1,38,1,3126.0,92,7,3125.8,104,4,3126.9,55,4,3127.0,29,1,3127.3,200,1,3127.4,404,3,3127.6,71,2
2031,2026-06-16 12:17:07+05:30,3126.9,1,3129.98,2004283,128693.0,206608.0,3163.0,3163.0,3108.0,3134.3,31930200,3447.7,2820.9,3839.9,2896.0,3126.3,19,2,3126.2,19,1,3126.1,38,1,3126.0,92,7,3125.8,104,4,3126.9,55,4,3127.0,29,1,3127.3,200,1,3127.4,404,3,3127.6,71,2
2031,2026-06-16 12:17:07+05:30,3126.9,1,3129.98,2004283,128693.0,206608.0,3163.0,3163.0,3108.0,3134.3,31930200,3447.7,2820.9,3839.9,2896.0,3126.3,19,2,3126.2,19,1,3126.1,38,1,3126.0,92,7,3125.8,104,4,3126.9,55,4,3127.0,29,1,3127.3,200,1,3127.4,404,3,3127.6,71,2
2031,2026-06-16 12:17:07+05:30,3126.9,1,3129.98,2004284,128893.0,208348.0,3163.0,3163.0,3108.0,3134.3,31930200,3447.7,2820.9,3839.9,2896.0,3126.6,16,1,3126.2,19,1,3126.1,54,2,3126.0,92,7,3125.8,83,3,3126.9,54,4,3127.0,29,1,3127.3,200,1,3127.4,404,3,3127.6,71,2
2031,2026-06-16 12:17:07+05:30,3126.9,1,3129.98,2004284,128893.0,208348.0,3163.0,3163.0,3108.0,3134.3,31930200,3447.7,2820.9,3839.9,2896.0,3126.6,16,1,3126.2,19,1,3126.1,54,2,3126.0,92,7,3125.8,83,3,3126.9,54,4,3127.0,29,1,3127.3,200,1,3127.4,404,3,3127.6,71,2
2031,2026-06-16 12:17:08+05:30,3126.9,1,3129.98,2004284,128893.0,208348.0,3163.0,3163.0,3108.0,3134.3,31930200,3447.7,2820.9,3839.9,2896.0,3126.6,16,1,3126.2,19,1,3126.1,54,2,3126.0,92,7,3125.8,83,3,3126.9,54,4,3127.0,29,1,3127.3,200,1,3127.4,404,3,3127.6,71,2
2031,2026-06-16 12:17:08+05:30,3126.8,1,3129.98,2004286,128892.0,208156.0,3163.0,3163.0,3108.0,3134.3,31930200,3447.7,2820.9,3839.9,2896.0,3126.7,5,1,3126.6,16,1,3126.2,19,1,3126.1,54,2,3126.0,87,6,3126.9,52,3,3127.0,29,1,3127.3,200,1,3127.4,404,3,3127.6,50,1
2031,2026-06-16 12:17:08+05:30,3126.8,1,3129.98,2004286,128892.0,208156.0,3163.0,3163.0,3108.0,3134.3,31930200,3447.7,2820.9,3839.9,2896.0,3126.7,5,1,3126.6,16,1,3126.2,19,1,3126.1,54,2,3126.0,87,6,3126.9,52,3,3127.0,29,1,3127.3,200,1,3127.4,404,3,3127.6,50,1
2031,2026-06-16 12:17:08+05:30,3126.8,1,3129.98,2004286,128892.0,208156.0,3163.0,3163.0,3108.0,3134.3,31930200,3447.7,2820.9,3839.9,2896.0,3126.7,5,1,3126.6,16,1,3126.2,19,1,3126.1,54,2,3126.0,87,6,3126.9,52,3,3127.0,29,1,3127.3,200,1,3127.4,404,3,3127.6,50,1
2031,2026-06-16 12:17:09+05:30,3126.9,1,3129.98,2004288,129070.0,208349.0,3163.0,3163.0,3108.0,3134.3,31930200,3447.7,2820.9,3839.9,2896.0,3126.7,5,1,3126.6,16,1,3126.2,19,1,3126.1,54,2,3126.0,87,6,3126.9,50,3,3127.0,29,1,3127.3,200,1,3127.4,404,3,3127.6,50,1
2031,2026-06-16 12:17:09+05:30,3127.0,19,3129.98,2004288,129070.0,208349.0,3163.0,3163.0,3108.0,3134.3,31930200,3447.7,2820.9,3839.9,2896.0,3126.7,5,1,3126.6,16,1,3126.2,19,1,3126.1,54,2,3126.0,87,6,3126.9,50,3,3127.0,29,1,3127.3,200,1,3127.4,404,3,3127.6,50,1
2031,2026-06-16 12:17:09+05:30,3127.0,19,3129.98,2004288,129070.0,208349.0,3163.0,3163.0,3108.0,3134.3,31930200,3447.7,2820.9,3839.9,2896.0,3126.7,5,1,3126.6,16,1,3126.2,19,1,3126.1,54,2,3126.0,87,6,3126.9,50,3,3127.0,29,1,3127.3,200,1,3127.4,404,3,3127.6,50,1
2031,2026-06-16 12:17:10+05:30,3126.9,2,3129.98,2004397,129058.0,208375.0,3163.0,3163.0,3108.0,3134.3,31930200,3447.7,2820.9,3839.9,2896.0,3127.1,16,1,3126.7,5,1,3126.5,19,1,3126.3,16,1,3126.2,37,2,3127.3,191,1,3127.4,404,3,3127.7,167,1,3127.8,418,4,3127.9,787,8
2031,2026-06-16 12:17:10+05:30,3126.9,2,3129.98,2004397,129058.0,208375.0,3163.0,3163.0,3108.0,3134.3,31930200,3447.7,2820.9,3839.9,2896.0,3127.1,16,1,3126.7,5,1,3126.5,19,1,3126.3,16,1,3126.2,37,2,3127.3,191,1,3127.4,404,3,3127.7,167,1,3127.8,418,4,3127.9,787,8
2031,2026-06-16 12:17:10+05:30,3126.9,2,3129.98,2004397,129058.0,208375.0,3163.0,3163.0,3108.0,3134.3,31930200,3447.7,2820.9,3839.9,2896.0,3127.1,16,1,3126.7,5,1,3126.5,19,1,3126.3,16,1,3126.2,37,2,3127.3,191,1,3127.4,404,3,3127.7,167,1,3127.8,418,4,3127.9,787,8
2031,2026-06-16 12:17:11+05:30,3126.9,2,3129.98,2004397,129058.0,208375.0,3163.0,3163.0,3108.0,3134.3,31930200,3447.7,2820.9,3839.9,2896.0,3127.1,16,1,3126.7,5,1,3126.5,19,1,3126.3,16,1,3126.2,37,2,3127.3,191,1,3127.4,404,3,3127.7,167,1,3127.8,418,4,3127.9,787,8
2031,2026-06-16 12:17:11+05:30,3127.1,1,3129.98,2004457,129084.0,208330.0,3163.0,3163.0,3108.0,3134.3,31930200,3447.7,2820.9,3839.9,2896.0,3127.1,15,1,3126.7,5,1,3126.2,34,2,3126.1,58,2,3126.0,114,5,3127.3,215,2,3127.4,400,2,3127.7,167,1,3127.8,418,4,3127.9,787,8
2031,2026-06-16 12:17:11+05:30,3127.1,1,3129.98,2004457,129084.0,208330.0,3163.0,3163.0,3108.0,3134.3,31930200,3447.7,2820.9,3839.9,2896.0,3127.1,15,1,3126.7,5,1,3126.2,34,2,3126.1,58,2,3126.0,114,5,3127.3,215,2,3127.4,400,2,3127.7,167,1,3127.8,418,4,3127.9,787,8
2031,2026-06-16 12:17:12+05:30,3127.1,1,3129.98,2004457,129084.0,208330.0,3163.0,3163.0,3108.0,3134.3,31930200,3447.7,2820.9,3839.9,2896.0,3127.1,15,1,3126.7,5,1,3126.2,34,2,3126.1,58,2,3126.0,114,5,3127.3,215,2,3127.4,400,2,3127.7,167,1,3127.8,418,4,3127.9,787,8
2031,2026-06-16 12:17:12+05:30,3127.3,1,3129.98,2004460,129229.0,208593.0,3163.0,3163.0,3108.0,3134.3,31930200,3447.7,2820.9,3839.9,2896.0,3127.1,17,2,3126.7,5,1,3126.6,15,1,3126.2,18,1,3126.1,77,3,3127.3,272,4,3127.4,400,2,3127.7,167,1,3127.8,418,4,3127.9,787,8
2031,2026-06-16 12:17:12+05:30,3127.3,1,3129.98,2004460,129229.0,208593.0,3163.0,3163.0,3108.0,3134.3,31930200,3447.7,2820.9,3839.9,2896.0,3127.1,17,2,3126.7,5,1,3126.6,15,1,3126.2,18,1,3126.1,77,3,3127.3,272,4,3127.4,400,2,3127.7,167,1,3127.8,418,4,3127.9,787,8
2031,2026-06-16 12:17:12+05:30,3127.3,1,3129.98,2004460,129229.0,208593.0,3163.0,3163.0,3108.0,3134.3,31930200,3447.7,2820.9,3839.9,2896.0,3127.1,17,2,3126.7,5,1,3126.6,15,1,3126.2,18,1,3126.1,77,3,3127.3,272,4,3127.4,400,2,3127.7,167,1,3127.8,418,4,3127.9,787,8
2031,2026-06-16 12:17:13+05:30,3127.3,1,3129.98,2004461,129070.0,208596.0,3163.0,3163.0,3108.0,3134.3,31930200,3447.7,2820.9,3839.9,2896.0,3127.1,17,2,3126.7,5,1,3126.6,15,1,3126.2,18,1,3126.1,77,3,3127.3,271,4,3127.4,400,2,3127.7,167,1,3127.8,418,4,3127.9,787,8
2031,2026-06-16 12:17:13+05:30,3127.3,1,3129.98,2004461,129070.0,208596.0,3163.0,3163.0,3108.0,3134.3,31930200,3447.7,2820.9,3839.9,2896.0,3127.1,17,2,3126.7,5,1,3126.6,15,1,3126.2,18,1,3126.1,77,3,3127.3,271,4,3127.4,400,2,3127.7,167,1,3127.8,418,4,3127.9,787,8
2031,2026-06-16 12:17:13+05:30,3127.3,1,3129.98,2004461,129070.0,208596.0,3163.0,3163.0,3108.0,3134.3,31930200,3447.7,2820.9,3839.9,2896.0,3127.1,17,2,3126.7,5,1,3126.6,15,1,3126.2,18,1,3126.1,77,3,3127.3,271,4,3127.4,400,2,3127.7,167,1,3127.8,418,4,3127.9,787,8
2031,2026-06-16 12:17:14+05:30,3127.1,3,3129.98,2004466,129165.0,208717.0,3163.0,3163.0,3108.0,3134.3,31930200,3447.7,2820.9,3839.9,2896.0,3127.1,13,2,3126.7,5,1,3126.6,15,1,3126.2,18,1,3126.1,77,3,3127.3,270,4,3127.4,457,3,3127.7,167,1,3127.8,418,4,3127.9,787,8
2031,2026-06-16 12:17:14+05:30,3127.1,3,3129.98,2004466,129165.0,208717.0,3163.0,3163.0,3108.0,3134.3,31930200,3447.7,2820.9,3839.9,2896.0,3127.1,13,2,3126.7,5,1,3126.6,15,1,3126.2,18,1,3126.1,77,3,3127.3,270,4,3127.4,457,3,3127.7,167,1,3127.8,418,4,3127.9,787,8
2031,2026-06-16 12:17:14+05:30,3127.1,3,3129.98,2004466,129165.0,208717.0,3163.0,3163.0,3108.0,3134.3,31931000,3447.7,2820.9,3839.9,2896.0,3127.1,13,2,3126.7,5,1,3126.6,15,1,3126.2,18,1,3126.1,77,3,3127.3,270,4,3127.4,457,3,3127.7,167,1,3127.8,418,4,3127.9,787,8
2031,2026-06-16 12:17:15+05:30,3127.1,16,3129.98,2004670,129478.0,208609.0,3163.0,3163.0,3108.0,3134.3,31931000,3447.7,2820.9,3839.9,2896.0,3127.2,2,2,3127.1,19,3,3126.6,15,1,3126.4,19,1,3126.2,30,2,3127.3,86,3,3127.4,457,3,3127.7,167,1,3127.8,418,4,3127.9,729,7
2031,2026-06-16 12:17:15+05:30,3127.3,9,3129.98,2004670,129478.0,208609.0,3163.0,3163.0,3108.0,3134.3,31931000,3447.7,2820.9,3839.9,2896.0,3127.2,2,2,3127.1,19,3,3126.6,15,1,3126.4,19,1,3126.2,30,2,3127.3,86,3,3127.4,457,3,3127.7,167,1,3127.8,418,4,3127.9,729,7
2031,2026-06-16 12:17:16+05:30,3127.3,1,3129.98,2004921,128470.0,208659.0,3163.0,3163.0,3108.0,3134.3,31931000,3447.7,2820.9,3839.9,2896.0,3126.1,54,2,3126.0,80,5,3125.9,23,1,3125.8,100,3,3125.7,84,4,3127.3,199,1,3127.4,474,4,3127.5,19,1,3127.6,37,2,3127.7,167,1
2031,2026-06-16 12:17:16+05:30,3127.3,1,3129.98,2004921,128470.0,208659.0,3163.0,3163.0,3108.0,3134.3,31931000,3447.7,2820.9,3839.9,2896.0,3126.1,54,2,3126.0,80,5,3125.9,23,1,3125.8,100,3,3125.7,84,4,3127.3,199,1,3127.4,474,4,3127.5,19,1,3127.6,37,2,3127.7,167,1
2031,2026-06-16 12:17:17+05:30,3127.3,1,3129.98,2004964,128175.0,208544.0,3163.0,3163.0,3108.0,3134.3,31931000,3447.7,2820.9,3839.9,2896.0,3126.2,13,1,3126.1,22,2,3126.0,112,6,3125.9,23,1,3125.8,157,6,3127.3,256,3,3127.4,457,3,3127.5,17,1,3127.6,20,1,3127.7,216,2
2031,2026-06-16 12:17:17+05:30,3127.3,1,3129.98,2004964,128175.0,208544.0,3163.0,3163.0,3108.0,3134.3,31931000,3447.7,2820.9,3839.9,2896.0,3126.2,13,1,3126.1,22,2,3126.0,112,6,3125.9,23,1,3125.8,157,6,3127.3,256,3,3127.4,457,3,3127.5,17,1,3127.6,20,1,3127.7,216,2
2031,2026-06-16 12:17:18+05:30,3127.0,1,3129.98,2004966,128375.0,208459.0,3163.0,3163.0,3108.0,3134.3,31931000,3447.7,2820.9,3839.9,2896.0,3126.2,57,3,3126.1,14,1,3126.0,131,7,3125.9,44,2,3125.8,136,5,3127.3,284,3,3127.4,400,2,3127.5,17,1,3127.6,69,2,3127.7,167,1
2031,2026-06-16 12:17:18+05:30,3127.0,1,3129.98,2004966,128375.0,208459.0,3163.0,3163.0,3108.0,3134.3,31931000,3447.7,2820.9,3839.9,2896.0,3126.2,57,3,3126.1,14,1,3126.0,131,7,3125.9,44,2,3125.8,136,5,3127.3,284,3,3127.4,400,2,3127.5,17,1,3127.6,69,2,3127.7,167,1
2031,2026-06-16 12:17:19+05:30,3127.0,1,3129.98,2004966,128396.0,208469.0,3163.0,3163.0,3108.0,3134.3,31931000,3447.7,2820.9,3839.9,2896.0,3126.2,57,3,3126.1,14,1,3126.0,114,6,3125.9,44,2,3125.8,136,5,3127.3,284,3,3127.4,400,2,3127.5,17,1,3127.6,69,2,3127.7,167,1
2031,2026-06-16 12:17:20+05:30,3126.2,3,3129.98,2004966,128396.0,208469.0,3163.0,3163.0,3108.0,3134.3,31931000,3447.7,2820.9,3839.9,2896.0,3126.2,57,3,3126.1,14,1,3126.0,114,6,3125.9,44,2,3125.8,136,5,3127.3,284,3,3127.4,400,2,3127.5,17,1,3127.6,69,2,3127.7,167,1
2031,2026-06-16 12:17:20+05:30,3126.2,3,3129.98,2004969,128393.0,207869.0,3163.0,3163.0,3108.0,3134.3,31931000,3447.7,2820.9,3839.9,2896.0,3126.2,54,3,3126.1,14,1,3126.0,114,6,3125.9,44,2,3125.8,136,5,3127.3,284,3,3127.4,400,2,3127.5,17,1,3127.6,69,2,3127.7,167,1
2031,2026-06-16 12:17:21+05:30,3126.2,3,3129.98,2004969,128427.0,207856.0,3163.0,3163.0,3108.0,3134.3,31931000,3447.7,2820.9,3839.9,2896.0,3126.2,54,3,3126.1,30,2,3126.0,99,6,3125.9,44,2,3125.8,136,5,3127.3,284,3,3127.4,449,3,3127.5,17,1,3127.6,20,1,3127.7,167,1
2031,2026-06-16 12:17:22+05:30,3127.3,1,3129.98,2004969,128427.0,207856.0,3163.0,3163.0,3108.0,3134.3,31931000,3447.7,2820.9,3839.9,2896.0,3126.2,54,3,3126.1,30,2,3126.0,99,6,3125.9,44,2,3125.8,136,5,3127.3,284,3,3127.4,449,3,3127.5,17,1,3127.6,20,1,3127.7,167,1
2031,2026-06-16 12:17:22+05:30,3127.3,1,3129.98,2004988,128407.0,208240.0,3163.0,3163.0,3108.0,3134.3,31931000,3447.7,2820.9,3839.9,2896.0,3126.2,54,3,3126.1,60,3,3126.0,99,6,3125.9,44,2,3125.8,136,5,3127.3,265,3,3127.4,449,3,3127.5,17,1,3127.6,20,1,3127.7,167,1
2031,2026-06-16 12:17:23+05:30,3127.3,1,3129.98,2004988,128880.0,207924.0,3163.0,3163.0,3108.0,3134.3,31931000,3447.7,2820.9,3839.9,2896.0,3126.3,15,1,3126.2,54,3,3126.1,30,2,3126.0,99,6,3125.9,44,2,3127.3,266,4,3127.4,449,3,3127.5,17,1,3127.6,20,1,3127.7,167,1
2031,2026-06-16 12:17:24+05:30,3127.3,1,3129.98,2004988,129278.0,208331.0,3163.0,3163.0,3108.0,3134.3,31931000,3447.7,2820.9,3839.9,2896.0,3126.4,15,1,3126.3,39,1,3126.2,71,4,3126.1,30,2,3126.0,103,6,3127.3,292,5,3127.4,449,3,3127.5,17,1,3127.7,167,1,3127.8,489,6
2031,2026-06-16 12:17:25+05:30,3127.3,17,3129.98,2004988,129278.0,208331.0,3163.0,3163.0,3108.0,3134.3,31931000,3447.7,2820.9,3839.9,2896.0,3126.4,15,1,3126.3,39,1,3126.2,71,4,3126.1,30,2,3126.0,103,6,3127.3,292,5,3127.4,449,3,3127.5,17,1,3127.7,167,1,3127.8,489,6
2031,2026-06-16 12:17:25+05:30,3127.3,17,3129.98,2005005,129094.0,208523.0,3163.0,3163.0,3108.0,3134.3,31931000,3447.7,2820.9,3839.9,2896.0,3126.4,24,2,3126.3,58,2,3126.2,63,3,3126.1,76,3,3126.0,103,6,3127.3,275,5,3127.4,449,3,3127.5,17,1,3127.7,167,1,3127.8,489,6
2031,2026-06-16 12:17:26+05:30,3127.3,17,3129.98,2005005,129549.0,209440.0,3163.0,3163.0,3108.0,3134.3,31931000,3447.7,2820.9,3839.9,2896.0,3126.6,17,1,3126.4,65,4,3126.3,39,1,3126.2,101,5,3126.1,63,2,3127.3,275,5,3127.4,400,2,3127.7,167,1,3127.8,489,6,3127.9,656,5
2031,2026-06-16 12:17:27+05:30,3127.3,16,3129.98,2005005,129549.0,209440.0,3163.0,3163.0,3108.0,3134.3,31931000,3447.7,2820.9,3839.9,2896.0,3126.6,17,1,3126.4,65,4,3126.3,39,1,3126.2,101,5,3126.1,63,2,3127.3,275,5,3127.4,400,2,3127.7,167,1,3127.8,489,6,3127.9,656,5
2031,2026-06-16 12:17:27+05:30,3127.3,1,3129.98,2005022,129454.0,207465.0,3163.0,3163.0,3108.0,3134.3,31931000,3447.7,2820.9,3839.9,2896.0,3126.6,17,1,3126.4,65,4,3126.3,39,1,3126.2,122,6,3126.1,63,2,3127.3,114,4,3127.5,17,1,3127.6,134,1,3127.7,144,1,3127.8,423,4
2031,2026-06-16 12:17:28+05:30,3126.6,41,3129.98,2005022,129454.0,207465.0,3163.0,3163.0,3108.0,3134.3,31931000,3447.7,2820.9,3839.9,2896.0,3126.6,17,1,3126.4,65,4,3126.3,39,1,3126.2,122,6,3126.1,63,2,3127.3,114,4,3127.5,17,1,3127.6,134,1,3127.7,144,1,3127.8,423,4
2031,2026-06-16 12:17:28+05:30,3126.6,41,3129.98,2005063,129713.0,207311.0,3163.0,3163.0,3108.0,3134.3,31931000,3447.7,2820.9,3839.9,2896.0,3126.6,68,3,3126.4,115,6,3126.3,39,1,3126.2,152,6,3126.1,63,2,3127.3,114,4,3127.7,144,1,3127.8,472,5,3128.0,1094,5,3128.1,256,5
2031,2026-06-16 12:17:29+05:30,3127.3,1,3129.98,2005063,129713.0,207311.0,3163.0,3163.0,3108.0,3134.3,31931000,3447.7,2820.9,3839.9,2896.0,3126.6,68,3,3126.4,115,6,3126.3,39,1,3126.2,152,6,3126.1,63,2,3127.3,114,4,3127.7,144,1,3127.8,472,5,3128.0,1094,5,3128.1,256,5
2031,2026-06-16 12:17:29+05:30,3127.3,1,3129.98,2005064,129913.0,209090.0,3163.0,3163.0,3108.0,3134.3,31931000,3447.7,2820.9,3839.9,2896.0,3126.9,16,1,3126.6,51,2,3126.4,115,6,3126.3,89,2,3126.2,102,5,3127.3,113,4,3127.7,144,1,3127.8,402,3,3128.0,1094,5,3128.1,196,4
2031,2026-06-16 12:17:30+05:30,3127.3,1,3129.98,2005064,129913.0,209090.0,3163.0,3163.0,3108.0,3134.3,31931000,3447.7,2820.9,3839.9,2896.0,3126.9,16,1,3126.6,51,2,3126.4,115,6,3126.3,89,2,3126.2,102,5,3127.3,113,4,3127.7,144,1,3127.8,402,3,3128.0,1094,5,3128.1,196,4
2031,2026-06-16 12:17:30+05:30,3127.3,1,3129.98,2005065,129850.0,209055.0,3163.0,3163.0,3108.0,3134.3,31931000,3447.7,2820.9,3839.9,2896.0,3127.1,24,4,3127.0,16,1,3126.9,50,4,3126.8,29,2,3126.7,17,1,3127.3,57,3,3127.7,144,1,3127.8,402,3,3128.0,1042,3,3128.1,180,3
2031,2026-06-16 12:17:31+05:30,3127.3,11,3129.98,2005065,129850.0,209055.0,3163.0,3163.0,3108.0,3134.3,31931000,3447.7,2820.9,3839.9,2896.0,3127.1,24,4,3127.0,16,1,3126.9,50,4,3126.8,29,2,3126.7,17,1,3127.3,57,3,3127.7,144,1,3127.8,402,3,3128.0,1042,3,3128.1,180,3
2031,2026-06-16 12:17:31+05:30,3127.3,11,3129.98,2005133,130144.0,208430.0,3163.0,3163.0,3108.0,3134.3,31931000,3447.7,2820.9,3839.9,2896.0,3127.3,7,2,3127.1,2,2,3127.0,19,1,3126.9,43,3,3126.8,13,1,3127.7,144,1,3127.8,402,3,3128.0,1021,2,3128.1,180,3,3128.2,486,5
2031,2026-06-16 12:17:32+05:30,3127.3,44,3129.98,2005133,130144.0,208430.0,3163.0,3163.0,3108.0,3134.3,31931000,3447.7,2820.9,3839.9,2896.0,3127.3,7,2,3127.1,2,2,3127.0,19,1,3126.9,43,3,3126.8,13,1,3127.7,144,1,3127.8,402,3,3128.0,1021,2,3128.1,180,3,3128.2,486,5
2031,2026-06-16 12:17:32+05:30,3127.3,44,3129.98,2005195,130108.0,208691.0,3163.0,3163.0,3108.0,3134.3,31931000,3447.7,2820.9,3839.9,2896.0,3127.4,17,1,3127.1,2,2,3126.9,43,3,3126.6,47,3,3126.4,43,3,3127.7,215,2,3127.8,404,4,3128.0,1037,3,3128.1,180,3,3128.2,502,6
2031,2026-06-16 12:17:33+05:30,3127.6,45,3129.98,2005195,130108.0,208691.0,3163.0,3163.0,3108.0,3134.3,31931000,3447.7,2820.9,3839.9,2896.0,3127.4,17,1,3127.1,2,2,3126.9,43,3,3126.6,47,3,3126.4,43,3,3127.7,215,2,3127.8,404,4,3128.0,1037,3,3128.1,180,3,3128.2,502,6
2031,2026-06-16 12:17:33+05:30,3127.7,13,3129.98,2005373,130173.0,208384.0,3163.0,3163.0,3108.0,3134.3,31931000,3447.7,2820.9,3839.9,2896.0,3127.1,2,2,3126.9,43,3,3126.6,16,1,3126.4,28,2,3126.3,87,3,3127.7,143,3,3127.8,454,5,3128.0,1021,2,3128.1,213,4,3128.2,504,6
2031,2026-06-16 12:17:34+05:30,3127.7,1,3129.98,2005373,130173.0,208384.0,3163.0,3163.0,3108.0,3134.3,31931000,3447.7,2820.9,3839.9,2896.0,3127.1,2,2,3126.9,43,3,3126.6,16,1,3126.4,28,2,3126.3,87,3,3127.7,143,3,3127.8,454,5,3128.0,1021,2,3128.1,213,4,3128.2,504,6
2031,2026-06-16 12:17:34+05:30,3127.7,1,3129.98,2005375,130118.0,208573.0,3163.0,3163.0,3108.0,3134.3,31931000,3447.7,2820.9,3839.9,2896.0,3127.1,18,2,3126.9,43,3,3126.4,28,2,3126.3,87,3,3126.2,242,6,3127.7,142,3,3127.8,452,4,3128.0,1021,2,3128.1,169,2,3128.2,504,6
2031,2026-06-16 12:17:35+05:30,3127.7,1,3129.98,2005375,130118.0,208573.0,3163.0,3163.0,3108.0,3134.3,31931000,3447.7,2820.9,3839.9,2896.0,3127.1,18,2,3126.9,43,3,3126.4,28,2,3126.3,87,3,3126.2,242,6,3127.7,142,3,3127.8,452,4,3128.0,1021,2,3128.1,169,2,3128.2,504,6
2031,2026-06-16 12:17:35+05:30,3127.7,1,3129.98,2005393,130115.0,208443.0,3163.0,3163.0,3108.0,3134.3,31931000,3447.7,2820.9,3839.9,2896.0,3127.4,1,1,3127.1,17,1,3126.9,43,3,3126.5,19,1,3126.4,9,1,3127.7,124,3,3127.8,452,4,3128.0,1021,2,3128.1,169,2,3128.2,504,6
2031,2026-06-16 12:17:36+05:30,3127.7,1,3129.98,2005393,130110.0,208646.0,3163.0,3163.0,3108.0,3134.3,31931000,3447.7,2820.9,3839.9,2896.0,3127.4,18,2,3126.9,57,4,3126.5,19,1,3126.4,9,1,3126.3,87,3,3127.7,124,3,3127.8,452,4,3128.0,1021,2,3128.1,169,2,3128.2,504,6
2031,2026-06-16 12:17:37+05:30,3126.9,36,3129.98,2005393,130110.0,208646.0,3163.0,3163.0,3108.0,3134.3,31931000,3447.7,2820.9,3839.9,2896.0,3127.4,18,2,3126.9,57,4,3126.5,19,1,3126.4,9,1,3126.3,87,3,3127.7,124,3,3127.8,452,4,3128.0,1021,2,3128.1,169,2,3128.2,504,6
2031,2026-06-16 12:17:37+05:30,3126.9,36,3129.98,2005593,130047.0,208087.0,3163.0,3163.0,3108.0,3134.3,31931000,3447.7,2820.9,3839.9,2896.0,3126.9,37,5,3126.4,35,3,3126.3,87,3,3126.2,225,4,3126.1,118,5,3127.7,196,5,3127.8,452,4,3128.0,1071,3,3128.1,218,3,3128.2,512,6
2031,2026-06-16 12:17:38+05:30,3127.6,1,3129.98,2005593,130047.0,208087.0,3163.0,3163.0,3108.0,3134.3,31931000,3447.7,2820.9,3839.9,2896.0,3126.9,37,5,3126.4,35,3,3126.3,87,3,3126.2,225,4,3126.1,118,5,3127.7,196,5,3127.8,452,4,3128.0,1071,3,3128.1,218,3,3128.2,512,6
2031,2026-06-16 12:17:38+05:30,3127.6,1,3129.98,2005594,130129.0,209362.0,3163.0,3163.0,3108.0,3134.3,31931000,3447.7,2820.9,3839.9,2896.0,3127.3,4,1,3126.9,34,4,3126.5,19,1,3126.4,16,2,3126.3,103,4,3127.7,322,7,3127.8,452,4,3128.0,1071,3,3128.1,185,3,3128.2,512,6
2031,2026-06-16 12:17:39+05:30,3127.3,15,3129.98,2005594,130129.0,209362.0,3163.0,3163.0,3108.0,3134.3,31931000,3447.7,2820.9,3839.9,2896.0,3127.3,4,1,3126.9,34,4,3126.5,19,1,3126.4,16,2,3126.3,103,4,3127.7,322,7,3127.8,452,4,3128.0,1071,3,3128.1,185,3,3128.2,512,6
2031,2026-06-16 12:17:39+05:30,3127.3,15,3129.98,2005632,130111.0,208762.0,3163.0,3163.0,3108.0,3134.3,31931000,3447.7,2820.9,3839.9,2896.0,3127.3,9,1,3126.9,34,4,3126.4,51,4,3126.3,197,2,3126.2,46,3,3127.7,322,7,3127.8,455,5,3128.0,1071,3,3128.1,209,4,3128.2,488,5
2031,2026-06-16 12:17:40+05:30,3126.9,2,3129.98,2005632,130111.0,208762.0,3163.0,3163.0,3108.0,3134.3,31931000,3447.7,2820.9,3839.9,2896.0,3127.3,9,1,3126.9,34,4,3126.4,51,4,3126.3,197,2,3126.2,46,3,3127.7,322,7,3127.8,455,5,3128.0,1071,3,3128.1,209,4,3128.2,488,5
2031,2026-06-16 12:17:41+05:30,3127.0,1,3129.98,2005673,130108.0,208844.0,3163.0,3163.0,3108.0,3134.3,31931000,3447.7,2820.9,3839.9,2896.0,3127.0,16,1,3126.4,50,4,3126.3,173,1,3126.2,46,3,3126.1,131,5,3127.7,316,8,3127.8,455,5,3128.0,1108,5,3128.1,242,4,3128.2,504,6
2031,2026-06-16 12:17:41+05:30,3127.0,1,3129.98,2005673,130108.0,208844.0,3163.0,3163.0,3108.0,3134.3,31931000,3447.7,2820.9,3839.9,2896.0,3127.0,16,1,3126.4,50,4,3126.3,173,1,3126.2,46,3,3126.1,131,5,3127.7,316,8,3127.8,455,5,3128.0,1108,5,3128.1,242,4,3128.2,504,6
2031,2026-06-16 12:17:41+05:30,3127.7,1,3129.98,2005676,130147.0,208505.0,3163.0,3163.0,3108.0,3134.3,31931000,3447.7,2820.9,3839.9,2896.0,3126.4,50,4,3126.3,188,2,3126.2,86,5,3126.1,97,5,3126.0,132,6,3127.7,315,8,3127.8,455,5,3128.0,1157,6,3128.1,169,2,3128.2,504,6
2031,2026-06-16 12:17:42+05:30,3127.7,1,3129.98,2005676,130147.0,208505.0,3163.0,3163.0,3108.0,3134.3,31931000,3447.7,2820.9,3839.9,2896.0,3126.4,50,4,3126.3,188,2,3126.2,86,5,3126.1,97,5,3126.0,132,6,3127.7,315,8,3127.8,455,5,3128.0,1157,6,3128.1,169,2,3128.2,504,6
2031,2026-06-16 12:17:42+05:30,3126.4,1,3129.98,2005677,129788.0,209256.0,3163.0,3163.0,3108.0,3134.3,31931000,3447.7,2820.9,3839.9,2896.0,3126.6,14,1,3126.4,49,4,3126.2,241,5,3126.1,61,3,3126.0,132,6,3127.7,315,8,3127.8,455,5,3127.9,49,1,3128.0,1108,5,3128.1,469,3
2031,2026-06-16 12:17:43+05:30,3127.7,17,3129.98,2005677,129788.0,209256.0,3163.0,3163.0,3108.0,3134.3,31931000,3447.7,2820.9,3839.9,2896.0,3126.6,14,1,3126.4,49,4,3126.2,241,5,3126.1,61,3,3126.0,132,6,3127.7,315,8,3127.8,455,5,3127.9,49,1,3128.0,1108,5,3128.1,469,3
2031,2026-06-16 12:17:43+05:30,3127.0,1,3129.98,2005696,129658.0,210027.0,3163.0,3163.0,3108.0,3134.3,31931000,3447.7,2820.9,3839.9,2896.0,3126.6,13,1,3126.4,49,4,3126.3,61,2,3126.2,61,4,3126.1,207,5,3127.0,108,1,3127.7,298,8,3127.8,473,5,3127.9,49,1,3128.0,1108,5
2031,2026-06-16 12:17:44+05:30,3126.6,1,3129.98,2005696,129658.0,210027.0,3163.0,3163.0,3108.0,3134.3,31931000,3447.7,2820.9,3839.9,2896.0,3126.6,13,1,3126.4,49,4,3126.3,61,2,3126.2,61,4,3126.1,207,5,3127.0,108,1,3127.7,298,8,3127.8,473,5,3127.9,49,1,3128.0,1108,5
2031,2026-06-16 12:17:44+05:30,3126.6,1,3129.98,2005697,129691.0,209905.0,3163.0,3163.0,3108.0,3134.3,31931000,3447.7,2820.9,3839.9,2896.0,3126.6,12,1,3126.4,54,4,3126.3,61,2,3126.2,61,4,3126.1,221,6,3127.0,133,2,3127.7,200,5,3127.8,423,4,3127.9,49,1,3128.0,1108,5
2031,2026-06-16 12:17:45+05:30,3126.6,1,3129.98,2005697,129691.0,209905.0,3163.0,3163.0,3108.0,3134.3,31931000,3447.7,2820.9,3839.9,2896.0,3126.6,12,1,3126.4,54,4,3126.3,61,2,3126.2,61,4,3126.1,221,6,3127.0,133,2,3127.7,200,5,3127.8,423,4,3127.9,49,1,3128.0,1108,5
2031,2026-06-16 12:17:45+05:30,3126.6,1,3129.98,2005698,129787.0,209437.0,3163.0,3163.0,3108.0,3134.3,31931000,3447.7,2820.9,3839.9,2896.0,3126.8,9,4,3126.7,20,2,3126.6,31,5,3126.4,93,7,3126.3,61,2,3127.0,133,2,3127.7,200,5,3127.8,423,4,3128.0,1092,4,3128.1,469,3
2031,2026-06-16 12:17:46+05:30,3126.8,1,3129.98,2005698,129787.0,209437.0,3163.0,3163.0,3108.0,3134.3,31931000,3447.7,2820.9,3839.9,2896.0,3126.8,9,4,3126.7,20,2,3126.6,31,5,3126.4,93,7,3126.3,61,2,3127.0,133,2,3127.7,200,5,3127.8,423,4,3128.0,1092,4,3128.1,469,3
2031,2026-06-16 12:17:46+05:30,3126.8,1,3129.98,2005833,130055.0,208783.0,3163.0,3163.0,3108.0,3134.3,31931000,3447.7,2820.9,3839.9,2896.0,3126.8,2,2,3126.6,24,4,3126.4,75,6,3126.3,61,2,3126.2,61,4,3127.7,200,5,3127.8,402,3,3128.0,1042,3,3128.1,518,4,3128.2,488,5
2031,2026-06-16 12:17:47+05:30,3126.6,3,3129.98,2005833,130055.0,208783.0,3163.0,3163.0,3108.0,3134.3,31931000,3447.7,2820.9,3839.9,2896.0,3126.8,2,2,3126.6,24,4,3126.4,75,6,3126.3,61,2,3126.2,61,4,3127.7,200,5,3127.8,402,3,3128.0,1042,3,3128.1,518,4,3128.2,488,5
2031,2026-06-16 12:17:47+05:30,3126.6,1,3129.98,2005919,130342.0,209427.0,3163.0,3163.0,3108.0,3134.3,31931000,3447.7,2820.9,3839.9,2896.0,3126.6,39,4,3126.5,49,1,3126.4,110,8,3126.3,82,3,3126.2,248,5,3127.7,53,3,3127.8,453,4,3128.0,1092,4,3128.1,469,3,3128.2,488,5
2031,2026-06-16 12:17:48+05:30,3127.7,1,3129.98,2005919,130342.0,209427.0,3163.0,3163.0,3108.0,3134.3,31931000,3447.7,2820.9,3839.9,2896.0,3126.6,39,4,3126.5,49,1,3126.4,110,8,3126.3,82,3,3126.2,248,5,3127.7,53,3,3127.8,453,4,3128.0,1092,4,3128.1,469,3,3128.2,488,5
2031,2026-06-16 12:17:48+05:30,3127.7,1,3129.98,2005939,130404.0,209434.0,3163.0,3163.0,3108.0,3134.3,31931000,3447.7,2820.9,3839.9,2896.0,3126.8,64,1,3126.6,39,4,3126.5,99,2,3126.4,110,8,3126.3,82,3,3127.7,2,1,3127.8,453,4,3128.0,1042,3,3128.1,469,3,3128.2,537,6
2031,2026-06-16 12:17:49+05:30,3126.8,4,3129.98,2005939,130404.0,209434.0,3163.0,3163.0,3108.0,3134.3,31931000,3447.7,2820.9,3839.9,2896.0,3126.8,64,1,3126.6,39,4,3126.5,99,2,3126.4,110,8,3126.3,82,3,3127.7,2,1,3127.8,453,4,3128.0,1042,3,3128.1,469,3,3128.2,537,6
2031,2026-06-16 12:17:50+05:30,3126.8,1,3129.98,2005945,130383.0,209444.0,3163.0,3163.0,3108.0,3134.3,31931000,3447.7,2820.9,3839.9,2896.0,3126.8,58,1,3126.6,39,4,3126.5,49,1,3126.4,125,9,3126.3,61,2,3127.7,2,1,3127.8,453,4,3128.0,1042,3,3128.1,469,3,3128.2,537,6
2031,2026-06-16 12:17:50+05:30,3126.8,1,3129.98,2005945,130383.0,209444.0,3163.0,3163.0,3108.0,3134.3,31931000,3447.7,2820.9,3839.9,2896.0,3126.8,58,1,3126.6,39,4,3126.5,49,1,3126.4,125,9,3126.3,61,2,3127.7,2,1,3127.8,453,4,3128.0,1042,3,3128.1,469,3,3128.2,537,6
2031,2026-06-16 12:17:51+05:30,3126.9,1,3129.98,2005946,130360.0,209441.0,3163.0,3163.0,3108.0,3134.3,31931000,3447.7,2820.9,3839.9,2896.0,3126.9,17,1,3126.8,58,1,3126.6,29,3,3126.5,49,1,3126.4,110,8,3127.7,2,1,3127.8,453,4,3128.0,1042,3,3128.1,469,3,3128.2,537,6
2031,2026-06-16 12:17:51+05:30,3126.9,1,3129.98,2005946,130360.0,209441.0,3163.0,3163.0,3108.0,3134.3,31931000,3447.7,2820.9,3839.9,2896.0,3126.9,17,1,3126.8,58,1,3126.6,29,3,3126.5,49,1,3126.4,110,8,3127.7,2,1,3127.8,453,4,3128.0,1042,3,3128.1,469,3,3128.2,537,6
2031,2026-06-16 12:17:52+05:30,3126.9,1,3129.98,2005947,130357.0,209313.0,3163.0,3163.0,3108.0,3134.3,31931000,3447.7,2820.9,3839.9,2896.0,3127.1,16,1,3126.9,2,1,3126.8,58,1,3126.6,29,3,3126.4,110,8,3127.4,1,1,3127.7,12,3,3127.8,453,4,3128.0,1042,3,3128.1,469,3
2031,2026-06-16 12:17:52+05:30,3126.9,1,3129.98,2005947,130357.0,209313.0,3163.0,3163.0,3108.0,3134.3,31931000,3447.7,2820.9,3839.9,2896.0,3127.1,16,1,3126.9,2,1,3126.8,58,1,3126.6,29,3,3126.4,110,8,3127.4,1,1,3127.7,12,3,3127.8,453,4,3128.0,1042,3,3128.1,469,3
2031,2026-06-16 12:17:53+05:30,3127.1,29,3129.98,2005981,130132.0,208670.0,3163.0,3163.0,3108.0,3134.3,31931000,3447.7,2820.9,3839.9,2896.0,3127.1,16,1,3126.9,2,1,3126.8,15,1,3126.6,41,3,3126.5,5,1,3127.4,2,2,3127.7,12,3,3127.8,402,3,3128.0,1106,5,3128.1,469,3
2031,2026-06-16 12:17:53+05:30,3127.1,29,3129.98,2005981,130132.0,208670.0,3163.0,3163.0,3108.0,3134.3,31931000,3447.7,2820.9,3839.9,2896.0,3127.1,16,1,3126.9,2,1,3126.8,15,1,3126.6,41,3,3126.5,5,1,3127.4,2,2,3127.7,12,3,3127.8,402,3,3128.0,1106,5,3128.1,469,3
2031,2026-06-16 12:17:54+05:30,3127.1,2,3129.98,2005983,130318.0,209302.0,3163.0,3163.0,3108.0,3134.3,31931000,3447.7,2820.9,3839.9,2896.0,3127.1,34,2,3126.9,2,1,3126.8,15,1,3126.6,18,2,3126.5,5,1,3127.4,3,3,3127.7,11,2,3127.8,402,3,3128.0,1106,5,3128.1,469,3
2031,2026-06-16 12:17:54+05:30,3126.9,8,3129.98,2005983,130318.0,209302.0,3163.0,3163.0,3108.0,3134.3,31931000,3447.7,2820.9,3839.9,2896.0,3127.1,34,2,3126.9,2,1,3126.8,15,1,3126.6,18,2,3126.5,5,1,3127.4,3,3,3127.7,11,2,3127.8,402,3,3128.0,1106,5,3128.1,469,3
2031,2026-06-16 12:17:55+05:30,3127.1,1,3129.98,2006363,129306.0,209566.0,3163.0,3163.0,3108.0,3134.3,31931000,3447.7,2820.9,3839.9,2896.0,3126.9,7,2,3126.6,17,2,3126.5,5,1,3126.1,125,1,3126.0,42,3,3127.1,64,3,3127.2,33,2,3127.4,57,5,3127.5,224,2,3127.6,415,3
2031,2026-06-16 12:17:55+05:30,3127.1,6,3129.98,2006363,129306.0,209566.0,3163.0,3163.0,3108.0,3134.3,31931000,3447.7,2820.9,3839.9,2896.0,3126.9,7,2,3126.6,17,2,3126.5,5,1,3126.1,125,1,3126.0,42,3,3127.1,64,3,3127.2,33,2,3127.4,57,5,3127.5,224,2,3127.6,415,3
2031,2026-06-16 12:17:56+05:30,3127.1,6,3129.98,2006369,129250.0,209588.0,3163.0,3163.0,3108.0,3134.3,31931000,3447.7,2820.9,3839.9,2896.0,3126.9,18,2,3126.5,5,1,3126.1,125,1,3126.0,42,3,3125.9,43,2,3127.1,69,4,3127.2,14,1,3127.3,16,1,3127.4,55,3,3127.5,224,2
2031,2026-06-16 12:17:56+05:30,3127.1,6,3129.98,2006369,129250.0,209588.0,3163.0,3163.0,3108.0,3134.3,31931000,3447.7,2820.9,3839.9,2896.0,3126.9,18,2,3126.5,5,1,3126.1,125,1,3126.0,42,3,3125.9,43,2,3127.1,69,4,3127.2,14,1,3127.3,16,1,3127.4,55,3,3127.5,224,2
2031,2026-06-16 12:17:57+05:30,3127.1,6,3129.98,2006369,129254.0,209624.0,3163.0,3163.0,3108.0,3134.3,31931000,3447.7,2820.9,3839.9,2896.0,3126.9,18,2,3126.5,5,1,3126.1,125,1,3126.0,42,3,3125.9,43,2,3127.1,105,5,3127.2,14,1,3127.3,37,2,3127.4,34,2,3127.5,224,2
2031,2026-06-16 12:17:57+05:30,3126.1,34,3129.98,2006369,129254.0,209624.0,3163.0,3163.0,3108.0,3134.3,31931000,3447.7,2820.9,3839.9,2896.0,3126.9,18,2,3126.5,5,1,3126.1,125,1,3126.0,42,3,3125.9,43,2,3127.1,105,5,3127.2,14,1,3127.3,37,2,3127.4,34,2,3127.5,224,2
2031,2026-06-16 12:17:57+05:30,3126.1,34,3129.98,2006369,129254.0,209624.0,3163.0,3163.0,3108.0,3134.3,31931000,3447.7,2820.9,3839.9,2896.0,3126.9,18,2,3126.5,5,1,3126.1,125,1,3126.0,42,3,3125.9,43,2,3127.1,105,5,3127.2,14,1,3127.3,37,2,3127.4,34,2,3127.5,224,2
2031,2026-06-16 12:17:58+05:30,3126.1,3,3129.98,2006572,128595.0,209725.0,3163.0,3163.0,3108.0,3134.3,31931000,3447.7,2820.9,3839.9,2896.0,3126.1,88,1,3126.0,27,2,3125.9,7,1,3125.8,25,1,3125.7,30,2,3127.1,162,6,3127.2,14,1,3127.3,86,3,3127.4,14,1,3127.5,312,6
2031,2026-06-16 12:17:58+05:30,3126.1,10,3129.98,2006572,128595.0,209725.0,3163.0,3163.0,3108.0,3134.3,31931000,3447.7,2820.9,3839.9,2896.0,3126.1,88,1,3126.0,27,2,3125.9,7,1,3125.8,25,1,3125.7,30,2,3127.1,162,6,3127.2,14,1,3127.3,86,3,3127.4,14,1,3127.5,312,6
2031,2026-06-16 12:17:59+05:30,3127.1,38,3129.98,2006620,129353.0,209712.0,3163.0,3163.0,3108.0,3134.3,31931000,3447.7,2820.9,3839.9,2896.0,3126.9,5,1,3126.1,111,3,3126.0,42,3,3125.9,27,2,3125.8,44,2,3127.1,168,7,3127.5,285,4,3127.6,465,5,3127.7,68,3,3127.8,107,5
2031,2026-06-16 12:17:59+05:30,3126.9,39,3129.98,2006620,129353.0,209712.0,3163.0,3163.0,3108.0,3134.3,31931000,3447.7,2820.9,3839.9,2896.0,3126.9,5,1,3126.1,111,3,3126.0,42,3,3125.9,27,2,3125.8,44,2,3127.1,168,7,3127.5,285,4,3127.6,465,5,3127.7,68,3,3127.8,107,5
2031,2026-06-16 12:17:59+05:30,3126.9,39,3129.98,2006620,129353.0,209712.0,3163.0,3163.0,3108.0,3134.3,31931000,3447.7,2820.9,3839.9,2896.0,3126.9,5,1,3126.1,111,3,3126.0,42,3,3125.9,27,2,3125.8,44,2,3127.1,168,7,3127.5,285,4,3127.6,465,5,3127.7,68,3,3127.8,107,5
2031,2026-06-16 12:18:00+05:30,3127.1,1,3129.97,2006912,129013.0,209641.0,3163.0,3163.0,3108.0,3134.3,31931000,3447.7,2820.9,3839.9,2896.0,3126.9,7,1,3126.8,5,1,3126.0,66,4,3125.9,42,2,3125.7,40,2,3127.1,118,5,3127.4,267,2,3127.5,61,2,3127.6,429,3,3127.7,38,3
2031,2026-06-16 12:18:00+05:30,3127.1,1,3129.97,2006912,129013.0,209641.0,3163.0,3163.0,3108.0,3134.3,31931000,3447.7,2820.9,3839.9,2896.0,3126.9,7,1,3126.8,5,1,3126.0,66,4,3125.9,42,2,3125.7,40,2,3127.1,118,5,3127.4,267,2,3127.5,61,2,3127.6,429,3,3127.7,38,3
2031,2026-06-16 12:18:01+05:30,3127.1,1,3129.97,2006912,129111.0,209660.0,3163.0,3163.0,3108.0,3134.3,31931000,3447.7,2820.9,3839.9,2896.0,3127.0,2,2,3126.9,8,2,3126.8,5,1,3126.2,34,2,3126.0,65,4,3127.1,118,5,3127.4,267,2,3127.5,11,1,3127.6,400,2,3127.7,38,3
2031,2026-06-16 12:18:01+05:30,3127.1,1,3129.97,2006912,129111.0,209660.0,3163.0,3163.0,3108.0,3134.3,31931000,3447.7,2820.9,3839.9,2896.0,3127.0,2,2,3126.9,8,2,3126.8,5,1,3126.2,34,2,3126.0,65,4,3127.1,118,5,3127.4,267,2,3127.5,11,1,3127.6,400,2,3127.7,38,3
2031,2026-06-16 12:18:01+05:30,3127.1,1,3129.97,2006912,129111.0,209660.0,3163.0,3163.0,3108.0,3134.3,31931000,3447.7,2820.9,3839.9,2896.0,3127.0,2,2,3126.9,8,2,3126.8,5,1,3126.2,34,2,3126.0,65,4,3127.1,118,5,3127.4,267,2,3127.5,11,1,3127.6,400,2,3127.7,38,3
2031,2026-06-16 12:18:02+05:30,3126.8,2,3129.97,2006976,128331.0,209879.0,3163.0,3163.0,3108.0,3134.3,31931000,3447.7,2820.9,3839.9,2896.0,3126.0,55,4,3125.9,30,2,3125.8,18,1,3125.7,19,1,3125.6,72,3,3126.8,156,1,3126.9,385,2,3127.1,60,4,3127.2,167,1,3127.3,416,3
2031,2026-06-16 12:18:02+05:30,3126.8,1,3129.97,2006976,128331.0,209879.0,3163.0,3163.0,3108.0,3134.3,31931000,3447.7,2820.9,3839.9,2896.0,3126.0,55,4,3125.9,30,2,3125.8,18,1,3125.7,19,1,3125.6,72,3,3126.8,156,1,3126.9,385,2,3127.1,60,4,3127.2,167,1,3127.3,416,3
2031,2026-06-16 12:18:03+05:30,3126.8,1,3129.97,2006977,128361.0,209750.0,3163.0,3163.0,3108.0,3134.3,31931000,3447.7,2820.9,3839.9,2896.0,3126.0,71,5,3125.9,20,1,3125.8,18,1,3125.7,34,2,3125.6,25,3,3126.8,178,2,3126.9,385,2,3127.1,38,3,3127.2,167,1,3127.3,416,3
2031,2026-06-16 12:18:03+05:30,3126.8,1,3129.97,2006977,128361.0,209750.0,3163.0,3163.0,3108.0,3134.3,31931000,3447.7,2820.9,3839.9,2896.0,3126.0,71,5,3125.9,20,1,3125.8,18,1,3125.7,34,2,3125.6,25,3,3126.8,178,2,3126.9,385,2,3127.1,38,3,3127.2,167,1,3127.3,416,3
2031,2026-06-16 12:18:04+05:30,3126.8,1,3129.97,2006977,128392.0,209906.0,3163.0,3163.0,3108.0,3134.3,31931000,3447.7,2820.9,3839.9,2896.0,3126.1,16,1,3126.0,40,2,3125.7,37,2,3125.6,60,5,3125.5,48,4,3126.8,179,3,3126.9,385,2,3127.0,55,1,3127.1,51,3,3127.2,167,1
2031,2026-06-16 12:18:05+05:30,3126.8,1,3129.97,2006977,128392.0,209906.0,3163.0,3163.0,3108.0,3134.3,31931000,3447.7,2820.9,3839.9,2896.0,3126.1,16,1,3126.0,40,2,3125.7,37,2,3125.6,60,5,3125.5,48,4,3126.8,179,3,3126.9,385,2,3127.0,55,1,3127.1,51,3,3127.2,167,1
2031,2026-06-16 12:18:05+05:30,3126.8,1,3129.97,2006978,128215.0,209906.0,3163.0,3163.0,3108.0,3134.3,31931000,3447.7,2820.9,3839.9,2896.0,3126.1,16,1,3126.0,40,2,3125.7,37,2,3125.6,59,4,3125.5,48,4,3126.8,178,3,3126.9,385,2,3127.0,55,1,3127.1,51,3,3127.2,167,1
2031,2026-06-16 12:18:05+05:30,3126.8,1,3129.97,2006978,128215.0,209906.0,3163.0,3163.0,3108.0,3134.3,31931000,3447.7,2820.9,3839.9,2896.0,3126.1,16,1,3126.0,40,2,3125.7,37,2,3125.6,59,4,3125.5,48,4,3126.8,178,3,3126.9,385,2,3127.0,55,1,3127.1,51,3,3127.2,167,1
2031,2026-06-16 12:18:06+05:30,3126.8,1,3129.97,2006978,128395.0,209907.0,3163.0,3163.0,3108.0,3134.3,31931000,3447.7,2820.9,3839.9,2896.0,3126.1,16,1,3126.0,40,2,3125.7,37,2,3125.6,59,4,3125.5,48,4,3126.8,178,3,3126.9,385,2,3127.0,55,1,3127.1,51,3,3127.2,167,1
2031,2026-06-16 12:18:06+05:30,3126.8,1,3129.97,2006978,128395.0,209907.0,3163.0,3163.0,3108.0,3134.3,31931000,3447.7,2820.9,3839.9,2896.0,3126.1,16,1,3126.0,40,2,3125.7,37,2,3125.6,59,4,3125.5,48,4,3126.8,178,3,3126.9,385,2,3127.0,55,1,3127.1,51,3,3127.2,167,1
2031,2026-06-16 12:18:07+05:30,3126.8,1,3129.97,2006978,128395.0,209907.0,3163.0,3163.0,3108.0,3134.3,31931000,3447.7,2820.9,3839.9,2896.0,3126.1,16,1,3126.0,40,2,3125.7,37,2,3125.6,59,4,3125.5,48,4,3126.8,178,3,3126.9,385,2,3127.0,55,1,3127.1,51,3,3127.2,167,1
2031,2026-06-16 12:18:07+05:30,3126.8,1,3129.97,2006978,128191.0,209846.0,3163.0,3163.0,3108.0,3134.3,31931000,3447.7,2820.9,3839.9,2896.0,3126.3,17,1,3126.0,40,2,3125.7,37,2,3125.6,59,4,3125.5,48,4,3126.8,204,4,3126.9,385,2,3127.0,55,1,3127.1,51,3,3127.2,167,1
2031,2026-06-16 12:18:07+05:30,3126.8,1,3129.97,2006978,128191.0,209846.0,3163.0,3163.0,3108.0,3134.3,31931000,3447.7,2820.9,3839.9,2896.0,3126.3,17,1,3126.0,40,2,3125.7,37,2,3125.6,59,4,3125.5,48,4,3126.8,204,4,3126.9,385,2,3127.0,55,1,3127.1,51,3,3127.2,167,1
2031,2026-06-16 12:18:08+05:30,3126.8,1,3129.97,2006978,128191.0,209846.0,3163.0,3163.0,3108.0,3134.3,31931000,3447.7,2820.9,3839.9,2896.0,3126.3,17,1,3126.0,40,2,3125.7,37,2,3125.6,59,4,3125.5,48,4,3126.8,204,4,3126.9,385,2,3127.0,55,1,3127.1,51,3,3127.2,167,1
2031,2026-06-16 12:18:08+05:30,3126.8,1,3129.97,2006979,128174.0,210012.0,3163.0,3163.0,3108.0,3134.3,31931000,3447.7,2820.9,3839.9,2896.0,3126.4,17,1,3126.0,67,4,3125.7,19,1,3125.6,24,2,3125.5,45,3,3126.8,278,7,3126.9,385,2,3127.0,55,1,3127.1,15,2,3127.2,215,2
2031,2026-06-16 12:18:08+05:30,3126.8,1,3129.97,2006979,128174.0,210012.0,3163.0,3163.0,3108.0,3134.3,31931000,3447.7,2820.9,3839.9,2896.0,3126.4,17,1,3126.0,67,4,3125.7,19,1,3125.6,24,2,3125.5,45,3,3126.8,278,7,3126.9,385,2,3127.0,55,1,3127.1,15,2,3127.2,215,2
2031,2026-06-16 12:18:08+05:30,3126.8,1,3129.97,2006979,128174.0,210012.0,3163.0,3163.0,3108.0,3134.3,31931000,3447.7,2820.9,3839.9,2896.0,3126.4,17,1,3126.0,67,4,3125.7,19,1,3125.6,24,2,3125.5,45,3,3126.8,278,7,3126.9,385,2,3127.0,55,1,3127.1,15,2,3127.2,215,2
2031,2026-06-16 12:18:09+05:30,3126.8,1,3129.97,2006979,128156.0,210036.0,3163.0,3163.0,3108.0,3134.3,31931000,3447.7,2820.9,3839.9,2896.0,3126.4,17,1,3126.0,67,4,3125.6,24,2,3125.5,59,4,3125.4,113,6,3126.6,1,1,3126.8,278,7,3126.9,385,2,3127.0,55,1,3127.1,14,1
2031,2026-06-16 12:18:09+05:30,3126.8,1,3129.97,2006979,128156.0,210036.0,3163.0,3163.0,3108.0,3134.3,31931000,3447.7,2820.9,3839.9,2896.0,3126.4,17,1,3126.0,67,4,3125.6,24,2,3125.5,59,4,3125.4,113,6,3126.6,1,1,3126.8,278,7,3126.9,385,2,3127.0,55,1,3127.1,14,1
2031,2026-06-16 12:18:10+05:30,3126.0,13,3129.97,2007133,128413.0,210138.0,3163.0,3163.0,3108.0,3134.3,31931000,3447.7,2820.9,3839.9,2896.0,3126.7,1,1,3126.4,15,1,3126.0,37,3,3125.7,21,1,3125.6,24,2,3126.8,125,6,3126.9,385,2,3127.0,55,1,3127.1,14,1,3127.2,167,1
2031,2026-06-16 12:18:10+05:30,3126.0,13,3129.97,2007133,128413.0,210138.0,3163.0,3163.0,3108.0,3134.3,31931000,3447.7,2820.9,3839.9,2896.0,3126.7,1,1,3126.4,15,1,3126.0,37,3,3125.7,21,1,3125.6,24,2,3126.8,125,6,3126.9,385,2,3127.0,55,1,3127.1,14,1,3127.2,167,1
2031,2026-06-16 12:18:10+05:30,3126.0,13,3129.97,2007133,128413.0,210138.0,3163.0,3163.0,3108.0,3134.3,31931000,3447.7,2820.9,3839.9,2896.0,3126.7,1,1,3126.4,15,1,3126.0,37,3,3125.7,21,1,3125.6,24,2,3126.8,125,6,3126.9,385,2,3127.0,55,1,3127.1,14,1,3127.2,167,1
2031,2026-06-16 12:18:11+05:30,3126.0,13,3129.97,2007133,128445.0,209933.0,3163.0,3163.0,3108.0,3134.3,31931000,3447.7,2820.9,3839.9,2896.0,3126.7,1,1,3126.4,15,1,3126.0,37,3,3125.7,21,1,3125.6,24,2,3126.8,125,6,3126.9,385,2,3127.0,55,1,3127.1,14,1,3127.2,167,1
2031,2026-06-16 12:18:11+05:30,3126.0,13,3129.97,2007133,128445.0,209933.0,3163.0,3163.0,3108.0,3134.3,31931000,3447.7,2820.9,3839.9,2896.0,3126.7,1,1,3126.4,15,1,3126.0,37,3,3125.7,21,1,3125.6,24,2,3126.8,125,6,3126.9,385,2,3127.0,55,1,3127.1,14,1,3127.2,167,1
2031,2026-06-16 12:18:12+05:30,3126.0,13,3129.97,2007133,128445.0,209933.0,3163.0,3163.0,3108.0,3134.3,31931000,3447.7,2820.9,3839.9,2896.0,3126.7,1,1,3126.4,15,1,3126.0,37,3,3125.7,21,1,3125.6,24,2,3126.8,125,6,3126.9,385,2,3127.0,55,1,3127.1,14,1,3127.2,167,1
2031,2026-06-16 12:18:12+05:30,3126.9,13,3129.97,2007283,128617.0,209773.0,3163.0,3163.0,3108.0,3134.3,31931000,3447.7,2820.9,3839.9,2896.0,3126.7,1,1,3126.0,54,5,3125.7,21,1,3125.6,24,2,3125.5,59,4,3126.9,372,2,3127.0,67,2,3127.1,14,1,3127.2,167,1,3127.3,678,6
2031,2026-06-16 12:18:12+05:30,3126.9,13,3129.97,2007283,128617.0,209773.0,3163.0,3163.0,3108.0,3134.3,31931000,3447.7,2820.9,3839.9,2896.0,3126.7,1,1,3126.0,54,5,3125.7,21,1,3125.6,24,2,3125.5,59,4,3126.9,372,2,3127.0,67,2,3127.1,14,1,3127.2,167,1,3127.3,678,6
2031,2026-06-16 12:18:12+05:30,3126.9,13,3129.97,2007283,128617.0,209773.0,3163.0,3163.0,3108.0,3134.3,31931000,3447.7,2820.9,3839.9,2896.0,3126.7,1,1,3126.0,54,5,3125.7,21,1,3125.6,24,2,3125.5,59,4,3126.9,372,2,3127.0,67,2,3127.1,14,1,3127.2,167,1,3127.3,678,6
2031,2026-06-16 12:18:13+05:30,3126.9,1,3129.97,2007284,128715.0,209748.0,3163.0,3163.0,3108.0,3134.3,31931000,3447.7,2820.9,3839.9,2896.0,3126.0,54,5,3125.7,21,1,3125.6,42,3,3125.5,75,6,3125.4,99,5,3126.9,371,2,3127.0,55,1,3127.1,14,1,3127.2,167,1,3127.3,665,5
2031,2026-06-16 12:18:13+05:30,3126.9,1,3129.97,2007284,128715.0,209748.0,3163.0,3163.0,3108.0,3134.3,31931000,3447.7,2820.9,3839.9,2896.0,3126.0,54,5,3125.7,21,1,3125.6,42,3,3125.5,75,6,3125.4,99,5,3126.9,371,2,3127.0,55,1,3127.1,14,1,3127.2,167,1,3127.3,665,5
2031,2026-06-16 12:18:13+05:30,3126.9,1,3129.97,2007284,128715.0,209748.0,3163.0,3163.0,3108.0,3134.3,31931000,3447.7,2820.9,3839.9,2896.0,3126.0,54,5,3125.7,21,1,3125.6,42,3,3125.5,75,6,3125.4,99,5,3126.9,371,2,3127.0,55,1,3127.1,14,1,3127.2,167,1,3127.3,665,5
2031,2026-06-16 12:18:14+05:30,3126.0,1,3129.97,2007285,128501.0,209796.0,3163.0,3163.0,3108.0,3134.3,31931000,3447.7,2820.9,3839.9,2896.0,3126.0,97,6,3125.9,18,1,3125.8,31,2,3125.7,16,1,3125.6,42,3,3126.9,380,3,3127.0,55,1,3127.2,216,2,3127.3,616,4,3127.4,681,5
2031,2026-06-16 12:18:14+05:30,3126.0,1,3129.97,2007285,128501.0,209796.0,3163.0,3163.0,3108.0,3134.3,31931000,3447.7,2820.9,3839.9,2896.0,3126.0,97,6,3125.9,18,1,3125.8,31,2,3125.7,16,1,3125.6,42,3,3126.9,380,3,3127.0,55,1,3127.2,216,2,3127.3,616,4,3127.4,681,5
2031,2026-06-16 12:18:14+05:30,3126.0,1,3129.97,2007285,128501.0,209796.0,3163.0,3163.0,3108.0,3134.3,31932000,3447.7,2820.9,3839.9,2896.0,3126.0,97,6,3125.9,18,1,3125.8,31,2,3125.7,16,1,3125.6,42,3,3126.9,380,3,3127.0,55,1,3127.2,216,2,3127.3,616,4,3127.4,681,5
2031,2026-06-16 12:18:15+05:30,3126.9,1,3129.97,2007286,128525.0,209798.0,3163.0,3163.0,3108.0,3134.3,31932000,3447.7,2820.9,3839.9,2896.0,3126.1,17,2,3126.0,98,7,3125.9,32,2,3125.8,18,1,3125.7,16,1,3126.9,379,3,3127.0,55,1,3127.2,216,2,3127.3,664,5,3127.4,481,4
2031,2026-06-16 12:18:15+05:30,3126.9,1,3129.97,2007286,128525.0,209798.0,3163.0,3163.0,3108.0,3134.3,31932000,3447.7,2820.9,3839.9,2896.0,3126.1,17,2,3126.0,98,7,3125.9,32,2,3125.8,18,1,3125.7,16,1,3126.9,379,3,3127.0,55,1,3127.2,216,2,3127.3,664,5,3127.4,481,4
2031,2026-06-16 12:18:16+05:30,3126.9,1,3129.97,2007287,129312.0,209701.0,3163.0,3163.0,3108.0,3134.3,31932000,3447.7,2820.9,3839.9,2896.0,3126.5,12,5,3126.4,8,1,3126.3,51,4,3126.2,29,2,3126.1,68,4,3126.9,378,3,3127.0,55,1,3127.2,167,1,3127.3,616,4,3127.4,667,4
2031,2026-06-16 12:18:17+05:30,3126.9,5,3129.97,2007292,129154.0,209737.0,3163.0,3163.0,3108.0,3134.3,31932000,3447.7,2820.9,3839.9,2896.0,3126.6,16,1,3126.5,12,5,3126.4,8,1,3126.3,33,3,3126.2,29,2,3126.9,373,3,3127.0,55,1,3127.2,167,1,3127.3,616,4,3127.4,667,4
2031,2026-06-16 12:18:17+05:30,3126.9,5,3129.97,2007292,129154.0,209737.0,3163.0,3163.0,3108.0,3134.3,31932000,3447.7,2820.9,3839.9,2896.0,3126.6,16,1,3126.5,12,5,3126.4,8,1,3126.3,33,3,3126.2,29,2,3126.9,373,3,3127.0,55,1,3127.2,167,1,3127.3,616,4,3127.4,667,4
2031,2026-06-16 12:18:18+05:30,3126.9,5,3129.97,2007292,129396.0,209673.0,3163.0,3163.0,3108.0,3134.3,31932000,3447.7,2820.9,3839.9,2896.0,3126.6,74,5,3126.5,8,4,3126.4,52,4,3126.3,33,3,3126.2,43,3,3126.9,373,3,3127.0,55,1,3127.2,167,1,3127.3,616,4,3127.4,667,4
2031,2026-06-16 12:18:19+05:30,3126.9,1,3129.97,2007292,129396.0,209673.0,3163.0,3163.0,3108.0,3134.3,31932000,3447.7,2820.9,3839.9,2896.0,3126.6,74,5,3126.5,8,4,3126.4,52,4,3126.3,33,3,3126.2,43,3,3126.9,373,3,3127.0,55,1,3127.2,167,1,3127.3,616,4,3127.4,667,4
2031,2026-06-16 12:18:19+05:30,3126.9,1,3129.97,2007442,129377.0,209475.0,3163.0,3163.0,3108.0,3134.3,31932000,3447.7,2820.9,3839.9,2896.0,3126.6,50,3,3126.5,8,4,3126.4,52,4,3126.3,48,4,3126.2,43,3,3126.9,214,2,3127.0,55,1,3127.2,167,1,3127.3,616,4,3127.4,600,3
2031,2026-06-16 12:18:20+05:30,3126.9,1,3129.97,2007442,129429.0,209820.0,3163.0,3163.0,3108.0,3134.3,31932000,3447.7,2820.9,3839.9,2896.0,3126.7,2,2,3126.6,61,3,3126.5,6,1,3126.4,30,2,3126.3,20,2,3126.9,240,4,3127.0,55,1,3127.2,167,1,3127.3,616,4,3127.4,600,3
2031,2026-06-16 12:18:21+05:30,3126.9,1,3129.97,2007442,129429.0,209820.0,3163.0,3163.0,3108.0,3134.3,31932000,3447.7,2820.9,3839.9,2896.0,3126.7,2,2,3126.6,61,3,3126.5,6,1,3126.4,30,2,3126.3,20,2,3126.9,240,4,3127.0,55,1,3127.2,167,1,3127.3,616,4,3127.4,600,3
2031,2026-06-16 12:18:21+05:30,3126.9,11,3129.97,2007455,129282.0,209639.0,3163.0,3163.0,3108.0,3134.3,31932000,3447.7,2820.9,3839.9,2896.0,3126.7,2,2,3126.6,61,3,3126.5,6,1,3126.4,30,2,3126.3,20,2,3126.9,227,4,3127.0,55,1,3127.2,167,1,3127.3,616,4,3127.4,600,3
2031,2026-06-16 12:18:22+05:30,3126.6,134,3129.97,2007455,129282.0,209639.0,3163.0,3163.0,3108.0,3134.3,31932000,3447.7,2820.9,3839.9,2896.0,3126.7,2,2,3126.6,61,3,3126.5,6,1,3126.4,30,2,3126.3,20,2,3126.9,227,4,3127.0,55,1,3127.2,167,1,3127.3,616,4,3127.4,600,3
2031,2026-06-16 12:18:22+05:30,3126.6,134,3129.97,2007655,129006.0,209657.0,3163.0,3163.0,3108.0,3134.3,31932000,3447.7,2820.9,3839.9,2896.0,3126.6,5,1,3126.4,30,2,3126.3,13,2,3126.2,23,2,3126.1,7,2,3126.9,227,4,3127.0,55,1,3127.2,167,1,3127.3,616,4,3127.4,600,3
2031,2026-06-16 12:18:23+05:30,3126.6,134,3129.97,2007655,128099.0,209490.0,3163.0,3163.0,3108.0,3134.3,31932000,3447.7,2820.9,3839.9,2896.0,3126.6,5,1,3126.4,47,3,3126.3,13,2,3126.2,37,3,3126.1,7,2,3126.9,227,4,3127.0,55,1,3127.2,167,1,3127.3,616,4,3127.4,600,3
2031,2026-06-16 12:18:24+05:30,3126.9,15,3129.97,2007655,128099.0,209490.0,3163.0,3163.0,3108.0,3134.3,31932000,3447.7,2820.9,3839.9,2896.0,3126.6,5,1,3126.4,47,3,3126.3,13,2,3126.2,37,3,3126.1,7,2,3126.9,227,4,3127.0,55,1,3127.2,167,1,3127.3,616,4,3127.4,600,3
2031,2026-06-16 12:18:24+05:30,3126.9,15,3129.97,2007671,128299.0,209211.0,3163.0,3163.0,3108.0,3134.3,31932000,3447.7,2820.9,3839.9,2896.0,3126.6,5,1,3126.4,47,3,3126.3,13,2,3126.2,37,3,3126.1,7,2,3126.9,211,3,3127.0,55,1,3127.2,167,1,3127.3,616,4,3127.4,600,3
2031,2026-06-16 12:18:25+05:30,3126.9,9,3129.97,2007671,128299.0,209211.0,3163.0,3163.0,3108.0,3134.3,31932000,3447.7,2820.9,3839.9,2896.0,3126.6,5,1,3126.4,47,3,3126.3,13,2,3126.2,37,3,3126.1,7,2,3126.9,211,3,3127.0,55,1,3127.2,167,1,3127.3,616,4,3127.4,600,3
2031,2026-06-16 12:18:25+05:30,3126.9,9,3129.97,2007680,128322.0,209716.0,3163.0,3163.0,3108.0,3134.3,31932000,3447.7,2820.9,3839.9,2896.0,3126.6,21,3,3126.4,47,3,3126.3,3,1,3126.2,23,2,3126.1,6,1,3126.9,402,4,3127.0,55,1,3127.2,167,1,3127.3,616,4,3127.4,600,3
2031,2026-06-16 12:18:26+05:30,3126.9,1,3129.97,2007680,128322.0,209716.0,3163.0,3163.0,3108.0,3134.3,31932000,3447.7,2820.9,3839.9,2896.0,3126.6,21,3,3126.4,47,3,3126.3,3,1,3126.2,23,2,3126.1,6,1,3126.9,402,4,3127.0,55,1,3127.2,167,1,3127.3,616,4,3127.4,600,3
2031,2026-06-16 12:18:26+05:30,3126.9,1,3129.97,2007682,128315.0,209815.0,3163.0,3163.0,3108.0,3134.3,31932000,3447.7,2820.9,3839.9,2896.0,3126.6,20,2,3126.4,30,2,3126.3,13,2,3126.2,23,2,3126.1,6,1,3126.9,401,4,3127.0,107,2,3127.2,167,1,3127.3,616,4,3127.4,600,3
2031,2026-06-16 12:18:27+05:30,3126.9,1,3129.97,2007683,128337.0,209865.0,3163.0,3163.0,3108.0,3134.3,31932000,3447.7,2820.9,3839.9,2896.0,3126.6,37,4,3126.4,30,2,3126.3,17,2,3126.2,23,2,3126.1,6,1,3126.9,447,5,3127.0,107,2,3127.2,167,1,3127.3,616,4,3127.4,600,3
2031,2026-06-16 12:18:28+05:30,3126.9,1,3129.97,2007683,128337.0,209865.0,3163.0,3163.0,3108.0,3134.3,31932000,3447.7,2820.9,3839.9,2896.0,3126.6,37,4,3126.4,30,2,3126.3,17,2,3126.2,23,2,3126.1,6,1,3126.9,447,5,3127.0,107,2,3127.2,167,1,3127.3,616,4,3127.4,600,3
2031,2026-06-16 12:18:28+05:30,3126.9,1,3129.97,2007683,128384.0,210063.0,3163.0,3163.0,3108.0,3134.3,31932000,3447.7,2820.9,3839.9,2896.0,3126.6,20,2,3126.4,30,2,3126.3,11,1,3126.2,23,2,3126.1,6,1,3126.8,200,1,3126.9,502,6,3127.0,45,1,3127.2,167,1,3127.3,616,4
2031,2026-06-16 12:18:29+05:30,3126.6,16,3129.97,2007683,128384.0,210063.0,3163.0,3163.0,3108.0,3134.3,31932000,3447.7,2820.9,3839.9,2896.0,3126.6,20,2,3126.4,30,2,3126.3,11,1,3126.2,23,2,3126.1,6,1,3126.8,200,1,3126.9,502,6,3127.0,45,1,3127.2,167,1,3127.3,616,4
2031,2026-06-16 12:18:29+05:30,3126.6,16,3129.97,2007779,128407.0,209895.0,3163.0,3163.0,3108.0,3134.3,31932000,3447.7,2820.9,3839.9,2896.0,3126.6,16,1,3126.4,30,2,3126.3,11,1,3126.2,18,1,3126.1,17,2,3126.8,226,3,3126.9,476,4,3127.0,45,1,3127.2,167,1,3127.3,664,5
2031,2026-06-16 12:18:30+05:30,3126.6,10,3129.97,2007779,128407.0,209895.0,3163.0,3163.0,3108.0,3134.3,31932000,3447.7,2820.9,3839.9,2896.0,3126.6,16,1,3126.4,30,2,3126.3,11,1,3126.2,18,1,3126.1,17,2,3126.8,226,3,3126.9,476,4,3127.0,45,1,3127.2,167,1,3127.3,664,5
2031,2026-06-16 12:18:30+05:30,3126.6,10,3129.97,2007979,128257.0,209959.0,3163.0,3163.0,3108.0,3134.3,31932000,3447.7,2820.9,3839.9,2896.0,3126.6,24,5,3126.5,12,1,3126.4,30,2,3126.3,8,1,3126.2,18,1,3126.8,227,4,3126.9,476,4,3127.0,45,1,3127.2,167,1,3127.3,664,5
2031,2026-06-16 12:18:31+05:30,3126.8,1,3129.97,2007979,128257.0,209959.0,3163.0,3163.0,3108.0,3134.3,31932000,3447.7,2820.9,3839.9,2896.0,3126.6,24,5,3126.5,12,1,3126.4,30,2,3126.3,8,1,3126.2,18,1,3126.8,227,4,3126.9,476,4,3127.0,45,1,3127.2,167,1,3127.3,664,5
2031,2026-06-16 12:18:31+05:30,3126.8,11,3129.97,2007991,128659.0,209641.0,3163.0,3163.0,3108.0,3134.3,31932000,3447.7,2820.9,3839.9,2896.0,3126.6,77,8,3126.5,17,2,3126.4,50,4,3126.3,16,2,3126.2,32,2,3126.8,266,5,3126.9,438,4,3127.0,45,1,3127.2,167,1,3127.3,616,4
2031,2026-06-16 12:18:32+05:30,3126.8,11,3129.97,2007991,128659.0,209641.0,3163.0,3163.0,3108.0,3134.3,31932000,3447.7,2820.9,3839.9,2896.0,3126.6,77,8,3126.5,17,2,3126.4,50,4,3126.3,16,2,3126.2,32,2,3126.8,266,5,3126.9,438,4,3127.0,45,1,3127.2,167,1,3127.3,616,4
2031,2026-06-16 12:18:32+05:30,3126.8,11,3129.97,2007991,128645.0,209855.0,3163.0,3163.0,3108.0,3134.3,31932000,3447.7,2820.9,3839.9,2896.0,3126.6,77,8,3126.5,17,2,3126.4,50,4,3126.3,16,2,3126.2,32,2,3126.8,266,5,3126.9,438,4,3127.0,45,1,3127.1,10,1,3127.2,167,1
2031,2026-06-16 12:18:33+05:30,3126.8,11,3129.97,2007991,128461.0,209890.0,3163.0,3163.0,3108.0,3134.3,31932000,3447.7,2820.9,3839.9,2896.0,3126.6,69,7,3126.5,17,2,3126.4,50,4,3126.3,16,2,3126.2,32,2,3126.8,292,6,3126.9,438,4,3127.0,45,1,3127.1,10,1,3127.2,167,1
2031,2026-06-16 12:18:34+05:30,3126.8,1,3129.97,2007991,128461.0,209890.0,3163.0,3163.0,3108.0,3134.3,31932000,3447.7,2820.9,3839.9,2896.0,3126.6,69,7,3126.5,17,2,3126.4,50,4,3126.3,16,2,3126.2,32,2,3126.8,292,6,3126.9,438,4,3127.0,45,1,3127.1,10,1,3127.2,167,1
2031,2026-06-16 12:18:34+05:30,3126.8,1,3129.97,2007996,128462.0,209888.0,3163.0,3163.0,3108.0,3134.3,31932000,3447.7,2820.9,3839.9,2896.0,3126.6,66,7,3126.5,17,2,3126.4,50,4,3126.3,16,2,3126.2,32,2,3126.8,290,6,3126.9,438,4,3127.0,45,1,3127.1,10,1,3127.2,167,1
2031,2026-06-16 12:18:35+05:30,3126.8,16,3129.97,2007996,128462.0,209888.0,3163.0,3163.0,3108.0,3134.3,31932000,3447.7,2820.9,3839.9,2896.0,3126.6,66,7,3126.5,17,2,3126.4,50,4,3126.3,16,2,3126.2,32,2,3126.8,290,6,3126.9,438,4,3127.0,45,1,3127.1,10,1,3127.2,167,1
2031,2026-06-16 12:18:36+05:30,3126.8,2,3129.97,2008184,128465.0,209601.0,3163.0,3163.0,3108.0,3134.3,31932000,3447.7,2820.9,3839.9,2896.0,3126.6,68,8,3126.5,17,2,3126.4,50,4,3126.3,16,2,3126.2,80,3,3126.8,102,5,3126.9,438,4,3127.0,45,1,3127.1,10,1,3127.2,167,1
2031,2026-06-16 12:18:36+05:30,3126.8,2,3129.97,2008184,128465.0,209601.0,3163.0,3163.0,3108.0,3134.3,31932000,3447.7,2820.9,3839.9,2896.0,3126.6,68,8,3126.5,17,2,3126.4,50,4,3126.3,16,2,3126.2,80,3,3126.8,102,5,3126.9,438,4,3127.0,45,1,3127.1,10,1,3127.2,167,1
2031,2026-06-16 12:18:36+05:30,3126.8,1,3129.97,2008185,128465.0,209538.0,3163.0,3163.0,3108.0,3134.3,31932000,3447.7,2820.9,3839.9,2896.0,3126.6,68,8,3126.5,17,2,3126.4,50,4,3126.3,16,2,3126.2,32,2,3126.8,101,5,3126.9,438,4,3127.0,45,1,3127.1,10,1,3127.2,167,1
2031,2026-06-16 12:18:37+05:30,3126.8,1,3129.97,2008185,128465.0,209538.0,3163.0,3163.0,3108.0,3134.3,31932000,3447.7,2820.9,3839.9,2896.0,3126.6,68,8,3126.5,17,2,3126.4,50,4,3126.3,16,2,3126.2,32,2,3126.8,101,5,3126.9,438,4,3127.0,45,1,3127.1,10,1,3127.2,167,1
2031,2026-06-16 12:18:38+05:30,3126.6,20,3129.97,2008232,128398.0,209504.0,3163.0,3163.0,3108.0,3134.3,31932000,3447.7,2820.9,3839.9,2896.0,3126.6,54,6,3126.5,12,1,3126.4,18,2,3126.3,8,1,3126.2,18,1,3126.8,101,5,3126.9,391,3,3127.0,45,1,3127.1,10,1,3127.2,167,1
2031,2026-06-16 12:18:38+05:30,3126.7,12,3129.97,2008232,128398.0,209504.0,3163.0,3163.0,3108.0,3134.3,31932000,3447.7,2820.9,3839.9,2896.0,3126.6,54,6,3126.5,12,1,3126.4,18,2,3126.3,8,1,3126.2,18,1,3126.8,101,5,3126.9,391,3,3127.0,45,1,3127.1,10,1,3127.2,167,1
2031,2026-06-16 12:18:39+05:30,3126.7,12,3129.97,2008278,128755.0,209406.0,3163.0,3163.0,3108.0,3134.3,31932000,3447.7,2820.9,3839.9,2896.0,3126.6,57,6,3126.5,12,1,3126.4,30,2,3126.2,18,1,3126.1,17,2,3126.7,14,1,3126.8,49,3,3126.9,374,2,3127.0,45,1,3127.1,10,1
2031,2026-06-16 12:18:40+05:30,3126.7,3,3129.97,2008281,128755.0,209383.0,3163.0,3163.0,3108.0,3134.3,31932000,3447.7,2820.9,3839.9,2896.0,3126.6,48,4,3126.5,12,1,3126.4,30,2,3126.2,18,1,3126.1,17,2,3126.7,35,3,3126.9,374,2,3127.0,45,1,3127.1,10,1,3127.2,167,1
2031,2026-06-16 12:18:40+05:30,3126.7,3,3129.97,2008281,128755.0,209383.0,3163.0,3163.0,3108.0,3134.3,31932000,3447.7,2820.9,3839.9,2896.0,3126.6,48,4,3126.5,12,1,3126.4,30,2,3126.2,18,1,3126.1,17,2,3126.7,35,3,3126.9,374,2,3127.0,45,1,3127.1,10,1,3127.2,167,1
2031,2026-06-16 12:18:41+05:30,3126.7,1,3129.97,2008282,128668.0,209383.0,3163.0,3163.0,3108.0,3134.3,31932000,3447.7,2820.9,3839.9,2896.0,3126.6,56,5,3126.5,12,1,3126.4,30,2,3126.2,32,2,3126.1,17,2,3126.7,34,3,3126.9,374,2,3127.0,45,1,3127.1,10,1,3127.2,167,1
2031,2026-06-16 12:18:41+05:30,3126.7,1,3129.97,2008282,128668.0,209383.0,3163.0,3163.0,3108.0,3134.3,31932000,3447.7,2820.9,3839.9,2896.0,3126.6,56,5,3126.5,12,1,3126.4,30,2,3126.2,32,2,3126.1,17,2,3126.7,34,3,3126.9,374,2,3127.0,45,1,3127.1,10,1,3127.2,167,1
2031,2026-06-16 12:18:42+05:30,3126.5,17,3129.97,2008483,127973.0,209196.0,3163.0,3163.0,3108.0,3134.3,31932000,3447.7,2820.9,3839.9,2896.0,3126.6,17,1,3126.4,12,1,3126.0,40,4,3125.9,76,5,3125.8,31,2,3126.7,38,4,3126.8,200,1,3126.9,374,2,3127.0,45,1,3127.1,10,1
2031,2026-06-16 12:18:42+05:30,3126.0,6,3129.97,2008483,127973.0,209196.0,3163.0,3163.0,3108.0,3134.3,31932000,3447.7,2820.9,3839.9,2896.0,3126.6,17,1,3126.4,12,1,3126.0,40,4,3125.9,76,5,3125.8,31,2,3126.7,38,4,3126.8,200,1,3126.9,374,2,3127.0,45,1,3127.1,10,1
2031,2026-06-16 12:18:43+05:30,3125.9,20,3129.97,2008883,127132.0,209773.0,3163.0,3163.0,3108.0,3134.3,31932000,3447.7,2820.9,3839.9,2896.0,3125.9,14,1,3125.8,18,1,3125.6,3,1,3125.5,15,2,3125.4,32,2,3126.7,78,7,3126.8,255,2,3126.9,374,2,3127.0,93,2,3127.1,10,1
2031,2026-06-16 12:18:43+05:30,3125.9,20,3129.97,2008883,127132.0,209773.0,3163.0,3163.0,3108.0,3134.3,31932000,3447.7,2820.9,3839.9,2896.0,3125.9,14,1,3125.8,18,1,3125.6,3,1,3125.5,15,2,3125.4,32,2,3126.7,78,7,3126.8,255,2,3126.9,374,2,3127.0,93,2,3127.1,10,1
2031,2026-06-16 12:18:44+05:30,3125.2,66,3129.97,2009359,126703.0,209574.0,3163.0,3163.0,3108.0,3134.3,31932000,3447.7,2820.9,3839.9,2896.0,3125.6,20,1,3125.5,83,6,3125.4,40,2,3125.3,13,1,3125.2,240,5,3126.7,86,9,3126.8,255,2,3126.9,374,2,3127.0,137,4,3127.1,10,1
2031,2026-06-16 12:18:44+05:30,3125.2,66,3129.97,2009359,126703.0,209574.0,3163.0,3163.0,3108.0,3134.3,31932000,3447.7,2820.9,3839.9,2896.0,3125.6,20,1,3125.5,83,6,3125.4,40,2,3125.3,13,1,3125.2,240,5,3126.7,86,9,3126.8,255,2,3126.9,374,2,3127.0,137,4,3127.1,10,1
2031,2026-06-16 12:18:45+05:30,3125.2,66,3129.97,2009359,127074.0,209466.0,3163.0,3163.0,3108.0,3134.3,31932000,3447.7,2820.9,3839.9,2896.0,3126.2,13,5,3126.1,9,1,3126.0,58,4,3125.8,15,2,3125.6,46,6,3126.7,85,8,3126.8,255,2,3126.9,374,2,3127.0,45,1,3127.1,58,2
2031,2026-06-16 12:18:46+05:30,3125.2,66,3129.97,2009359,126836.0,209014.0,3163.0,3163.0,3108.0,3134.3,31932000,3447.7,2820.9,3839.9,2896.0,3126.2,7,4,3126.1,12,2,3126.0,58,4,3125.9,51,2,3125.8,15,2,3126.7,85,8,3127.0,45,1,3127.1,10,1,3127.4,21,1,3127.6,68,2
2031,2026-06-16 12:18:46+05:30,3125.9,7,3129.97,2009359,126836.0,209014.0,3163.0,3163.0,3108.0,3134.3,31932000,3447.7,2820.9,3839.9,2896.0,3126.2,7,4,3126.1,12,2,3126.0,58,4,3125.9,51,2,3125.8,15,2,3126.7,85,8,3127.0,45,1,3127.1,10,1,3127.4,21,1,3127.6,68,2
2031,2026-06-16 12:18:47+05:30,3126.7,1,3129.97,2009487,126634.0,209717.0,3163.0,3163.0,3108.0,3134.3,31932000,3447.7,2820.9,3839.9,2896.0,3125.6,30,4,3125.5,68,2,3125.4,58,2,3125.3,21,1,3125.2,108,4,3126.7,83,8,3127.0,45,1,3127.1,10,1,3127.2,22,1,3127.3,208,2
2031,2026-06-16 12:18:47+05:30,3125.6,14,3129.97,2009487,126634.0,209717.0,3163.0,3163.0,3108.0,3134.3,31932000,3447.7,2820.9,3839.9,2896.0,3125.6,30,4,3125.5,68,2,3125.4,58,2,3125.3,21,1,3125.2,108,4,3126.7,83,8,3127.0,45,1,3127.1,10,1,3127.2,22,1,3127.3,208,2
2031,2026-06-16 12:18:48+05:30,3125.5,18,3129.97,2009552,126225.0,209905.0,3163.0,3163.0,3108.0,3134.3,31932000,3447.7,2820.9,3839.9,2896.0,3125.6,19,4,3125.5,28,3,3125.4,127,5,3125.3,13,1,3125.2,41,2,3126.2,1,1,3126.7,49,6,3126.9,185,1,3127.0,1065,3,3127.1,58,2
2031,2026-06-16 12:18:48+05:30,3125.5,18,3129.97,2009552,126225.0,209905.0,3163.0,3163.0,3108.0,3134.3,31932000,3447.7,2820.9,3839.9,2896.0,3125.6,19,4,3125.5,28,3,3125.4,127,5,3125.3,13,1,3125.2,41,2,3126.2,1,1,3126.7,49,6,3126.9,185,1,3127.0,1065,3,3127.1,58,2
2031,2026-06-16 12:18:49+05:30,3125.5,18,3129.97,2009552,126223.0,208090.0,3163.0,3163.0,3108.0,3134.3,31932000,3447.7,2820.9,3839.9,2896.0,3125.6,59,5,3125.5,28,3,3125.4,79,4,3125.3,13,1,3125.2,41,2,3126.2,1,1,3126.7,49,6,3126.9,185,1,3127.0,1065,3,3127.1,58,2
2031,2026-06-16 12:18:50+05:30,3125.5,18,3129.97,2009552,126235.0,210119.0,3163.0,3163.0,3108.0,3134.3,31932000,3447.7,2820.9,3839.9,2896.0,3125.6,59,5,3125.5,28,3,3125.4,79,4,3125.3,31,2,3125.2,41,2,3126.2,31,3,3126.7,12,1,3126.9,185,1,3127.0,1065,3,3127.1,58,2
2031,2026-06-16 12:18:51+05:30,3125.0,460,3129.97,2009552,126235.0,210119.0,3163.0,3163.0,3108.0,3134.3,31932000,3447.7,2820.9,3839.9,2896.0,3125.6,59,5,3125.5,28,3,3125.4,79,4,3125.3,31,2,3125.2,41,2,3126.2,31,3,3126.7,12,1,3126.9,185,1,3127.0,1065,3,3127.1,58,2
2031,2026-06-16 12:18:51+05:30,3125.0,460,3129.97,2011512,125638.0,210331.0,3163.0,3163.0,3108.0,3134.3,31932000,3447.7,2820.9,3839.9,2896.0,3125.3,63,6,3125.2,16,1,3125.1,94,5,3125.0,291,4,3124.9,31,2,3126.2,31,3,3126.7,12,1,3126.8,69,2,3126.9,265,3,3127.0,1065,3
2031,2026-06-16 12:18:52+05:30,3125.4,1,3129.97,2011512,125638.0,210331.0,3163.0,3163.0,3108.0,3134.3,31932000,3447.7,2820.9,3839.9,2896.0,3125.3,63,6,3125.2,16,1,3125.1,94,5,3125.0,291,4,3124.9,31,2,3126.2,31,3,3126.7,12,1,3126.8,69,2,3126.9,265,3,3127.0,1065,3
2031,2026-06-16 12:18:52+05:30,3126.2,1,3129.97,2011514,125621.0,208539.0,3163.0,3163.0,3108.0,3134.3,31932000,3447.7,2820.9,3839.9,2896.0,3125.3,46,6,3125.2,16,1,3125.1,94,5,3125.0,291,4,3124.9,31,2,3126.2,32,4,3126.7,12,1,3126.8,117,3,3126.9,265,3,3127.0,1065,3
2031,2026-06-16 12:18:53+05:30,3126.2,1,3129.97,2011514,125621.0,208539.0,3163.0,3163.0,3108.0,3134.3,31932000,3447.7,2820.9,3839.9,2896.0,3125.3,46,6,3125.2,16,1,3125.1,94,5,3125.0,291,4,3124.9,31,2,3126.2,32,4,3126.7,12,1,3126.8,117,3,3126.9,265,3,3127.0,1065,3
2031,2026-06-16 12:18:53+05:30,3126.2,1,3129.97,2011515,125751.0,210686.0,3163.0,3163.0,3108.0,3134.3,31932000,3447.7,2820.9,3839.9,2896.0,3125.3,115,7,3125.2,16,1,3125.1,62,4,3125.0,291,4,3124.9,74,3,3126.2,108,5,3126.7,12,1,3126.8,117,3,3126.9,265,3,3127.0,1065,3
2031,2026-06-16 12:18:54+05:30,3126.2,1,3129.97,2011515,125751.0,210686.0,3163.0,3163.0,3108.0,3134.3,31932000,3447.7,2820.9,3839.9,2896.0,3125.3,115,7,3125.2,16,1,3125.1,62,4,3125.0,291,4,3124.9,74,3,3126.2,108,5,3126.7,12,1,3126.8,117,3,3126.9,265,3,3127.0,1065,3
2031,2026-06-16 12:18:54+05:30,3126.2,1,3129.97,2011518,125672.0,211352.0,3163.0,3163.0,3108.0,3134.3,31932000,3447.7,2820.9,3839.9,2896.0,3125.3,101,6,3125.2,16,1,3125.1,94,5,3125.0,309,5,3124.9,31,2,3126.2,169,7,3126.7,12,1,3126.8,117,3,3126.9,265,3,3127.0,1065,3
2031,2026-06-16 12:18:55+05:30,3126.2,1,3129.97,2011518,125821.0,211354.0,3163.0,3163.0,3108.0,3134.3,31932000,3447.7,2820.9,3839.9,2896.0,3125.3,101,6,3125.2,16,1,3125.1,94,5,3125.0,309,5,3124.9,31,2,3126.2,169,7,3126.7,12,1,3126.8,117,3,3126.9,265,3,3127.0,1065,3
2031,2026-06-16 12:18:56+05:30,3126.2,1,3129.97,2011518,125821.0,211354.0,3163.0,3163.0,3108.0,3134.3,31932000,3447.7,2820.9,3839.9,2896.0,3125.3,101,6,3125.2,16,1,3125.1,94,5,3125.0,309,5,3124.9,31,2,3126.2,169,7,3126.7,12,1,3126.8,117,3,3126.9,265,3,3127.0,1065,3
2031,2026-06-16 12:18:56+05:30,3126.2,1,3129.97,2011518,125652.0,210365.0,3163.0,3163.0,3108.0,3134.3,31932000,3447.7,2820.9,3839.9,2896.0,3125.3,103,5,3125.2,16,1,3125.1,47,3,3125.0,242,3,3124.9,31,2,3125.9,1,1,3126.2,169,7,3126.7,12,1,3126.8,117,3,3126.9,244,2
2031,2026-06-16 12:18:57+05:30,3126.2,1,3129.97,2011518,125640.0,210946.0,3163.0,3163.0,3108.0,3134.3,31932000,3447.7,2820.9,3839.9,2896.0,3125.3,95,4,3125.2,34,2,3125.1,47,3,3125.0,290,4,3124.9,31,2,3125.8,79,2,3125.9,36,2,3126.2,91,5,3126.7,12,1,3126.8,117,3
2031,2026-06-16 12:18:58+05:30,3126.2,1,3129.97,2011518,125640.0,210946.0,3163.0,3163.0,3108.0,3134.3,31932000,3447.7,2820.9,3839.9,2896.0,3125.3,95,4,3125.2,34,2,3125.1,47,3,3125.0,290,4,3124.9,31,2,3125.8,79,2,3125.9,36,2,3126.2,91,5,3126.7,12,1,3126.8,117,3
2031,2026-06-16 12:18:58+05:30,3125.8,1,3129.97,2011518,125640.0,210946.0,3163.0,3163.0,3108.0,3134.3,31932000,3447.7,2820.9,3839.9,2896.0,3125.3,95,4,3125.2,34,2,3125.1,47,3,3125.0,290,4,3124.9,31,2,3125.8,79,2,3125.9,36,2,3126.2,91,5,3126.7,12,1,3126.8,117,3
2031,2026-06-16 12:18:58+05:30,3125.8,1,3129.97,2011520,125646.0,209130.0,3163.0,3163.0,3108.0,3134.3,31932000,3447.7,2820.9,3839.9,2896.0,3125.3,95,4,3125.2,34,2,3125.1,47,3,3125.0,290,4,3124.9,31,2,3125.8,108,3,3125.9,36,2,3126.2,42,2,3126.7,12,1,3126.8,117,3
2031,2026-06-16 12:18:59+05:30,3125.8,1,3129.97,2011520,125646.0,209130.0,3163.0,3163.0,3108.0,3134.3,31932000,3447.7,2820.9,3839.9,2896.0,3125.3,95,4,3125.2,34,2,3125.1,47,3,3125.0,290,4,3124.9,31,2,3125.8,108,3,3125.9,36,2,3126.2,42,2,3126.7,12,1,3126.8,117,3
2031,2026-06-16 12:18:59+05:30,3125.8,1,3129.97,2011521,125644.0,210729.0,3163.0,3163.0,3108.0,3134.3,31932000,3447.7,2820.9,3839.9,2896.0,3125.3,95,4,3125.2,16,1,3125.1,62,4,3125.0,272,3,3124.9,31,2,3125.8,107,3,3125.9,36,2,3126.2,42,2,3126.7,12,1,3126.8,117,3
2031,2026-06-16 12:19:00+05:30,3125.8,1,3129.97,2011521,125644.0,210729.0,3163.0,3163.0,3108.0,3134.3,31932000,3447.7,2820.9,3839.9,2896.0,3125.3,95,4,3125.2,16,1,3125.1,62,4,3125.0,272,3,3124.9,31,2,3125.8,107,3,3125.9,36,2,3126.2,42,2,3126.7,12,1,3126.8,117,3
2031,2026-06-16 12:19:00+05:30,3125.8,1,3129.97,2011521,125644.0,210729.0,3163.0,3163.0,3108.0,3134.3,31932000,3447.7,2820.9,3839.9,2896.0,3125.3,95,4,3125.2,16,1,3125.1,62,4,3125.0,272,3,3124.9,31,2,3125.8,107,3,3125.9,36,2,3126.2,42,2,3126.7,12,1,3126.8,117,3
2031,2026-06-16 12:19:00+05:30,3125.8,1,3129.97,2011524,125680.0,209283.0,3163.0,3163.0,3108.0,3134.3,31932000,3447.7,2820.9,3839.9,2896.0,3125.6,2,2,3125.3,100,6,3125.2,16,1,3125.1,62,4,3125.0,290,4,3125.8,105,4,3125.9,36,2,3126.2,42,2,3126.7,33,2,3126.8,117,3
2031,2026-06-16 12:19:01+05:30,3125.8,1,3129.97,2011524,125680.0,209283.0,3163.0,3163.0,3108.0,3134.3,31932000,3447.7,2820.9,3839.9,2896.0,3125.6,2,2,3125.3,100,6,3125.2,16,1,3125.1,62,4,3125.0,290,4,3125.8,105,4,3125.9,36,2,3126.2,42,2,3126.7,33,2,3126.8,117,3
2031,2026-06-16 12:19:01+05:30,3125.8,11,3129.96,2011688,125579.0,211105.0,3163.0,3163.0,3108.0,3134.3,31932000,3447.7,2820.9,3839.9,2896.0,3125.6,17,2,3125.3,19,4,3125.0,222,1,3124.9,35,2,3124.8,73,3,3125.8,20,3,3125.9,36,2,3126.2,42,2,3126.5,21,1,3126.6,69,3
2031,2026-06-16 12:19:01+05:30,3125.8,11,3129.96,2011688,125579.0,211105.0,3163.0,3163.0,3108.0,3134.3,31932000,3447.7,2820.9,3839.9,2896.0,3125.6,17,2,3125.3,19,4,3125.0,222,1,3124.9,35,2,3124.8,73,3,3125.8,20,3,3125.9,36,2,3126.2,42,2,3126.5,21,1,3126.6,69,3
2031,2026-06-16 12:19:02+05:30,3125.8,1,3129.96,2011688,125579.0,211105.0,3163.0,3163.0,3108.0,3134.3,31932000,3447.7,2820.9,3839.9,2896.0,3125.6,17,2,3125.3,19,4,3125.0,222,1,3124.9,35,2,3124.8,73,3,3125.8,20,3,3125.9,36,2,3126.2,42,2,3126.5,21,1,3126.6,69,3
2031,2026-06-16 12:19:02+05:30,3125.8,1,3129.96,2011700,125582.0,211144.0,3163.0,3163.0,3108.0,3134.3,31932000,3447.7,2820.9,3839.9,2896.0,3125.6,6,1,3125.3,19,4,3125.0,222,1,3124.9,35,2,3124.8,73,3,3125.8,19,3,3125.9,36,2,3126.2,42,2,3126.4,76,2,3126.5,21,1
2031,2026-06-16 12:19:03+05:30,3125.8,1,3129.96,2011700,125582.0,211144.0,3163.0,3163.0,3108.0,3134.3,31932000,3447.7,2820.9,3839.9,2896.0,3125.6,6,1,3125.3,19,4,3125.0,222,1,3124.9,35,2,3124.8,73,3,3125.8,19,3,3125.9,36,2,3126.2,42,2,3126.4,76,2,3126.5,21,1
2031,2026-06-16 12:19:03+05:30,3125.8,1,3129.96,2011702,125602.0,212149.0,3163.0,3163.0,3108.0,3134.3,31932000,3447.7,2820.9,3839.9,2896.0,3125.7,17,1,3125.3,19,4,3125.0,222,1,3124.9,35,2,3124.8,55,2,3125.8,17,3,3125.9,36,2,3126.2,42,2,3126.3,21,1,3126.4,76,2
2031,2026-06-16 12:19:03+05:30,3125.8,1,3129.96,2011702,125602.0,212149.0,3163.0,3163.0,3108.0,3134.3,31932000,3447.7,2820.9,3839.9,2896.0,3125.7,17,1,3125.3,19,4,3125.0,222,1,3124.9,35,2,3124.8,55,2,3125.8,17,3,3125.9,36,2,3126.2,42,2,3126.3,21,1,3126.4,76,2
2031,2026-06-16 12:19:04+05:30,3125.8,1,3129.96,2011702,125602.0,212149.0,3163.0,3163.0,3108.0,3134.3,31932000,3447.7,2820.9,3839.9,2896.0,3125.7,17,1,3125.3,19,4,3125.0,222,1,3124.9,35,2,3124.8,55,2,3125.8,17,3,3125.9,36,2,3126.2,42,2,3126.3,21,1,3126.4,76,2
2031,2026-06-16 12:19:04+05:30,3125.0,2,3129.96,2012104,125272.0,211280.0,3163.0,3163.0,3108.0,3134.3,31932000,3447.7,2820.9,3839.9,2896.0,3125.0,248,4,3124.9,45,3,3124.8,16,1,3124.7,28,2,3124.6,29,2,3125.8,15,3,3125.9,36,2,3126.2,42,2,3126.4,97,2,3126.5,21,1
2031,2026-06-16 12:19:05+05:30,3125.0,2,3129.96,2012104,125272.0,211280.0,3163.0,3163.0,3108.0,3134.3,31932000,3447.7,2820.9,3839.9,2896.0,3125.0,248,4,3124.9,45,3,3124.8,16,1,3124.7,28,2,3124.6,29,2,3125.8,15,3,3125.9,36,2,3126.2,42,2,3126.4,97,2,3126.5,21,1
2031,2026-06-16 12:19:05+05:30,3125.8,1,3129.96,2012104,125272.0,211280.0,3163.0,3163.0,3108.0,3134.3,31932000,3447.7,2820.9,3839.9,2896.0,3125.0,248,4,3124.9,45,3,3124.8,16,1,3124.7,28,2,3124.6,29,2,3125.8,15,3,3125.9,36,2,3126.2,42,2,3126.4,97,2,3126.5,21,1
2031,2026-06-16 12:19:05+05:30,3125.8,1,3129.96,2012146,125351.0,212052.0,3163.0,3163.0,3108.0,3134.3,31932000,3447.7,2820.9,3839.9,2896.0,3125.3,8,1,3125.0,237,5,3124.9,14,1,3124.8,101,4,3124.7,106,3,3125.8,14,3,3125.9,36,2,3126.2,1,1,3126.4,97,2,3126.6,253,4
2031,2026-06-16 12:19:06+05:30,3125.8,1,3129.96,2012146,125351.0,212052.0,3163.0,3163.0,3108.0,3134.3,31932000,3447.7,2820.9,3839.9,2896.0,3125.3,8,1,3125.0,237,5,3124.9,14,1,3124.8,101,4,3124.7,106,3,3125.8,14,3,3125.9,36,2,3126.2,1,1,3126.4,97,2,3126.6,253,4
2031,2026-06-16 12:19:06+05:30,3125.8,1,3129.96,2012152,125326.0,212029.0,3163.0,3163.0,3108.0,3134.3,31932000,3447.7,2820.9,3839.9,2896.0,3125.3,9,2,3125.0,229,4,3124.9,14,1,3124.8,83,3,3124.7,124,4,3125.8,8,3,3125.9,36,2,3126.2,1,1,3126.4,97,2,3126.5,21,1
2031,2026-06-16 12:19:06+05:30,3125.8,1,3129.96,2012152,125326.0,212029.0,3163.0,3163.0,3108.0,3134.3,31932000,3447.7,2820.9,3839.9,2896.0,3125.3,9,2,3125.0,229,4,3124.9,14,1,3124.8,83,3,3124.7,124,4,3125.8,8,3,3125.9,36,2,3126.2,1,1,3126.4,97,2,3126.5,21,1
2031,2026-06-16 12:19:07+05:30,3125.8,1,3129.96,2012152,125326.0,212029.0,3163.0,3163.0,3108.0,3134.3,31932000,3447.7,2820.9,3839.9,2896.0,3125.3,9,2,3125.0,229,4,3124.9,14,1,3124.8,83,3,3124.7,124,4,3125.8,8,3,3125.9,36,2,3126.2,1,1,3126.4,97,2,3126.5,21,1
2031,2026-06-16 12:19:07+05:30,3125.8,1,3129.96,2012154,125338.0,212041.0,3163.0,3163.0,3108.0,3134.3,31932000,3447.7,2820.9,3839.9,2896.0,3125.3,9,2,3125.0,216,3,3124.9,14,1,3124.8,83,3,3124.7,124,4,3125.8,11,5,3125.9,36,2,3126.2,1,1,3126.3,21,1,3126.4,97,2
2031,2026-06-16 12:19:07+05:30,3125.8,1,3129.96,2012154,125338.0,212041.0,3163.0,3163.0,3108.0,3134.3,31932000,3447.7,2820.9,3839.9,2896.0,3125.3,9,2,3125.0,216,3,3124.9,14,1,3124.8,83,3,3124.7,124,4,3125.8,11,5,3125.9,36,2,3126.2,1,1,3126.3,21,1,3126.4,97,2
2031,2026-06-16 12:19:08+05:30,3125.8,1,3129.96,2012154,125338.0,212041.0,3163.0,3163.0,3108.0,3134.3,31932000,3447.7,2820.9,3839.9,2896.0,3125.3,9,2,3125.0,216,3,3124.9,14,1,3124.8,83,3,3124.7,124,4,3125.8,11,5,3125.9,36,2,3126.2,1,1,3126.3,21,1,3126.4,97,2
2031,2026-06-16 12:19:08+05:30,3125.5,1,3129.96,2012154,125338.0,212041.0,3163.0,3163.0,3108.0,3134.3,31932000,3447.7,2820.9,3839.9,2896.0,3125.3,9,2,3125.0,216,3,3124.9,14,1,3124.8,83,3,3124.7,124,4,3125.8,11,5,3125.9,36,2,3126.2,1,1,3126.3,21,1,3126.4,97,2
2031,2026-06-16 12:19:08+05:30,3125.8,1,3129.96,2012174,125479.0,209849.0,3163.0,3163.0,3108.0,3134.3,31932000,3447.7,2820.9,3839.9,2896.0,3125.5,7,1,3125.3,1,1,3125.0,234,4,3124.9,32,2,3124.8,116,4,3125.8,12,1,3125.9,35,1,3126.4,97,2,3126.6,54,2,3126.7,37,3
2031,2026-06-16 12:19:08+05:30,3125.8,1,3129.96,2012174,125479.0,209849.0,3163.0,3163.0,3108.0,3134.3,31932000,3447.7,2820.9,3839.9,2896.0,3125.5,7,1,3125.3,1,1,3125.0,234,4,3124.9,32,2,3124.8,116,4,3125.8,12,1,3125.9,35,1,3126.4,97,2,3126.6,54,2,3126.7,37,3
2031,2026-06-16 12:19:09+05:30,3125.8,1,3129.96,2012174,125479.0,209849.0,3163.0,3163.0,3108.0,3134.3,31932000,3447.7,2820.9,3839.9,2896.0,3125.5,7,1,3125.3,1,1,3125.0,234,4,3124.9,32,2,3124.8,116,4,3125.8,12,1,3125.9,35,1,3126.4,97,2,3126.6,54,2,3126.7,37,3
2031,2026-06-16 12:19:09+05:30,3125.8,1,3129.96,2012174,125479.0,209849.0,3163.0,3163.0,3108.0,3134.3,31932000,3447.7,2820.9,3839.9,2896.0,3125.5,7,1,3125.3,1,1,3125.0,234,4,3124.9,32,2,3124.8,116,4,3125.8,12,1,3125.9,35,1,3126.4,97,2,3126.6,54,2,3126.7,37,3
2031,2026-06-16 12:19:09+05:30,3125.8,1,3129.96,2012175,125532.0,209854.0,3163.0,3163.0,3108.0,3134.3,31932000,3447.7,2820.9,3839.9,2896.0,3125.5,7,1,3125.3,1,1,3125.0,234,4,3124.9,32,2,3124.8,164,5,3125.8,11,1,3125.9,35,1,3126.4,97,2,3126.6,54,2,3126.7,37,3
2031,2026-06-16 12:19:10+05:30,3125.8,1,3129.96,2012175,125532.0,209854.0,3163.0,3163.0,3108.0,3134.3,31932000,3447.7,2820.9,3839.9,2896.0,3125.5,7,1,3125.3,1,1,3125.0,234,4,3124.9,32,2,3124.8,164,5,3125.8,11,1,3125.9,35,1,3126.4,97,2,3126.6,54,2,3126.7,37,3
2031,2026-06-16 12:19:10+05:30,3125.8,11,3129.96,2012186,126295.0,211442.0,3163.0,3163.0,3108.0,3134.3,31932000,3447.7,2820.9,3839.9,2896.0,3125.8,3,2,3125.5,8,2,3125.3,18,2,3125.1,205,3,3125.0,234,4,3126.7,33,2,3126.8,96,2,3126.9,113,2,3127.0,1189,6,3127.1,374,5
2031,2026-06-16 12:19:10+05:30,3125.8,11,3129.96,2012186,126295.0,211442.0,3163.0,3163.0,3108.0,3134.3,31932000,3447.7,2820.9,3839.9,2896.0,3125.8,3,2,3125.5,8,2,3125.3,18,2,3125.1,205,3,3125.0,234,4,3126.7,33,2,3126.8,96,2,3126.9,113,2,3127.0,1189,6,3127.1,374,5
2031,2026-06-16 12:19:10+05:30,3125.8,11,3129.96,2012186,126295.0,211442.0,3163.0,3163.0,3108.0,3134.3,31932000,3447.7,2820.9,3839.9,2896.0,3125.8,3,2,3125.5,8,2,3125.3,18,2,3125.1,205,3,3125.0,234,4,3126.7,33,2,3126.8,96,2,3126.9,113,2,3127.0,1189,6,3127.1,374,5
2031,2026-06-16 12:19:11+05:30,3125.8,11,3129.96,2012186,126234.0,211281.0,3163.0,3163.0,3108.0,3134.3,31932000,3447.7,2820.9,3839.9,2896.0,3125.8,5,3,3125.5,8,2,3125.3,18,2,3125.1,40,2,3125.0,234,4,3126.6,35,2,3126.7,44,3,3126.8,66,2,3126.9,113,2,3127.0,1389,7
2031,2026-06-16 12:19:11+05:30,3125.8,11,3129.96,2012186,126234.0,211281.0,3163.0,3163.0,3108.0,3134.3,31932000,3447.7,2820.9,3839.9,2896.0,3125.8,5,3,3125.5,8,2,3125.3,18,2,3125.1,40,2,3125.0,234,4,3126.6,35,2,3126.7,44,3,3126.8,66,2,3126.9,113,2,3127.0,1389,7
2031,2026-06-16 12:19:12+05:30,3125.8,11,3129.96,2012186,126234.0,211281.0,3163.0,3163.0,3108.0,3134.3,31932000,3447.7,2820.9,3839.9,2896.0,3125.8,5,3,3125.5,8,2,3125.3,18,2,3125.1,40,2,3125.0,234,4,3126.6,35,2,3126.7,44,3,3126.8,66,2,3126.9,113,2,3127.0,1389,7
2031,2026-06-16 12:19:12+05:30,3125.8,4,3129.96,2012186,126234.0,211281.0,3163.0,3163.0,3108.0,3134.3,31932000,3447.7,2820.9,3839.9,2896.0,3125.8,5,3,3125.5,8,2,3125.3,18,2,3125.1,40,2,3125.0,234,4,3126.6,35,2,3126.7,44,3,3126.8,66,2,3126.9,113,2,3127.0,1389,7
2031,2026-06-16 12:19:12+05:30,3125.8,4,3129.96,2012200,126124.0,211301.0,3163.0,3163.0,3108.0,3134.3,31932000,3447.7,2820.9,3839.9,2896.0,3125.5,8,2,3125.3,18,2,3125.1,40,2,3125.0,234,4,3124.9,34,2,3126.6,79,3,3126.7,44,3,3126.8,66,2,3126.9,206,2,3127.0,1414,9
2031,2026-06-16 12:19:13+05:30,3125.8,4,3129.96,2012200,126124.0,211301.0,3163.0,3163.0,3108.0,3134.3,31932000,3447.7,2820.9,3839.9,2896.0,3125.5,8,2,3125.3,18,2,3125.1,40,2,3125.0,234,4,3124.9,34,2,3126.6,79,3,3126.7,44,3,3126.8,66,2,3126.9,206,2,3127.0,1414,9
2031,2026-06-16 12:19:13+05:30,3126.6,1,3129.96,2012200,126124.0,211301.0,3163.0,3163.0,3108.0,3134.3,31932000,3447.7,2820.9,3839.9,2896.0,3125.5,8,2,3125.3,18,2,3125.1,40,2,3125.0,234,4,3124.9,34,2,3126.6,79,3,3126.7,44,3,3126.8,66,2,3126.9,206,2,3127.0,1414,9
2031,2026-06-16 12:19:13+05:30,3126.6,1,3129.96,2012201,126278.0,211084.0,3163.0,3163.0,3108.0,3134.3,31932000,3447.7,2820.9,3839.9,2896.0,3125.8,15,1,3125.5,8,2,3125.3,1,1,3125.1,193,3,3125.0,234,4,3126.6,89,4,3126.7,12,1,3126.8,136,4,3126.9,54,1,3127.0,1361,7
2031,2026-06-16 12:19:14+05:30,3126.6,1,3129.96,2012201,126278.0,211084.0,3163.0,3163.0,3108.0,3134.3,31932000,3447.7,2820.9,3839.9,2896.0,3125.8,15,1,3125.5,8,2,3125.3,1,1,3125.1,193,3,3125.0,234,4,3126.6,89,4,3126.7,12,1,3126.8,136,4,3126.9,54,1,3127.0,1361,7
2031,2026-06-16 12:19:14+05:30,3126.6,1,3129.96,2012201,126278.0,211084.0,3163.0,3163.0,3108.0,3134.3,31932000,3447.7,2820.9,3839.9,2896.0,3125.8,15,1,3125.5,8,2,3125.3,1,1,3125.1,193,3,3125.0,234,4,3126.6,89,4,3126.7,12,1,3126.8,136,4,3126.9,54,1,3127.0,1361,7
2031,2026-06-16 12:19:14+05:30,3126.6,1,3129.96,2012205,126294.0,211263.0,3163.0,3163.0,3108.0,3134.3,31932000,3447.7,2820.9,3839.9,2896.0,3125.8,13,1,3125.5,8,2,3125.3,1,1,3125.1,193,3,3125.0,234,4,3126.6,87,4,3126.7,12,1,3126.8,136,4,3126.9,54,1,3127.0,1161,6
2031,2026-06-16 12:19:15+05:30,3126.6,1,3129.96,2012205,126294.0,211263.0,3163.0,3163.0,3108.0,3134.3,31932600,3447.7,2820.9,3839.9,2896.0,3125.8,13,1,3125.5,8,2,3125.3,1,1,3125.1,193,3,3125.0,234,4,3126.6,87,4,3126.7,12,1,3126.8,136,4,3126.9,54,1,3127.0,1161,6
2031,2026-06-16 12:19:15+05:30,3126.6,10,3129.96,2012216,126289.0,209231.0,3163.0,3163.0,3108.0,3134.3,31932600,3447.7,2820.9,3839.9,2896.0,3126.2,2,2,3125.8,14,3,3125.5,1,1,3125.3,39,3,3125.2,18,1,3126.6,121,5,3126.7,12,1,3126.8,66,2,3127.0,1113,4,3127.1,112,3
2031,2026-06-16 12:19:15+05:30,3126.2,1,3129.96,2012216,126289.0,209231.0,3163.0,3163.0,3108.0,3134.3,31932600,3447.7,2820.9,3839.9,2896.0,3126.2,2,2,3125.8,14,3,3125.5,1,1,3125.3,39,3,3125.2,18,1,3126.6,121,5,3126.7,12,1,3126.8,66,2,3127.0,1113,4,3127.1,112,3
2031,2026-06-16 12:19:16+05:30,3126.2,1,3129.96,2012216,126289.0,209231.0,3163.0,3163.0,3108.0,3134.3,31932600,3447.7,2820.9,3839.9,2896.0,3126.2,2,2,3125.8,14,3,3125.5,1,1,3125.3,39,3,3125.2,18,1,3126.6,121,5,3126.7,12,1,3126.8,66,2,3127.0,1113,4,3127.1,112,3
2031,2026-06-16 12:19:16+05:30,3126.2,1,3129.96,2012221,126328.0,210877.0,3163.0,3163.0,3108.0,3134.3,31932600,3447.7,2820.9,3839.9,2896.0,3126.3,16,1,3126.2,1,1,3126.1,3,1,3125.8,2,2,3125.5,1,1,3126.4,4,1,3126.5,21,1,3126.6,178,8,3126.7,29,2,3126.8,48,1
2031,2026-06-16 12:19:17+05:30,3126.4,4,3129.96,2012221,126328.0,210877.0,3163.0,3163.0,3108.0,3134.3,31932600,3447.7,2820.9,3839.9,2896.0,3126.3,16,1,3126.2,1,1,3126.1,3,1,3125.8,2,2,3125.5,1,1,3126.4,4,1,3126.5,21,1,3126.6,178,8,3126.7,29,2,3126.8,48,1
2031,2026-06-16 12:19:17+05:30,3126.4,4,3129.96,2012226,127044.0,211101.0,3163.0,3163.0,3108.0,3134.3,31932600,3447.7,2820.9,3839.9,2896.0,3126.5,12,1,3126.3,1,1,3126.2,1,1,3126.1,3,1,3125.8,18,3,3126.6,122,5,3126.7,33,2,3126.8,48,1,3126.9,200,1,3127.0,1437,5
2031,2026-06-16 12:19:18+05:30,3126.4,20,3129.96,2012374,126129.0,209066.0,3163.0,3163.0,3108.0,3134.3,31932600,3447.7,2820.9,3839.9,2896.0,3126.4,5,1,3126.3,15,2,3126.2,1,1,3126.1,3,1,3125.8,2,2,3126.7,12,1,3126.9,200,1,3127.0,1479,7,3127.1,58,2,3127.2,50,2
2031,2026-06-16 12:19:18+05:30,3126.4,20,3129.96,2012374,126129.0,209066.0,3163.0,3163.0,3108.0,3134.3,31932600,3447.7,2820.9,3839.9,2896.0,3126.4,5,1,3126.3,15,2,3126.2,1,1,3126.1,3,1,3125.8,2,2,3126.7,12,1,3126.9,200,1,3127.0,1479,7,3127.1,58,2,3127.2,50,2
2031,2026-06-16 12:19:19+05:30,3126.7,1,3129.96,2012376,126658.0,211017.0,3163.0,3163.0,3108.0,3134.3,31932600,3447.7,2820.9,3839.9,2896.0,3126.4,21,2,3126.3,1,1,3126.2,1,1,3126.1,3,1,3125.8,2,2,3126.7,11,1,3126.9,21,1,3127.0,1084,4,3127.1,58,2,3127.2,50,2
2031,2026-06-16 12:19:19+05:30,3126.4,1,3129.96,2012376,126658.0,211017.0,3163.0,3163.0,3108.0,3134.3,31932600,3447.7,2820.9,3839.9,2896.0,3126.4,21,2,3126.3,1,1,3126.2,1,1,3126.1,3,1,3125.8,2,2,3126.7,11,1,3126.9,21,1,3127.0,1084,4,3127.1,58,2,3127.2,50,2
2031,2026-06-16 12:19:20+05:30,3126.7,5,3129.96,2012383,126832.0,211012.0,3163.0,3163.0,3108.0,3134.3,31932600,3447.7,2820.9,3839.9,2896.0,3126.4,20,2,3126.3,1,1,3126.2,1,1,3126.1,3,1,3125.8,2,2,3126.7,5,1,3126.9,21,1,3127.0,1084,4,3127.1,58,2,3127.2,50,2
2031,2026-06-16 12:19:20+05:30,3126.4,1,3129.96,2012383,126832.0,211012.0,3163.0,3163.0,3108.0,3134.3,31932600,3447.7,2820.9,3839.9,2896.0,3126.4,20,2,3126.3,1,1,3126.2,1,1,3126.1,3,1,3125.8,2,2,3126.7,5,1,3126.9,21,1,3127.0,1084,4,3127.1,58,2,3127.2,50,2
2031,2026-06-16 12:19:21+05:30,3126.6,5,3129.96,2012523,125552.0,211219.0,3163.0,3163.0,3108.0,3134.3,31932600,3447.7,2820.9,3839.9,2896.0,3126.6,13,2,3126.4,2,1,3126.3,17,2,3126.2,1,1,3126.1,3,1,3126.7,35,4,3126.8,17,1,3126.9,266,4,3127.0,1458,6,3127.1,58,2
2031,2026-06-16 12:19:21+05:30,3126.6,5,3129.96,2012523,125552.0,211219.0,3163.0,3163.0,3108.0,3134.3,31932600,3447.7,2820.9,3839.9,2896.0,3126.6,13,2,3126.4,2,1,3126.3,17,2,3126.2,1,1,3126.1,3,1,3126.7,35,4,3126.8,17,1,3126.9,266,4,3127.0,1458,6,3127.1,58,2
2031,2026-06-16 12:19:22+05:30,3126.4,82,3129.96,2012724,125809.0,210872.0,3163.0,3163.0,3108.0,3134.3,31932600,3447.7,2820.9,3839.9,2896.0,3126.4,14,1,3126.3,1,1,3126.2,1,1,3126.1,3,1,3125.8,2,2,3126.7,52,5,3126.8,46,2,3126.9,200,1,3127.0,1458,6,3127.1,58,2
2031,2026-06-16 12:19:22+05:30,3126.4,82,3129.96,2012724,125809.0,210872.0,3163.0,3163.0,3108.0,3134.3,31932600,3447.7,2820.9,3839.9,2896.0,3126.4,14,1,3126.3,1,1,3126.2,1,1,3126.1,3,1,3125.8,2,2,3126.7,52,5,3126.8,46,2,3126.9,200,1,3127.0,1458,6,3127.1,58,2
2031,2026-06-16 12:19:23+05:30,3125.5,1,3129.96,2012789,124975.0,211746.0,3163.0,3163.0,3108.0,3134.3,31932600,3447.7,2820.9,3839.9,2896.0,3125.5,1,1,3125.3,9,2,3125.2,10,1,3125.0,296,6,3124.9,31,2,3125.8,137,1,3126.5,214,2,3126.6,20,1,3126.7,142,5,3126.8,139,4
2031,2026-06-16 12:19:23+05:30,3125.5,1,3129.96,2012789,124975.0,211746.0,3163.0,3163.0,3108.0,3134.3,31932600,3447.7,2820.9,3839.9,2896.0,3125.5,1,1,3125.3,9,2,3125.2,10,1,3125.0,296,6,3124.9,31,2,3125.8,137,1,3126.5,214,2,3126.6,20,1,3126.7,142,5,3126.8,139,4
2031,2026-06-16 12:19:24+05:30,3125.8,1,3129.96,2012813,124978.0,211895.0,3163.0,3163.0,3108.0,3134.3,31932600,3447.7,2820.9,3839.9,2896.0,3125.3,1,1,3125.0,230,4,3124.9,30,2,3124.8,193,6,3124.7,25,2,3125.8,124,2,3126.0,12,1,3126.5,237,4,3126.6,20,1,3126.7,121,4
2031,2026-06-16 12:19:24+05:30,3125.8,1,3129.96,2012813,124978.0,211895.0,3163.0,3163.0,3108.0,3134.3,31932600,3447.7,2820.9,3839.9,2896.0,3125.3,1,1,3125.0,230,4,3124.9,30,2,3124.8,193,6,3124.7,25,2,3125.8,124,2,3126.0,12,1,3126.5,237,4,3126.6,20,1,3126.7,121,4
2031,2026-06-16 12:19:25+05:30,3125.0,1,3129.96,2013014,124555.0,210473.0,3163.0,3163.0,3108.0,3134.3,31932600,3447.7,2820.9,3839.9,2896.0,3125.0,249,3,3124.9,10,1,3124.8,32,2,3124.7,103,3,3124.6,48,3,3125.8,173,3,3126.2,70,2,3126.3,48,1,3126.4,42,2,3126.5,216,3
2031,2026-06-16 12:19:25+05:30,3125.0,1,3129.96,2013014,124555.0,210473.0,3163.0,3163.0,3108.0,3134.3,31932600,3447.7,2820.9,3839.9,2896.0,3125.0,249,3,3124.9,10,1,3124.8,32,2,3124.7,103,3,3124.6,48,3,3125.8,173,3,3126.2,70,2,3126.3,48,1,3126.4,42,2,3126.5,216,3
2031,2026-06-16 12:19:26+05:30,3125.8,1,3129.96,2013021,124656.0,212241.0,3163.0,3163.0,3108.0,3134.3,31932600,3447.7,2820.9,3839.9,2896.0,3125.0,290,4,3124.9,10,1,3124.8,16,1,3124.7,25,2,3124.6,48,3,3125.8,167,3,3126.0,17,1,3126.1,21,1,3126.2,70,2,3126.3,48,1
2031,2026-06-16 12:19:26+05:30,3125.8,1,3129.96,2013021,124656.0,212241.0,3163.0,3163.0,3108.0,3134.3,31932600,3447.7,2820.9,3839.9,2896.0,3125.0,290,4,3124.9,10,1,3124.8,16,1,3124.7,25,2,3124.6,48,3,3125.8,167,3,3126.0,17,1,3126.1,21,1,3126.2,70,2,3126.3,48,1
2031,2026-06-16 12:19:27+05:30,3125.0,6,3129.96,2013330,124849.0,212496.0,3163.0,3163.0,3108.0,3134.3,31932600,3447.7,2820.9,3839.9,2896.0,3125.0,258,4,3124.7,7,1,3124.5,29,3,3124.4,26,1,3124.3,42,3,3125.8,58,2,3126.0,23,2,3126.1,220,2,3126.2,86,3,3126.3,248,2
2031,2026-06-16 12:19:27+05:30,3125.0,6,3129.96,2013330,124849.0,212496.0,3163.0,3163.0,3108.0,3134.3,31932600,3447.7,2820.9,3839.9,2896.0,3125.0,258,4,3124.7,7,1,3124.5,29,3,3124.4,26,1,3124.3,42,3,3125.8,58,2,3126.0,23,2,3126.1,220,2,3126.2,86,3,3126.3,248,2
2031,2026-06-16 12:19:28+05:30,3125.0,1,3129.96,2013331,124224.0,211203.0,3163.0,3163.0,3108.0,3134.3,31932600,3447.7,2820.9,3839.9,2896.0,3125.0,277,7,3124.9,22,2,3124.8,43,3,3124.7,106,4,3124.6,30,2,3125.4,1,1,3125.8,58,2,3126.2,21,1,3126.3,48,1,3126.4,21,1
2031,2026-06-16 12:19:28+05:30,3125.0,1,3129.96,2013331,124224.0,211203.0,3163.0,3163.0,3108.0,3134.3,31932600,3447.7,2820.9,3839.9,2896.0,3125.0,277,7,3124.9,22,2,3124.8,43,3,3124.7,106,4,3124.6,30,2,3125.4,1,1,3125.8,58,2,3126.2,21,1,3126.3,48,1,3126.4,21,1
2031,2026-06-16 12:19:29+05:30,3125.0,1,3129.96,2013331,124207.0,211213.0,3163.0,3163.0,3108.0,3134.3,31932600,3447.7,2820.9,3839.9,2896.0,3125.0,356,7,3124.9,22,2,3124.8,73,4,3124.7,106,4,3124.6,30,2,3125.4,63,2,3126.2,21,1,3126.3,48,1,3126.4,21,1,3126.5,50,2
2031,2026-06-16 12:19:30+05:30,3125.4,83,3129.96,2013415,124334.0,210936.0,3163.0,3163.0,3108.0,3134.3,31932600,3447.7,2820.9,3839.9,2896.0,3125.2,6,3,3125.1,18,3,3125.0,362,7,3124.9,22,2,3124.8,75,4,3125.4,41,2,3126.4,21,1,3126.5,50,2,3126.6,20,1,3126.7,197,3
2031,2026-06-16 12:19:30+05:30,3125.4,83,3129.96,2013415,124334.0,210936.0,3163.0,3163.0,3108.0,3134.3,31932600,3447.7,2820.9,3839.9,2896.0,3125.2,6,3,3125.1,18,3,3125.0,362,7,3124.9,22,2,3124.8,75,4,3125.4,41,2,3126.4,21,1,3126.5,50,2,3126.6,20,1,3126.7,197,3
2031,2026-06-16 12:19:31+05:30,3125.4,5,3129.96,2013420,124394.0,210930.0,3163.0,3163.0,3108.0,3134.3,31932600,3447.7,2820.9,3839.9,2896.0,3125.2,6,3,3125.1,48,4,3125.0,347,6,3124.9,22,2,3124.8,115,5,3125.4,64,4,3126.4,21,1,3126.5,50,2,3126.6,20,1,3126.7,197,3
2031,2026-06-16 12:19:31+05:30,3125.4,11,3129.96,2013420,124394.0,210930.0,3163.0,3163.0,3108.0,3134.3,31932600,3447.7,2820.9,3839.9,2896.0,3125.2,6,3,3125.1,48,4,3125.0,347,6,3124.9,22,2,3124.8,115,5,3125.4,64,4,3126.4,21,1,3126.5,50,2,3126.6,20,1,3126.7,197,3
2031,2026-06-16 12:19:32+05:30,3125.4,1,3129.96,2013534,125712.0,210161.0,3163.0,3163.0,3108.0,3134.3,31932600,3447.7,2820.9,3839.9,2896.0,3125.3,79,3,3125.2,54,5,3125.1,57,4,3125.0,364,7,3124.9,99,2,3126.5,2,1,3126.7,197,4,3126.8,63,2,3126.9,66,1,3127.0,1181,5
2031,2026-06-16 12:19:32+05:30,3125.4,1,3129.96,2013534,125712.0,210161.0,3163.0,3163.0,3108.0,3134.3,31932600,3447.7,2820.9,3839.9,2896.0,3125.3,79,3,3125.2,54,5,3125.1,57,4,3125.0,364,7,3124.9,99,2,3126.5,2,1,3126.7,197,4,3126.8,63,2,3126.9,66,1,3127.0,1181,5
2031,2026-06-16 12:19:33+05:30,3126.5,1,3129.96,2013535,125713.0,210196.0,3163.0,3163.0,3108.0,3134.3,31932600,3447.7,2820.9,3839.9,2896.0,3125.3,65,3,3125.2,54,5,3125.1,71,4,3125.0,344,5,3124.9,99,2,3126.5,1,1,3126.7,197,4,3126.8,63,2,3126.9,66,1,3127.0,1181,5
2031,2026-06-16 12:19:33+05:30,3126.5,1,3129.96,2013535,125713.0,210196.0,3163.0,3163.0,3108.0,3134.3,31932600,3447.7,2820.9,3839.9,2896.0,3125.3,65,3,3125.2,54,5,3125.1,71,4,3125.0,344,5,3124.9,99,2,3126.5,1,1,3126.7,197,4,3126.8,63,2,3126.9,66,1,3127.0,1181,5
2031,2026-06-16 12:19:34+05:30,3125.3,1,3129.96,2013536,125745.0,210412.0,3163.0,3163.0,3108.0,3134.3,31932600,3447.7,2820.9,3839.9,2896.0,3125.3,80,4,3125.2,54,5,3125.1,54,3,3125.0,344,5,3124.9,115,3,3126.5,1,1,3126.7,197,4,3126.8,79,3,3126.9,66,1,3127.0,1197,6
2031,2026-06-16 12:19:34+05:30,3125.3,1,3129.96,2013536,125745.0,210412.0,3163.0,3163.0,3108.0,3134.3,31932600,3447.7,2820.9,3839.9,2896.0,3125.3,80,4,3125.2,54,5,3125.1,54,3,3125.0,344,5,3124.9,115,3,3126.5,1,1,3126.7,197,4,3126.8,79,3,3126.9,66,1,3127.0,1197,6
2031,2026-06-16 12:19:35+05:30,3126.5,1,3129.96,2013547,125846.0,210487.0,3163.0,3163.0,3108.0,3134.3,31932600,3447.7,2820.9,3839.9,2896.0,3125.3,69,4,3125.2,41,4,3125.1,54,3,3125.0,344,5,3124.9,115,3,3126.7,197,4,3126.8,84,4,3126.9,66,1,3127.0,1222,7,3127.1,126,4
2031,2026-06-16 12:19:35+05:30,3126.5,1,3129.96,2013547,125846.0,210487.0,3163.0,3163.0,3108.0,3134.3,31932600,3447.7,2820.9,3839.9,2896.0,3125.3,69,4,3125.2,41,4,3125.1,54,3,3125.0,344,5,3124.9,115,3,3126.7,197,4,3126.8,84,4,3126.9,66,1,3127.0,1222,7,3127.1,126,4
2031,2026-06-16 12:19:36+05:30,3126.7,5,3129.96,2013552,126118.0,210269.0,3163.0,3163.0,3108.0,3134.3,31932600,3447.7,2820.9,3839.9,2896.0,3126.0,2,2,3125.3,61,5,3125.2,39,2,3125.1,36,3,3125.0,344,5,3126.7,63,4,3126.8,42,1,3126.9,233,2,3127.0,1202,6,3127.1,107,3
2031,2026-06-16 12:19:36+05:30,3126.7,5,3129.96,2013552,126118.0,210269.0,3163.0,3163.0,3108.0,3134.3,31932600,3447.7,2820.9,3839.9,2896.0,3126.0,2,2,3125.3,61,5,3125.2,39,2,3125.1,36,3,3125.0,344,5,3126.7,63,4,3126.8,42,1,3126.9,233,2,3127.0,1202,6,3127.1,107,3
2031,2026-06-16 12:19:37+05:30,3126.0,1,3129.96,2013553,126334.0,210260.0,3163.0,3163.0,3108.0,3134.3,31932600,3447.7,2820.9,3839.9,2896.0,3126.0,17,3,3125.3,45,4,3125.2,39,2,3125.1,204,4,3125.0,380,5,3126.7,47,3,3126.8,42,1,3126.9,166,2,3127.0,1232,7,3127.1,58,2
2031,2026-06-16 12:19:37+05:30,3126.0,1,3129.96,2013553,126334.0,210260.0,3163.0,3163.0,3108.0,3134.3,31932600,3447.7,2820.9,3839.9,2896.0,3126.0,17,3,3125.3,45,4,3125.2,39,2,3125.1,204,4,3125.0,380,5,3126.7,47,3,3126.8,42,1,3126.9,166,2,3127.0,1232,7,3127.1,58,2
2031,2026-06-16 12:19:38+05:30,3126.7,5,3129.96,2013558,126433.0,210266.0,3163.0,3163.0,3108.0,3134.3,31932600,3447.7,2820.9,3839.9,2896.0,3126.0,2,2,3125.7,15,1,3125.3,60,5,3125.2,39,2,3125.1,36,3,3126.7,58,4,3126.8,42,1,3126.9,166,2,3127.0,1232,7,3127.1,58,2
2031,2026-06-16 12:19:38+05:30,3126.7,5,3129.96,2013558,126433.0,210266.0,3163.0,3163.0,3108.0,3134.3,31932600,3447.7,2820.9,3839.9,2896.0,3126.0,2,2,3125.7,15,1,3125.3,60,5,3125.2,39,2,3125.1,36,3,3126.7,58,4,3126.8,42,1,3126.9,166,2,3127.0,1232,7,3127.1,58,2
2031,2026-06-16 12:19:39+05:30,3126.7,1,3129.96,2013559,126596.0,210446.0,3163.0,3163.0,3108.0,3134.3,31932600,3447.7,2820.9,3839.9,2896.0,3126.4,15,1,3126.0,2,2,3125.7,15,1,3125.3,45,4,3125.2,39,2,3126.6,21,1,3126.7,42,3,3126.8,42,1,3126.9,190,3,3127.0,1207,6
2031,2026-06-16 12:19:39+05:30,3126.6,2,3129.96,2013559,126596.0,210446.0,3163.0,3163.0,3108.0,3134.3,31932600,3447.7,2820.9,3839.9,2896.0,3126.4,15,1,3126.0,2,2,3125.7,15,1,3125.3,45,4,3125.2,39,2,3126.6,21,1,3126.7,42,3,3126.8,42,1,3126.9,190,3,3127.0,1207,6
2031,2026-06-16 12:19:40+05:30,3126.7,8,3129.96,2013569,126625.0,210166.0,3163.0,3163.0,3108.0,3134.3,31932600,3447.7,2820.9,3839.9,2896.0,3126.4,15,1,3126.0,2,2,3125.7,15,1,3125.3,44,3,3125.2,39,2,3126.7,55,4,3126.8,42,1,3126.9,190,3,3127.0,1207,6,3127.1,258,3
2031,2026-06-16 12:19:40+05:30,3126.6,18,3129.96,2013569,126625.0,210166.0,3163.0,3163.0,3108.0,3134.3,31932600,3447.7,2820.9,3839.9,2896.0,3126.4,15,1,3126.0,2,2,3125.7,15,1,3125.3,44,3,3125.2,39,2,3126.7,55,4,3126.8,42,1,3126.9,190,3,3127.0,1207,6,3127.1,258,3
2031,2026-06-16 12:19:41+05:30,3126.6,18,3129.96,2013606,127193.0,209728.0,3163.0,3163.0,3108.0,3134.3,31932600,3447.7,2820.9,3839.9,2896.0,3126.6,19,2,3126.5,3,3,3126.4,1,1,3126.3,6,1,3126.2,1,1,3126.7,17,2,3126.8,16,1,3126.9,100,1,3127.0,1141,5,3127.1,31,2
2031,2026-06-16 12:19:41+05:30,3126.7,18,3129.96,2013606,127193.0,209728.0,3163.0,3163.0,3108.0,3134.3,31932600,3447.7,2820.9,3839.9,2896.0,3126.6,19,2,3126.5,3,3,3126.4,1,1,3126.3,6,1,3126.2,1,1,3126.7,17,2,3126.8,16,1,3126.9,100,1,3127.0,1141,5,3127.1,31,2
2031,2026-06-16 12:19:42+05:30,3126.4,158,3129.96,2013930,124988.0,210148.0,3163.0,3163.0,3108.0,3134.3,31932600,3447.7,2820.9,3839.9,2896.0,3126.3,6,1,3126.2,1,1,3126.1,1,1,3125.3,3,1,3125.1,48,3,3126.4,27,1,3126.7,16,1,3126.8,21,1,3126.9,361,4,3127.0,1581,11
2031,2026-06-16 12:19:42+05:30,3125.0,28,3129.96,2013930,124988.0,210148.0,3163.0,3163.0,3108.0,3134.3,31932600,3447.7,2820.9,3839.9,2896.0,3126.3,6,1,3126.2,1,1,3126.1,1,1,3125.3,3,1,3125.1,48,3,3126.4,27,1,3126.7,16,1,3126.8,21,1,3126.9,361,4,3127.0,1581,11
2031,2026-06-16 12:19:43+05:30,3126.3,6,3129.96,2014163,126471.0,209507.0,3163.0,3163.0,3108.0,3134.3,31932600,3447.7,2820.9,3839.9,2896.0,3126.3,6,1,3125.2,83,2,3125.1,117,6,3125.0,229,4,3124.9,78,1,3126.9,137,3,3127.0,1201,8,3127.1,10,1,3127.2,84,3,3127.4,285,4
2031,2026-06-16 12:19:43+05:30,3126.3,6,3129.96,2014163,126471.0,209507.0,3163.0,3163.0,3108.0,3134.3,31932600,3447.7,2820.9,3839.9,2896.0,3126.3,6,1,3125.2,83,2,3125.1,117,6,3125.0,229,4,3124.9,78,1,3126.9,137,3,3127.0,1201,8,3127.1,10,1,3127.2,84,3,3127.4,285,4
2031,2026-06-16 12:19:44+05:30,3126.3,6,3129.96,2014163,126635.0,208236.0,3163.0,3163.0,3108.0,3134.3,31932600,3447.7,2820.9,3839.9,2896.0,3126.3,7,2,3126.2,2,1,3126.1,2,1,3125.3,21,1,3125.2,83,2,3126.9,137,3,3127.0,1243,8,3127.1,10,1,3127.2,123,4,3127.3,200,1
2031,2026-06-16 12:19:44+05:30,3126.9,6,3129.96,2014163,126635.0,208236.0,3163.0,3163.0,3108.0,3134.3,31932600,3447.7,2820.9,3839.9,2896.0,3126.3,7,2,3126.2,2,1,3126.1,2,1,3125.3,21,1,3125.2,83,2,3126.9,137,3,3127.0,1243,8,3127.1,10,1,3127.2,123,4,3127.3,200,1
2031,2026-06-16 12:19:45+05:30,3126.9,6,3129.96,2014169,126542.0,210320.0,3163.0,3163.0,3108.0,3134.3,31932600,3447.7,2820.9,3839.9,2896.0,3126.3,8,3,3126.2,2,1,3126.1,2,1,3125.3,21,1,3125.2,131,3,3126.9,206,5,3127.0,1243,8,3127.1,35,2,3127.2,497,6,3127.3,200,1
2031,2026-06-16 12:19:46+05:30,3126.9,1,3129.96,2014371,126261.0,210203.0,3163.0,3163.0,3108.0,3134.3,31932600,3447.7,2820.9,3839.9,2896.0,3125.4,39,3,3125.3,68,2,3125.1,51,5,3125.0,391,8,3124.9,25,2,3126.9,268,7,3127.0,1263,9,3127.1,59,2,3127.2,286,4,3127.3,399,3
2031,2026-06-16 12:19:46+05:30,3127.0,394,3129.96,2014371,126261.0,210203.0,3163.0,3163.0,3108.0,3134.3,31932600,3447.7,2820.9,3839.9,2896.0,3125.4,39,3,3125.3,68,2,3125.1,51,5,3125.0,391,8,3124.9,25,2,3126.9,268,7,3127.0,1263,9,3127.1,59,2,3127.2,286,4,3127.3,399,3
2031,2026-06-16 12:19:47+05:30,3127.0,394,3129.96,2015128,127345.0,208616.0,3163.0,3163.0,3108.0,3134.3,31932600,3447.7,2820.9,3839.9,2896.0,3126.0,77,4,3125.9,6,1,3125.8,148,6,3125.7,6,1,3125.6,58,4,3126.9,14,1,3127.0,798,6,3127.1,65,2,3127.3,18,1,3127.4,21,1
2031,2026-06-16 12:19:48+05:30,3125.7,37,3129.96,2015328,127086.0,209063.0,3163.0,3163.0,3108.0,3134.3,31932600,3447.7,2820.9,3839.9,2896.0,3126.0,41,1,3125.7,16,1,3125.6,59,4,3125.4,31,4,3125.3,74,3,3126.9,14,1,3127.0,954,8,3127.1,10,1,3127.2,87,3,3127.3,27,1
2031,2026-06-16 12:19:48+05:30,3125.7,37,3129.96,2015328,127086.0,209063.0,3163.0,3163.0,3108.0,3134.3,31932600,3447.7,2820.9,3839.9,2896.0,3126.0,41,1,3125.7,16,1,3125.6,59,4,3125.4,31,4,3125.3,74,3,3126.9,14,1,3127.0,954,8,3127.1,10,1,3127.2,87,3,3127.3,27,1
2031,2026-06-16 12:19:49+05:30,3126.9,12,3129.96,2015340,127186.0,209370.0,3163.0,3163.0,3108.0,3134.3,31932600,3447.7,2820.9,3839.9,2896.0,3126.0,41,1,3125.7,35,2,3125.6,25,2,3125.5,99,4,3125.4,48,5,3126.9,92,3,3127.0,936,7,3127.1,28,2,3127.2,69,2,3127.4,307,5
2031,2026-06-16 12:19:49+05:30,3126.9,12,3129.96,2015340,127186.0,209370.0,3163.0,3163.0,3108.0,3134.3,31932600,3447.7,2820.9,3839.9,2896.0,3126.0,41,1,3125.7,35,2,3125.6,25,2,3125.5,99,4,3125.4,48,5,3126.9,92,3,3127.0,936,7,3127.1,28,2,3127.2,69,2,3127.4,307,5
2031,2026-06-16 12:19:50+05:30,3126.9,6,3129.96,2015395,127160.0,207049.0,3163.0,3163.0,3108.0,3134.3,31932600,3447.7,2820.9,3839.9,2896.0,3126.0,56,2,3125.7,37,2,3125.6,39,3,3125.5,83,3,3125.4,66,6,3126.9,34,1,3127.0,936,7,3127.1,28,2,3127.2,69,2,3127.4,39,2
2031,2026-06-16 12:19:50+05:30,3126.9,6,3129.96,2015395,127160.0,207049.0,3163.0,3163.0,3108.0,3134.3,31932600,3447.7,2820.9,3839.9,2896.0,3126.0,56,2,3125.7,37,2,3125.6,39,3,3125.5,83,3,3125.4,66,6,3126.9,34,1,3127.0,936,7,3127.1,28,2,3127.2,69,2,3127.4,39,2
2031,2026-06-16 12:19:51+05:30,3126.9,1,3129.96,2015396,127183.0,208851.0,3163.0,3163.0,3108.0,3134.3,31932600,3447.7,2820.9,3839.9,2896.0,3126.0,56,2,3125.7,37,2,3125.6,39,3,3125.5,83,3,3125.4,72,7,3126.9,33,1,3127.0,936,7,3127.1,28,2,3127.2,69,2,3127.4,39,2
2031,2026-06-16 12:19:51+05:30,3126.9,11,3129.96,2015396,127183.0,208851.0,3163.0,3163.0,3108.0,3134.3,31932600,3447.7,2820.9,3839.9,2896.0,3126.0,56,2,3125.7,37,2,3125.6,39,3,3125.5,83,3,3125.4,72,7,3126.9,33,1,3127.0,936,7,3127.1,28,2,3127.2,69,2,3127.4,39,2
2031,2026-06-16 12:19:52+05:30,3126.9,11,3129.96,2015407,127611.0,209047.0,3163.0,3163.0,3108.0,3134.3,31932600,3447.7,2820.9,3839.9,2896.0,3126.0,73,5,3125.8,55,3,3125.7,173,6,3125.6,123,6,3125.5,128,3,3126.9,22,1,3127.0,936,7,3127.1,10,1,3127.2,69,2,3127.3,18,1
2031,2026-06-16 12:19:52+05:30,3126.9,1,3129.96,2015407,127611.0,209047.0,3163.0,3163.0,3108.0,3134.3,31932600,3447.7,2820.9,3839.9,2896.0,3126.0,73,5,3125.8,55,3,3125.7,173,6,3125.6,123,6,3125.5,128,3,3126.9,22,1,3127.0,936,7,3127.1,10,1,3127.2,69,2,3127.3,18,1
2031,2026-06-16 12:19:53+05:30,3126.9,1,3129.96,2015408,127619.0,209052.0,3163.0,3163.0,3108.0,3134.3,31932600,3447.7,2820.9,3839.9,2896.0,3126.1,16,1,3126.0,74,5,3125.8,55,3,3125.7,125,5,3125.6,109,5,3126.9,21,1,3127.0,936,7,3127.1,10,1,3127.2,21,1,3127.3,18,1
2031,2026-06-16 12:19:54+05:30,3126.4,3,3129.96,2015411,128284.0,209142.0,3163.0,3163.0,3108.0,3134.3,31932600,3447.7,2820.9,3839.9,2896.0,3126.4,15,2,3126.3,4,1,3126.1,46,1,3126.0,69,4,3125.8,55,3,3126.9,22,2,3127.0,936,7,3127.1,10,1,3127.3,18,1,3127.4,21,1
2031,2026-06-16 12:19:54+05:30,3126.4,3,3129.96,2015411,128284.0,209142.0,3163.0,3163.0,3108.0,3134.3,31932600,3447.7,2820.9,3839.9,2896.0,3126.4,15,2,3126.3,4,1,3126.1,46,1,3126.0,69,4,3125.8,55,3,3126.9,22,2,3127.0,936,7,3127.1,10,1,3127.3,18,1,3127.4,21,1
2031,2026-06-16 12:19:55+05:30,3126.9,1,3129.96,2015412,128282.0,207113.0,3163.0,3163.0,3108.0,3134.3,31932600,3447.7,2820.9,3839.9,2896.0,3126.4,21,4,3126.3,13,2,3126.2,44,4,3126.1,46,1,3126.0,104,6,3126.9,39,3,3127.0,936,7,3127.1,10,1,3127.4,21,1,3127.5,66,2
2031,2026-06-16 12:19:55+05:30,3126.9,1,3129.96,2015412,128282.0,207113.0,3163.0,3163.0,3108.0,3134.3,31932600,3447.7,2820.9,3839.9,2896.0,3126.4,21,4,3126.3,13,2,3126.2,44,4,3126.1,46,1,3126.0,104,6,3126.9,39,3,3127.0,936,7,3127.1,10,1,3127.4,21,1,3127.5,66,2
2031,2026-06-16 12:19:56+05:30,3126.9,4,3129.96,2015546,128673.0,208899.0,3163.0,3163.0,3108.0,3134.3,31932600,3447.7,2820.9,3839.9,2896.0,3126.9,12,1,3126.6,16,2,3126.5,1,1,3126.4,12,4,3126.3,13,2,3127.0,935,7,3127.1,10,1,3127.6,18,1,3127.7,202,2,3127.8,394,3
2031,2026-06-16 12:19:56+05:30,3126.9,4,3129.96,2015546,128673.0,208899.0,3163.0,3163.0,3108.0,3134.3,31932600,3447.7,2820.9,3839.9,2896.0,3126.9,12,1,3126.6,16,2,3126.5,1,1,3126.4,12,4,3126.3,13,2,3127.0,935,7,3127.1,10,1,3127.6,18,1,3127.7,202,2,3127.8,394,3
2031,2026-06-16 12:19:56+05:30,3126.9,4,3129.96,2015546,128673.0,208899.0,3163.0,3163.0,3108.0,3134.3,31932600,3447.7,2820.9,3839.9,2896.0,3126.9,12,1,3126.6,16,2,3126.5,1,1,3126.4,12,4,3126.3,13,2,3127.0,935,7,3127.1,10,1,3127.6,18,1,3127.7,202,2,3127.8,394,3
2031,2026-06-16 12:19:57+05:30,3126.9,15,3129.96,2015561,128756.0,208766.0,3163.0,3163.0,3108.0,3134.3,31932600,3447.7,2820.9,3839.9,2896.0,3126.9,39,2,3126.6,34,3,3126.5,1,1,3126.4,7,3,3126.3,50,4,3127.0,936,8,3127.1,10,1,3127.7,250,3,3127.8,394,3,3127.9,18,1
2031,2026-06-16 12:19:57+05:30,3126.9,15,3129.96,2015561,128756.0,208766.0,3163.0,3163.0,3108.0,3134.3,31932600,3447.7,2820.9,3839.9,2896.0,3126.9,39,2,3126.6,34,3,3126.5,1,1,3126.4,7,3,3126.3,50,4,3127.0,936,8,3127.1,10,1,3127.7,250,3,3127.8,394,3,3127.9,18,1
2031,2026-06-16 12:19:58+05:30,3127.0,162,3129.96,2015723,128745.0,208558.0,3163.0,3163.0,3108.0,3134.3,31932600,3447.7,2820.9,3839.9,2896.0,3126.9,39,2,3126.6,19,2,3126.5,1,1,3126.4,24,4,3126.3,112,6,3127.0,774,8,3127.1,10,1,3127.7,202,2,3127.8,394,3,3127.9,18,1
2031,2026-06-16 12:19:58+05:30,3127.0,162,3129.96,2015723,128745.0,208558.0,3163.0,3163.0,3108.0,3134.3,31932600,3447.7,2820.9,3839.9,2896.0,3126.9,39,2,3126.6,19,2,3126.5,1,1,3126.4,24,4,3126.3,112,6,3127.0,774,8,3127.1,10,1,3127.7,202,2,3127.8,394,3,3127.9,18,1
2031,2026-06-16 12:19:58+05:30,3127.0,162,3129.96,2015723,128745.0,208558.0,3163.0,3163.0,3108.0,3134.3,31932600,3447.7,2820.9,3839.9,2896.0,3126.9,39,2,3126.6,19,2,3126.5,1,1,3126.4,24,4,3126.3,112,6,3127.0,774,8,3127.1,10,1,3127.7,202,2,3127.8,394,3,3127.9,18,1
2031,2026-06-16 12:19:59+05:30,3127.0,1,3129.96,2015725,128626.0,208666.0,3163.0,3163.0,3108.0,3134.3,31932600,3447.7,2820.9,3839.9,2896.0,3126.9,39,2,3126.8,18,1,3126.7,10,2,3126.6,18,2,3126.5,1,1,3127.0,772,8,3127.1,10,1,3127.7,202,2,3127.8,394,3,3128.0,99,3
2031,2026-06-16 12:19:59+05:30,3127.0,1,3129.96,2015725,128626.0,208666.0,3163.0,3163.0,3108.0,3134.3,31932600,3447.7,2820.9,3839.9,2896.0,3126.9,39,2,3126.8,18,1,3126.7,10,2,3126.6,18,2,3126.5,1,1,3127.0,772,8,3127.1,10,1,3127.7,202,2,3127.8,394,3,3128.0,99,3
2031,2026-06-16 12:20:00+05:30,3127.0,5,3129.96,2015731,128604.0,208515.0,3163.0,3163.0,3108.0,3134.3,31932600,3447.7,2820.9,3839.9,2896.0,3126.9,60,5,3126.7,18,1,3126.6,1,1,3126.5,32,4,3126.4,19,2,3127.0,793,10,3127.1,10,1,3127.5,200,1,3127.6,374,2,3127.7,20,2
2031,2026-06-16 12:20:00+05:30,3127.0,2,3129.96,2015731,128604.0,208515.0,3163.0,3163.0,3108.0,3134.3,31932600,3447.7,2820.9,3839.9,2896.0,3126.9,60,5,3126.7,18,1,3126.6,1,1,3126.5,32,4,3126.4,19,2,3127.0,793,10,3127.1,10,1,3127.5,200,1,3127.6,374,2,3127.7,20,2
2031,2026-06-16 12:20:00+05:30,3127.0,2,3129.96,2015731,128604.0,208515.0,3163.0,3163.0,3108.0,3134.3,31932600,3447.7,2820.9,3839.9,2896.0,3126.9,60,5,3126.7,18,1,3126.6,1,1,3126.5,32,4,3126.4,19,2,3127.0,793,10,3127.1,10,1,3127.5,200,1,3127.6,374,2,3127.7,20,2
2031,2026-06-16 12:20:01+05:30,3127.0,148,3129.96,2015888,128804.0,208360.0,3163.0,3163.0,3108.0,3134.3,31932600,3447.7,2820.9,3839.9,2896.0,3126.9,60,5,3126.8,18,1,3126.6,1,1,3126.5,17,3,3126.4,1,1,3127.0,636,10,3127.1,10,1,3127.5,200,1,3127.6,392,3,3127.7,2,1
2031,2026-06-16 12:20:01+05:30,3127.0,148,3129.96,2015888,128804.0,208360.0,3163.0,3163.0,3108.0,3134.3,31932600,3447.7,2820.9,3839.9,2896.0,3126.9,60,5,3126.8,18,1,3126.6,1,1,3126.5,17,3,3126.4,1,1,3127.0,636,10,3127.1,10,1,3127.5,200,1,3127.6,392,3,3127.7,2,1
2031,2026-06-16 12:20:02+05:30,3127.0,148,3129.96,2015888,128804.0,208360.0,3163.0,3163.0,3108.0,3134.3,31932600,3447.7,2820.9,3839.9,2896.0,3126.9,60,5,3126.8,18,1,3126.6,1,1,3126.5,17,3,3126.4,1,1,3127.0,636,10,3127.1,10,1,3127.5,200,1,3127.6,392,3,3127.7,2,1
2031,2026-06-16 12:20:02+05:30,3127.0,1,3129.96,2015889,128807.0,208389.0,3163.0,3163.0,3108.0,3134.3,31932600,3447.7,2820.9,3839.9,2896.0,3126.9,44,4,3126.6,1,1,3126.5,27,3,3126.4,16,2,3126.3,163,3,3127.0,661,11,3127.1,10,1,3127.5,200,1,3127.6,392,3,3127.7,2,1
2031,2026-06-16 12:20:02+05:30,3127.0,1,3129.96,2015889,128807.0,208389.0,3163.0,3163.0,3108.0,3134.3,31932600,3447.7,2820.9,3839.9,2896.0,3126.9,44,4,3126.6,1,1,3126.5,27,3,3126.4,16,2,3126.3,163,3,3127.0,661,11,3127.1,10,1,3127.5,200,1,3127.6,392,3,3127.7,2,1
2031,2026-06-16 12:20:03+05:30,3127.0,1,3129.96,2015889,128807.0,208389.0,3163.0,3163.0,3108.0,3134.3,31932600,3447.7,2820.9,3839.9,2896.0,3126.9,44,4,3126.6,1,1,3126.5,9,2,3126.4,16,2,3126.3,163,3,3127.0,661,11,3127.1,10,1,3127.5,200,1,3127.6,392,3,3127.7,2,1
2031,2026-06-16 12:20:04+05:30,3127.0,1,3129.96,2015889,128807.0,208389.0,3163.0,3163.0,3108.0,3134.3,31932600,3447.7,2820.9,3839.9,2896.0,3126.9,44,4,3126.6,1,1,3126.5,9,2,3126.4,16,2,3126.3,163,3,3127.0,661,11,3127.1,10,1,3127.5,200,1,3127.6,392,3,3127.7,2,1
2031,2026-06-16 12:20:04+05:30,3127.0,1,3129.96,2015889,128888.0,208384.0,3163.0,3163.0,3108.0,3134.3,31932600,3447.7,2820.9,3839.9,2896.0,3126.9,75,6,3126.7,18,1,3126.6,1,1,3126.5,9,2,3126.4,1,1,3127.0,661,11,3127.1,10,1,3127.5,200,1,3127.6,392,3,3127.7,2,1
2031,2026-06-16 12:20:05+05:30,3127.0,1,3129.96,2015889,128888.0,208384.0,3163.0,3163.0,3108.0,3134.3,31932600,3447.7,2820.9,3839.9,2896.0,3126.9,75,6,3126.7,18,1,3126.6,1,1,3126.5,9,2,3126.4,1,1,3127.0,661,11,3127.1,10,1,3127.5,200,1,3127.6,392,3,3127.7,2,1
2031,2026-06-16 12:20:05+05:30,3127.0,1,3129.96,2015889,128888.0,208384.0,3163.0,3163.0,3108.0,3134.3,31932600,3447.7,2820.9,3839.9,2896.0,3126.9,75,6,3126.7,18,1,3126.6,1,1,3126.5,9,2,3126.4,1,1,3127.0,661,11,3127.1,10,1,3127.5,200,1,3127.6,392,3,3127.7,2,1
2031,2026-06-16 12:20:06+05:30,3127.0,1,3129.96,2015890,128777.0,208406.0,3163.0,3163.0,3108.0,3134.3,31932600,3447.7,2820.9,3839.9,2896.0,3126.9,75,6,3126.6,1,1,3126.5,9,2,3126.4,1,1,3126.3,181,4,3127.0,674,12,3127.1,10,1,3127.5,200,1,3127.6,392,3,3127.7,2,1
2031,2026-06-16 12:20:07+05:30,3127.0,1,3129.96,2016091,128527.0,208409.0,3163.0,3163.0,3108.0,3134.3,31932600,3447.7,2820.9,3839.9,2896.0,3126.9,19,4,3126.6,1,1,3126.5,1,1,3126.4,1,1,3126.3,163,3,3127.0,673,12,3127.1,10,1,3127.5,218,2,3127.6,374,2,3127.7,2,1
2031,2026-06-16 12:20:07+05:30,3127.0,1,3129.96,2016091,128527.0,208409.0,3163.0,3163.0,3108.0,3134.3,31932600,3447.7,2820.9,3839.9,2896.0,3126.9,19,4,3126.6,1,1,3126.5,1,1,3126.4,1,1,3126.3,163,3,3127.0,673,12,3127.1,10,1,3127.5,218,2,3127.6,374,2,3127.7,2,1
2031,2026-06-16 12:20:07+05:30,3127.0,1,3129.96,2016091,128527.0,208409.0,3163.0,3163.0,3108.0,3134.3,31932600,3447.7,2820.9,3839.9,2896.0,3126.9,19,4,3126.6,1,1,3126.5,1,1,3126.4,1,1,3126.3,163,3,3127.0,673,12,3127.1,10,1,3127.5,218,2,3127.6,374,2,3127.7,2,1
2031,2026-06-16 12:20:07+05:30,3126.9,11,3129.96,2016121,128703.0,208593.0,3163.0,3163.0,3108.0,3134.3,31932600,3447.7,2820.9,3839.9,2896.0,3126.9,12,4,3126.6,1,1,3126.5,1,1,3126.4,1,1,3126.3,163,3,3127.0,673,12,3127.1,10,1,3127.3,200,1,3127.4,374,2,3127.5,36,2
2031,2026-06-16 12:20:08+05:30,3126.9,11,3129.96,2016121,128703.0,208593.0,3163.0,3163.0,3108.0,3134.3,31932600,3447.7,2820.9,3839.9,2896.0,3126.9,12,4,3126.6,1,1,3126.5,1,1,3126.4,1,1,3126.3,163,3,3127.0,673,12,3127.1,10,1,3127.3,200,1,3127.4,374,2,3127.5,36,2
2031,2026-06-16 12:20:08+05:30,3126.9,11,3129.96,2016121,128703.0,208593.0,3163.0,3163.0,3108.0,3134.3,31932600,3447.7,2820.9,3839.9,2896.0,3126.9,12,4,3126.6,1,1,3126.5,1,1,3126.4,1,1,3126.3,163,3,3127.0,673,12,3127.1,10,1,3127.3,200,1,3127.4,374,2,3127.5,36,2
2031,2026-06-16 12:20:08+05:30,3126.9,11,3129.96,2016121,128703.0,208593.0,3163.0,3163.0,3108.0,3134.3,31932600,3447.7,2820.9,3839.9,2896.0,3126.9,12,4,3126.6,1,1,3126.5,1,1,3126.4,1,1,3126.3,163,3,3127.0,673,12,3127.1,10,1,3127.3,200,1,3127.4,374,2,3127.5,36,2
2031,2026-06-16 12:20:09+05:30,3126.9,11,3129.96,2016121,128700.0,208597.0,3163.0,3163.0,3108.0,3134.3,31932600,3447.7,2820.9,3839.9,2896.0,3126.9,10,4,3126.6,1,1,3126.5,1,1,3126.4,1,1,3126.3,163,3,3127.0,673,12,3127.1,10,1,3127.3,200,1,3127.4,374,2,3127.5,36,2
2031,2026-06-16 12:20:09+05:30,3126.9,11,3129.96,2016121,128700.0,208597.0,3163.0,3163.0,3108.0,3134.3,31932600,3447.7,2820.9,3839.9,2896.0,3126.9,10,4,3126.6,1,1,3126.5,1,1,3126.4,1,1,3126.3,163,3,3127.0,673,12,3127.1,10,1,3127.3,200,1,3127.4,374,2,3127.5,36,2
2031,2026-06-16 12:20:09+05:30,3126.9,11,3129.96,2016121,128810.0,206239.0,3163.0,3163.0,3108.0,3134.3,31932600,3447.7,2820.9,3839.9,2896.0,3126.9,50,5,3126.7,18,1,3126.6,1,1,3126.5,1,1,3126.4,1,1,3127.0,659,11,3127.1,10,1,3127.3,200,1,3127.4,374,2,3127.6,48,1
2031,2026-06-16 12:20:10+05:30,3126.9,11,3129.96,2016121,128810.0,206239.0,3163.0,3163.0,3108.0,3134.3,31932600,3447.7,2820.9,3839.9,2896.0,3126.9,50,5,3126.7,18,1,3126.6,1,1,3126.5,1,1,3126.4,1,1,3127.0,659,11,3127.1,10,1,3127.3,200,1,3127.4,374,2,3127.6,48,1
2031,2026-06-16 12:20:10+05:30,3127.0,3,3129.96,2016121,128810.0,206239.0,3163.0,3163.0,3108.0,3134.3,31932600,3447.7,2820.9,3839.9,2896.0,3126.9,50,5,3126.7,18,1,3126.6,1,1,3126.5,1,1,3126.4,1,1,3127.0,659,11,3127.1,10,1,3127.3,200,1,3127.4,374,2,3127.6,48,1
2031,2026-06-16 12:20:11+05:30,3127.0,3,3129.96,2016124,128627.0,208236.0,3163.0,3163.0,3108.0,3134.3,31932600,3447.7,2820.9,3839.9,2896.0,3126.9,54,5,3126.8,17,1,3126.6,1,1,3126.5,1,1,3126.4,1,1,3127.0,656,11,3127.1,10,1,3127.3,200,1,3127.4,374,2,3127.6,48,1
2031,2026-06-16 12:20:11+05:30,3127.0,3,3129.96,2016124,128627.0,208236.0,3163.0,3163.0,3108.0,3134.3,31932600,3447.7,2820.9,3839.9,2896.0,3126.9,54,5,3126.8,17,1,3126.6,1,1,3126.5,1,1,3126.4,1,1,3127.0,656,11,3127.1,10,1,3127.3,200,1,3127.4,374,2,3127.6,48,1
2031,2026-06-16 12:20:11+05:30,3127.0,165,3129.96,2016124,128627.0,208236.0,3163.0,3163.0,3108.0,3134.3,31932600,3447.7,2820.9,3839.9,2896.0,3126.9,54,5,3126.8,17,1,3126.6,1,1,3126.5,1,1,3126.4,1,1,3127.0,656,11,3127.1,10,1,3127.3,200,1,3127.4,374,2,3127.6,48,1
2031,2026-06-16 12:20:12+05:30,3127.0,1,3129.96,2016301,128621.0,206113.0,3163.0,3163.0,3108.0,3134.3,31932600,3447.7,2820.9,3839.9,2896.0,3126.9,54,5,3126.6,1,1,3126.5,1,1,3126.4,1,1,3126.3,181,4,3127.0,480,12,3127.1,10,1,3127.3,200,1,3127.4,374,2,3127.7,235,4
2031,2026-06-16 12:20:12+05:30,3127.0,1,3129.96,2016301,128621.0,206113.0,3163.0,3163.0,3108.0,3134.3,31932600,3447.7,2820.9,3839.9,2896.0,3126.9,54,5,3126.6,1,1,3126.5,1,1,3126.4,1,1,3126.3,181,4,3127.0,480,12,3127.1,10,1,3127.3,200,1,3127.4,374,2,3127.7,235,4
2031,2026-06-16 12:20:12+05:30,3127.0,1,3129.96,2016301,128621.0,206113.0,3163.0,3163.0,3108.0,3134.3,31932600,3447.7,2820.9,3839.9,2896.0,3126.9,54,5,3126.6,1,1,3126.5,1,1,3126.4,1,1,3126.3,181,4,3127.0,480,12,3127.1,10,1,3127.3,200,1,3127.4,374,2,3127.7,235,4
2031,2026-06-16 12:20:12+05:30,3127.0,1,3129.96,2016301,128621.0,206113.0,3163.0,3163.0,3108.0,3134.3,31932600,3447.7,2820.9,3839.9,2896.0,3126.9,54,5,3126.6,1,1,3126.5,1,1,3126.4,1,1,3126.3,181,4,3127.0,480,12,3127.1,10,1,3127.3,200,1,3127.4,374,2,3127.7,235,4
2031,2026-06-16 12:20:13+05:30,3127.0,1,3129.96,2016302,128598.0,208191.0,3163.0,3163.0,3108.0,3134.3,31932600,3447.7,2820.9,3839.9,2896.0,3126.9,54,5,3126.6,1,1,3126.5,1,1,3126.4,1,1,3126.3,163,3,3127.0,504,13,3127.1,10,1,3127.3,200,1,3127.4,374,2,3127.7,235,4
2031,2026-06-16 12:20:13+05:30,3126.9,1,3129.96,2016302,128598.0,208191.0,3163.0,3163.0,3108.0,3134.3,31932600,3447.7,2820.9,3839.9,2896.0,3126.9,54,5,3126.6,1,1,3126.5,1,1,3126.4,1,1,3126.3,163,3,3127.0,504,13,3127.1,10,1,3127.3,200,1,3127.4,374,2,3127.7,235,4
2031,2026-06-16 12:20:13+05:30,3126.9,1,3129.96,2016302,128598.0,208191.0,3163.0,3163.0,3108.0,3134.3,31932600,3447.7,2820.9,3839.9,2896.0,3126.9,54,5,3126.6,1,1,3126.5,1,1,3126.4,1,1,3126.3,163,3,3127.0,504,13,3127.1,10,1,3127.3,200,1,3127.4,374,2,3127.7,235,4
2031,2026-06-16 12:20:14+05:30,3126.9,1,3129.96,2016303,128597.0,208227.0,3163.0,3163.0,3108.0,3134.3,31932600,3447.7,2820.9,3839.9,2896.0,3126.9,53,5,3126.6,1,1,3126.5,1,1,3126.4,1,1,3126.3,163,3,3127.0,503,12,3127.1,10,1,3127.3,200,1,3127.4,374,2,3127.5,66,2
2031,2026-06-16 12:20:14+05:30,3126.9,1,3129.96,2016303,128597.0,208227.0,3163.0,3163.0,3108.0,3134.3,31932600,3447.7,2820.9,3839.9,2896.0,3126.9,53,5,3126.6,1,1,3126.5,1,1,3126.4,1,1,3126.3,163,3,3127.0,503,12,3127.1,10,1,3127.3,200,1,3127.4,374,2,3127.5,66,2
2031,2026-06-16 12:20:14+05:30,3126.9,1,3129.96,2016303,128597.0,208227.0,3163.0,3163.0,3108.0,3134.3,31932600,3447.7,2820.9,3839.9,2896.0,3126.9,53,5,3126.6,1,1,3126.5,1,1,3126.4,1,1,3126.3,163,3,3127.0,503,12,3127.1,10,1,3127.3,200,1,3127.4,374,2,3127.5,66,2
2031,2026-06-16 12:20:15+05:30,3126.9,1,3129.96,2016429,127691.0,208143.0,3163.0,3163.0,3108.0,3134.3,31932600,3447.7,2820.9,3839.9,2896.0,3126.6,1,1,3126.5,1,1,3126.4,1,1,3126.3,154,2,3126.0,4,1,3127.0,522,14,3127.1,232,3,3127.2,420,4,3127.3,79,2,3127.4,64,3
2031,2026-06-16 12:20:15+05:30,3126.9,1,3129.96,2016429,127691.0,208143.0,3163.0,3163.0,3108.0,3134.3,31932800,3447.7,2820.9,3839.9,2896.0,3126.6,1,1,3126.5,1,1,3126.4,1,1,3126.3,154,2,3126.0,4,1,3127.0,522,14,3127.1,232,3,3127.2,420,4,3127.3,79,2,3127.4,64,3
2031,2026-06-16 12:20:15+05:30,3126.3,1,3129.96,2016429,127691.0,208143.0,3163.0,3163.0,3108.0,3134.3,31932800,3447.7,2820.9,3839.9,2896.0,3126.6,1,1,3126.5,1,1,3126.4,1,1,3126.3,154,2,3126.0,4,1,3127.0,522,14,3127.1,232,3,3127.2,420,4,3127.3,79,2,3127.4,64,3
2031,2026-06-16 12:20:16+05:30,3126.3,1,3129.96,2016457,127695.0,208041.0,3163.0,3163.0,3108.0,3134.3,31932800,3447.7,2820.9,3839.9,2896.0,3126.8,2,2,3126.6,38,1,3126.3,153,2,3126.0,4,1,3125.9,13,1,3127.0,504,13,3127.1,210,2,3127.2,374,2,3127.3,79,2,3127.4,27,1
2031,2026-06-16 12:20:17+05:30,3126.3,1,3129.96,2016457,128605.0,208526.0,3163.0,3163.0,3108.0,3134.3,31932800,3447.7,2820.9,3839.9,2896.0,3126.8,45,3,3126.6,52,2,3126.3,153,2,3126.0,4,1,3125.9,13,1,3126.9,1,1,3127.0,522,12,3127.1,210,2,3127.2,374,2,3127.3,79,2
2031,2026-06-16 12:20:18+05:30,3126.9,1,3129.96,2016458,128825.0,208472.0,3163.0,3163.0,3108.0,3134.3,31932800,3447.7,2820.9,3839.9,2896.0,3126.8,45,3,3126.6,52,2,3126.3,153,2,3126.1,17,1,3126.0,4,1,3126.9,201,2,3127.0,522,12,3127.1,210,2,3127.2,374,2,3127.3,48,1
2031,2026-06-16 12:20:18+05:30,3126.9,1,3129.96,2016458,128825.0,208472.0,3163.0,3163.0,3108.0,3134.3,31932800,3447.7,2820.9,3839.9,2896.0,3126.8,45,3,3126.6,52,2,3126.3,153,2,3126.1,17,1,3126.0,4,1,3126.9,201,2,3127.0,522,12,3127.1,210,2,3127.2,374,2,3127.3,48,1
2031,2026-06-16 12:20:19+05:30,3126.9,1,3129.96,2016459,128904.0,208652.0,3163.0,3163.0,3108.0,3134.3,31932800,3447.7,2820.9,3839.9,2896.0,3126.8,94,4,3126.6,52,2,3126.3,153,2,3126.1,17,1,3126.0,4,1,3126.9,230,4,3127.0,470,9,3127.1,210,2,3127.2,374,2,3127.3,48,1
2031,2026-06-16 12:20:20+05:30,3126.9,1,3129.96,2016459,128874.0,208625.0,3163.0,3163.0,3108.0,3134.3,31932800,3447.7,2820.9,3839.9,2896.0,3126.8,94,4,3126.6,52,2,3126.3,153,2,3126.0,4,1,3125.9,13,1,3126.9,265,5,3127.0,470,9,3127.1,210,2,3127.2,392,3,3127.3,48,1
2031,2026-06-16 12:20:21+05:30,3126.9,168,3129.96,2016627,129014.0,208339.0,3163.0,3163.0,3108.0,3134.3,31932800,3447.7,2820.9,3839.9,2896.0,3126.8,99,5,3126.6,52,2,3126.4,15,1,3126.3,153,2,3126.0,4,1,3126.9,97,5,3127.0,470,9,3127.1,210,2,3127.2,374,2,3127.5,225,3
2031,2026-06-16 12:20:21+05:30,3126.9,168,3129.96,2016627,129014.0,208339.0,3163.0,3163.0,3108.0,3134.3,31932800,3447.7,2820.9,3839.9,2896.0,3126.8,99,5,3126.6,52,2,3126.4,15,1,3126.3,153,2,3126.0,4,1,3126.9,97,5,3127.0,470,9,3127.1,210,2,3127.2,374,2,3127.5,225,3
2031,2026-06-16 12:20:22+05:30,3126.9,168,3129.96,2016627,128962.0,208439.0,3163.0,3163.0,3108.0,3134.3,31932800,3447.7,2820.9,3839.9,2896.0,3126.8,99,5,3126.6,52,2,3126.4,15,1,3126.3,153,2,3126.0,4,1,3126.9,149,6,3127.0,470,9,3127.1,210,2,3127.2,374,2,3127.5,225,3
2031,2026-06-16 12:20:23+05:30,3126.8,15,3129.96,2016930,128035.0,208268.0,3163.0,3163.0,3108.0,3134.3,31932800,3447.7,2820.9,3839.9,2896.0,3126.6,14,1,3126.3,153,2,3126.1,24,1,3126.0,4,1,3125.9,13,1,3126.8,63,1,3126.9,148,6,3127.0,489,10,3127.1,232,3,3127.2,468,5
2031,2026-06-16 12:20:23+05:30,3126.8,15,3129.96,2016930,128035.0,208268.0,3163.0,3163.0,3108.0,3134.3,31932800,3447.7,2820.9,3839.9,2896.0,3126.6,14,1,3126.3,153,2,3126.1,24,1,3126.0,4,1,3125.9,13,1,3126.8,63,1,3126.9,148,6,3127.0,489,10,3127.1,232,3,3127.2,468,5
2031,2026-06-16 12:20:24+05:30,3126.6,12,3129.96,2016930,128035.0,208268.0,3163.0,3163.0,3108.0,3134.3,31932800,3447.7,2820.9,3839.9,2896.0,3126.6,14,1,3126.3,153,2,3126.1,24,1,3126.0,4,1,3125.9,13,1,3126.8,63,1,3126.9,148,6,3127.0,489,10,3127.1,232,3,3127.2,468,5
2031,2026-06-16 12:20:24+05:30,3126.6,12,3129.96,2016964,127860.0,208376.0,3163.0,3163.0,3108.0,3134.3,31932800,3447.7,2820.9,3839.9,2896.0,3126.6,2,1,3126.3,154,3,3126.0,4,1,3125.9,13,1,3125.7,23,2,3126.8,93,4,3126.9,119,5,3127.0,489,10,3127.1,232,3,3127.2,486,6
2031,2026-06-16 12:20:25+05:30,3126.8,1,3129.96,2016964,127860.0,208376.0,3163.0,3163.0,3108.0,3134.3,31932800,3447.7,2820.9,3839.9,2896.0,3126.6,2,1,3126.3,154,3,3126.0,4,1,3125.9,13,1,3125.7,23,2,3126.8,93,4,3126.9,119,5,3127.0,489,10,3127.1,232,3,3127.2,486,6
2031,2026-06-16 12:20:25+05:30,3126.8,1,3129.96,2016966,127860.0,208376.0,3163.0,3163.0,3108.0,3134.3,31932800,3447.7,2820.9,3839.9,2896.0,3126.6,2,1,3126.3,154,3,3126.0,4,1,3125.9,13,1,3125.7,23,2,3126.8,92,5,3126.9,118,4,3127.0,489,10,3127.1,232,3,3127.2,486,6
2031,2026-06-16 12:20:26+05:30,3126.8,1,3129.96,2016966,127881.0,208446.0,3163.0,3163.0,3108.0,3134.3,31932800,3447.7,2820.9,3839.9,2896.0,3126.6,7,2,3126.3,154,3,3126.0,4,1,3125.9,13,1,3125.7,23,2,3126.8,83,4,3126.9,118,4,3127.0,489,10,3127.1,232,3,3127.2,459,5
2031,2026-06-16 12:20:27+05:30,3126.0,12,3129.96,2016966,127881.0,208446.0,3163.0,3163.0,3108.0,3134.3,31932800,3447.7,2820.9,3839.9,2896.0,3126.6,7,2,3126.3,154,3,3126.0,4,1,3125.9,13,1,3125.7,23,2,3126.8,83,4,3126.9,118,4,3127.0,489,10,3127.1,232,3,3127.2,459,5
2031,2026-06-16 12:20:27+05:30,3126.0,12,3129.95,2017294,126308.0,209710.0,3163.0,3163.0,3108.0,3134.3,31932800,3447.7,2820.9,3839.9,2896.0,3125.9,13,1,3125.5,16,1,3125.4,11,2,3125.3,13,1,3125.1,82,15,3126.0,27,1,3126.1,200,1,3126.5,200,1,3126.6,374,2,3126.7,67,2
2031,2026-06-16 12:20:28+05:30,3126.0,1,3129.95,2017294,126308.0,209710.0,3163.0,3163.0,3108.0,3134.3,31932800,3447.7,2820.9,3839.9,2896.0,3125.9,13,1,3125.5,16,1,3125.4,11,2,3125.3,13,1,3125.1,82,15,3126.0,27,1,3126.1,200,1,3126.5,200,1,3126.6,374,2,3126.7,67,2
2031,2026-06-16 12:20:28+05:30,3126.0,1,3129.95,2017295,125674.0,209874.0,3163.0,3163.0,3108.0,3134.3,31932800,3447.7,2820.9,3839.9,2896.0,3125.9,13,1,3125.8,17,1,3125.5,16,1,3125.4,2,1,3125.1,50,4,3126.0,51,2,3126.1,200,1,3126.7,85,3,3126.8,220,4,3126.9,131,5
2031,2026-06-16 12:20:29+05:30,3126.0,1,3129.95,2017295,125835.0,209715.0,3163.0,3163.0,3108.0,3134.3,31932800,3447.7,2820.9,3839.9,2896.0,3125.9,13,1,3125.8,17,1,3125.5,16,1,3125.4,2,1,3125.1,33,3,3126.0,71,4,3126.1,200,1,3126.7,66,2,3126.8,35,2,3126.9,131,5
2031,2026-06-16 12:20:30+05:30,3126.0,6,3129.95,2017372,126181.0,209478.0,3163.0,3163.0,3108.0,3134.3,31932800,3447.7,2820.9,3839.9,2896.0,3126.0,6,3,3125.9,24,3,3125.8,34,2,3125.6,17,1,3125.5,16,1,3126.1,200,1,3126.5,200,1,3126.6,374,2,3126.7,48,1,3126.8,35,2
2031,2026-06-16 12:20:30+05:30,3126.0,6,3129.95,2017372,126181.0,209478.0,3163.0,3163.0,3108.0,3134.3,31932800,3447.7,2820.9,3839.9,2896.0,3126.0,6,3,3125.9,24,3,3125.8,34,2,3125.6,17,1,3125.5,16,1,3126.1,200,1,3126.5,200,1,3126.6,374,2,3126.7,48,1,3126.8,35,2
2031,2026-06-16 12:20:31+05:30,3126.1,11,3129.95,2017372,126181.0,209478.0,3163.0,3163.0,3108.0,3134.3,31932800,3447.7,2820.9,3839.9,2896.0,3126.0,6,3,3125.9,24,3,3125.8,34,2,3125.6,17,1,3125.5,16,1,3126.1,200,1,3126.5,200,1,3126.6,374,2,3126.7,48,1,3126.8,35,2
2031,2026-06-16 12:20:31+05:30,3126.1,11,3129.95,2017384,126207.0,209762.0,3163.0,3163.0,3108.0,3134.3,31932800,3447.7,2820.9,3839.9,2896.0,3126.0,22,4,3125.9,24,3,3125.4,2,1,3125.1,33,3,3125.0,239,4,3126.1,251,4,3126.2,55,1,3126.5,200,1,3126.6,392,3,3126.7,67,2
2031,2026-06-16 12:20:32+05:30,3125.5,3,3129.95,2017384,126207.0,209762.0,3163.0,3163.0,3108.0,3134.3,31932800,3447.7,2820.9,3839.9,2896.0,3126.0,22,4,3125.9,24,3,3125.4,2,1,3125.1,33,3,3125.0,239,4,3126.1,251,4,3126.2,55,1,3126.5,200,1,3126.6,392,3,3126.7,67,2
2031,2026-06-16 12:20:32+05:30,3125.5,3,3129.95,2018115,124837.0,211294.0,3163.0,3163.0,3108.0,3134.3,31932800,3447.7,2820.9,3839.9,2896.0,3125.1,14,1,3125.0,59,5,3124.9,26,2,3124.8,34,2,3124.7,133,6,3125.5,197,1,3125.6,200,1,3126.0,23,2,3126.1,251,4,3126.2,255,2
2031,2026-06-16 12:20:33+05:30,3125.5,1,3129.95,2018115,124837.0,211294.0,3163.0,3163.0,3108.0,3134.3,31932800,3447.7,2820.9,3839.9,2896.0,3125.1,14,1,3125.0,59,5,3124.9,26,2,3124.8,34,2,3124.7,133,6,3125.5,197,1,3125.6,200,1,3126.0,23,2,3126.1,251,4,3126.2,255,2
2031,2026-06-16 12:20:33+05:30,3125.5,1,3129.95,2018514,125457.0,211059.0,3163.0,3163.0,3108.0,3134.3,31932800,3447.7,2820.9,3839.9,2896.0,3125.1,79,5,3125.0,87,3,3124.8,65,4,3124.7,109,6,3124.6,28,2,3125.5,18,1,3126.0,166,1,3126.1,232,3,3126.2,200,1,3126.3,374,2
2031,2026-06-16 12:20:34+05:30,3125.5,1,3129.95,2018514,125457.0,211059.0,3163.0,3163.0,3108.0,3134.3,31932800,3447.7,2820.9,3839.9,2896.0,3125.1,79,5,3125.0,87,3,3124.8,65,4,3124.7,109,6,3124.6,28,2,3125.5,18,1,3126.0,166,1,3126.1,232,3,3126.2,200,1,3126.3,374,2
2031,2026-06-16 12:20:34+05:30,3125.5,1,3129.95,2018518,125418.0,211113.0,3163.0,3163.0,3108.0,3134.3,31932800,3447.7,2820.9,3839.9,2896.0,3125.1,99,7,3125.0,87,3,3124.8,65,4,3124.7,45,4,3124.6,28,2,3125.5,17,1,3125.6,50,1,3126.0,166,1,3126.1,232,3,3126.2,200,1
2031,2026-06-16 12:20:35+05:30,3125.6,100,3129.95,2018518,125418.0,211113.0,3163.0,3163.0,3108.0,3134.3,31932800,3447.7,2820.9,3839.9,2896.0,3125.1,99,7,3125.0,87,3,3124.8,65,4,3124.7,45,4,3124.6,28,2,3125.5,17,1,3125.6,50,1,3126.0,166,1,3126.1,232,3,3126.2,200,1
2031,2026-06-16 12:20:35+05:30,3125.6,100,3129.95,2018635,126321.0,210645.0,3163.0,3163.0,3108.0,3134.3,31932800,3447.7,2820.9,3839.9,2896.0,3125.7,11,1,3125.6,47,3,3125.5,58,4,3125.4,75,3,3125.3,20,2,3126.1,232,3,3126.2,200,1,3126.3,374,2,3126.5,3,1,3126.7,749,5
2031,2026-06-16 12:20:36+05:30,3125.6,100,3129.95,2018635,126000.0,208823.0,3163.0,3163.0,3108.0,3134.3,31932800,3447.7,2820.9,3839.9,2896.0,3125.9,14,1,3125.8,47,3,3125.7,86,4,3125.6,30,2,3125.5,21,3,3126.1,232,3,3126.8,189,2,3126.9,79,3,3127.0,447,9,3127.1,10,1
2031,2026-06-16 12:20:37+05:30,3125.6,100,3129.95,2018635,125274.0,209818.0,3163.0,3163.0,3108.0,3134.3,31932800,3447.7,2820.9,3839.9,2896.0,3125.5,5,1,3125.3,33,2,3125.2,14,1,3125.1,12,1,3125.0,97,4,3126.1,246,4,3126.7,48,1,3126.8,228,4,3126.9,138,4,3127.0,451,10
2031,2026-06-16 12:20:38+05:30,3125.5,3,3129.95,2018635,125274.0,209818.0,3163.0,3163.0,3108.0,3134.3,31932800,3447.7,2820.9,3839.9,2896.0,3125.5,5,1,3125.3,33,2,3125.2,14,1,3125.1,12,1,3125.0,97,4,3126.1,246,4,3126.7,48,1,3126.8,228,4,3126.9,138,4,3127.0,451,10
2031,2026-06-16 12:20:38+05:30,3125.5,3,3129.95,2018639,125232.0,210030.0,3163.0,3163.0,3108.0,3134.3,31932800,3447.7,2820.9,3839.9,2896.0,3125.6,18,1,3125.5,2,1,3125.3,17,1,3125.2,14,1,3125.1,12,1,3126.1,245,4,3126.7,66,2,3126.8,210,3,3126.9,137,3,3127.0,451,10
2031,2026-06-16 12:20:39+05:30,3126.1,1,3129.95,2018639,125232.0,210030.0,3163.0,3163.0,3108.0,3134.3,31932800,3447.7,2820.9,3839.9,2896.0,3125.6,18,1,3125.5,2,1,3125.3,17,1,3125.2,14,1,3125.1,12,1,3126.1,245,4,3126.7,66,2,3126.8,210,3,3126.9,137,3,3127.0,451,10
2031,2026-06-16 12:20:39+05:30,3126.1,1,3129.95,2018640,125227.0,210176.0,3163.0,3163.0,3108.0,3134.3,31932800,3447.7,2820.9,3839.9,2896.0,3125.6,18,1,3125.2,14,1,3125.1,29,2,3125.0,80,3,3124.9,70,2,3126.1,299,6,3126.7,66,2,3126.8,210,3,3126.9,205,5,3127.0,451,10
2031,2026-06-16 12:20:40+05:30,3126.1,1,3129.95,2018640,125344.0,210176.0,3163.0,3163.0,3108.0,3134.3,31932800,3447.7,2820.9,3839.9,2896.0,3125.7,5,1,3125.3,34,2,3125.2,35,2,3125.1,29,2,3125.0,80,3,3126.1,299,6,3126.6,18,1,3126.7,48,1,3126.8,210,3,3126.9,186,4
2031,2026-06-16 12:20:41+05:30,3126.1,1,3129.95,2018640,125366.0,210230.0,3163.0,3163.0,3108.0,3134.3,31932800,3447.7,2820.9,3839.9,2896.0,3125.7,5,1,3125.3,34,2,3125.2,52,3,3125.1,29,2,3125.0,97,4,3126.1,325,7,3126.7,66,2,3126.8,219,3,3126.9,186,4,3127.0,447,9
2031,2026-06-16 12:20:42+05:30,3126.1,1,3129.95,2018640,125366.0,210053.0,3163.0,3163.0,3108.0,3134.3,31932800,3447.7,2820.9,3839.9,2896.0,3125.7,5,1,3125.3,34,2,3125.2,35,2,3125.1,29,2,3125.0,97,4,3126.1,326,8,3126.7,66,2,3126.8,35,2,3126.9,186,4,3127.0,447,9
2031,2026-06-16 12:20:43+05:30,3126.1,1,3129.95,2018640,125273.0,210223.0,3163.0,3163.0,3108.0,3134.3,31932800,3447.7,2820.9,3839.9,2896.0,3125.7,6,2,3125.6,1,1,3125.3,34,2,3125.2,21,1,3125.1,15,2,3126.1,327,9,3126.6,18,1,3126.7,48,1,3126.8,35,2,3126.9,267,4
2031,2026-06-16 12:20:44+05:30,3126.1,1,3129.95,2018640,125273.0,210223.0,3163.0,3163.0,3108.0,3134.3,31932800,3447.7,2820.9,3839.9,2896.0,3125.7,6,2,3125.6,1,1,3125.3,34,2,3125.2,21,1,3125.1,15,2,3126.1,327,9,3126.6,18,1,3126.7,48,1,3126.8,35,2,3126.9,267,4
2031,2026-06-16 12:20:44+05:30,3126.1,1,3129.95,2018642,125321.0,210255.0,3163.0,3163.0,3108.0,3134.3,31932800,3447.7,2820.9,3839.9,2896.0,3125.7,6,2,3125.6,1,1,3125.3,34,2,3125.2,21,1,3125.1,15,2,3126.1,325,9,3126.7,66,2,3126.8,35,2,3126.9,267,4,3127.0,447,9
2031,2026-06-16 12:20:45+05:30,3126.1,29,3129.95,2018642,125321.0,210255.0,3163.0,3163.0,3108.0,3134.3,31932800,3447.7,2820.9,3839.9,2896.0,3125.7,6,2,3125.6,1,1,3125.3,34,2,3125.2,21,1,3125.1,15,2,3126.1,325,9,3126.7,66,2,3126.8,35,2,3126.9,267,4,3127.0,447,9
2031,2026-06-16 12:20:45+05:30,3126.1,29,3129.95,2018864,125441.0,209977.0,3163.0,3163.0,3108.0,3134.3,31932800,3447.7,2820.9,3839.9,2896.0,3125.9,2,2,3125.7,23,4,3125.6,1,1,3125.5,17,1,3125.2,81,3,3126.1,103,7,3126.7,48,1,3126.8,190,3,3126.9,115,4,3127.0,447,9
2031,2026-06-16 12:20:46+05:30,3126.1,29,3129.95,2018864,125775.0,209330.0,3163.0,3163.0,3108.0,3134.3,31932800,3447.7,2820.9,3839.9,2896.0,3125.9,51,4,3125.8,17,1,3125.7,7,3,3125.6,26,3,3125.5,18,2,3126.1,103,7,3126.8,169,2,3126.9,78,2,3127.0,447,9,3127.1,10,1
2031,2026-06-16 12:20:47+05:30,3126.1,29,3129.95,2018864,125965.0,209330.0,3163.0,3163.0,3108.0,3134.3,31932800,3447.7,2820.9,3839.9,2896.0,3125.9,51,4,3125.8,17,1,3125.7,7,3,3125.6,26,3,3125.5,18,2,3126.1,103,7,3126.8,169,2,3126.9,30,1,3127.0,447,9,3127.1,10,1
2031,2026-06-16 12:20:48+05:30,3126.1,29,3129.95,2018864,125641.0,209784.0,3163.0,3163.0,3108.0,3134.3,31932800,3447.7,2820.9,3839.9,2896.0,3125.9,44,3,3125.8,34,2,3125.7,7,3,3125.6,18,2,3125.5,9,1,3126.1,103,7,3126.8,62,2,3126.9,207,2,3127.0,495,10,3127.1,10,1
2031,2026-06-16 12:20:49+05:30,3126.1,1,3129.95,2018864,125641.0,209784.0,3163.0,3163.0,3108.0,3134.3,31932800,3447.7,2820.9,3839.9,2896.0,3125.9,44,3,3125.8,34,2,3125.7,7,3,3125.6,18,2,3125.5,9,1,3126.1,103,7,3126.8,62,2,3126.9,207,2,3127.0,495,10,3127.1,10,1
2031,2026-06-16 12:20:49+05:30,3126.1,1,3129.95,2019081,125557.0,209999.0,3163.0,3163.0,3108.0,3134.3,31932800,3447.7,2820.9,3839.9,2896.0,3125.8,17,1,3125.7,7,3,3125.6,1,1,3125.5,17,1,3125.4,3,1,3126.1,83,5,3126.8,83,3,3126.9,207,2,3127.0,495,10,3127.1,28,2
2031,2026-06-16 12:20:50+05:30,3125.8,4,3129.95,2019081,125557.0,209999.0,3163.0,3163.0,3108.0,3134.3,31932800,3447.7,2820.9,3839.9,2896.0,3125.8,17,1,3125.7,7,3,3125.6,1,1,3125.5,17,1,3125.4,3,1,3126.1,83,5,3126.8,83,3,3126.9,207,2,3127.0,495,10,3127.1,28,2
2031,2026-06-16 12:20:50+05:30,3125.7,4,3129.95,2019130,125474.0,210153.0,3163.0,3163.0,3108.0,3134.3,31932800,3447.7,2820.9,3839.9,2896.0,3125.7,15,2,3125.6,1,1,3125.2,21,1,3125.1,35,3,3125.0,89,4,3126.1,95,5,3126.8,101,4,3126.9,226,3,3127.0,574,12,3127.1,10,1
2031,2026-06-16 12:20:51+05:30,3126.1,11,3129.95,2019130,125474.0,210153.0,3163.0,3163.0,3108.0,3134.3,31932800,3447.7,2820.9,3839.9,2896.0,3125.7,15,2,3125.6,1,1,3125.2,21,1,3125.1,35,3,3125.0,89,4,3126.1,95,5,3126.8,101,4,3126.9,226,3,3127.0,574,12,3127.1,10,1
2031,2026-06-16 12:20:51+05:30,3126.1,11,3129.95,2019152,125132.0,210294.0,3163.0,3163.0,3108.0,3134.3,31932800,3447.7,2820.9,3839.9,2896.0,3125.8,18,1,3125.7,1,1,3125.6,1,1,3125.2,38,2,3125.1,3,1,3126.1,83,5,3126.8,103,4,3126.9,207,2,3127.0,547,12,3127.1,10,1
2031,2026-06-16 12:20:52+05:30,3126.1,11,3129.95,2019152,125433.0,209656.0,3163.0,3163.0,3108.0,3134.3,31932800,3447.7,2820.9,3839.9,2896.0,3125.8,18,1,3125.7,1,1,3125.6,1,1,3125.2,38,2,3125.1,51,2,3126.1,83,5,3126.7,182,1,3126.8,140,6,3126.9,30,1,3127.0,544,12
2031,2026-06-16 12:20:53+05:30,3125.8,5,3129.95,2019152,125433.0,209656.0,3163.0,3163.0,3108.0,3134.3,31932800,3447.7,2820.9,3839.9,2896.0,3125.8,18,1,3125.7,1,1,3125.6,1,1,3125.2,38,2,3125.1,51,2,3126.1,83,5,3126.7,182,1,3126.8,140,6,3126.9,30,1,3127.0,544,12
2031,2026-06-16 12:20:53+05:30,3125.8,5,3129.95,2019157,123523.0,210297.0,3163.0,3163.0,3108.0,3134.3,31932800,3447.7,2820.9,3839.9,2896.0,3125.8,14,2,3125.7,1,1,3125.6,1,1,3125.2,17,1,3125.1,3,1,3126.1,83,5,3126.2,19,1,3126.4,19,1,3126.7,200,2,3126.8,152,6
2031,2026-06-16 12:20:54+05:30,3126.1,1,3129.95,2019157,123523.0,210297.0,3163.0,3163.0,3108.0,3134.3,31932800,3447.7,2820.9,3839.9,2896.0,3125.8,14,2,3125.7,1,1,3125.6,1,1,3125.2,17,1,3125.1,3,1,3126.1,83,5,3126.2,19,1,3126.4,19,1,3126.7,200,2,3126.8,152,6
2031,2026-06-16 12:20:54+05:30,3126.1,1,3129.95,2019160,125193.0,210343.0,3163.0,3163.0,3108.0,3134.3,31932800,3447.7,2820.9,3839.9,2896.0,3126.0,17,1,3125.8,1,1,3125.7,1,1,3125.6,3,2,3125.2,17,1,3126.1,81,5,3126.5,67,2,3126.7,200,2,3126.8,152,6,3126.9,30,1
2031,2026-06-16 12:20:55+05:30,3126.1,1,3129.95,2019160,125193.0,210343.0,3163.0,3163.0,3108.0,3134.3,31932800,3447.7,2820.9,3839.9,2896.0,3126.0,17,1,3125.8,1,1,3125.7,1,1,3125.6,3,2,3125.2,17,1,3126.1,81,5,3126.5,67,2,3126.7,200,2,3126.8,152,6,3126.9,30,1
2031,2026-06-16 12:20:55+05:30,3126.1,1,3129.95,2019337,125511.0,207769.0,3163.0,3163.0,3108.0,3134.3,31932800,3447.7,2820.9,3839.9,2896.0,3125.8,6,2,3125.6,20,3,3125.3,41,1,3125.2,54,4,3125.1,77,3,3126.1,2,1,3126.8,188,2,3126.9,30,1,3127.0,512,11,3127.1,10,1
2031,2026-06-16 12:20:56+05:30,3126.1,1,3129.95,2019337,125511.0,207769.0,3163.0,3163.0,3108.0,3134.3,31932800,3447.7,2820.9,3839.9,2896.0,3125.8,6,2,3125.6,20,3,3125.3,41,1,3125.2,54,4,3125.1,77,3,3126.1,2,1,3126.8,188,2,3126.9,30,1,3127.0,512,11,3127.1,10,1
2031,2026-06-16 12:20:56+05:30,3126.1,1,3129.95,2019338,125625.0,209934.0,3163.0,3163.0,3108.0,3134.3,31932800,3447.7,2820.9,3839.9,2896.0,3125.8,6,2,3125.6,20,3,3125.3,89,2,3125.2,40,3,3125.1,77,3,3126.1,1,1,3126.5,50,1,3126.8,208,3,3126.9,30,1,3127.0,530,12
2031,2026-06-16 12:20:57+05:30,3126.1,1,3129.95,2019338,125625.0,209934.0,3163.0,3163.0,3108.0,3134.3,31932800,3447.7,2820.9,3839.9,2896.0,3125.8,6,2,3125.6,20,3,3125.3,89,2,3125.2,40,3,3125.1,77,3,3126.1,1,1,3126.5,50,1,3126.8,208,3,3126.9,30,1,3127.0,530,12
2031,2026-06-16 12:20:57+05:30,3126.1,1,3129.95,2019338,125625.0,209934.0,3163.0,3163.0,3108.0,3134.3,31932800,3447.7,2820.9,3839.9,2896.0,3125.8,6,2,3125.6,20,3,3125.3,89,2,3125.2,40,3,3125.1,77,3,3126.1,1,1,3126.5,50,1,3126.8,208,3,3126.9,30,1,3127.0,530,12
2031,2026-06-16 12:20:57+05:30,3126.1,1,3129.95,2019340,125952.0,209713.0,3163.0,3163.0,3108.0,3134.3,31932800,3447.7,2820.9,3839.9,2896.0,3125.8,44,6,3125.6,77,5,3125.5,54,3,3125.4,18,2,3125.3,60,2,3126.1,16,2,3126.5,50,1,3126.8,14,1,3126.9,30,1,3127.0,493,10
2031,2026-06-16 12:20:58+05:30,3126.1,1,3129.95,2019340,125952.0,209713.0,3163.0,3163.0,3108.0,3134.3,31932800,3447.7,2820.9,3839.9,2896.0,3125.8,44,6,3125.6,77,5,3125.5,54,3,3125.4,18,2,3125.3,60,2,3126.1,16,2,3126.5,50,1,3126.8,14,1,3126.9,30,1,3127.0,493,10
2031,2026-06-16 12:20:58+05:30,3126.1,1,3129.95,2019344,126082.0,209607.0,3163.0,3163.0,3108.0,3134.3,31932800,3447.7,2820.9,3839.9,2896.0,3125.9,13,1,3125.8,57,7,3125.7,6,1,3125.6,77,5,3125.5,54,3,3126.1,12,1,3126.5,50,1,3126.8,14,1,3126.9,30,1,3127.0,445,9
2031,2026-06-16 12:20:58+05:30,3126.1,1,3129.95,2019344,126082.0,209607.0,3163.0,3163.0,3108.0,3134.3,31932800,3447.7,2820.9,3839.9,2896.0,3125.9,13,1,3125.8,57,7,3125.7,6,1,3125.6,77,5,3125.5,54,3,3126.1,12,1,3126.5,50,1,3126.8,14,1,3126.9,30,1,3127.0,445,9
2031,2026-06-16 12:20:59+05:30,3126.1,1,3129.95,2019344,126082.0,209607.0,3163.0,3163.0,3108.0,3134.3,31932800,3447.7,2820.9,3839.9,2896.0,3125.9,13,1,3125.8,57,7,3125.7,6,1,3125.6,77,5,3125.5,54,3,3126.1,12,1,3126.5,50,1,3126.8,14,1,3126.9,30,1,3127.0,445,9
2031,2026-06-16 12:20:59+05:30,3126.1,1,3129.95,2019345,126077.0,208278.0,3163.0,3163.0,3108.0,3134.3,31932800,3447.7,2820.9,3839.9,2896.0,3126.1,1,1,3125.9,30,2,3125.8,56,6,3125.7,6,1,3125.6,53,5,3126.5,50,1,3126.8,14,1,3126.9,30,1,3127.0,425,8,3127.1,10,1
2031,2026-06-16 12:21:00+05:30,3126.5,1,3129.95,2019345,126077.0,208278.0,3163.0,3163.0,3108.0,3134.3,31932800,3447.7,2820.9,3839.9,2896.0,3126.1,1,1,3125.9,30,2,3125.8,56,6,3125.7,6,1,3125.6,53,5,3126.5,50,1,3126.8,14,1,3126.9,30,1,3127.0,425,8,3127.1,10,1
2031,2026-06-16 12:21:00+05:30,3126.5,1,3129.95,2019347,126041.0,210236.0,3163.0,3163.0,3108.0,3134.3,31932800,3447.7,2820.9,3839.9,2896.0,3126.3,2,2,3126.1,23,4,3126.0,16,1,3125.9,13,1,3125.8,19,3,3126.5,50,3,3126.8,14,1,3126.9,30,1,3127.0,425,8,3127.1,10,1
2031,2026-06-16 12:21:01+05:30,3126.5,1,3129.95,2019347,126041.0,210236.0,3163.0,3163.0,3108.0,3134.3,31932800,3447.7,2820.9,3839.9,2896.0,3126.3,2,2,3126.1,23,4,3126.0,16,1,3125.9,13,1,3125.8,19,3,3126.5,50,3,3126.8,14,1,3126.9,30,1,3127.0,425,8,3127.1,10,1
2031,2026-06-16 12:21:01+05:30,3126.5,1,3129.95,2019347,126041.0,210236.0,3163.0,3163.0,3108.0,3134.3,31932800,3447.7,2820.9,3839.9,2896.0,3126.3,2,2,3126.1,23,4,3126.0,16,1,3125.9,13,1,3125.8,19,3,3126.5,50,3,3126.8,14,1,3126.9,30,1,3127.0,425,8,3127.1,10,1
2031,2026-06-16 12:21:01+05:30,3126.5,1,3129.95,2019349,126248.0,207559.0,3163.0,3163.0,3108.0,3134.3,31932800,3447.7,2820.9,3839.9,2896.0,3126.3,6,4,3126.2,18,2,3126.1,22,4,3126.0,51,3,3125.8,67,5,3126.5,48,3,3126.8,14,1,3126.9,30,1,3127.0,425,8,3127.1,10,1
2031,2026-06-16 12:21:02+05:30,3126.1,7,3129.95,2019349,126248.0,207559.0,3163.0,3163.0,3108.0,3134.3,31932800,3447.7,2820.9,3839.9,2896.0,3126.3,6,4,3126.2,18,2,3126.1,22,4,3126.0,51,3,3125.8,67,5,3126.5,48,3,3126.8,14,1,3126.9,30,1,3127.0,425,8,3127.1,10,1
2031,2026-06-16 12:21:02+05:30,3126.1,7,3129.95,2019550,126265.0,209666.0,3163.0,3163.0,3108.0,3134.3,31932800,3447.7,2820.9,3839.9,2896.0,3126.1,13,2,3126.0,17,1,3125.8,31,3,3125.6,55,6,3125.5,11,2,3126.5,47,3,3126.8,14,1,3126.9,30,1,3127.0,443,9,3127.1,10,1
2031,2026-06-16 12:21:03+05:30,3126.1,7,3129.95,2019550,126265.0,209666.0,3163.0,3163.0,3108.0,3134.3,31932800,3447.7,2820.9,3839.9,2896.0,3126.1,13,2,3126.0,17,1,3125.8,31,3,3125.6,55,6,3125.5,11,2,3126.5,47,3,3126.8,14,1,3126.9,30,1,3127.0,443,9,3127.1,10,1
2031,2026-06-16 12:21:03+05:30,3126.5,1,3129.95,2019550,126265.0,209666.0,3163.0,3163.0,3108.0,3134.3,31932800,3447.7,2820.9,3839.9,2896.0,3126.1,13,2,3126.0,17,1,3125.8,31,3,3125.6,55,6,3125.5,11,2,3126.5,47,3,3126.8,14,1,3126.9,30,1,3127.0,443,9,3127.1,10,1
2031,2026-06-16 12:21:03+05:30,3126.5,1,3129.95,2019551,126495.0,209550.0,3163.0,3163.0,3108.0,3134.3,31932800,3447.7,2820.9,3839.9,2896.0,3126.3,49,1,3126.1,18,3,3126.0,16,1,3125.9,17,1,3125.8,31,3,3126.5,46,3,3126.8,14,1,3126.9,30,1,3127.0,425,8,3127.1,10,1
2031,2026-06-16 12:21:04+05:30,3126.5,1,3129.95,2019551,126495.0,209550.0,3163.0,3163.0,3108.0,3134.3,31932800,3447.7,2820.9,3839.9,2896.0,3126.3,49,1,3126.1,18,3,3126.0,16,1,3125.9,17,1,3125.8,31,3,3126.5,46,3,3126.8,14,1,3126.9,30,1,3127.0,425,8,3127.1,10,1
2031,2026-06-16 12:21:04+05:30,3126.5,1,3129.95,2019554,126556.0,209495.0,3163.0,3163.0,3108.0,3134.3,31932800,3447.7,2820.9,3839.9,2896.0,3126.3,52,2,3126.2,1,1,3126.1,18,3,3126.0,16,1,3125.9,17,1,3126.5,43,3,3126.8,14,1,3126.9,30,1,3127.0,425,8,3127.1,10,1
2031,2026-06-16 12:21:04+05:30,3126.5,1,3129.95,2019554,126556.0,209495.0,3163.0,3163.0,3108.0,3134.3,31932800,3447.7,2820.9,3839.9,2896.0,3126.3,52,2,3126.2,1,1,3126.1,18,3,3126.0,16,1,3125.9,17,1,3126.5,43,3,3126.8,14,1,3126.9,30,1,3127.0,425,8,3127.1,10,1
2031,2026-06-16 12:21:05+05:30,3126.5,1,3129.95,2019554,126556.0,209495.0,3163.0,3163.0,3108.0,3134.3,31932800,3447.7,2820.9,3839.9,2896.0,3126.3,52,2,3126.2,1,1,3126.1,18,3,3126.0,16,1,3125.9,17,1,3126.5,43,3,3126.8,14,1,3126.9,30,1,3127.0,425,8,3127.1,10,1
2031,2026-06-16 12:21:06+05:30,3126.5,1,3129.95,2019556,126755.0,209674.0,3163.0,3163.0,3108.0,3134.3,31932800,3447.7,2820.9,3839.9,2896.0,3126.4,17,1,3126.3,52,2,3126.2,1,1,3126.1,24,4,3125.8,44,4,3126.5,41,3,3126.8,14,1,3126.9,30,1,3127.0,425,8,3127.1,10,1
2031,2026-06-16 12:21:06+05:30,3126.5,1,3129.95,2019556,126755.0,209674.0,3163.0,3163.0,3108.0,3134.3,31932800,3447.7,2820.9,3839.9,2896.0,3126.4,17,1,3126.3,52,2,3126.2,1,1,3126.1,24,4,3125.8,44,4,3126.5,41,3,3126.8,14,1,3126.9,30,1,3127.0,425,8,3127.1,10,1
2031,2026-06-16 12:21:06+05:30,3126.5,1,3129.95,2019556,126755.0,209674.0,3163.0,3163.0,3108.0,3134.3,31932800,3447.7,2820.9,3839.9,2896.0,3126.4,17,1,3126.3,52,2,3126.2,1,1,3126.1,24,4,3125.8,44,4,3126.5,41,3,3126.8,14,1,3126.9,30,1,3127.0,425,8,3127.1,10,1
2031,2026-06-16 12:21:07+05:30,3126.5,1,3129.95,2019597,127585.0,209104.0,3163.0,3163.0,3108.0,3134.3,31932800,3447.7,2820.9,3839.9,2896.0,3126.4,17,2,3126.3,69,3,3126.2,1,1,3126.1,19,3,3126.0,17,1,3126.8,14,1,3126.9,30,1,3127.0,425,8,3127.1,10,1,3127.4,39,2
2031,2026-06-16 12:21:07+05:30,3126.5,1,3129.95,2019597,127585.0,209104.0,3163.0,3163.0,3108.0,3134.3,31932800,3447.7,2820.9,3839.9,2896.0,3126.4,17,2,3126.3,69,3,3126.2,1,1,3126.1,19,3,3126.0,17,1,3126.8,14,1,3126.9,30,1,3127.0,425,8,3127.1,10,1,3127.4,39,2
2031,2026-06-16 12:21:08+05:30,3126.5,1,3129.95,2019597,127591.0,209372.0,3163.0,3163.0,3108.0,3134.3,31932800,3447.7,2820.9,3839.9,2896.0,3126.4,60,3,3126.3,69,3,3126.2,1,1,3126.1,19,3,3126.0,17,1,3126.8,69,2,3126.9,30,1,3127.0,425,8,3127.1,10,1,3127.4,39,2
2031,2026-06-16 12:21:08+05:30,3126.5,1,3129.95,2019597,127591.0,209372.0,3163.0,3163.0,3108.0,3134.3,31932800,3447.7,2820.9,3839.9,2896.0,3126.4,60,3,3126.3,69,3,3126.2,1,1,3126.1,19,3,3126.0,17,1,3126.8,69,2,3126.9,30,1,3127.0,425,8,3127.1,10,1,3127.4,39,2
2031,2026-06-16 12:21:09+05:30,3126.5,1,3129.95,2019597,127591.0,209372.0,3163.0,3163.0,3108.0,3134.3,31932800,3447.7,2820.9,3839.9,2896.0,3126.4,60,3,3126.3,69,3,3126.2,1,1,3126.1,19,3,3126.0,17,1,3126.8,69,2,3126.9,30,1,3127.0,425,8,3127.1,10,1,3127.4,39,2
2031,2026-06-16 12:21:09+05:30,3126.5,1,3129.95,2019597,127140.0,209502.0,3163.0,3163.0,3108.0,3134.3,31932800,3447.7,2820.9,3839.9,2896.0,3126.6,3,1,3126.4,60,3,3126.3,52,2,3126.2,1,1,3126.1,9,1,3126.8,168,5,3126.9,30,1,3127.0,425,8,3127.1,10,1,3127.2,18,1
2031,2026-06-16 12:21:09+05:30,3126.8,6,3129.95,2019597,127140.0,209502.0,3163.0,3163.0,3108.0,3134.3,31932800,3447.7,2820.9,3839.9,2896.0,3126.6,3,1,3126.4,60,3,3126.3,52,2,3126.2,1,1,3126.1,9,1,3126.8,168,5,3126.9,30,1,3127.0,425,8,3127.1,10,1,3127.2,18,1
2031,2026-06-16 12:21:09+05:30,3126.8,6,3129.95,2019597,127140.0,209502.0,3163.0,3163.0,3108.0,3134.3,31932800,3447.7,2820.9,3839.9,2896.0,3126.6,3,1,3126.4,60,3,3126.3,52,2,3126.2,1,1,3126.1,9,1,3126.8,168,5,3126.9,30,1,3127.0,425,8,3127.1,10,1,3127.2,18,1
2031,2026-06-16 12:21:10+05:30,3126.8,6,3129.95,2019597,127140.0,209502.0,3163.0,3163.0,3108.0,3134.3,31932800,3447.7,2820.9,3839.9,2896.0,3126.6,3,1,3126.4,60,3,3126.3,52,2,3126.2,1,1,3126.1,9,1,3126.8,168,5,3126.9,30,1,3127.0,425,8,3127.1,10,1,3127.2,18,1
2031,2026-06-16 12:21:10+05:30,3126.0,11,3129.95,2019964,126083.0,209115.0,3163.0,3163.0,3108.0,3134.3,31932800,3447.7,2820.9,3839.9,2896.0,3125.8,44,4,3125.6,3,2,3125.5,56,3,3125.4,55,3,3125.3,77,3,3126.0,7,1,3126.8,21,1,3126.9,219,2,3127.0,446,9,3127.1,56,2
2031,2026-06-16 12:21:10+05:30,3126.0,11,3129.95,2019964,126083.0,209115.0,3163.0,3163.0,3108.0,3134.3,31932800,3447.7,2820.9,3839.9,2896.0,3125.8,44,4,3125.6,3,2,3125.5,56,3,3125.4,55,3,3125.3,77,3,3126.0,7,1,3126.8,21,1,3126.9,219,2,3127.0,446,9,3127.1,56,2
2031,2026-06-16 12:21:11+05:30,3126.0,11,3129.95,2019964,126083.0,209115.0,3163.0,3163.0,3108.0,3134.3,31932800,3447.7,2820.9,3839.9,2896.0,3125.8,44,4,3125.6,3,2,3125.5,56,3,3125.4,55,3,3125.3,77,3,3126.0,7,1,3126.8,21,1,3126.9,219,2,3127.0,446,9,3127.1,56,2
2031,2026-06-16 12:21:11+05:30,3126.0,1,3129.95,2019966,126092.0,209126.0,3163.0,3163.0,3108.0,3134.3,31932800,3447.7,2820.9,3839.9,2896.0,3125.8,44,4,3125.6,3,2,3125.5,56,3,3125.4,18,2,3125.3,77,3,3126.0,6,2,3126.5,10,1,3126.8,21,1,3126.9,219,2,3127.0,446,9
2031,2026-06-16 12:21:11+05:30,3126.0,1,3129.95,2019966,126092.0,209126.0,3163.0,3163.0,3108.0,3134.3,31932800,3447.7,2820.9,3839.9,2896.0,3125.8,44,4,3125.6,3,2,3125.5,56,3,3125.4,18,2,3125.3,77,3,3126.0,6,2,3126.5,10,1,3126.8,21,1,3126.9,219,2,3127.0,446,9
2031,2026-06-16 12:21:11+05:30,3126.0,1,3129.95,2019966,126092.0,209126.0,3163.0,3163.0,3108.0,3134.3,31932800,3447.7,2820.9,3839.9,2896.0,3125.8,44,4,3125.6,3,2,3125.5,56,3,3125.4,18,2,3125.3,77,3,3126.0,6,2,3126.5,10,1,3126.8,21,1,3126.9,219,2,3127.0,446,9
2031,2026-06-16 12:21:12+05:30,3126.0,1,3129.95,2019972,126125.0,209644.0,3163.0,3163.0,3108.0,3134.3,31932800,3447.7,2820.9,3839.9,2896.0,3126.0,1,1,3125.8,22,2,3125.6,3,2,3125.5,26,2,3125.4,11,1,3126.5,10,1,3126.9,219,2,3127.0,483,11,3127.1,56,2,3127.2,88,4
2031,2026-06-16 12:21:12+05:30,3125.8,9,3129.95,2019972,126125.0,209644.0,3163.0,3163.0,3108.0,3134.3,31932800,3447.7,2820.9,3839.9,2896.0,3126.0,1,1,3125.8,22,2,3125.6,3,2,3125.5,26,2,3125.4,11,1,3126.5,10,1,3126.9,219,2,3127.0,483,11,3127.1,56,2,3127.2,88,4
2031,2026-06-16 12:21:12+05:30,3125.8,9,3129.95,2019972,126125.0,209644.0,3163.0,3163.0,3108.0,3134.3,31932800,3447.7,2820.9,3839.9,2896.0,3126.0,1,1,3125.8,22,2,3125.6,3,2,3125.5,26,2,3125.4,11,1,3126.5,10,1,3126.9,219,2,3127.0,483,11,3127.1,56,2,3127.2,88,4
2031,2026-06-16 12:21:13+05:30,3125.8,10,3129.95,2019996,125132.0,209957.0,3163.0,3163.0,3108.0,3134.3,31932800,3447.7,2820.9,3839.9,2896.0,3125.6,3,2,3125.4,15,1,3125.3,17,1,3125.1,20,2,3125.0,127,3,3125.8,176,1,3126.5,10,1,3126.6,22,1,3126.7,184,1,3126.8,84,3
2031,2026-06-16 12:21:13+05:30,3125.8,10,3129.95,2019996,125132.0,209957.0,3163.0,3163.0,3108.0,3134.3,31932800,3447.7,2820.9,3839.9,2896.0,3125.6,3,2,3125.4,15,1,3125.3,17,1,3125.1,20,2,3125.0,127,3,3125.8,176,1,3126.5,10,1,3126.6,22,1,3126.7,184,1,3126.8,84,3
2031,2026-06-16 12:21:13+05:30,3125.8,10,3129.95,2019996,125132.0,209957.0,3163.0,3163.0,3108.0,3134.3,31932800,3447.7,2820.9,3839.9,2896.0,3125.6,3,2,3125.4,15,1,3125.3,17,1,3125.1,20,2,3125.0,127,3,3125.8,176,1,3126.5,10,1,3126.6,22,1,3126.7,184,1,3126.8,84,3
2031,2026-06-16 12:21:14+05:30,3125.8,10,3129.95,2019996,125132.0,209957.0,3163.0,3163.0,3108.0,3134.3,31932800,3447.7,2820.9,3839.9,2896.0,3125.6,3,2,3125.4,15,1,3125.3,17,1,3125.1,20,2,3125.0,127,3,3125.8,176,1,3126.5,10,1,3126.6,22,1,3126.7,184,1,3126.8,84,3
2031,2026-06-16 12:21:14+05:30,3125.6,1,3129.95,2020000,125109.0,209975.0,3163.0,3163.0,3108.0,3134.3,31932800,3447.7,2820.9,3839.9,2896.0,3125.6,18,2,3125.4,17,1,3125.1,11,2,3125.0,127,3,3124.9,18,1,3125.8,176,1,3126.1,20,1,3126.5,10,1,3126.6,22,1,3126.7,184,1
2031,2026-06-16 12:21:14+05:30,3125.6,1,3129.95,2020000,125109.0,209975.0,3163.0,3163.0,3108.0,3134.3,31932800,3447.7,2820.9,3839.9,2896.0,3125.6,18,2,3125.4,17,1,3125.1,11,2,3125.0,127,3,3124.9,18,1,3125.8,176,1,3126.1,20,1,3126.5,10,1,3126.6,22,1,3126.7,184,1
2031,2026-06-16 12:21:14+05:30,3125.6,1,3129.95,2020000,125109.0,209975.0,3163.0,3163.0,3108.0,3134.3,31932800,3447.7,2820.9,3839.9,2896.0,3125.6,18,2,3125.4,17,1,3125.1,11,2,3125.0,127,3,3124.9,18,1,3125.8,176,1,3126.1,20,1,3126.5,10,1,3126.6,22,1,3126.7,184,1
2031,2026-06-16 12:21:15+05:30,3125.6,1,3129.95,2020001,125091.0,209936.0,3163.0,3163.0,3108.0,3134.3,31932800,3447.7,2820.9,3839.9,2896.0,3125.7,17,1,3125.6,2,2,3125.4,17,1,3125.1,11,2,3125.0,144,4,3125.8,176,1,3126.1,20,1,3126.5,28,2,3126.6,22,1,3126.7,184,1
2031,2026-06-16 12:21:15+05:30,3125.7,1,3129.95,2020001,125091.0,209936.0,3163.0,3163.0,3108.0,3134.3,31932800,3447.7,2820.9,3839.9,2896.0,3125.7,17,1,3125.6,2,2,3125.4,17,1,3125.1,11,2,3125.0,144,4,3125.8,176,1,3126.1,20,1,3126.5,28,2,3126.6,22,1,3126.7,184,1
2031,2026-06-16 12:21:16+05:30,3125.7,1,3129.95,2020001,125091.0,209936.0,3163.0,3163.0,3108.0,3134.3,31937200,3447.7,2820.9,3839.9,2896.0,3125.7,17,1,3125.6,2,2,3125.4,17,1,3125.1,11,2,3125.0,144,4,3125.8,176,1,3126.1,20,1,3126.5,28,2,3126.6,22,1,3126.7,184,1
2031,2026-06-16 12:21:16+05:30,3125.8,171,3129.95,2020178,125315.0,209742.0,3163.0,3163.0,3108.0,3134.3,31937200,3447.7,2820.9,3839.9,2896.0,3125.9,1,1,3125.8,18,2,3125.7,1,1,3125.6,7,3,3125.4,17,1,3126.1,20,1,3126.5,10,1,3126.7,194,2,3126.8,66,2,3126.9,49,2
2031,2026-06-16 12:21:16+05:30,3125.9,1,3129.95,2020178,125315.0,209742.0,3163.0,3163.0,3108.0,3134.3,31937200,3447.7,2820.9,3839.9,2896.0,3125.9,1,1,3125.8,18,2,3125.7,1,1,3125.6,7,3,3125.4,17,1,3126.1,20,1,3126.5,10,1,3126.7,194,2,3126.8,66,2,3126.9,49,2
2031,2026-06-16 12:21:17+05:30,3125.8,1,3129.95,2020181,125485.0,209704.0,3163.0,3163.0,3108.0,3134.3,31937200,3447.7,2820.9,3839.9,2896.0,3125.8,17,2,3125.7,1,1,3125.6,7,3,3125.5,37,2,3125.4,54,4,3126.1,19,1,3126.5,10,1,3126.8,20,1,3126.9,205,2,3127.0,446,9
2031,2026-06-16 12:21:17+05:30,3125.8,1,3129.95,2020181,125485.0,209704.0,3163.0,3163.0,3108.0,3134.3,31937200,3447.7,2820.9,3839.9,2896.0,3125.8,17,2,3125.7,1,1,3125.6,7,3,3125.5,37,2,3125.4,54,4,3126.1,19,1,3126.5,10,1,3126.8,20,1,3126.9,205,2,3127.0,446,9
2031,2026-06-16 12:21:18+05:30,3125.8,1,3129.95,2020182,125442.0,209761.0,3163.0,3163.0,3108.0,3134.3,31937200,3447.7,2820.9,3839.9,2896.0,3125.8,16,2,3125.7,1,1,3125.6,7,3,3125.5,37,2,3125.4,54,4,3126.1,28,2,3126.5,10,1,3126.8,20,1,3126.9,205,2,3127.0,446,9
2031,2026-06-16 12:21:18+05:30,3125.8,1,3129.95,2020182,125442.0,209761.0,3163.0,3163.0,3108.0,3134.3,31937200,3447.7,2820.9,3839.9,2896.0,3125.8,16,2,3125.7,1,1,3125.6,7,3,3125.5,37,2,3125.4,54,4,3126.1,28,2,3126.5,10,1,3126.8,20,1,3126.9,205,2,3127.0,446,9
2031,2026-06-16 12:21:19+05:30,3125.8,1,3129.95,2020183,125442.0,209764.0,3163.0,3163.0,3108.0,3134.3,31937200,3447.7,2820.9,3839.9,2896.0,3125.8,15,2,3125.7,19,2,3125.6,7,3,3125.5,37,2,3125.4,54,4,3126.1,28,2,3126.5,10,1,3126.8,20,1,3126.9,205,2,3127.0,446,9
2031,2026-06-16 12:21:19+05:30,3125.8,1,3129.95,2020183,125442.0,209764.0,3163.0,3163.0,3108.0,3134.3,31937200,3447.7,2820.9,3839.9,2896.0,3125.8,15,2,3125.7,19,2,3125.6,7,3,3125.5,37,2,3125.4,54,4,3126.1,28,2,3126.5,10,1,3126.8,20,1,3126.9,205,2,3127.0,446,9
2031,2026-06-16 12:21:20+05:30,3125.8,1,3129.95,2020185,125556.0,209763.0,3163.0,3163.0,3108.0,3134.3,31937200,3447.7,2820.9,3839.9,2896.0,3125.8,14,2,3125.7,19,2,3125.6,6,2,3125.5,37,2,3125.4,54,4,3126.1,27,2,3126.5,10,1,3126.8,20,1,3126.9,205,2,3127.0,446,9
2031,2026-06-16 12:21:20+05:30,3125.8,1,3129.95,2020185,125556.0,209763.0,3163.0,3163.0,3108.0,3134.3,31937200,3447.7,2820.9,3839.9,2896.0,3125.8,14,2,3125.7,19,2,3125.6,6,2,3125.5,37,2,3125.4,54,4,3126.1,27,2,3126.5,10,1,3126.8,20,1,3126.9,205,2,3127.0,446,9
2031,2026-06-16 12:21:21+05:30,3126.1,1,3129.95,2020188,125725.0,209546.0,3163.0,3163.0,3108.0,3134.3,31937200,3447.7,2820.9,3839.9,2896.0,3125.8,27,3,3125.7,1,1,3125.6,6,2,3125.5,37,2,3125.4,54,4,3126.1,26,2,3126.8,20,1,3126.9,205,2,3127.0,446,9,3127.1,56,2
2031,2026-06-16 12:21:21+05:30,3126.1,1,3129.95,2020188,125725.0,209546.0,3163.0,3163.0,3108.0,3134.3,31937200,3447.7,2820.9,3839.9,2896.0,3125.8,27,3,3125.7,1,1,3125.6,6,2,3125.5,37,2,3125.4,54,4,3126.1,26,2,3126.8,20,1,3126.9,205,2,3127.0,446,9,3127.1,56,2
2031,2026-06-16 12:21:22+05:30,3125.8,1,3129.95,2020189,125780.0,209521.0,3163.0,3163.0,3108.0,3134.3,31937200,3447.7,2820.9,3839.9,2896.0,3125.8,26,3,3125.7,1,1,3125.6,6,2,3125.5,37,2,3125.4,54,4,3126.1,17,1,3126.7,159,1,3126.8,20,1,3126.9,30,1,3127.0,446,9
2031,2026-06-16 12:21:22+05:30,3125.8,83,3129.95,2020189,125780.0,209521.0,3163.0,3163.0,3108.0,3134.3,31937200,3447.7,2820.9,3839.9,2896.0,3125.8,26,3,3125.7,1,1,3125.6,6,2,3125.5,37,2,3125.4,54,4,3126.1,17,1,3126.7,159,1,3126.8,20,1,3126.9,30,1,3127.0,446,9
2031,2026-06-16 12:21:23+05:30,3125.8,1,3129.95,2020284,125821.0,209633.0,3163.0,3163.0,3108.0,3134.3,31937200,3447.7,2820.9,3839.9,2896.0,3125.8,14,1,3125.7,18,2,3125.6,6,2,3125.5,9,1,3125.4,54,4,3126.1,17,1,3126.7,159,1,3126.8,66,2,3126.9,30,1,3127.0,352,8
2031,2026-06-16 12:21:23+05:30,3125.8,1,3129.95,2020284,125821.0,209633.0,3163.0,3163.0,3108.0,3134.3,31937200,3447.7,2820.9,3839.9,2896.0,3125.8,14,1,3125.7,18,2,3125.6,6,2,3125.5,9,1,3125.4,54,4,3126.1,17,1,3126.7,159,1,3126.8,66,2,3126.9,30,1,3127.0,352,8
2031,2026-06-16 12:21:24+05:30,3126.1,1,3129.95,2020286,125799.0,209682.0,3163.0,3163.0,3108.0,3134.3,31937200,3447.7,2820.9,3839.9,2896.0,3125.8,13,1,3125.7,19,3,3125.6,6,2,3125.4,37,3,3125.3,12,1,3126.1,27,2,3126.7,159,1,3126.8,66,2,3126.9,30,1,3127.0,397,9
2031,2026-06-16 12:21:24+05:30,3126.1,1,3129.95,2020286,125799.0,209682.0,3163.0,3163.0,3108.0,3134.3,31937200,3447.7,2820.9,3839.9,2896.0,3125.8,13,1,3125.7,19,3,3125.6,6,2,3125.4,37,3,3125.3,12,1,3126.1,27,2,3126.7,159,1,3126.8,66,2,3126.9,30,1,3127.0,397,9
2031,2026-06-16 12:21:25+05:30,3126.1,9,3129.95,2020295,125909.0,209633.0,3163.0,3163.0,3108.0,3134.3,31937200,3447.7,2820.9,3839.9,2896.0,3125.8,35,3,3125.7,1,1,3125.6,23,3,3125.4,54,4,3125.3,12,1,3126.1,18,2,3126.7,159,1,3126.8,66,2,3126.9,30,1,3127.0,352,8
2031,2026-06-16 12:21:25+05:30,3125.2,28,3129.95,2020295,125909.0,209633.0,3163.0,3163.0,3108.0,3134.3,31937200,3447.7,2820.9,3839.9,2896.0,3125.8,35,3,3125.7,1,1,3125.6,23,3,3125.4,54,4,3125.3,12,1,3126.1,18,2,3126.7,159,1,3126.8,66,2,3126.9,30,1,3127.0,352,8
2031,2026-06-16 12:21:26+05:30,3125.2,28,3129.95,2020804,125709.0,209852.0,3163.0,3163.0,3108.0,3134.3,31937200,3447.7,2820.9,3839.9,2896.0,3125.5,37,3,3125.4,32,3,3125.3,28,2,3125.2,21,2,3125.1,39,3,3126.1,9,1,3126.7,174,1,3126.8,266,3,3126.9,251,3,3127.0,352,8
2031,2026-06-16 12:21:27+05:30,3126.1,1,3129.95,2020805,125756.0,210130.0,3163.0,3163.0,3108.0,3134.3,31937200,3447.7,2820.9,3839.9,2896.0,3125.5,37,3,3125.4,26,2,3125.3,45,3,3125.2,34,3,3125.1,39,3,3126.1,31,2,3126.7,174,1,3126.8,266,3,3126.9,230,2,3127.0,373,9
2031,2026-06-16 12:21:27+05:30,3126.1,1,3129.95,2020805,125756.0,210130.0,3163.0,3163.0,3108.0,3134.3,31937200,3447.7,2820.9,3839.9,2896.0,3125.5,37,3,3125.4,26,2,3125.3,45,3,3125.2,34,3,3125.1,39,3,3126.1,31,2,3126.7,174,1,3126.8,266,3,3126.9,230,2,3127.0,373,9
2031,2026-06-16 12:21:28+05:30,3126.1,1,3129.95,2020805,125868.0,210215.0,3163.0,3163.0,3108.0,3134.3,31937200,3447.7,2820.9,3839.9,2896.0,3125.5,74,4,3125.4,26,2,3125.3,45,3,3125.2,34,3,3125.1,39,3,3126.1,39,3,3126.2,49,1,3126.7,174,1,3126.8,266,3,3126.9,253,3
2031,2026-06-16 12:21:29+05:30,3125.2,4,3129.95,2020955,125673.0,209687.0,3163.0,3163.0,3108.0,3134.3,31937200,3447.7,2820.9,3839.9,2896.0,3125.3,13,1,3125.2,17,2,3125.1,39,3,3125.0,167,5,3124.9,128,4,3126.1,39,3,3126.2,49,1,3126.5,63,2,3126.6,83,2,3126.7,174,1
2031,2026-06-16 12:21:29+05:30,3125.2,4,3129.95,2020955,125673.0,209687.0,3163.0,3163.0,3108.0,3134.3,31937200,3447.7,2820.9,3839.9,2896.0,3125.3,13,1,3125.2,17,2,3125.1,39,3,3125.0,167,5,3124.9,128,4,3126.1,39,3,3126.2,49,1,3126.5,63,2,3126.6,83,2,3126.7,174,1
2031,2026-06-16 12:21:30+05:30,3126.1,1,3129.95,2020961,125798.0,209902.0,3163.0,3163.0,3108.0,3134.3,31937200,3447.7,2820.9,3839.9,2896.0,3125.3,24,4,3125.2,6,1,3125.1,39,3,3125.0,167,5,3124.9,128,4,3126.1,95,6,3126.2,8,1,3126.5,63,2,3126.6,83,2,3126.7,174,1
2031,2026-06-16 12:21:30+05:30,3125.3,1,3129.95,2020961,125798.0,209902.0,3163.0,3163.0,3108.0,3134.3,31937200,3447.7,2820.9,3839.9,2896.0,3125.3,24,4,3125.2,6,1,3125.1,39,3,3125.0,167,5,3124.9,128,4,3126.1,95,6,3126.2,8,1,3126.5,63,2,3126.6,83,2,3126.7,174,1
2031,2026-06-16 12:21:31+05:30,3125.3,1,3129.95,2020971,125641.0,210379.0,3163.0,3163.0,3108.0,3134.3,31937200,3447.7,2820.9,3839.9,2896.0,3125.4,13,1,3125.3,36,4,3125.1,3,1,3125.0,96,3,3124.9,19,2,3126.1,101,7,3126.2,8,1,3126.5,63,2,3126.6,129,3,3126.7,174,1
2031,2026-06-16 12:21:32+05:30,3125.3,1,3129.95,2020989,125631.0,209993.0,3163.0,3163.0,3108.0,3134.3,31937200,3447.7,2820.9,3839.9,2896.0,3125.3,42,6,3125.1,3,1,3125.0,95,3,3124.9,19,2,3124.8,63,2,3126.1,76,5,3126.2,8,1,3126.5,63,2,3126.6,39,2,3126.7,174,1
2031,2026-06-16 12:21:32+05:30,3125.3,1,3129.95,2020989,125631.0,209993.0,3163.0,3163.0,3108.0,3134.3,31937200,3447.7,2820.9,3839.9,2896.0,3125.3,42,6,3125.1,3,1,3125.0,95,3,3124.9,19,2,3124.8,63,2,3126.1,76,5,3126.2,8,1,3126.5,63,2,3126.6,39,2,3126.7,174,1
2031,2026-06-16 12:21:33+05:30,3126.1,6,3129.95,2020995,125684.0,210237.0,3163.0,3163.0,3108.0,3134.3,31937200,3447.7,2820.9,3839.9,2896.0,3125.4,13,1,3125.3,55,7,3125.2,50,1,3125.1,18,2,3125.0,125,3,3126.1,70,5,3126.2,8,1,3126.5,42,1,3126.6,87,3,3126.7,374,2
2031,2026-06-16 12:21:33+05:30,3126.1,6,3129.95,2020995,125684.0,210237.0,3163.0,3163.0,3108.0,3134.3,31937200,3447.7,2820.9,3839.9,2896.0,3125.4,13,1,3125.3,55,7,3125.2,50,1,3125.1,18,2,3125.0,125,3,3126.1,70,5,3126.2,8,1,3126.5,42,1,3126.6,87,3,3126.7,374,2
2031,2026-06-16 12:21:34+05:30,3125.4,1,3129.95,2020996,125611.0,210175.0,3163.0,3163.0,3108.0,3134.3,31937200,3447.7,2820.9,3839.9,2896.0,3125.4,31,3,3125.3,48,6,3125.2,50,1,3125.1,35,3,3125.0,174,6,3126.1,110,6,3126.2,8,1,3126.6,21,1,3126.7,237,2,3126.8,362,7
2031,2026-06-16 12:21:34+05:30,3125.4,1,3129.95,2020996,125611.0,210175.0,3163.0,3163.0,3108.0,3134.3,31937200,3447.7,2820.9,3839.9,2896.0,3125.4,31,3,3125.3,48,6,3125.2,50,1,3125.1,35,3,3125.0,174,6,3126.1,110,6,3126.2,8,1,3126.6,21,1,3126.7,237,2,3126.8,362,7
2031,2026-06-16 12:21:35+05:30,3125.3,6,3129.95,2021196,125814.0,210207.0,3163.0,3163.0,3108.0,3134.3,31937200,3447.7,2820.9,3839.9,2896.0,3125.4,13,1,3125.3,45,5,3125.2,50,1,3125.1,23,2,3125.0,118,5,3126.1,110,6,3126.2,8,1,3126.6,88,3,3126.7,63,1,3126.8,341,6
2031,2026-06-16 12:21:35+05:30,3125.3,6,3129.95,2021196,125814.0,210207.0,3163.0,3163.0,3108.0,3134.3,31937200,3447.7,2820.9,3839.9,2896.0,3125.4,13,1,3125.3,45,5,3125.2,50,1,3125.1,23,2,3125.0,118,5,3126.1,110,6,3126.2,8,1,3126.6,88,3,3126.7,63,1,3126.8,341,6
2031,2026-06-16 12:21:36+05:30,3125.3,6,3129.95,2021196,125764.0,210261.0,3163.0,3163.0,3108.0,3134.3,31937200,3447.7,2820.9,3839.9,2896.0,3125.4,32,3,3125.3,57,6,3125.2,50,1,3125.1,40,3,3125.0,143,5,3126.0,56,2,3126.1,75,5,3126.2,5,1,3126.6,88,3,3126.7,421,3
2031,2026-06-16 12:21:37+05:30,3126.0,1,3129.95,2021198,125822.0,210063.0,3163.0,3163.0,3108.0,3134.3,31937200,3447.7,2820.9,3839.9,2896.0,3125.4,69,4,3125.3,57,6,3125.2,50,1,3125.1,57,4,3125.0,143,5,3126.0,62,2,3126.1,67,3,3126.2,5,1,3126.6,88,3,3126.7,421,3
2031,2026-06-16 12:21:37+05:30,3126.0,1,3129.95,2021198,125822.0,210063.0,3163.0,3163.0,3108.0,3134.3,31937200,3447.7,2820.9,3839.9,2896.0,3125.4,69,4,3125.3,57,6,3125.2,50,1,3125.1,57,4,3125.0,143,5,3126.0,62,2,3126.1,67,3,3126.2,5,1,3126.6,88,3,3126.7,421,3
2031,2026-06-16 12:21:38+05:30,3125.7,1,3129.95,2021199,125837.0,210217.0,3163.0,3163.0,3108.0,3134.3,31937200,3447.7,2820.9,3839.9,2896.0,3125.7,2,1,3125.6,15,1,3125.4,43,2,3125.3,1,1,3125.2,50,1,3126.0,87,3,3126.1,66,2,3126.2,5,1,3126.6,67,2,3126.7,376,2
2031,2026-06-16 12:21:38+05:30,3125.7,1,3129.95,2021199,125837.0,210217.0,3163.0,3163.0,3108.0,3134.3,31937200,3447.7,2820.9,3839.9,2896.0,3125.7,2,1,3125.6,15,1,3125.4,43,2,3125.3,1,1,3125.2,50,1,3126.0,87,3,3126.1,66,2,3126.2,5,1,3126.6,67,2,3126.7,376,2
2031,2026-06-16 12:21:39+05:30,3125.7,1,3129.95,2021199,125900.0,210418.0,3163.0,3163.0,3108.0,3134.3,31937200,3447.7,2820.9,3839.9,2896.0,3125.7,2,1,3125.6,15,1,3125.4,37,1,3125.3,1,1,3125.2,50,1,3126.0,87,3,3126.1,66,2,3126.2,5,1,3126.6,67,2,3126.7,576,3
2031,2026-06-16 12:21:39+05:30,3125.6,17,3129.95,2021199,125900.0,210418.0,3163.0,3163.0,3108.0,3134.3,31937200,3447.7,2820.9,3839.9,2896.0,3125.7,2,1,3125.6,15,1,3125.4,37,1,3125.3,1,1,3125.2,50,1,3126.0,87,3,3126.1,66,2,3126.2,5,1,3126.6,67,2,3126.7,576,3
2031,2026-06-16 12:21:40+05:30,3126.0,2,3129.95,2021241,126130.0,210257.0,3163.0,3163.0,3108.0,3134.3,31937200,3447.7,2820.9,3839.9,2896.0,3125.8,16,2,3125.7,7,2,3125.5,17,1,3125.4,37,1,3125.3,15,1,3126.0,87,4,3126.1,44,2,3126.2,5,1,3126.6,67,2,3126.7,576,3
2031,2026-06-16 12:21:40+05:30,3126.0,2,3129.95,2021241,126130.0,210257.0,3163.0,3163.0,3108.0,3134.3,31937200,3447.7,2820.9,3839.9,2896.0,3125.8,16,2,3125.7,7,2,3125.5,17,1,3125.4,37,1,3125.3,15,1,3126.0,87,4,3126.1,44,2,3126.2,5,1,3126.6,67,2,3126.7,576,3
2031,2026-06-16 12:21:41+05:30,3126.0,5,3129.95,2021391,126345.0,208306.0,3163.0,3163.0,3108.0,3134.3,31937200,3447.7,2820.9,3839.9,2896.0,3126.0,9,1,3125.8,18,2,3125.7,7,2,3125.4,71,3,3125.3,25,2,3126.1,44,2,3126.2,5,1,3126.7,175,1,3126.8,479,5,3126.9,230,2
2031,2026-06-16 12:21:41+05:30,3126.0,5,3129.95,2021391,126345.0,208306.0,3163.0,3163.0,3108.0,3134.3,31937200,3447.7,2820.9,3839.9,2896.0,3126.0,9,1,3125.8,18,2,3125.7,7,2,3125.4,71,3,3125.3,25,2,3126.1,44,2,3126.2,5,1,3126.7,175,1,3126.8,479,5,3126.9,230,2
2031,2026-06-16 12:21:42+05:30,3125.4,19,3129.95,2021451,126472.0,209956.0,3163.0,3163.0,3108.0,3134.3,31937200,3447.7,2820.9,3839.9,2896.0,3125.8,18,1,3125.4,30,2,3125.3,54,4,3125.2,60,2,3125.1,40,3,3126.1,45,3,3126.2,5,1,3126.7,400,2,3126.8,278,4,3126.9,30,1
2031,2026-06-16 12:21:42+05:30,3126.1,1,3129.95,2021451,126472.0,209956.0,3163.0,3163.0,3108.0,3134.3,31937200,3447.7,2820.9,3839.9,2896.0,3125.8,18,1,3125.4,30,2,3125.3,54,4,3125.2,60,2,3125.1,40,3,3126.1,45,3,3126.2,5,1,3126.7,400,2,3126.8,278,4,3126.9,30,1
2031,2026-06-16 12:21:43+05:30,3126.1,1,3129.95,2021453,126482.0,209935.0,3163.0,3163.0,3108.0,3134.3,31937200,3447.7,2820.9,3839.9,2896.0,3126.0,1,1,3125.8,35,2,3125.7,12,2,3125.6,17,1,3125.5,9,1,3126.1,43,3,3126.2,5,1,3126.7,400,2,3126.8,299,5,3126.9,30,1
2031,2026-06-16 12:21:43+05:30,3126.1,1,3129.95,2021453,126482.0,209935.0,3163.0,3163.0,3108.0,3134.3,31937200,3447.7,2820.9,3839.9,2896.0,3126.0,1,1,3125.8,35,2,3125.7,12,2,3125.6,17,1,3125.5,9,1,3126.1,43,3,3126.2,5,1,3126.7,400,2,3126.8,299,5,3126.9,30,1
2031,2026-06-16 12:21:44+05:30,3126.1,1,3129.95,2021453,126493.0,209935.0,3163.0,3163.0,3108.0,3134.3,31937200,3447.7,2820.9,3839.9,2896.0,3126.0,18,2,3125.8,17,1,3125.7,6,1,3125.6,17,1,3125.5,9,1,3126.1,43,3,3126.2,5,1,3126.7,400,2,3126.8,299,5,3126.9,30,1
2031,2026-06-16 12:21:45+05:30,3126.1,2,3129.95,2021471,126636.0,207965.0,3163.0,3163.0,3108.0,3134.3,31937200,3447.7,2820.9,3839.9,2896.0,3126.0,29,5,3125.9,3,1,3125.7,23,2,3125.6,17,1,3125.5,9,1,3126.1,25,3,3126.2,5,1,3126.7,400,2,3126.8,246,2,3126.9,30,1
2031,2026-06-16 12:21:45+05:30,3126.1,2,3129.95,2021471,126636.0,207965.0,3163.0,3163.0,3108.0,3134.3,31937200,3447.7,2820.9,3839.9,2896.0,3126.0,29,5,3125.9,3,1,3125.7,23,2,3125.6,17,1,3125.5,9,1,3126.1,25,3,3126.2,5,1,3126.7,400,2,3126.8,246,2,3126.9,30,1
2031,2026-06-16 12:21:46+05:30,3126.1,2,3129.95,2021531,126605.0,209691.0,3163.0,3163.0,3108.0,3134.3,31937200,3447.7,2820.9,3839.9,2896.0,3126.1,5,1,3126.0,12,4,3125.8,6,1,3125.7,17,1,3125.6,17,1,3126.2,5,1,3126.7,400,2,3126.8,200,1,3126.9,30,1,3127.0,325,7
2031,2026-06-16 12:21:46+05:30,3126.1,2,3129.95,2021531,126605.0,209691.0,3163.0,3163.0,3108.0,3134.3,31937200,3447.7,2820.9,3839.9,2896.0,3126.1,5,1,3126.0,12,4,3125.8,6,1,3125.7,17,1,3125.6,17,1,3126.2,5,1,3126.7,400,2,3126.8,200,1,3126.9,30,1,3127.0,325,7
2031,2026-06-16 12:21:47+05:30,3126.2,9,3129.95,2021531,126605.0,209691.0,3163.0,3163.0,3108.0,3134.3,31937200,3447.7,2820.9,3839.9,2896.0,3126.1,5,1,3126.0,12,4,3125.8,6,1,3125.7,17,1,3125.6,17,1,3126.2,5,1,3126.7,400,2,3126.8,200,1,3126.9,30,1,3127.0,325,7
2031,2026-06-16 12:21:47+05:30,3126.2,9,3129.95,2021540,126807.0,209689.0,3163.0,3163.0,3108.0,3134.3,31937200,3447.7,2820.9,3839.9,2896.0,3126.2,7,1,3126.1,5,2,3126.0,7,3,3125.8,18,2,3125.5,27,2,3126.7,400,2,3126.8,221,2,3126.9,30,1,3127.0,329,6,3127.1,210,2
2031,2026-06-16 12:21:48+05:30,3126.7,1,3129.95,2021541,127021.0,209590.0,3163.0,3163.0,3108.0,3134.3,31937200,3447.7,2820.9,3839.9,2896.0,3126.3,17,1,3126.2,5,2,3126.1,50,2,3126.0,7,3,3125.8,18,2,3126.5,1,1,3126.7,450,3,3126.8,200,1,3126.9,30,1,3127.0,329,6
2031,2026-06-16 12:21:48+05:30,3126.7,1,3129.95,2021541,127021.0,209590.0,3163.0,3163.0,3108.0,3134.3,31937200,3447.7,2820.9,3839.9,2896.0,3126.3,17,1,3126.2,5,2,3126.1,50,2,3126.0,7,3,3125.8,18,2,3126.5,1,1,3126.7,450,3,3126.8,200,1,3126.9,30,1,3127.0,329,6
2031,2026-06-16 12:21:49+05:30,3126.5,2,3129.95,2021541,127021.0,209590.0,3163.0,3163.0,3108.0,3134.3,31937200,3447.7,2820.9,3839.9,2896.0,3126.3,17,1,3126.2,5,2,3126.1,50,2,3126.0,7,3,3125.8,18,2,3126.5,1,1,3126.7,450,3,3126.8,200,1,3126.9,30,1,3127.0,329,6
2031,2026-06-16 12:21:49+05:30,3126.5,2,3129.95,2021543,127245.0,208477.0,3163.0,3163.0,3108.0,3134.3,31937200,3447.7,2820.9,3839.9,2896.0,3126.5,15,1,3126.3,6,2,3126.2,1,1,3126.1,50,2,3126.0,31,5,3126.7,485,4,3126.8,200,1,3126.9,30,1,3127.0,329,6,3127.1,210,2
2031,2026-06-16 12:21:50+05:30,3126.7,1,3129.95,2021543,127245.0,208477.0,3163.0,3163.0,3108.0,3134.3,31937200,3447.7,2820.9,3839.9,2896.0,3126.5,15,1,3126.3,6,2,3126.2,1,1,3126.1,50,2,3126.0,31,5,3126.7,485,4,3126.8,200,1,3126.9,30,1,3127.0,329,6,3127.1,210,2
2031,2026-06-16 12:21:50+05:30,3126.7,1,3129.95,2021544,127231.0,209081.0,3163.0,3163.0,3108.0,3134.3,31937200,3447.7,2820.9,3839.9,2896.0,3126.6,15,1,3126.5,1,1,3126.4,5,1,3126.3,1,1,3126.2,1,1,3126.7,534,6,3126.8,202,2,3126.9,31,2,3127.0,331,7,3127.1,210,2
2031,2026-06-16 12:21:51+05:30,3126.4,11,3129.95,2021544,127231.0,209081.0,3163.0,3163.0,3108.0,3134.3,31937200,3447.7,2820.9,3839.9,2896.0,3126.6,15,1,3126.5,1,1,3126.4,5,1,3126.3,1,1,3126.2,1,1,3126.7,534,6,3126.8,202,2,3126.9,31,2,3127.0,331,7,3127.1,210,2
2031,2026-06-16 12:21:51+05:30,3126.4,11,3129.95,2021774,126019.0,209047.0,3163.0,3163.0,3108.0,3134.3,31937200,3447.7,2820.9,3839.9,2896.0,3126.3,1,1,3126.2,1,1,3126.1,50,2,3126.0,7,3,3125.8,1,1,3126.4,171,1,3126.6,216,2,3126.7,371,7,3126.8,86,4,3126.9,31,2
2031,2026-06-16 12:21:52+05:30,3126.3,7,3129.95,2021774,126019.0,209047.0,3163.0,3163.0,3108.0,3134.3,31937200,3447.7,2820.9,3839.9,2896.0,3126.3,1,1,3126.2,1,1,3126.1,50,2,3126.0,7,3,3125.8,1,1,3126.4,171,1,3126.6,216,2,3126.7,371,7,3126.8,86,4,3126.9,31,2
2031,2026-06-16 12:21:52+05:30,3126.3,7,3129.95,2021782,126654.0,208951.0,3163.0,3163.0,3108.0,3134.3,31937200,3447.7,2820.9,3839.9,2896.0,3126.3,10,2,3126.2,1,1,3126.1,50,2,3126.0,7,3,3125.8,1,1,3126.4,247,3,3126.7,297,5,3126.8,248,3,3126.9,31,2,3127.0,429,11
2031,2026-06-16 12:21:53+05:30,3126.4,165,3129.95,2021782,126654.0,208951.0,3163.0,3163.0,3108.0,3134.3,31937200,3447.7,2820.9,3839.9,2896.0,3126.3,10,2,3126.2,1,1,3126.1,50,2,3126.0,7,3,3125.8,1,1,3126.4,247,3,3126.7,297,5,3126.8,248,3,3126.9,31,2,3127.0,429,11
2031,2026-06-16 12:21:53+05:30,3126.4,165,3129.95,2021948,126746.0,208550.0,3163.0,3163.0,3108.0,3134.3,31937200,3447.7,2820.9,3839.9,2896.0,3126.3,1,1,3126.2,1,1,3126.1,50,2,3126.0,7,3,3125.8,1,1,3126.4,81,3,3126.7,314,6,3126.8,223,3,3126.9,31,2,3127.0,362,9
2031,2026-06-16 12:21:54+05:30,3126.4,2,3129.95,2021948,126746.0,208550.0,3163.0,3163.0,3108.0,3134.3,31937200,3447.7,2820.9,3839.9,2896.0,3126.3,1,1,3126.2,1,1,3126.1,50,2,3126.0,7,3,3125.8,1,1,3126.4,81,3,3126.7,314,6,3126.8,223,3,3126.9,31,2,3127.0,362,9
2031,2026-06-16 12:21:54+05:30,3126.4,2,3129.95,2021952,126844.0,208709.0,3163.0,3163.0,3108.0,3134.3,31937200,3447.7,2820.9,3839.9,2896.0,3126.3,39,2,3126.2,18,2,3126.1,50,2,3126.0,24,4,3125.9,7,1,3126.4,79,3,3126.7,297,5,3126.8,202,2,3126.9,31,2,3127.0,331,7
2031,2026-06-16 12:21:55+05:30,3126.4,10,3129.95,2021952,126844.0,208709.0,3163.0,3163.0,3108.0,3134.3,31937200,3447.7,2820.9,3839.9,2896.0,3126.3,39,2,3126.2,18,2,3126.1,50,2,3126.0,24,4,3125.9,7,1,3126.4,79,3,3126.7,297,5,3126.8,202,2,3126.9,31,2,3127.0,331,7
2031,2026-06-16 12:21:55+05:30,3126.4,10,3129.95,2021971,127038.0,208695.0,3163.0,3163.0,3108.0,3134.3,31937200,3447.7,2820.9,3839.9,2896.0,3126.3,46,3,3126.2,1,1,3126.1,50,2,3126.0,23,3,3125.9,7,1,3126.4,60,2,3126.7,297,5,3126.8,202,2,3126.9,31,2,3127.0,331,7
2031,2026-06-16 12:21:56+05:30,3126.4,1,3129.95,2021971,127038.0,208695.0,3163.0,3163.0,3108.0,3134.3,31937200,3447.7,2820.9,3839.9,2896.0,3126.3,46,3,3126.2,1,1,3126.1,50,2,3126.0,23,3,3125.9,7,1,3126.4,60,2,3126.7,297,5,3126.8,202,2,3126.9,31,2,3127.0,331,7
2031,2026-06-16 12:21:56+05:30,3126.4,1,3129.95,2021972,126846.0,208673.0,3163.0,3163.0,3108.0,3134.3,31937200,3447.7,2820.9,3839.9,2896.0,3126.3,56,3,3126.2,18,2,3126.1,1,1,3126.0,23,3,3125.8,18,2,3126.4,59,2,3126.7,297,5,3126.8,202,2,3126.9,31,2,3127.0,331,7
2031,2026-06-16 12:21:57+05:30,3126.4,1,3129.95,2021972,126846.0,208673.0,3163.0,3163.0,3108.0,3134.3,31937200,3447.7,2820.9,3839.9,2896.0,3126.3,56,3,3126.2,18,2,3126.1,1,1,3126.0,23,3,3125.8,18,2,3126.4,59,2,3126.7,297,5,3126.8,202,2,3126.9,31,2,3127.0,331,7
2031,2026-06-16 12:21:57+05:30,3126.3,53,3129.95,2021972,126846.0,208673.0,3163.0,3163.0,3108.0,3134.3,31937200,3447.7,2820.9,3839.9,2896.0,3126.3,56,3,3126.2,18,2,3126.1,1,1,3126.0,23,3,3125.8,18,2,3126.4,59,2,3126.7,297,5,3126.8,202,2,3126.9,31,2,3127.0,331,7
2031,2026-06-16 12:21:57+05:30,3126.3,53,3129.94,2022172,126657.0,208821.0,3163.0,3163.0,3108.0,3134.3,31937200,3447.7,2820.9,3839.9,2896.0,3126.3,6,1,3126.2,1,1,3126.1,1,1,3126.0,6,2,3125.8,18,2,3126.4,59,2,3126.7,361,7,3126.8,223,3,3126.9,31,2,3127.0,348,8
2031,2026-06-16 12:21:58+05:30,3126.4,1,3129.94,2022172,126657.0,208821.0,3163.0,3163.0,3108.0,3134.3,31937200,3447.7,2820.9,3839.9,2896.0,3126.3,6,1,3126.2,1,1,3126.1,1,1,3126.0,6,2,3125.8,18,2,3126.4,59,2,3126.7,361,7,3126.8,223,3,3126.9,31,2,3127.0,348,8
2031,2026-06-16 12:21:58+05:30,3126.4,1,3129.94,2022173,126707.0,208836.0,3163.0,3163.0,3108.0,3134.3,31937200,3447.7,2820.9,3839.9,2896.0,3126.3,6,1,3126.2,1,1,3126.1,1,1,3126.0,6,2,3125.8,1,1,3126.4,75,3,3126.6,236,3,3126.7,345,6,3126.8,2,1,3126.9,31,2
2031,2026-06-16 12:21:59+05:30,3126.4,1,3129.94,2022173,126707.0,208836.0,3163.0,3163.0,3108.0,3134.3,31937200,3447.7,2820.9,3839.9,2896.0,3126.3,6,1,3126.2,1,1,3126.1,1,1,3126.0,6,2,3125.8,1,1,3126.4,75,3,3126.6,236,3,3126.7,345,6,3126.8,2,1,3126.9,31,2
2031,2026-06-16 12:21:59+05:30,3126.4,17,3129.94,2022173,126707.0,208836.0,3163.0,3163.0,3108.0,3134.3,31937200,3447.7,2820.9,3839.9,2896.0,3126.3,6,1,3126.2,1,1,3126.1,1,1,3126.0,6,2,3125.8,1,1,3126.4,75,3,3126.6,236,3,3126.7,345,6,3126.8,2,1,3126.9,31,2
2031,2026-06-16 12:21:59+05:30,3126.4,17,3129.94,2022222,125868.0,209197.0,3163.0,3163.0,3108.0,3134.3,31937200,3447.7,2820.9,3839.9,2896.0,3126.3,6,1,3126.2,1,1,3126.1,1,1,3126.0,6,2,3125.8,1,1,3126.4,122,6,3126.6,236,3,3126.7,310,5,3126.8,23,2,3126.9,31,2
2031,2026-06-16 12:22:00+05:30,3126.4,2,3129.94,2022222,125868.0,209197.0,3163.0,3163.0,3108.0,3134.3,31937200,3447.7,2820.9,3839.9,2896.0,3126.3,6,1,3126.2,1,1,3126.1,1,1,3126.0,6,2,3125.8,1,1,3126.4,122,6,3126.6,236,3,3126.7,310,5,3126.8,23,2,3126.9,31,2
2031,2026-06-16 12:22:00+05:30,3126.4,2,3129.94,2022226,126407.0,209039.0,3163.0,3163.0,3108.0,3134.3,31937200,3447.7,2820.9,3839.9,2896.0,3126.3,7,2,3126.2,1,1,3126.1,15,2,3126.0,6,2,3125.8,1,1,3126.4,102,6,3126.6,215,2,3126.7,310,5,3126.8,40,3,3126.9,52,3
2031,2026-06-16 12:22:01+05:30,3126.4,2,3129.94,2022226,126407.0,209039.0,3163.0,3163.0,3108.0,3134.3,31937200,3447.7,2820.9,3839.9,2896.0,3126.3,7,2,3126.2,1,1,3126.1,15,2,3126.0,6,2,3125.8,1,1,3126.4,102,6,3126.6,215,2,3126.7,310,5,3126.8,40,3,3126.9,52,3
2031,2026-06-16 12:22:01+05:30,3126.1,119,3129.94,2022226,126407.0,209039.0,3163.0,3163.0,3108.0,3134.3,31937200,3447.7,2820.9,3839.9,2896.0,3126.3,7,2,3126.2,1,1,3126.1,15,2,3126.0,6,2,3125.8,1,1,3126.4,102,6,3126.6,215,2,3126.7,310,5,3126.8,40,3,3126.9,52,3
2031,2026-06-16 12:22:01+05:30,3125.0,12,3129.94,2022423,125151.0,209987.0,3163.0,3163.0,3108.0,3134.3,31937200,3447.7,2820.9,3839.9,2896.0,3125.0,90,4,3124.9,80,3,3124.8,24,3,3124.7,59,4,3124.6,78,5,3126.1,50,1,3126.3,21,1,3126.4,136,7,3126.5,206,2,3126.6,291,5
2031,2026-06-16 12:22:02+05:30,3125.0,12,3129.94,2022423,125151.0,209987.0,3163.0,3163.0,3108.0,3134.3,31937200,3447.7,2820.9,3839.9,2896.0,3125.0,90,4,3124.9,80,3,3124.8,24,3,3124.7,59,4,3124.6,78,5,3126.1,50,1,3126.3,21,1,3126.4,136,7,3126.5,206,2,3126.6,291,5
2031,2026-06-16 12:22:02+05:30,3125.0,12,3129.94,2022423,125473.0,209841.0,3163.0,3163.0,3108.0,3134.3,31937200,3447.7,2820.9,3839.9,2896.0,3125.0,100,5,3124.9,125,5,3124.8,63,5,3124.7,62,5,3124.6,109,6,3126.1,50,1,3126.4,131,6,3126.5,198,3,3126.6,291,5,3126.7,63,3
2031,2026-06-16 12:22:03+05:30,3125.0,12,3129.94,2022423,125473.0,209841.0,3163.0,3163.0,3108.0,3134.3,31937200,3447.7,2820.9,3839.9,2896.0,3125.0,100,5,3124.9,125,5,3124.8,63,5,3124.7,62,5,3124.6,109,6,3126.1,50,1,3126.4,131,6,3126.5,198,3,3126.6,291,5,3126.7,63,3
2031,2026-06-16 12:22:03+05:30,3126.1,1,3129.94,2022423,125473.0,209841.0,3163.0,3163.0,3108.0,3134.3,31937200,3447.7,2820.9,3839.9,2896.0,3125.0,100,5,3124.9,125,5,3124.8,63,5,3124.7,62,5,3124.6,109,6,3126.1,50,1,3126.4,131,6,3126.5,198,3,3126.6,291,5,3126.7,63,3
2031,2026-06-16 12:22:03+05:30,3126.1,1,3129.94,2022424,125464.0,209964.0,3163.0,3163.0,3108.0,3134.3,31937200,3447.7,2820.9,3839.9,2896.0,3125.0,119,7,3124.9,125,5,3124.8,63,5,3124.7,47,4,3124.6,109,6,3126.1,49,1,3126.3,191,2,3126.4,131,6,3126.5,19,1,3126.6,265,4
2031,2026-06-16 12:22:04+05:30,3126.1,1,3129.94,2022424,125464.0,209964.0,3163.0,3163.0,3108.0,3134.3,31937200,3447.7,2820.9,3839.9,2896.0,3125.0,119,7,3124.9,125,5,3124.8,63,5,3124.7,47,4,3124.6,109,6,3126.1,49,1,3126.3,191,2,3126.4,131,6,3126.5,19,1,3126.6,265,4
2031,2026-06-16 12:22:04+05:30,3126.1,1,3129.94,2022425,125492.0,209969.0,3163.0,3163.0,3108.0,3134.3,31937200,3447.7,2820.9,3839.9,2896.0,3125.0,156,8,3124.9,125,5,3124.8,63,5,3124.7,47,4,3124.6,109,6,3126.1,48,1,3126.3,191,2,3126.4,131,6,3126.5,19,1,3126.6,265,4
2031,2026-06-16 12:22:05+05:30,3126.1,1,3129.94,2022425,125492.0,209969.0,3163.0,3163.0,3108.0,3134.3,31937200,3447.7,2820.9,3839.9,2896.0,3125.0,156,8,3124.9,125,5,3124.8,63,5,3124.7,47,4,3124.6,109,6,3126.1,48,1,3126.3,191,2,3126.4,131,6,3126.5,19,1,3126.6,265,4
2031,2026-06-16 12:22:05+05:30,3126.1,1,3129.94,2022425,126426.0,210134.0,3163.0,3163.0,3108.0,3134.3,31937200,3447.7,2820.9,3839.9,2896.0,3125.3,81,6,3125.2,54,4,3125.1,19,2,3125.0,239,12,3124.9,70,4,3126.1,48,1,3126.4,97,5,3126.6,248,3,3126.7,294,5,3126.8,74,4
2031,2026-06-16 12:22:06+05:30,3125.3,3,3129.94,2022425,126426.0,210134.0,3163.0,3163.0,3108.0,3134.3,31937200,3447.7,2820.9,3839.9,2896.0,3125.3,81,6,3125.2,54,4,3125.1,19,2,3125.0,239,12,3124.9,70,4,3126.1,48,1,3126.4,97,5,3126.6,248,3,3126.7,294,5,3126.8,74,4
2031,2026-06-16 12:22:06+05:30,3125.3,3,3129.94,2022425,126426.0,210134.0,3163.0,3163.0,3108.0,3134.3,31937200,3447.7,2820.9,3839.9,2896.0,3125.3,81,6,3125.2,54,4,3125.1,19,2,3125.0,239,12,3124.9,70,4,3126.1,48,1,3126.4,97,5,3126.6,248,3,3126.7,294,5,3126.8,74,4
2031,2026-06-16 12:22:06+05:30,3125.3,3,3129.94,2022473,126584.0,210117.0,3163.0,3163.0,3108.0,3134.3,31937200,3447.7,2820.9,3839.9,2896.0,3125.3,84,5,3125.2,103,5,3125.1,36,3,3125.0,211,10,3124.9,8,2,3126.1,29,1,3126.4,97,5,3126.6,248,3,3126.7,294,5,3126.8,74,4
2031,2026-06-16 12:22:07+05:30,3125.3,3,3129.94,2022473,126462.0,210291.0,3163.0,3163.0,3108.0,3134.3,31937200,3447.7,2820.9,3839.9,2896.0,3125.4,13,1,3125.3,112,7,3125.2,88,4,3125.1,19,2,3125.0,213,10,3126.1,29,1,3126.4,97,5,3126.5,183,1,3126.6,269,4,3126.7,294,5
2031,2026-06-16 12:22:08+05:30,3125.3,3,3129.94,2022473,126462.0,210291.0,3163.0,3163.0,3108.0,3134.3,31937200,3447.7,2820.9,3839.9,2896.0,3125.4,13,1,3125.3,112,7,3125.2,88,4,3125.1,19,2,3125.0,213,10,3126.1,29,1,3126.4,97,5,3126.5,183,1,3126.6,269,4,3126.7,294,5
2031,2026-06-16 12:22:08+05:30,3125.3,3,3129.94,2022473,126491.0,210168.0,3163.0,3163.0,3108.0,3134.3,31937200,3447.7,2820.9,3839.9,2896.0,3125.4,108,8,3125.3,74,5,3125.2,65,5,3125.1,6,1,3125.0,213,10,3125.8,1,1,3126.1,50,2,3126.4,96,4,3126.5,188,1,3126.6,248,3
2031,2026-06-16 12:22:09+05:30,3125.3,3,3129.94,2022473,126491.0,210168.0,3163.0,3163.0,3108.0,3134.3,31937200,3447.7,2820.9,3839.9,2896.0,3125.4,108,8,3125.3,74,5,3125.2,65,5,3125.1,6,1,3125.0,213,10,3125.8,1,1,3126.1,50,2,3126.4,96,4,3126.5,188,1,3126.6,248,3
2031,2026-06-16 12:22:09+05:30,3125.8,1,3129.94,2022473,126491.0,210168.0,3163.0,3163.0,3108.0,3134.3,31937200,3447.7,2820.9,3839.9,2896.0,3125.4,108,8,3125.3,74,5,3125.2,65,5,3125.1,6,1,3125.0,213,10,3125.8,1,1,3126.1,50,2,3126.4,96,4,3126.5,188,1,3126.6,248,3
2031,2026-06-16 12:22:09+05:30,3125.8,1,3129.94,2022473,126491.0,210168.0,3163.0,3163.0,3108.0,3134.3,31937200,3447.7,2820.9,3839.9,2896.0,3125.4,108,8,3125.3,74,5,3125.2,65,5,3125.1,6,1,3125.0,213,10,3125.8,1,1,3126.1,50,2,3126.4,96,4,3126.5,188,1,3126.6,248,3
2031,2026-06-16 12:22:09+05:30,3125.8,2,3129.94,2022477,126582.0,210508.0,3163.0,3163.0,3108.0,3134.3,31937200,3447.7,2820.9,3839.9,2896.0,3125.7,17,1,3125.4,95,6,3125.3,59,4,3125.2,65,5,3125.1,6,1,3125.8,54,5,3126.1,50,2,3126.5,182,1,3126.6,248,3,3126.7,294,5
2031,2026-06-16 12:22:10+05:30,3125.8,2,3129.94,2022477,126582.0,210508.0,3163.0,3163.0,3108.0,3134.3,31937200,3447.7,2820.9,3839.9,2896.0,3125.7,17,1,3125.4,95,6,3125.3,59,4,3125.2,65,5,3125.1,6,1,3125.8,54,5,3126.1,50,2,3126.5,182,1,3126.6,248,3,3126.7,294,5
2031,2026-06-16 12:22:10+05:30,3125.8,1,3129.94,2022477,126582.0,210508.0,3163.0,3163.0,3108.0,3134.3,31937200,3447.7,2820.9,3839.9,2896.0,3125.7,17,1,3125.4,95,6,3125.3,59,4,3125.2,65,5,3125.1,6,1,3125.8,54,5,3126.1,50,2,3126.5,182,1,3126.6,248,3,3126.7,294,5
2031,2026-06-16 12:22:10+05:30,3125.8,2,3129.94,2022543,126590.0,209964.0,3163.0,3163.0,3108.0,3134.3,31937200,3447.7,2820.9,3839.9,2896.0,3125.7,60,4,3125.6,16,1,3125.5,4,1,3125.4,65,6,3125.3,122,5,3125.8,17,1,3126.1,21,1,3126.6,228,2,3126.7,248,4,3126.8,99,4
2031,2026-06-16 12:22:11+05:30,3125.8,2,3129.94,2022543,126590.0,209964.0,3163.0,3163.0,3108.0,3134.3,31937200,3447.7,2820.9,3839.9,2896.0,3125.7,60,4,3125.6,16,1,3125.5,4,1,3125.4,65,6,3125.3,122,5,3125.8,17,1,3126.1,21,1,3126.6,228,2,3126.7,248,4,3126.8,99,4
2031,2026-06-16 12:22:11+05:30,3125.8,19,3129.94,2022543,126590.0,209964.0,3163.0,3163.0,3108.0,3134.3,31937200,3447.7,2820.9,3839.9,2896.0,3125.7,60,4,3125.6,16,1,3125.5,4,1,3125.4,65,6,3125.3,122,5,3125.8,17,1,3126.1,21,1,3126.6,228,2,3126.7,248,4,3126.8,99,4
2031,2026-06-16 12:22:11+05:30,3126.1,2,3129.94,2022564,126985.0,209891.0,3163.0,3163.0,3108.0,3134.3,31937200,3447.7,2820.9,3839.9,2896.0,3125.8,32,4,3125.7,39,2,3125.6,33,2,3125.4,65,6,3125.3,122,5,3126.6,198,1,3126.7,248,4,3126.8,79,3,3126.9,83,4,3127.0,552,9
2031,2026-06-16 12:22:12+05:30,3126.1,2,3129.94,2022564,126985.0,209891.0,3163.0,3163.0,3108.0,3134.3,31937200,3447.7,2820.9,3839.9,2896.0,3125.8,32,4,3125.7,39,2,3125.6,33,2,3125.4,65,6,3125.3,122,5,3126.6,198,1,3126.7,248,4,3126.8,79,3,3126.9,83,4,3127.0,552,9
2031,2026-06-16 12:22:12+05:30,3126.6,2,3129.94,2022564,126985.0,209891.0,3163.0,3163.0,3108.0,3134.3,31937200,3447.7,2820.9,3839.9,2896.0,3125.8,32,4,3125.7,39,2,3125.6,33,2,3125.4,65,6,3125.3,122,5,3126.6,198,1,3126.7,248,4,3126.8,79,3,3126.9,83,4,3127.0,552,9
2031,2026-06-16 12:22:12+05:30,3126.6,2,3129.94,2022623,127014.0,209936.0,3163.0,3163.0,3108.0,3134.3,31937200,3447.7,2820.9,3839.9,2896.0,3125.8,68,6,3125.7,39,2,3125.6,16,1,3125.4,111,7,3125.3,91,5,3126.6,251,2,3126.7,248,4,3126.8,100,4,3126.9,62,3,3127.0,552,9
2031,2026-06-16 12:22:12+05:30,3126.6,2,3129.94,2022623,127014.0,209936.0,3163.0,3163.0,3108.0,3134.3,31937200,3447.7,2820.9,3839.9,2896.0,3125.8,68,6,3125.7,39,2,3125.6,16,1,3125.4,111,7,3125.3,91,5,3126.6,251,2,3126.7,248,4,3126.8,100,4,3126.9,62,3,3127.0,552,9
2031,2026-06-16 12:22:13+05:30,3126.6,2,3129.94,2022623,127014.0,209936.0,3163.0,3163.0,3108.0,3134.3,31937200,3447.7,2820.9,3839.9,2896.0,3125.8,68,6,3125.7,39,2,3125.6,16,1,3125.4,111,7,3125.3,91,5,3126.6,251,2,3126.7,248,4,3126.8,100,4,3126.9,62,3,3127.0,552,9
2031,2026-06-16 12:22:13+05:30,3126.6,2,3129.94,2022623,127014.0,209936.0,3163.0,3163.0,3108.0,3134.3,31937200,3447.7,2820.9,3839.9,2896.0,3125.8,68,6,3125.7,39,2,3125.6,16,1,3125.4,111,7,3125.3,91,5,3126.6,251,2,3126.7,248,4,3126.8,100,4,3126.9,62,3,3127.0,552,9
2031,2026-06-16 12:22:13+05:30,3126.6,2,3129.94,2022625,127237.0,209842.0,3163.0,3163.0,3108.0,3134.3,31937200,3447.7,2820.9,3839.9,2896.0,3126.0,27,3,3125.8,57,5,3125.7,39,2,3125.6,33,2,3125.4,111,7,3126.6,249,2,3126.7,248,4,3126.8,100,4,3126.9,62,3,3127.0,531,8
2031,2026-06-16 12:22:14+05:30,3126.6,2,3129.94,2022625,127237.0,209842.0,3163.0,3163.0,3108.0,3134.3,31937200,3447.7,2820.9,3839.9,2896.0,3126.0,27,3,3125.8,57,5,3125.7,39,2,3125.6,33,2,3125.4,111,7,3126.6,249,2,3126.7,248,4,3126.8,100,4,3126.9,62,3,3127.0,531,8
2031,2026-06-16 12:22:14+05:30,3126.6,1,3129.94,2022625,127237.0,209842.0,3163.0,3163.0,3108.0,3134.3,31937200,3447.7,2820.9,3839.9,2896.0,3126.0,27,3,3125.8,57,5,3125.7,39,2,3125.6,33,2,3125.4,111,7,3126.6,249,2,3126.7,248,4,3126.8,100,4,3126.9,62,3,3127.0,531,8
2031,2026-06-16 12:22:14+05:30,3126.6,1,3129.94,2022629,127404.0,209768.0,3163.0,3163.0,3108.0,3134.3,31937200,3447.7,2820.9,3839.9,2896.0,3126.1,14,1,3126.0,7,1,3125.8,52,4,3125.7,39,2,3125.6,33,2,3126.6,294,4,3126.7,217,3,3126.8,79,3,3126.9,83,4,3127.0,531,8
2031,2026-06-16 12:22:15+05:30,3126.6,1,3129.94,2022629,127404.0,209768.0,3163.0,3163.0,3108.0,3134.3,31937200,3447.7,2820.9,3839.9,2896.0,3126.1,14,1,3126.0,7,1,3125.8,52,4,3125.7,39,2,3125.6,33,2,3126.6,294,4,3126.7,217,3,3126.8,79,3,3126.9,83,4,3127.0,531,8
2031,2026-06-16 12:22:15+05:30,3126.6,7,3129.94,2022629,127404.0,209768.0,3163.0,3163.0,3108.0,3134.3,31937200,3447.7,2820.9,3839.9,2896.0,3126.1,14,1,3126.0,7,1,3125.8,52,4,3125.7,39,2,3125.6,33,2,3126.6,294,4,3126.7,217,3,3126.8,79,3,3126.9,83,4,3127.0,531,8
2031,2026-06-16 12:22:16+05:30,3126.6,1,3129.94,2022637,127825.0,208928.0,3163.0,3163.0,3108.0,3134.3,31937200,3447.7,2820.9,3839.9,2896.0,3126.4,17,3,3126.2,15,1,3126.1,1,1,3126.0,24,2,3125.8,84,6,3126.6,286,4,3126.7,217,3,3126.8,48,2,3126.9,31,2,3127.0,552,9
2031,2026-06-16 12:22:16+05:30,3126.6,1,3129.94,2022637,127825.0,208928.0,3163.0,3163.0,3108.0,3134.3,31937400,3447.7,2820.9,3839.9,2896.0,3126.4,17,3,3126.2,15,1,3126.1,1,1,3126.0,24,2,3125.8,84,6,3126.6,286,4,3126.7,217,3,3126.8,48,2,3126.9,31,2,3127.0,552,9
2031,2026-06-16 12:22:16+05:30,3126.6,20,3129.94,2022637,127825.0,208928.0,3163.0,3163.0,3108.0,3134.3,31937400,3447.7,2820.9,3839.9,2896.0,3126.4,17,3,3126.2,15,1,3126.1,1,1,3126.0,24,2,3125.8,84,6,3126.6,286,4,3126.7,217,3,3126.8,48,2,3126.9,31,2,3127.0,552,9
2031,2026-06-16 12:22:17+05:30,3126.4,2,3129.94,2022820,127690.0,208512.0,3163.0,3163.0,3108.0,3134.3,31937400,3447.7,2820.9,3839.9,2896.0,3126.4,46,5,3126.3,2,1,3126.2,15,1,3126.1,16,2,3126.0,40,3,3126.6,103,3,3126.7,217,3,3126.8,2,1,3126.9,31,2,3127.0,485,7
2031,2026-06-16 12:22:17+05:30,3126.4,2,3129.94,2022820,127690.0,208512.0,3163.0,3163.0,3108.0,3134.3,31937400,3447.7,2820.9,3839.9,2896.0,3126.4,46,5,3126.3,2,1,3126.2,15,1,3126.1,16,2,3126.0,40,3,3126.6,103,3,3126.7,217,3,3126.8,2,1,3126.9,31,2,3127.0,485,7
2031,2026-06-16 12:22:18+05:30,3126.4,2,3129.94,2022820,127448.0,208481.0,3163.0,3163.0,3108.0,3134.3,31937400,3447.7,2820.9,3839.9,2896.0,3126.4,57,5,3126.3,2,1,3126.2,15,1,3126.1,1,1,3126.0,24,2,3126.6,103,3,3126.7,217,3,3126.8,2,1,3126.9,31,2,3127.0,485,7
2031,2026-06-16 12:22:19+05:30,3126.6,94,3129.94,2023030,127197.0,208595.0,3163.0,3163.0,3108.0,3134.3,31937400,3447.7,2820.9,3839.9,2896.0,3126.4,2,2,3126.3,2,1,3126.1,1,1,3125.8,11,3,3125.7,1,1,3126.6,186,3,3126.7,238,4,3126.8,2,1,3126.9,48,3,3127.0,485,7
2031,2026-06-16 12:22:19+05:30,3126.6,94,3129.94,2023030,127197.0,208595.0,3163.0,3163.0,3108.0,3134.3,31937400,3447.7,2820.9,3839.9,2896.0,3126.4,2,2,3126.3,2,1,3126.1,1,1,3125.8,11,3,3125.7,1,1,3126.6,186,3,3126.7,238,4,3126.8,2,1,3126.9,48,3,3127.0,485,7
2031,2026-06-16 12:22:20+05:30,3126.6,1,3129.94,2023031,126479.0,208716.0,3163.0,3163.0,3108.0,3134.3,31937400,3447.7,2820.9,3839.9,2896.0,3126.4,7,3,3126.3,2,1,3126.1,1,1,3125.8,4,2,3125.7,1,1,3126.6,202,4,3126.7,238,4,3126.8,19,2,3126.9,90,4,3127.0,485,7
2031,2026-06-16 12:22:20+05:30,3126.3,48,3129.94,2023031,126479.0,208716.0,3163.0,3163.0,3108.0,3134.3,31937400,3447.7,2820.9,3839.9,2896.0,3126.4,7,3,3126.3,2,1,3126.1,1,1,3125.8,4,2,3125.7,1,1,3126.6,202,4,3126.7,238,4,3126.8,19,2,3126.9,90,4,3127.0,485,7
2031,2026-06-16 12:22:21+05:30,3126.3,48,3129.94,2023228,126360.0,209400.0,3163.0,3163.0,3108.0,3134.3,31937400,3447.7,2820.9,3839.9,2896.0,3126.1,1,1,3125.8,4,2,3125.7,1,1,3125.4,3,1,3125.3,32,2,3126.3,3,1,3126.5,126,2,3126.6,280,3,3126.7,63,3,3126.8,19,2
2031,2026-06-16 12:22:21+05:30,3126.1,2,3129.94,2023228,126360.0,209400.0,3163.0,3163.0,3108.0,3134.3,31937400,3447.7,2820.9,3839.9,2896.0,3126.1,1,1,3125.8,4,2,3125.7,1,1,3125.4,3,1,3125.3,32,2,3126.3,3,1,3126.5,126,2,3126.6,280,3,3126.7,63,3,3126.8,19,2
2031,2026-06-16 12:22:22+05:30,3126.1,1,3129.94,2023240,126935.0,209574.0,3163.0,3163.0,3108.0,3134.3,31937400,3447.7,2820.9,3839.9,2896.0,3126.1,49,3,3125.8,10,2,3125.7,1,1,3125.6,17,1,3125.5,48,2,3126.3,1,1,3126.6,160,2,3126.7,217,3,3126.8,2,1,3126.9,69,3
2031,2026-06-16 12:22:22+05:30,3126.1,1,3129.94,2023240,126935.0,209574.0,3163.0,3163.0,3108.0,3134.3,31937400,3447.7,2820.9,3839.9,2896.0,3126.1,49,3,3125.8,10,2,3125.7,1,1,3125.6,17,1,3125.5,48,2,3126.3,1,1,3126.6,160,2,3126.7,217,3,3126.8,2,1,3126.9,69,3
2031,2026-06-16 12:22:23+05:30,3126.1,2,3129.94,2023242,126908.0,209582.0,3163.0,3163.0,3108.0,3134.3,31937400,3447.7,2820.9,3839.9,2896.0,3126.1,40,2,3125.9,17,1,3125.8,2,1,3125.7,1,1,3125.6,17,1,3126.3,1,1,3126.6,160,2,3126.7,217,3,3126.8,2,1,3126.9,69,3
2031,2026-06-16 12:22:23+05:30,3126.1,2,3129.94,2023242,126908.0,209582.0,3163.0,3163.0,3108.0,3134.3,31937400,3447.7,2820.9,3839.9,2896.0,3126.1,40,2,3125.9,17,1,3125.8,2,1,3125.7,1,1,3125.6,17,1,3126.3,1,1,3126.6,160,2,3126.7,217,3,3126.8,2,1,3126.9,69,3
2031,2026-06-16 12:22:24+05:30,3126.1,2,3129.94,2023244,126918.0,209600.0,3163.0,3163.0,3108.0,3134.3,31937400,3447.7,2820.9,3839.9,2896.0,3126.1,38,2,3125.8,2,1,3125.7,1,1,3125.6,17,1,3125.4,47,4,3126.3,1,1,3126.6,160,2,3126.7,217,3,3126.8,23,2,3126.9,86,4
2031,2026-06-16 12:22:24+05:30,3126.1,2,3129.94,2023244,126918.0,209600.0,3163.0,3163.0,3108.0,3134.3,31937400,3447.7,2820.9,3839.9,2896.0,3126.1,38,2,3125.8,2,1,3125.7,1,1,3125.6,17,1,3125.4,47,4,3126.3,1,1,3126.6,160,2,3126.7,217,3,3126.8,23,2,3126.9,86,4
2031,2026-06-16 12:22:25+05:30,3126.6,7,3129.94,2023254,126940.0,209674.0,3163.0,3163.0,3108.0,3134.3,31937400,3447.7,2820.9,3839.9,2896.0,3126.1,40,2,3125.8,2,1,3125.7,1,1,3125.4,20,2,3125.3,46,3,3126.6,212,3,3126.7,284,5,3126.8,32,2,3126.9,69,3,3127.0,543,9
2031,2026-06-16 12:22:25+05:30,3126.6,7,3129.94,2023254,126940.0,209674.0,3163.0,3163.0,3108.0,3134.3,31937400,3447.7,2820.9,3839.9,2896.0,3126.1,40,2,3125.8,2,1,3125.7,1,1,3125.4,20,2,3125.3,46,3,3126.6,212,3,3126.7,284,5,3126.8,32,2,3126.9,69,3,3127.0,543,9
2031,2026-06-16 12:22:26+05:30,3126.1,2,3129.94,2023256,127034.0,209741.0,3163.0,3163.0,3108.0,3134.3,31937400,3447.7,2820.9,3839.9,2896.0,3126.1,38,2,3125.8,2,1,3125.7,1,1,3125.4,20,2,3125.3,46,3,3126.2,1,1,3126.6,237,5,3126.7,284,5,3126.8,2,1,3126.9,85,4
2031,2026-06-16 12:22:26+05:30,3126.1,2,3129.94,2023256,127034.0,209741.0,3163.0,3163.0,3108.0,3134.3,31937400,3447.7,2820.9,3839.9,2896.0,3126.1,38,2,3125.8,2,1,3125.7,1,1,3125.4,20,2,3125.3,46,3,3126.2,1,1,3126.6,237,5,3126.7,284,5,3126.8,2,1,3126.9,85,4
2031,2026-06-16 12:22:27+05:30,3126.1,2,3129.94,2023258,127004.0,209652.0,3163.0,3163.0,3108.0,3134.3,31937400,3447.7,2820.9,3839.9,2896.0,3126.1,53,3,3125.8,2,1,3125.7,1,1,3125.6,17,1,3125.4,20,2,3126.2,1,1,3126.6,157,3,3126.7,263,4,3126.8,23,2,3126.9,85,4
2031,2026-06-16 12:22:27+05:30,3126.1,1,3129.94,2023258,127004.0,209652.0,3163.0,3163.0,3108.0,3134.3,31937400,3447.7,2820.9,3839.9,2896.0,3126.1,53,3,3125.8,2,1,3125.7,1,1,3125.6,17,1,3125.4,20,2,3126.2,1,1,3126.6,157,3,3126.7,263,4,3126.8,23,2,3126.9,85,4
2031,2026-06-16 12:22:28+05:30,3126.2,1,3129.94,2023260,127324.0,209661.0,3163.0,3163.0,3108.0,3134.3,31937400,3447.7,2820.9,3839.9,2896.0,3126.1,52,3,3125.8,2,1,3125.7,1,1,3125.6,17,1,3125.4,20,2,3126.6,157,3,3126.7,263,4,3126.8,23,2,3126.9,85,4,3127.0,505,8
2031,2026-06-16 12:22:28+05:30,3126.2,1,3129.94,2023260,127324.0,209661.0,3163.0,3163.0,3108.0,3134.3,31937400,3447.7,2820.9,3839.9,2896.0,3126.1,52,3,3125.8,2,1,3125.7,1,1,3125.6,17,1,3125.4,20,2,3126.6,157,3,3126.7,263,4,3126.8,23,2,3126.9,85,4,3127.0,505,8
2031,2026-06-16 12:22:29+05:30,3126.6,1,3129.94,2023261,127436.0,209734.0,3163.0,3163.0,3108.0,3134.3,31937400,3447.7,2820.9,3839.9,2896.0,3126.1,52,3,3125.8,2,1,3125.7,1,1,3125.4,20,2,3125.3,32,2,3126.6,233,5,3126.7,356,6,3126.8,2,1,3126.9,119,5,3127.0,505,8
2031,2026-06-16 12:22:29+05:30,3126.6,1,3129.94,2023261,127436.0,209734.0,3163.0,3163.0,3108.0,3134.3,31937400,3447.7,2820.9,3839.9,2896.0,3126.1,52,3,3125.8,2,1,3125.7,1,1,3125.4,20,2,3125.3,32,2,3126.6,233,5,3126.7,356,6,3126.8,2,1,3126.9,119,5,3127.0,505,8
2031,2026-06-16 12:22:30+05:30,3126.6,1,3129.94,2023261,127431.0,209738.0,3163.0,3163.0,3108.0,3134.3,31937400,3447.7,2820.9,3839.9,2896.0,3126.1,57,5,3125.8,2,1,3125.7,1,1,3125.4,20,2,3125.3,32,2,3126.6,213,5,3126.7,377,7,3126.8,2,1,3126.9,119,5,3127.0,505,8
2031,2026-06-16 12:22:30+05:30,3126.1,4,3129.94,2023261,127431.0,209738.0,3163.0,3163.0,3108.0,3134.3,31937400,3447.7,2820.9,3839.9,2896.0,3126.1,57,5,3125.8,2,1,3125.7,1,1,3125.4,20,2,3125.3,32,2,3126.6,213,5,3126.7,377,7,3126.8,2,1,3126.9,119,5,3127.0,505,8
2031,2026-06-16 12:22:31+05:30,3126.1,4,3129.94,2023300,127198.0,209728.0,3163.0,3163.0,3108.0,3134.3,31937400,3447.7,2820.9,3839.9,2896.0,3126.1,23,4,3125.8,2,1,3125.7,1,1,3125.4,20,2,3125.3,52,3,3126.6,266,8,3126.7,285,4,3126.8,59,4,3126.9,69,3,3127.0,509,8
2031,2026-06-16 12:22:32+05:30,3126.1,4,3129.94,2023300,127438.0,209794.0,3163.0,3163.0,3108.0,3134.3,31937400,3447.7,2820.9,3839.9,2896.0,3126.1,24,4,3125.8,2,1,3125.7,1,1,3125.4,3,1,3125.3,52,3,3126.6,266,8,3126.7,285,4,3126.8,59,4,3126.9,69,3,3127.0,509,8
2031,2026-06-16 12:22:33+05:30,3126.1,4,3129.94,2023300,127547.0,209432.0,3163.0,3163.0,3108.0,3134.3,31937400,3447.7,2820.9,3839.9,2896.0,3126.4,15,1,3126.1,24,4,3125.8,2,1,3125.7,1,1,3125.4,3,1,3126.6,324,7,3126.7,352,6,3126.8,35,3,3126.9,77,4,3127.0,509,8
2031,2026-06-16 12:22:34+05:30,3126.6,36,3129.94,2023465,127406.0,209507.0,3163.0,3163.0,3108.0,3134.3,31937400,3447.7,2820.9,3839.9,2896.0,3126.4,1,1,3126.3,2,1,3126.1,24,4,3125.8,2,1,3125.7,1,1,3126.5,200,1,3126.6,421,8,3126.7,85,3,3126.8,35,3,3126.9,263,5
2031,2026-06-16 12:22:34+05:30,3126.5,1,3129.94,2023465,127406.0,209507.0,3163.0,3163.0,3108.0,3134.3,31937400,3447.7,2820.9,3839.9,2896.0,3126.4,1,1,3126.3,2,1,3126.1,24,4,3125.8,2,1,3125.7,1,1,3126.5,200,1,3126.6,421,8,3126.7,85,3,3126.8,35,3,3126.9,263,5
2031,2026-06-16 12:22:35+05:30,3126.1,2,3129.94,2023515,126889.0,209558.0,3163.0,3163.0,3108.0,3134.3,31937400,3447.7,2820.9,3839.9,2896.0,3126.1,24,4,3125.8,2,1,3125.7,1,1,3125.4,3,1,3125.3,32,2,3126.4,47,4,3126.5,298,6,3126.6,408,7,3126.7,131,4,3126.8,59,4
2031,2026-06-16 12:22:35+05:30,3126.4,1,3129.94,2023515,126889.0,209558.0,3163.0,3163.0,3108.0,3134.3,31937400,3447.7,2820.9,3839.9,2896.0,3126.1,24,4,3125.8,2,1,3125.7,1,1,3125.4,3,1,3125.3,32,2,3126.4,47,4,3126.5,298,6,3126.6,408,7,3126.7,131,4,3126.8,59,4
2031,2026-06-16 12:22:36+05:30,3126.4,1,3129.94,2023517,127009.0,209659.0,3163.0,3163.0,3108.0,3134.3,31937400,3447.7,2820.9,3839.9,2896.0,3126.3,18,1,3126.1,7,3,3125.8,2,1,3125.7,1,1,3125.4,3,1,3126.4,17,3,3126.5,321,6,3126.6,356,5,3126.7,131,4,3126.8,59,4
2031,2026-06-16 12:22:36+05:30,3126.4,1,3129.94,2023517,127009.0,209659.0,3163.0,3163.0,3108.0,3134.3,31937400,3447.7,2820.9,3839.9,2896.0,3126.3,18,1,3126.1,7,3,3125.8,2,1,3125.7,1,1,3125.4,3,1,3126.4,17,3,3126.5,321,6,3126.6,356,5,3126.7,131,4,3126.8,59,4
2031,2026-06-16 12:22:37+05:30,3126.4,1,3129.94,2023517,127015.0,210315.0,3163.0,3163.0,3108.0,3134.3,31937400,3447.7,2820.9,3839.9,2896.0,3126.1,25,4,3125.8,2,1,3125.7,1,1,3125.4,3,1,3125.3,42,3,3126.4,17,3,3126.5,521,7,3126.6,356,5,3126.7,131,4,3126.8,59,4
2031,2026-06-16 12:22:38+05:30,3126.1,2,3129.94,2023730,125790.0,210511.0,3163.0,3163.0,3108.0,3134.3,31937400,3447.7,2820.9,3839.9,2896.0,3125.8,2,1,3125.7,1,1,3125.4,3,1,3125.3,32,2,3125.1,1,1,3126.1,154,1,3126.3,96,5,3126.4,117,7,3126.5,403,3,3126.6,301,6
2031,2026-06-16 12:22:38+05:30,3126.1,49,3129.94,2023730,125790.0,210511.0,3163.0,3163.0,3108.0,3134.3,31937400,3447.7,2820.9,3839.9,2896.0,3125.8,2,1,3125.7,1,1,3125.4,3,1,3125.3,32,2,3125.1,1,1,3126.1,154,1,3126.3,96,5,3126.4,117,7,3126.5,403,3,3126.6,301,6
2031,2026-06-16 12:22:39+05:30,3126.1,49,3129.94,2023779,125143.0,210933.0,3163.0,3163.0,3108.0,3134.3,31937400,3447.7,2820.9,3839.9,2896.0,3125.8,2,1,3125.7,1,1,3125.4,3,1,3125.3,32,2,3125.1,1,1,3125.9,105,1,3126.0,17,2,3126.1,24,3,3126.2,62,2,3126.3,479,6
2031,2026-06-16 12:22:40+05:30,3124.5,1,3129.94,2025200,124070.0,209080.0,3163.0,3163.0,3108.0,3134.3,31937400,3447.7,2820.9,3839.9,2896.0,3124.7,13,1,3124.6,79,5,3124.5,158,7,3124.4,86,4,3124.3,458,4,3125.9,117,3,3126.0,1,1,3126.1,23,2,3126.2,21,1,3126.3,176,1
2031,2026-06-16 12:22:40+05:30,3124.5,1,3129.94,2025200,124070.0,209080.0,3163.0,3163.0,3108.0,3134.3,31937400,3447.7,2820.9,3839.9,2896.0,3124.7,13,1,3124.6,79,5,3124.5,158,7,3124.4,86,4,3124.3,458,4,3125.9,117,3,3126.0,1,1,3126.1,23,2,3126.2,21,1,3126.3,176,1
2031,2026-06-16 12:22:41+05:30,3125.9,1,3129.94,2025201,126313.0,210143.0,3163.0,3163.0,3108.0,3134.3,31937400,3447.7,2820.9,3839.9,2896.0,3125.8,27,2,3124.7,18,2,3124.6,22,2,3124.5,222,4,3124.4,114,4,3125.9,130,4,3126.0,1,1,3126.1,9,1,3126.4,130,4,3126.5,232,3
2031,2026-06-16 12:22:41+05:30,3125.9,1,3129.94,2025201,126313.0,210143.0,3163.0,3163.0,3108.0,3134.3,31937400,3447.7,2820.9,3839.9,2896.0,3125.8,27,2,3124.7,18,2,3124.6,22,2,3124.5,222,4,3124.4,114,4,3125.9,130,4,3126.0,1,1,3126.1,9,1,3126.4,130,4,3126.5,232,3
2031,2026-06-16 12:22:42+05:30,3125.9,1,3129.94,2025202,126406.0,210362.0,3163.0,3163.0,3108.0,3134.3,31937400,3447.7,2820.9,3839.9,2896.0,3125.8,17,1,3125.3,2,1,3124.7,40,3,3124.6,100,3,3124.5,242,5,3125.9,192,5,3126.0,1,1,3126.1,28,2,3126.4,155,5,3126.5,232,3
2031,2026-06-16 12:22:42+05:30,3125.9,35,3129.94,2025202,126406.0,210362.0,3163.0,3163.0,3108.0,3134.3,31937400,3447.7,2820.9,3839.9,2896.0,3125.8,17,1,3125.3,2,1,3124.7,40,3,3124.6,100,3,3124.5,242,5,3125.9,192,5,3126.0,1,1,3126.1,28,2,3126.4,155,5,3126.5,232,3
2031,2026-06-16 12:22:43+05:30,3125.8,1,3129.94,2025367,126560.0,210127.0,3163.0,3163.0,3108.0,3134.3,31937400,3447.7,2820.9,3839.9,2896.0,3125.8,64,1,3125.3,23,3,3125.2,16,1,3125.1,11,1,3125.0,62,2,3125.9,53,2,3126.1,9,1,3126.6,297,4,3126.7,17,2,3126.8,78,5
2031,2026-06-16 12:22:43+05:30,3125.8,1,3129.94,2025367,126560.0,210127.0,3163.0,3163.0,3108.0,3134.3,31937400,3447.7,2820.9,3839.9,2896.0,3125.8,64,1,3125.3,23,3,3125.2,16,1,3125.1,11,1,3125.0,62,2,3125.9,53,2,3126.1,9,1,3126.6,297,4,3126.7,17,2,3126.8,78,5
2031,2026-06-16 12:22:44+05:30,3125.8,1,3129.94,2025367,126418.0,210291.0,3163.0,3163.0,3108.0,3134.3,31937400,3447.7,2820.9,3839.9,2896.0,3125.8,64,1,3125.3,7,2,3125.1,22,2,3125.0,62,2,3124.9,14,1,3125.9,53,2,3126.1,9,1,3126.5,176,1,3126.6,318,5,3126.7,36,3
2031,2026-06-16 12:22:45+05:30,3125.8,38,3129.94,2025405,126134.0,210464.0,3163.0,3163.0,3108.0,3134.3,31937400,3447.7,2820.9,3839.9,2896.0,3125.8,41,2,3125.3,2,1,3125.1,11,1,3124.9,14,1,3124.8,78,3,3125.9,53,2,3126.1,9,1,3126.5,198,2,3126.6,259,3,3126.7,36,3
2031,2026-06-16 12:22:45+05:30,3125.8,144,3129.94,2025405,126134.0,210464.0,3163.0,3163.0,3108.0,3134.3,31937400,3447.7,2820.9,3839.9,2896.0,3125.8,41,2,3125.3,2,1,3125.1,11,1,3124.9,14,1,3124.8,78,3,3125.9,53,2,3126.1,9,1,3126.5,198,2,3126.6,259,3,3126.7,36,3
2031,2026-06-16 12:22:46+05:30,3125.8,6,3129.94,2025610,126367.0,210570.0,3163.0,3163.0,3108.0,3134.3,31937400,3447.7,2820.9,3839.9,2896.0,3125.8,34,1,3125.3,2,1,3124.8,79,2,3124.7,194,5,3124.6,97,3,3125.9,48,2,3126.1,9,1,3126.3,1,1,3126.4,46,1,3126.5,177,1
2031,2026-06-16 12:22:46+05:30,3125.9,1,3129.94,2025610,126367.0,210570.0,3163.0,3163.0,3108.0,3134.3,31937400,3447.7,2820.9,3839.9,2896.0,3125.8,34,1,3125.3,2,1,3124.8,79,2,3124.7,194,5,3124.6,97,3,3125.9,48,2,3126.1,9,1,3126.3,1,1,3126.4,46,1,3126.5,177,1
2031,2026-06-16 12:22:47+05:30,3126.0,5,3129.93,2026683,124703.0,210225.0,3163.0,3163.0,3108.0,3134.3,31937400,3447.7,2820.9,3839.9,2896.0,3124.6,36,4,3124.5,42,4,3124.4,123,6,3124.3,86,2,3124.2,110,5,3125.9,52,3,3126.0,20,1,3126.1,57,3,3126.2,92,2,3126.3,261,3
2031,2026-06-16 12:22:47+05:30,3124.9,200,3129.93,2026683,124703.0,210225.0,3163.0,3163.0,3108.0,3134.3,31937400,3447.7,2820.9,3839.9,2896.0,3124.6,36,4,3124.5,42,4,3124.4,123,6,3124.3,86,2,3124.2,110,5,3125.9,52,3,3126.0,20,1,3126.1,57,3,3126.2,92,2,3126.3,261,3
2031,2026-06-16 12:22:48+05:30,3126.1,9,3129.93,2026899,125353.0,210256.0,3163.0,3163.0,3108.0,3134.3,31937400,3447.7,2820.9,3839.9,2896.0,3125.0,43,4,3124.9,85,4,3124.8,52,5,3124.7,135,5,3124.6,119,4,3125.9,38,1,3126.1,9,1,3126.3,65,1,3126.4,67,2,3126.5,200,1
2031,2026-06-16 12:22:48+05:30,3125.9,1,3129.93,2026899,125353.0,210256.0,3163.0,3163.0,3108.0,3134.3,31937400,3447.7,2820.9,3839.9,2896.0,3125.0,43,4,3124.9,85,4,3124.8,52,5,3124.7,135,5,3124.6,119,4,3125.9,38,1,3126.1,9,1,3126.3,65,1,3126.4,67,2,3126.5,200,1
2031,2026-06-16 12:22:49+05:30,3125.9,5,3129.93,2026905,125745.0,210086.0,3163.0,3163.0,3108.0,3134.3,31937400,3447.7,2820.9,3839.9,2896.0,3125.0,99,7,3124.9,136,6,3124.8,52,5,3124.7,221,7,3124.6,41,3,3125.9,67,3,3126.1,9,1,3126.3,65,1,3126.4,67,2,3126.5,200,1
2031,2026-06-16 12:22:49+05:30,3125.9,6,3129.93,2026905,125745.0,210086.0,3163.0,3163.0,3108.0,3134.3,31937400,3447.7,2820.9,3839.9,2896.0,3125.0,99,7,3124.9,136,6,3124.8,52,5,3124.7,221,7,3124.6,41,3,3125.9,67,3,3126.1,9,1,3126.3,65,1,3126.4,67,2,3126.5,200,1
2031,2026-06-16 12:22:50+05:30,3125.9,6,3129.93,2026911,125707.0,208257.0,3163.0,3163.0,3108.0,3134.3,31937400,3447.7,2820.9,3839.9,2896.0,3125.0,124,8,3124.9,136,6,3124.8,52,5,3124.7,135,5,3124.6,119,4,3125.9,35,2,3126.1,9,1,3126.3,265,2,3126.4,67,2,3126.6,266,3
2031,2026-06-16 12:22:51+05:30,3125.9,6,3129.93,2026911,125712.0,210278.0,3163.0,3163.0,3108.0,3134.3,31937400,3447.7,2820.9,3839.9,2896.0,3125.0,93,6,3124.9,136,6,3124.8,52,5,3124.7,114,4,3124.6,140,5,3125.9,35,2,3126.1,9,1,3126.3,265,2,3126.4,67,2,3126.6,266,3
2031,2026-06-16 12:22:51+05:30,3125.9,1,3129.93,2026911,125712.0,210278.0,3163.0,3163.0,3108.0,3134.3,31937400,3447.7,2820.9,3839.9,2896.0,3125.0,93,6,3124.9,136,6,3124.8,52,5,3124.7,114,4,3124.6,140,5,3125.9,35,2,3126.1,9,1,3126.3,265,2,3126.4,67,2,3126.6,266,3
2031,2026-06-16 12:22:52+05:30,3125.9,1,3129.93,2026946,126366.0,209921.0,3163.0,3163.0,3108.0,3134.3,31937400,3447.7,2820.9,3839.9,2896.0,3125.9,2,1,3125.0,74,4,3124.9,57,4,3124.8,43,4,3124.7,101,5,3126.1,9,1,3126.3,200,1,3126.4,46,1,3126.5,14,1,3126.6,265,3
2031,2026-06-16 12:22:53+05:30,3125.9,1,3129.93,2026946,127023.0,209874.0,3163.0,3163.0,3108.0,3134.3,31937400,3447.7,2820.9,3839.9,2896.0,3125.9,46,2,3125.0,26,3,3124.9,242,5,3124.8,138,7,3124.7,101,5,3126.1,112,3,3126.3,200,1,3126.4,46,1,3126.6,246,2,3126.7,308,5
2031,2026-06-16 12:22:54+05:30,3125.9,1,3129.93,2026947,127017.0,209811.0,3163.0,3163.0,3108.0,3134.3,31937400,3447.7,2820.9,3839.9,2896.0,3125.9,45,2,3125.0,26,3,3124.9,242,5,3124.8,138,7,3124.7,147,6,3126.1,112,3,3126.3,200,1,3126.4,46,1,3126.6,275,3,3126.7,308,5
2031,2026-06-16 12:22:54+05:30,3125.9,1,3129.93,2026947,127017.0,209811.0,3163.0,3163.0,3108.0,3134.3,31937400,3447.7,2820.9,3839.9,2896.0,3125.9,45,2,3125.0,26,3,3124.9,242,5,3124.8,138,7,3124.7,147,6,3126.1,112,3,3126.3,200,1,3126.4,46,1,3126.6,275,3,3126.7,308,5
2031,2026-06-16 12:22:55+05:30,3126.1,1,3129.93,2026948,127023.0,209813.0,3163.0,3163.0,3108.0,3134.3,31937400,3447.7,2820.9,3839.9,2896.0,3125.9,46,3,3125.0,26,3,3124.9,258,6,3124.8,122,6,3124.7,147,6,3126.1,111,3,3126.3,200,1,3126.4,46,1,3126.6,275,3,3126.7,308,5
2031,2026-06-16 12:22:55+05:30,3125.9,1,3129.93,2026948,127023.0,209813.0,3163.0,3163.0,3108.0,3134.3,31937400,3447.7,2820.9,3839.9,2896.0,3125.9,46,3,3125.0,26,3,3124.9,258,6,3124.8,122,6,3124.7,147,6,3126.1,111,3,3126.3,200,1,3126.4,46,1,3126.6,275,3,3126.7,308,5
2031,2026-06-16 12:22:56+05:30,3126.1,1,3129.93,2026995,125705.0,210397.0,3163.0,3163.0,3108.0,3134.3,31937400,3447.7,2820.9,3839.9,2896.0,3125.8,16,1,3125.0,3,1,3124.8,1,1,3124.7,36,2,3124.6,17,2,3126.1,135,4,3126.2,328,4,3126.3,14,1,3126.4,65,2,3126.5,231,2
2031,2026-06-16 12:22:56+05:30,3126.1,1,3129.93,2026995,125705.0,210397.0,3163.0,3163.0,3108.0,3134.3,31937400,3447.7,2820.9,3839.9,2896.0,3125.8,16,1,3125.0,3,1,3124.8,1,1,3124.7,36,2,3124.6,17,2,3126.1,135,4,3126.2,328,4,3126.3,14,1,3126.4,65,2,3126.5,231,2
2031,2026-06-16 12:22:57+05:30,3126.1,1,3129.93,2026996,126560.0,210034.0,3163.0,3163.0,3108.0,3134.3,31937400,3447.7,2820.9,3839.9,2896.0,3125.8,39,2,3125.1,15,1,3125.0,3,1,3124.9,52,3,3124.8,63,1,3126.1,134,4,3126.2,200,1,3126.4,46,1,3126.5,200,1,3126.6,533,4
2031,2026-06-16 12:22:57+05:30,3126.1,1,3129.93,2026996,126560.0,210034.0,3163.0,3163.0,3108.0,3134.3,31937400,3447.7,2820.9,3839.9,2896.0,3125.8,39,2,3125.1,15,1,3125.0,3,1,3124.9,52,3,3124.8,63,1,3126.1,134,4,3126.2,200,1,3126.4,46,1,3126.5,200,1,3126.6,533,4
2031,2026-06-16 12:22:57+05:30,3126.1,1,3129.93,2026996,126560.0,210034.0,3163.0,3163.0,3108.0,3134.3,31937400,3447.7,2820.9,3839.9,2896.0,3125.8,39,2,3125.1,15,1,3125.0,3,1,3124.9,52,3,3124.8,63,1,3126.1,134,4,3126.2,200,1,3126.4,46,1,3126.5,200,1,3126.6,533,4
2031,2026-06-16 12:22:58+05:30,3126.1,1,3129.93,2026996,126470.0,210060.0,3163.0,3163.0,3108.0,3134.3,31937400,3447.7,2820.9,3839.9,2896.0,3125.8,39,2,3125.1,15,1,3125.0,3,1,3124.9,52,3,3124.8,63,1,3126.1,160,5,3126.2,200,1,3126.4,46,1,3126.5,200,1,3126.6,533,4
2031,2026-06-16 12:22:59+05:30,3126.1,1,3129.93,2026996,126721.0,210132.0,3163.0,3163.0,3108.0,3134.3,31937400,3447.7,2820.9,3839.9,2896.0,3126.0,17,1,3125.8,39,2,3125.0,66,2,3124.9,52,3,3124.8,63,1,3126.1,160,5,3126.2,200,1,3126.4,46,1,3126.5,200,1,3126.6,533,4
2031,2026-06-16 12:22:59+05:30,3126.1,1,3129.93,2026996,126721.0,210132.0,3163.0,3163.0,3108.0,3134.3,31937400,3447.7,2820.9,3839.9,2896.0,3126.0,17,1,3125.8,39,2,3125.0,66,2,3124.9,52,3,3124.8,63,1,3126.1,160,5,3126.2,200,1,3126.4,46,1,3126.5,200,1,3126.6,533,4
2031,2026-06-16 12:22:59+05:30,3126.1,12,3129.93,2026996,126721.0,210132.0,3163.0,3163.0,3108.0,3134.3,31937400,3447.7,2820.9,3839.9,2896.0,3126.0,17,1,3125.8,39,2,3125.0,66,2,3124.9,52,3,3124.8,63,1,3126.1,160,5,3126.2,200,1,3126.4,46,1,3126.5,200,1,3126.6,533,4
2031,2026-06-16 12:23:00+05:30,3126.0,37,3129.93,2027180,126368.0,209870.0,3163.0,3163.0,3108.0,3134.3,31937400,3447.7,2820.9,3839.9,2896.0,3126.0,5,2,3125.8,39,2,3125.0,3,1,3124.9,52,3,3124.8,63,1,3126.1,113,4,3126.2,208,2,3126.4,63,2,3126.5,214,2,3126.6,577,6
2031,2026-06-16 12:23:00+05:30,3126.1,2,3129.93,2027180,126368.0,209870.0,3163.0,3163.0,3108.0,3134.3,31937400,3447.7,2820.9,3839.9,2896.0,3126.0,5,2,3125.8,39,2,3125.0,3,1,3124.9,52,3,3124.8,63,1,3126.1,113,4,3126.2,208,2,3126.4,63,2,3126.5,214,2,3126.6,577,6
2031,2026-06-16 12:23:01+05:30,3125.8,7,3129.93,2027279,125542.0,210021.0,3163.0,3163.0,3108.0,3134.3,31937400,3447.7,2820.9,3839.9,2896.0,3125.0,26,3,3124.8,4,1,3124.7,172,2,3124.6,57,2,3124.5,68,7,3125.8,105,1,3126.1,110,5,3126.2,200,1,3126.3,14,1,3126.4,68,2
2031,2026-06-16 12:23:01+05:30,3125.8,1,3129.93,2027279,125542.0,210021.0,3163.0,3163.0,3108.0,3134.3,31937400,3447.7,2820.9,3839.9,2896.0,3125.0,26,3,3124.8,4,1,3124.7,172,2,3124.6,57,2,3124.5,68,7,3125.8,105,1,3126.1,110,5,3126.2,200,1,3126.3,14,1,3126.4,68,2
2031,2026-06-16 12:23:01+05:30,3125.8,1,3129.93,2027279,125542.0,210021.0,3163.0,3163.0,3108.0,3134.3,31937400,3447.7,2820.9,3839.9,2896.0,3125.0,26,3,3124.8,4,1,3124.7,172,2,3124.6,57,2,3124.5,68,7,3125.8,105,1,3126.1,110,5,3126.2,200,1,3126.3,14,1,3126.4,68,2
2031,2026-06-16 12:23:02+05:30,3125.8,1,3129.93,2027281,125746.0,209926.0,3163.0,3163.0,3108.0,3134.3,31937400,3447.7,2820.9,3839.9,2896.0,3125.2,18,1,3125.1,64,4,3125.0,13,3,3124.9,11,1,3124.8,84,4,3125.8,103,1,3126.1,99,3,3126.2,200,1,3126.4,68,2,3126.5,200,1
2031,2026-06-16 12:23:02+05:30,3125.8,1,3129.93,2027281,125746.0,209926.0,3163.0,3163.0,3108.0,3134.3,31937400,3447.7,2820.9,3839.9,2896.0,3125.2,18,1,3125.1,64,4,3125.0,13,3,3124.9,11,1,3124.8,84,4,3125.8,103,1,3126.1,99,3,3126.2,200,1,3126.4,68,2,3126.5,200,1
2031,2026-06-16 12:23:03+05:30,3125.8,1,3129.93,2027282,126339.0,209829.0,3163.0,3163.0,3108.0,3134.3,31937400,3447.7,2820.9,3839.9,2896.0,3125.3,17,1,3125.2,34,5,3125.1,15,1,3125.0,29,4,3124.9,11,1,3125.8,103,2,3126.1,99,3,3126.2,200,1,3126.4,46,1,3126.5,214,2
2031,2026-06-16 12:23:03+05:30,3125.8,1,3129.93,2027282,126339.0,209829.0,3163.0,3163.0,3108.0,3134.3,31937400,3447.7,2820.9,3839.9,2896.0,3125.3,17,1,3125.2,34,5,3125.1,15,1,3125.0,29,4,3124.9,11,1,3125.8,103,2,3126.1,99,3,3126.2,200,1,3126.4,46,1,3126.5,214,2
2031,2026-06-16 12:23:04+05:30,3125.8,1,3129.93,2027282,126358.0,209910.0,3163.0,3163.0,3108.0,3134.3,31937400,3447.7,2820.9,3839.9,2896.0,3125.3,23,3,3125.2,24,3,3125.1,15,1,3125.0,29,4,3124.9,11,1,3125.8,141,3,3126.1,99,3,3126.2,200,1,3126.4,46,1,3126.5,214,2
2031,2026-06-16 12:23:05+05:30,3125.8,1,3129.93,2027282,126343.0,210020.0,3163.0,3163.0,3108.0,3134.3,31937400,3447.7,2820.9,3839.9,2896.0,3125.3,23,3,3125.2,35,3,3125.0,8,2,3124.8,60,5,3124.7,23,2,3125.8,141,3,3126.1,99,3,3126.2,246,2,3126.3,14,1,3126.4,46,1
2031,2026-06-16 12:23:05+05:30,3125.8,1,3129.93,2027282,126343.0,210020.0,3163.0,3163.0,3108.0,3134.3,31937400,3447.7,2820.9,3839.9,2896.0,3125.3,23,3,3125.2,35,3,3125.0,8,2,3124.8,60,5,3124.7,23,2,3125.8,141,3,3126.1,99,3,3126.2,246,2,3126.3,14,1,3126.4,46,1
2031,2026-06-16 12:23:06+05:30,3125.3,1,3129.93,2027283,126380.0,209504.0,3163.0,3163.0,3108.0,3134.3,31937400,3447.7,2820.9,3839.9,2896.0,3125.3,22,3,3125.2,35,3,3125.0,8,2,3124.8,60,5,3124.7,15,1,3125.8,141,3,3126.1,99,3,3126.2,246,2,3126.3,14,1,3126.4,239,2
2031,2026-06-16 12:23:06+05:30,3125.8,38,3129.93,2027283,126380.0,209504.0,3163.0,3163.0,3108.0,3134.3,31937400,3447.7,2820.9,3839.9,2896.0,3125.3,22,3,3125.2,35,3,3125.0,8,2,3124.8,60,5,3124.7,15,1,3125.8,141,3,3126.1,99,3,3126.2,246,2,3126.3,14,1,3126.4,239,2
2031,2026-06-16 12:23:07+05:30,3125.8,38,3129.93,2027283,126380.0,209504.0,3163.0,3163.0,3108.0,3134.3,31937400,3447.7,2820.9,3839.9,2896.0,3125.3,22,3,3125.2,35,3,3125.0,8,2,3124.8,60,5,3124.7,15,1,3125.8,141,3,3126.1,99,3,3126.2,246,2,3126.3,14,1,3126.4,239,2
2031,2026-06-16 12:23:07+05:30,3125.8,38,3129.93,2027424,126574.0,209289.0,3163.0,3163.0,3108.0,3134.3,31937400,3447.7,2820.9,3839.9,2896.0,3125.3,22,3,3125.2,1,1,3125.1,4,1,3125.0,3,1,3124.9,16,1,3126.1,99,3,3126.3,200,1,3126.4,239,2,3126.5,14,1,3126.6,466,4
2031,2026-06-16 12:23:07+05:30,3126.1,1,3129.93,2027424,126574.0,209289.0,3163.0,3163.0,3108.0,3134.3,31937400,3447.7,2820.9,3839.9,2896.0,3125.3,22,3,3125.2,1,1,3125.1,4,1,3125.0,3,1,3124.9,16,1,3126.1,99,3,3126.3,200,1,3126.4,239,2,3126.5,14,1,3126.6,466,4
2031,2026-06-16 12:23:08+05:30,3126.1,1,3129.93,2027426,126493.0,209478.0,3163.0,3163.0,3108.0,3134.3,31937400,3447.7,2820.9,3839.9,2896.0,3125.3,22,3,3125.2,1,1,3125.0,3,1,3124.9,16,1,3124.8,18,1,3126.1,125,5,3126.2,46,1,3126.3,214,2,3126.4,239,2,3126.5,68,2
2031,2026-06-16 12:23:08+05:30,3126.1,1,3129.93,2027426,126493.0,209478.0,3163.0,3163.0,3108.0,3134.3,31937400,3447.7,2820.9,3839.9,2896.0,3125.3,22,3,3125.2,1,1,3125.0,3,1,3124.9,16,1,3124.8,18,1,3126.1,125,5,3126.2,46,1,3126.3,214,2,3126.4,239,2,3126.5,68,2
2031,2026-06-16 12:23:08+05:30,3125.3,1,3129.93,2027426,126493.0,209478.0,3163.0,3163.0,3108.0,3134.3,31937400,3447.7,2820.9,3839.9,2896.0,3125.3,22,3,3125.2,1,1,3125.0,3,1,3124.9,16,1,3124.8,18,1,3126.1,125,5,3126.2,46,1,3126.3,214,2,3126.4,239,2,3126.5,68,2
2031,2026-06-16 12:23:09+05:30,3125.3,11,3129.93,2027608,124731.0,209994.0,3163.0,3163.0,3108.0,3134.3,31937400,3447.7,2820.9,3839.9,2896.0,3125.2,1,1,3125.0,3,1,3124.7,18,2,3124.5,39,4,3124.4,81,4,3125.3,36,1,3125.7,1,1,3126.0,69,1,3126.1,47,3,3126.2,297,4
2031,2026-06-16 12:23:09+05:30,3125.3,11,3129.93,2027608,124731.0,209994.0,3163.0,3163.0,3108.0,3134.3,31937400,3447.7,2820.9,3839.9,2896.0,3125.2,1,1,3125.0,3,1,3124.7,18,2,3124.5,39,4,3124.4,81,4,3125.3,36,1,3125.7,1,1,3126.0,69,1,3126.1,47,3,3126.2,297,4
2031,2026-06-16 12:23:09+05:30,3125.1,36,3129.93,2027608,124731.0,209994.0,3163.0,3163.0,3108.0,3134.3,31937400,3447.7,2820.9,3839.9,2896.0,3125.2,1,1,3125.0,3,1,3124.7,18,2,3124.5,39,4,3124.4,81,4,3125.3,36,1,3125.7,1,1,3126.0,69,1,3126.1,47,3,3126.2,297,4
2031,2026-06-16 12:23:09+05:30,3125.1,36,3129.93,2027608,124731.0,209994.0,3163.0,3163.0,3108.0,3134.3,31937400,3447.7,2820.9,3839.9,2896.0,3125.2,1,1,3125.0,3,1,3124.7,18,2,3124.5,39,4,3124.4,81,4,3125.3,36,1,3125.7,1,1,3126.0,69,1,3126.1,47,3,3126.2,297,4
2031,2026-06-16 12:23:10+05:30,3125.1,36,3129.93,2027653,124753.0,210085.0,3163.0,3163.0,3108.0,3134.3,31937400,3447.7,2820.9,3839.9,2896.0,3125.1,17,1,3125.0,3,1,3124.7,34,3,3124.5,23,3,3124.4,65,3,3125.2,36,1,3125.3,58,2,3125.4,32,1,3125.5,32,1,3125.7,33,2
2031,2026-06-16 12:23:10+05:30,3125.1,36,3129.93,2027653,124753.0,210085.0,3163.0,3163.0,3108.0,3134.3,31937400,3447.7,2820.9,3839.9,2896.0,3125.1,17,1,3125.0,3,1,3124.7,34,3,3124.5,23,3,3124.4,65,3,3125.2,36,1,3125.3,58,2,3125.4,32,1,3125.5,32,1,3125.7,33,2
2031,2026-06-16 12:23:10+05:30,3125.2,5,3129.93,2027653,124753.0,210085.0,3163.0,3163.0,3108.0,3134.3,31937400,3447.7,2820.9,3839.9,2896.0,3125.1,17,1,3125.0,3,1,3124.7,34,3,3124.5,23,3,3124.4,65,3,3125.2,36,1,3125.3,58,2,3125.4,32,1,3125.5,32,1,3125.7,33,2
2031,2026-06-16 12:23:10+05:30,3125.2,5,3129.93,2027653,124753.0,210085.0,3163.0,3163.0,3108.0,3134.3,31937400,3447.7,2820.9,3839.9,2896.0,3125.1,17,1,3125.0,3,1,3124.7,34,3,3124.5,23,3,3124.4,65,3,3125.2,36,1,3125.3,58,2,3125.4,32,1,3125.5,32,1,3125.7,33,2
2031,2026-06-16 12:23:11+05:30,3125.1,9,3129.93,2027667,125103.0,209834.0,3163.0,3163.0,3108.0,3134.3,31937400,3447.7,2820.9,3839.9,2896.0,3125.0,19,2,3124.9,3,1,3124.8,21,2,3124.7,25,3,3124.6,34,2,3125.1,22,1,3125.2,27,1,3125.3,58,2,3125.4,32,1,3125.6,32,1
2031,2026-06-16 12:23:11+05:30,3125.2,27,3129.93,2027667,125103.0,209834.0,3163.0,3163.0,3108.0,3134.3,31937400,3447.7,2820.9,3839.9,2896.0,3125.0,19,2,3124.9,3,1,3124.8,21,2,3124.7,25,3,3124.6,34,2,3125.1,22,1,3125.2,27,1,3125.3,58,2,3125.4,32,1,3125.6,32,1
2031,2026-06-16 12:23:11+05:30,3125.2,27,3129.93,2027667,125103.0,209834.0,3163.0,3163.0,3108.0,3134.3,31937400,3447.7,2820.9,3839.9,2896.0,3125.0,19,2,3124.9,3,1,3124.8,21,2,3124.7,25,3,3124.6,34,2,3125.1,22,1,3125.2,27,1,3125.3,58,2,3125.4,32,1,3125.6,32,1
2031,2026-06-16 12:23:12+05:30,3125.2,5,3129.93,2027802,125716.0,209299.0,3163.0,3163.0,3108.0,3134.3,31937400,3447.7,2820.9,3839.9,2896.0,3125.2,16,3,3125.1,18,3,3125.0,59,7,3124.9,5,1,3124.8,37,3,3125.5,32,1,3125.7,33,2,3126.1,7,1,3126.2,20,1,3126.3,246,2
2031,2026-06-16 12:23:12+05:30,3125.5,1,3129.93,2027802,125716.0,209299.0,3163.0,3163.0,3108.0,3134.3,31937400,3447.7,2820.9,3839.9,2896.0,3125.2,16,3,3125.1,18,3,3125.0,59,7,3124.9,5,1,3124.8,37,3,3125.5,32,1,3125.7,33,2,3126.1,7,1,3126.2,20,1,3126.3,246,2
2031,2026-06-16 12:23:12+05:30,3125.5,1,3129.93,2027802,125716.0,209299.0,3163.0,3163.0,3108.0,3134.3,31937400,3447.7,2820.9,3839.9,2896.0,3125.2,16,3,3125.1,18,3,3125.0,59,7,3124.9,5,1,3124.8,37,3,3125.5,32,1,3125.7,33,2,3126.1,7,1,3126.2,20,1,3126.3,246,2
2031,2026-06-16 12:23:13+05:30,3125.3,1,3129.93,2027804,125768.0,209469.0,3163.0,3163.0,3108.0,3134.3,31937400,3447.7,2820.9,3839.9,2896.0,3125.2,16,3,3125.1,15,2,3125.0,51,6,3124.9,5,1,3124.8,37,3,3125.3,43,1,3125.4,32,1,3125.5,63,2,3125.7,1,1,3125.8,32,1
2031,2026-06-16 12:23:13+05:30,3125.3,1,3129.93,2027804,125768.0,209469.0,3163.0,3163.0,3108.0,3134.3,31937400,3447.7,2820.9,3839.9,2896.0,3125.2,16,3,3125.1,15,2,3125.0,51,6,3124.9,5,1,3124.8,37,3,3125.3,43,1,3125.4,32,1,3125.5,63,2,3125.7,1,1,3125.8,32,1
2031,2026-06-16 12:23:13+05:30,3125.2,1,3129.93,2027804,125768.0,209469.0,3163.0,3163.0,3108.0,3134.3,31937400,3447.7,2820.9,3839.9,2896.0,3125.2,16,3,3125.1,15,2,3125.0,51,6,3124.9,5,1,3124.8,37,3,3125.3,43,1,3125.4,32,1,3125.5,63,2,3125.7,1,1,3125.8,32,1
2031,2026-06-16 12:23:14+05:30,3125.2,1,3129.93,2027806,125772.0,209426.0,3163.0,3163.0,3108.0,3134.3,31937400,3447.7,2820.9,3839.9,2896.0,3125.2,14,3,3125.1,30,3,3125.0,24,4,3124.9,5,1,3124.8,37,3,3125.3,32,1,3125.4,32,1,3125.5,31,1,3125.7,32,1,3126.1,7,1
2031,2026-06-16 12:23:14+05:30,3125.2,1,3129.93,2027806,125772.0,209426.0,3163.0,3163.0,3108.0,3134.3,31937400,3447.7,2820.9,3839.9,2896.0,3125.2,14,3,3125.1,30,3,3125.0,24,4,3124.9,5,1,3124.8,37,3,3125.3,32,1,3125.4,32,1,3125.5,31,1,3125.7,32,1,3126.1,7,1
2031,2026-06-16 12:23:14+05:30,3125.2,1,3129.93,2027806,125772.0,209426.0,3163.0,3163.0,3108.0,3134.3,31937400,3447.7,2820.9,3839.9,2896.0,3125.2,14,3,3125.1,30,3,3125.0,24,4,3124.9,5,1,3124.8,37,3,3125.3,32,1,3125.4,32,1,3125.5,31,1,3125.7,32,1,3126.1,7,1
2031,2026-06-16 12:23:14+05:30,3125.2,1,3129.93,2027806,125772.0,209426.0,3163.0,3163.0,3108.0,3134.3,31937400,3447.7,2820.9,3839.9,2896.0,3125.2,14,3,3125.1,30,3,3125.0,24,4,3124.9,5,1,3124.8,37,3,3125.3,32,1,3125.4,32,1,3125.5,31,1,3125.7,32,1,3126.1,7,1
2031,2026-06-16 12:23:15+05:30,3125.3,31,3129.93,2027882,125586.0,209148.0,3163.0,3163.0,3108.0,3134.3,31937400,3447.7,2820.9,3839.9,2896.0,3125.3,16,1,3125.2,21,2,3125.1,8,2,3125.0,4,2,3124.9,5,1,3125.4,32,1,3125.5,31,1,3125.7,32,1,3126.1,7,1,3126.2,80,2
2031,2026-06-16 12:23:15+05:30,3125.3,1,3129.93,2027882,125586.0,209148.0,3163.0,3163.0,3108.0,3134.3,31937400,3447.7,2820.9,3839.9,2896.0,3125.3,16,1,3125.2,21,2,3125.1,8,2,3125.0,4,2,3124.9,5,1,3125.4,32,1,3125.5,31,1,3125.7,32,1,3126.1,7,1,3126.2,80,2
2031,2026-06-16 12:23:15+05:30,3125.3,1,3129.93,2027882,125586.0,209148.0,3163.0,3163.0,3108.0,3134.3,31937400,3447.7,2820.9,3839.9,2896.0,3125.3,16,1,3125.2,21,2,3125.1,8,2,3125.0,4,2,3124.9,5,1,3125.4,32,1,3125.5,31,1,3125.7,32,1,3126.1,7,1,3126.2,80,2
2031,2026-06-16 12:23:16+05:30,3125.4,27,3129.93,2027923,126028.0,208847.0,3163.0,3163.0,3108.0,3134.3,31937400,3447.7,2820.9,3839.9,2896.0,3125.4,13,1,3125.3,8,4,3125.2,16,3,3125.1,40,4,3125.0,20,3,3125.5,31,1,3125.8,32,1,3126.1,7,1,3126.3,46,1,3126.4,227,3
2031,2026-06-16 12:23:16+05:30,3125.4,5,3129.93,2027923,126028.0,208847.0,3163.0,3163.0,3108.0,3134.3,31937400,3447.7,2820.9,3839.9,2896.0,3125.4,13,1,3125.3,8,4,3125.2,16,3,3125.1,40,4,3125.0,20,3,3125.5,31,1,3125.8,32,1,3126.1,7,1,3126.3,46,1,3126.4,227,3
2031,2026-06-16 12:23:16+05:30,3125.4,5,3129.93,2027923,126028.0,208847.0,3163.0,3163.0,3108.0,3134.3,31939200,3447.7,2820.9,3839.9,2896.0,3125.4,13,1,3125.3,8,4,3125.2,16,3,3125.1,40,4,3125.0,20,3,3125.5,31,1,3125.8,32,1,3126.1,7,1,3126.3,46,1,3126.4,227,3
2031,2026-06-16 12:23:17+05:30,3125.4,5,3129.93,2027928,125785.0,209256.0,3163.0,3163.0,3108.0,3134.3,31939200,3447.7,2820.9,3839.9,2896.0,3125.3,17,3,3125.2,5,1,3125.1,22,3,3125.0,14,2,3124.9,13,2,3125.4,13,1,3125.5,63,2,3125.6,47,1,3125.9,32,1,3126.1,7,1
2031,2026-06-16 12:23:17+05:30,3125.3,11,3129.93,2027928,125785.0,209256.0,3163.0,3163.0,3108.0,3134.3,31939200,3447.7,2820.9,3839.9,2896.0,3125.3,17,3,3125.2,5,1,3125.1,22,3,3125.0,14,2,3124.9,13,2,3125.4,13,1,3125.5,63,2,3125.6,47,1,3125.9,32,1,3126.1,7,1
2031,2026-06-16 12:23:18+05:30,3125.3,5,3129.93,2027987,124989.0,209964.0,3163.0,3163.0,3108.0,3134.3,31939200,3447.7,2820.9,3839.9,2896.0,3125.3,12,3,3125.2,5,1,3125.1,2,1,3125.0,14,2,3124.6,67,1,3125.4,50,4,3125.5,82,3,3125.6,93,2,3125.8,117,4,3125.9,28,1
2031,2026-06-16 12:23:18+05:30,3125.3,5,3129.93,2027987,124989.0,209964.0,3163.0,3163.0,3108.0,3134.3,31939200,3447.7,2820.9,3839.9,2896.0,3125.3,12,3,3125.2,5,1,3125.1,2,1,3125.0,14,2,3124.6,67,1,3125.4,50,4,3125.5,82,3,3125.6,93,2,3125.8,117,4,3125.9,28,1
2031,2026-06-16 12:23:19+05:30,3125.0,4,3129.93,2028401,124529.0,210752.0,3163.0,3163.0,3108.0,3134.3,31939200,3447.7,2820.9,3839.9,2896.0,3124.5,2,1,3124.1,22,1,3124.0,1034,8,3123.9,21,1,3123.7,57,4,3125.2,51,2,3125.3,64,2,3125.4,19,4,3125.5,59,2,3125.6,324,5
2031,2026-06-16 12:23:19+05:30,3125.0,4,3129.93,2028401,124529.0,210752.0,3163.0,3163.0,3108.0,3134.3,31939200,3447.7,2820.9,3839.9,2896.0,3124.5,2,1,3124.1,22,1,3124.0,1034,8,3123.9,21,1,3123.7,57,4,3125.2,51,2,3125.3,64,2,3125.4,19,4,3125.5,59,2,3125.6,324,5
2031,2026-06-16 12:23:20+05:30,3125.0,4,3129.93,2028401,124310.0,211365.0,3163.0,3163.0,3108.0,3134.3,31939200,3447.7,2820.9,3839.9,2896.0,3124.5,2,1,3124.0,1134,9,3123.7,28,3,3123.6,149,4,3123.5,270,4,3124.8,26,1,3125.3,227,7,3125.4,99,5,3125.5,271,3,3125.6,86,3
2031,2026-06-16 12:23:21+05:30,3124.7,1,3129.93,2028402,124163.0,211089.0,3163.0,3163.0,3108.0,3134.3,31939200,3447.7,2820.9,3839.9,2896.0,3124.5,2,1,3124.0,1134,9,3123.8,78,1,3123.7,27,2,3123.6,22,2,3124.7,31,1,3124.8,78,3,3124.9,45,2,3125.0,19,1,3125.1,102,3
2031,2026-06-16 12:23:21+05:30,3124.7,1,3129.93,2028402,124163.0,211089.0,3163.0,3163.0,3108.0,3134.3,31939200,3447.7,2820.9,3839.9,2896.0,3124.5,2,1,3124.0,1134,9,3123.8,78,1,3123.7,27,2,3123.6,22,2,3124.7,31,1,3124.8,78,3,3124.9,45,2,3125.0,19,1,3125.1,102,3
2031,2026-06-16 12:23:22+05:30,3124.5,15,3129.93,2028417,123959.0,211240.0,3163.0,3163.0,3108.0,3134.3,31939200,3447.7,2820.9,3839.9,2896.0,3124.0,1148,10,3123.9,78,1,3123.8,39,2,3123.7,6,1,3123.6,15,1,3124.5,10,1,3124.7,63,2,3124.8,27,1,3125.0,32,1,3125.1,46,1
2031,2026-06-16 12:23:22+05:30,3124.5,15,3129.93,2028417,123959.0,211240.0,3163.0,3163.0,3108.0,3134.3,31939200,3447.7,2820.9,3839.9,2896.0,3124.0,1148,10,3123.9,78,1,3123.8,39,2,3123.7,6,1,3123.6,15,1,3124.5,10,1,3124.7,63,2,3124.8,27,1,3125.0,32,1,3125.1,46,1
2031,2026-06-16 12:23:23+05:30,3124.5,1,3129.93,2028418,124256.0,211157.0,3163.0,3163.0,3108.0,3134.3,31939200,3447.7,2820.9,3839.9,2896.0,3124.2,36,4,3124.1,41,4,3124.0,1245,14,3123.9,105,3,3123.8,72,4,3124.5,18,1,3125.4,83,5,3125.5,200,1,3125.6,67,2,3125.7,66,1
2031,2026-06-16 12:23:23+05:30,3124.5,2,3129.93,2028418,124256.0,211157.0,3163.0,3163.0,3108.0,3134.3,31939200,3447.7,2820.9,3839.9,2896.0,3124.2,36,4,3124.1,41,4,3124.0,1245,14,3123.9,105,3,3123.8,72,4,3124.5,18,1,3125.4,83,5,3125.5,200,1,3125.6,67,2,3125.7,66,1
2031,2026-06-16 12:23:24+05:30,3124.0,100,3129.93,2028720,124081.0,211241.0,3163.0,3163.0,3108.0,3134.3,31939200,3447.7,2820.9,3839.9,2896.0,3124.1,31,3,3124.0,1180,13,3123.9,16,1,3123.8,39,3,3123.7,18,3,3124.5,16,1,3125.2,263,2,3125.4,83,5,3125.5,200,1,3125.6,354,4
2031,2026-06-16 12:23:24+05:30,3124.0,100,3129.93,2028720,124081.0,211241.0,3163.0,3163.0,3108.0,3134.3,31939200,3447.7,2820.9,3839.9,2896.0,3124.1,31,3,3124.0,1180,13,3123.9,16,1,3123.8,39,3,3123.7,18,3,3124.5,16,1,3125.2,263,2,3125.4,83,5,3125.5,200,1,3125.6,354,4
2031,2026-06-16 12:23:25+05:30,3124.5,8,3129.93,2028944,124448.0,210578.0,3163.0,3163.0,3108.0,3134.3,31939200,3447.7,2820.9,3839.9,2896.0,3124.8,26,1,3124.5,32,1,3124.3,54,3,3124.2,30,3,3124.0,1190,14,3125.2,200,1,3125.3,68,1,3125.4,63,4,3125.5,63,1,3125.6,246,2
2031,2026-06-16 12:23:25+05:30,3124.5,8,3129.93,2028944,124448.0,210578.0,3163.0,3163.0,3108.0,3134.3,31939200,3447.7,2820.9,3839.9,2896.0,3124.8,26,1,3124.5,32,1,3124.3,54,3,3124.2,30,3,3124.0,1190,14,3125.2,200,1,3125.3,68,1,3125.4,63,4,3125.5,63,1,3125.6,246,2
2031,2026-06-16 12:23:26+05:30,3124.5,8,3129.93,2028944,124567.0,210393.0,3163.0,3163.0,3108.0,3134.3,31939200,3447.7,2820.9,3839.9,2896.0,3125.0,32,1,3124.9,32,1,3124.8,69,2,3124.6,48,2,3124.5,16,1,3125.2,201,2,3125.3,68,1,3125.4,63,4,3125.6,246,2,3125.7,487,3
2031,2026-06-16 12:23:26+05:30,3124.8,1,3129.93,2028944,124567.0,210393.0,3163.0,3163.0,3108.0,3134.3,31939200,3447.7,2820.9,3839.9,2896.0,3125.0,32,1,3124.9,32,1,3124.8,69,2,3124.6,48,2,3124.5,16,1,3125.2,201,2,3125.3,68,1,3125.4,63,4,3125.6,246,2,3125.7,487,3
2031,2026-06-16 12:23:27+05:30,3125.1,8,3129.93,2029057,124681.0,210392.0,3163.0,3163.0,3108.0,3134.3,31939200,3447.7,2820.9,3839.9,2896.0,3125.1,12,1,3124.8,28,1,3124.6,32,1,3124.2,42,3,3124.1,29,1,3125.2,257,5,3125.3,12,1,3125.4,63,4,3125.6,246,2,3125.7,487,3
2031,2026-06-16 12:23:27+05:30,3125.2,1,3129.93,2029057,124681.0,210392.0,3163.0,3163.0,3108.0,3134.3,31939200,3447.7,2820.9,3839.9,2896.0,3125.1,12,1,3124.8,28,1,3124.6,32,1,3124.2,42,3,3124.1,29,1,3125.2,257,5,3125.3,12,1,3125.4,63,4,3125.6,246,2,3125.7,487,3
2031,2026-06-16 12:23:28+05:30,3125.2,1,3129.93,2029097,124700.0,210585.0,3163.0,3163.0,3108.0,3134.3,31939200,3447.7,2820.9,3839.9,2896.0,3125.1,45,1,3124.8,1,1,3124.6,32,1,3124.2,42,3,3124.1,29,1,3125.2,256,5,3125.3,12,1,3125.4,48,3,3125.6,246,2,3125.7,511,4
2031,2026-06-16 12:23:29+05:30,3125.2,1,3129.93,2029098,124891.0,210015.0,3163.0,3163.0,3108.0,3134.3,31939200,3447.7,2820.9,3839.9,2896.0,3124.8,1,1,3124.7,32,1,3124.2,42,3,3124.1,206,2,3124.0,1016,13,3125.2,256,6,3125.3,12,1,3125.4,1,1,3125.6,246,2,3125.7,487,3
2031,2026-06-16 12:23:29+05:30,3125.2,1,3129.93,2029098,124891.0,210015.0,3163.0,3163.0,3108.0,3134.3,31939200,3447.7,2820.9,3839.9,2896.0,3124.8,1,1,3124.7,32,1,3124.2,42,3,3124.1,206,2,3124.0,1016,13,3125.2,256,6,3125.3,12,1,3125.4,1,1,3125.6,246,2,3125.7,487,3
2031,2026-06-16 12:23:30+05:30,3124.8,8,3129.93,2029299,124849.0,210107.0,3163.0,3163.0,3108.0,3134.3,31939200,3447.7,2820.9,3839.9,2896.0,3124.8,22,5,3124.7,18,2,3124.6,56,3,3124.5,44,3,3124.4,16,1,3125.2,58,5,3125.3,209,2,3125.4,1,1,3125.7,400,2,3125.8,347,4
2031,2026-06-16 12:23:30+05:30,3124.8,8,3129.93,2029299,124849.0,210107.0,3163.0,3163.0,3108.0,3134.3,31939200,3447.7,2820.9,3839.9,2896.0,3124.8,22,5,3124.7,18,2,3124.6,56,3,3124.5,44,3,3124.4,16,1,3125.2,58,5,3125.3,209,2,3125.4,1,1,3125.7,400,2,3125.8,347,4
2031,2026-06-16 12:23:31+05:30,3125.2,4,3129.93,2029338,125043.0,210044.0,3163.0,3163.0,3108.0,3134.3,31939200,3447.7,2820.9,3839.9,2896.0,3125.0,11,5,3124.9,32,4,3124.8,48,6,3124.7,46,3,3124.6,42,3,3125.2,19,3,3125.3,209,2,3125.4,1,1,3125.7,400,2,3125.8,287,2
2031,2026-06-16 12:23:31+05:30,3125.2,7,3129.93,2029338,125043.0,210044.0,3163.0,3163.0,3108.0,3134.3,31939200,3447.7,2820.9,3839.9,2896.0,3125.0,11,5,3124.9,32,4,3124.8,48,6,3124.7,46,3,3124.6,42,3,3125.2,19,3,3125.3,209,2,3125.4,1,1,3125.7,400,2,3125.8,287,2
2031,2026-06-16 12:23:32+05:30,3125.2,8,3129.93,2029365,125230.0,209922.0,3163.0,3163.0,3108.0,3134.3,31939200,3447.7,2820.9,3839.9,2896.0,3125.2,29,1,3125.1,70,5,3125.0,90,6,3124.9,51,4,3124.8,43,5,3125.3,209,2,3125.4,1,1,3125.7,400,2,3125.8,287,2,3125.9,200,1
2031,2026-06-16 12:23:32+05:30,3125.4,1,3129.93,2029365,125230.0,209922.0,3163.0,3163.0,3108.0,3134.3,31939200,3447.7,2820.9,3839.9,2896.0,3125.2,29,1,3125.1,70,5,3125.0,90,6,3124.9,51,4,3124.8,43,5,3125.3,209,2,3125.4,1,1,3125.7,400,2,3125.8,287,2,3125.9,200,1
2031,2026-06-16 12:23:33+05:30,3125.4,136,3129.93,2029790,126125.0,209301.0,3163.0,3163.0,3108.0,3134.3,31939200,3447.7,2820.9,3839.9,2896.0,3125.3,32,1,3125.2,89,3,3125.1,51,3,3125.0,75,6,3124.9,89,4,3126.1,148,3,3126.2,200,1,3126.3,487,3,3126.4,418,3,3126.5,445,4
2031,2026-06-16 12:23:33+05:30,3125.4,136,3129.93,2029790,126125.0,209301.0,3163.0,3163.0,3108.0,3134.3,31939200,3447.7,2820.9,3839.9,2896.0,3125.3,32,1,3125.2,89,3,3125.1,51,3,3125.0,75,6,3124.9,89,4,3126.1,148,3,3126.2,200,1,3126.3,487,3,3126.4,418,3,3126.5,445,4
2031,2026-06-16 12:23:34+05:30,3125.6,1,3129.93,2029919,126439.0,209081.0,3163.0,3163.0,3108.0,3134.3,31939200,3447.7,2820.9,3839.9,2896.0,3125.6,31,1,3125.5,64,3,3125.4,4,1,3125.3,32,1,3125.2,57,2,3125.7,213,2,3126.1,72,4,3126.2,200,1,3126.3,487,3,3126.4,418,3
2031,2026-06-16 12:23:34+05:30,3125.7,12,3129.93,2029919,126439.0,209081.0,3163.0,3163.0,3108.0,3134.3,31939200,3447.7,2820.9,3839.9,2896.0,3125.6,31,1,3125.5,64,3,3125.4,4,1,3125.3,32,1,3125.2,57,2,3125.7,213,2,3126.1,72,4,3126.2,200,1,3126.3,487,3,3126.4,418,3
2031,2026-06-16 12:23:35+05:30,3125.7,35,3129.93,2030006,126415.0,209009.0,3163.0,3163.0,3108.0,3134.3,31939200,3447.7,2820.9,3839.9,2896.0,3125.6,94,4,3125.5,32,2,3125.4,36,2,3125.3,5,1,3125.2,89,3,3125.7,161,3,3126.1,47,3,3126.2,200,1,3126.3,487,3,3126.4,418,3
2031,2026-06-16 12:23:35+05:30,3125.7,35,3129.93,2030006,126415.0,209009.0,3163.0,3163.0,3108.0,3134.3,31939200,3447.7,2820.9,3839.9,2896.0,3125.6,94,4,3125.5,32,2,3125.4,36,2,3125.3,5,1,3125.2,89,3,3125.7,161,3,3126.1,47,3,3126.2,200,1,3126.3,487,3,3126.4,418,3
2031,2026-06-16 12:23:36+05:30,3125.7,1,3129.93,2030051,126438.0,209042.0,3163.0,3163.0,3108.0,3134.3,31939200,3447.7,2820.9,3839.9,2896.0,3125.6,125,9,3125.5,6,2,3125.4,52,3,3125.3,5,1,3125.2,89,3,3125.7,116,2,3126.1,47,3,3126.2,200,1,3126.3,487,3,3126.4,418,3
2031,2026-06-16 12:23:36+05:30,3125.7,1,3129.93,2030051,126438.0,209042.0,3163.0,3163.0,3108.0,3134.3,31939200,3447.7,2820.9,3839.9,2896.0,3125.6,125,9,3125.5,6,2,3125.4,52,3,3125.3,5,1,3125.2,89,3,3125.7,116,2,3126.1,47,3,3126.2,200,1,3126.3,487,3,3126.4,418,3
2031,2026-06-16 12:23:37+05:30,3125.7,83,3129.93,2030250,126271.0,208958.0,3163.0,3163.0,3108.0,3134.3,31939200,3447.7,2820.9,3839.9,2896.0,3125.6,102,7,3125.5,16,1,3125.4,52,3,3125.3,5,1,3125.2,89,3,3125.7,9,1,3126.1,47,3,3126.2,200,1,3126.3,487,3,3126.4,418,3
2031,2026-06-16 12:23:37+05:30,3125.7,83,3129.93,2030250,126271.0,208958.0,3163.0,3163.0,3108.0,3134.3,31939200,3447.7,2820.9,3839.9,2896.0,3125.6,102,7,3125.5,16,1,3125.4,52,3,3125.3,5,1,3125.2,89,3,3125.7,9,1,3126.1,47,3,3126.2,200,1,3126.3,487,3,3126.4,418,3
2031,2026-06-16 12:23:38+05:30,3125.7,9,3129.93,2030250,126271.0,208958.0,3163.0,3163.0,3108.0,3134.3,31939200,3447.7,2820.9,3839.9,2896.0,3125.6,102,7,3125.5,16,1,3125.4,52,3,3125.3,5,1,3125.2,89,3,3125.7,9,1,3126.1,47,3,3126.2,200,1,3126.3,487,3,3126.4,418,3
2031,2026-06-16 12:23:38+05:30,3125.7,9,3129.93,2030268,126095.0,209026.0,3163.0,3163.0,3108.0,3134.3,31939200,3447.7,2820.9,3839.9,2896.0,3125.6,48,5,3125.2,41,1,3125.1,3,1,3125.0,35,3,3124.9,26,2,3126.1,47,3,3126.2,200,1,3126.3,533,4,3126.4,464,5,3126.5,464,5
2031,2026-06-16 12:23:39+05:30,3126.1,1,3129.93,2030268,126095.0,209026.0,3163.0,3163.0,3108.0,3134.3,31939200,3447.7,2820.9,3839.9,2896.0,3125.6,48,5,3125.2,41,1,3125.1,3,1,3125.0,35,3,3124.9,26,2,3126.1,47,3,3126.2,200,1,3126.3,533,4,3126.4,464,5,3126.5,464,5
2031,2026-06-16 12:23:39+05:30,3126.1,1,3129.93,2030270,126329.0,209002.0,3163.0,3163.0,3108.0,3134.3,31939200,3447.7,2820.9,3839.9,2896.0,3125.6,47,4,3125.2,57,2,3125.1,20,2,3125.0,35,3,3124.9,26,2,3126.1,45,3,3126.2,200,1,3126.3,533,4,3126.4,618,4,3126.5,259,4
2031,2026-06-16 12:23:40+05:30,3126.1,1,3129.93,2030270,126329.0,209002.0,3163.0,3163.0,3108.0,3134.3,31939200,3447.7,2820.9,3839.9,2896.0,3125.6,47,4,3125.2,57,2,3125.1,20,2,3125.0,35,3,3124.9,26,2,3126.1,45,3,3126.2,200,1,3126.3,533,4,3126.4,618,4,3126.5,259,4
2031,2026-06-16 12:23:40+05:30,3126.1,1,3129.93,2030279,126407.0,208898.0,3163.0,3163.0,3108.0,3134.3,31939200,3447.7,2820.9,3839.9,2896.0,3125.8,2,2,3125.6,66,4,3125.5,4,1,3125.4,15,1,3125.2,49,2,3126.1,36,2,3126.4,193,1,3126.7,249,3,3126.8,510,5,3126.9,469,5
2031,2026-06-16 12:23:41+05:30,3125.8,8,3129.93,2030279,126407.0,208898.0,3163.0,3163.0,3108.0,3134.3,31939200,3447.7,2820.9,3839.9,2896.0,3125.8,2,2,3125.6,66,4,3125.5,4,1,3125.4,15,1,3125.2,49,2,3126.1,36,2,3126.4,193,1,3126.7,249,3,3126.8,510,5,3126.9,469,5
2031,2026-06-16 12:23:41+05:30,3125.8,8,3129.93,2030307,126647.0,208881.0,3163.0,3163.0,3108.0,3134.3,31939200,3447.7,2820.9,3839.9,2896.0,3125.8,27,3,3125.6,88,6,3125.5,14,3,3125.4,15,1,3125.3,26,2,3126.1,2,1,3126.4,193,1,3126.7,249,3,3126.8,489,4,3126.9,255,3
2031,2026-06-16 12:23:42+05:30,3125.8,8,3129.93,2030307,126685.0,208856.0,3163.0,3163.0,3108.0,3134.3,31939200,3447.7,2820.9,3839.9,2896.0,3125.8,27,3,3125.6,102,7,3125.5,29,4,3125.4,15,1,3125.3,11,1,3126.1,2,1,3126.4,193,1,3126.7,249,3,3126.8,489,4,3126.9,255,3
2031,2026-06-16 12:23:43+05:30,3125.6,12,3129.93,2030307,126685.0,208856.0,3163.0,3163.0,3108.0,3134.3,31939200,3447.7,2820.9,3839.9,2896.0,3125.8,27,3,3125.6,102,7,3125.5,29,4,3125.4,15,1,3125.3,11,1,3126.1,2,1,3126.4,193,1,3126.7,249,3,3126.8,489,4,3126.9,255,3
2031,2026-06-16 12:23:43+05:30,3125.6,12,3129.93,2030346,126674.0,208880.0,3163.0,3163.0,3108.0,3134.3,31939200,3447.7,2820.9,3839.9,2896.0,3125.6,68,5,3125.4,9,1,3125.3,41,3,3125.2,19,1,3125.1,42,3,3126.1,26,2,3126.4,193,1,3126.7,249,3,3126.8,489,4,3126.9,255,3
2031,2026-06-16 12:23:45+05:30,3126.1,1,3129.93,2030347,126787.0,208880.0,3163.0,3163.0,3108.0,3134.3,31939200,3447.7,2820.9,3839.9,2896.0,3125.8,16,1,3125.6,52,4,3125.4,9,1,3125.3,41,3,3125.2,19,1,3126.1,25,2,3126.4,193,1,3126.7,249,3,3126.8,503,5,3126.9,455,4
2031,2026-06-16 12:23:45+05:30,3125.6,6,3129.93,2030347,126787.0,208880.0,3163.0,3163.0,3108.0,3134.3,31939200,3447.7,2820.9,3839.9,2896.0,3125.8,16,1,3125.6,52,4,3125.4,9,1,3125.3,41,3,3125.2,19,1,3126.1,25,2,3126.4,193,1,3126.7,249,3,3126.8,503,5,3126.9,455,4
2031,2026-06-16 12:23:46+05:30,3126.1,17,3129.93,2030589,126746.0,208790.0,3163.0,3163.0,3108.0,3134.3,31939200,3447.7,2820.9,3839.9,2896.0,3126.0,2,2,3125.6,26,2,3125.4,25,1,3125.3,98,3,3125.2,78,2,3126.4,193,1,3126.7,49,2,3126.8,2,1,3126.9,96,3,3127.0,329,6
2031,2026-06-16 12:23:46+05:30,3126.1,17,3129.93,2030589,126746.0,208790.0,3163.0,3163.0,3108.0,3134.3,31939200,3447.7,2820.9,3839.9,2896.0,3126.0,2,2,3125.6,26,2,3125.4,25,1,3125.3,98,3,3125.2,78,2,3126.4,193,1,3126.7,49,2,3126.8,2,1,3126.9,96,3,3127.0,329,6
2031,2026-06-16 12:23:47+05:30,3126.1,17,3129.93,2030589,127008.0,208096.0,3163.0,3163.0,3108.0,3134.3,31939200,3447.7,2820.9,3839.9,2896.0,3126.1,3,1,3126.0,2,2,3125.8,5,1,3125.6,41,3,3125.5,26,1,3126.4,201,2,3126.7,3,1,3126.8,2,1,3126.9,30,1,3127.0,329,6
2031,2026-06-16 12:23:47+05:30,3126.4,1,3129.93,2030589,127008.0,208096.0,3163.0,3163.0,3108.0,3134.3,31939200,3447.7,2820.9,3839.9,2896.0,3126.1,3,1,3126.0,2,2,3125.8,5,1,3125.6,41,3,3125.5,26,1,3126.4,201,2,3126.7,3,1,3126.8,2,1,3126.9,30,1,3127.0,329,6
2031,2026-06-16 12:23:47+05:30,3126.4,26,3129.93,2030616,126787.0,205733.0,3163.0,3163.0,3108.0,3134.3,31939200,3447.7,2820.9,3839.9,2896.0,3126.1,3,1,3126.0,2,2,3125.9,4,1,3125.8,5,1,3125.6,52,4,3126.4,188,3,3126.7,3,1,3126.8,2,1,3126.9,30,1,3127.0,329,6
2031,2026-06-16 12:23:48+05:30,3126.4,26,3129.93,2030616,126787.0,205733.0,3163.0,3163.0,3108.0,3134.3,31939200,3447.7,2820.9,3839.9,2896.0,3126.1,3,1,3126.0,2,2,3125.9,4,1,3125.8,5,1,3125.6,52,4,3126.4,188,3,3126.7,3,1,3126.8,2,1,3126.9,30,1,3127.0,329,6
2031,2026-06-16 12:23:48+05:30,3126.4,26,3129.93,2030616,126816.0,207667.0,3163.0,3163.0,3108.0,3134.3,31939200,3447.7,2820.9,3839.9,2896.0,3126.1,3,1,3126.0,2,2,3125.8,5,1,3125.6,71,5,3125.5,53,3,3126.4,265,4,3126.5,51,1,3126.7,3,1,3126.8,2,1,3126.9,30,1
2031,2026-06-16 12:23:49+05:30,3126.4,26,3129.93,2030616,126560.0,207381.0,3163.0,3163.0,3108.0,3134.3,31939200,3447.7,2820.9,3839.9,2896.0,3126.1,3,1,3126.0,2,2,3125.8,5,1,3125.6,56,4,3125.5,53,3,3126.4,353,6,3126.5,51,1,3126.6,15,1,3126.7,3,1,3126.8,16,2
2031,2026-06-16 12:23:50+05:30,3126.1,16,3129.93,2030616,126560.0,207381.0,3163.0,3163.0,3108.0,3134.3,31939200,3447.7,2820.9,3839.9,2896.0,3126.1,3,1,3126.0,2,2,3125.8,5,1,3125.6,56,4,3125.5,53,3,3126.4,353,6,3126.5,51,1,3126.6,15,1,3126.7,3,1,3126.8,16,2
2031,2026-06-16 12:23:51+05:30,3126.4,40,3129.93,2030833,126726.0,207969.0,3163.0,3163.0,3108.0,3134.3,31939200,3447.7,2820.9,3839.9,2896.0,3126.1,2,1,3125.6,25,2,3125.5,37,3,3125.4,25,1,3125.3,74,3,3126.4,262,7,3126.5,51,1,3126.6,15,1,3126.7,3,1,3126.8,48,2
2031,2026-06-16 12:23:51+05:30,3126.4,11,3129.93,2030833,126726.0,207969.0,3163.0,3163.0,3108.0,3134.3,31939200,3447.7,2820.9,3839.9,2896.0,3126.1,2,1,3125.6,25,2,3125.5,37,3,3125.4,25,1,3125.3,74,3,3126.4,262,7,3126.5,51,1,3126.6,15,1,3126.7,3,1,3126.8,48,2
2031,2026-06-16 12:23:52+05:30,3126.4,11,3129.93,2030844,126751.0,207998.0,3163.0,3163.0,3108.0,3134.3,31939200,3447.7,2820.9,3839.9,2896.0,3126.1,2,1,3125.6,45,3,3125.5,37,3,3125.4,25,1,3125.3,74,3,3126.4,251,7,3126.5,51,1,3126.6,15,1,3126.7,3,1,3126.8,48,2
2031,2026-06-16 12:23:52+05:30,3126.1,2,3129.93,2030844,126751.0,207998.0,3163.0,3163.0,3108.0,3134.3,31939200,3447.7,2820.9,3839.9,2896.0,3126.1,2,1,3125.6,45,3,3125.5,37,3,3125.4,25,1,3125.3,74,3,3126.4,251,7,3126.5,51,1,3126.6,15,1,3126.7,3,1,3126.8,48,2
2031,2026-06-16 12:23:52+05:30,3126.1,2,3129.93,2030846,126788.0,207948.0,3163.0,3163.0,3108.0,3134.3,31939200,3447.7,2820.9,3839.9,2896.0,3126.1,18,2,3125.6,60,4,3125.5,37,3,3125.4,40,2,3125.3,59,2,3126.4,252,8,3126.5,51,1,3126.6,15,1,3126.7,3,1,3126.8,48,2
2031,2026-06-16 12:23:53+05:30,3126.4,1,3129.93,2030846,126788.0,207948.0,3163.0,3163.0,3108.0,3134.3,31939200,3447.7,2820.9,3839.9,2896.0,3126.1,18,2,3125.6,60,4,3125.5,37,3,3125.4,40,2,3125.3,59,2,3126.4,252,8,3126.5,51,1,3126.6,15,1,3126.7,3,1,3126.8,48,2
2031,2026-06-16 12:23:54+05:30,3126.4,1,3129.93,2030939,126858.0,206175.0,3163.0,3163.0,3108.0,3134.3,31939200,3447.7,2820.9,3839.9,2896.0,3126.1,16,2,3125.6,35,3,3125.5,12,1,3125.4,15,1,3125.3,37,3,3126.4,251,8,3126.5,51,1,3126.6,15,1,3126.7,3,1,3126.8,48,2
2031,2026-06-16 12:23:54+05:30,3126.4,1,3129.93,2030939,126858.0,206175.0,3163.0,3163.0,3108.0,3134.3,31939200,3447.7,2820.9,3839.9,2896.0,3126.1,16,2,3125.6,35,3,3125.5,12,1,3125.4,15,1,3125.3,37,3,3126.4,251,8,3126.5,51,1,3126.6,15,1,3126.7,3,1,3126.8,48,2
2031,2026-06-16 12:23:55+05:30,3126.4,1,3129.93,2030945,126686.0,207932.0,3163.0,3163.0,3108.0,3134.3,31939200,3447.7,2820.9,3839.9,2896.0,3126.1,16,2,3125.6,35,3,3125.5,27,2,3125.4,15,1,3125.3,22,2,3126.4,202,8,3126.5,51,1,3126.6,15,1,3126.7,3,1,3126.8,48,2
2031,2026-06-16 12:23:55+05:30,3126.4,1,3129.93,2030945,126686.0,207932.0,3163.0,3163.0,3108.0,3134.3,31939200,3447.7,2820.9,3839.9,2896.0,3126.1,16,2,3125.6,35,3,3125.5,27,2,3125.4,15,1,3125.3,22,2,3126.4,202,8,3126.5,51,1,3126.6,15,1,3126.7,3,1,3126.8,48,2
2031,2026-06-16 12:23:56+05:30,3126.4,1,3129.93,2030946,127019.0,207936.0,3163.0,3163.0,3108.0,3134.3,31939200,3447.7,2820.9,3839.9,2896.0,3126.1,47,6,3126.0,10,2,3125.9,21,2,3125.8,38,3,3125.6,45,4,3126.4,215,9,3126.5,51,1,3126.6,15,1,3126.7,3,1,3126.8,2,1
2031,2026-06-16 12:23:57+05:30,3125.9,3,3129.92,2031199,126903.0,208074.0,3163.0,3163.0,3108.0,3134.3,31939200,3447.7,2820.9,3839.9,2896.0,3125.8,40,4,3125.7,20,2,3125.6,34,3,3125.4,52,4,3125.3,198,4,3126.4,215,9,3126.5,51,1,3126.6,15,1,3126.7,3,1,3126.8,2,1
2031,2026-06-16 12:23:57+05:30,3125.9,3,3129.92,2031199,126903.0,208074.0,3163.0,3163.0,3108.0,3134.3,31939200,3447.7,2820.9,3839.9,2896.0,3125.8,40,4,3125.7,20,2,3125.6,34,3,3125.4,52,4,3125.3,198,4,3126.4,215,9,3126.5,51,1,3126.6,15,1,3126.7,3,1,3126.8,2,1
2031,2026-06-16 12:23:58+05:30,3125.9,3,3129.92,2031199,126903.0,208074.0,3163.0,3163.0,3108.0,3134.3,31939200,3447.7,2820.9,3839.9,2896.0,3125.8,40,4,3125.7,20,2,3125.6,34,3,3125.4,52,4,3125.3,198,4,3126.4,215,9,3126.5,51,1,3126.6,15,1,3126.7,3,1,3126.8,2,1
2031,2026-06-16 12:23:58+05:30,3125.9,3,3129.92,2031199,126910.0,207869.0,3163.0,3163.0,3108.0,3134.3,31939200,3447.7,2820.9,3839.9,2896.0,3125.8,40,4,3125.7,20,2,3125.6,34,3,3125.4,98,5,3125.3,198,4,3126.4,215,9,3126.5,51,1,3126.6,15,1,3126.7,3,1,3126.8,2,1
2031,2026-06-16 12:23:58+05:30,3126.4,1,3129.92,2031199,126910.0,207869.0,3163.0,3163.0,3108.0,3134.3,31939200,3447.7,2820.9,3839.9,2896.0,3125.8,40,4,3125.7,20,2,3125.6,34,3,3125.4,98,5,3125.3,198,4,3126.4,215,9,3126.5,51,1,3126.6,15,1,3126.7,3,1,3126.8,2,1
2031,2026-06-16 12:23:59+05:30,3126.4,1,3129.92,2031241,126954.0,208000.0,3163.0,3163.0,3108.0,3134.3,31939200,3447.7,2820.9,3839.9,2896.0,3125.8,97,6,3125.7,19,2,3125.6,42,5,3125.5,4,1,3125.4,111,6,3126.4,241,10,3126.5,51,1,3126.6,15,1,3126.7,3,1,3126.8,2,1
2031,2026-06-16 12:23:59+05:30,3126.4,1,3129.92,2031241,126954.0,208000.0,3163.0,3163.0,3108.0,3134.3,31939200,3447.7,2820.9,3839.9,2896.0,3125.8,97,6,3125.7,19,2,3125.6,42,5,3125.5,4,1,3125.4,111,6,3126.4,241,10,3126.5,51,1,3126.6,15,1,3126.7,3,1,3126.8,2,1
2031,2026-06-16 12:24:00+05:30,3126.4,1,3129.92,2031242,126964.0,208022.0,3163.0,3163.0,3108.0,3134.3,31939200,3447.7,2820.9,3839.9,2896.0,3125.8,107,9,3125.7,19,2,3125.6,42,5,3125.5,4,1,3125.4,111,6,3126.4,241,11,3126.5,51,1,3126.6,15,1,3126.7,3,1,3126.8,2,1
2031,2026-06-16 12:24:00+05:30,3126.4,1,3129.92,2031242,126964.0,208022.0,3163.0,3163.0,3108.0,3134.3,31939200,3447.7,2820.9,3839.9,2896.0,3125.8,107,9,3125.7,19,2,3125.6,42,5,3125.5,4,1,3125.4,111,6,3126.4,241,11,3126.5,51,1,3126.6,15,1,3126.7,3,1,3126.8,2,1
2031,2026-06-16 12:24:01+05:30,3126.4,1,3129.92,2031243,126949.0,208038.0,3163.0,3163.0,3108.0,3134.3,31939200,3447.7,2820.9,3839.9,2896.0,3126.1,9,5,3126.0,5,1,3125.9,7,1,3125.8,107,9,3125.7,9,1,3126.4,240,11,3126.5,51,1,3126.6,15,1,3126.7,3,1,3126.8,2,1
2031,2026-06-16 12:24:02+05:30,3126.4,1,3129.92,2031243,126949.0,208038.0,3163.0,3163.0,3108.0,3134.3,31939200,3447.7,2820.9,3839.9,2896.0,3126.1,9,5,3126.0,5,1,3125.9,7,1,3125.8,107,9,3125.7,9,1,3126.4,240,11,3126.5,51,1,3126.6,15,1,3126.7,3,1,3126.8,2,1
2031,2026-06-16 12:24:02+05:30,3126.4,1,3129.92,2031243,126958.0,208041.0,3163.0,3163.0,3108.0,3134.3,31939200,3447.7,2820.9,3839.9,2896.0,3126.1,12,6,3126.0,5,1,3125.9,7,1,3125.8,107,9,3125.7,9,1,3126.4,240,11,3126.5,51,1,3126.6,15,1,3126.7,3,1,3126.8,2,1
2031,2026-06-16 12:24:03+05:30,3126.7,10,3129.92,2031629,128630.0,205711.0,3163.0,3163.0,3108.0,3134.3,31939200,3447.7,2820.9,3839.9,2896.0,3126.6,2,1,3126.5,34,3,3126.4,13,1,3126.3,26,3,3126.2,222,5,3126.8,2,1,3127.0,283,5,3127.1,10,1,3127.3,200,1,3127.4,487,3
2031,2026-06-16 12:24:03+05:30,3126.7,10,3129.92,2031629,128630.0,205711.0,3163.0,3163.0,3108.0,3134.3,31939200,3447.7,2820.9,3839.9,2896.0,3126.6,2,1,3126.5,34,3,3126.4,13,1,3126.3,26,3,3126.2,222,5,3126.8,2,1,3127.0,283,5,3127.1,10,1,3127.3,200,1,3127.4,487,3
2031,2026-06-16 12:24:03+05:30,3126.7,10,3129.92,2031629,128630.0,205711.0,3163.0,3163.0,3108.0,3134.3,31939200,3447.7,2820.9,3839.9,2896.0,3126.6,2,1,3126.5,34,3,3126.4,13,1,3126.3,26,3,3126.2,222,5,3126.8,2,1,3127.0,283,5,3127.1,10,1,3127.3,200,1,3127.4,487,3
2031,2026-06-16 12:24:04+05:30,3126.7,10,3129.92,2031629,128541.0,205712.0,3163.0,3163.0,3108.0,3134.3,31939200,3447.7,2820.9,3839.9,2896.0,3126.6,9,4,3126.5,17,3,3126.4,64,5,3126.3,13,3,3126.2,34,4,3126.8,2,1,3127.0,283,5,3127.1,10,1,3127.3,200,1,3127.4,487,3
2031,2026-06-16 12:24:05+05:30,3127.0,12,3129.92,2031646,128692.0,206504.0,3163.0,3163.0,3108.0,3134.3,31939200,3447.7,2820.9,3839.9,2896.0,3126.7,8,4,3126.6,61,4,3126.5,1,1,3126.4,48,4,3126.3,31,4,3126.8,34,1,3127.0,271,5,3127.1,10,1,3127.3,200,1,3127.4,487,3
2031,2026-06-16 12:24:05+05:30,3127.0,12,3129.92,2031646,128692.0,206504.0,3163.0,3163.0,3108.0,3134.3,31939200,3447.7,2820.9,3839.9,2896.0,3126.7,8,4,3126.6,61,4,3126.5,1,1,3126.4,48,4,3126.3,31,4,3126.8,34,1,3127.0,271,5,3127.1,10,1,3127.3,200,1,3127.4,487,3
2031,2026-06-16 12:24:05+05:30,3127.0,12,3129.92,2031646,128692.0,206504.0,3163.0,3163.0,3108.0,3134.3,31939200,3447.7,2820.9,3839.9,2896.0,3126.7,8,4,3126.6,61,4,3126.5,1,1,3126.4,48,4,3126.3,31,4,3126.8,34,1,3127.0,271,5,3127.1,10,1,3127.3,200,1,3127.4,487,3
2031,2026-06-16 12:24:06+05:30,3127.0,17,3129.92,2031849,129253.0,206337.0,3163.0,3163.0,3108.0,3134.3,31939200,3447.7,2820.9,3839.9,2896.0,3126.7,57,7,3126.6,59,4,3126.5,9,3,3126.4,35,3,3126.3,13,3,3127.0,152,4,3127.1,67,2,3127.3,200,1,3127.4,487,3,3127.5,400,2
2031,2026-06-16 12:24:06+05:30,3127.0,17,3129.92,2031849,129253.0,206337.0,3163.0,3163.0,3108.0,3134.3,31939200,3447.7,2820.9,3839.9,2896.0,3126.7,57,7,3126.6,59,4,3126.5,9,3,3126.4,35,3,3126.3,13,3,3127.0,152,4,3127.1,67,2,3127.3,200,1,3127.4,487,3,3127.5,400,2
2031,2026-06-16 12:24:07+05:30,3127.0,17,3129.92,2031849,129253.0,206337.0,3163.0,3163.0,3108.0,3134.3,31939200,3447.7,2820.9,3839.9,2896.0,3126.7,57,7,3126.6,59,4,3126.5,9,3,3126.4,35,3,3126.3,13,3,3127.0,152,4,3127.1,67,2,3127.3,200,1,3127.4,487,3,3127.5,400,2
2031,2026-06-16 12:24:07+05:30,3126.7,17,3129.92,2031919,128313.0,205668.0,3163.0,3163.0,3108.0,3134.3,31939200,3447.7,2820.9,3839.9,2896.0,3126.6,68,5,3126.5,1,1,3126.4,20,2,3126.3,24,3,3126.2,18,2,3126.7,131,1,3127.0,154,6,3127.1,10,1,3127.7,60,2,3127.8,220,2
2031,2026-06-16 12:24:07+05:30,3126.7,17,3129.92,2031919,128313.0,205668.0,3163.0,3163.0,3108.0,3134.3,31939200,3447.7,2820.9,3839.9,2896.0,3126.6,68,5,3126.5,1,1,3126.4,20,2,3126.3,24,3,3126.2,18,2,3126.7,131,1,3127.0,154,6,3127.1,10,1,3127.7,60,2,3127.8,220,2
2031,2026-06-16 12:24:08+05:30,3126.7,1,3129.92,2032051,128305.0,206440.0,3163.0,3163.0,3108.0,3134.3,31939200,3447.7,2820.9,3839.9,2896.0,3126.6,55,5,3126.5,1,1,3126.4,20,2,3126.3,24,3,3126.2,18,2,3127.0,154,6,3127.1,10,1,3127.4,200,1,3127.7,46,1,3127.8,220,2
2031,2026-06-16 12:24:08+05:30,3126.7,1,3129.92,2032051,128305.0,206440.0,3163.0,3163.0,3108.0,3134.3,31939200,3447.7,2820.9,3839.9,2896.0,3126.6,55,5,3126.5,1,1,3126.4,20,2,3126.3,24,3,3126.2,18,2,3127.0,154,6,3127.1,10,1,3127.4,200,1,3127.7,46,1,3127.8,220,2
2031,2026-06-16 12:24:08+05:30,3126.7,1,3129.92,2032051,128305.0,206440.0,3163.0,3163.0,3108.0,3134.3,31939200,3447.7,2820.9,3839.9,2896.0,3126.6,55,5,3126.5,1,1,3126.4,20,2,3126.3,24,3,3126.2,18,2,3127.0,154,6,3127.1,10,1,3127.4,200,1,3127.7,46,1,3127.8,220,2
2031,2026-06-16 12:24:09+05:30,3126.4,8,3129.92,2032380,128212.0,206398.0,3163.0,3163.0,3108.0,3134.3,31939200,3447.7,2820.9,3839.9,2896.0,3126.6,2,1,3126.4,35,3,3126.3,5,1,3126.2,207,5,3126.1,29,3,3127.0,208,7,3127.1,10,1,3127.4,200,1,3127.8,234,3,3127.9,333,3
2031,2026-06-16 12:24:09+05:30,3126.4,8,3129.92,2032380,128212.0,206398.0,3163.0,3163.0,3108.0,3134.3,31939200,3447.7,2820.9,3839.9,2896.0,3126.6,2,1,3126.4,35,3,3126.3,5,1,3126.2,207,5,3126.1,29,3,3127.0,208,7,3127.1,10,1,3127.4,200,1,3127.8,234,3,3127.9,333,3
2031,2026-06-16 12:24:09+05:30,3126.4,8,3129.92,2032380,128212.0,206398.0,3163.0,3163.0,3108.0,3134.3,31939200,3447.7,2820.9,3839.9,2896.0,3126.6,2,1,3126.4,35,3,3126.3,5,1,3126.2,207,5,3126.1,29,3,3127.0,208,7,3127.1,10,1,3127.4,200,1,3127.8,234,3,3127.9,333,3
2031,2026-06-16 12:24:10+05:30,3126.4,8,3129.92,2032380,128212.0,206398.0,3163.0,3163.0,3108.0,3134.3,31939200,3447.7,2820.9,3839.9,2896.0,3126.6,2,1,3126.4,35,3,3126.3,5,1,3126.2,207,5,3126.1,29,3,3127.0,208,7,3127.1,10,1,3127.4,200,1,3127.8,234,3,3127.9,333,3
2031,2026-06-16 12:24:10+05:30,3127.0,8,3129.92,2032380,128212.0,206398.0,3163.0,3163.0,3108.0,3134.3,31939200,3447.7,2820.9,3839.9,2896.0,3126.6,2,1,3126.4,35,3,3126.3,5,1,3126.2,207,5,3126.1,29,3,3127.0,208,7,3127.1,10,1,3127.4,200,1,3127.8,234,3,3127.9,333,3
2031,2026-06-16 12:24:10+05:30,3127.0,8,3129.92,2032415,128888.0,206234.0,3163.0,3163.0,3108.0,3134.3,31939200,3447.7,2820.9,3839.9,2896.0,3126.6,31,5,3126.4,51,5,3126.3,14,2,3126.2,218,6,3126.1,75,4,3127.0,148,7,3127.1,10,1,3127.4,200,1,3127.8,220,2,3127.9,333,3
2031,2026-06-16 12:24:10+05:30,3127.0,8,3129.92,2032415,128888.0,206234.0,3163.0,3163.0,3108.0,3134.3,31939200,3447.7,2820.9,3839.9,2896.0,3126.6,31,5,3126.4,51,5,3126.3,14,2,3126.2,218,6,3126.1,75,4,3127.0,148,7,3127.1,10,1,3127.4,200,1,3127.8,220,2,3127.9,333,3
2031,2026-06-16 12:24:11+05:30,3127.0,8,3129.92,2032415,128888.0,206234.0,3163.0,3163.0,3108.0,3134.3,31939200,3447.7,2820.9,3839.9,2896.0,3126.6,31,5,3126.4,51,5,3126.3,14,2,3126.2,218,6,3126.1,75,4,3127.0,148,7,3127.1,10,1,3127.4,200,1,3127.8,220,2,3127.9,333,3
2031,2026-06-16 12:24:11+05:30,3127.0,17,3129.92,2032415,128888.0,206234.0,3163.0,3163.0,3108.0,3134.3,31939200,3447.7,2820.9,3839.9,2896.0,3126.6,31,5,3126.4,51,5,3126.3,14,2,3126.2,218,6,3126.1,75,4,3127.0,148,7,3127.1,10,1,3127.4,200,1,3127.8,220,2,3127.9,333,3
2031,2026-06-16 12:24:11+05:30,3127.0,17,3129.92,2032461,129059.0,206237.0,3163.0,3163.0,3108.0,3134.3,31939200,3447.7,2820.9,3839.9,2896.0,3126.7,13,1,3126.6,39,5,3126.5,4,1,3126.4,51,5,3126.3,14,2,3127.0,151,7,3127.1,10,1,3127.4,200,1,3127.8,220,2,3127.9,333,3
2031,2026-06-16 12:24:12+05:30,3127.0,17,3129.92,2032461,129059.0,206237.0,3163.0,3163.0,3108.0,3134.3,31939200,3447.7,2820.9,3839.9,2896.0,3126.7,13,1,3126.6,39,5,3126.5,4,1,3126.4,51,5,3126.3,14,2,3127.0,151,7,3127.1,10,1,3127.4,200,1,3127.8,220,2,3127.9,333,3
2031,2026-06-16 12:24:12+05:30,3127.0,17,3129.92,2032461,129059.0,206237.0,3163.0,3163.0,3108.0,3134.3,31939200,3447.7,2820.9,3839.9,2896.0,3126.7,13,1,3126.6,39,5,3126.5,4,1,3126.4,51,5,3126.3,14,2,3127.0,151,7,3127.1,10,1,3127.4,200,1,3127.8,220,2,3127.9,333,3
2031,2026-06-16 12:24:12+05:30,3127.0,17,3129.92,2032478,129071.0,206296.0,3163.0,3163.0,3108.0,3134.3,31939200,3447.7,2820.9,3839.9,2896.0,3126.7,13,1,3126.6,39,5,3126.4,68,6,3126.3,14,2,3126.2,200,5,3127.0,115,7,3127.1,10,1,3127.4,200,1,3127.8,200,1,3127.9,333,3
2031,2026-06-16 12:24:13+05:30,3127.0,17,3129.92,2032478,129071.0,206296.0,3163.0,3163.0,3108.0,3134.3,31939200,3447.7,2820.9,3839.9,2896.0,3126.7,13,1,3126.6,39,5,3126.4,68,6,3126.3,14,2,3126.2,200,5,3127.0,115,7,3127.1,10,1,3127.4,200,1,3127.8,200,1,3127.9,333,3
2031,2026-06-16 12:24:13+05:30,3127.0,1,3129.92,2032478,129071.0,206296.0,3163.0,3163.0,3108.0,3134.3,31939200,3447.7,2820.9,3839.9,2896.0,3126.7,13,1,3126.6,39,5,3126.4,68,6,3126.3,14,2,3126.2,200,5,3127.0,115,7,3127.1,10,1,3127.4,200,1,3127.8,200,1,3127.9,333,3
2031,2026-06-16 12:24:13+05:30,3127.0,1,3129.92,2032496,129056.0,206493.0,3163.0,3163.0,3108.0,3134.3,31939200,3447.7,2820.9,3839.9,2896.0,3126.7,22,4,3126.6,36,4,3126.4,68,6,3126.3,14,2,3126.2,200,5,3127.0,97,7,3127.1,10,1,3127.4,200,1,3127.8,200,1,3127.9,333,3
2031,2026-06-16 12:24:13+05:30,3127.0,1,3129.92,2032496,129056.0,206493.0,3163.0,3163.0,3108.0,3134.3,31939200,3447.7,2820.9,3839.9,2896.0,3126.7,22,4,3126.6,36,4,3126.4,68,6,3126.3,14,2,3126.2,200,5,3127.0,97,7,3127.1,10,1,3127.4,200,1,3127.8,200,1,3127.9,333,3
2031,2026-06-16 12:24:14+05:30,3127.0,1,3129.92,2032496,129056.0,206493.0,3163.0,3163.0,3108.0,3134.3,31939200,3447.7,2820.9,3839.9,2896.0,3126.7,22,4,3126.6,36,4,3126.4,68,6,3126.3,14,2,3126.2,200,5,3127.0,97,7,3127.1,10,1,3127.4,200,1,3127.8,200,1,3127.9,333,3
2031,2026-06-16 12:24:14+05:30,3127.1,16,3129.92,2032496,129056.0,206493.0,3163.0,3163.0,3108.0,3134.3,31939200,3447.7,2820.9,3839.9,2896.0,3126.7,22,4,3126.6,36,4,3126.4,68,6,3126.3,14,2,3126.2,200,5,3127.0,97,7,3127.1,10,1,3127.4,200,1,3127.8,200,1,3127.9,333,3
2031,2026-06-16 12:24:14+05:30,3127.1,16,3129.92,2032731,128943.0,206221.0,3163.0,3163.0,3108.0,3134.3,31939200,3447.7,2820.9,3839.9,2896.0,3127.0,1,1,3126.7,9,3,3126.6,18,2,3126.5,8,1,3126.4,68,6,3127.1,14,1,3127.4,91,1,3127.8,200,1,3127.9,333,3,3128.0,651,5
2031,2026-06-16 12:24:15+05:30,3127.1,16,3129.92,2032731,128943.0,206221.0,3163.0,3163.0,3108.0,3134.3,31939200,3447.7,2820.9,3839.9,2896.0,3127.0,1,1,3126.7,9,3,3126.6,18,2,3126.5,8,1,3126.4,68,6,3127.1,14,1,3127.4,91,1,3127.8,200,1,3127.9,333,3,3128.0,651,5
2031,2026-06-16 12:24:15+05:30,3126.8,4,3129.92,2032731,128943.0,206221.0,3163.0,3163.0,3108.0,3134.3,31939200,3447.7,2820.9,3839.9,2896.0,3127.0,1,1,3126.7,9,3,3126.6,18,2,3126.5,8,1,3126.4,68,6,3127.1,14,1,3127.4,91,1,3127.8,200,1,3127.9,333,3,3128.0,651,5
2031,2026-06-16 12:24:15+05:30,3126.8,4,3129.92,2033036,129744.0,204435.0,3163.0,3163.0,3108.0,3134.3,31939200,3447.7,2820.9,3839.9,2896.0,3127.1,9,5,3126.9,185,3,3126.8,83,8,3126.7,66,2,3126.6,79,7,3127.9,200,1,3128.0,517,4,3128.1,753,7,3128.2,245,3,3128.4,28,2
2031,2026-06-16 12:24:16+05:30,3126.8,4,3129.92,2033036,129744.0,204435.0,3163.0,3163.0,3108.0,3134.3,31939200,3447.7,2820.9,3839.9,2896.0,3127.1,9,5,3126.9,185,3,3126.8,83,8,3126.7,66,2,3126.6,79,7,3127.9,200,1,3128.0,517,4,3128.1,753,7,3128.2,245,3,3128.4,28,2
2031,2026-06-16 12:24:16+05:30,3128.0,1,3129.92,2033036,129744.0,204435.0,3163.0,3163.0,3108.0,3134.3,31939200,3447.7,2820.9,3839.9,2896.0,3127.1,9,5,3126.9,185,3,3126.8,83,8,3126.7,66,2,3126.6,79,7,3127.9,200,1,3128.0,517,4,3128.1,753,7,3128.2,245,3,3128.4,28,2
2031,2026-06-16 12:24:16+05:30,3128.0,1,3129.92,2033244,129619.0,204572.0,3163.0,3163.0,3108.0,3134.3,31939200,3447.7,2820.9,3839.9,2896.0,3127.1,17,1,3127.0,21,4,3126.8,82,5,3126.7,35,2,3126.6,38,4,3128.0,229,2,3128.1,627,6,3128.2,460,4,3128.3,253,3,3128.4,71,2
2031,2026-06-16 12:24:17+05:30,3128.0,1,3129.92,2033244,129619.0,204572.0,3163.0,3163.0,3108.0,3134.3,31940800,3447.7,2820.9,3839.9,2896.0,3127.1,17,1,3127.0,21,4,3126.8,82,5,3126.7,35,2,3126.6,38,4,3128.0,229,2,3128.1,627,6,3128.2,460,4,3128.3,253,3,3128.4,71,2
2031,2026-06-16 12:24:17+05:30,3127.9,17,3129.92,2033244,129619.0,204572.0,3163.0,3163.0,3108.0,3134.3,31940800,3447.7,2820.9,3839.9,2896.0,3127.1,17,1,3127.0,21,4,3126.8,82,5,3126.7,35,2,3126.6,38,4,3128.0,229,2,3128.1,627,6,3128.2,460,4,3128.3,253,3,3128.4,71,2
2031,2026-06-16 12:24:17+05:30,3127.9,17,3129.92,2033413,129332.0,204463.0,3163.0,3163.0,3108.0,3134.3,31940800,3447.7,2820.9,3839.9,2896.0,3127.1,67,6,3127.0,24,3,3126.9,59,2,3126.8,35,4,3126.7,221,2,3127.6,1,1,3127.9,98,1,3128.1,340,4,3128.5,14,1,3128.6,67,2
2031,2026-06-16 12:24:18+05:30,3127.1,7,3129.92,2033413,129332.0,204463.0,3163.0,3163.0,3108.0,3134.3,31940800,3447.7,2820.9,3839.9,2896.0,3127.1,67,6,3127.0,24,3,3126.9,59,2,3126.8,35,4,3126.7,221,2,3127.6,1,1,3127.9,98,1,3128.1,340,4,3128.5,14,1,3128.6,67,2
2031,2026-06-16 12:24:18+05:30,3127.1,7,3129.92,2033444,129028.0,204295.0,3163.0,3163.0,3108.0,3134.3,31940800,3447.7,2820.9,3839.9,2896.0,3127.1,67,5,3127.0,26,4,3126.9,55,2,3126.8,20,3,3126.6,270,6,3127.6,88,1,3127.9,14,1,3128.1,300,1,3128.4,26,2,3128.5,74,3
2031,2026-06-16 12:24:19+05:30,3127.3,4,3129.92,2033444,129028.0,204295.0,3163.0,3163.0,3108.0,3134.3,31940800,3447.7,2820.9,3839.9,2896.0,3127.1,67,5,3127.0,26,4,3126.9,55,2,3126.8,20,3,3126.6,270,6,3127.6,88,1,3127.9,14,1,3128.1,300,1,3128.4,26,2,3128.5,74,3
2031,2026-06-16 12:24:19+05:30,3128.8,1,3129.92,2034104,129303.0,203887.0,3163.0,3163.0,3108.0,3134.3,31940800,3447.7,2820.9,3839.9,2896.0,3127.4,17,1,3127.3,53,2,3127.2,38,3,3127.1,92,5,3127.0,298,5,3128.8,19,2,3128.9,107,2,3129.0,400,7,3129.1,152,3,3129.2,264,3
2031,2026-06-16 12:24:20+05:30,3128.4,17,3129.92,2034104,129303.0,203887.0,3163.0,3163.0,3108.0,3134.3,31940800,3447.7,2820.9,3839.9,2896.0,3127.4,17,1,3127.3,53,2,3127.2,38,3,3127.1,92,5,3127.0,298,5,3128.8,19,2,3128.9,107,2,3129.0,400,7,3129.1,152,3,3129.2,264,3
2031,2026-06-16 12:24:20+05:30,3128.4,17,3129.92,2034266,129444.0,204578.0,3163.0,3163.0,3108.0,3134.3,31940800,3447.7,2820.9,3839.9,2896.0,3127.4,18,2,3127.2,6,1,3127.1,77,4,3127.0,5,2,3126.9,66,2,3128.5,56,2,3128.6,24,3,3128.7,212,6,3128.8,133,5,3128.9,312,4
2031,2026-06-16 12:24:21+05:30,3127.4,4,3129.92,2034266,129444.0,204578.0,3163.0,3163.0,3108.0,3134.3,31940800,3447.7,2820.9,3839.9,2896.0,3127.4,18,2,3127.2,6,1,3127.1,77,4,3127.0,5,2,3126.9,66,2,3128.5,56,2,3128.6,24,3,3128.7,212,6,3128.8,133,5,3128.9,312,4
2031,2026-06-16 12:24:21+05:30,3128.5,1,3129.92,2034300,129485.0,204618.0,3163.0,3163.0,3108.0,3134.3,31940800,3447.7,2820.9,3839.9,2896.0,3127.4,90,3,3127.3,49,1,3127.2,68,2,3127.1,117,5,3127.0,226,4,3128.5,16,1,3128.6,20,2,3128.7,67,2,3128.8,100,4,3128.9,307,3
2031,2026-06-16 12:24:22+05:30,3127.4,1,3129.92,2034300,129485.0,204618.0,3163.0,3163.0,3108.0,3134.3,31940800,3447.7,2820.9,3839.9,2896.0,3127.4,90,3,3127.3,49,1,3127.2,68,2,3127.1,117,5,3127.0,226,4,3128.5,16,1,3128.6,20,2,3128.7,67,2,3128.8,100,4,3128.9,307,3
2031,2026-06-16 12:24:23+05:30,3127.4,7,3129.92,2034312,129854.0,204724.0,3163.0,3163.0,3108.0,3134.3,31940800,3447.7,2820.9,3839.9,2896.0,3127.4,95,4,3127.3,49,1,3127.2,68,2,3127.1,60,3,3127.0,5,2,3128.5,58,4,3128.6,12,2,3128.7,86,3,3128.8,146,5,3128.9,307,3
2031,2026-06-16 12:24:23+05:30,3127.4,7,3129.92,2034312,129854.0,204724.0,3163.0,3163.0,3108.0,3134.3,31940800,3447.7,2820.9,3839.9,2896.0,3127.4,95,4,3127.3,49,1,3127.2,68,2,3127.1,60,3,3127.0,5,2,3128.5,58,4,3128.6,12,2,3128.7,86,3,3128.8,146,5,3128.9,307,3
2031,2026-06-16 12:24:24+05:30,3127.4,7,3129.92,2034312,129910.0,204784.0,3163.0,3163.0,3108.0,3134.3,31940800,3447.7,2820.9,3839.9,2896.0,3127.4,95,4,3127.3,68,2,3127.2,114,3,3127.1,60,3,3127.0,5,2,3128.4,13,1,3128.5,85,6,3128.6,12,2,3128.7,86,3,3128.8,146,5
2031,2026-06-16 12:24:24+05:30,3127.4,1,3129.92,2034312,129910.0,204784.0,3163.0,3163.0,3108.0,3134.3,31940800,3447.7,2820.9,3839.9,2896.0,3127.4,95,4,3127.3,68,2,3127.2,114,3,3127.1,60,3,3127.0,5,2,3128.4,13,1,3128.5,85,6,3128.6,12,2,3128.7,86,3,3128.8,146,5
2031,2026-06-16 12:24:25+05:30,3127.4,1,3129.92,2034315,128963.0,203066.0,3163.0,3163.0,3108.0,3134.3,31940800,3447.7,2820.9,3839.9,2896.0,3127.6,15,1,3127.4,76,2,3127.3,49,1,3127.2,6,1,3127.1,103,4,3128.3,17,1,3128.4,72,2,3128.5,68,5,3128.7,84,2,3128.8,123,6
2031,2026-06-16 12:24:26+05:30,3127.4,1,3129.92,2034315,129080.0,204807.0,3163.0,3163.0,3108.0,3134.3,31940800,3447.7,2820.9,3839.9,2896.0,3127.8,16,1,3127.6,78,1,3127.4,76,2,3127.3,49,1,3127.2,73,3,3128.3,29,2,3128.4,30,1,3128.5,59,3,3128.7,84,2,3128.8,102,5
2031,2026-06-16 12:24:26+05:30,3128.3,1,3129.92,2034315,129080.0,204807.0,3163.0,3163.0,3108.0,3134.3,31940800,3447.7,2820.9,3839.9,2896.0,3127.8,16,1,3127.6,78,1,3127.4,76,2,3127.3,49,1,3127.2,73,3,3128.3,29,2,3128.4,30,1,3128.5,59,3,3128.7,84,2,3128.8,102,5
2031,2026-06-16 12:24:27+05:30,3128.3,1,3129.92,2034317,129636.0,204950.0,3163.0,3163.0,3108.0,3134.3,31940800,3447.7,2820.9,3839.9,2896.0,3127.9,17,1,3127.6,78,1,3127.4,93,3,3127.3,49,1,3127.2,52,2,3128.3,27,2,3128.5,59,3,3128.7,54,1,3128.8,102,5,3128.9,210,5
2031,2026-06-16 12:24:27+05:30,3128.3,1,3129.92,2034317,129636.0,204950.0,3163.0,3163.0,3108.0,3134.3,31940800,3447.7,2820.9,3839.9,2896.0,3127.9,17,1,3127.6,78,1,3127.4,93,3,3127.3,49,1,3127.2,52,2,3128.3,27,2,3128.5,59,3,3128.7,54,1,3128.8,102,5,3128.9,210,5
2031,2026-06-16 12:24:28+05:30,3128.3,1,3129.92,2034317,129589.0,204921.0,3163.0,3163.0,3108.0,3134.3,31940800,3447.7,2820.9,3839.9,2896.0,3127.9,17,1,3127.6,78,1,3127.5,11,1,3127.4,102,4,3127.3,49,1,3128.3,27,2,3128.5,30,2,3128.7,54,1,3128.8,102,5,3128.9,139,4
2031,2026-06-16 12:24:29+05:30,3128.3,12,3129.92,2034394,130408.0,204742.0,3163.0,3163.0,3108.0,3134.3,31940800,3447.7,2820.9,3839.9,2896.0,3128.3,17,1,3127.9,78,1,3127.6,95,2,3127.5,14,1,3127.4,152,5,3128.5,30,2,3128.7,29,1,3128.8,37,3,3128.9,57,1,3129.0,294,5
2031,2026-06-16 12:24:29+05:30,3128.3,12,3129.92,2034394,130408.0,204742.0,3163.0,3163.0,3108.0,3134.3,31940800,3447.7,2820.9,3839.9,2896.0,3128.3,17,1,3127.9,78,1,3127.6,95,2,3127.5,14,1,3127.4,152,5,3128.5,30,2,3128.7,29,1,3128.8,37,3,3128.9,57,1,3129.0,294,5
2031,2026-06-16 12:24:30+05:30,3128.3,17,3129.92,2034473,125316.0,199439.0,3163.0,3163.0,3108.0,3134.3,31940800,3447.7,2820.9,3839.9,2896.0,3128.4,2,2,3128.3,44,5,3127.9,95,2,3127.6,7,2,3127.5,14,1,3128.5,44,4,3128.8,37,3,3128.9,25,1,3129.0,225,3,3129.1,102,2
2031,2026-06-16 12:24:30+05:30,3128.3,17,3129.92,2034473,125316.0,199439.0,3163.0,3163.0,3108.0,3134.3,31940800,3447.7,2820.9,3839.9,2896.0,3128.4,2,2,3128.3,44,5,3127.9,95,2,3127.6,7,2,3127.5,14,1,3128.5,44,4,3128.8,37,3,3128.9,25,1,3129.0,225,3,3129.1,102,2
2031,2026-06-16 12:24:31+05:30,3127.9,22,3129.92,2034706,123948.0,199223.0,3163.0,3163.0,3108.0,3134.3,31940800,3447.7,2820.9,3839.9,2896.0,3127.9,56,2,3127.4,4,2,3127.3,21,1,3127.2,21,2,3127.1,150,6,3128.3,6,1,3128.5,44,4,3128.8,102,5,3128.9,68,1,3129.0,248,4
2031,2026-06-16 12:24:31+05:30,3127.9,22,3129.92,2034706,123948.0,199223.0,3163.0,3163.0,3108.0,3134.3,31940800,3447.7,2820.9,3839.9,2896.0,3127.9,56,2,3127.4,4,2,3127.3,21,1,3127.2,21,2,3127.1,150,6,3128.3,6,1,3128.5,44,4,3128.8,102,5,3128.9,68,1,3129.0,248,4
2031,2026-06-16 12:24:32+05:30,3127.9,17,3129.92,2034723,124430.0,199500.0,3163.0,3163.0,3108.0,3134.3,31940800,3447.7,2820.9,3839.9,2896.0,3127.9,24,2,3127.6,15,1,3127.4,4,2,3127.2,21,2,3127.1,104,5,3128.3,6,1,3128.5,44,4,3128.7,19,1,3128.8,112,5,3128.9,68,1
2031,2026-06-16 12:24:32+05:30,3128.3,1,3129.92,2034723,124430.0,199500.0,3163.0,3163.0,3108.0,3134.3,31940800,3447.7,2820.9,3839.9,2896.0,3127.9,24,2,3127.6,15,1,3127.4,4,2,3127.2,21,2,3127.1,104,5,3128.3,6,1,3128.5,44,4,3128.7,19,1,3128.8,112,5,3128.9,68,1
2031,2026-06-16 12:24:33+05:30,3127.9,17,3129.92,2034820,128692.0,204790.0,3163.0,3163.0,3108.0,3134.3,31940800,3447.7,2820.9,3839.9,2896.0,3127.9,17,1,3127.4,1,1,3127.2,6,1,3127.1,1,1,3127.0,4,1,3128.0,5,1,3128.1,17,1,3128.2,24,2,3128.3,55,4,3128.5,68,4
2031,2026-06-16 12:24:33+05:30,3127.9,17,3129.92,2034820,128692.0,204790.0,3163.0,3163.0,3108.0,3134.3,31940800,3447.7,2820.9,3839.9,2896.0,3127.9,17,1,3127.4,1,1,3127.2,6,1,3127.1,1,1,3127.0,4,1,3128.0,5,1,3128.1,17,1,3128.2,24,2,3128.3,55,4,3128.5,68,4
2031,2026-06-16 12:24:34+05:30,3127.9,1,3129.92,2034994,128124.0,205243.0,3163.0,3163.0,3108.0,3134.3,31940800,3447.7,2820.9,3839.9,2896.0,3127.4,1,1,3127.2,6,1,3127.1,1,1,3127.0,4,1,3126.8,1,1,3127.9,15,1,3128.0,61,3,3128.1,30,2,3128.2,94,3,3128.3,44,4
2031,2026-06-16 12:24:34+05:30,3127.9,1,3129.92,2034994,128124.0,205243.0,3163.0,3163.0,3108.0,3134.3,31940800,3447.7,2820.9,3839.9,2896.0,3127.4,1,1,3127.2,6,1,3127.1,1,1,3127.0,4,1,3126.8,1,1,3127.9,15,1,3128.0,61,3,3128.1,30,2,3128.2,94,3,3128.3,44,4
2031,2026-06-16 12:24:35+05:30,3127.4,1,3129.92,2035075,128479.0,205983.0,3163.0,3163.0,3108.0,3134.3,31940800,3447.7,2820.9,3839.9,2896.0,3127.4,49,1,3127.0,4,1,3126.8,1,1,3126.5,20,1,3126.4,13,2,3127.7,17,1,3127.8,59,2,3127.9,38,4,3128.0,46,1,3128.1,28,1
2031,2026-06-16 12:24:35+05:30,3127.4,17,3129.92,2035075,128479.0,205983.0,3163.0,3163.0,3108.0,3134.3,31940800,3447.7,2820.9,3839.9,2896.0,3127.4,49,1,3127.0,4,1,3126.8,1,1,3126.5,20,1,3126.4,13,2,3127.7,17,1,3127.8,59,2,3127.9,38,4,3128.0,46,1,3128.1,28,1
2031,2026-06-16 12:24:36+05:30,3127.0,5,3129.92,2035129,128709.0,205957.0,3163.0,3163.0,3108.0,3134.3,31940800,3447.7,2820.9,3839.9,2896.0,3127.0,19,2,3126.8,1,1,3126.5,20,1,3126.4,13,2,3126.3,129,5,3127.7,39,2,3127.9,38,4,3128.1,65,1,3128.2,66,2,3128.3,97,3
2031,2026-06-16 12:24:36+05:30,3127.0,5,3129.92,2035129,128709.0,205957.0,3163.0,3163.0,3108.0,3134.3,31940800,3447.7,2820.9,3839.9,2896.0,3127.0,19,2,3126.8,1,1,3126.5,20,1,3126.4,13,2,3126.3,129,5,3127.7,39,2,3127.9,38,4,3128.1,65,1,3128.2,66,2,3128.3,97,3
2031,2026-06-16 12:24:37+05:30,3127.4,17,3129.92,2035148,128776.0,205754.0,3163.0,3163.0,3108.0,3134.3,31940800,3447.7,2820.9,3839.9,2896.0,3127.4,6,1,3127.0,19,2,3126.8,1,1,3126.6,14,1,3126.5,108,4,3127.7,39,2,3127.9,22,2,3128.2,66,2,3128.3,97,3,3128.4,143,4
2031,2026-06-16 12:24:37+05:30,3127.4,17,3129.92,2035148,128776.0,205754.0,3163.0,3163.0,3108.0,3134.3,31940800,3447.7,2820.9,3839.9,2896.0,3127.4,6,1,3127.0,19,2,3126.8,1,1,3126.6,14,1,3126.5,108,4,3127.7,39,2,3127.9,22,2,3128.2,66,2,3128.3,97,3,3128.4,143,4
2031,2026-06-16 12:24:38+05:30,3127.0,1,3129.92,2035198,128452.0,206229.0,3163.0,3163.0,3108.0,3134.3,31940800,3447.7,2820.9,3839.9,2896.0,3127.0,18,2,3126.8,1,1,3126.4,84,6,3126.3,72,3,3126.2,86,4,3127.4,1,1,3127.7,43,3,3127.9,45,2,3128.2,139,3,3128.3,124,4
2031,2026-06-16 12:24:38+05:30,3127.0,1,3129.92,2035198,128452.0,206229.0,3163.0,3163.0,3108.0,3134.3,31940800,3447.7,2820.9,3839.9,2896.0,3127.0,18,2,3126.8,1,1,3126.4,84,6,3126.3,72,3,3126.2,86,4,3127.4,1,1,3127.7,43,3,3127.9,45,2,3128.2,139,3,3128.3,124,4
2031,2026-06-16 12:24:39+05:30,3127.4,1,3129.92,2035229,128531.0,206056.0,3163.0,3163.0,3108.0,3134.3,31940800,3447.7,2820.9,3839.9,2896.0,3127.0,7,2,3126.9,7,1,3126.8,8,2,3126.6,15,1,3126.5,36,2,3127.7,43,3,3127.9,45,2,3128.2,139,3,3128.3,78,3,3128.4,86,3
2031,2026-06-16 12:24:39+05:30,3127.4,1,3129.92,2035229,128531.0,206056.0,3163.0,3163.0,3108.0,3134.3,31940800,3447.7,2820.9,3839.9,2896.0,3127.0,7,2,3126.9,7,1,3126.8,8,2,3126.6,15,1,3126.5,36,2,3127.7,43,3,3127.9,45,2,3128.2,139,3,3128.3,78,3,3128.4,86,3
2031,2026-06-16 12:24:40+05:30,3127.0,2,3129.92,2035254,128527.0,204362.0,3163.0,3163.0,3108.0,3134.3,31940800,3447.7,2820.9,3839.9,2896.0,3127.0,13,1,3126.8,1,1,3126.4,13,2,3126.3,94,5,3126.2,40,3,3127.5,1,1,3127.7,43,3,3127.9,45,2,3128.2,165,4,3128.3,96,3
2031,2026-06-16 12:24:40+05:30,3127.0,2,3129.92,2035254,128527.0,204362.0,3163.0,3163.0,3108.0,3134.3,31940800,3447.7,2820.9,3839.9,2896.0,3127.0,13,1,3126.8,1,1,3126.4,13,2,3126.3,94,5,3126.2,40,3,3127.5,1,1,3127.7,43,3,3127.9,45,2,3128.2,165,4,3128.3,96,3
2031,2026-06-16 12:24:41+05:30,3126.5,2,3129.92,2035329,128496.0,205552.0,3163.0,3163.0,3108.0,3134.3,31940800,3447.7,2820.9,3839.9,2896.0,3126.6,45,4,3126.5,24,3,3126.4,50,5,3126.3,133,6,3126.2,40,3,3127.5,1,1,3127.7,27,2,3128.2,139,3,3128.3,76,2,3128.4,90,4
2031,2026-06-16 12:24:41+05:30,3126.5,2,3129.92,2035329,128496.0,205552.0,3163.0,3163.0,3108.0,3134.3,31940800,3447.7,2820.9,3839.9,2896.0,3126.6,45,4,3126.5,24,3,3126.4,50,5,3126.3,133,6,3126.2,40,3,3127.5,1,1,3127.7,27,2,3128.2,139,3,3128.3,76,2,3128.4,90,4
2031,2026-06-16 12:24:42+05:30,3127.0,15,3129.92,2035346,128482.0,204301.0,3163.0,3163.0,3108.0,3134.3,31940800,3447.7,2820.9,3839.9,2896.0,3127.0,14,1,3126.6,50,5,3126.5,64,4,3126.4,44,5,3126.3,211,7,3127.5,28,2,3128.1,58,1,3128.2,88,3,3128.3,76,2,3128.4,84,4
2031,2026-06-16 12:24:42+05:30,3127.0,13,3129.92,2035346,128482.0,204301.0,3163.0,3163.0,3108.0,3134.3,31940800,3447.7,2820.9,3839.9,2896.0,3127.0,14,1,3126.6,50,5,3126.5,64,4,3126.4,44,5,3126.3,211,7,3127.5,28,2,3128.1,58,1,3128.2,88,3,3128.3,76,2,3128.4,84,4
2031,2026-06-16 12:24:43+05:30,3127.5,1,3129.92,2035403,128542.0,206151.0,3163.0,3163.0,3108.0,3134.3,31940800,3447.7,2820.9,3839.9,2896.0,3127.0,14,1,3126.7,51,3,3126.6,12,1,3126.5,67,3,3126.4,97,5,3127.5,14,3,3128.1,67,1,3128.2,127,4,3128.3,88,2,3128.4,67,3
2031,2026-06-16 12:24:43+05:30,3127.5,1,3129.92,2035403,128542.0,206151.0,3163.0,3163.0,3108.0,3134.3,31940800,3447.7,2820.9,3839.9,2896.0,3127.0,14,1,3126.7,51,3,3126.6,12,1,3126.5,67,3,3126.4,97,5,3127.5,14,3,3128.1,67,1,3128.2,127,4,3128.3,88,2,3128.4,67,3
2031,2026-06-16 12:24:44+05:30,3127.0,4,3129.92,2035437,128476.0,204354.0,3163.0,3163.0,3108.0,3134.3,31940800,3447.7,2820.9,3839.9,2896.0,3127.0,11,2,3126.7,36,2,3126.6,12,1,3126.5,67,3,3126.4,34,4,3127.5,15,4,3128.1,67,1,3128.2,127,4,3128.3,105,3,3128.4,67,3
2031,2026-06-16 12:24:44+05:30,3127.0,4,3129.92,2035437,128476.0,204354.0,3163.0,3163.0,3108.0,3134.3,31940800,3447.7,2820.9,3839.9,2896.0,3127.0,11,2,3126.7,36,2,3126.6,12,1,3126.5,67,3,3126.4,34,4,3127.5,15,4,3128.1,67,1,3128.2,127,4,3128.3,105,3,3128.4,67,3
2031,2026-06-16 12:24:45+05:30,3127.0,9,3129.92,2035477,128485.0,206273.0,3163.0,3163.0,3108.0,3134.3,31940800,3447.7,2820.9,3839.9,2896.0,3127.3,2,2,3127.0,16,3,3126.6,15,1,3126.5,75,5,3126.4,24,4,3127.5,15,4,3128.1,67,1,3128.2,105,3,3128.3,88,2,3128.4,67,3
2031,2026-06-16 12:24:45+05:30,3127.0,9,3129.92,2035477,128485.0,206273.0,3163.0,3163.0,3108.0,3134.3,31940800,3447.7,2820.9,3839.9,2896.0,3127.3,2,2,3127.0,16,3,3126.6,15,1,3126.5,75,5,3126.4,24,4,3127.5,15,4,3128.1,67,1,3128.2,105,3,3128.3,88,2,3128.4,67,3
2031,2026-06-16 12:24:46+05:30,3127.0,10,3129.92,2035495,128500.0,205888.0,3163.0,3163.0,3108.0,3134.3,31940800,3447.7,2820.9,3839.9,2896.0,3127.0,6,3,3126.6,36,2,3126.5,54,4,3126.4,24,4,3126.3,94,5,3127.5,23,5,3128.1,67,1,3128.2,105,3,3128.3,88,2,3128.4,67,3
2031,2026-06-16 12:24:46+05:30,3127.0,1,3129.92,2035495,128500.0,205888.0,3163.0,3163.0,3108.0,3134.3,31940800,3447.7,2820.9,3839.9,2896.0,3127.0,6,3,3126.6,36,2,3126.5,54,4,3126.4,24,4,3126.3,94,5,3127.5,23,5,3128.1,67,1,3128.2,105,3,3128.3,88,2,3128.4,67,3
2031,2026-06-16 12:24:47+05:30,3126.4,12,3129.92,2035531,128031.0,206636.0,3163.0,3163.0,3108.0,3134.3,31940800,3447.7,2820.9,3839.9,2896.0,3127.0,17,1,3126.4,1,1,3126.3,41,3,3126.2,50,4,3126.1,162,5,3127.5,23,5,3127.9,135,3,3128.1,20,1,3128.2,166,6,3128.3,88,2
2031,2026-06-16 12:24:47+05:30,3127.0,48,3129.92,2035531,128031.0,206636.0,3163.0,3163.0,3108.0,3134.3,31940800,3447.7,2820.9,3839.9,2896.0,3127.0,17,1,3126.4,1,1,3126.3,41,3,3126.2,50,4,3126.1,162,5,3127.5,23,5,3127.9,135,3,3128.1,20,1,3128.2,166,6,3128.3,88,2
2031,2026-06-16 12:24:48+05:30,3127.3,1,3129.92,2035646,128280.0,206282.0,3163.0,3163.0,3108.0,3134.3,31940800,3447.7,2820.9,3839.9,2896.0,3127.0,17,1,3126.4,1,1,3126.3,26,2,3126.2,118,4,3126.1,78,4,3127.3,1,1,3127.5,47,6,3127.8,26,1,3127.9,46,1,3128.1,104,3
2031,2026-06-16 12:24:48+05:30,3127.3,1,3129.92,2035646,128280.0,206282.0,3163.0,3163.0,3108.0,3134.3,31940800,3447.7,2820.9,3839.9,2896.0,3127.0,17,1,3126.4,1,1,3126.3,26,2,3126.2,118,4,3126.1,78,4,3127.3,1,1,3127.5,47,6,3127.8,26,1,3127.9,46,1,3128.1,104,3
2031,2026-06-16 12:24:49+05:30,3127.3,1,3129.92,2035646,128217.0,206601.0,3163.0,3163.0,3108.0,3134.3,31940800,3447.7,2820.9,3839.9,2896.0,3127.0,17,1,3126.4,1,1,3126.3,26,2,3126.2,19,2,3126.1,177,6,3127.3,50,3,3127.5,35,4,3127.8,26,1,3127.9,46,1,3128.1,128,4
2031,2026-06-16 12:24:50+05:30,3127.3,1,3129.92,2035646,128221.0,206538.0,3163.0,3163.0,3108.0,3134.3,31940800,3447.7,2820.9,3839.9,2896.0,3127.0,17,1,3126.4,1,1,3126.3,26,2,3126.2,286,4,3126.1,63,3,3127.3,81,6,3127.5,21,2,3127.8,26,1,3127.9,46,1,3128.0,24,1
2031,2026-06-16 12:24:51+05:30,3127.3,1,3129.92,2035646,127598.0,206885.0,3163.0,3163.0,3108.0,3134.3,31940800,3447.7,2820.9,3839.9,2896.0,3127.0,18,2,3126.4,1,1,3126.3,26,2,3126.1,49,3,3126.0,118,4,3127.3,91,7,3127.5,21,2,3127.8,26,1,3127.9,70,2,3128.1,88,2
2031,2026-06-16 12:24:51+05:30,3127.3,10,3129.92,2035646,127598.0,206885.0,3163.0,3163.0,3108.0,3134.3,31940800,3447.7,2820.9,3839.9,2896.0,3127.0,18,2,3126.4,1,1,3126.3,26,2,3126.1,49,3,3126.0,118,4,3127.3,91,7,3127.5,21,2,3127.8,26,1,3127.9,70,2,3128.1,88,2
2031,2026-06-16 12:24:52+05:30,3127.3,1,3129.92,2035658,127675.0,206872.0,3163.0,3163.0,3108.0,3134.3,31940800,3447.7,2820.9,3839.9,2896.0,3127.0,18,2,3126.4,1,1,3126.3,26,2,3126.2,248,2,3126.1,35,2,3127.3,79,6,3127.5,21,2,3127.8,26,1,3127.9,70,2,3128.1,104,3
2031,2026-06-16 12:24:52+05:30,3127.3,1,3129.92,2035658,127675.0,206872.0,3163.0,3163.0,3108.0,3134.3,31940800,3447.7,2820.9,3839.9,2896.0,3127.0,18,2,3126.4,1,1,3126.3,26,2,3126.2,248,2,3126.1,35,2,3127.3,79,6,3127.5,21,2,3127.8,26,1,3127.9,70,2,3128.1,104,3
2031,2026-06-16 12:24:53+05:30,3126.2,94,3129.92,2035893,125367.0,207468.0,3163.0,3163.0,3108.0,3134.3,31940800,3447.7,2820.9,3839.9,2896.0,3126.6,1,1,3126.4,4,1,3126.1,12,1,3125.9,36,3,3125.8,50,3,3127.3,79,6,3127.4,24,1,3127.5,21,2,3127.7,24,1,3127.8,72,3
2031,2026-06-16 12:24:53+05:30,3126.2,94,3129.92,2035893,125367.0,207468.0,3163.0,3163.0,3108.0,3134.3,31940800,3447.7,2820.9,3839.9,2896.0,3126.6,1,1,3126.4,4,1,3126.1,12,1,3125.9,36,3,3125.8,50,3,3127.3,79,6,3127.4,24,1,3127.5,21,2,3127.7,24,1,3127.8,72,3
2031,2026-06-16 12:24:54+05:30,3126.4,14,3129.92,2035912,126084.0,205305.0,3163.0,3163.0,3108.0,3134.3,31940800,3447.7,2820.9,3839.9,2896.0,3126.4,21,2,3126.2,1,1,3125.9,60,4,3125.8,36,3,3125.7,180,2,3127.2,24,1,3127.3,129,7,3127.5,21,2,3127.6,81,2,3127.7,24,1
2031,2026-06-16 12:24:54+05:30,3126.4,14,3129.92,2035912,126084.0,205305.0,3163.0,3163.0,3108.0,3134.3,31940800,3447.7,2820.9,3839.9,2896.0,3126.4,21,2,3126.2,1,1,3125.9,60,4,3125.8,36,3,3125.7,180,2,3127.2,24,1,3127.3,129,7,3127.5,21,2,3127.6,81,2,3127.7,24,1
2031,2026-06-16 12:24:55+05:30,3126.4,13,3129.92,2035929,126088.0,207500.0,3163.0,3163.0,3108.0,3134.3,31940800,3447.7,2820.9,3839.9,2896.0,3126.4,8,2,3126.2,1,1,3126.1,4,1,3126.0,1,1,3125.9,159,6,3127.3,129,7,3127.5,21,2,3127.6,81,2,3127.8,45,2,3127.9,103,2
2031,2026-06-16 12:24:55+05:30,3126.4,13,3129.92,2035929,126088.0,207500.0,3163.0,3163.0,3108.0,3134.3,31940800,3447.7,2820.9,3839.9,2896.0,3126.4,8,2,3126.2,1,1,3126.1,4,1,3126.0,1,1,3125.9,159,6,3127.3,129,7,3127.5,21,2,3127.6,81,2,3127.8,45,2,3127.9,103,2
2031,2026-06-16 12:24:56+05:30,3126.4,9,3129.92,2035946,126132.0,206896.0,3163.0,3163.0,3108.0,3134.3,31940800,3447.7,2820.9,3839.9,2896.0,3126.4,12,2,3126.2,9,2,3126.1,30,2,3126.0,1,1,3125.9,123,4,3127.3,129,7,3127.5,45,3,3127.6,81,2,3127.8,97,3,3127.9,103,2
2031,2026-06-16 12:24:56+05:30,3126.4,5,3129.92,2035946,126132.0,206896.0,3163.0,3163.0,3108.0,3134.3,31940800,3447.7,2820.9,3839.9,2896.0,3126.4,12,2,3126.2,9,2,3126.1,30,2,3126.0,1,1,3125.9,123,4,3127.3,129,7,3127.5,45,3,3127.6,81,2,3127.8,97,3,3127.9,103,2
2031,2026-06-16 12:24:57+05:30,3127.3,1,3129.92,2035981,126098.0,207361.0,3163.0,3163.0,3108.0,3134.3,31940800,3447.7,2820.9,3839.9,2896.0,3126.4,15,1,3126.2,5,2,3126.1,15,1,3125.9,45,3,3125.8,99,3,3127.3,166,8,3127.5,45,3,3127.6,81,2,3127.8,97,3,3127.9,108,3
2031,2026-06-16 12:24:57+05:30,3127.3,1,3129.92,2035981,126098.0,207361.0,3163.0,3163.0,3108.0,3134.3,31940800,3447.7,2820.9,3839.9,2896.0,3126.4,15,1,3126.2,5,2,3126.1,15,1,3125.9,45,3,3125.8,99,3,3127.3,166,8,3127.5,45,3,3127.6,81,2,3127.8,97,3,3127.9,108,3
2031,2026-06-16 12:24:58+05:30,3127.3,1,3129.92,2035981,126098.0,207361.0,3163.0,3163.0,3108.0,3134.3,31940800,3447.7,2820.9,3839.9,2896.0,3126.4,15,1,3126.2,5,2,3126.1,15,1,3125.9,45,3,3125.8,99,3,3127.3,166,8,3127.5,45,3,3127.6,81,2,3127.8,97,3,3127.9,108,3
2031,2026-06-16 12:24:58+05:30,3126.4,17,3129.92,2036008,125820.0,206956.0,3163.0,3163.0,3108.0,3134.3,31940800,3447.7,2820.9,3839.9,2896.0,3126.4,17,1,3126.2,16,2,3126.1,11,1,3126.0,33,2,3125.9,82,2,3126.9,1,1,3127.3,77,6,3127.5,45,3,3127.6,81,2,3127.8,97,3
2031,2026-06-16 12:24:58+05:30,3126.4,17,3129.92,2036008,125820.0,206956.0,3163.0,3163.0,3108.0,3134.3,31940800,3447.7,2820.9,3839.9,2896.0,3126.4,17,1,3126.2,16,2,3126.1,11,1,3126.0,33,2,3125.9,82,2,3126.9,1,1,3127.3,77,6,3127.5,45,3,3127.6,81,2,3127.8,97,3
2031,2026-06-16 12:24:59+05:30,3126.4,17,3129.92,2036091,125968.0,206934.0,3163.0,3163.0,3108.0,3134.3,31940800,3447.7,2820.9,3839.9,2896.0,3126.4,7,1,3126.2,5,2,3126.1,48,3,3126.0,12,1,3125.9,134,4,3127.3,137,7,3127.5,21,2,3127.6,46,1,3127.8,20,1,3127.9,103,2
2031,2026-06-16 12:24:59+05:30,3126.9,1,3129.92,2036091,125968.0,206934.0,3163.0,3163.0,3108.0,3134.3,31940800,3447.7,2820.9,3839.9,2896.0,3126.4,7,1,3126.2,5,2,3126.1,48,3,3126.0,12,1,3125.9,134,4,3127.3,137,7,3127.5,21,2,3127.6,46,1,3127.8,20,1,3127.9,103,2
2031,2026-06-16 12:24:59+05:30,3126.9,1,3129.92,2036091,125968.0,206934.0,3163.0,3163.0,3108.0,3134.3,31940800,3447.7,2820.9,3839.9,2896.0,3126.4,7,1,3126.2,5,2,3126.1,48,3,3126.0,12,1,3125.9,134,4,3127.3,137,7,3127.5,21,2,3127.6,46,1,3127.8,20,1,3127.9,103,2
2031,2026-06-16 12:25:00+05:30,3126.4,17,3129.92,2036122,125892.0,207213.0,3163.0,3163.0,3108.0,3134.3,31940800,3447.7,2820.9,3839.9,2896.0,3126.4,5,2,3126.2,4,1,3126.1,17,2,3126.0,21,1,3125.9,154,1,3126.9,33,2,3127.3,66,7,3127.5,21,2,3127.6,66,2,3127.8,34,2
2031,2026-06-16 12:25:00+05:30,3126.4,17,3129.92,2036122,125892.0,207213.0,3163.0,3163.0,3108.0,3134.3,31940800,3447.7,2820.9,3839.9,2896.0,3126.4,5,2,3126.2,4,1,3126.1,17,2,3126.0,21,1,3125.9,154,1,3126.9,33,2,3127.3,66,7,3127.5,21,2,3127.6,66,2,3127.8,34,2
2031,2026-06-16 12:25:01+05:30,3126.4,8,3129.92,2036139,126004.0,206666.0,3163.0,3163.0,3108.0,3134.3,31940800,3447.7,2820.9,3839.9,2896.0,3126.4,39,4,3126.3,15,1,3126.2,4,1,3126.1,23,2,3126.0,120,4,3126.9,33,2,3127.3,66,7,3127.5,21,2,3127.6,46,1,3127.8,34,2
2031,2026-06-16 12:25:01+05:30,3126.4,17,3129.92,2036139,126004.0,206666.0,3163.0,3163.0,3108.0,3134.3,31940800,3447.7,2820.9,3839.9,2896.0,3126.4,39,4,3126.3,15,1,3126.2,4,1,3126.1,23,2,3126.0,120,4,3126.9,33,2,3127.3,66,7,3127.5,21,2,3127.6,46,1,3127.8,34,2
2031,2026-06-16 12:25:02+05:30,3126.4,17,3129.92,2036139,126004.0,206666.0,3163.0,3163.0,3108.0,3134.3,31940800,3447.7,2820.9,3839.9,2896.0,3126.4,39,4,3126.3,15,1,3126.2,4,1,3126.1,23,2,3126.0,120,4,3126.9,33,2,3127.3,66,7,3127.5,21,2,3127.6,46,1,3127.8,34,2
2031,2026-06-16 12:25:02+05:30,3126.4,1,3129.92,2036173,126002.0,206816.0,3163.0,3163.0,3108.0,3134.3,31940800,3447.7,2820.9,3839.9,2896.0,3126.4,22,3,3126.2,4,1,3126.1,2,1,3126.0,15,1,3125.8,97,5,3126.9,47,4,3127.3,28,3,3127.5,21,2,3127.6,46,1,3127.8,114,4
2031,2026-06-16 12:25:02+05:30,3126.4,1,3129.92,2036173,126002.0,206816.0,3163.0,3163.0,3108.0,3134.3,31940800,3447.7,2820.9,3839.9,2896.0,3126.4,22,3,3126.2,4,1,3126.1,2,1,3126.0,15,1,3125.8,97,5,3126.9,47,4,3127.3,28,3,3127.5,21,2,3127.6,46,1,3127.8,114,4
2031,2026-06-16 12:25:03+05:30,3126.4,17,3129.92,2036190,125803.0,207349.0,3163.0,3163.0,3108.0,3134.3,31940800,3447.7,2820.9,3839.9,2896.0,3126.4,22,3,3126.2,4,1,3126.1,2,1,3125.8,28,2,3125.7,34,2,3126.9,59,5,3127.0,49,1,3127.2,15,1,3127.3,49,3,3127.5,112,5
2031,2026-06-16 12:25:03+05:30,3126.4,17,3129.92,2036190,125803.0,207349.0,3163.0,3163.0,3108.0,3134.3,31940800,3447.7,2820.9,3839.9,2896.0,3126.4,22,3,3126.2,4,1,3126.1,2,1,3125.8,28,2,3125.7,34,2,3126.9,59,5,3127.0,49,1,3127.2,15,1,3127.3,49,3,3127.5,112,5
2031,2026-06-16 12:25:04+05:30,3126.4,17,3129.92,2036190,125803.0,207349.0,3163.0,3163.0,3108.0,3134.3,31940800,3447.7,2820.9,3839.9,2896.0,3126.4,22,3,3126.2,4,1,3126.1,2,1,3125.8,28,2,3125.7,34,2,3126.9,59,5,3127.0,49,1,3127.2,15,1,3127.3,49,3,3127.5,112,5
2031,2026-06-16 12:25:04+05:30,3126.4,7,3129.92,2036190,125803.0,207349.0,3163.0,3163.0,3108.0,3134.3,31940800,3447.7,2820.9,3839.9,2896.0,3126.4,22,3,3126.2,4,1,3126.1,2,1,3125.8,28,2,3125.7,34,2,3126.9,59,5,3127.0,49,1,3127.2,15,1,3127.3,49,3,3127.5,112,5
2031,2026-06-16 12:25:04+05:30,3126.4,7,3129.92,2036225,125305.0,207155.0,3163.0,3163.0,3108.0,3134.3,31940800,3447.7,2820.9,3839.9,2896.0,3126.4,15,3,3126.2,4,1,3126.1,2,1,3125.7,21,1,3125.5,38,2,3126.9,73,6,3127.0,95,2,3127.1,23,1,3127.2,47,2,3127.3,51,4
2031,2026-06-16 12:25:05+05:30,3126.9,1,3129.92,2036225,125305.0,207155.0,3163.0,3163.0,3108.0,3134.3,31940800,3447.7,2820.9,3839.9,2896.0,3126.4,15,3,3126.2,4,1,3126.1,2,1,3125.7,21,1,3125.5,38,2,3126.9,73,6,3127.0,95,2,3127.1,23,1,3127.2,47,2,3127.3,51,4
2031,2026-06-16 12:25:05+05:30,3126.9,1,3129.92,2036243,125660.0,207615.0,3163.0,3163.0,3108.0,3134.3,31940800,3447.7,2820.9,3839.9,2896.0,3126.4,19,3,3126.2,4,1,3126.1,2,1,3125.7,21,1,3125.5,20,1,3126.9,80,7,3127.0,95,2,3127.1,23,1,3127.2,47,2,3127.3,51,4
2031,2026-06-16 12:25:06+05:30,3126.9,1,3129.92,2036243,125660.0,207615.0,3163.0,3163.0,3108.0,3134.3,31940800,3447.7,2820.9,3839.9,2896.0,3126.4,19,3,3126.2,4,1,3126.1,2,1,3125.7,21,1,3125.5,20,1,3126.9,80,7,3127.0,95,2,3127.1,23,1,3127.2,47,2,3127.3,51,4
2031,2026-06-16 12:25:06+05:30,3126.4,2,3129.92,2036243,125660.0,207615.0,3163.0,3163.0,3108.0,3134.3,31940800,3447.7,2820.9,3839.9,2896.0,3126.4,19,3,3126.2,4,1,3126.1,2,1,3125.7,21,1,3125.5,20,1,3126.9,80,7,3127.0,95,2,3127.1,23,1,3127.2,47,2,3127.3,51,4
2031,2026-06-16 12:25:06+05:30,3126.4,15,3129.92,2036277,125467.0,207571.0,3163.0,3163.0,3108.0,3134.3,31940800,3447.7,2820.9,3839.9,2896.0,3126.4,3,2,3126.2,4,1,3126.1,2,1,3125.7,21,1,3125.5,35,2,3126.9,79,7,3127.0,95,2,3127.1,23,1,3127.2,47,2,3127.3,51,4
2031,2026-06-16 12:25:07+05:30,3126.4,15,3129.92,2036277,125467.0,207571.0,3163.0,3163.0,3108.0,3134.3,31940800,3447.7,2820.9,3839.9,2896.0,3126.4,3,2,3126.2,4,1,3126.1,2,1,3125.7,21,1,3125.5,35,2,3126.9,79,7,3127.0,95,2,3127.1,23,1,3127.2,47,2,3127.3,51,4
2031,2026-06-16 12:25:07+05:30,3126.4,12,3129.92,2036277,125467.0,207571.0,3163.0,3163.0,3108.0,3134.3,31940800,3447.7,2820.9,3839.9,2896.0,3126.4,3,2,3126.2,4,1,3126.1,2,1,3125.7,21,1,3125.5,35,2,3126.9,79,7,3127.0,95,2,3127.1,23,1,3127.2,47,2,3127.3,51,4
2031,2026-06-16 12:25:07+05:30,3126.4,12,3129.92,2036294,125488.0,207577.0,3163.0,3163.0,3108.0,3134.3,31940800,3447.7,2820.9,3839.9,2896.0,3126.4,8,3,3126.2,4,1,3126.1,2,1,3125.7,21,1,3125.5,35,2,3126.9,65,6,3127.0,95,2,3127.1,23,1,3127.2,47,2,3127.3,51,4
2031,2026-06-16 12:25:08+05:30,3126.4,9,3129.92,2036294,125488.0,207577.0,3163.0,3163.0,3108.0,3134.3,31940800,3447.7,2820.9,3839.9,2896.0,3126.4,8,3,3126.2,4,1,3126.1,2,1,3125.7,21,1,3125.5,35,2,3126.9,65,6,3127.0,95,2,3127.1,23,1,3127.2,47,2,3127.3,51,4
2031,2026-06-16 12:25:08+05:30,3126.4,9,3129.92,2036311,126478.0,207562.0,3163.0,3163.0,3108.0,3134.3,31940800,3447.7,2820.9,3839.9,2896.0,3126.6,6,1,3126.4,25,2,3126.2,4,1,3126.1,20,3,3125.8,90,3,3126.7,1,1,3126.9,66,7,3127.0,95,2,3127.3,50,3,3127.5,221,3
2031,2026-06-16 12:25:09+05:30,3126.4,9,3129.92,2036311,126478.0,207562.0,3163.0,3163.0,3108.0,3134.3,31940800,3447.7,2820.9,3839.9,2896.0,3126.6,6,1,3126.4,25,2,3126.2,4,1,3126.1,20,3,3125.8,90,3,3126.7,1,1,3126.9,66,7,3127.0,95,2,3127.3,50,3,3127.5,221,3
2031,2026-06-16 12:25:09+05:30,3126.4,14,3129.92,2036311,126478.0,207562.0,3163.0,3163.0,3108.0,3134.3,31940800,3447.7,2820.9,3839.9,2896.0,3126.6,6,1,3126.4,25,2,3126.2,4,1,3126.1,20,3,3125.8,90,3,3126.7,1,1,3126.9,66,7,3127.0,95,2,3127.3,50,3,3127.5,221,3
2031,2026-06-16 12:25:09+05:30,3126.7,1,3129.92,2036346,126491.0,207581.0,3163.0,3163.0,3108.0,3134.3,31940800,3447.7,2820.9,3839.9,2896.0,3126.4,34,2,3126.3,15,1,3126.2,4,1,3126.1,20,3,3126.0,47,4,3126.9,66,7,3127.0,49,1,3127.3,48,2,3127.5,221,3,3127.6,267,3
2031,2026-06-16 12:25:09+05:30,3126.7,1,3129.92,2036346,126491.0,207581.0,3163.0,3163.0,3108.0,3134.3,31940800,3447.7,2820.9,3839.9,2896.0,3126.4,34,2,3126.3,15,1,3126.2,4,1,3126.1,20,3,3126.0,47,4,3126.9,66,7,3127.0,49,1,3127.3,48,2,3127.5,221,3,3127.6,267,3
2031,2026-06-16 12:25:10+05:30,3126.7,1,3129.92,2036346,126491.0,207581.0,3163.0,3163.0,3108.0,3134.3,31940800,3447.7,2820.9,3839.9,2896.0,3126.4,34,2,3126.3,15,1,3126.2,4,1,3126.1,20,3,3126.0,47,4,3126.9,66,7,3127.0,49,1,3127.3,48,2,3127.5,221,3,3127.6,267,3
2031,2026-06-16 12:25:10+05:30,3126.4,8,3129.92,2036346,126491.0,207581.0,3163.0,3163.0,3108.0,3134.3,31940800,3447.7,2820.9,3839.9,2896.0,3126.4,34,2,3126.3,15,1,3126.2,4,1,3126.1,20,3,3126.0,47,4,3126.9,66,7,3127.0,49,1,3127.3,48,2,3127.5,221,3,3127.6,267,3
2031,2026-06-16 12:25:10+05:30,3126.4,8,3129.92,2036406,126062.0,207714.0,3163.0,3163.0,3108.0,3134.3,31940800,3447.7,2820.9,3839.9,2896.0,3126.4,23,2,3126.2,4,1,3126.1,3,2,3125.8,27,2,3125.7,15,1,3126.9,114,8,3127.0,49,1,3127.3,48,2,3127.5,235,4,3127.6,297,4
2031,2026-06-16 12:25:10+05:30,3126.4,8,3129.92,2036406,126062.0,207714.0,3163.0,3163.0,3108.0,3134.3,31940800,3447.7,2820.9,3839.9,2896.0,3126.4,23,2,3126.2,4,1,3126.1,3,2,3125.8,27,2,3125.7,15,1,3126.9,114,8,3127.0,49,1,3127.3,48,2,3127.5,235,4,3127.6,297,4
2031,2026-06-16 12:25:11+05:30,3126.4,8,3129.92,2036406,126062.0,207714.0,3163.0,3163.0,3108.0,3134.3,31940800,3447.7,2820.9,3839.9,2896.0,3126.4,23,2,3126.2,4,1,3126.1,3,2,3125.8,27,2,3125.7,15,1,3126.9,114,8,3127.0,49,1,3127.3,48,2,3127.5,235,4,3127.6,297,4
2031,2026-06-16 12:25:11+05:30,3126.4,8,3129.92,2036406,126354.0,207667.0,3163.0,3163.0,3108.0,3134.3,31940800,3447.7,2820.9,3839.9,2896.0,3126.4,25,3,3126.2,4,1,3126.1,3,2,3126.0,14,1,3125.8,12,1,3126.9,128,9,3127.0,49,1,3127.3,48,2,3127.4,21,1,3127.5,221,3
2031,2026-06-16 12:25:12+05:30,3126.4,8,3129.92,2036406,126354.0,207667.0,3163.0,3163.0,3108.0,3134.3,31940800,3447.7,2820.9,3839.9,2896.0,3126.4,25,3,3126.2,4,1,3126.1,3,2,3126.0,14,1,3125.8,12,1,3126.9,128,9,3127.0,49,1,3127.3,48,2,3127.4,21,1,3127.5,221,3
2031,2026-06-16 12:25:12+05:30,3126.4,33,3129.92,2036406,126354.0,207667.0,3163.0,3163.0,3108.0,3134.3,31940800,3447.7,2820.9,3839.9,2896.0,3126.4,25,3,3126.2,4,1,3126.1,3,2,3126.0,14,1,3125.8,12,1,3126.9,128,9,3127.0,49,1,3127.3,48,2,3127.4,21,1,3127.5,221,3
2031,2026-06-16 12:25:12+05:30,3126.4,33,3129.92,2036559,125438.0,205730.0,3163.0,3163.0,3108.0,3134.3,31940800,3447.7,2820.9,3839.9,2896.0,3126.2,4,1,3126.1,3,2,3125.7,14,1,3125.5,206,2,3125.4,72,5,3126.4,48,1,3126.9,127,9,3127.0,95,2,3127.2,21,1,3127.3,64,4
2031,2026-06-16 12:25:13+05:30,3126.4,33,3129.92,2036559,125438.0,205730.0,3163.0,3163.0,3108.0,3134.3,31940800,3447.7,2820.9,3839.9,2896.0,3126.2,4,1,3126.1,3,2,3125.7,14,1,3125.5,206,2,3125.4,72,5,3126.4,48,1,3126.9,127,9,3127.0,95,2,3127.2,21,1,3127.3,64,4
2031,2026-06-16 12:25:13+05:30,3126.4,1,3129.92,2036559,125438.0,205730.0,3163.0,3163.0,3108.0,3134.3,31940800,3447.7,2820.9,3839.9,2896.0,3126.2,4,1,3126.1,3,2,3125.7,14,1,3125.5,206,2,3125.4,72,5,3126.4,48,1,3126.9,127,9,3127.0,95,2,3127.2,21,1,3127.3,64,4
2031,2026-06-16 12:25:13+05:30,3126.4,1,3129.92,2036586,124580.0,207698.0,3163.0,3163.0,3108.0,3134.3,31940800,3447.7,2820.9,3839.9,2896.0,3126.3,7,2,3126.2,3,1,3126.1,3,2,3125.5,14,1,3125.4,43,3,3126.4,158,5,3126.9,30,2,3127.0,58,3,3127.1,14,1,3127.2,57,2
2031,2026-06-16 12:25:13+05:30,3126.4,1,3129.92,2036586,124580.0,207698.0,3163.0,3163.0,3108.0,3134.3,31940800,3447.7,2820.9,3839.9,2896.0,3126.3,7,2,3126.2,3,1,3126.1,3,2,3125.5,14,1,3125.4,43,3,3126.4,158,5,3126.9,30,2,3127.0,58,3,3127.1,14,1,3127.2,57,2
2031,2026-06-16 12:25:14+05:30,3126.4,1,3129.92,2036586,124580.0,207698.0,3163.0,3163.0,3108.0,3134.3,31940800,3447.7,2820.9,3839.9,2896.0,3126.3,7,2,3126.2,3,1,3126.1,3,2,3125.5,14,1,3125.4,43,3,3126.4,158,5,3126.9,30,2,3127.0,58,3,3127.1,14,1,3127.2,57,2
2031,2026-06-16 12:25:14+05:30,3126.4,1,3129.92,2036586,124580.0,207698.0,3163.0,3163.0,3108.0,3134.3,31940800,3447.7,2820.9,3839.9,2896.0,3126.3,7,2,3126.2,3,1,3126.1,3,2,3125.5,14,1,3125.4,43,3,3126.4,158,5,3126.9,30,2,3127.0,58,3,3127.1,14,1,3127.2,57,2
2031,2026-06-16 12:25:14+05:30,3126.4,1,3129.92,2036591,125028.0,207185.0,3163.0,3163.0,3108.0,3134.3,31940800,3447.7,2820.9,3839.9,2896.0,3126.3,3,2,3126.2,3,1,3126.1,18,3,3125.5,14,1,3125.4,23,2,3126.4,174,6,3126.9,30,2,3127.0,58,3,3127.2,71,3,3127.3,350,7
2031,2026-06-16 12:25:15+05:30,3126.4,1,3129.92,2036591,125028.0,207185.0,3163.0,3163.0,3108.0,3134.3,31940800,3447.7,2820.9,3839.9,2896.0,3126.3,3,2,3126.2,3,1,3126.1,18,3,3125.5,14,1,3125.4,23,2,3126.4,174,6,3126.9,30,2,3127.0,58,3,3127.2,71,3,3127.3,350,7
2031,2026-06-16 12:25:15+05:30,3126.4,2,3129.92,2036591,125028.0,207185.0,3163.0,3163.0,3108.0,3134.3,31940800,3447.7,2820.9,3839.9,2896.0,3126.3,3,2,3126.2,3,1,3126.1,18,3,3125.5,14,1,3125.4,23,2,3126.4,174,6,3126.9,30,2,3127.0,58,3,3127.2,71,3,3127.3,350,7
2031,2026-06-16 12:25:15+05:30,3126.4,2,3129.92,2036597,125637.0,207176.0,3163.0,3163.0,3108.0,3134.3,31940800,3447.7,2820.9,3839.9,2896.0,3126.3,4,3,3126.2,3,1,3126.1,18,3,3125.7,14,1,3125.6,1,1,3126.4,168,6,3126.9,30,2,3127.0,58,3,3127.2,35,2,3127.3,329,6
2031,2026-06-16 12:25:16+05:30,3126.4,2,3129.92,2036597,125637.0,207176.0,3163.0,3163.0,3108.0,3134.3,31940800,3447.7,2820.9,3839.9,2896.0,3126.3,4,3,3126.2,3,1,3126.1,18,3,3125.7,14,1,3125.6,1,1,3126.4,168,6,3126.9,30,2,3127.0,58,3,3127.2,35,2,3127.3,329,6
2031,2026-06-16 12:25:16+05:30,3126.4,2,3129.92,2036597,125172.0,207088.0,3163.0,3163.0,3108.0,3134.3,31940800,3447.7,2820.9,3839.9,2896.0,3126.3,20,4,3126.2,3,1,3126.1,3,2,3125.7,14,1,3125.6,1,1,3126.4,168,6,3126.9,30,2,3127.0,58,3,3127.2,35,2,3127.3,48,2
2031,2026-06-16 12:25:17+05:30,3126.4,2,3129.92,2036597,125172.0,207088.0,3163.0,3163.0,3108.0,3134.3,31945400,3447.7,2820.9,3839.9,2896.0,3126.3,20,4,3126.2,3,1,3126.1,3,2,3125.7,14,1,3125.6,1,1,3126.4,168,6,3126.9,30,2,3127.0,58,3,3127.2,35,2,3127.3,48,2
2031,2026-06-16 12:25:17+05:30,3126.3,12,3129.92,2036597,125172.0,207088.0,3163.0,3163.0,3108.0,3134.3,31945400,3447.7,2820.9,3839.9,2896.0,3126.3,20,4,3126.2,3,1,3126.1,3,2,3125.7,14,1,3125.6,1,1,3126.4,168,6,3126.9,30,2,3127.0,58,3,3127.2,35,2,3127.3,48,2
2031,2026-06-16 12:25:17+05:30,3126.3,12,3129.92,2036637,125089.0,206982.0,3163.0,3163.0,3108.0,3134.3,31945400,3447.7,2820.9,3839.9,2896.0,3126.3,12,4,3126.2,3,1,3126.1,3,2,3125.5,14,1,3125.4,35,4,3126.4,128,5,3126.9,30,2,3127.0,58,3,3127.2,107,3,3127.3,48,2
2031,2026-06-16 12:25:18+05:30,3126.4,36,3129.92,2036805,125811.0,205306.0,3163.0,3163.0,3108.0,3134.3,31945400,3447.7,2820.9,3839.9,2896.0,3126.3,64,5,3126.2,3,1,3126.1,3,2,3126.0,14,1,3125.9,36,3,3126.4,21,1,3126.9,30,2,3127.0,12,2,3127.2,21,1,3127.3,14,1
2031,2026-06-16 12:25:18+05:30,3126.4,36,3129.92,2036805,125811.0,205306.0,3163.0,3163.0,3108.0,3134.3,31945400,3447.7,2820.9,3839.9,2896.0,3126.3,64,5,3126.2,3,1,3126.1,3,2,3126.0,14,1,3125.9,36,3,3126.4,21,1,3126.9,30,2,3127.0,12,2,3127.2,21,1,3127.3,14,1
2031,2026-06-16 12:25:19+05:30,3126.4,36,3129.92,2036805,126006.0,206555.0,3163.0,3163.0,3108.0,3134.3,31945400,3447.7,2820.9,3839.9,2896.0,3126.3,64,5,3126.2,3,1,3126.1,3,2,3126.0,19,2,3125.9,36,3,3126.4,21,1,3126.9,30,2,3127.0,12,2,3127.2,21,1,3127.3,14,1
2031,2026-06-16 12:25:19+05:30,3126.3,40,3129.92,2036805,126006.0,206555.0,3163.0,3163.0,3108.0,3134.3,31945400,3447.7,2820.9,3839.9,2896.0,3126.3,64,5,3126.2,3,1,3126.1,3,2,3126.0,19,2,3125.9,36,3,3126.4,21,1,3126.9,30,2,3127.0,12,2,3127.2,21,1,3127.3,14,1
2031,2026-06-16 12:25:20+05:30,3126.4,1,3129.92,2036854,126144.0,207183.0,3163.0,3163.0,3108.0,3134.3,31945400,3447.7,2820.9,3839.9,2896.0,3126.3,62,5,3126.2,3,1,3126.1,3,2,3125.9,14,1,3125.6,44,3,3126.4,20,1,3126.9,30,2,3127.0,12,2,3127.2,21,1,3127.3,14,1
2031,2026-06-16 12:25:20+05:30,3126.4,1,3129.92,2036854,126144.0,207183.0,3163.0,3163.0,3108.0,3134.3,31945400,3447.7,2820.9,3839.9,2896.0,3126.3,62,5,3126.2,3,1,3126.1,3,2,3125.9,14,1,3125.6,44,3,3126.4,20,1,3126.9,30,2,3127.0,12,2,3127.2,21,1,3127.3,14,1
2031,2026-06-16 12:25:21+05:30,3126.4,1,3129.92,2036855,125954.0,207257.0,3163.0,3163.0,3108.0,3134.3,31945400,3447.7,2820.9,3839.9,2896.0,3126.3,62,5,3126.2,3,1,3126.1,3,2,3125.6,23,2,3125.5,32,2,3126.4,36,2,3126.9,30,2,3127.0,12,2,3127.2,81,3,3127.3,14,1
2031,2026-06-16 12:25:22+05:30,3126.3,1,3129.92,2036856,125968.0,207463.0,3163.0,3163.0,3108.0,3134.3,31945400,3447.7,2820.9,3839.9,2896.0,3126.3,78,6,3126.2,3,1,3126.1,3,2,3125.6,23,2,3125.5,32,2,3126.4,36,2,3126.9,44,3,3127.0,12,2,3127.2,81,3,3127.3,35,2
2031,2026-06-16 12:25:22+05:30,3126.3,1,3129.92,2036856,125968.0,207463.0,3163.0,3163.0,3108.0,3134.3,31945400,3447.7,2820.9,3839.9,2896.0,3126.3,78,6,3126.2,3,1,3126.1,3,2,3125.6,23,2,3125.5,32,2,3126.4,36,2,3126.9,44,3,3127.0,12,2,3127.2,81,3,3127.3,35,2
2031,2026-06-16 12:25:23+05:30,3126.3,1,3129.92,2036856,125968.0,207459.0,3163.0,3163.0,3108.0,3134.3,31945400,3447.7,2820.9,3839.9,2896.0,3126.3,78,6,3126.2,3,1,3126.1,3,2,3125.6,23,2,3125.5,32,2,3126.4,36,2,3126.9,44,3,3127.0,12,2,3127.2,81,3,3127.3,35,2
2031,2026-06-16 12:25:24+05:30,3126.3,1,3129.92,2036856,125901.0,207587.0,3163.0,3163.0,3108.0,3134.3,31945400,3447.7,2820.9,3839.9,2896.0,3126.3,78,6,3126.2,3,1,3126.1,3,2,3125.4,17,2,3125.3,54,4,3126.4,114,5,3126.6,26,2,3126.8,33,2,3126.9,70,2,3127.0,61,4
2031,2026-06-16 12:25:25+05:30,3126.4,1,3129.92,2036865,125983.0,207608.0,3163.0,3163.0,3108.0,3134.3,31945400,3447.7,2820.9,3839.9,2896.0,3126.3,77,5,3126.2,3,1,3126.1,3,2,3125.4,17,2,3125.3,54,4,3126.4,106,6,3126.6,14,1,3126.7,16,1,3126.8,54,3,3126.9,70,2
2031,2026-06-16 12:25:25+05:30,3126.4,1,3129.92,2036865,125983.0,207608.0,3163.0,3163.0,3108.0,3134.3,31945400,3447.7,2820.9,3839.9,2896.0,3126.3,77,5,3126.2,3,1,3126.1,3,2,3125.4,17,2,3125.3,54,4,3126.4,106,6,3126.6,14,1,3126.7,16,1,3126.8,54,3,3126.9,70,2
2031,2026-06-16 12:25:26+05:30,3126.2,3,3129.92,2036865,125983.0,207608.0,3163.0,3163.0,3108.0,3134.3,31945400,3447.7,2820.9,3839.9,2896.0,3126.3,77,5,3126.2,3,1,3126.1,3,2,3125.4,17,2,3125.3,54,4,3126.4,106,6,3126.6,14,1,3126.7,16,1,3126.8,54,3,3126.9,70,2
2031,2026-06-16 12:25:26+05:30,3126.2,3,3129.92,2037142,124709.0,207696.0,3163.0,3163.0,3108.0,3134.3,31945400,3447.7,2820.9,3839.9,2896.0,3126.1,3,2,3125.4,3,1,3125.3,21,1,3125.1,22,1,3125.0,10,1,3126.3,189,5,3126.4,109,7,3126.5,8,1,3126.6,35,2,3126.7,48,2
2031,2026-06-16 12:25:27+05:30,3126.3,5,3129.92,2037147,125139.0,207576.0,3163.0,3163.0,3108.0,3134.3,31945400,3447.7,2820.9,3839.9,2896.0,3126.1,19,3,3125.4,3,1,3125.3,21,1,3125.1,22,1,3125.0,10,1,3126.3,189,6,3126.4,105,7,3126.5,8,1,3126.6,14,1,3126.7,72,3
2031,2026-06-16 12:25:27+05:30,3126.3,5,3129.92,2037147,125139.0,207576.0,3163.0,3163.0,3108.0,3134.3,31945400,3447.7,2820.9,3839.9,2896.0,3126.1,19,3,3125.4,3,1,3125.3,21,1,3125.1,22,1,3125.0,10,1,3126.3,189,6,3126.4,105,7,3126.5,8,1,3126.6,14,1,3126.7,72,3
2031,2026-06-16 12:25:28+05:30,3126.1,16,3129.92,2037184,125395.0,207891.0,3163.0,3163.0,3108.0,3134.3,31945400,3447.7,2820.9,3839.9,2896.0,3126.1,33,3,3125.4,3,1,3125.3,21,1,3125.1,22,1,3125.0,10,1,3126.3,184,6,3126.4,135,8,3126.5,8,1,3126.6,14,1,3126.7,72,3
2031,2026-06-16 12:25:28+05:30,3126.1,16,3129.92,2037184,125395.0,207891.0,3163.0,3163.0,3108.0,3134.3,31945400,3447.7,2820.9,3839.9,2896.0,3126.1,33,3,3125.4,3,1,3125.3,21,1,3125.1,22,1,3125.0,10,1,3126.3,184,6,3126.4,135,8,3126.5,8,1,3126.6,14,1,3126.7,72,3
2031,2026-06-16 12:25:29+05:30,3126.3,17,3129.92,2037201,125207.0,208530.0,3163.0,3163.0,3108.0,3134.3,31945400,3447.7,2820.9,3839.9,2896.0,3126.1,33,3,3125.4,3,1,3125.3,21,1,3125.1,22,1,3125.0,10,1,3126.3,167,6,3126.4,135,8,3126.5,8,1,3126.6,14,1,3126.7,72,3
2031,2026-06-16 12:25:29+05:30,3126.3,17,3129.92,2037201,125207.0,208530.0,3163.0,3163.0,3108.0,3134.3,31945400,3447.7,2820.9,3839.9,2896.0,3126.1,33,3,3125.4,3,1,3125.3,21,1,3125.1,22,1,3125.0,10,1,3126.3,167,6,3126.4,135,8,3126.5,8,1,3126.6,14,1,3126.7,72,3
2031,2026-06-16 12:25:30+05:30,3126.3,17,3129.92,2037283,125699.0,207355.0,3163.0,3163.0,3108.0,3134.3,31945400,3447.7,2820.9,3839.9,2896.0,3126.2,2,2,3126.1,31,5,3125.7,8,1,3125.6,14,1,3125.4,17,2,3126.3,112,5,3126.4,84,6,3126.7,49,2,3126.8,200,1,3127.0,58,3
2031,2026-06-16 12:25:30+05:30,3126.3,17,3129.92,2037283,125699.0,207355.0,3163.0,3163.0,3108.0,3134.3,31945400,3447.7,2820.9,3839.9,2896.0,3126.2,2,2,3126.1,31,5,3125.7,8,1,3125.6,14,1,3125.4,17,2,3126.3,112,5,3126.4,84,6,3126.7,49,2,3126.8,200,1,3127.0,58,3
2031,2026-06-16 12:25:31+05:30,3126.3,11,3129.92,2037283,125699.0,207355.0,3163.0,3163.0,3108.0,3134.3,31945400,3447.7,2820.9,3839.9,2896.0,3126.2,2,2,3126.1,31,5,3125.7,8,1,3125.6,14,1,3125.4,17,2,3126.3,112,5,3126.4,84,6,3126.7,49,2,3126.8,200,1,3127.0,58,3
2031,2026-06-16 12:25:31+05:30,3126.3,11,3129.92,2037366,125966.0,208457.0,3163.0,3163.0,3108.0,3134.3,31945400,3447.7,2820.9,3839.9,2896.0,3126.1,43,6,3125.8,6,1,3125.7,23,3,3125.5,24,2,3125.4,6,2,3126.3,29,4,3126.4,84,6,3126.7,32,1,3126.8,200,1,3126.9,200,1
2031,2026-06-16 12:25:32+05:30,3126.4,3,3129.92,2037401,126349.0,207849.0,3163.0,3163.0,3108.0,3134.3,31945400,3447.7,2820.9,3839.9,2896.0,3126.1,42,6,3125.9,5,1,3125.8,31,3,3125.7,23,3,3125.6,14,1,3126.4,79,5,3126.8,200,1,3126.9,200,1,3127.0,58,3,3127.2,267,3
2031,2026-06-16 12:25:32+05:30,3126.4,3,3129.92,2037401,126349.0,207849.0,3163.0,3163.0,3108.0,3134.3,31945400,3447.7,2820.9,3839.9,2896.0,3126.1,42,6,3125.9,5,1,3125.8,31,3,3125.7,23,3,3125.6,14,1,3126.4,79,5,3126.8,200,1,3126.9,200,1,3127.0,58,3,3127.2,267,3
2031,2026-06-16 12:25:33+05:30,3126.4,17,3129.92,2037401,126349.0,207849.0,3163.0,3163.0,3108.0,3134.3,31945400,3447.7,2820.9,3839.9,2896.0,3126.1,42,6,3125.9,5,1,3125.8,31,3,3125.7,23,3,3125.6,14,1,3126.4,79,5,3126.8,200,1,3126.9,200,1,3127.0,58,3,3127.2,267,3
2031,2026-06-16 12:25:33+05:30,3126.4,17,3129.92,2037418,126368.0,205932.0,3163.0,3163.0,3108.0,3134.3,31945400,3447.7,2820.9,3839.9,2896.0,3126.1,52,8,3126.0,5,1,3125.9,11,2,3125.8,31,3,3125.7,23,3,3126.4,62,5,3126.8,200,1,3126.9,200,1,3127.0,58,3,3127.2,267,3
2031,2026-06-16 12:25:34+05:30,3126.4,1,3129.92,2037418,126368.0,205932.0,3163.0,3163.0,3108.0,3134.3,31945400,3447.7,2820.9,3839.9,2896.0,3126.1,52,8,3126.0,5,1,3125.9,11,2,3125.8,31,3,3125.7,23,3,3126.4,62,5,3126.8,200,1,3126.9,200,1,3127.0,58,3,3127.2,267,3
2031,2026-06-16 12:25:34+05:30,3126.4,1,3129.92,2037437,126440.0,207732.0,3163.0,3163.0,3108.0,3134.3,31945400,3447.7,2820.9,3839.9,2896.0,3126.3,16,1,3126.1,41,6,3126.0,14,1,3125.9,5,1,3125.8,20,2,3126.4,72,6,3126.8,200,1,3126.9,200,1,3127.0,12,2,3127.2,267,3
2031,2026-06-16 12:25:35+05:30,3126.8,17,3129.92,2037437,126440.0,207732.0,3163.0,3163.0,3108.0,3134.3,31945400,3447.7,2820.9,3839.9,2896.0,3126.3,16,1,3126.1,41,6,3126.0,14,1,3125.9,5,1,3125.8,20,2,3126.4,72,6,3126.8,200,1,3126.9,200,1,3127.0,12,2,3127.2,267,3
2031,2026-06-16 12:25:35+05:30,3126.8,17,3129.92,2037529,126896.0,207071.0,3163.0,3163.0,3108.0,3134.3,31945400,3447.7,2820.9,3839.9,2896.0,3126.1,45,7,3125.9,21,2,3125.8,19,2,3125.7,27,3,3125.6,101,3,3126.8,183,1,3126.9,200,1,3127.0,12,2,3127.2,246,2,3127.3,287,2
2031,2026-06-16 12:25:36+05:30,3126.1,14,3129.92,2037529,126896.0,207071.0,3163.0,3163.0,3108.0,3134.3,31945400,3447.7,2820.9,3839.9,2896.0,3126.1,45,7,3125.9,21,2,3125.8,19,2,3125.7,27,3,3125.6,101,3,3126.8,183,1,3126.9,200,1,3127.0,12,2,3127.2,246,2,3127.3,287,2
2031,2026-06-16 12:25:36+05:30,3126.1,14,3129.92,2037747,126656.0,207463.0,3163.0,3163.0,3108.0,3134.3,31945400,3447.7,2820.9,3839.9,2896.0,3126.1,21,4,3125.9,14,1,3125.5,25,2,3125.4,6,2,3125.3,47,3,3126.8,192,2,3126.9,200,1,3127.0,28,3,3127.1,63,1,3127.2,246,2
2031,2026-06-16 12:25:37+05:30,3126.8,17,3129.92,2037747,126656.0,207463.0,3163.0,3163.0,3108.0,3134.3,31945400,3447.7,2820.9,3839.9,2896.0,3126.1,21,4,3125.9,14,1,3125.5,25,2,3125.4,6,2,3125.3,47,3,3126.8,192,2,3126.9,200,1,3127.0,28,3,3127.1,63,1,3127.2,246,2
2031,2026-06-16 12:25:37+05:30,3126.8,17,3129.92,2037781,126846.0,207216.0,3163.0,3163.0,3108.0,3134.3,31945400,3447.7,2820.9,3839.9,2896.0,3126.1,21,4,3126.0,14,1,3125.7,14,1,3125.6,40,1,3125.5,80,4,3126.8,158,2,3126.9,200,1,3127.0,28,3,3127.2,246,2,3127.3,287,2
2031,2026-06-16 12:25:38+05:30,3126.8,17,3129.92,2037781,126846.0,207216.0,3163.0,3163.0,3108.0,3134.3,31945400,3447.7,2820.9,3839.9,2896.0,3126.1,21,4,3126.0,14,1,3125.7,14,1,3125.6,40,1,3125.5,80,4,3126.8,158,2,3126.9,200,1,3127.0,28,3,3127.2,246,2,3127.3,287,2
2031,2026-06-16 12:25:38+05:30,3126.8,17,3129.92,2037799,126982.0,207089.0,3163.0,3163.0,3108.0,3134.3,31945400,3447.7,2820.9,3839.9,2896.0,3126.4,4,1,3126.1,85,7,3126.0,25,3,3125.8,26,2,3125.7,183,2,3126.8,165,3,3126.9,200,1,3127.0,12,2,3127.2,246,2,3127.3,287,2
2031,2026-06-16 12:25:39+05:30,3126.8,17,3129.92,2037799,126982.0,207089.0,3163.0,3163.0,3108.0,3134.3,31945400,3447.7,2820.9,3839.9,2896.0,3126.4,4,1,3126.1,85,7,3126.0,25,3,3125.8,26,2,3125.7,183,2,3126.8,165,3,3126.9,200,1,3127.0,12,2,3127.2,246,2,3127.3,287,2
2031,2026-06-16 12:25:39+05:30,3126.8,17,3129.92,2037816,126970.0,207017.0,3163.0,3163.0,3108.0,3134.3,31945400,3447.7,2820.9,3839.9,2896.0,3126.4,4,1,3126.3,35,3,3126.1,56,4,3126.0,39,4,3125.8,26,2,3126.8,148,3,3126.9,200,1,3127.0,12,2,3127.2,246,2,3127.3,287,2
2031,2026-06-16 12:25:40+05:30,3126.8,17,3129.92,2037816,126970.0,207017.0,3163.0,3163.0,3108.0,3134.3,31945400,3447.7,2820.9,3839.9,2896.0,3126.4,4,1,3126.3,35,3,3126.1,56,4,3126.0,39,4,3125.8,26,2,3126.8,148,3,3126.9,200,1,3127.0,12,2,3127.2,246,2,3127.3,287,2
2031,2026-06-16 12:25:40+05:30,3126.8,17,3129.91,2037979,127203.0,205485.0,3163.0,3163.0,3108.0,3134.3,31945400,3447.7,2820.9,3839.9,2896.0,3126.4,43,1,3126.3,43,3,3126.2,8,1,3126.1,46,2,3126.0,64,5,3126.8,67,3,3126.9,200,1,3127.0,12,2,3127.2,200,1,3127.3,287,2
2031,2026-06-16 12:25:41+05:30,3126.8,1,3129.91,2037979,127203.0,205485.0,3163.0,3163.0,3108.0,3134.3,31945400,3447.7,2820.9,3839.9,2896.0,3126.4,43,1,3126.3,43,3,3126.2,8,1,3126.1,46,2,3126.0,64,5,3126.8,67,3,3126.9,200,1,3127.0,12,2,3127.2,200,1,3127.3,287,2
2031,2026-06-16 12:25:41+05:30,3126.8,1,3129.91,2037997,126842.0,204975.0,3163.0,3163.0,3108.0,3134.3,31945400,3447.7,2820.9,3839.9,2896.0,3126.4,43,1,3126.3,15,1,3126.1,61,3,3126.0,49,4,3125.8,72,3,3126.8,76,3,3126.9,200,1,3127.0,12,2,3127.2,200,1,3127.3,287,2
2031,2026-06-16 12:25:42+05:30,3126.8,2,3129.91,2037997,126842.0,204975.0,3163.0,3163.0,3108.0,3134.3,31945400,3447.7,2820.9,3839.9,2896.0,3126.4,43,1,3126.3,15,1,3126.1,61,3,3126.0,49,4,3125.8,72,3,3126.8,76,3,3126.9,200,1,3127.0,12,2,3127.2,200,1,3127.3,287,2
2031,2026-06-16 12:25:42+05:30,3126.8,2,3129.91,2038014,126857.0,205019.0,3163.0,3163.0,3108.0,3134.3,31945400,3447.7,2820.9,3839.9,2896.0,3126.4,63,3,3126.2,8,1,3126.1,46,2,3126.0,64,5,3125.8,72,3,3126.8,59,2,3126.9,200,1,3127.0,12,2,3127.2,200,1,3127.3,287,2
2031,2026-06-16 12:25:43+05:30,3126.8,2,3129.91,2038014,126857.0,205019.0,3163.0,3163.0,3108.0,3134.3,31945400,3447.7,2820.9,3839.9,2896.0,3126.4,63,3,3126.2,8,1,3126.1,46,2,3126.0,64,5,3125.8,72,3,3126.8,59,2,3126.9,200,1,3127.0,12,2,3127.2,200,1,3127.3,287,2
2031,2026-06-16 12:25:43+05:30,3126.8,2,3129.91,2038048,126851.0,205054.0,3163.0,3163.0,3108.0,3134.3,31945400,3447.7,2820.9,3839.9,2896.0,3126.4,63,3,3126.2,8,1,3126.1,46,2,3126.0,64,5,3125.8,72,3,3126.8,25,1,3126.9,251,2,3127.0,12,2,3127.2,200,1,3127.3,287,2
2031,2026-06-16 12:25:44+05:30,3126.8,1,3129.91,2038048,126851.0,205054.0,3163.0,3163.0,3108.0,3134.3,31945400,3447.7,2820.9,3839.9,2896.0,3126.4,63,3,3126.2,8,1,3126.1,46,2,3126.0,64,5,3125.8,72,3,3126.8,25,1,3126.9,251,2,3127.0,12,2,3127.2,200,1,3127.3,287,2
2031,2026-06-16 12:25:44+05:30,3126.8,1,3129.91,2038066,126998.0,205068.0,3163.0,3163.0,3108.0,3134.3,31945400,3447.7,2820.9,3839.9,2896.0,3126.4,63,3,3126.1,46,2,3126.0,51,4,3125.8,59,2,3125.7,37,2,3126.8,7,1,3126.9,251,2,3127.0,12,2,3127.2,200,1,3127.3,287,2
2031,2026-06-16 12:25:45+05:30,3126.6,3,3129.91,2038066,126998.0,205068.0,3163.0,3163.0,3108.0,3134.3,31945400,3447.7,2820.9,3839.9,2896.0,3126.4,63,3,3126.1,46,2,3126.0,51,4,3125.8,59,2,3125.7,37,2,3126.8,7,1,3126.9,251,2,3127.0,12,2,3127.2,200,1,3127.3,287,2
2031,2026-06-16 12:25:45+05:30,3126.8,12,3129.91,2038100,127013.0,204898.0,3163.0,3163.0,3108.0,3134.3,31945400,3447.7,2820.9,3839.9,2896.0,3126.6,6,4,3126.4,59,3,3126.3,21,2,3126.2,21,2,3126.1,62,3,3126.8,9,1,3126.9,251,2,3127.0,12,2,3127.2,200,1,3127.3,287,2
2031,2026-06-16 12:25:46+05:30,3126.9,138,3129.91,2038100,127013.0,204898.0,3163.0,3163.0,3108.0,3134.3,31945400,3447.7,2820.9,3839.9,2896.0,3126.6,6,4,3126.4,59,3,3126.3,21,2,3126.2,21,2,3126.1,62,3,3126.8,9,1,3126.9,251,2,3127.0,12,2,3127.2,200,1,3127.3,287,2
2031,2026-06-16 12:25:46+05:30,3126.9,1,3129.91,2038274,127692.0,204939.0,3163.0,3163.0,3108.0,3134.3,31945400,3447.7,2820.9,3839.9,2896.0,3126.6,42,5,3126.5,13,1,3126.4,67,4,3126.3,27,3,3126.2,21,2,3126.9,112,2,3127.0,12,2,3127.2,200,1,3127.3,287,2,3127.4,582,3
2031,2026-06-16 12:25:47+05:30,3127.9,14,3129.91,2038274,127692.0,204939.0,3163.0,3163.0,3108.0,3134.3,31945400,3447.7,2820.9,3839.9,2896.0,3126.6,42,5,3126.5,13,1,3126.4,67,4,3126.3,27,3,3126.2,21,2,3126.9,112,2,3127.0,12,2,3127.2,200,1,3127.3,287,2,3127.4,582,3
2031,2026-06-16 12:25:47+05:30,3127.9,14,3129.91,2040031,129256.0,201570.0,3163.0,3163.0,3108.0,3134.3,31945400,3447.7,2820.9,3839.9,2896.0,3127.5,59,4,3127.4,30,3,3127.3,232,4,3127.2,135,6,3127.1,17,3,3127.9,14,1,3128.3,27,2,3128.4,11,1,3128.8,178,3,3129.0,390,3
2031,2026-06-16 12:25:48+05:30,3127.1,38,3129.91,2040031,129256.0,201570.0,3163.0,3163.0,3108.0,3134.3,31945400,3447.7,2820.9,3839.9,2896.0,3127.5,59,4,3127.4,30,3,3127.3,232,4,3127.2,135,6,3127.1,17,3,3127.9,14,1,3128.3,27,2,3128.4,11,1,3128.8,178,3,3129.0,390,3
2031,2026-06-16 12:25:48+05:30,3127.1,38,3129.91,2040402,128401.0,202282.0,3163.0,3163.0,3108.0,3134.3,31945400,3447.7,2820.9,3839.9,2896.0,3127.5,4,1,3127.1,16,1,3127.0,1,1,3126.9,28,2,3126.8,215,3,3127.9,14,1,3128.0,52,1,3128.3,27,2,3128.4,11,1,3128.6,67,2
2031,2026-06-16 12:25:49+05:30,3128.0,20,3129.91,2040402,128401.0,202282.0,3163.0,3163.0,3108.0,3134.3,31945400,3447.7,2820.9,3839.9,2896.0,3127.5,4,1,3127.1,16,1,3127.0,1,1,3126.9,28,2,3126.8,215,3,3127.9,14,1,3128.0,52,1,3128.3,27,2,3128.4,11,1,3128.6,67,2
2031,2026-06-16 12:25:49+05:30,3128.0,20,3129.91,2040423,128742.0,202300.0,3163.0,3163.0,3108.0,3134.3,31945400,3447.7,2820.9,3839.9,2896.0,3127.5,151,3,3127.4,40,3,3127.3,29,2,3127.2,50,4,3127.1,48,2,3128.0,31,1,3128.3,13,1,3128.8,198,4,3129.0,453,5,3129.1,63,1
2031,2026-06-16 12:25:50+05:30,3128.0,1,3129.91,2040423,128742.0,202300.0,3163.0,3163.0,3108.0,3134.3,31945400,3447.7,2820.9,3839.9,2896.0,3127.5,151,3,3127.4,40,3,3127.3,29,2,3127.2,50,4,3127.1,48,2,3128.0,31,1,3128.3,13,1,3128.8,198,4,3129.0,453,5,3129.1,63,1
2031,2026-06-16 12:25:50+05:30,3128.0,1,3129.91,2040472,129251.0,202834.0,3163.0,3163.0,3108.0,3134.3,31945400,3447.7,2820.9,3839.9,2896.0,3127.6,16,1,3127.5,221,3,3127.1,46,1,3126.9,55,3,3126.8,244,4,3128.0,31,2,3128.3,13,1,3128.8,261,6,3128.9,88,3,3129.0,484,7
2031,2026-06-16 12:25:51+05:30,3128.0,11,3129.91,2040472,129251.0,202834.0,3163.0,3163.0,3108.0,3134.3,31945400,3447.7,2820.9,3839.9,2896.0,3127.6,16,1,3127.5,221,3,3127.1,46,1,3126.9,55,3,3126.8,244,4,3128.0,31,2,3128.3,13,1,3128.8,261,6,3128.9,88,3,3129.0,484,7
2031,2026-06-16 12:25:51+05:30,3128.0,11,3129.91,2040484,129704.0,203003.0,3163.0,3163.0,3108.0,3134.3,31945400,3447.7,2820.9,3839.9,2896.0,3127.6,165,3,3127.5,221,3,3127.3,60,3,3127.2,42,3,3127.1,71,3,3128.0,40,3,3128.8,215,5,3129.0,453,5,3129.2,84,3,3129.3,226,2
2031,2026-06-16 12:25:52+05:30,3128.0,1,3129.91,2040485,129774.0,202753.0,3163.0,3163.0,3108.0,3134.3,31945400,3447.7,2820.9,3839.9,2896.0,3127.8,18,1,3127.6,149,2,3127.5,221,3,3127.3,60,3,3127.2,42,3,3128.0,39,3,3128.8,178,3,3129.0,453,5,3129.2,84,3,3129.3,26,1
2031,2026-06-16 12:25:52+05:30,3128.0,1,3129.91,2040485,129774.0,202753.0,3163.0,3163.0,3108.0,3134.3,31945400,3447.7,2820.9,3839.9,2896.0,3127.8,18,1,3127.6,149,2,3127.5,221,3,3127.3,60,3,3127.2,42,3,3128.0,39,3,3128.8,178,3,3129.0,453,5,3129.2,84,3,3129.3,26,1
2031,2026-06-16 12:25:53+05:30,3127.8,54,3129.91,2040685,129835.0,203049.0,3163.0,3163.0,3108.0,3134.3,31945400,3447.7,2820.9,3839.9,2896.0,3127.8,105,2,3127.6,149,2,3127.5,161,3,3127.4,21,1,3127.3,28,2,3128.0,40,4,3128.8,224,4,3129.0,436,4,3129.2,84,3,3129.4,239,3
2031,2026-06-16 12:25:53+05:30,3127.8,54,3129.91,2040685,129835.0,203049.0,3163.0,3163.0,3108.0,3134.3,31945400,3447.7,2820.9,3839.9,2896.0,3127.8,105,2,3127.6,149,2,3127.5,161,3,3127.4,21,1,3127.3,28,2,3128.0,40,4,3128.8,224,4,3129.0,436,4,3129.2,84,3,3129.4,239,3
2031,2026-06-16 12:25:54+05:30,3127.8,50,3129.91,2040813,129756.0,203074.0,3163.0,3163.0,3108.0,3134.3,31945400,3447.7,2820.9,3839.9,2896.0,3127.8,52,2,3127.6,165,3,3127.5,146,2,3127.2,8,1,3127.1,44,3,3128.0,18,3,3128.6,17,1,3128.8,241,5,3128.9,23,1,3129.0,436,4
2031,2026-06-16 12:25:54+05:30,3127.8,50,3129.91,2040813,129756.0,203074.0,3163.0,3163.0,3108.0,3134.3,31945400,3447.7,2820.9,3839.9,2896.0,3127.8,52,2,3127.6,165,3,3127.5,146,2,3127.2,8,1,3127.1,44,3,3128.0,18,3,3128.6,17,1,3128.8,241,5,3128.9,23,1,3129.0,436,4
2031,2026-06-16 12:25:55+05:30,3128.0,1,3129.91,2040836,130062.0,204148.0,3163.0,3163.0,3108.0,3134.3,31945400,3447.7,2820.9,3839.9,2896.0,3128.0,17,1,3127.8,71,4,3127.6,149,2,3127.5,146,2,3127.3,21,1,3128.4,12,1,3128.5,55,3,3128.6,63,2,3128.7,99,2,3128.8,224,4
2031,2026-06-16 12:25:55+05:30,3128.0,1,3129.91,2040836,130062.0,204148.0,3163.0,3163.0,3108.0,3134.3,31945400,3447.7,2820.9,3839.9,2896.0,3128.0,17,1,3127.8,71,4,3127.6,149,2,3127.5,146,2,3127.3,21,1,3128.4,12,1,3128.5,55,3,3128.6,63,2,3128.7,99,2,3128.8,224,4
2031,2026-06-16 12:25:56+05:30,3128.0,6,3129.91,2040842,130681.0,204123.0,3163.0,3163.0,3108.0,3134.3,31945400,3447.7,2820.9,3839.9,2896.0,3128.0,12,2,3127.8,53,3,3127.6,166,3,3127.5,146,2,3127.3,21,1,3128.4,12,1,3128.5,67,4,3128.6,63,2,3128.7,36,1,3128.8,224,4
2031,2026-06-16 12:25:56+05:30,3128.0,6,3129.91,2040842,130681.0,204123.0,3163.0,3163.0,3108.0,3134.3,31945400,3447.7,2820.9,3839.9,2896.0,3128.0,12,2,3127.8,53,3,3127.6,166,3,3127.5,146,2,3127.3,21,1,3128.4,12,1,3128.5,67,4,3128.6,63,2,3128.7,36,1,3128.8,224,4
2031,2026-06-16 12:25:57+05:30,3128.6,1,3129.91,2040845,131042.0,202929.0,3163.0,3163.0,3108.0,3134.3,31945400,3447.7,2820.9,3839.9,2896.0,3128.0,64,3,3127.9,16,1,3127.8,53,3,3127.7,5,1,3127.6,149,2,3128.8,175,2,3128.9,45,1,3129.0,386,3,3129.1,45,1,3129.2,84,3
2031,2026-06-16 12:25:57+05:30,3128.8,1,3129.91,2040845,131042.0,202929.0,3163.0,3163.0,3108.0,3134.3,31945400,3447.7,2820.9,3839.9,2896.0,3128.0,64,3,3127.9,16,1,3127.8,53,3,3127.7,5,1,3127.6,149,2,3128.8,175,2,3128.9,45,1,3129.0,386,3,3129.1,45,1,3129.2,84,3
2031,2026-06-16 12:25:58+05:30,3128.8,1,3129.91,2040845,131042.0,202929.0,3163.0,3163.0,3108.0,3134.3,31945400,3447.7,2820.9,3839.9,2896.0,3128.0,64,3,3127.9,16,1,3127.8,53,3,3127.7,5,1,3127.6,149,2,3128.8,175,2,3128.9,45,1,3129.0,386,3,3129.1,45,1,3129.2,84,3
2031,2026-06-16 12:25:58+05:30,3127.8,5,3129.91,2041083,129353.0,204202.0,3163.0,3163.0,3108.0,3134.3,31945400,3447.7,2820.9,3839.9,2896.0,3127.8,48,3,3127.6,149,2,3127.5,146,2,3127.1,21,1,3126.9,21,1,3128.2,86,4,3128.3,23,2,3128.4,41,3,3128.5,25,2,3128.6,26,2
2031,2026-06-16 12:25:58+05:30,3127.8,5,3129.91,2041083,129353.0,204202.0,3163.0,3163.0,3108.0,3134.3,31945400,3447.7,2820.9,3839.9,2896.0,3127.8,48,3,3127.6,149,2,3127.5,146,2,3127.1,21,1,3126.9,21,1,3128.2,86,4,3128.3,23,2,3128.4,41,3,3128.5,25,2,3128.6,26,2
2031,2026-06-16 12:25:59+05:30,3127.8,12,3129.91,2041143,129405.0,204091.0,3163.0,3163.0,3108.0,3134.3,31945400,3447.7,2820.9,3839.9,2896.0,3127.8,26,2,3127.6,149,2,3127.5,146,2,3127.1,21,1,3126.9,21,1,3128.1,11,1,3128.2,56,4,3128.3,46,3,3128.4,41,3,3128.5,25,2
2031,2026-06-16 12:25:59+05:30,3127.8,12,3129.91,2041143,129405.0,204091.0,3163.0,3163.0,3108.0,3134.3,31945400,3447.7,2820.9,3839.9,2896.0,3127.8,26,2,3127.6,149,2,3127.5,146,2,3127.1,21,1,3126.9,21,1,3128.1,11,1,3128.2,56,4,3128.3,46,3,3128.4,41,3,3128.5,25,2
2031,2026-06-16 12:26:00+05:30,3127.8,12,3129.91,2041143,129405.0,204091.0,3163.0,3163.0,3108.0,3134.3,31945400,3447.7,2820.9,3839.9,2896.0,3127.8,26,2,3127.6,149,2,3127.5,146,2,3127.1,21,1,3126.9,21,1,3128.1,11,1,3128.2,56,4,3128.3,46,3,3128.4,41,3,3128.5,25,2
2031,2026-06-16 12:26:00+05:30,3127.5,101,3129.91,2041681,129045.0,204510.0,3163.0,3163.0,3108.0,3134.3,31945400,3447.7,2820.9,3839.9,2896.0,3127.5,45,2,3126.7,34,2,3126.5,21,1,3126.4,175,2,3126.3,97,4,3127.9,11,1,3128.0,37,3,3128.1,66,5,3128.2,55,3,3128.3,32,3
2031,2026-06-16 12:26:00+05:30,3127.5,101,3129.91,2041681,129045.0,204510.0,3163.0,3163.0,3108.0,3134.3,31945400,3447.7,2820.9,3839.9,2896.0,3127.5,45,2,3126.7,34,2,3126.5,21,1,3126.4,175,2,3126.3,97,4,3127.9,11,1,3128.0,37,3,3128.1,66,5,3128.2,55,3,3128.3,32,3
2031,2026-06-16 12:26:01+05:30,3126.7,51,3129.91,2041820,128137.0,204884.0,3163.0,3163.0,3108.0,3134.3,31945400,3447.7,2820.9,3839.9,2896.0,3126.7,7,1,3126.5,33,2,3126.4,5,1,3126.3,21,1,3126.2,180,2,3127.7,11,1,3127.8,12,1,3127.9,62,5,3128.0,8,1,3128.1,93,6
2031,2026-06-16 12:26:01+05:30,3126.7,51,3129.91,2041820,128137.0,204884.0,3163.0,3163.0,3108.0,3134.3,31945400,3447.7,2820.9,3839.9,2896.0,3126.7,7,1,3126.5,33,2,3126.4,5,1,3126.3,21,1,3126.2,180,2,3127.7,11,1,3127.8,12,1,3127.9,62,5,3128.0,8,1,3128.1,93,6
2031,2026-06-16 12:26:02+05:30,3126.7,51,3129.91,2041820,128137.0,204884.0,3163.0,3163.0,3108.0,3134.3,31945400,3447.7,2820.9,3839.9,2896.0,3126.7,7,1,3126.5,33,2,3126.4,5,1,3126.3,21,1,3126.2,180,2,3127.7,11,1,3127.8,12,1,3127.9,62,5,3128.0,8,1,3128.1,93,6
2031,2026-06-16 12:26:02+05:30,3126.7,51,3129.91,2041820,127773.0,205172.0,3163.0,3163.0,3108.0,3134.3,31945400,3447.7,2820.9,3839.9,2896.0,3126.7,8,2,3126.5,13,2,3126.4,8,2,3126.3,21,1,3126.2,180,2,3127.6,12,1,3127.7,23,2,3127.8,18,2,3127.9,62,5,3128.0,73,2
2031,2026-06-16 12:26:03+05:30,3127.6,1,3129.91,2041821,128506.0,205003.0,3163.0,3163.0,3108.0,3134.3,31945400,3447.7,2820.9,3839.9,2896.0,3126.7,76,7,3126.6,15,2,3126.5,38,4,3126.4,97,5,3126.3,117,4,3127.6,1,1,3128.1,11,1,3128.2,122,3,3128.4,82,3,3128.5,366,2
2031,2026-06-16 12:26:03+05:30,3127.6,1,3129.91,2041821,128506.0,205003.0,3163.0,3163.0,3108.0,3134.3,31945400,3447.7,2820.9,3839.9,2896.0,3126.7,76,7,3126.6,15,2,3126.5,38,4,3126.4,97,5,3126.3,117,4,3127.6,1,1,3128.1,11,1,3128.2,122,3,3128.4,82,3,3128.5,366,2
2031,2026-06-16 12:26:04+05:30,3127.6,1,3129.91,2041821,128506.0,205003.0,3163.0,3163.0,3108.0,3134.3,31945400,3447.7,2820.9,3839.9,2896.0,3126.7,76,7,3126.6,15,2,3126.5,38,4,3126.4,97,5,3126.3,117,4,3127.6,1,1,3128.1,11,1,3128.2,122,3,3128.4,82,3,3128.5,366,2
2031,2026-06-16 12:26:04+05:30,3127.6,1,3129.91,2041822,128506.0,205641.0,3163.0,3163.0,3108.0,3134.3,31945400,3447.7,2820.9,3839.9,2896.0,3126.7,76,7,3126.6,15,2,3126.5,38,4,3126.4,97,5,3126.3,39,3,3127.6,1,1,3128.1,166,2,3128.2,122,3,3128.4,82,3,3128.5,200,1
2031,2026-06-16 12:26:04+05:30,3127.6,1,3129.91,2041822,128506.0,205641.0,3163.0,3163.0,3108.0,3134.3,31945400,3447.7,2820.9,3839.9,2896.0,3126.7,76,7,3126.6,15,2,3126.5,38,4,3126.4,97,5,3126.3,39,3,3127.6,1,1,3128.1,166,2,3128.2,122,3,3128.4,82,3,3128.5,200,1
2031,2026-06-16 12:26:05+05:30,3127.6,1,3129.91,2041822,128549.0,205652.0,3163.0,3163.0,3108.0,3134.3,31945400,3447.7,2820.9,3839.9,2896.0,3126.7,71,6,3126.6,31,3,3126.5,19,3,3126.4,116,6,3126.3,117,4,3127.6,1,1,3128.1,166,2,3128.2,122,3,3128.4,82,3,3128.5,221,2
2031,2026-06-16 12:26:06+05:30,3127.6,1,3129.91,2041822,128549.0,205652.0,3163.0,3163.0,3108.0,3134.3,31945400,3447.7,2820.9,3839.9,2896.0,3126.7,71,6,3126.6,31,3,3126.5,19,3,3126.4,116,6,3126.3,117,4,3127.6,1,1,3128.1,166,2,3128.2,122,3,3128.4,82,3,3128.5,221,2
2031,2026-06-16 12:26:06+05:30,3127.6,1,3129.91,2041822,128560.0,205641.0,3163.0,3163.0,3108.0,3134.3,31945400,3447.7,2820.9,3839.9,2896.0,3126.7,67,5,3126.6,31,3,3126.5,19,3,3126.4,116,6,3126.3,117,4,3127.6,30,2,3128.1,166,2,3128.2,122,3,3128.4,82,3,3128.5,200,1
2031,2026-06-16 12:26:07+05:30,3127.6,1,3129.91,2041822,128596.0,205713.0,3163.0,3163.0,3108.0,3134.3,31945400,3447.7,2820.9,3839.9,2896.0,3126.7,58,3,3126.6,23,2,3126.5,29,3,3126.4,116,6,3126.3,102,3,3127.6,49,3,3128.1,11,1,3128.2,127,4,3128.3,25,1,3128.4,261,4
2031,2026-06-16 12:26:07+05:30,3127.6,1,3129.91,2041822,128596.0,205713.0,3163.0,3163.0,3108.0,3134.3,31945400,3447.7,2820.9,3839.9,2896.0,3126.7,58,3,3126.6,23,2,3126.5,29,3,3126.4,116,6,3126.3,102,3,3127.6,49,3,3128.1,11,1,3128.2,127,4,3128.3,25,1,3128.4,261,4
2031,2026-06-16 12:26:08+05:30,3127.6,1,3129.91,2041823,128447.0,205543.0,3163.0,3163.0,3108.0,3134.3,31945400,3447.7,2820.9,3839.9,2896.0,3126.7,58,3,3126.6,23,2,3126.5,29,3,3126.4,116,6,3126.3,24,2,3127.6,48,2,3128.1,11,1,3128.2,122,3,3128.3,25,1,3128.4,82,3
2031,2026-06-16 12:26:08+05:30,3127.6,1,3129.91,2041823,128447.0,205543.0,3163.0,3163.0,3108.0,3134.3,31945400,3447.7,2820.9,3839.9,2896.0,3126.7,58,3,3126.6,23,2,3126.5,29,3,3126.4,116,6,3126.3,24,2,3127.6,48,2,3128.1,11,1,3128.2,122,3,3128.3,25,1,3128.4,82,3
2031,2026-06-16 12:26:09+05:30,3127.6,1,3129.91,2041823,128447.0,205543.0,3163.0,3163.0,3108.0,3134.3,31945400,3447.7,2820.9,3839.9,2896.0,3126.7,58,3,3126.6,23,2,3126.5,29,3,3126.4,116,6,3126.3,24,2,3127.6,48,2,3128.1,11,1,3128.2,122,3,3128.3,25,1,3128.4,82,3
2031,2026-06-16 12:26:09+05:30,3127.6,1,3129.91,2041823,128423.0,205719.0,3163.0,3163.0,3108.0,3134.3,31945400,3447.7,2820.9,3839.9,2896.0,3126.7,58,3,3126.6,26,3,3126.5,29,3,3126.4,116,6,3126.3,102,3,3127.6,48,2,3128.1,11,1,3128.2,122,3,3128.3,25,1,3128.4,86,4
2031,2026-06-16 12:26:10+05:30,3127.6,1,3129.91,2041823,128423.0,205719.0,3163.0,3163.0,3108.0,3134.3,31945400,3447.7,2820.9,3839.9,2896.0,3126.7,58,3,3126.6,26,3,3126.5,29,3,3126.4,116,6,3126.3,102,3,3127.6,48,2,3128.1,11,1,3128.2,122,3,3128.3,25,1,3128.4,86,4
2031,2026-06-16 12:26:10+05:30,3127.6,1,3129.91,2041823,128441.0,205642.0,3163.0,3163.0,3108.0,3134.3,31945400,3447.7,2820.9,3839.9,2896.0,3126.9,14,1,3126.8,40,5,3126.7,84,5,3126.6,22,2,3126.5,173,3,3127.6,48,2,3128.1,11,1,3128.2,101,2,3128.4,86,4,3128.5,360,2
2031,2026-06-16 12:26:10+05:30,3127.6,1,3129.91,2041823,128441.0,205642.0,3163.0,3163.0,3108.0,3134.3,31945400,3447.7,2820.9,3839.9,2896.0,3126.9,14,1,3126.8,40,5,3126.7,84,5,3126.6,22,2,3126.5,173,3,3127.6,48,2,3128.1,11,1,3128.2,101,2,3128.4,86,4,3128.5,360,2
2031,2026-06-16 12:26:10+05:30,3127.6,1,3129.91,2041823,128441.0,205642.0,3163.0,3163.0,3108.0,3134.3,31945400,3447.7,2820.9,3839.9,2896.0,3126.9,14,1,3126.8,40,5,3126.7,84,5,3126.6,22,2,3126.5,173,3,3127.6,48,2,3128.1,11,1,3128.2,101,2,3128.4,86,4,3128.5,360,2
2031,2026-06-16 12:26:11+05:30,3127.6,1,3129.91,2041823,128441.0,205642.0,3163.0,3163.0,3108.0,3134.3,31945400,3447.7,2820.9,3839.9,2896.0,3126.9,14,1,3126.8,40,5,3126.7,84,5,3126.6,22,2,3126.5,173,3,3127.6,48,2,3128.1,11,1,3128.2,101,2,3128.4,86,4,3128.5,360,2
2031,2026-06-16 12:26:11+05:30,3127.6,1,3129.91,2041824,128586.0,204855.0,3163.0,3163.0,3108.0,3134.3,31945400,3447.7,2820.9,3839.9,2896.0,3127.0,41,5,3126.9,1,1,3126.8,63,7,3126.7,55,5,3126.6,31,3,3127.6,19,1,3128.3,161,1,3128.4,111,4,3128.5,200,1,3128.6,20,1
2031,2026-06-16 12:26:11+05:30,3127.6,11,3129.91,2041824,128586.0,204855.0,3163.0,3163.0,3108.0,3134.3,31945400,3447.7,2820.9,3839.9,2896.0,3127.0,41,5,3126.9,1,1,3126.8,63,7,3126.7,55,5,3126.6,31,3,3127.6,19,1,3128.3,161,1,3128.4,111,4,3128.5,200,1,3128.6,20,1
2031,2026-06-16 12:26:11+05:30,3127.6,11,3129.91,2041824,128586.0,204855.0,3163.0,3163.0,3108.0,3134.3,31945400,3447.7,2820.9,3839.9,2896.0,3127.0,41,5,3126.9,1,1,3126.8,63,7,3126.7,55,5,3126.6,31,3,3127.6,19,1,3128.3,161,1,3128.4,111,4,3128.5,200,1,3128.6,20,1
2031,2026-06-16 12:26:12+05:30,3127.6,11,3129.91,2041835,128576.0,204852.0,3163.0,3163.0,3108.0,3134.3,31945400,3447.7,2820.9,3839.9,2896.0,3127.0,41,5,3126.9,1,1,3126.8,63,7,3126.7,45,5,3126.6,50,4,3127.6,8,1,3128.3,161,1,3128.4,111,4,3128.5,200,1,3128.6,20,1
2031,2026-06-16 12:26:12+05:30,3127.6,11,3129.91,2041835,128576.0,204852.0,3163.0,3163.0,3108.0,3134.3,31945400,3447.7,2820.9,3839.9,2896.0,3127.0,41,5,3126.9,1,1,3126.8,63,7,3126.7,45,5,3126.6,50,4,3127.6,8,1,3128.3,161,1,3128.4,111,4,3128.5,200,1,3128.6,20,1
2031,2026-06-16 12:26:13+05:30,3128.5,1,3129.91,2041844,129321.0,204655.0,3163.0,3163.0,3108.0,3134.3,31945400,3447.7,2820.9,3839.9,2896.0,3127.6,45,2,3127.3,15,1,3127.1,21,1,3127.0,21,3,3126.9,84,3,3128.5,199,1,3128.7,115,3,3128.8,349,2,3128.9,425,3,3129.0,839,12
2031,2026-06-16 12:26:13+05:30,3128.5,1,3129.91,2041844,129321.0,204655.0,3163.0,3163.0,3108.0,3134.3,31945400,3447.7,2820.9,3839.9,2896.0,3127.6,45,2,3127.3,15,1,3127.1,21,1,3127.0,21,3,3126.9,84,3,3128.5,199,1,3128.7,115,3,3128.8,349,2,3128.9,425,3,3129.0,839,12
2031,2026-06-16 12:26:13+05:30,3128.5,1,3129.91,2041844,129321.0,204655.0,3163.0,3163.0,3108.0,3134.3,31945400,3447.7,2820.9,3839.9,2896.0,3127.6,45,2,3127.3,15,1,3127.1,21,1,3127.0,21,3,3126.9,84,3,3128.5,199,1,3128.7,115,3,3128.8,349,2,3128.9,425,3,3129.0,839,12
2031,2026-06-16 12:26:14+05:30,3128.5,1,3129.91,2041844,129321.0,204655.0,3163.0,3163.0,3108.0,3134.3,31945400,3447.7,2820.9,3839.9,2896.0,3127.6,45,2,3127.3,15,1,3127.1,21,1,3127.0,21,3,3126.9,84,3,3128.5,199,1,3128.7,115,3,3128.8,349,2,3128.9,425,3,3129.0,839,12
2031,2026-06-16 12:26:14+05:30,3127.6,1,3129.91,2041845,129342.0,204783.0,3163.0,3163.0,3108.0,3134.3,31945400,3447.7,2820.9,3839.9,2896.0,3127.6,44,2,3127.3,15,1,3127.1,21,1,3127.0,21,3,3126.9,179,3,3128.4,69,1,3128.5,281,3,3128.7,132,4,3128.8,370,3,3128.9,451,4
2031,2026-06-16 12:26:14+05:30,3127.6,1,3129.91,2041845,129342.0,204783.0,3163.0,3163.0,3108.0,3134.3,31945400,3447.7,2820.9,3839.9,2896.0,3127.6,44,2,3127.3,15,1,3127.1,21,1,3127.0,21,3,3126.9,179,3,3128.4,69,1,3128.5,281,3,3128.7,132,4,3128.8,370,3,3128.9,451,4
2031,2026-06-16 12:26:14+05:30,3127.6,1,3129.91,2041845,129342.0,204783.0,3163.0,3163.0,3108.0,3134.3,31945400,3447.7,2820.9,3839.9,2896.0,3127.6,44,2,3127.3,15,1,3127.1,21,1,3127.0,21,3,3126.9,179,3,3128.4,69,1,3128.5,281,3,3128.7,132,4,3128.8,370,3,3128.9,451,4
2031,2026-06-16 12:26:15+05:30,3127.6,1,3129.91,2041845,129442.0,205012.0,3163.0,3163.0,3108.0,3134.3,31945400,3447.7,2820.9,3839.9,2896.0,3127.8,18,2,3127.6,45,3,3127.1,41,2,3127.0,35,4,3126.9,179,3,3128.4,69,1,3128.5,281,3,3128.7,108,3,3128.8,396,4,3128.9,425,3
2031,2026-06-16 12:26:15+05:30,3127.6,1,3129.91,2041845,129442.0,205012.0,3163.0,3163.0,3108.0,3134.3,31945400,3447.7,2820.9,3839.9,2896.0,3127.8,18,2,3127.6,45,3,3127.1,41,2,3127.0,35,4,3126.9,179,3,3128.4,69,1,3128.5,281,3,3128.7,108,3,3128.8,396,4,3128.9,425,3
2031,2026-06-16 12:26:16+05:30,3127.6,1,3129.91,2041845,130044.0,204767.0,3163.0,3163.0,3108.0,3134.3,31945400,3447.7,2820.9,3839.9,2896.0,3128.1,3,3,3127.9,16,1,3127.8,2,2,3127.6,4,2,3127.3,20,1,3128.4,69,1,3128.5,235,2,3128.7,67,2,3128.8,349,2,3128.9,473,5
2031,2026-06-16 12:26:16+05:30,3127.6,1,3129.91,2041845,130044.0,204767.0,3163.0,3163.0,3108.0,3134.3,31945400,3447.7,2820.9,3839.9,2896.0,3128.1,3,3,3127.9,16,1,3127.8,2,2,3127.6,4,2,3127.3,20,1,3128.4,69,1,3128.5,235,2,3128.7,67,2,3128.8,349,2,3128.9,473,5
2031,2026-06-16 12:26:16+05:30,3128.4,137,3129.91,2041845,130044.0,204767.0,3163.0,3163.0,3108.0,3134.3,31945400,3447.7,2820.9,3839.9,2896.0,3128.1,3,3,3127.9,16,1,3127.8,2,2,3127.6,4,2,3127.3,20,1,3128.4,69,1,3128.5,235,2,3128.7,67,2,3128.8,349,2,3128.9,473,5
2031,2026-06-16 12:26:17+05:30,3128.4,1,3129.91,2042065,129552.0,204311.0,3163.0,3163.0,3108.0,3134.3,31945400,3447.7,2820.9,3839.9,2896.0,3127.9,16,1,3127.8,2,2,3127.6,4,2,3127.3,20,1,3127.1,51,3,3128.5,199,1,3128.7,72,4,3128.8,349,2,3128.9,482,5,3129.0,822,11
2031,2026-06-16 12:26:17+05:30,3128.4,1,3129.91,2042065,129552.0,204311.0,3163.0,3163.0,3108.0,3134.3,31939400,3447.7,2820.9,3839.9,2896.0,3127.9,16,1,3127.8,2,2,3127.6,4,2,3127.3,20,1,3127.1,51,3,3128.5,199,1,3128.7,72,4,3128.8,349,2,3128.9,482,5,3129.0,822,11
2031,2026-06-16 12:26:17+05:30,3128.4,1,3129.91,2042065,129552.0,204311.0,3163.0,3163.0,3108.0,3134.3,31939400,3447.7,2820.9,3839.9,2896.0,3127.9,16,1,3127.8,2,2,3127.6,4,2,3127.3,20,1,3127.1,51,3,3128.5,199,1,3128.7,72,4,3128.8,349,2,3128.9,482,5,3129.0,822,11
2031,2026-06-16 12:26:18+05:30,3128.4,1,3129.91,2042065,129627.0,204136.0,3163.0,3163.0,3108.0,3134.3,31939400,3447.7,2820.9,3839.9,2896.0,3127.9,17,2,3127.8,2,2,3127.6,4,2,3127.3,20,1,3127.1,51,3,3128.3,1,1,3128.5,228,2,3128.7,96,5,3128.8,349,2,3128.9,513,6
2031,2026-06-16 12:26:19+05:30,3128.3,1,3129.91,2042066,129656.0,204151.0,3163.0,3163.0,3108.0,3134.3,31939400,3447.7,2820.9,3839.9,2896.0,3127.9,17,2,3127.8,2,2,3127.6,4,2,3127.2,181,1,3127.1,51,3,3128.3,1,1,3128.5,228,2,3128.7,90,4,3128.8,349,2,3128.9,513,6
2031,2026-06-16 12:26:19+05:30,3128.3,1,3129.91,2042066,129656.0,204151.0,3163.0,3163.0,3108.0,3134.3,31939400,3447.7,2820.9,3839.9,2896.0,3127.9,17,2,3127.8,2,2,3127.6,4,2,3127.2,181,1,3127.1,51,3,3128.3,1,1,3128.5,228,2,3128.7,90,4,3128.8,349,2,3128.9,513,6
2031,2026-06-16 12:26:20+05:30,3128.3,1,3129.91,2042067,129794.0,204264.0,3163.0,3163.0,3108.0,3134.3,31939400,3447.7,2820.9,3839.9,2896.0,3127.9,17,2,3127.8,2,2,3127.6,3,1,3127.1,51,3,3127.0,35,4,3128.3,22,3,3128.4,46,2,3128.5,249,3,3128.6,17,1,3128.7,78,3
2031,2026-06-16 12:26:20+05:30,3128.3,2,3129.91,2042067,129794.0,204264.0,3163.0,3163.0,3108.0,3134.3,31939400,3447.7,2820.9,3839.9,2896.0,3127.9,17,2,3127.8,2,2,3127.6,3,1,3127.1,51,3,3127.0,35,4,3128.3,22,3,3128.4,46,2,3128.5,249,3,3128.6,17,1,3128.7,78,3
2031,2026-06-16 12:26:21+05:30,3128.3,2,3129.91,2042123,129130.0,204650.0,3163.0,3163.0,3108.0,3134.3,31939400,3447.7,2820.9,3839.9,2896.0,3127.9,17,2,3127.8,2,2,3127.6,18,2,3127.1,27,1,3127.0,3,1,3128.1,199,1,3128.2,39,3,3128.3,87,5,3128.4,261,4,3128.5,687,7
2031,2026-06-16 12:26:21+05:30,3127.9,1,3129.91,2042123,129130.0,204650.0,3163.0,3163.0,3108.0,3134.3,31939400,3447.7,2820.9,3839.9,2896.0,3127.9,17,2,3127.8,2,2,3127.6,18,2,3127.1,27,1,3127.0,3,1,3128.1,199,1,3128.2,39,3,3128.3,87,5,3128.4,261,4,3128.5,687,7
2031,2026-06-16 12:26:22+05:30,3127.6,22,3129.91,2042483,127321.0,205550.0,3163.0,3163.0,3108.0,3134.3,31939400,3447.7,2820.9,3839.9,2896.0,3127.0,3,1,3126.9,15,2,3126.8,24,4,3126.7,14,3,3126.6,44,4,3127.6,48,1,3128.0,42,1,3128.1,46,1,3128.2,35,2,3128.3,251,4
2031,2026-06-16 12:26:22+05:30,3127.6,22,3129.91,2042483,127321.0,205550.0,3163.0,3163.0,3108.0,3134.3,31939400,3447.7,2820.9,3839.9,2896.0,3127.0,3,1,3126.9,15,2,3126.8,24,4,3126.7,14,3,3126.6,44,4,3127.6,48,1,3128.0,42,1,3128.1,46,1,3128.2,35,2,3128.3,251,4
2031,2026-06-16 12:26:23+05:30,3127.0,18,3129.91,2042505,127617.0,205712.0,3163.0,3163.0,3108.0,3134.3,31939400,3447.7,2820.9,3839.9,2896.0,3126.9,1,1,3126.8,14,3,3126.7,10,3,3126.6,30,3,3126.5,15,2,3127.6,77,2,3128.0,292,4,3128.1,46,1,3128.2,35,2,3128.3,157,3
2031,2026-06-16 12:26:23+05:30,3127.6,1,3129.91,2042505,127617.0,205712.0,3163.0,3163.0,3108.0,3134.3,31939400,3447.7,2820.9,3839.9,2896.0,3126.9,1,1,3126.8,14,3,3126.7,10,3,3126.6,30,3,3126.5,15,2,3127.6,77,2,3128.0,292,4,3128.1,46,1,3128.2,35,2,3128.3,157,3
2031,2026-06-16 12:26:24+05:30,3127.6,1,3129.91,2042535,127831.0,205833.0,3163.0,3163.0,3108.0,3134.3,31939400,3447.7,2820.9,3839.9,2896.0,3126.9,1,1,3126.8,28,4,3126.7,10,3,3126.6,48,4,3126.5,1,1,3127.6,47,2,3128.0,271,3,3128.1,46,1,3128.2,56,3,3128.3,108,2
2031,2026-06-16 12:26:24+05:30,3127.6,1,3129.91,2042535,127831.0,205833.0,3163.0,3163.0,3108.0,3134.3,31939400,3447.7,2820.9,3839.9,2896.0,3126.9,1,1,3126.8,28,4,3126.7,10,3,3126.6,48,4,3126.5,1,1,3127.6,47,2,3128.0,271,3,3128.1,46,1,3128.2,56,3,3128.3,108,2
2031,2026-06-16 12:26:25+05:30,3127.6,1,3129.91,2042535,127831.0,205050.0,3163.0,3163.0,3108.0,3134.3,31939400,3447.7,2820.9,3839.9,2896.0,3126.9,1,1,3126.8,28,4,3126.7,10,3,3126.6,48,4,3126.5,1,1,3127.6,47,2,3128.0,271,3,3128.1,46,1,3128.2,56,3,3128.3,108,2
2031,2026-06-16 12:26:26+05:30,3127.6,1,3129.91,2042535,127772.0,204294.0,3163.0,3163.0,3108.0,3134.3,31939400,3447.7,2820.9,3839.9,2896.0,3126.9,1,1,3126.8,4,2,3126.7,3,2,3126.6,29,3,3126.5,15,2,3127.2,18,1,3127.3,1,1,3127.5,12,1,3127.6,82,3,3127.9,167,1
2031,2026-06-16 12:26:26+05:30,3126.7,1,3129.91,2042535,127772.0,204294.0,3163.0,3163.0,3108.0,3134.3,31939400,3447.7,2820.9,3839.9,2896.0,3126.9,1,1,3126.8,4,2,3126.7,3,2,3126.6,29,3,3126.5,15,2,3127.2,18,1,3127.3,1,1,3127.5,12,1,3127.6,82,3,3127.9,167,1
2031,2026-06-16 12:26:27+05:30,3126.7,1,3129.91,2042553,127551.0,206028.0,3163.0,3163.0,3108.0,3134.3,31939400,3447.7,2820.9,3839.9,2896.0,3126.7,9,5,3126.6,29,3,3126.5,15,2,3126.4,47,4,3126.3,49,3,3127.2,18,2,3127.3,1,1,3127.5,12,1,3127.6,82,3,3127.9,167,1
2031,2026-06-16 12:26:28+05:30,3126.7,1,3129.91,2042553,127613.0,206000.0,3163.0,3163.0,3108.0,3134.3,31939400,3447.7,2820.9,3839.9,2896.0,3126.7,9,5,3126.6,44,4,3126.5,15,2,3126.4,47,4,3126.3,49,3,3127.2,39,3,3127.3,1,1,3127.5,12,1,3127.6,53,2,3127.9,167,1
2031,2026-06-16 12:26:28+05:30,3127.2,9,3129.91,2042553,127613.0,206000.0,3163.0,3163.0,3108.0,3134.3,31939400,3447.7,2820.9,3839.9,2896.0,3126.7,9,5,3126.6,44,4,3126.5,15,2,3126.4,47,4,3126.3,49,3,3127.2,39,3,3127.3,1,1,3127.5,12,1,3127.6,53,2,3127.9,167,1
2031,2026-06-16 12:26:29+05:30,3127.2,9,3129.91,2042562,127589.0,206049.0,3163.0,3163.0,3108.0,3134.3,31939400,3447.7,2820.9,3839.9,2896.0,3126.8,12,1,3126.7,21,6,3126.6,44,4,3126.5,15,2,3126.4,66,5,3127.2,35,3,3127.3,1,1,3127.5,12,1,3127.6,53,2,3127.9,152,1
2031,2026-06-16 12:26:29+05:30,3127.2,1,3129.91,2042562,127589.0,206049.0,3163.0,3163.0,3108.0,3134.3,31939400,3447.7,2820.9,3839.9,2896.0,3126.8,12,1,3126.7,21,6,3126.6,44,4,3126.5,15,2,3126.4,66,5,3127.2,35,3,3127.3,1,1,3127.5,12,1,3127.6,53,2,3127.9,152,1
2031,2026-06-16 12:26:30+05:30,3127.2,1,3129.91,2042564,127648.0,205903.0,3163.0,3163.0,3108.0,3134.3,31939400,3447.7,2820.9,3839.9,2896.0,3126.8,6,2,3126.7,2,2,3126.6,32,3,3126.5,15,2,3126.4,32,3,3127.2,35,5,3127.3,1,1,3127.6,53,2,3127.8,63,1,3127.9,152,1
2031,2026-06-16 12:26:30+05:30,3127.2,1,3129.91,2042564,127648.0,205903.0,3163.0,3163.0,3108.0,3134.3,31939400,3447.7,2820.9,3839.9,2896.0,3126.8,6,2,3126.7,2,2,3126.6,32,3,3126.5,15,2,3126.4,32,3,3127.2,35,5,3127.3,1,1,3127.6,53,2,3127.8,63,1,3127.9,152,1
2031,2026-06-16 12:26:31+05:30,3126.8,1,3129.91,2042569,127595.0,205781.0,3163.0,3163.0,3108.0,3134.3,31939400,3447.7,2820.9,3839.9,2896.0,3126.8,7,3,3126.7,2,2,3126.6,18,2,3126.5,15,2,3126.4,32,3,3127.2,35,5,3127.3,1,1,3127.6,53,2,3127.8,63,1,3128.0,263,3
2031,2026-06-16 12:26:31+05:30,3126.9,1,3129.91,2042569,127595.0,205781.0,3163.0,3163.0,3108.0,3134.3,31939400,3447.7,2820.9,3839.9,2896.0,3126.8,7,3,3126.7,2,2,3126.6,18,2,3126.5,15,2,3126.4,32,3,3127.2,35,5,3127.3,1,1,3127.6,53,2,3127.8,63,1,3128.0,263,3
2031,2026-06-16 12:26:32+05:30,3127.0,25,3129.91,2042598,127808.0,205841.0,3163.0,3163.0,3108.0,3134.3,31939400,3447.7,2820.9,3839.9,2896.0,3127.0,17,1,3126.8,47,8,3126.7,8,3,3126.6,25,3,3126.5,15,2,3127.2,35,5,3127.3,1,1,3127.6,53,2,3128.0,263,3,3128.1,105,2
2031,2026-06-16 12:26:32+05:30,3127.0,25,3129.91,2042598,127808.0,205841.0,3163.0,3163.0,3108.0,3134.3,31939400,3447.7,2820.9,3839.9,2896.0,3127.0,17,1,3126.8,47,8,3126.7,8,3,3126.6,25,3,3126.5,15,2,3127.2,35,5,3127.3,1,1,3127.6,53,2,3128.0,263,3,3128.1,105,2
2031,2026-06-16 12:26:33+05:30,3127.0,25,3129.91,2042598,127871.0,205939.0,3163.0,3163.0,3108.0,3134.3,31939400,3447.7,2820.9,3839.9,2896.0,3127.0,32,6,3126.9,4,1,3126.8,33,7,3126.7,8,3,3126.6,39,4,3127.2,35,5,3127.3,1,1,3127.6,53,2,3128.0,263,3,3128.1,105,2
2031,2026-06-16 12:26:33+05:30,3127.0,7,3129.91,2042598,127871.0,205939.0,3163.0,3163.0,3108.0,3134.3,31939400,3447.7,2820.9,3839.9,2896.0,3127.0,32,6,3126.9,4,1,3126.8,33,7,3126.7,8,3,3126.6,39,4,3127.2,35,5,3127.3,1,1,3127.6,53,2,3128.0,263,3,3128.1,105,2
2031,2026-06-16 12:26:34+05:30,3127.0,2,3129.91,2042650,127937.0,206117.0,3163.0,3163.0,3108.0,3134.3,31939400,3447.7,2820.9,3839.9,2896.0,3127.0,16,2,3126.8,23,5,3126.7,8,3,3126.6,19,3,3126.5,15,2,3127.2,65,7,3127.3,1,1,3127.6,53,2,3127.9,166,1,3128.0,263,3
2031,2026-06-16 12:26:34+05:30,3127.2,1,3129.91,2042650,127937.0,206117.0,3163.0,3163.0,3108.0,3134.3,31939400,3447.7,2820.9,3839.9,2896.0,3127.0,16,2,3126.8,23,5,3126.7,8,3,3126.6,19,3,3126.5,15,2,3127.2,65,7,3127.3,1,1,3127.6,53,2,3127.9,166,1,3128.0,263,3
2031,2026-06-16 12:26:35+05:30,3127.2,1,3129.91,2042651,127925.0,206125.0,3163.0,3163.0,3108.0,3134.3,31939400,3447.7,2820.9,3839.9,2896.0,3127.0,17,3,3126.8,23,5,3126.7,8,3,3126.6,19,3,3126.5,15,2,3127.2,64,7,3127.3,1,1,3127.6,53,2,3127.9,166,1,3128.0,263,3
2031,2026-06-16 12:26:36+05:30,3127.0,4,3129.91,2042659,127891.0,206039.0,3163.0,3163.0,3108.0,3134.3,31939400,3447.7,2820.9,3839.9,2896.0,3127.1,17,1,3126.8,9,4,3126.7,2,2,3126.6,3,1,3126.5,15,2,3127.2,64,7,3127.3,1,1,3127.6,53,2,3127.8,21,1,3127.9,366,2
2031,2026-06-16 12:26:36+05:30,3127.3,1,3129.91,2042659,127891.0,206039.0,3163.0,3163.0,3108.0,3134.3,31939400,3447.7,2820.9,3839.9,2896.0,3127.1,17,1,3126.8,9,4,3126.7,2,2,3126.6,3,1,3126.5,15,2,3127.2,64,7,3127.3,1,1,3127.6,53,2,3127.8,21,1,3127.9,366,2
2031,2026-06-16 12:26:37+05:30,3127.3,1,3129.91,2042738,128301.0,206000.0,3163.0,3163.0,3108.0,3134.3,31939400,3447.7,2820.9,3839.9,2896.0,3127.1,1,1,3126.9,28,2,3126.8,9,4,3126.7,9,4,3126.6,31,3,3127.2,24,1,3127.6,53,2,3127.9,200,1,3128.0,46,1,3128.1,105,2
2031,2026-06-16 12:26:37+05:30,3127.2,24,3129.91,2042738,128301.0,206000.0,3163.0,3163.0,3108.0,3134.3,31939400,3447.7,2820.9,3839.9,2896.0,3127.1,1,1,3126.9,28,2,3126.8,9,4,3126.7,9,4,3126.6,31,3,3127.2,24,1,3127.6,53,2,3127.9,200,1,3128.0,46,1,3128.1,105,2
2031,2026-06-16 12:26:38+05:30,3127.2,24,3129.91,2042763,128190.0,205892.0,3163.0,3163.0,3108.0,3134.3,31939400,3447.7,2820.9,3839.9,2896.0,3127.1,16,2,3126.8,9,4,3126.7,3,3,3126.6,3,1,3126.5,38,4,3127.6,53,2,3127.9,221,2,3128.0,72,2,3128.1,105,2,3128.2,62,2
2031,2026-06-16 12:26:38+05:30,3127.3,18,3129.91,2042763,128190.0,205892.0,3163.0,3163.0,3108.0,3134.3,31939400,3447.7,2820.9,3839.9,2896.0,3127.1,16,2,3126.8,9,4,3126.7,3,3,3126.6,3,1,3126.5,38,4,3127.6,53,2,3127.9,221,2,3128.0,72,2,3128.1,105,2,3128.2,62,2
2031,2026-06-16 12:26:39+05:30,3127.3,18,3129.91,2042781,128258.0,205869.0,3163.0,3163.0,3108.0,3134.3,31939400,3447.7,2820.9,3839.9,2896.0,3127.3,5,1,3127.1,16,2,3126.8,4,3,3126.7,3,3,3126.6,3,1,3127.6,53,2,3127.9,200,1,3128.0,88,3,3128.1,105,2,3128.2,99,4
2031,2026-06-16 12:26:40+05:30,3127.6,1,3129.91,2042782,128508.0,205605.0,3163.0,3163.0,3108.0,3134.3,31939400,3447.7,2820.9,3839.9,2896.0,3127.4,15,1,3127.3,5,1,3127.1,1,1,3126.8,4,3,3126.7,3,3,3127.6,52,2,3127.9,200,1,3128.0,72,2,3128.1,105,2,3128.2,62,2
2031,2026-06-16 12:26:40+05:30,3127.4,5,3129.91,2042782,128508.0,205605.0,3163.0,3163.0,3108.0,3134.3,31939400,3447.7,2820.9,3839.9,2896.0,3127.4,15,1,3127.3,5,1,3127.1,1,1,3126.8,4,3,3126.7,3,3,3127.6,52,2,3127.9,200,1,3128.0,72,2,3128.1,105,2,3128.2,62,2
2031,2026-06-16 12:26:41+05:30,3127.6,1,3129.91,2042851,127937.0,205067.0,3163.0,3163.0,3108.0,3134.3,31939400,3447.7,2820.9,3839.9,2896.0,3127.4,16,1,3127.3,5,1,3127.1,1,1,3126.8,3,2,3126.7,2,2,3127.8,12,1,3127.9,212,2,3128.0,88,3,3128.1,105,2,3128.2,158,6
2031,2026-06-16 12:26:41+05:30,3127.9,11,3129.91,2042851,127937.0,205067.0,3163.0,3163.0,3108.0,3134.3,31939400,3447.7,2820.9,3839.9,2896.0,3127.4,16,1,3127.3,5,1,3127.1,1,1,3126.8,3,2,3126.7,2,2,3127.8,12,1,3127.9,212,2,3128.0,88,3,3128.1,105,2,3128.2,158,6
2031,2026-06-16 12:26:42+05:30,3127.9,11,3129.91,2042862,128192.0,205434.0,3163.0,3163.0,3108.0,3134.3,31939400,3447.7,2820.9,3839.9,2896.0,3127.6,1,1,3127.4,16,1,3127.3,5,1,3127.1,1,1,3126.8,1,1,3127.8,63,1,3127.9,189,1,3128.0,72,2,3128.1,105,2,3128.2,78,3
2031,2026-06-16 12:26:43+05:30,3127.6,1,3129.91,2042972,128315.0,204817.0,3163.0,3163.0,3108.0,3134.3,31939400,3447.7,2820.9,3839.9,2896.0,3127.6,1,1,3127.3,21,2,3127.1,1,1,3126.8,1,1,3126.7,36,4,3127.9,189,1,3128.1,59,1,3128.2,108,3,3128.3,266,2,3128.4,471,4
2031,2026-06-16 12:26:43+05:30,3127.3,3,3129.91,2042972,128315.0,204817.0,3163.0,3163.0,3108.0,3134.3,31939400,3447.7,2820.9,3839.9,2896.0,3127.6,1,1,3127.3,21,2,3127.1,1,1,3126.8,1,1,3126.7,36,4,3127.9,189,1,3128.1,59,1,3128.2,108,3,3128.3,266,2,3128.4,471,4
2031,2026-06-16 12:26:44+05:30,3127.3,3,3129.91,2042982,127946.0,204859.0,3163.0,3163.0,3108.0,3134.3,31939400,3447.7,2820.9,3839.9,2896.0,3127.3,18,2,3127.1,1,1,3126.8,1,1,3126.7,16,3,3126.6,3,1,3127.8,14,1,3127.9,188,1,3128.0,69,2,3128.1,110,4,3128.2,143,4
2031,2026-06-16 12:26:44+05:30,3127.3,8,3129.91,2042982,127946.0,204859.0,3163.0,3163.0,3108.0,3134.3,31939400,3447.7,2820.9,3839.9,2896.0,3127.3,18,2,3127.1,1,1,3126.8,1,1,3126.7,16,3,3126.6,3,1,3127.8,14,1,3127.9,188,1,3128.0,69,2,3128.1,110,4,3128.2,143,4
2031,2026-06-16 12:26:45+05:30,3127.3,8,3129.91,2043008,128004.0,203471.0,3163.0,3163.0,3108.0,3134.3,31939400,3447.7,2820.9,3839.9,2896.0,3127.3,13,2,3127.1,1,1,3126.8,1,1,3126.7,2,2,3126.6,3,1,3127.8,69,4,3127.9,211,2,3128.0,57,2,3128.1,80,2,3128.2,181,6
2031,2026-06-16 12:26:45+05:30,3127.8,1,3129.91,2043008,128004.0,203471.0,3163.0,3163.0,3108.0,3134.3,31939400,3447.7,2820.9,3839.9,2896.0,3127.3,13,2,3127.1,1,1,3126.8,1,1,3126.7,2,2,3126.6,3,1,3127.8,69,4,3127.9,211,2,3128.0,57,2,3128.1,80,2,3128.2,181,6
2031,2026-06-16 12:26:46+05:30,3127.5,3,3129.91,2043265,126824.0,204680.0,3163.0,3163.0,3108.0,3134.3,31939400,3447.7,2820.9,3839.9,2896.0,3126.6,11,4,3126.5,28,4,3126.4,21,3,3126.3,54,3,3126.2,294,7,3127.5,7,1,3127.9,188,1,3128.0,264,3,3128.2,79,3,3128.3,221,2
2031,2026-06-16 12:26:46+05:30,3127.5,3,3129.91,2043265,126824.0,204680.0,3163.0,3163.0,3108.0,3134.3,31939400,3447.7,2820.9,3839.9,2896.0,3126.6,11,4,3126.5,28,4,3126.4,21,3,3126.3,54,3,3126.2,294,7,3127.5,7,1,3127.9,188,1,3128.0,264,3,3128.2,79,3,3128.3,221,2
2031,2026-06-16 12:26:47+05:30,3127.5,3,3129.91,2043265,127319.0,204644.0,3163.0,3163.0,3108.0,3134.3,31939400,3447.7,2820.9,3839.9,2896.0,3126.6,26,5,3126.5,28,4,3126.4,21,3,3126.3,54,3,3126.2,294,7,3127.5,18,4,3127.9,188,1,3128.0,264,3,3128.2,79,3,3128.3,221,2
2031,2026-06-16 12:26:48+05:30,3127.5,3,3129.91,2043265,127423.0,205724.0,3163.0,3163.0,3108.0,3134.3,31939400,3447.7,2820.9,3839.9,2896.0,3126.7,12,1,3126.6,26,5,3126.5,28,4,3126.4,21,3,3126.3,54,3,3127.5,55,5,3127.9,188,1,3128.0,264,3,3128.2,100,4,3128.3,200,1
2031,2026-06-16 12:26:49+05:30,3127.5,3,3129.91,2043265,127432.0,205918.0,3163.0,3163.0,3108.0,3134.3,31939400,3447.7,2820.9,3839.9,2896.0,3126.7,12,1,3126.6,38,6,3126.5,28,4,3126.4,21,3,3126.3,54,3,3127.5,55,5,3127.7,200,1,3127.9,209,2,3128.0,264,3,3128.2,79,3
2031,2026-06-16 12:26:49+05:30,3127.5,1,3129.91,2043265,127432.0,205918.0,3163.0,3163.0,3108.0,3134.3,31939400,3447.7,2820.9,3839.9,2896.0,3126.7,12,1,3126.6,38,6,3126.5,28,4,3126.4,21,3,3126.3,54,3,3127.5,55,5,3127.7,200,1,3127.9,209,2,3128.0,264,3,3128.2,79,3
2031,2026-06-16 12:26:50+05:30,3127.5,1,3129.91,2043266,127434.0,205926.0,3163.0,3163.0,3108.0,3134.3,31939400,3447.7,2820.9,3839.9,2896.0,3126.6,35,5,3126.5,15,3,3126.4,21,3,3126.3,71,4,3126.2,195,5,3127.5,55,6,3127.7,201,2,3127.9,210,3,3128.0,266,4,3128.2,79,3
2031,2026-06-16 12:26:50+05:30,3127.5,1,3129.91,2043266,127434.0,205926.0,3163.0,3163.0,3108.0,3134.3,31939400,3447.7,2820.9,3839.9,2896.0,3126.6,35,5,3126.5,15,3,3126.4,21,3,3126.3,71,4,3126.2,195,5,3127.5,55,6,3127.7,201,2,3127.9,210,3,3128.0,266,4,3128.2,79,3
2031,2026-06-16 12:26:51+05:30,3127.5,1,3129.91,2043267,127435.0,205921.0,3163.0,3163.0,3108.0,3134.3,31939400,3447.7,2820.9,3839.9,2896.0,3126.6,35,5,3126.5,24,4,3126.4,21,3,3126.3,54,3,3126.2,241,6,3127.5,54,6,3127.7,201,2,3127.9,210,3,3128.0,266,4,3128.2,79,3
2031,2026-06-16 12:26:51+05:30,3127.5,3,3129.91,2043267,127435.0,205921.0,3163.0,3163.0,3108.0,3134.3,31939400,3447.7,2820.9,3839.9,2896.0,3126.6,35,5,3126.5,24,4,3126.4,21,3,3126.3,54,3,3126.2,241,6,3127.5,54,6,3127.7,201,2,3127.9,210,3,3128.0,266,4,3128.2,79,3
2031,2026-06-16 12:26:52+05:30,3127.5,3,3129.91,2043278,127516.0,205927.0,3163.0,3163.0,3108.0,3134.3,31939400,3447.7,2820.9,3839.9,2896.0,3126.7,12,1,3126.6,49,6,3126.5,24,4,3126.4,21,3,3126.3,54,3,3127.5,44,3,3127.7,1,1,3127.9,410,4,3128.0,266,4,3128.2,79,3
2031,2026-06-16 12:26:53+05:30,3127.5,11,3129.91,2043295,127546.0,206160.0,3163.0,3163.0,3108.0,3134.3,31939400,3447.7,2820.9,3839.9,2896.0,3126.9,16,1,3126.7,40,3,3126.6,20,3,3126.5,24,4,3126.4,21,3,3127.5,27,2,3127.7,1,1,3127.9,389,3,3128.0,266,4,3128.1,21,1
2031,2026-06-16 12:26:53+05:30,3127.5,11,3129.91,2043295,127546.0,206160.0,3163.0,3163.0,3108.0,3134.3,31939400,3447.7,2820.9,3839.9,2896.0,3126.9,16,1,3126.7,40,3,3126.6,20,3,3126.5,24,4,3126.4,21,3,3127.5,27,2,3127.7,1,1,3127.9,389,3,3128.0,266,4,3128.1,21,1
2031,2026-06-16 12:26:54+05:30,3127.0,1,3129.91,2043296,127972.0,205588.0,3163.0,3163.0,3108.0,3134.3,31939400,3447.7,2820.9,3839.9,2896.0,3127.0,17,1,3126.9,13,4,3126.8,28,3,3126.6,48,5,3126.5,15,3,3127.5,27,2,3127.7,1,1,3127.9,389,3,3128.0,244,3,3128.2,87,3
2031,2026-06-16 12:26:54+05:30,3127.1,58,3129.91,2043296,127972.0,205588.0,3163.0,3163.0,3108.0,3134.3,31939400,3447.7,2820.9,3839.9,2896.0,3127.0,17,1,3126.9,13,4,3126.8,28,3,3126.6,48,5,3126.5,15,3,3127.5,27,2,3127.7,1,1,3127.9,389,3,3128.0,244,3,3128.2,87,3
2031,2026-06-16 12:26:55+05:30,3127.1,58,3129.91,2043354,127999.0,205646.0,3163.0,3163.0,3108.0,3134.3,31939400,3447.7,2820.9,3839.9,2896.0,3127.1,15,1,3127.0,16,3,3126.9,16,4,3126.8,25,2,3126.7,10,1,3127.5,27,2,3127.7,1,1,3127.9,389,3,3128.0,244,3,3128.2,66,2
2031,2026-06-16 12:26:55+05:30,3127.1,15,3129.91,2043354,127999.0,205646.0,3163.0,3163.0,3108.0,3134.3,31939400,3447.7,2820.9,3839.9,2896.0,3127.1,15,1,3127.0,16,3,3126.9,16,4,3126.8,25,2,3126.7,10,1,3127.5,27,2,3127.7,1,1,3127.9,389,3,3128.0,244,3,3128.2,66,2
2031,2026-06-16 12:26:56+05:30,3127.5,1,3129.91,2043370,127952.0,205686.0,3163.0,3163.0,3108.0,3134.3,31939400,3447.7,2820.9,3839.9,2896.0,3127.1,20,3,3127.0,18,3,3126.9,5,2,3126.8,4,1,3126.7,20,2,3127.5,26,2,3127.7,1,1,3127.9,389,3,3128.0,244,3,3128.2,87,3
2031,2026-06-16 12:26:56+05:30,3127.5,17,3129.91,2043370,127952.0,205686.0,3163.0,3163.0,3108.0,3134.3,31939400,3447.7,2820.9,3839.9,2896.0,3127.1,20,3,3127.0,18,3,3126.9,5,2,3126.8,4,1,3126.7,20,2,3127.5,26,2,3127.7,1,1,3127.9,389,3,3128.0,244,3,3128.2,87,3
2031,2026-06-16 12:26:57+05:30,3127.5,17,3129.91,2043388,127956.0,205602.0,3163.0,3163.0,3108.0,3134.3,31939400,3447.7,2820.9,3839.9,2896.0,3127.3,15,1,3127.1,20,3,3127.0,2,2,3126.9,5,2,3126.8,4,1,3127.5,31,3,3127.7,1,1,3127.9,389,3,3128.0,202,2,3128.2,87,3
2031,2026-06-16 12:26:58+05:30,3127.5,41,3129.91,2043481,128334.0,204773.0,3163.0,3163.0,3108.0,3134.3,31939400,3447.7,2820.9,3839.9,2896.0,3127.3,21,3,3127.1,56,3,3127.0,8,3,3126.9,15,2,3126.8,16,1,3127.7,1,1,3127.9,389,3,3128.0,202,2,3128.2,21,1,3128.3,200,1
2031,2026-06-16 12:26:58+05:30,3129.0,121,3129.91,2043481,128334.0,204773.0,3163.0,3163.0,3108.0,3134.3,31939400,3447.7,2820.9,3839.9,2896.0,3127.3,21,3,3127.1,56,3,3127.0,8,3,3126.9,15,2,3126.8,16,1,3127.7,1,1,3127.9,389,3,3128.0,202,2,3128.2,21,1,3128.3,200,1
2031,2026-06-16 12:26:58+05:30,3129.0,121,3129.91,2043481,128334.0,204773.0,3163.0,3163.0,3108.0,3134.3,31939400,3447.7,2820.9,3839.9,2896.0,3127.3,21,3,3127.1,56,3,3127.0,8,3,3126.9,15,2,3126.8,16,1,3127.7,1,1,3127.9,389,3,3128.0,202,2,3128.2,21,1,3128.3,200,1
2031,2026-06-16 12:26:59+05:30,3127.8,1,3129.91,2046532,130462.0,201686.0,3163.0,3163.0,3108.0,3134.3,31939400,3447.7,2820.9,3839.9,2896.0,3127.8,74,3,3127.7,14,1,3127.6,40,3,3127.5,11,2,3127.4,82,5,3129.0,23,2,3129.1,90,3,3129.2,78,5,3129.3,2,1,3129.4,182,2
2031,2026-06-16 12:26:59+05:30,3129.0,1,3129.91,2046532,130462.0,201686.0,3163.0,3163.0,3108.0,3134.3,31939400,3447.7,2820.9,3839.9,2896.0,3127.8,74,3,3127.7,14,1,3127.6,40,3,3127.5,11,2,3127.4,82,5,3129.0,23,2,3129.1,90,3,3129.2,78,5,3129.3,2,1,3129.4,182,2
2031,2026-06-16 12:27:00+05:30,3129.0,1,3129.91,2046532,130462.0,201686.0,3163.0,3163.0,3108.0,3134.3,31939400,3447.7,2820.9,3839.9,2896.0,3127.8,74,3,3127.7,14,1,3127.6,40,3,3127.5,11,2,3127.4,82,5,3129.0,23,2,3129.1,90,3,3129.2,78,5,3129.3,2,1,3129.4,182,2
2031,2026-06-16 12:27:00+05:30,3127.4,11,3129.91,2047149,129770.0,202145.0,3163.0,3163.0,3108.0,3134.3,31939400,3447.7,2820.9,3839.9,2896.0,3127.9,1,1,3127.4,19,2,3127.3,1,1,3127.2,33,2,3127.1,83,4,3128.4,13,1,3128.5,12,1,3128.6,54,4,3128.7,18,2,3128.8,163,1
2031,2026-06-16 12:27:00+05:30,3128.4,2,3129.91,2047149,129770.0,202145.0,3163.0,3163.0,3108.0,3134.3,31939400,3447.7,2820.9,3839.9,2896.0,3127.9,1,1,3127.4,19,2,3127.3,1,1,3127.2,33,2,3127.1,83,4,3128.4,13,1,3128.5,12,1,3128.6,54,4,3128.7,18,2,3128.8,163,1
2031,2026-06-16 12:27:01+05:30,3128.6,5,3129.91,2047180,129910.0,203173.0,3163.0,3163.0,3108.0,3134.3,31939400,3447.7,2820.9,3839.9,2896.0,3127.4,15,1,3127.3,1,1,3127.2,44,3,3127.1,141,7,3127.0,33,3,3128.8,53,2,3128.9,46,1,3129.0,48,4,3129.1,252,4,3129.2,236,9
2031,2026-06-16 12:27:01+05:30,3127.4,1,3129.91,2047180,129910.0,203173.0,3163.0,3163.0,3108.0,3134.3,31939400,3447.7,2820.9,3839.9,2896.0,3127.4,15,1,3127.3,1,1,3127.2,44,3,3127.1,141,7,3127.0,33,3,3128.8,53,2,3128.9,46,1,3129.0,48,4,3129.1,252,4,3129.2,236,9
2031,2026-06-16 12:27:02+05:30,3127.4,1,3129.91,2047180,129910.0,203173.0,3163.0,3163.0,3108.0,3134.3,31939400,3447.7,2820.9,3839.9,2896.0,3127.4,15,1,3127.3,1,1,3127.2,44,3,3127.1,141,7,3127.0,33,3,3128.8,53,2,3128.9,46,1,3129.0,48,4,3129.1,252,4,3129.2,236,9
2031,2026-06-16 12:27:02+05:30,3127.4,1,3129.91,2047181,129420.0,202320.0,3163.0,3163.0,3108.0,3134.3,31939400,3447.7,2820.9,3839.9,2896.0,3127.4,32,3,3127.3,27,3,3127.2,50,5,3127.1,182,6,3127.0,19,2,3128.7,12,1,3128.8,27,3,3128.9,46,1,3129.0,40,3,3129.1,69,3
2031,2026-06-16 12:27:02+05:30,3128.7,1,3129.91,2047181,129420.0,202320.0,3163.0,3163.0,3108.0,3134.3,31939400,3447.7,2820.9,3839.9,2896.0,3127.4,32,3,3127.3,27,3,3127.2,50,5,3127.1,182,6,3127.0,19,2,3128.7,12,1,3128.8,27,3,3128.9,46,1,3129.0,40,3,3129.1,69,3
2031,2026-06-16 12:27:03+05:30,3128.7,1,3129.91,2047182,129561.0,202722.0,3163.0,3163.0,3108.0,3134.3,31939400,3447.7,2820.9,3839.9,2896.0,3127.4,59,5,3127.3,13,2,3127.2,85,7,3127.1,161,5,3127.0,219,3,3128.7,16,2,3128.8,27,3,3128.9,46,1,3129.0,40,3,3129.1,69,3
2031,2026-06-16 12:27:04+05:30,3128.7,1,3129.91,2047182,129561.0,202722.0,3163.0,3163.0,3108.0,3134.3,31939400,3447.7,2820.9,3839.9,2896.0,3127.4,59,5,3127.3,13,2,3127.2,85,7,3127.1,161,5,3127.0,219,3,3128.7,16,2,3128.8,27,3,3128.9,46,1,3129.0,40,3,3129.1,69,3
2031,2026-06-16 12:27:04+05:30,3128.7,1,3129.91,2047182,129647.0,202916.0,3163.0,3163.0,3108.0,3134.3,31939400,3447.7,2820.9,3839.9,2896.0,3127.6,15,1,3127.4,130,6,3127.3,13,2,3127.2,142,7,3127.1,104,5,3128.7,16,2,3128.8,14,2,3128.9,46,1,3129.0,21,2,3129.1,67,2
2031,2026-06-16 12:27:05+05:30,3128.7,1,3129.91,2047182,129799.0,202726.0,3163.0,3163.0,3108.0,3134.3,31939400,3447.7,2820.9,3839.9,2896.0,3127.6,24,4,3127.5,58,4,3127.4,254,7,3127.3,1,1,3127.2,73,6,3128.6,1,1,3128.7,16,2,3128.8,14,2,3129.0,21,2,3129.1,67,2
2031,2026-06-16 12:27:06+05:30,3128.7,1,3129.91,2047182,129799.0,202726.0,3163.0,3163.0,3108.0,3134.3,31939400,3447.7,2820.9,3839.9,2896.0,3127.6,24,4,3127.5,58,4,3127.4,254,7,3127.3,1,1,3127.2,73,6,3128.6,1,1,3128.7,16,2,3128.8,14,2,3129.0,21,2,3129.1,67,2
2031,2026-06-16 12:27:06+05:30,3128.5,1,3129.91,2047182,129799.0,202726.0,3163.0,3163.0,3108.0,3134.3,31939400,3447.7,2820.9,3839.9,2896.0,3127.6,24,4,3127.5,58,4,3127.4,254,7,3127.3,1,1,3127.2,73,6,3128.6,1,1,3128.7,16,2,3128.8,14,2,3129.0,21,2,3129.1,67,2
2031,2026-06-16 12:27:06+05:30,3128.5,1,3129.91,2047200,130066.0,201530.0,3163.0,3163.0,3108.0,3134.3,31939400,3447.7,2820.9,3839.9,2896.0,3127.9,16,1,3127.7,23,3,3127.6,15,2,3127.5,23,1,3127.4,224,7,3128.5,72,1,3128.8,2,1,3129.0,1,1,3129.1,84,2,3129.2,112,4
2031,2026-06-16 12:27:07+05:30,3128.5,1,3129.91,2047200,130084.0,203542.0,3163.0,3163.0,3108.0,3134.3,31939400,3447.7,2820.9,3839.9,2896.0,3127.9,17,2,3127.7,23,3,3127.6,36,3,3127.5,23,1,3127.4,220,7,3128.5,72,1,3128.8,2,1,3129.0,1,1,3129.1,84,2,3129.2,110,3
2031,2026-06-16 12:27:08+05:30,3128.5,1,3129.91,2047200,130084.0,203542.0,3163.0,3163.0,3108.0,3134.3,31939400,3447.7,2820.9,3839.9,2896.0,3127.9,17,2,3127.7,23,3,3127.6,36,3,3127.5,23,1,3127.4,220,7,3128.5,72,1,3128.8,2,1,3129.0,1,1,3129.1,84,2,3129.2,110,3
2031,2026-06-16 12:27:08+05:30,3128.5,50,3129.91,2047200,130084.0,203542.0,3163.0,3163.0,3108.0,3134.3,31939400,3447.7,2820.9,3839.9,2896.0,3127.9,17,2,3127.7,23,3,3127.6,36,3,3127.5,23,1,3127.4,220,7,3128.5,72,1,3128.8,2,1,3129.0,1,1,3129.1,84,2,3129.2,110,3
2031,2026-06-16 12:27:08+05:30,3128.5,50,3129.91,2047250,130076.0,202829.0,3163.0,3163.0,3108.0,3134.3,31939400,3447.7,2820.9,3839.9,2896.0,3128.0,121,1,3127.9,31,3,3127.8,40,3,3127.7,23,3,3127.6,43,2,3128.2,1,1,3128.5,36,2,3128.8,2,1,3129.2,21,1,3129.4,242,4
2031,2026-06-16 12:27:09+05:30,3128.5,50,3129.91,2047250,130076.0,202829.0,3163.0,3163.0,3108.0,3134.3,31939400,3447.7,2820.9,3839.9,2896.0,3128.0,121,1,3127.9,31,3,3127.8,40,3,3127.7,23,3,3127.6,43,2,3128.2,1,1,3128.5,36,2,3128.8,2,1,3129.2,21,1,3129.4,242,4
2031,2026-06-16 12:27:09+05:30,3128.5,17,3129.91,2047250,130076.0,202829.0,3163.0,3163.0,3108.0,3134.3,31939400,3447.7,2820.9,3839.9,2896.0,3128.0,121,1,3127.9,31,3,3127.8,40,3,3127.7,23,3,3127.6,43,2,3128.2,1,1,3128.5,36,2,3128.8,2,1,3129.2,21,1,3129.4,242,4
2031,2026-06-16 12:27:09+05:30,3128.5,17,3129.91,2047273,130826.0,202030.0,3163.0,3163.0,3108.0,3134.3,31939400,3447.7,2820.9,3839.9,2896.0,3128.3,116,1,3128.2,92,2,3128.1,14,1,3128.0,90,4,3127.9,1,1,3128.5,19,2,3129.4,34,2,3129.5,376,3,3129.6,100,4,3129.7,63,1
2031,2026-06-16 12:27:10+05:30,3128.5,17,3129.91,2047273,130826.0,202030.0,3163.0,3163.0,3108.0,3134.3,31939400,3447.7,2820.9,3839.9,2896.0,3128.3,116,1,3128.2,92,2,3128.1,14,1,3128.0,90,4,3127.9,1,1,3128.5,19,2,3129.4,34,2,3129.5,376,3,3129.6,100,4,3129.7,63,1
2031,2026-06-16 12:27:10+05:30,3129.5,114,3129.91,2047273,130826.0,202030.0,3163.0,3163.0,3108.0,3134.3,31939400,3447.7,2820.9,3839.9,2896.0,3128.3,116,1,3128.2,92,2,3128.1,14,1,3128.0,90,4,3127.9,1,1,3128.5,19,2,3129.4,34,2,3129.5,376,3,3129.6,100,4,3129.7,63,1
2031,2026-06-16 12:27:10+05:30,3129.5,114,3129.91,2047273,130826.0,202030.0,3163.0,3163.0,3108.0,3134.3,31939400,3447.7,2820.9,3839.9,2896.0,3128.3,116,1,3128.2,92,2,3128.1,14,1,3128.0,90,4,3127.9,1,1,3128.5,19,2,3129.4,34,2,3129.5,376,3,3129.6,100,4,3129.7,63,1
2031,2026-06-16 12:27:11+05:30,3129.5,114,3129.91,2047480,131291.0,202011.0,3163.0,3163.0,3108.0,3134.3,31939400,3447.7,2820.9,3839.9,2896.0,3128.4,15,1,3128.3,7,1,3128.2,75,1,3128.0,46,2,3127.9,68,3,3129.5,230,3,3129.6,42,2,3129.7,66,2,3129.8,119,3,3129.9,109,4
2031,2026-06-16 12:27:11+05:30,3129.5,114,3129.91,2047480,131291.0,202011.0,3163.0,3163.0,3108.0,3134.3,31939400,3447.7,2820.9,3839.9,2896.0,3128.4,15,1,3128.3,7,1,3128.2,75,1,3128.0,46,2,3127.9,68,3,3129.5,230,3,3129.6,42,2,3129.7,66,2,3129.8,119,3,3129.9,109,4
2031,2026-06-16 12:27:11+05:30,3129.5,12,3129.91,2047480,131291.0,202011.0,3163.0,3163.0,3108.0,3134.3,31939400,3447.7,2820.9,3839.9,2896.0,3128.4,15,1,3128.3,7,1,3128.2,75,1,3128.0,46,2,3127.9,68,3,3129.5,230,3,3129.6,42,2,3129.7,66,2,3129.8,119,3,3129.9,109,4
2031,2026-06-16 12:27:11+05:30,3129.5,12,3129.91,2047480,131291.0,202011.0,3163.0,3163.0,3108.0,3134.3,31939400,3447.7,2820.9,3839.9,2896.0,3128.4,15,1,3128.3,7,1,3128.2,75,1,3128.0,46,2,3127.9,68,3,3129.5,230,3,3129.6,42,2,3129.7,66,2,3129.8,119,3,3129.9,109,4
2031,2026-06-16 12:27:12+05:30,3129.5,1,3129.91,2047493,130977.0,199647.0,3163.0,3163.0,3108.0,3134.3,31939400,3447.7,2820.9,3839.9,2896.0,3128.5,16,1,3128.4,1,1,3128.3,7,1,3128.1,5,1,3128.0,52,3,3129.5,194,2,3129.7,65,2,3129.8,80,2,3129.9,66,3,3130.0,263,8
2031,2026-06-16 12:27:12+05:30,3128.5,45,3129.91,2047493,130977.0,199647.0,3163.0,3163.0,3108.0,3134.3,31939400,3447.7,2820.9,3839.9,2896.0,3128.5,16,1,3128.4,1,1,3128.3,7,1,3128.1,5,1,3128.0,52,3,3129.5,194,2,3129.7,65,2,3129.8,80,2,3129.9,66,3,3130.0,263,8
2031,2026-06-16 12:27:12+05:30,3128.5,45,3129.91,2047493,130977.0,199647.0,3163.0,3163.0,3108.0,3134.3,31939400,3447.7,2820.9,3839.9,2896.0,3128.5,16,1,3128.4,1,1,3128.3,7,1,3128.1,5,1,3128.0,52,3,3129.5,194,2,3129.7,65,2,3129.8,80,2,3129.9,66,3,3130.0,263,8
2031,2026-06-16 12:27:13+05:30,3128.5,45,3129.91,2047538,130505.0,202257.0,3163.0,3163.0,3108.0,3134.3,31939400,3447.7,2820.9,3839.9,2896.0,3128.7,16,1,3128.5,1,1,3128.4,1,1,3128.3,7,1,3128.0,60,3,3129.5,259,4,3129.6,19,1,3129.7,48,2,3129.8,80,2,3129.9,105,4
2031,2026-06-16 12:27:13+05:30,3129.5,75,3129.91,2047538,130505.0,202257.0,3163.0,3163.0,3108.0,3134.3,31939400,3447.7,2820.9,3839.9,2896.0,3128.7,16,1,3128.5,1,1,3128.4,1,1,3128.3,7,1,3128.0,60,3,3129.5,259,4,3129.6,19,1,3129.7,48,2,3129.8,80,2,3129.9,105,4
2031,2026-06-16 12:27:13+05:30,3129.5,75,3129.91,2047538,130505.0,202257.0,3163.0,3163.0,3108.0,3134.3,31939400,3447.7,2820.9,3839.9,2896.0,3128.7,16,1,3128.5,1,1,3128.4,1,1,3128.3,7,1,3128.0,60,3,3129.5,259,4,3129.6,19,1,3129.7,48,2,3129.8,80,2,3129.9,105,4
2031,2026-06-16 12:27:14+05:30,3128.8,2,3129.91,2047618,130516.0,201978.0,3163.0,3163.0,3108.0,3134.3,31939400,3447.7,2820.9,3839.9,2896.0,3128.8,15,1,3128.7,43,2,3128.5,1,1,3128.4,1,1,3128.3,7,1,3129.5,184,4,3129.6,19,1,3129.8,80,2,3129.9,53,4,3130.0,296,8
2031,2026-06-16 12:27:14+05:30,3128.8,2,3129.91,2047618,130516.0,201978.0,3163.0,3163.0,3108.0,3134.3,31939400,3447.7,2820.9,3839.9,2896.0,3128.8,15,1,3128.7,43,2,3128.5,1,1,3128.4,1,1,3128.3,7,1,3129.5,184,4,3129.6,19,1,3129.8,80,2,3129.9,53,4,3130.0,296,8
2031,2026-06-16 12:27:14+05:30,3129.1,16,3129.91,2047618,130516.0,201978.0,3163.0,3163.0,3108.0,3134.3,31939400,3447.7,2820.9,3839.9,2896.0,3128.8,15,1,3128.7,43,2,3128.5,1,1,3128.4,1,1,3128.3,7,1,3129.5,184,4,3129.6,19,1,3129.8,80,2,3129.9,53,4,3130.0,296,8
2031,2026-06-16 12:27:15+05:30,3129.1,16,3129.91,2047634,130593.0,201457.0,3163.0,3163.0,3108.0,3134.3,31939400,3447.7,2820.9,3839.9,2896.0,3129.1,16,1,3128.8,2,2,3128.7,43,2,3128.5,17,2,3128.4,1,1,3129.4,60,1,3129.5,182,3,3129.8,64,3,3129.9,51,3,3130.0,296,8
2031,2026-06-16 12:27:15+05:30,3129.1,16,3129.91,2047634,130593.0,201457.0,3163.0,3163.0,3108.0,3134.3,31939400,3447.7,2820.9,3839.9,2896.0,3129.1,16,1,3128.8,2,2,3128.7,43,2,3128.5,17,2,3128.4,1,1,3129.4,60,1,3129.5,182,3,3129.8,64,3,3129.9,51,3,3130.0,296,8
2031,2026-06-16 12:27:15+05:30,3129.1,2,3129.91,2047634,130593.0,201457.0,3163.0,3163.0,3108.0,3134.3,31939400,3447.7,2820.9,3839.9,2896.0,3129.1,16,1,3128.8,2,2,3128.7,43,2,3128.5,17,2,3128.4,1,1,3129.4,60,1,3129.5,182,3,3129.8,64,3,3129.9,51,3,3130.0,296,8
2031,2026-06-16 12:27:16+05:30,3129.4,1,3129.91,2047642,130987.0,201580.0,3163.0,3163.0,3108.0,3134.3,31939400,3447.7,2820.9,3839.9,2896.0,3129.3,2,2,3129.2,17,1,3129.1,41,3,3128.8,2,2,3128.7,43,2,3129.4,85,2,3129.5,156,2,3129.8,62,2,3129.9,1,1,3130.0,169,5
2031,2026-06-16 12:27:16+05:30,3129.4,1,3129.91,2047642,130987.0,201580.0,3163.0,3163.0,3108.0,3134.3,31939400,3447.7,2820.9,3839.9,2896.0,3129.3,2,2,3129.2,17,1,3129.1,41,3,3128.8,2,2,3128.7,43,2,3129.4,85,2,3129.5,156,2,3129.8,62,2,3129.9,1,1,3130.0,169,5
2031,2026-06-16 12:27:16+05:30,3129.1,16,3129.91,2047642,130987.0,201580.0,3163.0,3163.0,3108.0,3134.3,31939400,3447.7,2820.9,3839.9,2896.0,3129.3,2,2,3129.2,17,1,3129.1,41,3,3128.8,2,2,3128.7,43,2,3129.4,85,2,3129.5,156,2,3129.8,62,2,3129.9,1,1,3130.0,169,5
2031,2026-06-16 12:27:17+05:30,3129.1,16,3129.91,2047642,130987.0,201580.0,3163.0,3163.0,3108.0,3134.3,31939400,3447.7,2820.9,3839.9,2896.0,3129.3,2,2,3129.2,17,1,3129.1,41,3,3128.8,2,2,3128.7,43,2,3129.4,85,2,3129.5,156,2,3129.8,62,2,3129.9,1,1,3130.0,169,5
2031,2026-06-16 12:27:17+05:30,3129.1,16,3129.91,2047826,131143.0,199693.0,3163.0,3163.0,3108.0,3134.3,31939400,3447.7,2820.9,3839.9,2896.0,3129.1,24,3,3128.8,19,3,3128.7,43,2,3128.5,23,2,3128.4,47,2,3129.5,156,2,3129.8,62,2,3129.9,1,1,3130.0,169,5,3130.2,42,3
2031,2026-06-16 12:27:17+05:30,3129.1,3,3129.91,2047826,131143.0,199693.0,3163.0,3163.0,3108.0,3134.3,31939400,3447.7,2820.9,3839.9,2896.0,3129.1,24,3,3128.8,19,3,3128.7,43,2,3128.5,23,2,3128.4,47,2,3129.5,156,2,3129.8,62,2,3129.9,1,1,3130.0,169,5,3130.2,42,3
2031,2026-06-16 12:27:18+05:30,3129.1,3,3129.91,2047826,131143.0,199693.0,3163.0,3163.0,3108.0,3134.3,31940000,3447.7,2820.9,3839.9,2896.0,3129.1,24,3,3128.8,19,3,3128.7,43,2,3128.5,23,2,3128.4,47,2,3129.5,156,2,3129.8,62,2,3129.9,1,1,3130.0,169,5,3130.2,42,3
2031,2026-06-16 12:27:18+05:30,3129.5,1,3129.91,2047831,131625.0,201685.0,3163.0,3163.0,3108.0,3134.3,31940000,3447.7,2820.9,3839.9,2896.0,3129.2,15,1,3129.1,21,3,3128.8,2,2,3128.7,43,2,3128.5,1,1,3129.5,154,2,3129.8,62,2,3129.9,22,3,3130.0,169,5,3130.2,70,3
2031,2026-06-16 12:27:18+05:30,3129.2,36,3129.91,2047831,131625.0,201685.0,3163.0,3163.0,3108.0,3134.3,31940000,3447.7,2820.9,3839.9,2896.0,3129.2,15,1,3129.1,21,3,3128.8,2,2,3128.7,43,2,3128.5,1,1,3129.5,154,2,3129.8,62,2,3129.9,22,3,3130.0,169,5,3130.2,70,3
2031,2026-06-16 12:27:18+05:30,3129.2,36,3129.91,2047867,131642.0,201756.0,3163.0,3163.0,3108.0,3134.3,31940000,3447.7,2820.9,3839.9,2896.0,3129.2,16,2,3129.1,21,3,3128.8,2,2,3128.7,43,2,3128.5,1,1,3129.5,154,2,3129.6,19,1,3129.8,85,3,3129.9,184,3,3130.0,232,8
2031,2026-06-16 12:27:19+05:30,3129.5,1,3129.91,2047867,131642.0,201756.0,3163.0,3163.0,3108.0,3134.3,31940000,3447.7,2820.9,3839.9,2896.0,3129.2,16,2,3129.1,21,3,3128.8,2,2,3128.7,43,2,3128.5,1,1,3129.5,154,2,3129.6,19,1,3129.8,85,3,3129.9,184,3,3130.0,232,8
2031,2026-06-16 12:27:19+05:30,3129.5,1,3129.91,2047868,131185.0,201313.0,3163.0,3163.0,3108.0,3134.3,31940000,3447.7,2820.9,3839.9,2896.0,3129.3,16,1,3129.2,1,1,3129.1,21,3,3128.8,1,1,3128.7,43,2,3129.5,157,3,3129.6,19,1,3129.8,115,4,3129.9,20,2,3130.0,202,7
2031,2026-06-16 12:27:20+05:30,3129.5,1,3129.91,2047868,131185.0,201313.0,3163.0,3163.0,3108.0,3134.3,31940000,3447.7,2820.9,3839.9,2896.0,3129.3,16,1,3129.2,1,1,3129.1,21,3,3128.8,1,1,3128.7,43,2,3129.5,157,3,3129.6,19,1,3129.8,115,4,3129.9,20,2,3130.0,202,7
2031,2026-06-16 12:27:20+05:30,3129.5,1,3129.91,2048046,131134.0,201595.0,3163.0,3163.0,3108.0,3134.3,31940000,3447.7,2820.9,3839.9,2896.0,3129.3,1,1,3129.2,1,1,3129.1,21,3,3128.8,1,1,3128.7,1,1,3129.5,34,3,3129.6,42,2,3129.8,85,3,3129.9,50,3,3130.0,221,7
2031,2026-06-16 12:27:21+05:30,3129.1,5,3129.91,2048046,131134.0,201595.0,3163.0,3163.0,3108.0,3134.3,31940000,3447.7,2820.9,3839.9,2896.0,3129.3,1,1,3129.2,1,1,3129.1,21,3,3128.8,1,1,3128.7,1,1,3129.5,34,3,3129.6,42,2,3129.8,85,3,3129.9,50,3,3130.0,221,7
2031,2026-06-16 12:27:22+05:30,3129.1,5,3129.91,2048078,130608.0,201898.0,3163.0,3163.0,3108.0,3134.3,31940000,3447.7,2820.9,3839.9,2896.0,3129.1,19,3,3128.8,1,1,3128.7,1,1,3128.5,1,1,3128.4,1,1,3129.3,13,1,3129.4,85,5,3129.5,15,2,3129.6,12,1,3129.8,160,6
2031,2026-06-16 12:27:22+05:30,3129.3,1,3129.91,2048078,130608.0,201898.0,3163.0,3163.0,3108.0,3134.3,31940000,3447.7,2820.9,3839.9,2896.0,3129.1,19,3,3128.8,1,1,3128.7,1,1,3128.5,1,1,3128.4,1,1,3129.3,13,1,3129.4,85,5,3129.5,15,2,3129.6,12,1,3129.8,160,6
2031,2026-06-16 12:27:23+05:30,3129.3,1,3129.91,2048088,129883.0,202096.0,3163.0,3163.0,3108.0,3134.3,31940000,3447.7,2820.9,3839.9,2896.0,3129.1,13,3,3128.8,1,1,3128.7,1,1,3128.5,1,1,3128.4,1,1,3129.3,11,1,3129.4,61,3,3129.5,15,2,3129.6,12,1,3129.7,2,1
2031,2026-06-16 12:27:24+05:30,3129.3,1,3129.91,2048088,129857.0,201911.0,3163.0,3163.0,3108.0,3134.3,31940000,3447.7,2820.9,3839.9,2896.0,3129.1,13,3,3128.8,1,1,3128.7,1,1,3128.5,1,1,3128.4,1,1,3129.3,11,1,3129.4,61,3,3129.5,15,2,3129.6,12,1,3129.8,133,5
2031,2026-06-16 12:27:25+05:30,3129.1,31,3129.91,2048261,129370.0,202668.0,3163.0,3163.0,3108.0,3134.3,31940000,3447.7,2820.9,3839.9,2896.0,3128.8,1,1,3128.7,1,1,3128.5,1,1,3128.4,1,1,3128.3,7,1,3129.0,12,1,3129.1,62,3,3129.2,68,4,3129.3,35,3,3129.4,58,3
2031,2026-06-16 12:27:25+05:30,3129.1,31,3129.91,2048261,129370.0,202668.0,3163.0,3163.0,3108.0,3134.3,31940000,3447.7,2820.9,3839.9,2896.0,3128.8,1,1,3128.7,1,1,3128.5,1,1,3128.4,1,1,3128.3,7,1,3129.0,12,1,3129.1,62,3,3129.2,68,4,3129.3,35,3,3129.4,58,3
2031,2026-06-16 12:27:26+05:30,3129.1,31,3129.91,2048261,129617.0,202451.0,3163.0,3163.0,3108.0,3134.3,31940000,3447.7,2820.9,3839.9,2896.0,3128.8,1,1,3128.7,1,1,3128.5,1,1,3128.4,1,1,3128.3,7,1,3129.0,57,7,3129.1,13,1,3129.2,102,5,3129.3,106,5,3129.4,58,3
2031,2026-06-16 12:27:26+05:30,3128.3,3,3129.91,2048261,129617.0,202451.0,3163.0,3163.0,3108.0,3134.3,31940000,3447.7,2820.9,3839.9,2896.0,3128.8,1,1,3128.7,1,1,3128.5,1,1,3128.4,1,1,3128.3,7,1,3129.0,57,7,3129.1,13,1,3129.2,102,5,3129.3,106,5,3129.4,58,3
2031,2026-06-16 12:27:27+05:30,3128.3,3,3129.91,2048293,130127.0,202785.0,3163.0,3163.0,3108.0,3134.3,31940000,3447.7,2820.9,3839.9,2896.0,3128.5,35,1,3128.3,4,1,3128.2,15,1,3128.0,7,1,3127.9,1,1,3128.9,13,1,3129.0,68,7,3129.1,13,1,3129.2,78,3,3129.3,71,2
2031,2026-06-16 12:27:27+05:30,3128.2,70,3129.91,2048293,130127.0,202785.0,3163.0,3163.0,3108.0,3134.3,31940000,3447.7,2820.9,3839.9,2896.0,3128.5,35,1,3128.3,4,1,3128.2,15,1,3128.0,7,1,3127.9,1,1,3128.9,13,1,3129.0,68,7,3129.1,13,1,3129.2,78,3,3129.3,71,2
2031,2026-06-16 12:27:28+05:30,3128.2,1,3129.91,2048454,128762.0,202988.0,3163.0,3163.0,3108.0,3134.3,31940000,3447.7,2820.9,3839.9,2896.0,3128.0,7,1,3127.9,1,1,3127.7,2,1,3127.6,1,1,3127.4,76,4,3128.2,39,1,3128.9,141,4,3129.0,64,6,3129.1,15,2,3129.2,100,4
2031,2026-06-16 12:27:28+05:30,3128.2,1,3129.91,2048454,128762.0,202988.0,3163.0,3163.0,3108.0,3134.3,31940000,3447.7,2820.9,3839.9,2896.0,3128.0,7,1,3127.9,1,1,3127.7,2,1,3127.6,1,1,3127.4,76,4,3128.2,39,1,3128.9,141,4,3129.0,64,6,3129.1,15,2,3129.2,100,4
2031,2026-06-16 12:27:29+05:30,3128.2,1,3129.91,2048455,128840.0,202887.0,3163.0,3163.0,3108.0,3134.3,31940000,3447.7,2820.9,3839.9,2896.0,3128.0,47,2,3127.9,18,2,3127.7,2,1,3127.6,1,1,3127.4,197,7,3128.2,64,3,3128.9,78,3,3129.0,26,2,3129.1,13,1,3129.2,100,4
2031,2026-06-16 12:27:29+05:30,3128.0,25,3129.91,2048455,128840.0,202887.0,3163.0,3163.0,3108.0,3134.3,31940000,3447.7,2820.9,3839.9,2896.0,3128.0,47,2,3127.9,18,2,3127.7,2,1,3127.6,1,1,3127.4,197,7,3128.2,64,3,3128.9,78,3,3129.0,26,2,3129.1,13,1,3129.2,100,4
2031,2026-06-16 12:27:30+05:30,3128.2,1,3129.91,2048488,129435.0,202959.0,3163.0,3163.0,3108.0,3134.3,31940000,3447.7,2820.9,3839.9,2896.0,3128.0,27,3,3127.9,18,2,3127.7,2,1,3127.6,1,1,3127.4,104,5,3128.2,64,4,3128.9,32,2,3129.0,26,2,3129.1,43,2,3129.2,120,5
2031,2026-06-16 12:27:30+05:30,3128.2,1,3129.91,2048488,129435.0,202959.0,3163.0,3163.0,3108.0,3134.3,31940000,3447.7,2820.9,3839.9,2896.0,3128.0,27,3,3127.9,18,2,3127.7,2,1,3127.6,1,1,3127.4,104,5,3128.2,64,4,3128.9,32,2,3129.0,26,2,3129.1,43,2,3129.2,120,5
2031,2026-06-16 12:27:31+05:30,3128.0,1,3129.9,2048521,129630.0,200788.0,3163.0,3163.0,3108.0,3134.3,31940000,3447.7,2820.9,3839.9,2896.0,3128.0,12,3,3127.9,18,2,3127.8,14,1,3127.7,2,1,3127.6,1,1,3128.2,64,4,3128.9,13,1,3129.0,72,3,3129.1,13,1,3129.2,96,3
2031,2026-06-16 12:27:31+05:30,3128.0,1,3129.9,2048521,129630.0,200788.0,3163.0,3163.0,3108.0,3134.3,31940000,3447.7,2820.9,3839.9,2896.0,3128.0,12,3,3127.9,18,2,3127.8,14,1,3127.7,2,1,3127.6,1,1,3128.2,64,4,3128.9,13,1,3129.0,72,3,3129.1,13,1,3129.2,96,3
2031,2026-06-16 12:27:32+05:30,3128.0,1,3129.9,2048521,129632.0,202581.0,3163.0,3163.0,3108.0,3134.3,31940000,3447.7,2820.9,3839.9,2896.0,3128.0,14,4,3127.9,18,2,3127.8,14,1,3127.7,2,1,3127.6,1,1,3128.2,64,4,3128.9,13,1,3129.0,72,3,3129.1,13,1,3129.2,96,3
2031,2026-06-16 12:27:32+05:30,3128.0,2,3129.9,2048521,129632.0,202581.0,3163.0,3163.0,3108.0,3134.3,31940000,3447.7,2820.9,3839.9,2896.0,3128.0,14,4,3127.9,18,2,3127.8,14,1,3127.7,2,1,3127.6,1,1,3128.2,64,4,3128.9,13,1,3129.0,72,3,3129.1,13,1,3129.2,96,3
2031,2026-06-16 12:27:33+05:30,3128.2,1,3129.9,2048601,129842.0,202794.0,3163.0,3163.0,3108.0,3134.3,31940000,3447.7,2820.9,3839.9,2896.0,3128.3,1,1,3128.0,13,4,3127.9,18,2,3127.7,2,1,3127.6,1,1,3128.9,13,1,3129.0,6,1,3129.1,13,1,3129.2,94,3,3129.3,26,1
2031,2026-06-16 12:27:33+05:30,3128.2,1,3129.9,2048601,129842.0,202794.0,3163.0,3163.0,3108.0,3134.3,31940000,3447.7,2820.9,3839.9,2896.0,3128.3,1,1,3128.0,13,4,3127.9,18,2,3127.7,2,1,3127.6,1,1,3128.9,13,1,3129.0,6,1,3129.1,13,1,3129.2,94,3,3129.3,26,1
2031,2026-06-16 12:27:34+05:30,3128.3,1,3129.9,2048602,130068.0,202633.0,3163.0,3163.0,3108.0,3134.3,31940000,3447.7,2820.9,3839.9,2896.0,3128.0,13,4,3127.9,18,2,3127.7,2,1,3127.6,1,1,3127.5,188,3,3128.9,13,1,3129.0,6,1,3129.1,13,1,3129.2,94,3,3129.3,26,1
2031,2026-06-16 12:27:34+05:30,3128.0,4,3129.9,2048602,130068.0,202633.0,3163.0,3163.0,3108.0,3134.3,31940000,3447.7,2820.9,3839.9,2896.0,3128.0,13,4,3127.9,18,2,3127.7,2,1,3127.6,1,1,3127.5,188,3,3128.9,13,1,3129.0,6,1,3129.1,13,1,3129.2,94,3,3129.3,26,1
2031,2026-06-16 12:27:35+05:30,3128.9,1,3129.9,2048622,129779.0,203159.0,3163.0,3163.0,3108.0,3134.3,31940000,3447.7,2820.9,3839.9,2896.0,3128.3,1,1,3128.0,9,4,3127.9,18,2,3127.7,2,1,3127.6,1,1,3128.9,19,1,3129.0,25,2,3129.2,101,4,3129.3,118,3,3129.4,241,3
2031,2026-06-16 12:27:35+05:30,3128.4,1,3129.9,2048622,129779.0,203159.0,3163.0,3163.0,3108.0,3134.3,31940000,3447.7,2820.9,3839.9,2896.0,3128.3,1,1,3128.0,9,4,3127.9,18,2,3127.7,2,1,3127.6,1,1,3128.9,19,1,3129.0,25,2,3129.2,101,4,3129.3,118,3,3129.4,241,3
2031,2026-06-16 12:27:36+05:30,3129.0,15,3129.9,2048668,129935.0,202879.0,3163.0,3163.0,3108.0,3134.3,31940000,3447.7,2820.9,3839.9,2896.0,3128.5,17,1,3128.4,1,1,3128.3,1,1,3128.0,9,4,3127.9,1,1,3129.0,6,1,3129.1,48,2,3129.2,32,1,3129.3,200,1,3129.4,436,5
2031,2026-06-16 12:27:36+05:30,3128.5,45,3129.9,2048668,129935.0,202879.0,3163.0,3163.0,3108.0,3134.3,31940000,3447.7,2820.9,3839.9,2896.0,3128.5,17,1,3128.4,1,1,3128.3,1,1,3128.0,9,4,3127.9,1,1,3129.0,6,1,3129.1,48,2,3129.2,32,1,3129.3,200,1,3129.4,436,5
2031,2026-06-16 12:27:37+05:30,3128.5,45,3129.9,2048713,130159.0,202936.0,3163.0,3163.0,3108.0,3134.3,31940000,3447.7,2820.9,3839.9,2896.0,3128.5,17,1,3128.4,1,1,3128.3,1,1,3128.0,9,4,3127.9,1,1,3128.9,13,1,3129.0,67,3,3129.1,66,3,3129.2,32,1,3129.3,294,4
2031,2026-06-16 12:27:37+05:30,3128.5,23,3129.9,2048713,130159.0,202936.0,3163.0,3163.0,3108.0,3134.3,31940000,3447.7,2820.9,3839.9,2896.0,3128.5,17,1,3128.4,1,1,3128.3,1,1,3128.0,9,4,3127.9,1,1,3128.9,13,1,3129.0,67,3,3129.1,66,3,3129.2,32,1,3129.3,294,4
2031,2026-06-16 12:27:38+05:30,3128.5,23,3129.9,2048736,130211.0,203070.0,3163.0,3163.0,3108.0,3134.3,31940000,3447.7,2820.9,3839.9,2896.0,3128.5,18,2,3128.4,1,1,3128.3,1,1,3128.0,4,3,3127.9,1,1,3128.9,13,1,3129.0,49,3,3129.1,20,2,3129.2,32,1,3129.3,48,2
2031,2026-06-16 12:27:38+05:30,3128.9,1,3129.9,2048736,130211.0,203070.0,3163.0,3163.0,3108.0,3134.3,31940000,3447.7,2820.9,3839.9,2896.0,3128.5,18,2,3128.4,1,1,3128.3,1,1,3128.0,4,3,3127.9,1,1,3128.9,13,1,3129.0,49,3,3129.1,20,2,3129.2,32,1,3129.3,48,2
2031,2026-06-16 12:27:39+05:30,3128.9,1,3129.9,2048737,130113.0,203483.0,3163.0,3163.0,3108.0,3134.3,31940000,3447.7,2820.9,3839.9,2896.0,3128.7,4,1,3128.5,18,2,3128.4,1,1,3128.3,1,1,3128.0,4,3,3128.9,12,1,3129.0,20,2,3129.1,12,1,3129.2,32,1,3129.3,19,1
2031,2026-06-16 12:27:39+05:30,3128.9,1,3129.9,2048737,130113.0,203483.0,3163.0,3163.0,3108.0,3134.3,31940000,3447.7,2820.9,3839.9,2896.0,3128.7,4,1,3128.5,18,2,3128.4,1,1,3128.3,1,1,3128.0,4,3,3128.9,12,1,3129.0,20,2,3129.1,12,1,3129.2,32,1,3129.3,19,1
2031,2026-06-16 12:27:40+05:30,3128.9,5,3129.9,2048743,130135.0,203485.0,3163.0,3163.0,3108.0,3134.3,31940000,3447.7,2820.9,3839.9,2896.0,3128.8,16,1,3128.7,4,1,3128.5,1,1,3128.4,1,1,3128.0,6,4,3128.9,14,2,3129.0,20,2,3129.1,12,1,3129.2,61,2,3129.3,57,2
2031,2026-06-16 12:27:40+05:30,3128.9,8,3129.9,2048743,130135.0,203485.0,3163.0,3163.0,3108.0,3134.3,31940000,3447.7,2820.9,3839.9,2896.0,3128.8,16,1,3128.7,4,1,3128.5,1,1,3128.4,1,1,3128.0,6,4,3128.9,14,2,3129.0,20,2,3129.1,12,1,3129.2,61,2,3129.3,57,2
2031,2026-06-16 12:27:41+05:30,3129.0,45,3129.9,2048817,130495.0,202785.0,3163.0,3163.0,3108.0,3134.3,31940000,3447.7,2820.9,3839.9,2896.0,3128.9,16,1,3128.7,4,1,3128.5,1,1,3128.4,1,1,3128.0,6,4,3129.2,12,1,3129.3,18,1,3129.4,55,3,3129.5,23,2,3129.6,253,5
2031,2026-06-16 12:27:41+05:30,3129.2,7,3129.9,2048817,130495.0,202785.0,3163.0,3163.0,3108.0,3134.3,31940000,3447.7,2820.9,3839.9,2896.0,3128.9,16,1,3128.7,4,1,3128.5,1,1,3128.4,1,1,3128.0,6,4,3129.2,12,1,3129.3,18,1,3129.4,55,3,3129.5,23,2,3129.6,253,5
2031,2026-06-16 12:27:42+05:30,3128.9,8,3129.9,2048833,131139.0,202595.0,3163.0,3163.0,3108.0,3134.3,31940000,3447.7,2820.9,3839.9,2896.0,3128.9,58,2,3128.7,4,1,3128.5,1,1,3128.4,1,1,3128.3,42,2,3129.2,7,1,3129.5,3,1,3129.6,31,2,3129.7,154,1,3129.8,83,3
2031,2026-06-16 12:27:42+05:30,3128.9,8,3129.9,2048833,131139.0,202595.0,3163.0,3163.0,3108.0,3134.3,31940000,3447.7,2820.9,3839.9,2896.0,3128.9,58,2,3128.7,4,1,3128.5,1,1,3128.4,1,1,3128.3,42,2,3129.2,7,1,3129.5,3,1,3129.6,31,2,3129.7,154,1,3129.8,83,3
2031,2026-06-16 12:27:43+05:30,3128.9,8,3129.9,2048833,130906.0,202483.0,3163.0,3163.0,3108.0,3134.3,31940000,3447.7,2820.9,3839.9,2896.0,3128.9,58,2,3128.7,4,1,3128.5,1,1,3128.4,1,1,3128.1,26,1,3129.2,7,1,3129.5,21,2,3129.6,13,1,3129.7,220,4,3129.8,83,3
2031,2026-06-16 12:27:43+05:30,3129.2,1,3129.9,2048833,130906.0,202483.0,3163.0,3163.0,3108.0,3134.3,31940000,3447.7,2820.9,3839.9,2896.0,3128.9,58,2,3128.7,4,1,3128.5,1,1,3128.4,1,1,3128.1,26,1,3129.2,7,1,3129.5,21,2,3129.6,13,1,3129.7,220,4,3129.8,83,3
2031,2026-06-16 12:27:44+05:30,3129.1,4,3129.9,2048838,131016.0,202658.0,3163.0,3163.0,3108.0,3134.3,31940000,3447.7,2820.9,3839.9,2896.0,3129.1,13,1,3128.9,50,1,3128.7,4,1,3128.5,1,1,3128.4,1,1,3129.2,6,1,3129.5,3,1,3129.6,31,2,3129.7,154,1,3129.8,83,3
2031,2026-06-16 12:27:44+05:30,3129.2,6,3129.9,2048838,131016.0,202658.0,3163.0,3163.0,3108.0,3134.3,31940000,3447.7,2820.9,3839.9,2896.0,3129.1,13,1,3128.9,50,1,3128.7,4,1,3128.5,1,1,3128.4,1,1,3129.2,6,1,3129.5,3,1,3129.6,31,2,3129.7,154,1,3129.8,83,3
2031,2026-06-16 12:27:45+05:30,3129.2,1,3129.9,2048845,131243.0,200426.0,3163.0,3163.0,3108.0,3134.3,31940000,3447.7,2820.9,3839.9,2896.0,3129.2,10,2,3129.1,1,1,3128.9,50,1,3128.7,16,1,3128.5,1,1,3129.4,12,1,3129.5,3,1,3129.6,13,1,3129.8,62,2,3129.9,266,4
2031,2026-06-16 12:27:45+05:30,3129.5,19,3129.9,2048845,131243.0,200426.0,3163.0,3163.0,3108.0,3134.3,31940000,3447.7,2820.9,3839.9,2896.0,3129.2,10,2,3129.1,1,1,3128.9,50,1,3128.7,16,1,3128.5,1,1,3129.4,12,1,3129.5,3,1,3129.6,13,1,3129.8,62,2,3129.9,266,4
2031,2026-06-16 12:27:46+05:30,3129.4,33,3129.9,2049172,131790.0,201914.0,3163.0,3163.0,3108.0,3134.3,31940000,3447.7,2820.9,3839.9,2896.0,3129.3,2,2,3129.2,2,2,3129.1,1,1,3128.9,68,2,3128.6,20,1,3129.4,6,1,3129.8,2,1,3129.9,1,1,3130.0,369,6,3130.1,202,2
2031,2026-06-16 12:27:46+05:30,3129.4,6,3129.9,2049172,131790.0,201914.0,3163.0,3163.0,3108.0,3134.3,31940000,3447.7,2820.9,3839.9,2896.0,3129.3,2,2,3129.2,2,2,3129.1,1,1,3128.9,68,2,3128.6,20,1,3129.4,6,1,3129.8,2,1,3129.9,1,1,3130.0,369,6,3130.1,202,2
2031,2026-06-16 12:27:47+05:30,3129.4,6,3129.9,2049178,132380.0,201713.0,3163.0,3163.0,3108.0,3134.3,31940000,3447.7,2820.9,3839.9,2896.0,3129.4,2,1,3129.3,39,3,3129.2,2,2,3129.1,16,2,3128.9,70,2,3129.8,2,1,3129.9,1,1,3130.0,369,6,3130.1,202,2,3130.2,324,7
2031,2026-06-16 12:27:47+05:30,3129.1,2,3129.9,2049178,132380.0,201713.0,3163.0,3163.0,3108.0,3134.3,31940000,3447.7,2820.9,3839.9,2896.0,3129.4,2,1,3129.3,39,3,3129.2,2,2,3129.1,16,2,3128.9,70,2,3129.8,2,1,3129.9,1,1,3130.0,369,6,3130.1,202,2,3130.2,324,7
2031,2026-06-16 12:27:48+05:30,3129.1,2,3129.9,2049248,132084.0,201834.0,3163.0,3163.0,3108.0,3134.3,31940000,3447.7,2820.9,3839.9,2896.0,3129.4,1,1,3129.3,16,1,3129.1,1,1,3128.9,50,1,3128.5,1,1,3129.6,1,1,3129.7,12,1,3129.8,32,3,3129.9,1,1,3130.0,395,7
2031,2026-06-16 12:27:48+05:30,3129.6,3,3129.9,2049248,132084.0,201834.0,3163.0,3163.0,3108.0,3134.3,31940000,3447.7,2820.9,3839.9,2896.0,3129.4,1,1,3129.3,16,1,3129.1,1,1,3128.9,50,1,3128.5,1,1,3129.6,1,1,3129.7,12,1,3129.8,32,3,3129.9,1,1,3130.0,395,7
2031,2026-06-16 12:27:49+05:30,3129.5,1,3129.9,2049436,131240.0,202162.0,3163.0,3163.0,3108.0,3134.3,31940000,3447.7,2820.9,3839.9,2896.0,3129.1,1,1,3128.9,50,1,3128.5,1,1,3128.4,1,1,3128.3,17,1,3129.5,23,2,3129.6,42,5,3129.7,47,3,3129.8,31,3,3129.9,181,4
2031,2026-06-16 12:27:49+05:30,3129.5,1,3129.9,2049436,131240.0,202162.0,3163.0,3163.0,3108.0,3134.3,31940000,3447.7,2820.9,3839.9,2896.0,3129.1,1,1,3128.9,50,1,3128.5,1,1,3128.4,1,1,3128.3,17,1,3129.5,23,2,3129.6,42,5,3129.7,47,3,3129.8,31,3,3129.9,181,4
2031,2026-06-16 12:27:50+05:30,3129.5,1,3129.9,2049436,131262.0,201866.0,3163.0,3163.0,3108.0,3134.3,31940000,3447.7,2820.9,3839.9,2896.0,3129.1,1,1,3128.9,50,1,3128.5,1,1,3128.4,1,1,3128.3,17,1,3129.5,11,1,3129.6,12,3,3129.7,47,3,3129.8,31,3,3129.9,26,3
2031,2026-06-16 12:27:51+05:30,3129.5,1,3129.9,2049436,131093.0,200080.0,3163.0,3163.0,3108.0,3134.3,31940000,3447.7,2820.9,3839.9,2896.0,3129.1,15,2,3128.9,50,1,3128.5,1,1,3128.4,47,2,3128.3,17,1,3129.2,3,1,3129.5,41,1,3129.6,3,2,3129.8,2,1,3129.9,165,2
2031,2026-06-16 12:27:51+05:30,3128.3,93,3129.9,2049436,131093.0,200080.0,3163.0,3163.0,3108.0,3134.3,31940000,3447.7,2820.9,3839.9,2896.0,3129.1,15,2,3128.9,50,1,3128.5,1,1,3128.4,47,2,3128.3,17,1,3129.2,3,1,3129.5,41,1,3129.6,3,2,3129.8,2,1,3129.9,165,2
2031,2026-06-16 12:27:51+05:30,3128.3,93,3129.9,2049753,129045.0,202625.0,3163.0,3163.0,3108.0,3134.3,31940000,3447.7,2820.9,3839.9,2896.0,3129.1,2,1,3128.2,11,1,3128.1,28,2,3128.0,69,6,3127.9,1,1,3129.2,3,1,3129.5,41,1,3129.6,37,2,3129.7,2,1,3129.8,40,3
2031,2026-06-16 12:27:52+05:30,3128.0,7,3129.9,2049753,129045.0,202625.0,3163.0,3163.0,3108.0,3134.3,31940000,3447.7,2820.9,3839.9,2896.0,3129.1,2,1,3128.2,11,1,3128.1,28,2,3128.0,69,6,3127.9,1,1,3129.2,3,1,3129.5,41,1,3129.6,37,2,3129.7,2,1,3129.8,40,3
2031,2026-06-16 12:27:53+05:30,3129.2,46,3129.9,2049880,129732.0,201866.0,3163.0,3163.0,3108.0,3134.3,31940000,3447.7,2820.9,3839.9,2896.0,3128.1,11,1,3128.0,40,4,3127.9,15,2,3127.8,64,2,3127.7,264,4,3129.5,41,1,3129.6,41,4,3129.7,109,2,3129.8,207,4,3129.9,265,4
2031,2026-06-16 12:27:53+05:30,3128.1,1,3129.9,2049880,129732.0,201866.0,3163.0,3163.0,3108.0,3134.3,31940000,3447.7,2820.9,3839.9,2896.0,3128.1,11,1,3128.0,40,4,3127.9,15,2,3127.8,64,2,3127.7,264,4,3129.5,41,1,3129.6,41,4,3129.7,109,2,3129.8,207,4,3129.9,265,4
2031,2026-06-16 12:27:54+05:30,3128.1,1,3129.9,2049881,129855.0,202561.0,3163.0,3163.0,3108.0,3134.3,31940000,3447.7,2820.9,3839.9,2896.0,3128.1,57,3,3128.0,55,5,3127.9,1,1,3127.8,109,4,3127.7,22,2,3129.5,67,2,3129.6,86,4,3129.7,46,1,3129.8,176,3,3129.9,506,7
2031,2026-06-16 12:27:54+05:30,3129.5,1,3129.9,2049881,129855.0,202561.0,3163.0,3163.0,3108.0,3134.3,31940000,3447.7,2820.9,3839.9,2896.0,3128.1,57,3,3128.0,55,5,3127.9,1,1,3127.8,109,4,3127.7,22,2,3129.5,67,2,3129.6,86,4,3129.7,46,1,3129.8,176,3,3129.9,506,7
2031,2026-06-16 12:27:55+05:30,3129.5,1,3129.9,2049886,130203.0,202577.0,3163.0,3163.0,3108.0,3134.3,31940000,3447.7,2820.9,3839.9,2896.0,3128.2,11,1,3128.1,161,6,3128.0,69,6,3127.9,1,1,3127.8,191,6,3129.5,66,3,3129.6,86,4,3129.7,51,2,3129.8,387,5,3129.9,265,4
2031,2026-06-16 12:27:55+05:30,3129.5,1,3129.9,2049886,130203.0,202577.0,3163.0,3163.0,3108.0,3134.3,31940000,3447.7,2820.9,3839.9,2896.0,3128.2,11,1,3128.1,161,6,3128.0,69,6,3127.9,1,1,3127.8,191,6,3129.5,66,3,3129.6,86,4,3129.7,51,2,3129.8,387,5,3129.9,265,4
2031,2026-06-16 12:27:56+05:30,3129.5,1,3129.9,2049886,130237.0,201971.0,3163.0,3163.0,3108.0,3134.3,31940000,3447.7,2820.9,3839.9,2896.0,3128.3,31,1,3128.2,74,4,3128.1,138,5,3128.0,29,3,3127.9,1,1,3129.5,66,3,3129.6,84,3,3129.7,46,1,3129.8,378,5,3129.9,265,4
2031,2026-06-16 12:27:57+05:30,3129.5,1,3129.9,2049886,130268.0,200592.0,3163.0,3163.0,3108.0,3134.3,31940000,3447.7,2820.9,3839.9,2896.0,3128.3,38,3,3128.2,68,3,3128.1,138,5,3128.0,29,3,3127.9,17,2,3129.5,66,3,3129.6,84,3,3129.7,46,1,3129.8,391,6,3129.9,265,4
2031,2026-06-16 12:27:58+05:30,3129.5,1,3129.9,2049886,130447.0,202489.0,3163.0,3163.0,3108.0,3134.3,31940000,3447.7,2820.9,3839.9,2896.0,3128.3,75,4,3128.2,68,3,3128.1,138,5,3128.0,34,4,3127.9,95,3,3129.5,100,4,3129.6,64,2,3129.7,46,1,3129.8,225,4,3129.9,265,4
2031,2026-06-16 12:27:59+05:30,3129.5,1,3129.9,2049886,130447.0,202489.0,3163.0,3163.0,3108.0,3134.3,31940000,3447.7,2820.9,3839.9,2896.0,3128.3,75,4,3128.2,68,3,3128.1,138,5,3128.0,34,4,3127.9,95,3,3129.5,100,4,3129.6,64,2,3129.7,46,1,3129.8,225,4,3129.9,265,4
2031,2026-06-16 12:27:59+05:30,3129.5,1,3129.9,2049886,130442.0,202493.0,3163.0,3163.0,3108.0,3134.3,31940000,3447.7,2820.9,3839.9,2896.0,3128.3,75,4,3128.2,68,3,3128.1,138,5,3128.0,29,3,3127.9,95,3,3129.5,100,4,3129.6,64,2,3129.7,46,1,3129.8,223,3,3129.9,267,5
2031,2026-06-16 12:27:59+05:30,3129.5,1,3129.9,2049886,130442.0,202493.0,3163.0,3163.0,3108.0,3134.3,31940000,3447.7,2820.9,3839.9,2896.0,3128.3,75,4,3128.2,68,3,3128.1,138,5,3128.0,29,3,3127.9,95,3,3129.5,100,4,3129.6,64,2,3129.7,46,1,3129.8,223,3,3129.9,267,5
2031,2026-06-16 12:28:00+05:30,3129.5,1,3129.9,2049888,130432.0,202487.0,3163.0,3163.0,3108.0,3134.3,31940000,3447.7,2820.9,3839.9,2896.0,3128.3,86,6,3128.2,68,3,3128.1,148,5,3128.0,34,4,3127.9,95,3,3129.5,99,5,3129.6,64,2,3129.7,46,1,3129.8,223,3,3129.9,267,5
2031,2026-06-16 12:28:00+05:30,3129.5,1,3129.9,2049888,130432.0,202487.0,3163.0,3163.0,3108.0,3134.3,31940000,3447.7,2820.9,3839.9,2896.0,3128.3,86,6,3128.2,68,3,3128.1,148,5,3128.0,34,4,3127.9,95,3,3129.5,99,5,3129.6,64,2,3129.7,46,1,3129.8,223,3,3129.9,267,5
2031,2026-06-16 12:28:01+05:30,3129.5,1,3129.9,2049888,130585.0,202610.0,3163.0,3163.0,3108.0,3134.3,31940000,3447.7,2820.9,3839.9,2896.0,3128.9,2,2,3128.4,54,2,3128.3,115,6,3128.2,68,3,3128.1,155,5,3129.5,99,5,3129.6,1,1,3129.7,46,1,3129.8,202,2,3129.9,247,3
2031,2026-06-16 12:28:01+05:30,3129.5,1,3129.9,2049888,130585.0,202610.0,3163.0,3163.0,3108.0,3134.3,31940000,3447.7,2820.9,3839.9,2896.0,3128.9,2,2,3128.4,54,2,3128.3,115,6,3128.2,68,3,3128.1,155,5,3129.5,99,5,3129.6,1,1,3129.7,46,1,3129.8,202,2,3129.9,247,3
2031,2026-06-16 12:28:02+05:30,3129.5,1,3129.9,2049890,130515.0,202514.0,3163.0,3163.0,3108.0,3134.3,31940000,3447.7,2820.9,3839.9,2896.0,3128.9,2,2,3128.5,15,1,3128.4,54,2,3128.3,47,4,3128.2,11,1,3129.5,98,5,3129.6,1,1,3129.7,46,1,3129.8,202,2,3129.9,266,5
2031,2026-06-16 12:28:03+05:30,3129.5,1,3129.9,2049890,130648.0,200414.0,3163.0,3163.0,3108.0,3134.3,31940000,3447.7,2820.9,3839.9,2896.0,3128.9,42,3,3128.6,22,2,3128.5,15,1,3128.4,40,1,3128.3,47,4,3129.5,98,5,3129.6,1,1,3129.7,46,1,3129.8,202,2,3129.9,247,3
2031,2026-06-16 12:28:03+05:30,3129.5,1,3129.9,2049890,130648.0,200414.0,3163.0,3163.0,3108.0,3134.3,31940000,3447.7,2820.9,3839.9,2896.0,3128.9,42,3,3128.6,22,2,3128.5,15,1,3128.4,40,1,3128.3,47,4,3129.5,98,5,3129.6,1,1,3129.7,46,1,3129.8,202,2,3129.9,247,3
2031,2026-06-16 12:28:04+05:30,3129.5,1,3129.9,2049890,131450.0,202080.0,3163.0,3163.0,3108.0,3134.3,31940000,3447.7,2820.9,3839.9,2896.0,3129.2,191,3,3128.9,56,5,3128.8,8,1,3128.7,40,4,3128.6,8,1,3129.5,98,5,3129.6,1,1,3129.8,202,2,3129.9,201,2,3130.0,369,6
2031,2026-06-16 12:28:05+05:30,3129.5,1,3129.9,2049890,131450.0,202080.0,3163.0,3163.0,3108.0,3134.3,31940000,3447.7,2820.9,3839.9,2896.0,3129.2,191,3,3128.9,56,5,3128.8,8,1,3128.7,40,4,3128.6,8,1,3129.5,98,5,3129.6,1,1,3129.8,202,2,3129.9,201,2,3130.0,369,6
2031,2026-06-16 12:28:05+05:30,3129.5,1,3129.9,2049891,132276.0,202057.0,3163.0,3163.0,3108.0,3134.3,31940000,3447.7,2820.9,3839.9,2896.0,3129.3,18,1,3129.2,227,4,3129.1,5,1,3128.9,56,5,3128.8,8,1,3129.5,97,5,3129.6,1,1,3129.8,202,2,3129.9,201,2,3130.0,369,6
2031,2026-06-16 12:28:05+05:30,3129.5,5,3129.9,2049891,132276.0,202057.0,3163.0,3163.0,3108.0,3134.3,31940000,3447.7,2820.9,3839.9,2896.0,3129.3,18,1,3129.2,227,4,3129.1,5,1,3128.9,56,5,3128.8,8,1,3129.5,97,5,3129.6,1,1,3129.8,202,2,3129.9,201,2,3130.0,369,6
2031,2026-06-16 12:28:06+05:30,3129.5,5,3129.9,2049995,132262.0,199964.0,3163.0,3163.0,3108.0,3134.3,31940000,3447.7,2820.9,3839.9,2896.0,3129.4,2,2,3129.3,16,2,3129.2,227,4,3128.9,47,2,3128.8,8,1,3129.6,1,1,3129.8,202,2,3129.9,201,2,3130.0,369,6,3130.2,21,1
2031,2026-06-16 12:28:06+05:30,3129.5,5,3129.9,2049995,132363.0,201347.0,3163.0,3163.0,3108.0,3134.3,31940000,3447.7,2820.9,3839.9,2896.0,3129.5,16,1,3129.4,59,5,3129.3,1,1,3129.2,221,3,3129.0,14,1,3129.6,1,1,3129.8,202,2,3129.9,201,2,3130.0,369,6,3130.3,200,1
2031,2026-06-16 12:28:07+05:30,3129.5,5,3129.9,2049995,132363.0,201347.0,3163.0,3163.0,3108.0,3134.3,31940000,3447.7,2820.9,3839.9,2896.0,3129.5,16,1,3129.4,59,5,3129.3,1,1,3129.2,221,3,3129.0,14,1,3129.6,1,1,3129.8,202,2,3129.9,201,2,3130.0,369,6,3130.3,200,1
2031,2026-06-16 12:28:07+05:30,3129.5,22,3129.9,2049995,132363.0,201347.0,3163.0,3163.0,3108.0,3134.3,31940000,3447.7,2820.9,3839.9,2896.0,3129.5,16,1,3129.4,59,5,3129.3,1,1,3129.2,221,3,3129.0,14,1,3129.6,1,1,3129.8,202,2,3129.9,201,2,3130.0,369,6,3130.3,200,1
2031,2026-06-16 12:28:08+05:30,3129.6,1,3129.9,2050042,132584.0,201005.0,3163.0,3163.0,3108.0,3134.3,31940000,3447.7,2820.9,3839.9,2896.0,3129.6,14,1,3129.5,1,1,3129.4,45,4,3129.3,1,1,3129.2,221,3,3129.8,202,2,3129.9,201,2,3130.0,369,6,3130.3,200,1,3130.4,488,5
2031,2026-06-16 12:28:08+05:30,3129.7,18,3129.9,2050042,132584.0,201005.0,3163.0,3163.0,3108.0,3134.3,31940000,3447.7,2820.9,3839.9,2896.0,3129.6,14,1,3129.5,1,1,3129.4,45,4,3129.3,1,1,3129.2,221,3,3129.8,202,2,3129.9,201,2,3130.0,369,6,3130.3,200,1,3130.4,488,5
2031,2026-06-16 12:28:08+05:30,3129.7,18,3129.9,2050042,132584.0,201005.0,3163.0,3163.0,3108.0,3134.3,31940000,3447.7,2820.9,3839.9,2896.0,3129.6,14,1,3129.5,1,1,3129.4,45,4,3129.3,1,1,3129.2,221,3,3129.8,202,2,3129.9,201,2,3130.0,369,6,3130.3,200,1,3130.4,488,5
2031,2026-06-16 12:28:09+05:30,3129.7,18,3129.9,2050072,132461.0,201843.0,3163.0,3163.0,3108.0,3134.3,31940000,3447.7,2820.9,3839.9,2896.0,3129.7,18,1,3129.6,49,3,3129.5,1,1,3129.4,45,4,3129.3,1,1,3129.8,247,4,3129.9,201,2,3130.0,369,6,3130.3,200,1,3130.4,488,5
2031,2026-06-16 12:28:09+05:30,3129.8,39,3129.9,2050072,132461.0,201843.0,3163.0,3163.0,3108.0,3134.3,31940000,3447.7,2820.9,3839.9,2896.0,3129.7,18,1,3129.6,49,3,3129.5,1,1,3129.4,45,4,3129.3,1,1,3129.8,247,4,3129.9,201,2,3130.0,369,6,3130.3,200,1,3130.4,488,5
2031,2026-06-16 12:28:10+05:30,3129.8,39,3129.9,2050121,131945.0,201192.0,3163.0,3163.0,3108.0,3134.3,31940000,3447.7,2820.9,3839.9,2896.0,3129.7,17,1,3129.6,49,3,3129.5,1,1,3129.4,59,5,3129.3,3,2,3129.9,1,1,3130.0,169,5,3130.4,21,1,3130.5,26,2,3130.6,22,1
2031,2026-06-16 12:28:10+05:30,3129.8,39,3129.9,2050121,131945.0,201192.0,3163.0,3163.0,3108.0,3134.3,31940000,3447.7,2820.9,3839.9,2896.0,3129.7,17,1,3129.6,49,3,3129.5,1,1,3129.4,59,5,3129.3,3,2,3129.9,1,1,3130.0,169,5,3130.4,21,1,3130.5,26,2,3130.6,22,1
2031,2026-06-16 12:28:10+05:30,3129.8,17,3129.9,2050121,131945.0,201192.0,3163.0,3163.0,3108.0,3134.3,31940000,3447.7,2820.9,3839.9,2896.0,3129.7,17,1,3129.6,49,3,3129.5,1,1,3129.4,59,5,3129.3,3,2,3129.9,1,1,3130.0,169,5,3130.4,21,1,3130.5,26,2,3130.6,22,1
2031,2026-06-16 12:28:10+05:30,3130.0,1,3129.9,2050150,131772.0,201660.0,3163.0,3163.0,3108.0,3134.3,31940000,3447.7,2820.9,3839.9,2896.0,3129.8,19,3,3129.6,49,3,3129.5,1,1,3129.4,43,2,3129.3,3,2,3130.0,212,6,3130.4,21,1,3130.5,28,2,3130.6,22,1,3130.7,46,2
2031,2026-06-16 12:28:11+05:30,3130.0,1,3129.9,2050150,131772.0,201660.0,3163.0,3163.0,3108.0,3134.3,31940000,3447.7,2820.9,3839.9,2896.0,3129.8,19,3,3129.6,49,3,3129.5,1,1,3129.4,43,2,3129.3,3,2,3130.0,212,6,3130.4,21,1,3130.5,28,2,3130.6,22,1,3130.7,46,2
2031,2026-06-16 12:28:11+05:30,3129.8,6,3129.9,2050150,131772.0,201660.0,3163.0,3163.0,3108.0,3134.3,31940000,3447.7,2820.9,3839.9,2896.0,3129.8,19,3,3129.6,49,3,3129.5,1,1,3129.4,43,2,3129.3,3,2,3130.0,212,6,3130.4,21,1,3130.5,28,2,3130.6,22,1,3130.7,46,2
2031,2026-06-16 12:28:11+05:30,3129.8,6,3129.9,2050156,131994.0,201439.0,3163.0,3163.0,3108.0,3134.3,31940000,3447.7,2820.9,3839.9,2896.0,3129.9,15,1,3129.8,46,5,3129.6,49,3,3129.5,1,1,3129.4,43,2,3130.0,212,6,3130.4,21,1,3130.5,11,1,3130.6,22,1,3130.7,44,1
2031,2026-06-16 12:28:12+05:30,3129.8,6,3129.9,2050156,131994.0,201439.0,3163.0,3163.0,3108.0,3134.3,31940000,3447.7,2820.9,3839.9,2896.0,3129.9,15,1,3129.8,46,5,3129.6,49,3,3129.5,1,1,3129.4,43,2,3130.0,212,6,3130.4,21,1,3130.5,11,1,3130.6,22,1,3130.7,44,1
2031,2026-06-16 12:28:12+05:30,3128.3,15,3129.9,2050156,131994.0,201439.0,3163.0,3163.0,3108.0,3134.3,31940000,3447.7,2820.9,3839.9,2896.0,3129.9,15,1,3129.8,46,5,3129.6,49,3,3129.5,1,1,3129.4,43,2,3130.0,212,6,3130.4,21,1,3130.5,11,1,3130.6,22,1,3130.7,44,1
2031,2026-06-16 12:28:12+05:30,3128.3,15,3129.9,2051157,127537.0,205324.0,3163.0,3163.0,3108.0,3134.3,31940000,3447.7,2820.9,3839.9,2896.0,3128.0,9,2,3127.9,14,2,3127.7,8,2,3127.6,7,1,3127.5,36,3,3128.2,140,1,3128.3,89,1,3129.0,7,1,3129.1,5,1,3129.2,20,2
2031,2026-06-16 12:28:12+05:30,3128.3,15,3129.9,2051157,127537.0,205324.0,3163.0,3163.0,3108.0,3134.3,31940000,3447.7,2820.9,3839.9,2896.0,3128.0,9,2,3127.9,14,2,3127.7,8,2,3127.6,7,1,3127.5,36,3,3128.2,140,1,3128.3,89,1,3129.0,7,1,3129.1,5,1,3129.2,20,2
2031,2026-06-16 12:28:13+05:30,3128.3,15,3129.9,2051157,127537.0,205324.0,3163.0,3163.0,3108.0,3134.3,31940000,3447.7,2820.9,3839.9,2896.0,3128.0,9,2,3127.9,14,2,3127.7,8,2,3127.6,7,1,3127.5,36,3,3128.2,140,1,3128.3,89,1,3129.0,7,1,3129.1,5,1,3129.2,20,2
2031,2026-06-16 12:28:13+05:30,3127.6,4,3129.9,2051157,127537.0,205324.0,3163.0,3163.0,3108.0,3134.3,31940000,3447.7,2820.9,3839.9,2896.0,3128.0,9,2,3127.9,14,2,3127.7,8,2,3127.6,7,1,3127.5,36,3,3128.2,140,1,3128.3,89,1,3129.0,7,1,3129.1,5,1,3129.2,20,2
2031,2026-06-16 12:28:13+05:30,3127.6,4,3129.9,2051834,128785.0,202510.0,3163.0,3163.0,3108.0,3134.3,31940000,3447.7,2820.9,3839.9,2896.0,3128.1,14,1,3127.8,98,5,3127.7,21,3,3127.6,10,2,3127.5,70,6,3129.0,200,1,3129.1,11,1,3129.2,11,1,3129.4,102,4,3129.5,535,3
2031,2026-06-16 12:28:14+05:30,3127.6,4,3129.9,2051834,128785.0,202510.0,3163.0,3163.0,3108.0,3134.3,31940000,3447.7,2820.9,3839.9,2896.0,3128.1,14,1,3127.8,98,5,3127.7,21,3,3127.6,10,2,3127.5,70,6,3129.0,200,1,3129.1,11,1,3129.2,11,1,3129.4,102,4,3129.5,535,3
2031,2026-06-16 12:28:14+05:30,3129.0,1,3129.9,2051834,128785.0,202510.0,3163.0,3163.0,3108.0,3134.3,31940000,3447.7,2820.9,3839.9,2896.0,3128.1,14,1,3127.8,98,5,3127.7,21,3,3127.6,10,2,3127.5,70,6,3129.0,200,1,3129.1,11,1,3129.2,11,1,3129.4,102,4,3129.5,535,3
2031,2026-06-16 12:28:14+05:30,3129.0,1,3129.9,2052006,127631.0,204478.0,3163.0,3163.0,3108.0,3134.3,31940000,3447.7,2820.9,3839.9,2896.0,3127.7,64,4,3127.6,1,1,3127.5,50,4,3127.4,27,2,3127.3,161,4,3129.0,220,3,3129.1,28,2,3129.2,20,1,3129.4,274,4,3129.5,535,3
2031,2026-06-16 12:28:15+05:30,3129.0,1,3129.9,2052006,127631.0,204478.0,3163.0,3163.0,3108.0,3134.3,31940000,3447.7,2820.9,3839.9,2896.0,3127.7,64,4,3127.6,1,1,3127.5,50,4,3127.4,27,2,3127.3,161,4,3129.0,220,3,3129.1,28,2,3129.2,20,1,3129.4,274,4,3129.5,535,3
2031,2026-06-16 12:28:15+05:30,3127.6,1,3129.9,2052006,127631.0,204478.0,3163.0,3163.0,3108.0,3134.3,31940000,3447.7,2820.9,3839.9,2896.0,3127.7,64,4,3127.6,1,1,3127.5,50,4,3127.4,27,2,3127.3,161,4,3129.0,220,3,3129.1,28,2,3129.2,20,1,3129.4,274,4,3129.5,535,3
2031,2026-06-16 12:28:15+05:30,3127.5,14,3129.9,2052619,128438.0,203725.0,3163.0,3163.0,3108.0,3134.3,31940000,3447.7,2820.9,3839.9,2896.0,3127.7,33,4,3127.6,22,2,3127.5,38,4,3127.4,78,1,3127.3,255,5,3129.2,64,3,3129.3,43,2,3129.4,236,3,3129.5,500,2,3129.6,96,3
2031,2026-06-16 12:28:15+05:30,3127.5,14,3129.9,2052619,128438.0,203725.0,3163.0,3163.0,3108.0,3134.3,31940000,3447.7,2820.9,3839.9,2896.0,3127.7,33,4,3127.6,22,2,3127.5,38,4,3127.4,78,1,3127.3,255,5,3129.2,64,3,3129.3,43,2,3129.4,236,3,3129.5,500,2,3129.6,96,3
2031,2026-06-16 12:28:16+05:30,3127.5,14,3129.9,2052619,128438.0,203725.0,3163.0,3163.0,3108.0,3134.3,31940000,3447.7,2820.9,3839.9,2896.0,3127.7,33,4,3127.6,22,2,3127.5,38,4,3127.4,78,1,3127.3,255,5,3129.2,64,3,3129.3,43,2,3129.4,236,3,3129.5,500,2,3129.6,96,3
2031,2026-06-16 12:28:16+05:30,3127.7,33,3129.9,2052619,128438.0,203725.0,3163.0,3163.0,3108.0,3134.3,31940000,3447.7,2820.9,3839.9,2896.0,3127.7,33,4,3127.6,22,2,3127.5,38,4,3127.4,78,1,3127.3,255,5,3129.2,64,3,3129.3,43,2,3129.4,236,3,3129.5,500,2,3129.6,96,3
2031,2026-06-16 12:28:16+05:30,3127.7,33,3129.9,2052742,127616.0,205417.0,3163.0,3163.0,3108.0,3134.3,31940000,3447.7,2820.9,3839.9,2896.0,3127.7,9,3,3127.4,1,1,3127.3,118,4,3127.2,91,2,3127.1,229,4,3129.0,40,3,3129.1,161,5,3129.2,22,2,3129.4,240,3,3129.5,519,3
2031,2026-06-16 12:28:17+05:30,3127.7,33,3129.9,2052742,127616.0,205417.0,3163.0,3163.0,3108.0,3134.3,31940000,3447.7,2820.9,3839.9,2896.0,3127.7,9,3,3127.4,1,1,3127.3,118,4,3127.2,91,2,3127.1,229,4,3129.0,40,3,3129.1,161,5,3129.2,22,2,3129.4,240,3,3129.5,519,3
2031,2026-06-16 12:28:17+05:30,3127.8,1,3129.9,2052742,127616.0,205417.0,3163.0,3163.0,3108.0,3134.3,31940000,3447.7,2820.9,3839.9,2896.0,3127.7,9,3,3127.4,1,1,3127.3,118,4,3127.2,91,2,3127.1,229,4,3129.0,40,3,3129.1,161,5,3129.2,22,2,3129.4,240,3,3129.5,519,3
2031,2026-06-16 12:28:17+05:30,3129.1,10,3129.9,2052753,129077.0,204080.0,3163.0,3163.0,3108.0,3134.3,31940000,3447.7,2820.9,3839.9,2896.0,3127.8,53,2,3127.7,93,3,3127.6,36,2,3127.5,33,2,3127.4,81,2,3129.2,30,3,3129.3,120,4,3129.4,229,4,3129.5,544,3,3129.6,40,2
2031,2026-06-16 12:28:18+05:30,3129.1,10,3129.9,2052753,129077.0,204080.0,3163.0,3163.0,3108.0,3134.3,31941800,3447.7,2820.9,3839.9,2896.0,3127.8,53,2,3127.7,93,3,3127.6,36,2,3127.5,33,2,3127.4,81,2,3129.2,30,3,3129.3,120,4,3129.4,229,4,3129.5,544,3,3129.6,40,2
2031,2026-06-16 12:28:18+05:30,3129.1,10,3129.9,2052753,129077.0,204080.0,3163.0,3163.0,3108.0,3134.3,31941800,3447.7,2820.9,3839.9,2896.0,3127.8,53,2,3127.7,93,3,3127.6,36,2,3127.5,33,2,3127.4,81,2,3129.2,30,3,3129.3,120,4,3129.4,229,4,3129.5,544,3,3129.6,40,2
2031,2026-06-16 12:28:18+05:30,3129.2,1,3129.9,2052754,129262.0,204440.0,3163.0,3163.0,3108.0,3134.3,31941800,3447.7,2820.9,3839.9,2896.0,3127.8,56,3,3127.7,98,4,3127.6,36,2,3127.5,111,3,3127.4,163,2,3129.2,29,3,3129.3,57,3,3129.4,229,4,3129.5,544,3,3129.6,40,2
2031,2026-06-16 12:28:19+05:30,3129.3,9,3129.9,2052754,129262.0,204440.0,3163.0,3163.0,3108.0,3134.3,31941800,3447.7,2820.9,3839.9,2896.0,3127.8,56,3,3127.7,98,4,3127.6,36,2,3127.5,111,3,3127.4,163,2,3129.2,29,3,3129.3,57,3,3129.4,229,4,3129.5,544,3,3129.6,40,2
2031,2026-06-16 12:28:19+05:30,3129.3,9,3129.9,2052804,129322.0,204406.0,3163.0,3163.0,3108.0,3134.3,31941800,3447.7,2820.9,3839.9,2896.0,3127.8,94,4,3127.7,98,4,3127.6,36,2,3127.5,132,4,3127.4,380,4,3129.2,69,3,3129.3,36,2,3129.4,229,4,3129.5,500,2,3129.6,40,2
2031,2026-06-16 12:28:20+05:30,3129.2,1,3129.9,2052805,129246.0,204419.0,3163.0,3163.0,3108.0,3134.3,31941800,3447.7,2820.9,3839.9,2896.0,3127.9,11,1,3127.8,121,6,3127.7,161,6,3127.6,36,2,3127.5,132,4,3129.2,58,3,3129.3,36,2,3129.4,229,4,3129.5,500,2,3129.6,40,2
2031,2026-06-16 12:28:21+05:30,3129.2,1,3129.9,2052805,129246.0,204419.0,3163.0,3163.0,3108.0,3134.3,31941800,3447.7,2820.9,3839.9,2896.0,3127.9,11,1,3127.8,121,6,3127.7,161,6,3127.6,36,2,3127.5,132,4,3129.2,58,3,3129.3,36,2,3129.4,229,4,3129.5,500,2,3129.6,40,2
2031,2026-06-16 12:28:21+05:30,3129.2,1,3129.9,2052806,129392.0,204257.0,3163.0,3163.0,3108.0,3134.3,31941800,3447.7,2820.9,3839.9,2896.0,3127.9,64,4,3127.8,107,5,3127.7,115,5,3127.6,114,3,3127.5,67,4,3129.2,49,4,3129.3,36,2,3129.4,21,1,3129.5,502,3,3129.6,40,2
2031,2026-06-16 12:28:22+05:30,3129.0,33,3129.9,2052806,129392.0,204257.0,3163.0,3163.0,3108.0,3134.3,31941800,3447.7,2820.9,3839.9,2896.0,3127.9,64,4,3127.8,107,5,3127.7,115,5,3127.6,114,3,3127.5,67,4,3129.2,49,4,3129.3,36,2,3129.4,21,1,3129.5,502,3,3129.6,40,2
2031,2026-06-16 12:28:22+05:30,3129.0,33,3129.9,2052839,129048.0,202829.0,3163.0,3163.0,3108.0,3134.3,31941800,3447.7,2820.9,3839.9,2896.0,3127.9,115,6,3127.8,92,4,3127.7,93,3,3127.6,36,2,3127.5,46,3,3129.0,286,2,3129.2,81,4,3129.3,15,2,3129.4,90,3,3129.5,200,1
2031,2026-06-16 12:28:23+05:30,3129.0,33,3129.9,2052839,128423.0,204520.0,3163.0,3163.0,3108.0,3134.3,31941800,3447.7,2820.9,3839.9,2896.0,3127.9,63,4,3127.8,92,4,3127.7,93,3,3127.6,36,2,3127.5,33,2,3129.0,312,4,3129.2,55,2,3129.3,34,3,3129.4,136,4,3129.5,200,1
2031,2026-06-16 12:28:24+05:30,3127.9,1,3129.9,2052839,128423.0,204520.0,3163.0,3163.0,3108.0,3134.3,31941800,3447.7,2820.9,3839.9,2896.0,3127.9,63,4,3127.8,92,4,3127.7,93,3,3127.6,36,2,3127.5,33,2,3129.0,312,4,3129.2,55,2,3129.3,34,3,3129.4,136,4,3129.5,200,1
2031,2026-06-16 12:28:24+05:30,3127.9,1,3129.9,2052840,128458.0,204244.0,3163.0,3163.0,3108.0,3134.3,31941800,3447.7,2820.9,3839.9,2896.0,3127.9,62,4,3127.8,92,4,3127.7,93,3,3127.6,36,2,3127.5,33,2,3129.0,378,7,3129.2,55,2,3129.3,222,4,3129.4,136,4,3129.5,200,1
2031,2026-06-16 12:28:25+05:30,3127.9,10,3129.9,2052840,128458.0,204244.0,3163.0,3163.0,3108.0,3134.3,31941800,3447.7,2820.9,3839.9,2896.0,3127.9,62,4,3127.8,92,4,3127.7,93,3,3127.6,36,2,3127.5,33,2,3129.0,378,7,3129.2,55,2,3129.3,222,4,3129.4,136,4,3129.5,200,1
2031,2026-06-16 12:28:25+05:30,3127.9,10,3129.9,2052861,129128.0,204853.0,3163.0,3163.0,3108.0,3134.3,31941800,3447.7,2820.9,3839.9,2896.0,3128.2,15,1,3127.9,38,2,3127.8,41,2,3127.7,43,2,3127.6,14,1,3129.0,422,9,3129.2,101,4,3129.3,118,4,3129.4,94,3,3129.5,200,1
2031,2026-06-16 12:28:26+05:30,3129.0,1,3129.9,2052861,129128.0,204853.0,3163.0,3163.0,3108.0,3134.3,31941800,3447.7,2820.9,3839.9,2896.0,3128.2,15,1,3127.9,38,2,3127.8,41,2,3127.7,43,2,3127.6,14,1,3129.0,422,9,3129.2,101,4,3129.3,118,4,3129.4,94,3,3129.5,200,1
2031,2026-06-16 12:28:26+05:30,3129.0,1,3129.9,2052862,129514.0,204742.0,3163.0,3163.0,3108.0,3134.3,31941800,3447.7,2820.9,3839.9,2896.0,3128.4,17,1,3128.2,43,1,3127.9,55,3,3127.8,90,4,3127.7,87,3,3129.0,377,7,3129.2,55,2,3129.3,72,3,3129.4,65,2,3129.5,202,2
2031,2026-06-16 12:28:27+05:30,3128.9,50,3129.9,2052862,129514.0,204742.0,3163.0,3163.0,3108.0,3134.3,31941800,3447.7,2820.9,3839.9,2896.0,3128.4,17,1,3128.2,43,1,3127.9,55,3,3127.8,90,4,3127.7,87,3,3129.0,377,7,3129.2,55,2,3129.3,72,3,3129.4,65,2,3129.5,202,2
2031,2026-06-16 12:28:28+05:30,3128.9,50,3129.9,2052913,129561.0,204336.0,3163.0,3163.0,3108.0,3134.3,31941800,3447.7,2820.9,3839.9,2896.0,3128.5,15,1,3128.4,1,1,3128.2,43,1,3127.9,55,3,3127.8,134,5,3128.9,150,1,3129.0,376,7,3129.2,55,2,3129.3,74,4,3129.4,65,2
2031,2026-06-16 12:28:28+05:30,3128.9,17,3129.9,2052913,129561.0,204336.0,3163.0,3163.0,3108.0,3134.3,31941800,3447.7,2820.9,3839.9,2896.0,3128.5,15,1,3128.4,1,1,3128.2,43,1,3127.9,55,3,3127.8,134,5,3128.9,150,1,3129.0,376,7,3129.2,55,2,3129.3,74,4,3129.4,65,2
2031,2026-06-16 12:28:28+05:30,3128.9,17,3129.9,2053080,129634.0,204562.0,3163.0,3163.0,3108.0,3134.3,31941800,3447.7,2820.9,3839.9,2896.0,3128.5,1,1,3128.4,1,1,3128.2,43,1,3127.9,68,4,3127.8,134,5,3128.9,1,1,3129.0,331,4,3129.2,39,1,3129.3,19,1,3129.5,202,2
2031,2026-06-16 12:28:29+05:30,3128.9,17,3129.9,2053080,129554.0,203111.0,3163.0,3163.0,3108.0,3134.3,31941800,3447.7,2820.9,3839.9,2896.0,3128.5,55,3,3128.4,1,1,3128.2,43,1,3127.9,14,2,3127.8,96,4,3128.9,2,2,3129.0,348,5,3129.2,39,1,3129.5,202,2,3129.6,90,3
2031,2026-06-16 12:28:31+05:30,3128.9,17,3129.9,2053080,129647.0,204899.0,3163.0,3163.0,3108.0,3134.3,31941800,3447.7,2820.9,3839.9,2896.0,3128.7,2,2,3128.5,60,5,3128.4,1,1,3128.2,43,1,3127.9,14,2,3128.9,3,3,3129.0,348,5,3129.5,202,2,3129.6,90,3,3129.7,69,2
2031,2026-06-16 12:28:31+05:30,3128.9,9,3129.9,2053080,129647.0,204899.0,3163.0,3163.0,3108.0,3134.3,31941800,3447.7,2820.9,3839.9,2896.0,3128.7,2,2,3128.5,60,5,3128.4,1,1,3128.2,43,1,3127.9,14,2,3128.9,3,3,3129.0,348,5,3129.5,202,2,3129.6,90,3,3129.7,69,2
2031,2026-06-16 12:28:32+05:30,3128.9,20,3129.9,2053112,129732.0,204118.0,3163.0,3163.0,3108.0,3134.3,31941800,3447.7,2820.9,3839.9,2896.0,3128.8,15,1,3128.7,3,3,3128.5,44,4,3128.4,1,1,3128.2,43,1,3128.9,14,2,3129.0,348,5,3129.3,19,1,3129.5,246,3,3129.6,118,4
2031,2026-06-16 12:28:32+05:30,3129.0,121,3129.9,2053112,129732.0,204118.0,3163.0,3163.0,3108.0,3134.3,31941800,3447.7,2820.9,3839.9,2896.0,3128.8,15,1,3128.7,3,3,3128.5,44,4,3128.4,1,1,3128.2,43,1,3128.9,14,2,3129.0,348,5,3129.3,19,1,3129.5,246,3,3129.6,118,4
2031,2026-06-16 12:28:33+05:30,3129.0,121,3129.9,2053253,129983.0,203729.0,3163.0,3163.0,3108.0,3134.3,31941800,3447.7,2820.9,3839.9,2896.0,3128.8,42,2,3128.7,3,3,3128.5,59,5,3128.4,1,1,3127.9,207,5,3128.9,14,1,3129.0,210,4,3129.5,200,1,3129.6,90,3,3129.7,46,2
2031,2026-06-16 12:28:33+05:30,3128.8,6,3129.9,2053253,129983.0,203729.0,3163.0,3163.0,3108.0,3134.3,31941800,3447.7,2820.9,3839.9,2896.0,3128.8,42,2,3128.7,3,3,3128.5,59,5,3128.4,1,1,3127.9,207,5,3128.9,14,1,3129.0,210,4,3129.5,200,1,3129.6,90,3,3129.7,46,2
2031,2026-06-16 12:28:34+05:30,3128.8,36,3129.9,2053341,129996.0,204245.0,3163.0,3163.0,3108.0,3134.3,31941800,3447.7,2820.9,3839.9,2896.0,3128.7,20,4,3128.5,44,4,3128.4,1,1,3128.1,13,1,3128.0,594,2,3128.8,114,1,3128.9,14,1,3129.0,210,4,3129.5,244,2,3129.6,40,2
2031,2026-06-16 12:28:34+05:30,3128.0,200,3129.9,2053341,129996.0,204245.0,3163.0,3163.0,3108.0,3134.3,31941800,3447.7,2820.9,3839.9,2896.0,3128.7,20,4,3128.5,44,4,3128.4,1,1,3128.1,13,1,3128.0,594,2,3128.8,114,1,3128.9,14,1,3129.0,210,4,3129.5,244,2,3129.6,40,2
2031,2026-06-16 12:28:35+05:30,3128.3,19,3129.9,2053792,129312.0,204806.0,3163.0,3163.0,3108.0,3134.3,31941800,3447.7,2820.9,3839.9,2896.0,3128.0,350,1,3127.9,1,1,3127.8,6,2,3127.7,2,1,3127.2,27,2,3128.2,200,1,3128.3,400,3,3128.4,99,1,3128.6,47,2,3128.7,244,2
2031,2026-06-16 12:28:35+05:30,3128.2,19,3129.9,2053792,129312.0,204806.0,3163.0,3163.0,3108.0,3134.3,31941800,3447.7,2820.9,3839.9,2896.0,3128.0,350,1,3127.9,1,1,3127.8,6,2,3127.7,2,1,3127.2,27,2,3128.2,200,1,3128.3,400,3,3128.4,99,1,3128.6,47,2,3128.7,244,2
2031,2026-06-16 12:28:36+05:30,3128.2,19,3129.9,2053811,129536.0,204469.0,3163.0,3163.0,3108.0,3134.3,31941800,3447.7,2820.9,3839.9,2896.0,3128.0,367,2,3127.9,1,1,3127.8,6,2,3127.7,2,1,3127.2,13,1,3128.2,212,3,3128.3,381,2,3128.4,118,2,3128.6,47,2,3128.7,244,2
2031,2026-06-16 12:28:36+05:30,3128.2,5,3129.9,2053811,129536.0,204469.0,3163.0,3163.0,3108.0,3134.3,31941800,3447.7,2820.9,3839.9,2896.0,3128.0,367,2,3127.9,1,1,3127.8,6,2,3127.7,2,1,3127.2,13,1,3128.2,212,3,3128.3,381,2,3128.4,118,2,3128.6,47,2,3128.7,244,2
2031,2026-06-16 12:28:37+05:30,3128.2,1,3129.9,2053817,130181.0,204286.0,3163.0,3163.0,3108.0,3134.3,31941800,3447.7,2820.9,3839.9,2896.0,3128.0,409,3,3127.9,29,3,3127.8,6,2,3127.7,2,1,3127.6,7,1,3128.2,247,4,3128.3,381,2,3128.4,99,1,3128.7,244,2,3128.8,449,5
2031,2026-06-16 12:28:37+05:30,3128.0,200,3129.9,2053817,130181.0,204286.0,3163.0,3163.0,3108.0,3134.3,31941800,3447.7,2820.9,3839.9,2896.0,3128.0,409,3,3127.9,29,3,3127.8,6,2,3127.7,2,1,3127.6,7,1,3128.2,247,4,3128.3,381,2,3128.4,99,1,3128.7,244,2,3128.8,449,5
2031,2026-06-16 12:28:38+05:30,3128.0,200,3129.9,2054017,129427.0,204105.0,3163.0,3163.0,3108.0,3134.3,31941800,3447.7,2820.9,3839.9,2896.0,3128.0,209,3,3127.9,16,2,3127.8,6,2,3127.7,15,2,3127.6,7,1,3128.2,295,5,3128.3,381,2,3128.4,99,1,3128.7,244,2,3128.8,449,5
2031,2026-06-16 12:28:39+05:30,3128.0,200,3129.9,2054017,129427.0,204086.0,3163.0,3163.0,3108.0,3134.3,31941800,3447.7,2820.9,3839.9,2896.0,3128.0,209,3,3127.9,16,2,3127.8,6,2,3127.7,15,2,3127.6,7,1,3128.2,295,5,3128.3,381,2,3128.4,99,1,3128.7,244,2,3128.8,449,5
2031,2026-06-16 12:28:39+05:30,3128.8,1,3129.9,2054017,129427.0,204086.0,3163.0,3163.0,3108.0,3134.3,31941800,3447.7,2820.9,3839.9,2896.0,3128.0,209,3,3127.9,16,2,3127.8,6,2,3127.7,15,2,3127.6,7,1,3128.2,295,5,3128.3,381,2,3128.4,99,1,3128.7,244,2,3128.8,449,5
2031,2026-06-16 12:28:40+05:30,3128.8,1,3129.9,2055043,130269.0,201695.0,3163.0,3163.0,3108.0,3134.3,31941800,3447.7,2820.9,3839.9,2896.0,3128.3,31,5,3128.2,50,4,3128.1,321,5,3128.0,688,7,3127.9,32,4,3128.9,14,1,3129.0,144,1,3129.6,21,1,3129.8,65,2,3129.9,180,1
2031,2026-06-16 12:28:40+05:30,3128.9,1,3129.9,2055043,130269.0,201695.0,3163.0,3163.0,3108.0,3134.3,31941800,3447.7,2820.9,3839.9,2896.0,3128.3,31,5,3128.2,50,4,3128.1,321,5,3128.0,688,7,3127.9,32,4,3128.9,14,1,3129.0,144,1,3129.6,21,1,3129.8,65,2,3129.9,180,1
2031,2026-06-16 12:28:41+05:30,3128.9,1,3129.9,2055044,130434.0,201622.0,3163.0,3163.0,3108.0,3134.3,31941800,3447.7,2820.9,3839.9,2896.0,3128.3,97,8,3128.2,144,6,3128.1,121,4,3128.0,839,7,3127.9,17,3,3128.9,13,1,3129.0,144,1,3129.6,21,1,3129.8,65,2,3129.9,180,1
2031,2026-06-16 12:28:41+05:30,3128.4,1,3129.9,2055044,130434.0,201622.0,3163.0,3163.0,3108.0,3134.3,31941800,3447.7,2820.9,3839.9,2896.0,3128.3,97,8,3128.2,144,6,3128.1,121,4,3128.0,839,7,3127.9,17,3,3128.9,13,1,3129.0,144,1,3129.6,21,1,3129.8,65,2,3129.9,180,1
2031,2026-06-16 12:28:42+05:30,3130.0,1,3129.9,2055212,131911.0,202026.0,3163.0,3163.0,3108.0,3134.3,31941800,3447.7,2820.9,3839.9,2896.0,3129.0,363,2,3128.8,49,1,3128.7,154,4,3128.6,36,3,3128.5,70,3,3130.0,105,3,3130.2,55,4,3130.3,213,3,3130.4,221,2,3130.5,75,2
2031,2026-06-16 12:28:42+05:30,3130.0,1,3129.9,2055212,131911.0,202026.0,3163.0,3163.0,3108.0,3134.3,31941800,3447.7,2820.9,3839.9,2896.0,3129.0,363,2,3128.8,49,1,3128.7,154,4,3128.6,36,3,3128.5,70,3,3130.0,105,3,3130.2,55,4,3130.3,213,3,3130.4,221,2,3130.5,75,2
2031,2026-06-16 12:28:43+05:30,3130.0,1,3129.9,2055212,132090.0,201895.0,3163.0,3163.0,3108.0,3134.3,31941800,3447.7,2820.9,3839.9,2896.0,3129.0,381,3,3128.9,35,2,3128.8,63,2,3128.7,63,2,3128.6,93,3,3129.9,51,1,3130.0,105,3,3130.2,30,2,3130.3,413,4,3130.4,21,1
2031,2026-06-16 12:28:44+05:30,3129.9,1,3129.9,2056420,133999.0,199658.0,3163.0,3163.0,3108.0,3134.3,31941800,3447.7,2820.9,3839.9,2896.0,3129.9,35,3,3129.8,60,5,3129.7,65,4,3129.6,217,5,3129.5,100,3,3131.0,103,3,3131.2,52,2,3131.3,200,1,3131.4,21,1,3131.5,46,2
2031,2026-06-16 12:28:44+05:30,3129.9,1,3129.9,2056420,133999.0,199658.0,3163.0,3163.0,3108.0,3134.3,31941800,3447.7,2820.9,3839.9,2896.0,3129.9,35,3,3129.8,60,5,3129.7,65,4,3129.6,217,5,3129.5,100,3,3131.0,103,3,3131.2,52,2,3131.3,200,1,3131.4,21,1,3131.5,46,2
2031,2026-06-16 12:28:45+05:30,3131.0,8,3129.9,2056476,134366.0,197837.0,3163.0,3163.0,3108.0,3134.3,31941800,3447.7,2820.9,3839.9,2896.0,3130.0,72,5,3129.9,174,5,3129.8,92,6,3129.7,97,5,3129.6,123,5,3131.0,97,3,3131.2,52,2,3131.3,200,1,3131.4,21,1,3131.6,39,2
2031,2026-06-16 12:28:45+05:30,3130.9,4,3129.9,2056476,134366.0,197837.0,3163.0,3163.0,3108.0,3134.3,31941800,3447.7,2820.9,3839.9,2896.0,3130.0,72,5,3129.9,174,5,3129.8,92,6,3129.7,97,5,3129.6,123,5,3131.0,97,3,3131.2,52,2,3131.3,200,1,3131.4,21,1,3131.6,39,2
2031,2026-06-16 12:28:46+05:30,3130.9,4,3129.9,2056480,135267.0,200172.0,3163.0,3163.0,3108.0,3134.3,31941800,3447.7,2820.9,3839.9,2896.0,3130.5,5,3,3130.4,14,1,3130.2,36,3,3130.1,43,2,3130.0,40,4,3130.9,52,1,3131.0,97,3,3131.2,32,1,3131.3,200,1,3131.4,21,1
2031,2026-06-16 12:28:47+05:30,3130.9,1,3129.9,2056481,135085.0,199756.0,3163.0,3163.0,3108.0,3134.3,31941800,3447.7,2820.9,3839.9,2896.0,3130.6,15,1,3130.5,97,5,3130.4,8,1,3130.3,16,2,3130.2,29,3,3130.9,51,1,3131.0,97,3,3131.2,32,1,3131.4,21,1,3131.5,176,1
2031,2026-06-16 12:28:47+05:30,3131.0,1,3129.9,2056481,135085.0,199756.0,3163.0,3163.0,3108.0,3134.3,31941800,3447.7,2820.9,3839.9,2896.0,3130.6,15,1,3130.5,97,5,3130.4,8,1,3130.3,16,2,3130.2,29,3,3130.9,51,1,3131.0,97,3,3131.2,32,1,3131.4,21,1,3131.5,176,1
2031,2026-06-16 12:28:48+05:30,3131.0,1,3129.9,2056589,135421.0,199716.0,3163.0,3163.0,3108.0,3134.3,31941800,3447.7,2820.9,3839.9,2896.0,3130.6,20,3,3130.5,88,3,3130.4,8,1,3130.3,16,2,3130.2,50,4,3131.0,96,3,3131.2,32,1,3131.6,220,2,3131.8,64,2,3131.9,246,6
2031,2026-06-16 12:28:49+05:30,3131.0,1,3129.9,2056589,135372.0,199568.0,3163.0,3163.0,3108.0,3134.3,31941800,3447.7,2820.9,3839.9,2896.0,3130.6,115,4,3130.5,88,3,3130.4,8,1,3130.3,16,2,3130.2,50,4,3131.0,122,4,3131.2,32,1,3131.6,220,2,3131.8,64,2,3131.9,260,6
2031,2026-06-16 12:28:49+05:30,3130.9,2,3129.9,2056589,135372.0,199568.0,3163.0,3163.0,3108.0,3134.3,31941800,3447.7,2820.9,3839.9,2896.0,3130.6,115,4,3130.5,88,3,3130.4,8,1,3130.3,16,2,3130.2,50,4,3131.0,122,4,3131.2,32,1,3131.6,220,2,3131.8,64,2,3131.9,260,6
2031,2026-06-16 12:28:50+05:30,3130.9,2,3129.9,2057596,135703.0,199131.0,3163.0,3163.0,3108.0,3134.3,31941800,3447.7,2820.9,3839.9,2896.0,3130.9,11,2,3130.8,18,2,3130.7,30,3,3130.6,168,6,3130.5,203,9,3131.6,200,1,3131.9,80,5,3132.0,261,8,3132.1,2,1,3132.2,84,3
2031,2026-06-16 12:28:50+05:30,3130.9,5,3129.9,2057596,135703.0,199131.0,3163.0,3163.0,3108.0,3134.3,31941800,3447.7,2820.9,3839.9,2896.0,3130.9,11,2,3130.8,18,2,3130.7,30,3,3130.6,168,6,3130.5,203,9,3131.6,200,1,3131.9,80,5,3132.0,261,8,3132.1,2,1,3132.2,84,3
2031,2026-06-16 12:28:51+05:30,3131.6,75,3129.9,2057682,135202.0,199767.0,3163.0,3163.0,3108.0,3134.3,31941800,3447.7,2820.9,3839.9,2896.0,3131.0,33,4,3130.9,166,3,3130.7,18,2,3130.6,136,3,3130.5,154,6,3131.6,41,1,3131.7,125,1,3131.8,21,1,3131.9,56,4,3132.0,261,8
2031,2026-06-16 12:28:51+05:30,3131.6,11,3129.9,2057682,135202.0,199767.0,3163.0,3163.0,3108.0,3134.3,31941800,3447.7,2820.9,3839.9,2896.0,3131.0,33,4,3130.9,166,3,3130.7,18,2,3130.6,136,3,3130.5,154,6,3131.6,41,1,3131.7,125,1,3131.8,21,1,3131.9,56,4,3132.0,261,8
2031,2026-06-16 12:28:52+05:30,3131.6,11,3129.9,2057693,135337.0,199177.0,3163.0,3163.0,3108.0,3134.3,31941800,3447.7,2820.9,3839.9,2896.0,3131.0,45,5,3130.9,166,3,3130.8,14,1,3130.7,18,2,3130.6,150,4,3131.6,30,1,3131.7,125,1,3131.9,256,5,3132.0,261,8,3132.2,265,3
2031,2026-06-16 12:28:52+05:30,3131.6,1,3129.9,2057693,135337.0,199177.0,3163.0,3163.0,3108.0,3134.3,31941800,3447.7,2820.9,3839.9,2896.0,3131.0,45,5,3130.9,166,3,3130.8,14,1,3130.7,18,2,3130.6,150,4,3131.6,30,1,3131.7,125,1,3131.9,256,5,3132.0,261,8,3132.2,265,3
2031,2026-06-16 12:28:53+05:30,3131.6,1,3129.9,2057694,135644.0,199183.0,3163.0,3163.0,3108.0,3134.3,31941800,3447.7,2820.9,3839.9,2896.0,3131.0,170,4,3130.9,166,3,3130.8,24,2,3130.7,50,4,3130.6,163,5,3131.7,125,1,3131.9,231,3,3132.0,261,8,3132.2,265,3,3132.3,401,3
2031,2026-06-16 12:28:53+05:30,3131.7,1,3129.9,2057694,135644.0,199183.0,3163.0,3163.0,3108.0,3134.3,31941800,3447.7,2820.9,3839.9,2896.0,3131.0,170,4,3130.9,166,3,3130.8,24,2,3130.7,50,4,3130.6,163,5,3131.7,125,1,3131.9,231,3,3132.0,261,8,3132.2,265,3,3132.3,401,3
2031,2026-06-16 12:28:54+05:30,3131.3,1,3129.9,2057696,135816.0,197201.0,3163.0,3163.0,3108.0,3134.3,31941800,3447.7,2820.9,3839.9,2896.0,3131.5,17,1,3131.3,1,1,3131.0,158,3,3130.9,157,3,3130.8,10,1,3131.7,125,2,3131.9,200,1,3132.0,241,7,3132.2,265,3,3132.3,401,3
2031,2026-06-16 12:28:54+05:30,3131.0,29,3129.9,2057696,135816.0,197201.0,3163.0,3163.0,3108.0,3134.3,31941800,3447.7,2820.9,3839.9,2896.0,3131.5,17,1,3131.3,1,1,3131.0,158,3,3130.9,157,3,3130.8,10,1,3131.7,125,2,3131.9,200,1,3132.0,241,7,3132.2,265,3,3132.3,401,3
2031,2026-06-16 12:28:55+05:30,3132.0,113,3129.9,2059264,136683.0,197705.0,3163.0,3163.0,3108.0,3134.3,31941800,3447.7,2820.9,3839.9,2896.0,3132.2,1,1,3131.6,35,3,3131.5,151,5,3131.4,12,1,3131.3,52,3,3132.5,1,1,3132.9,223,2,3133.0,1242,15,3133.1,400,2,3133.2,255,4
2031,2026-06-16 12:28:55+05:30,3132.0,113,3129.9,2059264,136683.0,197705.0,3163.0,3163.0,3108.0,3134.3,31941800,3447.7,2820.9,3839.9,2896.0,3132.2,1,1,3131.6,35,3,3131.5,151,5,3131.4,12,1,3131.3,52,3,3132.5,1,1,3132.9,223,2,3133.0,1242,15,3133.1,400,2,3133.2,255,4
2031,2026-06-16 12:28:56+05:30,3132.0,113,3129.9,2059264,136614.0,196811.0,3163.0,3163.0,3108.0,3134.3,31941800,3447.7,2820.9,3839.9,2896.0,3132.2,1,1,3131.6,23,2,3131.5,197,6,3131.4,12,1,3131.3,52,3,3132.5,1,1,3132.9,223,2,3133.0,1242,15,3133.1,400,2,3133.2,255,4
2031,2026-06-16 12:28:56+05:30,3134.0,7,3129.9,2059264,136614.0,196811.0,3163.0,3163.0,3108.0,3134.3,31941800,3447.7,2820.9,3839.9,2896.0,3132.2,1,1,3131.6,23,2,3131.5,197,6,3131.4,12,1,3131.3,52,3,3132.5,1,1,3132.9,223,2,3133.0,1242,15,3133.1,400,2,3133.2,255,4
2031,2026-06-16 12:28:57+05:30,3134.7,2,3129.91,2063858,137543.0,191073.0,3163.0,3163.0,3108.0,3134.3,31941800,3447.7,2820.9,3839.9,2896.0,3134.5,211,3,3134.3,20,2,3134.2,6,1,3134.1,3,1,3134.0,53,4,3134.7,10,1,3135.0,1162,20,3135.2,2,2,3135.4,21,1,3135.5,50,1
2031,2026-06-16 12:28:57+05:30,3134.5,42,3129.91,2063858,137543.0,191073.0,3163.0,3163.0,3108.0,3134.3,31941800,3447.7,2820.9,3839.9,2896.0,3134.5,211,3,3134.3,20,2,3134.2,6,1,3134.1,3,1,3134.0,53,4,3134.7,10,1,3135.0,1162,20,3135.2,2,2,3135.4,21,1,3135.5,50,1
2031,2026-06-16 12:28:58+05:30,3134.7,1,3129.91,2064034,137038.0,194422.0,3163.0,3163.0,3108.0,3134.3,31941800,3447.7,2820.9,3839.9,2896.0,3134.5,36,2,3134.3,36,3,3134.0,21,2,3133.8,28,2,3133.7,136,4,3134.7,155,2,3135.0,1162,20,3135.2,2,2,3135.3,2,1,3135.4,65,2
2031,2026-06-16 12:28:58+05:30,3134.7,1,3129.91,2064034,137038.0,194422.0,3163.0,3163.0,3108.0,3134.3,31941800,3447.7,2820.9,3839.9,2896.0,3134.5,36,2,3134.3,36,3,3134.0,21,2,3133.8,28,2,3133.7,136,4,3134.7,155,2,3135.0,1162,20,3135.2,2,2,3135.3,2,1,3135.4,65,2
2031,2026-06-16 12:28:59+05:30,3134.7,1,3129.91,2064034,137038.0,194422.0,3163.0,3163.0,3108.0,3134.3,31941800,3447.7,2820.9,3839.9,2896.0,3134.5,36,2,3134.3,36,3,3134.0,21,2,3133.8,28,2,3133.7,136,4,3134.7,155,2,3135.0,1162,20,3135.2,2,2,3135.3,2,1,3135.4,65,2
2031,2026-06-16 12:28:59+05:30,3134.7,1,3129.91,2064034,136934.0,194506.0,3163.0,3163.0,3108.0,3134.3,31941800,3447.7,2820.9,3839.9,2896.0,3134.5,137,6,3134.4,14,1,3134.3,11,2,3134.2,11,2,3134.1,8,1,3134.7,155,2,3135.0,1162,20,3135.2,2,2,3135.4,65,2,3135.5,50,1
2031,2026-06-16 12:28:59+05:30,3134.7,2,3129.91,2064034,136934.0,194506.0,3163.0,3163.0,3108.0,3134.3,31941800,3447.7,2820.9,3839.9,2896.0,3134.5,137,6,3134.4,14,1,3134.3,11,2,3134.2,11,2,3134.1,8,1,3134.7,155,2,3135.0,1162,20,3135.2,2,2,3135.4,65,2,3135.5,50,1
2031,2026-06-16 12:29:00+05:30,3134.7,1,3129.91,2064181,136925.0,194455.0,3163.0,3163.0,3108.0,3134.3,31941800,3447.7,2820.9,3839.9,2896.0,3134.5,366,8,3134.4,14,1,3134.3,11,2,3134.2,17,3,3134.1,16,2,3134.7,20,2,3135.0,1162,20,3135.2,2,2,3135.4,21,1,3135.5,50,1
2031,2026-06-16 12:29:00+05:30,3134.7,1,3129.91,2064181,136925.0,194455.0,3163.0,3163.0,3108.0,3134.3,31941800,3447.7,2820.9,3839.9,2896.0,3134.5,366,8,3134.4,14,1,3134.3,11,2,3134.2,17,3,3134.1,16,2,3134.7,20,2,3135.0,1162,20,3135.2,2,2,3135.4,21,1,3135.5,50,1
2031,2026-06-16 12:29:00+05:30,3134.7,1,3129.91,2064181,136925.0,194455.0,3163.0,3163.0,3108.0,3134.3,31941800,3447.7,2820.9,3839.9,2896.0,3134.5,366,8,3134.4,14,1,3134.3,11,2,3134.2,17,3,3134.1,16,2,3134.7,20,2,3135.0,1162,20,3135.2,2,2,3135.4,21,1,3135.5,50,1
2031,2026-06-16 12:29:01+05:30,3134.7,1,3129.91,2064181,137624.0,194456.0,3163.0,3163.0,3108.0,3134.3,31941800,3447.7,2820.9,3839.9,2896.0,3134.6,8,4,3134.5,381,9,3134.4,18,2,3134.3,11,2,3134.2,17,3,3134.7,20,2,3135.0,1162,20,3135.2,2,2,3135.4,21,1,3135.5,50,1
2031,2026-06-16 12:29:02+05:30,3134.7,1,3129.91,2064181,137628.0,194484.0,3163.0,3163.0,3108.0,3134.3,31941800,3447.7,2820.9,3839.9,2896.0,3134.6,5,3,3134.5,378,8,3134.4,14,1,3134.3,11,2,3134.2,17,3,3134.7,20,2,3135.0,1162,20,3135.2,2,2,3135.4,21,1,3135.5,50,1
2031,2026-06-16 12:29:03+05:30,3134.7,1,3129.91,2064181,137628.0,194484.0,3163.0,3163.0,3108.0,3134.3,31941800,3447.7,2820.9,3839.9,2896.0,3134.6,5,3,3134.5,378,8,3134.4,14,1,3134.3,11,2,3134.2,17,3,3134.7,20,2,3135.0,1162,20,3135.2,2,2,3135.4,21,1,3135.5,50,1
2031,2026-06-16 12:29:03+05:30,3134.7,1,3129.91,2064182,137886.0,194522.0,3163.0,3163.0,3108.0,3134.3,31941800,3447.7,2820.9,3839.9,2896.0,3134.6,247,4,3134.5,375,7,3134.3,25,3,3134.2,9,2,3134.1,16,2,3134.7,33,3,3135.0,1162,20,3135.2,2,2,3135.4,21,1,3135.5,50,1
2031,2026-06-16 12:29:03+05:30,3134.7,1,3129.91,2064182,137886.0,194522.0,3163.0,3163.0,3108.0,3134.3,31941800,3447.7,2820.9,3839.9,2896.0,3134.6,247,4,3134.5,375,7,3134.3,25,3,3134.2,9,2,3134.1,16,2,3134.7,33,3,3135.0,1162,20,3135.2,2,2,3135.4,21,1,3135.5,50,1
2031,2026-06-16 12:29:04+05:30,3134.7,14,3129.91,2064229,137933.0,195154.0,3163.0,3163.0,3108.0,3134.3,31941800,3447.7,2820.9,3839.9,2896.0,3134.7,17,1,3134.6,247,4,3134.5,357,6,3134.3,35,4,3134.2,9,2,3135.0,1162,20,3135.2,2,2,3135.5,50,1,3135.6,223,3,3135.7,20,2
2031,2026-06-16 12:29:04+05:30,3134.7,14,3129.91,2064229,137933.0,195154.0,3163.0,3163.0,3108.0,3134.3,31941800,3447.7,2820.9,3839.9,2896.0,3134.7,17,1,3134.6,247,4,3134.5,357,6,3134.3,35,4,3134.2,9,2,3135.0,1162,20,3135.2,2,2,3135.5,50,1,3135.6,223,3,3135.7,20,2
2031,2026-06-16 12:29:05+05:30,3134.7,14,3129.91,2064229,137933.0,195154.0,3163.0,3163.0,3108.0,3134.3,31941800,3447.7,2820.9,3839.9,2896.0,3134.7,17,1,3134.6,247,4,3134.5,357,6,3134.3,35,4,3134.2,9,2,3135.0,1162,20,3135.2,2,2,3135.5,50,1,3135.6,223,3,3135.7,20,2
2031,2026-06-16 12:29:05+05:30,3135.0,47,3129.91,2065126,137458.0,194079.0,3163.0,3163.0,3108.0,3134.3,31941800,3447.7,2820.9,3839.9,2896.0,3134.8,239,1,3134.7,39,4,3134.6,263,5,3134.5,363,7,3134.4,28,2,3135.0,337,13,3135.2,2,2,3135.5,50,1,3135.6,203,2,3135.7,18,1
2031,2026-06-16 12:29:05+05:30,3135.0,10,3129.91,2065126,137458.0,194079.0,3163.0,3163.0,3108.0,3134.3,31941800,3447.7,2820.9,3839.9,2896.0,3134.8,239,1,3134.7,39,4,3134.6,263,5,3134.5,363,7,3134.4,28,2,3135.0,337,13,3135.2,2,2,3135.5,50,1,3135.6,203,2,3135.7,18,1
2031,2026-06-16 12:29:06+05:30,3134.9,1,3129.91,2065163,137419.0,195125.0,3163.0,3163.0,3108.0,3134.3,31941800,3447.7,2820.9,3839.9,2896.0,3134.9,19,2,3134.8,253,2,3134.6,273,5,3134.5,363,7,3134.4,69,3,3135.0,327,13,3135.2,2,2,3135.5,50,1,3135.6,203,2,3135.7,18,1
2031,2026-06-16 12:29:06+05:30,3135.0,1,3129.91,2065163,137419.0,195125.0,3163.0,3163.0,3108.0,3134.3,31941800,3447.7,2820.9,3839.9,2896.0,3134.9,19,2,3134.8,253,2,3134.6,273,5,3134.5,363,7,3134.4,69,3,3135.0,327,13,3135.2,2,2,3135.5,50,1,3135.6,203,2,3135.7,18,1
2031,2026-06-16 12:29:07+05:30,3135.0,1,3129.91,2065163,137419.0,195125.0,3163.0,3163.0,3108.0,3134.3,31941800,3447.7,2820.9,3839.9,2896.0,3134.9,19,2,3134.8,253,2,3134.6,273,5,3134.5,363,7,3134.4,69,3,3135.0,327,13,3135.2,2,2,3135.5,50,1,3135.6,203,2,3135.7,18,1
2031,2026-06-16 12:29:07+05:30,3135.0,8,3129.91,2065308,137299.0,195049.0,3163.0,3163.0,3108.0,3134.3,31941800,3447.7,2820.9,3839.9,2896.0,3134.9,1,1,3134.8,253,2,3134.6,273,5,3134.5,303,7,3134.4,90,4,3135.0,182,9,3135.2,2,2,3135.5,50,1,3135.6,203,2,3135.7,18,1
2031,2026-06-16 12:29:07+05:30,3135.0,35,3129.91,2065308,137299.0,195049.0,3163.0,3163.0,3108.0,3134.3,31941800,3447.7,2820.9,3839.9,2896.0,3134.9,1,1,3134.8,253,2,3134.6,273,5,3134.5,303,7,3134.4,90,4,3135.0,182,9,3135.2,2,2,3135.5,50,1,3135.6,203,2,3135.7,18,1
2031,2026-06-16 12:29:08+05:30,3134.9,2,3129.91,2065391,137481.0,194647.0,3163.0,3163.0,3108.0,3134.3,31941800,3447.7,2820.9,3839.9,2896.0,3134.9,254,5,3134.8,268,3,3134.7,49,3,3134.6,294,6,3134.5,286,6,3135.0,116,7,3135.2,2,2,3135.5,50,1,3135.6,203,2,3135.7,18,1
2031,2026-06-16 12:29:08+05:30,3134.9,2,3129.91,2065391,137481.0,194647.0,3163.0,3163.0,3108.0,3134.3,31941800,3447.7,2820.9,3839.9,2896.0,3134.9,254,5,3134.8,268,3,3134.7,49,3,3134.6,294,6,3134.5,286,6,3135.0,116,7,3135.2,2,2,3135.5,50,1,3135.6,203,2,3135.7,18,1
2031,2026-06-16 12:29:08+05:30,3135.0,1,3129.91,2065391,137481.0,194647.0,3163.0,3163.0,3108.0,3134.3,31941800,3447.7,2820.9,3839.9,2896.0,3134.9,254,5,3134.8,268,3,3134.7,49,3,3134.6,294,6,3134.5,286,6,3135.0,116,7,3135.2,2,2,3135.5,50,1,3135.6,203,2,3135.7,18,1
2031,2026-06-16 12:29:09+05:30,3134.9,200,3129.91,2065592,136820.0,195151.0,3163.0,3163.0,3108.0,3134.3,31941800,3447.7,2820.9,3839.9,2896.0,3134.9,122,4,3134.8,254,2,3134.7,14,1,3134.6,266,4,3134.5,283,5,3135.0,115,7,3135.2,2,2,3135.5,50,1,3135.6,203,2,3135.7,59,2
2031,2026-06-16 12:29:09+05:30,3135.0,35,3129.91,2065592,136820.0,195151.0,3163.0,3163.0,3108.0,3134.3,31941800,3447.7,2820.9,3839.9,2896.0,3134.9,122,4,3134.8,254,2,3134.7,14,1,3134.6,266,4,3134.5,283,5,3135.0,115,7,3135.2,2,2,3135.5,50,1,3135.6,203,2,3135.7,59,2
2031,2026-06-16 12:29:10+05:30,3135.0,35,3129.91,2065592,136820.0,195151.0,3163.0,3163.0,3108.0,3134.3,31941800,3447.7,2820.9,3839.9,2896.0,3134.9,122,4,3134.8,254,2,3134.7,14,1,3134.6,266,4,3134.5,283,5,3135.0,115,7,3135.2,2,2,3135.5,50,1,3135.6,203,2,3135.7,59,2
2031,2026-06-16 12:29:10+05:30,3135.0,8,3129.92,2065750,136904.0,194999.0,3163.0,3163.0,3108.0,3134.3,31941800,3447.7,2820.9,3839.9,2896.0,3134.9,122,4,3134.8,253,2,3134.6,266,4,3134.5,297,4,3134.4,22,2,3135.0,12,1,3135.2,2,2,3135.5,50,1,3135.6,203,2,3135.7,18,1
2031,2026-06-16 12:29:10+05:30,3135.0,8,3129.92,2065750,136904.0,194999.0,3163.0,3163.0,3108.0,3134.3,31941800,3447.7,2820.9,3839.9,2896.0,3134.9,122,4,3134.8,253,2,3134.6,266,4,3134.5,297,4,3134.4,22,2,3135.0,12,1,3135.2,2,2,3135.5,50,1,3135.6,203,2,3135.7,18,1
2031,2026-06-16 12:29:11+05:30,3135.0,8,3129.92,2065750,136904.0,194999.0,3163.0,3163.0,3108.0,3134.3,31941800,3447.7,2820.9,3839.9,2896.0,3134.9,122,4,3134.8,253,2,3134.6,266,4,3134.5,297,4,3134.4,22,2,3135.0,12,1,3135.2,2,2,3135.5,50,1,3135.6,203,2,3135.7,18,1
2031,2026-06-16 12:29:11+05:30,3134.9,1,3129.92,2065751,136763.0,195468.0,3163.0,3163.0,3108.0,3134.3,31941800,3447.7,2820.9,3839.9,2896.0,3134.9,121,4,3134.8,253,2,3134.7,15,1,3134.6,266,4,3134.5,276,3,3135.0,12,1,3135.2,2,2,3135.3,200,1,3135.4,200,1,3135.5,50,1
2031,2026-06-16 12:29:11+05:30,3134.9,1,3129.92,2065751,136763.0,195468.0,3163.0,3163.0,3108.0,3134.3,31941800,3447.7,2820.9,3839.9,2896.0,3134.9,121,4,3134.8,253,2,3134.7,15,1,3134.6,266,4,3134.5,276,3,3135.0,12,1,3135.2,2,2,3135.3,200,1,3135.4,200,1,3135.5,50,1
2031,2026-06-16 12:29:11+05:30,3134.9,1,3129.92,2065751,136763.0,195468.0,3163.0,3163.0,3108.0,3134.3,31941800,3447.7,2820.9,3839.9,2896.0,3134.9,121,4,3134.8,253,2,3134.7,15,1,3134.6,266,4,3134.5,276,3,3135.0,12,1,3135.2,2,2,3135.3,200,1,3135.4,200,1,3135.5,50,1
2031,2026-06-16 12:29:12+05:30,3134.9,1,3129.92,2065751,136763.0,195468.0,3163.0,3163.0,3108.0,3134.3,31941800,3447.7,2820.9,3839.9,2896.0,3134.9,121,4,3134.8,253,2,3134.7,15,1,3134.6,266,4,3134.5,276,3,3135.0,12,1,3135.2,2,2,3135.3,200,1,3135.4,200,1,3135.5,50,1
2031,2026-06-16 12:29:12+05:30,3135.0,10,3129.92,2065762,136884.0,195814.0,3163.0,3163.0,3108.0,3134.3,31941800,3447.7,2820.9,3839.9,2896.0,3134.9,178,7,3134.8,239,1,3134.7,19,2,3134.6,266,4,3134.5,304,5,3135.0,3,2,3135.2,2,2,3135.3,200,1,3135.4,200,1,3135.5,50,1
2031,2026-06-16 12:29:12+05:30,3135.0,10,3129.92,2065762,136884.0,195814.0,3163.0,3163.0,3108.0,3134.3,31941800,3447.7,2820.9,3839.9,2896.0,3134.9,178,7,3134.8,239,1,3134.7,19,2,3134.6,266,4,3134.5,304,5,3135.0,3,2,3135.2,2,2,3135.3,200,1,3135.4,200,1,3135.5,50,1
2031,2026-06-16 12:29:12+05:30,3135.0,10,3129.92,2065762,136884.0,195814.0,3163.0,3163.0,3108.0,3134.3,31941800,3447.7,2820.9,3839.9,2896.0,3134.9,178,7,3134.8,239,1,3134.7,19,2,3134.6,266,4,3134.5,304,5,3135.0,3,2,3135.2,2,2,3135.3,200,1,3135.4,200,1,3135.5,50,1
2031,2026-06-16 12:29:13+05:30,3135.0,10,3129.92,2065762,136884.0,195814.0,3163.0,3163.0,3108.0,3134.3,31941800,3447.7,2820.9,3839.9,2896.0,3134.9,178,7,3134.8,239,1,3134.7,19,2,3134.6,266,4,3134.5,304,5,3135.0,3,2,3135.2,2,2,3135.3,200,1,3135.4,200,1,3135.5,50,1
2031,2026-06-16 12:29:13+05:30,3135.0,1,3129.92,2065763,136897.0,195217.0,3163.0,3163.0,3108.0,3134.3,31941800,3447.7,2820.9,3839.9,2896.0,3134.9,704,10,3134.8,242,2,3134.7,19,2,3134.6,255,3,3134.5,304,5,3135.0,2,2,3135.2,2,2,3135.3,200,1,3135.4,200,1,3135.5,50,1
2031,2026-06-16 12:29:13+05:30,3135.0,1,3129.92,2065763,136897.0,195217.0,3163.0,3163.0,3108.0,3134.3,31941800,3447.7,2820.9,3839.9,2896.0,3134.9,704,10,3134.8,242,2,3134.7,19,2,3134.6,255,3,3134.5,304,5,3135.0,2,2,3135.2,2,2,3135.3,200,1,3135.4,200,1,3135.5,50,1
2031,2026-06-16 12:29:14+05:30,3134.9,3,3129.92,2065787,136855.0,195416.0,3163.0,3163.0,3108.0,3134.3,31941800,3447.7,2820.9,3839.9,2896.0,3134.9,701,10,3134.8,242,2,3134.7,15,1,3134.6,261,4,3134.5,304,5,3135.0,42,3,3135.2,2,2,3135.3,200,1,3135.4,200,1,3135.5,50,1
2031,2026-06-16 12:29:14+05:30,3134.9,3,3129.92,2065787,136855.0,195416.0,3163.0,3163.0,3108.0,3134.3,31941800,3447.7,2820.9,3839.9,2896.0,3134.9,701,10,3134.8,242,2,3134.7,15,1,3134.6,261,4,3134.5,304,5,3135.0,42,3,3135.2,2,2,3135.3,200,1,3135.4,200,1,3135.5,50,1
2031,2026-06-16 12:29:14+05:30,3134.9,3,3129.92,2065787,136855.0,195416.0,3163.0,3163.0,3108.0,3134.3,31941800,3447.7,2820.9,3839.9,2896.0,3134.9,701,10,3134.8,242,2,3134.7,15,1,3134.6,261,4,3134.5,304,5,3135.0,42,3,3135.2,2,2,3135.3,200,1,3135.4,200,1,3135.5,50,1
2031,2026-06-16 12:29:15+05:30,3134.9,3,3129.92,2065787,136855.0,195416.0,3163.0,3163.0,3108.0,3134.3,31941800,3447.7,2820.9,3839.9,2896.0,3134.9,701,10,3134.8,242,2,3134.7,15,1,3134.6,261,4,3134.5,304,5,3135.0,42,3,3135.2,2,2,3135.3,200,1,3135.4,200,1,3135.5,50,1
2031,2026-06-16 12:29:15+05:30,3134.9,3,3129.92,2065787,136687.0,195411.0,3163.0,3163.0,3108.0,3134.3,31941800,3447.7,2820.9,3839.9,2896.0,3134.9,697,10,3134.8,242,2,3134.7,15,1,3134.6,261,4,3134.5,304,5,3135.0,42,3,3135.2,2,2,3135.3,200,1,3135.4,200,1,3135.5,50,1
2031,2026-06-16 12:29:15+05:30,3134.9,200,3129.92,2065787,136687.0,195411.0,3163.0,3163.0,3108.0,3134.3,31941800,3447.7,2820.9,3839.9,2896.0,3134.9,697,10,3134.8,242,2,3134.7,15,1,3134.6,261,4,3134.5,304,5,3135.0,42,3,3135.2,2,2,3135.3,200,1,3135.4,200,1,3135.5,50,1
2031,2026-06-16 12:29:15+05:30,3134.9,200,3129.92,2065787,136687.0,195411.0,3163.0,3163.0,3108.0,3134.3,31941800,3447.7,2820.9,3839.9,2896.0,3134.9,697,10,3134.8,242,2,3134.7,15,1,3134.6,261,4,3134.5,304,5,3135.0,42,3,3135.2,2,2,3135.3,200,1,3135.4,200,1,3135.5,50,1
2031,2026-06-16 12:29:16+05:30,3134.9,1,3129.92,2066230,136702.0,195694.0,3163.0,3163.0,3108.0,3134.3,31941800,3447.7,2820.9,3839.9,2896.0,3134.9,562,9,3134.8,242,2,3134.7,15,1,3134.6,271,4,3134.5,304,5,3135.0,30,1,3135.2,2,2,3135.3,200,1,3135.4,200,1,3135.5,50,1
2031,2026-06-16 12:29:16+05:30,3134.9,1,3129.92,2066230,136702.0,195694.0,3163.0,3163.0,3108.0,3134.3,31941800,3447.7,2820.9,3839.9,2896.0,3134.9,562,9,3134.8,242,2,3134.7,15,1,3134.6,271,4,3134.5,304,5,3135.0,30,1,3135.2,2,2,3135.3,200,1,3135.4,200,1,3135.5,50,1
2031,2026-06-16 12:29:16+05:30,3134.9,1,3129.92,2066230,136702.0,195694.0,3163.0,3163.0,3108.0,3134.3,31941800,3447.7,2820.9,3839.9,2896.0,3134.9,562,9,3134.8,242,2,3134.7,15,1,3134.6,271,4,3134.5,304,5,3135.0,30,1,3135.2,2,2,3135.3,200,1,3135.4,200,1,3135.5,50,1
2031,2026-06-16 12:29:17+05:30,3135.0,5,3129.92,2066235,136819.0,195695.0,3163.0,3163.0,3108.0,3134.3,31941800,3447.7,2820.9,3839.9,2896.0,3134.9,562,9,3134.8,242,2,3134.7,15,1,3134.6,271,4,3134.5,320,6,3135.0,25,1,3135.2,2,2,3135.3,200,1,3135.4,200,1,3135.5,50,1
2031,2026-06-16 12:29:17+05:30,3135.0,5,3129.92,2066235,136819.0,195695.0,3163.0,3163.0,3108.0,3134.3,31941800,3447.7,2820.9,3839.9,2896.0,3134.9,562,9,3134.8,242,2,3134.7,15,1,3134.6,271,4,3134.5,320,6,3135.0,25,1,3135.2,2,2,3135.3,200,1,3135.4,200,1,3135.5,50,1
2031,2026-06-16 12:29:17+05:30,3135.3,1,3129.92,2066235,136819.0,195695.0,3163.0,3163.0,3108.0,3134.3,31941800,3447.7,2820.9,3839.9,2896.0,3134.9,562,9,3134.8,242,2,3134.7,15,1,3134.6,271,4,3134.5,320,6,3135.0,25,1,3135.2,2,2,3135.3,200,1,3135.4,200,1,3135.5,50,1
2031,2026-06-16 12:29:18+05:30,3135.0,17,3129.92,2066422,136706.0,195585.0,3163.0,3163.0,3108.0,3134.3,31941800,3447.7,2820.9,3839.9,2896.0,3134.9,654,9,3134.8,255,2,3134.7,15,1,3134.6,271,4,3134.5,304,5,3135.0,5,1,3135.2,1,1,3135.4,272,2,3135.5,50,1,3135.6,203,2
2031,2026-06-16 12:29:18+05:30,3135.0,17,3129.92,2066422,136706.0,195585.0,3163.0,3163.0,3108.0,3134.3,31939000,3447.7,2820.9,3839.9,2896.0,3134.9,654,9,3134.8,255,2,3134.7,15,1,3134.6,271,4,3134.5,304,5,3135.0,5,1,3135.2,1,1,3135.4,272,2,3135.5,50,1,3135.6,203,2
2031,2026-06-16 12:29:18+05:30,3134.9,200,3129.92,2066422,136706.0,195585.0,3163.0,3163.0,3108.0,3134.3,31939000,3447.7,2820.9,3839.9,2896.0,3134.9,654,9,3134.8,255,2,3134.7,15,1,3134.6,271,4,3134.5,304,5,3135.0,5,1,3135.2,1,1,3135.4,272,2,3135.5,50,1,3135.6,203,2
2031,2026-06-16 12:29:19+05:30,3135.2,1,3129.92,2066828,136532.0,195969.0,3163.0,3163.0,3108.0,3134.3,31939000,3447.7,2820.9,3839.9,2896.0,3134.9,408,10,3134.8,245,2,3134.7,29,3,3134.6,295,6,3134.5,307,5,3135.2,1,1,3135.4,272,2,3135.5,50,1,3135.6,203,2,3135.7,18,1
2031,2026-06-16 12:29:19+05:30,3135.2,1,3129.92,2066828,136532.0,195969.0,3163.0,3163.0,3108.0,3134.3,31939000,3447.7,2820.9,3839.9,2896.0,3134.9,408,10,3134.8,245,2,3134.7,29,3,3134.6,295,6,3134.5,307,5,3135.2,1,1,3135.4,272,2,3135.5,50,1,3135.6,203,2,3135.7,18,1
2031,2026-06-16 12:29:20+05:30,3135.2,1,3129.92,2066830,136544.0,195977.0,3163.0,3163.0,3108.0,3134.3,31939000,3447.7,2820.9,3839.9,2896.0,3134.9,407,9,3134.8,242,2,3134.7,15,1,3134.6,295,6,3134.5,314,6,3135.0,50,1,3135.4,272,2,3135.5,50,1,3135.6,203,2,3135.7,18,1
2031,2026-06-16 12:29:21+05:30,3135.2,1,3129.92,2066830,136575.0,195974.0,3163.0,3163.0,3108.0,3134.3,31939000,3447.7,2820.9,3839.9,2896.0,3134.9,401,8,3134.8,255,2,3134.7,35,2,3134.6,279,5,3134.5,314,6,3135.0,50,1,3135.4,272,2,3135.5,50,1,3135.6,203,2,3135.7,18,1
2031,2026-06-16 12:29:21+05:30,3135.0,9,3129.92,2066830,136575.0,195974.0,3163.0,3163.0,3108.0,3134.3,31939000,3447.7,2820.9,3839.9,2896.0,3134.9,401,8,3134.8,255,2,3134.7,35,2,3134.6,279,5,3134.5,314,6,3135.0,50,1,3135.4,272,2,3135.5,50,1,3135.6,203,2,3135.7,18,1
2031,2026-06-16 12:29:22+05:30,3135.0,9,3129.92,2066839,136596.0,196087.0,3163.0,3163.0,3108.0,3134.3,31939000,3447.7,2820.9,3839.9,2896.0,3134.9,417,8,3134.8,239,1,3134.7,35,2,3134.6,255,3,3134.5,320,6,3135.0,41,1,3135.4,272,2,3135.5,50,1,3135.6,203,2,3135.7,61,2
2031,2026-06-16 12:29:23+05:30,3134.9,1,3129.92,2067113,136692.0,195729.0,3163.0,3163.0,3108.0,3134.3,31939000,3447.7,2820.9,3839.9,2896.0,3135.0,12,1,3134.9,411,8,3134.8,239,1,3134.7,35,2,3134.6,271,4,3135.4,45,1,3135.5,50,1,3135.6,203,2,3135.7,61,2,3135.8,420,3
2031,2026-06-16 12:29:23+05:30,3134.9,1,3129.92,2067113,136692.0,195729.0,3163.0,3163.0,3108.0,3134.3,31939000,3447.7,2820.9,3839.9,2896.0,3135.0,12,1,3134.9,411,8,3134.8,239,1,3134.7,35,2,3134.6,271,4,3135.4,45,1,3135.5,50,1,3135.6,203,2,3135.7,61,2,3135.8,420,3
2031,2026-06-16 12:29:24+05:30,3134.9,1,3129.92,2067113,136453.0,195629.0,3163.0,3163.0,3108.0,3134.3,31939000,3447.7,2820.9,3839.9,2896.0,3134.9,395,7,3134.8,239,1,3134.7,35,2,3134.6,292,5,3134.5,276,3,3135.0,1,1,3135.4,45,1,3135.5,233,2,3135.6,203,2,3135.7,58,2
2031,2026-06-16 12:29:24+05:30,3136.2,25,3129.92,2067113,136453.0,195629.0,3163.0,3163.0,3108.0,3134.3,31939000,3447.7,2820.9,3839.9,2896.0,3134.9,395,7,3134.8,239,1,3134.7,35,2,3134.6,292,5,3134.5,276,3,3135.0,1,1,3135.4,45,1,3135.5,233,2,3135.6,203,2,3135.7,58,2
2031,2026-06-16 12:29:25+05:30,3136.5,8,3129.93,2070442,136102.0,192611.0,3163.0,3163.0,3108.0,3134.3,31939000,3447.7,2820.9,3839.9,2896.0,3135.2,24,2,3135.1,56,3,3135.0,140,5,3134.9,320,11,3134.8,302,3,3136.5,316,4,3136.6,238,4,3136.7,437,5,3136.8,40,2,3136.9,136,3
2031,2026-06-16 12:29:25+05:30,3136.5,8,3129.93,2070442,136102.0,192611.0,3163.0,3163.0,3108.0,3134.3,31939000,3447.7,2820.9,3839.9,2896.0,3135.2,24,2,3135.1,56,3,3135.0,140,5,3134.9,320,11,3134.8,302,3,3136.5,316,4,3136.6,238,4,3136.7,437,5,3136.8,40,2,3136.9,136,3
2031,2026-06-16 12:29:26+05:30,3136.5,1,3129.93,2070443,136047.0,193275.0,3163.0,3163.0,3108.0,3134.3,31939000,3447.7,2820.9,3839.9,2896.0,3135.2,12,1,3135.1,56,3,3135.0,140,5,3134.9,299,10,3134.8,326,5,3136.3,200,1,3136.4,232,2,3136.5,515,5,3136.6,121,4,3136.7,351,4
2031,2026-06-16 12:29:26+05:30,3135.1,8,3129.93,2070443,136047.0,193275.0,3163.0,3163.0,3108.0,3134.3,31939000,3447.7,2820.9,3839.9,2896.0,3135.2,12,1,3135.1,56,3,3135.0,140,5,3134.9,299,10,3134.8,326,5,3136.3,200,1,3136.4,232,2,3136.5,515,5,3136.6,121,4,3136.7,351,4
2031,2026-06-16 12:29:27+05:30,3135.3,5,3129.93,2070468,135669.0,192781.0,3163.0,3163.0,3108.0,3134.3,31939000,3447.7,2820.9,3839.9,2896.0,3135.5,16,1,3135.4,57,4,3135.3,55,5,3135.2,254,2,3135.1,38,2,3135.8,50,1,3136.3,200,1,3136.4,22,1,3136.5,442,3,3136.6,81,3
2031,2026-06-16 12:29:27+05:30,3135.3,5,3129.93,2070468,135669.0,192781.0,3163.0,3163.0,3108.0,3134.3,31939000,3447.7,2820.9,3839.9,2896.0,3135.5,16,1,3135.4,57,4,3135.3,55,5,3135.2,254,2,3135.1,38,2,3135.8,50,1,3136.3,200,1,3136.4,22,1,3136.5,442,3,3136.6,81,3
2031,2026-06-16 12:29:28+05:30,3136.2,10,3129.93,2070528,135710.0,193183.0,3163.0,3163.0,3108.0,3134.3,31939000,3447.7,2820.9,3839.9,2896.0,3135.7,17,1,3135.5,1,1,3135.4,6,1,3135.3,6,1,3135.2,254,2,3136.3,200,1,3136.4,69,2,3136.5,431,3,3136.6,143,5,3136.7,292,2
2031,2026-06-16 12:29:28+05:30,3135.7,1,3129.93,2070528,135710.0,193183.0,3163.0,3163.0,3108.0,3134.3,31939000,3447.7,2820.9,3839.9,2896.0,3135.7,17,1,3135.5,1,1,3135.4,6,1,3135.3,6,1,3135.2,254,2,3136.3,200,1,3136.4,69,2,3136.5,431,3,3136.6,143,5,3136.7,292,2
2031,2026-06-16 12:29:29+05:30,3135.8,9,3129.93,2070743,135633.0,194085.0,3163.0,3163.0,3108.0,3134.3,31939000,3447.7,2820.9,3839.9,2896.0,3135.7,212,1,3135.5,76,2,3135.3,15,1,3135.2,254,2,3134.9,204,7,3135.8,191,1,3136.2,208,2,3136.3,258,3,3136.4,50,1,3136.5,391,2
2031,2026-06-16 12:29:29+05:30,3135.8,9,3129.93,2070743,135633.0,194085.0,3163.0,3163.0,3108.0,3134.3,31939000,3447.7,2820.9,3839.9,2896.0,3135.7,212,1,3135.5,76,2,3135.3,15,1,3135.2,254,2,3134.9,204,7,3135.8,191,1,3136.2,208,2,3136.3,258,3,3136.4,50,1,3136.5,391,2
2031,2026-06-16 12:29:30+05:30,3135.8,15,3129.93,2070759,135626.0,191833.0,3163.0,3163.0,3108.0,3134.3,31939000,3447.7,2820.9,3839.9,2896.0,3135.7,226,3,3135.5,76,2,3135.3,15,1,3135.2,270,3,3135.0,148,4,3135.8,176,2,3136.3,240,2,3136.5,391,2,3136.6,100,4,3136.7,292,2
2031,2026-06-16 12:29:30+05:30,3135.7,171,3129.93,2070759,135626.0,191833.0,3163.0,3163.0,3108.0,3134.3,31939000,3447.7,2820.9,3839.9,2896.0,3135.7,226,3,3135.5,76,2,3135.3,15,1,3135.2,270,3,3135.0,148,4,3135.8,176,2,3136.3,240,2,3136.5,391,2,3136.6,100,4,3136.7,292,2
2031,2026-06-16 12:29:31+05:30,3135.7,171,3129.93,2070934,135497.0,193679.0,3163.0,3163.0,3108.0,3134.3,31939000,3447.7,2820.9,3839.9,2896.0,3135.7,55,3,3135.5,93,3,3135.4,16,1,3135.2,254,2,3135.0,164,5,3135.8,1,1,3136.2,176,1,3136.3,290,3,3136.5,391,2,3136.6,100,4
2031,2026-06-16 12:29:31+05:30,3135.7,50,3129.93,2070934,135497.0,193679.0,3163.0,3163.0,3108.0,3134.3,31939000,3447.7,2820.9,3839.9,2896.0,3135.7,55,3,3135.5,93,3,3135.4,16,1,3135.2,254,2,3135.0,164,5,3135.8,1,1,3136.2,176,1,3136.3,290,3,3136.5,391,2,3136.6,100,4
2031,2026-06-16 12:29:32+05:30,3135.8,1,3129.93,2071085,135602.0,191944.0,3163.0,3163.0,3108.0,3134.3,31939000,3447.7,2820.9,3839.9,2896.0,3135.8,15,1,3135.7,24,4,3135.5,76,2,3135.2,240,1,3135.0,143,4,3136.3,240,2,3136.5,437,3,3136.6,100,4,3136.7,292,2,3136.8,480,5
2031,2026-06-16 12:29:32+05:30,3136.3,1,3129.93,2071085,135602.0,191944.0,3163.0,3163.0,3108.0,3134.3,31939000,3447.7,2820.9,3839.9,2896.0,3135.8,15,1,3135.7,24,4,3135.5,76,2,3135.2,240,1,3135.0,143,4,3136.3,240,2,3136.5,437,3,3136.6,100,4,3136.7,292,2,3136.8,480,5
2031,2026-06-16 12:29:33+05:30,3135.8,1,3129.93,2071087,135720.0,193553.0,3163.0,3163.0,3108.0,3134.3,31939000,3447.7,2820.9,3839.9,2896.0,3135.8,15,2,3135.7,24,4,3135.5,76,2,3135.2,240,1,3135.0,143,4,3136.3,264,3,3136.5,437,3,3136.6,100,4,3136.7,292,2,3136.8,480,5
2031,2026-06-16 12:29:33+05:30,3136.3,23,3129.93,2071087,135720.0,193553.0,3163.0,3163.0,3108.0,3134.3,31939000,3447.7,2820.9,3839.9,2896.0,3135.8,15,2,3135.7,24,4,3135.5,76,2,3135.2,240,1,3135.0,143,4,3136.3,264,3,3136.5,437,3,3136.6,100,4,3136.7,292,2,3136.8,480,5
2031,2026-06-16 12:29:34+05:30,3135.7,4,3129.93,2071405,134888.0,194306.0,3163.0,3163.0,3108.0,3134.3,31939000,3447.7,2820.9,3839.9,2896.0,3135.7,12,3,3135.5,76,2,3135.0,127,3,3134.9,32,3,3134.7,35,2,3135.8,1,1,3136.2,70,3,3136.3,294,4,3136.4,120,4,3136.5,437,3
2031,2026-06-16 12:29:34+05:30,3135.7,4,3129.93,2071405,134888.0,194306.0,3163.0,3163.0,3108.0,3134.3,31939000,3447.7,2820.9,3839.9,2896.0,3135.7,12,3,3135.5,76,2,3135.0,127,3,3134.9,32,3,3134.7,35,2,3135.8,1,1,3136.2,70,3,3136.3,294,4,3136.4,120,4,3136.5,437,3
2031,2026-06-16 12:29:35+05:30,3135.8,1,3129.93,2071406,135815.0,192179.0,3163.0,3163.0,3108.0,3134.3,31939000,3447.7,2820.9,3839.9,2896.0,3135.7,13,4,3135.5,91,3,3135.1,16,1,3135.0,142,4,3134.9,35,4,3136.2,10,1,3136.3,252,3,3136.4,54,1,3136.5,483,4,3136.6,129,5
2031,2026-06-16 12:29:35+05:30,3135.7,7,3129.93,2071406,135815.0,192179.0,3163.0,3163.0,3108.0,3134.3,31939000,3447.7,2820.9,3839.9,2896.0,3135.7,13,4,3135.5,91,3,3135.1,16,1,3135.0,142,4,3134.9,35,4,3136.2,10,1,3136.3,252,3,3136.4,54,1,3136.5,483,4,3136.6,129,5
2031,2026-06-16 12:29:36+05:30,3136.3,21,3129.93,2071447,135828.0,193361.0,3163.0,3163.0,3108.0,3134.3,31939000,3447.7,2820.9,3839.9,2896.0,3135.7,26,5,3135.6,15,1,3135.5,76,2,3135.1,16,1,3135.0,127,3,3136.2,7,1,3136.3,156,1,3136.4,54,1,3136.5,437,3,3136.6,110,4
2031,2026-06-16 12:29:36+05:30,3135.7,8,3129.93,2071447,135828.0,193361.0,3163.0,3163.0,3108.0,3134.3,31939000,3447.7,2820.9,3839.9,2896.0,3135.7,26,5,3135.6,15,1,3135.5,76,2,3135.1,16,1,3135.0,127,3,3136.2,7,1,3136.3,156,1,3136.4,54,1,3136.5,437,3,3136.6,110,4
2031,2026-06-16 12:29:37+05:30,3135.7,90,3129.93,2071713,135226.0,193991.0,3163.0,3163.0,3108.0,3134.3,31939000,3447.7,2820.9,3839.9,2896.0,3135.6,16,2,3135.5,76,2,3135.0,127,3,3134.9,35,4,3134.8,46,1,3135.7,34,1,3135.8,40,2,3136.2,203,3,3136.3,163,2,3136.4,93,3
2031,2026-06-16 12:29:37+05:30,3135.7,90,3129.93,2071713,135226.0,193991.0,3163.0,3163.0,3108.0,3134.3,31939000,3447.7,2820.9,3839.9,2896.0,3135.6,16,2,3135.5,76,2,3135.0,127,3,3134.9,35,4,3134.8,46,1,3135.7,34,1,3135.8,40,2,3136.2,203,3,3136.3,163,2,3136.4,93,3
2031,2026-06-16 12:29:38+05:30,3135.6,1,3129.93,2071714,135228.0,193483.0,3163.0,3163.0,3108.0,3134.3,31939000,3447.7,2820.9,3839.9,2896.0,3135.6,15,2,3135.5,76,2,3135.1,16,1,3135.0,127,3,3134.9,56,5,3135.7,48,2,3135.8,40,2,3136.2,23,2,3136.3,163,2,3136.4,93,3
2031,2026-06-16 12:29:38+05:30,3135.6,23,3129.93,2071714,135228.0,193483.0,3163.0,3163.0,3108.0,3134.3,31939000,3447.7,2820.9,3839.9,2896.0,3135.6,15,2,3135.5,76,2,3135.1,16,1,3135.0,127,3,3134.9,56,5,3135.7,48,2,3135.8,40,2,3136.2,23,2,3136.3,163,2,3136.4,93,3
2031,2026-06-16 12:29:39+05:30,3135.7,1,3129.93,2071828,135062.0,194086.0,3163.0,3163.0,3108.0,3134.3,31939000,3447.7,2820.9,3839.9,2896.0,3135.6,56,2,3135.5,76,2,3135.0,104,2,3134.9,110,6,3134.8,31,3,3135.7,117,4,3135.8,40,2,3136.3,46,1,3136.4,124,3,3136.5,178,2
2031,2026-06-16 12:29:39+05:30,3135.7,1,3129.93,2071828,135062.0,194086.0,3163.0,3163.0,3108.0,3134.3,31939000,3447.7,2820.9,3839.9,2896.0,3135.6,56,2,3135.5,76,2,3135.0,104,2,3134.9,110,6,3134.8,31,3,3135.7,117,4,3135.8,40,2,3136.3,46,1,3136.4,124,3,3136.5,178,2
2031,2026-06-16 12:29:40+05:30,3135.5,75,3129.93,2071979,134723.0,194034.0,3163.0,3163.0,3108.0,3134.3,31939000,3447.7,2820.9,3839.9,2896.0,3135.1,12,1,3135.0,190,9,3134.9,85,5,3134.8,44,3,3134.7,70,4,3135.4,49,1,3135.7,117,4,3135.8,40,2,3136.2,72,2,3136.3,100,1
2031,2026-06-16 12:29:40+05:30,3135.4,1,3129.93,2071979,134723.0,194034.0,3163.0,3163.0,3108.0,3134.3,31939000,3447.7,2820.9,3839.9,2896.0,3135.1,12,1,3135.0,190,9,3134.9,85,5,3134.8,44,3,3134.7,70,4,3135.4,49,1,3135.7,117,4,3135.8,40,2,3136.2,72,2,3136.3,100,1
2031,2026-06-16 12:29:41+05:30,3135.4,1,3129.93,2071980,134719.0,194048.0,3163.0,3163.0,3108.0,3134.3,31939000,3447.7,2820.9,3839.9,2896.0,3135.1,3,1,3135.0,205,10,3134.9,85,5,3134.8,44,3,3134.7,70,4,3135.4,66,2,3135.7,103,3,3135.8,40,2,3136.2,72,2,3136.3,100,1
2031,2026-06-16 12:29:42+05:30,3135.4,1,3129.93,2071980,134123.0,195610.0,3163.0,3163.0,3108.0,3134.3,31939000,3447.7,2820.9,3839.9,2896.0,3135.0,119,3,3134.9,32,3,3134.7,35,2,3134.6,13,2,3134.5,36,2,3135.4,100,3,3135.6,44,3,3135.7,122,4,3135.8,86,3,3135.9,234,2
2031,2026-06-16 12:29:43+05:30,3135.4,1,3129.93,2071980,134153.0,195937.0,3163.0,3163.0,3108.0,3134.3,31939000,3447.7,2820.9,3839.9,2896.0,3135.0,124,4,3134.9,32,3,3134.7,35,2,3134.6,13,2,3134.5,36,2,3135.4,100,3,3135.6,12,2,3135.7,172,5,3135.8,86,3,3135.9,234,2
2031,2026-06-16 12:29:43+05:30,3135.0,4,3129.93,2071980,134153.0,195937.0,3163.0,3163.0,3108.0,3134.3,31939000,3447.7,2820.9,3839.9,2896.0,3135.0,124,4,3134.9,32,3,3134.7,35,2,3134.6,13,2,3134.5,36,2,3135.4,100,3,3135.6,12,2,3135.7,172,5,3135.8,86,3,3135.9,234,2
2031,2026-06-16 12:29:44+05:30,3135.0,4,3129.93,2072252,133705.0,196259.0,3163.0,3163.0,3108.0,3134.3,31939000,3447.7,2820.9,3839.9,2896.0,3135.0,23,3,3134.9,32,3,3134.7,35,2,3134.6,13,2,3134.5,36,2,3135.3,2,1,3135.4,222,8,3135.5,78,3,3135.6,91,4,3135.7,553,6
2031,2026-06-16 12:29:44+05:30,3135.4,48,3129.93,2072252,133705.0,196259.0,3163.0,3163.0,3108.0,3134.3,31939000,3447.7,2820.9,3839.9,2896.0,3135.0,23,3,3134.9,32,3,3134.7,35,2,3134.6,13,2,3134.5,36,2,3135.3,2,1,3135.4,222,8,3135.5,78,3,3135.6,91,4,3135.7,553,6
2031,2026-06-16 12:29:45+05:30,3135.4,48,3129.93,2072302,133830.0,196355.0,3163.0,3163.0,3108.0,3134.3,31939000,3447.7,2820.9,3839.9,2896.0,3135.0,25,4,3134.9,32,3,3134.7,35,2,3134.6,13,2,3134.5,36,2,3135.4,53,3,3135.5,54,2,3135.6,491,6,3135.7,178,5,3135.8,40,2
2031,2026-06-16 12:29:45+05:30,3135.4,1,3129.93,2072302,133830.0,196355.0,3163.0,3163.0,3108.0,3134.3,31939000,3447.7,2820.9,3839.9,2896.0,3135.0,25,4,3134.9,32,3,3134.7,35,2,3134.6,13,2,3134.5,36,2,3135.4,53,3,3135.5,54,2,3135.6,491,6,3135.7,178,5,3135.8,40,2
2031,2026-06-16 12:29:46+05:30,3135.4,1,3129.93,2072304,134041.0,196410.0,3163.0,3163.0,3108.0,3134.3,31939000,3447.7,2820.9,3839.9,2896.0,3135.2,2,2,3135.0,25,4,3134.9,32,3,3134.7,35,2,3134.6,24,3,3135.4,50,2,3135.5,10,1,3135.6,29,2,3135.7,153,4,3135.8,502,6
2031,2026-06-16 12:29:46+05:30,3135.4,1,3129.93,2072304,134041.0,196410.0,3163.0,3163.0,3108.0,3134.3,31939000,3447.7,2820.9,3839.9,2896.0,3135.2,2,2,3135.0,25,4,3134.9,32,3,3134.7,35,2,3134.6,24,3,3135.4,50,2,3135.5,10,1,3135.6,29,2,3135.7,153,4,3135.8,502,6
2031,2026-06-16 12:29:47+05:30,3135.4,1,3129.93,2072304,134121.0,196486.0,3163.0,3163.0,3108.0,3134.3,31939000,3447.7,2820.9,3839.9,2896.0,3135.2,2,2,3135.0,41,6,3134.9,32,3,3134.7,35,2,3134.6,24,3,3135.4,50,2,3135.5,10,1,3135.6,29,2,3135.7,153,4,3135.8,440,4
2031,2026-06-16 12:29:47+05:30,3136.7,5,3129.93,2072304,134121.0,196486.0,3163.0,3163.0,3108.0,3134.3,31939000,3447.7,2820.9,3839.9,2896.0,3135.2,2,2,3135.0,41,6,3134.9,32,3,3134.7,35,2,3134.6,24,3,3135.4,50,2,3135.5,10,1,3135.6,29,2,3135.7,153,4,3135.8,440,4
2031,2026-06-16 12:29:48+05:30,3135.5,14,3129.95,2076345,135104.0,192238.0,3163.0,3163.0,3108.0,3134.3,31939000,3447.7,2820.9,3839.9,2896.0,3135.5,35,1,3135.4,24,1,3135.3,52,4,3135.2,35,4,3135.1,94,4,3136.8,213,2,3136.9,251,2,3137.0,282,6,3137.1,450,3,3137.2,85,4
2031,2026-06-16 12:29:48+05:30,3135.5,14,3129.95,2076345,135104.0,192238.0,3163.0,3163.0,3108.0,3134.3,31939000,3447.7,2820.9,3839.9,2896.0,3135.5,35,1,3135.4,24,1,3135.3,52,4,3135.2,35,4,3135.1,94,4,3136.8,213,2,3136.9,251,2,3137.0,282,6,3137.1,450,3,3137.2,85,4
2031,2026-06-16 12:29:49+05:30,3135.5,14,3129.95,2076345,135139.0,191072.0,3163.0,3163.0,3108.0,3134.3,31939000,3447.7,2820.9,3839.9,2896.0,3135.5,4,1,3135.4,49,1,3135.3,15,2,3135.2,19,3,3135.1,24,2,3136.7,291,6,3136.8,303,5,3136.9,341,5,3137.0,302,7,3137.1,535,5
2031,2026-06-16 12:29:50+05:30,3135.5,14,3129.95,2076345,135098.0,193050.0,3163.0,3163.0,3108.0,3134.3,31939000,3447.7,2820.9,3839.9,2896.0,3135.5,218,3,3135.4,8,1,3135.3,61,5,3135.2,13,3,3135.1,21,1,3136.0,1,1,3136.6,246,3,3136.7,77,4,3136.8,290,4,3136.9,301,3
2031,2026-06-16 12:29:51+05:30,3136.6,4,3129.95,2076350,135420.0,193439.0,3163.0,3163.0,3108.0,3134.3,31939000,3447.7,2820.9,3839.9,2896.0,3136.1,1,1,3135.7,19,3,3135.5,202,2,3135.4,49,1,3135.3,46,2,3136.7,30,3,3136.8,299,3,3136.9,320,4,3137.0,285,6,3137.1,546,5
2031,2026-06-16 12:29:51+05:30,3136.6,4,3129.95,2076350,135420.0,193439.0,3163.0,3163.0,3108.0,3134.3,31939000,3447.7,2820.9,3839.9,2896.0,3136.1,1,1,3135.7,19,3,3135.5,202,2,3135.4,49,1,3135.3,46,2,3136.7,30,3,3136.8,299,3,3136.9,320,4,3137.0,285,6,3137.1,546,5
2031,2026-06-16 12:29:52+05:30,3136.5,1,3129.95,2076362,134732.0,193536.0,3163.0,3163.0,3108.0,3134.3,31939000,3447.7,2820.9,3839.9,2896.0,3136.1,1,1,3135.7,20,4,3135.5,202,2,3135.2,13,1,3135.0,41,5,3136.5,90,6,3136.6,58,3,3136.7,103,6,3136.8,124,3,3136.9,125,5
2031,2026-06-16 12:29:52+05:30,3136.2,300,3129.95,2076362,134732.0,193536.0,3163.0,3163.0,3108.0,3134.3,31939000,3447.7,2820.9,3839.9,2896.0,3136.1,1,1,3135.7,20,4,3135.5,202,2,3135.2,13,1,3135.0,41,5,3136.5,90,6,3136.6,58,3,3136.7,103,6,3136.8,124,3,3136.9,125,5
2031,2026-06-16 12:29:53+05:30,3136.2,300,3129.95,2076662,134705.0,194211.0,3163.0,3163.0,3108.0,3134.3,31939000,3447.7,2820.9,3839.9,2896.0,3136.1,212,3,3135.7,20,4,3135.5,4,1,3135.2,27,2,3135.1,92,3,3136.2,200,1,3136.5,90,5,3136.7,26,2,3136.8,269,4,3136.9,72,3
2031,2026-06-16 12:29:53+05:30,3136.2,165,3129.95,2076662,134705.0,194211.0,3163.0,3163.0,3108.0,3134.3,31939000,3447.7,2820.9,3839.9,2896.0,3136.1,212,3,3135.7,20,4,3135.5,4,1,3135.2,27,2,3135.1,92,3,3136.2,200,1,3136.5,90,5,3136.7,26,2,3136.8,269,4,3136.9,72,3
2031,2026-06-16 12:29:54+05:30,3136.1,3,3129.95,2076831,134783.0,194057.0,3163.0,3163.0,3108.0,3134.3,31939000,3447.7,2820.9,3839.9,2896.0,3136.1,283,3,3135.7,19,4,3135.5,4,1,3135.3,6,2,3135.2,27,2,3136.2,72,3,3136.5,74,3,3136.6,41,1,3136.7,23,2,3136.8,21,1
2031,2026-06-16 12:29:54+05:30,3136.2,1,3129.95,2076831,134783.0,194057.0,3163.0,3163.0,3108.0,3134.3,31939000,3447.7,2820.9,3839.9,2896.0,3136.1,283,3,3135.7,19,4,3135.5,4,1,3135.3,6,2,3135.2,27,2,3136.2,72,3,3136.5,74,3,3136.6,41,1,3136.7,23,2,3136.8,21,1
2031,2026-06-16 12:29:55+05:30,3136.2,1,3129.95,2076832,134777.0,193939.0,3163.0,3163.0,3108.0,3134.3,31939000,3447.7,2820.9,3839.9,2896.0,3136.1,283,3,3135.7,19,4,3135.5,4,1,3135.3,6,2,3135.2,27,2,3136.2,105,4,3136.4,41,1,3136.5,74,3,3136.7,42,3,3136.8,62,2
2031,2026-06-16 12:29:55+05:30,3136.5,74,3129.95,2076832,134777.0,193939.0,3163.0,3163.0,3108.0,3134.3,31939000,3447.7,2820.9,3839.9,2896.0,3136.1,283,3,3135.7,19,4,3135.5,4,1,3135.3,6,2,3135.2,27,2,3136.2,105,4,3136.4,41,1,3136.5,74,3,3136.7,42,3,3136.8,62,2
2031,2026-06-16 12:29:56+05:30,3136.5,74,3129.95,2077048,135228.0,192452.0,3163.0,3163.0,3108.0,3134.3,31939000,3447.7,2820.9,3839.9,2896.0,3136.1,285,5,3135.7,11,2,3135.6,12,1,3135.5,84,4,3135.3,166,7,3136.5,56,2,3136.7,1,1,3136.9,197,2,3137.0,260,6,3137.2,163,6
2031,2026-06-16 12:29:56+05:30,3136.1,4,3129.95,2077048,135228.0,192452.0,3163.0,3163.0,3108.0,3134.3,31939000,3447.7,2820.9,3839.9,2896.0,3136.1,285,5,3135.7,11,2,3135.6,12,1,3135.5,84,4,3135.3,166,7,3136.5,56,2,3136.7,1,1,3136.9,197,2,3137.0,260,6,3137.2,163,6
2031,2026-06-16 12:29:57+05:30,3136.1,4,3129.95,2077249,135222.0,192434.0,3163.0,3163.0,3108.0,3134.3,31939000,3447.7,2820.9,3839.9,2896.0,3136.1,85,4,3136.0,16,1,3135.7,1,1,3135.5,8,2,3135.4,19,1,3136.5,55,2,3136.7,63,3,3136.9,184,2,3137.0,310,7,3137.1,41,1
2031,2026-06-16 12:29:58+05:30,3136.1,4,3129.95,2077249,135261.0,192434.0,3163.0,3163.0,3108.0,3134.3,31939000,3447.7,2820.9,3839.9,2896.0,3136.1,134,5,3136.0,16,1,3135.7,1,1,3135.5,58,3,3135.4,19,1,3136.5,55,2,3136.7,1,1,3136.9,156,1,3137.0,291,6,3137.1,41,1
2031,2026-06-16 12:29:58+05:30,3136.5,1,3129.95,2077249,135261.0,192434.0,3163.0,3163.0,3108.0,3134.3,31939000,3447.7,2820.9,3839.9,2896.0,3136.1,134,5,3136.0,16,1,3135.7,1,1,3135.5,58,3,3135.4,19,1,3136.5,55,2,3136.7,1,1,3136.9,156,1,3137.0,291,6,3137.1,41,1
2031,2026-06-16 12:29:59+05:30,3136.5,1,3129.95,2077250,135093.0,192305.0,3163.0,3163.0,3108.0,3134.3,31939000,3447.7,2820.9,3839.9,2896.0,3136.1,134,5,3136.0,16,1,3135.7,1,1,3135.5,58,3,3135.4,19,1,3136.5,72,3,3136.6,19,1,3136.7,1,1,3136.8,19,1,3136.9,197,2
2031,2026-06-16 12:29:59+05:30,3136.5,1,3129.95,2077250,135093.0,192305.0,3163.0,3163.0,3108.0,3134.3,31939000,3447.7,2820.9,3839.9,2896.0,3136.1,134,5,3136.0,16,1,3135.7,1,1,3135.5,58,3,3135.4,19,1,3136.5,72,3,3136.6,19,1,3136.7,1,1,3136.8,19,1,3136.9,197,2
2031,2026-06-16 12:30:00+05:30,3136.1,5,3129.95,2077255,135096.0,192347.0,3163.0,3163.0,3108.0,3134.3,31939000,3447.7,2820.9,3839.9,2896.0,3136.1,129,5,3136.0,16,1,3135.7,1,1,3135.5,58,3,3135.4,19,1,3136.5,73,4,3136.7,1,1,3136.8,41,1,3136.9,156,1,3137.0,325,7
2031,2026-06-16 12:30:00+05:30,3135.7,8,3129.95,2077255,135096.0,192347.0,3163.0,3163.0,3108.0,3134.3,31939000,3447.7,2820.9,3839.9,2896.0,3136.1,129,5,3136.0,16,1,3135.7,1,1,3135.5,58,3,3135.4,19,1,3136.5,73,4,3136.7,1,1,3136.8,41,1,3136.9,156,1,3137.0,325,7
2031,2026-06-16 12:30:01+05:30,3136.0,200,3129.95,2077866,133819.0,192856.0,3163.0,3163.0,3108.0,3134.3,31939000,3447.7,2820.9,3839.9,2896.0,3136.0,45,1,3135.5,4,1,3135.2,13,1,3135.1,92,3,3135.0,64,6,3136.1,30,1,3136.4,20,1,3136.5,53,3,3136.6,41,1,3136.7,41,2
2031,2026-06-16 12:30:01+05:30,3136.0,200,3129.95,2077866,133819.0,192856.0,3163.0,3163.0,3108.0,3134.3,31939000,3447.7,2820.9,3839.9,2896.0,3136.0,45,1,3135.5,4,1,3135.2,13,1,3135.1,92,3,3135.0,64,6,3136.1,30,1,3136.4,20,1,3136.5,53,3,3136.6,41,1,3136.7,41,2
2031,2026-06-16 12:30:01+05:30,3136.5,2,3129.95,2077866,133819.0,192856.0,3163.0,3163.0,3108.0,3134.3,31939000,3447.7,2820.9,3839.9,2896.0,3136.0,45,1,3135.5,4,1,3135.2,13,1,3135.1,92,3,3135.0,64,6,3136.1,30,1,3136.4,20,1,3136.5,53,3,3136.6,41,1,3136.7,41,2
2031,2026-06-16 12:30:02+05:30,3136.5,2,3129.95,2077898,135183.0,192515.0,3163.0,3163.0,3108.0,3134.3,31939000,3447.7,2820.9,3839.9,2896.0,3136.2,1,1,3136.1,20,1,3136.0,100,3,3135.8,20,2,3135.6,38,3,3136.5,66,4,3136.7,1,1,3137.0,220,4,3137.2,72,3,3137.3,248,2
2031,2026-06-16 12:30:03+05:30,3136.5,2,3129.95,2077898,134845.0,192936.0,3163.0,3163.0,3108.0,3134.3,31939000,3447.7,2820.9,3839.9,2896.0,3136.2,41,2,3136.1,20,1,3136.0,100,3,3135.9,7,1,3135.8,4,1,3136.4,350,1,3136.5,91,5,3136.7,1,1,3137.0,230,5,3137.2,113,4
2031,2026-06-16 12:30:03+05:30,3136.5,2,3129.95,2077898,134845.0,192936.0,3163.0,3163.0,3108.0,3134.3,31939000,3447.7,2820.9,3839.9,2896.0,3136.2,41,2,3136.1,20,1,3136.0,100,3,3135.9,7,1,3135.8,4,1,3136.4,350,1,3136.5,91,5,3136.7,1,1,3137.0,230,5,3137.2,113,4
2031,2026-06-16 12:30:04+05:30,3136.5,2,3129.95,2077898,134765.0,193027.0,3163.0,3163.0,3108.0,3134.3,31939000,3447.7,2820.9,3839.9,2896.0,3136.2,41,2,3136.1,20,1,3136.0,100,3,3135.8,4,1,3135.7,10,1,3136.4,375,2,3136.5,99,5,3136.7,1,1,3137.0,325,7,3137.2,151,5
2031,2026-06-16 12:30:04+05:30,3136.4,1,3129.95,2077898,134765.0,193027.0,3163.0,3163.0,3108.0,3134.3,31939000,3447.7,2820.9,3839.9,2896.0,3136.2,41,2,3136.1,20,1,3136.0,100,3,3135.8,4,1,3135.7,10,1,3136.4,375,2,3136.5,99,5,3136.7,1,1,3137.0,325,7,3137.2,151,5
2031,2026-06-16 12:30:05+05:30,3136.0,40,3129.95,2078099,133929.0,193368.0,3163.0,3163.0,3108.0,3134.3,31939000,3447.7,2820.9,3839.9,2896.0,3136.0,16,1,3135.5,4,1,3135.2,13,1,3135.1,51,3,3135.0,79,7,3136.2,200,1,3136.4,374,2,3136.5,178,7,3136.7,55,2,3136.8,79,2
2031,2026-06-16 12:30:05+05:30,3136.0,40,3129.95,2078099,133929.0,193368.0,3163.0,3163.0,3108.0,3134.3,31939000,3447.7,2820.9,3839.9,2896.0,3136.0,16,1,3135.5,4,1,3135.2,13,1,3135.1,51,3,3135.0,79,7,3136.2,200,1,3136.4,374,2,3136.5,178,7,3136.7,55,2,3136.8,79,2
2031,2026-06-16 12:30:05+05:30,3136.2,1,3129.95,2078099,133929.0,193368.0,3163.0,3163.0,3108.0,3134.3,31939000,3447.7,2820.9,3839.9,2896.0,3136.0,16,1,3135.5,4,1,3135.2,13,1,3135.1,51,3,3135.0,79,7,3136.2,200,1,3136.4,374,2,3136.5,178,7,3136.7,55,2,3136.8,79,2
2031,2026-06-16 12:30:06+05:30,3136.0,5,3129.95,2078271,133407.0,193710.0,3163.0,3163.0,3108.0,3134.3,31939000,3447.7,2820.9,3839.9,2896.0,3135.9,11,1,3135.5,4,1,3135.2,13,1,3135.1,29,2,3135.0,79,7,3136.0,195,1,3136.1,400,2,3136.2,71,2,3136.3,489,4,3136.4,612,4
2031,2026-06-16 12:30:06+05:30,3136.0,5,3129.95,2078271,133407.0,193710.0,3163.0,3163.0,3108.0,3134.3,31939000,3447.7,2820.9,3839.9,2896.0,3135.9,11,1,3135.5,4,1,3135.2,13,1,3135.1,29,2,3135.0,79,7,3136.0,195,1,3136.1,400,2,3136.2,71,2,3136.3,489,4,3136.4,612,4
2031,2026-06-16 12:30:07+05:30,3136.0,1,3129.95,2078298,133379.0,193686.0,3163.0,3163.0,3108.0,3134.3,31939000,3447.7,2820.9,3839.9,2896.0,3135.5,4,1,3135.3,12,1,3135.2,13,1,3135.1,15,1,3135.0,43,5,3136.0,168,1,3136.1,400,2,3136.2,125,3,3136.3,503,5,3136.4,667,5
2031,2026-06-16 12:30:07+05:30,3136.0,1,3129.95,2078298,133379.0,193686.0,3163.0,3163.0,3108.0,3134.3,31939000,3447.7,2820.9,3839.9,2896.0,3135.5,4,1,3135.3,12,1,3135.2,13,1,3135.1,15,1,3135.0,43,5,3136.0,168,1,3136.1,400,2,3136.2,125,3,3136.3,503,5,3136.4,667,5
2031,2026-06-16 12:30:07+05:30,3136.0,1,3129.95,2078298,133379.0,193686.0,3163.0,3163.0,3108.0,3134.3,31939000,3447.7,2820.9,3839.9,2896.0,3135.5,4,1,3135.3,12,1,3135.2,13,1,3135.1,15,1,3135.0,43,5,3136.0,168,1,3136.1,400,2,3136.2,125,3,3136.3,503,5,3136.4,667,5
2031,2026-06-16 12:30:08+05:30,3136.0,1,3129.95,2078298,133267.0,193530.0,3163.0,3163.0,3108.0,3134.3,31939000,3447.7,2820.9,3839.9,2896.0,3135.5,4,1,3135.3,12,1,3135.2,13,1,3135.0,43,5,3134.9,21,2,3136.0,193,2,3136.1,400,2,3136.2,166,4,3136.3,462,4,3136.4,667,5
2031,2026-06-16 12:30:08+05:30,3136.0,1,3129.95,2078298,133267.0,193530.0,3163.0,3163.0,3108.0,3134.3,31939000,3447.7,2820.9,3839.9,2896.0,3135.5,4,1,3135.3,12,1,3135.2,13,1,3135.0,43,5,3134.9,21,2,3136.0,193,2,3136.1,400,2,3136.2,166,4,3136.3,462,4,3136.4,667,5
2031,2026-06-16 12:30:09+05:30,3136.0,42,3129.95,2078341,133264.0,193915.0,3163.0,3163.0,3108.0,3134.3,31939000,3447.7,2820.9,3839.9,2896.0,3135.5,4,1,3135.3,12,1,3135.2,13,1,3135.0,43,5,3134.9,21,2,3136.0,222,5,3136.1,448,3,3136.2,206,5,3136.3,414,3,3136.4,708,6
2031,2026-06-16 12:30:09+05:30,3136.0,1,3129.95,2078341,133264.0,193915.0,3163.0,3163.0,3108.0,3134.3,31939000,3447.7,2820.9,3839.9,2896.0,3135.5,4,1,3135.3,12,1,3135.2,13,1,3135.0,43,5,3134.9,21,2,3136.0,222,5,3136.1,448,3,3136.2,206,5,3136.3,414,3,3136.4,708,6
2031,2026-06-16 12:30:09+05:30,3136.0,1,3129.95,2078342,133246.0,193359.0,3163.0,3163.0,3108.0,3134.3,31939000,3447.7,2820.9,3839.9,2896.0,3135.5,4,1,3135.3,12,1,3135.2,13,1,3135.0,43,5,3134.9,21,2,3136.0,266,6,3136.1,400,2,3136.2,206,5,3136.3,462,4,3136.4,708,6
2031,2026-06-16 12:30:10+05:30,3136.0,1,3129.95,2078342,133246.0,193359.0,3163.0,3163.0,3108.0,3134.3,31939000,3447.7,2820.9,3839.9,2896.0,3135.5,4,1,3135.3,12,1,3135.2,13,1,3135.0,43,5,3134.9,21,2,3136.0,266,6,3136.1,400,2,3136.2,206,5,3136.3,462,4,3136.4,708,6
2031,2026-06-16 12:30:11+05:30,3136.0,1,3129.95,2078342,133210.0,194550.0,3163.0,3163.0,3108.0,3134.3,31939000,3447.7,2820.9,3839.9,2896.0,3135.5,19,2,3135.3,12,1,3135.2,13,1,3135.0,43,5,3134.9,21,2,3135.8,1,1,3136.0,930,9,3136.1,400,2,3136.2,206,5,3136.3,462,4
2031,2026-06-16 12:30:11+05:30,3136.0,1,3129.95,2078342,133210.0,194550.0,3163.0,3163.0,3108.0,3134.3,31939000,3447.7,2820.9,3839.9,2896.0,3135.5,19,2,3135.3,12,1,3135.2,13,1,3135.0,43,5,3134.9,21,2,3135.8,1,1,3136.0,930,9,3136.1,400,2,3136.2,206,5,3136.3,462,4
2031,2026-06-16 12:30:11+05:30,3136.0,2,3129.95,2078342,133210.0,194550.0,3163.0,3163.0,3108.0,3134.3,31939000,3447.7,2820.9,3839.9,2896.0,3135.5,19,2,3135.3,12,1,3135.2,13,1,3135.0,43,5,3134.9,21,2,3135.8,1,1,3136.0,930,9,3136.1,400,2,3136.2,206,5,3136.3,462,4
2031,2026-06-16 12:30:11+05:30,3136.0,2,3129.95,2078342,133210.0,194550.0,3163.0,3163.0,3108.0,3134.3,31939000,3447.7,2820.9,3839.9,2896.0,3135.5,19,2,3135.3,12,1,3135.2,13,1,3135.0,43,5,3134.9,21,2,3135.8,1,1,3136.0,930,9,3136.1,400,2,3136.2,206,5,3136.3,462,4
2031,2026-06-16 12:30:12+05:30,3136.0,2,3129.95,2078445,133373.0,194106.0,3163.0,3163.0,3108.0,3134.3,31939000,3447.7,2820.9,3839.9,2896.0,3135.9,1,1,3135.5,20,3,3135.3,12,1,3135.0,43,5,3134.9,45,3,3136.0,838,6,3136.1,400,2,3136.2,87,2,3136.3,404,3,3136.4,662,4
2031,2026-06-16 12:30:12+05:30,3136.0,2,3129.95,2078445,133373.0,194106.0,3163.0,3163.0,3108.0,3134.3,31939000,3447.7,2820.9,3839.9,2896.0,3135.9,1,1,3135.5,20,3,3135.3,12,1,3135.0,43,5,3134.9,45,3,3136.0,838,6,3136.1,400,2,3136.2,87,2,3136.3,404,3,3136.4,662,4
2031,2026-06-16 12:30:12+05:30,3136.0,1,3129.95,2078445,133373.0,194106.0,3163.0,3163.0,3108.0,3134.3,31939000,3447.7,2820.9,3839.9,2896.0,3135.9,1,1,3135.5,20,3,3135.3,12,1,3135.0,43,5,3134.9,45,3,3136.0,838,6,3136.1,400,2,3136.2,87,2,3136.3,404,3,3136.4,662,4
2031,2026-06-16 12:30:12+05:30,3136.0,1,3129.95,2078445,133373.0,194106.0,3163.0,3163.0,3108.0,3134.3,31939000,3447.7,2820.9,3839.9,2896.0,3135.9,1,1,3135.5,20,3,3135.3,12,1,3135.0,43,5,3134.9,45,3,3136.0,838,6,3136.1,400,2,3136.2,87,2,3136.3,404,3,3136.4,662,4
2031,2026-06-16 12:30:13+05:30,3136.0,1,3129.95,2078446,133350.0,194276.0,3163.0,3163.0,3108.0,3134.3,31939000,3447.7,2820.9,3839.9,2896.0,3135.9,1,1,3135.7,1,1,3135.5,20,3,3135.3,12,1,3135.0,43,5,3136.0,837,6,3136.1,400,2,3136.2,87,2,3136.3,404,3,3136.4,624,3
2031,2026-06-16 12:30:13+05:30,3136.0,1,3129.95,2078446,133350.0,194276.0,3163.0,3163.0,3108.0,3134.3,31939000,3447.7,2820.9,3839.9,2896.0,3135.9,1,1,3135.7,1,1,3135.5,20,3,3135.3,12,1,3135.0,43,5,3136.0,837,6,3136.1,400,2,3136.2,87,2,3136.3,404,3,3136.4,624,3
2031,2026-06-16 12:30:13+05:30,3137.0,1,3129.95,2078446,133350.0,194276.0,3163.0,3163.0,3108.0,3134.3,31939000,3447.7,2820.9,3839.9,2896.0,3135.9,1,1,3135.7,1,1,3135.5,20,3,3135.3,12,1,3135.0,43,5,3136.0,837,6,3136.1,400,2,3136.2,87,2,3136.3,404,3,3136.4,624,3
2031,2026-06-16 12:30:14+05:30,3137.0,1,3129.97,2084951,135190.0,189823.0,3163.0,3163.0,3108.0,3134.3,31939000,3447.7,2820.9,3839.9,2896.0,3136.1,2,1,3136.0,31,3,3135.9,86,5,3135.8,31,2,3135.7,56,4,3137.0,199,1,3137.3,89,2,3137.4,226,2,3137.5,200,1,3137.6,84,2
2031,2026-06-16 12:30:14+05:30,3137.0,1,3129.97,2084951,135190.0,189823.0,3163.0,3163.0,3108.0,3134.3,31939000,3447.7,2820.9,3839.9,2896.0,3136.1,2,1,3136.0,31,3,3135.9,86,5,3135.8,31,2,3135.7,56,4,3137.0,199,1,3137.3,89,2,3137.4,226,2,3137.5,200,1,3137.6,84,2
2031,2026-06-16 12:30:14+05:30,3135.7,1,3129.97,2084951,135190.0,189823.0,3163.0,3163.0,3108.0,3134.3,31939000,3447.7,2820.9,3839.9,2896.0,3136.1,2,1,3136.0,31,3,3135.9,86,5,3135.8,31,2,3135.7,56,4,3137.0,199,1,3137.3,89,2,3137.4,226,2,3137.5,200,1,3137.6,84,2
2031,2026-06-16 12:30:15+05:30,3137.0,20,3129.98,2085675,135152.0,191412.0,3163.0,3163.0,3108.0,3134.3,31939000,3447.7,2820.9,3839.9,2896.0,3136.1,67,1,3135.5,41,6,3135.3,54,2,3135.2,22,2,3135.1,215,5,3137.0,76,3,3137.1,229,2,3137.2,144,4,3137.3,93,2,3137.4,263,3
2031,2026-06-16 12:30:15+05:30,3137.0,20,3129.98,2085675,135152.0,191412.0,3163.0,3163.0,3108.0,3134.3,31939000,3447.7,2820.9,3839.9,2896.0,3136.1,67,1,3135.5,41,6,3135.3,54,2,3135.2,22,2,3135.1,215,5,3137.0,76,3,3137.1,229,2,3137.2,144,4,3137.3,93,2,3137.4,263,3
2031,2026-06-16 12:30:15+05:30,3136.1,2,3129.98,2085675,135152.0,191412.0,3163.0,3163.0,3108.0,3134.3,31939000,3447.7,2820.9,3839.9,2896.0,3136.1,67,1,3135.5,41,6,3135.3,54,2,3135.2,22,2,3135.1,215,5,3137.0,76,3,3137.1,229,2,3137.2,144,4,3137.3,93,2,3137.4,263,3
2031,2026-06-16 12:30:16+05:30,3136.1,2,3129.98,2085756,133284.0,192608.0,3163.0,3163.0,3108.0,3134.3,31939000,3447.7,2820.9,3839.9,2896.0,3135.5,20,3,3135.0,61,7,3134.9,32,3,3134.8,75,2,3134.7,247,7,3136.1,386,2,3136.3,38,1,3136.4,52,2,3136.5,19,2,3136.6,55,2
2031,2026-06-16 12:30:16+05:30,3136.1,2,3129.98,2085756,133284.0,192608.0,3163.0,3163.0,3108.0,3134.3,31939000,3447.7,2820.9,3839.9,2896.0,3135.5,20,3,3135.0,61,7,3134.9,32,3,3134.8,75,2,3134.7,247,7,3136.1,386,2,3136.3,38,1,3136.4,52,2,3136.5,19,2,3136.6,55,2
2031,2026-06-16 12:30:17+05:30,3136.1,2,3129.98,2085756,133284.0,192610.0,3163.0,3163.0,3108.0,3134.3,31939000,3447.7,2820.9,3839.9,2896.0,3135.5,20,3,3135.0,61,7,3134.9,32,3,3134.8,75,2,3134.7,247,7,3136.1,386,2,3136.3,38,1,3136.4,52,2,3136.5,19,2,3136.6,55,2
2031,2026-06-16 12:30:17+05:30,3136.1,2,3129.98,2085756,133284.0,192610.0,3163.0,3163.0,3108.0,3134.3,31939000,3447.7,2820.9,3839.9,2896.0,3135.5,20,3,3135.0,61,7,3134.9,32,3,3134.8,75,2,3134.7,247,7,3136.1,386,2,3136.3,38,1,3136.4,52,2,3136.5,19,2,3136.6,55,2
2031,2026-06-16 12:30:17+05:30,3136.1,1,3129.98,2085756,133284.0,192610.0,3163.0,3163.0,3108.0,3134.3,31939000,3447.7,2820.9,3839.9,2896.0,3135.5,20,3,3135.0,61,7,3134.9,32,3,3134.8,75,2,3134.7,247,7,3136.1,386,2,3136.3,38,1,3136.4,52,2,3136.5,19,2,3136.6,55,2
2031,2026-06-16 12:30:18+05:30,3136.1,1,3129.98,2085793,133872.0,193241.0,3163.0,3163.0,3108.0,3134.3,31939000,3447.7,2820.9,3839.9,2896.0,3135.5,41,4,3135.4,31,4,3135.3,10,1,3135.2,42,3,3135.0,73,7,3136.1,386,3,3136.5,21,2,3136.6,20,1,3136.7,2,1,3136.8,185,2
2031,2026-06-16 12:30:18+05:30,3136.1,1,3129.98,2085793,133872.0,193241.0,3163.0,3163.0,3108.0,3134.3,31943000,3447.7,2820.9,3839.9,2896.0,3135.5,41,4,3135.4,31,4,3135.3,10,1,3135.2,42,3,3135.0,73,7,3136.1,386,3,3136.5,21,2,3136.6,20,1,3136.7,2,1,3136.8,185,2
2031,2026-06-16 12:30:18+05:30,3136.1,1,3129.98,2085793,133872.0,193241.0,3163.0,3163.0,3108.0,3134.3,31943000,3447.7,2820.9,3839.9,2896.0,3135.5,41,4,3135.4,31,4,3135.3,10,1,3135.2,42,3,3135.0,73,7,3136.1,386,3,3136.5,21,2,3136.6,20,1,3136.7,2,1,3136.8,185,2
2031,2026-06-16 12:30:19+05:30,3136.1,1,3129.98,2085794,134434.0,193273.0,3163.0,3163.0,3108.0,3134.3,31943000,3447.7,2820.9,3839.9,2896.0,3135.6,15,1,3135.5,41,4,3135.4,12,2,3135.3,10,1,3135.2,64,3,3136.1,410,4,3136.5,21,1,3136.6,45,2,3136.7,2,1,3136.8,21,1
2031,2026-06-16 12:30:19+05:30,3136.1,1,3129.98,2085794,134434.0,193273.0,3163.0,3163.0,3108.0,3134.3,31943000,3447.7,2820.9,3839.9,2896.0,3135.6,15,1,3135.5,41,4,3135.4,12,2,3135.3,10,1,3135.2,64,3,3136.1,410,4,3136.5,21,1,3136.6,45,2,3136.7,2,1,3136.8,21,1
2031,2026-06-16 12:30:20+05:30,3136.1,1,3129.98,2085795,134617.0,194118.0,3163.0,3163.0,3108.0,3134.3,31943000,3447.7,2820.9,3839.9,2896.0,3135.7,17,1,3135.6,43,2,3135.5,41,4,3135.4,49,2,3135.3,12,2,3136.1,409,4,3136.5,16,1,3136.6,63,2,3136.7,2,1,3136.8,101,3
2031,2026-06-16 12:30:21+05:30,3136.1,1,3129.98,2085795,133950.0,194318.0,3163.0,3163.0,3108.0,3134.3,31943000,3447.7,2820.9,3839.9,2896.0,3135.7,58,2,3135.6,43,2,3135.5,41,4,3135.4,49,2,3135.3,22,3,3136.1,409,4,3136.5,16,1,3136.6,63,2,3136.7,2,1,3136.8,101,3
2031,2026-06-16 12:30:21+05:30,3136.1,168,3129.98,2085795,133950.0,194318.0,3163.0,3163.0,3108.0,3134.3,31943000,3447.7,2820.9,3839.9,2896.0,3135.7,58,2,3135.6,43,2,3135.5,41,4,3135.4,49,2,3135.3,22,3,3136.1,409,4,3136.5,16,1,3136.6,63,2,3136.7,2,1,3136.8,101,3
2031,2026-06-16 12:30:22+05:30,3136.1,168,3129.98,2085972,133938.0,194096.0,3163.0,3163.0,3108.0,3134.3,31943000,3447.7,2820.9,3839.9,2896.0,3135.7,56,2,3135.6,40,1,3135.5,24,2,3135.3,64,2,3135.2,89,5,3136.1,232,4,3136.5,16,1,3136.6,63,2,3136.7,2,1,3136.8,59,2
2031,2026-06-16 12:30:22+05:30,3136.1,3,3129.98,2085972,133938.0,194096.0,3163.0,3163.0,3108.0,3134.3,31943000,3447.7,2820.9,3839.9,2896.0,3135.7,56,2,3135.6,40,1,3135.5,24,2,3135.3,64,2,3135.2,89,5,3136.1,232,4,3136.5,16,1,3136.6,63,2,3136.7,2,1,3136.8,59,2
2031,2026-06-16 12:30:23+05:30,3136.1,1,3129.98,2085976,133952.0,194406.0,3163.0,3163.0,3108.0,3134.3,31943000,3447.7,2820.9,3839.9,2896.0,3135.7,56,2,3135.6,40,1,3135.5,24,2,3135.3,106,3,3135.2,39,3,3136.1,259,5,3136.5,16,1,3136.6,263,3,3136.7,2,1,3136.8,101,3
2031,2026-06-16 12:30:23+05:30,3136.1,1,3129.98,2085976,133952.0,194406.0,3163.0,3163.0,3108.0,3134.3,31943000,3447.7,2820.9,3839.9,2896.0,3135.7,56,2,3135.6,40,1,3135.5,24,2,3135.3,106,3,3135.2,39,3,3136.1,259,5,3136.5,16,1,3136.6,263,3,3136.7,2,1,3136.8,101,3
2031,2026-06-16 12:30:24+05:30,3135.7,4,3129.98,2085980,133899.0,194446.0,3163.0,3163.0,3108.0,3134.3,31943000,3447.7,2820.9,3839.9,2896.0,3135.7,52,2,3135.6,52,2,3135.5,24,2,3135.3,54,1,3135.2,24,2,3136.1,259,5,3136.5,16,1,3136.6,263,3,3136.7,2,1,3136.8,101,3
2031,2026-06-16 12:30:24+05:30,3135.7,4,3129.98,2085980,133899.0,194446.0,3163.0,3163.0,3108.0,3134.3,31943000,3447.7,2820.9,3839.9,2896.0,3135.7,52,2,3135.6,52,2,3135.5,24,2,3135.3,54,1,3135.2,24,2,3136.1,259,5,3136.5,16,1,3136.6,263,3,3136.7,2,1,3136.8,101,3
2031,2026-06-16 12:30:25+05:30,3136.1,1,3129.98,2085981,133886.0,194440.0,3163.0,3163.0,3108.0,3134.3,31943000,3447.7,2820.9,3839.9,2896.0,3135.7,52,2,3135.6,52,2,3135.5,24,2,3135.3,54,1,3135.2,24,2,3136.1,258,5,3136.5,16,1,3136.6,263,3,3136.7,44,2,3136.8,59,2
2031,2026-06-16 12:30:25+05:30,3136.1,199,3129.98,2085981,133886.0,194440.0,3163.0,3163.0,3108.0,3134.3,31943000,3447.7,2820.9,3839.9,2896.0,3135.7,52,2,3135.6,52,2,3135.5,24,2,3135.3,54,1,3135.2,24,2,3136.1,258,5,3136.5,16,1,3136.6,263,3,3136.7,44,2,3136.8,59,2
2031,2026-06-16 12:30:26+05:30,3136.1,199,3129.98,2086181,133814.0,194330.0,3163.0,3163.0,3108.0,3134.3,31943000,3447.7,2820.9,3839.9,2896.0,3135.7,52,2,3135.6,52,2,3135.5,24,2,3135.3,54,1,3135.2,45,3,3135.9,1,1,3136.1,58,4,3136.2,5,1,3136.5,194,2,3136.6,263,3
2031,2026-06-16 12:30:26+05:30,3135.9,1,3129.98,2086181,133814.0,194330.0,3163.0,3163.0,3108.0,3134.3,31943000,3447.7,2820.9,3839.9,2896.0,3135.7,52,2,3135.6,52,2,3135.5,24,2,3135.3,54,1,3135.2,45,3,3135.9,1,1,3136.1,58,4,3136.2,5,1,3136.5,194,2,3136.6,263,3
2031,2026-06-16 12:30:27+05:30,3135.9,1,3129.98,2086182,133988.0,194110.0,3163.0,3163.0,3108.0,3134.3,31943000,3447.7,2820.9,3839.9,2896.0,3135.9,17,1,3135.7,37,1,3135.6,52,2,3135.5,53,4,3135.4,31,3,3136.1,58,4,3136.2,5,1,3136.6,225,2,3136.7,2,1,3136.8,21,1
2031,2026-06-16 12:30:27+05:30,3136.5,8,3129.98,2086182,133988.0,194110.0,3163.0,3163.0,3108.0,3134.3,31943000,3447.7,2820.9,3839.9,2896.0,3135.9,17,1,3135.7,37,1,3135.6,52,2,3135.5,53,4,3135.4,31,3,3136.1,58,4,3136.2,5,1,3136.6,225,2,3136.7,2,1,3136.8,21,1
2031,2026-06-16 12:30:28+05:30,3136.5,8,3129.98,2086267,134700.0,193601.0,3163.0,3163.0,3108.0,3134.3,31943000,3447.7,2820.9,3839.9,2896.0,3136.1,25,1,3135.9,40,1,3135.7,55,2,3135.6,52,2,3135.5,29,3,3136.6,43,2,3136.7,202,2,3136.9,42,1,3137.0,918,5,3137.1,454,3
2031,2026-06-16 12:30:28+05:30,3136.6,1,3129.98,2086267,134700.0,193601.0,3163.0,3163.0,3108.0,3134.3,31943000,3447.7,2820.9,3839.9,2896.0,3136.1,25,1,3135.9,40,1,3135.7,55,2,3135.6,52,2,3135.5,29,3,3136.6,43,2,3136.7,202,2,3136.9,42,1,3137.0,918,5,3137.1,454,3
2031,2026-06-16 12:30:29+05:30,3136.6,1,3129.98,2086268,134641.0,194389.0,3163.0,3163.0,3108.0,3134.3,31943000,3447.7,2820.9,3839.9,2896.0,3136.1,25,1,3136.0,15,1,3135.9,40,1,3135.7,37,1,3135.6,52,2,3136.6,50,2,3136.7,202,2,3136.8,42,1,3136.9,225,2,3137.0,918,5
2031,2026-06-16 12:30:29+05:30,3136.0,25,3129.98,2086268,134641.0,194389.0,3163.0,3163.0,3108.0,3134.3,31943000,3447.7,2820.9,3839.9,2896.0,3136.1,25,1,3136.0,15,1,3135.9,40,1,3135.7,37,1,3135.6,52,2,3136.6,50,2,3136.7,202,2,3136.8,42,1,3136.9,225,2,3137.0,918,5
2031,2026-06-16 12:30:30+05:30,3136.0,25,3129.98,2086318,134597.0,194240.0,3163.0,3163.0,3108.0,3134.3,31943000,3447.7,2820.9,3839.9,2896.0,3136.2,15,1,3135.9,40,1,3135.7,37,1,3135.6,52,2,3135.5,29,3,3136.6,50,2,3136.7,244,3,3136.8,38,1,3136.9,54,1,3137.0,925,6
2031,2026-06-16 12:30:30+05:30,3136.2,2,3129.98,2086318,134597.0,194240.0,3163.0,3163.0,3108.0,3134.3,31943000,3447.7,2820.9,3839.9,2896.0,3136.2,15,1,3135.9,40,1,3135.7,37,1,3135.6,52,2,3135.5,29,3,3136.6,50,2,3136.7,244,3,3136.8,38,1,3136.9,54,1,3137.0,925,6
2031,2026-06-16 12:30:31+05:30,3136.2,2,3129.98,2086320,134828.0,194232.0,3163.0,3163.0,3108.0,3134.3,31943000,3447.7,2820.9,3839.9,2896.0,3136.4,2,2,3136.2,54,3,3135.9,40,1,3135.7,37,1,3135.6,12,1,3136.6,51,3,3136.7,202,2,3137.0,858,4,3137.1,454,3,3137.2,122,3
2031,2026-06-16 12:30:31+05:30,3136.6,11,3129.98,2086320,134828.0,194232.0,3163.0,3163.0,3108.0,3134.3,31943000,3447.7,2820.9,3839.9,2896.0,3136.4,2,2,3136.2,54,3,3135.9,40,1,3135.7,37,1,3135.6,12,1,3136.6,51,3,3136.7,202,2,3137.0,858,4,3137.1,454,3,3137.2,122,3
2031,2026-06-16 12:30:31+05:30,3136.6,11,3129.98,2086332,134964.0,194110.0,3163.0,3163.0,3108.0,3134.3,31943000,3447.7,2820.9,3839.9,2896.0,3136.5,17,1,3136.4,43,3,3136.2,41,2,3135.9,40,1,3135.7,29,2,3136.6,39,3,3136.7,202,2,3137.0,818,3,3137.1,400,2,3137.2,20,1
2031,2026-06-16 12:30:32+05:30,3136.6,1,3129.98,2086332,134964.0,194110.0,3163.0,3163.0,3108.0,3134.3,31943000,3447.7,2820.9,3839.9,2896.0,3136.5,17,1,3136.4,43,3,3136.2,41,2,3135.9,40,1,3135.7,29,2,3136.6,39,3,3136.7,202,2,3137.0,818,3,3137.1,400,2,3137.2,20,1
2031,2026-06-16 12:30:32+05:30,3136.6,1,3129.98,2086371,134932.0,194039.0,3163.0,3163.0,3108.0,3134.3,31943000,3447.7,2820.9,3839.9,2896.0,3136.6,14,1,3136.4,43,3,3136.2,48,3,3136.0,8,1,3135.9,54,3,3136.7,202,2,3137.0,818,3,3137.1,400,2,3137.3,400,2,3137.4,221,2
2031,2026-06-16 12:30:33+05:30,3136.2,17,3129.98,2086371,134932.0,194039.0,3163.0,3163.0,3108.0,3134.3,31943000,3447.7,2820.9,3839.9,2896.0,3136.6,14,1,3136.4,43,3,3136.2,48,3,3136.0,8,1,3135.9,54,3,3136.7,202,2,3137.0,818,3,3137.1,400,2,3137.3,400,2,3137.4,221,2
2031,2026-06-16 12:30:34+05:30,3136.2,17,3129.98,2086573,134579.0,193352.0,3163.0,3163.0,3108.0,3134.3,31943000,3447.7,2820.9,3839.9,2896.0,3136.8,1,1,3136.2,38,3,3136.0,9,1,3135.9,22,2,3135.8,26,2,3137.0,818,3,3137.1,400,2,3137.3,400,2,3137.4,200,1,3137.5,242,2
2031,2026-06-16 12:30:34+05:30,3136.2,1,3129.98,2086573,134579.0,193352.0,3163.0,3163.0,3108.0,3134.3,31943000,3447.7,2820.9,3839.9,2896.0,3136.8,1,1,3136.2,38,3,3136.0,9,1,3135.9,22,2,3135.8,26,2,3137.0,818,3,3137.1,400,2,3137.3,400,2,3137.4,200,1,3137.5,242,2
2031,2026-06-16 12:30:35+05:30,3136.2,1,3129.98,2086575,134799.0,193617.0,3163.0,3163.0,3108.0,3134.3,31943000,3447.7,2820.9,3839.9,2896.0,3136.2,38,4,3136.1,15,1,3136.0,20,2,3135.9,22,2,3135.8,11,1,3136.8,1,1,3137.0,863,4,3137.1,400,2,3137.3,400,2,3137.4,275,3
2031,2026-06-16 12:30:35+05:30,3136.2,2,3129.98,2086575,134799.0,193617.0,3163.0,3163.0,3108.0,3134.3,31943000,3447.7,2820.9,3839.9,2896.0,3136.2,38,4,3136.1,15,1,3136.0,20,2,3135.9,22,2,3135.8,11,1,3136.8,1,1,3137.0,863,4,3137.1,400,2,3137.3,400,2,3137.4,275,3
2031,2026-06-16 12:30:36+05:30,3136.2,2,3129.98,2086577,134816.0,193637.0,3163.0,3163.0,3108.0,3134.3,31943000,3447.7,2820.9,3839.9,2896.0,3136.2,42,5,3136.1,26,2,3136.0,31,3,3135.9,26,2,3135.8,11,1,3136.8,1,1,3137.0,863,4,3137.1,400,2,3137.3,400,2,3137.4,275,3
2031,2026-06-16 12:30:37+05:30,3136.2,2,3129.98,2086577,134730.0,193635.0,3163.0,3163.0,3108.0,3134.3,31943000,3447.7,2820.9,3839.9,2896.0,3136.2,48,6,3136.1,11,1,3136.0,31,3,3135.9,41,3,3135.8,11,1,3136.8,1,1,3137.0,863,4,3137.1,400,2,3137.3,400,2,3137.4,275,3
2031,2026-06-16 12:30:37+05:30,3136.5,10,3129.98,2086577,134730.0,193635.0,3163.0,3163.0,3108.0,3134.3,31943000,3447.7,2820.9,3839.9,2896.0,3136.2,48,6,3136.1,11,1,3136.0,31,3,3135.9,41,3,3135.8,11,1,3136.8,1,1,3137.0,863,4,3137.1,400,2,3137.3,400,2,3137.4,275,3
2031,2026-06-16 12:30:38+05:30,3137.0,1,3129.98,2086605,134555.0,193869.0,3163.0,3163.0,3108.0,3134.3,31943000,3447.7,2820.9,3839.9,2896.0,3136.5,6,1,3136.2,36,4,3136.1,11,1,3136.0,20,2,3135.9,26,2,3137.0,847,4,3137.1,400,2,3137.3,438,3,3137.4,275,3,3137.5,242,2
2031,2026-06-16 12:30:38+05:30,3137.0,1,3129.98,2086605,134555.0,193869.0,3163.0,3163.0,3108.0,3134.3,31943000,3447.7,2820.9,3839.9,2896.0,3136.5,6,1,3136.2,36,4,3136.1,11,1,3136.0,20,2,3135.9,26,2,3137.0,847,4,3137.1,400,2,3137.3,438,3,3137.4,275,3,3137.5,242,2
2031,2026-06-16 12:30:39+05:30,3137.0,1,3129.98,2086606,134393.0,193768.0,3163.0,3163.0,3108.0,3134.3,31943000,3447.7,2820.9,3839.9,2896.0,3136.5,6,1,3136.2,36,4,3136.1,11,1,3136.0,20,2,3135.9,50,3,3137.0,1146,5,3137.1,400,2,3137.2,200,1,3137.3,438,3,3137.4,275,3
2031,2026-06-16 12:30:39+05:30,3137.0,1,3129.98,2086606,134393.0,193768.0,3163.0,3163.0,3108.0,3134.3,31943000,3447.7,2820.9,3839.9,2896.0,3136.5,6,1,3136.2,36,4,3136.1,11,1,3136.0,20,2,3135.9,50,3,3137.0,1146,5,3137.1,400,2,3137.2,200,1,3137.3,438,3,3137.4,275,3
2031,2026-06-16 12:30:40+05:30,3137.0,30,3129.98,2086674,134226.0,193644.0,3163.0,3163.0,3108.0,3134.3,31943000,3447.7,2820.9,3839.9,2896.0,3136.6,16,1,3136.2,35,3,3136.1,11,1,3136.0,9,1,3135.9,11,1,3137.0,515,3,3137.1,400,2,3137.2,200,1,3137.3,442,3,3137.4,275,3
2031,2026-06-16 12:30:40+05:30,3137.0,8,3129.98,2086674,134226.0,193644.0,3163.0,3163.0,3108.0,3134.3,31943000,3447.7,2820.9,3839.9,2896.0,3136.6,16,1,3136.2,35,3,3136.1,11,1,3136.0,9,1,3135.9,11,1,3137.0,515,3,3137.1,400,2,3137.2,200,1,3137.3,442,3,3137.4,275,3
2031,2026-06-16 12:30:41+05:30,3136.6,16,3129.98,2086698,134123.0,193767.0,3163.0,3163.0,3108.0,3134.3,31943000,3447.7,2820.9,3839.9,2896.0,3136.6,16,1,3136.2,34,2,3136.1,11,1,3135.8,11,1,3135.7,3,1,3137.0,643,7,3137.1,446,3,3137.2,355,4,3137.3,428,3,3137.4,325,5
2031,2026-06-16 12:30:41+05:30,3137.0,5,3129.98,2086698,134123.0,193767.0,3163.0,3163.0,3108.0,3134.3,31943000,3447.7,2820.9,3839.9,2896.0,3136.6,16,1,3136.2,34,2,3136.1,11,1,3135.8,11,1,3135.7,3,1,3137.0,643,7,3137.1,446,3,3137.2,355,4,3137.3,428,3,3137.4,325,5
2031,2026-06-16 12:30:42+05:30,3137.0,5,3129.98,2086715,134236.0,193858.0,3163.0,3163.0,3108.0,3134.3,31943000,3447.7,2820.9,3839.9,2896.0,3136.6,16,1,3136.2,34,2,3136.1,11,1,3135.8,11,1,3135.7,3,1,3137.0,738,8,3137.1,446,3,3137.2,246,2,3137.3,428,3,3137.4,375,6
2031,2026-06-16 12:30:42+05:30,3137.0,100,3129.98,2086715,134236.0,193858.0,3163.0,3163.0,3108.0,3134.3,31943000,3447.7,2820.9,3839.9,2896.0,3136.6,16,1,3136.2,34,2,3136.1,11,1,3135.8,11,1,3135.7,3,1,3137.0,738,8,3137.1,446,3,3137.2,246,2,3137.3,428,3,3137.4,375,6
2031,2026-06-16 12:30:43+05:30,3137.0,100,3129.98,2086815,134186.0,193748.0,3163.0,3163.0,3108.0,3134.3,31943000,3447.7,2820.9,3839.9,2896.0,3136.6,16,1,3136.2,34,2,3136.1,11,1,3135.8,11,1,3135.7,3,1,3136.7,1,1,3137.0,614,7,3137.1,446,3,3137.2,246,2,3137.3,428,3
2031,2026-06-16 12:30:43+05:30,3136.6,16,3129.98,2086815,134186.0,193748.0,3163.0,3163.0,3108.0,3134.3,31943000,3447.7,2820.9,3839.9,2896.0,3136.6,16,1,3136.2,34,2,3136.1,11,1,3135.8,11,1,3135.7,3,1,3136.7,1,1,3137.0,614,7,3137.1,446,3,3137.2,246,2,3137.3,428,3
2031,2026-06-16 12:30:44+05:30,3137.0,83,3129.98,2087020,134620.0,193251.0,3163.0,3163.0,3108.0,3134.3,31943000,3447.7,2820.9,3839.9,2896.0,3136.6,15,1,3136.2,20,1,3136.1,11,1,3135.6,14,1,3135.5,93,5,3137.0,585,5,3137.1,427,3,3137.2,200,1,3137.3,428,3,3137.4,317,4
2031,2026-06-16 12:30:44+05:30,3136.2,154,3129.98,2087020,134620.0,193251.0,3163.0,3163.0,3108.0,3134.3,31943000,3447.7,2820.9,3839.9,2896.0,3136.6,15,1,3136.2,20,1,3136.1,11,1,3135.6,14,1,3135.5,93,5,3137.0,585,5,3137.1,427,3,3137.2,200,1,3137.3,428,3,3137.4,317,4
2031,2026-06-16 12:30:45+05:30,3136.9,13,3129.98,2087647,133824.0,193270.0,3163.0,3163.0,3108.0,3134.3,31943000,3447.7,2820.9,3839.9,2896.0,3136.1,11,1,3135.5,77,4,3135.4,32,4,3135.3,118,3,3135.2,181,4,3136.9,31,1,3137.0,383,4,3137.1,488,4,3137.2,267,3,3137.3,482,5
2031,2026-06-16 12:30:45+05:30,3136.5,1,3129.98,2087647,133824.0,193270.0,3163.0,3163.0,3108.0,3134.3,31943000,3447.7,2820.9,3839.9,2896.0,3136.1,11,1,3135.5,77,4,3135.4,32,4,3135.3,118,3,3135.2,181,4,3136.9,31,1,3137.0,383,4,3137.1,488,4,3137.2,267,3,3137.3,482,5
2031,2026-06-16 12:30:46+05:30,3136.5,1,3129.98,2087722,133787.0,194270.0,3163.0,3163.0,3108.0,3134.3,31943000,3447.7,2820.9,3839.9,2896.0,3136.1,38,2,3135.5,3,1,3135.2,12,1,3135.1,178,2,3135.0,221,11,3136.6,204,2,3136.7,70,2,3136.9,322,5,3137.0,1038,7,3137.1,124,3
2031,2026-06-16 12:30:46+05:30,3137.0,10,3129.98,2087722,133787.0,194270.0,3163.0,3163.0,3108.0,3134.3,31943000,3447.7,2820.9,3839.9,2896.0,3136.1,38,2,3135.5,3,1,3135.2,12,1,3135.1,178,2,3135.0,221,11,3136.6,204,2,3136.7,70,2,3136.9,322,5,3137.0,1038,7,3137.1,124,3
2031,2026-06-16 12:30:47+05:30,3137.0,10,3129.98,2088192,134570.0,193590.0,3163.0,3163.0,3108.0,3134.3,31943000,3447.7,2820.9,3839.9,2896.0,3136.1,88,3,3135.5,57,2,3135.3,94,4,3135.2,16,3,3135.1,266,4,3137.0,679,5,3137.1,376,3,3137.3,492,5,3137.4,321,4,3137.5,254,3
2031,2026-06-16 12:30:48+05:30,3136.1,1,3129.98,2088193,134795.0,193736.0,3163.0,3163.0,3108.0,3134.3,31943000,3447.7,2820.9,3839.9,2896.0,3136.1,244,5,3136.0,39,3,3135.9,34,3,3135.8,62,3,3135.7,21,1,3136.6,1,1,3136.9,179,1,3137.0,712,6,3137.1,330,2,3137.3,438,3
2031,2026-06-16 12:30:48+05:30,3136.9,13,3129.98,2088193,134795.0,193736.0,3163.0,3163.0,3108.0,3134.3,31943000,3447.7,2820.9,3839.9,2896.0,3136.1,244,5,3136.0,39,3,3135.9,34,3,3135.8,62,3,3135.7,21,1,3136.6,1,1,3136.9,179,1,3137.0,712,6,3137.1,330,2,3137.3,438,3
2031,2026-06-16 12:30:49+05:30,3136.1,1,3129.98,2088211,134875.0,193659.0,3163.0,3163.0,3108.0,3134.3,31943000,3447.7,2820.9,3839.9,2896.0,3136.1,237,4,3136.0,34,3,3135.9,9,1,3135.8,62,3,3135.6,47,4,3137.0,712,6,3137.1,330,2,3137.3,400,2,3137.4,270,3,3137.5,319,4
2031,2026-06-16 12:30:49+05:30,3137.0,1,3129.98,2088211,134875.0,193659.0,3163.0,3163.0,3108.0,3134.3,31943000,3447.7,2820.9,3839.9,2896.0,3136.1,237,4,3136.0,34,3,3135.9,9,1,3135.8,62,3,3135.6,47,4,3137.0,712,6,3137.1,330,2,3137.3,400,2,3137.4,270,3,3137.5,319,4
2031,2026-06-16 12:30:50+05:30,3137.0,1,3129.98,2088212,134870.0,193697.0,3163.0,3163.0,3108.0,3134.3,31943000,3447.7,2820.9,3839.9,2896.0,3136.1,237,4,3136.0,34,3,3135.9,9,1,3135.8,62,3,3135.6,47,4,3137.0,711,6,3137.1,330,2,3137.3,400,2,3137.4,270,3,3137.5,319,4
2031,2026-06-16 12:30:50+05:30,3136.1,1,3129.98,2088212,134870.0,193697.0,3163.0,3163.0,3108.0,3134.3,31943000,3447.7,2820.9,3839.9,2896.0,3136.1,237,4,3136.0,34,3,3135.9,9,1,3135.8,62,3,3135.6,47,4,3137.0,711,6,3137.1,330,2,3137.3,400,2,3137.4,270,3,3137.5,319,4
2031,2026-06-16 12:30:51+05:30,3137.0,1,3129.98,2088214,134877.0,193699.0,3163.0,3163.0,3108.0,3134.3,31943000,3447.7,2820.9,3839.9,2896.0,3136.1,236,4,3136.0,34,3,3135.9,9,1,3135.8,62,3,3135.6,47,4,3137.0,710,6,3137.1,330,2,3137.3,400,2,3137.4,270,3,3137.5,319,4
2031,2026-06-16 12:30:51+05:30,3137.0,11,3129.98,2088214,134877.0,193699.0,3163.0,3163.0,3108.0,3134.3,31943000,3447.7,2820.9,3839.9,2896.0,3136.1,236,4,3136.0,34,3,3135.9,9,1,3135.8,62,3,3135.6,47,4,3137.0,710,6,3137.1,330,2,3137.3,400,2,3137.4,270,3,3137.5,319,4
2031,2026-06-16 12:30:52+05:30,3137.0,1,3129.98,2088242,135120.0,193062.0,3163.0,3163.0,3108.0,3134.3,31943000,3447.7,2820.9,3839.9,2896.0,3136.2,15,1,3136.1,236,4,3136.0,18,2,3135.9,9,1,3135.8,111,4,3137.0,682,5,3137.1,330,2,3137.3,400,2,3137.4,221,2,3137.5,300,3
2031,2026-06-16 12:30:52+05:30,3137.0,1,3129.98,2088242,135120.0,193062.0,3163.0,3163.0,3108.0,3134.3,31943000,3447.7,2820.9,3839.9,2896.0,3136.2,15,1,3136.1,236,4,3136.0,18,2,3135.9,9,1,3135.8,111,4,3137.0,682,5,3137.1,330,2,3137.3,400,2,3137.4,221,2,3137.5,300,3
2031,2026-06-16 12:30:53+05:30,3137.0,1,3129.98,2088242,135127.0,193682.0,3163.0,3163.0,3108.0,3134.3,31943000,3447.7,2820.9,3839.9,2896.0,3136.2,66,2,3136.1,261,5,3135.9,15,1,3135.8,60,2,3135.7,17,1,3137.0,713,7,3137.1,330,2,3137.2,50,1,3137.3,484,4,3137.4,270,3
2031,2026-06-16 12:30:53+05:30,3136.2,51,3129.98,2088242,135127.0,193682.0,3163.0,3163.0,3108.0,3134.3,31943000,3447.7,2820.9,3839.9,2896.0,3136.2,66,2,3136.1,261,5,3135.9,15,1,3135.8,60,2,3135.7,17,1,3137.0,713,7,3137.1,330,2,3137.2,50,1,3137.3,484,4,3137.4,270,3
2031,2026-06-16 12:30:54+05:30,3136.2,5,3129.98,2088448,135116.0,193967.0,3163.0,3163.0,3108.0,3134.3,31943000,3447.7,2820.9,3839.9,2896.0,3136.2,4,1,3136.1,265,6,3136.0,16,1,3135.9,15,1,3135.8,16,1,3137.0,742,8,3137.1,330,2,3137.2,250,2,3137.3,492,4,3137.4,319,4
2031,2026-06-16 12:30:54+05:30,3136.2,5,3129.98,2088448,135116.0,193967.0,3163.0,3163.0,3108.0,3134.3,31943000,3447.7,2820.9,3839.9,2896.0,3136.2,4,1,3136.1,265,6,3136.0,16,1,3135.9,15,1,3135.8,16,1,3137.0,742,8,3137.1,330,2,3137.2,250,2,3137.3,492,4,3137.4,319,4
2031,2026-06-16 12:30:55+05:30,3137.0,3,3129.98,2088457,135075.0,194401.0,3163.0,3163.0,3108.0,3134.3,31943000,3447.7,2820.9,3839.9,2896.0,3136.2,54,4,3136.1,230,6,3136.0,27,3,3135.9,30,2,3135.8,70,2,3137.0,739,8,3137.1,330,2,3137.2,200,1,3137.3,400,2,3137.4,221,2
2031,2026-06-16 12:30:55+05:30,3136.2,14,3129.98,2088457,135075.0,194401.0,3163.0,3163.0,3108.0,3134.3,31943000,3447.7,2820.9,3839.9,2896.0,3136.2,54,4,3136.1,230,6,3136.0,27,3,3135.9,30,2,3135.8,70,2,3137.0,739,8,3137.1,330,2,3137.2,200,1,3137.3,400,2,3137.4,221,2
2031,2026-06-16 12:30:56+05:30,3136.2,14,3129.98,2088657,134818.0,194740.0,3163.0,3163.0,3108.0,3134.3,31943000,3447.7,2820.9,3839.9,2896.0,3136.2,4,1,3136.1,64,3,3136.0,2,1,3135.9,3,1,3135.8,16,1,3137.0,1289,10,3137.1,330,2,3137.2,46,1,3137.3,503,4,3137.4,308,4
2031,2026-06-16 12:30:56+05:30,3136.2,47,3129.98,2088657,134818.0,194740.0,3163.0,3163.0,3108.0,3134.3,31943000,3447.7,2820.9,3839.9,2896.0,3136.2,4,1,3136.1,64,3,3136.0,2,1,3135.9,3,1,3135.8,16,1,3137.0,1289,10,3137.1,330,2,3137.2,46,1,3137.3,503,4,3137.4,308,4
2031,2026-06-16 12:30:57+05:30,3136.9,50,3129.99,2088921,134544.0,194793.0,3163.0,3163.0,3108.0,3134.3,31943000,3447.7,2820.9,3839.9,2896.0,3136.2,5,1,3136.1,64,3,3135.9,3,1,3135.5,3,1,3135.4,57,2,3136.9,185,4,3137.0,1428,11,3137.1,284,3,3137.2,200,1,3137.3,497,4
2031,2026-06-16 12:30:57+05:30,3136.9,1,3129.99,2088921,134544.0,194793.0,3163.0,3163.0,3108.0,3134.3,31943000,3447.7,2820.9,3839.9,2896.0,3136.2,5,1,3136.1,64,3,3135.9,3,1,3135.5,3,1,3135.4,57,2,3136.9,185,4,3137.0,1428,11,3137.1,284,3,3137.2,200,1,3137.3,497,4
2031,2026-06-16 12:30:58+05:30,3136.9,1,3129.99,2088922,134543.0,194862.0,3163.0,3163.0,3108.0,3134.3,31943000,3447.7,2820.9,3839.9,2896.0,3136.2,5,1,3136.1,64,3,3135.9,3,1,3135.5,3,1,3135.4,57,2,3136.9,187,5,3137.0,1417,11,3137.1,284,3,3137.2,200,1,3137.3,497,4
2031,2026-06-16 12:30:59+05:30,3136.9,1,3129.99,2088922,134753.0,194860.0,3163.0,3163.0,3108.0,3134.3,31943000,3447.7,2820.9,3839.9,2896.0,3136.2,15,2,3136.1,64,3,3135.9,3,1,3135.5,3,1,3135.4,57,2,3136.7,12,1,3136.8,73,3,3136.9,242,6,3137.0,1371,10,3137.1,235,2
2031,2026-06-16 12:30:59+05:30,3136.1,4,3129.99,2088922,134753.0,194860.0,3163.0,3163.0,3108.0,3134.3,31943000,3447.7,2820.9,3839.9,2896.0,3136.2,15,2,3136.1,64,3,3135.9,3,1,3135.5,3,1,3135.4,57,2,3136.7,12,1,3136.8,73,3,3136.9,242,6,3137.0,1371,10,3137.1,235,2
2031,2026-06-16 12:30:59+05:30,3136.1,4,3129.99,2088922,134753.0,194860.0,3163.0,3163.0,3108.0,3134.3,31943000,3447.7,2820.9,3839.9,2896.0,3136.2,15,2,3136.1,64,3,3135.9,3,1,3135.5,3,1,3135.4,57,2,3136.7,12,1,3136.8,73,3,3136.9,242,6,3137.0,1371,10,3137.1,235,2
2031,2026-06-16 12:31:00+05:30,3136.4,1,3129.99,2089002,133434.0,195152.0,3163.0,3163.0,3108.0,3134.3,31943000,3447.7,2820.9,3839.9,2896.0,3136.2,16,2,3136.1,5,2,3135.9,3,1,3135.5,3,1,3135.1,14,1,3136.4,84,3,3136.5,296,7,3136.6,113,4,3136.7,252,4,3136.8,224,6
2031,2026-06-16 12:31:00+05:30,3136.4,1,3129.99,2089002,133434.0,195152.0,3163.0,3163.0,3108.0,3134.3,31943000,3447.7,2820.9,3839.9,2896.0,3136.2,16,2,3136.1,5,2,3135.9,3,1,3135.5,3,1,3135.1,14,1,3136.4,84,3,3136.5,296,7,3136.6,113,4,3136.7,252,4,3136.8,224,6
2031,2026-06-16 12:31:01+05:30,3136.3,1,3129.99,2089006,133571.0,195197.0,3163.0,3163.0,3108.0,3134.3,31943000,3447.7,2820.9,3839.9,2896.0,3136.2,1,1,3136.1,5,2,3136.0,17,1,3135.9,3,1,3135.5,3,1,3136.4,91,4,3136.5,230,5,3136.6,111,4,3136.7,220,3,3136.8,239,5
2031,2026-06-16 12:31:01+05:30,3136.3,1,3129.99,2089006,133571.0,195197.0,3163.0,3163.0,3108.0,3134.3,31943000,3447.7,2820.9,3839.9,2896.0,3136.2,1,1,3136.1,5,2,3136.0,17,1,3135.9,3,1,3135.5,3,1,3136.4,91,4,3136.5,230,5,3136.6,111,4,3136.7,220,3,3136.8,239,5
2031,2026-06-16 12:31:01+05:30,3136.3,1,3129.99,2089006,133571.0,195197.0,3163.0,3163.0,3108.0,3134.3,31943000,3447.7,2820.9,3839.9,2896.0,3136.2,1,1,3136.1,5,2,3136.0,17,1,3135.9,3,1,3135.5,3,1,3136.4,91,4,3136.5,230,5,3136.6,111,4,3136.7,220,3,3136.8,239,5
2031,2026-06-16 12:31:02+05:30,3136.3,1,3129.99,2089006,133635.0,195195.0,3163.0,3163.0,3108.0,3134.3,31943000,3447.7,2820.9,3839.9,2896.0,3136.2,1,1,3136.1,5,2,3136.0,17,1,3135.9,3,1,3135.5,3,1,3136.4,55,2,3136.5,263,5,3136.6,111,4,3136.7,220,3,3136.8,240,6
2031,2026-06-16 12:31:03+05:30,3136.3,1,3129.99,2089006,133728.0,194937.0,3163.0,3163.0,3108.0,3134.3,31943000,3447.7,2820.9,3839.9,2896.0,3136.2,18,2,3136.1,5,2,3135.9,3,1,3135.5,3,1,3135.1,174,3,3136.4,55,2,3136.5,205,3,3136.6,25,2,3136.7,20,2,3136.8,138,4
2031,2026-06-16 12:31:03+05:30,3136.3,1,3129.99,2089006,133728.0,194937.0,3163.0,3163.0,3108.0,3134.3,31943000,3447.7,2820.9,3839.9,2896.0,3136.2,18,2,3136.1,5,2,3135.9,3,1,3135.5,3,1,3135.1,174,3,3136.4,55,2,3136.5,205,3,3136.6,25,2,3136.7,20,2,3136.8,138,4
2031,2026-06-16 12:31:04+05:30,3136.1,2,3129.99,2089212,133518.0,195157.0,3163.0,3163.0,3108.0,3134.3,31943000,3447.7,2820.9,3839.9,2896.0,3135.9,3,1,3135.5,3,1,3135.1,41,2,3135.0,206,10,3134.9,36,3,3136.0,195,1,3136.3,150,2,3136.4,453,7,3136.5,205,3,3136.6,463,5
2031,2026-06-16 12:31:04+05:30,3136.0,64,3129.99,2089212,133518.0,195157.0,3163.0,3163.0,3108.0,3134.3,31943000,3447.7,2820.9,3839.9,2896.0,3135.9,3,1,3135.5,3,1,3135.1,41,2,3135.0,206,10,3134.9,36,3,3136.0,195,1,3136.3,150,2,3136.4,453,7,3136.5,205,3,3136.6,463,5
2031,2026-06-16 12:31:05+05:30,3136.0,64,3129.99,2089276,133262.0,195381.0,3163.0,3163.0,3108.0,3134.3,31943000,3447.7,2820.9,3839.9,2896.0,3135.9,3,1,3135.5,3,1,3135.1,14,1,3135.0,206,10,3134.9,36,3,3136.0,160,2,3136.3,150,2,3136.4,412,5,3136.5,220,4,3136.6,548,7
2031,2026-06-16 12:31:05+05:30,3136.0,64,3129.99,2089276,133262.0,195381.0,3163.0,3163.0,3108.0,3134.3,31943000,3447.7,2820.9,3839.9,2896.0,3135.9,3,1,3135.5,3,1,3135.1,14,1,3135.0,206,10,3134.9,36,3,3136.0,160,2,3136.3,150,2,3136.4,412,5,3136.5,220,4,3136.6,548,7
2031,2026-06-16 12:31:05+05:30,3136.0,1,3129.99,2089276,133262.0,195381.0,3163.0,3163.0,3108.0,3134.3,31943000,3447.7,2820.9,3839.9,2896.0,3135.9,3,1,3135.5,3,1,3135.1,14,1,3135.0,206,10,3134.9,36,3,3136.0,160,2,3136.3,150,2,3136.4,412,5,3136.5,220,4,3136.6,548,7
2031,2026-06-16 12:31:06+05:30,3136.0,1,3129.99,2089277,133417.0,195381.0,3163.0,3163.0,3108.0,3134.3,31943000,3447.7,2820.9,3839.9,2896.0,3135.9,3,1,3135.5,3,1,3135.1,193,2,3135.0,206,10,3134.9,82,4,3136.0,159,2,3136.3,150,2,3136.4,412,5,3136.5,220,4,3136.6,548,7
2031,2026-06-16 12:31:06+05:30,3135.7,69,3129.99,2089277,133417.0,195381.0,3163.0,3163.0,3108.0,3134.3,31943000,3447.7,2820.9,3839.9,2896.0,3135.9,3,1,3135.5,3,1,3135.1,193,2,3135.0,206,10,3134.9,82,4,3136.0,159,2,3136.3,150,2,3136.4,412,5,3136.5,220,4,3136.6,548,7
2031,2026-06-16 12:31:07+05:30,3135.7,69,3129.99,2089477,133190.0,195154.0,3163.0,3163.0,3108.0,3134.3,31943000,3447.7,2820.9,3839.9,2896.0,3135.7,17,1,3135.5,3,1,3135.1,163,1,3135.0,206,10,3134.9,96,5,3136.0,159,2,3136.3,112,1,3136.4,412,4,3136.5,205,3,3136.6,421,3
2031,2026-06-16 12:31:07+05:30,3135.7,69,3129.99,2089477,133190.0,195154.0,3163.0,3163.0,3108.0,3134.3,31943000,3447.7,2820.9,3839.9,2896.0,3135.7,17,1,3135.5,3,1,3135.1,163,1,3135.0,206,10,3134.9,96,5,3136.0,159,2,3136.3,112,1,3136.4,412,4,3136.5,205,3,3136.6,421,3
2031,2026-06-16 12:31:07+05:30,3136.0,5,3129.99,2089477,133190.0,195154.0,3163.0,3163.0,3108.0,3134.3,31943000,3447.7,2820.9,3839.9,2896.0,3135.7,17,1,3135.5,3,1,3135.1,163,1,3135.0,206,10,3134.9,96,5,3136.0,159,2,3136.3,112,1,3136.4,412,4,3136.5,205,3,3136.6,421,3
2031,2026-06-16 12:31:08+05:30,3136.0,5,3129.99,2089486,133260.0,195264.0,3163.0,3163.0,3108.0,3134.3,31943000,3447.7,2820.9,3839.9,2896.0,3135.5,3,1,3135.1,240,2,3135.0,206,10,3134.9,36,3,3134.8,107,4,3136.0,175,3,3136.3,112,1,3136.4,412,4,3136.5,5,2,3136.6,467,4
2031,2026-06-16 12:31:08+05:30,3136.0,5,3129.99,2089486,133355.0,195822.0,3163.0,3163.0,3108.0,3134.3,31943000,3447.7,2820.9,3839.9,2896.0,3135.7,75,1,3135.5,7,2,3135.4,15,1,3135.2,30,2,3135.0,277,12,3135.9,1,1,3136.0,212,4,3136.3,112,1,3136.4,366,3,3136.5,204,2
2031,2026-06-16 12:31:09+05:30,3136.0,5,3129.99,2089486,133355.0,195822.0,3163.0,3163.0,3108.0,3134.3,31943000,3447.7,2820.9,3839.9,2896.0,3135.7,75,1,3135.5,7,2,3135.4,15,1,3135.2,30,2,3135.0,277,12,3135.9,1,1,3136.0,212,4,3136.3,112,1,3136.4,366,3,3136.5,204,2
2031,2026-06-16 12:31:09+05:30,3135.3,3,3129.99,2089486,133355.0,195822.0,3163.0,3163.0,3108.0,3134.3,31943000,3447.7,2820.9,3839.9,2896.0,3135.7,75,1,3135.5,7,2,3135.4,15,1,3135.2,30,2,3135.0,277,12,3135.9,1,1,3136.0,212,4,3136.3,112,1,3136.4,366,3,3136.5,204,2
2031,2026-06-16 12:31:09+05:30,3135.3,3,3129.99,2089623,133196.0,196052.0,3163.0,3163.0,3108.0,3134.3,31943000,3447.7,2820.9,3839.9,2896.0,3135.5,18,1,3135.1,24,3,3135.0,155,12,3134.9,62,6,3134.8,85,3,3135.9,1,1,3136.0,199,4,3136.1,330,2,3136.2,200,1,3136.3,400,2
2031,2026-06-16 12:31:10+05:30,3135.3,3,3129.99,2089623,133196.0,196052.0,3163.0,3163.0,3108.0,3134.3,31943000,3447.7,2820.9,3839.9,2896.0,3135.5,18,1,3135.1,24,3,3135.0,155,12,3134.9,62,6,3134.8,85,3,3135.9,1,1,3136.0,199,4,3136.1,330,2,3136.2,200,1,3136.3,400,2
2031,2026-06-16 12:31:10+05:30,3135.9,1,3129.99,2089623,133196.0,196052.0,3163.0,3163.0,3108.0,3134.3,31943000,3447.7,2820.9,3839.9,2896.0,3135.5,18,1,3135.1,24,3,3135.0,155,12,3134.9,62,6,3134.8,85,3,3135.9,1,1,3136.0,199,4,3136.1,330,2,3136.2,200,1,3136.3,400,2
2031,2026-06-16 12:31:10+05:30,3135.9,1,3129.99,2089650,133229.0,196079.0,3163.0,3163.0,3108.0,3134.3,31943000,3447.7,2820.9,3839.9,2896.0,3135.5,18,1,3135.1,27,4,3135.0,127,10,3134.9,62,6,3134.8,85,3,3135.9,10,2,3136.0,149,2,3136.1,330,2,3136.2,200,1,3136.3,400,2
2031,2026-06-16 12:31:11+05:30,3135.9,1,3129.99,2089650,133229.0,196079.0,3163.0,3163.0,3108.0,3134.3,31943000,3447.7,2820.9,3839.9,2896.0,3135.5,18,1,3135.1,27,4,3135.0,127,10,3134.9,62,6,3134.8,85,3,3135.9,10,2,3136.0,149,2,3136.1,330,2,3136.2,200,1,3136.3,400,2
2031,2026-06-16 12:31:11+05:30,3135.9,4,3129.99,2089650,133229.0,196079.0,3163.0,3163.0,3108.0,3134.3,31943000,3447.7,2820.9,3839.9,2896.0,3135.5,18,1,3135.1,27,4,3135.0,127,10,3134.9,62,6,3134.8,85,3,3135.9,10,2,3136.0,149,2,3136.1,330,2,3136.2,200,1,3136.3,400,2
2031,2026-06-16 12:31:11+05:30,3135.9,4,3129.99,2089664,133246.0,196123.0,3163.0,3163.0,3108.0,3134.3,31943000,3447.7,2820.9,3839.9,2896.0,3135.5,18,1,3135.1,22,3,3135.0,183,11,3134.9,62,6,3134.8,85,3,3135.9,14,1,3136.0,149,2,3136.1,330,2,3136.2,200,1,3136.3,400,2
2031,2026-06-16 12:31:12+05:30,3135.9,4,3129.99,2089664,133246.0,196123.0,3163.0,3163.0,3108.0,3134.3,31943000,3447.7,2820.9,3839.9,2896.0,3135.5,18,1,3135.1,22,3,3135.0,183,11,3134.9,62,6,3134.8,85,3,3135.9,14,1,3136.0,149,2,3136.1,330,2,3136.2,200,1,3136.3,400,2
2031,2026-06-16 12:31:12+05:30,3135.9,4,3129.99,2089664,133393.0,196121.0,3163.0,3163.0,3108.0,3134.3,31943000,3447.7,2820.9,3839.9,2896.0,3135.5,18,1,3135.1,22,3,3135.0,183,11,3134.9,62,6,3134.8,85,3,3135.9,14,1,3136.0,149,2,3136.1,330,2,3136.2,200,1,3136.3,400,2
2031,2026-06-16 12:31:13+05:30,3135.9,4,3129.99,2089664,133393.0,196121.0,3163.0,3163.0,3108.0,3134.3,31943000,3447.7,2820.9,3839.9,2896.0,3135.5,18,1,3135.1,22,3,3135.0,183,11,3134.9,62,6,3134.8,85,3,3135.9,14,1,3136.0,149,2,3136.1,330,2,3136.2,200,1,3136.3,400,2
2031,2026-06-16 12:31:13+05:30,3135.5,47,3129.99,2089664,133393.0,196121.0,3163.0,3163.0,3108.0,3134.3,31943000,3447.7,2820.9,3839.9,2896.0,3135.5,18,1,3135.1,22,3,3135.0,183,11,3134.9,62,6,3134.8,85,3,3135.9,14,1,3136.0,149,2,3136.1,330,2,3136.2,200,1,3136.3,400,2
2031,2026-06-16 12:31:13+05:30,3135.5,47,3129.99,2089664,133393.0,196121.0,3163.0,3163.0,3108.0,3134.3,31943000,3447.7,2820.9,3839.9,2896.0,3135.5,18,1,3135.1,22,3,3135.0,183,11,3134.9,62,6,3134.8,85,3,3135.9,14,1,3136.0,149,2,3136.1,330,2,3136.2,200,1,3136.3,400,2
2031,2026-06-16 12:31:13+05:30,3135.5,47,3129.99,2089711,133262.0,196096.0,3163.0,3163.0,3108.0,3134.3,31943000,3447.7,2820.9,3839.9,2896.0,3135.5,18,1,3135.1,22,3,3135.0,81,9,3134.9,77,7,3134.8,14,1,3135.9,14,1,3136.0,149,2,3136.1,330,2,3136.2,200,1,3136.3,400,2
2031,2026-06-16 12:31:14+05:30,3135.5,2,3129.99,2089711,133262.0,196096.0,3163.0,3163.0,3108.0,3134.3,31943000,3447.7,2820.9,3839.9,2896.0,3135.5,18,1,3135.1,22,3,3135.0,81,9,3134.9,77,7,3134.8,14,1,3135.9,14,1,3136.0,149,2,3136.1,330,2,3136.2,200,1,3136.3,400,2
2031,2026-06-16 12:31:14+05:30,3135.5,2,3129.99,2089711,133262.0,196096.0,3163.0,3163.0,3108.0,3134.3,31943000,3447.7,2820.9,3839.9,2896.0,3135.5,18,1,3135.1,22,3,3135.0,81,9,3134.9,77,7,3134.8,14,1,3135.9,14,1,3136.0,149,2,3136.1,330,2,3136.2,200,1,3136.3,400,2
2031,2026-06-16 12:31:15+05:30,3135.5,2,3129.99,2089713,133330.0,196342.0,3163.0,3163.0,3108.0,3134.3,31943000,3447.7,2820.9,3839.9,2896.0,3135.5,17,2,3135.0,66,8,3134.9,64,5,3134.8,14,1,3134.7,137,6,3135.7,200,1,3135.9,14,1,3136.0,149,2,3136.1,330,2,3136.2,200,1
2031,2026-06-16 12:31:15+05:30,3135.5,2,3129.99,2089713,133330.0,196342.0,3163.0,3163.0,3108.0,3134.3,31943000,3447.7,2820.9,3839.9,2896.0,3135.5,17,2,3135.0,66,8,3134.9,64,5,3134.8,14,1,3134.7,137,6,3135.7,200,1,3135.9,14,1,3136.0,149,2,3136.1,330,2,3136.2,200,1
2031,2026-06-16 12:31:15+05:30,3135.5,7,3129.99,2089713,133330.0,196342.0,3163.0,3163.0,3108.0,3134.3,31943000,3447.7,2820.9,3839.9,2896.0,3135.5,17,2,3135.0,66,8,3134.9,64,5,3134.8,14,1,3134.7,137,6,3135.7,200,1,3135.9,14,1,3136.0,149,2,3136.1,330,2,3136.2,200,1
2031,2026-06-16 12:31:16+05:30,3136.0,1,3129.99,2089944,133570.0,196305.0,3163.0,3163.0,3108.0,3134.3,31943000,3447.7,2820.9,3839.9,2896.0,3135.8,1,1,3135.5,37,7,3135.3,10,2,3135.2,36,3,3135.1,66,3,3136.0,228,3,3136.1,330,2,3136.2,200,1,3136.3,400,2,3136.4,200,1
2031,2026-06-16 12:31:16+05:30,3136.0,1,3129.99,2089944,133570.0,196305.0,3163.0,3163.0,3108.0,3134.3,31943000,3447.7,2820.9,3839.9,2896.0,3135.8,1,1,3135.5,37,7,3135.3,10,2,3135.2,36,3,3135.1,66,3,3136.0,228,3,3136.1,330,2,3136.2,200,1,3136.3,400,2,3136.4,200,1
2031,2026-06-16 12:31:16+05:30,3136.2,28,3129.99,2089944,133570.0,196305.0,3163.0,3163.0,3108.0,3134.3,31943000,3447.7,2820.9,3839.9,2896.0,3135.8,1,1,3135.5,37,7,3135.3,10,2,3135.2,36,3,3135.1,66,3,3136.0,228,3,3136.1,330,2,3136.2,200,1,3136.3,400,2,3136.4,200,1
2031,2026-06-16 12:31:17+05:30,3136.2,28,3129.99,2089944,133570.0,196305.0,3163.0,3163.0,3108.0,3134.3,31943000,3447.7,2820.9,3839.9,2896.0,3135.8,1,1,3135.5,37,7,3135.3,10,2,3135.2,36,3,3135.1,66,3,3136.0,228,3,3136.1,330,2,3136.2,200,1,3136.3,400,2,3136.4,200,1
2031,2026-06-16 12:31:17+05:30,3136.0,1,3129.99,2090545,133070.0,196187.0,3163.0,3163.0,3108.0,3134.3,31943000,3447.7,2820.9,3839.9,2896.0,3135.8,1,1,3135.5,20,3,3135.2,6,1,3135.1,22,3,3135.0,81,9,3136.0,237,2,3136.1,400,2,3136.2,172,1,3136.3,400,2,3136.4,243,2
2031,2026-06-16 12:31:17+05:30,3135.0,2,3129.99,2090545,133070.0,196187.0,3163.0,3163.0,3108.0,3134.3,31943000,3447.7,2820.9,3839.9,2896.0,3135.8,1,1,3135.5,20,3,3135.2,6,1,3135.1,22,3,3135.0,81,9,3136.0,237,2,3136.1,400,2,3136.2,172,1,3136.3,400,2,3136.4,243,2
2031,2026-06-16 12:31:17+05:30,3135.0,2,3129.99,2090545,133070.0,196187.0,3163.0,3163.0,3108.0,3134.3,31943000,3447.7,2820.9,3839.9,2896.0,3135.8,1,1,3135.5,20,3,3135.2,6,1,3135.1,22,3,3135.0,81,9,3136.0,237,2,3136.1,400,2,3136.2,172,1,3136.3,400,2,3136.4,243,2
2031,2026-06-16 12:31:18+05:30,3135.0,2,3129.99,2090945,133250.0,195809.0,3163.0,3163.0,3108.0,3134.3,31943000,3447.7,2820.9,3839.9,2896.0,3135.2,61,5,3135.1,24,2,3135.0,136,10,3134.9,253,8,3134.8,104,3,3136.0,241,3,3136.1,400,2,3136.2,172,1,3136.3,400,2,3136.4,200,1
2031,2026-06-16 12:31:18+05:30,3135.0,2,3129.99,2090945,133250.0,195809.0,3163.0,3163.0,3108.0,3134.3,31948800,3447.7,2820.9,3839.9,2896.0,3135.2,61,5,3135.1,24,2,3135.0,136,10,3134.9,253,8,3134.8,104,3,3136.0,241,3,3136.1,400,2,3136.2,172,1,3136.3,400,2,3136.4,200,1
2031,2026-06-16 12:31:19+05:30,3135.0,2,3129.99,2090945,133274.0,195845.0,3163.0,3163.0,3108.0,3134.3,31948800,3447.7,2820.9,3839.9,2896.0,3135.3,12,1,3135.2,73,6,3135.1,24,2,3135.0,136,10,3134.9,253,8,3136.0,250,4,3136.1,400,2,3136.2,172,1,3136.3,400,2,3136.4,200,1
2031,2026-06-16 12:31:20+05:30,3135.0,2,3129.99,2090945,133059.0,195923.0,3163.0,3163.0,3108.0,3134.3,31948800,3447.7,2820.9,3839.9,2896.0,3135.4,61,5,3135.3,78,5,3135.2,47,5,3135.1,24,2,3135.0,127,9,3135.8,100,1,3136.0,246,3,3136.1,400,2,3136.2,172,1,3136.3,400,2
2031,2026-06-16 12:31:20+05:30,3135.4,9,3129.99,2090945,133059.0,195923.0,3163.0,3163.0,3108.0,3134.3,31948800,3447.7,2820.9,3839.9,2896.0,3135.4,61,5,3135.3,78,5,3135.2,47,5,3135.1,24,2,3135.0,127,9,3135.8,100,1,3136.0,246,3,3136.1,400,2,3136.2,172,1,3136.3,400,2
2031,2026-06-16 12:31:21+05:30,3135.4,36,3129.99,2091051,133007.0,196230.0,3163.0,3163.0,3108.0,3134.3,31948800,3447.7,2820.9,3839.9,2896.0,3135.3,66,3,3135.2,41,4,3135.1,4,1,3135.0,97,7,3134.9,51,5,3135.4,94,1,3135.8,126,2,3136.0,326,4,3136.1,400,2,3136.2,172,1
2031,2026-06-16 12:31:21+05:30,3135.3,42,3129.99,2091051,133007.0,196230.0,3163.0,3163.0,3108.0,3134.3,31948800,3447.7,2820.9,3839.9,2896.0,3135.3,66,3,3135.2,41,4,3135.1,4,1,3135.0,97,7,3134.9,51,5,3135.4,94,1,3135.8,126,2,3136.0,326,4,3136.1,400,2,3136.2,172,1
2031,2026-06-16 12:31:22+05:30,3135.3,42,3129.99,2091094,131248.0,198895.0,3163.0,3163.0,3108.0,3134.3,31948800,3447.7,2820.9,3839.9,2896.0,3135.0,12,4,3134.9,21,2,3134.7,49,3,3134.6,24,3,3134.5,19,1,3135.3,362,3,3135.4,132,3,3135.6,49,3,3135.7,200,1,3135.8,126,2
2031,2026-06-16 12:31:23+05:30,3135.3,100,3129.99,2091194,132286.0,198886.0,3163.0,3163.0,3108.0,3134.3,31948800,3447.7,2820.9,3839.9,2896.0,3135.0,28,5,3134.9,21,2,3134.7,49,3,3134.6,24,3,3134.5,19,1,3135.3,288,4,3135.4,132,3,3135.6,240,3,3135.7,49,1,3135.8,181,3
2031,2026-06-16 12:31:23+05:30,3135.3,1,3129.99,2091194,132286.0,198886.0,3163.0,3163.0,3108.0,3134.3,31948800,3447.7,2820.9,3839.9,2896.0,3135.0,28,5,3134.9,21,2,3134.7,49,3,3134.6,24,3,3134.5,19,1,3135.3,288,4,3135.4,132,3,3135.6,240,3,3135.7,49,1,3135.8,181,3
2031,2026-06-16 12:31:24+05:30,3135.3,1,3129.99,2091195,132296.0,198921.0,3163.0,3163.0,3108.0,3134.3,31948800,3447.7,2820.9,3839.9,2896.0,3135.0,28,5,3134.9,21,2,3134.7,49,3,3134.6,13,2,3134.5,19,1,3135.3,321,5,3135.4,132,3,3135.6,240,3,3135.7,49,1,3135.8,181,3
2031,2026-06-16 12:31:25+05:30,3135.3,6,3129.99,2091201,132335.0,198882.0,3163.0,3163.0,3108.0,3134.3,31948800,3447.7,2820.9,3839.9,2896.0,3135.0,39,6,3134.9,21,2,3134.7,49,3,3134.6,13,2,3134.5,19,1,3135.3,315,5,3135.4,132,3,3135.6,240,3,3135.7,49,1,3135.8,142,2
2031,2026-06-16 12:31:25+05:30,3135.3,6,3129.99,2091201,132335.0,198882.0,3163.0,3163.0,3108.0,3134.3,31948800,3447.7,2820.9,3839.9,2896.0,3135.0,39,6,3134.9,21,2,3134.7,49,3,3134.6,13,2,3134.5,19,1,3135.3,315,5,3135.4,132,3,3135.6,240,3,3135.7,49,1,3135.8,142,2
2031,2026-06-16 12:31:26+05:30,3135.3,6,3129.99,2091201,132341.0,198872.0,3163.0,3163.0,3108.0,3134.3,31948800,3447.7,2820.9,3839.9,2896.0,3135.0,39,6,3134.9,21,2,3134.7,35,2,3134.6,13,2,3134.5,19,1,3135.3,315,5,3135.4,132,3,3135.6,240,3,3135.7,49,1,3135.8,142,2
2031,2026-06-16 12:31:26+05:30,3135.3,1,3129.99,2091201,132341.0,198872.0,3163.0,3163.0,3108.0,3134.3,31948800,3447.7,2820.9,3839.9,2896.0,3135.0,39,6,3134.9,21,2,3134.7,35,2,3134.6,13,2,3134.5,19,1,3135.3,315,5,3135.4,132,3,3135.6,240,3,3135.7,49,1,3135.8,142,2
2031,2026-06-16 12:31:27+05:30,3135.3,1,3129.99,2091202,132363.0,198858.0,3163.0,3163.0,3108.0,3134.3,31948800,3447.7,2820.9,3839.9,2896.0,3135.0,39,6,3134.9,21,2,3134.7,35,2,3134.6,13,2,3134.5,19,1,3135.3,314,5,3135.4,132,3,3135.6,240,3,3135.7,49,1,3135.8,100,1
2031,2026-06-16 12:31:28+05:30,3135.3,1,3129.99,2091202,132341.0,198985.0,3163.0,3163.0,3108.0,3134.3,31948800,3447.7,2820.9,3839.9,2896.0,3135.0,39,6,3134.9,21,2,3134.7,35,2,3134.6,13,2,3134.5,19,1,3135.3,310,4,3135.4,94,2,3135.6,240,3,3135.7,49,1,3135.8,138,2
2031,2026-06-16 12:31:29+05:30,3135.3,112,3129.99,2091364,132350.0,199070.0,3163.0,3163.0,3108.0,3134.3,31948800,3447.7,2820.9,3839.9,2896.0,3135.0,39,6,3134.9,21,2,3134.7,35,2,3134.6,13,2,3134.5,19,1,3135.3,398,4,3135.4,94,2,3135.6,240,3,3135.7,88,2,3135.8,138,2
2031,2026-06-16 12:31:29+05:30,3135.3,112,3129.99,2091364,132350.0,199070.0,3163.0,3163.0,3108.0,3134.3,31948800,3447.7,2820.9,3839.9,2896.0,3135.0,39,6,3134.9,21,2,3134.7,35,2,3134.6,13,2,3134.5,19,1,3135.3,398,4,3135.4,94,2,3135.6,240,3,3135.7,88,2,3135.8,138,2
2031,2026-06-16 12:31:30+05:30,3135.3,1,3129.99,2091365,132334.0,199082.0,3163.0,3163.0,3108.0,3134.3,31948800,3447.7,2820.9,3839.9,2896.0,3135.0,39,6,3134.9,21,2,3134.7,35,2,3134.6,13,2,3134.5,19,1,3135.3,397,4,3135.4,94,2,3135.6,240,3,3135.7,49,1,3135.8,138,2
2031,2026-06-16 12:31:30+05:30,3135.0,3,3129.99,2091365,132334.0,199082.0,3163.0,3163.0,3108.0,3134.3,31948800,3447.7,2820.9,3839.9,2896.0,3135.0,39,6,3134.9,21,2,3134.7,35,2,3134.6,13,2,3134.5,19,1,3135.3,397,4,3135.4,94,2,3135.6,240,3,3135.7,49,1,3135.8,138,2
2031,2026-06-16 12:31:31+05:30,3135.0,7,3129.99,2091609,132186.0,199275.0,3163.0,3163.0,3108.0,3134.3,31948800,3447.7,2820.9,3839.9,2896.0,3135.0,21,3,3134.9,21,2,3134.7,35,2,3134.6,13,2,3134.5,19,1,3135.3,364,4,3135.4,94,2,3135.6,202,2,3135.8,259,5,3135.9,199,1
2031,2026-06-16 12:31:31+05:30,3135.1,3,3129.99,2091609,132186.0,199275.0,3163.0,3163.0,3108.0,3134.3,31948800,3447.7,2820.9,3839.9,2896.0,3135.0,21,3,3134.9,21,2,3134.7,35,2,3134.6,13,2,3134.5,19,1,3135.3,364,4,3135.4,94,2,3135.6,202,2,3135.8,259,5,3135.9,199,1
2031,2026-06-16 12:31:32+05:30,3135.1,3,3129.99,2092306,132544.0,197809.0,3163.0,3163.0,3108.0,3134.3,31948800,3447.7,2820.9,3839.9,2896.0,3135.4,1,1,3135.1,33,5,3135.0,193,11,3134.9,26,3,3134.8,30,2,3135.8,76,1,3135.9,199,1,3136.0,518,4,3136.1,172,1,3136.2,200,1
2031,2026-06-16 12:31:33+05:30,3135.1,3,3129.99,2092306,132488.0,197879.0,3163.0,3163.0,3108.0,3134.3,31948800,3447.7,2820.9,3839.9,2896.0,3135.4,1,1,3135.1,33,5,3135.0,193,11,3134.9,26,3,3134.8,30,2,3135.8,85,2,3135.9,199,1,3136.0,518,4,3136.1,172,1,3136.2,200,1
2031,2026-06-16 12:31:34+05:30,3135.1,1,3130.0,2092359,132608.0,197878.0,3163.0,3163.0,3108.0,3134.3,31948800,3447.7,2820.9,3839.9,2896.0,3135.1,46,6,3135.0,175,11,3134.9,77,5,3134.8,28,2,3134.7,122,6,3135.8,94,3,3135.9,199,1,3136.0,518,4,3136.1,172,1,3136.2,200,1
2031,2026-06-16 12:31:34+05:30,3135.1,1,3130.0,2092359,132608.0,197878.0,3163.0,3163.0,3108.0,3134.3,31948800,3447.7,2820.9,3839.9,2896.0,3135.1,46,6,3135.0,175,11,3134.9,77,5,3134.8,28,2,3134.7,122,6,3135.8,94,3,3135.9,199,1,3136.0,518,4,3136.1,172,1,3136.2,200,1
2031,2026-06-16 12:31:35+05:30,3135.1,1,3130.0,2092359,132679.0,197907.0,3163.0,3163.0,3108.0,3134.3,31948800,3447.7,2820.9,3839.9,2896.0,3135.1,49,8,3135.0,152,10,3134.9,77,5,3134.8,28,2,3134.7,122,6,3135.8,120,4,3135.9,199,1,3136.0,518,4,3136.1,172,1,3136.2,200,1
2031,2026-06-16 12:31:36+05:30,3135.8,3,3130.0,2092362,132678.0,197698.0,3163.0,3163.0,3108.0,3134.3,31948800,3447.7,2820.9,3839.9,2896.0,3135.2,12,1,3135.1,92,9,3135.0,170,11,3134.9,77,5,3134.8,28,2,3135.8,117,4,3135.9,199,1,3136.0,518,4,3136.1,172,1,3136.2,200,1
2031,2026-06-16 12:31:36+05:30,3135.8,1,3130.0,2092362,132678.0,197698.0,3163.0,3163.0,3108.0,3134.3,31948800,3447.7,2820.9,3839.9,2896.0,3135.2,12,1,3135.1,92,9,3135.0,170,11,3134.9,77,5,3134.8,28,2,3135.8,117,4,3135.9,199,1,3136.0,518,4,3136.1,172,1,3136.2,200,1
2031,2026-06-16 12:31:37+05:30,3135.8,1,3130.0,2092364,132693.0,197576.0,3163.0,3163.0,3108.0,3134.3,31948800,3447.7,2820.9,3839.9,2896.0,3135.2,44,5,3135.1,120,8,3135.0,188,12,3134.9,84,5,3134.8,50,4,3135.8,115,4,3135.9,199,1,3136.0,518,4,3136.1,172,1,3136.2,200,1
2031,2026-06-16 12:31:37+05:30,3135.8,1,3130.0,2092364,132693.0,197576.0,3163.0,3163.0,3108.0,3134.3,31948800,3447.7,2820.9,3839.9,2896.0,3135.2,44,5,3135.1,120,8,3135.0,188,12,3134.9,84,5,3134.8,50,4,3135.8,115,4,3135.9,199,1,3136.0,518,4,3136.1,172,1,3136.2,200,1
2031,2026-06-16 12:31:38+05:30,3135.8,1,3130.0,2092364,132771.0,197637.0,3163.0,3163.0,3108.0,3134.3,31948800,3447.7,2820.9,3839.9,2896.0,3135.3,12,1,3135.2,96,7,3135.1,120,8,3135.0,168,11,3134.9,84,5,3135.8,115,4,3135.9,199,1,3136.0,518,4,3136.1,172,1,3136.2,200,1
2031,2026-06-16 12:31:39+05:30,3135.8,1,3130.0,2092364,132773.0,198087.0,3163.0,3163.0,3108.0,3134.3,31948800,3447.7,2820.9,3839.9,2896.0,3135.5,18,1,3135.3,42,3,3135.2,46,2,3135.1,58,5,3135.0,168,11,3135.8,151,5,3135.9,199,1,3136.0,518,4,3136.1,172,1,3136.2,200,1
2031,2026-06-16 12:31:39+05:30,3135.8,1,3130.0,2092364,132773.0,198087.0,3163.0,3163.0,3108.0,3134.3,31948800,3447.7,2820.9,3839.9,2896.0,3135.5,18,1,3135.3,42,3,3135.2,46,2,3135.1,58,5,3135.0,168,11,3135.8,151,5,3135.9,199,1,3136.0,518,4,3136.1,172,1,3136.2,200,1
2031,2026-06-16 12:31:40+05:30,3135.8,2,3130.0,2092381,132901.0,198257.0,3163.0,3163.0,3108.0,3134.3,31948800,3447.7,2820.9,3839.9,2896.0,3135.5,60,3,3135.3,33,3,3135.2,61,3,3135.1,57,4,3135.0,167,10,3135.8,384,6,3135.9,199,1,3136.0,518,4,3136.1,172,1,3136.2,200,1
2031,2026-06-16 12:31:40+05:30,3135.5,118,3130.0,2092381,132901.0,198257.0,3163.0,3163.0,3108.0,3134.3,31948800,3447.7,2820.9,3839.9,2896.0,3135.5,60,3,3135.3,33,3,3135.2,61,3,3135.1,57,4,3135.0,167,10,3135.8,384,6,3135.9,199,1,3136.0,518,4,3136.1,172,1,3136.2,200,1
2031,2026-06-16 12:31:41+05:30,3135.5,118,3130.0,2092581,132855.0,198513.0,3163.0,3163.0,3108.0,3134.3,31948800,3447.7,2820.9,3839.9,2896.0,3135.5,18,1,3135.3,21,2,3135.2,114,5,3135.1,57,4,3135.0,117,9,3135.8,384,6,3136.0,317,3,3136.1,400,2,3136.2,172,1,3136.3,400,2
2031,2026-06-16 12:31:42+05:30,3135.8,22,3130.0,2092631,132966.0,199022.0,3163.0,3163.0,3108.0,3134.3,31948800,3447.7,2820.9,3839.9,2896.0,3135.5,18,1,3135.2,55,2,3135.1,45,2,3135.0,77,6,3134.9,72,4,3135.8,533,6,3135.9,400,2,3136.0,290,3,3136.1,438,3,3136.2,256,2
2031,2026-06-16 12:31:42+05:30,3135.8,1,3130.0,2092631,132966.0,199022.0,3163.0,3163.0,3108.0,3134.3,31948800,3447.7,2820.9,3839.9,2896.0,3135.5,18,1,3135.2,55,2,3135.1,45,2,3135.0,77,6,3134.9,72,4,3135.8,533,6,3135.9,400,2,3136.0,290,3,3136.1,438,3,3136.2,256,2
2031,2026-06-16 12:31:43+05:30,3135.8,1,3130.0,2092633,132978.0,198956.0,3163.0,3163.0,3108.0,3134.3,31948800,3447.7,2820.9,3839.9,2896.0,3135.5,18,1,3135.2,55,2,3135.1,45,2,3135.0,77,6,3134.9,72,4,3135.8,531,6,3135.9,400,2,3136.0,290,3,3136.1,438,3,3136.2,256,2
2031,2026-06-16 12:31:43+05:30,3135.8,1,3130.0,2092633,132978.0,198956.0,3163.0,3163.0,3108.0,3134.3,31948800,3447.7,2820.9,3839.9,2896.0,3135.5,18,1,3135.2,55,2,3135.1,45,2,3135.0,77,6,3134.9,72,4,3135.8,531,6,3135.9,400,2,3136.0,290,3,3136.1,438,3,3136.2,256,2
2031,2026-06-16 12:31:44+05:30,3135.8,1,3130.0,2092633,132978.0,199280.0,3163.0,3163.0,3108.0,3134.3,31948800,3447.7,2820.9,3839.9,2896.0,3135.5,18,1,3135.2,55,2,3135.1,45,2,3135.0,77,6,3134.9,72,4,3135.8,781,7,3135.9,400,2,3136.0,290,3,3136.1,438,3,3136.2,256,2
2031,2026-06-16 12:31:44+05:30,3135.5,10,3130.0,2092633,132978.0,199280.0,3163.0,3163.0,3108.0,3134.3,31948800,3447.7,2820.9,3839.9,2896.0,3135.5,18,1,3135.2,55,2,3135.1,45,2,3135.0,77,6,3134.9,72,4,3135.8,781,7,3135.9,400,2,3136.0,290,3,3136.1,438,3,3136.2,256,2
2031,2026-06-16 12:31:45+05:30,3135.5,10,3130.0,2092643,132975.0,199182.0,3163.0,3163.0,3108.0,3134.3,31948800,3447.7,2820.9,3839.9,2896.0,3135.5,9,2,3135.2,55,2,3135.1,45,2,3135.0,77,6,3134.9,72,4,3135.8,781,7,3135.9,400,2,3136.0,290,3,3136.1,438,3,3136.2,256,2
2031,2026-06-16 12:31:46+05:30,3135.5,10,3130.0,2092643,133120.0,199221.0,3163.0,3163.0,3108.0,3134.3,31948800,3447.7,2820.9,3839.9,2896.0,3135.7,2,2,3135.5,9,2,3135.2,55,2,3135.1,45,2,3135.0,77,6,3135.8,799,8,3135.9,402,3,3136.0,330,5,3136.1,403,3,3136.2,294,3
2031,2026-06-16 12:31:46+05:30,3135.8,72,3130.0,2092643,133120.0,199221.0,3163.0,3163.0,3108.0,3134.3,31948800,3447.7,2820.9,3839.9,2896.0,3135.7,2,2,3135.5,9,2,3135.2,55,2,3135.1,45,2,3135.0,77,6,3135.8,799,8,3135.9,402,3,3136.0,330,5,3136.1,403,3,3136.2,294,3
2031,2026-06-16 12:31:47+05:30,3135.5,105,3130.0,2093684,133374.0,196918.0,3163.0,3163.0,3108.0,3134.3,31948800,3447.7,2820.9,3839.9,2896.0,3135.5,46,6,3135.4,18,2,3135.3,65,5,3135.2,103,6,3135.1,30,3,3135.9,2,1,3136.0,520,5,3136.1,3,1,3136.2,372,2,3136.3,200,1
2031,2026-06-16 12:31:47+05:30,3135.9,1,3130.0,2093684,133374.0,196918.0,3163.0,3163.0,3108.0,3134.3,31948800,3447.7,2820.9,3839.9,2896.0,3135.5,46,6,3135.4,18,2,3135.3,65,5,3135.2,103,6,3135.1,30,3,3135.9,2,1,3136.0,520,5,3136.1,3,1,3136.2,372,2,3136.3,200,1
2031,2026-06-16 12:31:48+05:30,3135.4,1,3130.0,2093900,133467.0,197594.0,3163.0,3163.0,3108.0,3134.3,31948800,3447.7,2820.9,3839.9,2896.0,3135.4,42,4,3135.3,25,4,3135.2,71,4,3135.1,68,4,3135.0,82,8,3135.9,202,2,3136.0,320,4,3136.1,375,3,3136.2,200,1,3136.3,400,2
2031,2026-06-16 12:31:48+05:30,3135.4,1,3130.0,2093900,133467.0,197594.0,3163.0,3163.0,3108.0,3134.3,31948800,3447.7,2820.9,3839.9,2896.0,3135.4,42,4,3135.3,25,4,3135.2,71,4,3135.1,68,4,3135.0,82,8,3135.9,202,2,3136.0,320,4,3136.1,375,3,3136.2,200,1,3136.3,400,2
2031,2026-06-16 12:31:49+05:30,3135.4,1,3130.0,2093900,133591.0,197728.0,3163.0,3163.0,3108.0,3134.3,31948800,3447.7,2820.9,3839.9,2896.0,3135.4,77,4,3135.3,22,3,3135.2,71,4,3135.1,116,5,3135.0,82,8,3135.9,227,3,3136.0,320,4,3136.1,375,3,3136.2,200,1,3136.3,400,2
2031,2026-06-16 12:31:49+05:30,3135.9,1,3130.0,2093900,133591.0,197728.0,3163.0,3163.0,3108.0,3134.3,31948800,3447.7,2820.9,3839.9,2896.0,3135.4,77,4,3135.3,22,3,3135.2,71,4,3135.1,116,5,3135.0,82,8,3135.9,227,3,3136.0,320,4,3136.1,375,3,3136.2,200,1,3136.3,400,2
2031,2026-06-16 12:31:50+05:30,3135.9,1,3130.0,2094101,133459.0,197654.0,3163.0,3163.0,3108.0,3134.3,31948800,3447.7,2820.9,3839.9,2896.0,3135.4,46,6,3135.3,54,5,3135.2,79,4,3135.1,26,4,3135.0,117,11,3135.9,226,3,3136.0,320,4,3136.1,375,3,3136.2,200,1,3136.3,400,2
2031,2026-06-16 12:31:50+05:30,3135.4,111,3130.0,2094101,133459.0,197654.0,3163.0,3163.0,3108.0,3134.3,31948800,3447.7,2820.9,3839.9,2896.0,3135.4,46,6,3135.3,54,5,3135.2,79,4,3135.1,26,4,3135.0,117,11,3135.9,226,3,3136.0,320,4,3136.1,375,3,3136.2,200,1,3136.3,400,2
2031,2026-06-16 12:31:51+05:30,3135.4,111,3130.0,2094301,133521.0,197599.0,3163.0,3163.0,3108.0,3134.3,31948800,3447.7,2820.9,3839.9,2896.0,3135.4,23,3,3135.3,27,4,3135.2,91,5,3135.1,24,3,3135.0,165,11,3135.9,26,2,3136.0,320,4,3136.1,403,3,3136.2,172,1,3136.3,400,2
2031,2026-06-16 12:31:51+05:30,3135.2,20,3130.0,2094301,133521.0,197599.0,3163.0,3163.0,3108.0,3134.3,31948800,3447.7,2820.9,3839.9,2896.0,3135.4,23,3,3135.3,27,4,3135.2,91,5,3135.1,24,3,3135.0,165,11,3135.9,26,2,3136.0,320,4,3136.1,403,3,3136.2,172,1,3136.3,400,2
2031,2026-06-16 12:31:52+05:30,3135.2,20,3130.0,2094501,133512.0,197628.0,3163.0,3163.0,3108.0,3134.3,31948800,3447.7,2820.9,3839.9,2896.0,3135.3,10,2,3135.2,33,5,3135.1,12,2,3135.0,130,12,3134.9,134,6,3135.9,26,2,3136.0,320,4,3136.1,403,3,3136.2,172,1,3136.3,400,2
2031,2026-06-16 12:31:53+05:30,3135.9,1,3130.0,2094506,133536.0,197563.0,3163.0,3163.0,3108.0,3134.3,31948800,3447.7,2820.9,3839.9,2896.0,3135.4,5,1,3135.3,14,3,3135.2,50,6,3135.1,12,2,3135.0,130,12,3135.9,23,2,3136.0,320,4,3136.1,403,3,3136.2,172,1,3136.3,400,2
2031,2026-06-16 12:31:53+05:30,3135.4,2,3130.0,2094506,133536.0,197563.0,3163.0,3163.0,3108.0,3134.3,31948800,3447.7,2820.9,3839.9,2896.0,3135.4,5,1,3135.3,14,3,3135.2,50,6,3135.1,12,2,3135.0,130,12,3135.9,23,2,3136.0,320,4,3136.1,403,3,3136.2,172,1,3136.3,400,2
2031,2026-06-16 12:31:54+05:30,3135.4,3,3130.0,2094511,133783.0,197729.0,3163.0,3163.0,3108.0,3134.3,31948800,3447.7,2820.9,3839.9,2896.0,3135.3,89,4,3135.2,40,5,3135.1,12,2,3135.0,119,11,3134.9,172,7,3135.9,23,2,3136.0,320,4,3136.1,403,3,3136.2,172,1,3136.3,400,2
2031,2026-06-16 12:31:54+05:30,3135.4,3,3130.0,2094511,133783.0,197729.0,3163.0,3163.0,3108.0,3134.3,31948800,3447.7,2820.9,3839.9,2896.0,3135.3,89,4,3135.2,40,5,3135.1,12,2,3135.0,119,11,3134.9,172,7,3135.9,23,2,3136.0,320,4,3136.1,403,3,3136.2,172,1,3136.3,400,2
2031,2026-06-16 12:31:55+05:30,3135.4,3,3130.0,2094511,133798.0,197750.0,3163.0,3163.0,3108.0,3134.3,31948800,3447.7,2820.9,3839.9,2896.0,3135.4,1,1,3135.3,90,5,3135.2,40,5,3135.1,12,2,3135.0,119,11,3135.9,23,2,3136.0,320,4,3136.1,403,3,3136.2,172,1,3136.3,400,2
2031,2026-06-16 12:31:56+05:30,3135.8,1,3130.0,2094512,133693.0,197843.0,3163.0,3163.0,3108.0,3134.3,31948800,3447.7,2820.9,3839.9,2896.0,3135.4,1,1,3135.3,86,4,3135.2,23,3,3135.1,12,2,3135.0,119,11,3135.8,24,1,3135.9,67,3,3136.0,320,4,3136.1,403,3,3136.2,172,1
2031,2026-06-16 12:31:56+05:30,3135.8,1,3130.0,2094512,133693.0,197843.0,3163.0,3163.0,3108.0,3134.3,31948800,3447.7,2820.9,3839.9,2896.0,3135.4,1,1,3135.3,86,4,3135.2,23,3,3135.1,12,2,3135.0,119,11,3135.8,24,1,3135.9,67,3,3136.0,320,4,3136.1,403,3,3136.2,172,1
2031,2026-06-16 12:31:57+05:30,3135.8,1,3130.0,2094512,133723.0,197844.0,3163.0,3163.0,3108.0,3134.3,31948800,3447.7,2820.9,3839.9,2896.0,3135.5,15,1,3135.4,21,3,3135.3,81,3,3135.2,21,3,3135.1,12,2,3135.8,24,1,3135.9,67,3,3136.0,320,4,3136.1,403,3,3136.2,172,1
2031,2026-06-16 12:31:58+05:30,3135.8,1,3130.0,2094512,133662.0,198093.0,3163.0,3163.0,3108.0,3134.3,31948800,3447.7,2820.9,3839.9,2896.0,3135.6,16,1,3135.4,16,2,3135.3,81,3,3135.2,21,3,3135.1,12,2,3135.8,40,2,3135.9,46,2,3136.0,320,4,3136.1,403,3,3136.2,172,1
2031,2026-06-16 12:31:58+05:30,3135.8,1,3130.0,2094512,133662.0,198093.0,3163.0,3163.0,3108.0,3134.3,31948800,3447.7,2820.9,3839.9,2896.0,3135.6,16,1,3135.4,16,2,3135.3,81,3,3135.2,21,3,3135.1,12,2,3135.8,40,2,3135.9,46,2,3136.0,320,4,3136.1,403,3,3136.2,172,1
2031,2026-06-16 12:31:59+05:30,3135.8,1,3130.0,2094513,133718.0,198352.0,3163.0,3163.0,3108.0,3134.3,31948800,3447.7,2820.9,3839.9,2896.0,3135.7,16,1,3135.4,1,1,3135.3,81,3,3135.2,21,3,3135.1,12,2,3135.8,73,3,3135.9,46,2,3136.0,339,5,3136.1,403,3,3136.2,172,1
2031,2026-06-16 12:31:59+05:30,3135.9,1,3130.0,2094513,133718.0,198352.0,3163.0,3163.0,3108.0,3134.3,31948800,3447.7,2820.9,3839.9,2896.0,3135.7,16,1,3135.4,1,1,3135.3,81,3,3135.2,21,3,3135.1,12,2,3135.8,73,3,3135.9,46,2,3136.0,339,5,3136.1,403,3,3136.2,172,1
2031,2026-06-16 12:32:00+05:30,3135.9,1,3130.0,2094513,133718.0,198352.0,3163.0,3163.0,3108.0,3134.3,31948800,3447.7,2820.9,3839.9,2896.0,3135.7,16,1,3135.4,1,1,3135.3,81,3,3135.2,21,3,3135.1,12,2,3135.8,73,3,3135.9,46,2,3136.0,339,5,3136.1,403,3,3136.2,172,1
2031,2026-06-16 12:32:00+05:30,3135.9,1,3130.0,2094787,133510.0,197810.0,3163.0,3163.0,3108.0,3134.3,31948800,3447.7,2820.9,3839.9,2896.0,3135.2,24,4,3135.1,3,2,3135.0,113,9,3134.9,39,4,3134.8,55,4,3135.8,1,1,3135.9,45,2,3136.0,339,5,3136.1,403,3,3136.2,172,1
2031,2026-06-16 12:32:01+05:30,3135.9,1,3130.0,2094787,133571.0,198130.0,3163.0,3163.0,3108.0,3134.3,31948800,3447.7,2820.9,3839.9,2896.0,3135.5,5,3,3135.2,25,5,3135.1,27,4,3135.0,113,9,3134.9,39,4,3135.8,2,2,3135.9,45,2,3136.0,339,5,3136.1,403,3,3136.2,172,1
2031,2026-06-16 12:32:01+05:30,3135.9,6,3130.0,2094787,133571.0,198130.0,3163.0,3163.0,3108.0,3134.3,31948800,3447.7,2820.9,3839.9,2896.0,3135.5,5,3,3135.2,25,5,3135.1,27,4,3135.0,113,9,3134.9,39,4,3135.8,2,2,3135.9,45,2,3136.0,339,5,3136.1,403,3,3136.2,172,1
2031,2026-06-16 12:32:01+05:30,3135.9,6,3130.0,2094787,133571.0,198130.0,3163.0,3163.0,3108.0,3134.3,31948800,3447.7,2820.9,3839.9,2896.0,3135.5,5,3,3135.2,25,5,3135.1,27,4,3135.0,113,9,3134.9,39,4,3135.8,2,2,3135.9,45,2,3136.0,339,5,3136.1,403,3,3136.2,172,1
2031,2026-06-16 12:32:02+05:30,3135.9,6,3130.0,2094796,133932.0,197991.0,3163.0,3163.0,3108.0,3134.3,31948800,3447.7,2820.9,3839.9,2896.0,3135.5,12,6,3135.4,5,1,3135.3,14,2,3135.2,38,5,3135.1,12,3,3135.9,1,1,3136.0,339,5,3136.1,403,3,3136.2,172,1,3136.3,400,2
2031,2026-06-16 12:32:02+05:30,3135.8,1,3130.0,2094796,133932.0,197991.0,3163.0,3163.0,3108.0,3134.3,31948800,3447.7,2820.9,3839.9,2896.0,3135.5,12,6,3135.4,5,1,3135.3,14,2,3135.2,38,5,3135.1,12,3,3135.9,1,1,3136.0,339,5,3136.1,403,3,3136.2,172,1,3136.3,400,2
2031,2026-06-16 12:32:03+05:30,3135.8,1,3130.0,2094797,133954.0,198262.0,3163.0,3163.0,3108.0,3134.3,31948800,3447.7,2820.9,3839.9,2896.0,3135.5,5,3,3135.4,20,2,3135.3,14,2,3135.2,34,5,3135.1,12,3,3135.8,249,1,3135.9,27,3,3136.0,339,5,3136.1,403,3,3136.2,172,1
2031,2026-06-16 12:32:03+05:30,3135.8,4,3130.0,2094797,133954.0,198262.0,3163.0,3163.0,3108.0,3134.3,31948800,3447.7,2820.9,3839.9,2896.0,3135.5,5,3,3135.4,20,2,3135.3,14,2,3135.2,34,5,3135.1,12,3,3135.8,249,1,3135.9,27,3,3136.0,339,5,3136.1,403,3,3136.2,172,1
2031,2026-06-16 12:32:03+05:30,3135.8,4,3130.0,2094797,133954.0,198262.0,3163.0,3163.0,3108.0,3134.3,31948800,3447.7,2820.9,3839.9,2896.0,3135.5,5,3,3135.4,20,2,3135.3,14,2,3135.2,34,5,3135.1,12,3,3135.8,249,1,3135.9,27,3,3136.0,339,5,3136.1,403,3,3136.2,172,1
2031,2026-06-16 12:32:04+05:30,3135.8,1,3130.0,2094802,133944.0,198058.0,3163.0,3163.0,3108.0,3134.3,31948800,3447.7,2820.9,3839.9,2896.0,3135.6,2,1,3135.5,5,3,3135.4,20,2,3135.3,14,2,3135.2,32,4,3135.8,244,1,3135.9,27,3,3136.0,339,5,3136.1,403,3,3136.2,172,1
2031,2026-06-16 12:32:04+05:30,3135.8,143,3130.0,2094802,133944.0,198058.0,3163.0,3163.0,3108.0,3134.3,31948800,3447.7,2820.9,3839.9,2896.0,3135.6,2,1,3135.5,5,3,3135.4,20,2,3135.3,14,2,3135.2,32,4,3135.8,244,1,3135.9,27,3,3136.0,339,5,3136.1,403,3,3136.2,172,1
2031,2026-06-16 12:32:05+05:30,3135.8,143,3130.0,2094946,134014.0,197941.0,3163.0,3163.0,3108.0,3134.3,31948800,3447.7,2820.9,3839.9,2896.0,3135.5,2,2,3135.3,15,1,3135.2,21,3,3135.1,18,3,3135.0,208,11,3135.8,162,3,3135.9,2,2,3136.0,339,5,3136.1,403,3,3136.2,172,1
2031,2026-06-16 12:32:05+05:30,3135.8,143,3130.0,2094946,134014.0,197941.0,3163.0,3163.0,3108.0,3134.3,31948800,3447.7,2820.9,3839.9,2896.0,3135.5,2,2,3135.3,15,1,3135.2,21,3,3135.1,18,3,3135.0,208,11,3135.8,162,3,3135.9,2,2,3136.0,339,5,3136.1,403,3,3136.2,172,1
2031,2026-06-16 12:32:06+05:30,3135.8,143,3130.0,2094946,133964.0,198415.0,3163.0,3163.0,3108.0,3134.3,31948800,3447.7,2820.9,3839.9,2896.0,3135.6,2,2,3135.5,16,1,3135.2,6,2,3135.1,3,2,3135.0,191,10,3135.8,176,4,3135.9,102,3,3136.0,339,5,3136.1,403,3,3136.2,172,1
2031,2026-06-16 12:32:06+05:30,3135.5,40,3130.0,2094946,133964.0,198415.0,3163.0,3163.0,3108.0,3134.3,31948800,3447.7,2820.9,3839.9,2896.0,3135.6,2,2,3135.5,16,1,3135.2,6,2,3135.1,3,2,3135.0,191,10,3135.8,176,4,3135.9,102,3,3136.0,339,5,3136.1,403,3,3136.2,172,1
2031,2026-06-16 12:32:07+05:30,3135.5,1,3130.0,2094992,133869.0,198617.0,3163.0,3163.0,3108.0,3134.3,31948800,3447.7,2820.9,3839.9,2896.0,3135.5,14,1,3135.2,1,1,3135.1,2,1,3135.0,122,6,3134.9,39,4,3135.7,1,1,3135.8,144,4,3135.9,101,2,3136.0,339,5,3136.1,403,3
2031,2026-06-16 12:32:07+05:30,3135.5,1,3130.0,2094992,133869.0,198617.0,3163.0,3163.0,3108.0,3134.3,31948800,3447.7,2820.9,3839.9,2896.0,3135.5,14,1,3135.2,1,1,3135.1,2,1,3135.0,122,6,3134.9,39,4,3135.7,1,1,3135.8,144,4,3135.9,101,2,3136.0,339,5,3136.1,403,3
2031,2026-06-16 12:32:08+05:30,3135.5,1,3130.0,2094992,133869.0,198617.0,3163.0,3163.0,3108.0,3134.3,31948800,3447.7,2820.9,3839.9,2896.0,3135.5,14,1,3135.2,1,1,3135.1,2,1,3135.0,122,6,3134.9,39,4,3135.7,1,1,3135.8,144,4,3135.9,101,2,3136.0,339,5,3136.1,403,3
2031,2026-06-16 12:32:08+05:30,3135.5,1,3130.0,2094992,133928.0,198624.0,3163.0,3163.0,3108.0,3134.3,31948800,3447.7,2820.9,3839.9,2896.0,3135.5,14,1,3135.2,1,1,3135.1,2,1,3135.0,141,7,3134.9,39,4,3135.7,1,1,3135.8,144,4,3135.9,101,2,3136.0,377,6,3136.1,403,3
2031,2026-06-16 12:32:09+05:30,3135.7,1,3130.0,2095007,133367.0,198929.0,3163.0,3163.0,3108.0,3134.3,31948800,3447.7,2820.9,3839.9,2896.0,3135.5,16,1,3135.2,1,1,3135.1,2,1,3135.0,122,6,3134.9,21,2,3135.7,277,4,3135.8,193,5,3135.9,118,3,3136.0,470,9,3136.1,483,5
2031,2026-06-16 12:32:09+05:30,3135.7,1,3130.0,2095007,133367.0,198929.0,3163.0,3163.0,3108.0,3134.3,31948800,3447.7,2820.9,3839.9,2896.0,3135.5,16,1,3135.2,1,1,3135.1,2,1,3135.0,122,6,3134.9,21,2,3135.7,277,4,3135.8,193,5,3135.9,118,3,3136.0,470,9,3136.1,483,5
2031,2026-06-16 12:32:09+05:30,3135.7,1,3130.0,2095007,133367.0,198929.0,3163.0,3163.0,3108.0,3134.3,31948800,3447.7,2820.9,3839.9,2896.0,3135.5,16,1,3135.2,1,1,3135.1,2,1,3135.0,122,6,3134.9,21,2,3135.7,277,4,3135.8,193,5,3135.9,118,3,3136.0,470,9,3136.1,483,5
2031,2026-06-16 12:32:10+05:30,3135.7,1,3130.0,2095009,133359.0,198930.0,3163.0,3163.0,3108.0,3134.3,31948800,3447.7,2820.9,3839.9,2896.0,3135.5,16,1,3135.2,1,1,3135.1,2,1,3135.0,122,6,3134.9,21,2,3135.7,305,6,3135.8,163,3,3135.9,118,3,3136.0,470,9,3136.1,483,5
2031,2026-06-16 12:32:10+05:30,3135.7,8,3130.0,2095009,133359.0,198930.0,3163.0,3163.0,3108.0,3134.3,31948800,3447.7,2820.9,3839.9,2896.0,3135.5,16,1,3135.2,1,1,3135.1,2,1,3135.0,122,6,3134.9,21,2,3135.7,305,6,3135.8,163,3,3135.9,118,3,3136.0,470,9,3136.1,483,5
2031,2026-06-16 12:32:11+05:30,3135.7,8,3130.0,2095009,133359.0,198930.0,3163.0,3163.0,3108.0,3134.3,31948800,3447.7,2820.9,3839.9,2896.0,3135.5,16,1,3135.2,1,1,3135.1,2,1,3135.0,122,6,3134.9,21,2,3135.7,305,6,3135.8,163,3,3135.9,118,3,3136.0,470,9,3136.1,483,5
2031,2026-06-16 12:32:11+05:30,3135.7,8,3130.0,2095017,133592.0,199060.0,3163.0,3163.0,3108.0,3134.3,31948800,3447.7,2820.9,3839.9,2896.0,3135.6,15,1,3135.5,16,1,3135.1,2,1,3135.0,122,6,3134.9,21,2,3135.7,257,4,3135.8,114,2,3135.9,139,3,3136.0,539,6,3136.1,357,6
2031,2026-06-16 12:32:11+05:30,3135.7,8,3130.0,2095017,133592.0,199060.0,3163.0,3163.0,3108.0,3134.3,31948800,3447.7,2820.9,3839.9,2896.0,3135.6,15,1,3135.5,16,1,3135.1,2,1,3135.0,122,6,3134.9,21,2,3135.7,257,4,3135.8,114,2,3135.9,139,3,3136.0,539,6,3136.1,357,6
2031,2026-06-16 12:32:11+05:30,3135.7,11,3130.0,2095017,133592.0,199060.0,3163.0,3163.0,3108.0,3134.3,31948800,3447.7,2820.9,3839.9,2896.0,3135.6,15,1,3135.5,16,1,3135.1,2,1,3135.0,122,6,3134.9,21,2,3135.7,257,4,3135.8,114,2,3135.9,139,3,3136.0,539,6,3136.1,357,6
2031,2026-06-16 12:32:12+05:30,3135.7,11,3130.0,2095219,133837.0,198688.0,3163.0,3163.0,3108.0,3134.3,31948800,3447.7,2820.9,3839.9,2896.0,3135.5,16,1,3135.1,2,1,3135.0,122,6,3134.9,23,3,3134.7,71,3,3135.7,55,3,3135.8,114,2,3135.9,101,2,3136.0,539,6,3136.1,229,3
2031,2026-06-16 12:32:12+05:30,3135.7,11,3130.0,2095219,133837.0,198688.0,3163.0,3163.0,3108.0,3134.3,31948800,3447.7,2820.9,3839.9,2896.0,3135.5,16,1,3135.1,2,1,3135.0,122,6,3134.9,23,3,3134.7,71,3,3135.7,55,3,3135.8,114,2,3135.9,101,2,3136.0,539,6,3136.1,229,3
2031,2026-06-16 12:32:13+05:30,3135.7,11,3130.0,2095219,134079.0,198939.0,3163.0,3163.0,3108.0,3134.3,31948800,3447.7,2820.9,3839.9,2896.0,3135.5,56,2,3135.1,2,1,3135.0,122,6,3134.9,21,2,3134.8,3,1,3135.7,255,4,3135.8,114,2,3135.9,101,2,3136.0,539,6,3136.1,295,4
2031,2026-06-16 12:32:13+05:30,3135.7,11,3130.0,2095219,134079.0,198939.0,3163.0,3163.0,3108.0,3134.3,31948800,3447.7,2820.9,3839.9,2896.0,3135.5,56,2,3135.1,2,1,3135.0,122,6,3134.9,21,2,3134.8,3,1,3135.7,255,4,3135.8,114,2,3135.9,101,2,3136.0,539,6,3136.1,295,4
2031,2026-06-16 12:32:13+05:30,3135.5,5,3130.0,2095219,134079.0,198939.0,3163.0,3163.0,3108.0,3134.3,31948800,3447.7,2820.9,3839.9,2896.0,3135.5,56,2,3135.1,2,1,3135.0,122,6,3134.9,21,2,3134.8,3,1,3135.7,255,4,3135.8,114,2,3135.9,101,2,3136.0,539,6,3136.1,295,4
2031,2026-06-16 12:32:14+05:30,3135.5,1,3130.0,2095225,134103.0,198847.0,3163.0,3163.0,3108.0,3134.3,31948800,3447.7,2820.9,3839.9,2896.0,3135.5,50,2,3135.1,2,1,3135.0,122,6,3134.9,21,2,3134.8,3,1,3135.7,255,4,3135.8,114,2,3135.9,101,2,3136.0,539,6,3136.1,203,2
2031,2026-06-16 12:32:14+05:30,3135.5,1,3130.0,2095225,134103.0,198847.0,3163.0,3163.0,3108.0,3134.3,31948800,3447.7,2820.9,3839.9,2896.0,3135.5,50,2,3135.1,2,1,3135.0,122,6,3134.9,21,2,3134.8,3,1,3135.7,255,4,3135.8,114,2,3135.9,101,2,3136.0,539,6,3136.1,203,2
2031,2026-06-16 12:32:14+05:30,3135.7,1,3130.0,2095225,134103.0,198847.0,3163.0,3163.0,3108.0,3134.3,31948800,3447.7,2820.9,3839.9,2896.0,3135.5,50,2,3135.1,2,1,3135.0,122,6,3134.9,21,2,3134.8,3,1,3135.7,255,4,3135.8,114,2,3135.9,101,2,3136.0,539,6,3136.1,203,2
2031,2026-06-16 12:32:15+05:30,3135.7,1,3130.0,2095226,134139.0,198775.0,3163.0,3163.0,3108.0,3134.3,31948800,3447.7,2820.9,3839.9,2896.0,3135.5,51,3,3135.1,2,1,3135.0,122,6,3134.9,21,2,3134.8,50,3,3135.7,254,4,3135.8,114,2,3135.9,101,2,3136.0,539,6,3136.1,203,2
2031,2026-06-16 12:32:15+05:30,3135.7,1,3130.0,2095226,134139.0,198775.0,3163.0,3163.0,3108.0,3134.3,31948800,3447.7,2820.9,3839.9,2896.0,3135.5,51,3,3135.1,2,1,3135.0,122,6,3134.9,21,2,3134.8,50,3,3135.7,254,4,3135.8,114,2,3135.9,101,2,3136.0,539,6,3136.1,203,2
2031,2026-06-16 12:32:15+05:30,3135.7,1,3130.0,2095226,134139.0,198775.0,3163.0,3163.0,3108.0,3134.3,31948800,3447.7,2820.9,3839.9,2896.0,3135.5,51,3,3135.1,2,1,3135.0,122,6,3134.9,21,2,3134.8,50,3,3135.7,254,4,3135.8,114,2,3135.9,101,2,3136.0,539,6,3136.1,203,2
2031,2026-06-16 12:32:15+05:30,3135.7,1,3130.0,2095226,134139.0,198775.0,3163.0,3163.0,3108.0,3134.3,31948800,3447.7,2820.9,3839.9,2896.0,3135.5,51,3,3135.1,2,1,3135.0,122,6,3134.9,21,2,3134.8,50,3,3135.7,254,4,3135.8,114,2,3135.9,101,2,3136.0,539,6,3136.1,203,2
2031,2026-06-16 12:32:16+05:30,3135.5,10,3130.0,2095294,134155.0,198834.0,3163.0,3163.0,3108.0,3134.3,31948800,3447.7,2820.9,3839.9,2896.0,3135.5,62,4,3135.3,5,1,3135.2,14,1,3135.1,18,3,3135.0,161,9,3135.7,253,4,3135.8,114,2,3135.9,101,2,3136.0,539,6,3136.1,203,2
2031,2026-06-16 12:32:16+05:30,3135.5,10,3130.0,2095294,134155.0,198834.0,3163.0,3163.0,3108.0,3134.3,31948800,3447.7,2820.9,3839.9,2896.0,3135.5,62,4,3135.3,5,1,3135.2,14,1,3135.1,18,3,3135.0,161,9,3135.7,253,4,3135.8,114,2,3135.9,101,2,3136.0,539,6,3136.1,203,2
2031,2026-06-16 12:32:16+05:30,3135.5,36,3130.0,2095294,134155.0,198834.0,3163.0,3163.0,3108.0,3134.3,31948800,3447.7,2820.9,3839.9,2896.0,3135.5,62,4,3135.3,5,1,3135.2,14,1,3135.1,18,3,3135.0,161,9,3135.7,253,4,3135.8,114,2,3135.9,101,2,3136.0,539,6,3136.1,203,2
2031,2026-06-16 12:32:17+05:30,3135.5,36,3130.0,2095336,134006.0,199007.0,3163.0,3163.0,3108.0,3134.3,31948800,3447.7,2820.9,3839.9,2896.0,3135.5,41,4,3135.1,2,1,3135.0,131,7,3134.9,41,4,3134.8,14,1,3135.7,342,5,3135.8,114,2,3135.9,101,2,3136.0,539,6,3136.1,203,2
2031,2026-06-16 12:32:17+05:30,3135.5,36,3130.0,2095336,134006.0,199007.0,3163.0,3163.0,3108.0,3134.3,31948800,3447.7,2820.9,3839.9,2896.0,3135.5,41,4,3135.1,2,1,3135.0,131,7,3134.9,41,4,3134.8,14,1,3135.7,342,5,3135.8,114,2,3135.9,101,2,3136.0,539,6,3136.1,203,2
2031,2026-06-16 12:32:18+05:30,3135.5,36,3130.0,2095336,133987.0,199005.0,3163.0,3163.0,3108.0,3134.3,31948800,3447.7,2820.9,3839.9,2896.0,3135.5,41,4,3135.1,2,1,3135.0,131,7,3134.9,41,4,3134.8,14,1,3135.7,342,5,3135.8,114,2,3135.9,101,2,3136.0,539,6,3136.1,203,2
2031,2026-06-16 12:32:18+05:30,3135.5,36,3130.0,2095336,133987.0,199005.0,3163.0,3163.0,3108.0,3134.3,31948800,3447.7,2820.9,3839.9,2896.0,3135.5,41,4,3135.1,2,1,3135.0,131,7,3134.9,41,4,3134.8,14,1,3135.7,342,5,3135.8,114,2,3135.9,101,2,3136.0,539,6,3136.1,203,2
2031,2026-06-16 12:32:18+05:30,3135.6,2,3130.0,2095336,133987.0,199005.0,3163.0,3163.0,3108.0,3134.3,31948800,3447.7,2820.9,3839.9,2896.0,3135.5,41,4,3135.1,2,1,3135.0,131,7,3134.9,41,4,3134.8,14,1,3135.7,342,5,3135.8,114,2,3135.9,101,2,3136.0,539,6,3136.1,203,2
2031,2026-06-16 12:32:19+05:30,3135.6,2,3130.0,2095338,134357.0,198909.0,3163.0,3163.0,3108.0,3134.3,31948800,3447.7,2820.9,3839.9,2896.0,3135.6,14,1,3135.5,41,4,3135.1,2,1,3135.0,230,9,3134.9,41,4,3135.7,342,5,3135.8,114,2,3135.9,101,2,3136.0,539,6,3136.1,203,2
2031,2026-06-16 12:32:19+05:30,3135.6,2,3130.0,2095338,134357.0,198909.0,3163.0,3163.0,3108.0,3134.3,31946400,3447.7,2820.9,3839.9,2896.0,3135.6,14,1,3135.5,41,4,3135.1,2,1,3135.0,230,9,3134.9,41,4,3135.7,342,5,3135.8,114,2,3135.9,101,2,3136.0,539,6,3136.1,203,2
2031,2026-06-16 12:32:19+05:30,3135.7,1,3130.0,2095338,134357.0,198909.0,3163.0,3163.0,3108.0,3134.3,31946400,3447.7,2820.9,3839.9,2896.0,3135.6,14,1,3135.5,41,4,3135.1,2,1,3135.0,230,9,3134.9,41,4,3135.7,342,5,3135.8,114,2,3135.9,101,2,3136.0,539,6,3136.1,203,2
2031,2026-06-16 12:32:20+05:30,3135.7,1,3130.0,2095555,134297.0,198785.0,3163.0,3163.0,3108.0,3134.3,31946400,3447.7,2820.9,3839.9,2896.0,3135.5,17,3,3135.1,2,1,3135.0,211,9,3134.9,55,6,3134.8,17,2,3135.7,140,4,3135.8,114,2,3135.9,101,2,3136.0,539,6,3136.1,203,2
2031,2026-06-16 12:32:21+05:30,3135.7,1,3130.0,2095555,134297.0,198872.0,3163.0,3163.0,3108.0,3134.3,31946400,3447.7,2820.9,3839.9,2896.0,3135.5,17,3,3135.1,2,1,3135.0,197,8,3134.9,55,6,3134.8,17,2,3135.7,182,5,3135.8,114,2,3135.9,101,2,3136.0,539,6,3136.1,203,2
2031,2026-06-16 12:32:21+05:30,3135.0,18,3130.0,2095555,134297.0,198872.0,3163.0,3163.0,3108.0,3134.3,31946400,3447.7,2820.9,3839.9,2896.0,3135.5,17,3,3135.1,2,1,3135.0,197,8,3134.9,55,6,3134.8,17,2,3135.7,182,5,3135.8,114,2,3135.9,101,2,3136.0,539,6,3136.1,203,2
2031,2026-06-16 12:32:22+05:30,3135.7,1,3130.0,2095656,134410.0,198786.0,3163.0,3163.0,3108.0,3134.3,31946400,3447.7,2820.9,3839.9,2896.0,3135.2,12,1,3135.1,73,6,3135.0,208,12,3134.9,44,5,3134.8,28,2,3135.7,181,5,3135.8,114,2,3135.9,101,2,3136.0,539,6,3136.1,203,2
2031,2026-06-16 12:32:22+05:30,3135.7,1,3130.0,2095656,134410.0,198786.0,3163.0,3163.0,3108.0,3134.3,31946400,3447.7,2820.9,3839.9,2896.0,3135.2,12,1,3135.1,73,6,3135.0,208,12,3134.9,44,5,3134.8,28,2,3135.7,181,5,3135.8,114,2,3135.9,101,2,3136.0,539,6,3136.1,203,2
2031,2026-06-16 12:32:23+05:30,3135.7,1,3130.0,2095656,134410.0,198772.0,3163.0,3163.0,3108.0,3134.3,31946400,3447.7,2820.9,3839.9,2896.0,3135.2,12,1,3135.1,73,6,3135.0,208,12,3134.9,44,5,3134.8,28,2,3135.7,167,4,3135.8,114,2,3135.9,101,2,3136.0,539,6,3136.1,203,2
2031,2026-06-16 12:32:23+05:30,3135.2,1,3130.0,2095656,134410.0,198772.0,3163.0,3163.0,3108.0,3134.3,31946400,3447.7,2820.9,3839.9,2896.0,3135.2,12,1,3135.1,73,6,3135.0,208,12,3134.9,44,5,3134.8,28,2,3135.7,167,4,3135.8,114,2,3135.9,101,2,3136.0,539,6,3136.1,203,2
2031,2026-06-16 12:32:24+05:30,3135.7,44,3130.0,2095725,134261.0,198681.0,3163.0,3163.0,3108.0,3134.3,31946400,3447.7,2820.9,3839.9,2896.0,3135.2,11,1,3135.1,42,5,3135.0,224,13,3134.9,79,7,3134.8,31,3,3135.7,135,4,3135.8,114,2,3135.9,101,2,3136.0,539,6,3136.1,203,2
2031,2026-06-16 12:32:24+05:30,3135.7,44,3130.0,2095725,134261.0,198681.0,3163.0,3163.0,3108.0,3134.3,31946400,3447.7,2820.9,3839.9,2896.0,3135.2,11,1,3135.1,42,5,3135.0,224,13,3134.9,79,7,3134.8,31,3,3135.7,135,4,3135.8,114,2,3135.9,101,2,3136.0,539,6,3136.1,203,2
2031,2026-06-16 12:32:25+05:30,3135.7,1,3130.0,2095726,134470.0,198525.0,3163.0,3163.0,3108.0,3134.3,31946400,3447.7,2820.9,3839.9,2896.0,3135.2,76,5,3135.1,37,4,3135.0,222,13,3134.9,79,7,3134.8,31,3,3135.7,134,4,3135.8,114,2,3135.9,101,2,3136.0,539,6,3136.1,203,2
2031,2026-06-16 12:32:25+05:30,3135.7,1,3130.0,2095726,134470.0,198525.0,3163.0,3163.0,3108.0,3134.3,31946400,3447.7,2820.9,3839.9,2896.0,3135.2,76,5,3135.1,37,4,3135.0,222,13,3134.9,79,7,3134.8,31,3,3135.7,134,4,3135.8,114,2,3135.9,101,2,3136.0,539,6,3136.1,203,2
2031,2026-06-16 12:32:26+05:30,3135.7,1,3130.0,2095726,134533.0,198525.0,3163.0,3163.0,3108.0,3134.3,31946400,3447.7,2820.9,3839.9,2896.0,3135.2,76,5,3135.1,37,4,3135.0,522,14,3134.9,79,7,3134.8,31,3,3135.7,134,4,3135.8,114,2,3135.9,101,2,3136.0,539,6,3136.1,203,2
2031,2026-06-16 12:32:27+05:30,3135.7,1,3130.0,2095726,134669.0,198466.0,3163.0,3163.0,3108.0,3134.3,31946400,3447.7,2820.9,3839.9,2896.0,3135.3,12,1,3135.2,102,7,3135.1,38,5,3135.0,604,15,3134.9,79,7,3135.7,134,4,3135.8,114,2,3135.9,101,2,3136.0,539,6,3136.1,203,2
2031,2026-06-16 12:32:28+05:30,3135.7,1,3130.0,2095726,134669.0,198466.0,3163.0,3163.0,3108.0,3134.3,31946400,3447.7,2820.9,3839.9,2896.0,3135.3,12,1,3135.2,102,7,3135.1,38,5,3135.0,604,15,3134.9,79,7,3135.7,134,4,3135.8,114,2,3135.9,101,2,3136.0,539,6,3136.1,203,2
2031,2026-06-16 12:32:28+05:30,3135.7,1,3130.0,2095777,134670.0,198490.0,3163.0,3163.0,3108.0,3134.3,31946400,3447.7,2820.9,3839.9,2896.0,3135.3,12,1,3135.2,102,7,3135.1,38,5,3135.0,604,15,3134.9,79,7,3135.7,97,5,3135.8,114,2,3135.9,101,2,3136.0,539,6,3136.1,203,2
2031,2026-06-16 12:32:29+05:30,3135.7,1,3130.0,2095777,134668.0,198477.0,3163.0,3163.0,3108.0,3134.3,31946400,3447.7,2820.9,3839.9,2896.0,3135.6,40,5,3135.4,41,4,3135.3,51,3,3135.2,74,4,3135.1,18,4,3135.7,122,6,3135.8,114,2,3135.9,101,2,3136.0,539,6,3136.1,203,2
2031,2026-06-16 12:32:30+05:30,3135.7,25,3130.0,2095777,134668.0,198477.0,3163.0,3163.0,3108.0,3134.3,31946400,3447.7,2820.9,3839.9,2896.0,3135.6,40,5,3135.4,41,4,3135.3,51,3,3135.2,74,4,3135.1,18,4,3135.7,122,6,3135.8,114,2,3135.9,101,2,3136.0,539,6,3136.1,203,2
2031,2026-06-16 12:32:30+05:30,3135.7,25,3130.0,2095902,134756.0,198584.0,3163.0,3163.0,3108.0,3134.3,31946400,3447.7,2820.9,3839.9,2896.0,3135.7,6,3,3135.6,13,2,3135.4,30,3,3135.3,51,3,3135.2,74,4,3135.8,114,2,3135.9,101,2,3136.0,539,6,3136.1,203,2,3136.2,172,1
2031,2026-06-16 12:32:31+05:30,3135.6,11,3130.0,2095902,134756.0,198584.0,3163.0,3163.0,3108.0,3134.3,31946400,3447.7,2820.9,3839.9,2896.0,3135.7,6,3,3135.6,13,2,3135.4,30,3,3135.3,51,3,3135.2,74,4,3135.8,114,2,3135.9,101,2,3136.0,539,6,3136.1,203,2,3136.2,172,1
2031,2026-06-16 12:32:32+05:30,3135.6,11,3130.0,2095983,134234.0,198800.0,3163.0,3163.0,3108.0,3134.3,31946400,3447.7,2820.9,3839.9,2896.0,3135.5,12,1,3135.4,26,2,3135.3,51,3,3135.2,74,4,3135.1,32,5,3135.6,369,2,3135.8,114,2,3135.9,101,2,3136.0,539,6,3136.1,203,2
2031,2026-06-16 12:32:32+05:30,3135.6,150,3130.0,2095983,134234.0,198800.0,3163.0,3163.0,3108.0,3134.3,31946400,3447.7,2820.9,3839.9,2896.0,3135.5,12,1,3135.4,26,2,3135.3,51,3,3135.2,74,4,3135.1,32,5,3135.6,369,2,3135.8,114,2,3135.9,101,2,3136.0,539,6,3136.1,203,2
2031,2026-06-16 12:32:33+05:30,3135.6,150,3130.01,2096133,134317.0,198699.0,3163.0,3163.0,3108.0,3134.3,31946400,3447.7,2820.9,3839.9,2896.0,3135.5,12,1,3135.4,26,2,3135.3,51,3,3135.2,74,4,3135.1,32,5,3135.6,219,2,3135.8,115,3,3135.9,101,2,3136.0,539,6,3136.1,203,2
2031,2026-06-16 12:32:33+05:30,3135.6,6,3130.01,2096133,134317.0,198699.0,3163.0,3163.0,3108.0,3134.3,31946400,3447.7,2820.9,3839.9,2896.0,3135.5,12,1,3135.4,26,2,3135.3,51,3,3135.2,74,4,3135.1,32,5,3135.6,219,2,3135.8,115,3,3135.9,101,2,3136.0,539,6,3136.1,203,2
2031,2026-06-16 12:32:34+05:30,3135.6,6,3130.01,2096158,134092.0,198831.0,3163.0,3163.0,3108.0,3134.3,31946400,3447.7,2820.9,3839.9,2896.0,3135.5,12,1,3135.4,26,2,3135.3,46,2,3135.2,74,4,3135.1,32,5,3135.6,235,3,3135.8,115,3,3135.9,101,2,3136.0,539,6,3136.1,203,2
2031,2026-06-16 12:32:34+05:30,3135.5,2,3130.01,2096158,134092.0,198831.0,3163.0,3163.0,3108.0,3134.3,31946400,3447.7,2820.9,3839.9,2896.0,3135.5,12,1,3135.4,26,2,3135.3,46,2,3135.2,74,4,3135.1,32,5,3135.6,235,3,3135.8,115,3,3135.9,101,2,3136.0,539,6,3136.1,203,2
2031,2026-06-16 12:32:35+05:30,3135.5,2,3130.01,2096163,134035.0,198826.0,3163.0,3163.0,3108.0,3134.3,31946400,3447.7,2820.9,3839.9,2896.0,3135.5,8,1,3135.4,26,2,3135.3,46,2,3135.2,74,4,3135.1,32,5,3135.6,234,3,3135.8,115,3,3135.9,101,2,3136.0,539,6,3136.1,203,2
2031,2026-06-16 12:32:35+05:30,3135.6,1,3130.01,2096163,134035.0,198826.0,3163.0,3163.0,3108.0,3134.3,31946400,3447.7,2820.9,3839.9,2896.0,3135.5,8,1,3135.4,26,2,3135.3,46,2,3135.2,74,4,3135.1,32,5,3135.6,234,3,3135.8,115,3,3135.9,101,2,3136.0,539,6,3136.1,203,2
2031,2026-06-16 12:32:36+05:30,3135.6,1,3130.01,2096165,134133.0,198786.0,3163.0,3163.0,3108.0,3134.3,31946400,3447.7,2820.9,3839.9,2896.0,3135.5,23,2,3135.4,12,1,3135.3,60,3,3135.2,59,3,3135.1,32,5,3135.6,232,3,3135.8,101,2,3135.9,101,2,3136.0,539,6,3136.1,203,2
2031,2026-06-16 12:32:37+05:30,3135.6,1,3130.01,2096165,134000.0,198971.0,3163.0,3163.0,3108.0,3134.3,31946400,3447.7,2820.9,3839.9,2896.0,3135.5,15,1,3135.4,15,1,3135.3,41,1,3135.2,54,2,3135.1,24,4,3135.6,232,3,3135.7,200,1,3135.8,101,2,3135.9,101,2,3136.0,539,6
2031,2026-06-16 12:32:37+05:30,3135.6,25,3130.01,2096165,134000.0,198971.0,3163.0,3163.0,3108.0,3134.3,31946400,3447.7,2820.9,3839.9,2896.0,3135.5,15,1,3135.4,15,1,3135.3,41,1,3135.2,54,2,3135.1,24,4,3135.6,232,3,3135.7,200,1,3135.8,101,2,3135.9,101,2,3136.0,539,6
2031,2026-06-16 12:32:38+05:30,3135.6,25,3130.01,2096190,134032.0,199098.0,3163.0,3163.0,3108.0,3134.3,31946400,3447.7,2820.9,3839.9,2896.0,3135.5,30,2,3135.4,14,1,3135.3,41,1,3135.2,54,2,3135.1,24,4,3135.6,207,3,3135.7,200,1,3135.8,101,2,3135.9,101,2,3136.0,539,6
2031,2026-06-16 12:32:39+05:30,3135.6,25,3130.01,2096190,134033.0,199093.0,3163.0,3163.0,3108.0,3134.3,31946400,3447.7,2820.9,3839.9,2896.0,3135.5,30,2,3135.4,14,1,3135.3,41,1,3135.2,54,2,3135.1,24,4,3135.6,207,3,3135.7,200,1,3135.8,101,2,3135.9,101,2,3136.0,539,6
2031,2026-06-16 12:32:40+05:30,3135.6,147,3130.01,2096337,133996.0,198963.0,3163.0,3163.0,3108.0,3134.3,31946400,3447.7,2820.9,3839.9,2896.0,3135.5,32,2,3135.4,15,1,3135.3,41,1,3135.2,83,3,3135.1,24,4,3135.6,76,4,3135.7,200,1,3135.8,101,2,3135.9,101,2,3136.0,539,6
2031,2026-06-16 12:32:40+05:30,3135.6,147,3130.01,2096337,133996.0,198963.0,3163.0,3163.0,3108.0,3134.3,31946400,3447.7,2820.9,3839.9,2896.0,3135.5,32,2,3135.4,15,1,3135.3,41,1,3135.2,83,3,3135.1,24,4,3135.6,76,4,3135.7,200,1,3135.8,101,2,3135.9,101,2,3136.0,539,6
2031,2026-06-16 12:32:41+05:30,3135.6,1,3130.01,2096338,134050.0,198985.0,3163.0,3163.0,3108.0,3134.3,31946400,3447.7,2820.9,3839.9,2896.0,3135.5,32,2,3135.4,15,1,3135.3,41,1,3135.2,83,3,3135.1,24,4,3135.6,89,5,3135.7,200,1,3135.8,101,2,3135.9,101,2,3136.0,539,6
2031,2026-06-16 12:32:41+05:30,3135.9,71,3130.01,2096338,134050.0,198985.0,3163.0,3163.0,3108.0,3134.3,31946400,3447.7,2820.9,3839.9,2896.0,3135.5,32,2,3135.4,15,1,3135.3,41,1,3135.2,83,3,3135.1,24,4,3135.6,89,5,3135.7,200,1,3135.8,101,2,3135.9,101,2,3136.0,539,6
2031,2026-06-16 12:32:42+05:30,3135.6,12,3130.01,2096851,134278.0,198635.0,3163.0,3163.0,3108.0,3134.3,31946400,3447.7,2820.9,3839.9,2896.0,3135.5,32,2,3135.4,15,1,3135.3,41,1,3135.2,55,2,3135.1,22,4,3135.6,13,1,3135.9,429,3,3136.0,339,5,3136.1,172,1,3136.2,200,1
2031,2026-06-16 12:32:42+05:30,3135.6,12,3130.01,2096851,134278.0,198635.0,3163.0,3163.0,3108.0,3134.3,31946400,3447.7,2820.9,3839.9,2896.0,3135.5,32,2,3135.4,15,1,3135.3,41,1,3135.2,55,2,3135.1,22,4,3135.6,13,1,3135.9,429,3,3136.0,339,5,3136.1,172,1,3136.2,200,1
2031,2026-06-16 12:32:43+05:30,3135.5,10,3130.01,2097051,134151.0,198582.0,3163.0,3163.0,3108.0,3134.3,31946400,3447.7,2820.9,3839.9,2896.0,3135.5,22,2,3135.4,15,1,3135.3,45,2,3135.2,55,2,3135.1,28,5,3135.6,13,1,3135.9,429,3,3136.0,339,5,3136.1,172,1,3136.2,200,1
2031,2026-06-16 12:32:43+05:30,3135.5,10,3130.01,2097051,134151.0,198582.0,3163.0,3163.0,3108.0,3134.3,31946400,3447.7,2820.9,3839.9,2896.0,3135.5,22,2,3135.4,15,1,3135.3,45,2,3135.2,55,2,3135.1,28,5,3135.6,13,1,3135.9,429,3,3136.0,339,5,3136.1,172,1,3136.2,200,1
2031,2026-06-16 12:32:44+05:30,3135.5,10,3130.01,2097051,134243.0,198510.0,3163.0,3163.0,3108.0,3134.3,31946400,3447.7,2820.9,3839.9,2896.0,3135.5,41,6,3135.4,14,1,3135.3,49,3,3135.2,69,3,3135.1,28,5,3135.6,13,1,3135.9,429,3,3136.0,339,5,3136.1,172,1,3136.2,200,1
2031,2026-06-16 12:32:45+05:30,3135.5,10,3130.01,2097051,134243.0,198510.0,3163.0,3163.0,3108.0,3134.3,31946400,3447.7,2820.9,3839.9,2896.0,3135.5,41,6,3135.4,14,1,3135.3,49,3,3135.2,69,3,3135.1,28,5,3135.6,13,1,3135.9,429,3,3136.0,339,5,3136.1,172,1,3136.2,200,1
2031,2026-06-16 12:32:45+05:30,3135.3,32,3130.01,2097051,134243.0,198510.0,3163.0,3163.0,3108.0,3134.3,31946400,3447.7,2820.9,3839.9,2896.0,3135.5,41,6,3135.4,14,1,3135.3,49,3,3135.2,69,3,3135.1,28,5,3135.6,13,1,3135.9,429,3,3136.0,339,5,3136.1,172,1,3136.2,200,1
2031,2026-06-16 12:32:46+05:30,3135.6,1,3130.01,2097258,134149.0,198545.0,3163.0,3163.0,3108.0,3134.3,31946400,3447.7,2820.9,3839.9,2896.0,3135.4,32,4,3135.3,41,5,3135.2,72,5,3135.1,26,4,3135.0,432,11,3135.6,7,1,3135.9,429,3,3136.0,339,5,3136.1,172,1,3136.2,200,1
2031,2026-06-16 12:32:46+05:30,3135.6,1,3130.01,2097258,134149.0,198545.0,3163.0,3163.0,3108.0,3134.3,31946400,3447.7,2820.9,3839.9,2896.0,3135.4,32,4,3135.3,41,5,3135.2,72,5,3135.1,26,4,3135.0,432,11,3135.6,7,1,3135.9,429,3,3136.0,339,5,3136.1,172,1,3136.2,200,1
2031,2026-06-16 12:32:47+05:30,3135.6,7,3130.01,2097265,134233.0,198784.0,3163.0,3163.0,3108.0,3134.3,31946400,3447.7,2820.9,3839.9,2896.0,3135.6,23,1,3135.4,32,4,3135.3,36,5,3135.2,87,6,3135.1,12,3,3135.9,429,3,3136.0,339,5,3136.1,172,1,3136.2,200,1,3136.3,400,2
2031,2026-06-16 12:32:47+05:30,3135.6,7,3130.01,2097265,134233.0,198784.0,3163.0,3163.0,3108.0,3134.3,31946400,3447.7,2820.9,3839.9,2896.0,3135.6,23,1,3135.4,32,4,3135.3,36,5,3135.2,87,6,3135.1,12,3,3135.9,429,3,3136.0,339,5,3136.1,172,1,3136.2,200,1,3136.3,400,2
2031,2026-06-16 12:32:48+05:30,3135.6,7,3130.01,2097265,134220.0,198929.0,3163.0,3163.0,3108.0,3134.3,31946400,3447.7,2820.9,3839.9,2896.0,3135.6,33,3,3135.4,34,4,3135.3,24,4,3135.2,87,6,3135.1,12,3,3135.9,471,4,3136.0,339,5,3136.1,172,1,3136.2,200,1,3136.3,400,2
2031,2026-06-16 12:32:48+05:30,3135.9,1,3130.01,2097265,134220.0,198929.0,3163.0,3163.0,3108.0,3134.3,31946400,3447.7,2820.9,3839.9,2896.0,3135.6,33,3,3135.4,34,4,3135.3,24,4,3135.2,87,6,3135.1,12,3,3135.9,471,4,3136.0,339,5,3136.1,172,1,3136.2,200,1,3136.3,400,2
2031,2026-06-16 12:32:49+05:30,3135.9,1,3130.01,2097266,134220.0,198929.0,3163.0,3163.0,3108.0,3134.3,31946400,3447.7,2820.9,3839.9,2896.0,3135.6,33,3,3135.4,34,4,3135.3,24,4,3135.2,87,6,3135.1,12,3,3135.9,470,4,3136.0,339,5,3136.1,172,1,3136.2,200,1,3136.3,400,2
2031,2026-06-16 12:32:49+05:30,3135.5,1,3130.01,2097266,134220.0,198929.0,3163.0,3163.0,3108.0,3134.3,31946400,3447.7,2820.9,3839.9,2896.0,3135.6,33,3,3135.4,34,4,3135.3,24,4,3135.2,87,6,3135.1,12,3,3135.9,470,4,3136.0,339,5,3136.1,172,1,3136.2,200,1,3136.3,400,2
2031,2026-06-16 12:32:50+05:30,3135.5,1,3130.01,2097466,134066.0,198642.0,3163.0,3163.0,3108.0,3134.3,31946400,3447.7,2820.9,3839.9,2896.0,3135.3,16,2,3135.2,58,4,3135.1,6,2,3135.0,416,9,3134.9,41,4,3135.9,104,3,3136.0,539,6,3136.1,200,1,3136.2,172,1,3136.3,400,2
2031,2026-06-16 12:32:51+05:30,3135.5,1,3130.01,2097466,134203.0,198794.0,3163.0,3163.0,3108.0,3134.3,31946400,3447.7,2820.9,3839.9,2896.0,3135.3,33,4,3135.2,43,3,3135.1,6,2,3135.0,416,9,3134.9,68,5,3135.9,204,4,3136.0,539,6,3136.1,200,1,3136.2,172,1,3136.3,400,2
2031,2026-06-16 12:32:51+05:30,3135.9,1,3130.01,2097466,134203.0,198794.0,3163.0,3163.0,3108.0,3134.3,31946400,3447.7,2820.9,3839.9,2896.0,3135.3,33,4,3135.2,43,3,3135.1,6,2,3135.0,416,9,3134.9,68,5,3135.9,204,4,3136.0,539,6,3136.1,200,1,3136.2,172,1,3136.3,400,2
2031,2026-06-16 12:32:52+05:30,3135.9,1,3130.01,2097467,134070.0,198994.0,3163.0,3163.0,3108.0,3134.3,31946400,3447.7,2820.9,3839.9,2896.0,3135.5,2,1,3135.3,33,4,3135.2,43,3,3135.1,6,2,3135.0,416,9,3135.6,1,1,3135.9,203,4,3136.0,539,6,3136.1,200,1,3136.2,172,1
2031,2026-06-16 12:32:53+05:30,3135.9,1,3130.01,2097467,134157.0,199004.0,3163.0,3163.0,3108.0,3134.3,31946400,3447.7,2820.9,3839.9,2896.0,3135.5,2,1,3135.3,33,4,3135.2,43,3,3135.1,6,2,3135.0,416,9,3135.6,1,1,3135.9,203,4,3136.0,549,7,3136.1,200,1,3136.2,172,1
2031,2026-06-16 12:32:54+05:30,3135.5,1,3130.01,2097468,134150.0,199004.0,3163.0,3163.0,3108.0,3134.3,31946400,3447.7,2820.9,3839.9,2896.0,3135.5,1,1,3135.3,33,4,3135.2,43,3,3135.1,6,2,3135.0,416,9,3135.6,1,1,3135.9,203,4,3136.0,549,7,3136.1,200,1,3136.2,172,1
2031,2026-06-16 12:32:54+05:30,3135.6,1,3130.01,2097468,134150.0,199004.0,3163.0,3163.0,3108.0,3134.3,31946400,3447.7,2820.9,3839.9,2896.0,3135.5,1,1,3135.3,33,4,3135.2,43,3,3135.1,6,2,3135.0,416,9,3135.6,1,1,3135.9,203,4,3136.0,549,7,3136.1,200,1,3136.2,172,1
2031,2026-06-16 12:32:55+05:30,3135.6,1,3130.01,2097474,134169.0,199010.0,3163.0,3163.0,3108.0,3134.3,31946400,3447.7,2820.9,3839.9,2896.0,3135.5,3,2,3135.4,15,1,3135.3,28,3,3135.2,55,4,3135.1,6,2,3135.9,203,4,3136.0,549,7,3136.1,200,1,3136.2,172,1,3136.3,400,2
2031,2026-06-16 12:32:56+05:30,3135.6,1,3130.01,2097474,134172.0,198997.0,3163.0,3163.0,3108.0,3134.3,31946400,3447.7,2820.9,3839.9,2896.0,3135.5,3,2,3135.3,28,3,3135.2,43,3,3135.1,6,2,3135.0,442,10,3135.9,204,5,3136.0,549,7,3136.1,200,1,3136.2,172,1,3136.3,400,2
2031,2026-06-16 12:32:56+05:30,3135.9,31,3130.01,2097474,134172.0,198997.0,3163.0,3163.0,3108.0,3134.3,31946400,3447.7,2820.9,3839.9,2896.0,3135.5,3,2,3135.3,28,3,3135.2,43,3,3135.1,6,2,3135.0,442,10,3135.9,204,5,3136.0,549,7,3136.1,200,1,3136.2,172,1,3136.3,400,2
2031,2026-06-16 12:32:57+05:30,3135.9,1,3130.01,2097575,134146.0,199149.0,3163.0,3163.0,3108.0,3134.3,31946400,3447.7,2820.9,3839.9,2896.0,3135.6,15,1,3135.5,3,2,3135.3,16,2,3135.2,40,1,3135.1,1,1,3135.9,129,4,3136.0,549,7,3136.1,200,1,3136.2,172,1,3136.3,438,3
2031,2026-06-16 12:32:57+05:30,3135.9,1,3130.01,2097575,134146.0,199149.0,3163.0,3163.0,3108.0,3134.3,31946400,3447.7,2820.9,3839.9,2896.0,3135.6,15,1,3135.5,3,2,3135.3,16,2,3135.2,40,1,3135.1,1,1,3135.9,129,4,3136.0,549,7,3136.1,200,1,3136.2,172,1,3136.3,438,3
2031,2026-06-16 12:32:58+05:30,3135.9,1,3130.01,2097575,134194.0,199224.0,3163.0,3163.0,3108.0,3134.3,31946400,3447.7,2820.9,3839.9,2896.0,3135.6,15,1,3135.5,3,2,3135.3,16,2,3135.2,40,1,3135.1,1,1,3135.9,129,4,3136.0,587,8,3136.1,200,1,3136.2,264,3,3136.3,486,4
2031,2026-06-16 12:32:58+05:30,3135.0,18,3130.01,2097575,134194.0,199224.0,3163.0,3163.0,3108.0,3134.3,31946400,3447.7,2820.9,3839.9,2896.0,3135.6,15,1,3135.5,3,2,3135.3,16,2,3135.2,40,1,3135.1,1,1,3135.9,129,4,3136.0,587,8,3136.1,200,1,3136.2,264,3,3136.3,486,4
2031,2026-06-16 12:32:59+05:30,3135.0,18,3130.01,2097875,134015.0,199118.0,3163.0,3163.0,3108.0,3134.3,31946400,3447.7,2820.9,3839.9,2896.0,3135.1,12,1,3135.0,383,8,3134.9,74,6,3134.8,16,1,3134.7,59,4,3135.9,129,4,3136.0,549,7,3136.1,200,1,3136.2,210,2,3136.3,497,4
2031,2026-06-16 12:33:00+05:30,3135.0,18,3130.01,2097875,133877.0,199199.0,3163.0,3163.0,3108.0,3134.3,31946400,3447.7,2820.9,3839.9,2896.0,3135.1,12,1,3135.0,399,9,3134.9,74,6,3134.8,16,1,3134.7,59,4,3135.9,130,5,3136.0,549,7,3136.1,200,1,3136.2,210,2,3136.3,589,6
2031,2026-06-16 12:33:00+05:30,3135.0,18,3130.01,2097875,133877.0,199199.0,3163.0,3163.0,3108.0,3134.3,31946400,3447.7,2820.9,3839.9,2896.0,3135.1,12,1,3135.0,399,9,3134.9,74,6,3134.8,16,1,3134.7,59,4,3135.9,130,5,3136.0,549,7,3136.1,200,1,3136.2,210,2,3136.3,589,6
2031,2026-06-16 12:33:01+05:30,3135.0,18,3130.01,2097875,134154.0,199287.0,3163.0,3163.0,3108.0,3134.3,31946400,3447.7,2820.9,3839.9,2896.0,3135.5,2,2,3135.1,51,2,3135.0,399,9,3134.9,74,6,3134.8,16,1,3135.9,130,5,3136.0,549,7,3136.1,200,1,3136.2,210,2,3136.3,454,3
2031,2026-06-16 12:33:01+05:30,3135.1,45,3130.01,2097875,134154.0,199287.0,3163.0,3163.0,3108.0,3134.3,31946400,3447.7,2820.9,3839.9,2896.0,3135.5,2,2,3135.1,51,2,3135.0,399,9,3134.9,74,6,3134.8,16,1,3135.9,130,5,3136.0,549,7,3136.1,200,1,3136.2,210,2,3136.3,454,3
2031,2026-06-16 12:33:01+05:30,3135.1,45,3130.01,2097875,134154.0,199287.0,3163.0,3163.0,3108.0,3134.3,31946400,3447.7,2820.9,3839.9,2896.0,3135.5,2,2,3135.1,51,2,3135.0,399,9,3134.9,74,6,3134.8,16,1,3135.9,130,5,3136.0,549,7,3136.1,200,1,3136.2,210,2,3136.3,454,3
2031,2026-06-16 12:33:02+05:30,3135.9,1,3130.01,2097927,134248.0,199115.0,3163.0,3163.0,3108.0,3134.3,31946400,3447.7,2820.9,3839.9,2896.0,3135.2,12,1,3135.1,6,2,3135.0,432,11,3134.9,32,4,3134.8,31,2,3135.9,169,6,3136.0,549,7,3136.1,200,1,3136.2,172,1,3136.3,454,3
2031,2026-06-16 12:33:02+05:30,3135.9,1,3130.01,2097927,134248.0,199115.0,3163.0,3163.0,3108.0,3134.3,31946400,3447.7,2820.9,3839.9,2896.0,3135.2,12,1,3135.1,6,2,3135.0,432,11,3134.9,32,4,3134.8,31,2,3135.9,169,6,3136.0,549,7,3136.1,200,1,3136.2,172,1,3136.3,454,3
2031,2026-06-16 12:33:03+05:30,3135.9,1,3130.01,2097927,134346.0,199117.0,3163.0,3163.0,3108.0,3134.3,31946400,3447.7,2820.9,3839.9,2896.0,3135.2,40,3,3135.1,6,2,3135.0,431,11,3134.9,32,4,3134.8,31,2,3135.9,169,6,3136.0,549,7,3136.1,200,1,3136.2,172,1,3136.3,454,3
2031,2026-06-16 12:33:04+05:30,3135.9,1,3130.01,2097927,134346.0,199117.0,3163.0,3163.0,3108.0,3134.3,31946400,3447.7,2820.9,3839.9,2896.0,3135.2,40,3,3135.1,6,2,3135.0,431,11,3134.9,32,4,3134.8,31,2,3135.9,169,6,3136.0,549,7,3136.1,200,1,3136.2,172,1,3136.3,454,3
2031,2026-06-16 12:33:04+05:30,3135.9,1,3130.01,2097927,134343.0,199063.0,3163.0,3163.0,3108.0,3134.3,31946400,3447.7,2820.9,3839.9,2896.0,3135.3,12,1,3135.2,70,6,3135.1,6,2,3135.0,404,10,3134.9,46,5,3135.9,169,6,3136.0,549,7,3136.1,200,1,3136.2,172,1,3136.3,400,2
2031,2026-06-16 12:33:05+05:30,3135.9,1,3130.01,2097927,134322.0,199067.0,3163.0,3163.0,3108.0,3134.3,31946400,3447.7,2820.9,3839.9,2896.0,3135.3,12,1,3135.2,70,6,3135.1,6,2,3135.0,404,10,3134.9,46,5,3135.9,169,6,3136.0,549,7,3136.1,200,1,3136.2,172,1,3136.3,400,2
2031,2026-06-16 12:33:05+05:30,3135.9,1,3130.01,2097927,134322.0,199067.0,3163.0,3163.0,3108.0,3134.3,31946400,3447.7,2820.9,3839.9,2896.0,3135.3,12,1,3135.2,70,6,3135.1,6,2,3135.0,404,10,3134.9,46,5,3135.9,169,6,3136.0,549,7,3136.1,200,1,3136.2,172,1,3136.3,400,2
2031,2026-06-16 12:33:06+05:30,3135.9,1,3130.01,2097927,134116.0,199225.0,3163.0,3163.0,3108.0,3134.3,31946400,3447.7,2820.9,3839.9,2896.0,3135.6,33,4,3135.5,53,4,3135.4,20,2,3135.3,16,2,3135.2,37,3,3135.9,169,6,3136.0,549,7,3136.1,200,1,3136.2,172,1,3136.3,400,2
2031,2026-06-16 12:33:07+05:30,3135.9,1,3130.01,2097927,134201.0,199354.0,3163.0,3163.0,3108.0,3134.3,31946400,3447.7,2820.9,3839.9,2896.0,3135.7,16,1,3135.6,17,2,3135.5,38,3,3135.4,20,2,3135.3,16,2,3135.9,169,6,3136.0,549,7,3136.1,200,1,3136.2,172,1,3136.3,400,2
2031,2026-06-16 12:33:07+05:30,3135.9,1,3130.01,2097927,134201.0,199354.0,3163.0,3163.0,3108.0,3134.3,31946400,3447.7,2820.9,3839.9,2896.0,3135.7,16,1,3135.6,17,2,3135.5,38,3,3135.4,20,2,3135.3,16,2,3135.9,169,6,3136.0,549,7,3136.1,200,1,3136.2,172,1,3136.3,400,2
2031,2026-06-16 12:33:07+05:30,3135.9,1,3130.01,2097927,134201.0,199354.0,3163.0,3163.0,3108.0,3134.3,31946400,3447.7,2820.9,3839.9,2896.0,3135.7,16,1,3135.6,17,2,3135.5,38,3,3135.4,20,2,3135.3,16,2,3135.9,169,6,3136.0,549,7,3136.1,200,1,3136.2,172,1,3136.3,400,2
2031,2026-06-16 12:33:08+05:30,3135.9,1,3130.01,2098665,134031.0,198895.0,3163.0,3163.0,3108.0,3134.3,31946400,3447.7,2820.9,3839.9,2896.0,3135.3,12,1,3135.2,28,3,3135.1,6,1,3135.0,202,9,3134.9,99,6,3136.0,549,7,3136.1,200,1,3136.2,172,1,3136.3,400,2,3136.4,221,2
2031,2026-06-16 12:33:09+05:30,3135.9,1,3130.01,2098665,134046.0,198898.0,3163.0,3163.0,3108.0,3134.3,31946400,3447.7,2820.9,3839.9,2896.0,3135.3,29,3,3135.2,26,3,3135.1,6,1,3135.0,202,9,3134.9,113,7,3136.0,549,7,3136.1,200,1,3136.2,172,1,3136.3,400,2,3136.4,221,2
2031,2026-06-16 12:33:09+05:30,3135.9,1,3130.01,2098665,134046.0,198898.0,3163.0,3163.0,3108.0,3134.3,31946400,3447.7,2820.9,3839.9,2896.0,3135.3,29,3,3135.2,26,3,3135.1,6,1,3135.0,202,9,3134.9,113,7,3136.0,549,7,3136.1,200,1,3136.2,172,1,3136.3,400,2,3136.4,221,2
2031,2026-06-16 12:33:10+05:30,3136.0,1,3130.01,2098817,134055.0,198626.0,3163.0,3163.0,3108.0,3134.3,31946400,3447.7,2820.9,3839.9,2896.0,3135.3,34,4,3135.2,26,3,3135.1,18,2,3135.0,196,9,3134.9,113,7,3136.0,505,7,3136.1,200,1,3136.2,172,1,3136.3,400,2,3136.4,221,2
2031,2026-06-16 12:33:10+05:30,3136.0,1,3130.01,2098817,134055.0,198626.0,3163.0,3163.0,3108.0,3134.3,31946400,3447.7,2820.9,3839.9,2896.0,3135.3,34,4,3135.2,26,3,3135.1,18,2,3135.0,196,9,3134.9,113,7,3136.0,505,7,3136.1,200,1,3136.2,172,1,3136.3,400,2,3136.4,221,2
2031,2026-06-16 12:33:10+05:30,3136.0,1,3130.01,2098817,134055.0,198626.0,3163.0,3163.0,3108.0,3134.3,31946400,3447.7,2820.9,3839.9,2896.0,3135.3,34,4,3135.2,26,3,3135.1,18,2,3135.0,196,9,3134.9,113,7,3136.0,505,7,3136.1,200,1,3136.2,172,1,3136.3,400,2,3136.4,221,2
2031,2026-06-16 12:33:11+05:30,3136.0,1,3130.01,2098817,133966.0,198728.0,3163.0,3163.0,3108.0,3134.3,31946400,3447.7,2820.9,3839.9,2896.0,3135.4,12,1,3135.3,34,4,3135.2,26,3,3135.1,18,2,3135.0,196,9,3136.0,505,7,3136.1,200,1,3136.2,172,1,3136.3,400,2,3136.4,221,2
2031,2026-06-16 12:33:11+05:30,3136.0,1,3130.01,2098817,133966.0,198728.0,3163.0,3163.0,3108.0,3134.3,31946400,3447.7,2820.9,3839.9,2896.0,3135.4,12,1,3135.3,34,4,3135.2,26,3,3135.1,18,2,3135.0,196,9,3136.0,505,7,3136.1,200,1,3136.2,172,1,3136.3,400,2,3136.4,221,2
2031,2026-06-16 12:33:11+05:30,3135.3,4,3130.01,2098817,133966.0,198728.0,3163.0,3163.0,3108.0,3134.3,31946400,3447.7,2820.9,3839.9,2896.0,3135.4,12,1,3135.3,34,4,3135.2,26,3,3135.1,18,2,3135.0,196,9,3136.0,505,7,3136.1,200,1,3136.2,172,1,3136.3,400,2,3136.4,221,2
2031,2026-06-16 12:33:12+05:30,3135.3,4,3130.01,2099004,134064.0,198931.0,3163.0,3163.0,3108.0,3134.3,31946400,3447.7,2820.9,3839.9,2896.0,3135.5,12,1,3135.4,29,3,3135.3,38,5,3135.2,44,4,3135.1,30,3,3136.0,518,7,3136.1,200,1,3136.2,172,1,3136.3,400,2,3136.4,254,2
2031,2026-06-16 12:33:12+05:30,3135.3,4,3130.01,2099004,134064.0,198931.0,3163.0,3163.0,3108.0,3134.3,31946400,3447.7,2820.9,3839.9,2896.0,3135.5,12,1,3135.4,29,3,3135.3,38,5,3135.2,44,4,3135.1,30,3,3136.0,518,7,3136.1,200,1,3136.2,172,1,3136.3,400,2,3136.4,254,2
2031,2026-06-16 12:33:13+05:30,3136.0,1,3130.01,2099005,134116.0,198893.0,3163.0,3163.0,3108.0,3134.3,31946400,3447.7,2820.9,3839.9,2896.0,3135.5,32,4,3135.4,32,3,3135.3,38,5,3135.2,73,6,3135.1,30,3,3136.0,517,7,3136.1,200,1,3136.2,172,1,3136.3,400,2,3136.4,254,2
2031,2026-06-16 12:33:13+05:30,3136.0,1,3130.01,2099005,134116.0,198893.0,3163.0,3163.0,3108.0,3134.3,31946400,3447.7,2820.9,3839.9,2896.0,3135.5,32,4,3135.4,32,3,3135.3,38,5,3135.2,73,6,3135.1,30,3,3136.0,517,7,3136.1,200,1,3136.2,172,1,3136.3,400,2,3136.4,254,2
2031,2026-06-16 12:33:13+05:30,3136.0,1,3130.01,2099005,134116.0,198893.0,3163.0,3163.0,3108.0,3134.3,31946400,3447.7,2820.9,3839.9,2896.0,3135.5,32,4,3135.4,32,3,3135.3,38,5,3135.2,73,6,3135.1,30,3,3136.0,517,7,3136.1,200,1,3136.2,172,1,3136.3,400,2,3136.4,254,2
2031,2026-06-16 12:33:14+05:30,3136.0,1,3130.01,2099005,134211.0,198828.0,3163.0,3163.0,3108.0,3134.3,31946400,3447.7,2820.9,3839.9,2896.0,3135.6,12,1,3135.5,108,8,3135.4,53,4,3135.3,38,5,3135.2,49,4,3136.0,531,8,3136.1,200,1,3136.2,172,1,3136.3,400,2,3136.4,200,1
2031,2026-06-16 12:33:14+05:30,3136.0,1,3130.01,2099005,134211.0,198828.0,3163.0,3163.0,3108.0,3134.3,31946400,3447.7,2820.9,3839.9,2896.0,3135.6,12,1,3135.5,108,8,3135.4,53,4,3135.3,38,5,3135.2,49,4,3136.0,531,8,3136.1,200,1,3136.2,172,1,3136.3,400,2,3136.4,200,1
2031,2026-06-16 12:33:14+05:30,3136.0,1,3130.01,2099005,134211.0,198828.0,3163.0,3163.0,3108.0,3134.3,31946400,3447.7,2820.9,3839.9,2896.0,3135.6,12,1,3135.5,108,8,3135.4,53,4,3135.3,38,5,3135.2,49,4,3136.0,531,8,3136.1,200,1,3136.2,172,1,3136.3,400,2,3136.4,200,1
2031,2026-06-16 12:33:15+05:30,3136.0,1,3130.01,2099007,134211.0,198832.0,3163.0,3163.0,3108.0,3134.3,31946400,3447.7,2820.9,3839.9,2896.0,3135.6,12,1,3135.5,123,9,3135.4,53,4,3135.3,38,5,3135.2,34,3,3136.0,529,8,3136.1,200,1,3136.2,172,1,3136.3,400,2,3136.4,200,1
2031,2026-06-16 12:33:15+05:30,3136.0,1,3130.01,2099007,134211.0,198832.0,3163.0,3163.0,3108.0,3134.3,31946400,3447.7,2820.9,3839.9,2896.0,3135.6,12,1,3135.5,123,9,3135.4,53,4,3135.3,38,5,3135.2,34,3,3136.0,529,8,3136.1,200,1,3136.2,172,1,3136.3,400,2,3136.4,200,1
2031,2026-06-16 12:33:16+05:30,3135.6,66,3130.01,2099207,134374.0,198559.0,3163.0,3163.0,3108.0,3134.3,31946400,3447.7,2820.9,3839.9,2896.0,3135.8,3,1,3135.6,51,5,3135.5,83,6,3135.4,37,3,3135.3,26,4,3136.0,132,6,3136.2,397,2,3136.3,200,1,3136.4,172,1,3136.5,400,2
2031,2026-06-16 12:33:16+05:30,3135.6,66,3130.01,2099207,134374.0,198559.0,3163.0,3163.0,3108.0,3134.3,31946400,3447.7,2820.9,3839.9,2896.0,3135.8,3,1,3135.6,51,5,3135.5,83,6,3135.4,37,3,3135.3,26,4,3136.0,132,6,3136.2,397,2,3136.3,200,1,3136.4,172,1,3136.5,400,2
2031,2026-06-16 12:33:16+05:30,3136.0,64,3130.01,2099207,134374.0,198559.0,3163.0,3163.0,3108.0,3134.3,31946400,3447.7,2820.9,3839.9,2896.0,3135.8,3,1,3135.6,51,5,3135.5,83,6,3135.4,37,3,3135.3,26,4,3136.0,132,6,3136.2,397,2,3136.3,200,1,3136.4,172,1,3136.5,400,2
2031,2026-06-16 12:33:17+05:30,3135.8,3,3130.01,2099559,134163.0,198870.0,3163.0,3163.0,3108.0,3134.3,31946400,3447.7,2820.9,3839.9,2896.0,3135.7,22,3,3135.6,15,1,3135.5,54,2,3135.4,23,2,3135.3,17,3,3135.8,197,1,3135.9,388,2,3136.0,75,1,3136.5,397,2,3136.6,238,2
2031,2026-06-16 12:33:17+05:30,3135.8,3,3130.01,2099559,134163.0,198870.0,3163.0,3163.0,3108.0,3134.3,31946400,3447.7,2820.9,3839.9,2896.0,3135.7,22,3,3135.6,15,1,3135.5,54,2,3135.4,23,2,3135.3,17,3,3135.8,197,1,3135.9,388,2,3136.0,75,1,3136.5,397,2,3136.6,238,2
2031,2026-06-16 12:33:17+05:30,3135.8,141,3130.01,2099559,134163.0,198870.0,3163.0,3163.0,3108.0,3134.3,31946400,3447.7,2820.9,3839.9,2896.0,3135.7,22,3,3135.6,15,1,3135.5,54,2,3135.4,23,2,3135.3,17,3,3135.8,197,1,3135.9,388,2,3136.0,75,1,3136.5,397,2,3136.6,238,2
2031,2026-06-16 12:33:18+05:30,3135.8,141,3130.01,2099700,134216.0,198760.0,3163.0,3163.0,3108.0,3134.3,31946400,3447.7,2820.9,3839.9,2896.0,3135.7,3,1,3135.6,15,1,3135.5,69,3,3135.4,15,1,3135.3,17,3,3135.8,56,1,3135.9,388,2,3136.0,75,1,3136.5,397,2,3136.6,258,3
2031,2026-06-16 12:33:18+05:30,3135.8,141,3130.01,2099700,134216.0,198760.0,3163.0,3163.0,3108.0,3134.3,31946400,3447.7,2820.9,3839.9,2896.0,3135.7,3,1,3135.6,15,1,3135.5,69,3,3135.4,15,1,3135.3,17,3,3135.8,56,1,3135.9,388,2,3136.0,75,1,3136.5,397,2,3136.6,258,3
2031,2026-06-16 12:33:18+05:30,3135.8,1,3130.01,2099700,134216.0,198760.0,3163.0,3163.0,3108.0,3134.3,31946400,3447.7,2820.9,3839.9,2896.0,3135.7,3,1,3135.6,15,1,3135.5,69,3,3135.4,15,1,3135.3,17,3,3135.8,56,1,3135.9,388,2,3136.0,75,1,3136.5,397,2,3136.6,258,3
2031,2026-06-16 12:33:19+05:30,3135.8,1,3130.01,2099700,134216.0,198760.0,3163.0,3163.0,3108.0,3134.3,31950400,3447.7,2820.9,3839.9,2896.0,3135.7,3,1,3135.6,15,1,3135.5,69,3,3135.4,15,1,3135.3,17,3,3135.8,56,1,3135.9,388,2,3136.0,75,1,3136.5,397,2,3136.6,258,3
2031,2026-06-16 12:33:20+05:30,3135.8,1,3130.01,2099701,134211.0,198814.0,3163.0,3163.0,3108.0,3134.3,31950400,3447.7,2820.9,3839.9,2896.0,3135.7,3,1,3135.6,31,2,3135.5,54,2,3135.4,15,1,3135.3,12,2,3135.8,84,2,3135.9,388,2,3136.0,81,2,3136.5,397,2,3136.6,258,3
2031,2026-06-16 12:33:21+05:30,3135.7,11,3130.01,2099701,134211.0,198814.0,3163.0,3163.0,3108.0,3134.3,31950400,3447.7,2820.9,3839.9,2896.0,3135.7,3,1,3135.6,31,2,3135.5,54,2,3135.4,15,1,3135.3,12,2,3135.8,84,2,3135.9,388,2,3136.0,81,2,3136.5,397,2,3136.6,258,3
2031,2026-06-16 12:33:23+05:30,3135.4,1,3130.01,2099701,134211.0,198814.0,3163.0,3163.0,3108.0,3134.3,31950400,3447.7,2820.9,3839.9,2896.0,3135.7,3,1,3135.6,31,2,3135.5,54,2,3135.4,15,1,3135.3,12,2,3135.8,84,2,3135.9,388,2,3136.0,81,2,3136.5,397,2,3136.6,258,3
2031,2026-06-16 12:33:24+05:30,3136.0,197,3130.02,2100765,134227.0,199138.0,3163.0,3163.0,3108.0,3134.3,31950400,3447.7,2820.9,3839.9,2896.0,3135.4,37,5,3135.3,28,3,3135.2,30,2,3135.1,34,3,3135.0,385,12,3135.9,50,1,3136.0,80,1,3136.4,236,3,3136.5,446,3,3136.6,312,4
2031,2026-06-16 12:33:25+05:30,3136.0,197,3130.02,2100765,134227.0,199138.0,3163.0,3163.0,3108.0,3134.3,31950400,3447.7,2820.9,3839.9,2896.0,3135.4,37,5,3135.3,28,3,3135.2,30,2,3135.1,34,3,3135.0,385,12,3135.9,50,1,3136.0,80,1,3136.4,236,3,3136.5,446,3,3136.6,312,4
2031,2026-06-16 12:33:27+05:30,3135.9,1,3130.02,2100765,134227.0,199138.0,3163.0,3163.0,3108.0,3134.3,31950400,3447.7,2820.9,3839.9,2896.0,3135.4,37,5,3135.3,28,3,3135.2,30,2,3135.1,34,3,3135.0,385,12,3135.9,50,1,3136.0,80,1,3136.4,236,3,3136.5,446,3,3136.6,312,4
2031,2026-06-16 12:33:29+05:30,3135.9,1,3130.02,2100767,134175.0,199816.0,3163.0,3163.0,3108.0,3134.3,31950400,3447.7,2820.9,3839.9,2896.0,3135.6,14,1,3135.4,42,1,3135.3,28,2,3135.2,5,1,3135.1,16,2,3135.9,50,3,3136.0,80,1,3136.4,328,5,3136.5,446,3,3136.6,406,6
2031,2026-06-16 12:33:29+05:30,3135.9,1,3130.02,2100767,134175.0,199816.0,3163.0,3163.0,3108.0,3134.3,31950400,3447.7,2820.9,3839.9,2896.0,3135.6,14,1,3135.4,42,1,3135.3,28,2,3135.2,5,1,3135.1,16,2,3135.9,50,3,3136.0,80,1,3136.4,328,5,3136.5,446,3,3136.6,406,6
2031,2026-06-16 12:33:31+05:30,3135.9,11,3130.02,2100767,134175.0,199816.0,3163.0,3163.0,3108.0,3134.3,31950400,3447.7,2820.9,3839.9,2896.0,3135.6,14,1,3135.4,42,1,3135.3,28,2,3135.2,5,1,3135.1,16,2,3135.9,50,3,3136.0,80,1,3136.4,328,5,3136.5,446,3,3136.6,406,6
2031,2026-06-16 12:33:33+05:30,3136.0,22,3130.02,2100973,134562.0,199507.0,3163.0,3163.0,3108.0,3134.3,31950400,3447.7,2820.9,3839.9,2896.0,3135.7,15,1,3135.6,45,2,3135.4,42,1,3135.3,82,3,3135.1,1,1,3136.0,154,2,3136.1,38,1,3136.4,250,3,3136.5,397,2,3136.6,350,5
2031,2026-06-16 12:33:33+05:30,3136.0,22,3130.02,2100973,134562.0,199507.0,3163.0,3163.0,3108.0,3134.3,31950400,3447.7,2820.9,3839.9,2896.0,3135.7,15,1,3135.6,45,2,3135.4,42,1,3135.3,82,3,3135.1,1,1,3136.0,154,2,3136.1,38,1,3136.4,250,3,3136.5,397,2,3136.6,350,5
2031,2026-06-16 12:33:35+05:30,3136.0,2,3130.02,2100973,134562.0,199507.0,3163.0,3163.0,3108.0,3134.3,31950400,3447.7,2820.9,3839.9,2896.0,3135.7,15,1,3135.6,45,2,3135.4,42,1,3135.3,82,3,3135.1,1,1,3136.0,154,2,3136.1,38,1,3136.4,250,3,3136.5,397,2,3136.6,350,5
2031,2026-06-16 12:33:39+05:30,3136.0,2,3130.02,2100977,134794.0,199794.0,3163.0,3163.0,3108.0,3134.3,31950400,3447.7,2820.9,3839.9,2896.0,3135.7,59,2,3135.6,45,2,3135.4,42,1,3135.3,28,2,3135.2,3,1,3136.0,220,5,3136.2,290,3,3136.3,27,1,3136.4,81,2,3136.5,433,3
2031,2026-06-16 12:33:41+05:30,3136.0,28,3130.02,2100977,134794.0,199794.0,3163.0,3163.0,3108.0,3134.3,31950400,3447.7,2820.9,3839.9,2896.0,3135.7,59,2,3135.6,45,2,3135.4,42,1,3135.3,28,2,3135.2,3,1,3136.0,220,5,3136.2,290,3,3136.3,27,1,3136.4,81,2,3136.5,433,3
2031,2026-06-16 12:33:43+05:30,3135.4,3,3130.02,2100977,134794.0,199794.0,3163.0,3163.0,3108.0,3134.3,31950400,3447.7,2820.9,3839.9,2896.0,3135.7,59,2,3135.6,45,2,3135.4,42,1,3135.3,28,2,3135.2,3,1,3136.0,220,5,3136.2,290,3,3136.3,27,1,3136.4,81,2,3136.5,433,3
2031,2026-06-16 12:33:44+05:30,3135.4,3,3130.02,2101427,134577.0,199997.0,3163.0,3163.0,3108.0,3134.3,31950400,3447.7,2820.9,3839.9,2896.0,3135.7,15,1,3135.4,39,1,3135.3,28,2,3135.0,316,9,3134.9,21,2,3135.9,1,1,3136.0,211,7,3136.1,418,3,3136.2,99,2,3136.3,81,2
2031,2026-06-16 12:33:45+05:30,3135.9,1,3130.02,2101427,134577.0,199997.0,3163.0,3163.0,3108.0,3134.3,31950400,3447.7,2820.9,3839.9,2896.0,3135.7,15,1,3135.4,39,1,3135.3,28,2,3135.0,316,9,3134.9,21,2,3135.9,1,1,3136.0,211,7,3136.1,418,3,3136.2,99,2,3136.3,81,2
2031,2026-06-16 12:33:47+05:30,3135.9,1,3130.02,2101427,134577.0,199997.0,3163.0,3163.0,3108.0,3134.3,31950400,3447.7,2820.9,3839.9,2896.0,3135.7,15,1,3135.4,39,1,3135.3,28,2,3135.0,316,9,3134.9,21,2,3135.9,1,1,3136.0,211,7,3136.1,418,3,3136.2,99,2,3136.3,81,2
2031,2026-06-16 12:33:48+05:30,3136.0,6,3130.02,2101449,134849.0,202751.0,3163.0,3163.0,3108.0,3134.3,31950400,3447.7,2820.9,3839.9,2896.0,3135.8,2,2,3135.7,66,3,3135.4,39,1,3135.3,28,2,3135.0,343,11,3136.0,155,5,3136.1,442,3,3136.3,60,2,3136.4,483,4,3136.5,231,2
2031,2026-06-16 12:33:49+05:30,3136.0,61,3130.02,2101449,134849.0,202751.0,3163.0,3163.0,3108.0,3134.3,31950400,3447.7,2820.9,3839.9,2896.0,3135.8,2,2,3135.7,66,3,3135.4,39,1,3135.3,28,2,3135.0,343,11,3136.0,155,5,3136.1,442,3,3136.3,60,2,3136.4,483,4,3136.5,231,2
2031,2026-06-16 12:33:51+05:30,3135.7,3,3130.02,2101449,134849.0,202751.0,3163.0,3163.0,3108.0,3134.3,31950400,3447.7,2820.9,3839.9,2896.0,3135.8,2,2,3135.7,66,3,3135.4,39,1,3135.3,28,2,3135.0,343,11,3136.0,155,5,3136.1,442,3,3136.3,60,2,3136.4,483,4,3136.5,231,2
2031,2026-06-16 12:33:53+05:30,3135.7,5,3130.02,2101615,134486.0,203019.0,3163.0,3163.0,3108.0,3134.3,31950400,3447.7,2820.9,3839.9,2896.0,3135.7,55,4,3135.4,39,1,3135.3,28,2,3135.0,320,10,3134.9,35,3,3135.9,19,1,3136.0,322,6,3136.1,504,5,3136.2,38,1,3136.3,22,1
2031,2026-06-16 12:33:53+05:30,3135.7,2,3130.02,2101615,134486.0,203019.0,3163.0,3163.0,3108.0,3134.3,31950400,3447.7,2820.9,3839.9,2896.0,3135.7,55,4,3135.4,39,1,3135.3,28,2,3135.0,320,10,3134.9,35,3,3135.9,19,1,3136.0,322,6,3136.1,504,5,3136.2,38,1,3136.3,22,1
2031,2026-06-16 12:33:55+05:30,3135.9,1,3130.02,2101615,134486.0,203019.0,3163.0,3163.0,3108.0,3134.3,31950400,3447.7,2820.9,3839.9,2896.0,3135.7,55,4,3135.4,39,1,3135.3,28,2,3135.0,320,10,3134.9,35,3,3135.9,19,1,3136.0,322,6,3136.1,504,5,3136.2,38,1,3136.3,22,1
2031,2026-06-16 12:33:58+05:30,3135.4,1,3130.02,2101986,133683.0,203317.0,3163.0,3163.0,3108.0,3134.3,31950400,3447.7,2820.9,3839.9,2896.0,3135.4,38,1,3135.3,28,2,3135.0,148,5,3134.9,21,2,3134.7,89,3,3135.5,1,1,3135.8,82,3,3135.9,38,4,3136.0,316,5,3136.1,418,3
2031,2026-06-16 12:33:59+05:30,3135.4,1,3130.02,2101986,133683.0,203317.0,3163.0,3163.0,3108.0,3134.3,31950400,3447.7,2820.9,3839.9,2896.0,3135.4,38,1,3135.3,28,2,3135.0,148,5,3134.9,21,2,3134.7,89,3,3135.5,1,1,3135.8,82,3,3135.9,38,4,3136.0,316,5,3136.1,418,3
2031,2026-06-16 12:34:00+05:30,3135.4,1,3130.02,2101986,133683.0,203317.0,3163.0,3163.0,3108.0,3134.3,31950400,3447.7,2820.9,3839.9,2896.0,3135.4,38,1,3135.3,28,2,3135.0,148,5,3134.9,21,2,3134.7,89,3,3135.5,1,1,3135.8,82,3,3135.9,38,4,3136.0,316,5,3136.1,418,3
2031,2026-06-16 12:34:01+05:30,3135.4,6,3130.02,2101986,133683.0,203317.0,3163.0,3163.0,3108.0,3134.3,31950400,3447.7,2820.9,3839.9,2896.0,3135.4,38,1,3135.3,28,2,3135.0,148,5,3134.9,21,2,3134.7,89,3,3135.5,1,1,3135.8,82,3,3135.9,38,4,3136.0,316,5,3136.1,418,3
2031,2026-06-16 12:34:02+05:30,3135.4,6,3130.02,2101986,133683.0,203317.0,3163.0,3163.0,3108.0,3134.3,31950400,3447.7,2820.9,3839.9,2896.0,3135.4,38,1,3135.3,28,2,3135.0,148,5,3134.9,21,2,3134.7,89,3,3135.5,1,1,3135.8,82,3,3135.9,38,4,3136.0,316,5,3136.1,418,3
2031,2026-06-16 12:34:03+05:30,3135.4,6,3130.02,2102001,133716.0,203549.0,3163.0,3163.0,3108.0,3134.3,31950400,3447.7,2820.9,3839.9,2896.0,3135.4,46,3,3135.3,15,1,3135.2,15,1,3135.0,148,5,3134.9,21,2,3135.7,12,1,3135.8,94,4,3135.9,256,6,3136.0,338,6,3136.1,470,4
2031,2026-06-16 12:34:04+05:30,3135.4,6,3130.02,2102001,133716.0,203549.0,3163.0,3163.0,3108.0,3134.3,31950400,3447.7,2820.9,3839.9,2896.0,3135.4,46,3,3135.3,15,1,3135.2,15,1,3135.0,148,5,3134.9,21,2,3135.7,12,1,3135.8,94,4,3135.9,256,6,3136.0,338,6,3136.1,470,4
2031,2026-06-16 12:34:05+05:30,3135.0,20,3130.02,2102001,133716.0,203549.0,3163.0,3163.0,3108.0,3134.3,31950400,3447.7,2820.9,3839.9,2896.0,3135.4,46,3,3135.3,15,1,3135.2,15,1,3135.0,148,5,3134.9,21,2,3135.7,12,1,3135.8,94,4,3135.9,256,6,3136.0,338,6,3136.1,470,4
2031,2026-06-16 12:34:06+05:30,3135.0,20,3130.02,2102001,133716.0,203549.0,3163.0,3163.0,3108.0,3134.3,31950400,3447.7,2820.9,3839.9,2896.0,3135.4,46,3,3135.3,15,1,3135.2,15,1,3135.0,148,5,3134.9,21,2,3135.7,12,1,3135.8,94,4,3135.9,256,6,3136.0,338,6,3136.1,470,4
2031,2026-06-16 12:34:07+05:30,3134.3,4,3130.02,2102001,133716.0,203549.0,3163.0,3163.0,3108.0,3134.3,31950400,3447.7,2820.9,3839.9,2896.0,3135.4,46,3,3135.3,15,1,3135.2,15,1,3135.0,148,5,3134.9,21,2,3135.7,12,1,3135.8,94,4,3135.9,256,6,3136.0,338,6,3136.1,470,4
2031,2026-06-16 12:34:08+05:30,3134.3,4,3130.02,2102001,133716.0,203549.0,3163.0,3163.0,3108.0,3134.3,31950400,3447.7,2820.9,3839.9,2896.0,3135.4,46,3,3135.3,15,1,3135.2,15,1,3135.0,148,5,3134.9,21,2,3135.7,12,1,3135.8,94,4,3135.9,256,6,3136.0,338,6,3136.1,470,4
2031,2026-06-16 12:34:08+05:30,3134.3,4,3130.02,2103227,130626.0,205902.0,3163.0,3163.0,3108.0,3134.3,31950400,3447.7,2820.9,3839.9,2896.0,3134.0,133,5,3133.9,46,5,3133.8,16,1,3133.7,97,4,3133.6,29,2,3134.3,51,1,3135.0,184,2,3135.2,66,2,3135.3,260,3,3135.4,110,3
2031,2026-06-16 12:34:09+05:30,3134.3,4,3130.02,2103227,130626.0,205902.0,3163.0,3163.0,3108.0,3134.3,31950400,3447.7,2820.9,3839.9,2896.0,3134.0,133,5,3133.9,46,5,3133.8,16,1,3133.7,97,4,3133.6,29,2,3134.3,51,1,3135.0,184,2,3135.2,66,2,3135.3,260,3,3135.4,110,3
2031,2026-06-16 12:34:09+05:30,3134.0,19,3130.02,2103227,130626.0,205902.0,3163.0,3163.0,3108.0,3134.3,31950400,3447.7,2820.9,3839.9,2896.0,3134.0,133,5,3133.9,46,5,3133.8,16,1,3133.7,97,4,3133.6,29,2,3134.3,51,1,3135.0,184,2,3135.2,66,2,3135.3,260,3,3135.4,110,3
2031,2026-06-16 12:34:11+05:30,3134.0,19,3130.02,2103227,130626.0,205902.0,3163.0,3163.0,3108.0,3134.3,31950400,3447.7,2820.9,3839.9,2896.0,3134.0,133,5,3133.9,46,5,3133.8,16,1,3133.7,97,4,3133.6,29,2,3134.3,51,1,3135.0,184,2,3135.2,66,2,3135.3,260,3,3135.4,110,3
2031,2026-06-16 12:34:11+05:30,3134.0,50,3130.02,2103227,130626.0,205902.0,3163.0,3163.0,3108.0,3134.3,31950400,3447.7,2820.9,3839.9,2896.0,3134.0,133,5,3133.9,46,5,3133.8,16,1,3133.7,97,4,3133.6,29,2,3134.3,51,1,3135.0,184,2,3135.2,66,2,3135.3,260,3,3135.4,110,3
2031,2026-06-16 12:34:12+05:30,3134.0,50,3130.02,2103227,130626.0,205902.0,3163.0,3163.0,3108.0,3134.3,31950400,3447.7,2820.9,3839.9,2896.0,3134.0,133,5,3133.9,46,5,3133.8,16,1,3133.7,97,4,3133.6,29,2,3134.3,51,1,3135.0,184,2,3135.2,66,2,3135.3,260,3,3135.4,110,3
2031,2026-06-16 12:34:13+05:30,3134.0,50,3130.02,2103227,130626.0,205902.0,3163.0,3163.0,3108.0,3134.3,31950400,3447.7,2820.9,3839.9,2896.0,3134.0,133,5,3133.9,46,5,3133.8,16,1,3133.7,97,4,3133.6,29,2,3134.3,51,1,3135.0,184,2,3135.2,66,2,3135.3,260,3,3135.4,110,3
2031,2026-06-16 12:34:13+05:30,3134.3,1,3130.02,2103318,130624.0,205903.0,3163.0,3163.0,3108.0,3134.3,31950400,3447.7,2820.9,3839.9,2896.0,3134.0,116,7,3133.9,17,2,3133.8,12,2,3133.7,80,4,3133.6,45,3,3134.3,15,1,3134.9,153,1,3135.0,184,2,3135.2,66,2,3135.3,101,2
2031,2026-06-16 12:34:13+05:30,3134.3,1,3130.02,2103318,130624.0,205903.0,3163.0,3163.0,3108.0,3134.3,31950400,3447.7,2820.9,3839.9,2896.0,3134.0,116,7,3133.9,17,2,3133.8,12,2,3133.7,80,4,3133.6,45,3,3134.3,15,1,3134.9,153,1,3135.0,184,2,3135.2,66,2,3135.3,101,2
2031,2026-06-16 12:34:13+05:30,3134.3,1,3130.02,2103318,130624.0,205903.0,3163.0,3163.0,3108.0,3134.3,31950400,3447.7,2820.9,3839.9,2896.0,3134.0,116,7,3133.9,17,2,3133.8,12,2,3133.7,80,4,3133.6,45,3,3134.3,15,1,3134.9,153,1,3135.0,184,2,3135.2,66,2,3135.3,101,2
2031,2026-06-16 12:34:14+05:30,3134.3,1,3130.02,2103318,130624.0,205903.0,3163.0,3163.0,3108.0,3134.3,31950400,3447.7,2820.9,3839.9,2896.0,3134.0,116,7,3133.9,17,2,3133.8,12,2,3133.7,80,4,3133.6,45,3,3134.3,15,1,3134.9,153,1,3135.0,184,2,3135.2,66,2,3135.3,101,2
2031,2026-06-16 12:34:15+05:30,3134.3,1,3130.02,2103318,130624.0,205903.0,3163.0,3163.0,3108.0,3134.3,31950400,3447.7,2820.9,3839.9,2896.0,3134.0,116,7,3133.9,17,2,3133.8,12,2,3133.7,80,4,3133.6,45,3,3134.3,15,1,3134.9,153,1,3135.0,184,2,3135.2,66,2,3135.3,101,2
2031,2026-06-16 12:34:15+05:30,3134.3,1,3130.02,2103318,130624.0,205903.0,3163.0,3163.0,3108.0,3134.3,31950400,3447.7,2820.9,3839.9,2896.0,3134.0,116,7,3133.9,17,2,3133.8,12,2,3133.7,80,4,3133.6,45,3,3134.3,15,1,3134.9,153,1,3135.0,184,2,3135.2,66,2,3135.3,101,2
2031,2026-06-16 12:34:16+05:30,3134.3,1,3130.02,2103318,130624.0,205903.0,3163.0,3163.0,3108.0,3134.3,31950400,3447.7,2820.9,3839.9,2896.0,3134.0,116,7,3133.9,17,2,3133.8,12,2,3133.7,80,4,3133.6,45,3,3134.3,15,1,3134.9,153,1,3135.0,184,2,3135.2,66,2,3135.3,101,2
2031,2026-06-16 12:34:17+05:30,3134.3,1,3130.02,2103318,130624.0,205903.0,3163.0,3163.0,3108.0,3134.3,31950400,3447.7,2820.9,3839.9,2896.0,3134.0,116,7,3133.9,17,2,3133.8,12,2,3133.7,80,4,3133.6,45,3,3134.3,15,1,3134.9,153,1,3135.0,184,2,3135.2,66,2,3135.3,101,2
2031,2026-06-16 12:34:17+05:30,3135.0,1,3130.02,2103607,130764.0,206553.0,3163.0,3163.0,3108.0,3134.3,31950400,3447.7,2820.9,3839.9,2896.0,3134.2,2,2,3134.1,17,1,3134.0,42,4,3133.9,2,1,3133.7,95,4,3134.6,1,1,3134.9,171,1,3135.0,161,1,3135.2,98,3,3135.3,452,3
2031,2026-06-16 12:34:17+05:30,3135.0,1,3130.02,2103607,130764.0,206553.0,3163.0,3163.0,3108.0,3134.3,31950400,3447.7,2820.9,3839.9,2896.0,3134.2,2,2,3134.1,17,1,3134.0,42,4,3133.9,2,1,3133.7,95,4,3134.6,1,1,3134.9,171,1,3135.0,161,1,3135.2,98,3,3135.3,452,3
2031,2026-06-16 12:34:18+05:30,3135.0,1,3130.02,2103607,130764.0,206553.0,3163.0,3163.0,3108.0,3134.3,31950400,3447.7,2820.9,3839.9,2896.0,3134.2,2,2,3134.1,17,1,3134.0,42,4,3133.9,2,1,3133.7,95,4,3134.6,1,1,3134.9,171,1,3135.0,161,1,3135.2,98,3,3135.3,452,3
2031,2026-06-16 12:34:18+05:30,3135.0,1,3130.02,2103607,130764.0,206553.0,3163.0,3163.0,3108.0,3134.3,31950400,3447.7,2820.9,3839.9,2896.0,3134.2,2,2,3134.1,17,1,3134.0,42,4,3133.9,2,1,3133.7,95,4,3134.6,1,1,3134.9,171,1,3135.0,161,1,3135.2,98,3,3135.3,452,3
2031,2026-06-16 12:34:19+05:30,3135.0,1,3130.02,2103607,130764.0,206553.0,3163.0,3163.0,3108.0,3134.3,31951200,3447.7,2820.9,3839.9,2896.0,3134.2,2,2,3134.1,17,1,3134.0,42,4,3133.9,2,1,3133.7,95,4,3134.6,1,1,3134.9,171,1,3135.0,161,1,3135.2,98,3,3135.3,452,3
2031,2026-06-16 12:34:21+05:30,3134.5,5,3130.02,2103607,130764.0,206553.0,3163.0,3163.0,3108.0,3134.3,31951200,3447.7,2820.9,3839.9,2896.0,3134.2,2,2,3134.1,17,1,3134.0,42,4,3133.9,2,1,3133.7,95,4,3134.6,1,1,3134.9,171,1,3135.0,161,1,3135.2,98,3,3135.3,452,3
2031,2026-06-16 12:34:22+05:30,3134.5,9,3130.02,2103792,131037.0,206343.0,3163.0,3163.0,3108.0,3134.3,31951200,3447.7,2820.9,3839.9,2896.0,3134.4,6,4,3134.3,15,2,3134.2,19,2,3134.1,15,1,3134.0,100,8,3134.5,15,1,3134.6,27,2,3135.0,161,1,3135.2,21,1,3135.3,173,1
2031,2026-06-16 12:34:23+05:30,3134.5,9,3130.02,2103792,131037.0,206343.0,3163.0,3163.0,3108.0,3134.3,31951200,3447.7,2820.9,3839.9,2896.0,3134.4,6,4,3134.3,15,2,3134.2,19,2,3134.1,15,1,3134.0,100,8,3134.5,15,1,3134.6,27,2,3135.0,161,1,3135.2,21,1,3135.3,173,1
2031,2026-06-16 12:34:27+05:30,3134.5,1,3130.02,2103794,131008.0,206205.0,3163.0,3163.0,3108.0,3134.3,31951200,3447.7,2820.9,3839.9,2896.0,3134.4,19,4,3134.3,17,2,3134.2,15,1,3134.0,61,4,3133.9,62,3,3134.5,37,3,3134.6,1,1,3135.0,186,2,3135.2,21,1,3135.4,420,3
2031,2026-06-16 12:34:27+05:30,3134.3,29,3130.02,2103794,131008.0,206205.0,3163.0,3163.0,3108.0,3134.3,31951200,3447.7,2820.9,3839.9,2896.0,3134.4,19,4,3134.3,17,2,3134.2,15,1,3134.0,61,4,3133.9,62,3,3134.5,37,3,3134.6,1,1,3135.0,186,2,3135.2,21,1,3135.4,420,3
2031,2026-06-16 12:34:29+05:30,3134.4,161,3130.02,2103794,131008.0,206205.0,3163.0,3163.0,3108.0,3134.3,31951200,3447.7,2820.9,3839.9,2896.0,3134.4,19,4,3134.3,17,2,3134.2,15,1,3134.0,61,4,3133.9,62,3,3134.5,37,3,3134.6,1,1,3135.0,186,2,3135.2,21,1,3135.4,420,3
2031,2026-06-16 12:34:31+05:30,3134.5,1,3130.02,2103794,131008.0,206205.0,3163.0,3163.0,3108.0,3134.3,31951200,3447.7,2820.9,3839.9,2896.0,3134.4,19,4,3134.3,17,2,3134.2,15,1,3134.0,61,4,3133.9,62,3,3134.5,37,3,3134.6,1,1,3135.0,186,2,3135.2,21,1,3135.4,420,3
2031,2026-06-16 12:34:32+05:30,3134.5,1,3130.03,2104170,130704.0,205864.0,3163.0,3163.0,3108.0,3134.3,31951200,3447.7,2820.9,3839.9,2896.0,3134.4,25,6,3134.3,16,1,3134.2,33,3,3134.1,5,1,3134.0,40,4,3134.5,23,2,3134.6,1,1,3135.0,25,1,3135.2,21,1,3135.4,420,3
2031,2026-06-16 12:34:33+05:30,3134.5,1,3130.03,2104170,130704.0,205864.0,3163.0,3163.0,3108.0,3134.3,31951200,3447.7,2820.9,3839.9,2896.0,3134.4,25,6,3134.3,16,1,3134.2,33,3,3134.1,5,1,3134.0,40,4,3134.5,23,2,3134.6,1,1,3135.0,25,1,3135.2,21,1,3135.4,420,3
2031,2026-06-16 12:34:35+05:30,3134.5,1,3130.03,2104170,130704.0,205864.0,3163.0,3163.0,3108.0,3134.3,31951200,3447.7,2820.9,3839.9,2896.0,3134.4,25,6,3134.3,16,1,3134.2,33,3,3134.1,5,1,3134.0,40,4,3134.5,23,2,3134.6,1,1,3135.0,25,1,3135.2,21,1,3135.4,420,3
2031,2026-06-16 12:34:36+05:30,3134.5,1,3130.03,2104283,130962.0,205972.0,3163.0,3163.0,3108.0,3134.3,31951200,3447.7,2820.9,3839.9,2896.0,3134.4,116,6,3134.3,24,3,3134.2,23,3,3134.1,39,2,3134.0,75,6,3134.5,33,4,3134.6,1,1,3135.0,25,1,3135.2,21,1,3135.3,175,1
2031,2026-06-16 12:34:37+05:30,3134.5,1,3130.03,2104283,130962.0,205972.0,3163.0,3163.0,3108.0,3134.3,31951200,3447.7,2820.9,3839.9,2896.0,3134.4,116,6,3134.3,24,3,3134.2,23,3,3134.1,39,2,3134.0,75,6,3134.5,33,4,3134.6,1,1,3135.0,25,1,3135.2,21,1,3135.3,175,1
2031,2026-06-16 12:34:39+05:30,3134.5,1,3130.03,2104283,130962.0,205972.0,3163.0,3163.0,3108.0,3134.3,31951200,3447.7,2820.9,3839.9,2896.0,3134.4,116,6,3134.3,24,3,3134.2,23,3,3134.1,39,2,3134.0,75,6,3134.5,33,4,3134.6,1,1,3135.0,25,1,3135.2,21,1,3135.3,175,1
2031,2026-06-16 12:34:41+05:30,3134.3,8,3130.03,2104723,130412.0,207063.0,3163.0,3163.0,3108.0,3134.3,31951200,3447.7,2820.9,3839.9,2896.0,3134.3,16,1,3134.0,24,2,3133.9,2,1,3133.7,6,1,3133.6,11,1,3134.5,288,7,3134.6,39,2,3134.7,37,1,3134.8,38,1,3135.0,179,5
2031,2026-06-16 12:34:41+05:30,3134.3,8,3130.03,2104723,130412.0,207063.0,3163.0,3163.0,3108.0,3134.3,31951200,3447.7,2820.9,3839.9,2896.0,3134.3,16,1,3134.0,24,2,3133.9,2,1,3133.7,6,1,3133.6,11,1,3134.5,288,7,3134.6,39,2,3134.7,37,1,3134.8,38,1,3135.0,179,5
2031,2026-06-16 12:34:43+05:30,3134.5,10,3130.03,2104723,130412.0,207063.0,3163.0,3163.0,3108.0,3134.3,31951200,3447.7,2820.9,3839.9,2896.0,3134.3,16,1,3134.0,24,2,3133.9,2,1,3133.7,6,1,3133.6,11,1,3134.5,288,7,3134.6,39,2,3134.7,37,1,3134.8,38,1,3135.0,179,5
2031,2026-06-16 12:34:45+05:30,3134.5,1,3130.03,2104723,130412.0,207063.0,3163.0,3163.0,3108.0,3134.3,31951200,3447.7,2820.9,3839.9,2896.0,3134.3,16,1,3134.0,24,2,3133.9,2,1,3133.7,6,1,3133.6,11,1,3134.5,288,7,3134.6,39,2,3134.7,37,1,3134.8,38,1,3135.0,179,5
2031,2026-06-16 12:34:46+05:30,3134.5,1,3130.03,2104754,130926.0,206839.0,3163.0,3163.0,3108.0,3134.3,31951200,3447.7,2820.9,3839.9,2896.0,3134.4,8,4,3134.3,16,1,3134.2,14,1,3134.0,38,3,3133.9,3,2,3134.5,282,7,3134.6,1,1,3135.0,25,1,3135.2,191,2,3135.3,452,3
2031,2026-06-16 12:34:47+05:30,3134.5,4,3130.03,2104754,130926.0,206839.0,3163.0,3163.0,3108.0,3134.3,31951200,3447.7,2820.9,3839.9,2896.0,3134.4,8,4,3134.3,16,1,3134.2,14,1,3134.0,38,3,3133.9,3,2,3134.5,282,7,3134.6,1,1,3135.0,25,1,3135.2,191,2,3135.3,452,3
2031,2026-06-16 12:34:49+05:30,3134.5,3,3130.03,2104754,130926.0,206839.0,3163.0,3163.0,3108.0,3134.3,31951200,3447.7,2820.9,3839.9,2896.0,3134.4,8,4,3134.3,16,1,3134.2,14,1,3134.0,38,3,3133.9,3,2,3134.5,282,7,3134.6,1,1,3135.0,25,1,3135.2,191,2,3135.3,452,3
2031,2026-06-16 12:34:51+05:30,3135.0,2,3130.03,2105125,130614.0,207011.0,3163.0,3163.0,3108.0,3134.3,31951200,3447.7,2820.9,3839.9,2896.0,3134.4,8,4,3134.0,38,3,3133.9,2,1,3133.7,6,1,3133.6,34,3,3135.0,23,1,3135.1,289,4,3135.2,71,2,3135.3,440,3,3135.4,193,6
2031,2026-06-16 12:34:51+05:30,3134.0,4,3130.03,2105125,130614.0,207011.0,3163.0,3163.0,3108.0,3134.3,31951200,3447.7,2820.9,3839.9,2896.0,3134.4,8,4,3134.0,38,3,3133.9,2,1,3133.7,6,1,3133.6,34,3,3135.0,23,1,3135.1,289,4,3135.2,71,2,3135.3,440,3,3135.4,193,6
2031,2026-06-16 12:34:53+05:30,3134.1,1,3130.03,2105125,130614.0,207011.0,3163.0,3163.0,3108.0,3134.3,31951200,3447.7,2820.9,3839.9,2896.0,3134.4,8,4,3134.0,38,3,3133.9,2,1,3133.7,6,1,3133.6,34,3,3135.0,23,1,3135.1,289,4,3135.2,71,2,3135.3,440,3,3135.4,193,6
2031,2026-06-16 12:34:55+05:30,3134.1,123,3130.03,2105125,130614.0,207011.0,3163.0,3163.0,3108.0,3134.3,31951200,3447.7,2820.9,3839.9,2896.0,3134.4,8,4,3134.0,38,3,3133.9,2,1,3133.7,6,1,3133.6,34,3,3135.0,23,1,3135.1,289,4,3135.2,71,2,3135.3,440,3,3135.4,193,6
2031,2026-06-16 12:34:56+05:30,3134.1,123,3130.03,2105538,130617.0,206573.0,3163.0,3163.0,3108.0,3134.3,31951200,3447.7,2820.9,3839.9,2896.0,3134.5,5,1,3134.1,1,1,3134.0,23,3,3133.9,2,1,3133.7,6,1,3135.0,13,3,3135.2,511,5,3135.4,110,3,3135.5,483,4,3135.6,110,3
2031,2026-06-16 12:34:57+05:30,3135.0,4,3130.03,2105538,130617.0,206573.0,3163.0,3163.0,3108.0,3134.3,31951200,3447.7,2820.9,3839.9,2896.0,3134.5,5,1,3134.1,1,1,3134.0,23,3,3133.9,2,1,3133.7,6,1,3135.0,13,3,3135.2,511,5,3135.4,110,3,3135.5,483,4,3135.6,110,3
2031,2026-06-16 12:34:59+05:30,3135.0,1,3130.03,2105538,130617.0,206573.0,3163.0,3163.0,3108.0,3134.3,31951200,3447.7,2820.9,3839.9,2896.0,3134.5,5,1,3134.1,1,1,3134.0,23,3,3133.9,2,1,3133.7,6,1,3135.0,13,3,3135.2,511,5,3135.4,110,3,3135.5,483,4,3135.6,110,3
2031,2026-06-16 12:35:00+05:30,3134.1,16,3130.03,2105759,131324.0,206468.0,3163.0,3163.0,3108.0,3134.3,31951200,3447.7,2820.9,3839.9,2896.0,3134.5,26,3,3134.2,12,1,3134.1,42,4,3134.0,49,5,3133.9,30,3,3135.0,12,3,3135.2,400,2,3135.4,68,2,3135.5,397,2,3135.6,72,2
2031,2026-06-16 12:35:00+05:30,3134.1,16,3130.03,2105759,131324.0,206468.0,3163.0,3163.0,3108.0,3134.3,31951200,3447.7,2820.9,3839.9,2896.0,3134.5,26,3,3134.2,12,1,3134.1,42,4,3134.0,49,5,3133.9,30,3,3135.0,12,3,3135.2,400,2,3135.4,68,2,3135.5,397,2,3135.6,72,2
2031,2026-06-16 12:35:01+05:30,3134.1,16,3130.03,2105759,131324.0,206468.0,3163.0,3163.0,3108.0,3134.3,31951200,3447.7,2820.9,3839.9,2896.0,3134.5,26,3,3134.2,12,1,3134.1,42,4,3134.0,49,5,3133.9,30,3,3135.0,12,3,3135.2,400,2,3135.4,68,2,3135.5,397,2,3135.6,72,2
2031,2026-06-16 12:35:02+05:30,3134.1,16,3130.03,2105759,131324.0,206468.0,3163.0,3163.0,3108.0,3134.3,31951200,3447.7,2820.9,3839.9,2896.0,3134.5,26,3,3134.2,12,1,3134.1,42,4,3134.0,49,5,3133.9,30,3,3135.0,12,3,3135.2,400,2,3135.4,68,2,3135.5,397,2,3135.6,72,2
2031,2026-06-16 12:35:03+05:30,3136.0,200,3130.03,2105759,131324.0,206468.0,3163.0,3163.0,3108.0,3134.3,31951200,3447.7,2820.9,3839.9,2896.0,3134.5,26,3,3134.2,12,1,3134.1,42,4,3134.0,49,5,3133.9,30,3,3135.0,12,3,3135.2,400,2,3135.4,68,2,3135.5,397,2,3135.6,72,2
2031,2026-06-16 12:35:04+05:30,3136.0,200,3130.03,2105759,131324.0,206468.0,3163.0,3163.0,3108.0,3134.3,31951200,3447.7,2820.9,3839.9,2896.0,3134.5,26,3,3134.2,12,1,3134.1,42,4,3134.0,49,5,3133.9,30,3,3135.0,12,3,3135.2,400,2,3135.4,68,2,3135.5,397,2,3135.6,72,2
2031,2026-06-16 12:35:05+05:30,3136.3,1,3130.04,2111111,134420.0,200744.0,3163.0,3163.0,3108.0,3134.3,31951200,3447.7,2820.9,3839.9,2896.0,3136.0,762,2,3135.7,14,1,3135.4,3,1,3135.3,272,7,3135.2,95,4,3136.3,55,1,3136.5,17,1,3136.7,50,1,3136.8,20,1,3136.9,438,3
2031,2026-06-16 12:35:05+05:30,3136.3,1,3130.04,2111111,134420.0,200744.0,3163.0,3163.0,3108.0,3134.3,31951200,3447.7,2820.9,3839.9,2896.0,3136.0,762,2,3135.7,14,1,3135.4,3,1,3135.3,272,7,3135.2,95,4,3136.3,55,1,3136.5,17,1,3136.7,50,1,3136.8,20,1,3136.9,438,3
2031,2026-06-16 12:35:06+05:30,3136.3,1,3130.04,2111111,134420.0,200744.0,3163.0,3163.0,3108.0,3134.3,31951200,3447.7,2820.9,3839.9,2896.0,3136.0,762,2,3135.7,14,1,3135.4,3,1,3135.3,272,7,3135.2,95,4,3136.3,55,1,3136.5,17,1,3136.7,50,1,3136.8,20,1,3136.9,438,3
2031,2026-06-16 12:35:07+05:30,3136.0,20,3130.04,2111111,134420.0,200744.0,3163.0,3163.0,3108.0,3134.3,31951200,3447.7,2820.9,3839.9,2896.0,3136.0,762,2,3135.7,14,1,3135.4,3,1,3135.3,272,7,3135.2,95,4,3136.3,55,1,3136.5,17,1,3136.7,50,1,3136.8,20,1,3136.9,438,3
2031,2026-06-16 12:35:08+05:30,3136.0,20,3130.04,2111111,134420.0,200744.0,3163.0,3163.0,3108.0,3134.3,31951200,3447.7,2820.9,3839.9,2896.0,3136.0,762,2,3135.7,14,1,3135.4,3,1,3135.3,272,7,3135.2,95,4,3136.3,55,1,3136.5,17,1,3136.7,50,1,3136.8,20,1,3136.9,438,3
2031,2026-06-16 12:35:09+05:30,3136.3,1,3130.04,2111111,134420.0,200744.0,3163.0,3163.0,3108.0,3134.3,31951200,3447.7,2820.9,3839.9,2896.0,3136.0,762,2,3135.7,14,1,3135.4,3,1,3135.3,272,7,3135.2,95,4,3136.3,55,1,3136.5,17,1,3136.7,50,1,3136.8,20,1,3136.9,438,3
2031,2026-06-16 12:35:09+05:30,3136.3,1,3130.04,2111111,134420.0,200744.0,3163.0,3163.0,3108.0,3134.3,31951200,3447.7,2820.9,3839.9,2896.0,3136.0,762,2,3135.7,14,1,3135.4,3,1,3135.3,272,7,3135.2,95,4,3136.3,55,1,3136.5,17,1,3136.7,50,1,3136.8,20,1,3136.9,438,3
2031,2026-06-16 12:35:10+05:30,3136.3,1,3130.04,2111409,135306.0,201434.0,3163.0,3163.0,3108.0,3134.3,31951200,3447.7,2820.9,3839.9,2896.0,3136.0,803,5,3135.6,27,2,3135.5,95,6,3135.4,32,2,3135.3,241,4,3136.3,93,2,3136.5,17,1,3136.7,50,1,3136.8,20,1,3136.9,438,3
2031,2026-06-16 12:35:11+05:30,3136.3,1,3130.04,2111409,135306.0,201434.0,3163.0,3163.0,3108.0,3134.3,31951200,3447.7,2820.9,3839.9,2896.0,3136.0,803,5,3135.6,27,2,3135.5,95,6,3135.4,32,2,3135.3,241,4,3136.3,93,2,3136.5,17,1,3136.7,50,1,3136.8,20,1,3136.9,438,3
2031,2026-06-16 12:35:11+05:30,3135.0,1,3130.04,2111409,135306.0,201434.0,3163.0,3163.0,3108.0,3134.3,31951200,3447.7,2820.9,3839.9,2896.0,3136.0,803,5,3135.6,27,2,3135.5,95,6,3135.4,32,2,3135.3,241,4,3136.3,93,2,3136.5,17,1,3136.7,50,1,3136.8,20,1,3136.9,438,3
2031,2026-06-16 12:35:12+05:30,3135.0,1,3130.04,2111409,135306.0,201434.0,3163.0,3163.0,3108.0,3134.3,31951200,3447.7,2820.9,3839.9,2896.0,3136.0,803,5,3135.6,27,2,3135.5,95,6,3135.4,32,2,3135.3,241,4,3136.3,93,2,3136.5,17,1,3136.7,50,1,3136.8,20,1,3136.9,438,3
2031,2026-06-16 12:35:13+05:30,3135.0,1,3130.04,2111409,135306.0,201434.0,3163.0,3163.0,3108.0,3134.3,31951200,3447.7,2820.9,3839.9,2896.0,3136.0,803,5,3135.6,27,2,3135.5,95,6,3135.4,32,2,3135.3,241,4,3136.3,93,2,3136.5,17,1,3136.7,50,1,3136.8,20,1,3136.9,438,3
2031,2026-06-16 12:35:13+05:30,3134.7,1,3130.04,2111409,135306.0,201434.0,3163.0,3163.0,3108.0,3134.3,31951200,3447.7,2820.9,3839.9,2896.0,3136.0,803,5,3135.6,27,2,3135.5,95,6,3135.4,32,2,3135.3,241,4,3136.3,93,2,3136.5,17,1,3136.7,50,1,3136.8,20,1,3136.9,438,3
2031,2026-06-16 12:35:14+05:30,3134.7,1,3130.04,2111409,135306.0,201434.0,3163.0,3163.0,3108.0,3134.3,31951200,3447.7,2820.9,3839.9,2896.0,3136.0,803,5,3135.6,27,2,3135.5,95,6,3135.4,32,2,3135.3,241,4,3136.3,93,2,3136.5,17,1,3136.7,50,1,3136.8,20,1,3136.9,438,3
2031,2026-06-16 12:35:14+05:30,3134.6,1,3130.05,2114146,130029.0,206938.0,3163.0,3163.0,3108.0,3134.3,31951200,3447.7,2820.9,3839.9,2896.0,3134.0,32,5,3133.9,2,1,3133.7,23,2,3133.6,2,1,3133.5,50,1,3134.6,190,1,3134.7,38,1,3134.8,20,1,3134.9,1,1,3135.0,104,5
2031,2026-06-16 12:35:15+05:30,3134.6,1,3130.05,2114146,130029.0,206938.0,3163.0,3163.0,3108.0,3134.3,31951200,3447.7,2820.9,3839.9,2896.0,3134.0,32,5,3133.9,2,1,3133.7,23,2,3133.6,2,1,3133.5,50,1,3134.6,190,1,3134.7,38,1,3134.8,20,1,3134.9,1,1,3135.0,104,5
2031,2026-06-16 12:35:15+05:30,3133.7,3,3130.05,2114146,130029.0,206938.0,3163.0,3163.0,3108.0,3134.3,31951200,3447.7,2820.9,3839.9,2896.0,3134.0,32,5,3133.9,2,1,3133.7,23,2,3133.6,2,1,3133.5,50,1,3134.6,190,1,3134.7,38,1,3134.8,20,1,3134.9,1,1,3135.0,104,5
2031,2026-06-16 12:35:16+05:30,3133.7,3,3130.05,2114146,130029.0,206938.0,3163.0,3163.0,3108.0,3134.3,31951200,3447.7,2820.9,3839.9,2896.0,3134.0,32,5,3133.9,2,1,3133.7,23,2,3133.6,2,1,3133.5,50,1,3134.6,190,1,3134.7,38,1,3134.8,20,1,3134.9,1,1,3135.0,104,5
2031,2026-06-16 12:35:17+05:30,3133.7,3,3130.05,2114146,130029.0,206938.0,3163.0,3163.0,3108.0,3134.3,31951200,3447.7,2820.9,3839.9,2896.0,3134.0,32,5,3133.9,2,1,3133.7,23,2,3133.6,2,1,3133.5,50,1,3134.6,190,1,3134.7,38,1,3134.8,20,1,3134.9,1,1,3135.0,104,5
2031,2026-06-16 12:35:17+05:30,3134.6,25,3130.05,2114146,130029.0,206938.0,3163.0,3163.0,3108.0,3134.3,31951200,3447.7,2820.9,3839.9,2896.0,3134.0,32,5,3133.9,2,1,3133.7,23,2,3133.6,2,1,3133.5,50,1,3134.6,190,1,3134.7,38,1,3134.8,20,1,3134.9,1,1,3135.0,104,5
2031,2026-06-16 12:35:17+05:30,3134.6,25,3130.05,2114146,130029.0,206938.0,3163.0,3163.0,3108.0,3134.3,31951200,3447.7,2820.9,3839.9,2896.0,3134.0,32,5,3133.9,2,1,3133.7,23,2,3133.6,2,1,3133.5,50,1,3134.6,190,1,3134.7,38,1,3134.8,20,1,3134.9,1,1,3135.0,104,5
2031,2026-06-16 12:35:18+05:30,3134.6,25,3130.05,2114146,130029.0,206938.0,3163.0,3163.0,3108.0,3134.3,31951200,3447.7,2820.9,3839.9,2896.0,3134.0,32,5,3133.9,2,1,3133.7,23,2,3133.6,2,1,3133.5,50,1,3134.6,190,1,3134.7,38,1,3134.8,20,1,3134.9,1,1,3135.0,104,5
2031,2026-06-16 12:35:18+05:30,3134.9,1,3130.05,2114146,130029.0,206938.0,3163.0,3163.0,3108.0,3134.3,31951200,3447.7,2820.9,3839.9,2896.0,3134.0,32,5,3133.9,2,1,3133.7,23,2,3133.6,2,1,3133.5,50,1,3134.6,190,1,3134.7,38,1,3134.8,20,1,3134.9,1,1,3135.0,104,5
2031,2026-06-16 12:35:18+05:30,3134.9,1,3130.05,2114404,130074.0,206679.0,3163.0,3163.0,3108.0,3134.3,31951200,3447.7,2820.9,3839.9,2896.0,3134.0,2,1,3133.7,20,2,3133.6,2,1,3133.3,76,3,3133.2,260,3,3134.5,1,1,3134.6,39,2,3134.8,38,1,3134.9,1,1,3135.0,97,4
2031,2026-06-16 12:35:19+05:30,3134.9,1,3130.05,2114404,130074.0,206679.0,3163.0,3163.0,3108.0,3134.3,31949600,3447.7,2820.9,3839.9,2896.0,3134.0,2,1,3133.7,20,2,3133.6,2,1,3133.3,76,3,3133.2,260,3,3134.5,1,1,3134.6,39,2,3134.8,38,1,3134.9,1,1,3135.0,97,4
2031,2026-06-16 12:35:19+05:30,3134.9,1,3130.05,2114404,130082.0,206638.0,3163.0,3163.0,3108.0,3134.3,31949600,3447.7,2820.9,3839.9,2896.0,3134.0,3,2,3133.7,23,2,3133.6,2,1,3133.3,76,3,3133.2,260,3,3134.5,1,1,3134.6,39,2,3134.8,38,1,3134.9,1,1,3135.0,45,3
2031,2026-06-16 12:35:20+05:30,3133.7,6,3130.05,2114447,129953.0,206546.0,3163.0,3163.0,3108.0,3134.3,31949600,3447.7,2820.9,3839.9,2896.0,3133.7,26,2,3133.6,2,1,3133.3,45,2,3133.2,10,1,3133.1,11,1,3134.5,2,2,3134.6,38,1,3134.8,63,3,3134.9,107,3,3135.0,95,4
2031,2026-06-16 12:35:20+05:30,3133.7,6,3130.05,2114447,129953.0,206546.0,3163.0,3163.0,3108.0,3134.3,31949600,3447.7,2820.9,3839.9,2896.0,3133.7,26,2,3133.6,2,1,3133.3,45,2,3133.2,10,1,3133.1,11,1,3134.5,2,2,3134.6,38,1,3134.8,63,3,3134.9,107,3,3135.0,95,4
2031,2026-06-16 12:35:21+05:30,3133.7,6,3130.05,2114447,130061.0,207133.0,3163.0,3163.0,3108.0,3134.3,31949600,3447.7,2820.9,3839.9,2896.0,3134.1,17,1,3133.7,6,1,3133.6,2,1,3133.3,45,2,3133.2,26,2,3134.5,2,2,3134.6,38,1,3134.8,21,1,3134.9,53,2,3135.0,116,5
2031,2026-06-16 12:35:22+05:30,3134.9,38,3130.05,2114547,130097.0,207002.0,3163.0,3163.0,3108.0,3134.3,31949600,3447.7,2820.9,3839.9,2896.0,3134.1,17,1,3133.7,10,2,3133.6,2,1,3133.3,45,2,3133.2,10,1,3134.9,1,1,3135.0,144,6,3135.1,115,2,3135.2,184,5,3135.3,91,2
2031,2026-06-16 12:35:22+05:30,3134.9,38,3130.05,2114547,130097.0,207002.0,3163.0,3163.0,3108.0,3134.3,31949600,3447.7,2820.9,3839.9,2896.0,3134.1,17,1,3133.7,10,2,3133.6,2,1,3133.3,45,2,3133.2,10,1,3134.9,1,1,3135.0,144,6,3135.1,115,2,3135.2,184,5,3135.3,91,2
2031,2026-06-16 12:35:23+05:30,3134.9,38,3130.05,2114547,130069.0,206793.0,3163.0,3163.0,3108.0,3134.3,31949600,3447.7,2820.9,3839.9,2896.0,3134.4,16,1,3134.0,2,1,3133.7,26,3,3133.6,2,1,3133.3,45,2,3134.9,65,5,3135.0,129,5,3135.1,115,2,3135.2,255,7,3135.3,42,1
2031,2026-06-16 12:35:24+05:30,3134.9,20,3130.05,2114547,130069.0,206793.0,3163.0,3163.0,3108.0,3134.3,31949600,3447.7,2820.9,3839.9,2896.0,3134.4,16,1,3134.0,2,1,3133.7,26,3,3133.6,2,1,3133.3,45,2,3134.9,65,5,3135.0,129,5,3135.1,115,2,3135.2,255,7,3135.3,42,1
2031,2026-06-16 12:35:24+05:30,3134.9,20,3130.05,2114598,130046.0,207179.0,3163.0,3163.0,3108.0,3134.3,31949600,3447.7,2820.9,3839.9,2896.0,3134.5,16,1,3134.0,2,1,3133.7,29,4,3133.6,2,1,3133.3,45,2,3134.9,81,6,3135.0,58,2,3135.1,84,2,3135.2,206,5,3135.3,94,2
2031,2026-06-16 12:35:25+05:30,3134.2,1,3130.05,2114598,130046.0,207179.0,3163.0,3163.0,3108.0,3134.3,31949600,3447.7,2820.9,3839.9,2896.0,3134.5,16,1,3134.0,2,1,3133.7,29,4,3133.6,2,1,3133.3,45,2,3134.9,81,6,3135.0,58,2,3135.1,84,2,3135.2,206,5,3135.3,94,2
2031,2026-06-16 12:35:26+05:30,3133.6,18,3130.05,2114832,129077.0,207976.0,3163.0,3163.0,3108.0,3134.3,31949600,3447.7,2820.9,3839.9,2896.0,3133.3,5,1,3133.1,27,2,3133.0,40,4,3132.8,25,2,3132.7,71,2,3133.6,171,1,3133.7,148,1,3134.2,20,1,3134.4,21,1,3134.6,85,3
2031,2026-06-16 12:35:26+05:30,3133.6,161,3130.05,2114832,129077.0,207976.0,3163.0,3163.0,3108.0,3134.3,31949600,3447.7,2820.9,3839.9,2896.0,3133.3,5,1,3133.1,27,2,3133.0,40,4,3132.8,25,2,3132.7,71,2,3133.6,171,1,3133.7,148,1,3134.2,20,1,3134.4,21,1,3134.6,85,3
2031,2026-06-16 12:35:27+05:30,3133.6,161,3130.05,2114993,129619.0,207635.0,3163.0,3163.0,3108.0,3134.3,31949600,3447.7,2820.9,3839.9,2896.0,3133.3,49,3,3133.0,74,5,3132.9,10,1,3132.8,16,2,3132.7,71,2,3133.6,34,2,3133.7,148,1,3134.2,20,1,3134.4,21,1,3134.6,135,4
2031,2026-06-16 12:35:28+05:30,3133.6,161,3130.05,2114993,129762.0,207664.0,3163.0,3163.0,3108.0,3134.3,31949600,3447.7,2820.9,3839.9,2896.0,3133.3,49,3,3133.0,74,5,3132.9,10,1,3132.8,16,2,3132.7,71,2,3133.6,34,2,3133.7,148,1,3134.2,45,2,3134.4,21,1,3134.6,135,4
2031,2026-06-16 12:35:29+05:30,3133.6,161,3130.05,2114993,129827.0,207670.0,3163.0,3163.0,3108.0,3134.3,31949600,3447.7,2820.9,3839.9,2896.0,3133.3,63,4,3133.2,16,1,3133.0,58,4,3132.9,37,3,3132.8,16,2,3133.6,34,2,3133.7,148,1,3134.2,45,2,3134.4,21,1,3134.6,135,4
2031,2026-06-16 12:35:30+05:30,3133.6,161,3130.05,2114993,129783.0,207660.0,3163.0,3163.0,3108.0,3134.3,31949600,3447.7,2820.9,3839.9,2896.0,3133.3,68,5,3133.2,16,1,3133.1,7,1,3133.0,58,4,3132.9,31,3,3133.6,34,2,3133.7,148,1,3134.2,25,1,3134.4,21,1,3134.6,135,4
2031,2026-06-16 12:35:30+05:30,3133.3,36,3130.05,2114993,129783.0,207660.0,3163.0,3163.0,3108.0,3134.3,31949600,3447.7,2820.9,3839.9,2896.0,3133.3,68,5,3133.2,16,1,3133.1,7,1,3133.0,58,4,3132.9,31,3,3133.6,34,2,3133.7,148,1,3134.2,25,1,3134.4,21,1,3134.6,135,4
2031,2026-06-16 12:35:31+05:30,3133.6,1,3130.05,2115070,129917.0,207703.0,3163.0,3163.0,3108.0,3134.3,31949600,3447.7,2820.9,3839.9,2896.0,3133.6,6,1,3133.5,2,2,3133.3,38,6,3133.0,87,5,3132.9,10,1,3133.7,148,1,3134.2,25,1,3134.4,21,1,3134.6,156,5,3134.7,45,2
2031,2026-06-16 12:35:31+05:30,3133.7,11,3130.05,2115070,129917.0,207703.0,3163.0,3163.0,3108.0,3134.3,31949600,3447.7,2820.9,3839.9,2896.0,3133.6,6,1,3133.5,2,2,3133.3,38,6,3133.0,87,5,3132.9,10,1,3133.7,148,1,3134.2,25,1,3134.4,21,1,3134.6,156,5,3134.7,45,2
2031,2026-06-16 12:35:32+05:30,3133.7,11,3130.05,2115082,129867.0,207737.0,3163.0,3163.0,3108.0,3134.3,31949600,3447.7,2820.9,3839.9,2896.0,3133.6,12,3,3133.5,2,2,3133.4,17,1,3133.3,40,6,3133.1,8,1,3133.7,170,2,3134.2,25,1,3134.4,21,1,3134.6,135,4,3134.7,17,1
2031,2026-06-16 12:35:32+05:30,3133.7,36,3130.05,2115082,129867.0,207737.0,3163.0,3163.0,3108.0,3134.3,31949600,3447.7,2820.9,3839.9,2896.0,3133.6,12,3,3133.5,2,2,3133.4,17,1,3133.3,40,6,3133.1,8,1,3133.7,170,2,3134.2,25,1,3134.4,21,1,3134.6,135,4,3134.7,17,1
2031,2026-06-16 12:35:33+05:30,3133.7,36,3130.05,2115254,130418.0,207867.0,3163.0,3163.0,3108.0,3134.3,31949600,3447.7,2820.9,3839.9,2896.0,3133.6,12,3,3133.5,2,2,3133.3,24,5,3133.1,8,1,3133.0,8,2,3134.2,25,1,3134.3,400,2,3134.4,38,1,3134.6,529,6,3134.8,319,4
2031,2026-06-16 12:35:34+05:30,3133.7,36,3130.05,2115254,130425.0,207875.0,3163.0,3163.0,3108.0,3134.3,31949600,3447.7,2820.9,3839.9,2896.0,3133.6,12,3,3133.5,2,2,3133.3,24,5,3133.1,8,1,3133.0,8,2,3134.2,25,1,3134.3,400,2,3134.4,38,1,3134.6,529,6,3134.8,319,4
2031,2026-06-16 12:35:35+05:30,3133.7,36,3130.05,2115254,130652.0,205839.0,3163.0,3163.0,3108.0,3134.3,31949600,3447.7,2820.9,3839.9,2896.0,3133.7,1,1,3133.6,6,2,3133.5,2,2,3133.3,41,6,3133.2,16,1,3134.2,42,2,3134.3,400,2,3134.4,50,1,3134.6,491,5,3134.7,38,1
2031,2026-06-16 12:35:35+05:30,3133.7,2,3130.05,2115254,130652.0,205839.0,3163.0,3163.0,3108.0,3134.3,31949600,3447.7,2820.9,3839.9,2896.0,3133.7,1,1,3133.6,6,2,3133.5,2,2,3133.3,41,6,3133.2,16,1,3134.2,42,2,3134.3,400,2,3134.4,50,1,3134.6,491,5,3134.7,38,1
2031,2026-06-16 12:35:36+05:30,3133.4,159,3130.05,2115427,128525.0,208932.0,3163.0,3163.0,3108.0,3134.3,31949600,3447.7,2820.9,3839.9,2896.0,3133.3,24,5,3133.0,8,2,3132.9,16,1,3132.8,5,1,3132.7,21,1,3133.4,33,1,3133.7,194,1,3134.2,176,8,3134.3,400,2,3134.4,109,3
2031,2026-06-16 12:35:36+05:30,3133.4,159,3130.05,2115427,128525.0,208932.0,3163.0,3163.0,3108.0,3134.3,31949600,3447.7,2820.9,3839.9,2896.0,3133.3,24,5,3133.0,8,2,3132.9,16,1,3132.8,5,1,3132.7,21,1,3133.4,33,1,3133.7,194,1,3134.2,176,8,3134.3,400,2,3134.4,109,3
2031,2026-06-16 12:35:37+05:30,3133.4,159,3130.05,2115427,128983.0,208803.0,3163.0,3163.0,3108.0,3134.3,31949600,3447.7,2820.9,3839.9,2896.0,3133.3,24,5,3133.2,16,1,3133.0,14,3,3132.9,32,2,3132.8,5,1,3133.4,55,2,3133.6,50,1,3133.7,194,1,3134.2,97,4,3134.3,421,3
2031,2026-06-16 12:35:37+05:30,3133.4,1,3130.05,2115427,128983.0,208803.0,3163.0,3163.0,3108.0,3134.3,31949600,3447.7,2820.9,3839.9,2896.0,3133.3,24,5,3133.2,16,1,3133.0,14,3,3132.9,32,2,3132.8,5,1,3133.4,55,2,3133.6,50,1,3133.7,194,1,3134.2,97,4,3134.3,421,3
2031,2026-06-16 12:35:38+05:30,3133.4,1,3130.05,2115448,129207.0,209213.0,3163.0,3163.0,3108.0,3134.3,31949600,3447.7,2820.9,3839.9,2896.0,3133.3,51,5,3133.1,20,2,3133.0,8,2,3132.9,16,1,3132.8,13,2,3133.4,54,2,3133.6,50,1,3133.7,194,1,3134.0,400,1,3134.2,72,3
2031,2026-06-16 12:35:39+05:30,3133.4,1,3130.05,2115448,129258.0,209014.0,3163.0,3163.0,3108.0,3134.3,31949600,3447.7,2820.9,3839.9,2896.0,3133.3,48,4,3133.2,16,1,3133.0,14,3,3132.9,32,2,3132.8,13,2,3133.4,54,2,3133.6,50,1,3133.7,194,1,3134.0,400,1,3134.2,72,3
2031,2026-06-16 12:35:40+05:30,3133.4,8,3130.05,2115456,129257.0,209007.0,3163.0,3163.0,3108.0,3134.3,31949600,3447.7,2820.9,3839.9,2896.0,3133.3,47,3,3133.2,16,1,3133.0,14,3,3132.9,32,2,3132.8,13,2,3133.4,46,2,3133.6,50,1,3133.7,194,1,3134.0,400,1,3134.2,72,3
2031,2026-06-16 12:35:40+05:30,3133.4,8,3130.05,2115456,129257.0,209007.0,3163.0,3163.0,3108.0,3134.3,31949600,3447.7,2820.9,3839.9,2896.0,3133.3,47,3,3133.2,16,1,3133.0,14,3,3132.9,32,2,3132.8,13,2,3133.4,46,2,3133.6,50,1,3133.7,194,1,3134.0,400,1,3134.2,72,3
2031,2026-06-16 12:35:41+05:30,3133.4,8,3130.05,2115464,129191.0,209235.0,3163.0,3163.0,3108.0,3134.3,31949600,3447.7,2820.9,3839.9,2896.0,3133.3,47,3,3133.0,8,2,3132.8,13,2,3132.7,21,1,3132.6,37,3,3133.4,38,2,3133.6,50,1,3133.7,594,3,3134.0,820,4,3134.2,293,5
2031,2026-06-16 12:35:41+05:30,3133.4,1,3130.05,2115464,129191.0,209235.0,3163.0,3163.0,3108.0,3134.3,31949600,3447.7,2820.9,3839.9,2896.0,3133.3,47,3,3133.0,8,2,3132.8,13,2,3132.7,21,1,3132.6,37,3,3133.4,38,2,3133.6,50,1,3133.7,594,3,3134.0,820,4,3134.2,293,5
2031,2026-06-16 12:35:42+05:30,3133.4,1,3130.05,2115481,129158.0,209273.0,3163.0,3163.0,3108.0,3134.3,31949600,3447.7,2820.9,3839.9,2896.0,3133.3,48,3,3133.0,8,2,3132.8,21,2,3132.7,21,1,3132.6,37,3,3133.4,58,2,3133.6,50,1,3133.7,594,3,3134.0,879,6,3134.1,36,1
2031,2026-06-16 12:35:43+05:30,3133.4,1,3130.05,2115481,129757.0,209304.0,3163.0,3163.0,3108.0,3134.3,31949600,3447.7,2820.9,3839.9,2896.0,3133.3,48,3,3133.0,8,2,3132.8,21,2,3132.7,21,1,3132.6,37,3,3133.4,58,2,3133.6,50,1,3133.7,594,3,3134.0,858,5,3134.1,21,1
2031,2026-06-16 12:35:43+05:30,3133.7,24,3130.05,2115481,129757.0,209304.0,3163.0,3163.0,3108.0,3134.3,31949600,3447.7,2820.9,3839.9,2896.0,3133.3,48,3,3133.0,8,2,3132.8,21,2,3132.7,21,1,3132.6,37,3,3133.4,58,2,3133.6,50,1,3133.7,594,3,3134.0,858,5,3134.1,21,1
2031,2026-06-16 12:35:44+05:30,3133.7,24,3130.05,2115642,129802.0,207843.0,3163.0,3163.0,3108.0,3134.3,31949600,3447.7,2820.9,3839.9,2896.0,3133.4,24,1,3133.3,48,4,3133.2,7,1,3133.1,26,2,3133.0,18,3,3133.7,146,1,3134.0,400,1,3134.2,1,1,3134.4,21,1,3134.6,41,2
2031,2026-06-16 12:35:44+05:30,3133.7,1,3130.05,2115642,129802.0,207843.0,3163.0,3163.0,3108.0,3134.3,31949600,3447.7,2820.9,3839.9,2896.0,3133.4,24,1,3133.3,48,4,3133.2,7,1,3133.1,26,2,3133.0,18,3,3133.7,146,1,3134.0,400,1,3134.2,1,1,3134.4,21,1,3134.6,41,2
2031,2026-06-16 12:35:45+05:30,3133.7,1,3130.05,2115643,129729.0,208106.0,3163.0,3163.0,3108.0,3134.3,31949600,3447.7,2820.9,3839.9,2896.0,3133.4,24,1,3133.3,43,2,3133.1,10,1,3133.0,18,3,3132.9,47,2,3133.7,188,3,3134.0,400,1,3134.2,1,1,3134.4,92,3,3134.5,38,1
2031,2026-06-16 12:35:45+05:30,3133.7,54,3130.05,2115643,129729.0,208106.0,3163.0,3163.0,3108.0,3134.3,31949600,3447.7,2820.9,3839.9,2896.0,3133.4,24,1,3133.3,43,2,3133.1,10,1,3133.0,18,3,3132.9,47,2,3133.7,188,3,3134.0,400,1,3134.2,1,1,3134.4,92,3,3134.5,38,1
2031,2026-06-16 12:35:46+05:30,3133.7,25,3130.05,2115722,130066.0,208093.0,3163.0,3163.0,3108.0,3134.3,31949600,3447.7,2820.9,3839.9,2896.0,3133.6,2,2,3133.5,2,1,3133.4,41,3,3133.3,43,2,3133.2,7,1,3133.7,109,3,3134.0,400,1,3134.2,1,1,3134.4,21,1,3134.6,20,1
2031,2026-06-16 12:35:46+05:30,3133.7,1,3130.05,2115722,130066.0,208093.0,3163.0,3163.0,3108.0,3134.3,31949600,3447.7,2820.9,3839.9,2896.0,3133.6,2,2,3133.5,2,1,3133.4,41,3,3133.3,43,2,3133.2,7,1,3133.7,109,3,3134.0,400,1,3134.2,1,1,3134.4,21,1,3134.6,20,1
2031,2026-06-16 12:35:47+05:30,3133.7,1,3130.05,2115723,130077.0,208097.0,3163.0,3163.0,3108.0,3134.3,31949600,3447.7,2820.9,3839.9,2896.0,3133.6,2,2,3133.5,2,1,3133.4,41,3,3133.3,43,2,3133.2,7,1,3133.7,108,3,3134.0,400,1,3134.2,1,1,3134.4,21,1,3134.6,20,1
2031,2026-06-16 12:35:48+05:30,3133.6,1,3130.05,2115726,130041.0,208114.0,3163.0,3163.0,3108.0,3134.3,31949600,3447.7,2820.9,3839.9,2896.0,3133.6,2,2,3133.5,2,1,3133.4,41,3,3133.3,43,2,3133.2,7,1,3133.7,122,5,3134.0,400,1,3134.4,21,1,3134.6,70,2,3134.8,130,4
2031,2026-06-16 12:35:48+05:30,3133.7,20,3130.05,2115726,130041.0,208114.0,3163.0,3163.0,3108.0,3134.3,31949600,3447.7,2820.9,3839.9,2896.0,3133.6,2,2,3133.5,2,1,3133.4,41,3,3133.3,43,2,3133.2,7,1,3133.7,122,5,3134.0,400,1,3134.4,21,1,3134.6,70,2,3134.8,130,4
2031,2026-06-16 12:35:49+05:30,3133.7,20,3130.06,2115896,129757.0,207738.0,3163.0,3163.0,3108.0,3134.3,31949600,3447.7,2820.9,3839.9,2896.0,3133.6,2,2,3133.5,2,1,3133.4,25,2,3133.3,77,2,3133.1,10,1,3133.7,10,1,3134.0,400,1,3134.4,21,1,3134.5,38,1,3134.6,20,1
2031,2026-06-16 12:35:50+05:30,3133.7,10,3130.06,2115906,130094.0,208127.0,3163.0,3163.0,3108.0,3134.3,31949600,3447.7,2820.9,3839.9,2896.0,3133.7,3,1,3133.6,2,2,3133.5,2,1,3133.4,25,2,3133.3,43,2,3134.0,400,1,3134.4,21,1,3134.5,38,1,3134.6,41,2,3134.7,68,2
2031,2026-06-16 12:35:50+05:30,3134.0,1,3130.06,2115906,130094.0,208127.0,3163.0,3163.0,3108.0,3134.3,31949600,3447.7,2820.9,3839.9,2896.0,3133.7,3,1,3133.6,2,2,3133.5,2,1,3133.4,25,2,3133.3,43,2,3134.0,400,1,3134.4,21,1,3134.5,38,1,3134.6,41,2,3134.7,68,2
2031,2026-06-16 12:35:51+05:30,3134.0,1,3130.06,2115907,130250.0,207769.0,3163.0,3163.0,3108.0,3134.3,31949600,3447.7,2820.9,3839.9,2896.0,3133.8,2,2,3133.7,41,2,3133.5,2,1,3133.4,42,3,3133.3,46,2,3134.0,399,1,3134.5,38,1,3134.6,20,1,3134.7,71,2,3134.8,109,3
2031,2026-06-16 12:35:51+05:30,3134.0,12,3130.06,2115907,130250.0,207769.0,3163.0,3163.0,3108.0,3134.3,31949600,3447.7,2820.9,3839.9,2896.0,3133.8,2,2,3133.7,41,2,3133.5,2,1,3133.4,42,3,3133.3,46,2,3134.0,399,1,3134.5,38,1,3134.6,20,1,3134.7,71,2,3134.8,109,3
2031,2026-06-16 12:35:52+05:30,3134.0,12,3130.06,2115933,130603.0,207902.0,3163.0,3163.0,3108.0,3134.3,31949600,3447.7,2820.9,3839.9,2896.0,3133.9,2,1,3133.8,2,2,3133.7,55,2,3133.4,25,2,3133.3,46,2,3134.0,403,2,3134.6,41,2,3134.7,50,1,3134.8,109,3,3134.9,52,2
2031,2026-06-16 12:35:52+05:30,3134.0,9,3130.06,2115933,130603.0,207902.0,3163.0,3163.0,3108.0,3134.3,31949600,3447.7,2820.9,3839.9,2896.0,3133.9,2,1,3133.8,2,2,3133.7,55,2,3133.4,25,2,3133.3,46,2,3134.0,403,2,3134.6,41,2,3134.7,50,1,3134.8,109,3,3134.9,52,2
2031,2026-06-16 12:35:53+05:30,3134.0,9,3130.06,2115943,130624.0,207221.0,3163.0,3163.0,3108.0,3134.3,31949600,3447.7,2820.9,3839.9,2896.0,3133.9,38,2,3133.8,2,2,3133.7,55,2,3133.5,14,1,3133.4,158,4,3134.0,393,2,3134.6,20,1,3134.8,109,3,3134.9,52,2,3135.0,119,3
2031,2026-06-16 12:35:53+05:30,3133.9,3,3130.06,2115943,130624.0,207221.0,3163.0,3163.0,3108.0,3134.3,31949600,3447.7,2820.9,3839.9,2896.0,3133.9,38,2,3133.8,2,2,3133.7,55,2,3133.5,14,1,3133.4,158,4,3134.0,393,2,3134.6,20,1,3134.8,109,3,3134.9,52,2,3135.0,119,3
2031,2026-06-16 12:35:54+05:30,3133.9,3,3130.06,2116108,130649.0,206222.0,3163.0,3163.0,3108.0,3134.3,31949600,3447.7,2820.9,3839.9,2896.0,3133.9,33,1,3133.8,2,2,3133.7,58,3,3133.6,29,1,3133.5,71,3,3134.0,233,2,3134.8,20,1,3134.9,2,1,3135.0,21,1,3135.1,20,1
2031,2026-06-16 12:35:55+05:30,3133.9,3,3130.06,2116108,130647.0,206226.0,3163.0,3163.0,3108.0,3134.3,31949600,3447.7,2820.9,3839.9,2896.0,3133.9,34,2,3133.8,15,3,3133.7,62,4,3133.6,29,1,3133.5,71,3,3134.0,233,2,3134.8,20,1,3134.9,2,1,3135.0,21,1,3135.1,20,1
2031,2026-06-16 12:35:55+05:30,3134.0,10,3130.06,2116108,130647.0,206226.0,3163.0,3163.0,3108.0,3134.3,31949600,3447.7,2820.9,3839.9,2896.0,3133.9,34,2,3133.8,15,3,3133.7,62,4,3133.6,29,1,3133.5,71,3,3134.0,233,2,3134.8,20,1,3134.9,2,1,3135.0,21,1,3135.1,20,1
2031,2026-06-16 12:35:55+05:30,3134.0,10,3130.06,2116118,130667.0,206044.0,3163.0,3163.0,3108.0,3134.3,31949600,3447.7,2820.9,3839.9,2896.0,3133.9,70,8,3133.8,43,4,3133.7,91,5,3133.6,60,3,3133.5,56,2,3134.0,223,2,3134.8,20,1,3134.9,2,1,3135.0,21,1,3135.1,20,1
2031,2026-06-16 12:35:56+05:30,3134.0,10,3130.06,2116118,130661.0,206477.0,3163.0,3163.0,3108.0,3134.3,31949600,3447.7,2820.9,3839.9,2896.0,3133.9,57,5,3133.8,28,2,3133.7,62,4,3133.6,65,4,3133.5,42,1,3134.0,223,2,3134.8,20,1,3134.9,2,1,3135.0,21,1,3135.1,20,1
2031,2026-06-16 12:35:57+05:30,3134.0,1,3130.06,2116133,130677.0,206086.0,3163.0,3163.0,3108.0,3134.3,31949600,3447.7,2820.9,3839.9,2896.0,3133.9,57,5,3133.8,16,1,3133.7,58,3,3133.6,21,2,3133.5,57,2,3134.0,208,2,3134.8,20,1,3134.9,2,1,3135.0,21,1,3135.1,20,1
2031,2026-06-16 12:35:57+05:30,3134.0,1,3130.06,2116133,130677.0,206086.0,3163.0,3163.0,3108.0,3134.3,31949600,3447.7,2820.9,3839.9,2896.0,3133.9,57,5,3133.8,16,1,3133.7,58,3,3133.6,21,2,3133.5,57,2,3134.0,208,2,3134.8,20,1,3134.9,2,1,3135.0,21,1,3135.1,20,1
2031,2026-06-16 12:35:58+05:30,3133.7,1,3130.06,2116334,130017.0,207576.0,3163.0,3163.0,3108.0,3134.3,31949600,3447.7,2820.9,3839.9,2896.0,3133.7,36,2,3133.5,29,2,3133.4,125,1,3133.2,16,1,3133.0,75,5,3133.9,200,1,3134.0,208,2,3134.5,21,1,3134.6,60,2,3134.7,450,3
2031,2026-06-16 12:35:58+05:30,3133.7,1,3130.06,2116334,130017.0,207576.0,3163.0,3163.0,3108.0,3134.3,31949600,3447.7,2820.9,3839.9,2896.0,3133.7,36,2,3133.5,29,2,3133.4,125,1,3133.2,16,1,3133.0,75,5,3133.9,200,1,3134.0,208,2,3134.5,21,1,3134.6,60,2,3134.7,450,3
2031,2026-06-16 12:35:59+05:30,3133.7,1,3130.06,2116334,130189.0,207582.0,3163.0,3163.0,3108.0,3134.3,31949600,3447.7,2820.9,3839.9,2896.0,3133.7,36,2,3133.5,29,2,3133.4,125,1,3133.2,16,1,3133.0,75,5,3133.9,201,2,3134.0,208,2,3134.5,21,1,3134.6,60,2,3134.7,450,3
2031,2026-06-16 12:36:00+05:30,3133.7,1,3130.06,2116334,130541.0,207396.0,3163.0,3163.0,3108.0,3134.3,31949600,3447.7,2820.9,3839.9,2896.0,3133.8,15,3,3133.7,42,4,3133.6,16,1,3133.4,155,4,3133.2,41,3,3133.9,202,3,3134.0,208,2,3134.6,22,1,3134.7,450,3,3134.8,79,3
2031,2026-06-16 12:36:01+05:30,3133.7,1,3130.06,2116334,130541.0,207396.0,3163.0,3163.0,3108.0,3134.3,31949600,3447.7,2820.9,3839.9,2896.0,3133.8,15,3,3133.7,42,4,3133.6,16,1,3133.4,155,4,3133.2,41,3,3133.9,202,3,3134.0,208,2,3134.6,22,1,3134.7,450,3,3134.8,79,3
2031,2026-06-16 12:36:01+05:30,3133.7,1,3130.06,2116334,130555.0,207391.0,3163.0,3163.0,3108.0,3134.3,31949600,3447.7,2820.9,3839.9,2896.0,3133.8,15,3,3133.7,42,4,3133.6,16,1,3133.4,148,3,3133.2,41,3,3133.9,227,4,3134.0,178,1,3134.6,22,1,3134.7,450,3,3134.8,79,3
2031,2026-06-16 12:36:02+05:30,3133.7,1,3130.06,2116334,130555.0,207391.0,3163.0,3163.0,3108.0,3134.3,31949600,3447.7,2820.9,3839.9,2896.0,3133.8,15,3,3133.7,42,4,3133.6,16,1,3133.4,148,3,3133.2,41,3,3133.9,227,4,3134.0,178,1,3134.6,22,1,3134.7,450,3,3134.8,79,3
2031,2026-06-16 12:36:02+05:30,3133.9,1,3130.06,2116334,130555.0,207391.0,3163.0,3163.0,3108.0,3134.3,31949600,3447.7,2820.9,3839.9,2896.0,3133.8,15,3,3133.7,42,4,3133.6,16,1,3133.4,148,3,3133.2,41,3,3133.9,227,4,3134.0,178,1,3134.6,22,1,3134.7,450,3,3134.8,79,3
2031,2026-06-16 12:36:02+05:30,3133.9,1,3130.06,2116335,130435.0,207421.0,3163.0,3163.0,3108.0,3134.3,31949600,3447.7,2820.9,3839.9,2896.0,3133.8,15,3,3133.7,42,4,3133.6,16,1,3133.4,23,2,3133.2,31,2,3133.9,262,5,3134.0,178,1,3134.5,33,2,3134.6,22,1,3134.7,450,3
2031,2026-06-16 12:36:03+05:30,3134.0,1,3130.06,2116335,130435.0,207421.0,3163.0,3163.0,3108.0,3134.3,31949600,3447.7,2820.9,3839.9,2896.0,3133.8,15,3,3133.7,42,4,3133.6,16,1,3133.4,23,2,3133.2,31,2,3133.9,262,5,3134.0,178,1,3134.5,33,2,3134.6,22,1,3134.7,450,3
2031,2026-06-16 12:36:03+05:30,3134.0,1,3130.06,2116607,130861.0,206784.0,3163.0,3163.0,3108.0,3134.3,31949600,3447.7,2820.9,3839.9,2896.0,3133.7,2,1,3133.5,52,4,3133.4,27,2,3133.3,45,3,3133.2,46,4,3134.0,177,1,3134.5,12,1,3134.6,22,1,3134.7,400,2,3134.8,74,2
2031,2026-06-16 12:36:04+05:30,3134.0,1,3130.06,2116607,130861.0,206784.0,3163.0,3163.0,3108.0,3134.3,31949600,3447.7,2820.9,3839.9,2896.0,3133.7,2,1,3133.5,52,4,3133.4,27,2,3133.3,45,3,3133.2,46,4,3134.0,177,1,3134.5,12,1,3134.6,22,1,3134.7,400,2,3134.8,74,2
2031,2026-06-16 12:36:04+05:30,3134.0,1,3130.06,2116612,130901.0,207179.0,3163.0,3163.0,3108.0,3134.3,31949600,3447.7,2820.9,3839.9,2896.0,3133.8,12,1,3133.7,33,3,3133.6,25,3,3133.5,70,5,3133.4,66,5,3134.0,172,1,3134.5,12,1,3134.6,22,1,3134.7,400,2,3134.8,74,2
2031,2026-06-16 12:36:04+05:30,3134.0,1,3130.06,2116612,130901.0,207179.0,3163.0,3163.0,3108.0,3134.3,31949600,3447.7,2820.9,3839.9,2896.0,3133.8,12,1,3133.7,33,3,3133.6,25,3,3133.5,70,5,3133.4,66,5,3134.0,172,1,3134.5,12,1,3134.6,22,1,3134.7,400,2,3134.8,74,2
2031,2026-06-16 12:36:05+05:30,3134.0,20,3130.06,2116612,130901.0,207179.0,3163.0,3163.0,3108.0,3134.3,31949600,3447.7,2820.9,3839.9,2896.0,3133.8,12,1,3133.7,33,3,3133.6,25,3,3133.5,70,5,3133.4,66,5,3134.0,172,1,3134.5,12,1,3134.6,22,1,3134.7,400,2,3134.8,74,2
2031,2026-06-16 12:36:05+05:30,3134.0,20,3130.06,2116632,130952.0,206759.0,3163.0,3163.0,3108.0,3134.3,31949600,3447.7,2820.9,3839.9,2896.0,3133.8,25,1,3133.7,33,3,3133.6,25,3,3133.5,70,5,3133.4,66,5,3134.0,152,1,3134.5,12,1,3134.6,22,1,3134.7,400,2,3134.8,74,2
2031,2026-06-16 12:36:06+05:30,3134.0,20,3130.06,2116632,130952.0,206759.0,3163.0,3163.0,3108.0,3134.3,31949600,3447.7,2820.9,3839.9,2896.0,3133.8,25,1,3133.7,33,3,3133.6,25,3,3133.5,70,5,3133.4,66,5,3134.0,152,1,3134.5,12,1,3134.6,22,1,3134.7,400,2,3134.8,74,2
2031,2026-06-16 12:36:06+05:30,3133.9,4,3130.06,2116632,130952.0,206759.0,3163.0,3163.0,3108.0,3134.3,31949600,3447.7,2820.9,3839.9,2896.0,3133.8,25,1,3133.7,33,3,3133.6,25,3,3133.5,70,5,3133.4,66,5,3134.0,152,1,3134.5,12,1,3134.6,22,1,3134.7,400,2,3134.8,74,2
2031,2026-06-16 12:36:06+05:30,3133.9,4,3130.06,2116800,131645.0,205823.0,3163.0,3163.0,3108.0,3134.3,31949600,3447.7,2820.9,3839.9,2896.0,3134.1,25,1,3134.0,28,2,3133.9,32,3,3133.8,16,1,3133.7,17,2,3134.5,12,1,3134.7,400,2,3134.9,2,1,3135.0,421,3,3135.2,270,3
2031,2026-06-16 12:36:07+05:30,3133.9,4,3130.06,2116800,131409.0,206316.0,3163.0,3163.0,3108.0,3134.3,31949600,3447.7,2820.9,3839.9,2896.0,3134.1,25,1,3134.0,16,1,3133.9,8,1,3133.8,16,1,3133.7,17,2,3134.5,12,1,3134.7,400,2,3134.9,2,1,3135.0,475,4,3135.1,21,1
2031,2026-06-16 12:36:08+05:30,3133.9,4,3130.06,2116800,131409.0,206316.0,3163.0,3163.0,3108.0,3134.3,31949600,3447.7,2820.9,3839.9,2896.0,3134.1,25,1,3134.0,16,1,3133.9,8,1,3133.8,16,1,3133.7,17,2,3134.5,12,1,3134.7,400,2,3134.9,2,1,3135.0,475,4,3135.1,21,1
2031,2026-06-16 12:36:08+05:30,3134.5,1,3130.06,2116801,131877.0,205960.0,3163.0,3163.0,3108.0,3134.3,31949600,3447.7,2820.9,3839.9,2896.0,3134.4,25,1,3134.3,2,1,3134.1,2,1,3134.0,16,1,3133.9,8,1,3134.5,11,1,3134.7,400,2,3134.9,2,1,3135.0,475,4,3135.1,200,1
2031,2026-06-16 12:36:08+05:30,3134.5,1,3130.06,2116801,131877.0,205960.0,3163.0,3163.0,3108.0,3134.3,31949600,3447.7,2820.9,3839.9,2896.0,3134.4,25,1,3134.3,2,1,3134.1,2,1,3134.0,16,1,3133.9,8,1,3134.5,11,1,3134.7,400,2,3134.9,2,1,3135.0,475,4,3135.1,200,1
2031,2026-06-16 12:36:09+05:30,3134.5,27,3130.06,2116839,132071.0,205274.0,3163.0,3163.0,3108.0,3134.3,31949600,3447.7,2820.9,3839.9,2896.0,3134.4,2,1,3134.3,17,2,3134.2,16,1,3134.1,2,1,3133.9,8,1,3134.5,8,1,3134.7,400,2,3134.9,2,1,3135.0,421,3,3135.1,221,2
2031,2026-06-16 12:36:09+05:30,3134.5,27,3130.06,2116839,132071.0,205274.0,3163.0,3163.0,3108.0,3134.3,31949600,3447.7,2820.9,3839.9,2896.0,3134.4,2,1,3134.3,17,2,3134.2,16,1,3134.1,2,1,3133.9,8,1,3134.5,8,1,3134.7,400,2,3134.9,2,1,3135.0,421,3,3135.1,221,2
2031,2026-06-16 12:36:10+05:30,3134.5,27,3130.06,2116839,132071.0,205274.0,3163.0,3163.0,3108.0,3134.3,31949600,3447.7,2820.9,3839.9,2896.0,3134.4,2,1,3134.3,17,2,3134.2,16,1,3134.1,2,1,3133.9,8,1,3134.5,8,1,3134.7,400,2,3134.9,2,1,3135.0,421,3,3135.1,221,2
2031,2026-06-16 12:36:10+05:30,3134.5,7,3130.06,2116839,132071.0,205274.0,3163.0,3163.0,3108.0,3134.3,31949600,3447.7,2820.9,3839.9,2896.0,3134.4,2,1,3134.3,17,2,3134.2,16,1,3134.1,2,1,3133.9,8,1,3134.5,8,1,3134.7,400,2,3134.9,2,1,3135.0,421,3,3135.1,221,2
2031,2026-06-16 12:36:10+05:30,3134.5,7,3130.06,2116847,132114.0,205374.0,3163.0,3163.0,3108.0,3134.3,31949600,3447.7,2820.9,3839.9,2896.0,3134.6,13,1,3134.5,11,1,3134.4,2,1,3134.3,2,1,3134.1,2,1,3134.7,400,2,3134.9,2,1,3135.0,400,2,3135.1,200,1,3135.2,74,2
2031,2026-06-16 12:36:11+05:30,3134.5,7,3130.06,2116847,132114.0,205374.0,3163.0,3163.0,3108.0,3134.3,31949600,3447.7,2820.9,3839.9,2896.0,3134.6,13,1,3134.5,11,1,3134.4,2,1,3134.3,2,1,3134.1,2,1,3134.7,400,2,3134.9,2,1,3135.0,400,2,3135.1,200,1,3135.2,74,2
2031,2026-06-16 12:36:11+05:30,3134.3,14,3130.06,2116847,132114.0,205374.0,3163.0,3163.0,3108.0,3134.3,31949600,3447.7,2820.9,3839.9,2896.0,3134.6,13,1,3134.5,11,1,3134.4,2,1,3134.3,2,1,3134.1,2,1,3134.7,400,2,3134.9,2,1,3135.0,400,2,3135.1,200,1,3135.2,74,2
2031,2026-06-16 12:36:11+05:30,3134.3,14,3130.06,2117047,132091.0,205635.0,3163.0,3163.0,3108.0,3134.3,31949600,3447.7,2820.9,3839.9,2896.0,3134.3,4,2,3134.2,15,1,3134.1,18,2,3134.0,15,1,3133.9,14,2,3134.7,201,2,3134.9,2,1,3135.0,400,2,3135.1,200,1,3135.2,20,1
2031,2026-06-16 12:36:12+05:30,3134.3,14,3130.06,2117047,132091.0,205635.0,3163.0,3163.0,3108.0,3134.3,31949600,3447.7,2820.9,3839.9,2896.0,3134.3,4,2,3134.2,15,1,3134.1,18,2,3134.0,15,1,3133.9,14,2,3134.7,201,2,3134.9,2,1,3135.0,400,2,3135.1,200,1,3135.2,20,1
2031,2026-06-16 12:36:12+05:30,3134.3,14,3130.06,2117047,132061.0,205058.0,3163.0,3163.0,3108.0,3134.3,31949600,3447.7,2820.9,3839.9,2896.0,3134.3,20,4,3134.2,15,1,3134.1,2,1,3134.0,15,1,3133.9,14,2,3134.6,5,1,3134.7,201,2,3134.9,2,1,3135.0,400,2,3135.1,200,1
2031,2026-06-16 12:36:13+05:30,3134.3,14,3130.06,2117047,132061.0,205058.0,3163.0,3163.0,3108.0,3134.3,31949600,3447.7,2820.9,3839.9,2896.0,3134.3,20,4,3134.2,15,1,3134.1,2,1,3134.0,15,1,3133.9,14,2,3134.6,5,1,3134.7,201,2,3134.9,2,1,3135.0,400,2,3135.1,200,1
2031,2026-06-16 12:36:13+05:30,3134.6,1,3130.06,2117047,132061.0,205058.0,3163.0,3163.0,3108.0,3134.3,31949600,3447.7,2820.9,3839.9,2896.0,3134.3,20,4,3134.2,15,1,3134.1,2,1,3134.0,15,1,3133.9,14,2,3134.6,5,1,3134.7,201,2,3134.9,2,1,3135.0,400,2,3135.1,200,1
2031,2026-06-16 12:36:14+05:30,3134.6,1,3130.06,2117048,132143.0,205065.0,3163.0,3163.0,3108.0,3134.3,31949600,3447.7,2820.9,3839.9,2896.0,3134.3,20,4,3134.2,15,1,3134.1,9,2,3134.0,37,4,3133.9,14,2,3134.6,4,1,3134.7,201,2,3134.9,2,1,3135.0,400,2,3135.1,200,1
2031,2026-06-16 12:36:14+05:30,3134.6,1,3130.06,2117048,132143.0,205065.0,3163.0,3163.0,3108.0,3134.3,31949600,3447.7,2820.9,3839.9,2896.0,3134.3,20,4,3134.2,15,1,3134.1,9,2,3134.0,37,4,3133.9,14,2,3134.6,4,1,3134.7,201,2,3134.9,2,1,3135.0,400,2,3135.1,200,1
2031,2026-06-16 12:36:14+05:30,3134.6,1,3130.06,2117048,132143.0,205065.0,3163.0,3163.0,3108.0,3134.3,31949600,3447.7,2820.9,3839.9,2896.0,3134.3,20,4,3134.2,15,1,3134.1,9,2,3134.0,37,4,3133.9,14,2,3134.6,4,1,3134.7,201,2,3134.9,2,1,3135.0,400,2,3135.1,200,1
2031,2026-06-16 12:36:14+05:30,3134.6,1,3130.06,2117048,132143.0,205065.0,3163.0,3163.0,3108.0,3134.3,31949600,3447.7,2820.9,3839.9,2896.0,3134.3,20,4,3134.2,15,1,3134.1,9,2,3134.0,37,4,3133.9,14,2,3134.6,4,1,3134.7,201,2,3134.9,2,1,3135.0,400,2,3135.1,200,1
2031,2026-06-16 12:36:15+05:30,3134.6,1,3130.06,2117059,132039.0,205295.0,3163.0,3163.0,3108.0,3134.3,31949600,3447.7,2820.9,3839.9,2896.0,3134.4,14,1,3134.3,5,3,3134.1,2,1,3134.0,22,3,3133.9,9,1,3134.6,33,4,3134.7,200,1,3134.9,2,1,3135.0,400,2,3135.1,221,2
2031,2026-06-16 12:36:15+05:30,3134.6,1,3130.06,2117059,132039.0,205295.0,3163.0,3163.0,3108.0,3134.3,31949600,3447.7,2820.9,3839.9,2896.0,3134.4,14,1,3134.3,5,3,3134.1,2,1,3134.0,22,3,3133.9,9,1,3134.6,33,4,3134.7,200,1,3134.9,2,1,3135.0,400,2,3135.1,221,2
2031,2026-06-16 12:36:15+05:30,3134.6,3,3130.06,2117059,132039.0,205295.0,3163.0,3163.0,3108.0,3134.3,31949600,3447.7,2820.9,3839.9,2896.0,3134.4,14,1,3134.3,5,3,3134.1,2,1,3134.0,22,3,3133.9,9,1,3134.6,33,4,3134.7,200,1,3134.9,2,1,3135.0,400,2,3135.1,221,2
2031,2026-06-16 12:36:16+05:30,3134.6,3,3130.06,2117082,132055.0,205359.0,3163.0,3163.0,3108.0,3134.3,31949600,3447.7,2820.9,3839.9,2896.0,3134.5,18,3,3134.4,2,2,3134.3,16,3,3134.2,15,1,3134.1,2,1,3134.6,10,2,3134.7,200,1,3134.9,2,1,3135.0,400,2,3135.1,200,1
2031,2026-06-16 12:36:16+05:30,3134.6,3,3130.06,2117082,132055.0,205359.0,3163.0,3163.0,3108.0,3134.3,31949600,3447.7,2820.9,3839.9,2896.0,3134.5,18,3,3134.4,2,2,3134.3,16,3,3134.2,15,1,3134.1,2,1,3134.6,10,2,3134.7,200,1,3134.9,2,1,3135.0,400,2,3135.1,200,1
2031,2026-06-16 12:36:16+05:30,3134.7,1,3130.06,2117082,132055.0,205359.0,3163.0,3163.0,3108.0,3134.3,31949600,3447.7,2820.9,3839.9,2896.0,3134.5,18,3,3134.4,2,2,3134.3,16,3,3134.2,15,1,3134.1,2,1,3134.6,10,2,3134.7,200,1,3134.9,2,1,3135.0,400,2,3135.1,200,1
2031,2026-06-16 12:36:17+05:30,3134.7,1,3130.06,2117093,132173.0,205355.0,3163.0,3163.0,3108.0,3134.3,31949600,3447.7,2820.9,3839.9,2896.0,3134.6,5,1,3134.5,3,3,3134.4,2,2,3134.3,31,4,3134.1,2,1,3134.7,199,1,3134.9,2,1,3135.0,400,2,3135.1,200,1,3135.2,20,1
2031,2026-06-16 12:36:17+05:30,3134.7,1,3130.06,2117093,132173.0,205355.0,3163.0,3163.0,3108.0,3134.3,31949600,3447.7,2820.9,3839.9,2896.0,3134.6,5,1,3134.5,3,3,3134.4,2,2,3134.3,31,4,3134.1,2,1,3134.7,199,1,3134.9,2,1,3135.0,400,2,3135.1,200,1,3135.2,20,1
2031,2026-06-16 12:36:17+05:30,3134.3,5,3130.06,2117093,132173.0,205355.0,3163.0,3163.0,3108.0,3134.3,31949600,3447.7,2820.9,3839.9,2896.0,3134.6,5,1,3134.5,3,3,3134.4,2,2,3134.3,31,4,3134.1,2,1,3134.7,199,1,3134.9,2,1,3135.0,400,2,3135.1,200,1,3135.2,20,1
2031,2026-06-16 12:36:18+05:30,3134.3,5,3130.06,2117093,132173.0,205355.0,3163.0,3163.0,3108.0,3134.3,31949600,3447.7,2820.9,3839.9,2896.0,3134.6,5,1,3134.5,3,3,3134.4,2,2,3134.3,31,4,3134.1,2,1,3134.7,199,1,3134.9,2,1,3135.0,400,2,3135.1,200,1,3135.2,20,1
2031,2026-06-16 12:36:18+05:30,3134.3,5,3130.06,2117297,131885.0,205080.0,3163.0,3163.0,3108.0,3134.3,31949600,3447.7,2820.9,3839.9,2896.0,3134.6,1,1,3134.3,11,3,3134.1,2,1,3134.0,1,1,3133.9,9,1,3134.9,2,1,3135.4,98,3,3135.5,38,2,3135.6,341,5,3135.7,46,1
2031,2026-06-16 12:36:18+05:30,3134.9,1,3130.06,2117297,131885.0,205080.0,3163.0,3163.0,3108.0,3134.3,31949600,3447.7,2820.9,3839.9,2896.0,3134.6,1,1,3134.3,11,3,3134.1,2,1,3134.0,1,1,3133.9,9,1,3134.9,2,1,3135.4,98,3,3135.5,38,2,3135.6,341,5,3135.7,46,1
2031,2026-06-16 12:36:19+05:30,3134.9,1,3130.06,2117297,131885.0,205080.0,3163.0,3163.0,3108.0,3134.3,31949600,3447.7,2820.9,3839.9,2896.0,3134.6,1,1,3134.3,11,3,3134.1,2,1,3134.0,1,1,3133.9,9,1,3134.9,2,1,3135.4,98,3,3135.5,38,2,3135.6,341,5,3135.7,46,1
2031,2026-06-16 12:36:19+05:30,3134.9,1,3130.06,2117298,131936.0,205012.0,3163.0,3163.0,3108.0,3134.3,31949600,3447.7,2820.9,3839.9,2896.0,3134.6,42,2,3134.3,26,4,3134.2,6,1,3134.1,2,1,3134.0,1,1,3134.9,24,3,3135.2,55,1,3135.3,46,1,3135.4,42,2,3135.5,17,1
2031,2026-06-16 12:36:20+05:30,3134.9,1,3130.06,2117298,131936.0,205012.0,3163.0,3163.0,3108.0,3134.3,31949400,3447.7,2820.9,3839.9,2896.0,3134.6,42,2,3134.3,26,4,3134.2,6,1,3134.1,2,1,3134.0,1,1,3134.9,24,3,3135.2,55,1,3135.3,46,1,3135.4,42,2,3135.5,17,1
2031,2026-06-16 12:36:20+05:30,3134.9,1,3130.06,2117298,132307.0,204804.0,3163.0,3163.0,3108.0,3134.3,31949400,3447.7,2820.9,3839.9,2896.0,3134.6,92,3,3134.3,26,4,3134.2,6,1,3134.1,54,2,3134.0,1,1,3134.9,10,2,3135.1,38,1,3135.2,46,1,3135.4,82,3,3135.6,287,4
2031,2026-06-16 12:36:21+05:30,3134.9,1,3130.06,2117298,132462.0,204906.0,3163.0,3163.0,3108.0,3134.3,31949400,3447.7,2820.9,3839.9,2896.0,3134.6,97,4,3134.3,58,5,3134.2,6,1,3134.1,54,2,3134.0,222,3,3134.9,10,2,3135.3,38,1,3135.4,22,1,3135.6,286,4,3135.8,159,4
2031,2026-06-16 12:36:21+05:30,3134.6,40,3130.06,2117298,132462.0,204906.0,3163.0,3163.0,3108.0,3134.3,31949400,3447.7,2820.9,3839.9,2896.0,3134.6,97,4,3134.3,58,5,3134.2,6,1,3134.1,54,2,3134.0,222,3,3134.9,10,2,3135.3,38,1,3135.4,22,1,3135.6,286,4,3135.8,159,4
2031,2026-06-16 12:36:22+05:30,3134.6,4,3130.06,2117441,131829.0,205248.0,3163.0,3163.0,3108.0,3134.3,31949400,3447.7,2820.9,3839.9,2896.0,3134.3,24,3,3134.1,3,2,3133.8,77,2,3133.7,12,1,3133.6,239,5,3134.6,64,1,3134.9,3,1,3135.0,38,1,3135.2,105,3,3135.4,89,3
2031,2026-06-16 12:36:22+05:30,3134.6,40,3130.06,2117441,131829.0,205248.0,3163.0,3163.0,3108.0,3134.3,31949400,3447.7,2820.9,3839.9,2896.0,3134.3,24,3,3134.1,3,2,3133.8,77,2,3133.7,12,1,3133.6,239,5,3134.6,64,1,3134.9,3,1,3135.0,38,1,3135.2,105,3,3135.4,89,3
2031,2026-06-16 12:36:23+05:30,3134.6,40,3130.06,2117481,131819.0,205129.0,3163.0,3163.0,3108.0,3134.3,31949400,3447.7,2820.9,3839.9,2896.0,3134.4,17,1,3134.3,9,2,3134.1,3,2,3133.8,77,2,3133.7,12,1,3134.6,24,1,3135.2,21,1,3135.3,38,1,3135.4,68,2,3135.5,73,2
2031,2026-06-16 12:36:23+05:30,3134.6,1,3130.06,2117481,131819.0,205129.0,3163.0,3163.0,3108.0,3134.3,31949400,3447.7,2820.9,3839.9,2896.0,3134.4,17,1,3134.3,9,2,3134.1,3,2,3133.8,77,2,3133.7,12,1,3134.6,24,1,3135.2,21,1,3135.3,38,1,3135.4,68,2,3135.5,73,2
2031,2026-06-16 12:36:24+05:30,3134.6,1,3130.06,2117528,131763.0,205518.0,3163.0,3163.0,3108.0,3134.3,31949400,3447.7,2820.9,3839.9,2896.0,3134.4,17,1,3134.3,9,2,3134.1,3,2,3133.8,54,1,3133.7,24,1,3134.6,22,1,3135.2,105,3,3135.4,106,3,3135.5,73,2,3135.6,335,5
2031,2026-06-16 12:36:24+05:30,3134.6,1,3130.06,2117528,131763.0,205518.0,3163.0,3163.0,3108.0,3134.3,31949400,3447.7,2820.9,3839.9,2896.0,3134.4,17,1,3134.3,9,2,3134.1,3,2,3133.8,54,1,3133.7,24,1,3134.6,22,1,3135.2,105,3,3135.4,106,3,3135.5,73,2,3135.6,335,5
2031,2026-06-16 12:36:25+05:30,3134.6,1,3130.06,2117528,131734.0,205524.0,3163.0,3163.0,3108.0,3134.3,31949400,3447.7,2820.9,3839.9,2896.0,3134.4,17,1,3134.3,10,3,3134.1,3,2,3133.8,54,1,3133.7,24,1,3134.6,22,1,3135.1,100,3,3135.2,21,1,3135.4,127,4,3135.5,54,1
2031,2026-06-16 12:36:26+05:30,3134.6,22,3130.06,2117550,131989.0,205562.0,3163.0,3163.0,3108.0,3134.3,31949400,3447.7,2820.9,3839.9,2896.0,3134.6,16,1,3134.3,10,3,3134.1,2,1,3133.7,15,1,3133.6,17,1,3135.1,83,2,3135.3,120,3,3135.4,165,5,3135.5,97,2,3135.6,288,5
2031,2026-06-16 12:36:26+05:30,3134.6,22,3130.06,2117550,131989.0,205562.0,3163.0,3163.0,3108.0,3134.3,31949400,3447.7,2820.9,3839.9,2896.0,3134.6,16,1,3134.3,10,3,3134.1,2,1,3133.7,15,1,3133.6,17,1,3135.1,83,2,3135.3,120,3,3135.4,165,5,3135.5,97,2,3135.6,288,5
2031,2026-06-16 12:36:27+05:30,3134.6,22,3130.06,2117550,132517.0,205416.0,3163.0,3163.0,3108.0,3134.3,31949400,3447.7,2820.9,3839.9,2896.0,3134.6,17,2,3134.3,10,3,3134.1,2,1,3133.7,15,1,3133.6,185,2,3135.0,1,1,3135.1,38,1,3135.2,45,1,3135.3,66,2,3135.4,143,4
2031,2026-06-16 12:36:28+05:30,3134.6,22,3130.06,2117550,132763.0,205631.0,3163.0,3163.0,3108.0,3134.3,31949400,3447.7,2820.9,3839.9,2896.0,3134.7,17,1,3134.6,1,1,3134.3,10,3,3134.1,2,1,3133.7,15,1,3135.0,40,3,3135.2,110,2,3135.3,66,2,3135.4,164,5,3135.5,97,2
2031,2026-06-16 12:36:28+05:30,3135.0,16,3130.06,2117550,132763.0,205631.0,3163.0,3163.0,3108.0,3134.3,31949400,3447.7,2820.9,3839.9,2896.0,3134.7,17,1,3134.6,1,1,3134.3,10,3,3134.1,2,1,3133.7,15,1,3135.0,40,3,3135.2,110,2,3135.3,66,2,3135.4,164,5,3135.5,97,2
2031,2026-06-16 12:36:29+05:30,3135.0,16,3130.06,2117590,133047.0,205765.0,3163.0,3163.0,3108.0,3134.3,31949400,3447.7,2820.9,3839.9,2896.0,3134.8,15,1,3134.7,1,1,3134.6,1,1,3134.3,25,4,3134.1,2,1,3135.0,28,1,3135.2,110,2,3135.3,33,1,3135.4,83,2,3135.5,142,4
2031,2026-06-16 12:36:29+05:30,3135.0,44,3130.06,2117590,133047.0,205765.0,3163.0,3163.0,3108.0,3134.3,31949400,3447.7,2820.9,3839.9,2896.0,3134.8,15,1,3134.7,1,1,3134.6,1,1,3134.3,25,4,3134.1,2,1,3135.0,28,1,3135.2,110,2,3135.3,33,1,3135.4,83,2,3135.5,142,4
2031,2026-06-16 12:36:30+05:30,3135.0,44,3130.06,2117635,133531.0,205362.0,3163.0,3163.0,3108.0,3134.3,31949400,3447.7,2820.9,3839.9,2896.0,3135.1,1,1,3135.0,7,1,3134.9,31,3,3134.8,1,1,3134.7,1,1,3135.4,84,3,3135.5,43,1,3135.6,327,6,3135.7,74,2,3135.8,402,6
2031,2026-06-16 12:36:30+05:30,3135.0,4,3130.06,2117635,133531.0,205362.0,3163.0,3163.0,3108.0,3134.3,31949400,3447.7,2820.9,3839.9,2896.0,3135.1,1,1,3135.0,7,1,3134.9,31,3,3134.8,1,1,3134.7,1,1,3135.4,84,3,3135.5,43,1,3135.6,327,6,3135.7,74,2,3135.8,402,6
2031,2026-06-16 12:36:31+05:30,3135.0,4,3130.06,2117652,133144.0,205459.0,3163.0,3163.0,3108.0,3134.3,31949400,3447.7,2820.9,3839.9,2896.0,3135.0,12,1,3134.9,6,1,3134.8,1,1,3134.7,1,1,3134.6,1,1,3135.4,59,3,3135.5,88,2,3135.6,290,4,3135.8,401,6,3135.9,221,2
2031,2026-06-16 12:36:31+05:30,3135.2,10,3130.06,2117652,133144.0,205459.0,3163.0,3163.0,3108.0,3134.3,31949400,3447.7,2820.9,3839.9,2896.0,3135.0,12,1,3134.9,6,1,3134.8,1,1,3134.7,1,1,3134.6,1,1,3135.4,59,3,3135.5,88,2,3135.6,290,4,3135.8,401,6,3135.9,221,2
2031,2026-06-16 12:36:32+05:30,3135.2,2,3130.06,2117701,133035.0,205314.0,3163.0,3163.0,3108.0,3134.3,31949400,3447.7,2820.9,3839.9,2896.0,3135.2,17,2,3135.0,1,1,3134.9,6,1,3134.8,1,1,3134.7,30,3,3135.3,17,1,3135.4,95,4,3135.5,14,1,3135.6,307,5,3135.7,200,1
2031,2026-06-16 12:36:32+05:30,3135.2,4,3130.06,2117701,133035.0,205314.0,3163.0,3163.0,3108.0,3134.3,31949400,3447.7,2820.9,3839.9,2896.0,3135.2,17,2,3135.0,1,1,3134.9,6,1,3134.8,1,1,3134.7,30,3,3135.3,17,1,3135.4,95,4,3135.5,14,1,3135.6,307,5,3135.7,200,1
2031,2026-06-16 12:36:33+05:30,3135.2,4,3130.06,2117767,133171.0,205432.0,3163.0,3163.0,3108.0,3134.3,31949400,3447.7,2820.9,3839.9,2896.0,3135.2,1,1,3135.0,17,2,3134.9,6,1,3134.8,1,1,3134.7,15,2,3135.3,12,1,3135.4,89,5,3135.5,28,2,3135.6,325,6,3135.7,200,1
2031,2026-06-16 12:36:33+05:30,3134.6,5,3130.06,2117767,133171.0,205432.0,3163.0,3163.0,3108.0,3134.3,31949400,3447.7,2820.9,3839.9,2896.0,3135.2,1,1,3135.0,17,2,3134.9,6,1,3134.8,1,1,3134.7,15,2,3135.3,12,1,3135.4,89,5,3135.5,28,2,3135.6,325,6,3135.7,200,1
2031,2026-06-16 12:36:34+05:30,3134.1,7,3130.06,2118170,131165.0,206613.0,3163.0,3163.0,3108.0,3134.3,31949400,3447.7,2820.9,3839.9,2896.0,3134.1,2,1,3133.3,67,4,3133.2,51,2,3133.1,48,3,3133.0,48,5,3134.5,200,1,3134.6,50,2,3134.7,21,1,3134.8,131,5,3135.0,112,7
2031,2026-06-16 12:36:34+05:30,3134.1,15,3130.06,2118170,131165.0,206613.0,3163.0,3163.0,3108.0,3134.3,31949400,3447.7,2820.9,3839.9,2896.0,3134.1,2,1,3133.3,67,4,3133.2,51,2,3133.1,48,3,3133.0,48,5,3134.5,200,1,3134.6,50,2,3134.7,21,1,3134.8,131,5,3135.0,112,7
2031,2026-06-16 12:36:35+05:30,3135.0,1,3130.06,2118588,131398.0,205843.0,3163.0,3163.0,3108.0,3134.3,31949400,3447.7,2820.9,3839.9,2896.0,3134.1,23,1,3133.7,17,1,3133.5,71,2,3133.4,20,2,3133.3,28,4,3135.1,51,4,3135.2,62,4,3135.3,35,1,3135.4,76,3,3135.5,53,2
2031,2026-06-16 12:36:35+05:30,3134.1,17,3130.06,2118588,131398.0,205843.0,3163.0,3163.0,3108.0,3134.3,31949400,3447.7,2820.9,3839.9,2896.0,3134.1,23,1,3133.7,17,1,3133.5,71,2,3133.4,20,2,3133.3,28,4,3135.1,51,4,3135.2,62,4,3135.3,35,1,3135.4,76,3,3135.5,53,2
2031,2026-06-16 12:36:36+05:30,3134.1,17,3130.06,2118605,131827.0,205965.0,3163.0,3163.0,3108.0,3134.3,31949400,3447.7,2820.9,3839.9,2896.0,3134.2,12,1,3134.1,6,1,3133.7,57,2,3133.6,9,2,3133.5,456,5,3135.1,22,2,3135.2,44,3,3135.3,138,3,3135.4,76,3,3135.5,57,2
2031,2026-06-16 12:36:36+05:30,3135.1,1,3130.06,2118605,131827.0,205965.0,3163.0,3163.0,3108.0,3134.3,31949400,3447.7,2820.9,3839.9,2896.0,3134.2,12,1,3134.1,6,1,3133.7,57,2,3133.6,9,2,3133.5,456,5,3135.1,22,2,3135.2,44,3,3135.3,138,3,3135.4,76,3,3135.5,57,2
2031,2026-06-16 12:36:37+05:30,3134.9,5,3130.06,2119610,134116.0,203173.0,3163.0,3163.0,3108.0,3134.3,31949400,3447.7,2820.9,3839.9,2896.0,3135.0,18,2,3134.9,82,5,3134.8,46,4,3134.7,62,4,3134.6,40,4,3135.9,200,1,3136.0,128,5,3136.2,21,1,3136.3,49,1,3136.4,23,2
2031,2026-06-16 12:36:37+05:30,3135.0,5,3130.06,2119610,134116.0,203173.0,3163.0,3163.0,3108.0,3134.3,31949400,3447.7,2820.9,3839.9,2896.0,3135.0,18,2,3134.9,82,5,3134.8,46,4,3134.7,62,4,3134.6,40,4,3135.9,200,1,3136.0,128,5,3136.2,21,1,3136.3,49,1,3136.4,23,2
2031,2026-06-16 12:36:38+05:30,3135.0,5,3130.06,2119627,134027.0,203236.0,3163.0,3163.0,3108.0,3134.3,31949400,3447.7,2820.9,3839.9,2896.0,3134.8,44,2,3134.7,91,3,3134.6,2,1,3134.5,35,3,3134.4,137,8,3135.9,201,2,3136.0,128,5,3136.1,49,1,3136.2,59,2,3136.4,103,3
2031,2026-06-16 12:36:38+05:30,3134.8,13,3130.06,2119627,134027.0,203236.0,3163.0,3163.0,3108.0,3134.3,31949400,3447.7,2820.9,3839.9,2896.0,3134.8,44,2,3134.7,91,3,3134.6,2,1,3134.5,35,3,3134.4,137,8,3135.9,201,2,3136.0,128,5,3136.1,49,1,3136.2,59,2,3136.4,103,3
2031,2026-06-16 12:36:39+05:30,3134.8,13,3130.06,2119644,134019.0,203211.0,3163.0,3163.0,3108.0,3134.3,31949400,3447.7,2820.9,3839.9,2896.0,3134.8,82,3,3134.7,21,2,3134.5,58,4,3134.4,68,3,3134.3,237,4,3135.9,201,2,3136.0,128,5,3136.1,49,1,3136.2,59,2,3136.4,103,3
2031,2026-06-16 12:36:39+05:30,3134.8,17,3130.06,2119644,134019.0,203211.0,3163.0,3163.0,3108.0,3134.3,31949400,3447.7,2820.9,3839.9,2896.0,3134.8,82,3,3134.7,21,2,3134.5,58,4,3134.4,68,3,3134.3,237,4,3135.9,201,2,3136.0,128,5,3136.1,49,1,3136.2,59,2,3136.4,103,3
2031,2026-06-16 12:36:40+05:30,3134.9,17,3130.06,2119679,133987.0,203349.0,3163.0,3163.0,3108.0,3134.3,31949400,3447.7,2820.9,3839.9,2896.0,3134.9,17,1,3134.8,65,3,3134.6,5,1,3134.5,75,4,3134.4,53,2,3135.8,34,2,3135.9,227,3,3136.0,128,5,3136.1,49,1,3136.2,103,3
2031,2026-06-16 12:36:40+05:30,3135.0,17,3130.06,2119679,133987.0,203349.0,3163.0,3163.0,3108.0,3134.3,31949400,3447.7,2820.9,3839.9,2896.0,3134.9,17,1,3134.8,65,3,3134.6,5,1,3134.5,75,4,3134.4,53,2,3135.8,34,2,3135.9,227,3,3136.0,128,5,3136.1,49,1,3136.2,103,3
2031,2026-06-16 12:36:41+05:30,3135.0,17,3130.06,2119696,134112.0,203419.0,3163.0,3163.0,3108.0,3134.3,31949400,3447.7,2820.9,3839.9,2896.0,3135.0,16,1,3134.8,65,3,3134.5,60,3,3134.4,53,2,3134.3,16,2,3135.8,78,4,3135.9,200,2,3136.0,182,6,3136.1,93,2,3136.2,59,2
2031,2026-06-16 12:36:41+05:30,3135.0,1,3130.06,2119696,134112.0,203419.0,3163.0,3163.0,3108.0,3134.3,31949400,3447.7,2820.9,3839.9,2896.0,3135.0,16,1,3134.8,65,3,3134.5,60,3,3134.4,53,2,3134.3,16,2,3135.8,78,4,3135.9,200,2,3136.0,182,6,3136.1,93,2,3136.2,59,2
2031,2026-06-16 12:36:42+05:30,3135.0,1,3130.06,2119713,134378.0,203299.0,3163.0,3163.0,3108.0,3134.3,31949400,3447.7,2820.9,3839.9,2896.0,3135.1,26,1,3135.0,17,2,3134.8,65,3,3134.5,60,3,3134.4,238,5,3135.8,90,4,3135.9,199,1,3136.0,128,5,3136.1,131,3,3136.2,21,1
2031,2026-06-16 12:36:42+05:30,3135.1,17,3130.06,2119713,134378.0,203299.0,3163.0,3163.0,3108.0,3134.3,31949400,3447.7,2820.9,3839.9,2896.0,3135.1,26,1,3135.0,17,2,3134.8,65,3,3134.5,60,3,3134.4,238,5,3135.8,90,4,3135.9,199,1,3136.0,128,5,3136.1,131,3,3136.2,21,1
2031,2026-06-16 12:36:43+05:30,3135.8,1,3130.06,2119748,134849.0,202925.0,3163.0,3163.0,3108.0,3134.3,31949400,3447.7,2820.9,3839.9,2896.0,3135.3,4,1,3135.2,16,1,3135.1,54,2,3135.0,1,1,3134.8,65,3,3135.8,89,4,3135.9,199,1,3136.0,528,7,3136.1,200,1,3136.2,21,1
2031,2026-06-16 12:36:43+05:30,3135.2,11,3130.06,2119748,134849.0,202925.0,3163.0,3163.0,3108.0,3134.3,31949400,3447.7,2820.9,3839.9,2896.0,3135.3,4,1,3135.2,16,1,3135.1,54,2,3135.0,1,1,3134.8,65,3,3135.8,89,4,3135.9,199,1,3136.0,528,7,3136.1,200,1,3136.2,21,1
2031,2026-06-16 12:36:44+05:30,3135.2,11,3130.06,2119765,134946.0,203149.0,3163.0,3163.0,3108.0,3134.3,31949400,3447.7,2820.9,3839.9,2896.0,3135.5,17,1,3135.1,54,2,3135.0,1,1,3134.8,65,3,3134.5,72,3,3135.7,2,1,3135.8,69,4,3135.9,201,2,3136.0,531,8,3136.1,240,3
2031,2026-06-16 12:36:44+05:30,3135.5,4,3130.06,2119765,134946.0,203149.0,3163.0,3163.0,3108.0,3134.3,31949400,3447.7,2820.9,3839.9,2896.0,3135.5,17,1,3135.1,54,2,3135.0,1,1,3134.8,65,3,3134.5,72,3,3135.7,2,1,3135.8,69,4,3135.9,201,2,3136.0,531,8,3136.1,240,3
2031,2026-06-16 12:36:45+05:30,3135.7,1,3130.06,2120000,134755.0,202980.0,3163.0,3163.0,3108.0,3134.3,31949400,3447.7,2820.9,3839.9,2896.0,3135.5,10,2,3135.1,54,2,3135.0,19,2,3134.8,4,1,3134.7,15,1,3135.7,3,2,3135.8,83,5,3135.9,201,2,3136.0,569,9,3136.1,233,4
2031,2026-06-16 12:36:45+05:30,3135.5,4,3130.06,2120000,134755.0,202980.0,3163.0,3163.0,3108.0,3134.3,31949400,3447.7,2820.9,3839.9,2896.0,3135.5,10,2,3135.1,54,2,3135.0,19,2,3134.8,4,1,3134.7,15,1,3135.7,3,2,3135.8,83,5,3135.9,201,2,3136.0,569,9,3136.1,233,4
2031,2026-06-16 12:36:46+05:30,3135.1,24,3130.06,2120061,134179.0,203007.0,3163.0,3163.0,3108.0,3134.3,31949400,3447.7,2820.9,3839.9,2896.0,3135.1,30,2,3135.0,19,2,3134.8,4,1,3134.5,31,2,3134.4,16,2,3135.7,2,1,3135.8,53,3,3135.9,201,2,3136.0,569,9,3136.1,247,4
2031,2026-06-16 12:36:46+05:30,3135.0,15,3130.06,2120061,134179.0,203007.0,3163.0,3163.0,3108.0,3134.3,31949400,3447.7,2820.9,3839.9,2896.0,3135.1,30,2,3135.0,19,2,3134.8,4,1,3134.5,31,2,3134.4,16,2,3135.7,2,1,3135.8,53,3,3135.9,201,2,3136.0,569,9,3136.1,247,4
2031,2026-06-16 12:36:47+05:30,3135.7,106,3130.06,2120228,133181.0,203599.0,3163.0,3163.0,3108.0,3134.3,31949400,3447.7,2820.9,3839.9,2896.0,3135.0,5,3,3134.8,4,1,3134.5,14,1,3134.1,7,1,3133.9,20,1,3135.7,193,6,3135.8,68,4,3135.9,201,2,3136.0,853,12,3136.1,251,4
2031,2026-06-16 12:36:47+05:30,3135.0,7,3130.06,2120228,133181.0,203599.0,3163.0,3163.0,3108.0,3134.3,31949400,3447.7,2820.9,3839.9,2896.0,3135.0,5,3,3134.8,4,1,3134.5,14,1,3134.1,7,1,3133.9,20,1,3135.7,193,6,3135.8,68,4,3135.9,201,2,3136.0,853,12,3136.1,251,4
2031,2026-06-16 12:36:48+05:30,3135.0,7,3130.06,2120240,133354.0,204315.0,3163.0,3163.0,3108.0,3134.3,31949400,3447.7,2820.9,3839.9,2896.0,3135.1,12,1,3135.0,12,2,3134.8,4,1,3134.5,14,1,3134.1,7,1,3135.4,1,1,3135.6,82,6,3135.7,132,4,3135.8,154,6,3135.9,292,4
2031,2026-06-16 12:36:48+05:30,3135.8,24,3130.06,2120240,133354.0,204315.0,3163.0,3163.0,3108.0,3134.3,31949400,3447.7,2820.9,3839.9,2896.0,3135.1,12,1,3135.0,12,2,3134.8,4,1,3134.5,14,1,3134.1,7,1,3135.4,1,1,3135.6,82,6,3135.7,132,4,3135.8,154,6,3135.9,292,4
2031,2026-06-16 12:36:49+05:30,3135.7,1,3130.07,2120545,133813.0,203503.0,3163.0,3163.0,3108.0,3134.3,31949400,3447.7,2820.9,3839.9,2896.0,3135.2,16,1,3135.1,12,1,3135.0,1,1,3134.8,4,1,3134.5,14,1,3135.7,13,1,3135.8,40,4,3135.9,201,2,3136.0,653,11,3136.1,251,4
2031,2026-06-16 12:36:49+05:30,3135.7,1,3130.07,2120545,133813.0,203503.0,3163.0,3163.0,3108.0,3134.3,31949400,3447.7,2820.9,3839.9,2896.0,3135.2,16,1,3135.1,12,1,3135.0,1,1,3134.8,4,1,3134.5,14,1,3135.7,13,1,3135.8,40,4,3135.9,201,2,3136.0,653,11,3136.1,251,4
2031,2026-06-16 12:36:50+05:30,3135.7,1,3130.07,2120546,134103.0,203587.0,3163.0,3163.0,3108.0,3134.3,31949400,3447.7,2820.9,3839.9,2896.0,3135.3,25,1,3135.2,16,1,3135.0,1,1,3134.8,4,1,3134.6,31,1,3135.7,12,1,3135.8,16,2,3135.9,201,2,3136.0,573,9,3136.1,242,4
2031,2026-06-16 12:36:50+05:30,3135.7,1,3130.07,2120546,134103.0,203587.0,3163.0,3163.0,3108.0,3134.3,31949400,3447.7,2820.9,3839.9,2896.0,3135.3,25,1,3135.2,16,1,3135.0,1,1,3134.8,4,1,3134.6,31,1,3135.7,12,1,3135.8,16,2,3135.9,201,2,3136.0,573,9,3136.1,242,4
2031,2026-06-16 12:36:51+05:30,3135.7,12,3130.07,2120558,134275.0,203483.0,3163.0,3163.0,3108.0,3134.3,31949400,3447.7,2820.9,3839.9,2896.0,3135.3,27,2,3135.2,16,1,3135.0,1,1,3134.8,4,1,3134.6,31,1,3135.8,16,2,3135.9,239,3,3136.0,573,9,3136.1,239,3,3136.2,152,4
2031,2026-06-16 12:36:51+05:30,3135.7,12,3130.07,2120558,134275.0,203483.0,3163.0,3163.0,3108.0,3134.3,31949400,3447.7,2820.9,3839.9,2896.0,3135.3,27,2,3135.2,16,1,3135.0,1,1,3134.8,4,1,3134.6,31,1,3135.8,16,2,3135.9,239,3,3136.0,573,9,3136.1,239,3,3136.2,152,4
2031,2026-06-16 12:36:52+05:30,3135.6,3,3130.07,2120772,133937.0,203172.0,3163.0,3163.0,3108.0,3134.3,31949400,3447.7,2820.9,3839.9,2896.0,3135.3,2,1,3135.0,18,2,3134.8,4,1,3134.5,14,1,3134.3,143,1,3135.8,12,1,3135.9,279,5,3136.0,524,8,3136.1,202,2,3136.2,129,4
2031,2026-06-16 12:36:52+05:30,3135.6,3,3130.07,2120772,133937.0,203172.0,3163.0,3163.0,3108.0,3134.3,31949400,3447.7,2820.9,3839.9,2896.0,3135.3,2,1,3135.0,18,2,3134.8,4,1,3134.5,14,1,3134.3,143,1,3135.8,12,1,3135.9,279,5,3136.0,524,8,3136.1,202,2,3136.2,129,4
2031,2026-06-16 12:36:53+05:30,3135.9,38,3130.07,2120872,133793.0,203103.0,3163.0,3163.0,3108.0,3134.3,31949400,3447.7,2820.9,3839.9,2896.0,3135.3,2,1,3135.2,17,1,3135.0,1,1,3134.8,4,1,3134.5,14,1,3135.9,231,5,3136.0,545,9,3136.1,202,2,3136.2,129,4,3136.3,640,5
2031,2026-06-16 12:36:53+05:30,3135.9,38,3130.07,2120872,133793.0,203103.0,3163.0,3163.0,3108.0,3134.3,31949400,3447.7,2820.9,3839.9,2896.0,3135.3,2,1,3135.2,17,1,3135.0,1,1,3134.8,4,1,3134.5,14,1,3135.9,231,5,3136.0,545,9,3136.1,202,2,3136.2,129,4,3136.3,640,5
2031,2026-06-16 12:36:54+05:30,3135.9,1,3130.07,2120873,133800.0,203114.0,3163.0,3163.0,3108.0,3134.3,31949400,3447.7,2820.9,3839.9,2896.0,3135.4,12,1,3135.3,2,1,3135.2,17,1,3135.0,1,1,3134.8,4,1,3135.9,247,6,3136.0,545,9,3136.1,202,2,3136.2,329,5,3136.3,440,4
2031,2026-06-16 12:36:54+05:30,3135.9,1,3130.07,2120873,133800.0,203114.0,3163.0,3163.0,3108.0,3134.3,31949400,3447.7,2820.9,3839.9,2896.0,3135.4,12,1,3135.3,2,1,3135.2,17,1,3135.0,1,1,3134.8,4,1,3135.9,247,6,3136.0,545,9,3136.1,202,2,3136.2,329,5,3136.3,440,4
2031,2026-06-16 12:36:55+05:30,3135.9,1,3130.07,2120873,134000.0,203175.0,3163.0,3163.0,3108.0,3134.3,31949400,3447.7,2820.9,3839.9,2896.0,3135.4,12,1,3135.3,2,1,3135.2,17,1,3135.0,1,1,3134.8,4,1,3135.9,247,6,3136.0,545,9,3136.1,202,2,3136.2,129,4,3136.3,640,5
2031,2026-06-16 12:36:55+05:30,3135.9,1,3130.07,2120873,134000.0,203175.0,3163.0,3163.0,3108.0,3134.3,31949400,3447.7,2820.9,3839.9,2896.0,3135.4,12,1,3135.3,2,1,3135.2,17,1,3135.0,1,1,3134.8,4,1,3135.9,247,6,3136.0,545,9,3136.1,202,2,3136.2,129,4,3136.3,640,5
2031,2026-06-16 12:36:56+05:30,3135.9,100,3130.07,2120975,133752.0,203052.0,3163.0,3163.0,3108.0,3134.3,31949400,3447.7,2820.9,3839.9,2896.0,3135.4,12,1,3135.3,2,1,3135.2,17,1,3135.0,1,1,3134.8,4,1,3135.8,12,1,3135.9,155,6,3136.0,545,9,3136.1,202,2,3136.2,329,5
2031,2026-06-16 12:36:56+05:30,3135.9,100,3130.07,2120975,133752.0,203052.0,3163.0,3163.0,3108.0,3134.3,31949400,3447.7,2820.9,3839.9,2896.0,3135.4,12,1,3135.3,2,1,3135.2,17,1,3135.0,1,1,3134.8,4,1,3135.8,12,1,3135.9,155,6,3136.0,545,9,3136.1,202,2,3136.2,329,5
2031,2026-06-16 12:36:57+05:30,3135.7,17,3130.07,2121123,134150.0,203498.0,3163.0,3163.0,3108.0,3134.3,31949400,3447.7,2820.9,3839.9,2896.0,3135.7,17,1,3135.4,37,1,3135.3,2,1,3135.0,1,1,3134.8,4,1,3135.8,12,1,3135.9,155,6,3136.0,524,8,3136.1,202,2,3136.2,101,3
2031,2026-06-16 12:36:57+05:30,3135.7,17,3130.07,2121123,134150.0,203498.0,3163.0,3163.0,3108.0,3134.3,31949400,3447.7,2820.9,3839.9,2896.0,3135.7,17,1,3135.4,37,1,3135.3,2,1,3135.0,1,1,3134.8,4,1,3135.8,12,1,3135.9,155,6,3136.0,524,8,3136.1,202,2,3136.2,101,3
2031,2026-06-16 12:36:58+05:30,3135.7,17,3130.07,2121140,134138.0,203406.0,3163.0,3163.0,3108.0,3134.3,31949400,3447.7,2820.9,3839.9,2896.0,3135.7,10,2,3135.4,37,1,3135.3,2,1,3135.2,15,1,3135.0,1,1,3135.8,25,3,3135.9,113,4,3136.0,524,8,3136.1,240,3,3136.2,63,2
2031,2026-06-16 12:36:58+05:30,3135.8,1,3130.07,2121140,134138.0,203406.0,3163.0,3163.0,3108.0,3134.3,31949400,3447.7,2820.9,3839.9,2896.0,3135.7,10,2,3135.4,37,1,3135.3,2,1,3135.2,15,1,3135.0,1,1,3135.8,25,3,3135.9,113,4,3136.0,524,8,3136.1,240,3,3136.2,63,2
2031,2026-06-16 12:36:59+05:30,3135.8,4,3130.07,2121157,134303.0,203453.0,3163.0,3163.0,3108.0,3134.3,31949400,3447.7,2820.9,3839.9,2896.0,3135.7,53,3,3135.4,37,1,3135.3,2,1,3135.2,15,1,3135.0,1,1,3135.8,6,2,3135.9,101,3,3136.0,510,7,3136.1,202,2,3136.2,63,2
2031,2026-06-16 12:36:59+05:30,3135.7,43,3130.07,2121157,134303.0,203453.0,3163.0,3163.0,3108.0,3134.3,31949400,3447.7,2820.9,3839.9,2896.0,3135.7,53,3,3135.4,37,1,3135.3,2,1,3135.2,15,1,3135.0,1,1,3135.8,6,2,3135.9,101,3,3136.0,510,7,3136.1,202,2,3136.2,63,2
2031,2026-06-16 12:37:00+05:30,3135.7,2,3130.07,2121214,134172.0,203346.0,3163.0,3163.0,3108.0,3134.3,31949400,3447.7,2820.9,3839.9,2896.0,3135.4,38,2,3135.3,2,1,3135.2,15,1,3135.0,6,2,3134.8,19,3,3135.7,143,1,3135.8,35,3,3135.9,60,2,3136.0,510,7,3136.1,202,2
2031,2026-06-16 12:37:00+05:30,3135.7,2,3130.07,2121214,134172.0,203346.0,3163.0,3163.0,3108.0,3134.3,31949400,3447.7,2820.9,3839.9,2896.0,3135.4,38,2,3135.3,2,1,3135.2,15,1,3135.0,6,2,3134.8,19,3,3135.7,143,1,3135.8,35,3,3135.9,60,2,3136.0,510,7,3136.1,202,2
2031,2026-06-16 12:37:01+05:30,3135.7,2,3130.07,2121214,134172.0,203346.0,3163.0,3163.0,3108.0,3134.3,31949400,3447.7,2820.9,3839.9,2896.0,3135.4,38,2,3135.3,2,1,3135.2,15,1,3135.0,6,2,3134.8,19,3,3135.7,143,1,3135.8,35,3,3135.9,60,2,3136.0,510,7,3136.1,202,2
2031,2026-06-16 12:37:01+05:30,3135.7,1,3130.07,2121215,134115.0,203471.0,3163.0,3163.0,3108.0,3134.3,31949400,3447.7,2820.9,3839.9,2896.0,3135.5,17,1,3135.4,38,2,3135.3,2,1,3135.0,6,2,3134.8,7,2,3135.7,148,2,3135.8,64,2,3135.9,60,2,3136.0,510,7,3136.1,202,2
2031,2026-06-16 12:37:01+05:30,3135.7,1,3130.07,2121215,134115.0,203471.0,3163.0,3163.0,3108.0,3134.3,31949400,3447.7,2820.9,3839.9,2896.0,3135.5,17,1,3135.4,38,2,3135.3,2,1,3135.0,6,2,3134.8,7,2,3135.7,148,2,3135.8,64,2,3135.9,60,2,3136.0,510,7,3136.1,202,2
2031,2026-06-16 12:37:02+05:30,3135.7,1,3130.07,2121216,134063.0,203518.0,3163.0,3163.0,3108.0,3134.3,31949400,3447.7,2820.9,3839.9,2896.0,3135.6,15,1,3135.5,1,1,3135.4,38,2,3135.3,2,1,3135.0,6,2,3135.7,168,4,3135.8,64,2,3135.9,60,2,3136.0,510,7,3136.1,202,2
2031,2026-06-16 12:37:02+05:30,3135.7,23,3130.07,2121216,134063.0,203518.0,3163.0,3163.0,3108.0,3134.3,31949400,3447.7,2820.9,3839.9,2896.0,3135.6,15,1,3135.5,1,1,3135.4,38,2,3135.3,2,1,3135.0,6,2,3135.7,168,4,3135.8,64,2,3135.9,60,2,3136.0,510,7,3136.1,202,2
2031,2026-06-16 12:37:02+05:30,3135.7,23,3130.07,2121216,134063.0,203518.0,3163.0,3163.0,3108.0,3134.3,31949400,3447.7,2820.9,3839.9,2896.0,3135.6,15,1,3135.5,1,1,3135.4,38,2,3135.3,2,1,3135.0,6,2,3135.7,168,4,3135.8,64,2,3135.9,60,2,3136.0,510,7,3136.1,202,2
2031,2026-06-16 12:37:03+05:30,3135.7,23,3130.07,2121439,133733.0,203994.0,3163.0,3163.0,3108.0,3134.3,31949400,3447.7,2820.9,3839.9,2896.0,3135.3,2,1,3135.2,18,1,3135.0,6,2,3134.8,4,1,3134.5,14,1,3135.7,219,7,3135.8,64,2,3135.9,88,3,3136.0,380,8,3136.1,79,4
2031,2026-06-16 12:37:04+05:30,3135.7,23,3130.07,2121439,133797.0,204031.0,3163.0,3163.0,3108.0,3134.3,31949400,3447.7,2820.9,3839.9,2896.0,3135.3,2,1,3135.2,18,1,3135.0,6,2,3134.8,4,1,3134.5,14,1,3135.6,12,1,3135.7,244,9,3135.8,64,2,3135.9,288,4,3136.0,180,7
2031,2026-06-16 12:37:05+05:30,3135.7,23,3130.07,2121439,133797.0,204031.0,3163.0,3163.0,3108.0,3134.3,31949400,3447.7,2820.9,3839.9,2896.0,3135.3,2,1,3135.2,18,1,3135.0,6,2,3134.8,4,1,3134.5,14,1,3135.6,12,1,3135.7,244,9,3135.8,64,2,3135.9,288,4,3136.0,180,7
2031,2026-06-16 12:37:05+05:30,3135.3,2,3130.07,2121441,133775.0,204111.0,3163.0,3163.0,3108.0,3134.3,31949400,3447.7,2820.9,3839.9,2896.0,3135.3,2,1,3135.2,18,1,3135.0,6,2,3134.8,4,1,3134.5,14,1,3135.6,61,4,3135.7,207,9,3135.8,64,2,3135.9,342,5,3136.0,180,7
2031,2026-06-16 12:37:05+05:30,3135.3,2,3130.07,2121441,133775.0,204111.0,3163.0,3163.0,3108.0,3134.3,31949400,3447.7,2820.9,3839.9,2896.0,3135.3,2,1,3135.2,18,1,3135.0,6,2,3134.8,4,1,3134.5,14,1,3135.6,61,4,3135.7,207,9,3135.8,64,2,3135.9,342,5,3136.0,180,7
2031,2026-06-16 12:37:06+05:30,3135.6,1,3130.07,2121442,133797.0,204140.0,3163.0,3163.0,3108.0,3134.3,31949400,3447.7,2820.9,3839.9,2896.0,3135.3,2,1,3135.2,18,1,3135.0,6,2,3134.9,4,1,3134.8,4,1,3135.6,94,7,3135.7,166,5,3135.8,118,3,3135.9,342,5,3136.0,180,7
2031,2026-06-16 12:37:06+05:30,3135.6,1,3130.07,2121442,133797.0,204140.0,3163.0,3163.0,3108.0,3134.3,31949400,3447.7,2820.9,3839.9,2896.0,3135.3,2,1,3135.2,18,1,3135.0,6,2,3134.9,4,1,3134.8,4,1,3135.6,94,7,3135.7,166,5,3135.8,118,3,3135.9,342,5,3136.0,180,7
2031,2026-06-16 12:37:07+05:30,3135.6,1,3130.07,2121442,133797.0,204140.0,3163.0,3163.0,3108.0,3134.3,31949400,3447.7,2820.9,3839.9,2896.0,3135.3,2,1,3135.2,18,1,3135.0,6,2,3134.9,4,1,3134.8,4,1,3135.6,94,7,3135.7,166,5,3135.8,118,3,3135.9,342,5,3136.0,180,7
2031,2026-06-16 12:37:07+05:30,3135.2,174,3130.07,2121624,133533.0,204550.0,3163.0,3163.0,3108.0,3134.3,31949400,3447.7,2820.9,3839.9,2896.0,3135.0,6,2,3134.9,4,1,3134.8,4,1,3134.5,14,1,3134.1,72,4,3135.2,18,1,3135.6,101,8,3135.7,366,6,3135.8,139,4,3135.9,142,4
2031,2026-06-16 12:37:07+05:30,3135.2,174,3130.07,2121624,133533.0,204550.0,3163.0,3163.0,3108.0,3134.3,31949400,3447.7,2820.9,3839.9,2896.0,3135.0,6,2,3134.9,4,1,3134.8,4,1,3134.5,14,1,3134.1,72,4,3135.2,18,1,3135.6,101,8,3135.7,366,6,3135.8,139,4,3135.9,142,4
2031,2026-06-16 12:37:08+05:30,3135.2,1,3130.07,2121625,133608.0,204634.0,3163.0,3163.0,3108.0,3134.3,31949400,3447.7,2820.9,3839.9,2896.0,3135.0,7,3,3134.9,4,1,3134.8,4,1,3134.1,53,3,3134.0,80,3,3135.2,38,3,3135.3,38,1,3135.4,40,1,3135.5,23,1,3135.6,41,3
2031,2026-06-16 12:37:08+05:30,3135.2,1,3130.07,2121625,133608.0,204634.0,3163.0,3163.0,3108.0,3134.3,31949400,3447.7,2820.9,3839.9,2896.0,3135.0,7,3,3134.9,4,1,3134.8,4,1,3134.1,53,3,3134.0,80,3,3135.2,38,3,3135.3,38,1,3135.4,40,1,3135.5,23,1,3135.6,41,3
2031,2026-06-16 12:37:09+05:30,3135.2,1,3130.07,2121625,133608.0,204634.0,3163.0,3163.0,3108.0,3134.3,31949400,3447.7,2820.9,3839.9,2896.0,3135.0,7,3,3134.9,4,1,3134.8,4,1,3134.1,53,3,3134.0,80,3,3135.2,38,3,3135.3,38,1,3135.4,40,1,3135.5,23,1,3135.6,41,3
2031,2026-06-16 12:37:09+05:30,3135.2,1,3130.07,2121626,133623.0,204640.0,3163.0,3163.0,3108.0,3134.3,31949400,3447.7,2820.9,3839.9,2896.0,3135.0,7,3,3134.9,4,1,3134.8,4,1,3134.1,53,3,3134.0,80,3,3135.2,37,3,3135.4,40,1,3135.6,34,2,3135.7,154,4,3135.8,339,5
2031,2026-06-16 12:37:09+05:30,3134.0,366,3130.07,2121626,133623.0,204640.0,3163.0,3163.0,3108.0,3134.3,31949400,3447.7,2820.9,3839.9,2896.0,3135.0,7,3,3134.9,4,1,3134.8,4,1,3134.1,53,3,3134.0,80,3,3135.2,37,3,3135.4,40,1,3135.6,34,2,3135.7,154,4,3135.8,339,5
2031,2026-06-16 12:37:10+05:30,3134.0,366,3130.07,2121626,133623.0,204640.0,3163.0,3163.0,3108.0,3134.3,31949400,3447.7,2820.9,3839.9,2896.0,3135.0,7,3,3134.9,4,1,3134.8,4,1,3134.1,53,3,3134.0,80,3,3135.2,37,3,3135.4,40,1,3135.6,34,2,3135.7,154,4,3135.8,339,5
2031,2026-06-16 12:37:10+05:30,3135.0,2,3130.07,2122669,132522.0,203411.0,3163.0,3163.0,3108.0,3134.3,31949400,3447.7,2820.9,3839.9,2896.0,3135.0,18,2,3133.8,15,1,3133.7,16,2,3133.6,35,3,3133.5,68,4,3135.2,42,4,3135.3,56,2,3135.5,63,2,3135.6,169,6,3135.7,219,5
2031,2026-06-16 12:37:10+05:30,3135.0,2,3130.07,2122669,132522.0,203411.0,3163.0,3163.0,3108.0,3134.3,31949400,3447.7,2820.9,3839.9,2896.0,3135.0,18,2,3133.8,15,1,3133.7,16,2,3133.6,35,3,3133.5,68,4,3135.2,42,4,3135.3,56,2,3135.5,63,2,3135.6,169,6,3135.7,219,5
2031,2026-06-16 12:37:11+05:30,3135.0,14,3130.07,2122685,133540.0,205514.0,3163.0,3163.0,3108.0,3134.3,31949400,3447.7,2820.9,3839.9,2896.0,3135.0,42,4,3134.0,115,2,3133.9,267,3,3133.8,78,2,3133.7,202,8,3135.1,12,1,3135.2,38,4,3135.5,42,1,3135.6,35,2,3135.7,187,4
2031,2026-06-16 12:37:11+05:30,3135.2,1,3130.07,2122685,133540.0,205514.0,3163.0,3163.0,3108.0,3134.3,31949400,3447.7,2820.9,3839.9,2896.0,3135.0,42,4,3134.0,115,2,3133.9,267,3,3133.8,78,2,3133.7,202,8,3135.1,12,1,3135.2,38,4,3135.5,42,1,3135.6,35,2,3135.7,187,4
2031,2026-06-16 12:37:12+05:30,3135.2,1,3130.07,2122685,133540.0,205514.0,3163.0,3163.0,3108.0,3134.3,31949400,3447.7,2820.9,3839.9,2896.0,3135.0,42,4,3134.0,115,2,3133.9,267,3,3133.8,78,2,3133.7,202,8,3135.1,12,1,3135.2,38,4,3135.5,42,1,3135.6,35,2,3135.7,187,4
2031,2026-06-16 12:37:12+05:30,3135.2,1,3130.07,2122686,133722.0,205491.0,3163.0,3163.0,3108.0,3134.3,31949400,3447.7,2820.9,3839.9,2896.0,3135.0,42,4,3134.2,14,1,3134.1,63,1,3134.0,115,2,3133.9,219,3,3135.1,30,2,3135.2,118,5,3135.6,225,4,3135.7,174,4,3135.8,221,2
2031,2026-06-16 12:37:12+05:30,3135.2,1,3130.07,2122686,133722.0,205491.0,3163.0,3163.0,3108.0,3134.3,31949400,3447.7,2820.9,3839.9,2896.0,3135.0,42,4,3134.2,14,1,3134.1,63,1,3134.0,115,2,3133.9,219,3,3135.1,30,2,3135.2,118,5,3135.6,225,4,3135.7,174,4,3135.8,221,2
2031,2026-06-16 12:37:13+05:30,3135.2,1,3130.07,2122686,133722.0,205491.0,3163.0,3163.0,3108.0,3134.3,31949400,3447.7,2820.9,3839.9,2896.0,3135.0,42,4,3134.2,14,1,3134.1,63,1,3134.0,115,2,3133.9,219,3,3135.1,30,2,3135.2,118,5,3135.6,225,4,3135.7,174,4,3135.8,221,2
2031,2026-06-16 12:37:13+05:30,3135.2,1,3130.07,2122686,133654.0,205651.0,3163.0,3163.0,3108.0,3134.3,31949400,3447.7,2820.9,3839.9,2896.0,3135.0,42,4,3134.0,115,2,3133.9,219,3,3133.8,15,1,3133.7,109,6,3135.1,53,3,3135.2,93,3,3135.4,38,1,3135.6,290,6,3135.7,188,4
2031,2026-06-16 12:37:13+05:30,3135.2,1,3130.07,2122686,133654.0,205651.0,3163.0,3163.0,3108.0,3134.3,31949400,3447.7,2820.9,3839.9,2896.0,3135.0,42,4,3134.0,115,2,3133.9,219,3,3133.8,15,1,3133.7,109,6,3135.1,53,3,3135.2,93,3,3135.4,38,1,3135.6,290,6,3135.7,188,4
2031,2026-06-16 12:37:14+05:30,3135.2,1,3130.07,2122686,133654.0,205651.0,3163.0,3163.0,3108.0,3134.3,31949400,3447.7,2820.9,3839.9,2896.0,3135.0,42,4,3134.0,115,2,3133.9,219,3,3133.8,15,1,3133.7,109,6,3135.1,53,3,3135.2,93,3,3135.4,38,1,3135.6,290,6,3135.7,188,4
2031,2026-06-16 12:37:14+05:30,3135.0,11,3130.07,2122702,133646.0,205694.0,3163.0,3163.0,3108.0,3134.3,31949400,3447.7,2820.9,3839.9,2896.0,3135.0,45,4,3134.0,115,2,3133.9,19,2,3133.8,200,1,3133.7,109,6,3135.1,52,3,3135.2,93,3,3135.4,38,1,3135.6,142,5,3135.7,188,4
2031,2026-06-16 12:37:14+05:30,3135.1,12,3130.07,2122702,133646.0,205694.0,3163.0,3163.0,3108.0,3134.3,31949400,3447.7,2820.9,3839.9,2896.0,3135.0,45,4,3134.0,115,2,3133.9,19,2,3133.8,200,1,3133.7,109,6,3135.1,52,3,3135.2,93,3,3135.4,38,1,3135.6,142,5,3135.7,188,4
2031,2026-06-16 12:37:15+05:30,3135.1,12,3130.07,2122702,133646.0,205694.0,3163.0,3163.0,3108.0,3134.3,31949400,3447.7,2820.9,3839.9,2896.0,3135.0,45,4,3134.0,115,2,3133.9,19,2,3133.8,200,1,3133.7,109,6,3135.1,52,3,3135.2,93,3,3135.4,38,1,3135.6,142,5,3135.7,188,4
2031,2026-06-16 12:37:15+05:30,3135.1,1,3130.07,2123272,133750.0,205555.0,3163.0,3163.0,3108.0,3134.3,31949400,3447.7,2820.9,3839.9,2896.0,3135.0,7,2,3134.1,47,1,3134.0,70,3,3133.9,24,2,3133.8,282,4,3135.1,5,1,3135.2,51,2,3135.6,77,3,3135.7,136,3,3135.8,280,4
2031,2026-06-16 12:37:15+05:30,3135.1,1,3130.07,2123272,133750.0,205555.0,3163.0,3163.0,3108.0,3134.3,31949400,3447.7,2820.9,3839.9,2896.0,3135.0,7,2,3134.1,47,1,3134.0,70,3,3133.9,24,2,3133.8,282,4,3135.1,5,1,3135.2,51,2,3135.6,77,3,3135.7,136,3,3135.8,280,4
2031,2026-06-16 12:37:16+05:30,3135.1,1,3130.07,2123272,133750.0,205555.0,3163.0,3163.0,3108.0,3134.3,31949400,3447.7,2820.9,3839.9,2896.0,3135.0,7,2,3134.1,47,1,3134.0,70,3,3133.9,24,2,3133.8,282,4,3135.1,5,1,3135.2,51,2,3135.6,77,3,3135.7,136,3,3135.8,280,4
2031,2026-06-16 12:37:16+05:30,3135.0,1,3130.07,2123280,133705.0,205508.0,3163.0,3163.0,3108.0,3134.3,31949400,3447.7,2820.9,3839.9,2896.0,3135.0,43,2,3134.1,72,2,3134.0,70,3,3133.9,24,2,3133.8,282,4,3135.1,5,1,3135.2,51,2,3135.5,42,1,3135.6,41,2,3135.7,136,3
2031,2026-06-16 12:37:16+05:30,3135.0,1,3130.07,2123280,133705.0,205508.0,3163.0,3163.0,3108.0,3134.3,31949400,3447.7,2820.9,3839.9,2896.0,3135.0,43,2,3134.1,72,2,3134.0,70,3,3133.9,24,2,3133.8,282,4,3135.1,5,1,3135.2,51,2,3135.5,42,1,3135.6,41,2,3135.7,136,3
2031,2026-06-16 12:37:16+05:30,3135.0,2,3130.07,2123280,133705.0,205508.0,3163.0,3163.0,3108.0,3134.3,31949400,3447.7,2820.9,3839.9,2896.0,3135.0,43,2,3134.1,72,2,3134.0,70,3,3133.9,24,2,3133.8,282,4,3135.1,5,1,3135.2,51,2,3135.5,42,1,3135.6,41,2,3135.7,136,3
2031,2026-06-16 12:37:17+05:30,3135.0,2,3130.07,2123280,133705.0,205508.0,3163.0,3163.0,3108.0,3134.3,31949400,3447.7,2820.9,3839.9,2896.0,3135.0,43,2,3134.1,72,2,3134.0,70,3,3133.9,24,2,3133.8,282,4,3135.1,5,1,3135.2,51,2,3135.5,42,1,3135.6,41,2,3135.7,136,3
2031,2026-06-16 12:37:17+05:30,3135.1,1,3130.07,2123283,133752.0,205545.0,3163.0,3163.0,3108.0,3134.3,31949400,3447.7,2820.9,3839.9,2896.0,3135.0,44,3,3134.1,72,2,3134.0,70,3,3133.9,179,3,3133.8,127,3,3135.1,21,2,3135.2,51,2,3135.6,56,2,3135.7,136,3,3135.8,21,1
2031,2026-06-16 12:37:17+05:30,3135.1,1,3130.07,2123283,133752.0,205545.0,3163.0,3163.0,3108.0,3134.3,31949400,3447.7,2820.9,3839.9,2896.0,3135.0,44,3,3134.1,72,2,3134.0,70,3,3133.9,179,3,3133.8,127,3,3135.1,21,2,3135.2,51,2,3135.6,56,2,3135.7,136,3,3135.8,21,1
2031,2026-06-16 12:37:18+05:30,3135.1,1,3130.07,2123283,133752.0,205545.0,3163.0,3163.0,3108.0,3134.3,31949400,3447.7,2820.9,3839.9,2896.0,3135.0,44,3,3134.1,72,2,3134.0,70,3,3133.9,179,3,3133.8,127,3,3135.1,21,2,3135.2,51,2,3135.6,56,2,3135.7,136,3,3135.8,21,1
2031,2026-06-16 12:37:18+05:30,3135.1,1,3130.07,2123283,133764.0,205506.0,3163.0,3163.0,3108.0,3134.3,31949400,3447.7,2820.9,3839.9,2896.0,3135.0,44,3,3134.1,72,2,3134.0,253,4,3133.9,179,3,3133.8,127,3,3135.1,30,5,3135.2,51,2,3135.3,42,1,3135.4,18,1,3135.6,83,3
2031,2026-06-16 12:37:19+05:30,3135.1,1,3130.07,2123283,133764.0,205506.0,3163.0,3163.0,3108.0,3134.3,31949400,3447.7,2820.9,3839.9,2896.0,3135.0,44,3,3134.1,72,2,3134.0,253,4,3133.9,179,3,3133.8,127,3,3135.1,30,5,3135.2,51,2,3135.3,42,1,3135.4,18,1,3135.6,83,3
2031,2026-06-16 12:37:19+05:30,3135.1,1,3130.07,2123283,133702.0,205531.0,3163.0,3163.0,3108.0,3134.3,31949400,3447.7,2820.9,3839.9,2896.0,3135.0,44,3,3134.1,72,2,3134.0,70,3,3133.9,179,3,3133.8,127,3,3135.1,30,5,3135.2,51,2,3135.3,42,1,3135.6,83,3,3135.7,427,7
2031,2026-06-16 12:37:20+05:30,3135.1,1,3130.07,2123283,133702.0,205531.0,3163.0,3163.0,3108.0,3134.3,31950400,3447.7,2820.9,3839.9,2896.0,3135.0,44,3,3134.1,72,2,3134.0,70,3,3133.9,179,3,3133.8,127,3,3135.1,30,5,3135.2,51,2,3135.3,42,1,3135.6,83,3,3135.7,427,7
2031,2026-06-16 12:37:20+05:30,3135.1,1,3130.07,2123283,133648.0,205517.0,3163.0,3163.0,3108.0,3134.3,31950400,3447.7,2820.9,3839.9,2896.0,3135.0,44,3,3134.1,72,2,3134.0,70,3,3133.9,179,3,3133.8,78,2,3135.1,63,7,3135.2,51,2,3135.5,2,1,3135.6,83,3,3135.7,427,7
2031,2026-06-16 12:37:21+05:30,3135.1,1,3130.07,2123283,133639.0,205484.0,3163.0,3163.0,3108.0,3134.3,31950400,3447.7,2820.9,3839.9,2896.0,3135.0,44,3,3134.1,72,2,3134.0,70,3,3133.9,200,3,3133.8,233,3,3135.1,45,6,3135.2,51,2,3135.3,56,2,3135.4,38,1,3135.5,2,1
2031,2026-06-16 12:37:21+05:30,3135.1,5,3130.07,2123283,133639.0,205484.0,3163.0,3163.0,3108.0,3134.3,31950400,3447.7,2820.9,3839.9,2896.0,3135.0,44,3,3134.1,72,2,3134.0,70,3,3133.9,200,3,3133.8,233,3,3135.1,45,6,3135.2,51,2,3135.3,56,2,3135.4,38,1,3135.5,2,1
2031,2026-06-16 12:37:22+05:30,3135.1,15,3130.07,2123328,133801.0,205576.0,3163.0,3163.0,3108.0,3134.3,31950400,3447.7,2820.9,3839.9,2896.0,3135.0,44,3,3134.1,72,2,3134.0,70,3,3133.9,374,5,3133.8,78,2,3135.2,92,3,3135.3,14,1,3135.4,38,1,3135.5,2,1,3135.6,142,5
2031,2026-06-16 12:37:22+05:30,3135.1,15,3130.07,2123328,133801.0,205576.0,3163.0,3163.0,3108.0,3134.3,31950400,3447.7,2820.9,3839.9,2896.0,3135.0,44,3,3134.1,72,2,3134.0,70,3,3133.9,374,5,3133.8,78,2,3135.2,92,3,3135.3,14,1,3135.4,38,1,3135.5,2,1,3135.6,142,5
2031,2026-06-16 12:37:23+05:30,3135.2,93,3130.07,2123328,133801.0,205576.0,3163.0,3163.0,3108.0,3134.3,31950400,3447.7,2820.9,3839.9,2896.0,3135.0,44,3,3134.1,72,2,3134.0,70,3,3133.9,374,5,3133.8,78,2,3135.2,92,3,3135.3,14,1,3135.4,38,1,3135.5,2,1,3135.6,142,5
2031,2026-06-16 12:37:23+05:30,3135.2,93,3130.07,2123514,133937.0,205087.0,3163.0,3163.0,3108.0,3134.3,31950400,3447.7,2820.9,3839.9,2896.0,3135.0,44,3,3134.3,52,1,3134.1,195,2,3134.0,70,3,3133.9,199,4,3135.1,107,1,3135.5,2,1,3135.6,83,3,3135.7,159,4,3135.8,21,1
2031,2026-06-16 12:37:24+05:30,3135.0,17,3130.07,2123514,133937.0,205087.0,3163.0,3163.0,3108.0,3134.3,31950400,3447.7,2820.9,3839.9,2896.0,3135.0,44,3,3134.3,52,1,3134.1,195,2,3134.0,70,3,3133.9,199,4,3135.1,107,1,3135.5,2,1,3135.6,83,3,3135.7,159,4,3135.8,21,1
2031,2026-06-16 12:37:25+05:30,3135.0,17,3130.07,2123602,132825.0,205332.0,3163.0,3163.0,3108.0,3134.3,31950400,3447.7,2820.9,3839.9,2896.0,3134.1,14,1,3134.0,70,3,3133.8,15,1,3133.7,83,4,3133.6,352,4,3135.0,47,1,3135.1,90,1,3135.4,20,1,3135.5,64,3,3135.6,401,5
2031,2026-06-16 12:37:25+05:30,3135.0,17,3130.07,2123602,132825.0,205332.0,3163.0,3163.0,3108.0,3134.3,31950400,3447.7,2820.9,3839.9,2896.0,3134.1,14,1,3134.0,70,3,3133.8,15,1,3133.7,83,4,3133.6,352,4,3135.0,47,1,3135.1,90,1,3135.4,20,1,3135.5,64,3,3135.6,401,5
2031,2026-06-16 12:37:26+05:30,3135.0,17,3130.07,2123620,132756.0,205217.0,3163.0,3163.0,3108.0,3134.3,31950400,3447.7,2820.9,3839.9,2896.0,3134.0,54,2,3133.9,6,2,3133.8,15,1,3133.7,71,3,3133.6,170,3,3135.0,30,1,3135.1,90,1,3135.4,20,1,3135.5,64,3,3135.6,401,5
2031,2026-06-16 12:37:26+05:30,3135.0,17,3130.07,2123620,132756.0,205217.0,3163.0,3163.0,3108.0,3134.3,31950400,3447.7,2820.9,3839.9,2896.0,3134.0,54,2,3133.9,6,2,3133.8,15,1,3133.7,71,3,3133.6,170,3,3135.0,30,1,3135.1,90,1,3135.4,20,1,3135.5,64,3,3135.6,401,5
2031,2026-06-16 12:37:27+05:30,3135.0,4,3130.07,2123654,132809.0,205277.0,3163.0,3163.0,3108.0,3134.3,31950400,3447.7,2820.9,3839.9,2896.0,3134.0,73,4,3133.9,6,2,3133.8,17,2,3133.7,77,3,3133.6,170,3,3135.0,26,1,3135.1,90,1,3135.4,20,1,3135.5,64,3,3135.6,401,5
2031,2026-06-16 12:37:27+05:30,3135.1,17,3130.07,2123654,132809.0,205277.0,3163.0,3163.0,3108.0,3134.3,31950400,3447.7,2820.9,3839.9,2896.0,3134.0,73,4,3133.9,6,2,3133.8,17,2,3133.7,77,3,3133.6,170,3,3135.0,26,1,3135.1,90,1,3135.4,20,1,3135.5,64,3,3135.6,401,5
2031,2026-06-16 12:37:28+05:30,3135.1,17,3130.07,2123672,132399.0,205407.0,3163.0,3163.0,3108.0,3134.3,31950400,3447.7,2820.9,3839.9,2896.0,3135.0,11,1,3134.0,21,3,3133.9,1,1,3133.8,17,2,3133.7,24,2,3135.1,73,1,3135.4,99,3,3135.5,25,2,3135.6,52,2,3135.7,102,4
2031,2026-06-16 12:37:28+05:30,3135.1,17,3130.07,2123672,132399.0,205407.0,3163.0,3163.0,3108.0,3134.3,31950400,3447.7,2820.9,3839.9,2896.0,3135.0,11,1,3134.0,21,3,3133.9,1,1,3133.8,17,2,3133.7,24,2,3135.1,73,1,3135.4,99,3,3135.5,25,2,3135.6,52,2,3135.7,102,4
2031,2026-06-16 12:37:29+05:30,3135.1,17,3130.07,2123690,132472.0,205296.0,3163.0,3163.0,3108.0,3134.3,31950400,3447.7,2820.9,3839.9,2896.0,3135.0,11,1,3134.0,21,3,3133.9,1,1,3133.8,2,1,3133.7,24,2,3135.1,75,3,3135.2,9,1,3135.3,39,1,3135.4,61,3,3135.5,225,3
2031,2026-06-16 12:37:29+05:30,3135.1,17,3130.07,2123690,132472.0,205296.0,3163.0,3163.0,3108.0,3134.3,31950400,3447.7,2820.9,3839.9,2896.0,3135.0,11,1,3134.0,21,3,3133.9,1,1,3133.8,2,1,3133.7,24,2,3135.1,75,3,3135.2,9,1,3135.3,39,1,3135.4,61,3,3135.5,225,3
2031,2026-06-16 12:37:30+05:30,3135.1,17,3130.07,2123724,132490.0,203483.0,3163.0,3163.0,3108.0,3134.3,31950400,3447.7,2820.9,3839.9,2896.0,3135.0,17,3,3134.0,21,3,3133.9,1,1,3133.8,2,1,3133.7,24,2,3135.1,49,4,3135.2,47,2,3135.3,39,1,3135.4,103,4,3135.5,225,3
2031,2026-06-16 12:37:30+05:30,3134.7,21,3130.07,2123724,132490.0,203483.0,3163.0,3163.0,3108.0,3134.3,31950400,3447.7,2820.9,3839.9,2896.0,3135.0,17,3,3134.0,21,3,3133.9,1,1,3133.8,2,1,3133.7,24,2,3135.1,49,4,3135.2,47,2,3135.3,39,1,3135.4,103,4,3135.5,225,3
2031,2026-06-16 12:37:31+05:30,3134.7,21,3130.07,2123832,131564.0,203540.0,3163.0,3163.0,3108.0,3134.3,31950400,3447.7,2820.9,3839.9,2896.0,3134.0,19,2,3133.9,1,1,3133.7,40,2,3133.6,20,2,3133.5,49,4,3134.7,160,1,3135.0,241,3,3135.1,78,5,3135.2,67,2,3135.3,200,1
2031,2026-06-16 12:37:31+05:30,3135.1,11,3130.07,2123832,131564.0,203540.0,3163.0,3163.0,3108.0,3134.3,31950400,3447.7,2820.9,3839.9,2896.0,3134.0,19,2,3133.9,1,1,3133.7,40,2,3133.6,20,2,3133.5,49,4,3134.7,160,1,3135.0,241,3,3135.1,78,5,3135.2,67,2,3135.3,200,1
2031,2026-06-16 12:37:32+05:30,3135.2,16,3130.07,2123887,131957.0,203381.0,3163.0,3163.0,3108.0,3134.3,31950400,3447.7,2820.9,3839.9,2896.0,3134.2,61,5,3134.1,109,5,3134.0,59,5,3133.9,61,4,3133.8,42,3,3134.7,26,1,3135.2,5,1,3135.4,20,1,3135.5,2,1,3135.6,36,2
2031,2026-06-16 12:37:32+05:30,3135.2,16,3130.07,2123887,131957.0,203381.0,3163.0,3163.0,3108.0,3134.3,31950400,3447.7,2820.9,3839.9,2896.0,3134.2,61,5,3134.1,109,5,3134.0,59,5,3133.9,61,4,3133.8,42,3,3134.7,26,1,3135.2,5,1,3135.4,20,1,3135.5,2,1,3135.6,36,2
2031,2026-06-16 12:37:33+05:30,3134.7,1,3130.07,2123905,131786.0,205245.0,3163.0,3163.0,3108.0,3134.3,31950400,3447.7,2820.9,3839.9,2896.0,3134.4,16,1,3134.3,1,1,3134.2,87,7,3134.1,56,5,3134.0,76,7,3134.7,8,1,3135.4,20,1,3135.5,159,2,3135.6,36,2,3135.7,18,2
2031,2026-06-16 12:37:33+05:30,3135.4,9,3130.07,2123905,131786.0,205245.0,3163.0,3163.0,3108.0,3134.3,31950400,3447.7,2820.9,3839.9,2896.0,3134.4,16,1,3134.3,1,1,3134.2,87,7,3134.1,56,5,3134.0,76,7,3134.7,8,1,3135.4,20,1,3135.5,159,2,3135.6,36,2,3135.7,18,2
2031,2026-06-16 12:37:34+05:30,3135.7,1,3130.07,2123939,133367.0,203894.0,3163.0,3163.0,3108.0,3134.3,31950400,3447.7,2820.9,3839.9,2896.0,3135.4,1,1,3135.2,3,1,3134.7,16,1,3134.4,16,2,3134.3,64,2,3135.7,17,2,3135.9,162,2,3136.0,192,8,3136.1,39,2,3136.2,374,6
2031,2026-06-16 12:37:34+05:30,3135.7,1,3130.07,2123939,133367.0,203894.0,3163.0,3163.0,3108.0,3134.3,31950400,3447.7,2820.9,3839.9,2896.0,3135.4,1,1,3135.2,3,1,3134.7,16,1,3134.4,16,2,3134.3,64,2,3135.7,17,2,3135.9,162,2,3136.0,192,8,3136.1,39,2,3136.2,374,6
2031,2026-06-16 12:37:35+05:30,3135.7,1,3130.07,2123957,133421.0,202377.0,3163.0,3163.0,3108.0,3134.3,31950400,3447.7,2820.9,3839.9,2896.0,3135.4,1,1,3135.2,3,1,3134.9,15,1,3134.4,49,3,3134.3,265,4,3135.7,8,1,3135.9,162,2,3136.0,192,8,3136.1,109,4,3136.2,336,5
2031,2026-06-16 12:37:35+05:30,3135.7,17,3130.07,2123957,133421.0,202377.0,3163.0,3163.0,3108.0,3134.3,31950400,3447.7,2820.9,3839.9,2896.0,3135.4,1,1,3135.2,3,1,3134.9,15,1,3134.4,49,3,3134.3,265,4,3135.7,8,1,3135.9,162,2,3136.0,192,8,3136.1,109,4,3136.2,336,5
2031,2026-06-16 12:37:36+05:30,3135.7,17,3130.07,2123974,133428.0,204321.0,3163.0,3163.0,3108.0,3134.3,31950400,3447.7,2820.9,3839.9,2896.0,3135.4,1,1,3135.2,3,1,3134.9,15,1,3134.4,49,3,3134.3,265,4,3135.9,185,3,3136.0,192,8,3136.1,109,4,3136.2,336,5,3136.3,530,5
2031,2026-06-16 12:37:36+05:30,3135.9,15,3130.07,2123974,133428.0,204321.0,3163.0,3163.0,3108.0,3134.3,31950400,3447.7,2820.9,3839.9,2896.0,3135.4,1,1,3135.2,3,1,3134.9,15,1,3134.4,49,3,3134.3,265,4,3135.9,185,3,3136.0,192,8,3136.1,109,4,3136.2,336,5,3136.3,530,5
2031,2026-06-16 12:37:37+05:30,3135.9,3,3130.07,2124011,134292.0,203624.0,3163.0,3163.0,3108.0,3134.3,31950400,3447.7,2820.9,3839.9,2896.0,3135.9,14,1,3135.7,1,1,3135.4,1,1,3135.2,20,2,3134.6,39,1,3136.0,170,7,3136.1,72,3,3136.2,145,1,3136.3,84,2,3136.4,41,2
2031,2026-06-16 12:37:37+05:30,3136.0,33,3130.07,2124011,134292.0,203624.0,3163.0,3163.0,3108.0,3134.3,31950400,3447.7,2820.9,3839.9,2896.0,3135.9,14,1,3135.7,1,1,3135.4,1,1,3135.2,20,2,3134.6,39,1,3136.0,170,7,3136.1,72,3,3136.2,145,1,3136.3,84,2,3136.4,41,2
2031,2026-06-16 12:37:38+05:30,3136.0,1,3130.07,2124182,134371.0,203238.0,3163.0,3163.0,3108.0,3134.3,31950400,3447.7,2820.9,3839.9,2896.0,3135.7,18,2,3135.4,1,1,3135.2,3,1,3134.6,39,1,3134.5,208,3,3136.0,49,3,3136.1,40,2,3136.3,84,2,3136.4,186,3,3136.5,189,5
2031,2026-06-16 12:37:38+05:30,3136.0,10,3130.07,2124182,134371.0,203238.0,3163.0,3163.0,3108.0,3134.3,31950400,3447.7,2820.9,3839.9,2896.0,3135.7,18,2,3135.4,1,1,3135.2,3,1,3134.6,39,1,3134.5,208,3,3136.0,49,3,3136.1,40,2,3136.3,84,2,3136.4,186,3,3136.5,189,5
2031,2026-06-16 12:37:39+05:30,3136.0,1,3130.07,2124195,134731.0,203128.0,3163.0,3163.0,3108.0,3134.3,31950400,3447.7,2820.9,3839.9,2896.0,3135.7,59,3,3135.3,5,1,3135.2,3,1,3135.0,14,1,3134.8,78,2,3136.0,39,2,3136.1,2,1,3136.4,20,1,3136.5,230,3,3136.6,62,2
2031,2026-06-16 12:37:39+05:30,3136.0,1,3130.07,2124195,134731.0,203128.0,3163.0,3163.0,3108.0,3134.3,31950400,3447.7,2820.9,3839.9,2896.0,3135.7,59,3,3135.3,5,1,3135.2,3,1,3135.0,14,1,3134.8,78,2,3136.0,39,2,3136.1,2,1,3136.4,20,1,3136.5,230,3,3136.6,62,2
2031,2026-06-16 12:37:40+05:30,3136.0,1,3130.07,2124195,134761.0,203135.0,3163.0,3163.0,3108.0,3134.3,31950400,3447.7,2820.9,3839.9,2896.0,3135.7,59,3,3135.2,3,1,3135.1,5,1,3135.0,66,2,3134.8,78,2,3136.0,39,2,3136.1,2,1,3136.4,20,1,3136.5,268,4,3136.6,62,2
2031,2026-06-16 12:37:41+05:30,3136.0,1,3130.07,2124199,134760.0,203124.0,3163.0,3163.0,3108.0,3134.3,31950400,3447.7,2820.9,3839.9,2896.0,3135.7,59,3,3135.2,3,1,3135.1,5,1,3135.0,66,2,3134.8,78,2,3136.0,35,2,3136.1,2,1,3136.4,57,2,3136.5,225,3,3136.6,62,2
2031,2026-06-16 12:37:41+05:30,3136.0,1,3130.07,2124199,134760.0,203124.0,3163.0,3163.0,3108.0,3134.3,31950400,3447.7,2820.9,3839.9,2896.0,3135.7,59,3,3135.2,3,1,3135.1,5,1,3135.0,66,2,3134.8,78,2,3136.0,35,2,3136.1,2,1,3136.4,57,2,3136.5,225,3,3136.6,62,2
2031,2026-06-16 12:37:42+05:30,3136.0,30,3130.07,2124229,134577.0,203053.0,3163.0,3163.0,3108.0,3134.3,31950400,3447.7,2820.9,3839.9,2896.0,3135.7,59,3,3135.2,71,3,3135.1,5,1,3135.0,52,1,3134.8,78,2,3136.0,29,3,3136.1,39,2,3136.2,22,1,3136.4,20,1,3136.5,262,4
2031,2026-06-16 12:37:42+05:30,3136.0,30,3130.07,2124229,134577.0,203053.0,3163.0,3163.0,3108.0,3134.3,31950400,3447.7,2820.9,3839.9,2896.0,3135.7,59,3,3135.2,71,3,3135.1,5,1,3135.0,52,1,3134.8,78,2,3136.0,29,3,3136.1,39,2,3136.2,22,1,3136.4,20,1,3136.5,262,4
2031,2026-06-16 12:37:43+05:30,3136.0,30,3130.07,2124229,134484.0,203074.0,3163.0,3163.0,3108.0,3134.3,31950400,3447.7,2820.9,3839.9,2896.0,3135.7,59,3,3135.2,19,2,3135.1,5,1,3135.0,75,3,3134.8,78,2,3136.0,29,3,3136.1,39,2,3136.2,60,2,3136.4,58,2,3136.5,224,3
2031,2026-06-16 12:37:43+05:30,3136.2,62,3130.07,2124229,134484.0,203074.0,3163.0,3163.0,3108.0,3134.3,31950400,3447.7,2820.9,3839.9,2896.0,3135.7,59,3,3135.2,19,2,3135.1,5,1,3135.0,75,3,3134.8,78,2,3136.0,29,3,3136.1,39,2,3136.2,60,2,3136.4,58,2,3136.5,224,3
2031,2026-06-16 12:37:44+05:30,3135.2,3,3130.08,2124636,131174.0,206389.0,3163.0,3163.0,3108.0,3134.3,31950400,3447.7,2820.9,3839.9,2896.0,3134.4,13,2,3134.3,1,1,3134.2,12,1,3134.1,1,1,3134.0,16,2,3134.9,200,1,3135.2,21,1,3135.3,200,1,3135.4,75,2,3135.5,12,1
2031,2026-06-16 12:37:44+05:30,3135.2,3,3130.08,2124636,131174.0,206389.0,3163.0,3163.0,3108.0,3134.3,31950400,3447.7,2820.9,3839.9,2896.0,3134.4,13,2,3134.3,1,1,3134.2,12,1,3134.1,1,1,3134.0,16,2,3134.9,200,1,3135.2,21,1,3135.3,200,1,3135.4,75,2,3135.5,12,1
2031,2026-06-16 12:37:45+05:30,3135.2,3,3130.08,2124636,131391.0,206575.0,3163.0,3163.0,3108.0,3134.3,31950400,3447.7,2820.9,3839.9,2896.0,3134.7,2,2,3134.4,14,3,3134.3,1,1,3134.2,12,1,3134.1,1,1,3134.8,200,1,3134.9,200,1,3135.3,221,2,3135.4,72,2,3135.6,207,3
2031,2026-06-16 12:37:45+05:30,3134.7,1,3130.08,2124636,131391.0,206575.0,3163.0,3163.0,3108.0,3134.3,31950400,3447.7,2820.9,3839.9,2896.0,3134.7,2,2,3134.4,14,3,3134.3,1,1,3134.2,12,1,3134.1,1,1,3134.8,200,1,3134.9,200,1,3135.3,221,2,3135.4,72,2,3135.6,207,3
2031,2026-06-16 12:37:46+05:30,3134.7,1,3130.08,2124638,131446.0,206820.0,3163.0,3163.0,3108.0,3134.3,31950400,3447.7,2820.9,3839.9,2896.0,3134.7,2,2,3134.4,30,4,3134.3,1,1,3134.2,12,1,3134.1,1,1,3134.8,200,1,3134.9,200,1,3135.3,421,3,3135.4,72,2,3135.6,458,4
2031,2026-06-16 12:37:47+05:30,3134.7,1,3130.08,2124638,131636.0,206156.0,3163.0,3163.0,3108.0,3134.3,31950400,3447.7,2820.9,3839.9,2896.0,3134.7,2,2,3134.4,30,4,3134.3,1,1,3134.2,12,1,3134.1,1,1,3134.8,200,1,3134.9,200,1,3135.3,421,3,3135.4,72,2,3135.6,420,3
2031,2026-06-16 12:37:48+05:30,3134.8,1,3130.08,2124639,132207.0,206753.0,3163.0,3163.0,3108.0,3134.3,31950400,3447.7,2820.9,3839.9,2896.0,3134.7,2,2,3134.4,18,3,3134.3,1,1,3134.2,12,1,3134.1,1,1,3134.8,228,2,3134.9,200,1,3135.3,421,3,3135.4,72,2,3135.6,420,3
2031,2026-06-16 12:37:48+05:30,3134.8,100,3130.08,2124639,132207.0,206753.0,3163.0,3163.0,3108.0,3134.3,31950400,3447.7,2820.9,3839.9,2896.0,3134.7,2,2,3134.4,18,3,3134.3,1,1,3134.2,12,1,3134.1,1,1,3134.8,228,2,3134.9,200,1,3135.3,421,3,3135.4,72,2,3135.6,420,3
2031,2026-06-16 12:37:49+05:30,3134.7,80,3130.08,2124838,132066.0,206677.0,3163.0,3163.0,3108.0,3134.3,31950400,3447.7,2820.9,3839.9,2896.0,3134.7,15,1,3134.4,15,3,3134.3,1,1,3134.2,12,1,3134.1,1,1,3134.8,29,1,3134.9,200,1,3135.3,221,2,3135.4,272,3,3135.6,456,4
2031,2026-06-16 12:37:49+05:30,3134.7,80,3130.08,2124838,132066.0,206677.0,3163.0,3163.0,3108.0,3134.3,31950400,3447.7,2820.9,3839.9,2896.0,3134.7,15,1,3134.4,15,3,3134.3,1,1,3134.2,12,1,3134.1,1,1,3134.8,29,1,3134.9,200,1,3135.3,221,2,3135.4,272,3,3135.6,456,4
2031,2026-06-16 12:37:50+05:30,3134.9,52,3130.08,2124938,132770.0,205980.0,3163.0,3163.0,3108.0,3134.3,31950400,3447.7,2820.9,3839.9,2896.0,3134.7,15,1,3134.4,52,6,3134.3,17,3,3134.2,27,2,3134.1,35,4,3134.9,148,1,3135.3,400,2,3135.4,20,1,3135.6,420,3,3135.7,252,2
2031,2026-06-16 12:37:50+05:30,3134.9,52,3130.08,2124938,132770.0,205980.0,3163.0,3163.0,3108.0,3134.3,31950400,3447.7,2820.9,3839.9,2896.0,3134.7,15,1,3134.4,52,6,3134.3,17,3,3134.2,27,2,3134.1,35,4,3134.9,148,1,3135.3,400,2,3135.4,20,1,3135.6,420,3,3135.7,252,2
2031,2026-06-16 12:37:51+05:30,3134.9,11,3130.08,2124949,132880.0,205812.0,3163.0,3163.0,3108.0,3134.3,31950400,3447.7,2820.9,3839.9,2896.0,3134.7,66,3,3134.6,34,3,3134.5,10,2,3134.4,24,4,3134.3,17,3,3134.9,137,1,3135.3,400,2,3135.4,20,1,3135.6,420,3,3135.7,200,1
2031,2026-06-16 12:37:51+05:30,3134.9,11,3130.08,2124949,132880.0,205812.0,3163.0,3163.0,3108.0,3134.3,31950400,3447.7,2820.9,3839.9,2896.0,3134.7,66,3,3134.6,34,3,3134.5,10,2,3134.4,24,4,3134.3,17,3,3134.9,137,1,3135.3,400,2,3135.4,20,1,3135.6,420,3,3135.7,200,1
2031,2026-06-16 12:37:52+05:30,3134.7,75,3130.08,2125149,132791.0,205917.0,3163.0,3163.0,3108.0,3134.3,31950400,3447.7,2820.9,3839.9,2896.0,3134.7,29,2,3134.4,17,3,3134.3,32,4,3134.1,27,3,3134.0,119,7,3134.9,137,1,3135.3,400,2,3135.4,20,1,3135.5,21,1,3135.6,420,3
2031,2026-06-16 12:37:52+05:30,3134.7,75,3130.08,2125149,132791.0,205917.0,3163.0,3163.0,3108.0,3134.3,31950400,3447.7,2820.9,3839.9,2896.0,3134.7,29,2,3134.4,17,3,3134.3,32,4,3134.1,27,3,3134.0,119,7,3134.9,137,1,3135.3,400,2,3135.4,20,1,3135.5,21,1,3135.6,420,3
2031,2026-06-16 12:37:53+05:30,3134.9,39,3130.08,2125188,132891.0,205594.0,3163.0,3163.0,3108.0,3134.3,31950400,3447.7,2820.9,3839.9,2896.0,3134.7,33,3,3134.6,30,2,3134.5,10,2,3134.4,31,5,3134.3,17,3,3134.9,98,1,3135.3,400,2,3135.4,20,1,3135.6,420,3,3135.7,200,1
2031,2026-06-16 12:37:53+05:30,3134.9,39,3130.08,2125188,132891.0,205594.0,3163.0,3163.0,3108.0,3134.3,31950400,3447.7,2820.9,3839.9,2896.0,3134.7,33,3,3134.6,30,2,3134.5,10,2,3134.4,31,5,3134.3,17,3,3134.9,98,1,3135.3,400,2,3135.4,20,1,3135.6,420,3,3135.7,200,1
2031,2026-06-16 12:37:54+05:30,3134.9,1,3130.08,2125191,133054.0,205514.0,3163.0,3163.0,3108.0,3134.3,31950400,3447.7,2820.9,3839.9,2896.0,3134.7,115,8,3134.6,4,1,3134.5,10,2,3134.4,33,5,3134.3,17,3,3134.9,121,2,3135.3,200,1,3135.4,220,2,3135.6,20,1,3135.7,400,2
2031,2026-06-16 12:37:54+05:30,3134.9,1,3130.08,2125191,133054.0,205514.0,3163.0,3163.0,3108.0,3134.3,31950400,3447.7,2820.9,3839.9,2896.0,3134.7,115,8,3134.6,4,1,3134.5,10,2,3134.4,33,5,3134.3,17,3,3134.9,121,2,3135.3,200,1,3135.4,220,2,3135.6,20,1,3135.7,400,2
2031,2026-06-16 12:37:55+05:30,3134.9,9,3130.08,2125200,133211.0,205706.0,3163.0,3163.0,3108.0,3134.3,31950400,3447.7,2820.9,3839.9,2896.0,3134.8,17,1,3134.7,100,7,3134.6,4,1,3134.5,10,2,3134.4,32,4,3134.9,113,3,3135.3,200,1,3135.4,220,2,3135.6,20,1,3135.7,400,2
2031,2026-06-16 12:37:55+05:30,3134.9,9,3130.08,2125200,133211.0,205706.0,3163.0,3163.0,3108.0,3134.3,31950400,3447.7,2820.9,3839.9,2896.0,3134.8,17,1,3134.7,100,7,3134.6,4,1,3134.5,10,2,3134.4,32,4,3134.9,113,3,3135.3,200,1,3135.4,220,2,3135.6,20,1,3135.7,400,2
2031,2026-06-16 12:37:56+05:30,3134.9,9,3130.08,2125200,133309.0,205708.0,3163.0,3163.0,3108.0,3134.3,31950400,3447.7,2820.9,3839.9,2896.0,3134.8,35,5,3134.7,74,5,3134.6,19,2,3134.5,10,2,3134.4,32,4,3134.9,113,3,3135.3,200,1,3135.4,220,2,3135.6,20,1,3135.7,400,2
2031,2026-06-16 12:37:56+05:30,3134.9,1,3130.08,2125200,133309.0,205708.0,3163.0,3163.0,3108.0,3134.3,31950400,3447.7,2820.9,3839.9,2896.0,3134.8,35,5,3134.7,74,5,3134.6,19,2,3134.5,10,2,3134.4,32,4,3134.9,113,3,3135.3,200,1,3135.4,220,2,3135.6,20,1,3135.7,400,2
2031,2026-06-16 12:37:57+05:30,3134.9,1,3130.08,2125313,133712.0,205053.0,3163.0,3163.0,3108.0,3134.3,31950400,3447.7,2820.9,3839.9,2896.0,3134.9,1,1,3134.8,17,3,3134.7,90,6,3134.6,19,2,3134.5,58,3,3135.3,200,1,3135.4,200,1,3135.7,400,2,3135.8,221,2,3136.0,610,5
2031,2026-06-16 12:37:58+05:30,3135.3,10,3130.08,2125313,133712.0,205053.0,3163.0,3163.0,3108.0,3134.3,31950400,3447.7,2820.9,3839.9,2896.0,3134.9,1,1,3134.8,17,3,3134.7,90,6,3134.6,19,2,3134.5,58,3,3135.3,200,1,3135.4,200,1,3135.7,400,2,3135.8,221,2,3136.0,610,5
2031,2026-06-16 12:37:58+05:30,3135.3,10,3130.08,2125323,133658.0,204983.0,3163.0,3163.0,3108.0,3134.3,31950400,3447.7,2820.9,3839.9,2896.0,3134.9,1,1,3134.8,41,5,3134.7,74,5,3134.6,19,2,3134.5,58,3,3135.2,138,1,3135.3,190,1,3135.4,200,1,3135.7,400,2,3135.8,221,2
2031,2026-06-16 12:37:59+05:30,3135.2,1,3130.08,2125323,133658.0,204983.0,3163.0,3163.0,3108.0,3134.3,31950400,3447.7,2820.9,3839.9,2896.0,3134.9,1,1,3134.8,41,5,3134.7,74,5,3134.6,19,2,3134.5,58,3,3135.2,138,1,3135.3,190,1,3135.4,200,1,3135.7,400,2,3135.8,221,2
2031,2026-06-16 12:37:59+05:30,3135.2,1,3130.08,2125324,133656.0,205039.0,3163.0,3163.0,3108.0,3134.3,31950400,3447.7,2820.9,3839.9,2896.0,3134.9,45,6,3134.8,8,2,3134.7,74,5,3134.6,19,2,3134.5,58,3,3135.2,137,1,3135.3,190,1,3135.4,200,1,3135.7,400,2,3135.8,221,2
2031,2026-06-16 12:38:00+05:30,3135.2,31,3130.08,2125324,133656.0,205039.0,3163.0,3163.0,3108.0,3134.3,31950400,3447.7,2820.9,3839.9,2896.0,3134.9,45,6,3134.8,8,2,3134.7,74,5,3134.6,19,2,3134.5,58,3,3135.2,137,1,3135.3,190,1,3135.4,200,1,3135.7,400,2,3135.8,221,2
2031,2026-06-16 12:38:01+05:30,3135.2,31,3130.08,2125355,133760.0,204930.0,3163.0,3163.0,3108.0,3134.3,31950400,3447.7,2820.9,3839.9,2896.0,3135.1,8,3,3134.9,40,6,3134.8,8,2,3134.7,117,7,3134.6,19,2,3135.2,116,3,3135.3,190,1,3135.4,200,1,3135.7,400,2,3135.8,221,2
2031,2026-06-16 12:38:01+05:30,3135.2,31,3130.08,2125355,133760.0,204930.0,3163.0,3163.0,3108.0,3134.3,31950400,3447.7,2820.9,3839.9,2896.0,3135.1,8,3,3134.9,40,6,3134.8,8,2,3134.7,117,7,3134.6,19,2,3135.2,116,3,3135.3,190,1,3135.4,200,1,3135.7,400,2,3135.8,221,2
2031,2026-06-16 12:38:01+05:30,3135.2,9,3130.08,2125355,133760.0,204930.0,3163.0,3163.0,3108.0,3134.3,31950400,3447.7,2820.9,3839.9,2896.0,3135.1,8,3,3134.9,40,6,3134.8,8,2,3134.7,117,7,3134.6,19,2,3135.2,116,3,3135.3,190,1,3135.4,200,1,3135.7,400,2,3135.8,221,2
2031,2026-06-16 12:38:02+05:30,3135.2,9,3130.08,2125471,133916.0,204733.0,3163.0,3163.0,3108.0,3134.3,31950400,3447.7,2820.9,3839.9,2896.0,3135.1,9,4,3134.9,39,6,3134.8,8,2,3134.7,117,7,3134.6,19,2,3135.3,190,1,3135.4,200,1,3135.7,400,2,3135.8,221,2,3136.0,420,3
2031,2026-06-16 12:38:03+05:30,3135.2,9,3130.08,2125471,133856.0,204790.0,3163.0,3163.0,3108.0,3134.3,31950400,3447.7,2820.9,3839.9,2896.0,3135.1,3,3,3135.0,15,1,3134.9,22,5,3134.8,23,3,3134.7,89,6,3135.3,190,1,3135.4,200,1,3135.7,400,2,3135.8,221,2,3136.0,420,3
2031,2026-06-16 12:38:03+05:30,3135.2,9,3130.08,2125471,133856.0,204790.0,3163.0,3163.0,3108.0,3134.3,31950400,3447.7,2820.9,3839.9,2896.0,3135.1,3,3,3135.0,15,1,3134.9,22,5,3134.8,23,3,3134.7,89,6,3135.3,190,1,3135.4,200,1,3135.7,400,2,3135.8,221,2,3136.0,420,3
2031,2026-06-16 12:38:04+05:30,3135.2,9,3130.08,2125471,133893.0,205185.0,3163.0,3163.0,3108.0,3134.3,31950400,3447.7,2820.9,3839.9,2896.0,3135.2,5,1,3135.1,3,3,3135.0,30,2,3134.9,18,4,3134.8,8,2,3135.3,190,1,3135.4,200,1,3135.7,400,2,3135.8,221,2,3136.0,420,3
2031,2026-06-16 12:38:04+05:30,3135.3,1,3130.08,2125471,133893.0,205185.0,3163.0,3163.0,3108.0,3134.3,31950400,3447.7,2820.9,3839.9,2896.0,3135.2,5,1,3135.1,3,3,3135.0,30,2,3134.9,18,4,3134.8,8,2,3135.3,190,1,3135.4,200,1,3135.7,400,2,3135.8,221,2,3136.0,420,3
2031,2026-06-16 12:38:05+05:30,3135.3,1,3130.08,2125472,133919.0,205269.0,3163.0,3163.0,3108.0,3134.3,31950400,3447.7,2820.9,3839.9,2896.0,3135.2,6,2,3135.1,3,3,3135.0,30,2,3134.9,8,3,3134.8,8,2,3135.3,273,3,3135.4,200,1,3135.7,400,2,3135.8,221,2,3136.0,441,4
2031,2026-06-16 12:38:05+05:30,3135.3,1,3130.08,2125472,133919.0,205269.0,3163.0,3163.0,3108.0,3134.3,31950400,3447.7,2820.9,3839.9,2896.0,3135.2,6,2,3135.1,3,3,3135.0,30,2,3134.9,8,3,3134.8,8,2,3135.3,273,3,3135.4,200,1,3135.7,400,2,3135.8,221,2,3136.0,441,4
2031,2026-06-16 12:38:05+05:30,3135.2,2,3130.08,2125472,133919.0,205269.0,3163.0,3163.0,3108.0,3134.3,31950400,3447.7,2820.9,3839.9,2896.0,3135.2,6,2,3135.1,3,3,3135.0,30,2,3134.9,8,3,3134.8,8,2,3135.3,273,3,3135.4,200,1,3135.7,400,2,3135.8,221,2,3136.0,441,4
2031,2026-06-16 12:38:06+05:30,3135.2,2,3130.08,2125524,133922.0,205575.0,3163.0,3163.0,3108.0,3134.3,31950400,3447.7,2820.9,3839.9,2896.0,3135.2,6,4,3135.1,1,1,3135.0,30,2,3134.9,8,3,3134.8,8,2,3135.3,223,3,3135.4,200,1,3135.7,400,2,3135.8,221,2,3136.0,441,4
2031,2026-06-16 12:38:06+05:30,3135.3,10,3130.08,2125524,133922.0,205575.0,3163.0,3163.0,3108.0,3134.3,31950400,3447.7,2820.9,3839.9,2896.0,3135.2,6,4,3135.1,1,1,3135.0,30,2,3134.9,8,3,3134.8,8,2,3135.3,223,3,3135.4,200,1,3135.7,400,2,3135.8,221,2,3136.0,441,4
2031,2026-06-16 12:38:07+05:30,3135.3,10,3130.08,2125673,133917.0,205447.0,3163.0,3163.0,3108.0,3134.3,31950400,3447.7,2820.9,3839.9,2896.0,3135.2,6,4,3135.1,1,1,3135.0,15,1,3134.9,23,4,3134.8,8,2,3135.3,100,3,3135.4,200,1,3135.7,400,2,3135.8,221,2,3136.0,441,4
2031,2026-06-16 12:38:07+05:30,3135.3,10,3130.08,2125673,133917.0,205447.0,3163.0,3163.0,3108.0,3134.3,31950400,3447.7,2820.9,3839.9,2896.0,3135.2,6,4,3135.1,1,1,3135.0,15,1,3134.9,23,4,3134.8,8,2,3135.3,100,3,3135.4,200,1,3135.7,400,2,3135.8,221,2,3136.0,441,4
2031,2026-06-16 12:38:07+05:30,3135.3,1,3130.08,2125673,133917.0,205447.0,3163.0,3163.0,3108.0,3134.3,31950400,3447.7,2820.9,3839.9,2896.0,3135.2,6,4,3135.1,1,1,3135.0,15,1,3134.9,23,4,3134.8,8,2,3135.3,100,3,3135.4,200,1,3135.7,400,2,3135.8,221,2,3136.0,441,4
2031,2026-06-16 12:38:08+05:30,3135.3,1,3130.08,2125674,134107.0,205274.0,3163.0,3163.0,3108.0,3134.3,31950400,3447.7,2820.9,3839.9,2896.0,3135.2,56,6,3135.1,16,2,3135.0,25,3,3134.9,7,3,3134.8,23,3,3135.3,99,3,3135.4,200,1,3135.7,400,2,3135.8,221,2,3136.0,420,3
2031,2026-06-16 12:38:09+05:30,3135.3,1,3130.08,2125674,134107.0,205274.0,3163.0,3163.0,3108.0,3134.3,31950400,3447.7,2820.9,3839.9,2896.0,3135.2,56,6,3135.1,16,2,3135.0,25,3,3134.9,7,3,3134.8,23,3,3135.3,99,3,3135.4,200,1,3135.7,400,2,3135.8,221,2,3136.0,420,3
2031,2026-06-16 12:38:09+05:30,3135.3,12,3130.08,2125759,134002.0,205468.0,3163.0,3163.0,3108.0,3134.3,31950400,3447.7,2820.9,3839.9,2896.0,3135.2,64,6,3135.1,16,2,3135.0,21,2,3134.9,2,2,3134.8,23,3,3135.3,264,2,3135.4,200,1,3135.7,400,2,3135.8,221,2,3136.0,420,3
2031,2026-06-16 12:38:09+05:30,3135.3,12,3130.08,2125759,134002.0,205468.0,3163.0,3163.0,3108.0,3134.3,31950400,3447.7,2820.9,3839.9,2896.0,3135.2,64,6,3135.1,16,2,3135.0,21,2,3134.9,2,2,3134.8,23,3,3135.3,264,2,3135.4,200,1,3135.7,400,2,3135.8,221,2,3136.0,420,3
2031,2026-06-16 12:38:10+05:30,3135.3,8,3130.08,2125768,133985.0,205462.0,3163.0,3163.0,3108.0,3134.3,31950400,3447.7,2820.9,3839.9,2896.0,3135.2,64,6,3135.1,16,2,3135.0,6,1,3134.9,1,1,3134.8,23,3,3135.3,255,2,3135.4,200,1,3135.7,400,2,3135.8,221,2,3136.0,420,3
2031,2026-06-16 12:38:10+05:30,3135.3,8,3130.08,2125768,133985.0,205462.0,3163.0,3163.0,3108.0,3134.3,31950400,3447.7,2820.9,3839.9,2896.0,3135.2,64,6,3135.1,16,2,3135.0,6,1,3134.9,1,1,3134.8,23,3,3135.3,255,2,3135.4,200,1,3135.7,400,2,3135.8,221,2,3136.0,420,3
2031,2026-06-16 12:38:10+05:30,3135.3,8,3130.08,2125768,133985.0,205462.0,3163.0,3163.0,3108.0,3134.3,31950400,3447.7,2820.9,3839.9,2896.0,3135.2,64,6,3135.1,16,2,3135.0,6,1,3134.9,1,1,3134.8,23,3,3135.3,255,2,3135.4,200,1,3135.7,400,2,3135.8,221,2,3136.0,420,3
2031,2026-06-16 12:38:11+05:30,3135.3,11,3130.08,2125922,133935.0,205302.0,3163.0,3163.0,3108.0,3134.3,31950400,3447.7,2820.9,3839.9,2896.0,3135.2,48,5,3135.1,16,2,3135.0,6,1,3134.9,15,2,3134.8,71,4,3135.3,101,1,3135.4,200,1,3135.7,400,2,3135.8,200,1,3136.0,420,3
2031,2026-06-16 12:38:11+05:30,3135.3,11,3130.08,2125922,133935.0,205302.0,3163.0,3163.0,3108.0,3134.3,31950400,3447.7,2820.9,3839.9,2896.0,3135.2,48,5,3135.1,16,2,3135.0,6,1,3134.9,15,2,3134.8,71,4,3135.3,101,1,3135.4,200,1,3135.7,400,2,3135.8,200,1,3136.0,420,3
2031,2026-06-16 12:38:12+05:30,3135.3,11,3130.08,2125922,133935.0,205302.0,3163.0,3163.0,3108.0,3134.3,31950400,3447.7,2820.9,3839.9,2896.0,3135.2,48,5,3135.1,16,2,3135.0,6,1,3134.9,15,2,3134.8,71,4,3135.3,101,1,3135.4,200,1,3135.7,400,2,3135.8,200,1,3136.0,420,3
2031,2026-06-16 12:38:12+05:30,3135.2,1,3130.08,2125923,133774.0,205542.0,3163.0,3163.0,3108.0,3134.3,31950400,3447.7,2820.9,3839.9,2896.0,3135.2,62,6,3135.1,16,2,3135.0,6,1,3134.9,1,1,3134.8,16,2,3135.3,101,1,3135.4,200,1,3135.7,400,2,3135.8,200,1,3136.0,420,3
2031,2026-06-16 12:38:12+05:30,3135.1,2,3130.08,2125923,133774.0,205542.0,3163.0,3163.0,3108.0,3134.3,31950400,3447.7,2820.9,3839.9,2896.0,3135.2,62,6,3135.1,16,2,3135.0,6,1,3134.9,1,1,3134.8,16,2,3135.3,101,1,3135.4,200,1,3135.7,400,2,3135.8,200,1,3136.0,420,3
2031,2026-06-16 12:38:13+05:30,3135.1,2,3130.08,2125923,133774.0,205542.0,3163.0,3163.0,3108.0,3134.3,31950400,3447.7,2820.9,3839.9,2896.0,3135.2,62,6,3135.1,16,2,3135.0,6,1,3134.9,1,1,3134.8,16,2,3135.3,101,1,3135.4,200,1,3135.7,400,2,3135.8,200,1,3136.0,420,3
2031,2026-06-16 12:38:13+05:30,3135.1,2,3130.08,2126123,133514.0,203648.0,3163.0,3163.0,3108.0,3134.3,31950400,3447.7,2820.9,3839.9,2896.0,3135.1,1,1,3135.0,6,1,3134.9,1,1,3134.8,1,1,3134.7,18,2,3135.3,101,1,3135.4,200,1,3135.7,400,2,3135.8,200,1,3135.9,21,1
2031,2026-06-16 12:38:13+05:30,3135.1,2,3130.08,2126123,133514.0,203648.0,3163.0,3163.0,3108.0,3134.3,31950400,3447.7,2820.9,3839.9,2896.0,3135.1,1,1,3135.0,6,1,3134.9,1,1,3134.8,1,1,3134.7,18,2,3135.3,101,1,3135.4,200,1,3135.7,400,2,3135.8,200,1,3135.9,21,1
2031,2026-06-16 12:38:14+05:30,3135.1,2,3130.08,2126123,133514.0,203648.0,3163.0,3163.0,3108.0,3134.3,31950400,3447.7,2820.9,3839.9,2896.0,3135.1,1,1,3135.0,6,1,3134.9,1,1,3134.8,1,1,3134.7,18,2,3135.3,101,1,3135.4,200,1,3135.7,400,2,3135.8,200,1,3135.9,21,1
2031,2026-06-16 12:38:14+05:30,3135.3,1,3130.08,2126124,133598.0,205649.0,3163.0,3163.0,3108.0,3134.3,31950400,3447.7,2820.9,3839.9,2896.0,3135.1,2,2,3135.0,6,1,3134.9,1,1,3134.8,1,1,3134.7,18,2,3135.3,131,2,3135.4,200,1,3135.7,400,2,3135.8,200,1,3135.9,21,1
2031,2026-06-16 12:38:14+05:30,3135.3,1,3130.08,2126124,133598.0,205649.0,3163.0,3163.0,3108.0,3134.3,31950400,3447.7,2820.9,3839.9,2896.0,3135.1,2,2,3135.0,6,1,3134.9,1,1,3134.8,1,1,3134.7,18,2,3135.3,131,2,3135.4,200,1,3135.7,400,2,3135.8,200,1,3135.9,21,1
2031,2026-06-16 12:38:14+05:30,3135.3,1,3130.08,2126124,133598.0,205649.0,3163.0,3163.0,3108.0,3134.3,31950400,3447.7,2820.9,3839.9,2896.0,3135.1,2,2,3135.0,6,1,3134.9,1,1,3134.8,1,1,3134.7,18,2,3135.3,131,2,3135.4,200,1,3135.7,400,2,3135.8,200,1,3135.9,21,1
2031,2026-06-16 12:38:15+05:30,3135.3,1,3130.08,2126124,133598.0,205649.0,3163.0,3163.0,3108.0,3134.3,31950400,3447.7,2820.9,3839.9,2896.0,3135.1,2,2,3135.0,6,1,3134.9,1,1,3134.8,1,1,3134.7,18,2,3135.3,131,2,3135.4,200,1,3135.7,400,2,3135.8,200,1,3135.9,21,1
2031,2026-06-16 12:38:15+05:30,3135.3,1,3130.08,2126125,133620.0,205847.0,3163.0,3163.0,3108.0,3134.3,31950400,3447.7,2820.9,3839.9,2896.0,3135.2,2,2,3135.1,3,3,3135.0,6,1,3134.9,1,1,3134.8,1,1,3135.3,130,2,3135.4,200,1,3135.7,400,2,3135.8,200,1,3136.0,472,4
2031,2026-06-16 12:38:15+05:30,3135.3,1,3130.08,2126125,133620.0,205847.0,3163.0,3163.0,3108.0,3134.3,31950400,3447.7,2820.9,3839.9,2896.0,3135.2,2,2,3135.1,3,3,3135.0,6,1,3134.9,1,1,3134.8,1,1,3135.3,130,2,3135.4,200,1,3135.7,400,2,3135.8,200,1,3136.0,472,4
2031,2026-06-16 12:38:16+05:30,3135.3,1,3130.08,2126125,133620.0,205847.0,3163.0,3163.0,3108.0,3134.3,31950400,3447.7,2820.9,3839.9,2896.0,3135.2,2,2,3135.1,3,3,3135.0,6,1,3134.9,1,1,3134.8,1,1,3135.3,130,2,3135.4,200,1,3135.7,400,2,3135.8,200,1,3136.0,472,4
2031,2026-06-16 12:38:16+05:30,3135.3,1,3130.08,2126125,133498.0,206094.0,3163.0,3163.0,3108.0,3134.3,31950400,3447.7,2820.9,3839.9,2896.0,3135.2,2,2,3135.1,3,3,3135.0,6,1,3134.9,1,1,3134.8,1,1,3135.3,171,3,3135.4,200,1,3135.7,400,2,3135.8,200,1,3136.0,472,4
2031,2026-06-16 12:38:17+05:30,3135.3,1,3130.08,2126125,133498.0,206094.0,3163.0,3163.0,3108.0,3134.3,31950400,3447.7,2820.9,3839.9,2896.0,3135.2,2,2,3135.1,3,3,3135.0,6,1,3134.9,1,1,3134.8,1,1,3135.3,171,3,3135.4,200,1,3135.7,400,2,3135.8,200,1,3136.0,472,4
2031,2026-06-16 12:38:17+05:30,3135.3,1,3130.08,2126125,133278.0,205918.0,3163.0,3163.0,3108.0,3134.3,31950400,3447.7,2820.9,3839.9,2896.0,3135.2,2,2,3135.1,3,3,3135.0,6,1,3134.9,1,1,3134.8,1,1,3135.3,371,4,3135.6,400,2,3135.7,200,1,3135.8,52,1,3135.9,221,2
2031,2026-06-16 12:38:17+05:30,3135.3,1,3130.08,2126125,133278.0,205918.0,3163.0,3163.0,3108.0,3134.3,31950400,3447.7,2820.9,3839.9,2896.0,3135.2,2,2,3135.1,3,3,3135.0,6,1,3134.9,1,1,3134.8,1,1,3135.3,371,4,3135.6,400,2,3135.7,200,1,3135.8,52,1,3135.9,221,2
2031,2026-06-16 12:38:18+05:30,3135.3,1,3130.08,2126125,133278.0,205918.0,3163.0,3163.0,3108.0,3134.3,31950400,3447.7,2820.9,3839.9,2896.0,3135.2,2,2,3135.1,3,3,3135.0,6,1,3134.9,1,1,3134.8,1,1,3135.3,371,4,3135.6,400,2,3135.7,200,1,3135.8,52,1,3135.9,221,2
2031,2026-06-16 12:38:18+05:30,3135.1,1,3130.08,2126134,133221.0,206085.0,3163.0,3163.0,3108.0,3134.3,31950400,3447.7,2820.9,3839.9,2896.0,3135.1,2,2,3135.0,6,1,3134.9,1,1,3134.8,1,1,3134.7,18,2,3135.3,398,6,3135.6,400,2,3135.7,238,2,3135.8,52,1,3135.9,290,4
2031,2026-06-16 12:38:18+05:30,3135.1,1,3130.08,2126134,133221.0,206085.0,3163.0,3163.0,3108.0,3134.3,31950400,3447.7,2820.9,3839.9,2896.0,3135.1,2,2,3135.0,6,1,3134.9,1,1,3134.8,1,1,3134.7,18,2,3135.3,398,6,3135.6,400,2,3135.7,238,2,3135.8,52,1,3135.9,290,4
2031,2026-06-16 12:38:19+05:30,3135.1,1,3130.08,2126134,133221.0,206085.0,3163.0,3163.0,3108.0,3134.3,31950400,3447.7,2820.9,3839.9,2896.0,3135.1,2,2,3135.0,6,1,3134.9,1,1,3134.8,1,1,3134.7,18,2,3135.3,398,6,3135.6,400,2,3135.7,238,2,3135.8,52,1,3135.9,290,4
2031,2026-06-16 12:38:19+05:30,3135.0,32,3130.08,2126175,133423.0,206222.0,3163.0,3163.0,3108.0,3134.3,31950400,3447.7,2820.9,3839.9,2896.0,3135.0,22,2,3134.9,1,1,3134.8,1,1,3134.7,18,2,3134.4,1,1,3135.3,386,7,3135.4,19,1,3135.6,534,6,3135.7,254,3,3135.8,205,5
2031,2026-06-16 12:38:19+05:30,3135.0,32,3130.08,2126175,133423.0,206222.0,3163.0,3163.0,3108.0,3134.3,31950400,3447.7,2820.9,3839.9,2896.0,3135.0,22,2,3134.9,1,1,3134.8,1,1,3134.7,18,2,3134.4,1,1,3135.3,386,7,3135.4,19,1,3135.6,534,6,3135.7,254,3,3135.8,205,5
2031,2026-06-16 12:38:20+05:30,3135.0,32,3130.08,2126175,133423.0,206222.0,3163.0,3163.0,3108.0,3134.3,31950800,3447.7,2820.9,3839.9,2896.0,3135.0,22,2,3134.9,1,1,3134.8,1,1,3134.7,18,2,3134.4,1,1,3135.3,386,7,3135.4,19,1,3135.6,534,6,3135.7,254,3,3135.8,205,5
2031,2026-06-16 12:38:20+05:30,3135.0,32,3130.08,2126175,133507.0,206437.0,3163.0,3163.0,3108.0,3134.3,31950800,3447.7,2820.9,3839.9,2896.0,3135.0,23,3,3134.9,1,1,3134.8,1,1,3134.7,18,2,3134.4,1,1,3135.3,658,7,3135.4,19,1,3135.5,38,1,3135.6,516,5,3135.7,254,3
2031,2026-06-16 12:38:20+05:30,3135.3,1,3130.08,2126175,133507.0,206437.0,3163.0,3163.0,3108.0,3134.3,31950800,3447.7,2820.9,3839.9,2896.0,3135.0,23,3,3134.9,1,1,3134.8,1,1,3134.7,18,2,3134.4,1,1,3135.3,658,7,3135.4,19,1,3135.5,38,1,3135.6,516,5,3135.7,254,3
2031,2026-06-16 12:38:21+05:30,3135.3,20,3130.08,2126197,133522.0,206314.0,3163.0,3163.0,3108.0,3134.3,31950800,3447.7,2820.9,3839.9,2896.0,3135.0,23,3,3134.9,1,1,3134.8,1,1,3134.7,18,2,3134.4,1,1,3135.3,506,9,3135.4,200,1,3135.6,165,4,3135.7,466,4,3135.8,626,8
2031,2026-06-16 12:38:21+05:30,3135.3,20,3130.08,2126197,133522.0,206314.0,3163.0,3163.0,3108.0,3134.3,31950800,3447.7,2820.9,3839.9,2896.0,3135.0,23,3,3134.9,1,1,3134.8,1,1,3134.7,18,2,3134.4,1,1,3135.3,506,9,3135.4,200,1,3135.6,165,4,3135.7,466,4,3135.8,626,8
2031,2026-06-16 12:38:22+05:30,3135.0,14,3130.08,2126432,132350.0,206795.0,3163.0,3163.0,3108.0,3134.3,31950800,3447.7,2820.9,3839.9,2896.0,3134.9,1,1,3134.8,1,1,3134.7,18,2,3134.4,1,1,3134.3,18,2,3135.0,19,1,3135.2,93,2,3135.3,650,8,3135.4,97,3,3135.6,586,7
2031,2026-06-16 12:38:22+05:30,3135.0,14,3130.08,2126432,132350.0,206795.0,3163.0,3163.0,3108.0,3134.3,31950800,3447.7,2820.9,3839.9,2896.0,3134.9,1,1,3134.8,1,1,3134.7,18,2,3134.4,1,1,3134.3,18,2,3135.0,19,1,3135.2,93,2,3135.3,650,8,3135.4,97,3,3135.6,586,7
2031,2026-06-16 12:38:23+05:30,3135.0,14,3130.08,2126432,132936.0,206853.0,3163.0,3163.0,3108.0,3134.3,31950800,3447.7,2820.9,3839.9,2896.0,3134.9,1,1,3134.8,1,1,3134.7,18,2,3134.4,1,1,3134.3,18,2,3135.0,19,1,3135.2,93,2,3135.3,650,8,3135.4,97,3,3135.6,607,8
2031,2026-06-16 12:38:24+05:30,3133.8,12,3130.08,2126682,132842.0,206866.0,3163.0,3163.0,3108.0,3134.3,31950800,3447.7,2820.9,3839.9,2896.0,3134.0,51,5,3133.9,35,3,3133.8,218,9,3133.7,116,5,3133.6,71,3,3135.0,10,1,3135.2,382,3,3135.3,436,6,3135.4,21,1,3135.5,221,2
2031,2026-06-16 12:38:24+05:30,3133.8,12,3130.08,2126682,132842.0,206866.0,3163.0,3163.0,3108.0,3134.3,31950800,3447.7,2820.9,3839.9,2896.0,3134.0,51,5,3133.9,35,3,3133.8,218,9,3133.7,116,5,3133.6,71,3,3135.0,10,1,3135.2,382,3,3135.3,436,6,3135.4,21,1,3135.5,221,2
2031,2026-06-16 12:38:25+05:30,3134.1,2,3130.08,2126682,132842.0,206866.0,3163.0,3163.0,3108.0,3134.3,31950800,3447.7,2820.9,3839.9,2896.0,3134.0,51,5,3133.9,35,3,3133.8,218,9,3133.7,116,5,3133.6,71,3,3135.0,10,1,3135.2,382,3,3135.3,436,6,3135.4,21,1,3135.5,221,2
2031,2026-06-16 12:38:26+05:30,3134.1,2,3130.08,2126684,133119.0,206771.0,3163.0,3163.0,3108.0,3134.3,31950800,3447.7,2820.9,3839.9,2896.0,3134.1,55,3,3134.0,43,4,3133.9,73,5,3133.8,182,8,3133.7,133,6,3135.0,37,4,3135.2,221,2,3135.3,409,4,3135.4,21,1,3135.5,200,1
2031,2026-06-16 12:38:26+05:30,3135.0,1,3130.08,2126684,133119.0,206771.0,3163.0,3163.0,3108.0,3134.3,31950800,3447.7,2820.9,3839.9,2896.0,3134.1,55,3,3134.0,43,4,3133.9,73,5,3133.8,182,8,3133.7,133,6,3135.0,37,4,3135.2,221,2,3135.3,409,4,3135.4,21,1,3135.5,200,1
2031,2026-06-16 12:38:27+05:30,3135.0,1,3130.08,2126685,133213.0,207173.0,3163.0,3163.0,3108.0,3134.3,31950800,3447.7,2820.9,3839.9,2896.0,3134.2,44,4,3134.1,75,4,3134.0,57,5,3133.9,61,4,3133.8,163,7,3135.0,27,3,3135.2,221,2,3135.3,409,4,3135.4,21,1,3135.5,200,1
2031,2026-06-16 12:38:27+05:30,3135.0,1,3130.08,2126685,133213.0,207173.0,3163.0,3163.0,3108.0,3134.3,31950800,3447.7,2820.9,3839.9,2896.0,3134.2,44,4,3134.1,75,4,3134.0,57,5,3133.9,61,4,3133.8,163,7,3135.0,27,3,3135.2,221,2,3135.3,409,4,3135.4,21,1,3135.5,200,1
2031,2026-06-16 12:38:28+05:30,3135.0,1,3130.08,2126686,133307.0,207294.0,3163.0,3163.0,3108.0,3134.3,31950800,3447.7,2820.9,3839.9,2896.0,3134.3,36,3,3134.2,70,4,3134.1,76,5,3134.0,60,5,3133.9,97,5,3135.0,26,2,3135.2,221,2,3135.3,409,4,3135.4,21,1,3135.5,200,1
2031,2026-06-16 12:38:28+05:30,3135.0,3,3130.08,2126686,133307.0,207294.0,3163.0,3163.0,3108.0,3134.3,31950800,3447.7,2820.9,3839.9,2896.0,3134.3,36,3,3134.2,70,4,3134.1,76,5,3134.0,60,5,3133.9,97,5,3135.0,26,2,3135.2,221,2,3135.3,409,4,3135.4,21,1,3135.5,200,1
2031,2026-06-16 12:38:29+05:30,3135.0,3,3130.08,2126689,133353.0,207296.0,3163.0,3163.0,3108.0,3134.3,31950800,3447.7,2820.9,3839.9,2896.0,3134.3,38,4,3134.2,70,4,3134.1,93,6,3134.0,48,5,3133.9,97,5,3135.0,23,2,3135.2,221,2,3135.3,409,4,3135.4,21,1,3135.5,200,1
2031,2026-06-16 12:38:29+05:30,3134.3,3,3130.08,2126689,133353.0,207296.0,3163.0,3163.0,3108.0,3134.3,31950800,3447.7,2820.9,3839.9,2896.0,3134.3,38,4,3134.2,70,4,3134.1,93,6,3134.0,48,5,3133.9,97,5,3135.0,23,2,3135.2,221,2,3135.3,409,4,3135.4,21,1,3135.5,200,1
2031,2026-06-16 12:38:30+05:30,3134.3,3,3130.08,2126719,133762.0,207300.0,3163.0,3163.0,3108.0,3134.3,31950800,3447.7,2820.9,3839.9,2896.0,3134.3,71,6,3134.2,80,5,3134.1,93,6,3134.0,48,5,3133.9,97,5,3135.0,54,4,3135.2,200,1,3135.3,409,4,3135.4,21,1,3135.5,200,1
2031,2026-06-16 12:38:31+05:30,3134.3,3,3130.08,2126719,134009.0,205267.0,3163.0,3163.0,3108.0,3134.3,31950800,3447.7,2820.9,3839.9,2896.0,3134.7,20,5,3134.5,15,1,3134.4,36,3,3134.3,55,5,3134.2,84,5,3135.0,91,5,3135.3,409,4,3135.4,221,2,3135.6,21,1,3135.7,400,2
2031,2026-06-16 12:38:31+05:30,3135.0,11,3130.08,2126719,134009.0,205267.0,3163.0,3163.0,3108.0,3134.3,31950800,3447.7,2820.9,3839.9,2896.0,3134.7,20,5,3134.5,15,1,3134.4,36,3,3134.3,55,5,3134.2,84,5,3135.0,91,5,3135.3,409,4,3135.4,221,2,3135.6,21,1,3135.7,400,2
2031,2026-06-16 12:38:32+05:30,3135.0,11,3130.08,2126731,133904.0,207135.0,3163.0,3163.0,3108.0,3134.3,31950800,3447.7,2820.9,3839.9,2896.0,3134.7,21,4,3134.6,14,1,3134.4,22,2,3134.3,69,6,3134.2,88,5,3135.0,105,6,3135.3,609,5,3135.4,21,1,3135.6,442,4,3135.7,200,1
2031,2026-06-16 12:38:32+05:30,3135.0,7,3130.08,2126731,133904.0,207135.0,3163.0,3163.0,3108.0,3134.3,31950800,3447.7,2820.9,3839.9,2896.0,3134.7,21,4,3134.6,14,1,3134.4,22,2,3134.3,69,6,3134.2,88,5,3135.0,105,6,3135.3,609,5,3135.4,21,1,3135.6,442,4,3135.7,200,1
2031,2026-06-16 12:38:33+05:30,3135.0,7,3130.08,2126738,133981.0,207545.0,3163.0,3163.0,3108.0,3134.3,31950800,3447.7,2820.9,3839.9,2896.0,3134.7,62,5,3134.6,28,2,3134.4,31,3,3134.3,55,5,3134.2,102,6,3135.0,98,6,3135.3,609,5,3135.4,21,1,3135.6,621,4,3135.7,221,2
2031,2026-06-16 12:38:33+05:30,3134.3,21,3130.08,2126738,133981.0,207545.0,3163.0,3163.0,3108.0,3134.3,31950800,3447.7,2820.9,3839.9,2896.0,3134.7,62,5,3134.6,28,2,3134.4,31,3,3134.3,55,5,3134.2,102,6,3135.0,98,6,3135.3,609,5,3135.4,21,1,3135.6,621,4,3135.7,221,2
2031,2026-06-16 12:38:34+05:30,3134.3,21,3130.08,2126980,133673.0,207601.0,3163.0,3163.0,3108.0,3134.3,31950800,3447.7,2820.9,3839.9,2896.0,3134.7,16,1,3134.3,25,4,3134.2,36,1,3134.1,26,1,3134.0,5,2,3135.0,67,5,3135.3,673,6,3135.4,21,1,3135.5,52,1,3135.6,677,6
2031,2026-06-16 12:38:35+05:30,3134.3,21,3130.08,2126980,133775.0,207400.0,3163.0,3163.0,3108.0,3134.3,31950800,3447.7,2820.9,3839.9,2896.0,3134.4,17,1,3134.3,49,7,3134.2,68,3,3134.1,37,2,3134.0,19,3,3135.0,67,5,3135.3,673,6,3135.4,21,1,3135.5,52,1,3135.6,642,5
2031,2026-06-16 12:38:35+05:30,3134.5,25,3130.08,2126980,133775.0,207400.0,3163.0,3163.0,3108.0,3134.3,31950800,3447.7,2820.9,3839.9,2896.0,3134.4,17,1,3134.3,49,7,3134.2,68,3,3134.1,37,2,3134.0,19,3,3135.0,67,5,3135.3,673,6,3135.4,21,1,3135.5,52,1,3135.6,642,5
2031,2026-06-16 12:38:36+05:30,3134.5,25,3130.08,2127005,133757.0,207406.0,3163.0,3163.0,3108.0,3134.3,31950800,3447.7,2820.9,3839.9,2896.0,3134.5,16,1,3134.3,40,6,3134.2,68,3,3134.1,37,2,3134.0,19,3,3135.0,67,5,3135.3,673,6,3135.4,21,1,3135.5,52,1,3135.6,642,5
2031,2026-06-16 12:38:36+05:30,3135.0,1,3130.08,2127005,133757.0,207406.0,3163.0,3163.0,3108.0,3134.3,31950800,3447.7,2820.9,3839.9,2896.0,3134.5,16,1,3134.3,40,6,3134.2,68,3,3134.1,37,2,3134.0,19,3,3135.0,67,5,3135.3,673,6,3135.4,21,1,3135.5,52,1,3135.6,642,5
2031,2026-06-16 12:38:37+05:30,3135.0,1,3130.08,2127006,133757.0,207434.0,3163.0,3163.0,3108.0,3134.3,31950800,3447.7,2820.9,3839.9,2896.0,3134.5,16,1,3134.3,40,6,3134.2,68,3,3134.1,37,2,3134.0,19,3,3135.0,99,6,3135.3,673,6,3135.4,21,1,3135.5,52,1,3135.6,642,5
2031,2026-06-16 12:38:38+05:30,3135.0,1,3130.08,2127006,133799.0,207434.0,3163.0,3163.0,3108.0,3134.3,31950800,3447.7,2820.9,3839.9,2896.0,3134.5,16,1,3134.3,35,5,3134.2,68,3,3134.1,89,3,3134.0,19,3,3135.0,100,7,3135.3,673,6,3135.4,21,1,3135.5,21,1,3135.6,621,4
2031,2026-06-16 12:38:38+05:30,3134.5,4,3130.08,2127006,133799.0,207434.0,3163.0,3163.0,3108.0,3134.3,31950800,3447.7,2820.9,3839.9,2896.0,3134.5,16,1,3134.3,35,5,3134.2,68,3,3134.1,89,3,3134.0,19,3,3135.0,100,7,3135.3,673,6,3135.4,21,1,3135.5,21,1,3135.6,621,4
2031,2026-06-16 12:38:39+05:30,3134.5,4,3130.08,2127233,132903.0,206943.0,3163.0,3163.0,3108.0,3134.3,31950800,3447.7,2820.9,3839.9,2896.0,3134.3,65,8,3134.2,40,2,3134.1,36,3,3134.0,82,6,3133.9,103,5,3134.5,75,1,3134.7,1,1,3134.8,1,1,3135.0,99,6,3135.2,20,1
2031,2026-06-16 12:38:39+05:30,3134.5,1,3130.08,2127233,132903.0,206943.0,3163.0,3163.0,3108.0,3134.3,31950800,3447.7,2820.9,3839.9,2896.0,3134.3,65,8,3134.2,40,2,3134.1,36,3,3134.0,82,6,3133.9,103,5,3134.5,75,1,3134.7,1,1,3134.8,1,1,3135.0,99,6,3135.2,20,1
2031,2026-06-16 12:38:40+05:30,3134.5,1,3130.08,2127234,133121.0,207100.0,3163.0,3163.0,3108.0,3134.3,31950800,3447.7,2820.9,3839.9,2896.0,3134.3,49,5,3134.2,54,3,3134.1,36,3,3134.0,44,5,3133.9,103,5,3134.5,101,2,3134.7,1,1,3134.8,1,1,3135.0,72,4,3135.2,20,1
2031,2026-06-16 12:38:40+05:30,3134.5,30,3130.08,2127234,133121.0,207100.0,3163.0,3163.0,3108.0,3134.3,31950800,3447.7,2820.9,3839.9,2896.0,3134.3,49,5,3134.2,54,3,3134.1,36,3,3134.0,44,5,3133.9,103,5,3134.5,101,2,3134.7,1,1,3134.8,1,1,3135.0,72,4,3135.2,20,1
2031,2026-06-16 12:38:41+05:30,3134.5,1,3130.08,2127274,133095.0,206875.0,3163.0,3163.0,3108.0,3134.3,31950800,3447.7,2820.9,3839.9,2896.0,3134.3,48,4,3134.2,54,3,3134.1,62,4,3134.0,44,5,3133.9,103,5,3134.5,61,2,3134.7,1,1,3134.8,1,1,3135.0,72,4,3135.2,20,1
2031,2026-06-16 12:38:41+05:30,3134.5,27,3130.08,2127274,133095.0,206875.0,3163.0,3163.0,3108.0,3134.3,31950800,3447.7,2820.9,3839.9,2896.0,3134.3,48,4,3134.2,54,3,3134.1,62,4,3134.0,44,5,3133.9,103,5,3134.5,61,2,3134.7,1,1,3134.8,1,1,3135.0,72,4,3135.2,20,1
2031,2026-06-16 12:38:42+05:30,3134.5,1,3130.08,2127336,133635.0,207128.0,3163.0,3163.0,3108.0,3134.3,31950800,3447.7,2820.9,3839.9,2896.0,3134.6,1,1,3134.5,15,1,3134.3,19,2,3134.2,36,1,3134.1,40,2,3134.7,1,1,3134.8,1,1,3135.0,171,4,3135.3,308,3,3135.4,21,1
2031,2026-06-16 12:38:42+05:30,3134.5,37,3130.08,2127336,133635.0,207128.0,3163.0,3163.0,3108.0,3134.3,31950800,3447.7,2820.9,3839.9,2896.0,3134.6,1,1,3134.5,15,1,3134.3,19,2,3134.2,36,1,3134.1,40,2,3134.7,1,1,3134.8,1,1,3135.0,171,4,3135.3,308,3,3135.4,21,1
2031,2026-06-16 12:38:43+05:30,3134.5,37,3130.08,2127388,133892.0,207096.0,3163.0,3163.0,3108.0,3134.3,31950800,3447.7,2820.9,3839.9,2896.0,3134.5,16,1,3134.3,19,2,3134.2,50,2,3134.1,34,2,3134.0,26,4,3134.7,2,2,3134.8,1,1,3135.0,134,3,3135.3,308,3,3135.4,21,1
2031,2026-06-16 12:38:43+05:30,3134.5,5,3130.08,2127388,133892.0,207096.0,3163.0,3163.0,3108.0,3134.3,31950800,3447.7,2820.9,3839.9,2896.0,3134.5,16,1,3134.3,19,2,3134.2,50,2,3134.1,34,2,3134.0,26,4,3134.7,2,2,3134.8,1,1,3135.0,134,3,3135.3,308,3,3135.4,21,1
2031,2026-06-16 12:38:44+05:30,3134.5,5,3130.08,2127394,133909.0,207295.0,3163.0,3163.0,3108.0,3134.3,31950800,3447.7,2820.9,3839.9,2896.0,3134.5,10,1,3134.3,37,3,3134.2,50,2,3134.1,35,3,3134.0,26,4,3134.7,3,3,3135.0,134,3,3135.3,308,3,3135.4,21,1,3135.5,172,1
2031,2026-06-16 12:38:45+05:30,3134.5,5,3130.08,2127394,133824.0,206876.0,3163.0,3163.0,3108.0,3134.3,31950800,3447.7,2820.9,3839.9,2896.0,3134.5,52,5,3134.3,65,6,3134.2,65,4,3134.1,85,4,3134.0,40,5,3134.7,3,3,3135.0,134,3,3135.3,308,3,3135.4,21,1,3135.5,159,1
2031,2026-06-16 12:38:45+05:30,3134.6,1,3130.08,2127394,133824.0,206876.0,3163.0,3163.0,3108.0,3134.3,31950800,3447.7,2820.9,3839.9,2896.0,3134.5,52,5,3134.3,65,6,3134.2,65,4,3134.1,85,4,3134.0,40,5,3134.7,3,3,3135.0,134,3,3135.3,308,3,3135.4,21,1,3135.5,159,1
2031,2026-06-16 12:38:46+05:30,3134.6,1,3130.08,2127397,133919.0,206694.0,3163.0,3163.0,3108.0,3134.3,31950800,3447.7,2820.9,3839.9,2896.0,3134.6,7,3,3134.5,34,4,3134.4,28,2,3134.3,47,5,3134.2,65,4,3134.7,26,4,3135.0,134,3,3135.3,308,3,3135.4,21,1,3135.5,143,1
2031,2026-06-16 12:38:46+05:30,3134.3,1,3130.08,2127397,133919.0,206694.0,3163.0,3163.0,3108.0,3134.3,31950800,3447.7,2820.9,3839.9,2896.0,3134.6,7,3,3134.5,34,4,3134.4,28,2,3134.3,47,5,3134.2,65,4,3134.7,26,4,3135.0,134,3,3135.3,308,3,3135.4,21,1,3135.5,143,1
2031,2026-06-16 12:38:47+05:30,3134.3,1,3130.08,2127593,132703.0,207118.0,3163.0,3163.0,3108.0,3134.3,31950800,3447.7,2820.9,3839.9,2896.0,3134.2,36,1,3134.1,27,2,3134.0,3,1,3133.9,23,2,3133.7,2,1,3134.3,168,1,3134.4,133,1,3134.7,600,3,3134.8,200,1,3135.0,596,8
2031,2026-06-16 12:38:47+05:30,3134.1,1,3130.08,2127593,132703.0,207118.0,3163.0,3163.0,3108.0,3134.3,31950800,3447.7,2820.9,3839.9,2896.0,3134.2,36,1,3134.1,27,2,3134.0,3,1,3133.9,23,2,3133.7,2,1,3134.3,168,1,3134.4,133,1,3134.7,600,3,3134.8,200,1,3135.0,596,8
2031,2026-06-16 12:38:48+05:30,3134.1,1,3130.08,2127657,132217.0,207627.0,3163.0,3163.0,3108.0,3134.3,31950800,3447.7,2820.9,3839.9,2896.0,3134.1,15,2,3134.0,3,1,3133.4,14,1,3133.2,28,3,3133.1,39,2,3134.3,175,2,3134.4,133,1,3134.6,21,1,3134.7,665,5,3134.8,65,2
2031,2026-06-16 12:38:49+05:30,3134.1,1,3130.08,2127657,132113.0,207997.0,3163.0,3163.0,3108.0,3134.3,31950800,3447.7,2820.9,3839.9,2896.0,3134.1,1,1,3134.0,20,2,3133.4,14,1,3133.2,2,1,3133.1,18,1,3134.3,363,6,3134.4,56,3,3134.5,18,1,3134.6,741,7,3134.7,27,1
2031,2026-06-16 12:38:50+05:30,3134.1,1,3130.08,2127657,132316.0,208041.0,3163.0,3163.0,3108.0,3134.3,31950800,3447.7,2820.9,3839.9,2896.0,3134.1,1,1,3134.0,20,2,3133.4,14,1,3133.2,2,1,3133.1,18,1,3134.3,336,5,3134.4,75,3,3134.5,18,1,3134.6,764,8,3134.7,27,1
2031,2026-06-16 12:38:51+05:30,3134.1,1,3130.08,2127657,132296.0,208082.0,3163.0,3163.0,3108.0,3134.3,31950800,3447.7,2820.9,3839.9,2896.0,3134.1,1,1,3134.0,20,2,3133.4,14,1,3133.2,2,1,3133.1,18,1,3134.3,377,6,3134.4,75,3,3134.5,18,1,3134.6,764,8,3134.7,27,1
2031,2026-06-16 12:38:52+05:30,3134.1,1,3130.08,2127657,132318.0,208082.0,3163.0,3163.0,3108.0,3134.3,31950800,3447.7,2820.9,3839.9,2896.0,3134.1,3,2,3134.0,20,2,3133.4,14,1,3133.2,2,1,3133.1,18,1,3134.3,377,6,3134.4,75,3,3134.5,18,1,3134.6,764,8,3134.7,27,1
2031,2026-06-16 12:38:52+05:30,3134.3,1,3130.08,2127657,132318.0,208082.0,3163.0,3163.0,3108.0,3134.3,31950800,3447.7,2820.9,3839.9,2896.0,3134.1,3,2,3134.0,20,2,3133.4,14,1,3133.2,2,1,3133.1,18,1,3134.3,377,6,3134.4,75,3,3134.5,18,1,3134.6,764,8,3134.7,27,1
2031,2026-06-16 12:38:53+05:30,3134.3,1,3130.08,2127658,132311.0,208035.0,3163.0,3163.0,3108.0,3134.3,31950800,3447.7,2820.9,3839.9,2896.0,3134.1,3,2,3134.0,20,2,3133.4,14,1,3133.1,18,1,3133.0,35,3,3134.3,349,5,3134.4,75,3,3134.6,720,6,3134.7,275,4,3134.8,134,4
2031,2026-06-16 12:38:53+05:30,3134.3,1,3130.08,2127658,132311.0,208035.0,3163.0,3163.0,3108.0,3134.3,31950800,3447.7,2820.9,3839.9,2896.0,3134.1,3,2,3134.0,20,2,3133.4,14,1,3133.1,18,1,3133.0,35,3,3134.3,349,5,3134.4,75,3,3134.6,720,6,3134.7,275,4,3134.8,134,4
2031,2026-06-16 12:38:54+05:30,3134.0,65,3130.08,2128033,131810.0,208287.0,3163.0,3163.0,3108.0,3134.3,31950800,3447.7,2820.9,3839.9,2896.0,3133.4,14,1,3133.1,46,3,3133.0,35,3,3132.8,33,3,3132.7,35,2,3134.3,174,2,3134.6,669,5,3134.7,21,1,3134.8,220,2,3134.9,317,4
2031,2026-06-16 12:38:54+05:30,3134.0,65,3130.08,2128033,131810.0,208287.0,3163.0,3163.0,3108.0,3134.3,31950800,3447.7,2820.9,3839.9,2896.0,3133.4,14,1,3133.1,46,3,3133.0,35,3,3132.8,33,3,3132.7,35,2,3134.3,174,2,3134.6,669,5,3134.7,21,1,3134.8,220,2,3134.9,317,4
2031,2026-06-16 12:38:55+05:30,3134.0,65,3130.08,2128033,131641.0,208176.0,3163.0,3163.0,3108.0,3134.3,31950800,3447.7,2820.9,3839.9,2896.0,3134.1,2,2,3134.0,1,1,3133.4,28,2,3133.2,9,1,3133.1,32,2,3134.3,199,3,3134.5,21,1,3134.6,652,4,3134.8,220,2,3134.9,279,3
2031,2026-06-16 12:38:55+05:30,3134.3,30,3130.08,2128033,131641.0,208176.0,3163.0,3163.0,3108.0,3134.3,31950800,3447.7,2820.9,3839.9,2896.0,3134.1,2,2,3134.0,1,1,3133.4,28,2,3133.2,9,1,3133.1,32,2,3134.3,199,3,3134.5,21,1,3134.6,652,4,3134.8,220,2,3134.9,279,3
2031,2026-06-16 12:38:56+05:30,3134.3,30,3130.08,2128063,131902.0,208025.0,3163.0,3163.0,3108.0,3134.3,31950800,3447.7,2820.9,3839.9,2896.0,3134.1,2,2,3134.0,1,1,3133.4,28,2,3133.2,9,1,3133.1,32,2,3134.3,169,3,3134.5,21,1,3134.6,652,4,3134.7,200,1,3134.8,20,1
2031,2026-06-16 12:38:57+05:30,3134.3,30,3130.08,2128063,131896.0,208020.0,3163.0,3163.0,3108.0,3134.3,31950800,3447.7,2820.9,3839.9,2896.0,3134.1,2,2,3134.0,1,1,3133.4,28,2,3133.2,9,1,3133.1,32,2,3134.3,169,3,3134.6,673,5,3134.7,200,1,3134.8,20,1,3134.9,279,3
2031,2026-06-16 12:38:57+05:30,3134.1,1,3130.08,2128063,131896.0,208020.0,3163.0,3163.0,3108.0,3134.3,31950800,3447.7,2820.9,3839.9,2896.0,3134.1,2,2,3134.0,1,1,3133.4,28,2,3133.2,9,1,3133.1,32,2,3134.3,169,3,3134.6,673,5,3134.7,200,1,3134.8,20,1,3134.9,279,3
2031,2026-06-16 12:38:58+05:30,3134.1,1,3130.08,2128072,131893.0,208156.0,3163.0,3163.0,3108.0,3134.3,31950800,3447.7,2820.9,3839.9,2896.0,3134.0,1,1,3133.4,32,3,3133.2,20,2,3133.1,32,2,3133.0,38,3,3134.1,22,1,3134.3,170,4,3134.6,652,4,3134.7,21,1,3134.8,220,2
2031,2026-06-16 12:38:58+05:30,3134.1,1,3130.08,2128072,131893.0,208156.0,3163.0,3163.0,3108.0,3134.3,31950800,3447.7,2820.9,3839.9,2896.0,3134.0,1,1,3133.4,32,3,3133.2,20,2,3133.1,32,2,3133.0,38,3,3134.1,22,1,3134.3,170,4,3134.6,652,4,3134.7,21,1,3134.8,220,2
2031,2026-06-16 12:38:59+05:30,3134.1,1,3130.08,2128072,131472.0,208957.0,3163.0,3163.0,3108.0,3134.3,31950800,3447.7,2820.9,3839.9,2896.0,3134.0,1,1,3133.6,1,1,3133.4,14,1,3133.1,58,4,3133.0,66,5,3134.1,37,2,3134.3,145,3,3134.5,21,1,3134.6,652,4,3134.7,38,1
2031,2026-06-16 12:38:59+05:30,3134.1,1,3130.08,2128072,131472.0,208957.0,3163.0,3163.0,3108.0,3134.3,31950800,3447.7,2820.9,3839.9,2896.0,3134.0,1,1,3133.6,1,1,3133.4,14,1,3133.1,58,4,3133.0,66,5,3134.1,37,2,3134.3,145,3,3134.5,21,1,3134.6,652,4,3134.7,38,1
2031,2026-06-16 12:39:00+05:30,3134.1,1,3130.08,2128074,131469.0,209524.0,3163.0,3163.0,3108.0,3134.3,31950800,3447.7,2820.9,3839.9,2896.0,3134.0,6,1,3133.6,1,1,3133.4,14,1,3133.1,44,3,3133.0,49,4,3134.1,36,3,3134.3,145,3,3134.5,200,1,3134.6,493,5,3134.7,38,1
2031,2026-06-16 12:39:00+05:30,3134.1,2,3130.08,2128074,131469.0,209524.0,3163.0,3163.0,3108.0,3134.3,31950800,3447.7,2820.9,3839.9,2896.0,3134.0,6,1,3133.6,1,1,3133.4,14,1,3133.1,44,3,3133.0,49,4,3134.1,36,3,3134.3,145,3,3134.5,200,1,3134.6,493,5,3134.7,38,1
2031,2026-06-16 12:39:01+05:30,3134.1,2,3130.08,2128078,131765.0,209204.0,3163.0,3163.0,3108.0,3134.3,31950800,3447.7,2820.9,3839.9,2896.0,3134.0,7,2,3133.6,1,1,3133.4,14,1,3133.1,75,5,3133.0,35,3,3134.1,32,3,3134.3,145,3,3134.6,672,5,3134.7,21,1,3134.8,420,3
2031,2026-06-16 12:39:02+05:30,3134.1,2,3130.08,2128078,131780.0,209218.0,3163.0,3163.0,3108.0,3134.3,31950800,3447.7,2820.9,3839.9,2896.0,3134.0,22,3,3133.6,1,1,3133.4,14,1,3133.1,75,5,3133.0,35,3,3134.1,32,3,3134.3,145,3,3134.6,672,5,3134.7,21,1,3134.8,420,3
2031,2026-06-16 12:39:02+05:30,3134.1,2,3130.08,2128078,131780.0,209218.0,3163.0,3163.0,3108.0,3134.3,31950800,3447.7,2820.9,3839.9,2896.0,3134.0,22,3,3133.6,1,1,3133.4,14,1,3133.1,75,5,3133.0,35,3,3134.1,32,3,3134.3,145,3,3134.6,672,5,3134.7,21,1,3134.8,420,3
2031,2026-06-16 12:39:03+05:30,3134.1,2,3130.08,2128078,131802.0,208909.0,3163.0,3163.0,3108.0,3134.3,31950800,3447.7,2820.9,3839.9,2896.0,3134.0,22,3,3133.7,19,2,3133.6,1,1,3133.5,26,3,3133.4,28,2,3134.1,32,3,3134.3,104,2,3134.6,600,3,3134.8,420,3,3134.9,279,3
2031,2026-06-16 12:39:03+05:30,3134.0,6,3130.08,2128078,131802.0,208909.0,3163.0,3163.0,3108.0,3134.3,31950800,3447.7,2820.9,3839.9,2896.0,3134.0,22,3,3133.7,19,2,3133.6,1,1,3133.5,26,3,3133.4,28,2,3134.1,32,3,3134.3,104,2,3134.6,600,3,3134.8,420,3,3134.9,279,3
2031,2026-06-16 12:39:03+05:30,3134.0,6,3130.08,2128078,131802.0,208909.0,3163.0,3163.0,3108.0,3134.3,31950800,3447.7,2820.9,3839.9,2896.0,3134.0,22,3,3133.7,19,2,3133.6,1,1,3133.5,26,3,3133.4,28,2,3134.1,32,3,3134.3,104,2,3134.6,600,3,3134.8,420,3,3134.9,279,3
2031,2026-06-16 12:39:04+05:30,3134.0,6,3130.08,2128093,131759.0,209105.0,3163.0,3163.0,3108.0,3134.3,31950800,3447.7,2820.9,3839.9,2896.0,3134.0,16,3,3133.6,1,1,3133.4,14,1,3133.3,10,1,3133.2,15,2,3134.1,70,5,3134.3,104,2,3134.6,600,3,3134.7,71,2,3134.8,458,4
2031,2026-06-16 12:39:04+05:30,3134.0,1,3130.08,2128191,131673.0,209308.0,3163.0,3163.0,3108.0,3134.3,31950800,3447.7,2820.9,3839.9,2896.0,3134.0,6,2,3133.6,1,1,3133.4,14,1,3133.2,14,1,3133.1,54,4,3134.3,104,2,3134.6,600,3,3134.7,71,2,3134.8,420,3,3134.9,279,3
2031,2026-06-16 12:39:04+05:30,3134.0,1,3130.08,2128191,131673.0,209308.0,3163.0,3163.0,3108.0,3134.3,31950800,3447.7,2820.9,3839.9,2896.0,3134.0,6,2,3133.6,1,1,3133.4,14,1,3133.2,14,1,3133.1,54,4,3134.3,104,2,3134.6,600,3,3134.7,71,2,3134.8,420,3,3134.9,279,3
2031,2026-06-16 12:39:05+05:30,3134.0,2,3130.08,2128193,131731.0,209334.0,3163.0,3163.0,3108.0,3134.3,31950800,3447.7,2820.9,3839.9,2896.0,3134.0,19,3,3133.6,1,1,3133.4,14,1,3133.2,15,2,3133.1,54,4,3134.1,26,1,3134.3,104,2,3134.6,600,3,3134.7,71,2,3134.8,420,3
2031,2026-06-16 12:39:05+05:30,3134.0,2,3130.08,2128193,131731.0,209334.0,3163.0,3163.0,3108.0,3134.3,31950800,3447.7,2820.9,3839.9,2896.0,3134.0,19,3,3133.6,1,1,3133.4,14,1,3133.2,15,2,3133.1,54,4,3134.1,26,1,3134.3,104,2,3134.6,600,3,3134.7,71,2,3134.8,420,3
2031,2026-06-16 12:39:06+05:30,3134.0,2,3130.08,2128193,131731.0,209334.0,3163.0,3163.0,3108.0,3134.3,31950800,3447.7,2820.9,3839.9,2896.0,3134.0,19,3,3133.6,1,1,3133.4,14,1,3133.2,15,2,3133.1,54,4,3134.1,26,1,3134.3,104,2,3134.6,600,3,3134.7,71,2,3134.8,420,3
2031,2026-06-16 12:39:06+05:30,3134.1,1,3130.08,2128210,131724.0,209330.0,3163.0,3163.0,3108.0,3134.3,31950800,3447.7,2820.9,3839.9,2896.0,3134.0,12,3,3133.6,1,1,3133.4,14,1,3133.2,15,2,3133.1,54,4,3134.1,41,2,3134.3,104,2,3134.6,600,3,3134.7,109,3,3134.8,420,3
2031,2026-06-16 12:39:06+05:30,3134.1,1,3130.08,2128210,131724.0,209330.0,3163.0,3163.0,3108.0,3134.3,31950800,3447.7,2820.9,3839.9,2896.0,3134.0,12,3,3133.6,1,1,3133.4,14,1,3133.2,15,2,3133.1,54,4,3134.1,41,2,3134.3,104,2,3134.6,600,3,3134.7,109,3,3134.8,420,3
2031,2026-06-16 12:39:07+05:30,3134.1,20,3130.08,2128230,131724.0,209310.0,3163.0,3163.0,3108.0,3134.3,31950800,3447.7,2820.9,3839.9,2896.0,3134.0,12,3,3133.6,1,1,3133.4,14,1,3133.2,15,2,3133.1,54,4,3134.1,21,2,3134.3,104,2,3134.6,600,3,3134.7,109,3,3134.8,420,3
2031,2026-06-16 12:39:07+05:30,3134.1,20,3130.08,2128230,131724.0,209310.0,3163.0,3163.0,3108.0,3134.3,31950800,3447.7,2820.9,3839.9,2896.0,3134.0,12,3,3133.6,1,1,3133.4,14,1,3133.2,15,2,3133.1,54,4,3134.1,21,2,3134.3,104,2,3134.6,600,3,3134.7,109,3,3134.8,420,3
2031,2026-06-16 12:39:07+05:30,3134.1,20,3130.08,2128230,131724.0,209310.0,3163.0,3163.0,3108.0,3134.3,31950800,3447.7,2820.9,3839.9,2896.0,3134.0,12,3,3133.6,1,1,3133.4,14,1,3133.2,15,2,3133.1,54,4,3134.1,21,2,3134.3,104,2,3134.6,600,3,3134.7,109,3,3134.8,420,3
2031,2026-06-16 12:39:08+05:30,3134.1,1,3130.08,2128253,131976.0,209108.0,3163.0,3163.0,3108.0,3134.3,31950800,3447.7,2820.9,3839.9,2896.0,3134.0,21,3,3133.9,1,1,3133.6,1,1,3133.5,20,3,3133.4,14,1,3134.1,6,1,3134.3,103,1,3134.6,600,3,3134.7,21,1,3134.8,420,3
2031,2026-06-16 12:39:08+05:30,3134.1,1,3130.08,2128253,131976.0,209108.0,3163.0,3163.0,3108.0,3134.3,31950800,3447.7,2820.9,3839.9,2896.0,3134.0,21,3,3133.9,1,1,3133.6,1,1,3133.5,20,3,3133.4,14,1,3134.1,6,1,3134.3,103,1,3134.6,600,3,3134.7,21,1,3134.8,420,3
2031,2026-06-16 12:39:09+05:30,3134.1,1,3130.08,2128296,132075.0,209304.0,3163.0,3163.0,3108.0,3134.3,31950800,3447.7,2820.9,3839.9,2896.0,3134.0,22,3,3133.9,1,1,3133.6,1,1,3133.5,20,3,3133.4,14,1,3134.3,103,1,3134.6,600,3,3134.7,21,1,3134.8,420,3,3134.9,250,2
2031,2026-06-16 12:39:09+05:30,3134.1,1,3130.08,2128296,132075.0,209304.0,3163.0,3163.0,3108.0,3134.3,31950800,3447.7,2820.9,3839.9,2896.0,3134.0,22,3,3133.9,1,1,3133.6,1,1,3133.5,20,3,3133.4,14,1,3134.3,103,1,3134.6,600,3,3134.7,21,1,3134.8,420,3,3134.9,250,2
2031,2026-06-16 12:39:09+05:30,3134.1,1,3130.08,2128296,132075.0,209304.0,3163.0,3163.0,3108.0,3134.3,31950800,3447.7,2820.9,3839.9,2896.0,3134.0,22,3,3133.9,1,1,3133.6,1,1,3133.5,20,3,3133.4,14,1,3134.3,103,1,3134.6,600,3,3134.7,21,1,3134.8,420,3,3134.9,250,2
2031,2026-06-16 12:39:10+05:30,3134.0,5,3130.08,2128307,132079.0,209167.0,3163.0,3163.0,3108.0,3134.3,31950800,3447.7,2820.9,3839.9,2896.0,3134.0,21,2,3133.9,1,1,3133.6,1,1,3133.5,6,2,3133.4,14,1,3134.3,141,2,3134.6,600,3,3134.7,21,1,3134.8,438,3,3134.9,250,2
2031,2026-06-16 12:39:10+05:30,3134.0,5,3130.08,2128307,132079.0,209167.0,3163.0,3163.0,3108.0,3134.3,31950800,3447.7,2820.9,3839.9,2896.0,3134.0,21,2,3133.9,1,1,3133.6,1,1,3133.5,6,2,3133.4,14,1,3134.3,141,2,3134.6,600,3,3134.7,21,1,3134.8,438,3,3134.9,250,2
2031,2026-06-16 12:39:11+05:30,3134.0,5,3130.08,2128307,132079.0,209167.0,3163.0,3163.0,3108.0,3134.3,31950800,3447.7,2820.9,3839.9,2896.0,3134.0,21,2,3133.9,1,1,3133.6,1,1,3133.5,6,2,3133.4,14,1,3134.3,141,2,3134.6,600,3,3134.7,21,1,3134.8,438,3,3134.9,250,2
2031,2026-06-16 12:39:11+05:30,3134.0,5,3130.08,2128307,132041.0,209475.0,3163.0,3163.0,3108.0,3134.3,31950800,3447.7,2820.9,3839.9,2896.0,3134.1,15,1,3134.0,7,2,3133.9,11,2,3133.6,1,1,3133.4,14,1,3134.2,97,1,3134.3,44,1,3134.5,638,4,3134.7,304,4,3134.8,470,4
2031,2026-06-16 12:39:12+05:30,3134.0,5,3130.08,2128307,132041.0,209475.0,3163.0,3163.0,3108.0,3134.3,31950800,3447.7,2820.9,3839.9,2896.0,3134.1,15,1,3134.0,7,2,3133.9,11,2,3133.6,1,1,3133.4,14,1,3134.2,97,1,3134.3,44,1,3134.5,638,4,3134.7,304,4,3134.8,470,4
2031,2026-06-16 12:39:12+05:30,3134.3,1,3130.08,2128405,132243.0,209044.0,3163.0,3163.0,3108.0,3134.3,31950800,3447.7,2820.9,3839.9,2896.0,3134.0,36,5,3133.9,30,4,3133.7,27,3,3133.6,38,4,3133.5,5,1,3134.3,43,1,3134.6,600,3,3134.7,200,1,3134.8,200,1,3134.9,200,1
2031,2026-06-16 12:39:12+05:30,3134.3,1,3130.08,2128405,132243.0,209044.0,3163.0,3163.0,3108.0,3134.3,31950800,3447.7,2820.9,3839.9,2896.0,3134.0,36,5,3133.9,30,4,3133.7,27,3,3133.6,38,4,3133.5,5,1,3134.3,43,1,3134.6,600,3,3134.7,200,1,3134.8,200,1,3134.9,200,1
2031,2026-06-16 12:39:13+05:30,3134.3,1,3130.08,2128405,132243.0,209044.0,3163.0,3163.0,3108.0,3134.3,31950800,3447.7,2820.9,3839.9,2896.0,3134.0,36,5,3133.9,30,4,3133.7,27,3,3133.6,38,4,3133.5,5,1,3134.3,43,1,3134.6,600,3,3134.7,200,1,3134.8,200,1,3134.9,200,1
2031,2026-06-16 12:39:13+05:30,3134.0,3,3130.08,2128408,132277.0,209142.0,3163.0,3163.0,3108.0,3134.3,31950800,3447.7,2820.9,3839.9,2896.0,3134.0,42,6,3133.9,30,4,3133.8,14,1,3133.7,27,3,3133.6,38,4,3134.3,43,1,3134.6,600,3,3134.8,400,2,3134.9,200,1,3135.0,174,4
2031,2026-06-16 12:39:13+05:30,3134.3,1,3130.08,2128408,132277.0,209142.0,3163.0,3163.0,3108.0,3134.3,31950800,3447.7,2820.9,3839.9,2896.0,3134.0,42,6,3133.9,30,4,3133.8,14,1,3133.7,27,3,3133.6,38,4,3134.3,43,1,3134.6,600,3,3134.8,400,2,3134.9,200,1,3135.0,174,4
2031,2026-06-16 12:39:14+05:30,3134.3,1,3130.08,2128408,132277.0,209142.0,3163.0,3163.0,3108.0,3134.3,31950800,3447.7,2820.9,3839.9,2896.0,3134.0,42,6,3133.9,30,4,3133.8,14,1,3133.7,27,3,3133.6,38,4,3134.3,43,1,3134.6,600,3,3134.8,400,2,3134.9,200,1,3135.0,174,4
2031,2026-06-16 12:39:14+05:30,3134.3,1,3130.08,2128409,132206.0,208633.0,3163.0,3163.0,3108.0,3134.3,31950800,3447.7,2820.9,3839.9,2896.0,3134.3,1,1,3134.0,33,5,3133.9,11,2,3133.7,14,2,3133.6,24,3,3134.6,600,3,3134.7,200,1,3134.8,200,1,3134.9,200,1,3135.0,206,5
2031,2026-06-16 12:39:15+05:30,3134.3,1,3130.08,2128409,132206.0,208633.0,3163.0,3163.0,3108.0,3134.3,31950800,3447.7,2820.9,3839.9,2896.0,3134.3,1,1,3134.0,33,5,3133.9,11,2,3133.7,14,2,3133.6,24,3,3134.6,600,3,3134.7,200,1,3134.8,200,1,3134.9,200,1,3135.0,206,5
2031,2026-06-16 12:39:15+05:30,3134.0,1,3130.08,2128480,132161.0,208361.0,3163.0,3163.0,3108.0,3134.3,31950800,3447.7,2820.9,3839.9,2896.0,3134.5,2,2,3134.3,1,1,3134.1,28,2,3134.0,15,3,3133.9,11,2,3134.6,531,3,3134.8,400,2,3134.9,200,1,3135.0,177,5,3135.1,200,1
2031,2026-06-16 12:39:15+05:30,3134.0,1,3130.08,2128480,132161.0,208361.0,3163.0,3163.0,3108.0,3134.3,31950800,3447.7,2820.9,3839.9,2896.0,3134.5,2,2,3134.3,1,1,3134.1,28,2,3134.0,15,3,3133.9,11,2,3134.6,531,3,3134.8,400,2,3134.9,200,1,3135.0,177,5,3135.1,200,1
2031,2026-06-16 12:39:16+05:30,3134.0,1,3130.08,2128480,132161.0,208361.0,3163.0,3163.0,3108.0,3134.3,31950800,3447.7,2820.9,3839.9,2896.0,3134.5,2,2,3134.3,1,1,3134.1,28,2,3134.0,15,3,3133.9,11,2,3134.6,531,3,3134.8,400,2,3134.9,200,1,3135.0,177,5,3135.1,200,1
2031,2026-06-16 12:39:16+05:30,3134.0,1,3130.08,2128480,132124.0,208402.0,3163.0,3163.0,3108.0,3134.3,31950800,3447.7,2820.9,3839.9,2896.0,3134.5,2,2,3134.3,17,2,3134.1,14,1,3134.0,15,3,3133.9,11,2,3134.6,575,4,3134.8,400,2,3134.9,200,1,3135.0,177,5,3135.1,200,1
2031,2026-06-16 12:39:17+05:30,3134.0,1,3130.08,2128480,132124.0,208402.0,3163.0,3163.0,3108.0,3134.3,31950800,3447.7,2820.9,3839.9,2896.0,3134.5,2,2,3134.3,17,2,3134.1,14,1,3134.0,15,3,3133.9,11,2,3134.6,575,4,3134.8,400,2,3134.9,200,1,3135.0,177,5,3135.1,200,1
2031,2026-06-16 12:39:17+05:30,3134.0,1,3130.08,2128480,132132.0,208456.0,3163.0,3163.0,3108.0,3134.3,31950800,3447.7,2820.9,3839.9,2896.0,3134.5,2,2,3134.3,17,2,3134.1,14,1,3134.0,15,3,3133.9,11,2,3134.6,575,4,3134.8,400,2,3134.9,200,1,3135.0,156,4,3135.1,221,2
2031,2026-06-16 12:39:17+05:30,3134.5,1,3130.08,2128480,132132.0,208456.0,3163.0,3163.0,3108.0,3134.3,31950800,3447.7,2820.9,3839.9,2896.0,3134.5,2,2,3134.3,17,2,3134.1,14,1,3134.0,15,3,3133.9,11,2,3134.6,575,4,3134.8,400,2,3134.9,200,1,3135.0,156,4,3135.1,221,2
2031,2026-06-16 12:39:18+05:30,3134.5,1,3130.08,2128480,132132.0,208456.0,3163.0,3163.0,3108.0,3134.3,31950800,3447.7,2820.9,3839.9,2896.0,3134.5,2,2,3134.3,17,2,3134.1,14,1,3134.0,15,3,3133.9,11,2,3134.6,575,4,3134.8,400,2,3134.9,200,1,3135.0,156,4,3135.1,221,2
2031,2026-06-16 12:39:18+05:30,3134.0,5,3130.08,2128708,131983.0,207982.0,3163.0,3163.0,3108.0,3134.3,31950800,3447.7,2820.9,3839.9,2896.0,3134.0,25,3,3133.9,25,3,3133.6,30,4,3133.5,41,4,3133.4,42,3,3134.6,573,4,3134.8,400,2,3134.9,201,2,3135.0,227,6,3135.1,200,1
2031,2026-06-16 12:39:18+05:30,3134.0,5,3130.08,2128708,131983.0,207982.0,3163.0,3163.0,3108.0,3134.3,31950800,3447.7,2820.9,3839.9,2896.0,3134.0,25,3,3133.9,25,3,3133.6,30,4,3133.5,41,4,3133.4,42,3,3134.6,573,4,3134.8,400,2,3134.9,201,2,3135.0,227,6,3135.1,200,1
2031,2026-06-16 12:39:19+05:30,3134.0,5,3130.08,2128708,131983.0,207982.0,3163.0,3163.0,3108.0,3134.3,31950800,3447.7,2820.9,3839.9,2896.0,3134.0,25,3,3133.9,25,3,3133.6,30,4,3133.5,41,4,3133.4,42,3,3134.6,573,4,3134.8,400,2,3134.9,201,2,3135.0,227,6,3135.1,200,1
2031,2026-06-16 12:39:19+05:30,3134.6,1,3130.08,2129210,132180.0,208155.0,3163.0,3163.0,3108.0,3134.3,31950800,3447.7,2820.9,3839.9,2896.0,3133.7,23,1,3133.6,52,4,3133.5,57,5,3133.4,205,9,3133.3,56,3,3134.6,571,4,3134.7,200,1,3134.8,200,1,3134.9,201,2,3135.0,248,7
2031,2026-06-16 12:39:19+05:30,3134.6,1,3130.08,2129210,132180.0,208155.0,3163.0,3163.0,3108.0,3134.3,31950800,3447.7,2820.9,3839.9,2896.0,3133.7,23,1,3133.6,52,4,3133.5,57,5,3133.4,205,9,3133.3,56,3,3134.6,571,4,3134.7,200,1,3134.8,200,1,3134.9,201,2,3135.0,248,7
2031,2026-06-16 12:39:20+05:30,3134.6,1,3130.08,2129210,132180.0,208155.0,3163.0,3163.0,3108.0,3134.3,31950800,3447.7,2820.9,3839.9,2896.0,3133.7,23,1,3133.6,52,4,3133.5,57,5,3133.4,205,9,3133.3,56,3,3134.6,571,4,3134.7,200,1,3134.8,200,1,3134.9,201,2,3135.0,248,7
2031,2026-06-16 12:39:20+05:30,3134.6,1,3130.08,2129210,132189.0,208197.0,3163.0,3163.0,3108.0,3134.3,31950800,3447.7,2820.9,3839.9,2896.0,3133.7,23,1,3133.6,52,4,3133.5,57,5,3133.4,207,10,3133.3,56,3,3134.6,602,6,3134.7,200,1,3134.8,221,2,3134.9,201,2,3135.0,227,6
2031,2026-06-16 12:39:21+05:30,3134.6,1,3130.08,2129210,132189.0,208197.0,3163.0,3163.0,3108.0,3134.3,31956200,3447.7,2820.9,3839.9,2896.0,3133.7,23,1,3133.6,52,4,3133.5,57,5,3133.4,207,10,3133.3,56,3,3134.6,602,6,3134.7,200,1,3134.8,221,2,3134.9,201,2,3135.0,227,6
2031,2026-06-16 12:39:21+05:30,3134.6,1,3130.08,2129210,132250.0,208109.0,3163.0,3163.0,3108.0,3134.3,31956200,3447.7,2820.9,3839.9,2896.0,3133.7,108,6,3133.6,24,2,3133.5,57,5,3133.4,258,12,3133.3,56,3,3134.6,602,6,3134.7,200,1,3134.8,200,1,3134.9,201,2,3135.0,248,7
2031,2026-06-16 12:39:21+05:30,3133.7,21,3130.08,2129210,132250.0,208109.0,3163.0,3163.0,3108.0,3134.3,31956200,3447.7,2820.9,3839.9,2896.0,3133.7,108,6,3133.6,24,2,3133.5,57,5,3133.4,258,12,3133.3,56,3,3134.6,602,6,3134.7,200,1,3134.8,200,1,3134.9,201,2,3135.0,248,7
2031,2026-06-16 12:39:22+05:30,3133.7,21,3130.08,2129254,132044.0,208283.0,3163.0,3163.0,3108.0,3134.3,31956200,3447.7,2820.9,3839.9,2896.0,3133.7,64,5,3133.6,20,2,3133.5,34,4,3133.4,155,9,3133.3,56,3,3134.6,558,5,3134.8,400,2,3134.9,222,3,3135.0,227,6,3135.1,219,2
2031,2026-06-16 12:39:23+05:30,3134.6,1,3130.08,2129254,132044.0,208283.0,3163.0,3163.0,3108.0,3134.3,31956200,3447.7,2820.9,3839.9,2896.0,3133.7,53,4,3133.5,50,5,3133.4,154,8,3133.3,72,4,3133.2,45,3,3134.6,557,5,3134.7,200,1,3134.8,200,1,3134.9,222,3,3135.0,227,6
2031,2026-06-16 12:39:23+05:30,3134.6,1,3130.08,2129255,132049.0,208259.0,3163.0,3163.0,3108.0,3134.3,31956200,3447.7,2820.9,3839.9,2896.0,3133.7,53,4,3133.5,50,5,3133.4,154,8,3133.3,72,4,3133.2,45,3,3134.6,557,5,3134.7,200,1,3134.8,200,1,3134.9,222,3,3135.0,227,6
2031,2026-06-16 12:39:24+05:30,3134.6,1,3130.09,2129486,132106.0,208053.0,3163.0,3163.0,3108.0,3134.3,31956200,3447.7,2820.9,3839.9,2896.0,3133.6,97,8,3133.5,135,8,3133.4,164,10,3133.3,107,4,3133.2,73,5,3134.6,74,3,3134.7,496,3,3134.8,200,1,3134.9,22,2,3135.0,627,8
2031,2026-06-16 12:39:24+05:30,3134.6,1,3130.09,2129486,132106.0,208053.0,3163.0,3163.0,3108.0,3134.3,31956200,3447.7,2820.9,3839.9,2896.0,3133.6,97,8,3133.5,135,8,3133.4,164,10,3133.3,107,4,3133.2,73,5,3134.6,74,3,3134.7,496,3,3134.8,200,1,3134.9,22,2,3135.0,627,8
2031,2026-06-16 12:39:25+05:30,3133.6,1,3130.09,2129572,132058.0,208053.0,3163.0,3163.0,3108.0,3134.3,31956200,3447.7,2820.9,3839.9,2896.0,3133.6,40,1,3133.5,163,10,3133.4,136,8,3133.3,107,4,3133.2,73,5,3134.6,74,3,3134.7,496,3,3134.9,222,3,3135.0,627,8,3135.2,270,3
2031,2026-06-16 12:39:25+05:30,3134.6,1,3130.09,2129572,132058.0,208053.0,3163.0,3163.0,3108.0,3134.3,31956200,3447.7,2820.9,3839.9,2896.0,3133.6,40,1,3133.5,163,10,3133.4,136,8,3133.3,107,4,3133.2,73,5,3134.6,74,3,3134.7,496,3,3134.9,222,3,3135.0,627,8,3135.2,270,3
2031,2026-06-16 12:39:26+05:30,3134.6,1,3130.09,2129573,132477.0,207980.0,3163.0,3163.0,3108.0,3134.3,31956200,3447.7,2820.9,3839.9,2896.0,3133.7,95,6,3133.6,75,4,3133.5,149,9,3133.4,148,9,3133.3,158,5,3134.6,73,3,3134.7,496,3,3134.8,200,1,3134.9,1,1,3135.0,627,8
2031,2026-06-16 12:39:27+05:30,3134.6,1,3130.09,2129573,132475.0,207986.0,3163.0,3163.0,3108.0,3134.3,31956200,3447.7,2820.9,3839.9,2896.0,3133.7,95,6,3133.6,75,4,3133.5,149,9,3133.4,148,9,3133.3,158,5,3134.6,73,3,3134.7,496,3,3134.8,200,1,3134.9,1,1,3135.0,627,8
2031,2026-06-16 12:39:28+05:30,3133.7,4,3130.09,2129577,132515.0,207981.0,3163.0,3163.0,3108.0,3134.3,31956200,3447.7,2820.9,3839.9,2896.0,3133.7,134,7,3133.6,75,4,3133.5,149,9,3133.4,148,9,3133.3,158,5,3134.6,73,3,3134.7,496,3,3134.9,201,2,3135.0,627,8,3135.1,21,1
2031,2026-06-16 12:39:28+05:30,3133.7,1,3130.09,2129577,132515.0,207981.0,3163.0,3163.0,3108.0,3134.3,31956200,3447.7,2820.9,3839.9,2896.0,3133.7,134,7,3133.6,75,4,3133.5,149,9,3133.4,148,9,3133.3,158,5,3134.6,73,3,3134.7,496,3,3134.9,201,2,3135.0,627,8,3135.1,21,1
2031,2026-06-16 12:39:29+05:30,3134.6,1,3130.09,2129579,132560.0,207980.0,3163.0,3163.0,3108.0,3134.3,31956200,3447.7,2820.9,3839.9,2896.0,3133.7,183,8,3133.6,75,4,3133.5,149,9,3133.4,148,9,3133.3,158,5,3134.6,72,3,3134.7,496,3,3134.9,201,2,3135.0,627,8,3135.1,21,1
2031,2026-06-16 12:39:29+05:30,3134.6,1,3130.09,2129579,132560.0,207980.0,3163.0,3163.0,3108.0,3134.3,31956200,3447.7,2820.9,3839.9,2896.0,3133.7,183,8,3133.6,75,4,3133.5,149,9,3133.4,148,9,3133.3,158,5,3134.6,72,3,3134.7,496,3,3134.9,201,2,3135.0,627,8,3135.1,21,1
2031,2026-06-16 12:39:30+05:30,3133.5,5,3130.09,2130779,132098.0,207727.0,3163.0,3163.0,3108.0,3134.3,31956200,3447.7,2820.9,3839.9,2896.0,3133.7,72,6,3133.6,27,2,3133.5,140,7,3133.4,139,8,3133.3,107,4,3134.6,73,4,3134.7,496,3,3134.9,222,3,3135.0,556,6,3135.2,270,3
2031,2026-06-16 12:39:30+05:30,3133.5,5,3130.09,2130779,132098.0,207727.0,3163.0,3163.0,3108.0,3134.3,31956200,3447.7,2820.9,3839.9,2896.0,3133.7,72,6,3133.6,27,2,3133.5,140,7,3133.4,139,8,3133.3,107,4,3134.6,73,4,3134.7,496,3,3134.9,222,3,3135.0,556,6,3135.2,270,3
2031,2026-06-16 12:39:31+05:30,3133.5,5,3130.09,2130779,132254.0,207927.0,3163.0,3163.0,3108.0,3134.3,31956200,3447.7,2820.9,3839.9,2896.0,3133.7,91,8,3133.6,27,2,3133.5,142,8,3133.4,93,7,3133.3,107,4,3134.6,73,4,3134.7,496,3,3134.9,222,3,3135.0,556,6,3135.2,270,3
2031,2026-06-16 12:39:32+05:30,3134.6,1,3130.09,2130779,132254.0,207927.0,3163.0,3163.0,3108.0,3134.3,31956200,3447.7,2820.9,3839.9,2896.0,3133.7,91,8,3133.6,27,2,3133.5,142,8,3133.4,93,7,3133.3,107,4,3134.6,73,4,3134.7,496,3,3134.9,222,3,3135.0,556,6,3135.2,270,3
2031,2026-06-16 12:39:33+05:30,3134.6,1,3130.09,2130780,131604.0,206003.0,3163.0,3163.0,3108.0,3134.3,31956200,3447.7,2820.9,3839.9,2896.0,3133.7,39,4,3133.6,12,1,3133.5,15,3,3133.4,55,5,3133.3,57,3,3134.4,200,1,3134.6,72,4,3134.7,546,4,3134.8,243,3,3134.9,32,2
2031,2026-06-16 12:39:33+05:30,3133.7,7,3130.09,2130780,131604.0,206003.0,3163.0,3163.0,3108.0,3134.3,31956200,3447.7,2820.9,3839.9,2896.0,3133.7,39,4,3133.6,12,1,3133.5,15,3,3133.4,55,5,3133.3,57,3,3134.4,200,1,3134.6,72,4,3134.7,546,4,3134.8,243,3,3134.9,32,2
2031,2026-06-16 12:39:34+05:30,3133.7,7,3130.09,2130980,131935.0,207800.0,3163.0,3163.0,3108.0,3134.3,31956200,3447.7,2820.9,3839.9,2896.0,3133.7,45,6,3133.6,21,2,3133.5,25,4,3133.4,41,5,3133.3,284,5,3134.4,239,3,3134.6,51,3,3134.7,496,3,3134.8,22,1,3134.9,253,4
2031,2026-06-16 12:39:35+05:30,3134.4,1,3130.09,2130981,131916.0,207788.0,3163.0,3163.0,3108.0,3134.3,31956200,3447.7,2820.9,3839.9,2896.0,3133.7,46,7,3133.6,21,2,3133.5,25,4,3133.4,41,5,3133.3,107,4,3134.4,238,3,3134.6,51,3,3134.7,496,3,3134.8,222,2,3134.9,53,3
2031,2026-06-16 12:39:35+05:30,3133.7,5,3130.09,2130981,131916.0,207788.0,3163.0,3163.0,3108.0,3134.3,31956200,3447.7,2820.9,3839.9,2896.0,3133.7,46,7,3133.6,21,2,3133.5,25,4,3133.4,41,5,3133.3,107,4,3134.4,238,3,3134.6,51,3,3134.7,496,3,3134.8,222,2,3134.9,53,3
2031,2026-06-16 12:39:36+05:30,3133.7,5,3130.09,2131025,131841.0,207776.0,3163.0,3163.0,3108.0,3134.3,31956200,3447.7,2820.9,3839.9,2896.0,3133.7,84,8,3133.6,19,2,3133.5,25,4,3133.4,42,6,3133.3,21,2,3134.4,238,3,3134.6,7,2,3134.7,496,3,3134.8,50,1,3134.9,253,4
2031,2026-06-16 12:39:37+05:30,3133.7,5,3130.09,2131025,131843.0,207383.0,3163.0,3163.0,3108.0,3134.3,31956200,3447.7,2820.9,3839.9,2896.0,3133.7,82,8,3133.6,19,2,3133.5,25,4,3133.4,42,6,3133.3,71,3,3134.4,239,4,3134.6,10,3,3134.7,496,3,3134.9,232,3,3135.0,649,10
2031,2026-06-16 12:39:37+05:30,3134.4,50,3130.09,2131025,131843.0,207383.0,3163.0,3163.0,3108.0,3134.3,31956200,3447.7,2820.9,3839.9,2896.0,3133.7,82,8,3133.6,19,2,3133.5,25,4,3133.4,42,6,3133.3,71,3,3134.4,239,4,3134.6,10,3,3134.7,496,3,3134.9,232,3,3135.0,649,10
2031,2026-06-16 12:39:38+05:30,3134.4,50,3130.09,2131075,132262.0,207343.0,3163.0,3163.0,3108.0,3134.3,31956200,3447.7,2820.9,3839.9,2896.0,3134.0,3,1,3133.8,47,4,3133.7,102,6,3133.6,77,5,3133.5,105,7,3134.4,233,5,3134.6,10,3,3134.7,496,3,3134.8,200,1,3134.9,32,2
2031,2026-06-16 12:39:39+05:30,3134.4,3,3130.09,2131079,132294.0,207740.0,3163.0,3163.0,3108.0,3134.3,31956200,3447.7,2820.9,3839.9,2896.0,3134.0,3,1,3133.8,47,4,3133.7,102,6,3133.6,77,5,3133.5,105,7,3134.4,230,5,3134.6,9,2,3134.7,496,3,3134.8,200,1,3134.9,53,3
2031,2026-06-16 12:39:39+05:30,3133.7,49,3130.09,2131079,132294.0,207740.0,3163.0,3163.0,3108.0,3134.3,31956200,3447.7,2820.9,3839.9,2896.0,3134.0,3,1,3133.8,47,4,3133.7,102,6,3133.6,77,5,3133.5,105,7,3134.4,230,5,3134.6,9,2,3134.7,496,3,3134.8,200,1,3134.9,53,3
2031,2026-06-16 12:39:40+05:30,3134.4,1,3130.09,2131281,132140.0,207967.0,3163.0,3163.0,3108.0,3134.3,31956200,3447.7,2820.9,3839.9,2896.0,3134.0,1,1,3133.7,37,3,3133.6,54,3,3133.5,46,6,3133.4,40,4,3134.4,228,5,3134.6,9,2,3134.7,496,3,3134.8,200,1,3134.9,53,3
2031,2026-06-16 12:39:40+05:30,3134.4,1,3130.09,2131281,132140.0,207967.0,3163.0,3163.0,3108.0,3134.3,31956200,3447.7,2820.9,3839.9,2896.0,3134.0,1,1,3133.7,37,3,3133.6,54,3,3133.5,46,6,3133.4,40,4,3134.4,228,5,3134.6,9,2,3134.7,496,3,3134.8,200,1,3134.9,53,3
2031,2026-06-16 12:39:41+05:30,3134.4,1,3130.09,2131281,132146.0,207774.0,3163.0,3163.0,3108.0,3134.3,31956200,3447.7,2820.9,3839.9,2896.0,3134.0,1,1,3133.7,37,3,3133.6,54,3,3133.5,46,6,3133.4,40,4,3134.4,228,5,3134.6,9,2,3134.7,496,3,3134.8,200,1,3134.9,53,3
2031,2026-06-16 12:39:41+05:30,3134.4,11,3130.09,2131281,132146.0,207774.0,3163.0,3163.0,3108.0,3134.3,31956200,3447.7,2820.9,3839.9,2896.0,3134.0,1,1,3133.7,37,3,3133.6,54,3,3133.5,46,6,3133.4,40,4,3134.4,228,5,3134.6,9,2,3134.7,496,3,3134.8,200,1,3134.9,53,3
2031,2026-06-16 12:39:42+05:30,3134.4,11,3130.09,2131292,132211.0,207811.0,3163.0,3163.0,3108.0,3134.3,31956200,3447.7,2820.9,3839.9,2896.0,3134.0,31,4,3133.9,12,2,3133.8,40,4,3133.7,8,1,3133.6,101,4,3134.4,263,6,3134.6,9,2,3134.7,496,3,3134.8,200,1,3134.9,32,2
2031,2026-06-16 12:39:43+05:30,3134.4,11,3130.09,2131292,132021.0,206011.0,3163.0,3163.0,3108.0,3134.3,31956200,3447.7,2820.9,3839.9,2896.0,3134.0,31,4,3133.9,12,2,3133.8,40,4,3133.7,8,1,3133.6,101,4,3134.4,263,6,3134.6,9,2,3134.7,496,3,3134.8,200,1,3134.9,32,2
2031,2026-06-16 12:39:43+05:30,3135.1,200,3130.09,2131292,132021.0,206011.0,3163.0,3163.0,3108.0,3134.3,31956200,3447.7,2820.9,3839.9,2896.0,3134.0,31,4,3133.9,12,2,3133.8,40,4,3133.7,8,1,3133.6,101,4,3134.4,263,6,3134.6,9,2,3134.7,496,3,3134.8,200,1,3134.9,32,2
2031,2026-06-16 12:39:44+05:30,3135.1,200,3130.09,2133209,134227.0,204023.0,3163.0,3163.0,3108.0,3134.3,31956200,3447.7,2820.9,3839.9,2896.0,3135.0,15,2,3134.8,31,3,3134.7,26,2,3134.6,243,5,3134.5,64,3,3135.3,108,2,3135.7,20,1,3135.9,14,1,3136.0,22,2,3136.1,27,2
2031,2026-06-16 12:39:45+05:30,3135.1,200,3130.09,2133209,133961.0,204413.0,3163.0,3163.0,3108.0,3134.3,31956200,3447.7,2820.9,3839.9,2896.0,3135.0,70,3,3134.9,16,1,3134.8,24,2,3134.6,35,3,3134.5,59,3,3135.3,108,2,3135.7,20,1,3135.9,14,1,3136.0,622,5,3136.1,27,2
2031,2026-06-16 12:39:45+05:30,3135.3,1,3130.09,2133209,133961.0,204413.0,3163.0,3163.0,3108.0,3134.3,31956200,3447.7,2820.9,3839.9,2896.0,3135.0,70,3,3134.9,16,1,3134.8,24,2,3134.6,35,3,3134.5,59,3,3135.3,108,2,3135.7,20,1,3135.9,14,1,3136.0,622,5,3136.1,27,2
2031,2026-06-16 12:39:46+05:30,3135.3,1,3130.09,2133214,134737.0,204517.0,3163.0,3163.0,3108.0,3134.3,31956200,3447.7,2820.9,3839.9,2896.0,3135.2,14,4,3135.0,100,6,3134.8,24,2,3134.7,47,1,3134.6,85,4,3135.3,106,2,3135.7,20,1,3136.0,622,5,3136.1,227,3,3136.2,20,1
2031,2026-06-16 12:39:46+05:30,3135.3,31,3130.09,2133214,134737.0,204517.0,3163.0,3163.0,3108.0,3134.3,31956200,3447.7,2820.9,3839.9,2896.0,3135.2,14,4,3135.0,100,6,3134.8,24,2,3134.7,47,1,3134.6,85,4,3135.3,106,2,3135.7,20,1,3136.0,622,5,3136.1,227,3,3136.2,20,1
2031,2026-06-16 12:39:47+05:30,3135.3,31,3130.09,2133320,134947.0,203871.0,3163.0,3163.0,3108.0,3134.3,31956200,3447.7,2820.9,3839.9,2896.0,3135.2,75,5,3135.0,117,8,3134.9,4,1,3134.8,85,4,3134.6,85,4,3135.7,20,1,3136.0,602,4,3136.1,227,3,3136.2,20,1,3136.3,471,4
2031,2026-06-16 12:39:48+05:30,3135.3,31,3130.09,2133320,134941.0,204352.0,3163.0,3163.0,3108.0,3134.3,31956200,3447.7,2820.9,3839.9,2896.0,3135.2,90,6,3135.0,96,7,3134.9,4,1,3134.8,74,3,3134.7,12,1,3135.3,39,1,3135.7,34,2,3136.0,602,4,3136.1,227,3,3136.2,20,1
2031,2026-06-16 12:39:49+05:30,3135.3,31,3130.09,2133320,134928.0,204403.0,3163.0,3163.0,3108.0,3134.3,31956200,3447.7,2820.9,3839.9,2896.0,3135.2,78,4,3135.0,92,6,3134.9,4,1,3134.8,80,4,3134.6,85,4,3135.3,66,3,3135.7,34,2,3136.0,602,4,3136.1,227,3,3136.2,20,1
2031,2026-06-16 12:39:50+05:30,3135.2,48,3130.09,2133370,134654.0,204825.0,3163.0,3163.0,3108.0,3134.3,31956200,3447.7,2820.9,3839.9,2896.0,3135.2,29,3,3135.0,70,4,3134.7,13,1,3134.6,9,1,3134.5,12,2,3135.3,77,4,3135.7,20,1,3136.0,602,4,3136.1,227,3,3136.2,129,4
2031,2026-06-16 12:39:50+05:30,3135.2,48,3130.09,2133370,134654.0,204825.0,3163.0,3163.0,3108.0,3134.3,31956200,3447.7,2820.9,3839.9,2896.0,3135.2,29,3,3135.0,70,4,3134.7,13,1,3134.6,9,1,3134.5,12,2,3135.3,77,4,3135.7,20,1,3136.0,602,4,3136.1,227,3,3136.2,129,4
2031,2026-06-16 12:39:51+05:30,3135.3,1,3130.09,2133371,134771.0,204970.0,3163.0,3163.0,3108.0,3134.3,31956200,3447.7,2820.9,3839.9,2896.0,3135.2,29,3,3135.0,70,4,3134.7,13,1,3134.6,59,2,3134.5,12,2,3135.3,90,5,3135.7,20,1,3136.0,602,4,3136.1,227,3,3136.2,129,4
2031,2026-06-16 12:39:51+05:30,3135.3,2,3130.09,2133371,134771.0,204970.0,3163.0,3163.0,3108.0,3134.3,31956200,3447.7,2820.9,3839.9,2896.0,3135.2,29,3,3135.0,70,4,3134.7,13,1,3134.6,59,2,3134.5,12,2,3135.3,90,5,3135.7,20,1,3136.0,602,4,3136.1,227,3,3136.2,129,4
2031,2026-06-16 12:39:52+05:30,3135.3,8,3130.09,2133524,134808.0,204119.0,3163.0,3163.0,3108.0,3134.3,31956200,3447.7,2820.9,3839.9,2896.0,3135.3,10,2,3135.2,14,2,3135.0,84,5,3134.9,13,1,3134.8,13,1,3135.7,19,1,3136.0,602,4,3136.1,215,2,3136.2,58,2,3136.3,447,3
2031,2026-06-16 12:39:52+05:30,3135.3,8,3130.09,2133524,134808.0,204119.0,3163.0,3163.0,3108.0,3134.3,31956200,3447.7,2820.9,3839.9,2896.0,3135.3,10,2,3135.2,14,2,3135.0,84,5,3134.9,13,1,3134.8,13,1,3135.7,19,1,3136.0,602,4,3136.1,215,2,3136.2,58,2,3136.3,447,3
2031,2026-06-16 12:39:53+05:30,3135.3,8,3130.09,2133524,134755.0,204353.0,3163.0,3163.0,3108.0,3134.3,31956200,3447.7,2820.9,3839.9,2896.0,3135.3,51,3,3135.2,32,3,3135.0,70,4,3134.9,34,2,3134.8,13,1,3135.7,19,1,3135.8,55,1,3136.0,602,4,3136.1,215,2,3136.2,20,1
2031,2026-06-16 12:39:54+05:30,3135.3,8,3130.09,2133524,134748.0,204325.0,3163.0,3163.0,3108.0,3134.3,31956200,3447.7,2820.9,3839.9,2896.0,3135.3,67,4,3135.2,14,2,3135.0,70,4,3134.9,34,2,3134.8,13,1,3135.7,20,2,3135.8,55,1,3136.0,602,4,3136.1,215,2,3136.2,20,1
2031,2026-06-16 12:39:55+05:30,3135.3,8,3130.09,2133524,134744.0,204376.0,3163.0,3163.0,3108.0,3134.3,31956200,3447.7,2820.9,3839.9,2896.0,3135.3,68,5,3135.2,14,2,3135.0,70,4,3134.9,34,2,3134.8,13,1,3135.7,71,3,3135.8,55,1,3136.0,602,4,3136.1,215,2,3136.2,20,1
2031,2026-06-16 12:39:55+05:30,3135.7,9,3130.09,2133524,134744.0,204376.0,3163.0,3163.0,3108.0,3134.3,31956200,3447.7,2820.9,3839.9,2896.0,3135.3,68,5,3135.2,14,2,3135.0,70,4,3134.9,34,2,3134.8,13,1,3135.7,71,3,3135.8,55,1,3136.0,602,4,3136.1,215,2,3136.2,20,1
2031,2026-06-16 12:39:56+05:30,3135.7,9,3130.09,2133533,135127.0,204224.0,3163.0,3163.0,3108.0,3134.3,31956200,3447.7,2820.9,3839.9,2896.0,3135.5,1,1,3135.3,68,5,3135.2,13,1,3135.0,69,3,3134.9,34,2,3135.7,62,3,3135.8,55,1,3136.0,602,4,3136.1,215,2,3136.3,450,3
2031,2026-06-16 12:39:56+05:30,3135.7,51,3130.09,2133533,135127.0,204224.0,3163.0,3163.0,3108.0,3134.3,31956200,3447.7,2820.9,3839.9,2896.0,3135.5,1,1,3135.3,68,5,3135.2,13,1,3135.0,69,3,3134.9,34,2,3135.7,62,3,3135.8,55,1,3136.0,602,4,3136.1,215,2,3136.3,450,3
2031,2026-06-16 12:39:57+05:30,3135.7,51,3130.09,2133647,135087.0,204411.0,3163.0,3163.0,3108.0,3134.3,31956200,3447.7,2820.9,3839.9,2896.0,3135.5,1,1,3135.3,44,3,3135.2,28,2,3135.0,69,3,3134.9,34,2,3135.8,55,1,3136.0,602,4,3136.1,200,1,3136.3,400,2,3136.4,92,3
2031,2026-06-16 12:39:58+05:30,3135.7,51,3130.09,2133647,135172.0,204415.0,3163.0,3163.0,3108.0,3134.3,31956200,3447.7,2820.9,3839.9,2896.0,3135.5,55,3,3135.3,44,3,3135.2,13,1,3135.0,69,3,3134.9,34,2,3135.8,55,1,3136.0,602,4,3136.1,200,1,3136.3,400,2,3136.4,92,3
2031,2026-06-16 12:39:58+05:30,3135.7,1,3130.09,2133647,135172.0,204415.0,3163.0,3163.0,3108.0,3134.3,31956200,3447.7,2820.9,3839.9,2896.0,3135.5,55,3,3135.3,44,3,3135.2,13,1,3135.0,69,3,3134.9,34,2,3135.8,55,1,3136.0,602,4,3136.1,200,1,3136.3,400,2,3136.4,92,3
2031,2026-06-16 12:39:59+05:30,3135.7,1,3130.09,2133848,135090.0,204133.0,3163.0,3163.0,3108.0,3134.3,31956200,3447.7,2820.9,3839.9,2896.0,3135.3,29,3,3135.2,13,1,3135.0,81,4,3134.8,13,1,3134.7,27,2,3135.8,55,1,3136.0,602,4,3136.1,200,1,3136.3,421,3,3136.4,109,3
2031,2026-06-16 12:39:59+05:30,3135.8,1,3130.09,2133848,135090.0,204133.0,3163.0,3163.0,3108.0,3134.3,31956200,3447.7,2820.9,3839.9,2896.0,3135.3,29,3,3135.2,13,1,3135.0,81,4,3134.8,13,1,3134.7,27,2,3135.8,55,1,3136.0,602,4,3136.1,200,1,3136.3,421,3,3136.4,109,3
2031,2026-06-16 12:40:00+05:30,3135.8,1,3130.09,2133849,135116.0,204189.0,3163.0,3163.0,3108.0,3134.3,31956200,3447.7,2820.9,3839.9,2896.0,3135.3,28,2,3135.2,30,2,3135.0,75,4,3134.8,13,1,3134.6,22,2,3135.7,12,1,3135.8,94,3,3136.0,602,4,3136.1,276,3,3136.2,71,2
2031,2026-06-16 12:40:00+05:30,3135.5,1,3130.09,2133849,135116.0,204189.0,3163.0,3163.0,3108.0,3134.3,31956200,3447.7,2820.9,3839.9,2896.0,3135.3,28,2,3135.2,30,2,3135.0,75,4,3134.8,13,1,3134.6,22,2,3135.7,12,1,3135.8,94,3,3136.0,602,4,3136.1,276,3,3136.2,71,2
2031,2026-06-16 12:40:01+05:30,3135.2,150,3130.09,2134153,134342.0,204194.0,3163.0,3163.0,3108.0,3134.3,31956200,3447.7,2820.9,3839.9,2896.0,3135.2,11,1,3135.0,67,3,3134.4,15,1,3134.3,21,1,3134.2,27,2,3135.7,274,4,3135.8,127,5,3135.9,633,4,3136.0,283,5,3136.1,288,3
2031,2026-06-16 12:40:01+05:30,3135.7,1,3130.09,2134153,134342.0,204194.0,3163.0,3163.0,3108.0,3134.3,31956200,3447.7,2820.9,3839.9,2896.0,3135.2,11,1,3135.0,67,3,3134.4,15,1,3134.3,21,1,3134.2,27,2,3135.7,274,4,3135.8,127,5,3135.9,633,4,3136.0,283,5,3136.1,288,3
2031,2026-06-16 12:40:02+05:30,3135.7,1,3130.09,2134154,134239.0,204690.0,3163.0,3163.0,3108.0,3134.3,31956200,3447.7,2820.9,3839.9,2896.0,3135.2,11,1,3135.0,67,3,3134.4,15,1,3134.2,27,2,3134.1,109,6,3135.6,27,1,3135.7,280,5,3135.8,106,4,3135.9,704,6,3136.0,283,5
2031,2026-06-16 12:40:02+05:30,3135.7,1,3130.09,2134154,134239.0,204690.0,3163.0,3163.0,3108.0,3134.3,31956200,3447.7,2820.9,3839.9,2896.0,3135.2,11,1,3135.0,67,3,3134.4,15,1,3134.2,27,2,3134.1,109,6,3135.6,27,1,3135.7,280,5,3135.8,106,4,3135.9,704,6,3136.0,283,5
2031,2026-06-16 12:40:02+05:30,3135.0,2,3130.09,2134154,134239.0,204690.0,3163.0,3163.0,3108.0,3134.3,31956200,3447.7,2820.9,3839.9,2896.0,3135.2,11,1,3135.0,67,3,3134.4,15,1,3134.2,27,2,3134.1,109,6,3135.6,27,1,3135.7,280,5,3135.8,106,4,3135.9,704,6,3136.0,283,5
2031,2026-06-16 12:40:03+05:30,3135.0,2,3130.1,2134279,132221.0,207342.0,3163.0,3163.0,3108.0,3134.3,31956200,3447.7,2820.9,3839.9,2896.0,3134.2,14,1,3134.0,12,1,3133.7,16,1,3133.6,62,3,3133.5,28,2,3134.5,200,1,3134.6,56,3,3134.7,212,2,3134.8,55,1,3134.9,36,3
2031,2026-06-16 12:40:04+05:30,3135.0,2,3130.1,2134279,132263.0,207847.0,3163.0,3163.0,3108.0,3134.3,31956200,3447.7,2820.9,3839.9,2896.0,3134.0,12,1,3133.7,16,1,3133.6,49,2,3133.5,28,2,3133.4,2,1,3134.5,217,2,3134.6,44,2,3134.7,212,2,3134.8,55,1,3134.9,24,2
2031,2026-06-16 12:40:04+05:30,3135.0,2,3130.1,2134279,132263.0,207847.0,3163.0,3163.0,3108.0,3134.3,31956200,3447.7,2820.9,3839.9,2896.0,3134.0,12,1,3133.7,16,1,3133.6,49,2,3133.5,28,2,3133.4,2,1,3134.5,217,2,3134.6,44,2,3134.7,212,2,3134.8,55,1,3134.9,24,2
2031,2026-06-16 12:40:05+05:30,3134.5,1,3130.1,2134280,132328.0,207671.0,3163.0,3163.0,3108.0,3134.3,31956200,3447.7,2820.9,3839.9,2896.0,3134.0,12,1,3133.7,16,1,3133.6,49,2,3133.5,49,3,3133.4,15,2,3134.5,217,3,3134.6,27,1,3134.7,200,1,3134.9,24,2,3135.0,89,3
2031,2026-06-16 12:40:05+05:30,3134.0,1,3130.1,2134280,132328.0,207671.0,3163.0,3163.0,3108.0,3134.3,31956200,3447.7,2820.9,3839.9,2896.0,3134.0,12,1,3133.7,16,1,3133.6,49,2,3133.5,49,3,3133.4,15,2,3134.5,217,3,3134.6,27,1,3134.7,200,1,3134.9,24,2,3135.0,89,3
2031,2026-06-16 12:40:06+05:30,3134.0,1,3130.1,2134281,132359.0,207723.0,3163.0,3163.0,3108.0,3134.3,31956200,3447.7,2820.9,3839.9,2896.0,3134.0,11,1,3133.7,16,1,3133.6,49,2,3133.5,49,3,3133.4,15,2,3134.5,256,4,3134.6,27,1,3134.7,200,1,3134.9,24,2,3135.0,89,3
2031,2026-06-16 12:40:06+05:30,3134.0,1,3130.1,2134281,132359.0,207723.0,3163.0,3163.0,3108.0,3134.3,31956200,3447.7,2820.9,3839.9,2896.0,3134.0,11,1,3133.7,16,1,3133.6,49,2,3133.5,49,3,3133.4,15,2,3134.5,256,4,3134.6,27,1,3134.7,200,1,3134.9,24,2,3135.0,89,3
2031,2026-06-16 12:40:07+05:30,3134.0,1,3130.1,2134281,131338.0,207743.0,3163.0,3163.0,3108.0,3134.3,31956200,3447.7,2820.9,3839.9,2896.0,3134.0,27,2,3133.6,30,1,3133.5,11,1,3133.4,15,2,3133.3,26,2,3134.5,256,4,3134.6,27,1,3134.7,200,1,3134.9,62,3,3135.0,89,3
2031,2026-06-16 12:40:07+05:30,3134.0,83,3130.1,2134281,131338.0,207743.0,3163.0,3163.0,3108.0,3134.3,31956200,3447.7,2820.9,3839.9,2896.0,3134.0,27,2,3133.6,30,1,3133.5,11,1,3133.4,15,2,3133.3,26,2,3134.5,256,4,3134.6,27,1,3134.7,200,1,3134.9,62,3,3135.0,89,3
2031,2026-06-16 12:40:08+05:30,3134.0,83,3130.1,2134480,132330.0,207426.0,3163.0,3163.0,3108.0,3134.3,31956200,3447.7,2820.9,3839.9,2896.0,3134.0,11,1,3133.6,30,1,3133.5,29,2,3133.4,28,3,3133.2,13,1,3134.5,57,3,3134.6,27,1,3134.7,250,2,3134.9,24,2,3135.0,89,3
2031,2026-06-16 12:40:08+05:30,3134.0,83,3130.1,2134480,132330.0,207426.0,3163.0,3163.0,3108.0,3134.3,31956200,3447.7,2820.9,3839.9,2896.0,3134.0,11,1,3133.6,30,1,3133.5,29,2,3133.4,28,3,3133.2,13,1,3134.5,57,3,3134.6,27,1,3134.7,250,2,3134.9,24,2,3135.0,89,3
2031,2026-06-16 12:40:09+05:30,3134.0,83,3130.1,2134480,132348.0,207391.0,3163.0,3163.0,3108.0,3134.3,31956200,3447.7,2820.9,3839.9,2896.0,3134.0,11,1,3133.6,81,5,3133.5,39,3,3133.4,28,3,3133.2,210,3,3134.3,1,1,3134.5,57,3,3134.6,27,1,3134.7,200,1,3134.9,3,1
2031,2026-06-16 12:40:10+05:30,3134.0,83,3130.1,2134480,132187.0,207374.0,3163.0,3163.0,3108.0,3134.3,31956200,3447.7,2820.9,3839.9,2896.0,3134.0,11,1,3133.6,81,5,3133.5,53,4,3133.4,28,3,3133.2,26,2,3134.3,1,1,3134.5,57,3,3134.6,27,1,3134.7,200,1,3134.9,3,1
2031,2026-06-16 12:40:10+05:30,3134.0,83,3130.1,2134480,132187.0,207374.0,3163.0,3163.0,3108.0,3134.3,31956200,3447.7,2820.9,3839.9,2896.0,3134.0,11,1,3133.6,81,5,3133.5,53,4,3133.4,28,3,3133.2,26,2,3134.3,1,1,3134.5,57,3,3134.6,27,1,3134.7,200,1,3134.9,3,1
2031,2026-06-16 12:40:10+05:30,3133.6,28,3130.1,2134480,132187.0,207374.0,3163.0,3163.0,3108.0,3134.3,31956200,3447.7,2820.9,3839.9,2896.0,3134.0,11,1,3133.6,81,5,3133.5,53,4,3133.4,28,3,3133.2,26,2,3134.3,1,1,3134.5,57,3,3134.6,27,1,3134.7,200,1,3134.9,3,1
2031,2026-06-16 12:40:11+05:30,3133.6,28,3130.1,2134519,132160.0,207718.0,3163.0,3163.0,3108.0,3134.3,31956200,3447.7,2820.9,3839.9,2896.0,3133.6,15,2,3133.5,29,2,3133.4,46,4,3133.3,24,2,3133.2,89,4,3134.3,1,1,3134.5,57,3,3134.6,27,1,3134.7,200,1,3134.9,24,2
2031,2026-06-16 12:40:11+05:30,3133.6,28,3130.1,2134519,132160.0,207718.0,3163.0,3163.0,3108.0,3134.3,31956200,3447.7,2820.9,3839.9,2896.0,3133.6,15,2,3133.5,29,2,3133.4,46,4,3133.3,24,2,3133.2,89,4,3134.3,1,1,3134.5,57,3,3134.6,27,1,3134.7,200,1,3134.9,24,2
2031,2026-06-16 12:40:11+05:30,3134.3,1,3130.1,2134520,132099.0,207535.0,3163.0,3163.0,3108.0,3134.3,31956200,3447.7,2820.9,3839.9,2896.0,3133.6,4,2,3133.5,51,4,3133.4,19,2,3133.3,12,1,3133.2,76,3,3134.3,10,3,3134.5,39,1,3134.7,200,1,3134.8,20,1,3134.9,165,1
2031,2026-06-16 12:40:11+05:30,3134.3,1,3130.1,2134520,132099.0,207535.0,3163.0,3163.0,3108.0,3134.3,31956200,3447.7,2820.9,3839.9,2896.0,3133.6,4,2,3133.5,51,4,3133.4,19,2,3133.3,12,1,3133.2,76,3,3134.3,10,3,3134.5,39,1,3134.7,200,1,3134.8,20,1,3134.9,165,1
2031,2026-06-16 12:40:12+05:30,3134.3,1,3130.1,2134521,131941.0,207625.0,3163.0,3163.0,3108.0,3134.3,31956200,3447.7,2820.9,3839.9,2896.0,3133.6,4,2,3133.5,42,3,3133.4,2,1,3133.3,12,1,3133.2,26,2,3134.3,7,3,3134.5,39,1,3134.7,200,1,3134.8,119,3,3135.0,127,5
2031,2026-06-16 12:40:12+05:30,3134.3,1,3130.1,2134521,131941.0,207625.0,3163.0,3163.0,3108.0,3134.3,31956200,3447.7,2820.9,3839.9,2896.0,3133.6,4,2,3133.5,42,3,3133.4,2,1,3133.3,12,1,3133.2,26,2,3134.3,7,3,3134.5,39,1,3134.7,200,1,3134.8,119,3,3135.0,127,5
2031,2026-06-16 12:40:13+05:30,3134.3,1,3130.1,2134521,131941.0,207625.0,3163.0,3163.0,3108.0,3134.3,31956200,3447.7,2820.9,3839.9,2896.0,3133.6,4,2,3133.5,42,3,3133.4,2,1,3133.3,12,1,3133.2,26,2,3134.3,7,3,3134.5,39,1,3134.7,200,1,3134.8,119,3,3135.0,127,5
2031,2026-06-16 12:40:14+05:30,3134.3,1,3130.1,2134521,131881.0,207655.0,3163.0,3163.0,3108.0,3134.3,31956200,3447.7,2820.9,3839.9,2896.0,3133.6,4,2,3133.4,17,2,3133.3,12,1,3133.2,13,1,3133.1,59,4,3134.3,18,4,3134.5,39,1,3134.7,221,2,3134.8,119,3,3134.9,38,1
2031,2026-06-16 12:40:14+05:30,3134.3,1,3130.1,2134521,131881.0,207655.0,3163.0,3163.0,3108.0,3134.3,31956200,3447.7,2820.9,3839.9,2896.0,3133.6,4,2,3133.4,17,2,3133.3,12,1,3133.2,13,1,3133.1,59,4,3134.3,18,4,3134.5,39,1,3134.7,221,2,3134.8,119,3,3134.9,38,1
2031,2026-06-16 12:40:14+05:30,3134.3,1,3130.1,2134527,131950.0,207778.0,3163.0,3163.0,3108.0,3134.3,31956200,3447.7,2820.9,3839.9,2896.0,3133.6,4,2,3133.5,8,1,3133.4,17,2,3133.3,12,1,3133.2,33,2,3134.3,21,3,3134.5,39,1,3134.7,200,1,3134.8,140,4,3134.9,38,1
2031,2026-06-16 12:40:15+05:30,3134.3,1,3130.1,2134527,131950.0,207778.0,3163.0,3163.0,3108.0,3134.3,31956200,3447.7,2820.9,3839.9,2896.0,3133.6,4,2,3133.5,8,1,3133.4,17,2,3133.3,12,1,3133.2,33,2,3134.3,21,3,3134.5,39,1,3134.7,200,1,3134.8,140,4,3134.9,38,1
2031,2026-06-16 12:40:15+05:30,3134.3,1,3130.1,2134527,131950.0,207778.0,3163.0,3163.0,3108.0,3134.3,31956200,3447.7,2820.9,3839.9,2896.0,3133.6,4,2,3133.5,8,1,3133.4,17,2,3133.3,12,1,3133.2,33,2,3134.3,21,3,3134.5,39,1,3134.7,200,1,3134.8,140,4,3134.9,38,1
2031,2026-06-16 12:40:15+05:30,3134.3,1,3130.1,2134527,132138.0,207894.0,3163.0,3163.0,3108.0,3134.3,31956200,3447.7,2820.9,3839.9,2896.0,3134.0,2,2,3133.7,17,1,3133.6,5,3,3133.5,8,1,3133.4,2,1,3134.2,200,1,3134.3,33,4,3134.5,39,1,3134.6,21,1,3134.7,200,1
2031,2026-06-16 12:40:16+05:30,3134.3,1,3130.1,2134527,132138.0,207894.0,3163.0,3163.0,3108.0,3134.3,31956200,3447.7,2820.9,3839.9,2896.0,3134.0,2,2,3133.7,17,1,3133.6,5,3,3133.5,8,1,3133.4,2,1,3134.2,200,1,3134.3,33,4,3134.5,39,1,3134.6,21,1,3134.7,200,1
2031,2026-06-16 12:40:16+05:30,3134.3,1,3130.1,2134527,132143.0,207907.0,3163.0,3163.0,3108.0,3134.3,31956200,3447.7,2820.9,3839.9,2896.0,3134.0,2,2,3133.7,17,1,3133.6,5,3,3133.5,8,1,3133.4,2,1,3134.2,216,2,3134.3,12,1,3134.5,39,1,3134.6,21,1,3134.7,200,1
2031,2026-06-16 12:40:17+05:30,3134.3,1,3130.1,2134527,132143.0,207907.0,3163.0,3163.0,3108.0,3134.3,31956200,3447.7,2820.9,3839.9,2896.0,3134.0,2,2,3133.7,17,1,3133.6,5,3,3133.5,8,1,3133.4,2,1,3134.2,216,2,3134.3,12,1,3134.5,39,1,3134.6,21,1,3134.7,200,1
2031,2026-06-16 12:40:17+05:30,3134.2,1,3130.1,2134543,131983.0,207795.0,3163.0,3163.0,3108.0,3134.3,31956200,3447.7,2820.9,3839.9,2896.0,3134.0,17,1,3133.6,25,4,3133.5,34,3,3133.4,2,1,3133.3,12,1,3134.2,236,3,3134.3,12,1,3134.7,221,2,3134.8,70,2,3134.9,3,1
2031,2026-06-16 12:40:17+05:30,3134.2,1,3130.1,2134543,131983.0,207795.0,3163.0,3163.0,3108.0,3134.3,31956200,3447.7,2820.9,3839.9,2896.0,3134.0,17,1,3133.6,25,4,3133.5,34,3,3133.4,2,1,3133.3,12,1,3134.2,236,3,3134.3,12,1,3134.7,221,2,3134.8,70,2,3134.9,3,1
2031,2026-06-16 12:40:18+05:30,3134.2,1,3130.1,2134543,131983.0,207795.0,3163.0,3163.0,3108.0,3134.3,31956200,3447.7,2820.9,3839.9,2896.0,3134.0,17,1,3133.6,25,4,3133.5,34,3,3133.4,2,1,3133.3,12,1,3134.2,236,3,3134.3,12,1,3134.7,221,2,3134.8,70,2,3134.9,3,1
2031,2026-06-16 12:40:18+05:30,3134.2,1,3130.1,2134543,131983.0,207795.0,3163.0,3163.0,3108.0,3134.3,31956200,3447.7,2820.9,3839.9,2896.0,3134.0,17,1,3133.6,25,4,3133.5,34,3,3133.4,2,1,3133.3,12,1,3134.2,236,3,3134.3,12,1,3134.7,221,2,3134.8,70,2,3134.9,3,1
2031,2026-06-16 12:40:18+05:30,3134.2,1,3130.1,2134544,131981.0,207881.0,3163.0,3163.0,3108.0,3134.3,31956200,3447.7,2820.9,3839.9,2896.0,3133.7,17,1,3133.6,38,5,3133.5,21,2,3133.4,2,1,3133.3,12,1,3134.2,235,3,3134.3,12,1,3134.7,200,1,3134.8,70,2,3134.9,24,2
2031,2026-06-16 12:40:19+05:30,3134.2,1,3130.1,2134544,131981.0,207881.0,3163.0,3163.0,3108.0,3134.3,31956200,3447.7,2820.9,3839.9,2896.0,3133.7,17,1,3133.6,38,5,3133.5,21,2,3133.4,2,1,3133.3,12,1,3134.2,235,3,3134.3,12,1,3134.7,200,1,3134.8,70,2,3134.9,24,2
2031,2026-06-16 12:40:19+05:30,3134.2,1,3130.1,2134544,131981.0,207881.0,3163.0,3163.0,3108.0,3134.3,31956200,3447.7,2820.9,3839.9,2896.0,3133.7,17,1,3133.6,38,5,3133.5,21,2,3133.4,2,1,3133.3,12,1,3134.2,235,3,3134.3,12,1,3134.7,200,1,3134.8,70,2,3134.9,24,2
2031,2026-06-16 12:40:19+05:30,3134.2,162,3130.1,2134706,132027.0,207539.0,3163.0,3163.0,3108.0,3134.3,31956200,3447.7,2820.9,3839.9,2896.0,3134.0,50,1,3133.6,38,5,3133.5,21,2,3133.4,17,2,3133.3,12,1,3134.2,73,3,3134.3,12,1,3134.7,200,1,3134.9,3,1,3135.0,449,5
2031,2026-06-16 12:40:20+05:30,3134.2,162,3130.1,2134706,132027.0,207539.0,3163.0,3163.0,3108.0,3134.3,31956200,3447.7,2820.9,3839.9,2896.0,3134.0,50,1,3133.6,38,5,3133.5,21,2,3133.4,17,2,3133.3,12,1,3134.2,73,3,3134.3,12,1,3134.7,200,1,3134.9,3,1,3135.0,449,5
2031,2026-06-16 12:40:20+05:30,3134.2,162,3130.1,2134706,132027.0,207539.0,3163.0,3163.0,3108.0,3134.3,31956200,3447.7,2820.9,3839.9,2896.0,3134.0,50,1,3133.6,38,5,3133.5,21,2,3133.4,17,2,3133.3,12,1,3134.2,73,3,3134.3,12,1,3134.7,200,1,3134.9,3,1,3135.0,449,5
2031,2026-06-16 12:40:20+05:30,3134.3,27,3130.1,2134806,132218.0,207252.0,3163.0,3163.0,3108.0,3134.3,31956200,3447.7,2820.9,3839.9,2896.0,3134.0,50,1,3133.8,19,2,3133.7,13,1,3133.6,52,6,3133.5,8,1,3134.3,12,1,3134.7,200,1,3134.9,3,1,3135.0,449,5,3135.1,243,2
2031,2026-06-16 12:40:21+05:30,3134.3,27,3130.1,2134806,132218.0,207252.0,3163.0,3163.0,3108.0,3134.3,31956200,3447.7,2820.9,3839.9,2896.0,3134.0,50,1,3133.8,19,2,3133.7,13,1,3133.6,52,6,3133.5,8,1,3134.3,12,1,3134.7,200,1,3134.9,3,1,3135.0,449,5,3135.1,243,2
2031,2026-06-16 12:40:21+05:30,3134.3,27,3130.1,2134806,132218.0,207252.0,3163.0,3163.0,3108.0,3134.3,31953200,3447.7,2820.9,3839.9,2896.0,3134.0,50,1,3133.8,19,2,3133.7,13,1,3133.6,52,6,3133.5,8,1,3134.3,12,1,3134.7,200,1,3134.9,3,1,3135.0,449,5,3135.1,243,2
2031,2026-06-16 12:40:21+05:30,3134.3,11,3130.1,2134817,132329.0,207555.0,3163.0,3163.0,3108.0,3134.3,31953200,3447.7,2820.9,3839.9,2896.0,3134.0,66,2,3133.6,42,4,3133.5,21,2,3133.4,15,2,3133.3,62,2,3134.7,400,2,3134.9,3,1,3135.0,429,4,3135.1,314,4,3135.2,70,2
2031,2026-06-16 12:40:22+05:30,3134.3,11,3130.1,2134817,132329.0,207555.0,3163.0,3163.0,3108.0,3134.3,31953200,3447.7,2820.9,3839.9,2896.0,3134.0,66,2,3133.6,42,4,3133.5,21,2,3133.4,15,2,3133.3,62,2,3134.7,400,2,3134.9,3,1,3135.0,429,4,3135.1,314,4,3135.2,70,2
2031,2026-06-16 12:40:22+05:30,3134.3,11,3130.1,2134817,132353.0,207430.0,3163.0,3163.0,3108.0,3134.3,31953200,3447.7,2820.9,3839.9,2896.0,3134.1,16,1,3134.0,50,1,3133.6,42,4,3133.5,21,2,3133.4,15,2,3134.4,1,1,3134.7,400,2,3134.9,24,2,3135.0,429,4,3135.1,293,3
2031,2026-06-16 12:40:23+05:30,3134.4,1,3130.1,2134817,132353.0,207430.0,3163.0,3163.0,3108.0,3134.3,31953200,3447.7,2820.9,3839.9,2896.0,3134.1,16,1,3134.0,50,1,3133.6,42,4,3133.5,21,2,3133.4,15,2,3134.4,1,1,3134.7,400,2,3134.9,24,2,3135.0,429,4,3135.1,293,3
2031,2026-06-16 12:40:23+05:30,3134.4,1,3130.1,2134818,132855.0,207450.0,3163.0,3163.0,3108.0,3134.3,31953200,3447.7,2820.9,3839.9,2896.0,3134.1,16,1,3134.0,50,1,3133.6,55,5,3133.5,8,1,3133.4,15,2,3134.7,400,2,3134.9,24,2,3135.0,429,4,3135.1,293,3,3135.2,21,1
2031,2026-06-16 12:40:24+05:30,3134.7,1,3130.1,2134819,132910.0,207589.0,3163.0,3163.0,3108.0,3134.3,31953200,3447.7,2820.9,3839.9,2896.0,3134.3,18,1,3134.0,50,1,3133.6,36,4,3133.5,27,2,3133.4,15,2,3134.7,536,5,3134.9,3,1,3135.0,496,6,3135.1,331,4,3135.2,77,2
2031,2026-06-16 12:40:25+05:30,3134.7,1,3130.1,2134819,132910.0,207589.0,3163.0,3163.0,3108.0,3134.3,31953200,3447.7,2820.9,3839.9,2896.0,3134.3,18,1,3134.0,50,1,3133.6,36,4,3133.5,27,2,3133.4,15,2,3134.7,536,5,3134.9,3,1,3135.0,496,6,3135.1,331,4,3135.2,77,2
2031,2026-06-16 12:40:25+05:30,3134.4,2,3130.1,2134846,133078.0,207569.0,3163.0,3163.0,3108.0,3134.3,31953200,3447.7,2820.9,3839.9,2896.0,3134.4,15,1,3134.0,50,1,3133.6,35,3,3133.5,27,2,3133.4,15,2,3134.7,511,5,3134.9,3,1,3135.0,496,6,3135.1,331,4,3135.2,77,2
2031,2026-06-16 12:40:26+05:30,3134.4,2,3130.1,2134846,133078.0,207569.0,3163.0,3163.0,3108.0,3134.3,31953200,3447.7,2820.9,3839.9,2896.0,3134.4,15,1,3134.0,50,1,3133.6,35,3,3133.5,27,2,3133.4,15,2,3134.7,511,5,3134.9,3,1,3135.0,496,6,3135.1,331,4,3135.2,77,2
2031,2026-06-16 12:40:26+05:30,3134.4,2,3130.1,2134846,133110.0,207724.0,3163.0,3163.0,3108.0,3134.3,31953200,3447.7,2820.9,3839.9,2896.0,3134.4,15,1,3134.0,67,2,3133.6,35,3,3133.5,27,2,3133.4,15,2,3134.6,200,1,3134.7,311,4,3134.9,403,3,3135.0,296,5,3135.1,131,3
2031,2026-06-16 12:40:27+05:30,3134.5,148,3130.1,2134994,132978.0,207518.0,3163.0,3163.0,3108.0,3134.3,31953200,3447.7,2820.9,3839.9,2896.0,3134.0,32,2,3133.6,22,2,3133.5,8,1,3133.4,15,2,3133.3,46,3,3134.5,26,1,3134.6,225,2,3134.7,112,2,3134.8,38,1,3134.9,474,5
2031,2026-06-16 12:40:28+05:30,3134.5,148,3130.1,2134994,132978.0,207518.0,3163.0,3163.0,3108.0,3134.3,31953200,3447.7,2820.9,3839.9,2896.0,3134.0,32,2,3133.6,22,2,3133.5,8,1,3133.4,15,2,3133.3,46,3,3134.5,26,1,3134.6,225,2,3134.7,112,2,3134.8,38,1,3134.9,474,5
2031,2026-06-16 12:40:28+05:30,3134.5,1,3130.1,2134995,132856.0,207512.0,3163.0,3163.0,3108.0,3134.3,31953200,3447.7,2820.9,3839.9,2896.0,3134.1,16,1,3134.0,15,1,3133.6,22,2,3133.5,8,1,3133.4,15,2,3134.5,25,1,3134.6,225,2,3134.7,144,3,3134.8,38,1,3134.9,495,5
2031,2026-06-16 12:40:29+05:30,3134.5,1,3130.1,2134995,132856.0,207512.0,3163.0,3163.0,3108.0,3134.3,31953200,3447.7,2820.9,3839.9,2896.0,3134.1,16,1,3134.0,15,1,3133.6,22,2,3133.5,8,1,3133.4,15,2,3134.5,25,1,3134.6,225,2,3134.7,144,3,3134.8,38,1,3134.9,495,5
2031,2026-06-16 12:40:29+05:30,3134.5,9,3130.1,2135046,132775.0,207393.0,3163.0,3163.0,3108.0,3134.3,31953200,3447.7,2820.9,3839.9,2896.0,3134.1,16,1,3134.0,15,1,3133.6,22,2,3133.5,8,1,3133.4,15,2,3134.6,200,1,3134.7,144,3,3134.8,38,1,3134.9,483,5,3135.0,330,6
2031,2026-06-16 12:40:30+05:30,3134.5,9,3130.1,2135046,132775.0,207393.0,3163.0,3163.0,3108.0,3134.3,31953200,3447.7,2820.9,3839.9,2896.0,3134.1,16,1,3134.0,15,1,3133.6,22,2,3133.5,8,1,3133.4,15,2,3134.6,200,1,3134.7,144,3,3134.8,38,1,3134.9,483,5,3135.0,330,6
2031,2026-06-16 12:40:30+05:30,3134.6,6,3130.1,2135052,132923.0,207710.0,3163.0,3163.0,3108.0,3134.3,31953200,3447.7,2820.9,3839.9,2896.0,3134.4,2,2,3134.3,15,1,3134.1,5,2,3134.0,15,1,3133.6,22,2,3134.6,204,4,3134.7,144,3,3134.8,38,1,3134.9,442,3,3135.0,309,5
2031,2026-06-16 12:40:31+05:30,3134.6,6,3130.1,2135052,132923.0,207710.0,3163.0,3163.0,3108.0,3134.3,31953200,3447.7,2820.9,3839.9,2896.0,3134.4,2,2,3134.3,15,1,3134.1,5,2,3134.0,15,1,3133.6,22,2,3134.6,204,4,3134.7,144,3,3134.8,38,1,3134.9,442,3,3135.0,309,5
2031,2026-06-16 12:40:31+05:30,3134.1,15,3130.1,2135307,132319.0,207953.0,3163.0,3163.0,3108.0,3134.3,31953200,3447.7,2820.9,3839.9,2896.0,3134.1,15,1,3134.0,15,1,3133.6,22,2,3133.4,2,1,3133.0,520,3,3134.4,257,4,3134.5,80,4,3134.6,60,6,3134.7,542,6,3134.8,100,2
2031,2026-06-16 12:40:32+05:30,3134.1,15,3130.1,2135307,132319.0,207953.0,3163.0,3163.0,3108.0,3134.3,31953200,3447.7,2820.9,3839.9,2896.0,3134.1,15,1,3134.0,15,1,3133.6,22,2,3133.4,2,1,3133.0,520,3,3134.4,257,4,3134.5,80,4,3134.6,60,6,3134.7,542,6,3134.8,100,2
2031,2026-06-16 12:40:32+05:30,3134.4,5,3130.1,2135312,132445.0,207646.0,3163.0,3163.0,3108.0,3134.3,31953200,3447.7,2820.9,3839.9,2896.0,3134.1,17,2,3134.0,15,1,3133.6,22,2,3133.4,2,1,3133.1,205,2,3134.4,226,6,3134.5,42,3,3134.6,25,3,3134.7,521,5,3134.8,87,2
2031,2026-06-16 12:40:33+05:30,3134.4,5,3130.1,2135312,132445.0,207646.0,3163.0,3163.0,3108.0,3134.3,31953200,3447.7,2820.9,3839.9,2896.0,3134.1,17,2,3134.0,15,1,3133.6,22,2,3133.4,2,1,3133.1,205,2,3134.4,226,6,3134.5,42,3,3134.6,25,3,3134.7,521,5,3134.8,87,2
2031,2026-06-16 12:40:33+05:30,3134.4,1,3130.1,2135313,132301.0,207669.0,3163.0,3163.0,3108.0,3134.3,31953200,3447.7,2820.9,3839.9,2896.0,3134.1,17,2,3134.0,15,1,3133.6,22,2,3133.4,2,1,3133.1,59,3,3134.3,12,1,3134.4,220,6,3134.5,30,2,3134.6,213,3,3134.7,542,6
2031,2026-06-16 12:40:34+05:30,3134.4,1,3130.1,2135313,132301.0,207669.0,3163.0,3163.0,3108.0,3134.3,31953200,3447.7,2820.9,3839.9,2896.0,3134.1,17,2,3134.0,15,1,3133.6,22,2,3133.4,2,1,3133.1,59,3,3134.3,12,1,3134.4,220,6,3134.5,30,2,3134.6,213,3,3134.7,542,6
2031,2026-06-16 12:40:34+05:30,3134.1,5,3130.1,2135354,132275.0,207647.0,3163.0,3163.0,3108.0,3134.3,31953200,3447.7,2820.9,3839.9,2896.0,3134.1,12,2,3134.0,15,1,3133.6,22,2,3133.4,2,1,3133.1,41,2,3134.3,12,1,3134.4,234,7,3134.5,56,2,3134.6,234,4,3134.7,482,4
2031,2026-06-16 12:40:35+05:30,3134.1,5,3130.1,2135354,132275.0,207647.0,3163.0,3163.0,3108.0,3134.3,31953200,3447.7,2820.9,3839.9,2896.0,3134.1,12,2,3134.0,15,1,3133.6,22,2,3133.4,2,1,3133.1,41,2,3134.3,12,1,3134.4,234,7,3134.5,56,2,3134.6,234,4,3134.7,482,4
2031,2026-06-16 12:40:35+05:30,3134.1,5,3130.1,2135354,132475.0,207549.0,3163.0,3163.0,3108.0,3134.3,31953200,3447.7,2820.9,3839.9,2896.0,3134.1,12,2,3134.0,15,1,3133.6,22,2,3133.4,2,1,3133.2,18,1,3134.3,21,3,3134.4,225,5,3134.5,56,2,3134.6,213,3,3134.7,503,5
2031,2026-06-16 12:40:36+05:30,3134.1,5,3130.1,2135354,132801.0,207380.0,3163.0,3163.0,3108.0,3134.3,31953200,3447.7,2820.9,3839.9,2896.0,3134.1,12,2,3134.0,115,2,3133.6,22,2,3133.4,2,1,3133.2,18,1,3134.3,26,4,3134.4,217,4,3134.5,19,1,3134.6,201,2,3134.7,482,4
2031,2026-06-16 12:40:37+05:30,3134.3,1,3130.1,2135355,132543.0,205595.0,3163.0,3163.0,3108.0,3134.3,31953200,3447.7,2820.9,3839.9,2896.0,3134.1,12,2,3134.0,115,2,3133.6,22,2,3133.4,2,1,3133.3,63,2,3134.3,145,8,3134.4,212,3,3134.6,201,2,3134.7,400,2,3134.8,200,1
2031,2026-06-16 12:40:38+05:30,3134.3,1,3130.1,2135355,132543.0,205595.0,3163.0,3163.0,3108.0,3134.3,31953200,3447.7,2820.9,3839.9,2896.0,3134.1,12,2,3134.0,115,2,3133.6,22,2,3133.4,2,1,3133.3,63,2,3134.3,145,8,3134.4,212,3,3134.6,201,2,3134.7,400,2,3134.8,200,1
2031,2026-06-16 12:40:39+05:30,3134.4,1,3130.1,2135355,132543.0,205595.0,3163.0,3163.0,3108.0,3134.3,31953200,3447.7,2820.9,3839.9,2896.0,3134.1,12,2,3134.0,115,2,3133.6,22,2,3133.4,2,1,3133.3,63,2,3134.3,145,8,3134.4,212,3,3134.6,201,2,3134.7,400,2,3134.8,200,1
2031,2026-06-16 12:40:39+05:30,3134.4,1,3130.1,2135523,132806.0,207579.0,3163.0,3163.0,3108.0,3134.3,31953200,3447.7,2820.9,3839.9,2896.0,3134.2,2,1,3134.1,10,1,3134.0,115,2,3133.6,90,4,3133.4,2,1,3134.4,211,3,3134.6,200,1,3134.7,400,2,3134.8,200,1,3134.9,19,1
2031,2026-06-16 12:40:40+05:30,3134.4,1,3130.1,2135523,132809.0,207559.0,3163.0,3163.0,3108.0,3134.3,31953200,3447.7,2820.9,3839.9,2896.0,3134.2,2,1,3134.1,30,2,3134.0,115,2,3133.6,70,3,3133.4,15,2,3134.4,211,3,3134.6,200,1,3134.7,400,2,3134.8,200,1,3134.9,19,1
2031,2026-06-16 12:40:40+05:30,3134.4,1,3130.1,2135523,132821.0,207374.0,3163.0,3163.0,3108.0,3134.3,31953200,3447.7,2820.9,3839.9,2896.0,3134.2,2,1,3134.1,30,2,3134.0,115,2,3133.6,70,3,3133.4,15,2,3134.4,211,3,3134.6,200,1,3134.7,400,2,3134.8,200,1,3134.9,19,1
2031,2026-06-16 12:40:42+05:30,3134.1,2,3130.1,2135523,132821.0,207374.0,3163.0,3163.0,3108.0,3134.3,31953200,3447.7,2820.9,3839.9,2896.0,3134.2,2,1,3134.1,30,2,3134.0,115,2,3133.6,70,3,3133.4,15,2,3134.4,211,3,3134.6,200,1,3134.7,400,2,3134.8,200,1,3134.9,19,1
2031,2026-06-16 12:40:42+05:30,3134.1,2,3130.1,2135588,132843.0,207624.0,3163.0,3163.0,3108.0,3134.3,31953200,3447.7,2820.9,3839.9,2896.0,3134.2,9,1,3134.1,33,2,3134.0,115,2,3133.6,20,2,3133.4,15,2,3134.4,211,3,3134.6,200,1,3134.7,400,2,3134.9,240,3,3135.0,430,4
2031,2026-06-16 12:40:43+05:30,3134.1,2,3130.1,2135588,133002.0,207567.0,3163.0,3163.0,3108.0,3134.3,31953200,3447.7,2820.9,3839.9,2896.0,3134.2,24,2,3134.1,33,2,3134.0,100,1,3133.7,13,1,3133.6,33,3,3134.4,211,3,3134.6,200,1,3134.7,400,2,3134.9,200,1,3135.0,430,4
2031,2026-06-16 12:40:44+05:30,3134.1,9,3130.1,2135588,133002.0,207567.0,3163.0,3163.0,3108.0,3134.3,31953200,3447.7,2820.9,3839.9,2896.0,3134.2,24,2,3134.1,33,2,3134.0,100,1,3133.7,13,1,3133.6,33,3,3134.4,211,3,3134.6,200,1,3134.7,400,2,3134.9,200,1,3135.0,430,4
2031,2026-06-16 12:40:44+05:30,3134.4,1,3130.1,2135782,132956.0,207334.0,3163.0,3163.0,3108.0,3134.3,31953200,3447.7,2820.9,3839.9,2896.0,3134.2,4,1,3134.1,26,2,3134.0,116,2,3133.9,13,1,3133.6,46,4,3134.4,17,1,3134.6,200,1,3134.7,400,2,3134.9,200,1,3135.0,430,4
2031,2026-06-16 12:40:45+05:30,3134.4,1,3130.1,2135782,132956.0,207334.0,3163.0,3163.0,3108.0,3134.3,31953200,3447.7,2820.9,3839.9,2896.0,3134.2,4,1,3134.1,26,2,3134.0,116,2,3133.9,13,1,3133.6,46,4,3134.4,17,1,3134.6,200,1,3134.7,400,2,3134.9,200,1,3135.0,430,4
2031,2026-06-16 12:40:45+05:30,3134.4,1,3130.1,2135782,132981.0,207154.0,3163.0,3163.0,3108.0,3134.3,31953200,3447.7,2820.9,3839.9,2896.0,3134.2,1,1,3134.1,26,2,3134.0,116,2,3133.9,26,2,3133.6,46,4,3134.4,21,2,3134.6,200,1,3134.7,400,2,3134.8,200,1,3135.0,430,4
2031,2026-06-16 12:40:46+05:30,3134.3,1,3130.1,2135782,132981.0,207154.0,3163.0,3163.0,3108.0,3134.3,31953200,3447.7,2820.9,3839.9,2896.0,3134.2,1,1,3134.1,26,2,3134.0,116,2,3133.9,26,2,3133.6,46,4,3134.4,21,2,3134.6,200,1,3134.7,400,2,3134.8,200,1,3135.0,430,4
2031,2026-06-16 12:40:46+05:30,3134.3,1,3130.1,2135991,132939.0,207145.0,3163.0,3163.0,3108.0,3134.3,31953200,3447.7,2820.9,3839.9,2896.0,3134.3,2,2,3134.2,27,2,3134.1,19,2,3134.0,110,2,3133.8,26,2,3134.4,13,2,3134.6,200,1,3134.7,400,2,3134.8,200,1,3135.0,430,4
2031,2026-06-16 12:40:47+05:30,3134.3,1,3130.1,2135991,132923.0,206899.0,3163.0,3163.0,3108.0,3134.3,31953200,3447.7,2820.9,3839.9,2896.0,3134.3,2,2,3134.2,16,1,3134.1,19,2,3134.0,100,1,3133.8,13,1,3134.4,13,2,3134.6,200,1,3134.7,400,2,3134.8,200,1,3135.0,410,3
2031,2026-06-16 12:40:48+05:30,3134.0,100,3130.1,2135991,132923.0,206899.0,3163.0,3163.0,3108.0,3134.3,31953200,3447.7,2820.9,3839.9,2896.0,3134.3,2,2,3134.2,16,1,3134.1,19,2,3134.0,100,1,3133.8,13,1,3134.4,13,2,3134.6,200,1,3134.7,400,2,3134.8,200,1,3135.0,410,3
2031,2026-06-16 12:40:48+05:30,3134.0,100,3130.1,2136282,132599.0,207307.0,3163.0,3163.0,3108.0,3134.3,31953200,3447.7,2820.9,3839.9,2896.0,3133.7,16,2,3133.6,12,2,3133.5,13,1,3133.4,32,3,3133.3,66,3,3134.0,9,1,3134.4,34,3,3134.6,200,1,3134.7,400,2,3134.8,21,1
2031,2026-06-16 12:40:49+05:30,3134.0,1,3130.1,2136283,132336.0,207113.0,3163.0,3163.0,3108.0,3134.3,31953200,3447.7,2820.9,3839.9,2896.0,3133.7,51,2,3133.6,15,2,3133.5,6,1,3133.4,52,5,3133.3,65,3,3134.0,8,1,3134.4,234,4,3134.6,200,1,3134.7,400,2,3134.8,21,1
2031,2026-06-16 12:40:50+05:30,3134.0,1,3130.1,2136283,132336.0,207113.0,3163.0,3163.0,3108.0,3134.3,31953200,3447.7,2820.9,3839.9,2896.0,3133.7,51,2,3133.6,15,2,3133.5,6,1,3133.4,52,5,3133.3,65,3,3134.0,8,1,3134.4,234,4,3134.6,200,1,3134.7,400,2,3134.8,21,1
2031,2026-06-16 12:40:50+05:30,3134.0,1,3130.1,2136283,132335.0,207057.0,3163.0,3163.0,3108.0,3134.3,31953200,3447.7,2820.9,3839.9,2896.0,3133.7,51,2,3133.6,15,2,3133.5,6,1,3133.4,68,6,3133.3,65,3,3134.0,64,3,3134.4,209,2,3134.6,200,1,3134.7,400,2,3134.8,21,1
2031,2026-06-16 12:40:51+05:30,3134.0,1,3130.1,2136283,132335.0,207057.0,3163.0,3163.0,3108.0,3134.3,31953200,3447.7,2820.9,3839.9,2896.0,3133.7,51,2,3133.6,15,2,3133.5,6,1,3133.4,68,6,3133.3,65,3,3134.0,64,3,3134.4,209,2,3134.6,200,1,3134.7,400,2,3134.8,21,1
2031,2026-06-16 12:40:51+05:30,3134.0,5,3130.1,2136296,132341.0,207049.0,3163.0,3163.0,3108.0,3134.3,31953200,3447.7,2820.9,3839.9,2896.0,3133.7,51,2,3133.6,15,2,3133.5,6,1,3133.4,68,6,3133.3,65,3,3134.0,51,2,3134.4,209,2,3134.6,200,1,3134.7,400,2,3134.8,21,1
2031,2026-06-16 12:40:52+05:30,3134.0,5,3130.1,2136296,132341.0,207049.0,3163.0,3163.0,3108.0,3134.3,31953200,3447.7,2820.9,3839.9,2896.0,3133.7,51,2,3133.6,15,2,3133.5,6,1,3133.4,68,6,3133.3,65,3,3134.0,51,2,3134.4,209,2,3134.6,200,1,3134.7,400,2,3134.8,21,1
2031,2026-06-16 12:40:52+05:30,3134.0,5,3130.1,2136296,132493.0,206990.0,3163.0,3163.0,3108.0,3134.3,31953200,3447.7,2820.9,3839.9,2896.0,3133.7,79,5,3133.6,6,2,3133.5,6,1,3133.4,52,5,3133.3,65,3,3133.9,1,1,3134.0,27,1,3134.4,209,2,3134.6,200,1,3134.7,400,2
2031,2026-06-16 12:40:53+05:30,3134.0,5,3130.1,2136296,132484.0,207197.0,3163.0,3163.0,3108.0,3134.3,31953200,3447.7,2820.9,3839.9,2896.0,3133.7,79,5,3133.6,6,2,3133.5,11,2,3133.4,52,5,3133.3,65,3,3133.9,1,1,3134.0,27,1,3134.4,209,2,3134.6,200,1,3134.7,400,2
2031,2026-06-16 12:40:54+05:30,3133.9,1,3130.1,2136297,132498.0,207198.0,3163.0,3163.0,3108.0,3134.3,31953200,3447.7,2820.9,3839.9,2896.0,3133.7,67,3,3133.6,15,2,3133.5,11,2,3133.4,52,5,3133.3,65,3,3134.0,27,1,3134.4,209,2,3134.6,200,1,3134.7,400,2,3134.8,21,1
2031,2026-06-16 12:40:55+05:30,3134.0,1,3130.1,2136297,132498.0,207198.0,3163.0,3163.0,3108.0,3134.3,31953200,3447.7,2820.9,3839.9,2896.0,3133.7,67,3,3133.6,15,2,3133.5,11,2,3133.4,52,5,3133.3,65,3,3134.0,27,1,3134.4,209,2,3134.6,200,1,3134.7,400,2,3134.8,21,1
2031,2026-06-16 12:40:55+05:30,3134.0,125,3130.1,2136449,132581.0,207221.0,3163.0,3163.0,3108.0,3134.3,31953200,3447.7,2820.9,3839.9,2896.0,3133.7,44,1,3133.6,28,3,3133.5,32,2,3133.4,68,6,3133.3,65,3,3134.0,150,4,3134.4,209,2,3134.6,200,1,3134.7,400,2,3134.8,21,1
2031,2026-06-16 12:40:56+05:30,3134.0,5,3130.1,2136449,132581.0,207221.0,3163.0,3163.0,3108.0,3134.3,31953200,3447.7,2820.9,3839.9,2896.0,3133.7,44,1,3133.6,28,3,3133.5,32,2,3133.4,68,6,3133.3,65,3,3134.0,150,4,3134.4,209,2,3134.6,200,1,3134.7,400,2,3134.8,21,1
2031,2026-06-16 12:40:56+05:30,3134.0,5,3130.1,2136454,132443.0,207279.0,3163.0,3163.0,3108.0,3134.3,31953200,3447.7,2820.9,3839.9,2896.0,3133.7,72,3,3133.6,15,2,3133.5,32,2,3133.4,52,5,3133.3,65,3,3134.0,145,4,3134.4,209,2,3134.6,200,1,3134.7,400,2,3134.8,21,1
2031,2026-06-16 12:40:57+05:30,3134.0,1,3130.1,2136455,132424.0,207472.0,3163.0,3163.0,3108.0,3134.3,31953200,3447.7,2820.9,3839.9,2896.0,3133.7,87,5,3133.6,7,2,3133.5,38,3,3133.4,52,5,3133.3,65,3,3134.0,144,4,3134.4,209,2,3134.6,200,1,3134.7,400,2,3134.8,21,1
2031,2026-06-16 12:40:58+05:30,3133.7,113,3130.1,2136455,132424.0,207472.0,3163.0,3163.0,3108.0,3134.3,31953200,3447.7,2820.9,3839.9,2896.0,3133.7,87,5,3133.6,7,2,3133.5,38,3,3133.4,52,5,3133.3,65,3,3134.0,144,4,3134.4,209,2,3134.6,200,1,3134.7,400,2,3134.8,21,1
2031,2026-06-16 12:40:58+05:30,3133.7,113,3130.1,2136655,132348.0,207727.0,3163.0,3163.0,3108.0,3134.3,31953200,3447.7,2820.9,3839.9,2896.0,3133.7,17,1,3133.6,28,3,3133.5,8,2,3133.4,39,5,3133.3,8,1,3134.0,144,4,3134.3,200,1,3134.4,9,1,3134.5,200,1,3134.6,400,2
2031,2026-06-16 12:40:59+05:30,3133.7,113,3130.1,2136655,132344.0,207495.0,3163.0,3163.0,3108.0,3134.3,31953200,3447.7,2820.9,3839.9,2896.0,3133.7,17,1,3133.6,28,3,3133.5,2,1,3133.4,39,5,3133.3,8,1,3134.0,144,4,3134.3,200,1,3134.4,9,1,3134.5,200,1,3134.6,400,2
2031,2026-06-16 12:41:00+05:30,3134.0,1,3130.1,2136656,132273.0,207860.0,3163.0,3163.0,3108.0,3134.3,31953200,3447.7,2820.9,3839.9,2896.0,3133.9,7,3,3133.7,22,3,3133.6,30,4,3133.5,4,2,3133.4,39,5,3134.0,170,5,3134.3,200,1,3134.4,9,1,3134.5,200,1,3134.6,400,2
2031,2026-06-16 12:41:01+05:30,3133.7,4,3130.1,2136656,132273.0,207860.0,3163.0,3163.0,3108.0,3134.3,31953200,3447.7,2820.9,3839.9,2896.0,3133.9,7,3,3133.7,22,3,3133.6,30,4,3133.5,4,2,3133.4,39,5,3134.0,170,5,3134.3,200,1,3134.4,9,1,3134.5,200,1,3134.6,400,2
2031,2026-06-16 12:41:01+05:30,3133.7,4,3130.1,2136695,132377.0,205866.0,3163.0,3163.0,3108.0,3134.3,31953200,3447.7,2820.9,3839.9,2896.0,3133.7,46,5,3133.6,2,1,3133.5,13,1,3133.4,19,3,3133.3,17,2,3134.0,170,5,3134.2,200,1,3134.4,9,1,3134.5,200,1,3134.6,448,3
2031,2026-06-16 12:41:02+05:30,3133.7,4,3130.1,2136695,132377.0,205866.0,3163.0,3163.0,3108.0,3134.3,31953200,3447.7,2820.9,3839.9,2896.0,3133.7,46,5,3133.6,2,1,3133.5,13,1,3133.4,19,3,3133.3,17,2,3134.0,170,5,3134.2,200,1,3134.4,9,1,3134.5,200,1,3134.6,448,3
2031,2026-06-16 12:41:02+05:30,3133.7,1,3130.1,2136697,132364.0,205797.0,3163.0,3163.0,3108.0,3134.3,31953200,3447.7,2820.9,3839.9,2896.0,3133.7,45,5,3133.6,2,1,3133.5,13,1,3133.4,19,3,3133.3,17,2,3134.0,170,5,3134.2,200,1,3134.4,9,1,3134.5,200,1,3134.6,448,3
2031,2026-06-16 12:41:03+05:30,3133.7,1,3130.1,2136697,132364.0,205797.0,3163.0,3163.0,3108.0,3134.3,31953200,3447.7,2820.9,3839.9,2896.0,3133.7,45,5,3133.6,2,1,3133.5,13,1,3133.4,19,3,3133.3,17,2,3134.0,170,5,3134.2,200,1,3134.4,9,1,3134.5,200,1,3134.6,448,3
2031,2026-06-16 12:41:03+05:30,3134.0,1,3130.1,2136698,132423.0,207595.0,3163.0,3163.0,3108.0,3134.3,31953200,3447.7,2820.9,3839.9,2896.0,3133.7,106,7,3133.6,12,3,3133.5,6,1,3133.4,32,4,3133.3,17,2,3134.0,169,5,3134.3,200,1,3134.4,9,1,3134.5,200,1,3134.6,400,2
2031,2026-06-16 12:41:04+05:30,3134.0,1,3130.1,2136698,132423.0,207595.0,3163.0,3163.0,3108.0,3134.3,31953200,3447.7,2820.9,3839.9,2896.0,3133.7,106,7,3133.6,12,3,3133.5,6,1,3133.4,32,4,3133.3,17,2,3134.0,169,5,3134.3,200,1,3134.4,9,1,3134.5,200,1,3134.6,400,2
2031,2026-06-16 12:41:04+05:30,3134.0,1,3130.1,2136698,132423.0,207595.0,3163.0,3163.0,3108.0,3134.3,31953200,3447.7,2820.9,3839.9,2896.0,3133.7,106,7,3133.6,12,3,3133.5,6,1,3133.4,32,4,3133.3,17,2,3134.0,169,5,3134.3,200,1,3134.4,9,1,3134.5,200,1,3134.6,400,2
2031,2026-06-16 12:41:04+05:30,3134.0,1,3130.1,2136698,132428.0,207606.0,3163.0,3163.0,3108.0,3134.3,31953200,3447.7,2820.9,3839.9,2896.0,3133.7,106,7,3133.6,12,3,3133.5,6,1,3133.4,32,4,3133.3,17,2,3134.0,169,5,3134.3,200,1,3134.4,9,1,3134.5,200,1,3134.6,400,2
2031,2026-06-16 12:41:06+05:30,3133.7,2,3130.1,2136901,132163.0,208399.0,3163.0,3163.0,3108.0,3134.3,31953200,3447.7,2820.9,3839.9,2896.0,3133.7,8,3,3133.6,2,1,3133.4,6,2,3133.0,546,5,3132.9,11,1,3133.9,199,1,3134.0,570,8,3134.2,200,1,3134.3,600,3,3134.4,68,3
2031,2026-06-16 12:41:06+05:30,3133.7,2,3130.1,2136901,132163.0,208399.0,3163.0,3163.0,3108.0,3134.3,31953200,3447.7,2820.9,3839.9,2896.0,3133.7,8,3,3133.6,2,1,3133.4,6,2,3133.0,546,5,3132.9,11,1,3133.9,199,1,3134.0,570,8,3134.2,200,1,3134.3,600,3,3134.4,68,3
2031,2026-06-16 12:41:06+05:30,3133.7,2,3130.1,2136901,132163.0,208399.0,3163.0,3163.0,3108.0,3134.3,31953200,3447.7,2820.9,3839.9,2896.0,3133.7,8,3,3133.6,2,1,3133.4,6,2,3133.0,546,5,3132.9,11,1,3133.9,199,1,3134.0,570,8,3134.2,200,1,3134.3,600,3,3134.4,68,3
2031,2026-06-16 12:41:07+05:30,3133.7,2,3130.1,2136901,132150.0,208182.0,3163.0,3163.0,3108.0,3134.3,31953200,3447.7,2820.9,3839.9,2896.0,3133.7,8,3,3133.6,2,1,3133.4,6,2,3133.0,533,4,3132.9,11,1,3133.9,227,3,3134.0,542,6,3134.2,200,1,3134.3,600,3,3134.4,30,2
2031,2026-06-16 12:41:08+05:30,3133.7,2,3130.1,2136901,132150.0,208177.0,3163.0,3163.0,3108.0,3134.3,31953200,3447.7,2820.9,3839.9,2896.0,3133.7,8,3,3133.6,2,1,3133.4,6,2,3133.0,533,4,3132.9,11,1,3133.9,227,3,3134.0,542,6,3134.2,200,1,3134.3,600,3,3134.4,30,2
2031,2026-06-16 12:41:09+05:30,3133.7,2,3130.1,2136901,132154.0,208176.0,3163.0,3163.0,3108.0,3134.3,31953200,3447.7,2820.9,3839.9,2896.0,3133.8,3,1,3133.7,4,2,3133.6,2,1,3133.4,6,2,3133.0,533,4,3133.9,227,3,3134.0,542,6,3134.2,200,1,3134.3,638,4,3134.4,64,3
2031,2026-06-16 12:41:09+05:30,3133.7,2,3130.1,2136901,132154.0,208176.0,3163.0,3163.0,3108.0,3134.3,31953200,3447.7,2820.9,3839.9,2896.0,3133.8,3,1,3133.7,4,2,3133.6,2,1,3133.4,6,2,3133.0,533,4,3133.9,227,3,3134.0,542,6,3134.2,200,1,3134.3,638,4,3134.4,64,3
2031,2026-06-16 12:41:10+05:30,3133.7,12,3130.1,2137165,131761.0,208480.0,3163.0,3163.0,3108.0,3134.3,31953200,3447.7,2820.9,3839.9,2896.0,3133.6,2,1,3133.4,6,2,3133.0,520,3,3132.8,42,4,3132.7,34,2,3133.7,106,1,3133.9,57,3,3134.0,580,7,3134.2,238,2,3134.3,651,5
2031,2026-06-16 12:41:10+05:30,3133.7,12,3130.1,2137165,131761.0,208480.0,3163.0,3163.0,3108.0,3134.3,31953200,3447.7,2820.9,3839.9,2896.0,3133.6,2,1,3133.4,6,2,3133.0,520,3,3132.8,42,4,3132.7,34,2,3133.7,106,1,3133.9,57,3,3134.0,580,7,3134.2,238,2,3134.3,651,5
2031,2026-06-16 12:41:11+05:30,3133.7,12,3130.1,2137165,131761.0,208480.0,3163.0,3163.0,3108.0,3134.3,31953200,3447.7,2820.9,3839.9,2896.0,3133.6,2,1,3133.4,6,2,3133.0,520,3,3132.8,42,4,3132.7,34,2,3133.7,106,1,3133.9,57,3,3134.0,580,7,3134.2,238,2,3134.3,651,5
2031,2026-06-16 12:41:11+05:30,3133.4,4,3130.1,2137165,131761.0,208480.0,3163.0,3163.0,3108.0,3134.3,31953200,3447.7,2820.9,3839.9,2896.0,3133.6,2,1,3133.4,6,2,3133.0,520,3,3132.8,42,4,3132.7,34,2,3133.7,106,1,3133.9,57,3,3134.0,580,7,3134.2,238,2,3134.3,651,5
2031,2026-06-16 12:41:11+05:30,3133.4,4,3130.1,2137187,131740.0,208263.0,3163.0,3163.0,3108.0,3134.3,31953200,3447.7,2820.9,3839.9,2896.0,3133.4,2,1,3133.0,520,3,3132.8,57,5,3132.7,21,1,3132.6,53,5,3133.7,119,2,3133.9,30,2,3134.0,542,6,3134.2,200,1,3134.3,689,6
2031,2026-06-16 12:41:12+05:30,3133.4,37,3130.1,2137187,131740.0,208263.0,3163.0,3163.0,3108.0,3134.3,31953200,3447.7,2820.9,3839.9,2896.0,3133.4,2,1,3133.0,520,3,3132.8,57,5,3132.7,21,1,3132.6,53,5,3133.7,119,2,3133.9,30,2,3134.0,542,6,3134.2,200,1,3134.3,689,6
2031,2026-06-16 12:41:12+05:30,3133.4,37,3130.1,2137226,131535.0,208371.0,3163.0,3163.0,3108.0,3134.3,31953200,3447.7,2820.9,3839.9,2896.0,3133.4,9,3,3133.0,520,3,3132.9,15,1,3132.8,42,4,3132.7,21,1,3133.7,120,3,3133.9,29,1,3134.0,590,7,3134.2,200,1,3134.3,689,6
2031,2026-06-16 12:41:12+05:30,3133.4,37,3130.1,2137226,131535.0,208371.0,3163.0,3163.0,3108.0,3134.3,31953200,3447.7,2820.9,3839.9,2896.0,3133.4,9,3,3133.0,520,3,3132.9,15,1,3132.8,42,4,3132.7,21,1,3133.7,120,3,3133.9,29,1,3134.0,590,7,3134.2,200,1,3134.3,689,6
2031,2026-06-16 12:41:13+05:30,3133.4,37,3130.1,2137226,131539.0,208386.0,3163.0,3163.0,3108.0,3134.3,31953200,3447.7,2820.9,3839.9,2896.0,3133.4,9,3,3133.0,520,3,3132.9,15,1,3132.8,42,4,3132.7,21,1,3133.7,120,3,3133.9,29,1,3134.0,590,7,3134.2,200,1,3134.3,689,6
2031,2026-06-16 12:41:14+05:30,3133.4,37,3130.1,2137226,131539.0,208386.0,3163.0,3163.0,3108.0,3134.3,31953200,3447.7,2820.9,3839.9,2896.0,3133.4,9,3,3133.0,520,3,3132.9,15,1,3132.8,42,4,3132.7,21,1,3133.7,120,3,3133.9,29,1,3134.0,590,7,3134.2,200,1,3134.3,689,6
2031,2026-06-16 12:41:14+05:30,3132.8,2,3130.1,2137919,129860.0,209382.0,3163.0,3163.0,3108.0,3134.3,31953200,3447.7,2820.9,3839.9,2896.0,3132.8,40,4,3132.6,6,2,3132.5,6,2,3132.3,21,1,3132.2,17,1,3133.0,89,1,3133.6,130,2,3133.7,99,4,3133.8,87,2,3133.9,689,7
2031,2026-06-16 12:41:14+05:30,3132.8,2,3130.1,2137919,129860.0,209382.0,3163.0,3163.0,3108.0,3134.3,31953200,3447.7,2820.9,3839.9,2896.0,3132.8,40,4,3132.6,6,2,3132.5,6,2,3132.3,21,1,3132.2,17,1,3133.0,89,1,3133.6,130,2,3133.7,99,4,3133.8,87,2,3133.9,689,7
2031,2026-06-16 12:41:14+05:30,3132.8,2,3130.1,2137919,129860.0,209382.0,3163.0,3163.0,3108.0,3134.3,31953200,3447.7,2820.9,3839.9,2896.0,3132.8,40,4,3132.6,6,2,3132.5,6,2,3132.3,21,1,3132.2,17,1,3133.0,89,1,3133.6,130,2,3133.7,99,4,3133.8,87,2,3133.9,689,7
2031,2026-06-16 12:41:15+05:30,3132.8,2,3130.1,2137919,129882.0,209189.0,3163.0,3163.0,3108.0,3134.3,31953200,3447.7,2820.9,3839.9,2896.0,3132.8,41,5,3132.6,6,2,3132.5,6,2,3132.3,21,1,3132.2,32,2,3133.0,111,2,3133.6,92,1,3133.7,71,2,3133.8,87,2,3133.9,504,6
2031,2026-06-16 12:41:15+05:30,3132.8,2,3130.1,2137919,129882.0,209189.0,3163.0,3163.0,3108.0,3134.3,31953200,3447.7,2820.9,3839.9,2896.0,3132.8,41,5,3132.6,6,2,3132.5,6,2,3132.3,21,1,3132.2,32,2,3133.0,111,2,3133.6,92,1,3133.7,71,2,3133.8,87,2,3133.9,504,6
2031,2026-06-16 12:41:16+05:30,3132.8,2,3130.1,2137919,129908.0,209116.0,3163.0,3163.0,3108.0,3134.3,31953200,3447.7,2820.9,3839.9,2896.0,3132.9,2,2,3132.8,70,6,3132.7,14,1,3132.6,21,3,3132.5,12,3,3133.0,140,4,3133.6,92,1,3133.9,467,5,3134.0,240,7,3134.1,258,2
2031,2026-06-16 12:41:16+05:30,3132.8,2,3130.1,2137919,129908.0,209116.0,3163.0,3163.0,3108.0,3134.3,31953200,3447.7,2820.9,3839.9,2896.0,3132.9,2,2,3132.8,70,6,3132.7,14,1,3132.6,21,3,3132.5,12,3,3133.0,140,4,3133.6,92,1,3133.9,467,5,3134.0,240,7,3134.1,258,2
2031,2026-06-16 12:41:17+05:30,3133.0,1,3130.1,2137919,129908.0,209116.0,3163.0,3163.0,3108.0,3134.3,31953200,3447.7,2820.9,3839.9,2896.0,3132.9,2,2,3132.8,70,6,3132.7,14,1,3132.6,21,3,3132.5,12,3,3133.0,140,4,3133.6,92,1,3133.9,467,5,3134.0,240,7,3134.1,258,2
2031,2026-06-16 12:41:17+05:30,3133.0,1,3130.1,2137921,129886.0,209084.0,3163.0,3163.0,3108.0,3134.3,31953200,3447.7,2820.9,3839.9,2896.0,3132.9,2,2,3132.8,70,6,3132.7,14,1,3132.6,21,3,3132.5,12,3,3133.0,138,4,3133.4,1,1,3133.6,92,1,3133.9,467,5,3134.0,204,5
2031,2026-06-16 12:41:17+05:30,3133.0,1,3130.1,2137921,129886.0,209084.0,3163.0,3163.0,3108.0,3134.3,31953200,3447.7,2820.9,3839.9,2896.0,3132.9,2,2,3132.8,70,6,3132.7,14,1,3132.6,21,3,3132.5,12,3,3133.0,138,4,3133.4,1,1,3133.6,92,1,3133.9,467,5,3134.0,204,5
2031,2026-06-16 12:41:18+05:30,3133.0,1,3130.1,2137921,129932.0,209091.0,3163.0,3163.0,3108.0,3134.3,31953200,3447.7,2820.9,3839.9,2896.0,3132.9,38,3,3132.8,70,6,3132.7,14,1,3132.6,21,3,3132.5,12,3,3133.0,138,4,3133.4,1,1,3133.6,92,1,3133.9,467,5,3134.0,204,5
2031,2026-06-16 12:41:18+05:30,3133.0,1,3130.1,2137921,129932.0,209091.0,3163.0,3163.0,3108.0,3134.3,31953200,3447.7,2820.9,3839.9,2896.0,3132.9,38,3,3132.8,70,6,3132.7,14,1,3132.6,21,3,3132.5,12,3,3133.0,138,4,3133.4,1,1,3133.6,92,1,3133.9,467,5,3134.0,204,5
2031,2026-06-16 12:41:19+05:30,3133.0,1,3130.1,2137921,129857.0,209102.0,3163.0,3163.0,3108.0,3134.3,31953200,3447.7,2820.9,3839.9,2896.0,3132.9,38,3,3132.8,58,5,3132.7,29,2,3132.6,6,2,3132.5,6,2,3133.0,139,5,3133.4,1,1,3133.6,92,1,3133.9,467,5,3134.0,204,5
2031,2026-06-16 12:41:19+05:30,3133.0,1,3130.1,2137921,129857.0,209102.0,3163.0,3163.0,3108.0,3134.3,31953200,3447.7,2820.9,3839.9,2896.0,3132.9,38,3,3132.8,58,5,3132.7,29,2,3132.6,6,2,3132.5,6,2,3133.0,139,5,3133.4,1,1,3133.6,92,1,3133.9,467,5,3134.0,204,5
2031,2026-06-16 12:41:20+05:30,3133.0,1,3130.1,2137921,129857.0,209102.0,3163.0,3163.0,3108.0,3134.3,31953200,3447.7,2820.9,3839.9,2896.0,3132.9,38,3,3132.8,58,5,3132.7,29,2,3132.6,6,2,3132.5,6,2,3133.0,139,5,3133.4,1,1,3133.6,92,1,3133.9,467,5,3134.0,204,5
2031,2026-06-16 12:41:20+05:30,3133.0,1,3130.1,2137922,129839.0,209068.0,3163.0,3163.0,3108.0,3134.3,31953200,3447.7,2820.9,3839.9,2896.0,3132.9,38,3,3132.8,60,5,3132.7,15,1,3132.6,11,3,3132.5,6,2,3133.0,138,5,3133.4,1,1,3133.6,92,1,3133.8,48,1,3133.9,467,5
2031,2026-06-16 12:41:20+05:30,3133.0,1,3130.1,2137922,129839.0,209068.0,3163.0,3163.0,3108.0,3134.3,31953200,3447.7,2820.9,3839.9,2896.0,3132.9,38,3,3132.8,60,5,3132.7,15,1,3132.6,11,3,3132.5,6,2,3133.0,138,5,3133.4,1,1,3133.6,92,1,3133.8,48,1,3133.9,467,5
2031,2026-06-16 12:41:21+05:30,3132.9,1,3130.1,2137922,129839.0,209068.0,3163.0,3163.0,3108.0,3134.3,31953200,3447.7,2820.9,3839.9,2896.0,3132.9,38,3,3132.8,60,5,3132.7,15,1,3132.6,11,3,3132.5,6,2,3133.0,138,5,3133.4,1,1,3133.6,92,1,3133.8,48,1,3133.9,467,5
2031,2026-06-16 12:41:21+05:30,3132.9,1,3130.1,2137922,129839.0,209068.0,3163.0,3163.0,3108.0,3134.3,31953200,3447.7,2820.9,3839.9,2896.0,3132.9,38,3,3132.8,60,5,3132.7,15,1,3132.6,11,3,3132.5,6,2,3133.0,138,5,3133.4,1,1,3133.6,92,1,3133.8,48,1,3133.9,467,5
2031,2026-06-16 12:41:21+05:30,3132.9,1,3130.1,2137923,129912.0,209063.0,3163.0,3163.0,3108.0,3134.3,31953200,3447.7,2820.9,3839.9,2896.0,3132.9,48,4,3132.8,72,5,3132.6,40,5,3132.5,6,2,3132.4,53,4,3133.0,138,5,3133.4,1,1,3133.6,92,1,3133.9,467,5,3134.0,165,4
2031,2026-06-16 12:41:22+05:30,3133.0,19,3130.1,2137923,129912.0,209063.0,3163.0,3163.0,3108.0,3134.3,31953200,3447.7,2820.9,3839.9,2896.0,3132.9,48,4,3132.8,72,5,3132.6,40,5,3132.5,6,2,3132.4,53,4,3133.0,138,5,3133.4,1,1,3133.6,92,1,3133.9,467,5,3134.0,165,4
2031,2026-06-16 12:41:22+05:30,3133.0,19,3130.1,2137923,129912.0,209063.0,3163.0,3163.0,3108.0,3134.3,31956600,3447.7,2820.9,3839.9,2896.0,3132.9,48,4,3132.8,72,5,3132.6,40,5,3132.5,6,2,3132.4,53,4,3133.0,138,5,3133.4,1,1,3133.6,92,1,3133.9,467,5,3134.0,165,4
2031,2026-06-16 12:41:22+05:30,3133.0,19,3130.1,2138080,129988.0,206940.0,3163.0,3163.0,3108.0,3134.3,31956600,3447.7,2820.9,3839.9,2896.0,3132.9,38,3,3132.8,86,6,3132.6,35,4,3132.5,6,2,3132.4,53,4,3133.0,119,3,3133.4,1,1,3133.6,92,1,3133.9,453,4,3134.0,117,3
2031,2026-06-16 12:41:23+05:30,3132.8,37,3130.1,2138080,129988.0,206940.0,3163.0,3163.0,3108.0,3134.3,31956600,3447.7,2820.9,3839.9,2896.0,3132.9,38,3,3132.8,86,6,3132.6,35,4,3132.5,6,2,3132.4,53,4,3133.0,119,3,3133.4,1,1,3133.6,92,1,3133.9,453,4,3134.0,117,3
2031,2026-06-16 12:41:23+05:30,3132.8,37,3130.1,2138171,129813.0,209040.0,3163.0,3163.0,3108.0,3134.3,31956600,3447.7,2820.9,3839.9,2896.0,3132.8,12,3,3132.6,21,3,3132.5,13,3,3132.4,31,2,3132.3,72,3,3133.0,49,2,3133.4,1,1,3133.6,92,1,3133.9,453,4,3134.0,117,3
2031,2026-06-16 12:41:24+05:30,3133.0,1,3130.1,2138171,129813.0,209040.0,3163.0,3163.0,3108.0,3134.3,31956600,3447.7,2820.9,3839.9,2896.0,3132.8,12,3,3132.6,21,3,3132.5,13,3,3132.4,31,2,3132.3,72,3,3133.0,49,2,3133.4,1,1,3133.6,92,1,3133.9,453,4,3134.0,117,3
2031,2026-06-16 12:41:24+05:30,3133.0,1,3130.1,2138172,129871.0,209046.0,3163.0,3163.0,3108.0,3134.3,31956600,3447.7,2820.9,3839.9,2896.0,3132.8,18,4,3132.6,32,4,3132.5,55,5,3132.4,31,2,3132.3,72,3,3133.0,48,1,3133.4,1,1,3133.6,92,1,3133.8,184,1,3133.9,453,4
2031,2026-06-16 12:41:25+05:30,3132.6,3,3130.1,2138172,129871.0,209046.0,3163.0,3163.0,3108.0,3134.3,31956600,3447.7,2820.9,3839.9,2896.0,3132.8,18,4,3132.6,32,4,3132.5,55,5,3132.4,31,2,3132.3,72,3,3133.0,48,1,3133.4,1,1,3133.6,92,1,3133.8,184,1,3133.9,453,4
2031,2026-06-16 12:41:25+05:30,3132.6,3,3130.1,2138232,129610.0,209220.0,3163.0,3163.0,3108.0,3134.3,31956600,3447.7,2820.9,3839.9,2896.0,3132.6,2,1,3132.5,21,3,3132.4,16,1,3132.3,33,3,3132.2,53,4,3133.0,48,1,3133.4,1,1,3133.6,92,1,3133.8,184,1,3133.9,501,5
2031,2026-06-16 12:41:26+05:30,3132.6,2,3130.1,2138232,129610.0,209220.0,3163.0,3163.0,3108.0,3134.3,31956600,3447.7,2820.9,3839.9,2896.0,3132.6,2,1,3132.5,21,3,3132.4,16,1,3132.3,33,3,3132.2,53,4,3133.0,48,1,3133.4,1,1,3133.6,92,1,3133.8,184,1,3133.9,501,5
2031,2026-06-16 12:41:26+05:30,3132.6,2,3130.1,2138239,129870.0,209303.0,3163.0,3163.0,3108.0,3134.3,31956600,3447.7,2820.9,3839.9,2896.0,3132.6,24,3,3132.5,6,2,3132.4,31,2,3132.3,83,5,3132.2,256,6,3133.4,1,1,3133.6,92,1,3133.8,152,1,3133.9,453,4,3134.0,138,4
2031,2026-06-16 12:41:27+05:30,3133.4,1,3130.1,2138239,129870.0,209303.0,3163.0,3163.0,3108.0,3134.3,31956600,3447.7,2820.9,3839.9,2896.0,3132.6,24,3,3132.5,6,2,3132.4,31,2,3132.3,83,5,3132.2,256,6,3133.4,1,1,3133.6,92,1,3133.8,152,1,3133.9,453,4,3134.0,138,4
2031,2026-06-16 12:41:27+05:30,3133.4,1,3130.1,2138240,129698.0,209003.0,3163.0,3163.0,3108.0,3134.3,31956600,3447.7,2820.9,3839.9,2896.0,3132.6,24,3,3132.5,6,2,3132.4,31,2,3132.3,62,4,3132.2,36,3,3133.1,1,1,3133.4,1,1,3133.6,92,1,3133.8,152,1,3133.9,453,4
2031,2026-06-16 12:41:28+05:30,3133.4,1,3130.1,2138240,129704.0,209003.0,3163.0,3163.0,3108.0,3134.3,31956600,3447.7,2820.9,3839.9,2896.0,3132.6,24,3,3132.5,6,2,3132.4,31,2,3132.3,62,4,3132.2,36,3,3133.1,1,1,3133.4,1,1,3133.6,92,1,3133.8,152,1,3133.9,453,4
2031,2026-06-16 12:41:29+05:30,3133.4,1,3130.1,2138240,129202.0,209288.0,3163.0,3163.0,3108.0,3134.3,31956600,3447.7,2820.9,3839.9,2896.0,3132.6,17,2,3132.5,6,2,3132.0,43,3,3131.9,33,2,3131.8,18,2,3133.1,21,3,3133.3,72,2,3133.4,1,1,3133.5,193,4,3133.6,86,2
2031,2026-06-16 12:41:30+05:30,3133.1,1,3130.1,2138240,129202.0,209288.0,3163.0,3163.0,3108.0,3134.3,31956600,3447.7,2820.9,3839.9,2896.0,3132.6,17,2,3132.5,6,2,3132.0,43,3,3131.9,33,2,3131.8,18,2,3133.1,21,3,3133.3,72,2,3133.4,1,1,3133.5,193,4,3133.6,86,2
2031,2026-06-16 12:41:30+05:30,3133.1,1,3130.1,2138246,129222.0,209618.0,3163.0,3163.0,3108.0,3134.3,31956600,3447.7,2820.9,3839.9,2896.0,3132.6,21,3,3132.5,6,2,3132.0,20,1,3131.9,33,2,3131.8,5,1,3133.1,19,2,3133.2,38,1,3133.3,126,2,3133.4,94,3,3133.5,138,4
2031,2026-06-16 12:41:31+05:30,3132.6,2,3130.1,2138246,129222.0,209618.0,3163.0,3163.0,3108.0,3134.3,31956600,3447.7,2820.9,3839.9,2896.0,3132.6,21,3,3132.5,6,2,3132.0,20,1,3131.9,33,2,3131.8,5,1,3133.1,19,2,3133.2,38,1,3133.3,126,2,3133.4,94,3,3133.5,138,4
2031,2026-06-16 12:41:31+05:30,3132.6,2,3130.1,2138447,129018.0,210636.0,3163.0,3163.0,3108.0,3134.3,31956600,3447.7,2820.9,3839.9,2896.0,3132.6,29,3,3132.5,6,2,3132.0,35,2,3131.9,33,2,3131.8,20,2,3133.1,13,2,3133.4,164,1,3133.5,194,4,3133.6,118,3,3133.7,138,4
2031,2026-06-16 12:41:32+05:30,3133.1,1,3130.1,2138447,129018.0,210636.0,3163.0,3163.0,3108.0,3134.3,31956600,3447.7,2820.9,3839.9,2896.0,3132.6,29,3,3132.5,6,2,3132.0,35,2,3131.9,33,2,3131.8,20,2,3133.1,13,2,3133.4,164,1,3133.5,194,4,3133.6,118,3,3133.7,138,4
2031,2026-06-16 12:41:32+05:30,3133.1,1,3130.1,2138448,129196.0,210383.0,3163.0,3163.0,3108.0,3134.3,31956600,3447.7,2820.9,3839.9,2896.0,3132.6,48,6,3132.5,6,2,3132.4,29,2,3132.3,11,1,3132.2,69,5,3133.1,12,2,3133.5,92,1,3133.7,204,2,3133.8,471,4,3133.9,135,3
2031,2026-06-16 12:41:32+05:30,3132.6,2,3130.1,2138496,129178.0,210522.0,3163.0,3163.0,3108.0,3134.3,31956600,3447.7,2820.9,3839.9,2896.0,3132.6,21,3,3132.5,6,2,3132.4,15,1,3132.3,11,1,3132.2,39,3,3133.1,12,2,3133.5,92,1,3133.7,252,3,3133.8,471,4,3133.9,173,4
2031,2026-06-16 12:41:33+05:30,3132.6,2,3130.1,2138496,129178.0,210522.0,3163.0,3163.0,3108.0,3134.3,31956600,3447.7,2820.9,3839.9,2896.0,3132.6,21,3,3132.5,6,2,3132.4,15,1,3132.3,11,1,3132.2,39,3,3133.1,12,2,3133.5,92,1,3133.7,252,3,3133.8,471,4,3133.9,173,4
2031,2026-06-16 12:41:33+05:30,3132.6,2,3130.1,2138496,129178.0,210467.0,3163.0,3163.0,3108.0,3134.3,31956600,3447.7,2820.9,3839.9,2896.0,3132.6,21,3,3132.5,6,2,3132.4,15,1,3132.3,11,1,3132.2,39,3,3133.1,12,2,3133.5,92,1,3133.7,252,3,3133.8,471,4,3133.9,173,4
2031,2026-06-16 12:41:34+05:30,3133.5,1,3130.1,2138509,129481.0,210355.0,3163.0,3163.0,3108.0,3134.3,31956600,3447.7,2820.9,3839.9,2896.0,3132.6,29,5,3132.5,6,2,3132.4,29,2,3132.2,43,3,3132.0,91,7,3133.1,8,1,3133.5,91,1,3133.7,191,2,3133.8,470,4,3133.9,135,3
2031,2026-06-16 12:41:35+05:30,3133.5,1,3130.1,2138509,129481.0,210355.0,3163.0,3163.0,3108.0,3134.3,31956600,3447.7,2820.9,3839.9,2896.0,3132.6,29,5,3132.5,6,2,3132.4,29,2,3132.2,43,3,3132.0,91,7,3133.1,8,1,3133.5,91,1,3133.7,191,2,3133.8,470,4,3133.9,135,3
2031,2026-06-16 12:41:35+05:30,3133.5,1,3130.1,2138509,129596.0,210416.0,3163.0,3163.0,3108.0,3134.3,31956600,3447.7,2820.9,3839.9,2896.0,3132.7,16,1,3132.6,5,3,3132.5,6,2,3132.2,31,2,3132.0,91,7,3133.1,47,3,3133.5,91,1,3133.7,226,3,3133.8,471,5,3133.9,173,4
2031,2026-06-16 12:41:36+05:30,3133.1,1,3130.1,2138510,129775.0,210449.0,3163.0,3163.0,3108.0,3134.3,31956600,3447.7,2820.9,3839.9,2896.0,3132.8,15,1,3132.6,5,3,3132.5,6,2,3132.2,31,2,3132.0,91,7,3133.1,46,3,3133.5,91,1,3133.7,226,3,3133.8,471,5,3133.9,173,4
2031,2026-06-16 12:41:37+05:30,3133.1,1,3130.1,2138510,129775.0,210449.0,3163.0,3163.0,3108.0,3134.3,31956600,3447.7,2820.9,3839.9,2896.0,3132.8,15,1,3132.6,5,3,3132.5,6,2,3132.2,31,2,3132.0,91,7,3133.1,46,3,3133.5,91,1,3133.7,226,3,3133.8,471,5,3133.9,173,4
2031,2026-06-16 12:41:37+05:30,3133.1,1,3130.1,2138511,129787.0,210440.0,3163.0,3163.0,3108.0,3134.3,31956600,3447.7,2820.9,3839.9,2896.0,3132.8,15,1,3132.6,5,3,3132.5,6,2,3132.2,31,2,3132.0,91,7,3133.1,45,3,3133.5,91,1,3133.7,226,3,3133.8,471,5,3133.9,173,4
2031,2026-06-16 12:41:38+05:30,3133.1,1,3130.1,2138511,129787.0,210440.0,3163.0,3163.0,3108.0,3134.3,31956600,3447.7,2820.9,3839.9,2896.0,3132.8,15,1,3132.6,5,3,3132.5,6,2,3132.2,31,2,3132.0,91,7,3133.1,45,3,3133.5,91,1,3133.7,226,3,3133.8,471,5,3133.9,173,4
2031,2026-06-16 12:41:38+05:30,3133.1,1,3130.1,2138511,129855.0,210325.0,3163.0,3163.0,3108.0,3134.3,31956600,3447.7,2820.9,3839.9,2896.0,3133.0,15,1,3132.9,2,1,3132.6,18,3,3132.5,6,2,3132.2,15,1,3133.1,45,3,3133.5,91,1,3133.7,274,4,3133.8,402,3,3133.9,135,3
2031,2026-06-16 12:41:39+05:30,3133.1,7,3130.1,2138656,130283.0,210061.0,3163.0,3163.0,3108.0,3134.3,31956600,3447.7,2820.9,3839.9,2896.0,3133.1,1,1,3132.9,2,1,3132.6,17,2,3132.5,6,2,3132.4,15,1,3133.5,91,1,3133.7,58,2,3133.8,440,4,3133.9,156,4,3134.0,370,5
2031,2026-06-16 12:41:40+05:30,3133.1,7,3130.1,2138656,130283.0,210061.0,3163.0,3163.0,3108.0,3134.3,31956600,3447.7,2820.9,3839.9,2896.0,3133.1,1,1,3132.9,2,1,3132.6,17,2,3132.5,6,2,3132.4,15,1,3133.5,91,1,3133.7,58,2,3133.8,440,4,3133.9,156,4,3134.0,370,5
2031,2026-06-16 12:41:40+05:30,3133.1,7,3130.1,2138656,130292.0,210230.0,3163.0,3163.0,3108.0,3134.3,31956600,3447.7,2820.9,3839.9,2896.0,3133.1,1,1,3132.9,2,1,3132.6,17,2,3132.5,6,2,3132.2,194,2,3133.5,100,2,3133.7,58,2,3133.8,402,3,3133.9,156,4,3134.0,370,5
2031,2026-06-16 12:41:41+05:30,3133.5,9,3130.1,2138991,130280.0,210383.0,3163.0,3163.0,3108.0,3134.3,31956600,3447.7,2820.9,3839.9,2896.0,3133.1,1,1,3132.9,2,1,3132.6,15,1,3132.5,6,2,3132.3,21,1,3133.5,16,2,3133.6,273,4,3133.7,362,3,3133.8,59,2,3133.9,300,3
2031,2026-06-16 12:41:42+05:30,3133.5,9,3130.1,2138991,130280.0,210383.0,3163.0,3163.0,3108.0,3134.3,31956600,3447.7,2820.9,3839.9,2896.0,3133.1,1,1,3132.9,2,1,3132.6,15,1,3132.5,6,2,3132.3,21,1,3133.5,16,2,3133.6,273,4,3133.7,362,3,3133.8,59,2,3133.9,300,3
2031,2026-06-16 12:41:42+05:30,3133.5,1,3130.1,2138993,130439.0,210455.0,3163.0,3163.0,3108.0,3134.3,31956600,3447.7,2820.9,3839.9,2896.0,3133.2,15,1,3133.1,1,1,3132.9,2,1,3132.5,6,2,3132.3,21,1,3133.5,200,1,3133.6,35,2,3133.7,362,3,3133.8,59,2,3133.9,348,4
2031,2026-06-16 12:41:43+05:30,3133.5,1,3130.1,2138993,130439.0,210455.0,3163.0,3163.0,3108.0,3134.3,31956600,3447.7,2820.9,3839.9,2896.0,3133.2,15,1,3133.1,1,1,3132.9,2,1,3132.5,6,2,3132.3,21,1,3133.5,200,1,3133.6,35,2,3133.7,362,3,3133.8,59,2,3133.9,348,4
2031,2026-06-16 12:41:43+05:30,3133.2,4,3130.1,2138997,130335.0,210195.0,3163.0,3163.0,3108.0,3134.3,31956600,3447.7,2820.9,3839.9,2896.0,3133.4,15,1,3133.1,1,1,3132.9,2,1,3132.5,6,2,3132.4,28,2,3133.5,200,1,3133.6,11,1,3133.7,362,3,3133.9,272,3,3134.0,467,3
2031,2026-06-16 12:41:44+05:30,3133.2,4,3130.1,2138997,130335.0,210195.0,3163.0,3163.0,3108.0,3134.3,31956600,3447.7,2820.9,3839.9,2896.0,3133.4,15,1,3133.1,1,1,3132.9,2,1,3132.5,6,2,3132.4,28,2,3133.5,200,1,3133.6,11,1,3133.7,362,3,3133.9,272,3,3134.0,467,3
2031,2026-06-16 12:41:44+05:30,3133.5,1,3130.1,2139145,130794.0,210147.0,3163.0,3163.0,3108.0,3134.3,31956600,3447.7,2820.9,3839.9,2896.0,3133.0,15,1,3132.9,2,1,3132.7,38,3,3132.5,6,2,3132.4,92,5,3133.5,52,1,3133.7,351,2,3133.9,200,1,3134.0,488,4,3134.1,321,3
2031,2026-06-16 12:41:45+05:30,3133.5,1,3130.1,2139145,130794.0,210147.0,3163.0,3163.0,3108.0,3134.3,31956600,3447.7,2820.9,3839.9,2896.0,3133.0,15,1,3132.9,2,1,3132.7,38,3,3132.5,6,2,3132.4,92,5,3133.5,52,1,3133.7,351,2,3133.9,200,1,3134.0,488,4,3134.1,321,3
2031,2026-06-16 12:41:45+05:30,3133.3,1,3130.1,2139185,131287.0,210117.0,3163.0,3163.0,3108.0,3134.3,31956600,3447.7,2820.9,3839.9,2896.0,3133.3,2,2,3133.1,14,1,3133.0,21,3,3132.9,8,1,3132.8,43,3,3133.5,14,1,3133.7,351,2,3133.9,200,1,3134.0,477,4,3134.1,248,2
2031,2026-06-16 12:41:46+05:30,3133.3,1,3130.1,2139185,131287.0,210117.0,3163.0,3163.0,3108.0,3134.3,31956600,3447.7,2820.9,3839.9,2896.0,3133.3,2,2,3133.1,14,1,3133.0,21,3,3132.9,8,1,3132.8,43,3,3133.5,14,1,3133.7,351,2,3133.9,200,1,3134.0,477,4,3134.1,248,2
2031,2026-06-16 12:41:46+05:30,3133.3,1,3130.1,2139185,131284.0,209876.0,3163.0,3163.0,3108.0,3134.3,31956600,3447.7,2820.9,3839.9,2896.0,3133.3,12,4,3133.1,5,1,3133.0,50,5,3132.9,15,2,3132.8,27,2,3133.5,14,1,3133.7,351,2,3133.9,200,1,3134.0,477,4,3134.1,200,1
2031,2026-06-16 12:41:47+05:30,3133.5,1,3130.1,2139186,131338.0,209928.0,3163.0,3163.0,3108.0,3134.3,31956600,3447.7,2820.9,3839.9,2896.0,3133.3,2,2,3133.0,30,3,3132.9,8,1,3132.8,36,3,3132.7,30,3,3133.5,27,3,3133.7,351,2,3133.9,200,1,3134.0,477,4,3134.1,221,2
2031,2026-06-16 12:41:48+05:30,3133.5,1,3130.1,2139186,131338.0,209928.0,3163.0,3163.0,3108.0,3134.3,31956600,3447.7,2820.9,3839.9,2896.0,3133.3,2,2,3133.0,30,3,3132.9,8,1,3132.8,36,3,3132.7,30,3,3133.5,27,3,3133.7,351,2,3133.9,200,1,3134.0,477,4,3134.1,221,2
2031,2026-06-16 12:41:48+05:30,3133.5,1,3130.1,2139186,131138.0,210130.0,3163.0,3163.0,3108.0,3134.3,31956600,3447.7,2820.9,3839.9,2896.0,3133.4,15,1,3133.3,2,2,3133.0,14,2,3132.9,8,1,3132.8,36,3,3133.5,27,3,3133.7,351,2,3133.9,200,1,3134.0,477,4,3134.1,221,2
2031,2026-06-16 12:41:49+05:30,3133.5,35,3130.1,2139248,131354.0,209861.0,3163.0,3163.0,3108.0,3134.3,31956600,3447.7,2820.9,3839.9,2896.0,3133.6,1,1,3133.4,17,1,3133.3,2,2,3133.0,15,2,3132.9,8,1,3133.7,351,2,3133.9,200,1,3134.0,477,4,3134.1,200,1,3134.3,21,1
2031,2026-06-16 12:41:50+05:30,3133.5,35,3130.1,2139248,131354.0,209861.0,3163.0,3163.0,3108.0,3134.3,31956600,3447.7,2820.9,3839.9,2896.0,3133.6,1,1,3133.4,17,1,3133.3,2,2,3133.0,15,2,3132.9,8,1,3133.7,351,2,3133.9,200,1,3134.0,477,4,3134.1,200,1,3134.3,21,1
2031,2026-06-16 12:41:50+05:30,3133.5,35,3130.1,2139248,131324.0,209756.0,3163.0,3163.0,3108.0,3134.3,31956600,3447.7,2820.9,3839.9,2896.0,3133.6,3,3,3133.4,17,1,3133.0,15,2,3132.9,8,1,3132.8,36,3,3133.7,353,4,3133.9,202,2,3134.0,480,5,3134.1,203,2,3134.3,21,1
2031,2026-06-16 12:41:51+05:30,3133.5,35,3130.1,2139248,131302.0,209997.0,3163.0,3163.0,3108.0,3134.3,31956600,3447.7,2820.9,3839.9,2896.0,3133.6,3,3,3133.5,2,1,3133.4,17,1,3133.0,1,1,3132.9,8,1,3133.7,378,5,3133.9,202,2,3134.0,480,5,3134.1,203,2,3134.3,21,1
2031,2026-06-16 12:41:52+05:30,3133.6,1,3130.1,2139252,131442.0,210320.0,3163.0,3163.0,3108.0,3134.3,31956600,3447.7,2820.9,3839.9,2896.0,3133.5,2,1,3133.4,17,1,3133.1,14,1,3133.0,1,1,3132.9,22,2,3133.6,196,1,3133.7,378,5,3133.9,202,2,3134.0,480,5,3134.1,203,2
2031,2026-06-16 12:41:53+05:30,3133.6,1,3130.1,2139252,131442.0,210320.0,3163.0,3163.0,3108.0,3134.3,31956600,3447.7,2820.9,3839.9,2896.0,3133.5,2,1,3133.4,17,1,3133.1,14,1,3133.0,1,1,3132.9,22,2,3133.6,196,1,3133.7,378,5,3133.9,202,2,3134.0,480,5,3134.1,203,2
2031,2026-06-16 12:41:53+05:30,3133.5,9,3130.1,2139511,131432.0,209879.0,3163.0,3163.0,3108.0,3134.3,31956600,3447.7,2820.9,3839.9,2896.0,3133.2,28,2,3133.0,52,5,3132.9,8,1,3132.8,117,6,3132.7,23,3,3133.5,137,1,3133.6,25,1,3133.7,353,4,3133.9,202,2,3134.0,480,5
2031,2026-06-16 12:41:54+05:30,3133.5,9,3130.1,2139511,131432.0,209879.0,3163.0,3163.0,3108.0,3134.3,31956600,3447.7,2820.9,3839.9,2896.0,3133.2,28,2,3133.0,52,5,3132.9,8,1,3132.8,117,6,3132.7,23,3,3133.5,137,1,3133.6,25,1,3133.7,353,4,3133.9,202,2,3134.0,480,5
2031,2026-06-16 12:41:54+05:30,3133.5,1,3130.1,2139512,131459.0,209541.0,3163.0,3163.0,3108.0,3134.3,31956600,3447.7,2820.9,3839.9,2896.0,3133.2,32,3,3133.1,5,1,3133.0,58,6,3132.9,8,1,3132.8,117,6,3133.5,136,1,3133.6,25,1,3133.7,353,4,3133.9,202,2,3134.0,480,5
2031,2026-06-16 12:41:55+05:30,3133.5,1,3130.1,2139512,131459.0,209541.0,3163.0,3163.0,3108.0,3134.3,31956600,3447.7,2820.9,3839.9,2896.0,3133.2,32,3,3133.1,5,1,3133.0,58,6,3132.9,8,1,3132.8,117,6,3133.5,136,1,3133.6,25,1,3133.7,353,4,3133.9,202,2,3134.0,480,5
2031,2026-06-16 12:41:55+05:30,3133.5,9,3130.1,2139531,131493.0,209645.0,3163.0,3163.0,3108.0,3134.3,31956600,3447.7,2820.9,3839.9,2896.0,3133.2,93,5,3133.1,17,2,3133.0,42,4,3132.9,8,1,3132.8,102,5,3133.5,142,2,3133.7,353,4,3133.9,202,2,3134.0,480,5,3134.1,203,2
2031,2026-06-16 12:41:56+05:30,3133.5,1,3130.1,2139531,131493.0,209645.0,3163.0,3163.0,3108.0,3134.3,31956600,3447.7,2820.9,3839.9,2896.0,3133.2,93,5,3133.1,17,2,3133.0,42,4,3132.9,8,1,3132.8,102,5,3133.5,142,2,3133.7,353,4,3133.9,202,2,3134.0,480,5,3134.1,203,2
2031,2026-06-16 12:41:56+05:30,3133.5,1,3130.1,2139532,131540.0,209534.0,3163.0,3163.0,3108.0,3134.3,31956600,3447.7,2820.9,3839.9,2896.0,3133.2,75,4,3133.1,5,1,3133.0,52,4,3132.9,8,1,3132.8,117,6,3133.5,142,3,3133.7,353,4,3133.9,202,2,3134.0,480,5,3134.1,203,2
2031,2026-06-16 12:41:57+05:30,3133.5,1,3130.1,2139532,131513.0,209428.0,3163.0,3163.0,3108.0,3134.3,31956600,3447.7,2820.9,3839.9,2896.0,3133.3,17,1,3133.2,79,5,3133.1,5,1,3133.0,42,4,3132.9,8,1,3133.5,142,3,3133.7,353,4,3133.9,202,2,3134.0,480,5,3134.1,203,2
2031,2026-06-16 12:41:58+05:30,3133.5,5,3130.1,2139638,131602.0,209578.0,3163.0,3163.0,3108.0,3134.3,31956600,3447.7,2820.9,3839.9,2896.0,3133.4,14,1,3133.2,79,5,3133.0,33,4,3132.9,21,2,3132.8,69,5,3133.5,136,3,3133.7,353,4,3133.9,202,2,3134.0,480,5,3134.1,203,2
2031,2026-06-16 12:41:59+05:30,3133.5,5,3130.1,2139638,131602.0,209578.0,3163.0,3163.0,3108.0,3134.3,31956600,3447.7,2820.9,3839.9,2896.0,3133.4,14,1,3133.2,79,5,3133.0,33,4,3132.9,21,2,3132.8,69,5,3133.5,136,3,3133.7,353,4,3133.9,202,2,3134.0,480,5,3134.1,203,2
2031,2026-06-16 12:41:59+05:30,3133.4,26,3130.1,2139740,131672.0,209467.0,3163.0,3163.0,3108.0,3134.3,31956600,3447.7,2820.9,3839.9,2896.0,3133.2,111,7,3133.0,33,4,3132.9,56,2,3132.8,69,5,3132.7,108,5,3133.4,99,1,3133.5,26,2,3133.7,111,3,3133.8,351,2,3133.9,2,1
2031,2026-06-16 12:42:00+05:30,3133.4,26,3130.1,2139740,131672.0,209467.0,3163.0,3163.0,3108.0,3134.3,31956600,3447.7,2820.9,3839.9,2896.0,3133.2,111,7,3133.0,33,4,3132.9,56,2,3132.8,69,5,3132.7,108,5,3133.4,99,1,3133.5,26,2,3133.7,111,3,3133.8,351,2,3133.9,2,1
2031,2026-06-16 12:42:00+05:30,3133.4,26,3130.1,2139740,131652.0,209703.0,3163.0,3163.0,3108.0,3134.3,31956600,3447.7,2820.9,3839.9,2896.0,3133.3,13,5,3133.2,89,7,3133.0,33,4,3132.9,56,2,3132.8,54,4,3133.4,170,5,3133.5,1,1,3133.7,110,2,3133.8,351,2,3133.9,2,1
2031,2026-06-16 12:42:01+05:30,3133.4,26,3130.1,2139740,131514.0,209705.0,3163.0,3163.0,3108.0,3134.3,31956600,3447.7,2820.9,3839.9,2896.0,3133.3,7,3,3133.2,85,6,3133.1,14,1,3133.0,19,3,3132.9,14,2,3133.4,207,6,3133.5,1,1,3133.7,110,2,3133.8,351,2,3133.9,2,1
2031,2026-06-16 12:42:02+05:30,3133.4,26,3130.1,2139740,131514.0,209705.0,3163.0,3163.0,3108.0,3134.3,31956600,3447.7,2820.9,3839.9,2896.0,3133.3,7,3,3133.2,85,6,3133.1,14,1,3133.0,19,3,3132.9,14,2,3133.4,207,6,3133.5,1,1,3133.7,110,2,3133.8,351,2,3133.9,2,1
2031,2026-06-16 12:42:02+05:30,3133.4,1,3130.1,2140070,131439.0,209327.0,3163.0,3163.0,3108.0,3134.3,31956600,3447.7,2820.9,3839.9,2896.0,3133.2,52,7,3133.1,4,1,3133.0,33,4,3132.9,10,2,3132.8,69,5,3133.4,206,6,3133.5,1,1,3133.7,110,2,3133.8,351,2,3133.9,2,1
2031,2026-06-16 12:42:03+05:30,3133.2,14,3130.1,2140070,131439.0,209327.0,3163.0,3163.0,3108.0,3134.3,31956600,3447.7,2820.9,3839.9,2896.0,3133.2,52,7,3133.1,4,1,3133.0,33,4,3132.9,10,2,3132.8,69,5,3133.4,206,6,3133.5,1,1,3133.7,110,2,3133.8,351,2,3133.9,2,1
2031,2026-06-16 12:42:03+05:30,3133.4,1,3130.1,2140096,131692.0,209329.0,3163.0,3163.0,3108.0,3134.3,31956600,3447.7,2820.9,3839.9,2896.0,3133.2,35,6,3133.1,4,1,3133.0,33,4,3132.9,10,2,3132.8,69,5,3133.4,205,6,3133.5,1,1,3133.7,110,2,3133.8,351,2,3133.9,2,1
2031,2026-06-16 12:42:04+05:30,3133.4,1,3130.1,2140096,131692.0,209329.0,3163.0,3163.0,3108.0,3134.3,31956600,3447.7,2820.9,3839.9,2896.0,3133.2,35,6,3133.1,4,1,3133.0,33,4,3132.9,10,2,3132.8,69,5,3133.4,205,6,3133.5,1,1,3133.7,110,2,3133.8,351,2,3133.9,2,1
2031,2026-06-16 12:42:04+05:30,3133.4,1,3130.1,2140096,131692.0,209329.0,3163.0,3163.0,3108.0,3134.3,31956600,3447.7,2820.9,3839.9,2896.0,3133.2,35,6,3133.1,4,1,3133.0,33,4,3132.9,10,2,3132.8,69,5,3133.4,205,6,3133.5,1,1,3133.7,110,2,3133.8,351,2,3133.9,2,1
2031,2026-06-16 12:42:04+05:30,3133.4,1,3130.1,2140096,131709.0,209393.0,3163.0,3163.0,3108.0,3134.3,31956600,3447.7,2820.9,3839.9,2896.0,3133.2,35,6,3133.1,4,1,3133.0,31,3,3132.9,8,1,3132.8,69,5,3133.4,230,7,3133.5,29,1,3133.7,110,2,3133.8,351,2,3133.9,2,1
2031,2026-06-16 12:42:05+05:30,3133.2,1,3130.1,2140097,131710.0,209393.0,3163.0,3163.0,3108.0,3134.3,31956600,3447.7,2820.9,3839.9,2896.0,3133.2,49,6,3133.1,4,1,3133.0,36,4,3132.9,8,1,3132.8,69,5,3133.4,230,7,3133.5,29,1,3133.7,110,2,3133.8,351,2,3133.9,2,1
2031,2026-06-16 12:42:06+05:30,3133.2,1,3130.1,2140097,131710.0,209393.0,3163.0,3163.0,3108.0,3134.3,31956600,3447.7,2820.9,3839.9,2896.0,3133.2,49,6,3133.1,4,1,3133.0,36,4,3132.9,8,1,3132.8,69,5,3133.4,230,7,3133.5,29,1,3133.7,110,2,3133.8,351,2,3133.9,2,1
2031,2026-06-16 12:42:06+05:30,3133.2,1,3130.1,2140097,131710.0,209393.0,3163.0,3163.0,3108.0,3134.3,31956600,3447.7,2820.9,3839.9,2896.0,3133.2,49,6,3133.1,4,1,3133.0,36,4,3132.9,8,1,3132.8,69,5,3133.4,230,7,3133.5,29,1,3133.7,110,2,3133.8,351,2,3133.9,2,1
2031,2026-06-16 12:42:06+05:30,3133.2,1,3130.1,2140097,131778.0,209363.0,3163.0,3163.0,3108.0,3134.3,31956600,3447.7,2820.9,3839.9,2896.0,3133.2,77,9,3133.1,4,1,3133.0,36,4,3132.9,8,1,3132.8,69,5,3133.4,230,7,3133.5,29,1,3133.7,110,2,3133.8,351,2,3133.9,2,1
2031,2026-06-16 12:42:07+05:30,3133.2,1,3130.1,2140097,131706.0,209363.0,3163.0,3163.0,3108.0,3134.3,31956600,3447.7,2820.9,3839.9,2896.0,3133.2,75,8,3133.1,4,1,3133.0,36,4,3132.9,14,2,3132.8,69,5,3133.4,230,7,3133.5,29,1,3133.7,110,2,3133.8,351,2,3133.9,2,1
2031,2026-06-16 12:42:08+05:30,3133.2,1,3130.1,2140097,131706.0,209363.0,3163.0,3163.0,3108.0,3134.3,31956600,3447.7,2820.9,3839.9,2896.0,3133.2,75,8,3133.1,4,1,3133.0,36,4,3132.9,14,2,3132.8,69,5,3133.4,230,7,3133.5,29,1,3133.7,110,2,3133.8,351,2,3133.9,2,1
2031,2026-06-16 12:42:08+05:30,3133.3,1,3130.1,2140098,131775.0,209353.0,3163.0,3163.0,3108.0,3134.3,31956600,3447.7,2820.9,3839.9,2896.0,3133.3,2,1,3133.2,70,7,3133.1,4,1,3133.0,36,4,3132.9,14,2,3133.4,229,6,3133.5,29,1,3133.7,110,2,3133.8,351,2,3133.9,2,1
2031,2026-06-16 12:42:09+05:30,3133.4,1,3130.1,2140098,131775.0,209353.0,3163.0,3163.0,3108.0,3134.3,31956600,3447.7,2820.9,3839.9,2896.0,3133.3,2,1,3133.2,70,7,3133.1,4,1,3133.0,36,4,3132.9,14,2,3133.4,229,6,3133.5,29,1,3133.7,110,2,3133.8,351,2,3133.9,2,1
2031,2026-06-16 12:42:09+05:30,3133.4,9,3130.11,2140274,131720.0,209399.0,3163.0,3163.0,3108.0,3134.3,31956600,3447.7,2820.9,3839.9,2896.0,3133.3,2,1,3133.2,37,5,3133.1,4,1,3133.0,36,4,3132.9,14,2,3133.4,57,3,3133.5,29,1,3133.7,110,2,3133.8,351,2,3133.9,2,1
2031,2026-06-16 12:42:10+05:30,3133.4,9,3130.11,2140274,131720.0,209399.0,3163.0,3163.0,3108.0,3134.3,31956600,3447.7,2820.9,3839.9,2896.0,3133.3,2,1,3133.2,37,5,3133.1,4,1,3133.0,36,4,3132.9,14,2,3133.4,57,3,3133.5,29,1,3133.7,110,2,3133.8,351,2,3133.9,2,1
2031,2026-06-16 12:42:10+05:30,3133.4,1,3130.11,2140275,131667.0,209399.0,3163.0,3163.0,3108.0,3134.3,31956600,3447.7,2820.9,3839.9,2896.0,3133.3,2,1,3133.2,36,4,3133.1,4,1,3133.0,36,4,3132.9,10,2,3133.4,52,2,3133.5,29,1,3133.7,110,2,3133.8,351,2,3133.9,2,1
2031,2026-06-16 12:42:10+05:30,3133.4,1,3130.11,2140275,131667.0,209399.0,3163.0,3163.0,3108.0,3134.3,31956600,3447.7,2820.9,3839.9,2896.0,3133.3,2,1,3133.2,36,4,3133.1,4,1,3133.0,36,4,3132.9,10,2,3133.4,52,2,3133.5,29,1,3133.7,110,2,3133.8,351,2,3133.9,2,1
2031,2026-06-16 12:42:11+05:30,3133.4,1,3130.11,2140275,131667.0,209399.0,3163.0,3163.0,3108.0,3134.3,31956600,3447.7,2820.9,3839.9,2896.0,3133.3,2,1,3133.2,36,4,3133.1,4,1,3133.0,36,4,3132.9,10,2,3133.4,52,2,3133.5,29,1,3133.7,110,2,3133.8,351,2,3133.9,2,1
2031,2026-06-16 12:42:12+05:30,3133.4,11,3130.11,2140286,132047.0,209396.0,3163.0,3163.0,3108.0,3134.3,31956600,3447.7,2820.9,3839.9,2896.0,3133.3,2,1,3133.2,52,5,3133.1,4,1,3133.0,36,4,3132.9,10,2,3133.4,41,2,3133.5,29,1,3133.7,110,2,3133.8,351,2,3133.9,2,1
2031,2026-06-16 12:42:12+05:30,3133.4,11,3130.11,2140286,132047.0,209396.0,3163.0,3163.0,3108.0,3134.3,31956600,3447.7,2820.9,3839.9,2896.0,3133.3,2,1,3133.2,52,5,3133.1,4,1,3133.0,36,4,3132.9,10,2,3133.4,41,2,3133.5,29,1,3133.7,110,2,3133.8,351,2,3133.9,2,1
2031,2026-06-16 12:42:12+05:30,3133.4,11,3130.11,2140286,132047.0,209396.0,3163.0,3163.0,3108.0,3134.3,31956600,3447.7,2820.9,3839.9,2896.0,3133.3,2,1,3133.2,52,5,3133.1,4,1,3133.0,36,4,3132.9,10,2,3133.4,41,2,3133.5,29,1,3133.7,110,2,3133.8,351,2,3133.9,2,1
2031,2026-06-16 12:42:12+05:30,3133.3,1,3130.11,2140287,131862.0,209589.0,3163.0,3163.0,3108.0,3134.3,31956600,3447.7,2820.9,3839.9,2896.0,3133.3,38,6,3133.2,20,3,3133.1,4,1,3133.0,36,4,3132.9,8,1,3133.4,62,3,3133.5,29,1,3133.7,110,2,3133.8,351,2,3133.9,2,1
2031,2026-06-16 12:42:13+05:30,3133.3,1,3130.11,2140287,131862.0,209589.0,3163.0,3163.0,3108.0,3134.3,31956600,3447.7,2820.9,3839.9,2896.0,3133.3,38,6,3133.2,20,3,3133.1,4,1,3133.0,36,4,3132.9,8,1,3133.4,62,3,3133.5,29,1,3133.7,110,2,3133.8,351,2,3133.9,2,1
2031,2026-06-16 12:42:14+05:30,3133.5,8,3130.11,2140374,131942.0,209565.0,3163.0,3163.0,3108.0,3134.3,31956600,3447.7,2820.9,3839.9,2896.0,3133.3,39,6,3133.2,21,3,3133.1,4,1,3133.0,36,4,3132.9,8,1,3133.5,221,2,3133.7,110,2,3133.8,351,2,3133.9,2,1,3134.0,280,4
2031,2026-06-16 12:42:14+05:30,3133.5,8,3130.11,2140374,131942.0,209565.0,3163.0,3163.0,3108.0,3134.3,31956600,3447.7,2820.9,3839.9,2896.0,3133.3,39,6,3133.2,21,3,3133.1,4,1,3133.0,36,4,3132.9,8,1,3133.5,221,2,3133.7,110,2,3133.8,351,2,3133.9,2,1,3134.0,280,4
2031,2026-06-16 12:42:14+05:30,3133.5,8,3130.11,2140374,131942.0,209565.0,3163.0,3163.0,3108.0,3134.3,31956600,3447.7,2820.9,3839.9,2896.0,3133.3,39,6,3133.2,21,3,3133.1,4,1,3133.0,36,4,3132.9,8,1,3133.5,221,2,3133.7,110,2,3133.8,351,2,3133.9,2,1,3134.0,280,4
2031,2026-06-16 12:42:15+05:30,3133.5,1,3130.11,2140376,131891.0,209574.0,3163.0,3163.0,3108.0,3134.3,31956600,3447.7,2820.9,3839.9,2896.0,3133.3,37,5,3133.2,21,3,3133.1,4,1,3133.0,36,4,3132.9,8,1,3133.5,220,3,3133.7,110,2,3133.8,351,2,3133.9,2,1,3134.0,280,4
2031,2026-06-16 12:42:15+05:30,3133.5,1,3130.11,2140376,131891.0,209574.0,3163.0,3163.0,3108.0,3134.3,31956600,3447.7,2820.9,3839.9,2896.0,3133.3,37,5,3133.2,21,3,3133.1,4,1,3133.0,36,4,3132.9,8,1,3133.5,220,3,3133.7,110,2,3133.8,351,2,3133.9,2,1,3134.0,280,4
2031,2026-06-16 12:42:15+05:30,3133.5,1,3130.11,2140376,131891.0,209574.0,3163.0,3163.0,3108.0,3134.3,31956600,3447.7,2820.9,3839.9,2896.0,3133.3,37,5,3133.2,21,3,3133.1,4,1,3133.0,36,4,3132.9,8,1,3133.5,220,3,3133.7,110,2,3133.8,351,2,3133.9,2,1,3134.0,280,4
2031,2026-06-16 12:42:16+05:30,3133.5,1,3130.11,2140376,131891.0,209574.0,3163.0,3163.0,3108.0,3134.3,31956600,3447.7,2820.9,3839.9,2896.0,3133.3,37,5,3133.2,21,3,3133.1,4,1,3133.0,36,4,3132.9,8,1,3133.5,220,3,3133.7,110,2,3133.8,351,2,3133.9,2,1,3134.0,280,4
2031,2026-06-16 12:42:16+05:30,3133.5,1,3130.11,2140796,131933.0,208888.0,3163.0,3163.0,3108.0,3134.3,31956600,3447.7,2820.9,3839.9,2896.0,3133.6,1,1,3133.5,74,6,3133.4,11,4,3133.3,14,5,3133.2,37,4,3133.7,1,1,3133.9,111,2,3134.0,231,4,3134.1,3,1,3134.2,200,1
2031,2026-06-16 12:42:16+05:30,3133.5,1,3130.11,2140796,131933.0,208888.0,3163.0,3163.0,3108.0,3134.3,31956600,3447.7,2820.9,3839.9,2896.0,3133.6,1,1,3133.5,74,6,3133.4,11,4,3133.3,14,5,3133.2,37,4,3133.7,1,1,3133.9,111,2,3134.0,231,4,3134.1,3,1,3134.2,200,1
2031,2026-06-16 12:42:17+05:30,3133.5,1,3130.11,2140796,131973.0,209066.0,3163.0,3163.0,3108.0,3134.3,31956600,3447.7,2820.9,3839.9,2896.0,3133.6,1,1,3133.5,104,9,3133.4,11,4,3133.3,14,5,3133.2,37,4,3133.7,1,1,3133.9,111,2,3134.0,431,5,3134.1,3,1,3134.2,200,1
2031,2026-06-16 12:42:17+05:30,3133.5,1,3130.11,2140796,131973.0,209066.0,3163.0,3163.0,3108.0,3134.3,31956600,3447.7,2820.9,3839.9,2896.0,3133.6,1,1,3133.5,104,9,3133.4,11,4,3133.3,14,5,3133.2,37,4,3133.7,1,1,3133.9,111,2,3134.0,431,5,3134.1,3,1,3134.2,200,1
2031,2026-06-16 12:42:18+05:30,3133.5,1,3130.11,2140796,131936.0,209073.0,3163.0,3163.0,3108.0,3134.3,31956600,3447.7,2820.9,3839.9,2896.0,3133.6,1,1,3133.5,104,9,3133.4,11,4,3133.3,14,5,3133.2,37,4,3133.7,2,2,3133.9,111,2,3134.0,431,5,3134.1,3,1,3134.2,200,1
2031,2026-06-16 12:42:18+05:30,3133.5,1,3130.11,2140796,131936.0,209073.0,3163.0,3163.0,3108.0,3134.3,31956600,3447.7,2820.9,3839.9,2896.0,3133.6,1,1,3133.5,104,9,3133.4,11,4,3133.3,14,5,3133.2,37,4,3133.7,2,2,3133.9,111,2,3134.0,431,5,3134.1,3,1,3134.2,200,1
2031,2026-06-16 12:42:19+05:30,3133.7,1,3130.11,2140796,131936.0,209073.0,3163.0,3163.0,3108.0,3134.3,31956600,3447.7,2820.9,3839.9,2896.0,3133.6,1,1,3133.5,104,9,3133.4,11,4,3133.3,14,5,3133.2,37,4,3133.7,2,2,3133.9,111,2,3134.0,431,5,3134.1,3,1,3134.2,200,1
2031,2026-06-16 12:42:19+05:30,3133.7,1,3130.11,2140796,131936.0,209073.0,3163.0,3163.0,3108.0,3134.3,31956600,3447.7,2820.9,3839.9,2896.0,3133.6,1,1,3133.5,104,9,3133.4,11,4,3133.3,14,5,3133.2,37,4,3133.7,2,2,3133.9,111,2,3134.0,431,5,3134.1,3,1,3134.2,200,1
2031,2026-06-16 12:42:19+05:30,3133.7,1,3130.11,2140797,131921.0,209094.0,3163.0,3163.0,3108.0,3134.3,31956600,3447.7,2820.9,3839.9,2896.0,3133.5,57,7,3133.4,11,4,3133.3,14,5,3133.2,37,4,3133.1,20,2,3133.7,2,2,3133.9,111,2,3134.0,431,5,3134.1,3,1,3134.2,200,1
2031,2026-06-16 12:42:19+05:30,3133.7,1,3130.11,2140797,131921.0,209094.0,3163.0,3163.0,3108.0,3134.3,31956600,3447.7,2820.9,3839.9,2896.0,3133.5,57,7,3133.4,11,4,3133.3,14,5,3133.2,37,4,3133.1,20,2,3133.7,2,2,3133.9,111,2,3134.0,431,5,3134.1,3,1,3134.2,200,1
2031,2026-06-16 12:42:20+05:30,3133.7,1,3130.11,2140797,131921.0,209094.0,3163.0,3163.0,3108.0,3134.3,31956600,3447.7,2820.9,3839.9,2896.0,3133.5,57,7,3133.4,11,4,3133.3,14,5,3133.2,37,4,3133.1,20,2,3133.7,2,2,3133.9,111,2,3134.0,431,5,3134.1,3,1,3134.2,200,1
2031,2026-06-16 12:42:20+05:30,3133.7,1,3130.11,2140798,131945.0,209091.0,3163.0,3163.0,3108.0,3134.3,31956600,3447.7,2820.9,3839.9,2896.0,3133.5,57,7,3133.4,28,5,3133.3,14,5,3133.2,37,4,3133.1,20,2,3133.7,1,1,3133.9,111,2,3134.0,431,5,3134.1,3,1,3134.2,200,1
2031,2026-06-16 12:42:20+05:30,3133.7,1,3130.11,2140798,131945.0,209091.0,3163.0,3163.0,3108.0,3134.3,31956600,3447.7,2820.9,3839.9,2896.0,3133.5,57,7,3133.4,28,5,3133.3,14,5,3133.2,37,4,3133.1,20,2,3133.7,1,1,3133.9,111,2,3134.0,431,5,3134.1,3,1,3134.2,200,1
2031,2026-06-16 12:42:21+05:30,3133.7,1,3130.11,2140798,132231.0,209332.0,3163.0,3163.0,3108.0,3134.3,31956600,3447.7,2820.9,3839.9,2896.0,3133.6,13,5,3133.5,30,5,3133.4,68,6,3133.3,14,5,3133.2,37,4,3133.7,30,2,3133.9,111,2,3134.0,431,5,3134.1,3,1,3134.2,200,1
2031,2026-06-16 12:42:21+05:30,3133.7,1,3130.11,2140798,132231.0,209332.0,3163.0,3163.0,3108.0,3134.3,31956600,3447.7,2820.9,3839.9,2896.0,3133.6,13,5,3133.5,30,5,3133.4,68,6,3133.3,14,5,3133.2,37,4,3133.7,30,2,3133.9,111,2,3134.0,431,5,3134.1,3,1,3134.2,200,1
2031,2026-06-16 12:42:22+05:30,3133.7,1,3130.11,2140798,132231.0,209332.0,3163.0,3163.0,3108.0,3134.3,31956600,3447.7,2820.9,3839.9,2896.0,3133.6,13,5,3133.5,30,5,3133.4,68,6,3133.3,14,5,3133.2,37,4,3133.7,30,2,3133.9,111,2,3134.0,431,5,3134.1,3,1,3134.2,200,1
2031,2026-06-16 12:42:22+05:30,3133.7,1,3130.11,2140799,132190.0,209588.0,3163.0,3163.0,3108.0,3134.3,31956600,3447.7,2820.9,3839.9,2896.0,3133.6,13,5,3133.5,30,5,3133.4,53,5,3133.3,14,5,3133.2,37,4,3133.7,89,4,3133.9,111,2,3134.0,431,5,3134.1,3,1,3134.2,200,1
2031,2026-06-16 12:42:22+05:30,3133.7,1,3130.11,2140799,132190.0,209588.0,3163.0,3163.0,3108.0,3134.3,31962800,3447.7,2820.9,3839.9,2896.0,3133.6,13,5,3133.5,30,5,3133.4,53,5,3133.3,14,5,3133.2,37,4,3133.7,89,4,3133.9,111,2,3134.0,431,5,3134.1,3,1,3134.2,200,1
2031,2026-06-16 12:42:23+05:30,3133.7,1,3130.11,2140799,132190.0,209588.0,3163.0,3163.0,3108.0,3134.3,31962800,3447.7,2820.9,3839.9,2896.0,3133.6,13,5,3133.5,30,5,3133.4,53,5,3133.3,14,5,3133.2,37,4,3133.7,89,4,3133.9,111,2,3134.0,431,5,3134.1,3,1,3134.2,200,1
2031,2026-06-16 12:42:23+05:30,3133.7,5,3130.11,2140864,132198.0,207725.0,3163.0,3163.0,3108.0,3134.3,31962800,3447.7,2820.9,3839.9,2896.0,3133.7,11,1,3133.6,13,5,3133.5,15,4,3133.4,36,4,3133.3,13,4,3133.8,109,1,3133.9,2,1,3134.0,431,5,3134.1,3,1,3134.2,200,1
2031,2026-06-16 12:42:24+05:30,3133.6,4,3130.11,2140864,132198.0,207725.0,3163.0,3163.0,3108.0,3134.3,31962800,3447.7,2820.9,3839.9,2896.0,3133.7,11,1,3133.6,13,5,3133.5,15,4,3133.4,36,4,3133.3,13,4,3133.8,109,1,3133.9,2,1,3134.0,431,5,3134.1,3,1,3134.2,200,1
2031,2026-06-16 12:42:24+05:30,3133.6,4,3130.11,2140964,132343.0,208915.0,3163.0,3163.0,3108.0,3134.3,31962800,3447.7,2820.9,3839.9,2896.0,3133.6,16,6,3133.5,15,3,3133.4,57,5,3133.3,9,2,3133.2,44,5,3133.8,109,1,3133.9,2,1,3134.0,431,5,3134.1,3,1,3134.2,200,1
2031,2026-06-16 12:42:25+05:30,3133.8,9,3130.11,2140974,132310.0,209114.0,3163.0,3163.0,3108.0,3134.3,31962800,3447.7,2820.9,3839.9,2896.0,3133.7,13,5,3133.6,4,2,3133.5,15,3,3133.4,57,5,3133.3,9,2,3133.8,99,1,3133.9,2,1,3134.0,431,5,3134.1,3,1,3134.2,200,1
2031,2026-06-16 12:42:26+05:30,3133.7,1,3130.11,2140974,132310.0,209114.0,3163.0,3163.0,3108.0,3134.3,31962800,3447.7,2820.9,3839.9,2896.0,3133.7,13,5,3133.6,4,2,3133.5,15,3,3133.4,57,5,3133.3,9,2,3133.8,99,1,3133.9,2,1,3134.0,431,5,3134.1,3,1,3134.2,200,1
2031,2026-06-16 12:42:26+05:30,3133.7,1,3130.11,2140976,132304.0,209152.0,3163.0,3163.0,3108.0,3134.3,31962800,3447.7,2820.9,3839.9,2896.0,3133.7,12,4,3133.6,4,2,3133.5,15,3,3133.4,57,5,3133.3,9,2,3133.8,137,2,3133.9,2,1,3134.0,431,5,3134.1,3,1,3134.2,200,1
2031,2026-06-16 12:42:27+05:30,3133.7,1,3130.11,2140976,132276.0,209147.0,3163.0,3163.0,3108.0,3134.3,31962800,3447.7,2820.9,3839.9,2896.0,3133.7,11,3,3133.5,15,3,3133.4,57,5,3133.3,9,2,3133.2,44,5,3133.8,137,2,3133.9,2,1,3134.0,431,5,3134.1,3,1,3134.2,200,1
2031,2026-06-16 12:42:28+05:30,3133.8,38,3130.11,2140976,132276.0,209147.0,3163.0,3163.0,3108.0,3134.3,31962800,3447.7,2820.9,3839.9,2896.0,3133.7,11,3,3133.5,15,3,3133.4,57,5,3133.3,9,2,3133.2,44,5,3133.8,137,2,3133.9,2,1,3134.0,431,5,3134.1,3,1,3134.2,200,1
2031,2026-06-16 12:42:28+05:30,3133.9,1,3130.11,2141114,132599.0,208988.0,3163.0,3163.0,3108.0,3134.3,31962800,3447.7,2820.9,3839.9,2896.0,3133.7,13,4,3133.6,4,1,3133.5,25,3,3133.4,74,5,3133.3,59,3,3133.9,1,1,3134.0,80,3,3134.1,3,1,3134.5,169,1,3134.6,351,2
2031,2026-06-16 12:42:29+05:30,3133.9,1,3130.11,2141114,132599.0,208988.0,3163.0,3163.0,3108.0,3134.3,31962800,3447.7,2820.9,3839.9,2896.0,3133.7,13,4,3133.6,4,1,3133.5,25,3,3133.4,74,5,3133.3,59,3,3133.9,1,1,3134.0,80,3,3134.1,3,1,3134.5,169,1,3134.6,351,2
2031,2026-06-16 12:42:29+05:30,3133.9,1,3130.11,2141114,132617.0,208991.0,3163.0,3163.0,3108.0,3134.3,31962800,3447.7,2820.9,3839.9,2896.0,3133.7,11,3,3133.6,4,1,3133.5,30,4,3133.4,89,6,3133.3,59,3,3133.9,2,2,3134.0,80,3,3134.1,3,1,3134.5,169,1,3134.6,351,2
2031,2026-06-16 12:42:30+05:30,3133.9,25,3130.11,2141250,133287.0,207511.0,3163.0,3163.0,3108.0,3134.3,31962800,3447.7,2820.9,3839.9,2896.0,3133.9,47,6,3133.8,46,6,3133.7,89,7,3133.6,35,4,3133.5,104,9,3134.3,1,1,3134.6,343,2,3134.8,200,1,3134.9,600,3,3135.0,48,4
2031,2026-06-16 12:42:31+05:30,3133.9,25,3130.11,2141250,133287.0,207511.0,3163.0,3163.0,3108.0,3134.3,31962800,3447.7,2820.9,3839.9,2896.0,3133.9,47,6,3133.8,46,6,3133.7,89,7,3133.6,35,4,3133.5,104,9,3134.3,1,1,3134.6,343,2,3134.8,200,1,3134.9,600,3,3135.0,48,4
2031,2026-06-16 12:42:31+05:30,3133.9,25,3130.11,2141250,133324.0,207581.0,3163.0,3163.0,3108.0,3134.3,31962800,3447.7,2820.9,3839.9,2896.0,3133.9,30,5,3133.8,46,6,3133.7,104,8,3133.6,35,4,3133.5,104,9,3134.3,26,3,3134.6,343,2,3134.8,200,1,3134.9,600,3,3135.0,21,2
2031,2026-06-16 12:42:32+05:30,3133.9,25,3130.11,2141250,133386.0,207796.0,3163.0,3163.0,3108.0,3134.3,31962800,3447.7,2820.9,3839.9,2896.0,3133.9,74,6,3133.8,35,5,3133.7,104,8,3133.6,69,5,3133.5,104,9,3134.3,26,3,3134.6,343,2,3134.8,200,1,3134.9,600,3,3135.0,21,2
2031,2026-06-16 12:42:34+05:30,3133.9,25,3130.11,2141250,133379.0,207798.0,3163.0,3163.0,3108.0,3134.3,31962800,3447.7,2820.9,3839.9,2896.0,3133.9,79,7,3133.8,35,5,3133.7,104,8,3133.6,69,5,3133.5,104,9,3134.3,26,3,3134.6,343,2,3134.8,200,1,3134.9,600,3,3135.0,10,1
2031,2026-06-16 12:42:35+05:30,3134.3,1,3130.11,2141250,133379.0,207798.0,3163.0,3163.0,3108.0,3134.3,31962800,3447.7,2820.9,3839.9,2896.0,3133.9,79,7,3133.8,35,5,3133.7,104,8,3133.6,69,5,3133.5,104,9,3134.3,26,3,3134.6,343,2,3134.8,200,1,3134.9,600,3,3135.0,10,1
2031,2026-06-16 12:42:35+05:30,3134.3,1,3130.11,2141251,133156.0,207656.0,3163.0,3163.0,3108.0,3134.3,31962800,3447.7,2820.9,3839.9,2896.0,3133.9,80,8,3133.8,35,5,3133.7,104,8,3133.6,35,4,3133.5,90,8,3134.3,26,3,3134.6,343,2,3134.8,200,1,3134.9,600,3,3135.0,10,1
2031,2026-06-16 12:42:36+05:30,3134.3,1,3130.11,2141251,133156.0,207656.0,3163.0,3163.0,3108.0,3134.3,31962800,3447.7,2820.9,3839.9,2896.0,3133.9,80,8,3133.8,35,5,3133.7,104,8,3133.6,35,4,3133.5,90,8,3134.3,26,3,3134.6,343,2,3134.8,200,1,3134.9,600,3,3135.0,10,1
2031,2026-06-16 12:42:36+05:30,3134.3,1,3130.11,2141252,133526.0,208190.0,3163.0,3163.0,3108.0,3134.3,31962800,3447.7,2820.9,3839.9,2896.0,3134.1,13,5,3133.9,62,5,3133.8,65,5,3133.7,104,8,3133.6,35,4,3134.3,25,2,3134.6,343,2,3134.7,200,1,3134.9,600,3,3135.0,10,1
2031,2026-06-16 12:42:37+05:30,3134.3,14,3130.11,2141252,133526.0,208190.0,3163.0,3163.0,3108.0,3134.3,31962800,3447.7,2820.9,3839.9,2896.0,3134.1,13,5,3133.9,62,5,3133.8,65,5,3133.7,104,8,3133.6,35,4,3134.3,25,2,3134.6,343,2,3134.7,200,1,3134.9,600,3,3135.0,10,1
2031,2026-06-16 12:42:37+05:30,3134.3,14,3130.11,2141291,134136.0,207752.0,3163.0,3163.0,3108.0,3134.3,31962800,3447.7,2820.9,3839.9,2896.0,3134.3,15,1,3134.1,54,7,3133.9,62,5,3133.8,59,4,3133.7,103,7,3134.6,343,2,3134.7,200,1,3134.9,600,3,3135.0,10,1,3135.2,21,1
2031,2026-06-16 12:42:38+05:30,3134.3,14,3130.11,2141291,134069.0,206393.0,3163.0,3163.0,3108.0,3134.3,31962800,3447.7,2820.9,3839.9,2896.0,3134.4,43,5,3134.3,97,4,3134.2,63,4,3134.1,71,9,3134.0,248,4,3135.0,10,1,3135.6,203,2,3135.7,400,2,3135.8,69,2,3135.9,343,2
2031,2026-06-16 12:42:39+05:30,3134.5,10,3130.11,2141291,134069.0,206393.0,3163.0,3163.0,3108.0,3134.3,31962800,3447.7,2820.9,3839.9,2896.0,3134.4,43,5,3134.3,97,4,3134.2,63,4,3134.1,71,9,3134.0,248,4,3135.0,10,1,3135.6,203,2,3135.7,400,2,3135.8,69,2,3135.9,343,2
2031,2026-06-16 12:42:39+05:30,3134.5,10,3130.11,2141501,134423.0,204482.0,3163.0,3163.0,3108.0,3134.3,31962800,3447.7,2820.9,3839.9,2896.0,3134.5,5,1,3134.4,28,3,3134.3,87,3,3134.2,73,5,3134.1,52,8,3135.0,10,1,3135.6,203,2,3135.7,458,3,3135.8,69,2,3135.9,442,4
2031,2026-06-16 12:42:40+05:30,3135.0,1,3130.11,2141501,134423.0,204482.0,3163.0,3163.0,3108.0,3134.3,31962800,3447.7,2820.9,3839.9,2896.0,3134.5,5,1,3134.4,28,3,3134.3,87,3,3134.2,73,5,3134.1,52,8,3135.0,10,1,3135.6,203,2,3135.7,458,3,3135.8,69,2,3135.9,442,4
2031,2026-06-16 12:42:40+05:30,3135.0,8,3130.11,2141510,134352.0,207043.0,3163.0,3163.0,3108.0,3134.3,31962800,3447.7,2820.9,3839.9,2896.0,3134.5,5,1,3134.4,2,2,3134.3,87,3,3134.2,15,2,3134.1,78,9,3135.0,1,1,3135.6,251,3,3135.7,458,3,3135.8,269,3,3135.9,442,4
2031,2026-06-16 12:42:41+05:30,3135.0,1,3130.11,2141510,134352.0,207043.0,3163.0,3163.0,3108.0,3134.3,31962800,3447.7,2820.9,3839.9,2896.0,3134.5,5,1,3134.4,2,2,3134.3,87,3,3134.2,15,2,3134.1,78,9,3135.0,1,1,3135.6,251,3,3135.7,458,3,3135.8,269,3,3135.9,442,4
2031,2026-06-16 12:42:41+05:30,3135.0,1,3130.11,2141511,134533.0,207087.0,3163.0,3163.0,3108.0,3134.3,31962800,3447.7,2820.9,3839.9,2896.0,3134.7,3,3,3134.5,42,2,3134.4,19,3,3134.3,87,3,3134.2,15,2,3135.0,43,2,3135.6,251,3,3135.7,458,3,3135.8,269,3,3135.9,442,4
2031,2026-06-16 12:42:42+05:30,3135.0,11,3130.11,2141511,134533.0,207087.0,3163.0,3163.0,3108.0,3134.3,31962800,3447.7,2820.9,3839.9,2896.0,3134.7,3,3,3134.5,42,2,3134.4,19,3,3134.3,87,3,3134.2,15,2,3135.0,43,2,3135.6,251,3,3135.7,458,3,3135.8,269,3,3135.9,442,4
2031,2026-06-16 12:42:42+05:30,3135.0,11,3130.11,2141523,134487.0,207085.0,3163.0,3163.0,3108.0,3134.3,31962800,3447.7,2820.9,3839.9,2896.0,3134.7,3,3,3134.5,60,3,3134.4,2,2,3134.3,87,3,3134.2,15,2,3135.0,32,3,3135.6,251,3,3135.7,458,3,3135.8,269,3,3135.9,442,4
2031,2026-06-16 12:42:43+05:30,3135.0,11,3130.11,2141523,134522.0,206918.0,3163.0,3163.0,3108.0,3134.3,31962800,3447.7,2820.9,3839.9,2896.0,3134.8,15,1,3134.7,45,4,3134.5,42,2,3134.4,2,2,3134.3,87,3,3135.0,32,3,3135.6,231,2,3135.7,458,3,3135.8,269,3,3135.9,442,4
2031,2026-06-16 12:42:44+05:30,3135.0,6,3130.11,2141523,134522.0,206918.0,3163.0,3163.0,3108.0,3134.3,31962800,3447.7,2820.9,3839.9,2896.0,3134.8,15,1,3134.7,45,4,3134.5,42,2,3134.4,2,2,3134.3,87,3,3135.0,32,3,3135.6,231,2,3135.7,458,3,3135.8,269,3,3135.9,442,4
2031,2026-06-16 12:42:44+05:30,3135.0,6,3130.11,2141592,134675.0,206803.0,3163.0,3163.0,3108.0,3134.3,31962800,3447.7,2820.9,3839.9,2896.0,3134.8,65,3,3134.7,45,4,3134.5,42,2,3134.4,2,2,3134.3,135,4,3135.5,12,1,3135.6,152,1,3135.7,458,3,3135.8,200,1,3135.9,455,4
2031,2026-06-16 12:42:45+05:30,3135.0,6,3130.11,2141592,134834.0,206772.0,3163.0,3163.0,3108.0,3134.3,31962800,3447.7,2820.9,3839.9,2896.0,3135.0,5,2,3134.8,65,3,3134.7,45,4,3134.5,37,1,3134.4,2,2,3135.5,33,2,3135.7,458,3,3135.8,200,1,3135.9,493,5,3136.0,657,6
2031,2026-06-16 12:42:46+05:30,3135.3,1,3130.11,2141592,134834.0,206772.0,3163.0,3163.0,3108.0,3134.3,31962800,3447.7,2820.9,3839.9,2896.0,3135.0,5,2,3134.8,65,3,3134.7,45,4,3134.5,37,1,3134.4,2,2,3135.5,33,2,3135.7,458,3,3135.8,200,1,3135.9,493,5,3136.0,657,6
2031,2026-06-16 12:42:46+05:30,3135.5,1,3130.11,2141594,135025.0,206483.0,3163.0,3163.0,3108.0,3134.3,31962800,3447.7,2820.9,3839.9,2896.0,3135.3,2,2,3135.2,2,2,3135.0,54,4,3134.9,16,1,3134.8,50,2,3135.5,78,4,3135.6,5,1,3135.7,400,2,3135.8,200,1,3135.9,391,3
2031,2026-06-16 12:42:47+05:30,3135.5,1,3130.11,2141594,135025.0,206483.0,3163.0,3163.0,3108.0,3134.3,31962800,3447.7,2820.9,3839.9,2896.0,3135.3,2,2,3135.2,2,2,3135.0,54,4,3134.9,16,1,3134.8,50,2,3135.5,78,4,3135.6,5,1,3135.7,400,2,3135.8,200,1,3135.9,391,3
2031,2026-06-16 12:42:47+05:30,3134.0,54,3130.11,2142256,131063.0,210271.0,3163.0,3163.0,3108.0,3134.3,31962800,3447.7,2820.9,3839.9,2896.0,3133.6,18,1,3133.5,4,1,3133.2,34,3,3133.0,13,1,3132.8,9,1,3134.0,154,2,3134.2,61,2,3134.4,64,3,3134.5,21,1,3134.6,82,3
2031,2026-06-16 12:42:48+05:30,3134.2,3,3130.11,2142256,131063.0,210271.0,3163.0,3163.0,3108.0,3134.3,31962800,3447.7,2820.9,3839.9,2896.0,3133.6,18,1,3133.5,4,1,3133.2,34,3,3133.0,13,1,3132.8,9,1,3134.0,154,2,3134.2,61,2,3134.4,64,3,3134.5,21,1,3134.6,82,3
2031,2026-06-16 12:42:48+05:30,3135.4,1,3130.11,2144825,133198.0,204530.0,3163.0,3163.0,3108.0,3134.3,31962800,3447.7,2820.9,3839.9,2896.0,3134.2,235,4,3134.1,48,3,3134.0,34,3,3133.9,55,3,3133.8,134,7,3135.4,13,1,3135.5,55,2,3135.6,5,1,3135.7,400,2,3135.8,221,2
2031,2026-06-16 12:42:49+05:30,3135.5,34,3130.11,2144825,133198.0,204530.0,3163.0,3163.0,3108.0,3134.3,31962800,3447.7,2820.9,3839.9,2896.0,3134.2,235,4,3134.1,48,3,3134.0,34,3,3133.9,55,3,3133.8,134,7,3135.4,13,1,3135.5,55,2,3135.6,5,1,3135.7,400,2,3135.8,221,2
2031,2026-06-16 12:42:49+05:30,3135.5,34,3130.11,2144875,134447.0,204425.0,3163.0,3163.0,3108.0,3134.3,31962800,3447.7,2820.9,3839.9,2896.0,3134.2,113,8,3134.1,273,6,3134.0,39,4,3133.9,75,4,3133.8,131,6,3135.5,35,3,3135.6,5,1,3135.7,400,2,3135.8,221,2,3135.9,298,3
2031,2026-06-16 12:42:50+05:30,3135.5,34,3130.11,2144875,134497.0,204447.0,3163.0,3163.0,3108.0,3134.3,31962800,3447.7,2820.9,3839.9,2896.0,3134.2,157,9,3134.1,273,6,3134.0,39,4,3133.9,75,4,3133.8,132,7,3135.5,35,3,3135.6,5,1,3135.7,400,2,3135.8,221,2,3135.9,298,3
2031,2026-06-16 12:42:51+05:30,3135.5,34,3130.11,2144875,134081.0,204525.0,3163.0,3163.0,3108.0,3134.3,31962800,3447.7,2820.9,3839.9,2896.0,3134.2,157,9,3134.1,254,5,3134.0,39,4,3133.9,75,4,3133.8,132,7,3135.5,49,4,3135.6,5,1,3135.7,400,2,3135.8,221,2,3135.9,298,3
2031,2026-06-16 12:42:52+05:30,3135.5,1,3130.11,2144875,134081.0,204525.0,3163.0,3163.0,3108.0,3134.3,31962800,3447.7,2820.9,3839.9,2896.0,3134.2,157,9,3134.1,254,5,3134.0,39,4,3133.9,75,4,3133.8,132,7,3135.5,49,4,3135.6,5,1,3135.7,400,2,3135.8,221,2,3135.9,298,3
2031,2026-06-16 12:42:52+05:30,3135.5,1,3130.11,2144887,134773.0,205203.0,3163.0,3163.0,3108.0,3134.3,31962800,3447.7,2820.9,3839.9,2896.0,3134.3,49,1,3134.2,96,7,3134.1,273,6,3134.0,39,4,3133.9,75,4,3135.5,68,3,3135.6,5,1,3135.7,400,2,3135.8,221,2,3135.9,298,3
2031,2026-06-16 12:42:53+05:30,3135.5,1,3130.11,2144887,134762.0,205506.0,3163.0,3163.0,3108.0,3134.3,31962800,3447.7,2820.9,3839.9,2896.0,3134.3,3,1,3134.2,96,7,3134.1,271,6,3134.0,34,3,3133.9,132,6,3135.0,21,1,3135.5,68,3,3135.6,5,1,3135.7,400,2,3135.8,221,2
2031,2026-06-16 12:42:54+05:30,3135.0,1,3130.11,2144887,134762.0,205506.0,3163.0,3163.0,3108.0,3134.3,31962800,3447.7,2820.9,3839.9,2896.0,3134.3,3,1,3134.2,96,7,3134.1,271,6,3134.0,34,3,3133.9,132,6,3135.0,21,1,3135.5,68,3,3135.6,5,1,3135.7,400,2,3135.8,221,2
2031,2026-06-16 12:42:54+05:30,3135.0,1,3130.11,2144986,134802.0,205430.0,3163.0,3163.0,3108.0,3134.3,31962800,3447.7,2820.9,3839.9,2896.0,3134.3,11,1,3134.2,154,10,3134.1,258,5,3134.0,46,4,3133.9,113,5,3135.0,29,2,3135.5,28,2,3135.7,400,2,3135.8,221,2,3135.9,298,3
2031,2026-06-16 12:42:55+05:30,3135.0,1,3130.11,2144986,134802.0,205430.0,3163.0,3163.0,3108.0,3134.3,31962800,3447.7,2820.9,3839.9,2896.0,3134.3,11,1,3134.2,154,10,3134.1,258,5,3134.0,46,4,3133.9,113,5,3135.0,29,2,3135.5,28,2,3135.7,400,2,3135.8,221,2,3135.9,298,3
2031,2026-06-16 12:42:55+05:30,3135.0,8,3130.11,2145029,134802.0,205188.0,3163.0,3163.0,3108.0,3134.3,31962800,3447.7,2820.9,3839.9,2896.0,3134.4,76,8,3134.3,285,7,3134.2,179,10,3134.1,19,2,3134.0,46,4,3135.0,4,1,3135.5,28,2,3135.7,400,2,3135.8,221,2,3135.9,250,2
2031,2026-06-16 12:42:56+05:30,3135.0,8,3130.11,2145029,134802.0,205188.0,3163.0,3163.0,3108.0,3134.3,31962800,3447.7,2820.9,3839.9,2896.0,3134.4,76,8,3134.3,285,7,3134.2,179,10,3134.1,19,2,3134.0,46,4,3135.0,4,1,3135.5,28,2,3135.7,400,2,3135.8,221,2,3135.9,250,2
2031,2026-06-16 12:42:57+05:30,3135.5,4,3130.11,2145029,134802.0,205188.0,3163.0,3163.0,3108.0,3134.3,31962800,3447.7,2820.9,3839.9,2896.0,3134.4,76,8,3134.3,285,7,3134.2,179,10,3134.1,19,2,3134.0,46,4,3135.0,4,1,3135.5,28,2,3135.7,400,2,3135.8,221,2,3135.9,250,2
2031,2026-06-16 12:42:57+05:30,3135.5,4,3130.11,2145035,134945.0,205566.0,3163.0,3163.0,3108.0,3134.3,31962800,3447.7,2820.9,3839.9,2896.0,3134.6,27,5,3134.5,44,4,3134.4,145,11,3134.3,81,4,3134.2,131,9,3135.5,23,2,3135.7,400,2,3135.8,200,1,3135.9,250,2,3136.0,403,3
2031,2026-06-16 12:42:58+05:30,3135.5,4,3130.11,2145035,134709.0,205279.0,3163.0,3163.0,3108.0,3134.3,31962800,3447.7,2820.9,3839.9,2896.0,3134.6,27,5,3134.5,41,4,3134.4,107,8,3134.3,151,6,3134.2,103,7,3135.5,30,2,3135.7,400,2,3135.9,200,1,3136.0,653,5,3136.1,48,1
2031,2026-06-16 12:42:59+05:30,3135.5,4,3130.11,2145035,134605.0,205573.0,3163.0,3163.0,3108.0,3134.3,31962800,3447.7,2820.9,3839.9,2896.0,3134.8,16,1,3134.4,66,4,3134.3,53,2,3134.2,79,6,3134.1,26,2,3135.5,64,3,3135.7,400,2,3135.8,249,2,3135.9,336,4,3136.0,603,4
2031,2026-06-16 12:43:00+05:30,3135.5,4,3130.11,2145035,134821.0,206056.0,3163.0,3163.0,3108.0,3134.3,31962800,3447.7,2820.9,3839.9,2896.0,3134.9,20,2,3134.4,66,4,3134.3,68,3,3134.2,79,6,3134.1,26,2,3135.5,110,6,3135.6,100,1,3135.7,300,1,3135.8,200,1,3135.9,336,4
2031,2026-06-16 12:43:01+05:30,3134.9,5,3130.11,2145035,134821.0,206056.0,3163.0,3163.0,3108.0,3134.3,31962800,3447.7,2820.9,3839.9,2896.0,3134.9,20,2,3134.4,66,4,3134.3,68,3,3134.2,79,6,3134.1,26,2,3135.5,110,6,3135.6,100,1,3135.7,300,1,3135.8,200,1,3135.9,336,4
2031,2026-06-16 12:43:01+05:30,3135.5,1,3130.12,2145236,134689.0,206193.0,3163.0,3163.0,3108.0,3134.3,31962800,3447.7,2820.9,3839.9,2896.0,3134.9,13,3,3134.4,61,3,3134.2,8,2,3134.1,41,4,3134.0,20,2,3135.5,109,6,3135.6,138,2,3135.7,348,2,3135.8,326,4,3135.9,347,4
2031,2026-06-16 12:43:02+05:30,3135.5,1,3130.12,2145236,134689.0,206193.0,3163.0,3163.0,3108.0,3134.3,31962800,3447.7,2820.9,3839.9,2896.0,3134.9,13,3,3134.4,61,3,3134.2,8,2,3134.1,41,4,3134.0,20,2,3135.5,109,6,3135.6,138,2,3135.7,348,2,3135.8,326,4,3135.9,347,4
2031,2026-06-16 12:43:02+05:30,3135.5,1,3130.12,2145236,134473.0,206229.0,3163.0,3163.0,3108.0,3134.3,31962800,3447.7,2820.9,3839.9,2896.0,3134.9,13,3,3134.4,61,3,3134.2,8,2,3134.1,41,4,3134.0,20,2,3135.5,96,5,3135.6,138,2,3135.7,348,2,3135.8,326,4,3135.9,347,4
2031,2026-06-16 12:43:03+05:30,3135.5,1,3130.12,2145236,134473.0,206229.0,3163.0,3163.0,3108.0,3134.3,31962800,3447.7,2820.9,3839.9,2896.0,3134.9,13,3,3134.4,61,3,3134.2,8,2,3134.1,41,4,3134.0,20,2,3135.5,96,5,3135.6,138,2,3135.7,348,2,3135.8,326,4,3135.9,347,4
2031,2026-06-16 12:43:03+05:30,3135.5,1,3130.12,2145236,134473.0,206229.0,3163.0,3163.0,3108.0,3134.3,31962800,3447.7,2820.9,3839.9,2896.0,3134.9,13,3,3134.4,61,3,3134.2,8,2,3134.1,41,4,3134.0,20,2,3135.5,96,5,3135.6,138,2,3135.7,348,2,3135.8,326,4,3135.9,347,4
2031,2026-06-16 12:43:03+05:30,3135.5,1,3130.12,2145237,134626.0,205744.0,3163.0,3163.0,3108.0,3134.3,31962800,3447.7,2820.9,3839.9,2896.0,3134.9,64,5,3134.4,56,3,3134.3,14,1,3134.2,40,4,3134.1,57,5,3135.5,95,5,3135.6,100,1,3135.7,300,1,3135.8,200,1,3135.9,298,3
2031,2026-06-16 12:43:04+05:30,3134.9,4,3130.12,2145283,134225.0,205540.0,3163.0,3163.0,3108.0,3134.3,31962800,3447.7,2820.9,3839.9,2896.0,3134.9,33,2,3134.4,43,2,3134.2,2,1,3134.1,33,2,3134.0,18,1,3135.5,119,7,3135.6,164,3,3135.7,300,1,3135.8,282,3,3135.9,339,4
2031,2026-06-16 12:43:04+05:30,3134.9,4,3130.12,2145283,134225.0,205540.0,3163.0,3163.0,3108.0,3134.3,31962800,3447.7,2820.9,3839.9,2896.0,3134.9,33,2,3134.4,43,2,3134.2,2,1,3134.1,33,2,3134.0,18,1,3135.5,119,7,3135.6,164,3,3135.7,300,1,3135.8,282,3,3135.9,339,4
2031,2026-06-16 12:43:05+05:30,3134.9,4,3130.12,2145283,134225.0,205540.0,3163.0,3163.0,3108.0,3134.3,31962800,3447.7,2820.9,3839.9,2896.0,3134.9,33,2,3134.4,43,2,3134.2,2,1,3134.1,33,2,3134.0,18,1,3135.5,119,7,3135.6,164,3,3135.7,300,1,3135.8,282,3,3135.9,339,4
2031,2026-06-16 12:43:05+05:30,3134.9,4,3130.12,2145283,134349.0,206276.0,3163.0,3163.0,3108.0,3134.3,31962800,3447.7,2820.9,3839.9,2896.0,3134.9,21,2,3134.7,17,1,3134.4,43,2,3134.2,2,1,3134.1,33,2,3135.5,77,5,3135.6,134,2,3135.7,387,3,3135.8,326,4,3135.9,388,5
2031,2026-06-16 12:43:06+05:30,3134.9,3,3130.12,2145283,134349.0,206276.0,3163.0,3163.0,3108.0,3134.3,31962800,3447.7,2820.9,3839.9,2896.0,3134.9,21,2,3134.7,17,1,3134.4,43,2,3134.2,2,1,3134.1,33,2,3135.5,77,5,3135.6,134,2,3135.7,387,3,3135.8,326,4,3135.9,388,5
2031,2026-06-16 12:43:06+05:30,3134.9,3,3130.12,2145286,134361.0,206483.0,3163.0,3163.0,3108.0,3134.3,31962800,3447.7,2820.9,3839.9,2896.0,3135.2,16,1,3134.9,18,2,3134.4,43,2,3134.2,2,1,3134.1,33,2,3135.5,59,4,3135.6,172,3,3135.7,380,3,3135.8,326,4,3135.9,347,4
2031,2026-06-16 12:43:06+05:30,3134.9,3,3130.12,2145286,134361.0,206483.0,3163.0,3163.0,3108.0,3134.3,31962800,3447.7,2820.9,3839.9,2896.0,3135.2,16,1,3134.9,18,2,3134.4,43,2,3134.2,2,1,3134.1,33,2,3135.5,59,4,3135.6,172,3,3135.7,380,3,3135.8,326,4,3135.9,347,4
2031,2026-06-16 12:43:07+05:30,3135.5,1,3130.12,2145287,134621.0,204440.0,3163.0,3163.0,3108.0,3134.3,31962800,3447.7,2820.9,3839.9,2896.0,3135.2,17,2,3134.9,33,3,3134.4,4,1,3134.2,2,1,3134.1,33,2,3135.5,95,5,3135.6,134,2,3135.7,377,3,3135.8,329,4,3135.9,347,4
2031,2026-06-16 12:43:08+05:30,3135.5,1,3130.12,2145287,134621.0,204440.0,3163.0,3163.0,3108.0,3134.3,31962800,3447.7,2820.9,3839.9,2896.0,3135.2,17,2,3134.9,33,3,3134.4,4,1,3134.2,2,1,3134.1,33,2,3135.5,95,5,3135.6,134,2,3135.7,377,3,3135.8,329,4,3135.9,347,4
2031,2026-06-16 12:43:08+05:30,3135.5,1,3130.12,2145289,134681.0,206369.0,3163.0,3163.0,3108.0,3134.3,31962800,3447.7,2820.9,3839.9,2896.0,3135.2,17,2,3134.9,30,2,3134.4,4,1,3134.2,2,1,3134.1,96,3,3135.4,1,1,3135.5,193,6,3135.6,74,2,3135.7,338,2,3135.8,244,2
2031,2026-06-16 12:43:08+05:30,3135.5,1,3130.12,2145289,134681.0,206369.0,3163.0,3163.0,3108.0,3134.3,31962800,3447.7,2820.9,3839.9,2896.0,3135.2,17,2,3134.9,30,2,3134.4,4,1,3134.2,2,1,3134.1,96,3,3135.4,1,1,3135.5,193,6,3135.6,74,2,3135.7,338,2,3135.8,244,2
2031,2026-06-16 12:43:09+05:30,3135.5,66,3130.12,2145289,134681.0,206369.0,3163.0,3163.0,3108.0,3134.3,31962800,3447.7,2820.9,3839.9,2896.0,3135.2,17,2,3134.9,30,2,3134.4,4,1,3134.2,2,1,3134.1,96,3,3135.4,1,1,3135.5,193,6,3135.6,74,2,3135.7,338,2,3135.8,244,2
2031,2026-06-16 12:43:09+05:30,3135.5,66,3130.12,2145449,134673.0,206248.0,3163.0,3163.0,3108.0,3134.3,31962800,3447.7,2820.9,3839.9,2896.0,3135.2,17,2,3135.0,3,1,3134.9,16,2,3134.4,19,2,3134.3,21,1,3135.5,39,2,3135.7,300,1,3135.8,244,2,3135.9,387,5,3136.0,636,4
2031,2026-06-16 12:43:10+05:30,3135.5,66,3130.12,2145449,134662.0,206245.0,3163.0,3163.0,3108.0,3134.3,31962800,3447.7,2820.9,3839.9,2896.0,3135.2,17,2,3135.0,3,1,3134.9,16,2,3134.7,16,1,3134.4,4,1,3135.5,59,2,3135.6,20,1,3135.7,300,1,3135.8,244,2,3135.9,425,6
2031,2026-06-16 12:43:11+05:30,3135.2,9,3130.12,2145449,134662.0,206245.0,3163.0,3163.0,3108.0,3134.3,31962800,3447.7,2820.9,3839.9,2896.0,3135.2,17,2,3135.0,3,1,3134.9,16,2,3134.7,16,1,3134.4,4,1,3135.5,59,2,3135.6,20,1,3135.7,300,1,3135.8,244,2,3135.9,425,6
2031,2026-06-16 12:43:11+05:30,3135.2,9,3130.12,2145449,134662.0,206245.0,3163.0,3163.0,3108.0,3134.3,31962800,3447.7,2820.9,3839.9,2896.0,3135.2,17,2,3135.0,3,1,3134.9,16,2,3134.7,16,1,3134.4,4,1,3135.5,59,2,3135.6,20,1,3135.7,300,1,3135.8,244,2,3135.9,425,6
2031,2026-06-16 12:43:11+05:30,3135.2,9,3130.12,2145459,133981.0,206298.0,3163.0,3163.0,3108.0,3134.3,31962800,3447.7,2820.9,3839.9,2896.0,3135.2,8,2,3135.0,3,1,3134.9,16,2,3134.7,16,1,3134.4,4,1,3135.5,59,2,3135.6,58,2,3135.7,300,1,3135.8,282,3,3135.9,387,5
2031,2026-06-16 12:43:12+05:30,3135.2,9,3130.12,2145459,134879.0,206278.0,3163.0,3163.0,3108.0,3134.3,31962800,3447.7,2820.9,3839.9,2896.0,3135.2,10,3,3135.0,103,2,3134.9,16,2,3134.7,16,1,3134.4,4,1,3135.5,59,2,3135.7,300,1,3135.8,200,1,3135.9,339,4,3136.0,636,4
2031,2026-06-16 12:43:12+05:30,3135.2,9,3130.12,2145459,134879.0,206278.0,3163.0,3163.0,3108.0,3134.3,31962800,3447.7,2820.9,3839.9,2896.0,3135.2,10,3,3135.0,103,2,3134.9,16,2,3134.7,16,1,3134.4,4,1,3135.5,59,2,3135.7,300,1,3135.8,200,1,3135.9,339,4,3136.0,636,4
2031,2026-06-16 12:43:13+05:30,3135.5,1,3130.12,2145459,134879.0,206278.0,3163.0,3163.0,3108.0,3134.3,31962800,3447.7,2820.9,3839.9,2896.0,3135.2,10,3,3135.0,103,2,3134.9,16,2,3134.7,16,1,3134.4,4,1,3135.5,59,2,3135.7,300,1,3135.8,200,1,3135.9,339,4,3136.0,636,4
2031,2026-06-16 12:43:13+05:30,3135.5,1,3130.12,2145460,134868.0,205651.0,3163.0,3163.0,3108.0,3134.3,31962800,3447.7,2820.9,3839.9,2896.0,3135.2,10,3,3135.0,117,3,3134.9,33,3,3134.5,13,1,3134.4,4,1,3135.5,58,2,3135.7,300,1,3135.8,200,1,3135.9,250,2,3136.0,582,3
2031,2026-06-16 12:43:14+05:30,3135.5,25,3130.12,2145460,134868.0,205651.0,3163.0,3163.0,3108.0,3134.3,31962800,3447.7,2820.9,3839.9,2896.0,3135.2,10,3,3135.0,117,3,3134.9,33,3,3134.5,13,1,3134.4,4,1,3135.5,58,2,3135.7,300,1,3135.8,200,1,3135.9,250,2,3136.0,582,3
2031,2026-06-16 12:43:14+05:30,3135.5,25,3130.12,2145460,134868.0,205651.0,3163.0,3163.0,3108.0,3134.3,31962800,3447.7,2820.9,3839.9,2896.0,3135.2,10,3,3135.0,117,3,3134.9,33,3,3134.5,13,1,3134.4,4,1,3135.5,58,2,3135.7,300,1,3135.8,200,1,3135.9,250,2,3136.0,582,3
2031,2026-06-16 12:43:14+05:30,3135.7,1,3130.12,2145519,135253.0,205561.0,3163.0,3163.0,3108.0,3134.3,31962800,3447.7,2820.9,3839.9,2896.0,3135.5,17,1,3135.2,3,2,3135.0,134,4,3134.9,16,2,3134.6,13,1,3135.7,299,1,3135.8,200,1,3135.9,250,2,3136.0,582,3,3136.1,88,2
2031,2026-06-16 12:43:15+05:30,3135.7,1,3130.12,2145519,135253.0,205561.0,3163.0,3163.0,3108.0,3134.3,31962800,3447.7,2820.9,3839.9,2896.0,3135.5,17,1,3135.2,3,2,3135.0,134,4,3134.9,16,2,3134.6,13,1,3135.7,299,1,3135.8,200,1,3135.9,250,2,3136.0,582,3,3136.1,88,2
2031,2026-06-16 12:43:15+05:30,3135.7,1,3130.12,2145519,135253.0,205561.0,3163.0,3163.0,3108.0,3134.3,31962800,3447.7,2820.9,3839.9,2896.0,3135.5,17,1,3135.2,3,2,3135.0,134,4,3134.9,16,2,3134.6,13,1,3135.7,299,1,3135.8,200,1,3135.9,250,2,3136.0,582,3,3136.1,88,2
2031,2026-06-16 12:43:15+05:30,3135.7,1,3130.12,2145520,135304.0,205530.0,3163.0,3163.0,3108.0,3134.3,31962800,3447.7,2820.9,3839.9,2896.0,3135.5,18,2,3135.2,18,3,3135.0,117,3,3134.9,16,2,3134.7,13,1,3135.7,298,1,3135.9,200,1,3136.0,632,4,3136.1,200,1,3136.3,468,3
2031,2026-06-16 12:43:15+05:30,3135.7,1,3130.12,2145520,135304.0,205530.0,3163.0,3163.0,3108.0,3134.3,31962800,3447.7,2820.9,3839.9,2896.0,3135.5,18,2,3135.2,18,3,3135.0,117,3,3134.9,16,2,3134.7,13,1,3135.7,298,1,3135.9,200,1,3136.0,632,4,3136.1,200,1,3136.3,468,3
2031,2026-06-16 12:43:16+05:30,3135.7,142,3130.12,2145520,135304.0,205530.0,3163.0,3163.0,3108.0,3134.3,31962800,3447.7,2820.9,3839.9,2896.0,3135.5,18,2,3135.2,18,3,3135.0,117,3,3134.9,16,2,3134.7,13,1,3135.7,298,1,3135.9,200,1,3136.0,632,4,3136.1,200,1,3136.3,468,3
2031,2026-06-16 12:43:16+05:30,3135.7,142,3130.12,2145662,135252.0,205376.0,3163.0,3163.0,3108.0,3134.3,31962800,3447.7,2820.9,3839.9,2896.0,3135.6,2,2,3135.5,1,1,3135.2,18,3,3135.0,130,4,3134.9,1,1,3135.7,156,1,3135.9,200,1,3136.0,632,4,3136.1,200,1,3136.3,468,3
2031,2026-06-16 12:43:16+05:30,3135.7,142,3130.12,2145662,135252.0,205376.0,3163.0,3163.0,3108.0,3134.3,31962800,3447.7,2820.9,3839.9,2896.0,3135.6,2,2,3135.5,1,1,3135.2,18,3,3135.0,130,4,3134.9,1,1,3135.7,156,1,3135.9,200,1,3136.0,632,4,3136.1,200,1,3136.3,468,3
2031,2026-06-16 12:43:17+05:30,3135.7,142,3130.12,2145662,135238.0,205270.0,3163.0,3163.0,3108.0,3134.3,31962800,3447.7,2820.9,3839.9,2896.0,3135.6,2,2,3135.5,17,2,3135.2,3,2,3135.0,130,4,3134.9,1,1,3135.7,156,1,3135.8,200,1,3135.9,250,2,3136.0,582,3,3136.2,400,2
2031,2026-06-16 12:43:17+05:30,3135.7,142,3130.12,2145662,135238.0,205270.0,3163.0,3163.0,3108.0,3134.3,31962800,3447.7,2820.9,3839.9,2896.0,3135.6,2,2,3135.5,17,2,3135.2,3,2,3135.0,130,4,3134.9,1,1,3135.7,156,1,3135.8,200,1,3135.9,250,2,3136.0,582,3,3136.2,400,2
2031,2026-06-16 12:43:18+05:30,3135.5,2,3130.12,2145662,135238.0,205270.0,3163.0,3163.0,3108.0,3134.3,31962800,3447.7,2820.9,3839.9,2896.0,3135.6,2,2,3135.5,17,2,3135.2,3,2,3135.0,130,4,3134.9,1,1,3135.7,156,1,3135.8,200,1,3135.9,250,2,3136.0,582,3,3136.2,400,2
2031,2026-06-16 12:43:18+05:30,3135.6,136,3130.12,2145888,135407.0,204786.0,3163.0,3163.0,3108.0,3134.3,31962800,3447.7,2820.9,3839.9,2896.0,3135.6,2,1,3135.5,1,1,3135.4,26,2,3135.2,27,4,3135.0,149,6,3135.7,189,2,3135.9,200,1,3136.0,632,4,3136.1,200,1,3136.3,400,2
2031,2026-06-16 12:43:18+05:30,3135.6,136,3130.12,2145888,135407.0,204786.0,3163.0,3163.0,3108.0,3134.3,31962800,3447.7,2820.9,3839.9,2896.0,3135.6,2,1,3135.5,1,1,3135.4,26,2,3135.2,27,4,3135.0,149,6,3135.7,189,2,3135.9,200,1,3136.0,632,4,3136.1,200,1,3136.3,400,2
2031,2026-06-16 12:43:19+05:30,3135.6,136,3130.12,2145888,135407.0,204786.0,3163.0,3163.0,3108.0,3134.3,31962800,3447.7,2820.9,3839.9,2896.0,3135.6,2,1,3135.5,1,1,3135.4,26,2,3135.2,27,4,3135.0,149,6,3135.7,189,2,3135.9,200,1,3136.0,632,4,3136.1,200,1,3136.3,400,2
2031,2026-06-16 12:43:19+05:30,3135.6,136,3130.12,2145888,135449.0,204825.0,3163.0,3163.0,3108.0,3134.3,31962800,3447.7,2820.9,3839.9,2896.0,3135.6,2,1,3135.5,14,2,3135.2,14,3,3135.0,167,7,3134.9,22,4,3135.7,225,3,3135.9,200,1,3136.0,632,4,3136.1,200,1,3136.3,400,2
2031,2026-06-16 12:43:19+05:30,3135.6,136,3130.12,2145888,135449.0,204825.0,3163.0,3163.0,3108.0,3134.3,31962800,3447.7,2820.9,3839.9,2896.0,3135.6,2,1,3135.5,14,2,3135.2,14,3,3135.0,167,7,3134.9,22,4,3135.7,225,3,3135.9,200,1,3136.0,632,4,3136.1,200,1,3136.3,400,2
2031,2026-06-16 12:43:20+05:30,3135.6,136,3130.12,2145888,135646.0,204575.0,3163.0,3163.0,3108.0,3134.3,31962800,3447.7,2820.9,3839.9,2896.0,3135.6,18,2,3135.5,1,1,3135.4,13,1,3135.3,13,1,3135.2,16,3,3135.7,225,3,3135.9,200,1,3136.0,632,4,3136.1,200,1,3136.3,400,2
2031,2026-06-16 12:43:20+05:30,3135.6,136,3130.12,2145888,135646.0,204575.0,3163.0,3163.0,3108.0,3134.3,31962800,3447.7,2820.9,3839.9,2896.0,3135.6,18,2,3135.5,1,1,3135.4,13,1,3135.3,13,1,3135.2,16,3,3135.7,225,3,3135.9,200,1,3136.0,632,4,3136.1,200,1,3136.3,400,2
2031,2026-06-16 12:43:21+05:30,3135.6,136,3130.12,2145888,135646.0,204575.0,3163.0,3163.0,3108.0,3134.3,31962800,3447.7,2820.9,3839.9,2896.0,3135.6,18,2,3135.5,1,1,3135.4,13,1,3135.3,13,1,3135.2,16,3,3135.7,225,3,3135.9,200,1,3136.0,632,4,3136.1,200,1,3136.3,400,2
2031,2026-06-16 12:43:21+05:30,3135.7,1,3130.12,2145888,135646.0,204575.0,3163.0,3163.0,3108.0,3134.3,31962800,3447.7,2820.9,3839.9,2896.0,3135.6,18,2,3135.5,1,1,3135.4,13,1,3135.3,13,1,3135.2,16,3,3135.7,225,3,3135.9,200,1,3136.0,632,4,3136.1,200,1,3136.3,400,2
2031,2026-06-16 12:43:21+05:30,3135.7,1,3130.12,2145890,135630.0,204986.0,3163.0,3163.0,3108.0,3134.3,31962800,3447.7,2820.9,3839.9,2896.0,3135.6,18,2,3135.5,14,2,3135.2,16,3,3135.0,153,6,3134.9,22,4,3135.7,223,3,3135.9,200,1,3136.0,632,4,3136.1,200,1,3136.3,400,2
2031,2026-06-16 12:43:21+05:30,3135.7,1,3130.12,2145890,135630.0,204986.0,3163.0,3163.0,3108.0,3134.3,31962800,3447.7,2820.9,3839.9,2896.0,3135.6,18,2,3135.5,14,2,3135.2,16,3,3135.0,153,6,3134.9,22,4,3135.7,223,3,3135.9,200,1,3136.0,632,4,3136.1,200,1,3136.3,400,2
2031,2026-06-16 12:43:22+05:30,3135.7,11,3130.12,2145890,135630.0,204986.0,3163.0,3163.0,3108.0,3134.3,31962800,3447.7,2820.9,3839.9,2896.0,3135.6,18,2,3135.5,14,2,3135.2,16,3,3135.0,153,6,3134.9,22,4,3135.7,223,3,3135.9,200,1,3136.0,632,4,3136.1,200,1,3136.3,400,2
2031,2026-06-16 12:43:22+05:30,3135.7,11,3130.12,2145901,135406.0,205068.0,3163.0,3163.0,3108.0,3134.3,31962800,3447.7,2820.9,3839.9,2896.0,3135.6,19,2,3135.5,17,2,3135.2,1,1,3135.0,103,2,3134.9,10,2,3135.7,237,4,3135.9,200,1,3136.0,632,4,3136.1,248,2,3136.3,400,2
2031,2026-06-16 12:43:22+05:30,3135.7,11,3130.12,2145901,135406.0,205068.0,3163.0,3163.0,3108.0,3134.3,31973200,3447.7,2820.9,3839.9,2896.0,3135.6,19,2,3135.5,17,2,3135.2,1,1,3135.0,103,2,3134.9,10,2,3135.7,237,4,3135.9,200,1,3136.0,632,4,3136.1,248,2,3136.3,400,2
2031,2026-06-16 12:43:23+05:30,3135.7,11,3130.12,2145901,135462.0,204884.0,3163.0,3163.0,3108.0,3134.3,31973200,3447.7,2820.9,3839.9,2896.0,3135.6,32,3,3135.5,1,1,3135.2,1,1,3135.0,108,3,3134.9,10,2,3135.7,237,4,3135.9,200,1,3136.0,632,4,3136.1,248,2,3136.3,400,2
2031,2026-06-16 12:43:24+05:30,3135.7,1,3130.12,2145901,135462.0,204884.0,3163.0,3163.0,3108.0,3134.3,31973200,3447.7,2820.9,3839.9,2896.0,3135.6,32,3,3135.5,1,1,3135.2,1,1,3135.0,108,3,3134.9,10,2,3135.7,237,4,3135.9,200,1,3136.0,632,4,3136.1,248,2,3136.3,400,2
2031,2026-06-16 12:43:24+05:30,3135.7,1,3130.12,2145902,135491.0,205089.0,3163.0,3163.0,3108.0,3134.3,31973200,3447.7,2820.9,3839.9,2896.0,3135.6,32,3,3135.5,1,1,3135.2,1,1,3135.0,108,3,3134.9,23,3,3135.7,436,5,3135.9,200,1,3136.0,632,4,3136.1,248,2,3136.3,400,2
2031,2026-06-16 12:43:25+05:30,3135.7,21,3130.12,2146064,135250.0,205055.0,3163.0,3163.0,3108.0,3134.3,31973200,3447.7,2820.9,3839.9,2896.0,3135.5,16,1,3135.2,1,1,3135.0,108,3,3134.9,23,3,3134.8,41,3,3135.6,1,1,3135.7,274,4,3135.9,200,1,3136.0,632,4,3136.1,200,1
2031,2026-06-16 12:43:26+05:30,3135.7,21,3130.12,2146064,135250.0,205055.0,3163.0,3163.0,3108.0,3134.3,31973200,3447.7,2820.9,3839.9,2896.0,3135.5,16,1,3135.2,1,1,3135.0,108,3,3134.9,23,3,3134.8,41,3,3135.6,1,1,3135.7,274,4,3135.9,200,1,3136.0,632,4,3136.1,200,1
2031,2026-06-16 12:43:26+05:30,3135.7,21,3130.12,2146064,135051.0,204963.0,3163.0,3163.0,3108.0,3134.3,31973200,3447.7,2820.9,3839.9,2896.0,3135.5,15,1,3135.2,1,1,3135.0,33,4,3134.9,1,1,3134.8,18,1,3135.6,1,1,3135.7,274,4,3135.9,200,1,3136.0,632,4,3136.1,248,2
2031,2026-06-16 12:43:27+05:30,3135.0,1,3130.12,2146216,135087.0,204861.0,3163.0,3163.0,3108.0,3134.3,31973200,3447.7,2820.9,3839.9,2896.0,3135.0,32,4,3134.9,1,1,3134.8,18,1,3134.6,42,3,3134.5,16,1,3135.5,200,1,3135.6,201,2,3135.7,49,2,3135.8,200,1,3135.9,250,2
2031,2026-06-16 12:43:28+05:30,3135.0,1,3130.12,2146216,135087.0,204861.0,3163.0,3163.0,3108.0,3134.3,31973200,3447.7,2820.9,3839.9,2896.0,3135.0,32,4,3134.9,1,1,3134.8,18,1,3134.6,42,3,3134.5,16,1,3135.5,200,1,3135.6,201,2,3135.7,49,2,3135.8,200,1,3135.9,250,2
2031,2026-06-16 12:43:28+05:30,3135.0,9,3130.12,2146258,132384.0,205708.0,3163.0,3163.0,3108.0,3134.3,31973200,3447.7,2820.9,3839.9,2896.0,3135.0,4,2,3134.9,1,1,3134.7,16,1,3134.6,12,1,3134.4,23,2,3135.5,260,4,3135.6,278,4,3135.7,83,2,3135.8,277,3,3135.9,388,5
2031,2026-06-16 12:43:29+05:30,3135.5,1,3130.12,2146258,132384.0,205708.0,3163.0,3163.0,3108.0,3134.3,31973200,3447.7,2820.9,3839.9,2896.0,3135.0,4,2,3134.9,1,1,3134.7,16,1,3134.6,12,1,3134.4,23,2,3135.5,260,4,3135.6,278,4,3135.7,83,2,3135.8,277,3,3135.9,388,5
2031,2026-06-16 12:43:29+05:30,3135.5,7,3130.12,2146266,134753.0,205372.0,3163.0,3163.0,3108.0,3134.3,31973200,3447.7,2820.9,3839.9,2896.0,3135.0,98,3,3134.9,1,1,3134.7,14,1,3134.6,12,1,3134.5,12,1,3135.5,230,3,3135.6,200,1,3135.8,200,1,3135.9,343,4,3136.0,643,5
2031,2026-06-16 12:43:30+05:30,3135.5,7,3130.12,2146266,134753.0,205372.0,3163.0,3163.0,3108.0,3134.3,31973200,3447.7,2820.9,3839.9,2896.0,3135.0,98,3,3134.9,1,1,3134.7,14,1,3134.6,12,1,3134.5,12,1,3135.5,230,3,3135.6,200,1,3135.8,200,1,3135.9,343,4,3136.0,643,5
2031,2026-06-16 12:43:30+05:30,3135.5,7,3130.12,2146266,134621.0,203426.0,3163.0,3163.0,3108.0,3134.3,31973200,3447.7,2820.9,3839.9,2896.0,3135.3,2,2,3135.0,118,6,3134.9,1,1,3134.6,25,2,3134.5,25,2,3135.5,311,6,3135.6,200,1,3135.8,200,1,3135.9,298,3,3136.0,604,4
2031,2026-06-16 12:43:31+05:30,3135.5,11,3130.12,2146277,134631.0,205398.0,3163.0,3163.0,3108.0,3134.3,31973200,3447.7,2820.9,3839.9,2896.0,3135.3,2,2,3135.0,118,6,3134.9,11,2,3134.6,25,2,3134.5,25,2,3135.5,300,6,3135.6,200,1,3135.8,200,1,3135.9,298,3,3136.0,582,3
2031,2026-06-16 12:43:32+05:30,3135.5,11,3130.12,2146277,134631.0,205398.0,3163.0,3163.0,3108.0,3134.3,31973200,3447.7,2820.9,3839.9,2896.0,3135.3,2,2,3135.0,118,6,3134.9,11,2,3134.6,25,2,3134.5,25,2,3135.5,300,6,3135.6,200,1,3135.8,200,1,3135.9,298,3,3136.0,582,3
2031,2026-06-16 12:43:32+05:30,3135.5,11,3130.12,2146277,134675.0,205156.0,3163.0,3163.0,3108.0,3134.3,31973200,3447.7,2820.9,3839.9,2896.0,3135.3,2,2,3135.0,144,8,3134.9,11,2,3134.6,25,2,3134.5,25,2,3135.5,300,6,3135.6,200,1,3135.8,200,1,3135.9,298,3,3136.0,582,3
2031,2026-06-16 12:43:33+05:30,3135.5,1,3130.12,2146278,134667.0,204945.0,3163.0,3163.0,3108.0,3134.3,31973200,3447.7,2820.9,3839.9,2896.0,3135.3,2,2,3135.0,136,7,3134.9,11,2,3134.6,12,1,3134.5,25,2,3135.5,326,8,3135.6,200,1,3135.8,200,1,3135.9,430,3,3136.0,582,3
2031,2026-06-16 12:43:34+05:30,3135.5,50,3130.12,2146278,134667.0,204945.0,3163.0,3163.0,3108.0,3134.3,31973200,3447.7,2820.9,3839.9,2896.0,3135.3,2,2,3135.0,136,7,3134.9,11,2,3134.6,12,1,3134.5,25,2,3135.5,326,8,3135.6,200,1,3135.8,200,1,3135.9,430,3,3136.0,582,3
2031,2026-06-16 12:43:34+05:30,3135.5,1,3130.12,2146330,134865.0,203553.0,3163.0,3163.0,3108.0,3134.3,31973200,3447.7,2820.9,3839.9,2896.0,3135.3,2,2,3135.2,17,1,3135.0,119,6,3134.9,11,2,3134.6,12,1,3135.5,274,8,3135.6,200,1,3135.8,200,1,3135.9,430,3,3136.0,582,3
2031,2026-06-16 12:43:35+05:30,3135.3,1,3130.12,2146330,134865.0,203553.0,3163.0,3163.0,3108.0,3134.3,31973200,3447.7,2820.9,3839.9,2896.0,3135.3,2,2,3135.2,17,1,3135.0,119,6,3134.9,11,2,3134.6,12,1,3135.5,274,8,3135.6,200,1,3135.8,200,1,3135.9,430,3,3136.0,582,3
2031,2026-06-16 12:43:35+05:30,3135.3,1,3130.12,2146331,134856.0,205388.0,3163.0,3163.0,3108.0,3134.3,31973200,3447.7,2820.9,3839.9,2896.0,3135.4,2,2,3135.3,15,1,3135.2,17,1,3135.0,127,7,3134.9,11,2,3135.5,232,7,3135.6,200,1,3135.8,248,2,3135.9,430,3,3136.0,582,3
2031,2026-06-16 12:43:36+05:30,3135.5,121,3130.12,2146331,134856.0,205388.0,3163.0,3163.0,3108.0,3134.3,31973200,3447.7,2820.9,3839.9,2896.0,3135.4,2,2,3135.3,15,1,3135.2,17,1,3135.0,127,7,3134.9,11,2,3135.5,232,7,3135.6,200,1,3135.8,248,2,3135.9,430,3,3136.0,582,3
2031,2026-06-16 12:43:36+05:30,3135.5,26,3130.12,2146563,135080.0,205351.0,3163.0,3163.0,3108.0,3134.3,31973200,3447.7,2820.9,3839.9,2896.0,3135.4,2,2,3135.2,16,1,3135.0,126,7,3134.9,11,2,3134.6,42,3,3135.6,200,1,3135.8,248,2,3135.9,430,3,3136.0,582,3,3136.1,48,1
2031,2026-06-16 12:43:37+05:30,3135.2,4,3130.12,2146563,135080.0,205351.0,3163.0,3163.0,3108.0,3134.3,31973200,3447.7,2820.9,3839.9,2896.0,3135.4,2,2,3135.2,16,1,3135.0,126,7,3134.9,11,2,3134.6,42,3,3135.6,200,1,3135.8,248,2,3135.9,430,3,3136.0,582,3,3136.1,48,1
2031,2026-06-16 12:43:37+05:30,3135.0,5,3130.12,2146770,135320.0,203293.0,3163.0,3163.0,3108.0,3134.3,31973200,3447.7,2820.9,3839.9,2896.0,3135.0,430,8,3134.9,11,2,3134.7,13,1,3134.6,12,1,3134.5,26,2,3135.6,200,1,3135.7,50,1,3135.8,248,2,3135.9,430,3,3136.0,582,3
2031,2026-06-16 12:43:38+05:30,3135.0,5,3130.12,2146770,135320.0,203293.0,3163.0,3163.0,3108.0,3134.3,31973200,3447.7,2820.9,3839.9,2896.0,3135.0,430,8,3134.9,11,2,3134.7,13,1,3134.6,12,1,3134.5,26,2,3135.6,200,1,3135.7,50,1,3135.8,248,2,3135.9,430,3,3136.0,582,3
2031,2026-06-16 12:43:38+05:30,3135.8,32,3130.12,2147096,135378.0,205131.0,3163.0,3163.0,3108.0,3134.3,31973200,3447.7,2820.9,3839.9,2896.0,3135.0,452,9,3134.9,24,3,3134.7,39,3,3134.6,25,2,3134.5,28,2,3135.8,168,1,3135.9,430,3,3136.0,582,3,3136.2,530,5,3136.3,40,1
2031,2026-06-16 12:43:39+05:30,3135.8,32,3130.12,2147096,135378.0,205131.0,3163.0,3163.0,3108.0,3134.3,31973200,3447.7,2820.9,3839.9,2896.0,3135.0,452,9,3134.9,24,3,3134.7,39,3,3134.6,25,2,3134.5,28,2,3135.8,168,1,3135.9,430,3,3136.0,582,3,3136.2,530,5,3136.3,40,1
2031,2026-06-16 12:43:39+05:30,3135.3,1,3130.12,2147097,135427.0,203197.0,3163.0,3163.0,3108.0,3134.3,31973200,3447.7,2820.9,3839.9,2896.0,3135.0,522,10,3134.9,31,5,3134.8,32,3,3134.7,20,2,3134.6,34,2,3135.8,168,1,3135.9,180,1,3136.0,632,4,3136.1,200,1,3136.2,178,4
2031,2026-06-16 12:43:40+05:30,3135.8,15,3130.12,2147097,135427.0,203197.0,3163.0,3163.0,3108.0,3134.3,31973200,3447.7,2820.9,3839.9,2896.0,3135.0,522,10,3134.9,31,5,3134.8,32,3,3134.7,20,2,3134.6,34,2,3135.8,168,1,3135.9,180,1,3136.0,632,4,3136.1,200,1,3136.2,178,4
2031,2026-06-16 12:43:40+05:30,3135.8,1,3130.12,2147121,135471.0,203178.0,3163.0,3163.0,3108.0,3134.3,31973200,3447.7,2820.9,3839.9,2896.0,3135.0,512,8,3134.9,18,4,3134.8,32,3,3134.7,37,3,3134.6,34,2,3135.8,144,1,3135.9,180,1,3136.0,632,4,3136.1,200,1,3136.2,178,4
2031,2026-06-16 12:43:41+05:30,3135.8,1,3130.12,2147121,135471.0,203178.0,3163.0,3163.0,3108.0,3134.3,31973200,3447.7,2820.9,3839.9,2896.0,3135.0,512,8,3134.9,18,4,3134.8,32,3,3134.7,37,3,3134.6,34,2,3135.8,144,1,3135.9,180,1,3136.0,632,4,3136.1,200,1,3136.2,178,4
2031,2026-06-16 12:43:41+05:30,3135.8,1,3130.12,2147121,135500.0,203233.0,3163.0,3163.0,3108.0,3134.3,31973200,3447.7,2820.9,3839.9,2896.0,3135.0,512,8,3134.9,26,4,3134.8,26,2,3134.7,13,1,3134.6,13,1,3135.8,199,2,3135.9,180,1,3136.0,632,4,3136.1,200,1,3136.2,178,4
2031,2026-06-16 12:43:42+05:30,3135.0,90,3130.12,2147371,135109.0,205337.0,3163.0,3163.0,3108.0,3134.3,31973200,3447.7,2820.9,3839.9,2896.0,3135.0,333,7,3134.9,11,2,3134.7,16,1,3134.6,13,1,3134.5,31,2,3135.6,200,1,3135.7,94,1,3135.8,55,1,3135.9,430,3,3136.0,582,3
2031,2026-06-16 12:43:43+05:30,3135.6,15,3130.12,2147371,135109.0,205337.0,3163.0,3163.0,3108.0,3134.3,31973200,3447.7,2820.9,3839.9,2896.0,3135.0,333,7,3134.9,11,2,3134.7,16,1,3134.6,13,1,3134.5,31,2,3135.6,200,1,3135.7,94,1,3135.8,55,1,3135.9,430,3,3136.0,582,3
2031,2026-06-16 12:43:44+05:30,3135.6,15,3130.12,2147386,135182.0,205322.0,3163.0,3163.0,3108.0,3134.3,31973200,3447.7,2820.9,3839.9,2896.0,3135.0,349,8,3134.9,11,2,3134.7,29,2,3134.6,13,1,3134.5,31,2,3135.6,185,1,3135.7,94,1,3135.8,55,1,3135.9,430,3,3136.0,630,4
2031,2026-06-16 12:43:45+05:30,3135.6,1,3130.12,2147387,135176.0,205322.0,3163.0,3163.0,3108.0,3134.3,31973200,3447.7,2820.9,3839.9,2896.0,3135.0,349,8,3134.9,11,2,3134.7,29,2,3134.6,13,1,3134.5,31,2,3135.6,184,1,3135.7,94,1,3135.8,55,1,3135.9,430,3,3136.0,630,4
2031,2026-06-16 12:43:45+05:30,3135.6,1,3130.12,2147387,135176.0,205322.0,3163.0,3163.0,3108.0,3134.3,31973200,3447.7,2820.9,3839.9,2896.0,3135.0,349,8,3134.9,11,2,3134.7,29,2,3134.6,13,1,3134.5,31,2,3135.6,184,1,3135.7,94,1,3135.8,55,1,3135.9,430,3,3136.0,630,4
2031,2026-06-16 12:43:46+05:30,3135.3,1,3130.12,2147389,135262.0,205273.0,3163.0,3163.0,3108.0,3134.3,31973200,3447.7,2820.9,3839.9,2896.0,3135.3,2,2,3135.0,350,9,3134.9,32,4,3134.7,40,3,3134.6,13,1,3135.6,184,1,3135.7,94,1,3135.8,55,1,3135.9,430,3,3136.0,582,3
2031,2026-06-16 12:43:46+05:30,3135.3,1,3130.12,2147389,135262.0,205273.0,3163.0,3163.0,3108.0,3134.3,31973200,3447.7,2820.9,3839.9,2896.0,3135.3,2,2,3135.0,350,9,3134.9,32,4,3134.7,40,3,3134.6,13,1,3135.6,184,1,3135.7,94,1,3135.8,55,1,3135.9,430,3,3136.0,582,3
2031,2026-06-16 12:43:46+05:30,3135.6,1,3130.12,2147390,135277.0,205289.0,3163.0,3163.0,3108.0,3134.3,31973200,3447.7,2820.9,3839.9,2896.0,3135.3,2,2,3135.0,350,9,3134.9,32,4,3134.7,40,3,3134.6,13,1,3135.6,209,2,3135.7,94,1,3135.8,55,1,3135.9,430,3,3136.0,582,3
2031,2026-06-16 12:43:47+05:30,3135.6,1,3130.12,2147390,135277.0,205289.0,3163.0,3163.0,3108.0,3134.3,31973200,3447.7,2820.9,3839.9,2896.0,3135.3,2,2,3135.0,350,9,3134.9,32,4,3134.7,40,3,3134.6,13,1,3135.6,209,2,3135.7,94,1,3135.8,55,1,3135.9,430,3,3136.0,582,3
2031,2026-06-16 12:43:47+05:30,3135.6,1,3130.12,2147390,134878.0,205291.0,3163.0,3163.0,3108.0,3134.3,31973200,3447.7,2820.9,3839.9,2896.0,3135.3,2,2,3135.0,350,9,3134.9,32,4,3134.7,40,3,3134.6,13,1,3135.6,209,2,3135.7,94,1,3135.8,55,1,3135.9,430,3,3136.0,582,3
2031,2026-06-16 12:43:48+05:30,3135.6,1,3130.12,2147390,135298.0,205297.0,3163.0,3163.0,3108.0,3134.3,31973200,3447.7,2820.9,3839.9,2896.0,3135.3,41,3,3135.2,15,1,3135.0,334,8,3134.9,24,3,3134.7,40,3,3135.6,26,1,3135.7,183,1,3135.8,55,1,3135.9,274,2,3136.0,632,4
2031,2026-06-16 12:43:49+05:30,3135.3,1,3130.12,2147393,135325.0,205252.0,3163.0,3163.0,3108.0,3134.3,31973200,3447.7,2820.9,3839.9,2896.0,3135.3,39,2,3135.2,15,1,3135.0,334,8,3134.9,24,3,3134.7,40,3,3135.6,26,1,3135.7,183,1,3135.8,55,1,3135.9,274,2,3136.0,632,4
2031,2026-06-16 12:43:50+05:30,3135.6,1,3130.12,2147393,135325.0,205252.0,3163.0,3163.0,3108.0,3134.3,31973200,3447.7,2820.9,3839.9,2896.0,3135.3,39,2,3135.2,15,1,3135.0,334,8,3134.9,24,3,3134.7,40,3,3135.6,26,1,3135.7,183,1,3135.8,55,1,3135.9,274,2,3136.0,632,4
2031,2026-06-16 12:43:50+05:30,3135.3,13,3130.12,2147602,135258.0,205031.0,3163.0,3163.0,3108.0,3134.3,31973200,3447.7,2820.9,3839.9,2896.0,3135.2,25,2,3135.0,332,8,3134.9,14,2,3134.8,13,1,3134.7,79,4,3135.6,33,2,3135.8,55,1,3135.9,274,2,3136.0,632,4,3136.1,200,1
2031,2026-06-16 12:43:51+05:30,3135.3,13,3130.12,2147602,135258.0,205031.0,3163.0,3163.0,3108.0,3134.3,31973200,3447.7,2820.9,3839.9,2896.0,3135.2,25,2,3135.0,332,8,3134.9,14,2,3134.8,13,1,3134.7,79,4,3135.6,33,2,3135.8,55,1,3135.9,274,2,3136.0,632,4,3136.1,200,1
2031,2026-06-16 12:43:51+05:30,3135.3,13,3130.12,2147602,135179.0,205022.0,3163.0,3163.0,3108.0,3134.3,31973200,3447.7,2820.9,3839.9,2896.0,3135.3,2,1,3135.0,350,9,3134.9,1,1,3134.8,13,1,3134.7,33,3,3135.6,72,3,3135.8,55,1,3135.9,274,2,3136.0,632,4,3136.1,200,1
2031,2026-06-16 12:43:52+05:30,3135.3,13,3130.12,2147602,135243.0,204982.0,3163.0,3163.0,3108.0,3134.3,31973200,3447.7,2820.9,3839.9,2896.0,3135.3,2,1,3135.0,350,9,3134.9,12,2,3134.8,13,1,3134.7,33,3,3135.6,72,3,3135.8,55,1,3135.9,274,2,3136.0,632,4,3136.1,200,1
2031,2026-06-16 12:43:53+05:30,3135.6,1,3130.12,2147603,135190.0,204981.0,3163.0,3163.0,3108.0,3134.3,31973200,3447.7,2820.9,3839.9,2896.0,3135.3,2,1,3135.0,350,9,3134.9,12,2,3134.8,13,1,3134.7,33,3,3135.6,73,4,3135.8,55,1,3135.9,274,2,3136.0,632,4,3136.1,200,1
2031,2026-06-16 12:43:54+05:30,3135.6,1,3130.12,2147603,135190.0,204981.0,3163.0,3163.0,3108.0,3134.3,31973200,3447.7,2820.9,3839.9,2896.0,3135.3,2,1,3135.0,350,9,3134.9,12,2,3134.8,13,1,3134.7,33,3,3135.6,73,4,3135.8,55,1,3135.9,274,2,3136.0,632,4,3136.1,200,1
2031,2026-06-16 12:43:54+05:30,3135.6,1,3130.12,2147645,135421.0,204967.0,3163.0,3163.0,3108.0,3134.3,31973200,3447.7,2820.9,3839.9,2896.0,3135.6,12,1,3135.3,2,1,3135.0,358,10,3134.9,60,3,3134.8,26,2,3135.8,55,1,3135.9,274,2,3136.0,632,4,3136.1,200,1,3136.3,400,2
2031,2026-06-16 12:43:55+05:30,3135.6,1,3130.12,2147645,135421.0,204967.0,3163.0,3163.0,3108.0,3134.3,31973200,3447.7,2820.9,3839.9,2896.0,3135.6,12,1,3135.3,2,1,3135.0,358,10,3134.9,60,3,3134.8,26,2,3135.8,55,1,3135.9,274,2,3136.0,632,4,3136.1,200,1,3136.3,400,2
2031,2026-06-16 12:43:55+05:30,3135.8,1,3130.12,2147655,135381.0,205158.0,3163.0,3163.0,3108.0,3134.3,31973200,3447.7,2820.9,3839.9,2896.0,3135.5,16,1,3135.3,18,2,3135.0,325,7,3134.9,60,3,3134.8,26,2,3135.8,45,1,3135.9,274,2,3136.0,632,4,3136.1,200,1,3136.3,400,2
2031,2026-06-16 12:43:56+05:30,3135.8,1,3130.12,2147655,135381.0,205158.0,3163.0,3163.0,3108.0,3134.3,31973200,3447.7,2820.9,3839.9,2896.0,3135.5,16,1,3135.3,18,2,3135.0,325,7,3134.9,60,3,3134.8,26,2,3135.8,45,1,3135.9,274,2,3136.0,632,4,3136.1,200,1,3136.3,400,2
2031,2026-06-16 12:43:56+05:30,3135.8,1,3130.12,2147655,135694.0,205260.0,3163.0,3163.0,3108.0,3134.3,31973200,3447.7,2820.9,3839.9,2896.0,3135.6,17,1,3135.3,2,1,3135.1,13,1,3135.0,340,8,3134.9,60,3,3135.8,45,1,3135.9,274,2,3136.0,632,4,3136.1,200,1,3136.3,400,2
2031,2026-06-16 12:43:57+05:30,3135.7,100,3130.12,2147755,135749.0,203413.0,3163.0,3163.0,3108.0,3134.3,31973200,3447.7,2820.9,3839.9,2896.0,3135.7,17,1,3135.3,2,1,3135.1,13,1,3135.0,340,8,3134.9,60,3,3135.8,76,2,3135.9,274,2,3136.0,632,4,3136.1,200,1,3136.3,400,2
2031,2026-06-16 12:43:58+05:30,3135.7,100,3130.12,2147755,135749.0,203413.0,3163.0,3163.0,3108.0,3134.3,31973200,3447.7,2820.9,3839.9,2896.0,3135.7,17,1,3135.3,2,1,3135.1,13,1,3135.0,340,8,3134.9,60,3,3135.8,76,2,3135.9,274,2,3136.0,632,4,3136.1,200,1,3136.3,400,2
2031,2026-06-16 12:43:58+05:30,3135.7,100,3130.12,2147755,135685.0,205251.0,3163.0,3163.0,3108.0,3134.3,31973200,3447.7,2820.9,3839.9,2896.0,3135.7,18,2,3135.3,2,1,3135.2,26,2,3135.0,273,7,3134.9,49,2,3135.8,103,4,3135.9,274,2,3136.0,632,4,3136.1,200,1,3136.3,400,2
2031,2026-06-16 12:43:59+05:30,3135.8,5,3130.12,2147755,135685.0,205251.0,3163.0,3163.0,3108.0,3134.3,31973200,3447.7,2820.9,3839.9,2896.0,3135.7,18,2,3135.3,2,1,3135.2,26,2,3135.0,273,7,3134.9,49,2,3135.8,103,4,3135.9,274,2,3136.0,632,4,3136.1,200,1,3136.3,400,2
2031,2026-06-16 12:43:59+05:30,3135.8,5,3130.12,2147760,135658.0,205241.0,3163.0,3163.0,3108.0,3134.3,31973200,3447.7,2820.9,3839.9,2896.0,3135.7,18,2,3135.3,2,1,3135.2,26,2,3135.0,290,8,3134.9,49,2,3135.8,98,4,3135.9,274,2,3136.0,632,4,3136.1,200,1,3136.3,400,2
2031,2026-06-16 12:44:00+05:30,3135.8,1,3130.12,2147760,135658.0,205241.0,3163.0,3163.0,3108.0,3134.3,31973200,3447.7,2820.9,3839.9,2896.0,3135.7,18,2,3135.3,2,1,3135.2,26,2,3135.0,290,8,3134.9,49,2,3135.8,98,4,3135.9,274,2,3136.0,632,4,3136.1,200,1,3136.3,400,2
2031,2026-06-16 12:44:00+05:30,3135.8,2,3130.12,2147765,135690.0,205434.0,3163.0,3163.0,3108.0,3134.3,31973200,3447.7,2820.9,3839.9,2896.0,3135.7,19,3,3135.3,26,3,3135.2,23,2,3135.0,280,8,3134.9,14,2,3135.8,94,5,3135.9,274,2,3136.0,632,4,3136.1,200,1,3136.3,400,2
2031,2026-06-16 12:44:01+05:30,3135.7,17,3130.12,2147765,135690.0,205434.0,3163.0,3163.0,3108.0,3134.3,31973200,3447.7,2820.9,3839.9,2896.0,3135.7,19,3,3135.3,26,3,3135.2,23,2,3135.0,280,8,3134.9,14,2,3135.8,94,5,3135.9,274,2,3136.0,632,4,3136.1,200,1,3136.3,400,2
2031,2026-06-16 12:44:01+05:30,3135.8,11,3130.12,2147821,136223.0,205376.0,3163.0,3163.0,3108.0,3134.3,31973200,3447.7,2820.9,3839.9,2896.0,3135.7,19,3,3135.5,17,1,3135.4,15,1,3135.2,35,3,3135.1,15,1,3135.8,57,5,3135.9,274,2,3136.0,632,4,3136.1,200,1,3136.3,400,2
2031,2026-06-16 12:44:02+05:30,3135.8,11,3130.12,2147821,136223.0,205376.0,3163.0,3163.0,3108.0,3134.3,31973200,3447.7,2820.9,3839.9,2896.0,3135.7,19,3,3135.5,17,1,3135.4,15,1,3135.2,35,3,3135.1,15,1,3135.8,57,5,3135.9,274,2,3136.0,632,4,3136.1,200,1,3136.3,400,2
2031,2026-06-16 12:44:02+05:30,3135.8,40,3130.12,2147973,136174.0,205311.0,3163.0,3163.0,3108.0,3134.3,31973200,3447.7,2820.9,3839.9,2896.0,3135.7,19,3,3135.6,15,1,3135.5,13,1,3135.4,13,1,3135.2,35,3,3135.8,6,1,3135.9,274,2,3136.0,632,4,3136.1,200,1,3136.3,400,2
2031,2026-06-16 12:44:03+05:30,3135.8,40,3130.12,2147973,136174.0,205311.0,3163.0,3163.0,3108.0,3134.3,31973200,3447.7,2820.9,3839.9,2896.0,3135.7,19,3,3135.6,15,1,3135.5,13,1,3135.4,13,1,3135.2,35,3,3135.8,6,1,3135.9,274,2,3136.0,632,4,3136.1,200,1,3136.3,400,2
2031,2026-06-16 12:44:03+05:30,3135.8,40,3130.12,2147973,136174.0,205311.0,3163.0,3163.0,3108.0,3134.3,31973200,3447.7,2820.9,3839.9,2896.0,3135.7,19,3,3135.6,15,1,3135.5,13,1,3135.4,13,1,3135.2,35,3,3135.8,6,1,3135.9,274,2,3136.0,632,4,3136.1,200,1,3136.3,400,2
2031,2026-06-16 12:44:03+05:30,3135.6,10,3130.12,2148173,135595.0,204944.0,3163.0,3163.0,3108.0,3134.3,31973200,3447.7,2820.9,3839.9,2896.0,3135.6,43,4,3135.4,14,2,3135.2,13,1,3135.1,37,3,3135.0,298,10,3135.8,6,1,3135.9,274,2,3136.0,632,4,3136.1,200,1,3136.3,400,2
2031,2026-06-16 12:44:04+05:30,3135.6,10,3130.12,2148173,135595.0,204944.0,3163.0,3163.0,3108.0,3134.3,31973200,3447.7,2820.9,3839.9,2896.0,3135.6,43,4,3135.4,14,2,3135.2,13,1,3135.1,37,3,3135.0,298,10,3135.8,6,1,3135.9,274,2,3136.0,632,4,3136.1,200,1,3136.3,400,2
2031,2026-06-16 12:44:04+05:30,3135.6,10,3130.12,2148173,135674.0,204963.0,3163.0,3163.0,3108.0,3134.3,31973200,3447.7,2820.9,3839.9,2896.0,3135.6,40,1,3135.4,29,3,3135.2,29,2,3135.1,37,3,3135.0,291,9,3135.8,30,2,3135.9,274,2,3136.0,632,4,3136.1,200,1,3136.3,400,2
2031,2026-06-16 12:44:05+05:30,3135.6,10,3130.12,2148173,135674.0,204963.0,3163.0,3163.0,3108.0,3134.3,31973200,3447.7,2820.9,3839.9,2896.0,3135.6,40,1,3135.4,29,3,3135.2,29,2,3135.1,37,3,3135.0,291,9,3135.8,30,2,3135.9,274,2,3136.0,632,4,3136.1,200,1,3136.3,400,2
2031,2026-06-16 12:44:05+05:30,3135.6,1,3130.12,2148174,135686.0,204979.0,3163.0,3163.0,3108.0,3134.3,31973200,3447.7,2820.9,3839.9,2896.0,3135.6,39,1,3135.4,29,3,3135.3,13,1,3135.2,29,2,3135.1,37,3,3135.8,30,2,3135.9,274,2,3136.0,633,5,3136.1,200,1,3136.3,400,2
2031,2026-06-16 12:44:06+05:30,3135.8,1,3130.12,2148174,135686.0,204979.0,3163.0,3163.0,3108.0,3134.3,31973200,3447.7,2820.9,3839.9,2896.0,3135.6,39,1,3135.4,29,3,3135.3,13,1,3135.2,29,2,3135.1,37,3,3135.8,30,2,3135.9,274,2,3136.0,633,5,3136.1,200,1,3136.3,400,2
2031,2026-06-16 12:44:06+05:30,3135.6,12,3130.12,2148376,135622.0,205037.0,3163.0,3163.0,3108.0,3134.3,31973200,3447.7,2820.9,3839.9,2896.0,3135.6,29,3,3135.4,13,1,3135.3,13,1,3135.2,12,1,3135.1,37,3,3135.8,28,2,3135.9,274,2,3136.0,633,5,3136.1,200,1,3136.3,400,2
2031,2026-06-16 12:44:07+05:30,3135.2,12,3130.12,2148376,135622.0,205037.0,3163.0,3163.0,3108.0,3134.3,31973200,3447.7,2820.9,3839.9,2896.0,3135.6,29,3,3135.4,13,1,3135.3,13,1,3135.2,12,1,3135.1,37,3,3135.8,28,2,3135.9,274,2,3136.0,633,5,3136.1,200,1,3136.3,400,2
2031,2026-06-16 12:44:07+05:30,3135.2,12,3130.12,2148376,135622.0,205037.0,3163.0,3163.0,3108.0,3134.3,31973200,3447.7,2820.9,3839.9,2896.0,3135.6,29,3,3135.4,13,1,3135.3,13,1,3135.2,12,1,3135.1,37,3,3135.8,28,2,3135.9,274,2,3136.0,633,5,3136.1,200,1,3136.3,400,2
2031,2026-06-16 12:44:07+05:30,3135.2,12,3130.12,2148564,134605.0,204491.0,3163.0,3163.0,3108.0,3134.3,31973200,3447.7,2820.9,3839.9,2896.0,3135.1,14,1,3135.0,284,9,3134.9,5,2,3134.8,46,4,3134.7,273,4,3135.2,12,1,3135.8,28,2,3135.9,180,1,3136.0,383,3,3136.2,21,1
2031,2026-06-16 12:44:08+05:30,3135.2,12,3130.12,2148564,134516.0,205045.0,3163.0,3163.0,3108.0,3134.3,31973200,3447.7,2820.9,3839.9,2896.0,3135.1,14,1,3135.0,284,9,3134.9,1,1,3134.8,46,4,3134.7,27,2,3135.2,26,2,3135.8,28,2,3135.9,180,1,3136.0,383,3,3136.2,21,1
2031,2026-06-16 12:44:09+05:30,3135.2,12,3130.12,2148564,134516.0,205045.0,3163.0,3163.0,3108.0,3134.3,31973200,3447.7,2820.9,3839.9,2896.0,3135.1,14,1,3135.0,284,9,3134.9,1,1,3134.8,46,4,3134.7,27,2,3135.2,26,2,3135.8,28,2,3135.9,180,1,3136.0,383,3,3136.2,21,1
2031,2026-06-16 12:44:09+05:30,3135.2,5,3130.12,2148564,134516.0,205045.0,3163.0,3163.0,3108.0,3134.3,31973200,3447.7,2820.9,3839.9,2896.0,3135.1,14,1,3135.0,284,9,3134.9,1,1,3134.8,46,4,3134.7,27,2,3135.2,26,2,3135.8,28,2,3135.9,180,1,3136.0,383,3,3136.2,21,1
2031,2026-06-16 12:44:09+05:30,3135.2,5,3130.12,2148581,134549.0,205026.0,3163.0,3163.0,3108.0,3134.3,31973200,3447.7,2820.9,3839.9,2896.0,3135.1,14,1,3135.0,284,9,3134.9,31,2,3134.8,46,4,3134.7,273,4,3135.2,9,1,3135.8,33,3,3135.9,180,1,3136.0,383,3,3136.2,21,1
2031,2026-06-16 12:44:10+05:30,3135.8,1,3130.12,2148586,134751.0,204731.0,3163.0,3163.0,3108.0,3134.3,31973200,3447.7,2820.9,3839.9,2896.0,3135.1,14,1,3135.0,284,9,3134.9,31,2,3134.8,46,4,3134.7,73,3,3135.2,26,1,3135.8,32,3,3135.9,180,1,3136.0,383,3,3136.2,21,1
2031,2026-06-16 12:44:11+05:30,3135.8,1,3130.12,2148586,134751.0,204731.0,3163.0,3163.0,3108.0,3134.3,31973200,3447.7,2820.9,3839.9,2896.0,3135.1,14,1,3135.0,284,9,3134.9,31,2,3134.8,46,4,3134.7,73,3,3135.2,26,1,3135.8,32,3,3135.9,180,1,3136.0,383,3,3136.2,21,1
2031,2026-06-16 12:44:11+05:30,3135.8,1,3130.12,2148586,134751.0,204731.0,3163.0,3163.0,3108.0,3134.3,31973200,3447.7,2820.9,3839.9,2896.0,3135.1,14,1,3135.0,284,9,3134.9,31,2,3134.8,46,4,3134.7,73,3,3135.2,26,1,3135.8,32,3,3135.9,180,1,3136.0,383,3,3136.2,21,1
2031,2026-06-16 12:44:11+05:30,3135.2,1,3130.12,2148587,134679.0,204671.0,3163.0,3163.0,3108.0,3134.3,31973200,3447.7,2820.9,3839.9,2896.0,3135.1,14,1,3135.0,300,10,3134.9,31,2,3134.8,32,3,3134.7,73,3,3135.2,25,1,3135.8,9,2,3135.9,180,1,3136.0,387,3,3136.2,21,1
2031,2026-06-16 12:44:12+05:30,3135.2,11,3130.12,2148587,134679.0,204671.0,3163.0,3163.0,3108.0,3134.3,31973200,3447.7,2820.9,3839.9,2896.0,3135.1,14,1,3135.0,300,10,3134.9,31,2,3134.8,32,3,3134.7,73,3,3135.2,25,1,3135.8,9,2,3135.9,180,1,3136.0,387,3,3136.2,21,1
2031,2026-06-16 12:44:12+05:30,3135.2,3,3130.12,2148615,134612.0,205431.0,3163.0,3163.0,3108.0,3134.3,31973200,3447.7,2820.9,3839.9,2896.0,3135.1,14,1,3135.0,273,8,3134.9,31,2,3134.7,46,1,3134.6,70,5,3135.2,35,1,3135.8,9,2,3135.9,180,1,3136.0,387,3,3136.2,21,1
2031,2026-06-16 12:44:12+05:30,3135.2,3,3130.12,2148615,134612.0,205431.0,3163.0,3163.0,3108.0,3134.3,31973200,3447.7,2820.9,3839.9,2896.0,3135.1,14,1,3135.0,273,8,3134.9,31,2,3134.7,46,1,3134.6,70,5,3135.2,35,1,3135.8,9,2,3135.9,180,1,3136.0,387,3,3136.2,21,1
2031,2026-06-16 12:44:13+05:30,3135.1,3,3130.12,2148615,134612.0,205431.0,3163.0,3163.0,3108.0,3134.3,31973200,3447.7,2820.9,3839.9,2896.0,3135.1,14,1,3135.0,273,8,3134.9,31,2,3134.7,46,1,3134.6,70,5,3135.2,35,1,3135.8,9,2,3135.9,180,1,3136.0,387,3,3136.2,21,1
2031,2026-06-16 12:44:13+05:30,3135.1,33,3130.12,2148694,134840.0,205207.0,3163.0,3163.0,3108.0,3134.3,31973200,3447.7,2820.9,3839.9,2896.0,3135.1,42,3,3135.0,301,10,3134.9,31,2,3134.8,28,2,3134.7,46,1,3135.2,3,1,3135.8,9,2,3135.9,180,1,3136.0,387,3,3136.2,21,1
2031,2026-06-16 12:44:14+05:30,3135.1,33,3130.12,2148694,134840.0,205207.0,3163.0,3163.0,3108.0,3134.3,31973200,3447.7,2820.9,3839.9,2896.0,3135.1,42,3,3135.0,301,10,3134.9,31,2,3134.8,28,2,3134.7,46,1,3135.2,3,1,3135.8,9,2,3135.9,180,1,3136.0,387,3,3136.2,21,1
2031,2026-06-16 12:44:14+05:30,3135.1,33,3130.12,2148694,134840.0,205207.0,3163.0,3163.0,3108.0,3134.3,31973200,3447.7,2820.9,3839.9,2896.0,3135.1,42,3,3135.0,301,10,3134.9,31,2,3134.8,28,2,3134.7,46,1,3135.2,3,1,3135.8,9,2,3135.9,180,1,3136.0,387,3,3136.2,21,1
2031,2026-06-16 12:44:14+05:30,3135.2,1,3130.12,2148698,135116.0,204973.0,3163.0,3163.0,3108.0,3134.3,31973200,3447.7,2820.9,3839.9,2896.0,3135.2,11,1,3135.1,75,3,3135.0,305,8,3134.9,31,2,3134.8,14,1,3135.8,9,2,3135.9,180,1,3136.0,428,4,3136.2,51,1,3136.4,21,1
2031,2026-06-16 12:44:15+05:30,3135.2,1,3130.12,2148698,135116.0,204973.0,3163.0,3163.0,3108.0,3134.3,31973200,3447.7,2820.9,3839.9,2896.0,3135.2,11,1,3135.1,75,3,3135.0,305,8,3134.9,31,2,3134.8,14,1,3135.8,9,2,3135.9,180,1,3136.0,428,4,3136.2,51,1,3136.4,21,1
2031,2026-06-16 12:44:15+05:30,3135.2,1,3130.12,2148698,135116.0,204973.0,3163.0,3163.0,3108.0,3134.3,31973200,3447.7,2820.9,3839.9,2896.0,3135.2,11,1,3135.1,75,3,3135.0,305,8,3134.9,31,2,3134.8,14,1,3135.8,9,2,3135.9,180,1,3136.0,428,4,3136.2,51,1,3136.4,21,1
2031,2026-06-16 12:44:15+05:30,3135.2,1,3130.12,2148698,135321.0,205282.0,3163.0,3163.0,3108.0,3134.3,31973200,3447.7,2820.9,3839.9,2896.0,3135.5,2,2,3135.4,14,1,3135.2,13,3,3135.1,61,2,3135.0,349,11,3135.7,3,1,3135.8,9,2,3135.9,180,1,3136.0,387,3,3136.4,21,1
2031,2026-06-16 12:44:15+05:30,3135.2,1,3130.12,2148698,135321.0,205282.0,3163.0,3163.0,3108.0,3134.3,31973200,3447.7,2820.9,3839.9,2896.0,3135.5,2,2,3135.4,14,1,3135.2,13,3,3135.1,61,2,3135.0,349,11,3135.7,3,1,3135.8,9,2,3135.9,180,1,3136.0,387,3,3136.4,21,1
2031,2026-06-16 12:44:16+05:30,3135.2,1,3130.12,2148698,135321.0,205282.0,3163.0,3163.0,3108.0,3134.3,31973200,3447.7,2820.9,3839.9,2896.0,3135.5,2,2,3135.4,14,1,3135.2,13,3,3135.1,61,2,3135.0,349,11,3135.7,3,1,3135.8,9,2,3135.9,180,1,3136.0,387,3,3136.4,21,1
2031,2026-06-16 12:44:16+05:30,3135.2,1,3130.12,2148698,135340.0,205320.0,3163.0,3163.0,3108.0,3134.3,31973200,3447.7,2820.9,3839.9,2896.0,3135.5,2,2,3135.2,13,3,3135.1,61,2,3135.0,347,11,3134.9,31,2,3135.7,3,1,3135.8,9,2,3135.9,180,1,3136.0,387,3,3136.4,21,1
2031,2026-06-16 12:44:16+05:30,3135.2,1,3130.12,2148698,135340.0,205320.0,3163.0,3163.0,3108.0,3134.3,31973200,3447.7,2820.9,3839.9,2896.0,3135.5,2,2,3135.2,13,3,3135.1,61,2,3135.0,347,11,3134.9,31,2,3135.7,3,1,3135.8,9,2,3135.9,180,1,3136.0,387,3,3136.4,21,1
2031,2026-06-16 12:44:17+05:30,3135.9,6,3130.12,2148698,135340.0,205320.0,3163.0,3163.0,3108.0,3134.3,31973200,3447.7,2820.9,3839.9,2896.0,3135.5,2,2,3135.2,13,3,3135.1,61,2,3135.0,347,11,3134.9,31,2,3135.7,3,1,3135.8,9,2,3135.9,180,1,3136.0,387,3,3136.4,21,1
2031,2026-06-16 12:44:17+05:30,3135.9,6,3130.12,2148698,135340.0,205320.0,3163.0,3163.0,3108.0,3134.3,31973200,3447.7,2820.9,3839.9,2896.0,3135.5,2,2,3135.2,13,3,3135.1,61,2,3135.0,347,11,3134.9,31,2,3135.7,3,1,3135.8,9,2,3135.9,180,1,3136.0,387,3,3136.4,21,1
2031,2026-06-16 12:44:17+05:30,3135.6,10,3130.12,2148726,135539.0,205341.0,3163.0,3163.0,3108.0,3134.3,31973200,3447.7,2820.9,3839.9,2896.0,3135.6,6,1,3135.5,2,2,3135.2,2,2,3135.1,61,2,3135.0,328,9,3135.7,7,1,3135.9,174,1,3136.0,387,3,3136.4,21,1,3136.5,140,2
2031,2026-06-16 12:44:18+05:30,3135.6,10,3130.12,2148726,135539.0,205341.0,3163.0,3163.0,3108.0,3134.3,31973200,3447.7,2820.9,3839.9,2896.0,3135.6,6,1,3135.5,2,2,3135.2,2,2,3135.1,61,2,3135.0,328,9,3135.7,7,1,3135.9,174,1,3136.0,387,3,3136.4,21,1,3136.5,140,2
2031,2026-06-16 12:44:18+05:30,3135.6,10,3130.12,2148726,135539.0,205341.0,3163.0,3163.0,3108.0,3134.3,31973200,3447.7,2820.9,3839.9,2896.0,3135.6,6,1,3135.5,2,2,3135.2,2,2,3135.1,61,2,3135.0,328,9,3135.7,7,1,3135.9,174,1,3136.0,387,3,3136.4,21,1,3136.5,140,2
2031,2026-06-16 12:44:18+05:30,3135.7,2,3130.12,2148728,135519.0,205248.0,3163.0,3163.0,3108.0,3134.3,31973200,3447.7,2820.9,3839.9,2896.0,3135.7,15,1,3135.5,2,2,3135.2,2,2,3135.1,61,2,3135.0,281,8,3135.9,174,1,3136.0,387,3,3136.1,20,1,3136.3,30,1,3136.5,140,2
2031,2026-06-16 12:44:19+05:30,3135.7,2,3130.12,2148728,135519.0,205248.0,3163.0,3163.0,3108.0,3134.3,31973200,3447.7,2820.9,3839.9,2896.0,3135.7,15,1,3135.5,2,2,3135.2,2,2,3135.1,61,2,3135.0,281,8,3135.9,174,1,3136.0,387,3,3136.1,20,1,3136.3,30,1,3136.5,140,2
2031,2026-06-16 12:44:19+05:30,3135.7,2,3130.12,2148728,135519.0,205248.0,3163.0,3163.0,3108.0,3134.3,31973200,3447.7,2820.9,3839.9,2896.0,3135.7,15,1,3135.5,2,2,3135.2,2,2,3135.1,61,2,3135.0,281,8,3135.9,174,1,3136.0,387,3,3136.1,20,1,3136.3,30,1,3136.5,140,2
2031,2026-06-16 12:44:19+05:30,3135.9,1,3130.12,2148873,135518.0,205305.0,3163.0,3163.0,3108.0,3134.3,31973200,3447.7,2820.9,3839.9,2896.0,3135.5,17,3,3135.2,1,1,3135.1,61,2,3135.0,281,8,3134.9,1,1,3135.9,58,2,3136.0,387,3,3136.3,30,1,3136.5,140,2,3136.6,429,7
2031,2026-06-16 12:44:19+05:30,3135.9,1,3130.12,2148873,135518.0,205305.0,3163.0,3163.0,3108.0,3134.3,31973200,3447.7,2820.9,3839.9,2896.0,3135.5,17,3,3135.2,1,1,3135.1,61,2,3135.0,281,8,3134.9,1,1,3135.9,58,2,3136.0,387,3,3136.3,30,1,3136.5,140,2,3136.6,429,7
2031,2026-06-16 12:44:20+05:30,3135.9,1,3130.12,2148873,135518.0,205305.0,3163.0,3163.0,3108.0,3134.3,31973200,3447.7,2820.9,3839.9,2896.0,3135.5,17,3,3135.2,1,1,3135.1,61,2,3135.0,281,8,3134.9,1,1,3135.9,58,2,3136.0,387,3,3136.3,30,1,3136.5,140,2,3136.6,429,7
2031,2026-06-16 12:44:20+05:30,3135.9,1,3130.12,2148873,135518.0,205305.0,3163.0,3163.0,3108.0,3134.3,31973200,3447.7,2820.9,3839.9,2896.0,3135.5,17,3,3135.2,1,1,3135.1,61,2,3135.0,281,8,3134.9,1,1,3135.9,58,2,3136.0,387,3,3136.3,30,1,3136.5,140,2,3136.6,429,7
2031,2026-06-16 12:44:20+05:30,3135.9,1,3130.12,2148873,135986.0,204834.0,3163.0,3163.0,3108.0,3134.3,31973200,3447.7,2820.9,3839.9,2896.0,3135.7,2,2,3135.5,59,2,3135.2,1,1,3135.1,61,2,3135.0,327,9,3135.8,4,1,3135.9,59,3,3136.0,387,3,3136.3,30,1,3136.5,94,1
2031,2026-06-16 12:44:21+05:30,3135.7,1,3130.12,2148874,136575.0,204834.0,3163.0,3163.0,3108.0,3134.3,31973200,3447.7,2820.9,3839.9,2896.0,3135.7,2,2,3135.6,17,1,3135.5,44,1,3135.2,20,3,3135.1,61,2,3135.8,4,1,3135.9,59,3,3136.0,387,3,3136.3,30,1,3136.6,141,4
2031,2026-06-16 12:44:21+05:30,3135.7,1,3130.12,2148874,136575.0,204834.0,3163.0,3163.0,3108.0,3134.3,31973200,3447.7,2820.9,3839.9,2896.0,3135.7,2,2,3135.6,17,1,3135.5,44,1,3135.2,20,3,3135.1,61,2,3135.8,4,1,3135.9,59,3,3136.0,387,3,3136.3,30,1,3136.6,141,4
2031,2026-06-16 12:44:22+05:30,3135.8,1,3130.12,2148874,136575.0,204834.0,3163.0,3163.0,3108.0,3134.3,31973200,3447.7,2820.9,3839.9,2896.0,3135.7,2,2,3135.6,17,1,3135.5,44,1,3135.2,20,3,3135.1,61,2,3135.8,4,1,3135.9,59,3,3136.0,387,3,3136.3,30,1,3136.6,141,4
2031,2026-06-16 12:44:22+05:30,3135.8,2,3130.12,2148881,136543.0,204778.0,3163.0,3163.0,3108.0,3134.3,31973200,3447.7,2820.9,3839.9,2896.0,3135.8,10,1,3135.7,42,3,3135.5,44,1,3135.2,8,3,3135.1,9,1,3135.9,59,3,3136.0,387,3,3136.6,80,3,3136.7,50,1,3136.8,252,5
2031,2026-06-16 12:44:22+05:30,3135.8,2,3130.12,2148881,136543.0,204778.0,3163.0,3163.0,3108.0,3134.3,31970800,3447.7,2820.9,3839.9,2896.0,3135.8,10,1,3135.7,42,3,3135.5,44,1,3135.2,8,3,3135.1,9,1,3135.9,59,3,3136.0,387,3,3136.6,80,3,3136.7,50,1,3136.8,252,5
2031,2026-06-16 12:44:23+05:30,3135.7,40,3130.12,2148881,136543.0,204778.0,3163.0,3163.0,3108.0,3134.3,31970800,3447.7,2820.9,3839.9,2896.0,3135.8,10,1,3135.7,42,3,3135.5,44,1,3135.2,8,3,3135.1,9,1,3135.9,59,3,3136.0,387,3,3136.6,80,3,3136.7,50,1,3136.8,252,5
2031,2026-06-16 12:44:23+05:30,3135.7,40,3130.12,2149073,135245.0,204962.0,3163.0,3163.0,3108.0,3134.3,31970800,3447.7,2820.9,3839.9,2896.0,3135.7,3,3,3135.5,44,1,3135.2,21,3,3135.0,267,7,3134.9,25,2,3135.8,176,1,3135.9,82,4,3136.0,688,7,3136.1,200,1,3136.2,124,4
2031,2026-06-16 12:44:24+05:30,3135.7,1,3130.12,2149073,135245.0,204962.0,3163.0,3163.0,3108.0,3134.3,31970800,3447.7,2820.9,3839.9,2896.0,3135.7,3,3,3135.5,44,1,3135.2,21,3,3135.0,267,7,3134.9,25,2,3135.8,176,1,3135.9,82,4,3136.0,688,7,3136.1,200,1,3136.2,124,4
2031,2026-06-16 12:44:24+05:30,3135.7,17,3130.13,2149093,135464.0,204974.0,3163.0,3163.0,3108.0,3134.3,31970800,3447.7,2820.9,3839.9,2896.0,3135.5,44,1,3135.2,21,3,3135.0,267,7,3134.9,25,2,3134.6,34,3,3135.7,180,1,3135.8,11,1,3135.9,258,5,3136.0,688,7,3136.1,200,1
2031,2026-06-16 12:44:25+05:30,3135.2,3,3130.13,2149093,135464.0,204974.0,3163.0,3163.0,3108.0,3134.3,31970800,3447.7,2820.9,3839.9,2896.0,3135.5,44,1,3135.2,21,3,3135.0,267,7,3134.9,25,2,3134.6,34,3,3135.7,180,1,3135.8,11,1,3135.9,258,5,3136.0,688,7,3136.1,200,1
2031,2026-06-16 12:44:25+05:30,3135.5,62,3130.13,2149211,135173.0,205149.0,3163.0,3163.0,3108.0,3134.3,31970800,3447.7,2820.9,3839.9,2896.0,3135.5,18,1,3135.2,2,1,3135.0,267,7,3134.9,25,2,3134.8,28,2,3135.7,195,2,3135.8,11,1,3135.9,206,3,3136.0,698,7,3136.1,200,1
2031,2026-06-16 12:44:26+05:30,3135.7,1,3130.13,2149211,135173.0,205149.0,3163.0,3163.0,3108.0,3134.3,31970800,3447.7,2820.9,3839.9,2896.0,3135.5,18,1,3135.2,2,1,3135.0,267,7,3134.9,25,2,3134.8,28,2,3135.7,195,2,3135.8,11,1,3135.9,206,3,3136.0,698,7,3136.1,200,1
2031,2026-06-16 12:44:26+05:30,3135.0,10,3130.13,2149440,134709.0,205096.0,3163.0,3163.0,3108.0,3134.3,31970800,3447.7,2820.9,3839.9,2896.0,3135.0,153,7,3134.9,25,2,3134.4,17,2,3134.3,83,5,3134.2,174,3,3135.6,1,1,3135.7,194,2,3135.8,26,2,3135.9,206,3,3136.0,796,10
2031,2026-06-16 12:44:27+05:30,3135.7,9,3130.13,2149440,134709.0,205096.0,3163.0,3163.0,3108.0,3134.3,31970800,3447.7,2820.9,3839.9,2896.0,3135.0,153,7,3134.9,25,2,3134.4,17,2,3134.3,83,5,3134.2,174,3,3135.6,1,1,3135.7,194,2,3135.8,26,2,3135.9,206,3,3136.0,796,10
2031,2026-06-16 12:44:27+05:30,3135.6,1,3130.13,2149551,134573.0,205059.0,3163.0,3163.0,3108.0,3134.3,31970800,3447.7,2820.9,3839.9,2896.0,3135.0,53,6,3134.9,25,2,3134.4,17,2,3134.3,67,4,3134.2,15,2,3135.6,161,1,3135.7,70,3,3135.8,202,3,3135.9,315,5,3136.0,711,8
2031,2026-06-16 12:44:28+05:30,3135.0,4,3130.13,2149551,134573.0,205059.0,3163.0,3163.0,3108.0,3134.3,31970800,3447.7,2820.9,3839.9,2896.0,3135.0,53,6,3134.9,25,2,3134.4,17,2,3134.3,67,4,3134.2,15,2,3135.6,161,1,3135.7,70,3,3135.8,202,3,3135.9,315,5,3136.0,711,8
2031,2026-06-16 12:44:28+05:30,3135.0,4,3130.13,2149751,134544.0,205319.0,3163.0,3163.0,3108.0,3134.3,31970800,3447.7,2820.9,3839.9,2896.0,3135.0,45,5,3134.9,25,2,3134.4,18,2,3134.3,49,3,3134.2,16,2,3135.6,71,2,3135.7,208,3,3135.8,11,1,3135.9,206,3,3136.0,723,8
2031,2026-06-16 12:44:29+05:30,3135.0,4,3130.13,2149751,134581.0,205221.0,3163.0,3163.0,3108.0,3134.3,31970800,3447.7,2820.9,3839.9,2896.0,3135.0,45,5,3134.9,25,2,3134.4,18,2,3134.3,49,3,3134.2,16,2,3135.6,71,2,3135.7,208,3,3135.8,11,1,3135.9,206,3,3136.0,723,8
2031,2026-06-16 12:44:30+05:30,3135.3,1,3130.13,2149752,134880.0,205494.0,3163.0,3163.0,3108.0,3134.3,31970800,3447.7,2820.9,3839.9,2896.0,3135.3,2,2,3135.0,46,6,3134.9,25,2,3134.7,15,1,3134.4,18,2,3135.4,45,1,3135.5,32,1,3135.6,138,5,3135.7,260,5,3135.8,11,1
2031,2026-06-16 12:44:31+05:30,3135.3,1,3130.13,2149752,134880.0,205494.0,3163.0,3163.0,3108.0,3134.3,31970800,3447.7,2820.9,3839.9,2896.0,3135.3,2,2,3135.0,46,6,3134.9,25,2,3134.7,15,1,3134.4,18,2,3135.4,45,1,3135.5,32,1,3135.6,138,5,3135.7,260,5,3135.8,11,1
2031,2026-06-16 12:44:31+05:30,3135.3,1,3130.13,2149752,134755.0,206123.0,3163.0,3163.0,3108.0,3134.3,31970800,3447.7,2820.9,3839.9,2896.0,3135.3,4,3,3135.0,62,7,3134.9,25,2,3134.7,15,1,3134.4,18,2,3135.4,55,2,3135.5,32,1,3135.6,115,4,3135.7,228,4,3135.8,43,2
2031,2026-06-16 12:44:32+05:30,3135.3,1,3130.13,2149768,134741.0,206259.0,3163.0,3163.0,3108.0,3134.3,31970800,3447.7,2820.9,3839.9,2896.0,3135.0,62,7,3134.9,25,2,3134.7,15,1,3134.4,4,1,3134.3,60,2,3135.3,29,1,3135.4,55,2,3135.5,32,1,3135.6,115,4,3135.7,182,3
2031,2026-06-16 12:44:33+05:30,3135.3,1,3130.13,2149768,134741.0,206259.0,3163.0,3163.0,3108.0,3134.3,31970800,3447.7,2820.9,3839.9,2896.0,3135.0,62,7,3134.9,25,2,3134.7,15,1,3134.4,4,1,3134.3,60,2,3135.3,29,1,3135.4,55,2,3135.5,32,1,3135.6,115,4,3135.7,182,3
2031,2026-06-16 12:44:33+05:30,3135.3,7,3130.13,2149775,134582.0,206284.0,3163.0,3163.0,3108.0,3134.3,31970800,3447.7,2820.9,3839.9,2896.0,3135.0,62,7,3134.9,25,2,3134.7,15,1,3134.4,4,1,3134.3,60,2,3135.2,32,1,3135.3,32,1,3135.4,32,1,3135.6,115,4,3135.7,182,3
2031,2026-06-16 12:44:34+05:30,3135.3,7,3130.13,2149775,134582.0,206284.0,3163.0,3163.0,3108.0,3134.3,31970800,3447.7,2820.9,3839.9,2896.0,3135.0,62,7,3134.9,25,2,3134.7,15,1,3134.4,4,1,3134.3,60,2,3135.2,32,1,3135.3,32,1,3135.4,32,1,3135.6,115,4,3135.7,182,3
2031,2026-06-16 12:44:34+05:30,3135.1,1,3130.13,2149798,134620.0,206330.0,3163.0,3163.0,3108.0,3134.3,31970800,3447.7,2820.9,3839.9,2896.0,3135.0,62,7,3134.9,25,2,3134.7,15,1,3134.4,4,1,3134.3,14,1,3135.1,31,1,3135.2,32,1,3135.3,56,2,3135.5,32,1,3135.6,244,4
2031,2026-06-16 12:44:35+05:30,3135.5,13,3130.13,2149798,134620.0,206330.0,3163.0,3163.0,3108.0,3134.3,31970800,3447.7,2820.9,3839.9,2896.0,3135.0,62,7,3134.9,25,2,3134.7,15,1,3134.4,4,1,3134.3,14,1,3135.1,31,1,3135.2,32,1,3135.3,56,2,3135.5,32,1,3135.6,244,4
2031,2026-06-16 12:44:35+05:30,3135.5,13,3130.13,2149950,134789.0,206428.0,3163.0,3163.0,3108.0,3134.3,31970800,3447.7,2820.9,3839.9,2896.0,3135.1,16,1,3135.0,42,6,3134.9,25,2,3134.7,15,1,3134.5,14,1,3135.5,19,1,3135.6,83,3,3135.7,162,2,3135.8,11,1,3135.9,240,4
2031,2026-06-16 12:44:36+05:30,3135.1,24,3130.13,2149950,134789.0,206428.0,3163.0,3163.0,3108.0,3134.3,31970800,3447.7,2820.9,3839.9,2896.0,3135.1,16,1,3135.0,42,6,3134.9,25,2,3134.7,15,1,3134.5,14,1,3135.5,19,1,3135.6,83,3,3135.7,162,2,3135.8,11,1,3135.9,240,4
2031,2026-06-16 12:44:36+05:30,3135.2,27,3130.13,2150001,134652.0,206403.0,3163.0,3163.0,3108.0,3134.3,31970800,3447.7,2820.9,3839.9,2896.0,3135.2,18,1,3135.0,42,6,3134.9,1,1,3134.7,15,1,3134.5,14,1,3135.5,32,2,3135.6,83,3,3135.7,162,2,3135.8,11,1,3135.9,206,3
2031,2026-06-16 12:44:37+05:30,3135.2,18,3130.13,2150001,134652.0,206403.0,3163.0,3163.0,3108.0,3134.3,31970800,3447.7,2820.9,3839.9,2896.0,3135.2,18,1,3135.0,42,6,3134.9,1,1,3134.7,15,1,3134.5,14,1,3135.5,32,2,3135.6,83,3,3135.7,162,2,3135.8,11,1,3135.9,206,3
2031,2026-06-16 12:44:37+05:30,3135.2,18,3130.13,2150019,134765.0,206519.0,3163.0,3163.0,3108.0,3134.3,31970800,3447.7,2820.9,3839.9,2896.0,3135.2,18,1,3135.0,42,6,3134.9,1,1,3134.7,15,1,3134.4,18,2,3135.3,45,1,3135.4,32,1,3135.5,64,3,3135.6,135,5,3135.7,162,2
2031,2026-06-16 12:44:38+05:30,3135.3,1,3130.13,2150019,134765.0,206519.0,3163.0,3163.0,3108.0,3134.3,31970800,3447.7,2820.9,3839.9,2896.0,3135.2,18,1,3135.0,42,6,3134.9,1,1,3134.7,15,1,3134.4,18,2,3135.3,45,1,3135.4,32,1,3135.5,64,3,3135.6,135,5,3135.7,162,2
2031,2026-06-16 12:44:38+05:30,3134.9,1,3130.13,2150289,133716.0,206845.0,3163.0,3163.0,3108.0,3134.3,31970800,3447.7,2820.9,3839.9,2896.0,3134.7,15,1,3134.4,4,1,3134.2,2,1,3134.1,37,2,3134.0,6,2,3135.2,114,6,3135.3,81,5,3135.4,175,5,3135.5,243,4,3135.6,175,6
2031,2026-06-16 12:44:39+05:30,3134.7,24,3130.13,2150289,133716.0,206845.0,3163.0,3163.0,3108.0,3134.3,31970800,3447.7,2820.9,3839.9,2896.0,3134.7,15,1,3134.4,4,1,3134.2,2,1,3134.1,37,2,3134.0,6,2,3135.2,114,6,3135.3,81,5,3135.4,175,5,3135.5,243,4,3135.6,175,6
2031,2026-06-16 12:44:39+05:30,3134.4,16,3130.13,2150524,132546.0,208004.0,3163.0,3163.0,3108.0,3134.3,31970800,3447.7,2820.9,3839.9,2896.0,3134.4,20,2,3134.2,2,1,3134.0,6,2,3133.7,54,3,3133.6,14,1,3134.5,17,1,3134.7,168,2,3134.8,32,1,3135.0,4,1,3135.1,38,1
2031,2026-06-16 12:44:40+05:30,3134.5,3,3130.13,2150524,132546.0,208004.0,3163.0,3163.0,3108.0,3134.3,31970800,3447.7,2820.9,3839.9,2896.0,3134.4,20,2,3134.2,2,1,3134.0,6,2,3133.7,54,3,3133.6,14,1,3134.5,17,1,3134.7,168,2,3134.8,32,1,3135.0,4,1,3135.1,38,1
2031,2026-06-16 12:44:40+05:30,3134.5,1,3130.13,2150542,132672.0,207856.0,3163.0,3163.0,3108.0,3134.3,31970800,3447.7,2820.9,3839.9,2896.0,3134.4,20,2,3134.2,2,1,3134.0,6,2,3133.7,68,4,3133.6,14,1,3134.5,44,1,3134.7,168,2,3134.8,32,1,3135.0,4,1,3135.2,29,2
2031,2026-06-16 12:44:41+05:30,3134.5,1,3130.13,2150542,132672.0,207856.0,3163.0,3163.0,3108.0,3134.3,31970800,3447.7,2820.9,3839.9,2896.0,3134.4,20,2,3134.2,2,1,3134.0,6,2,3133.7,68,4,3133.6,14,1,3134.5,44,1,3134.7,168,2,3134.8,32,1,3135.0,4,1,3135.2,29,2
2031,2026-06-16 12:44:41+05:30,3134.5,3,3130.13,2150545,132720.0,207945.0,3163.0,3163.0,3108.0,3134.3,31970800,3447.7,2820.9,3839.9,2896.0,3134.4,75,4,3134.2,2,1,3134.0,6,2,3133.8,19,2,3133.7,68,4,3134.5,21,1,3134.6,32,1,3134.7,168,2,3135.0,4,1,3135.2,164,1
2031,2026-06-16 12:44:42+05:30,3134.5,3,3130.13,2150545,132720.0,207945.0,3163.0,3163.0,3108.0,3134.3,31970800,3447.7,2820.9,3839.9,2896.0,3134.4,75,4,3134.2,2,1,3134.0,6,2,3133.8,19,2,3133.7,68,4,3134.5,21,1,3134.6,32,1,3134.7,168,2,3135.0,4,1,3135.2,164,1
2031,2026-06-16 12:44:42+05:30,3134.4,4,3130.13,2150624,132798.0,208059.0,3163.0,3163.0,3108.0,3134.3,31970800,3447.7,2820.9,3839.9,2896.0,3134.4,83,4,3134.2,2,1,3134.0,6,2,3133.8,11,1,3133.7,68,4,3134.5,21,1,3134.6,32,1,3134.7,168,2,3135.0,34,2,3135.2,237,3
2031,2026-06-16 12:44:43+05:30,3134.4,1,3130.13,2150624,132798.0,208059.0,3163.0,3163.0,3108.0,3134.3,31970800,3447.7,2820.9,3839.9,2896.0,3134.4,83,4,3134.2,2,1,3134.0,6,2,3133.8,11,1,3133.7,68,4,3134.5,21,1,3134.6,32,1,3134.7,168,2,3135.0,34,2,3135.2,237,3
2031,2026-06-16 12:44:43+05:30,3134.5,17,3130.13,2150805,131533.0,208100.0,3163.0,3163.0,3108.0,3134.3,31970800,3447.7,2820.9,3839.9,2896.0,3134.4,4,1,3134.2,2,1,3134.0,6,2,3133.7,54,3,3133.5,4,1,3134.6,58,3,3134.7,201,3,3134.8,78,2,3134.9,186,2,3135.0,159,6
2031,2026-06-16 12:44:44+05:30,3134.5,17,3130.13,2150805,131533.0,208100.0,3163.0,3163.0,3108.0,3134.3,31970800,3447.7,2820.9,3839.9,2896.0,3134.4,4,1,3134.2,2,1,3134.0,6,2,3133.7,54,3,3133.5,4,1,3134.6,58,3,3134.7,201,3,3134.8,78,2,3134.9,186,2,3135.0,159,6
2031,2026-06-16 12:44:44+05:30,3134.5,17,3130.13,2150805,131693.0,207994.0,3163.0,3163.0,3108.0,3134.3,31970800,3447.7,2820.9,3839.9,2896.0,3134.4,4,1,3134.2,2,1,3134.0,6,2,3133.7,54,3,3133.5,4,1,3134.6,26,2,3134.7,330,3,3134.8,124,3,3134.9,201,2,3135.0,404,7
2031,2026-06-16 12:44:45+05:30,3134.4,4,3130.13,2150805,131693.0,207994.0,3163.0,3163.0,3108.0,3134.3,31970800,3447.7,2820.9,3839.9,2896.0,3134.4,4,1,3134.2,2,1,3134.0,6,2,3133.7,54,3,3133.5,4,1,3134.6,26,2,3134.7,330,3,3134.8,124,3,3134.9,201,2,3135.0,404,7
2031,2026-06-16 12:44:45+05:30,3134.5,1,3130.13,2150839,131496.0,208267.0,3163.0,3163.0,3108.0,3134.3,31970800,3447.7,2820.9,3839.9,2896.0,3134.2,2,1,3134.0,6,2,3133.7,14,1,3133.5,4,1,3133.3,21,1,3134.4,1,1,3134.6,83,6,3134.7,297,2,3134.8,174,4,3134.9,201,2
2031,2026-06-16 12:44:46+05:30,3133.4,130,3130.13,2150839,131496.0,208267.0,3163.0,3163.0,3108.0,3134.3,31970800,3447.7,2820.9,3839.9,2896.0,3134.2,2,1,3134.0,6,2,3133.7,14,1,3133.5,4,1,3133.3,21,1,3134.4,1,1,3134.6,83,6,3134.7,297,2,3134.8,174,4,3134.9,201,2
2031,2026-06-16 12:44:46+05:30,3133.4,130,3130.13,2151077,131100.0,208380.0,3163.0,3163.0,3108.0,3134.3,31970800,3447.7,2820.9,3839.9,2896.0,3134.1,18,1,3133.5,8,1,3133.4,50,3,3133.2,158,7,3133.1,227,4,3134.4,1,1,3134.5,52,1,3134.6,100,4,3134.7,136,1,3135.0,95,4
2031,2026-06-16 12:44:47+05:30,3133.4,130,3130.13,2151077,132938.0,207570.0,3163.0,3163.0,3108.0,3134.3,31970800,3447.7,2820.9,3839.9,2896.0,3134.3,45,1,3134.2,60,3,3134.1,70,4,3134.0,60,3,3133.9,47,2,3134.4,1,1,3134.6,42,3,3134.7,136,1,3135.0,52,1,3135.1,53,1
2031,2026-06-16 12:44:48+05:30,3134.2,1,3130.13,2151077,132938.0,207570.0,3163.0,3163.0,3108.0,3134.3,31970800,3447.7,2820.9,3839.9,2896.0,3134.3,45,1,3134.2,60,3,3134.1,70,4,3134.0,60,3,3133.9,47,2,3134.4,1,1,3134.6,42,3,3134.7,136,1,3135.0,52,1,3135.1,53,1
2031,2026-06-16 12:44:48+05:30,3134.4,24,3130.13,2151204,132884.0,207502.0,3163.0,3163.0,3108.0,3134.3,31970800,3447.7,2820.9,3839.9,2896.0,3134.3,16,1,3134.2,40,3,3134.1,78,5,3134.0,33,3,3133.9,106,5,3134.4,33,2,3134.6,15,1,3134.7,136,1,3135.2,23,2,3135.3,1,1
2031,2026-06-16 12:44:49+05:30,3134.4,24,3130.13,2151204,132884.0,207502.0,3163.0,3163.0,3108.0,3134.3,31970800,3447.7,2820.9,3839.9,2896.0,3134.3,16,1,3134.2,40,3,3134.1,78,5,3134.0,33,3,3133.9,106,5,3134.4,33,2,3134.6,15,1,3134.7,136,1,3135.2,23,2,3135.3,1,1
2031,2026-06-16 12:44:49+05:30,3134.4,71,3130.13,2151308,132833.0,207770.0,3163.0,3163.0,3108.0,3134.3,31970800,3447.7,2820.9,3839.9,2896.0,3134.4,45,1,3134.1,91,6,3134.0,39,1,3133.9,79,3,3133.8,54,4,3134.6,15,1,3134.7,136,1,3135.0,1,1,3135.2,2,1,3135.3,1,1
2031,2026-06-16 12:44:50+05:30,3134.4,71,3130.13,2151308,132833.0,207770.0,3163.0,3163.0,3108.0,3134.3,31970800,3447.7,2820.9,3839.9,2896.0,3134.4,45,1,3134.1,91,6,3134.0,39,1,3133.9,79,3,3133.8,54,4,3134.6,15,1,3134.7,136,1,3135.0,1,1,3135.2,2,1,3135.3,1,1
2031,2026-06-16 12:44:50+05:30,3134.4,71,3130.13,2151308,132933.0,207773.0,3163.0,3163.0,3108.0,3134.3,31970800,3447.7,2820.9,3839.9,2896.0,3134.3,32,1,3134.1,74,5,3134.0,56,2,3133.9,47,2,3133.8,54,4,3134.6,15,1,3134.7,136,1,3135.0,1,1,3135.2,2,1,3135.3,1,1
2031,2026-06-16 12:44:51+05:30,3134.4,71,3130.13,2151308,133470.0,205600.0,3163.0,3163.0,3108.0,3134.3,31970800,3447.7,2820.9,3839.9,2896.0,3134.5,45,1,3134.4,64,5,3134.3,120,4,3134.2,81,5,3134.1,94,5,3134.6,15,1,3134.7,136,1,3135.0,1,1,3135.2,2,1,3135.3,1,1
2031,2026-06-16 12:44:52+05:30,3134.6,1,3130.13,2151308,133470.0,205600.0,3163.0,3163.0,3108.0,3134.3,31970800,3447.7,2820.9,3839.9,2896.0,3134.5,45,1,3134.4,64,5,3134.3,120,4,3134.2,81,5,3134.1,94,5,3134.6,15,1,3134.7,136,1,3135.0,1,1,3135.2,2,1,3135.3,1,1
2031,2026-06-16 12:44:52+05:30,3134.6,1,3130.13,2151309,133222.0,207384.0,3163.0,3163.0,3108.0,3134.3,31970800,3447.7,2820.9,3839.9,2896.0,3134.5,32,1,3134.4,62,4,3134.3,132,4,3134.2,49,4,3134.1,109,5,3134.6,29,3,3134.7,136,1,3135.0,1,1,3135.2,2,1,3135.3,1,1
2031,2026-06-16 12:44:53+05:30,3134.5,20,3130.13,2151309,133222.0,207384.0,3163.0,3163.0,3108.0,3134.3,31970800,3447.7,2820.9,3839.9,2896.0,3134.5,32,1,3134.4,62,4,3134.3,132,4,3134.2,49,4,3134.1,109,5,3134.6,29,3,3134.7,136,1,3135.0,1,1,3135.2,2,1,3135.3,1,1
2031,2026-06-16 12:44:53+05:30,3134.6,14,3130.13,2151344,133284.0,207394.0,3163.0,3163.0,3108.0,3134.3,31970800,3447.7,2820.9,3839.9,2896.0,3134.6,10,1,3134.5,88,5,3134.4,34,2,3134.3,116,3,3134.2,33,3,3134.7,136,1,3135.0,2,2,3135.2,2,1,3135.6,21,1,3135.7,15,2
2031,2026-06-16 12:44:54+05:30,3134.7,1,3130.13,2151344,133284.0,207394.0,3163.0,3163.0,3108.0,3134.3,31970800,3447.7,2820.9,3839.9,2896.0,3134.6,10,1,3134.5,88,5,3134.4,34,2,3134.3,116,3,3134.2,33,3,3134.7,136,1,3135.0,2,2,3135.2,2,1,3135.6,21,1,3135.7,15,2
2031,2026-06-16 12:44:54+05:30,3134.7,10,3130.13,2151528,133541.0,205468.0,3163.0,3163.0,3108.0,3134.3,31970800,3447.7,2820.9,3839.9,2896.0,3134.7,12,2,3134.6,14,1,3134.5,118,4,3134.4,66,5,3134.3,125,5,3135.0,25,3,3135.2,2,1,3135.7,1,1,3135.8,207,3,3135.9,292,7
2031,2026-06-16 12:44:55+05:30,3134.7,10,3130.13,2151528,133541.0,205468.0,3163.0,3163.0,3108.0,3134.3,31970800,3447.7,2820.9,3839.9,2896.0,3134.7,12,2,3134.6,14,1,3134.5,118,4,3134.4,66,5,3134.3,125,5,3135.0,25,3,3135.2,2,1,3135.7,1,1,3135.8,207,3,3135.9,292,7
2031,2026-06-16 12:44:55+05:30,3134.7,11,3130.13,2151588,133247.0,207424.0,3163.0,3163.0,3108.0,3134.3,31970800,3447.7,2820.9,3839.9,2896.0,3134.5,36,1,3134.4,2,1,3134.3,40,2,3134.1,4,1,3134.0,15,2,3135.0,25,3,3135.2,2,1,3135.7,39,2,3135.8,207,3,3135.9,292,7
2031,2026-06-16 12:44:56+05:30,3134.7,11,3130.13,2151588,133247.0,207424.0,3163.0,3163.0,3108.0,3134.3,31970800,3447.7,2820.9,3839.9,2896.0,3134.5,36,1,3134.4,2,1,3134.3,40,2,3134.1,4,1,3134.0,15,2,3135.0,25,3,3135.2,2,1,3135.7,39,2,3135.8,207,3,3135.9,292,7
2031,2026-06-16 12:44:56+05:30,3134.7,11,3130.13,2151588,133281.0,207626.0,3163.0,3163.0,3108.0,3134.3,31970800,3447.7,2820.9,3839.9,2896.0,3134.5,53,2,3134.4,2,1,3134.3,40,2,3134.2,1,1,3134.1,83,4,3135.0,25,3,3135.2,2,1,3135.7,205,3,3135.8,316,5,3135.9,292,7
2031,2026-06-16 12:44:57+05:30,3135.0,5,3130.13,2151588,133281.0,207626.0,3163.0,3163.0,3108.0,3134.3,31970800,3447.7,2820.9,3839.9,2896.0,3134.5,53,2,3134.4,2,1,3134.3,40,2,3134.2,1,1,3134.1,83,4,3135.0,25,3,3135.2,2,1,3135.7,205,3,3135.8,316,5,3135.9,292,7
2031,2026-06-16 12:44:57+05:30,3135.0,5,3130.13,2151595,133557.0,207678.0,3163.0,3163.0,3108.0,3134.3,31970800,3447.7,2820.9,3839.9,2896.0,3134.5,177,5,3134.4,9,2,3134.3,112,6,3134.2,29,3,3134.1,59,3,3135.0,35,2,3135.2,2,1,3135.7,166,2,3135.8,316,5,3135.9,292,7
2031,2026-06-16 12:44:58+05:30,3135.0,1,3130.13,2151596,133574.0,207487.0,3163.0,3163.0,3108.0,3134.3,31970800,3447.7,2820.9,3839.9,2896.0,3134.5,165,4,3134.4,9,2,3134.3,104,5,3134.2,29,3,3134.1,59,3,3135.0,85,4,3135.2,2,1,3135.7,166,2,3135.8,270,4,3135.9,292,7
2031,2026-06-16 12:44:59+05:30,3135.8,33,3130.13,2151596,133574.0,207487.0,3163.0,3163.0,3108.0,3134.3,31970800,3447.7,2820.9,3839.9,2896.0,3134.5,165,4,3134.4,9,2,3134.3,104,5,3134.2,29,3,3134.1,59,3,3135.0,85,4,3135.2,2,1,3135.7,166,2,3135.8,270,4,3135.9,292,7
2031,2026-06-16 12:44:59+05:30,3135.8,33,3130.13,2151921,134108.0,204503.0,3163.0,3163.0,3108.0,3134.3,31970800,3447.7,2820.9,3839.9,2896.0,3135.1,1,1,3134.7,17,1,3134.5,136,2,3134.4,2,1,3134.3,108,5,3135.8,228,3,3135.9,285,6,3136.0,607,5,3136.1,31,1,3136.2,503,6
2031,2026-06-16 12:45:00+05:30,3135.8,33,3130.13,2151921,134572.0,206336.0,3163.0,3163.0,3108.0,3134.3,31970800,3447.7,2820.9,3839.9,2896.0,3135.5,2,2,3135.1,2,2,3135.0,5,1,3134.9,79,2,3134.8,17,1,3135.8,207,3,3135.9,285,6,3136.0,592,4,3136.2,400,2,3136.3,212,2
2031,2026-06-16 12:45:01+05:30,3135.8,11,3130.13,2151932,134350.0,206217.0,3163.0,3163.0,3108.0,3134.3,31970800,3447.7,2820.9,3839.9,2896.0,3135.5,2,2,3135.2,15,1,3135.1,2,2,3135.0,5,1,3134.7,188,1,3135.8,196,3,3135.9,273,5,3136.0,592,4,3136.2,435,3,3136.3,279,3
2031,2026-06-16 12:45:02+05:30,3135.8,1,3130.13,2151932,134350.0,206217.0,3163.0,3163.0,3108.0,3134.3,31970800,3447.7,2820.9,3839.9,2896.0,3135.5,2,2,3135.2,15,1,3135.1,2,2,3135.0,5,1,3134.7,188,1,3135.8,196,3,3135.9,273,5,3136.0,592,4,3136.2,435,3,3136.3,279,3
2031,2026-06-16 12:45:02+05:30,3135.7,30,3130.13,2152092,134744.0,205887.0,3163.0,3163.0,3108.0,3134.3,31970800,3447.7,2820.9,3839.9,2896.0,3135.5,2,2,3135.1,1,1,3135.0,5,1,3134.5,100,1,3134.4,14,1,3135.7,223,2,3135.8,181,5,3135.9,273,5,3136.0,693,7,3136.2,460,4
2031,2026-06-16 12:45:03+05:30,3135.5,37,3130.13,2152092,134744.0,205887.0,3163.0,3163.0,3108.0,3134.3,31970800,3447.7,2820.9,3839.9,2896.0,3135.5,2,2,3135.1,1,1,3135.0,5,1,3134.5,100,1,3134.4,14,1,3135.7,223,2,3135.8,181,5,3135.9,273,5,3136.0,693,7,3136.2,460,4
2031,2026-06-16 12:45:03+05:30,3135.5,37,3130.13,2152092,134744.0,205887.0,3163.0,3163.0,3108.0,3134.3,31970800,3447.7,2820.9,3839.9,2896.0,3135.5,2,2,3135.1,1,1,3135.0,5,1,3134.5,100,1,3134.4,14,1,3135.7,223,2,3135.8,181,5,3135.9,273,5,3136.0,693,7,3136.2,460,4
2031,2026-06-16 12:45:03+05:30,3135.5,37,3130.13,2152131,134654.0,206060.0,3163.0,3163.0,3108.0,3134.3,31970800,3447.7,2820.9,3839.9,2896.0,3135.5,2,2,3135.1,1,1,3135.0,20,2,3134.5,100,1,3134.4,14,1,3135.7,200,1,3135.8,219,6,3135.9,273,5,3136.0,693,7,3136.2,541,6
2031,2026-06-16 12:45:04+05:30,3135.7,1,3130.13,2152132,134731.0,206008.0,3163.0,3163.0,3108.0,3134.3,31970800,3447.7,2820.9,3839.9,2896.0,3135.5,18,3,3135.1,1,1,3135.0,5,1,3134.5,112,2,3134.4,30,2,3135.7,199,1,3135.8,170,4,3135.9,273,5,3136.0,693,7,3136.2,541,6
2031,2026-06-16 12:45:05+05:30,3135.7,1,3130.13,2152132,134731.0,206008.0,3163.0,3163.0,3108.0,3134.3,31970800,3447.7,2820.9,3839.9,2896.0,3135.5,18,3,3135.1,1,1,3135.0,5,1,3134.5,112,2,3134.4,30,2,3135.7,199,1,3135.8,170,4,3135.9,273,5,3136.0,693,7,3136.2,541,6
2031,2026-06-16 12:45:05+05:30,3135.7,1,3130.13,2152132,134731.0,206008.0,3163.0,3163.0,3108.0,3134.3,31970800,3447.7,2820.9,3839.9,2896.0,3135.5,18,3,3135.1,1,1,3135.0,5,1,3134.5,112,2,3134.4,30,2,3135.7,199,1,3135.8,170,4,3135.9,273,5,3136.0,693,7,3136.2,541,6
2031,2026-06-16 12:45:05+05:30,3135.6,1,3130.13,2152309,134664.0,205635.0,3163.0,3163.0,3108.0,3134.3,31970800,3447.7,2820.9,3839.9,2896.0,3135.1,1,1,3135.0,5,1,3134.5,112,2,3134.4,30,2,3134.3,20,1,3135.7,24,1,3135.8,137,3,3135.9,273,5,3136.0,686,7,3136.2,561,7
2031,2026-06-16 12:45:06+05:30,3135.6,1,3130.13,2152309,134664.0,205635.0,3163.0,3163.0,3108.0,3134.3,31970800,3447.7,2820.9,3839.9,2896.0,3135.1,1,1,3135.0,5,1,3134.5,112,2,3134.4,30,2,3134.3,20,1,3135.7,24,1,3135.8,137,3,3135.9,273,5,3136.0,686,7,3136.2,561,7
2031,2026-06-16 12:45:06+05:30,3135.6,1,3130.13,2152309,134851.0,205713.0,3163.0,3163.0,3108.0,3134.3,31970800,3447.7,2820.9,3839.9,2896.0,3135.1,1,1,3135.0,5,1,3134.5,112,2,3134.4,14,1,3134.3,20,1,3135.7,64,2,3135.8,183,4,3135.9,311,6,3136.0,686,7,3136.2,561,7
2031,2026-06-16 12:45:07+05:30,3135.6,1,3130.13,2152309,134851.0,205713.0,3163.0,3163.0,3108.0,3134.3,31970800,3447.7,2820.9,3839.9,2896.0,3135.1,1,1,3135.0,5,1,3134.5,112,2,3134.4,14,1,3134.3,20,1,3135.7,64,2,3135.8,183,4,3135.9,311,6,3136.0,686,7,3136.2,561,7
2031,2026-06-16 12:45:07+05:30,3135.1,3,3130.13,2152312,134850.0,205833.0,3163.0,3163.0,3108.0,3134.3,31970800,3447.7,2820.9,3839.9,2896.0,3135.1,1,1,3135.0,5,1,3134.5,112,2,3134.4,30,2,3134.3,20,1,3135.7,73,3,3135.8,183,4,3135.9,344,7,3136.0,653,6,3136.2,561,7
2031,2026-06-16 12:45:08+05:30,3135.1,3,3130.13,2152312,134850.0,205833.0,3163.0,3163.0,3108.0,3134.3,31970800,3447.7,2820.9,3839.9,2896.0,3135.1,1,1,3135.0,5,1,3134.5,112,2,3134.4,30,2,3134.3,20,1,3135.7,73,3,3135.8,183,4,3135.9,344,7,3136.0,653,6,3136.2,561,7
2031,2026-06-16 12:45:08+05:30,3135.1,3,3130.13,2152312,134692.0,206554.0,3163.0,3163.0,3108.0,3134.3,31970800,3447.7,2820.9,3839.9,2896.0,3135.1,1,1,3135.0,22,2,3134.6,2,1,3134.5,116,3,3134.4,30,2,3135.4,10,2,3135.7,133,5,3135.8,182,3,3135.9,306,6,3136.0,653,6
2031,2026-06-16 12:45:09+05:30,3135.1,3,3130.13,2152312,134692.0,206554.0,3163.0,3163.0,3108.0,3134.3,31970800,3447.7,2820.9,3839.9,2896.0,3135.1,1,1,3135.0,22,2,3134.6,2,1,3134.5,116,3,3134.4,30,2,3135.4,10,2,3135.7,133,5,3135.8,182,3,3135.9,306,6,3136.0,653,6
2031,2026-06-16 12:45:09+05:30,3135.4,1,3130.13,2152313,134710.0,206529.0,3163.0,3163.0,3108.0,3134.3,31970800,3447.7,2820.9,3839.9,2896.0,3135.1,1,1,3135.0,22,2,3134.6,2,1,3134.5,116,3,3134.4,30,2,3135.4,9,1,3135.7,95,5,3135.8,136,2,3135.9,306,6,3136.0,712,8
2031,2026-06-16 12:45:10+05:30,3135.0,14,3130.13,2152313,134710.0,206529.0,3163.0,3163.0,3108.0,3134.3,31970800,3447.7,2820.9,3839.9,2896.0,3135.1,1,1,3135.0,22,2,3134.6,2,1,3134.5,116,3,3134.4,30,2,3135.4,9,1,3135.7,95,5,3135.8,136,2,3135.9,306,6,3136.0,712,8
2031,2026-06-16 12:45:10+05:30,3135.0,14,3130.13,2152513,134453.0,206514.0,3163.0,3163.0,3108.0,3134.3,31970800,3447.7,2820.9,3839.9,2896.0,3135.0,4,2,3134.6,2,1,3134.5,116,3,3134.4,16,1,3134.2,15,2,3135.4,16,3,3135.6,29,1,3135.7,70,4,3135.8,215,4,3135.9,273,5
2031,2026-06-16 12:45:11+05:30,3135.0,14,3130.13,2152513,134453.0,206514.0,3163.0,3163.0,3108.0,3134.3,31970800,3447.7,2820.9,3839.9,2896.0,3135.0,4,2,3134.6,2,1,3134.5,116,3,3134.4,16,1,3134.2,15,2,3135.4,16,3,3135.6,29,1,3135.7,70,4,3135.8,215,4,3135.9,273,5
2031,2026-06-16 12:45:11+05:30,3135.4,1,3130.13,2152514,134935.0,204517.0,3163.0,3163.0,3108.0,3134.3,31970800,3447.7,2820.9,3839.9,2896.0,3135.0,77,5,3134.8,24,2,3134.7,23,2,3134.6,44,4,3134.5,127,4,3135.4,15,3,3135.7,70,4,3135.8,131,1,3135.9,273,5,3136.0,592,4
2031,2026-06-16 12:45:12+05:30,3135.4,1,3130.13,2152514,134935.0,204517.0,3163.0,3163.0,3108.0,3134.3,31970800,3447.7,2820.9,3839.9,2896.0,3135.0,77,5,3134.8,24,2,3134.7,23,2,3134.6,44,4,3134.5,127,4,3135.4,15,3,3135.7,70,4,3135.8,131,1,3135.9,273,5,3136.0,592,4
2031,2026-06-16 12:45:12+05:30,3135.4,1,3130.13,2152514,135148.0,206256.0,3163.0,3163.0,3108.0,3134.3,31970800,3447.7,2820.9,3839.9,2896.0,3135.0,77,5,3134.8,24,2,3134.7,9,1,3134.6,69,4,3134.5,148,5,3135.4,16,4,3135.7,61,3,3135.8,131,1,3135.9,273,5,3136.0,592,4
2031,2026-06-16 12:45:13+05:30,3135.4,1,3130.13,2152514,135148.0,206256.0,3163.0,3163.0,3108.0,3134.3,31970800,3447.7,2820.9,3839.9,2896.0,3135.0,77,5,3134.8,24,2,3134.7,9,1,3134.6,69,4,3134.5,148,5,3135.4,16,4,3135.7,61,3,3135.8,131,1,3135.9,273,5,3136.0,592,4
2031,2026-06-16 12:45:13+05:30,3135.0,21,3130.13,2152539,134961.0,205936.0,3163.0,3163.0,3108.0,3134.3,31970800,3447.7,2820.9,3839.9,2896.0,3135.0,60,4,3134.6,2,1,3134.5,127,4,3134.4,31,3,3134.3,26,2,3135.4,55,5,3135.7,192,4,3135.8,189,2,3135.9,284,4,3136.0,438,4
2031,2026-06-16 12:45:14+05:30,3135.0,21,3130.13,2152539,134961.0,205936.0,3163.0,3163.0,3108.0,3134.3,31970800,3447.7,2820.9,3839.9,2896.0,3135.0,60,4,3134.6,2,1,3134.5,127,4,3134.4,31,3,3134.3,26,2,3135.4,55,5,3135.7,192,4,3135.8,189,2,3135.9,284,4,3136.0,438,4
2031,2026-06-16 12:45:14+05:30,3135.0,21,3130.13,2152539,134961.0,205936.0,3163.0,3163.0,3108.0,3134.3,31970800,3447.7,2820.9,3839.9,2896.0,3135.0,60,4,3134.6,2,1,3134.5,127,4,3134.4,31,3,3134.3,26,2,3135.4,55,5,3135.7,192,4,3135.8,189,2,3135.9,284,4,3136.0,438,4
2031,2026-06-16 12:45:14+05:30,3135.0,21,3130.13,2152539,135049.0,204515.0,3163.0,3163.0,3108.0,3134.3,31970800,3447.7,2820.9,3839.9,2896.0,3135.0,82,7,3134.8,14,1,3134.7,18,2,3134.6,13,2,3134.5,127,4,3135.4,74,6,3135.7,61,3,3135.8,131,1,3135.9,273,5,3136.0,638,5
2031,2026-06-16 12:45:15+05:30,3135.4,1,3130.13,2152539,135049.0,204515.0,3163.0,3163.0,3108.0,3134.3,31970800,3447.7,2820.9,3839.9,2896.0,3135.0,82,7,3134.8,14,1,3134.7,18,2,3134.6,13,2,3134.5,127,4,3135.4,74,6,3135.7,61,3,3135.8,131,1,3135.9,273,5,3136.0,638,5
2031,2026-06-16 12:45:15+05:30,3135.4,1,3130.13,2152539,135049.0,204515.0,3163.0,3163.0,3108.0,3134.3,31970800,3447.7,2820.9,3839.9,2896.0,3135.0,82,7,3134.8,14,1,3134.7,18,2,3134.6,13,2,3134.5,127,4,3135.4,74,6,3135.7,61,3,3135.8,131,1,3135.9,273,5,3136.0,638,5
2031,2026-06-16 12:45:15+05:30,3135.4,1,3130.13,2152540,135463.0,206109.0,3163.0,3163.0,3108.0,3134.3,31970800,3447.7,2820.9,3839.9,2896.0,3135.2,16,5,3135.1,39,1,3135.0,173,15,3134.9,6,1,3134.8,36,4,3135.4,73,6,3135.7,59,2,3135.9,215,4,3136.0,581,5,3136.1,200,1
2031,2026-06-16 12:45:15+05:30,3135.4,1,3130.13,2152540,135463.0,206109.0,3163.0,3163.0,3108.0,3134.3,31970800,3447.7,2820.9,3839.9,2896.0,3135.2,16,5,3135.1,39,1,3135.0,173,15,3134.9,6,1,3134.8,36,4,3135.4,73,6,3135.7,59,2,3135.9,215,4,3136.0,581,5,3136.1,200,1
2031,2026-06-16 12:45:16+05:30,3135.4,1,3130.13,2152540,135463.0,206109.0,3163.0,3163.0,3108.0,3134.3,31970800,3447.7,2820.9,3839.9,2896.0,3135.2,16,5,3135.1,39,1,3135.0,173,15,3134.9,6,1,3134.8,36,4,3135.4,73,6,3135.7,59,2,3135.9,215,4,3136.0,581,5,3136.1,200,1
2031,2026-06-16 12:45:16+05:30,3135.4,1,3130.13,2152540,135692.0,206252.0,3163.0,3163.0,3108.0,3134.3,31970800,3447.7,2820.9,3839.9,2896.0,3135.2,14,4,3135.1,39,1,3135.0,164,13,3134.9,6,1,3134.8,36,4,3135.4,113,7,3135.7,59,2,3135.9,215,4,3136.0,581,5,3136.1,200,1
2031,2026-06-16 12:45:17+05:30,3135.4,1,3130.13,2152540,135692.0,206252.0,3163.0,3163.0,3108.0,3134.3,31970800,3447.7,2820.9,3839.9,2896.0,3135.2,14,4,3135.1,39,1,3135.0,164,13,3134.9,6,1,3134.8,36,4,3135.4,113,7,3135.7,59,2,3135.9,215,4,3136.0,581,5,3136.1,200,1
2031,2026-06-16 12:45:17+05:30,3135.2,1,3130.13,2152551,135553.0,206047.0,3163.0,3163.0,3108.0,3134.3,31970800,3447.7,2820.9,3839.9,2896.0,3135.0,143,11,3134.8,29,3,3134.7,25,2,3134.6,95,5,3134.5,123,3,3135.2,13,1,3135.3,1,1,3135.4,112,6,3135.7,35,1,3135.9,215,4
2031,2026-06-16 12:45:18+05:30,3135.2,1,3130.13,2152551,135553.0,206047.0,3163.0,3163.0,3108.0,3134.3,31970800,3447.7,2820.9,3839.9,2896.0,3135.0,143,11,3134.8,29,3,3134.7,25,2,3134.6,95,5,3134.5,123,3,3135.2,13,1,3135.3,1,1,3135.4,112,6,3135.7,35,1,3135.9,215,4
2031,2026-06-16 12:45:18+05:30,3135.2,1,3130.13,2152551,135553.0,206047.0,3163.0,3163.0,3108.0,3134.3,31970800,3447.7,2820.9,3839.9,2896.0,3135.0,143,11,3134.8,29,3,3134.7,25,2,3134.6,95,5,3134.5,123,3,3135.2,13,1,3135.3,1,1,3135.4,112,6,3135.7,35,1,3135.9,215,4
2031,2026-06-16 12:45:18+05:30,3135.2,9,3130.13,2152574,135712.0,206193.0,3163.0,3163.0,3108.0,3134.3,31970800,3447.7,2820.9,3839.9,2896.0,3135.2,14,1,3135.0,119,9,3134.8,29,3,3134.7,25,2,3134.6,81,4,3135.3,1,1,3135.4,86,3,3135.7,35,1,3135.9,215,4,3136.0,581,5
2031,2026-06-16 12:45:19+05:30,3135.2,9,3130.13,2152574,135712.0,206193.0,3163.0,3163.0,3108.0,3134.3,31970800,3447.7,2820.9,3839.9,2896.0,3135.2,14,1,3135.0,119,9,3134.8,29,3,3134.7,25,2,3134.6,81,4,3135.3,1,1,3135.4,86,3,3135.7,35,1,3135.9,215,4,3136.0,581,5
2031,2026-06-16 12:45:19+05:30,3135.2,5,3130.13,2152574,135712.0,206193.0,3163.0,3163.0,3108.0,3134.3,31970800,3447.7,2820.9,3839.9,2896.0,3135.2,14,1,3135.0,119,9,3134.8,29,3,3134.7,25,2,3134.6,81,4,3135.3,1,1,3135.4,86,3,3135.7,35,1,3135.9,215,4,3136.0,581,5
2031,2026-06-16 12:45:19+05:30,3135.3,1,3130.13,2152591,135757.0,206149.0,3163.0,3163.0,3108.0,3134.3,31970800,3447.7,2820.9,3839.9,2896.0,3135.2,14,1,3135.0,118,8,3134.8,22,2,3134.7,25,2,3134.6,44,4,3135.4,86,3,3135.7,35,1,3135.9,161,3,3136.0,581,5,3136.1,246,2
2031,2026-06-16 12:45:19+05:30,3135.3,1,3130.13,2152591,135757.0,206149.0,3163.0,3163.0,3108.0,3134.3,31970800,3447.7,2820.9,3839.9,2896.0,3135.2,14,1,3135.0,118,8,3134.8,22,2,3134.7,25,2,3134.6,44,4,3135.4,86,3,3135.7,35,1,3135.9,161,3,3136.0,581,5,3136.1,246,2
2031,2026-06-16 12:45:20+05:30,3135.3,1,3130.13,2152591,135757.0,206149.0,3163.0,3163.0,3108.0,3134.3,31970800,3447.7,2820.9,3839.9,2896.0,3135.2,14,1,3135.0,118,8,3134.8,22,2,3134.7,25,2,3134.6,44,4,3135.4,86,3,3135.7,35,1,3135.9,161,3,3136.0,581,5,3136.1,246,2
2031,2026-06-16 12:45:20+05:30,3135.3,1,3130.13,2152591,135757.0,206149.0,3163.0,3163.0,3108.0,3134.3,31970800,3447.7,2820.9,3839.9,2896.0,3135.2,14,1,3135.0,118,8,3134.8,22,2,3134.7,25,2,3134.6,44,4,3135.4,86,3,3135.7,35,1,3135.9,161,3,3136.0,581,5,3136.1,246,2
2031,2026-06-16 12:45:20+05:30,3135.4,1,3130.13,2152592,135097.0,206032.0,3163.0,3163.0,3108.0,3134.3,31970800,3447.7,2820.9,3839.9,2896.0,3135.2,14,1,3135.0,123,7,3134.7,37,3,3134.6,9,1,3134.5,190,5,3135.4,153,6,3135.9,161,3,3136.0,581,5,3136.1,246,2,3136.2,20,1
2031,2026-06-16 12:45:21+05:30,3135.4,1,3130.13,2152592,135097.0,206032.0,3163.0,3163.0,3108.0,3134.3,31970800,3447.7,2820.9,3839.9,2896.0,3135.2,14,1,3135.0,123,7,3134.7,37,3,3134.6,9,1,3134.5,190,5,3135.4,153,6,3135.9,161,3,3136.0,581,5,3136.1,246,2,3136.2,20,1
2031,2026-06-16 12:45:21+05:30,3135.4,1,3130.13,2152592,135097.0,206032.0,3163.0,3163.0,3108.0,3134.3,31970800,3447.7,2820.9,3839.9,2896.0,3135.2,14,1,3135.0,123,7,3134.7,37,3,3134.6,9,1,3134.5,190,5,3135.4,153,6,3135.9,161,3,3136.0,581,5,3136.1,246,2,3136.2,20,1
2031,2026-06-16 12:45:21+05:30,3135.8,4,3130.13,2152774,135254.0,205754.0,3163.0,3163.0,3108.0,3134.3,31970800,3447.7,2820.9,3839.9,2896.0,3135.0,121,6,3134.5,147,4,3134.4,29,2,3134.3,94,5,3134.2,229,4,3135.8,131,1,3135.9,61,3,3136.0,620,6,3136.1,246,2,3136.2,167,4
2031,2026-06-16 12:45:22+05:30,3135.8,4,3130.13,2152774,135254.0,205754.0,3163.0,3163.0,3108.0,3134.3,31970800,3447.7,2820.9,3839.9,2896.0,3135.0,121,6,3134.5,147,4,3134.4,29,2,3134.3,94,5,3134.2,229,4,3135.8,131,1,3135.9,61,3,3136.0,620,6,3136.1,246,2,3136.2,167,4
2031,2026-06-16 12:45:22+05:30,3135.8,4,3130.13,2152774,135254.0,205754.0,3163.0,3163.0,3108.0,3134.3,31970800,3447.7,2820.9,3839.9,2896.0,3135.0,121,6,3134.5,147,4,3134.4,29,2,3134.3,94,5,3134.2,229,4,3135.8,131,1,3135.9,61,3,3136.0,620,6,3136.1,246,2,3136.2,167,4
2031,2026-06-16 12:45:22+05:30,3135.8,4,3130.13,2152774,134910.0,206571.0,3163.0,3163.0,3108.0,3134.3,31970800,3447.7,2820.9,3839.9,2896.0,3135.0,121,6,3134.5,158,3,3134.4,15,1,3134.3,79,3,3134.2,22,2,3135.2,2,1,3135.7,200,1,3135.8,39,1,3135.9,275,6,3136.0,669,7
2031,2026-06-16 12:45:23+05:30,3135.8,4,3130.13,2152774,134910.0,206571.0,3163.0,3163.0,3108.0,3134.3,31977000,3447.7,2820.9,3839.9,2896.0,3135.0,121,6,3134.5,158,3,3134.4,15,1,3134.3,79,3,3134.2,22,2,3135.2,2,1,3135.7,200,1,3135.8,39,1,3135.9,275,6,3136.0,669,7
2031,2026-06-16 12:45:23+05:30,3135.8,4,3130.13,2152774,134910.0,206529.0,3163.0,3163.0,3108.0,3134.3,31977000,3447.7,2820.9,3839.9,2896.0,3135.0,121,6,3134.5,158,3,3134.4,15,1,3134.3,93,4,3134.2,1,1,3135.2,2,1,3135.7,200,1,3135.8,39,1,3135.9,237,5,3136.0,669,7
2031,2026-06-16 12:45:24+05:30,3135.2,1,3130.13,2152775,134814.0,206511.0,3163.0,3163.0,3108.0,3134.3,31977000,3447.7,2820.9,3839.9,2896.0,3135.0,121,6,3134.5,158,3,3134.4,15,1,3134.3,93,4,3134.2,1,1,3135.2,1,1,3135.6,200,1,3135.8,170,2,3135.9,295,6,3136.0,680,6
2031,2026-06-16 12:45:25+05:30,3135.2,1,3130.13,2152775,134814.0,206511.0,3163.0,3163.0,3108.0,3134.3,31977000,3447.7,2820.9,3839.9,2896.0,3135.0,121,6,3134.5,158,3,3134.4,15,1,3134.3,93,4,3134.2,1,1,3135.2,1,1,3135.6,200,1,3135.8,170,2,3135.9,295,6,3136.0,680,6
2031,2026-06-16 12:45:25+05:30,3135.2,1,3130.13,2152786,134777.0,206525.0,3163.0,3163.0,3108.0,3134.3,31977000,3447.7,2820.9,3839.9,2896.0,3135.0,119,5,3134.5,112,2,3134.4,15,1,3134.3,47,3,3134.2,1,1,3135.2,30,1,3135.6,200,1,3135.8,170,2,3135.9,295,6,3136.0,718,7
2031,2026-06-16 12:45:26+05:30,3135.2,1,3130.13,2152786,134777.0,206525.0,3163.0,3163.0,3108.0,3134.3,31977000,3447.7,2820.9,3839.9,2896.0,3135.0,119,5,3134.5,112,2,3134.4,15,1,3134.3,47,3,3134.2,1,1,3135.2,30,1,3135.6,200,1,3135.8,170,2,3135.9,295,6,3136.0,718,7
2031,2026-06-16 12:45:26+05:30,3135.2,1,3130.13,2152786,135140.0,206003.0,3163.0,3163.0,3108.0,3134.3,31977000,3447.7,2820.9,3839.9,2896.0,3135.2,17,1,3135.0,101,4,3134.5,112,2,3134.3,47,3,3134.2,1,1,3135.6,200,1,3135.8,239,4,3135.9,263,5,3136.0,749,8,3136.1,48,2
2031,2026-06-16 12:45:27+05:30,3135.6,5,3130.13,2152791,135227.0,205960.0,3163.0,3163.0,3108.0,3134.3,31977000,3447.7,2820.9,3839.9,2896.0,3135.2,18,2,3135.0,105,5,3134.5,116,3,3134.3,64,5,3134.2,1,1,3135.6,195,1,3135.8,201,3,3135.9,263,5,3136.0,711,7,3136.1,48,2
2031,2026-06-16 12:45:28+05:30,3135.6,5,3130.13,2152791,135227.0,205960.0,3163.0,3163.0,3108.0,3134.3,31977000,3447.7,2820.9,3839.9,2896.0,3135.2,18,2,3135.0,105,5,3134.5,116,3,3134.3,64,5,3134.2,1,1,3135.6,195,1,3135.8,201,3,3135.9,263,5,3136.0,711,7,3136.1,48,2
2031,2026-06-16 12:45:28+05:30,3135.6,5,3130.13,2152791,135266.0,205851.0,3163.0,3163.0,3108.0,3134.3,31977000,3447.7,2820.9,3839.9,2896.0,3135.2,60,3,3135.0,105,5,3134.5,116,3,3134.3,80,7,3134.2,1,1,3135.6,195,1,3135.8,170,2,3135.9,263,5,3136.0,680,6,3136.1,48,2
2031,2026-06-16 12:45:29+05:30,3135.6,28,3130.13,2152791,135266.0,205851.0,3163.0,3163.0,3108.0,3134.3,31977000,3447.7,2820.9,3839.9,2896.0,3135.2,60,3,3135.0,105,5,3134.5,116,3,3134.3,80,7,3134.2,1,1,3135.6,195,1,3135.8,170,2,3135.9,263,5,3136.0,680,6,3136.1,48,2
2031,2026-06-16 12:45:29+05:30,3135.6,28,3130.13,2152819,135290.0,205915.0,3163.0,3163.0,3108.0,3134.3,31977000,3447.7,2820.9,3839.9,2896.0,3135.2,60,3,3135.0,105,5,3134.5,114,3,3134.4,14,1,3134.3,110,6,3135.6,206,2,3135.8,170,2,3135.9,219,4,3136.0,631,5,3136.1,48,2
2031,2026-06-16 12:45:30+05:30,3135.0,1,3130.13,2153186,135101.0,205995.0,3163.0,3163.0,3108.0,3134.3,31977000,3447.7,2820.9,3839.9,2896.0,3135.4,2,2,3135.2,18,1,3135.0,25,4,3134.7,3,1,3134.6,14,1,3135.6,39,1,3135.8,131,1,3135.9,219,4,3136.0,592,4,3136.2,518,5
2031,2026-06-16 12:45:31+05:30,3135.6,1,3130.13,2153186,135101.0,205995.0,3163.0,3163.0,3108.0,3134.3,31977000,3447.7,2820.9,3839.9,2896.0,3135.4,2,2,3135.2,18,1,3135.0,25,4,3134.7,3,1,3134.6,14,1,3135.6,39,1,3135.8,131,1,3135.9,219,4,3136.0,592,4,3136.2,518,5
2031,2026-06-16 12:45:31+05:30,3135.6,1,3130.13,2153188,135270.0,205847.0,3163.0,3163.0,3108.0,3134.3,31977000,3447.7,2820.9,3839.9,2896.0,3135.6,2,1,3135.4,2,2,3135.2,18,1,3135.0,25,4,3134.7,3,1,3135.8,131,1,3135.9,219,4,3136.0,592,4,3136.2,449,3,3136.3,246,2
2031,2026-06-16 12:45:32+05:30,3135.2,15,3130.13,2153188,135270.0,205847.0,3163.0,3163.0,3108.0,3134.3,31977000,3447.7,2820.9,3839.9,2896.0,3135.6,2,1,3135.4,2,2,3135.2,18,1,3135.0,25,4,3134.7,3,1,3135.8,131,1,3135.9,219,4,3136.0,592,4,3136.2,449,3,3136.3,246,2
2031,2026-06-16 12:45:32+05:30,3135.2,15,3130.13,2153218,135179.0,205542.0,3163.0,3163.0,3108.0,3134.3,31977000,3447.7,2820.9,3839.9,2896.0,3135.2,3,1,3135.0,25,4,3134.7,3,1,3134.6,1,1,3134.5,161,7,3135.7,131,1,3135.8,25,1,3135.9,219,4,3136.0,592,4,3136.1,90,2
2031,2026-06-16 12:45:33+05:30,3135.7,23,3130.13,2153241,135299.0,205351.0,3163.0,3163.0,3108.0,3134.3,31977000,3447.7,2820.9,3839.9,2896.0,3135.2,3,1,3135.0,25,4,3134.7,66,2,3134.6,109,3,3134.5,154,7,3135.7,108,1,3135.8,25,1,3135.9,219,4,3136.0,592,4,3136.1,90,2
2031,2026-06-16 12:45:34+05:30,3135.7,23,3130.13,2153241,135299.0,205351.0,3163.0,3163.0,3108.0,3134.3,31977000,3447.7,2820.9,3839.9,2896.0,3135.2,3,1,3135.0,25,4,3134.7,66,2,3134.6,109,3,3134.5,154,7,3135.7,108,1,3135.8,25,1,3135.9,219,4,3136.0,592,4,3136.1,90,2
2031,2026-06-16 12:45:34+05:30,3135.2,39,3130.13,2153281,135200.0,205430.0,3163.0,3163.0,3108.0,3134.3,31977000,3447.7,2820.9,3839.9,2896.0,3135.2,18,1,3135.0,25,4,3134.6,1,1,3134.5,154,7,3134.4,21,2,3135.7,132,2,3135.9,219,4,3136.0,592,4,3136.1,121,3,3136.2,438,3
2031,2026-06-16 12:45:35+05:30,3135.2,39,3130.13,2153281,135200.0,205430.0,3163.0,3163.0,3108.0,3134.3,31977000,3447.7,2820.9,3839.9,2896.0,3135.2,18,1,3135.0,25,4,3134.6,1,1,3134.5,154,7,3134.4,21,2,3135.7,132,2,3135.9,219,4,3136.0,592,4,3136.1,121,3,3136.2,438,3
2031,2026-06-16 12:45:35+05:30,3135.2,39,3130.13,2153281,135189.0,205464.0,3163.0,3163.0,3108.0,3134.3,31977000,3447.7,2820.9,3839.9,2896.0,3135.2,19,2,3135.0,25,4,3134.6,3,1,3134.5,154,7,3134.4,7,1,3135.7,133,3,3135.8,29,1,3135.9,257,5,3136.0,592,4,3136.1,121,3
2031,2026-06-16 12:45:36+05:30,3135.7,1,3130.13,2153282,135190.0,205499.0,3163.0,3163.0,3108.0,3134.3,31977000,3447.7,2820.9,3839.9,2896.0,3135.2,20,3,3135.0,25,4,3134.6,3,1,3134.5,154,7,3134.4,7,1,3135.7,167,5,3135.8,29,1,3135.9,257,5,3136.0,592,4,3136.1,121,3
2031,2026-06-16 12:45:37+05:30,3135.7,1,3130.13,2153282,135190.0,205499.0,3163.0,3163.0,3108.0,3134.3,31977000,3447.7,2820.9,3839.9,2896.0,3135.2,20,3,3135.0,25,4,3134.6,3,1,3134.5,154,7,3134.4,7,1,3135.7,167,5,3135.8,29,1,3135.9,257,5,3136.0,592,4,3136.1,121,3
2031,2026-06-16 12:45:37+05:30,3135.7,1,3130.13,2153301,135537.0,205917.0,3163.0,3163.0,3108.0,3134.3,31977000,3447.7,2820.9,3839.9,2896.0,3135.6,18,1,3135.2,20,3,3135.0,25,4,3134.7,80,3,3134.6,292,3,3135.7,166,5,3135.9,219,4,3136.0,592,4,3136.1,44,1,3136.2,400,2
2031,2026-06-16 12:45:38+05:30,3135.6,2,3130.13,2153301,135537.0,205917.0,3163.0,3163.0,3108.0,3134.3,31977000,3447.7,2820.9,3839.9,2896.0,3135.6,18,1,3135.2,20,3,3135.0,25,4,3134.7,80,3,3134.6,292,3,3135.7,166,5,3135.9,219,4,3136.0,592,4,3136.1,44,1,3136.2,400,2
2031,2026-06-16 12:45:38+05:30,3135.7,1,3130.13,2153304,135535.0,205964.0,3163.0,3163.0,3108.0,3134.3,31977000,3447.7,2820.9,3839.9,2896.0,3135.6,17,2,3135.2,20,3,3135.0,26,5,3134.7,80,3,3134.6,248,3,3135.7,165,5,3135.9,219,4,3136.0,592,4,3136.1,44,1,3136.2,400,2
2031,2026-06-16 12:45:39+05:30,3135.7,1,3130.13,2153304,135535.0,205964.0,3163.0,3163.0,3108.0,3134.3,31977000,3447.7,2820.9,3839.9,2896.0,3135.6,17,2,3135.2,20,3,3135.0,26,5,3134.7,80,3,3134.6,248,3,3135.7,165,5,3135.9,219,4,3136.0,592,4,3136.1,44,1,3136.2,400,2
2031,2026-06-16 12:45:39+05:30,3135.7,2,3130.14,2153477,135154.0,205374.0,3163.0,3163.0,3108.0,3134.3,31977000,3447.7,2820.9,3839.9,2896.0,3135.6,1,1,3135.2,20,3,3135.0,40,6,3134.7,105,4,3134.5,148,7,3135.9,219,4,3136.0,592,4,3136.2,400,2,3136.3,254,2,3136.4,90,2
2031,2026-06-16 12:45:40+05:30,3135.7,2,3130.14,2153477,135154.0,205374.0,3163.0,3163.0,3108.0,3134.3,31977000,3447.7,2820.9,3839.9,2896.0,3135.6,1,1,3135.2,20,3,3135.0,40,6,3134.7,105,4,3134.5,148,7,3135.9,219,4,3136.0,592,4,3136.2,400,2,3136.3,254,2,3136.4,90,2
2031,2026-06-16 12:45:40+05:30,3135.7,2,3130.14,2153477,135309.0,206003.0,3163.0,3163.0,3108.0,3134.3,31977000,3447.7,2820.9,3839.9,2896.0,3135.6,1,1,3135.2,20,3,3135.0,40,6,3134.7,42,3,3134.5,194,8,3135.8,200,1,3135.9,219,4,3136.0,592,4,3136.1,38,1,3136.2,431,3
2031,2026-06-16 12:45:41+05:30,3135.8,1,3130.14,2153478,135312.0,205949.0,3163.0,3163.0,3108.0,3134.3,31977000,3447.7,2820.9,3839.9,2896.0,3135.6,1,1,3135.2,20,3,3135.0,40,6,3134.7,42,3,3134.5,194,8,3135.8,199,1,3135.9,219,4,3136.0,612,5,3136.1,38,1,3136.2,431,3
2031,2026-06-16 12:45:42+05:30,3135.8,1,3130.14,2153478,135312.0,205949.0,3163.0,3163.0,3108.0,3134.3,31977000,3447.7,2820.9,3839.9,2896.0,3135.6,1,1,3135.2,20,3,3135.0,40,6,3134.7,42,3,3134.5,194,8,3135.8,199,1,3135.9,219,4,3136.0,612,5,3136.1,38,1,3136.2,431,3
2031,2026-06-16 12:45:42+05:30,3135.8,1,3130.14,2153478,135413.0,206017.0,3163.0,3163.0,3108.0,3134.3,31977000,3447.7,2820.9,3839.9,2896.0,3135.7,16,1,3135.6,1,1,3135.2,2,2,3135.0,40,6,3134.7,42,3,3135.8,208,2,3135.9,219,4,3136.0,612,5,3136.1,38,1,3136.2,431,3
2031,2026-06-16 12:45:43+05:30,3135.0,8,3130.14,2153695,135091.0,205564.0,3163.0,3163.0,3108.0,3134.3,31977000,3447.7,2820.9,3839.9,2896.0,3135.0,33,6,3134.8,26,2,3134.7,35,2,3134.6,24,2,3134.5,108,4,3135.7,1,1,3135.8,208,2,3135.9,219,4,3136.0,592,4,3136.1,46,1
2031,2026-06-16 12:45:44+05:30,3135.7,1,3130.14,2153695,135091.0,205564.0,3163.0,3163.0,3108.0,3134.3,31977000,3447.7,2820.9,3839.9,2896.0,3135.0,33,6,3134.8,26,2,3134.7,35,2,3134.6,24,2,3134.5,108,4,3135.7,1,1,3135.8,208,2,3135.9,219,4,3136.0,592,4,3136.1,46,1
2031,2026-06-16 12:45:44+05:30,3135.7,1,3130.14,2153696,135136.0,206015.0,3163.0,3163.0,3108.0,3134.3,31977000,3447.7,2820.9,3839.9,2896.0,3135.0,50,7,3134.8,26,2,3134.7,35,2,3134.6,24,2,3134.5,108,4,3135.8,208,2,3135.9,219,4,3136.0,592,4,3136.1,46,1,3136.2,470,4
2031,2026-06-16 12:45:45+05:30,3135.4,1,3130.14,2153698,134989.0,205985.0,3163.0,3163.0,3108.0,3134.3,31977000,3447.7,2820.9,3839.9,2896.0,3135.4,2,2,3135.0,51,8,3134.8,26,2,3134.7,35,2,3134.6,24,2,3135.7,37,1,3135.8,233,3,3135.9,219,4,3136.0,592,4,3136.1,46,1
2031,2026-06-16 12:45:46+05:30,3135.0,2,3130.14,2153698,134989.0,205985.0,3163.0,3163.0,3108.0,3134.3,31977000,3447.7,2820.9,3839.9,2896.0,3135.4,2,2,3135.0,51,8,3134.8,26,2,3134.7,35,2,3134.6,24,2,3135.7,37,1,3135.8,233,3,3135.9,219,4,3136.0,592,4,3136.1,46,1
2031,2026-06-16 12:45:46+05:30,3135.7,1,3130.14,2153807,135296.0,205723.0,3163.0,3163.0,3108.0,3134.3,31977000,3447.7,2820.9,3839.9,2896.0,3135.1,23,1,3135.0,82,11,3134.9,22,2,3134.8,37,3,3134.7,25,1,3135.7,36,1,3135.8,34,2,3135.9,229,3,3136.0,543,4,3136.1,200,1
2031,2026-06-16 12:45:47+05:30,3135.7,1,3130.14,2153807,135296.0,205723.0,3163.0,3163.0,3108.0,3134.3,31977000,3447.7,2820.9,3839.9,2896.0,3135.1,23,1,3135.0,82,11,3134.9,22,2,3134.8,37,3,3134.7,25,1,3135.7,36,1,3135.8,34,2,3135.9,229,3,3136.0,543,4,3136.1,200,1
2031,2026-06-16 12:45:47+05:30,3135.7,15,3130.14,2153841,135402.0,205650.0,3163.0,3163.0,3108.0,3134.3,31977000,3447.7,2820.9,3839.9,2896.0,3135.1,4,1,3135.0,68,10,3134.9,22,2,3134.8,81,4,3134.7,50,1,3135.7,75,3,3135.9,229,3,3136.0,543,4,3136.1,200,1,3136.3,600,3
2031,2026-06-16 12:45:48+05:30,3135.7,15,3130.14,2153841,135402.0,205650.0,3163.0,3163.0,3108.0,3134.3,31977000,3447.7,2820.9,3839.9,2896.0,3135.1,4,1,3135.0,68,10,3134.9,22,2,3134.8,81,4,3134.7,50,1,3135.7,75,3,3135.9,229,3,3136.0,543,4,3136.1,200,1,3136.3,600,3
2031,2026-06-16 12:45:49+05:30,3135.1,3,3130.14,2153844,135158.0,206280.0,3163.0,3163.0,3108.0,3134.3,31977000,3447.7,2820.9,3839.9,2896.0,3135.1,1,1,3135.0,60,9,3134.9,10,1,3134.8,81,4,3134.7,14,1,3135.4,1,1,3135.7,46,2,3135.9,229,3,3136.0,543,4,3136.1,200,1
2031,2026-06-16 12:45:49+05:30,3135.1,3,3130.14,2153844,135158.0,206280.0,3163.0,3163.0,3108.0,3134.3,31977000,3447.7,2820.9,3839.9,2896.0,3135.1,1,1,3135.0,60,9,3134.9,10,1,3134.8,81,4,3134.7,14,1,3135.4,1,1,3135.7,46,2,3135.9,229,3,3136.0,543,4,3136.1,200,1
2031,2026-06-16 12:45:49+05:30,3135.7,8,3130.14,2153855,135481.0,205862.0,3163.0,3163.0,3108.0,3134.3,31977000,3447.7,2820.9,3839.9,2896.0,3135.2,15,1,3135.1,48,5,3135.0,40,7,3134.9,34,2,3134.8,133,5,3135.4,8,1,3135.7,38,2,3135.9,229,3,3136.0,543,4,3136.1,200,1
2031,2026-06-16 12:45:50+05:30,3135.7,8,3130.14,2153855,135481.0,205862.0,3163.0,3163.0,3108.0,3134.3,31977000,3447.7,2820.9,3839.9,2896.0,3135.2,15,1,3135.1,48,5,3135.0,40,7,3134.9,34,2,3134.8,133,5,3135.4,8,1,3135.7,38,2,3135.9,229,3,3136.0,543,4,3136.1,200,1
2031,2026-06-16 12:45:51+05:30,3135.4,1,3130.14,2153856,135503.0,206054.0,3163.0,3163.0,3108.0,3134.3,31977000,3447.7,2820.9,3839.9,2896.0,3135.2,15,1,3135.1,34,4,3135.0,35,6,3134.9,48,3,3134.8,133,5,3135.4,5,1,3135.7,13,1,3135.9,229,3,3136.0,543,4,3136.1,200,1
2031,2026-06-16 12:45:51+05:30,3135.4,1,3130.14,2153856,135503.0,206054.0,3163.0,3163.0,3108.0,3134.3,31977000,3447.7,2820.9,3839.9,2896.0,3135.2,15,1,3135.1,34,4,3135.0,35,6,3134.9,48,3,3134.8,133,5,3135.4,5,1,3135.7,13,1,3135.9,229,3,3136.0,543,4,3136.1,200,1
2031,2026-06-16 12:45:52+05:30,3135.0,5,3130.14,2154064,135350.0,205955.0,3163.0,3163.0,3108.0,3134.3,31977000,3447.7,2820.9,3839.9,2896.0,3135.0,62,8,3134.9,19,2,3134.8,26,2,3134.6,223,5,3134.5,176,6,3135.7,13,1,3135.9,229,3,3136.0,543,4,3136.1,200,1,3136.2,49,1
2031,2026-06-16 12:45:52+05:30,3135.0,5,3130.14,2154064,135350.0,205955.0,3163.0,3163.0,3108.0,3134.3,31977000,3447.7,2820.9,3839.9,2896.0,3135.0,62,8,3134.9,19,2,3134.8,26,2,3134.6,223,5,3134.5,176,6,3135.7,13,1,3135.9,229,3,3136.0,543,4,3136.1,200,1,3136.2,49,1
2031,2026-06-16 12:45:53+05:30,3135.7,1,3130.14,2154065,135497.0,205462.0,3163.0,3163.0,3108.0,3134.3,31977000,3447.7,2820.9,3839.9,2896.0,3135.2,50,1,3135.0,98,11,3134.9,19,2,3134.8,37,3,3134.6,223,5,3135.7,21,2,3135.9,229,3,3136.0,543,4,3136.1,200,1,3136.3,646,4
2031,2026-06-16 12:45:53+05:30,3135.7,1,3130.14,2154065,135497.0,205462.0,3163.0,3163.0,3108.0,3134.3,31977000,3447.7,2820.9,3839.9,2896.0,3135.2,50,1,3135.0,98,11,3134.9,19,2,3134.8,37,3,3134.6,223,5,3135.7,21,2,3135.9,229,3,3136.0,543,4,3136.1,200,1,3136.3,646,4
2031,2026-06-16 12:45:54+05:30,3135.7,1,3130.14,2154065,135497.0,205592.0,3163.0,3163.0,3108.0,3134.3,31977000,3447.7,2820.9,3839.9,2896.0,3135.2,50,1,3135.0,98,11,3134.9,19,2,3134.8,37,3,3134.6,223,5,3135.7,56,3,3135.9,229,3,3136.0,543,4,3136.1,200,1,3136.3,646,4
2031,2026-06-16 12:45:54+05:30,3135.7,1,3130.14,2154066,135537.0,205720.0,3163.0,3163.0,3108.0,3134.3,31977000,3447.7,2820.9,3839.9,2896.0,3135.2,50,1,3135.0,90,10,3134.9,19,2,3134.8,37,3,3134.6,62,6,3135.7,63,4,3135.9,229,3,3136.0,543,4,3136.1,200,1,3136.3,646,4
2031,2026-06-16 12:45:55+05:30,3135.7,1,3130.14,2154066,135537.0,205720.0,3163.0,3163.0,3108.0,3134.3,31977000,3447.7,2820.9,3839.9,2896.0,3135.2,50,1,3135.0,90,10,3134.9,19,2,3134.8,37,3,3134.6,62,6,3135.7,63,4,3135.9,229,3,3136.0,543,4,3136.1,200,1,3136.3,646,4
2031,2026-06-16 12:45:55+05:30,3135.7,5,3130.14,2154082,135660.0,205593.0,3163.0,3163.0,3108.0,3134.3,31977000,3447.7,2820.9,3839.9,2896.0,3135.2,92,5,3135.0,81,9,3134.9,70,3,3134.8,89,4,3134.7,66,2,3135.7,47,3,3135.9,229,3,3136.0,543,4,3136.1,200,1,3136.3,646,4
2031,2026-06-16 12:45:56+05:30,3135.7,5,3130.14,2154082,135660.0,205593.0,3163.0,3163.0,3108.0,3134.3,31977000,3447.7,2820.9,3839.9,2896.0,3135.2,92,5,3135.0,81,9,3134.9,70,3,3134.8,89,4,3134.7,66,2,3135.7,47,3,3135.9,229,3,3136.0,543,4,3136.1,200,1,3136.3,646,4
2031,2026-06-16 12:45:56+05:30,3135.7,5,3130.14,2154082,135678.0,205597.0,3163.0,3163.0,3108.0,3134.3,31977000,3447.7,2820.9,3839.9,2896.0,3135.2,98,6,3135.1,21,2,3135.0,81,9,3134.9,61,2,3134.8,89,4,3135.7,47,3,3135.9,229,3,3136.0,543,4,3136.1,200,1,3136.3,646,4
2031,2026-06-16 12:45:58+05:30,3135.7,1,3130.14,2154084,135690.0,205604.0,3163.0,3163.0,3108.0,3134.3,31977000,3447.7,2820.9,3839.9,2896.0,3135.2,92,5,3135.1,21,2,3135.0,81,9,3134.9,61,2,3134.8,89,4,3135.7,58,4,3135.9,229,3,3136.0,543,4,3136.1,200,1,3136.3,646,4
2031,2026-06-16 12:45:58+05:30,3135.7,1,3130.14,2154084,135690.0,205604.0,3163.0,3163.0,3108.0,3134.3,31977000,3447.7,2820.9,3839.9,2896.0,3135.2,92,5,3135.1,21,2,3135.0,81,9,3134.9,61,2,3134.8,89,4,3135.7,58,4,3135.9,229,3,3136.0,543,4,3136.1,200,1,3136.3,646,4
2031,2026-06-16 12:45:59+05:30,3135.5,1,3130.14,2154084,135690.0,205604.0,3163.0,3163.0,3108.0,3134.3,31977000,3447.7,2820.9,3839.9,2896.0,3135.2,92,5,3135.1,21,2,3135.0,81,9,3134.9,61,2,3134.8,89,4,3135.7,58,4,3135.9,229,3,3136.0,543,4,3136.1,200,1,3136.3,646,4
2031,2026-06-16 12:45:59+05:30,3135.7,9,3130.14,2154152,136401.0,206055.0,3163.0,3163.0,3108.0,3134.3,31977000,3447.7,2820.9,3839.9,2896.0,3135.7,7,1,3135.2,96,5,3135.1,21,2,3135.0,74,9,3134.9,61,2,3135.8,199,1,3135.9,30,2,3136.0,543,4,3136.1,200,1,3136.3,646,4
2031,2026-06-16 12:46:00+05:30,3135.7,43,3130.14,2154239,135607.0,206039.0,3163.0,3163.0,3108.0,3134.3,31977000,3447.7,2820.9,3839.9,2896.0,3135.2,66,2,3135.1,13,1,3135.0,56,7,3134.9,23,2,3134.8,24,2,3135.7,157,1,3135.8,14,3,3135.9,229,3,3136.0,543,4,3136.1,246,2
2031,2026-06-16 12:46:00+05:30,3135.7,43,3130.14,2154239,135607.0,206039.0,3163.0,3163.0,3108.0,3134.3,31977000,3447.7,2820.9,3839.9,2896.0,3135.2,66,2,3135.1,13,1,3135.0,56,7,3134.9,23,2,3134.8,24,2,3135.7,157,1,3135.8,14,3,3135.9,229,3,3136.0,543,4,3136.1,246,2
2031,2026-06-16 12:46:01+05:30,3135.7,7,3130.14,2154239,135607.0,206039.0,3163.0,3163.0,3108.0,3134.3,31977000,3447.7,2820.9,3839.9,2896.0,3135.2,66,2,3135.1,13,1,3135.0,56,7,3134.9,23,2,3134.8,24,2,3135.7,157,1,3135.8,14,3,3135.9,229,3,3136.0,543,4,3136.1,246,2
2031,2026-06-16 12:46:01+05:30,3135.7,7,3130.14,2154246,135596.0,206055.0,3163.0,3163.0,3108.0,3134.3,31977000,3447.7,2820.9,3839.9,2896.0,3135.5,2,2,3135.2,67,3,3135.1,13,1,3135.0,57,8,3134.9,23,2,3135.7,151,2,3135.8,13,2,3135.9,229,3,3136.0,543,4,3136.1,246,2
2031,2026-06-16 12:46:02+05:30,3135.7,7,3130.14,2154246,135551.0,205892.0,3163.0,3163.0,3108.0,3134.3,31977000,3447.7,2820.9,3839.9,2896.0,3135.5,2,2,3135.2,17,2,3135.0,57,8,3134.9,13,1,3134.8,24,2,3135.7,163,3,3135.8,1,1,3135.9,229,3,3136.0,543,4,3136.1,246,2
2031,2026-06-16 12:46:03+05:30,3135.7,1,3130.14,2154246,135551.0,205892.0,3163.0,3163.0,3108.0,3134.3,31977000,3447.7,2820.9,3839.9,2896.0,3135.5,2,2,3135.2,17,2,3135.0,57,8,3134.9,13,1,3134.8,24,2,3135.7,163,3,3135.8,1,1,3135.9,229,3,3136.0,543,4,3136.1,246,2
2031,2026-06-16 12:46:03+05:30,3135.7,1,3130.14,2154254,135674.0,206116.0,3163.0,3163.0,3108.0,3134.3,31977000,3447.7,2820.9,3839.9,2896.0,3135.5,20,3,3135.2,1,1,3135.1,66,2,3135.0,237,9,3134.9,13,1,3135.7,192,4,3135.8,1,1,3135.9,229,3,3136.0,543,4,3136.1,246,2
2031,2026-06-16 12:46:03+05:30,3135.7,1,3130.14,2154254,135674.0,206116.0,3163.0,3163.0,3108.0,3134.3,31977000,3447.7,2820.9,3839.9,2896.0,3135.5,20,3,3135.2,1,1,3135.1,66,2,3135.0,237,9,3134.9,13,1,3135.7,192,4,3135.8,1,1,3135.9,229,3,3136.0,543,4,3136.1,246,2
2031,2026-06-16 12:46:04+05:30,3135.7,1,3130.14,2154254,135674.0,206116.0,3163.0,3163.0,3108.0,3134.3,31977000,3447.7,2820.9,3839.9,2896.0,3135.5,20,3,3135.2,1,1,3135.1,66,2,3135.0,237,9,3134.9,13,1,3135.7,192,4,3135.8,1,1,3135.9,229,3,3136.0,543,4,3136.1,246,2
2031,2026-06-16 12:46:04+05:30,3135.7,1,3130.14,2154305,135634.0,206017.0,3163.0,3163.0,3108.0,3134.3,31977000,3447.7,2820.9,3839.9,2896.0,3135.5,20,3,3135.2,1,1,3135.1,66,2,3135.0,237,9,3134.9,13,1,3135.7,141,4,3135.8,1,1,3135.9,229,3,3136.0,543,4,3136.1,200,1
2031,2026-06-16 12:46:05+05:30,3135.7,1,3130.14,2154305,135688.0,206067.0,3163.0,3163.0,3108.0,3134.3,31977000,3447.7,2820.9,3839.9,2896.0,3135.6,17,1,3135.5,2,2,3135.2,1,1,3135.1,66,2,3135.0,237,9,3135.7,141,4,3135.8,1,1,3135.9,229,3,3136.0,543,4,3136.1,200,1
2031,2026-06-16 12:46:05+05:30,3135.7,1,3130.14,2154305,135688.0,206067.0,3163.0,3163.0,3108.0,3134.3,31977000,3447.7,2820.9,3839.9,2896.0,3135.6,17,1,3135.5,2,2,3135.2,1,1,3135.1,66,2,3135.0,237,9,3135.7,141,4,3135.8,1,1,3135.9,229,3,3136.0,543,4,3136.1,200,1
2031,2026-06-16 12:46:06+05:30,3135.7,66,3130.14,2154305,135688.0,206067.0,3163.0,3163.0,3108.0,3134.3,31977000,3447.7,2820.9,3839.9,2896.0,3135.6,17,1,3135.5,2,2,3135.2,1,1,3135.1,66,2,3135.0,237,9,3135.7,141,4,3135.8,1,1,3135.9,229,3,3136.0,543,4,3136.1,200,1
2031,2026-06-16 12:46:06+05:30,3135.7,66,3130.14,2154476,136273.0,205886.0,3163.0,3163.0,3108.0,3134.3,31977000,3447.7,2820.9,3839.9,2896.0,3135.6,2,2,3135.5,15,1,3135.4,26,2,3135.2,32,4,3135.1,53,1,3135.8,1,1,3135.9,229,3,3136.0,543,4,3136.1,200,1,3136.3,600,3
2031,2026-06-16 12:46:07+05:30,3135.9,4,3130.14,2154476,136273.0,205886.0,3163.0,3163.0,3108.0,3134.3,31977000,3447.7,2820.9,3839.9,2896.0,3135.6,2,2,3135.5,15,1,3135.4,26,2,3135.2,32,4,3135.1,53,1,3135.8,1,1,3135.9,229,3,3136.0,543,4,3136.1,200,1,3136.3,600,3
2031,2026-06-16 12:46:07+05:30,3135.9,4,3130.14,2154481,136237.0,205694.0,3163.0,3163.0,3108.0,3134.3,31977000,3447.7,2820.9,3839.9,2896.0,3135.6,2,2,3135.5,28,2,3135.4,18,2,3135.3,9,2,3135.2,39,5,3135.8,199,1,3135.9,26,2,3136.0,543,4,3136.1,200,1,3136.3,600,3
2031,2026-06-16 12:46:07+05:30,3135.9,4,3130.14,2154481,136237.0,205694.0,3163.0,3163.0,3108.0,3134.3,31977000,3447.7,2820.9,3839.9,2896.0,3135.6,2,2,3135.5,28,2,3135.4,18,2,3135.3,9,2,3135.2,39,5,3135.8,199,1,3135.9,26,2,3136.0,543,4,3136.1,200,1,3136.3,600,3
2031,2026-06-16 12:46:08+05:30,3135.8,1,3130.14,2154481,136237.0,205694.0,3163.0,3163.0,3108.0,3134.3,31977000,3447.7,2820.9,3839.9,2896.0,3135.6,2,2,3135.5,28,2,3135.4,18,2,3135.3,9,2,3135.2,39,5,3135.8,199,1,3135.9,26,2,3136.0,543,4,3136.1,200,1,3136.3,600,3
2031,2026-06-16 12:46:08+05:30,3135.8,1,3130.14,2154682,135364.0,205638.0,3163.0,3163.0,3108.0,3134.3,31977000,3447.7,2820.9,3839.9,2896.0,3135.6,18,1,3135.2,14,2,3135.1,53,1,3135.0,274,12,3134.8,110,5,3135.8,198,1,3135.9,26,2,3136.0,598,5,3136.1,200,1,3136.3,600,3
2031,2026-06-16 12:46:09+05:30,3135.8,15,3130.14,2154682,135364.0,205638.0,3163.0,3163.0,3108.0,3134.3,31977000,3447.7,2820.9,3839.9,2896.0,3135.6,18,1,3135.2,14,2,3135.1,53,1,3135.0,274,12,3134.8,110,5,3135.8,198,1,3135.9,26,2,3136.0,598,5,3136.1,200,1,3136.3,600,3
2031,2026-06-16 12:46:09+05:30,3135.8,15,3130.14,2154697,135872.0,205996.0,3163.0,3163.0,3108.0,3134.3,31977000,3447.7,2820.9,3839.9,2896.0,3135.7,15,1,3135.6,18,1,3135.2,27,3,3135.1,53,1,3135.0,274,12,3135.8,227,2,3135.9,77,3,3136.0,548,5,3136.1,200,1,3136.3,644,4
2031,2026-06-16 12:46:09+05:30,3135.8,15,3130.14,2154697,135872.0,205996.0,3163.0,3163.0,3108.0,3134.3,31977000,3447.7,2820.9,3839.9,2896.0,3135.7,15,1,3135.6,18,1,3135.2,27,3,3135.1,53,1,3135.0,274,12,3135.8,227,2,3135.9,77,3,3136.0,548,5,3136.1,200,1,3136.3,644,4
2031,2026-06-16 12:46:10+05:30,3135.8,8,3130.14,2154706,136091.0,206221.0,3163.0,3163.0,3108.0,3134.3,31977000,3447.7,2820.9,3839.9,2896.0,3135.7,15,1,3135.6,18,1,3135.2,13,1,3135.1,53,1,3135.0,261,11,3135.8,280,4,3135.9,77,3,3136.0,548,5,3136.1,200,1,3136.3,675,5
2031,2026-06-16 12:46:11+05:30,3135.8,16,3130.14,2154706,136091.0,206221.0,3163.0,3163.0,3108.0,3134.3,31977000,3447.7,2820.9,3839.9,2896.0,3135.7,15,1,3135.6,18,1,3135.2,13,1,3135.1,53,1,3135.0,261,11,3135.8,280,4,3135.9,77,3,3136.0,548,5,3136.1,200,1,3136.3,675,5
2031,2026-06-16 12:46:11+05:30,3135.8,16,3130.14,2154722,136092.0,206005.0,3163.0,3163.0,3108.0,3134.3,31977000,3447.7,2820.9,3839.9,2896.0,3135.7,15,1,3135.6,18,1,3135.2,13,1,3135.1,53,1,3135.0,261,11,3135.8,264,4,3135.9,77,3,3136.0,548,5,3136.1,200,1,3136.3,675,5
2031,2026-06-16 12:46:11+05:30,3135.8,16,3130.14,2154722,136092.0,206005.0,3163.0,3163.0,3108.0,3134.3,31977000,3447.7,2820.9,3839.9,2896.0,3135.7,15,1,3135.6,18,1,3135.2,13,1,3135.1,53,1,3135.0,261,11,3135.8,264,4,3135.9,77,3,3136.0,548,5,3136.1,200,1,3136.3,675,5
2031,2026-06-16 12:46:12+05:30,3135.8,11,3130.14,2154722,136092.0,206005.0,3163.0,3163.0,3108.0,3134.3,31977000,3447.7,2820.9,3839.9,2896.0,3135.7,15,1,3135.6,18,1,3135.2,13,1,3135.1,53,1,3135.0,261,11,3135.8,264,4,3135.9,77,3,3136.0,548,5,3136.1,200,1,3136.3,675,5
2031,2026-06-16 12:46:12+05:30,3135.8,11,3130.14,2154733,136633.0,206102.0,3163.0,3163.0,3108.0,3134.3,31977000,3447.7,2820.9,3839.9,2896.0,3135.7,15,1,3135.6,29,2,3135.1,66,2,3135.0,247,10,3134.9,17,2,3135.8,253,4,3135.9,77,3,3136.0,548,5,3136.1,200,1,3136.3,644,4
2031,2026-06-16 12:46:12+05:30,3135.8,11,3130.14,2154733,136633.0,206102.0,3163.0,3163.0,3108.0,3134.3,31977000,3447.7,2820.9,3839.9,2896.0,3135.7,15,1,3135.6,29,2,3135.1,66,2,3135.0,247,10,3134.9,17,2,3135.8,253,4,3135.9,77,3,3136.0,548,5,3136.1,200,1,3136.3,644,4
2031,2026-06-16 12:46:13+05:30,3135.8,1,3130.14,2154736,136627.0,205903.0,3163.0,3163.0,3108.0,3134.3,31977000,3447.7,2820.9,3839.9,2896.0,3135.7,17,2,3135.6,29,2,3135.2,14,1,3135.1,66,2,3135.0,246,10,3135.8,250,4,3135.9,77,3,3136.0,548,5,3136.1,200,1,3136.3,644,4
2031,2026-06-16 12:46:14+05:30,3135.7,10,3130.14,2154736,136627.0,205903.0,3163.0,3163.0,3108.0,3134.3,31977000,3447.7,2820.9,3839.9,2896.0,3135.7,17,2,3135.6,29,2,3135.2,14,1,3135.1,66,2,3135.0,246,10,3135.8,250,4,3135.9,77,3,3136.0,548,5,3136.1,200,1,3136.3,644,4
2031,2026-06-16 12:46:14+05:30,3135.7,10,3130.14,2154916,136302.0,205478.0,3163.0,3163.0,3108.0,3134.3,31977000,3447.7,2820.9,3839.9,2896.0,3135.7,7,2,3135.6,14,1,3135.5,1,1,3135.4,3,1,3135.1,99,4,3135.8,80,3,3135.9,77,3,3136.0,397,4,3136.5,7,1,3136.6,81,3
2031,2026-06-16 12:46:14+05:30,3135.7,10,3130.14,2154916,136302.0,205478.0,3163.0,3163.0,3108.0,3134.3,31977000,3447.7,2820.9,3839.9,2896.0,3135.7,7,2,3135.6,14,1,3135.5,1,1,3135.4,3,1,3135.1,99,4,3135.8,80,3,3135.9,77,3,3136.0,397,4,3136.5,7,1,3136.6,81,3
2031,2026-06-16 12:46:15+05:30,3135.7,10,3130.14,2154916,136302.0,205478.0,3163.0,3163.0,3108.0,3134.3,31977000,3447.7,2820.9,3839.9,2896.0,3135.7,7,2,3135.6,14,1,3135.5,1,1,3135.4,3,1,3135.1,99,4,3135.8,80,3,3135.9,77,3,3136.0,397,4,3136.5,7,1,3136.6,81,3
2031,2026-06-16 12:46:15+05:30,3135.8,2,3130.14,2154922,136280.0,205193.0,3163.0,3163.0,3108.0,3134.3,31977000,3447.7,2820.9,3839.9,2896.0,3135.7,9,4,3135.6,14,1,3135.5,1,1,3135.4,17,2,3135.3,6,1,3135.8,74,3,3135.9,77,3,3136.0,397,4,3136.5,7,1,3136.6,281,4
2031,2026-06-16 12:46:15+05:30,3135.8,2,3130.14,2154922,136280.0,205193.0,3163.0,3163.0,3108.0,3134.3,31977000,3447.7,2820.9,3839.9,2896.0,3135.7,9,4,3135.6,14,1,3135.5,1,1,3135.4,17,2,3135.3,6,1,3135.8,74,3,3135.9,77,3,3136.0,397,4,3136.5,7,1,3136.6,281,4
2031,2026-06-16 12:46:16+05:30,3135.8,2,3130.14,2154922,136280.0,205193.0,3163.0,3163.0,3108.0,3134.3,31977000,3447.7,2820.9,3839.9,2896.0,3135.7,9,4,3135.6,14,1,3135.5,1,1,3135.4,17,2,3135.3,6,1,3135.8,74,3,3135.9,77,3,3136.0,397,4,3136.5,7,1,3136.6,281,4
2031,2026-06-16 12:46:16+05:30,3135.8,2,3130.14,2154922,136280.0,205193.0,3163.0,3163.0,3108.0,3134.3,31977000,3447.7,2820.9,3839.9,2896.0,3135.7,9,4,3135.6,14,1,3135.5,1,1,3135.4,17,2,3135.3,6,1,3135.8,74,3,3135.9,77,3,3136.0,397,4,3136.5,7,1,3136.6,281,4
2031,2026-06-16 12:46:16+05:30,3135.8,2,3130.14,2154922,136658.0,205790.0,3163.0,3163.0,3108.0,3134.3,31977000,3447.7,2820.9,3839.9,2896.0,3135.7,9,4,3135.6,28,2,3135.4,30,3,3135.3,7,2,3135.2,21,2,3135.8,74,3,3135.9,77,3,3136.0,397,4,3136.6,281,4,3136.7,50,1
2031,2026-06-16 12:46:17+05:30,3135.8,2,3130.14,2154922,136658.0,205790.0,3163.0,3163.0,3108.0,3134.3,31977000,3447.7,2820.9,3839.9,2896.0,3135.7,9,4,3135.6,28,2,3135.4,30,3,3135.3,7,2,3135.2,21,2,3135.8,74,3,3135.9,77,3,3136.0,397,4,3136.6,281,4,3136.7,50,1
2031,2026-06-16 12:46:17+05:30,3135.8,1,3130.14,2154922,136658.0,205790.0,3163.0,3163.0,3108.0,3134.3,31977000,3447.7,2820.9,3839.9,2896.0,3135.7,9,4,3135.6,28,2,3135.4,30,3,3135.3,7,2,3135.2,21,2,3135.8,74,3,3135.9,77,3,3136.0,397,4,3136.6,281,4,3136.7,50,1
2031,2026-06-16 12:46:17+05:30,3135.8,1,3130.14,2154923,136632.0,205797.0,3163.0,3163.0,3108.0,3134.3,31977000,3447.7,2820.9,3839.9,2896.0,3135.7,9,4,3135.6,14,1,3135.3,1,1,3135.1,53,1,3135.0,328,14,3135.8,73,3,3135.9,77,3,3136.0,397,4,3136.5,41,1,3136.6,281,4
2031,2026-06-16 12:46:17+05:30,3135.8,1,3130.14,2154923,136632.0,205797.0,3163.0,3163.0,3108.0,3134.3,31977000,3447.7,2820.9,3839.9,2896.0,3135.7,9,4,3135.6,14,1,3135.3,1,1,3135.1,53,1,3135.0,328,14,3135.8,73,3,3135.9,77,3,3136.0,397,4,3136.5,41,1,3136.6,281,4
2031,2026-06-16 12:46:18+05:30,3135.8,5,3130.14,2154923,136632.0,205797.0,3163.0,3163.0,3108.0,3134.3,31977000,3447.7,2820.9,3839.9,2896.0,3135.7,9,4,3135.6,14,1,3135.3,1,1,3135.1,53,1,3135.0,328,14,3135.8,73,3,3135.9,77,3,3136.0,397,4,3136.5,41,1,3136.6,281,4
2031,2026-06-16 12:46:18+05:30,3135.8,5,3130.14,2154939,136377.0,205755.0,3163.0,3163.0,3108.0,3134.3,31977000,3447.7,2820.9,3839.9,2896.0,3135.7,26,5,3135.6,14,1,3135.4,14,1,3135.3,1,1,3135.2,14,1,3135.8,107,3,3135.9,77,3,3136.0,397,4,3136.4,244,2,3136.6,281,4
2031,2026-06-16 12:46:18+05:30,3135.8,5,3130.14,2154939,136377.0,205755.0,3163.0,3163.0,3108.0,3134.3,31977000,3447.7,2820.9,3839.9,2896.0,3135.7,26,5,3135.6,14,1,3135.4,14,1,3135.3,1,1,3135.2,14,1,3135.8,107,3,3135.9,77,3,3136.0,397,4,3136.4,244,2,3136.6,281,4
2031,2026-06-16 12:46:19+05:30,3135.8,1,3130.14,2154939,136377.0,205755.0,3163.0,3163.0,3108.0,3134.3,31977000,3447.7,2820.9,3839.9,2896.0,3135.7,26,5,3135.6,14,1,3135.4,14,1,3135.3,1,1,3135.2,14,1,3135.8,107,3,3135.9,77,3,3136.0,397,4,3136.4,244,2,3136.6,281,4
2031,2026-06-16 12:46:19+05:30,3135.8,1,3130.14,2154939,136377.0,205755.0,3163.0,3163.0,3108.0,3134.3,31977000,3447.7,2820.9,3839.9,2896.0,3135.7,26,5,3135.6,14,1,3135.4,14,1,3135.3,1,1,3135.2,14,1,3135.8,107,3,3135.9,77,3,3136.0,397,4,3136.4,244,2,3136.6,281,4
2031,2026-06-16 12:46:20+05:30,3135.8,1,3130.14,2154939,136377.0,205755.0,3163.0,3163.0,3108.0,3134.3,31977000,3447.7,2820.9,3839.9,2896.0,3135.7,26,5,3135.6,14,1,3135.4,14,1,3135.3,1,1,3135.2,14,1,3135.8,107,3,3135.9,77,3,3136.0,397,4,3136.4,244,2,3136.6,281,4
2031,2026-06-16 12:46:21+05:30,3135.8,1,3130.14,2154939,136377.0,205755.0,3163.0,3163.0,3108.0,3134.3,31977000,3447.7,2820.9,3839.9,2896.0,3135.7,26,5,3135.6,14,1,3135.4,14,1,3135.3,1,1,3135.2,14,1,3135.8,107,3,3135.9,77,3,3136.0,397,4,3136.4,244,2,3136.6,281,4
2031,2026-06-16 12:46:21+05:30,3135.8,1,3130.14,2154939,136377.0,205755.0,3163.0,3163.0,3108.0,3134.3,31977000,3447.7,2820.9,3839.9,2896.0,3135.7,26,5,3135.6,14,1,3135.4,14,1,3135.3,1,1,3135.2,14,1,3135.8,107,3,3135.9,77,3,3136.0,397,4,3136.4,244,2,3136.6,281,4
2031,2026-06-16 12:46:22+05:30,3135.8,1,3130.14,2154939,136377.0,205755.0,3163.0,3163.0,3108.0,3134.3,31977400,3447.7,2820.9,3839.9,2896.0,3135.7,26,5,3135.6,14,1,3135.4,14,1,3135.3,1,1,3135.2,14,1,3135.8,107,3,3135.9,77,3,3136.0,397,4,3136.4,244,2,3136.6,281,4
2031,2026-06-16 12:46:22+05:30,3135.8,1,3130.14,2155089,136259.0,205485.0,3163.0,3163.0,3108.0,3134.3,31977400,3447.7,2820.9,3839.9,2896.0,3135.7,8,3,3135.6,14,1,3135.1,53,1,3135.0,261,11,3134.9,14,1,3135.8,77,3,3135.9,77,3,3136.0,397,4,3136.2,26,1,3136.4,36,1
2031,2026-06-16 12:46:25+05:30,3135.8,12,3130.14,2155089,136259.0,205485.0,3163.0,3163.0,3108.0,3134.3,31977400,3447.7,2820.9,3839.9,2896.0,3135.7,8,3,3135.6,14,1,3135.1,53,1,3135.0,261,11,3134.9,14,1,3135.8,77,3,3135.9,77,3,3136.0,397,4,3136.2,26,1,3136.4,36,1
2031,2026-06-16 12:46:27+05:30,3136.0,22,3130.14,2155089,136259.0,205485.0,3163.0,3163.0,3108.0,3134.3,31977400,3447.7,2820.9,3839.9,2896.0,3135.7,8,3,3135.6,14,1,3135.1,53,1,3135.0,261,11,3134.9,14,1,3135.8,77,3,3135.9,77,3,3136.0,397,4,3136.2,26,1,3136.4,36,1
2031,2026-06-16 12:46:27+05:30,3136.0,22,3130.14,2155216,136554.0,205688.0,3163.0,3163.0,3108.0,3134.3,31977400,3447.7,2820.9,3839.9,2896.0,3135.7,19,3,3135.6,14,1,3135.1,53,1,3135.0,223,8,3134.9,14,1,3136.0,373,3,3136.1,50,2,3136.2,38,1,3136.3,31,1,3136.4,147,4
2031,2026-06-16 12:46:29+05:30,3136.0,164,3130.14,2155216,136554.0,205688.0,3163.0,3163.0,3108.0,3134.3,31977400,3447.7,2820.9,3839.9,2896.0,3135.7,19,3,3135.6,14,1,3135.1,53,1,3135.0,223,8,3134.9,14,1,3136.0,373,3,3136.1,50,2,3136.2,38,1,3136.3,31,1,3136.4,147,4
2031,2026-06-16 12:46:31+05:30,3136.0,1,3130.14,2155216,136554.0,205688.0,3163.0,3163.0,3108.0,3134.3,31977400,3447.7,2820.9,3839.9,2896.0,3135.7,19,3,3135.6,14,1,3135.1,53,1,3135.0,223,8,3134.9,14,1,3136.0,373,3,3136.1,50,2,3136.2,38,1,3136.3,31,1,3136.4,147,4
2031,2026-06-16 12:46:32+05:30,3135.7,13,3130.14,2155448,136491.0,205489.0,3163.0,3163.0,3108.0,3134.3,31977400,3447.7,2820.9,3839.9,2896.0,3135.8,16,1,3135.7,43,2,3135.6,10,1,3135.0,223,8,3134.9,34,2,3136.0,232,7,3136.1,21,2,3136.3,50,2,3136.5,249,3,3136.6,322,7
2031,2026-06-16 12:46:33+05:30,3135.7,13,3130.14,2155448,136491.0,205489.0,3163.0,3163.0,3108.0,3134.3,31977400,3447.7,2820.9,3839.9,2896.0,3135.8,16,1,3135.7,43,2,3135.6,10,1,3135.0,223,8,3134.9,34,2,3136.0,232,7,3136.1,21,2,3136.3,50,2,3136.5,249,3,3136.6,322,7
2031,2026-06-16 12:46:35+05:30,3136.0,1,3130.14,2155448,136491.0,205489.0,3163.0,3163.0,3108.0,3134.3,31977400,3447.7,2820.9,3839.9,2896.0,3135.8,16,1,3135.7,43,2,3135.6,10,1,3135.0,223,8,3134.9,34,2,3136.0,232,7,3136.1,21,2,3136.3,50,2,3136.5,249,3,3136.6,322,7
2031,2026-06-16 12:46:36+05:30,3136.0,1,3130.14,2155876,136440.0,205580.0,3163.0,3163.0,3108.0,3134.3,31977400,3447.7,2820.9,3839.9,2896.0,3135.6,22,2,3135.0,278,10,3134.9,14,1,3134.8,27,2,3134.7,102,5,3135.9,1,1,3136.0,130,8,3136.1,6,1,3136.2,26,1,3136.3,200,1
2031,2026-06-16 12:46:37+05:30,3136.0,1,3130.14,2155876,136440.0,205580.0,3163.0,3163.0,3108.0,3134.3,31977400,3447.7,2820.9,3839.9,2896.0,3135.6,22,2,3135.0,278,10,3134.9,14,1,3134.8,27,2,3134.7,102,5,3135.9,1,1,3136.0,130,8,3136.1,6,1,3136.2,26,1,3136.3,200,1
2031,2026-06-16 12:46:39+05:30,3136.0,33,3130.14,2155876,136440.0,205580.0,3163.0,3163.0,3108.0,3134.3,31977400,3447.7,2820.9,3839.9,2896.0,3135.6,22,2,3135.0,278,10,3134.9,14,1,3134.8,27,2,3134.7,102,5,3135.9,1,1,3136.0,130,8,3136.1,6,1,3136.2,26,1,3136.3,200,1
2031,2026-06-16 12:46:41+05:30,3135.0,17,3130.14,2155876,136440.0,205580.0,3163.0,3163.0,3108.0,3134.3,31977400,3447.7,2820.9,3839.9,2896.0,3135.6,22,2,3135.0,278,10,3134.9,14,1,3134.8,27,2,3134.7,102,5,3135.9,1,1,3136.0,130,8,3136.1,6,1,3136.2,26,1,3136.3,200,1
2031,2026-06-16 12:46:41+05:30,3135.0,17,3130.14,2156350,135563.0,205581.0,3163.0,3163.0,3108.0,3134.3,31977400,3447.7,2820.9,3839.9,2896.0,3135.0,173,5,3134.9,28,2,3134.7,12,1,3134.6,36,2,3134.5,115,4,3135.4,200,1,3135.7,151,1,3135.8,200,1,3136.0,492,8,3136.1,275,4
2031,2026-06-16 12:46:43+05:30,3135.4,1,3130.14,2156350,135563.0,205581.0,3163.0,3163.0,3108.0,3134.3,31977400,3447.7,2820.9,3839.9,2896.0,3135.0,173,5,3134.9,28,2,3134.7,12,1,3134.6,36,2,3134.5,115,4,3135.4,200,1,3135.7,151,1,3135.8,200,1,3136.0,492,8,3136.1,275,4
2031,2026-06-16 12:46:46+05:30,3135.2,1,3130.14,2156353,135721.0,206289.0,3163.0,3163.0,3108.0,3134.3,31977400,3447.7,2820.9,3839.9,2896.0,3135.2,2,2,3135.0,271,9,3134.6,11,1,3134.5,160,5,3134.4,21,2,3135.4,273,5,3135.7,169,3,3135.8,203,2,3136.0,435,7,3136.1,275,4
2031,2026-06-16 12:46:47+05:30,3135.2,1,3130.14,2156353,135721.0,206289.0,3163.0,3163.0,3108.0,3134.3,31977400,3447.7,2820.9,3839.9,2896.0,3135.2,2,2,3135.0,271,9,3134.6,11,1,3134.5,160,5,3134.4,21,2,3135.4,273,5,3135.7,169,3,3135.8,203,2,3136.0,435,7,3136.1,275,4
2031,2026-06-16 12:46:49+05:30,3135.4,34,3130.14,2156353,135721.0,206289.0,3163.0,3163.0,3108.0,3134.3,31977400,3447.7,2820.9,3839.9,2896.0,3135.2,2,2,3135.0,271,9,3134.6,11,1,3134.5,160,5,3134.4,21,2,3135.4,273,5,3135.7,169,3,3135.8,203,2,3136.0,435,7,3136.1,275,4
2031,2026-06-16 12:46:50+05:30,3135.4,1,3130.14,2156428,135801.0,206409.0,3163.0,3163.0,3108.0,3134.3,31977400,3447.7,2820.9,3839.9,2896.0,3135.3,1,1,3135.0,251,10,3134.6,12,1,3134.5,130,5,3134.4,16,1,3135.4,263,7,3135.7,169,3,3135.8,203,2,3136.0,437,8,3136.1,304,5
2031,2026-06-16 12:46:51+05:30,3135.4,1,3130.14,2156428,135801.0,206409.0,3163.0,3163.0,3108.0,3134.3,31977400,3447.7,2820.9,3839.9,2896.0,3135.3,1,1,3135.0,251,10,3134.6,12,1,3134.5,130,5,3134.4,16,1,3135.4,263,7,3135.7,169,3,3135.8,203,2,3136.0,437,8,3136.1,304,5
2031,2026-06-16 12:46:53+05:30,3135.4,4,3130.14,2156428,135801.0,206409.0,3163.0,3163.0,3108.0,3134.3,31977400,3447.7,2820.9,3839.9,2896.0,3135.3,1,1,3135.0,251,10,3134.6,12,1,3134.5,130,5,3134.4,16,1,3135.4,263,7,3135.7,169,3,3135.8,203,2,3136.0,437,8,3136.1,304,5
2031,2026-06-16 12:46:55+05:30,3135.4,1,3130.14,2156428,135801.0,206409.0,3163.0,3163.0,3108.0,3134.3,31977400,3447.7,2820.9,3839.9,2896.0,3135.3,1,1,3135.0,251,10,3134.6,12,1,3134.5,130,5,3134.4,16,1,3135.4,263,7,3135.7,169,3,3135.8,203,2,3136.0,437,8,3136.1,304,5
2031,2026-06-16 12:46:55+05:30,3135.4,9,3130.14,2156717,135669.0,206037.0,3163.0,3163.0,3108.0,3134.3,31977400,3447.7,2820.9,3839.9,2896.0,3135.0,175,9,3134.9,20,2,3134.8,14,1,3134.7,29,3,3134.6,61,4,3135.4,231,6,3135.7,169,3,3135.8,203,2,3136.0,459,9,3136.1,206,2
2031,2026-06-16 12:46:57+05:30,3134.6,19,3130.14,2156717,135669.0,206037.0,3163.0,3163.0,3108.0,3134.3,31977400,3447.7,2820.9,3839.9,2896.0,3135.0,175,9,3134.9,20,2,3134.8,14,1,3134.7,29,3,3134.6,61,4,3135.4,231,6,3135.7,169,3,3135.8,203,2,3136.0,459,9,3136.1,206,2
2031,2026-06-16 12:47:00+05:30,3134.6,39,3130.14,2157462,134073.0,207965.0,3163.0,3163.0,3108.0,3134.3,31977400,3447.7,2820.9,3839.9,2896.0,3134.5,91,5,3134.4,2,1,3134.3,148,6,3134.2,18,4,3134.1,44,3,3134.6,107,1,3134.7,215,3,3134.9,200,1,3135.0,349,2,3135.1,202,2
2031,2026-06-16 12:47:01+05:30,3134.6,2,3130.14,2157462,134073.0,207965.0,3163.0,3163.0,3108.0,3134.3,31977400,3447.7,2820.9,3839.9,2896.0,3134.5,91,5,3134.4,2,1,3134.3,148,6,3134.2,18,4,3134.1,44,3,3134.6,107,1,3134.7,215,3,3134.9,200,1,3135.0,349,2,3135.1,202,2
2031,2026-06-16 12:47:03+05:30,3135.8,3,3130.14,2157462,134073.0,207965.0,3163.0,3163.0,3108.0,3134.3,31977400,3447.7,2820.9,3839.9,2896.0,3134.5,91,5,3134.4,2,1,3134.3,148,6,3134.2,18,4,3134.1,44,3,3134.6,107,1,3134.7,215,3,3134.9,200,1,3135.0,349,2,3135.1,202,2
2031,2026-06-16 12:47:04+05:30,3135.8,3,3130.14,2157462,134073.0,207965.0,3163.0,3163.0,3108.0,3134.3,31977400,3447.7,2820.9,3839.9,2896.0,3134.5,91,5,3134.4,2,1,3134.3,148,6,3134.2,18,4,3134.1,44,3,3134.6,107,1,3134.7,215,3,3134.9,200,1,3135.0,349,2,3135.1,202,2
2031,2026-06-16 12:47:05+05:30,3136.0,4,3130.14,2157462,134073.0,207965.0,3163.0,3163.0,3108.0,3134.3,31977400,3447.7,2820.9,3839.9,2896.0,3134.5,91,5,3134.4,2,1,3134.3,148,6,3134.2,18,4,3134.1,44,3,3134.6,107,1,3134.7,215,3,3134.9,200,1,3135.0,349,2,3135.1,202,2
2031,2026-06-16 12:47:05+05:30,3136.0,4,3130.14,2157462,134073.0,207965.0,3163.0,3163.0,3108.0,3134.3,31977400,3447.7,2820.9,3839.9,2896.0,3134.5,91,5,3134.4,2,1,3134.3,148,6,3134.2,18,4,3134.1,44,3,3134.6,107,1,3134.7,215,3,3134.9,200,1,3135.0,349,2,3135.1,202,2
2031,2026-06-16 12:47:05+05:30,3135.7,2,3130.15,2159563,136769.0,204609.0,3163.0,3163.0,3108.0,3134.3,31977400,3447.7,2820.9,3839.9,2896.0,3135.6,50,4,3135.5,1,1,3135.4,14,1,3135.3,2,1,3135.2,43,5,3136.0,185,1,3136.1,200,1,3136.3,600,3,3136.5,200,1,3136.9,14,1
2031,2026-06-16 12:47:07+05:30,3136.8,3,3130.15,2159563,136769.0,204609.0,3163.0,3163.0,3108.0,3134.3,31977400,3447.7,2820.9,3839.9,2896.0,3135.6,50,4,3135.5,1,1,3135.4,14,1,3135.3,2,1,3135.2,43,5,3136.0,185,1,3136.1,200,1,3136.3,600,3,3136.5,200,1,3136.9,14,1
2031,2026-06-16 12:47:07+05:30,3136.8,3,3130.15,2159563,136769.0,204609.0,3163.0,3163.0,3108.0,3134.3,31977400,3447.7,2820.9,3839.9,2896.0,3135.6,50,4,3135.5,1,1,3135.4,14,1,3135.3,2,1,3135.2,43,5,3136.0,185,1,3136.1,200,1,3136.3,600,3,3136.5,200,1,3136.9,14,1
2031,2026-06-16 12:47:09+05:30,3136.0,1,3130.15,2159563,136769.0,204609.0,3163.0,3163.0,3108.0,3134.3,31977400,3447.7,2820.9,3839.9,2896.0,3135.6,50,4,3135.5,1,1,3135.4,14,1,3135.3,2,1,3135.2,43,5,3136.0,185,1,3136.1,200,1,3136.3,600,3,3136.5,200,1,3136.9,14,1
2031,2026-06-16 12:47:09+05:30,3136.0,1,3130.15,2159563,136769.0,204609.0,3163.0,3163.0,3108.0,3134.3,31977400,3447.7,2820.9,3839.9,2896.0,3135.6,50,4,3135.5,1,1,3135.4,14,1,3135.3,2,1,3135.2,43,5,3136.0,185,1,3136.1,200,1,3136.3,600,3,3136.5,200,1,3136.9,14,1
2031,2026-06-16 12:47:11+05:30,3135.6,19,3130.15,2159998,136732.0,205761.0,3163.0,3163.0,3108.0,3134.3,31977400,3447.7,2820.9,3839.9,2896.0,3135.6,76,3,3135.5,15,2,3135.3,12,3,3135.2,82,6,3135.1,55,3,3136.0,62,3,3136.8,249,3,3136.9,277,3,3137.0,816,6,3137.1,638,4
2031,2026-06-16 12:47:11+05:30,3135.6,19,3130.15,2159998,136732.0,205761.0,3163.0,3163.0,3108.0,3134.3,31977400,3447.7,2820.9,3839.9,2896.0,3135.6,76,3,3135.5,15,2,3135.3,12,3,3135.2,82,6,3135.1,55,3,3136.0,62,3,3136.8,249,3,3136.9,277,3,3137.0,816,6,3137.1,638,4
2031,2026-06-16 12:47:11+05:30,3135.6,19,3130.15,2159998,136732.0,205761.0,3163.0,3163.0,3108.0,3134.3,31977400,3447.7,2820.9,3839.9,2896.0,3135.6,76,3,3135.5,15,2,3135.3,12,3,3135.2,82,6,3135.1,55,3,3136.0,62,3,3136.8,249,3,3136.9,277,3,3137.0,816,6,3137.1,638,4
2031,2026-06-16 12:47:13+05:30,3136.9,12,3130.15,2159998,136732.0,205761.0,3163.0,3163.0,3108.0,3134.3,31977400,3447.7,2820.9,3839.9,2896.0,3135.6,76,3,3135.5,15,2,3135.3,12,3,3135.2,82,6,3135.1,55,3,3136.0,62,3,3136.8,249,3,3136.9,277,3,3137.0,816,6,3137.1,638,4
2031,2026-06-16 12:47:13+05:30,3136.9,12,3130.15,2159998,136732.0,205761.0,3163.0,3163.0,3108.0,3134.3,31977400,3447.7,2820.9,3839.9,2896.0,3135.6,76,3,3135.5,15,2,3135.3,12,3,3135.2,82,6,3135.1,55,3,3136.0,62,3,3136.8,249,3,3136.9,277,3,3137.0,816,6,3137.1,638,4
2031,2026-06-16 12:47:14+05:30,3136.9,12,3130.15,2159998,136732.0,205761.0,3163.0,3163.0,3108.0,3134.3,31977400,3447.7,2820.9,3839.9,2896.0,3135.6,76,3,3135.5,15,2,3135.3,12,3,3135.2,82,6,3135.1,55,3,3136.0,62,3,3136.8,249,3,3136.9,277,3,3137.0,816,6,3137.1,638,4
2031,2026-06-16 12:47:15+05:30,3136.0,1,3130.15,2159998,136732.0,205761.0,3163.0,3163.0,3108.0,3134.3,31977400,3447.7,2820.9,3839.9,2896.0,3135.6,76,3,3135.5,15,2,3135.3,12,3,3135.2,82,6,3135.1,55,3,3136.0,62,3,3136.8,249,3,3136.9,277,3,3137.0,816,6,3137.1,638,4
2031,2026-06-16 12:47:15+05:30,3136.0,1,3130.15,2159998,136732.0,205761.0,3163.0,3163.0,3108.0,3134.3,31977400,3447.7,2820.9,3839.9,2896.0,3135.6,76,3,3135.5,15,2,3135.3,12,3,3135.2,82,6,3135.1,55,3,3136.0,62,3,3136.8,249,3,3136.9,277,3,3137.0,816,6,3137.1,638,4
2031,2026-06-16 12:47:15+05:30,3135.8,1,3130.15,2160297,135166.0,205936.0,3163.0,3163.0,3108.0,3134.3,31977400,3447.7,2820.9,3839.9,2896.0,3135.6,63,4,3135.5,1,1,3135.3,2,1,3135.2,1,1,3135.0,3,1,3135.7,195,1,3136.0,659,5,3136.1,215,2,3136.2,53,1,3136.3,626,4
2031,2026-06-16 12:47:16+05:30,3135.8,1,3130.15,2160297,135166.0,205936.0,3163.0,3163.0,3108.0,3134.3,31977400,3447.7,2820.9,3839.9,2896.0,3135.6,63,4,3135.5,1,1,3135.3,2,1,3135.2,1,1,3135.0,3,1,3135.7,195,1,3136.0,659,5,3136.1,215,2,3136.2,53,1,3136.3,626,4
2031,2026-06-16 12:47:17+05:30,3135.6,99,3130.15,2160297,135166.0,205936.0,3163.0,3163.0,3108.0,3134.3,31977400,3447.7,2820.9,3839.9,2896.0,3135.6,63,4,3135.5,1,1,3135.3,2,1,3135.2,1,1,3135.0,3,1,3135.7,195,1,3136.0,659,5,3136.1,215,2,3136.2,53,1,3136.3,626,4
2031,2026-06-16 12:47:17+05:30,3135.6,99,3130.15,2160297,135166.0,205936.0,3163.0,3163.0,3108.0,3134.3,31977400,3447.7,2820.9,3839.9,2896.0,3135.6,63,4,3135.5,1,1,3135.3,2,1,3135.2,1,1,3135.0,3,1,3135.7,195,1,3136.0,659,5,3136.1,215,2,3136.2,53,1,3136.3,626,4
2031,2026-06-16 12:47:18+05:30,3135.7,1,3130.15,2160499,135088.0,206140.0,3163.0,3163.0,3108.0,3134.3,31977400,3447.7,2820.9,3839.9,2896.0,3135.6,60,2,3135.5,1,1,3135.3,2,1,3135.2,1,1,3135.0,7,2,3135.7,194,2,3136.0,435,3,3136.1,200,1,3136.3,626,4,3136.5,310,4
2031,2026-06-16 12:47:18+05:30,3135.7,1,3130.15,2160499,135088.0,206140.0,3163.0,3163.0,3108.0,3134.3,31977400,3447.7,2820.9,3839.9,2896.0,3135.6,60,2,3135.5,1,1,3135.3,2,1,3135.2,1,1,3135.0,7,2,3135.7,194,2,3136.0,435,3,3136.1,200,1,3136.3,626,4,3136.5,310,4
2031,2026-06-16 12:47:19+05:30,3135.6,43,3130.15,2160499,135088.0,206140.0,3163.0,3163.0,3108.0,3134.3,31977400,3447.7,2820.9,3839.9,2896.0,3135.6,60,2,3135.5,1,1,3135.3,2,1,3135.2,1,1,3135.0,7,2,3135.7,194,2,3136.0,435,3,3136.1,200,1,3136.3,626,4,3136.5,310,4
2031,2026-06-16 12:47:19+05:30,3135.6,5,3130.15,2160664,134723.0,206804.0,3163.0,3163.0,3108.0,3134.3,31977400,3447.7,2820.9,3839.9,2896.0,3135.5,1,1,3135.3,2,1,3135.2,1,1,3135.0,10,3,3134.9,12,1,3135.6,35,1,3135.7,194,2,3136.0,435,3,3136.1,203,2,3136.2,82,2
2031,2026-06-16 12:47:19+05:30,3135.6,5,3130.15,2160664,134723.0,206804.0,3163.0,3163.0,3108.0,3134.3,31977400,3447.7,2820.9,3839.9,2896.0,3135.5,1,1,3135.3,2,1,3135.2,1,1,3135.0,10,3,3134.9,12,1,3135.6,35,1,3135.7,194,2,3136.0,435,3,3136.1,203,2,3136.2,82,2
2031,2026-06-16 12:47:20+05:30,3135.6,5,3130.15,2160664,134723.0,206804.0,3163.0,3163.0,3108.0,3134.3,31977400,3447.7,2820.9,3839.9,2896.0,3135.5,1,1,3135.3,2,1,3135.2,1,1,3135.0,10,3,3134.9,12,1,3135.6,35,1,3135.7,194,2,3136.0,435,3,3136.1,203,2,3136.2,82,2
2031,2026-06-16 12:47:20+05:30,3135.6,5,3130.15,2160664,134741.0,206855.0,3163.0,3163.0,3108.0,3134.3,31977400,3447.7,2820.9,3839.9,2896.0,3135.5,1,1,3135.3,2,1,3135.2,1,1,3135.0,10,3,3134.9,12,1,3135.6,35,1,3135.7,194,2,3136.0,435,3,3136.1,203,2,3136.2,82,2
2031,2026-06-16 12:47:20+05:30,3135.6,5,3130.15,2160664,134741.0,206855.0,3163.0,3163.0,3108.0,3134.3,31977400,3447.7,2820.9,3839.9,2896.0,3135.5,1,1,3135.3,2,1,3135.2,1,1,3135.0,10,3,3134.9,12,1,3135.6,35,1,3135.7,194,2,3136.0,435,3,3136.1,203,2,3136.2,82,2
2031,2026-06-16 12:47:21+05:30,3135.6,5,3130.15,2160664,134741.0,206855.0,3163.0,3163.0,3108.0,3134.3,31977400,3447.7,2820.9,3839.9,2896.0,3135.5,1,1,3135.3,2,1,3135.2,1,1,3135.0,10,3,3134.9,12,1,3135.6,35,1,3135.7,194,2,3136.0,435,3,3136.1,203,2,3136.2,82,2
2031,2026-06-16 12:47:21+05:30,3135.6,5,3130.15,2160664,134772.0,206932.0,3163.0,3163.0,3108.0,3134.3,31977400,3447.7,2820.9,3839.9,2896.0,3135.5,1,1,3135.3,2,1,3135.2,1,1,3135.0,10,3,3134.9,12,1,3135.6,35,1,3135.7,194,2,3135.9,244,3,3136.0,450,3,3136.1,34,2
2031,2026-06-16 12:47:21+05:30,3135.6,5,3130.15,2160664,134772.0,206932.0,3163.0,3163.0,3108.0,3134.3,31977400,3447.7,2820.9,3839.9,2896.0,3135.5,1,1,3135.3,2,1,3135.2,1,1,3135.0,10,3,3134.9,12,1,3135.6,35,1,3135.7,194,2,3135.9,244,3,3136.0,450,3,3136.1,34,2
2031,2026-06-16 12:47:22+05:30,3135.6,1,3130.15,2160664,134772.0,206932.0,3163.0,3163.0,3108.0,3134.3,31977400,3447.7,2820.9,3839.9,2896.0,3135.5,1,1,3135.3,2,1,3135.2,1,1,3135.0,10,3,3134.9,12,1,3135.6,35,1,3135.7,194,2,3135.9,244,3,3136.0,450,3,3136.1,34,2
2031,2026-06-16 12:47:22+05:30,3135.6,1,3130.15,2160666,134777.0,206933.0,3163.0,3163.0,3108.0,3134.3,31977400,3447.7,2820.9,3839.9,2896.0,3135.5,1,1,3135.3,2,1,3135.2,1,1,3135.0,10,3,3134.9,12,1,3135.6,33,1,3135.7,194,2,3135.9,244,3,3136.0,450,3,3136.1,34,2
2031,2026-06-16 12:47:22+05:30,3135.6,1,3130.15,2160666,134777.0,206933.0,3163.0,3163.0,3108.0,3134.3,31976400,3447.7,2820.9,3839.9,2896.0,3135.5,1,1,3135.3,2,1,3135.2,1,1,3135.0,10,3,3134.9,12,1,3135.6,33,1,3135.7,194,2,3135.9,244,3,3136.0,450,3,3136.1,34,2
2031,2026-06-16 12:47:23+05:30,3135.6,1,3130.15,2160666,134777.0,206933.0,3163.0,3163.0,3108.0,3134.3,31976400,3447.7,2820.9,3839.9,2896.0,3135.5,1,1,3135.3,2,1,3135.2,1,1,3135.0,10,3,3134.9,12,1,3135.6,33,1,3135.7,194,2,3135.9,244,3,3136.0,450,3,3136.1,34,2
2031,2026-06-16 12:47:23+05:30,3135.5,2,3130.15,2160707,134592.0,207053.0,3163.0,3163.0,3108.0,3134.3,31976400,3447.7,2820.9,3839.9,2896.0,3135.5,17,2,3135.3,2,1,3135.2,1,1,3135.0,10,3,3134.9,12,1,3135.6,9,1,3135.7,194,2,3135.8,60,1,3135.9,206,2,3136.0,494,4
2031,2026-06-16 12:47:24+05:30,3135.5,2,3130.15,2160707,134592.0,207053.0,3163.0,3163.0,3108.0,3134.3,31976400,3447.7,2820.9,3839.9,2896.0,3135.5,17,2,3135.3,2,1,3135.2,1,1,3135.0,10,3,3134.9,12,1,3135.6,9,1,3135.7,194,2,3135.8,60,1,3135.9,206,2,3136.0,494,4
2031,2026-06-16 12:47:24+05:30,3135.5,2,3130.15,2160707,134664.0,207062.0,3163.0,3163.0,3108.0,3134.3,31976400,3447.7,2820.9,3839.9,2896.0,3135.5,17,2,3135.3,2,1,3135.2,1,1,3135.0,10,3,3134.9,12,1,3135.6,35,2,3135.7,194,2,3135.9,206,2,3136.0,494,4,3136.1,67,3
2031,2026-06-16 12:47:25+05:30,3135.5,2,3130.15,2160707,134620.0,207077.0,3163.0,3163.0,3108.0,3134.3,31976400,3447.7,2820.9,3839.9,2896.0,3135.5,17,2,3135.3,2,1,3135.2,1,1,3135.0,10,3,3134.9,12,1,3135.6,61,3,3135.7,194,2,3135.9,244,3,3136.0,494,4,3136.1,64,2
2031,2026-06-16 12:47:26+05:30,3135.6,47,3130.15,2160707,134620.0,207077.0,3163.0,3163.0,3108.0,3134.3,31976400,3447.7,2820.9,3839.9,2896.0,3135.5,17,2,3135.3,2,1,3135.2,1,1,3135.0,10,3,3134.9,12,1,3135.6,61,3,3135.7,194,2,3135.9,244,3,3136.0,494,4,3136.1,64,2
2031,2026-06-16 12:47:26+05:30,3135.6,47,3130.15,2160790,134876.0,207044.0,3163.0,3163.0,3108.0,3134.3,31976400,3447.7,2820.9,3839.9,2896.0,3135.5,19,2,3135.3,2,1,3135.2,1,1,3135.0,10,3,3134.9,12,1,3135.6,80,1,3135.7,212,3,3135.9,185,1,3136.0,450,3,3136.1,64,2
2031,2026-06-16 12:47:27+05:30,3135.6,47,3130.15,2160790,134912.0,207050.0,3163.0,3163.0,3108.0,3134.3,31976400,3447.7,2820.9,3839.9,2896.0,3135.5,19,2,3135.3,2,1,3135.2,1,1,3135.0,10,3,3134.9,12,1,3135.6,80,1,3135.7,212,3,3135.9,185,1,3136.0,450,3,3136.1,64,2
2031,2026-06-16 12:47:28+05:30,3135.6,1,3130.15,2160790,134912.0,207050.0,3163.0,3163.0,3108.0,3134.3,31976400,3447.7,2820.9,3839.9,2896.0,3135.5,19,2,3135.3,2,1,3135.2,1,1,3135.0,10,3,3134.9,12,1,3135.6,80,1,3135.7,212,3,3135.9,185,1,3136.0,450,3,3136.1,64,2
2031,2026-06-16 12:47:28+05:30,3135.6,25,3130.15,2160817,134892.0,207027.0,3163.0,3163.0,3108.0,3134.3,31976400,3447.7,2820.9,3839.9,2896.0,3135.5,19,2,3135.3,2,1,3135.2,1,1,3135.0,10,3,3134.9,12,1,3135.6,53,1,3135.7,212,3,3135.9,185,1,3136.0,450,3,3136.1,102,3
2031,2026-06-16 12:47:29+05:30,3135.6,25,3130.15,2160817,134892.0,207027.0,3163.0,3163.0,3108.0,3134.3,31976400,3447.7,2820.9,3839.9,2896.0,3135.5,19,2,3135.3,2,1,3135.2,1,1,3135.0,10,3,3134.9,12,1,3135.6,53,1,3135.7,212,3,3135.9,185,1,3136.0,450,3,3136.1,102,3
2031,2026-06-16 12:47:29+05:30,3135.6,41,3130.15,2160870,134866.0,206654.0,3163.0,3163.0,3108.0,3134.3,31976400,3447.7,2820.9,3839.9,2896.0,3135.5,17,2,3135.3,2,1,3135.2,1,1,3135.0,16,4,3134.9,12,1,3135.7,212,3,3135.9,185,1,3136.0,450,3,3136.1,64,2,3136.2,400,2
2031,2026-06-16 12:47:30+05:30,3135.6,41,3130.15,2160870,134866.0,206654.0,3163.0,3163.0,3108.0,3134.3,31976400,3447.7,2820.9,3839.9,2896.0,3135.5,17,2,3135.3,2,1,3135.2,1,1,3135.0,16,4,3134.9,12,1,3135.7,212,3,3135.9,185,1,3136.0,450,3,3136.1,64,2,3136.2,400,2
2031,2026-06-16 12:47:30+05:30,3135.6,126,3130.15,2161046,135038.0,206514.0,3163.0,3163.0,3108.0,3134.3,31976400,3447.7,2820.9,3839.9,2896.0,3135.5,3,3,3135.3,2,1,3135.2,1,1,3135.0,34,6,3134.9,12,1,3135.6,74,1,3135.7,213,4,3135.9,185,1,3136.0,200,1,3136.2,444,3
2031,2026-06-16 12:47:31+05:30,3135.6,126,3130.15,2161046,135038.0,206514.0,3163.0,3163.0,3108.0,3134.3,31976400,3447.7,2820.9,3839.9,2896.0,3135.5,3,3,3135.3,2,1,3135.2,1,1,3135.0,34,6,3134.9,12,1,3135.6,74,1,3135.7,213,4,3135.9,185,1,3136.0,200,1,3136.2,444,3
2031,2026-06-16 12:47:31+05:30,3135.6,11,3130.15,2161057,135025.0,206460.0,3163.0,3163.0,3108.0,3134.3,31976400,3447.7,2820.9,3839.9,2896.0,3135.5,3,3,3135.3,2,1,3135.2,1,1,3135.0,34,6,3134.9,12,1,3135.6,63,1,3135.7,213,4,3135.9,185,1,3136.0,200,1,3136.2,444,3
2031,2026-06-16 12:47:32+05:30,3135.6,11,3130.15,2161057,135025.0,206460.0,3163.0,3163.0,3108.0,3134.3,31976400,3447.7,2820.9,3839.9,2896.0,3135.5,3,3,3135.3,2,1,3135.2,1,1,3135.0,34,6,3134.9,12,1,3135.6,63,1,3135.7,213,4,3135.9,185,1,3136.0,200,1,3136.2,444,3
2031,2026-06-16 12:47:32+05:30,3135.6,11,3130.15,2161057,135092.0,206450.0,3163.0,3163.0,3108.0,3134.3,31976400,3447.7,2820.9,3839.9,2896.0,3135.5,3,3,3135.3,2,1,3135.2,1,1,3135.0,50,7,3134.9,12,1,3135.6,63,1,3135.7,213,4,3135.9,185,1,3136.0,200,1,3136.2,444,3
2031,2026-06-16 12:47:33+05:30,3135.5,6,3130.15,2161057,135092.0,206450.0,3163.0,3163.0,3108.0,3134.3,31976400,3447.7,2820.9,3839.9,2896.0,3135.5,3,3,3135.3,2,1,3135.2,1,1,3135.0,50,7,3134.9,12,1,3135.6,63,1,3135.7,213,4,3135.9,185,1,3136.0,200,1,3136.2,444,3
2031,2026-06-16 12:47:33+05:30,3135.5,6,3130.15,2161071,135054.0,207242.0,3163.0,3163.0,3108.0,3134.3,31976400,3447.7,2820.9,3839.9,2896.0,3135.3,2,1,3135.2,1,1,3135.0,50,7,3134.9,12,1,3134.8,14,1,3135.4,62,1,3135.5,287,1,3135.6,36,1,3135.7,213,4,3135.9,185,1
2031,2026-06-16 12:47:34+05:30,3135.4,3,3130.15,2161074,134859.0,207749.0,3163.0,3163.0,3108.0,3134.3,31976400,3447.7,2820.9,3839.9,2896.0,3135.3,17,2,3135.2,16,2,3135.0,14,4,3134.9,12,1,3134.8,14,1,3135.4,59,1,3135.5,472,2,3135.6,236,2,3135.7,213,4,3135.8,600,3
2031,2026-06-16 12:47:35+05:30,3135.4,1,3130.15,2161074,134859.0,207749.0,3163.0,3163.0,3108.0,3134.3,31976400,3447.7,2820.9,3839.9,2896.0,3135.3,17,2,3135.2,16,2,3135.0,14,4,3134.9,12,1,3134.8,14,1,3135.4,59,1,3135.5,472,2,3135.6,236,2,3135.7,213,4,3135.8,600,3
2031,2026-06-16 12:47:35+05:30,3135.4,1,3130.15,2161075,135078.0,207707.0,3163.0,3163.0,3108.0,3134.3,31976400,3447.7,2820.9,3839.9,2896.0,3135.3,17,2,3135.2,16,2,3135.0,14,4,3134.9,12,1,3134.8,14,1,3135.4,58,1,3135.5,472,2,3135.6,236,2,3135.7,213,4,3135.8,600,3
2031,2026-06-16 12:47:36+05:30,3135.4,1,3130.15,2161075,135295.0,207343.0,3163.0,3163.0,3108.0,3134.3,31976400,3447.7,2820.9,3839.9,2896.0,3135.3,30,4,3135.2,16,2,3135.0,36,6,3134.9,24,3,3134.8,28,2,3135.4,58,1,3135.5,472,2,3135.6,236,2,3135.7,213,4,3135.8,600,3
2031,2026-06-16 12:47:37+05:30,3135.4,26,3130.15,2161075,135295.0,207343.0,3163.0,3163.0,3108.0,3134.3,31976400,3447.7,2820.9,3839.9,2896.0,3135.3,30,4,3135.2,16,2,3135.0,36,6,3134.9,24,3,3134.8,28,2,3135.4,58,1,3135.5,472,2,3135.6,236,2,3135.7,213,4,3135.8,600,3
2031,2026-06-16 12:47:37+05:30,3135.4,26,3130.15,2161159,135309.0,207446.0,3163.0,3163.0,3108.0,3134.3,31976400,3447.7,2820.9,3839.9,2896.0,3135.3,24,3,3135.2,31,3,3135.0,36,6,3134.9,18,2,3134.8,28,2,3135.5,472,2,3135.6,236,2,3135.7,213,4,3135.8,600,3,3136.0,200,1
2031,2026-06-16 12:47:38+05:30,3135.5,13,3130.15,2161159,135309.0,207446.0,3163.0,3163.0,3108.0,3134.3,31976400,3447.7,2820.9,3839.9,2896.0,3135.3,24,3,3135.2,31,3,3135.0,36,6,3134.9,18,2,3134.8,28,2,3135.5,472,2,3135.6,236,2,3135.7,213,4,3135.8,600,3,3136.0,200,1
2031,2026-06-16 12:47:38+05:30,3135.4,1,3130.15,2161175,135317.0,207493.0,3163.0,3163.0,3108.0,3134.3,31976400,3447.7,2820.9,3839.9,2896.0,3135.3,23,3,3135.2,17,2,3135.0,44,7,3134.9,18,2,3134.8,28,2,3135.5,459,2,3135.6,236,2,3135.7,211,2,3135.8,600,3,3136.0,200,1
2031,2026-06-16 12:47:39+05:30,3135.4,1,3130.15,2161175,135317.0,207493.0,3163.0,3163.0,3108.0,3134.3,31976400,3447.7,2820.9,3839.9,2896.0,3135.3,23,3,3135.2,17,2,3135.0,44,7,3134.9,18,2,3134.8,28,2,3135.5,459,2,3135.6,236,2,3135.7,211,2,3135.8,600,3,3136.0,200,1
2031,2026-06-16 12:47:39+05:30,3135.4,1,3130.15,2161175,135123.0,207575.0,3163.0,3163.0,3108.0,3134.3,31976400,3447.7,2820.9,3839.9,2896.0,3135.3,23,3,3135.2,17,2,3135.0,44,7,3134.9,18,2,3134.8,28,2,3135.5,459,2,3135.6,236,2,3135.7,211,2,3135.8,600,3,3136.0,200,1
2031,2026-06-16 12:47:40+05:30,3135.0,11,3130.15,2161175,135123.0,207575.0,3163.0,3163.0,3108.0,3134.3,31976400,3447.7,2820.9,3839.9,2896.0,3135.3,23,3,3135.2,17,2,3135.0,44,7,3134.9,18,2,3134.8,28,2,3135.5,459,2,3135.6,236,2,3135.7,211,2,3135.8,600,3,3136.0,200,1
2031,2026-06-16 12:47:40+05:30,3134.9,6,3130.16,2161728,134383.0,207485.0,3163.0,3163.0,3108.0,3134.3,31976400,3447.7,2820.9,3839.9,2896.0,3134.7,47,4,3134.5,89,6,3134.4,51,4,3134.3,113,5,3134.2,45,6,3134.9,173,1,3135.0,27,1,3135.2,40,1,3135.4,185,1,3135.5,514,3
2031,2026-06-16 12:47:41+05:30,3134.9,5,3130.16,2161728,134383.0,207485.0,3163.0,3163.0,3108.0,3134.3,31976400,3447.7,2820.9,3839.9,2896.0,3134.7,47,4,3134.5,89,6,3134.4,51,4,3134.3,113,5,3134.2,45,6,3134.9,173,1,3135.0,27,1,3135.2,40,1,3135.4,185,1,3135.5,514,3
2031,2026-06-16 12:47:41+05:30,3134.9,1,3130.16,2161734,134459.0,207991.0,3163.0,3163.0,3108.0,3134.3,31976400,3447.7,2820.9,3839.9,2896.0,3134.7,88,5,3134.5,89,6,3134.4,51,4,3134.3,113,5,3134.2,45,6,3134.9,168,2,3135.0,27,1,3135.1,200,1,3135.2,40,1,3135.4,185,1
2031,2026-06-16 12:47:42+05:30,3134.9,1,3130.16,2161734,134459.0,207991.0,3163.0,3163.0,3108.0,3134.3,31976400,3447.7,2820.9,3839.9,2896.0,3134.7,88,5,3134.5,89,6,3134.4,51,4,3134.3,113,5,3134.2,45,6,3134.9,168,2,3135.0,27,1,3135.1,200,1,3135.2,40,1,3135.4,185,1
2031,2026-06-16 12:47:42+05:30,3134.9,1,3130.16,2161734,134509.0,208191.0,3163.0,3163.0,3108.0,3134.3,31976400,3447.7,2820.9,3839.9,2896.0,3134.7,140,7,3134.6,4,1,3134.5,89,6,3134.4,51,4,3134.3,113,5,3134.9,168,2,3135.0,27,1,3135.1,200,1,3135.2,40,1,3135.4,185,1
2031,2026-06-16 12:47:43+05:30,3134.7,10,3130.16,2161734,134509.0,208191.0,3163.0,3163.0,3108.0,3134.3,31976400,3447.7,2820.9,3839.9,2896.0,3134.7,140,7,3134.6,4,1,3134.5,89,6,3134.4,51,4,3134.3,113,5,3134.9,168,2,3135.0,27,1,3135.1,200,1,3135.2,40,1,3135.4,185,1
2031,2026-06-16 12:47:43+05:30,3134.7,10,3130.16,2161934,134469.0,208009.0,3163.0,3163.0,3108.0,3134.3,31976400,3447.7,2820.9,3839.9,2896.0,3134.7,28,5,3134.6,4,1,3134.5,74,5,3134.4,34,3,3134.3,113,5,3134.9,220,4,3135.0,27,1,3135.1,200,1,3135.2,40,1,3135.4,185,1
2031,2026-06-16 12:47:44+05:30,3134.9,1,3130.16,2161934,134469.0,208009.0,3163.0,3163.0,3108.0,3134.3,31976400,3447.7,2820.9,3839.9,2896.0,3134.7,28,5,3134.6,4,1,3134.5,74,5,3134.4,34,3,3134.3,113,5,3134.9,220,4,3135.0,27,1,3135.1,200,1,3135.2,40,1,3135.4,185,1
2031,2026-06-16 12:47:44+05:30,3134.9,1,3130.16,2161935,134542.0,208179.0,3163.0,3163.0,3108.0,3134.3,31976400,3447.7,2820.9,3839.9,2896.0,3134.7,45,7,3134.6,4,1,3134.5,74,5,3134.4,34,3,3134.3,113,5,3134.9,219,4,3135.0,27,1,3135.2,240,2,3135.4,185,1,3135.5,514,3
2031,2026-06-16 12:47:45+05:30,3134.8,1,3130.16,2161937,134473.0,208139.0,3163.0,3163.0,3108.0,3134.3,31976400,3447.7,2820.9,3839.9,2896.0,3134.8,13,5,3134.7,34,6,3134.6,31,3,3134.5,74,5,3134.4,34,3,3134.9,219,4,3135.0,27,1,3135.1,200,1,3135.2,40,1,3135.4,185,1
2031,2026-06-16 12:47:46+05:30,3134.8,1,3130.16,2161937,134473.0,208139.0,3163.0,3163.0,3108.0,3134.3,31976400,3447.7,2820.9,3839.9,2896.0,3134.8,13,5,3134.7,34,6,3134.6,31,3,3134.5,74,5,3134.4,34,3,3134.9,219,4,3135.0,27,1,3135.1,200,1,3135.2,40,1,3135.4,185,1
2031,2026-06-16 12:47:46+05:30,3134.8,1,3130.16,2161937,134444.0,208185.0,3163.0,3163.0,3108.0,3134.3,31976400,3447.7,2820.9,3839.9,2896.0,3134.8,13,5,3134.7,22,6,3134.6,31,3,3134.5,74,5,3134.4,34,3,3134.9,219,4,3135.0,27,1,3135.1,200,1,3135.2,40,1,3135.4,185,1
2031,2026-06-16 12:47:47+05:30,3134.8,1,3130.16,2161937,134476.0,208184.0,3163.0,3163.0,3108.0,3134.3,31976400,3447.7,2820.9,3839.9,2896.0,3134.8,13,5,3134.7,22,6,3134.6,31,3,3134.5,74,5,3134.4,34,3,3134.9,219,4,3135.0,27,1,3135.1,200,1,3135.2,40,1,3135.4,185,1
2031,2026-06-16 12:47:48+05:30,3134.9,1,3130.16,2161937,134476.0,208184.0,3163.0,3163.0,3108.0,3134.3,31976400,3447.7,2820.9,3839.9,2896.0,3134.8,13,5,3134.7,22,6,3134.6,31,3,3134.5,74,5,3134.4,34,3,3134.9,219,4,3135.0,27,1,3135.1,200,1,3135.2,40,1,3135.4,185,1
2031,2026-06-16 12:47:48+05:30,3134.9,1,3130.16,2161938,134435.0,207836.0,3163.0,3163.0,3108.0,3134.3,31976400,3447.7,2820.9,3839.9,2896.0,3134.8,12,4,3134.7,22,6,3134.6,31,3,3134.5,74,5,3134.4,34,3,3134.9,218,4,3135.0,27,1,3135.1,200,1,3135.2,40,1,3135.4,185,1
2031,2026-06-16 12:47:49+05:30,3134.9,9,3130.16,2161938,134435.0,207836.0,3163.0,3163.0,3108.0,3134.3,31976400,3447.7,2820.9,3839.9,2896.0,3134.8,12,4,3134.7,22,6,3134.6,31,3,3134.5,74,5,3134.4,34,3,3134.9,218,4,3135.0,27,1,3135.1,200,1,3135.2,40,1,3135.4,185,1
2031,2026-06-16 12:47:49+05:30,3135.0,27,3130.16,2162183,134951.0,207400.0,3163.0,3163.0,3108.0,3134.3,31976400,3447.7,2820.9,3839.9,2896.0,3135.0,56,6,3134.9,34,4,3134.8,40,5,3134.7,22,6,3134.6,27,2,3135.2,240,2,3135.5,499,3,3135.6,200,1,3135.7,18,1,3135.8,600,3
2031,2026-06-16 12:47:50+05:30,3135.0,9,3130.16,2162183,134951.0,207400.0,3163.0,3163.0,3108.0,3134.3,31976400,3447.7,2820.9,3839.9,2896.0,3135.0,56,6,3134.9,34,4,3134.8,40,5,3134.7,22,6,3134.6,27,2,3135.2,240,2,3135.5,499,3,3135.6,200,1,3135.7,18,1,3135.8,600,3
2031,2026-06-16 12:47:50+05:30,3135.2,1,3130.16,2162450,134500.0,205964.0,3163.0,3163.0,3108.0,3134.3,31976400,3447.7,2820.9,3839.9,2896.0,3135.2,11,1,3135.1,81,11,3135.0,55,7,3134.9,16,3,3134.8,76,4,3135.5,314,2,3135.7,18,1,3136.4,21,1,3136.6,85,3,3136.7,242,3
2031,2026-06-16 12:47:51+05:30,3135.2,1,3130.16,2162450,134500.0,205964.0,3163.0,3163.0,3108.0,3134.3,31976400,3447.7,2820.9,3839.9,2896.0,3135.2,11,1,3135.1,81,11,3135.0,55,7,3134.9,16,3,3134.8,76,4,3135.5,314,2,3135.7,18,1,3136.4,21,1,3136.6,85,3,3136.7,242,3
2031,2026-06-16 12:47:51+05:30,3135.2,1,3130.16,2162450,134533.0,206033.0,3163.0,3163.0,3108.0,3134.3,31976400,3447.7,2820.9,3839.9,2896.0,3135.2,19,5,3135.1,67,9,3135.0,119,12,3134.9,5,2,3134.8,91,5,3135.5,314,2,3135.7,18,1,3136.4,21,1,3136.6,270,4,3136.7,257,3
2031,2026-06-16 12:47:52+05:30,3135.7,18,3130.16,2162789,137158.0,204611.0,3163.0,3163.0,3108.0,3134.3,31976400,3447.7,2820.9,3839.9,2896.0,3135.7,114,8,3135.6,85,7,3135.5,63,5,3135.4,154,10,3135.3,204,3,3136.6,1,1,3136.9,225,4,3137.0,972,6,3137.2,420,3,3137.3,244,2
2031,2026-06-16 12:47:53+05:30,3135.7,18,3130.16,2162789,137158.0,204611.0,3163.0,3163.0,3108.0,3134.3,31976400,3447.7,2820.9,3839.9,2896.0,3135.7,114,8,3135.6,85,7,3135.5,63,5,3135.4,154,10,3135.3,204,3,3136.6,1,1,3136.9,225,4,3137.0,972,6,3137.2,420,3,3137.3,244,2
2031,2026-06-16 12:47:53+05:30,3135.7,18,3130.16,2162789,137284.0,205301.0,3163.0,3163.0,3108.0,3134.3,31976400,3447.7,2820.9,3839.9,2896.0,3135.7,107,8,3135.6,111,8,3135.5,63,5,3135.4,143,9,3135.3,204,3,3136.6,115,4,3136.9,225,4,3137.0,990,7,3137.2,420,3,3137.3,244,2
2031,2026-06-16 12:47:54+05:30,3136.6,1,3130.16,2162791,137332.0,205438.0,3163.0,3163.0,3108.0,3134.3,31976400,3447.7,2820.9,3839.9,2896.0,3135.7,147,10,3135.6,111,8,3135.5,63,5,3135.4,143,9,3135.3,22,3,3136.6,113,3,3136.9,225,4,3137.0,990,7,3137.2,420,3,3137.3,244,2
2031,2026-06-16 12:47:55+05:30,3136.6,1,3130.16,2162791,137332.0,205438.0,3163.0,3163.0,3108.0,3134.3,31976400,3447.7,2820.9,3839.9,2896.0,3135.7,147,10,3135.6,111,8,3135.5,63,5,3135.4,143,9,3135.3,22,3,3136.6,113,3,3136.9,225,4,3137.0,990,7,3137.2,420,3,3137.3,244,2
2031,2026-06-16 12:47:55+05:30,3136.6,10,3130.16,2162801,137672.0,205376.0,3163.0,3163.0,3108.0,3134.3,31976400,3447.7,2820.9,3839.9,2896.0,3136.1,27,4,3136.0,20,2,3135.9,14,1,3135.7,82,7,3135.6,90,8,3136.6,104,4,3136.9,185,1,3137.0,990,7,3137.2,420,3,3137.3,244,2
2031,2026-06-16 12:47:56+05:30,3136.6,10,3130.16,2162801,137672.0,205376.0,3163.0,3163.0,3108.0,3134.3,31976400,3447.7,2820.9,3839.9,2896.0,3136.1,27,4,3136.0,20,2,3135.9,14,1,3135.7,82,7,3135.6,90,8,3136.6,104,4,3136.9,185,1,3137.0,990,7,3137.2,420,3,3137.3,244,2
2031,2026-06-16 12:47:56+05:30,3136.6,10,3130.16,2162801,137623.0,205387.0,3163.0,3163.0,3108.0,3134.3,31976400,3447.7,2820.9,3839.9,2896.0,3136.1,92,8,3136.0,7,1,3135.8,27,2,3135.7,143,9,3135.6,90,8,3136.6,104,4,3136.9,185,1,3137.0,990,7,3137.2,420,3,3137.3,244,2
2031,2026-06-16 12:47:57+05:30,3136.6,10,3130.16,2162801,137325.0,205469.0,3163.0,3163.0,3108.0,3134.3,31976400,3447.7,2820.9,3839.9,2896.0,3136.1,74,6,3135.8,30,2,3135.7,99,8,3135.6,81,7,3135.5,53,4,3136.6,118,5,3137.0,975,7,3137.1,200,1,3137.2,20,1,3137.3,644,4
2031,2026-06-16 12:47:58+05:30,3135.8,5,3130.16,2162801,137325.0,205469.0,3163.0,3163.0,3108.0,3134.3,31976400,3447.7,2820.9,3839.9,2896.0,3136.1,74,6,3135.8,30,2,3135.7,99,8,3135.6,81,7,3135.5,53,4,3136.6,118,5,3137.0,975,7,3137.1,200,1,3137.2,20,1,3137.3,644,4
2031,2026-06-16 12:47:58+05:30,3136.6,1,3130.16,2162902,137516.0,205572.0,3163.0,3163.0,3108.0,3134.3,31976400,3447.7,2820.9,3839.9,2896.0,3136.0,46,3,3135.7,87,7,3135.6,51,4,3135.5,58,5,3135.4,196,10,3136.6,117,5,3136.9,185,1,3137.0,990,7,3137.1,44,1,3137.2,458,4
2031,2026-06-16 12:47:59+05:30,3136.6,1,3130.16,2162902,137516.0,205572.0,3163.0,3163.0,3108.0,3134.3,31976400,3447.7,2820.9,3839.9,2896.0,3136.0,46,3,3135.7,87,7,3135.6,51,4,3135.5,58,5,3135.4,196,10,3136.6,117,5,3136.9,185,1,3137.0,990,7,3137.1,44,1,3137.2,458,4
2031,2026-06-16 12:47:59+05:30,3136.6,1,3130.16,2162904,137323.0,205666.0,3163.0,3163.0,3108.0,3134.3,31976400,3447.7,2820.9,3839.9,2896.0,3136.2,17,1,3136.0,2,1,3135.7,61,4,3135.6,41,4,3135.5,35,4,3136.6,176,7,3136.9,185,1,3137.0,1011,7,3137.1,115,3,3137.2,473,4
2031,2026-06-16 12:48:00+05:30,3136.6,1,3130.16,2162904,137323.0,205666.0,3163.0,3163.0,3108.0,3134.3,31976400,3447.7,2820.9,3839.9,2896.0,3136.2,17,1,3136.0,2,1,3135.7,61,4,3135.6,41,4,3135.5,35,4,3136.6,176,7,3136.9,185,1,3137.0,1011,7,3137.1,115,3,3137.2,473,4
2031,2026-06-16 12:48:00+05:30,3136.5,1,3130.16,2162921,136330.0,205851.0,3163.0,3163.0,3108.0,3134.3,31976400,3447.7,2820.9,3839.9,2896.0,3136.5,15,1,3136.4,2,2,3136.2,1,1,3136.0,2,1,3135.7,60,3,3136.6,177,8,3136.8,16,1,3136.9,223,2,3137.0,1011,7,3137.1,44,1
2031,2026-06-16 12:48:01+05:30,3136.6,1,3130.16,2162921,136330.0,205851.0,3163.0,3163.0,3108.0,3134.3,31976400,3447.7,2820.9,3839.9,2896.0,3136.5,15,1,3136.4,2,2,3136.2,1,1,3136.0,2,1,3135.7,60,3,3136.6,177,8,3136.8,16,1,3136.9,223,2,3137.0,1011,7,3137.1,44,1
2031,2026-06-16 12:48:01+05:30,3136.6,11,3130.16,2162933,136320.0,205876.0,3163.0,3163.0,3108.0,3134.3,31976400,3447.7,2820.9,3839.9,2896.0,3136.5,15,1,3136.4,2,2,3136.2,1,1,3136.0,2,1,3135.8,16,1,3136.6,165,8,3136.9,223,2,3137.0,1011,7,3137.1,44,1,3137.2,581,7
2031,2026-06-16 12:48:02+05:30,3136.6,32,3130.16,2162933,136320.0,205876.0,3163.0,3163.0,3108.0,3134.3,31976400,3447.7,2820.9,3839.9,2896.0,3136.5,15,1,3136.4,2,2,3136.2,1,1,3136.0,2,1,3135.8,16,1,3136.6,165,8,3136.9,223,2,3137.0,1011,7,3137.1,44,1,3137.2,581,7
2031,2026-06-16 12:48:02+05:30,3136.6,7,3130.16,2163147,136641.0,205430.0,3163.0,3163.0,3108.0,3134.3,31976400,3447.7,2820.9,3839.9,2896.0,3136.4,2,2,3136.2,17,2,3136.0,2,1,3135.8,16,1,3135.7,18,2,3136.6,119,3,3136.9,185,1,3137.0,1011,7,3137.2,581,7,3137.3,286,3
2031,2026-06-16 12:48:03+05:30,3136.6,7,3130.16,2163147,136641.0,205430.0,3163.0,3163.0,3108.0,3134.3,31976400,3447.7,2820.9,3839.9,2896.0,3136.4,2,2,3136.2,17,2,3136.0,2,1,3135.8,16,1,3135.7,18,2,3136.6,119,3,3136.9,185,1,3137.0,1011,7,3137.2,581,7,3137.3,286,3
2031,2026-06-16 12:48:03+05:30,3136.6,7,3130.16,2163147,136179.0,205669.0,3163.0,3163.0,3108.0,3134.3,31976400,3447.7,2820.9,3839.9,2896.0,3136.4,2,2,3136.2,1,1,3136.0,2,1,3135.8,16,1,3135.7,4,1,3136.6,133,4,3136.7,54,2,3136.8,33,1,3136.9,185,1,3137.0,1126,10
2031,2026-06-16 12:48:04+05:30,3136.7,5,3130.16,2163147,136179.0,205669.0,3163.0,3163.0,3108.0,3134.3,31976400,3447.7,2820.9,3839.9,2896.0,3136.4,2,2,3136.2,1,1,3136.0,2,1,3135.8,16,1,3135.7,4,1,3136.6,133,4,3136.7,54,2,3136.8,33,1,3136.9,185,1,3137.0,1126,10
2031,2026-06-16 12:48:04+05:30,3136.7,5,3130.16,2163147,136179.0,205669.0,3163.0,3163.0,3108.0,3134.3,31976400,3447.7,2820.9,3839.9,2896.0,3136.4,2,2,3136.2,1,1,3136.0,2,1,3135.8,16,1,3135.7,4,1,3136.6,133,4,3136.7,54,2,3136.8,33,1,3136.9,185,1,3137.0,1126,10
2031,2026-06-16 12:48:05+05:30,3137.0,39,3130.16,2163374,136427.0,204859.0,3163.0,3163.0,3108.0,3134.3,31976400,3447.7,2820.9,3839.9,2896.0,3136.4,2,2,3136.2,1,1,3136.0,18,2,3135.9,19,1,3135.8,16,1,3136.9,185,1,3137.0,1004,8,3137.2,924,7,3137.4,395,7,3137.5,198,4
2031,2026-06-16 12:48:05+05:30,3137.0,39,3130.16,2163374,136427.0,204859.0,3163.0,3163.0,3108.0,3134.3,31976400,3447.7,2820.9,3839.9,2896.0,3136.4,2,2,3136.2,1,1,3136.0,18,2,3135.9,19,1,3135.8,16,1,3136.9,185,1,3137.0,1004,8,3137.2,924,7,3137.4,395,7,3137.5,198,4
2031,2026-06-16 12:48:06+05:30,3136.6,1,3130.16,2163379,136587.0,205075.0,3163.0,3163.0,3108.0,3134.3,31976400,3447.7,2820.9,3839.9,2896.0,3136.6,2,2,3136.4,56,2,3136.2,1,1,3136.0,2,1,3135.9,19,1,3136.8,11,1,3136.9,215,2,3137.0,971,7,3137.2,886,6,3137.4,357,6
2031,2026-06-16 12:48:06+05:30,3136.6,1,3130.16,2163379,136587.0,205075.0,3163.0,3163.0,3108.0,3134.3,31976400,3447.7,2820.9,3839.9,2896.0,3136.6,2,2,3136.4,56,2,3136.2,1,1,3136.0,2,1,3135.9,19,1,3136.8,11,1,3136.9,215,2,3137.0,971,7,3137.2,886,6,3137.4,357,6
2031,2026-06-16 12:48:06+05:30,3136.6,1,3130.16,2163379,136587.0,205075.0,3163.0,3163.0,3108.0,3134.3,31976400,3447.7,2820.9,3839.9,2896.0,3136.6,2,2,3136.4,56,2,3136.2,1,1,3136.0,2,1,3135.9,19,1,3136.8,11,1,3136.9,215,2,3137.0,971,7,3137.2,886,6,3137.4,357,6
2031,2026-06-16 12:48:07+05:30,3137.0,4,3130.16,2163403,136767.0,204479.0,3163.0,3163.0,3108.0,3134.3,31976400,3447.7,2820.9,3839.9,2896.0,3136.6,7,3,3136.4,56,2,3136.2,1,1,3136.1,10,1,3136.0,13,2,3136.8,1,1,3137.0,898,6,3137.1,200,1,3137.2,253,2,3137.3,400,2
2031,2026-06-16 12:48:07+05:30,3137.0,4,3130.16,2163403,136767.0,204479.0,3163.0,3163.0,3108.0,3134.3,31976400,3447.7,2820.9,3839.9,2896.0,3136.6,7,3,3136.4,56,2,3136.2,1,1,3136.1,10,1,3136.0,13,2,3136.8,1,1,3137.0,898,6,3137.1,200,1,3137.2,253,2,3137.3,400,2
2031,2026-06-16 12:48:08+05:30,3136.8,1,3130.16,2163404,136837.0,204380.0,3163.0,3163.0,3108.0,3134.3,31976400,3447.7,2820.9,3839.9,2896.0,3136.6,61,5,3136.4,41,1,3136.2,1,1,3136.1,10,1,3136.0,26,3,3137.0,898,6,3137.1,200,1,3137.2,200,1,3137.3,400,2,3137.4,47,1
2031,2026-06-16 12:48:08+05:30,3136.8,1,3130.16,2163404,136837.0,204380.0,3163.0,3163.0,3108.0,3134.3,31976400,3447.7,2820.9,3839.9,2896.0,3136.6,61,5,3136.4,41,1,3136.2,1,1,3136.1,10,1,3136.0,26,3,3137.0,898,6,3137.1,200,1,3137.2,200,1,3137.3,400,2,3137.4,47,1
2031,2026-06-16 12:48:08+05:30,3136.8,1,3130.16,2163404,136837.0,204380.0,3163.0,3163.0,3108.0,3134.3,31976400,3447.7,2820.9,3839.9,2896.0,3136.6,61,5,3136.4,41,1,3136.2,1,1,3136.1,10,1,3136.0,26,3,3137.0,898,6,3137.1,200,1,3137.2,200,1,3137.3,400,2,3137.4,47,1
2031,2026-06-16 12:48:09+05:30,3136.8,1,3130.16,2163404,136853.0,204380.0,3163.0,3163.0,3108.0,3134.3,31976400,3447.7,2820.9,3839.9,2896.0,3136.6,61,5,3136.4,41,1,3136.2,1,1,3136.1,24,2,3136.0,26,3,3137.0,898,6,3137.1,200,1,3137.2,200,1,3137.3,400,2,3137.4,47,1
2031,2026-06-16 12:48:10+05:30,3136.6,1,3130.16,2163404,136853.0,204380.0,3163.0,3163.0,3108.0,3134.3,31976400,3447.7,2820.9,3839.9,2896.0,3136.6,61,5,3136.4,41,1,3136.2,1,1,3136.1,24,2,3136.0,26,3,3137.0,898,6,3137.1,200,1,3137.2,200,1,3137.3,400,2,3137.4,47,1
2031,2026-06-16 12:48:10+05:30,3136.6,1,3130.16,2163605,136865.0,204185.0,3163.0,3163.0,3108.0,3134.3,31976400,3447.7,2820.9,3839.9,2896.0,3136.6,60,4,3136.4,41,1,3136.2,1,1,3136.1,24,2,3136.0,30,4,3137.0,736,7,3137.1,200,1,3137.2,200,1,3137.3,400,2,3137.4,47,1
2031,2026-06-16 12:48:10+05:30,3136.6,1,3130.16,2163605,136865.0,204185.0,3163.0,3163.0,3108.0,3134.3,31976400,3447.7,2820.9,3839.9,2896.0,3136.6,60,4,3136.4,41,1,3136.2,1,1,3136.1,24,2,3136.0,30,4,3137.0,736,7,3137.1,200,1,3137.2,200,1,3137.3,400,2,3137.4,47,1
2031,2026-06-16 12:48:11+05:30,3137.0,1,3130.16,2163605,136865.0,204185.0,3163.0,3163.0,3108.0,3134.3,31976400,3447.7,2820.9,3839.9,2896.0,3136.6,60,4,3136.4,41,1,3136.2,1,1,3136.1,24,2,3136.0,30,4,3137.0,736,7,3137.1,200,1,3137.2,200,1,3137.3,400,2,3137.4,47,1
2031,2026-06-16 12:48:11+05:30,3137.0,1,3130.16,2163614,136683.0,204370.0,3163.0,3163.0,3108.0,3134.3,31976400,3447.7,2820.9,3839.9,2896.0,3136.8,1,1,3136.6,59,3,3136.4,41,1,3136.1,24,2,3136.0,30,4,3137.0,763,8,3137.1,216,2,3137.2,200,1,3137.3,400,2,3137.4,47,1
2031,2026-06-16 12:48:12+05:30,3137.0,159,3130.16,2163614,136683.0,204370.0,3163.0,3163.0,3108.0,3134.3,31976400,3447.7,2820.9,3839.9,2896.0,3136.8,1,1,3136.6,59,3,3136.4,41,1,3136.1,24,2,3136.0,30,4,3137.0,763,8,3137.1,216,2,3137.2,200,1,3137.3,400,2,3137.4,47,1
2031,2026-06-16 12:48:12+05:30,3137.0,159,3130.16,2163614,136683.0,204370.0,3163.0,3163.0,3108.0,3134.3,31976400,3447.7,2820.9,3839.9,2896.0,3136.8,1,1,3136.6,59,3,3136.4,41,1,3136.1,24,2,3136.0,30,4,3137.0,763,8,3137.1,216,2,3137.2,200,1,3137.3,400,2,3137.4,47,1
2031,2026-06-16 12:48:12+05:30,3137.0,159,3130.16,2163784,136876.0,204016.0,3163.0,3163.0,3108.0,3134.3,31976400,3447.7,2820.9,3839.9,2896.0,3136.8,39,2,3136.6,58,3,3136.4,41,1,3136.1,90,4,3136.0,30,4,3137.0,493,7,3137.1,200,1,3137.2,200,1,3137.3,400,2,3137.4,47,1
2031,2026-06-16 12:48:13+05:30,3137.0,8,3130.16,2163784,136876.0,204016.0,3163.0,3163.0,3108.0,3134.3,31976400,3447.7,2820.9,3839.9,2896.0,3136.8,39,2,3136.6,58,3,3136.4,41,1,3136.1,90,4,3136.0,30,4,3137.0,493,7,3137.1,200,1,3137.2,200,1,3137.3,400,2,3137.4,47,1
2031,2026-06-16 12:48:13+05:30,3137.0,8,3130.16,2164038,136941.0,203634.0,3163.0,3163.0,3108.0,3134.3,31976400,3447.7,2820.9,3839.9,2896.0,3136.8,39,2,3136.6,71,4,3136.5,13,1,3136.4,69,3,3136.2,57,2,3137.0,239,3,3137.1,200,1,3137.2,200,1,3137.3,400,2,3137.5,310,3
2031,2026-06-16 12:48:13+05:30,3137.0,8,3130.16,2164038,136941.0,203634.0,3163.0,3163.0,3108.0,3134.3,31976400,3447.7,2820.9,3839.9,2896.0,3136.8,39,2,3136.6,71,4,3136.5,13,1,3136.4,69,3,3136.2,57,2,3137.0,239,3,3137.1,200,1,3137.2,200,1,3137.3,400,2,3137.5,310,3
2031,2026-06-16 12:48:14+05:30,3136.8,1,3130.16,2164038,136941.0,203634.0,3163.0,3163.0,3108.0,3134.3,31976400,3447.7,2820.9,3839.9,2896.0,3136.8,39,2,3136.6,71,4,3136.5,13,1,3136.4,69,3,3136.2,57,2,3137.0,239,3,3137.1,200,1,3137.2,200,1,3137.3,400,2,3137.5,310,3
2031,2026-06-16 12:48:14+05:30,3136.8,102,3130.16,2164272,136699.0,203519.0,3163.0,3163.0,3108.0,3134.3,31976400,3447.7,2820.9,3839.9,2896.0,3136.6,58,4,3136.5,13,1,3136.4,41,1,3136.3,19,2,3136.2,40,4,3137.0,205,3,3137.1,200,1,3137.2,200,1,3137.3,400,2,3137.5,310,3
2031,2026-06-16 12:48:15+05:30,3136.8,102,3130.16,2164272,136699.0,203519.0,3163.0,3163.0,3108.0,3134.3,31976400,3447.7,2820.9,3839.9,2896.0,3136.6,58,4,3136.5,13,1,3136.4,41,1,3136.3,19,2,3136.2,40,4,3137.0,205,3,3137.1,200,1,3137.2,200,1,3137.3,400,2,3137.5,310,3
2031,2026-06-16 12:48:15+05:30,3136.8,102,3130.16,2164272,136699.0,203519.0,3163.0,3163.0,3108.0,3134.3,31976400,3447.7,2820.9,3839.9,2896.0,3136.6,58,4,3136.5,13,1,3136.4,41,1,3136.3,19,2,3136.2,40,4,3137.0,205,3,3137.1,200,1,3137.2,200,1,3137.3,400,2,3137.5,310,3
2031,2026-06-16 12:48:15+05:30,3136.8,102,3130.16,2164272,136587.0,203534.0,3163.0,3163.0,3108.0,3134.3,31976400,3447.7,2820.9,3839.9,2896.0,3136.8,14,6,3136.7,4,1,3136.6,81,6,3136.5,14,2,3136.4,67,3,3137.0,205,3,3137.1,200,1,3137.2,200,1,3137.3,400,2,3137.5,310,3
2031,2026-06-16 12:48:15+05:30,3136.8,102,3130.16,2164272,136587.0,203534.0,3163.0,3163.0,3108.0,3134.3,31976400,3447.7,2820.9,3839.9,2896.0,3136.8,14,6,3136.7,4,1,3136.6,81,6,3136.5,14,2,3136.4,67,3,3137.0,205,3,3137.1,200,1,3137.2,200,1,3137.3,400,2,3137.5,310,3
2031,2026-06-16 12:48:16+05:30,3137.0,39,3130.16,2164272,136587.0,203534.0,3163.0,3163.0,3108.0,3134.3,31976400,3447.7,2820.9,3839.9,2896.0,3136.8,14,6,3136.7,4,1,3136.6,81,6,3136.5,14,2,3136.4,67,3,3137.0,205,3,3137.1,200,1,3137.2,200,1,3137.3,400,2,3137.5,310,3
2031,2026-06-16 12:48:16+05:30,3137.0,39,3130.16,2164272,136587.0,203534.0,3163.0,3163.0,3108.0,3134.3,31976400,3447.7,2820.9,3839.9,2896.0,3136.8,14,6,3136.7,4,1,3136.6,81,6,3136.5,14,2,3136.4,67,3,3137.0,205,3,3137.1,200,1,3137.2,200,1,3137.3,400,2,3137.5,310,3
2031,2026-06-16 12:48:16+05:30,3137.0,39,3130.16,2164312,136555.0,203507.0,3163.0,3163.0,3108.0,3134.3,31976400,3447.7,2820.9,3839.9,2896.0,3136.8,14,6,3136.7,4,1,3136.6,86,7,3136.5,20,3,3136.4,67,3,3137.0,191,4,3137.1,200,1,3137.2,200,1,3137.3,400,2,3137.5,310,3
2031,2026-06-16 12:48:16+05:30,3137.0,39,3130.16,2164312,136555.0,203507.0,3163.0,3163.0,3108.0,3134.3,31976400,3447.7,2820.9,3839.9,2896.0,3136.8,14,6,3136.7,4,1,3136.6,86,7,3136.5,20,3,3136.4,67,3,3137.0,191,4,3137.1,200,1,3137.2,200,1,3137.3,400,2,3137.5,310,3
2031,2026-06-16 12:48:17+05:30,3137.0,39,3130.16,2164312,137203.0,203507.0,3163.0,3163.0,3108.0,3134.3,31976400,3447.7,2820.9,3839.9,2896.0,3136.8,14,6,3136.7,4,1,3136.6,116,7,3136.5,20,3,3136.4,74,4,3137.0,191,4,3137.1,200,1,3137.2,200,1,3137.3,400,2,3137.5,310,3
2031,2026-06-16 12:48:17+05:30,3137.0,39,3130.16,2164312,137203.0,203507.0,3163.0,3163.0,3108.0,3134.3,31976400,3447.7,2820.9,3839.9,2896.0,3136.8,14,6,3136.7,4,1,3136.6,116,7,3136.5,20,3,3136.4,74,4,3137.0,191,4,3137.1,200,1,3137.2,200,1,3137.3,400,2,3137.5,310,3
2031,2026-06-16 12:48:18+05:30,3137.0,1,3130.16,2164312,137203.0,203507.0,3163.0,3163.0,3108.0,3134.3,31976400,3447.7,2820.9,3839.9,2896.0,3136.8,14,6,3136.7,4,1,3136.6,116,7,3136.5,20,3,3136.4,74,4,3137.0,191,4,3137.1,200,1,3137.2,200,1,3137.3,400,2,3137.5,310,3
2031,2026-06-16 12:48:18+05:30,3137.0,1,3130.16,2164313,137203.0,203511.0,3163.0,3163.0,3108.0,3134.3,31976400,3447.7,2820.9,3839.9,2896.0,3136.8,14,6,3136.7,4,1,3136.6,116,7,3136.5,20,3,3136.4,74,4,3137.0,190,4,3137.1,200,1,3137.2,200,1,3137.3,400,2,3137.5,310,3
2031,2026-06-16 12:48:18+05:30,3137.0,1,3130.16,2164313,137203.0,203511.0,3163.0,3163.0,3108.0,3134.3,31976400,3447.7,2820.9,3839.9,2896.0,3136.8,14,6,3136.7,4,1,3136.6,116,7,3136.5,20,3,3136.4,74,4,3137.0,190,4,3137.1,200,1,3137.2,200,1,3137.3,400,2,3137.5,310,3
2031,2026-06-16 12:48:19+05:30,3136.8,6,3130.16,2164505,136613.0,203249.0,3163.0,3163.0,3108.0,3134.3,31976400,3447.7,2820.9,3839.9,2896.0,3136.6,101,6,3136.5,14,2,3136.4,74,4,3136.3,28,3,3136.2,53,5,3136.8,8,1,3137.0,190,4,3137.1,200,1,3137.2,200,1,3137.3,400,2
2031,2026-06-16 12:48:19+05:30,3136.8,6,3130.16,2164505,136613.0,203249.0,3163.0,3163.0,3108.0,3134.3,31976400,3447.7,2820.9,3839.9,2896.0,3136.6,101,6,3136.5,14,2,3136.4,74,4,3136.3,28,3,3136.2,53,5,3136.8,8,1,3137.0,190,4,3137.1,200,1,3137.2,200,1,3137.3,400,2
2031,2026-06-16 12:48:20+05:30,3136.8,6,3130.16,2164505,136613.0,203249.0,3163.0,3163.0,3108.0,3134.3,31976400,3447.7,2820.9,3839.9,2896.0,3136.6,101,6,3136.5,14,2,3136.4,74,4,3136.3,28,3,3136.2,53,5,3136.8,8,1,3137.0,190,4,3137.1,200,1,3137.2,200,1,3137.3,400,2
2031,2026-06-16 12:48:20+05:30,3136.4,38,3130.16,2164505,136613.0,203249.0,3163.0,3163.0,3108.0,3134.3,31976400,3447.7,2820.9,3839.9,2896.0,3136.6,101,6,3136.5,14,2,3136.4,74,4,3136.3,28,3,3136.2,53,5,3136.8,8,1,3137.0,190,4,3137.1,200,1,3137.2,200,1,3137.3,400,2
2031,2026-06-16 12:48:20+05:30,3136.4,38,3130.16,2164633,135907.0,203502.0,3163.0,3163.0,3108.0,3134.3,31976400,3447.7,2820.9,3839.9,2896.0,3136.4,18,2,3136.3,14,1,3136.1,39,2,3136.0,2,1,3135.8,37,3,3136.6,314,2,3136.8,29,2,3137.0,128,2,3137.1,244,2,3137.2,200,1
2031,2026-06-16 12:48:20+05:30,3136.4,38,3130.16,2164633,135907.0,203502.0,3163.0,3163.0,3108.0,3134.3,31976400,3447.7,2820.9,3839.9,2896.0,3136.4,18,2,3136.3,14,1,3136.1,39,2,3136.0,2,1,3135.8,37,3,3136.6,314,2,3136.8,29,2,3137.0,128,2,3137.1,244,2,3137.2,200,1
2031,2026-06-16 12:48:21+05:30,3136.6,1,3130.16,2164633,135907.0,203502.0,3163.0,3163.0,3108.0,3134.3,31976400,3447.7,2820.9,3839.9,2896.0,3136.4,18,2,3136.3,14,1,3136.1,39,2,3136.0,2,1,3135.8,37,3,3136.6,314,2,3136.8,29,2,3137.0,128,2,3137.1,244,2,3137.2,200,1
2031,2026-06-16 12:48:21+05:30,3136.6,1,3130.16,2164638,135354.0,203599.0,3163.0,3163.0,3108.0,3134.3,31976400,3447.7,2820.9,3839.9,2896.0,3136.4,18,2,3136.3,14,1,3136.0,2,1,3135.9,13,1,3135.7,15,2,3136.6,309,2,3136.8,29,2,3137.0,38,1,3137.1,44,1,3137.2,63,2
2031,2026-06-16 12:48:21+05:30,3136.6,1,3130.16,2164638,135354.0,203599.0,3163.0,3163.0,3108.0,3134.3,31976400,3447.7,2820.9,3839.9,2896.0,3136.4,18,2,3136.3,14,1,3136.0,2,1,3135.9,13,1,3135.7,15,2,3136.6,309,2,3136.8,29,2,3137.0,38,1,3137.1,44,1,3137.2,63,2
2031,2026-06-16 12:48:22+05:30,3136.3,56,3130.16,2164638,135354.0,203599.0,3163.0,3163.0,3108.0,3134.3,31976400,3447.7,2820.9,3839.9,2896.0,3136.4,18,2,3136.3,14,1,3136.0,2,1,3135.9,13,1,3135.7,15,2,3136.6,309,2,3136.8,29,2,3137.0,38,1,3137.1,44,1,3137.2,63,2
2031,2026-06-16 12:48:22+05:30,3136.3,56,3130.16,2164838,134775.0,204428.0,3163.0,3163.0,3108.0,3134.3,31976400,3447.7,2820.9,3839.9,2896.0,3136.3,2,1,3136.0,2,1,3135.7,4,1,3135.5,17,1,3135.3,45,3,3136.6,391,5,3136.7,238,2,3136.8,75,3,3137.0,199,4,3137.1,291,4
2031,2026-06-16 12:48:22+05:30,3136.3,56,3130.16,2164838,134775.0,204428.0,3163.0,3163.0,3108.0,3134.3,31976400,3447.7,2820.9,3839.9,2896.0,3136.3,2,1,3136.0,2,1,3135.7,4,1,3135.5,17,1,3135.3,45,3,3136.6,391,5,3136.7,238,2,3136.8,75,3,3137.0,199,4,3137.1,291,4
2031,2026-06-16 12:48:23+05:30,3136.3,56,3130.16,2164838,134840.0,205115.0,3163.0,3163.0,3108.0,3134.3,31976400,3447.7,2820.9,3839.9,2896.0,3136.3,2,1,3136.0,2,1,3135.7,4,1,3135.5,30,2,3135.3,58,4,3136.6,391,5,3136.8,248,3,3137.0,33,1,3137.1,181,4,3137.2,302,4
2031,2026-06-16 12:48:23+05:30,3136.3,56,3130.16,2164838,134840.0,205115.0,3163.0,3163.0,3108.0,3134.3,31975000,3447.7,2820.9,3839.9,2896.0,3136.3,2,1,3136.0,2,1,3135.7,4,1,3135.5,30,2,3135.3,58,4,3136.6,391,5,3136.8,248,3,3137.0,33,1,3137.1,181,4,3137.2,302,4
2031,2026-06-16 12:48:24+05:30,3136.6,28,3130.16,2164838,134840.0,205115.0,3163.0,3163.0,3108.0,3134.3,31975000,3447.7,2820.9,3839.9,2896.0,3136.3,2,1,3136.0,2,1,3135.7,4,1,3135.5,30,2,3135.3,58,4,3136.6,391,5,3136.8,248,3,3137.0,33,1,3137.1,181,4,3137.2,302,4
2031,2026-06-16 12:48:24+05:30,3135.7,123,3130.16,2165066,133874.0,204372.0,3163.0,3163.0,3108.0,3134.3,31975000,3447.7,2820.9,3839.9,2896.0,3135.6,95,6,3135.5,60,4,3135.4,123,7,3135.3,52,5,3135.2,277,6,3136.6,363,5,3136.8,25,2,3136.9,200,1,3137.0,20,1,3137.1,44,1
2031,2026-06-16 12:48:25+05:30,3135.7,123,3130.16,2165066,133874.0,204372.0,3163.0,3163.0,3108.0,3134.3,31975000,3447.7,2820.9,3839.9,2896.0,3135.6,95,6,3135.5,60,4,3135.4,123,7,3135.3,52,5,3135.2,277,6,3136.6,363,5,3136.8,25,2,3136.9,200,1,3137.0,20,1,3137.1,44,1
2031,2026-06-16 12:48:25+05:30,3135.7,123,3130.16,2165066,134951.0,204419.0,3163.0,3163.0,3108.0,3134.3,31975000,3447.7,2820.9,3839.9,2896.0,3135.6,97,7,3135.5,59,4,3135.4,159,8,3135.3,27,3,3135.2,279,7,3136.6,363,5,3136.8,204,2,3137.0,20,1,3137.1,134,2,3137.2,269,3
2031,2026-06-16 12:48:26+05:30,3135.6,2,3130.16,2165066,134951.0,204419.0,3163.0,3163.0,3108.0,3134.3,31975000,3447.7,2820.9,3839.9,2896.0,3135.6,97,7,3135.5,59,4,3135.4,159,8,3135.3,27,3,3135.2,279,7,3136.6,363,5,3136.8,204,2,3137.0,20,1,3137.1,134,2,3137.2,269,3
2031,2026-06-16 12:48:26+05:30,3136.6,1,3130.16,2165069,134776.0,205252.0,3163.0,3163.0,3108.0,3134.3,31975000,3447.7,2820.9,3839.9,2896.0,3135.6,69,4,3135.5,29,3,3135.4,52,4,3135.3,6,2,3135.2,79,6,3136.6,600,7,3136.8,4,1,3136.9,134,2,3137.0,269,3,3137.1,88,2
2031,2026-06-16 12:48:27+05:30,3136.6,1,3130.16,2165069,134776.0,205252.0,3163.0,3163.0,3108.0,3134.3,31975000,3447.7,2820.9,3839.9,2896.0,3135.6,69,4,3135.5,29,3,3135.4,52,4,3135.3,6,2,3135.2,79,6,3136.6,600,7,3136.8,4,1,3136.9,134,2,3137.0,269,3,3137.1,88,2
2031,2026-06-16 12:48:27+05:30,3136.6,1,3130.16,2165070,134096.0,205306.0,3163.0,3163.0,3108.0,3134.3,31975000,3447.7,2820.9,3839.9,2896.0,3135.6,41,3,3135.5,17,2,3135.4,52,4,3135.3,6,2,3135.2,79,6,3136.6,643,8,3136.8,24,2,3136.9,233,4,3137.0,220,2,3137.1,88,2
2031,2026-06-16 12:48:28+05:30,3136.6,1,3130.16,2165070,134509.0,205212.0,3163.0,3163.0,3108.0,3134.3,31975000,3447.7,2820.9,3839.9,2896.0,3135.6,61,5,3135.5,1,1,3135.4,52,4,3135.3,6,2,3135.2,79,6,3136.6,643,8,3136.8,24,2,3136.9,233,4,3137.0,220,2,3137.1,88,2
2031,2026-06-16 12:48:29+05:30,3136.6,1,3130.16,2165070,134504.0,205309.0,3163.0,3163.0,3108.0,3134.3,31975000,3447.7,2820.9,3839.9,2896.0,3135.6,61,5,3135.5,1,1,3135.4,52,4,3135.3,6,2,3135.2,79,6,3136.6,668,9,3136.8,24,2,3136.9,233,4,3137.0,220,2,3137.1,93,3
2031,2026-06-16 12:48:30+05:30,3136.6,1,3130.16,2165070,134699.0,205533.0,3163.0,3163.0,3108.0,3134.3,31975000,3447.7,2820.9,3839.9,2896.0,3135.6,61,5,3135.5,1,1,3135.4,52,4,3135.3,6,2,3135.2,79,6,3136.6,669,10,3136.8,24,2,3136.9,233,4,3137.0,220,2,3137.1,88,2
2031,2026-06-16 12:48:31+05:30,3136.6,1,3130.16,2165070,134699.0,205533.0,3163.0,3163.0,3108.0,3134.3,31975000,3447.7,2820.9,3839.9,2896.0,3135.6,61,5,3135.5,1,1,3135.4,52,4,3135.3,6,2,3135.2,79,6,3136.6,669,10,3136.8,24,2,3136.9,233,4,3137.0,220,2,3137.1,88,2
2031,2026-06-16 12:48:31+05:30,3136.6,1,3130.16,2165071,134825.0,205443.0,3163.0,3163.0,3108.0,3134.3,31975000,3447.7,2820.9,3839.9,2896.0,3136.1,2,2,3135.6,62,6,3135.5,1,1,3135.4,52,4,3135.3,6,2,3136.6,668,10,3136.8,48,2,3136.9,184,3,3137.0,220,2,3137.1,44,1
2031,2026-06-16 12:48:32+05:30,3136.6,11,3130.16,2165084,134654.0,205424.0,3163.0,3163.0,3108.0,3134.3,31975000,3447.7,2820.9,3839.9,2896.0,3136.1,2,2,3135.7,18,1,3135.6,17,4,3135.4,40,3,3135.3,5,1,3136.5,11,1,3136.6,612,9,3136.7,2,1,3136.8,4,1,3136.9,140,2
2031,2026-06-16 12:48:32+05:30,3136.6,11,3130.16,2165084,134654.0,205424.0,3163.0,3163.0,3108.0,3134.3,31975000,3447.7,2820.9,3839.9,2896.0,3136.1,2,2,3135.7,18,1,3135.6,17,4,3135.4,40,3,3135.3,5,1,3136.5,11,1,3136.6,612,9,3136.7,2,1,3136.8,4,1,3136.9,140,2
2031,2026-06-16 12:48:33+05:30,3136.6,11,3130.16,2165084,135236.0,205268.0,3163.0,3163.0,3108.0,3134.3,31975000,3447.7,2820.9,3839.9,2896.0,3136.2,18,1,3136.1,2,2,3135.7,13,1,3135.6,17,4,3135.4,101,5,3136.5,1,1,3136.6,612,9,3136.7,2,1,3136.8,4,1,3136.9,140,2
2031,2026-06-16 12:48:34+05:30,3136.5,1,3130.16,2165084,135236.0,205268.0,3163.0,3163.0,3108.0,3134.3,31975000,3447.7,2820.9,3839.9,2896.0,3136.2,18,1,3136.1,2,2,3135.7,13,1,3135.6,17,4,3135.4,101,5,3136.5,1,1,3136.6,612,9,3136.7,2,1,3136.8,4,1,3136.9,140,2
2031,2026-06-16 12:48:34+05:30,3136.5,1,3130.16,2165085,135351.0,205459.0,3163.0,3163.0,3108.0,3134.3,31975000,3447.7,2820.9,3839.9,2896.0,3136.4,17,1,3136.2,1,1,3136.1,2,2,3135.8,13,1,3135.7,13,1,3136.5,26,1,3136.6,561,7,3136.8,4,1,3136.9,140,2,3137.0,200,1
2031,2026-06-16 12:48:35+05:30,3136.5,7,3130.17,2165503,135127.0,205180.0,3163.0,3163.0,3108.0,3134.3,31975000,3447.7,2820.9,3839.9,2896.0,3136.0,17,1,3135.6,16,3,3135.4,26,2,3135.3,16,1,3135.2,41,4,3136.5,249,3,3136.6,39,2,3136.8,94,2,3136.9,250,2,3137.1,486,5
2031,2026-06-16 12:48:35+05:30,3136.5,7,3130.17,2165503,135127.0,205180.0,3163.0,3163.0,3108.0,3134.3,31975000,3447.7,2820.9,3839.9,2896.0,3136.0,17,1,3135.6,16,3,3135.4,26,2,3135.3,16,1,3135.2,41,4,3136.5,249,3,3136.6,39,2,3136.8,94,2,3136.9,250,2,3137.1,486,5
2031,2026-06-16 12:48:36+05:30,3136.0,2,3130.17,2165541,134883.0,203519.0,3163.0,3163.0,3108.0,3134.3,31975000,3447.7,2820.9,3839.9,2896.0,3136.0,16,2,3135.6,3,2,3135.4,13,1,3135.3,16,1,3135.2,27,3,3136.4,200,1,3136.5,73,3,3136.6,1,1,3136.7,134,2,3136.8,204,2
2031,2026-06-16 12:48:37+05:30,3136.4,1,3130.17,2165541,134883.0,203519.0,3163.0,3163.0,3108.0,3134.3,31975000,3447.7,2820.9,3839.9,2896.0,3136.0,16,2,3135.6,3,2,3135.4,13,1,3135.3,16,1,3135.2,27,3,3136.4,200,1,3136.5,73,3,3136.6,1,1,3136.7,134,2,3136.8,204,2
2031,2026-06-16 12:48:37+05:30,3136.4,1,3130.17,2165542,134903.0,205551.0,3163.0,3163.0,3108.0,3134.3,31975000,3447.7,2820.9,3839.9,2896.0,3136.0,16,2,3135.6,3,2,3135.2,27,3,3135.1,44,3,3135.0,154,12,3136.4,223,2,3136.5,49,2,3136.6,1,1,3136.7,134,2,3136.8,236,3
2031,2026-06-16 12:48:38+05:30,3136.4,12,3130.17,2165554,135049.0,205283.0,3163.0,3163.0,3108.0,3134.3,31975000,3447.7,2820.9,3839.9,2896.0,3136.0,16,2,3135.6,3,2,3135.5,13,1,3135.2,25,3,3135.1,228,4,3136.2,1,1,3136.4,211,2,3136.5,49,2,3136.7,90,1,3136.8,204,2
2031,2026-06-16 12:48:38+05:30,3136.4,12,3130.17,2165554,135049.0,205283.0,3163.0,3163.0,3108.0,3134.3,31975000,3447.7,2820.9,3839.9,2896.0,3136.0,16,2,3135.6,3,2,3135.5,13,1,3135.2,25,3,3135.1,228,4,3136.2,1,1,3136.4,211,2,3136.5,49,2,3136.7,90,1,3136.8,204,2
2031,2026-06-16 12:48:39+05:30,3136.0,5,3130.17,2165554,135049.0,205283.0,3163.0,3163.0,3108.0,3134.3,31975000,3447.7,2820.9,3839.9,2896.0,3136.0,16,2,3135.6,3,2,3135.5,13,1,3135.2,25,3,3135.1,228,4,3136.2,1,1,3136.4,211,2,3136.5,49,2,3136.7,90,1,3136.8,204,2
2031,2026-06-16 12:48:39+05:30,3136.0,5,3130.17,2165559,135062.0,205252.0,3163.0,3163.0,3108.0,3134.3,31975000,3447.7,2820.9,3839.9,2896.0,3136.0,11,2,3135.6,16,3,3135.5,13,1,3135.4,13,1,3135.2,25,3,3136.2,1,1,3136.4,211,2,3136.5,49,2,3136.7,90,1,3136.8,204,2
2031,2026-06-16 12:48:40+05:30,3136.0,5,3130.17,2165559,134800.0,203562.0,3163.0,3163.0,3108.0,3134.3,31975000,3447.7,2820.9,3839.9,2896.0,3136.0,11,2,3135.6,3,2,3135.5,13,1,3135.2,25,3,3135.1,44,3,3136.2,2,2,3136.3,187,1,3136.5,49,2,3136.6,90,1,3136.7,200,1
2031,2026-06-16 12:48:40+05:30,3136.2,1,3130.17,2165559,134800.0,203562.0,3163.0,3163.0,3108.0,3134.3,31975000,3447.7,2820.9,3839.9,2896.0,3136.0,11,2,3135.6,3,2,3135.5,13,1,3135.2,25,3,3135.1,44,3,3136.2,2,2,3136.3,187,1,3136.5,49,2,3136.6,90,1,3136.7,200,1
2031,2026-06-16 12:48:41+05:30,3136.3,7,3130.17,2165568,134660.0,205379.0,3163.0,3163.0,3108.0,3134.3,31975000,3447.7,2820.9,3839.9,2896.0,3136.0,11,2,3135.6,2,1,3135.5,13,1,3135.2,25,3,3135.1,44,3,3136.2,21,1,3136.3,180,1,3136.5,49,2,3136.6,90,1,3136.7,200,1
2031,2026-06-16 12:48:41+05:30,3136.3,7,3130.17,2165568,134660.0,205379.0,3163.0,3163.0,3108.0,3134.3,31975000,3447.7,2820.9,3839.9,2896.0,3136.0,11,2,3135.6,2,1,3135.5,13,1,3135.2,25,3,3135.1,44,3,3136.2,21,1,3136.3,180,1,3136.5,49,2,3136.6,90,1,3136.7,200,1
2031,2026-06-16 12:48:42+05:30,3136.2,1,3130.17,2165568,134660.0,205379.0,3163.0,3163.0,3108.0,3134.3,31975000,3447.7,2820.9,3839.9,2896.0,3136.0,11,2,3135.6,2,1,3135.5,13,1,3135.2,25,3,3135.1,44,3,3136.2,21,1,3136.3,180,1,3136.5,49,2,3136.6,90,1,3136.7,200,1
2031,2026-06-16 12:48:42+05:30,3136.2,1,3130.17,2165569,134584.0,205680.0,3163.0,3163.0,3108.0,3134.3,31975000,3447.7,2820.9,3839.9,2896.0,3136.0,11,2,3135.6,2,1,3135.2,25,3,3135.1,44,3,3135.0,162,11,3136.2,207,3,3136.5,139,3,3136.6,200,1,3136.8,404,3,3136.9,338,4
2031,2026-06-16 12:48:43+05:30,3136.2,1,3130.17,2165569,134632.0,205719.0,3163.0,3163.0,3108.0,3134.3,31975000,3447.7,2820.9,3839.9,2896.0,3136.0,11,2,3135.6,2,1,3135.2,25,3,3135.1,44,3,3135.0,162,11,3136.2,243,5,3136.5,139,3,3136.6,200,1,3136.8,436,4,3136.9,338,4
2031,2026-06-16 12:48:44+05:30,3136.2,1,3130.17,2165569,134652.0,205720.0,3163.0,3163.0,3108.0,3134.3,31975000,3447.7,2820.9,3839.9,2896.0,3136.0,11,2,3135.6,2,1,3135.2,25,3,3135.1,44,3,3135.0,165,12,3136.2,243,5,3136.5,139,3,3136.6,200,1,3136.8,404,3,3136.9,338,4
2031,2026-06-16 12:48:45+05:30,3136.0,4,3130.17,2165569,134652.0,205720.0,3163.0,3163.0,3108.0,3134.3,31975000,3447.7,2820.9,3839.9,2896.0,3136.0,11,2,3135.6,2,1,3135.2,25,3,3135.1,44,3,3135.0,165,12,3136.2,243,5,3136.5,139,3,3136.6,200,1,3136.8,404,3,3136.9,338,4
2031,2026-06-16 12:48:45+05:30,3136.0,4,3130.17,2165573,134621.0,205332.0,3163.0,3163.0,3108.0,3134.3,31975000,3447.7,2820.9,3839.9,2896.0,3136.0,7,2,3135.6,2,1,3135.3,13,1,3135.2,14,2,3135.1,44,3,3136.2,308,9,3136.5,90,1,3136.6,200,1,3136.8,443,3,3136.9,326,4
2031,2026-06-16 12:48:46+05:30,3136.1,1,3130.17,2165573,134621.0,205332.0,3163.0,3163.0,3108.0,3134.3,31975000,3447.7,2820.9,3839.9,2896.0,3136.0,7,2,3135.6,2,1,3135.3,13,1,3135.2,14,2,3135.1,44,3,3136.2,308,9,3136.5,90,1,3136.6,200,1,3136.8,443,3,3136.9,326,4
2031,2026-06-16 12:48:46+05:30,3136.1,1,3130.17,2165574,135210.0,205172.0,3163.0,3163.0,3108.0,3134.3,31975000,3447.7,2820.9,3839.9,2896.0,3136.1,2,2,3136.0,22,5,3135.9,13,1,3135.8,13,1,3135.7,6,1,3136.2,308,9,3136.5,90,1,3136.6,200,1,3136.8,400,2,3136.9,294,3
2031,2026-06-16 12:48:47+05:30,3136.2,1,3130.17,2165574,135210.0,205172.0,3163.0,3163.0,3108.0,3134.3,31975000,3447.7,2820.9,3839.9,2896.0,3136.1,2,2,3136.0,22,5,3135.9,13,1,3135.8,13,1,3135.7,6,1,3136.2,308,9,3136.5,90,1,3136.6,200,1,3136.8,400,2,3136.9,294,3
2031,2026-06-16 12:48:47+05:30,3136.2,1,3130.17,2165575,135226.0,204989.0,3163.0,3163.0,3108.0,3134.3,31975000,3447.7,2820.9,3839.9,2896.0,3136.1,7,3,3136.0,22,5,3135.9,3,1,3135.8,26,2,3135.7,21,2,3136.2,307,9,3136.5,90,1,3136.6,200,1,3136.8,400,2,3136.9,250,2
2031,2026-06-16 12:48:48+05:30,3136.2,36,3130.17,2165575,135226.0,204989.0,3163.0,3163.0,3108.0,3134.3,31975000,3447.7,2820.9,3839.9,2896.0,3136.1,7,3,3136.0,22,5,3135.9,3,1,3135.8,26,2,3135.7,21,2,3136.2,307,9,3136.5,90,1,3136.6,200,1,3136.8,400,2,3136.9,250,2
2031,2026-06-16 12:48:48+05:30,3136.2,36,3130.17,2165738,135228.0,205146.0,3163.0,3163.0,3108.0,3134.3,31975000,3447.7,2820.9,3839.9,2896.0,3136.1,2,2,3136.0,35,6,3135.9,6,2,3135.8,31,3,3135.7,7,2,3136.2,160,2,3136.5,90,1,3136.6,200,1,3136.8,400,2,3136.9,250,2
2031,2026-06-16 12:48:49+05:30,3135.8,9,3130.17,2165738,135228.0,205146.0,3163.0,3163.0,3108.0,3134.3,31975000,3447.7,2820.9,3839.9,2896.0,3136.1,2,2,3136.0,35,6,3135.9,6,2,3135.8,31,3,3135.7,7,2,3136.2,160,2,3136.5,90,1,3136.6,200,1,3136.8,400,2,3136.9,250,2
2031,2026-06-16 12:48:49+05:30,3135.8,9,3130.17,2165870,134857.0,205131.0,3163.0,3163.0,3108.0,3134.3,31975000,3447.7,2820.9,3839.9,2896.0,3135.6,21,3,3135.5,3,1,3135.4,87,4,3135.3,45,2,3135.2,56,6,3135.8,75,1,3136.2,138,2,3136.5,90,1,3136.6,200,1,3136.8,421,3
2031,2026-06-16 12:48:50+05:30,3135.6,7,3130.17,2165920,134860.0,204534.0,3163.0,3163.0,3108.0,3134.3,31975000,3447.7,2820.9,3839.9,2896.0,3135.6,14,4,3135.5,3,1,3135.4,92,5,3135.3,45,2,3135.2,38,4,3135.8,75,1,3136.2,138,2,3136.5,90,1,3136.6,200,1,3136.8,465,4
2031,2026-06-16 12:48:50+05:30,3135.6,7,3130.17,2165920,134860.0,204534.0,3163.0,3163.0,3108.0,3134.3,31975000,3447.7,2820.9,3839.9,2896.0,3135.6,14,4,3135.5,3,1,3135.4,92,5,3135.3,45,2,3135.2,38,4,3135.8,75,1,3136.2,138,2,3136.5,90,1,3136.6,200,1,3136.8,465,4
2031,2026-06-16 12:48:51+05:30,3135.6,7,3130.17,2165920,134844.0,204545.0,3163.0,3163.0,3108.0,3134.3,31975000,3447.7,2820.9,3839.9,2896.0,3135.6,14,4,3135.5,3,1,3135.4,92,5,3135.3,45,2,3135.2,38,4,3135.8,86,3,3136.2,138,2,3136.5,90,1,3136.6,200,1,3136.7,14,1
2031,2026-06-16 12:48:52+05:30,3135.6,7,3130.17,2165920,134942.0,204756.0,3163.0,3163.0,3108.0,3134.3,31975000,3447.7,2820.9,3839.9,2896.0,3135.6,45,6,3135.5,3,1,3135.4,97,6,3135.3,45,2,3135.2,38,4,3135.8,86,3,3136.2,138,2,3136.5,90,1,3136.6,200,1,3136.7,14,1
2031,2026-06-16 12:48:53+05:30,3135.8,1,3130.17,2165921,134754.0,204834.0,3163.0,3163.0,3108.0,3134.3,31975000,3447.7,2820.9,3839.9,2896.0,3135.6,47,7,3135.5,3,1,3135.4,97,6,3135.3,145,3,3135.2,38,4,3135.8,110,4,3136.2,138,2,3136.5,90,1,3136.6,200,1,3136.7,14,1
2031,2026-06-16 12:48:53+05:30,3135.8,1,3130.17,2165921,134754.0,204834.0,3163.0,3163.0,3108.0,3134.3,31975000,3447.7,2820.9,3839.9,2896.0,3135.6,47,7,3135.5,3,1,3135.4,97,6,3135.3,145,3,3135.2,38,4,3135.8,110,4,3136.2,138,2,3136.5,90,1,3136.6,200,1,3136.7,14,1
2031,2026-06-16 12:48:54+05:30,3135.8,38,3130.17,2166093,135252.0,204782.0,3163.0,3163.0,3108.0,3134.3,31975000,3447.7,2820.9,3839.9,2896.0,3135.7,62,6,3135.6,50,7,3135.5,56,3,3135.4,114,7,3135.3,166,4,3136.2,138,2,3136.4,1,1,3136.5,90,1,3136.6,200,1,3136.8,400,2
2031,2026-06-16 12:48:54+05:30,3135.8,38,3130.17,2166093,135252.0,204782.0,3163.0,3163.0,3108.0,3134.3,31975000,3447.7,2820.9,3839.9,2896.0,3135.7,62,6,3135.6,50,7,3135.5,56,3,3135.4,114,7,3135.3,166,4,3136.2,138,2,3136.4,1,1,3136.5,90,1,3136.6,200,1,3136.8,400,2
2031,2026-06-16 12:48:55+05:30,3135.8,38,3130.17,2166093,135255.0,205163.0,3163.0,3163.0,3108.0,3134.3,31975000,3447.7,2820.9,3839.9,2896.0,3135.8,1,1,3135.7,80,8,3135.6,33,6,3135.5,56,3,3135.4,114,7,3136.2,178,3,3136.4,1,1,3136.5,90,1,3136.6,200,1,3136.8,400,2
2031,2026-06-16 12:48:56+05:30,3136.2,27,3130.17,2166093,135255.0,205163.0,3163.0,3163.0,3108.0,3134.3,31975000,3447.7,2820.9,3839.9,2896.0,3135.8,1,1,3135.7,80,8,3135.6,33,6,3135.5,56,3,3135.4,114,7,3136.2,178,3,3136.4,1,1,3136.5,90,1,3136.6,200,1,3136.8,400,2
2031,2026-06-16 12:48:56+05:30,3136.2,27,3130.17,2166120,135321.0,204907.0,3163.0,3163.0,3108.0,3134.3,31975000,3447.7,2820.9,3839.9,2896.0,3135.9,28,4,3135.8,11,3,3135.7,66,6,3135.6,48,7,3135.5,73,4,3136.2,151,3,3136.4,1,1,3136.5,90,1,3136.6,200,1,3136.8,400,2
2031,2026-06-16 12:48:57+05:30,3136.2,27,3130.17,2166120,135481.0,205093.0,3163.0,3163.0,3108.0,3134.3,31975000,3447.7,2820.9,3839.9,2896.0,3136.0,17,1,3135.9,30,6,3135.8,28,4,3135.7,50,5,3135.6,48,7,3136.2,151,3,3136.4,1,1,3136.5,90,1,3136.6,200,1,3136.8,400,2
2031,2026-06-16 12:48:58+05:30,3136.2,1,3130.17,2166268,135643.0,204864.0,3163.0,3163.0,3108.0,3134.3,31975000,3447.7,2820.9,3839.9,2896.0,3135.9,29,6,3135.8,11,3,3135.7,42,4,3135.6,64,8,3135.5,56,3,3136.2,1,1,3136.4,1,1,3136.5,90,1,3136.6,200,1,3136.8,400,2
2031,2026-06-16 12:48:58+05:30,3136.2,1,3130.17,2166268,135643.0,204864.0,3163.0,3163.0,3108.0,3134.3,31975000,3447.7,2820.9,3839.9,2896.0,3135.9,29,6,3135.8,11,3,3135.7,42,4,3135.6,64,8,3135.5,56,3,3136.2,1,1,3136.4,1,1,3136.5,90,1,3136.6,200,1,3136.8,400,2
2031,2026-06-16 12:48:59+05:30,3136.5,45,3130.17,2166358,135816.0,204973.0,3163.0,3163.0,3108.0,3134.3,31975000,3447.7,2820.9,3839.9,2896.0,3135.9,41,7,3135.8,11,3,3135.7,42,4,3135.6,64,8,3135.5,56,3,3136.5,3,1,3136.6,200,1,3136.8,400,2,3136.9,250,2,3137.0,371,3
2031,2026-06-16 12:49:00+05:30,3136.5,1,3130.17,2166358,135816.0,204973.0,3163.0,3163.0,3108.0,3134.3,31975000,3447.7,2820.9,3839.9,2896.0,3135.9,41,7,3135.8,11,3,3135.7,42,4,3135.6,64,8,3135.5,56,3,3136.5,3,1,3136.6,200,1,3136.8,400,2,3136.9,250,2,3137.0,371,3
2031,2026-06-16 12:49:00+05:30,3136.5,1,3130.17,2166362,135496.0,205331.0,3163.0,3163.0,3108.0,3134.3,31975000,3447.7,2820.9,3839.9,2896.0,3135.9,20,6,3135.8,19,2,3135.7,42,4,3135.6,50,7,3135.5,56,3,3136.2,200,1,3136.5,200,2,3136.6,200,1,3136.8,400,2,3136.9,250,2
2031,2026-06-16 12:49:01+05:30,3136.2,16,3130.17,2166403,135582.0,205383.0,3163.0,3163.0,3108.0,3134.3,31975000,3447.7,2820.9,3839.9,2896.0,3136.1,14,6,3136.0,17,2,3135.9,76,8,3135.8,31,3,3135.7,27,3,3136.2,199,2,3136.5,200,2,3136.6,200,1,3136.8,400,2,3136.9,250,2
2031,2026-06-16 12:49:01+05:30,3136.2,16,3130.17,2166403,135582.0,205383.0,3163.0,3163.0,3108.0,3134.3,31975000,3447.7,2820.9,3839.9,2896.0,3136.1,14,6,3136.0,17,2,3135.9,76,8,3135.8,31,3,3135.7,27,3,3136.2,199,2,3136.5,200,2,3136.6,200,1,3136.8,400,2,3136.9,250,2
2031,2026-06-16 12:49:02+05:30,3136.2,23,3130.17,2166585,135574.0,205203.0,3163.0,3163.0,3108.0,3134.3,31975000,3447.7,2820.9,3839.9,2896.0,3136.1,13,5,3136.0,2,1,3135.9,63,7,3135.8,47,4,3135.7,27,3,3136.2,17,1,3136.5,200,2,3136.6,200,1,3136.8,400,2,3136.9,250,2
2031,2026-06-16 12:49:02+05:30,3136.2,23,3130.17,2166585,135574.0,205203.0,3163.0,3163.0,3108.0,3134.3,31975000,3447.7,2820.9,3839.9,2896.0,3136.1,13,5,3136.0,2,1,3135.9,63,7,3135.8,47,4,3135.7,27,3,3136.2,17,1,3136.5,200,2,3136.6,200,1,3136.8,400,2,3136.9,250,2
2031,2026-06-16 12:49:03+05:30,3136.5,25,3130.17,2166585,135574.0,205203.0,3163.0,3163.0,3108.0,3134.3,31975000,3447.7,2820.9,3839.9,2896.0,3136.1,13,5,3136.0,2,1,3135.9,63,7,3135.8,47,4,3135.7,27,3,3136.2,17,1,3136.5,200,2,3136.6,200,1,3136.8,400,2,3136.9,250,2
2031,2026-06-16 12:49:03+05:30,3136.5,25,3130.17,2166627,135663.0,204979.0,3163.0,3163.0,3108.0,3134.3,31975000,3447.7,2820.9,3839.9,2896.0,3136.1,53,7,3136.0,3,2,3135.9,63,7,3135.8,47,4,3135.7,27,3,3136.5,175,2,3136.6,200,1,3136.8,400,2,3136.9,250,2,3137.0,350,2
2031,2026-06-16 12:49:04+05:30,3136.5,1,3130.17,2166628,135889.0,205382.0,3163.0,3163.0,3108.0,3134.3,31975000,3447.7,2820.9,3839.9,2896.0,3136.2,24,1,3136.1,53,7,3136.0,3,2,3135.9,78,8,3135.8,31,3,3136.5,174,2,3136.6,200,1,3136.8,400,2,3136.9,250,2,3137.0,350,2
2031,2026-06-16 12:49:04+05:30,3136.5,1,3130.17,2166628,135889.0,205382.0,3163.0,3163.0,3108.0,3134.3,31975000,3447.7,2820.9,3839.9,2896.0,3136.2,24,1,3136.1,53,7,3136.0,3,2,3135.9,78,8,3135.8,31,3,3136.5,174,2,3136.6,200,1,3136.8,400,2,3136.9,250,2,3137.0,350,2
2031,2026-06-16 12:49:04+05:30,3136.5,1,3130.17,2166628,135889.0,205382.0,3163.0,3163.0,3108.0,3134.3,31975000,3447.7,2820.9,3839.9,2896.0,3136.2,24,1,3136.1,53,7,3136.0,3,2,3135.9,78,8,3135.8,31,3,3136.5,174,2,3136.6,200,1,3136.8,400,2,3136.9,250,2,3137.0,350,2
2031,2026-06-16 12:49:05+05:30,3136.5,1,3130.17,2166628,135692.0,204193.0,3163.0,3163.0,3108.0,3134.3,31975000,3447.7,2820.9,3839.9,2896.0,3136.2,85,5,3136.1,59,6,3136.0,82,7,3135.9,247,7,3135.8,75,4,3136.5,1,1,3136.9,50,1,3137.0,150,1,3137.4,240,3,3137.5,310,3
2031,2026-06-16 12:49:06+05:30,3136.9,16,3130.17,2166647,136182.0,204197.0,3163.0,3163.0,3108.0,3134.3,31975000,3447.7,2820.9,3839.9,2896.0,3136.4,10,1,3136.3,15,6,3136.2,82,4,3136.1,109,6,3136.0,250,6,3136.9,34,1,3137.0,150,1,3137.4,42,1,3137.5,110,2,3137.6,238,3
2031,2026-06-16 12:49:06+05:30,3136.9,16,3130.17,2166647,136182.0,204197.0,3163.0,3163.0,3108.0,3134.3,31975000,3447.7,2820.9,3839.9,2896.0,3136.4,10,1,3136.3,15,6,3136.2,82,4,3136.1,109,6,3136.0,250,6,3136.9,34,1,3137.0,150,1,3137.4,42,1,3137.5,110,2,3137.6,238,3
2031,2026-06-16 12:49:06+05:30,3136.9,16,3130.17,2166647,136182.0,204197.0,3163.0,3163.0,3108.0,3134.3,31975000,3447.7,2820.9,3839.9,2896.0,3136.4,10,1,3136.3,15,6,3136.2,82,4,3136.1,109,6,3136.0,250,6,3136.9,34,1,3137.0,150,1,3137.4,42,1,3137.5,110,2,3137.6,238,3
2031,2026-06-16 12:49:07+05:30,3136.9,1,3130.17,2166648,135961.0,204494.0,3163.0,3163.0,3108.0,3134.3,31975000,3447.7,2820.9,3839.9,2896.0,3136.4,56,3,3136.3,9,4,3136.2,95,5,3136.1,54,3,3136.0,29,4,3136.9,78,3,3137.0,150,1,3137.4,42,1,3137.5,283,3,3137.6,265,3
2031,2026-06-16 12:49:07+05:30,3136.9,1,3130.17,2166648,135961.0,204494.0,3163.0,3163.0,3108.0,3134.3,31975000,3447.7,2820.9,3839.9,2896.0,3136.4,56,3,3136.3,9,4,3136.2,95,5,3136.1,54,3,3136.0,29,4,3136.9,78,3,3137.0,150,1,3137.4,42,1,3137.5,283,3,3137.6,265,3
2031,2026-06-16 12:49:08+05:30,3136.9,24,3130.17,2166672,136055.0,204278.0,3163.0,3163.0,3108.0,3134.3,31975000,3447.7,2820.9,3839.9,2896.0,3136.4,77,5,3136.3,9,4,3136.2,56,3,3136.1,54,3,3136.0,50,5,3136.9,54,3,3137.0,150,1,3137.4,42,1,3137.5,483,4,3137.6,65,2
2031,2026-06-16 12:49:08+05:30,3136.9,1,3130.17,2166672,136055.0,204278.0,3163.0,3163.0,3108.0,3134.3,31975000,3447.7,2820.9,3839.9,2896.0,3136.4,77,5,3136.3,9,4,3136.2,56,3,3136.1,54,3,3136.0,50,5,3136.9,54,3,3137.0,150,1,3137.4,42,1,3137.5,483,4,3137.6,65,2
2031,2026-06-16 12:49:08+05:30,3136.9,1,3130.17,2166672,136055.0,204278.0,3163.0,3163.0,3108.0,3134.3,31975000,3447.7,2820.9,3839.9,2896.0,3136.4,77,5,3136.3,9,4,3136.2,56,3,3136.1,54,3,3136.0,50,5,3136.9,54,3,3137.0,150,1,3137.4,42,1,3137.5,483,4,3137.6,65,2
2031,2026-06-16 12:49:08+05:30,3136.9,1,3130.17,2166675,135976.0,204284.0,3163.0,3163.0,3108.0,3134.3,31975000,3447.7,2820.9,3839.9,2896.0,3136.5,17,1,3136.4,47,2,3136.3,4,3,3136.2,43,2,3136.1,54,3,3136.9,85,4,3137.0,150,1,3137.4,215,2,3137.5,310,3,3137.6,65,2
2031,2026-06-16 12:49:09+05:30,3136.9,1,3130.17,2166675,135976.0,204284.0,3163.0,3163.0,3108.0,3134.3,31975000,3447.7,2820.9,3839.9,2896.0,3136.5,17,1,3136.4,47,2,3136.3,4,3,3136.2,43,2,3136.1,54,3,3136.9,85,4,3137.0,150,1,3137.4,215,2,3137.5,310,3,3137.6,65,2
2031,2026-06-16 12:49:09+05:30,3136.9,1,3130.17,2166675,136186.0,204466.0,3163.0,3163.0,3108.0,3134.3,31975000,3447.7,2820.9,3839.9,2896.0,3136.6,16,1,3136.5,1,1,3136.4,61,3,3136.3,4,3,3136.2,58,3,3136.9,86,5,3137.0,150,1,3137.4,215,2,3137.5,310,3,3137.6,65,2
2031,2026-06-16 12:49:10+05:30,3136.9,1,3130.17,2166675,136186.0,204466.0,3163.0,3163.0,3108.0,3134.3,31975000,3447.7,2820.9,3839.9,2896.0,3136.6,16,1,3136.5,1,1,3136.4,61,3,3136.3,4,3,3136.2,58,3,3136.9,86,5,3137.0,150,1,3137.4,215,2,3137.5,310,3,3137.6,65,2
2031,2026-06-16 12:49:10+05:30,3136.9,21,3130.17,2166850,136158.0,204032.0,3163.0,3163.0,3108.0,3134.3,31975000,3447.7,2820.9,3839.9,2896.0,3136.7,2,2,3136.6,1,1,3136.5,1,1,3136.4,64,3,3136.3,29,3,3136.9,29,1,3137.0,150,1,3137.4,42,1,3137.5,110,2,3137.6,238,3
2031,2026-06-16 12:49:11+05:30,3136.9,21,3130.17,2166850,136158.0,204032.0,3163.0,3163.0,3108.0,3134.3,31975000,3447.7,2820.9,3839.9,2896.0,3136.7,2,2,3136.6,1,1,3136.5,1,1,3136.4,64,3,3136.3,29,3,3136.9,29,1,3137.0,150,1,3137.4,42,1,3137.5,110,2,3137.6,238,3
2031,2026-06-16 12:49:11+05:30,3136.9,11,3130.17,2166878,136262.0,203826.0,3163.0,3163.0,3108.0,3134.3,31975000,3447.7,2820.9,3839.9,2896.0,3136.7,55,4,3136.6,1,1,3136.5,34,4,3136.4,88,6,3136.3,2,1,3136.9,1,1,3137.0,150,1,3137.4,220,2,3137.5,310,3,3137.6,21,1
2031,2026-06-16 12:49:12+05:30,3136.9,11,3130.17,2166878,136262.0,203826.0,3163.0,3163.0,3108.0,3134.3,31975000,3447.7,2820.9,3839.9,2896.0,3136.7,55,4,3136.6,1,1,3136.5,34,4,3136.4,88,6,3136.3,2,1,3136.9,1,1,3137.0,150,1,3137.4,220,2,3137.5,310,3,3137.6,21,1
2031,2026-06-16 12:49:12+05:30,3136.9,11,3130.17,2166878,136262.0,203826.0,3163.0,3163.0,3108.0,3134.3,31975000,3447.7,2820.9,3839.9,2896.0,3136.7,55,4,3136.6,1,1,3136.5,34,4,3136.4,88,6,3136.3,2,1,3136.9,1,1,3137.0,150,1,3137.4,220,2,3137.5,310,3,3137.6,21,1
2031,2026-06-16 12:49:12+05:30,3136.9,1,3130.17,2166923,136011.0,203677.0,3163.0,3163.0,3108.0,3134.3,31975000,3447.7,2820.9,3839.9,2896.0,3136.7,46,3,3136.6,18,2,3136.5,1,1,3136.4,53,2,3136.3,2,1,3136.9,7,1,3137.0,150,1,3137.4,47,1,3137.5,283,3,3137.6,21,1
2031,2026-06-16 12:49:13+05:30,3136.6,81,3130.17,2166923,136011.0,203677.0,3163.0,3163.0,3108.0,3134.3,31975000,3447.7,2820.9,3839.9,2896.0,3136.7,46,3,3136.6,18,2,3136.5,1,1,3136.4,53,2,3136.3,2,1,3136.9,7,1,3137.0,150,1,3137.4,47,1,3137.5,283,3,3137.6,21,1
2031,2026-06-16 12:49:13+05:30,3136.4,28,3130.17,2167323,135765.0,204151.0,3163.0,3163.0,3108.0,3134.3,31975000,3447.7,2820.9,3839.9,2896.0,3136.4,9,1,3136.2,55,2,3136.0,15,2,3135.9,8,4,3135.8,31,3,3136.9,8,2,3137.0,150,1,3137.4,91,2,3137.5,314,4,3137.6,259,3
2031,2026-06-16 12:49:13+05:30,3136.4,28,3130.17,2167323,135765.0,204151.0,3163.0,3163.0,3108.0,3134.3,31975000,3447.7,2820.9,3839.9,2896.0,3136.4,9,1,3136.2,55,2,3136.0,15,2,3135.9,8,4,3135.8,31,3,3136.9,8,2,3137.0,150,1,3137.4,91,2,3137.5,314,4,3137.6,259,3
2031,2026-06-16 12:49:14+05:30,3136.9,1,3130.17,2167323,135765.0,204151.0,3163.0,3163.0,3108.0,3134.3,31975000,3447.7,2820.9,3839.9,2896.0,3136.4,9,1,3136.2,55,2,3136.0,15,2,3135.9,8,4,3135.8,31,3,3136.9,8,2,3137.0,150,1,3137.4,91,2,3137.5,314,4,3137.6,259,3
2031,2026-06-16 12:49:14+05:30,3136.9,1,3130.17,2167325,135165.0,203777.0,3163.0,3163.0,3108.0,3134.3,31975000,3447.7,2820.9,3839.9,2896.0,3136.4,10,2,3136.3,13,1,3136.2,56,3,3136.1,13,1,3136.0,15,2,3136.9,6,2,3137.0,150,1,3137.4,91,2,3137.5,110,2,3137.6,232,3
2031,2026-06-16 12:49:15+05:30,3136.9,1,3130.17,2167325,135165.0,203777.0,3163.0,3163.0,3108.0,3134.3,31975000,3447.7,2820.9,3839.9,2896.0,3136.4,10,2,3136.3,13,1,3136.2,56,3,3136.1,13,1,3136.0,15,2,3136.9,6,2,3137.0,150,1,3137.4,91,2,3137.5,110,2,3137.6,232,3
2031,2026-06-16 12:49:15+05:30,3136.9,1,3130.17,2167325,135165.0,203777.0,3163.0,3163.0,3108.0,3134.3,31975000,3447.7,2820.9,3839.9,2896.0,3136.4,10,2,3136.3,13,1,3136.2,56,3,3136.1,13,1,3136.0,15,2,3136.9,6,2,3137.0,150,1,3137.4,91,2,3137.5,110,2,3137.6,232,3
2031,2026-06-16 12:49:15+05:30,3136.9,1,3130.17,2167325,135280.0,203621.0,3163.0,3163.0,3108.0,3134.3,31975000,3447.7,2820.9,3839.9,2896.0,3136.7,2,2,3136.4,12,3,3136.2,69,4,3136.1,13,1,3136.0,15,2,3136.9,6,2,3137.0,150,1,3137.4,91,2,3137.5,283,3,3137.6,221,2
2031,2026-06-16 12:49:16+05:30,3136.9,1,3130.17,2167325,135280.0,203621.0,3163.0,3163.0,3108.0,3134.3,31975000,3447.7,2820.9,3839.9,2896.0,3136.7,2,2,3136.4,12,3,3136.2,69,4,3136.1,13,1,3136.0,15,2,3136.9,6,2,3137.0,150,1,3137.4,91,2,3137.5,283,3,3137.6,221,2
2031,2026-06-16 12:49:16+05:30,3136.9,1,3130.17,2167325,135881.0,203501.0,3163.0,3163.0,3108.0,3134.3,31975000,3447.7,2820.9,3839.9,2896.0,3136.7,52,3,3136.5,35,3,3136.4,42,5,3136.2,79,5,3136.1,21,1,3136.9,6,2,3137.0,150,1,3137.5,283,3,3137.6,200,1,3137.7,61,2
2031,2026-06-16 12:49:17+05:30,3136.9,1,3130.17,2167325,135881.0,203501.0,3163.0,3163.0,3108.0,3134.3,31975000,3447.7,2820.9,3839.9,2896.0,3136.7,52,3,3136.5,35,3,3136.4,42,5,3136.2,79,5,3136.1,21,1,3136.9,6,2,3137.0,150,1,3137.5,283,3,3137.6,200,1,3137.7,61,2
2031,2026-06-16 12:49:17+05:30,3136.7,1,3130.17,2167325,135881.0,203501.0,3163.0,3163.0,3108.0,3134.3,31975000,3447.7,2820.9,3839.9,2896.0,3136.7,52,3,3136.5,35,3,3136.4,42,5,3136.2,79,5,3136.1,21,1,3136.9,6,2,3137.0,150,1,3137.5,283,3,3137.6,200,1,3137.7,61,2
2031,2026-06-16 12:49:17+05:30,3136.7,1,3130.17,2167325,135881.0,203501.0,3163.0,3163.0,3108.0,3134.3,31975000,3447.7,2820.9,3839.9,2896.0,3136.7,52,3,3136.5,35,3,3136.4,42,5,3136.2,79,5,3136.1,21,1,3136.9,6,2,3137.0,150,1,3137.5,283,3,3137.6,200,1,3137.7,61,2
2031,2026-06-16 12:49:17+05:30,3136.7,1,3130.17,2167380,135105.0,204009.0,3163.0,3163.0,3108.0,3134.3,31975000,3447.7,2820.9,3839.9,2896.0,3136.4,29,4,3136.2,69,4,3136.0,17,3,3135.9,5,3,3135.8,75,4,3136.6,146,1,3136.9,6,2,3137.0,150,1,3137.4,64,2,3137.5,110,2
2031,2026-06-16 12:49:18+05:30,3136.7,1,3130.17,2167380,135105.0,204009.0,3163.0,3163.0,3108.0,3134.3,31975000,3447.7,2820.9,3839.9,2896.0,3136.4,29,4,3136.2,69,4,3136.0,17,3,3135.9,5,3,3135.8,75,4,3136.6,146,1,3136.9,6,2,3137.0,150,1,3137.4,64,2,3137.5,110,2
2031,2026-06-16 12:49:18+05:30,3136.7,1,3130.17,2167380,135105.0,204009.0,3163.0,3163.0,3108.0,3134.3,31975000,3447.7,2820.9,3839.9,2896.0,3136.4,29,4,3136.2,69,4,3136.0,17,3,3135.9,5,3,3135.8,75,4,3136.6,146,1,3136.9,6,2,3137.0,150,1,3137.4,64,2,3137.5,110,2
2031,2026-06-16 12:49:18+05:30,3136.7,1,3130.17,2167380,134965.0,204046.0,3163.0,3163.0,3108.0,3134.3,31975000,3447.7,2820.9,3839.9,2896.0,3136.4,29,4,3136.2,56,3,3136.0,4,2,3135.9,5,3,3135.8,75,4,3136.6,177,2,3136.9,5,1,3137.0,150,1,3137.4,108,3,3137.5,322,4
2031,2026-06-16 12:49:19+05:30,3136.6,1,3130.17,2167382,134923.0,204036.0,3163.0,3163.0,3108.0,3134.3,31975000,3447.7,2820.9,3839.9,2896.0,3136.4,29,4,3136.2,56,3,3136.0,4,2,3135.9,5,3,3135.8,18,2,3136.6,175,2,3136.9,25,2,3137.0,150,1,3137.2,47,1,3137.3,173,1
2031,2026-06-16 12:49:19+05:30,3136.6,1,3130.17,2167382,134923.0,204036.0,3163.0,3163.0,3108.0,3134.3,31975000,3447.7,2820.9,3839.9,2896.0,3136.4,29,4,3136.2,56,3,3136.0,4,2,3135.9,5,3,3135.8,18,2,3136.6,175,2,3136.9,25,2,3137.0,150,1,3137.2,47,1,3137.3,173,1
2031,2026-06-16 12:49:20+05:30,3136.6,1,3130.17,2167382,134923.0,204036.0,3163.0,3163.0,3108.0,3134.3,31975000,3447.7,2820.9,3839.9,2896.0,3136.4,29,4,3136.2,56,3,3136.0,4,2,3135.9,5,3,3135.8,18,2,3136.6,175,2,3136.9,25,2,3137.0,150,1,3137.2,47,1,3137.3,173,1
2031,2026-06-16 12:49:20+05:30,3136.6,1,3130.17,2167382,134923.0,204036.0,3163.0,3163.0,3108.0,3134.3,31975000,3447.7,2820.9,3839.9,2896.0,3136.4,29,4,3136.2,56,3,3136.0,4,2,3135.9,5,3,3135.8,18,2,3136.6,175,2,3136.9,25,2,3137.0,150,1,3137.2,47,1,3137.3,173,1
2031,2026-06-16 12:49:20+05:30,3136.6,17,3130.17,2167543,134883.0,203874.0,3163.0,3163.0,3108.0,3134.3,31975000,3447.7,2820.9,3839.9,2896.0,3136.4,12,3,3136.2,56,3,3136.0,2,1,3135.9,39,5,3135.8,51,3,3136.6,14,1,3136.9,25,2,3137.0,150,1,3137.4,108,3,3137.5,148,3
2031,2026-06-16 12:49:21+05:30,3136.6,17,3130.17,2167543,134883.0,203874.0,3163.0,3163.0,3108.0,3134.3,31975000,3447.7,2820.9,3839.9,2896.0,3136.4,12,3,3136.2,56,3,3136.0,2,1,3135.9,39,5,3135.8,51,3,3136.6,14,1,3136.9,25,2,3137.0,150,1,3137.4,108,3,3137.5,148,3
2031,2026-06-16 12:49:21+05:30,3136.6,17,3130.17,2167543,134883.0,203874.0,3163.0,3163.0,3108.0,3134.3,31975000,3447.7,2820.9,3839.9,2896.0,3136.4,12,3,3136.2,56,3,3136.0,2,1,3135.9,39,5,3135.8,51,3,3136.6,14,1,3136.9,25,2,3137.0,150,1,3137.4,108,3,3137.5,148,3
2031,2026-06-16 12:49:21+05:30,3136.6,17,3130.17,2167543,134748.0,203700.0,3163.0,3163.0,3108.0,3134.3,31975000,3447.7,2820.9,3839.9,2896.0,3136.4,12,3,3136.2,56,3,3136.1,13,1,3136.0,2,1,3135.9,5,3,3136.6,31,2,3136.9,25,2,3137.0,150,1,3137.4,108,3,3137.5,148,3
2031,2026-06-16 12:49:22+05:30,3136.6,17,3130.17,2167543,134748.0,203700.0,3163.0,3163.0,3108.0,3134.3,31975000,3447.7,2820.9,3839.9,2896.0,3136.4,12,3,3136.2,56,3,3136.1,13,1,3136.0,2,1,3135.9,5,3,3136.6,31,2,3136.9,25,2,3137.0,150,1,3137.4,108,3,3137.5,148,3
2031,2026-06-16 12:49:22+05:30,3136.6,17,3130.17,2167543,134892.0,203737.0,3163.0,3163.0,3108.0,3134.3,31975000,3447.7,2820.9,3839.9,2896.0,3136.4,12,3,3136.2,56,3,3136.0,2,1,3135.9,5,3,3135.8,98,6,3136.6,36,3,3136.9,25,2,3137.0,150,1,3137.4,108,3,3137.5,184,4
2031,2026-06-16 12:49:22+05:30,3136.6,17,3130.17,2167543,134892.0,203737.0,3163.0,3163.0,3108.0,3134.3,31975000,3447.7,2820.9,3839.9,2896.0,3136.4,12,3,3136.2,56,3,3136.0,2,1,3135.9,5,3,3135.8,98,6,3136.6,36,3,3136.9,25,2,3137.0,150,1,3137.4,108,3,3137.5,184,4
2031,2026-06-16 12:49:23+05:30,3136.6,17,3130.17,2167543,134887.0,203748.0,3163.0,3163.0,3108.0,3134.3,31975000,3447.7,2820.9,3839.9,2896.0,3136.4,12,3,3136.2,56,3,3136.0,2,1,3135.9,5,3,3135.8,98,6,3136.6,36,3,3136.9,25,2,3137.0,150,1,3137.4,108,3,3137.5,184,4
2031,2026-06-16 12:49:23+05:30,3136.6,17,3130.17,2167543,134887.0,203748.0,3163.0,3163.0,3108.0,3134.3,31973000,3447.7,2820.9,3839.9,2896.0,3136.4,12,3,3136.2,56,3,3136.0,2,1,3135.9,5,3,3135.8,98,6,3136.6,36,3,3136.9,25,2,3137.0,150,1,3137.4,108,3,3137.5,184,4
2031,2026-06-16 12:49:24+05:30,3136.6,1,3130.17,2167544,134892.0,203749.0,3163.0,3163.0,3108.0,3134.3,31973000,3447.7,2820.9,3839.9,2896.0,3136.4,12,3,3136.2,56,3,3136.0,2,1,3135.9,5,3,3135.8,85,5,3136.6,35,3,3136.9,25,2,3137.0,150,1,3137.4,108,3,3137.5,184,4
2031,2026-06-16 12:49:25+05:30,3136.6,1,3130.17,2167544,134892.0,203749.0,3163.0,3163.0,3108.0,3134.3,31973000,3447.7,2820.9,3839.9,2896.0,3136.4,12,3,3136.2,56,3,3136.0,2,1,3135.9,5,3,3135.8,85,5,3136.6,35,3,3136.9,25,2,3137.0,150,1,3137.4,108,3,3137.5,184,4
2031,2026-06-16 12:49:25+05:30,3136.6,15,3130.18,2169681,135192.0,202556.0,3163.0,3163.0,3108.0,3134.3,31973000,3447.7,2820.9,3839.9,2896.0,3136.4,9,2,3136.2,71,4,3136.1,34,2,3136.0,74,3,3135.9,56,5,3137.5,88,4,3137.6,128,4,3137.7,35,4,3137.8,139,4,3137.9,611,4
2031,2026-06-16 12:49:26+05:30,3137.5,1,3130.18,2169681,135192.0,202556.0,3163.0,3163.0,3108.0,3134.3,31973000,3447.7,2820.9,3839.9,2896.0,3136.4,9,2,3136.2,71,4,3136.1,34,2,3136.0,74,3,3135.9,56,5,3137.5,88,4,3137.6,128,4,3137.7,35,4,3137.8,139,4,3137.9,611,4
2031,2026-06-16 12:49:26+05:30,3136.2,1,3130.18,2169882,133946.0,205214.0,3163.0,3163.0,3108.0,3134.3,31973000,3447.7,2820.9,3839.9,2896.0,3136.2,15,2,3135.9,2,2,3135.7,24,3,3135.6,18,4,3135.5,3,1,3136.3,200,1,3137.2,42,2,3137.3,59,1,3137.4,258,4,3137.5,294,4
2031,2026-06-16 12:49:27+05:30,3136.2,15,3130.18,2169882,133946.0,205214.0,3163.0,3163.0,3108.0,3134.3,31973000,3447.7,2820.9,3839.9,2896.0,3136.2,15,2,3135.9,2,2,3135.7,24,3,3135.6,18,4,3135.5,3,1,3136.3,200,1,3137.2,42,2,3137.3,59,1,3137.4,258,4,3137.5,294,4
2031,2026-06-16 12:49:27+05:30,3136.3,80,3130.18,2170162,133548.0,205317.0,3163.0,3163.0,3108.0,3134.3,31973000,3447.7,2820.9,3839.9,2896.0,3135.9,6,3,3135.7,17,2,3135.6,16,3,3135.5,133,5,3135.4,90,5,3136.3,120,1,3137.0,234,3,3137.2,35,2,3137.3,200,1,3137.4,220,2
2031,2026-06-16 12:49:28+05:30,3136.3,80,3130.18,2170162,133548.0,205317.0,3163.0,3163.0,3108.0,3134.3,31973000,3447.7,2820.9,3839.9,2896.0,3135.9,6,3,3135.7,17,2,3135.6,16,3,3135.5,133,5,3135.4,90,5,3136.3,120,1,3137.0,234,3,3137.2,35,2,3137.3,200,1,3137.4,220,2
2031,2026-06-16 12:49:28+05:30,3135.7,17,3130.18,2170362,133301.0,205123.0,3163.0,3163.0,3108.0,3134.3,31973000,3447.7,2820.9,3839.9,2896.0,3135.8,11,1,3135.7,75,7,3135.6,39,5,3135.5,68,3,3135.4,283,6,3136.3,120,1,3137.0,21,1,3137.2,21,1,3137.4,248,4,3137.5,262,3
2031,2026-06-16 12:49:29+05:30,3135.7,17,3130.18,2170362,133301.0,205123.0,3163.0,3163.0,3108.0,3134.3,31973000,3447.7,2820.9,3839.9,2896.0,3135.8,11,1,3135.7,75,7,3135.6,39,5,3135.5,68,3,3135.4,283,6,3136.3,120,1,3137.0,21,1,3137.2,21,1,3137.4,248,4,3137.5,262,3
2031,2026-06-16 12:49:29+05:30,3136.3,1,3130.18,2170363,133465.0,205349.0,3163.0,3163.0,3108.0,3134.3,31973000,3447.7,2820.9,3839.9,2896.0,3135.8,11,1,3135.7,77,7,3135.6,25,4,3135.5,83,4,3135.4,83,5,3136.3,133,2,3136.5,17,1,3137.0,21,1,3137.2,21,1,3137.4,48,3
2031,2026-06-16 12:49:30+05:30,3136.3,1,3130.18,2170363,133465.0,205349.0,3163.0,3163.0,3108.0,3134.3,31973000,3447.7,2820.9,3839.9,2896.0,3135.8,11,1,3135.7,77,7,3135.6,25,4,3135.5,83,4,3135.4,83,5,3136.3,133,2,3136.5,17,1,3137.0,21,1,3137.2,21,1,3137.4,48,3
2031,2026-06-16 12:49:30+05:30,3136.3,1,3130.18,2170382,134145.0,204972.0,3163.0,3163.0,3108.0,3134.3,31973000,3447.7,2820.9,3839.9,2896.0,3136.1,12,5,3136.0,3,1,3135.9,10,2,3135.8,135,9,3135.7,76,6,3136.3,116,4,3137.2,21,1,3137.4,48,3,3137.5,62,2,3137.6,314,4
2031,2026-06-16 12:49:31+05:30,3136.3,11,3130.18,2170393,134083.0,205247.0,3163.0,3163.0,3108.0,3134.3,31973000,3447.7,2820.9,3839.9,2896.0,3136.1,2,2,3136.0,13,1,3135.9,5,1,3135.8,103,7,3135.7,71,5,3136.3,145,5,3136.5,13,1,3137.2,21,1,3137.4,48,3,3137.5,262,3
2031,2026-06-16 12:49:32+05:30,3136.3,11,3130.18,2170393,134083.0,205247.0,3163.0,3163.0,3108.0,3134.3,31973000,3447.7,2820.9,3839.9,2896.0,3136.1,2,2,3136.0,13,1,3135.9,5,1,3135.8,103,7,3135.7,71,5,3136.3,145,5,3136.5,13,1,3137.2,21,1,3137.4,48,3,3137.5,262,3
2031,2026-06-16 12:49:32+05:30,3136.3,1,3130.18,2170394,134128.0,205252.0,3163.0,3163.0,3108.0,3134.3,31973000,3447.7,2820.9,3839.9,2896.0,3136.1,48,4,3136.0,13,1,3135.9,5,1,3135.8,103,7,3135.7,50,4,3136.3,144,5,3136.5,14,1,3137.2,47,3,3137.3,200,1,3137.4,220,2
2031,2026-06-16 12:49:33+05:30,3136.3,1,3130.18,2170394,134128.0,205252.0,3163.0,3163.0,3108.0,3134.3,31973000,3447.7,2820.9,3839.9,2896.0,3136.1,48,4,3136.0,13,1,3135.9,5,1,3135.8,103,7,3135.7,50,4,3136.3,144,5,3136.5,14,1,3137.2,47,3,3137.3,200,1,3137.4,220,2
2031,2026-06-16 12:49:33+05:30,3136.3,1,3130.18,2170394,134567.0,205281.0,3163.0,3163.0,3108.0,3134.3,31973000,3447.7,2820.9,3839.9,2896.0,3136.2,54,2,3136.1,40,3,3136.0,26,2,3135.9,5,1,3135.8,103,7,3136.3,181,7,3137.2,47,3,3137.3,200,1,3137.4,220,2,3137.5,62,2
2031,2026-06-16 12:49:34+05:30,3136.2,146,3130.18,2170394,134567.0,205281.0,3163.0,3163.0,3108.0,3134.3,31973000,3447.7,2820.9,3839.9,2896.0,3136.2,54,2,3136.1,40,3,3136.0,26,2,3135.9,5,1,3135.8,103,7,3136.3,181,7,3137.2,47,3,3137.3,200,1,3137.4,220,2,3137.5,62,2
2031,2026-06-16 12:49:34+05:30,3136.2,146,3130.18,2170594,134267.0,205459.0,3163.0,3163.0,3108.0,3134.3,31973000,3447.7,2820.9,3839.9,2896.0,3136.2,6,2,3136.1,40,3,3135.8,39,2,3135.7,35,3,3135.6,82,6,3136.3,181,7,3137.2,21,1,3137.3,36,1,3137.4,85,4,3137.5,262,3
2031,2026-06-16 12:49:35+05:30,3136.3,5,3130.18,2170594,134267.0,205459.0,3163.0,3163.0,3108.0,3134.3,31973000,3447.7,2820.9,3839.9,2896.0,3136.2,6,2,3136.1,40,3,3135.8,39,2,3135.7,35,3,3135.6,82,6,3136.3,181,7,3137.2,21,1,3137.3,36,1,3137.4,85,4,3137.5,262,3
2031,2026-06-16 12:49:35+05:30,3136.3,1,3130.18,2170600,134103.0,205460.0,3163.0,3163.0,3108.0,3134.3,31973000,3447.7,2820.9,3839.9,2896.0,3136.2,58,6,3136.1,38,1,3136.0,29,3,3135.8,58,4,3135.7,39,3,3136.3,175,7,3137.2,47,3,3137.3,200,1,3137.4,220,2,3137.5,62,2
2031,2026-06-16 12:49:36+05:30,3136.2,2,3130.18,2170600,134103.0,205460.0,3163.0,3163.0,3108.0,3134.3,31973000,3447.7,2820.9,3839.9,2896.0,3136.2,58,6,3136.1,38,1,3136.0,29,3,3135.8,58,4,3135.7,39,3,3136.3,175,7,3137.2,47,3,3137.3,200,1,3137.4,220,2,3137.5,62,2
2031,2026-06-16 12:49:36+05:30,3136.3,19,3130.18,2170627,134132.0,205332.0,3163.0,3163.0,3108.0,3134.3,31973000,3447.7,2820.9,3839.9,2896.0,3136.2,56,4,3136.1,38,1,3136.0,29,3,3135.8,58,4,3135.7,22,2,3136.3,185,8,3137.2,249,4,3137.3,200,1,3137.4,20,1,3137.5,462,4
2031,2026-06-16 12:49:37+05:30,3136.3,19,3130.18,2170627,134132.0,205332.0,3163.0,3163.0,3108.0,3134.3,31973000,3447.7,2820.9,3839.9,2896.0,3136.2,56,4,3136.1,38,1,3136.0,29,3,3135.8,58,4,3135.7,22,2,3136.3,185,8,3137.2,249,4,3137.3,200,1,3137.4,20,1,3137.5,462,4
2031,2026-06-16 12:49:37+05:30,3136.3,19,3130.18,2170627,134399.0,205332.0,3163.0,3163.0,3108.0,3134.3,31973000,3447.7,2820.9,3839.9,2896.0,3136.2,56,4,3136.1,38,1,3136.0,26,2,3135.9,5,1,3135.8,52,3,3136.3,185,8,3137.2,249,4,3137.3,200,1,3137.4,20,1,3137.5,462,4
2031,2026-06-16 12:49:38+05:30,3136.3,2,3130.18,2170629,134219.0,205178.0,3163.0,3163.0,3108.0,3134.3,31973000,3447.7,2820.9,3839.9,2896.0,3136.2,56,4,3136.1,51,2,3135.9,5,1,3135.8,79,5,3135.7,222,3,3136.3,183,8,3137.2,21,1,3137.4,47,3,3137.5,262,3,3137.6,316,4
2031,2026-06-16 12:49:39+05:30,3136.3,1,3130.18,2170629,134219.0,205178.0,3163.0,3163.0,3108.0,3134.3,31973000,3447.7,2820.9,3839.9,2896.0,3136.2,56,4,3136.1,51,2,3135.9,5,1,3135.8,79,5,3135.7,222,3,3136.3,183,8,3137.2,21,1,3137.4,47,3,3137.5,262,3,3137.6,316,4
2031,2026-06-16 12:49:39+05:30,3136.3,13,3130.18,2170796,134557.0,204450.0,3163.0,3163.0,3108.0,3134.3,31973000,3447.7,2820.9,3839.9,2896.0,3136.2,41,3,3136.1,51,2,3136.0,39,2,3135.9,21,1,3135.8,107,5,3136.3,16,1,3137.2,21,1,3137.3,13,1,3137.4,20,1,3137.5,62,2
2031,2026-06-16 12:49:40+05:30,3136.3,13,3130.18,2170796,134557.0,204450.0,3163.0,3163.0,3108.0,3134.3,31973000,3447.7,2820.9,3839.9,2896.0,3136.2,41,3,3136.1,51,2,3136.0,39,2,3135.9,21,1,3135.8,107,5,3136.3,16,1,3137.2,21,1,3137.3,13,1,3137.4,20,1,3137.5,62,2
2031,2026-06-16 12:49:40+05:30,3137.2,7,3130.18,2170819,135168.0,204008.0,3163.0,3163.0,3108.0,3134.3,31973000,3447.7,2820.9,3839.9,2896.0,3136.2,86,8,3136.1,70,4,3136.0,313,6,3135.9,32,4,3135.8,107,5,3137.2,14,1,3137.5,47,2,3137.6,278,3,3137.7,210,2,3137.8,82,2
2031,2026-06-16 12:49:41+05:30,3137.2,7,3130.18,2170819,135168.0,204008.0,3163.0,3163.0,3108.0,3134.3,31973000,3447.7,2820.9,3839.9,2896.0,3136.2,86,8,3136.1,70,4,3136.0,313,6,3135.9,32,4,3135.8,107,5,3137.2,14,1,3137.5,47,2,3137.6,278,3,3137.7,210,2,3137.8,82,2
2031,2026-06-16 12:49:41+05:30,3137.2,7,3130.18,2170819,135226.0,204569.0,3163.0,3163.0,3108.0,3134.3,31973000,3447.7,2820.9,3839.9,2896.0,3136.2,43,4,3136.1,49,3,3136.0,103,4,3135.9,27,3,3135.8,153,6,3137.0,50,1,3137.4,200,1,3137.5,247,3,3137.6,78,2,3137.7,494,5
2031,2026-06-16 12:49:42+05:30,3137.0,1,3130.18,2170820,135148.0,204096.0,3163.0,3163.0,3108.0,3134.3,31973000,3447.7,2820.9,3839.9,2896.0,3136.2,60,5,3136.1,70,4,3136.0,116,5,3135.9,6,2,3135.8,353,7,3137.0,49,1,3137.3,63,1,3137.5,35,1,3137.6,291,4,3137.7,248,3
2031,2026-06-16 12:49:43+05:30,3137.0,1,3130.18,2170820,135148.0,204096.0,3163.0,3163.0,3108.0,3134.3,31973000,3447.7,2820.9,3839.9,2896.0,3136.2,60,5,3136.1,70,4,3136.0,116,5,3135.9,6,2,3135.8,353,7,3137.0,49,1,3137.3,63,1,3137.5,35,1,3137.6,291,4,3137.7,248,3
2031,2026-06-16 12:49:44+05:30,3137.0,1,3130.18,2170820,135488.0,204122.0,3163.0,3163.0,3108.0,3134.3,31973000,3447.7,2820.9,3839.9,2896.0,3136.2,60,5,3136.1,70,4,3136.0,216,6,3135.9,6,2,3135.8,178,7,3137.0,138,3,3137.3,13,1,3137.5,35,1,3137.6,291,4,3137.7,248,3
2031,2026-06-16 12:49:45+05:30,3137.0,1,3130.18,2170820,135387.0,204582.0,3163.0,3163.0,3108.0,3134.3,31973000,3447.7,2820.9,3839.9,2896.0,3136.2,60,5,3136.1,49,3,3136.0,211,5,3135.9,6,2,3135.8,178,7,3137.0,138,3,3137.3,13,1,3137.4,13,1,3137.5,281,3,3137.6,278,3
2031,2026-06-16 12:49:46+05:30,3137.0,1,3130.18,2170831,135614.0,204172.0,3163.0,3163.0,3108.0,3134.3,31973000,3447.7,2820.9,3839.9,2896.0,3136.6,4,4,3136.5,200,1,3136.2,59,4,3136.1,73,4,3136.0,190,4,3137.0,131,3,3137.3,13,1,3137.5,70,2,3137.6,292,4,3137.7,248,3
2031,2026-06-16 12:49:46+05:30,3137.0,1,3130.18,2170831,135614.0,204172.0,3163.0,3163.0,3108.0,3134.3,31973000,3447.7,2820.9,3839.9,2896.0,3136.6,4,4,3136.5,200,1,3136.2,59,4,3136.1,73,4,3136.0,190,4,3137.0,131,3,3137.3,13,1,3137.5,70,2,3137.6,292,4,3137.7,248,3
2031,2026-06-16 12:49:47+05:30,3136.9,10,3130.18,2170841,135706.0,204106.0,3163.0,3163.0,3108.0,3134.3,31973000,3447.7,2820.9,3839.9,2896.0,3136.6,48,5,3136.5,200,1,3136.4,16,1,3136.2,42,3,3136.1,39,2,3136.9,36,1,3137.0,86,3,3137.2,31,1,3137.3,13,1,3137.4,77,2
2031,2026-06-16 12:49:47+05:30,3136.9,10,3130.18,2170841,135706.0,204106.0,3163.0,3163.0,3108.0,3134.3,31973000,3447.7,2820.9,3839.9,2896.0,3136.6,48,5,3136.5,200,1,3136.4,16,1,3136.2,42,3,3136.1,39,2,3136.9,36,1,3137.0,86,3,3137.2,31,1,3137.3,13,1,3137.4,77,2
2031,2026-06-16 12:49:48+05:30,3136.9,1,3130.18,2170842,135809.0,204143.0,3163.0,3163.0,3108.0,3134.3,31973000,3447.7,2820.9,3839.9,2896.0,3136.6,65,6,3136.5,200,1,3136.2,63,4,3136.1,52,3,3136.0,341,4,3136.9,35,1,3137.0,86,3,3137.4,42,1,3137.5,248,3,3137.6,290,3
2031,2026-06-16 12:49:48+05:30,3136.9,1,3130.18,2170842,135809.0,204143.0,3163.0,3163.0,3108.0,3134.3,31973000,3447.7,2820.9,3839.9,2896.0,3136.6,65,6,3136.5,200,1,3136.2,63,4,3136.1,52,3,3136.0,341,4,3136.9,35,1,3137.0,86,3,3137.4,42,1,3137.5,248,3,3137.6,290,3
2031,2026-06-16 12:49:49+05:30,3136.9,1,3130.18,2170883,135809.0,204132.0,3163.0,3163.0,3108.0,3134.3,31973000,3447.7,2820.9,3839.9,2896.0,3136.6,65,6,3136.5,200,1,3136.2,63,4,3136.1,252,4,3136.0,141,3,3136.9,40,1,3137.0,86,3,3137.4,42,1,3137.5,248,3,3137.6,290,3
2031,2026-06-16 12:49:49+05:30,3136.9,1,3130.18,2170883,135809.0,204132.0,3163.0,3163.0,3108.0,3134.3,31973000,3447.7,2820.9,3839.9,2896.0,3136.6,65,6,3136.5,200,1,3136.2,63,4,3136.1,252,4,3136.0,141,3,3136.9,40,1,3137.0,86,3,3137.4,42,1,3137.5,248,3,3137.6,290,3
2031,2026-06-16 12:49:50+05:30,3136.9,3,3130.18,2170926,136518.0,203945.0,3163.0,3163.0,3108.0,3134.3,31973000,3447.7,2820.9,3839.9,2896.0,3136.9,11,1,3136.6,48,5,3136.5,200,1,3136.2,56,4,3136.1,52,3,3137.0,86,3,3137.4,42,1,3137.5,35,1,3137.6,256,2,3137.7,272,3
2031,2026-06-16 12:49:50+05:30,3136.9,3,3130.18,2170926,136518.0,203945.0,3163.0,3163.0,3108.0,3134.3,31973000,3447.7,2820.9,3839.9,2896.0,3136.9,11,1,3136.6,48,5,3136.5,200,1,3136.2,56,4,3136.1,52,3,3137.0,86,3,3137.4,42,1,3137.5,35,1,3137.6,256,2,3137.7,272,3
2031,2026-06-16 12:49:51+05:30,3137.0,8,3130.18,2171024,137175.0,203763.0,3163.0,3163.0,3108.0,3134.3,31973000,3447.7,2820.9,3839.9,2896.0,3136.9,4,4,3136.8,320,1,3136.6,105,3,3136.5,222,3,3136.3,60,3,3137.5,35,1,3137.6,200,1,3137.7,200,1,3137.8,261,2,3137.9,400,2
2031,2026-06-16 12:49:51+05:30,3137.5,1,3130.18,2171024,137175.0,203763.0,3163.0,3163.0,3108.0,3134.3,31973000,3447.7,2820.9,3839.9,2896.0,3136.9,4,4,3136.8,320,1,3136.6,105,3,3136.5,222,3,3136.3,60,3,3137.5,35,1,3137.6,200,1,3137.7,200,1,3137.8,261,2,3137.9,400,2
2031,2026-06-16 12:49:52+05:30,3137.5,7,3130.18,2171048,137262.0,203359.0,3163.0,3163.0,3108.0,3134.3,31973000,3447.7,2820.9,3839.9,2896.0,3136.9,55,2,3136.8,362,3,3136.6,60,2,3136.5,456,6,3136.4,33,2,3137.5,26,1,3137.6,200,1,3137.7,200,1,3137.9,400,2,3138.0,521,11
2031,2026-06-16 12:49:52+05:30,3137.5,7,3130.18,2171048,137262.0,203359.0,3163.0,3163.0,3108.0,3134.3,31973000,3447.7,2820.9,3839.9,2896.0,3136.9,55,2,3136.8,362,3,3136.6,60,2,3136.5,456,6,3136.4,33,2,3137.5,26,1,3137.6,200,1,3137.7,200,1,3137.9,400,2,3138.0,521,11
2031,2026-06-16 12:49:53+05:30,3137.5,7,3130.18,2171048,137242.0,203632.0,3163.0,3163.0,3108.0,3134.3,31973000,3447.7,2820.9,3839.9,2896.0,3136.9,55,2,3136.8,362,3,3136.6,60,2,3136.5,235,4,3136.4,34,2,3137.5,44,2,3137.6,200,1,3137.7,200,1,3137.9,400,2,3138.0,521,11
2031,2026-06-16 12:49:54+05:30,3137.5,7,3130.18,2171048,137373.0,203739.0,3163.0,3163.0,3108.0,3134.3,31973000,3447.7,2820.9,3839.9,2896.0,3137.0,17,1,3136.9,39,1,3136.8,362,3,3136.6,104,3,3136.5,235,4,3137.5,89,4,3137.6,200,1,3137.7,200,1,3137.9,400,2,3138.0,521,11
2031,2026-06-16 12:49:54+05:30,3137.0,10,3130.18,2171048,137373.0,203739.0,3163.0,3163.0,3108.0,3134.3,31973000,3447.7,2820.9,3839.9,2896.0,3137.0,17,1,3136.9,39,1,3136.8,362,3,3136.6,104,3,3136.5,235,4,3137.5,89,4,3137.6,200,1,3137.7,200,1,3137.9,400,2,3138.0,521,11
2031,2026-06-16 12:49:55+05:30,3136.8,200,3130.18,2171464,135866.0,203801.0,3163.0,3163.0,3108.0,3134.3,31973000,3447.7,2820.9,3839.9,2896.0,3136.8,162,3,3136.6,78,3,3136.5,200,1,3136.3,7,1,3136.2,27,4,3136.9,159,1,3137.0,25,1,3137.4,31,1,3137.5,96,5,3137.6,42,1
2031,2026-06-16 12:49:55+05:30,3136.8,200,3130.18,2171464,135866.0,203801.0,3163.0,3163.0,3108.0,3134.3,31973000,3447.7,2820.9,3839.9,2896.0,3136.8,162,3,3136.6,78,3,3136.5,200,1,3136.3,7,1,3136.2,27,4,3136.9,159,1,3137.0,25,1,3137.4,31,1,3137.5,96,5,3137.6,42,1
2031,2026-06-16 12:49:56+05:30,3136.9,50,3130.18,2171523,135981.0,203821.0,3163.0,3163.0,3108.0,3134.3,31973000,3447.7,2820.9,3839.9,2896.0,3136.8,166,4,3136.6,78,3,3136.5,200,1,3136.3,51,2,3136.2,26,3,3136.9,118,2,3137.0,25,1,3137.5,78,4,3137.6,200,1,3137.7,81,2
2031,2026-06-16 12:49:56+05:30,3136.9,50,3130.18,2171523,135981.0,203821.0,3163.0,3163.0,3108.0,3134.3,31973000,3447.7,2820.9,3839.9,2896.0,3136.8,166,4,3136.6,78,3,3136.5,200,1,3136.3,51,2,3136.2,26,3,3136.9,118,2,3137.0,25,1,3137.5,78,4,3137.6,200,1,3137.7,81,2
2031,2026-06-16 12:49:57+05:30,3136.9,9,3130.18,2171533,136012.0,203898.0,3163.0,3163.0,3108.0,3134.3,31973000,3447.7,2820.9,3839.9,2896.0,3136.8,166,4,3136.6,78,3,3136.5,200,1,3136.3,51,2,3136.2,26,3,3136.9,149,4,3137.0,25,1,3137.3,26,1,3137.5,143,6,3137.6,200,1
2031,2026-06-16 12:49:57+05:30,3136.8,1,3130.18,2171533,136012.0,203898.0,3163.0,3163.0,3108.0,3134.3,31973000,3447.7,2820.9,3839.9,2896.0,3136.8,166,4,3136.6,78,3,3136.5,200,1,3136.3,51,2,3136.2,26,3,3136.9,149,4,3137.0,25,1,3137.3,26,1,3137.5,143,6,3137.6,200,1
2031,2026-06-16 12:49:58+05:30,3136.9,1,3130.18,2171677,135934.0,203528.0,3163.0,3163.0,3108.0,3134.3,31973000,3447.7,2820.9,3839.9,2896.0,3136.8,165,4,3136.6,60,2,3136.5,200,1,3136.2,5,2,3136.1,106,5,3136.9,6,1,3137.0,25,1,3137.1,16,1,3137.3,26,1,3137.4,34,1
2031,2026-06-16 12:49:58+05:30,3136.9,1,3130.18,2171677,135934.0,203528.0,3163.0,3163.0,3108.0,3134.3,31973000,3447.7,2820.9,3839.9,2896.0,3136.8,165,4,3136.6,60,2,3136.5,200,1,3136.2,5,2,3136.1,106,5,3136.9,6,1,3137.0,25,1,3137.1,16,1,3137.3,26,1,3137.4,34,1
2031,2026-06-16 12:49:59+05:30,3136.9,5,3130.18,2171683,136296.0,203584.0,3163.0,3163.0,3108.0,3134.3,31973000,3447.7,2820.9,3839.9,2896.0,3136.9,45,1,3136.8,165,4,3136.6,60,2,3136.5,200,1,3136.2,26,3,3137.0,25,1,3137.3,26,1,3137.4,34,1,3137.5,309,6,3137.6,234,2
2031,2026-06-16 12:49:59+05:30,3136.9,1,3130.18,2171683,136296.0,203584.0,3163.0,3163.0,3108.0,3134.3,31973000,3447.7,2820.9,3839.9,2896.0,3136.9,45,1,3136.8,165,4,3136.6,60,2,3136.5,200,1,3136.2,26,3,3137.0,25,1,3137.3,26,1,3137.4,34,1,3137.5,309,6,3137.6,234,2
2031,2026-06-16 12:50:00+05:30,3136.9,1,3130.18,2171684,137211.0,203568.0,3163.0,3163.0,3108.0,3134.3,31973000,3447.7,2820.9,3839.9,2896.0,3136.9,86,3,3136.8,165,4,3136.6,121,4,3136.5,219,3,3136.4,85,4,3137.0,25,1,3137.5,73,4,3137.6,200,1,3137.7,200,1,3137.8,47,1
2031,2026-06-16 12:50:01+05:30,3137.0,2,3130.18,2171688,137174.0,203485.0,3163.0,3163.0,3108.0,3134.3,31973000,3447.7,2820.9,3839.9,2896.0,3136.9,87,4,3136.8,165,4,3136.6,77,3,3136.5,219,3,3136.4,78,3,3137.0,22,2,3137.5,73,4,3137.6,200,1,3137.7,200,1,3137.9,650,4
2031,2026-06-16 12:50:01+05:30,3137.0,2,3130.18,2171688,137174.0,203485.0,3163.0,3163.0,3108.0,3134.3,31973000,3447.7,2820.9,3839.9,2896.0,3136.9,87,4,3136.8,165,4,3136.6,77,3,3136.5,219,3,3136.4,78,3,3137.0,22,2,3137.5,73,4,3137.6,200,1,3137.7,200,1,3137.9,650,4
2031,2026-06-16 12:50:02+05:30,3137.5,25,3130.18,2171775,136391.0,203622.0,3163.0,3163.0,3108.0,3134.3,31973000,3447.7,2820.9,3839.9,2896.0,3137.1,1,1,3137.0,78,1,3136.9,87,4,3136.8,163,3,3136.6,82,3,3137.2,1,1,3137.5,8,2,3137.6,231,2,3137.7,200,1,3137.8,75,2
2031,2026-06-16 12:50:02+05:30,3137.5,25,3130.18,2171775,136391.0,203622.0,3163.0,3163.0,3108.0,3134.3,31973000,3447.7,2820.9,3839.9,2896.0,3137.1,1,1,3137.0,78,1,3136.9,87,4,3136.8,163,3,3136.6,82,3,3137.2,1,1,3137.5,8,2,3137.6,231,2,3137.7,200,1,3137.8,75,2
2031,2026-06-16 12:50:03+05:30,3137.0,61,3130.19,2171875,136386.0,203477.0,3163.0,3163.0,3108.0,3134.3,31973000,3447.7,2820.9,3839.9,2896.0,3137.0,17,1,3136.9,105,6,3136.8,163,3,3136.6,44,1,3136.5,252,5,3137.2,1,1,3137.5,28,2,3137.6,200,1,3137.7,200,1,3137.8,80,2
2031,2026-06-16 12:50:03+05:30,3137.0,61,3130.19,2171875,136386.0,203477.0,3163.0,3163.0,3108.0,3134.3,31973000,3447.7,2820.9,3839.9,2896.0,3137.0,17,1,3136.9,105,6,3136.8,163,3,3136.6,44,1,3136.5,252,5,3137.2,1,1,3137.5,28,2,3137.6,200,1,3137.7,200,1,3137.8,80,2
2031,2026-06-16 12:50:04+05:30,3137.0,61,3130.19,2171875,136386.0,203479.0,3163.0,3163.0,3108.0,3134.3,31973000,3447.7,2820.9,3839.9,2896.0,3137.0,17,1,3136.9,105,6,3136.8,163,3,3136.6,44,1,3136.5,252,5,3137.2,1,1,3137.5,28,2,3137.6,200,1,3137.7,200,1,3137.8,80,2
2031,2026-06-16 12:50:05+05:30,3137.3,1,3130.19,2171875,136386.0,203479.0,3163.0,3163.0,3108.0,3134.3,31973000,3447.7,2820.9,3839.9,2896.0,3137.0,17,1,3136.9,105,6,3136.8,163,3,3136.6,44,1,3136.5,252,5,3137.2,1,1,3137.5,28,2,3137.6,200,1,3137.7,200,1,3137.8,80,2
2031,2026-06-16 12:50:05+05:30,3137.3,1,3130.19,2171978,136453.0,203494.0,3163.0,3163.0,3108.0,3134.3,31973000,3447.7,2820.9,3839.9,2896.0,3137.0,73,3,3136.9,88,5,3136.8,163,3,3136.7,13,1,3136.6,88,2,3137.3,5,1,3137.6,198,2,3137.7,200,1,3137.8,42,1,3137.9,688,5
2031,2026-06-16 12:50:05+05:30,3137.3,1,3130.19,2171978,136453.0,203494.0,3163.0,3163.0,3108.0,3134.3,31973000,3447.7,2820.9,3839.9,2896.0,3137.0,73,3,3136.9,88,5,3136.8,163,3,3136.7,13,1,3136.6,88,2,3137.3,5,1,3137.6,198,2,3137.7,200,1,3137.8,42,1,3137.9,688,5
2031,2026-06-16 12:50:06+05:30,3137.0,1,3130.19,2171978,136453.0,203494.0,3163.0,3163.0,3108.0,3134.3,31973000,3447.7,2820.9,3839.9,2896.0,3137.0,73,3,3136.9,88,5,3136.8,163,3,3136.7,13,1,3136.6,88,2,3137.3,5,1,3137.6,198,2,3137.7,200,1,3137.8,42,1,3137.9,688,5
2031,2026-06-16 12:50:06+05:30,3137.0,1,3130.19,2171979,136433.0,203618.0,3163.0,3163.0,3108.0,3134.3,31973000,3447.7,2820.9,3839.9,2896.0,3137.0,72,3,3136.9,88,5,3136.8,179,4,3136.6,88,2,3136.5,231,4,3137.3,224,4,3137.6,236,3,3137.7,200,1,3137.8,80,2,3137.9,697,5
2031,2026-06-16 12:50:07+05:30,3137.3,9,3130.19,2171979,136433.0,203618.0,3163.0,3163.0,3108.0,3134.3,31973000,3447.7,2820.9,3839.9,2896.0,3137.0,72,3,3136.9,88,5,3136.8,179,4,3136.6,88,2,3136.5,231,4,3137.3,224,4,3137.6,236,3,3137.7,200,1,3137.8,80,2,3137.9,697,5
2031,2026-06-16 12:50:07+05:30,3137.3,9,3130.19,2171993,136533.0,203680.0,3163.0,3163.0,3108.0,3134.3,31973000,3447.7,2820.9,3839.9,2896.0,3137.0,122,4,3136.9,88,5,3136.8,179,4,3136.6,106,3,3136.5,231,4,3137.3,222,4,3137.6,198,2,3137.7,200,1,3137.8,42,1,3137.9,736,7
2031,2026-06-16 12:50:07+05:30,3137.3,9,3130.19,2171993,136533.0,203680.0,3163.0,3163.0,3108.0,3134.3,31973000,3447.7,2820.9,3839.9,2896.0,3137.0,122,4,3136.9,88,5,3136.8,179,4,3136.6,106,3,3136.5,231,4,3137.3,222,4,3137.6,198,2,3137.7,200,1,3137.8,42,1,3137.9,736,7
2031,2026-06-16 12:50:08+05:30,3137.3,9,3130.19,2171993,136529.0,203683.0,3163.0,3163.0,3108.0,3134.3,31973000,3447.7,2820.9,3839.9,2896.0,3137.0,122,4,3136.9,88,5,3136.8,179,4,3136.6,101,3,3136.5,231,4,3137.3,222,4,3137.6,198,2,3137.7,200,1,3137.8,42,1,3137.9,651,5
2031,2026-06-16 12:50:09+05:30,3137.3,3,3130.19,2171993,136529.0,203683.0,3163.0,3163.0,3108.0,3134.3,31973000,3447.7,2820.9,3839.9,2896.0,3137.0,122,4,3136.9,88,5,3136.8,179,4,3136.6,101,3,3136.5,231,4,3137.3,222,4,3137.6,198,2,3137.7,200,1,3137.8,42,1,3137.9,651,5
2031,2026-06-16 12:50:09+05:30,3137.3,3,3130.19,2172236,136404.0,203524.0,3163.0,3163.0,3108.0,3134.3,31973000,3447.7,2820.9,3839.9,2896.0,3137.0,37,2,3136.9,88,5,3136.8,179,4,3136.6,88,2,3136.5,231,4,3137.3,22,1,3137.4,21,1,3137.6,197,2,3137.7,200,1,3137.8,42,1
2031,2026-06-16 12:50:09+05:30,3137.3,3,3130.19,2172236,136404.0,203524.0,3163.0,3163.0,3108.0,3134.3,31973000,3447.7,2820.9,3839.9,2896.0,3137.0,37,2,3136.9,88,5,3136.8,179,4,3136.6,88,2,3136.5,231,4,3137.3,22,1,3137.4,21,1,3137.6,197,2,3137.7,200,1,3137.8,42,1
2031,2026-06-16 12:50:10+05:30,3136.8,7,3130.19,2172236,136404.0,203524.0,3163.0,3163.0,3108.0,3134.3,31973000,3447.7,2820.9,3839.9,2896.0,3137.0,37,2,3136.9,88,5,3136.8,179,4,3136.6,88,2,3136.5,231,4,3137.3,22,1,3137.4,21,1,3137.6,197,2,3137.7,200,1,3137.8,42,1
2031,2026-06-16 12:50:10+05:30,3136.8,7,3130.21,2177309,134206.0,202943.0,3163.0,3163.0,3108.0,3134.3,31973000,3447.7,2820.9,3839.9,2896.0,3136.8,13,2,3136.6,44,1,3136.5,200,1,3136.1,383,15,3136.0,153,3,3136.9,97,1,3137.4,200,1,3137.6,438,3,3137.7,49,1,3137.8,285,3
2031,2026-06-16 12:50:11+05:30,3136.6,100,3130.21,2177309,134206.0,202943.0,3163.0,3163.0,3108.0,3134.3,31973000,3447.7,2820.9,3839.9,2896.0,3136.8,13,2,3136.6,44,1,3136.5,200,1,3136.1,383,15,3136.0,153,3,3136.9,97,1,3137.4,200,1,3137.6,438,3,3137.7,49,1,3137.8,285,3
2031,2026-06-16 12:50:11+05:30,3136.6,100,3130.21,2177790,132901.0,205108.0,3163.0,3163.0,3108.0,3134.3,31973000,3447.7,2820.9,3839.9,2896.0,3136.0,153,3,3135.9,12,1,3135.8,58,2,3135.7,47,3,3135.6,47,3,3136.6,16,1,3136.9,40,1,3137.0,24,1,3137.2,53,2,3137.3,298,7
2031,2026-06-16 12:50:11+05:30,3136.6,100,3130.21,2177790,132901.0,205108.0,3163.0,3163.0,3108.0,3134.3,31973000,3447.7,2820.9,3839.9,2896.0,3136.0,153,3,3135.9,12,1,3135.8,58,2,3135.7,47,3,3135.6,47,3,3136.6,16,1,3136.9,40,1,3137.0,24,1,3137.2,53,2,3137.3,298,7
2031,2026-06-16 12:50:12+05:30,3136.2,137,3130.21,2177790,132901.0,205108.0,3163.0,3163.0,3108.0,3134.3,31973000,3447.7,2820.9,3839.9,2896.0,3136.0,153,3,3135.9,12,1,3135.8,58,2,3135.7,47,3,3135.6,47,3,3136.6,16,1,3136.9,40,1,3137.0,24,1,3137.2,53,2,3137.3,298,7
2031,2026-06-16 12:50:12+05:30,3136.2,137,3130.21,2178414,133451.0,204574.0,3163.0,3163.0,3108.0,3134.3,31973000,3447.7,2820.9,3839.9,2896.0,3136.1,112,7,3136.0,401,8,3135.9,50,4,3135.8,78,3,3135.7,305,5,3137.4,400,2,3137.5,103,4,3137.6,259,3,3137.7,200,1,3137.8,421,3
2031,2026-06-16 12:50:13+05:30,3137.4,1,3130.21,2178414,133451.0,204574.0,3163.0,3163.0,3108.0,3134.3,31973000,3447.7,2820.9,3839.9,2896.0,3136.1,112,7,3136.0,401,8,3135.9,50,4,3135.8,78,3,3135.7,305,5,3137.4,400,2,3137.5,103,4,3137.6,259,3,3137.7,200,1,3137.8,421,3
2031,2026-06-16 12:50:13+05:30,3137.4,1,3130.21,2178414,133451.0,204574.0,3163.0,3163.0,3108.0,3134.3,31973000,3447.7,2820.9,3839.9,2896.0,3136.1,112,7,3136.0,401,8,3135.9,50,4,3135.8,78,3,3135.7,305,5,3137.4,400,2,3137.5,103,4,3137.6,259,3,3137.7,200,1,3137.8,421,3
2031,2026-06-16 12:50:13+05:30,3137.4,1,3130.21,2178415,133984.0,204625.0,3163.0,3163.0,3108.0,3134.3,31973000,3447.7,2820.9,3839.9,2896.0,3136.1,292,8,3136.0,372,7,3135.9,64,5,3135.8,88,4,3135.7,290,4,3137.4,456,4,3137.5,46,2,3137.6,478,4,3137.7,200,1,3137.8,259,3
2031,2026-06-16 12:50:14+05:30,3136.1,138,3130.21,2178415,133984.0,204625.0,3163.0,3163.0,3108.0,3134.3,31973000,3447.7,2820.9,3839.9,2896.0,3136.1,292,8,3136.0,372,7,3135.9,64,5,3135.8,88,4,3135.7,290,4,3137.4,456,4,3137.5,46,2,3137.6,478,4,3137.7,200,1,3137.8,259,3
2031,2026-06-16 12:50:14+05:30,3137.2,30,3130.21,2178844,133761.0,204685.0,3163.0,3163.0,3108.0,3134.3,31973000,3447.7,2820.9,3839.9,2896.0,3136.1,51,2,3136.0,307,4,3135.9,30,2,3135.8,73,6,3135.7,90,3,3137.2,170,1,3137.3,49,1,3137.4,201,2,3137.5,268,4,3137.6,248,3
2031,2026-06-16 12:50:14+05:30,3137.2,30,3130.21,2178844,133761.0,204685.0,3163.0,3163.0,3108.0,3134.3,31973000,3447.7,2820.9,3839.9,2896.0,3136.1,51,2,3136.0,307,4,3135.9,30,2,3135.8,73,6,3135.7,90,3,3137.2,170,1,3137.3,49,1,3137.4,201,2,3137.5,268,4,3137.6,248,3
2031,2026-06-16 12:50:15+05:30,3137.2,1,3130.21,2178844,133761.0,204685.0,3163.0,3163.0,3108.0,3134.3,31973000,3447.7,2820.9,3839.9,2896.0,3136.1,51,2,3136.0,307,4,3135.9,30,2,3135.8,73,6,3135.7,90,3,3137.2,170,1,3137.3,49,1,3137.4,201,2,3137.5,268,4,3137.6,248,3
2031,2026-06-16 12:50:15+05:30,3137.2,1,3130.21,2178845,134009.0,204691.0,3163.0,3163.0,3108.0,3134.3,31973000,3447.7,2820.9,3839.9,2896.0,3136.1,55,4,3136.0,325,5,3135.9,30,2,3135.8,117,7,3135.7,96,4,3137.2,210,2,3137.3,49,1,3137.4,201,2,3137.5,329,5,3137.6,248,3
2031,2026-06-16 12:50:16+05:30,3137.2,1,3130.21,2178845,134009.0,204691.0,3163.0,3163.0,3108.0,3134.3,31973000,3447.7,2820.9,3839.9,2896.0,3136.1,55,4,3136.0,325,5,3135.9,30,2,3135.8,117,7,3135.7,96,4,3137.2,210,2,3137.3,49,1,3137.4,201,2,3137.5,329,5,3137.6,248,3
2031,2026-06-16 12:50:16+05:30,3137.2,1,3130.21,2178845,134056.0,204663.0,3163.0,3163.0,3108.0,3134.3,31973000,3447.7,2820.9,3839.9,2896.0,3136.7,2,2,3136.1,55,4,3136.0,325,5,3135.9,50,3,3135.8,114,7,3137.2,210,2,3137.4,201,2,3137.5,291,4,3137.6,257,3,3137.7,753,6
2031,2026-06-16 12:50:16+05:30,3137.2,1,3130.21,2178845,134056.0,204663.0,3163.0,3163.0,3108.0,3134.3,31973000,3447.7,2820.9,3839.9,2896.0,3136.7,2,2,3136.1,55,4,3136.0,325,5,3135.9,50,3,3135.8,114,7,3137.2,210,2,3137.4,201,2,3137.5,291,4,3137.6,257,3,3137.7,753,6
2031,2026-06-16 12:50:17+05:30,3137.2,1,3130.21,2178845,134004.0,204664.0,3163.0,3163.0,3108.0,3134.3,31973000,3447.7,2820.9,3839.9,2896.0,3136.7,44,3,3136.1,13,3,3136.0,171,4,3135.9,50,3,3135.8,114,7,3137.2,210,2,3137.4,1,1,3137.5,291,4,3137.6,457,4,3137.7,353,4
2031,2026-06-16 12:50:17+05:30,3137.2,1,3130.21,2178845,134004.0,204664.0,3163.0,3163.0,3108.0,3134.3,31973000,3447.7,2820.9,3839.9,2896.0,3136.7,44,3,3136.1,13,3,3136.0,171,4,3135.9,50,3,3135.8,114,7,3137.2,210,2,3137.4,1,1,3137.5,291,4,3137.6,457,4,3137.7,353,4
2031,2026-06-16 12:50:18+05:30,3136.7,1,3130.21,2178845,134004.0,204664.0,3163.0,3163.0,3108.0,3134.3,31973000,3447.7,2820.9,3839.9,2896.0,3136.7,44,3,3136.1,13,3,3136.0,171,4,3135.9,50,3,3135.8,114,7,3137.2,210,2,3137.4,1,1,3137.5,291,4,3137.6,457,4,3137.7,353,4
2031,2026-06-16 12:50:18+05:30,3136.7,1,3130.21,2178925,133857.0,204811.0,3163.0,3163.0,3108.0,3134.3,31973000,3447.7,2820.9,3839.9,2896.0,3136.7,1,1,3136.1,4,2,3136.0,171,4,3135.9,20,1,3135.8,2,1,3137.2,324,8,3137.3,2,1,3137.4,200,7,3137.5,354,5,3137.6,400,2
2031,2026-06-16 12:50:18+05:30,3136.7,1,3130.21,2178925,133857.0,204811.0,3163.0,3163.0,3108.0,3134.3,31973000,3447.7,2820.9,3839.9,2896.0,3136.7,1,1,3136.1,4,2,3136.0,171,4,3135.9,20,1,3135.8,2,1,3137.2,324,8,3137.3,2,1,3137.4,200,7,3137.5,354,5,3137.6,400,2
2031,2026-06-16 12:50:19+05:30,3136.6,18,3130.21,2179143,132939.0,205263.0,3163.0,3163.0,3108.0,3134.3,31973000,3447.7,2820.9,3839.9,2896.0,3136.6,18,1,3135.7,21,1,3135.6,80,6,3135.5,79,3,3135.4,40,3,3136.8,135,1,3137.0,34,2,3137.1,34,1,3137.2,138,4,3137.3,91,5
2031,2026-06-16 12:50:19+05:30,3136.6,18,3130.21,2179143,132939.0,205263.0,3163.0,3163.0,3108.0,3134.3,31973000,3447.7,2820.9,3839.9,2896.0,3136.6,18,1,3135.7,21,1,3135.6,80,6,3135.5,79,3,3135.4,40,3,3136.8,135,1,3137.0,34,2,3137.1,34,1,3137.2,138,4,3137.3,91,5
2031,2026-06-16 12:50:19+05:30,3136.6,18,3130.21,2179143,132939.0,205263.0,3163.0,3163.0,3108.0,3134.3,31973000,3447.7,2820.9,3839.9,2896.0,3136.6,18,1,3135.7,21,1,3135.6,80,6,3135.5,79,3,3135.4,40,3,3136.8,135,1,3137.0,34,2,3137.1,34,1,3137.2,138,4,3137.3,91,5
2031,2026-06-16 12:50:20+05:30,3136.6,18,3130.21,2179143,132985.0,205344.0,3163.0,3163.0,3108.0,3134.3,31973000,3447.7,2820.9,3839.9,2896.0,3136.6,1,1,3135.7,21,1,3135.6,47,6,3135.5,79,3,3135.4,40,3,3136.8,160,2,3137.0,34,2,3137.1,61,2,3137.2,113,3,3137.3,329,7
2031,2026-06-16 12:50:20+05:30,3136.6,18,3130.21,2179143,132985.0,205344.0,3163.0,3163.0,3108.0,3134.3,31973000,3447.7,2820.9,3839.9,2896.0,3136.6,1,1,3135.7,21,1,3135.6,47,6,3135.5,79,3,3135.4,40,3,3136.8,160,2,3137.0,34,2,3137.1,61,2,3137.2,113,3,3137.3,329,7
2031,2026-06-16 12:50:21+05:30,3136.6,18,3130.21,2179143,132985.0,205344.0,3163.0,3163.0,3108.0,3134.3,31973000,3447.7,2820.9,3839.9,2896.0,3136.6,1,1,3135.7,21,1,3135.6,47,6,3135.5,79,3,3135.4,40,3,3136.8,160,2,3137.0,34,2,3137.1,61,2,3137.2,113,3,3137.3,329,7
2031,2026-06-16 12:50:21+05:30,3136.6,40,3130.21,2179283,132745.0,205507.0,3163.0,3163.0,3108.0,3134.3,31973000,3447.7,2820.9,3839.9,2896.0,3135.6,30,3,3135.5,42,2,3135.4,14,1,3135.3,66,3,3135.2,210,6,3136.6,135,1,3136.7,14,2,3136.8,25,1,3136.9,10,1,3137.0,83,3
2031,2026-06-16 12:50:21+05:30,3136.6,40,3130.21,2179283,132745.0,205507.0,3163.0,3163.0,3108.0,3134.3,31973000,3447.7,2820.9,3839.9,2896.0,3135.6,30,3,3135.5,42,2,3135.4,14,1,3135.3,66,3,3135.2,210,6,3136.6,135,1,3136.7,14,2,3136.8,25,1,3136.9,10,1,3137.0,83,3
2031,2026-06-16 12:50:21+05:30,3136.6,40,3130.21,2179283,132745.0,205507.0,3163.0,3163.0,3108.0,3134.3,31973000,3447.7,2820.9,3839.9,2896.0,3135.6,30,3,3135.5,42,2,3135.4,14,1,3135.3,66,3,3135.2,210,6,3136.6,135,1,3136.7,14,2,3136.8,25,1,3136.9,10,1,3137.0,83,3
2031,2026-06-16 12:50:22+05:30,3136.6,40,3130.21,2179283,132790.0,205318.0,3163.0,3163.0,3108.0,3134.3,31973000,3447.7,2820.9,3839.9,2896.0,3135.7,17,1,3135.6,14,2,3135.5,42,2,3135.4,35,2,3135.3,45,2,3136.6,160,2,3136.7,2,1,3136.9,10,1,3137.0,83,3,3137.1,299,4
2031,2026-06-16 12:50:22+05:30,3136.6,40,3130.21,2179283,132790.0,205318.0,3163.0,3163.0,3108.0,3134.3,31973000,3447.7,2820.9,3839.9,2896.0,3135.7,17,1,3135.6,14,2,3135.5,42,2,3135.4,35,2,3135.3,45,2,3136.6,160,2,3136.7,2,1,3136.9,10,1,3137.0,83,3,3137.1,299,4
2031,2026-06-16 12:50:23+05:30,3136.6,1,3130.21,2179284,132661.0,205197.0,3163.0,3163.0,3108.0,3134.3,31973000,3447.7,2820.9,3839.9,2896.0,3135.7,17,1,3135.6,26,3,3135.5,81,4,3135.4,49,3,3135.3,45,2,3136.6,159,2,3137.0,83,3,3137.1,234,2,3137.2,304,5,3137.3,81,3
2031,2026-06-16 12:50:23+05:30,3136.6,1,3130.21,2179284,132661.0,205197.0,3163.0,3163.0,3108.0,3134.3,31973000,3447.7,2820.9,3839.9,2896.0,3135.7,17,1,3135.6,26,3,3135.5,81,4,3135.4,49,3,3135.3,45,2,3136.6,159,2,3137.0,83,3,3137.1,234,2,3137.2,304,5,3137.3,81,3
2031,2026-06-16 12:50:23+05:30,3136.6,1,3130.21,2179284,132661.0,205197.0,3163.0,3163.0,3108.0,3134.3,31973000,3447.7,2820.9,3839.9,2896.0,3135.7,17,1,3135.6,26,3,3135.5,81,4,3135.4,49,3,3135.3,45,2,3136.6,159,2,3137.0,83,3,3137.1,234,2,3137.2,304,5,3137.3,81,3
2031,2026-06-16 12:50:24+05:30,3136.6,1,3130.21,2179284,132661.0,205422.0,3163.0,3163.0,3108.0,3134.3,31973000,3447.7,2820.9,3839.9,2896.0,3135.7,17,1,3135.6,26,3,3135.5,81,4,3135.4,49,3,3135.3,45,2,3136.6,159,2,3137.0,83,3,3137.1,34,1,3137.2,304,5,3137.3,281,4
2031,2026-06-16 12:50:24+05:30,3136.6,1,3130.21,2179284,132661.0,205422.0,3163.0,3163.0,3108.0,3134.3,31987200,3447.7,2820.9,3839.9,2896.0,3135.7,17,1,3135.6,26,3,3135.5,81,4,3135.4,49,3,3135.3,45,2,3136.6,159,2,3137.0,83,3,3137.1,34,1,3137.2,304,5,3137.3,281,4
2031,2026-06-16 12:50:25+05:30,3135.5,1,3130.21,2179284,132661.0,205422.0,3163.0,3163.0,3108.0,3134.3,31987200,3447.7,2820.9,3839.9,2896.0,3135.7,17,1,3135.6,26,3,3135.5,81,4,3135.4,49,3,3135.3,45,2,3136.6,159,2,3137.0,83,3,3137.1,34,1,3137.2,304,5,3137.3,281,4
2031,2026-06-16 12:50:25+05:30,3135.5,1,3130.21,2179608,130022.0,206681.0,3163.0,3163.0,3108.0,3134.3,31987200,3447.7,2820.9,3839.9,2896.0,3135.4,14,1,3135.3,1,1,3135.2,16,3,3135.0,224,6,3134.8,84,4,3135.5,199,1,3135.6,52,1,3136.5,6,1,3136.6,47,4,3136.7,38,1
2031,2026-06-16 12:50:26+05:30,3135.5,22,3130.21,2179608,130022.0,206681.0,3163.0,3163.0,3108.0,3134.3,31987200,3447.7,2820.9,3839.9,2896.0,3135.4,14,1,3135.3,1,1,3135.2,16,3,3135.0,224,6,3134.8,84,4,3135.5,199,1,3135.6,52,1,3136.5,6,1,3136.6,47,4,3136.7,38,1
2031,2026-06-16 12:50:26+05:30,3135.5,22,3130.21,2179640,130437.0,206715.0,3163.0,3163.0,3108.0,3134.3,31987200,3447.7,2820.9,3839.9,2896.0,3135.4,12,1,3135.3,1,1,3135.2,3,2,3135.0,256,6,3134.8,101,6,3135.5,195,3,3135.6,52,1,3136.5,67,3,3136.6,226,4,3136.7,38,1
2031,2026-06-16 12:50:27+05:30,3135.5,23,3130.21,2179640,130437.0,206715.0,3163.0,3163.0,3108.0,3134.3,31987200,3447.7,2820.9,3839.9,2896.0,3135.4,12,1,3135.3,1,1,3135.2,3,2,3135.0,256,6,3134.8,101,6,3135.5,195,3,3135.6,52,1,3136.5,67,3,3136.6,226,4,3136.7,38,1
2031,2026-06-16 12:50:27+05:30,3135.5,23,3130.21,2179663,130452.0,206407.0,3163.0,3163.0,3108.0,3134.3,31987200,3447.7,2820.9,3839.9,2896.0,3135.4,12,1,3135.3,1,1,3135.2,3,2,3135.0,256,6,3134.9,13,1,3135.5,172,3,3135.6,52,1,3136.5,20,2,3136.6,226,4,3136.7,38,1
2031,2026-06-16 12:50:28+05:30,3135.4,7,3130.21,2179663,130452.0,206407.0,3163.0,3163.0,3108.0,3134.3,31987200,3447.7,2820.9,3839.9,2896.0,3135.4,12,1,3135.3,1,1,3135.2,3,2,3135.0,256,6,3134.9,13,1,3135.5,172,3,3135.6,52,1,3136.5,20,2,3136.6,226,4,3136.7,38,1
2031,2026-06-16 12:50:28+05:30,3135.4,7,3130.21,2180179,131707.0,205417.0,3163.0,3163.0,3108.0,3134.3,31987200,3447.7,2820.9,3839.9,2896.0,3135.5,93,2,3135.4,17,2,3135.3,72,5,3135.2,23,5,3135.1,234,5,3136.7,29,1,3136.8,118,3,3136.9,69,2,3137.0,147,3,3137.1,248,2
2031,2026-06-16 12:50:29+05:30,3135.5,41,3130.21,2180179,131707.0,205417.0,3163.0,3163.0,3108.0,3134.3,31987200,3447.7,2820.9,3839.9,2896.0,3135.5,93,2,3135.4,17,2,3135.3,72,5,3135.2,23,5,3135.1,234,5,3136.7,29,1,3136.8,118,3,3136.9,69,2,3137.0,147,3,3137.1,248,2
2031,2026-06-16 12:50:29+05:30,3135.5,41,3130.21,2180221,130891.0,205656.0,3163.0,3163.0,3108.0,3134.3,31987200,3447.7,2820.9,3839.9,2896.0,3135.4,14,1,3135.3,30,3,3135.2,43,7,3135.1,54,2,3135.0,358,13,3135.5,1,1,3136.6,70,3,3136.7,49,2,3136.8,139,3,3136.9,69,2
2031,2026-06-16 12:50:30+05:30,3135.5,41,3130.21,2180221,131024.0,205668.0,3163.0,3163.0,3108.0,3134.3,31987200,3447.7,2820.9,3839.9,2896.0,3135.4,97,7,3135.3,19,3,3135.2,39,7,3135.1,59,3,3135.0,360,14,3135.5,2,2,3136.6,60,2,3136.7,49,2,3136.8,20,1,3136.9,69,2
2031,2026-06-16 12:50:31+05:30,3136.7,1,3130.21,2180221,131024.0,205668.0,3163.0,3163.0,3108.0,3134.3,31987200,3447.7,2820.9,3839.9,2896.0,3135.4,97,7,3135.3,19,3,3135.2,39,7,3135.1,59,3,3135.0,360,14,3135.5,2,2,3136.6,60,2,3136.7,49,2,3136.8,20,1,3136.9,69,2
2031,2026-06-16 12:50:31+05:30,3136.7,1,3130.21,2180238,132092.0,205190.0,3163.0,3163.0,3108.0,3134.3,31987200,3447.7,2820.9,3839.9,2896.0,3135.5,24,5,3135.4,130,7,3135.3,70,4,3135.2,40,6,3135.1,243,5,3136.7,15,1,3136.9,69,2,3137.0,347,4,3137.1,200,1,3137.2,123,3
2031,2026-06-16 12:50:32+05:30,3136.7,11,3130.21,2180238,132092.0,205190.0,3163.0,3163.0,3108.0,3134.3,31987200,3447.7,2820.9,3839.9,2896.0,3135.5,24,5,3135.4,130,7,3135.3,70,4,3135.2,40,6,3135.1,243,5,3136.7,15,1,3136.9,69,2,3137.0,347,4,3137.1,200,1,3137.2,123,3
2031,2026-06-16 12:50:32+05:30,3136.7,11,3130.21,2180249,132168.0,205357.0,3163.0,3163.0,3108.0,3134.3,31987200,3447.7,2820.9,3839.9,2896.0,3135.5,67,6,3135.4,116,6,3135.3,70,4,3135.2,40,6,3135.1,243,5,3136.7,14,2,3136.9,69,2,3137.0,347,4,3137.1,200,1,3137.2,123,3
2031,2026-06-16 12:50:33+05:30,3135.5,17,3130.21,2180249,132168.0,205357.0,3163.0,3163.0,3108.0,3134.3,31987200,3447.7,2820.9,3839.9,2896.0,3135.5,67,6,3135.4,116,6,3135.3,70,4,3135.2,40,6,3135.1,243,5,3136.7,14,2,3136.9,69,2,3137.0,347,4,3137.1,200,1,3137.2,123,3
2031,2026-06-16 12:50:33+05:30,3135.5,17,3130.21,2180290,131881.0,205679.0,3163.0,3163.0,3108.0,3134.3,31987200,3447.7,2820.9,3839.9,2896.0,3135.5,42,2,3135.4,63,4,3135.3,21,2,3135.2,17,4,3135.1,219,4,3136.7,60,4,3136.8,106,4,3136.9,123,4,3137.0,239,3,3137.1,200,1
2031,2026-06-16 12:50:34+05:30,3136.7,9,3130.21,2180290,131881.0,205679.0,3163.0,3163.0,3108.0,3134.3,31987200,3447.7,2820.9,3839.9,2896.0,3135.5,42,2,3135.4,63,4,3135.3,21,2,3135.2,17,4,3135.1,219,4,3136.7,60,4,3136.8,106,4,3136.9,123,4,3137.0,239,3,3137.1,200,1
2031,2026-06-16 12:50:34+05:30,3136.7,9,3130.21,2180341,131749.0,205628.0,3163.0,3163.0,3108.0,3134.3,31987200,3447.7,2820.9,3839.9,2896.0,3135.5,42,2,3135.4,95,5,3135.3,57,4,3135.2,30,5,3135.1,192,3,3136.7,45,3,3136.8,19,2,3136.9,115,3,3137.0,261,4,3137.1,200,1
2031,2026-06-16 12:50:35+05:30,3136.7,1,3130.21,2180341,131749.0,205628.0,3163.0,3163.0,3108.0,3134.3,31987200,3447.7,2820.9,3839.9,2896.0,3135.5,42,2,3135.4,95,5,3135.3,57,4,3135.2,30,5,3135.1,192,3,3136.7,45,3,3136.8,19,2,3136.9,115,3,3137.0,261,4,3137.1,200,1
2031,2026-06-16 12:50:35+05:30,3136.7,1,3130.21,2180342,131931.0,205617.0,3163.0,3163.0,3108.0,3134.3,31987200,3447.7,2820.9,3839.9,2896.0,3135.6,14,1,3135.5,26,1,3135.4,95,5,3135.3,57,4,3135.2,30,5,3136.7,44,3,3136.8,19,2,3136.9,115,3,3137.0,239,3,3137.1,200,1
2031,2026-06-16 12:50:36+05:30,3136.7,1,3130.21,2180342,131991.0,205866.0,3163.0,3163.0,3108.0,3134.3,31987200,3447.7,2820.9,3839.9,2896.0,3135.7,15,1,3135.6,57,2,3135.5,26,1,3135.4,63,4,3135.3,86,5,3136.7,44,3,3136.8,9,1,3136.9,176,5,3137.0,201,2,3137.1,200,1
2031,2026-06-16 12:50:37+05:30,3136.7,1,3130.21,2180342,131991.0,205866.0,3163.0,3163.0,3108.0,3134.3,31987200,3447.7,2820.9,3839.9,2896.0,3135.7,15,1,3135.6,57,2,3135.5,26,1,3135.4,63,4,3135.3,86,5,3136.7,44,3,3136.8,9,1,3136.9,176,5,3137.0,201,2,3137.1,200,1
2031,2026-06-16 12:50:37+05:30,3136.7,1,3130.21,2180343,132726.0,205881.0,3163.0,3163.0,3108.0,3134.3,31987200,3447.7,2820.9,3839.9,2896.0,3136.0,16,1,3135.6,40,1,3135.5,65,3,3135.4,125,6,3135.3,65,4,3136.7,43,3,3136.8,9,1,3136.9,130,4,3137.0,201,2,3137.1,200,1
2031,2026-06-16 12:50:38+05:30,3136.7,1,3130.21,2180343,132726.0,205881.0,3163.0,3163.0,3108.0,3134.3,31987200,3447.7,2820.9,3839.9,2896.0,3136.0,16,1,3135.6,40,1,3135.5,65,3,3135.4,125,6,3135.3,65,4,3136.7,43,3,3136.8,9,1,3136.9,130,4,3137.0,201,2,3137.1,200,1
2031,2026-06-16 12:50:38+05:30,3136.7,1,3130.21,2180344,132352.0,205540.0,3163.0,3163.0,3108.0,3134.3,31987200,3447.7,2820.9,3839.9,2896.0,3136.0,55,2,3135.6,57,2,3135.5,49,2,3135.4,85,6,3135.3,65,4,3136.7,42,3,3136.8,9,1,3136.9,81,3,3137.0,201,2,3137.1,245,2
2031,2026-06-16 12:50:39+05:30,3136.7,1,3130.21,2180344,132352.0,205540.0,3163.0,3163.0,3108.0,3134.3,31987200,3447.7,2820.9,3839.9,2896.0,3136.0,55,2,3135.6,57,2,3135.5,49,2,3135.4,85,6,3135.3,65,4,3136.7,42,3,3136.8,9,1,3136.9,81,3,3137.0,201,2,3137.1,245,2
2031,2026-06-16 12:50:39+05:30,3136.7,1,3130.21,2180347,133042.0,205648.0,3163.0,3163.0,3108.0,3134.3,31987200,3447.7,2820.9,3839.9,2896.0,3136.2,17,1,3136.0,39,1,3135.6,57,2,3135.5,70,3,3135.4,85,6,3136.7,41,3,3136.8,9,1,3136.9,81,3,3137.0,200,1,3137.1,283,3
2031,2026-06-16 12:50:40+05:30,3136.0,2,3130.21,2180347,133042.0,205648.0,3163.0,3163.0,3108.0,3134.3,31987200,3447.7,2820.9,3839.9,2896.0,3136.2,17,1,3136.0,39,1,3135.6,57,2,3135.5,70,3,3135.4,85,6,3136.7,41,3,3136.8,9,1,3136.9,81,3,3137.0,200,1,3137.1,283,3
2031,2026-06-16 12:50:40+05:30,3136.3,8,3130.21,2180555,132215.0,206590.0,3163.0,3163.0,3108.0,3134.3,31987200,3447.7,2820.9,3839.9,2896.0,3135.7,18,1,3135.4,10,1,3135.3,1,1,3135.2,3,2,3135.1,61,4,3136.3,192,1,3136.5,48,2,3136.6,10,1,3136.7,41,3,3136.8,164,6
2031,2026-06-16 12:50:41+05:30,3136.3,8,3130.21,2180555,132215.0,206590.0,3163.0,3163.0,3108.0,3134.3,31987200,3447.7,2820.9,3839.9,2896.0,3135.7,18,1,3135.4,10,1,3135.3,1,1,3135.2,3,2,3135.1,61,4,3136.3,192,1,3136.5,48,2,3136.6,10,1,3136.7,41,3,3136.8,164,6
2031,2026-06-16 12:50:41+05:30,3136.3,8,3130.21,2180555,132230.0,206654.0,3163.0,3163.0,3108.0,3134.3,31987200,3447.7,2820.9,3839.9,2896.0,3135.6,17,1,3135.4,10,1,3135.3,1,1,3135.2,3,2,3135.1,34,2,3136.3,217,2,3136.5,48,2,3136.6,54,2,3136.7,227,3,3136.8,341,7
2031,2026-06-16 12:50:42+05:30,3136.3,50,3130.21,2180555,132230.0,206654.0,3163.0,3163.0,3108.0,3134.3,31987200,3447.7,2820.9,3839.9,2896.0,3135.6,17,1,3135.4,10,1,3135.3,1,1,3135.2,3,2,3135.1,34,2,3136.3,217,2,3136.5,48,2,3136.6,54,2,3136.7,227,3,3136.8,341,7
2031,2026-06-16 12:50:42+05:30,3136.3,50,3130.21,2180605,132257.0,206579.0,3163.0,3163.0,3108.0,3134.3,31987200,3447.7,2820.9,3839.9,2896.0,3135.7,15,1,3135.4,10,1,3135.3,1,1,3135.2,3,2,3135.1,31,1,3136.3,260,4,3136.4,81,2,3136.5,48,2,3136.6,58,2,3136.7,227,3
2031,2026-06-16 12:50:43+05:30,3135.7,125,3130.21,2180605,132257.0,206579.0,3163.0,3163.0,3108.0,3134.3,31987200,3447.7,2820.9,3839.9,2896.0,3135.7,15,1,3135.4,10,1,3135.3,1,1,3135.2,3,2,3135.1,31,1,3136.3,260,4,3136.4,81,2,3136.5,48,2,3136.6,58,2,3136.7,227,3
2031,2026-06-16 12:50:43+05:30,3135.7,125,3130.21,2180750,132288.0,206268.0,3163.0,3163.0,3108.0,3134.3,31987200,3447.7,2820.9,3839.9,2896.0,3135.7,15,1,3135.4,10,1,3135.3,1,1,3135.2,19,3,3135.1,31,1,3136.3,240,4,3136.6,244,2,3136.7,235,4,3136.8,84,4,3136.9,579,7
2031,2026-06-16 12:50:44+05:30,3135.2,11,3130.21,2180750,132288.0,206268.0,3163.0,3163.0,3108.0,3134.3,31987200,3447.7,2820.9,3839.9,2896.0,3135.7,15,1,3135.4,10,1,3135.3,1,1,3135.2,19,3,3135.1,31,1,3136.3,240,4,3136.6,244,2,3136.7,235,4,3136.8,84,4,3136.9,579,7
2031,2026-06-16 12:50:44+05:30,3136.2,1,3130.21,2180793,131636.0,206215.0,3163.0,3163.0,3108.0,3134.3,31987200,3447.7,2820.9,3839.9,2896.0,3135.2,6,2,3135.1,52,2,3135.0,328,9,3134.9,21,1,3134.8,68,3,3136.2,11,1,3136.3,251,5,3136.7,27,2,3136.8,377,7,3136.9,330,5
2031,2026-06-16 12:50:45+05:30,3136.2,1,3130.21,2180793,131636.0,206215.0,3163.0,3163.0,3108.0,3134.3,31987200,3447.7,2820.9,3839.9,2896.0,3135.2,6,2,3135.1,52,2,3135.0,328,9,3134.9,21,1,3134.8,68,3,3136.2,11,1,3136.3,251,5,3136.7,27,2,3136.8,377,7,3136.9,330,5
2031,2026-06-16 12:50:45+05:30,3136.2,1,3130.21,2180793,131651.0,206205.0,3163.0,3163.0,3108.0,3134.3,31987200,3447.7,2820.9,3839.9,2896.0,3135.2,7,3,3135.1,52,2,3135.0,341,10,3134.9,6,1,3134.8,55,2,3136.2,32,2,3136.3,212,3,3136.7,227,3,3136.8,377,7,3136.9,130,4
2031,2026-06-16 12:50:46+05:30,3135.7,1,3130.21,2180793,131651.0,206205.0,3163.0,3163.0,3108.0,3134.3,31987200,3447.7,2820.9,3839.9,2896.0,3135.2,7,3,3135.1,52,2,3135.0,341,10,3134.9,6,1,3134.8,55,2,3136.2,32,2,3136.3,212,3,3136.7,227,3,3136.8,377,7,3136.9,130,4
2031,2026-06-16 12:50:46+05:30,3135.7,1,3130.21,2180794,132213.0,206304.0,3163.0,3163.0,3108.0,3134.3,31987200,3447.7,2820.9,3839.9,2896.0,3135.7,2,2,3135.3,13,1,3135.2,7,3,3135.1,31,1,3135.0,314,10,3136.2,32,2,3136.3,212,3,3136.5,238,2,3136.6,200,1,3136.7,27,2
2031,2026-06-16 12:50:47+05:30,3135.7,1,3130.21,2180794,132248.0,205946.0,3163.0,3163.0,3108.0,3134.3,31987200,3447.7,2820.9,3839.9,2896.0,3135.7,14,3,3135.2,7,3,3135.1,199,2,3135.0,314,10,3134.9,65,3,3136.2,39,3,3136.3,212,3,3136.5,200,1,3136.6,200,1,3136.7,27,2
2031,2026-06-16 12:50:48+05:30,3136.2,13,3130.21,2180794,132248.0,205946.0,3163.0,3163.0,3108.0,3134.3,31987200,3447.7,2820.9,3839.9,2896.0,3135.7,14,3,3135.2,7,3,3135.1,199,2,3135.0,314,10,3134.9,65,3,3136.2,39,3,3136.3,212,3,3136.5,200,1,3136.6,200,1,3136.7,27,2
2031,2026-06-16 12:50:48+05:30,3136.2,13,3130.21,2180818,132543.0,205399.0,3163.0,3163.0,3108.0,3134.3,31987200,3447.7,2820.9,3839.9,2896.0,3135.7,31,4,3135.3,11,1,3135.2,19,4,3135.1,202,3,3135.0,345,10,3136.2,25,3,3136.3,200,2,3136.5,200,1,3136.6,200,1,3136.7,16,1
2031,2026-06-16 12:50:49+05:30,3136.2,13,3130.21,2180818,132510.0,203627.0,3163.0,3163.0,3108.0,3134.3,31987200,3447.7,2820.9,3839.9,2896.0,3135.7,70,5,3135.3,18,2,3135.2,19,4,3135.1,202,3,3135.0,292,9,3136.2,26,4,3136.3,200,2,3136.5,200,1,3136.6,200,1,3136.7,16,1
2031,2026-06-16 12:50:50+05:30,3136.0,41,3130.22,2180860,132837.0,205858.0,3163.0,3163.0,3108.0,3134.3,31987200,3447.7,2820.9,3839.9,2896.0,3136.0,17,1,3135.7,53,4,3135.2,18,3,3135.1,68,4,3135.0,239,7,3136.2,37,5,3136.3,200,2,3136.4,21,1,3136.5,289,4,3136.6,232,2
2031,2026-06-16 12:50:50+05:30,3136.0,41,3130.22,2180860,132837.0,205858.0,3163.0,3163.0,3108.0,3134.3,31987200,3447.7,2820.9,3839.9,2896.0,3136.0,17,1,3135.7,53,4,3135.2,18,3,3135.1,68,4,3135.0,239,7,3136.2,37,5,3136.3,200,2,3136.4,21,1,3136.5,289,4,3136.6,232,2
2031,2026-06-16 12:50:51+05:30,3136.2,1,3130.22,2180860,132837.0,205858.0,3163.0,3163.0,3108.0,3134.3,31987200,3447.7,2820.9,3839.9,2896.0,3136.0,17,1,3135.7,53,4,3135.2,18,3,3135.1,68,4,3135.0,239,7,3136.2,37,5,3136.3,200,2,3136.4,21,1,3136.5,289,4,3136.6,232,2
2031,2026-06-16 12:50:51+05:30,3136.2,1,3130.22,2180861,132954.0,205567.0,3163.0,3163.0,3108.0,3134.3,31987200,3447.7,2820.9,3839.9,2896.0,3136.1,2,2,3136.0,57,2,3135.7,39,1,3135.2,31,4,3135.1,94,4,3136.2,38,6,3136.3,200,2,3136.5,200,1,3136.6,275,3,3136.7,16,1
2031,2026-06-16 12:50:52+05:30,3136.2,3,3130.22,2180861,132954.0,205567.0,3163.0,3163.0,3108.0,3134.3,31987200,3447.7,2820.9,3839.9,2896.0,3136.1,2,2,3136.0,57,2,3135.7,39,1,3135.2,31,4,3135.1,94,4,3136.2,38,6,3136.3,200,2,3136.5,200,1,3136.6,275,3,3136.7,16,1
2031,2026-06-16 12:50:52+05:30,3136.2,3,3130.22,2180939,131374.0,204478.0,3163.0,3163.0,3108.0,3134.3,31987200,3447.7,2820.9,3839.9,2896.0,3136.2,13,2,3136.1,2,2,3136.0,40,1,3135.7,53,2,3135.2,2,2,3136.3,696,4,3136.4,253,3,3136.5,38,1,3136.6,663,5,3136.7,16,1
2031,2026-06-16 12:50:53+05:30,3135.5,200,3130.23,2184580,131147.0,204449.0,3163.0,3163.0,3108.0,3134.3,31987200,3447.7,2820.9,3839.9,2896.0,3135.4,64,6,3135.3,74,5,3135.2,41,6,3135.1,51,2,3135.0,225,6,3136.5,6,1,3136.7,200,1,3136.9,212,2,3137.1,6,1,3137.2,100,3
2031,2026-06-16 12:50:53+05:30,3135.5,200,3130.23,2184580,131147.0,204449.0,3163.0,3163.0,3108.0,3134.3,31987200,3447.7,2820.9,3839.9,2896.0,3135.4,64,6,3135.3,74,5,3135.2,41,6,3135.1,51,2,3135.0,225,6,3136.5,6,1,3136.7,200,1,3136.9,212,2,3137.1,6,1,3137.2,100,3
2031,2026-06-16 12:50:54+05:30,3135.5,200,3130.23,2184580,131487.0,205461.0,3163.0,3163.0,3108.0,3134.3,31987200,3447.7,2820.9,3839.9,2896.0,3135.4,31,2,3135.3,8,1,3135.2,51,7,3135.1,99,4,3135.0,229,7,3136.4,200,1,3136.5,6,1,3136.7,600,3,3136.8,69,2,3136.9,250,3
2031,2026-06-16 12:50:55+05:30,3135.4,2,3130.23,2184622,131497.0,205538.0,3163.0,3163.0,3108.0,3134.3,31987200,3447.7,2820.9,3839.9,2896.0,3135.4,85,2,3135.2,23,5,3135.1,74,4,3135.0,265,8,3134.9,14,2,3136.0,199,1,3136.1,200,1,3136.3,600,3,3136.4,1,1,3136.5,207,2
2031,2026-06-16 12:50:55+05:30,3135.4,2,3130.23,2184622,131497.0,205538.0,3163.0,3163.0,3108.0,3134.3,31987200,3447.7,2820.9,3839.9,2896.0,3135.4,85,2,3135.2,23,5,3135.1,74,4,3135.0,265,8,3134.9,14,2,3136.0,199,1,3136.1,200,1,3136.3,600,3,3136.4,1,1,3136.5,207,2
2031,2026-06-16 12:50:56+05:30,3135.5,22,3130.23,2185021,132309.0,205130.0,3163.0,3163.0,3108.0,3134.3,31987200,3447.7,2820.9,3839.9,2896.0,3135.5,2,1,3135.4,107,5,3135.3,29,3,3135.2,43,5,3135.1,61,3,3136.4,201,2,3136.7,600,3,3136.8,20,1,3136.9,261,3,3137.0,29,2
2031,2026-06-16 12:50:56+05:30,3135.5,22,3130.23,2185021,132309.0,205130.0,3163.0,3163.0,3108.0,3134.3,31987200,3447.7,2820.9,3839.9,2896.0,3135.5,2,1,3135.4,107,5,3135.3,29,3,3135.2,43,5,3135.1,61,3,3136.4,201,2,3136.7,600,3,3136.8,20,1,3136.9,261,3,3137.0,29,2
2031,2026-06-16 12:50:57+05:30,3136.0,1,3130.23,2185022,132429.0,205603.0,3163.0,3163.0,3108.0,3134.3,31987200,3447.7,2820.9,3839.9,2896.0,3135.5,115,5,3135.4,99,4,3135.2,62,6,3135.1,50,2,3135.0,272,9,3136.0,199,1,3136.1,200,1,3136.3,600,3,3136.4,1,1,3136.5,200,1
2031,2026-06-16 12:50:57+05:30,3136.0,1,3130.23,2185022,132429.0,205603.0,3163.0,3163.0,3108.0,3134.3,31987200,3447.7,2820.9,3839.9,2896.0,3135.5,115,5,3135.4,99,4,3135.2,62,6,3135.1,50,2,3135.0,272,9,3136.0,199,1,3136.1,200,1,3136.3,600,3,3136.4,1,1,3136.5,200,1
2031,2026-06-16 12:50:58+05:30,3136.0,8,3130.23,2185030,132290.0,205397.0,3163.0,3163.0,3108.0,3134.3,31987200,3447.7,2820.9,3839.9,2896.0,3135.5,107,4,3135.4,99,4,3135.2,62,6,3135.1,50,2,3135.0,56,7,3136.0,191,1,3136.1,200,1,3136.3,600,3,3136.4,1,1,3136.5,200,1
2031,2026-06-16 12:50:58+05:30,3136.0,8,3130.23,2185030,132290.0,205397.0,3163.0,3163.0,3108.0,3134.3,31987200,3447.7,2820.9,3839.9,2896.0,3135.5,107,4,3135.4,99,4,3135.2,62,6,3135.1,50,2,3135.0,56,7,3136.0,191,1,3136.1,200,1,3136.3,600,3,3136.4,1,1,3136.5,200,1
2031,2026-06-16 12:50:59+05:30,3135.4,1,3130.23,2185136,131420.0,205705.0,3163.0,3163.0,3108.0,3134.3,31987200,3447.7,2820.9,3839.9,2896.0,3135.4,101,5,3135.3,4,2,3135.2,43,5,3135.1,37,2,3135.0,56,7,3135.5,95,1,3136.0,191,1,3136.1,200,1,3136.3,600,3,3136.4,1,1
2031,2026-06-16 12:50:59+05:30,3135.4,1,3130.23,2185136,131420.0,205705.0,3163.0,3163.0,3108.0,3134.3,31987200,3447.7,2820.9,3839.9,2896.0,3135.4,101,5,3135.3,4,2,3135.2,43,5,3135.1,37,2,3135.0,56,7,3135.5,95,1,3136.0,191,1,3136.1,200,1,3136.3,600,3,3136.4,1,1
2031,2026-06-16 12:51:00+05:30,3135.5,1,3130.23,2185136,131420.0,205705.0,3163.0,3163.0,3108.0,3134.3,31987200,3447.7,2820.9,3839.9,2896.0,3135.4,101,5,3135.3,4,2,3135.2,43,5,3135.1,37,2,3135.0,56,7,3135.5,95,1,3136.0,191,1,3136.1,200,1,3136.3,600,3,3136.4,1,1
2031,2026-06-16 12:51:00+05:30,3135.5,1,3130.23,2185184,131429.0,205806.0,3163.0,3163.0,3108.0,3134.3,31987200,3447.7,2820.9,3839.9,2896.0,3135.4,38,3,3135.3,13,1,3135.2,26,3,3135.1,32,2,3135.0,43,6,3135.5,131,3,3136.0,191,1,3136.1,200,1,3136.3,600,3,3136.4,1,1
2031,2026-06-16 12:51:01+05:30,3135.4,3,3130.23,2185184,131429.0,205806.0,3163.0,3163.0,3108.0,3134.3,31987200,3447.7,2820.9,3839.9,2896.0,3135.4,38,3,3135.3,13,1,3135.2,26,3,3135.1,32,2,3135.0,43,6,3135.5,131,3,3136.0,191,1,3136.1,200,1,3136.3,600,3,3136.4,1,1
2031,2026-06-16 12:51:01+05:30,3135.4,3,3130.23,2185239,131294.0,205692.0,3163.0,3163.0,3108.0,3134.3,31987200,3447.7,2820.9,3839.9,2896.0,3135.4,67,4,3135.3,2,1,3135.2,43,5,3135.1,6,2,3135.0,43,6,3135.5,156,4,3136.0,191,1,3136.1,200,1,3136.3,607,4,3136.4,1,1
2031,2026-06-16 12:51:02+05:30,3135.5,15,3130.23,2185239,131294.0,205692.0,3163.0,3163.0,3108.0,3134.3,31987200,3447.7,2820.9,3839.9,2896.0,3135.4,67,4,3135.3,2,1,3135.2,43,5,3135.1,6,2,3135.0,43,6,3135.5,156,4,3136.0,191,1,3136.1,200,1,3136.3,607,4,3136.4,1,1
2031,2026-06-16 12:51:02+05:30,3135.5,15,3130.23,2185410,131329.0,205564.0,3163.0,3163.0,3108.0,3134.3,31987200,3447.7,2820.9,3839.9,2896.0,3135.4,77,5,3135.2,21,4,3135.1,6,2,3135.0,52,7,3134.9,38,3,3135.5,21,1,3136.0,191,1,3136.1,200,1,3136.3,607,4,3136.4,1,1
2031,2026-06-16 12:51:03+05:30,3135.5,5,3130.23,2185410,131329.0,205564.0,3163.0,3163.0,3108.0,3134.3,31987200,3447.7,2820.9,3839.9,2896.0,3135.4,77,5,3135.2,21,4,3135.1,6,2,3135.0,52,7,3134.9,38,3,3135.5,21,1,3136.0,191,1,3136.1,200,1,3136.3,607,4,3136.4,1,1
2031,2026-06-16 12:51:03+05:30,3135.5,5,3130.23,2185415,131330.0,205537.0,3163.0,3163.0,3108.0,3134.3,31987200,3447.7,2820.9,3839.9,2896.0,3135.4,78,5,3135.3,2,1,3135.2,21,4,3135.1,6,2,3135.0,52,7,3135.5,16,1,3136.0,191,1,3136.1,200,1,3136.3,600,3,3136.4,1,1
2031,2026-06-16 12:51:04+05:30,3135.5,1,3130.23,2185415,131330.0,205537.0,3163.0,3163.0,3108.0,3134.3,31987200,3447.7,2820.9,3839.9,2896.0,3135.4,78,5,3135.3,2,1,3135.2,21,4,3135.1,6,2,3135.0,52,7,3135.5,16,1,3136.0,191,1,3136.1,200,1,3136.3,600,3,3136.4,1,1
2031,2026-06-16 12:51:04+05:30,3135.5,1,3130.23,2185416,131319.0,205550.0,3163.0,3163.0,3108.0,3134.3,31987200,3447.7,2820.9,3839.9,2896.0,3135.4,59,3,3135.3,2,1,3135.2,31,5,3135.1,6,2,3135.0,52,7,3135.5,26,2,3136.0,191,1,3136.1,200,1,3136.3,600,3,3136.4,1,1
2031,2026-06-16 12:51:05+05:30,3135.5,7,3130.23,2185416,131319.0,205550.0,3163.0,3163.0,3108.0,3134.3,31987200,3447.7,2820.9,3839.9,2896.0,3135.4,59,3,3135.3,2,1,3135.2,31,5,3135.1,6,2,3135.0,52,7,3135.5,26,2,3136.0,191,1,3136.1,200,1,3136.3,600,3,3136.4,1,1
2031,2026-06-16 12:51:05+05:30,3135.5,7,3130.23,2185416,131319.0,205550.0,3163.0,3163.0,3108.0,3134.3,31987200,3447.7,2820.9,3839.9,2896.0,3135.4,59,3,3135.3,2,1,3135.2,31,5,3135.1,6,2,3135.0,52,7,3135.5,26,2,3136.0,191,1,3136.1,200,1,3136.3,600,3,3136.4,1,1
2031,2026-06-16 12:51:05+05:30,3135.4,1,3130.23,2185441,131357.0,205565.0,3163.0,3163.0,3108.0,3134.3,31987200,3447.7,2820.9,3839.9,2896.0,3135.4,69,4,3135.3,2,1,3135.2,33,4,3135.1,6,2,3135.0,52,7,3135.5,40,3,3136.0,191,1,3136.1,200,1,3136.3,600,3,3136.5,200,1
2031,2026-06-16 12:51:06+05:30,3135.5,1,3130.23,2185441,131357.0,205565.0,3163.0,3163.0,3108.0,3134.3,31987200,3447.7,2820.9,3839.9,2896.0,3135.4,69,4,3135.3,2,1,3135.2,33,4,3135.1,6,2,3135.0,52,7,3135.5,40,3,3136.0,191,1,3136.1,200,1,3136.3,600,3,3136.5,200,1
2031,2026-06-16 12:51:06+05:30,3135.5,1,3130.23,2185442,131323.0,205584.0,3163.0,3163.0,3108.0,3134.3,31987200,3447.7,2820.9,3839.9,2896.0,3135.4,50,2,3135.3,2,1,3135.2,43,5,3135.1,6,2,3135.0,52,7,3135.5,58,5,3136.0,191,1,3136.1,200,1,3136.3,600,3,3136.5,200,1
2031,2026-06-16 12:51:07+05:30,3135.5,1,3130.23,2185442,131323.0,205584.0,3163.0,3163.0,3108.0,3134.3,31987200,3447.7,2820.9,3839.9,2896.0,3135.4,50,2,3135.3,2,1,3135.2,43,5,3135.1,6,2,3135.0,52,7,3135.5,58,5,3136.0,191,1,3136.1,200,1,3136.3,600,3,3136.5,200,1
2031,2026-06-16 12:51:07+05:30,3135.5,1,3130.23,2185442,131350.0,205629.0,3163.0,3163.0,3108.0,3134.3,31987200,3447.7,2820.9,3839.9,2896.0,3135.4,61,3,3135.2,33,4,3135.1,6,2,3135.0,43,6,3134.9,27,3,3135.5,58,5,3136.0,191,1,3136.1,200,1,3136.3,600,3,3136.5,200,1
2031,2026-06-16 12:51:08+05:30,3135.5,1,3130.23,2185442,131340.0,205664.0,3163.0,3163.0,3108.0,3134.3,31987200,3447.7,2820.9,3839.9,2896.0,3135.4,61,3,3135.2,29,3,3135.1,6,2,3135.0,43,6,3134.9,27,3,3135.5,59,6,3136.0,191,1,3136.1,200,1,3136.3,600,3,3136.5,217,2
2031,2026-06-16 12:51:09+05:30,3135.5,1,3130.23,2185442,131340.0,205664.0,3163.0,3163.0,3108.0,3134.3,31987200,3447.7,2820.9,3839.9,2896.0,3135.4,61,3,3135.2,29,3,3135.1,6,2,3135.0,43,6,3134.9,27,3,3135.5,59,6,3136.0,191,1,3136.1,200,1,3136.3,600,3,3136.5,217,2
2031,2026-06-16 12:51:09+05:30,3135.5,1,3130.23,2185442,131340.0,205664.0,3163.0,3163.0,3108.0,3134.3,31987200,3447.7,2820.9,3839.9,2896.0,3135.4,61,3,3135.2,29,3,3135.1,6,2,3135.0,43,6,3134.9,27,3,3135.5,59,6,3136.0,191,1,3136.1,200,1,3136.3,600,3,3136.5,217,2
2031,2026-06-16 12:51:10+05:30,3135.5,1,3130.23,2185443,131331.0,205619.0,3163.0,3163.0,3108.0,3134.3,31987200,3447.7,2820.9,3839.9,2896.0,3135.4,61,3,3135.2,38,4,3135.1,6,2,3135.0,43,6,3134.9,27,3,3135.5,58,6,3136.0,191,1,3136.1,200,1,3136.3,600,3,3136.5,217,2
2031,2026-06-16 12:51:10+05:30,3135.5,1,3130.23,2185443,131331.0,205619.0,3163.0,3163.0,3108.0,3134.3,31987200,3447.7,2820.9,3839.9,2896.0,3135.4,61,3,3135.2,38,4,3135.1,6,2,3135.0,43,6,3134.9,27,3,3135.5,58,6,3136.0,191,1,3136.1,200,1,3136.3,600,3,3136.5,217,2
2031,2026-06-16 12:51:11+05:30,3135.5,12,3130.23,2185513,131547.0,205526.0,3163.0,3163.0,3108.0,3134.3,31987200,3447.7,2820.9,3839.9,2896.0,3135.6,1,1,3135.5,9,2,3135.2,24,3,3135.0,36,6,3134.9,27,3,3136.0,191,1,3136.1,200,1,3136.3,605,4,3136.5,217,2,3136.6,35,1
2031,2026-06-16 12:51:11+05:30,3135.5,12,3130.23,2185513,131547.0,205526.0,3163.0,3163.0,3108.0,3134.3,31987200,3447.7,2820.9,3839.9,2896.0,3135.6,1,1,3135.5,9,2,3135.2,24,3,3135.0,36,6,3134.9,27,3,3136.0,191,1,3136.1,200,1,3136.3,605,4,3136.5,217,2,3136.6,35,1
2031,2026-06-16 12:51:11+05:30,3135.5,12,3130.23,2185513,131547.0,205526.0,3163.0,3163.0,3108.0,3134.3,31987200,3447.7,2820.9,3839.9,2896.0,3135.6,1,1,3135.5,9,2,3135.2,24,3,3135.0,36,6,3134.9,27,3,3136.0,191,1,3136.1,200,1,3136.3,605,4,3136.5,217,2,3136.6,35,1
2031,2026-06-16 12:51:12+05:30,3135.5,12,3130.23,2185513,131118.0,205180.0,3163.0,3163.0,3108.0,3134.3,31987200,3447.7,2820.9,3839.9,2896.0,3135.6,1,1,3135.5,2,1,3135.2,43,4,3135.0,36,6,3134.9,27,3,3136.0,191,1,3136.1,200,1,3136.3,605,4,3136.5,217,2,3136.6,35,1
2031,2026-06-16 12:51:12+05:30,3136.0,49,3130.23,2185513,131118.0,205180.0,3163.0,3163.0,3108.0,3134.3,31987200,3447.7,2820.9,3839.9,2896.0,3135.6,1,1,3135.5,2,1,3135.2,43,4,3135.0,36,6,3134.9,27,3,3136.0,191,1,3136.1,200,1,3136.3,605,4,3136.5,217,2,3136.6,35,1
2031,2026-06-16 12:51:13+05:30,3135.9,5,3130.23,2185611,130968.0,204955.0,3163.0,3163.0,3108.0,3134.3,31987200,3447.7,2820.9,3839.9,2896.0,3135.6,17,1,3135.2,10,1,3135.0,17,4,3134.9,20,2,3134.8,27,2,3135.9,7,1,3136.0,154,2,3136.1,200,1,3136.3,605,4,3136.5,228,4
2031,2026-06-16 12:51:13+05:30,3135.9,5,3130.23,2185611,130968.0,204955.0,3163.0,3163.0,3108.0,3134.3,31987200,3447.7,2820.9,3839.9,2896.0,3135.6,17,1,3135.2,10,1,3135.0,17,4,3134.9,20,2,3134.8,27,2,3135.9,7,1,3136.0,154,2,3136.1,200,1,3136.3,605,4,3136.5,228,4
2031,2026-06-16 12:51:13+05:30,3135.9,5,3130.23,2185611,130968.0,204955.0,3163.0,3163.0,3108.0,3134.3,31987200,3447.7,2820.9,3839.9,2896.0,3135.6,17,1,3135.2,10,1,3135.0,17,4,3134.9,20,2,3134.8,27,2,3135.9,7,1,3136.0,154,2,3136.1,200,1,3136.3,605,4,3136.5,228,4
2031,2026-06-16 12:51:14+05:30,3135.9,5,3130.23,2185611,130808.0,204863.0,3163.0,3163.0,3108.0,3134.3,31987200,3447.7,2820.9,3839.9,2896.0,3135.5,17,1,3135.2,10,1,3135.1,13,1,3135.0,32,5,3134.9,20,2,3135.9,1,1,3136.0,142,1,3136.1,200,1,3136.3,605,4,3136.5,203,2
2031,2026-06-16 12:51:15+05:30,3136.0,10,3130.23,2185625,131067.0,204835.0,3163.0,3163.0,3108.0,3134.3,31987200,3447.7,2820.9,3839.9,2896.0,3135.6,17,1,3135.2,23,2,3135.1,13,1,3135.0,64,7,3134.9,55,2,3136.0,132,1,3136.1,200,1,3136.3,605,4,3136.5,200,1,3136.8,69,2
2031,2026-06-16 12:51:15+05:30,3136.0,10,3130.23,2185625,131067.0,204835.0,3163.0,3163.0,3108.0,3134.3,31987200,3447.7,2820.9,3839.9,2896.0,3135.6,17,1,3135.2,23,2,3135.1,13,1,3135.0,64,7,3134.9,55,2,3136.0,132,1,3136.1,200,1,3136.3,605,4,3136.5,200,1,3136.8,69,2
2031,2026-06-16 12:51:15+05:30,3136.0,10,3130.23,2185625,131067.0,204835.0,3163.0,3163.0,3108.0,3134.3,31987200,3447.7,2820.9,3839.9,2896.0,3135.6,17,1,3135.2,23,2,3135.1,13,1,3135.0,64,7,3134.9,55,2,3136.0,132,1,3136.1,200,1,3136.3,605,4,3136.5,200,1,3136.8,69,2
2031,2026-06-16 12:51:16+05:30,3136.0,1,3130.23,2185713,131143.0,204859.0,3163.0,3163.0,3108.0,3134.3,31987200,3447.7,2820.9,3839.9,2896.0,3135.8,2,2,3135.6,24,3,3135.5,6,1,3135.4,13,1,3135.3,16,2,3136.0,44,1,3136.1,200,1,3136.3,600,3,3136.5,200,1,3136.8,23,2
2031,2026-06-16 12:51:16+05:30,3136.0,1,3130.23,2185713,131143.0,204859.0,3163.0,3163.0,3108.0,3134.3,31987200,3447.7,2820.9,3839.9,2896.0,3135.8,2,2,3135.6,24,3,3135.5,6,1,3135.4,13,1,3135.3,16,2,3136.0,44,1,3136.1,200,1,3136.3,600,3,3136.5,200,1,3136.8,23,2
2031,2026-06-16 12:51:16+05:30,3136.0,1,3130.23,2185713,131143.0,204859.0,3163.0,3163.0,3108.0,3134.3,31987200,3447.7,2820.9,3839.9,2896.0,3135.8,2,2,3135.6,24,3,3135.5,6,1,3135.4,13,1,3135.3,16,2,3136.0,44,1,3136.1,200,1,3136.3,600,3,3136.5,200,1,3136.8,23,2
2031,2026-06-16 12:51:17+05:30,3136.0,1,3130.23,2185758,130967.0,205068.0,3163.0,3163.0,3108.0,3134.3,31987200,3447.7,2820.9,3839.9,2896.0,3135.8,1,1,3135.7,17,1,3135.6,1,1,3135.3,16,2,3135.2,19,2,3136.0,224,2,3136.1,200,1,3136.3,600,3,3136.5,200,1,3136.6,38,1
2031,2026-06-16 12:51:17+05:30,3136.0,1,3130.23,2185758,130967.0,205068.0,3163.0,3163.0,3108.0,3134.3,31987200,3447.7,2820.9,3839.9,2896.0,3135.8,1,1,3135.7,17,1,3135.6,1,1,3135.3,16,2,3135.2,19,2,3136.0,224,2,3136.1,200,1,3136.3,600,3,3136.5,200,1,3136.6,38,1
2031,2026-06-16 12:51:17+05:30,3136.0,1,3130.23,2185758,130967.0,205068.0,3163.0,3163.0,3108.0,3134.3,31987200,3447.7,2820.9,3839.9,2896.0,3135.8,1,1,3135.7,17,1,3135.6,1,1,3135.3,16,2,3135.2,19,2,3136.0,224,2,3136.1,200,1,3136.3,600,3,3136.5,200,1,3136.6,38,1
2031,2026-06-16 12:51:18+05:30,3136.0,1,3130.23,2185758,130967.0,205068.0,3163.0,3163.0,3108.0,3134.3,31987200,3447.7,2820.9,3839.9,2896.0,3135.8,1,1,3135.7,17,1,3135.6,1,1,3135.3,16,2,3135.2,19,2,3136.0,224,2,3136.1,200,1,3136.3,600,3,3136.5,200,1,3136.6,38,1
2031,2026-06-16 12:51:18+05:30,3136.0,9,3130.23,2185940,131398.0,204984.0,3163.0,3163.0,3108.0,3134.3,31987200,3447.7,2820.9,3839.9,2896.0,3135.8,1,1,3135.6,1,1,3135.4,7,1,3135.3,8,1,3135.2,9,1,3136.0,42,1,3136.1,200,1,3136.3,600,3,3136.5,200,1,3136.6,38,1
2031,2026-06-16 12:51:18+05:30,3136.0,9,3130.23,2185940,131398.0,204984.0,3163.0,3163.0,3108.0,3134.3,31987200,3447.7,2820.9,3839.9,2896.0,3135.8,1,1,3135.6,1,1,3135.4,7,1,3135.3,8,1,3135.2,9,1,3136.0,42,1,3136.1,200,1,3136.3,600,3,3136.5,200,1,3136.6,38,1
2031,2026-06-16 12:51:18+05:30,3136.0,9,3130.23,2185940,131398.0,204984.0,3163.0,3163.0,3108.0,3134.3,31987200,3447.7,2820.9,3839.9,2896.0,3135.8,1,1,3135.6,1,1,3135.4,7,1,3135.3,8,1,3135.2,9,1,3136.0,42,1,3136.1,200,1,3136.3,600,3,3136.5,200,1,3136.6,38,1
2031,2026-06-16 12:51:19+05:30,3136.0,9,3130.23,2185940,131398.0,204984.0,3163.0,3163.0,3108.0,3134.3,31987200,3447.7,2820.9,3839.9,2896.0,3135.8,1,1,3135.6,1,1,3135.4,7,1,3135.3,8,1,3135.2,9,1,3136.0,42,1,3136.1,200,1,3136.3,600,3,3136.5,200,1,3136.6,38,1
2031,2026-06-16 12:51:19+05:30,3136.0,9,3130.23,2185940,131420.0,205275.0,3163.0,3163.0,3108.0,3134.3,31987200,3447.7,2820.9,3839.9,2896.0,3135.8,1,1,3135.7,17,1,3135.6,1,1,3135.2,9,1,3135.1,10,1,3136.0,251,3,3136.1,200,1,3136.3,638,4,3136.5,200,1,3136.6,38,1
2031,2026-06-16 12:51:20+05:30,3136.0,9,3130.23,2185940,131420.0,205275.0,3163.0,3163.0,3108.0,3134.3,31987200,3447.7,2820.9,3839.9,2896.0,3135.8,1,1,3135.7,17,1,3135.6,1,1,3135.2,9,1,3135.1,10,1,3136.0,251,3,3136.1,200,1,3136.3,638,4,3136.5,200,1,3136.6,38,1
2031,2026-06-16 12:51:20+05:30,3135.7,38,3130.23,2185940,131420.0,205275.0,3163.0,3163.0,3108.0,3134.3,31987200,3447.7,2820.9,3839.9,2896.0,3135.8,1,1,3135.7,17,1,3135.6,1,1,3135.2,9,1,3135.1,10,1,3136.0,251,3,3136.1,200,1,3136.3,638,4,3136.5,200,1,3136.6,38,1
2031,2026-06-16 12:51:20+05:30,3135.7,38,3130.23,2185982,131534.0,205557.0,3163.0,3163.0,3108.0,3134.3,31987200,3447.7,2820.9,3839.9,2896.0,3135.7,17,1,3135.6,1,1,3135.2,13,1,3135.1,40,1,3135.0,66,8,3136.0,445,4,3136.1,200,1,3136.3,600,3,3136.5,200,1,3136.7,46,1
2031,2026-06-16 12:51:20+05:30,3135.7,38,3130.23,2185982,131534.0,205557.0,3163.0,3163.0,3108.0,3134.3,31987200,3447.7,2820.9,3839.9,2896.0,3135.7,17,1,3135.6,1,1,3135.2,13,1,3135.1,40,1,3135.0,66,8,3136.0,445,4,3136.1,200,1,3136.3,600,3,3136.5,200,1,3136.7,46,1
2031,2026-06-16 12:51:21+05:30,3136.0,1,3130.23,2186001,131560.0,205524.0,3163.0,3163.0,3108.0,3134.3,31987200,3447.7,2820.9,3839.9,2896.0,3135.7,17,1,3135.6,15,2,3135.4,7,1,3135.2,22,2,3135.1,207,2,3136.0,426,4,3136.1,200,1,3136.3,600,3,3136.5,200,1,3136.7,46,1
2031,2026-06-16 12:51:21+05:30,3136.0,1,3130.23,2186001,131560.0,205524.0,3163.0,3163.0,3108.0,3134.3,31987200,3447.7,2820.9,3839.9,2896.0,3135.7,17,1,3135.6,15,2,3135.4,7,1,3135.2,22,2,3135.1,207,2,3136.0,426,4,3136.1,200,1,3136.3,600,3,3136.5,200,1,3136.7,46,1
2031,2026-06-16 12:51:22+05:30,3135.7,5,3130.23,2186001,131560.0,205524.0,3163.0,3163.0,3108.0,3134.3,31987200,3447.7,2820.9,3839.9,2896.0,3135.7,17,1,3135.6,15,2,3135.4,7,1,3135.2,22,2,3135.1,207,2,3136.0,426,4,3136.1,200,1,3136.3,600,3,3136.5,200,1,3136.7,46,1
2031,2026-06-16 12:51:22+05:30,3135.7,5,3130.23,2186001,131560.0,205524.0,3163.0,3163.0,3108.0,3134.3,31987200,3447.7,2820.9,3839.9,2896.0,3135.7,17,1,3135.6,15,2,3135.4,7,1,3135.2,22,2,3135.1,207,2,3136.0,426,4,3136.1,200,1,3136.3,600,3,3136.5,200,1,3136.7,46,1
2031,2026-06-16 12:51:22+05:30,3136.0,15,3130.23,2186021,131414.0,205299.0,3163.0,3163.0,3108.0,3134.3,31987200,3447.7,2820.9,3839.9,2896.0,3135.7,12,1,3135.6,31,3,3135.2,22,2,3135.1,40,1,3135.0,51,7,3136.0,413,5,3136.1,200,1,3136.3,600,3,3136.5,200,1,3136.7,46,1
2031,2026-06-16 12:51:23+05:30,3136.0,1,3130.23,2186021,131414.0,205299.0,3163.0,3163.0,3108.0,3134.3,31987200,3447.7,2820.9,3839.9,2896.0,3135.7,12,1,3135.6,31,3,3135.2,22,2,3135.1,40,1,3135.0,51,7,3136.0,413,5,3136.1,200,1,3136.3,600,3,3136.5,200,1,3136.7,46,1
2031,2026-06-16 12:51:23+05:30,3136.0,1,3130.23,2186021,131414.0,205299.0,3163.0,3163.0,3108.0,3134.3,31987200,3447.7,2820.9,3839.9,2896.0,3135.7,12,1,3135.6,31,3,3135.2,22,2,3135.1,40,1,3135.0,51,7,3136.0,413,5,3136.1,200,1,3136.3,600,3,3136.5,200,1,3136.7,46,1
2031,2026-06-16 12:51:23+05:30,3135.6,12,3130.23,2186244,131175.0,205131.0,3163.0,3163.0,3108.0,3134.3,31987200,3447.7,2820.9,3839.9,2896.0,3135.6,19,3,3135.1,40,1,3135.0,30,5,3134.9,28,2,3134.8,40,4,3136.0,234,3,3136.1,200,1,3136.3,600,3,3136.5,200,1,3136.6,44,1
2031,2026-06-16 12:51:24+05:30,3135.6,12,3130.23,2186244,131175.0,205131.0,3163.0,3163.0,3108.0,3134.3,31987200,3447.7,2820.9,3839.9,2896.0,3135.6,19,3,3135.1,40,1,3135.0,30,5,3134.9,28,2,3134.8,40,4,3136.0,234,3,3136.1,200,1,3136.3,600,3,3136.5,200,1,3136.6,44,1
2031,2026-06-16 12:51:24+05:30,3135.6,3,3130.23,2186244,131175.0,205131.0,3163.0,3163.0,3108.0,3134.3,31987200,3447.7,2820.9,3839.9,2896.0,3135.6,19,3,3135.1,40,1,3135.0,30,5,3134.9,28,2,3134.8,40,4,3136.0,234,3,3136.1,200,1,3136.3,600,3,3136.5,200,1,3136.6,44,1
2031,2026-06-16 12:51:24+05:30,3135.6,3,3130.23,2186444,130301.0,205374.0,3163.0,3163.0,3108.0,3134.3,31987200,3447.7,2820.9,3839.9,2896.0,3135.6,12,2,3135.0,23,5,3134.8,32,3,3134.7,79,5,3134.6,82,4,3136.0,234,3,3136.1,200,1,3136.3,600,3,3136.4,38,1,3136.5,249,2
2031,2026-06-16 12:51:25+05:30,3135.6,3,3130.23,2186444,130301.0,205374.0,3163.0,3163.0,3108.0,3134.3,31991400,3447.7,2820.9,3839.9,2896.0,3135.6,12,2,3135.0,23,5,3134.8,32,3,3134.7,79,5,3134.6,82,4,3136.0,234,3,3136.1,200,1,3136.3,600,3,3136.4,38,1,3136.5,249,2
2031,2026-06-16 12:51:25+05:30,3135.7,3,3130.23,2186444,130301.0,205374.0,3163.0,3163.0,3108.0,3134.3,31991400,3447.7,2820.9,3839.9,2896.0,3135.6,12,2,3135.0,23,5,3134.8,32,3,3134.7,79,5,3134.6,82,4,3136.0,234,3,3136.1,200,1,3136.3,600,3,3136.4,38,1,3136.5,249,2
2031,2026-06-16 12:51:25+05:30,3135.6,2,3130.23,2186473,130362.0,205290.0,3163.0,3163.0,3108.0,3134.3,31991400,3447.7,2820.9,3839.9,2896.0,3135.6,9,1,3135.0,23,5,3134.9,20,2,3134.8,27,2,3134.7,79,5,3135.7,197,1,3135.8,20,1,3136.0,210,3,3136.1,200,1,3136.3,600,3
2031,2026-06-16 12:51:26+05:30,3135.7,17,3130.23,2186473,130362.0,205290.0,3163.0,3163.0,3108.0,3134.3,31991400,3447.7,2820.9,3839.9,2896.0,3135.6,9,1,3135.0,23,5,3134.9,20,2,3134.8,27,2,3134.7,79,5,3135.7,197,1,3135.8,20,1,3136.0,210,3,3136.1,200,1,3136.3,600,3
2031,2026-06-16 12:51:26+05:30,3135.7,17,3130.23,2186490,130293.0,205219.0,3163.0,3163.0,3108.0,3134.3,31991400,3447.7,2820.9,3839.9,2896.0,3135.6,9,1,3135.0,36,6,3134.9,18,2,3134.8,40,3,3134.7,79,5,3135.7,180,1,3135.8,20,1,3136.0,210,3,3136.1,200,1,3136.3,600,3
2031,2026-06-16 12:51:27+05:30,3135.7,1,3130.23,2186490,130293.0,205219.0,3163.0,3163.0,3108.0,3134.3,31991400,3447.7,2820.9,3839.9,2896.0,3135.6,9,1,3135.0,36,6,3134.9,18,2,3134.8,40,3,3134.7,79,5,3135.7,180,1,3135.8,20,1,3136.0,210,3,3136.1,200,1,3136.3,600,3
2031,2026-06-16 12:51:27+05:30,3135.7,1,3130.23,2186491,130299.0,205222.0,3163.0,3163.0,3108.0,3134.3,31991400,3447.7,2820.9,3839.9,2896.0,3135.6,9,1,3135.0,36,6,3134.9,18,2,3134.8,40,3,3134.7,79,5,3135.7,180,2,3135.8,20,1,3136.0,210,3,3136.1,200,1,3136.3,600,3
2031,2026-06-16 12:51:28+05:30,3135.7,97,3130.23,2186491,130299.0,205222.0,3163.0,3163.0,3108.0,3134.3,31991400,3447.7,2820.9,3839.9,2896.0,3135.6,9,1,3135.0,36,6,3134.9,18,2,3134.8,40,3,3134.7,79,5,3135.7,180,2,3135.8,20,1,3136.0,210,3,3136.1,200,1,3136.3,600,3
2031,2026-06-16 12:51:28+05:30,3135.7,97,3130.23,2186588,130984.0,205175.0,3163.0,3163.0,3108.0,3134.3,31991400,3447.7,2820.9,3839.9,2896.0,3135.6,9,1,3135.0,44,7,3134.9,66,3,3134.8,51,5,3134.7,127,6,3135.7,83,2,3135.8,20,1,3136.0,210,3,3136.1,200,1,3136.3,600,3
2031,2026-06-16 12:51:29+05:30,3135.7,97,3130.23,2186588,131371.0,205135.0,3163.0,3163.0,3108.0,3134.3,31991400,3447.7,2820.9,3839.9,2896.0,3135.6,75,4,3135.5,4,2,3135.4,13,1,3135.3,18,2,3135.2,68,4,3135.7,108,3,3135.8,20,1,3136.0,210,3,3136.1,200,1,3136.3,600,3
2031,2026-06-16 12:51:30+05:30,3135.7,1,3130.23,2186588,131371.0,205135.0,3163.0,3163.0,3108.0,3134.3,31991400,3447.7,2820.9,3839.9,2896.0,3135.6,75,4,3135.5,4,2,3135.4,13,1,3135.3,18,2,3135.2,68,4,3135.7,108,3,3135.8,20,1,3136.0,210,3,3136.1,200,1,3136.3,600,3
2031,2026-06-16 12:51:30+05:30,3135.7,2,3130.23,2186593,131391.0,204914.0,3163.0,3163.0,3108.0,3134.3,31991400,3447.7,2820.9,3839.9,2896.0,3135.6,86,7,3135.5,2,1,3135.4,26,2,3135.3,5,1,3135.2,87,6,3135.7,104,4,3135.8,20,1,3136.0,200,1,3136.1,200,1,3136.3,600,3
2031,2026-06-16 12:51:31+05:30,3135.6,9,3130.23,2186593,131391.0,204914.0,3163.0,3163.0,3108.0,3134.3,31991400,3447.7,2820.9,3839.9,2896.0,3135.6,86,7,3135.5,2,1,3135.4,26,2,3135.3,5,1,3135.2,87,6,3135.7,104,4,3135.8,20,1,3136.0,200,1,3136.1,200,1,3136.3,600,3
2031,2026-06-16 12:51:31+05:30,3135.6,6,3130.23,2186690,131319.0,205026.0,3163.0,3163.0,3108.0,3134.3,31991400,3447.7,2820.9,3839.9,2896.0,3135.6,25,3,3135.5,13,1,3135.4,3,1,3135.3,23,3,3135.2,70,5,3135.7,27,3,3136.0,200,1,3136.1,200,1,3136.3,600,3,3136.5,200,1
2031,2026-06-16 12:51:32+05:30,3135.7,1,3130.23,2186690,131319.0,205026.0,3163.0,3163.0,3108.0,3134.3,31991400,3447.7,2820.9,3839.9,2896.0,3135.6,25,3,3135.5,13,1,3135.4,3,1,3135.3,23,3,3135.2,70,5,3135.7,27,3,3136.0,200,1,3136.1,200,1,3136.3,600,3,3136.5,200,1
2031,2026-06-16 12:51:32+05:30,3135.6,2,3130.23,2186693,131266.0,205035.0,3163.0,3163.0,3108.0,3134.3,31991400,3447.7,2820.9,3839.9,2896.0,3135.6,33,6,3135.4,16,2,3135.3,23,3,3135.2,22,4,3135.0,79,11,3135.7,26,2,3136.0,200,1,3136.1,200,1,3136.3,600,3,3136.5,200,1
2031,2026-06-16 12:51:33+05:30,3135.6,1,3130.23,2186693,131266.0,205035.0,3163.0,3163.0,3108.0,3134.3,31991400,3447.7,2820.9,3839.9,2896.0,3135.6,33,6,3135.4,16,2,3135.3,23,3,3135.2,22,4,3135.0,79,11,3135.7,26,2,3136.0,200,1,3136.1,200,1,3136.3,600,3,3136.5,200,1
2031,2026-06-16 12:51:33+05:30,3135.6,1,3130.23,2186794,131550.0,205056.0,3163.0,3163.0,3108.0,3134.3,31991400,3447.7,2820.9,3839.9,2896.0,3135.6,147,8,3135.5,12,2,3135.4,33,3,3135.3,30,2,3135.2,66,4,3136.0,160,1,3136.1,200,1,3136.3,600,3,3136.5,200,1,3136.8,20,1
2031,2026-06-16 12:51:34+05:30,3135.6,1,3130.23,2186794,131498.0,205024.0,3163.0,3163.0,3108.0,3134.3,31991400,3447.7,2820.9,3839.9,2896.0,3135.6,147,8,3135.5,12,2,3135.4,33,3,3135.3,30,2,3135.2,20,3,3135.8,1,1,3136.0,160,1,3136.1,200,1,3136.3,600,3,3136.5,200,1
2031,2026-06-16 12:51:35+05:30,3135.6,27,3130.23,2186794,131498.0,205024.0,3163.0,3163.0,3108.0,3134.3,31991400,3447.7,2820.9,3839.9,2896.0,3135.6,147,8,3135.5,12,2,3135.4,33,3,3135.3,30,2,3135.2,20,3,3135.8,1,1,3136.0,160,1,3136.1,200,1,3136.3,600,3,3136.5,200,1
2031,2026-06-16 12:51:35+05:30,3135.8,1,3130.23,2186839,131599.0,205115.0,3163.0,3163.0,3108.0,3134.3,31991400,3447.7,2820.9,3839.9,2896.0,3135.8,15,1,3135.6,104,6,3135.4,26,2,3135.3,5,1,3135.2,49,4,3136.0,160,1,3136.1,200,1,3136.3,600,3,3136.5,200,1,3136.8,20,1
2031,2026-06-16 12:51:36+05:30,3136.0,1,3130.23,2186839,131599.0,205115.0,3163.0,3163.0,3108.0,3134.3,31991400,3447.7,2820.9,3839.9,2896.0,3135.8,15,1,3135.6,104,6,3135.4,26,2,3135.3,5,1,3135.2,49,4,3136.0,160,1,3136.1,200,1,3136.3,600,3,3136.5,200,1,3136.8,20,1
2031,2026-06-16 12:51:36+05:30,3136.0,1,3130.23,2186840,131721.0,205113.0,3163.0,3163.0,3108.0,3134.3,31991400,3447.7,2820.9,3839.9,2896.0,3135.8,15,1,3135.6,104,6,3135.4,26,2,3135.3,5,1,3135.2,49,4,3136.0,159,1,3136.1,200,1,3136.3,600,3,3136.5,200,1,3136.8,20,1
2031,2026-06-16 12:51:37+05:30,3136.0,6,3130.23,2187005,131874.0,204742.0,3163.0,3163.0,3108.0,3134.3,31991400,3447.7,2820.9,3839.9,2896.0,3135.6,126,8,3135.4,26,2,3135.3,5,1,3135.2,58,5,3135.1,38,2,3136.0,194,1,3136.1,200,1,3136.3,600,3,3136.5,200,1,3136.9,12,1
2031,2026-06-16 12:51:38+05:30,3136.0,6,3130.23,2187005,131874.0,204742.0,3163.0,3163.0,3108.0,3134.3,31991400,3447.7,2820.9,3839.9,2896.0,3135.6,126,8,3135.4,26,2,3135.3,5,1,3135.2,58,5,3135.1,38,2,3136.0,194,1,3136.1,200,1,3136.3,600,3,3136.5,200,1,3136.9,12,1
2031,2026-06-16 12:51:38+05:30,3136.0,6,3130.23,2187005,131875.0,205012.0,3163.0,3163.0,3108.0,3134.3,31991400,3447.7,2820.9,3839.9,2896.0,3135.6,126,8,3135.4,26,2,3135.3,5,1,3135.2,58,5,3135.1,38,2,3136.0,194,1,3136.1,200,1,3136.3,600,3,3136.5,200,1,3136.8,22,1
2031,2026-06-16 12:51:39+05:30,3135.6,2,3130.23,2187005,131875.0,205012.0,3163.0,3163.0,3108.0,3134.3,31991400,3447.7,2820.9,3839.9,2896.0,3135.6,126,8,3135.4,26,2,3135.3,5,1,3135.2,58,5,3135.1,38,2,3136.0,194,1,3136.1,200,1,3136.3,600,3,3136.5,200,1,3136.8,22,1
2031,2026-06-16 12:51:39+05:30,3136.0,1,3130.23,2187008,131748.0,205057.0,3163.0,3163.0,3108.0,3134.3,31991400,3447.7,2820.9,3839.9,2896.0,3135.6,123,7,3135.4,26,2,3135.3,5,1,3135.2,104,6,3135.1,41,3,3136.0,193,1,3136.1,200,1,3136.3,600,3,3136.5,200,1,3136.8,22,1
2031,2026-06-16 12:51:40+05:30,3136.0,6,3130.23,2187008,131748.0,205057.0,3163.0,3163.0,3108.0,3134.3,31991400,3447.7,2820.9,3839.9,2896.0,3135.6,123,7,3135.4,26,2,3135.3,5,1,3135.2,104,6,3135.1,41,3,3136.0,193,1,3136.1,200,1,3136.3,600,3,3136.5,200,1,3136.8,22,1
2031,2026-06-16 12:51:40+05:30,3136.0,6,3130.23,2187041,131880.0,205221.0,3163.0,3163.0,3108.0,3134.3,31991400,3447.7,2820.9,3839.9,2896.0,3135.7,16,1,3135.6,87,3,3135.4,13,1,3135.3,5,1,3135.2,58,5,3136.0,161,2,3136.1,200,1,3136.3,600,3,3136.5,200,1,3136.8,22,1
2031,2026-06-16 12:51:41+05:30,3136.0,6,3130.23,2187041,131753.0,205230.0,3163.0,3163.0,3108.0,3134.3,31991400,3447.7,2820.9,3839.9,2896.0,3135.7,16,1,3135.6,87,3,3135.4,13,1,3135.3,18,2,3135.2,58,5,3136.0,161,2,3136.1,200,1,3136.3,600,3,3136.5,200,1,3136.8,22,1
2031,2026-06-16 12:51:42+05:30,3136.0,9,3130.23,2187041,131753.0,205230.0,3163.0,3163.0,3108.0,3134.3,31991400,3447.7,2820.9,3839.9,2896.0,3135.7,16,1,3135.6,87,3,3135.4,13,1,3135.3,18,2,3135.2,58,5,3136.0,161,2,3136.1,200,1,3136.3,600,3,3136.5,200,1,3136.8,22,1
2031,2026-06-16 12:51:42+05:30,3136.0,1,3130.23,2187051,131703.0,205416.0,3163.0,3163.0,3108.0,3134.3,31991400,3447.7,2820.9,3839.9,2896.0,3135.7,16,1,3135.6,85,2,3135.3,5,1,3135.2,16,3,3135.1,38,2,3136.0,213,4,3136.1,200,1,3136.3,600,3,3136.5,200,1,3136.8,63,2
2031,2026-06-16 12:51:43+05:30,3136.0,1,3130.23,2187051,131703.0,205416.0,3163.0,3163.0,3108.0,3134.3,31991400,3447.7,2820.9,3839.9,2896.0,3135.7,16,1,3135.6,85,2,3135.3,5,1,3135.2,16,3,3135.1,38,2,3136.0,213,4,3136.1,200,1,3136.3,600,3,3136.5,200,1,3136.8,63,2
2031,2026-06-16 12:51:43+05:30,3136.0,1,3130.23,2187052,131897.0,205418.0,3163.0,3163.0,3108.0,3134.3,31991400,3447.7,2820.9,3839.9,2896.0,3135.7,16,1,3135.6,85,2,3135.3,5,1,3135.2,16,3,3135.1,38,2,3136.0,212,4,3136.1,200,1,3136.3,600,3,3136.5,200,1,3136.8,63,2
2031,2026-06-16 12:51:44+05:30,3136.0,8,3130.23,2187052,131897.0,205418.0,3163.0,3163.0,3108.0,3134.3,31991400,3447.7,2820.9,3839.9,2896.0,3135.7,16,1,3135.6,85,2,3135.3,5,1,3135.2,16,3,3135.1,38,2,3136.0,212,4,3136.1,200,1,3136.3,600,3,3136.5,200,1,3136.8,63,2
2031,2026-06-16 12:51:44+05:30,3136.0,8,3130.23,2187210,132088.0,205262.0,3163.0,3163.0,3108.0,3134.3,31991400,3447.7,2820.9,3839.9,2896.0,3135.6,101,3,3135.2,7,2,3135.1,51,3,3135.0,92,10,3134.9,80,3,3136.0,254,3,3136.1,200,1,3136.3,600,3,3136.5,200,1,3136.8,63,2
2031,2026-06-16 12:51:45+05:30,3135.8,1,3130.23,2187215,131808.0,205507.0,3163.0,3163.0,3108.0,3134.3,31991400,3447.7,2820.9,3839.9,2896.0,3135.6,102,4,3135.3,14,2,3135.1,55,2,3135.0,73,9,3134.9,80,3,3135.7,195,1,3136.0,256,4,3136.1,202,2,3136.3,603,4,3136.5,202,2
2031,2026-06-16 12:51:46+05:30,3135.6,44,3130.23,2187215,131808.0,205507.0,3163.0,3163.0,3108.0,3134.3,31991400,3447.7,2820.9,3839.9,2896.0,3135.6,102,4,3135.3,14,2,3135.1,55,2,3135.0,73,9,3134.9,80,3,3135.7,195,1,3136.0,256,4,3136.1,202,2,3136.3,603,4,3136.5,202,2
2031,2026-06-16 12:51:46+05:30,3135.7,165,3130.23,2187446,131822.0,205316.0,3163.0,3163.0,3108.0,3134.3,31991400,3447.7,2820.9,3839.9,2896.0,3135.6,89,5,3135.4,8,1,3135.3,1,1,3135.1,77,3,3135.0,89,9,3135.7,28,2,3136.0,238,3,3136.1,202,2,3136.3,603,4,3136.5,202,2
2031,2026-06-16 12:51:47+05:30,3135.6,10,3130.23,2187446,131822.0,205316.0,3163.0,3163.0,3108.0,3134.3,31991400,3447.7,2820.9,3839.9,2896.0,3135.6,89,5,3135.4,8,1,3135.3,1,1,3135.1,77,3,3135.0,89,9,3135.7,28,2,3136.0,238,3,3136.1,202,2,3136.3,603,4,3136.5,202,2
2031,2026-06-16 12:51:47+05:30,3135.6,10,3130.23,2187456,131830.0,205233.0,3163.0,3163.0,3108.0,3134.3,31991400,3447.7,2820.9,3839.9,2896.0,3135.6,70,4,3135.4,8,1,3135.3,1,1,3135.2,6,1,3135.1,29,2,3135.7,21,3,3136.0,288,4,3136.1,202,2,3136.3,603,4,3136.5,202,2
2031,2026-06-16 12:51:48+05:30,3135.7,1,3130.23,2187456,131830.0,205233.0,3163.0,3163.0,3108.0,3134.3,31991400,3447.7,2820.9,3839.9,2896.0,3135.6,70,4,3135.4,8,1,3135.3,1,1,3135.2,6,1,3135.1,29,2,3135.7,21,3,3136.0,288,4,3136.1,202,2,3136.3,603,4,3136.5,202,2
2031,2026-06-16 12:51:48+05:30,3136.0,42,3130.23,2187757,131614.0,204943.0,3163.0,3163.0,3108.0,3134.3,31991400,3447.7,2820.9,3839.9,2896.0,3135.6,70,4,3135.3,5,2,3135.1,42,3,3135.0,39,7,3134.9,72,3,3135.7,1,1,3136.0,18,3,3136.1,202,2,3136.3,603,4,3136.5,202,2
2031,2026-06-16 12:51:49+05:30,3135.7,1,3130.23,2187757,131614.0,204943.0,3163.0,3163.0,3108.0,3134.3,31991400,3447.7,2820.9,3839.9,2896.0,3135.6,70,4,3135.3,5,2,3135.1,42,3,3135.0,39,7,3134.9,72,3,3135.7,1,1,3136.0,18,3,3136.1,202,2,3136.3,603,4,3136.5,202,2
2031,2026-06-16 12:51:49+05:30,3135.7,1,3130.23,2187758,131642.0,205014.0,3163.0,3163.0,3108.0,3134.3,31991400,3447.7,2820.9,3839.9,2896.0,3135.6,70,4,3135.3,1,1,3135.1,41,2,3135.0,39,7,3134.9,59,2,3135.7,35,2,3136.0,210,3,3136.1,202,2,3136.3,603,4,3136.5,202,2
2031,2026-06-16 12:51:50+05:30,3135.7,22,3130.23,2187781,131769.0,205035.0,3163.0,3163.0,3108.0,3134.3,31991400,3447.7,2820.9,3839.9,2896.0,3135.6,87,5,3135.5,13,1,3135.4,3,1,3135.3,5,2,3135.2,11,1,3135.7,13,2,3136.0,210,3,3136.1,202,2,3136.3,603,4,3136.5,202,2
2031,2026-06-16 12:51:51+05:30,3135.7,22,3130.23,2187781,131769.0,205035.0,3163.0,3163.0,3108.0,3134.3,31991400,3447.7,2820.9,3839.9,2896.0,3135.6,87,5,3135.5,13,1,3135.4,3,1,3135.3,5,2,3135.2,11,1,3135.7,13,2,3136.0,210,3,3136.1,202,2,3136.3,603,4,3136.5,202,2
2031,2026-06-16 12:51:51+05:30,3135.7,11,3130.23,2187792,131786.0,204994.0,3163.0,3163.0,3108.0,3134.3,31991400,3447.7,2820.9,3839.9,2896.0,3135.6,87,5,3135.5,13,1,3135.4,3,1,3135.3,18,3,3135.2,11,1,3135.7,2,2,3136.0,210,3,3136.1,202,2,3136.3,603,4,3136.5,202,2
2031,2026-06-16 12:51:52+05:30,3135.7,11,3130.23,2187792,131786.0,204994.0,3163.0,3163.0,3108.0,3134.3,31991400,3447.7,2820.9,3839.9,2896.0,3135.6,87,5,3135.5,13,1,3135.4,3,1,3135.3,18,3,3135.2,11,1,3135.7,2,2,3136.0,210,3,3136.1,202,2,3136.3,603,4,3136.5,202,2
2031,2026-06-16 12:51:52+05:30,3135.7,11,3130.23,2187792,131787.0,204999.0,3163.0,3163.0,3108.0,3134.3,31991400,3447.7,2820.9,3839.9,2896.0,3135.6,87,5,3135.5,13,1,3135.4,3,1,3135.3,18,3,3135.2,11,1,3135.7,2,2,3136.0,210,3,3136.1,202,2,3136.3,603,4,3136.5,202,2
2031,2026-06-16 12:51:53+05:30,3135.7,1,3130.23,2187793,131792.0,204965.0,3163.0,3163.0,3108.0,3134.3,31991400,3447.7,2820.9,3839.9,2896.0,3135.6,106,7,3135.5,2,1,3135.4,16,2,3135.3,18,3,3135.2,12,2,3135.7,1,1,3136.0,210,3,3136.1,202,2,3136.3,603,4,3136.5,202,2
2031,2026-06-16 12:51:54+05:30,3135.7,1,3130.23,2187793,131792.0,204965.0,3163.0,3163.0,3108.0,3134.3,31991400,3447.7,2820.9,3839.9,2896.0,3135.6,106,7,3135.5,2,1,3135.4,16,2,3135.3,18,3,3135.2,12,2,3135.7,1,1,3136.0,210,3,3136.1,202,2,3136.3,603,4,3136.5,202,2
2031,2026-06-16 12:51:54+05:30,3135.7,1,3130.23,2187794,131967.0,205157.0,3163.0,3163.0,3108.0,3134.3,31991400,3447.7,2820.9,3839.9,2896.0,3135.7,16,2,3135.6,89,6,3135.5,15,2,3135.4,16,2,3135.3,5,2,3136.0,210,3,3136.1,202,2,3136.3,603,4,3136.5,202,2,3136.8,22,1
2031,2026-06-16 12:51:55+05:30,3136.0,2,3130.23,2187794,131967.0,205157.0,3163.0,3163.0,3108.0,3134.3,31991400,3447.7,2820.9,3839.9,2896.0,3135.7,16,2,3135.6,89,6,3135.5,15,2,3135.4,16,2,3135.3,5,2,3136.0,210,3,3136.1,202,2,3136.3,603,4,3136.5,202,2,3136.8,22,1
2031,2026-06-16 12:51:55+05:30,3136.0,2,3130.23,2188004,131956.0,205168.0,3163.0,3163.0,3108.0,3134.3,31991400,3447.7,2820.9,3839.9,2896.0,3135.6,79,4,3135.4,13,1,3135.3,5,2,3135.2,43,5,3135.1,67,4,3136.0,278,4,3136.1,202,2,3136.3,603,4,3136.5,202,2,3136.8,71,2
2031,2026-06-16 12:51:56+05:30,3136.0,1,3130.23,2188004,131956.0,205168.0,3163.0,3163.0,3108.0,3134.3,31991400,3447.7,2820.9,3839.9,2896.0,3135.6,79,4,3135.4,13,1,3135.3,5,2,3135.2,43,5,3135.1,67,4,3136.0,278,4,3136.1,202,2,3136.3,603,4,3136.5,202,2,3136.8,71,2
2031,2026-06-16 12:51:56+05:30,3136.0,1,3130.23,2188005,131923.0,205255.0,3163.0,3163.0,3108.0,3134.3,31991400,3447.7,2820.9,3839.9,2896.0,3135.6,171,10,3135.5,6,1,3135.4,33,3,3135.3,5,2,3135.2,43,5,3136.0,277,4,3136.1,202,2,3136.3,603,4,3136.5,202,2,3136.8,71,2
2031,2026-06-16 12:51:57+05:30,3136.0,1,3130.23,2188005,131903.0,205270.0,3163.0,3163.0,3108.0,3134.3,31991400,3447.7,2820.9,3839.9,2896.0,3135.6,153,7,3135.5,6,1,3135.4,20,2,3135.3,5,2,3135.2,42,5,3135.9,45,1,3136.0,234,4,3136.1,202,2,3136.3,603,4,3136.5,202,2
2031,2026-06-16 12:51:58+05:30,3135.9,1,3130.23,2188027,131863.0,205070.0,3163.0,3163.0,3108.0,3134.3,31991400,3447.7,2820.9,3839.9,2896.0,3135.6,147,7,3135.5,13,1,3135.4,7,1,3135.3,12,3,3135.2,29,4,3135.9,48,2,3136.0,209,3,3136.1,202,2,3136.3,603,4,3136.5,202,2
2031,2026-06-16 12:51:59+05:30,3135.9,1,3130.23,2188027,131863.0,205070.0,3163.0,3163.0,3108.0,3134.3,31991400,3447.7,2820.9,3839.9,2896.0,3135.6,147,7,3135.5,13,1,3135.4,7,1,3135.3,12,3,3135.2,29,4,3135.9,48,2,3136.0,209,3,3136.1,202,2,3136.3,603,4,3136.5,202,2
2031,2026-06-16 12:51:59+05:30,3135.9,1,3130.23,2188027,132033.0,205464.0,3163.0,3163.0,3108.0,3134.3,31991400,3447.7,2820.9,3839.9,2896.0,3135.7,17,1,3135.6,138,6,3135.5,4,1,3135.4,33,3,3135.3,12,3,3135.9,48,2,3136.0,209,3,3136.1,202,2,3136.3,603,4,3136.5,202,2
2031,2026-06-16 12:52:00+05:30,3135.9,1,3130.23,2188027,131878.0,205255.0,3163.0,3163.0,3108.0,3134.3,31991400,3447.7,2820.9,3839.9,2896.0,3135.8,7,3,3135.7,21,4,3135.6,145,7,3135.5,4,1,3135.4,33,3,3135.9,50,4,3136.0,209,3,3136.1,202,2,3136.3,603,4,3136.5,202,2
2031,2026-06-16 12:52:01+05:30,3135.9,45,3130.23,2188122,131892.0,205210.0,3163.0,3163.0,3108.0,3134.3,31991400,3447.7,2820.9,3839.9,2896.0,3135.9,15,1,3135.8,7,3,3135.7,4,3,3135.6,145,7,3135.5,4,1,3136.0,209,3,3136.1,202,2,3136.3,603,4,3136.5,202,2,3136.8,22,1
2031,2026-06-16 12:52:02+05:30,3135.9,45,3130.23,2188122,131892.0,205210.0,3163.0,3163.0,3108.0,3134.3,31991400,3447.7,2820.9,3839.9,2896.0,3135.9,15,1,3135.8,7,3,3135.7,4,3,3135.6,145,7,3135.5,4,1,3136.0,209,3,3136.1,202,2,3136.3,603,4,3136.5,202,2,3136.8,22,1
2031,2026-06-16 12:52:02+05:30,3136.0,1,3130.23,2188123,132034.0,205210.0,3163.0,3163.0,3108.0,3134.3,31991400,3447.7,2820.9,3839.9,2896.0,3135.9,15,1,3135.8,7,3,3135.7,17,3,3135.6,130,6,3135.5,4,1,3136.0,208,3,3136.1,202,2,3136.3,603,4,3136.5,202,2,3136.8,22,1
2031,2026-06-16 12:52:03+05:30,3136.0,1,3130.23,2188123,132034.0,205210.0,3163.0,3163.0,3108.0,3134.3,31991400,3447.7,2820.9,3839.9,2896.0,3135.9,15,1,3135.8,7,3,3135.7,17,3,3135.6,130,6,3135.5,4,1,3136.0,208,3,3136.1,202,2,3136.3,603,4,3136.5,202,2,3136.8,22,1
2031,2026-06-16 12:52:03+05:30,3136.0,1,3130.23,2188123,132058.0,205195.0,3163.0,3163.0,3108.0,3134.3,31991400,3447.7,2820.9,3839.9,2896.0,3135.9,15,1,3135.8,7,3,3135.7,33,5,3135.6,130,6,3135.5,4,1,3136.0,208,3,3136.1,202,2,3136.3,603,4,3136.5,202,2,3136.9,12,1
2031,2026-06-16 12:52:04+05:30,3136.0,143,3130.23,2188123,132058.0,205195.0,3163.0,3163.0,3108.0,3134.3,31991400,3447.7,2820.9,3839.9,2896.0,3135.9,15,1,3135.8,7,3,3135.7,33,5,3135.6,130,6,3135.5,4,1,3136.0,208,3,3136.1,202,2,3136.3,603,4,3136.5,202,2,3136.9,12,1
2031,2026-06-16 12:52:04+05:30,3136.0,143,3130.23,2188267,131917.0,205058.0,3163.0,3163.0,3108.0,3134.3,31991400,3447.7,2820.9,3839.9,2896.0,3135.9,15,1,3135.8,7,3,3135.7,18,4,3135.6,80,5,3135.5,4,1,3136.0,64,3,3136.1,202,2,3136.3,603,4,3136.5,202,2,3136.9,12,1
2031,2026-06-16 12:52:05+05:30,3136.0,143,3130.23,2188267,131917.0,205058.0,3163.0,3163.0,3108.0,3134.3,31991400,3447.7,2820.9,3839.9,2896.0,3135.9,15,1,3135.8,7,3,3135.7,18,4,3135.6,80,5,3135.5,4,1,3136.0,64,3,3136.1,202,2,3136.3,603,4,3136.5,202,2,3136.9,12,1
2031,2026-06-16 12:52:05+05:30,3135.9,2,3130.23,2188278,131808.0,205333.0,3163.0,3163.0,3108.0,3134.3,31991400,3447.7,2820.9,3839.9,2896.0,3135.9,21,4,3135.8,16,1,3135.7,29,4,3135.6,60,4,3135.5,6,1,3136.0,294,5,3136.1,202,2,3136.3,603,4,3136.5,202,2,3136.9,12,1
2031,2026-06-16 12:52:06+05:30,3136.1,3,3130.23,2188278,131808.0,205333.0,3163.0,3163.0,3108.0,3134.3,31991400,3447.7,2820.9,3839.9,2896.0,3135.9,21,4,3135.8,16,1,3135.7,29,4,3135.6,60,4,3135.5,6,1,3136.0,294,5,3136.1,202,2,3136.3,603,4,3136.5,202,2,3136.9,12,1
2031,2026-06-16 12:52:06+05:30,3136.1,3,3130.24,2188991,132216.0,202283.0,3163.0,3163.0,3108.0,3134.3,31991400,3447.7,2820.9,3839.9,2896.0,3136.0,85,5,3135.9,364,7,3135.8,28,3,3135.7,64,6,3135.6,73,5,3136.3,3,1,3136.5,2,1,3136.9,12,1,3137.0,100,1,3137.2,21,1
2031,2026-06-16 12:52:07+05:30,3136.1,3,3130.24,2188991,132216.0,202283.0,3163.0,3163.0,3108.0,3134.3,31991400,3447.7,2820.9,3839.9,2896.0,3136.0,85,5,3135.9,364,7,3135.8,28,3,3135.7,64,6,3135.6,73,5,3136.3,3,1,3136.5,2,1,3136.9,12,1,3137.0,100,1,3137.2,21,1
2031,2026-06-16 12:52:07+05:30,3136.0,59,3130.24,2188991,132216.0,202283.0,3163.0,3163.0,3108.0,3134.3,31991400,3447.7,2820.9,3839.9,2896.0,3136.0,85,5,3135.9,364,7,3135.8,28,3,3135.7,64,6,3135.6,73,5,3136.3,3,1,3136.5,2,1,3136.9,12,1,3137.0,100,1,3137.2,21,1
2031,2026-06-16 12:52:07+05:30,3136.0,59,3130.24,2189191,132438.0,202986.0,3163.0,3163.0,3108.0,3134.3,31991400,3447.7,2820.9,3839.9,2896.0,3136.1,65,8,3136.0,58,5,3135.9,185,8,3135.8,228,4,3135.7,63,4,3136.3,8,4,3136.5,2,1,3136.9,12,1,3137.0,100,1,3137.2,21,1
2031,2026-06-16 12:52:08+05:30,3135.9,8,3130.24,2189191,132438.0,202986.0,3163.0,3163.0,3108.0,3134.3,31991400,3447.7,2820.9,3839.9,2896.0,3136.1,65,8,3136.0,58,5,3135.9,185,8,3135.8,228,4,3135.7,63,4,3136.3,8,4,3136.5,2,1,3136.9,12,1,3137.0,100,1,3137.2,21,1
2031,2026-06-16 12:52:08+05:30,3136.3,1,3130.24,2189392,132462.0,203069.0,3163.0,3163.0,3108.0,3134.3,31991400,3447.7,2820.9,3839.9,2896.0,3136.1,88,6,3136.0,45,4,3135.9,218,10,3135.8,30,4,3135.7,44,3,3136.3,44,6,3136.5,2,1,3136.9,12,1,3137.0,100,1,3137.2,21,1
2031,2026-06-16 12:52:09+05:30,3136.3,1,3130.24,2189392,132462.0,203069.0,3163.0,3163.0,3108.0,3134.3,31991400,3447.7,2820.9,3839.9,2896.0,3136.1,88,6,3136.0,45,4,3135.9,218,10,3135.8,30,4,3135.7,44,3,3136.3,44,6,3136.5,2,1,3136.9,12,1,3137.0,100,1,3137.2,21,1
2031,2026-06-16 12:52:09+05:30,3136.3,1,3130.24,2189392,132462.0,203069.0,3163.0,3163.0,3108.0,3134.3,31991400,3447.7,2820.9,3839.9,2896.0,3136.1,88,6,3136.0,45,4,3135.9,218,10,3135.8,30,4,3135.7,44,3,3136.3,44,6,3136.5,2,1,3136.9,12,1,3137.0,100,1,3137.2,21,1
2031,2026-06-16 12:52:09+05:30,3136.3,1,3130.24,2189864,132774.0,202962.0,3163.0,3163.0,3108.0,3134.3,31991400,3447.7,2820.9,3839.9,2896.0,3136.4,35,5,3136.3,26,2,3136.2,41,7,3136.1,5,1,3136.0,25,3,3136.5,2,1,3136.9,12,1,3137.0,100,1,3137.4,21,1,3137.6,222,2
2031,2026-06-16 12:52:10+05:30,3136.9,1,3130.24,2189864,132774.0,202962.0,3163.0,3163.0,3108.0,3134.3,31991400,3447.7,2820.9,3839.9,2896.0,3136.4,35,5,3136.3,26,2,3136.2,41,7,3136.1,5,1,3136.0,25,3,3136.5,2,1,3136.9,12,1,3137.0,100,1,3137.4,21,1,3137.6,222,2
2031,2026-06-16 12:52:10+05:30,3136.3,48,3130.24,2189993,132523.0,203335.0,3163.0,3163.0,3108.0,3134.3,31991400,3447.7,2820.9,3839.9,2896.0,3136.2,36,7,3136.1,2,1,3136.0,40,4,3135.9,209,7,3135.8,31,5,3136.3,79,1,3136.9,11,1,3137.0,100,1,3137.4,22,1,3137.6,222,2
2031,2026-06-16 12:52:11+05:30,3136.3,48,3130.24,2189993,132523.0,203335.0,3163.0,3163.0,3108.0,3134.3,31991400,3447.7,2820.9,3839.9,2896.0,3136.2,36,7,3136.1,2,1,3136.0,40,4,3135.9,209,7,3135.8,31,5,3136.3,79,1,3136.9,11,1,3137.0,100,1,3137.4,22,1,3137.6,222,2
2031,2026-06-16 12:52:11+05:30,3136.3,48,3130.24,2189993,132523.0,203335.0,3163.0,3163.0,3108.0,3134.3,31991400,3447.7,2820.9,3839.9,2896.0,3136.2,36,7,3136.1,2,1,3136.0,40,4,3135.9,209,7,3135.8,31,5,3136.3,79,1,3136.9,11,1,3137.0,100,1,3137.4,22,1,3137.6,222,2
2031,2026-06-16 12:52:12+05:30,3136.3,11,3130.24,2190004,132488.0,203320.0,3163.0,3163.0,3108.0,3134.3,31991400,3447.7,2820.9,3839.9,2896.0,3136.2,80,8,3136.1,29,3,3136.0,41,4,3135.9,195,7,3135.8,31,5,3136.3,68,1,3136.9,11,1,3137.0,100,1,3137.4,22,1,3137.6,270,3
2031,2026-06-16 12:52:12+05:30,3136.9,6,3130.24,2190004,132488.0,203320.0,3163.0,3163.0,3108.0,3134.3,31991400,3447.7,2820.9,3839.9,2896.0,3136.2,80,8,3136.1,29,3,3136.0,41,4,3135.9,195,7,3135.8,31,5,3136.3,68,1,3136.9,11,1,3137.0,100,1,3137.4,22,1,3137.6,270,3
2031,2026-06-16 12:52:13+05:30,3136.2,12,3130.24,2190091,132766.0,202837.0,3163.0,3163.0,3108.0,3134.3,31991400,3447.7,2820.9,3839.9,2896.0,3136.2,76,8,3136.1,26,3,3136.0,80,7,3135.9,182,6,3135.8,52,6,3136.9,5,1,3137.0,100,1,3137.6,270,3,3137.7,214,2,3137.8,276,4
2031,2026-06-16 12:52:13+05:30,3136.2,12,3130.24,2190091,132766.0,202837.0,3163.0,3163.0,3108.0,3134.3,31991400,3447.7,2820.9,3839.9,2896.0,3136.2,76,8,3136.1,26,3,3136.0,80,7,3135.9,182,6,3135.8,52,6,3136.9,5,1,3137.0,100,1,3137.6,270,3,3137.7,214,2,3137.8,276,4
2031,2026-06-16 12:52:13+05:30,3136.2,12,3130.24,2190091,132766.0,202837.0,3163.0,3163.0,3108.0,3134.3,31991400,3447.7,2820.9,3839.9,2896.0,3136.2,76,8,3136.1,26,3,3136.0,80,7,3135.9,182,6,3135.8,52,6,3136.9,5,1,3137.0,100,1,3137.6,270,3,3137.7,214,2,3137.8,276,4
2031,2026-06-16 12:52:14+05:30,3136.9,2,3130.24,2190091,132766.0,202837.0,3163.0,3163.0,3108.0,3134.3,31991400,3447.7,2820.9,3839.9,2896.0,3136.2,76,8,3136.1,26,3,3136.0,80,7,3135.9,182,6,3135.8,52,6,3136.9,5,1,3137.0,100,1,3137.6,270,3,3137.7,214,2,3137.8,276,4
2031,2026-06-16 12:52:14+05:30,3136.9,2,3130.24,2190093,132766.0,202679.0,3163.0,3163.0,3108.0,3134.3,31991400,3447.7,2820.9,3839.9,2896.0,3136.2,91,9,3136.1,42,4,3136.0,47,5,3135.9,182,6,3135.8,52,6,3136.9,3,1,3137.0,100,1,3137.6,270,3,3137.7,14,1,3137.8,276,4
2031,2026-06-16 12:52:14+05:30,3136.9,2,3130.24,2190093,132766.0,202679.0,3163.0,3163.0,3108.0,3134.3,31991400,3447.7,2820.9,3839.9,2896.0,3136.2,91,9,3136.1,42,4,3136.0,47,5,3135.9,182,6,3135.8,52,6,3136.9,3,1,3137.0,100,1,3137.6,270,3,3137.7,14,1,3137.8,276,4
2031,2026-06-16 12:52:15+05:30,3136.9,2,3130.24,2190093,132766.0,202679.0,3163.0,3163.0,3108.0,3134.3,31991400,3447.7,2820.9,3839.9,2896.0,3136.2,91,9,3136.1,42,4,3136.0,47,5,3135.9,182,6,3135.8,52,6,3136.9,3,1,3137.0,100,1,3137.6,270,3,3137.7,14,1,3137.8,276,4
2031,2026-06-16 12:52:15+05:30,3136.9,2,3130.24,2190096,132788.0,202892.0,3163.0,3163.0,3108.0,3134.3,31991400,3447.7,2820.9,3839.9,2896.0,3136.2,92,10,3136.1,42,4,3136.0,47,5,3135.9,182,6,3135.8,101,7,3137.0,100,1,3137.6,270,3,3137.7,14,1,3137.8,276,4,3137.9,222,3
2031,2026-06-16 12:52:16+05:30,3137.0,1,3130.24,2190096,132788.0,202892.0,3163.0,3163.0,3108.0,3134.3,31991400,3447.7,2820.9,3839.9,2896.0,3136.2,92,10,3136.1,42,4,3136.0,47,5,3135.9,182,6,3135.8,101,7,3137.0,100,1,3137.6,270,3,3137.7,14,1,3137.8,276,4,3137.9,222,3
2031,2026-06-16 12:52:16+05:30,3137.0,1,3130.24,2190097,132987.0,203063.0,3163.0,3163.0,3108.0,3134.3,31991400,3447.7,2820.9,3839.9,2896.0,3136.6,7,3,3136.5,46,4,3136.4,13,1,3136.3,6,1,3136.2,92,10,3137.0,99,1,3137.6,248,2,3137.7,14,1,3137.8,276,4,3137.9,201,2
2031,2026-06-16 12:52:16+05:30,3137.0,1,3130.24,2190097,132987.0,203063.0,3163.0,3163.0,3108.0,3134.3,31991400,3447.7,2820.9,3839.9,2896.0,3136.6,7,3,3136.5,46,4,3136.4,13,1,3136.3,6,1,3136.2,92,10,3137.0,99,1,3137.6,248,2,3137.7,14,1,3137.8,276,4,3137.9,201,2
2031,2026-06-16 12:52:17+05:30,3137.0,1,3130.24,2190097,133011.0,203110.0,3163.0,3163.0,3108.0,3134.3,31991400,3447.7,2820.9,3839.9,2896.0,3136.6,10,4,3136.5,69,6,3136.4,13,1,3136.3,6,1,3136.2,104,11,3137.0,99,1,3137.1,41,1,3137.6,248,2,3137.7,14,1,3137.8,276,4
2031,2026-06-16 12:52:17+05:30,3137.0,1,3130.24,2190097,133011.0,203110.0,3163.0,3163.0,3108.0,3134.3,31991400,3447.7,2820.9,3839.9,2896.0,3136.6,10,4,3136.5,69,6,3136.4,13,1,3136.3,6,1,3136.2,104,11,3137.0,99,1,3137.1,41,1,3137.6,248,2,3137.7,14,1,3137.8,276,4
2031,2026-06-16 12:52:18+05:30,3137.0,1,3130.24,2190097,133194.0,202914.0,3163.0,3163.0,3108.0,3134.3,31991400,3447.7,2820.9,3839.9,2896.0,3136.6,73,7,3136.5,52,5,3136.4,26,2,3136.2,131,11,3136.1,27,3,3137.0,99,1,3137.1,41,1,3137.6,200,1,3137.7,14,1,3137.8,276,4
2031,2026-06-16 12:52:18+05:30,3137.0,1,3130.24,2190097,133194.0,202914.0,3163.0,3163.0,3108.0,3134.3,31991400,3447.7,2820.9,3839.9,2896.0,3136.6,73,7,3136.5,52,5,3136.4,26,2,3136.2,131,11,3136.1,27,3,3137.0,99,1,3137.1,41,1,3137.6,200,1,3137.7,14,1,3137.8,276,4
2031,2026-06-16 12:52:19+05:30,3137.0,1,3130.24,2190097,133194.0,202914.0,3163.0,3163.0,3108.0,3134.3,31991400,3447.7,2820.9,3839.9,2896.0,3136.6,73,7,3136.5,52,5,3136.4,26,2,3136.2,131,11,3136.1,27,3,3137.0,99,1,3137.1,41,1,3137.6,200,1,3137.7,14,1,3137.8,276,4
2031,2026-06-16 12:52:19+05:30,3137.0,1,3130.24,2190097,133330.0,202940.0,3163.0,3163.0,3108.0,3134.3,31991400,3447.7,2820.9,3839.9,2896.0,3136.6,73,7,3136.5,52,5,3136.4,26,2,3136.2,131,11,3136.1,27,3,3137.0,99,1,3137.1,41,1,3137.6,200,1,3137.7,14,1,3137.8,276,4
2031,2026-06-16 12:52:19+05:30,3137.0,1,3130.24,2190097,133330.0,202940.0,3163.0,3163.0,3108.0,3134.3,31991400,3447.7,2820.9,3839.9,2896.0,3136.6,73,7,3136.5,52,5,3136.4,26,2,3136.2,131,11,3136.1,27,3,3137.0,99,1,3137.1,41,1,3137.6,200,1,3137.7,14,1,3137.8,276,4
2031,2026-06-16 12:52:20+05:30,3137.0,1,3130.24,2190097,133330.0,202940.0,3163.0,3163.0,3108.0,3134.3,31991400,3447.7,2820.9,3839.9,2896.0,3136.6,73,7,3136.5,52,5,3136.4,26,2,3136.2,131,11,3136.1,27,3,3137.0,99,1,3137.1,41,1,3137.6,200,1,3137.7,14,1,3137.8,276,4
2031,2026-06-16 12:52:20+05:30,3137.0,1,3130.24,2190098,133358.0,202962.0,3163.0,3163.0,3108.0,3134.3,31991400,3447.7,2820.9,3839.9,2896.0,3136.8,2,2,3136.7,13,1,3136.6,90,4,3136.5,39,4,3136.4,33,3,3137.0,98,1,3137.1,41,1,3137.6,200,1,3137.8,276,4,3137.9,201,2
2031,2026-06-16 12:52:20+05:30,3137.0,1,3130.24,2190098,133358.0,202962.0,3163.0,3163.0,3108.0,3134.3,31991400,3447.7,2820.9,3839.9,2896.0,3136.8,2,2,3136.7,13,1,3136.6,90,4,3136.5,39,4,3136.4,33,3,3137.0,98,1,3137.1,41,1,3137.6,200,1,3137.8,276,4,3137.9,201,2
2031,2026-06-16 12:52:21+05:30,3137.0,1,3130.24,2190098,133358.0,202962.0,3163.0,3163.0,3108.0,3134.3,31991400,3447.7,2820.9,3839.9,2896.0,3136.8,2,2,3136.7,13,1,3136.6,90,4,3136.5,39,4,3136.4,33,3,3137.0,98,1,3137.1,41,1,3137.6,200,1,3137.8,276,4,3137.9,201,2
2031,2026-06-16 12:52:21+05:30,3137.0,1,3130.24,2190098,133358.0,202962.0,3163.0,3163.0,3108.0,3134.3,31991400,3447.7,2820.9,3839.9,2896.0,3136.8,2,2,3136.7,13,1,3136.6,90,4,3136.5,39,4,3136.4,33,3,3137.0,98,1,3137.1,41,1,3137.6,200,1,3137.8,276,4,3137.9,201,2
2031,2026-06-16 12:52:21+05:30,3137.0,1,3130.24,2190099,133806.0,202868.0,3163.0,3163.0,3108.0,3134.3,31991400,3447.7,2820.9,3839.9,2896.0,3136.8,64,6,3136.7,3,1,3136.6,109,7,3136.5,39,4,3136.4,40,4,3137.0,183,3,3137.1,41,1,3137.6,200,1,3137.8,228,3,3137.9,201,2
2031,2026-06-16 12:52:22+05:30,3137.0,1,3130.24,2190099,133806.0,202868.0,3163.0,3163.0,3108.0,3134.3,31991400,3447.7,2820.9,3839.9,2896.0,3136.8,64,6,3136.7,3,1,3136.6,109,7,3136.5,39,4,3136.4,40,4,3137.0,183,3,3137.1,41,1,3137.6,200,1,3137.8,228,3,3137.9,201,2
2031,2026-06-16 12:52:22+05:30,3137.0,13,3130.24,2190099,133806.0,202868.0,3163.0,3163.0,3108.0,3134.3,31991400,3447.7,2820.9,3839.9,2896.0,3136.8,64,6,3136.7,3,1,3136.6,109,7,3136.5,39,4,3136.4,40,4,3137.0,183,3,3137.1,41,1,3137.6,200,1,3137.8,228,3,3137.9,201,2
2031,2026-06-16 12:52:22+05:30,3137.0,13,3130.24,2190295,133640.0,202587.0,3163.0,3163.0,3108.0,3134.3,31991400,3447.7,2820.9,3839.9,2896.0,3136.8,44,3,3136.7,16,2,3136.6,123,8,3136.5,39,4,3136.4,33,3,3137.0,52,2,3137.1,41,1,3137.6,200,1,3137.8,221,2,3137.9,201,2
2031,2026-06-16 12:52:22+05:30,3137.0,13,3130.24,2190295,133640.0,202587.0,3163.0,3163.0,3108.0,3134.3,31991400,3447.7,2820.9,3839.9,2896.0,3136.8,44,3,3136.7,16,2,3136.6,123,8,3136.5,39,4,3136.4,33,3,3137.0,52,2,3137.1,41,1,3137.6,200,1,3137.8,221,2,3137.9,201,2
2031,2026-06-16 12:52:23+05:30,3137.0,13,3130.24,2190295,133640.0,202587.0,3163.0,3163.0,3108.0,3134.3,31991400,3447.7,2820.9,3839.9,2896.0,3136.8,44,3,3136.7,16,2,3136.6,123,8,3136.5,39,4,3136.4,33,3,3137.0,52,2,3137.1,41,1,3137.6,200,1,3137.8,221,2,3137.9,201,2
2031,2026-06-16 12:52:24+05:30,3137.0,13,3130.24,2190295,133747.0,202601.0,3163.0,3163.0,3108.0,3134.3,31991400,3447.7,2820.9,3839.9,2896.0,3136.8,44,3,3136.6,96,7,3136.5,33,3,3136.4,40,4,3136.3,32,2,3137.0,66,3,3137.1,41,1,3137.6,200,1,3137.8,221,2,3137.9,201,2
2031,2026-06-16 12:52:24+05:30,3137.0,13,3130.24,2190295,133747.0,202601.0,3163.0,3163.0,3108.0,3134.3,31991800,3447.7,2820.9,3839.9,2896.0,3136.8,44,3,3136.6,96,7,3136.5,33,3,3136.4,40,4,3136.3,32,2,3137.0,66,3,3137.1,41,1,3137.6,200,1,3137.8,221,2,3137.9,201,2
2031,2026-06-16 12:52:25+05:30,3137.0,14,3130.24,2190361,134360.0,202296.0,3163.0,3163.0,3108.0,3134.3,31991800,3447.7,2820.9,3839.9,2896.0,3136.8,59,4,3136.6,96,6,3136.5,59,5,3136.4,14,2,3136.3,8,1,3137.1,41,1,3137.6,200,1,3137.8,221,2,3137.9,251,3,3138.0,1561,6
2031,2026-06-16 12:52:25+05:30,3137.1,10,3130.24,2190361,134360.0,202296.0,3163.0,3163.0,3108.0,3134.3,31991800,3447.7,2820.9,3839.9,2896.0,3136.8,59,4,3136.6,96,6,3136.5,59,5,3136.4,14,2,3136.3,8,1,3137.1,41,1,3137.6,200,1,3137.8,221,2,3137.9,251,3,3138.0,1561,6
2031,2026-06-16 12:52:26+05:30,3136.9,1,3130.24,2190374,134383.0,202402.0,3163.0,3163.0,3108.0,3134.3,31991800,3447.7,2820.9,3839.9,2896.0,3136.9,16,3,3136.8,58,2,3136.6,80,5,3136.5,46,4,3136.4,56,3,3137.1,30,1,3137.6,200,1,3137.8,221,2,3137.9,299,4,3138.0,1561,6
2031,2026-06-16 12:52:26+05:30,3136.9,1,3130.24,2190374,134383.0,202402.0,3163.0,3163.0,3108.0,3134.3,31991800,3447.7,2820.9,3839.9,2896.0,3136.9,16,3,3136.8,58,2,3136.6,80,5,3136.5,46,4,3136.4,56,3,3137.1,30,1,3137.6,200,1,3137.8,221,2,3137.9,299,4,3138.0,1561,6
2031,2026-06-16 12:52:27+05:30,3137.1,28,3130.24,2190402,134295.0,202254.0,3163.0,3163.0,3108.0,3134.3,31991800,3447.7,2820.9,3839.9,2896.0,3137.0,17,1,3136.9,45,3,3136.8,58,2,3136.7,18,2,3136.6,57,4,3137.1,16,2,3137.6,200,1,3137.8,200,1,3137.9,251,3,3138.0,1561,6
2031,2026-06-16 12:52:27+05:30,3137.1,28,3130.24,2190402,134295.0,202254.0,3163.0,3163.0,3108.0,3134.3,31991800,3447.7,2820.9,3839.9,2896.0,3137.0,17,1,3136.9,45,3,3136.8,58,2,3136.7,18,2,3136.6,57,4,3137.1,16,2,3137.6,200,1,3137.8,200,1,3137.9,251,3,3138.0,1561,6
2031,2026-06-16 12:52:28+05:30,3137.1,41,3130.24,2190459,134453.0,202130.0,3163.0,3163.0,3108.0,3134.3,31991800,3447.7,2820.9,3839.9,2896.0,3137.0,15,1,3136.9,45,3,3136.8,58,2,3136.6,52,3,3136.5,51,3,3137.4,200,1,3137.6,200,1,3137.8,239,2,3137.9,222,3,3138.0,1539,5
2031,2026-06-16 12:52:28+05:30,3137.1,41,3130.24,2190459,134453.0,202130.0,3163.0,3163.0,3108.0,3134.3,31991800,3447.7,2820.9,3839.9,2896.0,3137.0,15,1,3136.9,45,3,3136.8,58,2,3136.6,52,3,3136.5,51,3,3137.4,200,1,3137.6,200,1,3137.8,239,2,3137.9,222,3,3138.0,1539,5
2031,2026-06-16 12:52:29+05:30,3137.1,1,3130.24,2190460,134325.0,202173.0,3163.0,3163.0,3108.0,3134.3,31991800,3447.7,2820.9,3839.9,2896.0,3137.0,69,3,3136.9,45,3,3136.8,58,2,3136.6,52,3,3136.5,65,4,3137.1,1,1,3137.4,200,1,3137.6,200,1,3137.8,200,1,3137.9,249,3
2031,2026-06-16 12:52:29+05:30,3137.1,1,3130.24,2190460,134325.0,202173.0,3163.0,3163.0,3108.0,3134.3,31991800,3447.7,2820.9,3839.9,2896.0,3137.0,69,3,3136.9,45,3,3136.8,58,2,3136.6,52,3,3136.5,65,4,3137.1,1,1,3137.4,200,1,3137.6,200,1,3137.8,200,1,3137.9,249,3
2031,2026-06-16 12:52:29+05:30,3137.1,14,3130.24,2190474,134484.0,202307.0,3163.0,3163.0,3108.0,3134.3,31991800,3447.7,2820.9,3839.9,2896.0,3137.1,2,1,3137.0,54,2,3136.9,45,3,3136.8,58,2,3136.6,52,3,3137.4,200,1,3137.6,200,1,3137.7,38,1,3137.8,200,1,3137.9,249,3
2031,2026-06-16 12:52:30+05:30,3137.4,1,3130.24,2190474,134484.0,202307.0,3163.0,3163.0,3108.0,3134.3,31991800,3447.7,2820.9,3839.9,2896.0,3137.1,2,1,3137.0,54,2,3136.9,45,3,3136.8,58,2,3136.6,52,3,3137.4,200,1,3137.6,200,1,3137.7,38,1,3137.8,200,1,3137.9,249,3
2031,2026-06-16 12:52:31+05:30,3135.7,7,3130.24,2191888,129418.0,205911.0,3163.0,3163.0,3108.0,3134.3,31991800,3447.7,2820.9,3839.9,2896.0,3135.6,3,1,3135.5,11,1,3135.3,16,2,3135.2,1,1,3135.0,17,4,3135.7,81,1,3136.0,301,4,3136.1,200,1,3136.2,93,3,3136.3,400,2
2031,2026-06-16 12:52:31+05:30,3135.0,6,3130.24,2191888,129418.0,205911.0,3163.0,3163.0,3108.0,3134.3,31991800,3447.7,2820.9,3839.9,2896.0,3135.6,3,1,3135.5,11,1,3135.3,16,2,3135.2,1,1,3135.0,17,4,3135.7,81,1,3136.0,301,4,3136.1,200,1,3136.2,93,3,3136.3,400,2
2031,2026-06-16 12:52:31+05:30,3135.0,6,3130.25,2192116,128766.0,206541.0,3163.0,3163.0,3108.0,3134.3,31991800,3447.7,2820.9,3839.9,2896.0,3135.0,18,4,3134.9,15,1,3134.6,13,1,3134.5,72,2,3134.4,34,3,3135.3,132,1,3136.0,200,1,3136.1,145,1,3136.2,156,4,3136.3,639,4
2031,2026-06-16 12:52:32+05:30,3135.3,5,3130.25,2192116,128766.0,206541.0,3163.0,3163.0,3108.0,3134.3,31991800,3447.7,2820.9,3839.9,2896.0,3135.0,18,4,3134.9,15,1,3134.6,13,1,3134.5,72,2,3134.4,34,3,3135.3,132,1,3136.0,200,1,3136.1,145,1,3136.2,156,4,3136.3,639,4
2031,2026-06-16 12:52:32+05:30,3135.3,5,3130.25,2192121,129091.0,206271.0,3163.0,3163.0,3108.0,3134.3,31991800,3447.7,2820.9,3839.9,2896.0,3135.0,27,6,3134.9,6,2,3134.8,13,1,3134.7,13,1,3134.6,21,2,3135.3,127,1,3136.0,200,1,3136.1,145,1,3136.2,118,3,3136.3,639,4
2031,2026-06-16 12:52:33+05:30,3135.3,124,3130.25,2192121,129091.0,206271.0,3163.0,3163.0,3108.0,3134.3,31991800,3447.7,2820.9,3839.9,2896.0,3135.0,27,6,3134.9,6,2,3134.8,13,1,3134.7,13,1,3134.6,21,2,3135.3,127,1,3136.0,200,1,3136.1,145,1,3136.2,118,3,3136.3,639,4
2031,2026-06-16 12:52:33+05:30,3135.3,124,3130.25,2192245,129034.0,206000.0,3163.0,3163.0,3108.0,3134.3,31991800,3447.7,2820.9,3839.9,2896.0,3135.0,34,7,3134.9,11,3,3134.8,26,2,3134.6,21,2,3134.5,77,3,3135.3,4,2,3136.0,200,1,3136.1,145,1,3136.2,70,2,3136.3,639,4
2031,2026-06-16 12:52:34+05:30,3135.3,1,3130.25,2192248,129155.0,206106.0,3163.0,3163.0,3108.0,3134.3,31991800,3447.7,2820.9,3839.9,2896.0,3135.0,18,4,3134.9,14,2,3134.8,6,1,3134.7,19,2,3134.6,21,2,3135.3,55,2,3136.0,255,2,3136.1,193,2,3136.2,70,2,3136.3,687,5
2031,2026-06-16 12:52:35+05:30,3135.3,1,3130.25,2192248,129155.0,206106.0,3163.0,3163.0,3108.0,3134.3,31991800,3447.7,2820.9,3839.9,2896.0,3135.0,18,4,3134.9,14,2,3134.8,6,1,3134.7,19,2,3134.6,21,2,3135.3,55,2,3136.0,255,2,3136.1,193,2,3136.2,70,2,3136.3,687,5
2031,2026-06-16 12:52:35+05:30,3135.3,1,3130.25,2192249,129150.0,206232.0,3163.0,3163.0,3108.0,3134.3,31991800,3447.7,2820.9,3839.9,2896.0,3135.0,18,4,3134.9,14,2,3134.8,6,1,3134.7,7,1,3134.6,21,2,3135.3,115,3,3136.0,255,2,3136.1,193,2,3136.2,70,2,3136.3,687,5
2031,2026-06-16 12:52:36+05:30,3135.3,1,3130.25,2192249,129150.0,206232.0,3163.0,3163.0,3108.0,3134.3,31991800,3447.7,2820.9,3839.9,2896.0,3135.0,18,4,3134.9,14,2,3134.8,6,1,3134.7,7,1,3134.6,21,2,3135.3,115,3,3136.0,255,2,3136.1,193,2,3136.2,70,2,3136.3,687,5
2031,2026-06-16 12:52:36+05:30,3135.3,1,3130.25,2192249,129159.0,206308.0,3163.0,3163.0,3108.0,3134.3,31991800,3447.7,2820.9,3839.9,2896.0,3135.0,18,4,3134.9,1,1,3134.8,6,1,3134.7,7,1,3134.6,13,1,3135.3,116,4,3136.0,255,2,3136.1,193,2,3136.2,70,2,3136.3,687,5
2031,2026-06-16 12:52:37+05:30,3135.3,1,3130.25,2192249,129160.0,206316.0,3163.0,3163.0,3108.0,3134.3,31991800,3447.7,2820.9,3839.9,2896.0,3135.0,18,4,3134.9,1,1,3134.8,6,1,3134.7,7,1,3134.5,77,3,3135.3,116,4,3136.0,255,2,3136.1,193,2,3136.2,108,3,3136.3,687,5
2031,2026-06-16 12:52:38+05:30,3135.3,1,3130.25,2192249,129178.0,206321.0,3163.0,3163.0,3108.0,3134.3,31991800,3447.7,2820.9,3839.9,2896.0,3135.0,18,4,3134.9,1,1,3134.7,7,1,3134.6,20,2,3134.5,77,3,3135.2,1,1,3135.3,116,4,3136.0,255,2,3136.1,193,2,3136.2,108,3
2031,2026-06-16 12:52:39+05:30,3135.3,9,3130.25,2192259,129180.0,206345.0,3163.0,3163.0,3108.0,3134.3,31991800,3447.7,2820.9,3839.9,2896.0,3135.0,43,7,3134.9,14,2,3134.8,13,1,3134.7,7,1,3134.6,30,3,3135.2,15,1,3135.3,107,4,3136.0,255,2,3136.1,193,2,3136.2,70,2
2031,2026-06-16 12:52:40+05:30,3135.0,15,3130.25,2192259,129180.0,206345.0,3163.0,3163.0,3108.0,3134.3,31991800,3447.7,2820.9,3839.9,2896.0,3135.0,43,7,3134.9,14,2,3134.8,13,1,3134.7,7,1,3134.6,30,3,3135.2,15,1,3135.3,107,4,3136.0,255,2,3136.1,193,2,3136.2,70,2
2031,2026-06-16 12:52:41+05:30,3134.2,320,3130.25,2193368,128784.0,207538.0,3163.0,3163.0,3108.0,3134.3,31991800,3447.7,2820.9,3839.9,2896.0,3134.2,6,1,3134.1,41,3,3134.0,159,4,3133.9,10,2,3133.8,23,2,3134.4,400,2,3134.5,200,1,3134.7,200,1,3135.0,376,2,3135.1,200,1
2031,2026-06-16 12:52:41+05:30,3134.2,23,3130.25,2193368,128784.0,207538.0,3163.0,3163.0,3108.0,3134.3,31991800,3447.7,2820.9,3839.9,2896.0,3134.2,6,1,3134.1,41,3,3134.0,159,4,3133.9,10,2,3133.8,23,2,3134.4,400,2,3134.5,200,1,3134.7,200,1,3135.0,376,2,3135.1,200,1
2031,2026-06-16 12:52:42+05:30,3133.3,42,3130.25,2193633,127556.0,208200.0,3163.0,3163.0,3108.0,3134.3,31991800,3447.7,2820.9,3839.9,2896.0,3133.1,12,1,3133.0,325,3,3132.9,5,1,3132.8,34,3,3132.7,57,3,3133.3,152,1,3133.4,183,1,3133.6,200,1,3134.3,1,1,3134.4,264,4
2031,2026-06-16 12:52:42+05:30,3133.5,1,3130.25,2193633,127556.0,208200.0,3163.0,3163.0,3108.0,3134.3,31991800,3447.7,2820.9,3839.9,2896.0,3133.1,12,1,3133.0,325,3,3132.9,5,1,3132.8,34,3,3132.7,57,3,3133.3,152,1,3133.4,183,1,3133.6,200,1,3134.3,1,1,3134.4,264,4
2031,2026-06-16 12:52:42+05:30,3133.5,1,3130.25,2194193,128250.0,207738.0,3163.0,3163.0,3108.0,3134.3,31991800,3447.7,2820.9,3839.9,2896.0,3133.5,107,7,3133.4,49,5,3133.3,84,5,3133.2,71,7,3133.1,58,6,3134.4,201,2,3134.6,200,1,3134.8,1,1,3134.9,448,3,3135.0,376,2
2031,2026-06-16 12:52:43+05:30,3134.4,24,3130.25,2194193,128250.0,207738.0,3163.0,3163.0,3108.0,3134.3,31991800,3447.7,2820.9,3839.9,2896.0,3133.5,107,7,3133.4,49,5,3133.3,84,5,3133.2,71,7,3133.1,58,6,3134.4,201,2,3134.6,200,1,3134.8,1,1,3134.9,448,3,3135.0,376,2
2031,2026-06-16 12:52:43+05:30,3133.5,2,3130.25,2194220,128324.0,207712.0,3163.0,3163.0,3108.0,3134.3,31991800,3447.7,2820.9,3839.9,2896.0,3133.5,192,10,3133.4,49,5,3133.3,84,5,3133.2,71,7,3133.1,58,6,3134.4,176,1,3134.6,200,1,3134.8,200,1,3134.9,200,1,3135.0,424,3
2031,2026-06-16 12:52:44+05:30,3133.5,2,3130.25,2194220,128324.0,207712.0,3163.0,3163.0,3108.0,3134.3,31991800,3447.7,2820.9,3839.9,2896.0,3133.5,192,10,3133.4,49,5,3133.3,84,5,3133.2,71,7,3133.1,58,6,3134.4,176,1,3134.6,200,1,3134.8,200,1,3134.9,200,1,3135.0,424,3
2031,2026-06-16 12:52:44+05:30,3133.5,2,3130.25,2194220,128310.0,207772.0,3163.0,3163.0,3108.0,3134.3,31991800,3447.7,2820.9,3839.9,2896.0,3133.5,175,9,3133.4,49,5,3133.3,84,5,3133.2,71,7,3133.1,58,6,3134.4,220,2,3134.6,200,1,3134.8,200,1,3134.9,200,1,3135.0,424,3
2031,2026-06-16 12:52:45+05:30,3134.0,1,3130.25,2194624,128008.0,207430.0,3163.0,3163.0,3108.0,3134.3,31991800,3447.7,2820.9,3839.9,2896.0,3134.0,2,2,3133.6,29,2,3133.5,43,1,3133.3,81,4,3133.2,45,6,3134.4,220,2,3134.6,200,1,3134.8,48,1,3134.9,421,3,3135.0,424,3
2031,2026-06-16 12:52:46+05:30,3134.0,1,3130.25,2194624,128008.0,207430.0,3163.0,3163.0,3108.0,3134.3,31991800,3447.7,2820.9,3839.9,2896.0,3134.0,2,2,3133.6,29,2,3133.5,43,1,3133.3,81,4,3133.2,45,6,3134.4,220,2,3134.6,200,1,3134.8,48,1,3134.9,421,3,3135.0,424,3
2031,2026-06-16 12:52:46+05:30,3134.4,94,3130.25,2194719,128319.0,207047.0,3163.0,3163.0,3108.0,3134.3,31991800,3447.7,2820.9,3839.9,2896.0,3134.0,2,2,3133.9,6,1,3133.8,29,3,3133.7,17,2,3133.6,14,1,3134.4,194,4,3134.6,200,1,3134.8,200,1,3134.9,200,1,3135.0,376,2
2031,2026-06-16 12:52:47+05:30,3134.0,1,3130.25,2194719,128319.0,207047.0,3163.0,3163.0,3108.0,3134.3,31991800,3447.7,2820.9,3839.9,2896.0,3134.0,2,2,3133.9,6,1,3133.8,29,3,3133.7,17,2,3133.6,14,1,3134.4,194,4,3134.6,200,1,3134.8,200,1,3134.9,200,1,3135.0,376,2
2031,2026-06-16 12:52:47+05:30,3134.0,1,3130.25,2194720,128330.0,207110.0,3163.0,3163.0,3108.0,3134.3,31991800,3447.7,2820.9,3839.9,2896.0,3134.0,7,3,3133.9,14,1,3133.8,38,3,3133.7,32,3,3133.6,19,2,3134.4,194,4,3134.6,200,1,3134.9,400,2,3135.0,376,2,3135.1,69,2
2031,2026-06-16 12:52:48+05:30,3133.8,4,3130.25,2194720,128330.0,207110.0,3163.0,3163.0,3108.0,3134.3,31991800,3447.7,2820.9,3839.9,2896.0,3134.0,7,3,3133.9,14,1,3133.8,38,3,3133.7,32,3,3133.6,19,2,3134.4,194,4,3134.6,200,1,3134.9,400,2,3135.0,376,2,3135.1,69,2
2031,2026-06-16 12:52:48+05:30,3134.4,40,3130.25,2194841,128831.0,206389.0,3163.0,3163.0,3108.0,3134.3,31991800,3447.7,2820.9,3839.9,2896.0,3134.1,17,1,3134.0,78,5,3133.9,12,2,3133.8,20,2,3133.7,12,2,3134.4,73,3,3134.6,200,1,3134.9,200,1,3135.0,376,2,3135.2,215,2
2031,2026-06-16 12:52:49+05:30,3134.4,40,3130.25,2194841,128831.0,206389.0,3163.0,3163.0,3108.0,3134.3,31991800,3447.7,2820.9,3839.9,2896.0,3134.1,17,1,3134.0,78,5,3133.9,12,2,3133.8,20,2,3133.7,12,2,3134.4,73,3,3134.6,200,1,3134.9,200,1,3135.0,376,2,3135.2,215,2
2031,2026-06-16 12:52:49+05:30,3134.4,40,3130.25,2194841,128998.0,206416.0,3163.0,3163.0,3108.0,3134.3,31991800,3447.7,2820.9,3839.9,2896.0,3134.1,24,3,3134.0,54,2,3133.9,6,1,3133.8,27,3,3133.7,12,2,3134.4,94,3,3134.6,200,1,3134.9,200,1,3135.0,376,2,3135.2,215,2
2031,2026-06-16 12:52:50+05:30,3134.4,40,3130.25,2194841,128982.0,206518.0,3163.0,3163.0,3108.0,3134.3,31991800,3447.7,2820.9,3839.9,2896.0,3134.1,69,5,3134.0,54,2,3133.9,6,1,3133.8,27,3,3133.7,12,2,3134.4,94,3,3134.6,200,1,3134.9,200,1,3135.0,376,2,3135.2,215,2
2031,2026-06-16 12:52:51+05:30,3134.1,59,3130.25,2194841,128982.0,206518.0,3163.0,3163.0,3108.0,3134.3,31991800,3447.7,2820.9,3839.9,2896.0,3134.1,69,5,3134.0,54,2,3133.9,6,1,3133.8,27,3,3133.7,12,2,3134.4,94,3,3134.6,200,1,3134.9,200,1,3135.0,376,2,3135.2,215,2
2031,2026-06-16 12:52:51+05:30,3134.4,1,3130.25,2195042,129072.0,206617.0,3163.0,3163.0,3108.0,3134.3,31991800,3447.7,2820.9,3839.9,2896.0,3134.1,25,3,3134.0,55,2,3133.8,21,2,3133.7,26,3,3133.6,14,1,3134.4,93,3,3134.6,200,1,3134.9,200,1,3135.0,424,3,3135.2,263,3
2031,2026-06-16 12:52:52+05:30,3134.4,1,3130.25,2195042,129072.0,206617.0,3163.0,3163.0,3108.0,3134.3,31991800,3447.7,2820.9,3839.9,2896.0,3134.1,25,3,3134.0,55,2,3133.8,21,2,3133.7,26,3,3133.6,14,1,3134.4,93,3,3134.6,200,1,3134.9,200,1,3135.0,424,3,3135.2,263,3
2031,2026-06-16 12:52:52+05:30,3134.4,1,3130.25,2195042,129074.0,206669.0,3163.0,3163.0,3108.0,3134.3,31991800,3447.7,2820.9,3839.9,2896.0,3134.1,42,4,3134.0,40,1,3133.8,21,2,3133.7,26,3,3133.6,14,1,3134.4,93,3,3134.6,200,1,3134.9,200,1,3135.0,424,3,3135.2,263,3
2031,2026-06-16 12:52:53+05:30,3134.0,40,3130.25,2195281,128063.0,206962.0,3163.0,3163.0,3108.0,3134.3,31991800,3447.7,2820.9,3839.9,2896.0,3133.5,223,4,3133.4,9,1,3133.3,40,1,3133.2,37,5,3133.1,140,6,3134.0,360,2,3134.1,201,2,3134.3,376,2,3134.4,93,3,3134.5,200,1
2031,2026-06-16 12:52:54+05:30,3134.4,45,3130.25,2195281,128063.0,206962.0,3163.0,3163.0,3108.0,3134.3,31991800,3447.7,2820.9,3839.9,2896.0,3133.5,223,4,3133.4,9,1,3133.3,40,1,3133.2,37,5,3133.1,140,6,3134.0,360,2,3134.1,201,2,3134.3,376,2,3134.4,93,3,3134.5,200,1
2031,2026-06-16 12:52:54+05:30,3134.4,45,3130.25,2195935,129794.0,204300.0,3163.0,3163.0,3108.0,3134.3,31991800,3447.7,2820.9,3839.9,2896.0,3134.5,51,5,3134.4,70,6,3134.3,58,4,3134.2,254,6,3134.1,47,5,3135.2,15,1,3136.0,129,5,3136.1,48,1,3136.2,442,5,3136.3,244,2
2031,2026-06-16 12:52:55+05:30,3134.5,2,3130.25,2195935,129794.0,204300.0,3163.0,3163.0,3108.0,3134.3,31991800,3447.7,2820.9,3839.9,2896.0,3134.5,51,5,3134.4,70,6,3134.3,58,4,3134.2,254,6,3134.1,47,5,3135.2,15,1,3136.0,129,5,3136.1,48,1,3136.2,442,5,3136.3,244,2
2031,2026-06-16 12:52:55+05:30,3134.5,2,3130.25,2196088,130457.0,204644.0,3163.0,3163.0,3108.0,3134.3,31991800,3447.7,2820.9,3839.9,2896.0,3134.5,68,8,3134.4,64,7,3134.3,113,8,3134.2,54,5,3134.1,268,7,3135.2,15,1,3135.9,240,2,3136.0,89,4,3136.1,48,1,3136.2,486,6
2031,2026-06-16 12:52:56+05:30,3134.5,2,3130.25,2196088,130480.0,205229.0,3163.0,3163.0,3108.0,3134.3,31991800,3447.7,2820.9,3839.9,2896.0,3134.5,106,9,3134.4,64,7,3134.3,113,8,3134.2,75,6,3134.1,247,6,3135.2,15,1,3135.9,240,2,3136.0,89,4,3136.1,48,1,3136.2,486,6
2031,2026-06-16 12:52:57+05:30,3135.2,1,3130.25,2196088,130480.0,205229.0,3163.0,3163.0,3108.0,3134.3,31991800,3447.7,2820.9,3839.9,2896.0,3134.5,106,9,3134.4,64,7,3134.3,113,8,3134.2,75,6,3134.1,247,6,3135.2,15,1,3135.9,240,2,3136.0,89,4,3136.1,48,1,3136.2,486,6
2031,2026-06-16 12:52:57+05:30,3135.2,1,3130.25,2196090,130543.0,205236.0,3163.0,3163.0,3108.0,3134.3,31991800,3447.7,2820.9,3839.9,2896.0,3134.5,106,9,3134.4,50,6,3134.3,113,8,3134.2,40,4,3134.1,296,8,3135.2,13,1,3135.9,240,2,3136.0,89,4,3136.1,48,1,3136.2,486,6
2031,2026-06-16 12:52:58+05:30,3135.2,1,3130.25,2196090,130543.0,205236.0,3163.0,3163.0,3108.0,3134.3,31991800,3447.7,2820.9,3839.9,2896.0,3134.5,106,9,3134.4,50,6,3134.3,113,8,3134.2,40,4,3134.1,296,8,3135.2,13,1,3135.9,240,2,3136.0,89,4,3136.1,48,1,3136.2,486,6
2031,2026-06-16 12:52:58+05:30,3135.2,1,3130.25,2196090,130543.0,205238.0,3163.0,3163.0,3108.0,3134.3,31991800,3447.7,2820.9,3839.9,2896.0,3134.5,106,9,3134.4,50,6,3134.3,134,9,3134.2,40,4,3134.1,275,7,3135.2,13,1,3135.9,240,2,3136.0,89,4,3136.1,48,1,3136.2,486,6
2031,2026-06-16 12:52:59+05:30,3135.2,1,3130.25,2196091,130542.0,205286.0,3163.0,3163.0,3108.0,3134.3,31991800,3447.7,2820.9,3839.9,2896.0,3134.5,121,10,3134.4,49,5,3134.3,113,8,3134.2,61,5,3134.1,60,5,3135.2,56,2,3135.9,240,2,3136.0,89,4,3136.1,91,2,3136.2,442,5
2031,2026-06-16 12:53:00+05:30,3135.2,1,3130.25,2196091,130542.0,205286.0,3163.0,3163.0,3108.0,3134.3,31991800,3447.7,2820.9,3839.9,2896.0,3134.5,121,10,3134.4,49,5,3134.3,113,8,3134.2,61,5,3134.1,60,5,3135.2,56,2,3135.9,240,2,3136.0,89,4,3136.1,91,2,3136.2,442,5
2031,2026-06-16 12:53:00+05:30,3134.5,3,3130.25,2196361,130240.0,205942.0,3163.0,3163.0,3108.0,3134.3,31991800,3447.7,2820.9,3839.9,2896.0,3134.5,37,5,3134.4,17,2,3134.3,29,3,3134.2,23,3,3134.0,15,2,3134.8,130,1,3134.9,200,1,3135.2,57,3,3135.6,38,1,3135.7,125,3
2031,2026-06-16 12:53:01+05:30,3134.8,1,3130.25,2196361,130240.0,205942.0,3163.0,3163.0,3108.0,3134.3,31991800,3447.7,2820.9,3839.9,2896.0,3134.5,37,5,3134.4,17,2,3134.3,29,3,3134.2,23,3,3134.0,15,2,3134.8,130,1,3134.9,200,1,3135.2,57,3,3135.6,38,1,3135.7,125,3
2031,2026-06-16 12:53:01+05:30,3134.8,1,3130.25,2196362,130358.0,206075.0,3163.0,3163.0,3108.0,3134.3,31991800,3447.7,2820.9,3839.9,2896.0,3134.5,37,5,3134.4,17,2,3134.3,29,3,3134.2,23,3,3134.0,15,2,3134.8,129,1,3134.9,200,1,3135.2,63,4,3135.6,86,2,3135.7,325,4
2031,2026-06-16 12:53:02+05:30,3134.8,1,3130.25,2196362,130358.0,206075.0,3163.0,3163.0,3108.0,3134.3,31991800,3447.7,2820.9,3839.9,2896.0,3134.5,37,5,3134.4,17,2,3134.3,29,3,3134.2,23,3,3134.0,15,2,3134.8,129,1,3134.9,200,1,3135.2,63,4,3135.6,86,2,3135.7,325,4
2031,2026-06-16 12:53:02+05:30,3134.8,1,3130.25,2196367,130384.0,206092.0,3163.0,3163.0,3108.0,3134.3,31991800,3447.7,2820.9,3839.9,2896.0,3134.5,37,5,3134.4,17,2,3134.3,29,3,3134.2,23,3,3134.0,15,2,3134.8,124,1,3134.9,200,1,3135.2,63,4,3135.6,86,2,3135.7,325,4
2031,2026-06-16 12:53:03+05:30,3134.8,1,3130.25,2196367,130402.0,206403.0,3163.0,3163.0,3108.0,3134.3,31991800,3447.7,2820.9,3839.9,2896.0,3134.5,55,6,3134.4,17,2,3134.3,29,3,3134.2,23,3,3134.0,15,2,3134.8,149,2,3134.9,200,1,3135.2,63,4,3135.5,42,1,3135.6,86,2
2031,2026-06-16 12:53:04+05:30,3134.8,1,3130.25,2196367,130263.0,206501.0,3163.0,3163.0,3108.0,3134.3,31991800,3447.7,2820.9,3839.9,2896.0,3134.5,38,5,3134.4,2,1,3134.3,2,1,3134.0,15,2,3133.9,34,3,3134.8,152,4,3134.9,200,1,3135.2,63,4,3135.4,59,2,3135.5,42,1
2031,2026-06-16 12:53:05+05:30,3134.5,1,3130.25,2196370,130437.0,206476.0,3163.0,3163.0,3108.0,3134.3,31991800,3447.7,2820.9,3839.9,2896.0,3134.5,41,5,3134.3,2,1,3134.0,15,2,3133.9,34,3,3133.8,30,3,3134.8,152,4,3134.9,200,1,3135.2,63,4,3135.4,86,2,3135.5,63,2
2031,2026-06-16 12:53:05+05:30,3134.5,1,3130.25,2196370,130437.0,206476.0,3163.0,3163.0,3108.0,3134.3,31991800,3447.7,2820.9,3839.9,2896.0,3134.5,41,5,3134.3,2,1,3134.0,15,2,3133.9,34,3,3133.8,30,3,3134.8,152,4,3134.9,200,1,3135.2,63,4,3135.4,86,2,3135.5,63,2
2031,2026-06-16 12:53:06+05:30,3134.5,2,3130.25,2196370,130437.0,206476.0,3163.0,3163.0,3108.0,3134.3,31991800,3447.7,2820.9,3839.9,2896.0,3134.5,41,5,3134.3,2,1,3134.0,15,2,3133.9,34,3,3133.8,30,3,3134.8,152,4,3134.9,200,1,3135.2,63,4,3135.4,86,2,3135.5,63,2
2031,2026-06-16 12:53:06+05:30,3134.5,2,3130.25,2196430,130466.0,206313.0,3163.0,3163.0,3108.0,3134.3,31991800,3447.7,2820.9,3839.9,2896.0,3134.7,17,1,3134.5,7,3,3134.4,16,1,3134.3,2,1,3134.0,15,2,3134.8,159,6,3134.9,200,1,3135.2,57,3,3135.4,86,2,3135.5,63,2
2031,2026-06-16 12:53:07+05:30,3134.5,2,3130.25,2196430,130466.0,206313.0,3163.0,3163.0,3108.0,3134.3,31991800,3447.7,2820.9,3839.9,2896.0,3134.7,17,1,3134.5,7,3,3134.4,16,1,3134.3,2,1,3134.0,15,2,3134.8,159,6,3134.9,200,1,3135.2,57,3,3135.4,86,2,3135.5,63,2
2031,2026-06-16 12:53:07+05:30,3134.8,1,3130.25,2196579,130284.0,206252.0,3163.0,3163.0,3108.0,3134.3,31991800,3447.7,2820.9,3839.9,2896.0,3134.5,7,3,3134.4,16,1,3134.3,2,1,3134.0,15,2,3133.9,34,3,3134.8,10,4,3134.9,200,1,3135.2,57,3,3135.4,69,2,3135.5,42,1
2031,2026-06-16 12:53:08+05:30,3134.8,1,3130.25,2196579,130284.0,206252.0,3163.0,3163.0,3108.0,3134.3,31991800,3447.7,2820.9,3839.9,2896.0,3134.5,7,3,3134.4,16,1,3134.3,2,1,3134.0,15,2,3133.9,34,3,3134.8,10,4,3134.9,200,1,3135.2,57,3,3135.4,69,2,3135.5,42,1
2031,2026-06-16 12:53:08+05:30,3134.8,1,3130.25,2196579,130244.0,206310.0,3163.0,3163.0,3108.0,3134.3,31991800,3447.7,2820.9,3839.9,2896.0,3134.6,3,1,3134.5,19,3,3134.4,16,1,3134.3,2,1,3134.0,15,2,3134.7,1,1,3134.8,10,4,3134.9,200,1,3135.2,56,2,3135.4,69,2
2031,2026-06-16 12:53:09+05:30,3134.8,1,3130.25,2196579,130257.0,206327.0,3163.0,3163.0,3108.0,3134.3,31991800,3447.7,2820.9,3839.9,2896.0,3134.6,3,1,3134.5,19,3,3134.4,16,1,3134.3,2,1,3134.0,15,2,3134.7,1,1,3134.8,10,4,3134.9,200,1,3135.2,56,2,3135.4,69,2
2031,2026-06-16 12:53:09+05:30,3134.8,1,3130.25,2196579,130257.0,206327.0,3163.0,3163.0,3108.0,3134.3,31991800,3447.7,2820.9,3839.9,2896.0,3134.6,3,1,3134.5,19,3,3134.4,16,1,3134.3,2,1,3134.0,15,2,3134.7,1,1,3134.8,10,4,3134.9,200,1,3135.2,56,2,3135.4,69,2
2031,2026-06-16 12:53:10+05:30,3134.6,1,3130.25,2196579,130257.0,206327.0,3163.0,3163.0,3108.0,3134.3,31991800,3447.7,2820.9,3839.9,2896.0,3134.6,3,1,3134.5,19,3,3134.4,16,1,3134.3,2,1,3134.0,15,2,3134.7,1,1,3134.8,10,4,3134.9,200,1,3135.2,56,2,3135.4,69,2
2031,2026-06-16 12:53:10+05:30,3134.6,1,3130.25,2196624,129814.0,206412.0,3163.0,3163.0,3108.0,3134.3,31991800,3447.7,2820.9,3839.9,2896.0,3134.6,1,1,3134.5,4,1,3134.4,16,1,3134.3,2,1,3134.0,10,1,3134.7,2,2,3134.8,10,4,3134.9,200,1,3135.2,12,1,3135.3,101,3
2031,2026-06-16 12:53:11+05:30,3134.6,7,3130.25,2196624,129814.0,206412.0,3163.0,3163.0,3108.0,3134.3,31991800,3447.7,2820.9,3839.9,2896.0,3134.6,1,1,3134.5,4,1,3134.4,16,1,3134.3,2,1,3134.0,10,1,3134.7,2,2,3134.8,10,4,3134.9,200,1,3135.2,12,1,3135.3,101,3
2031,2026-06-16 12:53:11+05:30,3134.6,1,3130.25,2196825,129871.0,206232.0,3163.0,3163.0,3108.0,3134.3,31991800,3447.7,2820.9,3839.9,2896.0,3134.6,1,1,3134.4,16,1,3134.3,2,1,3134.0,10,1,3133.8,77,2,3134.7,50,4,3134.8,9,3,3135.0,41,1,3135.2,54,3,3135.3,82,2
2031,2026-06-16 12:53:11+05:30,3134.6,1,3130.25,2196825,129871.0,206232.0,3163.0,3163.0,3108.0,3134.3,31991800,3447.7,2820.9,3839.9,2896.0,3134.6,1,1,3134.4,16,1,3134.3,2,1,3134.0,10,1,3133.8,77,2,3134.7,50,4,3134.8,9,3,3135.0,41,1,3135.2,54,3,3135.3,82,2
2031,2026-06-16 12:53:12+05:30,3134.7,1,3130.25,2196825,129871.0,206232.0,3163.0,3163.0,3108.0,3134.3,31991800,3447.7,2820.9,3839.9,2896.0,3134.6,1,1,3134.4,16,1,3134.3,2,1,3134.0,10,1,3133.8,77,2,3134.7,50,4,3134.8,9,3,3135.0,41,1,3135.2,54,3,3135.3,82,2
2031,2026-06-16 12:53:12+05:30,3134.3,53,3130.25,2196986,128612.0,205998.0,3163.0,3163.0,3108.0,3134.3,31991800,3447.7,2820.9,3839.9,2896.0,3134.0,10,1,3133.8,6,1,3133.7,48,3,3133.6,7,2,3133.5,276,8,3134.3,40,1,3134.7,49,3,3134.8,7,2,3135.2,13,2,3135.3,82,2
2031,2026-06-16 12:53:13+05:30,3134.3,1,3130.25,2196986,128612.0,205998.0,3163.0,3163.0,3108.0,3134.3,31991800,3447.7,2820.9,3839.9,2896.0,3134.0,10,1,3133.8,6,1,3133.7,48,3,3133.6,7,2,3133.5,276,8,3134.3,40,1,3134.7,49,3,3134.8,7,2,3135.2,13,2,3135.3,82,2
2031,2026-06-16 12:53:13+05:30,3134.3,1,3130.25,2196987,128661.0,205949.0,3163.0,3163.0,3108.0,3134.3,31991800,3447.7,2820.9,3839.9,2896.0,3134.0,10,1,3133.8,19,2,3133.7,48,3,3133.6,56,4,3133.5,293,9,3134.3,46,3,3134.7,48,2,3134.8,1,1,3135.2,13,2,3135.3,82,2
2031,2026-06-16 12:53:13+05:30,3134.3,1,3130.25,2196987,128661.0,205949.0,3163.0,3163.0,3108.0,3134.3,31991800,3447.7,2820.9,3839.9,2896.0,3134.0,10,1,3133.8,19,2,3133.7,48,3,3133.6,56,4,3133.5,293,9,3134.3,46,3,3134.7,48,2,3134.8,1,1,3135.2,13,2,3135.3,82,2
2031,2026-06-16 12:53:14+05:30,3134.3,1,3130.25,2196987,128661.0,205949.0,3163.0,3163.0,3108.0,3134.3,31991800,3447.7,2820.9,3839.9,2896.0,3134.0,10,1,3133.8,19,2,3133.7,48,3,3133.6,56,4,3133.5,293,9,3134.3,46,3,3134.7,48,2,3134.8,1,1,3135.2,13,2,3135.3,82,2
2031,2026-06-16 12:53:14+05:30,3134.3,21,3130.25,2197061,128751.0,205849.0,3163.0,3163.0,3108.0,3134.3,31991800,3447.7,2820.9,3839.9,2896.0,3134.0,74,6,3133.9,19,2,3133.8,50,5,3133.7,9,2,3133.6,85,6,3134.3,6,1,3134.7,48,2,3134.8,1,1,3135.2,12,1,3135.4,69,2
2031,2026-06-16 12:53:15+05:30,3134.3,21,3130.25,2197061,128751.0,205849.0,3163.0,3163.0,3108.0,3134.3,31991800,3447.7,2820.9,3839.9,2896.0,3134.0,74,6,3133.9,19,2,3133.8,50,5,3133.7,9,2,3133.6,85,6,3134.3,6,1,3134.7,48,2,3134.8,1,1,3135.2,12,1,3135.4,69,2
2031,2026-06-16 12:53:15+05:30,3134.0,2,3130.25,2197061,128751.0,205849.0,3163.0,3163.0,3108.0,3134.3,31991800,3447.7,2820.9,3839.9,2896.0,3134.0,74,6,3133.9,19,2,3133.8,50,5,3133.7,9,2,3133.6,85,6,3134.3,6,1,3134.7,48,2,3134.8,1,1,3135.2,12,1,3135.4,69,2
2031,2026-06-16 12:53:15+05:30,3134.0,2,3130.25,2197063,128776.0,205860.0,3163.0,3163.0,3108.0,3134.3,31991800,3447.7,2820.9,3839.9,2896.0,3134.2,12,6,3134.1,2,1,3134.0,115,9,3133.9,5,1,3133.8,50,5,3134.3,38,2,3134.7,48,2,3134.8,1,1,3135.2,12,1,3135.4,69,2
2031,2026-06-16 12:53:16+05:30,3134.0,32,3130.25,2197063,128776.0,205860.0,3163.0,3163.0,3108.0,3134.3,31991800,3447.7,2820.9,3839.9,2896.0,3134.2,12,6,3134.1,2,1,3134.0,115,9,3133.9,5,1,3133.8,50,5,3134.3,38,2,3134.7,48,2,3134.8,1,1,3135.2,12,1,3135.4,69,2
2031,2026-06-16 12:53:16+05:30,3133.9,6,3130.25,2197367,127816.0,207320.0,3163.0,3163.0,3108.0,3134.3,31991800,3447.7,2820.9,3839.9,2896.0,3133.6,30,5,3133.5,223,4,3133.4,42,4,3133.3,6,1,3133.2,51,5,3133.9,143,1,3134.2,153,1,3134.3,38,2,3134.7,48,2,3134.8,49,2
2031,2026-06-16 12:53:16+05:30,3133.9,6,3130.25,2197367,127816.0,207320.0,3163.0,3163.0,3108.0,3134.3,31991800,3447.7,2820.9,3839.9,2896.0,3133.6,30,5,3133.5,223,4,3133.4,42,4,3133.3,6,1,3133.2,51,5,3133.9,143,1,3134.2,153,1,3134.3,38,2,3134.7,48,2,3134.8,49,2
2031,2026-06-16 12:53:17+05:30,3133.9,6,3130.25,2197367,127816.0,207320.0,3163.0,3163.0,3108.0,3134.3,31991800,3447.7,2820.9,3839.9,2896.0,3133.6,30,5,3133.5,223,4,3133.4,42,4,3133.3,6,1,3133.2,51,5,3133.9,143,1,3134.2,153,1,3134.3,38,2,3134.7,48,2,3134.8,49,2
2031,2026-06-16 12:53:17+05:30,3133.9,6,3130.25,2197367,127816.0,207320.0,3163.0,3163.0,3108.0,3134.3,31991800,3447.7,2820.9,3839.9,2896.0,3133.6,30,5,3133.5,223,4,3133.4,42,4,3133.3,6,1,3133.2,51,5,3133.9,143,1,3134.2,153,1,3134.3,38,2,3134.7,48,2,3134.8,49,2
2031,2026-06-16 12:53:17+05:30,3133.9,6,3130.25,2197367,128086.0,207575.0,3163.0,3163.0,3108.0,3134.3,31991800,3447.7,2820.9,3839.9,2896.0,3133.6,2,1,3133.5,216,3,3133.4,9,1,3133.3,7,1,3133.2,48,4,3133.9,169,2,3134.2,153,1,3134.3,38,2,3134.7,48,2,3134.8,49,2
2031,2026-06-16 12:53:18+05:30,3133.9,6,3130.25,2197367,128086.0,207575.0,3163.0,3163.0,3108.0,3134.3,31991800,3447.7,2820.9,3839.9,2896.0,3133.6,2,1,3133.5,216,3,3133.4,9,1,3133.3,7,1,3133.2,48,4,3133.9,169,2,3134.2,153,1,3134.3,38,2,3134.7,48,2,3134.8,49,2
2031,2026-06-16 12:53:18+05:30,3133.9,1,3130.25,2197367,128086.0,207575.0,3163.0,3163.0,3108.0,3134.3,31991800,3447.7,2820.9,3839.9,2896.0,3133.6,2,1,3133.5,216,3,3133.4,9,1,3133.3,7,1,3133.2,48,4,3133.9,169,2,3134.2,153,1,3134.3,38,2,3134.7,48,2,3134.8,49,2
2031,2026-06-16 12:53:18+05:30,3133.9,1,3130.25,2197367,128086.0,207575.0,3163.0,3163.0,3108.0,3134.3,31991800,3447.7,2820.9,3839.9,2896.0,3133.6,2,1,3133.5,216,3,3133.4,9,1,3133.3,7,1,3133.2,48,4,3133.9,169,2,3134.2,153,1,3134.3,38,2,3134.7,48,2,3134.8,49,2
2031,2026-06-16 12:53:18+05:30,3133.9,1,3130.25,2197368,128110.0,207497.0,3163.0,3163.0,3108.0,3134.3,31991800,3447.7,2820.9,3839.9,2896.0,3133.6,2,1,3133.5,208,3,3133.4,22,2,3133.3,7,1,3133.2,47,4,3133.8,1,1,3133.9,168,2,3134.2,153,1,3134.3,38,2,3134.7,48,2
2031,2026-06-16 12:53:19+05:30,3133.9,1,3130.25,2197368,128110.0,207497.0,3163.0,3163.0,3108.0,3134.3,31991800,3447.7,2820.9,3839.9,2896.0,3133.6,2,1,3133.5,208,3,3133.4,22,2,3133.3,7,1,3133.2,47,4,3133.8,1,1,3133.9,168,2,3134.2,153,1,3134.3,38,2,3134.7,48,2
2031,2026-06-16 12:53:19+05:30,3133.9,47,3130.25,2197368,128110.0,207497.0,3163.0,3163.0,3108.0,3134.3,31991800,3447.7,2820.9,3839.9,2896.0,3133.6,2,1,3133.5,208,3,3133.4,22,2,3133.3,7,1,3133.2,47,4,3133.8,1,1,3133.9,168,2,3134.2,153,1,3134.3,38,2,3134.7,48,2
2031,2026-06-16 12:53:19+05:30,3133.9,47,3130.25,2197418,128083.0,207469.0,3163.0,3163.0,3108.0,3134.3,31991800,3447.7,2820.9,3839.9,2896.0,3133.6,2,1,3133.5,226,5,3133.4,9,1,3133.3,7,1,3133.2,47,4,3133.8,3,1,3133.9,121,2,3134.2,153,1,3134.3,32,1,3134.7,48,2
2031,2026-06-16 12:53:20+05:30,3133.9,47,3130.25,2197418,128083.0,207469.0,3163.0,3163.0,3108.0,3134.3,31991800,3447.7,2820.9,3839.9,2896.0,3133.6,2,1,3133.5,226,5,3133.4,9,1,3133.3,7,1,3133.2,47,4,3133.8,3,1,3133.9,121,2,3134.2,153,1,3134.3,32,1,3134.7,48,2
2031,2026-06-16 12:53:20+05:30,3133.8,1,3130.25,2197419,127921.0,207465.0,3163.0,3163.0,3108.0,3134.3,31991800,3447.7,2820.9,3839.9,2896.0,3133.6,2,1,3133.5,208,3,3133.2,2,1,3133.1,5,2,3133.0,365,5,3133.8,25,3,3133.9,95,1,3134.2,153,1,3134.3,32,1,3134.6,49,2
2031,2026-06-16 12:53:21+05:30,3133.8,1,3130.25,2197419,127921.0,207465.0,3163.0,3163.0,3108.0,3134.3,31991800,3447.7,2820.9,3839.9,2896.0,3133.6,2,1,3133.5,208,3,3133.2,2,1,3133.1,5,2,3133.0,365,5,3133.8,25,3,3133.9,95,1,3134.2,153,1,3134.3,32,1,3134.6,49,2
2031,2026-06-16 12:53:21+05:30,3133.8,1,3130.25,2197419,127921.0,207465.0,3163.0,3163.0,3108.0,3134.3,31991800,3447.7,2820.9,3839.9,2896.0,3133.6,2,1,3133.5,208,3,3133.2,2,1,3133.1,5,2,3133.0,365,5,3133.8,25,3,3133.9,95,1,3134.2,153,1,3134.3,32,1,3134.6,49,2
2031,2026-06-16 12:53:21+05:30,3133.8,1,3130.25,2197419,127921.0,207465.0,3163.0,3163.0,3108.0,3134.3,31991800,3447.7,2820.9,3839.9,2896.0,3133.6,2,1,3133.5,208,3,3133.2,2,1,3133.1,5,2,3133.0,365,5,3133.8,25,3,3133.9,95,1,3134.2,153,1,3134.3,32,1,3134.6,49,2
2031,2026-06-16 12:53:21+05:30,3133.8,1,3130.25,2197419,127927.0,207552.0,3163.0,3163.0,3108.0,3134.3,31991800,3447.7,2820.9,3839.9,2896.0,3133.6,2,1,3133.5,208,3,3133.2,2,1,3133.1,5,2,3133.0,365,5,3133.8,25,3,3133.9,95,1,3134.2,153,1,3134.3,32,1,3134.6,49,2
2031,2026-06-16 12:53:22+05:30,3133.8,1,3130.25,2197419,127927.0,207552.0,3163.0,3163.0,3108.0,3134.3,31991800,3447.7,2820.9,3839.9,2896.0,3133.6,2,1,3133.5,208,3,3133.2,2,1,3133.1,5,2,3133.0,365,5,3133.8,25,3,3133.9,95,1,3134.2,153,1,3134.3,32,1,3134.6,49,2
2031,2026-06-16 12:53:22+05:30,3133.5,31,3130.25,2197461,128033.0,208389.0,3163.0,3163.0,3108.0,3134.3,31991800,3447.7,2820.9,3839.9,2896.0,3133.5,202,4,3133.1,1,1,3133.0,300,1,3132.9,21,1,3132.8,55,2,3133.8,25,3,3133.9,95,1,3134.2,193,2,3134.4,78,2,3134.5,26,1
2031,2026-06-16 12:53:23+05:30,3133.5,31,3130.25,2197461,128033.0,208389.0,3163.0,3163.0,3108.0,3134.3,31991800,3447.7,2820.9,3839.9,2896.0,3133.5,202,4,3133.1,1,1,3133.0,300,1,3132.9,21,1,3132.8,55,2,3133.8,25,3,3133.9,95,1,3134.2,193,2,3134.4,78,2,3134.5,26,1
2031,2026-06-16 12:53:23+05:30,3133.5,31,3130.25,2197461,128033.0,208389.0,3163.0,3163.0,3108.0,3134.3,31991800,3447.7,2820.9,3839.9,2896.0,3133.5,202,4,3133.1,1,1,3133.0,300,1,3132.9,21,1,3132.8,55,2,3133.8,25,3,3133.9,95,1,3134.2,193,2,3134.4,78,2,3134.5,26,1
2031,2026-06-16 12:53:23+05:30,3133.8,1,3130.25,2197462,127863.0,208405.0,3163.0,3163.0,3108.0,3134.3,31991800,3447.7,2820.9,3839.9,2896.0,3133.5,177,3,3133.4,17,1,3133.1,1,1,3133.0,300,1,3132.9,21,1,3133.8,28,4,3133.9,95,1,3134.2,153,1,3134.4,78,2,3134.5,26,1
2031,2026-06-16 12:53:24+05:30,3133.8,1,3130.25,2197462,127863.0,208405.0,3163.0,3163.0,3108.0,3134.3,31991800,3447.7,2820.9,3839.9,2896.0,3133.5,177,3,3133.4,17,1,3133.1,1,1,3133.0,300,1,3132.9,21,1,3133.8,28,4,3133.9,95,1,3134.2,153,1,3134.4,78,2,3134.5,26,1
2031,2026-06-16 12:53:24+05:30,3133.8,1,3130.25,2197462,127863.0,208405.0,3163.0,3163.0,3108.0,3134.3,31991800,3447.7,2820.9,3839.9,2896.0,3133.5,177,3,3133.4,17,1,3133.1,1,1,3133.0,300,1,3132.9,21,1,3133.8,28,4,3133.9,95,1,3134.2,153,1,3134.4,78,2,3134.5,26,1
2031,2026-06-16 12:53:24+05:30,3133.8,1,3130.25,2197462,127888.0,208370.0,3163.0,3163.0,3108.0,3134.3,31991800,3447.7,2820.9,3839.9,2896.0,3133.5,177,3,3133.4,17,1,3133.1,1,1,3133.0,302,2,3132.9,34,2,3133.8,28,4,3133.9,95,1,3134.2,153,1,3134.4,40,1,3134.5,26,1
2031,2026-06-16 12:53:25+05:30,3133.8,1,3130.25,2197462,127888.0,208370.0,3163.0,3163.0,3108.0,3134.3,31992400,3447.7,2820.9,3839.9,2896.0,3133.5,177,3,3133.4,17,1,3133.1,1,1,3133.0,302,2,3132.9,34,2,3133.8,28,4,3133.9,95,1,3134.2,153,1,3134.4,40,1,3134.5,26,1
2031,2026-06-16 12:53:26+05:30,3133.5,1,3130.25,2197463,128046.0,208378.0,3163.0,3163.0,3108.0,3134.3,31992400,3447.7,2820.9,3839.9,2896.0,3133.5,176,3,3133.4,17,1,3133.1,1,1,3133.0,302,2,3132.9,34,2,3133.8,28,4,3133.9,95,1,3134.2,153,1,3134.4,40,1,3134.5,64,2
2031,2026-06-16 12:53:26+05:30,3133.8,1,3130.25,2197463,128046.0,208378.0,3163.0,3163.0,3108.0,3134.3,31992400,3447.7,2820.9,3839.9,2896.0,3133.5,176,3,3133.4,17,1,3133.1,1,1,3133.0,302,2,3132.9,34,2,3133.8,28,4,3133.9,95,1,3134.2,153,1,3134.4,40,1,3134.5,64,2
2031,2026-06-16 12:53:27+05:30,3133.8,1,3130.25,2197465,128230.0,208296.0,3163.0,3163.0,3108.0,3134.3,31992400,3447.7,2820.9,3839.9,2896.0,3133.7,17,1,3133.5,213,5,3133.1,1,1,3133.0,302,2,3132.9,48,3,3133.8,29,4,3133.9,95,1,3134.2,153,1,3134.5,26,1,3134.6,205,5
2031,2026-06-16 12:53:27+05:30,3133.8,1,3130.25,2197465,128230.0,208296.0,3163.0,3163.0,3108.0,3134.3,31992400,3447.7,2820.9,3839.9,2896.0,3133.7,17,1,3133.5,213,5,3133.1,1,1,3133.0,302,2,3132.9,48,3,3133.8,29,4,3133.9,95,1,3134.2,153,1,3134.5,26,1,3134.6,205,5
2031,2026-06-16 12:53:28+05:30,3134.2,142,3130.26,2197820,128567.0,206912.0,3163.0,3163.0,3108.0,3134.3,31992400,3447.7,2820.9,3839.9,2896.0,3133.5,176,3,3133.4,36,3,3133.3,16,2,3133.2,21,1,3133.1,286,4,3134.2,11,1,3134.8,84,4,3134.9,261,2,3135.0,99,3,3135.1,116,2
2031,2026-06-16 12:53:28+05:30,3134.2,142,3130.26,2197820,128567.0,206912.0,3163.0,3163.0,3108.0,3134.3,31992400,3447.7,2820.9,3839.9,2896.0,3133.5,176,3,3133.4,36,3,3133.3,16,2,3133.2,21,1,3133.1,286,4,3134.2,11,1,3134.8,84,4,3134.9,261,2,3135.0,99,3,3135.1,116,2
2031,2026-06-16 12:53:29+05:30,3134.2,1,3130.26,2197821,128569.0,207203.0,3163.0,3163.0,3108.0,3134.3,31992400,3447.7,2820.9,3839.9,2896.0,3133.5,176,3,3133.4,36,3,3133.3,53,4,3133.2,21,1,3133.1,147,5,3134.2,10,1,3134.8,84,4,3134.9,261,2,3135.0,99,3,3135.1,116,2
2031,2026-06-16 12:53:29+05:30,3134.2,1,3130.26,2197821,128569.0,207203.0,3163.0,3163.0,3108.0,3134.3,31992400,3447.7,2820.9,3839.9,2896.0,3133.5,176,3,3133.4,36,3,3133.3,53,4,3133.2,21,1,3133.1,147,5,3134.2,10,1,3134.8,84,4,3134.9,261,2,3135.0,99,3,3135.1,116,2
2031,2026-06-16 12:53:30+05:30,3134.2,1,3130.26,2197821,128578.0,207303.0,3163.0,3163.0,3108.0,3134.3,31992400,3447.7,2820.9,3839.9,2896.0,3133.5,181,4,3133.4,36,3,3133.3,53,4,3133.2,21,1,3133.1,147,5,3134.2,98,4,3134.8,84,4,3134.9,309,3,3135.0,99,3,3135.1,116,2
2031,2026-06-16 12:53:31+05:30,3134.2,1,3130.26,2197821,128518.0,207568.0,3163.0,3163.0,3108.0,3134.3,31992400,3447.7,2820.9,3839.9,2896.0,3133.9,2,2,3133.5,232,6,3133.4,36,3,3133.3,66,5,3133.2,13,1,3134.2,124,5,3134.6,40,1,3134.8,84,4,3134.9,330,4,3135.0,99,3
2031,2026-06-16 12:53:32+05:30,3134.2,1,3130.26,2197832,128547.0,205699.0,3163.0,3163.0,3108.0,3134.3,31992400,3447.7,2820.9,3839.9,2896.0,3133.9,2,2,3133.7,17,1,3133.5,243,7,3133.4,19,2,3133.3,66,5,3134.2,113,4,3134.6,40,1,3134.8,84,4,3134.9,330,4,3135.0,99,3
2031,2026-06-16 12:53:32+05:30,3134.2,1,3130.26,2197832,128547.0,205699.0,3163.0,3163.0,3108.0,3134.3,31992400,3447.7,2820.9,3839.9,2896.0,3133.9,2,2,3133.7,17,1,3133.5,243,7,3133.4,19,2,3133.3,66,5,3134.2,113,4,3134.6,40,1,3134.8,84,4,3134.9,330,4,3135.0,99,3
2031,2026-06-16 12:53:33+05:30,3134.2,1,3130.26,2197832,128593.0,208038.0,3163.0,3163.0,3108.0,3134.3,31992400,3447.7,2820.9,3839.9,2896.0,3133.9,2,2,3133.7,17,1,3133.5,265,8,3133.4,9,1,3133.3,19,2,3134.2,436,6,3134.6,40,1,3134.8,104,4,3134.9,309,3,3135.0,99,3
2031,2026-06-16 12:53:34+05:30,3134.2,1,3130.26,2197993,128575.0,207891.0,3163.0,3163.0,3108.0,3134.3,31992400,3447.7,2820.9,3839.9,2896.0,3133.9,2,2,3133.5,265,8,3133.4,25,2,3133.3,6,1,3133.2,27,1,3134.2,275,2,3134.4,40,1,3134.6,40,1,3134.8,143,6,3134.9,309,3
2031,2026-06-16 12:53:34+05:30,3134.2,1,3130.26,2197993,128575.0,207891.0,3163.0,3163.0,3108.0,3134.3,31992400,3447.7,2820.9,3839.9,2896.0,3133.9,2,2,3133.5,265,8,3133.4,25,2,3133.3,6,1,3133.2,27,1,3134.2,275,2,3134.4,40,1,3134.6,40,1,3134.8,143,6,3134.9,309,3
2031,2026-06-16 12:53:35+05:30,3134.2,1,3130.26,2197995,128583.0,207825.0,3163.0,3163.0,3108.0,3134.3,31992400,3447.7,2820.9,3839.9,2896.0,3133.9,2,2,3133.5,265,8,3133.4,25,2,3133.3,6,1,3133.2,75,2,3134.2,273,2,3134.4,40,1,3134.6,40,1,3134.8,143,6,3134.9,309,3
2031,2026-06-16 12:53:35+05:30,3134.2,1,3130.26,2197995,128583.0,207825.0,3163.0,3163.0,3108.0,3134.3,31992400,3447.7,2820.9,3839.9,2896.0,3133.9,2,2,3133.5,265,8,3133.4,25,2,3133.3,6,1,3133.2,75,2,3134.2,273,2,3134.4,40,1,3134.6,40,1,3134.8,143,6,3134.9,309,3
2031,2026-06-16 12:53:36+05:30,3134.2,1,3130.26,2197995,128598.0,205826.0,3163.0,3163.0,3108.0,3134.3,31992400,3447.7,2820.9,3839.9,2896.0,3134.0,2,2,3133.7,16,1,3133.5,273,9,3133.4,9,1,3133.3,33,2,3134.2,273,2,3134.8,102,4,3134.9,309,3,3135.0,99,3,3135.1,116,2
2031,2026-06-16 12:53:37+05:30,3134.2,1,3130.26,2197995,128697.0,207787.0,3163.0,3163.0,3108.0,3134.3,31992400,3447.7,2820.9,3839.9,2896.0,3134.0,2,2,3133.7,16,1,3133.5,273,9,3133.4,9,1,3133.3,33,2,3134.2,276,3,3134.7,39,1,3134.8,38,1,3134.9,330,4,3135.0,99,3
2031,2026-06-16 12:53:38+05:30,3134.2,17,3130.26,2198012,128708.0,207976.0,3163.0,3163.0,3108.0,3134.3,31992400,3447.7,2820.9,3839.9,2896.0,3134.0,2,2,3133.7,16,1,3133.5,268,8,3133.4,9,1,3133.3,33,2,3134.2,259,3,3134.7,39,1,3134.9,330,4,3135.0,99,3,3135.1,116,2
2031,2026-06-16 12:53:38+05:30,3134.2,17,3130.26,2198012,128708.0,207976.0,3163.0,3163.0,3108.0,3134.3,31992400,3447.7,2820.9,3839.9,2896.0,3134.0,2,2,3133.7,16,1,3133.5,268,8,3133.4,9,1,3133.3,33,2,3134.2,259,3,3134.7,39,1,3134.9,330,4,3135.0,99,3,3135.1,116,2
2031,2026-06-16 12:53:39+05:30,3134.1,41,3130.26,2198053,128615.0,208084.0,3163.0,3163.0,3108.0,3134.3,31992400,3447.7,2820.9,3839.9,2896.0,3134.0,2,2,3133.7,16,1,3133.5,218,7,3133.4,22,2,3133.3,6,1,3134.1,4,1,3134.2,291,4,3134.3,32,1,3134.4,32,1,3134.6,32,1
2031,2026-06-16 12:53:39+05:30,3134.1,41,3130.26,2198053,128615.0,208084.0,3163.0,3163.0,3108.0,3134.3,31992400,3447.7,2820.9,3839.9,2896.0,3134.0,2,2,3133.7,16,1,3133.5,218,7,3133.4,22,2,3133.3,6,1,3134.1,4,1,3134.2,291,4,3134.3,32,1,3134.4,32,1,3134.6,32,1
2031,2026-06-16 12:53:40+05:30,3134.0,10,3130.26,2198243,128666.0,207760.0,3163.0,3163.0,3108.0,3134.3,31992400,3447.7,2820.9,3839.9,2896.0,3133.7,16,1,3133.5,217,6,3133.4,9,1,3133.3,53,3,3133.2,41,3,3134.0,1,1,3134.1,33,2,3134.2,148,3,3134.3,32,1,3134.5,32,1
2031,2026-06-16 12:53:40+05:30,3134.0,10,3130.26,2198243,128666.0,207760.0,3163.0,3163.0,3108.0,3134.3,31992400,3447.7,2820.9,3839.9,2896.0,3133.7,16,1,3133.5,217,6,3133.4,9,1,3133.3,53,3,3133.2,41,3,3134.0,1,1,3134.1,33,2,3134.2,148,3,3134.3,32,1,3134.5,32,1
2031,2026-06-16 12:53:41+05:30,3134.0,35,3130.26,2198290,128576.0,207916.0,3163.0,3163.0,3108.0,3134.3,31992400,3447.7,2820.9,3839.9,2896.0,3134.0,17,1,3133.5,218,6,3133.4,9,1,3133.3,40,2,3133.2,28,2,3134.1,22,1,3134.2,148,3,3134.3,32,1,3134.5,32,1,3134.7,39,1
2031,2026-06-16 12:53:41+05:30,3134.0,35,3130.26,2198290,128576.0,207916.0,3163.0,3163.0,3108.0,3134.3,31992400,3447.7,2820.9,3839.9,2896.0,3134.0,17,1,3133.5,218,6,3133.4,9,1,3133.3,40,2,3133.2,28,2,3134.1,22,1,3134.2,148,3,3134.3,32,1,3134.5,32,1,3134.7,39,1
2031,2026-06-16 12:53:42+05:30,3134.2,17,3130.26,2198380,128763.0,207859.0,3163.0,3163.0,3108.0,3134.3,31992400,3447.7,2820.9,3839.9,2896.0,3134.0,17,1,3133.5,218,6,3133.4,9,1,3133.3,40,2,3133.2,41,3,3134.2,103,3,3134.3,32,1,3134.5,32,1,3134.7,39,1,3134.8,39,2
2031,2026-06-16 12:53:42+05:30,3134.2,17,3130.26,2198380,128763.0,207859.0,3163.0,3163.0,3108.0,3134.3,31992400,3447.7,2820.9,3839.9,2896.0,3134.0,17,1,3133.5,218,6,3133.4,9,1,3133.3,40,2,3133.2,41,3,3134.2,103,3,3134.3,32,1,3134.5,32,1,3134.7,39,1,3134.8,39,2
2031,2026-06-16 12:53:43+05:30,3134.0,33,3130.26,2198485,128049.0,208438.0,3163.0,3163.0,3108.0,3134.3,31992400,3447.7,2820.9,3839.9,2896.0,3133.5,171,2,3133.1,1,1,3133.0,300,1,3132.8,55,2,3132.7,54,3,3133.6,167,1,3134.1,49,2,3134.2,183,5,3134.3,32,1,3134.4,88,2
2031,2026-06-16 12:53:43+05:30,3134.0,33,3130.26,2198485,128049.0,208438.0,3163.0,3163.0,3108.0,3134.3,31992400,3447.7,2820.9,3839.9,2896.0,3133.5,171,2,3133.1,1,1,3133.0,300,1,3132.8,55,2,3132.7,54,3,3133.6,167,1,3134.1,49,2,3134.2,183,5,3134.3,32,1,3134.4,88,2
2031,2026-06-16 12:53:44+05:30,3133.5,50,3130.26,2198535,128002.0,208314.0,3163.0,3163.0,3108.0,3134.3,31992400,3447.7,2820.9,3839.9,2896.0,3133.5,121,2,3133.1,1,1,3133.0,300,1,3132.8,55,2,3132.7,54,3,3133.6,195,2,3134.0,64,2,3134.2,292,8,3134.4,136,3,3134.5,28,2
2031,2026-06-16 12:53:44+05:30,3133.5,50,3130.26,2198535,128002.0,208314.0,3163.0,3163.0,3108.0,3134.3,31992400,3447.7,2820.9,3839.9,2896.0,3133.5,121,2,3133.1,1,1,3133.0,300,1,3132.8,55,2,3132.7,54,3,3133.6,195,2,3134.0,64,2,3134.2,292,8,3134.4,136,3,3134.5,28,2
2031,2026-06-16 12:53:45+05:30,3133.6,1,3130.26,2198536,128034.0,208369.0,3163.0,3163.0,3108.0,3134.3,31992400,3447.7,2820.9,3839.9,2896.0,3133.5,127,4,3133.1,1,1,3133.0,300,1,3132.8,55,2,3132.7,54,3,3133.6,220,3,3134.2,254,7,3134.4,136,3,3134.5,28,2,3134.6,144,4
2031,2026-06-16 12:53:45+05:30,3133.6,1,3130.26,2198536,128034.0,208369.0,3163.0,3163.0,3108.0,3134.3,31992400,3447.7,2820.9,3839.9,2896.0,3133.5,127,4,3133.1,1,1,3133.0,300,1,3132.8,55,2,3132.7,54,3,3133.6,220,3,3134.2,254,7,3134.4,136,3,3134.5,28,2,3134.6,144,4
2031,2026-06-16 12:53:46+05:30,3133.5,2,3130.26,2198543,128183.0,206336.0,3163.0,3163.0,3108.0,3134.3,31992400,3447.7,2820.9,3839.9,2896.0,3133.5,199,8,3133.4,29,2,3133.2,34,4,3133.1,1,1,3133.0,380,6,3133.6,215,3,3134.2,179,5,3134.6,21,1,3134.7,39,2,3134.8,101,3
2031,2026-06-16 12:53:46+05:30,3133.5,2,3130.26,2198543,128183.0,206336.0,3163.0,3163.0,3108.0,3134.3,31992400,3447.7,2820.9,3839.9,2896.0,3133.5,199,8,3133.4,29,2,3133.2,34,4,3133.1,1,1,3133.0,380,6,3133.6,215,3,3134.2,179,5,3134.6,21,1,3134.7,39,2,3134.8,101,3
2031,2026-06-16 12:53:47+05:30,3133.5,5,3130.26,2198549,128166.0,206330.0,3163.0,3163.0,3108.0,3134.3,31992400,3447.7,2820.9,3839.9,2896.0,3133.5,194,8,3133.4,29,2,3133.2,29,3,3133.1,1,1,3133.0,380,6,3133.6,214,3,3134.2,179,5,3134.6,21,1,3134.7,87,3,3134.8,101,3
2031,2026-06-16 12:53:47+05:30,3133.5,5,3130.26,2198549,128166.0,206330.0,3163.0,3163.0,3108.0,3134.3,31992400,3447.7,2820.9,3839.9,2896.0,3133.5,194,8,3133.4,29,2,3133.2,29,3,3133.1,1,1,3133.0,380,6,3133.6,214,3,3134.2,179,5,3134.6,21,1,3134.7,87,3,3134.8,101,3
2031,2026-06-16 12:53:48+05:30,3133.6,13,3130.26,2198722,128093.0,208095.0,3163.0,3163.0,3108.0,3134.3,31992400,3447.7,2820.9,3839.9,2896.0,3133.5,194,8,3133.4,13,1,3133.2,29,3,3133.1,1,1,3133.0,401,7,3133.6,79,3,3134.2,179,5,3134.6,21,1,3134.7,39,2,3134.8,149,4
2031,2026-06-16 12:53:48+05:30,3133.6,13,3130.26,2198722,128093.0,208095.0,3163.0,3163.0,3108.0,3134.3,31992400,3447.7,2820.9,3839.9,2896.0,3133.5,194,8,3133.4,13,1,3133.2,29,3,3133.1,1,1,3133.0,401,7,3133.6,79,3,3134.2,179,5,3134.6,21,1,3134.7,39,2,3134.8,149,4
2031,2026-06-16 12:53:49+05:30,3133.5,1,3130.26,2198843,127861.0,208301.0,3163.0,3163.0,3108.0,3134.3,31992400,3447.7,2820.9,3839.9,2896.0,3133.5,74,6,3133.2,5,1,3133.1,1,1,3133.0,358,4,3132.9,8,1,3133.6,79,3,3134.2,179,5,3134.6,69,2,3134.7,75,3,3134.8,350,5
2031,2026-06-16 12:53:49+05:30,3133.5,1,3130.26,2198843,127861.0,208301.0,3163.0,3163.0,3108.0,3134.3,31992400,3447.7,2820.9,3839.9,2896.0,3133.5,74,6,3133.2,5,1,3133.1,1,1,3133.0,358,4,3132.9,8,1,3133.6,79,3,3134.2,179,5,3134.6,69,2,3134.7,75,3,3134.8,350,5
2031,2026-06-16 12:53:50+05:30,3133.6,1,3130.26,2198946,127575.0,208582.0,3163.0,3163.0,3108.0,3134.3,31992400,3447.7,2820.9,3839.9,2896.0,3133.5,9,3,3133.1,1,1,3133.0,303,2,3132.9,8,1,3132.8,55,2,3133.6,77,3,3134.2,179,5,3134.3,74,2,3134.4,48,1,3134.5,1,1
2031,2026-06-16 12:53:50+05:30,3133.6,1,3130.26,2198946,127575.0,208582.0,3163.0,3163.0,3108.0,3134.3,31992400,3447.7,2820.9,3839.9,2896.0,3133.5,9,3,3133.1,1,1,3133.0,303,2,3132.9,8,1,3132.8,55,2,3133.6,77,3,3134.2,179,5,3134.3,74,2,3134.4,48,1,3134.5,1,1
2031,2026-06-16 12:53:51+05:30,3133.6,1,3130.26,2198946,127389.0,208712.0,3163.0,3163.0,3108.0,3134.3,31992400,3447.7,2820.9,3839.9,2896.0,3133.5,9,3,3133.1,1,1,3133.0,300,1,3132.8,7,1,3132.7,43,3,3133.6,79,4,3134.1,37,2,3134.2,217,6,3134.3,59,2,3134.4,333,4
2031,2026-06-16 12:53:52+05:30,3133.6,11,3130.26,2198957,127548.0,208773.0,3163.0,3163.0,3108.0,3134.3,31992400,3447.7,2820.9,3839.9,2896.0,3133.5,9,3,3133.4,15,1,3133.1,1,1,3133.0,300,1,3132.8,7,1,3133.6,68,4,3133.9,36,1,3134.1,39,2,3134.2,253,7,3134.4,371,5
2031,2026-06-16 12:53:52+05:30,3133.6,11,3130.26,2198957,127548.0,208773.0,3163.0,3163.0,3108.0,3134.3,31992400,3447.7,2820.9,3839.9,2896.0,3133.5,9,3,3133.4,15,1,3133.1,1,1,3133.0,300,1,3132.8,7,1,3133.6,68,4,3133.9,36,1,3134.1,39,2,3134.2,253,7,3134.4,371,5
2031,2026-06-16 12:53:53+05:30,3133.6,1,3130.26,2198975,127424.0,208313.0,3163.0,3163.0,3108.0,3134.3,31992400,3447.7,2820.9,3839.9,2896.0,3133.5,9,3,3133.4,15,1,3133.1,1,1,3133.0,300,1,3132.8,68,3,3133.6,78,4,3134.2,179,5,3134.3,1,1,3134.4,171,4,3134.6,402,6
2031,2026-06-16 12:53:53+05:30,3133.6,1,3130.26,2198975,127424.0,208313.0,3163.0,3163.0,3108.0,3134.3,31992400,3447.7,2820.9,3839.9,2896.0,3133.5,9,3,3133.4,15,1,3133.1,1,1,3133.0,300,1,3132.8,68,3,3133.6,78,4,3134.2,179,5,3134.3,1,1,3134.4,171,4,3134.6,402,6
2031,2026-06-16 12:53:54+05:30,3133.6,1,3130.26,2198975,127508.0,208281.0,3163.0,3163.0,3108.0,3134.3,31992400,3447.7,2820.9,3839.9,2896.0,3133.5,9,3,3133.4,15,1,3133.1,1,1,3133.0,348,2,3132.8,104,5,3133.6,78,4,3134.0,12,1,3134.2,179,5,3134.3,1,1,3134.4,97,2
2031,2026-06-16 12:53:55+05:30,3133.5,3,3130.26,2199131,127567.0,208634.0,3163.0,3163.0,3108.0,3134.3,31992400,3447.7,2820.9,3839.9,2896.0,3133.5,16,2,3133.1,1,1,3133.0,495,2,3132.9,20,1,3132.8,62,2,3134.0,12,1,3134.2,215,6,3134.4,123,3,3134.5,1,1,3134.6,202,5
2031,2026-06-16 12:53:55+05:30,3134.0,4,3130.26,2199131,127567.0,208634.0,3163.0,3163.0,3108.0,3134.3,31992400,3447.7,2820.9,3839.9,2896.0,3133.5,16,2,3133.1,1,1,3133.0,495,2,3132.9,20,1,3132.8,62,2,3134.0,12,1,3134.2,215,6,3134.4,123,3,3134.5,1,1,3134.6,202,5
2031,2026-06-16 12:53:56+05:30,3134.0,1,3130.26,2199138,127954.0,208573.0,3163.0,3163.0,3108.0,3134.3,31992400,3447.7,2820.9,3839.9,2896.0,3133.4,40,3,3133.1,24,3,3133.0,566,4,3132.9,22,2,3132.8,123,4,3134.0,5,1,3134.1,2,1,3134.2,179,5,3134.4,85,2,3134.5,2,2
2031,2026-06-16 12:53:56+05:30,3134.0,1,3130.26,2199138,127954.0,208573.0,3163.0,3163.0,3108.0,3134.3,31992400,3447.7,2820.9,3839.9,2896.0,3133.4,40,3,3133.1,24,3,3133.0,566,4,3132.9,22,2,3132.8,123,4,3134.0,5,1,3134.1,2,1,3134.2,179,5,3134.4,85,2,3134.5,2,2
2031,2026-06-16 12:53:57+05:30,3134.2,9,3130.26,2199155,128191.0,207854.0,3163.0,3163.0,3108.0,3134.3,31992400,3447.7,2820.9,3839.9,2896.0,3133.4,25,3,3133.2,22,2,3133.1,42,5,3133.0,643,7,3132.9,22,2,3134.2,169,4,3134.5,2,2,3134.6,236,2,3134.7,2,1,3134.8,164,5
2031,2026-06-16 12:53:57+05:30,3134.2,9,3130.26,2199155,128191.0,207854.0,3163.0,3163.0,3108.0,3134.3,31992400,3447.7,2820.9,3839.9,2896.0,3133.4,25,3,3133.2,22,2,3133.1,42,5,3133.0,643,7,3132.9,22,2,3134.2,169,4,3134.5,2,2,3134.6,236,2,3134.7,2,1,3134.8,164,5
2031,2026-06-16 12:53:58+05:30,3133.0,20,3130.26,2199345,127476.0,208664.0,3163.0,3163.0,3108.0,3134.3,31992400,3447.7,2820.9,3839.9,2896.0,3133.0,472,4,3132.9,13,1,3132.8,61,3,3132.7,33,3,3132.6,56,5,3133.4,200,1,3133.6,14,1,3134.2,169,4,3134.4,20,1,3134.5,2,2
2031,2026-06-16 12:53:58+05:30,3133.0,20,3130.26,2199345,127476.0,208664.0,3163.0,3163.0,3108.0,3134.3,31992400,3447.7,2820.9,3839.9,2896.0,3133.0,472,4,3132.9,13,1,3132.8,61,3,3132.7,33,3,3132.6,56,5,3133.4,200,1,3133.6,14,1,3134.2,169,4,3134.4,20,1,3134.5,2,2
2031,2026-06-16 12:53:59+05:30,3133.0,20,3130.26,2199345,127713.0,208551.0,3163.0,3163.0,3108.0,3134.3,31992400,3447.7,2820.9,3839.9,2896.0,3133.2,49,6,3133.1,4,1,3133.0,493,7,3132.9,6,1,3132.8,81,5,3133.4,225,2,3133.6,14,1,3134.2,169,4,3134.4,68,2,3134.5,2,2
2031,2026-06-16 12:54:00+05:30,3133.4,1,3130.26,2199346,127730.0,208491.0,3163.0,3163.0,3108.0,3134.3,31992400,3447.7,2820.9,3839.9,2896.0,3133.2,55,7,3133.1,4,1,3133.0,493,7,3132.9,6,1,3132.8,81,5,3133.4,225,3,3133.6,14,1,3134.2,169,4,3134.4,48,1,3134.5,2,2
2031,2026-06-16 12:54:00+05:30,3133.4,1,3130.26,2199346,127730.0,208491.0,3163.0,3163.0,3108.0,3134.3,31992400,3447.7,2820.9,3839.9,2896.0,3133.2,55,7,3133.1,4,1,3133.0,493,7,3132.9,6,1,3132.8,81,5,3133.4,225,3,3133.6,14,1,3134.2,169,4,3134.4,48,1,3134.5,2,2
2031,2026-06-16 12:54:01+05:30,3133.4,1,3130.26,2199347,127980.0,208485.0,3163.0,3163.0,3108.0,3134.3,31992400,3447.7,2820.9,3839.9,2896.0,3133.3,25,5,3133.2,82,8,3133.1,4,1,3133.0,570,8,3132.9,6,1,3133.4,225,4,3133.6,14,1,3134.2,169,4,3134.4,48,1,3134.5,2,2
2031,2026-06-16 12:54:01+05:30,3133.4,1,3130.26,2199347,127980.0,208485.0,3163.0,3163.0,3108.0,3134.3,31992400,3447.7,2820.9,3839.9,2896.0,3133.3,25,5,3133.2,82,8,3133.1,4,1,3133.0,570,8,3132.9,6,1,3133.4,225,4,3133.6,14,1,3134.2,169,4,3134.4,48,1,3134.5,2,2
2031,2026-06-16 12:54:02+05:30,3133.4,1,3130.26,2199572,128253.0,208262.0,3163.0,3163.0,3108.0,3134.3,31992400,3447.7,2820.9,3839.9,2896.0,3133.4,34,5,3133.3,20,6,3133.2,91,9,3133.1,4,1,3133.0,641,10,3133.6,14,1,3134.2,169,4,3134.5,1,1,3134.6,200,1,3134.8,69,2
2031,2026-06-16 12:54:02+05:30,3133.4,1,3130.26,2199572,128253.0,208262.0,3163.0,3163.0,3108.0,3134.3,31992400,3447.7,2820.9,3839.9,2896.0,3133.4,34,5,3133.3,20,6,3133.2,91,9,3133.1,4,1,3133.0,641,10,3133.6,14,1,3134.2,169,4,3134.5,1,1,3134.6,200,1,3134.8,69,2
2031,2026-06-16 12:54:03+05:30,3134.6,29,3130.26,2199785,129288.0,207298.0,3163.0,3163.0,3108.0,3134.3,31992400,3447.7,2820.9,3839.9,2896.0,3133.4,140,10,3133.3,63,8,3133.2,147,13,3133.1,50,4,3133.0,619,10,3134.6,171,1,3134.9,202,2,3135.0,20,1,3135.1,48,1,3135.2,514,6
2031,2026-06-16 12:54:03+05:30,3134.6,29,3130.26,2199785,129288.0,207298.0,3163.0,3163.0,3108.0,3134.3,31992400,3447.7,2820.9,3839.9,2896.0,3133.4,140,10,3133.3,63,8,3133.2,147,13,3133.1,50,4,3133.0,619,10,3134.6,171,1,3134.9,202,2,3135.0,20,1,3135.1,48,1,3135.2,514,6
2031,2026-06-16 12:54:04+05:30,3134.6,29,3130.26,2199785,129276.0,207247.0,3163.0,3163.0,3108.0,3134.3,31992400,3447.7,2820.9,3839.9,2896.0,3133.4,140,10,3133.3,78,9,3133.2,132,12,3133.1,50,4,3133.0,619,10,3134.6,171,1,3134.9,202,2,3135.0,20,1,3135.1,48,1,3135.2,514,6
2031,2026-06-16 12:54:05+05:30,3133.4,1,3130.26,2199786,129315.0,207294.0,3163.0,3163.0,3108.0,3134.3,31992400,3447.7,2820.9,3839.9,2896.0,3133.4,155,11,3133.3,79,9,3133.2,93,10,3133.1,46,3,3133.0,619,10,3134.6,171,1,3134.9,250,3,3135.0,41,2,3135.1,48,1,3135.2,493,5
2031,2026-06-16 12:54:05+05:30,3133.4,1,3130.26,2199786,129315.0,207294.0,3163.0,3163.0,3108.0,3134.3,31992400,3447.7,2820.9,3839.9,2896.0,3133.4,155,11,3133.3,79,9,3133.2,93,10,3133.1,46,3,3133.0,619,10,3134.6,171,1,3134.9,250,3,3135.0,41,2,3135.1,48,1,3135.2,493,5
2031,2026-06-16 12:54:06+05:30,3134.6,1,3130.26,2199788,129501.0,207716.0,3163.0,3163.0,3108.0,3134.3,31992400,3447.7,2820.9,3839.9,2896.0,3134.0,2,2,3133.5,61,4,3133.4,155,11,3133.3,61,6,3133.2,107,10,3134.6,208,2,3134.9,250,3,3135.0,77,3,3135.1,48,1,3135.2,595,7
2031,2026-06-16 12:54:06+05:30,3134.6,1,3130.26,2199788,129501.0,207716.0,3163.0,3163.0,3108.0,3134.3,31992400,3447.7,2820.9,3839.9,2896.0,3134.0,2,2,3133.5,61,4,3133.4,155,11,3133.3,61,6,3133.2,107,10,3134.6,208,2,3134.9,250,3,3135.0,77,3,3135.1,48,1,3135.2,595,7
2031,2026-06-16 12:54:06+05:30,3134.6,1,3130.26,2199788,129501.0,207716.0,3163.0,3163.0,3108.0,3134.3,31992400,3447.7,2820.9,3839.9,2896.0,3134.0,2,2,3133.5,61,4,3133.4,155,11,3133.3,61,6,3133.2,107,10,3134.6,208,2,3134.9,250,3,3135.0,77,3,3135.1,48,1,3135.2,595,7
2031,2026-06-16 12:54:07+05:30,3134.6,1,3130.26,2199789,129602.0,207547.0,3163.0,3163.0,3108.0,3134.3,31992400,3447.7,2820.9,3839.9,2896.0,3134.0,41,3,3133.5,61,4,3133.4,109,9,3133.3,60,5,3133.2,71,9,3134.6,207,2,3134.9,250,3,3135.0,77,3,3135.1,48,1,3135.2,595,7
2031,2026-06-16 12:54:08+05:30,3134.6,1,3130.26,2199789,129331.0,207757.0,3163.0,3163.0,3108.0,3134.3,31992400,3447.7,2820.9,3839.9,2896.0,3134.0,41,3,3133.7,17,1,3133.5,40,3,3133.4,54,7,3133.3,60,5,3134.2,45,1,3134.3,32,1,3134.4,32,1,3134.5,32,1,3134.6,244,3
2031,2026-06-16 12:54:08+05:30,3134.6,1,3130.26,2199789,129331.0,207757.0,3163.0,3163.0,3108.0,3134.3,31992400,3447.7,2820.9,3839.9,2896.0,3134.0,41,3,3133.7,17,1,3133.5,40,3,3133.4,54,7,3133.3,60,5,3134.2,45,1,3134.3,32,1,3134.4,32,1,3134.5,32,1,3134.6,244,3
2031,2026-06-16 12:54:08+05:30,3134.3,32,3130.26,2199789,129331.0,207757.0,3163.0,3163.0,3108.0,3134.3,31992400,3447.7,2820.9,3839.9,2896.0,3134.0,41,3,3133.7,17,1,3133.5,40,3,3133.4,54,7,3133.3,60,5,3134.2,45,1,3134.3,32,1,3134.4,32,1,3134.5,32,1,3134.6,244,3
2031,2026-06-16 12:54:09+05:30,3134.2,40,3130.26,2199919,129630.0,207596.0,3163.0,3163.0,3108.0,3134.3,31992400,3447.7,2820.9,3839.9,2896.0,3134.2,15,1,3134.0,41,3,3133.6,22,2,3133.5,40,3,3133.4,75,8,3134.4,32,1,3134.5,32,1,3134.6,244,3,3134.7,32,1,3134.9,202,2
2031,2026-06-16 12:54:09+05:30,3134.2,40,3130.26,2199919,129630.0,207596.0,3163.0,3163.0,3108.0,3134.3,31992400,3447.7,2820.9,3839.9,2896.0,3134.2,15,1,3134.0,41,3,3133.6,22,2,3133.5,40,3,3133.4,75,8,3134.4,32,1,3134.5,32,1,3134.6,244,3,3134.7,32,1,3134.9,202,2
2031,2026-06-16 12:54:10+05:30,3134.3,3,3130.26,2199978,129690.0,207627.0,3163.0,3163.0,3108.0,3134.3,31992400,3447.7,2820.9,3839.9,2896.0,3134.2,51,3,3134.0,41,3,3133.6,22,2,3133.5,62,4,3133.4,75,8,3134.3,36,1,3134.5,32,1,3134.6,276,4,3134.8,32,1,3134.9,250,3
2031,2026-06-16 12:54:10+05:30,3134.3,3,3130.26,2199978,129690.0,207627.0,3163.0,3163.0,3108.0,3134.3,31992400,3447.7,2820.9,3839.9,2896.0,3134.2,51,3,3134.0,41,3,3133.6,22,2,3133.5,62,4,3133.4,75,8,3134.3,36,1,3134.5,32,1,3134.6,276,4,3134.8,32,1,3134.9,250,3
2031,2026-06-16 12:54:10+05:30,3134.3,3,3130.26,2199978,129690.0,207627.0,3163.0,3163.0,3108.0,3134.3,31992400,3447.7,2820.9,3839.9,2896.0,3134.2,51,3,3134.0,41,3,3133.6,22,2,3133.5,62,4,3133.4,75,8,3134.3,36,1,3134.5,32,1,3134.6,276,4,3134.8,32,1,3134.9,250,3
2031,2026-06-16 12:54:11+05:30,3134.3,3,3130.26,2199989,129658.0,207502.0,3163.0,3163.0,3108.0,3134.3,31992400,3447.7,2820.9,3839.9,2896.0,3134.2,53,5,3134.0,57,2,3133.6,22,2,3133.5,76,5,3133.4,45,6,3134.3,59,3,3134.4,32,1,3134.5,32,1,3134.6,244,3,3134.7,32,1
2031,2026-06-16 12:54:11+05:30,3134.3,1,3130.26,2199989,129658.0,207502.0,3163.0,3163.0,3108.0,3134.3,31992400,3447.7,2820.9,3839.9,2896.0,3134.2,53,5,3134.0,57,2,3133.6,22,2,3133.5,76,5,3133.4,45,6,3134.3,59,3,3134.4,32,1,3134.5,32,1,3134.6,244,3,3134.7,32,1
2031,2026-06-16 12:54:12+05:30,3134.3,25,3130.26,2200072,129565.0,207367.0,3163.0,3163.0,3108.0,3134.3,31992400,3447.7,2820.9,3839.9,2896.0,3134.3,16,1,3134.2,30,4,3134.0,39,1,3133.6,9,1,3133.5,76,5,3134.4,32,1,3134.5,32,1,3134.6,244,3,3134.7,32,1,3134.8,70,2
2031,2026-06-16 12:54:12+05:30,3134.3,25,3130.26,2200072,129565.0,207367.0,3163.0,3163.0,3108.0,3134.3,31992400,3447.7,2820.9,3839.9,2896.0,3134.3,16,1,3134.2,30,4,3134.0,39,1,3133.6,9,1,3133.5,76,5,3134.4,32,1,3134.5,32,1,3134.6,244,3,3134.7,32,1,3134.8,70,2
2031,2026-06-16 12:54:12+05:30,3134.3,25,3130.26,2200072,129565.0,207367.0,3163.0,3163.0,3108.0,3134.3,31992400,3447.7,2820.9,3839.9,2896.0,3134.3,16,1,3134.2,30,4,3134.0,39,1,3133.6,9,1,3133.5,76,5,3134.4,32,1,3134.5,32,1,3134.6,244,3,3134.7,32,1,3134.8,70,2
2031,2026-06-16 12:54:13+05:30,3134.3,13,3130.26,2200120,130077.0,207404.0,3163.0,3163.0,3108.0,3134.3,31992400,3447.7,2820.9,3839.9,2896.0,3134.3,4,2,3134.2,30,4,3134.0,69,3,3133.6,9,1,3133.5,40,3,3134.4,12,1,3134.5,43,2,3134.6,276,4,3134.8,102,3,3134.9,284,4
2031,2026-06-16 12:54:13+05:30,3134.3,13,3130.26,2200120,130077.0,207404.0,3163.0,3163.0,3108.0,3134.3,31992400,3447.7,2820.9,3839.9,2896.0,3134.3,4,2,3134.2,30,4,3134.0,69,3,3133.6,9,1,3133.5,40,3,3134.4,12,1,3134.5,43,2,3134.6,276,4,3134.8,102,3,3134.9,284,4
2031,2026-06-16 12:54:14+05:30,3134.3,6,3130.26,2200164,130388.0,207466.0,3163.0,3163.0,3108.0,3134.3,31992400,3447.7,2820.9,3839.9,2896.0,3134.3,50,2,3134.2,30,4,3134.1,17,1,3134.0,52,2,3133.6,9,1,3134.4,32,1,3134.5,43,2,3134.6,276,4,3134.8,32,1,3134.9,236,3
2031,2026-06-16 12:54:14+05:30,3134.3,6,3130.26,2200164,130388.0,207466.0,3163.0,3163.0,3108.0,3134.3,31992400,3447.7,2820.9,3839.9,2896.0,3134.3,50,2,3134.2,30,4,3134.1,17,1,3134.0,52,2,3133.6,9,1,3134.4,32,1,3134.5,43,2,3134.6,276,4,3134.8,32,1,3134.9,236,3
2031,2026-06-16 12:54:14+05:30,3134.3,35,3130.26,2200164,130388.0,207466.0,3163.0,3163.0,3108.0,3134.3,31992400,3447.7,2820.9,3839.9,2896.0,3134.3,50,2,3134.2,30,4,3134.1,17,1,3134.0,52,2,3133.6,9,1,3134.4,32,1,3134.5,43,2,3134.6,276,4,3134.8,32,1,3134.9,236,3
2031,2026-06-16 12:54:15+05:30,3134.3,35,3130.26,2200209,130354.0,207494.0,3163.0,3163.0,3108.0,3134.3,31992400,3447.7,2820.9,3839.9,2896.0,3134.3,35,5,3134.2,45,5,3134.0,39,1,3133.7,13,1,3133.6,9,1,3134.4,32,1,3134.5,31,1,3134.6,276,4,3134.8,32,1,3134.9,202,2
2031,2026-06-16 12:54:15+05:30,3134.3,8,3130.26,2200209,130354.0,207494.0,3163.0,3163.0,3108.0,3134.3,31992400,3447.7,2820.9,3839.9,2896.0,3134.3,35,5,3134.2,45,5,3134.0,39,1,3133.7,13,1,3133.6,9,1,3134.4,32,1,3134.5,31,1,3134.6,276,4,3134.8,32,1,3134.9,202,2
2031,2026-06-16 12:54:15+05:30,3134.3,8,3130.26,2200209,130354.0,207494.0,3163.0,3163.0,3108.0,3134.3,31992400,3447.7,2820.9,3839.9,2896.0,3134.3,35,5,3134.2,45,5,3134.0,39,1,3133.7,13,1,3133.6,9,1,3134.4,32,1,3134.5,31,1,3134.6,276,4,3134.8,32,1,3134.9,202,2
2031,2026-06-16 12:54:16+05:30,3135.0,8,3130.26,2201470,131244.0,204598.0,3163.0,3163.0,3108.0,3134.3,31992400,3447.7,2820.9,3839.9,2896.0,3135.0,492,1,3134.5,74,5,3134.4,20,3,3134.3,60,6,3134.2,80,6,3135.2,12,1,3135.6,24,2,3136.0,454,5,3136.1,200,1,3136.2,479,6
2031,2026-06-16 12:54:16+05:30,3135.0,8,3130.26,2201470,131244.0,204598.0,3163.0,3163.0,3108.0,3134.3,31992400,3447.7,2820.9,3839.9,2896.0,3135.0,492,1,3134.5,74,5,3134.4,20,3,3134.3,60,6,3134.2,80,6,3135.2,12,1,3135.6,24,2,3136.0,454,5,3136.1,200,1,3136.2,479,6
2031,2026-06-16 12:54:17+05:30,3135.0,45,3130.26,2201516,131394.0,205036.0,3163.0,3163.0,3108.0,3134.3,31992400,3447.7,2820.9,3839.9,2896.0,3135.0,466,2,3134.8,25,2,3134.7,31,3,3134.6,26,2,3134.5,57,3,3135.1,32,1,3135.2,43,2,3135.3,32,1,3135.5,32,1,3135.6,24,2
2031,2026-06-16 12:54:17+05:30,3135.0,45,3130.26,2201516,131394.0,205036.0,3163.0,3163.0,3108.0,3134.3,31992400,3447.7,2820.9,3839.9,2896.0,3135.0,466,2,3134.8,25,2,3134.7,31,3,3134.6,26,2,3134.5,57,3,3135.1,32,1,3135.2,43,2,3135.3,32,1,3135.5,32,1,3135.6,24,2
2031,2026-06-16 12:54:17+05:30,3135.0,45,3130.26,2201516,131394.0,205036.0,3163.0,3163.0,3108.0,3134.3,31992400,3447.7,2820.9,3839.9,2896.0,3135.0,466,2,3134.8,25,2,3134.7,31,3,3134.6,26,2,3134.5,57,3,3135.1,32,1,3135.2,43,2,3135.3,32,1,3135.5,32,1,3135.6,24,2
2031,2026-06-16 12:54:18+05:30,3135.1,1,3130.26,2201562,131325.0,205086.0,3163.0,3163.0,3108.0,3134.3,31992400,3447.7,2820.9,3839.9,2896.0,3135.0,559,3,3134.8,25,2,3134.7,6,2,3134.6,19,2,3134.5,115,6,3135.1,31,1,3135.2,43,2,3135.3,32,1,3135.5,32,1,3135.6,12,1
2031,2026-06-16 12:54:18+05:30,3135.1,1,3130.26,2201562,131325.0,205086.0,3163.0,3163.0,3108.0,3134.3,31992400,3447.7,2820.9,3839.9,2896.0,3135.0,559,3,3134.8,25,2,3134.7,6,2,3134.6,19,2,3134.5,115,6,3135.1,31,1,3135.2,43,2,3135.3,32,1,3135.5,32,1,3135.6,12,1
2031,2026-06-16 12:54:18+05:30,3135.1,1,3130.26,2201562,131325.0,205086.0,3163.0,3163.0,3108.0,3134.3,31992400,3447.7,2820.9,3839.9,2896.0,3135.0,559,3,3134.8,25,2,3134.7,6,2,3134.6,19,2,3134.5,115,6,3135.1,31,1,3135.2,43,2,3135.3,32,1,3135.5,32,1,3135.6,12,1
2031,2026-06-16 12:54:18+05:30,3135.1,1,3130.26,2201562,131325.0,205086.0,3163.0,3163.0,3108.0,3134.3,31992400,3447.7,2820.9,3839.9,2896.0,3135.0,559,3,3134.8,25,2,3134.7,6,2,3134.6,19,2,3134.5,115,6,3135.1,31,1,3135.2,43,2,3135.3,32,1,3135.5,32,1,3135.6,12,1
2031,2026-06-16 12:54:19+05:30,3135.1,1,3130.26,2201562,131325.0,205086.0,3163.0,3163.0,3108.0,3134.3,31992400,3447.7,2820.9,3839.9,2896.0,3135.0,559,3,3134.8,25,2,3134.7,6,2,3134.6,19,2,3134.5,115,6,3135.1,31,1,3135.2,43,2,3135.3,32,1,3135.5,32,1,3135.6,12,1
2031,2026-06-16 12:54:19+05:30,3135.1,1,3130.26,2201807,131046.0,205239.0,3163.0,3163.0,3108.0,3134.3,31992400,3447.7,2820.9,3839.9,2896.0,3135.0,315,3,3134.8,3,1,3134.7,5,1,3134.6,19,2,3134.5,94,5,3135.1,31,2,3135.2,43,2,3135.3,32,1,3135.5,32,1,3135.7,200,1
2031,2026-06-16 12:54:19+05:30,3135.1,1,3130.26,2201807,131046.0,205239.0,3163.0,3163.0,3108.0,3134.3,31992400,3447.7,2820.9,3839.9,2896.0,3135.0,315,3,3134.8,3,1,3134.7,5,1,3134.6,19,2,3134.5,94,5,3135.1,31,2,3135.2,43,2,3135.3,32,1,3135.5,32,1,3135.7,200,1
2031,2026-06-16 12:54:19+05:30,3135.1,1,3130.26,2201807,131046.0,205239.0,3163.0,3163.0,3108.0,3134.3,31992400,3447.7,2820.9,3839.9,2896.0,3135.0,315,3,3134.8,3,1,3134.7,5,1,3134.6,19,2,3134.5,94,5,3135.1,31,2,3135.2,43,2,3135.3,32,1,3135.5,32,1,3135.7,200,1
2031,2026-06-16 12:54:20+05:30,3135.1,14,3130.26,2201807,131046.0,205239.0,3163.0,3163.0,3108.0,3134.3,31992400,3447.7,2820.9,3839.9,2896.0,3135.0,315,3,3134.8,3,1,3134.7,5,1,3134.6,19,2,3134.5,94,5,3135.1,31,2,3135.2,43,2,3135.3,32,1,3135.5,32,1,3135.7,200,1
2031,2026-06-16 12:54:20+05:30,3135.1,2,3130.26,2201854,131376.0,205164.0,3163.0,3163.0,3108.0,3134.3,31992400,3447.7,2820.9,3839.9,2896.0,3135.1,14,2,3135.0,318,5,3134.9,16,2,3134.8,23,3,3134.7,45,2,3135.2,11,1,3135.3,32,1,3135.4,32,1,3135.6,32,1,3135.7,200,1
2031,2026-06-16 12:54:20+05:30,3135.1,2,3130.26,2201854,131376.0,205164.0,3163.0,3163.0,3108.0,3134.3,31992400,3447.7,2820.9,3839.9,2896.0,3135.1,14,2,3135.0,318,5,3134.9,16,2,3134.8,23,3,3134.7,45,2,3135.2,11,1,3135.3,32,1,3135.4,32,1,3135.6,32,1,3135.7,200,1
2031,2026-06-16 12:54:21+05:30,3135.2,32,3130.26,2201854,131376.0,205164.0,3163.0,3163.0,3108.0,3134.3,31992400,3447.7,2820.9,3839.9,2896.0,3135.1,14,2,3135.0,318,5,3134.9,16,2,3134.8,23,3,3134.7,45,2,3135.2,11,1,3135.3,32,1,3135.4,32,1,3135.6,32,1,3135.7,200,1
2031,2026-06-16 12:54:21+05:30,3135.2,32,3130.26,2201854,131376.0,205164.0,3163.0,3163.0,3108.0,3134.3,31992400,3447.7,2820.9,3839.9,2896.0,3135.1,14,2,3135.0,318,5,3134.9,16,2,3134.8,23,3,3134.7,45,2,3135.2,11,1,3135.3,32,1,3135.4,32,1,3135.6,32,1,3135.7,200,1
2031,2026-06-16 12:54:21+05:30,3135.1,4,3130.26,2201981,131328.0,205146.0,3163.0,3163.0,3108.0,3134.3,31992400,3447.7,2820.9,3839.9,2896.0,3135.0,351,7,3134.9,26,2,3134.8,5,1,3134.7,5,1,3134.6,75,5,3135.1,9,1,3135.2,12,1,3135.3,32,1,3135.4,32,1,3135.6,32,1
2031,2026-06-16 12:54:22+05:30,3135.1,4,3130.26,2201981,131328.0,205146.0,3163.0,3163.0,3108.0,3134.3,31992400,3447.7,2820.9,3839.9,2896.0,3135.0,351,7,3134.9,26,2,3134.8,5,1,3134.7,5,1,3134.6,75,5,3135.1,9,1,3135.2,12,1,3135.3,32,1,3135.4,32,1,3135.6,32,1
2031,2026-06-16 12:54:22+05:30,3135.1,1,3130.26,2201981,131328.0,205146.0,3163.0,3163.0,3108.0,3134.3,31992400,3447.7,2820.9,3839.9,2896.0,3135.0,351,7,3134.9,26,2,3134.8,5,1,3134.7,5,1,3134.6,75,5,3135.1,9,1,3135.2,12,1,3135.3,32,1,3135.4,32,1,3135.6,32,1
2031,2026-06-16 12:54:22+05:30,3135.1,1,3130.26,2201982,131340.0,205136.0,3163.0,3163.0,3108.0,3134.3,31992400,3447.7,2820.9,3839.9,2896.0,3135.0,351,7,3134.9,26,2,3134.8,5,1,3134.7,21,2,3134.6,54,4,3135.2,44,2,3135.3,32,1,3135.5,32,1,3135.7,200,1,3136.0,454,5
2031,2026-06-16 12:54:22+05:30,3135.1,1,3130.26,2201982,131340.0,205136.0,3163.0,3163.0,3108.0,3134.3,31992400,3447.7,2820.9,3839.9,2896.0,3135.0,351,7,3134.9,26,2,3134.8,5,1,3134.7,21,2,3134.6,54,4,3135.2,44,2,3135.3,32,1,3135.5,32,1,3135.7,200,1,3136.0,454,5
2031,2026-06-16 12:54:23+05:30,3135.0,8,3130.26,2201982,131340.0,205136.0,3163.0,3163.0,3108.0,3134.3,31992400,3447.7,2820.9,3839.9,2896.0,3135.0,351,7,3134.9,26,2,3134.8,5,1,3134.7,21,2,3134.6,54,4,3135.2,44,2,3135.3,32,1,3135.5,32,1,3135.7,200,1,3136.0,454,5
2031,2026-06-16 12:54:23+05:30,3135.0,8,3130.26,2201990,131401.0,205234.0,3163.0,3163.0,3108.0,3134.3,31992400,3447.7,2820.9,3839.9,2896.0,3135.0,355,7,3134.9,26,2,3134.8,5,1,3134.7,5,1,3134.6,60,5,3135.1,32,1,3135.2,69,3,3135.3,32,1,3135.5,32,1,3135.7,200,1
2031,2026-06-16 12:54:23+05:30,3135.0,8,3130.26,2201990,131401.0,205234.0,3163.0,3163.0,3108.0,3134.3,31992400,3447.7,2820.9,3839.9,2896.0,3135.0,355,7,3134.9,26,2,3134.8,5,1,3134.7,5,1,3134.6,60,5,3135.1,32,1,3135.2,69,3,3135.3,32,1,3135.5,32,1,3135.7,200,1
2031,2026-06-16 12:54:24+05:30,3135.0,45,3130.26,2201990,131401.0,205234.0,3163.0,3163.0,3108.0,3134.3,31992400,3447.7,2820.9,3839.9,2896.0,3135.0,355,7,3134.9,26,2,3134.8,5,1,3134.7,5,1,3134.6,60,5,3135.1,32,1,3135.2,69,3,3135.3,32,1,3135.5,32,1,3135.7,200,1
2031,2026-06-16 12:54:24+05:30,3135.1,32,3130.26,2202067,131346.0,205775.0,3163.0,3163.0,3108.0,3134.3,31992400,3447.7,2820.9,3839.9,2896.0,3135.1,16,1,3135.0,294,7,3134.9,11,1,3134.8,5,1,3134.7,5,1,3135.2,69,3,3135.3,32,1,3135.5,32,1,3135.7,200,1,3136.0,454,5
2031,2026-06-16 12:54:24+05:30,3135.1,32,3130.26,2202067,131346.0,205775.0,3163.0,3163.0,3108.0,3134.3,31992400,3447.7,2820.9,3839.9,2896.0,3135.1,16,1,3135.0,294,7,3134.9,11,1,3134.8,5,1,3134.7,5,1,3135.2,69,3,3135.3,32,1,3135.5,32,1,3135.7,200,1,3136.0,454,5
2031,2026-06-16 12:54:25+05:30,3135.2,7,3130.26,2202067,131346.0,205775.0,3163.0,3163.0,3108.0,3134.3,31992400,3447.7,2820.9,3839.9,2896.0,3135.1,16,1,3135.0,294,7,3134.9,11,1,3134.8,5,1,3134.7,5,1,3135.2,69,3,3135.3,32,1,3135.5,32,1,3135.7,200,1,3136.0,454,5
2031,2026-06-16 12:54:25+05:30,3135.2,7,3130.26,2202088,131239.0,205807.0,3163.0,3163.0,3108.0,3134.3,31992400,3447.7,2820.9,3839.9,2896.0,3135.0,344,8,3134.9,11,1,3134.5,49,2,3134.4,65,5,3134.3,12,2,3135.2,62,3,3135.3,32,1,3135.5,32,1,3135.7,200,1,3136.0,454,5
2031,2026-06-16 12:54:25+05:30,3135.2,7,3130.26,2202088,131239.0,205807.0,3163.0,3163.0,3108.0,3134.3,31993200,3447.7,2820.9,3839.9,2896.0,3135.0,344,8,3134.9,11,1,3134.5,49,2,3134.4,65,5,3134.3,12,2,3135.2,62,3,3135.3,32,1,3135.5,32,1,3135.7,200,1,3136.0,454,5
2031,2026-06-16 12:54:26+05:30,3135.0,45,3130.26,2202088,131239.0,205807.0,3163.0,3163.0,3108.0,3134.3,31993200,3447.7,2820.9,3839.9,2896.0,3135.0,344,8,3134.9,11,1,3134.5,49,2,3134.4,65,5,3134.3,12,2,3135.2,62,3,3135.3,32,1,3135.5,32,1,3135.7,200,1,3136.0,454,5
2031,2026-06-16 12:54:26+05:30,3135.0,45,3130.26,2202136,131203.0,205978.0,3163.0,3163.0,3108.0,3134.3,31993200,3447.7,2820.9,3839.9,2896.0,3135.0,297,7,3134.9,11,1,3134.5,49,2,3134.4,31,3,3134.3,33,3,3135.2,98,5,3135.3,32,1,3135.5,32,1,3135.7,200,1,3135.8,34,1
2031,2026-06-16 12:54:27+05:30,3135.1,1,3130.26,2202136,131203.0,205978.0,3163.0,3163.0,3108.0,3134.3,31993200,3447.7,2820.9,3839.9,2896.0,3135.0,297,7,3134.9,11,1,3134.5,49,2,3134.4,31,3,3134.3,33,3,3135.2,98,5,3135.3,32,1,3135.5,32,1,3135.7,200,1,3135.8,34,1
2031,2026-06-16 12:54:27+05:30,3135.1,1,3130.26,2202299,131323.0,205456.0,3163.0,3163.0,3108.0,3134.3,31993200,3447.7,2820.9,3839.9,2896.0,3135.0,266,5,3134.9,11,1,3134.6,21,1,3134.5,49,2,3134.4,13,1,3135.1,12,1,3135.4,32,1,3135.6,66,2,3135.7,200,1,3135.8,34,1
2031,2026-06-16 12:54:28+05:30,3135.0,50,3130.26,2202299,131323.0,205456.0,3163.0,3163.0,3108.0,3134.3,31993200,3447.7,2820.9,3839.9,2896.0,3135.0,266,5,3134.9,11,1,3134.6,21,1,3134.5,49,2,3134.4,13,1,3135.1,12,1,3135.4,32,1,3135.6,66,2,3135.7,200,1,3135.8,34,1
2031,2026-06-16 12:54:28+05:30,3135.0,50,3130.26,2202929,131454.0,204626.0,3163.0,3163.0,3108.0,3134.3,31993200,3447.7,2820.9,3839.9,2896.0,3135.0,597,6,3134.9,11,1,3134.5,49,2,3134.4,5,1,3134.3,2,1,3135.3,26,1,3135.4,32,1,3135.5,32,1,3135.7,239,3,3135.9,59,2
2031,2026-06-16 12:54:29+05:30,3135.0,50,3130.26,2202929,131521.0,204620.0,3163.0,3163.0,3108.0,3134.3,31993200,3447.7,2820.9,3839.9,2896.0,3135.0,597,6,3134.9,11,1,3134.5,49,2,3134.4,26,2,3134.3,2,1,3135.2,32,1,3135.3,32,1,3135.4,32,1,3135.6,32,1,3135.7,239,3
2031,2026-06-16 12:54:30+05:30,3135.0,150,3130.26,2202929,131521.0,204620.0,3163.0,3163.0,3108.0,3134.3,31993200,3447.7,2820.9,3839.9,2896.0,3135.0,597,6,3134.9,11,1,3134.5,49,2,3134.4,26,2,3134.3,2,1,3135.2,32,1,3135.3,32,1,3135.4,32,1,3135.6,32,1,3135.7,239,3
2031,2026-06-16 12:54:30+05:30,3135.1,1,3130.27,2203109,131087.0,205299.0,3163.0,3163.0,3108.0,3134.3,31993200,3447.7,2820.9,3839.9,2896.0,3135.0,428,8,3134.9,11,1,3134.5,3,2,3134.4,53,2,3134.3,15,2,3135.1,41,1,3135.2,72,3,3135.3,32,1,3135.4,32,1,3135.6,32,1
2031,2026-06-16 12:54:31+05:30,3135.0,200,3130.27,2203109,131087.0,205299.0,3163.0,3163.0,3108.0,3134.3,31993200,3447.7,2820.9,3839.9,2896.0,3135.0,428,8,3134.9,11,1,3134.5,3,2,3134.4,53,2,3134.3,15,2,3135.1,41,1,3135.2,72,3,3135.3,32,1,3135.4,32,1,3135.6,32,1
2031,2026-06-16 12:54:31+05:30,3135.0,200,3130.27,2203309,131025.0,205238.0,3163.0,3163.0,3108.0,3134.3,31993200,3447.7,2820.9,3839.9,2896.0,3135.0,228,8,3134.9,11,1,3134.6,6,1,3134.5,16,3,3134.3,23,2,3135.2,104,4,3135.3,32,1,3135.5,32,1,3135.7,214,2,3135.9,69,2
2031,2026-06-16 12:54:32+05:30,3135.2,1,3130.27,2203309,131025.0,205238.0,3163.0,3163.0,3108.0,3134.3,31993200,3447.7,2820.9,3839.9,2896.0,3135.0,228,8,3134.9,11,1,3134.6,6,1,3134.5,16,3,3134.3,23,2,3135.2,104,4,3135.3,32,1,3135.5,32,1,3135.7,214,2,3135.9,69,2
2031,2026-06-16 12:54:32+05:30,3135.2,1,3130.27,2203350,131590.0,204900.0,3163.0,3163.0,3108.0,3134.3,31993200,3447.7,2820.9,3839.9,2896.0,3135.2,17,1,3135.0,214,8,3134.9,24,2,3134.8,3,1,3134.7,25,2,3135.7,214,2,3135.9,21,1,3136.0,413,4,3136.1,248,2,3136.2,485,4
2031,2026-06-16 12:54:33+05:30,3135.7,1,3130.27,2203350,131590.0,204900.0,3163.0,3163.0,3108.0,3134.3,31993200,3447.7,2820.9,3839.9,2896.0,3135.2,17,1,3135.0,214,8,3134.9,24,2,3134.8,3,1,3134.7,25,2,3135.7,214,2,3135.9,21,1,3136.0,413,4,3136.1,248,2,3136.2,485,4
2031,2026-06-16 12:54:33+05:30,3135.7,1,3130.27,2203351,131617.0,204769.0,3163.0,3163.0,3108.0,3134.3,31993200,3447.7,2820.9,3839.9,2896.0,3135.0,231,9,3134.9,24,2,3134.8,3,1,3134.7,34,2,3134.6,19,2,3135.7,213,2,3135.9,21,1,3136.0,413,4,3136.1,248,2,3136.2,534,5
2031,2026-06-16 12:54:34+05:30,3135.7,1,3130.27,2203351,131652.0,204775.0,3163.0,3163.0,3108.0,3134.3,31993200,3447.7,2820.9,3839.9,2896.0,3135.0,231,9,3134.9,24,2,3134.8,3,1,3134.7,34,2,3134.6,19,2,3135.7,213,2,3135.9,21,1,3136.0,413,4,3136.1,248,2,3136.2,534,5
2031,2026-06-16 12:54:35+05:30,3135.7,2,3130.27,2203353,132063.0,204873.0,3163.0,3163.0,3108.0,3134.3,31993200,3447.7,2820.9,3839.9,2896.0,3135.5,30,2,3135.4,32,1,3135.3,32,1,3135.2,49,2,3135.1,50,1,3135.7,36,2,3135.8,200,1,3135.9,21,1,3136.0,37,2,3136.1,576,3
2031,2026-06-16 12:54:35+05:30,3135.7,2,3130.27,2203353,132063.0,204873.0,3163.0,3163.0,3108.0,3134.3,31993200,3447.7,2820.9,3839.9,2896.0,3135.5,30,2,3135.4,32,1,3135.3,32,1,3135.2,49,2,3135.1,50,1,3135.7,36,2,3135.8,200,1,3135.9,21,1,3136.0,37,2,3136.1,576,3
2031,2026-06-16 12:54:36+05:30,3135.6,7,3130.27,2203353,132063.0,204873.0,3163.0,3163.0,3108.0,3134.3,31993200,3447.7,2820.9,3839.9,2896.0,3135.5,30,2,3135.4,32,1,3135.3,32,1,3135.2,49,2,3135.1,50,1,3135.7,36,2,3135.8,200,1,3135.9,21,1,3136.0,37,2,3136.1,576,3
2031,2026-06-16 12:54:36+05:30,3135.6,7,3130.27,2203422,132248.0,204624.0,3163.0,3163.0,3108.0,3134.3,31993200,3447.7,2820.9,3839.9,2896.0,3135.5,32,1,3135.4,32,1,3135.2,49,2,3135.1,88,5,3135.0,248,9,3135.6,141,1,3135.7,26,2,3135.9,21,1,3136.0,237,3,3136.3,576,3
2031,2026-06-16 12:54:37+05:30,3135.6,13,3130.27,2203422,132248.0,204624.0,3163.0,3163.0,3108.0,3134.3,31993200,3447.7,2820.9,3839.9,2896.0,3135.5,32,1,3135.4,32,1,3135.2,49,2,3135.1,88,5,3135.0,248,9,3135.6,141,1,3135.7,26,2,3135.9,21,1,3136.0,237,3,3136.3,576,3
2031,2026-06-16 12:54:37+05:30,3135.6,13,3130.27,2203587,132254.0,204861.0,3163.0,3163.0,3108.0,3134.3,31993200,3447.7,2820.9,3839.9,2896.0,3135.5,37,1,3135.4,32,1,3135.3,32,1,3135.1,138,7,3135.0,224,8,3135.6,42,2,3135.7,2,1,3135.9,221,2,3136.0,37,2,3136.2,376,2
2031,2026-06-16 12:54:38+05:30,3135.7,1,3130.27,2203587,132254.0,204861.0,3163.0,3163.0,3108.0,3134.3,31993200,3447.7,2820.9,3839.9,2896.0,3135.5,37,1,3135.4,32,1,3135.3,32,1,3135.1,138,7,3135.0,224,8,3135.6,42,2,3135.7,2,1,3135.9,221,2,3136.0,37,2,3136.2,376,2
2031,2026-06-16 12:54:38+05:30,3135.7,1,3130.27,2203630,132976.0,204735.0,3163.0,3163.0,3108.0,3134.3,31993200,3447.7,2820.9,3839.9,2896.0,3135.6,32,1,3135.5,69,2,3135.4,47,2,3135.2,48,2,3135.1,81,4,3135.9,200,1,3136.0,37,2,3136.2,376,2,3136.3,200,1,3136.4,411,3
2031,2026-06-16 12:54:39+05:30,3135.6,6,3130.27,2203630,132976.0,204735.0,3163.0,3163.0,3108.0,3134.3,31993200,3447.7,2820.9,3839.9,2896.0,3135.6,32,1,3135.5,69,2,3135.4,47,2,3135.2,48,2,3135.1,81,4,3135.9,200,1,3136.0,37,2,3136.2,376,2,3136.3,200,1,3136.4,411,3
2031,2026-06-16 12:54:39+05:30,3135.7,13,3130.27,2203889,132394.0,204425.0,3163.0,3163.0,3108.0,3134.3,31993200,3447.7,2820.9,3839.9,2896.0,3135.6,15,1,3135.5,69,2,3135.4,32,1,3135.3,14,1,3135.2,32,1,3135.7,142,1,3136.0,236,3,3136.3,576,3,3136.4,48,1,3136.5,400,2
2031,2026-06-16 12:54:40+05:30,3135.7,8,3130.27,2203889,132394.0,204425.0,3163.0,3163.0,3108.0,3134.3,31993200,3447.7,2820.9,3839.9,2896.0,3135.6,15,1,3135.5,69,2,3135.4,32,1,3135.3,14,1,3135.2,32,1,3135.7,142,1,3136.0,236,3,3136.3,576,3,3136.4,48,1,3136.5,400,2
2031,2026-06-16 12:54:40+05:30,3135.7,45,3130.27,2203942,132898.0,204570.0,3163.0,3163.0,3108.0,3134.3,31993200,3447.7,2820.9,3839.9,2896.0,3135.6,15,1,3135.5,82,3,3135.4,32,1,3135.3,10,1,3135.2,32,1,3135.7,89,1,3135.9,199,1,3136.0,37,2,3136.2,376,2,3136.3,200,1
2031,2026-06-16 12:54:41+05:30,3135.6,5,3130.27,2203942,132898.0,204570.0,3163.0,3163.0,3108.0,3134.3,31993200,3447.7,2820.9,3839.9,2896.0,3135.6,15,1,3135.5,82,3,3135.4,32,1,3135.3,10,1,3135.2,32,1,3135.7,89,1,3135.9,199,1,3136.0,37,2,3136.2,376,2,3136.3,200,1
2031,2026-06-16 12:54:41+05:30,3135.6,11,3130.27,2204061,132617.0,204511.0,3163.0,3163.0,3108.0,3134.3,31993200,3447.7,2820.9,3839.9,2896.0,3135.5,82,3,3135.4,32,1,3135.3,14,2,3135.2,58,3,3135.1,71,4,3135.6,126,1,3135.7,85,3,3136.0,236,3,3136.3,576,3,3136.5,422,4
2031,2026-06-16 12:54:42+05:30,3135.7,1,3130.27,2204061,132617.0,204511.0,3163.0,3163.0,3108.0,3134.3,31993200,3447.7,2820.9,3839.9,2896.0,3135.5,82,3,3135.4,32,1,3135.3,14,2,3135.2,58,3,3135.1,71,4,3135.6,126,1,3135.7,85,3,3136.0,236,3,3136.3,576,3,3136.5,422,4
2031,2026-06-16 12:54:42+05:30,3135.7,1,3130.27,2204232,132861.0,204365.0,3163.0,3163.0,3108.0,3134.3,31993200,3447.7,2820.9,3839.9,2896.0,3135.6,28,2,3135.5,69,2,3135.4,32,1,3135.3,14,2,3135.2,58,3,3135.7,41,2,3136.0,236,3,3136.3,576,3,3136.5,422,4,3136.6,132,4
2031,2026-06-16 12:54:43+05:30,3135.9,1,3130.27,2204232,132861.0,204365.0,3163.0,3163.0,3108.0,3134.3,31993200,3447.7,2820.9,3839.9,2896.0,3135.6,28,2,3135.5,69,2,3135.4,32,1,3135.3,14,2,3135.2,58,3,3135.7,41,2,3136.0,236,3,3136.3,576,3,3136.5,422,4,3136.6,132,4
2031,2026-06-16 12:54:43+05:30,3135.9,1,3130.27,2204478,133134.0,204335.0,3163.0,3163.0,3108.0,3134.3,31993200,3447.7,2820.9,3839.9,2896.0,3135.7,32,1,3135.6,72,4,3135.5,37,1,3135.4,58,3,3135.3,4,1,3135.9,154,1,3136.0,138,2,3136.3,576,3,3136.5,400,2,3136.8,101,3
2031,2026-06-16 12:54:44+05:30,3135.7,4,3130.27,2204478,133134.0,204335.0,3163.0,3163.0,3108.0,3134.3,31993200,3447.7,2820.9,3839.9,2896.0,3135.7,32,1,3135.6,72,4,3135.5,37,1,3135.4,58,3,3135.3,4,1,3135.9,154,1,3136.0,138,2,3136.3,576,3,3136.5,400,2,3136.8,101,3
2031,2026-06-16 12:54:44+05:30,3135.7,4,3130.27,2204514,133014.0,204376.0,3163.0,3163.0,3108.0,3134.3,31993200,3447.7,2820.9,3839.9,2896.0,3135.7,9,1,3135.6,60,3,3135.5,43,2,3135.4,32,1,3135.3,11,1,3135.9,210,2,3136.0,83,2,3136.3,576,3,3136.5,438,5,3136.7,35,1
2031,2026-06-16 12:54:45+05:30,3135.9,1,3130.27,2204514,133014.0,204376.0,3163.0,3163.0,3108.0,3134.3,31993200,3447.7,2820.9,3839.9,2896.0,3135.7,9,1,3135.6,60,3,3135.5,43,2,3135.4,32,1,3135.3,11,1,3135.9,210,2,3136.0,83,2,3136.3,576,3,3136.5,438,5,3136.7,35,1
2031,2026-06-16 12:54:45+05:30,3135.8,2,3130.27,2204517,133130.0,204416.0,3163.0,3163.0,3108.0,3134.3,31993200,3447.7,2820.9,3839.9,2896.0,3135.8,32,3,3135.7,49,3,3135.6,74,5,3135.5,42,2,3135.4,58,3,3135.9,209,2,3136.0,83,2,3136.3,576,3,3136.5,438,5,3136.7,48,1
2031,2026-06-16 12:54:46+05:30,3135.9,7,3130.27,2204517,133130.0,204416.0,3163.0,3163.0,3108.0,3134.3,31993200,3447.7,2820.9,3839.9,2896.0,3135.8,32,3,3135.7,49,3,3135.6,74,5,3135.5,42,2,3135.4,58,3,3135.9,209,2,3136.0,83,2,3136.3,576,3,3136.5,438,5,3136.7,48,1
2031,2026-06-16 12:54:46+05:30,3135.9,45,3130.27,2204777,133045.0,203953.0,3163.0,3163.0,3108.0,3134.3,31993200,3447.7,2820.9,3839.9,2896.0,3135.8,47,5,3135.7,35,3,3135.6,87,6,3135.5,47,3,3135.4,45,2,3135.9,5,1,3136.0,83,2,3136.3,576,3,3136.5,412,3,3136.8,32,2
2031,2026-06-16 12:54:47+05:30,3135.9,45,3130.27,2204777,133045.0,203953.0,3163.0,3163.0,3108.0,3134.3,31993200,3447.7,2820.9,3839.9,2896.0,3135.8,47,5,3135.7,35,3,3135.6,87,6,3135.5,47,3,3135.4,45,2,3135.9,5,1,3136.0,83,2,3136.3,576,3,3136.5,412,3,3136.8,32,2
2031,2026-06-16 12:54:47+05:30,3135.9,37,3130.27,2204822,132946.0,204449.0,3163.0,3163.0,3108.0,3134.3,31993200,3447.7,2820.9,3839.9,2896.0,3135.8,75,4,3135.7,36,3,3135.6,61,4,3135.5,42,2,3135.4,58,3,3135.9,163,1,3136.0,83,2,3136.3,576,3,3136.5,433,4,3136.8,32,2
2031,2026-06-16 12:54:48+05:30,3135.9,37,3130.27,2204822,132946.0,204449.0,3163.0,3163.0,3108.0,3134.3,31993200,3447.7,2820.9,3839.9,2896.0,3135.8,75,4,3135.7,36,3,3135.6,61,4,3135.5,42,2,3135.4,58,3,3135.9,163,1,3136.0,83,2,3136.3,576,3,3136.5,433,4,3136.8,32,2
2031,2026-06-16 12:54:48+05:30,3135.9,45,3130.27,2204868,132933.0,204574.0,3163.0,3163.0,3108.0,3134.3,31993200,3447.7,2820.9,3839.9,2896.0,3135.8,75,4,3135.7,51,4,3135.6,61,4,3135.5,42,2,3135.4,32,1,3135.9,236,5,3136.0,83,2,3136.3,576,3,3136.5,433,4,3136.8,32,2
2031,2026-06-16 12:54:49+05:30,3135.9,45,3130.27,2204868,132933.0,204574.0,3163.0,3163.0,3108.0,3134.3,31993200,3447.7,2820.9,3839.9,2896.0,3135.8,75,4,3135.7,51,4,3135.6,61,4,3135.5,42,2,3135.4,32,1,3135.9,236,5,3136.0,83,2,3136.3,576,3,3136.5,433,4,3136.8,32,2
2031,2026-06-16 12:54:49+05:30,3135.9,45,3130.27,2204913,132934.0,204557.0,3163.0,3163.0,3108.0,3134.3,31993200,3447.7,2820.9,3839.9,2896.0,3135.8,75,4,3135.7,51,4,3135.6,61,4,3135.5,37,1,3135.4,32,1,3135.9,217,6,3136.0,83,2,3136.3,576,3,3136.5,433,4,3136.7,34,1
2031,2026-06-16 12:54:50+05:30,3135.7,28,3130.27,2204913,132934.0,204557.0,3163.0,3163.0,3108.0,3134.3,31993200,3447.7,2820.9,3839.9,2896.0,3135.8,75,4,3135.7,51,4,3135.6,61,4,3135.5,37,1,3135.4,32,1,3135.9,217,6,3136.0,83,2,3136.3,576,3,3136.5,433,4,3136.7,34,1
2031,2026-06-16 12:54:50+05:30,3135.7,28,3130.27,2205207,132723.0,204679.0,3163.0,3163.0,3108.0,3134.3,31993200,3447.7,2820.9,3839.9,2896.0,3135.6,17,2,3135.5,37,1,3135.4,32,1,3135.3,10,1,3135.2,40,2,3135.7,120,2,3135.9,243,7,3136.0,83,2,3136.3,576,3,3136.5,475,6
2031,2026-06-16 12:54:51+05:30,3135.6,12,3130.27,2205207,132723.0,204679.0,3163.0,3163.0,3108.0,3134.3,31993200,3447.7,2820.9,3839.9,2896.0,3135.6,17,2,3135.5,37,1,3135.4,32,1,3135.3,10,1,3135.2,40,2,3135.7,120,2,3135.9,243,7,3136.0,83,2,3136.3,576,3,3136.5,475,6
2031,2026-06-16 12:54:51+05:30,3135.6,12,3130.27,2205313,132730.0,204428.0,3163.0,3163.0,3108.0,3134.3,31993200,3447.7,2820.9,3839.9,2896.0,3135.6,13,2,3135.5,37,1,3135.2,8,1,3135.1,58,4,3135.0,334,4,3135.7,37,3,3135.9,221,6,3136.0,83,2,3136.3,576,3,3136.4,48,1
2031,2026-06-16 12:54:52+05:30,3135.7,1,3130.27,2205313,132730.0,204428.0,3163.0,3163.0,3108.0,3134.3,31993200,3447.7,2820.9,3839.9,2896.0,3135.6,13,2,3135.5,37,1,3135.2,8,1,3135.1,58,4,3135.0,334,4,3135.7,37,3,3135.9,221,6,3136.0,83,2,3136.3,576,3,3136.4,48,1
2031,2026-06-16 12:54:52+05:30,3135.7,1,3130.27,2205314,132755.0,204393.0,3163.0,3163.0,3108.0,3134.3,31993200,3447.7,2820.9,3839.9,2896.0,3135.6,2,1,3135.5,37,1,3135.3,11,1,3135.2,8,1,3135.1,45,3,3135.7,25,3,3135.9,221,6,3136.0,83,2,3136.3,576,3,3136.4,48,1
2031,2026-06-16 12:54:53+05:30,3135.7,1,3130.27,2205314,132648.0,204258.0,3163.0,3163.0,3108.0,3134.3,31993200,3447.7,2820.9,3839.9,2896.0,3135.6,28,3,3135.5,37,1,3135.3,13,1,3135.2,21,2,3135.1,32,2,3135.7,26,4,3135.9,165,5,3136.0,83,2,3136.3,576,3,3136.4,48,1
2031,2026-06-16 12:54:54+05:30,3135.7,1,3130.27,2205314,132648.0,204258.0,3163.0,3163.0,3108.0,3134.3,31993200,3447.7,2820.9,3839.9,2896.0,3135.6,28,3,3135.5,37,1,3135.3,13,1,3135.2,21,2,3135.1,32,2,3135.7,26,4,3135.9,165,5,3136.0,83,2,3136.3,576,3,3136.4,48,1
2031,2026-06-16 12:54:54+05:30,3135.7,1,3130.27,2205316,132807.0,204259.0,3163.0,3163.0,3108.0,3134.3,31993200,3447.7,2820.9,3839.9,2896.0,3135.6,28,3,3135.5,41,2,3135.3,26,2,3135.2,8,1,3135.1,32,2,3135.7,24,3,3135.9,165,5,3136.0,83,2,3136.3,576,3,3136.4,48,1
2031,2026-06-16 12:54:55+05:30,3135.7,1,3130.27,2205316,132807.0,204259.0,3163.0,3163.0,3108.0,3134.3,31993200,3447.7,2820.9,3839.9,2896.0,3135.6,28,3,3135.5,41,2,3135.3,26,2,3135.2,8,1,3135.1,32,2,3135.7,24,3,3135.9,165,5,3136.0,83,2,3136.3,576,3,3136.4,48,1
2031,2026-06-16 12:54:55+05:30,3135.7,1,3130.27,2205316,132647.0,204449.0,3163.0,3163.0,3108.0,3134.3,31993200,3447.7,2820.9,3839.9,2896.0,3135.6,17,2,3135.5,41,2,3135.3,37,3,3135.2,8,1,3135.1,32,2,3135.7,24,3,3135.9,139,4,3136.0,83,2,3136.3,576,3,3136.4,48,1
2031,2026-06-16 12:54:56+05:30,3135.6,1,3130.27,2205316,132647.0,204449.0,3163.0,3163.0,3108.0,3134.3,31993200,3447.7,2820.9,3839.9,2896.0,3135.6,17,2,3135.5,41,2,3135.3,37,3,3135.2,8,1,3135.1,32,2,3135.7,24,3,3135.9,139,4,3136.0,83,2,3136.3,576,3,3136.4,48,1
2031,2026-06-16 12:54:56+05:30,3135.6,1,3130.27,2205796,132616.0,204773.0,3163.0,3163.0,3108.0,3134.3,31993200,3447.7,2820.9,3839.9,2896.0,3135.6,16,2,3135.5,41,2,3135.3,28,3,3135.2,13,1,3135.1,64,4,3136.0,200,1,3136.2,13,1,3136.3,567,3,3136.4,2,1,3136.5,431,4
2031,2026-06-16 12:54:57+05:30,3135.6,10,3130.27,2205796,132616.0,204773.0,3163.0,3163.0,3108.0,3134.3,31993200,3447.7,2820.9,3839.9,2896.0,3135.6,16,2,3135.5,41,2,3135.3,28,3,3135.2,13,1,3135.1,64,4,3136.0,200,1,3136.2,13,1,3136.3,567,3,3136.4,2,1,3136.5,431,4
2031,2026-06-16 12:54:57+05:30,3135.6,10,3130.27,2205806,132966.0,204762.0,3163.0,3163.0,3108.0,3134.3,31993200,3447.7,2820.9,3839.9,2896.0,3135.6,54,4,3135.5,54,3,3135.4,13,1,3135.3,4,1,3135.2,22,2,3136.0,200,1,3136.3,567,3,3136.5,431,4,3136.7,35,1,3136.8,140,4
2031,2026-06-16 12:54:58+05:30,3136.0,1,3130.27,2205806,132966.0,204762.0,3163.0,3163.0,3108.0,3134.3,31993200,3447.7,2820.9,3839.9,2896.0,3135.6,54,4,3135.5,54,3,3135.4,13,1,3135.3,4,1,3135.2,22,2,3136.0,200,1,3136.3,567,3,3136.5,431,4,3136.7,35,1,3136.8,140,4
2031,2026-06-16 12:54:58+05:30,3136.0,1,3130.27,2205865,132902.0,204406.0,3163.0,3163.0,3108.0,3134.3,31993200,3447.7,2820.9,3839.9,2896.0,3135.6,69,7,3135.5,47,3,3135.4,26,2,3135.3,47,4,3135.2,76,3,3136.0,141,1,3136.3,567,3,3136.5,431,4,3136.8,80,3,3137.0,220,7
2031,2026-06-16 12:54:59+05:30,3136.0,1,3130.27,2205865,132902.0,204406.0,3163.0,3163.0,3108.0,3134.3,31993200,3447.7,2820.9,3839.9,2896.0,3135.6,69,7,3135.5,47,3,3135.4,26,2,3135.3,47,4,3135.2,76,3,3136.0,141,1,3136.3,567,3,3136.5,431,4,3136.8,80,3,3137.0,220,7
2031,2026-06-16 12:54:59+05:30,3136.0,1,3130.27,2205866,132940.0,204682.0,3163.0,3163.0,3108.0,3134.3,31993200,3447.7,2820.9,3839.9,2896.0,3135.7,16,1,3135.6,72,6,3135.5,47,3,3135.4,26,2,3135.3,37,3,3136.0,165,2,3136.3,567,3,3136.5,431,4,3136.8,80,3,3137.0,220,7
2031,2026-06-16 12:55:00+05:30,3136.0,26,3130.28,2207953,132895.0,203501.0,3163.0,3163.0,3108.0,3134.3,31993200,3447.7,2820.9,3839.9,2896.0,3136.0,34,2,3135.9,2,2,3135.7,17,2,3135.6,39,2,3135.5,41,2,3136.4,35,2,3136.5,31,2,3136.7,39,1,3136.8,52,2,3136.9,136,3
2031,2026-06-16 12:55:01+05:30,3136.4,1,3130.28,2207953,132895.0,203501.0,3163.0,3163.0,3108.0,3134.3,31993200,3447.7,2820.9,3839.9,2896.0,3136.0,34,2,3135.9,2,2,3135.7,17,2,3135.6,39,2,3135.5,41,2,3136.4,35,2,3136.5,31,2,3136.7,39,1,3136.8,52,2,3136.9,136,3
2031,2026-06-16 12:55:01+05:30,3136.4,7,3130.28,2207961,133564.0,203019.0,3163.0,3163.0,3108.0,3134.3,31993200,3447.7,2820.9,3839.9,2896.0,3136.0,205,7,3135.9,17,5,3135.8,54,4,3135.7,32,4,3135.6,89,5,3136.5,31,2,3137.0,362,5,3137.1,25,2,3137.2,117,3,3137.3,567,3
2031,2026-06-16 12:55:02+05:30,3136.0,108,3130.28,2207961,133564.0,203019.0,3163.0,3163.0,3108.0,3134.3,31993200,3447.7,2820.9,3839.9,2896.0,3136.0,205,7,3135.9,17,5,3135.8,54,4,3135.7,32,4,3135.6,89,5,3136.5,31,2,3137.0,362,5,3137.1,25,2,3137.2,117,3,3137.3,567,3
2031,2026-06-16 12:55:02+05:30,3136.3,116,3130.28,2208877,133356.0,202351.0,3163.0,3163.0,3108.0,3134.3,31993200,3447.7,2820.9,3839.9,2896.0,3135.9,2,2,3135.8,6,1,3135.7,25,3,3135.6,67,5,3135.5,116,6,3136.9,13,1,3137.0,204,5,3137.1,74,3,3137.2,90,2,3137.3,551,5
2031,2026-06-16 12:55:03+05:30,3136.3,116,3130.28,2208877,133356.0,202351.0,3163.0,3163.0,3108.0,3134.3,31993200,3447.7,2820.9,3839.9,2896.0,3135.9,2,2,3135.8,6,1,3135.7,25,3,3135.6,67,5,3135.5,116,6,3136.9,13,1,3137.0,204,5,3137.1,74,3,3137.2,90,2,3137.3,551,5
2031,2026-06-16 12:55:03+05:30,3135.8,6,3130.28,2208928,132758.0,201223.0,3163.0,3163.0,3108.0,3134.3,31993200,3447.7,2820.9,3839.9,2896.0,3135.7,23,3,3135.6,48,2,3135.5,88,4,3135.4,45,4,3135.3,60,2,3135.8,149,1,3136.0,80,1,3136.7,13,1,3136.8,104,4,3136.9,200,1
2031,2026-06-16 12:55:04+05:30,3137.0,6,3130.28,2208928,132758.0,201223.0,3163.0,3163.0,3108.0,3134.3,31993200,3447.7,2820.9,3839.9,2896.0,3135.7,23,3,3135.6,48,2,3135.5,88,4,3135.4,45,4,3135.3,60,2,3135.8,149,1,3136.0,80,1,3136.7,13,1,3136.8,104,4,3136.9,200,1
2031,2026-06-16 12:55:04+05:30,3137.1,75,3130.29,2211836,131510.0,199729.0,3163.0,3163.0,3108.0,3134.3,31993200,3447.7,2820.9,3839.9,2896.0,3136.8,22,2,3136.7,23,2,3136.6,6,1,3136.5,99,5,3136.4,59,4,3137.1,125,1,3137.6,13,1,3137.7,22,1,3137.9,61,2,3138.0,21,1
2031,2026-06-16 12:55:05+05:30,3136.8,124,3130.29,2211836,131510.0,199729.0,3163.0,3163.0,3108.0,3134.3,31993200,3447.7,2820.9,3839.9,2896.0,3136.8,22,2,3136.7,23,2,3136.6,6,1,3136.5,99,5,3136.4,59,4,3137.1,125,1,3137.6,13,1,3137.7,22,1,3137.9,61,2,3138.0,21,1
2031,2026-06-16 12:55:05+05:30,3136.4,8,3130.29,2212299,128992.0,202342.0,3163.0,3163.0,3108.0,3134.3,31993200,3447.7,2820.9,3839.9,2896.0,3135.9,1,1,3135.7,1,1,3135.6,100,1,3135.5,4,1,3135.2,11,1,3136.1,200,1,3136.2,51,2,3136.3,71,2,3136.4,60,2,3136.5,84,3
2031,2026-06-16 12:55:06+05:30,3136.2,21,3130.29,2212299,128992.0,202342.0,3163.0,3163.0,3108.0,3134.3,31993200,3447.7,2820.9,3839.9,2896.0,3135.9,1,1,3135.7,1,1,3135.6,100,1,3135.5,4,1,3135.2,11,1,3136.1,200,1,3136.2,51,2,3136.3,71,2,3136.4,60,2,3136.5,84,3
2031,2026-06-16 12:55:06+05:30,3136.2,21,3130.29,2212299,128992.0,202342.0,3163.0,3163.0,3108.0,3134.3,31993200,3447.7,2820.9,3839.9,2896.0,3135.9,1,1,3135.7,1,1,3135.6,100,1,3135.5,4,1,3135.2,11,1,3136.1,200,1,3136.2,51,2,3136.3,71,2,3136.4,60,2,3136.5,84,3
2031,2026-06-16 12:55:06+05:30,3136.2,21,3130.29,2212533,129449.0,203019.0,3163.0,3163.0,3108.0,3134.3,31993200,3447.7,2820.9,3839.9,2896.0,3135.9,1,1,3135.7,1,1,3135.6,110,2,3135.5,4,1,3135.2,11,1,3136.2,200,1,3136.3,451,3,3136.4,88,3,3136.5,400,2,3136.6,260,3
2031,2026-06-16 12:55:07+05:30,3135.6,50,3130.29,2212533,129449.0,203019.0,3163.0,3163.0,3108.0,3134.3,31993200,3447.7,2820.9,3839.9,2896.0,3135.9,1,1,3135.7,1,1,3135.6,110,2,3135.5,4,1,3135.2,11,1,3136.2,200,1,3136.3,451,3,3136.4,88,3,3136.5,400,2,3136.6,260,3
2031,2026-06-16 12:55:07+05:30,3136.2,45,3130.29,2212878,129995.0,202936.0,3163.0,3163.0,3108.0,3134.3,31993200,3447.7,2820.9,3839.9,2896.0,3135.6,100,1,3135.5,25,3,3135.4,10,1,3135.3,19,1,3135.2,40,3,3136.2,155,1,3136.3,451,3,3136.4,22,1,3136.5,400,2,3136.6,222,2
2031,2026-06-16 12:55:08+05:30,3136.2,45,3130.29,2212878,129995.0,202936.0,3163.0,3163.0,3108.0,3134.3,31993200,3447.7,2820.9,3839.9,2896.0,3135.6,100,1,3135.5,25,3,3135.4,10,1,3135.3,19,1,3135.2,40,3,3136.2,155,1,3136.3,451,3,3136.4,22,1,3136.5,400,2,3136.6,222,2
2031,2026-06-16 12:55:08+05:30,3136.2,45,3130.29,2212878,129995.0,202936.0,3163.0,3163.0,3108.0,3134.3,31993200,3447.7,2820.9,3839.9,2896.0,3135.6,100,1,3135.5,25,3,3135.4,10,1,3135.3,19,1,3135.2,40,3,3136.2,155,1,3136.3,451,3,3136.4,22,1,3136.5,400,2,3136.6,222,2
2031,2026-06-16 12:55:08+05:30,3136.2,45,3130.29,2212878,129752.0,203219.0,3163.0,3163.0,3108.0,3134.3,31993200,3447.7,2820.9,3839.9,2896.0,3135.6,100,1,3135.5,38,4,3135.4,10,1,3135.3,19,1,3135.2,29,2,3135.9,1,1,3136.2,157,2,3136.3,451,3,3136.5,400,2,3136.6,222,2
2031,2026-06-16 12:55:09+05:30,3136.2,45,3130.29,2212878,129770.0,203087.0,3163.0,3163.0,3108.0,3134.3,31993200,3447.7,2820.9,3839.9,2896.0,3135.6,176,6,3135.5,17,3,3135.4,23,2,3135.3,39,3,3135.2,13,1,3135.9,1,1,3136.2,157,2,3136.3,451,3,3136.5,400,2,3136.6,222,2
2031,2026-06-16 12:55:10+05:30,3136.2,30,3130.29,2212878,129770.0,203087.0,3163.0,3163.0,3108.0,3134.3,31993200,3447.7,2820.9,3839.9,2896.0,3135.6,176,6,3135.5,17,3,3135.4,23,2,3135.3,39,3,3135.2,13,1,3135.9,1,1,3136.2,157,2,3136.3,451,3,3136.5,400,2,3136.6,222,2
2031,2026-06-16 12:55:10+05:30,3136.2,30,3130.29,2212878,129770.0,203087.0,3163.0,3163.0,3108.0,3134.3,31993200,3447.7,2820.9,3839.9,2896.0,3135.6,176,6,3135.5,17,3,3135.4,23,2,3135.3,39,3,3135.2,13,1,3135.9,1,1,3136.2,157,2,3136.3,451,3,3136.5,400,2,3136.6,222,2
2031,2026-06-16 12:55:10+05:30,3136.2,30,3130.29,2212909,129877.0,203191.0,3163.0,3163.0,3108.0,3134.3,31993200,3447.7,2820.9,3839.9,2896.0,3135.6,164,4,3135.5,17,2,3135.4,23,2,3135.3,42,3,3135.2,25,2,3136.2,127,2,3136.3,451,3,3136.5,400,2,3136.6,222,2,3136.7,200,1
2031,2026-06-16 12:55:11+05:30,3136.2,11,3130.29,2212971,129841.0,203367.0,3163.0,3163.0,3108.0,3134.3,31993200,3447.7,2820.9,3839.9,2896.0,3135.7,17,1,3135.6,140,2,3135.5,4,1,3135.4,23,2,3135.3,55,4,3136.2,140,3,3136.3,451,3,3136.5,400,2,3136.6,270,3,3136.7,200,1
2031,2026-06-16 12:55:12+05:30,3135.7,5,3130.29,2212971,129841.0,203367.0,3163.0,3163.0,3108.0,3134.3,31993200,3447.7,2820.9,3839.9,2896.0,3135.7,17,1,3135.6,140,2,3135.5,4,1,3135.4,23,2,3135.3,55,4,3136.2,140,3,3136.3,451,3,3136.5,400,2,3136.6,270,3,3136.7,200,1
2031,2026-06-16 12:55:12+05:30,3135.7,5,3130.29,2212971,129841.0,203367.0,3163.0,3163.0,3108.0,3134.3,31993200,3447.7,2820.9,3839.9,2896.0,3135.7,17,1,3135.6,140,2,3135.5,4,1,3135.4,23,2,3135.3,55,4,3136.2,140,3,3136.3,451,3,3136.5,400,2,3136.6,270,3,3136.7,200,1
2031,2026-06-16 12:55:12+05:30,3135.7,5,3130.29,2212976,129873.0,203409.0,3163.0,3163.0,3108.0,3134.3,31993200,3447.7,2820.9,3839.9,2896.0,3135.7,49,2,3135.6,140,2,3135.5,4,1,3135.4,36,3,3135.3,42,3,3136.2,187,4,3136.3,451,3,3136.5,400,2,3136.6,270,3,3136.7,200,1
2031,2026-06-16 12:55:13+05:30,3135.7,5,3130.29,2212976,129874.0,203414.0,3163.0,3163.0,3108.0,3134.3,31993200,3447.7,2820.9,3839.9,2896.0,3135.7,49,2,3135.6,140,2,3135.5,4,1,3135.4,36,3,3135.3,42,3,3136.2,187,4,3136.3,451,3,3136.5,400,2,3136.6,270,3,3136.7,200,1
2031,2026-06-16 12:55:14+05:30,3136.2,7,3130.29,2212976,129874.0,203414.0,3163.0,3163.0,3108.0,3134.3,31993200,3447.7,2820.9,3839.9,2896.0,3135.7,49,2,3135.6,140,2,3135.5,4,1,3135.4,36,3,3135.3,42,3,3136.2,187,4,3136.3,451,3,3136.5,400,2,3136.6,270,3,3136.7,200,1
2031,2026-06-16 12:55:14+05:30,3136.2,7,3130.29,2212976,129874.0,203414.0,3163.0,3163.0,3108.0,3134.3,31993200,3447.7,2820.9,3839.9,2896.0,3135.7,49,2,3135.6,140,2,3135.5,4,1,3135.4,36,3,3135.3,42,3,3136.2,187,4,3136.3,451,3,3136.5,400,2,3136.6,270,3,3136.7,200,1
2031,2026-06-16 12:55:14+05:30,3136.2,1,3130.29,2212984,129899.0,203400.0,3163.0,3163.0,3108.0,3134.3,31993200,3447.7,2820.9,3839.9,2896.0,3135.7,51,3,3135.6,155,4,3135.5,4,1,3135.4,60,4,3135.3,18,2,3136.2,179,4,3136.3,451,3,3136.5,400,2,3136.6,222,2,3136.7,200,1
2031,2026-06-16 12:55:15+05:30,3136.2,1,3130.29,2212984,129899.0,203400.0,3163.0,3163.0,3108.0,3134.3,31993200,3447.7,2820.9,3839.9,2896.0,3135.7,51,3,3135.6,155,4,3135.5,4,1,3135.4,60,4,3135.3,18,2,3136.2,179,4,3136.3,451,3,3136.5,400,2,3136.6,222,2,3136.7,200,1
2031,2026-06-16 12:55:15+05:30,3136.0,2,3130.29,2212987,130266.0,203361.0,3163.0,3163.0,3108.0,3134.3,31993200,3447.7,2820.9,3839.9,2896.0,3136.0,44,7,3135.8,26,2,3135.7,40,3,3135.6,166,5,3135.5,4,1,3136.2,179,5,3136.3,451,3,3136.5,400,2,3136.6,200,1,3136.7,200,1
2031,2026-06-16 12:55:16+05:30,3136.0,2,3130.29,2212987,130266.0,203361.0,3163.0,3163.0,3108.0,3134.3,31993200,3447.7,2820.9,3839.9,2896.0,3136.0,44,7,3135.8,26,2,3135.7,40,3,3135.6,166,5,3135.5,4,1,3136.2,179,5,3136.3,451,3,3136.5,400,2,3136.6,200,1,3136.7,200,1
2031,2026-06-16 12:55:16+05:30,3136.0,2,3130.29,2212987,130266.0,203361.0,3163.0,3163.0,3108.0,3134.3,31993200,3447.7,2820.9,3839.9,2896.0,3136.0,44,7,3135.8,26,2,3135.7,40,3,3135.6,166,5,3135.5,4,1,3136.2,179,5,3136.3,451,3,3136.5,400,2,3136.6,200,1,3136.7,200,1
2031,2026-06-16 12:55:16+05:30,3136.2,34,3130.29,2213152,130226.0,202892.0,3163.0,3163.0,3108.0,3134.3,31993200,3447.7,2820.9,3839.9,2896.0,3136.0,50,5,3135.8,13,1,3135.7,63,5,3135.6,162,5,3135.5,12,2,3136.2,214,3,3136.3,451,3,3136.5,200,1,3136.6,200,1,3136.7,200,1
2031,2026-06-16 12:55:17+05:30,3136.2,34,3130.29,2213152,130226.0,202892.0,3163.0,3163.0,3108.0,3134.3,31993200,3447.7,2820.9,3839.9,2896.0,3136.0,50,5,3135.8,13,1,3135.7,63,5,3135.6,162,5,3135.5,12,2,3136.2,214,3,3136.3,451,3,3136.5,200,1,3136.6,200,1,3136.7,200,1
2031,2026-06-16 12:55:17+05:30,3136.2,34,3130.29,2213152,130226.0,202892.0,3163.0,3163.0,3108.0,3134.3,31993200,3447.7,2820.9,3839.9,2896.0,3136.0,50,5,3135.8,13,1,3135.7,63,5,3135.6,162,5,3135.5,12,2,3136.2,214,3,3136.3,451,3,3136.5,200,1,3136.6,200,1,3136.7,200,1
2031,2026-06-16 12:55:17+05:30,3136.2,34,3130.29,2213152,130482.0,203514.0,3163.0,3163.0,3108.0,3134.3,31993200,3447.7,2820.9,3839.9,2896.0,3136.0,59,6,3135.8,13,1,3135.7,63,5,3135.6,159,5,3135.5,33,4,3136.2,201,2,3136.3,251,2,3136.5,200,1,3136.6,400,2,3136.7,248,2
2031,2026-06-16 12:55:18+05:30,3136.2,34,3130.29,2213152,130482.0,203514.0,3163.0,3163.0,3108.0,3134.3,31993200,3447.7,2820.9,3839.9,2896.0,3136.0,59,6,3135.8,13,1,3135.7,63,5,3135.6,159,5,3135.5,33,4,3136.2,201,2,3136.3,251,2,3136.5,200,1,3136.6,400,2,3136.7,248,2
2031,2026-06-16 12:55:18+05:30,3136.0,33,3130.29,2213152,130482.0,203514.0,3163.0,3163.0,3108.0,3134.3,31993200,3447.7,2820.9,3839.9,2896.0,3136.0,59,6,3135.8,13,1,3135.7,63,5,3135.6,159,5,3135.5,33,4,3136.2,201,2,3136.3,251,2,3136.5,200,1,3136.6,400,2,3136.7,248,2
2031,2026-06-16 12:55:18+05:30,3136.0,33,3130.29,2213197,130640.0,203489.0,3163.0,3163.0,3108.0,3134.3,31993200,3447.7,2820.9,3839.9,2896.0,3136.0,8,3,3135.8,13,1,3135.7,57,4,3135.6,159,5,3135.5,20,3,3136.2,200,1,3136.3,251,2,3136.5,200,1,3136.6,400,2,3136.7,248,2
2031,2026-06-16 12:55:18+05:30,3136.0,33,3130.29,2213197,130640.0,203489.0,3163.0,3163.0,3108.0,3134.3,31993200,3447.7,2820.9,3839.9,2896.0,3136.0,8,3,3135.8,13,1,3135.7,57,4,3135.6,159,5,3135.5,20,3,3136.2,200,1,3136.3,251,2,3136.5,200,1,3136.6,400,2,3136.7,248,2
2031,2026-06-16 12:55:19+05:30,3136.0,33,3130.29,2213197,130640.0,203489.0,3163.0,3163.0,3108.0,3134.3,31993200,3447.7,2820.9,3839.9,2896.0,3136.0,8,3,3135.8,13,1,3135.7,57,4,3135.6,159,5,3135.5,20,3,3136.2,200,1,3136.3,251,2,3136.5,200,1,3136.6,400,2,3136.7,248,2
2031,2026-06-16 12:55:19+05:30,3135.8,3,3130.29,2213197,130640.0,203489.0,3163.0,3163.0,3108.0,3134.3,31993200,3447.7,2820.9,3839.9,2896.0,3136.0,8,3,3135.8,13,1,3135.7,57,4,3135.6,159,5,3135.5,20,3,3136.2,200,1,3136.3,251,2,3136.5,200,1,3136.6,400,2,3136.7,248,2
2031,2026-06-16 12:55:19+05:30,3135.8,3,3130.29,2213239,130497.0,203360.0,3163.0,3163.0,3108.0,3134.3,31993200,3447.7,2820.9,3839.9,2896.0,3135.7,72,6,3135.6,149,4,3135.5,20,3,3135.4,79,5,3135.3,59,3,3136.2,216,2,3136.3,251,2,3136.5,200,1,3136.6,400,2,3136.7,248,2
2031,2026-06-16 12:55:19+05:30,3135.8,3,3130.29,2213239,130497.0,203360.0,3163.0,3163.0,3108.0,3134.3,31993200,3447.7,2820.9,3839.9,2896.0,3135.7,72,6,3135.6,149,4,3135.5,20,3,3135.4,79,5,3135.3,59,3,3136.2,216,2,3136.3,251,2,3136.5,200,1,3136.6,400,2,3136.7,248,2
2031,2026-06-16 12:55:20+05:30,3135.8,3,3130.29,2213239,130497.0,203360.0,3163.0,3163.0,3108.0,3134.3,31993200,3447.7,2820.9,3839.9,2896.0,3135.7,72,6,3135.6,149,4,3135.5,20,3,3135.4,79,5,3135.3,59,3,3136.2,216,2,3136.3,251,2,3136.5,200,1,3136.6,400,2,3136.7,248,2
2031,2026-06-16 12:55:20+05:30,3135.7,11,3130.29,2213440,130038.0,203209.0,3163.0,3163.0,3108.0,3134.3,31993200,3447.7,2820.9,3839.9,2896.0,3135.7,7,2,3135.6,162,5,3135.5,12,2,3135.4,66,4,3135.3,72,4,3136.2,249,3,3136.3,251,2,3136.5,200,1,3136.6,400,2,3136.7,48,1
2031,2026-06-16 12:55:21+05:30,3135.7,11,3130.29,2213440,130038.0,203209.0,3163.0,3163.0,3108.0,3134.3,31993200,3447.7,2820.9,3839.9,2896.0,3135.7,7,2,3135.6,162,5,3135.5,12,2,3135.4,66,4,3135.3,72,4,3136.2,249,3,3136.3,251,2,3136.5,200,1,3136.6,400,2,3136.7,48,1
2031,2026-06-16 12:55:21+05:30,3135.7,11,3130.29,2213440,130038.0,203209.0,3163.0,3163.0,3108.0,3134.3,31993200,3447.7,2820.9,3839.9,2896.0,3135.7,7,2,3135.6,162,5,3135.5,12,2,3135.4,66,4,3135.3,72,4,3136.2,249,3,3136.3,251,2,3136.5,200,1,3136.6,400,2,3136.7,48,1
2031,2026-06-16 12:55:21+05:30,3135.7,11,3130.29,2213440,130043.0,203215.0,3163.0,3163.0,3108.0,3134.3,31993200,3447.7,2820.9,3839.9,2896.0,3135.7,7,2,3135.6,162,5,3135.5,12,2,3135.4,66,4,3135.3,72,4,3136.2,249,3,3136.3,251,2,3136.5,200,1,3136.6,400,2,3136.7,48,1
2031,2026-06-16 12:55:22+05:30,3135.7,11,3130.29,2213440,130043.0,203215.0,3163.0,3163.0,3108.0,3134.3,31993200,3447.7,2820.9,3839.9,2896.0,3135.7,7,2,3135.6,162,5,3135.5,12,2,3135.4,66,4,3135.3,72,4,3136.2,249,3,3136.3,251,2,3136.5,200,1,3136.6,400,2,3136.7,48,1
2031,2026-06-16 12:55:22+05:30,3135.6,10,3130.29,2213487,129946.0,202774.0,3163.0,3163.0,3108.0,3134.3,31993200,3447.7,2820.9,3839.9,2896.0,3135.7,15,1,3135.6,158,5,3135.5,9,2,3135.4,32,3,3135.3,14,2,3135.9,1,1,3136.2,208,2,3136.3,251,2,3136.5,200,1,3136.6,400,2
2031,2026-06-16 12:55:22+05:30,3135.6,10,3130.29,2213487,129946.0,202774.0,3163.0,3163.0,3108.0,3134.3,31993200,3447.7,2820.9,3839.9,2896.0,3135.7,15,1,3135.6,158,5,3135.5,9,2,3135.4,32,3,3135.3,14,2,3135.9,1,1,3136.2,208,2,3136.3,251,2,3136.5,200,1,3136.6,400,2
2031,2026-06-16 12:55:23+05:30,3135.6,10,3130.29,2213487,129946.0,202774.0,3163.0,3163.0,3108.0,3134.3,31993200,3447.7,2820.9,3839.9,2896.0,3135.7,15,1,3135.6,158,5,3135.5,9,2,3135.4,32,3,3135.3,14,2,3135.9,1,1,3136.2,208,2,3136.3,251,2,3136.5,200,1,3136.6,400,2
2031,2026-06-16 12:55:23+05:30,3135.6,10,3130.29,2213487,129946.0,202774.0,3163.0,3163.0,3108.0,3134.3,31993200,3447.7,2820.9,3839.9,2896.0,3135.7,15,1,3135.6,158,5,3135.5,9,2,3135.4,32,3,3135.3,14,2,3135.9,1,1,3136.2,208,2,3136.3,251,2,3136.5,200,1,3136.6,400,2
2031,2026-06-16 12:55:23+05:30,3136.2,8,3130.29,2213496,130118.0,202958.0,3163.0,3163.0,3108.0,3134.3,31993200,3447.7,2820.9,3839.9,2896.0,3135.7,46,5,3135.6,171,4,3135.5,9,2,3135.4,35,4,3135.3,14,2,3136.2,200,2,3136.3,251,2,3136.5,200,1,3136.6,400,2,3136.7,48,1
2031,2026-06-16 12:55:24+05:30,3136.2,8,3130.29,2213496,130118.0,202958.0,3163.0,3163.0,3108.0,3134.3,31993200,3447.7,2820.9,3839.9,2896.0,3135.7,46,5,3135.6,171,4,3135.5,9,2,3135.4,35,4,3135.3,14,2,3136.2,200,2,3136.3,251,2,3136.5,200,1,3136.6,400,2,3136.7,48,1
2031,2026-06-16 12:55:24+05:30,3136.2,8,3130.29,2213496,130118.0,202958.0,3163.0,3163.0,3108.0,3134.3,31993200,3447.7,2820.9,3839.9,2896.0,3135.7,46,5,3135.6,171,4,3135.5,9,2,3135.4,35,4,3135.3,14,2,3136.2,200,2,3136.3,251,2,3136.5,200,1,3136.6,400,2,3136.7,48,1
2031,2026-06-16 12:55:25+05:30,3135.6,43,3130.29,2213697,129736.0,202751.0,3163.0,3163.0,3108.0,3134.3,31993200,3447.7,2820.9,3839.9,2896.0,3135.6,89,3,3135.5,4,1,3135.4,19,2,3135.3,7,1,3135.2,26,2,3136.2,225,3,3136.3,251,2,3136.5,200,1,3136.6,400,2,3136.7,48,1
2031,2026-06-16 12:55:25+05:30,3135.6,43,3130.29,2213697,129736.0,202751.0,3163.0,3163.0,3108.0,3134.3,31993200,3447.7,2820.9,3839.9,2896.0,3135.6,89,3,3135.5,4,1,3135.4,19,2,3135.3,7,1,3135.2,26,2,3136.2,225,3,3136.3,251,2,3136.5,200,1,3136.6,400,2,3136.7,48,1
2031,2026-06-16 12:55:25+05:30,3135.6,43,3130.29,2213697,129736.0,202751.0,3163.0,3163.0,3108.0,3134.3,31990400,3447.7,2820.9,3839.9,2896.0,3135.6,89,3,3135.5,4,1,3135.4,19,2,3135.3,7,1,3135.2,26,2,3136.2,225,3,3136.3,251,2,3136.5,200,1,3136.6,400,2,3136.7,48,1
2031,2026-06-16 12:55:26+05:30,3136.2,1,3130.29,2213699,129738.0,202752.0,3163.0,3163.0,3108.0,3134.3,31990400,3447.7,2820.9,3839.9,2896.0,3135.6,88,3,3135.5,4,1,3135.4,19,2,3135.3,7,1,3135.2,26,2,3136.2,224,3,3136.3,251,2,3136.5,200,1,3136.6,400,2,3136.7,48,1
2031,2026-06-16 12:55:26+05:30,3136.2,1,3130.29,2213699,129738.0,202752.0,3163.0,3163.0,3108.0,3134.3,31990400,3447.7,2820.9,3839.9,2896.0,3135.6,88,3,3135.5,4,1,3135.4,19,2,3135.3,7,1,3135.2,26,2,3136.2,224,3,3136.3,251,2,3136.5,200,1,3136.6,400,2,3136.7,48,1
2031,2026-06-16 12:55:27+05:30,3135.6,6,3130.29,2213882,129822.0,202501.0,3163.0,3163.0,3108.0,3134.3,31990400,3447.7,2820.9,3839.9,2896.0,3135.6,103,7,3135.5,20,3,3135.4,26,2,3135.3,11,1,3135.2,49,3,3136.2,60,2,3136.3,251,2,3136.5,200,1,3136.6,400,2,3136.8,20,1
2031,2026-06-16 12:55:27+05:30,3136.0,200,3130.29,2213882,129822.0,202501.0,3163.0,3163.0,3108.0,3134.3,31990400,3447.7,2820.9,3839.9,2896.0,3135.6,103,7,3135.5,20,3,3135.4,26,2,3135.3,11,1,3135.2,49,3,3136.2,60,2,3136.3,251,2,3136.5,200,1,3136.6,400,2,3136.8,20,1
2031,2026-06-16 12:55:28+05:30,3136.0,200,3130.3,2214282,130362.0,202895.0,3163.0,3163.0,3108.0,3134.3,31990400,3447.7,2820.9,3839.9,2896.0,3136.0,250,1,3135.6,103,7,3135.5,20,3,3135.4,26,2,3135.3,22,2,3136.2,60,2,3136.4,200,1,3136.5,251,2,3136.6,200,1,3136.7,200,1
2031,2026-06-16 12:55:28+05:30,3136.0,200,3130.3,2214282,130362.0,202895.0,3163.0,3163.0,3108.0,3134.3,31990400,3447.7,2820.9,3839.9,2896.0,3136.0,250,1,3135.6,103,7,3135.5,20,3,3135.4,26,2,3135.3,22,2,3136.2,60,2,3136.4,200,1,3136.5,251,2,3136.6,200,1,3136.7,200,1
2031,2026-06-16 12:55:28+05:30,3136.0,200,3130.3,2214482,130130.0,202979.0,3163.0,3163.0,3108.0,3134.3,31990400,3447.7,2820.9,3839.9,2896.0,3136.0,59,2,3135.8,26,2,3135.6,119,8,3135.5,20,3,3135.4,26,2,3136.2,97,4,3136.4,200,1,3136.5,251,2,3136.6,200,1,3136.7,200,1
2031,2026-06-16 12:55:29+05:30,3136.0,10,3130.3,2214492,130298.0,203377.0,3163.0,3163.0,3108.0,3134.3,31990400,3447.7,2820.9,3839.9,2896.0,3136.0,89,3,3135.8,26,2,3135.6,119,8,3135.5,20,3,3135.4,26,2,3136.2,97,4,3136.4,400,2,3136.5,251,2,3136.6,200,1,3136.7,200,1
2031,2026-06-16 12:55:30+05:30,3136.0,110,3130.3,2214492,130298.0,203377.0,3163.0,3163.0,3108.0,3134.3,31990400,3447.7,2820.9,3839.9,2896.0,3136.0,89,3,3135.8,26,2,3135.6,119,8,3135.5,20,3,3135.4,26,2,3136.2,97,4,3136.4,400,2,3136.5,251,2,3136.6,200,1,3136.7,200,1
2031,2026-06-16 12:55:30+05:30,3136.2,12,3130.3,2215016,131021.0,201129.0,3163.0,3163.0,3108.0,3134.3,31990400,3447.7,2820.9,3839.9,2896.0,3136.3,46,6,3136.2,67,4,3136.1,88,5,3136.0,271,9,3135.9,261,5,3136.9,1,1,3137.0,74,2,3137.6,22,1,3137.7,48,1,3137.8,20,1
2031,2026-06-16 12:55:31+05:30,3136.9,1,3130.3,2215016,131021.0,201129.0,3163.0,3163.0,3108.0,3134.3,31990400,3447.7,2820.9,3839.9,2896.0,3136.3,46,6,3136.2,67,4,3136.1,88,5,3136.0,271,9,3135.9,261,5,3136.9,1,1,3137.0,74,2,3137.6,22,1,3137.7,48,1,3137.8,20,1
2031,2026-06-16 12:55:31+05:30,3137.7,42,3130.3,2215359,132609.0,200497.0,3163.0,3163.0,3108.0,3134.3,31990400,3447.7,2820.9,3839.9,2896.0,3136.6,149,7,3136.5,141,8,3136.4,145,9,3136.3,102,6,3136.2,366,10,3137.9,1,1,3138.2,21,1,3138.3,78,2,3138.4,508,4,3138.5,261,3
2031,2026-06-16 12:55:32+05:30,3137.7,42,3130.3,2215359,132609.0,200497.0,3163.0,3163.0,3108.0,3134.3,31990400,3447.7,2820.9,3839.9,2896.0,3136.6,149,7,3136.5,141,8,3136.4,145,9,3136.3,102,6,3136.2,366,10,3137.9,1,1,3138.2,21,1,3138.3,78,2,3138.4,508,4,3138.5,261,3
2031,2026-06-16 12:55:32+05:30,3136.7,1,3130.3,2215360,132757.0,200946.0,3163.0,3163.0,3108.0,3134.3,31990400,3447.7,2820.9,3839.9,2896.0,3136.7,141,5,3136.6,148,7,3136.5,152,9,3136.4,227,13,3136.3,131,5,3137.7,51,1,3137.9,1,1,3138.2,21,1,3138.3,478,4,3138.4,273,3
2031,2026-06-16 12:55:33+05:30,3136.7,1,3130.3,2215360,132757.0,200946.0,3163.0,3163.0,3108.0,3134.3,31990400,3447.7,2820.9,3839.9,2896.0,3136.7,141,5,3136.6,148,7,3136.5,152,9,3136.4,227,13,3136.3,131,5,3137.7,51,1,3137.9,1,1,3138.2,21,1,3138.3,478,4,3138.4,273,3
2031,2026-06-16 12:55:33+05:30,3136.7,1,3130.3,2215360,131791.0,200979.0,3163.0,3163.0,3108.0,3134.3,31990400,3447.7,2820.9,3839.9,2896.0,3136.7,30,3,3136.6,130,8,3136.5,73,6,3136.4,155,11,3136.3,53,4,3137.0,1,1,3137.8,22,1,3137.9,1,1,3138.0,21,1,3138.2,21,1
2031,2026-06-16 12:55:34+05:30,3137.8,20,3130.3,2215360,131791.0,200979.0,3163.0,3163.0,3108.0,3134.3,31990400,3447.7,2820.9,3839.9,2896.0,3136.7,30,3,3136.6,130,8,3136.5,73,6,3136.4,155,11,3136.3,53,4,3137.0,1,1,3137.8,22,1,3137.9,1,1,3138.0,21,1,3138.2,21,1
2031,2026-06-16 12:55:34+05:30,3137.8,1,3130.3,2215382,132397.0,201312.0,3163.0,3163.0,3108.0,3134.3,31990400,3447.7,2820.9,3839.9,2896.0,3136.7,66,4,3136.6,49,5,3136.5,73,6,3136.4,155,11,3136.3,58,5,3137.8,14,2,3137.9,1,1,3138.0,21,1,3138.2,80,3,3138.3,478,4
2031,2026-06-16 12:55:35+05:30,3137.8,1,3130.3,2215382,132397.0,201312.0,3163.0,3163.0,3108.0,3134.3,31990400,3447.7,2820.9,3839.9,2896.0,3136.7,66,4,3136.6,49,5,3136.5,73,6,3136.4,155,11,3136.3,58,5,3137.8,14,2,3137.9,1,1,3138.0,21,1,3138.2,80,3,3138.3,478,4
2031,2026-06-16 12:55:35+05:30,3137.8,1,3130.3,2215382,132385.0,201458.0,3163.0,3163.0,3108.0,3134.3,31990400,3447.7,2820.9,3839.9,2896.0,3137.0,16,1,3136.6,34,4,3136.5,73,6,3136.4,145,10,3136.3,59,4,3137.8,73,2,3137.9,1,1,3138.0,119,3,3138.1,97,2,3138.2,129,4
2031,2026-06-16 12:55:36+05:30,3137.8,1,3130.3,2215382,132385.0,201458.0,3163.0,3163.0,3108.0,3134.3,31990400,3447.7,2820.9,3839.9,2896.0,3137.0,16,1,3136.6,34,4,3136.5,73,6,3136.4,145,10,3136.3,59,4,3137.8,73,2,3137.9,1,1,3138.0,119,3,3138.1,97,2,3138.2,129,4
2031,2026-06-16 12:55:36+05:30,3137.8,1,3130.3,2215383,132193.0,201553.0,3163.0,3163.0,3108.0,3134.3,31990400,3447.7,2820.9,3839.9,2896.0,3137.0,16,1,3136.6,36,4,3136.5,60,5,3136.4,161,11,3136.3,59,4,3137.8,72,2,3137.9,1,1,3138.0,119,3,3138.1,107,3,3138.2,208,5
2031,2026-06-16 12:55:37+05:30,3137.8,1,3130.3,2215384,132548.0,201649.0,3163.0,3163.0,3108.0,3134.3,31990400,3447.7,2820.9,3839.9,2896.0,3137.0,16,1,3136.6,34,4,3136.5,49,4,3136.4,96,8,3136.3,43,3,3137.8,122,4,3137.9,1,1,3138.0,155,4,3138.1,218,5,3138.2,160,4
2031,2026-06-16 12:55:38+05:30,3137.8,1,3130.3,2215384,132548.0,201649.0,3163.0,3163.0,3108.0,3134.3,31990400,3447.7,2820.9,3839.9,2896.0,3137.0,16,1,3136.6,34,4,3136.5,49,4,3136.4,96,8,3136.3,43,3,3137.8,122,4,3137.9,1,1,3138.0,155,4,3138.1,218,5,3138.2,160,4
2031,2026-06-16 12:55:38+05:30,3137.8,1,3130.3,2215384,132832.0,201571.0,3163.0,3163.0,3108.0,3134.3,31990400,3447.7,2820.9,3839.9,2896.0,3137.3,17,1,3136.6,90,5,3136.5,180,7,3136.4,93,8,3136.3,112,5,3137.7,56,1,3137.8,68,4,3137.9,1,1,3138.0,60,1,3138.1,111,2
2031,2026-06-16 12:55:39+05:30,3137.8,1,3130.3,2215384,132253.0,201828.0,3163.0,3163.0,3108.0,3134.3,31990400,3447.7,2820.9,3839.9,2896.0,3137.5,17,1,3136.6,50,5,3136.5,85,5,3136.4,52,5,3136.3,112,5,3137.7,82,2,3137.8,90,4,3137.9,1,1,3138.0,146,3,3138.1,48,1
2031,2026-06-16 12:55:40+05:30,3137.7,6,3130.3,2215384,132253.0,201828.0,3163.0,3163.0,3108.0,3134.3,31990400,3447.7,2820.9,3839.9,2896.0,3137.5,17,1,3136.6,50,5,3136.5,85,5,3136.4,52,5,3136.3,112,5,3137.7,82,2,3137.8,90,4,3137.9,1,1,3138.0,146,3,3138.1,48,1
2031,2026-06-16 12:55:40+05:30,3137.7,7,3130.3,2215545,131688.0,201524.0,3163.0,3163.0,3108.0,3134.3,31990400,3447.7,2820.9,3839.9,2896.0,3136.9,17,1,3136.6,30,2,3136.2,48,3,3136.1,252,6,3136.0,276,5,3137.6,13,1,3137.7,10,1,3137.8,58,4,3137.9,144,6,3138.0,183,4
2031,2026-06-16 12:55:41+05:30,3137.7,7,3130.3,2215545,131688.0,201524.0,3163.0,3163.0,3108.0,3134.3,31990400,3447.7,2820.9,3839.9,2896.0,3136.9,17,1,3136.6,30,2,3136.2,48,3,3136.1,252,6,3136.0,276,5,3137.6,13,1,3137.7,10,1,3137.8,58,4,3137.9,144,6,3138.0,183,4
2031,2026-06-16 12:55:41+05:30,3137.2,19,3130.3,2215565,130945.0,200246.0,3163.0,3163.0,3108.0,3134.3,31990400,3447.7,2820.9,3839.9,2896.0,3137.0,15,1,3136.6,15,1,3136.3,63,1,3136.2,130,5,3136.1,62,5,3137.2,180,1,3137.6,15,1,3137.8,45,2,3137.9,1,1,3138.0,129,3
2031,2026-06-16 12:55:42+05:30,3137.2,19,3130.3,2215565,130945.0,200246.0,3163.0,3163.0,3108.0,3134.3,31990400,3447.7,2820.9,3839.9,2896.0,3137.0,15,1,3136.6,15,1,3136.3,63,1,3136.2,130,5,3136.1,62,5,3137.2,180,1,3137.6,15,1,3137.8,45,2,3137.9,1,1,3138.0,129,3
2031,2026-06-16 12:55:42+05:30,3137.2,19,3130.3,2215565,131188.0,200563.0,3163.0,3163.0,3108.0,3134.3,31990400,3447.7,2820.9,3839.9,2896.0,3137.0,15,1,3136.6,62,5,3136.5,8,1,3136.4,35,3,3136.3,63,1,3137.2,218,3,3137.6,15,1,3137.8,20,1,3137.9,1,1,3138.0,129,3
2031,2026-06-16 12:55:43+05:30,3137.2,19,3130.3,2215565,131194.0,200529.0,3163.0,3163.0,3108.0,3134.3,31990400,3447.7,2820.9,3839.9,2896.0,3137.0,15,1,3136.6,62,5,3136.5,8,1,3136.4,35,3,3136.3,63,1,3137.2,218,3,3137.6,15,1,3137.8,20,1,3137.9,1,1,3138.0,129,3
2031,2026-06-16 12:55:44+05:30,3139.9,14,3130.3,2215565,131194.0,200529.0,3163.0,3163.0,3108.0,3134.3,31990400,3447.7,2820.9,3839.9,2896.0,3137.0,15,1,3136.6,62,5,3136.5,8,1,3136.4,35,3,3136.3,63,1,3137.2,218,3,3137.6,15,1,3137.8,20,1,3137.9,1,1,3138.0,129,3
2031,2026-06-16 12:55:44+05:30,3138.2,1,3130.33,2222324,133314.0,194655.0,3163.0,3163.0,3108.0,3134.3,31990400,3447.7,2820.9,3839.9,2896.0,3138.3,17,1,3138.0,30,2,3137.9,55,6,3137.8,59,4,3137.7,113,7,3138.8,200,1,3139.3,225,2,3139.4,45,1,3139.5,25,1,3139.6,260,3
2031,2026-06-16 12:55:45+05:30,3138.3,15,3130.33,2222324,133314.0,194655.0,3163.0,3163.0,3108.0,3134.3,31990400,3447.7,2820.9,3839.9,2896.0,3138.3,17,1,3138.0,30,2,3137.9,55,6,3137.8,59,4,3137.7,113,7,3138.8,200,1,3139.3,225,2,3139.4,45,1,3139.5,25,1,3139.6,260,3
2031,2026-06-16 12:55:45+05:30,3138.1,2,3130.33,2222554,131722.0,195955.0,3163.0,3163.0,3108.0,3134.3,31990400,3447.7,2820.9,3839.9,2896.0,3137.9,18,2,3137.8,21,3,3137.7,18,2,3137.6,6,1,3137.5,15,1,3138.1,27,1,3138.3,1,1,3138.4,400,2,3138.5,361,2,3138.7,205,2
2031,2026-06-16 12:55:46+05:30,3137.7,34,3130.33,2222554,131722.0,195955.0,3163.0,3163.0,3108.0,3134.3,31990400,3447.7,2820.9,3839.9,2896.0,3137.9,18,2,3137.8,21,3,3137.7,18,2,3137.6,6,1,3137.5,15,1,3138.1,27,1,3138.3,1,1,3138.4,400,2,3138.5,361,2,3138.7,205,2
2031,2026-06-16 12:55:46+05:30,3137.7,34,3130.33,2222754,131658.0,196173.0,3163.0,3163.0,3108.0,3134.3,31990400,3447.7,2820.9,3839.9,2896.0,3137.9,206,1,3137.5,98,6,3137.4,29,2,3137.3,84,4,3137.2,231,3,3138.1,27,1,3138.3,1,1,3138.8,21,1,3138.9,34,1,3139.0,420,3
2031,2026-06-16 12:55:47+05:30,3138.1,1,3130.33,2222754,131658.0,196173.0,3163.0,3163.0,3108.0,3134.3,31990400,3447.7,2820.9,3839.9,2896.0,3137.9,206,1,3137.5,98,6,3137.4,29,2,3137.3,84,4,3137.2,231,3,3138.1,27,1,3138.3,1,1,3138.8,21,1,3138.9,34,1,3139.0,420,3
2031,2026-06-16 12:55:47+05:30,3139.1,162,3130.33,2223455,133216.0,195452.0,3163.0,3163.0,3108.0,3134.3,31990400,3447.7,2820.9,3839.9,2896.0,3138.0,46,4,3137.9,261,4,3137.8,39,2,3137.7,56,3,3137.6,85,5,3139.1,13,1,3139.2,51,2,3139.3,248,3,3139.4,20,1,3139.5,425,3
2031,2026-06-16 12:55:48+05:30,3138.0,17,3130.33,2223455,133216.0,195452.0,3163.0,3163.0,3108.0,3134.3,31990400,3447.7,2820.9,3839.9,2896.0,3138.0,46,4,3137.9,261,4,3137.8,39,2,3137.7,56,3,3137.6,85,5,3139.1,13,1,3139.2,51,2,3139.3,248,3,3139.4,20,1,3139.5,425,3
2031,2026-06-16 12:55:48+05:30,3138.0,200,3130.33,2223672,132334.0,196750.0,3163.0,3163.0,3108.0,3134.3,31990400,3447.7,2820.9,3839.9,2896.0,3138.0,62,3,3137.9,222,2,3137.8,43,2,3137.7,91,4,3137.6,45,2,3139.0,13,1,3139.1,112,3,3139.2,400,2,3139.3,199,2,3139.4,81,2
2031,2026-06-16 12:55:49+05:30,3137.8,73,3130.33,2223672,132334.0,196750.0,3163.0,3163.0,3108.0,3134.3,31990400,3447.7,2820.9,3839.9,2896.0,3138.0,62,3,3137.9,222,2,3137.8,43,2,3137.7,91,4,3137.6,45,2,3139.0,13,1,3139.1,112,3,3139.2,400,2,3139.3,199,2,3139.4,81,2
2031,2026-06-16 12:55:49+05:30,3137.8,7,3130.33,2224490,129289.0,199744.0,3163.0,3163.0,3108.0,3134.3,31990400,3447.7,2820.9,3839.9,2896.0,3136.8,13,1,3136.7,84,7,3136.6,74,5,3136.5,131,9,3136.4,26,3,3137.9,200,1,3138.0,449,3,3138.4,21,1,3138.5,25,1,3138.6,20,1
2031,2026-06-16 12:55:50+05:30,3137.8,7,3130.33,2224490,129289.0,199744.0,3163.0,3163.0,3108.0,3134.3,31990400,3447.7,2820.9,3839.9,2896.0,3136.8,13,1,3136.7,84,7,3136.6,74,5,3136.5,131,9,3136.4,26,3,3137.9,200,1,3138.0,449,3,3138.4,21,1,3138.5,25,1,3138.6,20,1
2031,2026-06-16 12:55:50+05:30,3136.8,94,3130.33,2224691,130247.0,199925.0,3163.0,3163.0,3108.0,3134.3,31990400,3447.7,2820.9,3839.9,2896.0,3136.9,110,7,3136.8,108,5,3136.7,82,5,3136.6,57,5,3136.5,145,11,3137.9,215,2,3138.0,400,2,3138.2,21,1,3138.4,21,1,3138.5,25,1
2031,2026-06-16 12:55:51+05:30,3136.8,94,3130.33,2224691,130247.0,199925.0,3163.0,3163.0,3108.0,3134.3,31990400,3447.7,2820.9,3839.9,2896.0,3136.9,110,7,3136.8,108,5,3136.7,82,5,3136.6,57,5,3136.5,145,11,3137.9,215,2,3138.0,400,2,3138.2,21,1,3138.4,21,1,3138.5,25,1
2031,2026-06-16 12:55:51+05:30,3136.8,94,3130.33,2224691,130984.0,199987.0,3163.0,3163.0,3108.0,3134.3,31990400,3447.7,2820.9,3839.9,2896.0,3137.2,55,5,3137.1,56,4,3137.0,142,6,3136.9,54,3,3136.8,97,7,3137.9,224,3,3138.0,400,2,3138.4,21,1,3138.6,20,1,3138.7,12,1
2031,2026-06-16 12:55:52+05:30,3137.9,1,3130.33,2224691,130984.0,199987.0,3163.0,3163.0,3108.0,3134.3,31990400,3447.7,2820.9,3839.9,2896.0,3137.2,55,5,3137.1,56,4,3137.0,142,6,3136.9,54,3,3136.8,97,7,3137.9,224,3,3138.0,400,2,3138.4,21,1,3138.6,20,1,3138.7,12,1
2031,2026-06-16 12:55:52+05:30,3137.9,1,3130.33,2224912,131424.0,199917.0,3163.0,3163.0,3108.0,3134.3,31990400,3447.7,2820.9,3839.9,2896.0,3137.6,13,1,3137.5,66,6,3137.4,57,4,3137.3,63,5,3137.2,21,2,3137.9,3,1,3138.0,400,2,3138.6,20,1,3138.8,22,1,3139.0,21,1
2031,2026-06-16 12:55:53+05:30,3138.0,9,3130.33,2224924,131724.0,199495.0,3163.0,3163.0,3108.0,3134.3,31990400,3447.7,2820.9,3839.9,2896.0,3137.7,1,1,3137.6,44,4,3137.5,48,4,3137.4,94,6,3137.3,63,5,3138.0,391,2,3138.6,20,1,3138.8,22,1,3139.0,21,1,3139.1,400,2
2031,2026-06-16 12:55:54+05:30,3137.9,2,3130.33,2224924,131724.0,199495.0,3163.0,3163.0,3108.0,3134.3,31990400,3447.7,2820.9,3839.9,2896.0,3137.7,1,1,3137.6,44,4,3137.5,48,4,3137.4,94,6,3137.3,63,5,3138.0,391,2,3138.6,20,1,3138.8,22,1,3139.0,21,1,3139.1,400,2
2031,2026-06-16 12:55:54+05:30,3138.0,67,3130.34,2225317,133190.0,197581.0,3163.0,3163.0,3108.0,3134.3,31990400,3447.7,2820.9,3839.9,2896.0,3138.0,97,8,3137.9,192,10,3137.8,107,4,3137.7,85,5,3137.6,228,5,3139.1,400,2,3139.2,199,2,3139.4,220,2,3139.6,274,3,3139.7,45,1
2031,2026-06-16 12:55:55+05:30,3138.0,67,3130.34,2225317,133190.0,197581.0,3163.0,3163.0,3108.0,3134.3,31990400,3447.7,2820.9,3839.9,2896.0,3138.0,97,8,3137.9,192,10,3137.8,107,4,3137.7,85,5,3137.6,228,5,3139.1,400,2,3139.2,199,2,3139.4,220,2,3139.6,274,3,3139.7,45,1
2031,2026-06-16 12:55:55+05:30,3138.0,2,3130.34,2225319,132598.0,198785.0,3163.0,3163.0,3108.0,3134.3,31990400,3447.7,2820.9,3839.9,2896.0,3138.0,35,2,3137.9,114,5,3137.7,4,1,3137.6,4,1,3137.5,61,4,3139.1,495,5,3139.2,248,3,3139.3,54,1,3139.4,273,3,3139.5,71,2
2031,2026-06-16 12:55:56+05:30,3138.0,8,3130.34,2225319,132598.0,198785.0,3163.0,3163.0,3108.0,3134.3,31990400,3447.7,2820.9,3839.9,2896.0,3138.0,35,2,3137.9,114,5,3137.7,4,1,3137.6,4,1,3137.5,61,4,3139.1,495,5,3139.2,248,3,3139.3,54,1,3139.4,273,3,3139.5,71,2
2031,2026-06-16 12:55:56+05:30,3137.1,26,3130.34,2225935,131143.0,198549.0,3163.0,3163.0,3108.0,3134.3,31990400,3447.7,2820.9,3839.9,2896.0,3137.1,209,5,3137.0,70,3,3136.9,80,4,3136.8,41,5,3136.7,78,4,3138.6,26,1,3138.7,26,2,3138.8,83,5,3138.9,134,5,3139.0,47,3
2031,2026-06-16 12:55:57+05:30,3138.9,23,3130.34,2225935,131143.0,198549.0,3163.0,3163.0,3108.0,3134.3,31990400,3447.7,2820.9,3839.9,2896.0,3137.1,209,5,3137.0,70,3,3136.9,80,4,3136.8,41,5,3136.7,78,4,3138.6,26,1,3138.7,26,2,3138.8,83,5,3138.9,134,5,3139.0,47,3
2031,2026-06-16 12:55:57+05:30,3138.9,11,3130.34,2226100,131591.0,198566.0,3163.0,3163.0,3108.0,3134.3,31990400,3447.7,2820.9,3839.9,2896.0,3137.5,13,1,3137.4,42,4,3137.3,56,2,3137.2,29,4,3137.1,247,5,3138.9,77,3,3139.0,110,4,3139.1,506,4,3139.2,237,3,3139.4,281,5
2031,2026-06-16 12:55:58+05:30,3138.8,10,3130.34,2226100,131591.0,198566.0,3163.0,3163.0,3108.0,3134.3,31990400,3447.7,2820.9,3839.9,2896.0,3137.5,13,1,3137.4,42,4,3137.3,56,2,3137.2,29,4,3137.1,247,5,3138.9,77,3,3139.0,110,4,3139.1,506,4,3139.2,237,3,3139.4,281,5
2031,2026-06-16 12:55:58+05:30,3138.8,10,3130.34,2226110,132743.0,199041.0,3163.0,3163.0,3108.0,3134.3,31990400,3447.7,2820.9,3839.9,2896.0,3137.6,49,1,3137.5,90,3,3137.4,185,10,3137.3,80,4,3137.2,295,6,3138.8,3,1,3138.9,77,3,3139.0,13,1,3139.1,506,4,3139.2,221,3
2031,2026-06-16 12:55:59+05:30,3137.9,7,3130.34,2226110,132743.0,199041.0,3163.0,3163.0,3108.0,3134.3,31990400,3447.7,2820.9,3839.9,2896.0,3137.6,49,1,3137.5,90,3,3137.4,185,10,3137.3,80,4,3137.2,295,6,3138.8,3,1,3138.9,77,3,3139.0,13,1,3139.1,506,4,3139.2,221,3
2031,2026-06-16 12:55:59+05:30,3137.9,7,3130.34,2226203,131430.0,200571.0,3163.0,3163.0,3108.0,3134.3,31990400,3447.7,2820.9,3839.9,2896.0,3137.1,13,1,3137.0,70,3,3136.8,50,3,3136.7,70,3,3136.6,20,2,3137.9,200,1,3138.4,21,1,3138.5,76,3,3138.6,560,7,3138.7,87,4
2031,2026-06-16 12:56:00+05:30,3137.9,7,3130.34,2226203,131535.0,200752.0,3163.0,3163.0,3108.0,3134.3,31990400,3447.7,2820.9,3839.9,2896.0,3137.5,2,2,3137.1,14,2,3137.0,22,2,3136.8,50,3,3136.7,87,4,3137.9,201,2,3138.0,200,1,3138.2,11,1,3138.5,427,4,3138.6,311,5
2031,2026-06-16 12:56:01+05:30,3137.9,8,3130.34,2226203,131535.0,200752.0,3163.0,3163.0,3108.0,3134.3,31990400,3447.7,2820.9,3839.9,2896.0,3137.5,2,2,3137.1,14,2,3137.0,22,2,3136.8,50,3,3136.7,87,4,3137.9,201,2,3138.0,200,1,3138.2,11,1,3138.5,427,4,3138.6,311,5
2031,2026-06-16 12:56:01+05:30,3137.9,8,3130.34,2226211,131575.0,200589.0,3163.0,3163.0,3108.0,3134.3,31990400,3447.7,2820.9,3839.9,2896.0,3137.5,2,2,3137.1,1,1,3137.0,47,3,3136.8,50,3,3136.7,89,4,3137.9,193,2,3138.0,200,1,3138.5,427,4,3138.6,273,4,3138.7,128,3
2031,2026-06-16 12:56:02+05:30,3137.9,11,3130.34,2226211,131575.0,200589.0,3163.0,3163.0,3108.0,3134.3,31990400,3447.7,2820.9,3839.9,2896.0,3137.5,2,2,3137.1,1,1,3137.0,47,3,3136.8,50,3,3136.7,89,4,3137.9,193,2,3138.0,200,1,3138.5,427,4,3138.6,273,4,3138.7,128,3
2031,2026-06-16 12:56:02+05:30,3137.9,11,3130.34,2226222,131895.0,200358.0,3163.0,3163.0,3108.0,3134.3,31990400,3447.7,2820.9,3839.9,2896.0,3137.5,14,5,3137.4,12,2,3137.3,7,1,3137.2,29,3,3137.1,58,5,3137.9,207,3,3138.1,200,1,3138.6,421,3,3138.7,225,3,3138.8,21,1
2031,2026-06-16 12:56:03+05:30,3137.9,1,3130.34,2226222,131895.0,200358.0,3163.0,3163.0,3108.0,3134.3,31990400,3447.7,2820.9,3839.9,2896.0,3137.5,14,5,3137.4,12,2,3137.3,7,1,3137.2,29,3,3137.1,58,5,3137.9,207,3,3138.1,200,1,3138.6,421,3,3138.7,225,3,3138.8,21,1
2031,2026-06-16 12:56:03+05:30,3137.9,1,3130.34,2226223,131886.0,200608.0,3163.0,3163.0,3108.0,3134.3,31990400,3447.7,2820.9,3839.9,2896.0,3137.5,35,6,3137.4,12,2,3137.3,7,1,3137.2,29,3,3137.1,48,4,3137.9,241,4,3138.1,200,1,3138.6,421,3,3138.7,225,3,3138.8,21,1
2031,2026-06-16 12:56:04+05:30,3137.5,141,3130.34,2226223,131886.0,200608.0,3163.0,3163.0,3108.0,3134.3,31990400,3447.7,2820.9,3839.9,2896.0,3137.5,35,6,3137.4,12,2,3137.3,7,1,3137.2,29,3,3137.1,48,4,3137.9,241,4,3138.1,200,1,3138.6,421,3,3138.7,225,3,3138.8,21,1
2031,2026-06-16 12:56:04+05:30,3137.5,141,3130.34,2226403,131902.0,200566.0,3163.0,3163.0,3108.0,3134.3,31990400,3447.7,2820.9,3839.9,2896.0,3137.5,12,1,3137.1,37,5,3137.0,95,4,3136.9,12,1,3136.8,125,6,3137.9,75,4,3138.1,200,1,3138.6,421,3,3138.7,225,3,3138.8,74,2
2031,2026-06-16 12:56:05+05:30,3137.5,33,3130.34,2226403,131902.0,200566.0,3163.0,3163.0,3108.0,3134.3,31990400,3447.7,2820.9,3839.9,2896.0,3137.5,12,1,3137.1,37,5,3137.0,95,4,3136.9,12,1,3136.8,125,6,3137.9,75,4,3138.1,200,1,3138.6,421,3,3138.7,225,3,3138.8,74,2
2031,2026-06-16 12:56:05+05:30,3137.5,33,3130.34,2226448,132175.0,200480.0,3163.0,3163.0,3108.0,3134.3,31990400,3447.7,2820.9,3839.9,2896.0,3137.5,45,5,3137.4,6,1,3137.3,7,1,3137.2,8,1,3137.1,36,5,3137.9,75,4,3138.1,200,1,3138.6,421,3,3138.7,225,3,3138.8,21,1
2031,2026-06-16 12:56:06+05:30,3137.9,18,3130.34,2226448,132175.0,200480.0,3163.0,3163.0,3108.0,3134.3,31990400,3447.7,2820.9,3839.9,2896.0,3137.5,45,5,3137.4,6,1,3137.3,7,1,3137.2,8,1,3137.1,36,5,3137.9,75,4,3138.1,200,1,3138.6,421,3,3138.7,225,3,3138.8,21,1
2031,2026-06-16 12:56:06+05:30,3137.9,18,3130.34,2226468,132172.0,200461.0,3163.0,3163.0,3108.0,3134.3,31990400,3447.7,2820.9,3839.9,2896.0,3137.5,35,4,3137.4,19,2,3137.3,7,1,3137.2,20,2,3137.1,24,4,3137.9,56,3,3138.1,200,1,3138.6,421,3,3138.7,199,2,3138.8,21,1
2031,2026-06-16 12:56:06+05:30,3137.9,18,3130.34,2226468,132172.0,200461.0,3163.0,3163.0,3108.0,3134.3,31990400,3447.7,2820.9,3839.9,2896.0,3137.5,35,4,3137.4,19,2,3137.3,7,1,3137.2,20,2,3137.1,24,4,3137.9,56,3,3138.1,200,1,3138.6,421,3,3138.7,199,2,3138.8,21,1
2031,2026-06-16 12:56:07+05:30,3137.9,3,3130.34,2226468,132172.0,200461.0,3163.0,3163.0,3108.0,3134.3,31990400,3447.7,2820.9,3839.9,2896.0,3137.5,35,4,3137.4,19,2,3137.3,7,1,3137.2,20,2,3137.1,24,4,3137.9,56,3,3138.1,200,1,3138.6,421,3,3138.7,199,2,3138.8,21,1
2031,2026-06-16 12:56:07+05:30,3137.9,3,3130.34,2226671,131730.0,200295.0,3163.0,3163.0,3108.0,3134.3,31990400,3447.7,2820.9,3839.9,2896.0,3137.2,63,5,3137.1,24,4,3137.0,82,5,3136.9,51,4,3136.8,70,4,3137.9,54,4,3138.0,200,1,3138.5,400,2,3138.6,220,3,3138.8,221,2
2031,2026-06-16 12:56:08+05:30,3137.9,3,3130.34,2226671,131730.0,200295.0,3163.0,3163.0,3108.0,3134.3,31990400,3447.7,2820.9,3839.9,2896.0,3137.2,63,5,3137.1,24,4,3137.0,82,5,3136.9,51,4,3136.8,70,4,3137.9,54,4,3138.0,200,1,3138.5,400,2,3138.6,220,3,3138.8,221,2
2031,2026-06-16 12:56:08+05:30,3137.9,1,3130.34,2226671,131730.0,200295.0,3163.0,3163.0,3108.0,3134.3,31990400,3447.7,2820.9,3839.9,2896.0,3137.2,63,5,3137.1,24,4,3137.0,82,5,3136.9,51,4,3136.8,70,4,3137.9,54,4,3138.0,200,1,3138.5,400,2,3138.6,220,3,3138.8,221,2
2031,2026-06-16 12:56:08+05:30,3137.9,1,3130.34,2226679,131751.0,200483.0,3163.0,3163.0,3108.0,3134.3,31990400,3447.7,2820.9,3839.9,2896.0,3137.2,63,5,3137.1,24,4,3137.0,98,6,3136.9,51,4,3136.8,70,4,3137.9,46,3,3138.0,200,1,3138.5,400,2,3138.6,220,3,3138.8,221,2
2031,2026-06-16 12:56:09+05:30,3137.9,1,3130.34,2226679,131751.0,200483.0,3163.0,3163.0,3108.0,3134.3,31990400,3447.7,2820.9,3839.9,2896.0,3137.2,63,5,3137.1,24,4,3137.0,98,6,3136.9,51,4,3136.8,70,4,3137.9,46,3,3138.0,200,1,3138.5,400,2,3138.6,220,3,3138.8,221,2
2031,2026-06-16 12:56:09+05:30,3137.9,1,3130.34,2226679,131751.0,200502.0,3163.0,3163.0,3108.0,3134.3,31990400,3447.7,2820.9,3839.9,2896.0,3137.2,63,5,3137.1,24,4,3137.0,98,6,3136.9,51,4,3136.8,70,4,3137.9,46,3,3138.0,200,1,3138.5,400,2,3138.6,220,3,3138.8,221,2
2031,2026-06-16 12:56:10+05:30,3137.9,8,3130.34,2226679,131751.0,200502.0,3163.0,3163.0,3108.0,3134.3,31990400,3447.7,2820.9,3839.9,2896.0,3137.2,63,5,3137.1,24,4,3137.0,98,6,3136.9,51,4,3136.8,70,4,3137.9,46,3,3138.0,200,1,3138.5,400,2,3138.6,220,3,3138.8,221,2
2031,2026-06-16 12:56:10+05:30,3137.9,8,3130.34,2226709,131821.0,200624.0,3163.0,3163.0,3108.0,3134.3,31990400,3447.7,2820.9,3839.9,2896.0,3137.2,63,5,3137.1,23,3,3137.0,98,6,3136.9,51,4,3136.8,70,4,3137.9,16,3,3138.0,200,1,3138.5,400,2,3138.6,220,3,3138.8,221,2
2031,2026-06-16 12:56:10+05:30,3137.9,8,3130.34,2226709,131821.0,200624.0,3163.0,3163.0,3108.0,3134.3,31990400,3447.7,2820.9,3839.9,2896.0,3137.2,63,5,3137.1,23,3,3137.0,98,6,3136.9,51,4,3136.8,70,4,3137.9,16,3,3138.0,200,1,3138.5,400,2,3138.6,220,3,3138.8,221,2
2031,2026-06-16 12:56:11+05:30,3137.9,8,3130.34,2226709,131772.0,200922.0,3163.0,3163.0,3108.0,3134.3,31990400,3447.7,2820.9,3839.9,2896.0,3137.2,63,5,3137.1,23,3,3137.0,98,6,3136.9,41,3,3136.8,70,4,3137.9,216,4,3138.0,200,1,3138.4,49,1,3138.5,400,2,3138.6,220,3
2031,2026-06-16 12:56:12+05:30,3137.9,1,3130.34,2226709,131772.0,200922.0,3163.0,3163.0,3108.0,3134.3,31990400,3447.7,2820.9,3839.9,2896.0,3137.2,63,5,3137.1,23,3,3137.0,98,6,3136.9,41,3,3136.8,70,4,3137.9,216,4,3138.0,200,1,3138.4,49,1,3138.5,400,2,3138.6,220,3
2031,2026-06-16 12:56:12+05:30,3137.9,1,3130.34,2226722,131948.0,200760.0,3163.0,3163.0,3108.0,3134.3,31990400,3447.7,2820.9,3839.9,2896.0,3137.5,15,1,3137.2,85,6,3137.1,23,3,3137.0,49,4,3136.9,41,3,3137.9,203,3,3138.0,200,1,3138.4,49,1,3138.5,400,2,3138.6,220,3
2031,2026-06-16 12:56:12+05:30,3137.9,1,3130.34,2226722,131948.0,200760.0,3163.0,3163.0,3108.0,3134.3,31990400,3447.7,2820.9,3839.9,2896.0,3137.5,15,1,3137.2,85,6,3137.1,23,3,3137.0,49,4,3136.9,41,3,3137.9,203,3,3138.0,200,1,3138.4,49,1,3138.5,400,2,3138.6,220,3
2031,2026-06-16 12:56:13+05:30,3137.9,1,3130.34,2226722,131898.0,200914.0,3163.0,3163.0,3108.0,3134.3,31990400,3447.7,2820.9,3839.9,2896.0,3137.5,15,1,3137.2,72,5,3137.1,10,2,3137.0,49,4,3136.9,17,2,3137.9,201,2,3138.0,200,1,3138.4,49,1,3138.5,400,2,3138.6,220,3
2031,2026-06-16 12:56:14+05:30,3137.9,1,3130.34,2226724,131988.0,200861.0,3163.0,3163.0,3108.0,3134.3,31990400,3447.7,2820.9,3839.9,2896.0,3137.6,17,1,3137.2,50,4,3137.1,9,1,3137.0,49,4,3136.9,54,3,3137.9,224,2,3138.0,200,1,3138.5,400,2,3138.6,199,2,3138.8,270,3
2031,2026-06-16 12:56:14+05:30,3137.2,11,3130.34,2226724,131988.0,200861.0,3163.0,3163.0,3108.0,3134.3,31990400,3447.7,2820.9,3839.9,2896.0,3137.6,17,1,3137.2,50,4,3137.1,9,1,3137.0,49,4,3136.9,54,3,3137.9,224,2,3138.0,200,1,3138.5,400,2,3138.6,199,2,3138.8,270,3
2031,2026-06-16 12:56:14+05:30,3137.2,11,3130.34,2226724,131988.0,200861.0,3163.0,3163.0,3108.0,3134.3,31990400,3447.7,2820.9,3839.9,2896.0,3137.6,17,1,3137.2,50,4,3137.1,9,1,3137.0,49,4,3136.9,54,3,3137.9,224,2,3138.0,200,1,3138.5,400,2,3138.6,199,2,3138.8,270,3
2031,2026-06-16 12:56:15+05:30,3137.2,1,3130.34,2226925,131488.0,201807.0,3163.0,3163.0,3108.0,3134.3,31990400,3447.7,2820.9,3839.9,2896.0,3137.0,47,5,3136.9,8,2,3136.8,50,3,3136.7,93,4,3136.6,52,2,3137.2,199,1,3137.9,226,3,3138.0,200,1,3138.2,21,1,3138.4,21,1
2031,2026-06-16 12:56:15+05:30,3137.0,6,3130.34,2226925,131488.0,201807.0,3163.0,3163.0,3108.0,3134.3,31990400,3447.7,2820.9,3839.9,2896.0,3137.0,47,5,3136.9,8,2,3136.8,50,3,3136.7,93,4,3136.6,52,2,3137.2,199,1,3137.9,226,3,3138.0,200,1,3138.2,21,1,3138.4,21,1
2031,2026-06-16 12:56:16+05:30,3137.2,13,3130.34,2227195,131974.0,200574.0,3163.0,3163.0,3108.0,3134.3,31990400,3447.7,2820.9,3839.9,2896.0,3137.2,53,6,3137.1,85,7,3137.0,134,6,3136.9,15,2,3136.8,118,7,3137.9,201,2,3138.0,200,1,3138.5,400,2,3138.6,219,3,3138.8,221,2
2031,2026-06-16 12:56:16+05:30,3137.2,13,3130.34,2227195,131974.0,200574.0,3163.0,3163.0,3108.0,3134.3,31990400,3447.7,2820.9,3839.9,2896.0,3137.2,53,6,3137.1,85,7,3137.0,134,6,3136.9,15,2,3136.8,118,7,3137.9,201,2,3138.0,200,1,3138.5,400,2,3138.6,219,3,3138.8,221,2
2031,2026-06-16 12:56:16+05:30,3137.2,13,3130.34,2227195,131974.0,200574.0,3163.0,3163.0,3108.0,3134.3,31990400,3447.7,2820.9,3839.9,2896.0,3137.2,53,6,3137.1,85,7,3137.0,134,6,3136.9,15,2,3136.8,118,7,3137.9,201,2,3138.0,200,1,3138.5,400,2,3138.6,219,3,3138.8,221,2
2031,2026-06-16 12:56:17+05:30,3137.9,15,3130.34,2227211,132089.0,201128.0,3163.0,3163.0,3108.0,3134.3,31990400,3447.7,2820.9,3839.9,2896.0,3137.3,59,5,3137.2,37,4,3137.1,85,7,3137.0,180,7,3136.9,215,3,3137.9,185,2,3138.0,200,1,3138.5,400,2,3138.6,219,3,3138.8,221,2
2031,2026-06-16 12:56:17+05:30,3137.9,15,3130.34,2227211,132089.0,201128.0,3163.0,3163.0,3108.0,3134.3,31990400,3447.7,2820.9,3839.9,2896.0,3137.3,59,5,3137.2,37,4,3137.1,85,7,3137.0,180,7,3136.9,215,3,3137.9,185,2,3138.0,200,1,3138.5,400,2,3138.6,219,3,3138.8,221,2
2031,2026-06-16 12:56:17+05:30,3137.9,15,3130.34,2227211,132089.0,201128.0,3163.0,3163.0,3108.0,3134.3,31990400,3447.7,2820.9,3839.9,2896.0,3137.3,59,5,3137.2,37,4,3137.1,85,7,3137.0,180,7,3136.9,215,3,3137.9,185,2,3138.0,200,1,3138.5,400,2,3138.6,219,3,3138.8,221,2
2031,2026-06-16 12:56:18+05:30,3137.9,15,3130.34,2227211,132129.0,201283.0,3163.0,3163.0,3108.0,3134.3,31990400,3447.7,2820.9,3839.9,2896.0,3137.4,13,1,3137.3,96,7,3137.2,37,4,3137.1,44,6,3137.0,180,7,3137.9,185,2,3138.0,200,1,3138.5,400,2,3138.6,219,3,3138.8,221,2
2031,2026-06-16 12:56:18+05:30,3137.9,15,3130.34,2227211,132129.0,201283.0,3163.0,3163.0,3108.0,3134.3,31990400,3447.7,2820.9,3839.9,2896.0,3137.4,13,1,3137.3,96,7,3137.2,37,4,3137.1,44,6,3137.0,180,7,3137.9,185,2,3138.0,200,1,3138.5,400,2,3138.6,219,3,3138.8,221,2
2031,2026-06-16 12:56:19+05:30,3137.7,1,3130.34,2227212,132697.0,202259.0,3163.0,3163.0,3108.0,3134.3,31990400,3447.7,2820.9,3839.9,2896.0,3137.4,13,1,3137.3,113,8,3137.2,37,4,3137.1,44,6,3137.0,164,6,3137.7,1,1,3137.9,185,2,3138.0,200,1,3138.5,400,2,3138.6,219,3
2031,2026-06-16 12:56:19+05:30,3137.7,1,3130.34,2227212,132697.0,202259.0,3163.0,3163.0,3108.0,3134.3,31990400,3447.7,2820.9,3839.9,2896.0,3137.4,13,1,3137.3,113,8,3137.2,37,4,3137.1,44,6,3137.0,164,6,3137.7,1,1,3137.9,185,2,3138.0,200,1,3138.5,400,2,3138.6,219,3
2031,2026-06-16 12:56:19+05:30,3137.7,1,3130.34,2227212,132697.0,202259.0,3163.0,3163.0,3108.0,3134.3,31990400,3447.7,2820.9,3839.9,2896.0,3137.4,13,1,3137.3,113,8,3137.2,37,4,3137.1,44,6,3137.0,164,6,3137.7,1,1,3137.9,185,2,3138.0,200,1,3138.5,400,2,3138.6,219,3
2031,2026-06-16 12:56:20+05:30,3137.7,1,3130.34,2227212,132697.0,202259.0,3163.0,3163.0,3108.0,3134.3,31990400,3447.7,2820.9,3839.9,2896.0,3137.4,13,1,3137.3,113,8,3137.2,37,4,3137.1,44,6,3137.0,164,6,3137.7,1,1,3137.9,185,2,3138.0,200,1,3138.5,400,2,3138.6,219,3
2031,2026-06-16 12:56:20+05:30,3137.9,25,3130.34,2227239,132738.0,202197.0,3163.0,3163.0,3108.0,3134.3,31990400,3447.7,2820.9,3839.9,2896.0,3137.6,15,1,3137.4,45,5,3137.3,57,3,3137.2,37,4,3137.1,31,5,3137.9,160,2,3138.0,225,2,3138.5,400,2,3138.6,219,3,3138.8,221,2
2031,2026-06-16 12:56:20+05:30,3137.9,25,3130.34,2227239,132738.0,202197.0,3163.0,3163.0,3108.0,3134.3,31990400,3447.7,2820.9,3839.9,2896.0,3137.6,15,1,3137.4,45,5,3137.3,57,3,3137.2,37,4,3137.1,31,5,3137.9,160,2,3138.0,225,2,3138.5,400,2,3138.6,219,3,3138.8,221,2
2031,2026-06-16 12:56:20+05:30,3137.9,25,3130.34,2227239,132738.0,202197.0,3163.0,3163.0,3108.0,3134.3,31990400,3447.7,2820.9,3839.9,2896.0,3137.6,15,1,3137.4,45,5,3137.3,57,3,3137.2,37,4,3137.1,31,5,3137.9,160,2,3138.0,225,2,3138.5,400,2,3138.6,219,3,3138.8,221,2
2031,2026-06-16 12:56:21+05:30,3137.7,1,3130.34,2227240,132882.0,202315.0,3163.0,3163.0,3108.0,3134.3,31990400,3447.7,2820.9,3839.9,2896.0,3137.7,25,5,3137.6,5,3,3137.4,45,5,3137.3,57,3,3137.2,37,4,3137.9,160,2,3138.0,225,2,3138.5,400,2,3138.6,199,2,3138.8,221,2
2031,2026-06-16 12:56:21+05:30,3137.7,1,3130.34,2227240,132882.0,202315.0,3163.0,3163.0,3108.0,3134.3,31990400,3447.7,2820.9,3839.9,2896.0,3137.7,25,5,3137.6,5,3,3137.4,45,5,3137.3,57,3,3137.2,37,4,3137.9,160,2,3138.0,225,2,3138.5,400,2,3138.6,199,2,3138.8,221,2
2031,2026-06-16 12:56:21+05:30,3137.7,1,3130.34,2227240,132882.0,202315.0,3163.0,3163.0,3108.0,3134.3,31990400,3447.7,2820.9,3839.9,2896.0,3137.7,25,5,3137.6,5,3,3137.4,45,5,3137.3,57,3,3137.2,37,4,3137.9,160,2,3138.0,225,2,3138.5,400,2,3138.6,199,2,3138.8,221,2
2031,2026-06-16 12:56:22+05:30,3137.9,2,3130.34,2227400,133021.0,201673.0,3163.0,3163.0,3108.0,3134.3,31990400,3447.7,2820.9,3839.9,2896.0,3137.7,13,6,3137.6,2,2,3137.5,5,1,3137.4,32,4,3137.3,75,5,3138.0,225,2,3138.5,400,2,3138.6,199,2,3138.8,221,2,3138.9,1,1
2031,2026-06-16 12:56:22+05:30,3137.9,2,3130.34,2227400,133021.0,201673.0,3163.0,3163.0,3108.0,3134.3,31990400,3447.7,2820.9,3839.9,2896.0,3137.7,13,6,3137.6,2,2,3137.5,5,1,3137.4,32,4,3137.3,75,5,3138.0,225,2,3138.5,400,2,3138.6,199,2,3138.8,221,2,3138.9,1,1
2031,2026-06-16 12:56:22+05:30,3137.9,2,3130.34,2227400,133021.0,201673.0,3163.0,3163.0,3108.0,3134.3,31990400,3447.7,2820.9,3839.9,2896.0,3137.7,13,6,3137.6,2,2,3137.5,5,1,3137.4,32,4,3137.3,75,5,3138.0,225,2,3138.5,400,2,3138.6,199,2,3138.8,221,2,3138.9,1,1
2031,2026-06-16 12:56:23+05:30,3138.0,1,3130.34,2227424,133077.0,201672.0,3163.0,3163.0,3108.0,3134.3,31990400,3447.7,2820.9,3839.9,2896.0,3137.7,13,1,3137.6,37,6,3137.5,15,2,3137.4,20,4,3137.3,35,4,3138.0,224,2,3138.5,400,2,3138.6,199,2,3138.8,221,2,3138.9,1,1
2031,2026-06-16 12:56:23+05:30,3138.0,1,3130.34,2227424,133077.0,201672.0,3163.0,3163.0,3108.0,3134.3,31990400,3447.7,2820.9,3839.9,2896.0,3137.7,13,1,3137.6,37,6,3137.5,15,2,3137.4,20,4,3137.3,35,4,3138.0,224,2,3138.5,400,2,3138.6,199,2,3138.8,221,2,3138.9,1,1
2031,2026-06-16 12:56:23+05:30,3138.0,1,3130.34,2227424,133077.0,201672.0,3163.0,3163.0,3108.0,3134.3,31990400,3447.7,2820.9,3839.9,2896.0,3137.7,13,1,3137.6,37,6,3137.5,15,2,3137.4,20,4,3137.3,35,4,3138.0,224,2,3138.5,400,2,3138.6,199,2,3138.8,221,2,3138.9,1,1
2031,2026-06-16 12:56:23+05:30,3138.0,1,3130.34,2227424,133077.0,201672.0,3163.0,3163.0,3108.0,3134.3,31990400,3447.7,2820.9,3839.9,2896.0,3137.7,13,1,3137.6,37,6,3137.5,15,2,3137.4,20,4,3137.3,35,4,3138.0,224,2,3138.5,400,2,3138.6,199,2,3138.8,221,2,3138.9,1,1
2031,2026-06-16 12:56:24+05:30,3138.0,1,3130.34,2227448,133062.0,201799.0,3163.0,3163.0,3108.0,3134.3,31990400,3447.7,2820.9,3839.9,2896.0,3137.8,17,1,3137.7,29,3,3137.6,2,2,3137.5,15,2,3137.4,33,5,3138.0,257,3,3138.5,400,2,3138.6,199,2,3138.8,221,2,3138.9,1,1
2031,2026-06-16 12:56:24+05:30,3138.0,15,3130.34,2227448,133062.0,201799.0,3163.0,3163.0,3108.0,3134.3,31990400,3447.7,2820.9,3839.9,2896.0,3137.8,17,1,3137.7,29,3,3137.6,2,2,3137.5,15,2,3137.4,33,5,3138.0,257,3,3138.5,400,2,3138.6,199,2,3138.8,221,2,3138.9,1,1
2031,2026-06-16 12:56:24+05:30,3138.0,15,3130.34,2227448,133062.0,201799.0,3163.0,3163.0,3108.0,3134.3,31990400,3447.7,2820.9,3839.9,2896.0,3137.8,17,1,3137.7,29,3,3137.6,2,2,3137.5,15,2,3137.4,33,5,3138.0,257,3,3138.5,400,2,3138.6,199,2,3138.8,221,2,3138.9,1,1
2031,2026-06-16 12:56:25+05:30,3138.0,34,3130.34,2227769,133435.0,201303.0,3163.0,3163.0,3108.0,3134.3,31990400,3447.7,2820.9,3839.9,2896.0,3138.1,13,1,3138.0,77,5,3137.9,20,2,3137.8,83,5,3137.7,25,3,3138.5,400,2,3138.6,199,2,3138.8,200,1,3138.9,1,1,3139.0,220,2
2031,2026-06-16 12:56:25+05:30,3138.0,10,3130.34,2227769,133435.0,201303.0,3163.0,3163.0,3108.0,3134.3,31990400,3447.7,2820.9,3839.9,2896.0,3138.1,13,1,3138.0,77,5,3137.9,20,2,3137.8,83,5,3137.7,25,3,3138.5,400,2,3138.6,199,2,3138.8,200,1,3138.9,1,1,3139.0,220,2
2031,2026-06-16 12:56:25+05:30,3138.0,10,3130.34,2227769,133435.0,201303.0,3163.0,3163.0,3108.0,3134.3,31982200,3447.7,2820.9,3839.9,2896.0,3138.1,13,1,3138.0,77,5,3137.9,20,2,3137.8,83,5,3137.7,25,3,3138.5,400,2,3138.6,199,2,3138.8,200,1,3138.9,1,1,3139.0,220,2
2031,2026-06-16 12:56:26+05:30,3138.0,3,3130.34,2228013,133276.0,200109.0,3163.0,3163.0,3108.0,3134.3,31982200,3447.7,2820.9,3839.9,2896.0,3138.0,105,8,3137.9,93,6,3137.8,108,6,3137.7,97,5,3137.6,378,7,3138.9,1,1,3139.0,20,1,3139.1,45,1,3139.2,382,2,3139.3,199,2
2031,2026-06-16 12:56:26+05:30,3138.0,17,3130.34,2228013,133276.0,200109.0,3163.0,3163.0,3108.0,3134.3,31982200,3447.7,2820.9,3839.9,2896.0,3138.0,105,8,3137.9,93,6,3137.8,108,6,3137.7,97,5,3137.6,378,7,3138.9,1,1,3139.0,20,1,3139.1,45,1,3139.2,382,2,3139.3,199,2
2031,2026-06-16 12:56:27+05:30,3138.0,22,3130.35,2228059,133863.0,200240.0,3163.0,3163.0,3108.0,3134.3,31982200,3447.7,2820.9,3839.9,2896.0,3138.0,112,11,3137.9,36,4,3137.8,118,7,3137.7,16,2,3137.6,200,7,3138.6,1,1,3138.9,2,2,3139.0,20,1,3139.1,45,1,3139.2,382,2
2031,2026-06-16 12:56:27+05:30,3138.0,22,3130.35,2228059,133863.0,200240.0,3163.0,3163.0,3108.0,3134.3,31982200,3447.7,2820.9,3839.9,2896.0,3138.0,112,11,3137.9,36,4,3137.8,118,7,3137.7,16,2,3137.6,200,7,3138.6,1,1,3138.9,2,2,3139.0,20,1,3139.1,45,1,3139.2,382,2
2031,2026-06-16 12:56:28+05:30,3137.8,23,3130.35,2228311,132859.0,200618.0,3163.0,3163.0,3108.0,3134.3,31982200,3447.7,2820.9,3839.9,2896.0,3137.8,15,1,3137.7,22,4,3137.6,5,3,3137.5,105,2,3137.4,123,6,3137.9,141,1,3138.1,31,2,3138.8,20,1,3138.9,2,2,3139.0,41,2
2031,2026-06-16 12:56:28+05:30,3137.8,23,3130.35,2228311,132859.0,200618.0,3163.0,3163.0,3108.0,3134.3,31982200,3447.7,2820.9,3839.9,2896.0,3137.8,15,1,3137.7,22,4,3137.6,5,3,3137.5,105,2,3137.4,123,6,3137.9,141,1,3138.1,31,2,3138.8,20,1,3138.9,2,2,3139.0,41,2
2031,2026-06-16 12:56:29+05:30,3137.8,23,3130.35,2228334,132876.0,200725.0,3163.0,3163.0,3108.0,3134.3,31982200,3447.7,2820.9,3839.9,2896.0,3137.8,15,1,3137.7,9,3,3137.6,5,3,3137.5,105,2,3137.4,123,6,3137.9,165,2,3138.1,31,2,3138.8,20,1,3138.9,1,1,3139.0,41,2
2031,2026-06-16 12:56:29+05:30,3137.9,1,3130.35,2228334,132876.0,200725.0,3163.0,3163.0,3108.0,3134.3,31982200,3447.7,2820.9,3839.9,2896.0,3137.8,15,1,3137.7,9,3,3137.6,5,3,3137.5,105,2,3137.4,123,6,3137.9,165,2,3138.1,31,2,3138.8,20,1,3138.9,1,1,3139.0,41,2
2031,2026-06-16 12:56:30+05:30,3138.7,1,3130.39,2238481,133367.0,194183.0,3163.0,3163.0,3108.0,3134.3,31982200,3447.7,2820.9,3839.9,2896.0,3138.7,48,3,3138.6,40,1,3138.5,121,5,3138.4,8,1,3138.3,14,2,3139.8,143,2,3139.9,17,1,3140.0,225,3,3140.1,28,2,3140.2,1,1
2031,2026-06-16 12:56:30+05:30,3138.7,1,3130.39,2238481,133367.0,194183.0,3163.0,3163.0,3108.0,3134.3,31982200,3447.7,2820.9,3839.9,2896.0,3138.7,48,3,3138.6,40,1,3138.5,121,5,3138.4,8,1,3138.3,14,2,3139.8,143,2,3139.9,17,1,3140.0,225,3,3140.1,28,2,3140.2,1,1
2031,2026-06-16 12:56:31+05:30,3138.9,1,3130.39,2239304,133981.0,197130.0,3163.0,3163.0,3108.0,3134.3,31982200,3447.7,2820.9,3839.9,2896.0,3139.2,63,5,3139.1,27,3,3139.0,103,5,3138.9,98,7,3138.8,80,6,3139.7,1,1,3139.8,125,1,3140.0,200,1,3140.2,201,2,3140.3,200,1
2031,2026-06-16 12:56:31+05:30,3139.2,23,3130.39,2239304,133981.0,197130.0,3163.0,3163.0,3108.0,3134.3,31982200,3447.7,2820.9,3839.9,2896.0,3139.2,63,5,3139.1,27,3,3139.0,103,5,3138.9,98,7,3138.8,80,6,3139.7,1,1,3139.8,125,1,3140.0,200,1,3140.2,201,2,3140.3,200,1
2031,2026-06-16 12:56:32+05:30,3140.3,75,3130.4,2240354,135697.0,196225.0,3163.0,3163.0,3108.0,3134.3,31982200,3447.7,2820.9,3839.9,2896.0,3139.7,126,4,3139.6,41,4,3139.5,22,2,3139.4,69,5,3139.3,105,5,3140.4,50,1,3140.8,210,2,3140.9,325,2,3141.0,46,4,3141.2,31,2
2031,2026-06-16 12:56:32+05:30,3140.3,75,3130.4,2240354,135697.0,196225.0,3163.0,3163.0,3108.0,3134.3,31982200,3447.7,2820.9,3839.9,2896.0,3139.7,126,4,3139.6,41,4,3139.5,22,2,3139.4,69,5,3139.3,105,5,3140.4,50,1,3140.8,210,2,3140.9,325,2,3141.0,46,4,3141.2,31,2
2031,2026-06-16 12:56:33+05:30,3139.2,15,3130.4,2240493,134372.0,197198.0,3163.0,3163.0,3108.0,3134.3,31982200,3447.7,2820.9,3839.9,2896.0,3139.2,260,6,3139.1,17,3,3139.0,164,5,3138.9,43,6,3138.8,67,3,3139.6,154,1,3140.4,73,3,3140.6,32,2,3140.8,343,5,3140.9,325,2
2031,2026-06-16 12:56:33+05:30,3139.2,15,3130.4,2240493,134372.0,197198.0,3163.0,3163.0,3108.0,3134.3,31982200,3447.7,2820.9,3839.9,2896.0,3139.2,260,6,3139.1,17,3,3139.0,164,5,3138.9,43,6,3138.8,67,3,3139.6,154,1,3140.4,73,3,3140.6,32,2,3140.8,343,5,3140.9,325,2
2031,2026-06-16 12:56:34+05:30,3139.2,22,3130.4,2240515,134292.0,197485.0,3163.0,3163.0,3108.0,3134.3,31982200,3447.7,2820.9,3839.9,2896.0,3139.2,229,5,3139.1,10,2,3139.0,128,4,3138.9,50,6,3138.8,77,4,3139.6,204,3,3140.4,73,3,3140.6,32,2,3140.8,543,6,3140.9,325,2
2031,2026-06-16 12:56:34+05:30,3139.6,86,3130.4,2240515,134292.0,197485.0,3163.0,3163.0,3108.0,3134.3,31982200,3447.7,2820.9,3839.9,2896.0,3139.2,229,5,3139.1,10,2,3139.0,128,4,3138.9,50,6,3138.8,77,4,3139.6,204,3,3140.4,73,3,3140.6,32,2,3140.8,543,6,3140.9,325,2
2031,2026-06-16 12:56:35+05:30,3139.3,9,3130.4,2241026,135093.0,196809.0,3163.0,3163.0,3108.0,3134.3,31982200,3447.7,2820.9,3839.9,2896.0,3139.4,49,1,3139.3,140,6,3139.2,216,4,3139.1,10,2,3139.0,457,7,3140.6,13,1,3140.7,32,1,3140.8,71,2,3140.9,12,1,3141.0,193,7
2031,2026-06-16 12:56:35+05:30,3139.3,9,3130.4,2241026,135093.0,196809.0,3163.0,3163.0,3108.0,3134.3,31982200,3447.7,2820.9,3839.9,2896.0,3139.4,49,1,3139.3,140,6,3139.2,216,4,3139.1,10,2,3139.0,457,7,3140.6,13,1,3140.7,32,1,3140.8,71,2,3140.9,12,1,3141.0,193,7
2031,2026-06-16 12:56:36+05:30,3140.6,1,3130.4,2241034,135331.0,197150.0,3163.0,3163.0,3108.0,3134.3,31982200,3447.7,2820.9,3839.9,2896.0,3140.0,242,1,3139.4,28,3,3139.3,24,2,3139.2,267,5,3139.1,29,2,3140.4,14,2,3140.5,13,1,3140.6,65,4,3140.7,444,3,3140.8,450,5
2031,2026-06-16 12:56:36+05:30,3140.6,1,3130.4,2241034,135331.0,197150.0,3163.0,3163.0,3108.0,3134.3,31982200,3447.7,2820.9,3839.9,2896.0,3140.0,242,1,3139.4,28,3,3139.3,24,2,3139.2,267,5,3139.1,29,2,3140.4,14,2,3140.5,13,1,3140.6,65,4,3140.7,444,3,3140.8,450,5
2031,2026-06-16 12:56:37+05:30,3140.0,1,3130.4,2241035,135675.0,197186.0,3163.0,3163.0,3108.0,3134.3,31982200,3447.7,2820.9,3839.9,2896.0,3140.0,248,2,3139.7,15,1,3139.5,54,1,3139.4,27,4,3139.3,65,4,3140.7,444,3,3140.8,385,3,3141.0,306,6,3141.1,61,1,3141.2,139,5
2031,2026-06-16 12:56:37+05:30,3140.0,1,3130.4,2241035,135675.0,197186.0,3163.0,3163.0,3108.0,3134.3,31982200,3447.7,2820.9,3839.9,2896.0,3140.0,248,2,3139.7,15,1,3139.5,54,1,3139.4,27,4,3139.3,65,4,3140.7,444,3,3140.8,385,3,3141.0,306,6,3141.1,61,1,3141.2,139,5
2031,2026-06-16 12:56:38+05:30,3140.7,57,3130.4,2241093,135558.0,197226.0,3163.0,3163.0,3108.0,3134.3,31982200,3447.7,2820.9,3839.9,2896.0,3140.0,247,2,3139.7,15,1,3139.5,24,1,3139.4,27,4,3139.3,119,5,3140.7,387,3,3140.8,385,3,3141.0,286,5,3141.1,61,1,3141.2,139,5
2031,2026-06-16 12:56:38+05:30,3140.7,57,3130.4,2241093,135558.0,197226.0,3163.0,3163.0,3108.0,3134.3,31982200,3447.7,2820.9,3839.9,2896.0,3140.0,247,2,3139.7,15,1,3139.5,24,1,3139.4,27,4,3139.3,119,5,3140.7,387,3,3140.8,385,3,3141.0,286,5,3141.1,61,1,3141.2,139,5
2031,2026-06-16 12:56:39+05:30,3140.3,200,3130.4,2241298,135420.0,196709.0,3163.0,3163.0,3108.0,3134.3,31982200,3447.7,2820.9,3839.9,2896.0,3140.3,44,2,3140.2,16,1,3140.0,255,3,3139.9,19,2,3139.8,10,1,3140.7,44,1,3141.0,26,3,3141.2,398,4,3141.3,340,3,3141.4,141,3
2031,2026-06-16 12:56:39+05:30,3140.3,200,3130.4,2241298,135420.0,196709.0,3163.0,3163.0,3108.0,3134.3,31982200,3447.7,2820.9,3839.9,2896.0,3140.3,44,2,3140.2,16,1,3140.0,255,3,3139.9,19,2,3139.8,10,1,3140.7,44,1,3141.0,26,3,3141.2,398,4,3141.3,340,3,3141.4,141,3
2031,2026-06-16 12:56:40+05:30,3140.7,8,3130.4,2241738,135354.0,196965.0,3163.0,3163.0,3108.0,3134.3,31982200,3447.7,2820.9,3839.9,2896.0,3140.3,33,2,3140.0,247,2,3139.9,63,2,3139.8,20,2,3139.7,17,2,3140.7,50,2,3141.0,64,4,3141.2,397,4,3141.3,340,3,3141.4,20,1
2031,2026-06-16 12:56:40+05:30,3140.7,8,3130.4,2241738,135354.0,196965.0,3163.0,3163.0,3108.0,3134.3,31982200,3447.7,2820.9,3839.9,2896.0,3140.3,33,2,3140.0,247,2,3139.9,63,2,3139.8,20,2,3139.7,17,2,3140.7,50,2,3141.0,64,4,3141.2,397,4,3141.3,340,3,3141.4,20,1
2031,2026-06-16 12:56:41+05:30,3140.7,8,3130.4,2241738,135370.0,196997.0,3163.0,3163.0,3108.0,3134.3,31982200,3447.7,2820.9,3839.9,2896.0,3140.3,33,2,3140.0,273,4,3139.9,63,2,3139.8,20,2,3139.7,45,4,3140.7,50,2,3141.0,26,3,3141.2,397,4,3141.3,340,3,3141.4,80,2
2031,2026-06-16 12:56:41+05:30,3140.7,5,3130.4,2241738,135370.0,196997.0,3163.0,3163.0,3108.0,3134.3,31982200,3447.7,2820.9,3839.9,2896.0,3140.3,33,2,3140.0,273,4,3139.9,63,2,3139.8,20,2,3139.7,45,4,3140.7,50,2,3141.0,26,3,3141.2,397,4,3141.3,340,3,3141.4,80,2
2031,2026-06-16 12:56:42+05:30,3141.0,194,3130.41,2242263,135224.0,196737.0,3163.0,3163.0,3108.0,3134.3,31982200,3447.7,2820.9,3839.9,2896.0,3140.4,18,1,3140.3,42,3,3140.2,10,1,3140.1,14,1,3140.0,256,3,3141.0,6,1,3141.1,13,1,3141.2,337,2,3141.3,340,3,3141.4,70,2
2031,2026-06-16 12:56:42+05:30,3141.0,194,3130.41,2242263,135224.0,196737.0,3163.0,3163.0,3108.0,3134.3,31982200,3447.7,2820.9,3839.9,2896.0,3140.4,18,1,3140.3,42,3,3140.2,10,1,3140.1,14,1,3140.0,256,3,3141.0,6,1,3141.1,13,1,3141.2,337,2,3141.3,340,3,3141.4,70,2
2031,2026-06-16 12:56:43+05:30,3140.7,1,3130.41,2242465,134948.0,197098.0,3163.0,3163.0,3108.0,3134.3,31982200,3447.7,2820.9,3839.9,2896.0,3140.3,16,3,3140.2,6,1,3140.0,248,3,3139.9,14,2,3139.8,74,3,3140.7,99,1,3141.0,18,2,3141.2,337,2,3141.3,340,3,3141.4,187,4
2031,2026-06-16 12:56:43+05:30,3140.7,1,3130.41,2242465,134948.0,197098.0,3163.0,3163.0,3108.0,3134.3,31982200,3447.7,2820.9,3839.9,2896.0,3140.3,16,3,3140.2,6,1,3140.0,248,3,3139.9,14,2,3139.8,74,3,3140.7,99,1,3141.0,18,2,3141.2,337,2,3141.3,340,3,3141.4,187,4
2031,2026-06-16 12:56:44+05:30,3140.7,1,3130.41,2242465,135087.0,197134.0,3163.0,3163.0,3108.0,3134.3,31982200,3447.7,2820.9,3839.9,2896.0,3140.3,16,3,3140.2,105,2,3140.0,248,3,3139.9,14,2,3139.8,74,3,3140.7,134,2,3141.0,18,2,3141.2,337,2,3141.3,340,3,3141.4,126,3
2031,2026-06-16 12:56:45+05:30,3140.7,70,3130.41,2242535,135028.0,197159.0,3163.0,3163.0,3108.0,3134.3,31982200,3447.7,2820.9,3839.9,2896.0,3140.3,17,4,3140.2,123,3,3140.0,302,4,3139.9,14,2,3139.8,74,3,3140.7,125,4,3141.0,19,3,3141.2,339,3,3141.3,327,3,3141.4,20,1
2031,2026-06-16 12:56:45+05:30,3140.7,1,3130.41,2242535,135028.0,197159.0,3163.0,3163.0,3108.0,3134.3,31982200,3447.7,2820.9,3839.9,2896.0,3140.3,17,4,3140.2,123,3,3140.0,302,4,3139.9,14,2,3139.8,74,3,3140.7,125,4,3141.0,19,3,3141.2,339,3,3141.3,327,3,3141.4,20,1
2031,2026-06-16 12:56:46+05:30,3140.5,1,3130.41,2242537,135097.0,197085.0,3163.0,3163.0,3108.0,3134.3,31982200,3447.7,2820.9,3839.9,2896.0,3140.5,2,2,3140.3,14,4,3140.2,123,3,3140.1,7,1,3140.0,248,3,3140.7,124,4,3141.0,19,3,3141.1,337,2,3141.2,365,4,3141.3,46,2
2031,2026-06-16 12:56:46+05:30,3141.1,5,3130.41,2242537,135097.0,197085.0,3163.0,3163.0,3108.0,3134.3,31982200,3447.7,2820.9,3839.9,2896.0,3140.5,2,2,3140.3,14,4,3140.2,123,3,3140.1,7,1,3140.0,248,3,3140.7,124,4,3141.0,19,3,3141.1,337,2,3141.2,365,4,3141.3,46,2
2031,2026-06-16 12:56:47+05:30,3141.0,71,3130.41,2242870,135275.0,196545.0,3163.0,3163.0,3108.0,3134.3,31982200,3447.7,2820.9,3839.9,2896.0,3140.5,4,3,3140.4,4,1,3140.3,14,4,3140.2,137,4,3140.1,7,1,3141.0,54,1,3141.1,332,2,3141.2,202,2,3141.3,2,1,3141.4,200,1
2031,2026-06-16 12:56:47+05:30,3141.0,71,3130.41,2242870,135275.0,196545.0,3163.0,3163.0,3108.0,3134.3,31982200,3447.7,2820.9,3839.9,2896.0,3140.5,4,3,3140.4,4,1,3140.3,14,4,3140.2,137,4,3140.1,7,1,3141.0,54,1,3141.1,332,2,3141.2,202,2,3141.3,2,1,3141.4,200,1
2031,2026-06-16 12:56:48+05:30,3140.3,25,3130.41,2243570,134885.0,196751.0,3163.0,3163.0,3108.0,3134.3,31982200,3447.7,2820.9,3839.9,2896.0,3140.3,23,4,3140.2,109,2,3140.0,314,4,3139.9,9,1,3139.8,128,5,3141.0,13,1,3141.1,200,1,3141.2,202,2,3141.3,90,2,3141.5,200,1
2031,2026-06-16 12:56:48+05:30,3140.3,25,3130.41,2243570,134885.0,196751.0,3163.0,3163.0,3108.0,3134.3,31982200,3447.7,2820.9,3839.9,2896.0,3140.3,23,4,3140.2,109,2,3140.0,314,4,3139.9,9,1,3139.8,128,5,3141.0,13,1,3141.1,200,1,3141.2,202,2,3141.3,90,2,3141.5,200,1
2031,2026-06-16 12:56:49+05:30,3140.2,1,3130.41,2243728,133934.0,198024.0,3163.0,3163.0,3108.0,3134.3,31982200,3447.7,2820.9,3839.9,2896.0,3140.0,247,2,3139.8,10,1,3139.7,12,1,3139.5,66,3,3139.4,11,2,3140.2,295,2,3140.3,70,1,3140.9,38,1,3141.1,257,3,3141.2,461,5
2031,2026-06-16 12:56:49+05:30,3140.2,23,3130.41,2243728,133934.0,198024.0,3163.0,3163.0,3108.0,3134.3,31982200,3447.7,2820.9,3839.9,2896.0,3140.0,247,2,3139.8,10,1,3139.7,12,1,3139.5,66,3,3139.4,11,2,3140.2,295,2,3140.3,70,1,3140.9,38,1,3141.1,257,3,3141.2,461,5
2031,2026-06-16 12:56:50+05:30,3140.2,10,3130.41,2243784,134100.0,197398.0,3163.0,3163.0,3108.0,3134.3,31982200,3447.7,2820.9,3839.9,2896.0,3140.0,549,4,3139.9,4,1,3139.8,29,3,3139.7,85,3,3139.5,124,7,3140.2,239,2,3140.3,70,1,3141.1,191,2,3141.2,223,3,3141.3,90,2
2031,2026-06-16 12:56:50+05:30,3140.2,10,3130.41,2243784,134100.0,197398.0,3163.0,3163.0,3108.0,3134.3,31982200,3447.7,2820.9,3839.9,2896.0,3140.0,549,4,3139.9,4,1,3139.8,29,3,3139.7,85,3,3139.5,124,7,3140.2,239,2,3140.3,70,1,3141.1,191,2,3141.2,223,3,3141.3,90,2
2031,2026-06-16 12:56:51+05:30,3140.2,23,3130.41,2243808,133961.0,197554.0,3163.0,3163.0,3108.0,3134.3,31982200,3447.7,2820.9,3839.9,2896.0,3140.0,378,4,3139.9,4,1,3139.8,29,3,3139.7,103,3,3139.6,14,1,3140.2,215,2,3140.3,70,1,3141.1,191,2,3141.2,223,3,3141.3,90,2
2031,2026-06-16 12:56:51+05:30,3140.2,23,3130.41,2243808,133961.0,197554.0,3163.0,3163.0,3108.0,3134.3,31982200,3447.7,2820.9,3839.9,2896.0,3140.0,378,4,3139.9,4,1,3139.8,29,3,3139.7,103,3,3139.6,14,1,3140.2,215,2,3140.3,70,1,3141.1,191,2,3141.2,223,3,3141.3,90,2
2031,2026-06-16 12:56:52+05:30,3140.2,19,3130.41,2243842,133952.0,197024.0,3163.0,3163.0,3108.0,3134.3,31982200,3447.7,2820.9,3839.9,2896.0,3140.0,402,6,3139.9,4,1,3139.8,15,2,3139.7,97,3,3139.6,24,2,3140.2,181,1,3140.3,70,1,3141.1,191,2,3141.2,223,3,3141.3,90,2
2031,2026-06-16 12:56:52+05:30,3140.2,19,3130.41,2243842,133952.0,197024.0,3163.0,3163.0,3108.0,3134.3,31982200,3447.7,2820.9,3839.9,2896.0,3140.0,402,6,3139.9,4,1,3139.8,15,2,3139.7,97,3,3139.6,24,2,3140.2,181,1,3140.3,70,1,3141.1,191,2,3141.2,223,3,3141.3,90,2
2031,2026-06-16 12:56:53+05:30,3140.2,26,3130.41,2244090,134135.0,196060.0,3163.0,3163.0,3108.0,3134.3,31982200,3447.7,2820.9,3839.9,2896.0,3140.2,17,1,3140.0,380,5,3139.9,32,3,3139.8,49,4,3139.7,36,2,3140.3,70,1,3141.1,191,2,3141.2,223,3,3141.3,90,2,3141.4,82,2
2031,2026-06-16 12:56:53+05:30,3140.2,26,3130.41,2244090,134135.0,196060.0,3163.0,3163.0,3108.0,3134.3,31982200,3447.7,2820.9,3839.9,2896.0,3140.2,17,1,3140.0,380,5,3139.9,32,3,3139.8,49,4,3139.7,36,2,3140.3,70,1,3141.1,191,2,3141.2,223,3,3141.3,90,2,3141.4,82,2
2031,2026-06-16 12:56:54+05:30,3140.3,23,3130.41,2244136,134193.0,196053.0,3163.0,3163.0,3108.0,3134.3,31982200,3447.7,2820.9,3839.9,2896.0,3140.2,38,1,3140.0,408,7,3139.9,4,1,3139.8,63,5,3139.7,36,2,3140.3,24,1,3141.1,191,2,3141.2,223,3,3141.3,90,2,3141.4,21,1
2031,2026-06-16 12:56:54+05:30,3140.3,23,3130.41,2244136,134193.0,196053.0,3163.0,3163.0,3108.0,3134.3,31982200,3447.7,2820.9,3839.9,2896.0,3140.2,38,1,3140.0,408,7,3139.9,4,1,3139.8,63,5,3139.7,36,2,3140.3,24,1,3141.1,191,2,3141.2,223,3,3141.3,90,2,3141.4,21,1
2031,2026-06-16 12:56:55+05:30,3141.1,23,3130.41,2244136,134193.0,196053.0,3163.0,3163.0,3108.0,3134.3,31982200,3447.7,2820.9,3839.9,2896.0,3140.2,38,1,3140.0,408,7,3139.9,4,1,3139.8,63,5,3139.7,36,2,3140.3,24,1,3141.1,191,2,3141.2,223,3,3141.3,90,2,3141.4,21,1
2031,2026-06-16 12:56:55+05:30,3141.1,23,3130.41,2244188,134657.0,196046.0,3163.0,3163.0,3108.0,3134.3,31982200,3447.7,2820.9,3839.9,2896.0,3140.3,8,1,3140.2,48,4,3140.0,643,13,3139.9,53,2,3139.8,67,5,3141.1,168,2,3141.2,202,2,3141.3,90,2,3141.5,200,1,3141.6,21,1
2031,2026-06-16 12:56:56+05:30,3141.1,23,3130.41,2244384,134755.0,195986.0,3163.0,3163.0,3108.0,3134.3,31982200,3447.7,2820.9,3839.9,2896.0,3140.4,38,1,3140.3,123,8,3140.2,127,6,3140.1,23,2,3140.0,688,11,3141.1,178,2,3141.2,200,2,3141.3,90,2,3141.5,200,1,3141.6,21,1
2031,2026-06-16 12:56:56+05:30,3141.1,23,3130.41,2244384,134755.0,195986.0,3163.0,3163.0,3108.0,3134.3,31982200,3447.7,2820.9,3839.9,2896.0,3140.4,38,1,3140.3,123,8,3140.2,127,6,3140.1,23,2,3140.0,688,11,3141.1,178,2,3141.2,200,2,3141.3,90,2,3141.5,200,1,3141.6,21,1
2031,2026-06-16 12:56:57+05:30,3141.1,23,3130.42,2244407,134855.0,195921.0,3163.0,3163.0,3108.0,3134.3,31982200,3447.7,2820.9,3839.9,2896.0,3140.4,38,1,3140.3,123,8,3140.2,227,7,3140.1,23,2,3140.0,688,11,3141.1,155,2,3141.2,200,2,3141.3,90,2,3141.5,200,1,3141.6,21,1
2031,2026-06-16 12:56:57+05:30,3141.1,23,3130.42,2244407,134855.0,195921.0,3163.0,3163.0,3108.0,3134.3,31982200,3447.7,2820.9,3839.9,2896.0,3140.4,38,1,3140.3,123,8,3140.2,227,7,3140.1,23,2,3140.0,688,11,3141.1,155,2,3141.2,200,2,3141.3,90,2,3141.5,200,1,3141.6,21,1
2031,2026-06-16 12:56:58+05:30,3141.1,8,3130.42,2244438,135123.0,195983.0,3163.0,3163.0,3108.0,3134.3,31982200,3447.7,2820.9,3839.9,2896.0,3140.5,96,7,3140.4,114,4,3140.3,110,7,3140.2,166,6,3140.1,27,2,3141.1,124,2,3141.2,200,2,3141.3,90,2,3141.5,200,1,3141.6,21,1
2031,2026-06-16 12:56:58+05:30,3141.1,8,3130.42,2244438,135123.0,195983.0,3163.0,3163.0,3108.0,3134.3,31982200,3447.7,2820.9,3839.9,2896.0,3140.5,96,7,3140.4,114,4,3140.3,110,7,3140.2,166,6,3140.1,27,2,3141.1,124,2,3141.2,200,2,3141.3,90,2,3141.5,200,1,3141.6,21,1
2031,2026-06-16 12:56:59+05:30,3141.2,1,3130.42,2244761,134950.0,196121.0,3163.0,3163.0,3108.0,3134.3,31982200,3447.7,2820.9,3839.9,2896.0,3140.5,98,8,3140.4,66,3,3140.3,82,4,3140.2,298,9,3140.1,27,2,3141.1,200,1,3141.2,201,2,3141.3,90,2,3141.5,200,1,3141.8,21,1
2031,2026-06-16 12:56:59+05:30,3141.2,1,3130.42,2244761,134950.0,196121.0,3163.0,3163.0,3108.0,3134.3,31982200,3447.7,2820.9,3839.9,2896.0,3140.5,98,8,3140.4,66,3,3140.3,82,4,3140.2,298,9,3140.1,27,2,3141.1,200,1,3141.2,201,2,3141.3,90,2,3141.5,200,1,3141.8,21,1
2031,2026-06-16 12:57:00+05:30,3140.5,13,3130.42,2245011,134756.0,196034.0,3163.0,3163.0,3108.0,3134.3,31982200,3447.7,2820.9,3839.9,2896.0,3140.5,15,5,3140.4,73,3,3140.3,42,1,3140.2,149,5,3140.1,101,4,3141.1,151,2,3141.2,201,2,3141.3,90,2,3141.5,200,1,3141.8,21,1
2031,2026-06-16 12:57:00+05:30,3140.5,13,3130.42,2245011,134756.0,196034.0,3163.0,3163.0,3108.0,3134.3,31982200,3447.7,2820.9,3839.9,2896.0,3140.5,15,5,3140.4,73,3,3140.3,42,1,3140.2,149,5,3140.1,101,4,3141.1,151,2,3141.2,201,2,3141.3,90,2,3141.5,200,1,3141.8,21,1
2031,2026-06-16 12:57:01+05:30,3140.7,1,3130.42,2245516,134035.0,195997.0,3163.0,3163.0,3108.0,3134.3,31982200,3447.7,2820.9,3839.9,2896.0,3140.4,17,1,3140.2,66,4,3140.1,15,2,3140.0,593,8,3139.9,18,2,3140.7,95,1,3141.1,154,4,3141.2,201,2,3141.3,90,2,3141.4,22,1
2031,2026-06-16 12:57:01+05:30,3140.7,1,3130.42,2245516,134035.0,195997.0,3163.0,3163.0,3108.0,3134.3,31982200,3447.7,2820.9,3839.9,2896.0,3140.4,17,1,3140.2,66,4,3140.1,15,2,3140.0,593,8,3139.9,18,2,3140.7,95,1,3141.1,154,4,3141.2,201,2,3141.3,90,2,3141.4,22,1
2031,2026-06-16 12:57:02+05:30,3140.4,57,3130.42,2245611,133957.0,195655.0,3163.0,3163.0,3108.0,3134.3,31982200,3447.7,2820.9,3839.9,2896.0,3140.4,17,1,3140.2,80,5,3140.1,11,2,3140.0,665,10,3139.9,18,2,3140.7,1,1,3141.1,153,3,3141.2,201,2,3141.3,90,2,3141.4,22,1
2031,2026-06-16 12:57:02+05:30,3140.7,1,3130.42,2245611,133957.0,195655.0,3163.0,3163.0,3108.0,3134.3,31982200,3447.7,2820.9,3839.9,2896.0,3140.4,17,1,3140.2,80,5,3140.1,11,2,3140.0,665,10,3139.9,18,2,3140.7,1,1,3141.1,153,3,3141.2,201,2,3141.3,90,2,3141.4,22,1
2031,2026-06-16 12:57:03+05:30,3140.7,1,3130.42,2245612,133879.0,196180.0,3163.0,3163.0,3108.0,3134.3,31982200,3447.7,2820.9,3839.9,2896.0,3140.4,17,1,3140.3,39,4,3140.2,75,4,3140.1,1,1,3140.0,625,10,3141.1,153,3,3141.2,201,2,3141.3,90,2,3141.5,200,1,3141.6,71,2
2031,2026-06-16 12:57:04+05:30,3141.1,55,3130.42,2245668,134100.0,196006.0,3163.0,3163.0,3108.0,3134.3,31982200,3447.7,2820.9,3839.9,2896.0,3140.4,17,1,3140.3,39,4,3140.2,62,4,3140.1,65,2,3140.0,615,9,3141.1,98,3,3141.2,201,2,3141.3,90,2,3141.5,200,1,3141.6,71,2
2031,2026-06-16 12:57:04+05:30,3141.1,55,3130.42,2245668,134100.0,196006.0,3163.0,3163.0,3108.0,3134.3,31982200,3447.7,2820.9,3839.9,2896.0,3140.4,17,1,3140.3,39,4,3140.2,62,4,3140.1,65,2,3140.0,615,9,3141.1,98,3,3141.2,201,2,3141.3,90,2,3141.5,200,1,3141.6,71,2
2031,2026-06-16 12:57:05+05:30,3141.1,50,3130.42,2245733,133999.0,196045.0,3163.0,3163.0,3108.0,3134.3,31982200,3447.7,2820.9,3839.9,2896.0,3140.4,2,1,3140.3,25,3,3140.2,52,3,3140.1,1,1,3140.0,625,10,3141.1,48,3,3141.2,201,2,3141.3,90,2,3141.5,200,1,3141.6,71,2
2031,2026-06-16 12:57:05+05:30,3141.1,50,3130.42,2245733,133999.0,196045.0,3163.0,3163.0,3108.0,3134.3,31982200,3447.7,2820.9,3839.9,2896.0,3140.4,2,1,3140.3,25,3,3140.2,52,3,3140.1,1,1,3140.0,625,10,3141.1,48,3,3141.2,201,2,3141.3,90,2,3141.5,200,1,3141.6,71,2
2031,2026-06-16 12:57:06+05:30,3140.4,2,3130.42,2245735,134067.0,196179.0,3163.0,3163.0,3108.0,3134.3,31982200,3447.7,2820.9,3839.9,2896.0,3140.4,17,1,3140.3,11,2,3140.2,46,2,3140.1,1,1,3140.0,541,6,3141.1,110,5,3141.2,201,2,3141.3,90,2,3141.5,200,1,3141.6,71,2
2031,2026-06-16 12:57:06+05:30,3141.1,2,3130.42,2245735,134067.0,196179.0,3163.0,3163.0,3108.0,3134.3,31982200,3447.7,2820.9,3839.9,2896.0,3140.4,17,1,3140.3,11,2,3140.2,46,2,3140.1,1,1,3140.0,541,6,3141.1,110,5,3141.2,201,2,3141.3,90,2,3141.5,200,1,3141.6,71,2
2031,2026-06-16 12:57:06+05:30,3141.1,2,3130.42,2245735,134067.0,196179.0,3163.0,3163.0,3108.0,3134.3,31982200,3447.7,2820.9,3839.9,2896.0,3140.4,17,1,3140.3,11,2,3140.2,46,2,3140.1,1,1,3140.0,541,6,3141.1,110,5,3141.2,201,2,3141.3,90,2,3141.5,200,1,3141.6,71,2
2031,2026-06-16 12:57:07+05:30,3140.4,30,3130.42,2245770,133986.0,196480.0,3163.0,3163.0,3108.0,3134.3,31982200,3447.7,2820.9,3839.9,2896.0,3140.4,17,1,3140.3,1,1,3140.2,40,1,3140.1,1,1,3140.0,538,5,3141.1,108,5,3141.2,201,2,3141.3,90,2,3141.5,299,3,3141.6,71,2
2031,2026-06-16 12:57:07+05:30,3140.4,30,3130.42,2245770,133986.0,196480.0,3163.0,3163.0,3108.0,3134.3,31982200,3447.7,2820.9,3839.9,2896.0,3140.4,17,1,3140.3,1,1,3140.2,40,1,3140.1,1,1,3140.0,538,5,3141.1,108,5,3141.2,201,2,3141.3,90,2,3141.5,299,3,3141.6,71,2
2031,2026-06-16 12:57:08+05:30,3141.0,10,3130.42,2245799,133987.0,196671.0,3163.0,3163.0,3108.0,3134.3,31982200,3447.7,2820.9,3839.9,2896.0,3140.4,1,1,3140.3,1,1,3140.2,40,1,3140.1,1,1,3140.0,538,5,3140.7,1,1,3141.0,140,1,3141.1,248,6,3141.2,201,2,3141.3,139,3
2031,2026-06-16 12:57:08+05:30,3141.0,10,3130.42,2245799,133987.0,196671.0,3163.0,3163.0,3108.0,3134.3,31982200,3447.7,2820.9,3839.9,2896.0,3140.4,1,1,3140.3,1,1,3140.2,40,1,3140.1,1,1,3140.0,538,5,3140.7,1,1,3141.0,140,1,3141.1,248,6,3141.2,201,2,3141.3,139,3
2031,2026-06-16 12:57:08+05:30,3141.0,10,3130.42,2245799,133987.0,196671.0,3163.0,3163.0,3108.0,3134.3,31982200,3447.7,2820.9,3839.9,2896.0,3140.4,1,1,3140.3,1,1,3140.2,40,1,3140.1,1,1,3140.0,538,5,3140.7,1,1,3141.0,140,1,3141.1,248,6,3141.2,201,2,3141.3,139,3
2031,2026-06-16 12:57:09+05:30,3141.0,46,3130.42,2245846,134042.0,196810.0,3163.0,3163.0,3108.0,3134.3,31982200,3447.7,2820.9,3839.9,2896.0,3140.4,19,2,3140.3,1,1,3140.2,40,1,3140.1,1,1,3140.0,538,5,3141.0,136,2,3141.1,406,6,3141.2,89,2,3141.3,2,1,3141.4,200,1
2031,2026-06-16 12:57:09+05:30,3140.4,6,3130.42,2245846,134042.0,196810.0,3163.0,3163.0,3108.0,3134.3,31982200,3447.7,2820.9,3839.9,2896.0,3140.4,19,2,3140.3,1,1,3140.2,40,1,3140.1,1,1,3140.0,538,5,3141.0,136,2,3141.1,406,6,3141.2,89,2,3141.3,2,1,3141.4,200,1
2031,2026-06-16 12:57:10+05:30,3141.0,20,3130.42,2245966,134119.0,196854.0,3163.0,3163.0,3108.0,3134.3,31982200,3447.7,2820.9,3839.9,2896.0,3140.4,12,1,3140.3,1,1,3140.2,42,2,3140.1,1,1,3140.0,552,6,3141.0,142,3,3141.1,378,4,3141.2,89,2,3141.3,2,1,3141.4,200,1
2031,2026-06-16 12:57:10+05:30,3141.0,20,3130.42,2245966,134119.0,196854.0,3163.0,3163.0,3108.0,3134.3,31982200,3447.7,2820.9,3839.9,2896.0,3140.4,12,1,3140.3,1,1,3140.2,42,2,3140.1,1,1,3140.0,552,6,3141.0,142,3,3141.1,378,4,3141.2,89,2,3141.3,2,1,3141.4,200,1
2031,2026-06-16 12:57:10+05:30,3141.0,20,3130.42,2245966,134119.0,196854.0,3163.0,3163.0,3108.0,3134.3,31982200,3447.7,2820.9,3839.9,2896.0,3140.4,12,1,3140.3,1,1,3140.2,42,2,3140.1,1,1,3140.0,552,6,3141.0,142,3,3141.1,378,4,3141.2,89,2,3141.3,2,1,3141.4,200,1
2031,2026-06-16 12:57:11+05:30,3140.4,20,3130.42,2245986,134130.0,196803.0,3163.0,3163.0,3108.0,3134.3,31982200,3447.7,2820.9,3839.9,2896.0,3140.4,18,1,3140.3,1,1,3140.2,42,2,3140.1,1,1,3140.0,538,5,3141.0,142,3,3141.1,378,4,3141.2,89,2,3141.3,2,1,3141.4,200,1
2031,2026-06-16 12:57:11+05:30,3140.4,20,3130.42,2245986,134130.0,196803.0,3163.0,3163.0,3108.0,3134.3,31982200,3447.7,2820.9,3839.9,2896.0,3140.4,18,1,3140.3,1,1,3140.2,42,2,3140.1,1,1,3140.0,538,5,3141.0,142,3,3141.1,378,4,3141.2,89,2,3141.3,2,1,3141.4,200,1
2031,2026-06-16 12:57:12+05:30,3141.0,1,3130.42,2245989,134120.0,196914.0,3163.0,3163.0,3108.0,3134.3,31982200,3447.7,2820.9,3839.9,2896.0,3140.4,18,2,3140.3,1,1,3140.2,42,2,3140.1,1,1,3140.0,538,5,3141.0,141,3,3141.1,379,5,3141.2,89,2,3141.3,2,1,3141.4,200,1
2031,2026-06-16 12:57:12+05:30,3140.4,16,3130.42,2245989,134120.0,196914.0,3163.0,3163.0,3108.0,3134.3,31982200,3447.7,2820.9,3839.9,2896.0,3140.4,18,2,3140.3,1,1,3140.2,42,2,3140.1,1,1,3140.0,538,5,3141.0,141,3,3141.1,379,5,3141.2,89,2,3141.3,2,1,3141.4,200,1
2031,2026-06-16 12:57:12+05:30,3140.4,16,3130.42,2245989,134120.0,196914.0,3163.0,3163.0,3108.0,3134.3,31982200,3447.7,2820.9,3839.9,2896.0,3140.4,18,2,3140.3,1,1,3140.2,42,2,3140.1,1,1,3140.0,538,5,3141.0,141,3,3141.1,379,5,3141.2,89,2,3141.3,2,1,3141.4,200,1
2031,2026-06-16 12:57:13+05:30,3140.6,1,3130.42,2246089,133695.0,197044.0,3163.0,3163.0,3108.0,3134.3,31982200,3447.7,2820.9,3839.9,2896.0,3140.4,1,1,3140.3,1,1,3140.2,40,1,3140.0,536,4,3139.6,33,2,3140.6,199,1,3140.9,30,1,3141.0,232,5,3141.1,417,6,3141.2,190,4
2031,2026-06-16 12:57:13+05:30,3140.6,1,3130.42,2246089,133695.0,197044.0,3163.0,3163.0,3108.0,3134.3,31982200,3447.7,2820.9,3839.9,2896.0,3140.4,1,1,3140.3,1,1,3140.2,40,1,3140.0,536,4,3139.6,33,2,3140.6,199,1,3140.9,30,1,3141.0,232,5,3141.1,417,6,3141.2,190,4
2031,2026-06-16 12:57:14+05:30,3140.2,10,3130.42,2246102,133563.0,197225.0,3163.0,3163.0,3108.0,3134.3,31982200,3447.7,2820.9,3839.9,2896.0,3140.2,30,1,3140.0,536,4,3139.6,33,2,3139.5,128,7,3139.4,75,3,3140.6,225,2,3140.9,30,1,3141.0,305,4,3141.1,417,6,3141.2,190,4
2031,2026-06-16 12:57:14+05:30,3140.2,10,3130.42,2246102,133563.0,197225.0,3163.0,3163.0,3108.0,3134.3,31982200,3447.7,2820.9,3839.9,2896.0,3140.2,30,1,3140.0,536,4,3139.6,33,2,3139.5,128,7,3139.4,75,3,3140.6,225,2,3140.9,30,1,3141.0,305,4,3141.1,417,6,3141.2,190,4
2031,2026-06-16 12:57:14+05:30,3140.2,10,3130.42,2246102,133563.0,197225.0,3163.0,3163.0,3108.0,3134.3,31982200,3447.7,2820.9,3839.9,2896.0,3140.2,30,1,3140.0,536,4,3139.6,33,2,3139.5,128,7,3139.4,75,3,3140.6,225,2,3140.9,30,1,3141.0,305,4,3141.1,417,6,3141.2,190,4
2031,2026-06-16 12:57:15+05:30,3140.6,1,3130.42,2246103,133714.0,197131.0,3163.0,3163.0,3108.0,3134.3,31982200,3447.7,2820.9,3839.9,2896.0,3140.2,77,8,3140.1,7,1,3140.0,577,8,3139.9,72,3,3139.8,80,3,3140.6,224,2,3141.0,305,4,3141.1,379,5,3141.2,89,2,3141.3,2,1
2031,2026-06-16 12:57:15+05:30,3140.6,1,3130.42,2246103,133714.0,197131.0,3163.0,3163.0,3108.0,3134.3,31982200,3447.7,2820.9,3839.9,2896.0,3140.2,77,8,3140.1,7,1,3140.0,577,8,3139.9,72,3,3139.8,80,3,3140.6,224,2,3141.0,305,4,3141.1,379,5,3141.2,89,2,3141.3,2,1
2031,2026-06-16 12:57:16+05:30,3140.6,1,3130.42,2246103,133714.0,197131.0,3163.0,3163.0,3108.0,3134.3,31982200,3447.7,2820.9,3839.9,2896.0,3140.2,77,8,3140.1,7,1,3140.0,577,8,3139.9,72,3,3139.8,80,3,3140.6,224,2,3141.0,305,4,3141.1,379,5,3141.2,89,2,3141.3,2,1
2031,2026-06-16 12:57:16+05:30,3140.6,110,3130.42,2246213,133712.0,197131.0,3163.0,3163.0,3108.0,3134.3,31982200,3447.7,2820.9,3839.9,2896.0,3140.4,9,4,3140.3,4,1,3140.2,77,8,3140.1,7,1,3140.0,577,8,3140.6,114,2,3141.0,305,4,3141.1,379,5,3141.2,89,2,3141.3,2,1
2031,2026-06-16 12:57:16+05:30,3140.6,110,3130.42,2246213,133712.0,197131.0,3163.0,3163.0,3108.0,3134.3,31982200,3447.7,2820.9,3839.9,2896.0,3140.4,9,4,3140.3,4,1,3140.2,77,8,3140.1,7,1,3140.0,577,8,3140.6,114,2,3141.0,305,4,3141.1,379,5,3141.2,89,2,3141.3,2,1
2031,2026-06-16 12:57:17+05:30,3140.4,1,3130.42,2246224,133945.0,197107.0,3163.0,3163.0,3108.0,3134.3,31982200,3447.7,2820.9,3839.9,2896.0,3140.4,8,4,3140.3,4,1,3140.2,83,8,3140.1,7,1,3140.0,635,9,3140.6,113,2,3141.0,305,4,3141.1,342,4,3141.2,89,2,3141.3,2,1
2031,2026-06-16 12:57:17+05:30,3140.4,1,3130.42,2246224,133945.0,197107.0,3163.0,3163.0,3108.0,3134.3,31982200,3447.7,2820.9,3839.9,2896.0,3140.4,8,4,3140.3,4,1,3140.2,83,8,3140.1,7,1,3140.0,635,9,3140.6,113,2,3141.0,305,4,3141.1,342,4,3141.2,89,2,3141.3,2,1
2031,2026-06-16 12:57:17+05:30,3140.4,1,3130.42,2246224,133945.0,197107.0,3163.0,3163.0,3108.0,3134.3,31982200,3447.7,2820.9,3839.9,2896.0,3140.4,8,4,3140.3,4,1,3140.2,83,8,3140.1,7,1,3140.0,635,9,3140.6,113,2,3141.0,305,4,3141.1,342,4,3141.2,89,2,3141.3,2,1
2031,2026-06-16 12:57:18+05:30,3140.4,10,3130.42,2246317,133812.0,196811.0,3163.0,3163.0,3108.0,3134.3,31982200,3447.7,2820.9,3839.9,2896.0,3140.4,5,1,3140.2,37,4,3140.1,7,1,3140.0,620,8,3139.9,93,4,3140.6,26,1,3140.7,87,1,3141.0,263,3,3141.1,143,3,3141.2,201,2
2031,2026-06-16 12:57:18+05:30,3140.4,10,3130.42,2246317,133812.0,196811.0,3163.0,3163.0,3108.0,3134.3,31982200,3447.7,2820.9,3839.9,2896.0,3140.4,5,1,3140.2,37,4,3140.1,7,1,3140.0,620,8,3139.9,93,4,3140.6,26,1,3140.7,87,1,3141.0,263,3,3141.1,143,3,3141.2,201,2
2031,2026-06-16 12:57:18+05:30,3140.4,10,3130.42,2246317,133812.0,196811.0,3163.0,3163.0,3108.0,3134.3,31982200,3447.7,2820.9,3839.9,2896.0,3140.4,5,1,3140.2,37,4,3140.1,7,1,3140.0,620,8,3139.9,93,4,3140.6,26,1,3140.7,87,1,3141.0,263,3,3141.1,143,3,3141.2,201,2
2031,2026-06-16 12:57:19+05:30,3140.4,10,3130.42,2246317,133812.0,196811.0,3163.0,3163.0,3108.0,3134.3,31982200,3447.7,2820.9,3839.9,2896.0,3140.4,5,1,3140.2,37,4,3140.1,7,1,3140.0,620,8,3139.9,93,4,3140.6,26,1,3140.7,87,1,3141.0,263,3,3141.1,143,3,3141.2,201,2
2031,2026-06-16 12:57:19+05:30,3140.4,10,3130.42,2246317,133838.0,196781.0,3163.0,3163.0,3108.0,3134.3,31982200,3447.7,2820.9,3839.9,2896.0,3140.4,5,1,3140.2,37,4,3140.1,7,1,3140.0,620,8,3139.9,93,4,3140.6,26,1,3140.7,87,1,3141.0,263,3,3141.1,143,3,3141.2,201,2
2031,2026-06-16 12:57:19+05:30,3140.4,10,3130.42,2246317,133838.0,196781.0,3163.0,3163.0,3108.0,3134.3,31982200,3447.7,2820.9,3839.9,2896.0,3140.4,5,1,3140.2,37,4,3140.1,7,1,3140.0,620,8,3139.9,93,4,3140.6,26,1,3140.7,87,1,3141.0,263,3,3141.1,143,3,3141.2,201,2
2031,2026-06-16 12:57:20+05:30,3140.4,10,3130.42,2246317,133838.0,196781.0,3163.0,3163.0,3108.0,3134.3,31982200,3447.7,2820.9,3839.9,2896.0,3140.4,5,1,3140.2,37,4,3140.1,7,1,3140.0,620,8,3139.9,93,4,3140.6,26,1,3140.7,87,1,3141.0,263,3,3141.1,143,3,3141.2,201,2
2031,2026-06-16 12:57:20+05:30,3140.6,1,3130.42,2246317,133838.0,196781.0,3163.0,3163.0,3108.0,3134.3,31982200,3447.7,2820.9,3839.9,2896.0,3140.4,5,1,3140.2,37,4,3140.1,7,1,3140.0,620,8,3139.9,93,4,3140.6,26,1,3140.7,87,1,3141.0,263,3,3141.1,143,3,3141.2,201,2
2031,2026-06-16 12:57:20+05:30,3140.6,1,3130.42,2246318,133916.0,196797.0,3163.0,3163.0,3108.0,3134.3,31982200,3447.7,2820.9,3839.9,2896.0,3140.4,5,1,3140.2,71,6,3140.1,7,1,3140.0,635,9,3139.9,93,4,3140.6,40,2,3140.7,87,1,3141.0,263,3,3141.1,143,3,3141.2,201,2
2031,2026-06-16 12:57:20+05:30,3140.6,1,3130.42,2246318,133916.0,196797.0,3163.0,3163.0,3108.0,3134.3,31982200,3447.7,2820.9,3839.9,2896.0,3140.4,5,1,3140.2,71,6,3140.1,7,1,3140.0,635,9,3139.9,93,4,3140.6,40,2,3140.7,87,1,3141.0,263,3,3141.1,143,3,3141.2,201,2
2031,2026-06-16 12:57:21+05:30,3140.6,13,3130.42,2246318,133916.0,196797.0,3163.0,3163.0,3108.0,3134.3,31982200,3447.7,2820.9,3839.9,2896.0,3140.4,5,1,3140.2,71,6,3140.1,7,1,3140.0,635,9,3139.9,93,4,3140.6,40,2,3140.7,87,1,3141.0,263,3,3141.1,143,3,3141.2,201,2
2031,2026-06-16 12:57:21+05:30,3140.6,13,3130.42,2246331,133719.0,196565.0,3163.0,3163.0,3108.0,3134.3,31982200,3447.7,2820.9,3839.9,2896.0,3140.4,5,1,3140.2,87,7,3140.1,7,1,3140.0,635,9,3139.9,88,4,3140.6,29,3,3140.7,87,1,3141.0,263,3,3141.1,143,3,3141.2,201,2
2031,2026-06-16 12:57:21+05:30,3140.6,13,3130.42,2246331,133719.0,196565.0,3163.0,3163.0,3108.0,3134.3,31982200,3447.7,2820.9,3839.9,2896.0,3140.4,5,1,3140.2,87,7,3140.1,7,1,3140.0,635,9,3139.9,88,4,3140.6,29,3,3140.7,87,1,3141.0,263,3,3141.1,143,3,3141.2,201,2
2031,2026-06-16 12:57:22+05:30,3140.6,28,3130.42,2246331,133719.0,196565.0,3163.0,3163.0,3108.0,3134.3,31982200,3447.7,2820.9,3839.9,2896.0,3140.4,5,1,3140.2,87,7,3140.1,7,1,3140.0,635,9,3139.9,88,4,3140.6,29,3,3140.7,87,1,3141.0,263,3,3141.1,143,3,3141.2,201,2
2031,2026-06-16 12:57:22+05:30,3140.6,28,3130.42,2246331,133719.0,196565.0,3163.0,3163.0,3108.0,3134.3,31982200,3447.7,2820.9,3839.9,2896.0,3140.4,5,1,3140.2,87,7,3140.1,7,1,3140.0,635,9,3139.9,88,4,3140.6,29,3,3140.7,87,1,3141.0,263,3,3141.1,143,3,3141.2,201,2
2031,2026-06-16 12:57:22+05:30,3140.7,1,3130.42,2246397,134209.0,196779.0,3163.0,3163.0,3108.0,3134.3,31982200,3447.7,2820.9,3839.9,2896.0,3140.6,436,1,3140.5,46,3,3140.4,8,2,3140.2,110,7,3140.1,31,3,3140.7,86,1,3141.0,264,4,3141.1,143,3,3141.2,201,2,3141.3,90,2
2031,2026-06-16 12:57:23+05:30,3140.7,1,3130.42,2246397,134209.0,196779.0,3163.0,3163.0,3108.0,3134.3,31982200,3447.7,2820.9,3839.9,2896.0,3140.6,436,1,3140.5,46,3,3140.4,8,2,3140.2,110,7,3140.1,31,3,3140.7,86,1,3141.0,264,4,3141.1,143,3,3141.2,201,2,3141.3,90,2
2031,2026-06-16 12:57:23+05:30,3140.7,17,3130.42,2246397,134209.0,196779.0,3163.0,3163.0,3108.0,3134.3,31982200,3447.7,2820.9,3839.9,2896.0,3140.6,436,1,3140.5,46,3,3140.4,8,2,3140.2,110,7,3140.1,31,3,3140.7,86,1,3141.0,264,4,3141.1,143,3,3141.2,201,2,3141.3,90,2
2031,2026-06-16 12:57:23+05:30,3141.0,1,3130.43,2246764,135279.0,196155.0,3163.0,3163.0,3108.0,3134.3,31982200,3447.7,2820.9,3839.9,2896.0,3140.7,98,5,3140.6,463,4,3140.5,62,5,3140.4,40,5,3140.3,200,1,3141.1,101,2,3141.2,1,1,3141.3,2,1,3142.0,1641,17,3142.1,94,3
2031,2026-06-16 12:57:24+05:30,3141.0,1,3130.43,2246764,135279.0,196155.0,3163.0,3163.0,3108.0,3134.3,31982200,3447.7,2820.9,3839.9,2896.0,3140.7,98,5,3140.6,463,4,3140.5,62,5,3140.4,40,5,3140.3,200,1,3141.1,101,2,3141.2,1,1,3141.3,2,1,3142.0,1641,17,3142.1,94,3
2031,2026-06-16 12:57:24+05:30,3141.0,1,3130.43,2246764,135279.0,196155.0,3163.0,3163.0,3108.0,3134.3,31982200,3447.7,2820.9,3839.9,2896.0,3140.7,98,5,3140.6,463,4,3140.5,62,5,3140.4,40,5,3140.3,200,1,3141.1,101,2,3141.2,1,1,3141.3,2,1,3142.0,1641,17,3142.1,94,3
2031,2026-06-16 12:57:24+05:30,3141.0,1,3130.43,2246764,135210.0,196191.0,3163.0,3163.0,3108.0,3134.3,31982200,3447.7,2820.9,3839.9,2896.0,3140.9,2,1,3140.7,114,6,3140.6,463,4,3140.5,44,4,3140.4,254,7,3141.0,11,2,3141.1,101,2,3141.2,1,1,3141.3,2,1,3142.0,1641,17
2031,2026-06-16 12:57:24+05:30,3141.0,1,3130.43,2246764,135210.0,196191.0,3163.0,3163.0,3108.0,3134.3,31982200,3447.7,2820.9,3839.9,2896.0,3140.9,2,1,3140.7,114,6,3140.6,463,4,3140.5,44,4,3140.4,254,7,3141.0,11,2,3141.1,101,2,3141.2,1,1,3141.3,2,1,3142.0,1641,17
2031,2026-06-16 12:57:25+05:30,3140.7,142,3130.43,2246764,135210.0,196191.0,3163.0,3163.0,3108.0,3134.3,31982200,3447.7,2820.9,3839.9,2896.0,3140.9,2,1,3140.7,114,6,3140.6,463,4,3140.5,44,4,3140.4,254,7,3141.0,11,2,3141.1,101,2,3141.2,1,1,3141.3,2,1,3142.0,1641,17
2031,2026-06-16 12:57:25+05:30,3140.6,21,3130.43,2247003,134555.0,196045.0,3163.0,3163.0,3108.0,3134.3,31982200,3447.7,2820.9,3839.9,2896.0,3140.6,463,5,3140.5,63,2,3140.4,38,4,3140.3,126,4,3140.2,270,6,3140.9,1,1,3141.0,12,3,3141.1,152,3,3141.2,1,1,3141.3,2,1
2031,2026-06-16 12:57:25+05:30,3140.6,21,3130.43,2247003,134555.0,196045.0,3163.0,3163.0,3108.0,3134.3,31978800,3447.7,2820.9,3839.9,2896.0,3140.6,463,5,3140.5,63,2,3140.4,38,4,3140.3,126,4,3140.2,270,6,3140.9,1,1,3141.0,12,3,3141.1,152,3,3141.2,1,1,3141.3,2,1
2031,2026-06-16 12:57:26+05:30,3141.1,30,3130.43,2247003,134555.0,196045.0,3163.0,3163.0,3108.0,3134.3,31978800,3447.7,2820.9,3839.9,2896.0,3140.6,463,5,3140.5,63,2,3140.4,38,4,3140.3,126,4,3140.2,270,6,3140.9,1,1,3141.0,12,3,3141.1,152,3,3141.2,1,1,3141.3,2,1
2031,2026-06-16 12:57:26+05:30,3141.1,30,3130.43,2247046,134585.0,196653.0,3163.0,3163.0,3108.0,3134.3,31978800,3447.7,2820.9,3839.9,2896.0,3140.6,442,4,3140.5,44,4,3140.4,19,2,3140.2,117,6,3140.1,53,3,3141.1,164,4,3141.2,201,2,3141.3,90,2,3141.5,200,1,3141.8,69,2
2031,2026-06-16 12:57:27+05:30,3141.1,30,3130.43,2247076,135208.0,196660.0,3163.0,3163.0,3108.0,3134.3,31978800,3447.7,2820.9,3839.9,2896.0,3140.6,493,6,3140.5,29,3,3140.4,34,3,3140.2,127,7,3140.1,53,3,3141.1,134,4,3141.2,201,2,3141.3,90,2,3141.5,200,1,3141.8,69,2
2031,2026-06-16 12:57:28+05:30,3141.1,1,3130.43,2247076,135208.0,196660.0,3163.0,3163.0,3108.0,3134.3,31978800,3447.7,2820.9,3839.9,2896.0,3140.6,493,6,3140.5,29,3,3140.4,34,3,3140.2,127,7,3140.1,53,3,3141.1,134,4,3141.2,201,2,3141.3,90,2,3141.5,200,1,3141.8,69,2
2031,2026-06-16 12:57:28+05:30,3141.1,1,3130.43,2247083,135208.0,196853.0,3163.0,3163.0,3108.0,3134.3,31978800,3447.7,2820.9,3839.9,2896.0,3140.6,493,6,3140.5,45,4,3140.4,34,3,3140.2,136,7,3140.1,53,3,3141.1,127,4,3141.2,201,2,3141.3,90,2,3141.5,200,1,3141.8,69,2
2031,2026-06-16 12:57:29+05:30,3141.3,84,3130.43,2247498,134626.0,196358.0,3163.0,3163.0,3108.0,3134.3,31978800,3447.7,2820.9,3839.9,2896.0,3140.7,15,1,3140.6,78,5,3140.5,40,4,3140.4,34,3,3140.3,123,3,3141.1,1,1,3141.3,2,1,3141.8,49,1,3142.0,1641,17,3142.1,252,3
2031,2026-06-16 12:57:30+05:30,3141.3,84,3130.43,2247498,134626.0,196358.0,3163.0,3163.0,3108.0,3134.3,31978800,3447.7,2820.9,3839.9,2896.0,3140.7,15,1,3140.6,78,5,3140.5,40,4,3140.4,34,3,3140.3,123,3,3141.1,1,1,3141.3,2,1,3141.8,49,1,3142.0,1641,17,3142.1,252,3
2031,2026-06-16 12:57:30+05:30,3141.3,84,3130.43,2247498,134641.0,196224.0,3163.0,3163.0,3108.0,3134.3,31978800,3447.7,2820.9,3839.9,2896.0,3140.9,11,5,3140.7,24,4,3140.6,90,5,3140.5,60,4,3140.4,66,6,3141.0,2,2,3141.1,1,1,3141.3,2,1,3142.0,1641,17,3142.1,252,3
2031,2026-06-16 12:57:31+05:30,3141.7,22,3130.43,2247498,134641.0,196224.0,3163.0,3163.0,3108.0,3134.3,31978800,3447.7,2820.9,3839.9,2896.0,3140.9,11,5,3140.7,24,4,3140.6,90,5,3140.5,60,4,3140.4,66,6,3141.0,2,2,3141.1,1,1,3141.3,2,1,3142.0,1641,17,3142.1,252,3
2031,2026-06-16 12:57:31+05:30,3141.7,11,3130.43,2248010,134809.0,196813.0,3163.0,3163.0,3108.0,3134.3,31978800,3447.7,2820.9,3839.9,2896.0,3141.2,1,1,3140.9,24,4,3140.8,3,1,3140.7,34,4,3140.6,60,3,3141.7,109,1,3141.8,14,1,3141.9,60,3,3142.0,1620,16,3142.1,252,3
2031,2026-06-16 12:57:32+05:30,3141.7,11,3130.43,2248010,134809.0,196813.0,3163.0,3163.0,3108.0,3134.3,31978800,3447.7,2820.9,3839.9,2896.0,3141.2,1,1,3140.9,24,4,3140.8,3,1,3140.7,34,4,3140.6,60,3,3141.7,109,1,3141.8,14,1,3141.9,60,3,3142.0,1620,16,3142.1,252,3
2031,2026-06-16 12:57:32+05:30,3141.7,36,3130.43,2248046,134822.0,196484.0,3163.0,3163.0,3108.0,3134.3,31978800,3447.7,2820.9,3839.9,2896.0,3141.2,75,6,3141.1,37,3,3141.0,30,2,3140.9,24,4,3140.8,91,4,3141.7,73,1,3141.9,27,2,3142.0,1620,16,3142.1,252,3,3142.2,225,2
2031,2026-06-16 12:57:33+05:30,3141.7,1,3130.43,2248046,134822.0,196484.0,3163.0,3163.0,3108.0,3134.3,31978800,3447.7,2820.9,3839.9,2896.0,3141.2,75,6,3141.1,37,3,3141.0,30,2,3140.9,24,4,3140.8,91,4,3141.7,73,1,3141.9,27,2,3142.0,1620,16,3142.1,252,3,3142.2,225,2
2031,2026-06-16 12:57:33+05:30,3141.2,30,3130.43,2248300,134812.0,196427.0,3163.0,3163.0,3108.0,3134.3,31978800,3447.7,2820.9,3839.9,2896.0,3141.2,12,1,3141.0,24,2,3140.9,13,3,3140.8,16,2,3140.7,27,4,3141.7,19,1,3142.0,1620,16,3142.1,252,3,3142.2,225,2,3142.3,4,1
2031,2026-06-16 12:57:34+05:30,3142.2,12,3130.43,2248300,134812.0,196427.0,3163.0,3163.0,3108.0,3134.3,31978800,3447.7,2820.9,3839.9,2896.0,3141.2,12,1,3141.0,24,2,3140.9,13,3,3140.8,16,2,3140.7,27,4,3141.7,19,1,3142.0,1620,16,3142.1,252,3,3142.2,225,2,3142.3,4,1
2031,2026-06-16 12:57:34+05:30,3142.2,12,3130.45,2252051,133916.0,192971.0,3163.0,3163.0,3108.0,3134.3,31978800,3447.7,2820.9,3839.9,2896.0,3141.2,15,2,3141.1,11,1,3141.0,4,1,3140.9,42,3,3140.7,32,3,3141.9,188,1,3142.0,200,1,3142.1,10,1,3142.2,200,1,3142.3,10,1
2031,2026-06-16 12:57:35+05:30,3141.9,20,3130.45,2252051,133916.0,192971.0,3163.0,3163.0,3108.0,3134.3,31978800,3447.7,2820.9,3839.9,2896.0,3141.2,15,2,3141.1,11,1,3141.0,4,1,3140.9,42,3,3140.7,32,3,3141.9,188,1,3142.0,200,1,3142.1,10,1,3142.2,200,1,3142.3,10,1
2031,2026-06-16 12:57:35+05:30,3141.9,20,3130.45,2252098,132788.0,194925.0,3163.0,3163.0,3108.0,3134.3,31978800,3447.7,2820.9,3839.9,2896.0,3141.5,2,2,3141.2,31,3,3141.1,11,1,3141.0,4,1,3140.9,40,1,3141.9,176,2,3142.0,200,1,3142.1,200,1,3142.2,200,1,3142.3,53,1
2031,2026-06-16 12:57:36+05:30,3140.9,12,3130.45,2252098,132788.0,194925.0,3163.0,3163.0,3108.0,3134.3,31978800,3447.7,2820.9,3839.9,2896.0,3141.5,2,2,3141.2,31,3,3141.1,11,1,3141.0,4,1,3140.9,40,1,3141.9,176,2,3142.0,200,1,3142.1,200,1,3142.2,200,1,3142.3,53,1
2031,2026-06-16 12:57:36+05:30,3140.9,12,3130.45,2252298,133884.0,194925.0,3163.0,3163.0,3108.0,3134.3,31978800,3447.7,2820.9,3839.9,2896.0,3141.5,187,1,3140.7,35,6,3140.6,32,3,3140.5,94,3,3140.4,242,5,3141.9,202,4,3142.0,200,1,3142.1,200,1,3142.2,200,1,3142.3,53,1
2031,2026-06-16 12:57:37+05:30,3141.9,22,3130.45,2252298,133884.0,194925.0,3163.0,3163.0,3108.0,3134.3,31978800,3447.7,2820.9,3839.9,2896.0,3141.5,187,1,3140.7,35,6,3140.6,32,3,3140.5,94,3,3140.4,242,5,3141.9,202,4,3142.0,200,1,3142.1,200,1,3142.2,200,1,3142.3,53,1
2031,2026-06-16 12:57:37+05:30,3141.9,22,3130.45,2252320,133925.0,194920.0,3163.0,3163.0,3108.0,3134.3,31978800,3447.7,2820.9,3839.9,2896.0,3141.5,187,1,3140.8,47,4,3140.7,104,7,3140.6,33,3,3140.5,94,3,3141.9,180,4,3142.0,200,1,3142.1,200,1,3142.2,200,1,3142.4,200,1
2031,2026-06-16 12:57:38+05:30,3141.8,1,3130.45,2252320,133925.0,194920.0,3163.0,3163.0,3108.0,3134.3,31978800,3447.7,2820.9,3839.9,2896.0,3141.5,187,1,3140.8,47,4,3140.7,104,7,3140.6,33,3,3140.5,94,3,3141.9,180,4,3142.0,200,1,3142.1,200,1,3142.2,200,1,3142.4,200,1
2031,2026-06-16 12:57:38+05:30,3141.8,1,3130.46,2252721,134259.0,193960.0,3163.0,3163.0,3108.0,3134.3,31978800,3447.7,2820.9,3839.9,2896.0,3141.5,187,1,3141.0,144,8,3140.9,393,6,3140.8,33,3,3140.7,173,10,3141.8,192,1,3142.7,33,1,3142.8,20,1,3142.9,22,1,3143.0,236,3
2031,2026-06-16 12:57:39+05:30,3142.9,11,3130.46,2252721,134259.0,193960.0,3163.0,3163.0,3108.0,3134.3,31978800,3447.7,2820.9,3839.9,2896.0,3141.5,187,1,3141.0,144,8,3140.9,393,6,3140.8,33,3,3140.7,173,10,3141.8,192,1,3142.7,33,1,3142.8,20,1,3142.9,22,1,3143.0,236,3
2031,2026-06-16 12:57:39+05:30,3142.9,11,3130.46,2253285,135150.0,194981.0,3163.0,3163.0,3108.0,3134.3,31978800,3447.7,2820.9,3839.9,2896.0,3141.5,187,1,3141.3,44,1,3141.1,15,2,3141.0,154,6,3140.9,330,6,3142.7,165,7,3142.8,58,3,3142.9,100,5,3143.0,238,2,3143.1,335,4
2031,2026-06-16 12:57:40+05:30,3142.4,25,3130.46,2253285,135150.0,194981.0,3163.0,3163.0,3108.0,3134.3,31978800,3447.7,2820.9,3839.9,2896.0,3141.5,187,1,3141.3,44,1,3141.1,15,2,3141.0,154,6,3140.9,330,6,3142.7,165,7,3142.8,58,3,3142.9,100,5,3143.0,238,2,3143.1,335,4
2031,2026-06-16 12:57:40+05:30,3142.4,25,3130.46,2253399,135230.0,195081.0,3163.0,3163.0,3108.0,3134.3,31978800,3447.7,2820.9,3839.9,2896.0,3141.5,245,2,3141.3,61,3,3141.2,17,1,3141.1,15,2,3141.0,413,9,3142.4,44,1,3142.5,18,2,3142.6,3,1,3142.7,132,6,3142.8,5,1
2031,2026-06-16 12:57:41+05:30,3142.4,1,3130.46,2253399,135230.0,195081.0,3163.0,3163.0,3108.0,3134.3,31978800,3447.7,2820.9,3839.9,2896.0,3141.5,245,2,3141.3,61,3,3141.2,17,1,3141.1,15,2,3141.0,413,9,3142.4,44,1,3142.5,18,2,3142.6,3,1,3142.7,132,6,3142.8,5,1
2031,2026-06-16 12:57:41+05:30,3142.4,1,3130.46,2253421,135266.0,194855.0,3163.0,3163.0,3108.0,3134.3,31978800,3447.7,2820.9,3839.9,2896.0,3141.5,245,2,3141.4,25,2,3141.3,80,4,3141.2,17,1,3141.1,215,3,3142.4,23,2,3142.5,18,2,3142.6,3,1,3142.7,132,6,3142.8,5,1
2031,2026-06-16 12:57:42+05:30,3142.5,7,3130.46,2253421,135266.0,194855.0,3163.0,3163.0,3108.0,3134.3,31978800,3447.7,2820.9,3839.9,2896.0,3141.5,245,2,3141.4,25,2,3141.3,80,4,3141.2,17,1,3141.1,215,3,3142.4,23,2,3142.5,18,2,3142.6,3,1,3142.7,132,6,3142.8,5,1
2031,2026-06-16 12:57:42+05:30,3142.5,7,3130.46,2253521,135319.0,195001.0,3163.0,3163.0,3108.0,3134.3,31978800,3447.7,2820.9,3839.9,2896.0,3141.6,17,1,3141.5,321,5,3141.4,17,2,3141.3,60,3,3141.2,257,3,3142.4,2,1,3142.5,5,1,3142.6,3,1,3142.7,4,1,3142.8,5,1
2031,2026-06-16 12:57:43+05:30,3142.5,7,3130.46,2253521,135443.0,194966.0,3163.0,3163.0,3108.0,3134.3,31978800,3447.7,2820.9,3839.9,2896.0,3141.7,14,1,3141.6,49,4,3141.5,321,5,3141.4,33,3,3141.3,260,4,3142.4,2,1,3143.0,221,2,3143.1,316,3,3143.2,321,4,3143.4,399,5
2031,2026-06-16 12:57:44+05:30,3143.0,21,3130.46,2253521,135443.0,194966.0,3163.0,3163.0,3108.0,3134.3,31978800,3447.7,2820.9,3839.9,2896.0,3141.7,14,1,3141.6,49,4,3141.5,321,5,3141.4,33,3,3141.3,260,4,3142.4,2,1,3143.0,221,2,3143.1,316,3,3143.2,321,4,3143.4,399,5
2031,2026-06-16 12:57:44+05:30,3143.0,21,3130.46,2253544,136009.0,195031.0,3163.0,3163.0,3108.0,3134.3,31978800,3447.7,2820.9,3839.9,2896.0,3141.8,33,4,3141.7,333,5,3141.6,21,2,3141.5,271,4,3141.4,234,5,3143.0,179,1,3143.1,256,2,3143.2,200,1,3143.4,344,4,3143.5,10,1
2031,2026-06-16 12:57:45+05:30,3143.0,21,3130.46,2253544,135833.0,194641.0,3163.0,3163.0,3108.0,3134.3,31978800,3447.7,2820.9,3839.9,2896.0,3142.0,82,6,3141.9,111,6,3141.8,66,7,3141.7,319,5,3141.6,223,3,3143.1,179,1,3143.2,195,1,3143.3,200,1,3143.5,210,2,3143.6,21,1
2031,2026-06-16 12:57:46+05:30,3142.4,1,3130.46,2253544,135833.0,194641.0,3163.0,3163.0,3108.0,3134.3,31978800,3447.7,2820.9,3839.9,2896.0,3142.0,82,6,3141.9,111,6,3141.8,66,7,3141.7,319,5,3141.6,223,3,3143.1,179,1,3143.2,195,1,3143.3,200,1,3143.5,210,2,3143.6,21,1
2031,2026-06-16 12:57:46+05:30,3142.4,1,3130.46,2253546,136148.0,195697.0,3163.0,3163.0,3108.0,3134.3,31978800,3447.7,2820.9,3839.9,2896.0,3142.4,2,2,3142.2,17,1,3142.0,290,3,3141.9,63,3,3141.8,17,3,3143.1,185,2,3143.2,237,2,3143.3,261,2,3143.4,52,1,3143.5,210,2
2031,2026-06-16 12:57:47+05:30,3142.0,31,3130.46,2253747,136034.0,195941.0,3163.0,3163.0,3108.0,3134.3,31978800,3447.7,2820.9,3839.9,2896.0,3142.0,263,4,3141.9,79,4,3141.8,129,6,3141.7,249,2,3141.6,24,3,3143.1,185,2,3143.2,195,1,3143.3,200,1,3143.5,275,4,3143.6,59,2
2031,2026-06-16 12:57:47+05:30,3142.0,31,3130.46,2253747,136034.0,195941.0,3163.0,3163.0,3108.0,3134.3,31978800,3447.7,2820.9,3839.9,2896.0,3142.0,263,4,3141.9,79,4,3141.8,129,6,3141.7,249,2,3141.6,24,3,3143.1,185,2,3143.2,195,1,3143.3,200,1,3143.5,275,4,3143.6,59,2
2031,2026-06-16 12:57:48+05:30,3143.1,29,3130.46,2253747,136034.0,195941.0,3163.0,3163.0,3108.0,3134.3,31978800,3447.7,2820.9,3839.9,2896.0,3142.0,263,4,3141.9,79,4,3141.8,129,6,3141.7,249,2,3141.6,24,3,3143.1,185,2,3143.2,195,1,3143.3,200,1,3143.5,275,4,3143.6,59,2
2031,2026-06-16 12:57:48+05:30,3143.1,29,3130.46,2253777,136061.0,195971.0,3163.0,3163.0,3108.0,3134.3,31978800,3447.7,2820.9,3839.9,2896.0,3142.0,278,6,3141.9,80,4,3141.8,147,7,3141.7,285,4,3141.6,24,3,3143.1,198,3,3143.2,195,1,3143.3,200,1,3143.5,275,4,3143.6,59,2
2031,2026-06-16 12:57:49+05:30,3142.6,1,3130.46,2253777,136061.0,195971.0,3163.0,3163.0,3108.0,3134.3,31978800,3447.7,2820.9,3839.9,2896.0,3142.0,278,6,3141.9,80,4,3141.8,147,7,3141.7,285,4,3141.6,24,3,3143.1,198,3,3143.2,195,1,3143.3,200,1,3143.5,275,4,3143.6,59,2
2031,2026-06-16 12:57:49+05:30,3142.6,1,3130.46,2253778,135934.0,193837.0,3163.0,3163.0,3108.0,3134.3,31978800,3447.7,2820.9,3839.9,2896.0,3142.1,16,1,3142.0,311,5,3141.9,14,2,3141.8,129,6,3141.7,269,3,3142.6,1,1,3143.1,198,3,3143.2,195,1,3143.3,238,2,3143.4,21,1
2031,2026-06-16 12:57:50+05:30,3143.2,150,3130.46,2253778,135934.0,193837.0,3163.0,3163.0,3108.0,3134.3,31978800,3447.7,2820.9,3839.9,2896.0,3142.1,16,1,3142.0,311,5,3141.9,14,2,3141.8,129,6,3141.7,269,3,3142.6,1,1,3143.1,198,3,3143.2,195,1,3143.3,238,2,3143.4,21,1
2031,2026-06-16 12:57:50+05:30,3143.2,150,3130.46,2254178,136054.0,195460.0,3163.0,3163.0,3108.0,3134.3,31978800,3447.7,2820.9,3839.9,2896.0,3142.2,17,1,3142.0,369,6,3141.9,14,2,3141.8,50,3,3141.7,485,6,3143.2,39,2,3143.3,88,2,3143.4,49,1,3143.5,70,2,3143.6,321,4
2031,2026-06-16 12:57:51+05:30,3143.2,5,3130.46,2254178,136054.0,195460.0,3163.0,3163.0,3108.0,3134.3,31978800,3447.7,2820.9,3839.9,2896.0,3142.2,17,1,3142.0,369,6,3141.9,14,2,3141.8,50,3,3141.7,485,6,3143.2,39,2,3143.3,88,2,3143.4,49,1,3143.5,70,2,3143.6,321,4
2031,2026-06-16 12:57:51+05:30,3143.2,5,3130.46,2254183,136226.0,195502.0,3163.0,3163.0,3108.0,3134.3,31978800,3447.7,2820.9,3839.9,2896.0,3142.3,14,1,3142.2,240,1,3142.0,311,5,3141.9,14,2,3141.8,64,4,3143.2,137,6,3143.3,250,2,3143.4,152,3,3143.5,336,5,3143.6,119,3
2031,2026-06-16 12:57:52+05:30,3142.2,60,3130.47,2254456,136049.0,196103.0,3163.0,3163.0,3108.0,3134.3,31978800,3447.7,2820.9,3839.9,2896.0,3142.2,180,1,3142.0,298,4,3141.9,1,1,3141.8,81,4,3141.7,269,3,3143.1,27,2,3143.2,292,5,3143.3,157,3,3143.4,307,3,3143.5,74,3
2031,2026-06-16 12:57:52+05:30,3142.2,60,3130.47,2254456,136049.0,196103.0,3163.0,3163.0,3108.0,3134.3,31978800,3447.7,2820.9,3839.9,2896.0,3142.2,180,1,3142.0,298,4,3141.9,1,1,3141.8,81,4,3141.7,269,3,3143.1,27,2,3143.2,292,5,3143.3,157,3,3143.4,307,3,3143.5,74,3
2031,2026-06-16 12:57:53+05:30,3143.0,4,3130.47,2254660,135868.0,196084.0,3163.0,3163.0,3108.0,3134.3,31978800,3447.7,2820.9,3839.9,2896.0,3142.2,56,2,3142.0,298,4,3141.9,1,1,3141.8,35,2,3141.7,269,3,3143.0,9,1,3143.1,133,6,3143.2,270,4,3143.3,164,3,3143.4,368,4
2031,2026-06-16 12:57:53+05:30,3143.0,4,3130.47,2254660,135868.0,196084.0,3163.0,3163.0,3108.0,3134.3,31978800,3447.7,2820.9,3839.9,2896.0,3142.2,56,2,3142.0,298,4,3141.9,1,1,3141.8,35,2,3141.7,269,3,3143.0,9,1,3143.1,133,6,3143.2,270,4,3143.3,164,3,3143.4,368,4
2031,2026-06-16 12:57:54+05:30,3143.1,1,3130.47,2254683,135726.0,196120.0,3163.0,3163.0,3108.0,3134.3,31978800,3447.7,2820.9,3839.9,2896.0,3142.2,56,2,3142.0,356,5,3141.9,28,3,3141.8,54,4,3141.7,469,4,3143.1,4,1,3143.2,145,4,3143.4,149,3,3143.5,270,3,3143.6,66,2
2031,2026-06-16 12:57:54+05:30,3143.1,1,3130.47,2254683,135726.0,196120.0,3163.0,3163.0,3108.0,3134.3,31978800,3447.7,2820.9,3839.9,2896.0,3142.2,56,2,3142.0,356,5,3141.9,28,3,3141.8,54,4,3141.7,469,4,3143.1,4,1,3143.2,145,4,3143.4,149,3,3143.5,270,3,3143.6,66,2
2031,2026-06-16 12:57:55+05:30,3143.2,9,3130.47,2254712,136104.0,196020.0,3163.0,3163.0,3108.0,3134.3,31978800,3447.7,2820.9,3839.9,2896.0,3142.2,69,3,3142.1,93,5,3142.0,418,6,3141.9,8,1,3141.8,54,4,3143.2,18,1,3143.5,308,4,3143.6,127,3,3143.7,200,1,3143.8,226,5
2031,2026-06-16 12:57:55+05:30,3143.2,9,3130.47,2254712,136104.0,196020.0,3163.0,3163.0,3108.0,3134.3,31978800,3447.7,2820.9,3839.9,2896.0,3142.2,69,3,3142.1,93,5,3142.0,418,6,3141.9,8,1,3141.8,54,4,3143.2,18,1,3143.5,308,4,3143.6,127,3,3143.7,200,1,3143.8,226,5
2031,2026-06-16 12:57:56+05:30,3143.2,9,3130.47,2254712,136072.0,196119.0,3163.0,3163.0,3108.0,3134.3,31978800,3447.7,2820.9,3839.9,2896.0,3142.3,16,1,3142.2,39,1,3142.1,3,1,3142.0,356,5,3141.9,8,1,3143.2,111,4,3143.4,30,1,3143.5,319,4,3143.6,66,2,3143.7,261,2
2031,2026-06-16 12:57:57+05:30,3143.2,9,3130.47,2254712,135876.0,196138.0,3163.0,3163.0,3108.0,3134.3,31978800,3447.7,2820.9,3839.9,2896.0,3142.3,69,2,3142.2,39,1,3142.1,3,1,3142.0,356,5,3141.9,8,1,3143.2,91,3,3143.4,30,1,3143.5,319,4,3143.6,66,2,3143.7,261,2
2031,2026-06-16 12:57:58+05:30,3143.2,17,3130.47,2254747,135638.0,196019.0,3163.0,3163.0,3108.0,3134.3,31978800,3447.7,2820.9,3839.9,2896.0,3143.0,3,1,3142.4,14,1,3142.3,69,2,3142.2,39,1,3142.1,3,1,3143.2,39,2,3143.4,50,1,3143.5,270,3,3143.6,45,1,3143.7,261,2
2031,2026-06-16 12:57:58+05:30,3143.2,17,3130.47,2254747,135638.0,196019.0,3163.0,3163.0,3108.0,3134.3,31978800,3447.7,2820.9,3839.9,2896.0,3143.0,3,1,3142.4,14,1,3142.3,69,2,3142.2,39,1,3142.1,3,1,3143.2,39,2,3143.4,50,1,3143.5,270,3,3143.6,45,1,3143.7,261,2
2031,2026-06-16 12:57:59+05:30,3143.0,40,3130.47,2254747,135638.0,196019.0,3163.0,3163.0,3108.0,3134.3,31978800,3447.7,2820.9,3839.9,2896.0,3143.0,3,1,3142.4,14,1,3142.3,69,2,3142.2,39,1,3142.1,3,1,3143.2,39,2,3143.4,50,1,3143.5,270,3,3143.6,45,1,3143.7,261,2
2031,2026-06-16 12:57:59+05:30,3143.0,40,3130.47,2254837,135436.0,196618.0,3163.0,3163.0,3108.0,3134.3,31978800,3447.7,2820.9,3839.9,2896.0,3142.7,17,1,3142.2,16,1,3142.0,19,3,3141.9,8,1,3141.8,60,3,3142.8,160,1,3143.2,40,3,3143.4,59,2,3143.5,210,2,3143.6,164,4
2031,2026-06-16 12:58:00+05:30,3142.8,1,3130.47,2254837,135436.0,196618.0,3163.0,3163.0,3108.0,3134.3,31978800,3447.7,2820.9,3839.9,2896.0,3142.7,17,1,3142.2,16,1,3142.0,19,3,3141.9,8,1,3141.8,60,3,3142.8,160,1,3143.2,40,3,3143.4,59,2,3143.5,210,2,3143.6,164,4
2031,2026-06-16 12:58:00+05:30,3142.8,1,3130.47,2254999,135788.0,195669.0,3163.0,3163.0,3108.0,3134.3,31978800,3447.7,2820.9,3839.9,2896.0,3142.8,2,2,3142.7,1,1,3142.3,17,1,3142.2,63,1,3142.1,155,1,3143.2,39,2,3143.4,36,1,3143.5,210,2,3143.6,105,2,3143.7,261,2
2031,2026-06-16 12:58:01+05:30,3141.1,45,3130.47,2254999,135788.0,195669.0,3163.0,3163.0,3108.0,3134.3,31978800,3447.7,2820.9,3839.9,2896.0,3142.8,2,2,3142.7,1,1,3142.3,17,1,3142.2,63,1,3142.1,155,1,3143.2,39,2,3143.4,36,1,3143.5,210,2,3143.6,105,2,3143.7,261,2
2031,2026-06-16 12:58:01+05:30,3141.1,45,3130.48,2256347,131921.0,198295.0,3163.0,3163.0,3108.0,3134.3,31978800,3447.7,2820.9,3839.9,2896.0,3141.2,14,1,3141.1,64,4,3141.0,101,8,3140.9,135,8,3140.8,26,2,3141.9,102,1,3142.0,200,1,3142.2,400,2,3142.6,12,1,3142.7,200,1
2031,2026-06-16 12:58:02+05:30,3141.1,45,3130.48,2256347,132025.0,198631.0,3163.0,3163.0,3108.0,3134.3,31978800,3447.7,2820.9,3839.9,2896.0,3141.1,40,2,3141.0,66,5,3140.9,129,7,3140.8,36,3,3140.7,159,6,3141.9,102,1,3142.0,200,1,3142.2,400,2,3142.4,200,1,3142.5,200,1
2031,2026-06-16 12:58:03+05:30,3140.7,102,3130.48,2256347,132025.0,198631.0,3163.0,3163.0,3108.0,3134.3,31978800,3447.7,2820.9,3839.9,2896.0,3141.1,40,2,3141.0,66,5,3140.9,129,7,3140.8,36,3,3140.7,159,6,3141.9,102,1,3142.0,200,1,3142.2,400,2,3142.4,200,1,3142.5,200,1
2031,2026-06-16 12:58:03+05:30,3140.7,102,3130.48,2256849,131615.0,200713.0,3163.0,3163.0,3108.0,3134.3,31978800,3447.7,2820.9,3839.9,2896.0,3140.7,9,1,3140.2,62,1,3140.1,103,3,3140.0,556,8,3139.9,259,5,3141.7,96,4,3141.8,275,4,3141.9,408,5,3142.0,520,5,3142.1,79,2
2031,2026-06-16 12:58:04+05:30,3141.5,1,3130.48,2256850,131904.0,200785.0,3163.0,3163.0,3108.0,3134.3,31978800,3447.7,2820.9,3839.9,2896.0,3140.7,9,1,3140.2,62,1,3140.1,45,2,3140.0,645,9,3139.9,259,5,3141.5,32,1,3141.6,92,3,3141.7,321,6,3141.8,272,3,3141.9,408,5
2031,2026-06-16 12:58:05+05:30,3140.2,22,3130.48,2256850,131904.0,200785.0,3163.0,3163.0,3108.0,3134.3,31978800,3447.7,2820.9,3839.9,2896.0,3140.7,9,1,3140.2,62,1,3140.1,45,2,3140.0,645,9,3139.9,259,5,3141.5,32,1,3141.6,92,3,3141.7,321,6,3141.8,272,3,3141.9,408,5
2031,2026-06-16 12:58:05+05:30,3140.2,22,3130.48,2257351,131286.0,200727.0,3163.0,3163.0,3108.0,3134.3,31978800,3447.7,2820.9,3839.9,2896.0,3140.1,84,7,3140.0,641,9,3139.9,24,2,3139.8,282,4,3139.7,65,2,3140.7,1,1,3141.5,45,2,3141.6,136,2,3141.7,233,2,3141.8,220,2
2031,2026-06-16 12:58:06+05:30,3140.7,1,3130.48,2257352,131289.0,200720.0,3163.0,3163.0,3108.0,3134.3,31978800,3447.7,2820.9,3839.9,2896.0,3140.2,14,1,3140.1,87,8,3140.0,645,9,3139.9,24,2,3139.8,336,5,3140.7,1,1,3141.5,45,2,3141.6,157,3,3141.7,233,2,3141.8,220,2
2031,2026-06-16 12:58:07+05:30,3140.7,1,3130.48,2257352,131289.0,200720.0,3163.0,3163.0,3108.0,3134.3,31978800,3447.7,2820.9,3839.9,2896.0,3140.2,14,1,3140.1,87,8,3140.0,645,9,3139.9,24,2,3139.8,336,5,3140.7,1,1,3141.5,45,2,3141.6,157,3,3141.7,233,2,3141.8,220,2
2031,2026-06-16 12:58:07+05:30,3142.0,143,3130.48,2257352,131289.0,200720.0,3163.0,3163.0,3108.0,3134.3,31978800,3447.7,2820.9,3839.9,2896.0,3140.2,14,1,3140.1,87,8,3140.0,645,9,3139.9,24,2,3139.8,336,5,3140.7,1,1,3141.5,45,2,3141.6,157,3,3141.7,233,2,3141.8,220,2
2031,2026-06-16 12:58:07+05:30,3141.0,200,3130.48,2258217,131730.0,197736.0,3163.0,3163.0,3108.0,3134.3,31978800,3447.7,2820.9,3839.9,2896.0,3141.1,158,6,3141.0,158,4,3140.9,17,2,3140.8,101,6,3140.7,294,3,3142.0,57,1,3142.2,200,1,3142.6,21,1,3142.7,49,1,3142.8,21,1
2031,2026-06-16 12:58:08+05:30,3141.1,2,3130.48,2258217,131730.0,197736.0,3163.0,3163.0,3108.0,3134.3,31978800,3447.7,2820.9,3839.9,2896.0,3141.1,158,6,3141.0,158,4,3140.9,17,2,3140.8,101,6,3140.7,294,3,3142.0,57,1,3142.2,200,1,3142.6,21,1,3142.7,49,1,3142.8,21,1
2031,2026-06-16 12:58:08+05:30,3141.1,50,3130.48,2258404,131779.0,199461.0,3163.0,3163.0,3108.0,3134.3,31978800,3447.7,2820.9,3839.9,2896.0,3141.0,112,3,3140.9,7,1,3140.8,25,3,3140.7,22,2,3140.6,70,4,3141.1,15,1,3142.0,81,2,3142.2,220,2,3142.4,21,1,3142.5,49,1
2031,2026-06-16 12:58:09+05:30,3141.1,50,3130.48,2258404,131779.0,199461.0,3163.0,3163.0,3108.0,3134.3,31978800,3447.7,2820.9,3839.9,2896.0,3141.0,112,3,3140.9,7,1,3140.8,25,3,3140.7,22,2,3140.6,70,4,3141.1,15,1,3142.0,81,2,3142.2,220,2,3142.4,21,1,3142.5,49,1
2031,2026-06-16 12:58:09+05:30,3141.1,50,3130.48,2258404,131779.0,199461.0,3163.0,3163.0,3108.0,3134.3,31978800,3447.7,2820.9,3839.9,2896.0,3141.0,112,3,3140.9,7,1,3140.8,25,3,3140.7,22,2,3140.6,70,4,3141.1,15,1,3142.0,81,2,3142.2,220,2,3142.4,21,1,3142.5,49,1
2031,2026-06-16 12:58:09+05:30,3141.1,50,3130.48,2258404,131732.0,199193.0,3163.0,3163.0,3108.0,3134.3,31978800,3447.7,2820.9,3839.9,2896.0,3141.0,184,5,3140.9,10,2,3140.8,25,3,3140.7,38,3,3140.6,159,6,3141.1,15,1,3141.9,132,1,3142.0,81,2,3142.2,220,2,3142.4,21,1
2031,2026-06-16 12:58:10+05:30,3141.1,1,3130.48,2258404,131732.0,199193.0,3163.0,3163.0,3108.0,3134.3,31978800,3447.7,2820.9,3839.9,2896.0,3141.0,184,5,3140.9,10,2,3140.8,25,3,3140.7,38,3,3140.6,159,6,3141.1,15,1,3141.9,132,1,3142.0,81,2,3142.2,220,2,3142.4,21,1
2031,2026-06-16 12:58:10+05:30,3141.1,1,3130.48,2258409,131831.0,199487.0,3163.0,3163.0,3108.0,3134.3,31978800,3447.7,2820.9,3839.9,2896.0,3141.0,173,4,3140.9,23,2,3140.8,38,2,3140.7,22,2,3140.6,122,5,3141.1,20,2,3142.0,57,1,3142.1,135,1,3142.2,220,2,3142.4,21,1
2031,2026-06-16 12:58:11+05:30,3141.1,1,3130.48,2258409,131831.0,199487.0,3163.0,3163.0,3108.0,3134.3,31978800,3447.7,2820.9,3839.9,2896.0,3141.0,173,4,3140.9,23,2,3140.8,38,2,3140.7,22,2,3140.6,122,5,3141.1,20,2,3142.0,57,1,3142.1,135,1,3142.2,220,2,3142.4,21,1
2031,2026-06-16 12:58:11+05:30,3141.1,10,3130.48,2258409,131831.0,199487.0,3163.0,3163.0,3108.0,3134.3,31978800,3447.7,2820.9,3839.9,2896.0,3141.0,173,4,3140.9,23,2,3140.8,38,2,3140.7,22,2,3140.6,122,5,3141.1,20,2,3142.0,57,1,3142.1,135,1,3142.2,220,2,3142.4,21,1
2031,2026-06-16 12:58:11+05:30,3141.1,10,3130.48,2258429,132630.0,198789.0,3163.0,3163.0,3108.0,3134.3,31978800,3447.7,2820.9,3839.9,2896.0,3141.1,2,1,3141.0,225,9,3140.9,30,4,3140.8,54,3,3140.7,71,3,3142.0,57,1,3142.2,200,1,3142.5,106,2,3142.6,153,2,3142.7,200,1
2031,2026-06-16 12:58:12+05:30,3141.1,48,3130.48,2258429,132630.0,198789.0,3163.0,3163.0,3108.0,3134.3,31978800,3447.7,2820.9,3839.9,2896.0,3141.1,2,1,3141.0,225,9,3140.9,30,4,3140.8,54,3,3140.7,71,3,3142.0,57,1,3142.2,200,1,3142.5,106,2,3142.6,153,2,3142.7,200,1
2031,2026-06-16 12:58:13+05:30,3141.1,48,3130.49,2258629,132565.0,199162.0,3163.0,3163.0,3108.0,3134.3,31978800,3447.7,2820.9,3839.9,2896.0,3141.1,16,1,3141.0,250,10,3140.9,90,6,3140.8,24,2,3140.7,48,3,3142.0,71,2,3142.2,200,1,3142.6,153,2,3142.7,200,1,3142.8,221,2
2031,2026-06-16 12:58:13+05:30,3141.1,48,3130.49,2258629,132565.0,199162.0,3163.0,3163.0,3108.0,3134.3,31978800,3447.7,2820.9,3839.9,2896.0,3141.1,16,1,3141.0,250,10,3140.9,90,6,3140.8,24,2,3140.7,48,3,3142.0,71,2,3142.2,200,1,3142.6,153,2,3142.7,200,1,3142.8,221,2
2031,2026-06-16 12:58:14+05:30,3142.0,1,3130.49,2258630,132613.0,199122.0,3163.0,3163.0,3108.0,3134.3,31978800,3447.7,2820.9,3839.9,2896.0,3141.1,16,1,3141.0,250,10,3140.9,105,7,3140.8,68,3,3140.7,34,2,3142.0,70,2,3142.2,200,1,3142.6,153,2,3142.7,257,2,3142.8,221,2
2031,2026-06-16 12:58:14+05:30,3142.0,1,3130.49,2258630,132613.0,199122.0,3163.0,3163.0,3108.0,3134.3,31978800,3447.7,2820.9,3839.9,2896.0,3141.1,16,1,3141.0,250,10,3140.9,105,7,3140.8,68,3,3140.7,34,2,3142.0,70,2,3142.2,200,1,3142.6,153,2,3142.7,257,2,3142.8,221,2
2031,2026-06-16 12:58:15+05:30,3142.0,1,3130.49,2258631,132751.0,199124.0,3163.0,3163.0,3108.0,3134.3,31978800,3447.7,2820.9,3839.9,2896.0,3141.1,132,7,3141.0,270,9,3140.9,95,6,3140.8,127,5,3140.7,34,2,3142.0,69,2,3142.2,200,1,3142.6,364,3,3142.7,200,1,3142.8,278,3
2031,2026-06-16 12:58:15+05:30,3142.0,1,3130.49,2258631,132751.0,199124.0,3163.0,3163.0,3108.0,3134.3,31978800,3447.7,2820.9,3839.9,2896.0,3141.1,132,7,3141.0,270,9,3140.9,95,6,3140.8,127,5,3140.7,34,2,3142.0,69,2,3142.2,200,1,3142.6,364,3,3142.7,200,1,3142.8,278,3
2031,2026-06-16 12:58:15+05:30,3141.1,46,3130.49,2258631,132751.0,199124.0,3163.0,3163.0,3108.0,3134.3,31978800,3447.7,2820.9,3839.9,2896.0,3141.1,132,7,3141.0,270,9,3140.9,95,6,3140.8,127,5,3140.7,34,2,3142.0,69,2,3142.2,200,1,3142.6,364,3,3142.7,200,1,3142.8,278,3
2031,2026-06-16 12:58:16+05:30,3141.9,1,3130.49,2258832,132683.0,198882.0,3163.0,3163.0,3108.0,3134.3,31978800,3447.7,2820.9,3839.9,2896.0,3141.6,21,6,3141.5,6,1,3141.4,32,3,3141.3,13,1,3141.1,52,5,3141.9,199,1,3142.0,69,2,3142.5,129,1,3142.6,200,1,3142.7,200,1
2031,2026-06-16 12:58:16+05:30,3141.9,80,3130.49,2258832,132683.0,198882.0,3163.0,3163.0,3108.0,3134.3,31978800,3447.7,2820.9,3839.9,2896.0,3141.6,21,6,3141.5,6,1,3141.4,32,3,3141.3,13,1,3141.1,52,5,3141.9,199,1,3142.0,69,2,3142.5,129,1,3142.6,200,1,3142.7,200,1
2031,2026-06-16 12:58:16+05:30,3141.9,80,3130.49,2258832,132683.0,198882.0,3163.0,3163.0,3108.0,3134.3,31978800,3447.7,2820.9,3839.9,2896.0,3141.6,21,6,3141.5,6,1,3141.4,32,3,3141.3,13,1,3141.1,52,5,3141.9,199,1,3142.0,69,2,3142.5,129,1,3142.6,200,1,3142.7,200,1
2031,2026-06-16 12:58:16+05:30,3141.9,80,3130.49,2258912,132850.0,198896.0,3163.0,3163.0,3108.0,3134.3,31978800,3447.7,2820.9,3839.9,2896.0,3141.6,59,8,3141.5,6,1,3141.4,32,3,3141.3,13,1,3141.1,53,5,3141.9,119,1,3142.0,55,1,3142.5,132,1,3142.6,200,1,3142.7,200,1
2031,2026-06-16 12:58:17+05:30,3141.9,1,3130.49,2258912,132850.0,198896.0,3163.0,3163.0,3108.0,3134.3,31978800,3447.7,2820.9,3839.9,2896.0,3141.6,59,8,3141.5,6,1,3141.4,32,3,3141.3,13,1,3141.1,53,5,3141.9,119,1,3142.0,55,1,3142.5,132,1,3142.6,200,1,3142.7,200,1
2031,2026-06-16 12:58:17+05:30,3141.9,1,3130.49,2258913,132861.0,198754.0,3163.0,3163.0,3108.0,3134.3,31978800,3447.7,2820.9,3839.9,2896.0,3141.6,59,8,3141.5,6,1,3141.4,20,2,3141.3,13,1,3141.1,76,6,3141.9,133,3,3142.0,55,1,3142.6,138,1,3142.7,200,1,3142.8,221,2
2031,2026-06-16 12:58:18+05:30,3141.9,1,3130.49,2258913,132861.0,198754.0,3163.0,3163.0,3108.0,3134.3,31978800,3447.7,2820.9,3839.9,2896.0,3141.6,59,8,3141.5,6,1,3141.4,20,2,3141.3,13,1,3141.1,76,6,3141.9,133,3,3142.0,55,1,3142.6,138,1,3142.7,200,1,3142.8,221,2
2031,2026-06-16 12:58:18+05:30,3141.9,1,3130.49,2258913,132657.0,198920.0,3163.0,3163.0,3108.0,3134.3,31978800,3447.7,2820.9,3839.9,2896.0,3141.6,73,9,3141.5,6,1,3141.4,20,2,3141.3,13,1,3141.1,58,5,3141.9,133,3,3142.0,55,1,3142.6,338,2,3142.7,200,1,3142.8,221,2
2031,2026-06-16 12:58:19+05:30,3141.9,1,3130.49,2258913,132657.0,198920.0,3163.0,3163.0,3108.0,3134.3,31978800,3447.7,2820.9,3839.9,2896.0,3141.6,73,9,3141.5,6,1,3141.4,20,2,3141.3,13,1,3141.1,58,5,3141.9,133,3,3142.0,55,1,3142.6,338,2,3142.7,200,1,3142.8,221,2
2031,2026-06-16 12:58:19+05:30,3141.6,4,3130.49,2258923,132715.0,198901.0,3163.0,3163.0,3108.0,3134.3,31978800,3447.7,2820.9,3839.9,2896.0,3141.6,50,5,3141.5,6,1,3141.4,29,2,3141.3,8,1,3141.1,35,4,3141.9,176,4,3142.0,55,1,3142.6,338,2,3142.7,200,1,3142.8,327,4
2031,2026-06-16 12:58:20+05:30,3141.6,4,3130.49,2258923,132715.0,198901.0,3163.0,3163.0,3108.0,3134.3,31978800,3447.7,2820.9,3839.9,2896.0,3141.6,50,5,3141.5,6,1,3141.4,29,2,3141.3,8,1,3141.1,35,4,3141.9,176,4,3142.0,55,1,3142.6,338,2,3142.7,200,1,3142.8,327,4
2031,2026-06-16 12:58:20+05:30,3141.6,4,3130.49,2258923,132715.0,198901.0,3163.0,3163.0,3108.0,3134.3,31978800,3447.7,2820.9,3839.9,2896.0,3141.6,50,5,3141.5,6,1,3141.4,29,2,3141.3,8,1,3141.1,35,4,3141.9,176,4,3142.0,55,1,3142.6,338,2,3142.7,200,1,3142.8,327,4
2031,2026-06-16 12:58:20+05:30,3141.6,4,3130.49,2258923,132715.0,198901.0,3163.0,3163.0,3108.0,3134.3,31978800,3447.7,2820.9,3839.9,2896.0,3141.6,50,5,3141.5,6,1,3141.4,29,2,3141.3,8,1,3141.1,35,4,3141.9,176,4,3142.0,55,1,3142.6,338,2,3142.7,200,1,3142.8,327,4
2031,2026-06-16 12:58:21+05:30,3141.9,20,3130.49,2259081,133515.0,198785.0,3163.0,3163.0,3108.0,3134.3,31978800,3447.7,2820.9,3839.9,2896.0,3141.7,1,1,3141.6,54,4,3141.5,6,1,3141.4,13,1,3141.3,32,2,3141.9,49,2,3142.0,55,1,3142.5,124,1,3142.6,200,1,3142.7,200,1
2031,2026-06-16 12:58:21+05:30,3141.9,20,3130.49,2259081,133515.0,198785.0,3163.0,3163.0,3108.0,3134.3,31978800,3447.7,2820.9,3839.9,2896.0,3141.7,1,1,3141.6,54,4,3141.5,6,1,3141.4,13,1,3141.3,32,2,3141.9,49,2,3142.0,55,1,3142.5,124,1,3142.6,200,1,3142.7,200,1
2031,2026-06-16 12:58:21+05:30,3141.9,20,3130.49,2259081,133515.0,198785.0,3163.0,3163.0,3108.0,3134.3,31978800,3447.7,2820.9,3839.9,2896.0,3141.7,1,1,3141.6,54,4,3141.5,6,1,3141.4,13,1,3141.3,32,2,3141.9,49,2,3142.0,55,1,3142.5,124,1,3142.6,200,1,3142.7,200,1
2031,2026-06-16 12:58:21+05:30,3142.0,24,3130.49,2259131,133645.0,198768.0,3163.0,3163.0,3108.0,3134.3,31978800,3447.7,2820.9,3839.9,2896.0,3141.7,1,1,3141.6,54,4,3141.5,22,2,3141.4,29,2,3141.3,24,2,3142.0,31,1,3142.5,124,1,3142.6,200,1,3142.7,200,1,3142.8,221,2
2031,2026-06-16 12:58:22+05:30,3142.0,24,3130.49,2259131,133645.0,198768.0,3163.0,3163.0,3108.0,3134.3,31978800,3447.7,2820.9,3839.9,2896.0,3141.7,1,1,3141.6,54,4,3141.5,22,2,3141.4,29,2,3141.3,24,2,3142.0,31,1,3142.5,124,1,3142.6,200,1,3142.7,200,1,3142.8,221,2
2031,2026-06-16 12:58:22+05:30,3142.0,15,3130.49,2259131,133645.0,198768.0,3163.0,3163.0,3108.0,3134.3,31978800,3447.7,2820.9,3839.9,2896.0,3141.7,1,1,3141.6,54,4,3141.5,22,2,3141.4,29,2,3141.3,24,2,3142.0,31,1,3142.5,124,1,3142.6,200,1,3142.7,200,1,3142.8,221,2
2031,2026-06-16 12:58:22+05:30,3142.0,15,3130.49,2259146,133870.0,198763.0,3163.0,3163.0,3108.0,3134.3,31978800,3447.7,2820.9,3839.9,2896.0,3141.7,71,5,3141.6,77,7,3141.5,30,2,3141.4,13,1,3141.3,88,4,3141.9,1,1,3142.0,16,1,3142.5,124,1,3142.6,200,1,3142.7,200,1
2031,2026-06-16 12:58:23+05:30,3142.0,15,3130.49,2259146,133870.0,198763.0,3163.0,3163.0,3108.0,3134.3,31978800,3447.7,2820.9,3839.9,2896.0,3141.7,71,5,3141.6,77,7,3141.5,30,2,3141.4,13,1,3141.3,88,4,3141.9,1,1,3142.0,16,1,3142.5,124,1,3142.6,200,1,3142.7,200,1
2031,2026-06-16 12:58:23+05:30,3142.7,1,3130.49,2259488,134528.0,198215.0,3163.0,3163.0,3108.0,3134.3,31978800,3447.7,2820.9,3839.9,2896.0,3141.9,10,1,3141.8,13,1,3141.7,127,6,3141.6,71,7,3141.5,6,1,3143.0,350,3,3143.2,40,3,3143.3,51,2,3143.4,221,5,3143.5,10,1
2031,2026-06-16 12:58:24+05:30,3141.8,13,3130.49,2259488,134528.0,198215.0,3163.0,3163.0,3108.0,3134.3,31978800,3447.7,2820.9,3839.9,2896.0,3141.9,10,1,3141.8,13,1,3141.7,127,6,3141.6,71,7,3141.5,6,1,3143.0,350,3,3143.2,40,3,3143.3,51,2,3143.4,221,5,3143.5,10,1
2031,2026-06-16 12:58:24+05:30,3141.8,13,3130.49,2259488,134528.0,198215.0,3163.0,3163.0,3108.0,3134.3,31978800,3447.7,2820.9,3839.9,2896.0,3141.9,10,1,3141.8,13,1,3141.7,127,6,3141.6,71,7,3141.5,6,1,3143.0,350,3,3143.2,40,3,3143.3,51,2,3143.4,221,5,3143.5,10,1
2031,2026-06-16 12:58:24+05:30,3141.8,13,3130.49,2259688,134855.0,198242.0,3163.0,3163.0,3108.0,3134.3,31978800,3447.7,2820.9,3839.9,2896.0,3141.9,1,1,3141.8,5,1,3141.7,146,6,3141.6,34,2,3141.5,16,2,3142.9,54,2,3143.0,350,3,3143.1,2,1,3143.2,40,3,3143.4,179,4
2031,2026-06-16 12:58:25+05:30,3141.8,13,3130.49,2259688,134855.0,198242.0,3163.0,3163.0,3108.0,3134.3,31978800,3447.7,2820.9,3839.9,2896.0,3141.9,1,1,3141.8,5,1,3141.7,146,6,3141.6,34,2,3141.5,16,2,3142.9,54,2,3143.0,350,3,3143.1,2,1,3143.2,40,3,3143.4,179,4
2031,2026-06-16 12:58:25+05:30,3141.9,1,3130.49,2259690,135147.0,198189.0,3163.0,3163.0,3108.0,3134.3,31978800,3447.7,2820.9,3839.9,2896.0,3141.9,46,1,3141.8,120,6,3141.7,140,7,3141.6,34,2,3141.5,6,1,3143.0,350,3,3143.2,40,3,3143.4,60,3,3143.5,10,1,3143.6,96,3
2031,2026-06-16 12:58:26+05:30,3143.0,39,3130.49,2259690,135147.0,198189.0,3163.0,3163.0,3108.0,3134.3,31978800,3447.7,2820.9,3839.9,2896.0,3141.9,46,1,3141.8,120,6,3141.7,140,7,3141.6,34,2,3141.5,6,1,3143.0,350,3,3143.2,40,3,3143.4,60,3,3143.5,10,1,3143.6,96,3
2031,2026-06-16 12:58:26+05:30,3143.0,39,3130.49,2259690,135147.0,198189.0,3163.0,3163.0,3108.0,3134.3,31987000,3447.7,2820.9,3839.9,2896.0,3141.9,46,1,3141.8,120,6,3141.7,140,7,3141.6,34,2,3141.5,6,1,3143.0,350,3,3143.2,40,3,3143.4,60,3,3143.5,10,1,3143.6,96,3
2031,2026-06-16 12:58:26+05:30,3143.0,39,3130.49,2259730,135566.0,198064.0,3163.0,3163.0,3108.0,3134.3,31987000,3447.7,2820.9,3839.9,2896.0,3141.9,56,2,3141.8,170,8,3141.7,330,7,3141.6,76,3,3141.5,89,3,3143.0,310,3,3143.1,44,1,3143.2,40,3,3143.4,20,1,3143.5,49,3
2031,2026-06-16 12:58:27+05:30,3143.6,9,3130.49,2259730,135566.0,198064.0,3163.0,3163.0,3108.0,3134.3,31987000,3447.7,2820.9,3839.9,2896.0,3141.9,56,2,3141.8,170,8,3141.7,330,7,3141.6,76,3,3141.5,89,3,3143.0,310,3,3143.1,44,1,3143.2,40,3,3143.4,20,1,3143.5,49,3
2031,2026-06-16 12:58:27+05:30,3143.6,9,3130.49,2260371,135842.0,197638.0,3163.0,3163.0,3108.0,3134.3,31987000,3447.7,2820.9,3839.9,2896.0,3142.0,20,2,3141.9,168,4,3141.8,135,5,3141.7,156,6,3141.6,354,5,3143.0,36,1,3143.2,14,1,3143.3,66,2,3143.4,34,2,3143.5,62,2
2031,2026-06-16 12:58:28+05:30,3143.6,9,3130.49,2260371,136020.0,197395.0,3163.0,3163.0,3108.0,3134.3,31987000,3447.7,2820.9,3839.9,2896.0,3142.0,198,8,3141.9,180,6,3141.8,105,6,3141.7,412,7,3141.6,134,5,3143.0,38,2,3143.4,1,1,3143.6,50,2,3143.7,61,1,3143.8,21,1
2031,2026-06-16 12:58:29+05:30,3143.6,9,3130.49,2260371,136068.0,197349.0,3163.0,3163.0,3108.0,3134.3,31987000,3447.7,2820.9,3839.9,2896.0,3142.2,62,6,3142.1,79,4,3142.0,180,6,3141.9,190,9,3141.8,305,7,3143.0,38,2,3143.4,1,1,3143.6,21,1,3143.8,21,1,3143.9,213,2
2031,2026-06-16 12:58:30+05:30,3142.2,15,3130.49,2260371,136068.0,197349.0,3163.0,3163.0,3108.0,3134.3,31987000,3447.7,2820.9,3839.9,2896.0,3142.2,62,6,3142.1,79,4,3142.0,180,6,3141.9,190,9,3141.8,305,7,3143.0,38,2,3143.4,1,1,3143.6,21,1,3143.8,21,1,3143.9,213,2
2031,2026-06-16 12:58:30+05:30,3142.2,15,3130.5,2260396,136328.0,197831.0,3163.0,3163.0,3108.0,3134.3,31987000,3447.7,2820.9,3839.9,2896.0,3142.6,2,2,3142.2,146,8,3142.1,79,4,3142.0,185,7,3141.9,190,9,3143.0,39,3,3143.4,1,1,3143.6,30,1,3143.8,21,1,3143.9,213,2
2031,2026-06-16 12:58:31+05:30,3143.0,9,3130.5,2260396,136328.0,197831.0,3163.0,3163.0,3108.0,3134.3,31987000,3447.7,2820.9,3839.9,2896.0,3142.6,2,2,3142.2,146,8,3142.1,79,4,3142.0,185,7,3141.9,190,9,3143.0,39,3,3143.4,1,1,3143.6,30,1,3143.8,21,1,3143.9,213,2
2031,2026-06-16 12:58:31+05:30,3143.0,11,3130.5,2260417,136232.0,197783.0,3163.0,3163.0,3108.0,3134.3,31987000,3447.7,2820.9,3839.9,2896.0,3142.6,2,2,3142.3,15,1,3142.2,122,7,3142.1,65,3,3142.0,224,8,3143.0,16,2,3143.4,1,1,3143.6,30,1,3143.8,21,1,3143.9,213,2
2031,2026-06-16 12:58:32+05:30,3143.0,11,3130.5,2260417,136232.0,197783.0,3163.0,3163.0,3108.0,3134.3,31987000,3447.7,2820.9,3839.9,2896.0,3142.6,2,2,3142.3,15,1,3142.2,122,7,3142.1,65,3,3142.0,224,8,3143.0,16,2,3143.4,1,1,3143.6,30,1,3143.8,21,1,3143.9,213,2
2031,2026-06-16 12:58:32+05:30,3143.0,11,3130.5,2260417,136127.0,197740.0,3163.0,3163.0,3108.0,3134.3,31987000,3447.7,2820.9,3839.9,2896.0,3142.7,15,1,3142.6,86,3,3142.2,112,6,3142.1,81,4,3142.0,127,7,3143.0,17,3,3143.4,1,1,3143.6,30,1,3143.8,21,1,3143.9,213,2
2031,2026-06-16 12:58:33+05:30,3143.9,24,3130.5,2260417,136127.0,197740.0,3163.0,3163.0,3108.0,3134.3,31987000,3447.7,2820.9,3839.9,2896.0,3142.7,15,1,3142.6,86,3,3142.2,112,6,3142.1,81,4,3142.0,127,7,3143.0,17,3,3143.4,1,1,3143.6,30,1,3143.8,21,1,3143.9,213,2
2031,2026-06-16 12:58:33+05:30,3143.0,1,3130.5,2260504,135977.0,197245.0,3163.0,3163.0,3108.0,3134.3,31987000,3447.7,2820.9,3839.9,2896.0,3143.0,17,2,3142.6,106,4,3142.5,15,1,3142.3,22,1,3142.2,120,6,3143.9,80,5,3144.0,933,9,3144.1,199,1,3144.2,431,5,3144.3,71,2
2031,2026-06-16 12:58:34+05:30,3143.0,12,3130.5,2260504,135977.0,197245.0,3163.0,3163.0,3108.0,3134.3,31987000,3447.7,2820.9,3839.9,2896.0,3143.0,17,2,3142.6,106,4,3142.5,15,1,3142.3,22,1,3142.2,120,6,3143.9,80,5,3144.0,933,9,3144.1,199,1,3144.2,431,5,3144.3,71,2
2031,2026-06-16 12:58:35+05:30,3143.0,12,3130.5,2260516,135804.0,198101.0,3163.0,3163.0,3108.0,3134.3,31987000,3447.7,2820.9,3839.9,2896.0,3143.0,97,4,3142.6,114,4,3142.5,24,2,3142.2,34,4,3142.1,73,5,3143.7,55,3,3143.8,48,5,3143.9,58,3,3144.0,1118,12,3144.1,256,2
2031,2026-06-16 12:58:35+05:30,3143.0,12,3130.5,2260516,135252.0,198138.0,3163.0,3163.0,3108.0,3134.3,31987000,3447.7,2820.9,3839.9,2896.0,3143.3,2,2,3143.0,97,4,3142.6,143,4,3142.5,27,3,3142.2,17,3,3143.4,1,1,3143.7,147,5,3143.8,7,1,3143.9,31,1,3144.0,1102,11
2031,2026-06-16 12:58:36+05:30,3143.4,1,3130.5,2260516,135252.0,198138.0,3163.0,3163.0,3108.0,3134.3,31987000,3447.7,2820.9,3839.9,2896.0,3143.3,2,2,3143.0,97,4,3142.6,143,4,3142.5,27,3,3142.2,17,3,3143.4,1,1,3143.7,147,5,3143.8,7,1,3143.9,31,1,3144.0,1102,11
2031,2026-06-16 12:58:37+05:30,3143.7,1,3130.5,2260520,135433.0,197682.0,3163.0,3163.0,3108.0,3134.3,31987000,3447.7,2820.9,3839.9,2896.0,3143.5,15,2,3143.3,91,3,3143.0,109,3,3142.6,28,1,3142.5,17,2,3143.7,83,3,3143.8,94,3,3143.9,31,1,3144.0,966,9,3144.1,199,1
2031,2026-06-16 12:58:37+05:30,3143.7,24,3130.5,2260520,135433.0,197682.0,3163.0,3163.0,3108.0,3134.3,31987000,3447.7,2820.9,3839.9,2896.0,3143.5,15,2,3143.3,91,3,3143.0,109,3,3142.6,28,1,3142.5,17,2,3143.7,83,3,3143.8,94,3,3143.9,31,1,3144.0,966,9,3144.1,199,1
2031,2026-06-16 12:58:38+05:30,3143.9,1,3130.5,2260628,136209.0,197635.0,3163.0,3163.0,3108.0,3134.3,31987000,3447.7,2820.9,3839.9,2896.0,3143.3,108,4,3143.0,92,2,3142.6,42,2,3142.5,118,7,3142.3,391,3,3143.9,30,1,3144.0,752,7,3144.1,214,2,3144.2,230,3,3144.3,271,3
2031,2026-06-16 12:58:38+05:30,3143.9,1,3130.5,2260628,136209.0,197635.0,3163.0,3163.0,3108.0,3134.3,31987000,3447.7,2820.9,3839.9,2896.0,3143.3,108,4,3143.0,92,2,3142.6,42,2,3142.5,118,7,3142.3,391,3,3143.9,30,1,3144.0,752,7,3144.1,214,2,3144.2,230,3,3144.3,271,3
2031,2026-06-16 12:58:39+05:30,3141.5,4,3130.5,2261427,131548.0,200581.0,3163.0,3163.0,3108.0,3134.3,31987000,3447.7,2820.9,3839.9,2896.0,3141.7,14,1,3141.6,70,4,3141.5,44,4,3141.3,52,1,3141.2,38,2,3143.0,95,4,3143.1,84,3,3143.2,155,4,3143.3,888,8,3143.4,168,3
2031,2026-06-16 12:58:39+05:30,3141.5,4,3130.5,2261427,131548.0,200581.0,3163.0,3163.0,3108.0,3134.3,31987000,3447.7,2820.9,3839.9,2896.0,3141.7,14,1,3141.6,70,4,3141.5,44,4,3141.3,52,1,3141.2,38,2,3143.0,95,4,3143.1,84,3,3143.2,155,4,3143.3,888,8,3143.4,168,3
2031,2026-06-16 12:58:40+05:30,3142.6,1,3130.5,2261628,132364.0,201072.0,3163.0,3163.0,3108.0,3134.3,31987000,3447.7,2820.9,3839.9,2896.0,3141.5,41,3,3141.4,15,1,3141.3,73,4,3141.2,21,1,3141.1,53,3,3142.2,199,1,3142.3,70,1,3142.5,200,1,3142.7,49,1,3142.8,128,5
2031,2026-06-16 12:58:40+05:30,3142.6,1,3130.5,2261628,132364.0,201072.0,3163.0,3163.0,3108.0,3134.3,31987000,3447.7,2820.9,3839.9,2896.0,3141.5,41,3,3141.4,15,1,3141.3,73,4,3141.2,21,1,3141.1,53,3,3142.2,199,1,3142.3,70,1,3142.5,200,1,3142.7,49,1,3142.8,128,5
2031,2026-06-16 12:58:41+05:30,3141.5,149,3130.5,2262027,132146.0,200336.0,3163.0,3163.0,3108.0,3134.3,31987000,3447.7,2820.9,3839.9,2896.0,3141.5,1,1,3141.4,56,4,3141.3,70,5,3141.2,62,3,3141.1,6,1,3141.9,70,1,3142.5,200,1,3142.8,24,2,3142.9,176,1,3143.0,221,2
2031,2026-06-16 12:58:41+05:30,3141.5,149,3130.5,2262027,132146.0,200336.0,3163.0,3163.0,3108.0,3134.3,31987000,3447.7,2820.9,3839.9,2896.0,3141.5,1,1,3141.4,56,4,3141.3,70,5,3141.2,62,3,3141.1,6,1,3141.9,70,1,3142.5,200,1,3142.8,24,2,3142.9,176,1,3143.0,221,2
2031,2026-06-16 12:58:42+05:30,3141.6,7,3130.5,2262087,132270.0,200944.0,3163.0,3163.0,3108.0,3134.3,31987000,3447.7,2820.9,3839.9,2896.0,3141.6,1,1,3141.5,45,5,3141.4,38,3,3141.3,148,5,3141.2,22,2,3141.9,105,2,3142.5,200,1,3142.8,24,2,3142.9,176,1,3143.0,221,2
2031,2026-06-16 12:58:42+05:30,3141.9,1,3130.5,2262087,132270.0,200944.0,3163.0,3163.0,3108.0,3134.3,31987000,3447.7,2820.9,3839.9,2896.0,3141.6,1,1,3141.5,45,5,3141.4,38,3,3141.3,148,5,3141.2,22,2,3141.9,105,2,3142.5,200,1,3142.8,24,2,3142.9,176,1,3143.0,221,2
2031,2026-06-16 12:58:43+05:30,3142.5,25,3130.5,2262226,134145.0,200440.0,3163.0,3163.0,3108.0,3134.3,31987000,3447.7,2820.9,3839.9,2896.0,3142.0,490,1,3141.9,25,1,3141.7,25,2,3141.6,35,3,3141.5,76,5,3142.6,171,1,3142.9,49,1,3143.0,176,1,3143.1,199,1,3143.2,400,2
2031,2026-06-16 12:58:43+05:30,3143.0,130,3130.5,2262226,134145.0,200440.0,3163.0,3163.0,3108.0,3134.3,31987000,3447.7,2820.9,3839.9,2896.0,3142.0,490,1,3141.9,25,1,3141.7,25,2,3141.6,35,3,3141.5,76,5,3142.6,171,1,3142.9,49,1,3143.0,176,1,3143.1,199,1,3143.2,400,2
2031,2026-06-16 12:58:44+05:30,3143.2,105,3130.51,2262926,134579.0,199046.0,3163.0,3163.0,3108.0,3134.3,31987000,3447.7,2820.9,3839.9,2896.0,3142.1,24,2,3142.0,553,3,3141.9,25,1,3141.8,40,1,3141.7,8,1,3143.2,99,2,3143.3,439,4,3143.4,49,1,3143.5,60,1,3143.6,59,2
2031,2026-06-16 12:58:44+05:30,3143.2,105,3130.51,2262926,134579.0,199046.0,3163.0,3163.0,3108.0,3134.3,31987000,3447.7,2820.9,3839.9,2896.0,3142.1,24,2,3142.0,553,3,3141.9,25,1,3141.8,40,1,3141.7,8,1,3143.2,99,2,3143.3,439,4,3143.4,49,1,3143.5,60,1,3143.6,59,2
2031,2026-06-16 12:58:45+05:30,3143.0,77,3130.51,2263003,134359.0,201089.0,3163.0,3163.0,3108.0,3134.3,31987000,3447.7,2820.9,3839.9,2896.0,3142.1,43,1,3142.0,577,2,3141.9,25,1,3141.8,44,2,3141.6,214,2,3143.0,723,1,3143.2,133,2,3143.3,518,6,3143.4,69,2,3143.5,260,2
2031,2026-06-16 12:58:45+05:30,3143.0,77,3130.51,2263003,134359.0,201089.0,3163.0,3163.0,3108.0,3134.3,31987000,3447.7,2820.9,3839.9,2896.0,3142.1,43,1,3142.0,577,2,3141.9,25,1,3141.8,44,2,3141.6,214,2,3143.0,723,1,3143.2,133,2,3143.3,518,6,3143.4,69,2,3143.5,260,2
2031,2026-06-16 12:58:46+05:30,3142.6,1,3130.51,2263004,134776.0,201214.0,3163.0,3163.0,3108.0,3134.3,31987000,3447.7,2820.9,3839.9,2896.0,3142.6,2,2,3142.1,44,2,3142.0,577,2,3141.9,25,1,3141.6,14,1,3143.0,723,1,3143.1,200,1,3143.2,133,2,3143.3,513,5,3143.4,5,1
2031,2026-06-16 12:58:46+05:30,3142.6,1,3130.51,2263004,134776.0,201214.0,3163.0,3163.0,3108.0,3134.3,31987000,3447.7,2820.9,3839.9,2896.0,3142.6,2,2,3142.1,44,2,3142.0,577,2,3141.9,25,1,3141.6,14,1,3143.0,723,1,3143.1,200,1,3143.2,133,2,3143.3,513,5,3143.4,5,1
2031,2026-06-16 12:58:47+05:30,3143.0,1,3130.51,2263005,134679.0,201206.0,3163.0,3163.0,3108.0,3134.3,31987000,3447.7,2820.9,3839.9,2896.0,3142.6,44,3,3142.1,109,4,3142.0,490,1,3141.9,31,3,3141.6,232,3,3143.0,722,1,3143.2,95,1,3143.3,453,4,3143.5,303,4,3143.6,21,1
2031,2026-06-16 12:58:47+05:30,3143.0,1,3130.51,2263005,134679.0,201206.0,3163.0,3163.0,3108.0,3134.3,31987000,3447.7,2820.9,3839.9,2896.0,3142.6,44,3,3142.1,109,4,3142.0,490,1,3141.9,31,3,3141.6,232,3,3143.0,722,1,3143.2,95,1,3143.3,453,4,3143.5,303,4,3143.6,21,1
2031,2026-06-16 12:58:48+05:30,3143.0,212,3130.51,2263268,134581.0,200960.0,3163.0,3163.0,3108.0,3134.3,31987000,3447.7,2820.9,3839.9,2896.0,3142.6,44,3,3142.1,109,4,3142.0,490,1,3141.9,31,3,3141.6,235,4,3143.0,459,1,3143.2,95,1,3143.3,453,4,3143.5,303,4,3143.6,21,1
2031,2026-06-16 12:58:48+05:30,3143.0,212,3130.51,2263268,134581.0,200960.0,3163.0,3163.0,3108.0,3134.3,31987000,3447.7,2820.9,3839.9,2896.0,3142.6,44,3,3142.1,109,4,3142.0,490,1,3141.9,31,3,3141.6,235,4,3143.0,459,1,3143.2,95,1,3143.3,453,4,3143.5,303,4,3143.6,21,1
2031,2026-06-16 12:58:49+05:30,3143.0,212,3130.51,2263268,134851.0,200411.0,3163.0,3163.0,3108.0,3134.3,31987000,3447.7,2820.9,3839.9,2896.0,3142.7,15,1,3142.6,44,3,3142.1,93,3,3142.0,548,2,3141.9,31,3,3143.0,459,1,3143.2,95,1,3143.3,401,3,3143.4,200,1,3143.5,98,2
2031,2026-06-16 12:58:50+05:30,3143.0,212,3130.51,2263268,134800.0,200486.0,3163.0,3163.0,3108.0,3134.3,31987000,3447.7,2820.9,3839.9,2896.0,3142.7,15,1,3142.6,44,3,3142.1,93,3,3142.0,548,2,3141.9,31,3,3143.0,459,1,3143.2,95,1,3143.3,401,3,3143.5,298,3,3143.6,26,2
2031,2026-06-16 12:58:51+05:30,3143.0,148,3130.51,2263457,135011.0,200703.0,3163.0,3163.0,3108.0,3134.3,31987000,3447.7,2820.9,3839.9,2896.0,3142.7,47,1,3142.6,57,2,3142.1,1,1,3142.0,563,3,3141.9,31,3,3143.0,324,2,3143.2,95,1,3143.3,401,3,3143.5,60,1,3143.6,264,4
2031,2026-06-16 12:58:51+05:30,3143.0,148,3130.51,2263457,135011.0,200703.0,3163.0,3163.0,3108.0,3134.3,31987000,3447.7,2820.9,3839.9,2896.0,3142.7,47,1,3142.6,57,2,3142.1,1,1,3142.0,563,3,3141.9,31,3,3143.0,324,2,3143.2,95,1,3143.3,401,3,3143.5,60,1,3143.6,264,4
2031,2026-06-16 12:58:52+05:30,3143.0,11,3130.51,2263468,134946.0,200858.0,3163.0,3163.0,3108.0,3134.3,31987000,3447.7,2820.9,3839.9,2896.0,3142.7,61,2,3142.6,42,1,3142.1,1,1,3142.0,564,4,3141.9,31,3,3143.0,388,4,3143.1,1,1,3143.2,95,1,3143.3,439,4,3143.4,5,1
2031,2026-06-16 12:58:52+05:30,3143.0,11,3130.51,2263468,134946.0,200858.0,3163.0,3163.0,3108.0,3134.3,31987000,3447.7,2820.9,3839.9,2896.0,3142.7,61,2,3142.6,42,1,3142.1,1,1,3142.0,564,4,3141.9,31,3,3143.0,388,4,3143.1,1,1,3143.2,95,1,3143.3,439,4,3143.4,5,1
2031,2026-06-16 12:58:53+05:30,3142.7,50,3130.51,2263607,134911.0,200922.0,3163.0,3163.0,3108.0,3134.3,31987000,3447.7,2820.9,3839.9,2896.0,3142.7,14,1,3142.6,42,1,3142.1,1,1,3142.0,506,3,3141.9,26,2,3142.9,200,1,3143.0,383,4,3143.1,21,2,3143.2,159,3,3143.3,276,4
2031,2026-06-16 12:58:53+05:30,3142.6,42,3130.51,2263607,134911.0,200922.0,3163.0,3163.0,3108.0,3134.3,31987000,3447.7,2820.9,3839.9,2896.0,3142.7,14,1,3142.6,42,1,3142.1,1,1,3142.0,506,3,3141.9,26,2,3142.9,200,1,3143.0,383,4,3143.1,21,2,3143.2,159,3,3143.3,276,4
2031,2026-06-16 12:58:54+05:30,3142.6,42,3130.51,2263716,133951.0,200934.0,3163.0,3163.0,3108.0,3134.3,31987000,3447.7,2820.9,3839.9,2896.0,3142.1,1,1,3142.0,491,2,3141.9,26,2,3141.8,12,1,3141.7,14,1,3142.6,158,1,3142.7,133,1,3142.9,63,2,3143.0,360,4,3143.1,270,4
2031,2026-06-16 12:58:55+05:30,3142.6,9,3130.51,2263763,134032.0,200829.0,3163.0,3163.0,3108.0,3134.3,31987000,3447.7,2820.9,3839.9,2896.0,3142.0,543,3,3141.9,26,2,3141.8,12,1,3141.7,14,1,3141.6,63,2,3142.6,120,2,3142.7,133,1,3142.9,25,1,3143.0,358,3,3143.1,21,2
2031,2026-06-16 12:58:55+05:30,3142.6,9,3130.51,2263763,134032.0,200829.0,3163.0,3163.0,3108.0,3134.3,31987000,3447.7,2820.9,3839.9,2896.0,3142.0,543,3,3141.9,26,2,3141.8,12,1,3141.7,14,1,3141.6,63,2,3142.6,120,2,3142.7,133,1,3142.9,25,1,3143.0,358,3,3143.1,21,2
2031,2026-06-16 12:58:56+05:30,3142.1,2,3130.51,2263765,134044.0,201125.0,3163.0,3163.0,3108.0,3134.3,31987000,3447.7,2820.9,3839.9,2896.0,3142.1,12,1,3142.0,543,3,3141.9,26,2,3141.8,12,1,3141.7,14,1,3142.6,184,4,3142.7,133,1,3143.0,358,3,3143.1,21,2,3143.2,193,3
2031,2026-06-16 12:58:56+05:30,3142.6,9,3130.51,2263765,134044.0,201125.0,3163.0,3163.0,3108.0,3134.3,31987000,3447.7,2820.9,3839.9,2896.0,3142.1,12,1,3142.0,543,3,3141.9,26,2,3141.8,12,1,3141.7,14,1,3142.6,184,4,3142.7,133,1,3143.0,358,3,3143.1,21,2,3143.2,193,3
2031,2026-06-16 12:58:57+05:30,3142.0,102,3130.52,2264147,132849.0,200852.0,3163.0,3163.0,3108.0,3134.3,31987000,3447.7,2820.9,3839.9,2896.0,3142.0,316,4,3141.9,26,2,3141.8,5,1,3141.7,32,2,3141.6,70,2,3142.1,62,1,3142.6,73,3,3142.9,4,1,3143.0,358,3,3143.1,35,3
2031,2026-06-16 12:58:57+05:30,3142.0,102,3130.52,2264147,132849.0,200852.0,3163.0,3163.0,3108.0,3134.3,31987000,3447.7,2820.9,3839.9,2896.0,3142.0,316,4,3141.9,26,2,3141.8,5,1,3141.7,32,2,3141.6,70,2,3142.1,62,1,3142.6,73,3,3142.9,4,1,3143.0,358,3,3143.1,35,3
2031,2026-06-16 12:58:58+05:30,3142.0,5,3130.52,2264216,132854.0,201017.0,3163.0,3163.0,3108.0,3134.3,31987000,3447.7,2820.9,3839.9,2896.0,3142.0,248,4,3141.9,29,3,3141.8,26,3,3141.7,14,1,3141.6,87,3,3142.1,39,2,3142.6,48,2,3142.9,4,1,3143.0,358,3,3143.1,35,3
2031,2026-06-16 12:58:58+05:30,3142.0,5,3130.52,2264216,132854.0,201017.0,3163.0,3163.0,3108.0,3134.3,31987000,3447.7,2820.9,3839.9,2896.0,3142.0,248,4,3141.9,29,3,3141.8,26,3,3141.7,14,1,3141.6,87,3,3142.1,39,2,3142.6,48,2,3142.9,4,1,3143.0,358,3,3143.1,35,3
2031,2026-06-16 12:58:59+05:30,3142.1,14,3130.52,2264255,133607.0,201141.0,3163.0,3163.0,3108.0,3134.3,31987000,3447.7,2820.9,3839.9,2896.0,3142.1,14,1,3142.0,248,4,3141.9,26,2,3141.8,8,2,3141.7,32,2,3142.6,48,2,3143.0,358,3,3143.1,21,2,3143.2,95,1,3143.3,1,1
2031,2026-06-16 12:58:59+05:30,3142.1,3,3130.52,2264255,133607.0,201141.0,3163.0,3163.0,3108.0,3134.3,31987000,3447.7,2820.9,3839.9,2896.0,3142.1,14,1,3142.0,248,4,3141.9,26,2,3141.8,8,2,3141.7,32,2,3142.6,48,2,3143.0,358,3,3143.1,21,2,3143.2,95,1,3143.3,1,1
2031,2026-06-16 12:59:00+05:30,3142.0,12,3130.52,2264460,132723.0,201475.0,3163.0,3163.0,3108.0,3134.3,31987000,3447.7,2820.9,3839.9,2896.0,3142.0,49,3,3141.9,26,2,3141.5,1,1,3141.4,245,4,3141.3,283,6,3142.6,40,2,3142.9,1,1,3143.0,663,5,3143.1,21,2,3143.2,95,1
2031,2026-06-16 12:59:00+05:30,3142.0,12,3130.52,2264460,132723.0,201475.0,3163.0,3163.0,3108.0,3134.3,31987000,3447.7,2820.9,3839.9,2896.0,3142.0,49,3,3141.9,26,2,3141.5,1,1,3141.4,245,4,3141.3,283,6,3142.6,40,2,3142.9,1,1,3143.0,663,5,3143.1,21,2,3143.2,95,1
2031,2026-06-16 12:59:01+05:30,3142.0,2,3130.52,2264577,132274.0,201271.0,3163.0,3163.0,3108.0,3134.3,31987000,3447.7,2820.9,3839.9,2896.0,3141.9,26,2,3141.8,16,1,3141.7,18,1,3141.6,6,1,3141.5,52,1,3142.0,85,2,3142.6,80,4,3142.9,5,2,3143.0,619,3,3143.1,21,2
2031,2026-06-16 12:59:01+05:30,3142.0,2,3130.52,2264577,132274.0,201271.0,3163.0,3163.0,3108.0,3134.3,31987000,3447.7,2820.9,3839.9,2896.0,3141.9,26,2,3141.8,16,1,3141.7,18,1,3141.6,6,1,3141.5,52,1,3142.0,85,2,3142.6,80,4,3142.9,5,2,3143.0,619,3,3143.1,21,2
2031,2026-06-16 12:59:02+05:30,3142.0,200,3130.52,2265662,132335.0,199312.0,3163.0,3163.0,3108.0,3134.3,31987000,3447.7,2820.9,3839.9,2896.0,3142.0,215,1,3141.1,268,3,3141.0,199,3,3140.9,61,4,3140.8,68,2,3142.4,30,1,3142.5,50,1,3142.6,80,4,3142.8,43,2,3142.9,5,2
2031,2026-06-16 12:59:02+05:30,3142.0,200,3130.52,2265662,132335.0,199312.0,3163.0,3163.0,3108.0,3134.3,31987000,3447.7,2820.9,3839.9,2896.0,3142.0,215,1,3141.1,268,3,3141.0,199,3,3140.9,61,4,3140.8,68,2,3142.4,30,1,3142.5,50,1,3142.6,80,4,3142.8,43,2,3142.9,5,2
2031,2026-06-16 12:59:03+05:30,3142.0,95,3130.52,2265772,133741.0,200898.0,3163.0,3163.0,3108.0,3134.3,31987000,3447.7,2820.9,3839.9,2896.0,3142.0,187,3,3141.9,33,3,3141.8,219,3,3141.7,11,1,3141.6,36,3,3142.5,36,1,3142.6,80,4,3142.9,1,1,3143.0,569,2,3143.1,21,2
2031,2026-06-16 12:59:03+05:30,3142.5,1,3130.52,2265772,133741.0,200898.0,3163.0,3163.0,3108.0,3134.3,31987000,3447.7,2820.9,3839.9,2896.0,3142.0,187,3,3141.9,33,3,3141.8,219,3,3141.7,11,1,3141.6,36,3,3142.5,36,1,3142.6,80,4,3142.9,1,1,3143.0,569,2,3143.1,21,2
2031,2026-06-16 12:59:04+05:30,3142.5,1,3130.52,2265973,133359.0,200631.0,3163.0,3163.0,3108.0,3134.3,31987000,3447.7,2820.9,3839.9,2896.0,3142.0,6,2,3141.8,18,1,3141.7,24,2,3141.6,15,2,3141.5,30,2,3142.5,36,2,3142.6,80,4,3142.9,1,1,3143.0,569,2,3143.1,26,3
2031,2026-06-16 12:59:04+05:30,3142.0,1,3130.52,2265973,133359.0,200631.0,3163.0,3163.0,3108.0,3134.3,31987000,3447.7,2820.9,3839.9,2896.0,3142.0,6,2,3141.8,18,1,3141.7,24,2,3141.6,15,2,3141.5,30,2,3142.5,36,2,3142.6,80,4,3142.9,1,1,3143.0,569,2,3143.1,26,3
2031,2026-06-16 12:59:05+05:30,3142.0,1,3130.52,2265994,133105.0,200694.0,3163.0,3163.0,3108.0,3134.3,31987000,3447.7,2820.9,3839.9,2896.0,3142.0,5,2,3141.8,18,1,3141.7,24,2,3141.6,15,2,3141.5,30,2,3142.5,16,2,3142.6,80,4,3142.9,1,1,3143.0,569,2,3143.1,21,2
2031,2026-06-16 12:59:06+05:30,3142.5,1,3130.52,2266036,132534.0,200833.0,3163.0,3163.0,3108.0,3134.3,31987000,3447.7,2820.9,3839.9,2896.0,3141.5,39,2,3141.4,65,2,3141.3,99,3,3141.2,18,1,3141.1,451,4,3142.5,15,2,3142.6,41,3,3142.7,35,1,3142.8,35,1,3142.9,26,2
2031,2026-06-16 12:59:06+05:30,3142.5,1,3130.52,2266036,132534.0,200833.0,3163.0,3163.0,3108.0,3134.3,31987000,3447.7,2820.9,3839.9,2896.0,3141.5,39,2,3141.4,65,2,3141.3,99,3,3141.2,18,1,3141.1,451,4,3142.5,15,2,3142.6,41,3,3142.7,35,1,3142.8,35,1,3142.9,26,2
2031,2026-06-16 12:59:07+05:30,3142.5,1,3130.52,2266036,132539.0,201400.0,3163.0,3163.0,3108.0,3134.3,31987000,3447.7,2820.9,3839.9,2896.0,3141.5,158,7,3141.4,72,3,3141.3,82,2,3141.2,78,3,3141.1,285,4,3142.5,35,3,3142.6,41,3,3142.7,35,1,3142.8,35,1,3142.9,26,2
2031,2026-06-16 12:59:07+05:30,3142.5,1,3130.52,2266036,132539.0,201400.0,3163.0,3163.0,3108.0,3134.3,31987000,3447.7,2820.9,3839.9,2896.0,3141.5,158,7,3141.4,72,3,3141.3,82,2,3141.2,78,3,3141.1,285,4,3142.5,35,3,3142.6,41,3,3142.7,35,1,3142.8,35,1,3142.9,26,2
2031,2026-06-16 12:59:08+05:30,3142.5,1,3130.52,2266036,133250.0,201502.0,3163.0,3163.0,3108.0,3134.3,31987000,3447.7,2820.9,3839.9,2896.0,3142.0,50,1,3141.5,166,9,3141.4,72,3,3141.3,103,3,3141.2,235,3,3142.5,40,4,3142.6,41,3,3142.7,35,1,3142.8,35,1,3142.9,26,2
2031,2026-06-16 12:59:09+05:30,3142.3,1,3130.52,2266037,133267.0,201506.0,3163.0,3163.0,3108.0,3134.3,31987000,3447.7,2820.9,3839.9,2896.0,3142.0,50,1,3141.5,166,9,3141.4,89,4,3141.3,103,3,3141.2,235,3,3142.5,40,4,3142.6,40,2,3142.7,36,2,3142.8,35,1,3142.9,26,2
2031,2026-06-16 12:59:09+05:30,3142.3,1,3130.52,2266037,133267.0,201506.0,3163.0,3163.0,3108.0,3134.3,31987000,3447.7,2820.9,3839.9,2896.0,3142.0,50,1,3141.5,166,9,3141.4,89,4,3141.3,103,3,3141.2,235,3,3142.5,40,4,3142.6,40,2,3142.7,36,2,3142.8,35,1,3142.9,26,2
2031,2026-06-16 12:59:09+05:30,3142.5,55,3130.52,2266037,133267.0,201506.0,3163.0,3163.0,3108.0,3134.3,31987000,3447.7,2820.9,3839.9,2896.0,3142.0,50,1,3141.5,166,9,3141.4,89,4,3141.3,103,3,3141.2,235,3,3142.5,40,4,3142.6,40,2,3142.7,36,2,3142.8,35,1,3142.9,26,2
2031,2026-06-16 12:59:10+05:30,3141.7,46,3130.53,2266332,132805.0,201266.0,3163.0,3163.0,3108.0,3134.3,31987000,3447.7,2820.9,3839.9,2896.0,3141.7,14,1,3141.6,99,6,3141.5,103,7,3141.4,62,5,3141.3,290,5,3142.5,103,3,3142.6,40,2,3142.7,1,1,3142.9,5,2,3143.0,569,2
2031,2026-06-16 12:59:10+05:30,3141.7,46,3130.53,2266332,132805.0,201266.0,3163.0,3163.0,3108.0,3134.3,31987000,3447.7,2820.9,3839.9,2896.0,3141.7,14,1,3141.6,99,6,3141.5,103,7,3141.4,62,5,3141.3,290,5,3142.5,103,3,3142.6,40,2,3142.7,1,1,3142.9,5,2,3143.0,569,2
2031,2026-06-16 12:59:11+05:30,3142.5,1,3130.53,2266333,133023.0,201293.0,3163.0,3163.0,3108.0,3134.3,31987000,3447.7,2820.9,3839.9,2896.0,3141.7,67,3,3141.6,99,6,3141.5,120,8,3141.4,28,3,3141.3,90,4,3142.5,159,6,3142.7,1,1,3142.9,1,1,3143.0,569,2,3143.1,26,3
2031,2026-06-16 12:59:11+05:30,3142.5,1,3130.53,2266333,133023.0,201293.0,3163.0,3163.0,3108.0,3134.3,31987000,3447.7,2820.9,3839.9,2896.0,3141.7,67,3,3141.6,99,6,3141.5,120,8,3141.4,28,3,3141.3,90,4,3142.5,159,6,3142.7,1,1,3142.9,1,1,3143.0,569,2,3143.1,26,3
2031,2026-06-16 12:59:11+05:30,3142.5,1,3130.53,2266333,133023.0,201293.0,3163.0,3163.0,3108.0,3134.3,31987000,3447.7,2820.9,3839.9,2896.0,3141.7,67,3,3141.6,99,6,3141.5,120,8,3141.4,28,3,3141.3,90,4,3142.5,159,6,3142.7,1,1,3142.9,1,1,3143.0,569,2,3143.1,26,3
2031,2026-06-16 12:59:12+05:30,3142.5,11,3130.53,2266344,132932.0,201465.0,3163.0,3163.0,3108.0,3134.3,31987000,3447.7,2820.9,3839.9,2896.0,3141.8,14,1,3141.7,67,3,3141.6,69,4,3141.5,106,7,3141.4,28,3,3142.3,10,1,3142.5,148,6,3142.7,1,1,3142.9,1,1,3143.0,569,2
2031,2026-06-16 12:59:12+05:30,3142.5,11,3130.53,2266344,132932.0,201465.0,3163.0,3163.0,3108.0,3134.3,31987000,3447.7,2820.9,3839.9,2896.0,3141.8,14,1,3141.7,67,3,3141.6,69,4,3141.5,106,7,3141.4,28,3,3142.3,10,1,3142.5,148,6,3142.7,1,1,3142.9,1,1,3143.0,569,2
2031,2026-06-16 12:59:13+05:30,3142.5,10,3130.53,2266365,133254.0,201119.0,3163.0,3163.0,3108.0,3134.3,31987000,3447.7,2820.9,3839.9,2896.0,3141.9,10,1,3141.8,190,8,3141.7,77,4,3141.6,75,4,3141.5,289,7,3142.5,138,6,3142.7,1,1,3142.9,1,1,3143.0,569,2,3143.1,21,2
2031,2026-06-16 12:59:13+05:30,3142.5,37,3130.53,2266365,133254.0,201119.0,3163.0,3163.0,3108.0,3134.3,31987000,3447.7,2820.9,3839.9,2896.0,3141.9,10,1,3141.8,190,8,3141.7,77,4,3141.6,75,4,3141.5,289,7,3142.5,138,6,3142.7,1,1,3142.9,1,1,3143.0,569,2,3143.1,21,2
2031,2026-06-16 12:59:13+05:30,3142.5,37,3130.53,2266365,133254.0,201119.0,3163.0,3163.0,3108.0,3134.3,31987000,3447.7,2820.9,3839.9,2896.0,3141.9,10,1,3141.8,190,8,3141.7,77,4,3141.6,75,4,3141.5,289,7,3142.5,138,6,3142.7,1,1,3142.9,1,1,3143.0,569,2,3143.1,21,2
2031,2026-06-16 12:59:14+05:30,3142.5,1,3130.53,2266505,134069.0,200937.0,3163.0,3163.0,3108.0,3134.3,31987000,3447.7,2820.9,3839.9,2896.0,3142.1,16,1,3142.0,64,4,3141.9,76,4,3141.8,65,3,3141.7,123,5,3142.5,48,1,3142.7,1,1,3142.9,1,1,3143.0,569,2,3143.1,21,2
2031,2026-06-16 12:59:14+05:30,3142.5,1,3130.53,2266505,134069.0,200937.0,3163.0,3163.0,3108.0,3134.3,31987000,3447.7,2820.9,3839.9,2896.0,3142.1,16,1,3142.0,64,4,3141.9,76,4,3141.8,65,3,3141.7,123,5,3142.5,48,1,3142.7,1,1,3142.9,1,1,3143.0,569,2,3143.1,21,2
2031,2026-06-16 12:59:15+05:30,3142.5,2,3130.53,2266507,133867.0,201018.0,3163.0,3163.0,3108.0,3134.3,31987000,3447.7,2820.9,3839.9,2896.0,3142.3,15,1,3142.0,8,1,3141.9,59,3,3141.8,101,3,3141.7,138,5,3142.5,46,1,3142.7,1,1,3142.9,1,1,3143.0,569,2,3143.1,21,2
2031,2026-06-16 12:59:15+05:30,3142.5,150,3130.53,2266507,133867.0,201018.0,3163.0,3163.0,3108.0,3134.3,31987000,3447.7,2820.9,3839.9,2896.0,3142.3,15,1,3142.0,8,1,3141.9,59,3,3141.8,101,3,3141.7,138,5,3142.5,46,1,3142.7,1,1,3142.9,1,1,3143.0,569,2,3143.1,21,2
2031,2026-06-16 12:59:15+05:30,3142.5,150,3130.53,2266507,133867.0,201018.0,3163.0,3163.0,3108.0,3134.3,31987000,3447.7,2820.9,3839.9,2896.0,3142.3,15,1,3142.0,8,1,3141.9,59,3,3141.8,101,3,3141.7,138,5,3142.5,46,1,3142.7,1,1,3142.9,1,1,3143.0,569,2,3143.1,21,2
2031,2026-06-16 12:59:16+05:30,3142.5,150,3130.53,2266659,133915.0,201274.0,3163.0,3163.0,3108.0,3134.3,31987000,3447.7,2820.9,3839.9,2896.0,3142.4,2,2,3142.3,1,1,3142.0,25,2,3141.9,59,3,3141.8,116,4,3142.5,50,1,3142.7,1,1,3142.9,1,1,3143.0,569,2,3143.1,21,2
2031,2026-06-16 12:59:17+05:30,3142.5,150,3130.53,2266659,134157.0,200705.0,3163.0,3163.0,3108.0,3134.3,31987000,3447.7,2820.9,3839.9,2896.0,3142.4,38,3,3142.3,1,1,3142.2,5,1,3142.0,17,3,3141.9,119,4,3142.5,102,3,3142.7,1,1,3142.9,1,1,3143.0,569,2,3143.1,21,2
2031,2026-06-16 12:59:17+05:30,3142.5,150,3130.53,2266659,134157.0,200705.0,3163.0,3163.0,3108.0,3134.3,31987000,3447.7,2820.9,3839.9,2896.0,3142.4,38,3,3142.3,1,1,3142.2,5,1,3142.0,17,3,3141.9,119,4,3142.5,102,3,3142.7,1,1,3142.9,1,1,3143.0,569,2,3143.1,21,2
2031,2026-06-16 12:59:17+05:30,3142.5,38,3130.53,2266659,134157.0,200705.0,3163.0,3163.0,3108.0,3134.3,31987000,3447.7,2820.9,3839.9,2896.0,3142.4,38,3,3142.3,1,1,3142.2,5,1,3142.0,17,3,3141.9,119,4,3142.5,102,3,3142.7,1,1,3142.9,1,1,3143.0,569,2,3143.1,21,2
2031,2026-06-16 12:59:18+05:30,3142.4,1,3130.53,2266800,134179.0,201111.0,3163.0,3163.0,3108.0,3134.3,31987000,3447.7,2820.9,3839.9,2896.0,3142.4,38,3,3142.3,1,1,3142.0,1,1,3141.9,40,1,3141.8,73,3,3142.5,262,3,3142.7,1,1,3142.9,1,1,3143.0,569,2,3143.1,26,3
2031,2026-06-16 12:59:18+05:30,3142.4,1,3130.53,2266800,134179.0,201111.0,3163.0,3163.0,3108.0,3134.3,31987000,3447.7,2820.9,3839.9,2896.0,3142.4,38,3,3142.3,1,1,3142.0,1,1,3141.9,40,1,3141.8,73,3,3142.5,262,3,3142.7,1,1,3142.9,1,1,3143.0,569,2,3143.1,26,3
2031,2026-06-16 12:59:18+05:30,3142.4,1,3130.53,2266800,134179.0,201111.0,3163.0,3163.0,3108.0,3134.3,31987000,3447.7,2820.9,3839.9,2896.0,3142.4,38,3,3142.3,1,1,3142.0,1,1,3141.9,40,1,3141.8,73,3,3142.5,262,3,3142.7,1,1,3142.9,1,1,3143.0,569,2,3143.1,26,3
2031,2026-06-16 12:59:19+05:30,3142.5,1,3130.53,2266800,134179.0,201111.0,3163.0,3163.0,3108.0,3134.3,31987000,3447.7,2820.9,3839.9,2896.0,3142.4,38,3,3142.3,1,1,3142.0,1,1,3141.9,40,1,3141.8,73,3,3142.5,262,3,3142.7,1,1,3142.9,1,1,3143.0,569,2,3143.1,26,3
2031,2026-06-16 12:59:19+05:30,3142.5,1,3130.53,2266802,134132.0,201481.0,3163.0,3163.0,3108.0,3134.3,31987000,3447.7,2820.9,3839.9,2896.0,3142.4,38,3,3142.3,1,1,3141.9,40,1,3141.8,11,1,3141.7,12,1,3142.5,261,4,3142.7,1,1,3142.9,1,1,3143.0,569,2,3143.1,122,5
2031,2026-06-16 12:59:19+05:30,3142.5,1,3130.53,2266802,134132.0,201481.0,3163.0,3163.0,3108.0,3134.3,31987000,3447.7,2820.9,3839.9,2896.0,3142.4,38,3,3142.3,1,1,3141.9,40,1,3141.8,11,1,3141.7,12,1,3142.5,261,4,3142.7,1,1,3142.9,1,1,3143.0,569,2,3143.1,122,5
2031,2026-06-16 12:59:20+05:30,3142.5,1,3130.53,2266802,134132.0,201481.0,3163.0,3163.0,3108.0,3134.3,31987000,3447.7,2820.9,3839.9,2896.0,3142.4,38,3,3142.3,1,1,3141.9,40,1,3141.8,11,1,3141.7,12,1,3142.5,261,4,3142.7,1,1,3142.9,1,1,3143.0,569,2,3143.1,122,5
2031,2026-06-16 12:59:20+05:30,3142.5,10,3130.53,2266802,134132.0,201481.0,3163.0,3163.0,3108.0,3134.3,31987000,3447.7,2820.9,3839.9,2896.0,3142.4,38,3,3142.3,1,1,3141.9,40,1,3141.8,11,1,3141.7,12,1,3142.5,261,4,3142.7,1,1,3142.9,1,1,3143.0,569,2,3143.1,122,5
2031,2026-06-16 12:59:20+05:30,3142.5,10,3130.53,2266802,134132.0,201481.0,3163.0,3163.0,3108.0,3134.3,31987000,3447.7,2820.9,3839.9,2896.0,3142.4,38,3,3142.3,1,1,3141.9,40,1,3141.8,11,1,3141.7,12,1,3142.5,261,4,3142.7,1,1,3142.9,1,1,3143.0,569,2,3143.1,122,5
2031,2026-06-16 12:59:20+05:30,3142.5,10,3130.53,2266972,134327.0,201395.0,3163.0,3163.0,3108.0,3134.3,31987000,3447.7,2820.9,3839.9,2896.0,3142.4,38,3,3142.3,18,2,3141.9,40,1,3141.8,11,1,3141.7,88,3,3142.5,91,3,3142.7,1,1,3142.9,1,1,3143.0,569,2,3143.1,81,3
2031,2026-06-16 12:59:21+05:30,3142.5,10,3130.53,2266972,134327.0,201395.0,3163.0,3163.0,3108.0,3134.3,31987000,3447.7,2820.9,3839.9,2896.0,3142.4,38,3,3142.3,18,2,3141.9,40,1,3141.8,11,1,3141.7,88,3,3142.5,91,3,3142.7,1,1,3142.9,1,1,3143.0,569,2,3143.1,81,3
2031,2026-06-16 12:59:21+05:30,3142.5,7,3130.53,2266972,134327.0,201395.0,3163.0,3163.0,3108.0,3134.3,31987000,3447.7,2820.9,3839.9,2896.0,3142.4,38,3,3142.3,18,2,3141.9,40,1,3141.8,11,1,3141.7,88,3,3142.5,91,3,3142.7,1,1,3142.9,1,1,3143.0,569,2,3143.1,81,3
2031,2026-06-16 12:59:21+05:30,3142.5,7,3130.53,2267120,133871.0,201029.0,3163.0,3163.0,3108.0,3134.3,31987000,3447.7,2820.9,3839.9,2896.0,3142.4,38,3,3142.3,1,1,3141.9,40,1,3141.8,11,1,3141.7,12,1,3142.5,85,3,3142.7,1,1,3142.9,1,1,3143.0,569,2,3143.1,21,2
2031,2026-06-16 12:59:22+05:30,3142.5,7,3130.53,2267120,133871.0,201029.0,3163.0,3163.0,3108.0,3134.3,31987000,3447.7,2820.9,3839.9,2896.0,3142.4,38,3,3142.3,1,1,3141.9,40,1,3141.8,11,1,3141.7,12,1,3142.5,85,3,3142.7,1,1,3142.9,1,1,3143.0,569,2,3143.1,21,2
2031,2026-06-16 12:59:22+05:30,3142.4,9,3130.53,2267120,133871.0,201029.0,3163.0,3163.0,3108.0,3134.3,31987000,3447.7,2820.9,3839.9,2896.0,3142.4,38,3,3142.3,1,1,3141.9,40,1,3141.8,11,1,3141.7,12,1,3142.5,85,3,3142.7,1,1,3142.9,1,1,3143.0,569,2,3143.1,21,2
2031,2026-06-16 12:59:22+05:30,3142.5,3,3130.53,2267134,133816.0,201272.0,3163.0,3163.0,3108.0,3134.3,31987000,3447.7,2820.9,3839.9,2896.0,3142.4,29,3,3142.3,1,1,3141.9,55,2,3141.8,11,1,3141.7,12,1,3142.5,106,4,3142.7,1,1,3142.8,79,2,3142.9,39,2,3143.0,600,3
2031,2026-06-16 12:59:22+05:30,3142.5,3,3130.53,2267134,133816.0,201272.0,3163.0,3163.0,3108.0,3134.3,31987000,3447.7,2820.9,3839.9,2896.0,3142.4,29,3,3142.3,1,1,3141.9,55,2,3141.8,11,1,3141.7,12,1,3142.5,106,4,3142.7,1,1,3142.8,79,2,3142.9,39,2,3143.0,600,3
2031,2026-06-16 12:59:23+05:30,3142.4,20,3130.53,2267134,133816.0,201272.0,3163.0,3163.0,3108.0,3134.3,31987000,3447.7,2820.9,3839.9,2896.0,3142.4,29,3,3142.3,1,1,3141.9,55,2,3141.8,11,1,3141.7,12,1,3142.5,106,4,3142.7,1,1,3142.8,79,2,3142.9,39,2,3143.0,600,3
2031,2026-06-16 12:59:23+05:30,3142.4,20,3130.53,2267134,133816.0,201272.0,3163.0,3163.0,3108.0,3134.3,31987000,3447.7,2820.9,3839.9,2896.0,3142.4,29,3,3142.3,1,1,3141.9,55,2,3141.8,11,1,3141.7,12,1,3142.5,106,4,3142.7,1,1,3142.8,79,2,3142.9,39,2,3143.0,600,3
2031,2026-06-16 12:59:23+05:30,3142.4,20,3130.53,2267154,133979.0,201225.0,3163.0,3163.0,3108.0,3134.3,31987000,3447.7,2820.9,3839.9,2896.0,3142.4,24,4,3142.3,1,1,3141.9,40,1,3141.7,12,1,3141.6,24,2,3142.5,106,4,3142.6,10,1,3142.7,1,1,3142.8,79,2,3142.9,39,2
2031,2026-06-16 12:59:24+05:30,3142.4,20,3130.53,2267154,133979.0,201225.0,3163.0,3163.0,3108.0,3134.3,31987000,3447.7,2820.9,3839.9,2896.0,3142.4,24,4,3142.3,1,1,3141.9,40,1,3141.7,12,1,3141.6,24,2,3142.5,106,4,3142.6,10,1,3142.7,1,1,3142.8,79,2,3142.9,39,2
2031,2026-06-16 12:59:24+05:30,3142.4,8,3130.53,2267154,133979.0,201225.0,3163.0,3163.0,3108.0,3134.3,31987000,3447.7,2820.9,3839.9,2896.0,3142.4,24,4,3142.3,1,1,3141.9,40,1,3141.7,12,1,3141.6,24,2,3142.5,106,4,3142.6,10,1,3142.7,1,1,3142.8,79,2,3142.9,39,2
2031,2026-06-16 12:59:24+05:30,3142.5,1,3130.53,2267222,133906.0,201227.0,3163.0,3163.0,3108.0,3134.3,31987000,3447.7,2820.9,3839.9,2896.0,3142.4,45,3,3142.3,19,2,3141.9,40,1,3141.5,76,5,3141.4,70,2,3142.5,106,4,3142.7,1,1,3142.8,20,1,3142.9,113,3,3143.0,600,3
2031,2026-06-16 12:59:25+05:30,3142.5,1,3130.53,2267222,133906.0,201227.0,3163.0,3163.0,3108.0,3134.3,31987000,3447.7,2820.9,3839.9,2896.0,3142.4,45,3,3142.3,19,2,3141.9,40,1,3141.5,76,5,3141.4,70,2,3142.5,106,4,3142.7,1,1,3142.8,20,1,3142.9,113,3,3143.0,600,3
2031,2026-06-16 12:59:25+05:30,3142.5,9,3130.53,2267222,133906.0,201227.0,3163.0,3163.0,3108.0,3134.3,31987000,3447.7,2820.9,3839.9,2896.0,3142.4,45,3,3142.3,19,2,3141.9,40,1,3141.5,76,5,3141.4,70,2,3142.5,106,4,3142.7,1,1,3142.8,20,1,3142.9,113,3,3143.0,600,3
2031,2026-06-16 12:59:25+05:30,3142.5,1,3130.53,2267234,134115.0,201203.0,3163.0,3163.0,3108.0,3134.3,31987000,3447.7,2820.9,3839.9,2896.0,3142.4,44,3,3142.3,18,1,3141.9,40,1,3141.5,139,6,3141.4,330,4,3142.5,95,4,3142.7,1,1,3142.8,20,1,3142.9,113,3,3143.0,600,3
2031,2026-06-16 12:59:26+05:30,3142.5,1,3130.53,2267234,134115.0,201203.0,3163.0,3163.0,3108.0,3134.3,31987000,3447.7,2820.9,3839.9,2896.0,3142.4,44,3,3142.3,18,1,3141.9,40,1,3141.5,139,6,3141.4,330,4,3142.5,95,4,3142.7,1,1,3142.8,20,1,3142.9,113,3,3143.0,600,3
2031,2026-06-16 12:59:26+05:30,3142.4,2,3130.53,2267234,134115.0,201203.0,3163.0,3163.0,3108.0,3134.3,31987000,3447.7,2820.9,3839.9,2896.0,3142.4,44,3,3142.3,18,1,3141.9,40,1,3141.5,139,6,3141.4,330,4,3142.5,95,4,3142.7,1,1,3142.8,20,1,3142.9,113,3,3143.0,600,3
2031,2026-06-16 12:59:26+05:30,3142.5,54,3130.53,2267385,134112.0,201185.0,3163.0,3163.0,3108.0,3134.3,31987000,3447.7,2820.9,3839.9,2896.0,3142.4,42,3,3141.9,40,1,3141.6,63,1,3141.5,139,6,3141.4,147,4,3142.5,50,1,3142.7,1,1,3142.8,20,1,3142.9,113,3,3143.0,600,3
2031,2026-06-16 12:59:27+05:30,3142.5,54,3130.53,2267385,134112.0,201185.0,3163.0,3163.0,3108.0,3134.3,31992000,3447.7,2820.9,3839.9,2896.0,3142.4,42,3,3141.9,40,1,3141.6,63,1,3141.5,139,6,3141.4,147,4,3142.5,50,1,3142.7,1,1,3142.8,20,1,3142.9,113,3,3143.0,600,3
2031,2026-06-16 12:59:27+05:30,3142.4,3,3130.53,2267385,134112.0,201185.0,3163.0,3163.0,3108.0,3134.3,31992000,3447.7,2820.9,3839.9,2896.0,3142.4,42,3,3141.9,40,1,3141.6,63,1,3141.5,139,6,3141.4,147,4,3142.5,50,1,3142.7,1,1,3142.8,20,1,3142.9,113,3,3143.0,600,3
2031,2026-06-16 12:59:27+05:30,3142.5,95,3130.53,2267483,134054.0,201217.0,3163.0,3163.0,3108.0,3134.3,31992000,3447.7,2820.9,3839.9,2896.0,3142.4,39,3,3141.9,40,1,3141.6,63,1,3141.5,183,7,3141.4,67,2,3142.5,50,1,3142.7,1,1,3142.8,115,3,3142.9,55,2,3143.0,695,5
2031,2026-06-16 12:59:28+05:30,3142.4,1,3130.53,2267483,134054.0,201217.0,3163.0,3163.0,3108.0,3134.3,31992000,3447.7,2820.9,3839.9,2896.0,3142.4,39,3,3141.9,40,1,3141.6,63,1,3141.5,183,7,3141.4,67,2,3142.5,50,1,3142.7,1,1,3142.8,115,3,3142.9,55,2,3143.0,695,5
2031,2026-06-16 12:59:28+05:30,3142.4,1,3130.53,2267486,134250.0,201292.0,3163.0,3163.0,3108.0,3134.3,31992000,3447.7,2820.9,3839.9,2896.0,3142.4,51,2,3141.9,40,1,3141.6,63,1,3141.5,183,7,3141.4,67,2,3142.5,198,4,3142.6,10,1,3142.7,1,1,3142.8,118,3,3142.9,55,2
2031,2026-06-16 12:59:29+05:30,3142.5,1,3130.53,2267486,134250.0,201292.0,3163.0,3163.0,3108.0,3134.3,31992000,3447.7,2820.9,3839.9,2896.0,3142.4,51,2,3141.9,40,1,3141.6,63,1,3141.5,183,7,3141.4,67,2,3142.5,198,4,3142.6,10,1,3142.7,1,1,3142.8,118,3,3142.9,55,2
2031,2026-06-16 12:59:29+05:30,3142.5,1,3130.53,2267487,134055.0,201332.0,3163.0,3163.0,3108.0,3134.3,31992000,3447.7,2820.9,3839.9,2896.0,3142.4,51,2,3141.9,40,1,3141.6,63,1,3141.5,183,7,3141.4,67,2,3142.5,221,5,3142.6,10,1,3142.7,1,1,3142.8,118,3,3142.9,55,2
2031,2026-06-16 12:59:30+05:30,3142.5,2,3130.53,2267487,134055.0,201332.0,3163.0,3163.0,3108.0,3134.3,31992000,3447.7,2820.9,3839.9,2896.0,3142.4,51,2,3141.9,40,1,3141.6,63,1,3141.5,183,7,3141.4,67,2,3142.5,221,5,3142.6,10,1,3142.7,1,1,3142.8,118,3,3142.9,55,2
2031,2026-06-16 12:59:30+05:30,3142.5,2,3130.53,2267492,134146.0,201387.0,3163.0,3163.0,3108.0,3134.3,31992000,3447.7,2820.9,3839.9,2896.0,3142.4,52,3,3142.3,14,1,3141.9,40,1,3141.6,123,2,3141.5,120,6,3142.5,168,3,3142.7,1,1,3142.8,118,3,3142.9,55,2,3143.0,700,6
2031,2026-06-16 12:59:31+05:30,3142.5,11,3130.53,2267503,134251.0,201300.0,3163.0,3163.0,3108.0,3134.3,31992000,3447.7,2820.9,3839.9,2896.0,3142.4,52,3,3142.3,14,1,3141.9,40,1,3141.6,123,2,3141.5,120,6,3142.5,157,3,3142.7,1,1,3142.8,80,2,3142.9,55,2,3143.0,657,4
2031,2026-06-16 12:59:32+05:30,3142.5,70,3130.53,2267503,134251.0,201300.0,3163.0,3163.0,3108.0,3134.3,31992000,3447.7,2820.9,3839.9,2896.0,3142.4,52,3,3142.3,14,1,3141.9,40,1,3141.6,123,2,3141.5,120,6,3142.5,157,3,3142.7,1,1,3142.8,80,2,3142.9,55,2,3143.0,657,4
2031,2026-06-16 12:59:32+05:30,3142.5,70,3130.53,2267650,133872.0,201198.0,3163.0,3163.0,3108.0,3134.3,31992000,3447.7,2820.9,3839.9,2896.0,3142.4,52,3,3141.9,40,1,3141.5,76,5,3141.4,68,3,3141.3,38,2,3142.5,104,3,3142.6,50,1,3142.7,1,1,3142.8,80,2,3142.9,55,2
2031,2026-06-16 12:59:33+05:30,3142.4,20,3130.53,2267650,133872.0,201198.0,3163.0,3163.0,3108.0,3134.3,31992000,3447.7,2820.9,3839.9,2896.0,3142.4,52,3,3141.9,40,1,3141.5,76,5,3141.4,68,3,3141.3,38,2,3142.5,104,3,3142.6,50,1,3142.7,1,1,3142.8,80,2,3142.9,55,2
2031,2026-06-16 12:59:33+05:30,3142.4,20,3130.53,2267841,133000.0,202313.0,3163.0,3163.0,3108.0,3134.3,31992000,3447.7,2820.9,3839.9,2896.0,3141.9,40,1,3141.5,52,3,3141.3,20,1,3141.2,20,1,3141.1,46,2,3142.4,283,6,3142.5,104,3,3142.6,94,2,3142.7,47,3,3142.8,94,2
2031,2026-06-16 12:59:34+05:30,3142.4,1,3130.53,2267842,133154.0,202384.0,3163.0,3163.0,3108.0,3134.3,31992000,3447.7,2820.9,3839.9,2896.0,3141.9,90,2,3141.5,52,3,3141.3,20,1,3141.2,20,1,3141.1,214,3,3142.4,211,4,3142.5,104,3,3142.6,94,2,3142.7,42,2,3142.8,299,4
2031,2026-06-16 12:59:35+05:30,3142.4,1,3130.53,2267842,133154.0,202384.0,3163.0,3163.0,3108.0,3134.3,31992000,3447.7,2820.9,3839.9,2896.0,3141.9,90,2,3141.5,52,3,3141.3,20,1,3141.2,20,1,3141.1,214,3,3142.4,211,4,3142.5,104,3,3142.6,94,2,3142.7,42,2,3142.8,299,4
2031,2026-06-16 12:59:35+05:30,3142.4,1,3130.53,2267843,133173.0,202298.0,3163.0,3163.0,3108.0,3134.3,31992000,3447.7,2820.9,3839.9,2896.0,3141.9,90,2,3141.5,52,3,3141.3,20,1,3141.2,20,1,3141.1,46,2,3142.4,259,7,3142.5,104,3,3142.6,98,2,3142.7,42,2,3142.8,299,4
2031,2026-06-16 12:59:36+05:30,3142.4,1,3130.53,2267843,133149.0,202376.0,3163.0,3163.0,3108.0,3134.3,31992000,3447.7,2820.9,3839.9,2896.0,3141.9,90,2,3141.8,15,1,3141.5,52,3,3141.3,20,1,3141.2,20,1,3142.4,312,10,3142.5,126,4,3142.6,98,2,3142.7,242,3,3142.8,99,3
2031,2026-06-16 12:59:37+05:30,3142.4,1,3130.53,2267843,133113.0,202423.0,3163.0,3163.0,3108.0,3134.3,31992000,3447.7,2820.9,3839.9,2896.0,3141.9,90,2,3141.8,15,1,3141.5,52,3,3141.2,20,1,3141.1,46,2,3142.2,200,1,3142.3,59,4,3142.4,78,8,3142.5,326,5,3142.6,103,3
2031,2026-06-16 12:59:38+05:30,3141.8,110,3130.53,2267843,133113.0,202423.0,3163.0,3163.0,3108.0,3134.3,31992000,3447.7,2820.9,3839.9,2896.0,3141.9,90,2,3141.8,15,1,3141.5,52,3,3141.2,20,1,3141.1,46,2,3142.2,200,1,3142.3,59,4,3142.4,78,8,3142.5,326,5,3142.6,103,3
2031,2026-06-16 12:59:38+05:30,3141.8,110,3130.54,2268043,133040.0,202304.0,3163.0,3163.0,3108.0,3134.3,31992000,3447.7,2820.9,3839.9,2896.0,3141.8,15,1,3141.5,52,3,3141.1,206,4,3141.0,302,7,3140.9,76,3,3142.1,14,1,3142.2,71,5,3142.3,44,3,3142.4,112,7,3142.5,304,4
2031,2026-06-16 12:59:39+05:30,3142.1,1,3130.54,2268043,133040.0,202304.0,3163.0,3163.0,3108.0,3134.3,31992000,3447.7,2820.9,3839.9,2896.0,3141.8,15,1,3141.5,52,3,3141.1,206,4,3141.0,302,7,3140.9,76,3,3142.1,14,1,3142.2,71,5,3142.3,44,3,3142.4,112,7,3142.5,304,4
2031,2026-06-16 12:59:39+05:30,3142.1,1,3130.54,2268044,132861.0,202532.0,3163.0,3163.0,3108.0,3134.3,31992000,3447.7,2820.9,3839.9,2896.0,3141.8,15,1,3141.5,52,3,3141.3,9,1,3141.1,214,3,3141.0,288,6,3141.9,1,1,3142.2,51,4,3142.3,29,2,3142.4,117,8,3142.5,304,4
2031,2026-06-16 12:59:40+05:30,3141.9,1,3130.54,2268045,132682.0,202653.0,3163.0,3163.0,3108.0,3134.3,31992000,3447.7,2820.9,3839.9,2896.0,3141.8,15,1,3141.5,52,3,3141.1,24,1,3141.0,302,7,3140.9,62,2,3141.9,1,1,3142.0,1,1,3142.2,50,3,3142.3,53,2,3142.4,103,7
2031,2026-06-16 12:59:41+05:30,3141.9,1,3130.54,2268045,132682.0,202653.0,3163.0,3163.0,3108.0,3134.3,31992000,3447.7,2820.9,3839.9,2896.0,3141.8,15,1,3141.5,52,3,3141.1,24,1,3141.0,302,7,3140.9,62,2,3141.9,1,1,3142.0,1,1,3142.2,50,3,3142.3,53,2,3142.4,103,7
2031,2026-06-16 12:59:41+05:30,3141.9,1,3130.54,2268045,132697.0,202668.0,3163.0,3163.0,3108.0,3134.3,31992000,3447.7,2820.9,3839.9,2896.0,3141.8,15,1,3141.5,52,3,3141.4,15,1,3141.1,24,1,3141.0,302,7,3141.9,2,2,3142.0,1,1,3142.1,70,2,3142.2,26,2,3142.3,53,2
2031,2026-06-16 12:59:42+05:30,3141.5,1,3130.54,2268293,131928.0,204159.0,3163.0,3163.0,3108.0,3134.3,31992000,3447.7,2820.9,3839.9,2896.0,3141.0,205,3,3140.6,15,1,3140.5,22,1,3140.4,22,1,3140.3,24,2,3141.5,10,1,3141.6,316,4,3141.8,89,6,3141.9,90,6,3142.0,317,4
2031,2026-06-16 12:59:43+05:30,3141.5,1,3130.54,2268293,131928.0,204159.0,3163.0,3163.0,3108.0,3134.3,31992000,3447.7,2820.9,3839.9,2896.0,3141.0,205,3,3140.6,15,1,3140.5,22,1,3140.4,22,1,3140.3,24,2,3141.5,10,1,3141.6,316,4,3141.8,89,6,3141.9,90,6,3142.0,317,4
2031,2026-06-16 12:59:43+05:30,3141.5,1,3130.54,2268293,131219.0,202674.0,3163.0,3163.0,3108.0,3134.3,31992000,3447.7,2820.9,3839.9,2896.0,3141.1,13,1,3141.0,205,3,3140.6,15,1,3140.4,60,1,3140.3,21,1,3141.5,43,4,3141.6,68,2,3141.8,75,5,3141.9,289,7,3142.0,168,4
2031,2026-06-16 12:59:44+05:30,3141.1,1,3130.54,2268293,131219.0,202674.0,3163.0,3163.0,3108.0,3134.3,31992000,3447.7,2820.9,3839.9,2896.0,3141.1,13,1,3141.0,205,3,3140.6,15,1,3140.4,60,1,3140.3,21,1,3141.5,43,4,3141.6,68,2,3141.8,75,5,3141.9,289,7,3142.0,168,4
2031,2026-06-16 12:59:44+05:30,3141.1,1,3130.54,2268294,131428.0,204693.0,3163.0,3163.0,3108.0,3134.3,31992000,3447.7,2820.9,3839.9,2896.0,3141.1,13,2,3141.0,205,3,3140.6,15,1,3140.4,60,1,3140.3,21,1,3141.5,63,6,3141.6,68,2,3141.8,75,5,3141.9,283,4,3142.0,168,4
2031,2026-06-16 12:59:45+05:30,3141.5,1,3130.54,2268294,131428.0,204693.0,3163.0,3163.0,3108.0,3134.3,31992000,3447.7,2820.9,3839.9,2896.0,3141.1,13,2,3141.0,205,3,3140.6,15,1,3140.4,60,1,3140.3,21,1,3141.5,63,6,3141.6,68,2,3141.8,75,5,3141.9,283,4,3142.0,168,4
2031,2026-06-16 12:59:45+05:30,3141.3,1,3130.54,2268298,131816.0,204622.0,3163.0,3163.0,3108.0,3134.3,31992000,3447.7,2820.9,3839.9,2896.0,3141.3,2,2,3141.1,14,3,3141.0,205,3,3140.5,21,1,3140.4,60,1,3141.5,49,5,3141.6,30,1,3141.7,54,1,3141.8,10,2,3141.9,321,5
2031,2026-06-16 12:59:46+05:30,3141.0,3,3130.54,2268298,131816.0,204622.0,3163.0,3163.0,3108.0,3134.3,31992000,3447.7,2820.9,3839.9,2896.0,3141.3,2,2,3141.1,14,3,3141.0,205,3,3140.5,21,1,3140.4,60,1,3141.5,49,5,3141.6,30,1,3141.7,54,1,3141.8,10,2,3141.9,321,5
2031,2026-06-16 12:59:46+05:30,3141.0,3,3130.54,2268339,131796.0,204774.0,3163.0,3163.0,3108.0,3134.3,31992000,3447.7,2820.9,3839.9,2896.0,3141.0,202,3,3140.5,21,1,3140.3,21,1,3140.2,286,4,3140.1,282,6,3141.4,1,1,3141.5,48,5,3141.7,89,2,3141.8,21,3,3141.9,320,4
2031,2026-06-16 12:59:47+05:30,3141.0,3,3130.54,2268339,131552.0,204807.0,3163.0,3163.0,3108.0,3134.3,31992000,3447.7,2820.9,3839.9,2896.0,3141.0,202,3,3140.5,21,1,3140.3,21,1,3140.2,1,1,3140.1,64,4,3141.4,24,2,3141.5,96,6,3141.6,38,1,3141.7,235,2,3141.8,117,5
2031,2026-06-16 12:59:48+05:30,3140.9,22,3130.54,2268339,131552.0,204807.0,3163.0,3163.0,3108.0,3134.3,31992000,3447.7,2820.9,3839.9,2896.0,3141.0,202,3,3140.5,21,1,3140.3,21,1,3140.2,1,1,3140.1,64,4,3141.4,24,2,3141.5,96,6,3141.6,38,1,3141.7,235,2,3141.8,117,5
2031,2026-06-16 12:59:48+05:30,3140.9,22,3130.54,2268811,129718.0,206007.0,3163.0,3163.0,3108.0,3134.3,31992000,3447.7,2820.9,3839.9,2896.0,3140.2,1,1,3140.1,3,1,3140.0,418,5,3139.7,20,1,3139.6,17,1,3140.8,200,1,3140.9,30,2,3141.0,113,5,3141.1,1,1,3141.2,183,5
2031,2026-06-16 12:59:49+05:30,3140.9,22,3130.54,2268811,129734.0,206251.0,3163.0,3163.0,3108.0,3134.3,31992000,3447.7,2820.9,3839.9,2896.0,3140.2,1,1,3140.1,3,1,3140.0,418,5,3139.7,20,1,3139.6,17,1,3140.8,278,6,3140.9,9,1,3141.0,187,7,3141.1,201,2,3141.2,183,5
2031,2026-06-16 12:59:50+05:30,3140.9,22,3130.54,2268811,129812.0,206385.0,3163.0,3163.0,3108.0,3134.3,31992000,3447.7,2820.9,3839.9,2896.0,3140.2,1,1,3140.1,3,1,3140.0,418,5,3139.7,20,1,3139.6,17,1,3140.6,200,1,3140.7,62,2,3140.8,124,8,3140.9,209,2,3141.0,207,7
2031,2026-06-16 12:59:51+05:30,3140.6,2,3130.54,2268811,129812.0,206385.0,3163.0,3163.0,3108.0,3134.3,31992000,3447.7,2820.9,3839.9,2896.0,3140.2,1,1,3140.1,3,1,3140.0,418,5,3139.7,20,1,3139.6,17,1,3140.6,200,1,3140.7,62,2,3140.8,124,8,3140.9,209,2,3141.0,207,7
2031,2026-06-16 12:59:51+05:30,3140.6,2,3130.54,2269234,129538.0,206408.0,3163.0,3163.0,3108.0,3134.3,31992000,3447.7,2820.9,3839.9,2896.0,3140.0,341,5,3139.9,29,2,3139.6,143,5,3139.5,215,4,3139.4,36,2,3140.5,1,1,3140.6,261,3,3140.7,8,1,3140.8,18,3,3140.9,9,1
2031,2026-06-16 12:59:52+05:30,3140.4,1,3130.54,2269234,129538.0,206408.0,3163.0,3163.0,3108.0,3134.3,31992000,3447.7,2820.9,3839.9,2896.0,3140.0,341,5,3139.9,29,2,3139.6,143,5,3139.5,215,4,3139.4,36,2,3140.5,1,1,3140.6,261,3,3140.7,8,1,3140.8,18,3,3140.9,9,1
2031,2026-06-16 12:59:52+05:30,3140.4,1,3130.54,2269246,129711.0,206954.0,3163.0,3163.0,3108.0,3134.3,31992000,3447.7,2820.9,3839.9,2896.0,3140.0,407,8,3139.9,29,2,3139.8,54,2,3139.6,143,5,3139.5,215,4,3140.4,186,1,3140.5,1,1,3140.6,63,2,3140.7,8,1,3140.8,18,3
2031,2026-06-16 12:59:53+05:30,3140.0,4,3130.54,2269246,129711.0,206954.0,3163.0,3163.0,3108.0,3134.3,31992000,3447.7,2820.9,3839.9,2896.0,3140.0,407,8,3139.9,29,2,3139.8,54,2,3139.6,143,5,3139.5,215,4,3140.4,186,1,3140.5,1,1,3140.6,63,2,3140.7,8,1,3140.8,18,3
2031,2026-06-16 12:59:53+05:30,3140.0,4,3130.54,2269436,129512.0,206502.0,3163.0,3163.0,3108.0,3134.3,31992000,3447.7,2820.9,3839.9,2896.0,3140.0,205,6,3139.9,47,3,3139.8,36,1,3139.7,5,1,3139.6,143,5,3140.4,10,2,3140.5,1,1,3140.6,38,1,3140.8,1,1,3140.9,9,1
2031,2026-06-16 12:59:54+05:30,3140.0,4,3130.54,2269436,129528.0,206529.0,3163.0,3163.0,3108.0,3134.3,31992000,3447.7,2820.9,3839.9,2896.0,3140.0,221,7,3139.9,47,3,3139.8,36,1,3139.6,148,6,3139.5,415,5,3140.4,24,3,3140.5,1,1,3140.6,38,1,3140.8,1,1,3141.0,20,1
2031,2026-06-16 12:59:55+05:30,3140.0,4,3130.54,2269436,129529.0,206565.0,3163.0,3163.0,3108.0,3134.3,31992000,3447.7,2820.9,3839.9,2896.0,3140.0,222,8,3139.9,47,3,3139.8,36,1,3139.6,148,6,3139.5,415,5,3140.4,24,3,3140.5,1,1,3140.6,38,1,3140.8,1,1,3141.0,20,1
2031,2026-06-16 12:59:56+05:30,3140.3,1,3130.54,2269436,129529.0,206565.0,3163.0,3163.0,3108.0,3134.3,31992000,3447.7,2820.9,3839.9,2896.0,3140.0,222,8,3139.9,47,3,3139.8,36,1,3139.6,148,6,3139.5,415,5,3140.4,24,3,3140.5,1,1,3140.6,38,1,3140.8,1,1,3141.0,20,1
2031,2026-06-16 12:59:56+05:30,3140.3,1,3130.54,2269737,129567.0,206313.0,3163.0,3163.0,3108.0,3134.3,31992000,3447.7,2820.9,3839.9,2896.0,3140.0,278,7,3139.9,10,2,3139.8,46,3,3139.7,11,1,3139.6,121,5,3140.4,24,3,3140.6,38,1,3140.8,1,1,3141.0,20,1,3141.1,1,1
2031,2026-06-16 12:59:57+05:30,3140.0,200,3130.54,2269737,129567.0,206313.0,3163.0,3163.0,3108.0,3134.3,31992000,3447.7,2820.9,3839.9,2896.0,3140.0,278,7,3139.9,10,2,3139.8,46,3,3139.7,11,1,3139.6,121,5,3140.4,24,3,3140.6,38,1,3140.8,1,1,3141.0,20,1,3141.1,1,1
2031,2026-06-16 12:59:57+05:30,3140.0,200,3130.54,2269937,129414.0,206909.0,3163.0,3163.0,3108.0,3134.3,31992000,3447.7,2820.9,3839.9,2896.0,3140.0,46,4,3139.7,11,1,3139.6,13,1,3139.5,275,5,3139.4,18,1,3140.4,29,4,3140.6,38,1,3140.8,1,1,3141.0,220,2,3141.1,70,3
2031,2026-06-16 12:59:58+05:30,3140.4,1,3130.54,2269937,129414.0,206909.0,3163.0,3163.0,3108.0,3134.3,31992000,3447.7,2820.9,3839.9,2896.0,3140.0,46,4,3139.7,11,1,3139.6,13,1,3139.5,275,5,3139.4,18,1,3140.4,29,4,3140.6,38,1,3140.8,1,1,3141.0,220,2,3141.1,70,3
2031,2026-06-16 12:59:58+05:30,3140.4,1,3130.54,2269989,129711.0,206824.0,3163.0,3163.0,3108.0,3134.3,31992000,3447.7,2820.9,3839.9,2896.0,3140.0,319,4,3139.7,11,1,3139.6,13,1,3139.5,329,7,3139.4,5,1,3140.4,28,4,3140.6,38,1,3140.8,55,2,3141.0,274,3,3141.1,37,2
2031,2026-06-16 12:59:59+05:30,3140.4,1,3130.54,2269989,129714.0,206831.0,3163.0,3163.0,3108.0,3134.3,31992000,3447.7,2820.9,3839.9,2896.0,3140.0,319,4,3139.7,11,1,3139.6,13,1,3139.5,329,7,3139.4,5,1,3140.4,28,4,3140.6,38,1,3140.8,55,2,3141.0,274,3,3141.1,37,2
2031,2026-06-16 13:00:00+05:30,3140.2,1,3130.54,2269989,129714.0,206831.0,3163.0,3163.0,3108.0,3134.3,31992000,3447.7,2820.9,3839.9,2896.0,3140.0,319,4,3139.7,11,1,3139.6,13,1,3139.5,329,7,3139.4,5,1,3140.4,28,4,3140.6,38,1,3140.8,55,2,3141.0,274,3,3141.1,37,2
2031,2026-06-16 13:00:00+05:30,3140.2,1,3130.54,2269990,129854.0,206757.0,3163.0,3163.0,3108.0,3134.3,31992000,3447.7,2820.9,3839.9,2896.0,3140.2,2,2,3140.0,458,7,3139.6,18,1,3139.5,294,5,3139.4,20,2,3140.4,56,7,3140.6,38,1,3140.8,54,1,3141.0,274,3,3141.1,1,1
2031,2026-06-16 13:00:01+05:30,3140.4,2,3130.54,2269990,129854.0,206757.0,3163.0,3163.0,3108.0,3134.3,31992000,3447.7,2820.9,3839.9,2896.0,3140.2,2,2,3140.0,458,7,3139.6,18,1,3139.5,294,5,3139.4,20,2,3140.4,56,7,3140.6,38,1,3140.8,54,1,3141.0,274,3,3141.1,1,1
2031,2026-06-16 13:00:01+05:30,3140.4,2,3130.54,2270094,129769.0,206789.0,3163.0,3163.0,3108.0,3134.3,31992000,3447.7,2820.9,3839.9,2896.0,3140.2,14,1,3140.0,360,7,3139.6,18,1,3139.5,299,6,3139.4,15,1,3140.4,53,7,3140.6,38,1,3141.0,274,3,3141.1,1,1,3141.3,63,3
2031,2026-06-16 13:00:02+05:30,3140.4,1,3130.54,2270094,129769.0,206789.0,3163.0,3163.0,3108.0,3134.3,31992000,3447.7,2820.9,3839.9,2896.0,3140.2,14,1,3140.0,360,7,3139.6,18,1,3139.5,299,6,3139.4,15,1,3140.4,53,7,3140.6,38,1,3141.0,274,3,3141.1,1,1,3141.3,63,3
2031,2026-06-16 13:00:02+05:30,3140.4,1,3130.54,2270095,129724.0,206825.0,3163.0,3163.0,3108.0,3134.3,31992000,3447.7,2820.9,3839.9,2896.0,3140.2,14,1,3140.0,360,7,3139.5,242,3,3139.3,122,5,3139.2,200,1,3140.4,85,8,3140.5,48,1,3140.6,38,1,3140.7,38,1,3140.8,121,3
2031,2026-06-16 13:00:03+05:30,3140.4,29,3130.54,2270095,129724.0,206825.0,3163.0,3163.0,3108.0,3134.3,31992000,3447.7,2820.9,3839.9,2896.0,3140.2,14,1,3140.0,360,7,3139.5,242,3,3139.3,122,5,3139.2,200,1,3140.4,85,8,3140.5,48,1,3140.6,38,1,3140.7,38,1,3140.8,121,3
2031,2026-06-16 13:00:03+05:30,3140.4,29,3130.54,2270263,129825.0,206768.0,3163.0,3163.0,3108.0,3134.3,31992000,3447.7,2820.9,3839.9,2896.0,3140.0,360,7,3139.5,242,3,3139.3,100,3,3139.2,200,1,3139.1,86,4,3140.4,9,1,3140.6,58,1,3140.8,121,3,3141.0,355,6,3141.1,46,2
2031,2026-06-16 13:00:04+05:30,3140.8,2,3130.54,2270263,129825.0,206768.0,3163.0,3163.0,3108.0,3134.3,31992000,3447.7,2820.9,3839.9,2896.0,3140.0,360,7,3139.5,242,3,3139.3,100,3,3139.2,200,1,3139.1,86,4,3140.4,9,1,3140.6,58,1,3140.8,121,3,3141.0,355,6,3141.1,46,2
2031,2026-06-16 13:00:04+05:30,3141.0,4,3130.55,2270388,131785.0,206971.0,3163.0,3163.0,3108.0,3134.3,31992000,3447.7,2820.9,3839.9,2896.0,3140.4,1,1,3140.1,164,1,3140.0,360,7,3139.8,7,1,3139.7,79,2,3141.0,290,3,3141.1,46,2,3141.2,52,1,3141.3,84,2,3141.4,254,2
2031,2026-06-16 13:00:05+05:30,3141.1,1,3130.55,2270388,131785.0,206971.0,3163.0,3163.0,3108.0,3134.3,31992000,3447.7,2820.9,3839.9,2896.0,3140.4,1,1,3140.1,164,1,3140.0,360,7,3139.8,7,1,3139.7,79,2,3141.0,290,3,3141.1,46,2,3141.2,52,1,3141.3,84,2,3141.4,254,2
2031,2026-06-16 13:00:05+05:30,3141.4,121,3130.55,2270836,132751.0,205611.0,3163.0,3163.0,3108.0,3134.3,31992000,3447.7,2820.9,3839.9,2896.0,3140.6,244,6,3140.5,39,3,3140.4,124,7,3140.3,40,3,3140.2,94,4,3141.4,79,1,3141.5,600,2,3141.6,200,1,3141.8,200,1,3141.9,200,1
2031,2026-06-16 13:00:06+05:30,3140.9,12,3130.55,2270836,132751.0,205611.0,3163.0,3163.0,3108.0,3134.3,31992000,3447.7,2820.9,3839.9,2896.0,3140.6,244,6,3140.5,39,3,3140.4,124,7,3140.3,40,3,3140.2,94,4,3141.4,79,1,3141.5,600,2,3141.6,200,1,3141.8,200,1,3141.9,200,1
2031,2026-06-16 13:00:06+05:30,3140.9,12,3130.55,2270915,133763.0,206972.0,3163.0,3163.0,3108.0,3134.3,31992000,3447.7,2820.9,3839.9,2896.0,3140.8,22,1,3140.6,57,2,3140.5,16,1,3140.4,23,2,3140.3,37,2,3141.4,215,2,3141.5,600,2,3141.6,200,1,3141.8,205,2,3141.9,200,1
2031,2026-06-16 13:00:07+05:30,3140.8,1,3130.55,2270915,133763.0,206972.0,3163.0,3163.0,3108.0,3134.3,31992000,3447.7,2820.9,3839.9,2896.0,3140.8,22,1,3140.6,57,2,3140.5,16,1,3140.4,23,2,3140.3,37,2,3141.4,215,2,3141.5,600,2,3141.6,200,1,3141.8,205,2,3141.9,200,1
2031,2026-06-16 13:00:07+05:30,3140.8,1,3130.55,2270940,133861.0,206871.0,3163.0,3163.0,3108.0,3134.3,31992000,3447.7,2820.9,3839.9,2896.0,3140.8,72,3,3140.7,39,3,3140.6,79,4,3140.5,45,3,3140.4,23,2,3141.4,231,3,3141.5,600,2,3141.6,200,1,3141.8,200,1,3141.9,200,1
2031,2026-06-16 13:00:08+05:30,3140.8,1,3130.55,2270940,133861.0,206871.0,3163.0,3163.0,3108.0,3134.3,31992000,3447.7,2820.9,3839.9,2896.0,3140.8,72,3,3140.7,39,3,3140.6,79,4,3140.5,45,3,3140.4,23,2,3141.4,231,3,3141.5,600,2,3141.6,200,1,3141.8,200,1,3141.9,200,1
2031,2026-06-16 13:00:08+05:30,3141.4,3,3130.55,2270940,133861.0,206871.0,3163.0,3163.0,3108.0,3134.3,31992000,3447.7,2820.9,3839.9,2896.0,3140.8,72,3,3140.7,39,3,3140.6,79,4,3140.5,45,3,3140.4,23,2,3141.4,231,3,3141.5,600,2,3141.6,200,1,3141.8,200,1,3141.9,200,1
2031,2026-06-16 13:00:08+05:30,3141.4,42,3130.55,2270985,133955.0,206682.0,3163.0,3163.0,3108.0,3134.3,31992000,3447.7,2820.9,3839.9,2896.0,3141.0,17,1,3140.8,90,4,3140.7,29,2,3140.6,75,3,3140.5,67,2,3141.4,186,3,3141.5,600,2,3141.6,200,1,3141.8,200,1,3141.9,200,1
2031,2026-06-16 13:00:09+05:30,3141.4,7,3130.55,2270985,133955.0,206682.0,3163.0,3163.0,3108.0,3134.3,31992000,3447.7,2820.9,3839.9,2896.0,3141.0,17,1,3140.8,90,4,3140.7,29,2,3140.6,75,3,3140.5,67,2,3141.4,186,3,3141.5,600,2,3141.6,200,1,3141.8,200,1,3141.9,200,1
2031,2026-06-16 13:00:09+05:30,3141.4,7,3130.55,2270992,134212.0,206739.0,3163.0,3163.0,3108.0,3134.3,31992000,3447.7,2820.9,3839.9,2896.0,3141.2,15,1,3141.0,72,4,3140.9,38,2,3140.8,108,5,3140.7,11,1,3141.4,179,3,3141.5,600,2,3141.6,200,1,3141.8,200,1,3141.9,200,1
2031,2026-06-16 13:00:09+05:30,3141.4,7,3130.55,2270992,134212.0,206739.0,3163.0,3163.0,3108.0,3134.3,31992000,3447.7,2820.9,3839.9,2896.0,3141.2,15,1,3141.0,72,4,3140.9,38,2,3140.8,108,5,3140.7,11,1,3141.4,179,3,3141.5,600,2,3141.6,200,1,3141.8,200,1,3141.9,200,1
2031,2026-06-16 13:00:10+05:30,3141.4,8,3130.55,2270992,134212.0,206739.0,3163.0,3163.0,3108.0,3134.3,31992000,3447.7,2820.9,3839.9,2896.0,3141.2,15,1,3141.0,72,4,3140.9,38,2,3140.8,108,5,3140.7,11,1,3141.4,179,3,3141.5,600,2,3141.6,200,1,3141.8,200,1,3141.9,200,1
2031,2026-06-16 13:00:10+05:30,3141.4,8,3130.55,2271001,134153.0,206739.0,3163.0,3163.0,3108.0,3134.3,31992000,3447.7,2820.9,3839.9,2896.0,3141.0,72,4,3140.9,38,2,3140.8,108,5,3140.7,11,1,3140.6,58,3,3141.4,170,3,3141.5,600,2,3141.6,200,1,3141.8,200,1,3141.9,200,1
2031,2026-06-16 13:00:11+05:30,3141.5,1,3130.55,2271001,134153.0,206739.0,3163.0,3163.0,3108.0,3134.3,31992000,3447.7,2820.9,3839.9,2896.0,3141.0,72,4,3140.9,38,2,3140.8,108,5,3140.7,11,1,3140.6,58,3,3141.4,170,3,3141.5,600,2,3141.6,200,1,3141.8,200,1,3141.9,200,1
2031,2026-06-16 13:00:11+05:30,3141.0,74,3130.55,2271933,134081.0,206528.0,3163.0,3163.0,3108.0,3134.3,31992000,3447.7,2820.9,3839.9,2896.0,3141.0,67,5,3140.9,9,1,3140.8,108,5,3140.7,26,3,3140.6,83,4,3141.5,38,1,3141.6,200,1,3141.7,200,1,3141.8,200,1,3142.0,302,2
2031,2026-06-16 13:00:12+05:30,3141.0,74,3130.55,2271933,134081.0,206528.0,3163.0,3163.0,3108.0,3134.3,31992000,3447.7,2820.9,3839.9,2896.0,3141.0,67,5,3140.9,9,1,3140.8,108,5,3140.7,26,3,3140.6,83,4,3141.5,38,1,3141.6,200,1,3141.7,200,1,3141.8,200,1,3142.0,302,2
2031,2026-06-16 13:00:12+05:30,3141.6,1,3130.55,2271933,134081.0,206528.0,3163.0,3163.0,3108.0,3134.3,31992000,3447.7,2820.9,3839.9,2896.0,3141.0,67,5,3140.9,9,1,3140.8,108,5,3140.7,26,3,3140.6,83,4,3141.5,38,1,3141.6,200,1,3141.7,200,1,3141.8,200,1,3142.0,302,2
2031,2026-06-16 13:00:12+05:30,3141.6,1,3130.56,2272472,134368.0,206095.0,3163.0,3163.0,3108.0,3134.3,31992000,3447.7,2820.9,3839.9,2896.0,3141.4,22,1,3141.3,55,4,3141.2,77,4,3141.1,41,2,3141.0,117,9,3141.6,199,1,3141.7,200,1,3141.8,200,1,3142.0,200,1,3142.1,200,1
2031,2026-06-16 13:00:13+05:30,3141.4,74,3130.56,2272472,134368.0,206095.0,3163.0,3163.0,3108.0,3134.3,31992000,3447.7,2820.9,3839.9,2896.0,3141.4,22,1,3141.3,55,4,3141.2,77,4,3141.1,41,2,3141.0,117,9,3141.6,199,1,3141.7,200,1,3141.8,200,1,3142.0,200,1,3142.1,200,1
2031,2026-06-16 13:00:13+05:30,3141.4,10,3130.56,2272662,134138.0,205978.0,3163.0,3163.0,3108.0,3134.3,31992000,3447.7,2820.9,3839.9,2896.0,3141.2,28,2,3141.1,21,2,3141.0,48,3,3140.9,9,1,3140.8,46,3,3141.4,316,2,3141.8,118,1,3141.9,200,1,3142.0,200,1,3142.2,200,1
2031,2026-06-16 13:00:14+05:30,3141.4,10,3130.56,2272662,134138.0,205978.0,3163.0,3163.0,3108.0,3134.3,31992000,3447.7,2820.9,3839.9,2896.0,3141.2,28,2,3141.1,21,2,3141.0,48,3,3140.9,9,1,3140.8,46,3,3141.4,316,2,3141.8,118,1,3141.9,200,1,3142.0,200,1,3142.2,200,1
2031,2026-06-16 13:00:14+05:30,3141.4,29,3130.56,2272662,134138.0,205978.0,3163.0,3163.0,3108.0,3134.3,31992000,3447.7,2820.9,3839.9,2896.0,3141.2,28,2,3141.1,21,2,3141.0,48,3,3140.9,9,1,3140.8,46,3,3141.4,316,2,3141.8,118,1,3141.9,200,1,3142.0,200,1,3142.2,200,1
2031,2026-06-16 13:00:14+05:30,3141.4,80,3130.56,2272858,134122.0,203972.0,3163.0,3163.0,3108.0,3134.3,31992000,3447.7,2820.9,3839.9,2896.0,3141.2,37,3,3141.1,5,1,3141.0,72,5,3140.9,43,2,3140.8,90,4,3141.4,120,1,3141.8,118,1,3141.9,200,1,3142.0,200,1,3142.2,200,1
2031,2026-06-16 13:00:15+05:30,3141.4,91,3130.56,2272858,134122.0,203972.0,3163.0,3163.0,3108.0,3134.3,31992000,3447.7,2820.9,3839.9,2896.0,3141.2,37,3,3141.1,5,1,3141.0,72,5,3140.9,43,2,3140.8,90,4,3141.4,120,1,3141.8,118,1,3141.9,200,1,3142.0,200,1,3142.2,200,1
2031,2026-06-16 13:00:15+05:30,3141.4,91,3130.56,2272978,134455.0,205620.0,3163.0,3163.0,3108.0,3134.3,31992000,3447.7,2820.9,3839.9,2896.0,3141.4,56,5,3141.3,40,4,3141.2,154,9,3141.1,5,1,3141.0,94,7,3141.8,118,1,3141.9,200,1,3142.0,200,1,3142.2,200,1,3142.3,200,1
2031,2026-06-16 13:00:16+05:30,3141.4,91,3130.56,2272978,134455.0,205620.0,3163.0,3163.0,3108.0,3134.3,31992000,3447.7,2820.9,3839.9,2896.0,3141.4,56,5,3141.3,40,4,3141.2,154,9,3141.1,5,1,3141.0,94,7,3141.8,118,1,3141.9,200,1,3142.0,200,1,3142.2,200,1,3142.3,200,1
2031,2026-06-16 13:00:16+05:30,3141.8,18,3130.56,2272978,134455.0,205620.0,3163.0,3163.0,3108.0,3134.3,31992000,3447.7,2820.9,3839.9,2896.0,3141.4,56,5,3141.3,40,4,3141.2,154,9,3141.1,5,1,3141.0,94,7,3141.8,118,1,3141.9,200,1,3142.0,200,1,3142.2,200,1,3142.3,200,1
2031,2026-06-16 13:00:16+05:30,3142.2,2,3130.56,2273100,135520.0,204533.0,3163.0,3163.0,3108.0,3134.3,31992000,3447.7,2820.9,3839.9,2896.0,3141.5,14,1,3141.4,56,6,3141.3,41,5,3141.2,137,8,3141.1,5,1,3142.2,198,1,3142.3,200,1,3142.4,206,3,3142.5,60,2,3142.6,200,1
2031,2026-06-16 13:00:17+05:30,3142.2,15,3130.56,2273100,135520.0,204533.0,3163.0,3163.0,3108.0,3134.3,31992000,3447.7,2820.9,3839.9,2896.0,3141.5,14,1,3141.4,56,6,3141.3,41,5,3141.2,137,8,3141.1,5,1,3142.2,198,1,3142.3,200,1,3142.4,206,3,3142.5,60,2,3142.6,200,1
2031,2026-06-16 13:00:17+05:30,3142.2,1,3130.56,2273117,135470.0,204538.0,3163.0,3163.0,3108.0,3134.3,31992000,3447.7,2820.9,3839.9,2896.0,3141.6,77,6,3141.5,61,3,3141.4,41,5,3141.3,41,5,3141.2,86,6,3142.2,181,1,3142.3,200,1,3142.4,206,3,3142.5,60,2,3142.6,200,1
2031,2026-06-16 13:00:18+05:30,3142.2,1,3130.56,2273117,135470.0,204538.0,3163.0,3163.0,3108.0,3134.3,31992000,3447.7,2820.9,3839.9,2896.0,3141.6,77,6,3141.5,61,3,3141.4,41,5,3141.3,41,5,3141.2,86,6,3142.2,181,1,3142.3,200,1,3142.4,206,3,3142.5,60,2,3142.6,200,1
2031,2026-06-16 13:00:18+05:30,3142.2,3,3130.56,2273117,135470.0,204538.0,3163.0,3163.0,3108.0,3134.3,31992000,3447.7,2820.9,3839.9,2896.0,3141.6,77,6,3141.5,61,3,3141.4,41,5,3141.3,41,5,3141.2,86,6,3142.2,181,1,3142.3,200,1,3142.4,206,3,3142.5,60,2,3142.6,200,1
2031,2026-06-16 13:00:18+05:30,3142.2,3,3130.56,2273120,135455.0,204835.0,3163.0,3163.0,3108.0,3134.3,31992000,3447.7,2820.9,3839.9,2896.0,3141.8,15,1,3141.6,51,4,3141.5,61,3,3141.4,41,5,3141.3,5,4,3142.2,203,2,3142.3,200,1,3142.4,206,3,3142.5,60,2,3142.6,200,1
2031,2026-06-16 13:00:19+05:30,3142.2,3,3130.56,2273120,135455.0,204835.0,3163.0,3163.0,3108.0,3134.3,31992000,3447.7,2820.9,3839.9,2896.0,3141.8,15,1,3141.6,51,4,3141.5,61,3,3141.4,41,5,3141.3,5,4,3142.2,203,2,3142.3,200,1,3142.4,206,3,3142.5,60,2,3142.6,200,1
2031,2026-06-16 13:00:19+05:30,3142.2,10,3130.56,2273132,135666.0,204650.0,3163.0,3163.0,3108.0,3134.3,31992000,3447.7,2820.9,3839.9,2896.0,3141.8,69,4,3141.7,8,1,3141.6,51,4,3141.5,82,3,3141.4,56,6,3142.2,193,2,3142.3,200,1,3142.4,206,3,3142.5,60,2,3142.6,200,1
2031,2026-06-16 13:00:20+05:30,3142.2,10,3130.56,2273132,135666.0,204650.0,3163.0,3163.0,3108.0,3134.3,31992000,3447.7,2820.9,3839.9,2896.0,3141.8,69,4,3141.7,8,1,3141.6,51,4,3141.5,82,3,3141.4,56,6,3142.2,193,2,3142.3,200,1,3142.4,206,3,3142.5,60,2,3142.6,200,1
2031,2026-06-16 13:00:20+05:30,3142.2,2,3130.56,2273132,135666.0,204650.0,3163.0,3163.0,3108.0,3134.3,31992000,3447.7,2820.9,3839.9,2896.0,3141.8,69,4,3141.7,8,1,3141.6,51,4,3141.5,82,3,3141.4,56,6,3142.2,193,2,3142.3,200,1,3142.4,206,3,3142.5,60,2,3142.6,200,1
2031,2026-06-16 13:00:20+05:30,3142.2,2,3130.56,2273132,135666.0,204650.0,3163.0,3163.0,3108.0,3134.3,31992000,3447.7,2820.9,3839.9,2896.0,3141.8,69,4,3141.7,8,1,3141.6,51,4,3141.5,82,3,3141.4,56,6,3142.2,193,2,3142.3,200,1,3142.4,206,3,3142.5,60,2,3142.6,200,1
2031,2026-06-16 13:00:20+05:30,3142.2,2,3130.56,2273134,135602.0,204902.0,3163.0,3163.0,3108.0,3134.3,31992000,3447.7,2820.9,3839.9,2896.0,3142.1,17,1,3142.0,2,2,3141.8,43,2,3141.7,8,1,3141.6,41,3,3142.2,225,3,3142.3,200,1,3142.4,206,3,3142.5,60,2,3142.6,200,1
2031,2026-06-16 13:00:21+05:30,3142.2,2,3130.56,2273134,135602.0,204902.0,3163.0,3163.0,3108.0,3134.3,31992000,3447.7,2820.9,3839.9,2896.0,3142.1,17,1,3142.0,2,2,3141.8,43,2,3141.7,8,1,3141.6,41,3,3142.2,225,3,3142.3,200,1,3142.4,206,3,3142.5,60,2,3142.6,200,1
2031,2026-06-16 13:00:21+05:30,3142.2,166,3130.56,2273134,135602.0,204902.0,3163.0,3163.0,3108.0,3134.3,31992000,3447.7,2820.9,3839.9,2896.0,3142.1,17,1,3142.0,2,2,3141.8,43,2,3141.7,8,1,3141.6,41,3,3142.2,225,3,3142.3,200,1,3142.4,206,3,3142.5,60,2,3142.6,200,1
2031,2026-06-16 13:00:21+05:30,3142.2,166,3130.56,2273134,135602.0,204902.0,3163.0,3163.0,3108.0,3134.3,31992000,3447.7,2820.9,3839.9,2896.0,3142.1,17,1,3142.0,2,2,3141.8,43,2,3141.7,8,1,3141.6,41,3,3142.2,225,3,3142.3,200,1,3142.4,206,3,3142.5,60,2,3142.6,200,1
2031,2026-06-16 13:00:21+05:30,3142.2,166,3130.56,2273300,136355.0,204524.0,3163.0,3163.0,3108.0,3134.3,31992000,3447.7,2820.9,3839.9,2896.0,3142.1,40,1,3142.0,2,2,3141.8,52,2,3141.7,8,1,3141.6,41,3,3142.2,59,2,3142.4,6,2,3142.5,60,2,3142.6,200,1,3142.7,251,3
2031,2026-06-16 13:00:22+05:30,3142.2,166,3130.56,2273300,136355.0,204524.0,3163.0,3163.0,3108.0,3134.3,31992000,3447.7,2820.9,3839.9,2896.0,3142.1,40,1,3142.0,2,2,3141.8,52,2,3141.7,8,1,3141.6,41,3,3142.2,59,2,3142.4,6,2,3142.5,60,2,3142.6,200,1,3142.7,251,3
2031,2026-06-16 13:00:22+05:30,3142.1,160,3130.56,2273500,135601.0,204605.0,3163.0,3163.0,3108.0,3134.3,31992000,3447.7,2820.9,3839.9,2896.0,3142.1,1,1,3142.0,2,2,3141.9,18,1,3141.8,37,1,3141.7,26,2,3142.2,59,2,3142.4,6,2,3142.5,60,2,3142.6,200,1,3142.7,251,3
2031,2026-06-16 13:00:23+05:30,3142.2,1,3130.56,2273500,135601.0,204605.0,3163.0,3163.0,3108.0,3134.3,31992000,3447.7,2820.9,3839.9,2896.0,3142.1,1,1,3142.0,2,2,3141.9,18,1,3141.8,37,1,3141.7,26,2,3142.2,59,2,3142.4,6,2,3142.5,60,2,3142.6,200,1,3142.7,251,3
2031,2026-06-16 13:00:23+05:30,3142.2,1,3130.56,2273500,135601.0,204605.0,3163.0,3163.0,3108.0,3134.3,31992000,3447.7,2820.9,3839.9,2896.0,3142.1,1,1,3142.0,2,2,3141.9,18,1,3141.8,37,1,3141.7,26,2,3142.2,59,2,3142.4,6,2,3142.5,60,2,3142.6,200,1,3142.7,251,3
2031,2026-06-16 13:00:24+05:30,3142.2,1,3130.56,2273548,136682.0,204489.0,3163.0,3163.0,3108.0,3134.3,31992000,3447.7,2820.9,3839.9,2896.0,3142.1,120,6,3142.0,139,5,3141.9,28,2,3141.8,73,4,3141.7,8,1,3142.2,9,1,3142.4,6,2,3142.5,60,2,3142.6,200,1,3142.7,251,3
2031,2026-06-16 13:00:24+05:30,3142.2,1,3130.56,2273548,136682.0,204489.0,3163.0,3163.0,3108.0,3134.3,31992000,3447.7,2820.9,3839.9,2896.0,3142.1,120,6,3142.0,139,5,3141.9,28,2,3141.8,73,4,3141.7,8,1,3142.2,9,1,3142.4,6,2,3142.5,60,2,3142.6,200,1,3142.7,251,3
2031,2026-06-16 13:00:24+05:30,3142.3,1,3130.56,2273548,136682.0,204489.0,3163.0,3163.0,3108.0,3134.3,31992000,3447.7,2820.9,3839.9,2896.0,3142.1,120,6,3142.0,139,5,3141.9,28,2,3141.8,73,4,3141.7,8,1,3142.2,9,1,3142.4,6,2,3142.5,60,2,3142.6,200,1,3142.7,251,3
2031,2026-06-16 13:00:25+05:30,3142.3,1,3130.56,2273558,136730.0,204520.0,3163.0,3163.0,3108.0,3134.3,31992000,3447.7,2820.9,3839.9,2896.0,3142.2,8,3,3142.1,96,4,3142.0,169,6,3141.9,28,2,3141.8,73,4,3142.4,6,2,3142.5,60,2,3142.6,200,1,3142.7,251,3,3142.8,200,1
2031,2026-06-16 13:00:25+05:30,3142.3,1,3130.56,2273558,136730.0,204520.0,3163.0,3163.0,3108.0,3134.3,31992000,3447.7,2820.9,3839.9,2896.0,3142.2,8,3,3142.1,96,4,3142.0,169,6,3141.9,28,2,3141.8,73,4,3142.4,6,2,3142.5,60,2,3142.6,200,1,3142.7,251,3,3142.8,200,1
2031,2026-06-16 13:00:25+05:30,3142.5,2,3130.56,2273558,136730.0,204520.0,3163.0,3163.0,3108.0,3134.3,31992000,3447.7,2820.9,3839.9,2896.0,3142.2,8,3,3142.1,96,4,3142.0,169,6,3141.9,28,2,3141.8,73,4,3142.4,6,2,3142.5,60,2,3142.6,200,1,3142.7,251,3,3142.8,200,1
2031,2026-06-16 13:00:25+05:30,3142.5,2,3130.56,2273558,136730.0,204520.0,3163.0,3163.0,3108.0,3134.3,31992000,3447.7,2820.9,3839.9,2896.0,3142.2,8,3,3142.1,96,4,3142.0,169,6,3141.9,28,2,3141.8,73,4,3142.4,6,2,3142.5,60,2,3142.6,200,1,3142.7,251,3,3142.8,200,1
2031,2026-06-16 13:00:26+05:30,3142.5,5,3130.56,2273575,136519.0,204517.0,3163.0,3163.0,3108.0,3134.3,31992000,3447.7,2820.9,3839.9,2896.0,3142.3,2,2,3142.2,59,4,3142.1,112,5,3142.0,167,4,3141.9,5,1,3142.5,53,2,3142.6,200,1,3142.7,251,3,3142.8,200,1,3142.9,26,3
2031,2026-06-16 13:00:26+05:30,3142.5,3,3130.56,2273575,136519.0,204517.0,3163.0,3163.0,3108.0,3134.3,31992000,3447.7,2820.9,3839.9,2896.0,3142.3,2,2,3142.2,59,4,3142.1,112,5,3142.0,167,4,3141.9,5,1,3142.5,53,2,3142.6,200,1,3142.7,251,3,3142.8,200,1,3142.9,26,3
2031,2026-06-16 13:00:26+05:30,3142.5,3,3130.56,2273575,136519.0,204517.0,3163.0,3163.0,3108.0,3134.3,31992000,3447.7,2820.9,3839.9,2896.0,3142.3,2,2,3142.2,59,4,3142.1,112,5,3142.0,167,4,3141.9,5,1,3142.5,53,2,3142.6,200,1,3142.7,251,3,3142.8,200,1,3142.9,26,3
2031,2026-06-16 13:00:27+05:30,3142.5,3,3130.56,2273581,136465.0,204511.0,3163.0,3163.0,3108.0,3134.3,31992000,3447.7,2820.9,3839.9,2896.0,3142.3,2,2,3142.2,59,4,3142.1,112,5,3142.0,167,4,3141.9,5,1,3142.5,47,1,3142.6,200,1,3142.7,251,3,3142.8,200,1,3142.9,23,2
2031,2026-06-16 13:00:27+05:30,3142.5,2,3130.56,2273581,136465.0,204511.0,3163.0,3163.0,3108.0,3134.3,31992000,3447.7,2820.9,3839.9,2896.0,3142.3,2,2,3142.2,59,4,3142.1,112,5,3142.0,167,4,3141.9,5,1,3142.5,47,1,3142.6,200,1,3142.7,251,3,3142.8,200,1,3142.9,23,2
2031,2026-06-16 13:00:27+05:30,3142.5,2,3130.56,2273581,136465.0,204511.0,3163.0,3163.0,3108.0,3134.3,31999400,3447.7,2820.9,3839.9,2896.0,3142.3,2,2,3142.2,59,4,3142.1,112,5,3142.0,167,4,3141.9,5,1,3142.5,47,1,3142.6,200,1,3142.7,251,3,3142.8,200,1,3142.9,23,2
2031,2026-06-16 13:00:28+05:30,3142.2,30,3130.56,2273784,136233.0,204629.0,3163.0,3163.0,3108.0,3134.3,31999400,3447.7,2820.9,3839.9,2896.0,3142.2,10,2,3142.1,90,2,3142.0,144,3,3141.9,5,1,3141.8,66,3,3142.5,44,1,3142.6,200,1,3142.7,251,3,3142.8,200,1,3142.9,23,2
2031,2026-06-16 13:00:28+05:30,3142.6,15,3130.56,2273784,136233.0,204629.0,3163.0,3163.0,3108.0,3134.3,31999400,3447.7,2820.9,3839.9,2896.0,3142.2,10,2,3142.1,90,2,3142.0,144,3,3141.9,5,1,3141.8,66,3,3142.5,44,1,3142.6,200,1,3142.7,251,3,3142.8,200,1,3142.9,23,2
2031,2026-06-16 13:00:29+05:30,3142.6,15,3130.56,2273846,136639.0,204566.0,3163.0,3163.0,3108.0,3134.3,31999400,3447.7,2820.9,3839.9,2896.0,3142.5,36,1,3142.2,17,3,3142.1,90,2,3142.0,149,3,3141.9,5,1,3142.6,183,1,3142.7,251,3,3142.8,200,1,3142.9,23,2,3143.0,800,5
2031,2026-06-16 13:00:29+05:30,3142.6,9,3130.56,2273846,136639.0,204566.0,3163.0,3163.0,3108.0,3134.3,31999400,3447.7,2820.9,3839.9,2896.0,3142.5,36,1,3142.2,17,3,3142.1,90,2,3142.0,149,3,3141.9,5,1,3142.6,183,1,3142.7,251,3,3142.8,200,1,3142.9,23,2,3143.0,800,5
2031,2026-06-16 13:00:30+05:30,3142.6,9,3130.56,2273856,136670.0,204534.0,3163.0,3163.0,3108.0,3134.3,31999400,3447.7,2820.9,3839.9,2896.0,3142.5,36,1,3142.2,17,3,3142.1,90,2,3142.0,149,3,3141.9,5,1,3142.6,174,2,3142.7,251,3,3142.8,200,1,3142.9,23,2,3143.0,800,5
2031,2026-06-16 13:00:30+05:30,3142.6,2,3130.56,2273856,136670.0,204534.0,3163.0,3163.0,3108.0,3134.3,31999400,3447.7,2820.9,3839.9,2896.0,3142.5,36,1,3142.2,17,3,3142.1,90,2,3142.0,149,3,3141.9,5,1,3142.6,174,2,3142.7,251,3,3142.8,200,1,3142.9,23,2,3143.0,800,5
2031,2026-06-16 13:00:31+05:30,3142.6,50,3130.56,2273913,136585.0,204509.0,3163.0,3163.0,3108.0,3134.3,31999400,3447.7,2820.9,3839.9,2896.0,3142.5,37,2,3142.2,10,2,3142.1,90,2,3142.0,149,3,3141.9,5,1,3142.6,143,4,3142.7,251,3,3142.8,200,1,3142.9,23,2,3143.0,800,5
2031,2026-06-16 13:00:31+05:30,3142.5,8,3130.56,2273913,136585.0,204509.0,3163.0,3163.0,3108.0,3134.3,31999400,3447.7,2820.9,3839.9,2896.0,3142.5,37,2,3142.2,10,2,3142.1,90,2,3142.0,149,3,3141.9,5,1,3142.6,143,4,3142.7,251,3,3142.8,200,1,3142.9,23,2,3143.0,800,5
2031,2026-06-16 13:00:32+05:30,3142.5,3,3130.56,2273979,136406.0,204554.0,3163.0,3163.0,3108.0,3134.3,31999400,3447.7,2820.9,3839.9,2896.0,3142.2,28,3,3142.1,90,2,3142.0,131,2,3141.9,5,1,3141.8,11,1,3142.5,142,1,3142.6,135,4,3142.7,251,3,3142.8,200,1,3142.9,23,2
2031,2026-06-16 13:00:32+05:30,3142.5,10,3130.56,2273979,136406.0,204554.0,3163.0,3163.0,3108.0,3134.3,31999400,3447.7,2820.9,3839.9,2896.0,3142.2,28,3,3142.1,90,2,3142.0,131,2,3141.9,5,1,3141.8,11,1,3142.5,142,1,3142.6,135,4,3142.7,251,3,3142.8,200,1,3142.9,23,2
2031,2026-06-16 13:00:33+05:30,3142.5,1,3130.56,2273990,136544.0,203628.0,3163.0,3163.0,3108.0,3134.3,31999400,3447.7,2820.9,3839.9,2896.0,3142.2,43,5,3142.1,82,3,3142.0,209,4,3141.9,18,2,3141.8,67,3,3142.5,156,2,3142.6,2,2,3142.7,51,2,3142.9,1,1,3143.0,600,4
2031,2026-06-16 13:00:33+05:30,3142.5,2,3130.56,2273990,136544.0,203628.0,3163.0,3163.0,3108.0,3134.3,31999400,3447.7,2820.9,3839.9,2896.0,3142.2,43,5,3142.1,82,3,3142.0,209,4,3141.9,18,2,3141.8,67,3,3142.5,156,2,3142.6,2,2,3142.7,51,2,3142.9,1,1,3143.0,600,4
2031,2026-06-16 13:00:34+05:30,3142.5,7,3130.56,2274000,136549.0,203963.0,3163.0,3163.0,3108.0,3134.3,31999400,3447.7,2820.9,3839.9,2896.0,3142.2,32,3,3142.1,46,2,3142.0,151,3,3141.9,81,3,3141.8,18,1,3142.5,186,3,3142.6,1,1,3142.7,51,2,3142.9,1,1,3143.0,900,5
2031,2026-06-16 13:00:34+05:30,3142.5,1,3130.56,2274000,136549.0,203963.0,3163.0,3163.0,3108.0,3134.3,31999400,3447.7,2820.9,3839.9,2896.0,3142.2,32,3,3142.1,46,2,3142.0,151,3,3141.9,81,3,3141.8,18,1,3142.5,186,3,3142.6,1,1,3142.7,51,2,3142.9,1,1,3143.0,900,5
2031,2026-06-16 13:00:35+05:30,3142.5,50,3130.56,2274052,136367.0,203991.0,3163.0,3163.0,3108.0,3134.3,31999400,3447.7,2820.9,3839.9,2896.0,3142.3,16,1,3142.2,9,1,3142.1,40,1,3142.0,133,2,3141.9,81,3,3142.5,170,4,3142.6,1,1,3142.7,51,2,3142.9,1,1,3143.0,900,5
2031,2026-06-16 13:00:35+05:30,3142.5,8,3130.56,2274052,136367.0,203991.0,3163.0,3163.0,3108.0,3134.3,31999400,3447.7,2820.9,3839.9,2896.0,3142.3,16,1,3142.2,9,1,3142.1,40,1,3142.0,133,2,3141.9,81,3,3142.5,170,4,3142.6,1,1,3142.7,51,2,3142.9,1,1,3143.0,900,5
2031,2026-06-16 13:00:36+05:30,3141.8,1,3130.57,2274595,134020.0,208518.0,3163.0,3163.0,3108.0,3134.3,31999400,3447.7,2820.9,3839.9,2896.0,3141.1,65,4,3141.0,123,8,3140.9,50,2,3140.8,62,4,3140.7,12,2,3141.7,61,1,3141.8,9,1,3141.9,7,1,3142.0,2574,2,3142.1,3,1
2031,2026-06-16 13:00:36+05:30,3141.7,21,3130.57,2274595,134020.0,208518.0,3163.0,3163.0,3108.0,3134.3,31999400,3447.7,2820.9,3839.9,2896.0,3141.1,65,4,3141.0,123,8,3140.9,50,2,3140.8,62,4,3140.7,12,2,3141.7,61,1,3141.8,9,1,3141.9,7,1,3142.0,2574,2,3142.1,3,1
2031,2026-06-16 13:00:37+05:30,3141.2,167,3130.57,2275278,134454.0,207329.0,3163.0,3163.0,3108.0,3134.3,31999400,3447.7,2820.9,3839.9,2896.0,3141.1,54,5,3141.0,199,11,3140.9,75,6,3140.8,146,9,3140.7,62,6,3141.7,62,3,3142.0,2592,3,3142.4,21,1,3142.5,76,2,3142.6,21,2
2031,2026-06-16 13:00:37+05:30,3141.7,1,3130.57,2275278,134454.0,207329.0,3163.0,3163.0,3108.0,3134.3,31999400,3447.7,2820.9,3839.9,2896.0,3141.1,54,5,3141.0,199,11,3140.9,75,6,3140.8,146,9,3140.7,62,6,3141.7,62,3,3142.0,2592,3,3142.4,21,1,3142.5,76,2,3142.6,21,2
2031,2026-06-16 13:00:38+05:30,3141.7,1,3130.57,2275381,135163.0,207755.0,3163.0,3163.0,3108.0,3134.3,31999400,3447.7,2820.9,3839.9,2896.0,3141.3,14,1,3141.2,102,5,3141.1,36,3,3141.0,176,12,3140.9,65,6,3141.7,4,1,3142.0,2592,3,3142.4,21,1,3142.5,76,2,3142.6,21,2
2031,2026-06-16 13:00:38+05:30,3141.7,16,3130.57,2275381,135163.0,207755.0,3163.0,3163.0,3108.0,3134.3,31999400,3447.7,2820.9,3839.9,2896.0,3141.3,14,1,3141.2,102,5,3141.1,36,3,3141.0,176,12,3140.9,65,6,3141.7,4,1,3142.0,2592,3,3142.4,21,1,3142.5,76,2,3142.6,21,2
2031,2026-06-16 13:00:39+05:30,3141.5,1,3130.57,2275398,135241.0,208442.0,3163.0,3163.0,3108.0,3134.3,31999400,3447.7,2820.9,3839.9,2896.0,3141.3,95,6,3141.2,85,5,3141.1,36,3,3141.0,165,12,3140.9,65,6,3141.7,45,1,3142.0,2592,3,3142.4,21,1,3142.5,76,2,3142.6,20,1
2031,2026-06-16 13:00:39+05:30,3141.7,2,3130.57,2275398,135241.0,208442.0,3163.0,3163.0,3108.0,3134.3,31999400,3447.7,2820.9,3839.9,2896.0,3141.3,95,6,3141.2,85,5,3141.1,36,3,3141.0,165,12,3140.9,65,6,3141.7,45,1,3142.0,2592,3,3142.4,21,1,3142.5,76,2,3142.6,20,1
2031,2026-06-16 13:00:40+05:30,3141.7,2,3130.57,2275400,135212.0,208424.0,3163.0,3163.0,3108.0,3134.3,31999400,3447.7,2820.9,3839.9,2896.0,3141.3,81,5,3141.2,85,5,3141.1,52,4,3141.0,151,11,3140.9,65,6,3141.7,43,1,3142.0,2592,3,3142.5,76,2,3142.6,20,1,3142.7,51,2
2031,2026-06-16 13:00:41+05:30,3141.7,2,3130.57,2275400,135408.0,208402.0,3163.0,3163.0,3108.0,3134.3,31999400,3447.7,2820.9,3839.9,2896.0,3141.4,14,1,3141.3,81,5,3141.2,79,5,3141.1,36,3,3141.0,144,9,3141.7,43,1,3142.0,2592,3,3142.5,76,2,3142.6,20,1,3142.7,51,2
2031,2026-06-16 13:00:42+05:30,3141.7,2,3130.57,2275400,135381.0,208446.0,3163.0,3163.0,3108.0,3134.3,31999400,3447.7,2820.9,3839.9,2896.0,3141.4,15,1,3141.3,81,5,3141.2,62,4,3141.1,9,1,3141.0,144,9,3141.7,43,1,3142.0,2592,3,3142.5,76,2,3142.6,20,1,3142.7,85,3
2031,2026-06-16 13:00:43+05:30,3141.7,40,3130.57,2275840,134989.0,208271.0,3163.0,3163.0,3108.0,3134.3,31999400,3447.7,2820.9,3839.9,2896.0,3141.3,14,1,3141.2,81,6,3141.1,16,2,3141.0,64,6,3140.9,71,3,3141.7,3,1,3142.0,2592,3,3142.5,76,2,3142.6,20,1,3142.7,51,2
2031,2026-06-16 13:00:43+05:30,3141.7,6,3130.57,2275840,134989.0,208271.0,3163.0,3163.0,3108.0,3134.3,31999400,3447.7,2820.9,3839.9,2896.0,3141.3,14,1,3141.2,81,6,3141.1,16,2,3141.0,64,6,3140.9,71,3,3141.7,3,1,3142.0,2592,3,3142.5,76,2,3142.6,20,1,3142.7,51,2
2031,2026-06-16 13:00:44+05:30,3142.0,1,3130.57,2275851,134992.0,208032.0,3163.0,3163.0,3108.0,3134.3,31999400,3447.7,2820.9,3839.9,2896.0,3141.7,5,1,3141.3,17,1,3141.2,25,2,3141.1,9,1,3141.0,71,8,3142.0,2590,3,3142.4,5,1,3142.5,76,2,3142.7,85,3,3142.8,24,2
2031,2026-06-16 13:00:44+05:30,3142.0,2,3130.57,2275851,134992.0,208032.0,3163.0,3163.0,3108.0,3134.3,31999400,3447.7,2820.9,3839.9,2896.0,3141.7,5,1,3141.3,17,1,3141.2,25,2,3141.1,9,1,3141.0,71,8,3142.0,2590,3,3142.4,5,1,3142.5,76,2,3142.7,85,3,3142.8,24,2
2031,2026-06-16 13:00:45+05:30,3141.7,40,3130.57,2276057,135165.0,208285.0,3163.0,3163.0,3108.0,3134.3,31999400,3447.7,2820.9,3839.9,2896.0,3141.7,60,4,3141.4,11,1,3141.3,17,1,3141.2,29,2,3141.1,14,1,3142.0,2455,4,3142.5,41,2,3142.6,7,1,3142.7,51,2,3142.8,85,3
2031,2026-06-16 13:00:45+05:30,3142.0,31,3130.57,2276057,135165.0,208285.0,3163.0,3163.0,3108.0,3134.3,31999400,3447.7,2820.9,3839.9,2896.0,3141.7,60,4,3141.4,11,1,3141.3,17,1,3141.2,29,2,3141.1,14,1,3142.0,2455,4,3142.5,41,2,3142.6,7,1,3142.7,51,2,3142.8,85,3
2031,2026-06-16 13:00:46+05:30,3141.9,1,3130.57,2276089,135278.0,208125.0,3163.0,3163.0,3108.0,3134.3,31999400,3447.7,2820.9,3839.9,2896.0,3141.9,8,3,3141.7,49,3,3141.6,34,2,3141.4,11,1,3141.3,11,1,3142.0,2424,4,3142.5,36,1,3142.6,7,1,3142.7,51,2,3142.8,8,2
2031,2026-06-16 13:00:46+05:30,3142.0,5,3130.57,2276089,135278.0,208125.0,3163.0,3163.0,3108.0,3134.3,31999400,3447.7,2820.9,3839.9,2896.0,3141.9,8,3,3141.7,49,3,3141.6,34,2,3141.4,11,1,3141.3,11,1,3142.0,2424,4,3142.5,36,1,3142.6,7,1,3142.7,51,2,3142.8,8,2
2031,2026-06-16 13:00:47+05:30,3142.0,5,3130.57,2276094,135266.0,208136.0,3163.0,3163.0,3108.0,3134.3,31999400,3447.7,2820.9,3839.9,2896.0,3141.9,2,2,3141.7,82,5,3141.6,17,1,3141.4,11,1,3141.3,11,1,3142.0,2468,6,3142.7,51,2,3142.8,18,2,3142.9,6,2,3143.0,1023,7
2031,2026-06-16 13:00:47+05:30,3142.0,1,3130.57,2276094,135266.0,208136.0,3163.0,3163.0,3108.0,3134.3,31999400,3447.7,2820.9,3839.9,2896.0,3141.9,2,2,3141.7,82,5,3141.6,17,1,3141.4,11,1,3141.3,11,1,3142.0,2468,6,3142.7,51,2,3142.8,18,2,3142.9,6,2,3143.0,1023,7
2031,2026-06-16 13:00:48+05:30,3142.0,10,3130.57,2276105,135289.0,207647.0,3163.0,3163.0,3108.0,3134.3,31999400,3447.7,2820.9,3839.9,2896.0,3141.9,45,4,3141.8,17,1,3141.7,49,3,3141.6,62,3,3141.4,11,1,3142.0,2497,7,3142.7,51,2,3142.8,3,1,3142.9,1,1,3143.0,921,6
2031,2026-06-16 13:00:48+05:30,3142.0,153,3130.57,2276105,135289.0,207647.0,3163.0,3163.0,3108.0,3134.3,31999400,3447.7,2820.9,3839.9,2896.0,3141.9,45,4,3141.8,17,1,3141.7,49,3,3141.6,62,3,3141.4,11,1,3142.0,2497,7,3142.7,51,2,3142.8,3,1,3142.9,1,1,3143.0,921,6
2031,2026-06-16 13:00:49+05:30,3142.0,153,3130.57,2276283,135460.0,207709.0,3163.0,3163.0,3108.0,3134.3,31999400,3447.7,2820.9,3839.9,2896.0,3141.9,45,4,3141.7,49,3,3141.6,62,3,3141.4,11,1,3141.3,11,1,3142.0,2319,7,3142.7,51,2,3142.8,3,1,3142.9,1,1,3143.0,921,6
2031,2026-06-16 13:00:49+05:30,3142.0,27,3130.57,2276283,135460.0,207709.0,3163.0,3163.0,3108.0,3134.3,31999400,3447.7,2820.9,3839.9,2896.0,3141.9,45,4,3141.7,49,3,3141.6,62,3,3141.4,11,1,3141.3,11,1,3142.0,2319,7,3142.7,51,2,3142.8,3,1,3142.9,1,1,3143.0,921,6
2031,2026-06-16 13:00:50+05:30,3142.0,50,3130.57,2276361,135482.0,207371.0,3163.0,3163.0,3108.0,3134.3,31999400,3447.7,2820.9,3839.9,2896.0,3141.9,45,4,3141.7,67,4,3141.6,74,5,3141.4,11,1,3141.3,55,2,3142.0,2241,7,3142.7,51,2,3142.8,3,1,3142.9,1,1,3143.0,921,6
2031,2026-06-16 13:00:50+05:30,3142.0,1,3130.57,2276361,135482.0,207371.0,3163.0,3163.0,3108.0,3134.3,31999400,3447.7,2820.9,3839.9,2896.0,3141.9,45,4,3141.7,67,4,3141.6,74,5,3141.4,11,1,3141.3,55,2,3142.0,2241,7,3142.7,51,2,3142.8,3,1,3142.9,1,1,3143.0,921,6
2031,2026-06-16 13:00:51+05:30,3142.0,1,3130.57,2276374,135591.0,207397.0,3163.0,3163.0,3108.0,3134.3,31999400,3447.7,2820.9,3839.9,2896.0,3141.9,39,3,3141.8,35,2,3141.7,62,4,3141.6,62,3,3141.4,20,2,3142.0,2228,7,3142.7,51,2,3142.8,8,2,3142.9,1,1,3143.0,921,6
2031,2026-06-16 13:00:51+05:30,3142.0,20,3130.57,2276374,135591.0,207397.0,3163.0,3163.0,3108.0,3134.3,31999400,3447.7,2820.9,3839.9,2896.0,3141.9,39,3,3141.8,35,2,3141.7,62,4,3141.6,62,3,3141.4,20,2,3142.0,2228,7,3142.7,51,2,3142.8,8,2,3142.9,1,1,3143.0,921,6
2031,2026-06-16 13:00:52+05:30,3142.0,4,3130.57,2276431,135513.0,207382.0,3163.0,3163.0,3108.0,3134.3,31999400,3447.7,2820.9,3839.9,2896.0,3141.9,52,4,3141.8,35,2,3141.7,49,3,3141.6,62,3,3141.4,20,2,3142.0,2171,7,3142.5,5,1,3142.7,51,2,3142.8,3,1,3142.9,1,1
2031,2026-06-16 13:00:52+05:30,3142.0,152,3130.57,2276431,135513.0,207382.0,3163.0,3163.0,3108.0,3134.3,31999400,3447.7,2820.9,3839.9,2896.0,3141.9,52,4,3141.8,35,2,3141.7,49,3,3141.6,62,3,3141.4,20,2,3142.0,2171,7,3142.5,5,1,3142.7,51,2,3142.8,3,1,3142.9,1,1
2031,2026-06-16 13:00:53+05:30,3142.0,17,3130.58,2276633,135336.0,207202.0,3163.0,3163.0,3108.0,3134.3,31999400,3447.7,2820.9,3839.9,2896.0,3141.9,16,3,3141.7,65,4,3141.5,8,1,3141.4,20,2,3141.2,46,3,3142.0,2004,8,3142.4,5,1,3142.5,5,1,3142.7,67,3,3142.8,3,1
2031,2026-06-16 13:00:53+05:30,3142.0,9,3130.58,2276633,135336.0,207202.0,3163.0,3163.0,3108.0,3134.3,31999400,3447.7,2820.9,3839.9,2896.0,3141.9,16,3,3141.7,65,4,3141.5,8,1,3141.4,20,2,3141.2,46,3,3142.0,2004,8,3142.4,5,1,3142.5,5,1,3142.7,67,3,3142.8,3,1
2031,2026-06-16 13:00:54+05:30,3142.0,9,3130.58,2276672,135369.0,207148.0,3163.0,3163.0,3108.0,3134.3,31999400,3447.7,2820.9,3839.9,2896.0,3141.9,31,4,3141.7,59,3,3141.5,8,1,3141.4,26,2,3141.2,46,3,3142.0,1965,8,3142.4,5,1,3142.5,5,1,3142.7,51,2,3142.8,3,1
2031,2026-06-16 13:00:54+05:30,3142.0,20,3130.58,2276672,135369.0,207148.0,3163.0,3163.0,3108.0,3134.3,31999400,3447.7,2820.9,3839.9,2896.0,3141.9,31,4,3141.7,59,3,3141.5,8,1,3141.4,26,2,3141.2,46,3,3142.0,1965,8,3142.4,5,1,3142.5,5,1,3142.7,51,2,3142.8,3,1
2031,2026-06-16 13:00:55+05:30,3142.0,8,3130.58,2276747,135144.0,207158.0,3163.0,3163.0,3108.0,3134.3,31999400,3447.7,2820.9,3839.9,2896.0,3141.7,56,2,3141.3,17,1,3141.2,12,1,3141.1,28,2,3141.0,122,8,3142.0,1889,7,3142.4,5,1,3142.5,5,1,3142.7,51,2,3142.8,3,1
2031,2026-06-16 13:00:55+05:30,3142.0,11,3130.58,2276747,135144.0,207158.0,3163.0,3163.0,3108.0,3134.3,31999400,3447.7,2820.9,3839.9,2896.0,3141.7,56,2,3141.3,17,1,3141.2,12,1,3141.1,28,2,3141.0,122,8,3142.0,1889,7,3142.4,5,1,3142.5,5,1,3142.7,51,2,3142.8,3,1
2031,2026-06-16 13:00:56+05:30,3142.0,25,3130.58,2276812,135218.0,206730.0,3163.0,3163.0,3108.0,3134.3,31999400,3447.7,2820.9,3839.9,2896.0,3141.9,14,1,3141.8,35,2,3141.7,63,3,3141.6,23,2,3141.5,8,1,3142.0,1824,7,3142.5,5,1,3142.7,51,2,3142.8,3,1,3142.9,1,1
2031,2026-06-16 13:00:56+05:30,3142.0,10,3130.58,2276812,135218.0,206730.0,3163.0,3163.0,3108.0,3134.3,31999400,3447.7,2820.9,3839.9,2896.0,3141.9,14,1,3141.8,35,2,3141.7,63,3,3141.6,23,2,3141.5,8,1,3142.0,1824,7,3142.5,5,1,3142.7,51,2,3142.8,3,1,3142.9,1,1
2031,2026-06-16 13:00:57+05:30,3142.0,1,3130.58,2276823,135280.0,206749.0,3163.0,3163.0,3108.0,3134.3,31999400,3447.7,2820.9,3839.9,2896.0,3141.9,42,1,3141.8,35,2,3141.7,78,4,3141.6,23,2,3141.5,8,1,3142.0,1838,8,3142.5,5,1,3142.7,51,2,3142.8,3,1,3142.9,1,1
2031,2026-06-16 13:00:57+05:30,3142.0,165,3130.58,2276823,135280.0,206749.0,3163.0,3163.0,3108.0,3134.3,31999400,3447.7,2820.9,3839.9,2896.0,3141.9,42,1,3141.8,35,2,3141.7,78,4,3141.6,23,2,3141.5,8,1,3142.0,1838,8,3142.5,5,1,3142.7,51,2,3142.8,3,1,3142.9,1,1
2031,2026-06-16 13:00:58+05:30,3142.0,165,3130.58,2276990,135262.0,206598.0,3163.0,3163.0,3108.0,3134.3,31999400,3447.7,2820.9,3839.9,2896.0,3141.9,55,2,3141.7,58,2,3141.6,23,2,3141.5,8,1,3141.4,34,2,3142.0,1702,10,3142.5,5,1,3142.7,51,2,3142.8,3,1,3142.9,1,1
2031,2026-06-16 13:00:58+05:30,3142.0,11,3130.58,2276990,135262.0,206598.0,3163.0,3163.0,3108.0,3134.3,31999400,3447.7,2820.9,3839.9,2896.0,3141.9,55,2,3141.7,58,2,3141.6,23,2,3141.5,8,1,3141.4,34,2,3142.0,1702,10,3142.5,5,1,3142.7,51,2,3142.8,3,1,3142.9,1,1
2031,2026-06-16 13:00:59+05:30,3142.0,17,3130.58,2277043,135125.0,206570.0,3163.0,3163.0,3108.0,3134.3,31999400,3447.7,2820.9,3839.9,2896.0,3141.9,42,1,3141.8,17,1,3141.7,54,2,3141.6,23,2,3141.5,8,1,3142.0,1649,10,3142.5,5,1,3142.7,51,2,3142.8,3,1,3142.9,1,1
2031,2026-06-16 13:00:59+05:30,3142.0,10,3130.58,2277043,135125.0,206570.0,3163.0,3163.0,3108.0,3134.3,31999400,3447.7,2820.9,3839.9,2896.0,3141.9,42,1,3141.8,17,1,3141.7,54,2,3141.6,23,2,3141.5,8,1,3142.0,1649,10,3142.5,5,1,3142.7,51,2,3142.8,3,1,3142.9,1,1
2031,2026-06-16 13:01:00+05:30,3142.0,1,3130.59,2278732,136268.0,203533.0,3163.0,3163.0,3108.0,3134.3,31999400,3447.7,2820.9,3839.9,2896.0,3142.1,1,1,3142.0,69,7,3141.9,132,6,3141.8,45,3,3141.7,41,1,3142.5,5,1,3142.7,51,2,3142.9,1,1,3143.0,900,5,3143.1,109,2
2031,2026-06-16 13:01:00+05:30,3142.5,200,3130.59,2278732,136268.0,203533.0,3163.0,3163.0,3108.0,3134.3,31999400,3447.7,2820.9,3839.9,2896.0,3142.1,1,1,3142.0,69,7,3141.9,132,6,3141.8,45,3,3141.7,41,1,3142.5,5,1,3142.7,51,2,3142.9,1,1,3143.0,900,5,3143.1,109,2
2031,2026-06-16 13:01:01+05:30,3142.5,48,3130.59,2278985,136947.0,203292.0,3163.0,3163.0,3108.0,3134.3,31999400,3447.7,2820.9,3839.9,2896.0,3142.3,2,2,3142.2,17,1,3142.1,116,2,3142.0,38,3,3141.9,81,5,3142.5,152,1,3142.7,51,2,3142.9,1,1,3143.0,900,5,3143.1,109,2
2031,2026-06-16 13:01:01+05:30,3142.5,38,3130.59,2278985,136947.0,203292.0,3163.0,3163.0,3108.0,3134.3,31999400,3447.7,2820.9,3839.9,2896.0,3142.3,2,2,3142.2,17,1,3142.1,116,2,3142.0,38,3,3141.9,81,5,3142.5,152,1,3142.7,51,2,3142.9,1,1,3143.0,900,5,3143.1,109,2
2031,2026-06-16 13:01:02+05:30,3142.5,38,3130.59,2279023,136910.0,203459.0,3163.0,3163.0,3108.0,3134.3,31999400,3447.7,2820.9,3839.9,2896.0,3142.3,2,2,3142.2,17,1,3142.1,116,2,3142.0,38,3,3141.9,95,6,3142.5,114,1,3142.7,51,2,3142.9,1,1,3143.0,900,5,3143.1,109,2
2031,2026-06-16 13:01:02+05:30,3142.5,6,3130.59,2279023,136910.0,203459.0,3163.0,3163.0,3108.0,3134.3,31999400,3447.7,2820.9,3839.9,2896.0,3142.3,2,2,3142.2,17,1,3142.1,116,2,3142.0,38,3,3141.9,95,6,3142.5,114,1,3142.7,51,2,3142.9,1,1,3143.0,900,5,3143.1,109,2
2031,2026-06-16 13:01:03+05:30,3143.0,40,3130.59,2279229,137497.0,203128.0,3163.0,3163.0,3108.0,3134.3,31999400,3447.7,2820.9,3839.9,2896.0,3142.4,14,1,3142.3,152,5,3142.2,18,2,3142.1,150,3,3142.0,53,4,3143.0,860,5,3143.1,109,2,3143.2,200,1,3143.3,201,2,3143.5,200,1
2031,2026-06-16 13:01:03+05:30,3143.0,1,3130.59,2279229,137497.0,203128.0,3163.0,3163.0,3108.0,3134.3,31999400,3447.7,2820.9,3839.9,2896.0,3142.4,14,1,3142.3,152,5,3142.2,18,2,3142.1,150,3,3142.0,53,4,3143.0,860,5,3143.1,109,2,3143.2,200,1,3143.3,201,2,3143.5,200,1
2031,2026-06-16 13:01:04+05:30,3143.0,1,3130.59,2279261,137630.0,203252.0,3163.0,3163.0,3108.0,3134.3,31999400,3447.7,2820.9,3839.9,2896.0,3142.6,1,1,3142.4,17,1,3142.3,139,4,3142.2,69,4,3142.1,147,3,3143.0,828,5,3143.1,109,2,3143.2,200,1,3143.3,201,2,3143.5,200,1
2031,2026-06-16 13:01:04+05:30,3143.0,5,3130.59,2279261,137630.0,203252.0,3163.0,3163.0,3108.0,3134.3,31999400,3447.7,2820.9,3839.9,2896.0,3142.6,1,1,3142.4,17,1,3142.3,139,4,3142.2,69,4,3142.1,147,3,3143.0,828,5,3143.1,109,2,3143.2,200,1,3143.3,201,2,3143.5,200,1
2031,2026-06-16 13:01:05+05:30,3142.6,9,3130.59,2279293,137734.0,203096.0,3163.0,3163.0,3108.0,3134.3,31999400,3447.7,2820.9,3839.9,2896.0,3142.6,147,2,3142.4,17,1,3142.3,155,5,3142.2,88,6,3142.1,131,2,3143.0,806,5,3143.1,109,2,3143.2,200,1,3143.3,201,2,3143.5,200,1
2031,2026-06-16 13:01:05+05:30,3143.0,1,3130.59,2279293,137734.0,203096.0,3163.0,3163.0,3108.0,3134.3,31999400,3447.7,2820.9,3839.9,2896.0,3142.6,147,2,3142.4,17,1,3142.3,155,5,3142.2,88,6,3142.1,131,2,3143.0,806,5,3143.1,109,2,3143.2,200,1,3143.3,201,2,3143.5,200,1
2031,2026-06-16 13:01:06+05:30,3142.8,1,3130.59,2279300,137858.0,203467.0,3163.0,3163.0,3108.0,3134.3,31999400,3447.7,2820.9,3839.9,2896.0,3142.8,2,2,3142.6,149,2,3142.3,151,3,3142.2,61,4,3142.1,115,1,3143.0,801,5,3143.1,109,2,3143.2,200,1,3143.3,201,2,3143.5,200,1
2031,2026-06-16 13:01:06+05:30,3143.0,1,3130.59,2279300,137858.0,203467.0,3163.0,3163.0,3108.0,3134.3,31999400,3447.7,2820.9,3839.9,2896.0,3142.8,2,2,3142.6,149,2,3142.3,151,3,3142.2,61,4,3142.1,115,1,3143.0,801,5,3143.1,109,2,3143.2,200,1,3143.3,201,2,3143.5,200,1
2031,2026-06-16 13:01:07+05:30,3142.8,136,3130.59,2279439,137376.0,202659.0,3163.0,3163.0,3108.0,3134.3,31999400,3447.7,2820.9,3839.9,2896.0,3142.7,16,1,3142.6,151,2,3142.4,17,1,3142.3,151,3,3142.2,61,4,3142.8,62,1,3143.0,800,5,3143.1,1,1,3143.3,1,1,3143.5,113,2
2031,2026-06-16 13:01:07+05:30,3142.8,41,3130.59,2279439,137376.0,202659.0,3163.0,3163.0,3108.0,3134.3,31999400,3447.7,2820.9,3839.9,2896.0,3142.7,16,1,3142.6,151,2,3142.4,17,1,3142.3,151,3,3142.2,61,4,3142.8,62,1,3143.0,800,5,3143.1,1,1,3143.3,1,1,3143.5,113,2
2031,2026-06-16 13:01:08+05:30,3142.8,41,3130.59,2279439,137376.0,202659.0,3163.0,3163.0,3108.0,3134.3,31999400,3447.7,2820.9,3839.9,2896.0,3142.7,16,1,3142.6,151,2,3142.4,17,1,3142.3,151,3,3142.2,61,4,3142.8,62,1,3143.0,800,5,3143.1,1,1,3143.3,1,1,3143.5,113,2
2031,2026-06-16 13:01:08+05:30,3142.8,41,3130.59,2279501,137598.0,202745.0,3163.0,3163.0,3108.0,3134.3,31999400,3447.7,2820.9,3839.9,2896.0,3142.9,4,1,3142.8,16,1,3142.6,134,1,3142.4,17,1,3142.3,151,3,3143.0,800,5,3143.1,1,1,3143.3,1,1,3143.5,108,1,3143.6,205,2
2031,2026-06-16 13:01:08+05:30,3143.0,10,3130.59,2279501,137598.0,202745.0,3163.0,3163.0,3108.0,3134.3,31999400,3447.7,2820.9,3839.9,2896.0,3142.9,4,1,3142.8,16,1,3142.6,134,1,3142.4,17,1,3142.3,151,3,3143.0,800,5,3143.1,1,1,3143.3,1,1,3143.5,108,1,3143.6,205,2
2031,2026-06-16 13:01:09+05:30,3143.0,21,3130.59,2279537,137800.0,201918.0,3163.0,3163.0,3108.0,3134.3,31999400,3447.7,2820.9,3839.9,2896.0,3142.9,59,4,3142.8,17,2,3142.6,151,2,3142.5,52,4,3142.4,68,3,3143.0,764,5,3143.1,1,1,3143.3,1,1,3143.7,1,1,3143.9,14,1
2031,2026-06-16 13:01:09+05:30,3143.0,42,3130.59,2279537,137800.0,201918.0,3163.0,3163.0,3108.0,3134.3,31999400,3447.7,2820.9,3839.9,2896.0,3142.9,59,4,3142.8,17,2,3142.6,151,2,3142.5,52,4,3142.4,68,3,3143.0,764,5,3143.1,1,1,3143.3,1,1,3143.7,1,1,3143.9,14,1
2031,2026-06-16 13:01:09+05:30,3143.0,42,3130.59,2279537,137800.0,201918.0,3163.0,3163.0,3108.0,3134.3,31999400,3447.7,2820.9,3839.9,2896.0,3142.9,59,4,3142.8,17,2,3142.6,151,2,3142.5,52,4,3142.4,68,3,3143.0,764,5,3143.1,1,1,3143.3,1,1,3143.7,1,1,3143.9,14,1
2031,2026-06-16 13:01:10+05:30,3143.0,8,3130.59,2279738,137865.0,201816.0,3163.0,3163.0,3108.0,3134.3,31999400,3447.7,2820.9,3839.9,2896.0,3142.9,63,6,3142.8,4,2,3142.7,10,2,3142.6,182,4,3142.5,120,7,3143.0,588,5,3143.1,1,1,3143.3,1,1,3143.7,1,1,3144.0,822,11
2031,2026-06-16 13:01:10+05:30,3143.0,30,3130.59,2279738,137865.0,201816.0,3163.0,3163.0,3108.0,3134.3,31999400,3447.7,2820.9,3839.9,2896.0,3142.9,63,6,3142.8,4,2,3142.7,10,2,3142.6,182,4,3142.5,120,7,3143.0,588,5,3143.1,1,1,3143.3,1,1,3143.7,1,1,3144.0,822,11
2031,2026-06-16 13:01:11+05:30,3143.0,8,3130.59,2279777,138033.0,201721.0,3163.0,3163.0,3108.0,3134.3,31999400,3447.7,2820.9,3839.9,2896.0,3142.9,61,5,3142.8,4,2,3142.7,10,2,3142.6,233,6,3142.5,120,7,3143.0,749,6,3143.1,1,1,3143.3,1,1,3143.7,1,1,3144.0,822,11
2031,2026-06-16 13:01:11+05:30,3143.0,39,3130.59,2279777,138033.0,201721.0,3163.0,3163.0,3108.0,3134.3,31999400,3447.7,2820.9,3839.9,2896.0,3142.9,61,5,3142.8,4,2,3142.7,10,2,3142.6,233,6,3142.5,120,7,3143.0,749,6,3143.1,1,1,3143.3,1,1,3143.7,1,1,3144.0,822,11
2031,2026-06-16 13:01:12+05:30,3143.0,39,3130.59,2279777,138033.0,201721.0,3163.0,3163.0,3108.0,3134.3,31999400,3447.7,2820.9,3839.9,2896.0,3142.9,61,5,3142.8,4,2,3142.7,10,2,3142.6,233,6,3142.5,120,7,3143.0,749,6,3143.1,1,1,3143.3,1,1,3143.7,1,1,3144.0,822,11
2031,2026-06-16 13:01:12+05:30,3142.9,6,3130.59,2279848,137983.0,201838.0,3163.0,3163.0,3108.0,3134.3,31999400,3447.7,2820.9,3839.9,2896.0,3142.9,42,3,3142.8,37,4,3142.7,20,2,3142.6,187,3,3142.5,112,6,3143.0,732,7,3143.1,1,1,3143.3,1,1,3143.7,1,1,3144.0,822,11
2031,2026-06-16 13:01:12+05:30,3143.0,11,3130.59,2279848,137983.0,201838.0,3163.0,3163.0,3108.0,3134.3,31999400,3447.7,2820.9,3839.9,2896.0,3142.9,42,3,3142.8,37,4,3142.7,20,2,3142.6,187,3,3142.5,112,6,3143.0,732,7,3143.1,1,1,3143.3,1,1,3143.7,1,1,3144.0,822,11
2031,2026-06-16 13:01:13+05:30,3143.0,23,3130.59,2279882,137950.0,201794.0,3163.0,3163.0,3108.0,3134.3,31999400,3447.7,2820.9,3839.9,2896.0,3142.9,55,5,3142.8,19,2,3142.7,61,4,3142.6,151,2,3142.5,64,6,3143.0,698,7,3143.1,1,1,3143.3,1,1,3143.7,1,1,3143.9,3,1
2031,2026-06-16 13:01:13+05:30,3143.0,31,3130.59,2279882,137950.0,201794.0,3163.0,3163.0,3108.0,3134.3,31999400,3447.7,2820.9,3839.9,2896.0,3142.9,55,5,3142.8,19,2,3142.7,61,4,3142.6,151,2,3142.5,64,6,3143.0,698,7,3143.1,1,1,3143.3,1,1,3143.7,1,1,3143.9,3,1
2031,2026-06-16 13:01:14+05:30,3143.0,31,3130.59,2280047,137919.0,201666.0,3163.0,3163.0,3108.0,3134.3,31999400,3447.7,2820.9,3839.9,2896.0,3142.9,53,4,3142.8,16,1,3142.7,5,1,3142.6,151,2,3142.5,131,9,3143.0,533,4,3143.1,1,1,3143.3,1,1,3143.7,1,1,3144.0,822,11
2031,2026-06-16 13:01:14+05:30,3142.9,25,3130.59,2280047,137919.0,201666.0,3163.0,3163.0,3108.0,3134.3,31999400,3447.7,2820.9,3839.9,2896.0,3142.9,53,4,3142.8,16,1,3142.7,5,1,3142.6,151,2,3142.5,131,9,3143.0,533,4,3143.1,1,1,3143.3,1,1,3143.7,1,1,3144.0,822,11
2031,2026-06-16 13:01:14+05:30,3142.9,25,3130.59,2280047,137919.0,201666.0,3163.0,3163.0,3108.0,3134.3,31999400,3447.7,2820.9,3839.9,2896.0,3142.9,53,4,3142.8,16,1,3142.7,5,1,3142.6,151,2,3142.5,131,9,3143.0,533,4,3143.1,1,1,3143.3,1,1,3143.7,1,1,3144.0,822,11
2031,2026-06-16 13:01:15+05:30,3143.0,12,3130.59,2280297,137793.0,201831.0,3163.0,3163.0,3108.0,3134.3,31999400,3447.7,2820.9,3839.9,2896.0,3142.8,25,3,3142.7,5,1,3142.6,158,4,3142.5,67,7,3142.4,17,1,3143.0,483,4,3143.1,1,1,3143.3,1,1,3143.6,200,1,3143.7,1,1
2031,2026-06-16 13:01:15+05:30,3143.0,38,3130.59,2280297,137793.0,201831.0,3163.0,3163.0,3108.0,3134.3,31999400,3447.7,2820.9,3839.9,2896.0,3142.8,25,3,3142.7,5,1,3142.6,158,4,3142.5,67,7,3142.4,17,1,3143.0,483,4,3143.1,1,1,3143.3,1,1,3143.6,200,1,3143.7,1,1
2031,2026-06-16 13:01:16+05:30,3143.0,1,3130.59,2280353,137738.0,201779.0,3163.0,3163.0,3108.0,3134.3,31999400,3447.7,2820.9,3839.9,2896.0,3142.9,9,4,3142.8,2,2,3142.7,5,1,3142.6,174,5,3142.5,70,8,3143.0,427,4,3143.1,1,1,3143.3,1,1,3143.6,200,1,3143.7,1,1
2031,2026-06-16 13:01:16+05:30,3143.0,13,3130.59,2280353,137738.0,201779.0,3163.0,3163.0,3108.0,3134.3,31999400,3447.7,2820.9,3839.9,2896.0,3142.9,9,4,3142.8,2,2,3142.7,5,1,3142.6,174,5,3142.5,70,8,3143.0,427,4,3143.1,1,1,3143.3,1,1,3143.6,200,1,3143.7,1,1
2031,2026-06-16 13:01:16+05:30,3143.0,13,3130.59,2280353,137738.0,201779.0,3163.0,3163.0,3108.0,3134.3,31999400,3447.7,2820.9,3839.9,2896.0,3142.9,9,4,3142.8,2,2,3142.7,5,1,3142.6,174,5,3142.5,70,8,3143.0,427,4,3143.1,1,1,3143.3,1,1,3143.6,200,1,3143.7,1,1
2031,2026-06-16 13:01:17+05:30,3143.0,13,3130.59,2280375,137872.0,201684.0,3163.0,3163.0,3108.0,3134.3,31999400,3447.7,2820.9,3839.9,2896.0,3142.9,54,7,3142.8,19,4,3142.7,71,4,3142.6,158,4,3142.5,180,10,3143.0,405,4,3143.1,1,1,3143.3,1,1,3143.6,200,1,3143.7,1,1
2031,2026-06-16 13:01:17+05:30,3143.0,3,3130.59,2280375,137872.0,201684.0,3163.0,3163.0,3108.0,3134.3,31999400,3447.7,2820.9,3839.9,2896.0,3142.9,54,7,3142.8,19,4,3142.7,71,4,3142.6,158,4,3142.5,180,10,3143.0,405,4,3143.1,1,1,3143.3,1,1,3143.6,200,1,3143.7,1,1
2031,2026-06-16 13:01:18+05:30,3143.0,3,3130.59,2280382,137869.0,201686.0,3163.0,3163.0,3108.0,3134.3,31999400,3447.7,2820.9,3839.9,2896.0,3142.9,54,7,3142.8,19,4,3142.7,71,4,3142.6,158,4,3142.5,180,10,3143.0,398,4,3143.1,1,1,3143.3,1,1,3143.6,200,1,3143.7,1,1
2031,2026-06-16 13:01:18+05:30,3143.0,3,3130.59,2280382,137869.0,201686.0,3163.0,3163.0,3108.0,3134.3,31999400,3447.7,2820.9,3839.9,2896.0,3142.9,54,7,3142.8,19,4,3142.7,71,4,3142.6,158,4,3142.5,180,10,3143.0,398,4,3143.1,1,1,3143.3,1,1,3143.6,200,1,3143.7,1,1
2031,2026-06-16 13:01:18+05:30,3143.0,1,3130.59,2280382,137869.0,201686.0,3163.0,3163.0,3108.0,3134.3,31999400,3447.7,2820.9,3839.9,2896.0,3142.9,54,7,3142.8,19,4,3142.7,71,4,3142.6,158,4,3142.5,180,10,3143.0,398,4,3143.1,1,1,3143.3,1,1,3143.6,200,1,3143.7,1,1
2031,2026-06-16 13:01:19+05:30,3143.0,18,3130.6,2280538,137869.0,201547.0,3163.0,3163.0,3108.0,3134.3,31999400,3447.7,2820.9,3839.9,2896.0,3142.9,98,6,3142.8,19,4,3142.7,17,1,3142.6,164,5,3142.5,119,8,3143.0,246,3,3143.1,1,1,3143.3,1,1,3143.6,200,1,3143.7,1,1
2031,2026-06-16 13:01:19+05:30,3143.0,16,3130.6,2280538,137869.0,201547.0,3163.0,3163.0,3108.0,3134.3,31999400,3447.7,2820.9,3839.9,2896.0,3142.9,98,6,3142.8,19,4,3142.7,17,1,3142.6,164,5,3142.5,119,8,3143.0,246,3,3143.1,1,1,3143.3,1,1,3143.6,200,1,3143.7,1,1
2031,2026-06-16 13:01:20+05:30,3143.0,16,3130.6,2280538,137869.0,201547.0,3163.0,3163.0,3108.0,3134.3,31999400,3447.7,2820.9,3839.9,2896.0,3142.9,98,6,3142.8,19,4,3142.7,17,1,3142.6,164,5,3142.5,119,8,3143.0,246,3,3143.1,1,1,3143.3,1,1,3143.6,200,1,3143.7,1,1
2031,2026-06-16 13:01:20+05:30,3143.0,16,3130.6,2280561,137837.0,201547.0,3163.0,3163.0,3108.0,3134.3,31999400,3447.7,2820.9,3839.9,2896.0,3142.9,98,6,3142.8,19,4,3142.6,164,5,3142.5,119,8,3142.4,69,3,3143.0,260,3,3143.1,1,1,3143.3,1,1,3143.6,200,1,3143.7,1,1
2031,2026-06-16 13:01:20+05:30,3143.0,4,3130.6,2280561,137837.0,201547.0,3163.0,3163.0,3108.0,3134.3,31999400,3447.7,2820.9,3839.9,2896.0,3142.9,98,6,3142.8,19,4,3142.6,164,5,3142.5,119,8,3142.4,69,3,3143.0,260,3,3143.1,1,1,3143.3,1,1,3143.6,200,1,3143.7,1,1
2031,2026-06-16 13:01:20+05:30,3143.0,4,3130.6,2280561,137837.0,201547.0,3163.0,3163.0,3108.0,3134.3,31999400,3447.7,2820.9,3839.9,2896.0,3142.9,98,6,3142.8,19,4,3142.6,164,5,3142.5,119,8,3142.4,69,3,3143.0,260,3,3143.1,1,1,3143.3,1,1,3143.6,200,1,3143.7,1,1
2031,2026-06-16 13:01:21+05:30,3143.0,4,3130.6,2280565,137477.0,213783.0,3163.0,3163.0,3108.0,3134.3,31999400,3447.7,2820.9,3839.9,2896.0,3142.9,94,5,3142.8,16,3,3142.6,135,2,3142.5,75,5,3142.4,17,1,3143.0,256,3,3143.1,1,1,3143.3,1,1,3143.6,238,2,3143.7,1,1
2031,2026-06-16 13:01:21+05:30,3143.0,4,3130.6,2280565,137477.0,213783.0,3163.0,3163.0,3108.0,3134.3,31999400,3447.7,2820.9,3839.9,2896.0,3142.9,94,5,3142.8,16,3,3142.6,135,2,3142.5,75,5,3142.4,17,1,3143.0,256,3,3143.1,1,1,3143.3,1,1,3143.6,238,2,3143.7,1,1
2031,2026-06-16 13:01:21+05:30,3143.0,1,3130.6,2280565,137477.0,213783.0,3163.0,3163.0,3108.0,3134.3,31999400,3447.7,2820.9,3839.9,2896.0,3142.9,94,5,3142.8,16,3,3142.6,135,2,3142.5,75,5,3142.4,17,1,3143.0,256,3,3143.1,1,1,3143.3,1,1,3143.6,238,2,3143.7,1,1
2031,2026-06-16 13:01:21+05:30,3143.0,1,3130.6,2280565,137477.0,213783.0,3163.0,3163.0,3108.0,3134.3,31999400,3447.7,2820.9,3839.9,2896.0,3142.9,94,5,3142.8,16,3,3142.6,135,2,3142.5,75,5,3142.4,17,1,3143.0,256,3,3143.1,1,1,3143.3,1,1,3143.6,238,2,3143.7,1,1
2031,2026-06-16 13:01:22+05:30,3142.9,39,3130.6,2280606,137278.0,213813.0,3163.0,3163.0,3108.0,3134.3,31999400,3447.7,2820.9,3839.9,2896.0,3142.9,55,5,3142.8,16,3,3142.6,135,2,3142.5,11,2,3142.3,58,1,3143.0,226,3,3143.1,1,1,3143.3,1,1,3143.4,38,1,3143.6,238,2
2031,2026-06-16 13:01:22+05:30,3142.9,39,3130.6,2280606,137278.0,213813.0,3163.0,3163.0,3108.0,3134.3,31999400,3447.7,2820.9,3839.9,2896.0,3142.9,55,5,3142.8,16,3,3142.6,135,2,3142.5,11,2,3142.3,58,1,3143.0,226,3,3143.1,1,1,3143.3,1,1,3143.4,38,1,3143.6,238,2
2031,2026-06-16 13:01:22+05:30,3143.0,6,3130.6,2280606,137278.0,213813.0,3163.0,3163.0,3108.0,3134.3,31999400,3447.7,2820.9,3839.9,2896.0,3142.9,55,5,3142.8,16,3,3142.6,135,2,3142.5,11,2,3142.3,58,1,3143.0,226,3,3143.1,1,1,3143.3,1,1,3143.4,38,1,3143.6,238,2
2031,2026-06-16 13:01:23+05:30,3143.0,6,3130.6,2280606,137278.0,213813.0,3163.0,3163.0,3108.0,3134.3,31999400,3447.7,2820.9,3839.9,2896.0,3142.9,55,5,3142.8,16,3,3142.6,135,2,3142.5,11,2,3142.3,58,1,3143.0,226,3,3143.1,1,1,3143.3,1,1,3143.4,38,1,3143.6,238,2
2031,2026-06-16 13:01:23+05:30,3143.0,1,3130.6,2280613,137271.0,213876.0,3163.0,3163.0,3108.0,3134.3,31999400,3447.7,2820.9,3839.9,2896.0,3142.9,55,5,3142.8,16,3,3142.7,17,1,3142.6,135,2,3142.5,18,3,3143.0,244,4,3143.1,1,1,3143.3,1,1,3143.4,38,1,3143.6,281,3
2031,2026-06-16 13:01:23+05:30,3143.0,1,3130.6,2280613,137271.0,213876.0,3163.0,3163.0,3108.0,3134.3,31999400,3447.7,2820.9,3839.9,2896.0,3142.9,55,5,3142.8,16,3,3142.7,17,1,3142.6,135,2,3142.5,18,3,3143.0,244,4,3143.1,1,1,3143.3,1,1,3143.4,38,1,3143.6,281,3
2031,2026-06-16 13:01:24+05:30,3143.0,1,3130.6,2280613,137271.0,213876.0,3163.0,3163.0,3108.0,3134.3,31999400,3447.7,2820.9,3839.9,2896.0,3142.9,55,5,3142.8,16,3,3142.7,17,1,3142.6,135,2,3142.5,18,3,3143.0,244,4,3143.1,1,1,3143.3,1,1,3143.4,38,1,3143.6,281,3
2031,2026-06-16 13:01:24+05:30,3143.0,1,3130.6,2280614,137257.0,213921.0,3163.0,3163.0,3108.0,3134.3,31999400,3447.7,2820.9,3839.9,2896.0,3142.9,61,6,3142.8,16,3,3142.7,17,1,3142.6,135,2,3142.1,27,2,3143.0,296,6,3143.1,39,2,3143.2,43,1,3143.3,25,2,3143.4,281,3
2031,2026-06-16 13:01:24+05:30,3143.0,1,3130.6,2280614,137257.0,213921.0,3163.0,3163.0,3108.0,3134.3,31999400,3447.7,2820.9,3839.9,2896.0,3142.9,61,6,3142.8,16,3,3142.7,17,1,3142.6,135,2,3142.1,27,2,3143.0,296,6,3143.1,39,2,3143.2,43,1,3143.3,25,2,3143.4,281,3
2031,2026-06-16 13:01:24+05:30,3143.0,1,3130.6,2280614,137257.0,213921.0,3163.0,3163.0,3108.0,3134.3,31999400,3447.7,2820.9,3839.9,2896.0,3142.9,61,6,3142.8,16,3,3142.7,17,1,3142.6,135,2,3142.1,27,2,3143.0,296,6,3143.1,39,2,3143.2,43,1,3143.3,25,2,3143.4,281,3
2031,2026-06-16 13:01:25+05:30,3143.0,7,3130.6,2280792,137246.0,213845.0,3163.0,3163.0,3108.0,3134.3,31999400,3447.7,2820.9,3839.9,2896.0,3142.9,61,6,3142.8,15,2,3142.6,135,2,3142.1,27,2,3142.0,124,4,3143.0,145,8,3143.1,39,2,3143.2,43,1,3143.3,25,2,3143.4,281,3
2031,2026-06-16 13:01:25+05:30,3143.0,26,3130.6,2280792,137246.0,213845.0,3163.0,3163.0,3108.0,3134.3,31999400,3447.7,2820.9,3839.9,2896.0,3142.9,61,6,3142.8,15,2,3142.6,135,2,3142.1,27,2,3142.0,124,4,3143.0,145,8,3143.1,39,2,3143.2,43,1,3143.3,25,2,3143.4,281,3
2031,2026-06-16 13:01:25+05:30,3143.0,26,3130.6,2280792,137246.0,213845.0,3163.0,3163.0,3108.0,3134.3,31999400,3447.7,2820.9,3839.9,2896.0,3142.9,61,6,3142.8,15,2,3142.6,135,2,3142.1,27,2,3142.0,124,4,3143.0,145,8,3143.1,39,2,3143.2,43,1,3143.3,25,2,3143.4,281,3
2031,2026-06-16 13:01:26+05:30,3142.9,2,3130.6,2280820,137244.0,213824.0,3163.0,3163.0,3108.0,3134.3,31999400,3447.7,2820.9,3839.9,2896.0,3142.9,59,5,3142.8,15,2,3142.6,135,2,3142.1,27,2,3142.0,124,4,3143.0,144,9,3143.1,1,1,3143.2,94,2,3143.3,25,2,3143.4,281,3
2031,2026-06-16 13:01:26+05:30,3142.9,2,3130.6,2280820,137244.0,213824.0,3163.0,3163.0,3108.0,3134.3,31999400,3447.7,2820.9,3839.9,2896.0,3142.9,59,5,3142.8,15,2,3142.6,135,2,3142.1,27,2,3142.0,124,4,3143.0,144,9,3143.1,1,1,3143.2,94,2,3143.3,25,2,3143.4,281,3
2031,2026-06-16 13:01:26+05:30,3143.0,4,3130.6,2280820,137244.0,213824.0,3163.0,3163.0,3108.0,3134.3,31999400,3447.7,2820.9,3839.9,2896.0,3142.9,59,5,3142.8,15,2,3142.6,135,2,3142.1,27,2,3142.0,124,4,3143.0,144,9,3143.1,1,1,3143.2,94,2,3143.3,25,2,3143.4,281,3
2031,2026-06-16 13:01:27+05:30,3143.0,4,3130.6,2280820,137244.0,213824.0,3163.0,3163.0,3108.0,3134.3,31999400,3447.7,2820.9,3839.9,2896.0,3142.9,59,5,3142.8,15,2,3142.6,135,2,3142.1,27,2,3142.0,124,4,3143.0,144,9,3143.1,1,1,3143.2,94,2,3143.3,25,2,3143.4,281,3
2031,2026-06-16 13:01:27+05:30,3143.0,1,3130.6,2280825,137185.0,213765.0,3163.0,3163.0,3108.0,3134.3,31999400,3447.7,2820.9,3839.9,2896.0,3142.9,9,4,3142.8,15,2,3142.6,135,2,3142.5,28,2,3142.1,27,2,3143.0,139,8,3143.1,13,2,3143.2,94,2,3143.3,25,2,3143.4,281,3
2031,2026-06-16 13:01:27+05:30,3143.0,1,3130.6,2280825,137185.0,213765.0,3163.0,3163.0,3108.0,3134.3,31999400,3447.7,2820.9,3839.9,2896.0,3142.9,9,4,3142.8,15,2,3142.6,135,2,3142.5,28,2,3142.1,27,2,3143.0,139,8,3143.1,13,2,3143.2,94,2,3143.3,25,2,3143.4,281,3
2031,2026-06-16 13:01:28+05:30,3143.0,1,3130.6,2280826,137191.0,213778.0,3163.0,3163.0,3108.0,3134.3,31999400,3447.7,2820.9,3839.9,2896.0,3142.9,3,3,3142.8,15,2,3142.6,135,2,3142.5,34,3,3142.1,27,2,3143.0,138,8,3143.1,13,2,3143.2,94,2,3143.3,25,2,3143.4,281,3
2031,2026-06-16 13:01:28+05:30,3143.0,1,3130.6,2280826,137191.0,213778.0,3163.0,3163.0,3108.0,3134.3,32001400,3447.7,2820.9,3839.9,2896.0,3142.9,3,3,3142.8,15,2,3142.6,135,2,3142.5,34,3,3142.1,27,2,3143.0,138,8,3143.1,13,2,3143.2,94,2,3143.3,25,2,3143.4,281,3
2031,2026-06-16 13:01:29+05:30,3143.0,17,3130.6,2280876,137223.0,213781.0,3163.0,3163.0,3108.0,3134.3,32001400,3447.7,2820.9,3839.9,2896.0,3142.9,10,4,3142.8,15,2,3142.6,135,2,3142.5,28,2,3142.1,27,2,3143.0,138,7,3143.1,13,2,3143.2,94,2,3143.3,25,2,3143.4,281,3
2031,2026-06-16 13:01:29+05:30,3143.0,1,3130.6,2280876,137223.0,213781.0,3163.0,3163.0,3108.0,3134.3,32001400,3447.7,2820.9,3839.9,2896.0,3142.9,10,4,3142.8,15,2,3142.6,135,2,3142.5,28,2,3142.1,27,2,3143.0,138,7,3143.1,13,2,3143.2,94,2,3143.3,25,2,3143.4,281,3
2031,2026-06-16 13:01:30+05:30,3143.0,1,3130.6,2280885,137247.0,213244.0,3163.0,3163.0,3108.0,3134.3,32001400,3447.7,2820.9,3839.9,2896.0,3142.9,8,5,3142.8,15,2,3142.7,17,1,3142.6,137,3,3142.5,35,3,3143.0,137,9,3143.1,1,1,3143.2,51,1,3143.3,25,2,3143.4,280,3
2031,2026-06-16 13:01:30+05:30,3143.0,2,3130.6,2280885,137247.0,213244.0,3163.0,3163.0,3108.0,3134.3,32001400,3447.7,2820.9,3839.9,2896.0,3142.9,8,5,3142.8,15,2,3142.7,17,1,3142.6,137,3,3142.5,35,3,3143.0,137,9,3143.1,1,1,3143.2,51,1,3143.3,25,2,3143.4,280,3
2031,2026-06-16 13:01:31+05:30,3143.0,2,3130.6,2280890,137222.0,213292.0,3163.0,3163.0,3108.0,3134.3,32001400,3447.7,2820.9,3839.9,2896.0,3142.9,15,7,3142.8,15,2,3142.7,17,1,3142.6,137,3,3142.1,64,4,3143.0,108,8,3143.1,1,1,3143.2,51,1,3143.3,1,1,3143.4,80,2
2031,2026-06-16 13:01:31+05:30,3143.0,1,3130.6,2280890,137222.0,213292.0,3163.0,3163.0,3108.0,3134.3,32001400,3447.7,2820.9,3839.9,2896.0,3142.9,15,7,3142.8,15,2,3142.7,17,1,3142.6,137,3,3142.1,64,4,3143.0,108,8,3143.1,1,1,3143.2,51,1,3143.3,1,1,3143.4,80,2
2031,2026-06-16 13:01:32+05:30,3143.1,1,3130.6,2280993,137665.0,213036.0,3163.0,3163.0,3108.0,3134.3,32001400,3447.7,2820.9,3839.9,2896.0,3142.9,58,7,3142.8,15,2,3142.7,18,1,3142.6,137,3,3142.5,37,4,3143.3,1,1,3143.6,280,3,3143.7,1,1,3143.8,84,3,3143.9,60,1
2031,2026-06-16 13:01:32+05:30,3143.6,47,3130.6,2280993,137665.0,213036.0,3163.0,3163.0,3108.0,3134.3,32001400,3447.7,2820.9,3839.9,2896.0,3142.9,58,7,3142.8,15,2,3142.7,18,1,3142.6,137,3,3142.5,37,4,3143.3,1,1,3143.6,280,3,3143.7,1,1,3143.8,84,3,3143.9,60,1
2031,2026-06-16 13:01:33+05:30,3144.0,33,3130.6,2281383,138210.0,211300.0,3163.0,3163.0,3108.0,3134.3,32001400,3447.7,2820.9,3839.9,2896.0,3142.9,106,9,3142.8,16,3,3142.7,18,1,3142.6,137,3,3142.5,47,4,3143.9,98,5,3144.0,695,8,3144.1,249,2,3144.2,397,7,3144.3,10,1
2031,2026-06-16 13:01:33+05:30,3144.0,33,3130.6,2281383,138210.0,211300.0,3163.0,3163.0,3108.0,3134.3,32001400,3447.7,2820.9,3839.9,2896.0,3142.9,106,9,3142.8,16,3,3142.7,18,1,3142.6,137,3,3142.5,47,4,3143.9,98,5,3144.0,695,8,3144.1,249,2,3144.2,397,7,3144.3,10,1
2031,2026-06-16 13:01:34+05:30,3144.0,33,3130.6,2281383,138217.0,211301.0,3163.0,3163.0,3108.0,3134.3,32001400,3447.7,2820.9,3839.9,2896.0,3143.0,51,2,3142.9,57,8,3142.8,16,3,3142.7,18,1,3142.6,137,3,3143.5,53,1,3143.9,98,5,3144.0,695,8,3144.1,249,2,3144.2,366,6
2031,2026-06-16 13:01:35+05:30,3143.0,1,3130.6,2281386,138204.0,211222.0,3163.0,3163.0,3108.0,3134.3,32001400,3447.7,2820.9,3839.9,2896.0,3143.0,92,3,3142.9,57,8,3142.8,16,3,3142.7,18,1,3142.6,137,3,3143.5,70,3,3143.6,36,1,3143.7,42,1,3143.8,106,2,3143.9,46,2
2031,2026-06-16 13:01:35+05:30,3143.0,1,3130.6,2281386,138204.0,211222.0,3163.0,3163.0,3108.0,3134.3,32001400,3447.7,2820.9,3839.9,2896.0,3143.0,92,3,3142.9,57,8,3142.8,16,3,3142.7,18,1,3142.6,137,3,3143.5,70,3,3143.6,36,1,3143.7,42,1,3143.8,106,2,3143.9,46,2
2031,2026-06-16 13:01:36+05:30,3142.8,78,3130.6,2281772,137123.0,212423.0,3163.0,3163.0,3108.0,3134.3,32001400,3447.7,2820.9,3839.9,2896.0,3142.7,18,1,3142.6,137,3,3142.5,26,2,3142.3,6,1,3142.2,13,1,3142.8,61,1,3142.9,44,2,3143.2,186,2,3143.3,42,1,3143.4,38,1
2031,2026-06-16 13:01:36+05:30,3143.0,38,3130.6,2281772,137123.0,212423.0,3163.0,3163.0,3108.0,3134.3,32001400,3447.7,2820.9,3839.9,2896.0,3142.7,18,1,3142.6,137,3,3142.5,26,2,3142.3,6,1,3142.2,13,1,3142.8,61,1,3142.9,44,2,3143.2,186,2,3143.3,42,1,3143.4,38,1
2031,2026-06-16 13:01:37+05:30,3143.2,24,3130.6,2281901,137295.0,217913.0,3163.0,3163.0,3108.0,3134.3,32001400,3447.7,2820.9,3839.9,2896.0,3143.0,16,1,3142.9,2,1,3142.6,137,3,3142.3,6,1,3142.2,13,1,3143.2,124,1,3143.4,280,3,3143.5,107,4,3143.6,111,3,3143.7,5,1
2031,2026-06-16 13:01:37+05:30,3143.2,1,3130.6,2281901,137295.0,217913.0,3163.0,3163.0,3108.0,3134.3,32001400,3447.7,2820.9,3839.9,2896.0,3143.0,16,1,3142.9,2,1,3142.6,137,3,3142.3,6,1,3142.2,13,1,3143.2,124,1,3143.4,280,3,3143.5,107,4,3143.6,111,3,3143.7,5,1
2031,2026-06-16 13:01:38+05:30,3143.2,1,3130.6,2281902,137185.0,217866.0,3163.0,3163.0,3108.0,3134.3,32001400,3447.7,2820.9,3839.9,2896.0,3143.0,16,1,3142.6,137,3,3142.3,6,1,3142.2,13,1,3142.1,66,1,3143.1,14,1,3143.2,215,6,3143.4,280,3,3143.5,82,3,3143.6,147,4
2031,2026-06-16 13:01:38+05:30,3143.1,14,3130.6,2281902,137185.0,217866.0,3163.0,3163.0,3108.0,3134.3,32001400,3447.7,2820.9,3839.9,2896.0,3143.0,16,1,3142.6,137,3,3142.3,6,1,3142.2,13,1,3142.1,66,1,3143.1,14,1,3143.2,215,6,3143.4,280,3,3143.5,82,3,3143.6,147,4
2031,2026-06-16 13:01:39+05:30,3143.2,49,3130.6,2281979,137386.0,217103.0,3163.0,3163.0,3108.0,3134.3,32001400,3447.7,2820.9,3839.9,2896.0,3143.1,20,2,3142.6,137,3,3142.5,23,2,3142.3,6,1,3142.2,13,1,3143.2,102,3,3143.4,238,2,3143.5,73,3,3143.6,38,1,3143.7,31,1
2031,2026-06-16 13:01:39+05:30,3143.2,49,3130.6,2281979,137386.0,217103.0,3163.0,3163.0,3108.0,3134.3,32001400,3447.7,2820.9,3839.9,2896.0,3143.1,20,2,3142.6,137,3,3142.5,23,2,3142.3,6,1,3142.2,13,1,3143.2,102,3,3143.4,238,2,3143.5,73,3,3143.6,38,1,3143.7,31,1
2031,2026-06-16 13:01:40+05:30,3143.2,49,3130.6,2281979,137492.0,217068.0,3163.0,3163.0,3108.0,3134.3,32001400,3447.7,2820.9,3839.9,2896.0,3143.1,5,1,3142.7,17,1,3142.6,137,3,3142.5,23,2,3142.3,6,1,3143.2,192,6,3143.3,12,1,3143.4,290,3,3143.5,31,2,3143.6,38,1
2031,2026-06-16 13:01:41+05:30,3143.2,24,3130.6,2282141,137468.0,216995.0,3163.0,3163.0,3108.0,3134.3,32001400,3447.7,2820.9,3839.9,2896.0,3143.1,5,1,3142.6,154,4,3142.5,23,2,3142.3,6,1,3142.2,13,1,3143.2,55,4,3143.3,54,2,3143.4,238,2,3143.5,31,2,3143.6,80,2
2031,2026-06-16 13:01:41+05:30,3143.2,24,3130.6,2282141,137468.0,216995.0,3163.0,3163.0,3108.0,3134.3,32001400,3447.7,2820.9,3839.9,2896.0,3143.1,5,1,3142.6,154,4,3142.5,23,2,3142.3,6,1,3142.2,13,1,3143.2,55,4,3143.3,54,2,3143.4,238,2,3143.5,31,2,3143.6,80,2
2031,2026-06-16 13:01:42+05:30,3143.2,24,3130.6,2282141,137468.0,216986.0,3163.0,3163.0,3108.0,3134.3,32001400,3447.7,2820.9,3839.9,2896.0,3143.1,5,1,3142.6,154,4,3142.5,23,2,3142.3,6,1,3142.2,13,1,3143.2,44,3,3143.3,54,2,3143.4,238,2,3143.5,31,2,3143.6,80,2
2031,2026-06-16 13:01:43+05:30,3143.2,1,3130.6,2282143,137316.0,217193.0,3163.0,3163.0,3108.0,3134.3,32001400,3447.7,2820.9,3839.9,2896.0,3143.1,5,1,3143.0,15,1,3142.6,137,3,3142.5,23,2,3142.3,6,1,3143.2,42,3,3143.3,54,2,3143.4,238,2,3143.5,31,2,3143.6,80,2
2031,2026-06-16 13:01:43+05:30,3143.0,15,3130.6,2282143,137316.0,217193.0,3163.0,3163.0,3108.0,3134.3,32001400,3447.7,2820.9,3839.9,2896.0,3143.1,5,1,3143.0,15,1,3142.6,137,3,3142.5,23,2,3142.3,6,1,3143.2,42,3,3143.3,54,2,3143.4,238,2,3143.5,31,2,3143.6,80,2
2031,2026-06-16 13:01:44+05:30,3143.4,12,3130.6,2282182,137769.0,217193.0,3163.0,3163.0,3108.0,3134.3,32001400,3447.7,2820.9,3839.9,2896.0,3143.1,1,1,3143.0,15,1,3142.6,137,3,3142.5,23,2,3142.3,6,1,3143.4,188,1,3143.5,1,1,3143.6,38,1,3143.8,188,3,3143.9,223,5
2031,2026-06-16 13:01:44+05:30,3143.4,12,3130.6,2282182,137769.0,217193.0,3163.0,3163.0,3108.0,3134.3,32001400,3447.7,2820.9,3839.9,2896.0,3143.1,1,1,3143.0,15,1,3142.6,137,3,3142.5,23,2,3142.3,6,1,3143.4,188,1,3143.5,1,1,3143.6,38,1,3143.8,188,3,3143.9,223,5
2031,2026-06-16 13:01:45+05:30,3143.1,1,3130.6,2282184,137496.0,217277.0,3163.0,3163.0,3108.0,3134.3,32001400,3447.7,2820.9,3839.9,2896.0,3143.0,1,1,3142.7,15,1,3142.6,137,3,3142.4,7,1,3142.3,8,2,3143.1,186,1,3143.4,129,4,3143.5,109,2,3143.6,323,4,3143.7,235,2
2031,2026-06-16 13:01:45+05:30,3143.1,2,3130.6,2282184,137496.0,217277.0,3163.0,3163.0,3108.0,3134.3,32001400,3447.7,2820.9,3839.9,2896.0,3143.0,1,1,3142.7,15,1,3142.6,137,3,3142.4,7,1,3142.3,8,2,3143.1,186,1,3143.4,129,4,3143.5,109,2,3143.6,323,4,3143.7,235,2
2031,2026-06-16 13:01:46+05:30,3142.6,19,3130.61,2282370,137566.0,216691.0,3163.0,3163.0,3108.0,3134.3,32001400,3447.7,2820.9,3839.9,2896.0,3142.6,118,3,3142.5,23,2,3142.3,43,5,3142.2,37,3,3142.1,66,1,3143.0,1,1,3143.4,56,2,3143.5,108,1,3143.6,200,1,3143.7,200,1
2031,2026-06-16 13:01:46+05:30,3143.0,2,3130.61,2282370,137566.0,216691.0,3163.0,3163.0,3108.0,3134.3,32001400,3447.7,2820.9,3839.9,2896.0,3142.6,118,3,3142.5,23,2,3142.3,43,5,3142.2,37,3,3142.1,66,1,3143.0,1,1,3143.4,56,2,3143.5,108,1,3143.6,200,1,3143.7,200,1
2031,2026-06-16 13:01:46+05:30,3143.0,2,3130.61,2282372,137382.0,217028.0,3163.0,3163.0,3108.0,3134.3,32001400,3447.7,2820.9,3839.9,2896.0,3143.0,1,1,3142.6,118,3,3142.5,23,2,3142.3,8,2,3142.2,37,3,3143.4,56,2,3143.5,108,1,3143.6,279,3,3143.7,200,1,3143.8,85,3
2031,2026-06-16 13:01:47+05:30,3143.0,2,3130.61,2282372,137478.0,217282.0,3163.0,3163.0,3108.0,3134.3,32001400,3447.7,2820.9,3839.9,2896.0,3143.2,1,1,3143.0,1,1,3142.6,134,4,3142.5,54,3,3142.3,8,2,3143.4,70,3,3143.5,108,1,3143.6,238,2,3143.7,200,1,3143.8,84,3
2031,2026-06-16 13:01:48+05:30,3143.4,22,3130.61,2282372,137478.0,217282.0,3163.0,3163.0,3108.0,3134.3,32001400,3447.7,2820.9,3839.9,2896.0,3143.2,1,1,3143.0,1,1,3142.6,134,4,3142.5,54,3,3142.3,8,2,3143.4,70,3,3143.5,108,1,3143.6,238,2,3143.7,200,1,3143.8,84,3
2031,2026-06-16 13:01:48+05:30,3143.4,22,3130.61,2282396,137380.0,217174.0,3163.0,3163.0,3108.0,3134.3,32001400,3447.7,2820.9,3839.9,2896.0,3143.0,1,1,3142.6,19,3,3142.5,38,2,3142.3,8,2,3142.2,13,1,3143.3,60,4,3143.4,72,5,3143.5,110,2,3143.6,369,6,3143.7,248,4
2031,2026-06-16 13:01:49+05:30,3143.0,26,3130.61,2282396,137380.0,217174.0,3163.0,3163.0,3108.0,3134.3,32001400,3447.7,2820.9,3839.9,2896.0,3143.0,1,1,3142.6,19,3,3142.5,38,2,3142.3,8,2,3142.2,13,1,3143.3,60,4,3143.4,72,5,3143.5,110,2,3143.6,369,6,3143.7,248,4
2031,2026-06-16 13:01:49+05:30,3143.0,26,3130.61,2282423,137519.0,217131.0,3163.0,3163.0,3108.0,3134.3,32001400,3447.7,2820.9,3839.9,2896.0,3142.9,2,1,3142.6,19,3,3142.5,38,2,3142.3,8,2,3142.2,13,1,3143.0,24,1,3143.2,52,2,3143.3,41,2,3143.4,96,5,3143.5,110,2
2031,2026-06-16 13:01:50+05:30,3143.0,5,3130.61,2282423,137519.0,217131.0,3163.0,3163.0,3108.0,3134.3,32001400,3447.7,2820.9,3839.9,2896.0,3142.9,2,1,3142.6,19,3,3142.5,38,2,3142.3,8,2,3142.2,13,1,3143.0,24,1,3143.2,52,2,3143.3,41,2,3143.4,96,5,3143.5,110,2
2031,2026-06-16 13:01:50+05:30,3143.0,34,3130.61,2282481,137586.0,217921.0,3163.0,3163.0,3108.0,3134.3,32001400,3447.7,2820.9,3839.9,2896.0,3143.0,72,1,3142.9,2,1,3142.7,15,1,3142.6,3,2,3142.5,29,2,3143.3,25,1,3143.4,3,2,3143.5,110,2,3143.6,202,2,3143.7,242,3
2031,2026-06-16 13:01:51+05:30,3143.0,34,3130.61,2282481,137586.0,217921.0,3163.0,3163.0,3108.0,3134.3,32001400,3447.7,2820.9,3839.9,2896.0,3143.0,72,1,3142.9,2,1,3142.7,15,1,3142.6,3,2,3142.5,29,2,3143.3,25,1,3143.4,3,2,3143.5,110,2,3143.6,202,2,3143.7,242,3
2031,2026-06-16 13:01:51+05:30,3143.0,4,3130.61,2282485,137597.0,217823.0,3163.0,3163.0,3108.0,3134.3,32001400,3447.7,2820.9,3839.9,2896.0,3143.0,71,3,3142.9,2,1,3142.7,15,1,3142.6,3,2,3142.5,29,2,3143.3,25,1,3143.4,49,3,3143.5,110,2,3143.6,202,2,3143.7,242,3
2031,2026-06-16 13:01:52+05:30,3143.0,2,3130.61,2282485,137597.0,217823.0,3163.0,3163.0,3108.0,3134.3,32001400,3447.7,2820.9,3839.9,2896.0,3143.0,71,3,3142.9,2,1,3142.7,15,1,3142.6,3,2,3142.5,29,2,3143.3,25,1,3143.4,49,3,3143.5,110,2,3143.6,202,2,3143.7,242,3
2031,2026-06-16 13:01:52+05:30,3143.0,47,3130.61,2282746,137330.0,218463.0,3163.0,3163.0,3108.0,3134.3,32001400,3447.7,2820.9,3839.9,2896.0,3142.9,2,1,3142.6,3,2,3142.5,29,2,3142.3,8,2,3142.2,13,1,3143.0,161,2,3143.1,34,2,3143.2,93,4,3143.3,63,4,3143.4,184,7
2031,2026-06-16 13:01:53+05:30,3143.0,1,3130.61,2282746,137330.0,218463.0,3163.0,3163.0,3108.0,3134.3,32001400,3447.7,2820.9,3839.9,2896.0,3142.9,2,1,3142.6,3,2,3142.5,29,2,3142.3,8,2,3142.2,13,1,3143.0,161,2,3143.1,34,2,3143.2,93,4,3143.3,63,4,3143.4,184,7
2031,2026-06-16 13:01:53+05:30,3143.0,1,3130.61,2282795,137275.0,218280.0,3163.0,3163.0,3108.0,3134.3,32001400,3447.7,2820.9,3839.9,2896.0,3142.9,2,1,3142.6,3,2,3142.5,23,2,3142.3,8,2,3142.2,25,2,3143.0,124,3,3143.1,34,2,3143.2,28,2,3143.4,3,2,3143.5,151,4
2031,2026-06-16 13:01:54+05:30,3143.0,7,3130.61,2282795,137275.0,218280.0,3163.0,3163.0,3108.0,3134.3,32001400,3447.7,2820.9,3839.9,2896.0,3142.9,2,1,3142.6,3,2,3142.5,23,2,3142.3,8,2,3142.2,25,2,3143.0,124,3,3143.1,34,2,3143.2,28,2,3143.4,3,2,3143.5,151,4
2031,2026-06-16 13:01:54+05:30,3143.0,1,3130.61,2282803,137289.0,218234.0,3163.0,3163.0,3108.0,3134.3,32001400,3447.7,2820.9,3839.9,2896.0,3142.9,2,1,3142.7,16,1,3142.6,3,2,3142.5,23,2,3142.3,8,2,3143.0,116,3,3143.1,20,1,3143.4,111,3,3143.5,283,5,3143.6,202,2
2031,2026-06-16 13:01:55+05:30,3143.0,1,3130.61,2282803,137289.0,218234.0,3163.0,3163.0,3108.0,3134.3,32001400,3447.7,2820.9,3839.9,2896.0,3142.9,2,1,3142.7,16,1,3142.6,3,2,3142.5,23,2,3142.3,8,2,3143.0,116,3,3143.1,20,1,3143.4,111,3,3143.5,283,5,3143.6,202,2
2031,2026-06-16 13:01:55+05:30,3143.0,1,3130.61,2282805,137289.0,218233.0,3163.0,3163.0,3108.0,3134.3,32001400,3447.7,2820.9,3839.9,2896.0,3142.9,2,1,3142.7,16,1,3142.6,3,2,3142.5,23,2,3142.3,8,2,3143.0,114,3,3143.1,20,1,3143.4,111,3,3143.5,283,5,3143.6,202,2
2031,2026-06-16 13:01:56+05:30,3143.0,1,3130.61,2282805,137289.0,218233.0,3163.0,3163.0,3108.0,3134.3,32001400,3447.7,2820.9,3839.9,2896.0,3142.9,2,1,3142.7,16,1,3142.6,3,2,3142.5,23,2,3142.3,8,2,3143.0,114,3,3143.1,20,1,3143.4,111,3,3143.5,283,5,3143.6,202,2
2031,2026-06-16 13:01:56+05:30,3143.0,1,3130.61,2282920,137070.0,218202.0,3163.0,3163.0,3108.0,3134.3,32001400,3447.7,2820.9,3839.9,2896.0,3142.9,2,1,3142.6,3,2,3142.5,23,2,3142.3,8,2,3142.2,25,2,3143.1,20,1,3143.4,110,2,3143.5,283,5,3143.6,202,2,3143.7,9,3
2031,2026-06-16 13:01:57+05:30,3143.1,11,3130.61,2282920,137070.0,218202.0,3163.0,3163.0,3108.0,3134.3,32001400,3447.7,2820.9,3839.9,2896.0,3142.9,2,1,3142.6,3,2,3142.5,23,2,3142.3,8,2,3142.2,25,2,3143.1,20,1,3143.4,110,2,3143.5,283,5,3143.6,202,2,3143.7,9,3
2031,2026-06-16 13:01:57+05:30,3143.1,11,3130.61,2282952,137233.0,218266.0,3163.0,3163.0,3108.0,3134.3,32001400,3447.7,2820.9,3839.9,2896.0,3143.0,1,1,3142.9,2,1,3142.6,3,2,3142.5,16,2,3142.3,8,2,3143.1,11,1,3143.2,38,1,3143.4,148,3,3143.5,245,4,3143.6,237,3
2031,2026-06-16 13:01:58+05:30,3143.0,16,3130.61,2282952,137233.0,218266.0,3163.0,3163.0,3108.0,3134.3,32001400,3447.7,2820.9,3839.9,2896.0,3143.0,1,1,3142.9,2,1,3142.6,3,2,3142.5,16,2,3142.3,8,2,3143.1,11,1,3143.2,38,1,3143.4,148,3,3143.5,245,4,3143.6,237,3
2031,2026-06-16 13:01:58+05:30,3143.0,16,3130.61,2282980,137015.0,218281.0,3163.0,3163.0,3108.0,3134.3,32001400,3447.7,2820.9,3839.9,2896.0,3142.9,2,1,3142.7,17,1,3142.6,3,2,3142.5,7,1,3142.3,8,2,3143.0,184,1,3143.2,51,2,3143.3,57,2,3143.4,177,4,3143.5,210,4
2031,2026-06-16 13:01:59+05:30,3143.0,1,3130.61,2282980,137015.0,218281.0,3163.0,3163.0,3108.0,3134.3,32001400,3447.7,2820.9,3839.9,2896.0,3142.9,2,1,3142.7,17,1,3142.6,3,2,3142.5,7,1,3142.3,8,2,3143.0,184,1,3143.2,51,2,3143.3,57,2,3143.4,177,4,3143.5,210,4
2031,2026-06-16 13:01:59+05:30,3143.0,1,3130.61,2282985,137018.0,218564.0,3163.0,3163.0,3108.0,3134.3,32001400,3447.7,2820.9,3839.9,2896.0,3142.9,2,1,3142.7,17,1,3142.6,3,2,3142.5,7,1,3142.3,8,2,3143.0,179,1,3143.2,51,2,3143.3,57,2,3143.4,177,4,3143.5,210,4
2031,2026-06-16 13:02:00+05:30,3143.0,47,3130.61,2283411,137488.0,218241.0,3163.0,3163.0,3108.0,3134.3,32001400,3447.7,2820.9,3839.9,2896.0,3143.0,78,4,3142.9,7,2,3142.7,17,1,3142.6,3,2,3142.5,7,1,3143.3,18,1,3143.4,110,2,3143.5,205,3,3143.6,202,2,3143.7,2,1
2031,2026-06-16 13:02:00+05:30,3143.0,47,3130.61,2283411,137488.0,218241.0,3163.0,3163.0,3108.0,3134.3,32001400,3447.7,2820.9,3839.9,2896.0,3143.0,78,4,3142.9,7,2,3142.7,17,1,3142.6,3,2,3142.5,7,1,3143.3,18,1,3143.4,110,2,3143.5,205,3,3143.6,202,2,3143.7,2,1
2031,2026-06-16 13:02:01+05:30,3142.9,5,3130.61,2283616,137303.0,218593.0,3163.0,3163.0,3108.0,3134.3,32001400,3447.7,2820.9,3839.9,2896.0,3143.0,17,2,3142.9,2,1,3142.8,13,1,3142.6,3,2,3142.5,7,1,3143.2,14,1,3143.3,83,4,3143.4,110,2,3143.5,244,4,3143.6,281,4
2031,2026-06-16 13:02:01+05:30,3142.9,5,3130.61,2283616,137303.0,218593.0,3163.0,3163.0,3108.0,3134.3,32001400,3447.7,2820.9,3839.9,2896.0,3143.0,17,2,3142.9,2,1,3142.8,13,1,3142.6,3,2,3142.5,7,1,3143.2,14,1,3143.3,83,4,3143.4,110,2,3143.5,244,4,3143.6,281,4
2031,2026-06-16 13:02:02+05:30,3143.0,1,3130.61,2283881,136890.0,218396.0,3163.0,3163.0,3108.0,3134.3,32001400,3447.7,2820.9,3839.9,2896.0,3142.9,2,1,3142.8,13,1,3142.6,3,2,3142.5,7,1,3142.3,8,2,3143.0,135,1,3143.2,74,4,3143.3,18,1,3143.4,148,3,3143.5,210,4
2031,2026-06-16 13:02:02+05:30,3143.0,39,3130.61,2283881,136890.0,218396.0,3163.0,3163.0,3108.0,3134.3,32001400,3447.7,2820.9,3839.9,2896.0,3142.9,2,1,3142.8,13,1,3142.6,3,2,3142.5,7,1,3142.3,8,2,3143.0,135,1,3143.2,74,4,3143.3,18,1,3143.4,148,3,3143.5,210,4
2031,2026-06-16 13:02:03+05:30,3143.0,1,3130.61,2283921,136896.0,218380.0,3163.0,3163.0,3108.0,3134.3,32001400,3447.7,2820.9,3839.9,2896.0,3142.9,2,1,3142.8,13,1,3142.6,3,2,3142.5,7,1,3142.3,8,2,3143.0,118,3,3143.2,74,4,3143.3,18,1,3143.4,148,3,3143.5,210,4
2031,2026-06-16 13:02:03+05:30,3143.0,6,3130.61,2283921,136896.0,218380.0,3163.0,3163.0,3108.0,3134.3,32001400,3447.7,2820.9,3839.9,2896.0,3142.9,2,1,3142.8,13,1,3142.6,3,2,3142.5,7,1,3142.3,8,2,3143.0,118,3,3143.2,74,4,3143.3,18,1,3143.4,148,3,3143.5,210,4
2031,2026-06-16 13:02:04+05:30,3143.2,7,3130.62,2284060,137597.0,217986.0,3163.0,3163.0,3108.0,3134.3,32001400,3447.7,2820.9,3839.9,2896.0,3142.9,39,2,3142.8,13,1,3142.7,34,2,3142.6,3,2,3142.5,8,1,3143.0,9,1,3143.3,108,1,3143.4,202,2,3143.5,205,3,3143.6,2,1
2031,2026-06-16 13:02:04+05:30,3143.2,7,3130.62,2284060,137597.0,217986.0,3163.0,3163.0,3108.0,3134.3,32001400,3447.7,2820.9,3839.9,2896.0,3142.9,39,2,3142.8,13,1,3142.7,34,2,3142.6,3,2,3142.5,8,1,3143.0,9,1,3143.3,108,1,3143.4,202,2,3143.5,205,3,3143.6,2,1
2031,2026-06-16 13:02:05+05:30,3143.0,5,3130.62,2284065,136921.0,217988.0,3163.0,3163.0,3108.0,3134.3,32001400,3447.7,2820.9,3839.9,2896.0,3142.9,39,2,3142.8,13,1,3142.7,17,1,3142.6,3,2,3142.5,8,1,3143.0,4,1,3143.3,108,1,3143.4,202,2,3143.5,205,3,3143.6,2,1
2031,2026-06-16 13:02:05+05:30,3143.0,1,3130.62,2284065,136921.0,217988.0,3163.0,3163.0,3108.0,3134.3,32001400,3447.7,2820.9,3839.9,2896.0,3142.9,39,2,3142.8,13,1,3142.7,17,1,3142.6,3,2,3142.5,8,1,3143.0,4,1,3143.3,108,1,3143.4,202,2,3143.5,205,3,3143.6,2,1
2031,2026-06-16 13:02:06+05:30,3142.9,1,3130.62,2284067,136895.0,218002.0,3163.0,3163.0,3108.0,3134.3,32001400,3447.7,2820.9,3839.9,2896.0,3142.9,38,2,3142.8,13,1,3142.7,17,1,3142.6,3,2,3142.5,8,1,3143.0,3,1,3143.3,108,1,3143.4,202,2,3143.5,205,3,3143.6,2,1
2031,2026-06-16 13:02:06+05:30,3143.3,10,3130.62,2284067,136895.0,218002.0,3163.0,3163.0,3108.0,3134.3,32001400,3447.7,2820.9,3839.9,2896.0,3142.9,38,2,3142.8,13,1,3142.7,17,1,3142.6,3,2,3142.5,8,1,3143.0,3,1,3143.3,108,1,3143.4,202,2,3143.5,205,3,3143.6,2,1
2031,2026-06-16 13:02:07+05:30,3143.3,10,3130.62,2284080,137015.0,218223.0,3163.0,3163.0,3108.0,3134.3,32001400,3447.7,2820.9,3839.9,2896.0,3142.9,38,2,3142.8,13,1,3142.7,17,1,3142.6,3,2,3142.5,33,3,3143.3,98,1,3143.4,202,2,3143.5,205,3,3143.6,2,1,3143.7,202,2
2031,2026-06-16 13:02:08+05:30,3143.3,10,3130.62,2284080,136981.0,218215.0,3163.0,3163.0,3108.0,3134.3,32001400,3447.7,2820.9,3839.9,2896.0,3143.0,16,1,3142.9,88,3,3142.8,13,1,3142.6,3,2,3142.5,33,3,3143.3,98,1,3143.4,202,2,3143.5,205,3,3143.6,2,1,3143.7,202,2
2031,2026-06-16 13:02:08+05:30,3143.3,10,3130.62,2284080,136981.0,218215.0,3163.0,3163.0,3108.0,3134.3,32001400,3447.7,2820.9,3839.9,2896.0,3143.0,16,1,3142.9,88,3,3142.8,13,1,3142.6,3,2,3142.5,33,3,3143.3,98,1,3143.4,202,2,3143.5,205,3,3143.6,2,1,3143.7,202,2
2031,2026-06-16 13:02:09+05:30,3143.3,1,3130.62,2284282,136858.0,217933.0,3163.0,3163.0,3108.0,3134.3,32001400,3447.7,2820.9,3839.9,2896.0,3142.9,43,1,3142.8,13,1,3142.6,5,3,3142.5,50,4,3142.3,2,1,3143.3,109,2,3143.4,202,2,3143.5,202,2,3143.6,2,1,3143.7,202,2
2031,2026-06-16 13:02:09+05:30,3143.3,1,3130.62,2284282,136858.0,217933.0,3163.0,3163.0,3108.0,3134.3,32001400,3447.7,2820.9,3839.9,2896.0,3142.9,43,1,3142.8,13,1,3142.6,5,3,3142.5,50,4,3142.3,2,1,3143.3,109,2,3143.4,202,2,3143.5,202,2,3143.6,2,1,3143.7,202,2
2031,2026-06-16 13:02:10+05:30,3143.3,1,3130.62,2284282,136858.0,217933.0,3163.0,3163.0,3108.0,3134.3,32001400,3447.7,2820.9,3839.9,2896.0,3142.9,43,1,3142.8,13,1,3142.6,5,3,3142.5,50,4,3142.3,2,1,3143.3,109,2,3143.4,202,2,3143.5,202,2,3143.6,2,1,3143.7,202,2
2031,2026-06-16 13:02:10+05:30,3143.3,1,3130.62,2284282,137154.0,218082.0,3163.0,3163.0,3108.0,3134.3,32001400,3447.7,2820.9,3839.9,2896.0,3142.9,43,1,3142.8,13,1,3142.6,3,2,3142.5,42,3,3142.4,18,1,3143.3,119,3,3143.4,202,2,3143.5,202,2,3143.6,2,1,3143.7,202,2
2031,2026-06-16 13:02:11+05:30,3143.3,50,3130.62,2284332,137199.0,217875.0,3163.0,3163.0,3108.0,3134.3,32001400,3447.7,2820.9,3839.9,2896.0,3142.9,43,1,3142.8,13,1,3142.7,39,3,3142.6,40,5,3142.5,75,3,3143.3,56,2,3143.4,202,2,3143.5,202,2,3143.6,2,1,3143.7,202,2
2031,2026-06-16 13:02:11+05:30,3142.9,25,3130.62,2284332,137199.0,217875.0,3163.0,3163.0,3108.0,3134.3,32001400,3447.7,2820.9,3839.9,2896.0,3142.9,43,1,3142.8,13,1,3142.7,39,3,3142.6,40,5,3142.5,75,3,3143.3,56,2,3143.4,202,2,3143.5,202,2,3143.6,2,1,3143.7,202,2
2031,2026-06-16 13:02:12+05:30,3142.9,25,3130.62,2284332,137199.0,217875.0,3163.0,3163.0,3108.0,3134.3,32001400,3447.7,2820.9,3839.9,2896.0,3142.9,43,1,3142.8,13,1,3142.7,39,3,3142.6,40,5,3142.5,75,3,3143.3,56,2,3143.4,202,2,3143.5,202,2,3143.6,2,1,3143.7,202,2
2031,2026-06-16 13:02:12+05:30,3142.7,88,3130.62,2284578,137117.0,218026.0,3163.0,3163.0,3108.0,3134.3,32001400,3447.7,2820.9,3839.9,2896.0,3142.7,17,1,3142.6,30,4,3142.5,37,3,3142.4,71,4,3142.3,2,1,3143.3,210,2,3143.4,202,2,3143.5,202,2,3143.6,10,3,3143.7,240,3
2031,2026-06-16 13:02:12+05:30,3142.7,88,3130.62,2284578,137117.0,218026.0,3163.0,3163.0,3108.0,3134.3,32001400,3447.7,2820.9,3839.9,2896.0,3142.7,17,1,3142.6,30,4,3142.5,37,3,3142.4,71,4,3142.3,2,1,3143.3,210,2,3143.4,202,2,3143.5,202,2,3143.6,10,3,3143.7,240,3
2031,2026-06-16 13:02:13+05:30,3142.5,9,3130.62,2284778,136781.0,218200.0,3163.0,3163.0,3108.0,3134.3,32001400,3447.7,2820.9,3839.9,2896.0,3142.9,1,1,3142.7,63,3,3142.6,38,4,3142.5,6,1,3142.4,68,5,3143.3,210,2,3143.4,202,2,3143.5,202,2,3143.6,2,1,3143.7,208,3
2031,2026-06-16 13:02:13+05:30,3143.3,1,3130.62,2284778,136781.0,218200.0,3163.0,3163.0,3108.0,3134.3,32001400,3447.7,2820.9,3839.9,2896.0,3142.9,1,1,3142.7,63,3,3142.6,38,4,3142.5,6,1,3142.4,68,5,3143.3,210,2,3143.4,202,2,3143.5,202,2,3143.6,2,1,3143.7,208,3
2031,2026-06-16 13:02:14+05:30,3143.3,1,3130.62,2284778,136781.0,218200.0,3163.0,3163.0,3108.0,3134.3,32001400,3447.7,2820.9,3839.9,2896.0,3142.9,1,1,3142.7,63,3,3142.6,38,4,3142.5,6,1,3142.4,68,5,3143.3,210,2,3143.4,202,2,3143.5,202,2,3143.6,2,1,3143.7,208,3
2031,2026-06-16 13:02:14+05:30,3143.3,1,3130.62,2284779,137061.0,218018.0,3163.0,3163.0,3108.0,3134.3,32001400,3447.7,2820.9,3839.9,2896.0,3143.1,1,1,3143.0,20,2,3142.9,20,3,3142.8,24,2,3142.7,46,2,3143.2,1,1,3143.3,459,3,3143.4,202,2,3143.5,202,2,3143.6,2,1
2031,2026-06-16 13:02:14+05:30,3143.3,1,3130.62,2284779,137061.0,218018.0,3163.0,3163.0,3108.0,3134.3,32001400,3447.7,2820.9,3839.9,2896.0,3143.1,1,1,3143.0,20,2,3142.9,20,3,3142.8,24,2,3142.7,46,2,3143.2,1,1,3143.3,459,3,3143.4,202,2,3143.5,202,2,3143.6,2,1
2031,2026-06-16 13:02:15+05:30,3143.3,1,3130.62,2284794,137142.0,217692.0,3163.0,3163.0,3108.0,3134.3,32001400,3447.7,2820.9,3839.9,2896.0,3143.1,1,1,3143.0,20,2,3142.9,19,2,3142.8,31,3,3142.7,46,2,3143.3,445,2,3143.4,202,2,3143.5,202,2,3143.6,2,1,3143.7,208,3
2031,2026-06-16 13:02:15+05:30,3143.3,1,3130.62,2284794,137142.0,217692.0,3163.0,3163.0,3108.0,3134.3,32001400,3447.7,2820.9,3839.9,2896.0,3143.1,1,1,3143.0,20,2,3142.9,19,2,3142.8,31,3,3142.7,46,2,3143.3,445,2,3143.4,202,2,3143.5,202,2,3143.6,2,1,3143.7,208,3
2031,2026-06-16 13:02:16+05:30,3142.7,16,3130.62,2285032,135466.0,219223.0,3163.0,3163.0,3108.0,3134.3,32001400,3447.7,2820.9,3839.9,2896.0,3142.3,2,1,3142.0,32,2,3141.8,11,1,3141.7,20,1,3141.6,23,2,3142.6,184,1,3142.8,6,1,3142.9,200,1,3143.1,205,2,3143.2,10,1
2031,2026-06-16 13:02:16+05:30,3142.7,16,3130.62,2285032,135466.0,219223.0,3163.0,3163.0,3108.0,3134.3,32001400,3447.7,2820.9,3839.9,2896.0,3142.3,2,1,3142.0,32,2,3141.8,11,1,3141.7,20,1,3141.6,23,2,3142.6,184,1,3142.8,6,1,3142.9,200,1,3143.1,205,2,3143.2,10,1
2031,2026-06-16 13:02:16+05:30,3142.5,11,3130.62,2285032,135466.0,219223.0,3163.0,3163.0,3108.0,3134.3,32001400,3447.7,2820.9,3839.9,2896.0,3142.3,2,1,3142.0,32,2,3141.8,11,1,3141.7,20,1,3141.6,23,2,3142.6,184,1,3142.8,6,1,3142.9,200,1,3143.1,205,2,3143.2,10,1
2031,2026-06-16 13:02:17+05:30,3142.5,8,3130.62,2285087,135538.0,219097.0,3163.0,3163.0,3108.0,3134.3,32001400,3447.7,2820.9,3839.9,2896.0,3142.3,2,1,3142.0,63,5,3141.9,9,1,3141.8,48,4,3141.7,20,1,3142.5,145,1,3142.6,184,1,3142.9,200,1,3143.0,20,1,3143.1,5,1
2031,2026-06-16 13:02:17+05:30,3142.5,8,3130.62,2285087,135538.0,219097.0,3163.0,3163.0,3108.0,3134.3,32001400,3447.7,2820.9,3839.9,2896.0,3142.3,2,1,3142.0,63,5,3141.9,9,1,3141.8,48,4,3141.7,20,1,3142.5,145,1,3142.6,184,1,3142.9,200,1,3143.0,20,1,3143.1,5,1
2031,2026-06-16 13:02:17+05:30,3142.5,8,3130.62,2285087,135538.0,219097.0,3163.0,3163.0,3108.0,3134.3,32001400,3447.7,2820.9,3839.9,2896.0,3142.3,2,1,3142.0,63,5,3141.9,9,1,3141.8,48,4,3141.7,20,1,3142.5,145,1,3142.6,184,1,3142.9,200,1,3143.0,20,1,3143.1,5,1
2031,2026-06-16 13:02:18+05:30,3142.5,8,3130.62,2285095,135557.0,218793.0,3163.0,3163.0,3108.0,3134.3,32001400,3447.7,2820.9,3839.9,2896.0,3142.3,26,3,3142.1,6,1,3142.0,46,4,3141.9,9,1,3141.8,120,6,3142.5,209,3,3142.6,184,1,3142.8,200,1,3143.0,20,1,3143.1,5,1
2031,2026-06-16 13:02:18+05:30,3142.5,1,3130.62,2285095,135557.0,218793.0,3163.0,3163.0,3108.0,3134.3,32001400,3447.7,2820.9,3839.9,2896.0,3142.3,26,3,3142.1,6,1,3142.0,46,4,3141.9,9,1,3141.8,120,6,3142.5,209,3,3142.6,184,1,3142.8,200,1,3143.0,20,1,3143.1,5,1
2031,2026-06-16 13:02:19+05:30,3142.0,9,3130.62,2285296,134831.0,218456.0,3163.0,3163.0,3108.0,3134.3,32001400,3447.7,2820.9,3839.9,2896.0,3141.7,14,1,3141.6,39,4,3141.5,127,6,3141.4,34,2,3141.3,225,3,3142.5,208,3,3142.6,184,1,3142.8,200,1,3142.9,5,1,3143.0,40,2
2031,2026-06-16 13:02:19+05:30,3142.5,31,3130.62,2285296,134831.0,218456.0,3163.0,3163.0,3108.0,3134.3,32001400,3447.7,2820.9,3839.9,2896.0,3141.7,14,1,3141.6,39,4,3141.5,127,6,3141.4,34,2,3141.3,225,3,3142.5,208,3,3142.6,184,1,3142.8,200,1,3142.9,5,1,3143.0,40,2
2031,2026-06-16 13:02:19+05:30,3142.5,31,3130.62,2285296,134831.0,218456.0,3163.0,3163.0,3108.0,3134.3,32001400,3447.7,2820.9,3839.9,2896.0,3141.7,14,1,3141.6,39,4,3141.5,127,6,3141.4,34,2,3141.3,225,3,3142.5,208,3,3142.6,184,1,3142.8,200,1,3142.9,5,1,3143.0,40,2
2031,2026-06-16 13:02:20+05:30,3142.5,1,3130.62,2285339,134865.0,217104.0,3163.0,3163.0,3108.0,3134.3,32001400,3447.7,2820.9,3839.9,2896.0,3141.7,56,6,3141.6,14,2,3141.5,114,5,3141.4,50,3,3141.3,225,3,3142.5,166,4,3142.6,184,1,3142.8,200,1,3143.0,40,2,3143.2,21,1
2031,2026-06-16 13:02:20+05:30,3142.5,1,3130.62,2285339,134865.0,217104.0,3163.0,3163.0,3108.0,3134.3,32001400,3447.7,2820.9,3839.9,2896.0,3141.7,56,6,3141.6,14,2,3141.5,114,5,3141.4,50,3,3141.3,225,3,3142.5,166,4,3142.6,184,1,3142.8,200,1,3143.0,40,2,3143.2,21,1
2031,2026-06-16 13:02:20+05:30,3142.5,6,3130.62,2285339,134865.0,217104.0,3163.0,3163.0,3108.0,3134.3,32001400,3447.7,2820.9,3839.9,2896.0,3141.7,56,6,3141.6,14,2,3141.5,114,5,3141.4,50,3,3141.3,225,3,3142.5,166,4,3142.6,184,1,3142.8,200,1,3143.0,40,2,3143.2,21,1
2031,2026-06-16 13:02:21+05:30,3142.5,6,3130.62,2285339,134865.0,217104.0,3163.0,3163.0,3108.0,3134.3,32001400,3447.7,2820.9,3839.9,2896.0,3141.7,56,6,3141.6,14,2,3141.5,114,5,3141.4,50,3,3141.3,225,3,3142.5,166,4,3142.6,184,1,3142.8,200,1,3143.0,40,2,3143.2,21,1
2031,2026-06-16 13:02:21+05:30,3141.7,11,3130.62,2285432,134869.0,217028.0,3163.0,3163.0,3108.0,3134.3,32001400,3447.7,2820.9,3839.9,2896.0,3141.7,2,1,3141.6,62,5,3141.5,114,5,3141.4,50,3,3141.3,235,3,3142.5,73,3,3142.6,184,1,3142.8,200,1,3142.9,20,1,3143.0,40,2
2031,2026-06-16 13:02:21+05:30,3141.7,11,3130.62,2285432,134869.0,217028.0,3163.0,3163.0,3108.0,3134.3,32001400,3447.7,2820.9,3839.9,2896.0,3141.7,2,1,3141.6,62,5,3141.5,114,5,3141.4,50,3,3141.3,235,3,3142.5,73,3,3142.6,184,1,3142.8,200,1,3142.9,20,1,3143.0,40,2
2031,2026-06-16 13:02:21+05:30,3142.5,14,3130.62,2285432,134869.0,217028.0,3163.0,3163.0,3108.0,3134.3,32001400,3447.7,2820.9,3839.9,2896.0,3141.7,2,1,3141.6,62,5,3141.5,114,5,3141.4,50,3,3141.3,235,3,3142.5,73,3,3142.6,184,1,3142.8,200,1,3142.9,20,1,3143.0,40,2
2031,2026-06-16 13:02:22+05:30,3142.5,14,3130.62,2285432,134869.0,217028.0,3163.0,3163.0,3108.0,3134.3,32001400,3447.7,2820.9,3839.9,2896.0,3141.7,2,1,3141.6,62,5,3141.5,114,5,3141.4,50,3,3141.3,235,3,3142.5,73,3,3142.6,184,1,3142.8,200,1,3142.9,20,1,3143.0,40,2
2031,2026-06-16 13:02:22+05:30,3141.5,50,3130.62,2285648,134839.0,218362.0,3163.0,3163.0,3108.0,3134.3,32001400,3447.7,2820.9,3839.9,2896.0,3141.5,63,7,3141.4,30,2,3141.3,279,5,3141.2,105,5,3141.1,265,5,3142.5,61,4,3142.6,184,1,3142.8,200,1,3142.9,25,2,3143.0,40,2
2031,2026-06-16 13:02:22+05:30,3142.5,6,3130.62,2285648,134839.0,218362.0,3163.0,3163.0,3108.0,3134.3,32001400,3447.7,2820.9,3839.9,2896.0,3141.5,63,7,3141.4,30,2,3141.3,279,5,3141.2,105,5,3141.1,265,5,3142.5,61,4,3142.6,184,1,3142.8,200,1,3142.9,25,2,3143.0,40,2
2031,2026-06-16 13:02:22+05:30,3142.5,6,3130.62,2285648,134839.0,218362.0,3163.0,3163.0,3108.0,3134.3,32001400,3447.7,2820.9,3839.9,2896.0,3141.5,63,7,3141.4,30,2,3141.3,279,5,3141.2,105,5,3141.1,265,5,3142.5,61,4,3142.6,184,1,3142.8,200,1,3142.9,25,2,3143.0,40,2
2031,2026-06-16 13:02:23+05:30,3142.5,11,3130.62,2285691,134890.0,218972.0,3163.0,3163.0,3108.0,3134.3,32001400,3447.7,2820.9,3839.9,2896.0,3141.7,53,6,3141.6,79,5,3141.5,70,6,3141.4,64,4,3141.3,278,4,3142.5,18,2,3142.6,184,1,3142.8,200,1,3142.9,20,1,3143.0,40,2
2031,2026-06-16 13:02:23+05:30,3142.5,7,3130.62,2285691,134890.0,218972.0,3163.0,3163.0,3108.0,3134.3,32001400,3447.7,2820.9,3839.9,2896.0,3141.7,53,6,3141.6,79,5,3141.5,70,6,3141.4,64,4,3141.3,278,4,3142.5,18,2,3142.6,184,1,3142.8,200,1,3142.9,20,1,3143.0,40,2
2031,2026-06-16 13:02:23+05:30,3142.5,7,3130.62,2285691,134890.0,218972.0,3163.0,3163.0,3108.0,3134.3,32001400,3447.7,2820.9,3839.9,2896.0,3141.7,53,6,3141.6,79,5,3141.5,70,6,3141.4,64,4,3141.3,278,4,3142.5,18,2,3142.6,184,1,3142.8,200,1,3142.9,20,1,3143.0,40,2
2031,2026-06-16 13:02:24+05:30,3142.5,5,3130.62,2285703,135163.0,219391.0,3163.0,3163.0,3108.0,3134.3,32001400,3447.7,2820.9,3839.9,2896.0,3141.8,16,1,3141.7,53,6,3141.6,79,5,3141.5,39,5,3141.4,251,5,3142.5,6,2,3142.6,184,1,3142.8,200,1,3142.9,20,1,3143.0,40,2
2031,2026-06-16 13:02:24+05:30,3142.5,5,3130.62,2285703,135163.0,219391.0,3163.0,3163.0,3108.0,3134.3,32001400,3447.7,2820.9,3839.9,2896.0,3141.8,16,1,3141.7,53,6,3141.6,79,5,3141.5,39,5,3141.4,251,5,3142.5,6,2,3142.6,184,1,3142.8,200,1,3142.9,20,1,3143.0,40,2
2031,2026-06-16 13:02:24+05:30,3142.5,2,3130.62,2285703,135163.0,219391.0,3163.0,3163.0,3108.0,3134.3,32001400,3447.7,2820.9,3839.9,2896.0,3141.8,16,1,3141.7,53,6,3141.6,79,5,3141.5,39,5,3141.4,251,5,3142.5,6,2,3142.6,184,1,3142.8,200,1,3142.9,20,1,3143.0,40,2
2031,2026-06-16 13:02:25+05:30,3142.5,2,3130.62,2285703,135163.0,219391.0,3163.0,3163.0,3108.0,3134.3,32001400,3447.7,2820.9,3839.9,2896.0,3142.0,24,1,3141.9,61,6,3141.8,54,4,3141.7,44,4,3141.6,69,5,3142.6,162,1,3142.8,200,1,3142.9,20,1,3143.0,270,2,3143.2,26,2
2031,2026-06-16 13:02:25+05:30,3142.6,1,3130.62,2285731,135893.0,218954.0,3163.0,3163.0,3108.0,3134.3,32001400,3447.7,2820.9,3839.9,2896.0,3142.0,24,1,3141.9,61,6,3141.8,54,4,3141.7,44,4,3141.6,69,5,3142.6,162,1,3142.8,200,1,3142.9,20,1,3143.0,270,2,3143.2,26,2
2031,2026-06-16 13:02:25+05:30,3142.6,4,3130.62,2285731,135893.0,218954.0,3163.0,3163.0,3108.0,3134.3,32001400,3447.7,2820.9,3839.9,2896.0,3142.0,24,1,3141.9,61,6,3141.8,54,4,3141.7,44,4,3141.6,69,5,3142.6,162,1,3142.8,200,1,3142.9,20,1,3143.0,270,2,3143.2,26,2
2031,2026-06-16 13:02:26+05:30,3142.6,4,3130.62,2285731,135893.0,218954.0,3163.0,3163.0,3108.0,3134.3,32001400,3447.7,2820.9,3839.9,2896.0,3142.0,24,1,3141.9,61,6,3141.8,54,4,3141.7,44,4,3141.6,69,5,3142.6,162,1,3142.8,200,1,3142.9,20,1,3143.0,270,2,3143.2,26,2
2031,2026-06-16 13:02:26+05:30,3142.0,2,3130.62,2285737,136342.0,218933.0,3163.0,3163.0,3108.0,3134.3,32001400,3447.7,2820.9,3839.9,2896.0,3142.5,1,1,3142.1,34,2,3142.0,54,3,3141.9,16,2,3141.8,59,4,3142.6,199,2,3142.8,200,1,3142.9,20,1,3143.0,270,2,3143.3,58,3
2031,2026-06-16 13:02:26+05:30,3142.6,1,3130.62,2285737,136342.0,218933.0,3163.0,3163.0,3108.0,3134.3,32001400,3447.7,2820.9,3839.9,2896.0,3142.5,1,1,3142.1,34,2,3142.0,54,3,3141.9,16,2,3141.8,59,4,3142.6,199,2,3142.8,200,1,3142.9,20,1,3143.0,270,2,3143.3,58,3
2031,2026-06-16 13:02:26+05:30,3142.6,1,3130.62,2285737,136342.0,218933.0,3163.0,3163.0,3108.0,3134.3,32001400,3447.7,2820.9,3839.9,2896.0,3142.5,1,1,3142.1,34,2,3142.0,54,3,3141.9,16,2,3141.8,59,4,3142.6,199,2,3142.8,200,1,3142.9,20,1,3143.0,270,2,3143.3,58,3
2031,2026-06-16 13:02:27+05:30,3142.6,1,3130.62,2285936,138958.0,218408.0,3163.0,3163.0,3108.0,3134.3,32001400,3447.7,2820.9,3839.9,2896.0,3142.6,2,1,3142.5,73,8,3142.4,66,3,3142.3,2069,5,3142.2,34,2,3142.9,220,2,3143.0,270,2,3143.3,50,1,3143.4,2,1,3143.5,596,4
2031,2026-06-16 13:02:27+05:30,3143.0,10,3130.62,2285936,138958.0,218408.0,3163.0,3163.0,3108.0,3134.3,32001400,3447.7,2820.9,3839.9,2896.0,3142.6,2,1,3142.5,73,8,3142.4,66,3,3142.3,2069,5,3142.2,34,2,3142.9,220,2,3143.0,270,2,3143.3,50,1,3143.4,2,1,3143.5,596,4
2031,2026-06-16 13:02:27+05:30,3143.0,10,3130.62,2285936,138958.0,218408.0,3163.0,3163.0,3108.0,3134.3,31997200,3447.7,2820.9,3839.9,2896.0,3142.6,2,1,3142.5,73,8,3142.4,66,3,3142.3,2069,5,3142.2,34,2,3142.9,220,2,3143.0,270,2,3143.3,50,1,3143.4,2,1,3143.5,596,4
2031,2026-06-16 13:02:28+05:30,3143.4,1,3130.63,2286671,139409.0,216629.0,3163.0,3163.0,3108.0,3134.3,31997200,3447.7,2820.9,3839.9,2896.0,3143.1,14,1,3143.0,85,5,3142.9,50,4,3142.8,67,4,3142.7,20,2,3143.4,1,1,3143.5,2,1,3143.6,2,1,3143.7,2,1,3143.9,20,1
2031,2026-06-16 13:02:28+05:30,3143.4,1,3130.63,2286671,139409.0,216629.0,3163.0,3163.0,3108.0,3134.3,31997200,3447.7,2820.9,3839.9,2896.0,3143.1,14,1,3143.0,85,5,3142.9,50,4,3142.8,67,4,3142.7,20,2,3143.4,1,1,3143.5,2,1,3143.6,2,1,3143.7,2,1,3143.9,20,1
2031,2026-06-16 13:02:29+05:30,3143.0,10,3130.63,2286881,139442.0,216781.0,3163.0,3163.0,3108.0,3134.3,31997200,3447.7,2820.9,3839.9,2896.0,3143.0,6,1,3142.8,77,6,3142.7,73,5,3142.6,113,4,3142.5,291,6,3143.4,1,1,3143.5,2,1,3143.6,2,1,3143.7,2,1,3143.9,20,1
2031,2026-06-16 13:02:29+05:30,3143.0,19,3130.63,2286881,139442.0,216781.0,3163.0,3163.0,3108.0,3134.3,31997200,3447.7,2820.9,3839.9,2896.0,3143.0,6,1,3142.8,77,6,3142.7,73,5,3142.6,113,4,3142.5,291,6,3143.4,1,1,3143.5,2,1,3143.6,2,1,3143.7,2,1,3143.9,20,1
2031,2026-06-16 13:02:30+05:30,3143.0,10,3130.63,2287040,139155.0,216966.0,3163.0,3163.0,3108.0,3134.3,31997200,3447.7,2820.9,3839.9,2896.0,3142.8,59,7,3142.7,73,5,3142.6,54,4,3142.5,126,5,3142.4,283,6,3143.0,42,2,3143.4,1,1,3143.5,2,1,3143.6,2,1,3143.7,2,1
2031,2026-06-16 13:02:30+05:30,3143.0,1,3130.63,2287040,139155.0,216966.0,3163.0,3163.0,3108.0,3134.3,31997200,3447.7,2820.9,3839.9,2896.0,3142.8,59,7,3142.7,73,5,3142.6,54,4,3142.5,126,5,3142.4,283,6,3143.0,42,2,3143.4,1,1,3143.5,2,1,3143.6,2,1,3143.7,2,1
2031,2026-06-16 13:02:31+05:30,3143.0,1,3130.63,2287082,139203.0,217005.0,3163.0,3163.0,3108.0,3134.3,31997200,3447.7,2820.9,3839.9,2896.0,3142.9,16,5,3142.8,25,6,3142.7,73,5,3142.6,54,4,3142.5,126,5,3143.4,1,1,3143.5,2,1,3143.6,2,1,3143.7,2,1,3143.9,20,1
2031,2026-06-16 13:02:32+05:30,3143.0,1,3130.63,2287082,139235.0,217250.0,3163.0,3163.0,3108.0,3134.3,31997200,3447.7,2820.9,3839.9,2896.0,3143.0,19,5,3142.9,46,4,3142.8,59,8,3142.7,115,6,3142.6,54,4,3143.4,1,1,3143.5,2,1,3143.6,2,1,3143.7,2,1,3143.9,20,1
2031,2026-06-16 13:02:33+05:30,3143.0,1,3130.63,2287082,139266.0,217247.0,3163.0,3163.0,3108.0,3134.3,31997200,3447.7,2820.9,3839.9,2896.0,3143.0,12,4,3142.9,46,4,3142.8,87,9,3142.7,73,5,3142.6,54,4,3143.4,3,3,3143.5,2,1,3143.6,2,1,3143.7,2,1,3143.9,24,2
2031,2026-06-16 13:02:34+05:30,3143.0,1,3130.63,2287082,139304.0,217253.0,3163.0,3163.0,3108.0,3134.3,31997200,3447.7,2820.9,3839.9,2896.0,3143.0,50,5,3142.9,46,4,3142.8,87,9,3142.7,73,5,3142.6,54,4,3143.4,3,3,3143.5,2,1,3143.6,2,1,3143.7,2,1,3143.9,20,1
2031,2026-06-16 13:02:35+05:30,3143.4,1,3130.63,2287083,139305.0,217162.0,3163.0,3163.0,3108.0,3134.3,31997200,3447.7,2820.9,3839.9,2896.0,3143.0,51,6,3142.9,46,4,3142.8,87,9,3142.7,73,5,3142.6,54,4,3143.4,4,3,3143.5,2,1,3143.6,2,1,3143.7,2,1,3143.9,24,2
2031,2026-06-16 13:02:35+05:30,3143.4,1,3130.63,2287083,139305.0,217162.0,3163.0,3163.0,3108.0,3134.3,31997200,3447.7,2820.9,3839.9,2896.0,3143.0,51,6,3142.9,46,4,3142.8,87,9,3142.7,73,5,3142.6,54,4,3143.4,4,3,3143.5,2,1,3143.6,2,1,3143.7,2,1,3143.9,24,2
2031,2026-06-16 13:02:36+05:30,3142.8,6,3130.63,2287577,138316.0,218764.0,3163.0,3163.0,3108.0,3134.3,31997200,3447.7,2820.9,3839.9,2896.0,3142.3,2000,1,3142.2,24,2,3142.1,16,2,3142.0,88,5,3141.9,33,3,3142.6,200,1,3142.7,91,1,3143.0,116,1,3143.3,2,1,3143.4,4,3
2031,2026-06-16 13:02:36+05:30,3142.6,38,3130.63,2287577,138316.0,218764.0,3163.0,3163.0,3108.0,3134.3,31997200,3447.7,2820.9,3839.9,2896.0,3142.3,2000,1,3142.2,24,2,3142.1,16,2,3142.0,88,5,3141.9,33,3,3142.6,200,1,3142.7,91,1,3143.0,116,1,3143.3,2,1,3143.4,4,3
2031,2026-06-16 13:02:37+05:30,3142.6,38,3130.63,2287689,138563.0,218945.0,3163.0,3163.0,3108.0,3134.3,31997200,3447.7,2820.9,3839.9,2896.0,3142.3,2260,5,3142.2,24,2,3142.1,45,3,3142.0,105,6,3141.9,16,2,3142.6,111,2,3142.7,91,1,3143.0,116,1,3143.3,2,1,3143.4,3,2
2031,2026-06-16 13:02:37+05:30,3142.6,17,3130.63,2287689,138563.0,218945.0,3163.0,3163.0,3108.0,3134.3,31997200,3447.7,2820.9,3839.9,2896.0,3142.3,2260,5,3142.2,24,2,3142.1,45,3,3142.0,105,6,3141.9,16,2,3142.6,111,2,3142.7,91,1,3143.0,116,1,3143.3,2,1,3143.4,3,2
2031,2026-06-16 13:02:38+05:30,3142.6,17,3130.63,2287706,138569.0,218935.0,3163.0,3163.0,3108.0,3134.3,31997200,3447.7,2820.9,3839.9,2896.0,3142.3,2332,7,3142.2,24,2,3142.1,45,3,3142.0,105,6,3141.9,21,3,3142.6,94,2,3142.7,91,1,3143.0,116,1,3143.3,2,1,3143.4,2,1
2031,2026-06-16 13:02:38+05:30,3142.6,3,3130.63,2287706,138569.0,218935.0,3163.0,3163.0,3108.0,3134.3,31997200,3447.7,2820.9,3839.9,2896.0,3142.3,2332,7,3142.2,24,2,3142.1,45,3,3142.0,105,6,3141.9,21,3,3142.6,94,2,3142.7,91,1,3143.0,116,1,3143.3,2,1,3143.4,2,1
2031,2026-06-16 13:02:39+05:30,3142.6,3,3130.63,2287709,138588.0,218985.0,3163.0,3163.0,3108.0,3134.3,31997200,3447.7,2820.9,3839.9,2896.0,3142.3,2344,8,3142.2,31,2,3142.1,45,3,3142.0,105,6,3141.9,21,3,3142.6,91,2,3142.7,91,1,3143.0,116,1,3143.3,2,1,3143.4,2,1
2031,2026-06-16 13:02:40+05:30,3144.6,18,3130.68,2294791,140801.0,211847.0,3163.0,3163.0,3108.0,3134.3,31997200,3447.7,2820.9,3839.9,2896.0,3143.4,58,3,3143.3,68,3,3143.2,56,5,3143.1,124,6,3143.0,82,5,3144.6,565,3,3145.0,15833,10,3145.1,66,2,3145.2,135,5,3145.3,64,2
2031,2026-06-16 13:02:40+05:30,3144.6,18,3130.68,2294791,140801.0,211847.0,3163.0,3163.0,3108.0,3134.3,31997200,3447.7,2820.9,3839.9,2896.0,3143.4,58,3,3143.3,68,3,3143.2,56,5,3143.1,124,6,3143.0,82,5,3144.6,565,3,3145.0,15833,10,3145.1,66,2,3145.2,135,5,3145.3,64,2
2031,2026-06-16 13:02:41+05:30,3143.4,197,3130.68,2295092,139295.0,214485.0,3163.0,3163.0,3108.0,3134.3,31997200,3447.7,2820.9,3839.9,2896.0,3143.4,65,3,3143.3,4,1,3143.2,47,4,3143.1,24,2,3143.0,116,5,3143.6,299,2,3144.6,587,4,3144.7,2,1,3144.8,220,2,3145.0,15841,9
2031,2026-06-16 13:02:41+05:30,3143.6,1,3130.68,2295092,139295.0,214485.0,3163.0,3163.0,3108.0,3134.3,31997200,3447.7,2820.9,3839.9,2896.0,3143.4,65,3,3143.3,4,1,3143.2,47,4,3143.1,24,2,3143.0,116,5,3143.6,299,2,3144.6,587,4,3144.7,2,1,3144.8,220,2,3145.0,15841,9
2031,2026-06-16 13:02:42+05:30,3143.4,7,3130.68,2295756,140685.0,213257.0,3163.0,3163.0,3108.0,3134.3,31997200,3447.7,2820.9,3839.9,2896.0,3143.6,2,1,3143.4,46,2,3143.3,7,2,3143.2,72,3,3143.1,57,4,3144.6,414,3,3144.8,229,2,3144.9,215,3,3145.0,15759,9,3145.1,65,2
2031,2026-06-16 13:02:42+05:30,3143.4,7,3130.68,2295756,140685.0,213257.0,3163.0,3163.0,3108.0,3134.3,31997200,3447.7,2820.9,3839.9,2896.0,3143.6,2,1,3143.4,46,2,3143.3,7,2,3143.2,72,3,3143.1,57,4,3144.6,414,3,3144.8,229,2,3144.9,215,3,3145.0,15759,9,3145.1,65,2
2031,2026-06-16 13:02:43+05:30,3143.6,69,3130.68,2296030,139253.0,214465.0,3163.0,3163.0,3108.0,3134.3,31997200,3447.7,2820.9,3839.9,2896.0,3143.4,65,4,3143.3,4,1,3143.2,16,2,3143.1,52,5,3143.0,118,3,3143.6,131,1,3144.5,2,1,3144.6,46,2,3144.8,102,5,3144.9,1,1
2031,2026-06-16 13:02:43+05:30,3143.3,58,3130.68,2296030,139253.0,214465.0,3163.0,3163.0,3108.0,3134.3,31997200,3447.7,2820.9,3839.9,2896.0,3143.4,65,4,3143.3,4,1,3143.2,16,2,3143.1,52,5,3143.0,118,3,3143.6,131,1,3144.5,2,1,3144.6,46,2,3144.8,102,5,3144.9,1,1
2031,2026-06-16 13:02:44+05:30,3143.1,19,3130.69,2296361,138786.0,214884.0,3163.0,3163.0,3108.0,3134.3,31997200,3447.7,2820.9,3839.9,2896.0,3143.0,82,4,3142.9,29,3,3142.8,39,3,3142.7,271,3,3142.6,103,3,3143.6,58,1,3144.2,500,1,3144.4,20,1,3144.5,2,1,3144.6,46,2
2031,2026-06-16 13:02:44+05:30,3143.6,2,3130.69,2296361,138786.0,214884.0,3163.0,3163.0,3108.0,3134.3,31997200,3447.7,2820.9,3839.9,2896.0,3143.0,82,4,3142.9,29,3,3142.8,39,3,3142.7,271,3,3142.6,103,3,3143.6,58,1,3144.2,500,1,3144.4,20,1,3144.5,2,1,3144.6,46,2
2031,2026-06-16 13:02:45+05:30,3143.6,2,3130.69,2296365,138764.0,214986.0,3163.0,3163.0,3108.0,3134.3,31997200,3447.7,2820.9,3839.9,2896.0,3143.0,80,4,3142.9,10,1,3142.8,23,2,3142.7,117,3,3142.6,226,3,3143.6,95,2,3144.1,1,1,3144.2,500,1,3144.4,20,1,3144.5,2,1
2031,2026-06-16 13:02:45+05:30,3143.6,2,3130.69,2296365,138764.0,214986.0,3163.0,3163.0,3108.0,3134.3,31997200,3447.7,2820.9,3839.9,2896.0,3143.0,80,4,3142.9,10,1,3142.8,23,2,3142.7,117,3,3142.6,226,3,3143.6,95,2,3144.1,1,1,3144.2,500,1,3144.4,20,1,3144.5,2,1
2031,2026-06-16 13:02:46+05:30,3143.3,1,3130.69,2296366,139344.0,215381.0,3163.0,3163.0,3108.0,3134.3,31997200,3447.7,2820.9,3839.9,2896.0,3143.3,11,4,3143.2,6,1,3143.1,32,2,3143.0,84,4,3142.9,20,2,3143.6,95,2,3144.0,234,1,3144.2,500,1,3144.4,20,1,3144.5,2,1
2031,2026-06-16 13:02:46+05:30,3143.6,1,3130.69,2296366,139344.0,215381.0,3163.0,3163.0,3108.0,3134.3,31997200,3447.7,2820.9,3839.9,2896.0,3143.3,11,4,3143.2,6,1,3143.1,32,2,3143.0,84,4,3142.9,20,2,3143.6,95,2,3144.0,234,1,3144.2,500,1,3144.4,20,1,3144.5,2,1
2031,2026-06-16 13:02:47+05:30,3143.6,1,3130.69,2296367,139353.0,215377.0,3163.0,3163.0,3108.0,3134.3,31997200,3447.7,2820.9,3839.9,2896.0,3143.3,11,4,3143.2,6,1,3143.1,32,2,3143.0,84,4,3142.9,20,2,3143.6,94,2,3144.0,234,1,3144.2,500,1,3144.4,20,1,3144.5,2,1
2031,2026-06-16 13:02:48+05:30,3143.6,1,3130.69,2296368,139353.0,215383.0,3163.0,3163.0,3108.0,3134.3,31997200,3447.7,2820.9,3839.9,2896.0,3143.3,11,4,3143.2,6,1,3143.1,32,2,3143.0,84,4,3142.9,20,2,3143.6,93,2,3144.0,234,1,3144.2,500,1,3144.4,20,1,3144.5,2,1
2031,2026-06-16 13:02:48+05:30,3143.6,1,3130.69,2296368,139353.0,215383.0,3163.0,3163.0,3108.0,3134.3,31997200,3447.7,2820.9,3839.9,2896.0,3143.3,11,4,3143.2,6,1,3143.1,32,2,3143.0,84,4,3142.9,20,2,3143.6,93,2,3144.0,234,1,3144.2,500,1,3144.4,20,1,3144.5,2,1
2031,2026-06-16 13:02:49+05:30,3143.6,1,3130.69,2296368,140128.0,215394.0,3163.0,3163.0,3108.0,3134.3,31997200,3447.7,2820.9,3839.9,2896.0,3143.3,527,7,3143.2,8,2,3143.1,32,2,3143.0,142,7,3142.9,20,2,3143.6,93,2,3144.0,234,1,3144.2,500,1,3144.6,46,2,3144.8,102,5
2031,2026-06-16 13:02:49+05:30,3143.6,1,3130.69,2296368,140128.0,215394.0,3163.0,3163.0,3108.0,3134.3,31997200,3447.7,2820.9,3839.9,2896.0,3143.3,527,7,3143.2,8,2,3143.1,32,2,3143.0,142,7,3142.9,20,2,3143.6,93,2,3144.0,234,1,3144.2,500,1,3144.6,46,2,3144.8,102,5
2031,2026-06-16 13:02:50+05:30,3143.6,1,3130.69,2296369,140130.0,215504.0,3163.0,3163.0,3108.0,3134.3,31997200,3447.7,2820.9,3839.9,2896.0,3143.3,545,8,3143.2,8,2,3143.1,32,2,3143.0,125,6,3142.9,20,2,3143.6,119,3,3144.0,234,1,3144.2,500,1,3144.6,46,2,3144.8,102,5
2031,2026-06-16 13:02:50+05:30,3143.6,2,3130.69,2296369,140130.0,215504.0,3163.0,3163.0,3108.0,3134.3,31997200,3447.7,2820.9,3839.9,2896.0,3143.3,545,8,3143.2,8,2,3143.1,32,2,3143.0,125,6,3142.9,20,2,3143.6,119,3,3144.0,234,1,3144.2,500,1,3144.6,46,2,3144.8,102,5
2031,2026-06-16 13:02:51+05:30,3143.6,2,3130.69,2296371,140220.0,215716.0,3163.0,3163.0,3108.0,3134.3,31997200,3447.7,2820.9,3839.9,2896.0,3143.4,11,4,3143.3,607,6,3143.2,25,3,3143.1,32,2,3143.0,142,6,3143.6,117,3,3144.0,234,1,3144.2,500,1,3144.6,46,2,3144.8,81,4
2031,2026-06-16 13:02:51+05:30,3143.6,11,3130.69,2296371,140220.0,215716.0,3163.0,3163.0,3108.0,3134.3,31997200,3447.7,2820.9,3839.9,2896.0,3143.4,11,4,3143.3,607,6,3143.2,25,3,3143.1,32,2,3143.0,142,6,3143.6,117,3,3144.0,234,1,3144.2,500,1,3144.6,46,2,3144.8,81,4
2031,2026-06-16 13:02:52+05:30,3143.6,1,3130.69,2296383,140231.0,215659.0,3163.0,3163.0,3108.0,3134.3,31997200,3447.7,2820.9,3839.9,2896.0,3143.4,18,5,3143.3,595,5,3143.2,41,4,3143.1,32,2,3143.0,142,6,3143.6,105,3,3144.0,234,1,3144.2,500,1,3144.6,46,2,3144.8,81,4
2031,2026-06-16 13:02:52+05:30,3143.4,1,3130.69,2296383,140231.0,215659.0,3163.0,3163.0,3108.0,3134.3,31997200,3447.7,2820.9,3839.9,2896.0,3143.4,18,5,3143.3,595,5,3143.2,41,4,3143.1,32,2,3143.0,142,6,3143.6,105,3,3144.0,234,1,3144.2,500,1,3144.6,46,2,3144.8,81,4
2031,2026-06-16 13:02:53+05:30,3143.6,35,3130.69,2296420,140156.0,215707.0,3163.0,3163.0,3108.0,3134.3,31997200,3447.7,2820.9,3839.9,2896.0,3143.4,8,3,3143.3,592,4,3143.2,83,5,3143.1,39,3,3143.0,89,5,3143.6,103,4,3144.0,234,1,3144.2,500,1,3144.6,46,2,3144.8,81,4
2031,2026-06-16 13:02:53+05:30,3143.6,53,3130.69,2296420,140156.0,215707.0,3163.0,3163.0,3108.0,3134.3,31997200,3447.7,2820.9,3839.9,2896.0,3143.4,8,3,3143.3,592,4,3143.2,83,5,3143.1,39,3,3143.0,89,5,3143.6,103,4,3144.0,234,1,3144.2,500,1,3144.6,46,2,3144.8,81,4
2031,2026-06-16 13:02:54+05:30,3143.6,53,3130.69,2296976,138904.0,215726.0,3163.0,3163.0,3108.0,3134.3,31997200,3447.7,2820.9,3839.9,2896.0,3143.3,179,2,3143.0,1,1,3142.6,210,3,3142.5,111,8,3142.4,65,3,3143.6,5,1,3144.0,234,1,3144.1,74,2,3144.2,564,3,3144.3,104,3
2031,2026-06-16 13:02:54+05:30,3141.6,1,3130.69,2296976,138904.0,215726.0,3163.0,3163.0,3108.0,3134.3,31997200,3447.7,2820.9,3839.9,2896.0,3143.3,179,2,3143.0,1,1,3142.6,210,3,3142.5,111,8,3142.4,65,3,3143.6,5,1,3144.0,234,1,3144.1,74,2,3144.2,564,3,3144.3,104,3
2031,2026-06-16 13:02:55+05:30,3141.6,1,3130.71,2300721,132202.0,221613.0,3163.0,3163.0,3108.0,3134.3,31997200,3447.7,2820.9,3839.9,2896.0,3140.4,3,1,3140.3,107,2,3140.1,79,3,3140.0,412,5,3139.9,238,3,3141.5,200,1,3141.6,49,1,3141.7,64,1,3141.8,9,1,3141.9,175,4
2031,2026-06-16 13:02:55+05:30,3141.5,1,3130.71,2300721,132202.0,221613.0,3163.0,3163.0,3108.0,3134.3,31997200,3447.7,2820.9,3839.9,2896.0,3140.4,3,1,3140.3,107,2,3140.1,79,3,3140.0,412,5,3139.9,238,3,3141.5,200,1,3141.6,49,1,3141.7,64,1,3141.8,9,1,3141.9,175,4
2031,2026-06-16 13:02:55+05:30,3141.5,1,3130.71,2301379,133464.0,220688.0,3163.0,3163.0,3108.0,3134.3,31997200,3447.7,2820.9,3839.9,2896.0,3141.5,7,1,3141.0,21,2,3140.8,45,3,3140.7,43,3,3140.6,64,4,3142.0,14,1,3142.1,54,3,3142.3,40,1,3142.4,183,4,3142.5,36,2
2031,2026-06-16 13:02:56+05:30,3142.0,14,3130.71,2301379,133464.0,220688.0,3163.0,3163.0,3108.0,3134.3,31997200,3447.7,2820.9,3839.9,2896.0,3141.5,7,1,3141.0,21,2,3140.8,45,3,3140.7,43,3,3140.6,64,4,3142.0,14,1,3142.1,54,3,3142.3,40,1,3142.4,183,4,3142.5,36,2
2031,2026-06-16 13:02:56+05:30,3142.0,14,3130.71,2301413,134479.0,218386.0,3163.0,3163.0,3108.0,3134.3,31997200,3447.7,2820.9,3839.9,2896.0,3142.0,10,1,3141.5,232,2,3141.3,12,1,3141.1,61,2,3141.0,57,4,3142.1,16,2,3142.3,1,1,3142.5,2,1,3142.6,40,1,3142.7,603,4
2031,2026-06-16 13:02:57+05:30,3142.1,1,3130.71,2301413,134479.0,218386.0,3163.0,3163.0,3108.0,3134.3,31997200,3447.7,2820.9,3839.9,2896.0,3142.0,10,1,3141.5,232,2,3141.3,12,1,3141.1,61,2,3141.0,57,4,3142.1,16,2,3142.3,1,1,3142.5,2,1,3142.6,40,1,3142.7,603,4
2031,2026-06-16 13:02:57+05:30,3142.0,3,3130.71,2301423,134904.0,221459.0,3163.0,3163.0,3108.0,3134.3,31997200,3447.7,2820.9,3839.9,2896.0,3142.0,56,2,3141.5,232,2,3141.3,12,1,3141.1,24,2,3141.0,89,6,3142.3,15,2,3142.5,2,1,3142.6,38,1,3142.7,603,4,3142.8,89,3
2031,2026-06-16 13:02:58+05:30,3142.3,1,3130.71,2301423,134904.0,221459.0,3163.0,3163.0,3108.0,3134.3,31997200,3447.7,2820.9,3839.9,2896.0,3142.0,56,2,3141.5,232,2,3141.3,12,1,3141.1,24,2,3141.0,89,6,3142.3,15,2,3142.5,2,1,3142.6,38,1,3142.7,603,4,3142.8,89,3
2031,2026-06-16 13:02:58+05:30,3142.3,1,3130.71,2301424,135972.0,221106.0,3163.0,3163.0,3108.0,3134.3,31997200,3447.7,2820.9,3839.9,2896.0,3142.0,240,3,3141.5,232,2,3141.1,139,4,3141.0,106,7,3140.9,245,7,3142.3,49,2,3142.5,2,1,3142.7,603,4,3142.8,6,1,3142.9,543,6
2031,2026-06-16 13:02:59+05:30,3142.3,1,3130.71,2301424,136077.0,221251.0,3163.0,3163.0,3108.0,3134.3,31997200,3447.7,2820.9,3839.9,2896.0,3142.0,240,3,3141.6,10,1,3141.5,277,3,3141.4,75,3,3141.2,33,2,3142.3,35,1,3142.5,2,1,3142.7,603,4,3142.8,6,1,3142.9,505,5
2031,2026-06-16 13:03:00+05:30,3142.7,8,3130.71,2301424,136077.0,221251.0,3163.0,3163.0,3108.0,3134.3,31997200,3447.7,2820.9,3839.9,2896.0,3142.0,240,3,3141.6,10,1,3141.5,277,3,3141.4,75,3,3141.2,33,2,3142.3,35,1,3142.5,2,1,3142.7,603,4,3142.8,6,1,3142.9,505,5
2031,2026-06-16 13:03:00+05:30,3142.7,1,3130.71,2301475,136214.0,220879.0,3163.0,3163.0,3108.0,3134.3,31997200,3447.7,2820.9,3839.9,2896.0,3142.2,2,2,3142.0,245,5,3141.6,13,2,3141.5,277,3,3141.4,92,4,3142.7,591,3,3142.8,9,2,3142.9,447,4,3143.1,245,2,3143.2,131,4
2031,2026-06-16 13:03:01+05:30,3142.7,8,3130.71,2301475,136214.0,220879.0,3163.0,3163.0,3108.0,3134.3,31997200,3447.7,2820.9,3839.9,2896.0,3142.2,2,2,3142.0,245,5,3141.6,13,2,3141.5,277,3,3141.4,92,4,3142.7,591,3,3142.8,9,2,3142.9,447,4,3143.1,245,2,3143.2,131,4
2031,2026-06-16 13:03:01+05:30,3142.7,8,3130.71,2301485,136222.0,220926.0,3163.0,3163.0,3108.0,3134.3,31997200,3447.7,2820.9,3839.9,2896.0,3142.2,2,2,3142.0,245,5,3141.8,15,1,3141.6,13,2,3141.5,277,3,3142.7,583,3,3142.8,9,2,3142.9,447,4,3143.1,245,2,3143.2,110,3
2031,2026-06-16 13:03:02+05:30,3142.2,1,3130.71,2301485,136222.0,220926.0,3163.0,3163.0,3108.0,3134.3,31997200,3447.7,2820.9,3839.9,2896.0,3142.2,2,2,3142.0,245,5,3141.8,15,1,3141.6,13,2,3141.5,277,3,3142.7,583,3,3142.8,9,2,3142.9,447,4,3143.1,245,2,3143.2,110,3
2031,2026-06-16 13:03:02+05:30,3142.2,1,3130.71,2301489,136471.0,220544.0,3163.0,3163.0,3108.0,3134.3,31997200,3447.7,2820.9,3839.9,2896.0,3142.2,180,2,3142.0,255,6,3141.8,15,1,3141.6,45,3,3141.5,151,3,3142.7,580,3,3142.9,450,5,3143.1,200,1,3143.2,58,1,3143.3,200,1
2031,2026-06-16 13:03:03+05:30,3142.2,1,3130.71,2301489,136471.0,220544.0,3163.0,3163.0,3108.0,3134.3,31997200,3447.7,2820.9,3839.9,2896.0,3142.2,180,2,3142.0,255,6,3141.8,15,1,3141.6,45,3,3141.5,151,3,3142.7,580,3,3142.9,450,5,3143.1,200,1,3143.2,58,1,3143.3,200,1
2031,2026-06-16 13:03:03+05:30,3142.2,1,3130.71,2301490,136499.0,220745.0,3163.0,3163.0,3108.0,3134.3,31997200,3447.7,2820.9,3839.9,2896.0,3142.2,196,2,3142.0,255,6,3141.6,3,1,3141.5,106,2,3141.4,21,2,3142.7,580,3,3142.9,450,5,3143.0,100,2,3143.1,200,1,3143.2,96,2
2031,2026-06-16 13:03:04+05:30,3142.2,11,3130.71,2301490,136499.0,220745.0,3163.0,3163.0,3108.0,3134.3,31997200,3447.7,2820.9,3839.9,2896.0,3142.2,196,2,3142.0,255,6,3141.6,3,1,3141.5,106,2,3141.4,21,2,3142.7,580,3,3142.9,450,5,3143.0,100,2,3143.1,200,1,3143.2,96,2
2031,2026-06-16 13:03:04+05:30,3142.2,11,3130.71,2301701,135435.0,220863.0,3163.0,3163.0,3108.0,3134.3,31997200,3447.7,2820.9,3839.9,2896.0,3142.2,6,1,3142.0,255,6,3141.5,57,1,3141.3,21,1,3141.2,1,1,3142.5,89,4,3142.6,28,2,3142.7,661,6,3142.8,177,3,3142.9,503,6
2031,2026-06-16 13:03:05+05:30,3142.2,17,3130.71,2301701,135435.0,220863.0,3163.0,3163.0,3108.0,3134.3,31997200,3447.7,2820.9,3839.9,2896.0,3142.2,6,1,3142.0,255,6,3141.5,57,1,3141.3,21,1,3141.2,1,1,3142.5,89,4,3142.6,28,2,3142.7,661,6,3142.8,177,3,3142.9,503,6
2031,2026-06-16 13:03:05+05:30,3142.2,3,3130.72,2302253,135470.0,221238.0,3163.0,3163.0,3108.0,3134.3,31997200,3447.7,2820.9,3839.9,2896.0,3142.2,55,2,3142.0,255,6,3141.3,21,1,3141.1,191,3,3141.0,39,3,3142.6,133,6,3142.7,696,8,3142.8,116,2,3142.9,500,5,3143.0,273,6
2031,2026-06-16 13:03:06+05:30,3141.7,3,3130.72,2302253,135470.0,221238.0,3163.0,3163.0,3108.0,3134.3,31997200,3447.7,2820.9,3839.9,2896.0,3142.2,55,2,3142.0,255,6,3141.3,21,1,3141.1,191,3,3141.0,39,3,3142.6,133,6,3142.7,696,8,3142.8,116,2,3142.9,500,5,3143.0,273,6
2031,2026-06-16 13:03:06+05:30,3141.7,3,3130.72,2303060,133761.0,222447.0,3163.0,3163.0,3108.0,3134.3,31997200,3447.7,2820.9,3839.9,2896.0,3140.8,15,1,3140.6,49,1,3140.5,76,2,3140.4,10,2,3140.3,66,2,3141.7,205,2,3141.8,11,1,3141.9,37,2,3142.0,49,2,3142.1,131,3
2031,2026-06-16 13:03:07+05:30,3141.7,1,3130.72,2303060,133761.0,222447.0,3163.0,3163.0,3108.0,3134.3,31997200,3447.7,2820.9,3839.9,2896.0,3140.8,15,1,3140.6,49,1,3140.5,76,2,3140.4,10,2,3140.3,66,2,3141.7,205,2,3141.8,11,1,3141.9,37,2,3142.0,49,2,3142.1,131,3
2031,2026-06-16 13:03:07+05:30,3141.7,1,3130.72,2303216,133583.0,220495.0,3163.0,3163.0,3108.0,3134.3,31997200,3447.7,2820.9,3839.9,2896.0,3140.6,69,3,3140.5,165,5,3140.4,29,3,3140.3,16,1,3140.2,104,4,3141.7,64,1,3142.0,21,1,3142.1,23,1,3142.2,82,2,3142.3,25,2
2031,2026-06-16 13:03:08+05:30,3141.7,23,3130.72,2303216,133583.0,220495.0,3163.0,3163.0,3108.0,3134.3,31997200,3447.7,2820.9,3839.9,2896.0,3140.6,69,3,3140.5,165,5,3140.4,29,3,3140.3,16,1,3140.2,104,4,3141.7,64,1,3142.0,21,1,3142.1,23,1,3142.2,82,2,3142.3,25,2
2031,2026-06-16 13:03:08+05:30,3141.7,23,3130.72,2303244,132424.0,222891.0,3163.0,3163.0,3108.0,3134.3,31997200,3447.7,2820.9,3839.9,2896.0,3140.6,45,1,3140.4,17,1,3140.1,74,5,3140.0,407,4,3139.9,104,4,3141.4,200,1,3141.5,41,1,3141.6,53,1,3141.7,96,3,3141.8,10,1
2031,2026-06-16 13:03:08+05:30,3141.7,23,3130.72,2303244,132424.0,222891.0,3163.0,3163.0,3108.0,3134.3,31997200,3447.7,2820.9,3839.9,2896.0,3140.6,45,1,3140.4,17,1,3140.1,74,5,3140.0,407,4,3139.9,104,4,3141.4,200,1,3141.5,41,1,3141.6,53,1,3141.7,96,3,3141.8,10,1
2031,2026-06-16 13:03:09+05:30,3141.3,4,3130.72,2303244,132424.0,222891.0,3163.0,3163.0,3108.0,3134.3,31997200,3447.7,2820.9,3839.9,2896.0,3140.6,45,1,3140.4,17,1,3140.1,74,5,3140.0,407,4,3139.9,104,4,3141.4,200,1,3141.5,41,1,3141.6,53,1,3141.7,96,3,3141.8,10,1
2031,2026-06-16 13:03:09+05:30,3141.3,4,3130.72,2303249,131928.0,223204.0,3163.0,3163.0,3108.0,3134.3,31997200,3447.7,2820.9,3839.9,2896.0,3140.6,44,1,3140.5,15,1,3140.4,9,1,3140.3,27,2,3140.1,35,3,3140.8,200,1,3140.9,37,1,3141.0,21,1,3141.7,74,2,3141.8,57,2
2031,2026-06-16 13:03:10+05:30,3141.3,4,3130.72,2303249,131928.0,223204.0,3163.0,3163.0,3108.0,3134.3,31997200,3447.7,2820.9,3839.9,2896.0,3140.6,44,1,3140.5,15,1,3140.4,9,1,3140.3,27,2,3140.1,35,3,3140.8,200,1,3140.9,37,1,3141.0,21,1,3141.7,74,2,3141.8,57,2
2031,2026-06-16 13:03:10+05:30,3140.8,25,3130.72,2303249,131928.0,223204.0,3163.0,3163.0,3108.0,3134.3,31997200,3447.7,2820.9,3839.9,2896.0,3140.6,44,1,3140.5,15,1,3140.4,9,1,3140.3,27,2,3140.1,35,3,3140.8,200,1,3140.9,37,1,3141.0,21,1,3141.7,74,2,3141.8,57,2
2031,2026-06-16 13:03:10+05:30,3140.8,25,3130.72,2303512,133447.0,221182.0,3163.0,3163.0,3108.0,3134.3,31997200,3447.7,2820.9,3839.9,2896.0,3141.0,96,4,3140.9,59,4,3140.8,148,7,3140.7,71,6,3140.6,100,5,3142.2,25,1,3142.5,468,4,3142.6,21,1,3142.7,580,3,3142.8,171,3
2031,2026-06-16 13:03:11+05:30,3141.0,44,3130.72,2303512,133447.0,221182.0,3163.0,3163.0,3108.0,3134.3,31997200,3447.7,2820.9,3839.9,2896.0,3141.0,96,4,3140.9,59,4,3140.8,148,7,3140.7,71,6,3140.6,100,5,3142.2,25,1,3142.5,468,4,3142.6,21,1,3142.7,580,3,3142.8,171,3
2031,2026-06-16 13:03:11+05:30,3141.0,44,3130.72,2303579,133391.0,221625.0,3163.0,3163.0,3108.0,3134.3,31997200,3447.7,2820.9,3839.9,2896.0,3141.0,31,4,3140.9,59,4,3140.8,110,6,3140.7,53,4,3140.6,100,5,3142.2,25,1,3142.5,467,4,3142.6,21,1,3142.7,580,3,3142.8,171,3
2031,2026-06-16 13:03:12+05:30,3142.1,1,3130.72,2303579,133391.0,221625.0,3163.0,3163.0,3108.0,3134.3,31997200,3447.7,2820.9,3839.9,2896.0,3141.0,31,4,3140.9,59,4,3140.8,110,6,3140.7,53,4,3140.6,100,5,3142.2,25,1,3142.5,467,4,3142.6,21,1,3142.7,580,3,3142.8,171,3
2031,2026-06-16 13:03:12+05:30,3142.1,1,3130.72,2303579,133391.0,221625.0,3163.0,3163.0,3108.0,3134.3,31997200,3447.7,2820.9,3839.9,2896.0,3141.0,31,4,3140.9,59,4,3140.8,110,6,3140.7,53,4,3140.6,100,5,3142.2,25,1,3142.5,467,4,3142.6,21,1,3142.7,580,3,3142.8,171,3
2031,2026-06-16 13:03:12+05:30,3142.1,1,3130.72,2303607,133599.0,221731.0,3163.0,3163.0,3108.0,3134.3,31997200,3447.7,2820.9,3839.9,2896.0,3141.1,17,1,3141.0,2,1,3140.7,20,1,3140.6,14,1,3140.5,38,3,3142.1,58,3,3142.2,10,1,3142.3,97,4,3142.4,145,4,3142.5,550,6
2031,2026-06-16 13:03:13+05:30,3142.1,1,3130.72,2303607,133599.0,221731.0,3163.0,3163.0,3108.0,3134.3,31997200,3447.7,2820.9,3839.9,2896.0,3141.1,17,1,3141.0,2,1,3140.7,20,1,3140.6,14,1,3140.5,38,3,3142.1,58,3,3142.2,10,1,3142.3,97,4,3142.4,145,4,3142.5,550,6
2031,2026-06-16 13:03:13+05:30,3142.1,1,3130.72,2303613,133703.0,221833.0,3163.0,3163.0,3108.0,3134.3,31997200,3447.7,2820.9,3839.9,2896.0,3141.2,16,1,3141.0,2,1,3140.7,20,1,3140.6,14,1,3140.5,38,3,3142.1,39,2,3142.2,38,2,3142.3,75,3,3142.4,145,4,3142.5,531,5
2031,2026-06-16 13:03:14+05:30,3142.1,1,3130.72,2303613,133703.0,221833.0,3163.0,3163.0,3108.0,3134.3,31997200,3447.7,2820.9,3839.9,2896.0,3141.2,16,1,3141.0,2,1,3140.7,20,1,3140.6,14,1,3140.5,38,3,3142.1,39,2,3142.2,38,2,3142.3,75,3,3142.4,145,4,3142.5,531,5
2031,2026-06-16 13:03:14+05:30,3142.1,1,3130.72,2303613,133703.0,221833.0,3163.0,3163.0,3108.0,3134.3,31997200,3447.7,2820.9,3839.9,2896.0,3141.2,16,1,3141.0,2,1,3140.7,20,1,3140.6,14,1,3140.5,38,3,3142.1,39,2,3142.2,38,2,3142.3,75,3,3142.4,145,4,3142.5,531,5
2031,2026-06-16 13:03:14+05:30,3142.1,1,3130.72,2303616,133905.0,221659.0,3163.0,3163.0,3108.0,3134.3,31997200,3447.7,2820.9,3839.9,2896.0,3141.4,16,1,3141.0,2,1,3140.7,87,4,3140.6,30,2,3140.5,35,2,3142.0,14,1,3142.1,36,2,3142.2,38,2,3142.3,75,3,3142.4,222,2
2031,2026-06-16 13:03:15+05:30,3142.1,1,3130.72,2303616,133883.0,221910.0,3163.0,3163.0,3108.0,3134.3,31997200,3447.7,2820.9,3839.9,2896.0,3141.7,2,2,3141.4,17,2,3141.0,17,2,3140.8,16,1,3140.7,108,5,3142.1,14,1,3142.2,38,2,3142.3,75,3,3142.5,462,3,3142.6,54,4
2031,2026-06-16 13:03:16+05:30,3142.1,1,3130.72,2303616,133949.0,221863.0,3163.0,3163.0,3108.0,3134.3,31997200,3447.7,2820.9,3839.9,2896.0,3141.7,2,2,3141.4,17,2,3141.0,17,2,3140.8,16,1,3140.7,108,5,3142.1,14,1,3142.2,38,2,3142.3,75,3,3142.5,462,3,3142.6,54,4
2031,2026-06-16 13:03:16+05:30,3142.1,1,3130.72,2303616,133949.0,221863.0,3163.0,3163.0,3108.0,3134.3,31997200,3447.7,2820.9,3839.9,2896.0,3141.7,2,2,3141.4,17,2,3141.0,17,2,3140.8,16,1,3140.7,108,5,3142.1,14,1,3142.2,38,2,3142.3,75,3,3142.5,462,3,3142.6,54,4
2031,2026-06-16 13:03:17+05:30,3142.1,24,3130.72,2303616,133949.0,221863.0,3163.0,3163.0,3108.0,3134.3,31997200,3447.7,2820.9,3839.9,2896.0,3141.7,2,2,3141.4,17,2,3141.0,17,2,3140.8,16,1,3140.7,108,5,3142.1,14,1,3142.2,38,2,3142.3,75,3,3142.5,462,3,3142.6,54,4
2031,2026-06-16 13:03:17+05:30,3142.1,24,3130.72,2303654,134171.0,221442.0,3163.0,3163.0,3108.0,3134.3,31997200,3447.7,2820.9,3839.9,2896.0,3141.8,17,1,3141.7,2,2,3141.4,1,1,3141.3,13,1,3141.2,14,1,3142.2,28,1,3142.5,400,2,3142.6,82,2,3142.7,582,4,3142.8,83,2
2031,2026-06-16 13:03:18+05:30,3142.1,24,3130.72,2303654,134171.0,221442.0,3163.0,3163.0,3108.0,3134.3,31997200,3447.7,2820.9,3839.9,2896.0,3141.8,17,1,3141.7,2,2,3141.4,1,1,3141.3,13,1,3141.2,14,1,3142.2,28,1,3142.5,400,2,3142.6,82,2,3142.7,582,4,3142.8,83,2
2031,2026-06-16 13:03:18+05:30,3142.2,6,3130.72,2303662,135462.0,220888.0,3163.0,3163.0,3108.0,3134.3,31997200,3447.7,2820.9,3839.9,2896.0,3142.3,1,1,3142.2,17,1,3141.7,2,2,3141.5,11,1,3141.4,15,2,3142.5,400,2,3142.6,20,1,3142.7,580,3,3142.9,147,4,3143.0,234,1
2031,2026-06-16 13:03:18+05:30,3142.2,6,3130.72,2303662,135462.0,220888.0,3163.0,3163.0,3108.0,3134.3,31997200,3447.7,2820.9,3839.9,2896.0,3142.3,1,1,3142.2,17,1,3141.7,2,2,3141.5,11,1,3141.4,15,2,3142.5,400,2,3142.6,20,1,3142.7,580,3,3142.9,147,4,3143.0,234,1
2031,2026-06-16 13:03:19+05:30,3142.3,1,3130.72,2303664,134277.0,220647.0,3163.0,3163.0,3108.0,3134.3,31997200,3447.7,2820.9,3839.9,2896.0,3141.7,2,2,3141.4,12,2,3141.3,13,1,3141.2,30,2,3141.1,34,2,3142.3,199,1,3142.5,399,2,3142.6,20,1,3142.7,642,4,3142.8,21,1
2031,2026-06-16 13:03:19+05:30,3142.3,1,3130.72,2303664,134277.0,220647.0,3163.0,3163.0,3108.0,3134.3,31997200,3447.7,2820.9,3839.9,2896.0,3141.7,2,2,3141.4,12,2,3141.3,13,1,3141.2,30,2,3141.1,34,2,3142.3,199,1,3142.5,399,2,3142.6,20,1,3142.7,642,4,3142.8,21,1
2031,2026-06-16 13:03:19+05:30,3142.3,1,3130.72,2303664,134277.0,220647.0,3163.0,3163.0,3108.0,3134.3,31997200,3447.7,2820.9,3839.9,2896.0,3141.7,2,2,3141.4,12,2,3141.3,13,1,3141.2,30,2,3141.1,34,2,3142.3,199,1,3142.5,399,2,3142.6,20,1,3142.7,642,4,3142.8,21,1
2031,2026-06-16 13:03:20+05:30,3142.3,1,3130.72,2303664,134277.0,220647.0,3163.0,3163.0,3108.0,3134.3,31997200,3447.7,2820.9,3839.9,2896.0,3141.7,2,2,3141.4,12,2,3141.3,13,1,3141.2,30,2,3141.1,34,2,3142.3,199,1,3142.5,399,2,3142.6,20,1,3142.7,642,4,3142.8,21,1
2031,2026-06-16 13:03:20+05:30,3142.3,1,3130.72,2304074,133631.0,220677.0,3163.0,3163.0,3108.0,3134.3,31997200,3447.7,2820.9,3839.9,2896.0,3141.2,63,4,3141.1,89,3,3141.0,99,6,3140.8,247,5,3140.7,86,4,3142.3,66,2,3142.5,399,2,3142.6,94,4,3142.7,580,3,3142.8,83,2
2031,2026-06-16 13:03:20+05:30,3142.3,1,3130.72,2304074,133631.0,220677.0,3163.0,3163.0,3108.0,3134.3,31997200,3447.7,2820.9,3839.9,2896.0,3141.2,63,4,3141.1,89,3,3141.0,99,6,3140.8,247,5,3140.7,86,4,3142.3,66,2,3142.5,399,2,3142.6,94,4,3142.7,580,3,3142.8,83,2
2031,2026-06-16 13:03:21+05:30,3142.3,1,3130.72,2304074,133631.0,220677.0,3163.0,3163.0,3108.0,3134.3,31997200,3447.7,2820.9,3839.9,2896.0,3141.2,63,4,3141.1,89,3,3141.0,99,6,3140.8,247,5,3140.7,86,4,3142.3,66,2,3142.5,399,2,3142.6,94,4,3142.7,580,3,3142.8,83,2
2031,2026-06-16 13:03:21+05:30,3142.3,5,3130.73,2304358,134326.0,220570.0,3163.0,3163.0,3108.0,3134.3,31997200,3447.7,2820.9,3839.9,2896.0,3141.2,90,5,3141.1,22,4,3141.0,205,10,3140.8,92,5,3140.7,222,4,3142.3,6,1,3142.5,399,2,3142.6,92,3,3142.7,580,3,3142.8,123,3
2031,2026-06-16 13:03:21+05:30,3142.5,11,3130.73,2304358,134326.0,220570.0,3163.0,3163.0,3108.0,3134.3,31997200,3447.7,2820.9,3839.9,2896.0,3141.2,90,5,3141.1,22,4,3141.0,205,10,3140.8,92,5,3140.7,222,4,3142.3,6,1,3142.5,399,2,3142.6,92,3,3142.7,580,3,3142.8,123,3
2031,2026-06-16 13:03:21+05:30,3142.5,11,3130.73,2304358,134326.0,220570.0,3163.0,3163.0,3108.0,3134.3,31997200,3447.7,2820.9,3839.9,2896.0,3141.2,90,5,3141.1,22,4,3141.0,205,10,3140.8,92,5,3140.7,222,4,3142.3,6,1,3142.5,399,2,3142.6,92,3,3142.7,580,3,3142.8,123,3
2031,2026-06-16 13:03:22+05:30,3142.5,11,3130.73,2304358,134326.0,220570.0,3163.0,3163.0,3108.0,3134.3,31997200,3447.7,2820.9,3839.9,2896.0,3141.2,90,5,3141.1,22,4,3141.0,205,10,3140.8,92,5,3140.7,222,4,3142.3,6,1,3142.5,399,2,3142.6,92,3,3142.7,580,3,3142.8,123,3
2031,2026-06-16 13:03:22+05:30,3142.5,11,3130.73,2304388,135226.0,220299.0,3163.0,3163.0,3108.0,3134.3,31997200,3447.7,2820.9,3839.9,2896.0,3142.3,2,1,3141.5,63,1,3141.4,175,1,3141.3,101,2,3141.2,84,5,3142.5,388,2,3142.6,20,1,3142.7,580,3,3142.9,109,3,3143.0,234,1
2031,2026-06-16 13:03:23+05:30,3142.5,11,3130.73,2304388,135226.0,220299.0,3163.0,3163.0,3108.0,3134.3,31997200,3447.7,2820.9,3839.9,2896.0,3142.3,2,1,3141.5,63,1,3141.4,175,1,3141.3,101,2,3141.2,84,5,3142.5,388,2,3142.6,20,1,3142.7,580,3,3142.9,109,3,3143.0,234,1
2031,2026-06-16 13:03:23+05:30,3142.5,1,3130.73,2304388,135226.0,220299.0,3163.0,3163.0,3108.0,3134.3,31997200,3447.7,2820.9,3839.9,2896.0,3142.3,2,1,3141.5,63,1,3141.4,175,1,3141.3,101,2,3141.2,84,5,3142.5,388,2,3142.6,20,1,3142.7,580,3,3142.9,109,3,3143.0,234,1
2031,2026-06-16 13:03:23+05:30,3142.5,1,3130.73,2304395,134996.0,220233.0,3163.0,3163.0,3108.0,3134.3,31997200,3447.7,2820.9,3839.9,2896.0,3142.3,1,1,3141.4,175,1,3141.3,38,1,3141.2,84,5,3141.1,44,5,3142.5,382,2,3142.6,20,1,3142.7,580,3,3142.8,78,2,3142.9,109,3
2031,2026-06-16 13:03:24+05:30,3142.5,1,3130.73,2304395,134996.0,220233.0,3163.0,3163.0,3108.0,3134.3,31997200,3447.7,2820.9,3839.9,2896.0,3142.3,1,1,3141.4,175,1,3141.3,38,1,3141.2,84,5,3141.1,44,5,3142.5,382,2,3142.6,20,1,3142.7,580,3,3142.8,78,2,3142.9,109,3
2031,2026-06-16 13:03:24+05:30,3141.4,168,3130.73,2304395,134996.0,220233.0,3163.0,3163.0,3108.0,3134.3,31997200,3447.7,2820.9,3839.9,2896.0,3142.3,1,1,3141.4,175,1,3141.3,38,1,3141.2,84,5,3141.1,44,5,3142.5,382,2,3142.6,20,1,3142.7,580,3,3142.8,78,2,3142.9,109,3
2031,2026-06-16 13:03:24+05:30,3141.4,168,3130.73,2304628,133963.0,220077.0,3163.0,3163.0,3108.0,3134.3,31997200,3447.7,2820.9,3839.9,2896.0,3141.3,62,2,3141.2,72,2,3141.1,9,3,3141.0,82,5,3140.9,65,2,3142.5,384,3,3142.6,20,1,3142.7,642,4,3142.8,59,2,3142.9,158,4
2031,2026-06-16 13:03:24+05:30,3141.4,168,3130.73,2304628,133963.0,220077.0,3163.0,3163.0,3108.0,3134.3,31997200,3447.7,2820.9,3839.9,2896.0,3141.3,62,2,3141.2,72,2,3141.1,9,3,3141.0,82,5,3140.9,65,2,3142.5,384,3,3142.6,20,1,3142.7,642,4,3142.8,59,2,3142.9,158,4
2031,2026-06-16 13:03:25+05:30,3141.4,168,3130.73,2304628,133963.0,220077.0,3163.0,3163.0,3108.0,3134.3,31997200,3447.7,2820.9,3839.9,2896.0,3141.3,62,2,3141.2,72,2,3141.1,9,3,3141.0,82,5,3140.9,65,2,3142.5,384,3,3142.6,20,1,3142.7,642,4,3142.8,59,2,3142.9,158,4
2031,2026-06-16 13:03:25+05:30,3142.5,35,3130.73,2304628,133963.0,220077.0,3163.0,3163.0,3108.0,3134.3,31997200,3447.7,2820.9,3839.9,2896.0,3141.3,62,2,3141.2,72,2,3141.1,9,3,3141.0,82,5,3140.9,65,2,3142.5,384,3,3142.6,20,1,3142.7,642,4,3142.8,59,2,3142.9,158,4
2031,2026-06-16 13:03:25+05:30,3141.2,1,3130.73,2304674,134216.0,220042.0,3163.0,3163.0,3108.0,3134.3,31997200,3447.7,2820.9,3839.9,2896.0,3141.2,115,5,3141.1,32,4,3141.0,82,5,3140.9,15,1,3140.8,95,5,3142.5,379,4,3142.6,41,2,3142.7,691,5,3142.8,59,2,3142.9,109,3
2031,2026-06-16 13:03:26+05:30,3141.2,1,3130.73,2304674,134216.0,220042.0,3163.0,3163.0,3108.0,3134.3,31997200,3447.7,2820.9,3839.9,2896.0,3141.2,115,5,3141.1,32,4,3141.0,82,5,3140.9,15,1,3140.8,95,5,3142.5,379,4,3142.6,41,2,3142.7,691,5,3142.8,59,2,3142.9,109,3
2031,2026-06-16 13:03:26+05:30,3142.5,7,3130.73,2304674,134216.0,220042.0,3163.0,3163.0,3108.0,3134.3,31997200,3447.7,2820.9,3839.9,2896.0,3141.2,115,5,3141.1,32,4,3141.0,82,5,3140.9,15,1,3140.8,95,5,3142.5,379,4,3142.6,41,2,3142.7,691,5,3142.8,59,2,3142.9,109,3
2031,2026-06-16 13:03:26+05:30,3142.5,7,3130.73,2304682,135121.0,220479.0,3163.0,3163.0,3108.0,3134.3,31997200,3447.7,2820.9,3839.9,2896.0,3142.3,10,1,3141.4,78,2,3141.3,279,4,3141.2,99,4,3141.1,82,5,3142.4,14,1,3142.5,372,4,3142.6,20,1,3142.7,580,3,3142.9,87,2
2031,2026-06-16 13:03:27+05:30,3142.5,7,3130.73,2304682,135121.0,220479.0,3163.0,3163.0,3108.0,3134.3,31997200,3447.7,2820.9,3839.9,2896.0,3142.3,10,1,3141.4,78,2,3141.3,279,4,3141.2,99,4,3141.1,82,5,3142.4,14,1,3142.5,372,4,3142.6,20,1,3142.7,580,3,3142.9,87,2
2031,2026-06-16 13:03:27+05:30,3142.3,10,3130.73,2304682,135121.0,220479.0,3163.0,3163.0,3108.0,3134.3,31997200,3447.7,2820.9,3839.9,2896.0,3142.3,10,1,3141.4,78,2,3141.3,279,4,3141.2,99,4,3141.1,82,5,3142.4,14,1,3142.5,372,4,3142.6,20,1,3142.7,580,3,3142.9,87,2
2031,2026-06-16 13:03:27+05:30,3142.3,10,3130.73,2304719,134291.0,220243.0,3163.0,3163.0,3108.0,3134.3,31997200,3447.7,2820.9,3839.9,2896.0,3141.4,32,3,3141.3,17,1,3141.2,85,3,3141.1,88,4,3141.0,183,10,3142.0,90,1,3142.5,346,4,3142.6,41,2,3142.7,580,3,3142.8,23,2
2031,2026-06-16 13:03:28+05:30,3142.3,10,3130.73,2304719,134291.0,220243.0,3163.0,3163.0,3108.0,3134.3,32004200,3447.7,2820.9,3839.9,2896.0,3141.4,32,3,3141.3,17,1,3141.2,85,3,3141.1,88,4,3141.0,183,10,3142.0,90,1,3142.5,346,4,3142.6,41,2,3142.7,580,3,3142.8,23,2
2031,2026-06-16 13:03:28+05:30,3142.0,6,3130.73,2304719,134291.0,220243.0,3163.0,3163.0,3108.0,3134.3,32004200,3447.7,2820.9,3839.9,2896.0,3141.4,32,3,3141.3,17,1,3141.2,85,3,3141.1,88,4,3141.0,183,10,3142.0,90,1,3142.5,346,4,3142.6,41,2,3142.7,580,3,3142.8,23,2
2031,2026-06-16 13:03:28+05:30,3142.0,6,3130.73,2304727,134250.0,220230.0,3163.0,3163.0,3108.0,3134.3,32004200,3447.7,2820.9,3839.9,2896.0,3141.4,31,3,3141.3,17,1,3141.2,85,3,3141.1,104,5,3141.0,167,9,3142.0,84,1,3142.5,346,4,3142.6,41,2,3142.7,642,4,3142.8,23,2
2031,2026-06-16 13:03:29+05:30,3142.0,71,3130.73,2304727,134250.0,220230.0,3163.0,3163.0,3108.0,3134.3,32004200,3447.7,2820.9,3839.9,2896.0,3141.4,31,3,3141.3,17,1,3141.2,85,3,3141.1,104,5,3141.0,167,9,3142.0,84,1,3142.5,346,4,3142.6,41,2,3142.7,642,4,3142.8,23,2
2031,2026-06-16 13:03:29+05:30,3142.0,71,3130.73,2304800,134278.0,219832.0,3163.0,3163.0,3108.0,3134.3,32004200,3447.7,2820.9,3839.9,2896.0,3141.8,16,1,3141.4,47,4,3141.3,62,3,3141.2,91,4,3141.1,39,3,3142.0,11,1,3142.5,346,4,3142.6,41,2,3142.7,642,4,3142.8,23,2
2031,2026-06-16 13:03:30+05:30,3142.0,154,3130.73,2304800,134278.0,219832.0,3163.0,3163.0,3108.0,3134.3,32004200,3447.7,2820.9,3839.9,2896.0,3141.8,16,1,3141.4,47,4,3141.3,62,3,3141.2,91,4,3141.1,39,3,3142.0,11,1,3142.5,346,4,3142.6,41,2,3142.7,642,4,3142.8,23,2
2031,2026-06-16 13:03:30+05:30,3142.0,1,3130.73,2304976,134399.0,220127.0,3163.0,3163.0,3108.0,3134.3,32004200,3447.7,2820.9,3839.9,2896.0,3141.9,2,2,3141.8,6,2,3141.4,58,5,3141.3,62,3,3141.2,70,2,3142.0,100,2,3142.5,408,5,3142.6,41,2,3142.7,580,3,3142.8,85,3
2031,2026-06-16 13:03:31+05:30,3141.4,12,3130.73,2304976,134399.0,220127.0,3163.0,3163.0,3108.0,3134.3,32004200,3447.7,2820.9,3839.9,2896.0,3141.9,2,2,3141.8,6,2,3141.4,58,5,3141.3,62,3,3141.2,70,2,3142.0,100,2,3142.5,408,5,3142.6,41,2,3142.7,580,3,3142.8,85,3
2031,2026-06-16 13:03:31+05:30,3141.4,12,3130.73,2305127,134210.0,219748.0,3163.0,3163.0,3108.0,3134.3,32004200,3447.7,2820.9,3839.9,2896.0,3141.4,19,5,3141.3,112,4,3141.2,70,2,3141.1,39,3,3141.0,121,9,3142.0,95,3,3142.5,408,5,3142.6,41,2,3142.7,580,3,3142.8,85,3
2031,2026-06-16 13:03:32+05:30,3142.0,23,3130.73,2305127,134210.0,219748.0,3163.0,3163.0,3108.0,3134.3,32004200,3447.7,2820.9,3839.9,2896.0,3141.4,19,5,3141.3,112,4,3141.2,70,2,3141.1,39,3,3141.0,121,9,3142.0,95,3,3142.5,408,5,3142.6,41,2,3142.7,580,3,3142.8,85,3
2031,2026-06-16 13:03:32+05:30,3142.0,23,3130.73,2305156,134585.0,220074.0,3163.0,3163.0,3108.0,3134.3,32004200,3447.7,2820.9,3839.9,2896.0,3141.8,18,2,3141.4,14,4,3141.3,112,4,3141.2,70,2,3141.1,60,5,3142.0,72,3,3142.5,408,5,3142.6,41,2,3142.7,580,3,3142.8,85,3
2031,2026-06-16 13:03:33+05:30,3142.0,1,3130.73,2305156,134585.0,220074.0,3163.0,3163.0,3108.0,3134.3,32004200,3447.7,2820.9,3839.9,2896.0,3141.8,18,2,3141.4,14,4,3141.3,112,4,3141.2,70,2,3141.1,60,5,3142.0,72,3,3142.5,408,5,3142.6,41,2,3142.7,580,3,3142.8,85,3
2031,2026-06-16 13:03:33+05:30,3142.0,1,3130.73,2305222,134616.0,220079.0,3163.0,3163.0,3108.0,3134.3,32004200,3447.7,2820.9,3839.9,2896.0,3141.8,19,2,3141.4,38,5,3141.3,82,3,3141.2,70,2,3141.1,44,4,3142.0,67,3,3142.5,418,6,3142.6,41,2,3142.7,580,3,3142.8,85,3
2031,2026-06-16 13:03:34+05:30,3142.0,1,3130.73,2305222,134616.0,220079.0,3163.0,3163.0,3108.0,3134.3,32004200,3447.7,2820.9,3839.9,2896.0,3141.8,19,2,3141.4,38,5,3141.3,82,3,3141.2,70,2,3141.1,44,4,3142.0,67,3,3142.5,418,6,3142.6,41,2,3142.7,580,3,3142.8,85,3
2031,2026-06-16 13:03:34+05:30,3142.0,1,3130.73,2305316,134570.0,219782.0,3163.0,3163.0,3108.0,3134.3,32004200,3447.7,2820.9,3839.9,2896.0,3141.8,1,1,3141.4,55,6,3141.3,32,2,3141.2,70,2,3141.1,44,4,3142.0,119,2,3142.5,321,4,3142.6,41,2,3142.7,580,3,3142.8,85,3
2031,2026-06-16 13:03:35+05:30,3141.4,4,3130.73,2305378,134267.0,219877.0,3163.0,3163.0,3108.0,3134.3,32004200,3447.7,2820.9,3839.9,2896.0,3141.8,17,1,3141.4,8,3,3141.3,25,2,3141.2,16,1,3141.1,80,3,3142.0,105,2,3142.5,291,3,3142.6,103,3,3142.7,580,3,3142.8,85,3
2031,2026-06-16 13:03:35+05:30,3142.0,4,3130.73,2305378,134267.0,219877.0,3163.0,3163.0,3108.0,3134.3,32004200,3447.7,2820.9,3839.9,2896.0,3141.8,17,1,3141.4,8,3,3141.3,25,2,3141.2,16,1,3141.1,80,3,3142.0,105,2,3142.5,291,3,3142.6,103,3,3142.7,580,3,3142.8,85,3
2031,2026-06-16 13:03:36+05:30,3142.0,150,3130.73,2305539,134442.0,219935.0,3163.0,3163.0,3108.0,3134.3,32004200,3447.7,2820.9,3839.9,2896.0,3141.8,2,1,3141.7,14,1,3141.4,24,4,3141.3,21,2,3141.1,80,3,3142.0,100,1,3142.5,291,3,3142.6,41,2,3142.7,580,3,3142.8,85,3
2031,2026-06-16 13:03:36+05:30,3142.0,25,3130.73,2305539,134442.0,219935.0,3163.0,3163.0,3108.0,3134.3,32004200,3447.7,2820.9,3839.9,2896.0,3141.8,2,1,3141.7,14,1,3141.4,24,4,3141.3,21,2,3141.1,80,3,3142.0,100,1,3142.5,291,3,3142.6,41,2,3142.7,580,3,3142.8,85,3
2031,2026-06-16 13:03:37+05:30,3142.0,25,3130.73,2305571,134448.0,219980.0,3163.0,3163.0,3108.0,3134.3,32004200,3447.7,2820.9,3839.9,2896.0,3141.8,2,1,3141.7,14,1,3141.4,24,4,3141.3,21,2,3141.1,80,3,3142.0,75,1,3142.5,291,3,3142.6,103,3,3142.7,580,3,3142.8,85,3
2031,2026-06-16 13:03:37+05:30,3142.0,4,3130.73,2305571,134448.0,219980.0,3163.0,3163.0,3108.0,3134.3,32004200,3447.7,2820.9,3839.9,2896.0,3141.8,2,1,3141.7,14,1,3141.4,24,4,3141.3,21,2,3141.1,80,3,3142.0,75,1,3142.5,291,3,3142.6,103,3,3142.7,580,3,3142.8,85,3
2031,2026-06-16 13:03:38+05:30,3141.8,22,3130.73,2305641,134364.0,220187.0,3163.0,3163.0,3108.0,3134.3,32004200,3447.7,2820.9,3839.9,2896.0,3141.8,17,1,3141.7,14,1,3141.4,3,2,3141.3,21,2,3141.2,12,1,3142.0,105,3,3142.4,200,1,3142.5,91,2,3142.6,503,5,3142.7,180,1
2031,2026-06-16 13:03:38+05:30,3142.0,11,3130.73,2305641,134364.0,220187.0,3163.0,3163.0,3108.0,3134.3,32004200,3447.7,2820.9,3839.9,2896.0,3141.8,17,1,3141.7,14,1,3141.4,3,2,3141.3,21,2,3141.2,12,1,3142.0,105,3,3142.4,200,1,3142.5,91,2,3142.6,503,5,3142.7,180,1
2031,2026-06-16 13:03:39+05:30,3142.0,1,3130.73,2305665,134233.0,220296.0,3163.0,3163.0,3108.0,3134.3,32004200,3447.7,2820.9,3839.9,2896.0,3141.8,5,1,3141.7,14,1,3141.4,3,2,3141.3,21,2,3141.2,12,1,3142.0,93,3,3142.4,200,1,3142.5,91,2,3142.6,503,5,3142.7,218,2
2031,2026-06-16 13:03:39+05:30,3142.0,4,3130.73,2305665,134233.0,220296.0,3163.0,3163.0,3108.0,3134.3,32004200,3447.7,2820.9,3839.9,2896.0,3141.8,5,1,3141.7,14,1,3141.4,3,2,3141.3,21,2,3141.2,12,1,3142.0,93,3,3142.4,200,1,3142.5,91,2,3142.6,503,5,3142.7,218,2
2031,2026-06-16 13:03:40+05:30,3142.0,1,3130.73,2305671,134284.0,220333.0,3163.0,3163.0,3108.0,3134.3,32004200,3447.7,2820.9,3839.9,2896.0,3141.9,6,1,3141.8,4,1,3141.7,14,1,3141.6,12,1,3141.4,3,2,3142.0,88,3,3142.4,200,1,3142.5,91,2,3142.6,503,5,3142.7,218,2
2031,2026-06-16 13:03:40+05:30,3142.0,1,3130.73,2305671,134284.0,220333.0,3163.0,3163.0,3108.0,3134.3,32004200,3447.7,2820.9,3839.9,2896.0,3141.9,6,1,3141.8,4,1,3141.7,14,1,3141.6,12,1,3141.4,3,2,3142.0,88,3,3142.4,200,1,3142.5,91,2,3142.6,503,5,3142.7,218,2
2031,2026-06-16 13:03:41+05:30,3142.0,12,3130.73,2305685,134497.0,220807.0,3163.0,3163.0,3108.0,3134.3,32004200,3447.7,2820.9,3839.9,2896.0,3141.9,6,1,3141.8,4,1,3141.7,14,1,3141.6,12,1,3141.4,3,2,3142.0,274,4,3142.4,200,1,3142.5,91,2,3142.6,503,5,3142.7,218,2
2031,2026-06-16 13:03:41+05:30,3142.0,7,3130.73,2305685,134497.0,220807.0,3163.0,3163.0,3108.0,3134.3,32004200,3447.7,2820.9,3839.9,2896.0,3141.9,6,1,3141.8,4,1,3141.7,14,1,3141.6,12,1,3141.4,3,2,3142.0,274,4,3142.4,200,1,3142.5,91,2,3142.6,503,5,3142.7,218,2
2031,2026-06-16 13:03:42+05:30,3141.8,5,3130.73,2305706,134366.0,221356.0,3163.0,3163.0,3108.0,3134.3,32004200,3447.7,2820.9,3839.9,2896.0,3141.8,17,1,3141.7,14,1,3141.6,12,1,3141.4,1,1,3141.3,10,1,3142.0,264,4,3142.4,238,2,3142.5,81,1,3142.6,541,6,3142.7,180,1
2031,2026-06-16 13:03:42+05:30,3142.0,3,3130.73,2305706,134366.0,221356.0,3163.0,3163.0,3108.0,3134.3,32004200,3447.7,2820.9,3839.9,2896.0,3141.8,17,1,3141.7,14,1,3141.6,12,1,3141.4,1,1,3141.3,10,1,3142.0,264,4,3142.4,238,2,3142.5,81,1,3142.6,541,6,3142.7,180,1
2031,2026-06-16 13:03:43+05:30,3141.8,41,3130.73,2305891,134494.0,221211.0,3163.0,3163.0,3108.0,3134.3,32004200,3447.7,2820.9,3839.9,2896.0,3141.8,17,1,3141.6,12,1,3141.4,1,1,3141.3,10,1,3141.2,12,1,3142.0,285,4,3142.4,262,2,3142.5,81,1,3142.6,503,5,3142.7,82,2
2031,2026-06-16 13:03:43+05:30,3142.0,5,3130.73,2305891,134494.0,221211.0,3163.0,3163.0,3108.0,3134.3,32004200,3447.7,2820.9,3839.9,2896.0,3141.8,17,1,3141.6,12,1,3141.4,1,1,3141.3,10,1,3141.2,12,1,3142.0,285,4,3142.4,262,2,3142.5,81,1,3142.6,503,5,3142.7,82,2
2031,2026-06-16 13:03:44+05:30,3141.8,8,3130.73,2305891,134494.0,221211.0,3163.0,3163.0,3108.0,3134.3,32004200,3447.7,2820.9,3839.9,2896.0,3141.8,17,1,3141.6,12,1,3141.4,1,1,3141.3,10,1,3141.2,12,1,3142.0,285,4,3142.4,262,2,3142.5,81,1,3142.6,503,5,3142.7,82,2
2031,2026-06-16 13:03:44+05:30,3141.8,8,3130.73,2305935,134682.0,220973.0,3163.0,3163.0,3108.0,3134.3,32004200,3447.7,2820.9,3839.9,2896.0,3141.8,18,2,3141.6,12,1,3141.4,1,1,3141.3,26,2,3141.2,21,2,3142.0,325,3,3142.4,200,1,3142.5,81,1,3142.6,503,5,3142.8,85,3
2031,2026-06-16 13:03:45+05:30,3141.9,1,3130.73,2305935,134682.0,220973.0,3163.0,3163.0,3108.0,3134.3,32004200,3447.7,2820.9,3839.9,2896.0,3141.8,18,2,3141.6,12,1,3141.4,1,1,3141.3,26,2,3141.2,21,2,3142.0,325,3,3142.4,200,1,3142.5,81,1,3142.6,503,5,3142.8,85,3
2031,2026-06-16 13:03:45+05:30,3142.0,1,3130.73,2305969,134701.0,220553.0,3163.0,3163.0,3108.0,3134.3,32004200,3447.7,2820.9,3839.9,2896.0,3141.9,8,3,3141.8,34,3,3141.6,46,3,3141.5,7,1,3141.4,9,2,3142.0,295,3,3142.4,200,1,3142.5,81,1,3142.6,420,3,3142.8,21,1
2031,2026-06-16 13:03:46+05:30,3142.0,1,3130.73,2305976,134732.0,220164.0,3163.0,3163.0,3108.0,3134.3,32004200,3447.7,2820.9,3839.9,2896.0,3141.9,2,2,3141.8,34,3,3141.7,20,2,3141.6,12,1,3141.5,14,2,3142.0,333,4,3142.4,200,1,3142.5,81,1,3142.6,482,4,3142.8,83,2
2031,2026-06-16 13:03:46+05:30,3142.0,1,3130.73,2305976,134732.0,220164.0,3163.0,3163.0,3108.0,3134.3,32004200,3447.7,2820.9,3839.9,2896.0,3141.9,2,2,3141.8,34,3,3141.7,20,2,3141.6,12,1,3141.5,14,2,3142.0,333,4,3142.4,200,1,3142.5,81,1,3142.6,482,4,3142.8,83,2
2031,2026-06-16 13:03:47+05:30,3142.0,6,3130.73,2306227,134155.0,220662.0,3163.0,3163.0,3108.0,3134.3,32004200,3447.7,2820.9,3839.9,2896.0,3141.4,1,1,3141.2,28,2,3141.0,22,2,3140.9,30,2,3140.8,15,1,3142.0,282,3,3142.3,281,2,3142.4,62,1,3142.5,400,2,3142.6,151,4
2031,2026-06-16 13:03:47+05:30,3142.0,29,3130.73,2306227,134155.0,220662.0,3163.0,3163.0,3108.0,3134.3,32004200,3447.7,2820.9,3839.9,2896.0,3141.4,1,1,3141.2,28,2,3141.0,22,2,3140.9,30,2,3140.8,15,1,3142.0,282,3,3142.3,281,2,3142.4,62,1,3142.5,400,2,3142.6,151,4
2031,2026-06-16 13:03:48+05:30,3142.0,23,3130.73,2306291,134110.0,220755.0,3163.0,3163.0,3108.0,3134.3,32004200,3447.7,2820.9,3839.9,2896.0,3141.1,14,1,3141.0,51,6,3140.9,47,3,3140.8,76,3,3140.7,50,4,3142.0,231,4,3142.3,483,4,3142.4,133,3,3142.5,400,2,3142.6,102,3
2031,2026-06-16 13:03:49+05:30,3142.0,9,3130.73,2306302,134091.0,221697.0,3163.0,3163.0,3108.0,3134.3,32004200,3447.7,2820.9,3839.9,2896.0,3141.1,89,5,3141.0,44,5,3140.9,52,3,3140.8,31,2,3140.7,103,6,3141.5,200,1,3142.0,322,5,3142.2,21,1,3142.3,281,2,3142.4,84,2
2031,2026-06-16 13:03:49+05:30,3141.5,2,3130.73,2306302,134091.0,221697.0,3163.0,3163.0,3108.0,3134.3,32004200,3447.7,2820.9,3839.9,2896.0,3141.1,89,5,3141.0,44,5,3140.9,52,3,3140.8,31,2,3140.7,103,6,3141.5,200,1,3142.0,322,5,3142.2,21,1,3142.3,281,2,3142.4,84,2
2031,2026-06-16 13:03:50+05:30,3141.5,1,3130.73,2306306,134109.0,221778.0,3163.0,3163.0,3108.0,3134.3,32004200,3447.7,2820.9,3839.9,2896.0,3141.1,66,3,3141.0,42,5,3140.9,53,3,3140.8,15,1,3140.7,90,4,3141.5,268,5,3142.0,296,3,3142.2,21,1,3142.3,281,2,3142.4,84,2
2031,2026-06-16 13:03:50+05:30,3141.5,1,3130.73,2306306,134109.0,221778.0,3163.0,3163.0,3108.0,3134.3,32004200,3447.7,2820.9,3839.9,2896.0,3141.1,66,3,3141.0,42,5,3140.9,53,3,3140.8,15,1,3140.7,90,4,3141.5,268,5,3142.0,296,3,3142.2,21,1,3142.3,281,2,3142.4,84,2
2031,2026-06-16 13:03:51+05:30,3141.5,1,3130.73,2306307,134115.0,221785.0,3163.0,3163.0,3108.0,3134.3,32004200,3447.7,2820.9,3839.9,2896.0,3141.1,66,3,3141.0,42,5,3140.9,53,3,3140.8,15,1,3140.7,90,4,3141.5,267,5,3142.0,298,4,3142.2,21,1,3142.3,281,2,3142.4,84,2
2031,2026-06-16 13:03:51+05:30,3141.5,11,3130.73,2306307,134115.0,221785.0,3163.0,3163.0,3108.0,3134.3,32004200,3447.7,2820.9,3839.9,2896.0,3141.1,66,3,3141.0,42,5,3140.9,53,3,3140.8,15,1,3140.7,90,4,3141.5,267,5,3142.0,298,4,3142.2,21,1,3142.3,281,2,3142.4,84,2
2031,2026-06-16 13:03:52+05:30,3141.5,11,3130.73,2306318,134240.0,221672.0,3163.0,3163.0,3108.0,3134.3,32004200,3447.7,2820.9,3839.9,2896.0,3141.1,161,8,3141.0,28,4,3140.9,75,4,3140.8,31,2,3140.7,111,6,3141.5,256,5,3142.0,298,4,3142.2,21,1,3142.3,281,2,3142.4,84,2
2031,2026-06-16 13:03:52+05:30,3141.5,1,3130.73,2306318,134240.0,221672.0,3163.0,3163.0,3108.0,3134.3,32004200,3447.7,2820.9,3839.9,2896.0,3141.1,161,8,3141.0,28,4,3140.9,75,4,3140.8,31,2,3140.7,111,6,3141.5,256,5,3142.0,298,4,3142.2,21,1,3142.3,281,2,3142.4,84,2
2031,2026-06-16 13:03:53+05:30,3141.5,1,3130.73,2306318,134240.0,221672.0,3163.0,3163.0,3108.0,3134.3,32004200,3447.7,2820.9,3839.9,2896.0,3141.1,161,8,3141.0,28,4,3140.9,75,4,3140.8,31,2,3140.7,111,6,3141.5,256,5,3142.0,298,4,3142.2,21,1,3142.3,281,2,3142.4,84,2
2031,2026-06-16 13:03:53+05:30,3141.5,1,3130.73,2306325,134383.0,221804.0,3163.0,3163.0,3108.0,3134.3,32004200,3447.7,2820.9,3839.9,2896.0,3141.2,17,1,3141.1,138,6,3141.0,28,4,3140.9,75,4,3140.8,31,2,3141.5,266,6,3142.0,298,4,3142.2,21,1,3142.3,281,2,3142.4,84,2
2031,2026-06-16 13:03:54+05:30,3141.5,2,3130.73,2306325,134383.0,221804.0,3163.0,3163.0,3108.0,3134.3,32004200,3447.7,2820.9,3839.9,2896.0,3141.2,17,1,3141.1,138,6,3141.0,28,4,3140.9,75,4,3140.8,31,2,3141.5,266,6,3142.0,298,4,3142.2,21,1,3142.3,281,2,3142.4,84,2
2031,2026-06-16 13:03:54+05:30,3141.5,2,3130.73,2306330,134459.0,221761.0,3163.0,3163.0,3108.0,3134.3,32004200,3447.7,2820.9,3839.9,2896.0,3141.2,70,4,3141.1,133,6,3141.0,28,4,3140.9,75,4,3140.8,31,2,3141.5,262,6,3142.0,298,4,3142.2,21,1,3142.3,281,2,3142.4,84,2
2031,2026-06-16 13:03:55+05:30,3141.5,3,3130.73,2306330,134459.0,221761.0,3163.0,3163.0,3108.0,3134.3,32004200,3447.7,2820.9,3839.9,2896.0,3141.2,70,4,3141.1,133,6,3141.0,28,4,3140.9,75,4,3140.8,31,2,3141.5,262,6,3142.0,298,4,3142.2,21,1,3142.3,281,2,3142.4,84,2
2031,2026-06-16 13:03:55+05:30,3141.5,3,3130.74,2306348,134459.0,221771.0,3163.0,3163.0,3108.0,3134.3,32004200,3447.7,2820.9,3839.9,2896.0,3141.2,70,4,3141.1,133,6,3141.0,28,4,3140.9,75,4,3140.8,31,2,3141.5,269,7,3142.0,298,4,3142.2,21,1,3142.3,281,2,3142.4,84,2
2031,2026-06-16 13:03:56+05:30,3141.5,21,3130.74,2306348,134459.0,221771.0,3163.0,3163.0,3108.0,3134.3,32004200,3447.7,2820.9,3839.9,2896.0,3141.2,70,4,3141.1,133,6,3141.0,28,4,3140.9,75,4,3140.8,31,2,3141.5,269,7,3142.0,298,4,3142.2,21,1,3142.3,281,2,3142.4,84,2
2031,2026-06-16 13:03:56+05:30,3141.5,21,3130.74,2306527,134500.0,221334.0,3163.0,3163.0,3108.0,3134.3,32004200,3447.7,2820.9,3839.9,2896.0,3141.3,14,1,3141.2,84,5,3141.1,168,6,3141.0,69,7,3140.9,80,5,3141.5,90,4,3142.0,298,4,3142.2,21,1,3142.3,281,2,3142.4,22,1
2031,2026-06-16 13:03:57+05:30,3141.5,3,3130.74,2306527,134500.0,221334.0,3163.0,3163.0,3108.0,3134.3,32004200,3447.7,2820.9,3839.9,2896.0,3141.3,14,1,3141.2,84,5,3141.1,168,6,3141.0,69,7,3140.9,80,5,3141.5,90,4,3142.0,298,4,3142.2,21,1,3142.3,281,2,3142.4,22,1
2031,2026-06-16 13:03:57+05:30,3141.5,3,3130.74,2306859,134528.0,221013.0,3163.0,3163.0,3108.0,3134.3,32004200,3447.7,2820.9,3839.9,2896.0,3141.5,14,1,3141.4,100,5,3141.3,27,4,3141.2,64,5,3141.1,61,5,3142.0,298,4,3142.3,481,3,3142.5,400,2,3142.6,40,2,3142.8,83,2
2031,2026-06-16 13:03:58+05:30,3142.0,50,3130.74,2306922,134613.0,220762.0,3163.0,3163.0,3108.0,3134.3,32004200,3447.7,2820.9,3839.9,2896.0,3141.4,100,5,3141.3,27,4,3141.2,50,4,3141.1,61,5,3141.0,142,9,3142.0,248,4,3142.3,481,3,3142.5,262,2,3142.6,40,2,3142.8,83,2
2031,2026-06-16 13:03:58+05:30,3142.0,9,3130.74,2306922,134613.0,220762.0,3163.0,3163.0,3108.0,3134.3,32004200,3447.7,2820.9,3839.9,2896.0,3141.4,100,5,3141.3,27,4,3141.2,50,4,3141.1,61,5,3141.0,142,9,3142.0,248,4,3142.3,481,3,3142.5,262,2,3142.6,40,2,3142.8,83,2
2031,2026-06-16 13:03:59+05:30,3142.0,1,3130.74,2306934,134851.0,220954.0,3163.0,3163.0,3108.0,3134.3,32004200,3447.7,2820.9,3839.9,2896.0,3141.4,98,5,3141.3,43,4,3141.2,65,5,3141.1,19,3,3141.0,117,10,3142.0,238,4,3142.3,481,3,3142.5,462,3,3142.6,40,2,3142.8,83,2
2031,2026-06-16 13:03:59+05:30,3142.0,2,3130.74,2306934,134851.0,220954.0,3163.0,3163.0,3108.0,3134.3,32004200,3447.7,2820.9,3839.9,2896.0,3141.4,98,5,3141.3,43,4,3141.2,65,5,3141.1,19,3,3141.0,117,10,3142.0,238,4,3142.3,481,3,3142.5,462,3,3142.6,40,2,3142.8,83,2
2031,2026-06-16 13:04:00+05:30,3142.0,2,3130.74,2306936,134907.0,221218.0,3163.0,3163.0,3108.0,3134.3,32004200,3447.7,2820.9,3839.9,2896.0,3141.7,2,2,3141.6,6,1,3141.5,39,3,3141.4,87,6,3141.3,43,4,3142.0,237,5,3142.3,481,3,3142.5,462,3,3142.6,40,2,3142.8,83,2
2031,2026-06-16 13:04:01+05:30,3142.0,1,3130.74,2306936,134907.0,221218.0,3163.0,3163.0,3108.0,3134.3,32004200,3447.7,2820.9,3839.9,2896.0,3141.7,2,2,3141.6,6,1,3141.5,39,3,3141.4,87,6,3141.3,43,4,3142.0,237,5,3142.3,481,3,3142.5,462,3,3142.6,40,2,3142.8,83,2
2031,2026-06-16 13:04:01+05:30,3142.0,1,3130.74,2306938,134731.0,221259.0,3163.0,3163.0,3108.0,3134.3,32004200,3447.7,2820.9,3839.9,2896.0,3141.7,2,2,3141.6,6,1,3141.5,39,3,3141.4,29,4,3141.3,43,4,3142.0,241,6,3142.3,481,3,3142.5,462,3,3142.6,40,2,3142.8,83,2
2031,2026-06-16 13:04:02+05:30,3142.0,1,3130.74,2306938,134703.0,221238.0,3163.0,3163.0,3108.0,3134.3,32004200,3447.7,2820.9,3839.9,2896.0,3141.7,17,3,3141.6,6,1,3141.5,23,2,3141.4,14,3,3141.3,59,5,3142.0,279,7,3142.3,481,3,3142.5,462,3,3142.6,40,2,3142.8,83,2
2031,2026-06-16 13:04:03+05:30,3142.0,9,3130.74,2306947,134690.0,221256.0,3163.0,3163.0,3108.0,3134.3,32004200,3447.7,2820.9,3839.9,2896.0,3141.7,17,3,3141.6,6,1,3141.5,23,2,3141.4,14,3,3141.3,43,4,3142.0,270,7,3142.3,481,3,3142.5,462,3,3142.6,40,2,3142.8,83,2
2031,2026-06-16 13:04:03+05:30,3142.0,2,3130.74,2306947,134690.0,221256.0,3163.0,3163.0,3108.0,3134.3,32004200,3447.7,2820.9,3839.9,2896.0,3141.7,17,3,3141.6,6,1,3141.5,23,2,3141.4,14,3,3141.3,43,4,3142.0,270,7,3142.3,481,3,3142.5,462,3,3142.6,40,2,3142.8,83,2
2031,2026-06-16 13:04:04+05:30,3142.0,2,3130.74,2306947,134690.0,221256.0,3163.0,3163.0,3108.0,3134.3,32004200,3447.7,2820.9,3839.9,2896.0,3141.7,17,3,3141.6,6,1,3141.5,23,2,3141.4,14,3,3141.3,43,4,3142.0,270,7,3142.3,481,3,3142.5,462,3,3142.6,40,2,3142.8,83,2
2031,2026-06-16 13:04:04+05:30,3142.0,2,3130.74,2307116,134669.0,221190.0,3163.0,3163.0,3108.0,3134.3,32004200,3447.7,2820.9,3839.9,2896.0,3141.7,2,2,3141.6,22,2,3141.5,7,1,3141.4,47,5,3141.3,43,4,3142.0,201,6,3142.3,481,3,3142.5,400,2,3142.6,100,3,3142.8,83,2
2031,2026-06-16 13:04:05+05:30,3142.0,21,3130.74,2307144,134638.0,220829.0,3163.0,3163.0,3108.0,3134.3,32004200,3447.7,2820.9,3839.9,2896.0,3141.4,47,5,3141.3,43,4,3141.2,20,2,3141.1,10,2,3141.0,150,9,3142.0,180,6,3142.3,481,3,3142.5,200,1,3142.6,100,3,3142.8,83,2
2031,2026-06-16 13:04:05+05:30,3141.4,1,3130.74,2307144,134638.0,220829.0,3163.0,3163.0,3108.0,3134.3,32004200,3447.7,2820.9,3839.9,2896.0,3141.4,47,5,3141.3,43,4,3141.2,20,2,3141.1,10,2,3141.0,150,9,3142.0,180,6,3142.3,481,3,3142.5,200,1,3142.6,100,3,3142.8,83,2
2031,2026-06-16 13:04:06+05:30,3142.0,1,3130.74,2307152,134636.0,220664.0,3163.0,3163.0,3108.0,3134.3,32004200,3447.7,2820.9,3839.9,2896.0,3141.4,45,5,3141.3,43,4,3141.2,20,2,3141.1,10,2,3141.0,150,9,3142.0,174,6,3142.3,481,3,3142.5,200,1,3142.6,100,3,3142.8,83,2
2031,2026-06-16 13:04:06+05:30,3142.0,2,3130.74,2307152,134636.0,220664.0,3163.0,3163.0,3108.0,3134.3,32004200,3447.7,2820.9,3839.9,2896.0,3141.4,45,5,3141.3,43,4,3141.2,20,2,3141.1,10,2,3141.0,150,9,3142.0,174,6,3142.3,481,3,3142.5,200,1,3142.6,100,3,3142.8,83,2
2031,2026-06-16 13:04:07+05:30,3142.0,2,3130.74,2307154,134635.0,220896.0,3163.0,3163.0,3108.0,3134.3,32004200,3447.7,2820.9,3839.9,2896.0,3141.4,45,5,3141.3,20,3,3141.2,20,2,3141.1,48,3,3141.0,134,8,3142.0,208,7,3142.3,481,3,3142.5,200,1,3142.6,100,3,3142.8,83,2
2031,2026-06-16 13:04:08+05:30,3142.0,2,3130.74,2307154,134656.0,220859.0,3163.0,3163.0,3108.0,3134.3,32004200,3447.7,2820.9,3839.9,2896.0,3141.7,5,1,3141.6,34,3,3141.4,23,3,3141.3,20,3,3141.2,20,2,3141.8,1,1,3142.0,232,7,3142.2,200,1,3142.3,281,2,3142.5,400,2
2031,2026-06-16 13:04:08+05:30,3142.0,2,3130.74,2307154,134656.0,220859.0,3163.0,3163.0,3108.0,3134.3,32004200,3447.7,2820.9,3839.9,2896.0,3141.7,5,1,3141.6,34,3,3141.4,23,3,3141.3,20,3,3141.2,20,2,3141.8,1,1,3142.0,232,7,3142.2,200,1,3142.3,281,2,3142.5,400,2
2031,2026-06-16 13:04:09+05:30,3142.0,2,3130.74,2307154,134608.0,221066.0,3163.0,3163.0,3108.0,3134.3,32004200,3447.7,2820.9,3839.9,2896.0,3141.7,5,1,3141.6,31,2,3141.5,4,1,3141.4,23,3,3141.3,20,3,3141.8,1,1,3142.0,232,7,3142.2,200,1,3142.3,281,2,3142.5,400,2
2031,2026-06-16 13:04:10+05:30,3141.4,8,3130.74,2307355,133667.0,221401.0,3163.0,3163.0,3108.0,3134.3,32004200,3447.7,2820.9,3839.9,2896.0,3141.7,3,1,3141.4,15,1,3141.3,10,1,3141.1,4,1,3141.0,17,2,3142.0,232,7,3142.1,200,1,3142.2,200,1,3142.3,141,2,3142.4,400,2
2031,2026-06-16 13:04:10+05:30,3141.4,8,3130.74,2307355,133667.0,221401.0,3163.0,3163.0,3108.0,3134.3,32004200,3447.7,2820.9,3839.9,2896.0,3141.7,3,1,3141.4,15,1,3141.3,10,1,3141.1,4,1,3141.0,17,2,3142.0,232,7,3142.1,200,1,3142.2,200,1,3142.3,141,2,3142.4,400,2
2031,2026-06-16 13:04:10+05:30,3142.0,2,3130.74,2307355,133667.0,221401.0,3163.0,3163.0,3108.0,3134.3,32004200,3447.7,2820.9,3839.9,2896.0,3141.7,3,1,3141.4,15,1,3141.3,10,1,3141.1,4,1,3141.0,17,2,3142.0,232,7,3142.1,200,1,3142.2,200,1,3142.3,141,2,3142.4,400,2
2031,2026-06-16 13:04:11+05:30,3142.0,1,3130.74,2307445,134155.0,221187.0,3163.0,3163.0,3108.0,3134.3,32004200,3447.7,2820.9,3839.9,2896.0,3141.4,15,1,3141.3,10,1,3141.0,7,1,3140.9,8,1,3140.8,30,2,3142.0,160,3,3142.1,200,1,3142.2,200,1,3142.3,217,4,3142.4,464,3
2031,2026-06-16 13:04:11+05:30,3142.0,11,3130.74,2307445,134155.0,221187.0,3163.0,3163.0,3108.0,3134.3,32004200,3447.7,2820.9,3839.9,2896.0,3141.4,15,1,3141.3,10,1,3141.0,7,1,3140.9,8,1,3140.8,30,2,3142.0,160,3,3142.1,200,1,3142.2,200,1,3142.3,217,4,3142.4,464,3
2031,2026-06-16 13:04:12+05:30,3142.0,6,3130.74,2307501,134204.0,220784.0,3163.0,3163.0,3108.0,3134.3,32004200,3447.7,2820.9,3839.9,2896.0,3141.7,2,1,3141.4,11,1,3141.3,19,2,3141.2,26,2,3141.0,43,3,3142.0,108,3,3142.1,200,1,3142.2,200,1,3142.3,81,1,3142.4,400,2
2031,2026-06-16 13:04:12+05:30,3142.0,1,3130.74,2307501,134204.0,220784.0,3163.0,3163.0,3108.0,3134.3,32004200,3447.7,2820.9,3839.9,2896.0,3141.7,2,1,3141.4,11,1,3141.3,19,2,3141.2,26,2,3141.0,43,3,3142.0,108,3,3142.1,200,1,3142.2,200,1,3142.3,81,1,3142.4,400,2
2031,2026-06-16 13:04:12+05:30,3142.0,1,3130.74,2307501,134204.0,220784.0,3163.0,3163.0,3108.0,3134.3,32004200,3447.7,2820.9,3839.9,2896.0,3141.7,2,1,3141.4,11,1,3141.3,19,2,3141.2,26,2,3141.0,43,3,3142.0,108,3,3142.1,200,1,3142.2,200,1,3142.3,81,1,3142.4,400,2
2031,2026-06-16 13:04:13+05:30,3142.0,1,3130.74,2307525,134417.0,221003.0,3163.0,3163.0,3108.0,3134.3,32004200,3447.7,2820.9,3839.9,2896.0,3141.7,17,2,3141.5,15,1,3141.3,19,2,3141.2,22,2,3141.1,18,2,3142.0,86,3,3142.1,200,1,3142.2,200,1,3142.3,81,1,3142.4,420,3
2031,2026-06-16 13:04:13+05:30,3142.0,4,3130.74,2307525,134417.0,221003.0,3163.0,3163.0,3108.0,3134.3,32004200,3447.7,2820.9,3839.9,2896.0,3141.7,17,2,3141.5,15,1,3141.3,19,2,3141.2,22,2,3141.1,18,2,3142.0,86,3,3142.1,200,1,3142.2,200,1,3142.3,81,1,3142.4,420,3
2031,2026-06-16 13:04:14+05:30,3142.0,4,3130.74,2307530,134456.0,220711.0,3163.0,3163.0,3108.0,3134.3,32004200,3447.7,2820.9,3839.9,2896.0,3141.7,16,2,3141.3,19,2,3141.2,26,2,3141.1,3,1,3141.0,62,4,3142.0,129,5,3142.1,200,1,3142.2,200,1,3142.3,81,1,3142.4,420,3
2031,2026-06-16 13:04:14+05:30,3142.0,4,3130.74,2307530,134456.0,220711.0,3163.0,3163.0,3108.0,3134.3,32004200,3447.7,2820.9,3839.9,2896.0,3141.7,16,2,3141.3,19,2,3141.2,26,2,3141.1,3,1,3141.0,62,4,3142.0,129,5,3142.1,200,1,3142.2,200,1,3142.3,81,1,3142.4,420,3
2031,2026-06-16 13:04:14+05:30,3142.0,1,3130.74,2307530,134456.0,220711.0,3163.0,3163.0,3108.0,3134.3,32004200,3447.7,2820.9,3839.9,2896.0,3141.7,16,2,3141.3,19,2,3141.2,26,2,3141.1,3,1,3141.0,62,4,3142.0,129,5,3142.1,200,1,3142.2,200,1,3142.3,81,1,3142.4,420,3
2031,2026-06-16 13:04:15+05:30,3141.3,29,3130.74,2307733,134072.0,221197.0,3163.0,3163.0,3108.0,3134.3,32004200,3447.7,2820.9,3839.9,2896.0,3141.8,1,1,3141.3,10,1,3141.0,56,4,3140.9,8,1,3140.8,45,3,3142.0,128,5,3142.1,200,1,3142.2,200,1,3142.3,81,1,3142.4,480,4
2031,2026-06-16 13:04:15+05:30,3142.0,12,3130.74,2307733,134072.0,221197.0,3163.0,3163.0,3108.0,3134.3,32004200,3447.7,2820.9,3839.9,2896.0,3141.8,1,1,3141.3,10,1,3141.0,56,4,3140.9,8,1,3140.8,45,3,3142.0,128,5,3142.1,200,1,3142.2,200,1,3142.3,81,1,3142.4,480,4
2031,2026-06-16 13:04:16+05:30,3141.3,72,3130.74,2307983,134243.0,221038.0,3163.0,3163.0,3108.0,3134.3,32004200,3447.7,2820.9,3839.9,2896.0,3141.2,16,2,3141.0,88,7,3140.9,51,2,3140.8,91,4,3140.7,271,5,3142.0,196,5,3142.1,200,1,3142.2,200,1,3142.3,81,1,3142.4,502,5
2031,2026-06-16 13:04:16+05:30,3141.3,72,3130.74,2307983,134243.0,221038.0,3163.0,3163.0,3108.0,3134.3,32004200,3447.7,2820.9,3839.9,2896.0,3141.2,16,2,3141.0,88,7,3140.9,51,2,3140.8,91,4,3140.7,271,5,3142.0,196,5,3142.1,200,1,3142.2,200,1,3142.3,81,1,3142.4,502,5
2031,2026-06-16 13:04:16+05:30,3141.0,7,3130.74,2307983,134243.0,221038.0,3163.0,3163.0,3108.0,3134.3,32004200,3447.7,2820.9,3839.9,2896.0,3141.2,16,2,3141.0,88,7,3140.9,51,2,3140.8,91,4,3140.7,271,5,3142.0,196,5,3142.1,200,1,3142.2,200,1,3142.3,81,1,3142.4,502,5
2031,2026-06-16 13:04:17+05:30,3142.0,1,3130.74,2308045,134362.0,221119.0,3163.0,3163.0,3108.0,3134.3,32004200,3447.7,2820.9,3839.9,2896.0,3141.3,14,1,3141.2,129,7,3141.1,12,1,3141.0,134,9,3140.9,38,4,3142.0,151,4,3142.1,200,1,3142.2,200,1,3142.3,81,1,3142.4,442,4
2031,2026-06-16 13:04:17+05:30,3142.0,6,3130.74,2308045,134362.0,221119.0,3163.0,3163.0,3108.0,3134.3,32004200,3447.7,2820.9,3839.9,2896.0,3141.3,14,1,3141.2,129,7,3141.1,12,1,3141.0,134,9,3140.9,38,4,3142.0,151,4,3142.1,200,1,3142.2,200,1,3142.3,81,1,3142.4,442,4
2031,2026-06-16 13:04:18+05:30,3142.0,6,3130.74,2308045,134362.0,221119.0,3163.0,3163.0,3108.0,3134.3,32004200,3447.7,2820.9,3839.9,2896.0,3141.3,14,1,3141.2,129,7,3141.1,12,1,3141.0,134,9,3140.9,38,4,3142.0,151,4,3142.1,200,1,3142.2,200,1,3142.3,81,1,3142.4,442,4
2031,2026-06-16 13:04:18+05:30,3142.0,6,3130.74,2308057,134462.0,220990.0,3163.0,3163.0,3108.0,3134.3,32004200,3447.7,2820.9,3839.9,2896.0,3141.3,12,1,3141.2,129,7,3141.1,12,1,3141.0,134,9,3140.9,38,4,3142.0,141,3,3142.1,200,1,3142.2,200,1,3142.3,81,1,3142.4,420,3
2031,2026-06-16 13:04:18+05:30,3142.0,1,3130.74,2308057,134462.0,220990.0,3163.0,3163.0,3108.0,3134.3,32004200,3447.7,2820.9,3839.9,2896.0,3141.3,12,1,3141.2,129,7,3141.1,12,1,3141.0,134,9,3140.9,38,4,3142.0,141,3,3142.1,200,1,3142.2,200,1,3142.3,81,1,3142.4,420,3
2031,2026-06-16 13:04:19+05:30,3142.0,1,3130.74,2308057,134462.0,220990.0,3163.0,3163.0,3108.0,3134.3,32004200,3447.7,2820.9,3839.9,2896.0,3141.3,12,1,3141.2,129,7,3141.1,12,1,3141.0,134,9,3140.9,38,4,3142.0,141,3,3142.1,200,1,3142.2,200,1,3142.3,81,1,3142.4,420,3
2031,2026-06-16 13:04:19+05:30,3142.0,51,3130.74,2308110,134691.0,220361.0,3163.0,3163.0,3108.0,3134.3,32004200,3447.7,2820.9,3839.9,2896.0,3141.4,43,1,3141.3,86,5,3141.2,99,5,3141.1,12,1,3141.0,137,11,3142.0,49,1,3142.1,200,1,3142.2,200,1,3142.3,81,1,3142.4,420,3
2031,2026-06-16 13:04:19+05:30,3142.0,8,3130.74,2308110,134691.0,220361.0,3163.0,3163.0,3108.0,3134.3,32004200,3447.7,2820.9,3839.9,2896.0,3141.4,43,1,3141.3,86,5,3141.2,99,5,3141.1,12,1,3141.0,137,11,3142.0,49,1,3142.1,200,1,3142.2,200,1,3142.3,81,1,3142.4,420,3
2031,2026-06-16 13:04:20+05:30,3142.0,8,3130.74,2308110,134691.0,220361.0,3163.0,3163.0,3108.0,3134.3,32004200,3447.7,2820.9,3839.9,2896.0,3141.4,43,1,3141.3,86,5,3141.2,99,5,3141.1,12,1,3141.0,137,11,3142.0,49,1,3142.1,200,1,3142.2,200,1,3142.3,81,1,3142.4,420,3
2031,2026-06-16 13:04:20+05:30,3142.0,8,3130.74,2308120,134746.0,220956.0,3163.0,3163.0,3108.0,3134.3,32004200,3447.7,2820.9,3839.9,2896.0,3141.4,87,5,3141.3,99,4,3141.2,123,7,3141.1,12,1,3141.0,120,10,3142.0,566,3,3142.1,200,1,3142.2,200,1,3142.3,81,1,3142.4,420,3
2031,2026-06-16 13:04:20+05:30,3142.0,2,3130.74,2308120,134746.0,220956.0,3163.0,3163.0,3108.0,3134.3,32004200,3447.7,2820.9,3839.9,2896.0,3141.4,87,5,3141.3,99,4,3141.2,123,7,3141.1,12,1,3141.0,120,10,3142.0,566,3,3142.1,200,1,3142.2,200,1,3142.3,81,1,3142.4,420,3
2031,2026-06-16 13:04:20+05:30,3142.0,2,3130.74,2308120,134746.0,220956.0,3163.0,3163.0,3108.0,3134.3,32004200,3447.7,2820.9,3839.9,2896.0,3141.4,87,5,3141.3,99,4,3141.2,123,7,3141.1,12,1,3141.0,120,10,3142.0,566,3,3142.1,200,1,3142.2,200,1,3142.3,81,1,3142.4,420,3
2031,2026-06-16 13:04:21+05:30,3142.0,2,3130.74,2308120,134746.0,220956.0,3163.0,3163.0,3108.0,3134.3,32004200,3447.7,2820.9,3839.9,2896.0,3141.4,87,5,3141.3,99,4,3141.2,123,7,3141.1,12,1,3141.0,120,10,3142.0,566,3,3142.1,200,1,3142.2,200,1,3142.3,81,1,3142.4,420,3
2031,2026-06-16 13:04:21+05:30,3142.0,2,3130.74,2308123,134786.0,220941.0,3163.0,3163.0,3108.0,3134.3,32004200,3447.7,2820.9,3839.9,2896.0,3141.4,144,7,3141.3,99,4,3141.2,106,6,3141.1,12,1,3141.0,120,10,3142.0,607,4,3142.1,200,1,3142.2,200,1,3142.3,81,1,3142.4,420,3
2031,2026-06-16 13:04:21+05:30,3142.0,2,3130.74,2308123,134786.0,220941.0,3163.0,3163.0,3108.0,3134.3,32004200,3447.7,2820.9,3839.9,2896.0,3141.4,144,7,3141.3,99,4,3141.2,106,6,3141.1,12,1,3141.0,120,10,3142.0,607,4,3142.1,200,1,3142.2,200,1,3142.3,81,1,3142.4,420,3
2031,2026-06-16 13:04:22+05:30,3142.0,1,3130.74,2308124,134787.0,218943.0,3163.0,3163.0,3108.0,3134.3,32004200,3447.7,2820.9,3839.9,2896.0,3141.4,144,7,3141.3,99,4,3141.2,106,6,3141.1,12,1,3141.0,121,11,3142.0,626,5,3142.1,200,1,3142.2,200,1,3142.3,81,1,3142.4,400,2
2031,2026-06-16 13:04:22+05:30,3142.0,1,3130.74,2308124,134787.0,218943.0,3163.0,3163.0,3108.0,3134.3,32004200,3447.7,2820.9,3839.9,2896.0,3141.4,144,7,3141.3,99,4,3141.2,106,6,3141.1,12,1,3141.0,121,11,3142.0,626,5,3142.1,200,1,3142.2,200,1,3142.3,81,1,3142.4,400,2
2031,2026-06-16 13:04:22+05:30,3142.0,1,3130.74,2308124,134787.0,218943.0,3163.0,3163.0,3108.0,3134.3,32004200,3447.7,2820.9,3839.9,2896.0,3141.4,144,7,3141.3,99,4,3141.2,106,6,3141.1,12,1,3141.0,121,11,3142.0,626,5,3142.1,200,1,3142.2,200,1,3142.3,81,1,3142.4,400,2
2031,2026-06-16 13:04:23+05:30,3142.0,1,3130.74,2308124,134787.0,221170.0,3163.0,3163.0,3108.0,3134.3,32004200,3447.7,2820.9,3839.9,2896.0,3141.4,96,5,3141.3,99,4,3141.2,106,6,3141.1,12,1,3141.0,121,11,3142.0,826,6,3142.1,200,1,3142.2,200,1,3142.3,81,1,3142.4,400,2
2031,2026-06-16 13:04:23+05:30,3141.4,8,3130.74,2308124,134787.0,221170.0,3163.0,3163.0,3108.0,3134.3,32004200,3447.7,2820.9,3839.9,2896.0,3141.4,96,5,3141.3,99,4,3141.2,106,6,3141.1,12,1,3141.0,121,11,3142.0,826,6,3142.1,200,1,3142.2,200,1,3142.3,81,1,3142.4,400,2
2031,2026-06-16 13:04:23+05:30,3141.4,8,3130.74,2308124,134787.0,221170.0,3163.0,3163.0,3108.0,3134.3,32004200,3447.7,2820.9,3839.9,2896.0,3141.4,96,5,3141.3,99,4,3141.2,106,6,3141.1,12,1,3141.0,121,11,3142.0,826,6,3142.1,200,1,3142.2,200,1,3142.3,81,1,3142.4,400,2
2031,2026-06-16 13:04:24+05:30,3141.4,8,3130.74,2308124,134787.0,221170.0,3163.0,3163.0,3108.0,3134.3,32004200,3447.7,2820.9,3839.9,2896.0,3141.4,96,5,3141.3,99,4,3141.2,106,6,3141.1,12,1,3141.0,121,11,3142.0,826,6,3142.1,200,1,3142.2,200,1,3142.3,81,1,3142.4,400,2
2031,2026-06-16 13:04:24+05:30,3141.7,17,3130.74,2308187,134717.0,221549.0,3163.0,3163.0,3108.0,3134.3,32004200,3447.7,2820.9,3839.9,2896.0,3141.7,17,1,3141.4,63,3,3141.3,52,2,3141.2,81,4,3141.1,7,1,3142.0,792,6,3142.1,200,1,3142.2,200,1,3142.3,81,1,3142.4,460,3
2031,2026-06-16 13:04:24+05:30,3142.0,10,3130.74,2308187,134717.0,221549.0,3163.0,3163.0,3108.0,3134.3,32004200,3447.7,2820.9,3839.9,2896.0,3141.7,17,1,3141.4,63,3,3141.3,52,2,3141.2,81,4,3141.1,7,1,3142.0,792,6,3142.1,200,1,3142.2,200,1,3142.3,81,1,3142.4,460,3
2031,2026-06-16 13:04:25+05:30,3142.0,10,3130.74,2308187,134717.0,221549.0,3163.0,3163.0,3108.0,3134.3,32004200,3447.7,2820.9,3839.9,2896.0,3141.7,17,1,3141.4,63,3,3141.3,52,2,3141.2,81,4,3141.1,7,1,3142.0,792,6,3142.1,200,1,3142.2,200,1,3142.3,81,1,3142.4,460,3
2031,2026-06-16 13:04:25+05:30,3142.0,1,3130.74,2308400,134584.0,221019.0,3163.0,3163.0,3108.0,3134.3,32004200,3447.7,2820.9,3839.9,2896.0,3141.4,82,5,3141.3,91,4,3141.2,81,4,3141.1,50,2,3141.0,126,7,3142.0,822,7,3142.1,200,1,3142.2,200,1,3142.3,81,1,3142.4,400,2
2031,2026-06-16 13:04:25+05:30,3142.0,3,3130.74,2308400,134584.0,221019.0,3163.0,3163.0,3108.0,3134.3,32004200,3447.7,2820.9,3839.9,2896.0,3141.4,82,5,3141.3,91,4,3141.2,81,4,3141.1,50,2,3141.0,126,7,3142.0,822,7,3142.1,200,1,3142.2,200,1,3142.3,81,1,3142.4,400,2
2031,2026-06-16 13:04:25+05:30,3142.0,3,3130.74,2308400,134584.0,221019.0,3163.0,3163.0,3108.0,3134.3,32004200,3447.7,2820.9,3839.9,2896.0,3141.4,82,5,3141.3,91,4,3141.2,81,4,3141.1,50,2,3141.0,126,7,3142.0,822,7,3142.1,200,1,3142.2,200,1,3142.3,81,1,3142.4,400,2
2031,2026-06-16 13:04:26+05:30,3142.0,3,3130.74,2308441,134482.0,220977.0,3163.0,3163.0,3108.0,3134.3,32004200,3447.7,2820.9,3839.9,2896.0,3141.4,58,4,3141.3,52,2,3141.2,81,4,3141.1,42,2,3141.0,66,6,3142.0,886,8,3142.1,200,1,3142.2,200,1,3142.3,81,1,3142.4,400,2
2031,2026-06-16 13:04:26+05:30,3142.0,6,3130.74,2308441,134482.0,220977.0,3163.0,3163.0,3108.0,3134.3,32004200,3447.7,2820.9,3839.9,2896.0,3141.4,58,4,3141.3,52,2,3141.2,81,4,3141.1,42,2,3141.0,66,6,3142.0,886,8,3142.1,200,1,3142.2,200,1,3142.3,81,1,3142.4,400,2
2031,2026-06-16 13:04:26+05:30,3142.0,6,3130.74,2308441,134482.0,220977.0,3163.0,3163.0,3108.0,3134.3,32004200,3447.7,2820.9,3839.9,2896.0,3141.4,58,4,3141.3,52,2,3141.2,81,4,3141.1,42,2,3141.0,66,6,3142.0,886,8,3142.1,200,1,3142.2,200,1,3142.3,81,1,3142.4,400,2
2031,2026-06-16 13:04:27+05:30,3142.0,1,3130.75,2308478,134438.0,220866.0,3163.0,3163.0,3108.0,3134.3,32004200,3447.7,2820.9,3839.9,2896.0,3141.4,57,4,3141.3,86,3,3141.2,81,4,3141.1,8,1,3141.0,124,8,3142.0,850,7,3142.1,200,1,3142.2,200,1,3142.3,81,1,3142.4,400,2
2031,2026-06-16 13:04:27+05:30,3142.0,5,3130.75,2308478,134438.0,220866.0,3163.0,3163.0,3108.0,3134.3,32004200,3447.7,2820.9,3839.9,2896.0,3141.4,57,4,3141.3,86,3,3141.2,81,4,3141.1,8,1,3141.0,124,8,3142.0,850,7,3142.1,200,1,3142.2,200,1,3142.3,81,1,3142.4,400,2
2031,2026-06-16 13:04:27+05:30,3142.0,5,3130.75,2308478,134438.0,220866.0,3163.0,3163.0,3108.0,3134.3,32007200,3447.7,2820.9,3839.9,2896.0,3141.4,57,4,3141.3,86,3,3141.2,81,4,3141.1,8,1,3141.0,124,8,3142.0,850,7,3142.1,200,1,3142.2,200,1,3142.3,81,1,3142.4,400,2
2031,2026-06-16 13:04:28+05:30,3142.0,5,3130.75,2308484,134437.0,220862.0,3163.0,3163.0,3108.0,3134.3,32007200,3447.7,2820.9,3839.9,2896.0,3141.4,56,4,3141.3,52,2,3141.2,81,4,3141.1,42,2,3141.0,124,8,3142.0,845,7,3142.1,200,1,3142.2,200,1,3142.3,81,1,3142.4,400,2
2031,2026-06-16 13:04:28+05:30,3142.0,1,3130.75,2308484,134437.0,220862.0,3163.0,3163.0,3108.0,3134.3,32007200,3447.7,2820.9,3839.9,2896.0,3141.4,56,4,3141.3,52,2,3141.2,81,4,3141.1,42,2,3141.0,124,8,3142.0,845,7,3142.1,200,1,3142.2,200,1,3142.3,81,1,3142.4,400,2
2031,2026-06-16 13:04:29+05:30,3142.0,1,3130.75,2308486,134588.0,221054.0,3163.0,3163.0,3108.0,3134.3,32007200,3447.7,2820.9,3839.9,2896.0,3141.6,18,1,3141.4,40,3,3141.3,52,2,3141.2,81,4,3141.1,42,2,3142.0,924,8,3142.1,200,1,3142.2,200,1,3142.3,81,1,3142.4,400,2
2031,2026-06-16 13:04:29+05:30,3142.0,1,3130.75,2308486,134588.0,221054.0,3163.0,3163.0,3108.0,3134.3,32007200,3447.7,2820.9,3839.9,2896.0,3141.6,18,1,3141.4,40,3,3141.3,52,2,3141.2,81,4,3141.1,42,2,3142.0,924,8,3142.1,200,1,3142.2,200,1,3142.3,81,1,3142.4,400,2
2031,2026-06-16 13:04:30+05:30,3142.0,6,3130.75,2308493,134644.0,221130.0,3163.0,3163.0,3108.0,3134.3,32007200,3447.7,2820.9,3839.9,2896.0,3141.8,2,2,3141.7,32,2,3141.6,5,2,3141.4,36,2,3141.3,52,2,3142.0,917,8,3142.1,200,1,3142.2,200,1,3142.3,81,1,3142.4,400,2
2031,2026-06-16 13:04:30+05:30,3142.0,1,3130.75,2308493,134644.0,221130.0,3163.0,3163.0,3108.0,3134.3,32007200,3447.7,2820.9,3839.9,2896.0,3141.8,2,2,3141.7,32,2,3141.6,5,2,3141.4,36,2,3141.3,52,2,3142.0,917,8,3142.1,200,1,3142.2,200,1,3142.3,81,1,3142.4,400,2
2031,2026-06-16 13:04:31+05:30,3141.7,11,3130.75,2308694,134772.0,221189.0,3163.0,3163.0,3108.0,3134.3,32007200,3447.7,2820.9,3839.9,2896.0,3141.7,2,1,3141.6,11,3,3141.5,15,1,3141.4,52,3,3141.3,84,3,3142.0,916,8,3142.1,200,1,3142.2,200,1,3142.3,81,1,3142.4,460,3
2031,2026-06-16 13:04:31+05:30,3142.0,5,3130.75,2308694,134772.0,221189.0,3163.0,3163.0,3108.0,3134.3,32007200,3447.7,2820.9,3839.9,2896.0,3141.7,2,1,3141.6,11,3,3141.5,15,1,3141.4,52,3,3141.3,84,3,3142.0,916,8,3142.1,200,1,3142.2,200,1,3142.3,81,1,3142.4,460,3
2031,2026-06-16 13:04:32+05:30,3142.0,5,3130.75,2309623,136722.0,218329.0,3163.0,3163.0,3108.0,3134.3,32007200,3447.7,2820.9,3839.9,2896.0,3142.4,1,1,3142.0,84,7,3141.9,37,2,3141.8,147,8,3141.7,85,4,3143.0,249,2,3143.1,5,1,3143.2,200,1,3143.3,341,3,3143.5,400,2
2031,2026-06-16 13:04:32+05:30,3143.0,107,3130.75,2309623,136722.0,218329.0,3163.0,3163.0,3108.0,3134.3,32007200,3447.7,2820.9,3839.9,2896.0,3142.4,1,1,3142.0,84,7,3141.9,37,2,3141.8,147,8,3141.7,85,4,3143.0,249,2,3143.1,5,1,3143.2,200,1,3143.3,341,3,3143.5,400,2
2031,2026-06-16 13:04:33+05:30,3142.3,34,3130.75,2309967,136853.0,217859.0,3163.0,3163.0,3108.0,3134.3,32007200,3447.7,2820.9,3839.9,2896.0,3142.4,56,6,3142.3,39,2,3142.2,70,7,3142.1,34,4,3142.0,56,7,3143.0,168,3,3143.1,5,1,3143.2,200,1,3143.3,281,2,3143.5,400,2
2031,2026-06-16 13:04:33+05:30,3142.5,128,3130.75,2309967,136853.0,217859.0,3163.0,3163.0,3108.0,3134.3,32007200,3447.7,2820.9,3839.9,2896.0,3142.4,56,6,3142.3,39,2,3142.2,70,7,3142.1,34,4,3142.0,56,7,3143.0,168,3,3143.1,5,1,3143.2,200,1,3143.3,281,2,3143.5,400,2
2031,2026-06-16 13:04:34+05:30,3143.0,2,3130.75,2310254,137081.0,218594.0,3163.0,3163.0,3108.0,3134.3,32007200,3447.7,2820.9,3839.9,2896.0,3142.5,43,5,3142.4,96,6,3142.3,41,3,3142.2,80,7,3142.1,101,6,3143.0,93,3,3143.1,5,1,3143.2,200,1,3143.3,281,2,3143.5,400,2
2031,2026-06-16 13:04:34+05:30,3143.0,1,3130.75,2310254,137081.0,218594.0,3163.0,3163.0,3108.0,3134.3,32007200,3447.7,2820.9,3839.9,2896.0,3142.5,43,5,3142.4,96,6,3142.3,41,3,3142.2,80,7,3142.1,101,6,3143.0,93,3,3143.1,5,1,3143.2,200,1,3143.3,281,2,3143.5,400,2
2031,2026-06-16 13:04:35+05:30,3143.2,70,3130.75,2310433,137334.0,217271.0,3163.0,3163.0,3108.0,3134.3,32007200,3447.7,2820.9,3839.9,2896.0,3142.6,14,1,3142.5,83,8,3142.4,128,7,3142.3,11,2,3142.2,86,9,3143.2,130,1,3143.3,281,2,3143.5,400,2,3143.7,54,1,3143.8,20,1
2031,2026-06-16 13:04:35+05:30,3142.6,7,3130.75,2310433,137334.0,217271.0,3163.0,3163.0,3108.0,3134.3,32007200,3447.7,2820.9,3839.9,2896.0,3142.6,14,1,3142.5,83,8,3142.4,128,7,3142.3,11,2,3142.2,86,9,3143.2,130,1,3143.3,281,2,3143.5,400,2,3143.7,54,1,3143.8,20,1
2031,2026-06-16 13:04:36+05:30,3143.2,10,3130.75,2310452,137344.0,217321.0,3163.0,3163.0,3108.0,3134.3,32007200,3447.7,2820.9,3839.9,2896.0,3142.6,6,1,3142.5,101,9,3142.4,128,7,3142.3,11,2,3142.2,81,8,3143.2,119,1,3143.3,281,2,3143.5,400,2,3143.7,54,1,3143.8,20,1
2031,2026-06-16 13:04:36+05:30,3143.2,10,3130.75,2310452,137344.0,217321.0,3163.0,3163.0,3108.0,3134.3,32007200,3447.7,2820.9,3839.9,2896.0,3142.6,6,1,3142.5,101,9,3142.4,128,7,3142.3,11,2,3142.2,81,8,3143.2,119,1,3143.3,281,2,3143.5,400,2,3143.7,54,1,3143.8,20,1
2031,2026-06-16 13:04:37+05:30,3142.7,19,3130.76,2310571,137617.0,217312.0,3163.0,3163.0,3108.0,3134.3,32007200,3447.7,2820.9,3839.9,2896.0,3142.7,37,5,3142.6,94,3,3142.5,68,7,3142.4,125,7,3142.3,11,2,3143.2,243,2,3143.3,281,2,3143.5,400,2,3143.7,54,1,3143.8,20,1
2031,2026-06-16 13:04:37+05:30,3142.7,5,3130.76,2310571,137617.0,217312.0,3163.0,3163.0,3108.0,3134.3,32007200,3447.7,2820.9,3839.9,2896.0,3142.7,37,5,3142.6,94,3,3142.5,68,7,3142.4,125,7,3142.3,11,2,3143.2,243,2,3143.3,281,2,3143.5,400,2,3143.7,54,1,3143.8,20,1
2031,2026-06-16 13:04:38+05:30,3143.0,15,3130.76,2310592,137412.0,217461.0,3163.0,3163.0,3108.0,3134.3,32007200,3447.7,2820.9,3839.9,2896.0,3143.0,26,3,3142.9,4,1,3142.8,25,3,3142.7,14,3,3142.6,86,2,3143.2,278,4,3143.3,281,2,3143.5,400,2,3143.7,54,1,3143.8,20,1
2031,2026-06-16 13:04:38+05:30,3143.2,1,3130.76,2310592,137412.0,217461.0,3163.0,3163.0,3108.0,3134.3,32007200,3447.7,2820.9,3839.9,2896.0,3143.0,26,3,3142.9,4,1,3142.8,25,3,3142.7,14,3,3142.6,86,2,3143.2,278,4,3143.3,281,2,3143.5,400,2,3143.7,54,1,3143.8,20,1
2031,2026-06-16 13:04:39+05:30,3143.1,18,3130.76,2310812,137324.0,216783.0,3163.0,3163.0,3108.0,3134.3,32007200,3447.7,2820.9,3839.9,2896.0,3143.0,109,5,3142.9,8,2,3142.8,56,4,3142.7,8,2,3142.6,93,2,3143.1,182,1,3143.2,36,2,3143.7,54,1,3144.0,20,1,3144.1,14,1
2031,2026-06-16 13:04:39+05:30,3143.1,17,3130.76,2310812,137324.0,216783.0,3163.0,3163.0,3108.0,3134.3,32007200,3447.7,2820.9,3839.9,2896.0,3143.0,109,5,3142.9,8,2,3142.8,56,4,3142.7,8,2,3142.6,93,2,3143.1,182,1,3143.2,36,2,3143.7,54,1,3144.0,20,1,3144.1,14,1
2031,2026-06-16 13:04:40+05:30,3142.9,2,3130.76,2311090,137333.0,216632.0,3163.0,3163.0,3108.0,3134.3,32007200,3447.7,2820.9,3839.9,2896.0,3142.8,16,2,3142.7,29,4,3142.6,124,3,3142.5,67,7,3142.4,104,7,3143.2,29,1,3143.7,54,1,3144.0,20,1,3144.2,120,2,3144.4,34,2
2031,2026-06-16 13:04:40+05:30,3142.8,10,3130.76,2311090,137333.0,216632.0,3163.0,3163.0,3108.0,3134.3,32007200,3447.7,2820.9,3839.9,2896.0,3142.8,16,2,3142.7,29,4,3142.6,124,3,3142.5,67,7,3142.4,104,7,3143.2,29,1,3143.7,54,1,3144.0,20,1,3144.2,120,2,3144.4,34,2
2031,2026-06-16 13:04:41+05:30,3142.8,10,3130.76,2311101,137486.0,217012.0,3163.0,3163.0,3108.0,3134.3,32007200,3447.7,2820.9,3839.9,2896.0,3143.1,73,1,3143.0,41,5,3142.9,36,3,3142.8,68,4,3142.7,73,5,3143.2,30,2,3143.7,54,1,3144.0,20,1,3144.2,120,2,3144.4,21,1
2031,2026-06-16 13:04:41+05:30,3143.2,3,3130.76,2311101,137486.0,217012.0,3163.0,3163.0,3108.0,3134.3,32007200,3447.7,2820.9,3839.9,2896.0,3143.1,73,1,3143.0,41,5,3142.9,36,3,3142.8,68,4,3142.7,73,5,3143.2,30,2,3143.7,54,1,3144.0,20,1,3144.2,120,2,3144.4,21,1
2031,2026-06-16 13:04:42+05:30,3143.2,1,3130.76,2311175,137765.0,217307.0,3163.0,3163.0,3108.0,3134.3,32007200,3447.7,2820.9,3839.9,2896.0,3143.2,7,1,3143.1,88,2,3143.0,10,4,3142.9,31,2,3142.8,58,4,3143.7,68,2,3144.2,120,2,3144.4,33,2,3144.5,260,2,3144.6,374,6
2031,2026-06-16 13:04:42+05:30,3143.2,3,3130.76,2311175,137765.0,217307.0,3163.0,3163.0,3108.0,3134.3,32007200,3447.7,2820.9,3839.9,2896.0,3143.2,7,1,3143.1,88,2,3143.0,10,4,3142.9,31,2,3142.8,58,4,3143.7,68,2,3144.2,120,2,3144.4,33,2,3144.5,260,2,3144.6,374,6
2031,2026-06-16 13:04:43+05:30,3144.2,11,3130.76,2311243,138891.0,216795.0,3163.0,3163.0,3108.0,3134.3,32007200,3447.7,2820.9,3839.9,2896.0,3143.8,1,1,3143.2,39,2,3143.1,175,4,3143.0,90,7,3142.9,35,2,3144.1,14,1,3144.2,103,2,3144.7,127,2,3144.8,80,2,3144.9,270,3
2031,2026-06-16 13:04:43+05:30,3143.8,1,3130.76,2311243,138891.0,216795.0,3163.0,3163.0,3108.0,3134.3,32007200,3447.7,2820.9,3839.9,2896.0,3143.8,1,1,3143.2,39,2,3143.1,175,4,3143.0,90,7,3142.9,35,2,3144.1,14,1,3144.2,103,2,3144.7,127,2,3144.8,80,2,3144.9,270,3
2031,2026-06-16 13:04:44+05:30,3143.8,41,3130.76,2311287,137409.0,217676.0,3163.0,3163.0,3108.0,3134.3,32007200,3447.7,2820.9,3839.9,2896.0,3143.2,19,3,3143.1,73,1,3143.0,56,4,3142.9,24,1,3142.8,15,1,3144.1,28,2,3144.2,181,4,3144.5,102,2,3144.6,32,1,3144.7,123,2
2031,2026-06-16 13:04:44+05:30,3143.2,1,3130.76,2311287,137409.0,217676.0,3163.0,3163.0,3108.0,3134.3,32007200,3447.7,2820.9,3839.9,2896.0,3143.2,19,3,3143.1,73,1,3143.0,56,4,3142.9,24,1,3142.8,15,1,3144.1,28,2,3144.2,181,4,3144.5,102,2,3144.6,32,1,3144.7,123,2
2031,2026-06-16 13:04:45+05:30,3143.2,1,3130.76,2311296,137327.0,218300.0,3163.0,3163.0,3108.0,3134.3,32007200,3447.7,2820.9,3839.9,2896.0,3143.2,16,3,3143.1,87,2,3143.0,7,3,3142.7,8,3,3142.5,22,2,3143.7,8,1,3143.8,72,3,3143.9,74,4,3144.0,153,5,3144.1,81,2
2031,2026-06-16 13:04:45+05:30,3143.2,1,3130.76,2311296,137327.0,218300.0,3163.0,3163.0,3108.0,3134.3,32007200,3447.7,2820.9,3839.9,2896.0,3143.2,16,3,3143.1,87,2,3143.0,7,3,3142.7,8,3,3142.5,22,2,3143.7,8,1,3143.8,72,3,3143.9,74,4,3144.0,153,5,3144.1,81,2
2031,2026-06-16 13:04:46+05:30,3143.7,1,3130.76,2311298,137512.0,218235.0,3163.0,3163.0,3108.0,3134.3,32007200,3447.7,2820.9,3839.9,2896.0,3143.3,16,1,3143.2,2,2,3143.1,87,2,3143.0,7,3,3142.7,8,3,3143.7,38,3,3143.8,86,4,3143.9,74,4,3144.0,153,5,3144.1,67,1
2031,2026-06-16 13:04:46+05:30,3143.7,1,3130.76,2311298,137512.0,218235.0,3163.0,3163.0,3108.0,3134.3,32007200,3447.7,2820.9,3839.9,2896.0,3143.3,16,1,3143.2,2,2,3143.1,87,2,3143.0,7,3,3142.7,8,3,3143.7,38,3,3143.8,86,4,3143.9,74,4,3144.0,153,5,3144.1,67,1
2031,2026-06-16 13:04:47+05:30,3143.7,1,3130.76,2311298,137514.0,218206.0,3163.0,3163.0,3108.0,3134.3,32007200,3447.7,2820.9,3839.9,2896.0,3143.3,17,2,3143.2,3,3,3143.1,87,2,3143.0,7,3,3142.7,8,3,3143.6,14,1,3143.7,52,4,3143.8,86,4,3143.9,40,3,3144.0,125,3
2031,2026-06-16 13:04:48+05:30,3143.5,1,3130.76,2311479,137430.0,218471.0,3163.0,3163.0,3108.0,3134.3,32007200,3447.7,2820.9,3839.9,2896.0,3143.2,3,3,3143.1,87,2,3143.0,7,3,3142.7,7,2,3142.5,1,1,3143.5,13,1,3143.6,135,5,3143.7,52,4,3143.8,135,5,3143.9,12,1
2031,2026-06-16 13:04:48+05:30,3143.2,1,3130.76,2311479,137430.0,218471.0,3163.0,3163.0,3108.0,3134.3,32007200,3447.7,2820.9,3839.9,2896.0,3143.2,3,3,3143.1,87,2,3143.0,7,3,3142.7,7,2,3142.5,1,1,3143.5,13,1,3143.6,135,5,3143.7,52,4,3143.8,135,5,3143.9,12,1
2031,2026-06-16 13:04:49+05:30,3143.2,1,3130.76,2311486,137497.0,218429.0,3163.0,3163.0,3108.0,3134.3,32007200,3447.7,2820.9,3839.9,2896.0,3143.2,17,2,3143.1,87,2,3143.0,7,3,3142.7,7,2,3142.5,1,1,3143.4,14,1,3143.5,47,4,3143.6,104,4,3143.7,33,3,3143.8,90,3
2031,2026-06-16 13:04:50+05:30,3143.0,32,3130.76,2311824,137060.0,218555.0,3163.0,3163.0,3108.0,3134.3,32007200,3447.7,2820.9,3839.9,2896.0,3142.7,1,1,3142.5,1,1,3142.1,51,3,3142.0,45,3,3141.9,27,2,3143.1,14,1,3143.2,104,4,3143.4,72,3,3143.5,20,2,3143.6,107,3
2031,2026-06-16 13:04:50+05:30,3142.7,5,3130.76,2311824,137060.0,218555.0,3163.0,3163.0,3108.0,3134.3,32007200,3447.7,2820.9,3839.9,2896.0,3142.7,1,1,3142.5,1,1,3142.1,51,3,3142.0,45,3,3141.9,27,2,3143.1,14,1,3143.2,104,4,3143.4,72,3,3143.5,20,2,3143.6,107,3
2031,2026-06-16 13:04:51+05:30,3142.0,51,3130.76,2312039,136344.0,219045.0,3163.0,3163.0,3108.0,3134.3,32007200,3447.7,2820.9,3839.9,2896.0,3142.0,14,2,3141.9,65,3,3141.8,96,4,3141.7,10,2,3141.6,82,4,3143.1,7,1,3143.3,44,1,3143.4,38,1,3143.5,73,3,3143.6,60,2
2031,2026-06-16 13:04:51+05:30,3142.0,8,3130.76,2312039,136344.0,219045.0,3163.0,3163.0,3108.0,3134.3,32007200,3447.7,2820.9,3839.9,2896.0,3142.0,14,2,3141.9,65,3,3141.8,96,4,3141.7,10,2,3141.6,82,4,3143.1,7,1,3143.3,44,1,3143.4,38,1,3143.5,73,3,3143.6,60,2
2031,2026-06-16 13:04:52+05:30,3143.4,11,3130.76,2312158,137440.0,218952.0,3163.0,3163.0,3108.0,3134.3,32007200,3447.7,2820.9,3839.9,2896.0,3143.0,4,1,3142.5,26,3,3142.4,73,2,3142.3,23,3,3142.2,78,4,3143.1,4,1,3143.4,27,1,3143.6,38,1,3143.8,2,1,3144.0,83,3
2031,2026-06-16 13:04:52+05:30,3143.0,4,3130.76,2312158,137440.0,218952.0,3163.0,3163.0,3108.0,3134.3,32007200,3447.7,2820.9,3839.9,2896.0,3143.0,4,1,3142.5,26,3,3142.4,73,2,3142.3,23,3,3142.2,78,4,3143.1,4,1,3143.4,27,1,3143.6,38,1,3143.8,2,1,3144.0,83,3
2031,2026-06-16 13:04:53+05:30,3143.1,1,3130.76,2312168,137506.0,218702.0,3163.0,3163.0,3108.0,3134.3,32007200,3447.7,2820.9,3839.9,2896.0,3143.0,4,1,3142.5,54,5,3142.4,88,3,3142.3,3,1,3142.2,83,5,3143.1,15,2,3143.4,26,1,3143.6,38,1,3143.7,3,1,3143.8,2,1
2031,2026-06-16 13:04:53+05:30,3143.1,1,3130.76,2312168,137506.0,218702.0,3163.0,3163.0,3108.0,3134.3,32007200,3447.7,2820.9,3839.9,2896.0,3143.0,4,1,3142.5,54,5,3142.4,88,3,3142.3,3,1,3142.2,83,5,3143.1,15,2,3143.4,26,1,3143.6,38,1,3143.7,3,1,3143.8,2,1
2031,2026-06-16 13:04:54+05:30,3143.1,11,3130.76,2312181,137205.0,218944.0,3163.0,3163.0,3108.0,3134.3,32007200,3447.7,2820.9,3839.9,2896.0,3143.0,21,2,3142.5,48,4,3142.4,73,2,3142.3,29,3,3142.2,15,3,3143.1,10,2,3143.4,26,1,3143.6,38,1,3143.7,3,1,3143.8,2,1
2031,2026-06-16 13:04:54+05:30,3143.1,1,3130.76,2312181,137205.0,218944.0,3163.0,3163.0,3108.0,3134.3,32007200,3447.7,2820.9,3839.9,2896.0,3143.0,21,2,3142.5,48,4,3142.4,73,2,3142.3,29,3,3142.2,15,3,3143.1,10,2,3143.4,26,1,3143.6,38,1,3143.7,3,1,3143.8,2,1
2031,2026-06-16 13:04:55+05:30,3143.1,1,3130.76,2312183,137247.0,216971.0,3163.0,3163.0,3108.0,3134.3,32007200,3447.7,2820.9,3839.9,2896.0,3143.0,20,2,3142.5,48,4,3142.4,73,2,3142.3,29,3,3142.2,15,3,3143.1,8,1,3143.4,26,1,3143.6,38,1,3143.7,3,1,3143.8,2,1
2031,2026-06-16 13:04:56+05:30,3143.1,1,3130.76,2312183,137252.0,216995.0,3163.0,3163.0,3108.0,3134.3,32007200,3447.7,2820.9,3839.9,2896.0,3143.0,20,2,3142.5,48,4,3142.4,73,2,3142.3,29,3,3142.2,15,3,3143.1,8,1,3143.4,26,1,3143.6,38,1,3143.7,3,1,3143.8,2,1
2031,2026-06-16 13:04:57+05:30,3143.1,2,3130.76,2312183,137252.0,216995.0,3163.0,3163.0,3108.0,3134.3,32007200,3447.7,2820.9,3839.9,2896.0,3143.0,20,2,3142.5,48,4,3142.4,73,2,3142.3,29,3,3142.2,15,3,3143.1,8,1,3143.4,26,1,3143.6,38,1,3143.7,3,1,3143.8,2,1
2031,2026-06-16 13:04:57+05:30,3143.1,2,3130.76,2312185,137248.0,219237.0,3163.0,3163.0,3108.0,3134.3,32007200,3447.7,2820.9,3839.9,2896.0,3143.0,20,2,3142.5,48,4,3142.4,73,2,3142.3,29,3,3142.2,15,3,3143.1,7,2,3143.4,26,1,3143.6,38,1,3143.7,41,2,3143.8,2,1
2031,2026-06-16 13:04:58+05:30,3143.1,1,3130.76,2312185,137248.0,219237.0,3163.0,3163.0,3108.0,3134.3,32007200,3447.7,2820.9,3839.9,2896.0,3143.0,20,2,3142.5,48,4,3142.4,73,2,3142.3,29,3,3142.2,15,3,3143.1,7,2,3143.4,26,1,3143.6,38,1,3143.7,41,2,3143.8,2,1
2031,2026-06-16 13:04:58+05:30,3143.0,24,3130.77,2312357,136269.0,219740.0,3163.0,3163.0,3108.0,3134.3,32007200,3447.7,2820.9,3839.9,2896.0,3142.0,2,1,3141.8,61,2,3141.7,49,1,3141.6,68,4,3141.5,52,2,3142.9,45,3,3143.0,55,3,3143.1,54,3,3143.2,120,4,3143.3,30,1
2031,2026-06-16 13:04:59+05:30,3142.9,1,3130.77,2312357,136269.0,219740.0,3163.0,3163.0,3108.0,3134.3,32007200,3447.7,2820.9,3839.9,2896.0,3142.0,2,1,3141.8,61,2,3141.7,49,1,3141.6,68,4,3141.5,52,2,3142.9,45,3,3143.0,55,3,3143.1,54,3,3143.2,120,4,3143.3,30,1
2031,2026-06-16 13:04:59+05:30,3142.9,1,3130.77,2312391,135813.0,219797.0,3163.0,3163.0,3108.0,3134.3,32007200,3447.7,2820.9,3839.9,2896.0,3142.0,2,1,3141.7,49,1,3141.6,62,4,3141.5,20,1,3141.4,223,5,3142.9,28,1,3143.0,93,4,3143.1,54,3,3143.2,212,6,3143.3,30,1
2031,2026-06-16 13:05:00+05:30,3142.9,1,3130.77,2312391,135813.0,219797.0,3163.0,3163.0,3108.0,3134.3,32007200,3447.7,2820.9,3839.9,2896.0,3142.0,2,1,3141.7,49,1,3141.6,62,4,3141.5,20,1,3141.4,223,5,3142.9,28,1,3143.0,93,4,3143.1,54,3,3143.2,212,6,3143.3,30,1
2031,2026-06-16 13:05:00+05:30,3142.9,1,3130.77,2312422,137066.0,219027.0,3163.0,3163.0,3108.0,3134.3,32007200,3447.7,2820.9,3839.9,2896.0,3142.8,1,1,3142.5,31,4,3142.1,253,6,3142.0,21,6,3141.9,227,3,3143.3,14,1,3143.4,26,1,3143.5,2,1,3143.7,3,1,3143.8,20,1
2031,2026-06-16 13:05:01+05:30,3143.4,3,3130.77,2312422,137066.0,219027.0,3163.0,3163.0,3108.0,3134.3,32007200,3447.7,2820.9,3839.9,2896.0,3142.8,1,1,3142.5,31,4,3142.1,253,6,3142.0,21,6,3141.9,227,3,3143.3,14,1,3143.4,26,1,3143.5,2,1,3143.7,3,1,3143.8,20,1
2031,2026-06-16 13:05:01+05:30,3143.4,3,3130.77,2312426,137301.0,218715.0,3163.0,3163.0,3108.0,3134.3,32007200,3447.7,2820.9,3839.9,2896.0,3143.0,5,2,3142.5,31,4,3142.3,7,1,3142.2,16,2,3142.1,75,4,3143.1,10,1,3143.4,51,3,3143.5,2,1,3143.7,3,1,3143.9,200,1
2031,2026-06-16 13:05:02+05:30,3143.4,3,3130.77,2312426,137316.0,218697.0,3163.0,3163.0,3108.0,3134.3,32007200,3447.7,2820.9,3839.9,2896.0,3143.0,5,2,3142.5,31,4,3142.3,25,2,3142.2,1,1,3142.1,30,4,3143.1,58,2,3143.4,37,2,3143.5,2,1,3143.7,3,1,3143.8,60,1
2031,2026-06-16 13:05:03+05:30,3143.1,5,3130.77,2312431,137310.0,218776.0,3163.0,3163.0,3108.0,3134.3,32007200,3447.7,2820.9,3839.9,2896.0,3143.0,5,2,3142.5,31,4,3142.3,40,3,3142.2,1,1,3142.1,15,3,3143.1,53,2,3143.4,37,2,3143.5,2,1,3143.7,3,1,3143.8,60,1
2031,2026-06-16 13:05:04+05:30,3143.1,48,3130.77,2312431,137310.0,218776.0,3163.0,3163.0,3108.0,3134.3,32007200,3447.7,2820.9,3839.9,2896.0,3143.0,5,2,3142.5,31,4,3142.3,40,3,3142.2,1,1,3142.1,15,3,3143.1,53,2,3143.4,37,2,3143.5,2,1,3143.7,3,1,3143.8,60,1
2031,2026-06-16 13:05:04+05:30,3143.1,48,3130.77,2312484,137539.0,218824.0,3163.0,3163.0,3108.0,3134.3,32007200,3447.7,2820.9,3839.9,2896.0,3143.2,1,1,3143.0,5,2,3142.5,48,5,3142.3,22,2,3142.2,64,2,3143.3,14,1,3143.4,51,3,3143.7,3,1,3143.8,60,1,3143.9,264,2
2031,2026-06-16 13:05:05+05:30,3143.2,2,3130.77,2312484,137539.0,218824.0,3163.0,3163.0,3108.0,3134.3,32007200,3447.7,2820.9,3839.9,2896.0,3143.2,1,1,3143.0,5,2,3142.5,48,5,3142.3,22,2,3142.2,64,2,3143.3,14,1,3143.4,51,3,3143.7,3,1,3143.8,60,1,3143.9,264,2
2031,2026-06-16 13:05:05+05:30,3143.2,2,3130.77,2312488,137525.0,218478.0,3163.0,3163.0,3108.0,3134.3,32007200,3447.7,2820.9,3839.9,2896.0,3143.2,41,5,3143.0,23,3,3142.9,10,1,3142.6,16,2,3142.5,32,3,3143.4,37,2,3143.7,3,1,3143.9,12,1,3144.0,202,2,3144.1,407,4
2031,2026-06-16 13:05:06+05:30,3143.4,1,3130.77,2312488,137525.0,218478.0,3163.0,3163.0,3108.0,3134.3,32007200,3447.7,2820.9,3839.9,2896.0,3143.2,41,5,3143.0,23,3,3142.9,10,1,3142.6,16,2,3142.5,32,3,3143.4,37,2,3143.7,3,1,3143.9,12,1,3144.0,202,2,3144.1,407,4
2031,2026-06-16 13:05:06+05:30,3143.4,1,3130.77,2312490,137904.0,218456.0,3163.0,3163.0,3108.0,3134.3,32007200,3447.7,2820.9,3839.9,2896.0,3143.2,55,6,3143.0,5,2,3142.9,10,1,3142.8,36,2,3142.7,14,2,3143.4,36,2,3143.7,3,1,3143.9,12,1,3144.0,202,2,3144.1,281,2
2031,2026-06-16 13:05:07+05:30,3143.4,1,3130.77,2312490,137952.0,218308.0,3163.0,3163.0,3108.0,3134.3,32007200,3447.7,2820.9,3839.9,2896.0,3143.2,55,6,3143.0,5,2,3142.9,10,1,3142.8,36,2,3142.7,14,2,3143.3,1,1,3143.4,1,1,3143.7,3,1,3143.9,12,1,3144.0,202,2
2031,2026-06-16 13:05:08+05:30,3143.3,3,3130.77,2312490,137952.0,218308.0,3163.0,3163.0,3108.0,3134.3,32007200,3447.7,2820.9,3839.9,2896.0,3143.2,55,6,3143.0,5,2,3142.9,10,1,3142.8,36,2,3142.7,14,2,3143.3,1,1,3143.4,1,1,3143.7,3,1,3143.9,12,1,3144.0,202,2
2031,2026-06-16 13:05:08+05:30,3143.4,1,3130.77,2312544,137961.0,218196.0,3163.0,3163.0,3108.0,3134.3,32007200,3447.7,2820.9,3839.9,2896.0,3143.4,16,1,3143.2,8,5,3143.0,1,1,3142.9,10,1,3142.8,8,1,3143.6,14,1,3143.7,3,1,3144.0,247,3,3144.1,347,4,3144.2,170,3
2031,2026-06-16 13:05:09+05:30,3143.4,1,3130.77,2312544,137961.0,218196.0,3163.0,3163.0,3108.0,3134.3,32007200,3447.7,2820.9,3839.9,2896.0,3143.4,16,1,3143.2,8,5,3143.0,1,1,3142.9,10,1,3142.8,8,1,3143.6,14,1,3143.7,3,1,3144.0,247,3,3144.1,347,4,3144.2,170,3
2031,2026-06-16 13:05:09+05:30,3143.4,2,3130.77,2312544,137961.0,218196.0,3163.0,3163.0,3108.0,3134.3,32007200,3447.7,2820.9,3839.9,2896.0,3143.4,16,1,3143.2,8,5,3143.0,1,1,3142.9,10,1,3142.8,8,1,3143.6,14,1,3143.7,3,1,3144.0,247,3,3144.1,347,4,3144.2,170,3
2031,2026-06-16 13:05:09+05:30,3143.6,1,3130.77,2312547,138019.0,218454.0,3163.0,3163.0,3108.0,3134.3,32007200,3447.7,2820.9,3839.9,2896.0,3143.4,14,1,3143.2,8,5,3143.0,1,1,3142.9,10,1,3142.8,8,1,3143.6,13,1,3143.7,17,2,3143.8,37,1,3144.0,284,4,3144.1,309,3
2031,2026-06-16 13:05:10+05:30,3143.6,38,3130.77,2312547,138019.0,218454.0,3163.0,3163.0,3108.0,3134.3,32007200,3447.7,2820.9,3839.9,2896.0,3143.4,14,1,3143.2,8,5,3143.0,1,1,3142.9,10,1,3142.8,8,1,3143.6,13,1,3143.7,17,2,3143.8,37,1,3144.0,284,4,3144.1,309,3
2031,2026-06-16 13:05:10+05:30,3143.6,38,3130.77,2312547,138019.0,218454.0,3163.0,3163.0,3108.0,3134.3,32007200,3447.7,2820.9,3839.9,2896.0,3143.4,14,1,3143.2,8,5,3143.0,1,1,3142.9,10,1,3142.8,8,1,3143.6,13,1,3143.7,17,2,3143.8,37,1,3144.0,284,4,3144.1,309,3
2031,2026-06-16 13:05:11+05:30,3143.2,4,3130.77,2312771,137026.0,218591.0,3163.0,3163.0,3108.0,3134.3,32007200,3447.7,2820.9,3839.9,2896.0,3143.2,20,2,3143.0,1,1,3142.9,10,1,3142.2,15,1,3142.1,216,5,3143.5,31,1,3143.6,76,5,3143.7,31,3,3143.8,116,3,3143.9,83,2
2031,2026-06-16 13:05:11+05:30,3143.5,11,3130.77,2312771,137026.0,218591.0,3163.0,3163.0,3108.0,3134.3,32007200,3447.7,2820.9,3839.9,2896.0,3143.2,20,2,3143.0,1,1,3142.9,10,1,3142.2,15,1,3142.1,216,5,3143.5,31,1,3143.6,76,5,3143.7,31,3,3143.8,116,3,3143.9,83,2
2031,2026-06-16 13:05:12+05:30,3143.5,11,3130.77,2312792,137267.0,218695.0,3163.0,3163.0,3108.0,3134.3,32007200,3447.7,2820.9,3839.9,2896.0,3143.2,11,2,3143.0,1,1,3142.9,10,1,3142.3,7,1,3142.2,259,3,3143.4,14,1,3143.5,33,2,3143.6,76,5,3143.7,31,3,3143.8,116,3
2031,2026-06-16 13:05:12+05:30,3143.5,11,3130.77,2312792,137267.0,218695.0,3163.0,3163.0,3108.0,3134.3,32007200,3447.7,2820.9,3839.9,2896.0,3143.2,11,2,3143.0,1,1,3142.9,10,1,3142.3,7,1,3142.2,259,3,3143.4,14,1,3143.5,33,2,3143.6,76,5,3143.7,31,3,3143.8,116,3
2031,2026-06-16 13:05:13+05:30,3143.3,10,3130.77,2312811,137253.0,218632.0,3163.0,3163.0,3108.0,3134.3,32007200,3447.7,2820.9,3839.9,2896.0,3143.2,18,2,3143.0,2,2,3142.9,10,1,3142.2,184,1,3142.1,54,3,3143.3,55,3,3143.4,48,4,3143.5,61,3,3143.6,44,3,3143.7,37,2
2031,2026-06-16 13:05:13+05:30,3143.2,3,3130.77,2312811,137253.0,218632.0,3163.0,3163.0,3108.0,3134.3,32007200,3447.7,2820.9,3839.9,2896.0,3143.2,18,2,3143.0,2,2,3142.9,10,1,3142.2,184,1,3142.1,54,3,3143.3,55,3,3143.4,48,4,3143.5,61,3,3143.6,44,3,3143.7,37,2
2031,2026-06-16 13:05:14+05:30,3143.3,7,3130.77,2312857,137555.0,218561.0,3163.0,3163.0,3108.0,3134.3,32007200,3447.7,2820.9,3839.9,2896.0,3143.2,15,2,3143.0,2,2,3142.9,10,1,3142.3,70,2,3142.2,244,2,3143.3,9,1,3143.4,37,3,3143.5,33,2,3143.6,12,1,3143.7,3,1
2031,2026-06-16 13:05:14+05:30,3143.3,2,3130.77,2312857,137555.0,218561.0,3163.0,3163.0,3108.0,3134.3,32007200,3447.7,2820.9,3839.9,2896.0,3143.2,15,2,3143.0,2,2,3142.9,10,1,3142.3,70,2,3142.2,244,2,3143.3,9,1,3143.4,37,3,3143.5,33,2,3143.6,12,1,3143.7,3,1
2031,2026-06-16 13:05:14+05:30,3143.3,2,3130.77,2312857,137555.0,218561.0,3163.0,3163.0,3108.0,3134.3,32007200,3447.7,2820.9,3839.9,2896.0,3143.2,15,2,3143.0,2,2,3142.9,10,1,3142.3,70,2,3142.2,244,2,3143.3,9,1,3143.4,37,3,3143.5,33,2,3143.6,12,1,3143.7,3,1
2031,2026-06-16 13:05:15+05:30,3143.3,2,3130.77,2312861,137668.0,216629.0,3163.0,3163.0,3108.0,3134.3,32007200,3447.7,2820.9,3839.9,2896.0,3143.2,13,2,3143.0,2,2,3142.9,10,1,3142.3,70,2,3142.2,123,2,3143.3,7,1,3143.4,28,2,3143.5,33,2,3143.6,12,1,3143.7,3,1
2031,2026-06-16 13:05:15+05:30,3143.3,6,3130.77,2312861,137668.0,216629.0,3163.0,3163.0,3108.0,3134.3,32007200,3447.7,2820.9,3839.9,2896.0,3143.2,13,2,3143.0,2,2,3142.9,10,1,3142.3,70,2,3142.2,123,2,3143.3,7,1,3143.4,28,2,3143.5,33,2,3143.6,12,1,3143.7,3,1
2031,2026-06-16 13:05:16+05:30,3143.3,6,3130.77,2313068,138929.0,218072.0,3163.0,3163.0,3108.0,3134.3,32007200,3447.7,2820.9,3839.9,2896.0,3143.3,12,3,3143.2,17,1,3143.1,22,2,3143.0,18,2,3142.9,10,1,3143.7,3,1,3143.9,200,1,3144.0,210,2,3144.1,81,1,3144.2,489,3
2031,2026-06-16 13:05:16+05:30,3143.3,6,3130.77,2313068,138929.0,218072.0,3163.0,3163.0,3108.0,3134.3,32007200,3447.7,2820.9,3839.9,2896.0,3143.3,12,3,3143.2,17,1,3143.1,22,2,3143.0,18,2,3142.9,10,1,3143.7,3,1,3143.9,200,1,3144.0,210,2,3144.1,81,1,3144.2,489,3
2031,2026-06-16 13:05:16+05:30,3143.3,6,3130.77,2313068,138929.0,218072.0,3163.0,3163.0,3108.0,3134.3,32007200,3447.7,2820.9,3839.9,2896.0,3143.3,12,3,3143.2,17,1,3143.1,22,2,3143.0,18,2,3142.9,10,1,3143.7,3,1,3143.9,200,1,3144.0,210,2,3144.1,81,1,3144.2,489,3
2031,2026-06-16 13:05:17+05:30,3143.3,6,3130.77,2313076,138533.0,218435.0,3163.0,3163.0,3108.0,3134.3,32007200,3447.7,2820.9,3839.9,2896.0,3143.3,6,3,3143.2,17,1,3142.8,7,1,3142.7,45,5,3142.6,14,1,3143.7,5,2,3143.9,200,1,3144.0,210,2,3144.1,81,1,3144.2,489,3
2031,2026-06-16 13:05:18+05:30,3143.9,19,3130.77,2313100,138861.0,217945.0,3163.0,3163.0,3108.0,3134.3,32007200,3447.7,2820.9,3839.9,2896.0,3143.3,23,4,3143.1,15,1,3142.9,10,1,3142.8,17,2,3142.7,71,5,3143.9,181,1,3144.0,210,2,3144.1,81,1,3144.2,489,3,3144.3,14,1
2031,2026-06-16 13:05:18+05:30,3143.9,19,3130.77,2313100,138861.0,217945.0,3163.0,3163.0,3108.0,3134.3,32007200,3447.7,2820.9,3839.9,2896.0,3143.3,23,4,3143.1,15,1,3142.9,10,1,3142.8,17,2,3142.7,71,5,3143.9,181,1,3144.0,210,2,3144.1,81,1,3144.2,489,3,3144.3,14,1
2031,2026-06-16 13:05:18+05:30,3143.3,1,3130.77,2313100,138861.0,217945.0,3163.0,3163.0,3108.0,3134.3,32007200,3447.7,2820.9,3839.9,2896.0,3143.3,23,4,3143.1,15,1,3142.9,10,1,3142.8,17,2,3142.7,71,5,3143.9,181,1,3144.0,210,2,3144.1,81,1,3144.2,489,3,3144.3,14,1
2031,2026-06-16 13:05:19+05:30,3143.3,1,3130.77,2313101,138908.0,218079.0,3163.0,3163.0,3108.0,3134.3,32007200,3447.7,2820.9,3839.9,2896.0,3143.3,5,3,3143.0,18,1,3142.8,17,2,3142.7,71,5,3142.6,1,1,3143.9,188,2,3144.0,210,2,3144.1,81,1,3144.2,489,3,3144.3,50,2
2031,2026-06-16 13:05:19+05:30,3143.3,1,3130.77,2313101,138908.0,218079.0,3163.0,3163.0,3108.0,3134.3,32007200,3447.7,2820.9,3839.9,2896.0,3143.3,5,3,3143.0,18,1,3142.8,17,2,3142.7,71,5,3142.6,1,1,3143.9,188,2,3144.0,210,2,3144.1,81,1,3144.2,489,3,3144.3,50,2
2031,2026-06-16 13:05:20+05:30,3143.3,1,3130.77,2313101,138907.0,218108.0,3163.0,3163.0,3108.0,3134.3,32007200,3447.7,2820.9,3839.9,2896.0,3143.3,23,4,3142.8,17,2,3142.7,71,5,3142.6,1,1,3142.5,178,8,3143.8,14,1,3143.9,188,2,3144.0,210,2,3144.1,81,1,3144.2,489,3
2031,2026-06-16 13:05:20+05:30,3143.3,1,3130.77,2313101,138907.0,218108.0,3163.0,3163.0,3108.0,3134.3,32007200,3447.7,2820.9,3839.9,2896.0,3143.3,23,4,3142.8,17,2,3142.7,71,5,3142.6,1,1,3142.5,178,8,3143.8,14,1,3143.9,188,2,3144.0,210,2,3144.1,81,1,3144.2,489,3
2031,2026-06-16 13:05:20+05:30,3143.7,1,3130.77,2313101,138907.0,218108.0,3163.0,3163.0,3108.0,3134.3,32007200,3447.7,2820.9,3839.9,2896.0,3143.3,23,4,3142.8,17,2,3142.7,71,5,3142.6,1,1,3142.5,178,8,3143.8,14,1,3143.9,188,2,3144.0,210,2,3144.1,81,1,3144.2,489,3
2031,2026-06-16 13:05:21+05:30,3143.7,1,3130.77,2313102,138852.0,218217.0,3163.0,3163.0,3108.0,3134.3,32007200,3447.7,2820.9,3839.9,2896.0,3143.5,2,2,3143.3,3,1,3143.0,15,1,3142.8,17,2,3142.7,17,3,3143.7,14,1,3143.8,14,1,3143.9,188,2,3144.0,281,4,3144.1,81,1
2031,2026-06-16 13:05:21+05:30,3143.7,1,3130.77,2313102,138852.0,218217.0,3163.0,3163.0,3108.0,3134.3,32007200,3447.7,2820.9,3839.9,2896.0,3143.5,2,2,3143.3,3,1,3143.0,15,1,3142.8,17,2,3142.7,17,3,3143.7,14,1,3143.8,14,1,3143.9,188,2,3144.0,281,4,3144.1,81,1
2031,2026-06-16 13:05:22+05:30,3143.7,1,3130.77,2313102,138978.0,218246.0,3163.0,3163.0,3108.0,3134.3,32007200,3447.7,2820.9,3839.9,2896.0,3143.6,17,1,3143.5,2,2,3143.3,3,1,3143.0,15,1,3142.8,17,2,3143.7,21,2,3143.8,14,1,3143.9,181,1,3144.0,245,3,3144.1,81,1
2031,2026-06-16 13:05:22+05:30,3143.7,1,3130.77,2313102,138978.0,218246.0,3163.0,3163.0,3108.0,3134.3,32007200,3447.7,2820.9,3839.9,2896.0,3143.6,17,1,3143.5,2,2,3143.3,3,1,3143.0,15,1,3142.8,17,2,3143.7,21,2,3143.8,14,1,3143.9,181,1,3144.0,245,3,3144.1,81,1
2031,2026-06-16 13:05:22+05:30,3143.7,14,3130.77,2313102,138978.0,218246.0,3163.0,3163.0,3108.0,3134.3,32007200,3447.7,2820.9,3839.9,2896.0,3143.6,17,1,3143.5,2,2,3143.3,3,1,3143.0,15,1,3142.8,17,2,3143.7,21,2,3143.8,14,1,3143.9,181,1,3144.0,245,3,3144.1,81,1
2031,2026-06-16 13:05:23+05:30,3143.7,2,3130.77,2313182,138824.0,218376.0,3163.0,3163.0,3108.0,3134.3,32007200,3447.7,2820.9,3839.9,2896.0,3143.7,17,2,3143.5,2,2,3143.3,3,1,3142.9,10,1,3142.8,7,1,3143.8,71,4,3143.9,209,3,3144.0,281,4,3144.1,81,1,3144.2,635,6
2031,2026-06-16 13:05:23+05:30,3143.7,2,3130.77,2313182,138824.0,218376.0,3163.0,3163.0,3108.0,3134.3,32007200,3447.7,2820.9,3839.9,2896.0,3143.7,17,2,3143.5,2,2,3143.3,3,1,3142.9,10,1,3142.8,7,1,3143.8,71,4,3143.9,209,3,3144.0,281,4,3144.1,81,1,3144.2,635,6
2031,2026-06-16 13:05:23+05:30,3143.7,3,3130.77,2313182,138824.0,218376.0,3163.0,3163.0,3108.0,3134.3,32007200,3447.7,2820.9,3839.9,2896.0,3143.7,17,2,3143.5,2,2,3143.3,3,1,3142.9,10,1,3142.8,7,1,3143.8,71,4,3143.9,209,3,3144.0,281,4,3144.1,81,1,3144.2,635,6
2031,2026-06-16 13:05:24+05:30,3143.7,1,3130.77,2313200,138734.0,218366.0,3163.0,3163.0,3108.0,3134.3,32007200,3447.7,2820.9,3839.9,2896.0,3143.7,18,2,3143.5,2,2,3143.3,20,2,3142.9,10,1,3142.8,7,1,3143.8,71,4,3143.9,209,3,3144.0,281,4,3144.1,81,1,3144.2,635,6
2031,2026-06-16 13:05:24+05:30,3143.7,1,3130.77,2313200,138734.0,218366.0,3163.0,3163.0,3108.0,3134.3,32007200,3447.7,2820.9,3839.9,2896.0,3143.7,18,2,3143.5,2,2,3143.3,20,2,3142.9,10,1,3142.8,7,1,3143.8,71,4,3143.9,209,3,3144.0,281,4,3144.1,81,1,3144.2,635,6
2031,2026-06-16 13:05:24+05:30,3143.8,1,3130.77,2313200,138734.0,218366.0,3163.0,3163.0,3108.0,3134.3,32007200,3447.7,2820.9,3839.9,2896.0,3143.7,18,2,3143.5,2,2,3143.3,20,2,3142.9,10,1,3142.8,7,1,3143.8,71,4,3143.9,209,3,3144.0,281,4,3144.1,81,1,3144.2,635,6
2031,2026-06-16 13:05:24+05:30,3143.8,1,3130.77,2313200,138734.0,218366.0,3163.0,3163.0,3108.0,3134.3,32007200,3447.7,2820.9,3839.9,2896.0,3143.7,18,2,3143.5,2,2,3143.3,20,2,3142.9,10,1,3142.8,7,1,3143.8,71,4,3143.9,209,3,3144.0,281,4,3144.1,81,1,3144.2,635,6
2031,2026-06-16 13:05:25+05:30,3143.7,3,3130.77,2313344,137792.0,217276.0,3163.0,3163.0,3108.0,3134.3,32007200,3447.7,2820.9,3839.9,2896.0,3143.5,2,2,3143.3,18,2,3143.1,14,2,3143.0,12,2,3142.9,35,3,3143.7,79,1,3144.0,45,2,3144.2,175,3,3144.4,64,1,3144.5,37,2
2031,2026-06-16 13:05:25+05:30,3143.3,162,3130.77,2313344,137792.0,217276.0,3163.0,3163.0,3108.0,3134.3,32007200,3447.7,2820.9,3839.9,2896.0,3143.5,2,2,3143.3,18,2,3143.1,14,2,3143.0,12,2,3142.9,35,3,3143.7,79,1,3144.0,45,2,3144.2,175,3,3144.4,64,1,3144.5,37,2
2031,2026-06-16 13:05:25+05:30,3143.3,162,3130.77,2313344,137792.0,217276.0,3163.0,3163.0,3108.0,3134.3,32007200,3447.7,2820.9,3839.9,2896.0,3143.5,2,2,3143.3,18,2,3143.1,14,2,3143.0,12,2,3142.9,35,3,3143.7,79,1,3144.0,45,2,3144.2,175,3,3144.4,64,1,3144.5,37,2
2031,2026-06-16 13:05:26+05:30,3143.3,1,3130.77,2313515,136834.0,217373.0,3163.0,3163.0,3108.0,3134.3,32007200,3447.7,2820.9,3839.9,2896.0,3142.9,10,1,3142.5,119,5,3142.4,51,3,3142.3,165,5,3142.2,41,4,3143.3,37,1,3143.5,2,2,3143.7,79,1,3144.0,66,3,3144.1,11,1
2031,2026-06-16 13:05:26+05:30,3143.3,1,3130.77,2313515,136834.0,217373.0,3163.0,3163.0,3108.0,3134.3,32007200,3447.7,2820.9,3839.9,2896.0,3142.9,10,1,3142.5,119,5,3142.4,51,3,3142.3,165,5,3142.2,41,4,3143.3,37,1,3143.5,2,2,3143.7,79,1,3144.0,66,3,3144.1,11,1
2031,2026-06-16 13:05:26+05:30,3143.3,1,3130.77,2313515,136834.0,217373.0,3163.0,3163.0,3108.0,3134.3,32007200,3447.7,2820.9,3839.9,2896.0,3142.9,10,1,3142.5,119,5,3142.4,51,3,3142.3,165,5,3142.2,41,4,3143.3,37,1,3143.5,2,2,3143.7,79,1,3144.0,66,3,3144.1,11,1
2031,2026-06-16 13:05:27+05:30,3143.3,1,3130.77,2313537,136816.0,217919.0,3163.0,3163.0,3108.0,3134.3,32007200,3447.7,2820.9,3839.9,2896.0,3143.0,1,1,3142.9,4,1,3142.6,9,1,3142.5,104,4,3142.4,44,4,3143.3,47,2,3143.5,2,2,3143.7,79,1,3143.9,34,1,3144.0,32,2
2031,2026-06-16 13:05:27+05:30,3143.3,1,3130.77,2313537,136816.0,217919.0,3163.0,3163.0,3108.0,3134.3,32007200,3447.7,2820.9,3839.9,2896.0,3143.0,1,1,3142.9,4,1,3142.6,9,1,3142.5,104,4,3142.4,44,4,3143.3,47,2,3143.5,2,2,3143.7,79,1,3143.9,34,1,3144.0,32,2
2031,2026-06-16 13:05:27+05:30,3143.0,1,3130.77,2313537,136816.0,217919.0,3163.0,3163.0,3108.0,3134.3,32007200,3447.7,2820.9,3839.9,2896.0,3143.0,1,1,3142.9,4,1,3142.6,9,1,3142.5,104,4,3142.4,44,4,3143.3,47,2,3143.5,2,2,3143.7,79,1,3143.9,34,1,3144.0,32,2
2031,2026-06-16 13:05:28+05:30,3143.0,1,3130.77,2313539,136839.0,217400.0,3163.0,3163.0,3108.0,3134.3,32007200,3447.7,2820.9,3839.9,2896.0,3142.9,4,1,3142.6,29,3,3142.5,104,4,3142.4,51,3,3142.3,160,4,3143.0,1,1,3143.3,47,2,3143.5,1,1,3143.7,79,1,3144.0,32,2
2031,2026-06-16 13:05:28+05:30,3143.0,1,3130.77,2313539,136839.0,217400.0,3163.0,3163.0,3108.0,3134.3,32013200,3447.7,2820.9,3839.9,2896.0,3142.9,4,1,3142.6,29,3,3142.5,104,4,3142.4,51,3,3142.3,160,4,3143.0,1,1,3143.3,47,2,3143.5,1,1,3143.7,79,1,3144.0,32,2
2031,2026-06-16 13:05:28+05:30,3142.9,17,3130.77,2313539,136839.0,217400.0,3163.0,3163.0,3108.0,3134.3,32013200,3447.7,2820.9,3839.9,2896.0,3142.9,4,1,3142.6,29,3,3142.5,104,4,3142.4,51,3,3142.3,160,4,3143.0,1,1,3143.3,47,2,3143.5,1,1,3143.7,79,1,3144.0,32,2
2031,2026-06-16 13:05:29+05:30,3142.9,17,3130.77,2313560,136774.0,217762.0,3163.0,3163.0,3108.0,3134.3,32013200,3447.7,2820.9,3839.9,2896.0,3142.6,29,3,3142.5,98,5,3142.4,38,2,3142.3,160,4,3142.2,35,4,3143.0,27,2,3143.5,1,1,3143.7,79,1,3143.8,21,1,3144.0,32,2
2031,2026-06-16 13:05:29+05:30,3143.0,2,3130.77,2313560,136774.0,217762.0,3163.0,3163.0,3108.0,3134.3,32013200,3447.7,2820.9,3839.9,2896.0,3142.6,29,3,3142.5,98,5,3142.4,38,2,3142.3,160,4,3142.2,35,4,3143.0,27,2,3143.5,1,1,3143.7,79,1,3143.8,21,1,3144.0,32,2
2031,2026-06-16 13:05:30+05:30,3143.0,1,3130.77,2313590,137340.0,217117.0,3163.0,3163.0,3108.0,3134.3,32013200,3447.7,2820.9,3839.9,2896.0,3142.8,68,7,3142.7,34,4,3142.6,93,6,3142.5,353,10,3142.4,33,3,3143.5,1,1,3143.7,79,1,3144.0,10,1,3144.2,109,2,3144.3,13,1
2031,2026-06-16 13:05:30+05:30,3143.0,34,3130.77,2313590,137340.0,217117.0,3163.0,3163.0,3108.0,3134.3,32013200,3447.7,2820.9,3839.9,2896.0,3142.8,68,7,3142.7,34,4,3142.6,93,6,3142.5,353,10,3142.4,33,3,3143.5,1,1,3143.7,79,1,3144.0,10,1,3144.2,109,2,3144.3,13,1
2031,2026-06-16 13:05:31+05:30,3143.5,1,3130.77,2313626,138380.0,217996.0,3163.0,3163.0,3108.0,3134.3,32013200,3447.7,2820.9,3839.9,2896.0,3143.6,1,1,3143.2,27,4,3143.1,17,2,3143.0,18,4,3142.9,6,1,3143.7,79,1,3144.0,10,1,3144.2,89,1,3144.4,60,1,3144.5,70,1
2031,2026-06-16 13:05:31+05:30,3144.2,1,3130.77,2313626,138380.0,217996.0,3163.0,3163.0,3108.0,3134.3,32013200,3447.7,2820.9,3839.9,2896.0,3143.6,1,1,3143.2,27,4,3143.1,17,2,3143.0,18,4,3142.9,6,1,3143.7,79,1,3144.0,10,1,3144.2,89,1,3144.4,60,1,3144.5,70,1
2031,2026-06-16 13:05:32+05:30,3144.2,1,3130.77,2313728,138653.0,217462.0,3163.0,3163.0,3108.0,3134.3,32013200,3447.7,2820.9,3839.9,2896.0,3143.6,43,4,3143.5,6,2,3143.3,42,4,3143.2,66,7,3143.1,36,5,3143.7,14,1,3144.2,77,1,3144.5,70,1,3144.7,60,1,3144.8,30,2
2031,2026-06-16 13:05:32+05:30,3143.6,2,3130.77,2313728,138653.0,217462.0,3163.0,3163.0,3108.0,3134.3,32013200,3447.7,2820.9,3839.9,2896.0,3143.6,43,4,3143.5,6,2,3143.3,42,4,3143.2,66,7,3143.1,36,5,3143.7,14,1,3144.2,77,1,3144.5,70,1,3144.7,60,1,3144.8,30,2
2031,2026-06-16 13:05:33+05:30,3143.6,2,3130.77,2313732,138603.0,217429.0,3163.0,3163.0,3108.0,3134.3,32013200,3447.7,2820.9,3839.9,2896.0,3143.6,42,5,3143.5,6,2,3143.3,74,5,3143.2,66,7,3143.1,90,6,3143.7,14,1,3144.2,77,1,3144.5,70,1,3144.8,44,3,3144.9,327,4
2031,2026-06-16 13:05:33+05:30,3143.7,9,3130.77,2313732,138603.0,217429.0,3163.0,3163.0,3108.0,3134.3,32013200,3447.7,2820.9,3839.9,2896.0,3143.6,42,5,3143.5,6,2,3143.3,74,5,3143.2,66,7,3143.1,90,6,3143.7,14,1,3144.2,77,1,3144.5,70,1,3144.8,44,3,3144.9,327,4
2031,2026-06-16 13:05:34+05:30,3143.7,9,3130.77,2313741,138642.0,217601.0,3163.0,3163.0,3108.0,3134.3,32013200,3447.7,2820.9,3839.9,2896.0,3143.6,48,4,3143.5,6,1,3143.4,15,1,3143.3,78,5,3143.2,53,6,3144.0,300,1,3144.2,77,1,3144.5,70,1,3144.8,31,2,3144.9,327,4
2031,2026-06-16 13:05:34+05:30,3144.0,10,3130.77,2313741,138642.0,217601.0,3163.0,3163.0,3108.0,3134.3,32013200,3447.7,2820.9,3839.9,2896.0,3143.6,48,4,3143.5,6,1,3143.4,15,1,3143.3,78,5,3143.2,53,6,3144.0,300,1,3144.2,77,1,3144.5,70,1,3144.8,31,2,3144.9,327,4
2031,2026-06-16 13:05:35+05:30,3144.0,10,3130.77,2313752,138646.0,217465.0,3163.0,3163.0,3108.0,3134.3,32013200,3447.7,2820.9,3839.9,2896.0,3143.7,34,3,3143.6,28,4,3143.5,6,1,3143.4,15,1,3143.3,46,4,3144.0,291,2,3144.2,77,1,3144.5,70,1,3144.8,20,1,3144.9,206,3
2031,2026-06-16 13:05:36+05:30,3143.9,2,3130.77,2313754,138629.0,217342.0,3163.0,3163.0,3108.0,3134.3,32013200,3447.7,2820.9,3839.9,2896.0,3143.9,33,2,3143.8,2,2,3143.7,1,1,3143.6,23,3,3143.5,15,1,3144.0,291,2,3144.2,77,1,3144.5,70,1,3144.8,20,1,3144.9,206,3
2031,2026-06-16 13:05:36+05:30,3144.0,1,3130.77,2313754,138629.0,217342.0,3163.0,3163.0,3108.0,3134.3,32013200,3447.7,2820.9,3839.9,2896.0,3143.9,33,2,3143.8,2,2,3143.7,1,1,3143.6,23,3,3143.5,15,1,3144.0,291,2,3144.2,77,1,3144.5,70,1,3144.8,20,1,3144.9,206,3
2031,2026-06-16 13:05:37+05:30,3144.0,1,3130.77,2313927,138753.0,217294.0,3163.0,3163.0,3108.0,3134.3,32013200,3447.7,2820.9,3839.9,2896.0,3143.9,35,3,3143.8,2,2,3143.7,2,2,3143.6,23,3,3143.4,15,1,3144.0,160,3,3144.2,77,1,3144.5,70,1,3144.8,31,2,3144.9,239,4
2031,2026-06-16 13:05:37+05:30,3144.0,1,3130.77,2313927,138753.0,217294.0,3163.0,3163.0,3108.0,3134.3,32013200,3447.7,2820.9,3839.9,2896.0,3143.9,35,3,3143.8,2,2,3143.7,2,2,3143.6,23,3,3143.4,15,1,3144.0,160,3,3144.2,77,1,3144.5,70,1,3144.8,31,2,3144.9,239,4
2031,2026-06-16 13:05:38+05:30,3144.0,1,3130.77,2313935,138765.0,217501.0,3163.0,3163.0,3108.0,3134.3,32013200,3447.7,2820.9,3839.9,2896.0,3143.9,78,4,3143.8,17,3,3143.7,18,3,3143.6,38,4,3143.5,6,1,3144.0,159,3,3144.2,77,1,3144.5,70,1,3144.8,31,2,3144.9,85,2
2031,2026-06-16 13:05:39+05:30,3144.0,1,3130.77,2313935,138788.0,217529.0,3163.0,3163.0,3108.0,3134.3,32013200,3447.7,2820.9,3839.9,2896.0,3143.9,97,6,3143.8,2,2,3143.7,2,2,3143.6,28,4,3143.3,120,7,3144.0,163,5,3144.2,77,1,3144.5,70,1,3144.8,31,2,3144.9,85,2
2031,2026-06-16 13:05:39+05:30,3144.0,2,3130.77,2313935,138788.0,217529.0,3163.0,3163.0,3108.0,3134.3,32013200,3447.7,2820.9,3839.9,2896.0,3143.9,97,6,3143.8,2,2,3143.7,2,2,3143.6,28,4,3143.3,120,7,3144.0,163,5,3144.2,77,1,3144.5,70,1,3144.8,31,2,3144.9,85,2
2031,2026-06-16 13:05:40+05:30,3143.9,1,3130.77,2314138,138248.0,217346.0,3163.0,3163.0,3108.0,3134.3,32013200,3447.7,2820.9,3839.9,2896.0,3143.9,43,4,3143.8,2,2,3143.6,2,1,3143.4,14,1,3143.3,33,4,3144.0,161,5,3144.2,77,1,3144.5,70,1,3144.6,60,1,3144.8,65,4
2031,2026-06-16 13:05:40+05:30,3144.0,8,3130.77,2314138,138248.0,217346.0,3163.0,3163.0,3108.0,3134.3,32013200,3447.7,2820.9,3839.9,2896.0,3143.9,43,4,3143.8,2,2,3143.6,2,1,3143.4,14,1,3143.3,33,4,3144.0,161,5,3144.2,77,1,3144.5,70,1,3144.6,60,1,3144.8,65,4
2031,2026-06-16 13:05:41+05:30,3144.0,8,3130.78,2314154,138353.0,217097.0,3163.0,3163.0,3108.0,3134.3,32013200,3447.7,2820.9,3839.9,2896.0,3143.9,57,6,3143.6,2,1,3143.4,14,1,3143.3,33,4,3143.2,25,2,3144.0,179,6,3144.2,77,1,3144.5,70,1,3144.6,60,1,3144.8,66,4
2031,2026-06-16 13:05:41+05:30,3144.0,1,3130.78,2314154,138353.0,217097.0,3163.0,3163.0,3108.0,3134.3,32013200,3447.7,2820.9,3839.9,2896.0,3143.9,57,6,3143.6,2,1,3143.4,14,1,3143.3,33,4,3143.2,25,2,3144.0,179,6,3144.2,77,1,3144.5,70,1,3144.6,60,1,3144.8,66,4
2031,2026-06-16 13:05:42+05:30,3144.0,4,3130.78,2314169,138444.0,217068.0,3163.0,3163.0,3108.0,3134.3,32013200,3447.7,2820.9,3839.9,2896.0,3143.9,56,6,3143.3,33,4,3143.2,25,2,3143.1,20,3,3143.0,93,6,3144.0,165,6,3144.2,77,1,3144.5,70,1,3144.6,60,1,3144.8,54,3
2031,2026-06-16 13:05:42+05:30,3144.0,1,3130.78,2314169,138444.0,217068.0,3163.0,3163.0,3108.0,3134.3,32013200,3447.7,2820.9,3839.9,2896.0,3143.9,56,6,3143.3,33,4,3143.2,25,2,3143.1,20,3,3143.0,93,6,3144.0,165,6,3144.2,77,1,3144.5,70,1,3144.6,60,1,3144.8,54,3
2031,2026-06-16 13:05:43+05:30,3144.0,5,3130.78,2314314,138612.0,216785.0,3163.0,3163.0,3108.0,3134.3,32013200,3447.7,2820.9,3839.9,2896.0,3143.9,56,6,3143.3,91,5,3143.2,25,2,3143.1,20,3,3143.0,98,7,3144.0,25,3,3144.2,77,1,3144.5,70,1,3144.8,66,4,3144.9,335,4
2031,2026-06-16 13:05:43+05:30,3143.9,6,3130.78,2314314,138612.0,216785.0,3163.0,3163.0,3108.0,3134.3,32013200,3447.7,2820.9,3839.9,2896.0,3143.9,56,6,3143.3,91,5,3143.2,25,2,3143.1,20,3,3143.0,98,7,3144.0,25,3,3144.2,77,1,3144.5,70,1,3144.8,66,4,3144.9,335,4
2031,2026-06-16 13:05:44+05:30,3144.0,1,3130.78,2314321,138608.0,216876.0,3163.0,3163.0,3108.0,3134.3,32013200,3447.7,2820.9,3839.9,2896.0,3143.9,50,6,3143.3,33,4,3143.2,25,2,3143.1,20,3,3143.0,98,7,3144.0,21,2,3144.2,77,1,3144.5,102,2,3144.8,66,4,3144.9,335,4
2031,2026-06-16 13:05:44+05:30,3144.0,1,3130.78,2314321,138608.0,216876.0,3163.0,3163.0,3108.0,3134.3,32013200,3447.7,2820.9,3839.9,2896.0,3143.9,50,6,3143.3,33,4,3143.2,25,2,3143.1,20,3,3143.0,98,7,3144.0,21,2,3144.2,77,1,3144.5,102,2,3144.8,66,4,3144.9,335,4
2031,2026-06-16 13:05:45+05:30,3144.0,1,3130.78,2314321,138608.0,216734.0,3163.0,3163.0,3108.0,3134.3,32013200,3447.7,2820.9,3839.9,2896.0,3143.9,50,6,3143.3,33,4,3143.2,25,2,3143.1,20,3,3143.0,93,6,3144.0,21,2,3144.2,77,1,3144.4,35,1,3144.5,102,2,3144.6,50,1
2031,2026-06-16 13:05:45+05:30,3143.9,2,3130.78,2314321,138608.0,216734.0,3163.0,3163.0,3108.0,3134.3,32013200,3447.7,2820.9,3839.9,2896.0,3143.9,50,6,3143.3,33,4,3143.2,25,2,3143.1,20,3,3143.0,93,6,3144.0,21,2,3144.2,77,1,3144.4,35,1,3144.5,102,2,3144.6,50,1
2031,2026-06-16 13:05:46+05:30,3143.9,3,3130.78,2314438,137011.0,217047.0,3163.0,3163.0,3108.0,3134.3,32013200,3447.7,2820.9,3839.9,2896.0,3143.1,20,3,3143.0,92,5,3142.9,20,2,3142.8,93,5,3142.7,34,3,3143.8,90,1,3144.0,90,4,3144.2,77,1,3144.4,22,1,3144.5,130,2
2031,2026-06-16 13:05:46+05:30,3143.1,5,3130.78,2314438,137011.0,217047.0,3163.0,3163.0,3108.0,3134.3,32013200,3447.7,2820.9,3839.9,2896.0,3143.1,20,3,3143.0,92,5,3142.9,20,2,3142.8,93,5,3142.7,34,3,3143.8,90,1,3144.0,90,4,3144.2,77,1,3144.4,22,1,3144.5,130,2
2031,2026-06-16 13:05:47+05:30,3143.8,1,3130.78,2314444,136632.0,217190.0,3163.0,3163.0,3108.0,3134.3,32013200,3447.7,2820.9,3839.9,2896.0,3143.0,3,2,3142.7,29,2,3142.6,23,2,3142.5,92,3,3142.4,34,4,3143.8,103,2,3143.9,32,1,3144.0,76,3,3144.1,5,1,3144.2,233,4
2031,2026-06-16 13:05:47+05:30,3143.8,1,3130.78,2314444,136632.0,217190.0,3163.0,3163.0,3108.0,3134.3,32013200,3447.7,2820.9,3839.9,2896.0,3143.0,3,2,3142.7,29,2,3142.6,23,2,3142.5,92,3,3142.4,34,4,3143.8,103,2,3143.9,32,1,3144.0,76,3,3144.1,5,1,3144.2,233,4
2031,2026-06-16 13:05:48+05:30,3143.8,50,3130.78,2314494,136657.0,217125.0,3163.0,3163.0,3108.0,3134.3,32013200,3447.7,2820.9,3839.9,2896.0,3143.0,24,4,3142.9,10,1,3142.8,14,1,3142.7,13,1,3142.6,65,5,3143.8,53,2,3144.0,76,3,3144.2,77,1,3144.4,68,4,3144.5,194,3
2031,2026-06-16 13:05:48+05:30,3143.0,1,3130.78,2314494,136657.0,217125.0,3163.0,3163.0,3108.0,3134.3,32013200,3447.7,2820.9,3839.9,2896.0,3143.0,24,4,3142.9,10,1,3142.8,14,1,3142.7,13,1,3142.6,65,5,3143.8,53,2,3144.0,76,3,3144.2,77,1,3144.4,68,4,3144.5,194,3
2031,2026-06-16 13:05:49+05:30,3143.8,1,3130.78,2314497,136807.0,217138.0,3163.0,3163.0,3108.0,3134.3,32013200,3447.7,2820.9,3839.9,2896.0,3143.0,23,4,3142.9,10,1,3142.8,55,4,3142.7,18,2,3142.6,100,6,3143.8,52,2,3144.0,76,3,3144.2,77,1,3144.3,5,1,3144.4,66,3
2031,2026-06-16 13:05:49+05:30,3143.8,1,3130.78,2314497,136807.0,217138.0,3163.0,3163.0,3108.0,3134.3,32013200,3447.7,2820.9,3839.9,2896.0,3143.0,23,4,3142.9,10,1,3142.8,55,4,3142.7,18,2,3142.6,100,6,3143.8,52,2,3144.0,76,3,3144.2,77,1,3144.3,5,1,3144.4,66,3
2031,2026-06-16 13:05:50+05:30,3143.8,1,3130.78,2314497,136840.0,217154.0,3163.0,3163.0,3108.0,3134.3,32013200,3447.7,2820.9,3839.9,2896.0,3143.0,23,4,3142.9,10,1,3142.8,43,3,3142.6,105,7,3142.5,133,6,3143.8,52,2,3144.0,76,3,3144.2,77,1,3144.3,5,1,3144.4,66,3
2031,2026-06-16 13:05:50+05:30,3143.8,1,3130.78,2314497,136840.0,217154.0,3163.0,3163.0,3108.0,3134.3,32013200,3447.7,2820.9,3839.9,2896.0,3143.0,23,4,3142.9,10,1,3142.8,43,3,3142.6,105,7,3142.5,133,6,3143.8,52,2,3144.0,76,3,3144.2,77,1,3144.3,5,1,3144.4,66,3
2031,2026-06-16 13:05:51+05:30,3143.8,1,3130.78,2314498,136852.0,217184.0,3163.0,3163.0,3108.0,3134.3,32013200,3447.7,2820.9,3839.9,2896.0,3143.0,23,4,3142.9,10,1,3142.8,43,3,3142.6,105,7,3142.5,133,6,3143.8,51,2,3144.0,76,3,3144.2,77,1,3144.3,5,1,3144.4,66,3
2031,2026-06-16 13:05:51+05:30,3143.8,12,3130.78,2314498,136852.0,217184.0,3163.0,3163.0,3108.0,3134.3,32013200,3447.7,2820.9,3839.9,2896.0,3143.0,23,4,3142.9,10,1,3142.8,43,3,3142.6,105,7,3142.5,133,6,3143.8,51,2,3144.0,76,3,3144.2,77,1,3144.3,5,1,3144.4,66,3
2031,2026-06-16 13:05:52+05:30,3143.8,1,3130.78,2314511,136995.0,217069.0,3163.0,3163.0,3108.0,3134.3,32013200,3447.7,2820.9,3839.9,2896.0,3143.0,23,4,3142.9,10,1,3142.8,42,2,3142.6,80,6,3142.5,156,8,3143.8,38,2,3144.0,76,3,3144.2,77,1,3144.3,5,1,3144.4,66,3
2031,2026-06-16 13:05:52+05:30,3143.8,1,3130.78,2314511,136995.0,217069.0,3163.0,3163.0,3108.0,3134.3,32013200,3447.7,2820.9,3839.9,2896.0,3143.0,23,4,3142.9,10,1,3142.8,42,2,3142.6,80,6,3142.5,156,8,3143.8,38,2,3144.0,76,3,3144.2,77,1,3144.3,5,1,3144.4,66,3
2031,2026-06-16 13:05:53+05:30,3143.0,9,3130.78,2314521,136761.0,216917.0,3163.0,3163.0,3108.0,3134.3,32013200,3447.7,2820.9,3839.9,2896.0,3143.0,15,4,3142.9,10,1,3142.8,14,1,3142.6,75,5,3142.5,99,5,3143.8,38,2,3144.0,76,3,3144.2,137,2,3144.3,5,1,3144.4,66,3
2031,2026-06-16 13:05:53+05:30,3143.0,1,3130.78,2314521,136761.0,216917.0,3163.0,3163.0,3108.0,3134.3,32013200,3447.7,2820.9,3839.9,2896.0,3143.0,15,4,3142.9,10,1,3142.8,14,1,3142.6,75,5,3142.5,99,5,3143.8,38,2,3144.0,76,3,3144.2,137,2,3144.3,5,1,3144.4,66,3
2031,2026-06-16 13:05:54+05:30,3143.0,1,3130.78,2314522,136766.0,217340.0,3163.0,3163.0,3108.0,3134.3,32013200,3447.7,2820.9,3839.9,2896.0,3143.0,15,5,3142.9,10,1,3142.8,14,1,3142.6,75,5,3142.5,99,5,3143.8,38,2,3144.0,76,3,3144.2,137,2,3144.3,5,1,3144.4,66,3
2031,2026-06-16 13:05:55+05:30,3143.0,1,3130.78,2314522,136736.0,217392.0,3163.0,3163.0,3108.0,3134.3,32013200,3447.7,2820.9,3839.9,2896.0,3143.3,16,1,3143.0,10,5,3142.8,14,1,3142.7,3,1,3142.6,26,3,3143.8,50,3,3144.0,76,3,3144.2,175,3,3144.3,5,1,3144.4,65,3
2031,2026-06-16 13:05:56+05:30,3143.0,1,3130.78,2314522,136767.0,217324.0,3163.0,3163.0,3108.0,3134.3,32013200,3447.7,2820.9,3839.9,2896.0,3143.3,16,1,3143.0,10,5,3142.8,14,1,3142.7,3,1,3142.6,26,3,3143.8,50,3,3144.0,76,3,3144.2,175,3,3144.3,5,1,3144.4,54,2
2031,2026-06-16 13:05:57+05:30,3143.8,1,3130.78,2314523,136797.0,217326.0,3163.0,3163.0,3108.0,3134.3,32013200,3447.7,2820.9,3839.9,2896.0,3143.3,16,1,3143.0,10,5,3142.8,14,1,3142.7,3,1,3142.6,26,3,3143.8,82,4,3144.0,76,3,3144.2,175,3,3144.3,5,1,3144.4,22,1
2031,2026-06-16 13:05:57+05:30,3143.8,1,3130.78,2314523,136797.0,217326.0,3163.0,3163.0,3108.0,3134.3,32013200,3447.7,2820.9,3839.9,2896.0,3143.3,16,1,3143.0,10,5,3142.8,14,1,3142.7,3,1,3142.6,26,3,3143.8,82,4,3144.0,76,3,3144.2,175,3,3144.3,5,1,3144.4,22,1
2031,2026-06-16 13:05:58+05:30,3143.8,1,3130.78,2314524,136845.0,217161.0,3163.0,3163.0,3108.0,3134.3,32013200,3447.7,2820.9,3839.9,2896.0,3143.6,18,1,3143.0,10,5,3142.9,14,1,3142.7,31,2,3142.6,26,3,3143.8,94,5,3144.0,76,3,3144.2,137,2,3144.3,5,1,3144.4,22,1
2031,2026-06-16 13:05:59+05:30,3143.8,12,3130.78,2314640,137104.0,216420.0,3163.0,3163.0,3108.0,3134.3,32013200,3447.7,2820.9,3839.9,2896.0,3143.8,17,1,3143.1,4,1,3143.0,14,6,3142.9,11,1,3142.8,68,2,3144.0,76,3,3144.2,77,1,3144.5,70,1,3144.6,201,2,3144.7,281,2
2031,2026-06-16 13:05:59+05:30,3144.0,1,3130.78,2314640,137104.0,216420.0,3163.0,3163.0,3108.0,3134.3,32013200,3447.7,2820.9,3839.9,2896.0,3143.8,17,1,3143.1,4,1,3143.0,14,6,3142.9,11,1,3142.8,68,2,3144.0,76,3,3144.2,77,1,3144.5,70,1,3144.6,201,2,3144.7,281,2
2031,2026-06-16 13:06:00+05:30,3144.0,1,3130.78,2314645,137721.0,217579.0,3163.0,3163.0,3108.0,3134.3,32013200,3447.7,2820.9,3839.9,2896.0,3143.3,22,2,3143.1,4,1,3143.0,31,8,3142.9,11,1,3142.8,74,2,3144.0,541,6,3144.2,141,2,3144.3,5,1,3144.4,157,4,3144.5,108,2
2031,2026-06-16 13:06:00+05:30,3143.3,1,3130.78,2314645,137721.0,217579.0,3163.0,3163.0,3108.0,3134.3,32013200,3447.7,2820.9,3839.9,2896.0,3143.3,22,2,3143.1,4,1,3143.0,31,8,3142.9,11,1,3142.8,74,2,3144.0,541,6,3144.2,141,2,3144.3,5,1,3144.4,157,4,3144.5,108,2
2031,2026-06-16 13:06:01+05:30,3142.9,3,3130.78,2315061,136243.0,217627.0,3163.0,3163.0,3108.0,3134.3,32013200,3447.7,2820.9,3839.9,2896.0,3142.7,105,4,3142.6,35,2,3142.5,46,4,3142.4,49,5,3142.3,6,1,3143.9,14,1,3144.0,541,6,3144.2,155,3,3144.3,17,1,3144.4,65,3
2031,2026-06-16 13:06:01+05:30,3142.7,16,3130.78,2315061,136243.0,217627.0,3163.0,3163.0,3108.0,3134.3,32013200,3447.7,2820.9,3839.9,2896.0,3142.7,105,4,3142.6,35,2,3142.5,46,4,3142.4,49,5,3142.3,6,1,3143.9,14,1,3144.0,541,6,3144.2,155,3,3144.3,17,1,3144.4,65,3
2031,2026-06-16 13:06:02+05:30,3142.7,16,3130.78,2315077,136276.0,217932.0,3163.0,3163.0,3108.0,3134.3,32013200,3447.7,2820.9,3839.9,2896.0,3143.3,3,1,3143.0,21,2,3142.7,94,5,3142.6,35,2,3142.5,60,5,3143.9,14,1,3144.0,541,6,3144.2,155,3,3144.4,65,3,3144.5,135,3
2031,2026-06-16 13:06:03+05:30,3144.0,1,3130.78,2315078,137284.0,217766.0,3163.0,3163.0,3108.0,3134.3,32013200,3447.7,2820.9,3839.9,2896.0,3143.3,57,4,3143.2,14,2,3143.1,10,1,3143.0,20,3,3142.9,39,3,3143.9,1,1,3144.0,540,6,3144.2,77,1,3144.4,23,2,3144.5,104,2
2031,2026-06-16 13:06:03+05:30,3143.9,1,3130.78,2315078,137284.0,217766.0,3163.0,3163.0,3108.0,3134.3,32013200,3447.7,2820.9,3839.9,2896.0,3143.3,57,4,3143.2,14,2,3143.1,10,1,3143.0,20,3,3142.9,39,3,3143.9,1,1,3144.0,540,6,3144.2,77,1,3144.4,23,2,3144.5,104,2
2031,2026-06-16 13:06:04+05:30,3143.9,1,3130.78,2315079,137333.0,217875.0,3163.0,3163.0,3108.0,3134.3,32013200,3447.7,2820.9,3839.9,2896.0,3143.3,47,3,3143.2,14,2,3143.1,14,1,3143.0,20,3,3142.9,77,4,3143.9,38,2,3144.0,566,6,3144.2,77,1,3144.4,23,2,3144.5,104,2
2031,2026-06-16 13:06:04+05:30,3144.0,4,3130.78,2315079,137333.0,217875.0,3163.0,3163.0,3108.0,3134.3,32013200,3447.7,2820.9,3839.9,2896.0,3143.3,47,3,3143.2,14,2,3143.1,14,1,3143.0,20,3,3142.9,77,4,3143.9,38,2,3144.0,566,6,3144.2,77,1,3144.4,23,2,3144.5,104,2
2031,2026-06-16 13:06:05+05:30,3143.3,120,3130.78,2315321,136454.0,217946.0,3163.0,3163.0,3108.0,3134.3,32013200,3447.7,2820.9,3839.9,2896.0,3143.1,14,1,3143.0,43,6,3142.9,12,2,3142.8,3,1,3142.7,51,3,3144.0,562,6,3144.2,97,2,3144.4,22,2,3144.5,70,1,3144.6,259,3
2031,2026-06-16 13:06:05+05:30,3143.3,1,3130.78,2315321,136454.0,217946.0,3163.0,3163.0,3108.0,3134.3,32013200,3447.7,2820.9,3839.9,2896.0,3143.1,14,1,3143.0,43,6,3142.9,12,2,3142.8,3,1,3142.7,51,3,3144.0,562,6,3144.2,97,2,3144.4,22,2,3144.5,70,1,3144.6,259,3
2031,2026-06-16 13:06:06+05:30,3143.3,1,3130.78,2315332,136659.0,217857.0,3163.0,3163.0,3108.0,3134.3,32013200,3447.7,2820.9,3839.9,2896.0,3143.3,17,2,3143.0,26,4,3142.9,12,2,3142.8,3,1,3142.7,51,3,3144.0,572,7,3144.2,77,1,3144.4,96,4,3144.5,70,1,3144.6,259,3
2031,2026-06-16 13:06:07+05:30,3143.3,1,3130.78,2315332,136654.0,217867.0,3163.0,3163.0,3108.0,3134.3,32013200,3447.7,2820.9,3839.9,2896.0,3143.3,17,2,3143.0,26,4,3142.9,12,2,3142.8,3,1,3142.7,51,3,3144.0,572,7,3144.2,77,1,3144.4,96,4,3144.5,101,2,3144.6,259,3
2031,2026-06-16 13:06:07+05:30,3144.0,20,3130.78,2315332,136654.0,217867.0,3163.0,3163.0,3108.0,3134.3,32013200,3447.7,2820.9,3839.9,2896.0,3143.3,17,2,3143.0,26,4,3142.9,12,2,3142.8,3,1,3142.7,51,3,3144.0,572,7,3144.2,77,1,3144.4,96,4,3144.5,101,2,3144.6,259,3
2031,2026-06-16 13:06:08+05:30,3143.5,1,3130.78,2315353,137482.0,217843.0,3163.0,3163.0,3108.0,3134.3,32013200,3447.7,2820.9,3839.9,2896.0,3143.4,2,1,3143.3,23,2,3143.0,12,3,3142.9,60,3,3142.8,31,3,3143.6,5,1,3144.0,576,7,3144.2,77,1,3144.4,62,3,3144.5,101,2
2031,2026-06-16 13:06:08+05:30,3143.4,1,3130.78,2315353,137482.0,217843.0,3163.0,3163.0,3108.0,3134.3,32013200,3447.7,2820.9,3839.9,2896.0,3143.4,2,1,3143.3,23,2,3143.0,12,3,3142.9,60,3,3142.8,31,3,3143.6,5,1,3144.0,576,7,3144.2,77,1,3144.4,62,3,3144.5,101,2
2031,2026-06-16 13:06:09+05:30,3143.4,1,3130.78,2315354,137495.0,217852.0,3163.0,3163.0,3108.0,3134.3,32013200,3447.7,2820.9,3839.9,2896.0,3143.4,1,1,3143.3,27,3,3143.2,5,1,3143.0,12,3,3142.9,60,3,3143.6,5,1,3144.0,576,7,3144.2,77,1,3144.4,62,3,3144.5,101,2
2031,2026-06-16 13:06:09+05:30,3143.4,1,3130.78,2315354,137495.0,217852.0,3163.0,3163.0,3108.0,3134.3,32013200,3447.7,2820.9,3839.9,2896.0,3143.4,1,1,3143.3,27,3,3143.2,5,1,3143.0,12,3,3142.9,60,3,3143.6,5,1,3144.0,576,7,3144.2,77,1,3144.4,62,3,3144.5,101,2
2031,2026-06-16 13:06:10+05:30,3143.3,18,3130.78,2315473,136645.0,218023.0,3163.0,3163.0,3108.0,3134.3,32013200,3447.7,2820.9,3839.9,2896.0,3143.3,16,1,3143.0,29,4,3142.9,9,1,3142.8,38,3,3142.7,62,4,3143.6,4,1,3144.0,576,7,3144.2,135,2,3144.4,62,3,3144.5,126,3
2031,2026-06-16 13:06:10+05:30,3143.3,5,3130.78,2315473,136645.0,218023.0,3163.0,3163.0,3108.0,3134.3,32013200,3447.7,2820.9,3839.9,2896.0,3143.3,16,1,3143.0,29,4,3142.9,9,1,3142.8,38,3,3142.7,62,4,3143.6,4,1,3144.0,576,7,3144.2,135,2,3144.4,62,3,3144.5,126,3
2031,2026-06-16 13:06:11+05:30,3143.3,5,3130.78,2315473,136645.0,218023.0,3163.0,3163.0,3108.0,3134.3,32013200,3447.7,2820.9,3839.9,2896.0,3143.3,16,1,3143.0,29,4,3142.9,9,1,3142.8,38,3,3142.7,62,4,3143.6,4,1,3144.0,576,7,3144.2,135,2,3144.4,62,3,3144.5,126,3
2031,2026-06-16 13:06:11+05:30,3143.3,5,3130.78,2315478,137266.0,217900.0,3163.0,3163.0,3108.0,3134.3,32013200,3447.7,2820.9,3839.9,2896.0,3143.4,6,1,3143.3,29,3,3143.2,5,1,3143.0,15,3,3142.9,9,1,3143.6,6,2,3144.0,541,5,3144.2,77,1,3144.4,62,3,3144.5,104,2
2031,2026-06-16 13:06:12+05:30,3143.3,5,3130.78,2315478,137412.0,217920.0,3163.0,3163.0,3108.0,3134.3,32013200,3447.7,2820.9,3839.9,2896.0,3143.4,6,1,3143.3,52,6,3143.2,5,1,3143.1,20,2,3143.0,15,3,3143.6,6,2,3144.0,611,6,3144.2,77,1,3144.4,62,3,3144.5,34,1
2031,2026-06-16 13:06:12+05:30,3143.6,2,3130.78,2315478,137412.0,217920.0,3163.0,3163.0,3108.0,3134.3,32013200,3447.7,2820.9,3839.9,2896.0,3143.4,6,1,3143.3,52,6,3143.2,5,1,3143.1,20,2,3143.0,15,3,3143.6,6,2,3144.0,611,6,3144.2,77,1,3144.4,62,3,3144.5,34,1
2031,2026-06-16 13:06:13+05:30,3143.6,2,3130.78,2315478,137412.0,217920.0,3163.0,3163.0,3108.0,3134.3,32013200,3447.7,2820.9,3839.9,2896.0,3143.4,6,1,3143.3,52,6,3143.2,5,1,3143.1,20,2,3143.0,15,3,3143.6,6,2,3144.0,611,6,3144.2,77,1,3144.4,62,3,3144.5,34,1
2031,2026-06-16 13:06:13+05:30,3144.0,7,3130.78,2315491,137695.0,217557.0,3163.0,3163.0,3108.0,3134.3,32013200,3447.7,2820.9,3839.9,2896.0,3143.4,58,3,3143.3,30,3,3143.2,21,2,3143.1,32,4,3143.0,15,3,3144.0,604,6,3144.2,77,1,3144.4,40,1,3144.6,259,3,3144.7,287,3
2031,2026-06-16 13:06:13+05:30,3144.0,1,3130.78,2315491,137695.0,217557.0,3163.0,3163.0,3108.0,3134.3,32013200,3447.7,2820.9,3839.9,2896.0,3143.4,58,3,3143.3,30,3,3143.2,21,2,3143.1,32,4,3143.0,15,3,3144.0,604,6,3144.2,77,1,3144.4,40,1,3144.6,259,3,3144.7,287,3
2031,2026-06-16 13:06:14+05:30,3144.0,1,3130.78,2315492,137831.0,217925.0,3163.0,3163.0,3108.0,3134.3,32013200,3447.7,2820.9,3839.9,2896.0,3143.6,16,1,3143.4,58,3,3143.3,2,1,3143.2,21,2,3143.1,32,4,3144.0,626,7,3144.2,77,1,3144.4,40,1,3144.6,299,4,3144.7,287,3
2031,2026-06-16 13:06:14+05:30,3144.0,2,3130.78,2315492,137831.0,217925.0,3163.0,3163.0,3108.0,3134.3,32013200,3447.7,2820.9,3839.9,2896.0,3143.6,16,1,3143.4,58,3,3143.3,2,1,3143.2,21,2,3143.1,32,4,3144.0,626,7,3144.2,77,1,3144.4,40,1,3144.6,299,4,3144.7,287,3
2031,2026-06-16 13:06:15+05:30,3144.0,2,3130.78,2315492,137831.0,217925.0,3163.0,3163.0,3108.0,3134.3,32013200,3447.7,2820.9,3839.9,2896.0,3143.6,16,1,3143.4,58,3,3143.3,2,1,3143.2,21,2,3143.1,32,4,3144.0,626,7,3144.2,77,1,3144.4,40,1,3144.6,299,4,3144.7,287,3
2031,2026-06-16 13:06:15+05:30,3144.0,11,3130.78,2315505,138123.0,217939.0,3163.0,3163.0,3108.0,3134.3,32013200,3447.7,2820.9,3839.9,2896.0,3143.8,15,1,3143.7,9,3,3143.6,44,3,3143.5,17,3,3143.4,70,3,3144.0,613,7,3144.2,77,1,3144.6,259,3,3144.7,281,2,3144.8,220,2
2031,2026-06-16 13:06:15+05:30,3143.8,1,3130.78,2315505,138123.0,217939.0,3163.0,3163.0,3108.0,3134.3,32013200,3447.7,2820.9,3839.9,2896.0,3143.8,15,1,3143.7,9,3,3143.6,44,3,3143.5,17,3,3143.4,70,3,3144.0,613,7,3144.2,77,1,3144.6,259,3,3144.7,281,2,3144.8,220,2
2031,2026-06-16 13:06:16+05:30,3143.8,1,3130.78,2315506,138065.0,218127.0,3163.0,3163.0,3108.0,3134.3,32013200,3447.7,2820.9,3839.9,2896.0,3143.9,21,4,3143.7,16,3,3143.6,44,3,3143.5,17,3,3143.4,70,3,3144.0,614,8,3144.2,77,1,3144.6,239,2,3144.7,281,2,3144.8,220,2
2031,2026-06-16 13:06:16+05:30,3144.0,1,3130.78,2315506,138065.0,218127.0,3163.0,3163.0,3108.0,3134.3,32013200,3447.7,2820.9,3839.9,2896.0,3143.9,21,4,3143.7,16,3,3143.6,44,3,3143.5,17,3,3143.4,70,3,3144.0,614,8,3144.2,77,1,3144.6,239,2,3144.7,281,2,3144.8,220,2
2031,2026-06-16 13:06:17+05:30,3144.0,1,3130.78,2315506,138065.0,218127.0,3163.0,3163.0,3108.0,3134.3,32013200,3447.7,2820.9,3839.9,2896.0,3143.9,21,4,3143.7,16,3,3143.6,44,3,3143.5,17,3,3143.4,70,3,3144.0,614,8,3144.2,77,1,3144.6,239,2,3144.7,281,2,3144.8,220,2
2031,2026-06-16 13:06:17+05:30,3144.0,1,3130.78,2315667,138256.0,217643.0,3163.0,3163.0,3108.0,3134.3,32013200,3447.7,2820.9,3839.9,2896.0,3143.9,50,6,3143.7,24,4,3143.6,44,3,3143.5,17,3,3143.4,70,3,3144.0,513,8,3144.2,77,1,3144.6,181,1,3144.7,281,2,3144.8,220,2
2031,2026-06-16 13:06:17+05:30,3143.9,4,3130.78,2315667,138256.0,217643.0,3163.0,3163.0,3108.0,3134.3,32013200,3447.7,2820.9,3839.9,2896.0,3143.9,50,6,3143.7,24,4,3143.6,44,3,3143.5,17,3,3143.4,70,3,3144.0,513,8,3144.2,77,1,3144.6,181,1,3144.7,281,2,3144.8,220,2
2031,2026-06-16 13:06:18+05:30,3143.9,4,3130.78,2315673,138254.0,217249.0,3163.0,3163.0,3108.0,3134.3,32013200,3447.7,2820.9,3839.9,2896.0,3143.9,63,7,3143.7,6,3,3143.6,44,3,3143.5,17,3,3143.4,70,3,3144.0,513,8,3144.2,77,1,3144.6,181,1,3144.7,281,2,3144.8,220,2
2031,2026-06-16 13:06:18+05:30,3143.9,4,3130.78,2315673,138254.0,217249.0,3163.0,3163.0,3108.0,3134.3,32013200,3447.7,2820.9,3839.9,2896.0,3143.9,63,7,3143.7,6,3,3143.6,44,3,3143.5,17,3,3143.4,70,3,3144.0,513,8,3144.2,77,1,3144.6,181,1,3144.7,281,2,3144.8,220,2
2031,2026-06-16 13:06:19+05:30,3144.0,1,3130.78,2315674,138349.0,217720.0,3163.0,3163.0,3108.0,3134.3,32013200,3447.7,2820.9,3839.9,2896.0,3143.9,63,7,3143.7,6,3,3143.6,44,3,3143.5,17,3,3143.4,70,3,3144.0,557,9,3144.2,77,1,3144.6,181,1,3144.7,281,2,3144.8,220,2
2031,2026-06-16 13:06:19+05:30,3144.0,1,3130.78,2315674,138349.0,217720.0,3163.0,3163.0,3108.0,3134.3,32013200,3447.7,2820.9,3839.9,2896.0,3143.9,63,7,3143.7,6,3,3143.6,44,3,3143.5,17,3,3143.4,70,3,3144.0,557,9,3144.2,77,1,3144.6,181,1,3144.7,281,2,3144.8,220,2
2031,2026-06-16 13:06:20+05:30,3144.0,1,3130.78,2315674,138349.0,217720.0,3163.0,3163.0,3108.0,3134.3,32013200,3447.7,2820.9,3839.9,2896.0,3143.9,63,7,3143.7,6,3,3143.6,44,3,3143.5,17,3,3143.4,70,3,3144.0,557,9,3144.2,77,1,3144.6,181,1,3144.7,281,2,3144.8,220,2
2031,2026-06-16 13:06:20+05:30,3144.0,89,3130.78,2315831,138343.0,217506.0,3163.0,3163.0,3108.0,3134.3,32013200,3447.7,2820.9,3839.9,2896.0,3143.9,45,5,3143.7,6,3,3143.6,44,3,3143.5,17,3,3143.4,70,3,3144.0,477,9,3144.6,181,1,3144.7,281,2,3144.8,220,2,3144.9,447,4
2031,2026-06-16 13:06:20+05:30,3144.0,1,3130.78,2315831,138343.0,217506.0,3163.0,3163.0,3108.0,3134.3,32013200,3447.7,2820.9,3839.9,2896.0,3143.9,45,5,3143.7,6,3,3143.6,44,3,3143.5,17,3,3143.4,70,3,3144.0,477,9,3144.6,181,1,3144.7,281,2,3144.8,220,2,3144.9,447,4
2031,2026-06-16 13:06:20+05:30,3144.0,1,3130.78,2315831,138343.0,217506.0,3163.0,3163.0,3108.0,3134.3,32013200,3447.7,2820.9,3839.9,2896.0,3143.9,45,5,3143.7,6,3,3143.6,44,3,3143.5,17,3,3143.4,70,3,3144.0,477,9,3144.6,181,1,3144.7,281,2,3144.8,220,2,3144.9,447,4
2031,2026-06-16 13:06:21+05:30,3144.0,1,3130.78,2315831,138343.0,217506.0,3163.0,3163.0,3108.0,3134.3,32013200,3447.7,2820.9,3839.9,2896.0,3143.9,45,5,3143.7,6,3,3143.6,44,3,3143.5,17,3,3143.4,70,3,3144.0,477,9,3144.6,181,1,3144.7,281,2,3144.8,220,2,3144.9,447,4
2031,2026-06-16 13:06:21+05:30,3144.0,11,3130.78,2315831,138343.0,217506.0,3163.0,3163.0,3108.0,3134.3,32013200,3447.7,2820.9,3839.9,2896.0,3143.9,45,5,3143.7,6,3,3143.6,44,3,3143.5,17,3,3143.4,70,3,3144.0,477,9,3144.6,181,1,3144.7,281,2,3144.8,220,2,3144.9,447,4
2031,2026-06-16 13:06:21+05:30,3144.0,11,3130.78,2315850,138276.0,217576.0,3163.0,3163.0,3108.0,3134.3,32013200,3447.7,2820.9,3839.9,2896.0,3143.9,65,6,3143.7,6,3,3143.6,58,4,3143.5,17,3,3143.4,56,2,3144.0,464,8,3144.6,181,1,3144.7,281,2,3144.8,220,2,3144.9,505,5
2031,2026-06-16 13:06:21+05:30,3144.0,11,3130.78,2315850,138276.0,217576.0,3163.0,3163.0,3108.0,3134.3,32013200,3447.7,2820.9,3839.9,2896.0,3143.9,65,6,3143.7,6,3,3143.6,58,4,3143.5,17,3,3143.4,56,2,3144.0,464,8,3144.6,181,1,3144.7,281,2,3144.8,220,2,3144.9,505,5
2031,2026-06-16 13:06:22+05:30,3144.0,11,3130.78,2315850,138276.0,217576.0,3163.0,3163.0,3108.0,3134.3,32013200,3447.7,2820.9,3839.9,2896.0,3143.9,65,6,3143.7,6,3,3143.6,58,4,3143.5,17,3,3143.4,56,2,3144.0,464,8,3144.6,181,1,3144.7,281,2,3144.8,220,2,3144.9,505,5
2031,2026-06-16 13:06:22+05:30,3143.9,135,3130.78,2315850,138276.0,217576.0,3163.0,3163.0,3108.0,3134.3,32013200,3447.7,2820.9,3839.9,2896.0,3143.9,65,6,3143.7,6,3,3143.6,58,4,3143.5,17,3,3143.4,56,2,3144.0,464,8,3144.6,181,1,3144.7,281,2,3144.8,220,2,3144.9,505,5
2031,2026-06-16 13:06:22+05:30,3143.9,135,3130.79,2316051,138090.0,217619.0,3163.0,3163.0,3108.0,3134.3,32013200,3447.7,2820.9,3839.9,2896.0,3143.9,14,1,3143.7,17,4,3143.6,44,3,3143.5,6,1,3143.4,56,2,3144.0,489,9,3144.6,239,2,3144.7,281,2,3144.8,222,3,3144.9,505,5
2031,2026-06-16 13:06:23+05:30,3143.9,135,3130.79,2316051,138090.0,217619.0,3163.0,3163.0,3108.0,3134.3,32013200,3447.7,2820.9,3839.9,2896.0,3143.9,14,1,3143.7,17,4,3143.6,44,3,3143.5,6,1,3143.4,56,2,3144.0,489,9,3144.6,239,2,3144.7,281,2,3144.8,222,3,3144.9,505,5
2031,2026-06-16 13:06:23+05:30,3144.0,1,3130.79,2316051,138090.0,217619.0,3163.0,3163.0,3108.0,3134.3,32013200,3447.7,2820.9,3839.9,2896.0,3143.9,14,1,3143.7,17,4,3143.6,44,3,3143.5,6,1,3143.4,56,2,3144.0,489,9,3144.6,239,2,3144.7,281,2,3144.8,222,3,3144.9,505,5
2031,2026-06-16 13:06:23+05:30,3144.0,54,3130.79,2316114,137969.0,217235.0,3163.0,3163.0,3108.0,3134.3,32013200,3447.7,2820.9,3839.9,2896.0,3143.9,6,1,3143.7,21,5,3143.6,44,3,3143.5,12,2,3143.4,56,2,3144.0,434,9,3144.6,181,1,3144.7,281,2,3144.8,222,3,3144.9,505,5
2031,2026-06-16 13:06:24+05:30,3144.0,54,3130.79,2316114,137969.0,217235.0,3163.0,3163.0,3108.0,3134.3,32013200,3447.7,2820.9,3839.9,2896.0,3143.9,6,1,3143.7,21,5,3143.6,44,3,3143.5,12,2,3143.4,56,2,3144.0,434,9,3144.6,181,1,3144.7,281,2,3144.8,222,3,3144.9,505,5
2031,2026-06-16 13:06:24+05:30,3144.0,1,3130.79,2316114,137969.0,217235.0,3163.0,3163.0,3108.0,3134.3,32013200,3447.7,2820.9,3839.9,2896.0,3143.9,6,1,3143.7,21,5,3143.6,44,3,3143.5,12,2,3143.4,56,2,3144.0,434,9,3144.6,181,1,3144.7,281,2,3144.8,222,3,3144.9,505,5
2031,2026-06-16 13:06:24+05:30,3144.0,1,3130.79,2316117,138162.0,217534.0,3163.0,3163.0,3108.0,3134.3,32013200,3447.7,2820.9,3839.9,2896.0,3143.9,4,1,3143.8,28,2,3143.7,2,2,3143.6,58,4,3143.5,12,2,3144.0,447,10,3144.6,181,1,3144.7,339,3,3144.8,222,3,3144.9,505,5
2031,2026-06-16 13:06:24+05:30,3144.0,1,3130.79,2316117,138162.0,217534.0,3163.0,3163.0,3108.0,3134.3,32013200,3447.7,2820.9,3839.9,2896.0,3143.9,4,1,3143.8,28,2,3143.7,2,2,3143.6,58,4,3143.5,12,2,3144.0,447,10,3144.6,181,1,3144.7,339,3,3144.8,222,3,3144.9,505,5
2031,2026-06-16 13:06:25+05:30,3143.9,4,3130.79,2316117,138162.0,217534.0,3163.0,3163.0,3108.0,3134.3,32013200,3447.7,2820.9,3839.9,2896.0,3143.9,4,1,3143.8,28,2,3143.7,2,2,3143.6,58,4,3143.5,12,2,3144.0,447,10,3144.6,181,1,3144.7,339,3,3144.8,222,3,3144.9,505,5
2031,2026-06-16 13:06:25+05:30,3143.9,4,3130.79,2316117,138162.0,217534.0,3163.0,3163.0,3108.0,3134.3,32013200,3447.7,2820.9,3839.9,2896.0,3143.9,4,1,3143.8,28,2,3143.7,2,2,3143.6,58,4,3143.5,12,2,3144.0,447,10,3144.6,181,1,3144.7,339,3,3144.8,222,3,3144.9,505,5
2031,2026-06-16 13:06:25+05:30,3143.9,4,3130.79,2316130,138128.0,217495.0,3163.0,3163.0,3108.0,3134.3,32013200,3447.7,2820.9,3839.9,2896.0,3143.8,14,1,3143.7,1,1,3143.6,58,4,3143.5,6,1,3143.4,56,2,3143.9,1,1,3144.0,438,10,3144.6,181,1,3144.7,339,3,3144.8,222,3
2031,2026-06-16 13:06:26+05:30,3143.9,4,3130.79,2316130,138128.0,217495.0,3163.0,3163.0,3108.0,3134.3,32013200,3447.7,2820.9,3839.9,2896.0,3143.8,14,1,3143.7,1,1,3143.6,58,4,3143.5,6,1,3143.4,56,2,3143.9,1,1,3144.0,438,10,3144.6,181,1,3144.7,339,3,3144.8,222,3
2031,2026-06-16 13:06:26+05:30,3143.8,1,3130.79,2316130,138128.0,217495.0,3163.0,3163.0,3108.0,3134.3,32013200,3447.7,2820.9,3839.9,2896.0,3143.8,14,1,3143.7,1,1,3143.6,58,4,3143.5,6,1,3143.4,56,2,3143.9,1,1,3144.0,438,10,3144.6,181,1,3144.7,339,3,3144.8,222,3
2031,2026-06-16 13:06:26+05:30,3143.8,1,3130.79,2316131,138148.0,217372.0,3163.0,3163.0,3108.0,3134.3,32013200,3447.7,2820.9,3839.9,2896.0,3143.7,1,1,3143.6,68,4,3143.5,6,1,3143.4,62,3,3143.2,19,2,3143.9,27,2,3144.0,431,10,3144.6,202,2,3144.7,339,3,3144.8,232,4
2031,2026-06-16 13:06:27+05:30,3143.8,1,3130.79,2316131,138148.0,217372.0,3163.0,3163.0,3108.0,3134.3,32013200,3447.7,2820.9,3839.9,2896.0,3143.7,1,1,3143.6,68,4,3143.5,6,1,3143.4,62,3,3143.2,19,2,3143.9,27,2,3144.0,431,10,3144.6,202,2,3144.7,339,3,3144.8,232,4
2031,2026-06-16 13:06:27+05:30,3143.8,1,3130.79,2316131,138203.0,217380.0,3163.0,3163.0,3108.0,3134.3,32013200,3447.7,2820.9,3839.9,2896.0,3143.8,51,4,3143.7,1,1,3143.6,53,3,3143.5,6,1,3143.4,62,3,3143.9,27,2,3144.0,481,11,3144.6,202,2,3144.7,339,3,3144.8,232,4
2031,2026-06-16 13:06:28+05:30,3143.8,1,3130.79,2316131,138203.0,217380.0,3163.0,3163.0,3108.0,3134.3,32015000,3447.7,2820.9,3839.9,2896.0,3143.8,51,4,3143.7,1,1,3143.6,53,3,3143.5,6,1,3143.4,62,3,3143.9,27,2,3144.0,481,11,3144.6,202,2,3144.7,339,3,3144.8,232,4
2031,2026-06-16 13:06:28+05:30,3143.8,1,3130.79,2316131,138236.0,217407.0,3163.0,3163.0,3108.0,3134.3,32015000,3447.7,2820.9,3839.9,2896.0,3143.8,94,5,3143.7,3,2,3143.6,53,3,3143.5,11,2,3143.4,76,4,3143.9,27,2,3144.0,481,11,3144.6,202,2,3144.7,339,3,3144.8,226,3
2031,2026-06-16 13:06:29+05:30,3143.8,20,3130.79,2316131,138236.0,217407.0,3163.0,3163.0,3108.0,3134.3,32015000,3447.7,2820.9,3839.9,2896.0,3143.8,94,5,3143.7,3,2,3143.6,53,3,3143.5,11,2,3143.4,76,4,3143.9,27,2,3144.0,481,11,3144.6,202,2,3144.7,339,3,3144.8,226,3
2031,2026-06-16 13:06:30+05:30,3143.8,20,3130.79,2316221,138201.0,217404.0,3163.0,3163.0,3108.0,3134.3,32015000,3447.7,2820.9,3839.9,2896.0,3143.8,60,5,3143.7,1,1,3143.6,53,3,3143.4,62,3,3143.3,7,1,3143.9,21,3,3144.0,436,10,3144.6,202,2,3144.7,339,3,3144.8,255,4
2031,2026-06-16 13:06:30+05:30,3143.9,1,3130.79,2316221,138201.0,217404.0,3163.0,3163.0,3108.0,3134.3,32015000,3447.7,2820.9,3839.9,2896.0,3143.8,60,5,3143.7,1,1,3143.6,53,3,3143.4,62,3,3143.3,7,1,3143.9,21,3,3144.0,436,10,3144.6,202,2,3144.7,339,3,3144.8,255,4
2031,2026-06-16 13:06:31+05:30,3143.9,1,3130.79,2316228,137442.0,216649.0,3163.0,3163.0,3108.0,3134.3,32015000,3447.7,2820.9,3839.9,2896.0,3143.8,43,5,3143.7,15,2,3143.6,39,2,3143.4,62,3,3143.3,7,1,3143.9,19,3,3144.0,436,10,3144.6,202,2,3144.7,339,3,3144.8,255,4
2031,2026-06-16 13:06:31+05:30,3143.9,11,3130.79,2316228,137442.0,216649.0,3163.0,3163.0,3108.0,3134.3,32015000,3447.7,2820.9,3839.9,2896.0,3143.8,43,5,3143.7,15,2,3143.6,39,2,3143.4,62,3,3143.3,7,1,3143.9,19,3,3144.0,436,10,3144.6,202,2,3144.7,339,3,3144.8,255,4
2031,2026-06-16 13:06:32+05:30,3143.9,1,3130.79,2316248,138500.0,217313.0,3163.0,3163.0,3108.0,3134.3,32015000,3447.7,2820.9,3839.9,2896.0,3143.9,10,1,3143.8,32,5,3143.7,15,2,3143.6,39,2,3143.4,56,2,3144.0,436,10,3144.5,41,1,3144.6,181,1,3144.7,394,4,3144.8,255,4
2031,2026-06-16 13:06:32+05:30,3143.9,1,3130.79,2316248,138500.0,217313.0,3163.0,3163.0,3108.0,3134.3,32015000,3447.7,2820.9,3839.9,2896.0,3143.9,10,1,3143.8,32,5,3143.7,15,2,3143.6,39,2,3143.4,56,2,3144.0,436,10,3144.5,41,1,3144.6,181,1,3144.7,394,4,3144.8,255,4
2031,2026-06-16 13:06:33+05:30,3143.9,1,3130.79,2316250,138509.0,217277.0,3163.0,3163.0,3108.0,3134.3,32015000,3447.7,2820.9,3839.9,2896.0,3143.9,25,5,3143.8,24,4,3143.7,1,1,3143.6,53,3,3143.4,56,2,3144.0,436,10,3144.6,181,1,3144.7,339,3,3144.8,226,3,3144.9,505,5
2031,2026-06-16 13:06:33+05:30,3144.0,29,3130.79,2316250,138509.0,217277.0,3163.0,3163.0,3108.0,3134.3,32015000,3447.7,2820.9,3839.9,2896.0,3143.9,25,5,3143.8,24,4,3143.7,1,1,3143.6,53,3,3143.4,56,2,3144.0,436,10,3144.6,181,1,3144.7,339,3,3144.8,226,3,3144.9,505,5
2031,2026-06-16 13:06:34+05:30,3144.0,29,3130.79,2316403,138301.0,216892.0,3163.0,3163.0,3108.0,3134.3,32015000,3447.7,2820.9,3839.9,2896.0,3143.9,10,3,3143.8,38,5,3143.7,1,1,3143.6,53,3,3143.4,56,2,3144.0,317,8,3144.6,181,1,3144.7,281,2,3144.8,226,3,3144.9,447,4
2031,2026-06-16 13:06:34+05:30,3144.0,1,3130.79,2316403,138301.0,216892.0,3163.0,3163.0,3108.0,3134.3,32015000,3447.7,2820.9,3839.9,2896.0,3143.9,10,3,3143.8,38,5,3143.7,1,1,3143.6,53,3,3143.4,56,2,3144.0,317,8,3144.6,181,1,3144.7,281,2,3144.8,226,3,3144.9,447,4
2031,2026-06-16 13:06:35+05:30,3144.0,1,3130.79,2316511,138174.0,217067.0,3163.0,3163.0,3108.0,3134.3,32015000,3447.7,2820.9,3839.9,2896.0,3143.8,3,1,3143.6,34,3,3143.4,56,2,3143.2,19,2,3143.1,30,2,3144.0,315,8,3144.6,267,3,3144.7,281,2,3144.8,226,3,3144.9,505,5
2031,2026-06-16 13:06:35+05:30,3143.8,4,3130.79,2316511,138174.0,217067.0,3163.0,3163.0,3108.0,3134.3,32015000,3447.7,2820.9,3839.9,2896.0,3143.8,3,1,3143.6,34,3,3143.4,56,2,3143.2,19,2,3143.1,30,2,3144.0,315,8,3144.6,267,3,3144.7,281,2,3144.8,226,3,3144.9,505,5
2031,2026-06-16 13:06:36+05:30,3143.8,1,3130.79,2316517,138135.0,217172.0,3163.0,3163.0,3108.0,3134.3,32015000,3447.7,2820.9,3839.9,2896.0,3143.8,19,2,3143.6,34,3,3143.4,56,2,3143.2,19,2,3143.1,30,2,3144.0,367,10,3144.6,267,3,3144.7,281,2,3144.8,226,3,3144.9,505,5
2031,2026-06-16 13:06:36+05:30,3143.8,1,3130.79,2316517,138135.0,217172.0,3163.0,3163.0,3108.0,3134.3,32015000,3447.7,2820.9,3839.9,2896.0,3143.8,19,2,3143.6,34,3,3143.4,56,2,3143.2,19,2,3143.1,30,2,3144.0,367,10,3144.6,267,3,3144.7,281,2,3144.8,226,3,3144.9,505,5
2031,2026-06-16 13:06:37+05:30,3143.8,1,3130.79,2316518,138128.0,217283.0,3163.0,3163.0,3108.0,3134.3,32015000,3447.7,2820.9,3839.9,2896.0,3143.8,28,3,3143.6,34,3,3143.4,56,2,3143.2,19,2,3143.1,11,1,3144.0,367,10,3144.6,267,3,3144.7,281,2,3144.8,226,3,3144.9,505,5
2031,2026-06-16 13:06:37+05:30,3144.0,24,3130.79,2316518,138128.0,217283.0,3163.0,3163.0,3108.0,3134.3,32015000,3447.7,2820.9,3839.9,2896.0,3143.8,28,3,3143.6,34,3,3143.4,56,2,3143.2,19,2,3143.1,11,1,3144.0,367,10,3144.6,267,3,3144.7,281,2,3144.8,226,3,3144.9,505,5
2031,2026-06-16 13:06:38+05:30,3144.0,24,3130.79,2316558,138087.0,217274.0,3163.0,3163.0,3108.0,3134.3,32015000,3447.7,2820.9,3839.9,2896.0,3143.8,41,4,3143.6,27,2,3143.4,42,1,3143.2,14,1,3143.1,19,1,3143.9,14,1,3144.0,343,10,3144.3,28,1,3144.6,267,3,3144.7,281,2
2031,2026-06-16 13:06:38+05:30,3143.8,1,3130.79,2316558,138087.0,217274.0,3163.0,3163.0,3108.0,3134.3,32015000,3447.7,2820.9,3839.9,2896.0,3143.8,41,4,3143.6,27,2,3143.4,42,1,3143.2,14,1,3143.1,19,1,3143.9,14,1,3144.0,343,10,3144.3,28,1,3144.6,267,3,3144.7,281,2
2031,2026-06-16 13:06:39+05:30,3143.9,14,3130.79,2316587,138121.0,217303.0,3163.0,3163.0,3108.0,3134.3,32015000,3447.7,2820.9,3839.9,2896.0,3143.8,41,4,3143.6,27,2,3143.4,42,1,3143.0,29,4,3142.9,28,2,3143.9,41,2,3144.0,357,11,3144.2,28,1,3144.4,99,2,3144.6,343,5
2031,2026-06-16 13:06:39+05:30,3143.8,1,3130.79,2316587,138121.0,217303.0,3163.0,3163.0,3108.0,3134.3,32015000,3447.7,2820.9,3839.9,2896.0,3143.8,41,4,3143.6,27,2,3143.4,42,1,3143.0,29,4,3142.9,28,2,3143.9,41,2,3144.0,357,11,3144.2,28,1,3144.4,99,2,3144.6,343,5
2031,2026-06-16 13:06:40+05:30,3143.9,1,3130.79,2316748,137974.0,217189.0,3163.0,3163.0,3108.0,3134.3,32015000,3447.7,2820.9,3839.9,2896.0,3143.8,24,3,3143.6,27,2,3143.4,42,1,3143.0,8,2,3142.8,31,3,3143.9,56,3,3144.0,369,12,3144.2,49,2,3144.4,137,3,3144.6,412,7
2031,2026-06-16 13:06:40+05:30,3143.8,7,3130.79,2316748,137974.0,217189.0,3163.0,3163.0,3108.0,3134.3,32015000,3447.7,2820.9,3839.9,2896.0,3143.8,24,3,3143.6,27,2,3143.4,42,1,3143.0,8,2,3142.8,31,3,3143.9,56,3,3144.0,369,12,3144.2,49,2,3144.4,137,3,3144.6,412,7
2031,2026-06-16 13:06:41+05:30,3143.8,7,3130.79,2316755,137984.0,217456.0,3163.0,3163.0,3108.0,3134.3,32015000,3447.7,2820.9,3839.9,2896.0,3143.8,15,2,3143.6,27,2,3143.4,42,1,3143.0,8,2,3142.8,28,2,3143.9,87,6,3144.0,356,12,3144.1,34,1,3144.2,49,2,3144.3,21,1
2031,2026-06-16 13:06:42+05:30,3143.8,9,3130.79,2317158,136956.0,217805.0,3163.0,3163.0,3108.0,3134.3,32015000,3447.7,2820.9,3839.9,2896.0,3143.0,8,2,3142.8,21,2,3142.7,27,2,3142.6,65,3,3142.5,196,3,3143.8,7,1,3143.9,40,3,3144.0,314,9,3144.1,31,2,3144.2,22,1
2031,2026-06-16 13:06:42+05:30,3143.0,1,3130.79,2317158,136956.0,217805.0,3163.0,3163.0,3108.0,3134.3,32015000,3447.7,2820.9,3839.9,2896.0,3143.0,8,2,3142.8,21,2,3142.7,27,2,3142.6,65,3,3142.5,196,3,3143.8,7,1,3143.9,40,3,3144.0,314,9,3144.1,31,2,3144.2,22,1
2031,2026-06-16 13:06:43+05:30,3143.0,1,3130.79,2317174,136690.0,218096.0,3163.0,3163.0,3108.0,3134.3,32015000,3447.7,2820.9,3839.9,2896.0,3143.0,7,1,3142.7,13,1,3142.4,14,1,3142.3,185,1,3142.2,51,4,3143.7,14,1,3143.8,139,6,3143.9,11,2,3144.0,428,12,3144.1,34,2
2031,2026-06-16 13:06:44+05:30,3143.7,2,3130.79,2317204,136615.0,218137.0,3163.0,3163.0,3108.0,3134.3,32015000,3447.7,2820.9,3839.9,2896.0,3143.0,8,2,3142.7,13,1,3142.4,14,1,3142.3,185,1,3142.2,33,3,3143.7,18,2,3143.8,111,5,3143.9,52,4,3144.0,528,13,3144.1,34,2
2031,2026-06-16 13:06:44+05:30,3143.0,1,3130.79,2317204,136615.0,218137.0,3163.0,3163.0,3108.0,3134.3,32015000,3447.7,2820.9,3839.9,2896.0,3143.0,8,2,3142.7,13,1,3142.4,14,1,3142.3,185,1,3142.2,33,3,3143.7,18,2,3143.8,111,5,3143.9,52,4,3144.0,528,13,3144.1,34,2
2031,2026-06-16 13:06:45+05:30,3143.4,1,3130.79,2317204,136615.0,218137.0,3163.0,3163.0,3108.0,3134.3,32015000,3447.7,2820.9,3839.9,2896.0,3143.0,8,2,3142.7,13,1,3142.4,14,1,3142.3,185,1,3142.2,33,3,3143.7,18,2,3143.8,111,5,3143.9,52,4,3144.0,528,13,3144.1,34,2
2031,2026-06-16 13:06:45+05:30,3143.4,1,3130.8,2319244,137433.0,217902.0,3163.0,3163.0,3108.0,3134.3,32015000,3447.7,2820.9,3839.9,2896.0,3143.4,2,2,3143.0,16,4,3142.9,14,1,3142.7,53,2,3142.6,62,4,3143.9,7,1,3144.1,16,1,3144.2,41,2,3144.3,98,3,3144.4,74,2
2031,2026-06-16 13:06:46+05:30,3143.4,1,3130.8,2319244,137433.0,217902.0,3163.0,3163.0,3108.0,3134.3,32015000,3447.7,2820.9,3839.9,2896.0,3143.4,2,2,3143.0,16,4,3142.9,14,1,3142.7,53,2,3142.6,62,4,3143.9,7,1,3144.1,16,1,3144.2,41,2,3144.3,98,3,3144.4,74,2
2031,2026-06-16 13:06:46+05:30,3143.4,1,3130.8,2319248,136442.0,217772.0,3163.0,3163.0,3108.0,3134.3,32015000,3447.7,2820.9,3839.9,2896.0,3143.0,22,5,3142.9,11,2,3142.8,27,4,3142.7,8,1,3142.6,62,4,3143.4,4,1,3143.9,4,1,3144.1,16,1,3144.2,62,3,3144.3,98,3
2031,2026-06-16 13:06:47+05:30,3144.4,35,3130.8,2319248,136442.0,217772.0,3163.0,3163.0,3108.0,3134.3,32015000,3447.7,2820.9,3839.9,2896.0,3143.0,22,5,3142.9,11,2,3142.8,27,4,3142.7,8,1,3142.6,62,4,3143.4,4,1,3143.9,4,1,3144.1,16,1,3144.2,62,3,3144.3,98,3
2031,2026-06-16 13:06:47+05:30,3144.4,35,3130.8,2319449,137183.0,216866.0,3163.0,3163.0,3108.0,3134.3,32015000,3447.7,2820.9,3839.9,2896.0,3143.1,61,5,3143.0,92,9,3142.9,59,5,3142.8,35,4,3142.7,8,1,3143.4,1,1,3143.9,1,1,3144.1,1,1,3144.2,2,1,3144.4,24,2
2031,2026-06-16 13:06:48+05:30,3143.1,4,3130.8,2319449,137183.0,216866.0,3163.0,3163.0,3108.0,3134.3,32015000,3447.7,2820.9,3839.9,2896.0,3143.1,61,5,3143.0,92,9,3142.9,59,5,3142.8,35,4,3142.7,8,1,3143.4,1,1,3143.9,1,1,3144.1,1,1,3144.2,2,1,3144.4,24,2
2031,2026-06-16 13:06:48+05:30,3143.1,4,3130.8,2319453,136941.0,216889.0,3163.0,3163.0,3108.0,3134.3,32015000,3447.7,2820.9,3839.9,2896.0,3143.1,104,7,3143.0,97,9,3142.9,59,5,3142.8,35,4,3142.7,8,1,3143.3,1,1,3143.4,2,2,3143.9,1,1,3144.0,7,1,3144.1,1,1
2031,2026-06-16 13:06:49+05:30,3143.4,1,3130.8,2319453,136941.0,216889.0,3163.0,3163.0,3108.0,3134.3,32015000,3447.7,2820.9,3839.9,2896.0,3143.1,104,7,3143.0,97,9,3142.9,59,5,3142.8,35,4,3142.7,8,1,3143.3,1,1,3143.4,2,2,3143.9,1,1,3144.0,7,1,3144.1,1,1
2031,2026-06-16 13:06:49+05:30,3143.4,1,3130.8,2319457,136857.0,216783.0,3163.0,3163.0,3108.0,3134.3,32015000,3447.7,2820.9,3839.9,2896.0,3143.1,94,6,3143.0,97,9,3142.9,49,4,3142.8,35,4,3142.7,8,1,3143.3,1,1,3143.7,2,1,3143.9,1,1,3144.0,25,1,3144.1,1,1
2031,2026-06-16 13:06:50+05:30,3143.3,1,3130.8,2319457,136857.0,216783.0,3163.0,3163.0,3108.0,3134.3,32015000,3447.7,2820.9,3839.9,2896.0,3143.1,94,6,3143.0,97,9,3142.9,49,4,3142.8,35,4,3142.7,8,1,3143.3,1,1,3143.7,2,1,3143.9,1,1,3144.0,25,1,3144.1,1,1
2031,2026-06-16 13:06:50+05:30,3143.3,1,3130.8,2319458,136934.0,216853.0,3163.0,3163.0,3108.0,3134.3,32015000,3447.7,2820.9,3839.9,2896.0,3143.1,84,5,3143.0,92,8,3142.9,43,3,3142.8,8,2,3142.7,22,2,3143.7,2,1,3143.9,1,1,3144.0,25,1,3144.1,1,1,3144.2,23,2
2031,2026-06-16 13:06:52+05:30,3143.3,1,3130.8,2319458,137730.0,217017.0,3163.0,3163.0,3108.0,3134.3,32015000,3447.7,2820.9,3839.9,2896.0,3143.3,2,1,3143.1,72,3,3143.0,73,6,3142.9,52,3,3142.8,36,4,3143.7,28,2,3143.9,1,1,3144.0,26,2,3144.1,1,1,3144.2,2,1
2031,2026-06-16 13:06:53+05:30,3143.7,1,3130.8,2319459,137735.0,217037.0,3163.0,3163.0,3108.0,3134.3,32015000,3447.7,2820.9,3839.9,2896.0,3143.3,59,4,3143.2,22,2,3143.1,102,5,3143.0,76,8,3142.9,38,2,3143.7,27,2,3143.9,1,1,3144.0,26,2,3144.1,1,1,3144.2,2,1
2031,2026-06-16 13:06:53+05:30,3143.7,1,3130.8,2319459,137735.0,217037.0,3163.0,3163.0,3108.0,3134.3,32015000,3447.7,2820.9,3839.9,2896.0,3143.3,59,4,3143.2,22,2,3143.1,102,5,3143.0,76,8,3142.9,38,2,3143.7,27,2,3143.9,1,1,3144.0,26,2,3144.1,1,1,3144.2,2,1
2031,2026-06-16 13:06:54+05:30,3143.7,1,3130.8,2319459,137794.0,217028.0,3163.0,3163.0,3108.0,3134.3,32015000,3447.7,2820.9,3839.9,2896.0,3143.4,25,1,3143.3,59,4,3143.2,22,2,3143.1,102,5,3143.0,76,8,3143.7,27,2,3143.9,1,1,3144.0,26,2,3144.1,1,1,3144.2,2,1
2031,2026-06-16 13:06:54+05:30,3143.7,1,3130.8,2319459,137794.0,217028.0,3163.0,3163.0,3108.0,3134.3,32015000,3447.7,2820.9,3839.9,2896.0,3143.4,25,1,3143.3,59,4,3143.2,22,2,3143.1,102,5,3143.0,76,8,3143.7,27,2,3143.9,1,1,3144.0,26,2,3144.1,1,1,3144.2,2,1
2031,2026-06-16 13:06:55+05:30,3143.7,9,3130.81,2319469,137751.0,217141.0,3163.0,3163.0,3108.0,3134.3,32015000,3447.7,2820.9,3839.9,2896.0,3143.4,33,3,3143.3,62,3,3143.1,116,6,3143.0,67,6,3142.9,38,2,3143.7,17,1,3143.9,1,1,3144.0,26,2,3144.1,1,1,3144.2,2,1
2031,2026-06-16 13:06:55+05:30,3143.7,1,3130.81,2319469,137751.0,217141.0,3163.0,3163.0,3108.0,3134.3,32015000,3447.7,2820.9,3839.9,2896.0,3143.4,33,3,3143.3,62,3,3143.1,116,6,3143.0,67,6,3142.9,38,2,3143.7,17,1,3143.9,1,1,3144.0,26,2,3144.1,1,1,3144.2,2,1
2031,2026-06-16 13:06:56+05:30,3143.7,1,3130.81,2319471,137621.0,217142.0,3163.0,3163.0,3108.0,3134.3,32015000,3447.7,2820.9,3839.9,2896.0,3143.4,77,4,3143.3,62,3,3143.1,160,7,3143.0,67,6,3142.9,38,2,3143.7,15,1,3143.9,1,1,3144.0,26,2,3144.1,1,1,3144.2,2,1
2031,2026-06-16 13:06:56+05:30,3143.7,15,3130.81,2319471,137621.0,217142.0,3163.0,3163.0,3108.0,3134.3,32015000,3447.7,2820.9,3839.9,2896.0,3143.4,77,4,3143.3,62,3,3143.1,160,7,3143.0,67,6,3142.9,38,2,3143.7,15,1,3143.9,1,1,3144.0,26,2,3144.1,1,1,3144.2,2,1
2031,2026-06-16 13:06:57+05:30,3143.4,5,3130.81,2319647,137870.0,217244.0,3163.0,3163.0,3108.0,3134.3,32015000,3447.7,2820.9,3839.9,2896.0,3143.4,72,4,3143.3,81,4,3143.2,17,2,3143.1,92,5,3143.0,88,7,3144.0,26,2,3144.1,1,1,3144.2,2,1,3144.4,12,1,3144.5,258,2
2031,2026-06-16 13:06:57+05:30,3143.4,5,3130.81,2319647,137870.0,217244.0,3163.0,3163.0,3108.0,3134.3,32015000,3447.7,2820.9,3839.9,2896.0,3143.4,72,4,3143.3,81,4,3143.2,17,2,3143.1,92,5,3143.0,88,7,3144.0,26,2,3144.1,1,1,3144.2,2,1,3144.4,12,1,3144.5,258,2
2031,2026-06-16 13:06:58+05:30,3143.4,5,3130.81,2319647,138426.0,217252.0,3163.0,3163.0,3108.0,3134.3,32015000,3447.7,2820.9,3839.9,2896.0,3143.7,1,1,3143.4,72,4,3143.3,81,4,3143.2,17,2,3143.1,92,5,3144.0,26,2,3144.1,1,1,3144.2,2,1,3144.4,12,1,3144.5,258,2
2031,2026-06-16 13:06:59+05:30,3143.4,5,3130.81,2319647,138476.0,217213.0,3163.0,3163.0,3108.0,3134.3,32015000,3447.7,2820.9,3839.9,2896.0,3143.7,21,3,3143.4,72,4,3143.3,66,3,3143.2,17,2,3143.1,92,5,3144.0,26,2,3144.1,1,1,3144.2,2,1,3144.4,12,1,3144.5,258,2
2031,2026-06-16 13:07:00+05:30,3144.2,3,3130.81,2319719,139077.0,215510.0,3163.0,3163.0,3108.0,3134.3,32015000,3447.7,2820.9,3839.9,2896.0,3143.8,62,3,3143.7,110,6,3143.6,31,3,3143.4,96,6,3143.3,52,3,3144.9,38,2,3145.0,16009,13,3145.1,213,3,3145.2,222,3,3145.3,287,3
2031,2026-06-16 13:07:00+05:30,3143.7,11,3130.81,2319719,139077.0,215510.0,3163.0,3163.0,3108.0,3134.3,32015000,3447.7,2820.9,3839.9,2896.0,3143.8,62,3,3143.7,110,6,3143.6,31,3,3143.4,96,6,3143.3,52,3,3144.9,38,2,3145.0,16009,13,3145.1,213,3,3145.2,222,3,3145.3,287,3
2031,2026-06-16 13:07:01+05:30,3144.6,1,3130.81,2319920,138518.0,216012.0,3163.0,3163.0,3108.0,3134.3,32015000,3447.7,2820.9,3839.9,2896.0,3143.7,9,4,3143.4,76,5,3143.3,60,3,3143.2,38,3,3143.1,82,6,3144.6,42,3,3144.7,79,3,3144.8,104,4,3144.9,152,5,3145.0,16168,16
2031,2026-06-16 13:07:01+05:30,3144.6,11,3130.81,2319920,138518.0,216012.0,3163.0,3163.0,3108.0,3134.3,32015000,3447.7,2820.9,3839.9,2896.0,3143.7,9,4,3143.4,76,5,3143.3,60,3,3143.2,38,3,3143.1,82,6,3144.6,42,3,3144.7,79,3,3144.8,104,4,3144.9,152,5,3145.0,16168,16
2031,2026-06-16 13:07:02+05:30,3144.6,1,3130.81,2319937,138380.0,216091.0,3163.0,3163.0,3108.0,3134.3,32015000,3447.7,2820.9,3839.9,2896.0,3143.9,15,1,3143.7,41,4,3143.4,65,3,3143.3,42,1,3143.2,35,2,3144.5,13,1,3144.6,40,3,3144.7,89,4,3144.8,124,5,3144.9,101,3
2031,2026-06-16 13:07:02+05:30,3144.6,1,3130.81,2319937,138380.0,216091.0,3163.0,3163.0,3108.0,3134.3,32015000,3447.7,2820.9,3839.9,2896.0,3143.9,15,1,3143.7,41,4,3143.4,65,3,3143.3,42,1,3143.2,35,2,3144.5,13,1,3144.6,40,3,3144.7,89,4,3144.8,124,5,3144.9,101,3
2031,2026-06-16 13:07:03+05:30,3144.6,7,3130.81,2319995,138790.0,215883.0,3163.0,3163.0,3108.0,3134.3,32015000,3447.7,2820.9,3839.9,2896.0,3144.1,15,1,3143.7,56,5,3143.6,14,1,3143.5,5,1,3143.4,81,4,3144.7,13,1,3144.8,26,2,3144.9,51,3,3145.0,16165,16,3145.1,213,3
2031,2026-06-16 13:07:03+05:30,3144.6,7,3130.81,2319995,138790.0,215883.0,3163.0,3163.0,3108.0,3134.3,32015000,3447.7,2820.9,3839.9,2896.0,3144.1,15,1,3143.7,56,5,3143.6,14,1,3143.5,5,1,3143.4,81,4,3144.7,13,1,3144.8,26,2,3144.9,51,3,3145.0,16165,16,3145.1,213,3
2031,2026-06-16 13:07:04+05:30,3143.7,12,3130.81,2320195,138410.0,216034.0,3163.0,3163.0,3108.0,3134.3,32015000,3447.7,2820.9,3839.9,2896.0,3143.7,8,3,3143.4,116,6,3143.3,59,2,3143.1,72,7,3143.0,28,5,3144.6,25,2,3144.7,59,4,3144.8,61,3,3144.9,295,6,3145.0,16364,17
2031,2026-06-16 13:07:04+05:30,3143.7,12,3130.81,2320195,138410.0,216034.0,3163.0,3163.0,3108.0,3134.3,32015000,3447.7,2820.9,3839.9,2896.0,3143.7,8,3,3143.4,116,6,3143.3,59,2,3143.1,72,7,3143.0,28,5,3144.6,25,2,3144.7,59,4,3144.8,61,3,3144.9,295,6,3145.0,16364,17
2031,2026-06-16 13:07:05+05:30,3143.7,12,3130.81,2320195,138415.0,216024.0,3163.0,3163.0,3108.0,3134.3,32015000,3447.7,2820.9,3839.9,2896.0,3143.7,8,3,3143.4,95,5,3143.3,59,2,3143.1,72,7,3143.0,49,6,3144.6,92,5,3144.7,59,4,3144.8,166,6,3144.9,295,6,3145.0,16364,17
2031,2026-06-16 13:07:05+05:30,3144.6,12,3130.81,2320195,138415.0,216024.0,3163.0,3163.0,3108.0,3134.3,32015000,3447.7,2820.9,3839.9,2896.0,3143.7,8,3,3143.4,95,5,3143.3,59,2,3143.1,72,7,3143.0,49,6,3144.6,92,5,3144.7,59,4,3144.8,166,6,3144.9,295,6,3145.0,16364,17
2031,2026-06-16 13:07:06+05:30,3144.6,12,3130.81,2320247,138425.0,215881.0,3163.0,3163.0,3108.0,3134.3,32015000,3447.7,2820.9,3839.9,2896.0,3143.8,15,1,3143.7,5,2,3143.4,100,5,3143.3,42,1,3143.1,72,7,3144.6,79,4,3144.7,50,3,3144.8,145,5,3144.9,269,4,3145.0,16364,17
2031,2026-06-16 13:07:06+05:30,3144.6,1,3130.81,2320247,138425.0,215881.0,3163.0,3163.0,3108.0,3134.3,32015000,3447.7,2820.9,3839.9,2896.0,3143.8,15,1,3143.7,5,2,3143.4,100,5,3143.3,42,1,3143.1,72,7,3144.6,79,4,3144.7,50,3,3144.8,145,5,3144.9,269,4,3145.0,16364,17
2031,2026-06-16 13:07:07+05:30,3144.6,6,3130.81,2320268,138428.0,215957.0,3163.0,3163.0,3108.0,3134.3,32015000,3447.7,2820.9,3839.9,2896.0,3143.7,5,2,3143.4,65,3,3143.3,42,1,3143.2,19,2,3143.1,87,7,3144.5,26,2,3144.6,121,5,3144.7,61,3,3144.8,110,4,3144.9,269,4
2031,2026-06-16 13:07:07+05:30,3144.6,6,3130.81,2320268,138428.0,215957.0,3163.0,3163.0,3108.0,3134.3,32015000,3447.7,2820.9,3839.9,2896.0,3143.7,5,2,3143.4,65,3,3143.3,42,1,3143.2,19,2,3143.1,87,7,3144.5,26,2,3144.6,121,5,3144.7,61,3,3144.8,110,4,3144.9,269,4
2031,2026-06-16 13:07:08+05:30,3144.6,6,3130.81,2320268,138460.0,216094.0,3163.0,3163.0,3108.0,3134.3,32015000,3447.7,2820.9,3839.9,2896.0,3143.9,17,1,3143.7,1,1,3143.4,65,3,3143.3,56,2,3143.2,5,1,3144.5,26,2,3144.6,135,7,3144.7,61,3,3144.8,110,4,3144.9,231,3
2031,2026-06-16 13:07:08+05:30,3144.5,1,3130.81,2320268,138460.0,216094.0,3163.0,3163.0,3108.0,3134.3,32015000,3447.7,2820.9,3839.9,2896.0,3143.9,17,1,3143.7,1,1,3143.4,65,3,3143.3,56,2,3143.2,5,1,3144.5,26,2,3144.6,135,7,3144.7,61,3,3144.8,110,4,3144.9,231,3
2031,2026-06-16 13:07:09+05:30,3144.5,1,3130.81,2320270,138509.0,216296.0,3163.0,3163.0,3108.0,3134.3,32015000,3447.7,2820.9,3839.9,2896.0,3144.2,18,2,3143.7,16,2,3143.4,65,3,3143.3,56,2,3143.2,5,1,3144.5,25,2,3144.6,124,7,3144.7,26,2,3144.8,90,3,3144.9,231,3
2031,2026-06-16 13:07:09+05:30,3144.5,1,3130.81,2320270,138509.0,216296.0,3163.0,3163.0,3108.0,3134.3,32015000,3447.7,2820.9,3839.9,2896.0,3144.2,18,2,3143.7,16,2,3143.4,65,3,3143.3,56,2,3143.2,5,1,3144.5,25,2,3144.6,124,7,3144.7,26,2,3144.8,90,3,3144.9,231,3
2031,2026-06-16 13:07:10+05:30,3144.3,1,3130.81,2320290,137999.0,216544.0,3163.0,3163.0,3108.0,3134.3,32015000,3447.7,2820.9,3839.9,2896.0,3144.2,15,2,3143.7,15,1,3143.4,21,2,3143.1,95,6,3143.0,16,4,3144.3,12,1,3144.4,42,3,3144.5,62,4,3144.6,108,7,3144.7,88,2
2031,2026-06-16 13:07:10+05:30,3143.7,104,3130.81,2320290,137999.0,216544.0,3163.0,3163.0,3108.0,3134.3,32015000,3447.7,2820.9,3839.9,2896.0,3144.2,15,2,3143.7,15,1,3143.4,21,2,3143.1,95,6,3143.0,16,4,3144.3,12,1,3144.4,42,3,3144.5,62,4,3144.6,108,7,3144.7,88,2
2031,2026-06-16 13:07:11+05:30,3143.7,104,3130.81,2320290,137999.0,216544.0,3163.0,3163.0,3108.0,3134.3,32015000,3447.7,2820.9,3839.9,2896.0,3144.2,15,2,3143.7,15,1,3143.4,21,2,3143.1,95,6,3143.0,16,4,3144.3,12,1,3144.4,42,3,3144.5,62,4,3144.6,108,7,3144.7,88,2
2031,2026-06-16 13:07:11+05:30,3144.2,2,3130.81,2320563,137721.0,217542.0,3163.0,3163.0,3108.0,3134.3,32015000,3447.7,2820.9,3839.9,2896.0,3144.2,9,2,3143.7,15,1,3143.4,21,2,3143.3,13,1,3143.2,11,1,3144.3,23,1,3144.4,13,1,3144.5,43,3,3144.6,33,5,3144.7,32,1
2031,2026-06-16 13:07:11+05:30,3144.2,2,3130.81,2320563,137721.0,217542.0,3163.0,3163.0,3108.0,3134.3,32015000,3447.7,2820.9,3839.9,2896.0,3144.2,9,2,3143.7,15,1,3143.4,21,2,3143.3,13,1,3143.2,11,1,3144.3,23,1,3144.4,13,1,3144.5,43,3,3144.6,33,5,3144.7,32,1
2031,2026-06-16 13:07:12+05:30,3143.7,138,3130.81,2320764,137732.0,217588.0,3163.0,3163.0,3108.0,3134.3,32015000,3447.7,2820.9,3839.9,2896.0,3144.2,39,1,3143.4,62,5,3143.3,73,3,3143.2,44,5,3143.1,18,3,3144.5,17,1,3144.6,133,6,3144.9,225,2,3145.0,16402,17,3145.1,282,3
2031,2026-06-16 13:07:12+05:30,3143.7,138,3130.81,2320764,137732.0,217588.0,3163.0,3163.0,3108.0,3134.3,32015000,3447.7,2820.9,3839.9,2896.0,3144.2,39,1,3143.4,62,5,3143.3,73,3,3143.2,44,5,3143.1,18,3,3144.5,17,1,3144.6,133,6,3144.9,225,2,3145.0,16402,17,3145.1,282,3
2031,2026-06-16 13:07:13+05:30,3143.7,138,3130.81,2320764,137732.0,217588.0,3163.0,3163.0,3108.0,3134.3,32015000,3447.7,2820.9,3839.9,2896.0,3144.2,39,1,3143.4,62,5,3143.3,73,3,3143.2,44,5,3143.1,18,3,3144.5,17,1,3144.6,133,6,3144.9,225,2,3145.0,16402,17,3145.1,282,3
2031,2026-06-16 13:07:13+05:30,3143.7,138,3130.81,2320764,138063.0,217563.0,3163.0,3163.0,3108.0,3134.3,32015000,3447.7,2820.9,3839.9,2896.0,3144.2,39,1,3143.4,125,6,3143.3,73,3,3143.2,100,6,3143.1,46,4,3144.5,17,1,3144.6,133,6,3144.9,225,2,3145.0,16367,16,3145.1,282,3
2031,2026-06-16 13:07:14+05:30,3144.6,1,3130.81,2320764,138063.0,217563.0,3163.0,3163.0,3108.0,3134.3,32015000,3447.7,2820.9,3839.9,2896.0,3144.2,39,1,3143.4,125,6,3143.3,73,3,3143.2,100,6,3143.1,46,4,3144.5,17,1,3144.6,133,6,3144.9,225,2,3145.0,16367,16,3145.1,282,3
2031,2026-06-16 13:07:14+05:30,3144.6,1,3130.81,2320855,138622.0,216903.0,3163.0,3163.0,3108.0,3134.3,32015000,3447.7,2820.9,3839.9,2896.0,3143.7,1,1,3143.6,37,3,3143.5,68,5,3143.4,96,6,3143.3,30,3,3144.5,8,1,3144.6,109,4,3144.8,21,1,3144.9,225,2,3145.0,16265,15
2031,2026-06-16 13:07:15+05:30,3144.6,1,3130.81,2320855,138622.0,216903.0,3163.0,3163.0,3108.0,3134.3,32015000,3447.7,2820.9,3839.9,2896.0,3143.7,1,1,3143.6,37,3,3143.5,68,5,3143.4,96,6,3143.3,30,3,3144.5,8,1,3144.6,109,4,3144.8,21,1,3144.9,225,2,3145.0,16265,15
2031,2026-06-16 13:07:15+05:30,3144.5,1,3130.81,2320855,138622.0,216903.0,3163.0,3163.0,3108.0,3134.3,32015000,3447.7,2820.9,3839.9,2896.0,3143.7,1,1,3143.6,37,3,3143.5,68,5,3143.4,96,6,3143.3,30,3,3144.5,8,1,3144.6,109,4,3144.8,21,1,3144.9,225,2,3145.0,16265,15
2031,2026-06-16 13:07:15+05:30,3144.5,1,3130.81,2320856,137757.0,217449.0,3163.0,3163.0,3108.0,3134.3,32015000,3447.7,2820.9,3839.9,2896.0,3144.1,2,2,3143.7,2,2,3143.5,13,1,3143.4,34,4,3143.3,20,2,3144.5,7,1,3144.6,109,4,3144.8,277,3,3144.9,362,5,3145.0,16265,15
2031,2026-06-16 13:07:16+05:30,3144.5,1,3130.81,2320856,137842.0,217540.0,3163.0,3163.0,3108.0,3134.3,32015000,3447.7,2820.9,3839.9,2896.0,3144.1,2,2,3143.7,2,2,3143.5,13,1,3143.4,52,5,3143.3,20,2,3144.5,17,2,3144.6,109,4,3144.8,277,3,3144.9,341,4,3145.0,16265,15
2031,2026-06-16 13:07:17+05:30,3144.5,1,3130.81,2320856,137842.0,217540.0,3163.0,3163.0,3108.0,3134.3,32015000,3447.7,2820.9,3839.9,2896.0,3144.1,2,2,3143.7,2,2,3143.5,13,1,3143.4,52,5,3143.3,20,2,3144.5,17,2,3144.6,109,4,3144.8,277,3,3144.9,341,4,3145.0,16265,15
2031,2026-06-16 13:07:17+05:30,3144.1,1,3130.81,2320856,137842.0,217540.0,3163.0,3163.0,3108.0,3134.3,32015000,3447.7,2820.9,3839.9,2896.0,3144.1,2,2,3143.7,2,2,3143.5,13,1,3143.4,52,5,3143.3,20,2,3144.5,17,2,3144.6,109,4,3144.8,277,3,3144.9,341,4,3145.0,16265,15
2031,2026-06-16 13:07:17+05:30,3144.1,1,3130.81,2320864,137690.0,217945.0,3163.0,3163.0,3108.0,3134.3,32015000,3447.7,2820.9,3839.9,2896.0,3143.7,2,2,3143.6,5,1,3143.5,19,2,3143.4,49,5,3143.3,25,3,3144.0,5,1,3144.5,23,3,3144.6,131,5,3144.7,3,1,3144.8,279,4
2031,2026-06-16 13:07:18+05:30,3143.8,100,3130.81,2320864,137690.0,217945.0,3163.0,3163.0,3108.0,3134.3,32015000,3447.7,2820.9,3839.9,2896.0,3143.7,2,2,3143.6,5,1,3143.5,19,2,3143.4,49,5,3143.3,25,3,3144.0,5,1,3144.5,23,3,3144.6,131,5,3144.7,3,1,3144.8,279,4
2031,2026-06-16 13:07:18+05:30,3143.8,100,3130.81,2320864,137690.0,217945.0,3163.0,3163.0,3108.0,3134.3,32015000,3447.7,2820.9,3839.9,2896.0,3143.7,2,2,3143.6,5,1,3143.5,19,2,3143.4,49,5,3143.3,25,3,3144.0,5,1,3144.5,23,3,3144.6,131,5,3144.7,3,1,3144.8,279,4
2031,2026-06-16 13:07:19+05:30,3143.8,100,3130.81,2320964,137628.0,217980.0,3163.0,3163.0,3108.0,3134.3,32015000,3447.7,2820.9,3839.9,2896.0,3143.8,17,1,3143.7,2,2,3143.5,13,1,3143.4,49,5,3143.3,10,2,3144.0,23,2,3144.5,23,3,3144.6,131,5,3144.7,3,1,3144.8,279,4
2031,2026-06-16 13:07:19+05:30,3144.0,1,3130.81,2320964,137628.0,217980.0,3163.0,3163.0,3108.0,3134.3,32015000,3447.7,2820.9,3839.9,2896.0,3143.8,17,1,3143.7,2,2,3143.5,13,1,3143.4,49,5,3143.3,10,2,3144.0,23,2,3144.5,23,3,3144.6,131,5,3144.7,3,1,3144.8,279,4
2031,2026-06-16 13:07:20+05:30,3144.0,1,3130.81,2320965,137619.0,218018.0,3163.0,3163.0,3108.0,3134.3,32015000,3447.7,2820.9,3839.9,2896.0,3143.8,17,1,3143.7,1,1,3143.4,31,4,3143.3,5,1,3143.2,14,2,3144.0,29,3,3144.5,19,2,3144.6,165,6,3144.7,203,2,3144.8,334,6
2031,2026-06-16 13:07:20+05:30,3144.0,1,3130.81,2320965,137619.0,218018.0,3163.0,3163.0,3108.0,3134.3,32015000,3447.7,2820.9,3839.9,2896.0,3143.8,17,1,3143.7,1,1,3143.4,31,4,3143.3,5,1,3143.2,14,2,3144.0,29,3,3144.5,19,2,3144.6,165,6,3144.7,203,2,3144.8,334,6
2031,2026-06-16 13:07:20+05:30,3144.0,1,3130.81,2320965,137569.0,218021.0,3163.0,3163.0,3108.0,3134.3,32015000,3447.7,2820.9,3839.9,2896.0,3143.8,17,1,3143.7,1,1,3143.4,31,4,3143.3,5,1,3143.2,14,2,3144.0,29,3,3144.5,22,3,3144.6,165,6,3144.7,200,1,3144.8,334,6
2031,2026-06-16 13:07:21+05:30,3144.0,1,3130.81,2320965,137569.0,218021.0,3163.0,3163.0,3108.0,3134.3,32015000,3447.7,2820.9,3839.9,2896.0,3143.8,17,1,3143.7,1,1,3143.4,31,4,3143.3,5,1,3143.2,14,2,3144.0,29,3,3144.5,22,3,3144.6,165,6,3144.7,200,1,3144.8,334,6
2031,2026-06-16 13:07:21+05:30,3144.0,1,3130.81,2320965,137569.0,218021.0,3163.0,3163.0,3108.0,3134.3,32015000,3447.7,2820.9,3839.9,2896.0,3143.8,17,1,3143.7,1,1,3143.4,31,4,3143.3,5,1,3143.2,14,2,3144.0,29,3,3144.5,22,3,3144.6,165,6,3144.7,200,1,3144.8,334,6
2031,2026-06-16 13:07:22+05:30,3144.0,1,3130.81,2320981,137647.0,217938.0,3163.0,3163.0,3108.0,3134.3,32015000,3447.7,2820.9,3839.9,2896.0,3143.8,17,1,3143.7,30,3,3143.4,44,5,3143.3,5,1,3143.2,19,3,3144.0,13,2,3144.5,22,3,3144.6,131,5,3144.7,200,1,3144.8,313,5
2031,2026-06-16 13:07:22+05:30,3144.0,1,3130.81,2320981,137647.0,217938.0,3163.0,3163.0,3108.0,3134.3,32015000,3447.7,2820.9,3839.9,2896.0,3143.8,17,1,3143.7,30,3,3143.4,44,5,3143.3,5,1,3143.2,19,3,3144.0,13,2,3144.5,22,3,3144.6,131,5,3144.7,200,1,3144.8,313,5
2031,2026-06-16 13:07:22+05:30,3144.0,1,3130.81,2320981,137647.0,217938.0,3163.0,3163.0,3108.0,3134.3,32015000,3447.7,2820.9,3839.9,2896.0,3143.8,17,1,3143.7,30,3,3143.4,44,5,3143.3,5,1,3143.2,19,3,3144.0,13,2,3144.5,22,3,3144.6,131,5,3144.7,200,1,3144.8,313,5
2031,2026-06-16 13:07:22+05:30,3144.0,1,3130.81,2320981,137647.0,217938.0,3163.0,3163.0,3108.0,3134.3,32015000,3447.7,2820.9,3839.9,2896.0,3143.8,17,1,3143.7,30,3,3143.4,44,5,3143.3,5,1,3143.2,19,3,3144.0,13,2,3144.5,22,3,3144.6,131,5,3144.7,200,1,3144.8,313,5
2031,2026-06-16 13:07:23+05:30,3144.0,1,3130.81,2320982,137756.0,218218.0,3163.0,3163.0,3108.0,3134.3,32015000,3447.7,2820.9,3839.9,2896.0,3143.9,16,1,3143.7,1,1,3143.4,21,2,3143.1,49,4,3143.0,84,6,3144.0,12,2,3144.5,256,5,3144.6,331,6,3144.7,397,4,3144.8,530,7
2031,2026-06-16 13:07:23+05:30,3144.0,1,3130.81,2320982,137756.0,218218.0,3163.0,3163.0,3108.0,3134.3,32015000,3447.7,2820.9,3839.9,2896.0,3143.9,16,1,3143.7,1,1,3143.4,21,2,3143.1,49,4,3143.0,84,6,3144.0,12,2,3144.5,256,5,3144.6,331,6,3144.7,397,4,3144.8,530,7
2031,2026-06-16 13:07:23+05:30,3144.0,7,3130.81,2320982,137756.0,218218.0,3163.0,3163.0,3108.0,3134.3,32015000,3447.7,2820.9,3839.9,2896.0,3143.9,16,1,3143.7,1,1,3143.4,21,2,3143.1,49,4,3143.0,84,6,3144.0,12,2,3144.5,256,5,3144.6,331,6,3144.7,397,4,3144.8,530,7
2031,2026-06-16 13:07:24+05:30,3144.0,7,3130.81,2320994,137826.0,218313.0,3163.0,3163.0,3108.0,3134.3,32015000,3447.7,2820.9,3839.9,2896.0,3144.0,3,1,3143.7,1,1,3143.4,21,2,3143.1,49,4,3143.0,82,5,3144.2,200,1,3144.3,281,2,3144.4,260,3,3144.5,419,4,3144.6,165,5
2031,2026-06-16 13:07:24+05:30,3144.0,7,3130.81,2320994,137826.0,218313.0,3163.0,3163.0,3108.0,3134.3,32015000,3447.7,2820.9,3839.9,2896.0,3144.0,3,1,3143.7,1,1,3143.4,21,2,3143.1,49,4,3143.0,82,5,3144.2,200,1,3144.3,281,2,3144.4,260,3,3144.5,419,4,3144.6,165,5
2031,2026-06-16 13:07:25+05:30,3144.0,7,3130.81,2320994,137877.0,218428.0,3163.0,3163.0,3108.0,3134.3,32015000,3447.7,2820.9,3839.9,2896.0,3144.0,4,2,3143.7,17,2,3143.4,21,2,3143.1,49,4,3143.0,102,6,3144.2,200,1,3144.3,281,2,3144.4,234,2,3144.5,451,5,3144.6,165,5
2031,2026-06-16 13:07:25+05:30,3144.0,7,3130.81,2320994,137877.0,218428.0,3163.0,3163.0,3108.0,3134.3,32015000,3447.7,2820.9,3839.9,2896.0,3144.0,4,2,3143.7,17,2,3143.4,21,2,3143.1,49,4,3143.0,102,6,3144.2,200,1,3144.3,281,2,3144.4,234,2,3144.5,451,5,3144.6,165,5
2031,2026-06-16 13:07:25+05:30,3144.1,1,3130.81,2320994,137877.0,218428.0,3163.0,3163.0,3108.0,3134.3,32015000,3447.7,2820.9,3839.9,2896.0,3144.0,4,2,3143.7,17,2,3143.4,21,2,3143.1,49,4,3143.0,102,6,3144.2,200,1,3144.3,281,2,3144.4,234,2,3144.5,451,5,3144.6,165,5
2031,2026-06-16 13:07:25+05:30,3144.1,1,3130.81,2320994,137877.0,218428.0,3163.0,3163.0,3108.0,3134.3,32015000,3447.7,2820.9,3839.9,2896.0,3144.0,4,2,3143.7,17,2,3143.4,21,2,3143.1,49,4,3143.0,102,6,3144.2,200,1,3144.3,281,2,3144.4,234,2,3144.5,451,5,3144.6,165,5
2031,2026-06-16 13:07:26+05:30,3144.1,1,3130.81,2321005,137913.0,218662.0,3163.0,3163.0,3108.0,3134.3,32015000,3447.7,2820.9,3839.9,2896.0,3144.1,15,1,3144.0,1,1,3143.7,16,1,3143.4,21,2,3143.1,49,4,3144.2,190,1,3144.3,281,2,3144.4,200,1,3144.5,609,4,3144.6,165,5
2031,2026-06-16 13:07:26+05:30,3143.7,38,3130.81,2321005,137913.0,218662.0,3163.0,3163.0,3108.0,3134.3,32015000,3447.7,2820.9,3839.9,2896.0,3144.1,15,1,3144.0,1,1,3143.7,16,1,3143.4,21,2,3143.1,49,4,3144.2,190,1,3144.3,281,2,3144.4,200,1,3144.5,609,4,3144.6,165,5
2031,2026-06-16 13:07:26+05:30,3143.7,38,3130.81,2321005,137913.0,218662.0,3163.0,3163.0,3108.0,3134.3,32015000,3447.7,2820.9,3839.9,2896.0,3144.1,15,1,3144.0,1,1,3143.7,16,1,3143.4,21,2,3143.1,49,4,3144.2,190,1,3144.3,281,2,3144.4,200,1,3144.5,609,4,3144.6,165,5
2031,2026-06-16 13:07:27+05:30,3144.0,50,3130.82,2321283,137844.0,218295.0,3163.0,3163.0,3108.0,3134.3,32015000,3447.7,2820.9,3839.9,2896.0,3143.7,16,1,3143.4,31,4,3143.2,23,3,3143.1,109,4,3143.0,40,5,3143.8,150,1,3144.4,10,1,3144.5,200,1,3144.6,330,6,3144.7,281,2
2031,2026-06-16 13:07:27+05:30,3144.0,50,3130.82,2321283,137844.0,218295.0,3163.0,3163.0,3108.0,3134.3,32015000,3447.7,2820.9,3839.9,2896.0,3143.7,16,1,3143.4,31,4,3143.2,23,3,3143.1,109,4,3143.0,40,5,3143.8,150,1,3144.4,10,1,3144.5,200,1,3144.6,330,6,3144.7,281,2
2031,2026-06-16 13:07:27+05:30,3144.0,50,3130.82,2321283,137844.0,218295.0,3163.0,3163.0,3108.0,3134.3,32015000,3447.7,2820.9,3839.9,2896.0,3143.7,16,1,3143.4,31,4,3143.2,23,3,3143.1,109,4,3143.0,40,5,3143.8,150,1,3144.4,10,1,3144.5,200,1,3144.6,330,6,3144.7,281,2
2031,2026-06-16 13:07:27+05:30,3143.8,1,3130.82,2321284,137582.0,218351.0,3163.0,3163.0,3108.0,3134.3,32015000,3447.7,2820.9,3839.9,2896.0,3143.7,55,2,3143.4,39,4,3143.2,10,2,3143.1,124,6,3143.0,40,5,3143.8,149,1,3144.4,13,2,3144.5,400,2,3144.6,330,6,3144.7,281,2
2031,2026-06-16 13:07:28+05:30,3143.8,1,3130.82,2321284,137582.0,218351.0,3163.0,3163.0,3108.0,3134.3,32019600,3447.7,2820.9,3839.9,2896.0,3143.7,55,2,3143.4,39,4,3143.2,10,2,3143.1,124,6,3143.0,40,5,3143.8,149,1,3144.4,13,2,3144.5,400,2,3144.6,330,6,3144.7,281,2
2031,2026-06-16 13:07:28+05:30,3143.8,1,3130.82,2321284,137582.0,218351.0,3163.0,3163.0,3108.0,3134.3,32019600,3447.7,2820.9,3839.9,2896.0,3143.7,55,2,3143.4,39,4,3143.2,10,2,3143.1,124,6,3143.0,40,5,3143.8,149,1,3144.4,13,2,3144.5,400,2,3144.6,330,6,3144.7,281,2
2031,2026-06-16 13:07:28+05:30,3143.8,1,3130.82,2321288,137638.0,218351.0,3163.0,3163.0,3108.0,3134.3,32019600,3447.7,2820.9,3839.9,2896.0,3143.7,52,2,3143.4,21,2,3143.2,17,3,3143.1,124,6,3143.0,40,5,3143.8,149,2,3144.4,13,2,3144.5,400,2,3144.6,330,6,3144.7,281,2
2031,2026-06-16 13:07:29+05:30,3143.8,1,3130.82,2321288,137819.0,218456.0,3163.0,3163.0,3108.0,3134.3,32019600,3447.7,2820.9,3839.9,2896.0,3143.7,64,5,3143.6,2,1,3143.5,8,2,3143.4,34,3,3143.2,30,4,3143.8,149,2,3144.5,400,2,3144.6,330,6,3144.7,281,2,3144.8,506,7
2031,2026-06-16 13:07:30+05:30,3143.8,2,3130.82,2321288,137819.0,218456.0,3163.0,3163.0,3108.0,3134.3,32019600,3447.7,2820.9,3839.9,2896.0,3143.7,64,5,3143.6,2,1,3143.5,8,2,3143.4,34,3,3143.2,30,4,3143.8,149,2,3144.5,400,2,3144.6,330,6,3144.7,281,2,3144.8,506,7
2031,2026-06-16 13:07:30+05:30,3143.8,2,3130.82,2321292,136788.0,217476.0,3163.0,3163.0,3108.0,3134.3,32019600,3447.7,2820.9,3839.9,2896.0,3143.7,69,7,3143.6,2,1,3143.5,8,2,3143.4,34,3,3143.2,30,4,3143.8,175,4,3144.5,400,2,3144.6,330,6,3144.7,281,2,3144.8,506,7
2031,2026-06-16 13:07:31+05:30,3143.8,29,3130.82,2321292,136788.0,217476.0,3163.0,3163.0,3108.0,3134.3,32019600,3447.7,2820.9,3839.9,2896.0,3143.7,69,7,3143.6,2,1,3143.5,8,2,3143.4,34,3,3143.2,30,4,3143.8,175,4,3144.5,400,2,3144.6,330,6,3144.7,281,2,3144.8,506,7
2031,2026-06-16 13:07:31+05:30,3143.8,29,3130.82,2321467,138155.0,217659.0,3163.0,3163.0,3108.0,3134.3,32019600,3447.7,2820.9,3839.9,2896.0,3143.7,73,6,3143.5,4,1,3143.4,35,4,3143.3,6,1,3143.2,73,4,3144.5,400,2,3144.6,309,5,3144.7,281,2,3144.8,450,6,3144.9,157,4
2031,2026-06-16 13:07:32+05:30,3143.7,5,3130.82,2321467,138155.0,217659.0,3163.0,3163.0,3108.0,3134.3,32019600,3447.7,2820.9,3839.9,2896.0,3143.7,73,6,3143.5,4,1,3143.4,35,4,3143.3,6,1,3143.2,73,4,3144.5,400,2,3144.6,309,5,3144.7,281,2,3144.8,450,6,3144.9,157,4
2031,2026-06-16 13:07:32+05:30,3143.7,5,3130.82,2321475,138188.0,217855.0,3163.0,3163.0,3108.0,3134.3,32019600,3447.7,2820.9,3839.9,2896.0,3143.7,65,6,3143.4,34,3,3143.2,10,2,3143.1,33,2,3143.0,57,6,3144.4,26,2,3144.5,482,6,3144.6,306,4,3144.7,337,3,3144.8,467,6
2031,2026-06-16 13:07:33+05:30,3143.7,5,3130.82,2321475,138188.0,217855.0,3163.0,3163.0,3108.0,3134.3,32019600,3447.7,2820.9,3839.9,2896.0,3143.7,65,6,3143.4,34,3,3143.2,10,2,3143.1,33,2,3143.0,57,6,3144.4,26,2,3144.5,482,6,3144.6,306,4,3144.7,337,3,3144.8,467,6
2031,2026-06-16 13:07:33+05:30,3143.7,5,3130.82,2321581,138055.0,218057.0,3163.0,3163.0,3108.0,3134.3,32019600,3447.7,2820.9,3839.9,2896.0,3143.7,76,6,3143.4,21,2,3143.2,23,3,3143.1,33,2,3143.0,57,6,3144.4,141,1,3144.5,545,6,3144.6,357,5,3144.7,418,3,3144.8,61,3
2031,2026-06-16 13:07:34+05:30,3144.0,1,3130.82,2321581,138055.0,218057.0,3163.0,3163.0,3108.0,3134.3,32019600,3447.7,2820.9,3839.9,2896.0,3143.7,76,6,3143.4,21,2,3143.2,23,3,3143.1,33,2,3143.0,57,6,3144.4,141,1,3144.5,545,6,3144.6,357,5,3144.7,418,3,3144.8,61,3
2031,2026-06-16 13:07:34+05:30,3144.0,1,3130.82,2321582,138109.0,218698.0,3163.0,3163.0,3108.0,3134.3,32019600,3447.7,2820.9,3839.9,2896.0,3143.8,19,2,3143.7,62,6,3143.4,21,2,3143.2,79,4,3143.1,33,2,3144.0,24,1,3144.4,141,1,3144.5,519,4,3144.6,357,5,3144.7,400,2
2031,2026-06-16 13:07:35+05:30,3144.0,1,3130.82,2321582,138164.0,218597.0,3163.0,3163.0,3108.0,3134.3,32019600,3447.7,2820.9,3839.9,2896.0,3143.8,75,6,3143.7,62,6,3143.4,34,3,3143.2,66,3,3143.1,49,4,3144.0,24,1,3144.4,142,2,3144.5,519,4,3144.6,306,4,3144.7,400,2
2031,2026-06-16 13:07:36+05:30,3144.0,1,3130.82,2321582,138176.0,218597.0,3163.0,3163.0,3108.0,3134.3,32019600,3447.7,2820.9,3839.9,2896.0,3143.8,75,6,3143.7,62,6,3143.6,5,1,3143.5,6,1,3143.4,48,5,3144.0,24,1,3144.4,142,2,3144.5,519,4,3144.6,306,4,3144.7,400,2
2031,2026-06-16 13:07:37+05:30,3144.0,1,3130.82,2321582,138201.0,218596.0,3163.0,3163.0,3108.0,3134.3,32019600,3447.7,2820.9,3839.9,2896.0,3143.8,75,6,3143.7,62,6,3143.5,6,1,3143.4,48,5,3143.2,98,5,3144.0,61,2,3144.4,142,2,3144.5,481,3,3144.6,756,5,3144.7,400,2
2031,2026-06-16 13:07:38+05:30,3144.0,1,3130.82,2321582,138201.0,218596.0,3163.0,3163.0,3108.0,3134.3,32019600,3447.7,2820.9,3839.9,2896.0,3143.8,75,6,3143.7,62,6,3143.5,6,1,3143.4,48,5,3143.2,98,5,3144.0,61,2,3144.4,142,2,3144.5,481,3,3144.6,756,5,3144.7,400,2
2031,2026-06-16 13:07:38+05:30,3144.0,1,3130.82,2321583,138199.0,218741.0,3163.0,3163.0,3108.0,3134.3,32019600,3447.7,2820.9,3839.9,2896.0,3143.9,25,3,3143.8,50,4,3143.7,58,5,3143.4,41,4,3143.3,19,1,3144.0,60,2,3144.4,142,2,3144.5,481,3,3144.6,756,5,3144.7,400,2
2031,2026-06-16 13:07:39+05:30,3144.0,36,3130.82,2321583,138199.0,218741.0,3163.0,3163.0,3108.0,3134.3,32019600,3447.7,2820.9,3839.9,2896.0,3143.9,25,3,3143.8,50,4,3143.7,58,5,3143.4,41,4,3143.3,19,1,3144.0,60,2,3144.4,142,2,3144.5,481,3,3144.6,756,5,3144.7,400,2
2031,2026-06-16 13:07:39+05:30,3144.0,1,3130.82,2321643,138517.0,217860.0,3163.0,3163.0,3108.0,3134.3,32019600,3447.7,2820.9,3839.9,2896.0,3144.0,16,1,3143.9,61,4,3143.8,50,4,3143.7,57,4,3143.4,104,6,3144.4,142,2,3144.5,481,3,3144.6,756,5,3144.7,400,2,3144.8,6,1
2031,2026-06-16 13:07:40+05:30,3143.9,3,3130.82,2321643,138517.0,217860.0,3163.0,3163.0,3108.0,3134.3,32019600,3447.7,2820.9,3839.9,2896.0,3144.0,16,1,3143.9,61,4,3143.8,50,4,3143.7,57,4,3143.4,104,6,3144.4,142,2,3144.5,481,3,3144.6,756,5,3144.7,400,2,3144.8,6,1
2031,2026-06-16 13:07:40+05:30,3143.9,3,3130.82,2321852,137956.0,217430.0,3163.0,3163.0,3108.0,3134.3,32019600,3447.7,2820.9,3839.9,2896.0,3143.9,1,1,3143.8,67,5,3143.7,49,3,3143.4,52,7,3143.3,49,1,3144.5,192,1,3144.6,556,4,3144.9,60,3,3145.0,16009,13,3145.1,198,3
2031,2026-06-16 13:07:41+05:30,3144.4,1,3130.82,2321852,137956.0,217430.0,3163.0,3163.0,3108.0,3134.3,32019600,3447.7,2820.9,3839.9,2896.0,3143.9,1,1,3143.8,67,5,3143.7,49,3,3143.4,52,7,3143.3,49,1,3144.5,192,1,3144.6,556,4,3144.9,60,3,3145.0,16009,13,3145.1,198,3
2031,2026-06-16 13:07:41+05:30,3144.4,1,3130.82,2321853,138010.0,217476.0,3163.0,3163.0,3108.0,3134.3,32019600,3447.7,2820.9,3839.9,2896.0,3143.9,17,2,3143.8,50,4,3143.7,49,3,3143.4,52,7,3143.3,49,1,3144.4,46,1,3144.5,192,1,3144.6,556,4,3144.9,116,4,3145.0,16009,13
2031,2026-06-16 13:07:42+05:30,3144.5,21,3130.82,2321853,138010.0,217476.0,3163.0,3163.0,3108.0,3134.3,32019600,3447.7,2820.9,3839.9,2896.0,3143.9,17,2,3143.8,50,4,3143.7,49,3,3143.4,52,7,3143.3,49,1,3144.4,46,1,3144.5,192,1,3144.6,556,4,3144.9,116,4,3145.0,16009,13
2031,2026-06-16 13:07:42+05:30,3144.5,21,3130.82,2321924,137918.0,217357.0,3163.0,3163.0,3108.0,3134.3,32019600,3447.7,2820.9,3839.9,2896.0,3143.9,11,2,3143.8,50,4,3143.7,40,2,3143.5,17,2,3143.4,39,6,3144.5,172,2,3144.6,556,4,3144.9,60,3,3145.0,16009,13,3145.1,198,3
2031,2026-06-16 13:07:43+05:30,3144.5,21,3130.82,2321924,137925.0,217542.0,3163.0,3163.0,3108.0,3134.3,32019600,3447.7,2820.9,3839.9,2896.0,3143.9,11,2,3143.8,50,4,3143.7,40,2,3143.5,13,1,3143.4,32,5,3144.5,177,3,3144.6,589,5,3144.8,33,1,3144.9,27,2,3145.0,16236,15
2031,2026-06-16 13:07:44+05:30,3144.5,5,3130.82,2321930,137655.0,217239.0,3163.0,3163.0,3108.0,3134.3,32019600,3447.7,2820.9,3839.9,2896.0,3143.9,11,2,3143.8,52,5,3143.7,40,2,3143.5,4,1,3143.4,32,5,3144.5,222,5,3144.6,556,4,3144.7,64,1,3144.8,33,1,3144.9,147,4
2031,2026-06-16 13:07:44+05:30,3144.5,5,3130.82,2321930,137655.0,217239.0,3163.0,3163.0,3108.0,3134.3,32019600,3447.7,2820.9,3839.9,2896.0,3143.9,11,2,3143.8,52,5,3143.7,40,2,3143.5,4,1,3143.4,32,5,3144.5,222,5,3144.6,556,4,3144.7,64,1,3144.8,33,1,3144.9,147,4
2031,2026-06-16 13:07:45+05:30,3144.4,3,3130.82,2321935,137769.0,217808.0,3163.0,3163.0,3108.0,3134.3,32019600,3447.7,2820.9,3839.9,2896.0,3144.4,1,1,3144.2,2,2,3143.9,7,1,3143.8,52,5,3143.7,40,2,3144.5,388,6,3144.6,589,5,3144.8,33,1,3144.9,147,4,3145.0,16328,17
2031,2026-06-16 13:07:45+05:30,3144.5,59,3130.82,2321935,137769.0,217808.0,3163.0,3163.0,3108.0,3134.3,32019600,3447.7,2820.9,3839.9,2896.0,3144.4,1,1,3144.2,2,2,3143.9,7,1,3143.8,52,5,3143.7,40,2,3144.5,388,6,3144.6,589,5,3144.8,33,1,3144.9,147,4,3145.0,16328,17
2031,2026-06-16 13:07:46+05:30,3143.9,12,3130.82,2322017,137669.0,217682.0,3163.0,3163.0,3108.0,3134.3,32019600,3447.7,2820.9,3839.9,2896.0,3143.9,16,1,3143.8,9,4,3143.7,1,1,3143.5,13,1,3143.4,25,4,3144.4,42,3,3144.5,329,6,3144.6,605,5,3144.9,91,3,3145.0,16328,17
2031,2026-06-16 13:07:46+05:30,3143.9,12,3130.82,2322017,137669.0,217682.0,3163.0,3163.0,3108.0,3134.3,32019600,3447.7,2820.9,3839.9,2896.0,3143.9,16,1,3143.8,9,4,3143.7,1,1,3143.5,13,1,3143.4,25,4,3144.4,42,3,3144.5,329,6,3144.6,605,5,3144.9,91,3,3145.0,16328,17
2031,2026-06-16 13:07:47+05:30,3144.5,22,3130.82,2322039,138005.0,217650.0,3163.0,3163.0,3108.0,3134.3,32019600,3447.7,2820.9,3839.9,2896.0,3143.9,59,2,3143.8,424,6,3143.7,19,2,3143.6,9,1,3143.5,13,1,3144.4,25,1,3144.5,282,5,3144.6,556,4,3144.9,25,1,3145.0,16134,15
2031,2026-06-16 13:07:47+05:30,3144.5,22,3130.82,2322039,138005.0,217650.0,3163.0,3163.0,3108.0,3134.3,32019600,3447.7,2820.9,3839.9,2896.0,3143.9,59,2,3143.8,424,6,3143.7,19,2,3143.6,9,1,3143.5,13,1,3144.4,25,1,3144.5,282,5,3144.6,556,4,3144.9,25,1,3145.0,16134,15
2031,2026-06-16 13:07:48+05:30,3143.8,50,3130.82,2322240,137972.0,218796.0,3163.0,3163.0,3108.0,3134.3,32019600,3447.7,2820.9,3839.9,2896.0,3143.8,368,4,3143.7,1,1,3143.5,14,2,3143.4,46,4,3143.3,20,2,3144.1,141,1,3144.2,281,2,3144.3,232,2,3144.4,424,3,3144.5,282,5
2031,2026-06-16 13:07:48+05:30,3143.8,50,3130.82,2322240,137972.0,218796.0,3163.0,3163.0,3108.0,3134.3,32019600,3447.7,2820.9,3839.9,2896.0,3143.8,368,4,3143.7,1,1,3143.5,14,2,3143.4,46,4,3143.3,20,2,3144.1,141,1,3144.2,281,2,3144.3,232,2,3144.4,424,3,3144.5,282,5
2031,2026-06-16 13:07:49+05:30,3144.5,1,3130.82,2322449,137601.0,217690.0,3163.0,3163.0,3108.0,3134.3,32019600,3447.7,2820.9,3839.9,2896.0,3143.8,299,3,3143.7,1,1,3143.5,3,1,3143.4,21,2,3143.3,41,5,3144.1,24,1,3144.5,281,5,3144.6,620,5,3144.8,54,2,3144.9,81,2
2031,2026-06-16 13:07:49+05:30,3144.5,1,3130.82,2322449,137601.0,217690.0,3163.0,3163.0,3108.0,3134.3,32019600,3447.7,2820.9,3839.9,2896.0,3143.8,299,3,3143.7,1,1,3143.5,3,1,3143.4,21,2,3143.3,41,5,3144.1,24,1,3144.5,281,5,3144.6,620,5,3144.8,54,2,3144.9,81,2
2031,2026-06-16 13:07:50+05:30,3144.5,1,3130.82,2322449,137815.0,218295.0,3163.0,3163.0,3108.0,3134.3,32019600,3447.7,2820.9,3839.9,2896.0,3143.8,335,4,3143.7,1,1,3143.5,16,2,3143.4,77,3,3143.3,45,5,3144.1,70,2,3144.4,1,1,3144.5,281,5,3144.6,556,4,3144.8,21,1
2031,2026-06-16 13:07:51+05:30,3143.8,47,3130.82,2322498,137378.0,218285.0,3163.0,3163.0,3108.0,3134.3,32019600,3447.7,2820.9,3839.9,2896.0,3143.8,288,4,3143.7,1,1,3143.5,16,2,3143.4,77,3,3143.3,16,2,3144.1,68,2,3144.4,1,1,3144.5,239,4,3144.6,556,4,3144.8,21,1
2031,2026-06-16 13:07:51+05:30,3143.8,47,3130.82,2322498,137378.0,218285.0,3163.0,3163.0,3108.0,3134.3,32019600,3447.7,2820.9,3839.9,2896.0,3143.8,288,4,3143.7,1,1,3143.5,16,2,3143.4,77,3,3143.3,16,2,3144.1,68,2,3144.4,1,1,3144.5,239,4,3144.6,556,4,3144.8,21,1
2031,2026-06-16 13:07:52+05:30,3143.8,47,3130.82,2322498,137586.0,218278.0,3163.0,3163.0,3108.0,3134.3,32019600,3447.7,2820.9,3839.9,2896.0,3143.8,290,5,3143.7,1,1,3143.5,16,2,3143.4,77,3,3143.3,39,4,3144.1,68,2,3144.4,1,1,3144.5,239,4,3144.6,556,4,3144.8,21,1
2031,2026-06-16 13:07:53+05:30,3145.0,5296,3130.86,2328817,138399.0,210946.0,3163.0,3163.0,3108.0,3134.3,32019600,3447.7,2820.9,3839.9,2896.0,3144.1,1,1,3143.9,35,2,3143.8,357,7,3143.7,1,1,3143.5,3,1,3145.0,10778,13,3145.1,134,2,3145.2,231,3,3145.3,281,2,3145.4,659,7
2031,2026-06-16 13:07:53+05:30,3144.1,1,3130.86,2328817,138399.0,210946.0,3163.0,3163.0,3108.0,3134.3,32019600,3447.7,2820.9,3839.9,2896.0,3144.1,1,1,3143.9,35,2,3143.8,357,7,3143.7,1,1,3143.5,3,1,3145.0,10778,13,3145.1,134,2,3145.2,231,3,3145.3,281,2,3145.4,659,7
2031,2026-06-16 13:07:54+05:30,3145.0,1,3130.86,2328820,138424.0,211115.0,3163.0,3163.0,3108.0,3134.3,32019600,3447.7,2820.9,3839.9,2896.0,3143.9,38,2,3143.8,359,8,3143.7,14,2,3143.5,8,2,3143.4,103,5,3145.0,10776,13,3145.1,134,2,3145.2,253,4,3145.3,281,2,3145.4,659,7
2031,2026-06-16 13:07:54+05:30,3145.0,1,3130.86,2328820,138424.0,211115.0,3163.0,3163.0,3108.0,3134.3,32019600,3447.7,2820.9,3839.9,2896.0,3143.9,38,2,3143.8,359,8,3143.7,14,2,3143.5,8,2,3143.4,103,5,3145.0,10776,13,3145.1,134,2,3145.2,253,4,3145.3,281,2,3145.4,659,7
2031,2026-06-16 13:07:55+05:30,3145.0,679,3130.86,2329500,139227.0,210379.0,3163.0,3163.0,3108.0,3134.3,32019600,3447.7,2820.9,3839.9,2896.0,3144.2,14,1,3144.1,58,5,3144.0,40,3,3143.9,355,7,3143.8,313,8,3144.5,1,1,3145.0,10229,14,3145.1,282,3,3145.2,251,4,3145.3,600,3
2031,2026-06-16 13:07:55+05:30,3145.0,679,3130.86,2329500,139227.0,210379.0,3163.0,3163.0,3108.0,3134.3,32019600,3447.7,2820.9,3839.9,2896.0,3144.2,14,1,3144.1,58,5,3144.0,40,3,3143.9,355,7,3143.8,313,8,3144.5,1,1,3145.0,10229,14,3145.1,282,3,3145.2,251,4,3145.3,600,3
2031,2026-06-16 13:07:56+05:30,3145.0,24,3130.87,2329598,139217.0,210152.0,3163.0,3163.0,3108.0,3134.3,32019600,3447.7,2820.9,3839.9,2896.0,3144.2,15,1,3144.1,22,1,3144.0,26,2,3143.9,265,3,3143.8,363,9,3145.0,10147,15,3145.1,282,3,3145.2,231,3,3145.3,600,3,3145.4,94,3
2031,2026-06-16 13:07:56+05:30,3145.0,24,3130.87,2329598,139217.0,210152.0,3163.0,3163.0,3108.0,3134.3,32019600,3447.7,2820.9,3839.9,2896.0,3144.2,15,1,3144.1,22,1,3144.0,26,2,3143.9,265,3,3143.8,363,9,3145.0,10147,15,3145.1,282,3,3145.2,231,3,3145.3,600,3,3145.4,94,3
2031,2026-06-16 13:07:57+05:30,3145.0,24,3130.87,2329598,139390.0,210224.0,3163.0,3163.0,3108.0,3134.3,32019600,3447.7,2820.9,3839.9,2896.0,3144.3,15,1,3144.2,275,4,3144.1,22,1,3144.0,8,1,3143.9,334,5,3145.0,10172,16,3145.1,282,3,3145.2,231,3,3145.3,600,3,3145.4,94,3
2031,2026-06-16 13:07:58+05:30,3145.0,24,3130.87,2329598,139613.0,210353.0,3163.0,3163.0,3108.0,3134.3,32019600,3447.7,2820.9,3839.9,2896.0,3144.3,56,4,3144.2,288,5,3144.1,33,2,3144.0,63,5,3143.9,299,3,3145.0,10172,16,3145.1,282,3,3145.2,231,3,3145.3,600,3,3145.4,94,3
2031,2026-06-16 13:07:59+05:30,3145.0,24,3130.87,2329598,139677.0,210393.0,3163.0,3163.0,3108.0,3134.3,32019600,3447.7,2820.9,3839.9,2896.0,3144.3,304,6,3144.2,288,5,3144.1,33,2,3144.0,63,5,3143.9,312,4,3145.0,10206,17,3145.1,282,3,3145.2,231,3,3145.3,600,3,3145.4,94,3
2031,2026-06-16 13:07:59+05:30,3145.0,1,3130.87,2329598,139677.0,210393.0,3163.0,3163.0,3108.0,3134.3,32019600,3447.7,2820.9,3839.9,2896.0,3144.3,304,6,3144.2,288,5,3144.1,33,2,3144.0,63,5,3143.9,312,4,3145.0,10206,17,3145.1,282,3,3145.2,231,3,3145.3,600,3,3145.4,94,3
2031,2026-06-16 13:08:00+05:30,3145.0,1,3130.87,2329599,139275.0,210449.0,3163.0,3163.0,3108.0,3134.3,32019600,3447.7,2820.9,3839.9,2896.0,3144.7,2,2,3144.3,310,8,3144.2,275,4,3144.1,36,3,3144.0,51,5,3145.0,10207,19,3145.1,282,3,3145.2,231,3,3145.3,600,3,3145.4,73,2
2031,2026-06-16 13:08:01+05:30,3144.7,26,3130.87,2330000,138831.0,209825.0,3163.0,3163.0,3108.0,3134.3,32019600,3447.7,2820.9,3839.9,2896.0,3144.9,17,1,3144.3,302,7,3144.2,263,4,3144.1,36,3,3144.0,110,6,3145.0,10073,18,3145.1,1,1,3145.2,164,3,3145.3,281,2,3145.4,273,3
2031,2026-06-16 13:08:01+05:30,3145.0,11,3130.87,2330000,138831.0,209825.0,3163.0,3163.0,3108.0,3134.3,32019600,3447.7,2820.9,3839.9,2896.0,3144.9,17,1,3144.3,302,7,3144.2,263,4,3144.1,36,3,3144.0,110,6,3145.0,10073,18,3145.1,1,1,3145.2,164,3,3145.3,281,2,3145.4,273,3
2031,2026-06-16 13:08:02+05:30,3144.9,143,3130.87,2330154,138013.0,209394.0,3163.0,3163.0,3108.0,3134.3,32019600,3447.7,2820.9,3839.9,2896.0,3144.3,302,7,3144.2,257,3,3144.1,49,4,3144.0,54,5,3143.9,71,2,3144.9,57,1,3145.0,10062,18,3145.1,1,1,3145.2,164,3,3145.3,281,2
2031,2026-06-16 13:08:02+05:30,3144.9,143,3130.87,2330154,138013.0,209394.0,3163.0,3163.0,3108.0,3134.3,32019600,3447.7,2820.9,3839.9,2896.0,3144.3,302,7,3144.2,257,3,3144.1,49,4,3144.0,54,5,3143.9,71,2,3144.9,57,1,3145.0,10062,18,3145.1,1,1,3145.2,164,3,3145.3,281,2
2031,2026-06-16 13:08:03+05:30,3144.3,3,3130.87,2330211,138023.0,209332.0,3163.0,3163.0,3108.0,3134.3,32019600,3447.7,2820.9,3839.9,2896.0,3144.3,108,8,3144.2,289,4,3144.1,14,2,3144.0,83,7,3143.9,83,3,3144.9,25,1,3145.0,10037,17,3145.1,1,1,3145.2,164,3,3145.3,281,2
2031,2026-06-16 13:08:03+05:30,3144.3,3,3130.87,2330211,138023.0,209332.0,3163.0,3163.0,3108.0,3134.3,32019600,3447.7,2820.9,3839.9,2896.0,3144.3,108,8,3144.2,289,4,3144.1,14,2,3144.0,83,7,3143.9,83,3,3144.9,25,1,3145.0,10037,17,3145.1,1,1,3145.2,164,3,3145.3,281,2
2031,2026-06-16 13:08:04+05:30,3144.3,3,3130.87,2330211,137859.0,209209.0,3163.0,3163.0,3108.0,3134.3,32019600,3447.7,2820.9,3839.9,2896.0,3144.3,115,9,3144.2,289,4,3144.1,23,3,3144.0,83,7,3143.9,83,3,3144.9,25,1,3145.0,11247,19,3145.1,1,1,3145.2,164,3,3145.3,281,2
2031,2026-06-16 13:08:05+05:30,3144.9,1,3130.87,2330212,137687.0,209490.0,3163.0,3163.0,3108.0,3134.3,32019600,3447.7,2820.9,3839.9,2896.0,3144.3,115,9,3144.2,289,4,3144.1,23,3,3144.0,88,8,3143.9,25,2,3144.9,24,1,3145.0,11407,20,3145.1,1,1,3145.2,164,3,3145.3,281,2
2031,2026-06-16 13:08:05+05:30,3144.3,2,3130.87,2330212,137687.0,209490.0,3163.0,3163.0,3108.0,3134.3,32019600,3447.7,2820.9,3839.9,2896.0,3144.3,115,9,3144.2,289,4,3144.1,23,3,3144.0,88,8,3143.9,25,2,3144.9,24,1,3145.0,11407,20,3145.1,1,1,3145.2,164,3,3145.3,281,2
2031,2026-06-16 13:08:06+05:30,3144.3,2,3130.87,2330215,137867.0,209790.0,3163.0,3163.0,3108.0,3134.3,32019600,3447.7,2820.9,3839.9,2896.0,3144.6,14,1,3144.3,97,7,3144.2,255,3,3144.1,14,2,3144.0,54,6,3144.9,23,1,3145.0,11407,20,3145.1,134,2,3145.2,231,3,3145.3,281,2
2031,2026-06-16 13:08:07+05:30,3144.9,1,3130.87,2330216,138207.0,209923.0,3163.0,3163.0,3108.0,3134.3,32019600,3447.7,2820.9,3839.9,2896.0,3144.7,15,1,3144.6,41,1,3144.3,97,7,3144.2,255,3,3144.1,27,3,3144.9,22,1,3145.0,11407,20,3145.1,134,2,3145.2,231,3,3145.3,281,2
2031,2026-06-16 13:08:07+05:30,3144.9,1,3130.87,2330216,138207.0,209923.0,3163.0,3163.0,3108.0,3134.3,32019600,3447.7,2820.9,3839.9,2896.0,3144.7,15,1,3144.6,41,1,3144.3,97,7,3144.2,255,3,3144.1,27,3,3144.9,22,1,3145.0,11407,20,3145.1,134,2,3145.2,231,3,3145.3,281,2
2031,2026-06-16 13:08:08+05:30,3145.0,150,3130.87,2330388,138137.0,209701.0,3163.0,3163.0,3108.0,3134.3,32019600,3447.7,2820.9,3839.9,2896.0,3144.7,47,2,3144.6,41,1,3144.3,105,7,3144.2,255,3,3144.1,14,2,3145.0,11257,20,3145.1,134,2,3145.2,231,3,3145.3,281,2,3145.4,460,3
2031,2026-06-16 13:08:08+05:30,3145.0,150,3130.87,2330388,138137.0,209701.0,3163.0,3163.0,3108.0,3134.3,32019600,3447.7,2820.9,3839.9,2896.0,3144.7,47,2,3144.6,41,1,3144.3,105,7,3144.2,255,3,3144.1,14,2,3145.0,11257,20,3145.1,134,2,3145.2,231,3,3145.3,281,2,3145.4,460,3
2031,2026-06-16 13:08:09+05:30,3144.7,117,3130.87,2330588,137991.0,209616.0,3163.0,3163.0,3108.0,3134.3,32019600,3447.7,2820.9,3839.9,2896.0,3144.7,17,1,3144.6,41,1,3144.3,45,3,3144.2,248,2,3144.1,27,3,3144.9,1,1,3145.0,11256,19,3145.1,134,2,3145.2,231,3,3145.3,281,2
2031,2026-06-16 13:08:09+05:30,3144.9,1,3130.87,2330588,137991.0,209616.0,3163.0,3163.0,3108.0,3134.3,32019600,3447.7,2820.9,3839.9,2896.0,3144.7,17,1,3144.6,41,1,3144.3,45,3,3144.2,248,2,3144.1,27,3,3144.9,1,1,3145.0,11256,19,3145.1,134,2,3145.2,231,3,3145.3,281,2
2031,2026-06-16 13:08:10+05:30,3144.9,1,3130.87,2330588,137991.0,209616.0,3163.0,3163.0,3108.0,3134.3,32019600,3447.7,2820.9,3839.9,2896.0,3144.7,17,1,3144.6,41,1,3144.3,45,3,3144.2,248,2,3144.1,27,3,3144.9,1,1,3145.0,11256,19,3145.1,134,2,3145.2,231,3,3145.3,281,2
2031,2026-06-16 13:08:10+05:30,3144.7,1,3130.87,2330645,138640.0,209939.0,3163.0,3163.0,3108.0,3134.3,32019600,3447.7,2820.9,3839.9,2896.0,3144.7,11,2,3144.6,41,1,3144.3,44,2,3144.2,248,2,3144.1,14,2,3145.0,11250,18,3145.1,172,3,3145.2,279,4,3145.3,281,2,3145.4,596,6
2031,2026-06-16 13:08:10+05:30,3144.7,1,3130.87,2330645,138640.0,209939.0,3163.0,3163.0,3108.0,3134.3,32019600,3447.7,2820.9,3839.9,2896.0,3144.7,11,2,3144.6,41,1,3144.3,44,2,3144.2,248,2,3144.1,14,2,3145.0,11250,18,3145.1,172,3,3145.2,279,4,3145.3,281,2,3145.4,596,6
2031,2026-06-16 13:08:11+05:30,3145.0,6,3130.87,2330651,138642.0,209765.0,3163.0,3163.0,3108.0,3134.3,32019600,3447.7,2820.9,3839.9,2896.0,3144.7,11,2,3144.6,41,1,3144.3,44,2,3144.2,248,2,3144.1,14,2,3145.0,11270,19,3145.1,172,3,3145.2,279,4,3145.3,281,2,3145.4,562,5
2031,2026-06-16 13:08:11+05:30,3145.0,11,3130.87,2330651,138642.0,209765.0,3163.0,3163.0,3108.0,3134.3,32019600,3447.7,2820.9,3839.9,2896.0,3144.7,11,2,3144.6,41,1,3144.3,44,2,3144.2,248,2,3144.1,14,2,3145.0,11270,19,3145.1,172,3,3145.2,279,4,3145.3,281,2,3145.4,562,5
2031,2026-06-16 13:08:11+05:30,3145.0,11,3130.87,2330651,138642.0,209765.0,3163.0,3163.0,3108.0,3134.3,32019600,3447.7,2820.9,3839.9,2896.0,3144.7,11,2,3144.6,41,1,3144.3,44,2,3144.2,248,2,3144.1,14,2,3145.0,11270,19,3145.1,172,3,3145.2,279,4,3145.3,281,2,3145.4,562,5
2031,2026-06-16 13:08:12+05:30,3145.0,11,3130.87,2330662,138761.0,209764.0,3163.0,3163.0,3108.0,3134.3,32019600,3447.7,2820.9,3839.9,2896.0,3144.9,20,1,3144.7,11,2,3144.6,41,1,3144.3,60,3,3144.2,248,2,3145.0,11259,19,3145.1,134,2,3145.2,231,3,3145.3,281,2,3145.4,524,4
2031,2026-06-16 13:08:13+05:30,3144.9,1,3130.87,2330670,138551.0,209785.0,3163.0,3163.0,3108.0,3134.3,32019600,3447.7,2820.9,3839.9,2896.0,3144.9,18,1,3144.7,28,3,3144.6,41,1,3144.3,8,1,3144.2,8,1,3145.0,11253,19,3145.1,134,2,3145.2,231,3,3145.3,281,2,3145.4,460,3
2031,2026-06-16 13:08:13+05:30,3144.9,1,3130.87,2330670,138551.0,209785.0,3163.0,3163.0,3108.0,3134.3,32019600,3447.7,2820.9,3839.9,2896.0,3144.9,18,1,3144.7,28,3,3144.6,41,1,3144.3,8,1,3144.2,8,1,3145.0,11253,19,3145.1,134,2,3145.2,231,3,3145.3,281,2,3145.4,460,3
2031,2026-06-16 13:08:13+05:30,3144.9,1,3130.87,2330670,138551.0,209785.0,3163.0,3163.0,3108.0,3134.3,32019600,3447.7,2820.9,3839.9,2896.0,3144.9,18,1,3144.7,28,3,3144.6,41,1,3144.3,8,1,3144.2,8,1,3145.0,11253,19,3145.1,134,2,3145.2,231,3,3145.3,281,2,3145.4,460,3
2031,2026-06-16 13:08:14+05:30,3145.0,1,3130.87,2330671,138295.0,209826.0,3163.0,3163.0,3108.0,3134.3,32019600,3447.7,2820.9,3839.9,2896.0,3144.9,19,2,3144.7,3,1,3144.6,56,2,3144.3,8,1,3144.2,8,1,3145.0,11255,20,3145.1,134,2,3145.2,231,3,3145.3,281,2,3145.4,460,3
2031,2026-06-16 13:08:14+05:30,3145.0,1,3130.87,2330671,138295.0,209826.0,3163.0,3163.0,3108.0,3134.3,32019600,3447.7,2820.9,3839.9,2896.0,3144.9,19,2,3144.7,3,1,3144.6,56,2,3144.3,8,1,3144.2,8,1,3145.0,11255,20,3145.1,134,2,3145.2,231,3,3145.3,281,2,3145.4,460,3
2031,2026-06-16 13:08:15+05:30,3145.0,2,3130.87,2330676,138326.0,209625.0,3163.0,3163.0,3108.0,3134.3,32019600,3447.7,2820.9,3839.9,2896.0,3144.9,20,3,3144.6,56,2,3144.4,14,1,3144.3,8,1,3144.2,22,2,3145.0,11250,20,3145.1,1,1,3145.2,164,3,3145.3,281,2,3145.4,260,2
2031,2026-06-16 13:08:15+05:30,3145.0,5,3130.87,2330676,138326.0,209625.0,3163.0,3163.0,3108.0,3134.3,32019600,3447.7,2820.9,3839.9,2896.0,3144.9,20,3,3144.6,56,2,3144.4,14,1,3144.3,8,1,3144.2,22,2,3145.0,11250,20,3145.1,1,1,3145.2,164,3,3145.3,281,2,3145.4,260,2
2031,2026-06-16 13:08:15+05:30,3145.0,5,3130.87,2330676,138326.0,209625.0,3163.0,3163.0,3108.0,3134.3,32019600,3447.7,2820.9,3839.9,2896.0,3144.9,20,3,3144.6,56,2,3144.4,14,1,3144.3,8,1,3144.2,22,2,3145.0,11250,20,3145.1,1,1,3145.2,164,3,3145.3,281,2,3145.4,260,2
2031,2026-06-16 13:08:16+05:30,3145.0,5,3130.87,2330850,138357.0,209209.0,3163.0,3163.0,3108.0,3134.3,32019600,3447.7,2820.9,3839.9,2896.0,3144.9,20,3,3144.6,41,1,3144.4,14,1,3144.3,8,1,3144.2,44,3,3145.0,11076,20,3145.1,1,1,3145.2,164,3,3145.3,281,2,3145.4,260,2
2031,2026-06-16 13:08:17+05:30,3145.0,17,3130.87,2330867,138413.0,209190.0,3163.0,3163.0,3108.0,3134.3,32019600,3447.7,2820.9,3839.9,2896.0,3144.9,20,3,3144.6,41,1,3144.4,14,1,3144.3,8,1,3144.2,44,3,3145.0,11059,20,3145.1,1,1,3145.2,164,3,3145.3,281,2,3145.4,260,2
2031,2026-06-16 13:08:17+05:30,3145.0,17,3130.87,2330867,138413.0,209190.0,3163.0,3163.0,3108.0,3134.3,32019600,3447.7,2820.9,3839.9,2896.0,3144.9,20,3,3144.6,41,1,3144.4,14,1,3144.3,8,1,3144.2,44,3,3145.0,11059,20,3145.1,1,1,3145.2,164,3,3145.3,281,2,3145.4,260,2
2031,2026-06-16 13:08:17+05:30,3145.0,17,3130.87,2330867,138413.0,209190.0,3163.0,3163.0,3108.0,3134.3,32019600,3447.7,2820.9,3839.9,2896.0,3144.9,20,3,3144.6,41,1,3144.4,14,1,3144.3,8,1,3144.2,44,3,3145.0,11059,20,3145.1,1,1,3145.2,164,3,3145.3,281,2,3145.4,260,2
2031,2026-06-16 13:08:18+05:30,3145.0,1,3130.87,2330868,138386.0,209477.0,3163.0,3163.0,3108.0,3134.3,32019600,3447.7,2820.9,3839.9,2896.0,3144.9,20,3,3144.6,41,1,3144.3,8,1,3144.2,22,2,3144.1,180,4,3145.0,11106,22,3145.1,1,1,3145.2,164,3,3145.3,281,2,3145.4,260,2
2031,2026-06-16 13:08:18+05:30,3145.0,1,3130.87,2330868,138386.0,209477.0,3163.0,3163.0,3108.0,3134.3,32019600,3447.7,2820.9,3839.9,2896.0,3144.9,20,3,3144.6,41,1,3144.3,8,1,3144.2,22,2,3144.1,180,4,3145.0,11106,22,3145.1,1,1,3145.2,164,3,3145.3,281,2,3145.4,260,2
2031,2026-06-16 13:08:19+05:30,3145.0,1,3130.87,2330868,138386.0,209477.0,3163.0,3163.0,3108.0,3134.3,32019600,3447.7,2820.9,3839.9,2896.0,3144.9,20,3,3144.6,41,1,3144.3,8,1,3144.2,22,2,3144.1,180,4,3145.0,11106,22,3145.1,1,1,3145.2,164,3,3145.3,281,2,3145.4,260,2
2031,2026-06-16 13:08:19+05:30,3145.0,1,3130.87,2330964,138545.0,209494.0,3163.0,3163.0,3108.0,3134.3,32019600,3447.7,2820.9,3839.9,2896.0,3144.9,73,4,3144.6,41,1,3144.3,8,1,3144.2,22,2,3144.1,280,5,3145.0,11010,22,3145.1,1,1,3145.2,264,4,3145.3,281,2,3145.4,260,2
2031,2026-06-16 13:08:19+05:30,3145.0,1,3130.87,2330964,138545.0,209494.0,3163.0,3163.0,3108.0,3134.3,32019600,3447.7,2820.9,3839.9,2896.0,3144.9,73,4,3144.6,41,1,3144.3,8,1,3144.2,22,2,3144.1,280,5,3145.0,11010,22,3145.1,1,1,3145.2,264,4,3145.3,281,2,3145.4,260,2
2031,2026-06-16 13:08:20+05:30,3145.0,1,3130.87,2330965,138578.0,209507.0,3163.0,3163.0,3108.0,3134.3,32019600,3447.7,2820.9,3839.9,2896.0,3144.9,73,4,3144.6,41,1,3144.3,8,1,3144.2,22,2,3144.1,280,5,3145.0,11215,23,3145.1,1,1,3145.2,264,4,3145.3,281,2,3145.4,260,2
2031,2026-06-16 13:08:20+05:30,3145.0,1,3130.87,2330965,138578.0,209507.0,3163.0,3163.0,3108.0,3134.3,32019600,3447.7,2820.9,3839.9,2896.0,3144.9,73,4,3144.6,41,1,3144.3,8,1,3144.2,22,2,3144.1,280,5,3145.0,11215,23,3145.1,1,1,3145.2,264,4,3145.3,281,2,3145.4,260,2
2031,2026-06-16 13:08:20+05:30,3145.0,1,3130.87,2330965,138578.0,209507.0,3163.0,3163.0,3108.0,3134.3,32019600,3447.7,2820.9,3839.9,2896.0,3144.9,73,4,3144.6,41,1,3144.3,8,1,3144.2,22,2,3144.1,280,5,3145.0,11215,23,3145.1,1,1,3145.2,264,4,3145.3,281,2,3145.4,260,2
2031,2026-06-16 13:08:21+05:30,3145.0,1,3130.87,2330965,138578.0,209507.0,3163.0,3163.0,3108.0,3134.3,32019600,3447.7,2820.9,3839.9,2896.0,3144.9,73,4,3144.6,41,1,3144.3,8,1,3144.2,22,2,3144.1,280,5,3145.0,11215,23,3145.1,1,1,3145.2,264,4,3145.3,281,2,3145.4,260,2
2031,2026-06-16 13:08:21+05:30,3145.0,156,3130.87,2331132,138608.0,209115.0,3163.0,3163.0,3108.0,3134.3,32019600,3447.7,2820.9,3839.9,2896.0,3144.9,108,4,3144.6,41,1,3144.3,8,1,3144.2,22,2,3144.1,280,5,3145.0,11048,23,3145.1,1,1,3145.2,264,4,3145.3,281,2,3145.4,260,2
2031,2026-06-16 13:08:21+05:30,3144.9,25,3130.87,2331132,138608.0,209115.0,3163.0,3163.0,3108.0,3134.3,32019600,3447.7,2820.9,3839.9,2896.0,3144.9,108,4,3144.6,41,1,3144.3,8,1,3144.2,22,2,3144.1,280,5,3145.0,11048,23,3145.1,1,1,3145.2,264,4,3145.3,281,2,3145.4,260,2
2031,2026-06-16 13:08:22+05:30,3144.9,25,3130.87,2331132,138608.0,209115.0,3163.0,3163.0,3108.0,3134.3,32019600,3447.7,2820.9,3839.9,2896.0,3144.9,108,4,3144.6,41,1,3144.3,8,1,3144.2,22,2,3144.1,280,5,3145.0,11048,23,3145.1,1,1,3145.2,264,4,3145.3,281,2,3145.4,260,2
2031,2026-06-16 13:08:22+05:30,3144.9,2,3130.87,2331132,138608.0,209115.0,3163.0,3163.0,3108.0,3134.3,32019600,3447.7,2820.9,3839.9,2896.0,3144.9,108,4,3144.6,41,1,3144.3,8,1,3144.2,22,2,3144.1,280,5,3145.0,11048,23,3145.1,1,1,3145.2,264,4,3145.3,281,2,3145.4,260,2
2031,2026-06-16 13:08:22+05:30,3144.9,2,3130.88,2331275,138394.0,209000.0,3163.0,3163.0,3108.0,3134.3,32019600,3447.7,2820.9,3839.9,2896.0,3144.6,42,2,3144.4,20,2,3144.3,15,2,3144.2,17,2,3144.1,137,4,3144.9,57,1,3145.0,11048,23,3145.1,1,1,3145.2,131,3,3145.3,133,1
2031,2026-06-16 13:08:23+05:30,3144.9,2,3130.88,2331275,138394.0,209000.0,3163.0,3163.0,3108.0,3134.3,32019600,3447.7,2820.9,3839.9,2896.0,3144.6,42,2,3144.4,20,2,3144.3,15,2,3144.2,17,2,3144.1,137,4,3144.9,57,1,3145.0,11048,23,3145.1,1,1,3145.2,131,3,3145.3,133,1
2031,2026-06-16 13:08:23+05:30,3144.9,15,3130.88,2331275,138394.0,209000.0,3163.0,3163.0,3108.0,3134.3,32019600,3447.7,2820.9,3839.9,2896.0,3144.6,42,2,3144.4,20,2,3144.3,15,2,3144.2,17,2,3144.1,137,4,3144.9,57,1,3145.0,11048,23,3145.1,1,1,3145.2,131,3,3145.3,133,1
2031,2026-06-16 13:08:23+05:30,3144.9,15,3130.88,2331410,137433.0,209104.0,3163.0,3163.0,3108.0,3134.3,32019600,3447.7,2820.9,3839.9,2896.0,3144.6,16,1,3144.4,14,1,3144.3,9,2,3144.2,69,4,3144.1,137,4,3144.9,68,2,3145.0,11022,22,3145.1,1,1,3145.2,264,4,3145.3,281,2
2031,2026-06-16 13:08:23+05:30,3144.9,15,3130.88,2331410,137433.0,209104.0,3163.0,3163.0,3108.0,3134.3,32019600,3447.7,2820.9,3839.9,2896.0,3144.6,16,1,3144.4,14,1,3144.3,9,2,3144.2,69,4,3144.1,137,4,3144.9,68,2,3145.0,11022,22,3145.1,1,1,3145.2,264,4,3145.3,281,2
2031,2026-06-16 13:08:24+05:30,3144.9,15,3130.88,2331410,137421.0,209121.0,3163.0,3163.0,3108.0,3134.3,32019600,3447.7,2820.9,3839.9,2896.0,3144.6,16,1,3144.4,14,1,3144.3,9,2,3144.2,69,4,3144.1,114,3,3144.9,69,3,3145.0,11022,22,3145.1,1,1,3145.2,264,4,3145.3,281,2
2031,2026-06-16 13:08:24+05:30,3144.9,15,3130.88,2331410,137421.0,209121.0,3163.0,3163.0,3108.0,3134.3,32019600,3447.7,2820.9,3839.9,2896.0,3144.6,16,1,3144.4,14,1,3144.3,9,2,3144.2,69,4,3144.1,114,3,3144.9,69,3,3145.0,11022,22,3145.1,1,1,3145.2,264,4,3145.3,281,2
2031,2026-06-16 13:08:25+05:30,3144.9,15,3130.88,2331410,137421.0,209121.0,3163.0,3163.0,3108.0,3134.3,32019600,3447.7,2820.9,3839.9,2896.0,3144.6,16,1,3144.4,14,1,3144.3,9,2,3144.2,69,4,3144.1,114,3,3144.9,69,3,3145.0,11022,22,3145.1,1,1,3145.2,264,4,3145.3,281,2
2031,2026-06-16 13:08:25+05:30,3144.6,2,3130.88,2331472,138211.0,209021.0,3163.0,3163.0,3108.0,3134.3,32019600,3447.7,2820.9,3839.9,2896.0,3144.6,14,1,3144.4,14,1,3144.3,9,2,3144.2,69,4,3144.1,114,3,3144.9,9,2,3145.0,11022,22,3145.1,1,1,3145.2,264,4,3145.3,281,2
2031,2026-06-16 13:08:25+05:30,3144.6,2,3130.88,2331472,138211.0,209021.0,3163.0,3163.0,3108.0,3134.3,32019600,3447.7,2820.9,3839.9,2896.0,3144.6,14,1,3144.4,14,1,3144.3,9,2,3144.2,69,4,3144.1,114,3,3144.9,9,2,3145.0,11022,22,3145.1,1,1,3145.2,264,4,3145.3,281,2
2031,2026-06-16 13:08:26+05:30,3144.6,2,3130.88,2331472,138211.0,209021.0,3163.0,3163.0,3108.0,3134.3,32019600,3447.7,2820.9,3839.9,2896.0,3144.6,14,1,3144.4,14,1,3144.3,9,2,3144.2,69,4,3144.1,114,3,3144.9,9,2,3145.0,11022,22,3145.1,1,1,3145.2,264,4,3145.3,281,2
2031,2026-06-16 13:08:26+05:30,3144.6,14,3130.88,2331551,138199.0,208900.0,3163.0,3163.0,3108.0,3134.3,32019600,3447.7,2820.9,3839.9,2896.0,3144.6,19,2,3144.4,21,2,3144.3,41,4,3144.2,78,5,3144.1,114,3,3145.0,11017,22,3145.1,1,1,3145.2,264,4,3145.3,281,2,3145.4,260,2
2031,2026-06-16 13:08:26+05:30,3144.6,14,3130.88,2331551,138199.0,208900.0,3163.0,3163.0,3108.0,3134.3,32019600,3447.7,2820.9,3839.9,2896.0,3144.6,19,2,3144.4,21,2,3144.3,41,4,3144.2,78,5,3144.1,114,3,3145.0,11017,22,3145.1,1,1,3145.2,264,4,3145.3,281,2,3145.4,260,2
2031,2026-06-16 13:08:27+05:30,3144.6,14,3130.88,2331551,138199.0,208900.0,3163.0,3163.0,3108.0,3134.3,32019600,3447.7,2820.9,3839.9,2896.0,3144.6,19,2,3144.4,21,2,3144.3,41,4,3144.2,78,5,3144.1,114,3,3145.0,11017,22,3145.1,1,1,3145.2,264,4,3145.3,281,2,3145.4,260,2
2031,2026-06-16 13:08:27+05:30,3145.0,1,3130.88,2331552,138199.0,208941.0,3163.0,3163.0,3108.0,3134.3,32019600,3447.7,2820.9,3839.9,2896.0,3144.6,19,2,3144.4,21,2,3144.3,41,4,3144.2,78,5,3144.1,114,3,3145.0,11028,23,3145.1,1,1,3145.2,264,4,3145.3,281,2,3145.4,260,2
2031,2026-06-16 13:08:27+05:30,3145.0,1,3130.88,2331552,138199.0,208941.0,3163.0,3163.0,3108.0,3134.3,32019600,3447.7,2820.9,3839.9,2896.0,3144.6,19,2,3144.4,21,2,3144.3,41,4,3144.2,78,5,3144.1,114,3,3145.0,11028,23,3145.1,1,1,3145.2,264,4,3145.3,281,2,3145.4,260,2
2031,2026-06-16 13:08:27+05:30,3145.0,1,3130.88,2331552,138199.0,208941.0,3163.0,3163.0,3108.0,3134.3,32019600,3447.7,2820.9,3839.9,2896.0,3144.6,19,2,3144.4,21,2,3144.3,41,4,3144.2,78,5,3144.1,114,3,3145.0,11028,23,3145.1,1,1,3145.2,264,4,3145.3,281,2,3145.4,260,2
2031,2026-06-16 13:08:28+05:30,3144.6,10,3130.88,2331609,137538.0,208905.0,3163.0,3163.0,3108.0,3134.3,32019600,3447.7,2820.9,3839.9,2896.0,3144.6,23,2,3144.3,9,2,3144.2,46,2,3144.1,103,2,3144.0,54,5,3145.0,10969,22,3145.1,1,1,3145.2,264,4,3145.3,319,3,3145.4,324,3
2031,2026-06-16 13:08:28+05:30,3144.6,10,3130.88,2331609,137538.0,208905.0,3163.0,3163.0,3108.0,3134.3,32019600,3447.7,2820.9,3839.9,2896.0,3144.6,23,2,3144.3,9,2,3144.2,46,2,3144.1,103,2,3144.0,54,5,3145.0,10969,22,3145.1,1,1,3145.2,264,4,3145.3,319,3,3145.4,324,3
2031,2026-06-16 13:08:29+05:30,3144.6,10,3130.88,2331609,137538.0,208905.0,3163.0,3163.0,3108.0,3134.3,32027800,3447.7,2820.9,3839.9,2896.0,3144.6,23,2,3144.3,9,2,3144.2,46,2,3144.1,103,2,3144.0,54,5,3145.0,10969,22,3145.1,1,1,3145.2,264,4,3145.3,319,3,3145.4,324,3
2031,2026-06-16 13:08:29+05:30,3144.6,2,3130.88,2331611,137586.0,208905.0,3163.0,3163.0,3108.0,3134.3,32027800,3447.7,2820.9,3839.9,2896.0,3144.6,22,3,3144.3,9,2,3144.2,46,2,3144.1,103,2,3144.0,52,4,3145.0,10969,22,3145.1,1,1,3145.2,264,4,3145.3,319,3,3145.4,324,3
2031,2026-06-16 13:08:29+05:30,3144.6,2,3130.88,2331611,137586.0,208905.0,3163.0,3163.0,3108.0,3134.3,32027800,3447.7,2820.9,3839.9,2896.0,3144.6,22,3,3144.3,9,2,3144.2,46,2,3144.1,103,2,3144.0,52,4,3145.0,10969,22,3145.1,1,1,3145.2,264,4,3145.3,319,3,3145.4,324,3
2031,2026-06-16 13:08:30+05:30,3144.6,5,3130.88,2331811,137158.0,208961.0,3163.0,3163.0,3108.0,3134.3,32027800,3447.7,2820.9,3839.9,2896.0,3144.6,6,2,3144.3,8,1,3144.2,22,2,3144.1,105,2,3144.0,66,5,3144.9,2,1,3145.0,10970,23,3145.1,1,1,3145.2,264,4,3145.3,319,3
2031,2026-06-16 13:08:30+05:30,3144.6,5,3130.88,2331811,137158.0,208961.0,3163.0,3163.0,3108.0,3134.3,32027800,3447.7,2820.9,3839.9,2896.0,3144.6,6,2,3144.3,8,1,3144.2,22,2,3144.1,105,2,3144.0,66,5,3144.9,2,1,3145.0,10970,23,3145.1,1,1,3145.2,264,4,3145.3,319,3
2031,2026-06-16 13:08:31+05:30,3145.0,11,3130.88,2331831,137950.0,208889.0,3163.0,3163.0,3108.0,3134.3,32027800,3447.7,2820.9,3839.9,2896.0,3144.6,37,3,3144.4,14,1,3144.3,8,1,3144.2,22,2,3144.1,105,2,3145.0,10952,23,3145.1,1,1,3145.2,264,4,3145.3,281,2,3145.4,260,2
2031,2026-06-16 13:08:31+05:30,3145.0,11,3130.88,2331831,137950.0,208889.0,3163.0,3163.0,3108.0,3134.3,32027800,3447.7,2820.9,3839.9,2896.0,3144.6,37,3,3144.4,14,1,3144.3,8,1,3144.2,22,2,3144.1,105,2,3145.0,10952,23,3145.1,1,1,3145.2,264,4,3145.3,281,2,3145.4,260,2
2031,2026-06-16 13:08:32+05:30,3145.0,11,3130.88,2331831,138338.0,209098.0,3163.0,3163.0,3108.0,3134.3,32027800,3447.7,2820.9,3839.9,2896.0,3144.6,53,4,3144.3,22,2,3144.2,8,1,3144.1,105,2,3144.0,97,6,3144.9,43,2,3145.0,10915,22,3145.1,134,2,3145.2,331,4,3145.3,281,2
2031,2026-06-16 13:08:33+05:30,3144.9,1,3130.88,2332032,137409.0,209514.0,3163.0,3163.0,3108.0,3134.3,32027800,3447.7,2820.9,3839.9,2896.0,3144.6,31,2,3144.3,8,1,3144.2,8,1,3144.1,100,1,3144.0,76,6,3144.9,54,3,3145.0,11005,22,3145.1,134,2,3145.2,331,4,3145.3,319,3
2031,2026-06-16 13:08:33+05:30,3144.9,1,3130.88,2332032,137409.0,209514.0,3163.0,3163.0,3108.0,3134.3,32027800,3447.7,2820.9,3839.9,2896.0,3144.6,31,2,3144.3,8,1,3144.2,8,1,3144.1,100,1,3144.0,76,6,3144.9,54,3,3145.0,11005,22,3145.1,134,2,3145.2,331,4,3145.3,319,3
2031,2026-06-16 13:08:34+05:30,3144.9,2,3130.88,2332067,137589.0,209442.0,3163.0,3163.0,3108.0,3134.3,32027800,3447.7,2820.9,3839.9,2896.0,3144.6,24,3,3144.5,14,1,3144.3,14,2,3144.2,22,2,3144.1,100,1,3144.9,29,2,3145.0,11103,22,3145.1,134,2,3145.2,331,4,3145.3,281,2
2031,2026-06-16 13:08:34+05:30,3144.9,2,3130.88,2332067,137589.0,209442.0,3163.0,3163.0,3108.0,3134.3,32027800,3447.7,2820.9,3839.9,2896.0,3144.6,24,3,3144.5,14,1,3144.3,14,2,3144.2,22,2,3144.1,100,1,3144.9,29,2,3145.0,11103,22,3145.1,134,2,3145.2,331,4,3145.3,281,2
2031,2026-06-16 13:08:35+05:30,3145.0,11,3130.88,2332152,137824.0,209364.0,3163.0,3163.0,3108.0,3134.3,32027800,3447.7,2820.9,3839.9,2896.0,3144.6,32,5,3144.4,20,2,3144.3,35,4,3144.2,22,2,3144.1,100,1,3145.0,11092,22,3145.1,134,2,3145.2,331,4,3145.3,281,2,3145.4,460,3
2031,2026-06-16 13:08:35+05:30,3145.0,11,3130.88,2332152,137824.0,209364.0,3163.0,3163.0,3108.0,3134.3,32027800,3447.7,2820.9,3839.9,2896.0,3144.6,32,5,3144.4,20,2,3144.3,35,4,3144.2,22,2,3144.1,100,1,3145.0,11092,22,3145.1,134,2,3145.2,331,4,3145.3,281,2,3145.4,460,3
2031,2026-06-16 13:08:36+05:30,3145.0,11,3130.88,2332152,137826.0,209394.0,3163.0,3163.0,3108.0,3134.3,32027800,3447.7,2820.9,3839.9,2896.0,3144.6,32,5,3144.4,20,2,3144.3,35,4,3144.2,22,2,3144.1,100,1,3145.0,11092,22,3145.1,134,2,3145.2,331,4,3145.3,281,2,3145.4,460,3
2031,2026-06-16 13:08:37+05:30,3145.0,1,3130.88,2332153,137891.0,209234.0,3163.0,3163.0,3108.0,3134.3,32027800,3447.7,2820.9,3839.9,2896.0,3144.6,57,6,3144.4,20,2,3144.3,35,4,3144.2,22,2,3144.1,158,2,3145.0,11091,22,3145.1,134,2,3145.2,331,4,3145.3,281,2,3145.4,460,3
2031,2026-06-16 13:08:37+05:30,3145.0,1,3130.88,2332153,137891.0,209234.0,3163.0,3163.0,3108.0,3134.3,32027800,3447.7,2820.9,3839.9,2896.0,3144.6,57,6,3144.4,20,2,3144.3,35,4,3144.2,22,2,3144.1,158,2,3145.0,11091,22,3145.1,134,2,3145.2,331,4,3145.3,281,2,3145.4,460,3
2031,2026-06-16 13:08:38+05:30,3144.6,3,3130.88,2332156,138094.0,209215.0,3163.0,3163.0,3108.0,3134.3,32027800,3447.7,2820.9,3839.9,2896.0,3144.7,3,1,3144.6,66,6,3144.4,20,2,3144.3,29,3,3144.2,52,3,3144.9,1,1,3145.0,11089,20,3145.1,134,2,3145.2,331,4,3145.3,281,2
2031,2026-06-16 13:08:38+05:30,3144.6,3,3130.88,2332156,138094.0,209215.0,3163.0,3163.0,3108.0,3134.3,32027800,3447.7,2820.9,3839.9,2896.0,3144.7,3,1,3144.6,66,6,3144.4,20,2,3144.3,29,3,3144.2,52,3,3144.9,1,1,3145.0,11089,20,3145.1,134,2,3145.2,331,4,3145.3,281,2
2031,2026-06-16 13:08:39+05:30,3144.6,2,3130.98,2348043,132948.0,195215.0,3163.0,3163.0,3108.0,3134.3,32027800,3447.7,2820.9,3839.9,2896.0,3144.7,3,1,3144.6,56,6,3144.5,9,1,3144.4,30,4,3144.3,11,2,3144.8,200,1,3144.9,10,1,3145.3,147,1,3145.5,400,2,3145.8,14,1
2031,2026-06-16 13:08:39+05:30,3144.8,200,3130.98,2348043,132948.0,195215.0,3163.0,3163.0,3108.0,3134.3,32027800,3447.7,2820.9,3839.9,2896.0,3144.7,3,1,3144.6,56,6,3144.5,9,1,3144.4,30,4,3144.3,11,2,3144.8,200,1,3144.9,10,1,3145.3,147,1,3145.5,400,2,3145.8,14,1
2031,2026-06-16 13:08:40+05:30,3145.5,30,3130.98,2348459,134093.0,195584.0,3163.0,3163.0,3108.0,3134.3,32027800,3447.7,2820.9,3839.9,2896.0,3145.0,62,7,3144.9,23,6,3144.8,39,4,3144.7,66,4,3144.6,216,8,3145.5,341,2,3146.2,21,1,3146.3,101,2,3146.4,21,1,3146.5,14,1
2031,2026-06-16 13:08:40+05:30,3145.5,30,3130.98,2348459,134093.0,195584.0,3163.0,3163.0,3108.0,3134.3,32027800,3447.7,2820.9,3839.9,2896.0,3145.0,62,7,3144.9,23,6,3144.8,39,4,3144.7,66,4,3144.6,216,8,3145.5,341,2,3146.2,21,1,3146.3,101,2,3146.4,21,1,3146.5,14,1
2031,2026-06-16 13:08:41+05:30,3144.8,84,3130.98,2348859,134105.0,195702.0,3163.0,3163.0,3108.0,3134.3,32027800,3447.7,2820.9,3839.9,2896.0,3144.8,88,9,3144.7,15,3,3144.6,51,6,3144.5,9,1,3144.4,254,8,3145.5,341,2,3146.2,21,1,3146.3,101,2,3146.4,79,2,3146.5,14,1
2031,2026-06-16 13:08:41+05:30,3144.8,84,3130.98,2348859,134105.0,195702.0,3163.0,3163.0,3108.0,3134.3,32027800,3447.7,2820.9,3839.9,2896.0,3144.8,88,9,3144.7,15,3,3144.6,51,6,3144.5,9,1,3144.4,254,8,3145.5,341,2,3146.2,21,1,3146.3,101,2,3146.4,79,2,3146.5,14,1
2031,2026-06-16 13:08:42+05:30,3146.9,2,3131.0,2351646,136911.0,191660.0,3163.0,3163.0,3108.0,3134.3,32027800,3447.7,2820.9,3839.9,2896.0,3146.8,41,3,3146.7,44,3,3146.6,14,1,3146.5,90,4,3146.4,505,2,3147.8,44,2,3148.0,1493,17,3148.1,107,2,3148.2,21,1,3148.4,80,2
2031,2026-06-16 13:08:42+05:30,3146.9,2,3131.0,2351646,136911.0,191660.0,3163.0,3163.0,3108.0,3134.3,32027800,3447.7,2820.9,3839.9,2896.0,3146.8,41,3,3146.7,44,3,3146.6,14,1,3146.5,90,4,3146.4,505,2,3147.8,44,2,3148.0,1493,17,3148.1,107,2,3148.2,21,1,3148.4,80,2
2031,2026-06-16 13:08:43+05:30,3148.0,15,3131.0,2351934,136803.0,192975.0,3163.0,3163.0,3108.0,3134.3,32027800,3447.7,2820.9,3839.9,2896.0,3147.3,241,1,3147.1,3,1,3147.0,72,5,3146.8,34,3,3146.7,83,4,3148.0,1308,14,3148.1,64,1,3148.2,38,1,3148.3,64,1,3148.4,96,2
2031,2026-06-16 13:08:43+05:30,3148.0,15,3131.0,2351934,136803.0,192975.0,3163.0,3163.0,3108.0,3134.3,32027800,3447.7,2820.9,3839.9,2896.0,3147.3,241,1,3147.1,3,1,3147.0,72,5,3146.8,34,3,3146.7,83,4,3148.0,1308,14,3148.1,64,1,3148.2,38,1,3148.3,64,1,3148.4,96,2
2031,2026-06-16 13:08:44+05:30,3147.8,36,3131.0,2352211,136346.0,193350.0,3163.0,3163.0,3108.0,3134.3,32027800,3447.7,2820.9,3839.9,2896.0,3147.3,248,2,3147.1,3,1,3146.7,14,1,3146.5,68,3,3146.4,600,4,3147.8,14,1,3147.9,65,3,3148.0,1322,15,3148.1,14,1,3148.2,38,1
2031,2026-06-16 13:08:44+05:30,3147.8,36,3131.0,2352211,136346.0,193350.0,3163.0,3163.0,3108.0,3134.3,32027800,3447.7,2820.9,3839.9,2896.0,3147.3,248,2,3147.1,3,1,3146.7,14,1,3146.5,68,3,3146.4,600,4,3147.8,14,1,3147.9,65,3,3148.0,1322,15,3148.1,14,1,3148.2,38,1
2031,2026-06-16 13:08:45+05:30,3147.6,1,3131.0,2352222,136353.0,193441.0,3163.0,3163.0,3108.0,3134.3,32027800,3447.7,2820.9,3839.9,2896.0,3147.6,2,2,3147.3,250,3,3147.1,3,1,3146.7,31,2,3146.5,68,3,3147.9,51,2,3148.0,1342,15,3148.2,38,1,3148.3,64,1,3148.4,117,3
2031,2026-06-16 13:08:45+05:30,3147.6,1,3131.0,2352222,136353.0,193441.0,3163.0,3163.0,3108.0,3134.3,32027800,3447.7,2820.9,3839.9,2896.0,3147.6,2,2,3147.3,250,3,3147.1,3,1,3146.7,31,2,3146.5,68,3,3147.9,51,2,3148.0,1342,15,3148.2,38,1,3148.3,64,1,3148.4,117,3
2031,2026-06-16 13:08:46+05:30,3146.4,199,3131.02,2354235,132717.0,195782.0,3163.0,3163.0,3108.0,3134.3,32027800,3447.7,2820.9,3839.9,2896.0,3146.4,277,3,3146.3,4,1,3146.2,5,1,3146.0,10,1,3145.9,22,3,3146.5,200,1,3147.2,64,2,3147.3,52,2,3147.4,88,3,3147.5,269,6
2031,2026-06-16 13:08:46+05:30,3146.4,199,3131.02,2354235,132717.0,195782.0,3163.0,3163.0,3108.0,3134.3,32027800,3447.7,2820.9,3839.9,2896.0,3146.4,277,3,3146.3,4,1,3146.2,5,1,3146.0,10,1,3145.9,22,3,3146.5,200,1,3147.2,64,2,3147.3,52,2,3147.4,88,3,3147.5,269,6
2031,2026-06-16 13:08:47+05:30,3146.5,1,3131.02,2354236,132889.0,195928.0,3163.0,3163.0,3108.0,3134.3,32027800,3447.7,2820.9,3839.9,2896.0,3146.4,277,3,3146.2,5,1,3146.0,10,1,3145.9,80,4,3145.8,39,3,3146.5,204,2,3147.2,64,2,3147.3,42,1,3147.4,108,4,3147.5,259,5
2031,2026-06-16 13:08:47+05:30,3146.5,1,3131.02,2354236,132889.0,195928.0,3163.0,3163.0,3108.0,3134.3,32027800,3447.7,2820.9,3839.9,2896.0,3146.4,277,3,3146.2,5,1,3146.0,10,1,3145.9,80,4,3145.8,39,3,3146.5,204,2,3147.2,64,2,3147.3,42,1,3147.4,108,4,3147.5,259,5
2031,2026-06-16 13:08:48+05:30,3147.4,20,3131.02,2354538,133246.0,194761.0,3163.0,3163.0,3108.0,3134.3,32027800,3447.7,2820.9,3839.9,2896.0,3146.4,294,5,3146.3,2,1,3146.2,80,4,3146.1,27,2,3146.0,32,4,3147.5,200,1,3147.6,51,2,3147.7,200,1,3147.8,26,2,3147.9,8,1
2031,2026-06-16 13:08:48+05:30,3147.4,20,3131.02,2354538,133246.0,194761.0,3163.0,3163.0,3108.0,3134.3,32027800,3447.7,2820.9,3839.9,2896.0,3146.4,294,5,3146.3,2,1,3146.2,80,4,3146.1,27,2,3146.0,32,4,3147.5,200,1,3147.6,51,2,3147.7,200,1,3147.8,26,2,3147.9,8,1
2031,2026-06-16 13:08:49+05:30,3147.5,100,3131.02,2354638,133261.0,194750.0,3163.0,3163.0,3108.0,3134.3,32027800,3447.7,2820.9,3839.9,2896.0,3146.4,294,5,3146.3,2,1,3146.2,138,5,3146.1,27,2,3146.0,31,3,3147.5,100,1,3147.6,51,2,3147.7,238,2,3147.8,26,2,3147.9,76,2
2031,2026-06-16 13:08:49+05:30,3147.5,100,3131.02,2354638,133261.0,194750.0,3163.0,3163.0,3108.0,3134.3,32027800,3447.7,2820.9,3839.9,2896.0,3146.4,294,5,3146.3,2,1,3146.2,138,5,3146.1,27,2,3146.0,31,3,3147.5,100,1,3147.6,51,2,3147.7,238,2,3147.8,26,2,3147.9,76,2
2031,2026-06-16 13:08:50+05:30,3147.5,100,3131.02,2354638,133930.0,194183.0,3163.0,3163.0,3108.0,3134.3,32027800,3447.7,2820.9,3839.9,2896.0,3146.5,63,5,3146.4,439,9,3146.3,119,4,3146.2,102,6,3146.1,25,2,3147.5,100,1,3147.7,200,1,3147.8,20,1,3148.0,1363,16,3148.2,20,1
2031,2026-06-16 13:08:51+05:30,3147.5,11,3131.02,2354638,133930.0,194183.0,3163.0,3163.0,3108.0,3134.3,32027800,3447.7,2820.9,3839.9,2896.0,3146.5,63,5,3146.4,439,9,3146.3,119,4,3146.2,102,6,3146.1,25,2,3147.5,100,1,3147.7,200,1,3147.8,20,1,3148.0,1363,16,3148.2,20,1
2031,2026-06-16 13:08:51+05:30,3147.5,11,3131.02,2354679,133810.0,194293.0,3163.0,3163.0,3108.0,3134.3,32027800,3447.7,2820.9,3839.9,2896.0,3146.5,66,5,3146.4,423,8,3146.3,61,3,3146.2,83,5,3146.1,25,2,3147.5,59,1,3147.7,200,1,3147.8,20,1,3148.0,1363,16,3148.2,78,2
2031,2026-06-16 13:08:52+05:30,3147.5,10,3131.02,2354679,133810.0,194293.0,3163.0,3163.0,3108.0,3134.3,32027800,3447.7,2820.9,3839.9,2896.0,3146.5,66,5,3146.4,423,8,3146.3,61,3,3146.2,83,5,3146.1,25,2,3147.5,59,1,3147.7,200,1,3147.8,20,1,3148.0,1363,16,3148.2,78,2
2031,2026-06-16 13:08:52+05:30,3147.5,1,3131.02,2354691,133848.0,192243.0,3163.0,3163.0,3108.0,3134.3,32027800,3447.7,2820.9,3839.9,2896.0,3146.6,10,1,3146.5,79,5,3146.4,418,7,3146.3,61,3,3146.2,89,7,3147.5,47,1,3147.7,200,1,3147.8,20,1,3147.9,2,1,3148.0,1363,16
2031,2026-06-16 13:08:53+05:30,3147.5,1,3131.02,2354691,133848.0,192243.0,3163.0,3163.0,3108.0,3134.3,32027800,3447.7,2820.9,3839.9,2896.0,3146.6,10,1,3146.5,79,5,3146.4,418,7,3146.3,61,3,3146.2,89,7,3147.5,47,1,3147.7,200,1,3147.8,20,1,3147.9,2,1,3148.0,1363,16
2031,2026-06-16 13:08:53+05:30,3147.5,1,3131.02,2354691,133695.0,194603.0,3163.0,3163.0,3108.0,3134.3,32027800,3447.7,2820.9,3839.9,2896.0,3146.8,100,1,3146.7,16,1,3146.5,36,3,3146.4,336,5,3146.3,2,1,3147.5,73,3,3147.7,200,1,3147.8,20,1,3147.9,51,2,3148.0,1421,17
2031,2026-06-16 13:08:54+05:30,3146.8,21,3131.02,2354691,133695.0,194603.0,3163.0,3163.0,3108.0,3134.3,32027800,3447.7,2820.9,3839.9,2896.0,3146.8,100,1,3146.7,16,1,3146.5,36,3,3146.4,336,5,3146.3,2,1,3147.5,73,3,3147.7,200,1,3147.8,20,1,3147.9,51,2,3148.0,1421,17
2031,2026-06-16 13:08:55+05:30,3146.8,79,3131.02,2354792,133021.0,194155.0,3163.0,3163.0,3108.0,3134.3,32027800,3447.7,2820.9,3839.9,2896.0,3146.7,16,1,3146.5,21,1,3146.4,277,3,3146.3,2,1,3146.2,5,1,3146.8,121,1,3147.5,139,6,3147.6,23,2,3147.7,341,3,3147.8,58,2
2031,2026-06-16 13:08:55+05:30,3146.8,25,3131.02,2354792,133021.0,194155.0,3163.0,3163.0,3108.0,3134.3,32027800,3447.7,2820.9,3839.9,2896.0,3146.7,16,1,3146.5,21,1,3146.4,277,3,3146.3,2,1,3146.2,5,1,3146.8,121,1,3147.5,139,6,3147.6,23,2,3147.7,341,3,3147.8,58,2
2031,2026-06-16 13:08:56+05:30,3146.8,25,3131.02,2354938,133530.0,193815.0,3163.0,3163.0,3108.0,3134.3,32027800,3447.7,2820.9,3839.9,2896.0,3146.5,39,2,3146.4,277,3,3146.2,73,2,3146.0,27,3,3145.9,96,4,3147.5,114,5,3147.6,2,1,3147.7,313,3,3147.8,59,2,3147.9,70,2
2031,2026-06-16 13:08:57+05:30,3146.5,3,3131.02,2354951,133624.0,193797.0,3163.0,3163.0,3108.0,3134.3,32027800,3447.7,2820.9,3839.9,2896.0,3146.5,46,3,3146.4,277,3,3146.3,16,1,3146.2,79,4,3146.1,54,2,3147.5,104,5,3147.6,2,1,3147.7,313,3,3147.8,59,2,3147.9,64,1
2031,2026-06-16 13:08:57+05:30,3147.1,100,3131.02,2354951,133624.0,193797.0,3163.0,3163.0,3108.0,3134.3,32027800,3447.7,2820.9,3839.9,2896.0,3146.5,46,3,3146.4,277,3,3146.3,16,1,3146.2,79,4,3146.1,54,2,3147.5,104,5,3147.6,2,1,3147.7,313,3,3147.8,59,2,3147.9,64,1
2031,2026-06-16 13:08:58+05:30,3147.4,1,3131.02,2355082,133457.0,194568.0,3163.0,3163.0,3108.0,3134.3,32027800,3447.7,2820.9,3839.9,2896.0,3146.5,17,1,3146.4,277,3,3146.2,63,2,3146.0,3,1,3145.9,218,4,3147.4,91,4,3147.5,190,7,3147.6,99,2,3147.7,313,3,3147.8,182,3
2031,2026-06-16 13:08:58+05:30,3147.3,14,3131.02,2355082,133457.0,194568.0,3163.0,3163.0,3108.0,3134.3,32027800,3447.7,2820.9,3839.9,2896.0,3146.5,17,1,3146.4,277,3,3146.2,63,2,3146.0,3,1,3145.9,218,4,3147.4,91,4,3147.5,190,7,3147.6,99,2,3147.7,313,3,3147.8,182,3
2031,2026-06-16 13:08:59+05:30,3147.3,14,3131.02,2355096,133388.0,194780.0,3163.0,3163.0,3108.0,3134.3,32027800,3447.7,2820.9,3839.9,2896.0,3146.7,16,1,3146.4,277,3,3146.2,59,2,3146.0,3,1,3145.9,75,3,3147.3,1,1,3147.4,92,5,3147.5,242,5,3147.6,38,1,3147.7,264,2
2031,2026-06-16 13:08:59+05:30,3147.3,1,3131.02,2355096,133388.0,194780.0,3163.0,3163.0,3108.0,3134.3,32027800,3447.7,2820.9,3839.9,2896.0,3146.7,16,1,3146.4,277,3,3146.2,59,2,3146.0,3,1,3145.9,75,3,3147.3,1,1,3147.4,92,5,3147.5,242,5,3147.6,38,1,3147.7,264,2
2031,2026-06-16 13:09:00+05:30,3147.3,1,3131.02,2355097,133376.0,195007.0,3163.0,3163.0,3108.0,3134.3,32027800,3447.7,2820.9,3839.9,2896.0,3146.7,21,2,3146.4,277,3,3146.2,1,1,3146.0,44,3,3145.9,75,3,3147.3,40,3,3147.4,53,3,3147.5,317,7,3147.6,38,1,3147.7,264,2
2031,2026-06-16 13:09:01+05:30,3147.3,1,3131.02,2355097,133539.0,193054.0,3163.0,3163.0,3108.0,3134.3,32027800,3447.7,2820.9,3839.9,2896.0,3147.0,2,2,3146.7,22,3,3146.4,277,3,3146.3,16,1,3146.2,1,1,3147.2,200,1,3147.3,40,3,3147.4,26,1,3147.5,303,6,3147.6,38,1
2031,2026-06-16 13:09:02+05:30,3147.3,1,3131.02,2355097,133609.0,195083.0,3163.0,3163.0,3108.0,3134.3,32027800,3447.7,2820.9,3839.9,2896.0,3147.0,19,3,3146.7,6,2,3146.4,277,3,3146.3,16,1,3146.2,65,2,3147.2,201,2,3147.3,39,2,3147.4,26,1,3147.5,303,6,3147.6,58,2
2031,2026-06-16 13:09:02+05:30,3146.7,17,3131.02,2355097,133609.0,195083.0,3163.0,3163.0,3108.0,3134.3,32027800,3447.7,2820.9,3839.9,2896.0,3147.0,19,3,3146.7,6,2,3146.4,277,3,3146.3,16,1,3146.2,65,2,3147.2,201,2,3147.3,39,2,3147.4,26,1,3147.5,303,6,3147.6,58,2
2031,2026-06-16 13:09:03+05:30,3146.7,17,3131.03,2355356,133114.0,195183.0,3163.0,3163.0,3108.0,3134.3,32027800,3447.7,2820.9,3839.9,2896.0,3146.7,23,3,3146.4,277,3,3146.2,64,1,3146.1,19,3,3146.0,58,4,3146.8,186,1,3147.2,1,1,3147.3,39,2,3147.5,211,4,3147.6,78,3
2031,2026-06-16 13:09:03+05:30,3146.7,6,3131.03,2355356,133114.0,195183.0,3163.0,3163.0,3108.0,3134.3,32027800,3447.7,2820.9,3839.9,2896.0,3146.7,23,3,3146.4,277,3,3146.2,64,1,3146.1,19,3,3146.0,58,4,3146.8,186,1,3147.2,1,1,3147.3,39,2,3147.5,211,4,3147.6,78,3
2031,2026-06-16 13:09:04+05:30,3146.7,6,3131.03,2355369,132986.0,195428.0,3163.0,3163.0,3108.0,3134.3,32027800,3447.7,2820.9,3839.9,2896.0,3146.7,16,2,3146.4,277,3,3146.1,14,2,3146.0,57,3,3145.9,67,2,3146.8,185,1,3147.2,39,2,3147.3,1,1,3147.4,38,1,3147.5,211,4
2031,2026-06-16 13:09:05+05:30,3146.7,3,3131.03,2355405,132888.0,195154.0,3163.0,3163.0,3108.0,3134.3,32027800,3447.7,2820.9,3839.9,2896.0,3146.7,18,2,3146.4,277,3,3146.1,14,2,3146.0,57,3,3145.9,67,2,3146.8,228,3,3147.2,38,1,3147.3,58,2,3147.4,38,1,3147.5,239,4
2031,2026-06-16 13:09:05+05:30,3146.7,1,3131.03,2355405,132888.0,195154.0,3163.0,3163.0,3108.0,3134.3,32027800,3447.7,2820.9,3839.9,2896.0,3146.7,18,2,3146.4,277,3,3146.1,14,2,3146.0,57,3,3145.9,67,2,3146.8,228,3,3147.2,38,1,3147.3,58,2,3147.4,38,1,3147.5,239,4
2031,2026-06-16 13:09:06+05:30,3146.8,157,3131.03,2355565,133082.0,195230.0,3163.0,3163.0,3108.0,3134.3,32027800,3447.7,2820.9,3839.9,2896.0,3146.7,19,2,3146.4,277,3,3146.1,78,3,3146.0,62,4,3145.9,67,2,3146.8,70,3,3147.2,38,1,3147.3,1,1,3147.4,40,2,3147.5,239,4
2031,2026-06-16 13:09:06+05:30,3146.8,157,3131.03,2355565,133082.0,195230.0,3163.0,3163.0,3108.0,3134.3,32027800,3447.7,2820.9,3839.9,2896.0,3146.7,19,2,3146.4,277,3,3146.1,78,3,3146.0,62,4,3145.9,67,2,3146.8,70,3,3147.2,38,1,3147.3,1,1,3147.4,40,2,3147.5,239,4
2031,2026-06-16 13:09:07+05:30,3145.8,1,3131.03,2356359,130809.0,196790.0,3163.0,3163.0,3108.0,3134.3,32027800,3447.7,2820.9,3839.9,2896.0,3145.6,17,1,3145.5,1,1,3145.2,14,1,3145.1,17,2,3145.0,74,3,3145.8,178,1,3145.9,103,1,3146.2,200,1,3146.3,553,3,3146.4,438,3
2031,2026-06-16 13:09:07+05:30,3145.8,25,3131.03,2356359,130809.0,196790.0,3163.0,3163.0,3108.0,3134.3,32027800,3447.7,2820.9,3839.9,2896.0,3145.6,17,1,3145.5,1,1,3145.2,14,1,3145.1,17,2,3145.0,74,3,3145.8,178,1,3145.9,103,1,3146.2,200,1,3146.3,553,3,3146.4,438,3
2031,2026-06-16 13:09:08+05:30,3146.3,1,3131.04,2356868,131805.0,196982.0,3163.0,3163.0,3108.0,3134.3,32027800,3447.7,2820.9,3839.9,2896.0,3145.9,14,1,3145.8,96,8,3145.7,92,4,3145.6,135,7,3145.5,145,10,3146.3,199,1,3146.4,200,1,3146.8,42,1,3147.0,21,1,3147.2,84,2
2031,2026-06-16 13:09:08+05:30,3146.3,1,3131.04,2356868,131805.0,196982.0,3163.0,3163.0,3108.0,3134.3,32027800,3447.7,2820.9,3839.9,2896.0,3145.9,14,1,3145.8,96,8,3145.7,92,4,3145.6,135,7,3145.5,145,10,3146.3,199,1,3146.4,200,1,3146.8,42,1,3147.0,21,1,3147.2,84,2
2031,2026-06-16 13:09:09+05:30,3145.8,2,3131.04,2356868,131805.0,196982.0,3163.0,3163.0,3108.0,3134.3,32027800,3447.7,2820.9,3839.9,2896.0,3145.9,14,1,3145.8,96,8,3145.7,92,4,3145.6,135,7,3145.5,145,10,3146.3,199,1,3146.4,200,1,3146.8,42,1,3147.0,21,1,3147.2,84,2
2031,2026-06-16 13:09:09+05:30,3146.0,3,3131.04,2356910,133674.0,196440.0,3163.0,3163.0,3108.0,3134.3,32027800,3447.7,2820.9,3839.9,2896.0,3145.9,43,4,3145.8,35,4,3145.7,78,3,3145.6,140,8,3145.5,162,11,3146.3,199,1,3146.4,200,1,3146.8,42,1,3147.0,21,1,3147.2,84,2
2031,2026-06-16 13:09:10+05:30,3146.0,3,3131.04,2356910,133674.0,196440.0,3163.0,3163.0,3108.0,3134.3,32027800,3447.7,2820.9,3839.9,2896.0,3145.9,43,4,3145.8,35,4,3145.7,78,3,3145.6,140,8,3145.5,162,11,3146.3,199,1,3146.4,200,1,3146.8,42,1,3147.0,21,1,3147.2,84,2
2031,2026-06-16 13:09:10+05:30,3146.3,100,3131.04,2356910,133674.0,196440.0,3163.0,3163.0,3108.0,3134.3,32027800,3447.7,2820.9,3839.9,2896.0,3145.9,43,4,3145.8,35,4,3145.7,78,3,3145.6,140,8,3145.5,162,11,3146.3,199,1,3146.4,200,1,3146.8,42,1,3147.0,21,1,3147.2,84,2
2031,2026-06-16 13:09:10+05:30,3146.3,100,3131.04,2357010,133731.0,196358.0,3163.0,3163.0,3108.0,3134.3,32027800,3447.7,2820.9,3839.9,2896.0,3145.9,99,6,3145.8,41,5,3145.7,142,4,3145.6,107,5,3145.5,169,12,3146.3,99,1,3146.4,200,1,3146.8,42,1,3147.2,20,1,3147.3,50,1
2031,2026-06-16 13:09:11+05:30,3146.3,11,3131.04,2357010,133731.0,196358.0,3163.0,3163.0,3108.0,3134.3,32027800,3447.7,2820.9,3839.9,2896.0,3145.9,99,6,3145.8,41,5,3145.7,142,4,3145.6,107,5,3145.5,169,12,3146.3,99,1,3146.4,200,1,3146.8,42,1,3147.2,20,1,3147.3,50,1
2031,2026-06-16 13:09:11+05:30,3146.3,11,3131.04,2357021,133833.0,196351.0,3163.0,3163.0,3108.0,3134.3,32027800,3447.7,2820.9,3839.9,2896.0,3145.9,99,6,3145.8,41,5,3145.7,142,4,3145.6,107,5,3145.5,169,12,3146.3,88,1,3146.4,200,1,3146.8,42,1,3147.2,20,1,3147.3,50,1
2031,2026-06-16 13:09:12+05:30,3146.3,11,3131.04,2357021,133833.0,196351.0,3163.0,3163.0,3108.0,3134.3,32027800,3447.7,2820.9,3839.9,2896.0,3145.9,99,6,3145.8,41,5,3145.7,142,4,3145.6,107,5,3145.5,169,12,3146.3,88,1,3146.4,200,1,3146.8,42,1,3147.2,20,1,3147.3,50,1
2031,2026-06-16 13:09:12+05:30,3146.3,1,3131.04,2357022,133819.0,196352.0,3163.0,3163.0,3108.0,3134.3,32027800,3447.7,2820.9,3839.9,2896.0,3145.9,85,5,3145.8,41,5,3145.7,142,4,3145.6,112,6,3145.5,164,11,3146.3,87,1,3146.4,200,1,3146.8,42,1,3147.2,20,1,3147.3,50,1
2031,2026-06-16 13:09:12+05:30,3146.3,1,3131.04,2357022,133819.0,196352.0,3163.0,3163.0,3108.0,3134.3,32027800,3447.7,2820.9,3839.9,2896.0,3145.9,85,5,3145.8,41,5,3145.7,142,4,3145.6,112,6,3145.5,164,11,3146.3,87,1,3146.4,200,1,3146.8,42,1,3147.2,20,1,3147.3,50,1
2031,2026-06-16 13:09:13+05:30,3146.3,1,3131.04,2357022,133819.0,196355.0,3163.0,3163.0,3108.0,3134.3,32027800,3447.7,2820.9,3839.9,2896.0,3145.9,85,5,3145.8,41,5,3145.7,142,4,3145.6,112,6,3145.5,164,11,3146.3,87,1,3146.4,200,1,3146.8,42,1,3147.2,20,1,3147.3,50,1
2031,2026-06-16 13:09:14+05:30,3146.3,1,3131.04,2357022,133819.0,196355.0,3163.0,3163.0,3108.0,3134.3,32027800,3447.7,2820.9,3839.9,2896.0,3145.9,85,5,3145.8,41,5,3145.7,142,4,3145.6,112,6,3145.5,164,11,3146.3,87,1,3146.4,200,1,3146.8,42,1,3147.2,20,1,3147.3,50,1
2031,2026-06-16 13:09:14+05:30,3146.3,1,3131.04,2357022,133819.0,196355.0,3163.0,3163.0,3108.0,3134.3,32027800,3447.7,2820.9,3839.9,2896.0,3145.9,85,5,3145.8,41,5,3145.7,142,4,3145.6,112,6,3145.5,164,11,3146.3,87,1,3146.4,200,1,3146.8,42,1,3147.2,20,1,3147.3,50,1
2031,2026-06-16 13:09:14+05:30,3146.3,1,3131.04,2357024,133776.0,197059.0,3163.0,3163.0,3108.0,3134.3,32027800,3447.7,2820.9,3839.9,2896.0,3145.9,76,4,3145.8,21,3,3145.7,166,6,3145.6,36,3,3145.5,159,10,3146.3,85,1,3146.4,200,1,3146.8,42,1,3147.2,20,1,3147.3,114,2
2031,2026-06-16 13:09:15+05:30,3146.3,5,3131.04,2357024,133776.0,197059.0,3163.0,3163.0,3108.0,3134.3,32027800,3447.7,2820.9,3839.9,2896.0,3145.9,76,4,3145.8,21,3,3145.7,166,6,3145.6,36,3,3145.5,159,10,3146.3,85,1,3146.4,200,1,3146.8,42,1,3147.2,20,1,3147.3,114,2
2031,2026-06-16 13:09:15+05:30,3146.3,5,3131.04,2357029,133988.0,197020.0,3163.0,3163.0,3108.0,3134.3,32027800,3447.7,2820.9,3839.9,2896.0,3146.1,6,3,3145.9,70,4,3145.8,34,4,3145.7,179,7,3145.6,36,3,3146.3,80,1,3146.4,200,1,3146.8,97,2,3147.2,20,1,3147.3,114,2
2031,2026-06-16 13:09:16+05:30,3146.3,5,3131.04,2357029,133988.0,197020.0,3163.0,3163.0,3108.0,3134.3,32027800,3447.7,2820.9,3839.9,2896.0,3146.1,6,3,3145.9,70,4,3145.8,34,4,3145.7,179,7,3145.6,36,3,3146.3,80,1,3146.4,200,1,3146.8,97,2,3147.2,20,1,3147.3,114,2
2031,2026-06-16 13:09:16+05:30,3145.9,1,3131.04,2357029,133988.0,197020.0,3163.0,3163.0,3108.0,3134.3,32027800,3447.7,2820.9,3839.9,2896.0,3146.1,6,3,3145.9,70,4,3145.8,34,4,3145.7,179,7,3145.6,36,3,3146.3,80,1,3146.4,200,1,3146.8,97,2,3147.2,20,1,3147.3,114,2
2031,2026-06-16 13:09:16+05:30,3145.9,1,3131.04,2357140,133719.0,197095.0,3163.0,3163.0,3108.0,3134.3,32027800,3447.7,2820.9,3839.9,2896.0,3145.9,7,3,3145.8,7,2,3145.7,7,1,3145.6,49,4,3145.5,102,6,3146.3,150,3,3146.4,200,1,3146.8,55,1,3147.2,20,1,3147.3,152,3
2031,2026-06-16 13:09:17+05:30,3145.9,1,3131.04,2357140,133931.0,196528.0,3163.0,3163.0,3108.0,3134.3,32027800,3447.7,2820.9,3839.9,2896.0,3146.2,1,1,3145.9,7,3,3145.8,7,2,3145.7,7,1,3145.6,49,4,3146.3,150,3,3146.4,200,1,3146.8,55,1,3147.2,20,1,3147.3,220,4
2031,2026-06-16 13:09:18+05:30,3145.9,1,3131.04,2357140,133931.0,196528.0,3163.0,3163.0,3108.0,3134.3,32027800,3447.7,2820.9,3839.9,2896.0,3146.2,1,1,3145.9,7,3,3145.8,7,2,3145.7,7,1,3145.6,49,4,3146.3,150,3,3146.4,200,1,3146.8,55,1,3147.2,20,1,3147.3,220,4
2031,2026-06-16 13:09:19+05:30,3146.3,1,3131.04,2357141,132949.0,198281.0,3163.0,3163.0,3108.0,3134.3,32027800,3447.7,2820.9,3839.9,2896.0,3146.2,1,1,3145.9,2,2,3145.6,5,1,3145.5,14,3,3145.4,24,4,3146.3,159,4,3146.4,200,1,3146.8,93,2,3147.0,166,3,3147.1,129,2
2031,2026-06-16 13:09:19+05:30,3146.3,1,3131.04,2357141,132949.0,198281.0,3163.0,3163.0,3108.0,3134.3,32027800,3447.7,2820.9,3839.9,2896.0,3146.2,1,1,3145.9,2,2,3145.6,5,1,3145.5,14,3,3145.4,24,4,3146.3,159,4,3146.4,200,1,3146.8,93,2,3147.0,166,3,3147.1,129,2
2031,2026-06-16 13:09:19+05:30,3146.3,1,3131.04,2357141,132949.0,198281.0,3163.0,3163.0,3108.0,3134.3,32027800,3447.7,2820.9,3839.9,2896.0,3146.2,1,1,3145.9,2,2,3145.6,5,1,3145.5,14,3,3145.4,24,4,3146.3,159,4,3146.4,200,1,3146.8,93,2,3147.0,166,3,3147.1,129,2
2031,2026-06-16 13:09:20+05:30,3146.3,1,3131.04,2357142,132960.0,198477.0,3163.0,3163.0,3108.0,3134.3,32027800,3447.7,2820.9,3839.9,2896.0,3146.2,1,1,3145.9,2,2,3145.6,5,1,3145.5,14,3,3145.4,24,4,3146.3,158,4,3146.4,200,1,3146.5,38,1,3146.8,93,2,3147.0,227,4
2031,2026-06-16 13:09:20+05:30,3146.3,42,3131.04,2357142,132960.0,198477.0,3163.0,3163.0,3108.0,3134.3,32027800,3447.7,2820.9,3839.9,2896.0,3146.2,1,1,3145.9,2,2,3145.6,5,1,3145.5,14,3,3145.4,24,4,3146.3,158,4,3146.4,200,1,3146.5,38,1,3146.8,93,2,3147.0,227,4
2031,2026-06-16 13:09:20+05:30,3146.3,42,3131.04,2357142,132960.0,198477.0,3163.0,3163.0,3108.0,3134.3,32027800,3447.7,2820.9,3839.9,2896.0,3146.2,1,1,3145.9,2,2,3145.6,5,1,3145.5,14,3,3145.4,24,4,3146.3,158,4,3146.4,200,1,3146.5,38,1,3146.8,93,2,3147.0,227,4
2031,2026-06-16 13:09:21+05:30,3146.3,42,3131.04,2357303,133251.0,196286.0,3163.0,3163.0,3108.0,3134.3,32027800,3447.7,2820.9,3839.9,2896.0,3145.9,2,2,3145.7,13,1,3145.5,44,6,3145.4,34,5,3145.3,91,5,3146.3,19,2,3146.4,200,1,3146.8,93,2,3147.0,122,3,3147.2,62,4
2031,2026-06-16 13:09:21+05:30,3146.3,42,3131.04,2357303,133251.0,196286.0,3163.0,3163.0,3108.0,3134.3,32027800,3447.7,2820.9,3839.9,2896.0,3145.9,2,2,3145.7,13,1,3145.5,44,6,3145.4,34,5,3145.3,91,5,3146.3,19,2,3146.4,200,1,3146.8,93,2,3147.0,122,3,3147.2,62,4
2031,2026-06-16 13:09:22+05:30,3146.3,42,3131.04,2357303,134108.0,198199.0,3163.0,3163.0,3108.0,3134.3,32027800,3447.7,2820.9,3839.9,2896.0,3145.9,2,2,3145.7,13,1,3145.5,49,7,3145.4,212,6,3145.3,81,3,3146.2,1,1,3146.3,29,3,3146.4,200,1,3146.8,55,1,3147.0,122,3
2031,2026-06-16 13:09:22+05:30,3146.3,42,3131.04,2357303,134108.0,198199.0,3163.0,3163.0,3108.0,3134.3,32027800,3447.7,2820.9,3839.9,2896.0,3145.9,2,2,3145.7,13,1,3145.5,49,7,3145.4,212,6,3145.3,81,3,3146.2,1,1,3146.3,29,3,3146.4,200,1,3146.8,55,1,3147.0,122,3
2031,2026-06-16 13:09:22+05:30,3146.3,8,3131.04,2357303,134108.0,198199.0,3163.0,3163.0,3108.0,3134.3,32027800,3447.7,2820.9,3839.9,2896.0,3145.9,2,2,3145.7,13,1,3145.5,49,7,3145.4,212,6,3145.3,81,3,3146.2,1,1,3146.3,29,3,3146.4,200,1,3146.8,55,1,3147.0,122,3
2031,2026-06-16 13:09:23+05:30,3146.3,8,3131.04,2357312,134118.0,198342.0,3163.0,3163.0,3108.0,3134.3,32027800,3447.7,2820.9,3839.9,2896.0,3145.9,2,2,3145.5,57,7,3145.4,190,4,3145.3,81,3,3145.2,97,5,3146.1,200,1,3146.2,1,1,3146.3,21,3,3146.8,55,1,3147.0,122,3
2031,2026-06-16 13:09:23+05:30,3146.3,8,3131.04,2357312,134118.0,198342.0,3163.0,3163.0,3108.0,3134.3,32027800,3447.7,2820.9,3839.9,2896.0,3145.9,2,2,3145.5,57,7,3145.4,190,4,3145.3,81,3,3145.2,97,5,3146.1,200,1,3146.2,1,1,3146.3,21,3,3146.8,55,1,3147.0,122,3
2031,2026-06-16 13:09:24+05:30,3146.3,8,3131.04,2357312,133452.0,198423.0,3163.0,3163.0,3108.0,3134.3,32027800,3447.7,2820.9,3839.9,2896.0,3145.9,2,2,3145.5,44,6,3145.4,190,4,3145.3,81,3,3145.2,84,4,3146.1,225,3,3146.2,1,1,3146.3,21,3,3146.8,55,1,3147.0,122,3
2031,2026-06-16 13:09:24+05:30,3146.3,8,3131.04,2357312,133452.0,198423.0,3163.0,3163.0,3108.0,3134.3,32027800,3447.7,2820.9,3839.9,2896.0,3145.9,2,2,3145.5,44,6,3145.4,190,4,3145.3,81,3,3145.2,84,4,3146.1,225,3,3146.2,1,1,3146.3,21,3,3146.8,55,1,3147.0,122,3
2031,2026-06-16 13:09:24+05:30,3146.1,24,3131.04,2357312,133452.0,198423.0,3163.0,3163.0,3108.0,3134.3,32027800,3447.7,2820.9,3839.9,2896.0,3145.9,2,2,3145.5,44,6,3145.4,190,4,3145.3,81,3,3145.2,84,4,3146.1,225,3,3146.2,1,1,3146.3,21,3,3146.8,55,1,3147.0,122,3
2031,2026-06-16 13:09:24+05:30,3146.1,24,3131.04,2357537,134500.0,197621.0,3163.0,3163.0,3108.0,3134.3,32027800,3447.7,2820.9,3839.9,2896.0,3146.2,1,1,3145.9,106,8,3145.8,74,4,3145.7,274,4,3145.6,102,5,3146.3,21,3,3146.8,55,1,3147.2,20,1,3147.3,116,2,3147.4,22,1
2031,2026-06-16 13:09:25+05:30,3146.1,24,3131.04,2357537,134500.0,197621.0,3163.0,3163.0,3108.0,3134.3,32027800,3447.7,2820.9,3839.9,2896.0,3146.2,1,1,3145.9,106,8,3145.8,74,4,3145.7,274,4,3145.6,102,5,3146.3,21,3,3146.8,55,1,3147.2,20,1,3147.3,116,2,3147.4,22,1
2031,2026-06-16 13:09:25+05:30,3146.2,1,3131.04,2357537,134500.0,197621.0,3163.0,3163.0,3108.0,3134.3,32027800,3447.7,2820.9,3839.9,2896.0,3146.2,1,1,3145.9,106,8,3145.8,74,4,3145.7,274,4,3145.6,102,5,3146.3,21,3,3146.8,55,1,3147.2,20,1,3147.3,116,2,3147.4,22,1
2031,2026-06-16 13:09:26+05:30,3146.3,10,3131.04,2357590,134308.0,197904.0,3163.0,3163.0,3108.0,3134.3,32027800,3447.7,2820.9,3839.9,2896.0,3146.2,14,1,3146.1,40,3,3146.0,182,3,3145.9,167,9,3145.8,86,4,3146.8,54,1,3147.3,50,1,3147.4,22,1,3147.5,158,3,3147.6,104,3
2031,2026-06-16 13:09:26+05:30,3146.3,10,3131.04,2357590,134308.0,197904.0,3163.0,3163.0,3108.0,3134.3,32027800,3447.7,2820.9,3839.9,2896.0,3146.2,14,1,3146.1,40,3,3146.0,182,3,3145.9,167,9,3145.8,86,4,3146.8,54,1,3147.3,50,1,3147.4,22,1,3147.5,158,3,3147.6,104,3
2031,2026-06-16 13:09:26+05:30,3146.1,62,3131.04,2357590,134308.0,197904.0,3163.0,3163.0,3108.0,3134.3,32027800,3447.7,2820.9,3839.9,2896.0,3146.2,14,1,3146.1,40,3,3146.0,182,3,3145.9,167,9,3145.8,86,4,3146.8,54,1,3147.3,50,1,3147.4,22,1,3147.5,158,3,3147.6,104,3
2031,2026-06-16 13:09:27+05:30,3146.1,62,3131.04,2357690,134044.0,198307.0,3163.0,3163.0,3108.0,3134.3,32027800,3447.7,2820.9,3839.9,2896.0,3146.3,1,1,3146.1,16,1,3146.0,5,1,3145.9,112,8,3145.8,8,2,3146.8,54,1,3147.3,88,2,3147.4,86,2,3147.5,120,2,3147.6,142,4
2031,2026-06-16 13:09:27+05:30,3146.1,62,3131.04,2357690,134044.0,198307.0,3163.0,3163.0,3108.0,3134.3,32027800,3447.7,2820.9,3839.9,2896.0,3146.3,1,1,3146.1,16,1,3146.0,5,1,3145.9,112,8,3145.8,8,2,3146.8,54,1,3147.3,88,2,3147.4,86,2,3147.5,120,2,3147.6,142,4
2031,2026-06-16 13:09:28+05:30,3146.1,62,3131.04,2357690,134044.0,198307.0,3163.0,3163.0,3108.0,3134.3,32027800,3447.7,2820.9,3839.9,2896.0,3146.3,1,1,3146.1,16,1,3146.0,5,1,3145.9,112,8,3145.8,8,2,3146.8,54,1,3147.3,88,2,3147.4,86,2,3147.5,120,2,3147.6,142,4
2031,2026-06-16 13:09:28+05:30,3146.1,62,3131.04,2357690,134043.0,198516.0,3163.0,3163.0,3108.0,3134.3,32027800,3447.7,2820.9,3839.9,2896.0,3146.3,1,1,3146.1,16,1,3146.0,5,1,3145.9,112,8,3145.8,8,2,3146.8,54,1,3147.3,88,2,3147.4,86,2,3147.5,120,2,3147.6,142,4
2031,2026-06-16 13:09:28+05:30,3146.8,6,3131.04,2357690,134043.0,198516.0,3163.0,3163.0,3108.0,3134.3,32027800,3447.7,2820.9,3839.9,2896.0,3146.3,1,1,3146.1,16,1,3146.0,5,1,3145.9,112,8,3145.8,8,2,3146.8,54,1,3147.3,88,2,3147.4,86,2,3147.5,120,2,3147.6,142,4
2031,2026-06-16 13:09:29+05:30,3146.3,21,3131.04,2357746,134367.0,197977.0,3163.0,3163.0,3108.0,3134.3,32027800,3447.7,2820.9,3839.9,2896.0,3146.4,18,1,3146.1,14,1,3146.0,23,3,3145.9,15,5,3145.8,69,4,3146.8,48,1,3147.3,114,2,3147.4,124,3,3147.5,184,3,3147.6,204,5
2031,2026-06-16 13:09:29+05:30,3146.3,21,3131.04,2357746,134367.0,197977.0,3163.0,3163.0,3108.0,3134.3,32025600,3447.7,2820.9,3839.9,2896.0,3146.4,18,1,3146.1,14,1,3146.0,23,3,3145.9,15,5,3145.8,69,4,3146.8,48,1,3147.3,114,2,3147.4,124,3,3147.5,184,3,3147.6,204,5
2031,2026-06-16 13:09:29+05:30,3146.3,21,3131.04,2357746,134367.0,197977.0,3163.0,3163.0,3108.0,3134.3,32025600,3447.7,2820.9,3839.9,2896.0,3146.4,18,1,3146.1,14,1,3146.0,23,3,3145.9,15,5,3145.8,69,4,3146.8,48,1,3147.3,114,2,3147.4,124,3,3147.5,184,3,3147.6,204,5
2031,2026-06-16 13:09:30+05:30,3146.8,1,3131.04,2357747,134557.0,197772.0,3163.0,3163.0,3108.0,3134.3,32025600,3447.7,2820.9,3839.9,2896.0,3146.4,22,2,3146.2,13,1,3146.1,14,1,3146.0,33,4,3145.9,46,6,3146.8,47,1,3147.3,50,1,3147.4,124,3,3147.5,184,3,3147.6,142,4
2031,2026-06-16 13:09:30+05:30,3146.8,1,3131.04,2357747,134557.0,197772.0,3163.0,3163.0,3108.0,3134.3,32025600,3447.7,2820.9,3839.9,2896.0,3146.4,22,2,3146.2,13,1,3146.1,14,1,3146.0,33,4,3145.9,46,6,3146.8,47,1,3147.3,50,1,3147.4,124,3,3147.5,184,3,3147.6,142,4
2031,2026-06-16 13:09:31+05:30,3146.4,5,3131.04,2357946,133799.0,198563.0,3163.0,3163.0,3108.0,3134.3,32025600,3447.7,2820.9,3839.9,2896.0,3146.0,10,1,3145.9,7,3,3145.8,4,1,3145.7,66,3,3145.6,39,5,3146.4,1,1,3146.8,47,1,3147.3,52,2,3147.4,123,3,3147.5,184,3
2031,2026-06-16 13:09:31+05:30,3146.4,1,3131.04,2357946,133799.0,198563.0,3163.0,3163.0,3108.0,3134.3,32025600,3447.7,2820.9,3839.9,2896.0,3146.0,10,1,3145.9,7,3,3145.8,4,1,3145.7,66,3,3145.6,39,5,3146.4,1,1,3146.8,47,1,3147.3,52,2,3147.4,123,3,3147.5,184,3
2031,2026-06-16 13:09:32+05:30,3146.8,1,3131.04,2357950,134474.0,196224.0,3163.0,3163.0,3108.0,3134.3,32025600,3447.7,2820.9,3839.9,2896.0,3146.4,4,2,3146.2,13,1,3146.0,15,3,3145.9,51,6,3145.8,38,5,3146.8,46,1,3147.3,50,1,3147.4,64,1,3147.5,184,3,3147.6,142,4
2031,2026-06-16 13:09:32+05:30,3146.8,1,3131.04,2357950,134474.0,196224.0,3163.0,3163.0,3108.0,3134.3,32025600,3447.7,2820.9,3839.9,2896.0,3146.4,4,2,3146.2,13,1,3146.0,15,3,3145.9,51,6,3145.8,38,5,3146.8,46,1,3147.3,50,1,3147.4,64,1,3147.5,184,3,3147.6,142,4
2031,2026-06-16 13:09:33+05:30,3146.8,1,3131.04,2357950,135090.0,196225.0,3163.0,3163.0,3108.0,3134.3,32025600,3447.7,2820.9,3839.9,2896.0,3146.5,209,4,3146.4,70,9,3146.3,6,1,3146.2,109,6,3146.1,5,1,3146.8,46,1,3147.3,50,1,3147.5,120,2,3147.6,40,2,3147.8,85,2
2031,2026-06-16 13:09:33+05:30,3146.6,10,3131.04,2357950,135090.0,196225.0,3163.0,3163.0,3108.0,3134.3,32025600,3447.7,2820.9,3839.9,2896.0,3146.5,209,4,3146.4,70,9,3146.3,6,1,3146.2,109,6,3146.1,5,1,3146.8,46,1,3147.3,50,1,3147.5,120,2,3147.6,40,2,3147.8,85,2
2031,2026-06-16 13:09:34+05:30,3146.6,10,3131.04,2358060,135254.0,198863.0,3163.0,3163.0,3108.0,3134.3,32025600,3447.7,2820.9,3839.9,2896.0,3146.6,100,2,3146.5,44,5,3146.4,39,6,3146.3,6,1,3146.2,102,5,3146.8,51,2,3147.3,50,1,3147.5,20,1,3147.6,40,2,3147.8,85,2
2031,2026-06-16 13:09:34+05:30,3146.6,1,3131.04,2358060,135254.0,198863.0,3163.0,3163.0,3108.0,3134.3,32025600,3447.7,2820.9,3839.9,2896.0,3146.6,100,2,3146.5,44,5,3146.4,39,6,3146.3,6,1,3146.2,102,5,3146.8,51,2,3147.3,50,1,3147.5,20,1,3147.6,40,2,3147.8,85,2
2031,2026-06-16 13:09:35+05:30,3146.6,1,3131.04,2358065,135204.0,198097.0,3163.0,3163.0,3108.0,3134.3,32025600,3447.7,2820.9,3839.9,2896.0,3146.6,105,3,3146.5,34,4,3146.4,37,6,3146.3,62,4,3146.2,97,4,3146.8,51,2,3147.3,50,1,3147.5,20,1,3147.6,40,2,3147.8,87,3
2031,2026-06-16 13:09:35+05:30,3147.3,20,3131.04,2358065,135204.0,198097.0,3163.0,3163.0,3108.0,3134.3,32025600,3447.7,2820.9,3839.9,2896.0,3146.6,105,3,3146.5,34,4,3146.4,37,6,3146.3,62,4,3146.2,97,4,3146.8,51,2,3147.3,50,1,3147.5,20,1,3147.6,40,2,3147.8,87,3
2031,2026-06-16 13:09:36+05:30,3147.3,20,3131.04,2358137,135923.0,197395.0,3163.0,3163.0,3108.0,3134.3,32025600,3447.7,2820.9,3839.9,2896.0,3146.8,108,2,3146.7,14,1,3146.6,14,2,3146.5,42,5,3146.4,23,5,3147.3,30,1,3147.5,20,1,3147.6,20,1,3147.8,64,1,3147.9,92,2
2031,2026-06-16 13:09:37+05:30,3146.4,38,3131.05,2358537,135042.0,196933.0,3163.0,3163.0,3108.0,3134.3,32025600,3447.7,2820.9,3839.9,2896.0,3146.5,54,4,3146.4,71,6,3146.3,53,4,3146.2,65,5,3146.1,127,4,3147.3,70,3,3147.5,20,1,3147.6,20,1,3147.8,21,1,3147.9,156,3
2031,2026-06-16 13:09:37+05:30,3146.4,38,3131.05,2358537,135042.0,196933.0,3163.0,3163.0,3108.0,3134.3,32025600,3447.7,2820.9,3839.9,2896.0,3146.5,54,4,3146.4,71,6,3146.3,53,4,3146.2,65,5,3146.1,127,4,3147.3,70,3,3147.5,20,1,3147.6,20,1,3147.8,21,1,3147.9,156,3
2031,2026-06-16 13:09:38+05:30,3147.3,20,3131.05,2358557,135104.0,197110.0,3163.0,3163.0,3108.0,3134.3,32025600,3447.7,2820.9,3839.9,2896.0,3146.5,54,4,3146.4,46,5,3146.3,40,3,3146.2,117,5,3146.1,68,4,3147.3,75,4,3147.5,20,1,3147.6,20,1,3147.7,264,2,3147.8,612,5
2031,2026-06-16 13:09:38+05:30,3147.3,1,3131.05,2358557,135104.0,197110.0,3163.0,3163.0,3108.0,3134.3,32025600,3447.7,2820.9,3839.9,2896.0,3146.5,54,4,3146.4,46,5,3146.3,40,3,3146.2,117,5,3146.1,68,4,3147.3,75,4,3147.5,20,1,3147.6,20,1,3147.7,264,2,3147.8,612,5
2031,2026-06-16 13:09:39+05:30,3146.5,5,3131.05,2358763,134602.0,197746.0,3163.0,3163.0,3108.0,3134.3,32025600,3447.7,2820.9,3839.9,2896.0,3146.5,11,1,3146.2,20,3,3146.1,60,4,3146.0,33,5,3145.9,10,2,3146.8,1,1,3147.3,74,4,3147.5,58,2,3147.6,20,1,3147.7,270,3
2031,2026-06-16 13:09:39+05:30,3146.5,5,3131.05,2358763,134602.0,197746.0,3163.0,3163.0,3108.0,3134.3,32025600,3447.7,2820.9,3839.9,2896.0,3146.5,11,1,3146.2,20,3,3146.1,60,4,3146.0,33,5,3145.9,10,2,3146.8,1,1,3147.3,74,4,3147.5,58,2,3147.6,20,1,3147.7,270,3
2031,2026-06-16 13:09:40+05:30,3146.1,51,3131.05,2358963,134408.0,198223.0,3163.0,3163.0,3108.0,3134.3,32025600,3447.7,2820.9,3839.9,2896.0,3146.2,14,1,3146.1,35,3,3146.0,44,5,3145.9,23,2,3145.8,25,3,3146.8,1,1,3147.3,74,4,3147.5,20,1,3147.6,44,3,3147.7,308,4
2031,2026-06-16 13:09:40+05:30,3146.8,1,3131.05,2358963,134408.0,198223.0,3163.0,3163.0,3108.0,3134.3,32025600,3447.7,2820.9,3839.9,2896.0,3146.2,14,1,3146.1,35,3,3146.0,44,5,3145.9,23,2,3145.8,25,3,3146.8,1,1,3147.3,74,4,3147.5,20,1,3147.6,44,3,3147.7,308,4
2031,2026-06-16 13:09:41+05:30,3146.8,1,3131.05,2358964,134526.0,198229.0,3163.0,3163.0,3108.0,3134.3,32025600,3447.7,2820.9,3839.9,2896.0,3146.2,14,1,3146.1,68,5,3146.0,44,5,3145.9,5,1,3145.8,25,3,3146.8,1,1,3147.0,25,1,3147.3,49,3,3147.5,20,1,3147.6,44,3
2031,2026-06-16 13:09:42+05:30,3147.3,1,3131.05,2358991,134740.0,197224.0,3163.0,3163.0,3108.0,3134.3,32025600,3447.7,2820.9,3839.9,2896.0,3146.3,14,1,3146.2,63,6,3146.1,82,7,3146.0,52,5,3145.9,79,3,3146.8,1,1,3147.3,48,3,3147.5,20,1,3147.6,42,2,3147.7,264,2
2031,2026-06-16 13:09:42+05:30,3147.3,1,3131.05,2358991,134740.0,197224.0,3163.0,3163.0,3108.0,3134.3,32025600,3447.7,2820.9,3839.9,2896.0,3146.3,14,1,3146.2,63,6,3146.1,82,7,3146.0,52,5,3145.9,79,3,3146.8,1,1,3147.3,48,3,3147.5,20,1,3147.6,42,2,3147.7,264,2
2031,2026-06-16 13:09:43+05:30,3147.3,1,3131.05,2358991,135022.0,197548.0,3163.0,3163.0,3108.0,3134.3,32025600,3447.7,2820.9,3839.9,2896.0,3146.3,14,1,3146.2,63,6,3146.1,77,6,3146.0,112,7,3145.9,79,3,3146.8,1,1,3147.0,100,1,3147.3,48,3,3147.5,20,1,3147.6,42,2
2031,2026-06-16 13:09:44+05:30,3147.0,13,3131.05,2359005,135201.0,195773.0,3163.0,3163.0,3108.0,3134.3,32025600,3447.7,2820.9,3839.9,2896.0,3146.4,71,5,3146.3,106,5,3146.2,102,7,3146.1,67,6,3146.0,265,7,3147.0,87,1,3147.3,48,3,3147.5,20,1,3147.6,20,1,3147.7,200,1
2031,2026-06-16 13:09:44+05:30,3147.0,13,3131.05,2359005,135201.0,195773.0,3163.0,3163.0,3108.0,3134.3,32025600,3447.7,2820.9,3839.9,2896.0,3146.4,71,5,3146.3,106,5,3146.2,102,7,3146.1,67,6,3146.0,265,7,3147.0,87,1,3147.3,48,3,3147.5,20,1,3147.6,20,1,3147.7,200,1
2031,2026-06-16 13:09:45+05:30,3147.0,1,3131.05,2359006,135384.0,197578.0,3163.0,3163.0,3108.0,3134.3,32025600,3447.7,2820.9,3839.9,2896.0,3146.7,2,2,3146.6,13,1,3146.4,23,4,3146.3,66,4,3146.2,57,5,3147.0,110,2,3147.3,48,3,3147.5,20,1,3147.6,20,1,3147.7,264,2
2031,2026-06-16 13:09:45+05:30,3146.7,1,3131.05,2359006,135384.0,197578.0,3163.0,3163.0,3108.0,3134.3,32025600,3447.7,2820.9,3839.9,2896.0,3146.7,2,2,3146.6,13,1,3146.4,23,4,3146.3,66,4,3146.2,57,5,3147.0,110,2,3147.3,48,3,3147.5,20,1,3147.6,20,1,3147.7,264,2
2031,2026-06-16 13:09:46+05:30,3146.3,1,3131.05,2359249,134760.0,197444.0,3163.0,3163.0,3108.0,3134.3,32025600,3447.7,2820.9,3839.9,2896.0,3146.4,22,2,3146.3,20,2,3146.2,42,3,3146.1,48,2,3146.0,99,5,3147.0,109,2,3147.3,9,2,3147.5,20,1,3147.6,42,2,3147.7,354,4
2031,2026-06-16 13:09:46+05:30,3146.3,1,3131.05,2359249,134760.0,197444.0,3163.0,3163.0,3108.0,3134.3,32025600,3447.7,2820.9,3839.9,2896.0,3146.4,22,2,3146.3,20,2,3146.2,42,3,3146.1,48,2,3146.0,99,5,3147.0,109,2,3147.3,9,2,3147.5,20,1,3147.6,42,2,3147.7,354,4
2031,2026-06-16 13:09:47+05:30,3146.3,1,3131.05,2359249,134916.0,197519.0,3163.0,3163.0,3108.0,3134.3,32025600,3447.7,2820.9,3839.9,2896.0,3146.4,55,5,3146.3,26,3,3146.2,80,5,3146.1,66,4,3146.0,163,6,3147.0,109,2,3147.3,9,2,3147.5,20,1,3147.6,42,2,3147.7,316,3
2031,2026-06-16 13:09:48+05:30,3146.3,1,3131.05,2359249,134533.0,197345.0,3163.0,3163.0,3108.0,3134.3,32025600,3447.7,2820.9,3839.9,2896.0,3146.4,34,3,3146.3,26,3,3146.2,80,5,3146.1,66,4,3146.0,163,6,3146.7,1,1,3147.0,109,2,3147.3,9,2,3147.5,20,1,3147.6,44,3
2031,2026-06-16 13:09:48+05:30,3147.0,25,3131.05,2359249,134533.0,197345.0,3163.0,3163.0,3108.0,3134.3,32025600,3447.7,2820.9,3839.9,2896.0,3146.4,34,3,3146.3,26,3,3146.2,80,5,3146.1,66,4,3146.0,163,6,3146.7,1,1,3147.0,109,2,3147.3,9,2,3147.5,20,1,3147.6,44,3
2031,2026-06-16 13:09:49+05:30,3147.0,25,3131.05,2359276,134849.0,197302.0,3163.0,3163.0,3108.0,3134.3,32025600,3447.7,2820.9,3839.9,2896.0,3146.5,10,2,3146.4,47,4,3146.3,36,4,3146.2,104,5,3146.1,66,4,3147.0,84,2,3147.3,9,2,3147.5,20,1,3147.6,42,2,3147.7,264,2
2031,2026-06-16 13:09:50+05:30,3147.0,25,3131.05,2359276,134851.0,197341.0,3163.0,3163.0,3108.0,3134.3,32025600,3447.7,2820.9,3839.9,2896.0,3146.7,15,1,3146.5,10,2,3146.4,15,2,3146.3,35,4,3146.2,93,4,3147.0,84,2,3147.3,9,2,3147.5,20,1,3147.6,20,1,3147.7,264,2
2031,2026-06-16 13:09:51+05:30,3147.0,1,3131.05,2359277,134721.0,197604.0,3163.0,3163.0,3108.0,3134.3,32025600,3447.7,2820.9,3839.9,2896.0,3146.7,15,1,3146.4,8,1,3146.3,19,2,3146.2,42,3,3146.1,48,2,3147.0,97,3,3147.3,9,2,3147.4,38,1,3147.5,20,1,3147.6,60,3
2031,2026-06-16 13:09:51+05:30,3147.0,1,3131.05,2359277,134721.0,197604.0,3163.0,3163.0,3108.0,3134.3,32025600,3447.7,2820.9,3839.9,2896.0,3146.7,15,1,3146.4,8,1,3146.3,19,2,3146.2,42,3,3146.1,48,2,3147.0,97,3,3147.3,9,2,3147.4,38,1,3147.5,20,1,3147.6,60,3
2031,2026-06-16 13:09:52+05:30,3147.0,1,3131.05,2359289,134834.0,198184.0,3163.0,3163.0,3108.0,3134.3,32025600,3447.7,2820.9,3839.9,2896.0,3146.7,15,1,3146.4,8,1,3146.3,19,2,3146.2,42,3,3146.1,48,2,3147.0,174,5,3147.1,38,1,3147.3,9,2,3147.4,100,2,3147.5,20,1
2031,2026-06-16 13:09:52+05:30,3147.0,24,3131.05,2359289,134834.0,198184.0,3163.0,3163.0,3108.0,3134.3,32025600,3447.7,2820.9,3839.9,2896.0,3146.7,15,1,3146.4,8,1,3146.3,19,2,3146.2,42,3,3146.1,48,2,3147.0,174,5,3147.1,38,1,3147.3,9,2,3147.4,100,2,3147.5,20,1
2031,2026-06-16 13:09:53+05:30,3146.3,32,3131.05,2359637,134508.0,198311.0,3163.0,3163.0,3108.0,3134.3,32025600,3447.7,2820.9,3839.9,2896.0,3146.3,12,1,3146.0,77,3,3145.9,5,1,3145.8,9,2,3145.7,34,2,3147.0,89,3,3147.2,38,1,3147.3,9,2,3147.4,161,3,3147.5,69,2
2031,2026-06-16 13:09:53+05:30,3146.3,32,3131.05,2359637,134508.0,198311.0,3163.0,3163.0,3108.0,3134.3,32025600,3447.7,2820.9,3839.9,2896.0,3146.3,12,1,3146.0,77,3,3145.9,5,1,3145.8,9,2,3145.7,34,2,3147.0,89,3,3147.2,38,1,3147.3,9,2,3147.4,161,3,3147.5,69,2
2031,2026-06-16 13:09:54+05:30,3146.3,32,3131.05,2359637,134647.0,198277.0,3163.0,3163.0,3108.0,3134.3,32025600,3447.7,2820.9,3839.9,2896.0,3146.3,12,1,3146.0,77,3,3145.9,5,1,3145.8,9,2,3145.7,34,2,3147.0,145,5,3147.2,102,2,3147.3,9,2,3147.4,275,5,3147.5,69,2
2031,2026-06-16 13:09:55+05:30,3146.3,32,3131.05,2359637,134647.0,198429.0,3163.0,3163.0,3108.0,3134.3,32025600,3447.7,2820.9,3839.9,2896.0,3146.3,1,1,3146.0,77,3,3145.9,5,1,3145.8,9,2,3145.7,45,2,3147.0,190,5,3147.2,102,2,3147.3,9,2,3147.4,275,5,3147.5,69,2
2031,2026-06-16 13:09:56+05:30,3147.0,13,3131.05,2359676,134744.0,196197.0,3163.0,3163.0,3108.0,3134.3,32025600,3447.7,2820.9,3839.9,2896.0,3146.3,1,1,3146.0,77,3,3145.8,3,1,3145.7,32,1,3145.6,215,3,3147.0,151,4,3147.2,102,2,3147.3,9,2,3147.4,164,3,3147.5,69,2
2031,2026-06-16 13:09:56+05:30,3147.0,1,3131.05,2359676,134744.0,196197.0,3163.0,3163.0,3108.0,3134.3,32025600,3447.7,2820.9,3839.9,2896.0,3146.3,1,1,3146.0,77,3,3145.8,3,1,3145.7,32,1,3145.6,215,3,3147.0,151,4,3147.2,102,2,3147.3,9,2,3147.4,164,3,3147.5,69,2
2031,2026-06-16 13:09:57+05:30,3147.0,1,3131.05,2359677,134773.0,196401.0,3163.0,3163.0,3108.0,3134.3,32025600,3447.7,2820.9,3839.9,2896.0,3146.3,1,1,3146.0,77,3,3145.8,3,1,3145.7,32,1,3145.6,15,2,3147.0,150,4,3147.2,102,2,3147.3,9,2,3147.4,164,3,3147.5,69,2
2031,2026-06-16 13:09:57+05:30,3147.0,10,3131.05,2359677,134773.0,196401.0,3163.0,3163.0,3108.0,3134.3,32025600,3447.7,2820.9,3839.9,2896.0,3146.3,1,1,3146.0,77,3,3145.8,3,1,3145.7,32,1,3145.6,15,2,3147.0,150,4,3147.2,102,2,3147.3,9,2,3147.4,164,3,3147.5,69,2
2031,2026-06-16 13:09:58+05:30,3147.0,1,3131.05,2359688,134902.0,196344.0,3163.0,3163.0,3108.0,3134.3,32025600,3447.7,2820.9,3839.9,2896.0,3146.4,59,4,3146.3,82,7,3146.2,7,1,3146.1,44,4,3146.0,168,7,3147.0,110,3,3147.3,209,3,3147.5,20,1,3147.6,104,3,3147.7,328,3
2031,2026-06-16 13:09:58+05:30,3147.0,1,3131.05,2359688,134902.0,196344.0,3163.0,3163.0,3108.0,3134.3,32025600,3447.7,2820.9,3839.9,2896.0,3146.4,59,4,3146.3,82,7,3146.2,7,1,3146.1,44,4,3146.0,168,7,3147.0,110,3,3147.3,209,3,3147.5,20,1,3147.6,104,3,3147.7,328,3
2031,2026-06-16 13:09:59+05:30,3147.0,1,3131.05,2359688,135120.0,198438.0,3163.0,3163.0,3108.0,3134.3,32025600,3447.7,2820.9,3839.9,2896.0,3146.4,14,1,3146.3,59,5,3146.2,7,1,3146.1,76,3,3146.0,155,6,3147.0,112,4,3147.3,209,3,3147.4,38,1,3147.5,20,1,3147.6,142,4
2031,2026-06-16 13:09:59+05:30,3147.0,10,3131.05,2359688,135120.0,198438.0,3163.0,3163.0,3108.0,3134.3,32025600,3447.7,2820.9,3839.9,2896.0,3146.4,14,1,3146.3,59,5,3146.2,7,1,3146.1,76,3,3146.0,155,6,3147.0,112,4,3147.3,209,3,3147.4,38,1,3147.5,20,1,3147.6,142,4
2031,2026-06-16 13:10:00+05:30,3147.0,10,3131.05,2359709,135191.0,198418.0,3163.0,3163.0,3108.0,3134.3,32025600,3447.7,2820.9,3839.9,2896.0,3146.4,22,3,3146.3,44,4,3146.2,7,1,3146.1,10,1,3146.0,155,6,3147.0,122,5,3147.3,209,3,3147.4,38,1,3147.5,20,1,3147.6,142,4
2031,2026-06-16 13:10:00+05:30,3147.0,10,3131.05,2359709,135191.0,198418.0,3163.0,3163.0,3108.0,3134.3,32025600,3447.7,2820.9,3839.9,2896.0,3146.4,22,3,3146.3,44,4,3146.2,7,1,3146.1,10,1,3146.0,155,6,3147.0,122,5,3147.3,209,3,3147.4,38,1,3147.5,20,1,3147.6,142,4
2031,2026-06-16 13:10:01+05:30,3146.4,16,3131.06,2359876,135469.0,198256.0,3163.0,3163.0,3108.0,3134.3,32025600,3447.7,2820.9,3839.9,2896.0,3146.4,61,5,3146.3,21,2,3146.2,54,3,3146.1,185,2,3146.0,280,10,3147.0,136,6,3147.3,209,3,3147.5,20,1,3147.6,143,4,3147.7,264,2
2031,2026-06-16 13:10:01+05:30,3146.4,16,3131.06,2359876,135469.0,198256.0,3163.0,3163.0,3108.0,3134.3,32025600,3447.7,2820.9,3839.9,2896.0,3146.4,61,5,3146.3,21,2,3146.2,54,3,3146.1,185,2,3146.0,280,10,3147.0,136,6,3147.3,209,3,3147.5,20,1,3147.6,143,4,3147.7,264,2
2031,2026-06-16 13:10:02+05:30,3147.0,1,3131.06,2359877,135222.0,198255.0,3163.0,3163.0,3108.0,3134.3,32025600,3447.7,2820.9,3839.9,2896.0,3146.4,87,6,3146.3,21,2,3146.2,54,3,3146.1,10,1,3146.0,280,10,3147.0,135,6,3147.3,209,3,3147.5,20,1,3147.6,143,4,3147.7,264,2
2031,2026-06-16 13:10:02+05:30,3147.0,1,3131.06,2359877,135222.0,198255.0,3163.0,3163.0,3108.0,3134.3,32025600,3447.7,2820.9,3839.9,2896.0,3146.4,87,6,3146.3,21,2,3146.2,54,3,3146.1,10,1,3146.0,280,10,3147.0,135,6,3147.3,209,3,3147.5,20,1,3147.6,143,4,3147.7,264,2
2031,2026-06-16 13:10:03+05:30,3147.0,4,3131.06,2359881,135281.0,198453.0,3163.0,3163.0,3108.0,3134.3,32025600,3447.7,2820.9,3839.9,2896.0,3146.4,56,4,3146.3,21,2,3146.2,20,2,3146.1,10,1,3146.0,275,9,3147.0,131,6,3147.3,209,3,3147.5,20,1,3147.6,143,4,3147.7,264,2
2031,2026-06-16 13:10:03+05:30,3146.2,66,3131.06,2359881,135281.0,198453.0,3163.0,3163.0,3108.0,3134.3,32025600,3447.7,2820.9,3839.9,2896.0,3146.4,56,4,3146.3,21,2,3146.2,20,2,3146.1,10,1,3146.0,275,9,3147.0,131,6,3147.3,209,3,3147.5,20,1,3147.6,143,4,3147.7,264,2
2031,2026-06-16 13:10:04+05:30,3147.0,21,3131.06,2360102,134924.0,198269.0,3163.0,3163.0,3108.0,3134.3,32025600,3447.7,2820.9,3839.9,2896.0,3146.4,24,3,3146.2,34,2,3146.1,48,3,3146.0,256,6,3145.9,48,2,3147.0,110,6,3147.3,209,3,3147.5,58,2,3147.6,367,5,3147.7,419,4
2031,2026-06-16 13:10:04+05:30,3147.0,1,3131.06,2360102,134924.0,198269.0,3163.0,3163.0,3108.0,3134.3,32025600,3447.7,2820.9,3839.9,2896.0,3146.4,24,3,3146.2,34,2,3146.1,48,3,3146.0,256,6,3145.9,48,2,3147.0,110,6,3147.3,209,3,3147.5,58,2,3147.6,367,5,3147.7,419,4
2031,2026-06-16 13:10:05+05:30,3146.4,2,3131.06,2360105,134904.0,198506.0,3163.0,3163.0,3108.0,3134.3,32025600,3447.7,2820.9,3839.9,2896.0,3146.4,22,3,3146.2,25,1,3146.1,47,2,3146.0,187,4,3145.9,48,2,3147.0,154,7,3147.2,138,2,3147.3,209,3,3147.4,38,1,3147.5,20,1
2031,2026-06-16 13:10:05+05:30,3146.4,1,3131.06,2360105,134904.0,198506.0,3163.0,3163.0,3108.0,3134.3,32025600,3447.7,2820.9,3839.9,2896.0,3146.4,22,3,3146.2,25,1,3146.1,47,2,3146.0,187,4,3145.9,48,2,3147.0,154,7,3147.2,138,2,3147.3,209,3,3147.4,38,1,3147.5,20,1
2031,2026-06-16 13:10:06+05:30,3147.0,20,3131.06,2360126,134988.0,198220.0,3163.0,3163.0,3108.0,3134.3,32025600,3447.7,2820.9,3839.9,2896.0,3146.5,18,1,3146.4,8,2,3146.3,10,1,3146.2,25,1,3146.1,39,1,3147.0,134,7,3147.2,138,2,3147.3,209,3,3147.4,100,2,3147.5,20,1
2031,2026-06-16 13:10:06+05:30,3147.0,20,3131.06,2360126,134988.0,198220.0,3163.0,3163.0,3108.0,3134.3,32025600,3447.7,2820.9,3839.9,2896.0,3146.5,18,1,3146.4,8,2,3146.3,10,1,3146.2,25,1,3146.1,39,1,3147.0,134,7,3147.2,138,2,3147.3,209,3,3147.4,100,2,3147.5,20,1
2031,2026-06-16 13:10:07+05:30,3147.0,1,3131.06,2360183,135149.0,198365.0,3163.0,3163.0,3108.0,3134.3,32025600,3447.7,2820.9,3839.9,2896.0,3146.5,24,2,3146.4,8,2,3146.3,10,1,3146.2,25,1,3146.1,52,2,3147.0,203,6,3147.2,138,2,3147.3,209,3,3147.4,38,1,3147.5,20,1
2031,2026-06-16 13:10:07+05:30,3147.0,1,3131.06,2360183,135149.0,198365.0,3163.0,3163.0,3108.0,3134.3,32025600,3447.7,2820.9,3839.9,2896.0,3146.5,24,2,3146.4,8,2,3146.3,10,1,3146.2,25,1,3146.1,52,2,3147.0,203,6,3147.2,138,2,3147.3,209,3,3147.4,38,1,3147.5,20,1
2031,2026-06-16 13:10:08+05:30,3147.0,1,3131.06,2360187,135149.0,198512.0,3163.0,3163.0,3108.0,3134.3,32025600,3447.7,2820.9,3839.9,2896.0,3146.5,24,2,3146.4,8,2,3146.3,10,1,3146.2,25,1,3146.1,52,2,3147.0,225,7,3147.2,138,2,3147.3,209,3,3147.4,38,1,3147.5,20,1
2031,2026-06-16 13:10:08+05:30,3147.0,1,3131.06,2360187,135149.0,198512.0,3163.0,3163.0,3108.0,3134.3,32025600,3447.7,2820.9,3839.9,2896.0,3146.5,24,2,3146.4,8,2,3146.3,10,1,3146.2,25,1,3146.1,52,2,3147.0,225,7,3147.2,138,2,3147.3,209,3,3147.4,38,1,3147.5,20,1
2031,2026-06-16 13:10:09+05:30,3147.0,1,3131.06,2360187,135144.0,198514.0,3163.0,3163.0,3108.0,3134.3,32025600,3447.7,2820.9,3839.9,2896.0,3146.7,19,2,3146.5,6,1,3146.4,6,1,3146.3,10,1,3146.2,25,1,3146.8,1,1,3147.0,224,6,3147.2,100,1,3147.3,209,3,3147.4,38,1
2031,2026-06-16 13:10:09+05:30,3146.8,39,3131.06,2360187,135144.0,198514.0,3163.0,3163.0,3108.0,3134.3,32025600,3447.7,2820.9,3839.9,2896.0,3146.7,19,2,3146.5,6,1,3146.4,6,1,3146.3,10,1,3146.2,25,1,3146.8,1,1,3147.0,224,6,3147.2,100,1,3147.3,209,3,3147.4,38,1
2031,2026-06-16 13:10:10+05:30,3146.8,39,3131.06,2360234,135542.0,198421.0,3163.0,3163.0,3108.0,3134.3,32025600,3447.7,2820.9,3839.9,2896.0,3146.8,15,1,3146.7,2,1,3146.5,6,1,3146.4,21,2,3146.2,52,3,3147.0,218,6,3147.2,100,1,3147.3,209,3,3147.5,20,1,3147.6,322,4
2031,2026-06-16 13:10:10+05:30,3147.0,1,3131.06,2360234,135542.0,198421.0,3163.0,3163.0,3108.0,3134.3,32025600,3447.7,2820.9,3839.9,2896.0,3146.8,15,1,3146.7,2,1,3146.5,6,1,3146.4,21,2,3146.2,52,3,3147.0,218,6,3147.2,100,1,3147.3,209,3,3147.5,20,1,3147.6,322,4
2031,2026-06-16 13:10:11+05:30,3147.0,1,3131.06,2360242,135554.0,198186.0,3163.0,3163.0,3108.0,3134.3,32025600,3447.7,2820.9,3839.9,2896.0,3146.8,15,1,3146.7,2,1,3146.5,22,2,3146.4,6,1,3146.2,34,2,3147.0,293,7,3147.2,100,1,3147.3,209,3,3147.5,20,1,3147.6,58,2
2031,2026-06-16 13:10:11+05:30,3147.0,1,3131.06,2360242,135554.0,198186.0,3163.0,3163.0,3108.0,3134.3,32025600,3447.7,2820.9,3839.9,2896.0,3146.8,15,1,3146.7,2,1,3146.5,22,2,3146.4,6,1,3146.2,34,2,3147.0,293,7,3147.2,100,1,3147.3,209,3,3147.5,20,1,3147.6,58,2
2031,2026-06-16 13:10:11+05:30,3147.3,2,3131.06,2360242,135554.0,198186.0,3163.0,3163.0,3108.0,3134.3,32025600,3447.7,2820.9,3839.9,2896.0,3146.8,15,1,3146.7,2,1,3146.5,22,2,3146.4,6,1,3146.2,34,2,3147.0,293,7,3147.2,100,1,3147.3,209,3,3147.5,20,1,3147.6,58,2
2031,2026-06-16 13:10:12+05:30,3147.3,2,3131.06,2360896,136493.0,196441.0,3163.0,3163.0,3108.0,3134.3,32025600,3447.7,2820.9,3839.9,2896.0,3146.9,38,4,3146.8,60,6,3146.7,7,2,3146.6,13,1,3146.5,78,4,3147.5,20,1,3147.6,20,1,3147.7,200,1,3147.8,553,3,3147.9,428,3
2031,2026-06-16 13:10:12+05:30,3147.0,7,3131.06,2360896,136493.0,196441.0,3163.0,3163.0,3108.0,3134.3,32025600,3447.7,2820.9,3839.9,2896.0,3146.9,38,4,3146.8,60,6,3146.7,7,2,3146.6,13,1,3146.5,78,4,3147.5,20,1,3147.6,20,1,3147.7,200,1,3147.8,553,3,3147.9,428,3
2031,2026-06-16 13:10:12+05:30,3147.0,7,3131.06,2360896,136493.0,196441.0,3163.0,3163.0,3108.0,3134.3,32025600,3447.7,2820.9,3839.9,2896.0,3146.9,38,4,3146.8,60,6,3146.7,7,2,3146.6,13,1,3146.5,78,4,3147.5,20,1,3147.6,20,1,3147.7,200,1,3147.8,553,3,3147.9,428,3
2031,2026-06-16 13:10:13+05:30,3147.6,7,3131.07,2361359,136631.0,196597.0,3163.0,3163.0,3108.0,3134.3,32025600,3447.7,2820.9,3839.9,2896.0,3147.0,83,7,3146.9,77,7,3146.8,45,5,3146.7,17,3,3146.6,21,3,3147.6,12,1,3148.0,1590,18,3148.1,553,3,3148.2,520,5,3148.4,85,3
2031,2026-06-16 13:10:13+05:30,3147.6,7,3131.07,2361359,136631.0,196597.0,3163.0,3163.0,3108.0,3134.3,32025600,3447.7,2820.9,3839.9,2896.0,3147.0,83,7,3146.9,77,7,3146.8,45,5,3146.7,17,3,3146.6,21,3,3147.6,12,1,3148.0,1590,18,3148.1,553,3,3148.2,520,5,3148.4,85,3
2031,2026-06-16 13:10:14+05:30,3147.6,7,3131.07,2361359,137348.0,196660.0,3163.0,3163.0,3108.0,3134.3,32025600,3447.7,2820.9,3839.9,2896.0,3147.1,14,1,3147.0,101,10,3146.9,69,6,3146.8,50,6,3146.7,17,3,3147.5,1,1,3147.6,12,1,3148.0,1590,18,3148.1,553,3,3148.2,520,5
2031,2026-06-16 13:10:14+05:30,3147.5,1,3131.07,2361359,137348.0,196660.0,3163.0,3163.0,3108.0,3134.3,32025600,3447.7,2820.9,3839.9,2896.0,3147.1,14,1,3147.0,101,10,3146.9,69,6,3146.8,50,6,3146.7,17,3,3147.5,1,1,3147.6,12,1,3148.0,1590,18,3148.1,553,3,3148.2,520,5
2031,2026-06-16 13:10:15+05:30,3148.0,8,3131.07,2361424,137712.0,196386.0,3163.0,3163.0,3108.0,3134.3,32025600,3447.7,2820.9,3839.9,2896.0,3147.1,64,4,3147.0,102,11,3146.9,68,5,3146.8,77,5,3146.7,12,2,3148.0,1538,17,3148.1,553,3,3148.2,400,2,3148.4,147,4,3148.5,35,1
2031,2026-06-16 13:10:15+05:30,3148.0,8,3131.07,2361424,137712.0,196386.0,3163.0,3163.0,3108.0,3134.3,32025600,3447.7,2820.9,3839.9,2896.0,3147.1,64,4,3147.0,102,11,3146.9,68,5,3146.8,77,5,3146.7,12,2,3148.0,1538,17,3148.1,553,3,3148.2,400,2,3148.4,147,4,3148.5,35,1
2031,2026-06-16 13:10:15+05:30,3147.9,7,3131.07,2361424,137712.0,196386.0,3163.0,3163.0,3108.0,3134.3,32025600,3447.7,2820.9,3839.9,2896.0,3147.1,64,4,3147.0,102,11,3146.9,68,5,3146.8,77,5,3146.7,12,2,3148.0,1538,17,3148.1,553,3,3148.2,400,2,3148.4,147,4,3148.5,35,1
2031,2026-06-16 13:10:16+05:30,3147.9,7,3131.08,2363609,138223.0,193496.0,3163.0,3163.0,3108.0,3134.3,32025600,3447.7,2820.9,3839.9,2896.0,3147.9,7,1,3147.8,44,4,3147.7,30,3,3147.6,2,2,3147.4,81,2,3148.5,35,1,3148.7,10,1,3148.8,38,1,3148.9,2,1,3149.0,470,19
2031,2026-06-16 13:10:16+05:30,3149.0,5,3131.08,2363609,138223.0,193496.0,3163.0,3163.0,3108.0,3134.3,32025600,3447.7,2820.9,3839.9,2896.0,3147.9,7,1,3147.8,44,4,3147.7,30,3,3147.6,2,2,3147.4,81,2,3148.5,35,1,3148.7,10,1,3148.8,38,1,3148.9,2,1,3149.0,470,19
2031,2026-06-16 13:10:17+05:30,3147.9,6,3131.08,2364081,138245.0,194007.0,3163.0,3163.0,3108.0,3134.3,32025600,3447.7,2820.9,3839.9,2896.0,3147.9,33,1,3147.8,80,4,3147.7,11,2,3147.6,2,2,3147.4,77,2,3149.0,444,17,3149.2,309,4,3149.3,710,8,3149.4,530,8,3149.5,664,5
2031,2026-06-16 13:10:17+05:30,3147.9,6,3131.08,2364081,138245.0,194007.0,3163.0,3163.0,3108.0,3134.3,32025600,3447.7,2820.9,3839.9,2896.0,3147.9,33,1,3147.8,80,4,3147.7,11,2,3147.6,2,2,3147.4,77,2,3149.0,444,17,3149.2,309,4,3149.3,710,8,3149.4,530,8,3149.5,664,5
2031,2026-06-16 13:10:17+05:30,3149.0,20,3131.08,2364081,138245.0,194007.0,3163.0,3163.0,3108.0,3134.3,32025600,3447.7,2820.9,3839.9,2896.0,3147.9,33,1,3147.8,80,4,3147.7,11,2,3147.6,2,2,3147.4,77,2,3149.0,444,17,3149.2,309,4,3149.3,710,8,3149.4,530,8,3149.5,664,5
2031,2026-06-16 13:10:18+05:30,3149.0,1,3131.09,2364346,138197.0,193455.0,3163.0,3163.0,3108.0,3134.3,32025600,3447.7,2820.9,3839.9,2896.0,3148.1,14,1,3148.0,16,1,3147.9,16,1,3147.8,48,2,3147.7,2,1,3149.0,159,6,3149.2,309,4,3149.3,648,7,3149.4,530,8,3149.5,784,6
2031,2026-06-16 13:10:18+05:30,3149.0,1,3131.09,2364346,138197.0,193455.0,3163.0,3163.0,3108.0,3134.3,32025600,3447.7,2820.9,3839.9,2896.0,3148.1,14,1,3148.0,16,1,3147.9,16,1,3147.8,48,2,3147.7,2,1,3149.0,159,6,3149.2,309,4,3149.3,648,7,3149.4,530,8,3149.5,784,6
2031,2026-06-16 13:10:19+05:30,3149.0,1,3131.09,2364346,138197.0,193455.0,3163.0,3163.0,3108.0,3134.3,32025600,3447.7,2820.9,3839.9,2896.0,3148.1,14,1,3148.0,16,1,3147.9,16,1,3147.8,48,2,3147.7,2,1,3149.0,159,6,3149.2,309,4,3149.3,648,7,3149.4,530,8,3149.5,784,6
2031,2026-06-16 13:10:19+05:30,3149.0,26,3131.09,2364422,138150.0,194281.0,3163.0,3163.0,3108.0,3134.3,32025600,3447.7,2820.9,3839.9,2896.0,3148.2,17,1,3147.9,16,1,3147.8,51,3,3147.7,2,1,3147.6,77,4,3149.0,78,5,3149.2,309,4,3149.3,710,8,3149.4,530,8,3149.5,664,5
2031,2026-06-16 13:10:19+05:30,3149.0,3,3131.09,2364422,138150.0,194281.0,3163.0,3163.0,3108.0,3134.3,32025600,3447.7,2820.9,3839.9,2896.0,3148.2,17,1,3147.9,16,1,3147.8,51,3,3147.7,2,1,3147.6,77,4,3149.0,78,5,3149.2,309,4,3149.3,710,8,3149.4,530,8,3149.5,664,5
2031,2026-06-16 13:10:20+05:30,3149.0,20,3131.09,2364482,138244.0,192296.0,3163.0,3163.0,3108.0,3134.3,32025600,3447.7,2820.9,3839.9,2896.0,3148.2,25,2,3148.0,51,2,3147.9,28,2,3147.8,12,3,3147.7,19,2,3149.2,288,3,3149.3,648,7,3149.4,530,8,3149.5,664,5,3149.6,60,3
2031,2026-06-16 13:10:20+05:30,3149.0,20,3131.09,2364482,138244.0,192296.0,3163.0,3163.0,3108.0,3134.3,32025600,3447.7,2820.9,3839.9,2896.0,3148.2,25,2,3148.0,51,2,3147.9,28,2,3147.8,12,3,3147.7,19,2,3149.2,288,3,3149.3,648,7,3149.4,530,8,3149.5,664,5,3149.6,60,3
2031,2026-06-16 13:10:20+05:30,3149.0,20,3131.09,2364482,138244.0,192296.0,3163.0,3163.0,3108.0,3134.3,32025600,3447.7,2820.9,3839.9,2896.0,3148.2,25,2,3148.0,51,2,3147.9,28,2,3147.8,12,3,3147.7,19,2,3149.2,288,3,3149.3,648,7,3149.4,530,8,3149.5,664,5,3149.6,60,3
2031,2026-06-16 13:10:21+05:30,3147.9,62,3131.09,2364717,136796.0,194737.0,3163.0,3163.0,3108.0,3134.3,32025600,3447.7,2820.9,3839.9,2896.0,3148.2,16,1,3147.9,50,2,3147.8,3,1,3147.7,2,1,3147.5,168,1,3149.1,109,4,3149.2,332,4,3149.3,648,7,3149.4,513,8,3149.5,664,5
2031,2026-06-16 13:10:21+05:30,3147.9,62,3131.09,2364717,136796.0,194737.0,3163.0,3163.0,3108.0,3134.3,32025600,3447.7,2820.9,3839.9,2896.0,3148.2,16,1,3147.9,50,2,3147.8,3,1,3147.7,2,1,3147.5,168,1,3149.1,109,4,3149.2,332,4,3149.3,648,7,3149.4,513,8,3149.5,664,5
2031,2026-06-16 13:10:22+05:30,3147.9,62,3131.09,2364717,136796.0,194737.0,3163.0,3163.0,3108.0,3134.3,32025600,3447.7,2820.9,3839.9,2896.0,3148.2,16,1,3147.9,50,2,3147.8,3,1,3147.7,2,1,3147.5,168,1,3149.1,109,4,3149.2,332,4,3149.3,648,7,3149.4,513,8,3149.5,664,5
2031,2026-06-16 13:10:22+05:30,3147.9,62,3131.09,2364717,136843.0,194682.0,3163.0,3163.0,3108.0,3134.3,32025600,3447.7,2820.9,3839.9,2896.0,3148.0,17,1,3147.9,1,1,3147.8,18,2,3147.7,2,1,3147.6,111,2,3148.8,1,1,3149.0,48,2,3149.1,26,1,3149.2,309,4,3149.3,646,7
2031,2026-06-16 13:10:22+05:30,3149.0,10,3131.09,2364717,136843.0,194682.0,3163.0,3163.0,3108.0,3134.3,32025600,3447.7,2820.9,3839.9,2896.0,3148.0,17,1,3147.9,1,1,3147.8,18,2,3147.7,2,1,3147.6,111,2,3148.8,1,1,3149.0,48,2,3149.1,26,1,3149.2,309,4,3149.3,646,7
2031,2026-06-16 13:10:22+05:30,3149.0,10,3131.09,2364717,136843.0,194682.0,3163.0,3163.0,3108.0,3134.3,32025600,3447.7,2820.9,3839.9,2896.0,3148.0,17,1,3147.9,1,1,3147.8,18,2,3147.7,2,1,3147.6,111,2,3148.8,1,1,3149.0,48,2,3149.1,26,1,3149.2,309,4,3149.3,646,7
2031,2026-06-16 13:10:23+05:30,3149.0,10,3131.09,2364717,136843.0,194682.0,3163.0,3163.0,3108.0,3134.3,32025600,3447.7,2820.9,3839.9,2896.0,3148.0,17,1,3147.9,1,1,3147.8,18,2,3147.7,2,1,3147.6,111,2,3148.8,1,1,3149.0,48,2,3149.1,26,1,3149.2,309,4,3149.3,646,7
2031,2026-06-16 13:10:23+05:30,3149.0,10,3131.09,2364728,137226.0,195386.0,3163.0,3163.0,3108.0,3134.3,32025600,3447.7,2820.9,3839.9,2896.0,3148.9,1,1,3148.2,15,1,3147.8,81,3,3147.7,82,4,3147.5,21,1,3149.1,26,1,3149.2,314,4,3149.3,646,7,3149.4,509,7,3149.5,664,5
2031,2026-06-16 13:10:23+05:30,3149.2,24,3131.09,2364728,137226.0,195386.0,3163.0,3163.0,3108.0,3134.3,32025600,3447.7,2820.9,3839.9,2896.0,3148.9,1,1,3148.2,15,1,3147.8,81,3,3147.7,82,4,3147.5,21,1,3149.1,26,1,3149.2,314,4,3149.3,646,7,3149.4,509,7,3149.5,664,5
2031,2026-06-16 13:10:23+05:30,3149.2,24,3131.09,2364728,137226.0,195386.0,3163.0,3163.0,3108.0,3134.3,32025600,3447.7,2820.9,3839.9,2896.0,3148.9,1,1,3148.2,15,1,3147.8,81,3,3147.7,82,4,3147.5,21,1,3149.1,26,1,3149.2,314,4,3149.3,646,7,3149.4,509,7,3149.5,664,5
2031,2026-06-16 13:10:24+05:30,3149.2,24,3131.09,2364728,137226.0,195386.0,3163.0,3163.0,3108.0,3134.3,32025600,3447.7,2820.9,3839.9,2896.0,3148.9,1,1,3148.2,15,1,3147.8,81,3,3147.7,82,4,3147.5,21,1,3149.1,26,1,3149.2,314,4,3149.3,646,7,3149.4,509,7,3149.5,664,5
2031,2026-06-16 13:10:24+05:30,3149.2,22,3131.09,2364801,138349.0,196260.0,3163.0,3163.0,3108.0,3134.3,32025600,3447.7,2820.9,3839.9,2896.0,3148.9,1,1,3148.2,15,1,3148.0,63,1,3147.9,255,3,3147.8,118,4,3149.0,5,1,3149.2,242,3,3149.3,618,7,3149.4,509,7,3149.5,664,5
2031,2026-06-16 13:10:24+05:30,3147.9,54,3131.09,2364801,138349.0,196260.0,3163.0,3163.0,3108.0,3134.3,32025600,3447.7,2820.9,3839.9,2896.0,3148.9,1,1,3148.2,15,1,3148.0,63,1,3147.9,255,3,3147.8,118,4,3149.0,5,1,3149.2,242,3,3149.3,618,7,3149.4,509,7,3149.5,664,5
2031,2026-06-16 13:10:25+05:30,3147.9,54,3131.09,2364801,138349.0,196260.0,3163.0,3163.0,3108.0,3134.3,32025600,3447.7,2820.9,3839.9,2896.0,3148.9,1,1,3148.2,15,1,3148.0,63,1,3147.9,255,3,3147.8,118,4,3149.0,5,1,3149.2,242,3,3149.3,618,7,3149.4,509,7,3149.5,664,5
2031,2026-06-16 13:10:25+05:30,3147.8,2,3131.09,2365014,136746.0,196669.0,3163.0,3163.0,3108.0,3134.3,32025600,3447.7,2820.9,3839.9,2896.0,3147.8,13,1,3147.6,16,1,3147.5,17,2,3147.4,70,2,3147.3,21,2,3148.9,60,3,3149.0,80,3,3149.1,109,3,3149.2,436,7,3149.3,584,6
2031,2026-06-16 13:10:25+05:30,3147.8,2,3131.09,2365014,136746.0,196669.0,3163.0,3163.0,3108.0,3134.3,32025600,3447.7,2820.9,3839.9,2896.0,3147.8,13,1,3147.6,16,1,3147.5,17,2,3147.4,70,2,3147.3,21,2,3148.9,60,3,3149.0,80,3,3149.1,109,3,3149.2,436,7,3149.3,584,6
2031,2026-06-16 13:10:26+05:30,3147.8,2,3131.09,2365014,136746.0,196669.0,3163.0,3163.0,3108.0,3134.3,32025600,3447.7,2820.9,3839.9,2896.0,3147.8,13,1,3147.6,16,1,3147.5,17,2,3147.4,70,2,3147.3,21,2,3148.9,60,3,3149.0,80,3,3149.1,109,3,3149.2,436,7,3149.3,584,6
2031,2026-06-16 13:10:26+05:30,3148.9,18,3131.09,2365054,136863.0,196679.0,3163.0,3163.0,3108.0,3134.3,32025600,3447.7,2820.9,3839.9,2896.0,3147.8,29,2,3147.5,17,2,3147.4,73,3,3147.3,21,2,3147.2,44,2,3148.9,85,3,3149.0,59,2,3149.1,69,2,3149.2,377,6,3149.3,584,6
2031,2026-06-16 13:10:26+05:30,3148.9,18,3131.09,2365054,136863.0,196679.0,3163.0,3163.0,3108.0,3134.3,32025600,3447.7,2820.9,3839.9,2896.0,3147.8,29,2,3147.5,17,2,3147.4,73,3,3147.3,21,2,3147.2,44,2,3148.9,85,3,3149.0,59,2,3149.1,69,2,3149.2,377,6,3149.3,584,6
2031,2026-06-16 13:10:26+05:30,3148.9,18,3131.09,2365054,136863.0,196679.0,3163.0,3163.0,3108.0,3134.3,32025600,3447.7,2820.9,3839.9,2896.0,3147.8,29,2,3147.5,17,2,3147.4,73,3,3147.3,21,2,3147.2,44,2,3148.9,85,3,3149.0,59,2,3149.1,69,2,3149.2,377,6,3149.3,584,6
2031,2026-06-16 13:10:27+05:30,3148.9,18,3131.09,2365054,136863.0,196679.0,3163.0,3163.0,3108.0,3134.3,32025600,3447.7,2820.9,3839.9,2896.0,3147.8,29,2,3147.5,17,2,3147.4,73,3,3147.3,21,2,3147.2,44,2,3148.9,85,3,3149.0,59,2,3149.1,69,2,3149.2,377,6,3149.3,584,6
2031,2026-06-16 13:10:27+05:30,3148.9,4,3131.09,2365085,137222.0,196858.0,3163.0,3163.0,3108.0,3134.3,32025600,3447.7,2820.9,3839.9,2896.0,3148.0,17,1,3147.8,8,2,3147.7,54,2,3147.6,28,3,3147.5,39,3,3148.9,39,1,3149.1,20,1,3149.2,263,4,3149.3,646,7,3149.4,470,8
2031,2026-06-16 13:10:27+05:30,3148.9,4,3131.09,2365085,137222.0,196858.0,3163.0,3163.0,3108.0,3134.3,32025600,3447.7,2820.9,3839.9,2896.0,3148.0,17,1,3147.8,8,2,3147.7,54,2,3147.6,28,3,3147.5,39,3,3148.9,39,1,3149.1,20,1,3149.2,263,4,3149.3,646,7,3149.4,470,8
2031,2026-06-16 13:10:28+05:30,3148.9,4,3131.09,2365085,137222.0,196858.0,3163.0,3163.0,3108.0,3134.3,32025600,3447.7,2820.9,3839.9,2896.0,3148.0,17,1,3147.8,8,2,3147.7,54,2,3147.6,28,3,3147.5,39,3,3148.9,39,1,3149.1,20,1,3149.2,263,4,3149.3,646,7,3149.4,470,8
2031,2026-06-16 13:10:28+05:30,3148.9,1,3131.09,2365085,137222.0,196858.0,3163.0,3163.0,3108.0,3134.3,32025600,3447.7,2820.9,3839.9,2896.0,3148.0,17,1,3147.8,8,2,3147.7,54,2,3147.6,28,3,3147.5,39,3,3148.9,39,1,3149.1,20,1,3149.2,263,4,3149.3,646,7,3149.4,470,8
2031,2026-06-16 13:10:28+05:30,3148.9,1,3131.09,2365086,139606.0,196296.0,3163.0,3163.0,3108.0,3134.3,32025600,3447.7,2820.9,3839.9,2896.0,3148.0,2618,9,3147.9,15,2,3147.8,33,4,3147.7,116,3,3147.6,50,6,3148.9,38,1,3149.2,204,2,3149.3,584,6,3149.4,430,6,3149.5,538,3
2031,2026-06-16 13:10:29+05:30,3148.9,1,3131.09,2365086,139606.0,196296.0,3163.0,3163.0,3108.0,3134.3,32025600,3447.7,2820.9,3839.9,2896.0,3148.0,2618,9,3147.9,15,2,3147.8,33,4,3147.7,116,3,3147.6,50,6,3148.9,38,1,3149.2,204,2,3149.3,584,6,3149.4,430,6,3149.5,538,3
2031,2026-06-16 13:10:29+05:30,3148.9,1,3131.09,2365086,139926.0,196289.0,3163.0,3163.0,3108.0,3134.3,32025600,3447.7,2820.9,3839.9,2896.0,3148.2,17,1,3148.1,88,4,3148.0,2657,7,3147.9,14,3,3147.8,48,5,3149.2,204,2,3149.3,584,6,3149.4,410,5,3149.5,538,3,3149.6,62,3
2031,2026-06-16 13:10:30+05:30,3148.9,1,3131.09,2365086,139926.0,196289.0,3163.0,3163.0,3108.0,3134.3,32020400,3447.7,2820.9,3839.9,2896.0,3148.2,17,1,3148.1,88,4,3148.0,2657,7,3147.9,14,3,3147.8,48,5,3149.2,204,2,3149.3,584,6,3149.4,410,5,3149.5,538,3,3149.6,62,3
2031,2026-06-16 13:10:30+05:30,3149.0,1,3131.09,2365086,139926.0,196289.0,3163.0,3163.0,3108.0,3134.3,32020400,3447.7,2820.9,3839.9,2896.0,3148.2,17,1,3148.1,88,4,3148.0,2657,7,3147.9,14,3,3147.8,48,5,3149.2,204,2,3149.3,584,6,3149.4,410,5,3149.5,538,3,3149.6,62,3
2031,2026-06-16 13:10:31+05:30,3149.0,1,3131.09,2365087,141853.0,197247.0,3163.0,3163.0,3108.0,3134.3,32020400,3447.7,2820.9,3839.9,2896.0,3148.7,9,4,3148.6,7,1,3148.3,13,1,3148.2,43,7,3148.1,215,5,3149.2,205,3,3149.3,584,6,3149.4,410,5,3149.5,538,3,3149.6,2,1
2031,2026-06-16 13:10:32+05:30,3149.0,1,3131.09,2365087,141709.0,195499.0,3163.0,3163.0,3108.0,3134.3,32020400,3447.7,2820.9,3839.9,2896.0,3149.0,2,1,3148.7,25,4,3148.6,24,3,3148.5,12,2,3148.4,9,1,3149.2,44,3,3149.3,31,3,3149.4,10,3,3149.5,538,3,3149.6,2,1
2031,2026-06-16 13:10:33+05:30,3149.2,1,3131.09,2365212,141581.0,195386.0,3163.0,3163.0,3108.0,3134.3,32020400,3447.7,2820.9,3839.9,2896.0,3148.8,17,1,3148.7,25,4,3148.6,8,2,3148.5,118,6,3148.4,9,1,3149.2,39,1,3149.3,31,3,3149.4,10,3,3149.5,538,3,3149.6,2,1
2031,2026-06-16 13:10:33+05:30,3149.2,1,3131.09,2365212,141581.0,195386.0,3163.0,3163.0,3108.0,3134.3,32020400,3447.7,2820.9,3839.9,2896.0,3148.8,17,1,3148.7,25,4,3148.6,8,2,3148.5,118,6,3148.4,9,1,3149.2,39,1,3149.3,31,3,3149.4,10,3,3149.5,538,3,3149.6,2,1
2031,2026-06-16 13:10:34+05:30,3149.2,1,3131.09,2365213,141598.0,195563.0,3163.0,3163.0,3108.0,3134.3,32020400,3447.7,2820.9,3839.9,2896.0,3148.8,17,1,3148.7,25,4,3148.6,8,2,3148.5,118,6,3148.4,9,1,3149.2,38,1,3149.3,31,3,3149.4,10,3,3149.5,538,3,3149.6,2,1
2031,2026-06-16 13:10:34+05:30,3149.0,1,3131.09,2365213,141598.0,195563.0,3163.0,3163.0,3108.0,3134.3,32020400,3447.7,2820.9,3839.9,2896.0,3148.8,17,1,3148.7,25,4,3148.6,8,2,3148.5,118,6,3148.4,9,1,3149.2,38,1,3149.3,31,3,3149.4,10,3,3149.5,538,3,3149.6,2,1
2031,2026-06-16 13:10:35+05:30,3149.0,1,3131.09,2365215,141608.0,195719.0,3163.0,3163.0,3108.0,3134.3,32020400,3447.7,2820.9,3839.9,2896.0,3148.8,43,4,3148.7,8,3,3148.6,8,2,3148.5,178,9,3148.4,9,1,3149.0,24,1,3149.2,63,1,3149.3,31,3,3149.4,10,3,3149.5,538,3
2031,2026-06-16 13:10:35+05:30,3149.0,11,3131.09,2365215,141608.0,195719.0,3163.0,3163.0,3108.0,3134.3,32020400,3447.7,2820.9,3839.9,2896.0,3148.8,43,4,3148.7,8,3,3148.6,8,2,3148.5,178,9,3148.4,9,1,3149.0,24,1,3149.2,63,1,3149.3,31,3,3149.4,10,3,3149.5,538,3
2031,2026-06-16 13:10:36+05:30,3149.2,20,3131.09,2365322,141629.0,196061.0,3163.0,3163.0,3108.0,3134.3,32020400,3447.7,2820.9,3839.9,2896.0,3149.0,15,1,3148.9,2,2,3148.8,9,2,3148.7,6,1,3148.6,8,2,3149.3,31,3,3149.4,10,3,3149.5,538,3,3149.6,2,1,3149.7,2,1
2031,2026-06-16 13:10:36+05:30,3149.2,20,3131.09,2365322,141629.0,196061.0,3163.0,3163.0,3108.0,3134.3,32020400,3447.7,2820.9,3839.9,2896.0,3149.0,15,1,3148.9,2,2,3148.8,9,2,3148.7,6,1,3148.6,8,2,3149.3,31,3,3149.4,10,3,3149.5,538,3,3149.6,2,1,3149.7,2,1
2031,2026-06-16 13:10:37+05:30,3148.2,6,3131.1,2365798,140098.0,196225.0,3163.0,3163.0,3108.0,3134.3,32020400,3447.7,2820.9,3839.9,2896.0,3148.3,13,2,3148.2,25,5,3148.1,6,2,3148.0,2630,6,3147.9,18,2,3148.9,24,1,3149.3,53,4,3149.4,10,3,3149.5,538,3,3149.6,108,4
2031,2026-06-16 13:10:37+05:30,3149.0,1,3131.1,2365798,140098.0,196225.0,3163.0,3163.0,3108.0,3134.3,32020400,3447.7,2820.9,3839.9,2896.0,3148.3,13,2,3148.2,25,5,3148.1,6,2,3148.0,2630,6,3147.9,18,2,3148.9,24,1,3149.3,53,4,3149.4,10,3,3149.5,538,3,3149.6,108,4
2031,2026-06-16 13:10:37+05:30,3149.0,1,3131.1,2365862,141075.0,196603.0,3163.0,3163.0,3108.0,3134.3,32020400,3447.7,2820.9,3839.9,2896.0,3149.0,36,1,3148.2,73,5,3148.1,63,1,3148.0,2619,5,3147.9,87,4,3149.3,53,4,3149.4,105,5,3149.5,538,3,3149.6,151,4,3149.7,64,2
2031,2026-06-16 13:10:39+05:30,3149.3,8,3131.1,2365881,141496.0,196547.0,3163.0,3163.0,3108.0,3134.3,32020400,3447.7,2820.9,3839.9,2896.0,3149.0,36,1,3148.5,22,2,3148.2,68,4,3148.1,237,2,3148.0,2632,6,3149.3,34,2,3149.4,105,5,3149.5,538,3,3149.6,40,2,3149.7,2,1
2031,2026-06-16 13:10:39+05:30,3149.3,10,3131.1,2365881,141496.0,196547.0,3163.0,3163.0,3108.0,3134.3,32020400,3447.7,2820.9,3839.9,2896.0,3149.0,36,1,3148.5,22,2,3148.2,68,4,3148.1,237,2,3148.0,2632,6,3149.3,34,2,3149.4,105,5,3149.5,538,3,3149.6,40,2,3149.7,2,1
2031,2026-06-16 13:10:40+05:30,3149.3,33,3131.1,2365963,141600.0,195795.0,3163.0,3163.0,3108.0,3134.3,32020400,3447.7,2820.9,3839.9,2896.0,3149.0,21,1,3148.5,21,2,3148.4,63,1,3148.3,63,1,3148.2,68,4,3149.4,53,5,3149.5,538,3,3149.6,90,3,3149.7,2,1,3149.8,152,3
2031,2026-06-16 13:10:40+05:30,3149.4,5,3131.1,2365963,141600.0,195795.0,3163.0,3163.0,3108.0,3134.3,32020400,3447.7,2820.9,3839.9,2896.0,3149.0,21,1,3148.5,21,2,3148.4,63,1,3148.3,63,1,3148.2,68,4,3149.4,53,5,3149.5,538,3,3149.6,90,3,3149.7,2,1,3149.8,152,3
2031,2026-06-16 13:10:41+05:30,3149.4,5,3131.1,2365969,141687.0,196661.0,3163.0,3163.0,3108.0,3134.3,32020400,3447.7,2820.9,3839.9,2896.0,3149.0,21,1,3148.5,38,3,3148.4,63,1,3148.3,125,2,3148.2,67,3,3149.4,9,2,3149.5,538,3,3149.6,40,2,3149.7,2,1,3149.8,152,3
2031,2026-06-16 13:10:41+05:30,3149.0,5,3131.1,2365969,141687.0,196661.0,3163.0,3163.0,3108.0,3134.3,32020400,3447.7,2820.9,3839.9,2896.0,3149.0,21,1,3148.5,38,3,3148.4,63,1,3148.3,125,2,3148.2,67,3,3149.4,9,2,3149.5,538,3,3149.6,40,2,3149.7,2,1,3149.8,152,3
2031,2026-06-16 13:10:41+05:30,3149.0,5,3131.1,2365974,141708.0,196535.0,3163.0,3163.0,3108.0,3134.3,32020400,3447.7,2820.9,3839.9,2896.0,3149.0,20,2,3148.8,16,1,3148.5,79,5,3148.4,63,1,3148.3,125,2,3149.4,12,3,3149.5,538,3,3149.6,2,1,3149.7,40,2,3149.8,114,2
2031,2026-06-16 13:10:42+05:30,3149.4,2,3131.1,2365974,141708.0,196535.0,3163.0,3163.0,3108.0,3134.3,32020400,3447.7,2820.9,3839.9,2896.0,3149.0,20,2,3148.8,16,1,3148.5,79,5,3148.4,63,1,3148.3,125,2,3149.4,12,3,3149.5,538,3,3149.6,2,1,3149.7,40,2,3149.8,114,2
2031,2026-06-16 13:10:43+05:30,3149.4,2,3131.1,2365985,141709.0,196598.0,3163.0,3163.0,3108.0,3134.3,32020400,3447.7,2820.9,3839.9,2896.0,3149.1,15,1,3149.0,20,2,3148.5,161,7,3148.4,63,1,3148.3,128,3,3149.3,76,1,3149.4,5,2,3149.5,538,3,3149.6,2,1,3149.7,40,2
2031,2026-06-16 13:10:43+05:30,3149.3,1,3131.1,2365985,141709.0,196598.0,3163.0,3163.0,3108.0,3134.3,32020400,3447.7,2820.9,3839.9,2896.0,3149.1,15,1,3149.0,20,2,3148.5,161,7,3148.4,63,1,3148.3,128,3,3149.3,76,1,3149.4,5,2,3149.5,538,3,3149.6,2,1,3149.7,40,2
2031,2026-06-16 13:10:43+05:30,3149.3,1,3131.1,2366132,141786.0,196446.0,3163.0,3163.0,3108.0,3134.3,32020400,3447.7,2820.9,3839.9,2896.0,3149.1,1,1,3149.0,20,2,3148.6,12,1,3148.5,167,8,3148.4,63,1,3149.3,6,2,3149.4,4,1,3149.5,538,3,3149.6,2,1,3149.7,40,2
2031,2026-06-16 13:10:44+05:30,3149.3,1,3131.1,2366132,141786.0,196446.0,3163.0,3163.0,3108.0,3134.3,32020400,3447.7,2820.9,3839.9,2896.0,3149.1,1,1,3149.0,20,2,3148.6,12,1,3148.5,167,8,3148.4,63,1,3149.3,6,2,3149.4,4,1,3149.5,538,3,3149.6,2,1,3149.7,40,2
2031,2026-06-16 13:10:45+05:30,3149.3,1,3131.1,2366133,141966.0,196458.0,3163.0,3163.0,3108.0,3134.3,32020400,3447.7,2820.9,3839.9,2896.0,3149.1,1,1,3149.0,20,2,3148.8,16,1,3148.6,12,1,3148.5,150,7,3149.3,6,3,3149.4,5,2,3149.5,538,3,3149.6,2,1,3149.7,40,2
2031,2026-06-16 13:10:45+05:30,3149.2,1,3131.1,2366133,141966.0,196458.0,3163.0,3163.0,3108.0,3134.3,32020400,3447.7,2820.9,3839.9,2896.0,3149.1,1,1,3149.0,20,2,3148.8,16,1,3148.6,12,1,3148.5,150,7,3149.3,6,3,3149.4,5,2,3149.5,538,3,3149.6,2,1,3149.7,40,2
2031,2026-06-16 13:10:46+05:30,3149.0,16,3131.1,2366171,141075.0,196522.0,3163.0,3163.0,3108.0,3134.3,32020400,3447.7,2820.9,3839.9,2896.0,3148.8,16,1,3148.6,12,1,3148.5,38,3,3148.3,47,1,3148.2,50,7,3149.0,167,1,3149.3,12,3,3149.4,5,2,3149.5,538,3,3149.6,40,2
2031,2026-06-16 13:10:46+05:30,3149.0,16,3131.1,2366171,141075.0,196522.0,3163.0,3163.0,3108.0,3134.3,32020400,3447.7,2820.9,3839.9,2896.0,3148.8,16,1,3148.6,12,1,3148.5,38,3,3148.3,47,1,3148.2,50,7,3149.0,167,1,3149.3,12,3,3149.4,5,2,3149.5,538,3,3149.6,40,2
2031,2026-06-16 13:10:47+05:30,3149.0,16,3131.1,2366171,140914.0,196493.0,3163.0,3163.0,3108.0,3134.3,32020400,3447.7,2820.9,3839.9,2896.0,3148.6,17,1,3148.5,46,3,3148.4,26,2,3148.3,111,3,3148.2,43,6,3149.0,167,1,3149.3,11,2,3149.4,1,1,3149.5,538,3,3149.6,40,2
2031,2026-06-16 13:10:48+05:30,3148.6,100,3131.1,2366288,140914.0,196377.0,3163.0,3163.0,3108.0,3134.3,32020400,3447.7,2820.9,3839.9,2896.0,3148.6,17,1,3148.5,46,3,3148.4,26,2,3148.3,111,3,3148.2,43,6,3149.0,150,1,3149.3,11,2,3149.4,1,1,3149.5,538,3,3149.6,40,2
2031,2026-06-16 13:10:48+05:30,3148.6,100,3131.1,2366288,140914.0,196377.0,3163.0,3163.0,3108.0,3134.3,32020400,3447.7,2820.9,3839.9,2896.0,3148.6,17,1,3148.5,46,3,3148.4,26,2,3148.3,111,3,3148.2,43,6,3149.0,150,1,3149.3,11,2,3149.4,1,1,3149.5,538,3,3149.6,40,2
2031,2026-06-16 13:10:49+05:30,3149.0,3,3131.1,2366509,141115.0,195824.0,3163.0,3163.0,3108.0,3134.3,32020400,3447.7,2820.9,3839.9,2896.0,3149.0,2293,2,3148.6,91,3,3148.5,30,3,3148.4,33,3,3148.3,111,3,3149.1,1,1,3149.3,11,2,3149.4,1,1,3149.5,538,3,3149.6,2,1
2031,2026-06-16 13:10:49+05:30,3149.1,1,3131.1,2366509,141115.0,195824.0,3163.0,3163.0,3108.0,3134.3,32020400,3447.7,2820.9,3839.9,2896.0,3149.0,2293,2,3148.6,91,3,3148.5,30,3,3148.4,33,3,3148.3,111,3,3149.1,1,1,3149.3,11,2,3149.4,1,1,3149.5,538,3,3149.6,2,1
2031,2026-06-16 13:10:50+05:30,3149.1,1,3131.1,2366521,141173.0,195712.0,3163.0,3163.0,3108.0,3134.3,32020400,3447.7,2820.9,3839.9,2896.0,3149.0,2297,3,3148.6,91,3,3148.5,58,5,3148.4,76,4,3148.3,116,4,3149.3,11,2,3149.4,1,1,3149.5,538,3,3149.6,2,1,3149.7,40,2
2031,2026-06-16 13:10:50+05:30,3149.1,1,3131.1,2366521,141173.0,195712.0,3163.0,3163.0,3108.0,3134.3,32020400,3447.7,2820.9,3839.9,2896.0,3149.0,2297,3,3148.6,91,3,3148.5,58,5,3148.4,76,4,3148.3,116,4,3149.3,11,2,3149.4,1,1,3149.5,538,3,3149.6,2,1,3149.7,40,2
2031,2026-06-16 13:10:51+05:30,3149.1,1,3131.1,2366521,141501.0,196312.0,3163.0,3163.0,3108.0,3134.3,32020400,3447.7,2820.9,3839.9,2896.0,3149.1,17,1,3149.0,2538,4,3148.6,88,3,3148.5,58,5,3148.4,56,3,3149.3,1,1,3149.4,1,1,3149.5,1038,4,3149.6,2,1,3149.7,2,1
2031,2026-06-16 13:10:52+05:30,3149.1,1,3131.1,2366521,141509.0,196340.0,3163.0,3163.0,3108.0,3134.3,32020400,3447.7,2820.9,3839.9,2896.0,3149.1,19,2,3149.0,2538,4,3148.6,74,2,3148.5,58,5,3148.4,76,4,3149.3,29,3,3149.4,1,1,3149.5,1038,4,3149.6,2,1,3149.7,2,1
2031,2026-06-16 13:10:53+05:30,3149.3,4,3131.1,2366554,141711.0,196099.0,3163.0,3163.0,3108.0,3134.3,32020400,3447.7,2820.9,3839.9,2896.0,3149.1,19,2,3149.0,2538,4,3148.9,72,3,3148.8,9,1,3148.6,79,3,3149.3,3,2,3149.4,1,1,3149.5,1038,4,3149.6,2,1,3149.7,2,1
2031,2026-06-16 13:10:53+05:30,3149.3,2,3131.1,2366554,141711.0,196099.0,3163.0,3163.0,3108.0,3134.3,32020400,3447.7,2820.9,3839.9,2896.0,3149.1,19,2,3149.0,2538,4,3148.9,72,3,3148.8,9,1,3148.6,79,3,3149.3,3,2,3149.4,1,1,3149.5,1038,4,3149.6,2,1,3149.7,2,1
2031,2026-06-16 13:10:54+05:30,3149.4,2,3131.1,2366563,141853.0,196754.0,3163.0,3163.0,3108.0,3134.3,32020400,3447.7,2820.9,3839.9,2896.0,3149.4,11,1,3149.1,2,1,3149.0,2538,4,3148.9,3,1,3148.8,9,1,3149.5,1038,4,3149.6,2,1,3149.7,2,1,3149.8,50,1,3149.9,1252,5
2031,2026-06-16 13:10:54+05:30,3149.5,10,3131.1,2366563,141853.0,196754.0,3163.0,3163.0,3108.0,3134.3,32020400,3447.7,2820.9,3839.9,2896.0,3149.4,11,1,3149.1,2,1,3149.0,2538,4,3148.9,3,1,3148.8,9,1,3149.5,1038,4,3149.6,2,1,3149.7,2,1,3149.8,50,1,3149.9,1252,5
2031,2026-06-16 13:10:55+05:30,3149.5,1,3131.1,2366736,141831.0,196750.0,3163.0,3163.0,3108.0,3134.3,32020400,3447.7,2820.9,3839.9,2896.0,3149.4,1,1,3149.1,20,3,3149.0,2538,4,3148.9,3,1,3148.6,114,3,3149.5,865,4,3149.6,2,1,3149.7,2,1,3149.8,50,1,3149.9,1252,5
2031,2026-06-16 13:10:55+05:30,3149.5,1,3131.1,2366736,141831.0,196750.0,3163.0,3163.0,3108.0,3134.3,32020400,3447.7,2820.9,3839.9,2896.0,3149.4,1,1,3149.1,20,3,3149.0,2538,4,3148.9,3,1,3148.6,114,3,3149.5,865,4,3149.6,2,1,3149.7,2,1,3149.8,50,1,3149.9,1252,5
2031,2026-06-16 13:10:56+05:30,3149.5,1,3131.1,2366736,141902.0,196250.0,3163.0,3163.0,3108.0,3134.3,32020400,3447.7,2820.9,3839.9,2896.0,3149.4,51,2,3149.1,20,3,3149.0,2538,4,3148.9,65,2,3148.6,114,3,3149.5,908,5,3149.6,2,1,3149.7,2,1,3149.8,50,1,3149.9,1252,5
2031,2026-06-16 13:10:56+05:30,3149.5,6,3131.1,2366736,141902.0,196250.0,3163.0,3163.0,3108.0,3134.3,32020400,3447.7,2820.9,3839.9,2896.0,3149.4,51,2,3149.1,20,3,3149.0,2538,4,3148.9,65,2,3148.6,114,3,3149.5,908,5,3149.6,2,1,3149.7,2,1,3149.8,50,1,3149.9,1252,5
2031,2026-06-16 13:10:57+05:30,3149.5,1,3131.1,2366743,141790.0,196155.0,3163.0,3163.0,3108.0,3134.3,32020400,3447.7,2820.9,3839.9,2896.0,3149.4,51,2,3149.1,20,3,3149.0,2538,4,3148.5,75,5,3148.4,46,4,3149.5,939,6,3149.6,2,1,3149.7,2,1,3149.8,88,2,3149.9,1294,6
2031,2026-06-16 13:10:57+05:30,3149.5,1,3131.1,2366743,141790.0,196155.0,3163.0,3163.0,3108.0,3134.3,32020400,3447.7,2820.9,3839.9,2896.0,3149.4,51,2,3149.1,20,3,3149.0,2538,4,3148.5,75,5,3148.4,46,4,3149.5,939,6,3149.6,2,1,3149.7,2,1,3149.8,88,2,3149.9,1294,6
2031,2026-06-16 13:10:58+05:30,3149.5,8,3131.11,2366969,141442.0,196491.0,3163.0,3163.0,3108.0,3134.3,32020400,3447.7,2820.9,3839.9,2896.0,3149.1,3,2,3149.0,2538,4,3148.7,14,1,3148.6,78,2,3148.5,55,4,3149.5,875,5,3149.6,2,1,3149.7,40,2,3149.8,50,1,3149.9,1252,5
2031,2026-06-16 13:10:58+05:30,3149.5,8,3131.11,2366969,141442.0,196491.0,3163.0,3163.0,3108.0,3134.3,32020400,3447.7,2820.9,3839.9,2896.0,3149.1,3,2,3149.0,2538,4,3148.7,14,1,3148.6,78,2,3148.5,55,4,3149.5,875,5,3149.6,2,1,3149.7,40,2,3149.8,50,1,3149.9,1252,5
2031,2026-06-16 13:10:59+05:30,3149.5,8,3131.11,2366969,141496.0,196634.0,3163.0,3163.0,3108.0,3134.3,32020400,3447.7,2820.9,3839.9,2896.0,3149.1,20,3,3149.0,2538,4,3148.7,14,1,3148.6,78,2,3148.5,26,2,3149.4,1,1,3149.5,876,6,3149.6,2,1,3149.7,40,2,3149.8,108,2
2031,2026-06-16 13:11:00+05:30,3149.5,1,3131.11,2366987,141561.0,196714.0,3163.0,3163.0,3108.0,3134.3,32020400,3447.7,2820.9,3839.9,2896.0,3149.3,2,2,3149.1,26,5,3149.0,2538,4,3148.7,14,1,3148.6,76,2,3149.5,860,6,3149.6,2,1,3149.7,2,1,3149.8,50,1,3149.9,1252,5
2031,2026-06-16 13:11:00+05:30,3149.5,1,3131.11,2366987,141561.0,196714.0,3163.0,3163.0,3108.0,3134.3,32020400,3447.7,2820.9,3839.9,2896.0,3149.3,2,2,3149.1,26,5,3149.0,2538,4,3148.7,14,1,3148.6,76,2,3149.5,860,6,3149.6,2,1,3149.7,2,1,3149.8,50,1,3149.9,1252,5
2031,2026-06-16 13:11:01+05:30,3149.4,7,3131.11,2367037,141399.0,196834.0,3163.0,3163.0,3108.0,3134.3,32020400,3447.7,2820.9,3839.9,2896.0,3149.1,14,4,3149.0,2538,4,3148.5,150,6,3148.4,24,2,3148.3,98,5,3149.4,193,1,3149.5,860,6,3149.6,2,1,3149.7,40,2,3149.8,100,2
2031,2026-06-16 13:11:01+05:30,3149.4,7,3131.11,2367037,141399.0,196834.0,3163.0,3163.0,3108.0,3134.3,32020400,3447.7,2820.9,3839.9,2896.0,3149.1,14,4,3149.0,2538,4,3148.5,150,6,3148.4,24,2,3148.3,98,5,3149.4,193,1,3149.5,860,6,3149.6,2,1,3149.7,40,2,3149.8,100,2
2031,2026-06-16 13:11:02+05:30,3149.0,5,3131.11,2367260,141324.0,197262.0,3163.0,3163.0,3108.0,3134.3,32020400,3447.7,2820.9,3839.9,2896.0,3149.0,2533,4,3148.5,123,4,3148.4,24,2,3148.3,98,5,3148.2,47,4,3149.4,171,1,3149.5,898,7,3149.6,2,1,3149.7,60,2,3149.8,88,2
2031,2026-06-16 13:11:02+05:30,3149.0,5,3131.11,2367260,141324.0,197262.0,3163.0,3163.0,3108.0,3134.3,32020400,3447.7,2820.9,3839.9,2896.0,3149.0,2533,4,3148.5,123,4,3148.4,24,2,3148.3,98,5,3148.2,47,4,3149.4,171,1,3149.5,898,7,3149.6,2,1,3149.7,60,2,3149.8,88,2
2031,2026-06-16 13:11:03+05:30,3149.4,1,3131.11,2367261,141336.0,197636.0,3163.0,3163.0,3108.0,3134.3,32020400,3447.7,2820.9,3839.9,2896.0,3149.1,3,1,3149.0,2533,4,3148.5,123,4,3148.4,24,2,3148.3,98,5,3149.4,170,1,3149.5,899,8,3149.6,2,1,3149.7,60,2,3149.8,138,3
2031,2026-06-16 13:11:03+05:30,3149.4,1,3131.11,2367261,141336.0,197636.0,3163.0,3163.0,3108.0,3134.3,32020400,3447.7,2820.9,3839.9,2896.0,3149.1,3,1,3149.0,2533,4,3148.5,123,4,3148.4,24,2,3148.3,98,5,3149.4,170,1,3149.5,899,8,3149.6,2,1,3149.7,60,2,3149.8,138,3
2031,2026-06-16 13:11:04+05:30,3149.4,1,3131.11,2367261,141342.0,197664.0,3163.0,3163.0,3108.0,3134.3,32020400,3447.7,2820.9,3839.9,2896.0,3149.1,3,1,3149.0,2533,4,3148.5,123,4,3148.4,24,2,3148.3,98,5,3149.4,170,1,3149.5,899,8,3149.6,2,1,3149.7,60,2,3149.8,138,3
2031,2026-06-16 13:11:05+05:30,3149.1,2,3131.11,2367285,141372.0,197796.0,3163.0,3163.0,3108.0,3134.3,32020400,3447.7,2820.9,3839.9,2896.0,3149.1,5,2,3149.0,2533,4,3148.5,91,5,3148.4,24,2,3148.3,98,5,3149.4,184,3,3149.5,861,7,3149.6,2,1,3149.7,40,2,3149.8,50,1
2031,2026-06-16 13:11:05+05:30,3149.1,2,3131.11,2367285,141372.0,197796.0,3163.0,3163.0,3108.0,3134.3,32020400,3447.7,2820.9,3839.9,2896.0,3149.1,5,2,3149.0,2533,4,3148.5,91,5,3148.4,24,2,3148.3,98,5,3149.4,184,3,3149.5,861,7,3149.6,2,1,3149.7,40,2,3149.8,50,1
2031,2026-06-16 13:11:06+05:30,3149.1,2,3131.11,2367285,141372.0,197803.0,3163.0,3163.0,3108.0,3134.3,32020400,3447.7,2820.9,3839.9,2896.0,3149.1,105,3,3149.0,2533,4,3148.5,91,5,3148.4,24,2,3148.3,98,5,3149.4,184,3,3149.5,861,7,3149.6,2,1,3149.7,40,2,3149.8,50,1
2031,2026-06-16 13:11:07+05:30,3149.4,50,3131.11,2367335,141387.0,197738.0,3163.0,3163.0,3108.0,3134.3,32020400,3447.7,2820.9,3839.9,2896.0,3149.1,120,4,3149.0,2533,4,3148.5,91,5,3148.4,24,2,3148.3,98,5,3149.4,134,3,3149.5,861,7,3149.6,2,1,3149.7,40,2,3149.8,50,1
2031,2026-06-16 13:11:07+05:30,3149.4,50,3131.11,2367335,141387.0,197738.0,3163.0,3163.0,3108.0,3134.3,32020400,3447.7,2820.9,3839.9,2896.0,3149.1,120,4,3149.0,2533,4,3148.5,91,5,3148.4,24,2,3148.3,98,5,3149.4,134,3,3149.5,861,7,3149.6,2,1,3149.7,40,2,3149.8,50,1
2031,2026-06-16 13:11:08+05:30,3149.1,1,3131.11,2367336,141210.0,197671.0,3163.0,3163.0,3108.0,3134.3,32020400,3447.7,2820.9,3839.9,2896.0,3149.2,3,1,3149.1,119,3,3149.0,2533,4,3148.5,91,5,3148.4,24,2,3149.4,135,4,3149.5,861,7,3149.6,44,2,3149.7,40,2,3149.8,108,2
2031,2026-06-16 13:11:08+05:30,3149.1,1,3131.11,2367336,141210.0,197671.0,3163.0,3163.0,3108.0,3134.3,32020400,3447.7,2820.9,3839.9,2896.0,3149.2,3,1,3149.1,119,3,3149.0,2533,4,3148.5,91,5,3148.4,24,2,3149.4,135,4,3149.5,861,7,3149.6,44,2,3149.7,40,2,3149.8,108,2
2031,2026-06-16 13:11:09+05:30,3149.1,1,3131.11,2367336,141126.0,197861.0,3163.0,3163.0,3108.0,3134.3,32020400,3447.7,2820.9,3839.9,2896.0,3149.2,3,1,3149.1,119,3,3149.0,2533,4,3148.5,17,1,3148.4,14,1,3149.4,248,8,3149.5,936,8,3149.6,130,4,3149.7,2,1,3149.8,108,2
2031,2026-06-16 13:11:09+05:30,3149.1,4,3131.11,2367336,141126.0,197861.0,3163.0,3163.0,3108.0,3134.3,32020400,3447.7,2820.9,3839.9,2896.0,3149.2,3,1,3149.1,119,3,3149.0,2533,4,3148.5,17,1,3148.4,14,1,3149.4,248,8,3149.5,936,8,3149.6,130,4,3149.7,2,1,3149.8,108,2
2031,2026-06-16 13:11:10+05:30,3149.3,5,3131.11,2367604,140328.0,198200.0,3163.0,3163.0,3108.0,3134.3,32020400,3447.7,2820.9,3839.9,2896.0,3149.2,5,1,3149.1,15,1,3149.0,2533,4,3148.4,14,1,3148.3,22,1,3149.3,127,4,3149.4,264,10,3149.5,861,7,3149.6,130,4,3149.7,2,1
2031,2026-06-16 13:11:10+05:30,3149.3,5,3131.11,2367604,140328.0,198200.0,3163.0,3163.0,3108.0,3134.3,32020400,3447.7,2820.9,3839.9,2896.0,3149.2,5,1,3149.1,15,1,3149.0,2533,4,3148.4,14,1,3148.3,22,1,3149.3,127,4,3149.4,264,10,3149.5,861,7,3149.6,130,4,3149.7,2,1
2031,2026-06-16 13:11:10+05:30,3149.3,5,3131.11,2367604,140328.0,198200.0,3163.0,3163.0,3108.0,3134.3,32020400,3447.7,2820.9,3839.9,2896.0,3149.2,5,1,3149.1,15,1,3149.0,2533,4,3148.4,14,1,3148.3,22,1,3149.3,127,4,3149.4,264,10,3149.5,861,7,3149.6,130,4,3149.7,2,1
2031,2026-06-16 13:11:11+05:30,3149.3,4,3131.11,2367604,140328.0,198200.0,3163.0,3163.0,3108.0,3134.3,32020400,3447.7,2820.9,3839.9,2896.0,3149.2,5,1,3149.1,15,1,3149.0,2533,4,3148.4,14,1,3148.3,22,1,3149.3,127,4,3149.4,264,10,3149.5,861,7,3149.6,130,4,3149.7,2,1
2031,2026-06-16 13:11:11+05:30,3149.3,4,3131.11,2367616,140336.0,198032.0,3163.0,3163.0,3108.0,3134.3,32020400,3447.7,2820.9,3839.9,2896.0,3149.2,5,1,3149.1,15,1,3149.0,2533,4,3148.4,14,1,3148.3,85,3,3149.3,42,3,3149.4,258,8,3149.5,868,8,3149.6,130,4,3149.7,2,1
2031,2026-06-16 13:11:12+05:30,3149.3,10,3131.11,2367616,140336.0,198032.0,3163.0,3163.0,3108.0,3134.3,32020400,3447.7,2820.9,3839.9,2896.0,3149.2,5,1,3149.1,15,1,3149.0,2533,4,3148.4,14,1,3148.3,85,3,3149.3,42,3,3149.4,258,8,3149.5,868,8,3149.6,130,4,3149.7,2,1
2031,2026-06-16 13:11:12+05:30,3149.3,10,3131.11,2367642,140415.0,198010.0,3163.0,3163.0,3108.0,3134.3,32020400,3447.7,2820.9,3839.9,2896.0,3149.2,5,1,3149.1,32,2,3149.0,2533,4,3148.4,14,1,3148.3,85,3,3149.3,16,1,3149.4,156,5,3149.5,868,8,3149.6,2,1,3149.7,2,1
2031,2026-06-16 13:11:12+05:30,3149.3,10,3131.11,2367642,140415.0,198010.0,3163.0,3163.0,3108.0,3134.3,32020400,3447.7,2820.9,3839.9,2896.0,3149.2,5,1,3149.1,32,2,3149.0,2533,4,3148.4,14,1,3148.3,85,3,3149.3,16,1,3149.4,156,5,3149.5,868,8,3149.6,2,1,3149.7,2,1
2031,2026-06-16 13:11:13+05:30,3149.1,5,3131.11,2367642,140415.0,198010.0,3163.0,3163.0,3108.0,3134.3,32020400,3447.7,2820.9,3839.9,2896.0,3149.2,5,1,3149.1,32,2,3149.0,2533,4,3148.4,14,1,3148.3,85,3,3149.3,16,1,3149.4,156,5,3149.5,868,8,3149.6,2,1,3149.7,2,1
2031,2026-06-16 13:11:13+05:30,3149.1,5,3131.11,2367936,140494.0,197851.0,3163.0,3163.0,3108.0,3134.3,32020400,3447.7,2820.9,3839.9,2896.0,3149.0,2433,4,3148.6,13,1,3148.4,32,2,3148.3,63,2,3148.2,56,4,3149.1,306,1,3149.3,16,1,3149.4,156,5,3149.5,368,7,3149.6,2,1
2031,2026-06-16 13:11:14+05:30,3149.1,1,3131.11,2367936,140494.0,197851.0,3163.0,3163.0,3108.0,3134.3,32020400,3447.7,2820.9,3839.9,2896.0,3149.0,2433,4,3148.6,13,1,3148.4,32,2,3148.3,63,2,3148.2,56,4,3149.1,306,1,3149.3,16,1,3149.4,156,5,3149.5,368,7,3149.6,2,1
2031,2026-06-16 13:11:15+05:30,3149.1,1,3131.11,2367987,140510.0,197928.0,3163.0,3163.0,3108.0,3134.3,32020400,3447.7,2820.9,3839.9,2896.0,3149.0,2433,4,3148.6,13,1,3148.4,32,2,3148.3,63,2,3148.2,57,5,3149.1,271,2,3149.4,156,5,3149.5,368,7,3149.6,2,1,3149.7,2,1
2031,2026-06-16 13:11:15+05:30,3149.1,1,3131.11,2367987,140510.0,197928.0,3163.0,3163.0,3108.0,3134.3,32020400,3447.7,2820.9,3839.9,2896.0,3149.0,2433,4,3148.6,13,1,3148.4,32,2,3148.3,63,2,3148.2,57,5,3149.1,271,2,3149.4,156,5,3149.5,368,7,3149.6,2,1,3149.7,2,1
2031,2026-06-16 13:11:15+05:30,3149.1,2,3131.11,2367987,140510.0,197928.0,3163.0,3163.0,3108.0,3134.3,32020400,3447.7,2820.9,3839.9,2896.0,3149.0,2433,4,3148.6,13,1,3148.4,32,2,3148.3,63,2,3148.2,57,5,3149.1,271,2,3149.4,156,5,3149.5,368,7,3149.6,2,1,3149.7,2,1
2031,2026-06-16 13:11:16+05:30,3149.1,2,3131.12,2368092,140581.0,197881.0,3163.0,3163.0,3108.0,3134.3,32020400,3447.7,2820.9,3839.9,2896.0,3149.0,2384,5,3148.6,13,1,3148.4,32,2,3148.3,63,2,3148.2,57,5,3149.1,216,2,3149.4,156,5,3149.5,368,7,3149.6,2,1,3149.7,2,1
2031,2026-06-16 13:11:16+05:30,3149.1,1,3131.12,2368092,140581.0,197881.0,3163.0,3163.0,3108.0,3134.3,32020400,3447.7,2820.9,3839.9,2896.0,3149.0,2384,5,3148.6,13,1,3148.4,32,2,3148.3,63,2,3148.2,57,5,3149.1,216,2,3149.4,156,5,3149.5,368,7,3149.6,2,1,3149.7,2,1
2031,2026-06-16 13:11:17+05:30,3149.0,1000,3131.12,2369094,139968.0,197713.0,3163.0,3163.0,3108.0,3134.3,32020400,3447.7,2820.9,3839.9,2896.0,3149.0,1388,6,3148.4,32,2,3148.3,23,2,3148.2,15,3,3148.1,54,2,3149.1,214,2,3149.3,38,1,3149.4,156,5,3149.5,408,8,3149.6,176,4
2031,2026-06-16 13:11:17+05:30,3149.0,1000,3131.12,2369094,139968.0,197713.0,3163.0,3163.0,3108.0,3134.3,32020400,3447.7,2820.9,3839.9,2896.0,3149.0,1388,6,3148.4,32,2,3148.3,23,2,3148.2,15,3,3148.1,54,2,3149.1,214,2,3149.3,38,1,3149.4,156,5,3149.5,408,8,3149.6,176,4
2031,2026-06-16 13:11:18+05:30,3149.0,1000,3131.12,2369094,139968.0,197713.0,3163.0,3163.0,3108.0,3134.3,32020400,3447.7,2820.9,3839.9,2896.0,3149.0,1388,6,3148.4,32,2,3148.3,23,2,3148.2,15,3,3148.1,54,2,3149.1,214,2,3149.3,38,1,3149.4,156,5,3149.5,408,8,3149.6,176,4
2031,2026-06-16 13:11:18+05:30,3149.0,1000,3131.12,2369094,140086.0,197990.0,3163.0,3163.0,3108.0,3134.3,32020400,3447.7,2820.9,3839.9,2896.0,3149.0,1388,6,3148.4,14,1,3148.3,3,1,3148.2,14,2,3148.1,54,2,3149.1,278,5,3149.2,60,1,3149.3,160,3,3149.4,194,6,3149.5,408,8
2031,2026-06-16 13:11:18+05:30,3149.0,43,3131.12,2369094,140086.0,197990.0,3163.0,3163.0,3108.0,3134.3,32020400,3447.7,2820.9,3839.9,2896.0,3149.0,1388,6,3148.4,14,1,3148.3,3,1,3148.2,14,2,3148.1,54,2,3149.1,278,5,3149.2,60,1,3149.3,160,3,3149.4,194,6,3149.5,408,8
2031,2026-06-16 13:11:19+05:30,3149.0,43,3131.12,2369137,140116.0,198019.0,3163.0,3163.0,3108.0,3134.3,32020400,3447.7,2820.9,3839.9,2896.0,3149.0,1341,5,3148.8,18,1,3148.4,14,1,3148.3,3,1,3148.2,14,2,3149.1,337,9,3149.2,60,1,3149.3,146,3,3149.4,242,6,3149.5,408,8
2031,2026-06-16 13:11:20+05:30,3149.0,43,3131.12,2369137,140116.0,198019.0,3163.0,3163.0,3108.0,3134.3,32020400,3447.7,2820.9,3839.9,2896.0,3149.0,1341,5,3148.8,18,1,3148.4,14,1,3148.3,3,1,3148.2,14,2,3149.1,337,9,3149.2,60,1,3149.3,146,3,3149.4,242,6,3149.5,408,8
2031,2026-06-16 13:11:20+05:30,3149.0,50,3131.12,2369331,139936.0,198118.0,3163.0,3163.0,3108.0,3134.3,32020400,3447.7,2820.9,3839.9,2896.0,3149.0,1291,5,3148.8,18,1,3148.4,14,1,3148.3,3,1,3148.2,14,2,3149.1,136,7,3149.2,109,2,3149.3,111,2,3149.4,242,6,3149.5,408,8
2031,2026-06-16 13:11:20+05:30,3149.0,50,3131.12,2369331,139936.0,198118.0,3163.0,3163.0,3108.0,3134.3,32020400,3447.7,2820.9,3839.9,2896.0,3149.0,1291,5,3148.8,18,1,3148.4,14,1,3148.3,3,1,3148.2,14,2,3149.1,136,7,3149.2,109,2,3149.3,111,2,3149.4,242,6,3149.5,408,8
2031,2026-06-16 13:11:21+05:30,3149.0,50,3131.12,2369331,140061.0,198139.0,3163.0,3163.0,3108.0,3134.3,32020400,3447.7,2820.9,3839.9,2896.0,3149.0,1291,5,3148.8,18,1,3148.4,14,1,3148.3,3,1,3148.2,14,2,3149.1,136,7,3149.2,109,2,3149.3,111,2,3149.4,242,6,3149.5,408,8
2031,2026-06-16 13:11:21+05:30,3149.0,50,3131.12,2369331,140061.0,198139.0,3163.0,3163.0,3108.0,3134.3,32020400,3447.7,2820.9,3839.9,2896.0,3149.0,1291,5,3148.8,18,1,3148.4,14,1,3148.3,3,1,3148.2,14,2,3149.1,136,7,3149.2,109,2,3149.3,111,2,3149.4,242,6,3149.5,408,8
2031,2026-06-16 13:11:21+05:30,3149.0,10,3131.12,2369331,140061.0,198139.0,3163.0,3163.0,3108.0,3134.3,32020400,3447.7,2820.9,3839.9,2896.0,3149.0,1291,5,3148.8,18,1,3148.4,14,1,3148.3,3,1,3148.2,14,2,3149.1,136,7,3149.2,109,2,3149.3,111,2,3149.4,242,6,3149.5,408,8
2031,2026-06-16 13:11:22+05:30,3149.0,10,3131.13,2369480,140202.0,198070.0,3163.0,3163.0,3108.0,3134.3,32020400,3447.7,2820.9,3839.9,2896.0,3149.0,1281,5,3148.4,14,1,3148.3,3,1,3148.2,14,2,3148.1,54,2,3149.2,146,3,3149.3,111,2,3149.4,242,6,3149.5,408,8,3149.6,89,3
2031,2026-06-16 13:11:22+05:30,3149.0,10,3131.13,2369480,140202.0,198070.0,3163.0,3163.0,3108.0,3134.3,32020400,3447.7,2820.9,3839.9,2896.0,3149.0,1281,5,3148.4,14,1,3148.3,3,1,3148.2,14,2,3148.1,54,2,3149.2,146,3,3149.3,111,2,3149.4,242,6,3149.5,408,8,3149.6,89,3
2031,2026-06-16 13:11:23+05:30,3149.1,1,3131.13,2369481,140148.0,198112.0,3163.0,3163.0,3108.0,3134.3,32020400,3447.7,2820.9,3839.9,2896.0,3149.0,1281,5,3148.4,14,1,3148.3,3,1,3148.2,14,2,3148.1,54,2,3149.1,154,5,3149.2,59,1,3149.3,111,2,3149.4,205,5,3149.5,408,8
2031,2026-06-16 13:11:23+05:30,3149.1,1,3131.13,2369481,140148.0,198112.0,3163.0,3163.0,3108.0,3134.3,32020400,3447.7,2820.9,3839.9,2896.0,3149.0,1281,5,3148.4,14,1,3148.3,3,1,3148.2,14,2,3148.1,54,2,3149.1,154,5,3149.2,59,1,3149.3,111,2,3149.4,205,5,3149.5,408,8
2031,2026-06-16 13:11:23+05:30,3149.1,1,3131.13,2369481,140148.0,198112.0,3163.0,3163.0,3108.0,3134.3,32020400,3447.7,2820.9,3839.9,2896.0,3149.0,1281,5,3148.4,14,1,3148.3,3,1,3148.2,14,2,3148.1,54,2,3149.1,154,5,3149.2,59,1,3149.3,111,2,3149.4,205,5,3149.5,408,8
2031,2026-06-16 13:11:24+05:30,3149.1,1,3131.13,2369481,140148.0,198112.0,3163.0,3163.0,3108.0,3134.3,32020400,3447.7,2820.9,3839.9,2896.0,3149.0,1281,5,3148.4,14,1,3148.3,3,1,3148.2,14,2,3148.1,54,2,3149.1,154,5,3149.2,59,1,3149.3,111,2,3149.4,205,5,3149.5,408,8
2031,2026-06-16 13:11:24+05:30,3149.1,1,3131.13,2369481,140172.0,198160.0,3163.0,3163.0,3108.0,3134.3,32020400,3447.7,2820.9,3839.9,2896.0,3149.0,1281,5,3148.4,14,1,3148.3,3,1,3148.2,14,2,3148.1,54,2,3149.1,105,4,3149.2,108,2,3149.3,111,2,3149.4,205,5,3149.5,408,8
2031,2026-06-16 13:11:24+05:30,3149.1,1,3131.13,2369481,140172.0,198160.0,3163.0,3163.0,3108.0,3134.3,32020400,3447.7,2820.9,3839.9,2896.0,3149.0,1281,5,3148.4,14,1,3148.3,3,1,3148.2,14,2,3148.1,54,2,3149.1,105,4,3149.2,108,2,3149.3,111,2,3149.4,205,5,3149.5,408,8
2031,2026-06-16 13:11:25+05:30,3149.1,9,3131.13,2369490,140247.0,198158.0,3163.0,3163.0,3108.0,3134.3,32020400,3447.7,2820.9,3839.9,2896.0,3149.0,1280,4,3148.8,16,1,3148.4,14,1,3148.3,3,1,3148.2,14,2,3149.1,96,4,3149.2,108,2,3149.3,111,2,3149.4,205,5,3149.5,408,8
2031,2026-06-16 13:11:25+05:30,3149.1,9,3131.13,2369490,140247.0,198158.0,3163.0,3163.0,3108.0,3134.3,32020400,3447.7,2820.9,3839.9,2896.0,3149.0,1280,4,3148.8,16,1,3148.4,14,1,3148.3,3,1,3148.2,14,2,3149.1,96,4,3149.2,108,2,3149.3,111,2,3149.4,205,5,3149.5,408,8
2031,2026-06-16 13:11:25+05:30,3146.7,6,3131.13,2369490,140247.0,198158.0,3163.0,3163.0,3108.0,3134.3,32020400,3447.7,2820.9,3839.9,2896.0,3149.0,1280,4,3148.8,16,1,3148.4,14,1,3148.3,3,1,3148.2,14,2,3149.1,96,4,3149.2,108,2,3149.3,111,2,3149.4,205,5,3149.5,408,8
2031,2026-06-16 13:11:26+05:30,3146.7,6,3131.13,2369490,140247.0,198158.0,3163.0,3163.0,3108.0,3134.3,32020400,3447.7,2820.9,3839.9,2896.0,3149.0,1280,4,3148.8,16,1,3148.4,14,1,3148.3,3,1,3148.2,14,2,3149.1,96,4,3149.2,108,2,3149.3,111,2,3149.4,205,5,3149.5,408,8
2031,2026-06-16 13:11:26+05:30,3146.7,6,3131.14,2371945,135559.0,200443.0,3163.0,3163.0,3108.0,3134.3,32020400,3447.7,2820.9,3839.9,2896.0,3147.0,4,1,3146.8,14,1,3146.7,89,4,3146.5,59,4,3146.4,103,3,3148.0,200,1,3148.1,200,1,3148.3,213,4,3148.4,99,2,3148.5,23,1
2031,2026-06-16 13:11:26+05:30,3147.0,34,3131.14,2371945,135559.0,200443.0,3163.0,3163.0,3108.0,3134.3,32020400,3447.7,2820.9,3839.9,2896.0,3147.0,4,1,3146.8,14,1,3146.7,89,4,3146.5,59,4,3146.4,103,3,3148.0,200,1,3148.1,200,1,3148.3,213,4,3148.4,99,2,3148.5,23,1
2031,2026-06-16 13:11:27+05:30,3147.0,34,3131.14,2371945,135559.0,200443.0,3163.0,3163.0,3108.0,3134.3,32020400,3447.7,2820.9,3839.9,2896.0,3147.0,4,1,3146.8,14,1,3146.7,89,4,3146.5,59,4,3146.4,103,3,3148.0,200,1,3148.1,200,1,3148.3,213,4,3148.4,99,2,3148.5,23,1
2031,2026-06-16 13:11:27+05:30,3147.8,1,3131.14,2371984,134135.0,202210.0,3163.0,3163.0,3108.0,3134.3,32020400,3447.7,2820.9,3839.9,2896.0,3147.0,7,2,3146.7,1,1,3146.5,1,1,3146.3,21,1,3146.1,50,2,3147.4,199,1,3147.5,200,1,3147.6,36,1,3147.7,95,2,3147.9,214,3
2031,2026-06-16 13:11:27+05:30,3147.8,1,3131.14,2371984,134135.0,202210.0,3163.0,3163.0,3108.0,3134.3,32020400,3447.7,2820.9,3839.9,2896.0,3147.0,7,2,3146.7,1,1,3146.5,1,1,3146.3,21,1,3146.1,50,2,3147.4,199,1,3147.5,200,1,3147.6,36,1,3147.7,95,2,3147.9,214,3
2031,2026-06-16 13:11:27+05:30,3147.8,1,3131.14,2371984,134135.0,202210.0,3163.0,3163.0,3108.0,3134.3,32020400,3447.7,2820.9,3839.9,2896.0,3147.0,7,2,3146.7,1,1,3146.5,1,1,3146.3,21,1,3146.1,50,2,3147.4,199,1,3147.5,200,1,3147.6,36,1,3147.7,95,2,3147.9,214,3
2031,2026-06-16 13:11:28+05:30,3147.1,3,3131.15,2372586,135837.0,199736.0,3163.0,3163.0,3108.0,3134.3,32020400,3447.7,2820.9,3839.9,2896.0,3147.1,15,2,3147.0,66,7,3146.9,50,3,3146.8,49,4,3146.7,52,4,3148.4,90,1,3148.5,143,3,3148.6,96,2,3148.8,180,4,3148.9,271,4
2031,2026-06-16 13:11:28+05:30,3147.1,3,3131.15,2372586,135837.0,199736.0,3163.0,3163.0,3108.0,3134.3,32020400,3447.7,2820.9,3839.9,2896.0,3147.1,15,2,3147.0,66,7,3146.9,50,3,3146.8,49,4,3146.7,52,4,3148.4,90,1,3148.5,143,3,3148.6,96,2,3148.8,180,4,3148.9,271,4
2031,2026-06-16 13:11:28+05:30,3147.1,3,3131.15,2372586,135837.0,199736.0,3163.0,3163.0,3108.0,3134.3,32020400,3447.7,2820.9,3839.9,2896.0,3147.1,15,2,3147.0,66,7,3146.9,50,3,3146.8,49,4,3146.7,52,4,3148.4,90,1,3148.5,143,3,3148.6,96,2,3148.8,180,4,3148.9,271,4
2031,2026-06-16 13:11:29+05:30,3147.1,3,3131.15,2372586,135837.0,199736.0,3163.0,3163.0,3108.0,3134.3,32020400,3447.7,2820.9,3839.9,2896.0,3147.1,15,2,3147.0,66,7,3146.9,50,3,3146.8,49,4,3146.7,52,4,3148.4,90,1,3148.5,143,3,3148.6,96,2,3148.8,180,4,3148.9,271,4
2031,2026-06-16 13:11:29+05:30,3147.1,3,3131.15,2372586,136598.0,200371.0,3163.0,3163.0,3108.0,3134.3,32020400,3447.7,2820.9,3839.9,2896.0,3147.1,70,4,3147.0,120,8,3146.9,50,3,3146.8,49,4,3146.7,166,7,3148.5,232,4,3148.6,60,1,3148.7,27,2,3148.8,179,4,3148.9,271,4
2031,2026-06-16 13:11:29+05:30,3148.5,1,3131.15,2372586,136598.0,200371.0,3163.0,3163.0,3108.0,3134.3,32020400,3447.7,2820.9,3839.9,2896.0,3147.1,70,4,3147.0,120,8,3146.9,50,3,3146.8,49,4,3146.7,166,7,3148.5,232,4,3148.6,60,1,3148.7,27,2,3148.8,179,4,3148.9,271,4
2031,2026-06-16 13:11:30+05:30,3148.5,1,3131.15,2372586,136598.0,200371.0,3163.0,3163.0,3108.0,3134.3,32020400,3447.7,2820.9,3839.9,2896.0,3147.1,70,4,3147.0,120,8,3146.9,50,3,3146.8,49,4,3146.7,166,7,3148.5,232,4,3148.6,60,1,3148.7,27,2,3148.8,179,4,3148.9,271,4
2031,2026-06-16 13:11:30+05:30,3147.0,100,3131.15,2372787,135898.0,200949.0,3163.0,3163.0,3108.0,3134.3,32020400,3447.7,2820.9,3839.9,2896.0,3147.1,15,2,3146.9,14,1,3146.7,63,3,3146.5,33,3,3146.4,99,3,3148.3,105,4,3148.4,169,4,3148.5,105,4,3148.6,119,3,3148.8,379,5
2031,2026-06-16 13:11:30+05:30,3147.0,100,3131.15,2372787,135898.0,200949.0,3163.0,3163.0,3108.0,3134.3,32020400,3447.7,2820.9,3839.9,2896.0,3147.1,15,2,3146.9,14,1,3146.7,63,3,3146.5,33,3,3146.4,99,3,3148.3,105,4,3148.4,169,4,3148.5,105,4,3148.6,119,3,3148.8,379,5
2031,2026-06-16 13:11:31+05:30,3147.0,100,3131.15,2372787,135898.0,200949.0,3163.0,3163.0,3108.0,3134.3,32020200,3447.7,2820.9,3839.9,2896.0,3147.1,15,2,3146.9,14,1,3146.7,63,3,3146.5,33,3,3146.4,99,3,3148.3,105,4,3148.4,169,4,3148.5,105,4,3148.6,119,3,3148.8,379,5
2031,2026-06-16 13:11:31+05:30,3147.0,100,3131.15,2372787,136969.0,201701.0,3163.0,3163.0,3108.0,3134.3,32020200,3447.7,2820.9,3839.9,2896.0,3147.7,2,2,3147.1,4,2,3147.0,20,2,3146.7,84,4,3146.5,272,6,3148.2,81,1,3148.3,64,2,3148.4,120,3,3148.5,15,2,3148.6,98,2
2031,2026-06-16 13:11:32+05:30,3148.2,1,3131.15,2372788,137065.0,201561.0,3163.0,3163.0,3108.0,3134.3,32020200,3447.7,2820.9,3839.9,2896.0,3147.7,2,2,3147.1,4,2,3147.0,22,3,3146.8,170,1,3146.7,88,5,3148.2,81,2,3148.3,64,2,3148.4,120,3,3148.5,1,1,3148.6,153,3
2031,2026-06-16 13:11:32+05:30,3148.2,1,3131.15,2372788,137065.0,201561.0,3163.0,3163.0,3108.0,3134.3,32020200,3447.7,2820.9,3839.9,2896.0,3147.7,2,2,3147.1,4,2,3147.0,22,3,3146.8,170,1,3146.7,88,5,3148.2,81,2,3148.3,64,2,3148.4,120,3,3148.5,1,1,3148.6,153,3
2031,2026-06-16 13:11:33+05:30,3148.2,1,3131.15,2372788,137072.0,201564.0,3163.0,3163.0,3108.0,3134.3,32020200,3447.7,2820.9,3839.9,2896.0,3147.7,2,2,3147.1,4,2,3147.0,22,3,3146.7,84,4,3146.6,181,1,3148.2,81,2,3148.3,64,2,3148.4,120,3,3148.5,1,1,3148.6,153,3
2031,2026-06-16 13:11:34+05:30,3148.2,1,3131.15,2372789,137041.0,201542.0,3163.0,3163.0,3108.0,3134.3,32020200,3447.7,2820.9,3839.9,2896.0,3147.7,2,2,3147.1,4,2,3147.0,22,3,3146.7,84,4,3146.6,181,1,3148.2,173,6,3148.3,75,2,3148.4,158,4,3148.5,120,3,3148.6,98,2
2031,2026-06-16 13:11:34+05:30,3148.2,1,3131.15,2372789,137041.0,201542.0,3163.0,3163.0,3108.0,3134.3,32020200,3447.7,2820.9,3839.9,2896.0,3147.7,2,2,3147.1,4,2,3147.0,22,3,3146.7,84,4,3146.6,181,1,3148.2,173,6,3148.3,75,2,3148.4,158,4,3148.5,120,3,3148.6,98,2
2031,2026-06-16 13:11:35+05:30,3147.1,12,3131.15,2372835,136277.0,202054.0,3163.0,3163.0,3108.0,3134.3,32020200,3447.7,2820.9,3839.9,2896.0,3147.8,17,1,3147.1,6,3,3147.0,82,5,3146.7,61,3,3146.6,30,1,3148.1,72,3,3148.2,207,7,3148.3,59,2,3148.4,139,3,3148.5,119,3
2031,2026-06-16 13:11:35+05:30,3147.1,12,3131.15,2372835,136277.0,202054.0,3163.0,3163.0,3108.0,3134.3,32020200,3447.7,2820.9,3839.9,2896.0,3147.8,17,1,3147.1,6,3,3147.0,82,5,3146.7,61,3,3146.6,30,1,3148.1,72,3,3148.2,207,7,3148.3,59,2,3148.4,139,3,3148.5,119,3
2031,2026-06-16 13:11:36+05:30,3148.1,1,3131.15,2372836,136928.0,201992.0,3163.0,3163.0,3108.0,3134.3,32020200,3447.7,2820.9,3839.9,2896.0,3147.4,16,1,3147.1,6,3,3147.0,82,5,3146.7,101,3,3146.6,71,2,3148.0,200,1,3148.1,71,3,3148.2,136,6,3148.3,10,1,3148.4,139,3
2031,2026-06-16 13:11:36+05:30,3148.1,1,3131.15,2372836,136928.0,201992.0,3163.0,3163.0,3108.0,3134.3,32020200,3447.7,2820.9,3839.9,2896.0,3147.4,16,1,3147.1,6,3,3147.0,82,5,3146.7,101,3,3146.6,71,2,3148.0,200,1,3148.1,71,3,3148.2,136,6,3148.3,10,1,3148.4,139,3
2031,2026-06-16 13:11:37+05:30,3147.8,1,3131.15,2372837,136848.0,201775.0,3163.0,3163.0,3108.0,3134.3,32020200,3447.7,2820.9,3839.9,2896.0,3147.4,16,1,3147.1,6,3,3147.0,115,4,3146.8,3,1,3146.7,131,4,3147.8,199,1,3147.9,1,1,3148.0,26,1,3148.1,47,2,3148.2,55,3
2031,2026-06-16 13:11:37+05:30,3147.8,1,3131.15,2372837,136848.0,201775.0,3163.0,3163.0,3108.0,3134.3,32020200,3447.7,2820.9,3839.9,2896.0,3147.4,16,1,3147.1,6,3,3147.0,115,4,3146.8,3,1,3146.7,131,4,3147.8,199,1,3147.9,1,1,3148.0,26,1,3148.1,47,2,3148.2,55,3
2031,2026-06-16 13:11:38+05:30,3147.8,1,3131.15,2372837,136834.0,201777.0,3163.0,3163.0,3108.0,3134.3,32020200,3447.7,2820.9,3839.9,2896.0,3147.4,16,1,3147.1,6,3,3147.0,115,4,3146.8,3,1,3146.7,131,4,3147.8,199,1,3147.9,1,1,3148.0,26,1,3148.1,47,2,3148.2,55,3
2031,2026-06-16 13:11:39+05:30,3147.6,1,3131.15,2372838,136880.0,201869.0,3163.0,3163.0,3108.0,3134.3,32020200,3447.7,2820.9,3839.9,2896.0,3147.6,2,1,3147.4,16,1,3147.1,3,2,3147.0,79,5,3146.8,3,1,3147.8,199,1,3147.9,1,1,3148.0,26,1,3148.1,9,1,3148.2,55,3
2031,2026-06-16 13:11:39+05:30,3147.6,1,3131.15,2372838,136880.0,201869.0,3163.0,3163.0,3108.0,3134.3,32020200,3447.7,2820.9,3839.9,2896.0,3147.6,2,1,3147.4,16,1,3147.1,3,2,3147.0,79,5,3146.8,3,1,3147.8,199,1,3147.9,1,1,3148.0,26,1,3148.1,9,1,3148.2,55,3
2031,2026-06-16 13:11:40+05:30,3147.8,26,3131.15,2373463,136741.0,200471.0,3163.0,3163.0,3108.0,3134.3,32020200,3447.7,2820.9,3839.9,2896.0,3147.8,19,1,3147.4,17,1,3147.0,27,3,3146.9,37,2,3146.8,92,2,3147.9,1,1,3148.2,55,3,3148.6,38,1,3148.7,2,1,3148.8,130,4
2031,2026-06-16 13:11:40+05:30,3147.8,26,3131.15,2373463,136741.0,200471.0,3163.0,3163.0,3108.0,3134.3,32020200,3447.7,2820.9,3839.9,2896.0,3147.8,19,1,3147.4,17,1,3147.0,27,3,3146.9,37,2,3146.8,92,2,3147.9,1,1,3148.2,55,3,3148.6,38,1,3148.7,2,1,3148.8,130,4
2031,2026-06-16 13:11:41+05:30,3147.9,38,3131.15,2373530,137142.0,200643.0,3163.0,3163.0,3108.0,3134.3,32020200,3447.7,2820.9,3839.9,2896.0,3147.9,18,1,3147.6,2,1,3147.4,17,1,3147.1,3,1,3147.0,122,6,3148.2,107,4,3148.4,38,1,3148.5,122,3,3148.6,38,1,3148.7,62,1
2031,2026-06-16 13:11:41+05:30,3147.9,38,3131.15,2373530,137142.0,200643.0,3163.0,3163.0,3108.0,3134.3,32020200,3447.7,2820.9,3839.9,2896.0,3147.9,18,1,3147.6,2,1,3147.4,17,1,3147.1,3,1,3147.0,122,6,3148.2,107,4,3148.4,38,1,3148.5,122,3,3148.6,38,1,3148.7,62,1
2031,2026-06-16 13:11:42+05:30,3148.2,1,3131.15,2373532,137536.0,200640.0,3163.0,3163.0,3108.0,3134.3,32020200,3447.7,2820.9,3839.9,2896.0,3148.0,16,1,3147.6,2,1,3147.4,17,1,3147.1,3,1,3147.0,143,6,3148.2,91,5,3148.3,31,1,3148.4,39,2,3148.5,191,5,3148.6,39,2
2031,2026-06-16 13:11:42+05:30,3148.2,1,3131.15,2373532,137536.0,200640.0,3163.0,3163.0,3108.0,3134.3,32020200,3447.7,2820.9,3839.9,2896.0,3148.0,16,1,3147.6,2,1,3147.4,17,1,3147.1,3,1,3147.0,143,6,3148.2,91,5,3148.3,31,1,3148.4,39,2,3148.5,191,5,3148.6,39,2
2031,2026-06-16 13:11:43+05:30,3148.2,13,3131.16,2373641,137483.0,200246.0,3163.0,3163.0,3108.0,3134.3,32020200,3447.7,2820.9,3839.9,2896.0,3147.8,17,1,3147.6,2,1,3147.1,24,2,3147.0,115,4,3146.9,22,1,3148.4,106,3,3148.5,78,3,3148.6,39,2,3148.7,62,1,3148.8,188,4
2031,2026-06-16 13:11:43+05:30,3148.2,13,3131.16,2373641,137483.0,200246.0,3163.0,3163.0,3108.0,3134.3,32020200,3447.7,2820.9,3839.9,2896.0,3147.8,17,1,3147.6,2,1,3147.1,24,2,3147.0,115,4,3146.9,22,1,3148.4,106,3,3148.5,78,3,3148.6,39,2,3148.7,62,1,3148.8,188,4
2031,2026-06-16 13:11:44+05:30,3148.2,13,3131.16,2373641,137486.0,200230.0,3163.0,3163.0,3108.0,3134.3,32020200,3447.7,2820.9,3839.9,2896.0,3147.8,17,1,3147.6,2,1,3147.1,27,3,3147.0,115,4,3146.9,22,1,3148.4,107,4,3148.5,78,3,3148.6,39,2,3148.7,62,1,3148.8,188,4
2031,2026-06-16 13:11:45+05:30,3148.1,1,3131.16,2373868,137629.0,199946.0,3163.0,3163.0,3108.0,3134.3,32020200,3447.7,2820.9,3839.9,2896.0,3148.1,2,2,3147.8,56,3,3147.4,18,1,3147.1,87,3,3147.0,58,4,3148.4,2,2,3148.5,2,1,3148.6,145,4,3148.7,2,1,3148.8,351,4
2031,2026-06-16 13:11:45+05:30,3148.1,1,3131.16,2373868,137629.0,199946.0,3163.0,3163.0,3108.0,3134.3,32020200,3447.7,2820.9,3839.9,2896.0,3148.1,2,2,3147.8,56,3,3147.4,18,1,3147.1,87,3,3147.0,58,4,3148.4,2,2,3148.5,2,1,3148.6,145,4,3148.7,2,1,3148.8,351,4
2031,2026-06-16 13:11:46+05:30,3147.8,30,3131.16,2373907,137559.0,200566.0,3163.0,3163.0,3108.0,3134.3,32020200,3447.7,2820.9,3839.9,2896.0,3147.8,21,2,3147.1,124,4,3147.0,89,6,3146.9,111,3,3146.7,131,6,3148.2,1,1,3148.4,40,3,3148.5,57,2,3148.6,39,2,3148.7,66,2
2031,2026-06-16 13:11:46+05:30,3147.8,30,3131.16,2373907,137559.0,200566.0,3163.0,3163.0,3108.0,3134.3,32020200,3447.7,2820.9,3839.9,2896.0,3147.8,21,2,3147.1,124,4,3147.0,89,6,3146.9,111,3,3146.7,131,6,3148.2,1,1,3148.4,40,3,3148.5,57,2,3148.6,39,2,3148.7,66,2
2031,2026-06-16 13:11:47+05:30,3147.8,30,3131.16,2373907,137662.0,200537.0,3163.0,3163.0,3108.0,3134.3,32020200,3447.7,2820.9,3839.9,2896.0,3147.8,36,3,3147.1,124,4,3147.0,89,6,3146.9,111,3,3146.8,188,2,3148.2,1,1,3148.4,40,3,3148.5,2,1,3148.6,39,2,3148.7,66,2
2031,2026-06-16 13:11:48+05:30,3148.2,1,3131.16,2373913,137664.0,200668.0,3163.0,3163.0,3108.0,3134.3,32020200,3447.7,2820.9,3839.9,2896.0,3147.8,36,3,3147.1,124,4,3147.0,89,6,3146.9,111,3,3146.8,188,2,3148.2,45,3,3148.4,39,2,3148.5,2,1,3148.6,39,2,3148.7,66,2
2031,2026-06-16 13:11:48+05:30,3148.2,1,3131.16,2373913,137664.0,200668.0,3163.0,3163.0,3108.0,3134.3,32020200,3447.7,2820.9,3839.9,2896.0,3147.8,36,3,3147.1,124,4,3147.0,89,6,3146.9,111,3,3146.8,188,2,3148.2,45,3,3148.4,39,2,3148.5,2,1,3148.6,39,2,3148.7,66,2
2031,2026-06-16 13:11:49+05:30,3147.8,1,3131.16,2373952,137468.0,200677.0,3163.0,3163.0,3108.0,3134.3,32020200,3447.7,2820.9,3839.9,2896.0,3147.8,15,2,3147.1,3,1,3147.0,78,6,3146.9,82,2,3146.8,1,1,3148.2,231,7,3148.3,10,1,3148.4,39,2,3148.5,145,4,3148.6,39,2
2031,2026-06-16 13:11:49+05:30,3147.8,1,3131.16,2373952,137468.0,200677.0,3163.0,3163.0,3108.0,3134.3,32020200,3447.7,2820.9,3839.9,2896.0,3147.8,15,2,3147.1,3,1,3147.0,78,6,3146.9,82,2,3146.8,1,1,3148.2,231,7,3148.3,10,1,3148.4,39,2,3148.5,145,4,3148.6,39,2
2031,2026-06-16 13:11:50+05:30,3147.8,1,3131.16,2373952,138327.0,201159.0,3163.0,3163.0,3108.0,3134.3,32020200,3447.7,2820.9,3839.9,2896.0,3148.0,16,1,3147.8,4,2,3147.1,3,1,3147.0,83,6,3146.9,119,3,3148.2,149,5,3148.3,33,2,3148.4,39,2,3148.5,108,3,3148.6,39,2
2031,2026-06-16 13:11:51+05:30,3147.8,11,3131.16,2374274,137070.0,201735.0,3163.0,3163.0,3108.0,3134.3,32020200,3447.7,2820.9,3839.9,2896.0,3147.1,3,1,3147.0,50,3,3146.7,1,1,3146.5,22,2,3146.4,60,1,3147.8,136,3,3147.9,137,3,3148.0,126,3,3148.1,64,1,3148.2,192,8
2031,2026-06-16 13:11:51+05:30,3147.8,11,3131.16,2374274,137070.0,201735.0,3163.0,3163.0,3108.0,3134.3,32020200,3447.7,2820.9,3839.9,2896.0,3147.1,3,1,3147.0,50,3,3146.7,1,1,3146.5,22,2,3146.4,60,1,3147.8,136,3,3147.9,137,3,3148.0,126,3,3148.1,64,1,3148.2,192,8
2031,2026-06-16 13:11:52+05:30,3147.8,11,3131.16,2374274,136894.0,201796.0,3163.0,3163.0,3108.0,3134.3,32020200,3447.7,2820.9,3839.9,2896.0,3147.1,3,1,3147.0,50,3,3146.7,1,1,3146.5,22,2,3146.4,60,1,3147.8,137,4,3147.9,137,3,3148.0,126,3,3148.1,64,1,3148.2,191,7
2031,2026-06-16 13:11:53+05:30,3147.8,1,3131.16,2374275,136937.0,201921.0,3163.0,3163.0,3108.0,3134.3,32020200,3447.7,2820.9,3839.9,2896.0,3147.1,3,1,3147.0,50,3,3146.7,1,1,3146.5,22,2,3146.4,60,1,3147.8,162,5,3147.9,137,3,3148.0,126,3,3148.1,64,1,3148.2,291,8
2031,2026-06-16 13:11:53+05:30,3147.8,1,3131.16,2374275,136937.0,201921.0,3163.0,3163.0,3108.0,3134.3,32020200,3447.7,2820.9,3839.9,2896.0,3147.1,3,1,3147.0,50,3,3146.7,1,1,3146.5,22,2,3146.4,60,1,3147.8,162,5,3147.9,137,3,3148.0,126,3,3148.1,64,1,3148.2,291,8
2031,2026-06-16 13:11:54+05:30,3147.8,1,3131.16,2374276,136972.0,201927.0,3163.0,3163.0,3108.0,3134.3,32020200,3447.7,2820.9,3839.9,2896.0,3147.1,3,1,3147.0,51,4,3146.7,1,1,3146.5,22,2,3146.4,60,1,3147.8,161,5,3147.9,137,3,3148.0,126,3,3148.1,64,1,3148.2,291,8
2031,2026-06-16 13:11:54+05:30,3147.8,1,3131.16,2374276,136972.0,201927.0,3163.0,3163.0,3108.0,3134.3,32020200,3447.7,2820.9,3839.9,2896.0,3147.1,3,1,3147.0,51,4,3146.7,1,1,3146.5,22,2,3146.4,60,1,3147.8,161,5,3147.9,137,3,3148.0,126,3,3148.1,64,1,3148.2,291,8
2031,2026-06-16 13:11:55+05:30,3147.8,1,3131.16,2374277,138322.0,201780.0,3163.0,3163.0,3108.0,3134.3,32020200,3447.7,2820.9,3839.9,2896.0,3147.5,45,1,3147.4,32,1,3147.3,32,1,3147.2,32,1,3147.1,3,1,3147.8,68,3,3147.9,64,1,3148.2,191,5,3148.4,39,2,3148.5,110,4
2031,2026-06-16 13:11:55+05:30,3147.8,1,3131.16,2374277,138322.0,201780.0,3163.0,3163.0,3108.0,3134.3,32020200,3447.7,2820.9,3839.9,2896.0,3147.5,45,1,3147.4,32,1,3147.3,32,1,3147.2,32,1,3147.1,3,1,3147.8,68,3,3147.9,64,1,3148.2,191,5,3148.4,39,2,3148.5,110,4
2031,2026-06-16 13:11:56+05:30,3147.5,9,3131.16,2374318,138361.0,201828.0,3163.0,3163.0,3108.0,3134.3,32020200,3447.7,2820.9,3839.9,2896.0,3147.5,23,1,3147.4,32,1,3147.2,32,1,3147.1,3,1,3147.0,111,5,3147.8,27,2,3147.9,64,1,3148.0,20,1,3148.2,191,5,3148.4,39,2
2031,2026-06-16 13:11:56+05:30,3147.5,9,3131.16,2374318,138361.0,201828.0,3163.0,3163.0,3108.0,3134.3,32020200,3447.7,2820.9,3839.9,2896.0,3147.5,23,1,3147.4,32,1,3147.2,32,1,3147.1,3,1,3147.0,111,5,3147.8,27,2,3147.9,64,1,3148.0,20,1,3148.2,191,5,3148.4,39,2
2031,2026-06-16 13:11:57+05:30,3147.4,11,3131.16,2374318,138361.0,201828.0,3163.0,3163.0,3108.0,3134.3,32020200,3447.7,2820.9,3839.9,2896.0,3147.5,23,1,3147.4,32,1,3147.2,32,1,3147.1,3,1,3147.0,111,5,3147.8,27,2,3147.9,64,1,3148.0,20,1,3148.2,191,5,3148.4,39,2
2031,2026-06-16 13:11:57+05:30,3147.4,11,3131.16,2374356,138383.0,201824.0,3163.0,3163.0,3108.0,3134.3,32020200,3447.7,2820.9,3839.9,2896.0,3147.4,21,1,3147.1,18,2,3147.0,120,7,3146.9,39,2,3146.7,82,3,3147.8,27,2,3147.9,64,1,3148.0,20,1,3148.2,191,5,3148.4,39,2
2031,2026-06-16 13:11:58+05:30,3147.8,1,3131.16,2374356,138383.0,201824.0,3163.0,3163.0,3108.0,3134.3,32020200,3447.7,2820.9,3839.9,2896.0,3147.4,21,1,3147.1,18,2,3147.0,120,7,3146.9,39,2,3146.7,82,3,3147.8,27,2,3147.9,64,1,3148.0,20,1,3148.2,191,5,3148.4,39,2
2031,2026-06-16 13:11:58+05:30,3147.8,42,3131.16,2374444,138378.0,201707.0,3163.0,3163.0,3108.0,3134.3,32020200,3447.7,2820.9,3839.9,2896.0,3147.8,64,1,3147.4,21,1,3147.1,18,2,3147.0,113,6,3146.9,3,1,3147.9,64,1,3148.0,20,1,3148.2,149,4,3148.4,39,2,3148.5,55,3
2031,2026-06-16 13:11:59+05:30,3147.8,42,3131.16,2374444,138378.0,201707.0,3163.0,3163.0,3108.0,3134.3,32020200,3447.7,2820.9,3839.9,2896.0,3147.8,64,1,3147.4,21,1,3147.1,18,2,3147.0,113,6,3146.9,3,1,3147.9,64,1,3148.0,20,1,3148.2,149,4,3148.4,39,2,3148.5,55,3
2031,2026-06-16 13:11:59+05:30,3147.8,9,3131.16,2374453,138460.0,201534.0,3163.0,3163.0,3108.0,3134.3,32020200,3447.7,2820.9,3839.9,2896.0,3147.8,55,1,3147.4,36,2,3147.2,17,1,3147.1,3,1,3147.0,179,9,3147.9,64,1,3148.0,20,1,3148.2,149,4,3148.4,1,1,3148.5,4,2
2031,2026-06-16 13:12:00+05:30,3148.2,15,3131.16,2374453,138460.0,201534.0,3163.0,3163.0,3108.0,3134.3,32020200,3447.7,2820.9,3839.9,2896.0,3147.8,55,1,3147.4,36,2,3147.2,17,1,3147.1,3,1,3147.0,179,9,3147.9,64,1,3148.0,20,1,3148.2,149,4,3148.4,1,1,3148.5,4,2
2031,2026-06-16 13:12:00+05:30,3148.2,15,3131.16,2374567,139059.0,201097.0,3163.0,3163.0,3108.0,3134.3,32020200,3447.7,2820.9,3839.9,2896.0,3147.8,105,4,3147.4,96,3,3147.2,106,3,3147.1,208,3,3147.0,272,12,3148.2,119,2,3148.4,1,1,3148.5,2,1,3148.6,1,1,3148.7,436,3
2031,2026-06-16 13:12:01+05:30,3148.2,15,3131.16,2374567,139059.0,201103.0,3163.0,3163.0,3108.0,3134.3,32020200,3447.7,2820.9,3839.9,2896.0,3147.8,121,5,3147.4,110,3,3147.2,77,2,3147.1,208,3,3147.0,301,13,3148.2,100,1,3148.4,1,1,3148.5,2,1,3148.6,1,1,3148.7,400,2
2031,2026-06-16 13:12:02+05:30,3147.8,4,3131.16,2374567,139059.0,201103.0,3163.0,3163.0,3108.0,3134.3,32020200,3447.7,2820.9,3839.9,2896.0,3147.8,121,5,3147.4,110,3,3147.2,77,2,3147.1,208,3,3147.0,301,13,3148.2,100,1,3148.4,1,1,3148.5,2,1,3148.6,1,1,3148.7,400,2
2031,2026-06-16 13:12:02+05:30,3147.8,4,3131.16,2374575,139003.0,201010.0,3163.0,3163.0,3108.0,3134.3,32020200,3447.7,2820.9,3839.9,2896.0,3147.8,117,5,3147.6,15,1,3147.4,130,4,3147.2,77,2,3147.1,205,2,3148.2,96,1,3148.4,1,1,3148.5,2,1,3148.6,1,1,3148.7,400,2
2031,2026-06-16 13:12:03+05:30,3148.2,16,3131.16,2374575,139003.0,201010.0,3163.0,3163.0,3108.0,3134.3,32020200,3447.7,2820.9,3839.9,2896.0,3147.8,117,5,3147.6,15,1,3147.4,130,4,3147.2,77,2,3147.1,205,2,3148.2,96,1,3148.4,1,1,3148.5,2,1,3148.6,1,1,3148.7,400,2
2031,2026-06-16 13:12:03+05:30,3148.2,16,3131.16,2374591,138846.0,201039.0,3163.0,3163.0,3108.0,3134.3,32020200,3447.7,2820.9,3839.9,2896.0,3147.8,101,4,3147.7,15,1,3147.4,130,4,3147.2,102,3,3147.1,20,1,3148.2,80,1,3148.4,1,1,3148.5,2,1,3148.6,1,1,3148.7,400,2
2031,2026-06-16 13:12:04+05:30,3148.2,20,3131.16,2374591,138846.0,201039.0,3163.0,3163.0,3108.0,3134.3,32020200,3447.7,2820.9,3839.9,2896.0,3147.8,101,4,3147.7,15,1,3147.4,130,4,3147.2,102,3,3147.1,20,1,3148.2,80,1,3148.4,1,1,3148.5,2,1,3148.6,1,1,3148.7,400,2
2031,2026-06-16 13:12:04+05:30,3148.2,20,3131.16,2374612,138841.0,201004.0,3163.0,3163.0,3108.0,3134.3,32020200,3447.7,2820.9,3839.9,2896.0,3147.8,117,5,3147.4,101,3,3147.2,102,3,3147.1,49,2,3147.0,272,12,3148.2,97,2,3148.4,1,1,3148.5,2,1,3148.6,1,1,3148.7,438,3
2031,2026-06-16 13:12:05+05:30,3147.8,1,3131.16,2374612,138841.0,201004.0,3163.0,3163.0,3108.0,3134.3,32020200,3447.7,2820.9,3839.9,2896.0,3147.8,117,5,3147.4,101,3,3147.2,102,3,3147.1,49,2,3147.0,272,12,3148.2,97,2,3148.4,1,1,3148.5,2,1,3148.6,1,1,3148.7,438,3
2031,2026-06-16 13:12:05+05:30,3147.8,1,3131.16,2374710,139060.0,200921.0,3163.0,3163.0,3108.0,3134.3,32020200,3447.7,2820.9,3839.9,2896.0,3147.8,116,5,3147.5,3,1,3147.4,108,3,3147.2,77,2,3147.1,49,2,3148.2,35,2,3148.4,65,3,3148.5,2,1,3148.6,39,2,3148.7,400,2
2031,2026-06-16 13:12:06+05:30,3147.8,1,3131.16,2374710,139357.0,201606.0,3163.0,3163.0,3108.0,3134.3,32020200,3447.7,2820.9,3839.9,2896.0,3148.0,15,1,3147.8,100,4,3147.5,3,1,3147.4,21,1,3147.2,17,1,3148.2,542,4,3148.4,65,3,3148.5,41,2,3148.6,39,2,3148.7,501,4
2031,2026-06-16 13:12:07+05:30,3147.8,1,3131.16,2374710,139334.0,201596.0,3163.0,3163.0,3108.0,3134.3,32020200,3447.7,2820.9,3839.9,2896.0,3148.0,15,1,3147.8,100,4,3147.5,3,1,3147.4,21,1,3147.2,17,1,3148.2,542,4,3148.4,65,3,3148.5,41,2,3148.6,39,2,3148.7,501,4
2031,2026-06-16 13:12:08+05:30,3148.0,105,3131.16,2374710,139334.0,201596.0,3163.0,3163.0,3108.0,3134.3,32020200,3447.7,2820.9,3839.9,2896.0,3148.0,15,1,3147.8,100,4,3147.5,3,1,3147.4,21,1,3147.2,17,1,3148.2,542,4,3148.4,65,3,3148.5,41,2,3148.6,39,2,3148.7,501,4
2031,2026-06-16 13:12:08+05:30,3148.0,105,3131.16,2374911,139056.0,201475.0,3163.0,3163.0,3108.0,3134.3,32020200,3447.7,2820.9,3839.9,2896.0,3148.0,15,1,3147.8,95,3,3147.4,21,1,3147.2,46,2,3147.1,174,3,3148.2,583,6,3148.3,38,1,3148.4,58,3,3148.5,2,1,3148.6,146,4
2031,2026-06-16 13:12:09+05:30,3148.2,1,3131.16,2374911,139056.0,201475.0,3163.0,3163.0,3108.0,3134.3,32020200,3447.7,2820.9,3839.9,2896.0,3148.0,15,1,3147.8,95,3,3147.4,21,1,3147.2,46,2,3147.1,174,3,3148.2,583,6,3148.3,38,1,3148.4,58,3,3148.5,2,1,3148.6,146,4
2031,2026-06-16 13:12:09+05:30,3148.2,1,3131.16,2374912,139142.0,201503.0,3163.0,3163.0,3108.0,3134.3,32020200,3447.7,2820.9,3839.9,2896.0,3148.1,2,1,3148.0,15,1,3147.8,112,4,3147.4,21,1,3147.2,46,2,3148.2,587,7,3148.3,38,1,3148.4,27,2,3148.5,2,1,3148.6,146,4
2031,2026-06-16 13:12:10+05:30,3148.2,8,3131.16,2374912,139142.0,201503.0,3163.0,3163.0,3108.0,3134.3,32020200,3447.7,2820.9,3839.9,2896.0,3148.1,2,1,3148.0,15,1,3147.8,112,4,3147.4,21,1,3147.2,46,2,3148.2,587,7,3148.3,38,1,3148.4,27,2,3148.5,2,1,3148.6,146,4
2031,2026-06-16 13:12:10+05:30,3148.2,8,3131.17,2375020,139079.0,201646.0,3163.0,3163.0,3108.0,3134.3,32020200,3447.7,2820.9,3839.9,2896.0,3148.1,10,1,3147.8,112,3,3147.4,21,1,3147.2,17,1,3147.1,209,4,3148.2,579,7,3148.3,38,1,3148.4,27,2,3148.5,2,1,3148.6,146,4
2031,2026-06-16 13:12:11+05:30,3148.2,8,3131.17,2375020,139079.0,201646.0,3163.0,3163.0,3108.0,3134.3,32020200,3447.7,2820.9,3839.9,2896.0,3148.1,10,1,3147.8,112,3,3147.4,21,1,3147.2,17,1,3147.1,209,4,3148.2,579,7,3148.3,38,1,3148.4,27,2,3148.5,2,1,3148.6,146,4
2031,2026-06-16 13:12:11+05:30,3148.2,11,3131.17,2375020,139079.0,201646.0,3163.0,3163.0,3108.0,3134.3,32020200,3447.7,2820.9,3839.9,2896.0,3148.1,10,1,3147.8,112,3,3147.4,21,1,3147.2,17,1,3147.1,209,4,3148.2,579,7,3148.3,38,1,3148.4,27,2,3148.5,2,1,3148.6,146,4
2031,2026-06-16 13:12:11+05:30,3148.2,11,3131.17,2375033,139078.0,201705.0,3163.0,3163.0,3108.0,3134.3,32020200,3447.7,2820.9,3839.9,2896.0,3148.1,10,1,3147.8,112,3,3147.4,21,1,3147.2,17,1,3147.1,209,4,3148.2,566,7,3148.4,27,2,3148.5,2,1,3148.6,99,3,3148.7,402,3
2031,2026-06-16 13:12:12+05:30,3147.8,106,3131.17,2375033,139078.0,201705.0,3163.0,3163.0,3108.0,3134.3,32020200,3447.7,2820.9,3839.9,2896.0,3148.1,10,1,3147.8,112,3,3147.4,21,1,3147.2,17,1,3147.1,209,4,3148.2,566,7,3148.4,27,2,3148.5,2,1,3148.6,99,3,3148.7,402,3
2031,2026-06-16 13:12:12+05:30,3147.8,106,3131.17,2375252,138603.0,201463.0,3163.0,3163.0,3108.0,3134.3,32020200,3447.7,2820.9,3839.9,2896.0,3147.8,18,1,3147.4,21,1,3147.2,17,1,3147.0,63,6,3146.9,47,2,3147.9,200,1,3148.0,119,2,3148.2,604,8,3148.4,73,3,3148.5,2,1
2031,2026-06-16 13:12:12+05:30,3147.8,106,3131.17,2375252,138603.0,201463.0,3163.0,3163.0,3108.0,3134.3,32020200,3447.7,2820.9,3839.9,2896.0,3147.8,18,1,3147.4,21,1,3147.2,17,1,3147.0,63,6,3146.9,47,2,3147.9,200,1,3148.0,119,2,3148.2,604,8,3148.4,73,3,3148.5,2,1
2031,2026-06-16 13:12:13+05:30,3147.0,9,3131.17,2375252,138603.0,201463.0,3163.0,3163.0,3108.0,3134.3,32020200,3447.7,2820.9,3839.9,2896.0,3147.8,18,1,3147.4,21,1,3147.2,17,1,3147.0,63,6,3146.9,47,2,3147.9,200,1,3148.0,119,2,3148.2,604,8,3148.4,73,3,3148.5,2,1
2031,2026-06-16 13:12:13+05:30,3147.0,9,3131.17,2375452,137575.0,201769.0,3163.0,3163.0,3108.0,3134.3,32020200,3447.7,2820.9,3839.9,2896.0,3147.0,23,4,3146.9,27,1,3146.8,26,1,3146.7,91,4,3146.6,38,1,3148.0,81,1,3148.1,10,1,3148.2,564,6,3148.4,114,4,3148.5,79,4
2031,2026-06-16 13:12:14+05:30,3148.0,1,3131.17,2375453,138271.0,201957.0,3163.0,3163.0,3108.0,3134.3,32020200,3447.7,2820.9,3839.9,2896.0,3147.1,28,2,3147.0,43,8,3146.9,27,1,3146.8,75,2,3146.7,135,6,3148.0,81,2,3148.2,573,6,3148.4,97,4,3148.5,80,4,3148.6,382,6
2031,2026-06-16 13:12:14+05:30,3148.0,1,3131.17,2375453,138271.0,201957.0,3163.0,3163.0,3108.0,3134.3,32020200,3447.7,2820.9,3839.9,2896.0,3147.1,28,2,3147.0,43,8,3146.9,27,1,3146.8,75,2,3146.7,135,6,3148.0,81,2,3148.2,573,6,3148.4,97,4,3148.5,80,4,3148.6,382,6
2031,2026-06-16 13:12:15+05:30,3148.0,1,3131.17,2375453,138271.0,201957.0,3163.0,3163.0,3108.0,3134.3,32020200,3447.7,2820.9,3839.9,2896.0,3147.1,28,2,3147.0,43,8,3146.9,27,1,3146.8,75,2,3146.7,135,6,3148.0,81,2,3148.2,573,6,3148.4,97,4,3148.5,80,4,3148.6,382,6
2031,2026-06-16 13:12:15+05:30,3148.0,1,3131.17,2375453,138271.0,201957.0,3163.0,3163.0,3108.0,3134.3,32020200,3447.7,2820.9,3839.9,2896.0,3147.1,28,2,3147.0,43,8,3146.9,27,1,3146.8,75,2,3146.7,135,6,3148.0,81,2,3148.2,573,6,3148.4,97,4,3148.5,80,4,3148.6,382,6
2031,2026-06-16 13:12:15+05:30,3148.0,1,3131.17,2375500,138145.0,202540.0,3163.0,3163.0,3108.0,3134.3,32020200,3447.7,2820.9,3839.9,2896.0,3147.6,2,2,3147.0,20,8,3146.9,69,3,3146.8,26,1,3146.7,127,6,3148.0,80,2,3148.2,532,5,3148.3,60,1,3148.4,65,3,3148.5,67,3
2031,2026-06-16 13:12:16+05:30,3148.0,1,3131.17,2375500,138166.0,202562.0,3163.0,3163.0,3108.0,3134.3,32020200,3447.7,2820.9,3839.9,2896.0,3147.6,2,2,3147.0,186,9,3146.9,69,3,3146.8,26,1,3146.7,127,6,3148.0,80,2,3148.2,532,5,3148.4,27,2,3148.5,30,3,3148.6,99,3
2031,2026-06-16 13:12:17+05:30,3148.0,1,3131.17,2375500,138166.0,202562.0,3163.0,3163.0,3108.0,3134.3,32020200,3447.7,2820.9,3839.9,2896.0,3147.6,2,2,3147.0,186,9,3146.9,69,3,3146.8,26,1,3146.7,127,6,3148.0,80,2,3148.2,532,5,3148.4,27,2,3148.5,30,3,3148.6,99,3
2031,2026-06-16 13:12:17+05:30,3148.0,10,3131.17,2375500,138166.0,202562.0,3163.0,3163.0,3108.0,3134.3,32020200,3447.7,2820.9,3839.9,2896.0,3147.6,2,2,3147.0,186,9,3146.9,69,3,3146.8,26,1,3146.7,127,6,3148.0,80,2,3148.2,532,5,3148.4,27,2,3148.5,30,3,3148.6,99,3
2031,2026-06-16 13:12:17+05:30,3148.0,10,3131.17,2375510,138214.0,202521.0,3163.0,3163.0,3108.0,3134.3,32020200,3447.7,2820.9,3839.9,2896.0,3147.6,2,2,3147.3,17,1,3147.1,22,1,3147.0,38,9,3146.9,129,4,3148.0,70,2,3148.2,532,5,3148.4,27,2,3148.5,30,3,3148.6,99,3
2031,2026-06-16 13:12:18+05:30,3148.0,10,3131.17,2375510,137870.0,202373.0,3163.0,3163.0,3108.0,3134.3,32020200,3447.7,2820.9,3839.9,2896.0,3147.6,2,2,3147.0,38,9,3146.9,55,2,3146.8,26,1,3146.7,78,5,3148.0,206,6,3148.2,570,6,3148.3,85,2,3148.4,134,4,3148.5,94,4
2031,2026-06-16 13:12:19+05:30,3148.0,10,3131.17,2375510,137870.0,202373.0,3163.0,3163.0,3108.0,3134.3,32020200,3447.7,2820.9,3839.9,2896.0,3147.6,2,2,3147.0,38,9,3146.9,55,2,3146.8,26,1,3146.7,78,5,3148.0,206,6,3148.2,570,6,3148.3,85,2,3148.4,134,4,3148.5,94,4
2031,2026-06-16 13:12:19+05:30,3148.0,1,3131.17,2375510,137870.0,202373.0,3163.0,3163.0,3108.0,3134.3,32020200,3447.7,2820.9,3839.9,2896.0,3147.6,2,2,3147.0,38,9,3146.9,55,2,3146.8,26,1,3146.7,78,5,3148.0,206,6,3148.2,570,6,3148.3,85,2,3148.4,134,4,3148.5,94,4
2031,2026-06-16 13:12:19+05:30,3148.0,1,3131.17,2375512,138022.0,202397.0,3163.0,3163.0,3108.0,3134.3,32020200,3447.7,2820.9,3839.9,2896.0,3147.6,2,2,3147.0,37,8,3146.9,55,2,3146.8,26,1,3146.7,110,6,3148.0,214,7,3148.2,570,6,3148.3,32,1,3148.4,134,4,3148.5,94,4
2031,2026-06-16 13:12:20+05:30,3148.0,1,3131.17,2375512,138022.0,202397.0,3163.0,3163.0,3108.0,3134.3,32020200,3447.7,2820.9,3839.9,2896.0,3147.6,2,2,3147.0,37,8,3146.9,55,2,3146.8,26,1,3146.7,110,6,3148.0,214,7,3148.2,570,6,3148.3,32,1,3148.4,134,4,3148.5,94,4
2031,2026-06-16 13:12:20+05:30,3148.0,1,3131.17,2375512,138320.0,202096.0,3163.0,3163.0,3108.0,3134.3,32020200,3447.7,2820.9,3839.9,2896.0,3147.8,2,2,3147.1,201,2,3147.0,137,10,3146.9,55,2,3146.8,54,2,3148.0,176,6,3148.2,532,5,3148.4,74,3,3148.5,24,2,3148.6,61,2
2031,2026-06-16 13:12:21+05:30,3148.0,1,3131.17,2375512,138320.0,202096.0,3163.0,3163.0,3108.0,3134.3,32020200,3447.7,2820.9,3839.9,2896.0,3147.8,2,2,3147.1,201,2,3147.0,137,10,3146.9,55,2,3146.8,54,2,3148.0,176,6,3148.2,532,5,3148.4,74,3,3148.5,24,2,3148.6,61,2
2031,2026-06-16 13:12:21+05:30,3148.0,1,3131.17,2375512,138320.0,202096.0,3163.0,3163.0,3108.0,3134.3,32020200,3447.7,2820.9,3839.9,2896.0,3147.8,2,2,3147.1,201,2,3147.0,137,10,3146.9,55,2,3146.8,54,2,3148.0,176,6,3148.2,532,5,3148.4,74,3,3148.5,24,2,3148.6,61,2
2031,2026-06-16 13:12:21+05:30,3148.0,1,3131.17,2375513,138410.0,202156.0,3163.0,3163.0,3108.0,3134.3,32020200,3447.7,2820.9,3839.9,2896.0,3147.8,2,2,3147.3,16,1,3147.1,173,1,3147.0,119,9,3146.9,55,2,3148.0,185,7,3148.2,522,4,3148.4,27,2,3148.5,24,2,3148.6,61,2
2031,2026-06-16 13:12:22+05:30,3148.0,13,3131.17,2375593,138410.0,202293.0,3163.0,3163.0,3108.0,3134.3,32020200,3447.7,2820.9,3839.9,2896.0,3147.8,2,2,3147.3,16,1,3147.1,173,1,3147.0,119,9,3146.9,55,2,3148.0,805,7,3148.2,22,3,3148.4,27,2,3148.5,24,2,3148.6,61,2
2031,2026-06-16 13:12:22+05:30,3148.0,13,3131.17,2375593,138410.0,202293.0,3163.0,3163.0,3108.0,3134.3,32020200,3447.7,2820.9,3839.9,2896.0,3147.8,2,2,3147.3,16,1,3147.1,173,1,3147.0,119,9,3146.9,55,2,3148.0,805,7,3148.2,22,3,3148.4,27,2,3148.5,24,2,3148.6,61,2
2031,2026-06-16 13:12:23+05:30,3148.0,13,3131.17,2375593,138410.0,202293.0,3163.0,3163.0,3108.0,3134.3,32020200,3447.7,2820.9,3839.9,2896.0,3147.8,2,2,3147.3,16,1,3147.1,173,1,3147.0,119,9,3146.9,55,2,3148.0,805,7,3148.2,22,3,3148.4,27,2,3148.5,24,2,3148.6,61,2
2031,2026-06-16 13:12:23+05:30,3148.0,49,3131.17,2375593,138410.0,202293.0,3163.0,3163.0,3108.0,3134.3,32020200,3447.7,2820.9,3839.9,2896.0,3147.8,2,2,3147.3,16,1,3147.1,173,1,3147.0,119,9,3146.9,55,2,3148.0,805,7,3148.2,22,3,3148.4,27,2,3148.5,24,2,3148.6,61,2
2031,2026-06-16 13:12:23+05:30,3148.0,49,3131.17,2375747,138389.0,199504.0,3163.0,3163.0,3108.0,3134.3,32020200,3447.7,2820.9,3839.9,2896.0,3147.8,2,2,3147.1,173,1,3147.0,119,9,3146.9,55,2,3146.8,26,1,3148.0,661,3,3148.2,22,3,3148.4,27,2,3148.5,24,2,3148.6,61,2
2031,2026-06-16 13:12:24+05:30,3148.0,49,3131.17,2375747,138389.0,199504.0,3163.0,3163.0,3108.0,3134.3,32020200,3447.7,2820.9,3839.9,2896.0,3147.8,2,2,3147.1,173,1,3147.0,119,9,3146.9,55,2,3146.8,26,1,3148.0,661,3,3148.2,22,3,3148.4,27,2,3148.5,24,2,3148.6,61,2
2031,2026-06-16 13:12:24+05:30,3148.0,13,3131.17,2375747,138389.0,199504.0,3163.0,3163.0,3108.0,3134.3,32020200,3447.7,2820.9,3839.9,2896.0,3147.8,2,2,3147.1,173,1,3147.0,119,9,3146.9,55,2,3146.8,26,1,3148.0,661,3,3148.2,22,3,3148.4,27,2,3148.5,24,2,3148.6,61,2
2031,2026-06-16 13:12:24+05:30,3148.0,13,3131.17,2375760,138207.0,202277.0,3163.0,3163.0,3108.0,3134.3,32020200,3447.7,2820.9,3839.9,2896.0,3147.8,2,2,3147.0,59,8,3146.9,55,2,3146.8,211,2,3146.7,170,7,3148.0,638,2,3148.2,22,3,3148.3,39,2,3148.4,69,3,3148.5,71,3
2031,2026-06-16 13:12:25+05:30,3148.0,13,3131.17,2375760,138207.0,202277.0,3163.0,3163.0,3108.0,3134.3,32020200,3447.7,2820.9,3839.9,2896.0,3147.8,2,2,3147.0,59,8,3146.9,55,2,3146.8,211,2,3146.7,170,7,3148.0,638,2,3148.2,22,3,3148.3,39,2,3148.4,69,3,3148.5,71,3
2031,2026-06-16 13:12:25+05:30,3147.9,1,3131.17,2375760,138207.0,202277.0,3163.0,3163.0,3108.0,3134.3,32020200,3447.7,2820.9,3839.9,2896.0,3147.8,2,2,3147.0,59,8,3146.9,55,2,3146.8,211,2,3146.7,170,7,3148.0,638,2,3148.2,22,3,3148.3,39,2,3148.4,69,3,3148.5,71,3
2031,2026-06-16 13:12:25+05:30,3147.9,1,3131.17,2375772,138320.0,202147.0,3163.0,3163.0,3108.0,3134.3,32020200,3447.7,2820.9,3839.9,2896.0,3147.9,2,2,3147.8,15,1,3147.0,121,8,3146.9,55,2,3146.8,26,1,3148.0,628,2,3148.2,22,3,3148.3,1,1,3148.4,87,3,3148.5,24,2
2031,2026-06-16 13:12:26+05:30,3147.9,1,3131.17,2375772,138320.0,202147.0,3163.0,3163.0,3108.0,3134.3,32020200,3447.7,2820.9,3839.9,2896.0,3147.9,2,2,3147.8,15,1,3147.0,121,8,3146.9,55,2,3146.8,26,1,3148.0,628,2,3148.2,22,3,3148.3,1,1,3148.4,87,3,3148.5,24,2
2031,2026-06-16 13:12:26+05:30,3147.9,1,3131.17,2375772,138687.0,202075.0,3163.0,3163.0,3108.0,3134.3,32020200,3447.7,2820.9,3839.9,2896.0,3147.9,2,2,3147.8,15,1,3147.6,10,1,3147.2,91,2,3147.1,277,3,3148.0,628,2,3148.2,22,3,3148.3,1,1,3148.4,27,2,3148.5,2,1
2031,2026-06-16 13:12:27+05:30,3147.9,1,3131.17,2375772,138687.0,202075.0,3163.0,3163.0,3108.0,3134.3,32020200,3447.7,2820.9,3839.9,2896.0,3147.9,2,2,3147.8,15,1,3147.6,10,1,3147.2,91,2,3147.1,277,3,3148.0,628,2,3148.2,22,3,3148.3,1,1,3148.4,27,2,3148.5,2,1
2031,2026-06-16 13:12:27+05:30,3148.0,5,3131.17,2375772,138687.0,202075.0,3163.0,3163.0,3108.0,3134.3,32020200,3447.7,2820.9,3839.9,2896.0,3147.9,2,2,3147.8,15,1,3147.6,10,1,3147.2,91,2,3147.1,277,3,3148.0,628,2,3148.2,22,3,3148.3,1,1,3148.4,27,2,3148.5,2,1
2031,2026-06-16 13:12:27+05:30,3148.0,5,3131.17,2375946,138613.0,201888.0,3163.0,3163.0,3108.0,3134.3,32020200,3447.7,2820.9,3839.9,2896.0,3147.9,2,2,3147.8,53,4,3147.6,34,2,3147.5,100,3,3147.4,6,1,3148.0,454,2,3148.2,22,3,3148.3,1,1,3148.4,27,2,3148.5,2,1
2031,2026-06-16 13:12:28+05:30,3148.0,5,3131.17,2375946,138613.0,201888.0,3163.0,3163.0,3108.0,3134.3,32020200,3447.7,2820.9,3839.9,2896.0,3147.9,2,2,3147.8,53,4,3147.6,34,2,3147.5,100,3,3147.4,6,1,3148.0,454,2,3148.2,22,3,3148.3,1,1,3148.4,27,2,3148.5,2,1
2031,2026-06-16 13:12:28+05:30,3148.0,165,3131.17,2375946,138613.0,201888.0,3163.0,3163.0,3108.0,3134.3,32020200,3447.7,2820.9,3839.9,2896.0,3147.9,2,2,3147.8,53,4,3147.6,34,2,3147.5,100,3,3147.4,6,1,3148.0,454,2,3148.2,22,3,3148.3,1,1,3148.4,27,2,3148.5,2,1
2031,2026-06-16 13:12:28+05:30,3148.0,165,3131.17,2376112,138632.0,201353.0,3163.0,3163.0,3108.0,3134.3,32020200,3447.7,2820.9,3839.9,2896.0,3147.9,2,2,3147.8,80,4,3147.6,44,3,3147.5,88,2,3147.4,34,2,3148.0,288,2,3148.2,22,3,3148.3,1,1,3148.4,27,2,3148.5,2,1
2031,2026-06-16 13:12:29+05:30,3148.0,165,3131.17,2376112,138632.0,201353.0,3163.0,3163.0,3108.0,3134.3,32020200,3447.7,2820.9,3839.9,2896.0,3147.9,2,2,3147.8,80,4,3147.6,44,3,3147.5,88,2,3147.4,34,2,3148.0,288,2,3148.2,22,3,3148.3,1,1,3148.4,27,2,3148.5,2,1
2031,2026-06-16 13:12:29+05:30,3148.3,1,3131.17,2376112,138632.0,201353.0,3163.0,3163.0,3108.0,3134.3,32020200,3447.7,2820.9,3839.9,2896.0,3147.9,2,2,3147.8,80,4,3147.6,44,3,3147.5,88,2,3147.4,34,2,3148.0,288,2,3148.2,22,3,3148.3,1,1,3148.4,27,2,3148.5,2,1
2031,2026-06-16 13:12:29+05:30,3148.3,1,3131.17,2376423,139054.0,198747.0,3163.0,3163.0,3108.0,3134.3,32020200,3447.7,2820.9,3839.9,2896.0,3148.2,8,2,3148.1,72,4,3148.0,38,4,3147.9,65,6,3147.8,99,6,3148.4,27,2,3148.5,2,1,3148.6,1,1,3148.8,100,1,3149.0,58,5
2031,2026-06-16 13:12:30+05:30,3148.3,1,3131.17,2376423,139054.0,198747.0,3163.0,3163.0,3108.0,3134.3,32020200,3447.7,2820.9,3839.9,2896.0,3148.2,8,2,3148.1,72,4,3148.0,38,4,3147.9,65,6,3147.8,99,6,3148.4,27,2,3148.5,2,1,3148.6,1,1,3148.8,100,1,3149.0,58,5
2031,2026-06-16 13:12:30+05:30,3148.4,1,3131.17,2376423,139054.0,198747.0,3163.0,3163.0,3108.0,3134.3,32020200,3447.7,2820.9,3839.9,2896.0,3148.2,8,2,3148.1,72,4,3148.0,38,4,3147.9,65,6,3147.8,99,6,3148.4,27,2,3148.5,2,1,3148.6,1,1,3148.8,100,1,3149.0,58,5
2031,2026-06-16 13:12:30+05:30,3148.4,1,3131.17,2376424,139150.0,198935.0,3163.0,3163.0,3108.0,3134.3,32020200,3447.7,2820.9,3839.9,2896.0,3148.3,4,4,3148.2,6,3,3148.1,49,2,3148.0,45,2,3147.9,90,4,3148.4,48,5,3148.5,2,1,3148.6,1,1,3148.8,100,1,3149.0,58,5
2031,2026-06-16 13:12:30+05:30,3148.4,1,3131.17,2376424,139150.0,198935.0,3163.0,3163.0,3108.0,3134.3,32026000,3447.7,2820.9,3839.9,2896.0,3148.3,4,4,3148.2,6,3,3148.1,49,2,3148.0,45,2,3147.9,90,4,3148.4,48,5,3148.5,2,1,3148.6,1,1,3148.8,100,1,3149.0,58,5
2031,2026-06-16 13:12:31+05:30,3148.4,11,3131.17,2376424,139150.0,198935.0,3163.0,3163.0,3108.0,3134.3,32026000,3447.7,2820.9,3839.9,2896.0,3148.3,4,4,3148.2,6,3,3148.1,49,2,3148.0,45,2,3147.9,90,4,3148.4,48,5,3148.5,2,1,3148.6,1,1,3148.8,100,1,3149.0,58,5
2031,2026-06-16 13:12:31+05:30,3148.4,11,3131.18,2376460,139240.0,198975.0,3163.0,3163.0,3108.0,3134.3,32026000,3447.7,2820.9,3839.9,2896.0,3148.3,19,4,3148.2,11,4,3148.1,21,1,3148.0,90,4,3147.9,102,5,3148.4,51,6,3148.5,2,1,3148.6,1,1,3148.8,100,1,3149.0,58,5
2031,2026-06-16 13:12:32+05:30,3148.4,11,3131.18,2376460,139268.0,198979.0,3163.0,3163.0,3108.0,3134.3,32026000,3447.7,2820.9,3839.9,2896.0,3148.3,19,4,3148.2,22,4,3148.1,21,1,3148.0,73,3,3147.9,90,4,3148.4,51,6,3148.5,2,1,3148.6,1,1,3148.8,100,1,3149.0,58,5
2031,2026-06-16 13:12:33+05:30,3148.4,11,3131.18,2376460,139208.0,198998.0,3163.0,3163.0,3108.0,3134.3,32026000,3447.7,2820.9,3839.9,2896.0,3148.3,19,4,3148.2,22,4,3148.1,28,2,3148.0,73,3,3147.9,102,5,3148.4,80,7,3148.5,2,1,3148.6,1,1,3148.8,100,1,3149.0,58,5
2031,2026-06-16 13:12:34+05:30,3148.5,1,3131.18,2376460,139208.0,198998.0,3163.0,3163.0,3108.0,3134.3,32026000,3447.7,2820.9,3839.9,2896.0,3148.3,19,4,3148.2,22,4,3148.1,28,2,3148.0,73,3,3147.9,102,5,3148.4,80,7,3148.5,2,1,3148.6,1,1,3148.8,100,1,3149.0,58,5
2031,2026-06-16 13:12:34+05:30,3148.5,1,3131.18,2376616,139295.0,198982.0,3163.0,3163.0,3108.0,3134.3,32026000,3447.7,2820.9,3839.9,2896.0,3148.4,1,1,3148.2,23,3,3148.1,21,1,3147.9,59,2,3147.8,66,3,3148.5,1,1,3148.6,1,1,3148.8,100,1,3149.0,108,6,3149.2,59,1
2031,2026-06-16 13:12:35+05:30,3148.1,20,3131.18,2376616,139295.0,198982.0,3163.0,3163.0,3108.0,3134.3,32026000,3447.7,2820.9,3839.9,2896.0,3148.4,1,1,3148.2,23,3,3148.1,21,1,3147.9,59,2,3147.8,66,3,3148.5,1,1,3148.6,1,1,3148.8,100,1,3149.0,108,6,3149.2,59,1
2031,2026-06-16 13:12:35+05:30,3148.5,1,3131.18,2376757,139154.0,199565.0,3163.0,3163.0,3108.0,3134.3,32026000,3447.7,2820.9,3839.9,2896.0,3148.2,2,1,3148.1,1,1,3148.0,15,1,3147.9,61,3,3147.8,37,2,3148.5,12,2,3148.6,1,1,3148.8,100,1,3149.0,108,6,3149.1,67,2
2031,2026-06-16 13:12:36+05:30,3148.2,34,3131.18,2376757,139154.0,199565.0,3163.0,3163.0,3108.0,3134.3,32026000,3447.7,2820.9,3839.9,2896.0,3148.2,2,1,3148.1,1,1,3148.0,15,1,3147.9,61,3,3147.8,37,2,3148.5,12,2,3148.6,1,1,3148.8,100,1,3149.0,108,6,3149.1,67,2
2031,2026-06-16 13:12:36+05:30,3148.2,34,3131.18,2376944,138450.0,199250.0,3163.0,3163.0,3108.0,3134.3,32026000,3447.7,2820.9,3839.9,2896.0,3148.1,1,1,3147.9,59,2,3147.8,5,1,3147.7,19,2,3147.6,39,2,3148.2,13,1,3148.5,12,2,3148.6,1,1,3148.8,100,1,3149.0,168,7
2031,2026-06-16 13:12:37+05:30,3148.0,1,3131.18,2376944,138450.0,199250.0,3163.0,3163.0,3108.0,3134.3,32026000,3447.7,2820.9,3839.9,2896.0,3148.1,1,1,3147.9,59,2,3147.8,5,1,3147.7,19,2,3147.6,39,2,3148.2,13,1,3148.5,12,2,3148.6,1,1,3148.8,100,1,3149.0,168,7
2031,2026-06-16 13:12:37+05:30,3148.0,1,3131.18,2376959,138792.0,199400.0,3163.0,3163.0,3108.0,3134.3,32026000,3447.7,2820.9,3839.9,2896.0,3147.9,120,5,3147.8,5,1,3147.7,86,6,3147.6,38,2,3147.5,85,3,3148.5,12,2,3148.6,1,1,3148.8,100,1,3149.0,108,6,3149.2,79,2
2031,2026-06-16 13:12:38+05:30,3148.0,1,3131.18,2376959,138914.0,199464.0,3163.0,3163.0,3108.0,3134.3,32026000,3447.7,2820.9,3839.9,2896.0,3148.2,2,1,3147.9,112,4,3147.8,5,1,3147.7,81,5,3147.6,38,2,3148.5,12,2,3148.6,1,1,3148.8,100,1,3149.0,108,6,3149.2,59,1
2031,2026-06-16 13:12:39+05:30,3148.0,1,3131.18,2376959,139345.0,198554.0,3163.0,3163.0,3108.0,3134.3,32026000,3447.7,2820.9,3839.9,2896.0,3148.3,2,1,3148.2,37,1,3148.1,6,1,3148.0,28,1,3147.9,112,4,3148.5,2,1,3148.6,1,1,3148.8,100,1,3149.0,108,6,3149.2,59,1
2031,2026-06-16 13:12:40+05:30,3148.5,4,3131.18,2376959,139345.0,198554.0,3163.0,3163.0,3108.0,3134.3,32026000,3447.7,2820.9,3839.9,2896.0,3148.3,2,1,3148.2,37,1,3148.1,6,1,3148.0,28,1,3147.9,112,4,3148.5,2,1,3148.6,1,1,3148.8,100,1,3149.0,108,6,3149.2,59,1
2031,2026-06-16 13:12:40+05:30,3148.5,4,3131.18,2376965,139278.0,198544.0,3163.0,3163.0,3108.0,3134.3,32026000,3447.7,2820.9,3839.9,2896.0,3148.3,2,1,3148.2,37,1,3148.1,44,3,3148.0,24,2,3147.9,112,4,3148.5,12,2,3148.6,1,1,3148.8,100,1,3149.0,108,6,3149.2,59,1
2031,2026-06-16 13:12:41+05:30,3148.5,1,3131.18,2376967,139364.0,198700.0,3163.0,3163.0,3108.0,3134.3,32026000,3447.7,2820.9,3839.9,2896.0,3148.4,8,1,3148.3,76,4,3148.2,97,2,3148.1,6,1,3148.0,51,3,3148.6,1,1,3148.8,100,1,3149.0,108,6,3149.2,59,1,3149.3,5,1
2031,2026-06-16 13:12:41+05:30,3148.5,1,3131.18,2376967,139364.0,198700.0,3163.0,3163.0,3108.0,3134.3,32026000,3447.7,2820.9,3839.9,2896.0,3148.4,8,1,3148.3,76,4,3148.2,97,2,3148.1,6,1,3148.0,51,3,3148.6,1,1,3148.8,100,1,3149.0,108,6,3149.2,59,1,3149.3,5,1
2031,2026-06-16 13:12:42+05:30,3148.5,1,3131.18,2376967,139533.0,198674.0,3163.0,3163.0,3108.0,3134.3,32026000,3447.7,2820.9,3839.9,2896.0,3148.4,8,1,3148.3,76,4,3148.2,112,3,3148.1,6,1,3148.0,51,3,3148.6,1,1,3148.8,100,1,3149.0,98,5,3149.2,59,1,3149.3,5,1
2031,2026-06-16 13:12:43+05:30,3148.5,1,3131.18,2376967,139488.0,198824.0,3163.0,3163.0,3108.0,3134.3,32026000,3447.7,2820.9,3839.9,2896.0,3148.4,8,1,3148.3,69,3,3148.2,52,2,3148.1,6,1,3148.0,51,3,3148.6,27,2,3148.8,100,1,3149.0,98,5,3149.2,59,1,3149.3,5,1
2031,2026-06-16 13:12:44+05:30,3148.5,1,3131.18,2376967,139554.0,199101.0,3163.0,3163.0,3108.0,3134.3,32026000,3447.7,2820.9,3839.9,2896.0,3148.4,48,2,3148.3,42,2,3148.2,52,2,3148.1,9,1,3148.0,12,1,3148.5,5,1,3148.6,27,2,3148.8,100,1,3149.0,98,5,3149.2,59,1
2031,2026-06-16 13:12:45+05:30,3148.4,1,3131.18,2376967,139554.0,199101.0,3163.0,3163.0,3108.0,3134.3,32026000,3447.7,2820.9,3839.9,2896.0,3148.4,48,2,3148.3,42,2,3148.2,52,2,3148.1,9,1,3148.0,12,1,3148.5,5,1,3148.6,27,2,3148.8,100,1,3149.0,98,5,3149.2,59,1
2031,2026-06-16 13:12:45+05:30,3148.5,3,3131.18,2376981,139507.0,199060.0,3163.0,3163.0,3108.0,3134.3,32026000,3447.7,2820.9,3839.9,2896.0,3148.4,45,4,3148.3,40,1,3148.2,59,3,3148.0,52,3,3147.9,144,6,3148.5,23,1,3148.6,1,1,3148.8,100,1,3149.0,98,5,3149.2,59,1
2031,2026-06-16 13:12:46+05:30,3148.2,48,3131.18,2377182,139314.0,198997.0,3163.0,3163.0,3108.0,3134.3,32026000,3447.7,2820.9,3839.9,2896.0,3148.2,15,1,3148.1,23,2,3148.0,4,1,3147.9,59,3,3147.8,54,4,3148.5,22,1,3148.6,1,1,3148.8,100,1,3149.0,98,5,3149.2,59,1
2031,2026-06-16 13:12:46+05:30,3148.2,48,3131.18,2377182,139314.0,198997.0,3163.0,3163.0,3108.0,3134.3,32026000,3447.7,2820.9,3839.9,2896.0,3148.2,15,1,3148.1,23,2,3148.0,4,1,3147.9,59,3,3147.8,54,4,3148.5,22,1,3148.6,1,1,3148.8,100,1,3149.0,98,5,3149.2,59,1
2031,2026-06-16 13:12:47+05:30,3148.5,1,3131.18,2377184,139427.0,199085.0,3163.0,3163.0,3108.0,3134.3,32026000,3447.7,2820.9,3839.9,2896.0,3148.2,15,1,3148.1,71,5,3148.0,12,1,3147.9,59,3,3147.8,112,5,3148.5,20,1,3148.6,1,1,3148.8,100,1,3149.0,98,5,3149.2,59,1
2031,2026-06-16 13:12:47+05:30,3148.5,1,3131.18,2377184,139427.0,199085.0,3163.0,3163.0,3108.0,3134.3,32026000,3447.7,2820.9,3839.9,2896.0,3148.2,15,1,3148.1,71,5,3148.0,12,1,3147.9,59,3,3147.8,112,5,3148.5,20,1,3148.6,1,1,3148.8,100,1,3149.0,98,5,3149.2,59,1
2031,2026-06-16 13:12:48+05:30,3148.5,1,3131.18,2377184,139139.0,199315.0,3163.0,3163.0,3108.0,3134.3,32026000,3447.7,2820.9,3839.9,2896.0,3148.2,32,2,3148.1,26,2,3147.9,57,3,3147.8,83,3,3147.7,35,3,3148.4,1,1,3148.5,37,2,3148.6,1,1,3148.8,100,1,3149.0,136,6
2031,2026-06-16 13:12:49+05:30,3148.5,1,3131.18,2377184,139501.0,199030.0,3163.0,3163.0,3108.0,3134.3,32026000,3447.7,2820.9,3839.9,2896.0,3148.2,32,2,3148.1,33,3,3148.0,68,3,3147.9,72,3,3147.8,88,4,3148.4,1,1,3148.5,37,2,3148.6,1,1,3148.8,100,1,3149.0,98,5
2031,2026-06-16 13:12:50+05:30,3148.2,1,3131.18,2377253,139856.0,199241.0,3163.0,3163.0,3108.0,3134.3,32026000,3447.7,2820.9,3839.9,2896.0,3148.2,50,5,3148.1,27,2,3148.0,165,4,3147.9,48,2,3147.8,96,5,3148.6,1,1,3148.8,100,1,3149.0,98,5,3149.2,59,1,3149.3,5,1
2031,2026-06-16 13:12:50+05:30,3148.2,1,3131.18,2377253,139856.0,199241.0,3163.0,3163.0,3108.0,3134.3,32026000,3447.7,2820.9,3839.9,2896.0,3148.2,50,5,3148.1,27,2,3148.0,165,4,3147.9,48,2,3147.8,96,5,3148.6,1,1,3148.8,100,1,3149.0,98,5,3149.2,59,1,3149.3,5,1
2031,2026-06-16 13:12:51+05:30,3148.2,1,3131.18,2377253,139293.0,199456.0,3163.0,3163.0,3108.0,3134.3,32026000,3447.7,2820.9,3839.9,2896.0,3148.2,17,2,3148.0,77,2,3147.9,48,2,3147.8,90,3,3147.7,24,3,3148.4,1,1,3148.6,1,1,3148.8,100,1,3149.0,136,6,3149.2,97,2
2031,2026-06-16 13:12:51+05:30,3148.4,1,3131.18,2377253,139293.0,199456.0,3163.0,3163.0,3108.0,3134.3,32026000,3447.7,2820.9,3839.9,2896.0,3148.2,17,2,3148.0,77,2,3147.9,48,2,3147.8,90,3,3147.7,24,3,3148.4,1,1,3148.6,1,1,3148.8,100,1,3149.0,136,6,3149.2,97,2
2031,2026-06-16 13:12:52+05:30,3148.4,1,3131.18,2377254,139497.0,199605.0,3163.0,3163.0,3108.0,3134.3,32026000,3447.7,2820.9,3839.9,2896.0,3148.2,17,2,3148.0,77,2,3147.9,48,2,3147.8,90,3,3147.7,24,3,3148.6,1,1,3148.8,100,1,3149.0,136,6,3149.2,97,2,3149.3,5,1
2031,2026-06-16 13:12:53+05:30,3148.0,42,3131.18,2377454,139065.0,199024.0,3163.0,3163.0,3108.0,3134.3,32026000,3447.7,2820.9,3839.9,2896.0,3148.0,23,2,3147.9,56,3,3147.8,5,1,3147.7,45,2,3147.6,43,4,3148.6,1,1,3148.8,100,1,3149.0,98,5,3149.2,161,3,3149.3,5,1
2031,2026-06-16 13:12:53+05:30,3148.0,42,3131.18,2377454,139065.0,199024.0,3163.0,3163.0,3108.0,3134.3,32026000,3447.7,2820.9,3839.9,2896.0,3148.0,23,2,3147.9,56,3,3147.8,5,1,3147.7,45,2,3147.6,43,4,3148.6,1,1,3148.8,100,1,3149.0,98,5,3149.2,161,3,3149.3,5,1
2031,2026-06-16 13:12:54+05:30,3148.6,1,3131.18,2377455,139378.0,198887.0,3163.0,3163.0,3108.0,3134.3,32026000,3447.7,2820.9,3839.9,2896.0,3148.0,41,4,3147.9,48,2,3147.8,27,1,3147.7,28,1,3147.6,16,3,3148.6,1,1,3148.8,100,1,3149.0,98,5,3149.2,97,2,3149.3,65,2
2031,2026-06-16 13:12:54+05:30,3148.6,1,3131.18,2377455,139378.0,198887.0,3163.0,3163.0,3108.0,3134.3,32026000,3447.7,2820.9,3839.9,2896.0,3148.0,41,4,3147.9,48,2,3147.8,27,1,3147.7,28,1,3147.6,16,3,3148.6,1,1,3148.8,100,1,3149.0,98,5,3149.2,97,2,3149.3,65,2
2031,2026-06-16 13:12:55+05:30,3148.6,1,3131.18,2377455,139345.0,199267.0,3163.0,3163.0,3108.0,3134.3,32026000,3447.7,2820.9,3839.9,2896.0,3148.1,13,1,3148.0,55,5,3147.9,88,4,3147.8,27,1,3147.6,39,4,3148.6,2,2,3148.8,100,1,3149.0,98,5,3149.2,97,2,3149.3,65,2
2031,2026-06-16 13:12:56+05:30,3148.1,3,3131.18,2377458,139393.0,199310.0,3163.0,3163.0,3108.0,3134.3,32026000,3447.7,2820.9,3839.9,2896.0,3148.0,55,5,3147.9,64,3,3147.8,86,3,3147.7,26,1,3147.6,34,3,3148.6,10,3,3148.8,100,1,3149.0,98,5,3149.2,97,2,3149.3,93,3
2031,2026-06-16 13:12:56+05:30,3148.1,3,3131.18,2377458,139393.0,199310.0,3163.0,3163.0,3108.0,3134.3,32026000,3447.7,2820.9,3839.9,2896.0,3148.0,55,5,3147.9,64,3,3147.8,86,3,3147.7,26,1,3147.6,34,3,3148.6,10,3,3148.8,100,1,3149.0,98,5,3149.2,97,2,3149.3,93,3
2031,2026-06-16 13:12:57+05:30,3148.6,1,3131.18,2377459,139698.0,199645.0,3163.0,3163.0,3108.0,3134.3,32026000,3447.7,2820.9,3839.9,2896.0,3148.0,361,6,3147.9,48,2,3147.8,78,3,3147.7,47,2,3147.6,11,2,3148.6,15,4,3148.8,100,1,3148.9,38,1,3149.0,98,5,3149.2,97,2
2031,2026-06-16 13:12:57+05:30,3148.6,1,3131.18,2377459,139698.0,199645.0,3163.0,3163.0,3108.0,3134.3,32026000,3447.7,2820.9,3839.9,2896.0,3148.0,361,6,3147.9,48,2,3147.8,78,3,3147.7,47,2,3147.6,11,2,3148.6,15,4,3148.8,100,1,3148.9,38,1,3149.0,98,5,3149.2,97,2
2031,2026-06-16 13:12:58+05:30,3148.6,1,3131.18,2377460,139829.0,199862.0,3163.0,3163.0,3108.0,3134.3,32026000,3447.7,2820.9,3839.9,2896.0,3148.2,17,1,3148.0,344,5,3147.9,48,2,3147.8,73,2,3147.7,47,2,3148.6,16,4,3148.8,100,1,3148.9,38,1,3149.0,98,5,3149.2,97,2
2031,2026-06-16 13:12:58+05:30,3148.6,1,3131.18,2377460,139829.0,199862.0,3163.0,3163.0,3108.0,3134.3,32026000,3447.7,2820.9,3839.9,2896.0,3148.2,17,1,3148.0,344,5,3147.9,48,2,3147.8,73,2,3147.7,47,2,3148.6,16,4,3148.8,100,1,3148.9,38,1,3149.0,98,5,3149.2,97,2
2031,2026-06-16 13:12:59+05:30,3148.6,1,3131.18,2377461,139812.0,200204.0,3163.0,3163.0,3108.0,3134.3,32026000,3447.7,2820.9,3839.9,2896.0,3148.2,17,1,3148.0,343,4,3147.9,48,2,3147.8,54,1,3147.7,26,1,3148.6,41,5,3148.8,100,1,3148.9,38,1,3149.0,98,5,3149.2,97,2
2031,2026-06-16 13:12:59+05:30,3148.6,1,3131.18,2377461,139812.0,200204.0,3163.0,3163.0,3108.0,3134.3,32026000,3447.7,2820.9,3839.9,2896.0,3148.2,17,1,3148.0,343,4,3147.9,48,2,3147.8,54,1,3147.7,26,1,3148.6,41,5,3148.8,100,1,3148.9,38,1,3149.0,98,5,3149.2,97,2
2031,2026-06-16 13:13:00+05:30,3148.6,1,3131.18,2377462,139810.0,199729.0,3163.0,3163.0,3108.0,3134.3,32026000,3447.7,2820.9,3839.9,2896.0,3148.4,2,2,3148.2,23,3,3148.0,358,5,3147.9,48,2,3147.8,54,1,3148.6,51,7,3148.8,100,1,3149.0,98,5,3149.1,43,1,3149.2,187,5
2031,2026-06-16 13:13:00+05:30,3148.6,1,3131.18,2377462,139810.0,199729.0,3163.0,3163.0,3108.0,3134.3,32026000,3447.7,2820.9,3839.9,2896.0,3148.4,2,2,3148.2,23,3,3148.0,358,5,3147.9,48,2,3147.8,54,1,3148.6,51,7,3148.8,100,1,3149.0,98,5,3149.1,43,1,3149.2,187,5
2031,2026-06-16 13:13:01+05:30,3148.2,12,3131.18,2377662,139672.0,199871.0,3163.0,3163.0,3108.0,3134.3,32026000,3447.7,2820.9,3839.9,2896.0,3148.2,10,2,3148.0,343,4,3147.9,48,2,3147.8,21,2,3147.7,79,2,3148.6,51,7,3148.8,100,1,3149.0,108,6,3149.1,43,1,3149.2,187,5
2031,2026-06-16 13:13:01+05:30,3148.2,12,3131.18,2377662,139672.0,199871.0,3163.0,3163.0,3108.0,3134.3,32026000,3447.7,2820.9,3839.9,2896.0,3148.2,10,2,3148.0,343,4,3147.9,48,2,3147.8,21,2,3147.7,79,2,3148.6,51,7,3148.8,100,1,3149.0,108,6,3149.1,43,1,3149.2,187,5
2031,2026-06-16 13:13:02+05:30,3148.1,92,3131.18,2377763,139724.0,199516.0,3163.0,3163.0,3108.0,3134.3,32026000,3447.7,2820.9,3839.9,2896.0,3148.1,36,3,3148.0,407,9,3147.9,69,4,3147.8,86,4,3147.7,21,1,3148.6,105,9,3148.8,100,1,3149.0,108,6,3149.2,97,2,3149.3,65,2
2031,2026-06-16 13:13:02+05:30,3148.1,92,3131.18,2377763,139724.0,199516.0,3163.0,3163.0,3108.0,3134.3,32026000,3447.7,2820.9,3839.9,2896.0,3148.1,36,3,3148.0,407,9,3147.9,69,4,3147.8,86,4,3147.7,21,1,3148.6,105,9,3148.8,100,1,3149.0,108,6,3149.2,97,2,3149.3,65,2
2031,2026-06-16 13:13:03+05:30,3148.1,92,3131.18,2377763,139874.0,199644.0,3163.0,3163.0,3108.0,3134.3,32026000,3447.7,2820.9,3839.9,2896.0,3148.2,49,4,3148.1,33,3,3148.0,390,8,3147.9,81,3,3147.8,83,5,3148.6,105,9,3148.8,100,1,3149.0,108,6,3149.2,97,2,3149.3,65,2
2031,2026-06-16 13:13:03+05:30,3148.2,2,3131.18,2377763,139874.0,199644.0,3163.0,3163.0,3108.0,3134.3,32026000,3447.7,2820.9,3839.9,2896.0,3148.2,49,4,3148.1,33,3,3148.0,390,8,3147.9,81,3,3147.8,83,5,3148.6,105,9,3148.8,100,1,3149.0,108,6,3149.2,97,2,3149.3,65,2
2031,2026-06-16 13:13:04+05:30,3148.2,2,3131.18,2377768,139889.0,199948.0,3163.0,3163.0,3108.0,3134.3,32026000,3447.7,2820.9,3839.9,2896.0,3148.2,47,4,3148.1,33,3,3148.0,390,8,3147.9,81,3,3147.8,64,4,3148.6,105,9,3148.8,100,1,3149.0,108,6,3149.2,97,2,3149.3,65,2
2031,2026-06-16 13:13:04+05:30,3148.6,6,3131.18,2377768,139889.0,199948.0,3163.0,3163.0,3108.0,3134.3,32026000,3447.7,2820.9,3839.9,2896.0,3148.2,47,4,3148.1,33,3,3148.0,390,8,3147.9,81,3,3147.8,64,4,3148.6,105,9,3148.8,100,1,3149.0,108,6,3149.2,97,2,3149.3,65,2
2031,2026-06-16 13:13:05+05:30,3148.2,3,3131.18,2377783,139859.0,199706.0,3163.0,3163.0,3108.0,3134.3,32026000,3447.7,2820.9,3839.9,2896.0,3148.2,44,4,3148.1,33,3,3148.0,431,10,3147.9,78,3,3147.8,83,5,3148.6,93,6,3148.8,100,1,3149.0,108,6,3149.2,97,2,3149.3,5,1
2031,2026-06-16 13:13:05+05:30,3148.2,3,3131.18,2377783,139859.0,199706.0,3163.0,3163.0,3108.0,3134.3,32026000,3447.7,2820.9,3839.9,2896.0,3148.2,44,4,3148.1,33,3,3148.0,431,10,3147.9,78,3,3147.8,83,5,3148.6,93,6,3148.8,100,1,3149.0,108,6,3149.2,97,2,3149.3,5,1
2031,2026-06-16 13:13:06+05:30,3148.6,67,3131.19,2377957,140845.0,200041.0,3163.0,3163.0,3108.0,3134.3,32026000,3447.7,2820.9,3839.9,2896.0,3148.5,42,3,3148.2,41,4,3148.1,33,3,3148.0,371,6,3147.9,62,2,3148.6,463,2,3148.8,100,1,3149.0,108,6,3149.2,59,1,3149.3,5,1
2031,2026-06-16 13:13:06+05:30,3148.6,67,3131.19,2377957,140845.0,200041.0,3163.0,3163.0,3108.0,3134.3,32026000,3447.7,2820.9,3839.9,2896.0,3148.5,42,3,3148.2,41,4,3148.1,33,3,3148.0,371,6,3147.9,62,2,3148.6,463,2,3148.8,100,1,3149.0,108,6,3149.2,59,1,3149.3,5,1
2031,2026-06-16 13:13:07+05:30,3148.6,1,3131.19,2377958,140078.0,200564.0,3163.0,3163.0,3108.0,3134.3,32026000,3447.7,2820.9,3839.9,2896.0,3148.5,42,3,3148.2,41,4,3148.1,33,3,3148.0,371,6,3147.9,24,1,3148.6,462,2,3148.8,100,1,3149.0,108,6,3149.2,59,1,3149.3,5,1
2031,2026-06-16 13:13:07+05:30,3148.6,1,3131.19,2377958,140078.0,200564.0,3163.0,3163.0,3108.0,3134.3,32026000,3447.7,2820.9,3839.9,2896.0,3148.5,42,3,3148.2,41,4,3148.1,33,3,3148.0,371,6,3147.9,24,1,3148.6,462,2,3148.8,100,1,3149.0,108,6,3149.2,59,1,3149.3,5,1
2031,2026-06-16 13:13:08+05:30,3148.6,1,3131.19,2377959,140130.0,200404.0,3163.0,3163.0,3108.0,3134.3,32026000,3447.7,2820.9,3839.9,2896.0,3148.5,62,5,3148.2,22,2,3148.1,33,3,3148.0,371,6,3147.9,24,1,3148.6,536,3,3148.8,100,1,3149.0,108,6,3149.1,38,1,3149.2,59,1
2031,2026-06-16 13:13:09+05:30,3148.3,151,3131.19,2378221,139789.0,200502.0,3163.0,3163.0,3108.0,3134.3,32026000,3447.7,2820.9,3839.9,2896.0,3148.1,10,1,3148.0,343,4,3147.6,10,1,3147.5,118,5,3147.4,85,2,3148.3,36,1,3148.6,600,5,3148.7,42,1,3148.8,138,2,3148.9,51,1
2031,2026-06-16 13:13:09+05:30,3148.3,21,3131.19,2378221,139789.0,200502.0,3163.0,3163.0,3108.0,3134.3,32026000,3447.7,2820.9,3839.9,2896.0,3148.1,10,1,3148.0,343,4,3147.6,10,1,3147.5,118,5,3147.4,85,2,3148.3,36,1,3148.6,600,5,3148.7,42,1,3148.8,138,2,3148.9,51,1
2031,2026-06-16 13:13:10+05:30,3148.6,3,3131.19,2378260,140216.0,200426.0,3163.0,3163.0,3108.0,3134.3,32026000,3447.7,2820.9,3839.9,2896.0,3148.0,343,4,3147.9,10,1,3147.7,21,1,3147.6,10,1,3147.5,176,6,3148.3,23,1,3148.5,10,1,3148.6,559,4,3148.7,38,1,3148.8,100,1
2031,2026-06-16 13:13:10+05:30,3148.6,3,3131.19,2378260,140216.0,200426.0,3163.0,3163.0,3108.0,3134.3,32026000,3447.7,2820.9,3839.9,2896.0,3148.0,343,4,3147.9,10,1,3147.7,21,1,3147.6,10,1,3147.5,176,6,3148.3,23,1,3148.5,10,1,3148.6,559,4,3148.7,38,1,3148.8,100,1
2031,2026-06-16 13:13:11+05:30,3148.6,3,3131.19,2378260,140216.0,200426.0,3163.0,3163.0,3108.0,3134.3,32026000,3447.7,2820.9,3839.9,2896.0,3148.0,343,4,3147.9,10,1,3147.7,21,1,3147.6,10,1,3147.5,176,6,3148.3,23,1,3148.5,10,1,3148.6,559,4,3148.7,38,1,3148.8,100,1
2031,2026-06-16 13:13:11+05:30,3148.3,11,3131.19,2378271,137969.0,195194.0,3163.0,3163.0,3108.0,3134.3,32026000,3447.7,2820.9,3839.9,2896.0,3148.0,379,5,3147.9,10,1,3147.7,21,1,3147.6,10,1,3147.5,176,6,3148.3,13,2,3148.5,10,1,3148.6,609,5,3148.7,38,1,3148.8,100,1
2031,2026-06-16 13:13:11+05:30,3148.3,14,3131.19,2378271,137969.0,195194.0,3163.0,3163.0,3108.0,3134.3,32026000,3447.7,2820.9,3839.9,2896.0,3148.0,379,5,3147.9,10,1,3147.7,21,1,3147.6,10,1,3147.5,176,6,3148.3,13,2,3148.5,10,1,3148.6,609,5,3148.7,38,1,3148.8,100,1
2031,2026-06-16 13:13:12+05:30,3148.3,14,3131.19,2378299,135647.0,195275.0,3163.0,3163.0,3108.0,3134.3,32026000,3447.7,2820.9,3839.9,2896.0,3148.0,379,5,3147.9,10,1,3147.7,21,1,3147.6,10,1,3147.5,202,7,3148.3,27,2,3148.5,10,1,3148.6,583,4,3148.7,38,1,3148.8,100,1
2031,2026-06-16 13:13:13+05:30,3148.3,14,3131.19,2378299,135647.0,195275.0,3163.0,3163.0,3108.0,3134.3,32026000,3447.7,2820.9,3839.9,2896.0,3148.0,379,5,3147.9,10,1,3147.7,21,1,3147.6,10,1,3147.5,202,7,3148.3,27,2,3148.5,10,1,3148.6,583,4,3148.7,38,1,3148.8,100,1
2031,2026-06-16 13:13:13+05:30,3148.3,1,3131.19,2378300,135664.0,194955.0,3163.0,3163.0,3108.0,3134.3,32026000,3447.7,2820.9,3839.9,2896.0,3148.0,396,6,3147.9,10,1,3147.7,21,1,3147.6,10,1,3147.5,202,7,3148.3,28,3,3148.5,10,1,3148.6,583,4,3148.7,38,1,3148.8,100,1
2031,2026-06-16 13:13:13+05:30,3148.3,1,3131.19,2378300,135664.0,194955.0,3163.0,3163.0,3108.0,3134.3,32026000,3447.7,2820.9,3839.9,2896.0,3148.0,396,6,3147.9,10,1,3147.7,21,1,3147.6,10,1,3147.5,202,7,3148.3,28,3,3148.5,10,1,3148.6,583,4,3148.7,38,1,3148.8,100,1
2031,2026-06-16 13:13:14+05:30,3148.3,2,3131.19,2378303,135499.0,193857.0,3163.0,3163.0,3108.0,3134.3,32026000,3447.7,2820.9,3839.9,2896.0,3148.0,404,7,3147.9,10,1,3147.6,10,1,3147.5,202,7,3147.4,115,4,3148.3,25,3,3148.5,10,1,3148.6,583,4,3148.8,100,1,3149.0,146,7
2031,2026-06-16 13:13:14+05:30,3148.0,1,3131.19,2378303,135499.0,193857.0,3163.0,3163.0,3108.0,3134.3,32026000,3447.7,2820.9,3839.9,2896.0,3148.0,404,7,3147.9,10,1,3147.6,10,1,3147.5,202,7,3147.4,115,4,3148.3,25,3,3148.5,10,1,3148.6,583,4,3148.8,100,1,3149.0,146,7
2031,2026-06-16 13:13:15+05:30,3148.0,1,3131.19,2378303,135499.0,193857.0,3163.0,3163.0,3108.0,3134.3,32026000,3447.7,2820.9,3839.9,2896.0,3148.0,404,7,3147.9,10,1,3147.6,10,1,3147.5,202,7,3147.4,115,4,3148.3,25,3,3148.5,10,1,3148.6,583,4,3148.8,100,1,3149.0,146,7
2031,2026-06-16 13:13:15+05:30,3148.0,1,3131.19,2378304,135121.0,196381.0,3163.0,3163.0,3108.0,3134.3,32026000,3447.7,2820.9,3839.9,2896.0,3148.2,2,2,3148.0,404,8,3147.9,10,1,3147.5,56,1,3147.4,57,1,3148.3,62,3,3148.4,83,3,3148.5,33,2,3148.6,664,7,3148.7,36,1
2031,2026-06-16 13:13:16+05:30,3146.9,44,3131.2,2379356,130006.0,199437.0,3163.0,3163.0,3108.0,3134.3,32026000,3447.7,2820.9,3839.9,2896.0,3146.7,1,1,3146.5,16,2,3146.2,17,1,3146.1,19,1,3146.0,115,2,3146.9,200,1,3147.0,49,3,3147.1,54,2,3147.2,15,1,3147.3,97,4
2031,2026-06-16 13:13:16+05:30,3146.9,1,3131.2,2379356,130006.0,199437.0,3163.0,3163.0,3108.0,3134.3,32026000,3447.7,2820.9,3839.9,2896.0,3146.7,1,1,3146.5,16,2,3146.2,17,1,3146.1,19,1,3146.0,115,2,3146.9,200,1,3147.0,49,3,3147.1,54,2,3147.2,15,1,3147.3,97,4
2031,2026-06-16 13:13:17+05:30,3146.9,1,3131.2,2379356,130006.0,199437.0,3163.0,3163.0,3108.0,3134.3,32026000,3447.7,2820.9,3839.9,2896.0,3146.7,1,1,3146.5,16,2,3146.2,17,1,3146.1,19,1,3146.0,115,2,3146.9,200,1,3147.0,49,3,3147.1,54,2,3147.2,15,1,3147.3,97,4
2031,2026-06-16 13:13:17+05:30,3147.0,10,3131.2,2379748,131544.0,199325.0,3163.0,3163.0,3108.0,3134.3,32026000,3447.7,2820.9,3839.9,2896.0,3147.0,14,2,3146.9,55,3,3146.7,40,1,3146.6,44,4,3146.5,112,6,3147.6,200,1,3147.7,200,1,3148.0,600,3,3148.1,58,1,3148.2,58,2
2031,2026-06-16 13:13:17+05:30,3147.0,10,3131.2,2379748,131544.0,199325.0,3163.0,3163.0,3108.0,3134.3,32026000,3447.7,2820.9,3839.9,2896.0,3147.0,14,2,3146.9,55,3,3146.7,40,1,3146.6,44,4,3146.5,112,6,3147.6,200,1,3147.7,200,1,3148.0,600,3,3148.1,58,1,3148.2,58,2
2031,2026-06-16 13:13:18+05:30,3146.9,4,3131.2,2380148,131431.0,198828.0,3163.0,3163.0,3108.0,3134.3,32026000,3447.7,2820.9,3839.9,2896.0,3147.0,13,1,3146.9,9,1,3146.8,27,1,3146.7,47,3,3146.6,23,3,3147.6,66,1,3147.7,200,1,3148.0,400,2,3148.1,58,1,3148.3,38,1
2031,2026-06-16 13:13:18+05:30,3146.9,4,3131.2,2380148,131431.0,198828.0,3163.0,3163.0,3108.0,3134.3,32026000,3447.7,2820.9,3839.9,2896.0,3147.0,13,1,3146.9,9,1,3146.8,27,1,3146.7,47,3,3146.6,23,3,3147.6,66,1,3147.7,200,1,3148.0,400,2,3148.1,58,1,3148.3,38,1
2031,2026-06-16 13:13:19+05:30,3146.9,4,3131.2,2380148,131431.0,198828.0,3163.0,3163.0,3108.0,3134.3,32026000,3447.7,2820.9,3839.9,2896.0,3147.0,13,1,3146.9,9,1,3146.8,27,1,3146.7,47,3,3146.6,23,3,3147.6,66,1,3147.7,200,1,3148.0,400,2,3148.1,58,1,3148.3,38,1
2031,2026-06-16 13:13:19+05:30,3147.7,19,3131.2,2380233,132660.0,198651.0,3163.0,3163.0,3108.0,3134.3,32026000,3447.7,2820.9,3839.9,2896.0,3147.1,42,3,3147.0,46,4,3146.9,9,1,3146.8,44,2,3146.7,27,1,3147.7,181,1,3148.0,450,3,3148.3,38,1,3148.4,77,2,3148.5,36,4
2031,2026-06-16 13:13:19+05:30,3147.7,19,3131.2,2380233,132660.0,198651.0,3163.0,3163.0,3108.0,3134.3,32026000,3447.7,2820.9,3839.9,2896.0,3147.1,42,3,3147.0,46,4,3146.9,9,1,3146.8,44,2,3146.7,27,1,3147.7,181,1,3148.0,450,3,3148.3,38,1,3148.4,77,2,3148.5,36,4
2031,2026-06-16 13:13:20+05:30,3147.0,4,3131.2,2380233,132660.0,198651.0,3163.0,3163.0,3108.0,3134.3,32026000,3447.7,2820.9,3839.9,2896.0,3147.1,42,3,3147.0,46,4,3146.9,9,1,3146.8,44,2,3146.7,27,1,3147.7,181,1,3148.0,450,3,3148.3,38,1,3148.4,77,2,3148.5,36,4
2031,2026-06-16 13:13:20+05:30,3147.0,4,3131.2,2380529,131660.0,198995.0,3163.0,3163.0,3108.0,3134.3,32026000,3447.7,2820.9,3839.9,2896.0,3147.0,115,3,3146.9,36,2,3146.7,23,1,3146.6,33,5,3146.5,86,4,3147.7,145,1,3148.0,450,3,3148.3,38,1,3148.4,56,1,3148.5,36,4
2031,2026-06-16 13:13:21+05:30,3147.0,4,3131.2,2380529,131660.0,198995.0,3163.0,3163.0,3108.0,3134.3,32026000,3447.7,2820.9,3839.9,2896.0,3147.0,115,3,3146.9,36,2,3146.7,23,1,3146.6,33,5,3146.5,86,4,3147.7,145,1,3148.0,450,3,3148.3,38,1,3148.4,56,1,3148.5,36,4
2031,2026-06-16 13:13:21+05:30,3147.0,4,3131.2,2380529,131935.0,199085.0,3163.0,3163.0,3108.0,3134.3,32026000,3447.7,2820.9,3839.9,2896.0,3147.0,148,6,3146.9,9,1,3146.7,50,2,3146.6,33,5,3146.5,37,3,3147.7,145,1,3148.0,450,3,3148.3,38,1,3148.4,77,2,3148.5,59,5
2031,2026-06-16 13:13:22+05:30,3147.0,4,3131.2,2380529,131935.0,199085.0,3163.0,3163.0,3108.0,3134.3,32026000,3447.7,2820.9,3839.9,2896.0,3147.0,148,6,3146.9,9,1,3146.7,50,2,3146.6,33,5,3146.5,37,3,3147.7,145,1,3148.0,450,3,3148.3,38,1,3148.4,77,2,3148.5,59,5
2031,2026-06-16 13:13:22+05:30,3147.7,15,3131.2,2380529,131935.0,199085.0,3163.0,3163.0,3108.0,3134.3,32026000,3447.7,2820.9,3839.9,2896.0,3147.0,148,6,3146.9,9,1,3146.7,50,2,3146.6,33,5,3146.5,37,3,3147.7,145,1,3148.0,450,3,3148.3,38,1,3148.4,77,2,3148.5,59,5
2031,2026-06-16 13:13:22+05:30,3147.7,15,3131.2,2380544,132914.0,198713.0,3163.0,3163.0,3108.0,3134.3,32026000,3447.7,2820.9,3839.9,2896.0,3147.0,194,8,3146.9,1009,2,3146.7,27,1,3146.6,28,4,3146.5,86,4,3147.7,156,2,3148.0,450,3,3148.3,38,1,3148.4,77,2,3148.5,92,5
2031,2026-06-16 13:13:23+05:30,3147.7,15,3131.2,2380544,132914.0,198713.0,3163.0,3163.0,3108.0,3134.3,32026000,3447.7,2820.9,3839.9,2896.0,3147.0,194,8,3146.9,1009,2,3146.7,27,1,3146.6,28,4,3146.5,86,4,3147.7,156,2,3148.0,450,3,3148.3,38,1,3148.4,77,2,3148.5,92,5
2031,2026-06-16 13:13:23+05:30,3147.7,1,3131.2,2380544,132914.0,198713.0,3163.0,3163.0,3108.0,3134.3,32026000,3447.7,2820.9,3839.9,2896.0,3147.0,194,8,3146.9,1009,2,3146.7,27,1,3146.6,28,4,3146.5,86,4,3147.7,156,2,3148.0,450,3,3148.3,38,1,3148.4,77,2,3148.5,92,5
2031,2026-06-16 13:13:23+05:30,3147.7,1,3131.2,2380579,132937.0,198836.0,3163.0,3163.0,3108.0,3134.3,32026000,3447.7,2820.9,3839.9,2896.0,3147.1,29,3,3147.0,211,9,3146.9,1028,3,3146.8,6,1,3146.7,27,1,3147.7,165,3,3148.0,450,3,3148.3,38,1,3148.4,77,2,3148.5,69,4
2031,2026-06-16 13:13:24+05:30,3147.7,1,3131.2,2380579,132937.0,198836.0,3163.0,3163.0,3108.0,3134.3,32026000,3447.7,2820.9,3839.9,2896.0,3147.1,29,3,3147.0,211,9,3146.9,1028,3,3146.8,6,1,3146.7,27,1,3147.7,165,3,3148.0,450,3,3148.3,38,1,3148.4,77,2,3148.5,69,4
2031,2026-06-16 13:13:24+05:30,3147.7,17,3131.2,2380596,134236.0,198644.0,3163.0,3163.0,3108.0,3134.3,32026000,3447.7,2820.9,3839.9,2896.0,3147.5,4,1,3147.4,32,1,3147.3,32,1,3147.2,48,2,3147.1,21,3,3147.7,148,3,3148.0,450,3,3148.5,95,5,3148.6,597,6,3148.7,94,2
2031,2026-06-16 13:13:24+05:30,3147.7,17,3131.2,2380596,134236.0,198644.0,3163.0,3163.0,3108.0,3134.3,32026000,3447.7,2820.9,3839.9,2896.0,3147.5,4,1,3147.4,32,1,3147.3,32,1,3147.2,48,2,3147.1,21,3,3147.7,148,3,3148.0,450,3,3148.5,95,5,3148.6,597,6,3148.7,94,2
2031,2026-06-16 13:13:25+05:30,3147.7,17,3131.2,2380596,134236.0,198644.0,3163.0,3163.0,3108.0,3134.3,32026000,3447.7,2820.9,3839.9,2896.0,3147.5,4,1,3147.4,32,1,3147.3,32,1,3147.2,48,2,3147.1,21,3,3147.7,148,3,3148.0,450,3,3148.5,95,5,3148.6,597,6,3148.7,94,2
2031,2026-06-16 13:13:25+05:30,3147.6,1,3131.2,2380597,134503.0,198401.0,3163.0,3163.0,3108.0,3134.3,32026000,3447.7,2820.9,3839.9,2896.0,3147.6,31,1,3147.5,59,2,3147.4,39,2,3147.2,44,2,3147.1,37,2,3147.7,148,3,3148.0,452,4,3148.5,70,3,3148.6,528,4,3148.7,84,2
2031,2026-06-16 13:13:25+05:30,3147.6,1,3131.2,2380597,134503.0,198401.0,3163.0,3163.0,3108.0,3134.3,32026000,3447.7,2820.9,3839.9,2896.0,3147.6,31,1,3147.5,59,2,3147.4,39,2,3147.2,44,2,3147.1,37,2,3147.7,148,3,3148.0,452,4,3148.5,70,3,3148.6,528,4,3148.7,84,2
2031,2026-06-16 13:13:26+05:30,3147.6,1,3131.2,2380597,134503.0,198401.0,3163.0,3163.0,3108.0,3134.3,32026000,3447.7,2820.9,3839.9,2896.0,3147.6,31,1,3147.5,59,2,3147.4,39,2,3147.2,44,2,3147.1,37,2,3147.7,148,3,3148.0,452,4,3148.5,70,3,3148.6,528,4,3148.7,84,2
2031,2026-06-16 13:13:26+05:30,3147.7,44,3131.21,2380745,134594.0,198421.0,3163.0,3163.0,3108.0,3134.3,32026000,3447.7,2820.9,3839.9,2896.0,3147.8,1,1,3147.6,31,1,3147.5,32,1,3147.4,32,1,3147.2,32,1,3148.0,452,4,3148.5,29,3,3148.6,539,4,3148.7,84,2,3148.8,213,5
2031,2026-06-16 13:13:26+05:30,3147.7,44,3131.21,2380745,134594.0,198421.0,3163.0,3163.0,3108.0,3134.3,32026000,3447.7,2820.9,3839.9,2896.0,3147.8,1,1,3147.6,31,1,3147.5,32,1,3147.4,32,1,3147.2,32,1,3148.0,452,4,3148.5,29,3,3148.6,539,4,3148.7,84,2,3148.8,213,5
2031,2026-06-16 13:13:26+05:30,3147.7,44,3131.21,2380745,134594.0,198421.0,3163.0,3163.0,3108.0,3134.3,32026000,3447.7,2820.9,3839.9,2896.0,3147.8,1,1,3147.6,31,1,3147.5,32,1,3147.4,32,1,3147.2,32,1,3148.0,452,4,3148.5,29,3,3148.6,539,4,3148.7,84,2,3148.8,213,5
2031,2026-06-16 13:13:27+05:30,3147.7,44,3131.21,2380745,134594.0,198421.0,3163.0,3163.0,3108.0,3134.3,32026000,3447.7,2820.9,3839.9,2896.0,3147.8,1,1,3147.6,31,1,3147.5,32,1,3147.4,32,1,3147.2,32,1,3148.0,452,4,3148.5,29,3,3148.6,539,4,3148.7,84,2,3148.8,213,5
2031,2026-06-16 13:13:27+05:30,3148.0,17,3131.21,2380745,134594.0,198421.0,3163.0,3163.0,3108.0,3134.3,32026000,3447.7,2820.9,3839.9,2896.0,3147.8,1,1,3147.6,31,1,3147.5,32,1,3147.4,32,1,3147.2,32,1,3148.0,452,4,3148.5,29,3,3148.6,539,4,3148.7,84,2,3148.8,213,5
2031,2026-06-16 13:13:27+05:30,3148.0,17,3131.21,2380807,134809.0,198115.0,3163.0,3163.0,3108.0,3134.3,32026000,3447.7,2820.9,3839.9,2896.0,3147.8,33,2,3147.7,32,1,3147.6,31,1,3147.5,32,1,3147.2,22,3,3148.0,390,4,3148.5,10,1,3148.6,539,4,3148.7,84,2,3148.8,191,4
2031,2026-06-16 13:13:28+05:30,3148.0,17,3131.21,2380807,134809.0,198115.0,3163.0,3163.0,3108.0,3134.3,32026000,3447.7,2820.9,3839.9,2896.0,3147.8,33,2,3147.7,32,1,3147.6,31,1,3147.5,32,1,3147.2,22,3,3148.0,390,4,3148.5,10,1,3148.6,539,4,3148.7,84,2,3148.8,191,4
2031,2026-06-16 13:13:28+05:30,3148.0,18,3131.21,2380807,134809.0,198115.0,3163.0,3163.0,3108.0,3134.3,32026000,3447.7,2820.9,3839.9,2896.0,3147.8,33,2,3147.7,32,1,3147.6,31,1,3147.5,32,1,3147.2,22,3,3148.0,390,4,3148.5,10,1,3148.6,539,4,3148.7,84,2,3148.8,191,4
2031,2026-06-16 13:13:28+05:30,3148.0,18,3131.21,2380870,134727.0,197858.0,3163.0,3163.0,3108.0,3134.3,32026000,3447.7,2820.9,3839.9,2896.0,3147.8,75,3,3147.7,32,1,3147.6,31,1,3147.5,32,1,3147.4,15,1,3148.0,382,6,3148.5,10,1,3148.6,539,4,3148.7,6,1,3148.8,249,5
2031,2026-06-16 13:13:29+05:30,3148.0,18,3131.21,2380870,134727.0,197858.0,3163.0,3163.0,3108.0,3134.3,32026000,3447.7,2820.9,3839.9,2896.0,3147.8,75,3,3147.7,32,1,3147.6,31,1,3147.5,32,1,3147.4,15,1,3148.0,382,6,3148.5,10,1,3148.6,539,4,3148.7,6,1,3148.8,249,5
2031,2026-06-16 13:13:29+05:30,3148.0,1,3131.21,2380870,134727.0,197858.0,3163.0,3163.0,3108.0,3134.3,32026000,3447.7,2820.9,3839.9,2896.0,3147.8,75,3,3147.7,32,1,3147.6,31,1,3147.5,32,1,3147.4,15,1,3148.0,382,6,3148.5,10,1,3148.6,539,4,3148.7,6,1,3148.8,249,5
2031,2026-06-16 13:13:29+05:30,3148.0,18,3131.21,2380963,134671.0,197957.0,3163.0,3163.0,3108.0,3134.3,32026000,3447.7,2820.9,3839.9,2896.0,3147.8,92,3,3147.7,32,1,3147.6,31,1,3147.5,32,1,3147.2,2,1,3148.0,289,5,3148.5,48,2,3148.6,508,3,3148.7,6,1,3148.8,240,4
2031,2026-06-16 13:13:29+05:30,3148.0,18,3131.21,2380963,134671.0,197957.0,3163.0,3163.0,3108.0,3134.3,32026000,3447.7,2820.9,3839.9,2896.0,3147.8,92,3,3147.7,32,1,3147.6,31,1,3147.5,32,1,3147.2,2,1,3148.0,289,5,3148.5,48,2,3148.6,508,3,3148.7,6,1,3148.8,240,4
2031,2026-06-16 13:13:30+05:30,3148.0,45,3131.21,2380963,134671.0,197957.0,3163.0,3163.0,3108.0,3134.3,32026000,3447.7,2820.9,3839.9,2896.0,3147.8,92,3,3147.7,32,1,3147.6,31,1,3147.5,32,1,3147.2,2,1,3148.0,289,5,3148.5,48,2,3148.6,508,3,3148.7,6,1,3148.8,240,4
2031,2026-06-16 13:13:30+05:30,3148.0,45,3131.21,2381019,134723.0,197624.0,3163.0,3163.0,3108.0,3134.3,32026000,3447.7,2820.9,3839.9,2896.0,3147.9,2,2,3147.8,97,5,3147.7,32,1,3147.6,58,2,3147.5,44,2,3148.0,234,6,3148.5,10,1,3148.6,508,3,3148.8,138,2,3148.9,232,2
2031,2026-06-16 13:13:30+05:30,3148.0,45,3131.21,2381019,134723.0,197624.0,3163.0,3163.0,3108.0,3134.3,32026200,3447.7,2820.9,3839.9,2896.0,3147.9,2,2,3147.8,97,5,3147.7,32,1,3147.6,58,2,3147.5,44,2,3148.0,234,6,3148.5,10,1,3148.6,508,3,3148.8,138,2,3148.9,232,2
2031,2026-06-16 13:13:31+05:30,3148.0,31,3131.21,2381019,134723.0,197624.0,3163.0,3163.0,3108.0,3134.3,32026200,3447.7,2820.9,3839.9,2896.0,3147.9,2,2,3147.8,97,5,3147.7,32,1,3147.6,58,2,3147.5,44,2,3148.0,234,6,3148.5,10,1,3148.6,508,3,3148.8,138,2,3148.9,232,2
2031,2026-06-16 13:13:31+05:30,3148.0,31,3131.21,2381228,134716.0,197410.0,3163.0,3163.0,3108.0,3134.3,32026200,3447.7,2820.9,3839.9,2896.0,3147.9,2,2,3147.8,79,4,3147.7,32,1,3147.6,58,2,3147.5,32,1,3148.0,25,3,3148.5,10,1,3148.6,508,3,3148.8,138,2,3148.9,232,2
2031,2026-06-16 13:13:32+05:30,3148.5,5,3131.21,2381228,134716.0,197410.0,3163.0,3163.0,3108.0,3134.3,32026200,3447.7,2820.9,3839.9,2896.0,3147.9,2,2,3147.8,79,4,3147.7,32,1,3147.6,58,2,3147.5,32,1,3148.0,25,3,3148.5,10,1,3148.6,508,3,3148.8,138,2,3148.9,232,2
2031,2026-06-16 13:13:32+05:30,3148.5,5,3131.21,2381263,135344.0,195562.0,3163.0,3163.0,3108.0,3134.3,32026200,3447.7,2820.9,3839.9,2896.0,3148.3,45,1,3148.1,61,4,3148.0,46,2,3147.9,42,3,3147.8,96,5,3148.6,508,3,3148.8,100,1,3149.0,151,9,3149.2,59,1,3149.3,205,2
2031,2026-06-16 13:13:33+05:30,3148.6,1,3131.21,2381263,135344.0,195562.0,3163.0,3163.0,3108.0,3134.3,32026200,3447.7,2820.9,3839.9,2896.0,3148.3,45,1,3148.1,61,4,3148.0,46,2,3147.9,42,3,3147.8,96,5,3148.6,508,3,3148.8,100,1,3149.0,151,9,3149.2,59,1,3149.3,205,2
2031,2026-06-16 13:13:33+05:30,3148.6,1,3131.21,2381264,135538.0,195709.0,3163.0,3163.0,3108.0,3134.3,32026200,3447.7,2820.9,3839.9,2896.0,3148.3,103,5,3148.2,32,1,3148.1,38,3,3148.0,87,4,3147.9,42,3,3148.6,507,3,3148.8,100,1,3149.0,151,9,3149.2,59,1,3149.3,263,3
2031,2026-06-16 13:13:34+05:30,3148.8,100,3131.22,2382141,137075.0,192370.0,3163.0,3163.0,3108.0,3134.3,32026200,3447.7,2820.9,3839.9,2896.0,3148.8,5,1,3148.6,73,5,3148.5,123,6,3148.4,103,6,3148.3,80,3,3149.0,151,9,3149.2,59,1,3149.3,5,1,3149.5,288,4,3149.6,2,1
2031,2026-06-16 13:13:34+05:30,3148.8,100,3131.22,2382141,137075.0,192370.0,3163.0,3163.0,3108.0,3134.3,32026200,3447.7,2820.9,3839.9,2896.0,3148.8,5,1,3148.6,73,5,3148.5,123,6,3148.4,103,6,3148.3,80,3,3149.0,151,9,3149.2,59,1,3149.3,5,1,3149.5,288,4,3149.6,2,1
2031,2026-06-16 13:13:35+05:30,3149.0,17,3131.22,2382186,137134.0,193206.0,3163.0,3163.0,3108.0,3134.3,32026200,3447.7,2820.9,3839.9,2896.0,3148.9,6,3,3148.8,47,4,3148.7,64,3,3148.6,113,6,3148.5,129,7,3149.0,106,6,3149.2,59,1,3149.3,5,1,3149.5,288,4,3149.6,2,1
2031,2026-06-16 13:13:35+05:30,3148.9,3,3131.22,2382186,137134.0,193206.0,3163.0,3163.0,3108.0,3134.3,32026200,3447.7,2820.9,3839.9,2896.0,3148.9,6,3,3148.8,47,4,3148.7,64,3,3148.6,113,6,3148.5,129,7,3149.0,106,6,3149.2,59,1,3149.3,5,1,3149.5,288,4,3149.6,2,1
2031,2026-06-16 13:13:36+05:30,3149.0,42,3131.22,2382186,137134.0,193206.0,3163.0,3163.0,3108.0,3134.3,32026200,3447.7,2820.9,3839.9,2896.0,3148.9,6,3,3148.8,47,4,3148.7,64,3,3148.6,113,6,3148.5,129,7,3149.0,106,6,3149.2,59,1,3149.3,5,1,3149.5,288,4,3149.6,2,1
2031,2026-06-16 13:13:36+05:30,3149.0,42,3131.22,2382236,137050.0,193081.0,3163.0,3163.0,3108.0,3134.3,32026200,3447.7,2820.9,3839.9,2896.0,3148.9,85,5,3148.8,37,2,3148.7,39,2,3148.6,89,6,3148.5,150,8,3149.0,87,6,3149.2,59,1,3149.3,5,1,3149.5,288,4,3149.6,2,1
2031,2026-06-16 13:13:37+05:30,3149.0,25,3131.22,2382323,137217.0,193086.0,3163.0,3163.0,3108.0,3134.3,32026200,3447.7,2820.9,3839.9,2896.0,3149.0,16,1,3148.9,85,5,3148.8,37,2,3148.7,39,2,3148.6,104,5,3149.2,59,1,3149.3,5,1,3149.5,288,4,3149.6,2,1,3149.7,16,2
2031,2026-06-16 13:13:37+05:30,3149.0,25,3131.22,2382323,137217.0,193086.0,3163.0,3163.0,3108.0,3134.3,32026200,3447.7,2820.9,3839.9,2896.0,3149.0,16,1,3148.9,85,5,3148.8,37,2,3148.7,39,2,3148.6,104,5,3149.2,59,1,3149.3,5,1,3149.5,288,4,3149.6,2,1,3149.7,16,2
2031,2026-06-16 13:13:38+05:30,3148.9,1,3131.22,2382419,136892.0,193471.0,3163.0,3163.0,3108.0,3134.3,32026200,3447.7,2820.9,3839.9,2896.0,3148.9,78,2,3148.8,10,1,3148.7,27,1,3148.6,1,1,3148.5,62,4,3149.2,14,1,3149.3,5,1,3149.5,288,4,3149.6,2,1,3149.7,16,2
2031,2026-06-16 13:13:38+05:30,3148.9,1,3131.22,2382419,136892.0,193471.0,3163.0,3163.0,3108.0,3134.3,32026200,3447.7,2820.9,3839.9,2896.0,3148.9,78,2,3148.8,10,1,3148.7,27,1,3148.6,1,1,3148.5,62,4,3149.2,14,1,3149.3,5,1,3149.5,288,4,3149.6,2,1,3149.7,16,2
2031,2026-06-16 13:13:39+05:30,3149.2,1,3131.22,2382419,136892.0,193471.0,3163.0,3163.0,3108.0,3134.3,32026200,3447.7,2820.9,3839.9,2896.0,3148.9,78,2,3148.8,10,1,3148.7,27,1,3148.6,1,1,3148.5,62,4,3149.2,14,1,3149.3,5,1,3149.5,288,4,3149.6,2,1,3149.7,16,2
2031,2026-06-16 13:13:39+05:30,3149.2,1,3131.22,2382421,136647.0,192995.0,3163.0,3163.0,3108.0,3134.3,32026200,3447.7,2820.9,3839.9,2896.0,3148.9,78,2,3148.8,10,1,3148.7,27,1,3148.6,1,1,3148.5,23,2,3149.2,12,1,3149.3,5,1,3149.5,288,4,3149.6,2,1,3149.7,2,1
2031,2026-06-16 13:13:40+05:30,3149.2,4,3131.22,2382421,136647.0,192995.0,3163.0,3163.0,3108.0,3134.3,32026200,3447.7,2820.9,3839.9,2896.0,3148.9,78,2,3148.8,10,1,3148.7,27,1,3148.6,1,1,3148.5,23,2,3149.2,12,1,3149.3,5,1,3149.5,288,4,3149.6,2,1,3149.7,2,1
2031,2026-06-16 13:13:40+05:30,3149.2,4,3131.22,2382433,137300.0,193193.0,3163.0,3163.0,3108.0,3134.3,32026200,3447.7,2820.9,3839.9,2896.0,3149.2,46,1,3149.1,16,1,3148.9,78,2,3148.8,10,1,3148.6,28,2,3149.3,75,2,3149.5,288,4,3149.6,2,1,3149.7,2,1,3149.8,50,1
2031,2026-06-16 13:13:41+05:30,3149.3,12,3131.22,2382433,137300.0,193193.0,3163.0,3163.0,3108.0,3134.3,32026200,3447.7,2820.9,3839.9,2896.0,3149.2,46,1,3149.1,16,1,3148.9,78,2,3148.8,10,1,3148.6,28,2,3149.3,75,2,3149.5,288,4,3149.6,2,1,3149.7,2,1,3149.8,50,1
2031,2026-06-16 13:13:41+05:30,3149.3,12,3131.22,2382495,135984.0,193401.0,3163.0,3163.0,3108.0,3134.3,32026200,3447.7,2820.9,3839.9,2896.0,3149.2,99,3,3149.1,16,1,3148.9,78,2,3148.8,10,1,3148.6,54,3,3149.3,90,2,3149.4,70,2,3149.5,320,5,3149.6,40,2,3149.7,34,2
2031,2026-06-16 13:13:42+05:30,3149.2,3,3131.22,2382495,135984.0,193401.0,3163.0,3163.0,3108.0,3134.3,32026200,3447.7,2820.9,3839.9,2896.0,3149.2,99,3,3149.1,16,1,3148.9,78,2,3148.8,10,1,3148.6,54,3,3149.3,90,2,3149.4,70,2,3149.5,320,5,3149.6,40,2,3149.7,34,2
2031,2026-06-16 13:13:43+05:30,3149.2,3,3131.22,2382739,135561.0,193954.0,3163.0,3163.0,3108.0,3134.3,32026200,3447.7,2820.9,3839.9,2896.0,3148.9,78,2,3148.8,10,1,3148.3,2,1,3148.1,3,1,3148.0,14,1,3149.2,69,3,3149.3,143,5,3149.4,70,2,3149.5,320,5,3149.6,144,5
2031,2026-06-16 13:13:43+05:30,3148.9,45,3131.22,2382739,135561.0,193954.0,3163.0,3163.0,3108.0,3134.3,32026200,3447.7,2820.9,3839.9,2896.0,3148.9,78,2,3148.8,10,1,3148.3,2,1,3148.1,3,1,3148.0,14,1,3149.2,69,3,3149.3,143,5,3149.4,70,2,3149.5,320,5,3149.6,144,5
2031,2026-06-16 13:13:44+05:30,3148.8,12,3131.22,2382911,134909.0,194335.0,3163.0,3163.0,3108.0,3134.3,32026200,3447.7,2820.9,3839.9,2896.0,3148.8,10,1,3148.3,2,1,3147.7,23,2,3147.6,18,1,3147.5,210,4,3149.0,85,3,3149.1,28,2,3149.2,185,5,3149.3,86,3,3149.4,171,4
2031,2026-06-16 13:13:44+05:30,3148.8,1,3131.22,2382911,134909.0,194335.0,3163.0,3163.0,3108.0,3134.3,32026200,3447.7,2820.9,3839.9,2896.0,3148.8,10,1,3148.3,2,1,3147.7,23,2,3147.6,18,1,3147.5,210,4,3149.0,85,3,3149.1,28,2,3149.2,185,5,3149.3,86,3,3149.4,171,4
2031,2026-06-16 13:13:45+05:30,3148.9,1,3131.22,2383120,134195.0,194780.0,3163.0,3163.0,3108.0,3134.3,32026200,3447.7,2820.9,3839.9,2896.0,3148.3,2,1,3147.6,18,1,3147.5,41,2,3147.4,63,1,3147.3,133,5,3148.9,91,3,3149.1,129,5,3149.2,100,3,3149.3,122,5,3149.4,236,5
2031,2026-06-16 13:13:45+05:30,3148.3,2,3131.22,2383120,134195.0,194780.0,3163.0,3163.0,3108.0,3134.3,32026200,3447.7,2820.9,3839.9,2896.0,3148.3,2,1,3147.6,18,1,3147.5,41,2,3147.4,63,1,3147.3,133,5,3148.9,91,3,3149.1,129,5,3149.2,100,3,3149.3,122,5,3149.4,236,5
2031,2026-06-16 13:13:46+05:30,3148.3,2,3131.22,2383127,133732.0,195210.0,3163.0,3163.0,3108.0,3134.3,32026200,3447.7,2820.9,3839.9,2896.0,3148.3,3,2,3147.6,18,1,3147.3,75,4,3147.2,63,2,3147.1,115,7,3148.5,95,3,3148.8,112,3,3148.9,152,4,3149.0,112,3,3149.1,54,3
2031,2026-06-16 13:13:46+05:30,3148.3,1,3131.22,2383127,133732.0,195210.0,3163.0,3163.0,3108.0,3134.3,32026200,3447.7,2820.9,3839.9,2896.0,3148.3,3,2,3147.6,18,1,3147.3,75,4,3147.2,63,2,3147.1,115,7,3148.5,95,3,3148.8,112,3,3148.9,152,4,3149.0,112,3,3149.1,54,3
2031,2026-06-16 13:13:47+05:30,3148.3,1,3131.22,2383149,133236.0,195703.0,3163.0,3163.0,3108.0,3134.3,32026200,3447.7,2820.9,3839.9,2896.0,3147.7,13,1,3147.6,31,2,3147.3,96,3,3147.1,14,1,3147.0,142,9,3148.2,32,1,3148.4,70,2,3148.6,38,1,3148.8,64,2,3148.9,220,5
2031,2026-06-16 13:13:47+05:30,3148.7,27,3131.22,2383149,133236.0,195703.0,3163.0,3163.0,3108.0,3134.3,32026200,3447.7,2820.9,3839.9,2896.0,3147.7,13,1,3147.6,31,2,3147.3,96,3,3147.1,14,1,3147.0,142,9,3148.2,32,1,3148.4,70,2,3148.6,38,1,3148.8,64,2,3148.9,220,5
2031,2026-06-16 13:13:48+05:30,3148.7,27,3131.22,2383317,133509.0,196101.0,3163.0,3163.0,3108.0,3134.3,32026200,3447.7,2820.9,3839.9,2896.0,3147.7,26,2,3147.6,26,2,3147.5,27,1,3147.4,5,1,3147.3,58,1,3148.2,43,1,3148.9,118,3,3149.0,125,4,3149.1,56,2,3149.2,116,3
2031,2026-06-16 13:13:48+05:30,3148.8,10,3131.22,2383317,133509.0,196101.0,3163.0,3163.0,3108.0,3134.3,32026200,3447.7,2820.9,3839.9,2896.0,3147.7,26,2,3147.6,26,2,3147.5,27,1,3147.4,5,1,3147.3,58,1,3148.2,43,1,3148.9,118,3,3149.0,125,4,3149.1,56,2,3149.2,116,3
2031,2026-06-16 13:13:49+05:30,3148.8,10,3131.22,2383407,133723.0,196098.0,3163.0,3163.0,3108.0,3134.3,32026200,3447.7,2820.9,3839.9,2896.0,3147.7,13,1,3147.6,13,1,3147.4,32,3,3147.3,89,4,3147.2,27,1,3148.2,45,1,3148.5,32,1,3148.7,32,1,3148.9,113,4,3149.0,124,4
2031,2026-06-16 13:13:50+05:30,3148.8,10,3131.22,2383407,133807.0,196401.0,3163.0,3163.0,3108.0,3134.3,32026200,3447.7,2820.9,3839.9,2896.0,3147.6,13,1,3147.4,26,2,3147.3,115,5,3147.2,27,1,3147.1,20,2,3148.2,32,1,3148.4,32,1,3148.5,12,1,3148.9,113,4,3149.0,173,5
2031,2026-06-16 13:13:50+05:30,3148.2,1,3131.22,2383407,133807.0,196401.0,3163.0,3163.0,3108.0,3134.3,32026200,3447.7,2820.9,3839.9,2896.0,3147.6,13,1,3147.4,26,2,3147.3,115,5,3147.2,27,1,3147.1,20,2,3148.2,32,1,3148.4,32,1,3148.5,12,1,3148.9,113,4,3149.0,173,5
2031,2026-06-16 13:13:51+05:30,3148.2,1,3131.22,2383408,133407.0,196355.0,3163.0,3163.0,3108.0,3134.3,32026200,3447.7,2820.9,3839.9,2896.0,3147.4,26,2,3147.3,26,2,3147.1,46,4,3147.0,156,11,3146.9,90,3,3147.8,44,1,3148.2,53,2,3148.3,32,1,3148.6,59,2,3148.8,59,2
2031,2026-06-16 13:13:51+05:30,3148.0,2,3131.22,2383408,133407.0,196355.0,3163.0,3163.0,3108.0,3134.3,32026200,3447.7,2820.9,3839.9,2896.0,3147.4,26,2,3147.3,26,2,3147.1,46,4,3147.0,156,11,3146.9,90,3,3147.8,44,1,3148.2,53,2,3148.3,32,1,3148.6,59,2,3148.8,59,2
2031,2026-06-16 13:13:52+05:30,3148.0,2,3131.22,2383421,133449.0,196268.0,3163.0,3163.0,3108.0,3134.3,32026200,3447.7,2820.9,3839.9,2896.0,3147.8,2,1,3147.4,21,2,3147.3,12,1,3147.2,20,2,3147.1,25,3,3148.0,30,1,3148.2,53,2,3148.8,21,1,3148.9,71,3,3149.0,98,3
2031,2026-06-16 13:13:52+05:30,3147.8,1,3131.22,2383421,133449.0,196268.0,3163.0,3163.0,3108.0,3134.3,32026200,3447.7,2820.9,3839.9,2896.0,3147.8,2,1,3147.4,21,2,3147.3,12,1,3147.2,20,2,3147.1,25,3,3148.0,30,1,3148.2,53,2,3148.8,21,1,3148.9,71,3,3149.0,98,3
2031,2026-06-16 13:13:53+05:30,3147.8,1,3131.22,2383433,133384.0,196122.0,3163.0,3163.0,3108.0,3134.3,32026200,3447.7,2820.9,3839.9,2896.0,3147.5,13,1,3147.4,85,6,3147.3,12,1,3147.2,91,5,3147.1,20,2,3147.8,19,1,3148.0,50,2,3148.2,31,1,3148.6,21,1,3148.8,111,2
2031,2026-06-16 13:13:53+05:30,3147.4,10,3131.22,2383433,133384.0,196122.0,3163.0,3163.0,3108.0,3134.3,32026200,3447.7,2820.9,3839.9,2896.0,3147.5,13,1,3147.4,85,6,3147.3,12,1,3147.2,91,5,3147.1,20,2,3147.8,19,1,3148.0,50,2,3148.2,31,1,3148.6,21,1,3148.8,111,2
2031,2026-06-16 13:13:54+05:30,3147.4,10,3131.23,2383483,133376.0,196365.0,3163.0,3163.0,3108.0,3134.3,32026200,3447.7,2820.9,3839.9,2896.0,3147.5,13,1,3147.4,66,5,3147.3,12,1,3147.2,67,4,3147.1,20,2,3148.0,50,2,3148.2,31,1,3148.6,21,1,3148.8,111,2,3148.9,71,3
2031,2026-06-16 13:13:55+05:30,3147.4,10,3131.23,2383483,133167.0,196246.0,3163.0,3163.0,3108.0,3134.3,32026200,3447.7,2820.9,3839.9,2896.0,3147.4,35,4,3147.3,39,2,3147.2,19,2,3147.1,20,2,3147.0,189,12,3147.7,19,1,3148.0,50,2,3148.2,31,1,3148.5,17,1,3148.6,21,1
2031,2026-06-16 13:13:55+05:30,3148.0,6,3131.23,2383483,133167.0,196246.0,3163.0,3163.0,3108.0,3134.3,32026200,3447.7,2820.9,3839.9,2896.0,3147.4,35,4,3147.3,39,2,3147.2,19,2,3147.1,20,2,3147.0,189,12,3147.7,19,1,3148.0,50,2,3148.2,31,1,3148.5,17,1,3148.6,21,1
2031,2026-06-16 13:13:56+05:30,3147.8,1,3131.23,2383490,132947.0,196770.0,3163.0,3163.0,3108.0,3134.3,32026200,3447.7,2820.9,3839.9,2896.0,3147.4,15,2,3147.1,6,1,3147.0,122,10,3146.9,69,3,3146.8,63,3,3147.6,13,1,3148.0,44,2,3148.2,31,1,3148.6,134,4,3148.7,99,2
2031,2026-06-16 13:13:56+05:30,3147.6,1,3131.23,2383490,132947.0,196770.0,3163.0,3163.0,3108.0,3134.3,32026200,3447.7,2820.9,3839.9,2896.0,3147.4,15,2,3147.1,6,1,3147.0,122,10,3146.9,69,3,3146.8,63,3,3147.6,13,1,3148.0,44,2,3148.2,31,1,3148.6,134,4,3148.7,99,2
2031,2026-06-16 13:13:57+05:30,3147.6,1,3131.23,2383512,133143.0,197129.0,3163.0,3163.0,3108.0,3134.3,32026200,3447.7,2820.9,3839.9,2896.0,3147.6,20,2,3147.4,1,1,3147.1,6,1,3147.0,80,8,3146.9,69,3,3147.7,45,1,3148.0,24,1,3148.2,31,1,3148.3,38,1,3148.5,38,2
2031,2026-06-16 13:13:57+05:30,3147.6,3,3131.23,2383512,133143.0,197129.0,3163.0,3163.0,3108.0,3134.3,32026200,3447.7,2820.9,3839.9,2896.0,3147.6,20,2,3147.4,1,1,3147.1,6,1,3147.0,80,8,3146.9,69,3,3147.7,45,1,3148.0,24,1,3148.2,31,1,3148.3,38,1,3148.5,38,2
2031,2026-06-16 13:13:58+05:30,3147.6,3,3131.23,2383607,133171.0,197157.0,3163.0,3163.0,3108.0,3134.3,32026200,3447.7,2820.9,3839.9,2896.0,3147.6,18,2,3147.4,1,1,3147.3,9,1,3147.1,11,2,3147.0,101,9,3147.7,11,1,3148.0,24,1,3148.2,31,1,3148.5,26,1,3148.6,59,2
2031,2026-06-16 13:13:59+05:30,3147.6,3,3131.23,2383607,133177.0,197115.0,3163.0,3163.0,3108.0,3134.3,32026200,3447.7,2820.9,3839.9,2896.0,3147.6,18,2,3147.4,1,1,3147.3,9,1,3147.1,11,2,3147.0,101,9,3147.7,11,1,3148.5,26,1,3148.6,59,2,3148.7,60,2,3148.8,237,5
2031,2026-06-16 13:13:59+05:30,3147.7,1,3131.23,2383607,133177.0,197115.0,3163.0,3163.0,3108.0,3134.3,32026200,3447.7,2820.9,3839.9,2896.0,3147.6,18,2,3147.4,1,1,3147.3,9,1,3147.1,11,2,3147.0,101,9,3147.7,11,1,3148.5,26,1,3148.6,59,2,3148.7,60,2,3148.8,237,5
2031,2026-06-16 13:14:00+05:30,3147.7,1,3131.23,2383609,133532.0,196895.0,3163.0,3163.0,3108.0,3134.3,32026200,3447.7,2820.9,3839.9,2896.0,3147.6,23,4,3147.5,32,2,3147.3,14,2,3147.2,39,2,3147.1,7,2,3147.7,10,2,3148.2,7,1,3148.5,26,1,3148.6,21,1,3148.7,60,2
2031,2026-06-16 13:14:00+05:30,3147.7,1,3131.23,2383609,133532.0,196895.0,3163.0,3163.0,3108.0,3134.3,32026200,3447.7,2820.9,3839.9,2896.0,3147.6,23,4,3147.5,32,2,3147.3,14,2,3147.2,39,2,3147.1,7,2,3147.7,10,2,3148.2,7,1,3148.5,26,1,3148.6,21,1,3148.7,60,2
2031,2026-06-16 13:14:01+05:30,3147.7,1,3131.23,2383619,133750.0,196556.0,3163.0,3163.0,3108.0,3134.3,32026200,3447.7,2820.9,3839.9,2896.0,3147.8,1,1,3147.7,40,2,3147.6,50,7,3147.5,37,3,3147.4,7,1,3148.2,7,1,3148.7,58,1,3148.8,111,2,3148.9,173,2,3149.0,600,6
2031,2026-06-16 13:14:01+05:30,3148.8,14,3131.23,2383619,133750.0,196556.0,3163.0,3163.0,3108.0,3134.3,32026200,3447.7,2820.9,3839.9,2896.0,3147.8,1,1,3147.7,40,2,3147.6,50,7,3147.5,37,3,3147.4,7,1,3148.2,7,1,3148.7,58,1,3148.8,111,2,3148.9,173,2,3149.0,600,6
2031,2026-06-16 13:14:02+05:30,3148.8,14,3131.23,2383719,133992.0,195608.0,3163.0,3163.0,3108.0,3134.3,32026200,3447.7,2820.9,3839.9,2896.0,3148.0,17,1,3147.9,13,1,3147.8,41,3,3147.6,38,5,3147.5,25,2,3148.2,7,1,3148.8,76,1,3148.9,173,2,3149.0,420,3,3149.1,353,2
2031,2026-06-16 13:14:02+05:30,3148.2,104,3131.23,2383719,133992.0,195608.0,3163.0,3163.0,3108.0,3134.3,32026200,3447.7,2820.9,3839.9,2896.0,3148.0,17,1,3147.9,13,1,3147.8,41,3,3147.6,38,5,3147.5,25,2,3148.2,7,1,3148.8,76,1,3148.9,173,2,3149.0,420,3,3149.1,353,2
2031,2026-06-16 13:14:03+05:30,3148.2,104,3131.23,2383870,134360.0,195295.0,3163.0,3163.0,3108.0,3134.3,32026200,3447.7,2820.9,3839.9,2896.0,3147.8,18,2,3147.6,6,3,3147.4,208,4,3147.3,56,2,3147.2,123,3,3148.8,76,1,3148.9,269,4,3149.0,420,3,3149.1,497,5,3149.2,460,4
2031,2026-06-16 13:14:03+05:30,3148.8,1,3131.23,2383870,134360.0,195295.0,3163.0,3163.0,3108.0,3134.3,32026200,3447.7,2820.9,3839.9,2896.0,3147.8,18,2,3147.6,6,3,3147.4,208,4,3147.3,56,2,3147.2,123,3,3148.8,76,1,3148.9,269,4,3149.0,420,3,3149.1,497,5,3149.2,460,4
2031,2026-06-16 13:14:03+05:30,3148.8,1,3131.23,2383871,134007.0,195509.0,3163.0,3163.0,3108.0,3134.3,32026200,3447.7,2820.9,3839.9,2896.0,3147.7,18,1,3147.6,6,3,3147.4,184,3,3147.3,56,2,3147.2,123,3,3148.8,138,3,3148.9,255,4,3149.0,458,4,3149.1,513,5,3149.2,504,6
2031,2026-06-16 13:14:04+05:30,3148.7,9,3131.23,2383871,134007.0,195509.0,3163.0,3163.0,3108.0,3134.3,32026200,3447.7,2820.9,3839.9,2896.0,3147.7,18,1,3147.6,6,3,3147.4,184,3,3147.3,56,2,3147.2,123,3,3148.8,138,3,3148.9,255,4,3149.0,458,4,3149.1,513,5,3149.2,504,6
2031,2026-06-16 13:14:04+05:30,3148.7,9,3131.23,2383880,134033.0,195125.0,3163.0,3163.0,3108.0,3134.3,32026200,3447.7,2820.9,3839.9,2896.0,3147.8,15,1,3147.6,6,3,3147.4,3,1,3147.3,119,3,3147.2,145,3,3148.7,1,1,3148.8,402,5,3148.9,648,7,3149.0,718,7,3149.1,120,2
2031,2026-06-16 13:14:05+05:30,3147.8,1,3131.23,2383880,134033.0,195125.0,3163.0,3163.0,3108.0,3134.3,32026200,3447.7,2820.9,3839.9,2896.0,3147.8,14,1,3147.6,6,3,3147.4,17,2,3147.3,72,3,3147.2,150,4,3148.0,1,1,3148.7,68,4,3148.8,360,4,3148.9,660,9,3149.0,718,7
2031,2026-06-16 13:14:05+05:30,3147.8,1,3131.23,2383881,133781.0,196086.0,3163.0,3163.0,3108.0,3134.3,32026200,3447.7,2820.9,3839.9,2896.0,3147.8,14,1,3147.6,6,3,3147.4,17,2,3147.3,72,3,3147.2,150,4,3148.0,1,1,3148.7,68,4,3148.8,360,4,3148.9,660,9,3149.0,718,7
2031,2026-06-16 13:14:06+05:30,3148.0,143,3131.23,2383881,133781.0,196086.0,3163.0,3163.0,3108.0,3134.3,32026200,3447.7,2820.9,3839.9,2896.0,3147.8,14,1,3147.6,6,3,3147.4,17,2,3147.3,72,3,3147.2,150,4,3148.0,1,1,3148.7,68,4,3148.8,360,4,3148.9,660,9,3149.0,718,7
2031,2026-06-16 13:14:06+05:30,3148.0,143,3131.23,2384026,133537.0,196735.0,3163.0,3163.0,3108.0,3134.3,32026200,3447.7,2820.9,3839.9,2896.0,3147.6,6,3,3147.4,37,2,3147.3,75,4,3147.2,103,3,3147.1,72,3,3147.9,57,1,3148.7,69,4,3148.8,297,3,3148.9,634,7,3149.0,717,7
2031,2026-06-16 13:14:07+05:30,3147.9,15,3131.23,2384026,133537.0,196735.0,3163.0,3163.0,3108.0,3134.3,32026200,3447.7,2820.9,3839.9,2896.0,3147.6,6,3,3147.4,37,2,3147.3,75,4,3147.2,103,3,3147.1,72,3,3147.9,57,1,3148.7,69,4,3148.8,297,3,3148.9,634,7,3149.0,717,7
2031,2026-06-16 13:14:07+05:30,3147.9,15,3131.23,2384041,133521.0,196991.0,3163.0,3163.0,3108.0,3134.3,32026200,3447.7,2820.9,3839.9,2896.0,3147.6,6,3,3147.4,15,1,3147.3,56,2,3147.2,127,4,3147.1,95,5,3147.9,66,2,3148.4,38,1,3148.6,38,1,3148.7,30,2,3148.8,327,5
2031,2026-06-16 13:14:08+05:30,3147.6,1,3131.23,2384041,133521.0,196991.0,3163.0,3163.0,3108.0,3134.3,32026200,3447.7,2820.9,3839.9,2896.0,3147.6,6,3,3147.4,15,1,3147.3,56,2,3147.2,127,4,3147.1,95,5,3147.9,66,2,3148.4,38,1,3148.6,38,1,3148.7,30,2,3148.8,327,5
2031,2026-06-16 13:14:08+05:30,3147.6,1,3131.23,2384042,133349.0,196838.0,3163.0,3163.0,3108.0,3134.3,32026200,3447.7,2820.9,3839.9,2896.0,3147.7,4,1,3147.6,2,2,3147.4,15,1,3147.3,56,2,3147.2,103,3,3147.8,1,1,3147.9,66,2,3148.4,38,1,3148.6,38,1,3148.7,30,2
2031,2026-06-16 13:14:09+05:30,3147.9,8,3131.23,2384042,133349.0,196838.0,3163.0,3163.0,3108.0,3134.3,32026200,3447.7,2820.9,3839.9,2896.0,3147.7,4,1,3147.6,2,2,3147.4,15,1,3147.3,56,2,3147.2,103,3,3147.8,1,1,3147.9,66,2,3148.4,38,1,3148.6,38,1,3148.7,30,2
2031,2026-06-16 13:14:09+05:30,3147.9,8,3131.23,2384051,133432.0,196757.0,3163.0,3163.0,3108.0,3134.3,32026200,3447.7,2820.9,3839.9,2896.0,3147.7,20,2,3147.6,2,2,3147.3,61,3,3147.2,161,4,3147.1,90,4,3147.9,58,2,3148.6,38,1,3148.7,30,2,3148.8,327,5,3148.9,633,7
2031,2026-06-16 13:14:10+05:30,3147.9,2,3131.23,2384051,133432.0,196757.0,3163.0,3163.0,3108.0,3134.3,32026200,3447.7,2820.9,3839.9,2896.0,3147.8,16,1,3147.7,14,2,3147.6,1,1,3147.3,61,3,3147.2,188,5,3147.9,34,2,3148.6,38,1,3148.8,303,4,3148.9,633,7,3149.0,678,6
2031,2026-06-16 13:14:10+05:30,3147.9,15,3131.23,2384090,133247.0,196469.0,3163.0,3163.0,3108.0,3134.3,32026200,3447.7,2820.9,3839.9,2896.0,3147.8,16,1,3147.7,14,2,3147.6,1,1,3147.3,61,3,3147.2,188,5,3147.9,34,2,3148.6,38,1,3148.8,303,4,3148.9,633,7,3149.0,678,6
2031,2026-06-16 13:14:11+05:30,3147.9,15,3131.23,2384090,133247.0,196469.0,3163.0,3163.0,3108.0,3134.3,32026200,3447.7,2820.9,3839.9,2896.0,3147.8,16,1,3147.7,14,2,3147.6,1,1,3147.3,61,3,3147.2,188,5,3147.9,34,2,3148.6,38,1,3148.8,303,4,3148.9,633,7,3149.0,678,6
2031,2026-06-16 13:14:11+05:30,3147.9,38,3131.23,2384090,133247.0,196469.0,3163.0,3163.0,3108.0,3134.3,32026200,3447.7,2820.9,3839.9,2896.0,3147.8,16,1,3147.7,14,2,3147.6,1,1,3147.3,61,3,3147.2,188,5,3147.9,34,2,3148.6,38,1,3148.8,303,4,3148.9,633,7,3149.0,678,6
2031,2026-06-16 13:14:11+05:30,3148.5,3,3131.23,2384165,133498.0,195971.0,3163.0,3163.0,3108.0,3134.3,32026200,3447.7,2820.9,3839.9,2896.0,3147.9,2,1,3147.7,32,3,3147.6,1,1,3147.4,3,1,3147.3,56,2,3148.5,147,1,3148.6,38,1,3148.7,96,2,3148.8,315,4,3148.9,742,8
2031,2026-06-16 13:14:12+05:30,3148.5,1,3131.23,2384165,133498.0,195971.0,3163.0,3163.0,3108.0,3134.3,32026200,3447.7,2820.9,3839.9,2896.0,3147.9,2,1,3147.7,32,3,3147.6,1,1,3147.4,3,1,3147.3,56,2,3148.5,147,1,3148.6,38,1,3148.7,96,2,3148.8,315,4,3148.9,742,8
2031,2026-06-16 13:14:12+05:30,3148.5,1,3131.23,2384166,133714.0,195970.0,3163.0,3163.0,3108.0,3134.3,32026200,3447.7,2820.9,3839.9,2896.0,3147.9,2,1,3147.7,32,3,3147.6,1,1,3147.4,3,1,3147.3,56,2,3148.4,25,1,3148.5,146,1,3148.6,38,1,3148.7,96,2,3148.8,315,4
2031,2026-06-16 13:14:13+05:30,3148.5,1,3131.23,2384166,133714.0,195970.0,3163.0,3163.0,3108.0,3134.3,32026200,3447.7,2820.9,3839.9,2896.0,3147.9,2,1,3147.7,32,3,3147.6,1,1,3147.4,3,1,3147.3,56,2,3148.4,25,1,3148.5,146,1,3148.6,38,1,3148.7,96,2,3148.8,315,4
2031,2026-06-16 13:14:13+05:30,3148.5,1,3131.23,2384166,133716.0,195806.0,3163.0,3163.0,3108.0,3134.3,32026200,3447.7,2820.9,3839.9,2896.0,3148.0,14,1,3147.9,2,1,3147.7,14,2,3147.6,1,1,3147.4,3,1,3148.4,25,1,3148.5,146,1,3148.6,38,1,3148.7,96,2,3148.8,315,4
2031,2026-06-16 13:14:13+05:30,3148.4,10,3131.23,2384166,133716.0,195806.0,3163.0,3163.0,3108.0,3134.3,32026200,3447.7,2820.9,3839.9,2896.0,3148.0,14,1,3147.9,2,1,3147.7,14,2,3147.6,1,1,3147.4,3,1,3148.4,25,1,3148.5,146,1,3148.6,38,1,3148.7,96,2,3148.8,315,4
2031,2026-06-16 13:14:14+05:30,3148.4,1,3131.23,2384166,133716.0,195806.0,3163.0,3163.0,3108.0,3134.3,32026200,3447.7,2820.9,3839.9,2896.0,3148.0,14,1,3147.9,2,1,3147.7,14,2,3147.6,1,1,3147.4,3,1,3148.4,25,1,3148.5,146,1,3148.6,38,1,3148.7,96,2,3148.8,315,4
2031,2026-06-16 13:14:14+05:30,3148.4,1,3131.23,2384177,133399.0,195849.0,3163.0,3163.0,3108.0,3134.3,32026200,3447.7,2820.9,3839.9,2896.0,3148.0,14,1,3147.9,2,1,3147.7,14,2,3147.6,1,1,3147.4,3,1,3148.4,14,1,3148.5,184,2,3148.8,315,4,3148.9,718,7,3149.0,478,5
2031,2026-06-16 13:14:15+05:30,3148.4,1,3131.23,2384177,133399.0,195849.0,3163.0,3163.0,3108.0,3134.3,32026200,3447.7,2820.9,3839.9,2896.0,3148.0,14,1,3147.9,2,1,3147.7,14,2,3147.6,1,1,3147.4,3,1,3148.4,14,1,3148.5,184,2,3148.8,315,4,3148.9,718,7,3149.0,478,5
2031,2026-06-16 13:14:15+05:30,3148.4,47,3131.23,2384177,133399.0,195849.0,3163.0,3163.0,3108.0,3134.3,32026200,3447.7,2820.9,3839.9,2896.0,3148.0,14,1,3147.9,2,1,3147.7,14,2,3147.6,1,1,3147.4,3,1,3148.4,14,1,3148.5,184,2,3148.8,315,4,3148.9,718,7,3149.0,478,5
2031,2026-06-16 13:14:15+05:30,3148.4,47,3131.23,2384238,134910.0,196111.0,3163.0,3163.0,3108.0,3134.3,32026200,3447.7,2820.9,3839.9,2896.0,3148.2,17,3,3148.0,1088,5,3147.9,4,2,3147.8,84,2,3147.7,25,2,3148.5,146,1,3148.7,400,2,3148.8,428,3,3148.9,433,4,3149.0,20,1
2031,2026-06-16 13:14:16+05:30,3148.5,1,3131.23,2384238,134910.0,196111.0,3163.0,3163.0,3108.0,3134.3,32026200,3447.7,2820.9,3839.9,2896.0,3148.2,17,3,3148.0,1088,5,3147.9,4,2,3147.8,84,2,3147.7,25,2,3148.5,146,1,3148.7,400,2,3148.8,428,3,3148.9,433,4,3149.0,20,1
2031,2026-06-16 13:14:16+05:30,3148.5,1,3131.23,2384386,134990.0,195980.0,3163.0,3163.0,3108.0,3134.3,32026200,3447.7,2820.9,3839.9,2896.0,3148.4,2,1,3148.2,2,2,3148.0,1053,4,3147.9,2,1,3147.7,10,1,3148.5,24,1,3148.6,200,1,3148.7,553,3,3148.8,475,3,3148.9,33,2
2031,2026-06-16 13:14:17+05:30,3148.5,1,3131.23,2384386,134990.0,195980.0,3163.0,3163.0,3108.0,3134.3,32026200,3447.7,2820.9,3839.9,2896.0,3148.4,2,1,3148.2,2,2,3148.0,1053,4,3147.9,2,1,3147.7,10,1,3148.5,24,1,3148.6,200,1,3148.7,553,3,3148.8,475,3,3148.9,33,2
2031,2026-06-16 13:14:17+05:30,3148.0,199,3131.23,2384793,134553.0,195489.0,3163.0,3163.0,3108.0,3134.3,32026200,3447.7,2820.9,3839.9,2896.0,3148.0,655,4,3147.9,2,1,3147.7,10,1,3147.6,19,2,3147.5,42,2,3148.5,24,1,3148.6,195,1,3148.7,553,3,3148.8,473,3,3148.9,33,2
2031,2026-06-16 13:14:17+05:30,3148.0,199,3131.23,2384793,134553.0,195489.0,3163.0,3163.0,3108.0,3134.3,32026200,3447.7,2820.9,3839.9,2896.0,3148.0,655,4,3147.9,2,1,3147.7,10,1,3147.6,19,2,3147.5,42,2,3148.5,24,1,3148.6,195,1,3148.7,553,3,3148.8,473,3,3148.9,33,2
2031,2026-06-16 13:14:18+05:30,3148.6,34,3131.23,2384793,134553.0,195489.0,3163.0,3163.0,3108.0,3134.3,32026200,3447.7,2820.9,3839.9,2896.0,3148.0,655,4,3147.9,2,1,3147.7,10,1,3147.6,19,2,3147.5,42,2,3148.5,24,1,3148.6,195,1,3148.7,553,3,3148.8,473,3,3148.9,33,2
2031,2026-06-16 13:14:18+05:30,3148.6,34,3131.23,2384854,134571.0,193563.0,3163.0,3163.0,3108.0,3134.3,32026200,3447.7,2820.9,3839.9,2896.0,3148.0,662,5,3147.9,48,4,3147.8,14,1,3147.7,19,1,3147.6,45,3,3148.6,161,1,3148.7,558,4,3148.8,473,3,3148.9,33,2,3149.0,58,2
2031,2026-06-16 13:14:19+05:30,3148.6,34,3131.23,2384854,134571.0,193563.0,3163.0,3163.0,3108.0,3134.3,32026200,3447.7,2820.9,3839.9,2896.0,3148.0,662,5,3147.9,48,4,3147.8,14,1,3147.7,19,1,3147.6,45,3,3148.6,161,1,3148.7,558,4,3148.8,473,3,3148.9,33,2,3149.0,58,2
2031,2026-06-16 13:14:19+05:30,3148.6,1,3131.23,2384854,134571.0,193563.0,3163.0,3163.0,3108.0,3134.3,32026200,3447.7,2820.9,3839.9,2896.0,3148.0,662,5,3147.9,48,4,3147.8,14,1,3147.7,19,1,3147.6,45,3,3148.6,161,1,3148.7,558,4,3148.8,473,3,3148.9,33,2,3149.0,58,2
2031,2026-06-16 13:14:19+05:30,3148.6,1,3131.23,2384855,134825.0,195553.0,3163.0,3163.0,3108.0,3134.3,32026200,3447.7,2820.9,3839.9,2896.0,3148.2,17,1,3148.0,656,4,3147.9,32,3,3147.8,18,1,3147.7,39,2,3148.6,160,1,3148.7,558,4,3148.8,473,3,3148.9,33,2,3149.0,20,1
2031,2026-06-16 13:14:20+05:30,3148.2,1,3131.23,2384855,134825.0,195553.0,3163.0,3163.0,3108.0,3134.3,32026200,3447.7,2820.9,3839.9,2896.0,3148.2,17,1,3148.0,656,4,3147.9,32,3,3147.8,18,1,3147.7,39,2,3148.6,160,1,3148.7,558,4,3148.8,473,3,3148.9,33,2,3149.0,20,1
2031,2026-06-16 13:14:20+05:30,3148.2,1,3131.23,2384856,134946.0,195720.0,3163.0,3163.0,3108.0,3134.3,32026200,3447.7,2820.9,3839.9,2896.0,3148.6,50,1,3148.3,13,1,3148.2,59,2,3148.0,679,5,3147.9,32,3,3148.7,365,3,3148.8,428,3,3148.9,408,3,3149.0,30,2,3149.2,58,1
2031,2026-06-16 13:14:21+05:30,3148.2,1,3131.23,2384856,134946.0,195720.0,3163.0,3163.0,3108.0,3134.3,32026200,3447.7,2820.9,3839.9,2896.0,3148.6,50,1,3148.3,13,1,3148.2,59,2,3148.0,679,5,3147.9,32,3,3148.7,365,3,3148.8,428,3,3148.9,408,3,3149.0,30,2,3149.2,58,1
2031,2026-06-16 13:14:21+05:30,3148.4,11,3131.23,2384856,134946.0,195720.0,3163.0,3163.0,3108.0,3134.3,32026200,3447.7,2820.9,3839.9,2896.0,3148.6,50,1,3148.3,13,1,3148.2,59,2,3148.0,679,5,3147.9,32,3,3148.7,365,3,3148.8,428,3,3148.9,408,3,3149.0,30,2,3149.2,58,1
2031,2026-06-16 13:14:21+05:30,3148.4,11,3131.24,2384920,134828.0,195757.0,3163.0,3163.0,3108.0,3134.3,32026200,3447.7,2820.9,3839.9,2896.0,3148.2,59,2,3148.0,656,4,3147.9,4,1,3147.8,18,1,3147.7,23,2,3148.4,189,1,3148.6,147,1,3148.7,365,3,3148.8,428,3,3148.9,446,4
2031,2026-06-16 13:14:22+05:30,3148.3,145,3131.24,2384920,134828.0,195757.0,3163.0,3163.0,3108.0,3134.3,32026200,3447.7,2820.9,3839.9,2896.0,3148.2,59,2,3148.0,656,4,3147.9,4,1,3147.8,18,1,3147.7,23,2,3148.4,189,1,3148.6,147,1,3148.7,365,3,3148.8,428,3,3148.9,446,4
2031,2026-06-16 13:14:22+05:30,3148.3,145,3131.24,2385082,134333.0,195164.0,3163.0,3163.0,3108.0,3134.3,32026200,3447.7,2820.9,3839.9,2896.0,3148.2,43,1,3148.0,673,5,3147.9,4,1,3147.8,44,2,3147.7,23,2,3148.4,189,1,3148.5,22,1,3148.7,365,3,3148.8,428,3,3148.9,408,3
2031,2026-06-16 13:14:23+05:30,3148.3,145,3131.24,2385082,134333.0,195164.0,3163.0,3163.0,3108.0,3134.3,32026200,3447.7,2820.9,3839.9,2896.0,3148.2,43,1,3148.0,673,5,3147.9,4,1,3147.8,44,2,3147.7,23,2,3148.4,189,1,3148.5,22,1,3148.7,365,3,3148.8,428,3,3148.9,408,3
2031,2026-06-16 13:14:23+05:30,3148.3,145,3131.24,2385082,134362.0,195243.0,3163.0,3163.0,3108.0,3134.3,32026200,3447.7,2820.9,3839.9,2896.0,3148.2,59,2,3148.0,656,4,3147.9,30,2,3147.8,18,1,3147.7,23,2,3148.4,190,2,3148.5,22,1,3148.7,365,3,3148.8,428,3,3148.9,408,3
2031,2026-06-16 13:14:24+05:30,3148.3,145,3131.24,2385082,134362.0,195243.0,3163.0,3163.0,3108.0,3134.3,32026200,3447.7,2820.9,3839.9,2896.0,3148.2,59,2,3148.0,656,4,3147.9,30,2,3147.8,18,1,3147.7,23,2,3148.4,190,2,3148.5,22,1,3148.7,365,3,3148.8,428,3,3148.9,408,3
2031,2026-06-16 13:14:24+05:30,3148.4,22,3131.24,2385082,134362.0,195243.0,3163.0,3163.0,3108.0,3134.3,32026200,3447.7,2820.9,3839.9,2896.0,3148.2,59,2,3148.0,656,4,3147.9,30,2,3147.8,18,1,3147.7,23,2,3148.4,190,2,3148.5,22,1,3148.7,365,3,3148.8,428,3,3148.9,408,3
2031,2026-06-16 13:14:24+05:30,3148.4,22,3131.24,2385104,134362.0,193848.0,3163.0,3163.0,3108.0,3134.3,32026200,3447.7,2820.9,3839.9,2896.0,3148.2,59,2,3148.0,656,4,3147.9,30,2,3147.8,18,1,3147.7,81,3,3148.4,168,2,3148.5,22,1,3148.7,365,3,3148.8,428,3,3148.9,446,4
2031,2026-06-16 13:14:25+05:30,3148.4,22,3131.24,2385104,134362.0,193848.0,3163.0,3163.0,3108.0,3134.3,32026200,3447.7,2820.9,3839.9,2896.0,3148.2,59,2,3148.0,656,4,3147.9,30,2,3147.8,18,1,3147.7,81,3,3148.4,168,2,3148.5,22,1,3148.7,365,3,3148.8,428,3,3148.9,446,4
2031,2026-06-16 13:14:25+05:30,3148.2,59,3131.24,2385104,134362.0,193848.0,3163.0,3163.0,3108.0,3134.3,32026200,3447.7,2820.9,3839.9,2896.0,3148.2,59,2,3148.0,656,4,3147.9,30,2,3147.8,18,1,3147.7,81,3,3148.4,168,2,3148.5,22,1,3148.7,365,3,3148.8,428,3,3148.9,446,4
2031,2026-06-16 13:14:26+05:30,3148.2,59,3131.24,2385356,134283.0,195505.0,3163.0,3163.0,3108.0,3134.3,32026200,3447.7,2820.9,3839.9,2896.0,3148.2,16,1,3148.0,655,3,3147.9,4,1,3147.8,18,1,3147.7,23,2,3148.4,18,2,3148.5,22,1,3148.7,365,3,3148.8,428,3,3148.9,446,4
2031,2026-06-16 13:14:26+05:30,3148.2,59,3131.24,2385356,134283.0,195505.0,3163.0,3163.0,3108.0,3134.3,32026200,3447.7,2820.9,3839.9,2896.0,3148.2,16,1,3148.0,655,3,3147.9,4,1,3147.8,18,1,3147.7,23,2,3148.4,18,2,3148.5,22,1,3148.7,365,3,3148.8,428,3,3148.9,446,4
2031,2026-06-16 13:14:27+05:30,3148.2,59,3131.24,2385356,134038.0,195313.0,3163.0,3163.0,3108.0,3134.3,32026200,3447.7,2820.9,3839.9,2896.0,3148.2,72,4,3148.1,7,1,3148.0,690,5,3147.9,20,3,3147.8,70,3,3148.4,1,1,3148.5,122,2,3148.7,5,1,3148.8,75,1,3148.9,27,2
2031,2026-06-16 13:14:27+05:30,3148.2,59,3131.24,2385356,134038.0,195313.0,3163.0,3163.0,3108.0,3134.3,32026200,3447.7,2820.9,3839.9,2896.0,3148.2,72,4,3148.1,7,1,3148.0,690,5,3147.9,20,3,3147.8,70,3,3148.4,1,1,3148.5,122,2,3148.7,5,1,3148.8,75,1,3148.9,27,2
2031,2026-06-16 13:14:27+05:30,3148.5,15,3131.24,2385356,134038.0,195313.0,3163.0,3163.0,3108.0,3134.3,32026200,3447.7,2820.9,3839.9,2896.0,3148.2,72,4,3148.1,7,1,3148.0,690,5,3147.9,20,3,3147.8,70,3,3148.4,1,1,3148.5,122,2,3148.7,5,1,3148.8,75,1,3148.9,27,2
2031,2026-06-16 13:14:28+05:30,3148.5,25,3131.24,2385447,134095.0,195222.0,3163.0,3163.0,3108.0,3134.3,32026200,3447.7,2820.9,3839.9,2896.0,3148.2,59,2,3148.1,33,2,3148.0,664,4,3147.9,31,3,3147.8,70,3,3148.5,32,1,3148.7,5,1,3148.8,75,1,3148.9,27,2,3149.0,55,4
2031,2026-06-16 13:14:28+05:30,3148.5,25,3131.24,2385447,134095.0,195222.0,3163.0,3163.0,3108.0,3134.3,32026200,3447.7,2820.9,3839.9,2896.0,3148.2,59,2,3148.1,33,2,3148.0,664,4,3147.9,31,3,3147.8,70,3,3148.5,32,1,3148.7,5,1,3148.8,75,1,3148.9,27,2,3149.0,55,4
2031,2026-06-16 13:14:28+05:30,3148.0,40,3131.24,2385447,134095.0,195222.0,3163.0,3163.0,3108.0,3134.3,32026200,3447.7,2820.9,3839.9,2896.0,3148.2,59,2,3148.1,33,2,3148.0,664,4,3147.9,31,3,3147.8,70,3,3148.5,32,1,3148.7,5,1,3148.8,75,1,3148.9,27,2,3149.0,55,4
2031,2026-06-16 13:14:29+05:30,3148.0,40,3131.24,2385647,133831.0,195429.0,3163.0,3163.0,3108.0,3134.3,32026200,3447.7,2820.9,3839.9,2896.0,3148.0,652,6,3147.8,44,2,3147.7,66,5,3147.6,45,3,3147.5,99,3,3148.5,32,1,3148.7,5,1,3148.8,75,1,3148.9,27,2,3149.0,157,5
2031,2026-06-16 13:14:29+05:30,3148.0,40,3131.24,2385647,133831.0,195429.0,3163.0,3163.0,3108.0,3134.3,32026200,3447.7,2820.9,3839.9,2896.0,3148.0,652,6,3147.8,44,2,3147.7,66,5,3147.6,45,3,3147.5,99,3,3148.5,32,1,3148.7,5,1,3148.8,75,1,3148.9,27,2,3149.0,157,5
2031,2026-06-16 13:14:29+05:30,3148.0,200,3131.24,2385647,133831.0,195429.0,3163.0,3163.0,3108.0,3134.3,32026200,3447.7,2820.9,3839.9,2896.0,3148.0,652,6,3147.8,44,2,3147.7,66,5,3147.6,45,3,3147.5,99,3,3148.5,32,1,3148.7,5,1,3148.8,75,1,3148.9,27,2,3149.0,157,5
2031,2026-06-16 13:14:30+05:30,3148.0,200,3131.24,2385847,133763.0,193463.0,3163.0,3163.0,3108.0,3134.3,32026200,3447.7,2820.9,3839.9,2896.0,3148.0,452,8,3147.9,32,2,3147.8,44,2,3147.7,46,4,3147.6,71,4,3148.5,101,4,3148.7,5,1,3148.8,75,1,3148.9,27,2,3149.0,257,6
2031,2026-06-16 13:14:30+05:30,3148.0,200,3131.24,2385847,133763.0,193463.0,3163.0,3163.0,3108.0,3134.3,32026200,3447.7,2820.9,3839.9,2896.0,3148.0,452,8,3147.9,32,2,3147.8,44,2,3147.7,46,4,3147.6,71,4,3148.5,101,4,3148.7,5,1,3148.8,75,1,3148.9,27,2,3149.0,257,6
2031,2026-06-16 13:14:30+05:30,3148.0,34,3131.24,2385847,133763.0,193463.0,3163.0,3163.0,3108.0,3134.3,32026200,3447.7,2820.9,3839.9,2896.0,3148.0,452,8,3147.9,32,2,3147.8,44,2,3147.7,46,4,3147.6,71,4,3148.5,101,4,3148.7,5,1,3148.8,75,1,3148.9,27,2,3149.0,257,6
2031,2026-06-16 13:14:31+05:30,3148.0,34,3131.24,2386247,132882.0,195216.0,3163.0,3163.0,3108.0,3134.3,32026200,3447.7,2820.9,3839.9,2896.0,3148.0,47,7,3147.8,26,1,3147.7,45,3,3147.6,45,3,3147.5,41,2,3148.5,136,5,3148.7,5,1,3148.8,75,1,3148.9,10,1,3149.0,155,5
2031,2026-06-16 13:14:31+05:30,3148.0,34,3131.24,2386247,132882.0,195216.0,3163.0,3163.0,3108.0,3134.3,32030800,3447.7,2820.9,3839.9,2896.0,3148.0,47,7,3147.8,26,1,3147.7,45,3,3147.6,45,3,3147.5,41,2,3148.5,136,5,3148.7,5,1,3148.8,75,1,3148.9,10,1,3149.0,155,5
2031,2026-06-16 13:14:31+05:30,3148.9,7,3131.24,2386247,132882.0,195216.0,3163.0,3163.0,3108.0,3134.3,32030800,3447.7,2820.9,3839.9,2896.0,3148.0,47,7,3147.8,26,1,3147.7,45,3,3147.6,45,3,3147.5,41,2,3148.5,136,5,3148.7,5,1,3148.8,75,1,3148.9,10,1,3149.0,155,5
2031,2026-06-16 13:14:32+05:30,3148.9,7,3131.25,2386462,134801.0,194988.0,3163.0,3163.0,3108.0,3134.3,32030800,3447.7,2820.9,3839.9,2896.0,3148.6,1,1,3148.5,4,1,3148.1,48,4,3148.0,92,11,3147.9,31,2,3148.9,3,1,3149.0,155,5,3149.3,2,1,3149.5,343,6,3149.6,23,2
2031,2026-06-16 13:14:32+05:30,3148.9,4,3131.25,2386462,134801.0,194988.0,3163.0,3163.0,3108.0,3134.3,32030800,3447.7,2820.9,3839.9,2896.0,3148.6,1,1,3148.5,4,1,3148.1,48,4,3148.0,92,11,3147.9,31,2,3148.9,3,1,3149.0,155,5,3149.3,2,1,3149.5,343,6,3149.6,23,2
2031,2026-06-16 13:14:33+05:30,3148.9,4,3131.25,2386634,135904.0,193939.0,3163.0,3163.0,3108.0,3134.3,32030800,3447.7,2820.9,3839.9,2896.0,3148.9,24,2,3148.7,7,1,3148.6,7,3,3148.5,99,6,3148.3,49,1,3149.5,343,6,3149.6,2,1,3149.7,2,1,3149.8,128,3,3149.9,1297,7
2031,2026-06-16 13:14:33+05:30,3149.5,114,3131.25,2386634,135904.0,193939.0,3163.0,3163.0,3108.0,3134.3,32030800,3447.7,2820.9,3839.9,2896.0,3148.9,24,2,3148.7,7,1,3148.6,7,3,3148.5,99,6,3148.3,49,1,3149.5,343,6,3149.6,2,1,3149.7,2,1,3149.8,128,3,3149.9,1297,7
2031,2026-06-16 13:14:34+05:30,3149.5,114,3131.25,2386748,135878.0,193877.0,3163.0,3163.0,3108.0,3134.3,32030800,3447.7,2820.9,3839.9,2896.0,3149.0,3,1,3148.9,61,3,3148.8,47,3,3148.7,25,2,3148.6,28,3,3149.5,229,6,3149.6,2,1,3149.7,2,1,3149.8,50,1,3149.9,1382,8
2031,2026-06-16 13:14:34+05:30,3149.5,1,3131.25,2386748,135878.0,193877.0,3163.0,3163.0,3108.0,3134.3,32030800,3447.7,2820.9,3839.9,2896.0,3149.0,3,1,3148.9,61,3,3148.8,47,3,3148.7,25,2,3148.6,28,3,3149.5,229,6,3149.6,2,1,3149.7,2,1,3149.8,50,1,3149.9,1382,8
2031,2026-06-16 13:14:35+05:30,3149.5,1,3131.25,2386750,135885.0,194094.0,3163.0,3163.0,3108.0,3134.3,32030800,3447.7,2820.9,3839.9,2896.0,3149.0,3,1,3148.9,61,3,3148.8,42,2,3148.7,18,1,3148.6,27,2,3149.5,273,7,3149.6,2,1,3149.7,2,1,3149.8,50,1,3149.9,1382,8
2031,2026-06-16 13:14:35+05:30,3149.5,1,3131.25,2386750,135885.0,194094.0,3163.0,3163.0,3108.0,3134.3,32030800,3447.7,2820.9,3839.9,2896.0,3149.0,3,1,3148.9,61,3,3148.8,42,2,3148.7,18,1,3148.6,27,2,3149.5,273,7,3149.6,2,1,3149.7,2,1,3149.8,50,1,3149.9,1382,8
2031,2026-06-16 13:14:36+05:30,3149.5,1,3131.25,2386750,135863.0,194100.0,3163.0,3163.0,3108.0,3134.3,32030800,3447.7,2820.9,3839.9,2896.0,3149.0,3,1,3148.9,61,3,3148.8,42,2,3148.7,18,1,3148.6,43,3,3149.5,273,7,3149.6,2,1,3149.7,2,1,3149.8,50,1,3149.9,1382,8
2031,2026-06-16 13:14:36+05:30,3149.5,38,3131.25,2386750,135863.0,194100.0,3163.0,3163.0,3108.0,3134.3,32030800,3447.7,2820.9,3839.9,2896.0,3149.0,3,1,3148.9,61,3,3148.8,42,2,3148.7,18,1,3148.6,43,3,3149.5,273,7,3149.6,2,1,3149.7,2,1,3149.8,50,1,3149.9,1382,8
2031,2026-06-16 13:14:37+05:30,3149.0,7,3131.25,2386839,135958.0,193804.0,3163.0,3163.0,3108.0,3134.3,32030800,3447.7,2820.9,3839.9,2896.0,3149.0,3,1,3148.9,61,3,3148.8,39,3,3148.7,41,2,3148.6,27,2,3149.5,234,7,3149.6,2,1,3149.7,2,1,3149.8,50,1,3149.9,1369,7
2031,2026-06-16 13:14:37+05:30,3149.0,7,3131.25,2386839,135958.0,193804.0,3163.0,3163.0,3108.0,3134.3,32030800,3447.7,2820.9,3839.9,2896.0,3149.0,3,1,3148.9,61,3,3148.8,39,3,3148.7,41,2,3148.6,27,2,3149.5,234,7,3149.6,2,1,3149.7,2,1,3149.8,50,1,3149.9,1369,7
2031,2026-06-16 13:14:38+05:30,3149.5,1,3131.25,2386840,135937.0,193404.0,3163.0,3163.0,3108.0,3134.3,32030800,3447.7,2820.9,3839.9,2896.0,3149.0,5,2,3148.9,61,3,3148.8,39,3,3148.7,41,2,3148.6,41,3,3149.5,233,7,3149.6,2,1,3149.7,2,1,3149.8,50,1,3149.9,1369,7
2031,2026-06-16 13:14:38+05:30,3149.5,1,3131.25,2386840,135937.0,193404.0,3163.0,3163.0,3108.0,3134.3,32030800,3447.7,2820.9,3839.9,2896.0,3149.0,5,2,3148.9,61,3,3148.8,39,3,3148.7,41,2,3148.6,41,3,3149.5,233,7,3149.6,2,1,3149.7,2,1,3149.8,50,1,3149.9,1369,7
2031,2026-06-16 13:14:39+05:30,3149.5,7,3131.25,2386894,136097.0,193686.0,3163.0,3163.0,3108.0,3134.3,32030800,3447.7,2820.9,3839.9,2896.0,3149.3,16,2,3149.2,4,1,3149.0,11,3,3148.9,88,5,3148.8,47,3,3149.5,179,6,3149.6,2,1,3149.7,2,1,3149.8,67,2,3149.9,1352,6
2031,2026-06-16 13:14:39+05:30,3149.5,7,3131.25,2386894,136097.0,193686.0,3163.0,3163.0,3108.0,3134.3,32030800,3447.7,2820.9,3839.9,2896.0,3149.3,16,2,3149.2,4,1,3149.0,11,3,3148.9,88,5,3148.8,47,3,3149.5,179,6,3149.6,2,1,3149.7,2,1,3149.8,67,2,3149.9,1352,6
2031,2026-06-16 13:14:40+05:30,3149.5,8,3131.25,2386902,135728.0,193905.0,3163.0,3163.0,3108.0,3134.3,32030800,3447.7,2820.9,3839.9,2896.0,3149.4,15,1,3149.3,1,1,3149.2,4,1,3149.0,11,3,3148.9,42,3,3149.5,171,6,3149.6,2,1,3149.7,2,1,3149.8,139,4,3149.9,1352,6
2031,2026-06-16 13:14:40+05:30,3149.5,8,3131.25,2386902,135728.0,193905.0,3163.0,3163.0,3108.0,3134.3,32030800,3447.7,2820.9,3839.9,2896.0,3149.4,15,1,3149.3,1,1,3149.2,4,1,3149.0,11,3,3148.9,42,3,3149.5,171,6,3149.6,2,1,3149.7,2,1,3149.8,139,4,3149.9,1352,6
2031,2026-06-16 13:14:41+05:30,3149.5,8,3131.25,2386902,135739.0,193761.0,3163.0,3163.0,3108.0,3134.3,32030800,3447.7,2820.9,3839.9,2896.0,3149.4,15,1,3149.3,1,1,3149.2,4,1,3149.0,16,4,3148.9,42,3,3149.5,171,6,3149.6,2,1,3149.7,2,1,3149.8,101,3,3149.9,1352,6
2031,2026-06-16 13:14:41+05:30,3149.5,28,3131.25,2386902,135739.0,193761.0,3163.0,3163.0,3108.0,3134.3,32030800,3447.7,2820.9,3839.9,2896.0,3149.4,15,1,3149.3,1,1,3149.2,4,1,3149.0,16,4,3148.9,42,3,3149.5,171,6,3149.6,2,1,3149.7,2,1,3149.8,101,3,3149.9,1352,6
2031,2026-06-16 13:14:42+05:30,3149.8,11,3131.25,2387088,135953.0,193432.0,3163.0,3163.0,3108.0,3134.3,32030800,3447.7,2820.9,3839.9,2896.0,3149.3,1,1,3149.2,4,1,3149.0,20,5,3148.9,69,4,3148.7,3,1,3149.5,130,2,3149.7,38,1,3149.8,90,3,3149.9,1352,6,3150.0,6898,98
2031,2026-06-16 13:14:42+05:30,3149.8,11,3131.25,2387088,135953.0,193432.0,3163.0,3163.0,3108.0,3134.3,32030800,3447.7,2820.9,3839.9,2896.0,3149.3,1,1,3149.2,4,1,3149.0,20,5,3148.9,69,4,3148.7,3,1,3149.5,130,2,3149.7,38,1,3149.8,90,3,3149.9,1352,6,3150.0,6898,98
2031,2026-06-16 13:14:43+05:30,3149.5,1,3131.25,2387094,136421.0,193399.0,3163.0,3163.0,3108.0,3134.3,32030800,3447.7,2820.9,3839.9,2896.0,3149.3,16,2,3149.2,19,2,3149.0,370,6,3148.9,38,2,3148.7,3,1,3149.5,196,4,3149.8,90,3,3149.9,1429,7,3150.0,6886,97,3150.1,480,5
2031,2026-06-16 13:14:43+05:30,3149.5,1,3131.25,2387094,136421.0,193399.0,3163.0,3163.0,3108.0,3134.3,32030800,3447.7,2820.9,3839.9,2896.0,3149.3,16,2,3149.2,19,2,3149.0,370,6,3148.9,38,2,3148.7,3,1,3149.5,196,4,3149.8,90,3,3149.9,1429,7,3150.0,6886,97,3150.1,480,5
2031,2026-06-16 13:14:44+05:30,3149.5,1,3131.25,2387102,136251.0,193599.0,3163.0,3163.0,3108.0,3134.3,32030800,3447.7,2820.9,3839.9,2896.0,3149.4,18,1,3149.3,1,1,3149.2,19,2,3149.0,370,6,3148.9,38,2,3149.5,195,4,3149.7,27,1,3149.8,56,2,3149.9,1429,7,3150.0,6903,98
2031,2026-06-16 13:14:44+05:30,3149.5,16,3131.25,2387102,136251.0,193599.0,3163.0,3163.0,3108.0,3134.3,32030800,3447.7,2820.9,3839.9,2896.0,3149.4,18,1,3149.3,1,1,3149.2,19,2,3149.0,370,6,3148.9,38,2,3149.5,195,4,3149.7,27,1,3149.8,56,2,3149.9,1429,7,3150.0,6903,98
2031,2026-06-16 13:14:45+05:30,3149.5,1,3131.25,2387282,136177.0,192587.0,3163.0,3163.0,3108.0,3134.3,32030800,3447.7,2820.9,3839.9,2896.0,3149.3,2,2,3149.2,15,1,3149.0,393,7,3148.9,38,2,3148.7,28,2,3149.8,56,2,3149.9,1352,6,3150.0,6865,97,3150.1,422,4,3150.2,281,4
2031,2026-06-16 13:14:45+05:30,3149.6,1,3131.25,2387282,136177.0,192587.0,3163.0,3163.0,3108.0,3134.3,32030800,3447.7,2820.9,3839.9,2896.0,3149.3,2,2,3149.2,15,1,3149.0,393,7,3148.9,38,2,3148.7,28,2,3149.8,56,2,3149.9,1352,6,3150.0,6865,97,3150.1,422,4,3150.2,281,4
2031,2026-06-16 13:14:46+05:30,3149.9,57,3131.25,2387397,136098.0,192573.0,3163.0,3163.0,3108.0,3134.3,32030800,3447.7,2820.9,3839.9,2896.0,3149.6,2,2,3149.5,4,1,3149.3,2,2,3149.2,15,1,3149.0,370,6,3149.8,74,1,3149.9,1295,6,3150.0,6818,96,3150.1,25,1,3150.2,467,4
2031,2026-06-16 13:14:46+05:30,3149.9,57,3131.25,2387397,136098.0,192573.0,3163.0,3163.0,3108.0,3134.3,32030800,3447.7,2820.9,3839.9,2896.0,3149.6,2,2,3149.5,4,1,3149.3,2,2,3149.2,15,1,3149.0,370,6,3149.8,74,1,3149.9,1295,6,3150.0,6818,96,3150.1,25,1,3150.2,467,4
2031,2026-06-16 13:14:47+05:30,3149.9,57,3131.25,2387397,135933.0,192798.0,3163.0,3163.0,3108.0,3134.3,32030800,3447.7,2820.9,3839.9,2896.0,3149.6,2,2,3149.5,4,1,3149.3,2,2,3149.2,15,1,3149.0,370,6,3149.8,74,1,3149.9,1553,9,3150.0,6818,96,3150.1,62,2,3150.2,467,4
2031,2026-06-16 13:14:47+05:30,3149.8,18,3131.25,2387397,135933.0,192798.0,3163.0,3163.0,3108.0,3134.3,32030800,3447.7,2820.9,3839.9,2896.0,3149.6,2,2,3149.5,4,1,3149.3,2,2,3149.2,15,1,3149.0,370,6,3149.8,74,1,3149.9,1553,9,3150.0,6818,96,3150.1,62,2,3150.2,467,4
2031,2026-06-16 13:14:48+05:30,3149.8,18,3131.25,2387415,136213.0,192818.0,3163.0,3163.0,3108.0,3134.3,32030800,3447.7,2820.9,3839.9,2896.0,3149.6,2,2,3149.5,4,1,3149.3,19,3,3149.2,15,1,3149.0,370,6,3149.8,56,1,3149.9,1553,9,3150.0,6818,96,3150.1,62,2,3150.2,467,4
2031,2026-06-16 13:14:48+05:30,3149.8,1,3131.25,2387415,136213.0,192818.0,3163.0,3163.0,3108.0,3134.3,32030800,3447.7,2820.9,3839.9,2896.0,3149.6,2,2,3149.5,4,1,3149.3,19,3,3149.2,15,1,3149.0,370,6,3149.8,56,1,3149.9,1553,9,3150.0,6818,96,3150.1,62,2,3150.2,467,4
2031,2026-06-16 13:14:49+05:30,3149.8,1,3131.25,2387416,136483.0,192717.0,3163.0,3163.0,3108.0,3134.3,32030800,3447.7,2820.9,3839.9,2896.0,3149.6,42,3,3149.5,4,1,3149.3,19,3,3149.2,15,1,3149.0,370,6,3149.8,55,1,3149.9,1495,7,3150.0,6801,95,3150.1,63,2,3150.2,429,3
2031,2026-06-16 13:14:49+05:30,3149.8,9,3131.25,2387416,136483.0,192717.0,3163.0,3163.0,3108.0,3134.3,32030800,3447.7,2820.9,3839.9,2896.0,3149.6,42,3,3149.5,4,1,3149.3,19,3,3149.2,15,1,3149.0,370,6,3149.8,55,1,3149.9,1495,7,3150.0,6801,95,3150.1,63,2,3150.2,429,3
2031,2026-06-16 13:14:50+05:30,3149.8,1,3131.25,2387426,136686.0,192642.0,3163.0,3163.0,3108.0,3134.3,32030800,3447.7,2820.9,3839.9,2896.0,3149.6,56,4,3149.5,21,2,3149.3,2,2,3149.1,15,1,3149.0,387,7,3149.8,46,2,3149.9,1495,7,3150.0,6801,95,3150.1,25,1,3150.2,429,3
2031,2026-06-16 13:14:50+05:30,3149.8,1,3131.25,2387426,136686.0,192642.0,3163.0,3163.0,3108.0,3134.3,32030800,3447.7,2820.9,3839.9,2896.0,3149.6,56,4,3149.5,21,2,3149.3,2,2,3149.1,15,1,3149.0,387,7,3149.8,46,2,3149.9,1495,7,3150.0,6801,95,3150.1,25,1,3150.2,429,3
2031,2026-06-16 13:14:51+05:30,3149.8,1,3131.25,2387426,136671.0,192845.0,3163.0,3163.0,3108.0,3134.3,32030800,3447.7,2820.9,3839.9,2896.0,3149.7,17,3,3149.6,40,1,3149.5,4,1,3149.4,14,1,3149.3,2,2,3149.8,46,2,3149.9,1495,7,3150.0,6821,96,3150.1,99,3,3150.2,394,3
2031,2026-06-16 13:14:51+05:30,3149.8,11,3131.25,2387426,136671.0,192845.0,3163.0,3163.0,3108.0,3134.3,32030800,3447.7,2820.9,3839.9,2896.0,3149.7,17,3,3149.6,40,1,3149.5,4,1,3149.4,14,1,3149.3,2,2,3149.8,46,2,3149.9,1495,7,3150.0,6821,96,3150.1,99,3,3150.2,394,3
2031,2026-06-16 13:14:52+05:30,3149.8,11,3131.26,2387780,136445.0,193071.0,3163.0,3163.0,3108.0,3134.3,32030800,3447.7,2820.9,3839.9,2896.0,3149.5,4,1,3149.3,2,2,3149.0,370,6,3148.9,1,1,3148.8,22,1,3149.8,18,2,3149.9,1533,8,3150.0,6814,96,3150.1,102,3,3150.2,400,4
2031,2026-06-16 13:14:52+05:30,3149.8,6,3131.26,2387780,136445.0,193071.0,3163.0,3163.0,3108.0,3134.3,32030800,3447.7,2820.9,3839.9,2896.0,3149.5,4,1,3149.3,2,2,3149.0,370,6,3148.9,1,1,3148.8,22,1,3149.8,18,2,3149.9,1533,8,3150.0,6814,96,3150.1,102,3,3150.2,400,4
2031,2026-06-16 13:14:53+05:30,3149.8,6,3131.26,2387790,136305.0,193094.0,3163.0,3163.0,3108.0,3134.3,32030800,3447.7,2820.9,3839.9,2896.0,3149.5,22,3,3149.3,2,2,3149.0,370,6,3148.9,1,1,3148.8,47,2,3149.8,39,1,3149.9,1495,7,3150.0,6801,95,3150.1,25,1,3150.2,400,4
2031,2026-06-16 13:14:54+05:30,3149.8,1,3131.26,2387791,136245.0,193303.0,3163.0,3163.0,3108.0,3134.3,32030800,3447.7,2820.9,3839.9,2896.0,3149.5,18,2,3149.3,2,2,3149.0,370,6,3148.9,1,1,3148.8,22,1,3149.8,276,3,3149.9,1295,6,3150.0,6890,98,3150.1,422,4,3150.2,193,3
2031,2026-06-16 13:14:54+05:30,3149.8,1,3131.26,2387791,136245.0,193303.0,3163.0,3163.0,3108.0,3134.3,32030800,3447.7,2820.9,3839.9,2896.0,3149.5,18,2,3149.3,2,2,3149.0,370,6,3148.9,1,1,3148.8,22,1,3149.8,276,3,3149.9,1295,6,3150.0,6890,98,3150.1,422,4,3150.2,193,3
2031,2026-06-16 13:14:55+05:30,3149.8,1,3131.26,2387865,136468.0,193201.0,3163.0,3163.0,3108.0,3134.3,32030800,3447.7,2820.9,3839.9,2896.0,3149.5,18,2,3149.3,2,2,3149.0,370,6,3148.9,1,1,3148.8,22,1,3149.8,202,2,3149.9,1295,6,3150.0,6890,98,3150.1,422,4,3150.2,193,3
2031,2026-06-16 13:14:55+05:30,3149.8,10,3131.26,2387865,136468.0,193201.0,3163.0,3163.0,3108.0,3134.3,32030800,3447.7,2820.9,3839.9,2896.0,3149.5,18,2,3149.3,2,2,3149.0,370,6,3148.9,1,1,3148.8,22,1,3149.8,202,2,3149.9,1295,6,3150.0,6890,98,3150.1,422,4,3150.2,193,3
2031,2026-06-16 13:14:56+05:30,3149.5,153,3131.26,2388029,136203.0,193012.0,3163.0,3163.0,3108.0,3134.3,32030800,3447.7,2820.9,3839.9,2896.0,3149.5,10,1,3149.3,1,1,3149.0,370,6,3148.9,1,1,3148.8,44,2,3149.8,63,2,3149.9,1322,7,3150.0,6881,98,3150.1,160,4,3150.2,400,4
2031,2026-06-16 13:14:56+05:30,3149.8,3,3131.26,2388029,136203.0,193012.0,3163.0,3163.0,3108.0,3134.3,32030800,3447.7,2820.9,3839.9,2896.0,3149.5,10,1,3149.3,1,1,3149.0,370,6,3148.9,1,1,3148.8,44,2,3149.8,63,2,3149.9,1322,7,3150.0,6881,98,3150.1,160,4,3150.2,400,4
2031,2026-06-16 13:14:57+05:30,3149.8,3,3131.26,2388032,136404.0,193027.0,3163.0,3163.0,3108.0,3134.3,32030800,3447.7,2820.9,3839.9,2896.0,3149.5,10,1,3149.3,1,1,3149.0,370,6,3148.9,1,1,3148.8,22,1,3149.8,61,3,3149.9,1322,7,3150.0,6881,98,3150.1,160,4,3150.2,400,4
2031,2026-06-16 13:14:57+05:30,3149.8,5,3131.26,2388032,136404.0,193027.0,3163.0,3163.0,3108.0,3134.3,32030800,3447.7,2820.9,3839.9,2896.0,3149.5,10,1,3149.3,1,1,3149.0,370,6,3148.9,1,1,3148.8,22,1,3149.8,61,3,3149.9,1322,7,3150.0,6881,98,3150.1,160,4,3150.2,400,4
2031,2026-06-16 13:14:58+05:30,3149.8,1,3131.26,2388088,136625.0,193129.0,3163.0,3163.0,3108.0,3134.3,32030800,3447.7,2820.9,3839.9,2896.0,3149.5,10,1,3149.3,1,1,3149.0,370,6,3148.9,1,1,3148.8,22,1,3149.8,90,4,3149.9,1322,7,3150.0,6881,98,3150.1,160,4,3150.2,400,4
2031,2026-06-16 13:14:58+05:30,3149.8,1,3131.26,2388088,136625.0,193129.0,3163.0,3163.0,3108.0,3134.3,32030800,3447.7,2820.9,3839.9,2896.0,3149.5,10,1,3149.3,1,1,3149.0,370,6,3148.9,1,1,3148.8,22,1,3149.8,90,4,3149.9,1322,7,3150.0,6881,98,3150.1,160,4,3150.2,400,4
2031,2026-06-16 13:14:59+05:30,3149.8,1,3131.26,2388089,136653.0,193232.0,3163.0,3163.0,3108.0,3134.3,32030800,3447.7,2820.9,3839.9,2896.0,3149.5,10,1,3149.3,1,1,3149.0,370,6,3148.9,1,1,3148.8,44,2,3149.8,189,5,3149.9,1358,8,3150.0,6881,98,3150.1,123,3,3150.2,436,5
2031,2026-06-16 13:14:59+05:30,3149.8,1,3131.26,2388089,136653.0,193232.0,3163.0,3163.0,3108.0,3134.3,32030800,3447.7,2820.9,3839.9,2896.0,3149.5,10,1,3149.3,1,1,3149.0,370,6,3148.9,1,1,3148.8,44,2,3149.8,189,5,3149.9,1358,8,3150.0,6881,98,3150.1,123,3,3150.2,436,5
2031,2026-06-16 13:15:00+05:30,3149.8,1,3131.26,2388089,136445.0,193267.0,3163.0,3163.0,3108.0,3134.3,32030800,3447.7,2820.9,3839.9,2896.0,3149.5,32,5,3149.3,1,1,3149.0,370,6,3148.9,1,1,3148.8,44,2,3149.8,162,5,3149.9,1295,6,3150.0,6843,97,3150.1,83,2,3150.2,362,3
2031,2026-06-16 13:15:01+05:30,3149.5,6,3131.26,2388099,136484.0,193225.0,3163.0,3163.0,3108.0,3134.3,32030800,3447.7,2820.9,3839.9,2896.0,3149.5,26,5,3149.3,12,2,3149.1,180,2,3149.0,370,6,3148.9,26,2,3149.8,162,5,3149.9,1295,6,3150.0,6843,97,3150.1,25,1,3150.2,362,3
2031,2026-06-16 13:15:01+05:30,3149.0,14,3131.26,2388099,136484.0,193225.0,3163.0,3163.0,3108.0,3134.3,32030800,3447.7,2820.9,3839.9,2896.0,3149.5,26,5,3149.3,12,2,3149.1,180,2,3149.0,370,6,3148.9,26,2,3149.8,162,5,3149.9,1295,6,3150.0,6843,97,3150.1,25,1,3150.2,362,3
2031,2026-06-16 13:15:02+05:30,3149.0,14,3131.26,2388614,136274.0,193396.0,3163.0,3163.0,3108.0,3134.3,32030800,3447.7,2820.9,3839.9,2896.0,3149.5,3,1,3149.0,296,7,3148.9,43,3,3148.8,69,3,3148.7,27,2,3149.8,172,6,3149.9,1295,6,3150.0,6945,98,3150.1,25,1,3150.2,162,2
2031,2026-06-16 13:15:03+05:30,3149.0,14,3131.26,2388614,136283.0,193627.0,3163.0,3163.0,3108.0,3134.3,32030800,3447.7,2820.9,3839.9,2896.0,3149.5,3,1,3149.0,297,7,3148.9,43,3,3148.8,69,3,3148.7,27,2,3149.8,222,7,3149.9,1295,6,3150.0,6965,99,3150.1,25,1,3150.2,162,2
2031,2026-06-16 13:15:04+05:30,3149.5,12,3131.26,2388629,136313.0,193628.0,3163.0,3163.0,3108.0,3134.3,32030800,3447.7,2820.9,3839.9,2896.0,3149.5,33,2,3149.0,297,7,3148.9,43,3,3148.8,69,3,3148.7,27,2,3149.8,222,7,3149.9,1295,6,3150.0,6965,99,3150.1,25,1,3150.2,362,3
2031,2026-06-16 13:15:04+05:30,3149.8,24,3131.26,2388629,136313.0,193628.0,3163.0,3163.0,3108.0,3134.3,32030800,3447.7,2820.9,3839.9,2896.0,3149.5,33,2,3149.0,297,7,3148.9,43,3,3148.8,69,3,3148.7,27,2,3149.8,222,7,3149.9,1295,6,3150.0,6965,99,3150.1,25,1,3150.2,362,3
2031,2026-06-16 13:15:05+05:30,3149.8,24,3131.26,2388679,136603.0,193899.0,3163.0,3163.0,3108.0,3134.3,32030800,3447.7,2820.9,3839.9,2896.0,3149.5,33,2,3149.4,25,1,3149.3,30,2,3149.2,38,2,3149.0,316,8,3149.8,172,5,3149.9,1295,6,3150.0,6965,99,3150.1,25,1,3150.2,362,3
2031,2026-06-16 13:15:05+05:30,3149.5,2,3131.26,2388679,136603.0,193899.0,3163.0,3163.0,3108.0,3134.3,32030800,3447.7,2820.9,3839.9,2896.0,3149.5,33,2,3149.4,25,1,3149.3,30,2,3149.2,38,2,3149.0,316,8,3149.8,172,5,3149.9,1295,6,3150.0,6965,99,3150.1,25,1,3150.2,362,3
2031,2026-06-16 13:15:06+05:30,3149.5,2,3131.26,2388681,136659.0,193946.0,3163.0,3163.0,3108.0,3134.3,32030800,3447.7,2820.9,3839.9,2896.0,3149.5,48,3,3149.4,25,1,3149.3,30,2,3149.2,40,3,3149.0,316,8,3149.8,161,4,3149.9,1295,6,3150.0,6965,99,3150.1,25,1,3150.2,362,3
2031,2026-06-16 13:15:07+05:30,3149.5,2,3131.26,2388681,136686.0,194023.0,3163.0,3163.0,3108.0,3134.3,32030800,3447.7,2820.9,3839.9,2896.0,3149.5,48,3,3149.2,2,1,3149.1,62,3,3149.0,314,8,3148.9,21,2,3149.8,161,4,3149.9,1295,6,3150.0,6965,99,3150.1,25,1,3150.2,362,3
2031,2026-06-16 13:15:08+05:30,3149.5,2,3131.26,2388681,136703.0,194189.0,3163.0,3163.0,3108.0,3134.3,32030800,3447.7,2820.9,3839.9,2896.0,3149.5,48,3,3149.2,2,1,3149.1,62,3,3149.0,314,8,3148.9,21,2,3149.8,161,4,3149.9,1295,6,3150.0,6948,98,3150.1,25,1,3150.2,362,3
2031,2026-06-16 13:15:09+05:30,3149.5,2,3131.26,2388681,136715.0,194134.0,3163.0,3163.0,3108.0,3134.3,32030800,3447.7,2820.9,3839.9,2896.0,3149.6,2,1,3149.5,45,2,3149.2,2,1,3149.1,62,3,3149.0,314,8,3149.7,1,1,3149.8,160,3,3149.9,1295,6,3150.0,6948,98,3150.1,25,1
2031,2026-06-16 13:15:09+05:30,3149.8,1,3131.26,2388681,136715.0,194134.0,3163.0,3163.0,3108.0,3134.3,32030800,3447.7,2820.9,3839.9,2896.0,3149.6,2,1,3149.5,45,2,3149.2,2,1,3149.1,62,3,3149.0,314,8,3149.7,1,1,3149.8,160,3,3149.9,1295,6,3150.0,6948,98,3150.1,25,1
2031,2026-06-16 13:15:10+05:30,3149.8,1,3131.26,2388684,136746.0,193701.0,3163.0,3163.0,3108.0,3134.3,32030800,3447.7,2820.9,3839.9,2896.0,3149.7,15,1,3149.6,45,2,3149.5,28,1,3149.2,2,1,3149.1,15,1,3149.8,173,4,3149.9,1295,6,3150.0,6863,98,3150.1,25,1,3150.2,398,3
2031,2026-06-16 13:15:10+05:30,3149.8,35,3131.26,2388684,136746.0,193701.0,3163.0,3163.0,3108.0,3134.3,32030800,3447.7,2820.9,3839.9,2896.0,3149.7,15,1,3149.6,45,2,3149.5,28,1,3149.2,2,1,3149.1,15,1,3149.8,173,4,3149.9,1295,6,3150.0,6863,98,3150.1,25,1,3150.2,398,3
2031,2026-06-16 13:15:11+05:30,3149.8,35,3131.26,2388829,136876.0,193045.0,3163.0,3163.0,3108.0,3134.3,32030800,3447.7,2820.9,3839.9,2896.0,3149.6,45,2,3149.5,43,2,3149.2,2,1,3149.0,306,8,3148.9,21,2,3149.8,53,3,3149.9,1295,6,3150.0,6884,98,3150.1,25,1,3150.2,74,2
2031,2026-06-16 13:15:11+05:30,3149.8,11,3131.26,2388829,136876.0,193045.0,3163.0,3163.0,3108.0,3134.3,32030800,3447.7,2820.9,3839.9,2896.0,3149.6,45,2,3149.5,43,2,3149.2,2,1,3149.0,306,8,3148.9,21,2,3149.8,53,3,3149.9,1295,6,3150.0,6884,98,3150.1,25,1,3150.2,74,2
2031,2026-06-16 13:15:12+05:30,3149.8,11,3131.26,2388829,136876.0,193045.0,3163.0,3163.0,3108.0,3134.3,32030800,3447.7,2820.9,3839.9,2896.0,3149.6,45,2,3149.5,43,2,3149.2,2,1,3149.0,306,8,3148.9,21,2,3149.8,53,3,3149.9,1295,6,3150.0,6884,98,3150.1,25,1,3150.2,74,2
2031,2026-06-16 13:15:12+05:30,3149.9,259,3131.27,2389141,136520.0,192636.0,3163.0,3163.0,3108.0,3134.3,32030800,3447.7,2820.9,3839.9,2896.0,3149.6,45,2,3149.5,43,2,3149.2,2,1,3149.0,306,8,3148.9,21,2,3149.9,1036,6,3150.0,6911,99,3150.1,25,1,3150.2,114,3,3150.3,3,1
2031,2026-06-16 13:15:12+05:30,3149.8,100,3131.27,2389141,136520.0,192636.0,3163.0,3163.0,3108.0,3134.3,32030800,3447.7,2820.9,3839.9,2896.0,3149.6,45,2,3149.5,43,2,3149.2,2,1,3149.0,306,8,3148.9,21,2,3149.9,1036,6,3150.0,6911,99,3150.1,25,1,3150.2,114,3,3150.3,3,1
2031,2026-06-16 13:15:13+05:30,3149.8,100,3131.27,2389241,136694.0,192775.0,3163.0,3163.0,3108.0,3134.3,32030800,3447.7,2820.9,3839.9,2896.0,3149.6,45,2,3149.5,43,2,3149.3,5,1,3149.2,2,1,3149.0,306,8,3149.8,14,1,3149.9,1079,7,3150.0,6784,97,3150.1,62,2,3150.2,78,2
2031,2026-06-16 13:15:13+05:30,3149.8,100,3131.27,2389241,136694.0,192775.0,3163.0,3163.0,3108.0,3134.3,32030800,3447.7,2820.9,3839.9,2896.0,3149.6,45,2,3149.5,43,2,3149.3,5,1,3149.2,2,1,3149.0,306,8,3149.8,14,1,3149.9,1079,7,3150.0,6784,97,3150.1,62,2,3150.2,78,2
2031,2026-06-16 13:15:14+05:30,3149.8,100,3131.27,2389241,136627.0,192749.0,3163.0,3163.0,3108.0,3134.3,32030800,3447.7,2820.9,3839.9,2896.0,3149.6,45,2,3149.5,43,2,3149.3,5,1,3149.2,2,1,3149.0,306,8,3149.8,15,2,3149.9,1079,7,3150.0,6746,96,3150.1,95,3,3150.2,38,1
2031,2026-06-16 13:15:14+05:30,3149.8,1,3131.27,2389241,136627.0,192749.0,3163.0,3163.0,3108.0,3134.3,32030800,3447.7,2820.9,3839.9,2896.0,3149.6,45,2,3149.5,43,2,3149.3,5,1,3149.2,2,1,3149.0,306,8,3149.8,15,2,3149.9,1079,7,3150.0,6746,96,3150.1,95,3,3150.2,38,1
2031,2026-06-16 13:15:15+05:30,3149.8,1,3131.27,2389242,136742.0,192782.0,3163.0,3163.0,3108.0,3134.3,32030800,3447.7,2820.9,3839.9,2896.0,3149.6,96,4,3149.5,43,2,3149.3,5,1,3149.2,2,1,3149.0,306,8,3149.8,14,2,3149.9,1079,7,3150.0,6746,96,3150.1,25,1,3150.2,38,1
2031,2026-06-16 13:15:15+05:30,3149.8,1,3131.27,2389242,136742.0,192782.0,3163.0,3163.0,3108.0,3134.3,32030800,3447.7,2820.9,3839.9,2896.0,3149.6,96,4,3149.5,43,2,3149.3,5,1,3149.2,2,1,3149.0,306,8,3149.8,14,2,3149.9,1079,7,3150.0,6746,96,3150.1,25,1,3150.2,38,1
2031,2026-06-16 13:15:15+05:30,3149.5,60,3131.27,2389242,136742.0,192782.0,3163.0,3163.0,3108.0,3134.3,32030800,3447.7,2820.9,3839.9,2896.0,3149.6,96,4,3149.5,43,2,3149.3,5,1,3149.2,2,1,3149.0,306,8,3149.8,14,2,3149.9,1079,7,3150.0,6746,96,3150.1,25,1,3150.2,38,1
2031,2026-06-16 13:15:16+05:30,3149.5,60,3131.27,2389463,136216.0,192510.0,3163.0,3163.0,3108.0,3134.3,32030800,3447.7,2820.9,3839.9,2896.0,3149.5,15,1,3149.0,309,9,3148.9,38,3,3148.8,47,2,3148.7,73,2,3149.9,1116,8,3150.0,6779,97,3150.1,25,1,3150.2,131,3,3150.3,49,2
2031,2026-06-16 13:15:16+05:30,3149.9,9,3131.27,2389463,136216.0,192510.0,3163.0,3163.0,3108.0,3134.3,32030800,3447.7,2820.9,3839.9,2896.0,3149.5,15,1,3149.0,309,9,3148.9,38,3,3148.8,47,2,3148.7,73,2,3149.9,1116,8,3150.0,6779,97,3150.1,25,1,3150.2,131,3,3150.3,49,2
2031,2026-06-16 13:15:17+05:30,3149.9,9,3131.27,2389472,135829.0,192449.0,3163.0,3163.0,3108.0,3134.3,32030800,3447.7,2820.9,3839.9,2896.0,3149.8,9,1,3149.5,15,1,3149.0,300,8,3148.9,38,3,3148.8,47,2,3149.9,1069,7,3150.0,6784,97,3150.1,45,2,3150.2,94,2,3150.3,49,2
2031,2026-06-16 13:15:17+05:30,3149.9,9,3131.27,2389472,135829.0,192449.0,3163.0,3163.0,3108.0,3134.3,32030800,3447.7,2820.9,3839.9,2896.0,3149.8,9,1,3149.5,15,1,3149.0,300,8,3148.9,38,3,3148.8,47,2,3149.9,1069,7,3150.0,6784,97,3150.1,45,2,3150.2,94,2,3150.3,49,2
2031,2026-06-16 13:15:17+05:30,3149.9,1,3131.27,2389472,135829.0,192449.0,3163.0,3163.0,3108.0,3134.3,32030800,3447.7,2820.9,3839.9,2896.0,3149.8,9,1,3149.5,15,1,3149.0,300,8,3148.9,38,3,3148.8,47,2,3149.9,1069,7,3150.0,6784,97,3150.1,45,2,3150.2,94,2,3150.3,49,2
2031,2026-06-16 13:15:18+05:30,3149.9,1,3131.27,2389473,135926.0,192196.0,3163.0,3163.0,3108.0,3134.3,32030800,3447.7,2820.9,3839.9,2896.0,3149.8,9,1,3149.7,15,1,3149.5,15,1,3149.1,63,1,3149.0,300,8,3149.9,1068,7,3150.0,6746,96,3150.1,45,2,3150.3,49,2,3150.4,131,3
2031,2026-06-16 13:15:18+05:30,3149.9,5,3131.27,2389473,135926.0,192196.0,3163.0,3163.0,3108.0,3134.3,32030800,3447.7,2820.9,3839.9,2896.0,3149.8,9,1,3149.7,15,1,3149.5,15,1,3149.1,63,1,3149.0,300,8,3149.9,1068,7,3150.0,6746,96,3150.1,45,2,3150.3,49,2,3150.4,131,3
2031,2026-06-16 13:15:19+05:30,3149.9,5,3131.27,2389478,135922.0,192213.0,3163.0,3163.0,3108.0,3134.3,32030800,3447.7,2820.9,3839.9,2896.0,3149.8,9,1,3149.7,15,1,3149.5,15,1,3149.1,63,1,3149.0,300,8,3149.9,1064,8,3150.0,6746,96,3150.1,45,2,3150.3,49,2,3150.4,131,3
2031,2026-06-16 13:15:19+05:30,3149.9,1,3131.27,2389478,135922.0,192213.0,3163.0,3163.0,3108.0,3134.3,32030800,3447.7,2820.9,3839.9,2896.0,3149.8,9,1,3149.7,15,1,3149.5,15,1,3149.1,63,1,3149.0,300,8,3149.9,1064,8,3150.0,6746,96,3150.1,45,2,3150.3,49,2,3150.4,131,3
2031,2026-06-16 13:15:19+05:30,3149.9,1,3131.27,2389478,135922.0,192213.0,3163.0,3163.0,3108.0,3134.3,32030800,3447.7,2820.9,3839.9,2896.0,3149.8,9,1,3149.7,15,1,3149.5,15,1,3149.1,63,1,3149.0,300,8,3149.9,1064,8,3150.0,6746,96,3150.1,45,2,3150.3,49,2,3150.4,131,3
2031,2026-06-16 13:15:20+05:30,3149.9,2,3131.27,2389644,135963.0,192022.0,3163.0,3163.0,3108.0,3134.3,32030800,3447.7,2820.9,3839.9,2896.0,3149.8,9,1,3149.5,16,2,3149.1,63,1,3149.0,300,8,3148.9,38,3,3149.9,905,9,3150.0,6746,96,3150.1,83,3,3150.3,86,3,3150.4,94,2
2031,2026-06-16 13:15:20+05:30,3149.9,1,3131.27,2389644,135963.0,192022.0,3163.0,3163.0,3108.0,3134.3,32030800,3447.7,2820.9,3839.9,2896.0,3149.8,9,1,3149.5,16,2,3149.1,63,1,3149.0,300,8,3148.9,38,3,3149.9,905,9,3150.0,6746,96,3150.1,83,3,3150.3,86,3,3150.4,94,2
2031,2026-06-16 13:15:21+05:30,3149.9,1,3131.27,2389645,136048.0,192050.0,3163.0,3163.0,3108.0,3134.3,32030800,3447.7,2820.9,3839.9,2896.0,3149.8,9,1,3149.5,16,2,3149.1,63,1,3149.0,300,8,3148.9,38,3,3149.9,904,9,3150.0,6746,96,3150.1,83,3,3150.3,86,3,3150.4,94,2
2031,2026-06-16 13:15:21+05:30,3149.9,1,3131.27,2389645,136048.0,192050.0,3163.0,3163.0,3108.0,3134.3,32030800,3447.7,2820.9,3839.9,2896.0,3149.8,9,1,3149.5,16,2,3149.1,63,1,3149.0,300,8,3148.9,38,3,3149.9,904,9,3150.0,6746,96,3150.1,83,3,3150.3,86,3,3150.4,94,2
2031,2026-06-16 13:15:22+05:30,3149.9,1,3131.27,2389645,136060.0,192135.0,3163.0,3163.0,3108.0,3134.3,32030800,3447.7,2820.9,3839.9,2896.0,3149.8,25,2,3149.5,1,1,3149.1,63,1,3149.0,300,8,3148.9,38,3,3149.9,897,8,3150.0,6747,97,3150.1,83,3,3150.3,49,2,3150.4,94,2
2031,2026-06-16 13:15:22+05:30,3149.5,36,3131.27,2389645,136060.0,192135.0,3163.0,3163.0,3108.0,3134.3,32030800,3447.7,2820.9,3839.9,2896.0,3149.8,25,2,3149.5,1,1,3149.1,63,1,3149.0,300,8,3148.9,38,3,3149.9,897,8,3150.0,6747,97,3150.1,83,3,3150.3,49,2,3150.4,94,2
2031,2026-06-16 13:15:23+05:30,3149.5,36,3131.27,2389645,136060.0,192135.0,3163.0,3163.0,3108.0,3134.3,32030800,3447.7,2820.9,3839.9,2896.0,3149.8,25,2,3149.5,1,1,3149.1,63,1,3149.0,300,8,3148.9,38,3,3149.9,897,8,3150.0,6747,97,3150.1,83,3,3150.3,49,2,3150.4,94,2
2031,2026-06-16 13:15:23+05:30,3149.5,36,3131.27,2389691,135493.0,192483.0,3163.0,3163.0,3108.0,3134.3,32030800,3447.7,2820.9,3839.9,2896.0,3149.8,22,2,3149.0,297,7,3148.9,1,1,3148.8,3,1,3148.7,67,3,3149.9,879,8,3150.0,6785,98,3150.1,45,2,3150.2,74,2,3150.3,49,2
2031,2026-06-16 13:15:23+05:30,3149.5,36,3131.27,2389691,135493.0,192483.0,3163.0,3163.0,3108.0,3134.3,32030800,3447.7,2820.9,3839.9,2896.0,3149.8,22,2,3149.0,297,7,3148.9,1,1,3148.8,3,1,3148.7,67,3,3149.9,879,8,3150.0,6785,98,3150.1,45,2,3150.2,74,2,3150.3,49,2
2031,2026-06-16 13:15:23+05:30,3149.9,2,3131.27,2389691,135493.0,192483.0,3163.0,3163.0,3108.0,3134.3,32030800,3447.7,2820.9,3839.9,2896.0,3149.8,22,2,3149.0,297,7,3148.9,1,1,3148.8,3,1,3148.7,67,3,3149.9,879,8,3150.0,6785,98,3150.1,45,2,3150.2,74,2,3150.3,49,2
2031,2026-06-16 13:15:24+05:30,3149.9,1,3131.27,2389699,135524.0,192438.0,3163.0,3163.0,3108.0,3134.3,32030800,3447.7,2820.9,3839.9,2896.0,3149.8,17,1,3149.0,297,7,3148.9,1,1,3148.8,3,1,3148.7,67,3,3149.9,876,8,3150.0,6785,98,3150.1,45,2,3150.2,74,2,3150.3,49,2
2031,2026-06-16 13:15:24+05:30,3149.9,1,3131.27,2389699,135524.0,192438.0,3163.0,3163.0,3108.0,3134.3,32030800,3447.7,2820.9,3839.9,2896.0,3149.8,17,1,3149.0,297,7,3148.9,1,1,3148.8,3,1,3148.7,67,3,3149.9,876,8,3150.0,6785,98,3150.1,45,2,3150.2,74,2,3150.3,49,2
2031,2026-06-16 13:15:24+05:30,3149.9,2,3131.27,2389699,135524.0,192438.0,3163.0,3163.0,3108.0,3134.3,32030800,3447.7,2820.9,3839.9,2896.0,3149.8,17,1,3149.0,297,7,3148.9,1,1,3148.8,3,1,3148.7,67,3,3149.9,876,8,3150.0,6785,98,3150.1,45,2,3150.2,74,2,3150.3,49,2
2031,2026-06-16 13:15:25+05:30,3149.9,2,3131.27,2389703,135702.0,192441.0,3163.0,3163.0,3108.0,3134.3,32030800,3447.7,2820.9,3839.9,2896.0,3149.1,29,2,3149.0,318,8,3148.9,1,1,3148.8,59,2,3148.7,73,2,3149.9,872,8,3150.0,6785,98,3150.1,25,1,3150.2,74,2,3150.3,3,1
2031,2026-06-16 13:15:25+05:30,3149.9,2,3131.27,2389703,135702.0,192441.0,3163.0,3163.0,3108.0,3134.3,32030800,3447.7,2820.9,3839.9,2896.0,3149.1,29,2,3149.0,318,8,3148.9,1,1,3148.8,59,2,3148.7,73,2,3149.9,872,8,3150.0,6785,98,3150.1,25,1,3150.2,74,2,3150.3,3,1
2031,2026-06-16 13:15:25+05:30,3149.9,1,3131.27,2389703,135702.0,192441.0,3163.0,3163.0,3108.0,3134.3,32030800,3447.7,2820.9,3839.9,2896.0,3149.1,29,2,3149.0,318,8,3148.9,1,1,3148.8,59,2,3148.7,73,2,3149.9,872,8,3150.0,6785,98,3150.1,25,1,3150.2,74,2,3150.3,3,1
2031,2026-06-16 13:15:26+05:30,3149.9,1,3131.27,2389703,135702.0,192441.0,3163.0,3163.0,3108.0,3134.3,32030800,3447.7,2820.9,3839.9,2896.0,3149.1,29,2,3149.0,318,8,3148.9,1,1,3148.8,59,2,3148.7,73,2,3149.9,872,8,3150.0,6785,98,3150.1,25,1,3150.2,74,2,3150.3,3,1
2031,2026-06-16 13:15:26+05:30,3149.9,1,3131.27,2389720,135767.0,192450.0,3163.0,3163.0,3108.0,3134.3,32030800,3447.7,2820.9,3839.9,2896.0,3149.1,31,4,3149.0,297,7,3148.9,22,2,3148.8,3,1,3148.7,129,3,3149.9,871,8,3150.0,6785,98,3150.1,25,1,3150.2,94,2,3150.3,3,1
2031,2026-06-16 13:15:27+05:30,3149.9,1,3131.27,2389720,135767.0,192450.0,3163.0,3163.0,3108.0,3134.3,32030800,3447.7,2820.9,3839.9,2896.0,3149.1,31,4,3149.0,297,7,3148.9,22,2,3148.8,3,1,3148.7,129,3,3149.9,871,8,3150.0,6785,98,3150.1,25,1,3150.2,94,2,3150.3,3,1
2031,2026-06-16 13:15:27+05:30,3149.9,1,3131.27,2389720,135544.0,192540.0,3163.0,3163.0,3108.0,3134.3,32030800,3447.7,2820.9,3839.9,2896.0,3149.1,18,3,3149.0,297,7,3148.9,22,2,3148.8,3,1,3148.7,73,2,3149.9,917,9,3150.0,6785,98,3150.1,25,1,3150.2,129,3,3150.3,3,1
2031,2026-06-16 13:15:27+05:30,3149.9,1,3131.27,2389720,135544.0,192540.0,3163.0,3163.0,3108.0,3134.3,32030800,3447.7,2820.9,3839.9,2896.0,3149.1,18,3,3149.0,297,7,3148.9,22,2,3148.8,3,1,3148.7,73,2,3149.9,917,9,3150.0,6785,98,3150.1,25,1,3150.2,129,3,3150.3,3,1
2031,2026-06-16 13:15:28+05:30,3149.9,1,3131.27,2389720,135545.0,192715.0,3163.0,3163.0,3108.0,3134.3,32030800,3447.7,2820.9,3839.9,2896.0,3149.3,17,1,3149.1,2,2,3149.0,297,7,3148.9,22,2,3148.8,3,1,3149.9,923,10,3150.0,6785,98,3150.1,25,1,3150.2,73,2,3150.3,3,1
2031,2026-06-16 13:15:28+05:30,3149.9,23,3131.27,2389720,135545.0,192715.0,3163.0,3163.0,3108.0,3134.3,32030800,3447.7,2820.9,3839.9,2896.0,3149.3,17,1,3149.1,2,2,3149.0,297,7,3148.9,22,2,3148.8,3,1,3149.9,923,10,3150.0,6785,98,3150.1,25,1,3150.2,73,2,3150.3,3,1
2031,2026-06-16 13:15:28+05:30,3149.9,23,3131.27,2389720,135545.0,192715.0,3163.0,3163.0,3108.0,3134.3,32030800,3447.7,2820.9,3839.9,2896.0,3149.3,17,1,3149.1,2,2,3149.0,297,7,3148.9,22,2,3148.8,3,1,3149.9,923,10,3150.0,6785,98,3150.1,25,1,3150.2,73,2,3150.3,3,1
2031,2026-06-16 13:15:29+05:30,3149.9,23,3131.27,2389743,135464.0,192774.0,3163.0,3163.0,3108.0,3134.3,32030800,3447.7,2820.9,3839.9,2896.0,3149.5,15,1,3149.1,17,3,3149.0,297,7,3148.9,1,1,3148.8,3,1,3149.9,900,10,3150.0,6785,98,3150.1,65,2,3150.2,73,2,3150.3,56,2
2031,2026-06-16 13:15:29+05:30,3149.9,23,3131.27,2389743,135464.0,192774.0,3163.0,3163.0,3108.0,3134.3,32030800,3447.7,2820.9,3839.9,2896.0,3149.5,15,1,3149.1,17,3,3149.0,297,7,3148.9,1,1,3148.8,3,1,3149.9,900,10,3150.0,6785,98,3150.1,65,2,3150.2,73,2,3150.3,56,2
2031,2026-06-16 13:15:30+05:30,3149.9,23,3131.27,2389743,135464.0,192966.0,3163.0,3163.0,3108.0,3134.3,32030800,3447.7,2820.9,3839.9,2896.0,3149.5,21,4,3149.1,17,3,3149.0,297,7,3148.9,1,1,3148.8,3,1,3149.9,907,13,3150.0,6856,100,3150.1,46,2,3150.2,73,2,3150.3,56,2
2031,2026-06-16 13:15:30+05:30,3149.9,23,3131.27,2389743,135464.0,192966.0,3163.0,3163.0,3108.0,3134.3,32030800,3447.7,2820.9,3839.9,2896.0,3149.5,21,4,3149.1,17,3,3149.0,297,7,3148.9,1,1,3148.8,3,1,3149.9,907,13,3150.0,6856,100,3150.1,46,2,3150.2,73,2,3150.3,56,2
2031,2026-06-16 13:15:30+05:30,3149.9,10,3131.27,2389743,135464.0,192966.0,3163.0,3163.0,3108.0,3134.3,32030800,3447.7,2820.9,3839.9,2896.0,3149.5,21,4,3149.1,17,3,3149.0,297,7,3148.9,1,1,3148.8,3,1,3149.9,907,13,3150.0,6856,100,3150.1,46,2,3150.2,73,2,3150.3,56,2
2031,2026-06-16 13:15:31+05:30,3149.9,1,3131.27,2389760,135756.0,192599.0,3163.0,3163.0,3108.0,3134.3,32030800,3447.7,2820.9,3839.9,2896.0,3149.7,2,2,3149.5,16,4,3149.1,17,3,3149.0,297,7,3148.9,1,1,3149.9,895,13,3150.0,6783,98,3150.1,25,1,3150.3,56,2,3150.4,131,3
2031,2026-06-16 13:15:31+05:30,3149.9,1,3131.27,2389760,135756.0,192599.0,3163.0,3163.0,3108.0,3134.3,32026200,3447.7,2820.9,3839.9,2896.0,3149.7,2,2,3149.5,16,4,3149.1,17,3,3149.0,297,7,3148.9,1,1,3149.9,895,13,3150.0,6783,98,3150.1,25,1,3150.3,56,2,3150.4,131,3
2031,2026-06-16 13:15:31+05:30,3149.9,12,3131.27,2389760,135756.0,192599.0,3163.0,3163.0,3108.0,3134.3,32026200,3447.7,2820.9,3839.9,2896.0,3149.7,2,2,3149.5,16,4,3149.1,17,3,3149.0,297,7,3148.9,1,1,3149.9,895,13,3150.0,6783,98,3150.1,25,1,3150.3,56,2,3150.4,131,3
2031,2026-06-16 13:15:32+05:30,3149.9,10,3131.27,2389935,135821.0,192353.0,3163.0,3163.0,3108.0,3134.3,32026200,3447.7,2820.9,3839.9,2896.0,3149.7,2,2,3149.5,6,3,3149.1,2,2,3149.0,363,9,3148.9,1,1,3149.9,754,14,3150.0,6803,99,3150.1,25,1,3150.3,56,2,3150.4,37,1
2031,2026-06-16 13:15:32+05:30,3149.9,10,3131.27,2389935,135821.0,192353.0,3163.0,3163.0,3108.0,3134.3,32026200,3447.7,2820.9,3839.9,2896.0,3149.7,2,2,3149.5,6,3,3149.1,2,2,3149.0,363,9,3148.9,1,1,3149.9,754,14,3150.0,6803,99,3150.1,25,1,3150.3,56,2,3150.4,37,1
2031,2026-06-16 13:15:33+05:30,3149.7,3,3131.27,2389940,135951.0,192525.0,3163.0,3163.0,3108.0,3134.3,32026200,3447.7,2820.9,3839.9,2896.0,3149.7,15,3,3149.5,6,3,3149.1,2,2,3149.0,363,9,3148.9,20,2,3149.9,754,14,3150.0,6783,98,3150.1,25,1,3150.3,56,2,3150.4,37,1
2031,2026-06-16 13:15:33+05:30,3149.7,3,3131.27,2389940,135951.0,192525.0,3163.0,3163.0,3108.0,3134.3,32026200,3447.7,2820.9,3839.9,2896.0,3149.7,15,3,3149.5,6,3,3149.1,2,2,3149.0,363,9,3148.9,20,2,3149.9,754,14,3150.0,6783,98,3150.1,25,1,3150.3,56,2,3150.4,37,1
2031,2026-06-16 13:15:34+05:30,3149.7,3,3131.27,2389940,135993.0,192525.0,3163.0,3163.0,3108.0,3134.3,32026200,3447.7,2820.9,3839.9,2896.0,3149.7,15,3,3149.5,6,3,3149.1,2,2,3149.0,363,9,3148.9,1,1,3149.8,1,1,3149.9,753,13,3150.0,6783,98,3150.1,25,1,3150.3,94,3
2031,2026-06-16 13:15:34+05:30,3149.9,164,3131.27,2389940,135993.0,192525.0,3163.0,3163.0,3108.0,3134.3,32026200,3447.7,2820.9,3839.9,2896.0,3149.7,15,3,3149.5,6,3,3149.1,2,2,3149.0,363,9,3148.9,1,1,3149.8,1,1,3149.9,753,13,3150.0,6783,98,3150.1,25,1,3150.3,94,3
2031,2026-06-16 13:15:35+05:30,3149.9,164,3131.27,2390105,136046.0,192457.0,3163.0,3163.0,3108.0,3134.3,32026200,3447.7,2820.9,3839.9,2896.0,3149.7,42,4,3149.5,6,3,3149.1,44,4,3149.0,363,9,3148.9,1,1,3149.9,589,13,3150.0,6783,98,3150.1,25,1,3150.3,3,1,3150.5,1,1
2031,2026-06-16 13:15:35+05:30,3149.9,9,3131.27,2390105,136046.0,192457.0,3163.0,3163.0,3108.0,3134.3,32026200,3447.7,2820.9,3839.9,2896.0,3149.7,42,4,3149.5,6,3,3149.1,44,4,3149.0,363,9,3148.9,1,1,3149.9,589,13,3150.0,6783,98,3150.1,25,1,3150.3,3,1,3150.5,1,1
2031,2026-06-16 13:15:36+05:30,3149.9,1,3131.27,2390115,136116.0,192349.0,3163.0,3163.0,3108.0,3134.3,32026200,3447.7,2820.9,3839.9,2896.0,3149.8,2,2,3149.7,57,3,3149.5,6,3,3149.1,93,5,3149.0,363,9,3149.9,605,14,3150.0,6783,98,3150.1,25,1,3150.3,3,1,3150.5,1,1
2031,2026-06-16 13:15:36+05:30,3149.8,1,3131.27,2390115,136116.0,192349.0,3163.0,3163.0,3108.0,3134.3,32026200,3447.7,2820.9,3839.9,2896.0,3149.8,2,2,3149.7,57,3,3149.5,6,3,3149.1,93,5,3149.0,363,9,3149.9,605,14,3150.0,6783,98,3150.1,25,1,3150.3,3,1,3150.5,1,1
2031,2026-06-16 13:15:37+05:30,3149.9,1,3131.27,2390133,135974.0,192322.0,3163.0,3163.0,3108.0,3134.3,32026200,3447.7,2820.9,3839.9,2896.0,3149.8,43,2,3149.7,57,3,3149.5,6,3,3149.1,93,5,3149.0,382,10,3149.9,589,15,3150.0,6783,98,3150.1,25,1,3150.3,3,1,3150.5,1,1
2031,2026-06-16 13:15:37+05:30,3149.8,10,3131.27,2390133,135974.0,192322.0,3163.0,3163.0,3108.0,3134.3,32026200,3447.7,2820.9,3839.9,2896.0,3149.8,43,2,3149.7,57,3,3149.5,6,3,3149.1,93,5,3149.0,382,10,3149.9,589,15,3150.0,6783,98,3150.1,25,1,3150.3,3,1,3150.5,1,1
2031,2026-06-16 13:15:38+05:30,3149.8,140,3131.28,2390331,135756.0,192109.0,3163.0,3163.0,3108.0,3134.3,32026200,3447.7,2820.9,3839.9,2896.0,3149.8,5,1,3149.7,37,2,3149.5,6,3,3149.1,5,3,3149.0,326,9,3149.9,531,13,3150.0,6783,98,3150.1,25,1,3150.3,92,3,3150.5,119,4
2031,2026-06-16 13:15:38+05:30,3149.8,140,3131.28,2390331,135756.0,192109.0,3163.0,3163.0,3108.0,3134.3,32026200,3447.7,2820.9,3839.9,2896.0,3149.8,5,1,3149.7,37,2,3149.5,6,3,3149.1,5,3,3149.0,326,9,3149.9,531,13,3150.0,6783,98,3150.1,25,1,3150.3,92,3,3150.5,119,4
2031,2026-06-16 13:15:39+05:30,3149.8,140,3131.28,2390331,135654.0,192372.0,3163.0,3163.0,3108.0,3134.3,32026200,3447.7,2820.9,3839.9,2896.0,3149.8,9,2,3149.7,37,2,3149.5,2,2,3149.1,5,3,3149.0,307,8,3149.9,569,14,3150.0,6796,99,3150.1,59,2,3150.2,38,1,3150.3,92,3
2031,2026-06-16 13:15:39+05:30,3149.9,20,3131.28,2390331,135654.0,192372.0,3163.0,3163.0,3108.0,3134.3,32026200,3447.7,2820.9,3839.9,2896.0,3149.8,9,2,3149.7,37,2,3149.5,2,2,3149.1,5,3,3149.0,307,8,3149.9,569,14,3150.0,6796,99,3150.1,59,2,3150.2,38,1,3150.3,92,3
2031,2026-06-16 13:15:40+05:30,3149.9,8,3131.28,2390361,135592.0,192656.0,3163.0,3163.0,3108.0,3134.3,32026200,3447.7,2820.9,3839.9,2896.0,3149.8,7,2,3149.7,36,1,3149.5,1,1,3149.1,2,2,3149.0,307,8,3149.9,501,13,3150.0,6821,99,3150.1,25,1,3150.2,94,4,3150.3,36,2
2031,2026-06-16 13:15:40+05:30,3149.6,140,3131.28,2390361,135592.0,192656.0,3163.0,3163.0,3108.0,3134.3,32026200,3447.7,2820.9,3839.9,2896.0,3149.8,7,2,3149.7,36,1,3149.5,1,1,3149.1,2,2,3149.0,307,8,3149.9,501,13,3150.0,6821,99,3150.1,25,1,3150.2,94,4,3150.3,36,2
2031,2026-06-16 13:15:41+05:30,3149.6,140,3131.28,2390561,135313.0,192600.0,3163.0,3163.0,3108.0,3134.3,32026200,3447.7,2820.9,3839.9,2896.0,3149.8,14,2,3149.5,1,1,3149.1,2,2,3149.0,307,8,3148.9,1,1,3149.9,501,13,3150.0,6783,98,3150.1,25,1,3150.2,3,1,3150.3,3,1
2031,2026-06-16 13:15:41+05:30,3149.9,1,3131.28,2390561,135313.0,192600.0,3163.0,3163.0,3108.0,3134.3,32026200,3447.7,2820.9,3839.9,2896.0,3149.8,14,2,3149.5,1,1,3149.1,2,2,3149.0,307,8,3148.9,1,1,3149.9,501,13,3150.0,6783,98,3150.1,25,1,3150.2,3,1,3150.3,3,1
2031,2026-06-16 13:15:42+05:30,3149.9,1,3131.28,2390656,135177.0,192833.0,3163.0,3163.0,3108.0,3134.3,32026200,3447.7,2820.9,3839.9,2896.0,3149.0,244,9,3148.9,8,2,3148.8,46,2,3148.7,48,2,3148.6,56,3,3149.9,534,14,3150.0,6783,98,3150.1,25,1,3150.2,108,3,3150.3,3,1
2031,2026-06-16 13:15:43+05:30,3149.0,1,3131.28,2390657,135182.0,192739.0,3163.0,3163.0,3108.0,3134.3,32026200,3447.7,2820.9,3839.9,2896.0,3149.0,243,9,3148.9,32,3,3148.8,22,1,3148.7,48,2,3148.6,56,3,3149.9,533,13,3150.0,6783,98,3150.1,25,1,3150.2,108,3,3150.3,3,1
2031,2026-06-16 13:15:43+05:30,3149.9,1,3131.28,2390657,135182.0,192739.0,3163.0,3163.0,3108.0,3134.3,32026200,3447.7,2820.9,3839.9,2896.0,3149.0,243,9,3148.9,32,3,3148.8,22,1,3148.7,48,2,3148.6,56,3,3149.9,533,13,3150.0,6783,98,3150.1,25,1,3150.2,108,3,3150.3,3,1
2031,2026-06-16 13:15:44+05:30,3149.9,1,3131.28,2390658,135140.0,193586.0,3163.0,3163.0,3108.0,3134.3,32026200,3447.7,2820.9,3839.9,2896.0,3149.0,237,8,3148.9,1,1,3148.7,43,2,3148.6,56,3,3148.5,108,3,3149.8,10,1,3149.9,570,14,3150.0,6783,98,3150.1,25,1,3150.2,146,4
2031,2026-06-16 13:15:44+05:30,3149.8,14,3131.28,2390658,135140.0,193586.0,3163.0,3163.0,3108.0,3134.3,32026200,3447.7,2820.9,3839.9,2896.0,3149.0,237,8,3148.9,1,1,3148.7,43,2,3148.6,56,3,3148.5,108,3,3149.8,10,1,3149.9,570,14,3150.0,6783,98,3150.1,25,1,3150.2,146,4
2031,2026-06-16 13:15:45+05:30,3149.8,14,3131.28,2390682,135199.0,193456.0,3163.0,3163.0,3108.0,3134.3,32026200,3447.7,2820.9,3839.9,2896.0,3149.0,253,11,3148.9,1,1,3148.8,50,3,3148.7,24,1,3148.6,56,3,3149.8,1,1,3149.9,532,13,3150.0,6783,98,3150.1,25,1,3150.2,146,4
2031,2026-06-16 13:15:45+05:30,3149.4,1,3131.28,2390682,135199.0,193456.0,3163.0,3163.0,3108.0,3134.3,32026200,3447.7,2820.9,3839.9,2896.0,3149.0,253,11,3148.9,1,1,3148.8,50,3,3148.7,24,1,3148.6,56,3,3149.8,1,1,3149.9,532,13,3150.0,6783,98,3150.1,25,1,3150.2,146,4
2031,2026-06-16 13:15:46+05:30,3149.8,8,3131.28,2390704,134877.0,193898.0,3163.0,3163.0,3108.0,3134.3,32026200,3447.7,2820.9,3839.9,2896.0,3149.4,2,2,3149.0,246,10,3148.9,1,1,3148.8,14,1,3148.5,22,1,3149.8,61,3,3149.9,640,11,3150.0,7742,104,3150.1,669,5,3150.2,198,5
2031,2026-06-16 13:15:46+05:30,3149.8,1,3131.28,2390704,134877.0,193898.0,3163.0,3163.0,3108.0,3134.3,32026200,3447.7,2820.9,3839.9,2896.0,3149.4,2,2,3149.0,246,10,3148.9,1,1,3148.8,14,1,3148.5,22,1,3149.8,61,3,3149.9,640,11,3150.0,7742,104,3150.1,669,5,3150.2,198,5
2031,2026-06-16 13:15:47+05:30,3149.8,1,3131.29,2392039,135335.0,192093.0,3163.0,3163.0,3108.0,3134.3,32026200,3447.7,2820.9,3839.9,2896.0,3149.6,2,1,3149.4,2,2,3149.0,246,10,3148.9,1,1,3148.8,31,2,3149.8,71,3,3149.9,237,2,3150.0,7181,96,3150.1,698,6,3150.2,75,2
2031,2026-06-16 13:15:47+05:30,3150.0,35,3131.29,2392039,135335.0,192093.0,3163.0,3163.0,3108.0,3134.3,32026200,3447.7,2820.9,3839.9,2896.0,3149.6,2,1,3149.4,2,2,3149.0,246,10,3148.9,1,1,3148.8,31,2,3149.8,71,3,3149.9,237,2,3150.0,7181,96,3150.1,698,6,3150.2,75,2
2031,2026-06-16 13:15:48+05:30,3150.0,35,3131.31,2394189,135599.0,189378.0,3163.0,3163.0,3108.0,3134.3,32026200,3447.7,2820.9,3839.9,2896.0,3149.0,278,13,3148.9,9,2,3148.8,111,4,3148.6,61,3,3148.5,200,9,3150.0,5164,88,3150.1,425,3,3150.2,210,3,3150.3,601,4,3150.4,38,1
2031,2026-06-16 13:15:48+05:30,3151.0,8,3131.31,2394189,135599.0,189378.0,3163.0,3163.0,3108.0,3134.3,32026200,3447.7,2820.9,3839.9,2896.0,3149.0,278,13,3148.9,9,2,3148.8,111,4,3148.6,61,3,3148.5,200,9,3150.0,5164,88,3150.1,425,3,3150.2,210,3,3150.3,601,4,3150.4,38,1
2031,2026-06-16 13:15:49+05:30,3151.0,8,3131.36,2401361,137039.0,182909.0,3163.0,3163.0,3108.0,3134.3,32026200,3447.7,2820.9,3839.9,2896.0,3150.0,135,13,3149.9,148,7,3149.8,145,6,3149.7,45,4,3149.6,106,5,3151.0,481,5,3151.1,200,1,3151.2,400,2,3151.3,15,1,3151.4,10,1
2031,2026-06-16 13:15:49+05:30,3150.2,20,3131.36,2401361,137039.0,182909.0,3163.0,3163.0,3108.0,3134.3,32026200,3447.7,2820.9,3839.9,2896.0,3150.0,135,13,3149.9,148,7,3149.8,145,6,3149.7,45,4,3149.6,106,5,3151.0,481,5,3151.1,200,1,3151.2,400,2,3151.3,15,1,3151.4,10,1
2031,2026-06-16 13:15:50+05:30,3151.0,1,3131.37,2401766,137529.0,182745.0,3163.0,3163.0,3108.0,3134.3,32026200,3447.7,2820.9,3839.9,2896.0,3150.4,77,4,3150.3,33,2,3150.2,62,5,3150.1,101,3,3150.0,168,13,3151.0,96,1,3151.1,400,2,3151.2,400,2,3151.3,15,1,3151.4,10,1
2031,2026-06-16 13:15:50+05:30,3151.0,1,3131.37,2401766,137529.0,182745.0,3163.0,3163.0,3108.0,3134.3,32026200,3447.7,2820.9,3839.9,2896.0,3150.4,77,4,3150.3,33,2,3150.2,62,5,3150.1,101,3,3150.0,168,13,3151.0,96,1,3151.1,400,2,3151.2,400,2,3151.3,15,1,3151.4,10,1
2031,2026-06-16 13:15:51+05:30,3150.4,2,3131.37,2401768,137606.0,182825.0,3163.0,3163.0,3108.0,3134.3,32026200,3447.7,2820.9,3839.9,2896.0,3150.4,324,6,3150.3,43,3,3150.2,107,6,3150.1,101,3,3150.0,142,11,3151.0,96,1,3151.1,400,2,3151.2,400,2,3151.3,15,1,3151.4,10,1
2031,2026-06-16 13:15:51+05:30,3150.4,116,3131.37,2401768,137606.0,182825.0,3163.0,3163.0,3108.0,3134.3,32026200,3447.7,2820.9,3839.9,2896.0,3150.4,324,6,3150.3,43,3,3150.2,107,6,3150.1,101,3,3150.0,142,11,3151.0,96,1,3151.1,400,2,3151.2,400,2,3151.3,15,1,3151.4,10,1
2031,2026-06-16 13:15:52+05:30,3151.0,1,3131.37,2402711,137578.0,183294.0,3163.0,3163.0,3108.0,3134.3,32026200,3447.7,2820.9,3839.9,2896.0,3150.7,14,1,3150.6,71,6,3150.5,92,6,3150.4,218,8,3150.3,38,3,3151.0,259,1,3151.1,400,2,3151.2,400,2,3151.3,15,1,3151.4,10,1
2031,2026-06-16 13:15:52+05:30,3150.7,15,3131.37,2402711,137578.0,183294.0,3163.0,3163.0,3108.0,3134.3,32026200,3447.7,2820.9,3839.9,2896.0,3150.7,14,1,3150.6,71,6,3150.5,92,6,3150.4,218,8,3150.3,38,3,3151.0,259,1,3151.1,400,2,3151.2,400,2,3151.3,15,1,3151.4,10,1
2031,2026-06-16 13:15:53+05:30,3150.7,185,3131.38,2403111,137616.0,183693.0,3163.0,3163.0,3108.0,3134.3,32026200,3447.7,2820.9,3839.9,2896.0,3150.7,84,4,3150.5,10,1,3150.4,250,5,3150.3,14,1,3150.2,70,4,3151.0,259,1,3151.1,400,2,3151.2,400,2,3151.3,215,2,3151.8,77,2
2031,2026-06-16 13:15:53+05:30,3150.7,31,3131.38,2403111,137616.0,183693.0,3163.0,3163.0,3108.0,3134.3,32026200,3447.7,2820.9,3839.9,2896.0,3150.7,84,4,3150.5,10,1,3150.4,250,5,3150.3,14,1,3150.2,70,4,3151.0,259,1,3151.1,400,2,3151.2,400,2,3151.3,215,2,3151.8,77,2
2031,2026-06-16 13:15:54+05:30,3150.7,31,3131.38,2403371,137624.0,183797.0,3163.0,3163.0,3108.0,3134.3,32026200,3447.7,2820.9,3839.9,2896.0,3150.7,16,1,3150.4,250,5,3150.3,29,2,3150.2,70,4,3150.1,61,2,3151.0,249,2,3151.2,800,4,3151.3,215,2,3151.4,10,1,3151.8,123,3
2031,2026-06-16 13:15:55+05:30,3150.4,219,3131.38,2403885,137419.0,183458.0,3163.0,3163.0,3108.0,3134.3,32026200,3447.7,2820.9,3839.9,2896.0,3150.4,31,5,3150.3,82,4,3150.2,70,4,3150.1,5,1,3150.0,131,11,3151.0,135,2,3151.2,800,4,3151.3,215,2,3151.4,10,1,3151.8,77,2
2031,2026-06-16 13:15:55+05:30,3150.4,219,3131.38,2403885,137419.0,183458.0,3163.0,3163.0,3108.0,3134.3,32026200,3447.7,2820.9,3839.9,2896.0,3150.4,31,5,3150.3,82,4,3150.2,70,4,3150.1,5,1,3150.0,131,11,3151.0,135,2,3151.2,800,4,3151.3,215,2,3151.4,10,1,3151.8,77,2
2031,2026-06-16 13:15:56+05:30,3150.4,219,3131.38,2403885,138041.0,183540.0,3163.0,3163.0,3108.0,3134.3,32026200,3447.7,2820.9,3839.9,2896.0,3150.5,17,1,3150.4,31,5,3150.3,67,3,3150.2,70,4,3150.1,61,2,3151.0,153,3,3151.2,800,4,3151.3,215,2,3151.4,10,1,3151.8,77,2
2031,2026-06-16 13:15:56+05:30,3151.0,1,3131.38,2403885,138041.0,183540.0,3163.0,3163.0,3108.0,3134.3,32026200,3447.7,2820.9,3839.9,2896.0,3150.5,17,1,3150.4,31,5,3150.3,67,3,3150.2,70,4,3150.1,61,2,3151.0,153,3,3151.2,800,4,3151.3,215,2,3151.4,10,1,3151.8,77,2
2031,2026-06-16 13:15:57+05:30,3150.5,1,3131.38,2403961,137980.0,183758.0,3163.0,3163.0,3108.0,3134.3,32026200,3447.7,2820.9,3839.9,2896.0,3150.6,17,1,3150.4,24,4,3150.3,28,2,3150.2,60,3,3150.1,5,1,3151.0,126,4,3151.2,600,3,3151.3,215,2,3151.4,210,2,3151.8,123,3
2031,2026-06-16 13:15:57+05:30,3151.0,1,3131.38,2403961,137980.0,183758.0,3163.0,3163.0,3108.0,3134.3,32026200,3447.7,2820.9,3839.9,2896.0,3150.6,17,1,3150.4,24,4,3150.3,28,2,3150.2,60,3,3150.1,5,1,3151.0,126,4,3151.2,600,3,3151.3,215,2,3151.4,210,2,3151.8,123,3
2031,2026-06-16 13:15:58+05:30,3151.0,1,3131.38,2403962,137994.0,183950.0,3163.0,3163.0,3108.0,3134.3,32026200,3447.7,2820.9,3839.9,2896.0,3150.6,17,1,3150.4,34,3,3150.3,14,1,3150.2,36,2,3150.1,29,2,3151.0,125,4,3151.1,400,2,3151.2,400,2,3151.3,215,2,3151.4,10,1
2031,2026-06-16 13:15:58+05:30,3151.0,73,3131.38,2403962,137994.0,183950.0,3163.0,3163.0,3108.0,3134.3,32026200,3447.7,2820.9,3839.9,2896.0,3150.6,17,1,3150.4,34,3,3150.3,14,1,3150.2,36,2,3150.1,29,2,3151.0,125,4,3151.1,400,2,3151.2,400,2,3151.3,215,2,3151.4,10,1
2031,2026-06-16 13:15:59+05:30,3151.0,73,3131.38,2404162,138041.0,183969.0,3163.0,3163.0,3108.0,3134.3,32026200,3447.7,2820.9,3839.9,2896.0,3150.6,17,1,3150.4,58,4,3150.3,14,1,3150.2,72,4,3150.1,5,1,3151.0,187,1,3151.1,400,2,3151.2,400,2,3151.3,215,2,3151.4,10,1
2031,2026-06-16 13:16:00+05:30,3151.0,73,3131.38,2404162,138027.0,183884.0,3163.0,3163.0,3108.0,3134.3,32026200,3447.7,2820.9,3839.9,2896.0,3150.9,16,1,3150.8,26,3,3150.6,49,3,3150.4,31,4,3150.3,38,4,3151.0,188,2,3151.2,600,3,3151.3,215,2,3151.4,210,2,3151.7,60,1
2031,2026-06-16 13:16:00+05:30,3151.0,156,3131.38,2404162,138027.0,183884.0,3163.0,3163.0,3108.0,3134.3,32026200,3447.7,2820.9,3839.9,2896.0,3150.9,16,1,3150.8,26,3,3150.6,49,3,3150.4,31,4,3150.3,38,4,3151.0,188,2,3151.2,600,3,3151.3,215,2,3151.4,210,2,3151.7,60,1
2031,2026-06-16 13:16:01+05:30,3150.6,37,3131.39,2404755,137375.0,184255.0,3163.0,3163.0,3108.0,3134.3,32026200,3447.7,2820.9,3839.9,2896.0,3150.6,11,1,3150.4,18,3,3150.3,16,2,3150.2,83,4,3150.1,9,2,3151.0,257,1,3151.2,600,3,3151.3,200,1,3151.4,200,1,3151.6,60,1
2031,2026-06-16 13:16:01+05:30,3151.0,9,3131.39,2404755,137375.0,184255.0,3163.0,3163.0,3108.0,3134.3,32026200,3447.7,2820.9,3839.9,2896.0,3150.6,11,1,3150.4,18,3,3150.3,16,2,3150.2,83,4,3150.1,9,2,3151.0,257,1,3151.2,600,3,3151.3,200,1,3151.4,200,1,3151.6,60,1
2031,2026-06-16 13:16:02+05:30,3151.0,206,3131.39,2404971,138409.0,183824.0,3163.0,3163.0,3108.0,3134.3,32026200,3447.7,2820.9,3839.9,2896.0,3150.6,11,1,3150.4,74,6,3150.3,2,1,3150.2,136,5,3150.1,14,3,3151.0,66,2,3151.2,600,3,3151.3,200,1,3151.4,200,1,3151.8,21,1
2031,2026-06-16 13:16:02+05:30,3151.0,206,3131.39,2404971,138409.0,183824.0,3163.0,3163.0,3108.0,3134.3,32026200,3447.7,2820.9,3839.9,2896.0,3150.6,11,1,3150.4,74,6,3150.3,2,1,3150.2,136,5,3150.1,14,3,3151.0,66,2,3151.2,600,3,3151.3,200,1,3151.4,200,1,3151.8,21,1
2031,2026-06-16 13:16:03+05:30,3151.9,1,3131.4,2406420,138619.0,182651.0,3163.0,3163.0,3108.0,3134.3,32026200,3447.7,2820.9,3839.9,2896.0,3151.3,41,5,3151.2,61,6,3151.1,57,4,3151.0,91,6,3150.9,10,1,3151.9,99,1,3152.0,202,8,3152.2,200,1,3152.3,500,3,3152.4,155,2
2031,2026-06-16 13:16:04+05:30,3151.9,63,3131.4,2406420,138619.0,182651.0,3163.0,3163.0,3108.0,3134.3,32026200,3447.7,2820.9,3839.9,2896.0,3151.3,41,5,3151.2,61,6,3151.1,57,4,3151.0,91,6,3150.9,10,1,3151.9,99,1,3152.0,202,8,3152.2,200,1,3152.3,500,3,3152.4,155,2
2031,2026-06-16 13:16:04+05:30,3151.8,119,3131.41,2406971,139071.0,181588.0,3163.0,3163.0,3108.0,3134.3,32026200,3447.7,2820.9,3839.9,2896.0,3151.7,64,4,3151.6,12,1,3151.5,125,8,3151.4,95,8,3151.3,31,3,3152.2,350,2,3152.3,500,3,3152.4,135,1,3152.5,5,1,3152.7,10,1
2031,2026-06-16 13:16:04+05:30,3151.7,5,3131.41,2406971,139071.0,181588.0,3163.0,3163.0,3108.0,3134.3,32026200,3447.7,2820.9,3839.9,2896.0,3151.7,64,4,3151.6,12,1,3151.5,125,8,3151.4,95,8,3151.3,31,3,3152.2,350,2,3152.3,500,3,3152.4,135,1,3152.5,5,1,3152.7,10,1
2031,2026-06-16 13:16:05+05:30,3151.5,15,3131.41,2407079,138231.0,182872.0,3163.0,3163.0,3108.0,3134.3,32026200,3447.7,2820.9,3839.9,2896.0,3151.4,55,4,3151.3,25,2,3151.2,60,5,3151.1,57,4,3151.0,168,6,3151.5,98,1,3152.2,350,2,3152.3,500,3,3152.4,155,2,3152.5,5,1
2031,2026-06-16 13:16:05+05:30,3151.5,15,3131.41,2407079,138231.0,182872.0,3163.0,3163.0,3108.0,3134.3,32026200,3447.7,2820.9,3839.9,2896.0,3151.4,55,4,3151.3,25,2,3151.2,60,5,3151.1,57,4,3151.0,168,6,3151.5,98,1,3152.2,350,2,3152.3,500,3,3152.4,155,2,3152.5,5,1
2031,2026-06-16 13:16:06+05:30,3151.5,15,3131.41,2407079,138071.0,183041.0,3163.0,3163.0,3108.0,3134.3,32026200,3447.7,2820.9,3839.9,2896.0,3151.4,34,3,3151.3,25,2,3151.2,60,5,3151.1,30,3,3151.0,61,4,3151.5,98,1,3152.2,384,3,3152.3,500,3,3152.4,215,3,3152.5,5,1
2031,2026-06-16 13:16:07+05:30,3151.4,13,3131.41,2407079,138071.0,183041.0,3163.0,3163.0,3108.0,3134.3,32026200,3447.7,2820.9,3839.9,2896.0,3151.4,34,3,3151.3,25,2,3151.2,60,5,3151.1,30,3,3151.0,61,4,3151.5,98,1,3152.2,384,3,3152.3,500,3,3152.4,215,3,3152.5,5,1
2031,2026-06-16 13:16:08+05:30,3151.4,13,3131.41,2407154,137860.0,183347.0,3163.0,3163.0,3108.0,3134.3,32026200,3447.7,2820.9,3839.9,2896.0,3151.3,31,3,3151.2,36,4,3151.1,30,3,3151.0,61,4,3150.9,10,1,3151.4,125,1,3151.5,98,1,3152.0,102,1,3152.2,384,3,3152.3,500,3
2031,2026-06-16 13:16:08+05:30,3151.2,1,3131.41,2407154,137860.0,183347.0,3163.0,3163.0,3108.0,3134.3,32026200,3447.7,2820.9,3839.9,2896.0,3151.3,31,3,3151.2,36,4,3151.1,30,3,3151.0,61,4,3150.9,10,1,3151.4,125,1,3151.5,98,1,3152.0,102,1,3152.2,384,3,3152.3,500,3
2031,2026-06-16 13:16:09+05:30,3151.5,10,3131.41,2407289,137932.0,183239.0,3163.0,3163.0,3108.0,3134.3,32026200,3447.7,2820.9,3839.9,2896.0,3151.3,50,1,3151.2,28,3,3151.1,32,3,3151.0,56,5,3150.9,15,2,3151.5,88,1,3152.2,384,3,3152.3,500,3,3152.4,262,4,3152.5,43,2
2031,2026-06-16 13:16:09+05:30,3151.5,1,3131.41,2407289,137932.0,183239.0,3163.0,3163.0,3108.0,3134.3,32026200,3447.7,2820.9,3839.9,2896.0,3151.3,50,1,3151.2,28,3,3151.1,32,3,3151.0,56,5,3150.9,15,2,3151.5,88,1,3152.2,384,3,3152.3,500,3,3152.4,262,4,3152.5,43,2
2031,2026-06-16 13:16:10+05:30,3151.5,1,3131.41,2407340,138058.0,183214.0,3163.0,3163.0,3108.0,3134.3,32026200,3447.7,2820.9,3839.9,2896.0,3151.3,50,1,3151.2,28,3,3151.1,32,3,3151.0,56,5,3150.9,15,2,3151.5,37,1,3152.2,384,3,3152.3,500,3,3152.4,262,4,3152.5,43,2
2031,2026-06-16 13:16:10+05:30,3151.5,3,3131.41,2407340,138058.0,183214.0,3163.0,3163.0,3108.0,3134.3,32026200,3447.7,2820.9,3839.9,2896.0,3151.3,50,1,3151.2,28,3,3151.1,32,3,3151.0,56,5,3150.9,15,2,3151.5,37,1,3152.2,384,3,3152.3,500,3,3152.4,262,4,3152.5,43,2
2031,2026-06-16 13:16:11+05:30,3152.2,3,3131.41,2407540,138230.0,182776.0,3163.0,3163.0,3108.0,3134.3,32026200,3447.7,2820.9,3839.9,2896.0,3151.3,53,3,3151.2,22,2,3151.1,24,2,3151.0,124,6,3150.9,13,2,3152.2,431,3,3152.3,500,3,3152.4,135,1,3152.5,92,3,3152.6,21,1
2031,2026-06-16 13:16:11+05:30,3152.2,11,3131.41,2407540,138230.0,182776.0,3163.0,3163.0,3108.0,3134.3,32026200,3447.7,2820.9,3839.9,2896.0,3151.3,53,3,3151.2,22,2,3151.1,24,2,3151.0,124,6,3150.9,13,2,3152.2,431,3,3152.3,500,3,3152.4,135,1,3152.5,92,3,3152.6,21,1
2031,2026-06-16 13:16:12+05:30,3152.2,11,3131.41,2407557,138355.0,182696.0,3163.0,3163.0,3108.0,3134.3,32026200,3447.7,2820.9,3839.9,2896.0,3151.4,31,3,3151.3,42,3,3151.2,31,2,3151.1,97,4,3151.0,115,6,3151.5,10,1,3152.2,421,4,3152.3,500,3,3152.4,135,1,3152.5,65,2
2031,2026-06-16 13:16:12+05:30,3152.2,11,3131.41,2407557,138355.0,182696.0,3163.0,3163.0,3108.0,3134.3,32026200,3447.7,2820.9,3839.9,2896.0,3151.4,31,3,3151.3,42,3,3151.2,31,2,3151.1,97,4,3151.0,115,6,3151.5,10,1,3152.2,421,4,3152.3,500,3,3152.4,135,1,3152.5,65,2
2031,2026-06-16 13:16:12+05:30,3151.2,79,3131.41,2407557,138355.0,182696.0,3163.0,3163.0,3108.0,3134.3,32026200,3447.7,2820.9,3839.9,2896.0,3151.4,31,3,3151.3,42,3,3151.2,31,2,3151.1,97,4,3151.0,115,6,3151.5,10,1,3152.2,421,4,3152.3,500,3,3152.4,135,1,3152.5,65,2
2031,2026-06-16 13:16:13+05:30,3151.2,79,3131.42,2407838,136740.0,183774.0,3163.0,3163.0,3108.0,3134.3,32026200,3447.7,2820.9,3839.9,2896.0,3151.2,16,1,3151.1,24,2,3151.0,50,4,3150.9,13,2,3150.8,24,1,3151.4,377,2,3151.5,5,1,3152.0,102,1,3152.2,483,6,3152.3,550,4
2031,2026-06-16 13:16:13+05:30,3151.0,1,3131.42,2407838,136740.0,183774.0,3163.0,3163.0,3108.0,3134.3,32026200,3447.7,2820.9,3839.9,2896.0,3151.2,16,1,3151.1,24,2,3151.0,50,4,3150.9,13,2,3150.8,24,1,3151.4,377,2,3151.5,5,1,3152.0,102,1,3152.2,483,6,3152.3,550,4
2031,2026-06-16 13:16:14+05:30,3151.0,1,3131.42,2407838,136740.0,183774.0,3163.0,3163.0,3108.0,3134.3,32026200,3447.7,2820.9,3839.9,2896.0,3151.2,16,1,3151.1,24,2,3151.0,50,4,3150.9,13,2,3150.8,24,1,3151.4,377,2,3151.5,5,1,3152.0,102,1,3152.2,483,6,3152.3,550,4
2031,2026-06-16 13:16:14+05:30,3151.0,1,3131.42,2407975,136347.0,184738.0,3163.0,3163.0,3108.0,3134.3,32026200,3447.7,2820.9,3839.9,2896.0,3150.8,1,1,3150.5,34,4,3150.4,13,2,3150.2,28,2,3150.1,122,5,3150.9,177,1,3151.0,53,1,3151.4,201,2,3151.5,18,2,3151.8,91,2
2031,2026-06-16 13:16:14+05:30,3150.9,13,3131.42,2407975,136347.0,184738.0,3163.0,3163.0,3108.0,3134.3,32026200,3447.7,2820.9,3839.9,2896.0,3150.8,1,1,3150.5,34,4,3150.4,13,2,3150.2,28,2,3150.1,122,5,3150.9,177,1,3151.0,53,1,3151.4,201,2,3151.5,18,2,3151.8,91,2
2031,2026-06-16 13:16:15+05:30,3150.9,13,3131.42,2407989,136369.0,184583.0,3163.0,3163.0,3108.0,3134.3,32026200,3447.7,2820.9,3839.9,2896.0,3150.8,5,3,3150.6,23,1,3150.5,20,2,3150.4,13,2,3150.3,12,1,3150.9,188,2,3151.0,53,1,3151.4,201,2,3151.5,5,1,3151.8,91,2
2031,2026-06-16 13:16:15+05:30,3150.9,2,3131.42,2407989,136369.0,184583.0,3163.0,3163.0,3108.0,3134.3,32026200,3447.7,2820.9,3839.9,2896.0,3150.8,5,3,3150.6,23,1,3150.5,20,2,3150.4,13,2,3150.3,12,1,3150.9,188,2,3151.0,53,1,3151.4,201,2,3151.5,5,1,3151.8,91,2
2031,2026-06-16 13:16:16+05:30,3150.9,2,3131.42,2407989,136369.0,184583.0,3163.0,3163.0,3108.0,3134.3,32026200,3447.7,2820.9,3839.9,2896.0,3150.8,5,3,3150.6,23,1,3150.5,20,2,3150.4,13,2,3150.3,12,1,3150.9,188,2,3151.0,53,1,3151.4,201,2,3151.5,5,1,3151.8,91,2
2031,2026-06-16 13:16:16+05:30,3150.9,1,3131.42,2408100,136551.0,184474.0,3163.0,3163.0,3108.0,3134.3,32026200,3447.7,2820.9,3839.9,2896.0,3150.8,5,3,3150.6,23,1,3150.5,20,2,3150.4,44,4,3150.3,12,1,3150.9,78,3,3151.0,53,1,3151.4,200,1,3151.5,5,1,3151.8,91,2
2031,2026-06-16 13:16:16+05:30,3151.0,108,3131.42,2408100,136551.0,184474.0,3163.0,3163.0,3108.0,3134.3,32026200,3447.7,2820.9,3839.9,2896.0,3150.8,5,3,3150.6,23,1,3150.5,20,2,3150.4,44,4,3150.3,12,1,3150.9,78,3,3151.0,53,1,3151.4,200,1,3151.5,5,1,3151.8,91,2
2031,2026-06-16 13:16:17+05:30,3151.0,108,3131.42,2408408,136758.0,183904.0,3163.0,3163.0,3108.0,3134.3,32026200,3447.7,2820.9,3839.9,2896.0,3150.8,12,5,3150.7,33,3,3150.6,72,4,3150.5,30,3,3150.4,41,3,3151.0,33,1,3151.4,200,1,3151.5,5,1,3151.9,60,1,3152.0,122,2
2031,2026-06-16 13:16:17+05:30,3151.0,25,3131.42,2408408,136758.0,183904.0,3163.0,3163.0,3108.0,3134.3,32026200,3447.7,2820.9,3839.9,2896.0,3150.8,12,5,3150.7,33,3,3150.6,72,4,3150.5,30,3,3150.4,41,3,3151.0,33,1,3151.4,200,1,3151.5,5,1,3151.9,60,1,3152.0,122,2
2031,2026-06-16 13:16:18+05:30,3151.0,25,3131.42,2408408,136758.0,183904.0,3163.0,3163.0,3108.0,3134.3,32026200,3447.7,2820.9,3839.9,2896.0,3150.8,12,5,3150.7,33,3,3150.6,72,4,3150.5,30,3,3150.4,41,3,3151.0,33,1,3151.4,200,1,3151.5,5,1,3151.9,60,1,3152.0,122,2
2031,2026-06-16 13:16:18+05:30,3151.0,25,3131.42,2408533,136551.0,182656.0,3163.0,3163.0,3108.0,3134.3,32026200,3447.7,2820.9,3839.9,2896.0,3150.6,86,5,3150.5,48,4,3150.4,46,4,3150.3,26,2,3150.2,51,3,3151.0,8,1,3151.4,200,1,3151.5,5,1,3151.9,60,1,3152.0,22,1
2031,2026-06-16 13:16:18+05:30,3151.0,1,3131.42,2408533,136551.0,182656.0,3163.0,3163.0,3108.0,3134.3,32026200,3447.7,2820.9,3839.9,2896.0,3150.6,86,5,3150.5,48,4,3150.4,46,4,3150.3,26,2,3150.2,51,3,3151.0,8,1,3151.4,200,1,3151.5,5,1,3151.9,60,1,3152.0,22,1
2031,2026-06-16 13:16:19+05:30,3151.0,1,3131.42,2408535,136605.0,184764.0,3163.0,3163.0,3108.0,3134.3,32026200,3447.7,2820.9,3839.9,2896.0,3150.6,41,2,3150.5,30,3,3150.4,18,2,3150.3,31,3,3150.2,161,6,3151.0,53,3,3151.4,200,1,3151.5,5,1,3151.8,114,1,3151.9,60,1
2031,2026-06-16 13:16:19+05:30,3151.0,9,3131.42,2408535,136605.0,184764.0,3163.0,3163.0,3108.0,3134.3,32026200,3447.7,2820.9,3839.9,2896.0,3150.6,41,2,3150.5,30,3,3150.4,18,2,3150.3,31,3,3150.2,161,6,3151.0,53,3,3151.4,200,1,3151.5,5,1,3151.8,114,1,3151.9,60,1
2031,2026-06-16 13:16:20+05:30,3151.0,9,3131.42,2408535,136605.0,184764.0,3163.0,3163.0,3108.0,3134.3,32026200,3447.7,2820.9,3839.9,2896.0,3150.6,41,2,3150.5,30,3,3150.4,18,2,3150.3,31,3,3150.2,161,6,3151.0,53,3,3151.4,200,1,3151.5,5,1,3151.8,114,1,3151.9,60,1
2031,2026-06-16 13:16:20+05:30,3151.0,5,3131.42,2408568,136696.0,184969.0,3163.0,3163.0,3108.0,3134.3,32026200,3447.7,2820.9,3839.9,2896.0,3150.6,53,4,3150.5,53,4,3150.4,77,4,3150.3,76,3,3150.2,127,5,3151.0,20,1,3151.4,200,1,3151.5,6,2,3151.9,60,1,3152.0,144,3
2031,2026-06-16 13:16:20+05:30,3151.0,5,3131.42,2408568,136696.0,184969.0,3163.0,3163.0,3108.0,3134.3,32026200,3447.7,2820.9,3839.9,2896.0,3150.6,53,4,3150.5,53,4,3150.4,77,4,3150.3,76,3,3150.2,127,5,3151.0,20,1,3151.4,200,1,3151.5,6,2,3151.9,60,1,3152.0,144,3
2031,2026-06-16 13:16:21+05:30,3151.0,5,3131.42,2408568,136893.0,184936.0,3163.0,3163.0,3108.0,3134.3,32026200,3447.7,2820.9,3839.9,2896.0,3150.7,14,1,3150.6,76,5,3150.5,30,3,3150.4,92,4,3150.3,81,4,3151.0,20,1,3151.4,200,1,3151.5,6,2,3151.9,60,1,3152.0,37,3
2031,2026-06-16 13:16:21+05:30,3151.0,5,3131.42,2408568,136893.0,184936.0,3163.0,3163.0,3108.0,3134.3,32026200,3447.7,2820.9,3839.9,2896.0,3150.7,14,1,3150.6,76,5,3150.5,30,3,3150.4,92,4,3150.3,81,4,3151.0,20,1,3151.4,200,1,3151.5,6,2,3151.9,60,1,3152.0,37,3
2031,2026-06-16 13:16:22+05:30,3151.0,1,3131.42,2408588,137286.0,184288.0,3163.0,3163.0,3108.0,3134.3,32026200,3447.7,2820.9,3839.9,2896.0,3151.0,14,1,3150.7,52,3,3150.6,27,3,3150.5,35,4,3150.4,141,6,3151.4,200,1,3151.5,6,2,3152.0,61,2,3152.1,386,2,3152.2,619,7
2031,2026-06-16 13:16:22+05:30,3151.4,1,3131.42,2408588,137286.0,184288.0,3163.0,3163.0,3108.0,3134.3,32026200,3447.7,2820.9,3839.9,2896.0,3151.0,14,1,3150.7,52,3,3150.6,27,3,3150.5,35,4,3150.4,141,6,3151.4,200,1,3151.5,6,2,3152.0,61,2,3152.1,386,2,3152.2,619,7
2031,2026-06-16 13:16:23+05:30,3151.4,1,3131.42,2408588,137286.0,184288.0,3163.0,3163.0,3108.0,3134.3,32026200,3447.7,2820.9,3839.9,2896.0,3151.0,14,1,3150.7,52,3,3150.6,27,3,3150.5,35,4,3150.4,141,6,3151.4,200,1,3151.5,6,2,3152.0,61,2,3152.1,386,2,3152.2,619,7
2031,2026-06-16 13:16:23+05:30,3151.4,1,3131.42,2408590,137299.0,182416.0,3163.0,3163.0,3108.0,3134.3,32026200,3447.7,2820.9,3839.9,2896.0,3151.1,15,1,3150.7,29,2,3150.6,21,2,3150.5,30,3,3150.4,67,4,3151.4,198,1,3151.5,6,2,3152.0,61,2,3152.1,465,3,3152.2,657,8
2031,2026-06-16 13:16:23+05:30,3151.4,1,3131.42,2408590,137299.0,182416.0,3163.0,3163.0,3108.0,3134.3,32026200,3447.7,2820.9,3839.9,2896.0,3151.1,15,1,3150.7,29,2,3150.6,21,2,3150.5,30,3,3150.4,67,4,3151.4,198,1,3151.5,6,2,3152.0,61,2,3152.1,465,3,3152.2,657,8
2031,2026-06-16 13:16:24+05:30,3151.4,1,3131.42,2408590,137299.0,182416.0,3163.0,3163.0,3108.0,3134.3,32026200,3447.7,2820.9,3839.9,2896.0,3151.1,15,1,3150.7,29,2,3150.6,21,2,3150.5,30,3,3150.4,67,4,3151.4,198,1,3151.5,6,2,3152.0,61,2,3152.1,465,3,3152.2,657,8
2031,2026-06-16 13:16:24+05:30,3151.4,1,3131.42,2408596,137112.0,182658.0,3163.0,3163.0,3108.0,3134.3,32026200,3447.7,2820.9,3839.9,2896.0,3151.2,10,1,3150.7,6,1,3150.6,21,2,3150.5,30,3,3150.4,11,2,3151.4,197,1,3151.5,6,2,3151.7,38,1,3152.0,211,4,3152.1,444,3
2031,2026-06-16 13:16:24+05:30,3151.4,1,3131.42,2408596,137112.0,182658.0,3163.0,3163.0,3108.0,3134.3,32026200,3447.7,2820.9,3839.9,2896.0,3151.2,10,1,3150.7,6,1,3150.6,21,2,3150.5,30,3,3150.4,11,2,3151.4,197,1,3151.5,6,2,3151.7,38,1,3152.0,211,4,3152.1,444,3
2031,2026-06-16 13:16:24+05:30,3151.4,1,3131.42,2408596,137112.0,182658.0,3163.0,3163.0,3108.0,3134.3,32026200,3447.7,2820.9,3839.9,2896.0,3151.2,10,1,3150.7,6,1,3150.6,21,2,3150.5,30,3,3150.4,11,2,3151.4,197,1,3151.5,6,2,3151.7,38,1,3152.0,211,4,3152.1,444,3
2031,2026-06-16 13:16:25+05:30,3151.4,1,3131.42,2408596,137112.0,182658.0,3163.0,3163.0,3108.0,3134.3,32026200,3447.7,2820.9,3839.9,2896.0,3151.2,10,1,3150.7,6,1,3150.6,21,2,3150.5,30,3,3150.4,11,2,3151.4,197,1,3151.5,6,2,3151.7,38,1,3152.0,211,4,3152.1,444,3
2031,2026-06-16 13:16:25+05:30,3151.4,11,3131.42,2408607,137247.0,182959.0,3163.0,3163.0,3108.0,3134.3,32026200,3447.7,2820.9,3839.9,2896.0,3151.2,10,1,3150.6,25,2,3150.5,25,2,3150.4,10,1,3150.3,12,1,3151.4,187,2,3151.5,6,2,3151.8,38,1,3151.9,45,1,3152.0,599,4
2031,2026-06-16 13:16:25+05:30,3151.4,11,3131.42,2408607,137247.0,182959.0,3163.0,3163.0,3108.0,3134.3,32026200,3447.7,2820.9,3839.9,2896.0,3151.2,10,1,3150.6,25,2,3150.5,25,2,3150.4,10,1,3150.3,12,1,3151.4,187,2,3151.5,6,2,3151.8,38,1,3151.9,45,1,3152.0,599,4
2031,2026-06-16 13:16:25+05:30,3151.2,3,3131.42,2408607,137247.0,182959.0,3163.0,3163.0,3108.0,3134.3,32026200,3447.7,2820.9,3839.9,2896.0,3151.2,10,1,3150.6,25,2,3150.5,25,2,3150.4,10,1,3150.3,12,1,3151.4,187,2,3151.5,6,2,3151.8,38,1,3151.9,45,1,3152.0,599,4
2031,2026-06-16 13:16:26+05:30,3151.2,3,3131.42,2408607,137247.0,182959.0,3163.0,3163.0,3108.0,3134.3,32026200,3447.7,2820.9,3839.9,2896.0,3151.2,10,1,3150.6,25,2,3150.5,25,2,3150.4,10,1,3150.3,12,1,3151.4,187,2,3151.5,6,2,3151.8,38,1,3151.9,45,1,3152.0,599,4
2031,2026-06-16 13:16:26+05:30,3150.6,109,3131.42,2408860,137194.0,183424.0,3163.0,3163.0,3108.0,3134.3,32026200,3447.7,2820.9,3839.9,2896.0,3150.6,15,1,3150.5,49,4,3150.4,54,3,3150.3,17,2,3150.2,178,7,3151.4,187,2,3151.5,6,2,3151.8,38,1,3151.9,162,2,3152.0,658,6
2031,2026-06-16 13:16:26+05:30,3150.6,109,3131.42,2408860,137194.0,183424.0,3163.0,3163.0,3108.0,3134.3,32026200,3447.7,2820.9,3839.9,2896.0,3150.6,15,1,3150.5,49,4,3150.4,54,3,3150.3,17,2,3150.2,178,7,3151.4,187,2,3151.5,6,2,3151.8,38,1,3151.9,162,2,3152.0,658,6
2031,2026-06-16 13:16:27+05:30,3150.6,109,3131.42,2408860,137194.0,183424.0,3163.0,3163.0,3108.0,3134.3,32026200,3447.7,2820.9,3839.9,2896.0,3150.6,15,1,3150.5,49,4,3150.4,54,3,3150.3,17,2,3150.2,178,7,3151.4,187,2,3151.5,6,2,3151.8,38,1,3151.9,162,2,3152.0,658,6
2031,2026-06-16 13:16:27+05:30,3151.4,3,3131.42,2408864,137237.0,183473.0,3163.0,3163.0,3108.0,3134.3,32026200,3447.7,2820.9,3839.9,2896.0,3150.6,35,3,3150.5,26,3,3150.4,77,4,3150.3,40,3,3150.2,178,7,3151.4,184,2,3151.5,6,2,3151.8,38,1,3151.9,162,2,3152.0,658,6
2031,2026-06-16 13:16:27+05:30,3151.2,2,3131.42,2408864,137237.0,183473.0,3163.0,3163.0,3108.0,3134.3,32026200,3447.7,2820.9,3839.9,2896.0,3150.6,35,3,3150.5,26,3,3150.4,77,4,3150.3,40,3,3150.2,178,7,3151.4,184,2,3151.5,6,2,3151.8,38,1,3151.9,162,2,3152.0,658,6
2031,2026-06-16 13:16:28+05:30,3151.2,2,3131.42,2408864,137237.0,183473.0,3163.0,3163.0,3108.0,3134.3,32026200,3447.7,2820.9,3839.9,2896.0,3150.6,35,3,3150.5,26,3,3150.4,77,4,3150.3,40,3,3150.2,178,7,3151.4,184,2,3151.5,6,2,3151.8,38,1,3151.9,162,2,3152.0,658,6
2031,2026-06-16 13:16:28+05:30,3151.4,10,3131.42,2408876,137671.0,182560.0,3163.0,3163.0,3108.0,3134.3,32026200,3447.7,2820.9,3839.9,2896.0,3151.2,305,2,3151.1,24,2,3151.0,19,2,3150.9,20,2,3150.8,44,2,3151.4,199,3,3151.5,6,2,3152.0,501,2,3152.1,386,2,3152.2,621,5
2031,2026-06-16 13:16:28+05:30,3151.4,10,3131.42,2408876,137671.0,182560.0,3163.0,3163.0,3108.0,3134.3,32026200,3447.7,2820.9,3839.9,2896.0,3151.2,305,2,3151.1,24,2,3151.0,19,2,3150.9,20,2,3150.8,44,2,3151.4,199,3,3151.5,6,2,3152.0,501,2,3152.1,386,2,3152.2,621,5
2031,2026-06-16 13:16:28+05:30,3151.4,10,3131.42,2408876,137671.0,182560.0,3163.0,3163.0,3108.0,3134.3,32026200,3447.7,2820.9,3839.9,2896.0,3151.2,305,2,3151.1,24,2,3151.0,19,2,3150.9,20,2,3150.8,44,2,3151.4,199,3,3151.5,6,2,3152.0,501,2,3152.1,386,2,3152.2,621,5
2031,2026-06-16 13:16:29+05:30,3151.4,1,3131.42,2408877,138530.0,182768.0,3163.0,3163.0,3108.0,3134.3,32026200,3447.7,2820.9,3839.9,2896.0,3151.2,354,5,3151.1,7,2,3151.0,65,4,3150.9,20,2,3150.8,44,2,3151.4,289,5,3151.5,6,2,3152.0,501,2,3152.1,386,2,3152.2,601,4
2031,2026-06-16 13:16:29+05:30,3151.4,1,3131.42,2408877,138530.0,182768.0,3163.0,3163.0,3108.0,3134.3,32026200,3447.7,2820.9,3839.9,2896.0,3151.2,354,5,3151.1,7,2,3151.0,65,4,3150.9,20,2,3150.8,44,2,3151.4,289,5,3151.5,6,2,3152.0,501,2,3152.1,386,2,3152.2,601,4
2031,2026-06-16 13:16:29+05:30,3151.4,1,3131.42,2408877,138530.0,182768.0,3163.0,3163.0,3108.0,3134.3,32026200,3447.7,2820.9,3839.9,2896.0,3151.2,354,5,3151.1,7,2,3151.0,65,4,3150.9,20,2,3150.8,44,2,3151.4,289,5,3151.5,6,2,3152.0,501,2,3152.1,386,2,3152.2,601,4
2031,2026-06-16 13:16:30+05:30,3151.2,5,3131.42,2408883,138502.0,182771.0,3163.0,3163.0,3108.0,3134.3,32026200,3447.7,2820.9,3839.9,2896.0,3151.2,358,6,3151.1,30,3,3151.0,8,1,3150.9,20,2,3150.8,44,2,3151.4,289,6,3151.5,6,2,3152.0,501,2,3152.1,386,2,3152.2,601,4
2031,2026-06-16 13:16:30+05:30,3151.2,5,3131.42,2408883,138502.0,182771.0,3163.0,3163.0,3108.0,3134.3,32026200,3447.7,2820.9,3839.9,2896.0,3151.2,358,6,3151.1,30,3,3151.0,8,1,3150.9,20,2,3150.8,44,2,3151.4,289,6,3151.5,6,2,3152.0,501,2,3152.1,386,2,3152.2,601,4
2031,2026-06-16 13:16:30+05:30,3151.2,5,3131.42,2408883,138502.0,182771.0,3163.0,3163.0,3108.0,3134.3,32026200,3447.7,2820.9,3839.9,2896.0,3151.2,358,6,3151.1,30,3,3151.0,8,1,3150.9,20,2,3150.8,44,2,3151.4,289,6,3151.5,6,2,3152.0,501,2,3152.1,386,2,3152.2,601,4
2031,2026-06-16 13:16:31+05:30,3151.4,22,3131.42,2408905,138674.0,182759.0,3163.0,3163.0,3108.0,3134.3,32026200,3447.7,2820.9,3839.9,2896.0,3151.3,2,2,3151.2,381,7,3151.1,1,1,3151.0,29,2,3150.9,20,2,3151.4,267,6,3151.5,6,2,3151.8,10,1,3152.0,501,2,3152.1,386,2
2031,2026-06-16 13:16:31+05:30,3151.4,22,3131.42,2408905,138674.0,182759.0,3163.0,3163.0,3108.0,3134.3,32024400,3447.7,2820.9,3839.9,2896.0,3151.3,2,2,3151.2,381,7,3151.1,1,1,3151.0,29,2,3150.9,20,2,3151.4,267,6,3151.5,6,2,3151.8,10,1,3152.0,501,2,3152.1,386,2
2031,2026-06-16 13:16:31+05:30,3151.4,14,3131.42,2408905,138674.0,182759.0,3163.0,3163.0,3108.0,3134.3,32024400,3447.7,2820.9,3839.9,2896.0,3151.3,2,2,3151.2,381,7,3151.1,1,1,3151.0,29,2,3150.9,20,2,3151.4,267,6,3151.5,6,2,3151.8,10,1,3152.0,501,2,3152.1,386,2
2031,2026-06-16 13:16:32+05:30,3151.3,3,3131.43,2409109,138658.0,182189.0,3163.0,3163.0,3108.0,3134.3,32024400,3447.7,2820.9,3839.9,2896.0,3151.3,13,5,3151.2,343,5,3151.1,30,3,3151.0,39,3,3150.9,64,3,3151.4,54,3,3151.5,6,2,3151.8,10,1,3152.0,501,2,3152.1,386,2
2031,2026-06-16 13:16:32+05:30,3152.0,22,3131.43,2409109,138658.0,182189.0,3163.0,3163.0,3108.0,3134.3,32024400,3447.7,2820.9,3839.9,2896.0,3151.3,13,5,3151.2,343,5,3151.1,30,3,3151.0,39,3,3150.9,64,3,3151.4,54,3,3151.5,6,2,3151.8,10,1,3152.0,501,2,3152.1,386,2
2031,2026-06-16 13:16:33+05:30,3151.3,1,3131.43,2409210,138901.0,182296.0,3163.0,3163.0,3108.0,3134.3,32024400,3447.7,2820.9,3839.9,2896.0,3151.3,23,4,3151.2,359,6,3151.1,1,1,3151.0,18,2,3150.9,20,2,3152.0,479,2,3152.1,471,3,3152.2,601,4,3152.3,295,3,3152.5,165,5
2031,2026-06-16 13:16:33+05:30,3151.3,1,3131.43,2409210,138901.0,182296.0,3163.0,3163.0,3108.0,3134.3,32024400,3447.7,2820.9,3839.9,2896.0,3151.3,23,4,3151.2,359,6,3151.1,1,1,3151.0,18,2,3150.9,20,2,3152.0,479,2,3152.1,471,3,3152.2,601,4,3152.3,295,3,3152.5,165,5
2031,2026-06-16 13:16:34+05:30,3151.3,1,3131.43,2409210,138938.0,182252.0,3163.0,3163.0,3108.0,3134.3,32024400,3447.7,2820.9,3839.9,2896.0,3151.3,60,6,3151.2,359,6,3151.1,68,3,3151.0,18,2,3150.9,20,2,3152.0,561,3,3152.1,390,3,3152.2,601,4,3152.3,295,3,3152.5,121,4
2031,2026-06-16 13:16:34+05:30,3152.0,1,3131.43,2409210,138938.0,182252.0,3163.0,3163.0,3108.0,3134.3,32024400,3447.7,2820.9,3839.9,2896.0,3151.3,60,6,3151.2,359,6,3151.1,68,3,3151.0,18,2,3150.9,20,2,3152.0,561,3,3152.1,390,3,3152.2,601,4,3152.3,295,3,3152.5,121,4
2031,2026-06-16 13:16:35+05:30,3151.9,45,3131.43,2409289,138803.0,182257.0,3163.0,3163.0,3108.0,3134.3,32024400,3447.7,2820.9,3839.9,2896.0,3151.8,32,1,3151.7,32,1,3151.6,34,3,3151.4,32,1,3151.3,37,2,3151.9,155,1,3152.0,527,3,3152.1,4,1,3152.2,587,4,3152.3,500,3
2031,2026-06-16 13:16:35+05:30,3151.8,7,3131.43,2409289,138803.0,182257.0,3163.0,3163.0,3108.0,3134.3,32024400,3447.7,2820.9,3839.9,2896.0,3151.8,32,1,3151.7,32,1,3151.6,34,3,3151.4,32,1,3151.3,37,2,3151.9,155,1,3152.0,527,3,3152.1,4,1,3152.2,587,4,3152.3,500,3
2031,2026-06-16 13:16:36+05:30,3151.8,13,3131.43,2409380,138632.0,182407.0,3163.0,3163.0,3108.0,3134.3,32024400,3447.7,2820.9,3839.9,2896.0,3151.6,41,4,3151.5,32,1,3151.4,40,2,3151.3,79,4,3151.2,328,5,3151.8,110,1,3151.9,200,2,3152.0,527,3,3152.1,4,1,3152.2,587,4
2031,2026-06-16 13:16:36+05:30,3151.8,13,3131.43,2409380,138632.0,182407.0,3163.0,3163.0,3108.0,3134.3,32024400,3447.7,2820.9,3839.9,2896.0,3151.6,41,4,3151.5,32,1,3151.4,40,2,3151.3,79,4,3151.2,328,5,3151.8,110,1,3151.9,200,2,3152.0,527,3,3152.1,4,1,3152.2,587,4
2031,2026-06-16 13:16:37+05:30,3151.9,5,3131.43,2409495,138589.0,182323.0,3163.0,3163.0,3108.0,3134.3,32024400,3447.7,2820.9,3839.9,2896.0,3151.6,26,2,3151.4,23,1,3151.3,87,4,3151.2,351,6,3151.0,107,6,3151.9,195,2,3152.0,527,3,3152.1,4,1,3152.2,587,4,3152.3,500,3
2031,2026-06-16 13:16:37+05:30,3151.9,5,3131.43,2409495,138589.0,182323.0,3163.0,3163.0,3108.0,3134.3,32024400,3447.7,2820.9,3839.9,2896.0,3151.6,26,2,3151.4,23,1,3151.3,87,4,3151.2,351,6,3151.0,107,6,3151.9,195,2,3152.0,527,3,3152.1,4,1,3152.2,587,4,3152.3,500,3
2031,2026-06-16 13:16:38+05:30,3151.9,3,3131.43,2409495,138589.0,182323.0,3163.0,3163.0,3108.0,3134.3,32024400,3447.7,2820.9,3839.9,2896.0,3151.6,26,2,3151.4,23,1,3151.3,87,4,3151.2,351,6,3151.0,107,6,3151.9,195,2,3152.0,527,3,3152.1,4,1,3152.2,587,4,3152.3,500,3
2031,2026-06-16 13:16:38+05:30,3151.9,3,3131.43,2409517,138550.0,182605.0,3163.0,3163.0,3108.0,3134.3,32024400,3447.7,2820.9,3839.9,2896.0,3151.6,3,1,3151.3,37,2,3151.2,305,4,3151.0,161,5,3150.9,13,2,3151.8,200,1,3151.9,188,4,3152.0,527,3,3152.1,42,2,3152.2,587,4
2031,2026-06-16 13:16:39+05:30,3151.6,1,3131.43,2409517,138550.0,182605.0,3163.0,3163.0,3108.0,3134.3,32024400,3447.7,2820.9,3839.9,2896.0,3151.6,3,1,3151.3,37,2,3151.2,305,4,3151.0,161,5,3150.9,13,2,3151.8,200,1,3151.9,188,4,3152.0,527,3,3152.1,42,2,3152.2,587,4
2031,2026-06-16 13:16:39+05:30,3151.6,1,3131.43,2409689,138283.0,182545.0,3163.0,3163.0,3108.0,3134.3,32024400,3447.7,2820.9,3839.9,2896.0,3151.3,36,1,3151.2,320,5,3151.0,150,3,3150.9,23,1,3150.7,22,1,3151.6,97,1,3151.8,180,2,3151.9,179,3,3152.0,527,3,3152.1,4,1
2031,2026-06-16 13:16:40+05:30,3151.6,15,3131.43,2409689,138283.0,182545.0,3163.0,3163.0,3108.0,3134.3,32024400,3447.7,2820.9,3839.9,2896.0,3151.3,36,1,3151.2,320,5,3151.0,150,3,3150.9,23,1,3150.7,22,1,3151.6,97,1,3151.8,180,2,3151.9,179,3,3152.0,527,3,3152.1,4,1
2031,2026-06-16 13:16:40+05:30,3151.6,15,3131.43,2409802,138505.0,182277.0,3163.0,3163.0,3108.0,3134.3,32024400,3447.7,2820.9,3839.9,2896.0,3151.2,357,8,3151.1,10,1,3151.0,197,6,3150.8,109,5,3150.7,22,1,3151.6,10,1,3151.8,179,1,3151.9,141,2,3152.0,475,4,3152.2,637,5
2031,2026-06-16 13:16:41+05:30,3151.6,1,3131.43,2409803,138568.0,182476.0,3163.0,3163.0,3108.0,3134.3,32024400,3447.7,2820.9,3839.9,2896.0,3151.2,357,8,3151.1,10,1,3151.0,197,6,3150.8,109,5,3150.7,82,2,3151.6,9,1,3151.8,179,1,3151.9,141,2,3152.0,475,4,3152.2,637,5
2031,2026-06-16 13:16:41+05:30,3151.6,1,3131.43,2409803,138568.0,182476.0,3163.0,3163.0,3108.0,3134.3,32024400,3447.7,2820.9,3839.9,2896.0,3151.2,357,8,3151.1,10,1,3151.0,197,6,3150.8,109,5,3150.7,82,2,3151.6,9,1,3151.8,179,1,3151.9,141,2,3152.0,475,4,3152.2,637,5
2031,2026-06-16 13:16:42+05:30,3151.6,1,3131.43,2409803,138568.0,182476.0,3163.0,3163.0,3108.0,3134.3,32024400,3447.7,2820.9,3839.9,2896.0,3151.2,357,8,3151.1,10,1,3151.0,197,6,3150.8,109,5,3150.7,82,2,3151.6,9,1,3151.8,179,1,3151.9,141,2,3152.0,475,4,3152.2,637,5
2031,2026-06-16 13:16:42+05:30,3151.6,1,3131.43,2409804,138548.0,182531.0,3163.0,3163.0,3108.0,3134.3,32024400,3447.7,2820.9,3839.9,2896.0,3151.4,16,1,3151.2,342,7,3151.1,10,1,3151.0,185,5,3150.8,44,3,3151.6,9,2,3151.8,183,2,3151.9,144,3,3152.0,478,5,3152.2,637,5
2031,2026-06-16 13:16:43+05:30,3151.6,1,3131.43,2409804,138438.0,182868.0,3163.0,3163.0,3108.0,3134.3,32024400,3447.7,2820.9,3839.9,2896.0,3151.4,16,1,3151.2,321,4,3151.0,150,3,3150.7,22,1,3150.6,8,1,3151.6,46,3,3151.8,222,4,3151.9,219,5,3152.0,516,6,3152.1,519,4
2031,2026-06-16 13:16:44+05:30,3151.6,1,3131.43,2409814,138421.0,182672.0,3163.0,3163.0,3108.0,3134.3,32024400,3447.7,2820.9,3839.9,2896.0,3151.4,16,1,3151.2,321,4,3151.0,150,3,3150.6,9,1,3150.5,28,3,3151.6,14,1,3151.8,312,6,3151.9,177,4,3152.0,576,7,3152.1,432,3
2031,2026-06-16 13:16:44+05:30,3151.6,1,3131.43,2409814,138421.0,182672.0,3163.0,3163.0,3108.0,3134.3,32024400,3447.7,2820.9,3839.9,2896.0,3151.4,16,1,3151.2,321,4,3151.0,150,3,3150.6,9,1,3150.5,28,3,3151.6,14,1,3151.8,312,6,3151.9,177,4,3152.0,576,7,3152.1,432,3
2031,2026-06-16 13:16:45+05:30,3151.5,7,3131.43,2409932,138601.0,182661.0,3163.0,3163.0,3108.0,3134.3,32024400,3447.7,2820.9,3839.9,2896.0,3151.4,40,4,3151.2,321,4,3151.0,150,3,3150.9,23,1,3150.6,103,3,3151.5,181,1,3151.6,1,1,3151.8,184,3,3151.9,144,3,3152.0,516,6
2031,2026-06-16 13:16:45+05:30,3151.5,7,3131.43,2409932,138601.0,182661.0,3163.0,3163.0,3108.0,3134.3,32024400,3447.7,2820.9,3839.9,2896.0,3151.4,40,4,3151.2,321,4,3151.0,150,3,3150.9,23,1,3150.6,103,3,3151.5,181,1,3151.6,1,1,3151.8,184,3,3151.9,144,3,3152.0,516,6
2031,2026-06-16 13:16:46+05:30,3151.8,11,3131.43,2410125,138736.0,182110.0,3163.0,3163.0,3108.0,3134.3,32024400,3447.7,2820.9,3839.9,2896.0,3151.4,34,3,3151.2,362,7,3151.1,9,1,3151.0,171,4,3150.8,46,3,3151.8,173,3,3151.9,144,3,3152.0,478,5,3152.1,386,2,3152.2,651,5
2031,2026-06-16 13:16:46+05:30,3151.8,11,3131.43,2410125,138736.0,182110.0,3163.0,3163.0,3108.0,3134.3,32024400,3447.7,2820.9,3839.9,2896.0,3151.4,34,3,3151.2,362,7,3151.1,9,1,3151.0,171,4,3150.8,46,3,3151.8,173,3,3151.9,144,3,3152.0,478,5,3152.1,386,2,3152.2,651,5
2031,2026-06-16 13:16:47+05:30,3151.4,5,3131.43,2410125,138736.0,182110.0,3163.0,3163.0,3108.0,3134.3,32024400,3447.7,2820.9,3839.9,2896.0,3151.4,34,3,3151.2,362,7,3151.1,9,1,3151.0,171,4,3150.8,46,3,3151.8,173,3,3151.9,144,3,3152.0,478,5,3152.1,386,2,3152.2,651,5
2031,2026-06-16 13:16:47+05:30,3151.4,5,3131.43,2410131,138746.0,182517.0,3163.0,3163.0,3108.0,3134.3,32024400,3447.7,2820.9,3839.9,2896.0,3151.4,29,3,3151.2,377,8,3151.0,171,4,3150.9,9,1,3150.8,46,3,3151.8,172,3,3151.9,228,4,3152.0,478,5,3152.1,386,2,3152.2,651,5
2031,2026-06-16 13:16:48+05:30,3151.8,1,3131.43,2410131,138746.0,182517.0,3163.0,3163.0,3108.0,3134.3,32024400,3447.7,2820.9,3839.9,2896.0,3151.4,29,3,3151.2,377,8,3151.0,171,4,3150.9,9,1,3150.8,46,3,3151.8,172,3,3151.9,228,4,3152.0,478,5,3152.1,386,2,3152.2,651,5
2031,2026-06-16 13:16:48+05:30,3151.8,1,3131.43,2410150,138750.0,182614.0,3163.0,3163.0,3108.0,3134.3,32024400,3447.7,2820.9,3839.9,2896.0,3151.4,40,3,3151.2,339,6,3151.0,150,3,3150.9,9,1,3150.8,26,3,3151.8,154,4,3151.9,228,4,3152.0,478,5,3152.1,386,2,3152.2,651,5
2031,2026-06-16 13:16:50+05:30,3151.8,1,3131.43,2410150,138755.0,182614.0,3163.0,3163.0,3108.0,3134.3,32024400,3447.7,2820.9,3839.9,2896.0,3151.4,40,3,3151.2,339,6,3151.0,150,3,3150.9,9,1,3150.8,26,3,3151.8,154,4,3151.9,228,4,3152.0,478,5,3152.1,386,2,3152.2,651,5
2031,2026-06-16 13:16:50+05:30,3151.8,1,3131.43,2410150,138755.0,182614.0,3163.0,3163.0,3108.0,3134.3,32024400,3447.7,2820.9,3839.9,2896.0,3151.4,40,3,3151.2,339,6,3151.0,150,3,3150.9,9,1,3150.8,26,3,3151.8,154,4,3151.9,228,4,3152.0,478,5,3152.1,386,2,3152.2,651,5
2031,2026-06-16 13:16:51+05:30,3151.8,1,3131.43,2410151,138757.0,182723.0,3163.0,3163.0,3108.0,3134.3,32024400,3447.7,2820.9,3839.9,2896.0,3151.4,40,3,3151.2,339,6,3151.0,150,3,3150.9,32,2,3150.8,5,2,3151.8,153,4,3151.9,228,4,3152.0,483,6,3152.1,386,2,3152.2,651,5
2031,2026-06-16 13:16:51+05:30,3151.8,11,3131.43,2410151,138757.0,182723.0,3163.0,3163.0,3108.0,3134.3,32024400,3447.7,2820.9,3839.9,2896.0,3151.4,40,3,3151.2,339,6,3151.0,150,3,3150.9,32,2,3150.8,5,2,3151.8,153,4,3151.9,228,4,3152.0,483,6,3152.1,386,2,3152.2,651,5
2031,2026-06-16 13:16:52+05:30,3151.8,11,3131.43,2410162,138752.0,182359.0,3163.0,3163.0,3108.0,3134.3,32024400,3447.7,2820.9,3839.9,2896.0,3151.4,40,3,3151.2,339,6,3151.0,150,3,3150.9,32,2,3150.8,5,2,3151.8,167,5,3151.9,228,4,3152.0,483,6,3152.1,386,2,3152.2,689,6
2031,2026-06-16 13:16:53+05:30,3151.8,11,3131.43,2410162,138745.0,182558.0,3163.0,3163.0,3108.0,3134.3,32024400,3447.7,2820.9,3839.9,2896.0,3151.6,15,1,3151.5,21,2,3151.4,23,2,3151.2,339,6,3151.0,150,3,3151.8,167,5,3151.9,228,4,3152.0,483,6,3152.1,386,2,3152.2,651,5
2031,2026-06-16 13:16:54+05:30,3151.8,11,3131.43,2410162,138755.0,182513.0,3163.0,3163.0,3108.0,3134.3,32024400,3447.7,2820.9,3839.9,2896.0,3151.6,15,1,3151.5,32,3,3151.4,23,2,3151.3,8,1,3151.2,339,6,3151.7,1,1,3151.8,205,6,3151.9,228,4,3152.0,483,6,3152.1,386,2
2031,2026-06-16 13:16:54+05:30,3151.8,1,3131.43,2410162,138755.0,182513.0,3163.0,3163.0,3108.0,3134.3,32024400,3447.7,2820.9,3839.9,2896.0,3151.6,15,1,3151.5,32,3,3151.4,23,2,3151.3,8,1,3151.2,339,6,3151.7,1,1,3151.8,205,6,3151.9,228,4,3152.0,483,6,3152.1,386,2
2031,2026-06-16 13:16:55+05:30,3151.8,1,3131.44,2410335,138764.0,182424.0,3163.0,3163.0,3108.0,3134.3,32024400,3447.7,2820.9,3839.9,2896.0,3151.5,29,3,3151.4,41,3,3151.2,339,6,3151.0,212,5,3150.8,29,4,3151.8,37,3,3151.9,278,5,3152.0,696,9,3152.1,386,2,3152.2,601,4
2031,2026-06-16 13:16:55+05:30,3151.5,15,3131.44,2410335,138764.0,182424.0,3163.0,3163.0,3108.0,3134.3,32024400,3447.7,2820.9,3839.9,2896.0,3151.5,29,3,3151.4,41,3,3151.2,339,6,3151.0,212,5,3150.8,29,4,3151.8,37,3,3151.9,278,5,3152.0,696,9,3152.1,386,2,3152.2,601,4
2031,2026-06-16 13:16:56+05:30,3151.9,67,3131.44,2410581,138580.0,182117.0,3163.0,3163.0,3108.0,3134.3,32024400,3447.7,2820.9,3839.9,2896.0,3151.4,18,1,3151.2,314,4,3151.0,189,4,3150.8,28,3,3150.7,26,2,3151.9,141,5,3152.0,663,8,3152.1,46,1,3152.2,625,5,3152.3,545,4
2031,2026-06-16 13:16:56+05:30,3152.0,55,3131.44,2410581,138580.0,182117.0,3163.0,3163.0,3108.0,3134.3,32024400,3447.7,2820.9,3839.9,2896.0,3151.4,18,1,3151.2,314,4,3151.0,189,4,3150.8,28,3,3150.7,26,2,3151.9,141,5,3152.0,663,8,3152.1,46,1,3152.2,625,5,3152.3,545,4
2031,2026-06-16 13:16:57+05:30,3152.0,55,3131.44,2410731,138653.0,182121.0,3163.0,3163.0,3108.0,3134.3,32024400,3447.7,2820.9,3839.9,2896.0,3151.4,26,2,3151.2,314,4,3151.0,189,4,3150.8,28,3,3150.7,86,3,3152.0,608,8,3152.1,46,1,3152.2,625,5,3152.3,545,4,3152.4,233,3
2031,2026-06-16 13:16:58+05:30,3152.0,55,3131.44,2410731,138638.0,182238.0,3163.0,3163.0,3108.0,3134.3,32024400,3447.7,2820.9,3839.9,2896.0,3151.4,62,3,3151.2,314,4,3151.0,1229,5,3150.8,77,4,3150.7,91,4,3152.0,608,8,3152.2,625,5,3152.3,545,4,3152.4,233,3,3152.5,149,4
2031,2026-06-16 13:16:58+05:30,3152.0,43,3131.44,2410731,138638.0,182238.0,3163.0,3163.0,3108.0,3134.3,32024400,3447.7,2820.9,3839.9,2896.0,3151.4,62,3,3151.2,314,4,3151.0,1229,5,3150.8,77,4,3150.7,91,4,3152.0,608,8,3152.2,625,5,3152.3,545,4,3152.4,233,3,3152.5,149,4
2031,2026-06-16 13:16:59+05:30,3152.0,43,3131.44,2410774,138011.0,182341.0,3163.0,3163.0,3108.0,3134.3,32024400,3447.7,2820.9,3839.9,2896.0,3151.4,62,3,3151.2,314,4,3151.0,1190,4,3150.8,5,2,3150.7,26,2,3152.0,678,11,3152.1,86,2,3152.2,707,6,3152.3,605,5,3152.4,220,3
2031,2026-06-16 13:17:00+05:30,3152.0,43,3131.44,2410774,137960.0,182596.0,3163.0,3163.0,3108.0,3134.3,32024400,3447.7,2820.9,3839.9,2896.0,3151.4,63,4,3151.2,314,4,3151.0,1190,4,3150.8,5,2,3150.7,26,2,3151.8,14,1,3151.9,100,4,3152.0,722,11,3152.1,39,1,3152.2,724,7
2031,2026-06-16 13:17:00+05:30,3151.2,200,3131.44,2410774,137960.0,182596.0,3163.0,3163.0,3108.0,3134.3,32024400,3447.7,2820.9,3839.9,2896.0,3151.4,63,4,3151.2,314,4,3151.0,1190,4,3150.8,5,2,3150.7,26,2,3151.8,14,1,3151.9,100,4,3152.0,722,11,3152.1,39,1,3152.2,724,7
2031,2026-06-16 13:17:01+05:30,3151.4,1,3131.44,2411394,136087.0,182608.0,3163.0,3163.0,3108.0,3134.3,32024400,3447.7,2820.9,3839.9,2896.0,3151.2,130,5,3151.0,1190,4,3150.7,26,2,3150.5,30,2,3150.4,16,1,3151.4,136,1,3151.5,122,2,3151.6,44,1,3151.8,141,4,3152.0,680,12
2031,2026-06-16 13:17:01+05:30,3151.6,1,3131.44,2411394,136087.0,182608.0,3163.0,3163.0,3108.0,3134.3,32024400,3447.7,2820.9,3839.9,2896.0,3151.2,130,5,3151.0,1190,4,3150.7,26,2,3150.5,30,2,3150.4,16,1,3151.4,136,1,3151.5,122,2,3151.6,44,1,3151.8,141,4,3152.0,680,12
2031,2026-06-16 13:17:02+05:30,3151.6,1,3131.45,2411531,136514.0,182943.0,3163.0,3163.0,3108.0,3134.3,32024400,3447.7,2820.9,3839.9,2896.0,3151.2,29,4,3151.1,23,1,3151.0,1368,6,3150.9,14,1,3150.8,81,4,3151.6,43,1,3151.8,38,1,3152.0,533,9,3152.1,470,3,3152.2,642,6
2031,2026-06-16 13:17:03+05:30,3151.6,1,3131.45,2411531,136514.0,182964.0,3163.0,3163.0,3108.0,3134.3,32024400,3447.7,2820.9,3839.9,2896.0,3151.2,29,4,3151.1,23,1,3151.0,1368,6,3150.9,14,1,3150.8,81,4,3151.6,43,1,3151.8,38,1,3152.0,533,9,3152.1,470,3,3152.2,642,6
2031,2026-06-16 13:17:04+05:30,3151.6,1,3131.45,2411531,136538.0,182774.0,3163.0,3163.0,3108.0,3134.3,32024400,3447.7,2820.9,3839.9,2896.0,3151.2,50,6,3151.0,1414,8,3150.9,14,1,3150.8,102,5,3150.7,86,3,3151.6,43,1,3151.8,38,1,3152.0,533,9,3152.1,470,3,3152.2,601,4
2031,2026-06-16 13:17:05+05:30,3151.2,10,3131.45,2411546,137113.0,182680.0,3163.0,3163.0,3108.0,3134.3,32024400,3447.7,2820.9,3839.9,2896.0,3151.2,32,5,3151.0,1428,9,3150.9,14,1,3150.8,162,6,3150.7,26,2,3151.6,43,1,3151.8,38,1,3152.0,533,9,3152.1,470,3,3152.2,601,4
2031,2026-06-16 13:17:05+05:30,3151.2,2,3131.45,2411546,137113.0,182680.0,3163.0,3163.0,3108.0,3134.3,32024400,3447.7,2820.9,3839.9,2896.0,3151.2,32,5,3151.0,1428,9,3150.9,14,1,3150.8,162,6,3150.7,26,2,3151.6,43,1,3151.8,38,1,3152.0,533,9,3152.1,470,3,3152.2,601,4
2031,2026-06-16 13:17:06+05:30,3151.2,2,3131.45,2411548,137025.0,182957.0,3163.0,3163.0,3108.0,3134.3,32024400,3447.7,2820.9,3839.9,2896.0,3151.2,36,5,3151.0,1356,5,3150.8,65,2,3150.7,32,2,3150.6,28,3,3151.6,44,2,3151.8,38,1,3152.0,533,9,3152.1,508,4,3152.2,638,5
2031,2026-06-16 13:17:06+05:30,3151.6,1,3131.45,2411548,137025.0,182957.0,3163.0,3163.0,3108.0,3134.3,32024400,3447.7,2820.9,3839.9,2896.0,3151.2,36,5,3151.0,1356,5,3150.8,65,2,3150.7,32,2,3150.6,28,3,3151.6,44,2,3151.8,38,1,3152.0,533,9,3152.1,508,4,3152.2,638,5
2031,2026-06-16 13:17:07+05:30,3151.6,1,3131.45,2411549,136499.0,183002.0,3163.0,3163.0,3108.0,3134.3,32024400,3447.7,2820.9,3839.9,2896.0,3151.4,16,1,3151.2,23,4,3151.0,1370,6,3150.7,18,1,3150.6,28,3,3151.6,68,3,3151.7,38,1,3151.8,112,3,3151.9,25,1,3152.0,669,12
2031,2026-06-16 13:17:08+05:30,3151.6,1,3131.45,2411550,136504.0,182970.0,3163.0,3163.0,3108.0,3134.3,32024400,3447.7,2820.9,3839.9,2896.0,3151.4,16,1,3151.2,23,4,3151.0,1370,6,3150.7,18,1,3150.6,28,3,3151.6,67,3,3151.7,38,1,3151.8,77,2,3151.9,25,1,3152.0,669,12
2031,2026-06-16 13:17:08+05:30,3151.6,1,3131.45,2411550,136504.0,182970.0,3163.0,3163.0,3108.0,3134.3,32024400,3447.7,2820.9,3839.9,2896.0,3151.4,16,1,3151.2,23,4,3151.0,1370,6,3150.7,18,1,3150.6,28,3,3151.6,67,3,3151.7,38,1,3151.8,77,2,3151.9,25,1,3152.0,669,12
2031,2026-06-16 13:17:09+05:30,3151.6,36,3131.45,2411663,136869.0,182380.0,3163.0,3163.0,3108.0,3134.3,32024400,3447.7,2820.9,3839.9,2896.0,3151.6,16,1,3151.5,47,3,3151.4,32,1,3151.3,55,2,3151.2,104,7,3151.8,38,1,3151.9,25,1,3152.0,497,8,3152.2,587,4,3152.3,500,3
2031,2026-06-16 13:17:09+05:30,3151.8,45,3131.45,2411663,136869.0,182380.0,3163.0,3163.0,3108.0,3134.3,32024400,3447.7,2820.9,3839.9,2896.0,3151.6,16,1,3151.5,47,3,3151.4,32,1,3151.3,55,2,3151.2,104,7,3151.8,38,1,3151.9,25,1,3152.0,497,8,3152.2,587,4,3152.3,500,3
2031,2026-06-16 13:17:10+05:30,3151.6,2,3131.45,2411758,136798.0,182651.0,3163.0,3163.0,3108.0,3134.3,32024400,3447.7,2820.9,3839.9,2896.0,3151.6,46,2,3151.5,40,2,3151.4,21,1,3151.3,32,1,3151.2,104,7,3151.9,25,1,3152.0,497,8,3152.2,587,4,3152.3,500,3,3152.4,135,1
2031,2026-06-16 13:17:10+05:30,3152.3,100,3131.45,2411758,136798.0,182651.0,3163.0,3163.0,3108.0,3134.3,32024400,3447.7,2820.9,3839.9,2896.0,3151.6,46,2,3151.5,40,2,3151.4,21,1,3151.3,32,1,3151.2,104,7,3151.9,25,1,3152.0,497,8,3152.2,587,4,3152.3,500,3,3152.4,135,1
2031,2026-06-16 13:17:11+05:30,3152.3,10,3131.46,2413697,138364.0,179589.0,3163.0,3163.0,3108.0,3134.3,32024400,3447.7,2820.9,3839.9,2896.0,3152.3,19,3,3152.2,16,4,3152.1,20,3,3152.0,724,3,3151.9,48,3,3152.5,5,1,3152.7,10,1,3153.0,199,9,3153.2,408,3,3153.3,400,2
2031,2026-06-16 13:17:11+05:30,3152.7,10,3131.46,2413697,138364.0,179589.0,3163.0,3163.0,3108.0,3134.3,32024400,3447.7,2820.9,3839.9,2896.0,3152.3,19,3,3152.2,16,4,3152.1,20,3,3152.0,724,3,3151.9,48,3,3152.5,5,1,3152.7,10,1,3153.0,199,9,3153.2,408,3,3153.3,400,2
2031,2026-06-16 13:17:12+05:30,3152.7,10,3131.46,2413712,139090.0,180535.0,3163.0,3163.0,3108.0,3134.3,32024400,3447.7,2820.9,3839.9,2896.0,3152.7,436,5,3152.6,1,1,3152.5,14,2,3152.4,58,3,3152.3,124,5,3153.0,199,9,3153.2,386,2,3153.3,400,2,3153.4,145,2,3153.5,5,1
2031,2026-06-16 13:17:12+05:30,3152.7,10,3131.46,2413712,139090.0,180535.0,3163.0,3163.0,3108.0,3134.3,32024400,3447.7,2820.9,3839.9,2896.0,3152.7,436,5,3152.6,1,1,3152.5,14,2,3152.4,58,3,3152.3,124,5,3153.0,199,9,3153.2,386,2,3153.3,400,2,3153.4,145,2,3153.5,5,1
2031,2026-06-16 13:17:13+05:30,3152.8,13,3131.47,2413970,138087.0,181008.0,3163.0,3163.0,3108.0,3134.3,32024400,3447.7,2820.9,3839.9,2896.0,3152.7,264,5,3152.6,1,1,3152.5,40,2,3152.3,139,5,3152.2,14,2,3152.8,149,1,3152.9,158,1,3153.0,199,9,3153.2,386,2,3153.3,400,2
2031,2026-06-16 13:17:13+05:30,3152.7,50,3131.47,2413970,138087.0,181008.0,3163.0,3163.0,3108.0,3134.3,32024400,3447.7,2820.9,3839.9,2896.0,3152.7,264,5,3152.6,1,1,3152.5,40,2,3152.3,139,5,3152.2,14,2,3152.8,149,1,3152.9,158,1,3153.0,199,9,3153.2,386,2,3153.3,400,2
2031,2026-06-16 13:17:14+05:30,3152.7,50,3131.47,2413970,138087.0,181008.0,3163.0,3163.0,3108.0,3134.3,32024400,3447.7,2820.9,3839.9,2896.0,3152.7,264,5,3152.6,1,1,3152.5,40,2,3152.3,139,5,3152.2,14,2,3152.8,149,1,3152.9,158,1,3153.0,199,9,3153.2,386,2,3153.3,400,2
2031,2026-06-16 13:17:14+05:30,3152.9,45,3131.47,2414414,138572.0,181286.0,3163.0,3163.0,3108.0,3134.3,32024400,3447.7,2820.9,3839.9,2896.0,3152.8,32,1,3152.7,160,4,3152.6,33,2,3152.5,8,1,3152.4,42,2,3152.9,113,1,3153.0,283,9,3153.2,386,2,3153.3,400,2,3153.4,205,3
2031,2026-06-16 13:17:14+05:30,3152.9,1,3131.47,2414414,138572.0,181286.0,3163.0,3163.0,3108.0,3134.3,32024400,3447.7,2820.9,3839.9,2896.0,3152.8,32,1,3152.7,160,4,3152.6,33,2,3152.5,8,1,3152.4,42,2,3152.9,113,1,3153.0,283,9,3153.2,386,2,3153.3,400,2,3153.4,205,3
2031,2026-06-16 13:17:15+05:30,3152.8,9,3131.47,2414520,138354.0,181361.0,3163.0,3163.0,3108.0,3134.3,32024400,3447.7,2820.9,3839.9,2896.0,3152.7,160,4,3152.6,32,1,3152.5,8,1,3152.4,32,1,3152.3,92,3,3152.8,159,1,3152.9,48,1,3153.0,181,8,3153.2,386,2,3153.3,400,2
2031,2026-06-16 13:17:15+05:30,3152.8,9,3131.47,2414520,138354.0,181361.0,3163.0,3163.0,3108.0,3134.3,32024400,3447.7,2820.9,3839.9,2896.0,3152.7,160,4,3152.6,32,1,3152.5,8,1,3152.4,32,1,3152.3,92,3,3152.8,159,1,3152.9,48,1,3153.0,181,8,3153.2,386,2,3153.3,400,2
2031,2026-06-16 13:17:16+05:30,3152.8,9,3131.47,2414520,138354.0,181361.0,3163.0,3163.0,3108.0,3134.3,32024400,3447.7,2820.9,3839.9,2896.0,3152.7,160,4,3152.6,32,1,3152.5,8,1,3152.4,32,1,3152.3,92,3,3152.8,159,1,3152.9,48,1,3153.0,181,8,3153.2,386,2,3153.3,400,2
2031,2026-06-16 13:17:16+05:30,3152.9,13,3131.47,2414722,138485.0,181010.0,3163.0,3163.0,3108.0,3134.3,32024400,3447.7,2820.9,3839.9,2896.0,3152.7,160,4,3152.6,46,2,3152.5,16,2,3152.4,65,3,3152.3,92,3,3152.9,5,1,3153.0,181,8,3153.2,386,2,3153.3,400,2,3153.4,180,2
2031,2026-06-16 13:17:16+05:30,3152.9,13,3131.47,2414722,138485.0,181010.0,3163.0,3163.0,3108.0,3134.3,32024400,3447.7,2820.9,3839.9,2896.0,3152.7,160,4,3152.6,46,2,3152.5,16,2,3152.4,65,3,3152.3,92,3,3152.9,5,1,3153.0,181,8,3153.2,386,2,3153.3,400,2,3153.4,180,2
2031,2026-06-16 13:17:17+05:30,3152.9,5,3131.47,2414738,138553.0,181195.0,3163.0,3163.0,3108.0,3134.3,32024400,3447.7,2820.9,3839.9,2896.0,3152.9,38,1,3152.7,160,4,3152.6,46,2,3152.5,16,2,3152.4,42,2,3153.0,338,8,3153.2,386,2,3153.3,400,2,3153.4,135,1,3153.5,5,1
2031,2026-06-16 13:17:17+05:30,3152.9,5,3131.47,2414738,138553.0,181195.0,3163.0,3163.0,3108.0,3134.3,32024400,3447.7,2820.9,3839.9,2896.0,3152.9,38,1,3152.7,160,4,3152.6,46,2,3152.5,16,2,3152.4,42,2,3153.0,338,8,3153.2,386,2,3153.3,400,2,3153.4,135,1,3153.5,5,1
2031,2026-06-16 13:17:18+05:30,3152.9,5,3131.47,2414738,138553.0,181195.0,3163.0,3163.0,3108.0,3134.3,32024400,3447.7,2820.9,3839.9,2896.0,3152.9,38,1,3152.7,160,4,3152.6,46,2,3152.5,16,2,3152.4,42,2,3153.0,338,8,3153.2,386,2,3153.3,400,2,3153.4,135,1,3153.5,5,1
2031,2026-06-16 13:17:18+05:30,3153.2,13,3131.48,2415993,137216.0,180533.0,3163.0,3163.0,3108.0,3134.3,32024400,3447.7,2820.9,3839.9,2896.0,3152.9,16,1,3152.7,175,5,3152.5,8,1,3152.3,44,3,3152.2,8,1,3153.2,187,1,3153.3,285,2,3153.4,135,1,3153.5,128,3,3153.6,83,2
2031,2026-06-16 13:17:18+05:30,3153.2,60,3131.48,2415993,137216.0,180533.0,3163.0,3163.0,3108.0,3134.3,32024400,3447.7,2820.9,3839.9,2896.0,3152.9,16,1,3152.7,175,5,3152.5,8,1,3152.3,44,3,3152.2,8,1,3153.2,187,1,3153.3,285,2,3153.4,135,1,3153.5,128,3,3153.6,83,2
2031,2026-06-16 13:17:19+05:30,3153.2,50,3131.49,2416629,136364.0,181339.0,3163.0,3163.0,3108.0,3134.3,32024400,3447.7,2820.9,3839.9,2896.0,3152.5,5,1,3152.3,9,2,3152.2,8,1,3152.1,21,2,3152.0,678,1,3153.2,447,7,3153.3,369,3,3153.4,224,3,3153.5,44,2,3153.6,228,5
2031,2026-06-16 13:17:19+05:30,3153.2,50,3131.49,2416629,136364.0,181339.0,3163.0,3163.0,3108.0,3134.3,32024400,3447.7,2820.9,3839.9,2896.0,3152.5,5,1,3152.3,9,2,3152.2,8,1,3152.1,21,2,3152.0,678,1,3153.2,447,7,3153.3,369,3,3153.4,224,3,3153.5,44,2,3153.6,228,5
2031,2026-06-16 13:17:20+05:30,3153.2,50,3131.49,2416629,136364.0,181339.0,3163.0,3163.0,3108.0,3134.3,32024400,3447.7,2820.9,3839.9,2896.0,3152.5,5,1,3152.3,9,2,3152.2,8,1,3152.1,21,2,3152.0,678,1,3153.2,447,7,3153.3,369,3,3153.4,224,3,3153.5,44,2,3153.6,228,5
2031,2026-06-16 13:17:20+05:30,3153.2,3,3131.49,2416765,136287.0,181153.0,3163.0,3163.0,3108.0,3134.3,32024400,3447.7,2820.9,3839.9,2896.0,3152.5,5,1,3152.3,9,2,3152.2,8,1,3152.1,3,1,3152.0,678,1,3153.2,573,7,3153.3,369,3,3153.4,284,4,3153.5,88,3,3153.6,216,5
2031,2026-06-16 13:17:20+05:30,3153.2,3,3131.49,2416765,136287.0,181153.0,3163.0,3163.0,3108.0,3134.3,32024400,3447.7,2820.9,3839.9,2896.0,3152.5,5,1,3152.3,9,2,3152.2,8,1,3152.1,3,1,3152.0,678,1,3153.2,573,7,3153.3,369,3,3153.4,284,4,3153.5,88,3,3153.6,216,5
2031,2026-06-16 13:17:21+05:30,3153.2,11,3131.49,2416876,136334.0,181126.0,3163.0,3163.0,3108.0,3134.3,32024400,3447.7,2820.9,3839.9,2896.0,3152.5,5,1,3152.3,7,1,3152.2,8,1,3152.1,3,1,3152.0,678,1,3153.2,483,6,3153.3,369,3,3153.4,284,4,3153.5,44,2,3153.6,260,6
2031,2026-06-16 13:17:21+05:30,3153.2,11,3131.49,2416876,136334.0,181126.0,3163.0,3163.0,3108.0,3134.3,32024400,3447.7,2820.9,3839.9,2896.0,3152.5,5,1,3152.3,7,1,3152.2,8,1,3152.1,3,1,3152.0,678,1,3153.2,483,6,3153.3,369,3,3153.4,284,4,3153.5,44,2,3153.6,260,6
2031,2026-06-16 13:17:21+05:30,3153.2,11,3131.49,2416876,136334.0,181126.0,3163.0,3163.0,3108.0,3134.3,32024400,3447.7,2820.9,3839.9,2896.0,3152.5,5,1,3152.3,7,1,3152.2,8,1,3152.1,3,1,3152.0,678,1,3153.2,483,6,3153.3,369,3,3153.4,284,4,3153.5,44,2,3153.6,260,6
2031,2026-06-16 13:17:22+05:30,3153.2,1,3131.49,2416877,136383.0,181080.0,3163.0,3163.0,3108.0,3134.3,32024400,3447.7,2820.9,3839.9,2896.0,3152.5,22,2,3152.3,7,1,3152.2,8,1,3152.1,3,1,3152.0,678,1,3153.2,482,6,3153.3,369,3,3153.4,284,4,3153.5,44,2,3153.6,216,5
2031,2026-06-16 13:17:22+05:30,3153.2,1,3131.49,2416877,136383.0,181080.0,3163.0,3163.0,3108.0,3134.3,32024400,3447.7,2820.9,3839.9,2896.0,3152.5,22,2,3152.3,7,1,3152.2,8,1,3152.1,3,1,3152.0,678,1,3153.2,482,6,3153.3,369,3,3153.4,284,4,3153.5,44,2,3153.6,216,5
2031,2026-06-16 13:17:23+05:30,3153.2,1,3131.49,2416877,136383.0,181080.0,3163.0,3163.0,3108.0,3134.3,32024400,3447.7,2820.9,3839.9,2896.0,3152.5,22,2,3152.3,7,1,3152.2,8,1,3152.1,3,1,3152.0,678,1,3153.2,482,6,3153.3,369,3,3153.4,284,4,3153.5,44,2,3153.6,216,5
2031,2026-06-16 13:17:23+05:30,3153.2,1,3131.49,2416877,136347.0,180977.0,3163.0,3163.0,3108.0,3134.3,32024400,3447.7,2820.9,3839.9,2896.0,3152.5,22,2,3152.3,7,1,3152.2,17,2,3152.1,3,1,3152.0,678,1,3153.2,393,4,3153.3,419,4,3153.4,195,2,3153.5,44,2,3153.6,216,5
2031,2026-06-16 13:17:23+05:30,3153.0,6,3131.49,2416877,136347.0,180977.0,3163.0,3163.0,3108.0,3134.3,32024400,3447.7,2820.9,3839.9,2896.0,3152.5,22,2,3152.3,7,1,3152.2,17,2,3152.1,3,1,3152.0,678,1,3153.2,393,4,3153.3,419,4,3153.4,195,2,3153.5,44,2,3153.6,216,5
2031,2026-06-16 13:17:24+05:30,3153.0,6,3131.49,2416877,136347.0,180977.0,3163.0,3163.0,3108.0,3134.3,32024400,3447.7,2820.9,3839.9,2896.0,3152.5,22,2,3152.3,7,1,3152.2,17,2,3152.1,3,1,3152.0,678,1,3153.2,393,4,3153.3,419,4,3153.4,195,2,3153.5,44,2,3153.6,216,5
2031,2026-06-16 13:17:24+05:30,3152.9,12,3131.49,2416995,135787.0,181514.0,3163.0,3163.0,3108.0,3134.3,32024400,3447.7,2820.9,3839.9,2896.0,3152.5,17,1,3152.0,678,1,3151.8,25,2,3151.7,10,1,3151.6,39,2,3152.9,152,4,3153.0,140,4,3153.1,65,4,3153.2,571,8,3153.3,329,3
2031,2026-06-16 13:17:24+05:30,3152.9,12,3131.49,2416995,135787.0,181514.0,3163.0,3163.0,3108.0,3134.3,32024400,3447.7,2820.9,3839.9,2896.0,3152.5,17,1,3152.0,678,1,3151.8,25,2,3151.7,10,1,3151.6,39,2,3152.9,152,4,3153.0,140,4,3153.1,65,4,3153.2,571,8,3153.3,329,3
2031,2026-06-16 13:17:25+05:30,3152.9,12,3131.49,2416995,135787.0,181514.0,3163.0,3163.0,3108.0,3134.3,32024400,3447.7,2820.9,3839.9,2896.0,3152.5,17,1,3152.0,678,1,3151.8,25,2,3151.7,10,1,3151.6,39,2,3152.9,152,4,3153.0,140,4,3153.1,65,4,3153.2,571,8,3153.3,329,3
2031,2026-06-16 13:17:25+05:30,3152.8,5,3131.49,2417001,135871.0,181404.0,3163.0,3163.0,3108.0,3134.3,32024400,3447.7,2820.9,3839.9,2896.0,3152.5,16,1,3152.0,678,1,3151.8,17,1,3151.7,10,1,3151.6,39,2,3152.7,14,1,3152.8,164,6,3152.9,84,4,3153.0,282,7,3153.1,51,3
2031,2026-06-16 13:17:25+05:30,3152.8,5,3131.49,2417001,135871.0,181404.0,3163.0,3163.0,3108.0,3134.3,32024400,3447.7,2820.9,3839.9,2896.0,3152.5,16,1,3152.0,678,1,3151.8,17,1,3151.7,10,1,3151.6,39,2,3152.7,14,1,3152.8,164,6,3152.9,84,4,3153.0,282,7,3153.1,51,3
2031,2026-06-16 13:17:25+05:30,3152.8,5,3131.49,2417001,135871.0,181404.0,3163.0,3163.0,3108.0,3134.3,32024400,3447.7,2820.9,3839.9,2896.0,3152.5,16,1,3152.0,678,1,3151.8,17,1,3151.7,10,1,3151.6,39,2,3152.7,14,1,3152.8,164,6,3152.9,84,4,3153.0,282,7,3153.1,51,3
2031,2026-06-16 13:17:26+05:30,3152.8,5,3131.49,2417001,135871.0,181404.0,3163.0,3163.0,3108.0,3134.3,32024400,3447.7,2820.9,3839.9,2896.0,3152.5,16,1,3152.0,678,1,3151.8,17,1,3151.7,10,1,3151.6,39,2,3152.7,14,1,3152.8,164,6,3152.9,84,4,3153.0,282,7,3153.1,51,3
2031,2026-06-16 13:17:26+05:30,3152.8,5,3131.49,2417001,136071.0,181466.0,3163.0,3163.0,3108.0,3134.3,32024400,3447.7,2820.9,3839.9,2896.0,3152.5,66,2,3152.0,678,1,3151.8,17,1,3151.7,10,1,3151.6,39,2,3152.7,14,1,3152.8,164,6,3152.9,84,4,3153.0,282,7,3153.1,37,2
2031,2026-06-16 13:17:27+05:30,3152.8,5,3131.49,2417001,136071.0,181466.0,3163.0,3163.0,3108.0,3134.3,32024400,3447.7,2820.9,3839.9,2896.0,3152.5,66,2,3152.0,678,1,3151.8,17,1,3151.7,10,1,3151.6,39,2,3152.7,14,1,3152.8,164,6,3152.9,84,4,3153.0,282,7,3153.1,37,2
2031,2026-06-16 13:17:27+05:30,3151.8,19,3131.5,2417960,132913.0,184785.0,3163.0,3163.0,3108.0,3134.3,32024400,3447.7,2820.9,3839.9,2896.0,3151.6,13,1,3151.5,15,1,3151.2,11,2,3151.0,73,4,3150.6,31,2,3151.7,200,1,3151.8,347,4,3151.9,20,1,3152.0,90,2,3152.1,78,3
2031,2026-06-16 13:17:27+05:30,3151.3,1,3131.5,2417960,132913.0,184785.0,3163.0,3163.0,3108.0,3134.3,32024400,3447.7,2820.9,3839.9,2896.0,3151.6,13,1,3151.5,15,1,3151.2,11,2,3151.0,73,4,3150.6,31,2,3151.7,200,1,3151.8,347,4,3151.9,20,1,3152.0,90,2,3152.1,78,3
2031,2026-06-16 13:17:28+05:30,3151.3,1,3131.5,2417960,132913.0,184785.0,3163.0,3163.0,3108.0,3134.3,32024400,3447.7,2820.9,3839.9,2896.0,3151.6,13,1,3151.5,15,1,3151.2,11,2,3151.0,73,4,3150.6,31,2,3151.7,200,1,3151.8,347,4,3151.9,20,1,3152.0,90,2,3152.1,78,3
2031,2026-06-16 13:17:28+05:30,3151.2,18,3131.51,2418677,131315.0,186295.0,3163.0,3163.0,3108.0,3134.3,32024400,3447.7,2820.9,3839.9,2896.0,3150.5,39,1,3150.4,37,2,3150.3,3,1,3150.2,21,1,3150.0,165,12,3150.8,45,1,3150.9,32,1,3151.0,32,1,3151.1,32,1,3151.2,119,1
2031,2026-06-16 13:17:28+05:30,3151.2,18,3131.51,2418677,131315.0,186295.0,3163.0,3163.0,3108.0,3134.3,32024400,3447.7,2820.9,3839.9,2896.0,3150.5,39,1,3150.4,37,2,3150.3,3,1,3150.2,21,1,3150.0,165,12,3150.8,45,1,3150.9,32,1,3151.0,32,1,3151.1,32,1,3151.2,119,1
2031,2026-06-16 13:17:29+05:30,3151.2,18,3131.51,2418677,131315.0,186295.0,3163.0,3163.0,3108.0,3134.3,32024400,3447.7,2820.9,3839.9,2896.0,3150.5,39,1,3150.4,37,2,3150.3,3,1,3150.2,21,1,3150.0,165,12,3150.8,45,1,3150.9,32,1,3151.0,32,1,3151.1,32,1,3151.2,119,1
2031,2026-06-16 13:17:29+05:30,3150.5,39,3131.51,2418716,130499.0,187319.0,3163.0,3163.0,3108.0,3134.3,32024400,3447.7,2820.9,3839.9,2896.0,3150.1,14,1,3150.0,175,10,3149.8,83,2,3149.6,34,4,3149.5,60,1,3150.4,119,1,3150.5,6,1,3150.6,32,1,3150.7,32,1,3150.8,32,1
2031,2026-06-16 13:17:29+05:30,3150.5,39,3131.51,2418716,130499.0,187319.0,3163.0,3163.0,3108.0,3134.3,32024400,3447.7,2820.9,3839.9,2896.0,3150.1,14,1,3150.0,175,10,3149.8,83,2,3149.6,34,4,3149.5,60,1,3150.4,119,1,3150.5,6,1,3150.6,32,1,3150.7,32,1,3150.8,32,1
2031,2026-06-16 13:17:29+05:30,3150.5,39,3131.51,2418716,130499.0,187319.0,3163.0,3163.0,3108.0,3134.3,32024400,3447.7,2820.9,3839.9,2896.0,3150.1,14,1,3150.0,175,10,3149.8,83,2,3149.6,34,4,3149.5,60,1,3150.4,119,1,3150.5,6,1,3150.6,32,1,3150.7,32,1,3150.8,32,1
2031,2026-06-16 13:17:30+05:30,3150.5,39,3131.51,2418716,130499.0,187319.0,3163.0,3163.0,3108.0,3134.3,32024400,3447.7,2820.9,3839.9,2896.0,3150.1,14,1,3150.0,175,10,3149.8,83,2,3149.6,34,4,3149.5,60,1,3150.4,119,1,3150.5,6,1,3150.6,32,1,3150.7,32,1,3150.8,32,1
2031,2026-06-16 13:17:30+05:30,3150.3,1,3131.51,2418720,130577.0,185699.0,3163.0,3163.0,3108.0,3134.3,32024400,3447.7,2820.9,3839.9,2896.0,3150.1,55,3,3150.0,163,9,3149.8,23,1,3149.6,28,2,3149.5,109,3,3150.3,2,1,3150.4,177,4,3150.5,32,1,3150.6,32,1,3150.8,32,1
2031,2026-06-16 13:17:30+05:30,3150.2,79,3131.51,2418720,130577.0,185699.0,3163.0,3163.0,3108.0,3134.3,32024400,3447.7,2820.9,3839.9,2896.0,3150.1,55,3,3150.0,163,9,3149.8,23,1,3149.6,28,2,3149.5,109,3,3150.3,2,1,3150.4,177,4,3150.5,32,1,3150.6,32,1,3150.8,32,1
2031,2026-06-16 13:17:31+05:30,3150.2,79,3131.51,2418720,130577.0,185699.0,3163.0,3163.0,3108.0,3134.3,32019400,3447.7,2820.9,3839.9,2896.0,3150.1,55,3,3150.0,163,9,3149.8,23,1,3149.6,28,2,3149.5,109,3,3150.3,2,1,3150.4,177,4,3150.5,32,1,3150.6,32,1,3150.8,32,1
2031,2026-06-16 13:17:31+05:30,3150.2,4,3131.51,2418816,130600.0,187626.0,3163.0,3163.0,3108.0,3134.3,32019400,3447.7,2820.9,3839.9,2896.0,3150.1,70,4,3150.0,163,9,3149.8,23,1,3149.7,5,1,3149.6,28,2,3150.2,57,2,3150.3,32,1,3150.4,58,3,3150.6,32,1,3151.2,82,3
2031,2026-06-16 13:17:31+05:30,3150.2,4,3131.51,2418816,130600.0,187626.0,3163.0,3163.0,3108.0,3134.3,32019400,3447.7,2820.9,3839.9,2896.0,3150.1,70,4,3150.0,163,9,3149.8,23,1,3149.7,5,1,3149.6,28,2,3150.2,57,2,3150.3,32,1,3150.4,58,3,3150.6,32,1,3151.2,82,3
2031,2026-06-16 13:17:32+05:30,3150.3,1,3131.51,2418816,130600.0,187626.0,3163.0,3163.0,3108.0,3134.3,32019400,3447.7,2820.9,3839.9,2896.0,3150.1,70,4,3150.0,163,9,3149.8,23,1,3149.7,5,1,3149.6,28,2,3150.2,57,2,3150.3,32,1,3150.4,58,3,3150.6,32,1,3151.2,82,3
2031,2026-06-16 13:17:32+05:30,3150.8,3,3131.52,2420178,132367.0,185607.0,3163.0,3163.0,3108.0,3134.3,32019400,3447.7,2820.9,3839.9,2896.0,3150.3,14,1,3150.2,39,4,3150.1,174,9,3150.0,228,14,3149.9,23,1,3150.8,4,1,3151.6,104,3,3151.7,85,2,3151.8,74,3,3151.9,63,1
2031,2026-06-16 13:17:33+05:30,3151.5,3,3131.52,2420178,132367.0,185607.0,3163.0,3163.0,3108.0,3134.3,32019400,3447.7,2820.9,3839.9,2896.0,3150.3,14,1,3150.2,39,4,3150.1,174,9,3150.0,228,14,3149.9,23,1,3150.8,4,1,3151.6,104,3,3151.7,85,2,3151.8,74,3,3151.9,63,1
2031,2026-06-16 13:17:34+05:30,3151.5,3,3131.52,2420315,133127.0,184922.0,3163.0,3163.0,3108.0,3134.3,32019400,3447.7,2820.9,3839.9,2896.0,3150.5,26,3,3150.4,71,7,3150.3,87,7,3150.2,30,2,3150.1,181,7,3151.8,129,2,3151.9,63,1,3152.0,112,3,3152.1,108,4,3152.2,303,4
2031,2026-06-16 13:17:34+05:30,3151.0,1,3131.52,2420315,133127.0,184922.0,3163.0,3163.0,3108.0,3134.3,32019400,3447.7,2820.9,3839.9,2896.0,3150.5,26,3,3150.4,71,7,3150.3,87,7,3150.2,30,2,3150.1,181,7,3151.8,129,2,3151.9,63,1,3152.0,112,3,3152.1,108,4,3152.2,303,4
2031,2026-06-16 13:17:35+05:30,3150.6,2,3131.52,2420362,132464.0,186289.0,3163.0,3163.0,3108.0,3134.3,32019400,3447.7,2820.9,3839.9,2896.0,3150.6,16,1,3150.5,96,1,3150.2,7,1,3150.1,44,3,3150.0,137,9,3151.0,5,1,3151.1,44,1,3151.2,33,1,3151.3,89,2,3151.4,164,3
2031,2026-06-16 13:17:35+05:30,3150.6,2,3131.52,2420362,132464.0,186289.0,3163.0,3163.0,3108.0,3134.3,32019400,3447.7,2820.9,3839.9,2896.0,3150.6,16,1,3150.5,96,1,3150.2,7,1,3150.1,44,3,3150.0,137,9,3151.0,5,1,3151.1,44,1,3151.2,33,1,3151.3,89,2,3151.4,164,3
2031,2026-06-16 13:17:36+05:30,3150.6,5,3131.52,2420367,132406.0,186838.0,3163.0,3163.0,3108.0,3134.3,32019400,3447.7,2820.9,3839.9,2896.0,3150.6,11,1,3150.5,96,1,3150.1,44,3,3150.0,115,7,3149.6,47,3,3150.7,32,1,3150.8,32,1,3150.9,32,1,3151.0,26,1,3151.1,70,2
2031,2026-06-16 13:17:36+05:30,3150.9,32,3131.52,2420367,132406.0,186838.0,3163.0,3163.0,3108.0,3134.3,32019400,3447.7,2820.9,3839.9,2896.0,3150.6,11,1,3150.5,96,1,3150.1,44,3,3150.0,115,7,3149.6,47,3,3150.7,32,1,3150.8,32,1,3150.9,32,1,3151.0,26,1,3151.1,70,2
2031,2026-06-16 13:17:37+05:30,3150.9,32,3131.52,2420463,132764.0,186456.0,3163.0,3163.0,3108.0,3134.3,32019400,3447.7,2820.9,3839.9,2896.0,3150.6,113,2,3150.5,96,1,3150.1,41,2,3150.0,278,10,3149.8,3,1,3150.7,1,1,3150.8,39,1,3151.3,76,2,3151.4,63,1,3151.5,65,2
2031,2026-06-16 13:17:37+05:30,3150.6,18,3131.52,2420463,132764.0,186456.0,3163.0,3163.0,3108.0,3134.3,32019400,3447.7,2820.9,3839.9,2896.0,3150.6,113,2,3150.5,96,1,3150.1,41,2,3150.0,278,10,3149.8,3,1,3150.7,1,1,3150.8,39,1,3151.3,76,2,3151.4,63,1,3151.5,65,2
2031,2026-06-16 13:17:38+05:30,3150.7,143,3131.52,2420647,132571.0,186475.0,3163.0,3163.0,3108.0,3134.3,32019400,3447.7,2820.9,3839.9,2896.0,3150.6,78,1,3150.5,96,1,3150.1,56,3,3150.0,218,9,3149.8,3,1,3150.7,89,2,3150.8,32,1,3150.9,32,1,3151.0,38,1,3151.1,32,1
2031,2026-06-16 13:17:38+05:30,3150.6,45,3131.52,2420647,132571.0,186475.0,3163.0,3163.0,3108.0,3134.3,32019400,3447.7,2820.9,3839.9,2896.0,3150.6,78,1,3150.5,96,1,3150.1,56,3,3150.0,218,9,3149.8,3,1,3150.7,89,2,3150.8,32,1,3150.9,32,1,3151.0,38,1,3151.1,32,1
2031,2026-06-16 13:17:39+05:30,3150.6,45,3131.52,2420693,132623.0,186394.0,3163.0,3163.0,3108.0,3134.3,32019400,3447.7,2820.9,3839.9,2896.0,3150.6,33,1,3150.5,96,1,3150.1,56,3,3150.0,218,9,3149.8,63,2,3150.7,96,3,3150.8,32,1,3150.9,32,1,3151.0,64,2,3151.1,32,1
2031,2026-06-16 13:17:39+05:30,3150.6,12,3131.52,2420693,132623.0,186394.0,3163.0,3163.0,3108.0,3134.3,32019400,3447.7,2820.9,3839.9,2896.0,3150.6,33,1,3150.5,96,1,3150.1,56,3,3150.0,218,9,3149.8,63,2,3150.7,96,3,3150.8,32,1,3150.9,32,1,3151.0,64,2,3151.1,32,1
2031,2026-06-16 13:17:40+05:30,3150.7,8,3131.52,2420746,132577.0,186500.0,3163.0,3163.0,3108.0,3134.3,32019400,3447.7,2820.9,3839.9,2896.0,3150.6,3,1,3150.5,96,1,3150.1,40,1,3150.0,218,9,3149.8,3,1,3150.7,88,3,3150.8,70,2,3150.9,32,1,3151.0,116,3,3151.1,32,1
2031,2026-06-16 13:17:40+05:30,3150.6,45,3131.52,2420746,132577.0,186500.0,3163.0,3163.0,3108.0,3134.3,32019400,3447.7,2820.9,3839.9,2896.0,3150.6,3,1,3150.5,96,1,3150.1,40,1,3150.0,218,9,3149.8,3,1,3150.7,88,3,3150.8,70,2,3150.9,32,1,3151.0,116,3,3151.1,32,1
2031,2026-06-16 13:17:41+05:30,3150.6,20,3131.52,2420839,132635.0,186395.0,3163.0,3163.0,3108.0,3134.3,32019400,3447.7,2820.9,3839.9,2896.0,3150.6,53,2,3150.5,96,1,3150.1,40,1,3150.0,278,10,3149.9,2,1,3150.7,51,2,3151.2,38,1,3151.4,83,2,3151.5,96,2,3151.6,311,6
2031,2026-06-16 13:17:41+05:30,3150.6,20,3131.52,2420839,132635.0,186395.0,3163.0,3163.0,3108.0,3134.3,32019400,3447.7,2820.9,3839.9,2896.0,3150.6,53,2,3150.5,96,1,3150.1,40,1,3150.0,278,10,3149.9,2,1,3150.7,51,2,3151.2,38,1,3151.4,83,2,3151.5,96,2,3151.6,311,6
2031,2026-06-16 13:17:42+05:30,3150.6,20,3131.52,2420839,132604.0,186499.0,3163.0,3163.0,3108.0,3134.3,32019400,3447.7,2820.9,3839.9,2896.0,3150.6,53,2,3150.5,96,1,3150.2,20,2,3150.1,40,1,3150.0,292,11,3150.7,51,2,3151.5,96,2,3151.6,356,7,3151.7,69,1,3151.8,358,7
2031,2026-06-16 13:17:42+05:30,3150.6,3,3131.52,2420839,132604.0,186499.0,3163.0,3163.0,3108.0,3134.3,32019400,3447.7,2820.9,3839.9,2896.0,3150.6,53,2,3150.5,96,1,3150.2,20,2,3150.1,40,1,3150.0,292,11,3150.7,51,2,3151.5,96,2,3151.6,356,7,3151.7,69,1,3151.8,358,7
2031,2026-06-16 13:17:43+05:30,3150.6,16,3131.53,2420962,132655.0,186659.0,3163.0,3163.0,3108.0,3134.3,32019400,3447.7,2820.9,3839.9,2896.0,3150.5,96,1,3150.1,40,1,3150.0,218,9,3149.8,4,2,3149.7,78,2,3150.6,277,2,3150.7,51,2,3151.2,38,1,3151.3,205,4,3151.4,2,1
2031,2026-06-16 13:17:43+05:30,3150.6,1,3131.53,2420962,132655.0,186659.0,3163.0,3163.0,3108.0,3134.3,32019400,3447.7,2820.9,3839.9,2896.0,3150.5,96,1,3150.1,40,1,3150.0,218,9,3149.8,4,2,3149.7,78,2,3150.6,277,2,3150.7,51,2,3151.2,38,1,3151.3,205,4,3151.4,2,1
2031,2026-06-16 13:17:44+05:30,3150.2,81,3131.53,2421531,131134.0,187438.0,3163.0,3163.0,3108.0,3134.3,32019400,3447.7,2820.9,3839.9,2896.0,3150.0,16,4,3149.6,54,1,3149.5,92,3,3149.4,22,2,3149.2,156,5,3150.2,119,1,3150.6,8,1,3150.7,43,1,3150.9,73,2,3151.0,65,2
2031,2026-06-16 13:17:44+05:30,3150.7,12,3131.53,2421531,131134.0,187438.0,3163.0,3163.0,3108.0,3134.3,32019400,3447.7,2820.9,3839.9,2896.0,3150.0,16,4,3149.6,54,1,3149.5,92,3,3149.4,22,2,3149.2,156,5,3150.2,119,1,3150.6,8,1,3150.7,43,1,3150.9,73,2,3151.0,65,2
2031,2026-06-16 13:17:45+05:30,3150.7,12,3131.53,2421704,132266.0,187064.0,3163.0,3163.0,3108.0,3134.3,32019400,3447.7,2820.9,3839.9,2896.0,3150.1,16,6,3150.0,35,7,3149.9,79,4,3149.8,64,3,3149.7,205,4,3150.7,31,1,3151.4,21,1,3151.5,68,3,3151.6,476,6,3151.7,200,1
2031,2026-06-16 13:17:45+05:30,3150.1,1,3131.53,2421704,132266.0,187064.0,3163.0,3163.0,3108.0,3134.3,32019400,3447.7,2820.9,3839.9,2896.0,3150.1,16,6,3150.0,35,7,3149.9,79,4,3149.8,64,3,3149.7,205,4,3150.7,31,1,3151.4,21,1,3151.5,68,3,3151.6,476,6,3151.7,200,1
2031,2026-06-16 13:17:46+05:30,3150.1,1,3131.53,2421706,132640.0,186999.0,3163.0,3163.0,3108.0,3134.3,32019400,3447.7,2820.9,3839.9,2896.0,3150.2,290,1,3150.1,5,3,3150.0,22,7,3149.9,48,2,3149.8,65,4,3150.5,350,1,3150.7,21,1,3151.3,38,1,3151.5,75,3,3151.6,476,6
2031,2026-06-16 13:17:47+05:30,3150.5,1,3131.53,2421907,132150.0,187006.0,3163.0,3163.0,3108.0,3134.3,32019400,3447.7,2820.9,3839.9,2896.0,3150.2,90,1,3150.1,2,2,3150.0,21,7,3149.9,16,1,3149.8,18,1,3150.5,374,2,3151.3,149,3,3151.4,21,1,3151.5,75,3,3151.6,529,8
2031,2026-06-16 13:17:47+05:30,3150.5,62,3131.53,2421907,132150.0,187006.0,3163.0,3163.0,3108.0,3134.3,32019400,3447.7,2820.9,3839.9,2896.0,3150.2,90,1,3150.1,2,2,3150.0,21,7,3149.9,16,1,3149.8,18,1,3150.5,374,2,3151.3,149,3,3151.4,21,1,3151.5,75,3,3151.6,529,8
2031,2026-06-16 13:17:48+05:30,3150.5,25,3131.54,2422281,132783.0,185865.0,3163.0,3163.0,3108.0,3134.3,32019400,3447.7,2820.9,3839.9,2896.0,3150.6,188,1,3150.2,90,1,3150.1,5,3,3150.0,42,8,3149.9,66,2,3151.4,71,3,3151.5,119,3,3151.6,408,4,3151.7,314,3,3151.8,511,8
2031,2026-06-16 13:17:48+05:30,3150.5,25,3131.54,2422281,132783.0,185865.0,3163.0,3163.0,3108.0,3134.3,32019400,3447.7,2820.9,3839.9,2896.0,3150.6,188,1,3150.2,90,1,3150.1,5,3,3150.0,42,8,3149.9,66,2,3151.4,71,3,3151.5,119,3,3151.6,408,4,3151.7,314,3,3151.8,511,8
2031,2026-06-16 13:17:49+05:30,3150.6,5,3131.54,2422311,132960.0,185816.0,3163.0,3163.0,3108.0,3134.3,32019400,3447.7,2820.9,3839.9,2896.0,3150.6,183,1,3150.2,90,1,3150.1,5,3,3150.0,42,8,3149.9,21,1,3151.4,104,4,3151.5,126,3,3151.6,506,6,3151.7,269,2,3151.8,511,8
2031,2026-06-16 13:17:49+05:30,3150.6,5,3131.54,2422311,132960.0,185816.0,3163.0,3163.0,3108.0,3134.3,32019400,3447.7,2820.9,3839.9,2896.0,3150.6,183,1,3150.2,90,1,3150.1,5,3,3150.0,42,8,3149.9,21,1,3151.4,104,4,3151.5,126,3,3151.6,506,6,3151.7,269,2,3151.8,511,8
2031,2026-06-16 13:17:50+05:30,3150.6,50,3131.54,2422361,133073.0,185389.0,3163.0,3163.0,3108.0,3134.3,32019400,3447.7,2820.9,3839.9,2896.0,3151.0,2,2,3150.6,166,3,3150.2,90,1,3150.1,3,1,3150.0,26,7,3151.4,175,5,3151.5,379,5,3151.6,501,6,3151.7,135,1,3151.8,153,5
2031,2026-06-16 13:17:50+05:30,3151.0,1,3131.54,2422361,133073.0,185389.0,3163.0,3163.0,3108.0,3134.3,32019400,3447.7,2820.9,3839.9,2896.0,3151.0,2,2,3150.6,166,3,3150.2,90,1,3150.1,3,1,3150.0,26,7,3151.4,175,5,3151.5,379,5,3151.6,501,6,3151.7,135,1,3151.8,153,5
2031,2026-06-16 13:17:51+05:30,3151.4,4,3131.54,2422406,133061.0,185956.0,3163.0,3163.0,3108.0,3134.3,32019400,3447.7,2820.9,3839.9,2896.0,3151.0,4,3,3150.6,166,3,3150.2,90,1,3150.1,21,2,3150.0,118,10,3151.4,87,3,3151.5,385,5,3151.6,464,6,3151.7,224,3,3151.8,151,4
2031,2026-06-16 13:17:51+05:30,3151.4,4,3131.54,2422406,133061.0,185956.0,3163.0,3163.0,3108.0,3134.3,32019400,3447.7,2820.9,3839.9,2896.0,3151.0,4,3,3150.6,166,3,3150.2,90,1,3150.1,21,2,3150.0,118,10,3151.4,87,3,3151.5,385,5,3151.6,464,6,3151.7,224,3,3151.8,151,4
2031,2026-06-16 13:17:52+05:30,3151.4,30,3131.54,2422436,133010.0,185895.0,3163.0,3163.0,3108.0,3134.3,32019400,3447.7,2820.9,3839.9,2896.0,3151.0,4,3,3150.6,153,3,3150.2,90,1,3150.1,3,1,3150.0,118,10,3151.4,24,2,3151.5,335,4,3151.6,464,6,3151.7,226,4,3151.8,151,4
2031,2026-06-16 13:17:52+05:30,3151.4,30,3131.54,2422436,133010.0,185895.0,3163.0,3163.0,3108.0,3134.3,32019400,3447.7,2820.9,3839.9,2896.0,3151.0,4,3,3150.6,153,3,3150.2,90,1,3150.1,3,1,3150.0,118,10,3151.4,24,2,3151.5,335,4,3151.6,464,6,3151.7,226,4,3151.8,151,4
2031,2026-06-16 13:17:53+05:30,3151.4,30,3131.54,2422436,133011.0,185905.0,3163.0,3163.0,3108.0,3134.3,32019400,3447.7,2820.9,3839.9,2896.0,3151.0,4,3,3150.6,153,3,3150.2,90,1,3150.1,3,1,3150.0,118,10,3151.4,24,2,3151.5,335,4,3151.6,464,6,3151.7,276,5,3151.8,100,3
2031,2026-06-16 13:17:54+05:30,3151.4,2,3131.54,2422440,133005.0,185671.0,3163.0,3163.0,3108.0,3134.3,32019400,3447.7,2820.9,3839.9,2896.0,3151.0,4,3,3150.6,153,3,3150.2,90,1,3150.1,3,1,3150.0,118,10,3151.4,55,3,3151.5,335,4,3151.6,514,7,3151.7,197,4,3151.8,150,4
2031,2026-06-16 13:17:54+05:30,3151.4,2,3131.54,2422440,133005.0,185671.0,3163.0,3163.0,3108.0,3134.3,32019400,3447.7,2820.9,3839.9,2896.0,3151.0,4,3,3150.6,153,3,3150.2,90,1,3150.1,3,1,3150.0,118,10,3151.4,55,3,3151.5,335,4,3151.6,514,7,3151.7,197,4,3151.8,150,4
2031,2026-06-16 13:17:55+05:30,3151.2,1,3131.54,2422466,132849.0,185812.0,3163.0,3163.0,3108.0,3134.3,32019400,3447.7,2820.9,3839.9,2896.0,3151.2,16,2,3151.0,2,1,3150.6,136,2,3150.2,90,1,3150.1,3,1,3151.4,84,4,3151.5,335,4,3151.6,427,6,3151.7,195,3,3151.8,152,5
2031,2026-06-16 13:17:55+05:30,3151.2,1,3131.54,2422466,132849.0,185812.0,3163.0,3163.0,3108.0,3134.3,32019400,3447.7,2820.9,3839.9,2896.0,3151.2,16,2,3151.0,2,1,3150.6,136,2,3150.2,90,1,3150.1,3,1,3151.4,84,4,3151.5,335,4,3151.6,427,6,3151.7,195,3,3151.8,152,5
2031,2026-06-16 13:17:56+05:30,3151.2,1,3131.54,2422466,132849.0,185812.0,3163.0,3163.0,3108.0,3134.3,32019400,3447.7,2820.9,3839.9,2896.0,3151.2,16,2,3151.0,2,1,3150.6,136,2,3150.2,90,1,3150.1,3,1,3151.4,84,4,3151.5,335,4,3151.6,427,6,3151.7,195,3,3151.8,152,5
2031,2026-06-16 13:17:56+05:30,3151.2,1,3131.54,2422468,132735.0,185902.0,3163.0,3163.0,3108.0,3134.3,32019400,3447.7,2820.9,3839.9,2896.0,3151.2,14,1,3151.0,2,1,3150.6,136,2,3150.2,90,1,3150.1,3,1,3151.4,84,4,3151.5,335,4,3151.6,427,6,3151.7,195,3,3151.8,152,5
2031,2026-06-16 13:17:58+05:30,3151.4,6,3131.54,2422474,132944.0,185626.0,3163.0,3163.0,3108.0,3134.3,32019400,3447.7,2820.9,3839.9,2896.0,3151.2,14,1,3151.0,2,1,3150.6,136,2,3150.3,9,1,3150.2,90,1,3151.3,15,1,3151.4,78,4,3151.5,335,4,3151.6,427,6,3151.7,150,2
2031,2026-06-16 13:17:58+05:30,3151.4,11,3131.54,2422474,132944.0,185626.0,3163.0,3163.0,3108.0,3134.3,32019400,3447.7,2820.9,3839.9,2896.0,3151.2,14,1,3151.0,2,1,3150.6,136,2,3150.3,9,1,3150.2,90,1,3151.3,15,1,3151.4,78,4,3151.5,335,4,3151.6,427,6,3151.7,150,2
2031,2026-06-16 13:17:59+05:30,3151.4,11,3131.54,2422638,132406.0,185469.0,3163.0,3163.0,3108.0,3134.3,32019400,3447.7,2820.9,3839.9,2896.0,3151.0,2,1,3150.9,17,1,3150.6,136,2,3150.2,90,1,3150.1,3,1,3151.3,208,8,3151.4,113,4,3151.5,394,7,3151.6,440,7,3151.7,150,2
2031,2026-06-16 13:17:59+05:30,3150.0,4,3131.54,2422638,132406.0,185469.0,3163.0,3163.0,3108.0,3134.3,32019400,3447.7,2820.9,3839.9,2896.0,3151.0,2,1,3150.9,17,1,3150.6,136,2,3150.2,90,1,3150.1,3,1,3151.3,208,8,3151.4,113,4,3151.5,394,7,3151.6,440,7,3151.7,150,2
2031,2026-06-16 13:18:00+05:30,3149.0,162,3131.55,2423474,130403.0,189008.0,3163.0,3163.0,3108.0,3134.3,32019400,3447.7,2820.9,3839.9,2896.0,3149.0,22,2,3148.5,21,1,3148.4,23,1,3148.3,81,2,3148.2,126,3,3149.8,51,1,3149.9,31,1,3150.0,150,3,3150.1,64,1,3150.2,121,3
2031,2026-06-16 13:18:00+05:30,3149.7,31,3131.55,2423474,130403.0,189008.0,3163.0,3163.0,3108.0,3134.3,32019400,3447.7,2820.9,3839.9,2896.0,3149.0,22,2,3148.5,21,1,3148.4,23,1,3148.3,81,2,3148.2,126,3,3149.8,51,1,3149.9,31,1,3150.0,150,3,3150.1,64,1,3150.2,121,3
2031,2026-06-16 13:18:01+05:30,3149.7,31,3131.55,2423609,130513.0,188058.0,3163.0,3163.0,3108.0,3134.3,32019400,3447.7,2820.9,3839.9,2896.0,3149.4,2,2,3149.2,14,1,3149.0,22,2,3148.9,23,1,3148.8,64,2,3149.8,26,2,3150.0,14,1,3150.2,34,1,3150.3,112,3,3150.4,2,1
2031,2026-06-16 13:18:02+05:30,3150.3,27,3131.55,2423696,130437.0,190048.0,3163.0,3163.0,3108.0,3134.3,32019400,3447.7,2820.9,3839.9,2896.0,3149.4,2,2,3149.2,14,1,3149.0,22,2,3148.9,23,1,3148.8,64,2,3150.2,51,1,3150.3,48,2,3150.4,55,3,3150.5,264,3,3150.6,135,3
2031,2026-06-16 13:18:02+05:30,3150.3,27,3131.55,2423696,130437.0,190048.0,3163.0,3163.0,3108.0,3134.3,32019400,3447.7,2820.9,3839.9,2896.0,3149.4,2,2,3149.2,14,1,3149.0,22,2,3148.9,23,1,3148.8,64,2,3150.2,51,1,3150.3,48,2,3150.4,55,3,3150.5,264,3,3150.6,135,3
2031,2026-06-16 13:18:03+05:30,3150.4,17,3131.55,2423799,130873.0,189759.0,3163.0,3163.0,3108.0,3134.3,32019400,3447.7,2820.9,3839.9,2896.0,3149.4,2,2,3149.2,3,1,3149.0,22,2,3148.9,23,1,3148.8,100,3,3150.4,15,2,3150.5,200,1,3150.6,149,3,3150.7,31,1,3150.8,153,4
2031,2026-06-16 13:18:03+05:30,3150.4,17,3131.55,2423799,130873.0,189759.0,3163.0,3163.0,3108.0,3134.3,32019400,3447.7,2820.9,3839.9,2896.0,3149.4,2,2,3149.2,3,1,3149.0,22,2,3148.9,23,1,3148.8,100,3,3150.4,15,2,3150.5,200,1,3150.6,149,3,3150.7,31,1,3150.8,153,4
2031,2026-06-16 13:18:04+05:30,3150.4,17,3131.55,2423799,130847.0,189589.0,3163.0,3163.0,3108.0,3134.3,32019400,3447.7,2820.9,3839.9,2896.0,3149.4,12,3,3149.2,3,1,3149.1,23,1,3149.0,22,2,3148.9,29,2,3150.4,15,2,3150.5,200,1,3150.6,151,4,3150.7,74,2,3150.8,153,4
2031,2026-06-16 13:18:05+05:30,3149.9,1,3131.55,2423804,130232.0,189999.0,3163.0,3163.0,3108.0,3134.3,32019400,3447.7,2820.9,3839.9,2896.0,3149.4,10,1,3149.2,3,1,3149.0,22,2,3148.8,15,1,3148.7,11,2,3149.9,61,2,3150.0,411,4,3150.1,2,1,3150.2,75,3,3150.3,113,3
2031,2026-06-16 13:18:05+05:30,3149.9,1,3131.55,2423804,130232.0,189999.0,3163.0,3163.0,3108.0,3134.3,32019400,3447.7,2820.9,3839.9,2896.0,3149.4,10,1,3149.2,3,1,3149.0,22,2,3148.8,15,1,3148.7,11,2,3149.9,61,2,3150.0,411,4,3150.1,2,1,3150.2,75,3,3150.3,113,3
2031,2026-06-16 13:18:06+05:30,3148.5,6,3131.55,2424549,129919.0,189542.0,3163.0,3163.0,3108.0,3134.3,32019400,3447.7,2820.9,3839.9,2896.0,3148.6,14,1,3148.5,45,3,3148.4,132,4,3148.3,38,2,3148.2,15,1,3149.9,41,2,3150.0,375,3,3150.1,77,3,3150.2,48,2,3150.3,114,3
2031,2026-06-16 13:18:06+05:30,3148.5,6,3131.55,2424549,129919.0,189542.0,3163.0,3163.0,3108.0,3134.3,32019400,3447.7,2820.9,3839.9,2896.0,3148.6,14,1,3148.5,45,3,3148.4,132,4,3148.3,38,2,3148.2,15,1,3149.9,41,2,3150.0,375,3,3150.1,77,3,3150.2,48,2,3150.3,114,3
2031,2026-06-16 13:18:07+05:30,3148.5,1,3131.55,2424565,129859.0,189809.0,3163.0,3163.0,3108.0,3134.3,32019400,3447.7,2820.9,3839.9,2896.0,3148.6,14,1,3148.5,44,3,3148.4,126,3,3148.3,38,2,3148.2,15,1,3149.9,165,6,3150.0,399,3,3150.1,139,4,3150.2,48,2,3150.3,65,2
2031,2026-06-16 13:18:07+05:30,3148.5,1,3131.55,2424565,129859.0,189809.0,3163.0,3163.0,3108.0,3134.3,32019400,3447.7,2820.9,3839.9,2896.0,3148.6,14,1,3148.5,44,3,3148.4,126,3,3148.3,38,2,3148.2,15,1,3149.9,165,6,3150.0,399,3,3150.1,139,4,3150.2,48,2,3150.3,65,2
2031,2026-06-16 13:18:08+05:30,3148.7,14,3131.55,2424608,130321.0,190809.0,3163.0,3163.0,3108.0,3134.3,32019400,3447.7,2820.9,3839.9,2896.0,3148.7,14,1,3148.6,53,2,3148.5,46,3,3148.4,49,1,3148.3,20,1,3149.7,25,2,3149.8,114,4,3149.9,129,6,3150.0,373,2,3150.1,126,2
2031,2026-06-16 13:18:08+05:30,3148.7,14,3131.55,2424608,130321.0,190809.0,3163.0,3163.0,3108.0,3134.3,32019400,3447.7,2820.9,3839.9,2896.0,3148.7,14,1,3148.6,53,2,3148.5,46,3,3148.4,49,1,3148.3,20,1,3149.7,25,2,3149.8,114,4,3149.9,129,6,3150.0,373,2,3150.1,126,2
2031,2026-06-16 13:18:09+05:30,3148.7,80,3131.56,2424886,130723.0,189571.0,3163.0,3163.0,3108.0,3134.3,32019400,3447.7,2820.9,3839.9,2896.0,3148.8,17,1,3148.7,119,4,3148.6,102,5,3148.5,49,1,3148.4,70,4,3149.9,4,2,3150.0,349,2,3150.2,89,2,3150.3,67,3,3150.4,109,4
2031,2026-06-16 13:18:09+05:30,3148.7,80,3131.56,2424886,130723.0,189571.0,3163.0,3163.0,3108.0,3134.3,32019400,3447.7,2820.9,3839.9,2896.0,3148.8,17,1,3148.7,119,4,3148.6,102,5,3148.5,49,1,3148.4,70,4,3149.9,4,2,3150.0,349,2,3150.2,89,2,3150.3,67,3,3150.4,109,4
2031,2026-06-16 13:18:10+05:30,3149.9,1,3131.56,2424887,130715.0,189594.0,3163.0,3163.0,3108.0,3134.3,32019400,3447.7,2820.9,3839.9,2896.0,3148.8,17,1,3148.7,76,3,3148.6,102,5,3148.5,92,2,3148.4,75,5,3149.9,13,3,3150.0,349,2,3150.2,89,2,3150.3,67,3,3150.4,109,4
2031,2026-06-16 13:18:10+05:30,3149.9,21,3131.56,2424887,130715.0,189594.0,3163.0,3163.0,3108.0,3134.3,32019400,3447.7,2820.9,3839.9,2896.0,3148.8,17,1,3148.7,76,3,3148.6,102,5,3148.5,92,2,3148.4,75,5,3149.9,13,3,3150.0,349,2,3150.2,89,2,3150.3,67,3,3150.4,109,4
2031,2026-06-16 13:18:11+05:30,3148.9,11,3131.56,2424887,130715.0,189594.0,3163.0,3163.0,3108.0,3134.3,32019400,3447.7,2820.9,3839.9,2896.0,3148.8,51,1,3148.7,39,1,3148.6,53,2,3148.2,54,2,3148.1,110,3,3148.9,638,4,3149.6,9,1,3149.7,95,3,3149.8,64,2,3149.9,76,2
2031,2026-06-16 13:18:11+05:30,3148.9,11,3131.56,2425073,129479.0,190113.0,3163.0,3163.0,3108.0,3134.3,32019400,3447.7,2820.9,3839.9,2896.0,3148.8,51,1,3148.7,39,1,3148.6,53,2,3148.2,54,2,3148.1,110,3,3148.9,638,4,3149.6,9,1,3149.7,95,3,3149.8,64,2,3149.9,76,2
2031,2026-06-16 13:18:12+05:30,3148.9,11,3131.56,2425073,129479.0,190113.0,3163.0,3163.0,3108.0,3134.3,32019400,3447.7,2820.9,3839.9,2896.0,3148.8,51,1,3148.7,39,1,3148.6,53,2,3148.2,54,2,3148.1,110,3,3148.9,638,4,3149.6,9,1,3149.7,95,3,3149.8,64,2,3149.9,76,2
2031,2026-06-16 13:18:12+05:30,3147.7,173,3131.56,2425073,129479.0,190113.0,3163.0,3163.0,3108.0,3134.3,32019400,3447.7,2820.9,3839.9,2896.0,3148.8,51,1,3148.7,39,1,3148.6,53,2,3148.2,54,2,3148.1,110,3,3148.9,638,4,3149.6,9,1,3149.7,95,3,3149.8,64,2,3149.9,76,2
2031,2026-06-16 13:18:12+05:30,3147.7,173,3131.56,2425794,127674.0,189445.0,3163.0,3163.0,3108.0,3134.3,32019400,3447.7,2820.9,3839.9,2896.0,3147.9,96,7,3147.8,170,8,3147.7,76,4,3147.6,99,6,3147.5,320,6,3148.9,224,3,3149.3,53,1,3149.4,1,1,3149.5,126,2,3149.6,116,3
2031,2026-06-16 13:18:13+05:30,3148.8,1,3131.56,2425794,127674.0,189445.0,3163.0,3163.0,3108.0,3134.3,32019400,3447.7,2820.9,3839.9,2896.0,3147.9,96,7,3147.8,170,8,3147.7,76,4,3147.6,99,6,3147.5,320,6,3148.9,224,3,3149.3,53,1,3149.4,1,1,3149.5,126,2,3149.6,116,3
2031,2026-06-16 13:18:13+05:30,3148.8,1,3131.56,2425851,128101.0,190124.0,3163.0,3163.0,3108.0,3134.3,32019400,3447.7,2820.9,3839.9,2896.0,3147.4,14,1,3147.2,65,4,3147.1,29,2,3147.0,78,4,3146.9,83,2,3148.7,141,4,3148.8,164,6,3148.9,375,6,3149.0,54,2,3149.1,117,2
2031,2026-06-16 13:18:14+05:30,3148.8,1,3131.56,2425851,128101.0,190124.0,3163.0,3163.0,3108.0,3134.3,32019400,3447.7,2820.9,3839.9,2896.0,3147.4,14,1,3147.2,65,4,3147.1,29,2,3147.0,78,4,3146.9,83,2,3148.7,141,4,3148.8,164,6,3148.9,375,6,3149.0,54,2,3149.1,117,2
2031,2026-06-16 13:18:14+05:30,3148.6,1,3131.56,2425851,128101.0,190124.0,3163.0,3163.0,3108.0,3134.3,32019400,3447.7,2820.9,3839.9,2896.0,3147.4,14,1,3147.2,65,4,3147.1,29,2,3147.0,78,4,3146.9,83,2,3148.7,141,4,3148.8,164,6,3148.9,375,6,3149.0,54,2,3149.1,117,2
2031,2026-06-16 13:18:15+05:30,3148.6,1,3131.56,2425852,128816.0,190823.0,3163.0,3163.0,3108.0,3134.3,32019400,3447.7,2820.9,3839.9,2896.0,3147.9,60,1,3147.2,46,2,3147.1,39,3,3147.0,75,3,3146.9,83,2,3148.6,121,3,3148.7,84,3,3148.8,116,4,3148.9,317,5,3149.0,54,2
2031,2026-06-16 13:18:15+05:30,3148.7,1,3131.56,2425852,128816.0,190823.0,3163.0,3163.0,3108.0,3134.3,32019400,3447.7,2820.9,3839.9,2896.0,3147.9,60,1,3147.2,46,2,3147.1,39,3,3147.0,75,3,3146.9,83,2,3148.6,121,3,3148.7,84,3,3148.8,116,4,3148.9,317,5,3149.0,54,2
2031,2026-06-16 13:18:16+05:30,3148.7,1,3131.56,2425929,128884.0,188564.0,3163.0,3163.0,3108.0,3134.3,32019400,3447.7,2820.9,3839.9,2896.0,3148.3,2,2,3147.9,61,2,3147.4,1,1,3147.3,48,2,3147.2,46,3,3148.6,9,1,3148.7,101,4,3148.8,48,1,3148.9,241,3,3149.0,139,3
2031,2026-06-16 13:18:16+05:30,3148.7,1,3131.56,2425929,128884.0,188564.0,3163.0,3163.0,3108.0,3134.3,32019400,3447.7,2820.9,3839.9,2896.0,3148.3,2,2,3147.9,61,2,3147.4,1,1,3147.3,48,2,3147.2,46,3,3148.6,9,1,3148.7,101,4,3148.8,48,1,3148.9,241,3,3149.0,139,3
2031,2026-06-16 13:18:16+05:30,3147.9,9,3131.56,2425929,128884.0,188564.0,3163.0,3163.0,3108.0,3134.3,32019400,3447.7,2820.9,3839.9,2896.0,3148.3,2,2,3147.9,61,2,3147.4,1,1,3147.3,48,2,3147.2,46,3,3148.6,9,1,3148.7,101,4,3148.8,48,1,3148.9,241,3,3149.0,139,3
2031,2026-06-16 13:18:17+05:30,3147.9,9,3131.56,2426003,127384.0,191356.0,3163.0,3163.0,3108.0,3134.3,32019400,3447.7,2820.9,3839.9,2896.0,3147.2,29,2,3147.1,48,4,3147.0,114,4,3146.9,108,3,3146.8,86,3,3147.9,126,1,3148.5,50,2,3148.6,41,3,3148.7,125,4,3148.8,61,2
2031,2026-06-16 13:18:18+05:30,3147.1,4,3131.57,2426303,126519.0,192568.0,3163.0,3163.0,3108.0,3134.3,32019400,3447.7,2820.9,3839.9,2896.0,3147.0,31,2,3146.8,1,1,3146.7,49,1,3146.6,1,1,3146.5,20,1,3147.9,223,4,3148.1,1,1,3148.2,65,2,3148.3,110,4,3148.4,224,5
2031,2026-06-16 13:18:18+05:30,3147.1,4,3131.57,2426303,126519.0,192568.0,3163.0,3163.0,3108.0,3134.3,32019400,3447.7,2820.9,3839.9,2896.0,3147.0,31,2,3146.8,1,1,3146.7,49,1,3146.6,1,1,3146.5,20,1,3147.9,223,4,3148.1,1,1,3148.2,65,2,3148.3,110,4,3148.4,224,5
2031,2026-06-16 13:18:18+05:30,3147.1,4,3131.57,2426303,126519.0,192568.0,3163.0,3163.0,3108.0,3134.3,32019400,3447.7,2820.9,3839.9,2896.0,3147.0,31,2,3146.8,1,1,3146.7,49,1,3146.6,1,1,3146.5,20,1,3147.9,223,4,3148.1,1,1,3148.2,65,2,3148.3,110,4,3148.4,224,5
2031,2026-06-16 13:18:19+05:30,3147.1,4,3131.57,2426303,126030.0,192738.0,3163.0,3163.0,3108.0,3134.3,32019400,3447.7,2820.9,3839.9,2896.0,3147.0,31,2,3146.8,1,1,3146.6,1,1,3146.5,20,1,3146.4,1,1,3147.9,223,4,3148.0,40,3,3148.1,74,2,3148.2,179,4,3148.3,174,5
2031,2026-06-16 13:18:19+05:30,3147.0,7,3131.57,2426303,126030.0,192738.0,3163.0,3163.0,3108.0,3134.3,32019400,3447.7,2820.9,3839.9,2896.0,3147.0,31,2,3146.8,1,1,3146.6,1,1,3146.5,20,1,3146.4,1,1,3147.9,223,4,3148.0,40,3,3148.1,74,2,3148.2,179,4,3148.3,174,5
2031,2026-06-16 13:18:20+05:30,3146.2,9,3131.57,2426854,124701.0,190402.0,3163.0,3163.0,3108.0,3134.3,32019400,3447.7,2820.9,3839.9,2896.0,3146.2,28,2,3146.0,79,4,3145.9,61,3,3145.8,133,6,3145.7,29,2,3146.9,126,1,3147.0,151,1,3147.8,22,2,3147.9,102,3,3148.0,80,4
2031,2026-06-16 13:18:20+05:30,3146.2,9,3131.57,2426854,124701.0,190402.0,3163.0,3163.0,3108.0,3134.3,32019400,3447.7,2820.9,3839.9,2896.0,3146.2,28,2,3146.0,79,4,3145.9,61,3,3145.8,133,6,3145.7,29,2,3146.9,126,1,3147.0,151,1,3147.8,22,2,3147.9,102,3,3148.0,80,4
2031,2026-06-16 13:18:20+05:30,3146.0,15,3131.57,2426854,124701.0,190402.0,3163.0,3163.0,3108.0,3134.3,32019400,3447.7,2820.9,3839.9,2896.0,3146.2,28,2,3146.0,79,4,3145.9,61,3,3145.8,133,6,3145.7,29,2,3146.9,126,1,3147.0,151,1,3147.8,22,2,3147.9,102,3,3148.0,80,4
2031,2026-06-16 13:18:21+05:30,3146.9,1,3131.57,2426896,125145.0,193147.0,3163.0,3163.0,3108.0,3134.3,32019400,3447.7,2820.9,3839.9,2896.0,3146.0,45,3,3145.8,74,4,3145.7,22,1,3145.6,63,3,3145.5,115,8,3146.9,149,2,3147.0,151,1,3147.6,2,1,3147.7,100,2,3147.8,23,3
2031,2026-06-16 13:18:21+05:30,3145.8,1,3131.57,2426896,125145.0,193147.0,3163.0,3163.0,3108.0,3134.3,32019400,3447.7,2820.9,3839.9,2896.0,3146.0,45,3,3145.8,74,4,3145.7,22,1,3145.6,63,3,3145.5,115,8,3146.9,149,2,3147.0,151,1,3147.6,2,1,3147.7,100,2,3147.8,23,3
2031,2026-06-16 13:18:22+05:30,3147.0,59,3131.57,2427104,126257.0,192237.0,3163.0,3163.0,3108.0,3134.3,32019400,3447.7,2820.9,3839.9,2896.0,3146.3,14,1,3146.2,16,2,3146.1,57,4,3146.0,142,5,3145.9,129,4,3147.0,92,1,3147.7,62,1,3147.9,34,1,3148.0,80,4,3148.1,112,2
2031,2026-06-16 13:18:22+05:30,3147.0,59,3131.57,2427104,126257.0,192237.0,3163.0,3163.0,3108.0,3134.3,32019400,3447.7,2820.9,3839.9,2896.0,3146.3,14,1,3146.2,16,2,3146.1,57,4,3146.0,142,5,3145.9,129,4,3147.0,92,1,3147.7,62,1,3147.9,34,1,3148.0,80,4,3148.1,112,2
2031,2026-06-16 13:18:22+05:30,3146.7,1,3131.57,2427104,126257.0,192237.0,3163.0,3163.0,3108.0,3134.3,32019400,3447.7,2820.9,3839.9,2896.0,3146.3,14,1,3146.2,16,2,3146.1,57,4,3146.0,142,5,3145.9,129,4,3147.0,92,1,3147.7,62,1,3147.9,34,1,3148.0,80,4,3148.1,112,2
2031,2026-06-16 13:18:23+05:30,3146.7,1,3131.57,2427105,126161.0,193107.0,3163.0,3163.0,3108.0,3134.3,32019400,3447.7,2820.9,3839.9,2896.0,3146.3,15,1,3146.2,51,3,3146.1,31,3,3146.0,142,5,3145.9,21,1,3147.0,132,2,3147.7,62,1,3147.9,78,3,3148.0,79,3,3148.1,112,2
2031,2026-06-16 13:18:23+05:30,3146.7,1,3131.57,2427105,126161.0,193107.0,3163.0,3163.0,3108.0,3134.3,32019400,3447.7,2820.9,3839.9,2896.0,3146.3,15,1,3146.2,51,3,3146.1,31,3,3146.0,142,5,3145.9,21,1,3147.0,132,2,3147.7,62,1,3147.9,78,3,3148.0,79,3,3148.1,112,2
2031,2026-06-16 13:18:23+05:30,3146.1,11,3131.57,2427105,126161.0,193107.0,3163.0,3163.0,3108.0,3134.3,32019400,3447.7,2820.9,3839.9,2896.0,3146.3,15,1,3146.2,51,3,3146.1,31,3,3146.0,142,5,3145.9,21,1,3147.0,132,2,3147.7,62,1,3147.9,78,3,3148.0,79,3,3148.1,112,2
2031,2026-06-16 13:18:24+05:30,3146.1,11,3131.57,2427205,126117.0,193167.0,3163.0,3163.0,3108.0,3134.3,32019400,3447.7,2820.9,3839.9,2896.0,3146.3,40,1,3146.1,40,3,3146.0,87,5,3145.9,38,3,3145.8,126,6,3147.0,232,3,3147.7,100,2,3147.9,78,3,3148.0,79,3,3148.1,112,2
2031,2026-06-16 13:18:24+05:30,3146.1,11,3131.57,2427205,126117.0,193167.0,3163.0,3163.0,3108.0,3134.3,32019400,3447.7,2820.9,3839.9,2896.0,3146.3,40,1,3146.1,40,3,3146.0,87,5,3145.9,38,3,3145.8,126,6,3147.0,232,3,3147.7,100,2,3147.9,78,3,3148.0,79,3,3148.1,112,2
2031,2026-06-16 13:18:24+05:30,3147.0,16,3131.57,2427205,126117.0,193167.0,3163.0,3163.0,3108.0,3134.3,32019400,3447.7,2820.9,3839.9,2896.0,3146.3,40,1,3146.1,40,3,3146.0,87,5,3145.9,38,3,3145.8,126,6,3147.0,232,3,3147.7,100,2,3147.9,78,3,3148.0,79,3,3148.1,112,2
2031,2026-06-16 13:18:24+05:30,3147.0,16,3131.57,2427205,126117.0,193167.0,3163.0,3163.0,3108.0,3134.3,32019400,3447.7,2820.9,3839.9,2896.0,3146.3,40,1,3146.1,40,3,3146.0,87,5,3145.9,38,3,3145.8,126,6,3147.0,232,3,3147.7,100,2,3147.9,78,3,3148.0,79,3,3148.1,112,2
2031,2026-06-16 13:18:25+05:30,3147.0,16,3131.57,2427221,126126.0,193190.0,3163.0,3163.0,3108.0,3134.3,32019400,3447.7,2820.9,3839.9,2896.0,3146.3,77,3,3146.1,34,3,3146.0,58,3,3145.9,45,3,3145.8,247,8,3147.0,241,4,3147.7,100,2,3147.8,9,1,3147.9,35,2,3148.0,80,4
2031,2026-06-16 13:18:25+05:30,3147.0,16,3131.57,2427221,126126.0,193190.0,3163.0,3163.0,3108.0,3134.3,32019400,3447.7,2820.9,3839.9,2896.0,3146.3,77,3,3146.1,34,3,3146.0,58,3,3145.9,45,3,3145.8,247,8,3147.0,241,4,3147.7,100,2,3147.8,9,1,3147.9,35,2,3148.0,80,4
2031,2026-06-16 13:18:25+05:30,3146.4,2,3131.57,2427221,126126.0,193190.0,3163.0,3163.0,3108.0,3134.3,32019400,3447.7,2820.9,3839.9,2896.0,3146.3,77,3,3146.1,34,3,3146.0,58,3,3145.9,45,3,3145.8,247,8,3147.0,241,4,3147.7,100,2,3147.8,9,1,3147.9,35,2,3148.0,80,4
2031,2026-06-16 13:18:26+05:30,3146.4,2,3131.57,2427221,126126.0,193190.0,3163.0,3163.0,3108.0,3134.3,32019400,3447.7,2820.9,3839.9,2896.0,3146.3,77,3,3146.1,34,3,3146.0,58,3,3145.9,45,3,3145.8,247,8,3147.0,241,4,3147.7,100,2,3147.8,9,1,3147.9,35,2,3148.0,80,4
2031,2026-06-16 13:18:26+05:30,3147.0,9,3131.57,2427232,125986.0,193637.0,3163.0,3163.0,3108.0,3134.3,32019400,3447.7,2820.9,3839.9,2896.0,3146.4,13,1,3146.3,40,1,3146.0,38,1,3145.8,4,2,3145.7,22,1,3147.0,270,5,3147.1,43,1,3147.2,100,2,3147.3,62,2,3147.4,148,3
2031,2026-06-16 13:18:26+05:30,3147.0,9,3131.57,2427232,125986.0,193637.0,3163.0,3163.0,3108.0,3134.3,32019400,3447.7,2820.9,3839.9,2896.0,3146.4,13,1,3146.3,40,1,3146.0,38,1,3145.8,4,2,3145.7,22,1,3147.0,270,5,3147.1,43,1,3147.2,100,2,3147.3,62,2,3147.4,148,3
2031,2026-06-16 13:18:26+05:30,3147.0,1,3131.57,2427232,125986.0,193637.0,3163.0,3163.0,3108.0,3134.3,32019400,3447.7,2820.9,3839.9,2896.0,3146.4,13,1,3146.3,40,1,3146.0,38,1,3145.8,4,2,3145.7,22,1,3147.0,270,5,3147.1,43,1,3147.2,100,2,3147.3,62,2,3147.4,148,3
2031,2026-06-16 13:18:27+05:30,3147.0,1,3131.57,2427234,125929.0,194289.0,3163.0,3163.0,3108.0,3134.3,32019400,3447.7,2820.9,3839.9,2896.0,3146.5,17,1,3146.3,40,1,3146.0,38,1,3145.8,4,2,3145.7,22,1,3146.9,192,1,3147.0,469,7,3147.1,43,1,3147.2,183,4,3147.3,62,2
2031,2026-06-16 13:18:27+05:30,3147.0,1,3131.57,2427234,125929.0,194289.0,3163.0,3163.0,3108.0,3134.3,32019400,3447.7,2820.9,3839.9,2896.0,3146.5,17,1,3146.3,40,1,3146.0,38,1,3145.8,4,2,3145.7,22,1,3146.9,192,1,3147.0,469,7,3147.1,43,1,3147.2,183,4,3147.3,62,2
2031,2026-06-16 13:18:27+05:30,3146.5,7,3131.57,2427234,125929.0,194289.0,3163.0,3163.0,3108.0,3134.3,32019400,3447.7,2820.9,3839.9,2896.0,3146.5,17,1,3146.3,40,1,3146.0,38,1,3145.8,4,2,3145.7,22,1,3146.9,192,1,3147.0,469,7,3147.1,43,1,3147.2,183,4,3147.3,62,2
2031,2026-06-16 13:18:28+05:30,3146.5,50,3131.57,2427437,126062.0,193663.0,3163.0,3163.0,3108.0,3134.3,32019400,3447.7,2820.9,3839.9,2896.0,3146.5,17,1,3146.3,40,1,3146.0,38,1,3145.8,4,2,3145.7,22,1,3146.9,158,3,3147.0,405,4,3147.1,81,2,3147.2,105,2,3147.3,101,2
2031,2026-06-16 13:18:28+05:30,3146.5,50,3131.57,2427437,126062.0,193663.0,3163.0,3163.0,3108.0,3134.3,32019400,3447.7,2820.9,3839.9,2896.0,3146.5,17,1,3146.3,40,1,3146.0,38,1,3145.8,4,2,3145.7,22,1,3146.9,158,3,3147.0,405,4,3147.1,81,2,3147.2,105,2,3147.3,101,2
2031,2026-06-16 13:18:28+05:30,3146.5,50,3131.57,2427437,126062.0,193663.0,3163.0,3163.0,3108.0,3134.3,32019400,3447.7,2820.9,3839.9,2896.0,3146.5,17,1,3146.3,40,1,3146.0,38,1,3145.8,4,2,3145.7,22,1,3146.9,158,3,3147.0,405,4,3147.1,81,2,3147.2,105,2,3147.3,101,2
2031,2026-06-16 13:18:29+05:30,3146.5,50,3131.57,2427437,126083.0,194265.0,3163.0,3163.0,3108.0,3134.3,32019400,3447.7,2820.9,3839.9,2896.0,3146.5,17,1,3146.3,40,1,3146.0,38,1,3145.9,16,1,3145.8,4,2,3146.9,183,4,3147.0,405,4,3147.1,81,2,3147.2,106,3,3147.3,101,2
2031,2026-06-16 13:18:29+05:30,3146.5,50,3131.57,2427437,126083.0,194265.0,3163.0,3163.0,3108.0,3134.3,32019400,3447.7,2820.9,3839.9,2896.0,3146.5,17,1,3146.3,40,1,3146.0,38,1,3145.9,16,1,3145.8,4,2,3146.9,183,4,3147.0,405,4,3147.1,81,2,3147.2,106,3,3147.3,101,2
2031,2026-06-16 13:18:29+05:30,3146.9,22,3131.57,2427437,126083.0,194265.0,3163.0,3163.0,3108.0,3134.3,32019400,3447.7,2820.9,3839.9,2896.0,3146.5,17,1,3146.3,40,1,3146.0,38,1,3145.9,16,1,3145.8,4,2,3146.9,183,4,3147.0,405,4,3147.1,81,2,3147.2,106,3,3147.3,101,2
2031,2026-06-16 13:18:30+05:30,3146.9,22,3131.57,2427437,126083.0,194265.0,3163.0,3163.0,3108.0,3134.3,32019400,3447.7,2820.9,3839.9,2896.0,3146.5,17,1,3146.3,40,1,3146.0,38,1,3145.9,16,1,3145.8,4,2,3146.9,183,4,3147.0,405,4,3147.1,81,2,3147.2,106,3,3147.3,101,2
2031,2026-06-16 13:18:30+05:30,3146.9,22,3131.57,2427469,126109.0,194432.0,3163.0,3163.0,3108.0,3134.3,32019400,3447.7,2820.9,3839.9,2896.0,3146.5,66,4,3146.3,40,1,3146.1,17,1,3146.0,38,1,3145.8,4,2,3146.9,234,8,3147.0,405,4,3147.1,80,2,3147.2,147,3,3147.3,105,3
2031,2026-06-16 13:18:30+05:30,3146.9,22,3131.57,2427469,126109.0,194432.0,3163.0,3163.0,3108.0,3134.3,32019400,3447.7,2820.9,3839.9,2896.0,3146.5,66,4,3146.3,40,1,3146.1,17,1,3146.0,38,1,3145.8,4,2,3146.9,234,8,3147.0,405,4,3147.1,80,2,3147.2,147,3,3147.3,105,3
2031,2026-06-16 13:18:30+05:30,3146.4,24,3131.57,2427469,126109.0,194432.0,3163.0,3163.0,3108.0,3134.3,32019400,3447.7,2820.9,3839.9,2896.0,3146.5,66,4,3146.3,40,1,3146.1,17,1,3146.0,38,1,3145.8,4,2,3146.9,234,8,3147.0,405,4,3147.1,80,2,3147.2,147,3,3147.3,105,3
2031,2026-06-16 13:18:31+05:30,3146.4,72,3131.57,2427769,125461.0,194892.0,3163.0,3163.0,3108.0,3134.3,32019400,3447.7,2820.9,3839.9,2896.0,3146.5,19,2,3146.3,5,1,3146.0,38,1,3145.7,23,2,3145.6,81,2,3146.9,108,6,3147.0,467,5,3147.1,43,1,3147.2,143,3,3147.3,109,3
2031,2026-06-16 13:18:31+05:30,3146.4,72,3131.57,2427769,125461.0,194892.0,3163.0,3163.0,3108.0,3134.3,32014800,3447.7,2820.9,3839.9,2896.0,3146.5,19,2,3146.3,5,1,3146.0,38,1,3145.7,23,2,3145.6,81,2,3146.9,108,6,3147.0,467,5,3147.1,43,1,3147.2,143,3,3147.3,109,3
2031,2026-06-16 13:18:31+05:30,3146.9,1,3131.57,2427769,125461.0,194892.0,3163.0,3163.0,3108.0,3134.3,32014800,3447.7,2820.9,3839.9,2896.0,3146.5,19,2,3146.3,5,1,3146.0,38,1,3145.7,23,2,3145.6,81,2,3146.9,108,6,3147.0,467,5,3147.1,43,1,3147.2,143,3,3147.3,109,3
2031,2026-06-16 13:18:32+05:30,3146.9,1,3131.57,2427770,125692.0,194686.0,3163.0,3163.0,3108.0,3134.3,32014800,3447.7,2820.9,3839.9,2896.0,3146.5,19,2,3146.4,2,1,3146.3,5,1,3146.0,38,1,3145.7,23,2,3146.9,170,8,3147.0,405,4,3147.1,43,1,3147.2,143,3,3147.3,109,3
2031,2026-06-16 13:18:32+05:30,3146.0,32,3131.57,2427770,125692.0,194686.0,3163.0,3163.0,3108.0,3134.3,32014800,3447.7,2820.9,3839.9,2896.0,3146.5,19,2,3146.4,2,1,3146.3,5,1,3146.0,38,1,3145.7,23,2,3146.9,170,8,3147.0,405,4,3147.1,43,1,3147.2,143,3,3147.3,109,3
2031,2026-06-16 13:18:33+05:30,3146.5,3,3131.57,2427925,124775.0,195006.0,3163.0,3163.0,3108.0,3134.3,32014800,3447.7,2820.9,3839.9,2896.0,3146.5,3,1,3146.0,6,1,3145.5,72,5,3145.3,73,3,3145.2,33,2,3146.8,97,4,3146.9,153,8,3147.0,559,7,3147.1,43,1,3147.2,100,2
2031,2026-06-16 13:18:33+05:30,3146.8,5,3131.57,2427925,124775.0,195006.0,3163.0,3163.0,3108.0,3134.3,32014800,3447.7,2820.9,3839.9,2896.0,3146.5,3,1,3146.0,6,1,3145.5,72,5,3145.3,73,3,3145.2,33,2,3146.8,97,4,3146.9,153,8,3147.0,559,7,3147.1,43,1,3147.2,100,2
2031,2026-06-16 13:18:34+05:30,3146.8,5,3131.58,2427956,125745.0,195673.0,3163.0,3163.0,3108.0,3134.3,32014800,3447.7,2820.9,3839.9,2896.0,3146.5,2,1,3146.0,6,1,3145.6,61,2,3145.5,76,6,3145.4,127,4,3146.8,25,2,3146.9,45,3,3147.0,408,4,3147.1,43,1,3147.2,101,3
2031,2026-06-16 13:18:34+05:30,3146.0,1,3131.58,2427956,125745.0,195673.0,3163.0,3163.0,3108.0,3134.3,32014800,3447.7,2820.9,3839.9,2896.0,3146.5,2,1,3146.0,6,1,3145.6,61,2,3145.5,76,6,3145.4,127,4,3146.8,25,2,3146.9,45,3,3147.0,408,4,3147.1,43,1,3147.2,101,3
2031,2026-06-16 13:18:35+05:30,3146.8,15,3131.58,2427975,125901.0,195366.0,3163.0,3163.0,3108.0,3134.3,32014800,3447.7,2820.9,3839.9,2896.0,3146.0,24,3,3145.9,69,4,3145.8,19,1,3145.7,63,2,3145.6,92,4,3146.8,9,1,3146.9,45,3,3147.0,365,3,3147.2,38,1,3147.4,38,1
2031,2026-06-16 13:18:35+05:30,3146.8,15,3131.58,2427975,125901.0,195366.0,3163.0,3163.0,3108.0,3134.3,32014800,3447.7,2820.9,3839.9,2896.0,3146.0,24,3,3145.9,69,4,3145.8,19,1,3145.7,63,2,3145.6,92,4,3146.8,9,1,3146.9,45,3,3147.0,365,3,3147.2,38,1,3147.4,38,1
2031,2026-06-16 13:18:36+05:30,3146.8,15,3131.58,2427975,125967.0,195539.0,3163.0,3163.0,3108.0,3134.3,32014800,3447.7,2820.9,3839.9,2896.0,3146.0,5,1,3145.9,33,2,3145.8,19,1,3145.7,61,2,3145.6,93,5,3146.8,9,1,3146.9,45,3,3147.0,374,4,3147.2,38,1,3147.4,39,2
2031,2026-06-16 13:18:36+05:30,3146.5,1,3131.58,2427975,125967.0,195539.0,3163.0,3163.0,3108.0,3134.3,32014800,3447.7,2820.9,3839.9,2896.0,3146.0,5,1,3145.9,33,2,3145.8,19,1,3145.7,61,2,3145.6,93,5,3146.8,9,1,3146.9,45,3,3147.0,374,4,3147.2,38,1,3147.4,39,2
2031,2026-06-16 13:18:37+05:30,3146.5,26,3131.58,2428032,125094.0,195663.0,3163.0,3163.0,3108.0,3134.3,32014800,3447.7,2820.9,3839.9,2896.0,3145.7,14,1,3145.6,25,2,3145.5,27,2,3145.4,110,4,3145.3,88,3,3146.5,73,1,3146.8,47,2,3146.9,45,3,3147.0,538,7,3147.1,45,1
2031,2026-06-16 13:18:37+05:30,3146.5,10,3131.58,2428032,125094.0,195663.0,3163.0,3163.0,3108.0,3134.3,32014800,3447.7,2820.9,3839.9,2896.0,3145.7,14,1,3145.6,25,2,3145.5,27,2,3145.4,110,4,3145.3,88,3,3146.5,73,1,3146.8,47,2,3146.9,45,3,3147.0,538,7,3147.1,45,1
2031,2026-06-16 13:18:38+05:30,3146.5,10,3131.58,2428042,124859.0,195435.0,3163.0,3163.0,3108.0,3134.3,32014800,3447.7,2820.9,3839.9,2896.0,3145.7,15,2,3145.6,40,3,3145.5,48,4,3145.4,104,4,3145.3,58,2,3146.1,1,1,3146.5,88,2,3146.9,45,3,3147.0,538,7,3147.2,186,5
2031,2026-06-16 13:18:39+05:30,3145.6,2,3131.58,2428107,124654.0,194662.0,3163.0,3163.0,3108.0,3134.3,32014800,3447.7,2820.9,3839.9,2896.0,3145.6,15,2,3145.5,48,4,3145.4,54,4,3145.3,71,2,3145.2,85,3,3146.1,4,2,3146.5,88,2,3146.9,45,3,3147.0,473,6,3147.1,44,1
2031,2026-06-16 13:18:39+05:30,3146.1,2,3131.58,2428107,124654.0,194662.0,3163.0,3163.0,3108.0,3134.3,32014800,3447.7,2820.9,3839.9,2896.0,3145.6,15,2,3145.5,48,4,3145.4,54,4,3145.3,71,2,3145.2,85,3,3146.1,4,2,3146.5,88,2,3146.9,45,3,3147.0,473,6,3147.1,44,1
2031,2026-06-16 13:18:40+05:30,3146.1,2,3131.58,2428377,124680.0,195255.0,3163.0,3163.0,3108.0,3134.3,32014800,3447.7,2820.9,3839.9,2896.0,3145.5,69,5,3145.4,96,9,3145.3,71,2,3145.2,107,4,3145.1,229,6,3146.1,1,1,3146.5,88,2,3146.9,45,3,3147.0,473,6,3147.1,84,2
2031,2026-06-16 13:18:41+05:30,3146.5,6,3131.58,2428439,125567.0,195748.0,3163.0,3163.0,3108.0,3134.3,32014800,3447.7,2820.9,3839.9,2896.0,3146.1,89,1,3145.5,74,4,3145.4,34,3,3145.3,98,3,3145.2,283,3,3146.5,157,2,3146.7,62,1,3146.8,35,1,3146.9,50,1,3147.0,335,4
2031,2026-06-16 13:18:41+05:30,3146.5,6,3131.58,2428439,125567.0,195748.0,3163.0,3163.0,3108.0,3134.3,32014800,3447.7,2820.9,3839.9,2896.0,3146.1,89,1,3145.5,74,4,3145.4,34,3,3145.3,98,3,3145.2,283,3,3146.5,157,2,3146.7,62,1,3146.8,35,1,3146.9,50,1,3147.0,335,4
2031,2026-06-16 13:18:42+05:30,3146.5,1,3131.58,2428440,125587.0,194158.0,3163.0,3163.0,3108.0,3134.3,32014800,3447.7,2820.9,3839.9,2896.0,3146.1,89,1,3145.5,52,3,3145.4,34,3,3145.3,98,3,3145.2,83,2,3146.5,185,3,3146.6,38,1,3146.7,62,1,3146.8,73,2,3146.9,50,1
2031,2026-06-16 13:18:42+05:30,3146.5,32,3131.58,2428440,125587.0,194158.0,3163.0,3163.0,3108.0,3134.3,32014800,3447.7,2820.9,3839.9,2896.0,3146.1,89,1,3145.5,52,3,3145.4,34,3,3145.3,98,3,3145.2,83,2,3146.5,185,3,3146.6,38,1,3146.7,62,1,3146.8,73,2,3146.9,50,1
2031,2026-06-16 13:18:43+05:30,3146.5,32,3131.58,2428472,125510.0,195972.0,3163.0,3163.0,3108.0,3134.3,32014800,3447.7,2820.9,3839.9,2896.0,3146.1,89,1,3145.5,52,3,3145.4,34,3,3145.3,98,3,3145.2,83,2,3146.5,193,4,3146.6,38,1,3146.7,62,1,3146.8,73,2,3146.9,133,3
2031,2026-06-16 13:18:44+05:30,3146.5,32,3131.58,2428472,125609.0,196753.0,3163.0,3163.0,3108.0,3134.3,32014800,3447.7,2820.9,3839.9,2896.0,3146.1,89,1,3145.5,50,3,3145.4,34,3,3145.3,98,3,3145.2,83,2,3146.5,255,6,3146.6,35,1,3146.7,98,2,3146.8,38,1,3146.9,134,4
2031,2026-06-16 13:18:44+05:30,3146.1,20,3131.58,2428472,125609.0,196753.0,3163.0,3163.0,3108.0,3134.3,32014800,3447.7,2820.9,3839.9,2896.0,3146.1,89,1,3145.5,50,3,3145.4,34,3,3145.3,98,3,3145.2,83,2,3146.5,255,6,3146.6,35,1,3146.7,98,2,3146.8,38,1,3146.9,134,4
2031,2026-06-16 13:18:45+05:30,3146.1,15,3131.58,2428507,125583.0,196784.0,3163.0,3163.0,3108.0,3134.3,32014800,3447.7,2820.9,3839.9,2896.0,3146.1,55,2,3145.5,67,4,3145.4,34,3,3145.3,76,2,3145.2,83,2,3146.5,299,7,3146.6,35,1,3146.7,98,2,3146.8,38,1,3146.9,90,3
2031,2026-06-16 13:18:45+05:30,3146.3,1,3131.58,2428507,125583.0,196784.0,3163.0,3163.0,3108.0,3134.3,32014800,3447.7,2820.9,3839.9,2896.0,3146.1,55,2,3145.5,67,4,3145.4,34,3,3145.3,76,2,3145.2,83,2,3146.5,299,7,3146.6,35,1,3146.7,98,2,3146.8,38,1,3146.9,90,3
2031,2026-06-16 13:18:46+05:30,3146.5,40,3131.58,2428701,125895.0,195794.0,3163.0,3163.0,3108.0,3134.3,32014800,3447.7,2820.9,3839.9,2896.0,3146.3,2,2,3146.1,55,2,3145.9,11,1,3145.8,13,1,3145.7,15,1,3146.5,2,1,3146.9,50,1,3147.0,209,2,3147.2,104,3,3147.3,1,1
2031,2026-06-16 13:18:46+05:30,3146.5,2,3131.58,2428701,125895.0,195794.0,3163.0,3163.0,3108.0,3134.3,32014800,3447.7,2820.9,3839.9,2896.0,3146.3,2,2,3146.1,55,2,3145.9,11,1,3145.8,13,1,3145.7,15,1,3146.5,2,1,3146.9,50,1,3147.0,209,2,3147.2,104,3,3147.3,1,1
2031,2026-06-16 13:18:47+05:30,3146.5,2,3131.58,2428703,126225.0,195830.0,3163.0,3163.0,3108.0,3134.3,32014800,3447.7,2820.9,3839.9,2896.0,3146.3,2,2,3146.1,90,4,3146.0,2,1,3145.9,11,1,3145.8,38,3,3146.9,50,1,3147.0,209,2,3147.3,100,2,3147.4,2,2,3147.5,126,2
2031,2026-06-16 13:18:47+05:30,3146.5,73,3131.58,2428703,126225.0,195830.0,3163.0,3163.0,3108.0,3134.3,32014800,3447.7,2820.9,3839.9,2896.0,3146.3,2,2,3146.1,90,4,3146.0,2,1,3145.9,11,1,3145.8,38,3,3146.9,50,1,3147.0,209,2,3147.3,100,2,3147.4,2,2,3147.5,126,2
2031,2026-06-16 13:18:48+05:30,3146.5,27,3131.58,2428804,126292.0,195956.0,3163.0,3163.0,3108.0,3134.3,32014800,3447.7,2820.9,3839.9,2896.0,3146.5,15,1,3146.3,2,2,3146.1,55,2,3146.0,2,1,3145.8,38,3,3146.9,50,1,3147.0,209,2,3147.3,101,3,3147.4,40,2,3147.5,126,2
2031,2026-06-16 13:18:48+05:30,3146.5,27,3131.58,2428804,126292.0,195956.0,3163.0,3163.0,3108.0,3134.3,32014800,3447.7,2820.9,3839.9,2896.0,3146.5,15,1,3146.3,2,2,3146.1,55,2,3146.0,2,1,3145.8,38,3,3146.9,50,1,3147.0,209,2,3147.3,101,3,3147.4,40,2,3147.5,126,2
2031,2026-06-16 13:18:49+05:30,3146.5,27,3131.58,2428804,126085.0,195982.0,3163.0,3163.0,3108.0,3134.3,32014800,3447.7,2820.9,3839.9,2896.0,3146.5,15,1,3146.3,2,2,3146.1,55,2,3146.0,2,1,3145.8,63,4,3146.9,50,1,3147.0,223,3,3147.3,100,2,3147.4,2,2,3147.5,169,3
2031,2026-06-16 13:18:49+05:30,3146.1,2,3131.58,2428804,126085.0,195982.0,3163.0,3163.0,3108.0,3134.3,32014800,3447.7,2820.9,3839.9,2896.0,3146.5,15,1,3146.3,2,2,3146.1,55,2,3146.0,2,1,3145.8,63,4,3146.9,50,1,3147.0,223,3,3147.3,100,2,3147.4,2,2,3147.5,169,3
2031,2026-06-16 13:18:50+05:30,3146.1,2,3131.58,2428986,126102.0,196139.0,3163.0,3163.0,3108.0,3134.3,32014800,3447.7,2820.9,3839.9,2896.0,3146.1,16,2,3146.0,2,1,3145.8,16,2,3145.7,36,2,3145.6,49,1,3146.9,75,2,3147.0,309,4,3147.2,39,2,3147.3,105,2,3147.4,1,1
2031,2026-06-16 13:18:51+05:30,3146.1,2,3131.58,2428986,128407.0,195269.0,3163.0,3163.0,3108.0,3134.3,32014800,3447.7,2820.9,3839.9,2896.0,3146.5,2000,1,3146.2,55,4,3146.1,31,3,3146.0,78,3,3145.9,117,3,3146.9,75,2,3147.0,209,2,3147.6,38,1,3147.7,1,1,3147.8,235,4
2031,2026-06-16 13:18:52+05:30,3146.9,21,3131.58,2429007,128491.0,195867.0,3163.0,3163.0,3108.0,3134.3,32014800,3447.7,2820.9,3839.9,2896.0,3146.5,2000,1,3146.3,13,2,3146.2,43,3,3146.1,48,5,3146.0,56,2,3146.9,54,2,3147.0,209,2,3147.6,38,1,3147.7,44,2,3147.8,192,3
2031,2026-06-16 13:18:52+05:30,3146.5,10,3131.58,2429007,128491.0,195867.0,3163.0,3163.0,3108.0,3134.3,32014800,3447.7,2820.9,3839.9,2896.0,3146.5,2000,1,3146.3,13,2,3146.2,43,3,3146.1,48,5,3146.0,56,2,3146.9,54,2,3147.0,209,2,3147.6,38,1,3147.7,44,2,3147.8,192,3
2031,2026-06-16 13:18:53+05:30,3146.5,10,3131.58,2429019,128796.0,195900.0,3163.0,3163.0,3108.0,3134.3,32014800,3447.7,2820.9,3839.9,2896.0,3146.5,2231,2,3146.3,2,1,3146.2,21,2,3146.1,33,4,3146.0,56,2,3146.9,53,3,3147.0,209,2,3147.6,38,1,3147.7,44,2,3147.8,192,3
2031,2026-06-16 13:18:54+05:30,3146.5,200,3131.58,2429219,128500.0,195788.0,3163.0,3163.0,3108.0,3134.3,32014800,3447.7,2820.9,3839.9,2896.0,3146.7,17,1,3146.5,2031,2,3146.2,26,4,3146.1,18,3,3146.0,11,1,3146.9,53,3,3147.0,209,2,3147.6,143,3,3147.8,100,2,3147.9,284,5
2031,2026-06-16 13:18:54+05:30,3146.5,200,3131.58,2429219,128500.0,195788.0,3163.0,3163.0,3108.0,3134.3,32014800,3447.7,2820.9,3839.9,2896.0,3146.7,17,1,3146.5,2031,2,3146.2,26,4,3146.1,18,3,3146.0,11,1,3146.9,53,3,3147.0,209,2,3147.6,143,3,3147.8,100,2,3147.9,284,5
2031,2026-06-16 13:18:55+05:30,3146.9,8,3131.58,2429227,128660.0,195810.0,3163.0,3163.0,3108.0,3134.3,32014800,3447.7,2820.9,3839.9,2896.0,3146.5,2032,3,3146.2,16,2,3146.1,19,3,3146.0,73,2,3145.9,156,4,3146.9,45,3,3147.0,209,2,3147.3,38,1,3147.6,143,3,3147.7,64,1
2031,2026-06-16 13:18:55+05:30,3146.9,1,3131.58,2429227,128660.0,195810.0,3163.0,3163.0,3108.0,3134.3,32014800,3447.7,2820.9,3839.9,2896.0,3146.5,2032,3,3146.2,16,2,3146.1,19,3,3146.0,73,2,3145.9,156,4,3146.9,45,3,3147.0,209,2,3147.3,38,1,3147.6,143,3,3147.7,64,1
2031,2026-06-16 13:18:56+05:30,3146.9,22,3131.58,2429294,128321.0,195575.0,3163.0,3163.0,3108.0,3134.3,32014800,3447.7,2820.9,3839.9,2896.0,3146.7,17,1,3146.5,2032,3,3146.3,2,1,3146.2,17,3,3146.1,17,2,3146.9,16,1,3147.0,209,2,3147.6,81,2,3147.7,65,2,3147.8,100,2
2031,2026-06-16 13:18:56+05:30,3146.9,22,3131.58,2429294,128321.0,195575.0,3163.0,3163.0,3108.0,3134.3,32014800,3447.7,2820.9,3839.9,2896.0,3146.7,17,1,3146.5,2032,3,3146.3,2,1,3146.2,17,3,3146.1,17,2,3146.9,16,1,3147.0,209,2,3147.6,81,2,3147.7,65,2,3147.8,100,2
2031,2026-06-16 13:18:57+05:30,3146.9,22,3131.58,2429294,128230.0,195655.0,3163.0,3163.0,3108.0,3134.3,32014800,3447.7,2820.9,3839.9,2896.0,3146.7,17,1,3146.5,2157,4,3146.3,2,1,3146.2,17,3,3146.1,17,2,3146.9,16,1,3147.0,209,2,3147.3,38,1,3147.6,81,2,3147.7,101,3
2031,2026-06-16 13:18:57+05:30,3146.9,16,3131.58,2429294,128230.0,195655.0,3163.0,3163.0,3108.0,3134.3,32014800,3447.7,2820.9,3839.9,2896.0,3146.7,17,1,3146.5,2157,4,3146.3,2,1,3146.2,17,3,3146.1,17,2,3146.9,16,1,3147.0,209,2,3147.3,38,1,3147.6,81,2,3147.7,101,3
2031,2026-06-16 13:18:58+05:30,3147.0,5,3131.58,2429479,128496.0,195465.0,3163.0,3163.0,3108.0,3134.3,32014800,3447.7,2820.9,3839.9,2896.0,3146.5,2186,7,3146.3,2,1,3146.2,21,3,3146.1,17,2,3146.0,118,4,3147.0,40,2,3147.6,38,1,3147.7,1,1,3147.8,100,2,3147.9,250,5
2031,2026-06-16 13:18:58+05:30,3147.0,5,3131.58,2429479,128496.0,195465.0,3163.0,3163.0,3108.0,3134.3,32014800,3447.7,2820.9,3839.9,2896.0,3146.5,2186,7,3146.3,2,1,3146.2,21,3,3146.1,17,2,3146.0,118,4,3147.0,40,2,3147.6,38,1,3147.7,1,1,3147.8,100,2,3147.9,250,5
2031,2026-06-16 13:18:59+05:30,3147.0,1,3131.58,2429480,128598.0,195531.0,3163.0,3163.0,3108.0,3134.3,32014800,3447.7,2820.9,3839.9,2896.0,3146.5,2186,7,3146.3,2,1,3146.2,21,3,3146.1,17,2,3146.0,118,4,3147.0,39,2,3147.6,38,1,3147.7,1,1,3147.8,100,2,3147.9,250,5
2031,2026-06-16 13:18:59+05:30,3147.0,1,3131.58,2429480,128598.0,195531.0,3163.0,3163.0,3108.0,3134.3,32014800,3447.7,2820.9,3839.9,2896.0,3146.5,2186,7,3146.3,2,1,3146.2,21,3,3146.1,17,2,3146.0,118,4,3147.0,39,2,3147.6,38,1,3147.7,1,1,3147.8,100,2,3147.9,250,5
2031,2026-06-16 13:19:00+05:30,3147.0,17,3131.58,2429498,128783.0,195587.0,3163.0,3163.0,3108.0,3134.3,32014800,3447.7,2820.9,3839.9,2896.0,3146.8,2,2,3146.5,2205,9,3146.3,2,1,3146.2,6,2,3146.1,17,2,3147.0,135,5,3147.6,38,1,3147.7,42,1,3147.8,136,3,3147.9,205,3
2031,2026-06-16 13:19:00+05:30,3147.0,17,3131.58,2429498,128783.0,195587.0,3163.0,3163.0,3108.0,3134.3,32014800,3447.7,2820.9,3839.9,2896.0,3146.8,2,2,3146.5,2205,9,3146.3,2,1,3146.2,6,2,3146.1,17,2,3147.0,135,5,3147.6,38,1,3147.7,42,1,3147.8,136,3,3147.9,205,3
2031,2026-06-16 13:19:01+05:30,3147.0,11,3131.58,2429509,128781.0,195571.0,3163.0,3163.0,3108.0,3134.3,32014800,3447.7,2820.9,3839.9,2896.0,3146.8,2,2,3146.5,2205,9,3146.3,2,1,3146.2,6,2,3146.1,15,1,3147.0,124,5,3147.6,38,1,3147.7,42,1,3147.8,136,3,3147.9,205,3
2031,2026-06-16 13:19:01+05:30,3147.0,11,3131.58,2429509,128781.0,195571.0,3163.0,3163.0,3108.0,3134.3,32014800,3447.7,2820.9,3839.9,2896.0,3146.8,2,2,3146.5,2205,9,3146.3,2,1,3146.2,6,2,3146.1,15,1,3147.0,124,5,3147.6,38,1,3147.7,42,1,3147.8,136,3,3147.9,205,3
2031,2026-06-16 13:19:02+05:30,3146.8,1,3131.58,2429510,128754.0,195573.0,3163.0,3163.0,3108.0,3134.3,32014800,3447.7,2820.9,3839.9,2896.0,3146.8,2,2,3146.7,16,1,3146.5,2190,8,3146.3,2,1,3146.2,6,2,3147.0,124,5,3147.6,38,1,3147.7,42,1,3147.8,136,3,3147.9,205,3
2031,2026-06-16 13:19:02+05:30,3146.8,1,3131.58,2429510,128754.0,195573.0,3163.0,3163.0,3108.0,3134.3,32014800,3447.7,2820.9,3839.9,2896.0,3146.8,2,2,3146.7,16,1,3146.5,2190,8,3146.3,2,1,3146.2,6,2,3147.0,124,5,3147.6,38,1,3147.7,42,1,3147.8,136,3,3147.9,205,3
2031,2026-06-16 13:19:03+05:30,3147.0,25,3131.59,2429659,129373.0,194455.0,3163.0,3163.0,3108.0,3134.3,32014800,3447.7,2820.9,3839.9,2896.0,3147.1,1,1,3147.0,21,2,3146.8,2,2,3146.5,2205,9,3146.4,1,1,3147.8,226,6,3147.9,114,3,3148.0,238,2,3148.1,535,7,3148.2,421,4
2031,2026-06-16 13:19:03+05:30,3147.0,25,3131.59,2429659,129373.0,194455.0,3163.0,3163.0,3108.0,3134.3,32014800,3447.7,2820.9,3839.9,2896.0,3147.1,1,1,3147.0,21,2,3146.8,2,2,3146.5,2205,9,3146.4,1,1,3147.8,226,6,3147.9,114,3,3148.0,238,2,3148.1,535,7,3148.2,421,4
2031,2026-06-16 13:19:04+05:30,3147.0,25,3131.59,2429659,129262.0,194454.0,3163.0,3163.0,3108.0,3134.3,32014800,3447.7,2820.9,3839.9,2896.0,3147.1,1,1,3147.0,21,2,3146.8,2,2,3146.6,130,1,3146.5,1964,8,3147.8,190,5,3147.9,148,4,3148.0,238,2,3148.1,535,7,3148.2,421,4
2031,2026-06-16 13:19:05+05:30,3147.4,1,3131.59,2429661,129248.0,194314.0,3163.0,3163.0,3108.0,3134.3,32014800,3447.7,2820.9,3839.9,2896.0,3147.4,1,1,3147.1,1,1,3147.0,21,2,3146.7,3,1,3146.6,130,1,3147.8,66,3,3147.9,20,1,3148.0,236,2,3148.1,505,7,3148.2,373,3
2031,2026-06-16 13:19:05+05:30,3147.8,1,3131.59,2429661,129248.0,194314.0,3163.0,3163.0,3108.0,3134.3,32014800,3447.7,2820.9,3839.9,2896.0,3147.4,1,1,3147.1,1,1,3147.0,21,2,3146.7,3,1,3146.6,130,1,3147.8,66,3,3147.9,20,1,3148.0,236,2,3148.1,505,7,3148.2,373,3
2031,2026-06-16 13:19:06+05:30,3147.0,8,3131.59,2429689,129128.0,193663.0,3163.0,3163.0,3108.0,3134.3,32014800,3447.7,2820.9,3839.9,2896.0,3146.7,16,1,3146.5,1984,9,3146.4,3,2,3146.3,51,2,3146.2,1,1,3147.2,200,1,3147.8,38,1,3147.9,60,2,3148.0,38,1,3148.1,471,6
2031,2026-06-16 13:19:06+05:30,3147.0,8,3131.59,2429689,129128.0,193663.0,3163.0,3163.0,3108.0,3134.3,32014800,3447.7,2820.9,3839.9,2896.0,3146.7,16,1,3146.5,1984,9,3146.4,3,2,3146.3,51,2,3146.2,1,1,3147.2,200,1,3147.8,38,1,3147.9,60,2,3148.0,38,1,3148.1,471,6
2031,2026-06-16 13:19:07+05:30,3147.0,8,3131.59,2429689,129565.0,194247.0,3163.0,3163.0,3108.0,3134.3,32014800,3447.7,2820.9,3839.9,2896.0,3147.0,15,1,3146.5,2190,8,3146.4,1,1,3146.3,20,1,3146.2,1,1,3147.8,124,3,3147.9,60,2,3148.0,378,5,3148.1,441,4,3148.2,468,6
2031,2026-06-16 13:19:08+05:30,3147.0,8,3131.59,2429689,129649.0,194554.0,3163.0,3163.0,3108.0,3134.3,32014800,3447.7,2820.9,3839.9,2896.0,3147.1,5,1,3146.7,15,1,3146.5,2185,7,3146.4,1,1,3146.3,22,1,3147.8,180,7,3147.9,322,5,3148.0,486,6,3148.1,482,4,3148.2,132,4
2031,2026-06-16 13:19:08+05:30,3147.8,1,3131.59,2429689,129649.0,194554.0,3163.0,3163.0,3108.0,3134.3,32014800,3447.7,2820.9,3839.9,2896.0,3147.1,5,1,3146.7,15,1,3146.5,2185,7,3146.4,1,1,3146.3,22,1,3147.8,180,7,3147.9,322,5,3148.0,486,6,3148.1,482,4,3148.2,132,4
2031,2026-06-16 13:19:09+05:30,3147.8,1,3131.6,2431275,129990.0,193772.0,3163.0,3163.0,3108.0,3134.3,32014800,3447.7,2820.9,3839.9,2896.0,3147.1,5,1,3146.7,15,1,3146.5,2206,8,3146.4,88,3,3146.3,22,1,3147.8,104,4,3147.9,167,6,3148.0,104,5,3148.2,233,5,3148.3,95,2
2031,2026-06-16 13:19:10+05:30,3147.6,8,3131.6,2431283,129770.0,194269.0,3163.0,3163.0,3108.0,3134.3,32014800,3447.7,2820.9,3839.9,2896.0,3147.2,15,1,3147.1,5,1,3146.5,2199,7,3146.4,61,2,3146.3,22,1,3147.5,105,5,3147.6,28,2,3147.7,84,3,3147.8,80,3,3147.9,161,4
2031,2026-06-16 13:19:10+05:30,3147.2,102,3131.6,2431283,129770.0,194269.0,3163.0,3163.0,3108.0,3134.3,32014800,3447.7,2820.9,3839.9,2896.0,3147.2,15,1,3147.1,5,1,3146.5,2199,7,3146.4,61,2,3146.3,22,1,3147.5,105,5,3147.6,28,2,3147.7,84,3,3147.8,80,3,3147.9,161,4
2031,2026-06-16 13:19:11+05:30,3147.2,102,3131.6,2431641,129546.0,194358.0,3163.0,3163.0,3108.0,3134.3,32014800,3447.7,2820.9,3839.9,2896.0,3147.2,17,2,3147.1,5,1,3146.5,1958,6,3146.3,22,1,3146.2,30,1,3147.4,109,3,3147.5,60,2,3147.6,100,4,3147.7,58,3,3147.8,66,2
2031,2026-06-16 13:19:12+05:30,3147.4,1,3131.6,2431642,129756.0,194251.0,3163.0,3163.0,3108.0,3134.3,32014800,3447.7,2820.9,3839.9,2896.0,3147.2,17,2,3147.1,5,1,3147.0,17,1,3146.5,2043,6,3146.3,22,1,3147.4,108,3,3147.5,60,2,3147.6,100,4,3147.7,43,2,3147.8,66,2
2031,2026-06-16 13:19:12+05:30,3147.4,1,3131.6,2431642,129756.0,194251.0,3163.0,3163.0,3108.0,3134.3,32014800,3447.7,2820.9,3839.9,2896.0,3147.2,17,2,3147.1,5,1,3147.0,17,1,3146.5,2043,6,3146.3,22,1,3147.4,108,3,3147.5,60,2,3147.6,100,4,3147.7,43,2,3147.8,66,2
2031,2026-06-16 13:19:13+05:30,3147.4,1,3131.6,2431642,129756.0,194251.0,3163.0,3163.0,3108.0,3134.3,32014800,3447.7,2820.9,3839.9,2896.0,3147.2,17,2,3147.1,5,1,3147.0,17,1,3146.5,2043,6,3146.3,22,1,3147.4,108,3,3147.5,60,2,3147.6,100,4,3147.7,43,2,3147.8,66,2
2031,2026-06-16 13:19:13+05:30,3147.4,7,3131.6,2431663,129684.0,193986.0,3163.0,3163.0,3108.0,3134.3,32014800,3447.7,2820.9,3839.9,2896.0,3147.3,18,1,3147.2,57,3,3147.1,5,1,3146.5,2103,7,3146.4,1,1,3147.5,14,1,3147.6,21,1,3147.7,14,1,3147.8,21,1,3148.1,60,1
2031,2026-06-16 13:19:13+05:30,3147.4,7,3131.6,2431663,129684.0,193986.0,3163.0,3163.0,3108.0,3134.3,32014800,3447.7,2820.9,3839.9,2896.0,3147.3,18,1,3147.2,57,3,3147.1,5,1,3146.5,2103,7,3146.4,1,1,3147.5,14,1,3147.6,21,1,3147.7,14,1,3147.8,21,1,3148.1,60,1
2031,2026-06-16 13:19:14+05:30,3147.5,38,3131.6,2431716,129776.0,193988.0,3163.0,3163.0,3108.0,3134.3,32014800,3447.7,2820.9,3839.9,2896.0,3147.4,1,1,3147.3,16,2,3147.2,57,3,3147.1,5,1,3146.6,49,4,3147.8,21,1,3148.1,84,2,3148.2,183,3,3148.3,35,1,3148.4,374,6
2031,2026-06-16 13:19:14+05:30,3147.5,38,3131.6,2431716,129776.0,193988.0,3163.0,3163.0,3108.0,3134.3,32014800,3447.7,2820.9,3839.9,2896.0,3147.4,1,1,3147.3,16,2,3147.2,57,3,3147.1,5,1,3146.6,49,4,3147.8,21,1,3148.1,84,2,3148.2,183,3,3148.3,35,1,3148.4,374,6
2031,2026-06-16 13:19:14+05:30,3147.5,38,3131.6,2431716,129776.0,193988.0,3163.0,3163.0,3108.0,3134.3,32014800,3447.7,2820.9,3839.9,2896.0,3147.4,1,1,3147.3,16,2,3147.2,57,3,3147.1,5,1,3146.6,49,4,3147.8,21,1,3148.1,84,2,3148.2,183,3,3148.3,35,1,3148.4,374,6
2031,2026-06-16 13:19:15+05:30,3147.7,15,3131.6,2432112,130606.0,193612.0,3163.0,3163.0,3108.0,3134.3,32014800,3447.7,2820.9,3839.9,2896.0,3147.6,2,2,3147.1,16,1,3147.0,11,1,3146.7,63,1,3146.6,111,6,3147.8,21,1,3148.2,60,1,3148.3,95,3,3148.4,211,5,3148.5,681,7
2031,2026-06-16 13:19:15+05:30,3147.7,15,3131.6,2432112,130606.0,193612.0,3163.0,3163.0,3108.0,3134.3,32014800,3447.7,2820.9,3839.9,2896.0,3147.6,2,2,3147.1,16,1,3147.0,11,1,3146.7,63,1,3146.6,111,6,3147.8,21,1,3148.2,60,1,3148.3,95,3,3148.4,211,5,3148.5,681,7
2031,2026-06-16 13:19:16+05:30,3147.1,24,3131.6,2432155,130367.0,194066.0,3163.0,3163.0,3108.0,3134.3,32014800,3447.7,2820.9,3839.9,2896.0,3147.1,16,1,3147.0,11,1,3146.6,74,4,3146.5,2217,10,3146.4,17,3,3147.8,37,2,3147.9,38,1,3148.1,1,1,3148.2,98,2,3148.3,108,2
2031,2026-06-16 13:19:16+05:30,3147.1,24,3131.6,2432155,130367.0,194066.0,3163.0,3163.0,3108.0,3134.3,32014800,3447.7,2820.9,3839.9,2896.0,3147.1,16,1,3147.0,11,1,3146.6,74,4,3146.5,2217,10,3146.4,17,3,3147.8,37,2,3147.9,38,1,3148.1,1,1,3148.2,98,2,3148.3,108,2
2031,2026-06-16 13:19:16+05:30,3147.1,1,3131.6,2432155,130367.0,194066.0,3163.0,3163.0,3108.0,3134.3,32014800,3447.7,2820.9,3839.9,2896.0,3147.1,16,1,3147.0,11,1,3146.6,74,4,3146.5,2217,10,3146.4,17,3,3147.8,37,2,3147.9,38,1,3148.1,1,1,3148.2,98,2,3148.3,108,2
2031,2026-06-16 13:19:17+05:30,3147.1,1,3131.6,2432164,129621.0,194590.0,3163.0,3163.0,3108.0,3134.3,32014800,3447.7,2820.9,3839.9,2896.0,3147.1,11,1,3147.0,11,1,3146.6,9,2,3146.5,2122,8,3146.4,16,2,3147.5,500,1,3147.8,75,3,3148.0,45,2,3148.2,99,3,3148.3,155,4
2031,2026-06-16 13:19:17+05:30,3147.5,43,3131.6,2432164,129621.0,194590.0,3163.0,3163.0,3108.0,3134.3,32014800,3447.7,2820.9,3839.9,2896.0,3147.1,11,1,3147.0,11,1,3146.6,9,2,3146.5,2122,8,3146.4,16,2,3147.5,500,1,3147.8,75,3,3148.0,45,2,3148.2,99,3,3148.3,155,4
2031,2026-06-16 13:19:18+05:30,3147.5,43,3131.6,2432164,129621.0,194590.0,3163.0,3163.0,3108.0,3134.3,32014800,3447.7,2820.9,3839.9,2896.0,3147.1,11,1,3147.0,11,1,3146.6,9,2,3146.5,2122,8,3146.4,16,2,3147.5,500,1,3147.8,75,3,3148.0,45,2,3148.2,99,3,3148.3,155,4
2031,2026-06-16 13:19:18+05:30,3147.5,1,3131.6,2432164,129621.0,194590.0,3163.0,3163.0,3108.0,3134.3,32014800,3447.7,2820.9,3839.9,2896.0,3147.1,11,1,3147.0,11,1,3146.6,9,2,3146.5,2122,8,3146.4,16,2,3147.5,500,1,3147.8,75,3,3148.0,45,2,3148.2,99,3,3148.3,155,4
2031,2026-06-16 13:19:19+05:30,3147.5,1,3131.6,2432208,129683.0,194503.0,3163.0,3163.0,3108.0,3134.3,32014800,3447.7,2820.9,3839.9,2896.0,3147.1,61,2,3147.0,26,2,3146.6,9,2,3146.5,2095,7,3146.4,14,1,3147.5,482,2,3147.8,50,2,3147.9,38,1,3148.0,60,1,3148.1,46,2
2031,2026-06-16 13:19:19+05:30,3147.5,1,3131.6,2432208,129683.0,194503.0,3163.0,3163.0,3108.0,3134.3,32014800,3447.7,2820.9,3839.9,2896.0,3147.1,61,2,3147.0,26,2,3146.6,9,2,3146.5,2095,7,3146.4,14,1,3147.5,482,2,3147.8,50,2,3147.9,38,1,3148.0,60,1,3148.1,46,2
2031,2026-06-16 13:19:20+05:30,3147.5,1,3131.6,2432212,129744.0,194516.0,3163.0,3163.0,3108.0,3134.3,32014800,3447.7,2820.9,3839.9,2896.0,3147.4,5,1,3147.1,101,3,3147.0,26,2,3146.6,9,2,3146.5,2095,7,3147.5,482,3,3147.8,50,2,3147.9,38,1,3148.0,60,1,3148.1,105,3
2031,2026-06-16 13:19:20+05:30,3147.5,1,3131.6,2432212,129744.0,194516.0,3163.0,3163.0,3108.0,3134.3,32014800,3447.7,2820.9,3839.9,2896.0,3147.4,5,1,3147.1,101,3,3147.0,26,2,3146.6,9,2,3146.5,2095,7,3147.5,482,3,3147.8,50,2,3147.9,38,1,3148.0,60,1,3148.1,105,3
2031,2026-06-16 13:19:20+05:30,3147.0,4,3131.6,2432212,129744.0,194516.0,3163.0,3163.0,3108.0,3134.3,32014800,3447.7,2820.9,3839.9,2896.0,3147.4,5,1,3147.1,101,3,3147.0,26,2,3146.6,9,2,3146.5,2095,7,3147.5,482,3,3147.8,50,2,3147.9,38,1,3148.0,60,1,3148.1,105,3
2031,2026-06-16 13:19:21+05:30,3147.0,15,3131.6,2432512,129385.0,194632.0,3163.0,3163.0,3108.0,3134.3,32014800,3447.7,2820.9,3839.9,2896.0,3147.0,26,2,3146.5,2083,6,3146.4,7,1,3146.3,27,1,3146.2,32,2,3147.4,78,2,3147.5,535,5,3147.8,158,5,3148.0,200,4,3148.1,1,1
2031,2026-06-16 13:19:21+05:30,3147.0,15,3131.6,2432512,129385.0,194632.0,3163.0,3163.0,3108.0,3134.3,32014800,3447.7,2820.9,3839.9,2896.0,3147.0,26,2,3146.5,2083,6,3146.4,7,1,3146.3,27,1,3146.2,32,2,3147.4,78,2,3147.5,535,5,3147.8,158,5,3148.0,200,4,3148.1,1,1
2031,2026-06-16 13:19:22+05:30,3147.0,10,3131.6,2432522,129391.0,195035.0,3163.0,3163.0,3108.0,3134.3,32014800,3447.7,2820.9,3839.9,2896.0,3147.0,16,2,3146.5,2083,6,3146.2,30,1,3146.1,21,1,3146.0,35,1,3147.2,114,3,3147.3,14,1,3147.4,95,4,3147.5,529,4,3147.6,39,1
2031,2026-06-16 13:19:22+05:30,3147.0,10,3131.6,2432522,129391.0,195035.0,3163.0,3163.0,3108.0,3134.3,32014800,3447.7,2820.9,3839.9,2896.0,3147.0,16,2,3146.5,2083,6,3146.2,30,1,3146.1,21,1,3146.0,35,1,3147.2,114,3,3147.3,14,1,3147.4,95,4,3147.5,529,4,3147.6,39,1
2031,2026-06-16 13:19:22+05:30,3147.2,16,3131.6,2432522,129391.0,195035.0,3163.0,3163.0,3108.0,3134.3,32014800,3447.7,2820.9,3839.9,2896.0,3147.0,16,2,3146.5,2083,6,3146.2,30,1,3146.1,21,1,3146.0,35,1,3147.2,114,3,3147.3,14,1,3147.4,95,4,3147.5,529,4,3147.6,39,1
2031,2026-06-16 13:19:23+05:30,3147.2,16,3131.6,2432553,129485.0,195044.0,3163.0,3163.0,3108.0,3134.3,32014800,3447.7,2820.9,3839.9,2896.0,3147.0,16,2,3146.5,2083,6,3146.3,7,1,3146.2,30,1,3146.1,21,1,3147.2,48,2,3147.4,95,4,3147.5,499,2,3147.6,39,1,3147.8,168,5
2031,2026-06-16 13:19:23+05:30,3147.2,16,3131.6,2432553,129485.0,195044.0,3163.0,3163.0,3108.0,3134.3,32014800,3447.7,2820.9,3839.9,2896.0,3147.0,16,2,3146.5,2083,6,3146.3,7,1,3146.2,30,1,3146.1,21,1,3147.2,48,2,3147.4,95,4,3147.5,499,2,3147.6,39,1,3147.8,168,5
2031,2026-06-16 13:19:24+05:30,3147.2,16,3131.6,2432553,129520.0,195044.0,3163.0,3163.0,3108.0,3134.3,32014800,3447.7,2820.9,3839.9,2896.0,3147.0,16,2,3146.5,2083,6,3146.2,30,1,3146.1,21,1,3146.0,207,4,3147.2,74,3,3147.4,69,3,3147.5,499,2,3147.6,39,1,3147.8,168,5
2031,2026-06-16 13:19:24+05:30,3147.2,16,3131.6,2432553,129520.0,195044.0,3163.0,3163.0,3108.0,3134.3,32014800,3447.7,2820.9,3839.9,2896.0,3147.0,16,2,3146.5,2083,6,3146.2,30,1,3146.1,21,1,3146.0,207,4,3147.2,74,3,3147.4,69,3,3147.5,499,2,3147.6,39,1,3147.8,168,5
2031,2026-06-16 13:19:24+05:30,3146.2,56,3131.6,2432553,129520.0,195044.0,3163.0,3163.0,3108.0,3134.3,32014800,3447.7,2820.9,3839.9,2896.0,3147.0,16,2,3146.5,2083,6,3146.2,30,1,3146.1,21,1,3146.0,207,4,3147.2,74,3,3147.4,69,3,3147.5,499,2,3147.6,39,1,3147.8,168,5
2031,2026-06-16 13:19:25+05:30,3146.2,56,3131.62,2435401,124800.0,198316.0,3163.0,3163.0,3108.0,3134.3,32014800,3447.7,2820.9,3839.9,2896.0,3145.1,11,1,3145.0,153,4,3144.9,78,2,3144.8,7,1,3144.6,112,3,3146.1,200,1,3146.2,22,2,3146.3,200,1,3146.4,1,1,3146.5,104,3
2031,2026-06-16 13:19:25+05:30,3146.2,56,3131.62,2435401,124800.0,198316.0,3163.0,3163.0,3108.0,3134.3,32014800,3447.7,2820.9,3839.9,2896.0,3145.1,11,1,3145.0,153,4,3144.9,78,2,3144.8,7,1,3144.6,112,3,3146.1,200,1,3146.2,22,2,3146.3,200,1,3146.4,1,1,3146.5,104,3
2031,2026-06-16 13:19:25+05:30,3145.0,6,3131.62,2435401,124800.0,198316.0,3163.0,3163.0,3108.0,3134.3,32014800,3447.7,2820.9,3839.9,2896.0,3145.1,11,1,3145.0,153,4,3144.9,78,2,3144.8,7,1,3144.6,112,3,3146.1,200,1,3146.2,22,2,3146.3,200,1,3146.4,1,1,3146.5,104,3
2031,2026-06-16 13:19:26+05:30,3145.1,1,3131.62,2435578,124739.0,198496.0,3163.0,3163.0,3108.0,3134.3,32014800,3447.7,2820.9,3839.9,2896.0,3145.1,126,1,3145.0,9,1,3144.7,33,1,3144.6,25,1,3144.5,153,4,3145.9,222,3,3146.0,135,5,3146.1,27,2,3146.2,50,2,3146.3,200,1
2031,2026-06-16 13:19:26+05:30,3145.1,1,3131.62,2435578,124739.0,198496.0,3163.0,3163.0,3108.0,3134.3,32014800,3447.7,2820.9,3839.9,2896.0,3145.1,126,1,3145.0,9,1,3144.7,33,1,3144.6,25,1,3144.5,153,4,3145.9,222,3,3146.0,135,5,3146.1,27,2,3146.2,50,2,3146.3,200,1
2031,2026-06-16 13:19:26+05:30,3145.1,21,3131.62,2435578,124739.0,198496.0,3163.0,3163.0,3108.0,3134.3,32014800,3447.7,2820.9,3839.9,2896.0,3145.1,126,1,3145.0,9,1,3144.7,33,1,3144.6,25,1,3144.5,153,4,3145.9,222,3,3146.0,135,5,3146.1,27,2,3146.2,50,2,3146.3,200,1
2031,2026-06-16 13:19:27+05:30,3145.1,21,3131.62,2435599,124955.0,199096.0,3163.0,3163.0,3108.0,3134.3,32014800,3447.7,2820.9,3839.9,2896.0,3145.1,105,1,3145.0,9,1,3144.7,33,1,3144.6,25,1,3144.5,126,3,3145.5,199,1,3145.6,1,1,3145.9,25,3,3146.0,135,5,3146.1,88,4
2031,2026-06-16 13:19:27+05:30,3145.1,21,3131.62,2435599,124955.0,199096.0,3163.0,3163.0,3108.0,3134.3,32014800,3447.7,2820.9,3839.9,2896.0,3145.1,105,1,3145.0,9,1,3144.7,33,1,3144.6,25,1,3144.5,126,3,3145.5,199,1,3145.6,1,1,3145.9,25,3,3146.0,135,5,3146.1,88,4
2031,2026-06-16 13:19:27+05:30,3143.4,4,3131.62,2435599,124955.0,199096.0,3163.0,3163.0,3108.0,3134.3,32014800,3447.7,2820.9,3839.9,2896.0,3145.1,105,1,3145.0,9,1,3144.7,33,1,3144.6,25,1,3144.5,126,3,3145.5,199,1,3145.6,1,1,3145.9,25,3,3146.0,135,5,3146.1,88,4
2031,2026-06-16 13:19:28+05:30,3143.4,4,3131.63,2436430,122969.0,199529.0,3163.0,3163.0,3108.0,3134.3,32014800,3447.7,2820.9,3839.9,2896.0,3144.1,14,1,3144.0,54,2,3143.9,40,2,3143.8,154,5,3143.7,65,4,3145.0,1,1,3145.1,109,1,3145.5,217,10,3145.6,38,3,3145.7,1,1
2031,2026-06-16 13:19:28+05:30,3143.4,4,3131.63,2436430,122969.0,199529.0,3163.0,3163.0,3108.0,3134.3,32014800,3447.7,2820.9,3839.9,2896.0,3144.1,14,1,3144.0,54,2,3143.9,40,2,3143.8,154,5,3143.7,65,4,3145.0,1,1,3145.1,109,1,3145.5,217,10,3145.6,38,3,3145.7,1,1
2031,2026-06-16 13:19:28+05:30,3144.2,10,3131.63,2436430,122969.0,199529.0,3163.0,3163.0,3108.0,3134.3,32014800,3447.7,2820.9,3839.9,2896.0,3144.1,14,1,3144.0,54,2,3143.9,40,2,3143.8,154,5,3143.7,65,4,3145.0,1,1,3145.1,109,1,3145.5,217,10,3145.6,38,3,3145.7,1,1
2031,2026-06-16 13:19:29+05:30,3144.2,10,3131.63,2436570,123461.0,199188.0,3163.0,3163.0,3108.0,3134.3,32014800,3447.7,2820.9,3839.9,2896.0,3144.2,38,4,3144.1,69,4,3144.0,80,4,3143.9,53,2,3143.8,106,5,3144.9,99,1,3145.0,1,1,3145.5,179,7,3145.6,23,2,3145.7,1,1
2031,2026-06-16 13:19:29+05:30,3144.2,10,3131.63,2436570,123461.0,199188.0,3163.0,3163.0,3108.0,3134.3,32014800,3447.7,2820.9,3839.9,2896.0,3144.2,38,4,3144.1,69,4,3144.0,80,4,3143.9,53,2,3143.8,106,5,3144.9,99,1,3145.0,1,1,3145.5,179,7,3145.6,23,2,3145.7,1,1
2031,2026-06-16 13:19:29+05:30,3144.7,2,3131.63,2436570,123461.0,199188.0,3163.0,3163.0,3108.0,3134.3,32014800,3447.7,2820.9,3839.9,2896.0,3144.2,38,4,3144.1,69,4,3144.0,80,4,3143.9,53,2,3143.8,106,5,3144.9,99,1,3145.0,1,1,3145.5,179,7,3145.6,23,2,3145.7,1,1
2031,2026-06-16 13:19:29+05:30,3144.7,2,3131.63,2436570,123461.0,199188.0,3163.0,3163.0,3108.0,3134.3,32014800,3447.7,2820.9,3839.9,2896.0,3144.2,38,4,3144.1,69,4,3144.0,80,4,3143.9,53,2,3143.8,106,5,3144.9,99,1,3145.0,1,1,3145.5,179,7,3145.6,23,2,3145.7,1,1
2031,2026-06-16 13:19:30+05:30,3145.5,1,3131.63,2436958,124471.0,198388.0,3163.0,3163.0,3108.0,3134.3,32014800,3447.7,2820.9,3839.9,2896.0,3144.8,15,1,3144.7,16,3,3144.6,36,4,3144.5,45,2,3144.4,119,4,3145.5,78,3,3145.9,62,2,3146.1,124,3,3146.2,21,1,3146.3,60,1
2031,2026-06-16 13:19:30+05:30,3145.5,1,3131.63,2436958,124471.0,198388.0,3163.0,3163.0,3108.0,3134.3,32014800,3447.7,2820.9,3839.9,2896.0,3144.8,15,1,3144.7,16,3,3144.6,36,4,3144.5,45,2,3144.4,119,4,3145.5,78,3,3145.9,62,2,3146.1,124,3,3146.2,21,1,3146.3,60,1
2031,2026-06-16 13:19:30+05:30,3145.5,1,3131.63,2436958,124471.0,198388.0,3163.0,3163.0,3108.0,3134.3,32014800,3447.7,2820.9,3839.9,2896.0,3144.8,15,1,3144.7,16,3,3144.6,36,4,3144.5,45,2,3144.4,119,4,3145.5,78,3,3145.9,62,2,3146.1,124,3,3146.2,21,1,3146.3,60,1
2031,2026-06-16 13:19:30+05:30,3145.5,1,3131.63,2436958,125076.0,198678.0,3163.0,3163.0,3108.0,3134.3,32014800,3447.7,2820.9,3839.9,2896.0,3145.2,2,2,3144.8,13,2,3144.7,11,2,3144.6,30,3,3144.5,50,2,3145.5,75,4,3145.9,90,3,3146.0,2,1,3146.1,124,3,3146.3,98,2
2031,2026-06-16 13:19:31+05:30,3145.5,1,3131.63,2436958,125076.0,198678.0,3163.0,3163.0,3108.0,3134.3,32014800,3447.7,2820.9,3839.9,2896.0,3145.2,2,2,3144.8,13,2,3144.7,11,2,3144.6,30,3,3144.5,50,2,3145.5,75,4,3145.9,90,3,3146.0,2,1,3146.1,124,3,3146.3,98,2
2031,2026-06-16 13:19:31+05:30,3145.5,1,3131.63,2436958,125076.0,198678.0,3163.0,3163.0,3108.0,3134.3,32014800,3447.7,2820.9,3839.9,2896.0,3145.2,2,2,3144.8,13,2,3144.7,11,2,3144.6,30,3,3144.5,50,2,3145.5,75,4,3145.9,90,3,3146.0,2,1,3146.1,124,3,3146.3,98,2
2031,2026-06-16 13:19:31+05:30,3145.5,1,3131.63,2436970,125268.0,196642.0,3163.0,3163.0,3108.0,3134.3,32014800,3447.7,2820.9,3839.9,2896.0,3145.2,77,3,3144.8,1,1,3144.7,32,2,3144.6,39,3,3144.5,23,1,3145.5,64,3,3145.9,62,2,3146.1,123,2,3146.3,100,3,3146.4,201,5
2031,2026-06-16 13:19:32+05:30,3145.5,1,3131.63,2436970,125268.0,196642.0,3163.0,3163.0,3108.0,3134.3,32002600,3447.7,2820.9,3839.9,2896.0,3145.2,77,3,3144.8,1,1,3144.7,32,2,3144.6,39,3,3144.5,23,1,3145.5,64,3,3145.9,62,2,3146.1,123,2,3146.3,100,3,3146.4,201,5
2031,2026-06-16 13:19:32+05:30,3145.5,1,3131.63,2436970,125610.0,198609.0,3163.0,3163.0,3108.0,3134.3,32002600,3447.7,2820.9,3839.9,2896.0,3145.2,77,3,3145.0,27,1,3144.8,1,1,3144.7,5,1,3144.6,81,5,3145.5,64,3,3145.9,62,2,3146.1,123,2,3146.3,98,2,3146.4,159,4
2031,2026-06-16 13:19:33+05:30,3145.2,8,3131.63,2436970,125610.0,198609.0,3163.0,3163.0,3108.0,3134.3,32002600,3447.7,2820.9,3839.9,2896.0,3145.2,77,3,3145.0,27,1,3144.8,1,1,3144.7,5,1,3144.6,81,5,3145.5,64,3,3145.9,62,2,3146.1,123,2,3146.3,98,2,3146.4,159,4
2031,2026-06-16 13:19:34+05:30,3145.2,14,3131.63,2437004,125485.0,198318.0,3163.0,3163.0,3108.0,3134.3,32002600,3447.7,2820.9,3839.9,2896.0,3145.2,45,3,3144.8,1,1,3144.7,5,1,3144.6,54,4,3144.5,23,1,3145.5,102,4,3145.9,62,2,3146.0,40,2,3146.1,123,2,3146.2,38,1
2031,2026-06-16 13:19:34+05:30,3145.2,14,3131.63,2437004,125485.0,198318.0,3163.0,3163.0,3108.0,3134.3,32002600,3447.7,2820.9,3839.9,2896.0,3145.2,45,3,3144.8,1,1,3144.7,5,1,3144.6,54,4,3144.5,23,1,3145.5,102,4,3145.9,62,2,3146.0,40,2,3146.1,123,2,3146.2,38,1
2031,2026-06-16 13:19:35+05:30,3145.2,14,3131.63,2437004,125567.0,198275.0,3163.0,3163.0,3108.0,3134.3,32002600,3447.7,2820.9,3839.9,2896.0,3145.2,46,4,3144.8,1,1,3144.7,5,1,3144.6,54,4,3144.5,23,1,3145.5,102,4,3145.9,62,2,3146.0,2,1,3146.1,123,2,3146.2,38,1
2031,2026-06-16 13:19:35+05:30,3145.5,38,3131.63,2437004,125567.0,198275.0,3163.0,3163.0,3108.0,3134.3,32002600,3447.7,2820.9,3839.9,2896.0,3145.2,46,4,3144.8,1,1,3144.7,5,1,3144.6,54,4,3144.5,23,1,3145.5,102,4,3145.9,62,2,3146.0,2,1,3146.1,123,2,3146.2,38,1
2031,2026-06-16 13:19:36+05:30,3145.5,38,3131.63,2437106,125664.0,197815.0,3163.0,3163.0,3108.0,3134.3,32002600,3447.7,2820.9,3839.9,2896.0,3145.3,2,2,3145.2,44,2,3145.1,18,1,3144.8,4,2,3144.7,6,2,3145.9,2,1,3146.2,38,1,3146.3,60,1,3146.4,2,1,3146.5,336,5
2031,2026-06-16 13:19:37+05:30,3145.5,38,3131.63,2437106,126109.0,197751.0,3163.0,3163.0,3108.0,3134.3,32002600,3447.7,2820.9,3839.9,2896.0,3145.3,51,3,3145.2,60,3,3145.1,64,3,3144.8,30,3,3144.7,6,2,3145.9,2,1,3146.3,60,1,3146.4,2,1,3146.5,292,3,3146.6,788,6
2031,2026-06-16 13:19:38+05:30,3145.5,38,3131.63,2437106,126157.0,197125.0,3163.0,3163.0,3108.0,3134.3,32002600,3447.7,2820.9,3839.9,2896.0,3145.3,66,4,3145.2,60,3,3145.1,46,2,3144.8,90,4,3144.7,55,3,3145.9,2,1,3146.3,60,1,3146.4,2,1,3146.5,292,3,3146.6,788,6
2031,2026-06-16 13:19:38+05:30,3145.3,4,3131.63,2437106,126157.0,197125.0,3163.0,3163.0,3108.0,3134.3,32002600,3447.7,2820.9,3839.9,2896.0,3145.3,66,4,3145.2,60,3,3145.1,46,2,3144.8,90,4,3144.7,55,3,3145.9,2,1,3146.3,60,1,3146.4,2,1,3146.5,292,3,3146.6,788,6
2031,2026-06-16 13:19:39+05:30,3145.3,4,3131.63,2437140,126188.0,197423.0,3163.0,3163.0,3108.0,3134.3,32002600,3447.7,2820.9,3839.9,2896.0,3145.6,2,1,3145.3,60,2,3145.2,44,2,3145.0,21,1,3144.9,23,1,3145.9,1,1,3146.4,102,3,3146.5,243,2,3146.6,752,6,3146.7,350,6
2031,2026-06-16 13:19:39+05:30,3145.6,36,3131.63,2437140,126188.0,197423.0,3163.0,3163.0,3108.0,3134.3,32002600,3447.7,2820.9,3839.9,2896.0,3145.6,2,1,3145.3,60,2,3145.2,44,2,3145.0,21,1,3144.9,23,1,3145.9,1,1,3146.4,102,3,3146.5,243,2,3146.6,752,6,3146.7,350,6
2031,2026-06-16 13:19:40+05:30,3145.6,36,3131.63,2437341,126142.0,199566.0,3163.0,3163.0,3108.0,3134.3,32002600,3447.7,2820.9,3839.9,2896.0,3145.6,13,2,3145.3,45,1,3145.2,43,1,3145.1,16,1,3145.0,35,2,3145.7,200,1,3145.9,2,1,3146.4,64,3,3146.5,243,2,3146.6,632,6
2031,2026-06-16 13:19:40+05:30,3145.7,1,3131.63,2437341,126142.0,199566.0,3163.0,3163.0,3108.0,3134.3,32002600,3447.7,2820.9,3839.9,2896.0,3145.6,13,2,3145.3,45,1,3145.2,43,1,3145.1,16,1,3145.0,35,2,3145.7,200,1,3145.9,2,1,3146.4,64,3,3146.5,243,2,3146.6,632,6
2031,2026-06-16 13:19:41+05:30,3145.7,1,3131.63,2437350,126244.0,199900.0,3163.0,3163.0,3108.0,3134.3,32002600,3447.7,2820.9,3839.9,2896.0,3145.6,13,2,3145.3,62,2,3145.2,43,1,3145.0,35,2,3144.9,23,1,3145.7,25,1,3145.9,2,1,3146.2,103,2,3146.3,591,3,3146.4,262,3
2031,2026-06-16 13:19:42+05:30,3145.6,2,3131.63,2437352,126245.0,199853.0,3163.0,3163.0,3108.0,3134.3,32002600,3447.7,2820.9,3839.9,2896.0,3145.6,11,2,3145.4,7,1,3145.3,62,2,3145.2,55,2,3145.0,35,2,3145.7,25,1,3145.9,2,1,3146.2,103,2,3146.3,591,3,3146.4,262,3
2031,2026-06-16 13:19:42+05:30,3145.6,2,3131.63,2437352,126245.0,199853.0,3163.0,3163.0,3108.0,3134.3,32002600,3447.7,2820.9,3839.9,2896.0,3145.6,11,2,3145.4,7,1,3145.3,62,2,3145.2,55,2,3145.0,35,2,3145.7,25,1,3145.9,2,1,3146.2,103,2,3146.3,591,3,3146.4,262,3
2031,2026-06-16 13:19:43+05:30,3145.6,2,3131.63,2437352,126604.0,199824.0,3163.0,3163.0,3108.0,3134.3,32002600,3447.7,2820.9,3839.9,2896.0,3145.6,27,3,3145.3,45,1,3145.2,70,2,3145.0,35,2,3144.9,116,4,3145.7,43,2,3145.9,2,1,3146.2,43,1,3146.3,591,3,3146.4,262,3
2031,2026-06-16 13:19:44+05:30,3145.6,2,3131.63,2437352,126343.0,199726.0,3163.0,3163.0,3108.0,3134.3,32002600,3447.7,2820.9,3839.9,2896.0,3145.6,11,2,3145.4,16,1,3145.3,45,1,3145.2,43,1,3145.0,21,1,3145.7,43,2,3145.9,2,1,3146.2,43,1,3146.3,591,3,3146.4,302,5
2031,2026-06-16 13:19:44+05:30,3145.6,3,3131.63,2437352,126343.0,199726.0,3163.0,3163.0,3108.0,3134.3,32002600,3447.7,2820.9,3839.9,2896.0,3145.6,11,2,3145.4,16,1,3145.3,45,1,3145.2,43,1,3145.0,21,1,3145.7,43,2,3145.9,2,1,3146.2,43,1,3146.3,591,3,3146.4,302,5
2031,2026-06-16 13:19:45+05:30,3145.6,39,3131.63,2437421,126207.0,199956.0,3163.0,3163.0,3108.0,3134.3,32002600,3447.7,2820.9,3839.9,2896.0,3145.4,17,2,3145.3,45,1,3145.2,43,1,3145.0,27,1,3144.9,16,1,3145.6,149,1,3145.7,26,3,3145.9,2,1,3146.0,8,1,3146.1,2,1
2031,2026-06-16 13:19:45+05:30,3145.5,1,3131.63,2437421,126207.0,199956.0,3163.0,3163.0,3108.0,3134.3,32002600,3447.7,2820.9,3839.9,2896.0,3145.4,17,2,3145.3,45,1,3145.2,43,1,3145.0,27,1,3144.9,16,1,3145.6,149,1,3145.7,26,3,3145.9,2,1,3146.0,8,1,3146.1,2,1
2031,2026-06-16 13:19:46+05:30,3145.5,1,3131.63,2437577,126380.0,199601.0,3163.0,3163.0,3108.0,3134.3,32002600,3447.7,2820.9,3839.9,2896.0,3145.4,1,1,3145.3,87,3,3145.2,50,2,3145.0,12,1,3144.9,43,2,3145.5,197,1,3145.6,7,1,3145.7,19,2,3145.9,2,1,3146.2,45,2
2031,2026-06-16 13:19:46+05:30,3145.5,1,3131.63,2437577,126380.0,199601.0,3163.0,3163.0,3108.0,3134.3,32002600,3447.7,2820.9,3839.9,2896.0,3145.4,1,1,3145.3,87,3,3145.2,50,2,3145.0,12,1,3144.9,43,2,3145.5,197,1,3145.6,7,1,3145.7,19,2,3145.9,2,1,3146.2,45,2
2031,2026-06-16 13:19:47+05:30,3145.5,1,3131.63,2437578,126503.0,199198.0,3163.0,3163.0,3108.0,3134.3,32002600,3447.7,2820.9,3839.9,2896.0,3145.4,18,2,3145.3,72,2,3145.2,84,4,3145.0,39,2,3144.9,43,2,3145.5,197,2,3145.6,7,1,3145.7,18,1,3145.9,2,1,3146.2,43,1
2031,2026-06-16 13:19:47+05:30,3145.5,17,3131.63,2437578,126503.0,199198.0,3163.0,3163.0,3108.0,3134.3,32002600,3447.7,2820.9,3839.9,2896.0,3145.4,18,2,3145.3,72,2,3145.2,84,4,3145.0,39,2,3144.9,43,2,3145.5,197,2,3145.6,7,1,3145.7,18,1,3145.9,2,1,3146.2,43,1
2031,2026-06-16 13:19:48+05:30,3145.5,17,3131.63,2437595,126415.0,199277.0,3163.0,3163.0,3108.0,3134.3,32002600,3447.7,2820.9,3839.9,2896.0,3145.4,1,1,3145.3,87,3,3145.2,57,3,3145.0,39,2,3144.9,43,2,3145.5,187,3,3145.7,18,1,3145.9,2,1,3146.2,43,1,3146.3,591,3
2031,2026-06-16 13:19:48+05:30,3145.5,144,3131.63,2437595,126415.0,199277.0,3163.0,3163.0,3108.0,3134.3,32002600,3447.7,2820.9,3839.9,2896.0,3145.4,1,1,3145.3,87,3,3145.2,57,3,3145.0,39,2,3144.9,43,2,3145.5,187,3,3145.7,18,1,3145.9,2,1,3146.2,43,1,3146.3,591,3
2031,2026-06-16 13:19:49+05:30,3145.5,144,3131.63,2437739,126453.0,199372.0,3163.0,3163.0,3108.0,3134.3,32002600,3447.7,2820.9,3839.9,2896.0,3145.4,1,1,3145.3,72,2,3145.2,43,1,3145.0,24,2,3144.9,43,2,3145.5,43,3,3145.7,18,1,3145.9,2,1,3146.2,43,1,3146.3,591,3
2031,2026-06-16 13:19:50+05:30,3145.5,144,3131.63,2437739,126453.0,199178.0,3163.0,3163.0,3108.0,3134.3,32002600,3447.7,2820.9,3839.9,2896.0,3145.4,1,1,3145.3,72,2,3145.2,43,1,3145.0,24,2,3144.9,43,2,3145.5,43,3,3145.7,18,1,3145.9,2,1,3146.2,43,1,3146.3,591,3
2031,2026-06-16 13:19:51+05:30,3145.5,1,3131.63,2437741,126411.0,199213.0,3163.0,3163.0,3108.0,3134.3,32002600,3447.7,2820.9,3839.9,2896.0,3145.4,1,1,3145.3,72,2,3145.2,43,1,3145.0,24,2,3144.9,43,2,3145.5,41,3,3145.7,18,1,3145.9,2,1,3146.2,43,1,3146.3,591,3
2031,2026-06-16 13:19:51+05:30,3145.5,11,3131.63,2437741,126411.0,199213.0,3163.0,3163.0,3108.0,3134.3,32002600,3447.7,2820.9,3839.9,2896.0,3145.4,1,1,3145.3,72,2,3145.2,43,1,3145.0,24,2,3144.9,43,2,3145.5,41,3,3145.7,18,1,3145.9,2,1,3146.2,43,1,3146.3,591,3
2031,2026-06-16 13:19:52+05:30,3145.5,11,3131.63,2437754,126439.0,199168.0,3163.0,3163.0,3108.0,3134.3,32002600,3447.7,2820.9,3839.9,2896.0,3145.4,1,1,3145.3,72,2,3145.2,50,2,3145.0,24,2,3144.9,43,2,3145.5,28,3,3145.7,18,1,3145.9,2,1,3146.2,43,1,3146.3,591,3
2031,2026-06-16 13:19:53+05:30,3145.6,3,3131.64,2437877,126748.0,198061.0,3163.0,3163.0,3108.0,3134.3,32002600,3447.7,2820.9,3839.9,2896.0,3145.6,1,1,3145.5,54,3,3145.4,63,6,3145.3,45,1,3145.2,77,3,3145.9,1,1,3146.5,15,1,3146.6,43,1,3146.7,591,3,3146.8,221,2
2031,2026-06-16 13:19:53+05:30,3145.6,3,3131.64,2437877,126748.0,198061.0,3163.0,3163.0,3108.0,3134.3,32002600,3447.7,2820.9,3839.9,2896.0,3145.6,1,1,3145.5,54,3,3145.4,63,6,3145.3,45,1,3145.2,77,3,3145.9,1,1,3146.5,15,1,3146.6,43,1,3146.7,591,3,3146.8,221,2
2031,2026-06-16 13:19:54+05:30,3145.6,1,3131.64,2437878,126851.0,198380.0,3163.0,3163.0,3108.0,3134.3,32002600,3447.7,2820.9,3839.9,2896.0,3145.5,95,7,3145.4,46,5,3145.3,72,2,3145.2,122,4,3145.1,9,1,3145.9,2,2,3146.5,15,1,3146.6,43,1,3146.7,651,4,3146.8,221,2
2031,2026-06-16 13:19:54+05:30,3145.6,1,3131.64,2437878,126851.0,198380.0,3163.0,3163.0,3108.0,3134.3,32002600,3447.7,2820.9,3839.9,2896.0,3145.5,95,7,3145.4,46,5,3145.3,72,2,3145.2,122,4,3145.1,9,1,3145.9,2,2,3146.5,15,1,3146.6,43,1,3146.7,651,4,3146.8,221,2
2031,2026-06-16 13:19:55+05:30,3145.9,1,3131.64,2437882,126992.0,198285.0,3163.0,3163.0,3108.0,3134.3,32002600,3447.7,2820.9,3839.9,2896.0,3146.4,1,1,3145.6,45,3,3145.5,65,4,3145.4,55,4,3145.3,45,1,3146.5,15,1,3146.6,43,1,3146.7,851,5,3146.8,202,2,3146.9,350,5
2031,2026-06-16 13:19:55+05:30,3145.6,1,3131.64,2437882,126992.0,198285.0,3163.0,3163.0,3108.0,3134.3,32002600,3447.7,2820.9,3839.9,2896.0,3146.4,1,1,3145.6,45,3,3145.5,65,4,3145.4,55,4,3145.3,45,1,3146.5,15,1,3146.6,43,1,3146.7,851,5,3146.8,202,2,3146.9,350,5
2031,2026-06-16 13:19:56+05:30,3145.6,1,3131.64,2437919,127069.0,198157.0,3163.0,3163.0,3108.0,3134.3,32002600,3447.7,2820.9,3839.9,2896.0,3145.7,17,1,3145.6,10,3,3145.5,85,4,3145.4,23,2,3145.3,45,1,3146.4,193,1,3146.5,25,2,3146.6,43,1,3146.7,653,5,3146.8,236,2
2031,2026-06-16 13:19:56+05:30,3145.5,13,3131.64,2437919,127069.0,198157.0,3163.0,3163.0,3108.0,3134.3,32002600,3447.7,2820.9,3839.9,2896.0,3145.7,17,1,3145.6,10,3,3145.5,85,4,3145.4,23,2,3145.3,45,1,3146.4,193,1,3146.5,25,2,3146.6,43,1,3146.7,653,5,3146.8,236,2
2031,2026-06-16 13:19:57+05:30,3145.5,13,3131.64,2438112,127048.0,198029.0,3163.0,3163.0,3108.0,3134.3,32002600,3447.7,2820.9,3839.9,2896.0,3145.5,58,4,3145.4,38,3,3145.3,45,1,3145.2,86,3,3145.1,59,4,3146.5,25,2,3146.6,45,2,3146.7,689,5,3146.8,236,2,3146.9,314,4
2031,2026-06-16 13:19:57+05:30,3146.5,1,3131.64,2438112,127048.0,198029.0,3163.0,3163.0,3108.0,3134.3,32002600,3447.7,2820.9,3839.9,2896.0,3145.5,58,4,3145.4,38,3,3145.3,45,1,3145.2,86,3,3145.1,59,4,3146.5,25,2,3146.6,45,2,3146.7,689,5,3146.8,236,2,3146.9,314,4
2031,2026-06-16 13:19:58+05:30,3146.5,1,3131.64,2438823,126369.0,199148.0,3163.0,3163.0,3108.0,3134.3,32002600,3447.7,2820.9,3839.9,2896.0,3145.2,15,1,3145.1,89,6,3145.0,32,1,3144.9,8,1,3144.8,37,2,3145.5,5,1,3146.5,90,4,3146.6,115,4,3146.7,651,4,3146.8,421,3
2031,2026-06-16 13:19:59+05:30,3146.4,12,3131.64,2438840,126103.0,198669.0,3163.0,3163.0,3108.0,3134.3,32002600,3447.7,2820.9,3839.9,2896.0,3145.1,1,1,3145.0,12,1,3144.9,14,1,3144.7,36,1,3144.6,60,2,3146.4,59,3,3146.5,191,7,3146.6,62,2,3146.7,777,6,3146.8,511,6
2031,2026-06-16 13:19:59+05:30,3144.7,23,3131.64,2438840,126103.0,198669.0,3163.0,3163.0,3108.0,3134.3,32002600,3447.7,2820.9,3839.9,2896.0,3145.1,1,1,3145.0,12,1,3144.9,14,1,3144.7,36,1,3144.6,60,2,3146.4,59,3,3146.5,191,7,3146.6,62,2,3146.7,777,6,3146.8,511,6
2031,2026-06-16 13:20:00+05:30,3145.5,1,3131.64,2438922,127372.0,198483.0,3163.0,3163.0,3108.0,3134.3,32002600,3447.7,2820.9,3839.9,2896.0,3145.8,1,1,3145.2,15,1,3145.1,10,3,3144.9,21,2,3144.8,79,2,3146.4,15,2,3146.5,87,4,3146.6,79,2,3146.7,651,4,3146.8,267,4
2031,2026-06-16 13:20:00+05:30,3145.5,1,3131.64,2438922,127372.0,198483.0,3163.0,3163.0,3108.0,3134.3,32002600,3447.7,2820.9,3839.9,2896.0,3145.8,1,1,3145.2,15,1,3145.1,10,3,3144.9,21,2,3144.8,79,2,3146.4,15,2,3146.5,87,4,3146.6,79,2,3146.7,651,4,3146.8,267,4
2031,2026-06-16 13:20:01+05:30,3145.5,1,3131.64,2438922,127527.0,198491.0,3163.0,3163.0,3108.0,3134.3,32002600,3447.7,2820.9,3839.9,2896.0,3145.8,1,1,3145.2,15,1,3145.1,10,3,3144.9,42,3,3144.8,79,2,3146.4,13,1,3146.5,89,5,3146.6,79,2,3146.7,651,4,3146.8,267,4
2031,2026-06-16 13:20:01+05:30,3146.4,1,3131.64,2438922,127527.0,198491.0,3163.0,3163.0,3108.0,3134.3,32002600,3447.7,2820.9,3839.9,2896.0,3145.8,1,1,3145.2,15,1,3145.1,10,3,3144.9,42,3,3144.8,79,2,3146.4,13,1,3146.5,89,5,3146.6,79,2,3146.7,651,4,3146.8,267,4
2031,2026-06-16 13:20:02+05:30,3145.1,3,3131.64,2438953,127044.0,199108.0,3163.0,3163.0,3108.0,3134.3,32002600,3447.7,2820.9,3839.9,2896.0,3145.1,3,2,3144.7,55,3,3144.6,27,1,3144.5,76,3,3144.4,1,1,3146.0,2,1,3146.1,23,2,3146.2,192,6,3146.3,653,5,3146.4,375,7
2031,2026-06-16 13:20:02+05:30,3145.1,3,3131.64,2438953,127044.0,199108.0,3163.0,3163.0,3108.0,3134.3,32002600,3447.7,2820.9,3839.9,2896.0,3145.1,3,2,3144.7,55,3,3144.6,27,1,3144.5,76,3,3144.4,1,1,3146.0,2,1,3146.1,23,2,3146.2,192,6,3146.3,653,5,3146.4,375,7
2031,2026-06-16 13:20:03+05:30,3145.1,3,3131.64,2438953,127079.0,199078.0,3163.0,3163.0,3108.0,3134.3,32002600,3447.7,2820.9,3839.9,2896.0,3145.1,3,2,3144.7,15,2,3144.6,27,1,3144.5,76,3,3144.4,1,1,3146.1,63,4,3146.2,154,5,3146.3,653,5,3146.4,361,6,3146.5,242,4
2031,2026-06-16 13:20:04+05:30,3146.1,4,3131.64,2438970,126837.0,199751.0,3163.0,3163.0,3108.0,3134.3,32002600,3447.7,2820.9,3839.9,2896.0,3145.1,3,2,3144.7,15,2,3144.6,27,1,3144.5,56,2,3144.4,1,1,3145.4,5,1,3146.1,56,3,3146.2,156,6,3146.3,655,6,3146.4,526,6
2031,2026-06-16 13:20:04+05:30,3145.4,1,3131.64,2438970,126837.0,199751.0,3163.0,3163.0,3108.0,3134.3,32002600,3447.7,2820.9,3839.9,2896.0,3145.1,3,2,3144.7,15,2,3144.6,27,1,3144.5,56,2,3144.4,1,1,3145.4,5,1,3146.1,56,3,3146.2,156,6,3146.3,655,6,3146.4,526,6
2031,2026-06-16 13:20:05+05:30,3145.1,1,3131.64,2438986,126761.0,199922.0,3163.0,3163.0,3108.0,3134.3,32002600,3447.7,2820.9,3839.9,2896.0,3145.1,6,2,3144.7,15,2,3144.6,27,1,3144.5,56,2,3144.4,1,1,3145.4,4,1,3146.1,56,3,3146.2,156,6,3146.3,655,6,3146.4,326,5
2031,2026-06-16 13:20:05+05:30,3145.4,6,3131.64,2438986,126761.0,199922.0,3163.0,3163.0,3108.0,3134.3,32002600,3447.7,2820.9,3839.9,2896.0,3145.1,6,2,3144.7,15,2,3144.6,27,1,3144.5,56,2,3144.4,1,1,3145.4,4,1,3146.1,56,3,3146.2,156,6,3146.3,655,6,3146.4,326,5
2031,2026-06-16 13:20:06+05:30,3145.1,14,3131.64,2439018,126617.0,200381.0,3163.0,3163.0,3108.0,3134.3,32002600,3447.7,2820.9,3839.9,2896.0,3145.1,7,3,3144.6,27,1,3144.5,20,1,3144.4,1,1,3144.3,48,2,3145.9,32,3,3146.0,105,3,3146.1,64,4,3146.2,168,6,3146.3,653,5
2031,2026-06-16 13:20:06+05:30,3145.1,14,3131.64,2439018,126617.0,200381.0,3163.0,3163.0,3108.0,3134.3,32002600,3447.7,2820.9,3839.9,2896.0,3145.1,7,3,3144.6,27,1,3144.5,20,1,3144.4,1,1,3144.3,48,2,3145.9,32,3,3146.0,105,3,3146.1,64,4,3146.2,168,6,3146.3,653,5
2031,2026-06-16 13:20:07+05:30,3145.9,1,3131.64,2439019,126607.0,200889.0,3163.0,3163.0,3108.0,3134.3,32002600,3447.7,2820.9,3839.9,2896.0,3145.1,7,3,3144.4,1,1,3144.3,48,2,3144.2,6,1,3144.1,104,3,3145.7,35,2,3145.8,149,5,3145.9,28,4,3146.0,412,4,3146.1,50,3
2031,2026-06-16 13:20:07+05:30,3145.9,1,3131.64,2439019,126607.0,200889.0,3163.0,3163.0,3108.0,3134.3,32002600,3447.7,2820.9,3839.9,2896.0,3145.1,7,3,3144.4,1,1,3144.3,48,2,3144.2,6,1,3144.1,104,3,3145.7,35,2,3145.8,149,5,3145.9,28,4,3146.0,412,4,3146.1,50,3
2031,2026-06-16 13:20:08+05:30,3145.9,1,3131.64,2439019,126524.0,200928.0,3163.0,3163.0,3108.0,3134.3,32002600,3447.7,2820.9,3839.9,2896.0,3145.1,2,2,3144.3,21,1,3144.2,6,1,3144.1,90,3,3144.0,203,7,3145.7,134,5,3145.8,70,3,3145.9,71,5,3146.0,412,4,3146.1,7,2
2031,2026-06-16 13:20:08+05:30,3144.1,6,3131.64,2439019,126524.0,200928.0,3163.0,3163.0,3108.0,3134.3,32002600,3447.7,2820.9,3839.9,2896.0,3145.1,2,2,3144.3,21,1,3144.2,6,1,3144.1,90,3,3144.0,203,7,3145.7,134,5,3145.8,70,3,3145.9,71,5,3146.0,412,4,3146.1,7,2
2031,2026-06-16 13:20:09+05:30,3144.1,30,3131.64,2439384,123461.0,202522.0,3163.0,3163.0,3108.0,3134.3,32002600,3447.7,2820.9,3839.9,2896.0,3144.0,2,1,3143.9,18,1,3143.8,1,1,3143.7,41,2,3143.6,6,1,3144.1,41,1,3145.3,49,3,3145.4,119,3,3145.5,57,2,3145.6,135,4
2031,2026-06-16 13:20:09+05:30,3144.1,14,3131.64,2439384,123461.0,202522.0,3163.0,3163.0,3108.0,3134.3,32002600,3447.7,2820.9,3839.9,2896.0,3144.0,2,1,3143.9,18,1,3143.8,1,1,3143.7,41,2,3143.6,6,1,3144.1,41,1,3145.3,49,3,3145.4,119,3,3145.5,57,2,3145.6,135,4
2031,2026-06-16 13:20:10+05:30,3145.2,7,3131.64,2439481,124299.0,201483.0,3163.0,3163.0,3108.0,3134.3,32002600,3447.7,2820.9,3839.9,2896.0,3144.0,56,6,3143.9,67,2,3143.8,8,1,3143.7,41,2,3143.6,26,3,3145.5,121,3,3145.7,109,6,3145.8,94,5,3145.9,26,2,3146.0,375,4
2031,2026-06-16 13:20:10+05:30,3145.2,7,3131.64,2439481,124299.0,201483.0,3163.0,3163.0,3108.0,3134.3,32002600,3447.7,2820.9,3839.9,2896.0,3144.0,56,6,3143.9,67,2,3143.8,8,1,3143.7,41,2,3143.6,26,3,3145.5,121,3,3145.7,109,6,3145.8,94,5,3145.9,26,2,3146.0,375,4
2031,2026-06-16 13:20:11+05:30,3145.4,1,3131.64,2439482,124705.0,201701.0,3163.0,3163.0,3108.0,3134.3,32002600,3447.7,2820.9,3839.9,2896.0,3144.0,29,3,3143.9,67,2,3143.7,43,3,3143.6,24,4,3143.5,127,5,3145.4,13,1,3145.5,246,7,3145.7,98,6,3145.8,92,4,3145.9,69,3
2031,2026-06-16 13:20:11+05:30,3145.3,5,3131.64,2439482,124705.0,201701.0,3163.0,3163.0,3108.0,3134.3,32002600,3447.7,2820.9,3839.9,2896.0,3144.0,29,3,3143.9,67,2,3143.7,43,3,3143.6,24,4,3143.5,127,5,3145.4,13,1,3145.5,246,7,3145.7,98,6,3145.8,92,4,3145.9,69,3
2031,2026-06-16 13:20:12+05:30,3145.3,5,3131.64,2439501,125249.0,201632.0,3163.0,3163.0,3108.0,3134.3,32002600,3447.7,2820.9,3839.9,2896.0,3144.0,116,7,3143.9,48,3,3143.8,82,3,3143.7,54,3,3143.6,68,3,3145.4,14,2,3145.5,210,6,3145.7,32,4,3145.8,92,4,3145.9,68,3
2031,2026-06-16 13:20:12+05:30,3144.2,2,3131.64,2439501,125249.0,201632.0,3163.0,3163.0,3108.0,3134.3,32002600,3447.7,2820.9,3839.9,2896.0,3144.0,116,7,3143.9,48,3,3143.8,82,3,3143.7,54,3,3143.6,68,3,3145.4,14,2,3145.5,210,6,3145.7,32,4,3145.8,92,4,3145.9,68,3
2031,2026-06-16 13:20:13+05:30,3144.2,2,3131.64,2439501,125249.0,201632.0,3163.0,3163.0,3108.0,3134.3,32002600,3447.7,2820.9,3839.9,2896.0,3144.0,116,7,3143.9,48,3,3143.8,82,3,3143.7,54,3,3143.6,68,3,3145.4,14,2,3145.5,210,6,3145.7,32,4,3145.8,92,4,3145.9,68,3
2031,2026-06-16 13:20:13+05:30,3144.2,2,3131.64,2439504,125352.0,201464.0,3163.0,3163.0,3108.0,3134.3,32002600,3447.7,2820.9,3839.9,2896.0,3144.2,71,3,3144.1,25,3,3144.0,150,8,3143.9,26,2,3143.8,97,5,3145.4,1,1,3145.5,17,1,3145.8,58,2,3145.9,26,2,3146.0,377,5
2031,2026-06-16 13:20:14+05:30,3144.0,24,3131.65,2439704,123461.0,202665.0,3163.0,3163.0,3108.0,3134.3,32002600,3447.7,2820.9,3839.9,2896.0,3144.0,26,1,3143.6,2,1,3143.5,16,1,3143.4,26,1,3143.3,20,1,3144.2,200,1,3145.1,40,2,3145.2,2,1,3145.3,17,1,3145.4,22,3
2031,2026-06-16 13:20:14+05:30,3144.2,1,3131.65,2439704,123461.0,202665.0,3163.0,3163.0,3108.0,3134.3,32002600,3447.7,2820.9,3839.9,2896.0,3144.0,26,1,3143.6,2,1,3143.5,16,1,3143.4,26,1,3143.3,20,1,3144.2,200,1,3145.1,40,2,3145.2,2,1,3145.3,17,1,3145.4,22,3
2031,2026-06-16 13:20:15+05:30,3144.2,1,3131.65,2439704,123461.0,202665.0,3163.0,3163.0,3108.0,3134.3,32002600,3447.7,2820.9,3839.9,2896.0,3144.0,26,1,3143.6,2,1,3143.5,16,1,3143.4,26,1,3143.3,20,1,3144.2,200,1,3145.1,40,2,3145.2,2,1,3145.3,17,1,3145.4,22,3
2031,2026-06-16 13:20:15+05:30,3144.2,1,3131.65,2440180,125242.0,201149.0,3163.0,3163.0,3108.0,3134.3,32002600,3447.7,2820.9,3839.9,2896.0,3144.3,14,1,3144.2,52,6,3144.1,66,3,3144.0,203,12,3143.9,115,4,3145.4,1,1,3145.8,62,2,3145.9,68,4,3146.0,323,3,3146.1,281,3
2031,2026-06-16 13:20:15+05:30,3144.3,3,3131.65,2440180,125242.0,201149.0,3163.0,3163.0,3108.0,3134.3,32002600,3447.7,2820.9,3839.9,2896.0,3144.3,14,1,3144.2,52,6,3144.1,66,3,3144.0,203,12,3143.9,115,4,3145.4,1,1,3145.8,62,2,3145.9,68,4,3146.0,323,3,3146.1,281,3
2031,2026-06-16 13:20:16+05:30,3145.9,19,3131.65,2440252,125975.0,199825.0,3163.0,3163.0,3108.0,3134.3,32002600,3447.7,2820.9,3839.9,2896.0,3144.7,14,1,3144.6,85,4,3144.5,18,2,3144.4,14,1,3144.3,60,4,3145.9,61,4,3146.0,302,2,3146.1,243,2,3146.2,537,8,3146.3,200,1
2031,2026-06-16 13:20:16+05:30,3144.6,14,3131.65,2440252,125975.0,199825.0,3163.0,3163.0,3108.0,3134.3,32002600,3447.7,2820.9,3839.9,2896.0,3144.7,14,1,3144.6,85,4,3144.5,18,2,3144.4,14,1,3144.3,60,4,3145.9,61,4,3146.0,302,2,3146.1,243,2,3146.2,537,8,3146.3,200,1
2031,2026-06-16 13:20:17+05:30,3144.6,14,3131.65,2440252,125975.0,199825.0,3163.0,3163.0,3108.0,3134.3,32002600,3447.7,2820.9,3839.9,2896.0,3144.7,14,1,3144.6,85,4,3144.5,18,2,3144.4,14,1,3144.3,60,4,3145.9,61,4,3146.0,302,2,3146.1,243,2,3146.2,537,8,3146.3,200,1
2031,2026-06-16 13:20:17+05:30,3144.6,14,3131.65,2440297,125970.0,200668.0,3163.0,3163.0,3108.0,3134.3,32002600,3447.7,2820.9,3839.9,2896.0,3144.6,14,1,3144.5,14,1,3144.4,14,1,3144.3,70,4,3144.2,50,4,3145.8,49,1,3145.9,162,7,3146.0,347,4,3146.1,591,3,3146.2,302,5
2031,2026-06-16 13:20:17+05:30,3145.8,1,3131.65,2440297,125970.0,200668.0,3163.0,3163.0,3108.0,3134.3,32002600,3447.7,2820.9,3839.9,2896.0,3144.6,14,1,3144.5,14,1,3144.4,14,1,3144.3,70,4,3144.2,50,4,3145.8,49,1,3145.9,162,7,3146.0,347,4,3146.1,591,3,3146.2,302,5
2031,2026-06-16 13:20:18+05:30,3145.7,15,3131.65,2440351,125937.0,200769.0,3163.0,3163.0,3108.0,3134.3,32002600,3447.7,2820.9,3839.9,2896.0,3144.5,23,3,3144.4,14,1,3144.3,72,5,3144.2,87,4,3144.1,4,1,3145.8,17,1,3145.9,157,7,3146.0,302,2,3146.1,338,4,3146.2,493,6
2031,2026-06-16 13:20:18+05:30,3145.7,15,3131.65,2440351,125937.0,200769.0,3163.0,3163.0,3108.0,3134.3,32002600,3447.7,2820.9,3839.9,2896.0,3144.5,23,3,3144.4,14,1,3144.3,72,5,3144.2,87,4,3144.1,4,1,3145.8,17,1,3145.9,157,7,3146.0,302,2,3146.1,338,4,3146.2,493,6
2031,2026-06-16 13:20:19+05:30,3145.7,15,3131.65,2440351,125937.0,200769.0,3163.0,3163.0,3108.0,3134.3,32002600,3447.7,2820.9,3839.9,2896.0,3144.5,23,3,3144.4,14,1,3144.3,72,5,3144.2,87,4,3144.1,4,1,3145.8,17,1,3145.9,157,7,3146.0,302,2,3146.1,338,4,3146.2,493,6
2031,2026-06-16 13:20:19+05:30,3145.7,15,3131.65,2440351,125854.0,201023.0,3163.0,3163.0,3108.0,3134.3,32002600,3447.7,2820.9,3839.9,2896.0,3144.5,14,1,3144.4,14,1,3144.3,40,2,3144.2,64,4,3144.1,4,1,3145.1,1,1,3145.6,17,1,3145.7,213,6,3145.8,62,3,3145.9,132,6
2031,2026-06-16 13:20:19+05:30,3145.1,1,3131.65,2440351,125854.0,201023.0,3163.0,3163.0,3108.0,3134.3,32002600,3447.7,2820.9,3839.9,2896.0,3144.5,14,1,3144.4,14,1,3144.3,40,2,3144.2,64,4,3144.1,4,1,3145.1,1,1,3145.6,17,1,3145.7,213,6,3145.8,62,3,3145.9,132,6
2031,2026-06-16 13:20:20+05:30,3145.1,1,3131.65,2440352,126825.0,200499.0,3163.0,3163.0,3108.0,3134.3,32002600,3447.7,2820.9,3839.9,2896.0,3145.1,1,1,3144.7,56,3,3144.6,25,2,3144.5,87,3,3144.4,30,2,3145.7,14,1,3145.8,12,1,3145.9,42,2,3146.0,300,1,3146.2,19,1
2031,2026-06-16 13:20:20+05:30,3145.7,5,3131.65,2440352,126825.0,200499.0,3163.0,3163.0,3108.0,3134.3,32002600,3447.7,2820.9,3839.9,2896.0,3145.1,1,1,3144.7,56,3,3144.6,25,2,3144.5,87,3,3144.4,30,2,3145.7,14,1,3145.8,12,1,3145.9,42,2,3146.0,300,1,3146.2,19,1
2031,2026-06-16 13:20:21+05:30,3145.7,5,3131.65,2440352,126825.0,200499.0,3163.0,3163.0,3108.0,3134.3,32002600,3447.7,2820.9,3839.9,2896.0,3145.1,1,1,3144.7,56,3,3144.6,25,2,3144.5,87,3,3144.4,30,2,3145.7,14,1,3145.8,12,1,3145.9,42,2,3146.0,300,1,3146.2,19,1
2031,2026-06-16 13:20:21+05:30,3145.7,5,3131.65,2440357,126620.0,200398.0,3163.0,3163.0,3108.0,3134.3,32002600,3447.7,2820.9,3839.9,2896.0,3145.1,3,2,3144.7,38,2,3144.6,40,3,3144.5,15,2,3144.4,16,1,3145.7,9,1,3145.8,12,1,3145.9,42,2,3146.0,300,1,3146.1,2,1
2031,2026-06-16 13:20:21+05:30,3145.1,66,3131.65,2440357,126620.0,200398.0,3163.0,3163.0,3108.0,3134.3,32002600,3447.7,2820.9,3839.9,2896.0,3145.1,3,2,3144.7,38,2,3144.6,40,3,3144.5,15,2,3144.4,16,1,3145.7,9,1,3145.8,12,1,3145.9,42,2,3146.0,300,1,3146.1,2,1
2031,2026-06-16 13:20:22+05:30,3144.9,46,3131.65,2440557,126247.0,200438.0,3163.0,3163.0,3108.0,3134.3,32002600,3447.7,2820.9,3839.9,2896.0,3144.7,41,4,3144.6,76,5,3144.5,173,5,3144.4,41,3,3144.3,138,5,3145.7,6,1,3145.9,37,1,3146.0,300,1,3146.1,2,1,3146.2,82,3
2031,2026-06-16 13:20:22+05:30,3144.9,46,3131.65,2440557,126247.0,200438.0,3163.0,3163.0,3108.0,3134.3,32002600,3447.7,2820.9,3839.9,2896.0,3144.7,41,4,3144.6,76,5,3144.5,173,5,3144.4,41,3,3144.3,138,5,3145.7,6,1,3145.9,37,1,3146.0,300,1,3146.1,2,1,3146.2,82,3
2031,2026-06-16 13:20:22+05:30,3144.9,46,3131.65,2440557,126247.0,200438.0,3163.0,3163.0,3108.0,3134.3,32002600,3447.7,2820.9,3839.9,2896.0,3144.7,41,4,3144.6,76,5,3144.5,173,5,3144.4,41,3,3144.3,138,5,3145.7,6,1,3145.9,37,1,3146.0,300,1,3146.1,2,1,3146.2,82,3
2031,2026-06-16 13:20:23+05:30,3145.8,4,3131.65,2440777,126322.0,200458.0,3163.0,3163.0,3108.0,3134.3,32002600,3447.7,2820.9,3839.9,2896.0,3144.7,11,1,3144.6,92,4,3144.5,29,1,3144.4,41,2,3144.3,84,4,3145.9,126,3,3146.0,360,2,3146.1,21,2,3146.2,88,4,3146.3,654,5
2031,2026-06-16 13:20:23+05:30,3145.8,4,3131.65,2440777,126322.0,200458.0,3163.0,3163.0,3108.0,3134.3,32002600,3447.7,2820.9,3839.9,2896.0,3144.7,11,1,3144.6,92,4,3144.5,29,1,3144.4,41,2,3144.3,84,4,3145.9,126,3,3146.0,360,2,3146.1,21,2,3146.2,88,4,3146.3,654,5
2031,2026-06-16 13:20:24+05:30,3145.8,4,3131.65,2440777,126322.0,200458.0,3163.0,3163.0,3108.0,3134.3,32002600,3447.7,2820.9,3839.9,2896.0,3144.7,11,1,3144.6,92,4,3144.5,29,1,3144.4,41,2,3144.3,84,4,3145.9,126,3,3146.0,360,2,3146.1,21,2,3146.2,88,4,3146.3,654,5
2031,2026-06-16 13:20:24+05:30,3145.9,1,3131.65,2440779,128317.0,199476.0,3163.0,3163.0,3108.0,3134.3,32002600,3447.7,2820.9,3839.9,2896.0,3145.7,26,1,3145.1,152,5,3145.0,90,5,3144.9,140,5,3144.8,149,4,3145.9,54,2,3146.0,700,2,3146.4,15,1,3146.5,404,2,3146.6,45,2
2031,2026-06-16 13:20:24+05:30,3145.9,1,3131.65,2440779,128317.0,199476.0,3163.0,3163.0,3108.0,3134.3,32002600,3447.7,2820.9,3839.9,2896.0,3145.7,26,1,3145.1,152,5,3145.0,90,5,3144.9,140,5,3144.8,149,4,3145.9,54,2,3146.0,700,2,3146.4,15,1,3146.5,404,2,3146.6,45,2
2031,2026-06-16 13:20:24+05:30,3145.9,1,3131.65,2440779,128317.0,199476.0,3163.0,3163.0,3108.0,3134.3,32002600,3447.7,2820.9,3839.9,2896.0,3145.7,26,1,3145.1,152,5,3145.0,90,5,3144.9,140,5,3144.8,149,4,3145.9,54,2,3146.0,700,2,3146.4,15,1,3146.5,404,2,3146.6,45,2
2031,2026-06-16 13:20:25+05:30,3145.9,1,3131.65,2440779,128317.0,199476.0,3163.0,3163.0,3108.0,3134.3,32002600,3447.7,2820.9,3839.9,2896.0,3145.7,26,1,3145.1,152,5,3145.0,90,5,3144.9,140,5,3144.8,149,4,3145.9,54,2,3146.0,700,2,3146.4,15,1,3146.5,404,2,3146.6,45,2
2031,2026-06-16 13:20:25+05:30,3145.1,23,3131.65,2440857,127557.0,199626.0,3163.0,3163.0,3108.0,3134.3,32002600,3447.7,2820.9,3839.9,2896.0,3145.1,47,3,3145.0,62,3,3144.9,62,2,3144.8,113,4,3144.7,14,2,3146.0,693,2,3146.3,2,1,3146.4,47,2,3146.5,464,3,3146.6,64,2
2031,2026-06-16 13:20:25+05:30,3145.1,23,3131.65,2440857,127557.0,199626.0,3163.0,3163.0,3108.0,3134.3,32002600,3447.7,2820.9,3839.9,2896.0,3145.1,47,3,3145.0,62,3,3144.9,62,2,3144.8,113,4,3144.7,14,2,3146.0,693,2,3146.3,2,1,3146.4,47,2,3146.5,464,3,3146.6,64,2
2031,2026-06-16 13:20:25+05:30,3145.1,23,3131.65,2440857,127557.0,199626.0,3163.0,3163.0,3108.0,3134.3,32002600,3447.7,2820.9,3839.9,2896.0,3145.1,47,3,3145.0,62,3,3144.9,62,2,3144.8,113,4,3144.7,14,2,3146.0,693,2,3146.3,2,1,3146.4,47,2,3146.5,464,3,3146.6,64,2
2031,2026-06-16 13:20:26+05:30,3145.1,23,3131.65,2440857,127557.0,199626.0,3163.0,3163.0,3108.0,3134.3,32002600,3447.7,2820.9,3839.9,2896.0,3145.1,47,3,3145.0,62,3,3144.9,62,2,3144.8,113,4,3144.7,14,2,3146.0,693,2,3146.3,2,1,3146.4,47,2,3146.5,464,3,3146.6,64,2
2031,2026-06-16 13:20:26+05:30,3145.1,23,3131.65,2440857,126581.0,200803.0,3163.0,3163.0,3108.0,3134.3,32002600,3447.7,2820.9,3839.9,2896.0,3144.8,26,2,3144.7,43,3,3144.6,53,3,3144.5,155,3,3144.4,1,1,3145.7,50,1,3146.0,693,2,3146.1,34,2,3146.2,193,4,3146.4,139,5
2031,2026-06-16 13:20:26+05:30,3145.7,6,3131.65,2440857,126581.0,200803.0,3163.0,3163.0,3108.0,3134.3,32002600,3447.7,2820.9,3839.9,2896.0,3144.8,26,2,3144.7,43,3,3144.6,53,3,3144.5,155,3,3144.4,1,1,3145.7,50,1,3146.0,693,2,3146.1,34,2,3146.2,193,4,3146.4,139,5
2031,2026-06-16 13:20:27+05:30,3145.7,6,3131.65,2440857,126581.0,200803.0,3163.0,3163.0,3108.0,3134.3,32002600,3447.7,2820.9,3839.9,2896.0,3144.8,26,2,3144.7,43,3,3144.6,53,3,3144.5,155,3,3144.4,1,1,3145.7,50,1,3146.0,693,2,3146.1,34,2,3146.2,193,4,3146.4,139,5
2031,2026-06-16 13:20:27+05:30,3145.7,6,3131.65,2440863,126712.0,200867.0,3163.0,3163.0,3108.0,3134.3,32002600,3447.7,2820.9,3839.9,2896.0,3144.8,28,2,3144.7,22,3,3144.6,26,1,3144.5,121,3,3144.4,29,1,3145.7,80,2,3146.0,802,4,3146.1,38,1,3146.2,227,5,3146.3,600,5
2031,2026-06-16 13:20:28+05:30,3145.7,6,3131.65,2440863,126712.0,200867.0,3163.0,3163.0,3108.0,3134.3,32002600,3447.7,2820.9,3839.9,2896.0,3144.8,28,2,3144.7,22,3,3144.6,26,1,3144.5,121,3,3144.4,29,1,3145.7,80,2,3146.0,802,4,3146.1,38,1,3146.2,227,5,3146.3,600,5
2031,2026-06-16 13:20:28+05:30,3145.7,1,3131.65,2440989,126642.0,200832.0,3163.0,3163.0,3108.0,3134.3,32002600,3447.7,2820.9,3839.9,2896.0,3144.8,18,1,3144.7,19,2,3144.6,26,1,3144.5,121,3,3144.4,29,1,3145.7,79,2,3146.0,802,4,3146.1,40,2,3146.2,227,5,3146.3,598,4
2031,2026-06-16 13:20:28+05:30,3145.7,1,3131.65,2440989,126642.0,200832.0,3163.0,3163.0,3108.0,3134.3,32002600,3447.7,2820.9,3839.9,2896.0,3144.8,18,1,3144.7,19,2,3144.6,26,1,3144.5,121,3,3144.4,29,1,3145.7,79,2,3146.0,802,4,3146.1,40,2,3146.2,227,5,3146.3,598,4
2031,2026-06-16 13:20:29+05:30,3145.7,1,3131.65,2440989,126642.0,200832.0,3163.0,3163.0,3108.0,3134.3,32002600,3447.7,2820.9,3839.9,2896.0,3144.8,18,1,3144.7,19,2,3144.6,26,1,3144.5,121,3,3144.4,29,1,3145.7,79,2,3146.0,802,4,3146.1,40,2,3146.2,227,5,3146.3,598,4
2031,2026-06-16 13:20:29+05:30,3145.7,1,3131.65,2440989,126643.0,200839.0,3163.0,3163.0,3108.0,3134.3,32002600,3447.7,2820.9,3839.9,2896.0,3144.8,18,1,3144.7,19,2,3144.6,26,1,3144.5,121,3,3144.4,29,1,3145.7,79,2,3146.0,802,4,3146.1,40,2,3146.2,227,5,3146.3,598,4
2031,2026-06-16 13:20:29+05:30,3145.7,1,3131.65,2440989,126643.0,200839.0,3163.0,3163.0,3108.0,3134.3,32002600,3447.7,2820.9,3839.9,2896.0,3144.8,18,1,3144.7,19,2,3144.6,26,1,3144.5,121,3,3144.4,29,1,3145.7,79,2,3146.0,802,4,3146.1,40,2,3146.2,227,5,3146.3,598,4
2031,2026-06-16 13:20:30+05:30,3145.7,1,3131.65,2440989,127111.0,200861.0,3163.0,3163.0,3108.0,3134.3,32002600,3447.7,2820.9,3839.9,2896.0,3145.3,2,2,3144.8,24,3,3144.7,11,1,3144.6,26,1,3144.5,121,3,3145.7,80,3,3146.0,753,3,3146.1,40,2,3146.2,207,4,3146.3,598,4
2031,2026-06-16 13:20:30+05:30,3145.7,1,3131.65,2440989,127111.0,200861.0,3163.0,3163.0,3108.0,3134.3,32002600,3447.7,2820.9,3839.9,2896.0,3145.3,2,2,3144.8,24,3,3144.7,11,1,3144.6,26,1,3144.5,121,3,3145.7,80,3,3146.0,753,3,3146.1,40,2,3146.2,207,4,3146.3,598,4
2031,2026-06-16 13:20:30+05:30,3145.7,1,3131.65,2440989,127111.0,200861.0,3163.0,3163.0,3108.0,3134.3,32002600,3447.7,2820.9,3839.9,2896.0,3145.3,2,2,3144.8,24,3,3144.7,11,1,3144.6,26,1,3144.5,121,3,3145.7,80,3,3146.0,753,3,3146.1,40,2,3146.2,207,4,3146.3,598,4
2031,2026-06-16 13:20:31+05:30,3145.7,1,3131.65,2440989,127111.0,200861.0,3163.0,3163.0,3108.0,3134.3,32002600,3447.7,2820.9,3839.9,2896.0,3145.3,2,2,3144.8,24,3,3144.7,11,1,3144.6,26,1,3144.5,121,3,3145.7,80,3,3146.0,753,3,3146.1,40,2,3146.2,207,4,3146.3,598,4
2031,2026-06-16 13:20:31+05:30,3145.7,13,3131.65,2441016,127328.0,200852.0,3163.0,3163.0,3108.0,3134.3,32002600,3447.7,2820.9,3839.9,2896.0,3145.3,2,2,3144.8,24,3,3144.7,11,1,3144.6,26,1,3144.5,121,3,3145.7,54,3,3145.8,38,1,3146.0,753,3,3146.1,38,1,3146.2,207,4
2031,2026-06-16 13:20:31+05:30,3145.7,11,3131.65,2441016,127328.0,200852.0,3163.0,3163.0,3108.0,3134.3,32002600,3447.7,2820.9,3839.9,2896.0,3145.3,2,2,3144.8,24,3,3144.7,11,1,3144.6,26,1,3144.5,121,3,3145.7,54,3,3145.8,38,1,3146.0,753,3,3146.1,38,1,3146.2,207,4
2031,2026-06-16 13:20:32+05:30,3145.7,11,3131.65,2441027,127334.0,200904.0,3163.0,3163.0,3108.0,3134.3,32002600,3447.7,2820.9,3839.9,2896.0,3145.3,2,2,3144.8,24,3,3144.7,11,1,3144.6,26,1,3144.5,121,3,3145.7,68,4,3145.8,38,1,3146.0,753,3,3146.1,38,1,3146.2,239,5
2031,2026-06-16 13:20:32+05:30,3145.7,11,3131.65,2441027,127334.0,200904.0,3163.0,3163.0,3108.0,3134.3,32002000,3447.7,2820.9,3839.9,2896.0,3145.3,2,2,3144.8,24,3,3144.7,11,1,3144.6,26,1,3144.5,121,3,3145.7,68,4,3145.8,38,1,3146.0,753,3,3146.1,38,1,3146.2,239,5
2031,2026-06-16 13:20:33+05:30,3145.7,1,3131.65,2441028,127355.0,200767.0,3163.0,3163.0,3108.0,3134.3,32002000,3447.7,2820.9,3839.9,2896.0,3145.3,2,2,3144.8,25,4,3144.7,11,1,3144.6,26,1,3144.5,121,3,3145.7,67,4,3145.8,38,1,3146.0,753,3,3146.1,40,2,3146.2,199,4
2031,2026-06-16 13:20:33+05:30,3145.7,1,3131.65,2441028,127355.0,200767.0,3163.0,3163.0,3108.0,3134.3,32002000,3447.7,2820.9,3839.9,2896.0,3145.3,2,2,3144.8,25,4,3144.7,11,1,3144.6,26,1,3144.5,121,3,3145.7,67,4,3145.8,38,1,3146.0,753,3,3146.1,40,2,3146.2,199,4
2031,2026-06-16 13:20:34+05:30,3145.7,1,3131.65,2441029,127355.0,201061.0,3163.0,3163.0,3108.0,3134.3,32002000,3447.7,2820.9,3839.9,2896.0,3145.3,2,2,3144.8,25,4,3144.7,11,1,3144.6,26,1,3144.5,121,3,3145.7,356,5,3145.8,38,1,3146.0,755,4,3146.1,38,1,3146.2,199,4
2031,2026-06-16 13:20:34+05:30,3145.7,1,3131.65,2441029,127355.0,201061.0,3163.0,3163.0,3108.0,3134.3,32002000,3447.7,2820.9,3839.9,2896.0,3145.3,2,2,3144.8,25,4,3144.7,11,1,3144.6,26,1,3144.5,121,3,3145.7,356,5,3145.8,38,1,3146.0,755,4,3146.1,38,1,3146.2,199,4
2031,2026-06-16 13:20:35+05:30,3145.7,1,3131.65,2441030,127219.0,201223.0,3163.0,3163.0,3108.0,3134.3,32002000,3447.7,2820.9,3839.9,2896.0,3145.5,2,2,3145.4,15,1,3144.8,25,4,3144.6,40,2,3144.5,121,3,3145.7,355,5,3146.0,753,3,3146.1,2,1,3146.2,135,3,3146.3,591,3
2031,2026-06-16 13:20:36+05:30,3145.7,1,3131.65,2441030,127322.0,201234.0,3163.0,3163.0,3108.0,3134.3,32002000,3447.7,2820.9,3839.9,2896.0,3145.5,20,3,3144.8,7,3,3144.7,26,1,3144.6,103,3,3144.5,126,3,3145.7,355,5,3146.0,753,3,3146.1,2,1,3146.2,135,3,3146.3,591,3
2031,2026-06-16 13:20:37+05:30,3145.7,1,3131.65,2441031,127327.0,201232.0,3163.0,3163.0,3108.0,3134.3,32002000,3447.7,2820.9,3839.9,2896.0,3145.5,2,2,3145.1,16,1,3144.8,47,4,3144.7,29,2,3144.6,103,3,3145.7,354,5,3146.0,753,3,3146.2,105,3,3146.3,591,3,3146.4,339,6
2031,2026-06-16 13:20:37+05:30,3145.1,38,3131.65,2441031,127327.0,201232.0,3163.0,3163.0,3108.0,3134.3,32002000,3447.7,2820.9,3839.9,2896.0,3145.5,2,2,3145.1,16,1,3144.8,47,4,3144.7,29,2,3144.6,103,3,3145.7,354,5,3146.0,753,3,3146.2,105,3,3146.3,591,3,3146.4,339,6
2031,2026-06-16 13:20:38+05:30,3145.7,120,3131.65,2441236,127240.0,201178.0,3163.0,3163.0,3108.0,3134.3,32002000,3447.7,2820.9,3839.9,2896.0,3145.6,5,1,3144.8,17,3,3144.7,3,1,3144.6,40,2,3144.5,55,2,3145.7,170,1,3145.9,72,2,3146.0,754,5,3146.1,38,1,3146.2,103,2
2031,2026-06-16 13:20:38+05:30,3145.7,120,3131.65,2441236,127240.0,201178.0,3163.0,3163.0,3108.0,3134.3,32002000,3447.7,2820.9,3839.9,2896.0,3145.6,5,1,3144.8,17,3,3144.7,3,1,3144.6,40,2,3144.5,55,2,3145.7,170,1,3145.9,72,2,3146.0,754,5,3146.1,38,1,3146.2,103,2
2031,2026-06-16 13:20:39+05:30,3145.7,1,3131.65,2441237,127240.0,201181.0,3163.0,3163.0,3108.0,3134.3,32002000,3447.7,2820.9,3839.9,2896.0,3145.6,5,1,3144.8,17,3,3144.7,3,1,3144.6,40,2,3144.5,55,2,3145.7,170,2,3145.9,72,2,3146.0,754,5,3146.1,38,1,3146.2,103,2
2031,2026-06-16 13:20:39+05:30,3145.7,1,3131.65,2441237,127240.0,201181.0,3163.0,3163.0,3108.0,3134.3,32002000,3447.7,2820.9,3839.9,2896.0,3145.6,5,1,3144.8,17,3,3144.7,3,1,3144.6,40,2,3144.5,55,2,3145.7,170,2,3145.9,72,2,3146.0,754,5,3146.1,38,1,3146.2,103,2
2031,2026-06-16 13:20:40+05:30,3145.7,8,3131.65,2441245,127314.0,199834.0,3163.0,3163.0,3108.0,3134.3,32002000,3447.7,2820.9,3839.9,2896.0,3145.6,5,1,3144.9,40,1,3144.8,119,4,3144.7,36,4,3144.6,100,3,3145.7,162,2,3145.9,62,1,3146.0,693,2,3146.4,60,3,3146.5,464,3
2031,2026-06-16 13:20:40+05:30,3145.7,24,3131.65,2441245,127314.0,199834.0,3163.0,3163.0,3108.0,3134.3,32002000,3447.7,2820.9,3839.9,2896.0,3145.6,5,1,3144.9,40,1,3144.8,119,4,3144.7,36,4,3144.6,100,3,3145.7,162,2,3145.9,62,1,3146.0,693,2,3146.4,60,3,3146.5,464,3
2031,2026-06-16 13:20:41+05:30,3145.7,24,3131.65,2441269,127534.0,198437.0,3163.0,3163.0,3108.0,3134.3,32002000,3447.7,2820.9,3839.9,2896.0,3145.6,5,1,3144.9,65,2,3144.8,119,4,3144.7,74,4,3144.6,128,4,3145.7,138,2,3146.0,693,2,3146.3,2,1,3146.4,58,2,3146.5,464,3
2031,2026-06-16 13:20:42+05:30,3145.7,24,3131.65,2441269,127162.0,200459.0,3163.0,3163.0,3108.0,3134.3,32002000,3447.7,2820.9,3839.9,2896.0,3145.6,21,2,3144.9,40,1,3144.8,41,2,3144.7,9,2,3144.6,65,3,3145.7,138,2,3146.0,693,2,3146.3,62,2,3146.4,58,2,3146.5,507,4
2031,2026-06-16 13:20:43+05:30,3145.7,100,3131.65,2441374,127483.0,199424.0,3163.0,3163.0,3108.0,3134.3,32002000,3447.7,2820.9,3839.9,2896.0,3145.6,58,3,3145.4,25,1,3145.0,16,2,3144.9,127,5,3144.8,102,4,3145.7,67,3,3146.0,693,2,3146.4,20,1,3146.5,406,3,3146.6,77,2
2031,2026-06-16 13:20:43+05:30,3145.7,1,3131.65,2441374,127483.0,199424.0,3163.0,3163.0,3108.0,3134.3,32002000,3447.7,2820.9,3839.9,2896.0,3145.6,58,3,3145.4,25,1,3145.0,16,2,3144.9,127,5,3144.8,102,4,3145.7,67,3,3146.0,693,2,3146.4,20,1,3146.5,406,3,3146.6,77,2
2031,2026-06-16 13:20:44+05:30,3145.7,1,3131.66,2441576,126830.0,198106.0,3163.0,3163.0,3108.0,3134.3,32002000,3447.7,2820.9,3839.9,2896.0,3145.6,10,2,3144.8,70,4,3144.7,3,1,3144.6,1,1,3144.4,55,3,3145.7,65,3,3146.0,693,2,3146.1,2,1,3146.2,38,1,3146.3,129,4
2031,2026-06-16 13:20:44+05:30,3145.7,1,3131.66,2441576,126830.0,198106.0,3163.0,3163.0,3108.0,3134.3,32002000,3447.7,2820.9,3839.9,2896.0,3145.6,10,2,3144.8,70,4,3144.7,3,1,3144.6,1,1,3144.4,55,3,3145.7,65,3,3146.0,693,2,3146.1,2,1,3146.2,38,1,3146.3,129,4
2031,2026-06-16 13:20:45+05:30,3145.7,27,3131.66,2441634,127142.0,199562.0,3163.0,3163.0,3108.0,3134.3,32002000,3447.7,2820.9,3839.9,2896.0,3145.6,6,2,3145.4,14,1,3144.9,25,1,3144.8,72,4,3144.7,3,1,3145.7,57,4,3146.0,693,2,3146.2,2,1,3146.3,43,1,3146.4,58,2
2031,2026-06-16 13:20:45+05:30,3145.7,10,3131.66,2441634,127142.0,199562.0,3163.0,3163.0,3108.0,3134.3,32002000,3447.7,2820.9,3839.9,2896.0,3145.6,6,2,3145.4,14,1,3144.9,25,1,3144.8,72,4,3144.7,3,1,3145.7,57,4,3146.0,693,2,3146.2,2,1,3146.3,43,1,3146.4,58,2
2031,2026-06-16 13:20:46+05:30,3145.7,10,3131.66,2441685,127137.0,199812.0,3163.0,3163.0,3108.0,3134.3,32002000,3447.7,2820.9,3839.9,2896.0,3145.6,3,2,3145.4,29,2,3145.0,25,1,3144.9,6,1,3144.8,101,3,3145.7,52,3,3146.0,693,2,3146.3,105,3,3146.4,86,3,3146.5,464,3
2031,2026-06-16 13:20:47+05:30,3145.7,10,3131.66,2441685,127159.0,200137.0,3163.0,3163.0,3108.0,3134.3,32002000,3447.7,2820.9,3839.9,2896.0,3145.6,3,2,3145.4,14,1,3145.0,25,1,3144.9,22,2,3144.8,101,3,3145.7,52,3,3146.0,818,3,3146.2,2,1,3146.3,103,2,3146.4,86,3
2031,2026-06-16 13:20:48+05:30,3145.7,10,3131.66,2441685,127070.0,199427.0,3163.0,3163.0,3108.0,3134.3,32002000,3447.7,2820.9,3839.9,2896.0,3145.6,3,2,3145.4,14,1,3144.9,16,1,3144.8,66,3,3144.7,31,2,3145.7,52,3,3146.0,818,3,3146.1,38,1,3146.3,144,4,3146.4,58,2
2031,2026-06-16 13:20:49+05:30,3145.7,16,3131.66,2441685,127070.0,199427.0,3163.0,3163.0,3108.0,3134.3,32002000,3447.7,2820.9,3839.9,2896.0,3145.6,3,2,3145.4,14,1,3144.9,16,1,3144.8,66,3,3144.7,31,2,3145.7,52,3,3146.0,818,3,3146.1,38,1,3146.3,144,4,3146.4,58,2
2031,2026-06-16 13:20:49+05:30,3145.7,16,3131.66,2441727,127061.0,198183.0,3163.0,3163.0,3108.0,3134.3,32002000,3447.7,2820.9,3839.9,2896.0,3145.6,3,2,3145.4,14,1,3144.9,16,1,3144.8,41,2,3144.7,31,2,3145.7,137,3,3146.0,818,3,3146.3,45,2,3146.4,58,2,3146.5,494,5
2031,2026-06-16 13:20:49+05:30,3145.7,1,3131.66,2441727,127061.0,198183.0,3163.0,3163.0,3108.0,3134.3,32002000,3447.7,2820.9,3839.9,2896.0,3145.6,3,2,3145.4,14,1,3144.9,16,1,3144.8,41,2,3144.7,31,2,3145.7,137,3,3146.0,818,3,3146.3,45,2,3146.4,58,2,3146.5,494,5
2031,2026-06-16 13:20:50+05:30,3145.7,120,3131.66,2441864,127133.0,198907.0,3163.0,3163.0,3108.0,3134.3,32002000,3447.7,2820.9,3839.9,2896.0,3145.7,16,1,3145.6,3,2,3145.4,14,1,3144.9,16,1,3144.8,126,4,3146.0,818,3,3146.3,43,1,3146.4,79,3,3146.5,434,4,3146.6,115,3
2031,2026-06-16 13:20:50+05:30,3145.7,120,3131.66,2441864,127133.0,198907.0,3163.0,3163.0,3108.0,3134.3,32002000,3447.7,2820.9,3839.9,2896.0,3145.7,16,1,3145.6,3,2,3145.4,14,1,3144.9,16,1,3144.8,126,4,3146.0,818,3,3146.3,43,1,3146.4,79,3,3146.5,434,4,3146.6,115,3
2031,2026-06-16 13:20:51+05:30,3145.7,120,3131.66,2441864,127163.0,199814.0,3163.0,3163.0,3108.0,3134.3,32002000,3447.7,2820.9,3839.9,2896.0,3145.6,3,2,3145.4,29,2,3144.8,93,4,3144.7,3,1,3144.6,26,2,3146.0,1153,4,3146.3,2,1,3146.4,137,3,3146.5,476,5,3146.6,115,3
2031,2026-06-16 13:20:52+05:30,3145.5,63,3131.66,2441964,127370.0,200084.0,3163.0,3163.0,3108.0,3134.3,32002000,3447.7,2820.9,3839.9,2896.0,3145.0,76,3,3144.9,65,2,3144.8,137,4,3144.7,3,1,3144.6,66,4,3145.7,1,1,3146.0,1153,4,3146.4,97,3,3146.5,466,4,3146.6,154,4
2031,2026-06-16 13:20:52+05:30,3145.5,63,3131.66,2441964,127370.0,200084.0,3163.0,3163.0,3108.0,3134.3,32002000,3447.7,2820.9,3839.9,2896.0,3145.0,76,3,3144.9,65,2,3144.8,137,4,3144.7,3,1,3144.6,66,4,3145.7,1,1,3146.0,1153,4,3146.4,97,3,3146.5,466,4,3146.6,154,4
2031,2026-06-16 13:20:53+05:30,3146.0,17,3131.66,2441982,127341.0,200628.0,3163.0,3163.0,3108.0,3134.3,32002000,3447.7,2820.9,3839.9,2896.0,3145.0,65,5,3144.8,107,5,3144.7,3,1,3144.6,66,4,3144.5,91,4,3146.0,1136,4,3146.3,2,1,3146.4,59,2,3146.5,464,3,3146.6,115,3
2031,2026-06-16 13:20:53+05:30,3146.0,17,3131.66,2441982,127341.0,200628.0,3163.0,3163.0,3108.0,3134.3,32002000,3447.7,2820.9,3839.9,2896.0,3145.0,65,5,3144.8,107,5,3144.7,3,1,3144.6,66,4,3144.5,91,4,3146.0,1136,4,3146.3,2,1,3146.4,59,2,3146.5,464,3,3146.6,115,3
2031,2026-06-16 13:20:54+05:30,3146.0,17,3131.66,2441982,127416.0,200241.0,3163.0,3163.0,3108.0,3134.3,32002000,3447.7,2820.9,3839.9,2896.0,3145.0,102,6,3144.8,107,5,3144.7,3,1,3144.6,41,3,3144.5,140,5,3146.0,1136,4,3146.3,48,2,3146.4,59,2,3146.5,464,3,3146.6,115,3
2031,2026-06-16 13:20:54+05:30,3146.0,1,3131.66,2441982,127416.0,200241.0,3163.0,3163.0,3108.0,3134.3,32002000,3447.7,2820.9,3839.9,2896.0,3145.0,102,6,3144.8,107,5,3144.7,3,1,3144.6,41,3,3144.5,140,5,3146.0,1136,4,3146.3,48,2,3146.4,59,2,3146.5,464,3,3146.6,115,3
2031,2026-06-16 13:20:55+05:30,3146.0,1,3131.66,2442005,127341.0,200261.0,3163.0,3163.0,3108.0,3134.3,32002000,3447.7,2820.9,3839.9,2896.0,3145.0,52,3,3144.8,46,3,3144.7,3,1,3144.6,40,2,3144.5,86,3,3146.0,1155,5,3146.3,111,3,3146.4,59,2,3146.5,466,4,3146.6,115,3
2031,2026-06-16 13:20:56+05:30,3146.0,1,3131.66,2442005,127298.0,198859.0,3163.0,3163.0,3108.0,3134.3,32002000,3447.7,2820.9,3839.9,2896.0,3145.0,41,2,3144.8,19,2,3144.7,31,2,3144.6,40,2,3144.5,113,4,3146.0,1155,5,3146.2,2,1,3146.3,111,3,3146.4,59,2,3146.5,464,3
2031,2026-06-16 13:20:57+05:30,3146.0,1,3131.66,2442005,127298.0,198859.0,3163.0,3163.0,3108.0,3134.3,32002000,3447.7,2820.9,3839.9,2896.0,3145.0,41,2,3144.8,19,2,3144.7,31,2,3144.6,40,2,3144.5,113,4,3146.0,1155,5,3146.2,2,1,3146.3,111,3,3146.4,59,2,3146.5,464,3
2031,2026-06-16 13:20:57+05:30,3146.0,1,3131.66,2442006,127204.0,199902.0,3163.0,3163.0,3108.0,3134.3,32002000,3447.7,2820.9,3839.9,2896.0,3145.1,17,1,3145.0,37,1,3144.8,1,1,3144.7,31,2,3144.6,40,2,3146.0,1154,5,3146.2,40,2,3146.3,122,3,3146.4,102,3,3146.5,464,3
2031,2026-06-16 13:20:58+05:30,3146.0,1,3131.66,2442006,127250.0,201118.0,3163.0,3163.0,3108.0,3134.3,32002000,3447.7,2820.9,3839.9,2896.0,3145.1,17,1,3145.0,51,2,3144.8,26,2,3144.7,31,2,3144.5,59,4,3146.0,1154,5,3146.2,40,2,3146.3,122,3,3146.4,102,3,3146.5,464,3
2031,2026-06-16 13:20:59+05:30,3146.0,57,3131.66,2442006,127250.0,201118.0,3163.0,3163.0,3108.0,3134.3,32002000,3447.7,2820.9,3839.9,2896.0,3145.1,17,1,3145.0,51,2,3144.8,26,2,3144.7,31,2,3144.5,59,4,3146.0,1154,5,3146.2,40,2,3146.3,122,3,3146.4,102,3,3146.5,464,3
2031,2026-06-16 13:20:59+05:30,3146.0,57,3131.66,2442063,127456.0,200437.0,3163.0,3163.0,3108.0,3134.3,32002000,3447.7,2820.9,3839.9,2896.0,3145.1,75,3,3145.0,62,2,3144.9,6,1,3144.8,1,1,3144.7,91,3,3146.0,1122,6,3146.3,97,3,3146.4,59,2,3146.5,464,3,3146.6,115,3
2031,2026-06-16 13:21:00+05:30,3146.0,1,3131.66,2442078,127523.0,199838.0,3163.0,3163.0,3108.0,3134.3,32002000,3447.7,2820.9,3839.9,2896.0,3145.1,87,6,3145.0,45,2,3144.9,6,1,3144.8,28,4,3144.7,80,3,3146.0,1108,7,3146.3,95,2,3146.4,61,3,3146.5,509,4,3146.6,115,3
2031,2026-06-16 13:21:01+05:30,3146.0,1,3131.66,2442078,127523.0,199838.0,3163.0,3163.0,3108.0,3134.3,32002000,3447.7,2820.9,3839.9,2896.0,3145.1,87,6,3145.0,45,2,3144.9,6,1,3144.8,28,4,3144.7,80,3,3146.0,1108,7,3146.3,95,2,3146.4,61,3,3146.5,509,4,3146.6,115,3
2031,2026-06-16 13:21:01+05:30,3146.0,1,3131.66,2442078,127603.0,198376.0,3163.0,3163.0,3108.0,3134.3,32002000,3447.7,2820.9,3839.9,2896.0,3145.6,2,2,3145.4,16,1,3145.1,55,4,3145.0,51,2,3144.9,22,2,3146.0,1108,7,3146.3,46,1,3146.5,511,5,3146.6,77,2,3146.7,99,2
2031,2026-06-16 13:21:02+05:30,3146.0,1,3131.66,2442078,127737.0,200347.0,3163.0,3163.0,3108.0,3134.3,32002000,3447.7,2820.9,3839.9,2896.0,3145.6,61,4,3145.3,25,1,3145.1,66,4,3145.0,17,2,3144.9,31,2,3146.0,1108,7,3146.3,46,1,3146.5,509,4,3146.6,79,3,3146.7,60,1
2031,2026-06-16 13:21:03+05:30,3146.0,5,3131.66,2442078,127737.0,200347.0,3163.0,3163.0,3108.0,3134.3,32002000,3447.7,2820.9,3839.9,2896.0,3145.6,61,4,3145.3,25,1,3145.1,66,4,3145.0,17,2,3144.9,31,2,3146.0,1108,7,3146.3,46,1,3146.5,509,4,3146.6,79,3,3146.7,60,1
2031,2026-06-16 13:21:03+05:30,3146.0,1,3131.66,2442085,128091.0,200197.0,3163.0,3163.0,3108.0,3134.3,32002000,3447.7,2820.9,3839.9,2896.0,3145.6,61,4,3145.5,7,1,3145.3,30,2,3145.2,8,1,3145.1,66,4,3146.0,1101,7,3146.5,509,4,3146.6,77,2,3146.7,60,1,3146.8,59,2
2031,2026-06-16 13:21:04+05:30,3146.0,1,3131.66,2442085,128091.0,200197.0,3163.0,3163.0,3108.0,3134.3,32002000,3447.7,2820.9,3839.9,2896.0,3145.6,61,4,3145.5,7,1,3145.3,30,2,3145.2,8,1,3145.1,66,4,3146.0,1101,7,3146.5,509,4,3146.6,77,2,3146.7,60,1,3146.8,59,2
2031,2026-06-16 13:21:04+05:30,3146.0,1,3131.66,2442085,128091.0,200246.0,3163.0,3163.0,3108.0,3134.3,32002000,3447.7,2820.9,3839.9,2896.0,3145.6,61,4,3145.5,7,1,3145.3,30,2,3145.2,8,1,3145.1,66,4,3146.0,1101,7,3146.5,509,4,3146.6,79,3,3146.7,60,1,3146.8,59,2
2031,2026-06-16 13:21:05+05:30,3146.0,38,3131.66,2442085,128091.0,200246.0,3163.0,3163.0,3108.0,3134.3,32002000,3447.7,2820.9,3839.9,2896.0,3145.6,61,4,3145.5,7,1,3145.3,30,2,3145.2,8,1,3145.1,66,4,3146.0,1101,7,3146.5,509,4,3146.6,79,3,3146.7,60,1,3146.8,59,2
2031,2026-06-16 13:21:05+05:30,3146.0,38,3131.66,2442296,128089.0,199936.0,3163.0,3163.0,3108.0,3134.3,32002000,3447.7,2820.9,3839.9,2896.0,3145.6,61,4,3145.4,14,1,3145.2,17,1,3145.1,69,4,3145.0,83,4,3145.9,125,1,3146.0,765,5,3146.5,489,5,3146.6,21,1,3146.8,84,3
2031,2026-06-16 13:21:06+05:30,3145.9,2,3131.66,2442296,128089.0,199936.0,3163.0,3163.0,3108.0,3134.3,32002000,3447.7,2820.9,3839.9,2896.0,3145.6,61,4,3145.4,14,1,3145.2,17,1,3145.1,69,4,3145.0,83,4,3145.9,125,1,3146.0,765,5,3146.5,489,5,3146.6,21,1,3146.8,84,3
2031,2026-06-16 13:21:06+05:30,3145.9,2,3131.66,2442343,127445.0,200437.0,3163.0,3163.0,3108.0,3134.3,32002000,3447.7,2820.9,3839.9,2896.0,3145.6,2,1,3145.5,16,1,3145.4,14,1,3145.1,49,3,3144.8,5,2,3145.9,186,4,3146.0,762,5,3146.2,38,1,3146.3,124,4,3146.4,38,1
2031,2026-06-16 13:21:07+05:30,3145.4,29,3131.66,2442343,127445.0,200437.0,3163.0,3163.0,3108.0,3134.3,32002000,3447.7,2820.9,3839.9,2896.0,3145.6,2,1,3145.5,16,1,3145.4,14,1,3145.1,49,3,3144.8,5,2,3145.9,186,4,3146.0,762,5,3146.2,38,1,3146.3,124,4,3146.4,38,1
2031,2026-06-16 13:21:07+05:30,3145.4,29,3131.66,2442543,127016.0,200857.0,3163.0,3163.0,3108.0,3134.3,32002000,3447.7,2820.9,3839.9,2896.0,3145.4,14,1,3145.1,49,3,3144.9,3,1,3144.8,30,3,3144.7,28,1,3145.9,186,4,3146.0,774,5,3146.2,63,2,3146.3,99,3,3146.4,38,1
2031,2026-06-16 13:21:08+05:30,3145.1,24,3131.66,2442543,127016.0,200857.0,3163.0,3163.0,3108.0,3134.3,32002000,3447.7,2820.9,3839.9,2896.0,3145.4,14,1,3145.1,49,3,3144.9,3,1,3144.8,30,3,3144.7,28,1,3145.9,186,4,3146.0,774,5,3146.2,63,2,3146.3,99,3,3146.4,38,1
2031,2026-06-16 13:21:08+05:30,3145.9,11,3131.66,2442613,127080.0,200471.0,3163.0,3163.0,3108.0,3134.3,32002000,3447.7,2820.9,3839.9,2896.0,3145.6,5,1,3145.1,35,3,3144.9,3,1,3144.8,5,2,3144.6,25,1,3145.9,137,3,3146.0,777,4,3146.1,48,1,3146.2,40,2,3146.3,99,3
2031,2026-06-16 13:21:09+05:30,3145.9,11,3131.66,2442613,127080.0,200471.0,3163.0,3163.0,3108.0,3134.3,32002000,3447.7,2820.9,3839.9,2896.0,3145.6,5,1,3145.1,35,3,3144.9,3,1,3144.8,5,2,3144.6,25,1,3145.9,137,3,3146.0,777,4,3146.1,48,1,3146.2,40,2,3146.3,99,3
2031,2026-06-16 13:21:09+05:30,3145.9,11,3131.66,2442613,127195.0,200633.0,3163.0,3163.0,3108.0,3134.3,32002000,3447.7,2820.9,3839.9,2896.0,3145.6,5,1,3145.4,31,2,3145.1,20,2,3144.9,3,1,3144.8,5,2,3145.9,138,4,3146.0,761,4,3146.1,86,2,3146.3,101,4,3146.4,58,2
2031,2026-06-16 13:21:10+05:30,3145.9,1,3131.66,2442613,127195.0,200633.0,3163.0,3163.0,3108.0,3134.3,32002000,3447.7,2820.9,3839.9,2896.0,3145.6,5,1,3145.4,31,2,3145.1,20,2,3144.9,3,1,3144.8,5,2,3145.9,138,4,3146.0,761,4,3146.1,86,2,3146.3,101,4,3146.4,58,2
2031,2026-06-16 13:21:10+05:30,3145.9,8,3131.66,2442622,127279.0,200844.0,3163.0,3163.0,3108.0,3134.3,32002000,3447.7,2820.9,3839.9,2896.0,3145.6,5,1,3145.4,32,2,3145.1,19,1,3144.9,3,1,3144.8,5,2,3145.9,129,4,3146.0,739,3,3146.1,86,2,3146.3,101,4,3146.4,38,1
2031,2026-06-16 13:21:11+05:30,3145.9,1,3131.66,2442622,127279.0,200844.0,3163.0,3163.0,3108.0,3134.3,32002000,3447.7,2820.9,3839.9,2896.0,3145.6,5,1,3145.4,32,2,3145.1,19,1,3144.9,3,1,3144.8,5,2,3145.9,129,4,3146.0,739,3,3146.1,86,2,3146.3,101,4,3146.4,38,1
2031,2026-06-16 13:21:11+05:30,3145.9,1,3131.66,2442647,127329.0,200743.0,3163.0,3163.0,3108.0,3134.3,32002000,3447.7,2820.9,3839.9,2896.0,3145.6,5,1,3145.4,32,2,3145.2,20,2,3145.1,36,2,3144.9,3,1,3145.9,129,5,3146.0,697,2,3146.1,48,1,3146.3,99,3,3146.4,38,1
2031,2026-06-16 13:21:12+05:30,3145.9,50,3131.66,2442647,127329.0,200743.0,3163.0,3163.0,3108.0,3134.3,32002000,3447.7,2820.9,3839.9,2896.0,3145.6,5,1,3145.4,32,2,3145.2,20,2,3145.1,36,2,3144.9,3,1,3145.9,129,5,3146.0,697,2,3146.1,48,1,3146.3,99,3,3146.4,38,1
2031,2026-06-16 13:21:12+05:30,3145.9,50,3131.66,2442708,127380.0,200438.0,3163.0,3163.0,3108.0,3134.3,32002000,3447.7,2820.9,3839.9,2896.0,3145.7,17,1,3145.6,5,1,3145.4,14,1,3145.2,5,1,3145.1,19,1,3145.9,68,5,3146.0,697,2,3146.4,86,2,3146.5,509,5,3146.6,115,3
2031,2026-06-16 13:21:13+05:30,3145.9,50,3131.66,2442708,127666.0,198154.0,3163.0,3163.0,3108.0,3134.3,32002000,3447.7,2820.9,3839.9,2896.0,3145.7,67,2,3145.6,5,1,3145.4,24,2,3145.3,13,1,3145.2,30,3,3145.9,145,7,3146.0,697,2,3146.5,449,3,3146.6,21,1,3146.7,58,1
2031,2026-06-16 13:21:13+05:30,3145.9,50,3131.66,2442708,127666.0,198154.0,3163.0,3163.0,3108.0,3134.3,32002000,3447.7,2820.9,3839.9,2896.0,3145.7,67,2,3145.6,5,1,3145.4,24,2,3145.3,13,1,3145.2,30,3,3145.9,145,7,3146.0,697,2,3146.5,449,3,3146.6,21,1,3146.7,58,1
2031,2026-06-16 13:21:14+05:30,3145.9,46,3131.66,2442708,127666.0,198154.0,3163.0,3163.0,3108.0,3134.3,32002000,3447.7,2820.9,3839.9,2896.0,3145.7,67,2,3145.6,5,1,3145.4,24,2,3145.3,13,1,3145.2,30,3,3145.9,145,7,3146.0,697,2,3146.5,449,3,3146.6,21,1,3146.7,58,1
2031,2026-06-16 13:21:14+05:30,3145.9,46,3131.66,2442857,127844.0,199867.0,3163.0,3163.0,3108.0,3134.3,32002000,3447.7,2820.9,3839.9,2896.0,3145.7,50,1,3145.6,21,2,3145.4,24,2,3145.3,13,1,3145.2,25,2,3146.0,697,2,3146.5,449,3,3146.6,21,1,3146.8,161,6,3146.9,894,3
2031,2026-06-16 13:21:15+05:30,3145.9,46,3131.66,2442857,127764.0,199670.0,3163.0,3163.0,3108.0,3134.3,32002000,3447.7,2820.9,3839.9,2896.0,3145.9,2,2,3145.7,67,3,3145.6,5,1,3145.5,24,1,3145.4,24,2,3146.0,697,2,3146.5,449,3,3146.6,21,1,3146.8,119,4,3146.9,892,2
2031,2026-06-16 13:21:15+05:30,3145.9,46,3131.66,2442857,127764.0,199670.0,3163.0,3163.0,3108.0,3134.3,32002000,3447.7,2820.9,3839.9,2896.0,3145.9,2,2,3145.7,67,3,3145.6,5,1,3145.5,24,1,3145.4,24,2,3146.0,697,2,3146.5,449,3,3146.6,21,1,3146.8,119,4,3146.9,892,2
2031,2026-06-16 13:21:16+05:30,3146.0,2,3131.66,2442857,127764.0,199670.0,3163.0,3163.0,3108.0,3134.3,32002000,3447.7,2820.9,3839.9,2896.0,3145.9,2,2,3145.7,67,3,3145.6,5,1,3145.5,24,1,3145.4,24,2,3146.0,697,2,3146.5,449,3,3146.6,21,1,3146.8,119,4,3146.9,892,2
2031,2026-06-16 13:21:16+05:30,3146.0,1,3131.66,2442950,127803.0,199513.0,3163.0,3163.0,3108.0,3134.3,32002000,3447.7,2820.9,3839.9,2896.0,3145.9,3,3,3145.7,51,2,3145.6,16,1,3145.5,7,1,3145.4,14,1,3146.0,656,4,3146.4,38,1,3146.5,482,4,3146.6,38,1,3146.7,47,2
2031,2026-06-16 13:21:17+05:30,3146.0,1,3131.66,2442950,127803.0,199513.0,3163.0,3163.0,3108.0,3134.3,32002000,3447.7,2820.9,3839.9,2896.0,3145.9,3,3,3145.7,51,2,3145.6,16,1,3145.5,7,1,3145.4,14,1,3146.0,656,4,3146.4,38,1,3146.5,482,4,3146.6,38,1,3146.7,47,2
2031,2026-06-16 13:21:17+05:30,3146.0,1,3131.66,2442950,127803.0,199536.0,3163.0,3163.0,3108.0,3134.3,32002000,3447.7,2820.9,3839.9,2896.0,3145.9,3,3,3145.7,51,2,3145.6,16,1,3145.5,7,1,3145.4,14,1,3146.0,699,5,3146.4,38,1,3146.5,482,4,3146.6,96,2,3146.7,47,2
2031,2026-06-16 13:21:17+05:30,3146.0,1,3131.66,2442950,127803.0,199536.0,3163.0,3163.0,3108.0,3134.3,32002000,3447.7,2820.9,3839.9,2896.0,3145.9,3,3,3145.7,51,2,3145.6,16,1,3145.5,7,1,3145.4,14,1,3146.0,699,5,3146.4,38,1,3146.5,482,4,3146.6,96,2,3146.7,47,2
2031,2026-06-16 13:21:18+05:30,3146.0,173,3131.66,2442950,127803.0,199536.0,3163.0,3163.0,3108.0,3134.3,32002000,3447.7,2820.9,3839.9,2896.0,3145.9,3,3,3145.7,51,2,3145.6,16,1,3145.5,7,1,3145.4,14,1,3146.0,699,5,3146.4,38,1,3146.5,482,4,3146.6,96,2,3146.7,47,2
2031,2026-06-16 13:21:18+05:30,3146.0,173,3131.66,2443123,127700.0,199252.0,3163.0,3163.0,3108.0,3134.3,32002000,3447.7,2820.9,3839.9,2896.0,3145.9,3,3,3145.7,51,2,3145.5,7,1,3145.4,14,1,3145.3,13,1,3146.0,526,5,3146.4,38,1,3146.5,484,5,3146.6,38,1,3146.7,45,1
2031,2026-06-16 13:21:19+05:30,3145.9,6,3131.66,2443137,127621.0,199419.0,3163.0,3163.0,3108.0,3134.3,32002000,3447.7,2820.9,3839.9,2896.0,3145.7,51,2,3145.5,7,1,3145.4,14,1,3145.3,13,1,3145.1,19,1,3145.9,814,1,3146.0,532,6,3146.4,38,1,3146.5,542,6,3146.6,59,2
2031,2026-06-16 13:21:20+05:30,3145.9,141,3131.66,2443137,127621.0,199419.0,3163.0,3163.0,3108.0,3134.3,32002000,3447.7,2820.9,3839.9,2896.0,3145.7,51,2,3145.5,7,1,3145.4,14,1,3145.3,13,1,3145.1,19,1,3145.9,814,1,3146.0,532,6,3146.4,38,1,3146.5,542,6,3146.6,59,2
2031,2026-06-16 13:21:20+05:30,3145.7,18,3131.67,2443296,127591.0,199456.0,3163.0,3163.0,3108.0,3134.3,32002000,3447.7,2820.9,3839.9,2896.0,3145.7,33,2,3145.5,7,1,3145.0,21,1,3144.9,17,2,3144.8,64,6,3145.9,673,1,3146.0,532,6,3146.1,40,2,3146.2,28,1,3146.3,56,1
2031,2026-06-16 13:21:20+05:30,3145.7,18,3131.67,2443296,127591.0,199456.0,3163.0,3163.0,3108.0,3134.3,32002000,3447.7,2820.9,3839.9,2896.0,3145.7,33,2,3145.5,7,1,3145.0,21,1,3144.9,17,2,3144.8,64,6,3145.9,673,1,3146.0,532,6,3146.1,40,2,3146.2,28,1,3146.3,56,1
2031,2026-06-16 13:21:21+05:30,3145.7,18,3131.67,2443296,127591.0,199456.0,3163.0,3163.0,3108.0,3134.3,32002000,3447.7,2820.9,3839.9,2896.0,3145.7,33,2,3145.5,7,1,3145.0,21,1,3144.9,17,2,3144.8,64,6,3145.9,673,1,3146.0,532,6,3146.1,40,2,3146.2,28,1,3146.3,56,1
2031,2026-06-16 13:21:21+05:30,3145.7,18,3131.67,2443296,127657.0,199466.0,3163.0,3163.0,3108.0,3134.3,32002000,3447.7,2820.9,3839.9,2896.0,3145.7,50,3,3145.5,7,1,3145.0,21,1,3144.9,17,2,3144.8,64,6,3145.9,673,1,3146.0,532,6,3146.1,38,1,3146.2,30,2,3146.3,56,1
2031,2026-06-16 13:21:22+05:30,3145.9,1,3131.67,2443296,127657.0,199466.0,3163.0,3163.0,3108.0,3134.3,32002000,3447.7,2820.9,3839.9,2896.0,3145.7,50,3,3145.5,7,1,3145.0,21,1,3144.9,17,2,3144.8,64,6,3145.9,673,1,3146.0,532,6,3146.1,38,1,3146.2,30,2,3146.3,56,1
2031,2026-06-16 13:21:22+05:30,3145.9,2,3131.67,2443313,128085.0,198018.0,3163.0,3163.0,3108.0,3134.3,32002000,3447.7,2820.9,3839.9,2896.0,3145.7,61,3,3145.1,24,1,3145.0,25,3,3144.9,90,3,3144.8,94,5,3145.9,656,1,3146.0,532,6,3146.4,2,1,3146.5,552,5,3146.6,59,2
2031,2026-06-16 13:21:22+05:30,3145.9,2,3131.67,2443313,128085.0,198018.0,3163.0,3163.0,3108.0,3134.3,32002000,3447.7,2820.9,3839.9,2896.0,3145.7,61,3,3145.1,24,1,3145.0,25,3,3144.9,90,3,3144.8,94,5,3145.9,656,1,3146.0,532,6,3146.4,2,1,3146.5,552,5,3146.6,59,2
2031,2026-06-16 13:21:23+05:30,3145.9,1,3131.67,2443313,128085.0,198018.0,3163.0,3163.0,3108.0,3134.3,32002000,3447.7,2820.9,3839.9,2896.0,3145.7,61,3,3145.1,24,1,3145.0,25,3,3144.9,90,3,3144.8,94,5,3145.9,656,1,3146.0,532,6,3146.4,2,1,3146.5,552,5,3146.6,59,2
2031,2026-06-16 13:21:23+05:30,3145.9,32,3131.67,2443346,128018.0,198040.0,3163.0,3163.0,3108.0,3134.3,32002000,3447.7,2820.9,3839.9,2896.0,3145.7,61,3,3145.1,24,1,3145.0,83,4,3144.9,114,4,3144.8,94,5,3145.9,648,2,3146.0,532,6,3146.5,554,6,3146.6,59,2,3146.7,141,3
2031,2026-06-16 13:21:24+05:30,3145.9,32,3131.67,2443346,128018.0,198040.0,3163.0,3163.0,3108.0,3134.3,32002000,3447.7,2820.9,3839.9,2896.0,3145.7,61,3,3145.1,24,1,3145.0,83,4,3144.9,114,4,3144.8,94,5,3145.9,648,2,3146.0,532,6,3146.5,554,6,3146.6,59,2,3146.7,141,3
2031,2026-06-16 13:21:24+05:30,3145.9,32,3131.67,2443346,128018.0,198040.0,3163.0,3163.0,3108.0,3134.3,32002000,3447.7,2820.9,3839.9,2896.0,3145.7,61,3,3145.1,24,1,3145.0,83,4,3144.9,114,4,3144.8,94,5,3145.9,648,2,3146.0,532,6,3146.5,554,6,3146.6,59,2,3146.7,141,3
2031,2026-06-16 13:21:24+05:30,3145.7,28,3131.67,2443392,127829.0,198127.0,3163.0,3163.0,3108.0,3134.3,32002000,3447.7,2820.9,3839.9,2896.0,3145.7,33,3,3145.1,40,1,3145.0,246,4,3144.9,100,3,3144.8,118,6,3145.9,648,2,3146.0,532,6,3146.4,2,1,3146.5,507,4,3146.6,21,1
2031,2026-06-16 13:21:25+05:30,3145.7,28,3131.67,2443392,127829.0,198127.0,3163.0,3163.0,3108.0,3134.3,32002000,3447.7,2820.9,3839.9,2896.0,3145.7,33,3,3145.1,40,1,3145.0,246,4,3144.9,100,3,3144.8,118,6,3145.9,648,2,3146.0,532,6,3146.4,2,1,3146.5,507,4,3146.6,21,1
2031,2026-06-16 13:21:25+05:30,3145.7,28,3131.67,2443392,127829.0,198127.0,3163.0,3163.0,3108.0,3134.3,32002000,3447.7,2820.9,3839.9,2896.0,3145.7,33,3,3145.1,40,1,3145.0,246,4,3144.9,100,3,3144.8,118,6,3145.9,648,2,3146.0,532,6,3146.4,2,1,3146.5,507,4,3146.6,21,1
2031,2026-06-16 13:21:25+05:30,3145.7,2,3131.67,2443543,127760.0,197915.0,3163.0,3163.0,3108.0,3134.3,32002000,3447.7,2820.9,3839.9,2896.0,3145.7,31,3,3145.2,187,1,3145.1,63,2,3145.0,61,2,3144.9,124,4,3145.9,499,2,3146.0,532,6,3146.4,2,1,3146.5,449,3,3146.6,21,1
2031,2026-06-16 13:21:26+05:30,3145.7,2,3131.67,2443543,127760.0,197915.0,3163.0,3163.0,3108.0,3134.3,32002000,3447.7,2820.9,3839.9,2896.0,3145.7,31,3,3145.2,187,1,3145.1,63,2,3145.0,61,2,3144.9,124,4,3145.9,499,2,3146.0,532,6,3146.4,2,1,3146.5,449,3,3146.6,21,1
2031,2026-06-16 13:21:26+05:30,3145.7,2,3131.67,2443543,127760.0,197915.0,3163.0,3163.0,3108.0,3134.3,32002000,3447.7,2820.9,3839.9,2896.0,3145.7,31,3,3145.2,187,1,3145.1,63,2,3145.0,61,2,3144.9,124,4,3145.9,499,2,3146.0,532,6,3146.4,2,1,3146.5,449,3,3146.6,21,1
2031,2026-06-16 13:21:26+05:30,3145.7,2,3131.67,2443543,127750.0,197851.0,3163.0,3163.0,3108.0,3134.3,32002000,3447.7,2820.9,3839.9,2896.0,3145.7,31,3,3145.1,63,2,3145.0,187,3,3144.9,100,3,3144.8,93,4,3145.9,499,2,3146.0,532,6,3146.2,2,1,3146.3,33,1,3146.5,532,5
2031,2026-06-16 13:21:27+05:30,3145.9,1,3131.67,2443543,127750.0,197851.0,3163.0,3163.0,3108.0,3134.3,32002000,3447.7,2820.9,3839.9,2896.0,3145.7,31,3,3145.1,63,2,3145.0,187,3,3144.9,100,3,3144.8,93,4,3145.9,499,2,3146.0,532,6,3146.2,2,1,3146.3,33,1,3146.5,532,5
2031,2026-06-16 13:21:27+05:30,3145.9,1,3131.67,2443543,127750.0,197851.0,3163.0,3163.0,3108.0,3134.3,32002000,3447.7,2820.9,3839.9,2896.0,3145.7,31,3,3145.1,63,2,3145.0,187,3,3144.9,100,3,3144.8,93,4,3145.9,499,2,3146.0,532,6,3146.2,2,1,3146.3,33,1,3146.5,532,5
2031,2026-06-16 13:21:27+05:30,3145.9,400,3131.67,2443944,127531.0,197658.0,3163.0,3163.0,3108.0,3134.3,32002000,3447.7,2820.9,3839.9,2896.0,3145.7,31,3,3145.1,7,2,3145.0,3,1,3144.9,63,1,3144.8,85,4,3145.9,98,2,3146.0,549,7,3146.3,119,3,3146.4,2,1,3146.5,494,4
2031,2026-06-16 13:21:28+05:30,3145.9,400,3131.67,2443944,127531.0,197658.0,3163.0,3163.0,3108.0,3134.3,32002000,3447.7,2820.9,3839.9,2896.0,3145.7,31,3,3145.1,7,2,3145.0,3,1,3144.9,63,1,3144.8,85,4,3145.9,98,2,3146.0,549,7,3146.3,119,3,3146.4,2,1,3146.5,494,4
2031,2026-06-16 13:21:28+05:30,3145.9,400,3131.67,2443944,127531.0,197658.0,3163.0,3163.0,3108.0,3134.3,32002000,3447.7,2820.9,3839.9,2896.0,3145.7,31,3,3145.1,7,2,3145.0,3,1,3144.9,63,1,3144.8,85,4,3145.9,98,2,3146.0,549,7,3146.3,119,3,3146.4,2,1,3146.5,494,4
2031,2026-06-16 13:21:28+05:30,3145.9,400,3131.67,2443944,127590.0,197917.0,3163.0,3163.0,3108.0,3134.3,32002000,3447.7,2820.9,3839.9,2896.0,3145.7,31,3,3145.1,2,1,3145.0,3,1,3144.9,73,2,3144.8,85,4,3145.9,98,2,3146.0,587,8,3146.2,38,1,3146.3,81,2,3146.4,2,1
2031,2026-06-16 13:21:28+05:30,3145.9,400,3131.67,2443944,127590.0,197917.0,3163.0,3163.0,3108.0,3134.3,32002000,3447.7,2820.9,3839.9,2896.0,3145.7,31,3,3145.1,2,1,3145.0,3,1,3144.9,73,2,3144.8,85,4,3145.9,98,2,3146.0,587,8,3146.2,38,1,3146.3,81,2,3146.4,2,1
2031,2026-06-16 13:21:29+05:30,3145.9,1,3131.67,2443945,127640.0,197888.0,3163.0,3163.0,3108.0,3134.3,32002000,3447.7,2820.9,3839.9,2896.0,3145.7,33,4,3145.1,3,2,3145.0,4,2,3144.9,73,2,3144.8,85,4,3145.9,97,2,3146.0,570,7,3146.1,22,1,3146.2,38,1,3146.3,33,1
2031,2026-06-16 13:21:29+05:30,3145.9,1,3131.67,2443945,127640.0,197888.0,3163.0,3163.0,3108.0,3134.3,32002000,3447.7,2820.9,3839.9,2896.0,3145.7,33,4,3145.1,3,2,3145.0,4,2,3144.9,73,2,3144.8,85,4,3145.9,97,2,3146.0,570,7,3146.1,22,1,3146.2,38,1,3146.3,33,1
2031,2026-06-16 13:21:30+05:30,3145.9,1,3131.67,2443945,127640.0,197888.0,3163.0,3163.0,3108.0,3134.3,32002000,3447.7,2820.9,3839.9,2896.0,3145.7,33,4,3145.1,3,2,3145.0,4,2,3144.9,73,2,3144.8,85,4,3145.9,97,2,3146.0,570,7,3146.1,22,1,3146.2,38,1,3146.3,33,1
2031,2026-06-16 13:21:30+05:30,3145.9,1,3131.67,2443945,127640.0,197888.0,3163.0,3163.0,3108.0,3134.3,32002000,3447.7,2820.9,3839.9,2896.0,3145.7,33,4,3145.1,3,2,3145.0,4,2,3144.9,73,2,3144.8,85,4,3145.9,97,2,3146.0,570,7,3146.1,22,1,3146.2,38,1,3146.3,33,1
2031,2026-06-16 13:21:30+05:30,3145.9,1,3131.67,2443945,127913.0,197999.0,3163.0,3163.0,3108.0,3134.3,32002000,3447.7,2820.9,3839.9,2896.0,3145.8,2,2,3145.7,39,6,3145.1,3,2,3145.0,4,2,3144.9,97,3,3145.9,97,2,3146.0,532,6,3146.4,2,1,3146.5,575,6,3146.6,62,3
2031,2026-06-16 13:21:31+05:30,3145.9,1,3131.67,2443945,127913.0,197999.0,3163.0,3163.0,3108.0,3134.3,32002000,3447.7,2820.9,3839.9,2896.0,3145.8,2,2,3145.7,39,6,3145.1,3,2,3145.0,4,2,3144.9,97,3,3145.9,97,2,3146.0,532,6,3146.4,2,1,3146.5,575,6,3146.6,62,3
2031,2026-06-16 13:21:31+05:30,3145.9,1,3131.67,2444089,127435.0,197852.0,3163.0,3163.0,3108.0,3134.3,32002000,3447.7,2820.9,3839.9,2896.0,3145.9,17,1,3145.7,8,3,3145.1,3,2,3145.0,3,1,3144.9,10,1,3146.0,532,6,3146.2,28,1,3146.4,2,1,3146.5,494,4,3146.6,91,3
2031,2026-06-16 13:21:32+05:30,3145.9,1,3131.67,2444089,127435.0,197852.0,3163.0,3163.0,3108.0,3134.3,32002000,3447.7,2820.9,3839.9,2896.0,3145.9,17,1,3145.7,8,3,3145.1,3,2,3145.0,3,1,3144.9,10,1,3146.0,532,6,3146.2,28,1,3146.4,2,1,3146.5,494,4,3146.6,91,3
2031,2026-06-16 13:21:32+05:30,3145.9,1,3131.67,2444089,127435.0,197852.0,3163.0,3163.0,3108.0,3134.3,32002000,3447.7,2820.9,3839.9,2896.0,3145.9,17,1,3145.7,8,3,3145.1,3,2,3145.0,3,1,3144.9,10,1,3146.0,532,6,3146.2,28,1,3146.4,2,1,3146.5,494,4,3146.6,91,3
2031,2026-06-16 13:21:32+05:30,3146.0,1,3131.67,2444090,127393.0,198321.0,3163.0,3163.0,3108.0,3134.3,32002000,3447.7,2820.9,3839.9,2896.0,3145.7,23,4,3145.1,3,2,3145.0,9,2,3144.9,10,1,3144.8,110,4,3146.0,531,6,3146.3,73,3,3146.4,54,1,3146.5,494,4,3146.6,41,2
2031,2026-06-16 13:21:33+05:30,3146.0,1,3131.67,2444090,127393.0,198321.0,3163.0,3163.0,3108.0,3134.3,32002000,3447.7,2820.9,3839.9,2896.0,3145.7,23,4,3145.1,3,2,3145.0,9,2,3144.9,10,1,3144.8,110,4,3146.0,531,6,3146.3,73,3,3146.4,54,1,3146.5,494,4,3146.6,41,2
2031,2026-06-16 13:21:33+05:30,3146.0,1,3131.67,2444090,127393.0,198321.0,3163.0,3163.0,3108.0,3134.3,32002000,3447.7,2820.9,3839.9,2896.0,3145.7,23,4,3145.1,3,2,3145.0,9,2,3144.9,10,1,3144.8,110,4,3146.0,531,6,3146.3,73,3,3146.4,54,1,3146.5,494,4,3146.6,41,2
2031,2026-06-16 13:21:33+05:30,3146.0,1,3131.67,2444090,127389.0,198366.0,3163.0,3163.0,3108.0,3134.3,32002000,3447.7,2820.9,3839.9,2896.0,3145.7,23,4,3145.1,3,2,3145.0,9,2,3144.9,10,1,3144.8,74,3,3146.0,531,6,3146.3,73,3,3146.4,54,1,3146.5,494,4,3146.6,63,3
2031,2026-06-16 13:21:34+05:30,3146.0,1,3131.67,2444090,127389.0,198366.0,3163.0,3163.0,3108.0,3134.3,32002600,3447.7,2820.9,3839.9,2896.0,3145.7,23,4,3145.1,3,2,3145.0,9,2,3144.9,10,1,3144.8,74,3,3146.0,531,6,3146.3,73,3,3146.4,54,1,3146.5,494,4,3146.6,63,3
2031,2026-06-16 13:21:34+05:30,3146.0,1,3131.67,2444092,127316.0,198460.0,3163.0,3163.0,3108.0,3134.3,32002600,3447.7,2820.9,3839.9,2896.0,3145.7,23,4,3145.1,3,2,3145.0,9,2,3144.9,10,1,3144.8,25,2,3146.0,579,7,3146.3,73,3,3146.4,54,1,3146.5,494,4,3146.6,63,3
2031,2026-06-16 13:21:35+05:30,3146.0,1,3131.67,2444092,127316.0,198460.0,3163.0,3163.0,3108.0,3134.3,32002600,3447.7,2820.9,3839.9,2896.0,3145.7,23,4,3145.1,3,2,3145.0,9,2,3144.9,10,1,3144.8,25,2,3146.0,579,7,3146.3,73,3,3146.4,54,1,3146.5,494,4,3146.6,63,3
2031,2026-06-16 13:21:36+05:30,3146.0,1,3131.67,2444092,127316.0,198460.0,3163.0,3163.0,3108.0,3134.3,32002600,3447.7,2820.9,3839.9,2896.0,3145.7,23,4,3145.1,3,2,3145.0,9,2,3144.9,10,1,3144.8,25,2,3146.0,579,7,3146.3,73,3,3146.4,54,1,3146.5,494,4,3146.6,63,3
2031,2026-06-16 13:21:36+05:30,3146.0,1,3131.67,2444093,127285.0,198362.0,3163.0,3163.0,3108.0,3134.3,32002600,3447.7,2820.9,3839.9,2896.0,3145.9,17,1,3145.7,8,3,3145.1,3,2,3145.0,3,1,3144.9,16,2,3146.0,603,8,3146.1,22,1,3146.2,87,2,3146.3,33,1,3146.4,54,1
2031,2026-06-16 13:21:37+05:30,3146.0,142,3131.67,2444093,127285.0,198362.0,3163.0,3163.0,3108.0,3134.3,32002600,3447.7,2820.9,3839.9,2896.0,3145.9,17,1,3145.7,8,3,3145.1,3,2,3145.0,3,1,3144.9,16,2,3146.0,603,8,3146.1,22,1,3146.2,87,2,3146.3,33,1,3146.4,54,1
2031,2026-06-16 13:21:37+05:30,3146.0,142,3131.67,2444350,127325.0,196103.0,3163.0,3163.0,3108.0,3134.3,32002600,3447.7,2820.9,3839.9,2896.0,3145.9,1,1,3145.7,27,5,3145.1,3,2,3145.0,3,1,3144.9,68,2,3146.0,346,7,3146.3,33,1,3146.4,56,2,3146.5,516,5,3146.6,118,4
2031,2026-06-16 13:21:38+05:30,3146.0,1,3131.67,2444350,127325.0,196103.0,3163.0,3163.0,3108.0,3134.3,32002600,3447.7,2820.9,3839.9,2896.0,3145.9,1,1,3145.7,27,5,3145.1,3,2,3145.0,3,1,3144.9,68,2,3146.0,346,7,3146.3,33,1,3146.4,56,2,3146.5,516,5,3146.6,118,4
2031,2026-06-16 13:21:38+05:30,3146.0,1,3131.67,2444351,127305.0,198120.0,3163.0,3163.0,3108.0,3134.3,32002600,3447.7,2820.9,3839.9,2896.0,3145.9,1,1,3145.7,27,5,3145.1,3,2,3145.0,3,1,3144.9,92,3,3146.0,345,7,3146.3,33,1,3146.4,54,1,3146.5,496,5,3146.6,80,3
2031,2026-06-16 13:21:39+05:30,3146.0,1,3131.67,2444351,127747.0,198136.0,3163.0,3163.0,3108.0,3134.3,32002600,3447.7,2820.9,3839.9,2896.0,3145.9,45,3,3145.7,22,4,3145.4,37,2,3145.2,99,3,3145.1,27,3,3146.0,350,8,3146.4,54,1,3146.5,449,3,3146.8,21,1,3146.9,2,1
2031,2026-06-16 13:21:40+05:30,3145.8,2,3131.67,2444351,127747.0,198136.0,3163.0,3163.0,3108.0,3134.3,32002600,3447.7,2820.9,3839.9,2896.0,3145.9,45,3,3145.7,22,4,3145.4,37,2,3145.2,99,3,3145.1,27,3,3146.0,350,8,3146.4,54,1,3146.5,449,3,3146.8,21,1,3146.9,2,1
2031,2026-06-16 13:21:40+05:30,3145.8,2,3131.67,2444447,127445.0,198476.0,3163.0,3163.0,3108.0,3134.3,32002600,3447.7,2820.9,3839.9,2896.0,3145.9,3,1,3145.7,20,4,3145.2,17,1,3145.1,27,3,3145.0,20,2,3146.0,350,8,3146.4,94,3,3146.5,482,4,3146.6,43,2,3146.7,44,1
2031,2026-06-16 13:21:41+05:30,3146.0,7,3131.67,2444447,127445.0,198476.0,3163.0,3163.0,3108.0,3134.3,32002600,3447.7,2820.9,3839.9,2896.0,3145.9,3,1,3145.7,20,4,3145.2,17,1,3145.1,27,3,3145.0,20,2,3146.0,350,8,3146.4,94,3,3146.5,482,4,3146.6,43,2,3146.7,44,1
2031,2026-06-16 13:21:41+05:30,3146.0,7,3131.67,2444454,127753.0,198532.0,3163.0,3163.0,3108.0,3134.3,32002600,3447.7,2820.9,3839.9,2896.0,3145.9,3,1,3145.7,19,3,3145.2,17,1,3145.1,27,3,3145.0,20,2,3146.0,377,9,3146.4,94,3,3146.5,482,4,3146.6,101,3,3146.7,44,1
2031,2026-06-16 13:21:42+05:30,3145.9,3,3131.67,2444454,127753.0,198532.0,3163.0,3163.0,3108.0,3134.3,32002600,3447.7,2820.9,3839.9,2896.0,3145.9,3,1,3145.7,19,3,3145.2,17,1,3145.1,27,3,3145.0,20,2,3146.0,377,9,3146.4,94,3,3146.5,482,4,3146.6,101,3,3146.7,44,1
2031,2026-06-16 13:21:42+05:30,3145.9,3,3131.67,2444460,127524.0,196390.0,3163.0,3163.0,3108.0,3134.3,32002600,3447.7,2820.9,3839.9,2896.0,3145.9,17,2,3145.7,6,2,3145.2,40,2,3145.1,3,2,3145.0,43,3,3146.0,377,9,3146.4,54,1,3146.5,451,4,3146.6,58,1,3146.7,82,2
2031,2026-06-16 13:21:43+05:30,3146.0,1,3131.67,2444460,127524.0,196390.0,3163.0,3163.0,3108.0,3134.3,32002600,3447.7,2820.9,3839.9,2896.0,3145.9,17,2,3145.7,6,2,3145.2,40,2,3145.1,3,2,3145.0,43,3,3146.0,377,9,3146.4,54,1,3146.5,451,4,3146.6,58,1,3146.7,82,2
2031,2026-06-16 13:21:43+05:30,3146.0,1,3131.67,2444492,127693.0,197949.0,3163.0,3163.0,3108.0,3134.3,32002600,3447.7,2820.9,3839.9,2896.0,3145.9,7,2,3145.7,6,2,3145.2,53,3,3145.1,3,2,3145.0,43,3,3146.0,375,9,3146.4,54,1,3146.5,449,3,3146.6,60,2,3146.7,44,1
2031,2026-06-16 13:21:44+05:30,3146.0,4,3131.67,2444492,127693.0,197949.0,3163.0,3163.0,3108.0,3134.3,32002600,3447.7,2820.9,3839.9,2896.0,3145.9,7,2,3145.7,6,2,3145.2,53,3,3145.1,3,2,3145.0,43,3,3146.0,375,9,3146.4,54,1,3146.5,449,3,3146.6,60,2,3146.7,44,1
2031,2026-06-16 13:21:44+05:30,3146.0,4,3131.67,2444656,127607.0,198450.0,3163.0,3163.0,3108.0,3134.3,32002600,3447.7,2820.9,3839.9,2896.0,3145.9,4,2,3145.7,6,2,3145.2,40,2,3145.1,3,2,3145.0,43,3,3146.0,215,8,3146.1,11,1,3146.2,43,1,3146.3,634,5,3146.4,254,2
2031,2026-06-16 13:21:45+05:30,3145.3,10,3131.67,2444656,127607.0,198450.0,3163.0,3163.0,3108.0,3134.3,32002600,3447.7,2820.9,3839.9,2896.0,3145.9,4,2,3145.7,6,2,3145.2,40,2,3145.1,3,2,3145.0,43,3,3146.0,215,8,3146.1,11,1,3146.2,43,1,3146.3,634,5,3146.4,254,2
2031,2026-06-16 13:21:45+05:30,3145.3,2,3131.67,2444877,126936.0,197884.0,3163.0,3163.0,3108.0,3134.3,32002600,3447.7,2820.9,3839.9,2896.0,3145.2,17,1,3145.1,38,3,3145.0,46,3,3144.9,10,1,3144.8,24,2,3145.8,185,1,3145.9,55,1,3146.0,215,8,3146.2,50,1,3146.4,77,3
2031,2026-06-16 13:21:46+05:30,3145.5,1,3131.67,2444877,126936.0,197884.0,3163.0,3163.0,3108.0,3134.3,32002600,3447.7,2820.9,3839.9,2896.0,3145.2,17,1,3145.1,38,3,3145.0,46,3,3144.9,10,1,3144.8,24,2,3145.8,185,1,3145.9,55,1,3146.0,215,8,3146.2,50,1,3146.4,77,3
2031,2026-06-16 13:21:46+05:30,3145.5,1,3131.67,2444879,127096.0,198082.0,3163.0,3163.0,3108.0,3134.3,32002600,3447.7,2820.9,3839.9,2896.0,3145.5,2,2,3145.3,27,2,3145.2,31,2,3145.1,39,4,3145.0,93,4,3145.8,210,2,3146.0,191,8,3146.5,449,3,3146.6,23,2,3146.7,44,1
2031,2026-06-16 13:21:47+05:30,3145.2,14,3131.67,2444879,127096.0,198082.0,3163.0,3163.0,3108.0,3134.3,32002600,3447.7,2820.9,3839.9,2896.0,3145.5,2,2,3145.3,27,2,3145.2,31,2,3145.1,39,4,3145.0,93,4,3145.8,210,2,3146.0,191,8,3146.5,449,3,3146.6,23,2,3146.7,44,1
2031,2026-06-16 13:21:47+05:30,3145.2,14,3131.68,2444925,126886.0,198968.0,3163.0,3163.0,3108.0,3134.3,32002600,3447.7,2820.9,3839.9,2896.0,3145.3,2,1,3145.2,3,1,3145.1,2,2,3145.0,77,3,3144.9,54,3,3145.8,226,3,3146.0,191,8,3146.4,61,3,3146.5,498,4,3146.6,79,2
2031,2026-06-16 13:21:48+05:30,3148.1,1,3131.68,2444925,126886.0,198968.0,3163.0,3163.0,3108.0,3134.3,32002600,3447.7,2820.9,3839.9,2896.0,3145.3,2,1,3145.2,3,1,3145.1,2,2,3145.0,77,3,3144.9,54,3,3145.8,226,3,3146.0,191,8,3146.4,61,3,3146.5,498,4,3146.6,79,2
2031,2026-06-16 13:21:48+05:30,3146.4,3,3131.75,2457209,129707.0,190651.0,3163.0,3163.0,3108.0,3134.3,32002600,3447.7,2820.9,3839.9,2896.0,3146.2,43,2,3146.1,70,4,3146.0,8,2,3145.9,27,2,3145.8,46,2,3147.2,425,4,3147.5,49,1,3147.6,45,1,3147.7,5,1,3147.9,64,1
2031,2026-06-16 13:21:49+05:30,3147.2,1,3131.75,2457209,129707.0,190651.0,3163.0,3163.0,3108.0,3134.3,32002600,3447.7,2820.9,3839.9,2896.0,3146.2,43,2,3146.1,70,4,3146.0,8,2,3145.9,27,2,3145.8,46,2,3147.2,425,4,3147.5,49,1,3147.6,45,1,3147.7,5,1,3147.9,64,1
2031,2026-06-16 13:21:49+05:30,3147.2,1,3131.75,2457210,129707.0,192439.0,3163.0,3163.0,3108.0,3134.3,32002600,3447.7,2820.9,3839.9,2896.0,3146.7,240,1,3146.2,78,2,3146.1,22,1,3146.0,3,1,3145.9,53,3,3147.2,432,5,3147.5,20,4,3147.6,1,1,3147.7,3,2,3147.8,65,2
2031,2026-06-16 13:21:50+05:30,3148.3,48,3131.76,2458176,130908.0,191544.0,3163.0,3163.0,3108.0,3134.3,32002600,3447.7,2820.9,3839.9,2896.0,3147.0,9,2,3146.9,22,1,3146.8,100,6,3146.7,270,3,3146.6,30,1,3148.1,57,2,3148.2,63,2,3148.3,28,2,3148.6,134,5,3148.8,95,3
2031,2026-06-16 13:21:51+05:30,3148.1,6,3131.76,2458176,130908.0,191544.0,3163.0,3163.0,3108.0,3134.3,32002600,3447.7,2820.9,3839.9,2896.0,3147.0,9,2,3146.9,22,1,3146.8,100,6,3146.7,270,3,3146.6,30,1,3148.1,57,2,3148.2,63,2,3148.3,28,2,3148.6,134,5,3148.8,95,3
2031,2026-06-16 13:21:51+05:30,3148.2,1,3131.76,2458420,132036.0,191370.0,3163.0,3163.0,3108.0,3134.3,32002600,3447.7,2820.9,3839.9,2896.0,3147.5,237,1,3147.0,16,3,3146.9,22,1,3146.8,110,6,3146.7,504,6,3148.2,10,1,3148.3,14,1,3148.6,17,1,3148.7,49,1,3148.8,138,4
2031,2026-06-16 13:21:52+05:30,3148.2,10,3131.76,2458420,132036.0,191370.0,3163.0,3163.0,3108.0,3134.3,32002600,3447.7,2820.9,3839.9,2896.0,3147.5,237,1,3147.0,16,3,3146.9,22,1,3146.8,110,6,3146.7,504,6,3148.2,10,1,3148.3,14,1,3148.6,17,1,3148.7,49,1,3148.8,138,4
2031,2026-06-16 13:21:52+05:30,3148.2,10,3131.76,2458430,131887.0,191261.0,3163.0,3163.0,3108.0,3134.3,32002600,3447.7,2820.9,3839.9,2896.0,3148.2,1,1,3147.7,2,1,3147.6,23,1,3147.5,237,1,3147.1,86,3,3148.6,60,2,3148.8,75,2,3148.9,78,2,3149.0,44,1,3149.1,103,3
2031,2026-06-16 13:21:53+05:30,3148.2,25,3131.76,2458430,131887.0,191261.0,3163.0,3163.0,3108.0,3134.3,32002600,3447.7,2820.9,3839.9,2896.0,3148.2,1,1,3147.7,2,1,3147.6,23,1,3147.5,237,1,3147.1,86,3,3148.6,60,2,3148.8,75,2,3148.9,78,2,3149.0,44,1,3149.1,103,3
2031,2026-06-16 13:21:53+05:30,3147.5,1,3131.77,2458918,128791.0,193438.0,3163.0,3163.0,3108.0,3134.3,32002600,3447.7,2820.9,3839.9,2896.0,3146.6,28,2,3146.5,83,4,3146.4,16,1,3146.3,45,3,3146.2,92,4,3147.5,199,1,3148.0,28,2,3148.2,275,4,3148.3,49,1,3148.4,107,4
2031,2026-06-16 13:21:54+05:30,3147.5,1,3131.77,2458918,128791.0,193438.0,3163.0,3163.0,3108.0,3134.3,32002600,3447.7,2820.9,3839.9,2896.0,3146.6,28,2,3146.5,83,4,3146.4,16,1,3146.3,45,3,3146.2,92,4,3147.5,199,1,3148.0,28,2,3148.2,275,4,3148.3,49,1,3148.4,107,4
2031,2026-06-16 13:21:54+05:30,3147.5,2,3131.77,2458920,129124.0,193091.0,3163.0,3163.0,3108.0,3134.3,32002600,3447.7,2820.9,3839.9,2896.0,3146.6,33,3,3146.5,97,5,3146.4,18,2,3146.3,117,4,3146.2,92,4,3147.5,197,1,3148.0,38,2,3148.2,333,5,3148.3,49,1,3148.4,97,3
2031,2026-06-16 13:21:55+05:30,3147.5,1,3131.77,2458920,129124.0,193091.0,3163.0,3163.0,3108.0,3134.3,32002600,3447.7,2820.9,3839.9,2896.0,3146.6,33,3,3146.5,97,5,3146.4,18,2,3146.3,117,4,3146.2,92,4,3147.5,197,1,3148.0,38,2,3148.2,333,5,3148.3,49,1,3148.4,97,3
2031,2026-06-16 13:21:55+05:30,3147.5,1,3131.77,2458969,129434.0,192134.0,3163.0,3163.0,3108.0,3134.3,32002600,3447.7,2820.9,3839.9,2896.0,3146.7,35,4,3146.6,63,4,3146.5,139,6,3146.4,137,5,3146.3,144,5,3147.5,148,1,3148.0,21,1,3148.2,295,4,3148.4,97,3,3148.5,89,2
2031,2026-06-16 13:21:56+05:30,3147.5,1,3131.77,2458969,129434.0,192134.0,3163.0,3163.0,3108.0,3134.3,32002600,3447.7,2820.9,3839.9,2896.0,3146.7,35,4,3146.6,63,4,3146.5,139,6,3146.4,137,5,3146.3,144,5,3147.5,148,1,3148.0,21,1,3148.2,295,4,3148.4,97,3,3148.5,89,2
2031,2026-06-16 13:21:56+05:30,3147.5,1,3131.77,2458969,129266.0,193102.0,3163.0,3163.0,3108.0,3134.3,32002600,3447.7,2820.9,3839.9,2896.0,3147.1,2,1,3146.8,23,2,3146.7,44,4,3146.6,100,4,3146.5,127,5,3147.5,149,2,3148.2,237,3,3148.4,97,3,3148.5,38,1,3148.6,73,2
2031,2026-06-16 13:21:57+05:30,3147.1,2,3131.77,2458969,129266.0,193102.0,3163.0,3163.0,3108.0,3134.3,32002600,3447.7,2820.9,3839.9,2896.0,3147.1,2,1,3146.8,23,2,3146.7,44,4,3146.6,100,4,3146.5,127,5,3147.5,149,2,3148.2,237,3,3148.4,97,3,3148.5,38,1,3148.6,73,2
2031,2026-06-16 13:21:57+05:30,3147.1,42,3131.77,2459013,129165.0,193462.0,3163.0,3163.0,3108.0,3134.3,32002600,3447.7,2820.9,3839.9,2896.0,3146.8,3,1,3146.7,16,1,3146.6,53,3,3146.5,98,3,3146.4,30,2,3147.1,156,1,3147.5,149,2,3147.8,49,2,3148.0,20,1,3148.1,119,2
2031,2026-06-16 13:21:58+05:30,3147.0,102,3131.77,2459013,129165.0,193462.0,3163.0,3163.0,3108.0,3134.3,32002600,3447.7,2820.9,3839.9,2896.0,3146.8,3,1,3146.7,16,1,3146.6,53,3,3146.5,98,3,3146.4,30,2,3147.1,156,1,3147.5,149,2,3147.8,49,2,3148.0,20,1,3148.1,119,2
2031,2026-06-16 13:21:58+05:30,3147.5,49,3131.77,2459219,129520.0,193114.0,3163.0,3163.0,3108.0,3134.3,32002600,3447.7,2820.9,3839.9,2896.0,3147.0,15,1,3146.6,43,2,3146.5,103,4,3146.4,19,3,3146.3,94,3,3147.5,99,1,3148.2,288,4,3148.3,65,2,3148.4,97,3,3148.5,38,1
2031,2026-06-16 13:21:59+05:30,3147.5,1,3131.77,2459219,129520.0,193114.0,3163.0,3163.0,3108.0,3134.3,32002600,3447.7,2820.9,3839.9,2896.0,3147.0,15,1,3146.6,43,2,3146.5,103,4,3146.4,19,3,3146.3,94,3,3147.5,99,1,3148.2,288,4,3148.3,65,2,3148.4,97,3,3148.5,38,1
2031,2026-06-16 13:21:59+05:30,3147.5,1,3131.77,2459220,129576.0,193325.0,3163.0,3163.0,3108.0,3134.3,32002600,3447.7,2820.9,3839.9,2896.0,3147.0,15,1,3146.6,83,3,3146.5,103,4,3146.4,42,4,3146.3,97,4,3147.5,98,1,3148.2,288,4,3148.3,65,2,3148.4,97,3,3148.5,38,1
2031,2026-06-16 13:22:00+05:30,3147.5,26,3131.77,2459220,129576.0,193325.0,3163.0,3163.0,3108.0,3134.3,32002600,3447.7,2820.9,3839.9,2896.0,3147.0,15,1,3146.6,83,3,3146.5,103,4,3146.4,42,4,3146.3,97,4,3147.5,98,1,3148.2,288,4,3148.3,65,2,3148.4,97,3,3148.5,38,1
2031,2026-06-16 13:22:00+05:30,3147.5,26,3131.77,2459246,129677.0,192647.0,3163.0,3163.0,3108.0,3134.3,32002600,3447.7,2820.9,3839.9,2896.0,3147.0,26,4,3146.9,36,2,3146.8,14,3,3146.7,199,6,3146.6,110,7,3147.5,98,3,3148.2,220,2,3148.4,39,2,3148.5,38,1,3148.6,108,2
2031,2026-06-16 13:22:01+05:30,3147.5,26,3131.77,2459246,130535.0,192864.0,3163.0,3163.0,3108.0,3134.3,32002600,3447.7,2820.9,3839.9,2896.0,3147.3,2,2,3147.1,31,2,3147.0,49,5,3146.9,36,2,3146.8,14,3,3147.5,98,3,3148.2,200,1,3148.4,39,2,3148.6,108,2,3148.7,187,3
2031,2026-06-16 13:22:02+05:30,3147.5,1,3131.77,2459246,130535.0,192864.0,3163.0,3163.0,3108.0,3134.3,32002600,3447.7,2820.9,3839.9,2896.0,3147.3,2,2,3147.1,31,2,3147.0,49,5,3146.9,36,2,3146.8,14,3,3147.5,98,3,3148.2,200,1,3148.4,39,2,3148.6,108,2,3148.7,187,3
2031,2026-06-16 13:22:02+05:30,3147.3,13,3131.77,2459262,130423.0,192868.0,3163.0,3163.0,3108.0,3134.3,32002600,3447.7,2820.9,3839.9,2896.0,3147.3,3,3,3147.2,6,1,3147.1,31,2,3147.0,49,5,3146.9,36,2,3147.5,97,3,3148.2,200,1,3148.4,39,2,3148.6,108,2,3148.7,187,3
2031,2026-06-16 13:22:03+05:30,3147.3,13,3131.77,2459262,130423.0,192868.0,3163.0,3163.0,3108.0,3134.3,32002600,3447.7,2820.9,3839.9,2896.0,3147.3,3,3,3147.2,6,1,3147.1,31,2,3147.0,49,5,3146.9,36,2,3147.5,97,3,3148.2,200,1,3148.4,39,2,3148.6,108,2,3148.7,187,3
2031,2026-06-16 13:22:03+05:30,3147.3,13,3131.77,2459262,130390.0,193250.0,3163.0,3163.0,3108.0,3134.3,32002600,3447.7,2820.9,3839.9,2896.0,3147.4,17,1,3147.3,2,2,3147.1,23,1,3147.0,21,3,3146.9,36,2,3147.5,97,3,3148.2,200,1,3148.4,39,2,3148.6,108,2,3148.7,187,3
2031,2026-06-16 13:22:04+05:30,3147.4,1,3131.77,2459262,130390.0,193250.0,3163.0,3163.0,3108.0,3134.3,32002600,3447.7,2820.9,3839.9,2896.0,3147.4,17,1,3147.3,2,2,3147.1,23,1,3147.0,21,3,3146.9,36,2,3147.5,97,3,3148.2,200,1,3148.4,39,2,3148.6,108,2,3148.7,187,3
2031,2026-06-16 13:22:04+05:30,3147.4,1,3131.77,2459425,129691.0,193102.0,3163.0,3163.0,3108.0,3134.3,32002600,3447.7,2820.9,3839.9,2896.0,3147.3,2,2,3147.0,22,4,3146.9,24,1,3146.8,12,2,3146.7,103,3,3147.4,37,1,3147.5,143,4,3148.4,101,3,3148.6,108,2,3148.7,187,3
2031,2026-06-16 13:22:05+05:30,3147.5,63,3131.77,2459425,129691.0,193102.0,3163.0,3163.0,3108.0,3134.3,32002600,3447.7,2820.9,3839.9,2896.0,3147.3,2,2,3147.0,22,4,3146.9,24,1,3146.8,12,2,3146.7,103,3,3147.4,37,1,3147.5,143,4,3148.4,101,3,3148.6,108,2,3148.7,187,3
2031,2026-06-16 13:22:05+05:30,3147.5,63,3131.77,2459525,130809.0,192384.0,3163.0,3163.0,3108.0,3134.3,32002600,3447.7,2820.9,3839.9,2896.0,3147.3,18,3,3147.0,17,4,3146.9,61,4,3146.8,3,1,3146.7,119,4,3147.4,25,1,3147.5,56,4,3148.4,39,2,3148.5,38,1,3148.6,169,3
2031,2026-06-16 13:22:06+05:30,3147.3,1,3131.77,2459525,130809.0,192384.0,3163.0,3163.0,3108.0,3134.3,32002600,3447.7,2820.9,3839.9,2896.0,3147.3,18,3,3147.0,17,4,3146.9,61,4,3146.8,3,1,3146.7,119,4,3147.4,25,1,3147.5,56,4,3148.4,39,2,3148.5,38,1,3148.6,169,3
2031,2026-06-16 13:22:06+05:30,3147.3,1,3131.77,2459554,130838.0,192455.0,3163.0,3163.0,3108.0,3134.3,32002600,3447.7,2820.9,3839.9,2896.0,3147.3,1,1,3147.0,33,5,3146.9,61,4,3146.8,3,1,3146.7,119,4,3147.5,54,4,3148.4,39,2,3148.5,100,2,3148.6,169,3,3148.7,187,3
2031,2026-06-16 13:22:07+05:30,3147.5,1,3131.77,2459554,130838.0,192455.0,3163.0,3163.0,3108.0,3134.3,32002600,3447.7,2820.9,3839.9,2896.0,3147.3,1,1,3147.0,33,5,3146.9,61,4,3146.8,3,1,3146.7,119,4,3147.5,54,4,3148.4,39,2,3148.5,100,2,3148.6,169,3,3148.7,187,3
2031,2026-06-16 13:22:07+05:30,3147.5,27,3131.77,2459635,131089.0,192351.0,3163.0,3163.0,3108.0,3134.3,32002600,3447.7,2820.9,3839.9,2896.0,3147.3,51,2,3147.0,81,10,3146.9,36,2,3146.8,76,4,3146.7,119,4,3147.5,87,1,3148.4,38,2,3148.5,38,1,3148.6,168,3,3148.7,136,2
2031,2026-06-16 13:22:08+05:30,3147.5,27,3131.77,2459635,131089.0,192351.0,3163.0,3163.0,3108.0,3134.3,32002600,3447.7,2820.9,3839.9,2896.0,3147.3,51,2,3147.0,81,10,3146.9,36,2,3146.8,76,4,3146.7,119,4,3147.5,87,1,3148.4,38,2,3148.5,38,1,3148.6,168,3,3148.7,136,2
2031,2026-06-16 13:22:08+05:30,3147.5,42,3131.77,2459722,132152.0,189355.0,3163.0,3163.0,3108.0,3134.3,32002600,3447.7,2820.9,3839.9,2896.0,3147.9,40,1,3147.8,172,4,3147.7,2,1,3147.6,1,1,3147.5,273,7,3149.0,13,1,3149.2,13,1,3149.3,27,2,3149.4,119,3,3149.6,169,3
2031,2026-06-16 13:22:09+05:30,3147.5,42,3131.77,2459722,132152.0,189355.0,3163.0,3163.0,3108.0,3134.3,32002600,3447.7,2820.9,3839.9,2896.0,3147.9,40,1,3147.8,172,4,3147.7,2,1,3147.6,1,1,3147.5,273,7,3149.0,13,1,3149.2,13,1,3149.3,27,2,3149.4,119,3,3149.6,169,3
2031,2026-06-16 13:22:09+05:30,3147.9,7,3131.77,2459730,132284.0,190335.0,3163.0,3163.0,3108.0,3134.3,32002600,3447.7,2820.9,3839.9,2896.0,3147.9,39,3,3147.8,145,4,3147.7,17,2,3147.6,52,2,3147.5,62,6,3149.0,12,1,3149.2,138,3,3149.3,27,2,3149.4,133,4,3149.5,51,1
2031,2026-06-16 13:22:10+05:30,3147.9,7,3131.77,2459730,132284.0,190335.0,3163.0,3163.0,3108.0,3134.3,32002600,3447.7,2820.9,3839.9,2896.0,3147.9,39,3,3147.8,145,4,3147.7,17,2,3147.6,52,2,3147.5,62,6,3149.0,12,1,3149.2,138,3,3149.3,27,2,3149.4,133,4,3149.5,51,1
2031,2026-06-16 13:22:10+05:30,3149.0,8,3131.77,2459738,132790.0,190438.0,3163.0,3163.0,3108.0,3134.3,32002600,3447.7,2820.9,3839.9,2896.0,3148.4,1,1,3148.1,2,1,3148.0,60,3,3147.9,81,5,3147.8,105,3,3149.0,9,2,3149.2,91,3,3149.4,86,1,3149.5,61,1,3149.6,169,3
2031,2026-06-16 13:22:11+05:30,3149.0,8,3131.77,2459738,132790.0,190438.0,3163.0,3163.0,3108.0,3134.3,32002600,3447.7,2820.9,3839.9,2896.0,3148.4,1,1,3148.1,2,1,3148.0,60,3,3147.9,81,5,3147.8,105,3,3149.0,9,2,3149.2,91,3,3149.4,86,1,3149.5,61,1,3149.6,169,3
2031,2026-06-16 13:22:11+05:30,3148.8,1,3131.77,2459780,132636.0,190122.0,3163.0,3163.0,3108.0,3134.3,32002600,3447.7,2820.9,3839.9,2896.0,3148.2,15,1,3148.0,3,1,3147.9,43,3,3147.5,54,3,3147.4,30,4,3148.8,44,2,3148.9,128,5,3149.0,41,5,3149.2,64,1,3149.4,247,4
2031,2026-06-16 13:22:12+05:30,3148.8,1,3131.77,2459780,132636.0,190122.0,3163.0,3163.0,3108.0,3134.3,32002600,3447.7,2820.9,3839.9,2896.0,3148.2,15,1,3148.0,3,1,3147.9,43,3,3147.5,54,3,3147.4,30,4,3148.8,44,2,3148.9,128,5,3149.0,41,5,3149.2,64,1,3149.4,247,4
2031,2026-06-16 13:22:12+05:30,3148.0,8,3131.77,2459957,132169.0,192643.0,3163.0,3163.0,3108.0,3134.3,32002600,3447.7,2820.9,3839.9,2896.0,3147.9,43,3,3147.8,18,1,3147.4,5,1,3147.3,50,1,3147.2,6,1,3148.0,192,1,3148.1,231,2,3148.4,307,4,3148.5,647,4,3148.6,213,2
2031,2026-06-16 13:22:13+05:30,3147.8,171,3131.77,2459957,132169.0,192643.0,3163.0,3163.0,3108.0,3134.3,32002600,3447.7,2820.9,3839.9,2896.0,3147.9,43,3,3147.8,18,1,3147.4,5,1,3147.3,50,1,3147.2,6,1,3148.0,192,1,3148.1,231,2,3148.4,307,4,3148.5,647,4,3148.6,213,2
2031,2026-06-16 13:22:13+05:30,3147.8,171,3131.77,2460179,131241.0,192877.0,3163.0,3163.0,3108.0,3134.3,32002600,3447.7,2820.9,3839.9,2896.0,3147.4,5,1,3147.3,50,1,3147.0,1,1,3146.9,74,2,3146.8,60,2,3147.8,21,1,3147.9,149,1,3148.0,6,1,3148.1,231,2,3148.4,114,3
2031,2026-06-16 13:22:14+05:30,3147.8,171,3131.77,2460179,131241.0,192877.0,3163.0,3163.0,3108.0,3134.3,32002600,3447.7,2820.9,3839.9,2896.0,3147.4,5,1,3147.3,50,1,3147.0,1,1,3146.9,74,2,3146.8,60,2,3147.8,21,1,3147.9,149,1,3148.0,6,1,3148.1,231,2,3148.4,114,3
2031,2026-06-16 13:22:14+05:30,3147.6,1,3131.77,2460181,130493.0,192951.0,3163.0,3163.0,3108.0,3134.3,32002600,3447.7,2820.9,3839.9,2896.0,3147.4,6,2,3147.3,51,2,3147.0,1,1,3146.8,3,1,3146.7,29,1,3147.6,19,1,3147.7,35,1,3147.8,4,1,3147.9,187,2,3148.0,38,2
2031,2026-06-16 13:22:15+05:30,3147.6,1,3131.77,2460181,130493.0,192951.0,3163.0,3163.0,3108.0,3134.3,32002600,3447.7,2820.9,3839.9,2896.0,3147.4,6,2,3147.3,51,2,3147.0,1,1,3146.8,3,1,3146.7,29,1,3147.6,19,1,3147.7,35,1,3147.8,4,1,3147.9,187,2,3148.0,38,2
2031,2026-06-16 13:22:15+05:30,3147.6,36,3131.77,2460242,130963.0,192853.0,3163.0,3163.0,3108.0,3134.3,32002600,3447.7,2820.9,3839.9,2896.0,3147.5,2,2,3147.4,2,2,3147.3,51,2,3147.2,12,1,3147.1,14,1,3147.6,10,1,3147.8,4,1,3147.9,149,1,3148.1,231,2,3148.3,10,1
2031,2026-06-16 13:22:16+05:30,3147.6,7,3131.77,2460242,130963.0,192853.0,3163.0,3163.0,3108.0,3134.3,32002600,3447.7,2820.9,3839.9,2896.0,3147.5,2,2,3147.4,2,2,3147.3,51,2,3147.2,12,1,3147.1,14,1,3147.6,10,1,3147.8,4,1,3147.9,149,1,3148.1,231,2,3148.3,10,1
2031,2026-06-16 13:22:16+05:30,3147.6,7,3131.77,2460242,130963.0,192853.0,3163.0,3163.0,3108.0,3134.3,32002600,3447.7,2820.9,3839.9,2896.0,3147.5,2,2,3147.4,2,2,3147.3,51,2,3147.2,12,1,3147.1,14,1,3147.6,10,1,3147.8,4,1,3147.9,149,1,3148.1,231,2,3148.3,10,1
2031,2026-06-16 13:22:16+05:30,3147.9,28,3131.77,2460287,131243.0,192409.0,3163.0,3163.0,3108.0,3134.3,32002600,3447.7,2820.9,3839.9,2896.0,3147.6,10,1,3147.5,2,2,3147.4,15,4,3147.3,13,2,3147.0,57,2,3147.9,121,1,3148.1,231,2,3148.5,47,1,3148.6,103,2,3148.7,118,3
2031,2026-06-16 13:22:17+05:30,3147.9,28,3131.77,2460287,131243.0,192409.0,3163.0,3163.0,3108.0,3134.3,32002600,3447.7,2820.9,3839.9,2896.0,3147.6,10,1,3147.5,2,2,3147.4,15,4,3147.3,13,2,3147.0,57,2,3147.9,121,1,3148.1,231,2,3148.5,47,1,3148.6,103,2,3148.7,118,3
2031,2026-06-16 13:22:17+05:30,3147.9,28,3131.77,2460287,131286.0,192645.0,3163.0,3163.0,3108.0,3134.3,32002600,3447.7,2820.9,3839.9,2896.0,3147.6,11,2,3147.5,2,2,3147.4,21,4,3147.3,1,1,3147.2,14,1,3147.9,133,2,3148.1,231,2,3148.5,85,2,3148.6,103,2,3148.7,83,2
2031,2026-06-16 13:22:18+05:30,3147.9,28,3131.77,2460287,131286.0,192645.0,3163.0,3163.0,3108.0,3134.3,32002600,3447.7,2820.9,3839.9,2896.0,3147.6,11,2,3147.5,2,2,3147.4,21,4,3147.3,1,1,3147.2,14,1,3147.9,133,2,3148.1,231,2,3148.5,85,2,3148.6,103,2,3148.7,83,2
2031,2026-06-16 13:22:19+05:30,3147.9,50,3131.77,2460287,131286.0,192645.0,3163.0,3163.0,3108.0,3134.3,32002600,3447.7,2820.9,3839.9,2896.0,3147.6,11,2,3147.5,2,2,3147.4,21,4,3147.3,1,1,3147.2,14,1,3147.9,133,2,3148.1,231,2,3148.5,85,2,3148.6,103,2,3148.7,83,2
2031,2026-06-16 13:22:19+05:30,3147.9,50,3131.77,2460337,131117.0,192870.0,3163.0,3163.0,3108.0,3134.3,32002600,3447.7,2820.9,3839.9,2896.0,3147.6,11,2,3147.5,2,2,3147.4,21,4,3147.3,1,1,3147.2,14,1,3147.9,83,2,3148.1,278,3,3148.2,38,1,3148.4,99,2,3148.5,111,3
2031,2026-06-16 13:22:20+05:30,3147.9,1,3131.77,2460337,131117.0,192870.0,3163.0,3163.0,3108.0,3134.3,32002600,3447.7,2820.9,3839.9,2896.0,3147.6,11,2,3147.5,2,2,3147.4,21,4,3147.3,1,1,3147.2,14,1,3147.9,83,2,3148.1,278,3,3148.2,38,1,3148.4,99,2,3148.5,111,3
2031,2026-06-16 13:22:20+05:30,3147.9,1,3131.77,2460337,131117.0,192870.0,3163.0,3163.0,3108.0,3134.3,32002600,3447.7,2820.9,3839.9,2896.0,3147.6,11,2,3147.5,2,2,3147.4,21,4,3147.3,1,1,3147.2,14,1,3147.9,83,2,3148.1,278,3,3148.2,38,1,3148.4,99,2,3148.5,111,3
2031,2026-06-16 13:22:20+05:30,3147.9,1,3131.77,2460338,131691.0,192355.0,3163.0,3163.0,3108.0,3134.3,32002600,3447.7,2820.9,3839.9,2896.0,3147.7,19,3,3147.6,11,2,3147.4,5,3,3147.3,1,1,3147.0,1,1,3147.9,83,3,3148.1,278,3,3148.3,61,1,3148.4,38,1,3148.5,97,2
2031,2026-06-16 13:22:21+05:30,3147.9,1,3131.77,2460346,131705.0,192524.0,3163.0,3163.0,3108.0,3134.3,32002600,3447.7,2820.9,3839.9,2896.0,3147.8,12,1,3147.7,3,3,3147.6,11,2,3147.4,2,2,3147.3,1,1,3147.9,109,5,3148.0,69,2,3148.1,231,2,3148.2,110,3,3148.3,65,2
2031,2026-06-16 13:22:22+05:30,3147.9,1,3131.77,2460346,131705.0,192524.0,3163.0,3163.0,3108.0,3134.3,32002600,3447.7,2820.9,3839.9,2896.0,3147.8,12,1,3147.7,3,3,3147.6,11,2,3147.4,2,2,3147.3,1,1,3147.9,109,5,3148.0,69,2,3148.1,231,2,3148.2,110,3,3148.3,65,2
2031,2026-06-16 13:22:22+05:30,3147.9,10,3131.78,2460401,131832.0,192971.0,3163.0,3163.0,3108.0,3134.3,32002600,3447.7,2820.9,3839.9,2896.0,3147.8,4,2,3147.7,3,3,3147.6,11,2,3147.4,2,2,3147.3,1,1,3147.9,85,4,3148.1,238,2,3148.2,31,1,3148.3,65,2,3148.4,82,2
2031,2026-06-16 13:22:22+05:30,3147.9,10,3131.78,2460401,131832.0,192971.0,3163.0,3163.0,3108.0,3134.3,32002600,3447.7,2820.9,3839.9,2896.0,3147.8,4,2,3147.7,3,3,3147.6,11,2,3147.4,2,2,3147.3,1,1,3147.9,85,4,3148.1,238,2,3148.2,31,1,3148.3,65,2,3148.4,82,2
2031,2026-06-16 13:22:23+05:30,3147.9,10,3131.78,2460401,131832.0,192971.0,3163.0,3163.0,3108.0,3134.3,32002600,3447.7,2820.9,3839.9,2896.0,3147.8,4,2,3147.7,3,3,3147.6,11,2,3147.4,2,2,3147.3,1,1,3147.9,85,4,3148.1,238,2,3148.2,31,1,3148.3,65,2,3148.4,82,2
2031,2026-06-16 13:22:23+05:30,3147.9,10,3131.78,2460401,131520.0,192989.0,3163.0,3163.0,3108.0,3134.3,32002600,3447.7,2820.9,3839.9,2896.0,3147.8,1,1,3147.7,3,3,3147.6,11,2,3147.4,2,2,3147.3,1,1,3147.9,110,5,3148.0,31,1,3148.1,238,2,3148.3,91,3,3148.4,82,2
2031,2026-06-16 13:22:24+05:30,3147.7,2,3131.78,2460401,131520.0,192989.0,3163.0,3163.0,3108.0,3134.3,32002600,3447.7,2820.9,3839.9,2896.0,3147.8,1,1,3147.7,3,3,3147.6,11,2,3147.4,2,2,3147.3,1,1,3147.9,110,5,3148.0,31,1,3148.1,238,2,3148.3,91,3,3148.4,82,2
2031,2026-06-16 13:22:24+05:30,3147.7,2,3131.78,2460401,131520.0,192989.0,3163.0,3163.0,3108.0,3134.3,32002600,3447.7,2820.9,3839.9,2896.0,3147.8,1,1,3147.7,3,3,3147.6,11,2,3147.4,2,2,3147.3,1,1,3147.9,110,5,3148.0,31,1,3148.1,238,2,3148.3,91,3,3148.4,82,2
2031,2026-06-16 13:22:24+05:30,3147.6,1,3131.78,2460573,129723.0,193246.0,3163.0,3163.0,3108.0,3134.3,32002600,3447.7,2820.9,3839.9,2896.0,3147.6,1,1,3147.4,17,3,3147.3,1,1,3147.0,1,1,3146.6,3,2,3147.7,92,5,3147.8,62,3,3147.9,112,5,3148.0,86,2,3148.1,221,2
2031,2026-06-16 13:22:25+05:30,3147.6,1,3131.78,2460573,129723.0,193246.0,3163.0,3163.0,3108.0,3134.3,32002600,3447.7,2820.9,3839.9,2896.0,3147.6,1,1,3147.4,17,3,3147.3,1,1,3147.0,1,1,3146.6,3,2,3147.7,92,5,3147.8,62,3,3147.9,112,5,3148.0,86,2,3148.1,221,2
2031,2026-06-16 13:22:25+05:30,3147.4,2,3131.78,2460759,129830.0,193208.0,3163.0,3163.0,3108.0,3134.3,32002600,3447.7,2820.9,3839.9,2896.0,3147.4,12,1,3147.3,1,1,3147.0,1,1,3146.6,3,2,3146.5,3,1,3147.7,32,2,3147.8,61,3,3147.9,132,4,3148.0,38,1,3148.1,221,2
2031,2026-06-16 13:22:26+05:30,3147.4,2,3131.78,2460759,129830.0,193208.0,3163.0,3163.0,3108.0,3134.3,32002600,3447.7,2820.9,3839.9,2896.0,3147.4,12,1,3147.3,1,1,3147.0,1,1,3146.6,3,2,3146.5,3,1,3147.7,32,2,3147.8,61,3,3147.9,132,4,3148.0,38,1,3148.1,221,2
2031,2026-06-16 13:22:26+05:30,3147.4,2,3131.78,2460759,129830.0,193208.0,3163.0,3163.0,3108.0,3134.3,32002600,3447.7,2820.9,3839.9,2896.0,3147.4,12,1,3147.3,1,1,3147.0,1,1,3146.6,3,2,3146.5,3,1,3147.7,32,2,3147.8,61,3,3147.9,132,4,3148.0,38,1,3148.1,221,2
2031,2026-06-16 13:22:26+05:30,3147.7,17,3131.78,2460777,129872.0,193479.0,3163.0,3163.0,3108.0,3134.3,32002600,3447.7,2820.9,3839.9,2896.0,3147.4,12,1,3147.3,1,1,3147.0,1,1,3146.6,3,2,3146.5,17,2,3147.7,36,2,3147.8,38,1,3147.9,15,1,3148.0,38,1,3148.1,244,2
2031,2026-06-16 13:22:27+05:30,3147.7,17,3131.78,2460777,129872.0,193479.0,3163.0,3163.0,3108.0,3134.3,32002600,3447.7,2820.9,3839.9,2896.0,3147.4,12,1,3147.3,1,1,3147.0,1,1,3146.6,3,2,3146.5,17,2,3147.7,36,2,3147.8,38,1,3147.9,15,1,3148.0,38,1,3148.1,244,2
2031,2026-06-16 13:22:27+05:30,3147.7,17,3131.78,2460777,129872.0,193479.0,3163.0,3163.0,3108.0,3134.3,32002600,3447.7,2820.9,3839.9,2896.0,3147.4,12,1,3147.3,1,1,3147.0,1,1,3146.6,3,2,3146.5,17,2,3147.7,36,2,3147.8,38,1,3147.9,15,1,3148.0,38,1,3148.1,244,2
2031,2026-06-16 13:22:27+05:30,3147.7,22,3131.78,2460813,130040.0,193348.0,3163.0,3163.0,3108.0,3134.3,32002600,3447.7,2820.9,3839.9,2896.0,3147.4,12,1,3147.3,1,1,3147.0,1,1,3146.7,9,1,3146.6,25,3,3147.7,22,1,3147.8,38,1,3147.9,15,1,3148.0,100,2,3148.1,293,3
2031,2026-06-16 13:22:28+05:30,3147.7,1,3131.78,2460813,130040.0,193348.0,3163.0,3163.0,3108.0,3134.3,32002600,3447.7,2820.9,3839.9,2896.0,3147.4,12,1,3147.3,1,1,3147.0,1,1,3146.7,9,1,3146.6,25,3,3147.7,22,1,3147.8,38,1,3147.9,15,1,3148.0,100,2,3148.1,293,3
2031,2026-06-16 13:22:28+05:30,3147.7,1,3131.78,2460813,130040.0,193348.0,3163.0,3163.0,3108.0,3134.3,32002600,3447.7,2820.9,3839.9,2896.0,3147.4,12,1,3147.3,1,1,3147.0,1,1,3146.7,9,1,3146.6,25,3,3147.7,22,1,3147.8,38,1,3147.9,15,1,3148.0,100,2,3148.1,293,3
2031,2026-06-16 13:22:28+05:30,3147.4,12,3131.78,2460826,129796.0,193400.0,3163.0,3163.0,3108.0,3134.3,32002600,3447.7,2820.9,3839.9,2896.0,3147.4,14,1,3147.3,1,1,3147.0,1,1,3146.6,25,3,3146.5,25,2,3147.5,125,6,3147.6,27,2,3147.7,50,3,3147.8,100,2,3147.9,97,3
2031,2026-06-16 13:22:29+05:30,3147.4,12,3131.78,2460826,129796.0,193400.0,3163.0,3163.0,3108.0,3134.3,32002600,3447.7,2820.9,3839.9,2896.0,3147.4,14,1,3147.3,1,1,3147.0,1,1,3146.6,25,3,3146.5,25,2,3147.5,125,6,3147.6,27,2,3147.7,50,3,3147.8,100,2,3147.9,97,3
2031,2026-06-16 13:22:29+05:30,3147.4,12,3131.78,2460826,129796.0,193400.0,3163.0,3163.0,3108.0,3134.3,32002600,3447.7,2820.9,3839.9,2896.0,3147.4,14,1,3147.3,1,1,3147.0,1,1,3146.6,25,3,3146.5,25,2,3147.5,125,6,3147.6,27,2,3147.7,50,3,3147.8,100,2,3147.9,97,3
2031,2026-06-16 13:22:29+05:30,3147.4,15,3131.78,2460885,129621.0,193443.0,3163.0,3163.0,3108.0,3134.3,32002600,3447.7,2820.9,3839.9,2896.0,3147.4,14,1,3147.3,1,1,3147.0,1,1,3146.6,3,2,3146.3,20,1,3147.5,125,6,3147.6,29,3,3147.7,94,4,3147.8,100,2,3147.9,97,3
2031,2026-06-16 13:22:30+05:30,3147.4,1,3131.78,2460885,129621.0,193443.0,3163.0,3163.0,3108.0,3134.3,32002600,3447.7,2820.9,3839.9,2896.0,3147.4,14,1,3147.3,1,1,3147.0,1,1,3146.6,3,2,3146.3,20,1,3147.5,125,6,3147.6,29,3,3147.7,94,4,3147.8,100,2,3147.9,97,3
2031,2026-06-16 13:22:30+05:30,3147.4,1,3131.78,2460885,129621.0,193443.0,3163.0,3163.0,3108.0,3134.3,32002600,3447.7,2820.9,3839.9,2896.0,3147.4,14,1,3147.3,1,1,3147.0,1,1,3146.6,3,2,3146.3,20,1,3147.5,125,6,3147.6,29,3,3147.7,94,4,3147.8,100,2,3147.9,97,3
2031,2026-06-16 13:22:30+05:30,3147.5,1,3131.78,2460948,129706.0,193869.0,3163.0,3163.0,3108.0,3134.3,32002600,3447.7,2820.9,3839.9,2896.0,3147.4,19,3,3147.3,2,2,3147.0,1,1,3146.6,3,2,3146.3,20,1,3147.5,254,5,3147.6,122,5,3147.7,50,3,3147.8,100,2,3147.9,97,3
2031,2026-06-16 13:22:31+05:30,3147.5,1,3131.78,2460948,129706.0,193869.0,3163.0,3163.0,3108.0,3134.3,32002600,3447.7,2820.9,3839.9,2896.0,3147.4,19,3,3147.3,2,2,3147.0,1,1,3146.6,3,2,3146.3,20,1,3147.5,254,5,3147.6,122,5,3147.7,50,3,3147.8,100,2,3147.9,97,3
2031,2026-06-16 13:22:31+05:30,3147.5,1,3131.78,2460948,129706.0,193869.0,3163.0,3163.0,3108.0,3134.3,32002600,3447.7,2820.9,3839.9,2896.0,3147.4,19,3,3147.3,2,2,3147.0,1,1,3146.6,3,2,3146.3,20,1,3147.5,254,5,3147.6,122,5,3147.7,50,3,3147.8,100,2,3147.9,97,3
2031,2026-06-16 13:22:31+05:30,3147.5,2,3131.78,2460959,130008.0,193791.0,3163.0,3163.0,3108.0,3134.3,32002600,3447.7,2820.9,3839.9,2896.0,3147.4,34,4,3147.3,2,2,3147.0,1,1,3146.6,3,2,3146.3,20,1,3147.5,282,6,3147.6,27,2,3147.7,50,3,3147.8,92,2,3147.9,41,2
2031,2026-06-16 13:22:32+05:30,3147.4,44,3131.78,2460959,130008.0,193791.0,3163.0,3163.0,3108.0,3134.3,32002600,3447.7,2820.9,3839.9,2896.0,3147.4,34,4,3147.3,2,2,3147.0,1,1,3146.6,3,2,3146.3,20,1,3147.5,282,6,3147.6,27,2,3147.7,50,3,3147.8,92,2,3147.9,41,2
2031,2026-06-16 13:22:32+05:30,3147.4,44,3131.78,2460959,130008.0,193791.0,3163.0,3163.0,3108.0,3134.3,32002600,3447.7,2820.9,3839.9,2896.0,3147.4,34,4,3147.3,2,2,3147.0,1,1,3146.6,3,2,3146.3,20,1,3147.5,282,6,3147.6,27,2,3147.7,50,3,3147.8,92,2,3147.9,41,2
2031,2026-06-16 13:22:32+05:30,3147.3,23,3131.78,2461238,129199.0,194260.0,3163.0,3163.0,3108.0,3134.3,32002600,3447.7,2820.9,3839.9,2896.0,3147.0,1,1,3146.6,3,2,3146.1,22,1,3146.0,29,2,3145.9,119,5,3147.3,175,1,3147.4,65,3,3147.5,259,5,3147.6,20,1,3147.7,75,3
2031,2026-06-16 13:22:33+05:30,3147.3,23,3131.78,2461238,129199.0,194260.0,3163.0,3163.0,3108.0,3134.3,32002600,3447.7,2820.9,3839.9,2896.0,3147.0,1,1,3146.6,3,2,3146.1,22,1,3146.0,29,2,3145.9,119,5,3147.3,175,1,3147.4,65,3,3147.5,259,5,3147.6,20,1,3147.7,75,3
2031,2026-06-16 13:22:33+05:30,3147.3,23,3131.78,2461238,129199.0,194260.0,3163.0,3163.0,3108.0,3134.3,32002600,3447.7,2820.9,3839.9,2896.0,3147.0,1,1,3146.6,3,2,3146.1,22,1,3146.0,29,2,3145.9,119,5,3147.3,175,1,3147.4,65,3,3147.5,259,5,3147.6,20,1,3147.7,75,3
2031,2026-06-16 13:22:33+05:30,3147.3,23,3131.78,2461238,129199.0,194206.0,3163.0,3163.0,3108.0,3134.3,32002600,3447.7,2820.9,3839.9,2896.0,3147.0,1,1,3146.6,3,2,3146.1,22,1,3146.0,29,2,3145.9,119,5,3147.2,20,1,3147.3,175,1,3147.4,45,2,3147.5,242,5,3147.6,20,1
2031,2026-06-16 13:22:33+05:30,3147.3,23,3131.78,2461238,129199.0,194206.0,3163.0,3163.0,3108.0,3134.3,32002600,3447.7,2820.9,3839.9,2896.0,3147.0,1,1,3146.6,3,2,3146.1,22,1,3146.0,29,2,3145.9,119,5,3147.2,20,1,3147.3,175,1,3147.4,45,2,3147.5,242,5,3147.6,20,1
2031,2026-06-16 13:22:34+05:30,3147.0,18,3131.78,2461238,129199.0,194206.0,3163.0,3163.0,3108.0,3134.3,32002600,3447.7,2820.9,3839.9,2896.0,3147.0,1,1,3146.6,3,2,3146.1,22,1,3146.0,29,2,3145.9,119,5,3147.2,20,1,3147.3,175,1,3147.4,45,2,3147.5,242,5,3147.6,20,1
2031,2026-06-16 13:22:34+05:30,3146.8,2,3131.78,2461447,128466.0,194966.0,3163.0,3163.0,3108.0,3134.3,32002600,3447.7,2820.9,3839.9,2896.0,3146.0,44,4,3145.9,51,2,3145.8,102,5,3145.7,68,3,3145.6,87,3,3146.6,197,1,3146.7,20,1,3147.2,33,3,3147.3,175,1,3147.4,64,2
2031,2026-06-16 13:22:34+05:30,3146.8,2,3131.78,2461447,128466.0,194966.0,3163.0,3163.0,3108.0,3134.3,32003800,3447.7,2820.9,3839.9,2896.0,3146.0,44,4,3145.9,51,2,3145.8,102,5,3145.7,68,3,3145.6,87,3,3146.6,197,1,3146.7,20,1,3147.2,33,3,3147.3,175,1,3147.4,64,2
2031,2026-06-16 13:22:35+05:30,3146.8,2,3131.78,2461447,128466.0,194966.0,3163.0,3163.0,3108.0,3134.3,32003800,3447.7,2820.9,3839.9,2896.0,3146.0,44,4,3145.9,51,2,3145.8,102,5,3145.7,68,3,3145.6,87,3,3146.6,197,1,3146.7,20,1,3147.2,33,3,3147.3,175,1,3147.4,64,2
2031,2026-06-16 13:22:35+05:30,3146.2,197,3131.78,2461664,128786.0,194347.0,3163.0,3163.0,3108.0,3134.3,32003800,3447.7,2820.9,3839.9,2896.0,3146.3,59,5,3146.2,66,4,3146.1,25,3,3146.0,107,7,3145.9,87,4,3146.6,11,1,3147.2,19,2,3147.3,175,1,3147.4,20,1,3147.5,2,2
2031,2026-06-16 13:22:36+05:30,3146.6,10,3131.78,2461664,128786.0,194347.0,3163.0,3163.0,3108.0,3134.3,32003800,3447.7,2820.9,3839.9,2896.0,3146.3,59,5,3146.2,66,4,3146.1,25,3,3146.0,107,7,3145.9,87,4,3146.6,11,1,3147.2,19,2,3147.3,175,1,3147.4,20,1,3147.5,2,2
2031,2026-06-16 13:22:36+05:30,3146.4,18,3131.78,2461693,129021.0,193928.0,3163.0,3163.0,3108.0,3134.3,32003800,3447.7,2820.9,3839.9,2896.0,3146.4,51,8,3146.3,26,3,3146.2,104,6,3146.1,73,5,3146.0,90,6,3146.6,7,1,3147.2,19,2,3147.3,175,1,3147.5,2,2,3147.6,21,1
2031,2026-06-16 13:22:37+05:30,3146.4,18,3131.78,2461693,129021.0,193928.0,3163.0,3163.0,3108.0,3134.3,32003800,3447.7,2820.9,3839.9,2896.0,3146.4,51,8,3146.3,26,3,3146.2,104,6,3146.1,73,5,3146.0,90,6,3146.6,7,1,3147.2,19,2,3147.3,175,1,3147.5,2,2,3147.6,21,1
2031,2026-06-16 13:22:37+05:30,3146.6,7,3131.78,2461700,129355.0,194112.0,3163.0,3163.0,3108.0,3134.3,32003800,3447.7,2820.9,3839.9,2896.0,3146.5,92,7,3146.4,143,11,3146.3,57,5,3146.2,81,5,3146.1,71,4,3147.2,19,2,3147.3,175,1,3147.5,2,2,3147.8,21,1,3147.9,23,1
2031,2026-06-16 13:22:38+05:30,3146.6,7,3131.78,2461700,129355.0,194112.0,3163.0,3163.0,3108.0,3134.3,32003800,3447.7,2820.9,3839.9,2896.0,3146.5,92,7,3146.4,143,11,3146.3,57,5,3146.2,81,5,3146.1,71,4,3147.2,19,2,3147.3,175,1,3147.5,2,2,3147.8,21,1,3147.9,23,1
2031,2026-06-16 13:22:38+05:30,3146.6,7,3131.78,2461700,129638.0,193516.0,3163.0,3163.0,3108.0,3134.3,32003800,3447.7,2820.9,3839.9,2896.0,3146.8,16,4,3146.7,4,1,3146.6,28,2,3146.5,80,5,3146.4,134,11,3146.9,1,1,3147.2,78,5,3147.3,175,1,3147.5,1,1,3147.8,21,1
2031,2026-06-16 13:22:39+05:30,3146.9,1,3131.78,2461701,129763.0,193677.0,3163.0,3163.0,3108.0,3134.3,32003800,3447.7,2820.9,3839.9,2896.0,3146.9,45,6,3146.8,66,5,3146.7,17,3,3146.6,28,2,3146.5,82,6,3147.2,69,4,3147.3,175,1,3147.5,1,1,3147.9,23,1,3148.0,46,2
2031,2026-06-16 13:22:40+05:30,3146.9,1,3131.78,2461701,129763.0,193677.0,3163.0,3163.0,3108.0,3134.3,32003800,3447.7,2820.9,3839.9,2896.0,3146.9,45,6,3146.8,66,5,3146.7,17,3,3146.6,28,2,3146.5,82,6,3147.2,69,4,3147.3,175,1,3147.5,1,1,3147.9,23,1,3148.0,46,2
2031,2026-06-16 13:22:40+05:30,3147.2,12,3131.78,2461736,129775.0,193226.0,3163.0,3163.0,3108.0,3134.3,32003800,3447.7,2820.9,3839.9,2896.0,3146.9,41,6,3146.8,66,5,3146.7,32,4,3146.6,56,3,3146.5,70,6,3147.2,40,2,3147.3,175,1,3147.5,1,1,3147.9,23,1,3148.0,46,2
2031,2026-06-16 13:22:41+05:30,3147.2,1,3131.78,2461736,129775.0,193226.0,3163.0,3163.0,3108.0,3134.3,32003800,3447.7,2820.9,3839.9,2896.0,3146.9,41,6,3146.8,66,5,3146.7,32,4,3146.6,56,3,3146.5,70,6,3147.2,40,2,3147.3,175,1,3147.5,1,1,3147.9,23,1,3148.0,46,2
2031,2026-06-16 13:22:41+05:30,3146.9,140,3131.78,2461911,129777.0,194106.0,3163.0,3163.0,3108.0,3134.3,32003800,3447.7,2820.9,3839.9,2896.0,3146.8,50,4,3146.6,28,2,3146.5,105,5,3146.4,146,12,3146.3,43,4,3146.9,27,1,3147.2,38,2,3147.3,175,1,3147.5,1,1,3147.9,23,1
2031,2026-06-16 13:22:42+05:30,3146.9,140,3131.78,2461911,129777.0,194106.0,3163.0,3163.0,3108.0,3134.3,32003800,3447.7,2820.9,3839.9,2896.0,3146.8,50,4,3146.6,28,2,3146.5,105,5,3146.4,146,12,3146.3,43,4,3146.9,27,1,3147.2,38,2,3147.3,175,1,3147.5,1,1,3147.9,23,1
2031,2026-06-16 13:22:42+05:30,3146.9,140,3131.78,2461911,129662.0,194158.0,3163.0,3163.0,3108.0,3134.3,32003800,3447.7,2820.9,3839.9,2896.0,3146.8,50,4,3146.7,4,1,3146.6,28,2,3146.5,121,6,3146.4,144,11,3146.9,27,1,3147.0,51,1,3147.2,38,2,3147.3,175,1,3147.5,1,1
2031,2026-06-16 13:22:43+05:30,3146.9,140,3131.78,2461911,129637.0,194220.0,3163.0,3163.0,3108.0,3134.3,32003800,3447.7,2820.9,3839.9,2896.0,3146.8,64,5,3146.7,4,1,3146.6,28,2,3146.5,82,5,3146.4,144,11,3146.9,65,2,3147.0,51,1,3147.2,38,2,3147.3,175,1,3147.5,1,1
2031,2026-06-16 13:22:45+05:30,3146.8,1,3131.78,2461911,129637.0,194220.0,3163.0,3163.0,3108.0,3134.3,32003800,3447.7,2820.9,3839.9,2896.0,3146.8,36,1,3146.5,25,3,3146.4,71,5,3146.3,65,5,3146.2,52,3,3146.9,66,3,3147.0,51,1,3147.2,38,2,3147.3,214,2,3147.5,1,1
2031,2026-06-16 13:22:45+05:30,3146.8,1,3131.78,2461912,129380.0,194540.0,3163.0,3163.0,3108.0,3134.3,32003800,3447.7,2820.9,3839.9,2896.0,3146.8,36,1,3146.5,25,3,3146.4,71,5,3146.3,65,5,3146.2,52,3,3146.9,66,3,3147.0,51,1,3147.2,38,2,3147.3,214,2,3147.5,1,1
2031,2026-06-16 13:22:46+05:30,3146.8,1,3131.78,2461912,129380.0,194540.0,3163.0,3163.0,3108.0,3134.3,32003800,3447.7,2820.9,3839.9,2896.0,3146.8,36,2,3146.5,17,2,3146.4,85,5,3146.3,43,4,3146.2,52,3,3146.9,87,4,3147.0,51,1,3147.2,38,2,3147.3,214,2,3147.5,1,1
2031,2026-06-16 13:22:46+05:30,3146.8,1,3131.78,2461918,130365.0,194579.0,3163.0,3163.0,3108.0,3134.3,32003800,3447.7,2820.9,3839.9,2896.0,3146.8,36,2,3146.5,17,2,3146.4,85,5,3146.3,43,4,3146.2,52,3,3146.9,87,4,3147.0,51,1,3147.2,38,2,3147.3,214,2,3147.5,1,1
2031,2026-06-16 13:22:47+05:30,3147.0,1,3131.78,2461918,130365.0,194579.0,3163.0,3163.0,3108.0,3134.3,32003800,3447.7,2820.9,3839.9,2896.0,3146.8,36,2,3146.5,17,2,3146.4,85,5,3146.3,43,4,3146.2,52,3,3146.9,87,4,3147.0,51,1,3147.2,38,2,3147.3,214,2,3147.5,1,1
2031,2026-06-16 13:22:47+05:30,3147.0,1,3131.79,2462016,130381.0,194235.0,3163.0,3163.0,3108.0,3134.3,32003800,3447.7,2820.9,3839.9,2896.0,3146.8,36,2,3146.7,15,1,3146.5,1,1,3146.4,63,4,3146.3,65,5,3147.0,50,1,3147.2,38,2,3147.3,175,1,3147.5,1,1,3147.7,39,1
2031,2026-06-16 13:22:48+05:30,3147.0,1,3131.79,2462016,130381.0,194235.0,3163.0,3163.0,3108.0,3134.3,32003800,3447.7,2820.9,3839.9,2896.0,3146.8,36,2,3146.7,15,1,3146.5,1,1,3146.4,63,4,3146.3,65,5,3147.0,50,1,3147.2,38,2,3147.3,175,1,3147.5,1,1,3147.7,39,1
2031,2026-06-16 13:22:48+05:30,3147.0,1,3131.79,2462017,130444.0,192415.0,3163.0,3163.0,3108.0,3134.3,32003800,3447.7,2820.9,3839.9,2896.0,3146.8,36,2,3146.7,15,1,3146.6,44,3,3146.5,1,1,3146.4,63,4,3147.0,49,1,3147.2,38,2,3147.3,175,1,3147.5,1,1,3147.9,88,3
2031,2026-06-16 13:22:49+05:30,3146.8,5,3131.79,2462022,130353.0,194268.0,3163.0,3163.0,3108.0,3134.3,32003800,3447.7,2820.9,3839.9,2896.0,3146.8,31,2,3146.7,15,1,3146.6,52,4,3146.5,1,1,3146.4,75,5,3147.0,49,1,3147.2,38,2,3147.3,175,1,3147.5,1,1,3147.9,127,4
2031,2026-06-16 13:22:50+05:30,3147.0,15,3131.79,2462022,130353.0,194268.0,3163.0,3163.0,3108.0,3134.3,32003800,3447.7,2820.9,3839.9,2896.0,3146.8,31,2,3146.7,15,1,3146.6,52,4,3146.5,1,1,3146.4,75,5,3147.0,49,1,3147.2,38,2,3147.3,175,1,3147.5,1,1,3147.9,127,4
2031,2026-06-16 13:22:50+05:30,3147.0,15,3131.79,2462052,130402.0,194449.0,3163.0,3163.0,3108.0,3134.3,32003800,3447.7,2820.9,3839.9,2896.0,3146.8,30,2,3146.7,15,1,3146.6,22,2,3146.5,1,1,3146.4,63,4,3147.0,20,1,3147.2,38,2,3147.3,175,1,3147.5,1,1,3147.7,39,1
2031,2026-06-16 13:22:51+05:30,3147.0,34,3131.79,2462052,130402.0,194449.0,3163.0,3163.0,3108.0,3134.3,32003800,3447.7,2820.9,3839.9,2896.0,3146.8,30,2,3146.7,15,1,3146.6,22,2,3146.5,1,1,3146.4,63,4,3147.0,20,1,3147.2,38,2,3147.3,175,1,3147.5,1,1,3147.7,39,1
2031,2026-06-16 13:22:51+05:30,3147.0,1,3131.79,2462119,130551.0,194458.0,3163.0,3163.0,3108.0,3134.3,32003800,3447.7,2820.9,3839.9,2896.0,3147.0,1,1,3146.8,30,2,3146.7,17,1,3146.6,22,2,3146.5,1,1,3147.2,4,1,3147.3,175,1,3147.5,1,1,3147.7,39,1,3147.8,199,1
2031,2026-06-16 13:22:52+05:30,3147.2,1,3131.79,2462119,130551.0,194458.0,3163.0,3163.0,3108.0,3134.3,32003800,3447.7,2820.9,3839.9,2896.0,3147.0,1,1,3146.8,30,2,3146.7,17,1,3146.6,22,2,3146.5,1,1,3147.2,4,1,3147.3,175,1,3147.5,1,1,3147.7,39,1,3147.8,199,1
2031,2026-06-16 13:22:52+05:30,3147.2,1,3131.79,2462120,130626.0,194194.0,3163.0,3163.0,3108.0,3134.3,32003800,3447.7,2820.9,3839.9,2896.0,3147.0,57,4,3146.8,30,2,3146.6,22,2,3146.5,1,1,3146.4,3,1,3147.2,3,1,3147.3,175,1,3147.5,1,1,3147.7,39,1,3147.8,199,1
2031,2026-06-16 13:22:53+05:30,3147.0,1,3131.79,2462122,130596.0,194217.0,3163.0,3163.0,3108.0,3134.3,32003800,3447.7,2820.9,3839.9,2896.0,3147.0,57,4,3146.8,30,2,3146.6,22,2,3146.5,1,1,3146.4,3,1,3147.2,2,1,3147.3,175,1,3147.5,1,1,3147.7,39,1,3147.8,199,1
2031,2026-06-16 13:22:54+05:30,3147.2,1,3131.79,2462122,130596.0,194217.0,3163.0,3163.0,3108.0,3134.3,32003800,3447.7,2820.9,3839.9,2896.0,3147.0,57,4,3146.8,30,2,3146.6,22,2,3146.5,1,1,3146.4,3,1,3147.2,2,1,3147.3,175,1,3147.5,1,1,3147.7,39,1,3147.8,199,1
2031,2026-06-16 13:22:54+05:30,3147.2,1,3131.79,2462124,130610.0,194140.0,3163.0,3163.0,3108.0,3134.3,32003800,3447.7,2820.9,3839.9,2896.0,3147.0,57,4,3146.8,30,2,3146.6,44,3,3146.5,45,2,3146.4,25,2,3147.2,6,1,3147.3,175,1,3147.5,1,1,3147.7,39,1,3147.9,222,2
2031,2026-06-16 13:22:55+05:30,3147.0,2,3131.79,2462124,130610.0,194140.0,3163.0,3163.0,3108.0,3134.3,32003800,3447.7,2820.9,3839.9,2896.0,3147.0,57,4,3146.8,30,2,3146.6,44,3,3146.5,45,2,3146.4,25,2,3147.2,6,1,3147.3,175,1,3147.5,1,1,3147.7,39,1,3147.9,222,2
2031,2026-06-16 13:22:55+05:30,3147.2,19,3131.79,2462184,130566.0,193646.0,3163.0,3163.0,3108.0,3134.3,32003800,3447.7,2820.9,3839.9,2896.0,3147.2,15,1,3147.0,40,3,3146.8,29,1,3146.7,15,1,3146.6,22,2,3147.3,175,1,3147.5,1,1,3147.7,39,1,3147.9,222,2,3148.0,672,5
2031,2026-06-16 13:22:56+05:30,3147.2,19,3131.79,2462184,130566.0,193646.0,3163.0,3163.0,3108.0,3134.3,32003800,3447.7,2820.9,3839.9,2896.0,3147.2,15,1,3147.0,40,3,3146.8,29,1,3146.7,15,1,3146.6,22,2,3147.3,175,1,3147.5,1,1,3147.7,39,1,3147.9,222,2,3148.0,672,5
2031,2026-06-16 13:22:56+05:30,3147.3,153,3131.79,2462337,130729.0,193442.0,3163.0,3163.0,3108.0,3134.3,32003800,3447.7,2820.9,3839.9,2896.0,3147.2,44,2,3147.0,58,4,3146.8,29,1,3146.7,22,1,3146.6,10,1,3147.3,23,2,3147.5,1,1,3147.7,39,1,3147.9,222,2,3148.0,625,4
2031,2026-06-16 13:22:57+05:30,3147.3,153,3131.79,2462337,130729.0,193442.0,3163.0,3163.0,3108.0,3134.3,32003800,3447.7,2820.9,3839.9,2896.0,3147.2,44,2,3147.0,58,4,3146.8,29,1,3146.7,22,1,3146.6,10,1,3147.3,23,2,3147.5,1,1,3147.7,39,1,3147.9,222,2,3148.0,625,4
2031,2026-06-16 13:22:57+05:30,3147.1,42,3131.79,2462439,130722.0,193442.0,3163.0,3163.0,3108.0,3134.3,32003800,3447.7,2820.9,3839.9,2896.0,3147.0,58,4,3146.8,29,1,3146.7,22,1,3146.6,20,2,3146.5,45,2,3147.1,120,1,3147.3,1,1,3147.5,1,1,3147.7,39,1,3147.9,260,3
2031,2026-06-16 13:22:58+05:30,3147.1,42,3131.79,2462439,130722.0,193442.0,3163.0,3163.0,3108.0,3134.3,32003800,3447.7,2820.9,3839.9,2896.0,3147.0,58,4,3146.8,29,1,3146.7,22,1,3146.6,20,2,3146.5,45,2,3147.1,120,1,3147.3,1,1,3147.5,1,1,3147.7,39,1,3147.9,260,3
2031,2026-06-16 13:22:58+05:30,3147.0,15,3131.79,2462504,130496.0,193474.0,3163.0,3163.0,3108.0,3134.3,32003800,3447.7,2820.9,3839.9,2896.0,3147.0,17,4,3146.8,51,2,3146.6,32,2,3146.5,1,1,3146.4,25,2,3147.1,136,2,3147.3,1,1,3147.5,1,1,3147.9,358,5,3148.0,625,4
2031,2026-06-16 13:22:59+05:30,3147.0,15,3131.79,2462504,130496.0,193474.0,3163.0,3163.0,3108.0,3134.3,32003800,3447.7,2820.9,3839.9,2896.0,3147.0,17,4,3146.8,51,2,3146.6,32,2,3146.5,1,1,3146.4,25,2,3147.1,136,2,3147.3,1,1,3147.5,1,1,3147.9,358,5,3148.0,625,4
2031,2026-06-16 13:22:59+05:30,3147.1,26,3131.79,2462640,130296.0,193576.0,3163.0,3163.0,3108.0,3134.3,32003800,3447.7,2820.9,3839.9,2896.0,3147.0,3,2,3146.8,29,1,3146.6,20,2,3146.5,1,1,3146.4,3,1,3147.3,1,1,3147.5,1,1,3147.6,38,1,3147.8,347,4,3147.9,521,5
2031,2026-06-16 13:23:00+05:30,3147.1,26,3131.79,2462640,130296.0,193576.0,3163.0,3163.0,3108.0,3134.3,32003800,3447.7,2820.9,3839.9,2896.0,3147.0,3,2,3146.8,29,1,3146.6,20,2,3146.5,1,1,3146.4,3,1,3147.3,1,1,3147.5,1,1,3147.6,38,1,3147.8,347,4,3147.9,521,5
2031,2026-06-16 13:23:00+05:30,3147.3,1,3131.79,2462641,130584.0,193337.0,3163.0,3163.0,3108.0,3134.3,32003800,3447.7,2820.9,3839.9,2896.0,3147.2,2,2,3147.0,34,7,3146.8,29,1,3146.7,22,1,3146.6,12,2,3147.3,1,1,3147.5,1,1,3147.8,199,1,3147.9,521,5,3148.0,625,4
2031,2026-06-16 13:23:01+05:30,3147.3,1,3131.79,2462641,130584.0,193337.0,3163.0,3163.0,3108.0,3134.3,32003800,3447.7,2820.9,3839.9,2896.0,3147.2,2,2,3147.0,34,7,3146.8,29,1,3146.7,22,1,3146.6,12,2,3147.3,1,1,3147.5,1,1,3147.8,199,1,3147.9,521,5,3148.0,625,4
2031,2026-06-16 13:23:01+05:30,3147.8,5,3131.79,2462648,130939.0,193077.0,3163.0,3163.0,3108.0,3134.3,32003800,3447.7,2820.9,3839.9,2896.0,3147.2,2,2,3147.0,31,6,3146.8,29,1,3146.7,22,1,3146.6,20,2,3147.8,194,1,3147.9,423,3,3148.0,625,4,3148.1,98,2,3148.2,24,1
2031,2026-06-16 13:23:02+05:30,3147.8,5,3131.79,2462648,130939.0,193077.0,3163.0,3163.0,3108.0,3134.3,32003800,3447.7,2820.9,3839.9,2896.0,3147.2,2,2,3147.0,31,6,3146.8,29,1,3146.7,22,1,3146.6,20,2,3147.8,194,1,3147.9,423,3,3148.0,625,4,3148.1,98,2,3148.2,24,1
2031,2026-06-16 13:23:02+05:30,3147.3,1,3131.79,2462649,130972.0,193021.0,3163.0,3163.0,3108.0,3134.3,32003800,3447.7,2820.9,3839.9,2896.0,3147.2,2,2,3147.0,31,6,3146.8,29,1,3146.7,22,1,3146.6,12,2,3147.3,1,1,3147.8,194,1,3147.9,423,3,3148.0,625,4,3148.1,62,1
2031,2026-06-16 13:23:03+05:30,3147.3,1,3131.79,2462649,130972.0,193021.0,3163.0,3163.0,3108.0,3134.3,32003800,3447.7,2820.9,3839.9,2896.0,3147.2,2,2,3147.0,31,6,3146.8,29,1,3146.7,22,1,3146.6,12,2,3147.3,1,1,3147.8,194,1,3147.9,423,3,3148.0,625,4,3148.1,62,1
2031,2026-06-16 13:23:03+05:30,3147.3,1,3131.79,2462649,131000.0,192984.0,3163.0,3163.0,3108.0,3134.3,32003800,3447.7,2820.9,3839.9,2896.0,3147.2,20,3,3147.0,16,5,3146.9,22,1,3146.8,29,1,3146.6,42,3,3147.3,1,1,3147.8,194,1,3147.9,423,3,3148.0,625,4,3148.1,62,1
2031,2026-06-16 13:23:04+05:30,3147.8,29,3131.79,2462679,131228.0,197849.0,3163.0,3163.0,3108.0,3134.3,32003800,3447.7,2820.9,3839.9,2896.0,3147.2,20,3,3147.0,16,5,3146.9,3,1,3146.8,29,1,3146.7,19,1,3147.8,165,1,3147.9,423,3,3148.0,625,4,3148.1,96,2,3148.3,110,3
2031,2026-06-16 13:23:05+05:30,3147.8,29,3131.79,2462679,131228.0,197849.0,3163.0,3163.0,3108.0,3134.3,32003800,3447.7,2820.9,3839.9,2896.0,3147.2,20,3,3147.0,16,5,3146.9,3,1,3146.8,29,1,3146.7,19,1,3147.8,165,1,3147.9,423,3,3148.0,625,4,3148.1,96,2,3148.3,110,3
2031,2026-06-16 13:23:05+05:30,3147.5,1,3131.79,2462682,130998.0,198087.0,3163.0,3163.0,3108.0,3134.3,32003800,3447.7,2820.9,3839.9,2896.0,3147.5,1,1,3147.2,18,1,3147.0,26,6,3146.9,3,1,3146.8,29,1,3147.7,13,1,3147.8,202,3,3147.9,423,3,3148.0,689,6,3148.1,142,3
2031,2026-06-16 13:23:06+05:30,3147.5,1,3131.79,2462682,130998.0,198087.0,3163.0,3163.0,3108.0,3134.3,32003800,3447.7,2820.9,3839.9,2896.0,3147.5,1,1,3147.2,18,1,3147.0,26,6,3146.9,3,1,3146.8,29,1,3147.7,13,1,3147.8,202,3,3147.9,423,3,3148.0,689,6,3148.1,142,3
2031,2026-06-16 13:23:06+05:30,3147.5,1,3131.79,2462682,131061.0,198089.0,3163.0,3163.0,3108.0,3134.3,32003800,3447.7,2820.9,3839.9,2896.0,3147.5,1,1,3147.4,16,1,3147.2,11,1,3147.0,16,5,3146.9,3,1,3147.7,13,1,3147.8,255,5,3147.9,469,4,3148.0,689,6,3148.1,96,2
2031,2026-06-16 13:23:07+05:30,3147.7,1,3131.79,2462682,131061.0,198089.0,3163.0,3163.0,3108.0,3134.3,32003800,3447.7,2820.9,3839.9,2896.0,3147.5,1,1,3147.4,16,1,3147.2,11,1,3147.0,16,5,3146.9,3,1,3147.7,13,1,3147.8,255,5,3147.9,469,4,3148.0,689,6,3148.1,96,2
2031,2026-06-16 13:23:07+05:30,3147.7,1,3131.79,2462684,131066.0,198092.0,3163.0,3163.0,3108.0,3134.3,32003800,3447.7,2820.9,3839.9,2896.0,3147.5,1,1,3147.4,16,1,3147.2,11,1,3147.0,16,5,3146.9,3,1,3147.7,11,1,3147.8,255,5,3147.9,469,4,3148.0,689,6,3148.1,96,2
2031,2026-06-16 13:23:08+05:30,3147.7,1,3131.79,2462684,131066.0,198092.0,3163.0,3163.0,3108.0,3134.3,32003800,3447.7,2820.9,3839.9,2896.0,3147.5,1,1,3147.4,16,1,3147.2,11,1,3147.0,16,5,3146.9,3,1,3147.7,11,1,3147.8,255,5,3147.9,469,4,3148.0,689,6,3148.1,96,2
2031,2026-06-16 13:23:08+05:30,3147.6,22,3131.79,2462895,131109.0,195977.0,3163.0,3163.0,3108.0,3134.3,32003800,3447.7,2820.9,3839.9,2896.0,3147.4,16,1,3147.0,23,5,3146.9,3,1,3146.6,34,3,3146.5,24,2,3147.5,28,1,3147.7,13,1,3147.8,298,4,3147.9,423,3,3148.0,794,8
2031,2026-06-16 13:23:09+05:30,3147.5,1,3131.79,2462895,131109.0,195977.0,3163.0,3163.0,3108.0,3134.3,32003800,3447.7,2820.9,3839.9,2896.0,3147.4,16,1,3147.0,23,5,3146.9,3,1,3146.6,34,3,3146.5,24,2,3147.5,28,1,3147.7,13,1,3147.8,298,4,3147.9,423,3,3148.0,794,8
2031,2026-06-16 13:23:09+05:30,3147.5,1,3131.79,2462924,131032.0,198081.0,3163.0,3163.0,3108.0,3134.3,32003800,3447.7,2820.9,3839.9,2896.0,3147.6,3,1,3147.4,16,1,3147.0,23,5,3146.9,3,1,3146.6,17,2,3147.7,14,1,3147.8,238,2,3147.9,638,5,3148.0,663,5,3148.1,45,1
2031,2026-06-16 13:23:10+05:30,3147.8,21,3131.79,2462953,131933.0,198146.0,3163.0,3163.0,3108.0,3134.3,32003800,3447.7,2820.9,3839.9,2896.0,3147.6,3,1,3147.4,16,1,3147.1,7,1,3147.0,22,4,3146.8,3,1,3147.7,24,1,3147.8,179,1,3147.9,721,7,3148.0,625,4,3148.1,60,1
2031,2026-06-16 13:23:11+05:30,3147.8,21,3131.79,2462953,131933.0,198146.0,3163.0,3163.0,3108.0,3134.3,32003800,3447.7,2820.9,3839.9,2896.0,3147.6,3,1,3147.4,16,1,3147.1,7,1,3147.0,22,4,3146.8,3,1,3147.7,24,1,3147.8,179,1,3147.9,721,7,3148.0,625,4,3148.1,60,1
2031,2026-06-16 13:23:11+05:30,3147.7,11,3131.79,2462970,130815.0,198197.0,3163.0,3163.0,3108.0,3134.3,32003800,3447.7,2820.9,3839.9,2896.0,3147.6,2,1,3147.5,17,1,3147.0,22,4,3146.8,3,1,3146.6,46,3,3147.7,8,1,3147.8,179,1,3147.9,667,5,3148.0,625,4,3148.1,60,1
2031,2026-06-16 13:23:12+05:30,3147.7,11,3131.79,2462970,130815.0,198197.0,3163.0,3163.0,3108.0,3134.3,32003800,3447.7,2820.9,3839.9,2896.0,3147.6,2,1,3147.5,17,1,3147.0,22,4,3146.8,3,1,3146.6,46,3,3147.7,8,1,3147.8,179,1,3147.9,667,5,3148.0,625,4,3148.1,60,1
2031,2026-06-16 13:23:12+05:30,3147.8,8,3131.79,2463032,130756.0,197979.0,3163.0,3163.0,3108.0,3134.3,32003800,3447.7,2820.9,3839.9,2896.0,3147.6,2,1,3147.0,41,5,3146.8,3,1,3146.6,17,2,3146.5,45,3,3147.7,44,4,3147.8,236,4,3147.9,668,6,3148.0,707,6,3148.1,94,2
2031,2026-06-16 13:23:13+05:30,3147.7,1,3131.79,2463032,130756.0,197979.0,3163.0,3163.0,3108.0,3134.3,32003800,3447.7,2820.9,3839.9,2896.0,3147.6,2,1,3147.0,41,5,3146.8,3,1,3146.6,17,2,3146.5,45,3,3147.7,44,4,3147.8,236,4,3147.9,668,6,3148.0,707,6,3148.1,94,2
2031,2026-06-16 13:23:13+05:30,3147.7,1,3131.79,2463036,130579.0,198235.0,3163.0,3163.0,3108.0,3134.3,32003800,3447.7,2820.9,3839.9,2896.0,3147.6,1,1,3147.4,16,1,3147.0,11,3,3146.8,3,1,3146.6,29,3,3147.7,53,4,3147.8,241,4,3147.9,705,6,3148.0,772,8,3148.1,60,1
2031,2026-06-16 13:23:14+05:30,3147.7,1,3131.79,2463036,130579.0,198235.0,3163.0,3163.0,3108.0,3134.3,32003800,3447.7,2820.9,3839.9,2896.0,3147.6,1,1,3147.4,16,1,3147.0,11,3,3146.8,3,1,3146.6,29,3,3147.7,53,4,3147.8,241,4,3147.9,705,6,3148.0,772,8,3148.1,60,1
2031,2026-06-16 13:23:14+05:30,3147.7,1,3131.79,2463036,130579.0,198235.0,3163.0,3163.0,3108.0,3134.3,32003800,3447.7,2820.9,3839.9,2896.0,3147.6,1,1,3147.4,16,1,3147.0,11,3,3146.8,3,1,3146.6,29,3,3147.7,53,4,3147.8,241,4,3147.9,705,6,3148.0,772,8,3148.1,60,1
2031,2026-06-16 13:23:14+05:30,3147.7,20,3131.79,2463203,130451.0,197415.0,3163.0,3163.0,3108.0,3134.3,32003800,3447.7,2820.9,3839.9,2896.0,3147.2,1,1,3147.0,22,4,3146.8,3,1,3146.6,17,2,3146.5,24,2,3147.6,13,1,3147.7,14,1,3147.8,198,3,3147.9,416,3,3148.0,755,8
2031,2026-06-16 13:23:15+05:30,3147.6,1,3131.79,2463203,130451.0,197415.0,3163.0,3163.0,3108.0,3134.3,32003800,3447.7,2820.9,3839.9,2896.0,3147.2,1,1,3147.0,22,4,3146.8,3,1,3146.6,17,2,3146.5,24,2,3147.6,13,1,3147.7,14,1,3147.8,198,3,3147.9,416,3,3148.0,755,8
2031,2026-06-16 13:23:15+05:30,3147.0,5,3131.79,2463226,130647.0,197522.0,3163.0,3163.0,3108.0,3134.3,32003800,3447.7,2820.9,3839.9,2896.0,3147.0,17,4,3146.8,3,1,3146.6,17,2,3146.5,24,2,3146.4,3,1,3147.6,12,1,3147.7,32,3,3147.8,232,4,3147.9,502,4,3148.0,663,5
2031,2026-06-16 13:23:15+05:30,3147.0,5,3131.79,2463226,130647.0,197522.0,3163.0,3163.0,3108.0,3134.3,32003800,3447.7,2820.9,3839.9,2896.0,3147.0,17,4,3146.8,3,1,3146.6,17,2,3146.5,24,2,3146.4,3,1,3147.6,12,1,3147.7,32,3,3147.8,232,4,3147.9,502,4,3148.0,663,5
2031,2026-06-16 13:23:16+05:30,3147.0,5,3131.79,2463226,130647.0,197522.0,3163.0,3163.0,3108.0,3134.3,32003800,3447.7,2820.9,3839.9,2896.0,3147.0,17,4,3146.8,3,1,3146.6,17,2,3146.5,24,2,3146.4,3,1,3147.6,12,1,3147.7,32,3,3147.8,232,4,3147.9,502,4,3148.0,663,5
2031,2026-06-16 13:23:16+05:30,3147.0,5,3131.79,2463226,130549.0,197544.0,3163.0,3163.0,3108.0,3134.3,32003800,3447.7,2820.9,3839.9,2896.0,3147.0,24,4,3146.8,3,1,3146.6,22,2,3146.5,24,2,3146.4,3,1,3147.4,1,1,3147.6,17,2,3147.7,19,2,3147.8,171,1,3147.9,460,3
2031,2026-06-16 13:23:18+05:30,3147.0,5,3131.79,2463226,130530.0,197552.0,3163.0,3163.0,3108.0,3134.3,32003800,3447.7,2820.9,3839.9,2896.0,3147.0,24,4,3146.8,3,1,3146.6,22,2,3146.5,24,2,3146.4,3,1,3147.4,14,2,3147.6,36,3,3147.7,57,3,3147.8,171,1,3147.9,502,4
2031,2026-06-16 13:23:18+05:30,3147.0,5,3131.79,2463226,130530.0,197552.0,3163.0,3163.0,3108.0,3134.3,32003800,3447.7,2820.9,3839.9,2896.0,3147.0,24,4,3146.8,3,1,3146.6,22,2,3146.5,24,2,3146.4,3,1,3147.4,14,2,3147.6,36,3,3147.7,57,3,3147.8,171,1,3147.9,502,4
2031,2026-06-16 13:23:19+05:30,3147.0,2,3131.79,2463226,130530.0,197552.0,3163.0,3163.0,3108.0,3134.3,32003800,3447.7,2820.9,3839.9,2896.0,3147.0,24,4,3146.8,3,1,3146.6,22,2,3146.5,24,2,3146.4,3,1,3147.4,14,2,3147.6,36,3,3147.7,57,3,3147.8,171,1,3147.9,502,4
2031,2026-06-16 13:23:19+05:30,3147.0,2,3131.79,2463427,130335.0,198000.0,3163.0,3163.0,3108.0,3134.3,32003800,3447.7,2820.9,3839.9,2896.0,3147.0,27,2,3146.6,10,1,3146.5,1,1,3146.4,3,1,3146.3,13,1,3147.4,13,1,3147.6,102,5,3147.7,190,3,3147.8,800,4,3147.9,549,5
2031,2026-06-16 13:23:20+05:30,3147.6,4,3131.79,2463427,130335.0,198000.0,3163.0,3163.0,3108.0,3134.3,32003800,3447.7,2820.9,3839.9,2896.0,3147.0,27,2,3146.6,10,1,3146.5,1,1,3146.4,3,1,3146.3,13,1,3147.4,13,1,3147.6,102,5,3147.7,190,3,3147.8,800,4,3147.9,549,5
2031,2026-06-16 13:23:20+05:30,3147.6,4,3131.79,2463427,130335.0,198000.0,3163.0,3163.0,3108.0,3134.3,32003800,3447.7,2820.9,3839.9,2896.0,3147.0,27,2,3146.6,10,1,3146.5,1,1,3146.4,3,1,3146.3,13,1,3147.4,13,1,3147.6,102,5,3147.7,190,3,3147.8,800,4,3147.9,549,5
2031,2026-06-16 13:23:20+05:30,3147.0,1,3131.79,2463446,130500.0,197901.0,3163.0,3163.0,3108.0,3134.3,32003800,3447.7,2820.9,3839.9,2896.0,3147.0,26,2,3146.6,10,1,3146.5,1,1,3146.4,3,1,3146.3,39,3,3147.4,46,2,3147.6,13,2,3147.7,219,3,3147.8,800,4,3147.9,571,6
2031,2026-06-16 13:23:21+05:30,3147.4,18,3131.79,2463446,130500.0,197901.0,3163.0,3163.0,3108.0,3134.3,32003800,3447.7,2820.9,3839.9,2896.0,3147.0,26,2,3146.6,10,1,3146.5,1,1,3146.4,3,1,3146.3,39,3,3147.4,46,2,3147.6,13,2,3147.7,219,3,3147.8,800,4,3147.9,571,6
2031,2026-06-16 13:23:21+05:30,3147.4,18,3131.79,2463464,130546.0,197731.0,3163.0,3163.0,3108.0,3134.3,32003800,3447.7,2820.9,3839.9,2896.0,3147.0,26,2,3146.6,10,1,3146.5,26,2,3146.4,63,2,3146.3,60,4,3147.4,15,1,3147.6,5,1,3147.7,10,1,3147.8,371,2,3147.9,622,4
2031,2026-06-16 13:23:22+05:30,3147.4,18,3131.79,2463464,130657.0,197737.0,3163.0,3163.0,3108.0,3134.3,32003800,3447.7,2820.9,3839.9,2896.0,3147.0,26,2,3146.6,10,1,3146.5,26,2,3146.4,63,2,3146.3,60,4,3147.4,15,1,3147.6,5,1,3147.7,10,1,3147.8,371,2,3147.9,622,4
2031,2026-06-16 13:23:22+05:30,3147.4,18,3131.79,2463464,130657.0,197737.0,3163.0,3163.0,3108.0,3134.3,32003800,3447.7,2820.9,3839.9,2896.0,3147.0,26,2,3146.6,10,1,3146.5,26,2,3146.4,63,2,3146.3,60,4,3147.4,15,1,3147.6,5,1,3147.7,10,1,3147.8,371,2,3147.9,622,4
2031,2026-06-16 13:23:23+05:30,3147.7,6,3131.79,2463516,130796.0,197761.0,3163.0,3163.0,3108.0,3134.3,32003800,3447.7,2820.9,3839.9,2896.0,3147.0,50,4,3146.9,36,2,3146.8,41,3,3146.7,10,1,3146.6,48,4,3147.4,1,1,3147.7,4,1,3147.8,371,2,3147.9,622,4,3148.0,425,3
2031,2026-06-16 13:23:23+05:30,3147.7,6,3131.79,2463516,130796.0,197761.0,3163.0,3163.0,3108.0,3134.3,32003800,3447.7,2820.9,3839.9,2896.0,3147.0,50,4,3146.9,36,2,3146.8,41,3,3146.7,10,1,3146.6,48,4,3147.4,1,1,3147.7,4,1,3147.8,371,2,3147.9,622,4,3148.0,425,3
2031,2026-06-16 13:23:24+05:30,3147.2,1,3131.79,2463516,130796.0,197761.0,3163.0,3163.0,3108.0,3134.3,32003800,3447.7,2820.9,3839.9,2896.0,3147.0,50,4,3146.9,36,2,3146.8,41,3,3146.7,10,1,3146.6,48,4,3147.4,1,1,3147.7,4,1,3147.8,371,2,3147.9,622,4,3148.0,425,3
2031,2026-06-16 13:23:24+05:30,3147.2,13,3131.8,2463673,130968.0,197555.0,3163.0,3163.0,3108.0,3134.3,32003800,3447.7,2820.9,3839.9,2896.0,3147.1,23,2,3147.0,80,5,3146.9,65,4,3146.8,41,3,3146.7,63,3,3147.2,43,1,3147.4,1,1,3147.8,371,2,3147.9,622,4,3148.0,425,3
2031,2026-06-16 13:23:25+05:30,3147.2,7,3131.8,2463673,130968.0,197555.0,3163.0,3163.0,3108.0,3134.3,32003800,3447.7,2820.9,3839.9,2896.0,3147.1,23,2,3147.0,80,5,3146.9,65,4,3146.8,41,3,3146.7,63,3,3147.2,43,1,3147.4,1,1,3147.8,371,2,3147.9,622,4,3148.0,425,3
2031,2026-06-16 13:23:25+05:30,3147.2,7,3131.8,2463673,130968.0,197555.0,3163.0,3163.0,3108.0,3134.3,32003800,3447.7,2820.9,3839.9,2896.0,3147.1,23,2,3147.0,80,5,3146.9,65,4,3146.8,41,3,3146.7,63,3,3147.2,43,1,3147.4,1,1,3147.8,371,2,3147.9,622,4,3148.0,425,3
2031,2026-06-16 13:23:25+05:30,3147.2,9,3131.8,2463725,131127.0,197752.0,3163.0,3163.0,3108.0,3134.3,32003800,3447.7,2820.9,3839.9,2896.0,3147.1,63,5,3147.0,100,6,3146.9,78,4,3146.8,33,3,3146.7,109,4,3147.2,49,2,3147.4,1,1,3147.8,371,2,3147.9,622,4,3148.0,425,3
2031,2026-06-16 13:23:26+05:30,3147.2,29,3131.8,2463725,131127.0,197752.0,3163.0,3163.0,3108.0,3134.3,32003800,3447.7,2820.9,3839.9,2896.0,3147.1,63,5,3147.0,100,6,3146.9,78,4,3146.8,33,3,3146.7,109,4,3147.2,49,2,3147.4,1,1,3147.8,371,2,3147.9,622,4,3148.0,425,3
2031,2026-06-16 13:23:26+05:30,3147.2,29,3131.8,2463725,131127.0,197752.0,3163.0,3163.0,3108.0,3134.3,32003800,3447.7,2820.9,3839.9,2896.0,3147.1,63,5,3147.0,100,6,3146.9,78,4,3146.8,33,3,3146.7,109,4,3147.2,49,2,3147.4,1,1,3147.8,371,2,3147.9,622,4,3148.0,425,3
2031,2026-06-16 13:23:26+05:30,3147.2,16,3131.8,2463788,131114.0,197712.0,3163.0,3163.0,3108.0,3134.3,32003800,3447.7,2820.9,3839.9,2896.0,3147.2,16,1,3147.1,53,3,3147.0,88,5,3146.9,44,3,3146.8,40,4,3147.4,1,1,3147.8,371,2,3147.9,622,4,3148.0,425,3,3148.2,21,1
2031,2026-06-16 13:23:26+05:30,3147.2,16,3131.8,2463788,131114.0,197712.0,3163.0,3163.0,3108.0,3134.3,32003800,3447.7,2820.9,3839.9,2896.0,3147.2,16,1,3147.1,53,3,3147.0,88,5,3146.9,44,3,3146.8,40,4,3147.4,1,1,3147.8,371,2,3147.9,622,4,3148.0,425,3,3148.2,21,1
2031,2026-06-16 13:23:27+05:30,3147.5,3,3131.8,2463788,131114.0,197712.0,3163.0,3163.0,3108.0,3134.3,32003800,3447.7,2820.9,3839.9,2896.0,3147.2,16,1,3147.1,53,3,3147.0,88,5,3146.9,44,3,3146.8,40,4,3147.4,1,1,3147.8,371,2,3147.9,622,4,3148.0,425,3,3148.2,21,1
2031,2026-06-16 13:23:27+05:30,3147.5,3,3131.8,2463788,131114.0,197712.0,3163.0,3163.0,3108.0,3134.3,32003800,3447.7,2820.9,3839.9,2896.0,3147.2,16,1,3147.1,53,3,3147.0,88,5,3146.9,44,3,3146.8,40,4,3147.4,1,1,3147.8,371,2,3147.9,622,4,3148.0,425,3,3148.2,21,1
2031,2026-06-16 13:23:27+05:30,3147.5,3,3131.8,2463857,132036.0,197199.0,3163.0,3163.0,3108.0,3134.3,32003800,3447.7,2820.9,3839.9,2896.0,3147.5,30,2,3147.4,57,3,3147.3,76,4,3147.1,43,3,3147.0,167,9,3147.6,155,1,3148.0,25,1,3148.5,14,1,3148.6,21,1,3148.7,231,2
2031,2026-06-16 13:23:27+05:30,3147.5,3,3131.8,2463857,132036.0,197199.0,3163.0,3163.0,3108.0,3134.3,32003800,3447.7,2820.9,3839.9,2896.0,3147.5,30,2,3147.4,57,3,3147.3,76,4,3147.1,43,3,3147.0,167,9,3147.6,155,1,3148.0,25,1,3148.5,14,1,3148.6,21,1,3148.7,231,2
2031,2026-06-16 13:23:28+05:30,3147.3,15,3131.8,2463857,132036.0,197199.0,3163.0,3163.0,3108.0,3134.3,32003800,3447.7,2820.9,3839.9,2896.0,3147.5,30,2,3147.4,57,3,3147.3,76,4,3147.1,43,3,3147.0,167,9,3147.6,155,1,3148.0,25,1,3148.5,14,1,3148.6,21,1,3148.7,231,2
2031,2026-06-16 13:23:28+05:30,3147.3,15,3131.8,2464012,132274.0,197202.0,3163.0,3163.0,3108.0,3134.3,32003800,3447.7,2820.9,3839.9,2896.0,3147.4,63,3,3147.3,82,4,3147.2,52,3,3147.1,34,2,3147.0,136,7,3148.0,25,1,3148.5,14,1,3148.6,21,1,3148.8,409,4,3148.9,624,4
2031,2026-06-16 13:23:28+05:30,3147.3,15,3131.8,2464012,132274.0,197202.0,3163.0,3163.0,3108.0,3134.3,32003800,3447.7,2820.9,3839.9,2896.0,3147.4,63,3,3147.3,82,4,3147.2,52,3,3147.1,34,2,3147.0,136,7,3148.0,25,1,3148.5,14,1,3148.6,21,1,3148.8,409,4,3148.9,624,4
2031,2026-06-16 13:23:29+05:30,3147.8,14,3131.8,2464012,132274.0,197202.0,3163.0,3163.0,3108.0,3134.3,32003800,3447.7,2820.9,3839.9,2896.0,3147.4,63,3,3147.3,82,4,3147.2,52,3,3147.1,34,2,3147.0,136,7,3148.0,25,1,3148.5,14,1,3148.6,21,1,3148.8,409,4,3148.9,624,4
2031,2026-06-16 13:23:29+05:30,3147.8,19,3131.8,2464048,132510.0,196705.0,3163.0,3163.0,3108.0,3134.3,32003800,3447.7,2820.9,3839.9,2896.0,3147.7,45,1,3147.6,53,2,3147.5,95,5,3147.4,63,5,3147.3,70,4,3147.8,26,1,3148.0,24,1,3148.5,14,1,3148.6,21,1,3148.8,371,3
2031,2026-06-16 13:23:30+05:30,3147.8,19,3131.8,2464048,132510.0,196705.0,3163.0,3163.0,3108.0,3134.3,32003800,3447.7,2820.9,3839.9,2896.0,3147.7,45,1,3147.6,53,2,3147.5,95,5,3147.4,63,5,3147.3,70,4,3147.8,26,1,3148.0,24,1,3148.5,14,1,3148.6,21,1,3148.8,371,3
2031,2026-06-16 13:23:30+05:30,3147.8,19,3131.8,2464048,132510.0,196705.0,3163.0,3163.0,3108.0,3134.3,32003800,3447.7,2820.9,3839.9,2896.0,3147.7,45,1,3147.6,53,2,3147.5,95,5,3147.4,63,5,3147.3,70,4,3147.8,26,1,3148.0,24,1,3148.5,14,1,3148.6,21,1,3148.8,371,3
2031,2026-06-16 13:23:30+05:30,3147.8,19,3131.8,2464048,132510.0,196705.0,3163.0,3163.0,3108.0,3134.3,32003800,3447.7,2820.9,3839.9,2896.0,3147.7,45,1,3147.6,53,2,3147.5,95,5,3147.4,63,5,3147.3,70,4,3147.8,26,1,3148.0,24,1,3148.5,14,1,3148.6,21,1,3148.8,371,3
2031,2026-06-16 13:23:30+05:30,3148.0,24,3131.8,2464099,132996.0,196441.0,3163.0,3163.0,3108.0,3134.3,32003800,3447.7,2820.9,3839.9,2896.0,3148.0,21,1,3147.9,32,1,3147.8,54,5,3147.7,8,3,3147.5,33,2,3148.7,39,3,3148.8,392,4,3148.9,701,6,3149.0,463,4,3149.1,58,1
2031,2026-06-16 13:23:31+05:30,3147.4,6,3131.8,2464099,132996.0,196441.0,3163.0,3163.0,3108.0,3134.3,32003800,3447.7,2820.9,3839.9,2896.0,3148.0,21,1,3147.9,32,1,3147.8,54,5,3147.7,8,3,3147.5,33,2,3148.7,39,3,3148.8,392,4,3148.9,701,6,3149.0,463,4,3149.1,58,1
2031,2026-06-16 13:23:31+05:30,3147.4,6,3131.8,2464099,132996.0,196441.0,3163.0,3163.0,3108.0,3134.3,32003800,3447.7,2820.9,3839.9,2896.0,3148.0,21,1,3147.9,32,1,3147.8,54,5,3147.7,8,3,3147.5,33,2,3148.7,39,3,3148.8,392,4,3148.9,701,6,3149.0,463,4,3149.1,58,1
2031,2026-06-16 13:23:32+05:30,3146.1,1,3131.8,2465068,129454.0,200311.0,3163.0,3163.0,3108.0,3134.3,32003800,3447.7,2820.9,3839.9,2896.0,3146.1,5,1,3146.0,23,3,3145.9,84,3,3145.8,28,3,3145.7,46,3,3147.3,107,4,3147.4,207,4,3147.5,4,1,3147.6,49,1,3147.7,96,3
2031,2026-06-16 13:23:32+05:30,3146.1,1,3131.8,2465068,129454.0,200311.0,3163.0,3163.0,3108.0,3134.3,32003800,3447.7,2820.9,3839.9,2896.0,3146.1,5,1,3146.0,23,3,3145.9,84,3,3145.8,28,3,3145.7,46,3,3147.3,107,4,3147.4,207,4,3147.5,4,1,3147.6,49,1,3147.7,96,3
2031,2026-06-16 13:23:32+05:30,3146.1,1,3131.8,2465068,129454.0,200311.0,3163.0,3163.0,3108.0,3134.3,32003800,3447.7,2820.9,3839.9,2896.0,3146.1,5,1,3146.0,23,3,3145.9,84,3,3145.8,28,3,3145.7,46,3,3147.3,107,4,3147.4,207,4,3147.5,4,1,3147.6,49,1,3147.7,96,3
2031,2026-06-16 13:23:33+05:30,3147.0,1,3131.8,2465069,129358.0,199634.0,3163.0,3163.0,3108.0,3134.3,32003800,3447.7,2820.9,3839.9,2896.0,3146.1,42,1,3146.0,43,4,3145.9,40,4,3145.8,29,2,3145.7,15,2,3147.0,174,3,3147.1,35,3,3147.2,27,2,3147.3,25,2,3147.4,17,1
2031,2026-06-16 13:23:33+05:30,3147.0,1,3131.8,2465069,129358.0,199634.0,3163.0,3163.0,3108.0,3134.3,32003800,3447.7,2820.9,3839.9,2896.0,3146.1,42,1,3146.0,43,4,3145.9,40,4,3145.8,29,2,3145.7,15,2,3147.0,174,3,3147.1,35,3,3147.2,27,2,3147.3,25,2,3147.4,17,1
2031,2026-06-16 13:23:34+05:30,3147.0,1,3131.8,2465069,129358.0,199634.0,3163.0,3163.0,3108.0,3134.3,32003800,3447.7,2820.9,3839.9,2896.0,3146.1,42,1,3146.0,43,4,3145.9,40,4,3145.8,29,2,3145.7,15,2,3147.0,174,3,3147.1,35,3,3147.2,27,2,3147.3,25,2,3147.4,17,1
2031,2026-06-16 13:23:34+05:30,3147.0,1,3131.8,2465069,129358.0,199634.0,3163.0,3163.0,3108.0,3134.3,32004000,3447.7,2820.9,3839.9,2896.0,3146.1,42,1,3146.0,43,4,3145.9,40,4,3145.8,29,2,3145.7,15,2,3147.0,174,3,3147.1,35,3,3147.2,27,2,3147.3,25,2,3147.4,17,1
2031,2026-06-16 13:23:34+05:30,3147.0,1,3131.8,2465069,129317.0,200010.0,3163.0,3163.0,3108.0,3134.3,32004000,3447.7,2820.9,3839.9,2896.0,3146.1,42,1,3146.0,43,4,3145.9,40,4,3145.8,70,4,3145.7,56,3,3146.5,71,1,3146.6,148,1,3147.0,26,2,3147.1,22,2,3147.2,27,2
2031,2026-06-16 13:23:35+05:30,3146.1,42,3131.8,2465069,129317.0,200010.0,3163.0,3163.0,3108.0,3134.3,32004000,3447.7,2820.9,3839.9,2896.0,3146.1,42,1,3146.0,43,4,3145.9,40,4,3145.8,70,4,3145.7,56,3,3146.5,71,1,3146.6,148,1,3147.0,26,2,3147.1,22,2,3147.2,27,2
2031,2026-06-16 13:23:35+05:30,3146.0,2,3131.8,2465116,127069.0,200456.0,3163.0,3163.0,3108.0,3134.3,32004000,3447.7,2820.9,3839.9,2896.0,3145.1,24,3,3145.0,1179,9,3144.9,52,3,3144.8,23,3,3144.7,131,5,3145.9,226,2,3146.0,146,1,3146.1,45,1,3146.2,32,1,3146.3,32,1
2031,2026-06-16 13:23:36+05:30,3145.5,32,3131.8,2465116,127069.0,200456.0,3163.0,3163.0,3108.0,3134.3,32004000,3447.7,2820.9,3839.9,2896.0,3145.1,24,3,3145.0,1179,9,3144.9,52,3,3144.8,23,3,3144.7,131,5,3145.9,226,2,3146.0,146,1,3146.1,45,1,3146.2,32,1,3146.3,32,1
2031,2026-06-16 13:23:36+05:30,3145.5,32,3131.81,2465451,127504.0,198681.0,3163.0,3163.0,3108.0,3134.3,32004000,3447.7,2820.9,3839.9,2896.0,3145.2,42,4,3145.1,22,4,3145.0,1082,6,3144.9,83,6,3144.8,136,5,3145.6,178,2,3145.7,10,1,3145.8,32,1,3146.6,20,1,3146.7,14,1
2031,2026-06-16 13:23:37+05:30,3145.3,16,3131.81,2465451,127504.0,198681.0,3163.0,3163.0,3108.0,3134.3,32004000,3447.7,2820.9,3839.9,2896.0,3145.2,42,4,3145.1,22,4,3145.0,1082,6,3144.9,83,6,3144.8,136,5,3145.6,178,2,3145.7,10,1,3145.8,32,1,3146.6,20,1,3146.7,14,1
2031,2026-06-16 13:23:37+05:30,3145.3,16,3131.81,2465623,127862.0,200210.0,3163.0,3163.0,3108.0,3134.3,32004000,3447.7,2820.9,3839.9,2896.0,3145.2,109,6,3145.1,32,3,3145.0,1255,8,3144.9,60,4,3144.8,66,6,3145.6,23,2,3145.7,10,1,3145.8,32,1,3146.6,80,2,3146.7,14,1
2031,2026-06-16 13:23:38+05:30,3145.2,45,3131.81,2465623,127862.0,200210.0,3163.0,3163.0,3108.0,3134.3,32004000,3447.7,2820.9,3839.9,2896.0,3145.2,109,6,3145.1,32,3,3145.0,1255,8,3144.9,60,4,3144.8,66,6,3145.6,23,2,3145.7,10,1,3145.8,32,1,3146.6,80,2,3146.7,14,1
2031,2026-06-16 13:23:38+05:30,3145.1,1,3131.81,2466019,127608.0,199737.0,3163.0,3163.0,3108.0,3134.3,32004000,3447.7,2820.9,3839.9,2896.0,3145.1,31,4,3145.0,997,9,3144.9,47,3,3144.8,91,7,3144.7,53,4,3145.6,38,3,3145.7,42,2,3146.5,63,1,3146.6,80,2,3146.7,42,2
2031,2026-06-16 13:23:39+05:30,3145.3,26,3131.81,2466019,127608.0,199737.0,3163.0,3163.0,3108.0,3134.3,32004000,3447.7,2820.9,3839.9,2896.0,3145.1,31,4,3145.0,997,9,3144.9,47,3,3144.8,91,7,3144.7,53,4,3145.6,38,3,3145.7,42,2,3146.5,63,1,3146.6,80,2,3146.7,42,2
2031,2026-06-16 13:23:39+05:30,3145.3,26,3131.81,2466121,127515.0,200424.0,3163.0,3163.0,3108.0,3134.3,32004000,3447.7,2820.9,3839.9,2896.0,3145.0,881,5,3144.9,55,4,3144.8,16,4,3144.7,19,2,3144.6,52,3,3145.3,19,1,3145.4,32,1,3145.5,32,1,3145.6,38,3,3145.7,10,1
2031,2026-06-16 13:23:40+05:30,3145.3,30,3131.81,2466121,127515.0,200424.0,3163.0,3163.0,3108.0,3134.3,32004000,3447.7,2820.9,3839.9,2896.0,3145.0,881,5,3144.9,55,4,3144.8,16,4,3144.7,19,2,3144.6,52,3,3145.3,19,1,3145.4,32,1,3145.5,32,1,3145.6,38,3,3145.7,10,1
2031,2026-06-16 13:23:40+05:30,3145.2,1,3131.81,2466217,127563.0,200256.0,3163.0,3163.0,3108.0,3134.3,32004000,3447.7,2820.9,3839.9,2896.0,3145.2,6,1,3145.1,31,2,3145.0,904,7,3144.9,46,4,3144.8,37,5,3145.3,30,4,3145.6,54,2,3145.7,10,1,3146.1,28,1,3146.4,20,1
2031,2026-06-16 13:23:41+05:30,3145.2,6,3131.81,2466217,127563.0,200256.0,3163.0,3163.0,3108.0,3134.3,32004000,3447.7,2820.9,3839.9,2896.0,3145.2,6,1,3145.1,31,2,3145.0,904,7,3144.9,46,4,3144.8,37,5,3145.3,30,4,3145.6,54,2,3145.7,10,1,3146.1,28,1,3146.4,20,1
2031,2026-06-16 13:23:41+05:30,3145.2,6,3131.81,2466223,127515.0,200375.0,3163.0,3163.0,3108.0,3134.3,32004000,3447.7,2820.9,3839.9,2896.0,3145.1,17,1,3145.0,903,6,3144.9,10,1,3144.8,16,4,3144.7,41,3,3145.2,22,1,3145.3,30,4,3145.6,22,1,3145.7,42,2,3146.1,28,1
2031,2026-06-16 13:23:42+05:30,3145.2,45,3131.81,2466223,127515.0,200375.0,3163.0,3163.0,3108.0,3134.3,32004000,3447.7,2820.9,3839.9,2896.0,3145.1,17,1,3145.0,903,6,3144.9,10,1,3144.8,16,4,3144.7,41,3,3145.2,22,1,3145.3,30,4,3145.6,22,1,3145.7,42,2,3146.1,28,1
2031,2026-06-16 13:23:42+05:30,3145.2,45,3131.81,2466301,127409.0,200508.0,3163.0,3163.0,3108.0,3134.3,32004000,3447.7,2820.9,3839.9,2896.0,3145.1,17,1,3145.0,881,5,3144.9,32,2,3144.8,16,4,3144.7,21,3,3145.2,15,1,3145.3,30,3,3145.6,54,2,3145.7,10,1,3146.1,28,1
2031,2026-06-16 13:23:43+05:30,3145.2,1,3131.81,2466301,127409.0,200508.0,3163.0,3163.0,3108.0,3134.3,32004000,3447.7,2820.9,3839.9,2896.0,3145.1,17,1,3145.0,881,5,3144.9,32,2,3144.8,16,4,3144.7,21,3,3145.2,15,1,3145.3,30,3,3145.6,54,2,3145.7,10,1,3146.1,28,1
2031,2026-06-16 13:23:43+05:30,3145.0,45,3131.81,2466695,126934.0,200698.0,3163.0,3163.0,3108.0,3134.3,32004000,3447.7,2820.9,3839.9,2896.0,3145.0,678,5,3144.9,38,3,3144.8,4,2,3144.7,19,2,3144.6,33,2,3145.2,7,2,3145.3,30,3,3145.5,32,1,3145.6,22,1,3145.7,10,1
2031,2026-06-16 13:23:44+05:30,3145.0,40,3131.81,2466695,126934.0,200698.0,3163.0,3163.0,3108.0,3134.3,32004000,3447.7,2820.9,3839.9,2896.0,3145.0,678,5,3144.9,38,3,3144.8,4,2,3144.7,19,2,3144.6,33,2,3145.2,7,2,3145.3,30,3,3145.5,32,1,3145.6,22,1,3145.7,10,1
2031,2026-06-16 13:23:44+05:30,3145.0,40,3131.81,2466842,127031.0,199099.0,3163.0,3163.0,3108.0,3134.3,32004000,3447.7,2820.9,3839.9,2896.0,3145.0,638,5,3144.9,38,3,3144.8,4,2,3144.7,1,1,3144.6,35,3,3145.1,32,1,3145.2,44,2,3145.6,6,1,3145.7,10,1,3146.1,84,2
2031,2026-06-16 13:23:45+05:30,3145.0,44,3131.81,2466842,127031.0,199099.0,3163.0,3163.0,3108.0,3134.3,32004000,3447.7,2820.9,3839.9,2896.0,3145.0,638,5,3144.9,38,3,3144.8,4,2,3144.7,1,1,3144.6,35,3,3145.1,32,1,3145.2,44,2,3145.6,6,1,3145.7,10,1,3146.1,84,2
2031,2026-06-16 13:23:45+05:30,3145.0,44,3131.81,2466887,126974.0,199080.0,3163.0,3163.0,3108.0,3134.3,32004000,3447.7,2820.9,3839.9,2896.0,3145.0,609,8,3144.9,20,3,3144.8,10,3,3144.7,1,1,3144.6,35,3,3145.1,31,1,3145.2,44,2,3145.6,6,1,3145.7,10,1,3146.1,123,2
2031,2026-06-16 13:23:46+05:30,3145.0,18,3131.81,2466887,126974.0,199080.0,3163.0,3163.0,3108.0,3134.3,32004000,3447.7,2820.9,3839.9,2896.0,3145.0,609,8,3144.9,20,3,3144.8,10,3,3144.7,1,1,3144.6,35,3,3145.1,31,1,3145.2,44,2,3145.6,6,1,3145.7,10,1,3146.1,123,2
2031,2026-06-16 13:23:46+05:30,3145.1,1,3131.82,2467335,126538.0,198822.0,3163.0,3163.0,3108.0,3134.3,32004000,3447.7,2820.9,3839.9,2896.0,3145.0,191,7,3144.9,20,3,3144.8,32,4,3144.7,3,2,3144.6,55,3,3145.1,25,1,3145.2,44,2,3145.6,6,1,3145.7,10,1,3146.1,123,2
2031,2026-06-16 13:23:47+05:30,3145.0,44,3131.82,2467335,126538.0,198822.0,3163.0,3163.0,3108.0,3134.3,32004000,3447.7,2820.9,3839.9,2896.0,3145.0,191,7,3144.9,20,3,3144.8,32,4,3144.7,3,2,3144.6,55,3,3145.1,25,1,3145.2,44,2,3145.6,6,1,3145.7,10,1,3146.1,123,2
2031,2026-06-16 13:23:47+05:30,3145.0,1,3131.82,2467380,126724.0,200822.0,3163.0,3163.0,3108.0,3134.3,32004000,3447.7,2820.9,3839.9,2896.0,3145.0,144,6,3144.9,22,3,3144.8,40,5,3144.7,12,3,3144.6,55,3,3145.1,4,1,3145.2,40,1,3145.7,10,1,3146.1,123,2,3146.2,77,2
2031,2026-06-16 13:23:48+05:30,3145.0,1,3131.82,2467380,126724.0,200822.0,3163.0,3163.0,3108.0,3134.3,32004000,3447.7,2820.9,3839.9,2896.0,3145.0,144,6,3144.9,22,3,3144.8,40,5,3144.7,12,3,3144.6,55,3,3145.1,4,1,3145.2,40,1,3145.7,10,1,3146.1,123,2,3146.2,77,2
2031,2026-06-16 13:23:48+05:30,3145.0,2,3131.82,2467382,126916.0,200817.0,3163.0,3163.0,3108.0,3134.3,32004000,3447.7,2820.9,3839.9,2896.0,3145.0,142,6,3144.9,22,3,3144.8,40,5,3144.7,12,3,3144.6,55,3,3145.1,4,1,3145.2,40,1,3145.7,10,1,3146.1,123,2,3146.2,77,2
2031,2026-06-16 13:23:49+05:30,3145.1,4,3131.82,2467382,126916.0,200817.0,3163.0,3163.0,3108.0,3134.3,32004000,3447.7,2820.9,3839.9,2896.0,3145.0,142,6,3144.9,22,3,3144.8,40,5,3144.7,12,3,3144.6,55,3,3145.1,4,1,3145.2,40,1,3145.7,10,1,3146.1,123,2,3146.2,77,2
2031,2026-06-16 13:23:49+05:30,3145.2,40,3131.82,2467426,127153.0,200858.0,3163.0,3163.0,3108.0,3134.3,32004000,3447.7,2820.9,3839.9,2896.0,3145.1,35,2,3145.0,136,5,3144.9,22,3,3144.8,56,5,3144.7,12,3,3145.7,10,1,3146.2,77,2,3146.6,159,3,3146.7,77,1,3146.8,313,5
2031,2026-06-16 13:23:50+05:30,3146.2,47,3131.82,2467426,127153.0,200858.0,3163.0,3163.0,3108.0,3134.3,32004000,3447.7,2820.9,3839.9,2896.0,3145.1,35,2,3145.0,136,5,3144.9,22,3,3144.8,56,5,3144.7,12,3,3145.7,10,1,3146.2,77,2,3146.6,159,3,3146.7,77,1,3146.8,313,5
2031,2026-06-16 13:23:50+05:30,3145.8,1,3131.82,2467533,127877.0,198341.0,3163.0,3163.0,3108.0,3134.3,32004000,3447.7,2820.9,3839.9,2896.0,3145.1,82,6,3145.0,136,5,3144.9,38,3,3144.8,81,7,3144.7,34,4,3145.7,36,1,3146.3,18,1,3146.4,60,1,3146.5,18,1,3146.6,156,4
2031,2026-06-16 13:23:51+05:30,3145.1,4,3131.82,2467533,127877.0,198341.0,3163.0,3163.0,3108.0,3134.3,32004000,3447.7,2820.9,3839.9,2896.0,3145.1,82,6,3145.0,136,5,3144.9,38,3,3144.8,81,7,3144.7,34,4,3145.7,36,1,3146.3,18,1,3146.4,60,1,3146.5,18,1,3146.6,156,4
2031,2026-06-16 13:23:51+05:30,3145.1,4,3131.82,2467537,127616.0,200166.0,3163.0,3163.0,3108.0,3134.3,32004000,3447.7,2820.9,3839.9,2896.0,3145.1,65,5,3145.0,136,5,3144.9,38,3,3144.8,48,5,3144.7,76,5,3145.7,60,2,3146.3,18,1,3146.4,60,1,3146.5,18,1,3146.6,156,4
2031,2026-06-16 13:23:52+05:30,3146.3,5,3131.82,2467642,128224.0,199919.0,3163.0,3163.0,3108.0,3134.3,32004000,3447.7,2820.9,3839.9,2896.0,3145.8,1,1,3145.3,23,2,3145.2,41,2,3145.1,51,4,3145.0,142,5,3146.2,13,1,3146.3,13,1,3146.4,48,1,3146.5,56,2,3146.6,60,1
2031,2026-06-16 13:23:53+05:30,3146.3,5,3131.82,2467642,128224.0,199919.0,3163.0,3163.0,3108.0,3134.3,32004000,3447.7,2820.9,3839.9,2896.0,3145.8,1,1,3145.3,23,2,3145.2,41,2,3145.1,51,4,3145.0,142,5,3146.2,13,1,3146.3,13,1,3146.4,48,1,3146.5,56,2,3146.6,60,1
2031,2026-06-16 13:23:53+05:30,3146.4,40,3131.82,2467732,128274.0,199843.0,3163.0,3163.0,3108.0,3134.3,32004000,3447.7,2820.9,3839.9,2896.0,3145.8,1,1,3145.4,16,1,3145.3,6,1,3145.2,28,1,3145.1,23,2,3146.4,66,2,3146.5,49,2,3146.6,99,3,3146.7,78,2,3146.8,42,2
2031,2026-06-16 13:23:54+05:30,3146.4,40,3131.82,2467732,128274.0,199843.0,3163.0,3163.0,3108.0,3134.3,32004000,3447.7,2820.9,3839.9,2896.0,3145.8,1,1,3145.4,16,1,3145.3,6,1,3145.2,28,1,3145.1,23,2,3146.4,66,2,3146.5,49,2,3146.6,99,3,3146.7,78,2,3146.8,42,2
2031,2026-06-16 13:23:54+05:30,3146.4,19,3131.82,2467752,128407.0,199548.0,3163.0,3163.0,3108.0,3134.3,32004000,3447.7,2820.9,3839.9,2896.0,3145.9,17,1,3145.8,1,1,3145.5,9,2,3145.3,6,1,3145.2,28,1,3146.4,13,1,3146.5,56,2,3146.6,37,1,3146.8,86,3,3146.9,248,3
2031,2026-06-16 13:23:55+05:30,3146.4,19,3131.82,2467752,128407.0,199548.0,3163.0,3163.0,3108.0,3134.3,32004000,3447.7,2820.9,3839.9,2896.0,3145.9,17,1,3145.8,1,1,3145.5,9,2,3145.3,6,1,3145.2,28,1,3146.4,13,1,3146.5,56,2,3146.6,37,1,3146.8,86,3,3146.9,248,3
2031,2026-06-16 13:23:55+05:30,3145.9,1,3131.82,2467927,127777.0,199518.0,3163.0,3163.0,3108.0,3134.3,32004000,3447.7,2820.9,3839.9,2896.0,3145.5,3,1,3145.2,28,1,3145.1,38,3,3145.0,14,2,3144.9,36,3,3145.9,35,1,3146.3,56,2,3146.5,18,1,3146.6,135,3,3146.7,42,3
2031,2026-06-16 13:23:56+05:30,3145.9,1,3131.82,2467927,127777.0,199518.0,3163.0,3163.0,3108.0,3134.3,32004000,3447.7,2820.9,3839.9,2896.0,3145.5,3,1,3145.2,28,1,3145.1,38,3,3145.0,14,2,3144.9,36,3,3145.9,35,1,3146.3,56,2,3146.5,18,1,3146.6,135,3,3146.7,42,3
2031,2026-06-16 13:23:56+05:30,3145.5,2,3131.82,2467929,127929.0,200272.0,3163.0,3163.0,3108.0,3134.3,32004000,3447.7,2820.9,3839.9,2896.0,3145.5,17,1,3145.2,3,1,3145.1,38,3,3145.0,14,2,3144.9,36,3,3145.9,35,1,3146.3,56,2,3146.5,18,1,3146.6,137,4,3146.7,89,3
2031,2026-06-16 13:23:57+05:30,3145.5,2,3131.82,2467929,127929.0,200272.0,3163.0,3163.0,3108.0,3134.3,32004000,3447.7,2820.9,3839.9,2896.0,3145.5,17,1,3145.2,3,1,3145.1,38,3,3145.0,14,2,3144.9,36,3,3145.9,35,1,3146.3,56,2,3146.5,18,1,3146.6,137,4,3146.7,89,3
2031,2026-06-16 13:23:57+05:30,3145.5,2,3131.82,2467929,128081.0,200306.0,3163.0,3163.0,3108.0,3134.3,32004000,3447.7,2820.9,3839.9,2896.0,3145.6,15,1,3145.2,3,1,3145.1,38,3,3145.0,14,2,3144.9,36,3,3145.9,35,1,3146.3,56,2,3146.5,18,1,3146.6,137,4,3146.7,89,3
2031,2026-06-16 13:23:58+05:30,3146.5,4,3131.82,2468046,128143.0,199421.0,3163.0,3163.0,3108.0,3134.3,32004000,3447.7,2820.9,3839.9,2896.0,3145.5,8,1,3145.4,16,1,3145.3,17,2,3145.2,48,4,3145.1,38,3,3146.5,19,2,3146.7,49,1,3146.8,269,3,3146.9,477,4,3147.0,677,7
2031,2026-06-16 13:23:59+05:30,3146.5,4,3131.82,2468046,128143.0,199421.0,3163.0,3163.0,3108.0,3134.3,32004000,3447.7,2820.9,3839.9,2896.0,3145.5,8,1,3145.4,16,1,3145.3,17,2,3145.2,48,4,3145.1,38,3,3146.5,19,2,3146.7,49,1,3146.8,269,3,3146.9,477,4,3147.0,677,7
2031,2026-06-16 13:23:59+05:30,3146.5,1,3131.82,2468047,128233.0,199452.0,3163.0,3163.0,3108.0,3134.3,32004000,3447.7,2820.9,3839.9,2896.0,3145.6,16,1,3145.5,8,1,3145.3,7,1,3145.2,38,3,3145.1,38,3,3146.5,18,2,3146.7,49,1,3146.8,269,3,3146.9,477,4,3147.0,708,8
2031,2026-06-16 13:24:00+05:30,3146.5,1,3131.82,2468047,128233.0,199452.0,3163.0,3163.0,3108.0,3134.3,32004000,3447.7,2820.9,3839.9,2896.0,3145.6,16,1,3145.5,8,1,3145.3,7,1,3145.2,38,3,3145.1,38,3,3146.5,18,2,3146.7,49,1,3146.8,269,3,3146.9,477,4,3147.0,708,8
2031,2026-06-16 13:24:00+05:30,3146.5,1,3131.82,2468058,129462.0,199080.0,3163.0,3163.0,3108.0,3134.3,32004000,3447.7,2820.9,3839.9,2896.0,3146.6,1,1,3146.1,2,2,3145.7,78,2,3145.6,13,4,3145.5,130,6,3146.8,13,1,3146.9,193,2,3147.0,580,3,3147.1,413,3,3147.2,100,1
2031,2026-06-16 13:24:01+05:30,3146.5,1,3131.82,2468058,129462.0,199080.0,3163.0,3163.0,3108.0,3134.3,32004000,3447.7,2820.9,3839.9,2896.0,3146.6,1,1,3146.1,2,2,3145.7,78,2,3145.6,13,4,3145.5,130,6,3146.8,13,1,3146.9,193,2,3147.0,580,3,3147.1,413,3,3147.2,100,1
2031,2026-06-16 13:24:01+05:30,3146.8,11,3131.82,2468069,129449.0,198990.0,3163.0,3163.0,3108.0,3134.3,32004000,3447.7,2820.9,3839.9,2896.0,3146.6,1,1,3146.1,2,2,3145.9,16,1,3145.7,63,1,3145.6,8,3,3146.8,33,3,3146.9,199,3,3147.0,668,5,3147.1,440,5,3147.2,168,3
2031,2026-06-16 13:24:02+05:30,3146.8,11,3131.82,2468069,129449.0,198990.0,3163.0,3163.0,3108.0,3134.3,32004000,3447.7,2820.9,3839.9,2896.0,3146.6,1,1,3146.1,2,2,3145.9,16,1,3145.7,63,1,3145.6,8,3,3146.8,33,3,3146.9,199,3,3147.0,668,5,3147.1,440,5,3147.2,168,3
2031,2026-06-16 13:24:02+05:30,3146.8,11,3131.82,2468069,129521.0,198862.0,3163.0,3163.0,3108.0,3134.3,32004000,3447.7,2820.9,3839.9,2896.0,3146.6,1,1,3146.5,18,1,3146.1,2,2,3145.6,8,3,3145.5,123,5,3146.8,42,4,3146.9,199,3,3147.0,668,5,3147.1,427,4,3147.2,168,3
2031,2026-06-16 13:24:03+05:30,3146.5,7,3131.82,2468242,127598.0,199156.0,3163.0,3163.0,3108.0,3134.3,32004000,3447.7,2820.9,3839.9,2896.0,3146.1,2,2,3145.6,5,2,3145.2,1,1,3145.1,68,4,3145.0,15,3,3146.5,306,6,3146.6,91,5,3146.7,13,1,3146.8,68,4,3146.9,186,2
2031,2026-06-16 13:24:04+05:30,3146.5,147,3131.82,2468242,127598.0,199156.0,3163.0,3163.0,3108.0,3134.3,32004000,3447.7,2820.9,3839.9,2896.0,3146.1,2,2,3145.6,5,2,3145.2,1,1,3145.1,68,4,3145.0,15,3,3146.5,306,6,3146.6,91,5,3146.7,13,1,3146.8,68,4,3146.9,186,2
2031,2026-06-16 13:24:05+05:30,3146.5,6,3131.82,2468408,127673.0,199150.0,3163.0,3163.0,3108.0,3134.3,32004000,3447.7,2820.9,3839.9,2896.0,3146.1,2,2,3145.6,5,2,3145.4,14,1,3145.1,38,2,3145.0,14,2,3146.4,13,1,3146.5,178,7,3146.6,83,5,3146.7,13,1,3146.8,235,5
2031,2026-06-16 13:24:05+05:30,3146.5,6,3131.82,2468408,127673.0,199150.0,3163.0,3163.0,3108.0,3134.3,32004000,3447.7,2820.9,3839.9,2896.0,3146.1,2,2,3145.6,5,2,3145.4,14,1,3145.1,38,2,3145.0,14,2,3146.4,13,1,3146.5,178,7,3146.6,83,5,3146.7,13,1,3146.8,235,5
2031,2026-06-16 13:24:06+05:30,3146.4,1,3131.82,2468413,127870.0,199110.0,3163.0,3163.0,3108.0,3134.3,32004000,3447.7,2820.9,3839.9,2896.0,3145.6,5,2,3145.4,14,1,3145.1,16,1,3145.0,14,2,3144.9,36,3,3146.4,39,2,3146.5,140,6,3146.6,132,6,3146.7,13,1,3146.8,284,6
2031,2026-06-16 13:24:06+05:30,3146.4,1,3131.82,2468413,127870.0,199110.0,3163.0,3163.0,3108.0,3134.3,32004000,3447.7,2820.9,3839.9,2896.0,3145.6,5,2,3145.4,14,1,3145.1,16,1,3145.0,14,2,3144.9,36,3,3146.4,39,2,3146.5,140,6,3146.6,132,6,3146.7,13,1,3146.8,284,6
2031,2026-06-16 13:24:07+05:30,3146.4,1,3131.82,2468413,127870.0,199110.0,3163.0,3163.0,3108.0,3134.3,32004000,3447.7,2820.9,3839.9,2896.0,3145.6,5,2,3145.4,14,1,3145.1,16,1,3145.0,14,2,3144.9,36,3,3146.4,39,2,3146.5,140,6,3146.6,132,6,3146.7,13,1,3146.8,284,6
2031,2026-06-16 13:24:07+05:30,3146.4,1,3131.82,2468414,128162.0,199251.0,3163.0,3163.0,3108.0,3134.3,32004000,3447.7,2820.9,3839.9,2896.0,3145.6,70,4,3145.4,14,1,3145.1,65,2,3145.0,78,5,3144.9,107,7,3146.4,27,2,3146.5,47,1,3146.8,113,5,3146.9,186,2,3147.0,684,7
2031,2026-06-16 13:24:08+05:30,3146.4,1,3131.82,2468414,128478.0,199125.0,3163.0,3163.0,3108.0,3134.3,32004000,3447.7,2820.9,3839.9,2896.0,3145.6,112,5,3145.4,42,2,3145.3,31,3,3145.2,60,1,3145.1,418,3,3145.7,47,1,3145.8,1,1,3146.4,27,2,3146.8,85,5,3146.9,186,2
2031,2026-06-16 13:24:09+05:30,3145.7,15,3131.82,2468414,128478.0,199125.0,3163.0,3163.0,3108.0,3134.3,32004000,3447.7,2820.9,3839.9,2896.0,3145.6,112,5,3145.4,42,2,3145.3,31,3,3145.2,60,1,3145.1,418,3,3145.7,47,1,3145.8,1,1,3146.4,27,2,3146.8,85,5,3146.9,186,2
2031,2026-06-16 13:24:09+05:30,3145.7,15,3131.82,2468429,128523.0,199241.0,3163.0,3163.0,3108.0,3134.3,32004000,3447.7,2820.9,3839.9,2896.0,3145.6,112,5,3145.5,22,1,3145.4,42,2,3145.3,3,1,3145.2,82,2,3145.7,59,3,3145.8,1,1,3146.0,50,1,3146.8,85,5,3146.9,186,2
2031,2026-06-16 13:24:10+05:30,3145.7,26,3131.82,2468429,128523.0,199241.0,3163.0,3163.0,3108.0,3134.3,32004000,3447.7,2820.9,3839.9,2896.0,3145.6,112,5,3145.5,22,1,3145.4,42,2,3145.3,3,1,3145.2,82,2,3145.7,59,3,3145.8,1,1,3146.0,50,1,3146.8,85,5,3146.9,186,2
2031,2026-06-16 13:24:10+05:30,3145.7,26,3131.82,2468488,128454.0,199405.0,3163.0,3163.0,3108.0,3134.3,32004000,3447.7,2820.9,3839.9,2896.0,3145.6,113,5,3145.4,14,1,3145.3,3,1,3145.1,418,3,3145.0,40,5,3145.8,1,1,3146.0,50,1,3146.5,38,1,3146.6,35,1,3146.8,76,4
2031,2026-06-16 13:24:11+05:30,3146.0,7,3131.82,2468488,128454.0,199405.0,3163.0,3163.0,3108.0,3134.3,32004000,3447.7,2820.9,3839.9,2896.0,3145.6,113,5,3145.4,14,1,3145.3,3,1,3145.1,418,3,3145.0,40,5,3145.8,1,1,3146.0,50,1,3146.5,38,1,3146.6,35,1,3146.8,76,4
2031,2026-06-16 13:24:11+05:30,3146.0,7,3131.82,2468496,128428.0,199335.0,3163.0,3163.0,3108.0,3134.3,32004000,3447.7,2820.9,3839.9,2896.0,3145.6,112,4,3145.4,14,1,3145.3,3,1,3145.1,416,2,3145.0,42,6,3145.8,14,1,3146.0,43,1,3146.2,38,1,3146.4,38,1,3146.6,35,1
2031,2026-06-16 13:24:12+05:30,3145.8,11,3131.82,2468496,128428.0,199335.0,3163.0,3163.0,3108.0,3134.3,32004000,3447.7,2820.9,3839.9,2896.0,3145.6,112,4,3145.4,14,1,3145.3,3,1,3145.1,416,2,3145.0,42,6,3145.8,14,1,3146.0,43,1,3146.2,38,1,3146.4,38,1,3146.6,35,1
2031,2026-06-16 13:24:12+05:30,3146.0,1,3131.82,2468509,128428.0,199514.0,3163.0,3163.0,3108.0,3134.3,32004000,3447.7,2820.9,3839.9,2896.0,3145.7,15,1,3145.6,96,3,3145.4,14,1,3145.3,3,1,3145.1,416,2,3146.0,42,1,3146.5,38,1,3146.6,35,1,3146.8,93,5,3146.9,186,2
2031,2026-06-16 13:24:13+05:30,3146.0,6,3131.82,2468509,128428.0,199514.0,3163.0,3163.0,3108.0,3134.3,32004000,3447.7,2820.9,3839.9,2896.0,3145.7,15,1,3145.6,96,3,3145.4,14,1,3145.3,3,1,3145.1,416,2,3146.0,42,1,3146.5,38,1,3146.6,35,1,3146.8,93,5,3146.9,186,2
2031,2026-06-16 13:24:13+05:30,3146.0,6,3131.82,2468515,128407.0,200249.0,3163.0,3163.0,3108.0,3134.3,32004000,3447.7,2820.9,3839.9,2896.0,3145.7,15,1,3145.6,96,3,3145.4,14,1,3145.3,3,1,3145.2,22,1,3146.0,36,1,3146.5,38,1,3146.6,35,1,3146.8,264,6,3146.9,415,3
2031,2026-06-16 13:24:14+05:30,3145.7,45,3131.82,2468515,128407.0,200249.0,3163.0,3163.0,3108.0,3134.3,32004000,3447.7,2820.9,3839.9,2896.0,3145.7,15,1,3145.6,96,3,3145.4,14,1,3145.3,3,1,3145.2,22,1,3146.0,36,1,3146.5,38,1,3146.6,35,1,3146.8,264,6,3146.9,415,3
2031,2026-06-16 13:24:14+05:30,3145.7,1,3131.82,2468561,128417.0,200554.0,3163.0,3163.0,3108.0,3134.3,32004000,3447.7,2820.9,3839.9,2896.0,3145.7,53,2,3145.6,114,4,3145.4,14,1,3145.3,3,1,3145.1,418,3,3146.0,36,1,3146.8,256,5,3146.9,464,4,3147.0,537,8,3147.1,276,3
2031,2026-06-16 13:24:14+05:30,3145.7,1,3131.82,2468561,128417.0,200554.0,3163.0,3163.0,3108.0,3134.3,32004000,3447.7,2820.9,3839.9,2896.0,3145.7,53,2,3145.6,114,4,3145.4,14,1,3145.3,3,1,3145.1,418,3,3146.0,36,1,3146.8,256,5,3146.9,464,4,3147.0,537,8,3147.1,276,3
2031,2026-06-16 13:24:15+05:30,3146.0,36,3131.82,2468561,128417.0,200554.0,3163.0,3163.0,3108.0,3134.3,32004000,3447.7,2820.9,3839.9,2896.0,3145.7,53,2,3145.6,114,4,3145.4,14,1,3145.3,3,1,3145.1,418,3,3146.0,36,1,3146.8,256,5,3146.9,464,4,3147.0,537,8,3147.1,276,3
2031,2026-06-16 13:24:15+05:30,3146.0,36,3131.82,2468597,128364.0,201574.0,3163.0,3163.0,3108.0,3134.3,32004000,3447.7,2820.9,3839.9,2896.0,3145.9,2,2,3145.7,55,4,3145.6,110,3,3145.4,14,1,3145.3,3,1,3146.6,469,5,3146.7,462,4,3146.8,581,9,3146.9,249,2,3147.0,205,6
2031,2026-06-16 13:24:16+05:30,3146.0,36,3131.82,2468597,128364.0,201574.0,3163.0,3163.0,3108.0,3134.3,32004000,3447.7,2820.9,3839.9,2896.0,3145.9,2,2,3145.7,55,4,3145.6,110,3,3145.4,14,1,3145.3,3,1,3146.6,469,5,3146.7,462,4,3146.8,581,9,3146.9,249,2,3147.0,205,6
2031,2026-06-16 13:24:16+05:30,3145.9,106,3131.83,2468797,128239.0,201460.0,3163.0,3163.0,3108.0,3134.3,32004000,3447.7,2820.9,3839.9,2896.0,3145.9,6,1,3145.7,55,4,3145.6,42,1,3145.5,7,1,3145.4,14,1,3146.4,13,1,3146.5,98,5,3146.6,441,6,3146.7,413,3,3146.8,483,6
2031,2026-06-16 13:24:17+05:30,3146.5,1,3131.83,2468797,128239.0,201460.0,3163.0,3163.0,3108.0,3134.3,32004000,3447.7,2820.9,3839.9,2896.0,3145.9,6,1,3145.7,55,4,3145.6,42,1,3145.5,7,1,3145.4,14,1,3146.4,13,1,3146.5,98,5,3146.6,441,6,3146.7,413,3,3146.8,483,6
2031,2026-06-16 13:24:17+05:30,3146.5,1,3131.83,2468808,128377.0,201574.0,3163.0,3163.0,3108.0,3134.3,32004000,3447.7,2820.9,3839.9,2896.0,3146.0,2,1,3145.9,6,1,3145.7,55,4,3145.6,42,1,3145.5,22,2,3146.5,12,1,3146.6,428,5,3146.7,447,4,3146.8,683,7,3146.9,28,1
2031,2026-06-16 13:24:18+05:30,3146.5,25,3131.83,2468808,128377.0,201574.0,3163.0,3163.0,3108.0,3134.3,32004000,3447.7,2820.9,3839.9,2896.0,3146.0,2,1,3145.9,6,1,3145.7,55,4,3145.6,42,1,3145.5,22,2,3146.5,12,1,3146.6,428,5,3146.7,447,4,3146.8,683,7,3146.9,28,1
2031,2026-06-16 13:24:18+05:30,3146.5,25,3131.83,2468808,128377.0,201574.0,3163.0,3163.0,3108.0,3134.3,32004000,3447.7,2820.9,3839.9,2896.0,3146.0,2,1,3145.9,6,1,3145.7,55,4,3145.6,42,1,3145.5,22,2,3146.5,12,1,3146.6,428,5,3146.7,447,4,3146.8,683,7,3146.9,28,1
2031,2026-06-16 13:24:18+05:30,3146.5,25,3131.83,2468853,129003.0,201177.0,3163.0,3163.0,3108.0,3134.3,32004000,3447.7,2820.9,3839.9,2896.0,3146.5,5,1,3146.0,2,1,3145.9,21,2,3145.8,28,1,3145.7,41,3,3146.6,107,5,3146.7,411,4,3146.8,842,7,3146.9,428,3,3147.0,146,5
2031,2026-06-16 13:24:19+05:30,3146.6,8,3131.83,2468853,129003.0,201177.0,3163.0,3163.0,3108.0,3134.3,32004000,3447.7,2820.9,3839.9,2896.0,3146.5,5,1,3146.0,2,1,3145.9,21,2,3145.8,28,1,3145.7,41,3,3146.6,107,5,3146.7,411,4,3146.8,842,7,3146.9,428,3,3147.0,146,5
2031,2026-06-16 13:24:19+05:30,3146.6,1,3131.83,2468881,128562.0,201460.0,3163.0,3163.0,3108.0,3134.3,32004000,3447.7,2820.9,3839.9,2896.0,3146.1,16,1,3146.0,2,1,3145.9,15,1,3145.7,40,2,3145.6,42,1,3146.6,466,6,3146.7,474,5,3146.8,627,5,3146.9,28,1,3147.0,148,6
2031,2026-06-16 13:24:20+05:30,3145.9,38,3131.83,2468881,128562.0,201460.0,3163.0,3163.0,3108.0,3134.3,32004000,3447.7,2820.9,3839.9,2896.0,3146.1,16,1,3146.0,2,1,3145.9,15,1,3145.7,40,2,3145.6,42,1,3146.6,466,6,3146.7,474,5,3146.8,627,5,3146.9,28,1,3147.0,148,6
2031,2026-06-16 13:24:20+05:30,3145.9,38,3131.83,2468881,128562.0,201460.0,3163.0,3163.0,3108.0,3134.3,32004000,3447.7,2820.9,3839.9,2896.0,3146.1,16,1,3146.0,2,1,3145.9,15,1,3145.7,40,2,3145.6,42,1,3146.6,466,6,3146.7,474,5,3146.8,627,5,3146.9,28,1,3147.0,148,6
2031,2026-06-16 13:24:20+05:30,3145.9,38,3131.83,2469081,128505.0,201615.0,3163.0,3163.0,3108.0,3134.3,32004000,3447.7,2820.9,3839.9,2896.0,3146.0,5,1,3145.7,40,2,3145.6,42,1,3145.4,40,2,3145.3,25,2,3146.5,51,2,3146.6,408,5,3146.7,474,5,3146.8,429,5,3146.9,228,2
2031,2026-06-16 13:24:21+05:30,3146.5,5,3131.83,2469081,128505.0,201615.0,3163.0,3163.0,3108.0,3134.3,32004000,3447.7,2820.9,3839.9,2896.0,3146.0,5,1,3145.7,40,2,3145.6,42,1,3145.4,40,2,3145.3,25,2,3146.5,51,2,3146.6,408,5,3146.7,474,5,3146.8,429,5,3146.9,228,2
2031,2026-06-16 13:24:21+05:30,3146.5,5,3131.83,2469086,128502.0,201479.0,3163.0,3163.0,3108.0,3134.3,32004000,3447.7,2820.9,3839.9,2896.0,3146.0,5,1,3145.7,40,2,3145.6,42,1,3145.4,40,2,3145.3,25,2,3146.5,63,3,3146.6,452,6,3146.7,413,3,3146.8,427,4,3146.9,228,2
2031,2026-06-16 13:24:22+05:30,3146.5,1,3131.83,2469086,128502.0,201479.0,3163.0,3163.0,3108.0,3134.3,32004000,3447.7,2820.9,3839.9,2896.0,3146.0,5,1,3145.7,40,2,3145.6,42,1,3145.4,40,2,3145.3,25,2,3146.5,63,3,3146.6,452,6,3146.7,413,3,3146.8,427,4,3146.9,228,2
2031,2026-06-16 13:24:22+05:30,3146.5,1,3131.83,2469087,128523.0,201473.0,3163.0,3163.0,3108.0,3134.3,32004000,3447.7,2820.9,3839.9,2896.0,3146.0,5,1,3145.7,56,3,3145.6,42,1,3145.4,40,2,3145.3,25,2,3146.5,62,3,3146.6,452,6,3146.7,413,3,3146.8,627,5,3146.9,28,1
2031,2026-06-16 13:24:22+05:30,3146.5,1,3131.83,2469087,128523.0,201473.0,3163.0,3163.0,3108.0,3134.3,32004000,3447.7,2820.9,3839.9,2896.0,3146.0,5,1,3145.7,56,3,3145.6,42,1,3145.4,40,2,3145.3,25,2,3146.5,62,3,3146.6,452,6,3146.7,413,3,3146.8,627,5,3146.9,28,1
2031,2026-06-16 13:24:23+05:30,3146.6,14,3131.83,2469209,128514.0,201143.0,3163.0,3163.0,3108.0,3134.3,32004000,3447.7,2820.9,3839.9,2896.0,3146.0,3,1,3145.7,56,3,3145.6,42,1,3145.4,40,2,3145.3,25,2,3146.5,13,1,3146.6,469,6,3146.7,413,3,3146.8,629,6,3146.9,28,1
2031,2026-06-16 13:24:24+05:30,3146.6,14,3131.83,2469209,128514.0,201143.0,3163.0,3163.0,3108.0,3134.3,32004000,3447.7,2820.9,3839.9,2896.0,3146.0,3,1,3145.7,56,3,3145.6,42,1,3145.4,40,2,3145.3,25,2,3146.5,13,1,3146.6,469,6,3146.7,413,3,3146.8,629,6,3146.9,28,1
2031,2026-06-16 13:24:24+05:30,3146.6,14,3131.83,2469209,128514.0,201143.0,3163.0,3163.0,3108.0,3134.3,32004000,3447.7,2820.9,3839.9,2896.0,3146.0,3,1,3145.7,56,3,3145.6,42,1,3145.4,40,2,3145.3,25,2,3146.5,13,1,3146.6,469,6,3146.7,413,3,3146.8,629,6,3146.9,28,1
2031,2026-06-16 13:24:24+05:30,3145.6,8,3131.83,2469901,126560.0,202008.0,3163.0,3163.0,3108.0,3134.3,32004000,3447.7,2820.9,3839.9,2896.0,3145.1,165,2,3145.0,14,2,3144.9,10,1,3144.8,1,1,3144.7,1,1,3145.6,147,1,3145.9,238,2,3146.1,235,2,3146.2,65,2,3146.4,70,4
2031,2026-06-16 13:24:25+05:30,3145.6,10,3131.83,2469901,126560.0,202008.0,3163.0,3163.0,3108.0,3134.3,32004000,3447.7,2820.9,3839.9,2896.0,3145.1,165,2,3145.0,14,2,3144.9,10,1,3144.8,1,1,3144.7,1,1,3145.6,147,1,3145.9,238,2,3146.1,235,2,3146.2,65,2,3146.4,70,4
2031,2026-06-16 13:24:25+05:30,3145.1,2,3131.83,2469917,126834.0,201597.0,3163.0,3163.0,3108.0,3134.3,32004000,3447.7,2820.9,3839.9,2896.0,3145.1,163,2,3145.0,14,2,3144.9,10,1,3144.8,41,2,3144.7,1,1,3145.6,133,1,3145.9,238,2,3146.1,227,2,3146.2,38,1,3146.4,70,4
2031,2026-06-16 13:24:25+05:30,3145.1,2,3131.83,2469917,126834.0,201597.0,3163.0,3163.0,3108.0,3134.3,32004000,3447.7,2820.9,3839.9,2896.0,3145.1,163,2,3145.0,14,2,3144.9,10,1,3144.8,41,2,3144.7,1,1,3145.6,133,1,3145.9,238,2,3146.1,227,2,3146.2,38,1,3146.4,70,4
2031,2026-06-16 13:24:26+05:30,3145.1,2,3131.83,2469917,126834.0,201597.0,3163.0,3163.0,3108.0,3134.3,32004000,3447.7,2820.9,3839.9,2896.0,3145.1,163,2,3145.0,14,2,3144.9,10,1,3144.8,41,2,3144.7,1,1,3145.6,133,1,3145.9,238,2,3146.1,227,2,3146.2,38,1,3146.4,70,4
2031,2026-06-16 13:24:26+05:30,3145.6,67,3131.83,2469984,126698.0,201586.0,3163.0,3163.0,3108.0,3134.3,32004000,3447.7,2820.9,3839.9,2896.0,3145.1,163,2,3145.0,54,5,3144.9,38,3,3144.8,57,3,3144.7,19,2,3145.6,66,1,3145.9,200,1,3146.1,200,1,3146.4,123,5,3146.5,206,4
2031,2026-06-16 13:24:26+05:30,3145.6,67,3131.83,2469984,126698.0,201586.0,3163.0,3163.0,3108.0,3134.3,32004000,3447.7,2820.9,3839.9,2896.0,3145.1,163,2,3145.0,54,5,3144.9,38,3,3144.8,57,3,3144.7,19,2,3145.6,66,1,3145.9,200,1,3146.1,200,1,3146.4,123,5,3146.5,206,4
2031,2026-06-16 13:24:27+05:30,3145.6,67,3131.83,2469984,126698.0,201586.0,3163.0,3163.0,3108.0,3134.3,32004000,3447.7,2820.9,3839.9,2896.0,3145.1,163,2,3145.0,54,5,3144.9,38,3,3144.8,57,3,3144.7,19,2,3145.6,66,1,3145.9,200,1,3146.1,200,1,3146.4,123,5,3146.5,206,4
2031,2026-06-16 13:24:27+05:30,3145.6,67,3131.83,2469984,126698.0,201586.0,3163.0,3163.0,3108.0,3134.3,32004000,3447.7,2820.9,3839.9,2896.0,3145.1,163,2,3145.0,54,5,3144.9,38,3,3144.8,57,3,3144.7,19,2,3145.6,66,1,3145.9,200,1,3146.1,200,1,3146.4,123,5,3146.5,206,4
2031,2026-06-16 13:24:27+05:30,3145.6,1,3131.83,2470003,126697.0,201577.0,3163.0,3163.0,3108.0,3134.3,32004000,3447.7,2820.9,3839.9,2896.0,3145.1,145,2,3145.0,54,5,3144.9,24,2,3144.8,57,3,3144.7,19,2,3145.6,65,1,3145.9,200,1,3146.1,200,1,3146.4,123,5,3146.5,206,4
2031,2026-06-16 13:24:27+05:30,3145.6,1,3131.83,2470003,126697.0,201577.0,3163.0,3163.0,3108.0,3134.3,32004000,3447.7,2820.9,3839.9,2896.0,3145.1,145,2,3145.0,54,5,3144.9,24,2,3144.8,57,3,3144.7,19,2,3145.6,65,1,3145.9,200,1,3146.1,200,1,3146.4,123,5,3146.5,206,4
2031,2026-06-16 13:24:28+05:30,3145.1,55,3131.83,2470003,126697.0,201577.0,3163.0,3163.0,3108.0,3134.3,32004000,3447.7,2820.9,3839.9,2896.0,3145.1,145,2,3145.0,54,5,3144.9,24,2,3144.8,57,3,3144.7,19,2,3145.6,65,1,3145.9,200,1,3146.1,200,1,3146.4,123,5,3146.5,206,4
2031,2026-06-16 13:24:28+05:30,3145.1,55,3131.83,2470003,126697.0,201577.0,3163.0,3163.0,3108.0,3134.3,32004000,3447.7,2820.9,3839.9,2896.0,3145.1,145,2,3145.0,54,5,3144.9,24,2,3144.8,57,3,3144.7,19,2,3145.6,65,1,3145.9,200,1,3146.1,200,1,3146.4,123,5,3146.5,206,4
2031,2026-06-16 13:24:28+05:30,3144.9,6,3131.83,2470326,125751.0,201818.0,3163.0,3163.0,3108.0,3134.3,32004000,3447.7,2820.9,3839.9,2896.0,3144.9,10,1,3144.8,1,1,3144.7,1,1,3144.6,30,2,3144.5,41,2,3145.0,77,1,3145.6,65,1,3145.7,6,1,3145.8,458,4,3145.9,780,4
2031,2026-06-16 13:24:29+05:30,3145.0,77,3131.83,2470326,125751.0,201818.0,3163.0,3163.0,3108.0,3134.3,32004000,3447.7,2820.9,3839.9,2896.0,3144.9,10,1,3144.8,1,1,3144.7,1,1,3144.6,30,2,3144.5,41,2,3145.0,77,1,3145.6,65,1,3145.7,6,1,3145.8,458,4,3145.9,780,4
2031,2026-06-16 13:24:29+05:30,3145.0,77,3131.83,2470326,125751.0,201818.0,3163.0,3163.0,3108.0,3134.3,32004000,3447.7,2820.9,3839.9,2896.0,3144.9,10,1,3144.8,1,1,3144.7,1,1,3144.6,30,2,3144.5,41,2,3145.0,77,1,3145.6,65,1,3145.7,6,1,3145.8,458,4,3145.9,780,4
2031,2026-06-16 13:24:29+05:30,3145.0,77,3131.83,2470403,126548.0,201791.0,3163.0,3163.0,3108.0,3134.3,32004000,3447.7,2820.9,3839.9,2896.0,3144.9,10,1,3144.8,24,2,3144.7,2,2,3144.6,7,1,3144.5,41,2,3145.6,65,1,3145.8,357,2,3145.9,780,4,3146.0,238,2,3146.1,251,3
2031,2026-06-16 13:24:30+05:30,3145.6,20,3131.83,2470403,126548.0,201791.0,3163.0,3163.0,3108.0,3134.3,32004000,3447.7,2820.9,3839.9,2896.0,3144.9,10,1,3144.8,24,2,3144.7,2,2,3144.6,7,1,3144.5,41,2,3145.6,65,1,3145.8,357,2,3145.9,780,4,3146.0,238,2,3146.1,251,3
2031,2026-06-16 13:24:30+05:30,3145.6,20,3131.83,2470403,126548.0,201791.0,3163.0,3163.0,3108.0,3134.3,32004000,3447.7,2820.9,3839.9,2896.0,3144.9,10,1,3144.8,24,2,3144.7,2,2,3144.6,7,1,3144.5,41,2,3145.6,65,1,3145.8,357,2,3145.9,780,4,3146.0,238,2,3146.1,251,3
2031,2026-06-16 13:24:30+05:30,3145.6,20,3131.83,2470423,126497.0,201925.0,3163.0,3163.0,3108.0,3134.3,32004000,3447.7,2820.9,3839.9,2896.0,3145.3,2,2,3145.0,5,1,3144.9,11,2,3144.8,24,2,3144.7,2,2,3145.6,46,2,3145.8,357,2,3145.9,780,4,3146.0,200,1,3146.1,202,2
2031,2026-06-16 13:24:30+05:30,3145.6,20,3131.83,2470423,126497.0,201925.0,3163.0,3163.0,3108.0,3134.3,32004000,3447.7,2820.9,3839.9,2896.0,3145.3,2,2,3145.0,5,1,3144.9,11,2,3144.8,24,2,3144.7,2,2,3145.6,46,2,3145.8,357,2,3145.9,780,4,3146.0,200,1,3146.1,202,2
2031,2026-06-16 13:24:31+05:30,3145.6,11,3131.83,2470434,126784.0,202303.0,3163.0,3163.0,3108.0,3134.3,32004000,3447.7,2820.9,3839.9,2896.0,3145.3,2,2,3145.0,5,1,3144.9,11,2,3144.8,1,1,3144.7,2,2,3145.6,88,5,3145.7,387,4,3145.8,438,3,3145.9,582,4,3146.0,272,3
2031,2026-06-16 13:24:31+05:30,3145.6,11,3131.83,2470434,126784.0,202303.0,3163.0,3163.0,3108.0,3134.3,32004000,3447.7,2820.9,3839.9,2896.0,3145.3,2,2,3145.0,5,1,3144.9,11,2,3144.8,1,1,3144.7,2,2,3145.6,88,5,3145.7,387,4,3145.8,438,3,3145.9,582,4,3146.0,272,3
2031,2026-06-16 13:24:32+05:30,3145.6,1,3131.83,2470434,126784.0,202303.0,3163.0,3163.0,3108.0,3134.3,32004000,3447.7,2820.9,3839.9,2896.0,3145.3,2,2,3145.0,5,1,3144.9,11,2,3144.8,1,1,3144.7,2,2,3145.6,88,5,3145.7,387,4,3145.8,438,3,3145.9,582,4,3146.0,272,3
2031,2026-06-16 13:24:32+05:30,3145.6,1,3131.83,2470434,126784.0,202303.0,3163.0,3163.0,3108.0,3134.3,32004000,3447.7,2820.9,3839.9,2896.0,3145.3,2,2,3145.0,5,1,3144.9,11,2,3144.8,1,1,3144.7,2,2,3145.6,88,5,3145.7,387,4,3145.8,438,3,3145.9,582,4,3146.0,272,3
2031,2026-06-16 13:24:32+05:30,3145.6,1,3131.83,2470437,126787.0,202337.0,3163.0,3163.0,3108.0,3134.3,32004000,3447.7,2820.9,3839.9,2896.0,3145.3,18,3,3145.0,5,1,3144.9,1,1,3144.8,1,1,3144.7,2,2,3145.6,60,5,3145.7,360,3,3145.8,400,2,3145.9,635,5,3146.0,272,3
2031,2026-06-16 13:24:33+05:30,3145.6,1,3131.83,2470437,126787.0,202337.0,3163.0,3163.0,3108.0,3134.3,32004000,3447.7,2820.9,3839.9,2896.0,3145.3,18,3,3145.0,5,1,3144.9,1,1,3144.8,1,1,3144.7,2,2,3145.6,60,5,3145.7,360,3,3145.8,400,2,3145.9,635,5,3146.0,272,3
2031,2026-06-16 13:24:33+05:30,3145.6,1,3131.83,2470437,126787.0,202337.0,3163.0,3163.0,3108.0,3134.3,32004000,3447.7,2820.9,3839.9,2896.0,3145.3,18,3,3145.0,5,1,3144.9,1,1,3144.8,1,1,3144.7,2,2,3145.6,60,5,3145.7,360,3,3145.8,400,2,3145.9,635,5,3146.0,272,3
2031,2026-06-16 13:24:33+05:30,3145.6,1,3131.83,2470437,126793.0,202151.0,3163.0,3163.0,3108.0,3134.3,32004000,3447.7,2820.9,3839.9,2896.0,3145.3,18,3,3145.0,5,1,3144.9,1,1,3144.8,1,1,3144.7,2,2,3145.6,60,5,3145.7,360,3,3145.8,400,2,3145.9,635,5,3146.0,72,2
2031,2026-06-16 13:24:34+05:30,3145.6,1,3131.83,2470437,126793.0,202151.0,3163.0,3163.0,3108.0,3134.3,31999400,3447.7,2820.9,3839.9,2896.0,3145.3,18,3,3145.0,5,1,3144.9,1,1,3144.8,1,1,3144.7,2,2,3145.6,60,5,3145.7,360,3,3145.8,400,2,3145.9,635,5,3146.0,72,2
2031,2026-06-16 13:24:34+05:30,3145.6,1,3131.83,2470483,126651.0,202109.0,3163.0,3163.0,3108.0,3134.3,31999400,3447.7,2820.9,3839.9,2896.0,3145.3,35,2,3145.0,5,1,3144.9,17,2,3144.8,1,1,3144.7,2,2,3145.6,59,5,3145.7,360,3,3145.8,400,2,3145.9,635,5,3146.0,106,3
2031,2026-06-16 13:24:35+05:30,3145.6,1,3131.83,2470483,126651.0,202109.0,3163.0,3163.0,3108.0,3134.3,31999400,3447.7,2820.9,3839.9,2896.0,3145.3,35,2,3145.0,5,1,3144.9,17,2,3144.8,1,1,3144.7,2,2,3145.6,59,5,3145.7,360,3,3145.8,400,2,3145.9,635,5,3146.0,106,3
2031,2026-06-16 13:24:35+05:30,3145.6,1,3131.83,2470483,126628.0,202267.0,3163.0,3163.0,3108.0,3134.3,31999400,3447.7,2820.9,3839.9,2896.0,3145.3,35,2,3145.0,5,1,3144.9,17,2,3144.8,1,1,3144.7,2,2,3145.6,59,5,3145.7,360,3,3145.8,400,2,3145.9,635,5,3146.0,106,3
2031,2026-06-16 13:24:37+05:30,3145.6,1,3131.83,2470483,126633.0,202229.0,3163.0,3163.0,3108.0,3134.3,31999400,3447.7,2820.9,3839.9,2896.0,3145.3,35,2,3145.0,10,2,3144.9,17,2,3144.8,1,1,3144.7,2,2,3145.6,59,5,3145.7,360,3,3145.8,400,2,3145.9,635,5,3146.0,34,1
2031,2026-06-16 13:24:38+05:30,3145.6,1,3131.83,2470484,126633.0,202239.0,3163.0,3163.0,3108.0,3134.3,31999400,3447.7,2820.9,3839.9,2896.0,3145.3,35,2,3145.0,10,2,3144.9,17,2,3144.8,1,1,3144.7,2,2,3145.6,58,5,3145.7,360,3,3145.8,400,2,3145.9,635,5,3146.1,2,1
2031,2026-06-16 13:24:38+05:30,3145.6,1,3131.83,2470484,126633.0,202239.0,3163.0,3163.0,3108.0,3134.3,31999400,3447.7,2820.9,3839.9,2896.0,3145.3,35,2,3145.0,10,2,3144.9,17,2,3144.8,1,1,3144.7,2,2,3145.6,58,5,3145.7,360,3,3145.8,400,2,3145.9,635,5,3146.1,2,1
2031,2026-06-16 13:24:39+05:30,3145.6,15,3131.83,2470484,126633.0,202239.0,3163.0,3163.0,3108.0,3134.3,31999400,3447.7,2820.9,3839.9,2896.0,3145.3,35,2,3145.0,10,2,3144.9,17,2,3144.8,1,1,3144.7,2,2,3145.6,58,5,3145.7,360,3,3145.8,400,2,3145.9,635,5,3146.1,2,1
2031,2026-06-16 13:24:39+05:30,3145.5,16,3131.84,2470664,126261.0,201866.0,3163.0,3163.0,3108.0,3134.3,31999400,3447.7,2820.9,3839.9,2896.0,3145.5,16,1,3145.4,1,1,3145.0,8,2,3144.9,1,1,3144.8,1,1,3145.7,200,1,3145.8,422,4,3145.9,408,3,3146.0,238,2,3146.1,68,2
2031,2026-06-16 13:24:40+05:30,3145.5,16,3131.84,2470664,126261.0,201866.0,3163.0,3163.0,3108.0,3134.3,31999400,3447.7,2820.9,3839.9,2896.0,3145.5,16,1,3145.4,1,1,3145.0,8,2,3144.9,1,1,3144.8,1,1,3145.7,200,1,3145.8,422,4,3145.9,408,3,3146.0,238,2,3146.1,68,2
2031,2026-06-16 13:24:40+05:30,3145.5,16,3131.84,2470664,126321.0,201837.0,3163.0,3163.0,3108.0,3134.3,31999400,3447.7,2820.9,3839.9,2896.0,3145.4,1,1,3145.1,16,1,3145.0,8,2,3144.9,1,1,3144.8,1,1,3145.7,200,1,3145.8,357,2,3145.9,446,4,3146.0,227,2,3146.1,34,1
2031,2026-06-16 13:24:41+05:30,3145.7,9,3131.84,2470664,126321.0,201837.0,3163.0,3163.0,3108.0,3134.3,31999400,3447.7,2820.9,3839.9,2896.0,3145.4,1,1,3145.1,16,1,3145.0,8,2,3144.9,1,1,3144.8,1,1,3145.7,200,1,3145.8,357,2,3145.9,446,4,3146.0,227,2,3146.1,34,1
2031,2026-06-16 13:24:41+05:30,3145.7,9,3131.84,2470873,126807.0,197407.0,3163.0,3163.0,3108.0,3134.3,31999400,3447.7,2820.9,3839.9,2896.0,3145.4,57,7,3145.3,69,2,3145.2,29,3,3145.1,100,3,3145.0,172,7,3146.5,1,1,3146.7,5,1,3146.8,38,1,3147.0,323,4,3147.2,160,3
2031,2026-06-16 13:24:42+05:30,3145.7,5,3131.84,2470873,126807.0,197407.0,3163.0,3163.0,3108.0,3134.3,31999400,3447.7,2820.9,3839.9,2896.0,3145.4,57,7,3145.3,69,2,3145.2,29,3,3145.1,100,3,3145.0,172,7,3146.5,1,1,3146.7,5,1,3146.8,38,1,3147.0,323,4,3147.2,160,3
2031,2026-06-16 13:24:42+05:30,3145.7,5,3131.84,2470902,127029.0,197255.0,3163.0,3163.0,3108.0,3134.3,31999400,3447.7,2820.9,3839.9,2896.0,3145.7,10,2,3145.6,27,4,3145.5,123,7,3145.4,58,6,3145.3,132,4,3146.5,2,2,3146.7,5,1,3147.0,270,3,3147.2,160,3,3147.3,99,2
2031,2026-06-16 13:24:43+05:30,3145.7,1,3131.84,2470902,127029.0,197255.0,3163.0,3163.0,3108.0,3134.3,31999400,3447.7,2820.9,3839.9,2896.0,3145.7,10,2,3145.6,27,4,3145.5,123,7,3145.4,58,6,3145.3,132,4,3146.5,2,2,3146.7,5,1,3147.0,270,3,3147.2,160,3,3147.3,99,2
2031,2026-06-16 13:24:43+05:30,3146.5,1,3131.84,2470904,127187.0,197396.0,3163.0,3163.0,3108.0,3134.3,31999400,3447.7,2820.9,3839.9,2896.0,3145.9,18,1,3145.8,27,4,3145.7,49,3,3145.6,63,6,3145.5,114,6,3146.7,5,1,3147.0,250,2,3147.2,122,2,3147.3,39,1,3147.4,62,3
2031,2026-06-16 13:24:44+05:30,3146.5,1,3131.84,2470904,127187.0,197396.0,3163.0,3163.0,3108.0,3134.3,31999400,3447.7,2820.9,3839.9,2896.0,3145.9,18,1,3145.8,27,4,3145.7,49,3,3145.6,63,6,3145.5,114,6,3146.7,5,1,3147.0,250,2,3147.2,122,2,3147.3,39,1,3147.4,62,3
2031,2026-06-16 13:24:44+05:30,3146.5,1,3131.84,2470904,127599.0,197357.0,3163.0,3163.0,3108.0,3134.3,31999400,3447.7,2820.9,3839.9,2896.0,3146.1,17,1,3145.8,41,5,3145.7,49,3,3145.6,50,5,3145.5,120,7,3146.7,5,1,3147.0,250,2,3147.2,122,2,3147.4,62,3,3147.5,60,1
2031,2026-06-16 13:24:45+05:30,3146.1,1,3131.84,2470904,127599.0,197357.0,3163.0,3163.0,3108.0,3134.3,31999400,3447.7,2820.9,3839.9,2896.0,3146.1,17,1,3145.8,41,5,3145.7,49,3,3145.6,50,5,3145.5,120,7,3146.7,5,1,3147.0,250,2,3147.2,122,2,3147.4,62,3,3147.5,60,1
2031,2026-06-16 13:24:45+05:30,3146.7,3,3131.84,2470913,128493.0,197186.0,3163.0,3163.0,3108.0,3134.3,31999400,3447.7,2820.9,3839.9,2896.0,3146.4,18,3,3146.2,3,1,3146.1,1,1,3145.9,22,1,3145.8,77,3,3147.0,250,2,3147.2,100,1,3147.3,262,3,3147.4,182,2,3147.5,260,2
2031,2026-06-16 13:24:46+05:30,3146.7,2,3131.84,2470913,128493.0,197186.0,3163.0,3163.0,3108.0,3134.3,31999400,3447.7,2820.9,3839.9,2896.0,3146.4,18,3,3146.2,3,1,3146.1,1,1,3145.9,22,1,3145.8,77,3,3147.0,250,2,3147.2,100,1,3147.3,262,3,3147.4,182,2,3147.5,260,2
2031,2026-06-16 13:24:46+05:30,3146.7,1,3131.84,2471060,127812.0,197519.0,3163.0,3163.0,3108.0,3134.3,31999400,3447.7,2820.9,3839.9,2896.0,3146.7,3,1,3146.4,2,2,3146.2,3,1,3146.1,16,2,3145.7,21,1,3147.0,368,7,3147.1,45,2,3147.2,140,3,3147.3,262,3,3147.4,395,3
2031,2026-06-16 13:24:47+05:30,3146.4,1,3131.84,2471060,127812.0,197519.0,3163.0,3163.0,3108.0,3134.3,31999400,3447.7,2820.9,3839.9,2896.0,3146.7,3,1,3146.4,2,2,3146.2,3,1,3146.1,16,2,3145.7,21,1,3147.0,368,7,3147.1,45,2,3147.2,140,3,3147.3,262,3,3147.4,395,3
2031,2026-06-16 13:24:47+05:30,3146.4,1,3131.84,2471089,126941.0,197700.0,3163.0,3163.0,3108.0,3134.3,31999400,3447.7,2820.9,3839.9,2896.0,3146.1,1,1,3145.7,15,1,3145.4,2,1,3145.3,3,1,3145.2,87,3,3146.3,13,1,3146.4,36,3,3146.6,79,2,3146.7,34,2,3146.8,37,3
2031,2026-06-16 13:24:48+05:30,3146.0,1,3131.84,2471430,125152.0,198627.0,3163.0,3163.0,3108.0,3134.3,31999400,3447.7,2820.9,3839.9,2896.0,3145.0,5,1,3144.8,1,1,3144.7,2,2,3144.5,39,3,3144.4,63,2,3146.0,34,3,3146.1,67,4,3146.2,123,6,3146.3,54,4,3146.4,54,1
2031,2026-06-16 13:24:49+05:30,3146.0,1,3131.84,2471430,125152.0,198627.0,3163.0,3163.0,3108.0,3134.3,31999400,3447.7,2820.9,3839.9,2896.0,3145.0,5,1,3144.8,1,1,3144.7,2,2,3144.5,39,3,3144.4,63,2,3146.0,34,3,3146.1,67,4,3146.2,123,6,3146.3,54,4,3146.4,54,1
2031,2026-06-16 13:24:49+05:30,3146.0,10,3131.84,2471440,125023.0,199106.0,3163.0,3163.0,3108.0,3134.3,31999400,3447.7,2820.9,3839.9,2896.0,3145.0,5,1,3144.8,1,1,3144.7,2,2,3144.5,22,2,3144.4,63,2,3146.0,69,4,3146.1,31,2,3146.2,151,7,3146.3,115,5,3146.4,54,1
2031,2026-06-16 13:24:50+05:30,3145.0,14,3131.84,2471440,125023.0,199106.0,3163.0,3163.0,3108.0,3134.3,31999400,3447.7,2820.9,3839.9,2896.0,3145.0,5,1,3144.8,1,1,3144.7,2,2,3144.5,22,2,3144.4,63,2,3146.0,69,4,3146.1,31,2,3146.2,151,7,3146.3,115,5,3146.4,54,1
2031,2026-06-16 13:24:50+05:30,3144.7,1,3131.84,2471461,124236.0,199543.0,3163.0,3163.0,3108.0,3134.3,31999400,3447.7,2820.9,3839.9,2896.0,3144.7,5,3,3144.6,8,1,3144.5,10,2,3144.4,74,3,3144.3,35,2,3145.0,81,1,3145.5,22,2,3146.0,64,4,3146.1,32,2,3146.2,155,6
2031,2026-06-16 13:24:51+05:30,3145.0,22,3131.84,2471461,124236.0,199543.0,3163.0,3163.0,3108.0,3134.3,31999400,3447.7,2820.9,3839.9,2896.0,3144.7,5,3,3144.6,8,1,3144.5,10,2,3144.4,74,3,3144.3,35,2,3145.0,81,1,3145.5,22,2,3146.0,64,4,3146.1,32,2,3146.2,155,6
2031,2026-06-16 13:24:51+05:30,3146.1,1,3131.84,2471565,126237.0,198675.0,3163.0,3163.0,3108.0,3134.3,31999400,3447.7,2820.9,3839.9,2896.0,3145.2,2,1,3145.0,59,4,3144.9,48,3,3144.8,62,4,3144.7,68,7,3146.2,41,4,3146.5,65,3,3146.6,123,2,3146.7,200,1,3146.8,500,6
2031,2026-06-16 13:24:52+05:30,3146.1,1,3131.84,2471565,126237.0,198675.0,3163.0,3163.0,3108.0,3134.3,31999400,3447.7,2820.9,3839.9,2896.0,3145.2,2,1,3145.0,59,4,3144.9,48,3,3144.8,62,4,3144.7,68,7,3146.2,41,4,3146.5,65,3,3146.6,123,2,3146.7,200,1,3146.8,500,6
2031,2026-06-16 13:24:52+05:30,3146.1,1,3131.84,2471565,126387.0,198603.0,3163.0,3163.0,3108.0,3134.3,31999400,3447.7,2820.9,3839.9,2896.0,3145.2,46,2,3145.0,114,6,3144.9,48,3,3144.8,86,6,3144.7,156,9,3146.2,76,5,3146.5,38,1,3146.7,202,2,3146.8,500,6,3146.9,281,5
2031,2026-06-16 13:24:53+05:30,3146.2,10,3131.84,2471565,126387.0,198603.0,3163.0,3163.0,3108.0,3134.3,31999400,3447.7,2820.9,3839.9,2896.0,3145.2,46,2,3145.0,114,6,3144.9,48,3,3144.8,86,6,3144.7,156,9,3146.2,76,5,3146.5,38,1,3146.7,202,2,3146.8,500,6,3146.9,281,5
2031,2026-06-16 13:24:53+05:30,3146.2,1,3131.84,2471577,126410.0,197662.0,3163.0,3163.0,3108.0,3134.3,31999400,3447.7,2820.9,3839.9,2896.0,3145.2,61,4,3145.1,25,3,3145.0,89,5,3144.9,97,6,3144.8,62,4,3146.2,67,4,3146.7,206,2,3146.8,300,5,3146.9,278,4,3147.0,785,10
2031,2026-06-16 13:24:54+05:30,3146.2,1,3131.84,2471577,126410.0,197662.0,3163.0,3163.0,3108.0,3134.3,31999400,3447.7,2820.9,3839.9,2896.0,3145.2,61,4,3145.1,25,3,3145.0,89,5,3144.9,97,6,3144.8,62,4,3146.2,67,4,3146.7,206,2,3146.8,300,5,3146.9,278,4,3147.0,785,10
2031,2026-06-16 13:24:54+05:30,3146.2,2,3131.84,2471579,126431.0,196315.0,3163.0,3163.0,3108.0,3134.3,31999400,3447.7,2820.9,3839.9,2896.0,3145.2,61,4,3145.1,25,3,3145.0,89,5,3144.9,88,6,3144.8,62,4,3146.2,52,3,3146.4,10,1,3146.5,38,1,3146.6,5,1,3146.7,208,3
2031,2026-06-16 13:24:55+05:30,3145.2,1,3131.84,2471579,126431.0,196315.0,3163.0,3163.0,3108.0,3134.3,31999400,3447.7,2820.9,3839.9,2896.0,3145.2,61,4,3145.1,25,3,3145.0,89,5,3144.9,88,6,3144.8,62,4,3146.2,52,3,3146.4,10,1,3146.5,38,1,3146.6,5,1,3146.7,208,3
2031,2026-06-16 13:24:55+05:30,3145.2,1,3131.84,2471580,126429.0,198323.0,3163.0,3163.0,3108.0,3134.3,31999400,3447.7,2820.9,3839.9,2896.0,3145.2,60,4,3145.1,40,4,3145.0,89,5,3144.9,70,4,3144.8,64,5,3146.2,57,4,3146.4,10,1,3146.5,38,1,3146.6,5,1,3146.7,208,3
2031,2026-06-16 13:24:56+05:30,3145.2,1,3131.84,2471580,126435.0,198290.0,3163.0,3163.0,3108.0,3134.3,31999400,3447.7,2820.9,3839.9,2896.0,3145.3,16,1,3145.2,60,4,3145.1,25,3,3145.0,89,5,3144.9,70,4,3146.2,57,4,3146.4,10,1,3146.5,38,1,3146.6,5,1,3146.7,202,2
2031,2026-06-16 13:24:57+05:30,3146.2,1,3131.84,2471581,126620.0,198262.0,3163.0,3163.0,3108.0,3134.3,31999400,3447.7,2820.9,3839.9,2896.0,3145.4,16,1,3145.3,43,2,3145.2,60,4,3145.1,50,4,3145.0,113,7,3146.2,56,4,3146.4,10,1,3146.7,200,1,3146.8,262,4,3146.9,278,4
2031,2026-06-16 13:24:58+05:30,3146.2,1,3131.84,2471581,126620.0,198262.0,3163.0,3163.0,3108.0,3134.3,31999400,3447.7,2820.9,3839.9,2896.0,3145.4,16,1,3145.3,43,2,3145.2,60,4,3145.1,50,4,3145.0,113,7,3146.2,56,4,3146.4,10,1,3146.7,200,1,3146.8,262,4,3146.9,278,4
2031,2026-06-16 13:24:58+05:30,3146.2,1,3131.84,2471581,126503.0,198158.0,3163.0,3163.0,3108.0,3134.3,31999400,3447.7,2820.9,3839.9,2896.0,3145.5,15,1,3145.3,38,1,3145.2,60,4,3145.1,25,3,3145.0,89,5,3146.2,117,6,3146.4,10,1,3146.7,200,1,3146.8,264,5,3146.9,278,4
2031,2026-06-16 13:24:59+05:30,3146.2,1,3131.84,2471582,126819.0,197828.0,3163.0,3163.0,3108.0,3134.3,31999400,3447.7,2820.9,3839.9,2896.0,3145.6,15,1,3145.5,64,2,3145.3,98,2,3145.2,72,4,3145.1,62,5,3145.7,1,1,3146.2,103,6,3146.4,10,1,3146.7,200,1,3146.8,240,4
2031,2026-06-16 13:25:00+05:30,3146.2,1,3131.84,2471582,126819.0,197828.0,3163.0,3163.0,3108.0,3134.3,31999400,3447.7,2820.9,3839.9,2896.0,3145.6,15,1,3145.5,64,2,3145.3,98,2,3145.2,72,4,3145.1,62,5,3145.7,1,1,3146.2,103,6,3146.4,10,1,3146.7,200,1,3146.8,240,4
2031,2026-06-16 13:25:01+05:30,3145.7,8,3131.84,2471742,126636.0,198558.0,3163.0,3163.0,3108.0,3134.3,31999400,3447.7,2820.9,3839.9,2896.0,3145.7,14,2,3145.6,6,2,3145.5,42,1,3145.3,38,1,3145.2,45,2,3146.1,13,1,3146.2,154,8,3146.4,136,5,3146.5,258,2,3146.6,405,4
2031,2026-06-16 13:25:01+05:30,3145.7,8,3131.84,2471742,126636.0,198558.0,3163.0,3163.0,3108.0,3134.3,31999400,3447.7,2820.9,3839.9,2896.0,3145.7,14,2,3145.6,6,2,3145.5,42,1,3145.3,38,1,3145.2,45,2,3146.1,13,1,3146.2,154,8,3146.4,136,5,3146.5,258,2,3146.6,405,4
2031,2026-06-16 13:25:02+05:30,3146.4,6,3131.84,2471742,126636.0,198558.0,3163.0,3163.0,3108.0,3134.3,31999400,3447.7,2820.9,3839.9,2896.0,3145.7,14,2,3145.6,6,2,3145.5,42,1,3145.3,38,1,3145.2,45,2,3146.1,13,1,3146.2,154,8,3146.4,136,5,3146.5,258,2,3146.6,405,4
2031,2026-06-16 13:25:02+05:30,3146.4,6,3131.84,2471949,126660.0,198339.0,3163.0,3163.0,3108.0,3134.3,31999400,3447.7,2820.9,3839.9,2896.0,3145.7,27,3,3145.6,6,2,3145.5,42,1,3145.3,53,2,3145.2,45,2,3146.3,13,1,3146.4,147,5,3146.5,200,1,3146.6,487,5,3146.7,284,4
2031,2026-06-16 13:25:03+05:30,3146.4,6,3131.84,2471949,126666.0,198189.0,3163.0,3163.0,3108.0,3134.3,31999400,3447.7,2820.9,3839.9,2896.0,3145.7,27,3,3145.6,6,2,3145.5,58,2,3145.3,38,1,3145.2,45,2,3146.3,70,4,3146.4,74,4,3146.5,200,1,3146.6,545,6,3146.7,284,4
2031,2026-06-16 13:25:04+05:30,3145.7,3,3131.84,2471974,126696.0,198408.0,3163.0,3163.0,3108.0,3134.3,31999400,3447.7,2820.9,3839.9,2896.0,3145.7,19,2,3145.6,6,2,3145.5,42,1,3145.3,38,1,3145.2,45,2,3146.3,77,5,3146.4,52,3,3146.5,200,1,3146.6,569,8,3146.7,282,3
2031,2026-06-16 13:25:04+05:30,3145.7,3,3131.84,2471974,126696.0,198408.0,3163.0,3163.0,3108.0,3134.3,31999400,3447.7,2820.9,3839.9,2896.0,3145.7,19,2,3145.6,6,2,3145.5,42,1,3145.3,38,1,3145.2,45,2,3146.3,77,5,3146.4,52,3,3146.5,200,1,3146.6,569,8,3146.7,282,3
2031,2026-06-16 13:25:05+05:30,3146.2,1,3131.84,2471974,126696.0,198408.0,3163.0,3163.0,3108.0,3134.3,31999400,3447.7,2820.9,3839.9,2896.0,3145.7,19,2,3145.6,6,2,3145.5,42,1,3145.3,38,1,3145.2,45,2,3146.3,77,5,3146.4,52,3,3146.5,200,1,3146.6,569,8,3146.7,282,3
2031,2026-06-16 13:25:05+05:30,3146.2,1,3131.84,2472035,126754.0,198368.0,3163.0,3163.0,3108.0,3134.3,31999400,3447.7,2820.9,3839.9,2896.0,3145.7,19,2,3145.6,6,2,3145.5,42,1,3145.3,38,1,3145.2,45,2,3146.3,61,5,3146.4,17,2,3146.5,200,1,3146.6,465,6,3146.7,520,5
2031,2026-06-16 13:25:06+05:30,3145.7,2,3131.84,2472035,126754.0,198368.0,3163.0,3163.0,3108.0,3134.3,31999400,3447.7,2820.9,3839.9,2896.0,3145.7,19,2,3145.6,6,2,3145.5,42,1,3145.3,38,1,3145.2,45,2,3146.3,61,5,3146.4,17,2,3146.5,200,1,3146.6,465,6,3146.7,520,5
2031,2026-06-16 13:25:06+05:30,3145.7,2,3131.84,2472037,126798.0,198290.0,3163.0,3163.0,3108.0,3134.3,31999400,3447.7,2820.9,3839.9,2896.0,3145.7,22,2,3145.6,6,2,3145.5,42,1,3145.3,38,1,3145.2,45,2,3146.0,32,1,3146.3,48,4,3146.4,204,2,3146.5,357,2,3146.6,306,4
2031,2026-06-16 13:25:07+05:30,3145.7,2,3131.84,2472037,126903.0,198411.0,3163.0,3163.0,3108.0,3134.3,31999400,3447.7,2820.9,3839.9,2896.0,3145.9,17,1,3145.6,6,2,3145.5,42,1,3145.3,38,1,3145.2,45,2,3146.0,32,1,3146.3,48,4,3146.4,204,2,3146.5,357,2,3146.6,306,4
2031,2026-06-16 13:25:08+05:30,3146.0,27,3131.84,2472037,126903.0,198411.0,3163.0,3163.0,3108.0,3134.3,31999400,3447.7,2820.9,3839.9,2896.0,3145.9,17,1,3145.6,6,2,3145.5,42,1,3145.3,38,1,3145.2,45,2,3146.0,32,1,3146.3,48,4,3146.4,204,2,3146.5,357,2,3146.6,306,4
2031,2026-06-16 13:25:08+05:30,3146.0,7,3131.84,2472076,127122.0,198362.0,3163.0,3163.0,3108.0,3134.3,31999400,3447.7,2820.9,3839.9,2896.0,3146.1,5,1,3145.9,15,1,3145.6,19,3,3145.5,42,1,3145.1,7,1,3146.3,13,1,3146.4,285,5,3146.5,387,3,3146.6,260,3,3146.7,526,6
2031,2026-06-16 13:25:09+05:30,3145.9,28,3131.84,2472076,127122.0,198362.0,3163.0,3163.0,3108.0,3134.3,31999400,3447.7,2820.9,3839.9,2896.0,3146.1,5,1,3145.9,15,1,3145.6,19,3,3145.5,42,1,3145.1,7,1,3146.3,13,1,3146.4,285,5,3146.5,387,3,3146.6,260,3,3146.7,526,6
2031,2026-06-16 13:25:09+05:30,3145.5,42,3131.85,2472476,125937.0,198844.0,3163.0,3163.0,3108.0,3134.3,31999400,3447.7,2820.9,3839.9,2896.0,3144.9,3,1,3144.7,17,3,3144.6,8,1,3144.5,9,1,3144.4,94,4,3145.5,27,3,3145.7,18,1,3145.8,38,1,3146.0,38,1,3146.1,68,3
2031,2026-06-16 13:25:10+05:30,3145.5,1,3131.85,2472476,125937.0,198844.0,3163.0,3163.0,3108.0,3134.3,31999400,3447.7,2820.9,3839.9,2896.0,3144.9,3,1,3144.7,17,3,3144.6,8,1,3144.5,9,1,3144.4,94,4,3145.5,27,3,3145.7,18,1,3145.8,38,1,3146.0,38,1,3146.1,68,3
2031,2026-06-16 13:25:10+05:30,3145.5,1,3131.85,2472485,126309.0,199022.0,3163.0,3163.0,3108.0,3134.3,31999400,3447.7,2820.9,3839.9,2896.0,3144.9,3,1,3144.7,17,3,3144.6,30,2,3144.5,54,3,3144.4,72,3,3145.5,18,2,3145.7,18,1,3146.0,38,1,3146.1,66,2,3146.2,309,4
2031,2026-06-16 13:25:11+05:30,3145.5,1,3131.85,2472485,126309.0,199022.0,3163.0,3163.0,3108.0,3134.3,31999400,3447.7,2820.9,3839.9,2896.0,3144.9,3,1,3144.7,17,3,3144.6,30,2,3144.5,54,3,3144.4,72,3,3145.5,18,2,3145.7,18,1,3146.0,38,1,3146.1,66,2,3146.2,309,4
2031,2026-06-16 13:25:11+05:30,3145.5,1,3131.85,2472486,126315.0,200468.0,3163.0,3163.0,3108.0,3134.3,31999400,3447.7,2820.9,3839.9,2896.0,3144.9,3,1,3144.7,17,3,3144.6,30,2,3144.5,32,2,3144.4,98,4,3145.5,17,2,3145.7,18,1,3146.0,38,1,3146.1,66,2,3146.2,309,4
2031,2026-06-16 13:25:12+05:30,3145.5,3,3131.85,2472486,126315.0,200468.0,3163.0,3163.0,3108.0,3134.3,31999400,3447.7,2820.9,3839.9,2896.0,3144.9,3,1,3144.7,17,3,3144.6,30,2,3144.5,32,2,3144.4,98,4,3145.5,17,2,3145.7,18,1,3146.0,38,1,3146.1,66,2,3146.2,309,4
2031,2026-06-16 13:25:12+05:30,3145.5,3,3131.85,2472498,126235.0,200755.0,3163.0,3163.0,3108.0,3134.3,31999400,3447.7,2820.9,3839.9,2896.0,3144.9,50,1,3144.8,3,1,3144.7,2,2,3144.5,32,2,3144.4,97,3,3145.0,200,1,3145.5,22,2,3145.7,18,1,3146.0,60,2,3146.1,69,3
2031,2026-06-16 13:25:13+05:30,3144.3,45,3131.85,2472498,126235.0,200755.0,3163.0,3163.0,3108.0,3134.3,31999400,3447.7,2820.9,3839.9,2896.0,3144.9,50,1,3144.8,3,1,3144.7,2,2,3144.5,32,2,3144.4,97,3,3145.0,200,1,3145.5,22,2,3145.7,18,1,3146.0,60,2,3146.1,69,3
2031,2026-06-16 13:25:13+05:30,3144.0,155,3131.85,2473282,124100.0,202658.0,3163.0,3163.0,3108.0,3134.3,31999400,3447.7,2820.9,3839.9,2896.0,3144.0,769,6,3143.9,16,2,3143.8,18,2,3143.7,54,3,3143.5,37,2,3144.1,200,1,3144.2,200,1,3144.6,116,1,3144.8,130,1,3144.9,200,1
2031,2026-06-16 13:25:14+05:30,3145.0,25,3131.85,2473282,124100.0,202658.0,3163.0,3163.0,3108.0,3134.3,31999400,3447.7,2820.9,3839.9,2896.0,3144.0,769,6,3143.9,16,2,3143.8,18,2,3143.7,54,3,3143.5,37,2,3144.1,200,1,3144.2,200,1,3144.6,116,1,3144.8,130,1,3144.9,200,1
2031,2026-06-16 13:25:14+05:30,3145.0,25,3131.86,2474353,125542.0,197994.0,3163.0,3163.0,3108.0,3134.3,31999400,3447.7,2820.9,3839.9,2896.0,3144.6,29,3,3144.5,27,3,3144.4,2,2,3144.3,200,7,3144.2,261,3,3145.9,49,1,3146.0,101,2,3146.2,139,5,3146.3,245,3,3146.4,235,4
2031,2026-06-16 13:25:15+05:30,3145.0,25,3131.86,2474353,125542.0,197994.0,3163.0,3163.0,3108.0,3134.3,31999400,3447.7,2820.9,3839.9,2896.0,3144.6,29,3,3144.5,27,3,3144.4,2,2,3144.3,200,7,3144.2,261,3,3145.9,49,1,3146.0,101,2,3146.2,139,5,3146.3,245,3,3146.4,235,4
2031,2026-06-16 13:25:15+05:30,3146.0,1,3131.86,2474354,126334.0,199482.0,3163.0,3163.0,3108.0,3134.3,31999400,3447.7,2820.9,3839.9,2896.0,3145.0,1,1,3144.7,2,1,3144.6,1,1,3144.5,30,2,3144.4,85,3,3146.0,19,1,3146.1,240,3,3146.2,286,4,3146.3,489,5,3146.4,278,4
2031,2026-06-16 13:25:16+05:30,3146.0,1,3131.86,2474354,126334.0,199482.0,3163.0,3163.0,3108.0,3134.3,31999400,3447.7,2820.9,3839.9,2896.0,3145.0,1,1,3144.7,2,1,3144.6,1,1,3144.5,30,2,3144.4,85,3,3146.0,19,1,3146.1,240,3,3146.2,286,4,3146.3,489,5,3146.4,278,4
2031,2026-06-16 13:25:16+05:30,3146.0,1,3131.86,2474354,126541.0,199963.0,3163.0,3163.0,3108.0,3134.3,31999400,3447.7,2820.9,3839.9,2896.0,3145.5,2,2,3145.0,66,3,3144.7,2,1,3144.6,7,2,3144.5,145,6,3146.0,19,1,3146.2,257,3,3146.3,645,6,3146.4,244,4,3146.5,308,3
2031,2026-06-16 13:25:16+05:30,3146.0,1,3131.86,2474354,126541.0,199963.0,3163.0,3163.0,3108.0,3134.3,31999400,3447.7,2820.9,3839.9,2896.0,3145.5,2,2,3145.0,66,3,3144.7,2,1,3144.6,7,2,3144.5,145,6,3146.0,19,1,3146.2,257,3,3146.3,645,6,3146.4,244,4,3146.5,308,3
2031,2026-06-16 13:25:17+05:30,3145.0,21,3131.86,2474354,126541.0,199963.0,3163.0,3163.0,3108.0,3134.3,31999400,3447.7,2820.9,3839.9,2896.0,3145.5,2,2,3145.0,66,3,3144.7,2,1,3144.6,7,2,3144.5,145,6,3146.0,19,1,3146.2,257,3,3146.3,645,6,3146.4,244,4,3146.5,308,3
2031,2026-06-16 13:25:17+05:30,3145.0,21,3131.86,2474608,127423.0,199328.0,3163.0,3163.0,3108.0,3134.3,31999400,3447.7,2820.9,3839.9,2896.0,3145.2,21,2,3145.1,75,4,3145.0,71,5,3144.9,95,5,3144.8,80,3,3146.3,10,1,3146.4,4,1,3146.8,278,3,3146.9,375,3,3147.0,687,7
2031,2026-06-16 13:25:18+05:30,3146.3,1,3131.86,2474608,127423.0,199328.0,3163.0,3163.0,3108.0,3134.3,31999400,3447.7,2820.9,3839.9,2896.0,3145.2,21,2,3145.1,75,4,3145.0,71,5,3144.9,95,5,3144.8,80,3,3146.3,10,1,3146.4,4,1,3146.8,278,3,3146.9,375,3,3147.0,687,7
2031,2026-06-16 13:25:18+05:30,3146.3,1,3131.86,2474611,127486.0,199465.0,3163.0,3163.0,3108.0,3134.3,31999400,3447.7,2820.9,3839.9,2896.0,3145.2,77,3,3145.1,113,5,3145.0,71,5,3144.9,95,5,3144.8,85,4,3146.3,9,1,3146.4,4,1,3146.7,5,1,3146.8,278,3,3146.9,375,3
2031,2026-06-16 13:25:18+05:30,3146.3,1,3131.86,2474611,127486.0,199465.0,3163.0,3163.0,3108.0,3134.3,31999400,3447.7,2820.9,3839.9,2896.0,3145.2,77,3,3145.1,113,5,3145.0,71,5,3144.9,95,5,3144.8,85,4,3146.3,9,1,3146.4,4,1,3146.7,5,1,3146.8,278,3,3146.9,375,3
2031,2026-06-16 13:25:19+05:30,3146.3,1,3131.86,2474611,127443.0,199365.0,3163.0,3163.0,3108.0,3134.3,31999400,3447.7,2820.9,3839.9,2896.0,3145.2,115,3,3145.1,79,5,3145.0,71,5,3144.9,57,4,3144.8,80,3,3146.4,4,1,3146.7,278,3,3146.8,201,4,3146.9,200,1,3147.0,703,7
2031,2026-06-16 13:25:20+05:30,3145.2,38,3131.86,2474611,127443.0,199365.0,3163.0,3163.0,3108.0,3134.3,31999400,3447.7,2820.9,3839.9,2896.0,3145.2,115,3,3145.1,79,5,3145.0,71,5,3144.9,57,4,3144.8,80,3,3146.4,4,1,3146.7,278,3,3146.8,201,4,3146.9,200,1,3147.0,703,7
2031,2026-06-16 13:25:20+05:30,3145.2,38,3131.86,2474657,126747.0,201039.0,3163.0,3163.0,3108.0,3134.3,31999400,3447.7,2820.9,3839.9,2896.0,3145.5,16,1,3145.2,20,1,3145.1,3,1,3145.0,45,3,3144.8,2,1,3146.0,1100,1,3146.2,263,3,3146.3,359,3,3146.4,322,6,3146.5,431,6
2031,2026-06-16 13:25:20+05:30,3145.2,38,3131.86,2474657,126747.0,201039.0,3163.0,3163.0,3108.0,3134.3,31999400,3447.7,2820.9,3839.9,2896.0,3145.5,16,1,3145.2,20,1,3145.1,3,1,3145.0,45,3,3144.8,2,1,3146.0,1100,1,3146.2,263,3,3146.3,359,3,3146.4,322,6,3146.5,431,6
2031,2026-06-16 13:25:21+05:30,3146.0,1,3131.86,2474657,126747.0,201039.0,3163.0,3163.0,3108.0,3134.3,31999400,3447.7,2820.9,3839.9,2896.0,3145.5,16,1,3145.2,20,1,3145.1,3,1,3145.0,45,3,3144.8,2,1,3146.0,1100,1,3146.2,263,3,3146.3,359,3,3146.4,322,6,3146.5,431,6
2031,2026-06-16 13:25:21+05:30,3146.0,210,3131.86,2474874,126840.0,200314.0,3163.0,3163.0,3108.0,3134.3,31999400,3447.7,2820.9,3839.9,2896.0,3145.5,56,2,3145.2,20,1,3145.1,3,1,3145.0,44,2,3144.8,79,2,3146.0,889,2,3146.3,225,2,3146.4,361,3,3146.5,387,4,3146.6,276,3
2031,2026-06-16 13:25:22+05:30,3146.0,210,3131.86,2474874,126840.0,200314.0,3163.0,3163.0,3108.0,3134.3,31999400,3447.7,2820.9,3839.9,2896.0,3145.5,56,2,3145.2,20,1,3145.1,3,1,3145.0,44,2,3144.8,79,2,3146.0,889,2,3146.3,225,2,3146.4,361,3,3146.5,387,4,3146.6,276,3
2031,2026-06-16 13:25:22+05:30,3146.0,210,3131.86,2474874,126974.0,200392.0,3163.0,3163.0,3108.0,3134.3,31999400,3447.7,2820.9,3839.9,2896.0,3145.6,17,1,3145.5,40,1,3145.2,20,1,3145.1,3,1,3145.0,44,2,3146.0,889,2,3146.3,225,2,3146.4,361,3,3146.5,385,3,3146.6,278,4
2031,2026-06-16 13:25:22+05:30,3146.0,210,3131.86,2474874,126974.0,200392.0,3163.0,3163.0,3108.0,3134.3,31999400,3447.7,2820.9,3839.9,2896.0,3145.6,17,1,3145.5,40,1,3145.2,20,1,3145.1,3,1,3145.0,44,2,3146.0,889,2,3146.3,225,2,3146.4,361,3,3146.5,385,3,3146.6,278,4
2031,2026-06-16 13:25:23+05:30,3145.0,8,3131.86,2474874,126974.0,200392.0,3163.0,3163.0,3108.0,3134.3,31999400,3447.7,2820.9,3839.9,2896.0,3145.6,17,1,3145.5,40,1,3145.2,20,1,3145.1,3,1,3145.0,44,2,3146.0,889,2,3146.3,225,2,3146.4,361,3,3146.5,385,3,3146.6,278,4
2031,2026-06-16 13:25:23+05:30,3145.0,8,3131.86,2475266,126229.0,201640.0,3163.0,3163.0,3108.0,3134.3,31999400,3447.7,2820.9,3839.9,2896.0,3145.0,1,1,3144.8,21,1,3144.5,8,1,3144.4,61,2,3144.3,68,5,3145.3,200,1,3145.4,56,1,3145.6,200,1,3145.8,28,3,3145.9,200,1
2031,2026-06-16 13:25:24+05:30,3145.3,1,3131.86,2475266,126229.0,201640.0,3163.0,3163.0,3108.0,3134.3,31999400,3447.7,2820.9,3839.9,2896.0,3145.0,1,1,3144.8,21,1,3144.5,8,1,3144.4,61,2,3144.3,68,5,3145.3,200,1,3145.4,56,1,3145.6,200,1,3145.8,28,3,3145.9,200,1
2031,2026-06-16 13:25:24+05:30,3145.3,1,3131.86,2475293,125752.0,201352.0,3163.0,3163.0,3108.0,3134.3,31999400,3447.7,2820.9,3839.9,2896.0,3145.0,25,4,3144.9,7,1,3144.8,42,4,3144.7,11,1,3144.6,26,2,3145.3,173,1,3145.4,56,1,3145.6,200,1,3145.8,5,1,3145.9,200,1
2031,2026-06-16 13:25:24+05:30,3145.3,1,3131.86,2475293,125752.0,201352.0,3163.0,3163.0,3108.0,3134.3,31999400,3447.7,2820.9,3839.9,2896.0,3145.0,25,4,3144.9,7,1,3144.8,42,4,3144.7,11,1,3144.6,26,2,3145.3,173,1,3145.4,56,1,3145.6,200,1,3145.8,5,1,3145.9,200,1
2031,2026-06-16 13:25:25+05:30,3145.3,1,3131.86,2475293,126022.0,201356.0,3163.0,3163.0,3108.0,3134.3,31999400,3447.7,2820.9,3839.9,2896.0,3145.0,20,3,3144.8,33,3,3144.7,11,1,3144.6,26,2,3144.5,29,2,3145.3,173,1,3145.4,56,1,3145.6,200,1,3145.8,5,1,3145.9,202,2
2031,2026-06-16 13:25:25+05:30,3145.3,1,3131.86,2475293,126022.0,201356.0,3163.0,3163.0,3108.0,3134.3,31999400,3447.7,2820.9,3839.9,2896.0,3145.0,20,3,3144.8,33,3,3144.7,11,1,3144.6,26,2,3144.5,29,2,3145.3,173,1,3145.4,56,1,3145.6,200,1,3145.8,5,1,3145.9,202,2
2031,2026-06-16 13:25:26+05:30,3145.3,1,3131.86,2475340,126066.0,201283.0,3163.0,3163.0,3108.0,3134.3,31999400,3447.7,2820.9,3839.9,2896.0,3145.0,28,4,3144.9,17,1,3144.8,42,4,3144.7,11,1,3144.6,120,5,3145.3,127,1,3145.4,56,1,3145.6,200,1,3145.9,200,1,3146.0,989,3
2031,2026-06-16 13:25:26+05:30,3145.3,1,3131.86,2475340,126066.0,201283.0,3163.0,3163.0,3108.0,3134.3,31999400,3447.7,2820.9,3839.9,2896.0,3145.0,28,4,3144.9,17,1,3144.8,42,4,3144.7,11,1,3144.6,120,5,3145.3,127,1,3145.4,56,1,3145.6,200,1,3145.9,200,1,3146.0,989,3
2031,2026-06-16 13:25:26+05:30,3145.3,1,3131.86,2475340,126066.0,201283.0,3163.0,3163.0,3108.0,3134.3,31999400,3447.7,2820.9,3839.9,2896.0,3145.0,28,4,3144.9,17,1,3144.8,42,4,3144.7,11,1,3144.6,120,5,3145.3,127,1,3145.4,56,1,3145.6,200,1,3145.9,200,1,3146.0,989,3
2031,2026-06-16 13:25:26+05:30,3144.5,1,3131.86,2475710,125011.0,201674.0,3163.0,3163.0,3108.0,3134.3,31999400,3447.7,2820.9,3839.9,2896.0,3144.4,82,5,3144.3,42,3,3144.2,20,1,3144.1,107,6,3144.0,636,11,3144.7,159,1,3145.4,56,1,3145.5,5,1,3145.6,200,1,3145.8,21,1
2031,2026-06-16 13:25:27+05:30,3144.5,1,3131.86,2475710,125011.0,201674.0,3163.0,3163.0,3108.0,3134.3,31999400,3447.7,2820.9,3839.9,2896.0,3144.4,82,5,3144.3,42,3,3144.2,20,1,3144.1,107,6,3144.0,636,11,3144.7,159,1,3145.4,56,1,3145.5,5,1,3145.6,200,1,3145.8,21,1
2031,2026-06-16 13:25:27+05:30,3144.7,159,3131.86,2475710,125011.0,201674.0,3163.0,3163.0,3108.0,3134.3,31999400,3447.7,2820.9,3839.9,2896.0,3144.4,82,5,3144.3,42,3,3144.2,20,1,3144.1,107,6,3144.0,636,11,3144.7,159,1,3145.4,56,1,3145.5,5,1,3145.6,200,1,3145.8,21,1
2031,2026-06-16 13:25:27+05:30,3144.7,159,3131.86,2475710,125011.0,201674.0,3163.0,3163.0,3108.0,3134.3,31999400,3447.7,2820.9,3839.9,2896.0,3144.4,82,5,3144.3,42,3,3144.2,20,1,3144.1,107,6,3144.0,636,11,3144.7,159,1,3145.4,56,1,3145.5,5,1,3145.6,200,1,3145.8,21,1
2031,2026-06-16 13:25:27+05:30,3144.7,159,3131.86,2475869,125998.0,201554.0,3163.0,3163.0,3108.0,3134.3,31999400,3447.7,2820.9,3839.9,2896.0,3144.7,20,1,3144.6,90,8,3144.5,51,4,3144.4,146,7,3144.3,62,4,3145.4,56,1,3145.6,200,1,3146.0,1010,4,3146.1,58,1,3146.2,222,2
2031,2026-06-16 13:25:28+05:30,3144.7,159,3131.86,2475869,125998.0,201554.0,3163.0,3163.0,3108.0,3134.3,31999400,3447.7,2820.9,3839.9,2896.0,3144.7,20,1,3144.6,90,8,3144.5,51,4,3144.4,146,7,3144.3,62,4,3145.4,56,1,3145.6,200,1,3146.0,1010,4,3146.1,58,1,3146.2,222,2
2031,2026-06-16 13:25:28+05:30,3144.7,159,3131.86,2475869,126274.0,201460.0,3163.0,3163.0,3108.0,3134.3,31999400,3447.7,2820.9,3839.9,2896.0,3145.0,13,1,3144.9,109,6,3144.8,26,4,3144.7,51,4,3144.6,52,4,3145.4,119,3,3145.6,200,1,3146.0,989,3,3146.2,22,1,3146.3,200,1
2031,2026-06-16 13:25:28+05:30,3144.7,159,3131.86,2475869,126274.0,201460.0,3163.0,3163.0,3108.0,3134.3,31999400,3447.7,2820.9,3839.9,2896.0,3145.0,13,1,3144.9,109,6,3144.8,26,4,3144.7,51,4,3144.6,52,4,3145.4,119,3,3145.6,200,1,3146.0,989,3,3146.2,22,1,3146.3,200,1
2031,2026-06-16 13:25:29+05:30,3144.7,159,3131.86,2475869,126274.0,201460.0,3163.0,3163.0,3108.0,3134.3,31999400,3447.7,2820.9,3839.9,2896.0,3145.0,60,3,3144.9,42,3,3144.8,47,5,3144.7,27,3,3144.6,78,6,3145.4,63,2,3145.6,200,1,3146.0,989,3,3146.1,200,1,3146.2,179,2
2031,2026-06-16 13:25:29+05:30,3145.4,56,3131.86,2475925,126340.0,201391.0,3163.0,3163.0,3108.0,3134.3,31999400,3447.7,2820.9,3839.9,2896.0,3145.0,60,3,3144.9,42,3,3144.8,47,5,3144.7,27,3,3144.6,78,6,3145.4,63,2,3145.6,200,1,3146.0,989,3,3146.1,200,1,3146.2,179,2
2031,2026-06-16 13:25:30+05:30,3145.0,10,3131.86,2475925,126340.0,201391.0,3163.0,3163.0,3108.0,3134.3,31999400,3447.7,2820.9,3839.9,2896.0,3145.0,60,3,3144.9,42,3,3144.8,47,5,3144.7,27,3,3144.6,78,6,3145.4,63,2,3145.6,200,1,3146.0,989,3,3146.1,200,1,3146.2,179,2
2031,2026-06-16 13:25:30+05:30,3145.0,10,3131.86,2475925,126340.0,201391.0,3163.0,3163.0,3108.0,3134.3,31999400,3447.7,2820.9,3839.9,2896.0,3145.0,60,3,3144.9,42,3,3144.8,47,5,3144.7,27,3,3144.6,78,6,3145.4,63,2,3145.6,200,1,3146.0,989,3,3146.1,200,1,3146.2,179,2
2031,2026-06-16 13:25:30+05:30,3145.4,26,3131.86,2475986,126289.0,201159.0,3163.0,3163.0,3108.0,3134.3,31999400,3447.7,2820.9,3839.9,2896.0,3145.2,5,3,3145.0,51,4,3144.9,50,3,3144.8,34,4,3144.7,27,3,3145.4,14,3,3145.6,200,1,3146.0,989,3,3146.1,200,1,3146.2,179,2
2031,2026-06-16 13:25:31+05:30,3145.4,1,3131.86,2475986,126289.0,201159.0,3163.0,3163.0,3108.0,3134.3,31999400,3447.7,2820.9,3839.9,2896.0,3145.2,5,3,3145.0,51,4,3144.9,50,3,3144.8,34,4,3144.7,27,3,3145.4,14,3,3145.6,200,1,3146.0,989,3,3146.1,200,1,3146.2,179,2
2031,2026-06-16 13:25:31+05:30,3145.4,1,3131.86,2475986,126289.0,201159.0,3163.0,3163.0,3108.0,3134.3,31999400,3447.7,2820.9,3839.9,2896.0,3145.2,5,3,3145.0,51,4,3144.9,50,3,3144.8,34,4,3144.7,27,3,3145.4,14,3,3145.6,200,1,3146.0,989,3,3146.1,200,1,3146.2,179,2
2031,2026-06-16 13:25:31+05:30,3145.6,4,3131.86,2475993,126579.0,201351.0,3163.0,3163.0,3108.0,3134.3,31999400,3447.7,2820.9,3839.9,2896.0,3145.4,2,1,3145.2,7,4,3145.1,21,1,3145.0,55,4,3144.9,50,3,3145.6,196,1,3146.0,989,3,3146.1,200,1,3146.2,357,2,3146.3,382,3
2031,2026-06-16 13:25:32+05:30,3145.6,4,3131.86,2475993,126579.0,201351.0,3163.0,3163.0,3108.0,3134.3,31999400,3447.7,2820.9,3839.9,2896.0,3145.4,2,1,3145.2,7,4,3145.1,21,1,3145.0,55,4,3144.9,50,3,3145.6,196,1,3146.0,989,3,3146.1,200,1,3146.2,357,2,3146.3,382,3
2031,2026-06-16 13:25:32+05:30,3145.4,11,3131.86,2475993,126579.0,201351.0,3163.0,3163.0,3108.0,3134.3,31999400,3447.7,2820.9,3839.9,2896.0,3145.4,2,1,3145.2,7,4,3145.1,21,1,3145.0,55,4,3144.9,50,3,3145.6,196,1,3146.0,989,3,3146.1,200,1,3146.2,357,2,3146.3,382,3
2031,2026-06-16 13:25:32+05:30,3145.4,11,3131.86,2476004,126561.0,201599.0,3163.0,3163.0,3108.0,3134.3,31999400,3447.7,2820.9,3839.9,2896.0,3145.2,2,2,3145.0,69,4,3144.8,13,3,3144.7,25,2,3144.6,36,5,3145.4,189,1,3145.6,196,1,3146.0,991,4,3146.1,284,3,3146.2,357,2
2031,2026-06-16 13:25:32+05:30,3145.4,11,3131.86,2476004,126561.0,201599.0,3163.0,3163.0,3108.0,3134.3,31999400,3447.7,2820.9,3839.9,2896.0,3145.2,2,2,3145.0,69,4,3144.8,13,3,3144.7,25,2,3144.6,36,5,3145.4,189,1,3145.6,196,1,3146.0,991,4,3146.1,284,3,3146.2,357,2
2031,2026-06-16 13:25:33+05:30,3144.6,8,3131.86,2476004,126561.0,201599.0,3163.0,3163.0,3108.0,3134.3,31999400,3447.7,2820.9,3839.9,2896.0,3145.2,2,2,3145.0,69,4,3144.8,13,3,3144.7,25,2,3144.6,36,5,3145.4,189,1,3145.6,196,1,3146.0,991,4,3146.1,284,3,3146.2,357,2
2031,2026-06-16 13:25:33+05:30,3145.0,23,3131.87,2476216,125561.0,201167.0,3163.0,3163.0,3108.0,3134.3,31999400,3447.7,2820.9,3839.9,2896.0,3144.9,17,1,3144.6,13,1,3144.5,20,1,3144.4,19,3,3144.3,42,3,3145.0,177,1,3145.6,196,1,3145.9,63,1,3146.0,1289,5,3146.1,279,4
2031,2026-06-16 13:25:34+05:30,3145.0,23,3131.87,2476216,125561.0,201167.0,3163.0,3163.0,3108.0,3134.3,31998200,3447.7,2820.9,3839.9,2896.0,3144.9,17,1,3144.6,13,1,3144.5,20,1,3144.4,19,3,3144.3,42,3,3145.0,177,1,3145.6,196,1,3145.9,63,1,3146.0,1289,5,3146.1,279,4
2031,2026-06-16 13:25:34+05:30,3145.0,177,3131.87,2476216,125561.0,201167.0,3163.0,3163.0,3108.0,3134.3,31998200,3447.7,2820.9,3839.9,2896.0,3144.9,17,1,3144.6,13,1,3144.5,20,1,3144.4,19,3,3144.3,42,3,3145.0,177,1,3145.6,196,1,3145.9,63,1,3146.0,1289,5,3146.1,279,4
2031,2026-06-16 13:25:34+05:30,3145.6,22,3131.87,2476415,126455.0,201047.0,3163.0,3163.0,3108.0,3134.3,31998200,3447.7,2820.9,3839.9,2896.0,3145.0,25,5,3144.9,46,4,3144.8,36,2,3144.7,87,4,3144.6,60,3,3145.6,174,1,3146.0,1089,4,3146.1,200,1,3146.2,179,2,3146.3,380,2
2031,2026-06-16 13:25:35+05:30,3145.0,9,3131.87,2476415,126455.0,201047.0,3163.0,3163.0,3108.0,3134.3,31998200,3447.7,2820.9,3839.9,2896.0,3145.0,25,5,3144.9,46,4,3144.8,36,2,3144.7,87,4,3144.6,60,3,3145.6,174,1,3146.0,1089,4,3146.1,200,1,3146.2,179,2,3146.3,380,2
2031,2026-06-16 13:25:35+05:30,3146.0,326,3131.87,2476956,126940.0,200102.0,3163.0,3163.0,3108.0,3134.3,31998200,3447.7,2820.9,3839.9,2896.0,3145.0,24,4,3144.9,49,4,3144.8,27,2,3144.7,66,3,3144.6,40,3,3146.0,763,4,3146.1,249,2,3146.2,157,1,3146.3,380,2,3146.4,204,2
2031,2026-06-16 13:25:36+05:30,3146.0,18,3131.87,2476956,126940.0,200102.0,3163.0,3163.0,3108.0,3134.3,31998200,3447.7,2820.9,3839.9,2896.0,3145.0,24,4,3144.9,49,4,3144.8,27,2,3144.7,66,3,3144.6,40,3,3146.0,763,4,3146.1,249,2,3146.2,157,1,3146.3,380,2,3146.4,204,2
2031,2026-06-16 13:25:36+05:30,3146.0,1,3131.87,2476975,126920.0,200053.0,3163.0,3163.0,3108.0,3134.3,31998200,3447.7,2820.9,3839.9,2896.0,3145.0,54,6,3144.9,61,5,3144.8,79,5,3144.7,110,4,3144.6,89,4,3146.0,744,4,3146.1,200,1,3146.2,157,1,3146.3,382,3,3146.4,204,2
2031,2026-06-16 13:25:37+05:30,3146.0,1,3131.87,2476975,126920.0,200053.0,3163.0,3163.0,3108.0,3134.3,31998200,3447.7,2820.9,3839.9,2896.0,3145.0,54,6,3144.9,61,5,3144.8,79,5,3144.7,110,4,3144.6,89,4,3146.0,744,4,3146.1,200,1,3146.2,157,1,3146.3,382,3,3146.4,204,2
2031,2026-06-16 13:25:37+05:30,3146.0,53,3131.87,2477029,126855.0,199629.0,3163.0,3163.0,3108.0,3134.3,31998200,3447.7,2820.9,3839.9,2896.0,3145.1,33,3,3145.0,135,7,3144.9,58,4,3144.8,103,4,3144.7,110,4,3146.0,690,4,3146.1,200,1,3146.2,157,1,3146.3,380,2,3146.4,200,1
2031,2026-06-16 13:25:38+05:30,3146.0,53,3131.87,2477029,126855.0,199629.0,3163.0,3163.0,3108.0,3134.3,31998200,3447.7,2820.9,3839.9,2896.0,3145.1,33,3,3145.0,135,7,3144.9,58,4,3144.8,103,4,3144.7,110,4,3146.0,690,4,3146.1,200,1,3146.2,157,1,3146.3,380,2,3146.4,200,1
2031,2026-06-16 13:25:38+05:30,3145.3,57,3131.87,2477089,126809.0,200167.0,3163.0,3163.0,3108.0,3134.3,31998200,3447.7,2820.9,3839.9,2896.0,3145.3,16,1,3145.0,72,3,3144.9,36,3,3144.8,48,3,3144.7,110,5,3146.0,690,4,3146.2,2,1,3146.3,200,1,3146.4,357,2,3146.5,380,2
2031,2026-06-16 13:25:39+05:30,3146.0,10,3131.87,2477089,126809.0,200167.0,3163.0,3163.0,3108.0,3134.3,31998200,3447.7,2820.9,3839.9,2896.0,3145.3,16,1,3145.0,72,3,3144.9,36,3,3144.8,48,3,3144.7,110,5,3146.0,690,4,3146.2,2,1,3146.3,200,1,3146.4,357,2,3146.5,380,2
2031,2026-06-16 13:25:39+05:30,3146.0,10,3131.87,2477099,126893.0,200184.0,3163.0,3163.0,3108.0,3134.3,31998200,3447.7,2820.9,3839.9,2896.0,3145.5,1,1,3145.4,2,1,3145.3,56,2,3145.0,72,3,3144.9,49,3,3146.0,830,5,3146.3,200,1,3146.4,359,3,3146.5,380,2,3146.6,258,2
2031,2026-06-16 13:25:40+05:30,3145.3,6,3131.87,2477122,126832.0,200180.0,3163.0,3163.0,3108.0,3134.3,31998200,3447.7,2820.9,3839.9,2896.0,3145.5,17,1,3145.3,40,1,3145.1,24,2,3145.0,72,3,3144.9,12,1,3146.0,824,5,3146.3,200,1,3146.4,359,3,3146.5,380,2,3146.6,258,2
2031,2026-06-16 13:25:41+05:30,3145.3,6,3131.87,2477122,126832.0,200180.0,3163.0,3163.0,3108.0,3134.3,31998200,3447.7,2820.9,3839.9,2896.0,3145.5,17,1,3145.3,40,1,3145.1,24,2,3145.0,72,3,3144.9,12,1,3146.0,824,5,3146.3,200,1,3146.4,359,3,3146.5,380,2,3146.6,258,2
2031,2026-06-16 13:25:41+05:30,3146.0,1,3131.87,2477304,126928.0,200143.0,3163.0,3163.0,3108.0,3134.3,31998200,3447.7,2820.9,3839.9,2896.0,3145.5,41,1,3145.3,25,1,3145.1,24,2,3145.0,67,2,3144.9,15,1,3146.0,834,7,3146.3,200,1,3146.4,417,4,3146.5,455,4,3146.6,296,3
2031,2026-06-16 13:25:42+05:30,3146.0,1,3131.87,2477304,126928.0,200143.0,3163.0,3163.0,3108.0,3134.3,31998200,3447.7,2820.9,3839.9,2896.0,3145.5,41,1,3145.3,25,1,3145.1,24,2,3145.0,67,2,3144.9,15,1,3146.0,834,7,3146.3,200,1,3146.4,417,4,3146.5,455,4,3146.6,296,3
2031,2026-06-16 13:25:42+05:30,3146.0,385,3131.87,2477689,127047.0,199354.0,3163.0,3163.0,3108.0,3134.3,31998200,3447.7,2820.9,3839.9,2896.0,3145.5,41,1,3145.3,46,2,3145.1,3,1,3145.0,67,2,3144.9,94,3,3146.0,449,7,3146.3,200,1,3146.4,357,2,3146.5,431,4,3146.6,200,1
2031,2026-06-16 13:25:43+05:30,3146.0,385,3131.87,2477689,127047.0,199354.0,3163.0,3163.0,3108.0,3134.3,31998200,3447.7,2820.9,3839.9,2896.0,3145.5,41,1,3145.3,46,2,3145.1,3,1,3145.0,67,2,3144.9,94,3,3146.0,449,7,3146.3,200,1,3146.4,357,2,3146.5,431,4,3146.6,200,1
2031,2026-06-16 13:25:43+05:30,3146.0,1,3131.87,2477690,126942.0,199754.0,3163.0,3163.0,3108.0,3134.3,31998200,3447.7,2820.9,3839.9,2896.0,3145.5,57,2,3145.3,46,2,3145.1,3,1,3145.0,88,3,3144.9,79,2,3146.0,473,8,3146.3,200,1,3146.4,357,2,3146.5,431,4,3146.6,258,2
2031,2026-06-16 13:25:44+05:30,3146.0,1,3131.87,2477690,126942.0,199754.0,3163.0,3163.0,3108.0,3134.3,31998200,3447.7,2820.9,3839.9,2896.0,3145.5,57,2,3145.3,46,2,3145.1,3,1,3145.0,88,3,3144.9,79,2,3146.0,473,8,3146.3,200,1,3146.4,357,2,3146.5,431,4,3146.6,258,2
2031,2026-06-16 13:25:44+05:30,3145.5,2,3131.87,2477692,127071.0,199765.0,3163.0,3163.0,3108.0,3134.3,31998200,3447.7,2820.9,3839.9,2896.0,3145.6,17,1,3145.5,39,1,3145.3,46,2,3145.1,3,1,3145.0,88,3,3146.0,507,9,3146.3,200,1,3146.4,357,2,3146.5,382,3,3146.6,258,2
2031,2026-06-16 13:25:45+05:30,3145.5,2,3131.87,2477692,127071.0,199765.0,3163.0,3163.0,3108.0,3134.3,31998200,3447.7,2820.9,3839.9,2896.0,3145.6,17,1,3145.5,39,1,3145.3,46,2,3145.1,3,1,3145.0,88,3,3146.0,507,9,3146.3,200,1,3146.4,357,2,3146.5,382,3,3146.6,258,2
2031,2026-06-16 13:25:45+05:30,3145.8,1,3131.87,2477694,127516.0,198552.0,3163.0,3163.0,3108.0,3134.3,31998200,3447.7,2820.9,3839.9,2896.0,3145.8,4,3,3145.6,99,6,3145.5,84,5,3145.4,116,4,3145.3,61,5,3146.0,607,10,3146.7,39,1,3147.0,235,3,3147.1,58,1,3147.2,437,6
2031,2026-06-16 13:25:46+05:30,3145.8,1,3131.87,2477694,127516.0,198552.0,3163.0,3163.0,3108.0,3134.3,31998200,3447.7,2820.9,3839.9,2896.0,3145.8,4,3,3145.6,99,6,3145.5,84,5,3145.4,116,4,3145.3,61,5,3146.0,607,10,3146.7,39,1,3147.0,235,3,3147.1,58,1,3147.2,437,6
2031,2026-06-16 13:25:46+05:30,3145.8,1,3131.87,2477694,127439.0,198867.0,3163.0,3163.0,3108.0,3134.3,31998200,3447.7,2820.9,3839.9,2896.0,3145.8,4,3,3145.7,18,1,3145.6,54,3,3145.5,84,5,3145.4,69,2,3146.0,607,10,3146.7,39,1,3147.0,235,3,3147.1,58,1,3147.2,237,5
2031,2026-06-16 13:25:47+05:30,3146.0,3,3131.87,2477694,127439.0,198867.0,3163.0,3163.0,3108.0,3134.3,31998200,3447.7,2820.9,3839.9,2896.0,3145.8,4,3,3145.7,18,1,3145.6,54,3,3145.5,84,5,3145.4,69,2,3146.0,607,10,3146.7,39,1,3147.0,235,3,3147.1,58,1,3147.2,237,5
2031,2026-06-16 13:25:47+05:30,3146.0,3,3131.87,2477698,127560.0,198712.0,3163.0,3163.0,3108.0,3134.3,31998200,3447.7,2820.9,3839.9,2896.0,3145.8,51,4,3145.7,18,1,3145.6,76,5,3145.5,84,5,3145.4,90,3,3146.0,603,10,3146.7,39,1,3147.0,235,3,3147.1,58,1,3147.2,237,5
2031,2026-06-16 13:25:48+05:30,3145.8,8,3131.87,2477878,127545.0,198467.0,3163.0,3163.0,3108.0,3134.3,31998200,3447.7,2820.9,3839.9,2896.0,3145.8,37,2,3145.6,114,7,3145.5,63,4,3145.4,90,3,3145.3,51,3,3146.0,439,9,3146.7,39,1,3147.0,235,3,3147.2,452,7,3147.3,335,4
2031,2026-06-16 13:25:49+05:30,3145.8,8,3131.87,2477878,127545.0,198467.0,3163.0,3163.0,3108.0,3134.3,31998200,3447.7,2820.9,3839.9,2896.0,3145.8,37,2,3145.6,114,7,3145.5,63,4,3145.4,90,3,3145.3,51,3,3146.0,439,9,3146.7,39,1,3147.0,235,3,3147.2,452,7,3147.3,335,4
2031,2026-06-16 13:25:49+05:30,3145.8,8,3131.87,2477878,127512.0,198364.0,3163.0,3163.0,3108.0,3134.3,31998200,3447.7,2820.9,3839.9,2896.0,3145.8,37,2,3145.7,21,1,3145.6,65,4,3145.5,63,4,3145.4,90,3,3146.0,339,8,3146.7,39,1,3147.0,235,3,3147.2,452,7,3147.3,335,4
2031,2026-06-16 13:25:50+05:30,3146.0,1,3131.87,2477878,127512.0,198364.0,3163.0,3163.0,3108.0,3134.3,31998200,3447.7,2820.9,3839.9,2896.0,3145.8,37,2,3145.7,21,1,3145.6,65,4,3145.5,63,4,3145.4,90,3,3146.0,339,8,3146.7,39,1,3147.0,235,3,3147.2,452,7,3147.3,335,4
2031,2026-06-16 13:25:50+05:30,3146.0,1,3131.87,2477879,127541.0,198498.0,3163.0,3163.0,3108.0,3134.3,31998200,3447.7,2820.9,3839.9,2896.0,3145.9,1,1,3145.8,45,3,3145.7,15,1,3145.6,55,4,3145.5,105,6,3146.0,338,8,3146.7,39,1,3147.0,235,3,3147.2,452,7,3147.3,309,3
2031,2026-06-16 13:25:51+05:30,3145.9,1,3131.87,2477880,127649.0,197761.0,3163.0,3163.0,3108.0,3134.3,31998200,3447.7,2820.9,3839.9,2896.0,3145.9,52,3,3145.8,65,4,3145.7,20,2,3145.6,76,5,3145.5,84,5,3146.0,338,8,3146.7,39,1,3147.0,235,3,3147.2,179,3,3147.3,30,1
2031,2026-06-16 13:25:52+05:30,3145.9,1,3131.87,2477880,127649.0,197761.0,3163.0,3163.0,3108.0,3134.3,31998200,3447.7,2820.9,3839.9,2896.0,3145.9,52,3,3145.8,65,4,3145.7,20,2,3145.6,76,5,3145.5,84,5,3146.0,338,8,3146.7,39,1,3147.0,235,3,3147.2,179,3,3147.3,30,1
2031,2026-06-16 13:25:52+05:30,3146.0,1,3131.87,2477881,127705.0,197960.0,3163.0,3163.0,3108.0,3134.3,31998200,3447.7,2820.9,3839.9,2896.0,3145.9,68,4,3145.8,65,4,3145.7,5,1,3145.6,116,6,3145.5,84,5,3146.0,337,8,3146.7,39,1,3147.0,235,3,3147.2,179,3,3147.3,30,1
2031,2026-06-16 13:25:53+05:30,3146.0,139,3131.87,2477881,127705.0,197960.0,3163.0,3163.0,3108.0,3134.3,31998200,3447.7,2820.9,3839.9,2896.0,3145.9,68,4,3145.8,65,4,3145.7,5,1,3145.6,116,6,3145.5,84,5,3146.0,337,8,3146.7,39,1,3147.0,235,3,3147.2,179,3,3147.3,30,1
2031,2026-06-16 13:25:53+05:30,3145.9,1,3131.88,2478032,127743.0,197841.0,3163.0,3163.0,3108.0,3134.3,31998200,3447.7,2820.9,3839.9,2896.0,3145.9,51,3,3145.8,61,3,3145.7,5,1,3145.6,76,5,3145.5,93,6,3146.0,187,7,3146.7,39,1,3147.0,235,3,3147.2,179,3,3147.3,30,1
2031,2026-06-16 13:25:54+05:30,3145.9,1,3131.88,2478032,127743.0,197841.0,3163.0,3163.0,3108.0,3134.3,31998200,3447.7,2820.9,3839.9,2896.0,3145.9,51,3,3145.8,61,3,3145.7,5,1,3145.6,76,5,3145.5,93,6,3146.0,187,7,3146.7,39,1,3147.0,235,3,3147.2,179,3,3147.3,30,1
2031,2026-06-16 13:25:54+05:30,3145.9,1,3131.88,2478032,127723.0,197807.0,3163.0,3163.0,3108.0,3134.3,31998200,3447.7,2820.9,3839.9,2896.0,3145.9,54,5,3145.8,61,3,3145.7,33,2,3145.6,76,5,3145.5,88,6,3146.0,187,7,3146.7,39,1,3147.0,235,3,3147.2,179,3,3147.3,30,1
2031,2026-06-16 13:25:55+05:30,3146.0,9,3131.88,2478041,127658.0,198074.0,3163.0,3163.0,3108.0,3134.3,31998200,3447.7,2820.9,3839.9,2896.0,3145.9,68,5,3145.8,36,1,3145.6,61,4,3145.5,88,5,3145.4,90,3,3146.0,178,7,3146.7,39,1,3147.0,392,4,3147.1,200,1,3147.2,147,3
2031,2026-06-16 13:25:56+05:30,3145.9,1,3131.88,2478041,127658.0,198074.0,3163.0,3163.0,3108.0,3134.3,31998200,3447.7,2820.9,3839.9,2896.0,3145.9,68,5,3145.8,36,1,3145.6,61,4,3145.5,88,5,3145.4,90,3,3146.0,178,7,3146.7,39,1,3147.0,392,4,3147.1,200,1,3147.2,147,3
2031,2026-06-16 13:25:56+05:30,3146.0,14,3131.88,2478238,127514.0,198151.0,3163.0,3163.0,3108.0,3134.3,31998200,3447.7,2820.9,3839.9,2896.0,3146.0,3,1,3145.9,6,3,3145.8,36,1,3145.6,46,1,3145.5,61,2,3146.7,39,1,3146.8,39,2,3146.9,184,3,3147.0,453,4,3147.1,56,2
2031,2026-06-16 13:25:57+05:30,3145.9,1,3131.88,2478238,127514.0,198151.0,3163.0,3163.0,3108.0,3134.3,31998200,3447.7,2820.9,3839.9,2896.0,3146.0,3,1,3145.9,6,3,3145.8,36,1,3145.6,46,1,3145.5,61,2,3146.7,39,1,3146.8,39,2,3146.9,184,3,3147.0,453,4,3147.1,56,2
2031,2026-06-16 13:25:57+05:30,3145.9,1,3131.88,2478282,127446.0,198147.0,3163.0,3163.0,3108.0,3134.3,31998200,3447.7,2820.9,3839.9,2896.0,3145.9,4,2,3145.8,36,1,3145.6,46,1,3145.5,69,3,3145.3,71,2,3146.0,161,1,3146.7,76,2,3146.8,1,1,3146.9,184,3,3147.0,453,4
2031,2026-06-16 13:25:58+05:30,3146.0,1,3131.88,2478282,127446.0,198147.0,3163.0,3163.0,3108.0,3134.3,31998200,3447.7,2820.9,3839.9,2896.0,3145.9,4,2,3145.8,36,1,3145.6,46,1,3145.5,69,3,3145.3,71,2,3146.0,161,1,3146.7,76,2,3146.8,1,1,3146.9,184,3,3147.0,453,4
2031,2026-06-16 13:25:58+05:30,3146.0,1,3131.88,2478283,127399.0,198260.0,3163.0,3163.0,3108.0,3134.3,31998200,3447.7,2820.9,3839.9,2896.0,3145.9,4,2,3145.8,36,1,3145.6,46,1,3145.5,61,2,3145.3,13,1,3146.0,185,2,3146.3,38,1,3146.6,38,1,3146.7,38,1,3146.8,1,1
2031,2026-06-16 13:25:59+05:30,3146.0,1,3131.88,2478283,127402.0,198262.0,3163.0,3163.0,3108.0,3134.3,31998200,3447.7,2820.9,3839.9,2896.0,3145.9,4,2,3145.8,36,1,3145.6,46,1,3145.5,61,2,3145.3,13,1,3146.0,185,2,3146.3,38,1,3146.6,38,1,3146.7,38,1,3146.8,1,1
2031,2026-06-16 13:26:00+05:30,3146.0,2,3131.88,2478287,127672.0,198185.0,3163.0,3163.0,3108.0,3134.3,31998200,3447.7,2820.9,3839.9,2896.0,3145.9,27,5,3145.8,36,1,3145.6,67,2,3145.5,70,3,3145.3,47,3,3146.0,182,3,3146.7,38,1,3146.8,1,1,3146.9,242,4,3147.0,474,5
2031,2026-06-16 13:26:01+05:30,3146.0,2,3131.88,2478287,127672.0,198185.0,3163.0,3163.0,3108.0,3134.3,31998200,3447.7,2820.9,3839.9,2896.0,3145.9,27,5,3145.8,36,1,3145.6,67,2,3145.5,70,3,3145.3,47,3,3146.0,182,3,3146.7,38,1,3146.8,1,1,3146.9,242,4,3147.0,474,5
2031,2026-06-16 13:26:01+05:30,3146.0,2,3131.88,2478287,127788.0,198236.0,3163.0,3163.0,3108.0,3134.3,31998200,3447.7,2820.9,3839.9,2896.0,3145.9,77,6,3145.8,36,1,3145.6,67,2,3145.5,70,3,3145.3,47,3,3146.0,183,4,3146.7,38,1,3146.8,1,1,3146.9,242,4,3147.0,474,5
2031,2026-06-16 13:26:02+05:30,3145.9,2,3131.88,2478287,127788.0,198236.0,3163.0,3163.0,3108.0,3134.3,31998200,3447.7,2820.9,3839.9,2896.0,3145.9,77,6,3145.8,36,1,3145.6,67,2,3145.5,70,3,3145.3,47,3,3146.0,183,4,3146.7,38,1,3146.8,1,1,3146.9,242,4,3147.0,474,5
2031,2026-06-16 13:26:02+05:30,3145.9,1,3131.88,2478442,127169.0,198324.0,3163.0,3163.0,3108.0,3134.3,31998200,3447.7,2820.9,3839.9,2896.0,3145.9,56,3,3145.8,36,1,3145.6,46,1,3145.5,39,1,3145.3,13,1,3146.0,69,6,3146.7,76,2,3146.8,25,2,3146.9,59,2,3147.0,465,6
2031,2026-06-16 13:26:03+05:30,3146.0,1,3131.88,2478442,127169.0,198324.0,3163.0,3163.0,3108.0,3134.3,31998200,3447.7,2820.9,3839.9,2896.0,3145.9,56,3,3145.8,36,1,3145.6,46,1,3145.5,39,1,3145.3,13,1,3146.0,69,6,3146.7,76,2,3146.8,25,2,3146.9,59,2,3147.0,465,6
2031,2026-06-16 13:26:03+05:30,3146.0,1,3131.88,2478444,127309.0,198169.0,3163.0,3163.0,3108.0,3134.3,31998200,3447.7,2820.9,3839.9,2896.0,3145.9,56,3,3145.8,36,1,3145.6,46,1,3145.5,97,2,3145.4,21,1,3146.0,106,7,3146.7,38,1,3146.8,25,2,3146.9,1,1,3147.0,308,5
2031,2026-06-16 13:26:04+05:30,3146.0,1,3131.88,2478444,127314.0,197971.0,3163.0,3163.0,3108.0,3134.3,31998200,3447.7,2820.9,3839.9,2896.0,3145.9,56,3,3145.8,36,1,3145.6,46,1,3145.5,97,2,3145.4,21,1,3146.0,106,7,3146.7,38,1,3146.8,25,2,3146.9,1,1,3147.0,308,5
2031,2026-06-16 13:26:05+05:30,3146.0,1,3131.88,2478444,127321.0,197969.0,3163.0,3163.0,3108.0,3134.3,31998200,3447.7,2820.9,3839.9,2896.0,3145.9,63,4,3145.8,36,1,3145.6,46,1,3145.5,97,2,3145.4,21,1,3146.0,106,7,3146.7,76,2,3146.8,25,2,3146.9,1,1,3147.0,308,5
2031,2026-06-16 13:26:06+05:30,3145.9,1,3131.88,2478444,127321.0,197969.0,3163.0,3163.0,3108.0,3134.3,31998200,3447.7,2820.9,3839.9,2896.0,3145.9,63,4,3145.8,36,1,3145.6,46,1,3145.5,97,2,3145.4,21,1,3146.0,106,7,3146.7,76,2,3146.8,25,2,3146.9,1,1,3147.0,308,5
2031,2026-06-16 13:26:06+05:30,3145.9,1,3131.88,2478540,127283.0,198207.0,3163.0,3163.0,3108.0,3134.3,31998200,3447.7,2820.9,3839.9,2896.0,3145.9,9,3,3145.8,36,1,3145.6,46,1,3145.5,97,2,3145.4,21,1,3146.0,105,6,3146.7,76,2,3146.8,24,1,3147.0,366,6,3147.1,157,1
2031,2026-06-16 13:26:07+05:30,3145.9,1,3131.88,2478540,127283.0,198207.0,3163.0,3163.0,3108.0,3134.3,31998200,3447.7,2820.9,3839.9,2896.0,3145.9,9,3,3145.8,36,1,3145.6,46,1,3145.5,97,2,3145.4,21,1,3146.0,105,6,3146.7,76,2,3146.8,24,1,3147.0,366,6,3147.1,157,1
2031,2026-06-16 13:26:07+05:30,3146.0,45,3131.88,2478651,127911.0,198101.0,3163.0,3163.0,3108.0,3134.3,31998200,3447.7,2820.9,3839.9,2896.0,3146.0,389,1,3145.9,30,5,3145.8,36,1,3145.6,48,2,3145.5,167,5,3146.7,38,1,3147.0,215,2,3147.2,222,4,3147.3,187,2,3147.4,448,7
2031,2026-06-16 13:26:08+05:30,3146.0,45,3131.88,2478651,127911.0,198101.0,3163.0,3163.0,3108.0,3134.3,31998200,3447.7,2820.9,3839.9,2896.0,3146.0,389,1,3145.9,30,5,3145.8,36,1,3145.6,48,2,3145.5,167,5,3146.7,38,1,3147.0,215,2,3147.2,222,4,3147.3,187,2,3147.4,448,7
2031,2026-06-16 13:26:08+05:30,3146.7,1,3131.88,2478652,128653.0,198074.0,3163.0,3163.0,3108.0,3134.3,31998200,3447.7,2820.9,3839.9,2896.0,3146.3,5,1,3146.0,452,3,3145.9,29,4,3145.8,36,1,3145.6,46,1,3146.7,37,1,3147.0,329,5,3147.1,34,1,3147.2,295,3,3147.3,232,3
2031,2026-06-16 13:26:09+05:30,3146.7,1,3131.88,2478652,128653.0,198074.0,3163.0,3163.0,3108.0,3134.3,31998200,3447.7,2820.9,3839.9,2896.0,3146.3,5,1,3146.0,452,3,3145.9,29,4,3145.8,36,1,3145.6,46,1,3146.7,37,1,3147.0,329,5,3147.1,34,1,3147.2,295,3,3147.3,232,3
2031,2026-06-16 13:26:09+05:30,3146.7,1,3131.88,2478652,128558.0,198106.0,3163.0,3163.0,3108.0,3134.3,31998200,3447.7,2820.9,3839.9,2896.0,3146.3,6,2,3146.1,17,1,3146.0,455,4,3145.9,11,3,3145.8,36,1,3146.7,65,3,3146.9,34,1,3147.0,329,5,3147.1,157,1,3147.2,430,5
2031,2026-06-16 13:26:10+05:30,3146.7,1,3131.88,2478652,128558.0,198106.0,3163.0,3163.0,3108.0,3134.3,31998200,3447.7,2820.9,3839.9,2896.0,3146.3,6,2,3146.1,17,1,3146.0,455,4,3145.9,11,3,3145.8,36,1,3146.7,65,3,3146.9,34,1,3147.0,329,5,3147.1,157,1,3147.2,430,5
2031,2026-06-16 13:26:10+05:30,3146.7,5,3131.88,2478658,128758.0,198100.0,3163.0,3163.0,3108.0,3134.3,31998200,3447.7,2820.9,3839.9,2896.0,3146.3,6,2,3146.2,3,1,3146.1,17,1,3146.0,519,6,3145.9,7,1,3146.7,59,3,3146.9,34,1,3147.0,329,5,3147.1,157,1,3147.2,430,5
2031,2026-06-16 13:26:11+05:30,3146.7,5,3131.88,2478658,128758.0,198100.0,3163.0,3163.0,3108.0,3134.3,31998200,3447.7,2820.9,3839.9,2896.0,3146.3,6,2,3146.2,3,1,3146.1,17,1,3146.0,519,6,3145.9,7,1,3146.7,59,3,3146.9,34,1,3147.0,329,5,3147.1,157,1,3147.2,430,5
2031,2026-06-16 13:26:11+05:30,3146.3,2,3131.88,2478660,128793.0,198141.0,3163.0,3163.0,3108.0,3134.3,31998200,3447.7,2820.9,3839.9,2896.0,3146.3,4,2,3146.2,3,1,3146.1,17,1,3146.0,519,6,3145.9,7,1,3146.7,110,5,3146.8,50,2,3146.9,191,2,3147.0,505,5,3147.1,200,1
2031,2026-06-16 13:26:12+05:30,3146.3,2,3131.88,2478660,128793.0,198141.0,3163.0,3163.0,3108.0,3134.3,31998200,3447.7,2820.9,3839.9,2896.0,3146.3,4,2,3146.2,3,1,3146.1,17,1,3146.0,519,6,3145.9,7,1,3146.7,110,5,3146.8,50,2,3146.9,191,2,3147.0,505,5,3147.1,200,1
2031,2026-06-16 13:26:12+05:30,3146.3,2,3131.88,2478660,128809.0,198137.0,3163.0,3163.0,3108.0,3134.3,31998200,3447.7,2820.9,3839.9,2896.0,3146.5,15,1,3146.3,6,3,3146.2,3,1,3146.0,519,6,3145.9,27,3,3146.7,83,4,3146.8,38,1,3147.0,319,5,3147.1,41,1,3147.2,411,6
2031,2026-06-16 13:26:13+05:30,3146.3,2,3131.88,2478660,128812.0,198130.0,3163.0,3163.0,3108.0,3134.3,31998200,3447.7,2820.9,3839.9,2896.0,3146.5,15,1,3146.3,6,3,3146.2,3,1,3146.0,519,6,3145.9,27,3,3146.7,88,5,3146.8,38,1,3147.0,305,4,3147.1,41,1,3147.2,411,6
2031,2026-06-16 13:26:14+05:30,3146.7,1,3131.88,2478660,128812.0,198130.0,3163.0,3163.0,3108.0,3134.3,31998200,3447.7,2820.9,3839.9,2896.0,3146.5,15,1,3146.3,6,3,3146.2,3,1,3146.0,519,6,3145.9,27,3,3146.7,88,5,3146.8,38,1,3147.0,305,4,3147.1,41,1,3147.2,411,6
2031,2026-06-16 13:26:14+05:30,3146.7,1,3131.88,2478661,128762.0,198131.0,3163.0,3163.0,3108.0,3134.3,31998200,3447.7,2820.9,3839.9,2896.0,3146.5,15,1,3146.3,6,3,3146.2,3,1,3146.0,519,6,3145.9,27,3,3146.7,87,5,3146.8,38,1,3147.0,305,4,3147.1,41,1,3147.2,411,6
2031,2026-06-16 13:26:15+05:30,3146.7,18,3131.88,2478661,128762.0,198131.0,3163.0,3163.0,3108.0,3134.3,31998200,3447.7,2820.9,3839.9,2896.0,3146.5,15,1,3146.3,6,3,3146.2,3,1,3146.0,519,6,3145.9,27,3,3146.7,87,5,3146.8,38,1,3147.0,305,4,3147.1,41,1,3147.2,411,6
2031,2026-06-16 13:26:15+05:30,3146.7,18,3131.88,2478661,128762.0,198131.0,3163.0,3163.0,3108.0,3134.3,31998200,3447.7,2820.9,3839.9,2896.0,3146.5,15,1,3146.3,6,3,3146.2,3,1,3146.0,519,6,3145.9,27,3,3146.7,87,5,3146.8,38,1,3147.0,305,4,3147.1,41,1,3147.2,411,6
2031,2026-06-16 13:26:15+05:30,3146.7,18,3131.88,2478736,128756.0,197832.0,3163.0,3163.0,3108.0,3134.3,31998200,3447.7,2820.9,3839.9,2896.0,3146.5,15,1,3146.3,3,2,3146.2,3,1,3146.0,519,6,3145.9,27,3,3146.7,12,2,3147.0,215,2,3147.1,5,1,3147.2,295,3,3147.3,230,2
2031,2026-06-16 13:26:16+05:30,3146.0,50,3131.88,2478736,128756.0,197832.0,3163.0,3163.0,3108.0,3134.3,31998200,3447.7,2820.9,3839.9,2896.0,3146.5,15,1,3146.3,3,2,3146.2,3,1,3146.0,519,6,3145.9,27,3,3146.7,12,2,3147.0,215,2,3147.1,5,1,3147.2,295,3,3147.3,230,2
2031,2026-06-16 13:26:16+05:30,3146.0,50,3131.88,2479358,127021.0,198039.0,3163.0,3163.0,3108.0,3134.3,31998200,3447.7,2820.9,3839.9,2896.0,3146.0,80,5,3145.9,12,2,3145.3,13,1,3145.2,27,1,3145.1,43,3,3146.5,10,1,3146.6,48,2,3146.8,74,3,3146.9,15,1,3147.0,587,9
2031,2026-06-16 13:26:17+05:30,3146.0,50,3131.88,2479358,127021.0,198039.0,3163.0,3163.0,3108.0,3134.3,31998200,3447.7,2820.9,3839.9,2896.0,3146.0,80,5,3145.9,12,2,3145.3,13,1,3145.2,27,1,3145.1,43,3,3146.5,10,1,3146.6,48,2,3146.8,74,3,3146.9,15,1,3147.0,587,9
2031,2026-06-16 13:26:17+05:30,3146.7,92,3131.88,2479358,127021.0,198039.0,3163.0,3163.0,3108.0,3134.3,31998200,3447.7,2820.9,3839.9,2896.0,3146.0,80,5,3145.9,12,2,3145.3,13,1,3145.2,27,1,3145.1,43,3,3146.5,10,1,3146.6,48,2,3146.8,74,3,3146.9,15,1,3147.0,587,9
2031,2026-06-16 13:26:17+05:30,3146.7,92,3131.89,2479730,127294.0,198262.0,3163.0,3163.0,3108.0,3134.3,31998200,3447.7,2820.9,3839.9,2896.0,3146.0,80,5,3145.9,12,2,3145.3,34,2,3145.2,27,1,3145.1,43,3,3146.7,125,7,3146.8,59,4,3146.9,105,6,3147.0,460,6,3147.1,226,2
2031,2026-06-16 13:26:18+05:30,3146.3,1,3131.89,2479730,127294.0,198262.0,3163.0,3163.0,3108.0,3134.3,31998200,3447.7,2820.9,3839.9,2896.0,3146.0,80,5,3145.9,12,2,3145.3,34,2,3145.2,27,1,3145.1,43,3,3146.7,125,7,3146.8,59,4,3146.9,105,6,3147.0,460,6,3147.1,226,2
2031,2026-06-16 13:26:18+05:30,3146.3,1,3131.89,2479731,127322.0,198286.0,3163.0,3163.0,3108.0,3134.3,31998200,3447.7,2820.9,3839.9,2896.0,3146.0,79,4,3145.9,5,1,3145.3,13,1,3145.2,85,2,3145.1,43,3,3146.3,1,1,3146.7,90,5,3146.8,12,2,3146.9,47,2,3147.0,520,8
2031,2026-06-16 13:26:19+05:30,3145.9,38,3131.89,2479731,127322.0,198286.0,3163.0,3163.0,3108.0,3134.3,31998200,3447.7,2820.9,3839.9,2896.0,3146.0,79,4,3145.9,5,1,3145.3,13,1,3145.2,85,2,3145.1,43,3,3146.3,1,1,3146.7,90,5,3146.8,12,2,3146.9,47,2,3147.0,520,8
2031,2026-06-16 13:26:19+05:30,3145.9,38,3131.89,2479731,127322.0,198286.0,3163.0,3163.0,3108.0,3134.3,31998200,3447.7,2820.9,3839.9,2896.0,3146.0,79,4,3145.9,5,1,3145.3,13,1,3145.2,85,2,3145.1,43,3,3146.3,1,1,3146.7,90,5,3146.8,12,2,3146.9,47,2,3147.0,520,8
2031,2026-06-16 13:26:19+05:30,3145.9,38,3131.89,2479905,126013.0,199810.0,3163.0,3163.0,3108.0,3134.3,31998200,3447.7,2820.9,3839.9,2896.0,3145.0,31,3,3144.9,88,4,3144.8,6,2,3144.7,50,3,3144.6,156,6,3145.9,157,1,3146.0,70,1,3146.2,52,3,3146.3,39,2,3146.4,20,1
2031,2026-06-16 13:26:20+05:30,3145.5,1,3131.89,2479906,126724.0,198927.0,3163.0,3163.0,3108.0,3134.3,31998200,3447.7,2820.9,3839.9,2896.0,3145.4,10,2,3145.3,32,2,3145.2,22,3,3145.1,37,3,3145.0,28,2,3145.9,157,1,3146.0,70,1,3146.2,19,2,3146.3,1,1,3146.5,2,1
2031,2026-06-16 13:26:21+05:30,3145.5,1,3131.89,2479906,126724.0,198927.0,3163.0,3163.0,3108.0,3134.3,31998200,3447.7,2820.9,3839.9,2896.0,3145.4,10,2,3145.3,32,2,3145.2,22,3,3145.1,37,3,3145.0,28,2,3145.9,157,1,3146.0,70,1,3146.2,19,2,3146.3,1,1,3146.5,2,1
2031,2026-06-16 13:26:21+05:30,3145.5,1,3131.89,2479906,126724.0,198927.0,3163.0,3163.0,3108.0,3134.3,31998200,3447.7,2820.9,3839.9,2896.0,3145.4,10,2,3145.3,32,2,3145.2,22,3,3145.1,37,3,3145.0,28,2,3145.9,157,1,3146.0,70,1,3146.2,19,2,3146.3,1,1,3146.5,2,1
2031,2026-06-16 13:26:21+05:30,3145.5,1,3131.89,2479906,126551.0,199182.0,3163.0,3163.0,3108.0,3134.3,31998200,3447.7,2820.9,3839.9,2896.0,3145.3,28,1,3145.2,39,3,3145.1,32,2,3145.0,28,2,3144.9,97,4,3145.9,157,1,3146.0,70,1,3146.2,1,1,3146.3,1,1,3146.5,2,1
2031,2026-06-16 13:26:22+05:30,3145.5,1,3131.89,2479906,126324.0,199381.0,3163.0,3163.0,3108.0,3134.3,31998200,3447.7,2820.9,3839.9,2896.0,3145.4,13,1,3145.3,61,3,3145.2,13,1,3145.1,28,1,3145.0,14,1,3145.9,157,1,3146.0,70,1,3146.2,1,1,3146.3,1,1,3146.6,24,1
2031,2026-06-16 13:26:23+05:30,3145.9,1,3131.89,2479906,126324.0,199381.0,3163.0,3163.0,3108.0,3134.3,31998200,3447.7,2820.9,3839.9,2896.0,3145.4,13,1,3145.3,61,3,3145.2,13,1,3145.1,28,1,3145.0,14,1,3145.9,157,1,3146.0,70,1,3146.2,1,1,3146.3,1,1,3146.6,24,1
2031,2026-06-16 13:26:23+05:30,3145.9,1,3131.89,2479906,126324.0,199381.0,3163.0,3163.0,3108.0,3134.3,31998200,3447.7,2820.9,3839.9,2896.0,3145.4,13,1,3145.3,61,3,3145.2,13,1,3145.1,28,1,3145.0,14,1,3145.9,157,1,3146.0,70,1,3146.2,1,1,3146.3,1,1,3146.6,24,1
2031,2026-06-16 13:26:23+05:30,3145.9,1,3131.89,2479907,126351.0,199493.0,3163.0,3163.0,3108.0,3134.3,31998200,3447.7,2820.9,3839.9,2896.0,3145.3,61,3,3145.2,13,1,3145.1,28,1,3145.0,14,1,3144.9,142,6,3145.9,201,2,3146.0,97,2,3146.2,1,1,3146.3,1,1,3146.7,58,1
2031,2026-06-16 13:26:24+05:30,3145.4,200,3131.89,2479907,126351.0,199493.0,3163.0,3163.0,3108.0,3134.3,31998200,3447.7,2820.9,3839.9,2896.0,3145.3,61,3,3145.2,13,1,3145.1,28,1,3145.0,14,1,3144.9,142,6,3145.9,201,2,3146.0,97,2,3146.2,1,1,3146.3,1,1,3146.7,58,1
2031,2026-06-16 13:26:24+05:30,3145.8,1,3131.9,2482267,125303.0,197251.0,3163.0,3163.0,3108.0,3134.3,31998200,3447.7,2820.9,3839.9,2896.0,3145.5,13,1,3145.4,93,8,3145.3,30,4,3145.2,82,4,3145.1,42,4,3145.8,199,1,3145.9,27,2,3146.5,22,2,3146.8,29,2,3146.9,37,3
2031,2026-06-16 13:26:24+05:30,3145.8,1,3131.9,2482267,125303.0,197251.0,3163.0,3163.0,3108.0,3134.3,31998200,3447.7,2820.9,3839.9,2896.0,3145.5,13,1,3145.4,93,8,3145.3,30,4,3145.2,82,4,3145.1,42,4,3145.8,199,1,3145.9,27,2,3146.5,22,2,3146.8,29,2,3146.9,37,3
2031,2026-06-16 13:26:25+05:30,3145.9,3,3131.9,2482267,125303.0,197251.0,3163.0,3163.0,3108.0,3134.3,31998200,3447.7,2820.9,3839.9,2896.0,3145.5,13,1,3145.4,93,8,3145.3,30,4,3145.2,82,4,3145.1,42,4,3145.8,199,1,3145.9,27,2,3146.5,22,2,3146.8,29,2,3146.9,37,3
2031,2026-06-16 13:26:25+05:30,3145.9,3,3131.9,2482496,126755.0,197521.0,3163.0,3163.0,3108.0,3134.3,31998200,3447.7,2820.9,3839.9,2896.0,3145.8,48,3,3145.7,54,4,3145.6,136,5,3145.5,135,4,3145.4,272,5,3146.8,13,1,3147.0,213,2,3147.1,200,1,3147.2,100,1,3147.4,101,2
2031,2026-06-16 13:26:26+05:30,3145.8,3,3131.9,2482496,126755.0,197521.0,3163.0,3163.0,3108.0,3134.3,31998200,3447.7,2820.9,3839.9,2896.0,3145.8,48,3,3145.7,54,4,3145.6,136,5,3145.5,135,4,3145.4,272,5,3146.8,13,1,3147.0,213,2,3147.1,200,1,3147.2,100,1,3147.4,101,2
2031,2026-06-16 13:26:26+05:30,3145.8,3,3131.9,2482496,126755.0,197521.0,3163.0,3163.0,3108.0,3134.3,31998200,3447.7,2820.9,3839.9,2896.0,3145.8,48,3,3145.7,54,4,3145.6,136,5,3145.5,135,4,3145.4,272,5,3146.8,13,1,3147.0,213,2,3147.1,200,1,3147.2,100,1,3147.4,101,2
2031,2026-06-16 13:26:26+05:30,3145.8,3,3131.9,2482499,126554.0,198083.0,3163.0,3163.0,3108.0,3134.3,31998200,3447.7,2820.9,3839.9,2896.0,3145.8,48,3,3145.7,28,2,3145.6,24,3,3145.5,146,4,3145.4,53,4,3147.0,262,3,3147.1,224,2,3147.2,100,1,3147.4,159,3,3147.5,38,1
2031,2026-06-16 13:26:27+05:30,3145.8,3,3131.9,2482499,126554.0,198083.0,3163.0,3163.0,3108.0,3134.3,31998200,3447.7,2820.9,3839.9,2896.0,3145.8,48,3,3145.7,28,2,3145.6,24,3,3145.5,146,4,3145.4,53,4,3147.0,262,3,3147.1,224,2,3147.2,100,1,3147.4,159,3,3147.5,38,1
2031,2026-06-16 13:26:27+05:30,3147.0,51,3131.9,2482499,126554.0,198083.0,3163.0,3163.0,3108.0,3134.3,31998200,3447.7,2820.9,3839.9,2896.0,3145.8,48,3,3145.7,28,2,3145.6,24,3,3145.5,146,4,3145.4,53,4,3147.0,262,3,3147.1,224,2,3147.2,100,1,3147.4,159,3,3147.5,38,1
2031,2026-06-16 13:26:27+05:30,3147.0,51,3131.9,2482550,127275.0,197755.0,3163.0,3163.0,3108.0,3134.3,31998200,3447.7,2820.9,3839.9,2896.0,3145.8,154,4,3145.7,40,4,3145.6,164,3,3145.5,220,7,3145.4,51,3,3147.0,211,3,3147.1,200,1,3147.2,100,1,3147.4,139,3,3147.5,265,3
2031,2026-06-16 13:26:27+05:30,3147.0,51,3131.9,2482550,127275.0,197755.0,3163.0,3163.0,3108.0,3134.3,31998200,3447.7,2820.9,3839.9,2896.0,3145.8,154,4,3145.7,40,4,3145.6,164,3,3145.5,220,7,3145.4,51,3,3147.0,211,3,3147.1,200,1,3147.2,100,1,3147.4,139,3,3147.5,265,3
2031,2026-06-16 13:26:28+05:30,3147.0,51,3131.9,2482550,127275.0,197755.0,3163.0,3163.0,3108.0,3134.3,31998200,3447.7,2820.9,3839.9,2896.0,3145.8,154,4,3145.7,40,4,3145.6,164,3,3145.5,220,7,3145.4,51,3,3147.0,211,3,3147.1,200,1,3147.2,100,1,3147.4,139,3,3147.5,265,3
2031,2026-06-16 13:26:28+05:30,3147.1,19,3131.9,2482550,127275.0,197755.0,3163.0,3163.0,3108.0,3134.3,31998200,3447.7,2820.9,3839.9,2896.0,3145.8,154,4,3145.7,40,4,3145.6,164,3,3145.5,220,7,3145.4,51,3,3147.0,211,3,3147.1,200,1,3147.2,100,1,3147.4,139,3,3147.5,265,3
2031,2026-06-16 13:26:28+05:30,3147.1,19,3131.9,2482814,127071.0,198295.0,3163.0,3163.0,3108.0,3134.3,31998200,3447.7,2820.9,3839.9,2896.0,3145.8,114,3,3145.7,15,1,3145.6,1,1,3145.5,118,3,3145.4,50,2,3145.9,181,1,3146.0,200,1,3146.9,5,1,3147.0,34,2,3147.1,64,1
2031,2026-06-16 13:26:28+05:30,3147.1,19,3131.9,2482814,127071.0,198295.0,3163.0,3163.0,3108.0,3134.3,31998200,3447.7,2820.9,3839.9,2896.0,3145.8,114,3,3145.7,15,1,3145.6,1,1,3145.5,118,3,3145.4,50,2,3145.9,181,1,3146.0,200,1,3146.9,5,1,3147.0,34,2,3147.1,64,1
2031,2026-06-16 13:26:29+05:30,3146.0,84,3131.9,2482814,127071.0,198295.0,3163.0,3163.0,3108.0,3134.3,31998200,3447.7,2820.9,3839.9,2896.0,3145.8,114,3,3145.7,15,1,3145.6,1,1,3145.5,118,3,3145.4,50,2,3145.9,181,1,3146.0,200,1,3146.9,5,1,3147.0,34,2,3147.1,64,1
2031,2026-06-16 13:26:29+05:30,3146.0,84,3131.9,2482814,127071.0,198295.0,3163.0,3163.0,3108.0,3134.3,31998200,3447.7,2820.9,3839.9,2896.0,3145.8,114,3,3145.7,15,1,3145.6,1,1,3145.5,118,3,3145.4,50,2,3145.9,181,1,3146.0,200,1,3146.9,5,1,3147.0,34,2,3147.1,64,1
2031,2026-06-16 13:26:29+05:30,3147.2,20,3131.91,2483218,129107.0,196295.0,3163.0,3163.0,3108.0,3134.3,31998200,3447.7,2820.9,3839.9,2896.0,3146.6,62,7,3146.5,77,3,3146.4,87,5,3146.3,65,2,3146.2,291,5,3147.2,79,1,3147.9,17,1,3148.0,20,1,3148.1,81,1,3148.2,21,1
2031,2026-06-16 13:26:30+05:30,3147.2,1,3131.91,2483218,129107.0,196295.0,3163.0,3163.0,3108.0,3134.3,31998200,3447.7,2820.9,3839.9,2896.0,3146.6,62,7,3146.5,77,3,3146.4,87,5,3146.3,65,2,3146.2,291,5,3147.2,79,1,3147.9,17,1,3148.0,20,1,3148.1,81,1,3148.2,21,1
2031,2026-06-16 13:26:30+05:30,3147.2,1,3131.91,2483218,129107.0,196295.0,3163.0,3163.0,3108.0,3134.3,31998200,3447.7,2820.9,3839.9,2896.0,3146.6,62,7,3146.5,77,3,3146.4,87,5,3146.3,65,2,3146.2,291,5,3147.2,79,1,3147.9,17,1,3148.0,20,1,3148.1,81,1,3148.2,21,1
2031,2026-06-16 13:26:30+05:30,3147.2,20,3131.91,2483239,129136.0,196613.0,3163.0,3163.0,3108.0,3134.3,31998200,3447.7,2820.9,3839.9,2896.0,3146.6,69,9,3146.5,39,2,3146.4,72,4,3146.3,88,3,3146.2,128,5,3147.2,59,2,3147.9,17,1,3148.0,20,1,3148.1,81,1,3148.2,221,2
2031,2026-06-16 13:26:31+05:30,3147.2,20,3131.91,2483239,129136.0,196613.0,3163.0,3163.0,3108.0,3134.3,31998200,3447.7,2820.9,3839.9,2896.0,3146.6,69,9,3146.5,39,2,3146.4,72,4,3146.3,88,3,3146.2,128,5,3147.2,59,2,3147.9,17,1,3148.0,20,1,3148.1,81,1,3148.2,221,2
2031,2026-06-16 13:26:31+05:30,3147.2,20,3131.91,2483239,129136.0,196613.0,3163.0,3163.0,3108.0,3134.3,31998200,3447.7,2820.9,3839.9,2896.0,3146.6,69,9,3146.5,39,2,3146.4,72,4,3146.3,88,3,3146.2,128,5,3147.2,59,2,3147.9,17,1,3148.0,20,1,3148.1,81,1,3148.2,221,2
2031,2026-06-16 13:26:31+05:30,3147.2,20,3131.91,2483259,128650.0,196405.0,3163.0,3163.0,3108.0,3134.3,31998200,3447.7,2820.9,3839.9,2896.0,3147.0,12,1,3146.9,4,3,3146.7,2,1,3146.6,183,4,3146.5,62,4,3147.2,39,2,3147.9,17,1,3148.0,83,2,3148.1,104,2,3148.2,221,2
2031,2026-06-16 13:26:31+05:30,3147.2,20,3131.91,2483259,128650.0,196405.0,3163.0,3163.0,3108.0,3134.3,31998200,3447.7,2820.9,3839.9,2896.0,3147.0,12,1,3146.9,4,3,3146.7,2,1,3146.6,183,4,3146.5,62,4,3147.2,39,2,3147.9,17,1,3148.0,83,2,3148.1,104,2,3148.2,221,2
2031,2026-06-16 13:26:32+05:30,3146.6,14,3131.91,2483259,128650.0,196405.0,3163.0,3163.0,3108.0,3134.3,31998200,3447.7,2820.9,3839.9,2896.0,3147.0,12,1,3146.9,4,3,3146.7,2,1,3146.6,183,4,3146.5,62,4,3147.2,39,2,3147.9,17,1,3148.0,83,2,3148.1,104,2,3148.2,221,2
2031,2026-06-16 13:26:32+05:30,3147.9,12,3131.91,2483410,128932.0,196263.0,3163.0,3163.0,3108.0,3134.3,31998200,3447.7,2820.9,3839.9,2896.0,3146.6,182,7,3146.5,26,1,3146.4,77,2,3146.3,107,3,3146.2,256,7,3147.8,13,1,3147.9,5,1,3148.0,19,1,3148.2,23,2,3148.3,508,2
2031,2026-06-16 13:26:32+05:30,3147.9,12,3131.91,2483410,128932.0,196263.0,3163.0,3163.0,3108.0,3134.3,31998200,3447.7,2820.9,3839.9,2896.0,3146.6,182,7,3146.5,26,1,3146.4,77,2,3146.3,107,3,3146.2,256,7,3147.8,13,1,3147.9,5,1,3148.0,19,1,3148.2,23,2,3148.3,508,2
2031,2026-06-16 13:26:33+05:30,3147.9,7,3131.91,2483410,128932.0,196263.0,3163.0,3163.0,3108.0,3134.3,31998200,3447.7,2820.9,3839.9,2896.0,3146.6,182,7,3146.5,26,1,3146.4,77,2,3146.3,107,3,3146.2,256,7,3147.8,13,1,3147.9,5,1,3148.0,19,1,3148.2,23,2,3148.3,508,2
2031,2026-06-16 13:26:33+05:30,3147.9,7,3131.91,2483430,129195.0,196533.0,3163.0,3163.0,3108.0,3134.3,31998200,3447.7,2820.9,3839.9,2896.0,3147.2,2,1,3147.0,17,1,3146.7,3,1,3146.6,231,8,3146.5,26,1,3147.9,6,1,3148.3,603,7,3148.4,274,5,3148.5,209,2,3148.6,398,5
2031,2026-06-16 13:26:33+05:30,3147.9,7,3131.91,2483430,129195.0,196533.0,3163.0,3163.0,3108.0,3134.3,31998200,3447.7,2820.9,3839.9,2896.0,3147.2,2,1,3147.0,17,1,3146.7,3,1,3146.6,231,8,3146.5,26,1,3147.9,6,1,3148.3,603,7,3148.4,274,5,3148.5,209,2,3148.6,398,5
2031,2026-06-16 13:26:34+05:30,3147.9,14,3131.91,2483430,129195.0,196533.0,3163.0,3163.0,3108.0,3134.3,31998200,3447.7,2820.9,3839.9,2896.0,3147.2,2,1,3147.0,17,1,3146.7,3,1,3146.6,231,8,3146.5,26,1,3147.9,6,1,3148.3,603,7,3148.4,274,5,3148.5,209,2,3148.6,398,5
2031,2026-06-16 13:26:34+05:30,3147.9,14,3131.91,2483450,129151.0,196591.0,3163.0,3163.0,3108.0,3134.3,31998200,3447.7,2820.9,3839.9,2896.0,3147.2,2,1,3147.0,17,1,3146.7,3,1,3146.6,182,7,3146.5,26,1,3147.8,13,1,3147.9,6,1,3148.0,79,2,3148.2,82,2,3148.3,579,5
2031,2026-06-16 13:26:34+05:30,3147.9,14,3131.91,2483450,129151.0,196591.0,3163.0,3163.0,3108.0,3134.3,31993600,3447.7,2820.9,3839.9,2896.0,3147.2,2,1,3147.0,17,1,3146.7,3,1,3146.6,182,7,3146.5,26,1,3147.8,13,1,3147.9,6,1,3148.0,79,2,3148.2,82,2,3148.3,579,5
2031,2026-06-16 13:26:35+05:30,3147.0,11,3131.91,2483450,129151.0,196591.0,3163.0,3163.0,3108.0,3134.3,31993600,3447.7,2820.9,3839.9,2896.0,3147.2,2,1,3147.0,17,1,3146.7,3,1,3146.6,182,7,3146.5,26,1,3147.8,13,1,3147.9,6,1,3148.0,79,2,3148.2,82,2,3148.3,579,5
2031,2026-06-16 13:26:35+05:30,3147.1,5,3131.91,2483957,127886.0,198364.0,3163.0,3163.0,3108.0,3134.3,31993600,3447.7,2820.9,3839.9,2896.0,3146.6,7,2,3146.0,3,1,3145.9,21,1,3145.7,34,2,3145.5,102,3,3147.1,61,4,3147.2,109,6,3147.3,53,4,3147.4,135,5,3147.5,30,3
2031,2026-06-16 13:26:36+05:30,3147.1,10,3131.91,2483957,127886.0,198364.0,3163.0,3163.0,3108.0,3134.3,31993600,3447.7,2820.9,3839.9,2896.0,3146.6,7,2,3146.0,3,1,3145.9,21,1,3145.7,34,2,3145.5,102,3,3147.1,61,4,3147.2,109,6,3147.3,53,4,3147.4,135,5,3147.5,30,3
2031,2026-06-16 13:26:36+05:30,3147.1,10,3131.91,2483978,127924.0,198441.0,3163.0,3163.0,3108.0,3134.3,31993600,3447.7,2820.9,3839.9,2896.0,3146.6,7,2,3146.0,3,1,3145.9,21,1,3145.7,34,2,3145.5,102,3,3147.1,46,3,3147.2,107,5,3147.3,55,5,3147.4,135,5,3147.5,30,3
2031,2026-06-16 13:26:37+05:30,3147.1,2,3131.91,2483978,127924.0,198441.0,3163.0,3163.0,3108.0,3134.3,31993600,3447.7,2820.9,3839.9,2896.0,3146.6,7,2,3146.0,3,1,3145.9,21,1,3145.7,34,2,3145.5,102,3,3147.1,46,3,3147.2,107,5,3147.3,55,5,3147.4,135,5,3147.5,30,3
2031,2026-06-16 13:26:37+05:30,3147.1,2,3131.91,2483998,128222.0,198652.0,3163.0,3163.0,3108.0,3134.3,31993600,3447.7,2820.9,3839.9,2896.0,3146.6,47,3,3146.5,15,1,3146.0,3,1,3145.9,21,1,3145.7,36,3,3147.1,51,3,3147.2,27,2,3147.3,53,4,3147.4,164,6,3147.5,30,3
2031,2026-06-16 13:26:38+05:30,3147.1,20,3131.91,2483998,128222.0,198652.0,3163.0,3163.0,3108.0,3134.3,31993600,3447.7,2820.9,3839.9,2896.0,3146.6,47,3,3146.5,15,1,3146.0,3,1,3145.9,21,1,3145.7,36,3,3147.1,51,3,3147.2,27,2,3147.3,53,4,3147.4,164,6,3147.5,30,3
2031,2026-06-16 13:26:38+05:30,3147.1,20,3131.91,2484018,128388.0,198348.0,3163.0,3163.0,3108.0,3134.3,31993600,3447.7,2820.9,3839.9,2896.0,3146.8,6,1,3146.6,41,2,3146.5,15,1,3146.0,67,2,3145.9,113,3,3147.1,47,3,3147.2,27,2,3147.3,38,3,3147.4,25,2,3147.5,30,3
2031,2026-06-16 13:26:39+05:30,3147.1,9,3131.91,2484018,128388.0,198348.0,3163.0,3163.0,3108.0,3134.3,31993600,3447.7,2820.9,3839.9,2896.0,3146.8,6,1,3146.6,41,2,3146.5,15,1,3146.0,67,2,3145.9,113,3,3147.1,47,3,3147.2,27,2,3147.3,38,3,3147.4,25,2,3147.5,30,3
2031,2026-06-16 13:26:39+05:30,3147.1,9,3131.91,2484060,128085.0,198295.0,3163.0,3163.0,3108.0,3134.3,31993600,3447.7,2820.9,3839.9,2896.0,3146.8,4,1,3146.6,41,2,3146.5,15,1,3146.0,3,1,3145.9,21,1,3147.1,24,3,3147.2,65,3,3147.3,64,4,3147.4,63,3,3147.5,30,3
2031,2026-06-16 13:26:40+05:30,3146.8,1,3131.91,2484060,128085.0,198295.0,3163.0,3163.0,3108.0,3134.3,31993600,3447.7,2820.9,3839.9,2896.0,3146.8,4,1,3146.6,41,2,3146.5,15,1,3146.0,3,1,3145.9,21,1,3147.1,24,3,3147.2,65,3,3147.3,64,4,3147.4,63,3,3147.5,30,3
2031,2026-06-16 13:26:40+05:30,3146.8,1,3131.91,2484413,128125.0,198206.0,3163.0,3163.0,3108.0,3134.3,31993600,3447.7,2820.9,3839.9,2896.0,3146.5,33,3,3146.3,18,2,3146.2,4,1,3146.1,21,1,3146.0,67,4,3146.8,47,1,3147.4,18,1,3147.5,29,2,3147.6,22,2,3147.7,170,5
2031,2026-06-16 13:26:41+05:30,3146.8,20,3131.91,2484413,128125.0,198206.0,3163.0,3163.0,3108.0,3134.3,31993600,3447.7,2820.9,3839.9,2896.0,3146.5,33,3,3146.3,18,2,3146.2,4,1,3146.1,21,1,3146.0,67,4,3146.8,47,1,3147.4,18,1,3147.5,29,2,3147.6,22,2,3147.7,170,5
2031,2026-06-16 13:26:41+05:30,3146.8,20,3131.91,2484453,128215.0,198194.0,3163.0,3163.0,3108.0,3134.3,31993600,3447.7,2820.9,3839.9,2896.0,3146.5,37,4,3146.4,7,1,3146.3,18,2,3146.2,4,1,3146.1,21,1,3146.8,7,1,3147.4,18,1,3147.5,29,2,3147.6,22,2,3147.7,112,4
2031,2026-06-16 13:26:42+05:30,3147.4,13,3131.91,2484453,128215.0,198194.0,3163.0,3163.0,3108.0,3134.3,31993600,3447.7,2820.9,3839.9,2896.0,3146.5,37,4,3146.4,7,1,3146.3,18,2,3146.2,4,1,3146.1,21,1,3146.8,7,1,3147.4,18,1,3147.5,29,2,3147.6,22,2,3147.7,112,4
2031,2026-06-16 13:26:42+05:30,3147.4,13,3131.91,2484473,128555.0,197661.0,3163.0,3163.0,3108.0,3134.3,31993600,3447.7,2820.9,3839.9,2896.0,3146.9,1,1,3146.6,2,1,3146.5,41,5,3146.4,7,1,3146.3,18,2,3147.4,5,1,3147.5,29,2,3147.6,22,2,3147.7,63,3,3147.8,127,3
2031,2026-06-16 13:26:43+05:30,3147.5,15,3131.91,2484473,128555.0,197661.0,3163.0,3163.0,3108.0,3134.3,31993600,3447.7,2820.9,3839.9,2896.0,3146.9,1,1,3146.6,2,1,3146.5,41,5,3146.4,7,1,3146.3,18,2,3147.4,5,1,3147.5,29,2,3147.6,22,2,3147.7,63,3,3147.8,127,3
2031,2026-06-16 13:26:43+05:30,3147.5,15,3131.91,2484493,128786.0,197586.0,3163.0,3163.0,3108.0,3134.3,31993600,3447.7,2820.9,3839.9,2896.0,3146.9,1,1,3146.6,2,1,3146.5,41,5,3146.4,7,1,3146.3,76,3,3147.5,14,2,3147.6,22,2,3147.7,63,3,3147.8,69,2,3148.0,258,2
2031,2026-06-16 13:26:44+05:30,3147.5,7,3131.91,2484493,128786.0,197586.0,3163.0,3163.0,3108.0,3134.3,31993600,3447.7,2820.9,3839.9,2896.0,3146.9,1,1,3146.6,2,1,3146.5,41,5,3146.4,7,1,3146.3,76,3,3147.5,14,2,3147.6,22,2,3147.7,63,3,3147.8,69,2,3148.0,258,2
2031,2026-06-16 13:26:44+05:30,3147.5,7,3131.91,2484533,128554.0,197560.0,3163.0,3163.0,3108.0,3134.3,31993600,3447.7,2820.9,3839.9,2896.0,3146.9,1,1,3146.6,2,1,3146.5,28,2,3146.2,5,2,3146.1,67,3,3147.5,53,4,3147.6,45,4,3147.7,54,4,3147.8,196,4,3147.9,42,2
2031,2026-06-16 13:26:45+05:30,3147.5,1,3131.91,2484533,128554.0,197560.0,3163.0,3163.0,3108.0,3134.3,31993600,3447.7,2820.9,3839.9,2896.0,3146.9,1,1,3146.6,2,1,3146.5,28,2,3146.2,5,2,3146.1,67,3,3147.5,53,4,3147.6,45,4,3147.7,54,4,3147.8,196,4,3147.9,42,2
2031,2026-06-16 13:26:45+05:30,3147.5,1,3131.91,2484554,128872.0,197245.0,3163.0,3163.0,3108.0,3134.3,31993600,3447.7,2820.9,3839.9,2896.0,3147.0,162,3,3146.6,2,1,3146.5,28,2,3146.4,1,1,3146.3,20,1,3147.5,32,3,3147.6,17,2,3147.7,23,2,3147.8,40,1,3147.9,38,1
2031,2026-06-16 13:26:46+05:30,3147.8,8,3131.91,2484554,128872.0,197245.0,3163.0,3163.0,3108.0,3134.3,31993600,3447.7,2820.9,3839.9,2896.0,3147.0,162,3,3146.6,2,1,3146.5,28,2,3146.4,1,1,3146.3,20,1,3147.5,32,3,3147.6,17,2,3147.7,23,2,3147.8,40,1,3147.9,38,1
2031,2026-06-16 13:26:46+05:30,3147.8,8,3131.91,2484686,129182.0,196784.0,3163.0,3163.0,3108.0,3134.3,31993600,3447.7,2820.9,3839.9,2896.0,3147.3,2,2,3147.0,162,3,3146.7,17,1,3146.6,2,1,3146.5,48,3,3147.8,1,1,3147.9,39,2,3148.2,306,4,3148.3,716,4,3148.4,72,2
2031,2026-06-16 13:26:47+05:30,3147.8,1,3131.91,2484686,129182.0,196784.0,3163.0,3163.0,3108.0,3134.3,31993600,3447.7,2820.9,3839.9,2896.0,3147.3,2,2,3147.0,162,3,3146.7,17,1,3146.6,2,1,3146.5,48,3,3147.8,1,1,3147.9,39,2,3148.2,306,4,3148.3,716,4,3148.4,72,2
2031,2026-06-16 13:26:47+05:30,3147.3,1,3131.91,2484688,129222.0,196766.0,3163.0,3163.0,3108.0,3134.3,31993600,3447.7,2820.9,3839.9,2896.0,3147.3,2,2,3147.0,182,5,3146.6,60,2,3146.5,69,4,3146.4,88,3,3147.8,1,1,3147.9,1,1,3148.2,106,3,3148.3,574,4,3148.4,251,2
2031,2026-06-16 13:26:48+05:30,3147.4,26,3131.91,2484688,129222.0,196766.0,3163.0,3163.0,3108.0,3134.3,31993600,3447.7,2820.9,3839.9,2896.0,3147.3,2,2,3147.0,182,5,3146.6,60,2,3146.5,69,4,3146.4,88,3,3147.8,1,1,3147.9,1,1,3148.2,106,3,3148.3,574,4,3148.4,251,2
2031,2026-06-16 13:26:48+05:30,3147.4,26,3131.92,2484828,129150.0,196872.0,3163.0,3163.0,3108.0,3134.3,31993600,3447.7,2820.9,3839.9,2896.0,3147.3,2,2,3147.0,167,4,3146.6,2,1,3146.5,28,2,3146.4,58,1,3147.4,174,1,3147.8,45,3,3147.9,1,1,3148.0,68,2,3148.1,4,2
2031,2026-06-16 13:26:49+05:30,3147.4,1,3131.92,2484828,129150.0,196872.0,3163.0,3163.0,3108.0,3134.3,31993600,3447.7,2820.9,3839.9,2896.0,3147.3,2,2,3147.0,167,4,3146.6,2,1,3146.5,28,2,3146.4,58,1,3147.4,174,1,3147.8,45,3,3147.9,1,1,3148.0,68,2,3148.1,4,2
2031,2026-06-16 13:26:49+05:30,3147.4,1,3131.92,2484829,129150.0,196878.0,3163.0,3163.0,3108.0,3134.3,31993600,3447.7,2820.9,3839.9,2896.0,3147.3,2,2,3147.0,185,5,3146.6,2,1,3146.5,13,1,3146.4,58,1,3147.4,173,1,3147.8,45,3,3147.9,1,1,3148.0,68,2,3148.1,4,2
2031,2026-06-16 13:26:50+05:30,3148.3,119,3131.92,2485289,129504.0,196503.0,3163.0,3163.0,3108.0,3134.3,31993600,3447.7,2820.9,3839.9,2896.0,3147.3,19,3,3147.0,167,4,3146.6,2,1,3146.5,34,2,3146.4,58,1,3147.7,13,1,3147.9,13,1,3148.0,51,2,3148.2,78,2,3148.3,395,2
2031,2026-06-16 13:26:51+05:30,3147.7,1,3131.92,2485289,129504.0,196503.0,3163.0,3163.0,3108.0,3134.3,31993600,3447.7,2820.9,3839.9,2896.0,3147.3,19,3,3147.0,167,4,3146.6,2,1,3146.5,34,2,3146.4,58,1,3147.7,13,1,3147.9,13,1,3148.0,51,2,3148.2,78,2,3148.3,395,2
2031,2026-06-16 13:26:51+05:30,3147.7,1,3131.92,2485390,129411.0,196619.0,3163.0,3163.0,3108.0,3134.3,31993600,3447.7,2820.9,3839.9,2896.0,3147.0,88,5,3146.6,2,1,3146.5,34,2,3146.4,58,1,3146.3,126,3,3147.7,12,1,3147.9,91,4,3148.0,64,3,3148.1,55,1,3148.2,124,3
2031,2026-06-16 13:26:52+05:30,3147.7,11,3131.92,2485390,129411.0,196619.0,3163.0,3163.0,3108.0,3134.3,31993600,3447.7,2820.9,3839.9,2896.0,3147.0,88,5,3146.6,2,1,3146.5,34,2,3146.4,58,1,3146.3,126,3,3147.7,12,1,3147.9,91,4,3148.0,64,3,3148.1,55,1,3148.2,124,3
2031,2026-06-16 13:26:52+05:30,3147.7,11,3131.92,2485401,129390.0,196671.0,3163.0,3163.0,3108.0,3134.3,31993600,3447.7,2820.9,3839.9,2896.0,3147.0,109,5,3146.7,17,1,3146.6,2,1,3146.5,34,2,3146.4,58,1,3147.7,1,1,3147.9,129,5,3148.0,26,2,3148.1,113,2,3148.2,362,5
2031,2026-06-16 13:26:53+05:30,3147.7,11,3131.92,2485401,129394.0,196608.0,3163.0,3163.0,3108.0,3134.3,31993600,3447.7,2820.9,3839.9,2896.0,3147.2,16,1,3147.0,109,5,3146.6,60,2,3146.5,34,2,3146.4,58,1,3147.7,1,1,3147.9,46,3,3148.0,26,2,3148.1,55,1,3148.2,316,4
2031,2026-06-16 13:26:54+05:30,3147.7,11,3131.92,2485401,129503.0,196648.0,3163.0,3163.0,3108.0,3134.3,31993600,3447.7,2820.9,3839.9,2896.0,3147.2,53,2,3147.0,109,5,3146.6,60,2,3146.5,80,3,3146.4,58,1,3147.7,1,1,3147.9,26,2,3148.0,26,2,3148.1,55,1,3148.2,306,4
2031,2026-06-16 13:26:55+05:30,3146.8,155,3131.92,2485401,129503.0,196648.0,3163.0,3163.0,3108.0,3134.3,31993600,3447.7,2820.9,3839.9,2896.0,3147.2,53,2,3147.0,109,5,3146.6,60,2,3146.5,80,3,3146.4,58,1,3147.7,1,1,3147.9,26,2,3148.0,26,2,3148.1,55,1,3148.2,306,4
2031,2026-06-16 13:26:55+05:30,3146.6,1,3131.93,2487387,126546.0,199826.0,3163.0,3163.0,3108.0,3134.3,31993600,3447.7,2820.9,3839.9,2896.0,3146.5,1,1,3145.9,15,2,3145.7,13,1,3145.5,43,2,3145.3,35,2,3146.6,199,1,3146.7,200,1,3146.9,200,1,3147.0,75,5,3147.1,70,5
2031,2026-06-16 13:26:56+05:30,3145.7,41,3131.93,2487387,126546.0,199826.0,3163.0,3163.0,3108.0,3134.3,31993600,3447.7,2820.9,3839.9,2896.0,3146.5,1,1,3145.9,15,2,3145.7,13,1,3145.5,43,2,3145.3,35,2,3146.6,199,1,3146.7,200,1,3146.9,200,1,3147.0,75,5,3147.1,70,5
2031,2026-06-16 13:26:56+05:30,3146.5,36,3131.93,2487824,125529.0,197678.0,3163.0,3163.0,3108.0,3134.3,31993600,3447.7,2820.9,3839.9,2896.0,3145.7,43,4,3145.5,19,1,3145.4,8,2,3145.3,20,2,3145.2,64,5,3146.6,16,2,3146.8,10,1,3146.9,200,1,3147.0,47,4,3147.1,58,1
2031,2026-06-16 13:26:57+05:30,3146.5,36,3131.93,2487824,125529.0,197678.0,3163.0,3163.0,3108.0,3134.3,31993600,3447.7,2820.9,3839.9,2896.0,3145.7,43,4,3145.5,19,1,3145.4,8,2,3145.3,20,2,3145.2,64,5,3146.6,16,2,3146.8,10,1,3146.9,200,1,3147.0,47,4,3147.1,58,1
2031,2026-06-16 13:26:57+05:30,3146.5,36,3131.93,2487824,126225.0,200147.0,3163.0,3163.0,3108.0,3134.3,31993600,3447.7,2820.9,3839.9,2896.0,3145.7,19,3,3145.4,47,3,3145.3,96,4,3145.2,45,3,3145.1,21,1,3146.6,54,3,3146.8,10,1,3146.9,246,2,3147.0,47,4,3147.1,86,2
2031,2026-06-16 13:26:58+05:30,3146.6,4,3131.93,2487824,126225.0,200147.0,3163.0,3163.0,3108.0,3134.3,31993600,3447.7,2820.9,3839.9,2896.0,3145.7,19,3,3145.4,47,3,3145.3,96,4,3145.2,45,3,3145.1,21,1,3146.6,54,3,3146.8,10,1,3146.9,246,2,3147.0,47,4,3147.1,86,2
2031,2026-06-16 13:26:58+05:30,3146.6,4,3131.93,2487844,126261.0,199964.0,3163.0,3163.0,3108.0,3134.3,31993600,3447.7,2820.9,3839.9,2896.0,3145.8,13,1,3145.7,32,4,3145.4,47,3,3145.3,96,4,3145.2,45,3,3146.6,34,1,3146.8,10,1,3146.9,246,2,3147.0,47,4,3147.1,58,1
2031,2026-06-16 13:26:59+05:30,3146.6,4,3131.93,2487844,126241.0,199856.0,3163.0,3163.0,3108.0,3134.3,31993600,3447.7,2820.9,3839.9,2896.0,3145.8,55,4,3145.7,27,3,3145.6,6,1,3145.5,80,4,3145.4,93,4,3146.6,52,2,3146.9,246,2,3147.0,27,2,3147.1,58,1,3147.2,20,1
2031,2026-06-16 13:27:00+05:30,3145.8,2,3131.93,2487844,126241.0,199856.0,3163.0,3163.0,3108.0,3134.3,31993600,3447.7,2820.9,3839.9,2896.0,3145.8,55,4,3145.7,27,3,3145.6,6,1,3145.5,80,4,3145.4,93,4,3146.6,52,2,3146.9,246,2,3147.0,27,2,3147.1,58,1,3147.2,20,1
2031,2026-06-16 13:27:00+05:30,3145.8,2,3131.93,2487897,126042.0,200058.0,3163.0,3163.0,3108.0,3134.3,31993600,3447.7,2820.9,3839.9,2896.0,3145.7,5,2,3145.5,19,1,3145.4,7,2,3145.3,5,1,3145.2,32,2,3145.8,148,2,3146.6,34,1,3146.7,64,2,3146.8,63,1,3146.9,304,3
2031,2026-06-16 13:27:01+05:30,3145.7,19,3131.93,2487897,126042.0,200058.0,3163.0,3163.0,3108.0,3134.3,31993600,3447.7,2820.9,3839.9,2896.0,3145.7,5,2,3145.5,19,1,3145.4,7,2,3145.3,5,1,3145.2,32,2,3145.8,148,2,3146.6,34,1,3146.7,64,2,3146.8,63,1,3146.9,304,3
2031,2026-06-16 13:27:01+05:30,3145.7,19,3131.94,2488157,126187.0,197649.0,3163.0,3163.0,3108.0,3134.3,31993600,3447.7,2820.9,3839.9,2896.0,3145.6,13,1,3145.4,76,6,3145.2,66,6,3145.1,229,4,3145.0,109,5,3145.7,87,1,3145.8,1,1,3146.6,34,1,3146.7,6,1,3146.8,72,2
2031,2026-06-16 13:27:02+05:30,3146.0,1,3131.94,2488157,126187.0,197649.0,3163.0,3163.0,3108.0,3134.3,31993600,3447.7,2820.9,3839.9,2896.0,3145.6,13,1,3145.4,76,6,3145.2,66,6,3145.1,229,4,3145.0,109,5,3145.7,87,1,3145.8,1,1,3146.6,34,1,3146.7,6,1,3146.8,72,2
2031,2026-06-16 13:27:02+05:30,3146.0,1,3131.94,2488247,126723.0,199353.0,3163.0,3163.0,3108.0,3134.3,31993600,3447.7,2820.9,3839.9,2896.0,3145.8,6,2,3145.7,39,4,3145.6,19,5,3145.5,90,6,3145.4,32,4,3146.0,1,1,3146.6,34,1,3146.9,246,2,3147.1,58,1,3147.2,20,1
2031,2026-06-16 13:27:03+05:30,3146.0,1,3131.94,2488247,126723.0,199353.0,3163.0,3163.0,3108.0,3134.3,31993600,3447.7,2820.9,3839.9,2896.0,3145.8,6,2,3145.7,39,4,3145.6,19,5,3145.5,90,6,3145.4,32,4,3146.0,1,1,3146.6,34,1,3146.9,246,2,3147.1,58,1,3147.2,20,1
2031,2026-06-16 13:27:03+05:30,3146.0,1,3131.94,2488248,126587.0,199597.0,3163.0,3163.0,3108.0,3134.3,31993600,3447.7,2820.9,3839.9,2896.0,3145.8,44,3,3145.7,34,3,3145.6,23,4,3145.5,62,4,3145.4,35,6,3146.0,1,1,3146.6,34,1,3146.9,246,2,3147.1,58,1,3147.2,292,4
2031,2026-06-16 13:27:04+05:30,3146.9,174,3131.94,2488248,126587.0,199597.0,3163.0,3163.0,3108.0,3134.3,31993600,3447.7,2820.9,3839.9,2896.0,3145.8,44,3,3145.7,34,3,3145.6,23,4,3145.5,62,4,3145.4,35,6,3146.0,1,1,3146.6,34,1,3146.9,246,2,3147.1,58,1,3147.2,292,4
2031,2026-06-16 13:27:04+05:30,3146.9,174,3131.94,2488457,126565.0,198982.0,3163.0,3163.0,3108.0,3134.3,31993600,3447.7,2820.9,3839.9,2896.0,3145.9,18,3,3145.8,56,4,3145.7,65,6,3145.6,5,3,3145.5,57,3,3146.0,22,1,3146.9,72,2,3147.1,58,1,3147.2,220,2,3147.3,400,2
2031,2026-06-16 13:27:05+05:30,3146.0,15,3131.94,2488457,126565.0,198982.0,3163.0,3163.0,3108.0,3134.3,31993600,3447.7,2820.9,3839.9,2896.0,3145.9,18,3,3145.8,56,4,3145.7,65,6,3145.6,5,3,3145.5,57,3,3146.0,22,1,3146.9,72,2,3147.1,58,1,3147.2,220,2,3147.3,400,2
2031,2026-06-16 13:27:05+05:30,3146.0,2,3131.94,2488475,127156.0,199202.0,3163.0,3163.0,3108.0,3134.3,31993600,3447.7,2820.9,3839.9,2896.0,3146.0,56,4,3145.9,60,4,3145.8,51,2,3145.7,38,5,3145.6,87,7,3146.9,26,1,3147.1,58,1,3147.2,233,2,3147.3,446,3,3147.4,58,1
2031,2026-06-16 13:27:06+05:30,3146.0,2,3131.94,2488475,127156.0,199202.0,3163.0,3163.0,3108.0,3134.3,31993600,3447.7,2820.9,3839.9,2896.0,3146.0,56,4,3145.9,60,4,3145.8,51,2,3145.7,38,5,3145.6,87,7,3146.9,26,1,3147.1,58,1,3147.2,233,2,3147.3,446,3,3147.4,58,1
2031,2026-06-16 13:27:06+05:30,3146.9,1,3131.94,2488478,127322.0,199216.0,3163.0,3163.0,3108.0,3134.3,31993600,3447.7,2820.9,3839.9,2896.0,3146.0,104,5,3145.9,60,4,3145.8,51,2,3145.7,25,4,3145.6,102,7,3146.9,34,2,3147.2,200,1,3147.3,446,3,3147.4,58,1,3147.5,250,2
2031,2026-06-16 13:27:07+05:30,3146.9,1,3131.94,2488478,127322.0,199216.0,3163.0,3163.0,3108.0,3134.3,31993600,3447.7,2820.9,3839.9,2896.0,3146.0,104,5,3145.9,60,4,3145.8,51,2,3145.7,25,4,3145.6,102,7,3146.9,34,2,3147.2,200,1,3147.3,446,3,3147.4,58,1,3147.5,250,2
2031,2026-06-16 13:27:07+05:30,3146.0,6,3131.94,2488504,127309.0,199268.0,3163.0,3163.0,3108.0,3134.3,31993600,3447.7,2820.9,3839.9,2896.0,3146.0,127,5,3145.9,42,2,3145.8,86,4,3145.7,105,6,3145.6,73,7,3146.9,28,2,3147.2,200,1,3147.3,446,3,3147.4,58,1,3147.5,283,3
2031,2026-06-16 13:27:08+05:30,3146.0,20,3131.94,2488504,127309.0,199268.0,3163.0,3163.0,3108.0,3134.3,31993600,3447.7,2820.9,3839.9,2896.0,3146.0,127,5,3145.9,42,2,3145.8,86,4,3145.7,105,6,3145.6,73,7,3146.9,28,2,3147.2,200,1,3147.3,446,3,3147.4,58,1,3147.5,283,3
2031,2026-06-16 13:27:08+05:30,3146.9,1,3131.94,2488525,127171.0,199403.0,3163.0,3163.0,3108.0,3134.3,31993600,3447.7,2820.9,3839.9,2896.0,3146.0,107,5,3145.9,59,3,3145.8,53,3,3145.7,25,4,3145.6,56,6,3146.9,65,3,3147.2,258,2,3147.3,446,3,3147.4,58,1,3147.5,283,3
2031,2026-06-16 13:27:09+05:30,3146.0,25,3131.94,2488525,127171.0,199403.0,3163.0,3163.0,3108.0,3134.3,31993600,3447.7,2820.9,3839.9,2896.0,3146.0,107,5,3145.9,59,3,3145.8,53,3,3145.7,25,4,3145.6,56,6,3146.9,65,3,3147.2,258,2,3147.3,446,3,3147.4,58,1,3147.5,283,3
2031,2026-06-16 13:27:09+05:30,3146.0,25,3131.94,2488570,126992.0,199449.0,3163.0,3163.0,3108.0,3134.3,31993600,3447.7,2820.9,3839.9,2896.0,3146.0,69,4,3145.9,59,3,3145.8,40,2,3145.7,25,4,3145.6,35,5,3146.9,65,3,3147.2,304,3,3147.3,400,2,3147.4,96,2,3147.5,283,3
2031,2026-06-16 13:27:10+05:30,3146.0,1,3131.94,2488570,126992.0,199449.0,3163.0,3163.0,3108.0,3134.3,31993600,3447.7,2820.9,3839.9,2896.0,3146.0,69,4,3145.9,59,3,3145.8,40,2,3145.7,25,4,3145.6,35,5,3146.9,65,3,3147.2,304,3,3147.3,400,2,3147.4,96,2,3147.5,283,3
2031,2026-06-16 13:27:10+05:30,3146.0,20,3131.94,2488610,127028.0,199471.0,3163.0,3163.0,3108.0,3134.3,31993600,3447.7,2820.9,3839.9,2896.0,3146.0,29,3,3145.9,59,3,3145.8,40,2,3145.7,23,3,3145.6,27,3,3146.8,200,1,3146.9,65,3,3147.1,7,1,3147.2,304,3,3147.3,200,1
2031,2026-06-16 13:27:11+05:30,3146.1,30,3131.94,2488610,127028.0,199471.0,3163.0,3163.0,3108.0,3134.3,31993600,3447.7,2820.9,3839.9,2896.0,3146.0,29,3,3145.9,59,3,3145.8,40,2,3145.7,23,3,3145.6,27,3,3146.8,200,1,3146.9,65,3,3147.1,7,1,3147.2,304,3,3147.3,200,1
2031,2026-06-16 13:27:11+05:30,3146.1,30,3131.94,2488660,126807.0,199777.0,3163.0,3163.0,3108.0,3134.3,31993600,3447.7,2820.9,3839.9,2896.0,3146.1,18,2,3146.0,4,2,3145.9,42,2,3145.8,38,1,3145.7,5,2,3146.4,200,1,3146.6,38,1,3146.7,52,1,3146.8,78,3,3146.9,121,3
2031,2026-06-16 13:27:12+05:30,3146.4,1,3131.94,2488660,126807.0,199777.0,3163.0,3163.0,3108.0,3134.3,31993600,3447.7,2820.9,3839.9,2896.0,3146.1,18,2,3146.0,4,2,3145.9,42,2,3145.8,38,1,3145.7,5,2,3146.4,200,1,3146.6,38,1,3146.7,52,1,3146.8,78,3,3146.9,121,3
2031,2026-06-16 13:27:12+05:30,3146.4,1,3131.94,2488681,126863.0,199829.0,3163.0,3163.0,3108.0,3134.3,31993600,3447.7,2820.9,3839.9,2896.0,3146.1,21,4,3146.0,4,2,3145.9,42,2,3145.8,38,1,3145.7,5,2,3146.4,233,2,3146.6,38,1,3146.7,52,1,3146.8,78,3,3146.9,123,4
2031,2026-06-16 13:27:13+05:30,3146.1,1,3131.94,2488681,126863.0,199829.0,3163.0,3163.0,3108.0,3134.3,31993600,3447.7,2820.9,3839.9,2896.0,3146.1,21,4,3146.0,4,2,3145.9,42,2,3145.8,38,1,3145.7,5,2,3146.4,233,2,3146.6,38,1,3146.7,52,1,3146.8,78,3,3146.9,123,4
2031,2026-06-16 13:27:13+05:30,3146.1,1,3131.94,2488721,126950.0,199878.0,3163.0,3163.0,3108.0,3134.3,31993600,3447.7,2820.9,3839.9,2896.0,3146.1,18,2,3146.0,4,2,3145.9,42,2,3145.8,38,1,3145.7,5,2,3146.4,242,3,3146.6,63,2,3146.7,52,1,3146.8,69,2,3146.9,123,4
2031,2026-06-16 13:27:14+05:30,3146.1,6,3131.94,2488721,126950.0,199878.0,3163.0,3163.0,3108.0,3134.3,31993600,3447.7,2820.9,3839.9,2896.0,3146.1,18,2,3146.0,4,2,3145.9,42,2,3145.8,38,1,3145.7,5,2,3146.4,242,3,3146.6,63,2,3146.7,52,1,3146.8,69,2,3146.9,123,4
2031,2026-06-16 13:27:14+05:30,3146.2,24,3131.94,2488810,126538.0,199770.0,3163.0,3163.0,3108.0,3134.3,31993600,3447.7,2820.9,3839.9,2896.0,3146.1,9,1,3146.0,4,2,3145.9,59,3,3145.8,38,1,3145.6,1,1,3146.2,175,1,3146.3,1,1,3146.4,47,2,3146.6,63,2,3146.7,82,2
2031,2026-06-16 13:27:15+05:30,3146.2,1,3131.94,2488810,126538.0,199770.0,3163.0,3163.0,3108.0,3134.3,31993600,3447.7,2820.9,3839.9,2896.0,3146.1,9,1,3146.0,4,2,3145.9,59,3,3145.8,38,1,3145.6,1,1,3146.2,175,1,3146.3,1,1,3146.4,47,2,3146.6,63,2,3146.7,82,2
2031,2026-06-16 13:27:15+05:30,3146.2,1,3131.94,2488833,126499.0,199700.0,3163.0,3163.0,3108.0,3134.3,31993600,3447.7,2820.9,3839.9,2896.0,3146.1,26,4,3146.0,4,2,3145.9,42,2,3145.8,38,1,3145.6,1,1,3146.2,181,2,3146.3,1,1,3146.4,38,1,3146.6,63,2,3146.7,82,2
2031,2026-06-16 13:27:15+05:30,3146.2,1,3131.94,2488833,126499.0,199700.0,3163.0,3163.0,3108.0,3134.3,31993600,3447.7,2820.9,3839.9,2896.0,3146.1,26,4,3146.0,4,2,3145.9,42,2,3145.8,38,1,3145.6,1,1,3146.2,181,2,3146.3,1,1,3146.4,38,1,3146.6,63,2,3146.7,82,2
2031,2026-06-16 13:27:16+05:30,3146.1,1,3131.94,2488833,126499.0,199700.0,3163.0,3163.0,3108.0,3134.3,31993600,3447.7,2820.9,3839.9,2896.0,3146.1,26,4,3146.0,4,2,3145.9,42,2,3145.8,38,1,3145.6,1,1,3146.2,181,2,3146.3,1,1,3146.4,38,1,3146.6,63,2,3146.7,82,2
2031,2026-06-16 13:27:16+05:30,3146.1,1,3131.94,2488904,126477.0,199451.0,3163.0,3163.0,3108.0,3134.3,31993600,3447.7,2820.9,3839.9,2896.0,3146.1,19,3,3146.0,4,2,3145.9,42,2,3145.8,38,1,3145.6,1,1,3146.2,214,3,3146.3,11,2,3146.4,45,2,3146.5,20,1,3146.7,68,2
2031,2026-06-16 13:27:17+05:30,3146.1,16,3131.94,2488904,126477.0,199451.0,3163.0,3163.0,3108.0,3134.3,31993600,3447.7,2820.9,3839.9,2896.0,3146.1,19,3,3146.0,4,2,3145.9,42,2,3145.8,38,1,3145.6,1,1,3146.2,214,3,3146.3,11,2,3146.4,45,2,3146.5,20,1,3146.7,68,2
2031,2026-06-16 13:27:17+05:30,3146.1,16,3131.94,2488904,126477.0,199451.0,3163.0,3163.0,3108.0,3134.3,31993600,3447.7,2820.9,3839.9,2896.0,3146.1,19,3,3146.0,4,2,3145.9,42,2,3145.8,38,1,3145.6,1,1,3146.2,214,3,3146.3,11,2,3146.4,45,2,3146.5,20,1,3146.7,68,2
2031,2026-06-16 13:27:17+05:30,3146.2,1,3131.94,2488941,126409.0,199548.0,3163.0,3163.0,3108.0,3134.3,31993600,3447.7,2820.9,3839.9,2896.0,3146.1,18,2,3146.0,4,2,3145.9,42,2,3145.8,38,1,3145.6,1,1,3146.2,238,4,3146.3,11,2,3146.4,38,1,3146.5,57,2,3146.7,119,3
2031,2026-06-16 13:27:18+05:30,3145.4,14,3131.94,2488941,126409.0,199548.0,3163.0,3163.0,3108.0,3134.3,31993600,3447.7,2820.9,3839.9,2896.0,3146.1,18,2,3146.0,4,2,3145.9,42,2,3145.8,38,1,3145.6,1,1,3146.2,238,4,3146.3,11,2,3146.4,38,1,3146.5,57,2,3146.7,119,3
2031,2026-06-16 13:27:18+05:30,3145.4,14,3131.94,2489137,123912.0,202067.0,3163.0,3163.0,3108.0,3134.3,31993600,3447.7,2820.9,3839.9,2896.0,3145.0,1,1,3144.6,15,1,3144.5,16,1,3144.3,22,2,3144.1,183,3,3145.4,149,1,3145.5,288,6,3145.6,54,3,3145.7,82,5,3145.8,154,6
2031,2026-06-16 13:27:19+05:30,3144.6,20,3131.94,2489182,123718.0,201988.0,3163.0,3163.0,3108.0,3134.3,31993600,3447.7,2820.9,3839.9,2896.0,3144.6,15,1,3144.5,16,1,3144.3,1,1,3144.1,5,1,3144.0,648,8,3144.8,144,1,3144.9,200,1,3145.4,67,2,3145.5,50,4,3145.6,150,5
2031,2026-06-16 13:27:19+05:30,3144.7,200,3131.94,2489182,123718.0,201988.0,3163.0,3163.0,3108.0,3134.3,31993600,3447.7,2820.9,3839.9,2896.0,3144.6,15,1,3144.5,16,1,3144.3,1,1,3144.1,5,1,3144.0,648,8,3144.8,144,1,3144.9,200,1,3145.4,67,2,3145.5,50,4,3145.6,150,5
2031,2026-06-16 13:27:19+05:30,3144.7,200,3131.94,2489182,123718.0,201988.0,3163.0,3163.0,3108.0,3134.3,31993600,3447.7,2820.9,3839.9,2896.0,3144.6,15,1,3144.5,16,1,3144.3,1,1,3144.1,5,1,3144.0,648,8,3144.8,144,1,3144.9,200,1,3145.4,67,2,3145.5,50,4,3145.6,150,5
2031,2026-06-16 13:27:20+05:30,3144.8,14,3131.94,2489607,124835.0,200889.0,3163.0,3163.0,3108.0,3134.3,31993600,3447.7,2820.9,3839.9,2896.0,3144.8,13,1,3144.7,68,6,3144.6,28,3,3144.5,80,7,3144.4,36,4,3145.4,29,1,3146.1,58,1,3146.3,249,4,3146.4,309,4,3146.5,23,2
2031,2026-06-16 13:27:20+05:30,3144.8,14,3131.94,2489607,124835.0,200889.0,3163.0,3163.0,3108.0,3134.3,31993600,3447.7,2820.9,3839.9,2896.0,3144.8,13,1,3144.7,68,6,3144.6,28,3,3144.5,80,7,3144.4,36,4,3145.4,29,1,3146.1,58,1,3146.3,249,4,3146.4,309,4,3146.5,23,2
2031,2026-06-16 13:27:21+05:30,3145.4,5,3131.94,2489632,124761.0,200911.0,3163.0,3163.0,3108.0,3134.3,31993600,3447.7,2820.9,3839.9,2896.0,3144.7,64,6,3144.6,28,3,3144.5,83,7,3144.4,9,2,3144.3,108,7,3145.4,25,2,3146.1,58,1,3146.2,200,1,3146.3,249,4,3146.4,108,3
2031,2026-06-16 13:27:21+05:30,3145.4,5,3131.94,2489632,124761.0,200911.0,3163.0,3163.0,3108.0,3134.3,31993600,3447.7,2820.9,3839.9,2896.0,3144.7,64,6,3144.6,28,3,3144.5,83,7,3144.4,9,2,3144.3,108,7,3145.4,25,2,3146.1,58,1,3146.2,200,1,3146.3,249,4,3146.4,108,3
2031,2026-06-16 13:27:21+05:30,3145.4,5,3131.94,2489632,124761.0,200911.0,3163.0,3163.0,3108.0,3134.3,31993600,3447.7,2820.9,3839.9,2896.0,3144.7,64,6,3144.6,28,3,3144.5,83,7,3144.4,9,2,3144.3,108,7,3145.4,25,2,3146.1,58,1,3146.2,200,1,3146.3,249,4,3146.4,108,3
2031,2026-06-16 13:27:22+05:30,3144.7,13,3131.94,2489673,124268.0,201002.0,3163.0,3163.0,3108.0,3134.3,31993600,3447.7,2820.9,3839.9,2896.0,3144.6,13,1,3144.5,52,6,3144.4,9,2,3144.3,24,4,3144.2,10,2,3144.8,200,1,3145.4,24,2,3146.0,35,2,3146.1,121,2,3146.2,220,2
2031,2026-06-16 13:27:22+05:30,3144.8,34,3131.94,2489673,124268.0,201002.0,3163.0,3163.0,3108.0,3134.3,31993600,3447.7,2820.9,3839.9,2896.0,3144.6,13,1,3144.5,52,6,3144.4,9,2,3144.3,24,4,3144.2,10,2,3144.8,200,1,3145.4,24,2,3146.0,35,2,3146.1,121,2,3146.2,220,2
2031,2026-06-16 13:27:23+05:30,3146.2,44,3131.95,2489972,125538.0,200146.0,3163.0,3163.0,3108.0,3134.3,31993600,3447.7,2820.9,3839.9,2896.0,3144.9,22,4,3144.8,120,7,3144.7,69,5,3144.6,92,8,3144.5,82,7,3146.2,156,1,3146.3,201,2,3146.5,200,1,3146.6,380,2,3146.7,88,2
2031,2026-06-16 13:27:23+05:30,3146.2,44,3131.95,2489972,125538.0,200146.0,3163.0,3163.0,3108.0,3134.3,31993600,3447.7,2820.9,3839.9,2896.0,3144.9,22,4,3144.8,120,7,3144.7,69,5,3144.6,92,8,3144.5,82,7,3146.2,156,1,3146.3,201,2,3146.5,200,1,3146.6,380,2,3146.7,88,2
2031,2026-06-16 13:27:23+05:30,3146.2,44,3131.95,2489972,125538.0,200146.0,3163.0,3163.0,3108.0,3134.3,31993600,3447.7,2820.9,3839.9,2896.0,3144.9,22,4,3144.8,120,7,3144.7,69,5,3144.6,92,8,3144.5,82,7,3146.2,156,1,3146.3,201,2,3146.5,200,1,3146.6,380,2,3146.7,88,2
2031,2026-06-16 13:27:24+05:30,3146.2,16,3131.95,2490009,125593.0,200411.0,3163.0,3163.0,3108.0,3134.3,31993600,3447.7,2820.9,3839.9,2896.0,3145.0,13,1,3144.9,28,4,3144.8,76,4,3144.7,58,5,3144.6,79,6,3146.0,100,1,3146.2,169,3,3146.3,201,2,3146.5,238,2,3146.6,401,3
2031,2026-06-16 13:27:24+05:30,3144.9,6,3131.95,2490009,125593.0,200411.0,3163.0,3163.0,3108.0,3134.3,31993600,3447.7,2820.9,3839.9,2896.0,3145.0,13,1,3144.9,28,4,3144.8,76,4,3144.7,58,5,3144.6,79,6,3146.0,100,1,3146.2,169,3,3146.3,201,2,3146.5,238,2,3146.6,401,3
2031,2026-06-16 13:27:25+05:30,3144.9,6,3131.95,2490029,125224.0,200906.0,3163.0,3163.0,3108.0,3134.3,31993600,3447.7,2820.9,3839.9,2896.0,3144.9,16,1,3144.7,1,1,3144.6,9,3,3144.5,22,2,3144.4,29,2,3146.0,165,5,3146.1,304,4,3146.2,331,4,3146.3,84,3,3146.4,518,6
2031,2026-06-16 13:27:25+05:30,3144.9,6,3131.95,2490029,125224.0,200906.0,3163.0,3163.0,3108.0,3134.3,31993600,3447.7,2820.9,3839.9,2896.0,3144.9,16,1,3144.7,1,1,3144.6,9,3,3144.5,22,2,3144.4,29,2,3146.0,165,5,3146.1,304,4,3146.2,331,4,3146.3,84,3,3146.4,518,6
2031,2026-06-16 13:27:26+05:30,3144.9,1,3131.95,2490263,125089.0,200291.0,3163.0,3163.0,3108.0,3134.3,31993600,3447.7,2820.9,3839.9,2896.0,3144.9,21,2,3144.8,44,4,3144.7,37,4,3144.6,42,4,3144.5,14,4,3146.0,134,4,3146.1,274,4,3146.2,238,2,3146.3,1,1,3146.4,561,6
2031,2026-06-16 13:27:26+05:30,3144.9,1,3131.95,2490263,125089.0,200291.0,3163.0,3163.0,3108.0,3134.3,31993600,3447.7,2820.9,3839.9,2896.0,3144.9,21,2,3144.8,44,4,3144.7,37,4,3144.6,42,4,3144.5,14,4,3146.0,134,4,3146.1,274,4,3146.2,238,2,3146.3,1,1,3146.4,561,6
2031,2026-06-16 13:27:26+05:30,3144.9,1,3131.95,2490263,125089.0,200291.0,3163.0,3163.0,3108.0,3134.3,31993600,3447.7,2820.9,3839.9,2896.0,3144.9,21,2,3144.8,44,4,3144.7,37,4,3144.6,42,4,3144.5,14,4,3146.0,134,4,3146.1,274,4,3146.2,238,2,3146.3,1,1,3146.4,561,6
2031,2026-06-16 13:27:27+05:30,3146.0,17,3131.95,2490280,124875.0,200301.0,3163.0,3163.0,3108.0,3134.3,31993600,3447.7,2820.9,3839.9,2896.0,3144.8,6,1,3144.7,48,4,3144.6,7,1,3144.5,34,4,3144.4,48,3,3146.0,261,7,3146.1,228,3,3146.2,238,2,3146.3,1,1,3146.4,576,6
2031,2026-06-16 13:27:27+05:30,3147.0,8,3131.95,2490280,124875.0,200301.0,3163.0,3163.0,3108.0,3134.3,31993600,3447.7,2820.9,3839.9,2896.0,3144.8,6,1,3144.7,48,4,3144.6,7,1,3144.5,34,4,3144.4,48,3,3146.0,261,7,3146.1,228,3,3146.2,238,2,3146.3,1,1,3146.4,576,6
2031,2026-06-16 13:27:27+05:30,3147.0,8,3131.95,2490280,124875.0,200301.0,3163.0,3163.0,3108.0,3134.3,31993600,3447.7,2820.9,3839.9,2896.0,3144.8,6,1,3144.7,48,4,3144.6,7,1,3144.5,34,4,3144.4,48,3,3146.0,261,7,3146.1,228,3,3146.2,238,2,3146.3,1,1,3146.4,576,6
2031,2026-06-16 13:27:28+05:30,3146.8,1,3131.96,2492782,127167.0,197109.0,3163.0,3163.0,3108.0,3134.3,31993600,3447.7,2820.9,3839.9,2896.0,3145.7,41,2,3145.6,111,5,3145.5,82,6,3145.4,64,2,3145.3,190,6,3146.8,11,1,3146.9,13,1,3147.1,23,2,3147.2,38,1,3147.3,15,1
2031,2026-06-16 13:27:28+05:30,3146.8,1,3131.96,2492782,127167.0,197109.0,3163.0,3163.0,3108.0,3134.3,31993600,3447.7,2820.9,3839.9,2896.0,3145.7,41,2,3145.6,111,5,3145.5,82,6,3145.4,64,2,3145.3,190,6,3146.8,11,1,3146.9,13,1,3147.1,23,2,3147.2,38,1,3147.3,15,1
2031,2026-06-16 13:27:28+05:30,3146.8,1,3131.96,2492782,127167.0,197109.0,3163.0,3163.0,3108.0,3134.3,31993600,3447.7,2820.9,3839.9,2896.0,3145.7,41,2,3145.6,111,5,3145.5,82,6,3145.4,64,2,3145.3,190,6,3146.8,11,1,3146.9,13,1,3147.1,23,2,3147.2,38,1,3147.3,15,1
2031,2026-06-16 13:27:29+05:30,3147.4,5,3131.96,2492806,127626.0,196395.0,3163.0,3163.0,3108.0,3134.3,31993600,3447.7,2820.9,3839.9,2896.0,3146.1,172,6,3146.0,96,7,3145.9,86,3,3145.8,112,3,3145.7,449,6,3147.6,31,2,3147.8,53,2,3147.9,332,4,3148.0,273,5,3148.1,78,1
2031,2026-06-16 13:27:29+05:30,3147.4,5,3131.96,2492806,127626.0,196395.0,3163.0,3163.0,3108.0,3134.3,31993600,3447.7,2820.9,3839.9,2896.0,3146.1,172,6,3146.0,96,7,3145.9,86,3,3145.8,112,3,3145.7,449,6,3147.6,31,2,3147.8,53,2,3147.9,332,4,3148.0,273,5,3148.1,78,1
2031,2026-06-16 13:27:29+05:30,3147.4,5,3131.96,2492806,127626.0,196395.0,3163.0,3163.0,3108.0,3134.3,31993600,3447.7,2820.9,3839.9,2896.0,3146.1,172,6,3146.0,96,7,3145.9,86,3,3145.8,112,3,3145.7,449,6,3147.6,31,2,3147.8,53,2,3147.9,332,4,3148.0,273,5,3148.1,78,1
2031,2026-06-16 13:27:29+05:30,3147.4,5,3131.96,2492806,127626.0,196395.0,3163.0,3163.0,3108.0,3134.3,31993600,3447.7,2820.9,3839.9,2896.0,3146.1,172,6,3146.0,96,7,3145.9,86,3,3145.8,112,3,3145.7,449,6,3147.6,31,2,3147.8,53,2,3147.9,332,4,3148.0,273,5,3148.1,78,1
2031,2026-06-16 13:27:30+05:30,3147.4,5,3131.96,2492806,128364.0,196229.0,3163.0,3163.0,3108.0,3134.3,31993600,3447.7,2820.9,3839.9,2896.0,3146.4,46,1,3146.3,41,3,3146.2,83,4,3146.1,68,2,3146.0,65,6,3147.6,35,3,3147.8,453,4,3147.9,74,2,3148.0,164,6,3148.1,78,1
2031,2026-06-16 13:27:30+05:30,3147.4,5,3131.96,2492806,128364.0,196229.0,3163.0,3163.0,3108.0,3134.3,31993600,3447.7,2820.9,3839.9,2896.0,3146.4,46,1,3146.3,41,3,3146.2,83,4,3146.1,68,2,3146.0,65,6,3147.6,35,3,3147.8,453,4,3147.9,74,2,3148.0,164,6,3148.1,78,1
2031,2026-06-16 13:27:31+05:30,3147.0,1,3131.96,2492810,128478.0,195722.0,3163.0,3163.0,3108.0,3134.3,31993600,3447.7,2820.9,3839.9,2896.0,3146.8,17,3,3146.7,29,3,3146.6,2,1,3146.5,56,4,3146.4,193,5,3147.0,46,1,3147.6,22,2,3148.0,15,2,3148.2,117,3,3148.3,535,4
2031,2026-06-16 13:27:31+05:30,3147.0,1,3131.96,2492810,128478.0,195722.0,3163.0,3163.0,3108.0,3134.3,31993600,3447.7,2820.9,3839.9,2896.0,3146.8,17,3,3146.7,29,3,3146.6,2,1,3146.5,56,4,3146.4,193,5,3147.0,46,1,3147.6,22,2,3148.0,15,2,3148.2,117,3,3148.3,535,4
2031,2026-06-16 13:27:31+05:30,3147.0,1,3131.96,2492810,128478.0,195722.0,3163.0,3163.0,3108.0,3134.3,31993600,3447.7,2820.9,3839.9,2896.0,3146.8,17,3,3146.7,29,3,3146.6,2,1,3146.5,56,4,3146.4,193,5,3147.0,46,1,3147.6,22,2,3148.0,15,2,3148.2,117,3,3148.3,535,4
2031,2026-06-16 13:27:32+05:30,3147.6,3,3131.96,2493206,128179.0,195595.0,3163.0,3163.0,3108.0,3134.3,31993600,3447.7,2820.9,3839.9,2896.0,3146.8,1,1,3146.4,140,4,3146.3,42,1,3146.2,10,3,3146.1,27,2,3147.0,25,1,3147.5,56,2,3147.6,52,2,3147.8,120,3,3147.9,38,1
2031,2026-06-16 13:27:32+05:30,3147.6,3,3131.96,2493206,128179.0,195595.0,3163.0,3163.0,3108.0,3134.3,31993600,3447.7,2820.9,3839.9,2896.0,3146.8,1,1,3146.4,140,4,3146.3,42,1,3146.2,10,3,3146.1,27,2,3147.0,25,1,3147.5,56,2,3147.6,52,2,3147.8,120,3,3147.9,38,1
2031,2026-06-16 13:27:32+05:30,3147.6,3,3131.96,2493206,128179.0,195595.0,3163.0,3163.0,3108.0,3134.3,31993600,3447.7,2820.9,3839.9,2896.0,3146.8,1,1,3146.4,140,4,3146.3,42,1,3146.2,10,3,3146.1,27,2,3147.0,25,1,3147.5,56,2,3147.6,52,2,3147.8,120,3,3147.9,38,1
2031,2026-06-16 13:27:33+05:30,3146.8,17,3131.97,2493360,127751.0,196931.0,3163.0,3163.0,3108.0,3134.3,31993600,3447.7,2820.9,3839.9,2896.0,3146.5,17,1,3146.4,123,2,3146.1,5,1,3146.0,81,4,3145.7,79,2,3146.8,183,1,3147.0,63,2,3147.1,1,1,3147.2,10,2,3147.3,38,1
2031,2026-06-16 13:27:33+05:30,3146.8,17,3131.97,2493360,127751.0,196931.0,3163.0,3163.0,3108.0,3134.3,31993600,3447.7,2820.9,3839.9,2896.0,3146.5,17,1,3146.4,123,2,3146.1,5,1,3146.0,81,4,3145.7,79,2,3146.8,183,1,3147.0,63,2,3147.1,1,1,3147.2,10,2,3147.3,38,1
2031,2026-06-16 13:27:33+05:30,3146.8,17,3131.97,2493360,127751.0,196931.0,3163.0,3163.0,3108.0,3134.3,31993600,3447.7,2820.9,3839.9,2896.0,3146.5,17,1,3146.4,123,2,3146.1,5,1,3146.0,81,4,3145.7,79,2,3146.8,183,1,3147.0,63,2,3147.1,1,1,3147.2,10,2,3147.3,38,1
2031,2026-06-16 13:27:34+05:30,3146.8,15,3131.97,2493526,128070.0,196862.0,3163.0,3163.0,3108.0,3134.3,31993600,3447.7,2820.9,3839.9,2896.0,3146.4,123,2,3146.2,14,2,3146.1,34,4,3146.0,62,2,3145.8,3,1,3146.8,42,2,3147.1,1,1,3147.2,3,1,3147.3,38,1,3147.5,18,1
2031,2026-06-16 13:27:34+05:30,3146.8,15,3131.97,2493526,128070.0,196862.0,3163.0,3163.0,3108.0,3134.3,31993600,3447.7,2820.9,3839.9,2896.0,3146.4,123,2,3146.2,14,2,3146.1,34,4,3146.0,62,2,3145.8,3,1,3146.8,42,2,3147.1,1,1,3147.2,3,1,3147.3,38,1,3147.5,18,1
2031,2026-06-16 13:27:34+05:30,3146.8,15,3131.97,2493526,128070.0,196862.0,3163.0,3163.0,3108.0,3134.3,31991400,3447.7,2820.9,3839.9,2896.0,3146.4,123,2,3146.2,14,2,3146.1,34,4,3146.0,62,2,3145.8,3,1,3146.8,42,2,3147.1,1,1,3147.2,3,1,3147.3,38,1,3147.5,18,1
2031,2026-06-16 13:27:35+05:30,3146.8,1,3131.97,2493528,128147.0,196858.0,3163.0,3163.0,3108.0,3134.3,31991400,3447.7,2820.9,3839.9,2896.0,3146.4,140,3,3146.2,14,2,3146.1,19,3,3146.0,62,2,3145.8,3,1,3146.8,40,2,3147.1,1,1,3147.2,3,1,3147.3,38,1,3147.5,18,1
2031,2026-06-16 13:27:35+05:30,3146.8,1,3131.97,2493528,128147.0,196858.0,3163.0,3163.0,3108.0,3134.3,31991400,3447.7,2820.9,3839.9,2896.0,3146.4,140,3,3146.2,14,2,3146.1,19,3,3146.0,62,2,3145.8,3,1,3146.8,40,2,3147.1,1,1,3147.2,3,1,3147.3,38,1,3147.5,18,1
2031,2026-06-16 13:27:36+05:30,3146.4,18,3131.97,2493548,127773.0,196885.0,3163.0,3163.0,3108.0,3134.3,31991400,3447.7,2820.9,3839.9,2896.0,3146.4,104,2,3146.2,14,2,3146.1,36,4,3146.0,62,2,3145.8,3,1,3146.8,40,2,3147.2,3,1,3147.3,38,1,3147.5,18,1,3147.6,100,3
2031,2026-06-16 13:27:36+05:30,3146.4,18,3131.97,2493548,127773.0,196885.0,3163.0,3163.0,3108.0,3134.3,31991400,3447.7,2820.9,3839.9,2896.0,3146.4,104,2,3146.2,14,2,3146.1,36,4,3146.0,62,2,3145.8,3,1,3146.8,40,2,3147.2,3,1,3147.3,38,1,3147.5,18,1,3147.6,100,3
2031,2026-06-16 13:27:37+05:30,3147.5,7,3131.97,2493595,127894.0,197238.0,3163.0,3163.0,3108.0,3134.3,31991400,3447.7,2820.9,3839.9,2896.0,3146.5,17,1,3146.4,104,2,3146.2,16,3,3146.1,17,2,3146.0,62,2,3146.8,34,1,3147.5,11,1,3147.6,135,4,3147.7,200,1,3147.8,267,3
2031,2026-06-16 13:27:37+05:30,3147.5,7,3131.97,2493595,127894.0,197238.0,3163.0,3163.0,3108.0,3134.3,31991400,3447.7,2820.9,3839.9,2896.0,3146.5,17,1,3146.4,104,2,3146.2,16,3,3146.1,17,2,3146.0,62,2,3146.8,34,1,3147.5,11,1,3147.6,135,4,3147.7,200,1,3147.8,267,3
2031,2026-06-16 13:27:38+05:30,3147.5,7,3131.97,2493595,127892.0,197219.0,3163.0,3163.0,3108.0,3134.3,31991400,3447.7,2820.9,3839.9,2896.0,3146.7,15,1,3146.4,104,2,3146.2,16,3,3146.1,17,2,3146.0,62,2,3146.8,34,1,3147.5,11,1,3147.6,137,5,3147.7,200,1,3147.8,325,4
2031,2026-06-16 13:27:39+05:30,3146.9,1,3131.97,2493595,127892.0,197219.0,3163.0,3163.0,3108.0,3134.3,31991400,3447.7,2820.9,3839.9,2896.0,3146.7,15,1,3146.4,104,2,3146.2,16,3,3146.1,17,2,3146.0,62,2,3146.8,34,1,3147.5,11,1,3147.6,137,5,3147.7,200,1,3147.8,325,4
2031,2026-06-16 13:27:39+05:30,3146.7,8,3131.97,2493714,127180.0,197053.0,3163.0,3163.0,3108.0,3134.3,31991400,3447.7,2820.9,3839.9,2896.0,3146.5,17,1,3146.4,104,2,3146.0,4,1,3145.9,22,1,3145.7,21,1,3146.8,51,4,3146.9,100,5,3147.0,54,3,3147.1,43,2,3147.3,93,3
2031,2026-06-16 13:27:40+05:30,3146.8,1,3131.97,2493714,127180.0,197053.0,3163.0,3163.0,3108.0,3134.3,31991400,3447.7,2820.9,3839.9,2896.0,3146.5,17,1,3146.4,104,2,3146.0,4,1,3145.9,22,1,3145.7,21,1,3146.8,51,4,3146.9,100,5,3147.0,54,3,3147.1,43,2,3147.3,93,3
2031,2026-06-16 13:27:40+05:30,3146.7,29,3131.97,2493888,126983.0,197782.0,3163.0,3163.0,3108.0,3134.3,31991400,3447.7,2820.9,3839.9,2896.0,3146.4,118,2,3146.0,4,1,3145.7,21,1,3145.6,7,1,3145.5,21,1,3146.7,17,1,3146.8,39,2,3146.9,33,3,3147.0,85,5,3147.1,23,2
2031,2026-06-16 13:27:41+05:30,3146.8,1,3131.97,2493888,126983.0,197782.0,3163.0,3163.0,3108.0,3134.3,31991400,3447.7,2820.9,3839.9,2896.0,3146.4,118,2,3146.0,4,1,3145.7,21,1,3145.6,7,1,3145.5,21,1,3146.7,17,1,3146.8,39,2,3146.9,33,3,3147.0,85,5,3147.1,23,2
2031,2026-06-16 13:27:41+05:30,3146.9,7,3131.97,2493942,127330.0,197636.0,3163.0,3163.0,3108.0,3134.3,31991400,3447.7,2820.9,3839.9,2896.0,3146.4,117,2,3146.0,4,1,3145.9,3,1,3145.8,28,2,3145.7,21,1,3147.0,39,3,3147.1,3,1,3147.2,4,1,3147.3,43,3,3147.4,204,2
2031,2026-06-16 13:27:42+05:30,3146.9,7,3131.97,2493942,127330.0,197636.0,3163.0,3163.0,3108.0,3134.3,31991400,3447.7,2820.9,3839.9,2896.0,3146.4,117,2,3146.0,4,1,3145.9,3,1,3145.8,28,2,3145.7,21,1,3147.0,39,3,3147.1,3,1,3147.2,4,1,3147.3,43,3,3147.4,204,2
2031,2026-06-16 13:27:42+05:30,3146.9,7,3131.97,2493942,127373.0,197658.0,3163.0,3163.0,3108.0,3134.3,31991400,3447.7,2820.9,3839.9,2896.0,3146.4,117,2,3146.0,4,1,3145.9,3,1,3145.8,21,1,3145.7,21,1,3147.0,63,4,3147.1,3,1,3147.2,204,2,3147.3,378,7,3147.4,44,2
2031,2026-06-16 13:27:43+05:30,3146.4,14,3131.97,2493942,127373.0,197658.0,3163.0,3163.0,3108.0,3134.3,31991400,3447.7,2820.9,3839.9,2896.0,3146.4,117,2,3146.0,4,1,3145.9,3,1,3145.8,21,1,3145.7,21,1,3147.0,63,4,3147.1,3,1,3147.2,204,2,3147.3,378,7,3147.4,44,2
2031,2026-06-16 13:27:43+05:30,3144.9,50,3131.97,2494389,124977.0,199541.0,3163.0,3163.0,3108.0,3134.3,31991400,3447.7,2820.9,3839.9,2896.0,3145.1,13,1,3145.0,28,2,3144.9,34,2,3144.8,25,2,3144.7,71,3,3146.3,274,5,3146.4,201,2,3146.6,10,2,3146.7,104,3,3146.8,27,3
2031,2026-06-16 13:27:44+05:30,3146.2,1,3131.97,2494389,124977.0,199541.0,3163.0,3163.0,3108.0,3134.3,31991400,3447.7,2820.9,3839.9,2896.0,3145.1,13,1,3145.0,28,2,3144.9,34,2,3144.8,25,2,3144.7,71,3,3146.3,274,5,3146.4,201,2,3146.6,10,2,3146.7,104,3,3146.8,27,3
2031,2026-06-16 13:27:44+05:30,3146.2,5,3131.97,2494395,125251.0,199675.0,3163.0,3163.0,3108.0,3134.3,31991400,3447.7,2820.9,3839.9,2896.0,3145.1,13,1,3145.0,60,4,3144.9,68,3,3144.7,71,3,3144.6,25,3,3146.2,220,3,3146.3,333,7,3146.4,1,1,3146.6,3,1,3146.7,104,3
2031,2026-06-16 13:27:45+05:30,3146.2,5,3131.97,2494395,125251.0,199675.0,3163.0,3163.0,3108.0,3134.3,31991400,3447.7,2820.9,3839.9,2896.0,3145.1,13,1,3145.0,60,4,3144.9,68,3,3144.7,71,3,3144.6,25,3,3146.2,220,3,3146.3,333,7,3146.4,1,1,3146.6,3,1,3146.7,104,3
2031,2026-06-16 13:27:45+05:30,3145.0,2,3131.97,2494400,122937.0,199778.0,3163.0,3163.0,3108.0,3134.3,31991400,3447.7,2820.9,3839.9,2896.0,3144.9,20,4,3144.7,42,3,3144.6,30,3,3144.5,27,1,3144.4,69,2,3145.0,189,1,3145.1,200,1,3146.1,31,2,3146.2,148,5,3146.3,289,6
2031,2026-06-16 13:27:46+05:30,3145.3,1,3131.97,2494400,122937.0,199778.0,3163.0,3163.0,3108.0,3134.3,31991400,3447.7,2820.9,3839.9,2896.0,3144.9,20,4,3144.7,42,3,3144.6,30,3,3144.5,27,1,3144.4,69,2,3145.0,189,1,3145.1,200,1,3146.1,31,2,3146.2,148,5,3146.3,289,6
2031,2026-06-16 13:27:46+05:30,3145.3,1,3131.97,2494848,125502.0,199490.0,3163.0,3163.0,3108.0,3134.3,31991400,3447.7,2820.9,3839.9,2896.0,3145.3,59,6,3145.2,71,4,3145.1,86,9,3145.0,101,4,3144.9,130,10,3146.3,185,1,3146.7,44,1,3146.8,58,1,3146.9,226,2,3147.0,297,5
2031,2026-06-16 13:27:47+05:30,3146.3,1,3131.97,2494849,125495.0,199557.0,3163.0,3163.0,3108.0,3134.3,31991400,3447.7,2820.9,3839.9,2896.0,3145.3,54,5,3145.2,39,3,3145.1,86,9,3145.0,135,5,3144.9,130,10,3146.3,184,1,3146.7,44,1,3146.8,258,2,3146.9,226,2,3147.0,97,4
2031,2026-06-16 13:27:48+05:30,3146.3,43,3131.97,2494849,125495.0,199557.0,3163.0,3163.0,3108.0,3134.3,31991400,3447.7,2820.9,3839.9,2896.0,3145.3,54,5,3145.2,39,3,3145.1,86,9,3145.0,135,5,3144.9,130,10,3146.3,184,1,3146.7,44,1,3146.8,258,2,3146.9,226,2,3147.0,97,4
2031,2026-06-16 13:27:48+05:30,3146.3,43,3131.97,2494892,125433.0,199320.0,3163.0,3163.0,3108.0,3134.3,31991400,3447.7,2820.9,3839.9,2896.0,3145.4,29,2,3145.3,49,4,3145.2,161,10,3145.1,86,8,3145.0,57,3,3145.8,1,1,3146.3,141,1,3146.8,258,2,3146.9,226,2,3147.0,135,5
2031,2026-06-16 13:27:49+05:30,3145.8,1,3131.97,2494892,125433.0,199320.0,3163.0,3163.0,3108.0,3134.3,31991400,3447.7,2820.9,3839.9,2896.0,3145.4,29,2,3145.3,49,4,3145.2,161,10,3145.1,86,8,3145.0,57,3,3145.8,1,1,3146.3,141,1,3146.8,258,2,3146.9,226,2,3147.0,135,5
2031,2026-06-16 13:27:49+05:30,3145.8,1,3131.97,2494893,125457.0,199317.0,3163.0,3163.0,3108.0,3134.3,31991400,3447.7,2820.9,3839.9,2896.0,3145.4,29,2,3145.3,49,4,3145.2,79,7,3145.1,86,8,3145.0,57,3,3145.8,1,1,3146.3,141,1,3146.8,258,2,3146.9,226,2,3147.0,97,4
2031,2026-06-16 13:27:50+05:30,3145.4,1,3131.97,2494894,125459.0,199485.0,3163.0,3163.0,3108.0,3134.3,31991400,3447.7,2820.9,3839.9,2896.0,3145.4,43,3,3145.3,45,3,3145.2,40,4,3145.1,69,7,3145.0,57,3,3145.8,71,3,3146.3,141,1,3146.8,280,3,3146.9,269,4,3147.0,97,4
2031,2026-06-16 13:27:51+05:30,3145.4,1,3131.97,2494894,125459.0,199485.0,3163.0,3163.0,3108.0,3134.3,31991400,3447.7,2820.9,3839.9,2896.0,3145.4,43,3,3145.3,45,3,3145.2,40,4,3145.1,69,7,3145.0,57,3,3145.8,71,3,3146.3,141,1,3146.8,280,3,3146.9,269,4,3147.0,97,4
2031,2026-06-16 13:27:51+05:30,3145.4,1,3131.97,2494894,125459.0,199469.0,3163.0,3163.0,3108.0,3134.3,31991400,3447.7,2820.9,3839.9,2896.0,3145.4,43,3,3145.3,45,3,3145.2,40,4,3145.1,69,7,3145.0,57,3,3145.8,71,3,3146.3,141,1,3146.8,280,3,3146.9,264,3,3147.0,97,4
2031,2026-06-16 13:27:52+05:30,3145.4,1,3131.97,2494894,125644.0,199942.0,3163.0,3163.0,3108.0,3134.3,31991400,3447.7,2820.9,3839.9,2896.0,3145.6,17,1,3145.4,30,3,3145.3,45,3,3145.2,27,3,3145.1,83,7,3145.8,113,5,3146.3,141,1,3146.8,280,3,3146.9,264,3,3147.0,97,4
2031,2026-06-16 13:27:53+05:30,3145.8,18,3131.97,2494894,125644.0,199942.0,3163.0,3163.0,3108.0,3134.3,31991400,3447.7,2820.9,3839.9,2896.0,3145.6,17,1,3145.4,30,3,3145.3,45,3,3145.2,27,3,3145.1,83,7,3145.8,113,5,3146.3,141,1,3146.8,280,3,3146.9,264,3,3147.0,97,4
2031,2026-06-16 13:27:53+05:30,3145.8,18,3131.98,2495064,125484.0,199643.0,3163.0,3163.0,3108.0,3134.3,31991400,3447.7,2820.9,3839.9,2896.0,3145.5,41,3,3145.4,55,5,3145.3,23,1,3145.2,31,2,3145.1,56,7,3145.8,17,1,3146.3,141,1,3146.7,200,1,3146.8,256,3,3146.9,26,1
2031,2026-06-16 13:27:54+05:30,3145.8,1,3131.98,2495064,125484.0,199643.0,3163.0,3163.0,3108.0,3134.3,31991400,3447.7,2820.9,3839.9,2896.0,3145.5,41,3,3145.4,55,5,3145.3,23,1,3145.2,31,2,3145.1,56,7,3145.8,17,1,3146.3,141,1,3146.7,200,1,3146.8,256,3,3146.9,26,1
2031,2026-06-16 13:27:54+05:30,3145.8,1,3131.98,2495076,125446.0,200029.0,3163.0,3163.0,3108.0,3134.3,31991400,3447.7,2820.9,3839.9,2896.0,3145.5,39,2,3145.4,17,2,3145.3,23,1,3145.2,20,1,3145.1,44,5,3145.8,5,1,3146.3,141,1,3146.4,200,1,3146.5,200,1,3146.7,200,1
2031,2026-06-16 13:27:55+05:30,3145.8,1,3131.98,2495076,125446.0,200029.0,3163.0,3163.0,3108.0,3134.3,31991400,3447.7,2820.9,3839.9,2896.0,3145.5,39,2,3145.4,17,2,3145.3,23,1,3145.2,20,1,3145.1,44,5,3145.8,5,1,3146.3,141,1,3146.4,200,1,3146.5,200,1,3146.7,200,1
2031,2026-06-16 13:27:55+05:30,3146.3,1,3131.98,2495104,125681.0,199858.0,3163.0,3163.0,3108.0,3134.3,31991400,3447.7,2820.9,3839.9,2896.0,3145.5,39,2,3145.4,36,3,3145.3,23,1,3145.1,46,6,3145.0,94,3,3146.3,129,1,3146.6,200,1,3146.7,277,3,3146.8,58,1,3146.9,226,2
2031,2026-06-16 13:27:56+05:30,3146.3,1,3131.98,2495104,125681.0,199858.0,3163.0,3163.0,3108.0,3134.3,31991400,3447.7,2820.9,3839.9,2896.0,3145.5,39,2,3145.4,36,3,3145.3,23,1,3145.1,46,6,3145.0,94,3,3146.3,129,1,3146.6,200,1,3146.7,277,3,3146.8,58,1,3146.9,226,2
2031,2026-06-16 13:27:56+05:30,3146.3,1,3131.98,2495104,125760.0,199867.0,3163.0,3163.0,3108.0,3134.3,31991400,3447.7,2820.9,3839.9,2896.0,3145.5,79,3,3145.4,36,3,3145.3,23,1,3145.1,46,6,3145.0,94,3,3146.3,129,1,3146.6,200,1,3146.7,277,3,3146.8,58,1,3146.9,226,2
2031,2026-06-16 13:27:57+05:30,3146.3,1,3131.98,2495104,125762.0,199724.0,3163.0,3163.0,3108.0,3134.3,31991400,3447.7,2820.9,3839.9,2896.0,3145.5,79,3,3145.4,37,4,3145.3,23,1,3145.1,46,6,3145.0,94,3,3146.3,129,1,3146.6,200,1,3146.7,277,3,3146.8,58,1,3146.9,226,2
2031,2026-06-16 13:27:58+05:30,3146.3,1,3131.98,2495104,125660.0,199739.0,3163.0,3163.0,3108.0,3134.3,31991400,3447.7,2820.9,3839.9,2896.0,3145.5,79,3,3145.4,37,4,3145.3,23,1,3145.1,89,7,3145.0,51,2,3146.3,155,2,3146.6,200,1,3146.7,277,3,3146.8,58,1,3146.9,226,2
2031,2026-06-16 13:27:59+05:30,3145.5,10,3131.98,2495114,125575.0,199705.0,3163.0,3163.0,3108.0,3134.3,31991400,3447.7,2820.9,3839.9,2896.0,3145.5,46,2,3145.4,18,3,3145.3,20,1,3145.1,32,4,3145.0,53,3,3145.8,1,1,3146.3,155,2,3146.5,200,1,3146.6,253,2,3146.7,115,3
2031,2026-06-16 13:28:00+05:30,3145.5,1,3131.98,2495114,125575.0,199705.0,3163.0,3163.0,3108.0,3134.3,31991400,3447.7,2820.9,3839.9,2896.0,3145.5,46,2,3145.4,18,3,3145.3,20,1,3145.1,32,4,3145.0,53,3,3145.8,1,1,3146.3,155,2,3146.5,200,1,3146.6,253,2,3146.7,115,3
2031,2026-06-16 13:28:00+05:30,3145.8,1,3131.98,2495118,126077.0,199700.0,3163.0,3163.0,3108.0,3134.3,31991400,3447.7,2820.9,3839.9,2896.0,3145.9,1,1,3145.8,15,1,3145.7,3,3,3145.5,44,2,3145.4,18,3,3146.3,155,2,3146.7,272,3,3146.8,258,2,3146.9,284,3,3147.0,500,5
2031,2026-06-16 13:28:01+05:30,3145.8,1,3131.98,2495118,126077.0,199700.0,3163.0,3163.0,3108.0,3134.3,31991400,3447.7,2820.9,3839.9,2896.0,3145.9,1,1,3145.8,15,1,3145.7,3,3,3145.5,44,2,3145.4,18,3,3146.3,155,2,3146.7,272,3,3146.8,258,2,3146.9,284,3,3147.0,500,5
2031,2026-06-16 13:28:01+05:30,3146.1,31,3131.98,2495296,125378.0,200105.0,3163.0,3163.0,3108.0,3134.3,31991400,3447.7,2820.9,3839.9,2896.0,3145.9,1,1,3145.7,13,4,3145.5,22,2,3145.4,16,2,3145.1,23,2,3146.2,239,3,3146.3,671,8,3146.4,269,4,3146.5,432,4,3146.6,72,2
2031,2026-06-16 13:28:02+05:30,3145.9,1,3131.98,2495296,125378.0,200105.0,3163.0,3163.0,3108.0,3134.3,31991400,3447.7,2820.9,3839.9,2896.0,3145.9,1,1,3145.7,13,4,3145.5,22,2,3145.4,16,2,3145.1,23,2,3146.2,239,3,3146.3,671,8,3146.4,269,4,3146.5,432,4,3146.6,72,2
2031,2026-06-16 13:28:02+05:30,3146.1,9,3131.98,2495319,125256.0,200462.0,3163.0,3163.0,3108.0,3134.3,31991400,3447.7,2820.9,3839.9,2896.0,3145.7,28,5,3145.5,5,1,3145.4,16,2,3144.9,30,2,3144.7,24,2,3146.1,65,4,3146.2,255,4,3146.3,645,7,3146.4,351,5,3146.5,432,4
2031,2026-06-16 13:28:03+05:30,3146.1,9,3131.98,2495319,125256.0,200462.0,3163.0,3163.0,3108.0,3134.3,31991400,3447.7,2820.9,3839.9,2896.0,3145.7,28,5,3145.5,5,1,3145.4,16,2,3144.9,30,2,3144.7,24,2,3146.1,65,4,3146.2,255,4,3146.3,645,7,3146.4,351,5,3146.5,432,4
2031,2026-06-16 13:28:03+05:30,3146.1,9,3131.98,2495319,125384.0,200412.0,3163.0,3163.0,3108.0,3134.3,31991400,3447.7,2820.9,3839.9,2896.0,3145.7,28,5,3145.5,5,1,3145.4,16,2,3144.9,30,2,3144.7,24,2,3146.1,66,4,3146.2,242,3,3146.3,645,7,3146.4,327,4,3146.5,403,3
2031,2026-06-16 13:28:04+05:30,3146.1,9,3131.98,2495319,125346.0,200437.0,3163.0,3163.0,3108.0,3134.3,31991400,3447.7,2820.9,3839.9,2896.0,3145.7,18,4,3145.5,5,1,3145.4,16,2,3144.9,30,2,3144.7,24,2,3145.9,62,4,3146.0,258,4,3146.1,296,5,3146.2,216,2,3146.3,845,8
2031,2026-06-16 13:28:05+05:30,3145.9,1,3131.98,2495319,125346.0,200437.0,3163.0,3163.0,3108.0,3134.3,31991400,3447.7,2820.9,3839.9,2896.0,3145.7,18,4,3145.5,5,1,3145.4,16,2,3144.9,30,2,3144.7,24,2,3145.9,62,4,3146.0,258,4,3146.1,296,5,3146.2,216,2,3146.3,845,8
2031,2026-06-16 13:28:05+05:30,3144.6,37,3131.98,2496199,124108.0,200693.0,3163.0,3163.0,3108.0,3134.3,31991400,3447.7,2820.9,3839.9,2896.0,3144.7,31,3,3144.6,88,4,3144.5,2,1,3144.4,61,3,3144.3,41,2,3145.9,26,1,3146.0,200,1,3146.1,263,3,3146.3,820,5,3146.4,273,3
2031,2026-06-16 13:28:06+05:30,3144.6,37,3131.98,2496199,124108.0,200693.0,3163.0,3163.0,3108.0,3134.3,31991400,3447.7,2820.9,3839.9,2896.0,3144.7,31,3,3144.6,88,4,3144.5,2,1,3144.4,61,3,3144.3,41,2,3145.9,26,1,3146.0,200,1,3146.1,263,3,3146.3,820,5,3146.4,273,3
2031,2026-06-16 13:28:06+05:30,3144.9,1,3131.98,2496384,124576.0,201037.0,3163.0,3163.0,3108.0,3134.3,31991400,3447.7,2820.9,3839.9,2896.0,3144.7,26,3,3144.6,30,3,3144.4,24,2,3144.3,45,3,3144.2,127,5,3144.9,115,1,3145.9,200,1,3146.0,266,3,3146.1,63,2,3146.2,220,2
2031,2026-06-16 13:28:07+05:30,3144.9,26,3131.98,2496384,124576.0,201037.0,3163.0,3163.0,3108.0,3134.3,31991400,3447.7,2820.9,3839.9,2896.0,3144.7,26,3,3144.6,30,3,3144.4,24,2,3144.3,45,3,3144.2,127,5,3144.9,115,1,3145.9,200,1,3146.0,266,3,3146.1,63,2,3146.2,220,2
2031,2026-06-16 13:28:08+05:30,3146.0,83,3131.98,2496608,125408.0,200323.0,3163.0,3163.0,3108.0,3134.3,31991400,3447.7,2820.9,3839.9,2896.0,3144.9,67,6,3144.8,48,6,3144.7,147,6,3144.6,72,6,3144.5,67,3,3146.0,117,1,3146.1,237,2,3146.3,820,5,3146.4,200,1,3146.6,21,1
2031,2026-06-16 13:28:08+05:30,3146.0,83,3131.98,2496608,125408.0,200323.0,3163.0,3163.0,3108.0,3134.3,31991400,3447.7,2820.9,3839.9,2896.0,3144.9,67,6,3144.8,48,6,3144.7,147,6,3144.6,72,6,3144.5,67,3,3146.0,117,1,3146.1,237,2,3146.3,820,5,3146.4,200,1,3146.6,21,1
2031,2026-06-16 13:28:09+05:30,3146.0,83,3131.98,2496608,125094.0,200859.0,3163.0,3163.0,3108.0,3134.3,31991400,3447.7,2820.9,3839.9,2896.0,3145.1,21,1,3144.9,117,6,3144.8,20,3,3144.7,22,2,3144.6,41,4,3145.2,200,1,3145.5,1,1,3146.0,184,2,3146.1,237,2,3146.3,820,5
2031,2026-06-16 13:28:10+05:30,3145.2,33,3131.98,2496641,125127.0,198795.0,3163.0,3163.0,3108.0,3134.3,31991400,3447.7,2820.9,3839.9,2896.0,3145.1,21,1,3144.9,122,7,3144.8,20,3,3144.7,99,4,3144.6,61,5,3145.2,167,1,3145.5,1,1,3146.0,184,2,3146.1,237,2,3146.3,820,5
2031,2026-06-16 13:28:10+05:30,3145.2,33,3131.98,2496641,125127.0,198795.0,3163.0,3163.0,3108.0,3134.3,31991400,3447.7,2820.9,3839.9,2896.0,3145.1,21,1,3144.9,122,7,3144.8,20,3,3144.7,99,4,3144.6,61,5,3145.2,167,1,3145.5,1,1,3146.0,184,2,3146.1,237,2,3146.3,820,5
2031,2026-06-16 13:28:11+05:30,3145.2,1,3131.98,2496642,125105.0,200796.0,3163.0,3163.0,3108.0,3134.3,31991400,3447.7,2820.9,3839.9,2896.0,3145.1,73,5,3145.0,3,1,3144.9,109,6,3144.8,20,3,3144.7,22,2,3145.2,166,1,3145.5,1,1,3146.0,184,2,3146.1,237,2,3146.3,820,5
2031,2026-06-16 13:28:11+05:30,3145.2,1,3131.98,2496642,125105.0,200796.0,3163.0,3163.0,3108.0,3134.3,31991400,3447.7,2820.9,3839.9,2896.0,3145.1,73,5,3145.0,3,1,3144.9,109,6,3144.8,20,3,3144.7,22,2,3145.2,166,1,3145.5,1,1,3146.0,184,2,3146.1,237,2,3146.3,820,5
2031,2026-06-16 13:28:12+05:30,3145.1,1,3131.98,2496643,125071.0,200854.0,3163.0,3163.0,3108.0,3134.3,31991400,3447.7,2820.9,3839.9,2896.0,3145.1,70,4,3145.0,3,1,3144.9,109,6,3144.8,22,4,3144.7,22,2,3145.2,192,2,3146.0,184,2,3146.1,237,2,3146.3,820,5,3146.4,306,4
2031,2026-06-16 13:28:12+05:30,3145.1,1,3131.98,2496643,125071.0,200854.0,3163.0,3163.0,3108.0,3134.3,31991400,3447.7,2820.9,3839.9,2896.0,3145.1,70,4,3145.0,3,1,3144.9,109,6,3144.8,22,4,3144.7,22,2,3145.2,192,2,3146.0,184,2,3146.1,237,2,3146.3,820,5,3146.4,306,4
2031,2026-06-16 13:28:12+05:30,3144.3,49,3131.99,2497139,123396.0,202090.0,3163.0,3163.0,3108.0,3134.3,31991400,3447.7,2820.9,3839.9,2896.0,3144.5,13,1,3144.3,60,5,3144.2,22,2,3144.1,44,2,3144.0,916,9,3144.7,186,1,3145.0,197,1,3145.1,121,1,3145.2,192,2,3145.8,1,1
2031,2026-06-16 13:28:13+05:30,3145.0,197,3131.99,2497139,123396.0,202090.0,3163.0,3163.0,3108.0,3134.3,31991400,3447.7,2820.9,3839.9,2896.0,3144.5,13,1,3144.3,60,5,3144.2,22,2,3144.1,44,2,3144.0,916,9,3144.7,186,1,3145.0,197,1,3145.1,121,1,3145.2,192,2,3145.8,1,1
2031,2026-06-16 13:28:13+05:30,3144.6,2,3131.99,2497677,123733.0,201462.0,3163.0,3163.0,3108.0,3134.3,31991400,3447.7,2820.9,3839.9,2896.0,3144.5,67,6,3144.4,55,5,3144.3,34,3,3144.2,56,4,3144.1,92,4,3144.6,85,1,3144.7,25,1,3145.2,166,1,3145.8,14,1,3145.9,145,3
2031,2026-06-16 13:28:14+05:30,3144.7,25,3131.99,2497677,123733.0,201462.0,3163.0,3163.0,3108.0,3134.3,31991400,3447.7,2820.9,3839.9,2896.0,3144.5,67,6,3144.4,55,5,3144.3,34,3,3144.2,56,4,3144.1,92,4,3144.6,85,1,3144.7,25,1,3145.2,166,1,3145.8,14,1,3145.9,145,3
2031,2026-06-16 13:28:14+05:30,3144.6,4,3131.99,2497835,124816.0,201217.0,3163.0,3163.0,3108.0,3134.3,31991400,3447.7,2820.9,3839.9,2896.0,3144.8,31,3,3144.7,22,4,3144.6,27,2,3144.5,62,6,3144.4,24,2,3145.0,120,1,3145.2,166,1,3145.8,4,1,3145.9,144,2,3146.0,287,3
2031,2026-06-16 13:28:15+05:30,3145.2,166,3131.99,2497835,124816.0,201217.0,3163.0,3163.0,3108.0,3134.3,31991400,3447.7,2820.9,3839.9,2896.0,3144.8,31,3,3144.7,22,4,3144.6,27,2,3144.5,62,6,3144.4,24,2,3145.0,120,1,3145.2,166,1,3145.8,4,1,3145.9,144,2,3146.0,287,3
2031,2026-06-16 13:28:15+05:30,3145.2,166,3131.99,2497835,124816.0,201217.0,3163.0,3163.0,3108.0,3134.3,31991400,3447.7,2820.9,3839.9,2896.0,3144.8,31,3,3144.7,22,4,3144.6,27,2,3144.5,62,6,3144.4,24,2,3145.0,120,1,3145.2,166,1,3145.8,4,1,3145.9,144,2,3146.0,287,3
2031,2026-06-16 13:28:15+05:30,3145.4,12,3131.99,2498265,125927.0,199359.0,3163.0,3163.0,3108.0,3134.3,31991400,3447.7,2820.9,3839.9,2896.0,3145.4,44,5,3145.3,51,4,3145.2,36,4,3145.1,21,2,3145.0,60,3,3145.9,200,1,3146.0,267,2,3146.1,437,3,3146.2,200,1,3146.3,502,3
2031,2026-06-16 13:28:16+05:30,3145.4,12,3131.99,2498265,125927.0,199359.0,3163.0,3163.0,3108.0,3134.3,31991400,3447.7,2820.9,3839.9,2896.0,3145.4,44,5,3145.3,51,4,3145.2,36,4,3145.1,21,2,3145.0,60,3,3145.9,200,1,3146.0,267,2,3146.1,437,3,3146.2,200,1,3146.3,502,3
2031,2026-06-16 13:28:17+05:30,3145.1,17,3131.99,2498398,125329.0,200117.0,3163.0,3163.0,3108.0,3134.3,31991400,3447.7,2820.9,3839.9,2896.0,3145.0,22,1,3144.9,57,8,3144.8,3,1,3144.7,9,3,3144.6,89,4,3145.1,135,1,3145.2,132,1,3145.9,200,1,3146.0,267,2,3146.1,469,4
2031,2026-06-16 13:28:17+05:30,3144.6,9,3131.99,2498398,125329.0,200117.0,3163.0,3163.0,3108.0,3134.3,31991400,3447.7,2820.9,3839.9,2896.0,3145.0,22,1,3144.9,57,8,3144.8,3,1,3144.7,9,3,3144.6,89,4,3145.1,135,1,3145.2,132,1,3145.9,200,1,3146.0,267,2,3146.1,469,4
2031,2026-06-16 13:28:17+05:30,3144.6,9,3131.99,2498398,125329.0,200117.0,3163.0,3163.0,3108.0,3134.3,31991400,3447.7,2820.9,3839.9,2896.0,3145.0,22,1,3144.9,57,8,3144.8,3,1,3144.7,9,3,3144.6,89,4,3145.1,135,1,3145.2,132,1,3145.9,200,1,3146.0,267,2,3146.1,469,4
2031,2026-06-16 13:28:17+05:30,3144.7,1,3131.99,2498604,125205.0,199973.0,3163.0,3163.0,3108.0,3134.3,31991400,3447.7,2820.9,3839.9,2896.0,3145.0,44,1,3144.7,31,5,3144.6,23,2,3144.5,17,2,3144.4,63,5,3145.1,36,1,3145.2,132,1,3145.9,200,1,3146.0,267,2,3146.1,321,4
2031,2026-06-16 13:28:18+05:30,3144.7,1,3131.99,2498604,125205.0,199973.0,3163.0,3163.0,3108.0,3134.3,31991400,3447.7,2820.9,3839.9,2896.0,3145.0,44,1,3144.7,31,5,3144.6,23,2,3144.5,17,2,3144.4,63,5,3145.1,36,1,3145.2,132,1,3145.9,200,1,3146.0,267,2,3146.1,321,4
2031,2026-06-16 13:28:18+05:30,3145.2,9,3131.99,2498649,125196.0,199924.0,3163.0,3163.0,3108.0,3134.3,31991400,3447.7,2820.9,3839.9,2896.0,3145.0,44,1,3144.7,18,4,3144.6,54,2,3144.5,51,3,3144.4,81,7,3145.1,1,1,3145.2,123,1,3145.9,200,1,3146.0,299,3,3146.1,237,2
2031,2026-06-16 13:28:19+05:30,3145.2,9,3131.99,2498649,125196.0,199924.0,3163.0,3163.0,3108.0,3134.3,31991400,3447.7,2820.9,3839.9,2896.0,3145.0,44,1,3144.7,18,4,3144.6,54,2,3144.5,51,3,3144.4,81,7,3145.1,1,1,3145.2,123,1,3145.9,200,1,3146.0,299,3,3146.1,237,2
2031,2026-06-16 13:28:19+05:30,3145.2,9,3131.99,2498649,125196.0,199924.0,3163.0,3163.0,3108.0,3134.3,31991400,3447.7,2820.9,3839.9,2896.0,3145.0,44,1,3144.7,18,4,3144.6,54,2,3144.5,51,3,3144.4,81,7,3145.1,1,1,3145.2,123,1,3145.9,200,1,3146.0,299,3,3146.1,237,2
2031,2026-06-16 13:28:19+05:30,3145.2,9,3131.99,2498649,125201.0,199974.0,3163.0,3163.0,3108.0,3134.3,31991400,3447.7,2820.9,3839.9,2896.0,3145.0,44,1,3144.7,18,4,3144.6,70,3,3144.5,51,3,3144.4,65,6,3145.1,1,1,3145.2,123,1,3145.9,200,1,3146.0,299,3,3146.1,237,2
2031,2026-06-16 13:28:20+05:30,3145.1,1,3131.99,2498649,125201.0,199974.0,3163.0,3163.0,3108.0,3134.3,31991400,3447.7,2820.9,3839.9,2896.0,3145.0,44,1,3144.7,18,4,3144.6,70,3,3144.5,51,3,3144.4,65,6,3145.1,1,1,3145.2,123,1,3145.9,200,1,3146.0,299,3,3146.1,237,2
2031,2026-06-16 13:28:21+05:30,3145.2,1,3131.99,2498672,125216.0,200356.0,3163.0,3163.0,3108.0,3134.3,31991400,3447.7,2820.9,3839.9,2896.0,3145.0,43,1,3144.7,35,5,3144.6,10,1,3144.5,17,2,3144.4,63,5,3145.2,102,1,3145.9,200,1,3146.0,267,2,3146.1,269,3,3146.2,221,2
2031,2026-06-16 13:28:21+05:30,3145.2,1,3131.99,2498672,125216.0,200356.0,3163.0,3163.0,3108.0,3134.3,31991400,3447.7,2820.9,3839.9,2896.0,3145.0,43,1,3144.7,35,5,3144.6,10,1,3144.5,17,2,3144.4,63,5,3145.2,102,1,3145.9,200,1,3146.0,267,2,3146.1,269,3,3146.2,221,2
2031,2026-06-16 13:28:21+05:30,3145.2,1,3131.99,2498672,125216.0,200356.0,3163.0,3163.0,3108.0,3134.3,31991400,3447.7,2820.9,3839.9,2896.0,3145.0,43,1,3144.7,35,5,3144.6,10,1,3144.5,17,2,3144.4,63,5,3145.2,102,1,3145.9,200,1,3146.0,267,2,3146.1,269,3,3146.2,221,2
2031,2026-06-16 13:28:22+05:30,3144.5,9,3132.0,2498934,125223.0,200294.0,3163.0,3163.0,3108.0,3134.3,31991400,3447.7,2820.9,3839.9,2896.0,3144.8,40,5,3144.7,26,3,3144.6,20,1,3144.5,31,3,3144.4,75,5,3145.2,102,1,3145.8,200,1,3145.9,224,2,3146.0,67,1,3146.1,489,4
2031,2026-06-16 13:28:22+05:30,3144.5,9,3132.0,2498934,125223.0,200294.0,3163.0,3163.0,3108.0,3134.3,31991400,3447.7,2820.9,3839.9,2896.0,3144.8,40,5,3144.7,26,3,3144.6,20,1,3144.5,31,3,3144.4,75,5,3145.2,102,1,3145.8,200,1,3145.9,224,2,3146.0,67,1,3146.1,489,4
2031,2026-06-16 13:28:23+05:30,3144.8,1,3132.0,2498961,125089.0,200360.0,3163.0,3163.0,3108.0,3134.3,31991400,3447.7,2820.9,3839.9,2896.0,3144.8,17,2,3144.7,26,3,3144.6,29,2,3144.5,5,1,3144.4,29,4,3145.1,2,1,3145.2,102,1,3145.7,25,1,3145.8,200,1,3145.9,276,3
2031,2026-06-16 13:28:23+05:30,3144.8,1,3132.0,2498961,125089.0,200360.0,3163.0,3163.0,3108.0,3134.3,31991400,3447.7,2820.9,3839.9,2896.0,3144.8,17,2,3144.7,26,3,3144.6,29,2,3144.5,5,1,3144.4,29,4,3145.1,2,1,3145.2,102,1,3145.7,25,1,3145.8,200,1,3145.9,276,3
2031,2026-06-16 13:28:23+05:30,3144.8,1,3132.0,2498961,125089.0,200360.0,3163.0,3163.0,3108.0,3134.3,31991400,3447.7,2820.9,3839.9,2896.0,3144.8,17,2,3144.7,26,3,3144.6,29,2,3144.5,5,1,3144.4,29,4,3145.1,2,1,3145.2,102,1,3145.7,25,1,3145.8,200,1,3145.9,276,3
2031,2026-06-16 13:28:24+05:30,3145.2,24,3132.0,2498961,125089.0,200360.0,3163.0,3163.0,3108.0,3134.3,31991400,3447.7,2820.9,3839.9,2896.0,3144.8,17,2,3144.7,26,3,3144.6,29,2,3144.5,5,1,3144.4,29,4,3145.1,2,1,3145.2,102,1,3145.7,25,1,3145.8,200,1,3145.9,276,3
2031,2026-06-16 13:28:24+05:30,3145.2,24,3132.0,2498987,125233.0,200399.0,3163.0,3163.0,3108.0,3134.3,31991400,3447.7,2820.9,3839.9,2896.0,3144.9,13,1,3144.8,54,5,3144.7,26,3,3144.6,44,3,3144.5,5,1,3145.1,26,1,3145.2,78,1,3145.7,25,1,3145.8,200,1,3145.9,224,2
2031,2026-06-16 13:28:25+05:30,3144.8,1,3132.0,2498987,125233.0,200399.0,3163.0,3163.0,3108.0,3134.3,31991400,3447.7,2820.9,3839.9,2896.0,3144.9,13,1,3144.8,54,5,3144.7,26,3,3144.6,44,3,3144.5,5,1,3145.1,26,1,3145.2,78,1,3145.7,25,1,3145.8,200,1,3145.9,224,2
2031,2026-06-16 13:28:25+05:30,3144.8,1,3132.0,2499035,125272.0,200434.0,3163.0,3163.0,3108.0,3134.3,31991400,3447.7,2820.9,3839.9,2896.0,3144.8,13,1,3144.7,69,6,3144.6,9,1,3144.5,20,2,3144.4,29,4,3145.1,26,1,3145.2,78,1,3145.7,62,2,3145.8,200,1,3145.9,224,2
2031,2026-06-16 13:28:25+05:30,3144.8,1,3132.0,2499035,125272.0,200434.0,3163.0,3163.0,3108.0,3134.3,31991400,3447.7,2820.9,3839.9,2896.0,3144.8,13,1,3144.7,69,6,3144.6,9,1,3144.5,20,2,3144.4,29,4,3145.1,26,1,3145.2,78,1,3145.7,62,2,3145.8,200,1,3145.9,224,2
2031,2026-06-16 13:28:26+05:30,3144.8,2,3132.0,2499035,125272.0,200434.0,3163.0,3163.0,3108.0,3134.3,31991400,3447.7,2820.9,3839.9,2896.0,3144.8,13,1,3144.7,69,6,3144.6,9,1,3144.5,20,2,3144.4,29,4,3145.1,26,1,3145.2,78,1,3145.7,62,2,3145.8,200,1,3145.9,224,2
2031,2026-06-16 13:28:26+05:30,3145.1,1,3132.0,2499040,125277.0,200417.0,3163.0,3163.0,3108.0,3134.3,31991400,3447.7,2820.9,3839.9,2896.0,3144.8,38,5,3144.7,40,4,3144.6,29,2,3144.5,20,2,3144.4,29,4,3145.1,25,1,3145.2,78,1,3145.7,62,2,3145.8,200,1,3145.9,224,2
2031,2026-06-16 13:28:26+05:30,3145.1,1,3132.0,2499040,125277.0,200417.0,3163.0,3163.0,3108.0,3134.3,31991400,3447.7,2820.9,3839.9,2896.0,3144.8,38,5,3144.7,40,4,3144.6,29,2,3144.5,20,2,3144.4,29,4,3145.1,25,1,3145.2,78,1,3145.7,62,2,3145.8,200,1,3145.9,224,2
2031,2026-06-16 13:28:27+05:30,3145.1,1,3132.0,2499040,125277.0,200417.0,3163.0,3163.0,3108.0,3134.3,31991400,3447.7,2820.9,3839.9,2896.0,3144.8,38,5,3144.7,40,4,3144.6,29,2,3144.5,20,2,3144.4,29,4,3145.1,25,1,3145.2,78,1,3145.7,62,2,3145.8,200,1,3145.9,224,2
2031,2026-06-16 13:28:27+05:30,3145.1,1,3132.0,2499041,125303.0,200416.0,3163.0,3163.0,3108.0,3134.3,31991400,3447.7,2820.9,3839.9,2896.0,3144.9,13,1,3144.8,51,6,3144.7,40,4,3144.6,29,2,3144.5,20,2,3145.1,24,1,3145.2,78,1,3145.7,62,2,3145.8,200,1,3145.9,224,2
2031,2026-06-16 13:28:27+05:30,3145.1,1,3132.0,2499041,125303.0,200416.0,3163.0,3163.0,3108.0,3134.3,31991400,3447.7,2820.9,3839.9,2896.0,3144.9,13,1,3144.8,51,6,3144.7,40,4,3144.6,29,2,3144.5,20,2,3145.1,24,1,3145.2,78,1,3145.7,62,2,3145.8,200,1,3145.9,224,2
2031,2026-06-16 13:28:28+05:30,3145.1,1,3132.0,2499041,125303.0,200416.0,3163.0,3163.0,3108.0,3134.3,31991400,3447.7,2820.9,3839.9,2896.0,3144.9,13,1,3144.8,51,6,3144.7,40,4,3144.6,29,2,3144.5,20,2,3145.1,24,1,3145.2,78,1,3145.7,62,2,3145.8,200,1,3145.9,224,2
2031,2026-06-16 13:28:28+05:30,3145.1,8,3132.0,2499041,125303.0,200416.0,3163.0,3163.0,3108.0,3134.3,31991400,3447.7,2820.9,3839.9,2896.0,3144.9,13,1,3144.8,51,6,3144.7,40,4,3144.6,29,2,3144.5,20,2,3145.1,24,1,3145.2,78,1,3145.7,62,2,3145.8,200,1,3145.9,224,2
2031,2026-06-16 13:28:28+05:30,3145.1,8,3132.0,2499049,125283.0,200159.0,3163.0,3163.0,3108.0,3134.3,31991400,3447.7,2820.9,3839.9,2896.0,3144.9,13,1,3144.8,51,6,3144.7,70,5,3144.6,65,4,3144.5,22,3,3145.1,16,1,3145.2,78,1,3145.7,62,2,3145.8,200,1,3145.9,224,2
2031,2026-06-16 13:28:28+05:30,3145.1,8,3132.0,2499049,125283.0,200159.0,3163.0,3163.0,3108.0,3134.3,31991400,3447.7,2820.9,3839.9,2896.0,3144.9,13,1,3144.8,51,6,3144.7,70,5,3144.6,65,4,3144.5,22,3,3145.1,16,1,3145.2,78,1,3145.7,62,2,3145.8,200,1,3145.9,224,2
2031,2026-06-16 13:28:29+05:30,3144.9,42,3132.0,2499049,125283.0,200159.0,3163.0,3163.0,3108.0,3134.3,31991400,3447.7,2820.9,3839.9,2896.0,3144.9,13,1,3144.8,51,6,3144.7,70,5,3144.6,65,4,3144.5,22,3,3145.1,16,1,3145.2,78,1,3145.7,62,2,3145.8,200,1,3145.9,224,2
2031,2026-06-16 13:28:29+05:30,3144.9,42,3132.0,2499049,125283.0,200159.0,3163.0,3163.0,3108.0,3134.3,31991400,3447.7,2820.9,3839.9,2896.0,3144.9,13,1,3144.8,51,6,3144.7,70,5,3144.6,65,4,3144.5,22,3,3145.1,16,1,3145.2,78,1,3145.7,62,2,3145.8,200,1,3145.9,224,2
2031,2026-06-16 13:28:29+05:30,3144.9,42,3132.0,2499433,125873.0,200108.0,3163.0,3163.0,3108.0,3134.3,31991400,3447.7,2820.9,3839.9,2896.0,3145.0,48,4,3144.9,126,7,3144.8,46,4,3144.7,70,4,3144.6,87,7,3145.7,25,1,3145.8,200,1,3145.9,224,2,3146.0,67,1,3146.1,437,3
2031,2026-06-16 13:28:29+05:30,3144.9,42,3132.0,2499433,125873.0,200108.0,3163.0,3163.0,3108.0,3134.3,31991400,3447.7,2820.9,3839.9,2896.0,3145.0,48,4,3144.9,126,7,3144.8,46,4,3144.7,70,4,3144.6,87,7,3145.7,25,1,3145.8,200,1,3145.9,224,2,3146.0,67,1,3146.1,437,3
2031,2026-06-16 13:28:30+05:30,3145.7,8,3132.0,2499433,125873.0,200108.0,3163.0,3163.0,3108.0,3134.3,31991400,3447.7,2820.9,3839.9,2896.0,3145.0,48,4,3144.9,126,7,3144.8,46,4,3144.7,70,4,3144.6,87,7,3145.7,25,1,3145.8,200,1,3145.9,224,2,3146.0,67,1,3146.1,437,3
2031,2026-06-16 13:28:30+05:30,3145.0,25,3132.0,2499641,125653.0,200276.0,3163.0,3163.0,3108.0,3134.3,31991400,3447.7,2820.9,3839.9,2896.0,3145.2,33,3,3145.1,16,1,3145.0,22,1,3144.9,44,5,3144.8,19,2,3145.7,17,1,3145.8,200,1,3145.9,224,2,3146.0,267,2,3146.1,437,3
2031,2026-06-16 13:28:30+05:30,3145.0,25,3132.0,2499641,125653.0,200276.0,3163.0,3163.0,3108.0,3134.3,31991400,3447.7,2820.9,3839.9,2896.0,3145.2,33,3,3145.1,16,1,3145.0,22,1,3144.9,44,5,3144.8,19,2,3145.7,17,1,3145.8,200,1,3145.9,224,2,3146.0,267,2,3146.1,437,3
2031,2026-06-16 13:28:31+05:30,3145.8,21,3132.0,2499641,125653.0,200276.0,3163.0,3163.0,3108.0,3134.3,31991400,3447.7,2820.9,3839.9,2896.0,3145.2,33,3,3145.1,16,1,3145.0,22,1,3144.9,44,5,3144.8,19,2,3145.7,17,1,3145.8,200,1,3145.9,224,2,3146.0,267,2,3146.1,437,3
2031,2026-06-16 13:28:31+05:30,3145.8,21,3132.0,2499679,125721.0,199916.0,3163.0,3163.0,3108.0,3134.3,31991400,3447.7,2820.9,3839.9,2896.0,3145.2,43,5,3145.1,19,2,3145.0,25,2,3144.9,112,8,3144.8,67,3,3145.3,1,1,3145.8,179,1,3145.9,224,2,3146.0,267,2,3146.1,437,3
2031,2026-06-16 13:28:31+05:30,3145.8,21,3132.0,2499679,125721.0,199916.0,3163.0,3163.0,3108.0,3134.3,31991400,3447.7,2820.9,3839.9,2896.0,3145.2,43,5,3145.1,19,2,3145.0,25,2,3144.9,112,8,3144.8,67,3,3145.3,1,1,3145.8,179,1,3145.9,224,2,3146.0,267,2,3146.1,437,3
2031,2026-06-16 13:28:32+05:30,3145.8,2,3132.0,2499679,125721.0,199916.0,3163.0,3163.0,3108.0,3134.3,31991400,3447.7,2820.9,3839.9,2896.0,3145.2,43,5,3145.1,19,2,3145.0,25,2,3144.9,112,8,3144.8,67,3,3145.3,1,1,3145.8,179,1,3145.9,224,2,3146.0,267,2,3146.1,437,3
2031,2026-06-16 13:28:32+05:30,3145.8,2,3132.0,2499679,125721.0,199916.0,3163.0,3163.0,3108.0,3134.3,31991400,3447.7,2820.9,3839.9,2896.0,3145.2,43,5,3145.1,19,2,3145.0,25,2,3144.9,112,8,3144.8,67,3,3145.3,1,1,3145.8,179,1,3145.9,224,2,3146.0,267,2,3146.1,437,3
2031,2026-06-16 13:28:32+05:30,3145.8,26,3132.0,2499719,125911.0,200173.0,3163.0,3163.0,3108.0,3134.3,31991400,3447.7,2820.9,3839.9,2896.0,3145.2,39,4,3145.1,31,2,3145.0,25,2,3144.9,67,4,3144.8,4,1,3145.8,140,1,3145.9,224,2,3146.0,267,2,3146.1,637,4,3146.2,200,1
2031,2026-06-16 13:28:33+05:30,3145.8,26,3132.0,2499719,125911.0,200173.0,3163.0,3163.0,3108.0,3134.3,31991400,3447.7,2820.9,3839.9,2896.0,3145.2,39,4,3145.1,31,2,3145.0,25,2,3144.9,67,4,3144.8,4,1,3145.8,140,1,3145.9,224,2,3146.0,267,2,3146.1,637,4,3146.2,200,1
2031,2026-06-16 13:28:33+05:30,3145.8,1,3132.0,2499719,125911.0,200173.0,3163.0,3163.0,3108.0,3134.3,31991400,3447.7,2820.9,3839.9,2896.0,3145.2,39,4,3145.1,31,2,3145.0,25,2,3144.9,67,4,3144.8,4,1,3145.8,140,1,3145.9,224,2,3146.0,267,2,3146.1,637,4,3146.2,200,1
2031,2026-06-16 13:28:33+05:30,3145.8,1,3132.0,2499720,125911.0,198372.0,3163.0,3163.0,3108.0,3134.3,31991400,3447.7,2820.9,3839.9,2896.0,3145.2,39,4,3145.1,31,2,3145.0,25,2,3144.9,67,4,3144.8,4,1,3145.8,139,1,3145.9,224,2,3146.0,267,2,3146.1,637,4,3146.2,200,1
2031,2026-06-16 13:28:33+05:30,3145.8,1,3132.0,2499720,125911.0,198372.0,3163.0,3163.0,3108.0,3134.3,31991400,3447.7,2820.9,3839.9,2896.0,3145.2,39,4,3145.1,31,2,3145.0,25,2,3144.9,67,4,3144.8,4,1,3145.8,139,1,3145.9,224,2,3146.0,267,2,3146.1,637,4,3146.2,200,1
2031,2026-06-16 13:28:34+05:30,3145.1,9,3132.0,2499720,125911.0,198372.0,3163.0,3163.0,3108.0,3134.3,31991400,3447.7,2820.9,3839.9,2896.0,3145.2,39,4,3145.1,31,2,3145.0,25,2,3144.9,67,4,3144.8,4,1,3145.8,139,1,3145.9,224,2,3146.0,267,2,3146.1,637,4,3146.2,200,1
2031,2026-06-16 13:28:34+05:30,3145.1,2,3132.0,2499777,125705.0,200569.0,3163.0,3163.0,3108.0,3134.3,31991400,3447.7,2820.9,3839.9,2896.0,3145.1,13,1,3145.0,25,2,3144.9,17,1,3144.6,6,1,3144.5,51,3,3145.8,139,1,3145.9,224,2,3146.0,299,3,3146.1,675,5,3146.2,255,2
2031,2026-06-16 13:28:34+05:30,3145.1,2,3132.0,2499777,125705.0,200569.0,3163.0,3163.0,3108.0,3134.3,31990800,3447.7,2820.9,3839.9,2896.0,3145.1,13,1,3145.0,25,2,3144.9,17,1,3144.6,6,1,3144.5,51,3,3145.8,139,1,3145.9,224,2,3146.0,299,3,3146.1,675,5,3146.2,255,2
2031,2026-06-16 13:28:35+05:30,3145.8,6,3132.0,2499777,125705.0,200569.0,3163.0,3163.0,3108.0,3134.3,31990800,3447.7,2820.9,3839.9,2896.0,3145.1,13,1,3145.0,25,2,3144.9,17,1,3144.6,6,1,3144.5,51,3,3145.8,139,1,3145.9,224,2,3146.0,299,3,3146.1,675,5,3146.2,255,2
2031,2026-06-16 13:28:35+05:30,3145.8,6,3132.0,2499783,125692.0,200302.0,3163.0,3163.0,3108.0,3134.3,31990800,3447.7,2820.9,3839.9,2896.0,3145.1,35,4,3145.0,25,2,3144.9,17,1,3144.8,9,1,3144.6,38,3,3145.3,1,1,3145.8,133,1,3145.9,224,2,3146.0,267,2,3146.1,637,4
2031,2026-06-16 13:28:36+05:30,3145.8,4,3132.0,2499788,126144.0,200705.0,3163.0,3163.0,3108.0,3134.3,31990800,3447.7,2820.9,3839.9,2896.0,3145.3,17,1,3145.1,22,3,3145.0,39,3,3144.9,45,3,3144.6,87,4,3145.8,129,1,3145.9,224,2,3146.0,267,2,3146.1,637,4,3146.2,200,1
2031,2026-06-16 13:28:37+05:30,3145.8,5,3132.0,2499788,126144.0,200705.0,3163.0,3163.0,3108.0,3134.3,31990800,3447.7,2820.9,3839.9,2896.0,3145.3,17,1,3145.1,22,3,3145.0,39,3,3144.9,45,3,3144.6,87,4,3145.8,129,1,3145.9,224,2,3146.0,267,2,3146.1,637,4,3146.2,200,1
2031,2026-06-16 13:28:37+05:30,3145.8,5,3132.01,2502184,126387.0,197120.0,3163.0,3163.0,3108.0,3134.3,31990800,3447.7,2820.9,3839.9,2896.0,3145.5,41,4,3145.4,8,2,3145.3,35,2,3145.2,82,4,3145.1,89,5,3145.8,5,1,3146.4,200,1,3146.7,400,2,3147.0,53,2,3147.1,4,1
2031,2026-06-16 13:28:38+05:30,3145.5,4,3132.01,2502184,126387.0,197120.0,3163.0,3163.0,3108.0,3134.3,31990800,3447.7,2820.9,3839.9,2896.0,3145.5,41,4,3145.4,8,2,3145.3,35,2,3145.2,82,4,3145.1,89,5,3145.8,5,1,3146.4,200,1,3146.7,400,2,3147.0,53,2,3147.1,4,1
2031,2026-06-16 13:28:38+05:30,3145.9,10,3132.02,2502487,126305.0,197791.0,3163.0,3163.0,3108.0,3134.3,31990800,3447.7,2820.9,3839.9,2896.0,3145.8,13,1,3145.6,3,1,3145.4,1,1,3145.3,20,1,3145.1,115,7,3146.7,13,1,3146.8,205,6,3146.9,52,4,3147.0,232,7,3147.1,133,3
2031,2026-06-16 13:28:39+05:30,3145.8,18,3132.02,2502487,126305.0,197791.0,3163.0,3163.0,3108.0,3134.3,31990800,3447.7,2820.9,3839.9,2896.0,3145.8,13,1,3145.6,3,1,3145.4,1,1,3145.3,20,1,3145.1,115,7,3146.7,13,1,3146.8,205,6,3146.9,52,4,3147.0,232,7,3147.1,133,3
2031,2026-06-16 13:28:39+05:30,3146.4,1,3132.02,2502719,125904.0,198062.0,3163.0,3163.0,3108.0,3134.3,31990800,3447.7,2820.9,3839.9,2896.0,3145.8,18,1,3145.3,15,1,3145.1,22,2,3144.9,25,2,3144.7,20,1,3146.4,80,3,3146.5,69,4,3146.6,69,3,3146.7,63,4,3146.8,117,3
2031,2026-06-16 13:28:40+05:30,3146.4,1,3132.02,2502719,125904.0,198062.0,3163.0,3163.0,3108.0,3134.3,31990800,3447.7,2820.9,3839.9,2896.0,3145.8,18,1,3145.3,15,1,3145.1,22,2,3144.9,25,2,3144.7,20,1,3146.4,80,3,3146.5,69,4,3146.6,69,3,3146.7,63,4,3146.8,117,3
2031,2026-06-16 13:28:40+05:30,3146.4,1,3132.02,2502720,125918.0,199114.0,3163.0,3163.0,3108.0,3134.3,31990800,3447.7,2820.9,3839.9,2896.0,3145.8,18,1,3145.1,18,1,3144.9,25,2,3144.7,20,1,3144.6,6,1,3146.3,200,1,3146.4,268,5,3146.5,256,5,3146.6,482,5,3146.7,63,4
2031,2026-06-16 13:28:41+05:30,3145.8,1,3132.02,2502720,125918.0,199114.0,3163.0,3163.0,3108.0,3134.3,31990800,3447.7,2820.9,3839.9,2896.0,3145.8,18,1,3145.1,18,1,3144.9,25,2,3144.7,20,1,3144.6,6,1,3146.3,200,1,3146.4,268,5,3146.5,256,5,3146.6,482,5,3146.7,63,4
2031,2026-06-16 13:28:41+05:30,3146.3,5,3132.02,2502750,126450.0,197785.0,3163.0,3163.0,3108.0,3134.3,31990800,3447.7,2820.9,3839.9,2896.0,3145.8,61,2,3145.6,3,1,3145.5,41,2,3145.4,2,1,3145.3,24,2,3146.3,37,2,3146.4,5,1,3146.7,13,2,3146.8,27,1,3146.9,12,1
2031,2026-06-16 13:28:42+05:30,3146.3,5,3132.02,2502750,126450.0,197785.0,3163.0,3163.0,3108.0,3134.3,31990800,3447.7,2820.9,3839.9,2896.0,3145.8,61,2,3145.6,3,1,3145.5,41,2,3145.4,2,1,3145.3,24,2,3146.3,37,2,3146.4,5,1,3146.7,13,2,3146.8,27,1,3146.9,12,1
2031,2026-06-16 13:28:42+05:30,3146.3,1,3132.02,2502751,126458.0,197910.0,3163.0,3163.0,3108.0,3134.3,31990800,3447.7,2820.9,3839.9,2896.0,3145.9,16,1,3145.8,61,2,3145.6,5,2,3145.5,41,2,3145.4,1,1,3146.3,1,1,3146.4,5,1,3146.7,13,2,3146.8,27,1,3146.9,12,1
2031,2026-06-16 13:28:43+05:30,3146.3,1,3132.02,2502751,126458.0,197910.0,3163.0,3163.0,3108.0,3134.3,31990800,3447.7,2820.9,3839.9,2896.0,3145.9,16,1,3145.8,61,2,3145.6,5,2,3145.5,41,2,3145.4,1,1,3146.3,1,1,3146.4,5,1,3146.7,13,2,3146.8,27,1,3146.9,12,1
2031,2026-06-16 13:28:43+05:30,3146.3,1,3132.02,2502751,126460.0,197899.0,3163.0,3163.0,3108.0,3134.3,31990800,3447.7,2820.9,3839.9,2896.0,3146.1,16,1,3145.8,61,2,3145.6,3,1,3145.5,41,2,3145.4,3,2,3146.3,1,1,3146.4,5,1,3146.7,1,1,3146.8,27,1,3146.9,12,1
2031,2026-06-16 13:28:44+05:30,3146.4,5,3132.02,2502797,127870.0,197384.0,3163.0,3163.0,3108.0,3134.3,31990800,3447.7,2820.9,3839.9,2896.0,3146.4,11,1,3146.1,41,1,3145.8,281,3,3145.7,21,1,3145.6,3,1,3147.1,69,2,3147.2,129,3,3147.3,196,5,3147.4,63,1,3147.5,264,2
2031,2026-06-16 13:28:45+05:30,3146.4,5,3132.02,2502797,127870.0,197384.0,3163.0,3163.0,3108.0,3134.3,31990800,3447.7,2820.9,3839.9,2896.0,3146.4,11,1,3146.1,41,1,3145.8,281,3,3145.7,21,1,3145.6,3,1,3147.1,69,2,3147.2,129,3,3147.3,196,5,3147.4,63,1,3147.5,264,2
2031,2026-06-16 13:28:45+05:30,3146.5,1,3132.02,2502803,127202.0,198019.0,3163.0,3163.0,3108.0,3134.3,31990800,3447.7,2820.9,3839.9,2896.0,3146.5,10,1,3146.4,41,2,3146.1,41,1,3145.8,237,2,3145.7,21,1,3147.0,103,5,3147.1,83,5,3147.2,148,4,3147.3,414,7,3147.4,225,2
2031,2026-06-16 13:28:46+05:30,3146.5,2,3132.02,2502803,127202.0,198019.0,3163.0,3163.0,3108.0,3134.3,31990800,3447.7,2820.9,3839.9,2896.0,3146.5,10,1,3146.4,41,2,3146.1,41,1,3145.8,237,2,3145.7,21,1,3147.0,103,5,3147.1,83,5,3147.2,148,4,3147.3,414,7,3147.4,225,2
2031,2026-06-16 13:28:46+05:30,3146.3,3,3132.02,2503024,126410.0,196414.0,3163.0,3163.0,3108.0,3134.3,31990800,3447.7,2820.9,3839.9,2896.0,3146.1,58,3,3145.8,237,2,3145.2,3,1,3145.1,334,3,3145.0,3,1,3146.2,200,1,3146.3,197,1,3146.5,50,2,3146.7,18,1,3146.8,107,4
2031,2026-06-16 13:28:47+05:30,3146.3,3,3132.02,2503024,126410.0,196414.0,3163.0,3163.0,3108.0,3134.3,31990800,3447.7,2820.9,3839.9,2896.0,3146.1,58,3,3145.8,237,2,3145.2,3,1,3145.1,334,3,3145.0,3,1,3146.2,200,1,3146.3,197,1,3146.5,50,2,3146.7,18,1,3146.8,107,4
2031,2026-06-16 13:28:48+05:30,3146.2,1,3132.02,2503192,125936.0,198326.0,3163.0,3163.0,3108.0,3134.3,31990800,3447.7,2820.9,3839.9,2896.0,3146.1,43,2,3145.8,237,2,3145.3,3,1,3145.2,55,2,3145.1,227,3,3146.2,32,1,3146.3,197,1,3146.5,27,1,3146.7,56,2,3146.8,67,2
2031,2026-06-16 13:28:48+05:30,3146.2,1,3132.02,2503192,125936.0,198326.0,3163.0,3163.0,3108.0,3134.3,31990800,3447.7,2820.9,3839.9,2896.0,3146.1,43,2,3145.8,237,2,3145.3,3,1,3145.2,55,2,3145.1,227,3,3146.2,32,1,3146.3,197,1,3146.5,27,1,3146.7,56,2,3146.8,67,2
2031,2026-06-16 13:28:49+05:30,3146.2,1,3132.02,2503192,126016.0,197930.0,3163.0,3163.0,3108.0,3134.3,31990800,3447.7,2820.9,3839.9,2896.0,3146.1,43,2,3145.8,237,2,3145.6,10,1,3145.3,3,1,3145.2,55,2,3146.2,32,1,3146.3,197,1,3146.5,27,1,3146.7,18,1,3146.8,67,2
2031,2026-06-16 13:28:50+05:30,3146.1,41,3132.02,2503192,126016.0,197930.0,3163.0,3163.0,3108.0,3134.3,31990800,3447.7,2820.9,3839.9,2896.0,3146.1,43,2,3145.8,237,2,3145.6,10,1,3145.3,3,1,3145.2,55,2,3146.2,32,1,3146.3,197,1,3146.5,27,1,3146.7,18,1,3146.8,67,2
2031,2026-06-16 13:28:50+05:30,3146.1,41,3132.02,2503234,126103.0,198191.0,3163.0,3163.0,3108.0,3134.3,31990800,3447.7,2820.9,3839.9,2896.0,3146.1,2,1,3145.8,237,2,3145.4,65,2,3145.3,55,3,3145.2,55,2,3146.2,53,2,3146.3,197,1,3146.5,27,1,3146.7,18,1,3146.8,67,2
2031,2026-06-16 13:28:51+05:30,3146.1,10,3132.02,2503244,126114.0,198053.0,3163.0,3163.0,3108.0,3134.3,31990800,3447.7,2820.9,3839.9,2896.0,3146.1,2,1,3145.8,237,2,3145.4,65,2,3145.3,55,3,3145.2,52,1,3146.2,53,2,3146.3,197,1,3146.5,27,1,3146.7,56,2,3146.8,67,2
2031,2026-06-16 13:28:52+05:30,3145.8,21,3132.02,2503244,126114.0,198053.0,3163.0,3163.0,3108.0,3134.3,31990800,3447.7,2820.9,3839.9,2896.0,3146.1,2,1,3145.8,237,2,3145.4,65,2,3145.3,55,3,3145.2,52,1,3146.2,53,2,3146.3,197,1,3146.5,27,1,3146.7,56,2,3146.8,67,2
2031,2026-06-16 13:28:52+05:30,3145.8,21,3132.02,2503475,125833.0,198045.0,3163.0,3163.0,3108.0,3134.3,31990800,3447.7,2820.9,3839.9,2896.0,3145.8,168,1,3145.4,32,2,3145.3,77,4,3145.1,29,3,3145.0,223,3,3146.2,22,1,3146.3,197,1,3146.5,27,1,3146.7,18,1,3146.8,67,2
2031,2026-06-16 13:28:53+05:30,3146.3,16,3132.02,2503475,125833.0,198045.0,3163.0,3163.0,3108.0,3134.3,31990800,3447.7,2820.9,3839.9,2896.0,3145.8,168,1,3145.4,32,2,3145.3,77,4,3145.1,29,3,3145.0,223,3,3146.2,22,1,3146.3,197,1,3146.5,27,1,3146.7,18,1,3146.8,67,2
2031,2026-06-16 13:28:53+05:30,3145.8,2,3132.02,2503515,126137.0,197645.0,3163.0,3163.0,3108.0,3134.3,31990800,3447.7,2820.9,3839.9,2896.0,3145.8,166,1,3145.6,29,2,3145.5,59,4,3145.4,13,1,3145.3,94,5,3146.2,3,1,3146.3,181,1,3146.8,25,1,3147.0,65,2,3147.1,53,2
2031,2026-06-16 13:28:54+05:30,3145.8,2,3132.02,2503515,126137.0,197645.0,3163.0,3163.0,3108.0,3134.3,31990800,3447.7,2820.9,3839.9,2896.0,3145.8,166,1,3145.6,29,2,3145.5,59,4,3145.4,13,1,3145.3,94,5,3146.2,3,1,3146.3,181,1,3146.8,25,1,3147.0,65,2,3147.1,53,2
2031,2026-06-16 13:28:54+05:30,3145.8,2,3132.02,2503515,126142.0,197645.0,3163.0,3163.0,3108.0,3134.3,31990800,3447.7,2820.9,3839.9,2896.0,3145.8,166,1,3145.6,29,2,3145.5,59,4,3145.4,13,1,3145.3,94,5,3146.2,3,1,3146.3,181,1,3146.8,25,1,3147.0,65,2,3147.1,53,2
2031,2026-06-16 13:28:55+05:30,3146.3,16,3132.02,2503515,126142.0,197645.0,3163.0,3163.0,3108.0,3134.3,31990800,3447.7,2820.9,3839.9,2896.0,3145.8,166,1,3145.6,29,2,3145.5,59,4,3145.4,13,1,3145.3,94,5,3146.2,3,1,3146.3,181,1,3146.8,25,1,3147.0,65,2,3147.1,53,2
2031,2026-06-16 13:28:55+05:30,3146.3,16,3132.02,2503534,126248.0,197387.0,3163.0,3163.0,3108.0,3134.3,31990800,3447.7,2820.9,3839.9,2896.0,3145.8,181,5,3145.7,40,3,3145.6,51,3,3145.5,84,6,3145.4,13,1,3146.3,165,1,3147.0,27,1,3147.1,41,1,3147.2,21,1,3147.3,209,2
2031,2026-06-16 13:28:56+05:30,3146.3,16,3132.02,2503534,126199.0,197360.0,3163.0,3163.0,3108.0,3134.3,31990800,3447.7,2820.9,3839.9,2896.0,3145.8,231,6,3145.7,42,4,3145.6,51,3,3145.5,82,5,3145.4,14,2,3146.3,165,1,3147.1,41,1,3147.2,21,1,3147.3,209,2,3147.4,182,2
2031,2026-06-16 13:28:57+05:30,3146.3,16,3132.02,2503534,126309.0,197361.0,3163.0,3163.0,3108.0,3134.3,31990800,3447.7,2820.9,3839.9,2896.0,3145.8,226,5,3145.7,40,4,3145.6,51,3,3145.5,82,5,3145.4,14,2,3146.1,10,1,3146.3,165,1,3147.1,41,1,3147.2,21,1,3147.3,209,2
2031,2026-06-16 13:28:58+05:30,3146.1,1,3132.02,2503534,126309.0,197361.0,3163.0,3163.0,3108.0,3134.3,31990800,3447.7,2820.9,3839.9,2896.0,3145.8,226,5,3145.7,40,4,3145.6,51,3,3145.5,82,5,3145.4,14,2,3146.1,10,1,3146.3,165,1,3147.1,41,1,3147.2,21,1,3147.3,209,2
2031,2026-06-16 13:28:58+05:30,3146.1,1,3132.02,2503576,126119.0,197698.0,3163.0,3163.0,3108.0,3134.3,31990800,3447.7,2820.9,3839.9,2896.0,3145.8,181,4,3145.7,18,1,3145.6,10,1,3145.5,84,6,3145.4,13,1,3146.1,9,1,3146.3,167,2,3147.1,41,1,3147.2,21,1,3147.3,47,2
2031,2026-06-16 13:28:59+05:30,3146.1,1,3132.02,2503576,126119.0,197698.0,3163.0,3163.0,3108.0,3134.3,31990800,3447.7,2820.9,3839.9,2896.0,3145.8,181,4,3145.7,18,1,3145.6,10,1,3145.5,84,6,3145.4,13,1,3146.1,9,1,3146.3,167,2,3147.1,41,1,3147.2,21,1,3147.3,47,2
2031,2026-06-16 13:28:59+05:30,3146.1,1,3132.02,2503578,126169.0,197698.0,3163.0,3163.0,3108.0,3134.3,31990800,3447.7,2820.9,3839.9,2896.0,3145.9,15,1,3145.8,187,4,3145.6,10,1,3145.5,84,6,3145.4,13,1,3146.1,7,1,3146.3,167,2,3147.1,41,1,3147.2,21,1,3147.3,47,2
2031,2026-06-16 13:29:00+05:30,3146.1,1,3132.02,2503578,126169.0,197698.0,3163.0,3163.0,3108.0,3134.3,31990800,3447.7,2820.9,3839.9,2896.0,3145.9,15,1,3145.8,187,4,3145.6,10,1,3145.5,84,6,3145.4,13,1,3146.1,7,1,3146.3,167,2,3147.1,41,1,3147.2,21,1,3147.3,47,2
2031,2026-06-16 13:29:00+05:30,3146.1,1,3132.02,2503578,126170.0,197709.0,3163.0,3163.0,3108.0,3134.3,31990800,3447.7,2820.9,3839.9,2896.0,3146.0,4,3,3145.9,24,5,3145.8,182,3,3145.7,7,1,3145.6,31,3,3146.1,8,2,3146.3,167,2,3147.1,41,1,3147.2,21,1,3147.3,44,2
2031,2026-06-16 13:29:02+05:30,3146.1,1,3132.02,2503586,126283.0,197895.0,3163.0,3163.0,3108.0,3134.3,31990800,3447.7,2820.9,3839.9,2896.0,3146.1,9,1,3146.0,4,3,3145.9,6,3,3145.8,196,4,3145.6,10,1,3146.3,167,2,3147.1,41,1,3147.2,221,2,3147.3,206,3,3147.4,34,2
2031,2026-06-16 13:29:02+05:30,3146.1,1,3132.02,2503586,126283.0,197895.0,3163.0,3163.0,3108.0,3134.3,31990800,3447.7,2820.9,3839.9,2896.0,3146.1,9,1,3146.0,4,3,3145.9,6,3,3145.8,196,4,3145.6,10,1,3146.3,167,2,3147.1,41,1,3147.2,221,2,3147.3,206,3,3147.4,34,2
2031,2026-06-16 13:29:03+05:30,3146.3,1,3132.02,2503753,126207.0,197422.0,3163.0,3163.0,3108.0,3134.3,31990800,3447.7,2820.9,3839.9,2896.0,3146.0,5,4,3145.9,6,3,3145.8,204,5,3145.7,18,2,3145.6,10,1,3146.3,27,2,3147.1,41,1,3147.2,200,1,3147.3,209,3,3147.4,20,1
2031,2026-06-16 13:29:03+05:30,3146.3,1,3132.02,2503753,126207.0,197422.0,3163.0,3163.0,3108.0,3134.3,31990800,3447.7,2820.9,3839.9,2896.0,3146.0,5,4,3145.9,6,3,3145.8,204,5,3145.7,18,2,3145.6,10,1,3146.3,27,2,3147.1,41,1,3147.2,200,1,3147.3,209,3,3147.4,20,1
2031,2026-06-16 13:29:04+05:30,3146.0,1,3132.02,2503755,126284.0,197232.0,3163.0,3163.0,3108.0,3134.3,31990800,3447.7,2820.9,3839.9,2896.0,3146.0,6,4,3145.9,22,4,3145.8,207,6,3145.7,2,1,3145.6,29,2,3146.3,26,1,3147.1,76,2,3147.2,200,1,3147.3,209,3,3147.4,20,1
2031,2026-06-16 13:29:04+05:30,3146.0,1,3132.02,2503755,126284.0,197232.0,3163.0,3163.0,3108.0,3134.3,31990800,3447.7,2820.9,3839.9,2896.0,3146.0,6,4,3145.9,22,4,3145.8,207,6,3145.7,2,1,3145.6,29,2,3146.3,26,1,3147.1,76,2,3147.2,200,1,3147.3,209,3,3147.4,20,1
2031,2026-06-16 13:29:05+05:30,3146.0,1,3132.02,2503755,126268.0,197249.0,3163.0,3163.0,3108.0,3134.3,31990800,3447.7,2820.9,3839.9,2896.0,3146.0,2,2,3145.9,22,4,3145.8,168,5,3145.7,9,2,3145.6,10,1,3146.1,2,1,3146.3,26,1,3147.1,76,2,3147.2,200,1,3147.3,209,3
2031,2026-06-16 13:29:05+05:30,3146.3,14,3132.02,2503755,126268.0,197249.0,3163.0,3163.0,3108.0,3134.3,31990800,3447.7,2820.9,3839.9,2896.0,3146.0,2,2,3145.9,22,4,3145.8,168,5,3145.7,9,2,3145.6,10,1,3146.1,2,1,3146.3,26,1,3147.1,76,2,3147.2,200,1,3147.3,209,3
2031,2026-06-16 13:29:06+05:30,3146.0,1,3132.02,2503773,127253.0,197443.0,3163.0,3163.0,3108.0,3134.3,31990800,3447.7,2820.9,3839.9,2896.0,3146.2,1,1,3146.0,3,2,3145.9,37,5,3145.8,135,3,3145.7,2,1,3146.3,12,1,3147.1,41,1,3147.2,200,1,3147.3,241,4,3147.4,20,1
2031,2026-06-16 13:29:06+05:30,3146.0,1,3132.02,2503773,127253.0,197443.0,3163.0,3163.0,3108.0,3134.3,31990800,3447.7,2820.9,3839.9,2896.0,3146.2,1,1,3146.0,3,2,3145.9,37,5,3145.8,135,3,3145.7,2,1,3146.3,12,1,3147.1,41,1,3147.2,200,1,3147.3,241,4,3147.4,20,1
2031,2026-06-16 13:29:06+05:30,3146.3,12,3132.02,2503826,127451.0,197237.0,3163.0,3163.0,3108.0,3134.3,31990800,3447.7,2820.9,3839.9,2896.0,3146.3,38,1,3146.1,17,2,3146.0,1,1,3145.9,21,4,3145.8,132,2,3147.1,41,1,3147.2,243,2,3147.3,203,3,3147.4,93,2,3147.5,449,3
2031,2026-06-16 13:29:07+05:30,3146.3,12,3132.02,2503826,127451.0,197237.0,3163.0,3163.0,3108.0,3134.3,31990800,3447.7,2820.9,3839.9,2896.0,3146.3,38,1,3146.1,17,2,3146.0,1,1,3145.9,21,4,3145.8,132,2,3147.1,41,1,3147.2,243,2,3147.3,203,3,3147.4,93,2,3147.5,449,3
2031,2026-06-16 13:29:08+05:30,3146.3,12,3132.02,2503826,127511.0,197281.0,3163.0,3163.0,3108.0,3134.3,31990800,3447.7,2820.9,3839.9,2896.0,3146.3,39,2,3146.1,17,2,3146.0,1,1,3145.9,21,4,3145.8,132,2,3147.1,41,1,3147.2,200,1,3147.3,203,3,3147.4,93,2,3147.5,449,3
2031,2026-06-16 13:29:09+05:30,3147.0,1,3132.02,2503827,127685.0,197249.0,3163.0,3163.0,3108.0,3134.3,31990800,3447.7,2820.9,3839.9,2896.0,3146.3,1,1,3146.2,10,1,3146.1,17,2,3146.0,1,1,3145.9,17,3,3147.0,199,1,3147.1,311,5,3147.2,200,1,3147.3,409,3,3147.4,131,3
2031,2026-06-16 13:29:09+05:30,3147.0,1,3132.02,2503827,127685.0,197249.0,3163.0,3163.0,3108.0,3134.3,31990800,3447.7,2820.9,3839.9,2896.0,3146.3,1,1,3146.2,10,1,3146.1,17,2,3146.0,1,1,3145.9,17,3,3147.0,199,1,3147.1,311,5,3147.2,200,1,3147.3,409,3,3147.4,131,3
2031,2026-06-16 13:29:10+05:30,3147.0,28,3132.02,2503827,127685.0,197249.0,3163.0,3163.0,3108.0,3134.3,31990800,3447.7,2820.9,3839.9,2896.0,3146.3,1,1,3146.2,10,1,3146.1,17,2,3146.0,1,1,3145.9,17,3,3147.0,199,1,3147.1,311,5,3147.2,200,1,3147.3,409,3,3147.4,131,3
2031,2026-06-16 13:29:10+05:30,3147.0,8,3132.02,2503873,127742.0,197431.0,3163.0,3163.0,3108.0,3134.3,31990800,3447.7,2820.9,3839.9,2896.0,3146.4,18,1,3146.3,1,1,3146.2,10,1,3146.1,3,1,3146.0,1,1,3147.0,163,1,3147.1,311,5,3147.2,200,1,3147.3,452,4,3147.4,179,4
2031,2026-06-16 13:29:11+05:30,3147.0,8,3132.02,2503873,127742.0,197431.0,3163.0,3163.0,3108.0,3134.3,31990800,3447.7,2820.9,3839.9,2896.0,3146.4,18,1,3146.3,1,1,3146.2,10,1,3146.1,3,1,3146.0,1,1,3147.0,163,1,3147.1,311,5,3147.2,200,1,3147.3,452,4,3147.4,179,4
2031,2026-06-16 13:29:11+05:30,3147.0,8,3132.02,2503873,127692.0,197586.0,3163.0,3163.0,3108.0,3134.3,31990800,3447.7,2820.9,3839.9,2896.0,3146.7,1,1,3146.5,18,1,3146.4,1,1,3146.3,1,1,3146.2,10,1,3146.9,163,1,3147.0,162,1,3147.1,317,4,3147.2,200,1,3147.3,523,6
2031,2026-06-16 13:29:12+05:30,3146.9,1,3132.02,2503891,127703.0,197225.0,3163.0,3163.0,3108.0,3134.3,31990800,3447.7,2820.9,3839.9,2896.0,3146.7,19,2,3146.4,1,1,3146.3,1,1,3146.2,24,2,3146.1,3,1,3146.9,37,4,3147.0,163,1,3147.1,241,3,3147.2,248,3,3147.3,480,5
2031,2026-06-16 13:29:12+05:30,3146.9,1,3132.02,2503891,127703.0,197225.0,3163.0,3163.0,3108.0,3134.3,31990800,3447.7,2820.9,3839.9,2896.0,3146.7,19,2,3146.4,1,1,3146.3,1,1,3146.2,24,2,3146.1,3,1,3146.9,37,4,3147.0,163,1,3147.1,241,3,3147.2,248,3,3147.3,480,5
2031,2026-06-16 13:29:13+05:30,3146.9,1,3132.02,2503891,127700.0,197068.0,3163.0,3163.0,3108.0,3134.3,31990800,3447.7,2820.9,3839.9,2896.0,3146.7,19,2,3146.4,1,1,3146.3,1,1,3146.2,24,2,3146.1,3,1,3146.9,200,5,3147.0,162,1,3147.1,279,3,3147.2,248,3,3147.3,480,5
2031,2026-06-16 13:29:14+05:30,3146.9,1,3132.02,2503891,127700.0,197068.0,3163.0,3163.0,3108.0,3134.3,31990800,3447.7,2820.9,3839.9,2896.0,3146.7,19,2,3146.4,1,1,3146.3,1,1,3146.2,24,2,3146.1,3,1,3146.9,200,5,3147.0,162,1,3147.1,279,3,3147.2,248,3,3147.3,480,5
2031,2026-06-16 13:29:14+05:30,3146.9,1,3132.02,2504092,127570.0,197407.0,3163.0,3163.0,3108.0,3134.3,31990800,3447.7,2820.9,3839.9,2896.0,3146.5,16,1,3146.4,16,2,3146.3,1,1,3146.2,10,1,3146.1,3,1,3147.0,199,1,3147.1,241,3,3147.2,48,2,3147.3,680,6,3147.4,91,2
2031,2026-06-16 13:29:15+05:30,3146.4,7,3132.02,2504092,127570.0,197407.0,3163.0,3163.0,3108.0,3134.3,31990800,3447.7,2820.9,3839.9,2896.0,3146.5,16,1,3146.4,16,2,3146.3,1,1,3146.2,10,1,3146.1,3,1,3147.0,199,1,3147.1,241,3,3147.2,48,2,3147.3,680,6,3147.4,91,2
2031,2026-06-16 13:29:15+05:30,3146.4,7,3132.03,2504292,127446.0,197406.0,3163.0,3163.0,3108.0,3134.3,31990800,3447.7,2820.9,3839.9,2896.0,3146.4,1,1,3146.3,12,2,3146.1,3,1,3146.0,3,1,3145.9,1,1,3147.0,25,1,3147.1,240,2,3147.2,162,1,3147.3,441,4,3147.4,262,3
2031,2026-06-16 13:29:16+05:30,3146.4,7,3132.03,2504292,127446.0,197406.0,3163.0,3163.0,3108.0,3134.3,31990800,3447.7,2820.9,3839.9,2896.0,3146.4,1,1,3146.3,12,2,3146.1,3,1,3146.0,3,1,3145.9,1,1,3147.0,25,1,3147.1,240,2,3147.2,162,1,3147.3,441,4,3147.4,262,3
2031,2026-06-16 13:29:16+05:30,3146.4,7,3132.03,2504292,127260.0,197563.0,3163.0,3163.0,3108.0,3134.3,31990800,3447.7,2820.9,3839.9,2896.0,3146.7,2,2,3146.4,1,1,3146.3,12,2,3146.1,3,1,3146.0,3,1,3147.0,25,1,3147.1,240,2,3147.2,162,1,3147.3,441,4,3147.4,224,2
2031,2026-06-16 13:29:17+05:30,3146.4,17,3132.03,2504292,127260.0,197563.0,3163.0,3163.0,3108.0,3134.3,31990800,3447.7,2820.9,3839.9,2896.0,3146.7,2,2,3146.4,1,1,3146.3,12,2,3146.1,3,1,3146.0,3,1,3147.0,25,1,3147.1,240,2,3147.2,162,1,3147.3,441,4,3147.4,224,2
2031,2026-06-16 13:29:17+05:30,3147.1,2,3132.03,2504370,127713.0,197643.0,3163.0,3163.0,3108.0,3134.3,31990800,3447.7,2820.9,3839.9,2896.0,3146.7,43,1,3146.4,18,2,3146.3,12,2,3146.2,7,1,3146.1,3,1,3147.1,238,2,3147.2,212,2,3147.3,409,3,3147.4,200,1,3147.5,200,1
2031,2026-06-16 13:29:17+05:30,3147.1,2,3132.03,2504370,127713.0,197643.0,3163.0,3163.0,3108.0,3134.3,31990800,3447.7,2820.9,3839.9,2896.0,3146.7,43,1,3146.4,18,2,3146.3,12,2,3146.2,7,1,3146.1,3,1,3147.1,238,2,3147.2,212,2,3147.3,409,3,3147.4,200,1,3147.5,200,1
2031,2026-06-16 13:29:18+05:30,3146.7,43,3132.03,2504370,127713.0,197643.0,3163.0,3163.0,3108.0,3134.3,31990800,3447.7,2820.9,3839.9,2896.0,3146.7,43,1,3146.4,18,2,3146.3,12,2,3146.2,7,1,3146.1,3,1,3147.1,238,2,3147.2,212,2,3147.3,409,3,3147.4,200,1,3147.5,200,1
2031,2026-06-16 13:29:18+05:30,3146.7,43,3132.03,2504413,127565.0,197879.0,3163.0,3163.0,3108.0,3134.3,31990800,3447.7,2820.9,3839.9,2896.0,3146.4,18,2,3146.3,12,2,3146.1,3,1,3146.0,3,1,3145.9,1,1,3146.5,157,1,3146.6,1,1,3147.1,291,3,3147.2,244,3,3147.3,447,4
2031,2026-06-16 13:29:19+05:30,3146.5,1,3132.03,2504413,127565.0,197879.0,3163.0,3163.0,3108.0,3134.3,31990800,3447.7,2820.9,3839.9,2896.0,3146.4,18,2,3146.3,12,2,3146.1,3,1,3146.0,3,1,3145.9,1,1,3146.5,157,1,3146.6,1,1,3147.1,291,3,3147.2,244,3,3147.3,447,4
2031,2026-06-16 13:29:19+05:30,3146.5,1,3132.03,2504415,127742.0,197871.0,3163.0,3163.0,3108.0,3134.3,31990800,3447.7,2820.9,3839.9,2896.0,3146.4,18,2,3146.3,12,2,3146.1,3,1,3146.0,3,1,3145.9,1,1,3146.5,155,1,3146.6,1,1,3147.1,291,3,3147.2,244,3,3147.3,447,4
2031,2026-06-16 13:29:19+05:30,3146.5,1,3132.03,2504415,127742.0,197871.0,3163.0,3163.0,3108.0,3134.3,31990800,3447.7,2820.9,3839.9,2896.0,3146.4,18,2,3146.3,12,2,3146.1,3,1,3146.0,3,1,3145.9,1,1,3146.5,155,1,3146.6,1,1,3147.1,291,3,3147.2,244,3,3147.3,447,4
2031,2026-06-16 13:29:20+05:30,3146.5,1,3132.03,2504415,127742.0,197871.0,3163.0,3163.0,3108.0,3134.3,31990800,3447.7,2820.9,3839.9,2896.0,3146.4,18,2,3146.3,12,2,3146.1,3,1,3146.0,3,1,3145.9,1,1,3146.5,155,1,3146.6,1,1,3147.1,291,3,3147.2,244,3,3147.3,447,4
2031,2026-06-16 13:29:20+05:30,3146.4,1,3132.03,2504417,127962.0,197536.0,3163.0,3163.0,3108.0,3134.3,31990800,3447.7,2820.9,3839.9,2896.0,3146.4,18,3,3146.3,12,2,3146.1,3,1,3146.0,3,1,3145.9,1,1,3146.5,155,1,3146.6,1,1,3147.1,291,3,3147.2,244,3,3147.3,447,4
2031,2026-06-16 13:29:21+05:30,3146.5,155,3132.03,2504417,127962.0,197536.0,3163.0,3163.0,3108.0,3134.3,31990800,3447.7,2820.9,3839.9,2896.0,3146.4,18,3,3146.3,12,2,3146.1,3,1,3146.0,3,1,3145.9,1,1,3146.5,155,1,3146.6,1,1,3147.1,291,3,3147.2,244,3,3147.3,447,4
2031,2026-06-16 13:29:21+05:30,3146.5,155,3132.03,2504572,128207.0,197242.0,3163.0,3163.0,3108.0,3134.3,31990800,3447.7,2820.9,3839.9,2896.0,3146.4,20,3,3146.3,12,2,3146.2,12,2,3146.1,49,4,3146.0,55,3,3146.6,1,1,3147.1,291,3,3147.2,212,2,3147.3,409,3,3147.4,200,1
2031,2026-06-16 13:29:22+05:30,3146.5,155,3132.03,2504572,128207.0,197242.0,3163.0,3163.0,3108.0,3134.3,31990800,3447.7,2820.9,3839.9,2896.0,3146.4,20,3,3146.3,12,2,3146.2,12,2,3146.1,49,4,3146.0,55,3,3146.6,1,1,3147.1,291,3,3147.2,212,2,3147.3,409,3,3147.4,200,1
2031,2026-06-16 13:29:22+05:30,3147.0,6,3132.03,2504580,128462.0,196830.0,3163.0,3163.0,3108.0,3134.3,31990800,3447.7,2820.9,3839.9,2896.0,3146.4,20,3,3146.3,12,2,3146.2,6,1,3146.1,49,4,3146.0,55,3,3147.0,9,1,3147.1,238,2,3147.2,162,1,3147.3,409,3,3147.4,200,1
2031,2026-06-16 13:29:23+05:30,3147.0,6,3132.03,2504580,128462.0,196830.0,3163.0,3163.0,3108.0,3134.3,31990800,3447.7,2820.9,3839.9,2896.0,3146.4,20,3,3146.3,12,2,3146.2,6,1,3146.1,49,4,3146.0,55,3,3147.0,9,1,3147.1,238,2,3147.2,162,1,3147.3,409,3,3147.4,200,1
2031,2026-06-16 13:29:23+05:30,3147.0,6,3132.03,2504580,128430.0,197128.0,3163.0,3163.0,3108.0,3134.3,31990800,3447.7,2820.9,3839.9,2896.0,3146.4,2,2,3146.3,30,3,3146.2,6,1,3146.1,11,2,3146.0,55,3,3147.0,9,1,3147.1,238,2,3147.2,162,1,3147.3,409,3,3147.4,200,1
2031,2026-06-16 13:29:24+05:30,3147.0,6,3132.03,2504580,128430.0,197128.0,3163.0,3163.0,3108.0,3134.3,31990800,3447.7,2820.9,3839.9,2896.0,3146.4,2,2,3146.3,30,3,3146.2,6,1,3146.1,11,2,3146.0,55,3,3147.0,9,1,3147.1,238,2,3147.2,162,1,3147.3,409,3,3147.4,200,1
2031,2026-06-16 13:29:24+05:30,3147.0,1,3132.03,2504581,128430.0,197128.0,3163.0,3163.0,3108.0,3134.3,31990800,3447.7,2820.9,3839.9,2896.0,3146.4,2,2,3146.3,30,3,3146.2,6,1,3146.1,30,3,3146.0,55,3,3147.0,9,2,3147.1,238,2,3147.2,162,1,3147.3,409,3,3147.4,200,1
2031,2026-06-16 13:29:25+05:30,3147.0,1,3132.03,2504581,128430.0,197128.0,3163.0,3163.0,3108.0,3134.3,31990800,3447.7,2820.9,3839.9,2896.0,3146.4,2,2,3146.3,30,3,3146.2,6,1,3146.1,30,3,3146.0,55,3,3147.0,9,2,3147.1,238,2,3147.2,162,1,3147.3,409,3,3147.4,200,1
2031,2026-06-16 13:29:25+05:30,3147.0,1,3132.03,2504581,128430.0,197128.0,3163.0,3163.0,3108.0,3134.3,31990800,3447.7,2820.9,3839.9,2896.0,3146.4,2,2,3146.3,30,3,3146.2,6,1,3146.1,30,3,3146.0,55,3,3147.0,9,2,3147.1,238,2,3147.2,162,1,3147.3,409,3,3147.4,200,1
2031,2026-06-16 13:29:25+05:30,3146.4,1,3132.03,2504660,128346.0,197185.0,3163.0,3163.0,3108.0,3134.3,31990800,3447.7,2820.9,3839.9,2896.0,3146.4,13,1,3146.1,12,2,3146.0,13,2,3145.9,172,2,3145.8,229,7,3147.0,8,2,3147.1,238,2,3147.2,162,1,3147.3,409,3,3147.4,200,1
2031,2026-06-16 13:29:26+05:30,3146.4,1,3132.03,2504660,128346.0,197185.0,3163.0,3163.0,3108.0,3134.3,31990800,3447.7,2820.9,3839.9,2896.0,3146.4,13,1,3146.1,12,2,3146.0,13,2,3145.9,172,2,3145.8,229,7,3147.0,8,2,3147.1,238,2,3147.2,162,1,3147.3,409,3,3147.4,200,1
2031,2026-06-16 13:29:26+05:30,3146.4,1,3132.03,2504660,128320.0,197254.0,3163.0,3163.0,3108.0,3134.3,31990800,3447.7,2820.9,3839.9,2896.0,3146.4,13,1,3146.1,62,5,3146.0,73,4,3145.9,64,2,3145.8,280,9,3147.0,8,2,3147.1,39,1,3147.3,9,1,3147.4,199,1,3147.5,162,1
2031,2026-06-16 13:29:27+05:30,3146.4,1,3132.03,2504660,128320.0,197254.0,3163.0,3163.0,3108.0,3134.3,31990800,3447.7,2820.9,3839.9,2896.0,3146.4,13,1,3146.1,62,5,3146.0,73,4,3145.9,64,2,3145.8,280,9,3147.0,8,2,3147.1,39,1,3147.3,9,1,3147.4,199,1,3147.5,162,1
2031,2026-06-16 13:29:27+05:30,3147.0,1,3132.03,2504668,128897.0,196526.0,3163.0,3163.0,3108.0,3134.3,31990800,3447.7,2820.9,3839.9,2896.0,3147.0,92,1,3146.4,31,2,3146.1,65,5,3146.0,73,4,3145.9,248,5,3147.1,39,1,3147.3,9,1,3147.4,199,1,3147.5,562,2,3147.6,202,2
2031,2026-06-16 13:29:27+05:30,3147.0,1,3132.03,2504668,128897.0,196526.0,3163.0,3163.0,3108.0,3134.3,31990800,3447.7,2820.9,3839.9,2896.0,3147.0,92,1,3146.4,31,2,3146.1,65,5,3146.0,73,4,3145.9,248,5,3147.1,39,1,3147.3,9,1,3147.4,199,1,3147.5,562,2,3147.6,202,2
2031,2026-06-16 13:29:28+05:30,3147.0,1,3132.03,2504668,128897.0,196526.0,3163.0,3163.0,3108.0,3134.3,31990800,3447.7,2820.9,3839.9,2896.0,3147.0,92,1,3146.4,31,2,3146.1,65,5,3146.0,73,4,3145.9,248,5,3147.1,39,1,3147.3,9,1,3147.4,199,1,3147.5,562,2,3147.6,202,2
2031,2026-06-16 13:29:28+05:30,3147.0,1,3132.03,2504668,128897.0,196526.0,3163.0,3163.0,3108.0,3134.3,31990800,3447.7,2820.9,3839.9,2896.0,3147.0,92,1,3146.4,31,2,3146.1,65,5,3146.0,73,4,3145.9,248,5,3147.1,39,1,3147.3,9,1,3147.4,199,1,3147.5,562,2,3147.6,202,2
2031,2026-06-16 13:29:28+05:30,3147.0,3,3132.03,2504671,128777.0,196542.0,3163.0,3163.0,3108.0,3134.3,31990800,3447.7,2820.9,3839.9,2896.0,3147.0,92,3,3146.7,6,1,3146.5,36,2,3146.4,18,1,3146.2,29,4,3147.1,64,2,3147.3,9,1,3147.4,199,1,3147.5,562,2,3147.6,202,2
2031,2026-06-16 13:29:28+05:30,3147.0,3,3132.03,2504671,128777.0,196542.0,3163.0,3163.0,3108.0,3134.3,31990800,3447.7,2820.9,3839.9,2896.0,3147.0,92,3,3146.7,6,1,3146.5,36,2,3146.4,18,1,3146.2,29,4,3147.1,64,2,3147.3,9,1,3147.4,199,1,3147.5,562,2,3147.6,202,2
2031,2026-06-16 13:29:29+05:30,3147.0,3,3132.03,2504671,128777.0,196542.0,3163.0,3163.0,3108.0,3134.3,31990800,3447.7,2820.9,3839.9,2896.0,3147.0,92,3,3146.7,6,1,3146.5,36,2,3146.4,18,1,3146.2,29,4,3147.1,64,2,3147.3,9,1,3147.4,199,1,3147.5,562,2,3147.6,202,2
2031,2026-06-16 13:29:29+05:30,3147.0,3,3132.03,2504671,128777.0,196542.0,3163.0,3163.0,3108.0,3134.3,31990800,3447.7,2820.9,3839.9,2896.0,3147.0,92,3,3146.7,6,1,3146.5,36,2,3146.4,18,1,3146.2,29,4,3147.1,64,2,3147.3,9,1,3147.4,199,1,3147.5,562,2,3147.6,202,2
2031,2026-06-16 13:29:29+05:30,3147.1,25,3132.03,2504736,128790.0,195485.0,3163.0,3163.0,3108.0,3134.3,31990800,3447.7,2820.9,3839.9,2896.0,3147.0,122,7,3146.9,6,1,3146.8,28,3,3146.7,34,4,3146.6,89,3,3147.3,9,1,3147.5,400,1,3147.6,2,1,3148.0,249,3,3148.1,177,2
2031,2026-06-16 13:29:30+05:30,3147.3,1,3132.03,2504736,128790.0,195485.0,3163.0,3163.0,3108.0,3134.3,31990800,3447.7,2820.9,3839.9,2896.0,3147.0,122,7,3146.9,6,1,3146.8,28,3,3146.7,34,4,3146.6,89,3,3147.3,9,1,3147.5,400,1,3147.6,2,1,3148.0,249,3,3148.1,177,2
2031,2026-06-16 13:29:30+05:30,3147.3,1,3132.03,2504736,128790.0,195485.0,3163.0,3163.0,3108.0,3134.3,31990800,3447.7,2820.9,3839.9,2896.0,3147.0,122,7,3146.9,6,1,3146.8,28,3,3146.7,34,4,3146.6,89,3,3147.3,9,1,3147.5,400,1,3147.6,2,1,3148.0,249,3,3148.1,177,2
2031,2026-06-16 13:29:30+05:30,3147.3,1,3132.03,2504737,128723.0,195485.0,3163.0,3163.0,3108.0,3134.3,31990800,3447.7,2820.9,3839.9,2896.0,3147.2,4,3,3147.0,127,9,3146.9,18,2,3146.8,48,4,3146.7,34,4,3147.3,9,2,3147.5,400,1,3147.6,2,1,3148.0,249,3,3148.1,177,2
2031,2026-06-16 13:29:31+05:30,3147.3,1,3132.03,2504737,128723.0,195485.0,3163.0,3163.0,3108.0,3134.3,31990800,3447.7,2820.9,3839.9,2896.0,3147.2,4,3,3147.0,127,9,3146.9,18,2,3146.8,48,4,3146.7,34,4,3147.3,9,2,3147.5,400,1,3147.6,2,1,3148.0,249,3,3148.1,177,2
2031,2026-06-16 13:29:31+05:30,3147.5,18,3132.03,2504764,129354.0,195157.0,3163.0,3163.0,3108.0,3134.3,31990800,3447.7,2820.9,3839.9,2896.0,3147.4,1,1,3147.3,43,5,3147.2,35,6,3147.1,43,2,3147.0,129,9,3147.5,382,1,3147.6,4,2,3148.0,249,3,3148.1,177,2,3148.2,200,1
2031,2026-06-16 13:29:31+05:30,3147.5,18,3132.03,2504764,129354.0,195157.0,3163.0,3163.0,3108.0,3134.3,31990800,3447.7,2820.9,3839.9,2896.0,3147.4,1,1,3147.3,43,5,3147.2,35,6,3147.1,43,2,3147.0,129,9,3147.5,382,1,3147.6,4,2,3148.0,249,3,3148.1,177,2,3148.2,200,1
2031,2026-06-16 13:29:32+05:30,3147.5,18,3132.03,2504764,129354.0,195157.0,3163.0,3163.0,3108.0,3134.3,31990800,3447.7,2820.9,3839.9,2896.0,3147.4,1,1,3147.3,43,5,3147.2,35,6,3147.1,43,2,3147.0,129,9,3147.5,382,1,3147.6,4,2,3148.0,249,3,3148.1,177,2,3148.2,200,1
2031,2026-06-16 13:29:32+05:30,3147.5,18,3132.03,2504764,129354.0,195157.0,3163.0,3163.0,3108.0,3134.3,31990800,3447.7,2820.9,3839.9,2896.0,3147.4,1,1,3147.3,43,5,3147.2,35,6,3147.1,43,2,3147.0,129,9,3147.5,382,1,3147.6,4,2,3148.0,249,3,3148.1,177,2,3148.2,200,1
2031,2026-06-16 13:29:32+05:30,3147.3,1,3132.03,2504929,129329.0,195231.0,3163.0,3163.0,3108.0,3134.3,31990800,3447.7,2820.9,3839.9,2896.0,3147.3,5,2,3147.2,29,6,3147.1,43,2,3147.0,146,10,3146.9,6,1,3147.5,254,2,3147.6,4,2,3148.0,249,3,3148.1,162,1,3148.2,200,1
2031,2026-06-16 13:29:33+05:30,3147.3,1,3132.03,2504929,129329.0,195231.0,3163.0,3163.0,3108.0,3134.3,31990800,3447.7,2820.9,3839.9,2896.0,3147.3,5,2,3147.2,29,6,3147.1,43,2,3147.0,146,10,3146.9,6,1,3147.5,254,2,3147.6,4,2,3148.0,249,3,3148.1,162,1,3148.2,200,1
2031,2026-06-16 13:29:33+05:30,3147.3,1,3132.03,2504929,129329.0,195231.0,3163.0,3163.0,3108.0,3134.3,31990800,3447.7,2820.9,3839.9,2896.0,3147.3,5,2,3147.2,29,6,3147.1,43,2,3147.0,146,10,3146.9,6,1,3147.5,254,2,3147.6,4,2,3148.0,249,3,3148.1,162,1,3148.2,200,1
2031,2026-06-16 13:29:33+05:30,3147.0,50,3132.03,2505022,128955.0,195451.0,3163.0,3163.0,3108.0,3134.3,31990800,3447.7,2820.9,3839.9,2896.0,3147.3,15,1,3147.0,66,6,3146.8,9,2,3146.7,34,4,3146.6,48,3,3147.5,263,3,3147.6,4,2,3147.9,40,1,3148.0,290,4,3148.1,362,2
2031,2026-06-16 13:29:34+05:30,3147.0,50,3132.03,2505022,128955.0,195451.0,3163.0,3163.0,3108.0,3134.3,31990800,3447.7,2820.9,3839.9,2896.0,3147.3,15,1,3147.0,66,6,3146.8,9,2,3146.7,34,4,3146.6,48,3,3147.5,263,3,3147.6,4,2,3147.9,40,1,3148.0,290,4,3148.1,362,2
2031,2026-06-16 13:29:34+05:30,3147.0,50,3132.03,2505022,128955.0,195451.0,3163.0,3163.0,3108.0,3134.3,31990800,3447.7,2820.9,3839.9,2896.0,3147.3,15,1,3147.0,66,6,3146.8,9,2,3146.7,34,4,3146.6,48,3,3147.5,263,3,3147.6,4,2,3147.9,40,1,3148.0,290,4,3148.1,362,2
2031,2026-06-16 13:29:34+05:30,3147.0,50,3132.03,2505022,129064.0,195287.0,3163.0,3163.0,3108.0,3134.3,31990800,3447.7,2820.9,3839.9,2896.0,3147.0,92,10,3146.9,28,2,3146.8,9,2,3146.7,34,4,3146.6,74,4,3147.5,263,3,3147.6,4,2,3147.9,40,1,3148.0,290,4,3148.1,162,1
2031,2026-06-16 13:29:35+05:30,3147.0,50,3132.03,2505022,129064.0,195287.0,3163.0,3163.0,3108.0,3134.3,31993800,3447.7,2820.9,3839.9,2896.0,3147.0,92,10,3146.9,28,2,3146.8,9,2,3146.7,34,4,3146.6,74,4,3147.5,263,3,3147.6,4,2,3147.9,40,1,3148.0,290,4,3148.1,162,1
2031,2026-06-16 13:29:35+05:30,3147.2,1,3132.03,2505024,129040.0,195307.0,3163.0,3163.0,3108.0,3134.3,31993800,3447.7,2820.9,3839.9,2896.0,3147.2,15,1,3147.0,112,10,3146.9,28,2,3146.8,9,2,3146.7,34,4,3147.5,262,3,3147.6,4,2,3147.9,40,1,3148.0,290,4,3148.1,162,1
2031,2026-06-16 13:29:36+05:30,3147.5,100,3132.03,2505024,129040.0,195307.0,3163.0,3163.0,3108.0,3134.3,31993800,3447.7,2820.9,3839.9,2896.0,3147.2,15,1,3147.0,112,10,3146.9,28,2,3146.8,9,2,3146.7,34,4,3147.5,262,3,3147.6,4,2,3147.9,40,1,3148.0,290,4,3148.1,162,1
2031,2026-06-16 13:29:36+05:30,3147.5,100,3132.03,2505124,129126.0,195402.0,3163.0,3163.0,3108.0,3134.3,31993800,3447.7,2820.9,3839.9,2896.0,3147.3,16,1,3147.0,123,10,3146.9,10,1,3146.8,10,2,3146.7,34,4,3147.5,162,3,3147.6,4,2,3147.9,40,1,3148.0,290,4,3148.1,162,1
2031,2026-06-16 13:29:37+05:30,3147.5,27,3132.03,2505151,129433.0,195097.0,3163.0,3163.0,3108.0,3134.3,31993800,3447.7,2820.9,3839.9,2896.0,3147.4,16,1,3147.3,48,2,3147.1,12,2,3147.0,123,10,3146.9,39,3,3147.5,135,3,3147.6,4,2,3147.9,40,1,3148.0,290,4,3148.1,162,1
2031,2026-06-16 13:29:38+05:30,3147.5,27,3132.03,2505151,129433.0,195097.0,3163.0,3163.0,3108.0,3134.3,31993800,3447.7,2820.9,3839.9,2896.0,3147.4,16,1,3147.3,48,2,3147.1,12,2,3147.0,123,10,3146.9,39,3,3147.5,135,3,3147.6,4,2,3147.9,40,1,3148.0,290,4,3148.1,162,1
2031,2026-06-16 13:29:38+05:30,3147.4,15,3132.03,2505332,129476.0,194967.0,3163.0,3163.0,3108.0,3134.3,31993800,3447.7,2820.9,3839.9,2896.0,3147.4,43,2,3147.3,48,2,3147.0,152,11,3146.9,10,1,3146.8,62,3,3147.5,6,2,3147.6,4,2,3147.9,40,1,3148.0,290,4,3148.1,162,1
2031,2026-06-16 13:29:39+05:30,3147.4,15,3132.03,2505332,129476.0,194967.0,3163.0,3163.0,3108.0,3134.3,31993800,3447.7,2820.9,3839.9,2896.0,3147.4,43,2,3147.3,48,2,3147.0,152,11,3146.9,10,1,3146.8,62,3,3147.5,6,2,3147.6,4,2,3147.9,40,1,3148.0,290,4,3148.1,162,1
2031,2026-06-16 13:29:39+05:30,3147.9,15,3132.03,2505389,130329.0,194811.0,3163.0,3163.0,3108.0,3134.3,31993800,3447.7,2820.9,3839.9,2896.0,3147.5,1,1,3147.4,22,3,3147.3,43,1,3147.2,3,1,3147.0,151,10,3148.0,249,3,3148.1,162,1,3148.2,200,1,3148.3,911,6,3148.4,200,1
2031,2026-06-16 13:29:40+05:30,3147.9,15,3132.03,2505389,130329.0,194811.0,3163.0,3163.0,3108.0,3134.3,31993800,3447.7,2820.9,3839.9,2896.0,3147.5,1,1,3147.4,22,3,3147.3,43,1,3147.2,3,1,3147.0,151,10,3148.0,249,3,3148.1,162,1,3148.2,200,1,3148.3,911,6,3148.4,200,1
2031,2026-06-16 13:29:40+05:30,3148.0,1,3132.03,2505398,130355.0,194826.0,3163.0,3163.0,3108.0,3134.3,31993800,3447.7,2820.9,3839.9,2896.0,3147.5,1,1,3147.4,39,4,3147.3,43,1,3147.2,3,1,3147.0,133,8,3148.0,240,3,3148.1,162,1,3148.2,200,1,3148.3,911,6,3148.4,200,1
2031,2026-06-16 13:29:41+05:30,3148.0,1,3132.03,2505398,130355.0,194826.0,3163.0,3163.0,3108.0,3134.3,31993800,3447.7,2820.9,3839.9,2896.0,3147.5,1,1,3147.4,39,4,3147.3,43,1,3147.2,3,1,3147.0,133,8,3148.0,240,3,3148.1,162,1,3148.2,200,1,3148.3,911,6,3148.4,200,1
2031,2026-06-16 13:29:41+05:30,3148.0,1,3132.03,2505398,130355.0,194906.0,3163.0,3163.0,3108.0,3134.3,31993800,3447.7,2820.9,3839.9,2896.0,3147.5,1,1,3147.4,39,4,3147.3,43,1,3147.2,3,1,3147.0,133,8,3148.0,265,4,3148.1,162,1,3148.2,200,1,3148.3,911,6,3148.4,200,1
2031,2026-06-16 13:29:42+05:30,3148.0,1,3132.03,2505398,130360.0,194912.0,3163.0,3163.0,3108.0,3134.3,31993800,3447.7,2820.9,3839.9,2896.0,3147.5,1,1,3147.4,39,4,3147.3,43,1,3147.2,3,1,3147.0,133,8,3148.0,265,4,3148.1,162,1,3148.2,200,1,3148.3,911,6,3148.4,200,1
2031,2026-06-16 13:29:43+05:30,3148.0,1,3132.03,2505398,130360.0,194921.0,3163.0,3163.0,3108.0,3134.3,31993800,3447.7,2820.9,3839.9,2896.0,3147.5,1,1,3147.4,39,4,3147.3,43,1,3147.2,3,1,3147.0,133,8,3148.0,274,5,3148.1,162,1,3148.2,200,1,3148.3,911,6,3148.4,200,1
2031,2026-06-16 13:29:44+05:30,3148.0,1,3132.03,2505401,130355.0,194763.0,3163.0,3163.0,3108.0,3134.3,31993800,3447.7,2820.9,3839.9,2896.0,3147.4,35,3,3147.3,43,1,3147.2,21,2,3147.0,114,7,3146.9,55,3,3148.0,314,6,3148.1,162,1,3148.2,200,1,3148.3,911,6,3148.4,200,1
2031,2026-06-16 13:29:45+05:30,3148.1,162,3132.03,2505401,130355.0,194763.0,3163.0,3163.0,3108.0,3134.3,31993800,3447.7,2820.9,3839.9,2896.0,3147.4,35,3,3147.3,43,1,3147.2,21,2,3147.0,114,7,3146.9,55,3,3148.0,314,6,3148.1,162,1,3148.2,200,1,3148.3,911,6,3148.4,200,1
2031,2026-06-16 13:29:45+05:30,3148.0,3,3132.04,2505880,130052.0,192755.0,3163.0,3163.0,3108.0,3134.3,31993800,3447.7,2820.9,3839.9,2896.0,3148.0,1,1,3147.8,33,2,3147.7,43,10,3147.6,17,2,3147.5,36,3,3148.3,311,3,3148.5,5,1,3148.6,9,1,3148.7,5,1,3149.0,66,2
2031,2026-06-16 13:29:46+05:30,3148.3,1,3132.04,2505880,130052.0,192755.0,3163.0,3163.0,3108.0,3134.3,31993800,3447.7,2820.9,3839.9,2896.0,3148.0,1,1,3147.8,33,2,3147.7,43,10,3147.6,17,2,3147.5,36,3,3148.3,311,3,3148.5,5,1,3148.6,9,1,3148.7,5,1,3149.0,66,2
2031,2026-06-16 13:29:46+05:30,3148.0,2,3132.04,2505883,130149.0,193010.0,3163.0,3163.0,3108.0,3134.3,31993800,3447.7,2820.9,3839.9,2896.0,3148.2,15,1,3148.0,43,4,3147.8,28,3,3147.7,39,9,3147.6,105,5,3148.3,310,3,3148.5,5,1,3148.6,9,1,3148.7,5,1,3149.0,50,1
2031,2026-06-16 13:29:47+05:30,3148.0,2,3132.04,2505883,130149.0,193010.0,3163.0,3163.0,3108.0,3134.3,31993800,3447.7,2820.9,3839.9,2896.0,3148.2,15,1,3148.0,43,4,3147.8,28,3,3147.7,39,9,3147.6,105,5,3148.3,310,3,3148.5,5,1,3148.6,9,1,3148.7,5,1,3149.0,50,1
2031,2026-06-16 13:29:47+05:30,3148.3,161,3132.04,2506046,130600.0,192552.0,3163.0,3163.0,3108.0,3134.3,31993800,3447.7,2820.9,3839.9,2896.0,3148.2,66,6,3148.0,42,5,3147.9,18,1,3147.8,92,5,3147.7,41,10,3148.3,149,3,3148.5,5,1,3148.6,9,1,3148.7,5,1,3149.0,50,1
2031,2026-06-16 13:29:48+05:30,3148.3,2,3132.04,2506046,130600.0,192552.0,3163.0,3163.0,3108.0,3134.3,31993800,3447.7,2820.9,3839.9,2896.0,3148.2,66,6,3148.0,42,5,3147.9,18,1,3147.8,92,5,3147.7,41,10,3148.3,149,3,3148.5,5,1,3148.6,9,1,3148.7,5,1,3149.0,50,1
2031,2026-06-16 13:29:48+05:30,3148.2,2,3132.04,2506239,130184.0,192625.0,3163.0,3163.0,3108.0,3134.3,31993800,3447.7,2820.9,3839.9,2896.0,3148.2,2,1,3148.0,21,2,3147.8,16,1,3147.7,92,9,3147.6,227,3,3148.3,5,1,3148.5,5,1,3148.6,9,1,3148.7,5,1,3149.0,50,1
2031,2026-06-16 13:29:49+05:30,3148.2,2,3132.04,2506239,130184.0,192625.0,3163.0,3163.0,3108.0,3134.3,31993800,3447.7,2820.9,3839.9,2896.0,3148.2,2,1,3148.0,21,2,3147.8,16,1,3147.7,92,9,3147.6,227,3,3148.3,5,1,3148.5,5,1,3148.6,9,1,3148.7,5,1,3149.0,50,1
2031,2026-06-16 13:29:49+05:30,3148.2,2,3132.04,2506239,130240.0,193603.0,3163.0,3163.0,3108.0,3134.3,31993800,3447.7,2820.9,3839.9,2896.0,3148.2,19,2,3148.1,17,1,3148.0,4,1,3147.9,36,1,3147.7,59,6,3148.3,5,1,3148.5,5,1,3148.6,9,1,3148.7,5,1,3149.0,50,1
2031,2026-06-16 13:29:50+05:30,3148.2,2,3132.04,2506239,130118.0,193507.0,3163.0,3163.0,3108.0,3134.3,31993800,3447.7,2820.9,3839.9,2896.0,3148.2,21,4,3148.0,4,1,3147.7,5,3,3147.6,16,1,3147.4,52,3,3148.3,6,2,3148.5,5,1,3148.6,9,1,3148.7,30,2,3148.8,38,1
2031,2026-06-16 13:29:51+05:30,3148.2,112,3132.04,2506588,129077.0,194392.0,3163.0,3163.0,3108.0,3134.3,31993800,3447.7,2820.9,3839.9,2896.0,3148.0,4,1,3147.7,2,2,3147.6,16,1,3147.1,21,1,3147.0,68,5,3148.2,172,4,3148.3,53,2,3148.4,64,3,3148.5,59,5,3148.6,12,2
2031,2026-06-16 13:29:52+05:30,3148.0,14,3132.04,2506588,129077.0,194392.0,3163.0,3163.0,3108.0,3134.3,31993800,3447.7,2820.9,3839.9,2896.0,3148.0,4,1,3147.7,2,2,3147.6,16,1,3147.1,21,1,3147.0,68,5,3148.2,172,4,3148.3,53,2,3148.4,64,3,3148.5,59,5,3148.6,12,2
2031,2026-06-16 13:29:52+05:30,3148.0,14,3132.04,2506625,129072.0,194961.0,3163.0,3163.0,3108.0,3134.3,31993800,3447.7,2820.9,3839.9,2896.0,3147.7,2,2,3147.6,16,1,3147.0,68,5,3146.9,20,1,3146.8,66,2,3147.9,88,1,3148.0,163,1,3148.2,84,3,3148.3,53,2,3148.4,65,2
2031,2026-06-16 13:29:53+05:30,3147.9,14,3132.04,2506625,129072.0,194961.0,3163.0,3163.0,3108.0,3134.3,31993800,3447.7,2820.9,3839.9,2896.0,3147.7,2,2,3147.6,16,1,3147.0,68,5,3146.9,20,1,3146.8,66,2,3147.9,88,1,3148.0,163,1,3148.2,84,3,3148.3,53,2,3148.4,65,2
2031,2026-06-16 13:29:53+05:30,3147.9,14,3132.04,2506639,129156.0,194732.0,3163.0,3163.0,3108.0,3134.3,31993800,3447.7,2820.9,3839.9,2896.0,3147.7,41,3,3147.6,16,1,3147.0,120,6,3146.9,23,2,3146.8,84,3,3147.9,74,1,3148.0,163,1,3148.3,29,1,3148.4,27,1,3148.5,75,5
2031,2026-06-16 13:29:54+05:30,3147.9,1,3132.04,2506640,129174.0,194765.0,3163.0,3163.0,3108.0,3134.3,31993800,3447.7,2820.9,3839.9,2896.0,3147.7,41,3,3147.6,16,1,3147.0,120,6,3146.9,41,3,3146.8,66,2,3147.9,141,3,3148.0,163,1,3148.2,2,1,3148.4,27,1,3148.5,37,4
2031,2026-06-16 13:29:55+05:30,3147.9,1,3132.04,2506640,129174.0,194765.0,3163.0,3163.0,3108.0,3134.3,31993800,3447.7,2820.9,3839.9,2896.0,3147.7,41,3,3147.6,16,1,3147.0,120,6,3146.9,41,3,3146.8,66,2,3147.9,141,3,3148.0,163,1,3148.2,2,1,3148.4,27,1,3148.5,37,4
2031,2026-06-16 13:29:55+05:30,3147.9,10,3132.04,2506650,129531.0,194276.0,3163.0,3163.0,3108.0,3134.3,31993800,3447.7,2820.9,3839.9,2896.0,3147.7,67,6,3147.6,28,3,3147.5,12,2,3147.4,18,1,3147.3,73,3,3147.9,131,3,3148.0,163,1,3148.2,2,1,3148.4,27,1,3148.5,34,2
2031,2026-06-16 13:29:56+05:30,3147.9,10,3132.04,2506650,129531.0,194276.0,3163.0,3163.0,3108.0,3134.3,31993800,3447.7,2820.9,3839.9,2896.0,3147.7,67,6,3147.6,28,3,3147.5,12,2,3147.4,18,1,3147.3,73,3,3147.9,131,3,3148.0,163,1,3148.2,2,1,3148.4,27,1,3148.5,34,2
2031,2026-06-16 13:29:56+05:30,3147.9,1,3132.04,2506715,129563.0,194355.0,3163.0,3163.0,3108.0,3134.3,31993800,3447.7,2820.9,3839.9,2896.0,3147.7,25,4,3147.6,21,2,3147.5,6,1,3147.4,69,4,3147.3,58,3,3147.9,67,2,3148.0,163,1,3148.2,2,1,3148.4,27,1,3148.5,34,2
2031,2026-06-16 13:29:57+05:30,3147.9,1,3132.04,2506715,129563.0,194355.0,3163.0,3163.0,3108.0,3134.3,31993800,3447.7,2820.9,3839.9,2896.0,3147.7,25,4,3147.6,21,2,3147.5,6,1,3147.4,69,4,3147.3,58,3,3147.9,67,2,3148.0,163,1,3148.2,2,1,3148.4,27,1,3148.5,34,2
2031,2026-06-16 13:29:57+05:30,3147.7,1,3132.04,2506875,129386.0,194447.0,3163.0,3163.0,3108.0,3134.3,31993800,3447.7,2820.9,3839.9,2896.0,3147.6,16,1,3147.5,23,2,3147.4,26,2,3147.3,51,3,3147.2,36,2,3147.7,43,1,3147.9,64,2,3148.0,163,1,3148.2,2,1,3148.4,27,1
2031,2026-06-16 13:29:58+05:30,3148.0,23,3132.04,2506875,129386.0,194447.0,3163.0,3163.0,3108.0,3134.3,31993800,3447.7,2820.9,3839.9,2896.0,3147.6,16,1,3147.5,23,2,3147.4,26,2,3147.3,51,3,3147.2,36,2,3147.7,43,1,3147.9,64,2,3148.0,163,1,3148.2,2,1,3148.4,27,1
2031,2026-06-16 13:29:58+05:30,3147.7,21,3132.04,2507005,129591.0,193850.0,3163.0,3163.0,3108.0,3134.3,31993800,3447.7,2820.9,3839.9,2896.0,3147.7,8,2,3147.6,28,3,3147.5,110,5,3147.4,46,4,3147.3,62,4,3147.9,1,1,3148.0,150,2,3148.2,2,1,3148.5,5,1,3148.6,9,1
2031,2026-06-16 13:29:59+05:30,3147.7,21,3132.04,2507005,129591.0,193850.0,3163.0,3163.0,3108.0,3134.3,31993800,3447.7,2820.9,3839.9,2896.0,3147.7,8,2,3147.6,28,3,3147.5,110,5,3147.4,46,4,3147.3,62,4,3147.9,1,1,3148.0,150,2,3148.2,2,1,3148.5,5,1,3148.6,9,1
2031,2026-06-16 13:30:00+05:30,3147.7,21,3132.04,2507005,129585.0,193895.0,3163.0,3163.0,3108.0,3134.3,31993800,3447.7,2820.9,3839.9,2896.0,3147.7,1,1,3147.6,78,6,3147.5,55,3,3147.4,44,3,3147.3,64,5,3147.9,1,1,3148.0,150,2,3148.2,2,1,3148.5,5,1,3148.6,9,1
2031,2026-06-16 13:30:01+05:30,3147.7,21,3132.04,2507005,129713.0,193897.0,3163.0,3163.0,3108.0,3134.3,31993800,3447.7,2820.9,3839.9,2896.0,3147.8,7,5,3147.7,26,6,3147.6,80,6,3147.5,46,3,3147.4,44,3,3147.9,2,2,3148.0,150,2,3148.2,2,1,3148.5,5,1,3148.6,9,1
2031,2026-06-16 13:30:02+05:30,3148.0,1,3132.04,2507008,130024.0,193854.0,3163.0,3163.0,3108.0,3134.3,31993800,3447.7,2820.9,3839.9,2896.0,3147.9,200,1,3147.8,7,5,3147.7,11,5,3147.6,80,6,3147.5,48,4,3148.0,149,2,3148.2,2,1,3148.5,5,1,3148.6,9,1,3148.7,5,1
2031,2026-06-16 13:30:02+05:30,3148.0,1,3132.04,2507008,130024.0,193854.0,3163.0,3163.0,3108.0,3134.3,31993800,3447.7,2820.9,3839.9,2896.0,3147.9,200,1,3147.8,7,5,3147.7,11,5,3147.6,80,6,3147.5,48,4,3148.0,149,2,3148.2,2,1,3148.5,5,1,3148.6,9,1,3148.7,5,1
2031,2026-06-16 13:30:03+05:30,3147.9,200,3132.04,2507208,129547.0,193870.0,3163.0,3163.0,3108.0,3134.3,31993800,3447.7,2820.9,3839.9,2896.0,3147.9,49,3,3147.8,2,2,3147.7,25,5,3147.6,39,4,3147.5,49,4,3148.0,149,2,3148.2,2,1,3148.5,5,1,3148.6,9,1,3148.7,5,1
2031,2026-06-16 13:30:03+05:30,3147.9,200,3132.04,2507208,129547.0,193870.0,3163.0,3163.0,3108.0,3134.3,31993800,3447.7,2820.9,3839.9,2896.0,3147.9,49,3,3147.8,2,2,3147.7,25,5,3147.6,39,4,3147.5,49,4,3148.0,149,2,3148.2,2,1,3148.5,5,1,3148.6,9,1,3148.7,5,1
2031,2026-06-16 13:30:04+05:30,3147.9,200,3132.04,2507208,129518.0,194167.0,3163.0,3163.0,3108.0,3134.3,31993800,3447.7,2820.9,3839.9,2896.0,3147.9,49,3,3147.8,35,4,3147.7,9,4,3147.6,23,3,3147.5,15,3,3148.0,229,3,3148.2,2,1,3148.5,5,1,3148.6,9,1,3148.7,5,1
2031,2026-06-16 13:30:05+05:30,3148.0,15,3132.04,2507224,129618.0,194140.0,3163.0,3163.0,3108.0,3134.3,31993800,3447.7,2820.9,3839.9,2896.0,3147.9,53,5,3147.8,37,5,3147.7,9,4,3147.6,41,4,3147.5,15,3,3148.0,240,5,3148.2,2,1,3148.5,5,1,3148.6,9,1,3148.9,26,1
2031,2026-06-16 13:30:05+05:30,3148.0,15,3132.04,2507224,129618.0,194140.0,3163.0,3163.0,3108.0,3134.3,31993800,3447.7,2820.9,3839.9,2896.0,3147.9,53,5,3147.8,37,5,3147.7,9,4,3147.6,41,4,3147.5,15,3,3148.0,240,5,3148.2,2,1,3148.5,5,1,3148.6,9,1,3148.9,26,1
2031,2026-06-16 13:30:06+05:30,3147.9,1,3132.04,2507226,129652.0,194244.0,3163.0,3163.0,3108.0,3134.3,31993800,3447.7,2820.9,3839.9,2896.0,3147.9,53,7,3147.8,35,3,3147.7,9,4,3147.6,41,4,3147.5,15,3,3148.0,240,5,3148.2,2,1,3148.5,5,1,3148.6,9,1,3148.9,26,1
2031,2026-06-16 13:30:06+05:30,3147.9,1,3132.04,2507226,129652.0,194244.0,3163.0,3163.0,3108.0,3134.3,31993800,3447.7,2820.9,3839.9,2896.0,3147.9,53,7,3147.8,35,3,3147.7,9,4,3147.6,41,4,3147.5,15,3,3148.0,240,5,3148.2,2,1,3148.5,5,1,3148.6,9,1,3148.9,26,1
2031,2026-06-16 13:30:07+05:30,3148.0,8,3132.04,2507367,129633.0,194009.0,3163.0,3163.0,3108.0,3134.3,31993800,3447.7,2820.9,3839.9,2896.0,3147.9,45,4,3147.8,35,3,3147.7,6,3,3147.6,23,3,3147.5,55,4,3148.0,167,5,3148.2,2,1,3148.5,5,1,3148.6,9,1,3148.9,26,1
2031,2026-06-16 13:30:07+05:30,3148.0,1,3132.04,2507367,129633.0,194009.0,3163.0,3163.0,3108.0,3134.3,31993800,3447.7,2820.9,3839.9,2896.0,3147.9,45,4,3147.8,35,3,3147.7,6,3,3147.6,23,3,3147.5,55,4,3148.0,167,5,3148.2,2,1,3148.5,5,1,3148.6,9,1,3148.9,26,1
2031,2026-06-16 13:30:08+05:30,3148.0,1,3132.04,2507369,129674.0,194002.0,3163.0,3163.0,3108.0,3134.3,31993800,3447.7,2820.9,3839.9,2896.0,3147.9,53,6,3147.8,30,2,3147.7,2,2,3147.6,23,3,3147.5,49,3,3148.0,165,5,3148.2,2,1,3148.5,5,1,3148.6,9,1,3148.9,26,1
2031,2026-06-16 13:30:08+05:30,3148.0,1,3132.04,2507369,129674.0,194002.0,3163.0,3163.0,3108.0,3134.3,31993800,3447.7,2820.9,3839.9,2896.0,3147.9,53,6,3147.8,30,2,3147.7,2,2,3147.6,23,3,3147.5,49,3,3148.0,165,5,3148.2,2,1,3148.5,5,1,3148.6,9,1,3148.9,26,1
2031,2026-06-16 13:30:09+05:30,3147.9,31,3132.04,2507404,129548.0,194217.0,3163.0,3163.0,3108.0,3134.3,31993800,3447.7,2820.9,3839.9,2896.0,3147.9,20,5,3147.8,47,3,3147.7,2,2,3147.6,23,3,3147.5,9,2,3148.0,165,5,3148.2,2,1,3148.5,5,1,3148.6,9,1,3148.9,87,3
2031,2026-06-16 13:30:09+05:30,3147.9,3,3132.04,2507404,129548.0,194217.0,3163.0,3163.0,3108.0,3134.3,31993800,3447.7,2820.9,3839.9,2896.0,3147.9,20,5,3147.8,47,3,3147.7,2,2,3147.6,23,3,3147.5,9,2,3148.0,165,5,3148.2,2,1,3148.5,5,1,3148.6,9,1,3148.9,87,3
2031,2026-06-16 13:30:10+05:30,3148.0,3,3132.05,2507507,129537.0,193851.0,3163.0,3163.0,3108.0,3134.3,31993800,3447.7,2820.9,3839.9,2896.0,3147.9,17,5,3147.8,47,3,3147.7,2,2,3147.6,23,3,3147.5,49,3,3148.0,65,2,3148.2,2,1,3148.5,5,1,3148.6,9,1,3148.9,37,2
2031,2026-06-16 13:30:10+05:30,3148.0,3,3132.05,2507507,129537.0,193851.0,3163.0,3163.0,3108.0,3134.3,31993800,3447.7,2820.9,3839.9,2896.0,3147.9,17,5,3147.8,47,3,3147.7,2,2,3147.6,23,3,3147.5,49,3,3148.0,65,2,3148.2,2,1,3148.5,5,1,3148.6,9,1,3148.9,37,2
2031,2026-06-16 13:30:11+05:30,3148.0,26,3132.05,2507598,129516.0,191739.0,3163.0,3163.0,3108.0,3134.3,31993800,3447.7,2820.9,3839.9,2896.0,3148.1,1,1,3147.9,17,5,3147.8,15,1,3147.7,1,1,3147.6,1,1,3148.2,2,1,3148.5,62,3,3148.6,9,1,3148.7,29,1,3148.8,38,1
2031,2026-06-16 13:30:11+05:30,3148.1,1,3132.05,2507598,129516.0,191739.0,3163.0,3163.0,3108.0,3134.3,31993800,3447.7,2820.9,3839.9,2896.0,3148.1,1,1,3147.9,17,5,3147.8,15,1,3147.7,1,1,3147.6,1,1,3148.2,2,1,3148.5,62,3,3148.6,9,1,3148.7,29,1,3148.8,38,1
2031,2026-06-16 13:30:12+05:30,3148.5,14,3132.05,2507671,129767.0,193765.0,3163.0,3163.0,3108.0,3134.3,31993800,3447.7,2820.9,3839.9,2896.0,3147.9,17,5,3147.8,32,2,3147.7,1,1,3147.6,19,2,3147.4,18,1,3148.6,9,1,3148.8,105,3,3148.9,276,3,3149.0,394,5,3149.1,114,3
2031,2026-06-16 13:30:12+05:30,3148.6,7,3132.05,2507671,129767.0,193765.0,3163.0,3163.0,3108.0,3134.3,31993800,3447.7,2820.9,3839.9,2896.0,3147.9,17,5,3147.8,32,2,3147.7,1,1,3147.6,19,2,3147.4,18,1,3148.6,9,1,3148.8,105,3,3148.9,276,3,3149.0,394,5,3149.1,114,3
2031,2026-06-16 13:30:13+05:30,3147.8,13,3132.05,2507671,129767.0,193765.0,3163.0,3163.0,3108.0,3134.3,31993800,3447.7,2820.9,3839.9,2896.0,3147.9,17,5,3147.8,32,2,3147.7,1,1,3147.6,19,2,3147.4,18,1,3148.6,9,1,3148.8,105,3,3148.9,276,3,3149.0,394,5,3149.1,114,3
2031,2026-06-16 13:30:13+05:30,3147.8,13,3132.05,2507879,129568.0,194056.0,3163.0,3163.0,3108.0,3134.3,31993800,3447.7,2820.9,3839.9,2896.0,3147.8,19,2,3147.7,1,1,3147.6,1,1,3147.3,3,1,3147.1,67,2,3148.1,199,1,3148.2,10,1,3148.3,38,1,3148.4,24,1,3148.6,158,5
2031,2026-06-16 13:30:14+05:30,3147.8,13,3132.05,2507879,129625.0,194102.0,3163.0,3163.0,3108.0,3134.3,31993800,3447.7,2820.9,3839.9,2896.0,3147.9,2,1,3147.8,19,2,3147.7,1,1,3147.6,1,1,3147.3,3,1,3148.1,199,1,3148.2,10,1,3148.6,147,5,3148.7,39,1,3148.8,160,4
2031,2026-06-16 13:30:15+05:30,3148.1,16,3132.05,2507879,129625.0,194102.0,3163.0,3163.0,3108.0,3134.3,31993800,3447.7,2820.9,3839.9,2896.0,3147.9,2,1,3147.8,19,2,3147.7,1,1,3147.6,1,1,3147.3,3,1,3148.1,199,1,3148.2,10,1,3148.6,147,5,3148.7,39,1,3148.8,160,4
2031,2026-06-16 13:30:15+05:30,3148.1,16,3132.05,2508100,129676.0,194108.0,3163.0,3163.0,3108.0,3134.3,31993800,3447.7,2820.9,3839.9,2896.0,3147.8,21,4,3147.7,1,1,3147.6,1,1,3147.2,21,2,3147.1,74,4,3148.1,180,1,3148.2,10,1,3148.6,52,2,3148.8,38,1,3148.9,337,6
2031,2026-06-16 13:30:16+05:30,3148.1,16,3132.05,2508100,129657.0,194011.0,3163.0,3163.0,3108.0,3134.3,31993800,3447.7,2820.9,3839.9,2896.0,3148.0,2,2,3147.8,63,5,3147.7,1,1,3147.6,1,1,3147.5,18,1,3148.1,180,1,3148.2,10,1,3148.6,2,1,3148.9,303,5,3149.0,397,5
2031,2026-06-16 13:30:16+05:30,3148.1,16,3132.05,2508100,129657.0,194011.0,3163.0,3163.0,3108.0,3134.3,31993800,3447.7,2820.9,3839.9,2896.0,3148.0,2,2,3147.8,63,5,3147.7,1,1,3147.6,1,1,3147.5,18,1,3148.1,180,1,3148.2,10,1,3148.6,2,1,3148.9,303,5,3149.0,397,5
2031,2026-06-16 13:30:17+05:30,3147.8,10,3132.05,2508100,129657.0,194011.0,3163.0,3163.0,3108.0,3134.3,31993800,3447.7,2820.9,3839.9,2896.0,3148.0,2,2,3147.8,63,5,3147.7,1,1,3147.6,1,1,3147.5,18,1,3148.1,180,1,3148.2,10,1,3148.6,2,1,3148.9,303,5,3149.0,397,5
2031,2026-06-16 13:30:17+05:30,3148.1,1,3132.05,2508307,129578.0,194151.0,3163.0,3163.0,3108.0,3134.3,31993800,3447.7,2820.9,3839.9,2896.0,3147.8,26,4,3147.7,1,1,3147.6,1,1,3147.5,9,1,3147.4,18,1,3148.1,174,1,3148.2,10,1,3148.6,2,1,3148.8,2,1,3148.9,114,3
2031,2026-06-16 13:30:18+05:30,3148.1,1,3132.05,2508307,129578.0,194151.0,3163.0,3163.0,3108.0,3134.3,31993800,3447.7,2820.9,3839.9,2896.0,3147.8,26,4,3147.7,1,1,3147.6,1,1,3147.5,9,1,3147.4,18,1,3148.1,174,1,3148.2,10,1,3148.6,2,1,3148.8,2,1,3148.9,114,3
2031,2026-06-16 13:30:18+05:30,3148.1,1,3132.05,2508307,129578.0,194151.0,3163.0,3163.0,3108.0,3134.3,31993800,3447.7,2820.9,3839.9,2896.0,3147.8,26,4,3147.7,1,1,3147.6,1,1,3147.5,9,1,3147.4,18,1,3148.1,174,1,3148.2,10,1,3148.6,2,1,3148.8,2,1,3148.9,114,3
2031,2026-06-16 13:30:18+05:30,3147.8,8,3132.05,2508489,129454.0,194081.0,3163.0,3163.0,3108.0,3134.3,31993800,3447.7,2820.9,3839.9,2896.0,3147.7,1,1,3147.6,1,1,3147.3,18,1,3147.2,3,1,3147.1,2,1,3148.0,192,1,3148.1,25,1,3148.2,10,1,3148.6,40,2,3148.7,294,3
2031,2026-06-16 13:30:19+05:30,3148.1,18,3132.05,2508489,129454.0,194081.0,3163.0,3163.0,3108.0,3134.3,31993800,3447.7,2820.9,3839.9,2896.0,3147.7,1,1,3147.6,1,1,3147.3,18,1,3147.2,3,1,3147.1,2,1,3148.0,192,1,3148.1,25,1,3148.2,10,1,3148.6,40,2,3148.7,294,3
2031,2026-06-16 13:30:19+05:30,3148.1,18,3132.05,2508507,129348.0,194228.0,3163.0,3163.0,3108.0,3134.3,31993800,3447.7,2820.9,3839.9,2896.0,3147.7,1,1,3147.6,1,1,3147.1,15,1,3147.0,171,9,3146.9,57,5,3147.9,174,1,3148.0,26,2,3148.2,10,1,3148.5,38,1,3148.6,2,1
2031,2026-06-16 13:30:20+05:30,3147.9,5,3132.05,2508507,129348.0,194228.0,3163.0,3163.0,3108.0,3134.3,31993800,3447.7,2820.9,3839.9,2896.0,3147.7,1,1,3147.6,1,1,3147.1,15,1,3147.0,171,9,3146.9,57,5,3147.9,174,1,3148.0,26,2,3148.2,10,1,3148.5,38,1,3148.6,2,1
2031,2026-06-16 13:30:20+05:30,3147.9,5,3132.05,2508507,129348.0,194228.0,3163.0,3163.0,3108.0,3134.3,31993800,3447.7,2820.9,3839.9,2896.0,3147.7,1,1,3147.6,1,1,3147.1,15,1,3147.0,171,9,3146.9,57,5,3147.9,174,1,3148.0,26,2,3148.2,10,1,3148.5,38,1,3148.6,2,1
2031,2026-06-16 13:30:20+05:30,3147.9,5,3132.05,2508594,129347.0,194233.0,3163.0,3163.0,3108.0,3134.3,31993800,3447.7,2820.9,3839.9,2896.0,3147.7,1,1,3147.6,1,1,3147.1,15,1,3147.0,171,9,3146.9,59,6,3147.9,87,1,3148.0,26,2,3148.2,10,1,3148.4,38,1,3148.6,40,2
2031,2026-06-16 13:30:21+05:30,3147.2,10,3132.05,2508594,129347.0,194233.0,3163.0,3163.0,3108.0,3134.3,31993800,3447.7,2820.9,3839.9,2896.0,3147.7,1,1,3147.6,1,1,3147.1,15,1,3147.0,171,9,3146.9,59,6,3147.9,87,1,3148.0,26,2,3148.2,10,1,3148.4,38,1,3148.6,40,2
2031,2026-06-16 13:30:21+05:30,3147.2,10,3132.05,2508681,129078.0,193721.0,3163.0,3163.0,3108.0,3134.3,31993800,3447.7,2820.9,3839.9,2896.0,3147.2,39,5,3147.1,16,2,3147.0,132,8,3146.9,57,5,3146.8,130,6,3147.9,25,1,3148.0,1,1,3148.2,10,1,3148.6,2,1,3148.8,21,1
2031,2026-06-16 13:30:22+05:30,3147.2,10,3132.05,2508681,129078.0,193721.0,3163.0,3163.0,3108.0,3134.3,31993800,3447.7,2820.9,3839.9,2896.0,3147.2,39,5,3147.1,16,2,3147.0,132,8,3146.9,57,5,3146.8,130,6,3147.9,25,1,3148.0,1,1,3148.2,10,1,3148.6,2,1,3148.8,21,1
2031,2026-06-16 13:30:22+05:30,3148.1,3,3132.05,2508717,129661.0,193827.0,3163.0,3163.0,3108.0,3134.3,31993800,3447.7,2820.9,3839.9,2896.0,3147.3,21,3,3147.2,21,3,3147.1,16,2,3147.0,110,7,3146.9,61,6,3148.1,190,1,3148.2,10,1,3148.5,5,1,3148.6,2,1,3148.8,21,1
2031,2026-06-16 13:30:23+05:30,3148.1,1,3132.05,2508717,129661.0,193827.0,3163.0,3163.0,3108.0,3134.3,31993800,3447.7,2820.9,3839.9,2896.0,3147.3,21,3,3147.2,21,3,3147.1,16,2,3147.0,110,7,3146.9,61,6,3148.1,190,1,3148.2,10,1,3148.5,5,1,3148.6,2,1,3148.8,21,1
2031,2026-06-16 13:30:23+05:30,3148.1,1,3132.05,2508721,129542.0,194584.0,3163.0,3163.0,3108.0,3134.3,31993800,3447.7,2820.9,3839.9,2896.0,3147.1,52,6,3147.0,119,8,3146.9,75,5,3146.8,92,5,3146.7,153,5,3148.1,187,1,3148.2,10,1,3148.6,52,2,3148.8,59,2,3148.9,276,3
2031,2026-06-16 13:30:24+05:30,3148.1,1,3132.05,2508721,129542.0,194584.0,3163.0,3163.0,3108.0,3134.3,31993800,3447.7,2820.9,3839.9,2896.0,3147.1,52,6,3147.0,119,8,3146.9,75,5,3146.8,92,5,3146.7,153,5,3148.1,187,1,3148.2,10,1,3148.6,52,2,3148.8,59,2,3148.9,276,3
2031,2026-06-16 13:30:24+05:30,3148.1,1,3132.05,2508721,129542.0,194584.0,3163.0,3163.0,3108.0,3134.3,31993800,3447.7,2820.9,3839.9,2896.0,3147.1,52,6,3147.0,119,8,3146.9,75,5,3146.8,92,5,3146.7,153,5,3148.1,187,1,3148.2,10,1,3148.6,52,2,3148.8,59,2,3148.9,276,3
2031,2026-06-16 13:30:24+05:30,3147.8,1,3132.05,2508822,128959.0,194866.0,3163.0,3163.0,3108.0,3134.3,31993800,3447.7,2820.9,3839.9,2896.0,3147.3,2,1,3147.2,17,1,3147.1,16,2,3147.0,33,4,3146.9,34,3,3148.1,86,1,3148.2,10,1,3148.5,76,2,3148.6,44,2,3148.7,223,2
2031,2026-06-16 13:30:25+05:30,3147.8,1,3132.05,2508822,128959.0,194866.0,3163.0,3163.0,3108.0,3134.3,31993800,3447.7,2820.9,3839.9,2896.0,3147.3,2,1,3147.2,17,1,3147.1,16,2,3147.0,33,4,3146.9,34,3,3148.1,86,1,3148.2,10,1,3148.5,76,2,3148.6,44,2,3148.7,223,2
2031,2026-06-16 13:30:26+05:30,3147.3,2,3132.05,2508824,129847.0,195405.0,3163.0,3163.0,3108.0,3134.3,31993800,3447.7,2820.9,3839.9,2896.0,3147.3,2,1,3147.1,56,4,3147.0,88,8,3146.9,34,3,3146.8,84,5,3148.1,86,1,3148.2,10,1,3148.5,76,2,3148.6,44,2,3148.7,23,1
2031,2026-06-16 13:30:26+05:30,3147.3,1,3132.05,2508824,129847.0,195405.0,3163.0,3163.0,3108.0,3134.3,31993800,3447.7,2820.9,3839.9,2896.0,3147.3,2,1,3147.1,56,4,3147.0,88,8,3146.9,34,3,3146.8,84,5,3148.1,86,1,3148.2,10,1,3148.5,76,2,3148.6,44,2,3148.7,23,1
2031,2026-06-16 13:30:26+05:30,3147.3,1,3132.05,2508824,129847.0,195405.0,3163.0,3163.0,3108.0,3134.3,31993800,3447.7,2820.9,3839.9,2896.0,3147.3,2,1,3147.1,56,4,3147.0,88,8,3146.9,34,3,3146.8,84,5,3148.1,86,1,3148.2,10,1,3148.5,76,2,3148.6,44,2,3148.7,23,1
2031,2026-06-16 13:30:27+05:30,3147.3,6,3132.05,2508842,130045.0,194932.0,3163.0,3163.0,3108.0,3134.3,31993800,3447.7,2820.9,3839.9,2896.0,3147.3,1,1,3147.1,73,5,3147.0,102,10,3146.9,226,5,3146.8,284,6,3148.0,75,1,3148.1,44,1,3148.2,10,1,3148.5,38,1,3148.6,2,1
2031,2026-06-16 13:30:27+05:30,3147.3,6,3132.05,2508842,130045.0,194932.0,3163.0,3163.0,3108.0,3134.3,31993800,3447.7,2820.9,3839.9,2896.0,3147.3,1,1,3147.1,73,5,3147.0,102,10,3146.9,226,5,3146.8,284,6,3148.0,75,1,3148.1,44,1,3148.2,10,1,3148.5,38,1,3148.6,2,1
2031,2026-06-16 13:30:27+05:30,3147.3,6,3132.05,2508842,130045.0,194932.0,3163.0,3163.0,3108.0,3134.3,31993800,3447.7,2820.9,3839.9,2896.0,3147.3,1,1,3147.1,73,5,3147.0,102,10,3146.9,226,5,3146.8,284,6,3148.0,75,1,3148.1,44,1,3148.2,10,1,3148.5,38,1,3148.6,2,1
2031,2026-06-16 13:30:28+05:30,3147.3,6,3132.05,2508842,129990.0,194895.0,3163.0,3163.0,3108.0,3134.3,31993800,3447.7,2820.9,3839.9,2896.0,3147.3,34,6,3147.2,9,1,3147.1,50,5,3147.0,119,10,3146.9,201,5,3148.0,75,1,3148.1,44,1,3148.2,10,1,3148.6,2,1,3148.8,20,1
2031,2026-06-16 13:30:28+05:30,3147.3,6,3132.05,2508842,129990.0,194895.0,3163.0,3163.0,3108.0,3134.3,31993800,3447.7,2820.9,3839.9,2896.0,3147.3,34,6,3147.2,9,1,3147.1,50,5,3147.0,119,10,3146.9,201,5,3148.0,75,1,3148.1,44,1,3148.2,10,1,3148.6,2,1,3148.8,20,1
2031,2026-06-16 13:30:29+05:30,3147.9,1,3132.05,2508843,129940.0,194989.0,3163.0,3163.0,3108.0,3134.3,31993800,3447.7,2820.9,3839.9,2896.0,3147.4,18,1,3147.3,18,4,3147.2,26,2,3147.1,27,4,3147.0,106,9,3147.9,74,1,3148.0,35,2,3148.1,44,1,3148.2,10,1,3148.6,2,1
2031,2026-06-16 13:30:29+05:30,3147.9,1,3132.05,2508843,129940.0,194989.0,3163.0,3163.0,3108.0,3134.3,31993800,3447.7,2820.9,3839.9,2896.0,3147.4,18,1,3147.3,18,4,3147.2,26,2,3147.1,27,4,3147.0,106,9,3147.9,74,1,3148.0,35,2,3148.1,44,1,3148.2,10,1,3148.6,2,1
2031,2026-06-16 13:30:29+05:30,3147.9,1,3132.05,2508843,129940.0,194989.0,3163.0,3163.0,3108.0,3134.3,31993800,3447.7,2820.9,3839.9,2896.0,3147.4,18,1,3147.3,18,4,3147.2,26,2,3147.1,27,4,3147.0,106,9,3147.9,74,1,3148.0,35,2,3148.1,44,1,3148.2,10,1,3148.6,2,1
2031,2026-06-16 13:30:29+05:30,3147.9,1,3132.05,2508843,129940.0,194989.0,3163.0,3163.0,3108.0,3134.3,31993800,3447.7,2820.9,3839.9,2896.0,3147.4,18,1,3147.3,18,4,3147.2,26,2,3147.1,27,4,3147.0,106,9,3147.9,74,1,3148.0,35,2,3148.1,44,1,3148.2,10,1,3148.6,2,1
2031,2026-06-16 13:30:30+05:30,3147.9,1,3132.05,2508843,129956.0,195067.0,3163.0,3163.0,3108.0,3134.3,31993800,3447.7,2820.9,3839.9,2896.0,3147.4,27,3,3147.3,5,2,3147.2,26,2,3147.1,50,5,3147.0,106,9,3147.9,100,3,3148.0,34,1,3148.1,44,1,3148.2,10,1,3148.6,2,1
2031,2026-06-16 13:30:30+05:30,3147.9,1,3132.05,2508843,129956.0,195067.0,3163.0,3163.0,3108.0,3134.3,31993800,3447.7,2820.9,3839.9,2896.0,3147.4,27,3,3147.3,5,2,3147.2,26,2,3147.1,50,5,3147.0,106,9,3147.9,100,3,3148.0,34,1,3148.1,44,1,3148.2,10,1,3148.6,2,1
2031,2026-06-16 13:30:31+05:30,3147.9,1,3132.05,2508843,129956.0,195067.0,3163.0,3163.0,3108.0,3134.3,31993800,3447.7,2820.9,3839.9,2896.0,3147.4,27,3,3147.3,5,2,3147.2,26,2,3147.1,50,5,3147.0,106,9,3147.9,100,3,3148.0,34,1,3148.1,44,1,3148.2,10,1,3148.6,2,1
2031,2026-06-16 13:30:31+05:30,3147.9,1,3132.05,2508844,129993.0,195270.0,3163.0,3163.0,3108.0,3134.3,31993800,3447.7,2820.9,3839.9,2896.0,3147.7,2,2,3147.5,17,1,3147.4,24,3,3147.3,5,2,3147.2,26,2,3147.9,101,5,3148.0,34,1,3148.1,44,1,3148.2,10,1,3148.6,2,1
2031,2026-06-16 13:30:31+05:30,3147.9,1,3132.05,2508844,129993.0,195270.0,3163.0,3163.0,3108.0,3134.3,31993800,3447.7,2820.9,3839.9,2896.0,3147.7,2,2,3147.5,17,1,3147.4,24,3,3147.3,5,2,3147.2,26,2,3147.9,101,5,3148.0,34,1,3148.1,44,1,3148.2,10,1,3148.6,2,1
2031,2026-06-16 13:30:32+05:30,3147.9,1,3132.05,2508844,129993.0,195270.0,3163.0,3163.0,3108.0,3134.3,31993800,3447.7,2820.9,3839.9,2896.0,3147.7,2,2,3147.5,17,1,3147.4,24,3,3147.3,5,2,3147.2,26,2,3147.9,101,5,3148.0,34,1,3148.1,44,1,3148.2,10,1,3148.6,2,1
2031,2026-06-16 13:30:32+05:30,3147.9,64,3132.05,2509011,129794.0,195459.0,3163.0,3163.0,3108.0,3134.3,31993800,3447.7,2820.9,3839.9,2896.0,3147.7,19,3,3147.5,6,1,3147.4,6,2,3147.3,33,5,3147.2,26,2,3147.9,136,1,3148.0,34,1,3148.1,44,1,3148.2,10,1,3148.5,200,1
2031,2026-06-16 13:30:32+05:30,3147.9,64,3132.05,2509011,129794.0,195459.0,3163.0,3163.0,3108.0,3134.3,31993800,3447.7,2820.9,3839.9,2896.0,3147.7,19,3,3147.5,6,1,3147.4,6,2,3147.3,33,5,3147.2,26,2,3147.9,136,1,3148.0,34,1,3148.1,44,1,3148.2,10,1,3148.5,200,1
2031,2026-06-16 13:30:32+05:30,3147.9,64,3132.05,2509011,129794.0,195459.0,3163.0,3163.0,3108.0,3134.3,31993800,3447.7,2820.9,3839.9,2896.0,3147.7,19,3,3147.5,6,1,3147.4,6,2,3147.3,33,5,3147.2,26,2,3147.9,136,1,3148.0,34,1,3148.1,44,1,3148.2,10,1,3148.5,200,1
2031,2026-06-16 13:30:32+05:30,3147.0,8,3132.06,2509336,128908.0,195477.0,3163.0,3163.0,3108.0,3134.3,31993800,3447.7,2820.9,3839.9,2896.0,3147.0,97,8,3146.9,22,2,3146.8,130,6,3146.7,180,6,3146.6,97,4,3147.9,136,1,3148.0,34,1,3148.1,44,1,3148.2,10,1,3148.4,34,1
2031,2026-06-16 13:30:33+05:30,3147.0,8,3132.06,2509336,128908.0,195477.0,3163.0,3163.0,3108.0,3134.3,31993800,3447.7,2820.9,3839.9,2896.0,3147.0,97,8,3146.9,22,2,3146.8,130,6,3146.7,180,6,3146.6,97,4,3147.9,136,1,3148.0,34,1,3148.1,44,1,3148.2,10,1,3148.4,34,1
2031,2026-06-16 13:30:33+05:30,3147.0,8,3132.06,2509336,128908.0,195477.0,3163.0,3163.0,3108.0,3134.3,31993800,3447.7,2820.9,3839.9,2896.0,3147.0,97,8,3146.9,22,2,3146.8,130,6,3146.7,180,6,3146.6,97,4,3147.9,136,1,3148.0,34,1,3148.1,44,1,3148.2,10,1,3148.4,34,1
2031,2026-06-16 13:30:34+05:30,3147.9,1,3132.06,2509337,129613.0,195649.0,3163.0,3163.0,3108.0,3134.3,31993800,3447.7,2820.9,3839.9,2896.0,3147.4,3,1,3147.0,98,9,3146.9,125,3,3146.8,130,6,3146.7,97,5,3147.9,135,1,3148.0,34,1,3148.1,44,1,3148.2,10,1,3148.4,22,1
2031,2026-06-16 13:30:34+05:30,3147.9,1,3132.06,2509337,129613.0,195649.0,3163.0,3163.0,3108.0,3134.3,31993800,3447.7,2820.9,3839.9,2896.0,3147.4,3,1,3147.0,98,9,3146.9,125,3,3146.8,130,6,3146.7,97,5,3147.9,135,1,3148.0,34,1,3148.1,44,1,3148.2,10,1,3148.4,22,1
2031,2026-06-16 13:30:34+05:30,3147.0,8,3132.06,2509337,129613.0,195649.0,3163.0,3163.0,3108.0,3134.3,31993800,3447.7,2820.9,3839.9,2896.0,3147.4,3,1,3147.0,98,9,3146.9,125,3,3146.8,130,6,3146.7,97,5,3147.9,135,1,3148.0,34,1,3148.1,44,1,3148.2,10,1,3148.4,22,1
2031,2026-06-16 13:30:35+05:30,3147.0,8,3132.06,2509337,129613.0,195649.0,3163.0,3163.0,3108.0,3134.3,31993800,3447.7,2820.9,3839.9,2896.0,3147.4,3,1,3147.0,98,9,3146.9,125,3,3146.8,130,6,3146.7,97,5,3147.9,135,1,3148.0,34,1,3148.1,44,1,3148.2,10,1,3148.4,22,1
2031,2026-06-16 13:30:35+05:30,3147.0,8,3132.06,2509367,129458.0,195689.0,3163.0,3163.0,3108.0,3134.3,31993800,3447.7,2820.9,3839.9,2896.0,3147.4,2,1,3147.0,48,8,3146.9,44,3,3146.8,63,4,3146.7,75,4,3147.9,135,1,3148.0,34,1,3148.1,44,1,3148.2,10,1,3148.5,221,2
2031,2026-06-16 13:30:36+05:30,3147.0,8,3132.06,2509367,129458.0,195689.0,3163.0,3163.0,3108.0,3134.3,31995800,3447.7,2820.9,3839.9,2896.0,3147.4,2,1,3147.0,48,8,3146.9,44,3,3146.8,63,4,3146.7,75,4,3147.9,135,1,3148.0,34,1,3148.1,44,1,3148.2,10,1,3148.5,221,2
2031,2026-06-16 13:30:36+05:30,3147.4,5,3132.06,2509418,129601.0,195607.0,3163.0,3163.0,3108.0,3134.3,31995800,3447.7,2820.9,3839.9,2896.0,3147.4,2,1,3147.0,48,8,3146.9,22,2,3146.8,63,4,3146.7,77,5,3147.9,89,1,3148.0,34,1,3148.1,44,1,3148.2,10,1,3148.5,243,3
2031,2026-06-16 13:30:36+05:30,3147.4,5,3132.06,2509418,129601.0,195607.0,3163.0,3163.0,3108.0,3134.3,31995800,3447.7,2820.9,3839.9,2896.0,3147.4,2,1,3147.0,48,8,3146.9,22,2,3146.8,63,4,3146.7,77,5,3147.9,89,1,3148.0,34,1,3148.1,44,1,3148.2,10,1,3148.5,243,3
2031,2026-06-16 13:30:37+05:30,3147.0,5,3132.06,2509473,128819.0,195658.0,3163.0,3163.0,3108.0,3134.3,31995800,3447.7,2820.9,3839.9,2896.0,3147.0,30,7,3146.9,18,2,3146.8,56,4,3146.7,81,4,3146.6,58,4,3147.9,88,1,3148.0,34,1,3148.2,10,1,3148.3,25,1,3148.4,106,3
2031,2026-06-16 13:30:37+05:30,3147.0,5,3132.06,2509473,128819.0,195658.0,3163.0,3163.0,3108.0,3134.3,31995800,3447.7,2820.9,3839.9,2896.0,3147.0,30,7,3146.9,18,2,3146.8,56,4,3146.7,81,4,3146.6,58,4,3147.9,88,1,3148.0,34,1,3148.2,10,1,3148.3,25,1,3148.4,106,3
2031,2026-06-16 13:30:38+05:30,3147.0,5,3132.06,2509473,129375.0,195881.0,3163.0,3163.0,3108.0,3134.3,31995800,3447.7,2820.9,3839.9,2896.0,3147.4,3,1,3147.0,30,7,3146.9,18,2,3146.8,82,4,3146.7,62,4,3147.9,132,2,3148.0,34,1,3148.2,10,1,3148.3,25,1,3148.4,106,3
2031,2026-06-16 13:30:39+05:30,3147.9,1,3132.06,2509473,129375.0,195881.0,3163.0,3163.0,3108.0,3134.3,31995800,3447.7,2820.9,3839.9,2896.0,3147.4,3,1,3147.0,30,7,3146.9,18,2,3146.8,82,4,3146.7,62,4,3147.9,132,2,3148.0,34,1,3148.2,10,1,3148.3,25,1,3148.4,106,3
2031,2026-06-16 13:30:39+05:30,3147.9,1,3132.06,2509474,129531.0,195859.0,3163.0,3163.0,3108.0,3134.3,31995800,3447.7,2820.9,3839.9,2896.0,3147.6,3,1,3147.4,22,2,3147.0,44,7,3146.9,55,4,3146.8,82,4,3147.9,131,2,3148.0,34,1,3148.2,10,1,3148.3,25,1,3148.4,84,2
2031,2026-06-16 13:30:40+05:30,3147.9,1,3132.06,2509474,129531.0,195859.0,3163.0,3163.0,3108.0,3134.3,31995800,3447.7,2820.9,3839.9,2896.0,3147.6,3,1,3147.4,22,2,3147.0,44,7,3146.9,55,4,3146.8,82,4,3147.9,131,2,3148.0,34,1,3148.2,10,1,3148.3,25,1,3148.4,84,2
2031,2026-06-16 13:30:40+05:30,3147.9,6,3132.06,2509481,129494.0,195788.0,3163.0,3163.0,3108.0,3134.3,31995800,3447.7,2820.9,3839.9,2896.0,3147.6,3,1,3147.4,29,3,3147.3,5,1,3147.2,27,2,3147.0,43,6,3147.9,124,2,3148.0,34,1,3148.2,10,1,3148.3,25,1,3148.4,34,1
2031,2026-06-16 13:30:41+05:30,3147.9,6,3132.06,2509481,129494.0,195788.0,3163.0,3163.0,3108.0,3134.3,31995800,3447.7,2820.9,3839.9,2896.0,3147.6,3,1,3147.4,29,3,3147.3,5,1,3147.2,27,2,3147.0,43,6,3147.9,124,2,3148.0,34,1,3148.2,10,1,3148.3,25,1,3148.4,34,1
2031,2026-06-16 13:30:41+05:30,3147.6,2,3132.06,2509483,129469.0,195920.0,3163.0,3163.0,3108.0,3134.3,31995800,3447.7,2820.9,3839.9,2896.0,3147.6,1,1,3147.4,22,2,3147.0,43,6,3146.9,38,3,3146.8,71,4,3147.9,192,5,3148.2,10,1,3148.3,25,1,3148.4,84,2,3148.5,200,1
2031,2026-06-16 13:30:42+05:30,3147.6,2,3132.06,2509483,129469.0,195920.0,3163.0,3163.0,3108.0,3134.3,31995800,3447.7,2820.9,3839.9,2896.0,3147.6,1,1,3147.4,22,2,3147.0,43,6,3146.9,38,3,3146.8,71,4,3147.9,192,5,3148.2,10,1,3148.3,25,1,3148.4,84,2,3148.5,200,1
2031,2026-06-16 13:30:42+05:30,3147.6,2,3132.06,2509483,129280.0,196038.0,3163.0,3163.0,3108.0,3134.3,31995800,3447.7,2820.9,3839.9,2896.0,3147.7,16,1,3147.6,1,1,3147.1,17,1,3147.0,25,5,3146.9,38,3,3147.9,192,5,3148.2,10,1,3148.3,25,1,3148.4,122,3,3148.5,200,1
2031,2026-06-16 13:30:43+05:30,3147.9,9,3132.06,2509483,129280.0,196038.0,3163.0,3163.0,3108.0,3134.3,31995800,3447.7,2820.9,3839.9,2896.0,3147.7,16,1,3147.6,1,1,3147.1,17,1,3147.0,25,5,3146.9,38,3,3147.9,192,5,3148.2,10,1,3148.3,25,1,3148.4,122,3,3148.5,200,1
2031,2026-06-16 13:30:43+05:30,3147.9,9,3132.06,2509642,128915.0,196342.0,3163.0,3163.0,3108.0,3134.3,31995800,3447.7,2820.9,3839.9,2896.0,3147.6,1,1,3147.0,18,3,3146.9,20,1,3146.8,58,2,3146.7,29,2,3147.9,51,2,3148.0,200,1,3148.1,20,1,3148.2,48,2,3148.3,25,1
2031,2026-06-16 13:30:44+05:30,3147.9,1,3132.06,2509642,128915.0,196342.0,3163.0,3163.0,3108.0,3134.3,31995800,3447.7,2820.9,3839.9,2896.0,3147.6,1,1,3147.0,18,3,3146.9,20,1,3146.8,58,2,3146.7,29,2,3147.9,51,2,3148.0,200,1,3148.1,20,1,3148.2,48,2,3148.3,25,1
2031,2026-06-16 13:30:44+05:30,3146.2,7,3132.06,2510460,120650.0,198426.0,3163.0,3163.0,3108.0,3134.3,31995800,3447.7,2820.9,3839.9,2896.0,3145.8,99,5,3145.7,21,2,3145.6,9,2,3145.5,44,3,3145.4,42,2,3146.1,32,1,3146.2,193,1,3147.0,261,4,3147.1,5,1,3147.2,36,1
2031,2026-06-16 13:30:45+05:30,3145.7,115,3132.06,2510460,120650.0,198426.0,3163.0,3163.0,3108.0,3134.3,31995800,3447.7,2820.9,3839.9,2896.0,3145.8,99,5,3145.7,21,2,3145.6,9,2,3145.5,44,3,3145.4,42,2,3146.1,32,1,3146.2,193,1,3147.0,261,4,3147.1,5,1,3147.2,36,1
2031,2026-06-16 13:30:45+05:30,3146.0,1,3132.07,2511086,122979.0,196666.0,3163.0,3163.0,3108.0,3134.3,31995800,3447.7,2820.9,3839.9,2896.0,3146.0,7,5,3145.9,49,3,3145.8,81,7,3145.7,60,4,3145.6,52,4,3147.0,200,1,3147.4,250,2,3147.5,200,1,3147.6,271,3,3147.8,113,4
2031,2026-06-16 13:30:46+05:30,3147.0,17,3132.07,2511086,122979.0,196666.0,3163.0,3163.0,3108.0,3134.3,31995800,3447.7,2820.9,3839.9,2896.0,3146.0,7,5,3145.9,49,3,3145.8,81,7,3145.7,60,4,3145.6,52,4,3147.0,200,1,3147.4,250,2,3147.5,200,1,3147.6,271,3,3147.8,113,4
2031,2026-06-16 13:30:46+05:30,3147.0,17,3132.07,2511103,123662.0,198347.0,3163.0,3163.0,3108.0,3134.3,31995800,3447.7,2820.9,3839.9,2896.0,3146.1,39,4,3146.0,64,6,3145.9,82,6,3145.8,83,6,3145.7,72,3,3147.0,235,3,3147.4,200,1,3147.5,200,1,3147.6,250,2,3147.8,113,4
2031,2026-06-16 13:30:47+05:30,3147.0,60,3132.07,2511163,123694.0,197957.0,3163.0,3163.0,3108.0,3134.3,31995800,3447.7,2820.9,3839.9,2896.0,3146.1,42,5,3146.0,64,6,3145.9,101,7,3145.8,93,7,3145.7,72,3,3147.0,175,3,3147.4,200,1,3147.5,200,1,3147.6,250,2,3147.8,134,5
2031,2026-06-16 13:30:48+05:30,3145.7,1,3132.07,2511163,123694.0,197957.0,3163.0,3163.0,3108.0,3134.3,31995800,3447.7,2820.9,3839.9,2896.0,3146.1,42,5,3146.0,64,6,3145.9,101,7,3145.8,93,7,3145.7,72,3,3147.0,175,3,3147.4,200,1,3147.5,200,1,3147.6,250,2,3147.8,134,5
2031,2026-06-16 13:30:48+05:30,3145.7,1,3132.07,2511363,122767.0,198468.0,3163.0,3163.0,3108.0,3134.3,31995800,3447.7,2820.9,3839.9,2896.0,3146.1,38,1,3145.7,30,3,3145.6,26,3,3145.5,123,7,3145.4,145,2,3146.4,1,1,3147.0,375,4,3147.3,32,1,3147.4,71,2,3147.5,400,2
2031,2026-06-16 13:30:49+05:30,3146.4,1,3132.07,2511364,122777.0,198489.0,3163.0,3163.0,3108.0,3134.3,31995800,3447.7,2820.9,3839.9,2896.0,3146.1,38,1,3145.7,83,6,3145.6,13,2,3145.5,111,5,3145.4,162,3,3146.4,1,1,3147.0,375,4,3147.3,32,1,3147.4,71,2,3147.5,400,2
2031,2026-06-16 13:30:50+05:30,3147.0,20,3132.07,2511364,122777.0,198489.0,3163.0,3163.0,3108.0,3134.3,31995800,3447.7,2820.9,3839.9,2896.0,3146.1,38,1,3145.7,83,6,3145.6,13,2,3145.5,111,5,3145.4,162,3,3146.4,1,1,3147.0,375,4,3147.3,32,1,3147.4,71,2,3147.5,400,2
2031,2026-06-16 13:30:50+05:30,3146.5,1,3132.07,2511387,123539.0,199094.0,3163.0,3163.0,3108.0,3134.3,31995800,3447.7,2820.9,3839.9,2896.0,3146.2,19,2,3146.1,48,2,3145.9,15,1,3145.8,68,6,3145.7,95,4,3147.0,155,3,3147.3,200,1,3147.4,88,2,3147.5,200,1,3147.6,288,3
2031,2026-06-16 13:30:51+05:30,3146.5,1,3132.07,2511387,123539.0,199094.0,3163.0,3163.0,3108.0,3134.3,31995800,3447.7,2820.9,3839.9,2896.0,3146.2,19,2,3146.1,48,2,3145.9,15,1,3145.8,68,6,3145.7,95,4,3147.0,155,3,3147.3,200,1,3147.4,88,2,3147.5,200,1,3147.6,288,3
2031,2026-06-16 13:30:51+05:30,3146.5,1,3132.07,2511387,123686.0,199074.0,3163.0,3163.0,3108.0,3134.3,31995800,3447.7,2820.9,3839.9,2896.0,3146.5,2,1,3146.2,2,1,3146.1,48,2,3145.9,38,2,3145.8,18,1,3147.0,156,4,3147.2,200,1,3147.3,21,1,3147.4,50,1,3147.5,223,2
2031,2026-06-16 13:30:52+05:30,3146.5,1,3132.07,2511388,123656.0,199154.0,3163.0,3163.0,3108.0,3134.3,31995800,3447.7,2820.9,3839.9,2896.0,3146.5,37,2,3146.2,2,1,3146.1,48,2,3145.9,38,2,3145.8,18,1,3147.0,224,6,3147.1,24,2,3147.2,273,3,3147.3,79,3,3147.4,50,1
2031,2026-06-16 13:30:53+05:30,3146.5,1,3132.07,2511388,123656.0,199154.0,3163.0,3163.0,3108.0,3134.3,31995800,3447.7,2820.9,3839.9,2896.0,3146.5,37,2,3146.2,2,1,3146.1,48,2,3145.9,38,2,3145.8,18,1,3147.0,224,6,3147.1,24,2,3147.2,273,3,3147.3,79,3,3147.4,50,1
2031,2026-06-16 13:30:53+05:30,3146.5,1,3132.07,2511388,123673.0,199149.0,3163.0,3163.0,3108.0,3134.3,31995800,3447.7,2820.9,3839.9,2896.0,3146.5,37,2,3146.2,2,1,3146.1,65,3,3145.9,38,2,3145.8,18,1,3147.0,269,8,3147.1,3,1,3147.2,250,2,3147.3,97,3,3147.4,50,1
2031,2026-06-16 13:30:54+05:30,3146.5,2,3132.07,2511427,123167.0,199356.0,3163.0,3163.0,3108.0,3134.3,31995800,3447.7,2820.9,3839.9,2896.0,3146.5,3,2,3146.1,65,3,3145.9,21,1,3145.7,22,1,3145.5,40,3,3146.9,109,6,3147.0,540,12,3147.1,81,4,3147.2,122,3,3147.3,75,3
2031,2026-06-16 13:30:55+05:30,3146.1,152,3132.07,2511427,123167.0,199356.0,3163.0,3163.0,3108.0,3134.3,31995800,3447.7,2820.9,3839.9,2896.0,3146.5,3,2,3146.1,65,3,3145.9,21,1,3145.7,22,1,3145.5,40,3,3146.9,109,6,3147.0,540,12,3147.1,81,4,3147.2,122,3,3147.3,75,3
2031,2026-06-16 13:30:55+05:30,3146.1,152,3132.07,2511636,122390.0,200015.0,3163.0,3163.0,3108.0,3134.3,31995800,3447.7,2820.9,3839.9,2896.0,3146.1,12,1,3145.5,20,1,3145.3,21,1,3145.2,1,1,3145.1,36,2,3146.4,69,3,3146.5,229,2,3146.6,119,5,3146.7,23,3,3146.8,98,3
2031,2026-06-16 13:30:56+05:30,3146.4,9,3132.07,2511662,122313.0,200026.0,3163.0,3163.0,3108.0,3134.3,31995800,3447.7,2820.9,3839.9,2896.0,3146.1,29,2,3145.5,20,1,3145.3,21,1,3145.2,1,1,3145.1,39,3,3146.4,89,5,3146.5,200,1,3146.6,130,5,3146.7,20,2,3146.8,71,2
2031,2026-06-16 13:30:57+05:30,3146.4,9,3132.07,2511662,122313.0,200026.0,3163.0,3163.0,3108.0,3134.3,31995800,3447.7,2820.9,3839.9,2896.0,3146.1,29,2,3145.5,20,1,3145.3,21,1,3145.2,1,1,3145.1,39,3,3146.4,89,5,3146.5,200,1,3146.6,130,5,3146.7,20,2,3146.8,71,2
2031,2026-06-16 13:30:57+05:30,3146.1,7,3132.07,2511837,121183.0,200438.0,3163.0,3163.0,3108.0,3134.3,31995800,3447.7,2820.9,3839.9,2896.0,3145.2,1,1,3145.1,15,1,3145.0,1,1,3144.9,22,1,3144.7,31,2,3146.1,49,3,3146.2,93,5,3146.3,301,5,3146.4,146,8,3146.5,28,1
2031,2026-06-16 13:30:58+05:30,3146.1,7,3132.07,2511837,121183.0,200438.0,3163.0,3163.0,3108.0,3134.3,31995800,3447.7,2820.9,3839.9,2896.0,3145.2,1,1,3145.1,15,1,3145.0,1,1,3144.9,22,1,3144.7,31,2,3146.1,49,3,3146.2,93,5,3146.3,301,5,3146.4,146,8,3146.5,28,1
2031,2026-06-16 13:30:58+05:30,3146.1,7,3132.07,2511837,121999.0,200440.0,3163.0,3163.0,3108.0,3134.3,31995800,3447.7,2820.9,3839.9,2896.0,3145.2,15,2,3145.1,15,1,3145.0,1,1,3144.7,31,2,3144.6,27,2,3145.9,200,1,3146.0,40,2,3146.1,64,5,3146.2,133,5,3146.3,29,1
2031,2026-06-16 13:31:00+05:30,3145.5,17,3132.07,2511854,121927.0,200912.0,3163.0,3163.0,3108.0,3134.3,31995800,3447.7,2820.9,3839.9,2896.0,3145.2,23,4,3145.1,15,1,3145.0,1,1,3144.9,17,1,3144.7,20,1,3145.5,286,2,3145.6,1,1,3145.9,69,3,3146.0,217,2,3146.1,39,2
2031,2026-06-16 13:31:00+05:30,3145.5,17,3132.07,2511854,121927.0,200912.0,3163.0,3163.0,3108.0,3134.3,31995800,3447.7,2820.9,3839.9,2896.0,3145.2,23,4,3145.1,15,1,3145.0,1,1,3144.9,17,1,3144.7,20,1,3145.5,286,2,3145.6,1,1,3145.9,69,3,3146.0,217,2,3146.1,39,2
2031,2026-06-16 13:31:01+05:30,3145.5,40,3132.07,2511895,121967.0,200861.0,3163.0,3163.0,3108.0,3134.3,31995800,3447.7,2820.9,3839.9,2896.0,3145.4,2,2,3145.2,20,4,3145.1,32,2,3145.0,1,1,3144.9,9,1,3145.5,247,4,3145.6,1,1,3145.9,68,2,3146.0,200,1,3146.1,26,1
2031,2026-06-16 13:31:01+05:30,3145.5,40,3132.07,2511895,121967.0,200861.0,3163.0,3163.0,3108.0,3134.3,31995800,3447.7,2820.9,3839.9,2896.0,3145.4,2,2,3145.2,20,4,3145.1,32,2,3145.0,1,1,3144.9,9,1,3145.5,247,4,3145.6,1,1,3145.9,68,2,3146.0,200,1,3146.1,26,1
2031,2026-06-16 13:31:02+05:30,3145.5,23,3132.07,2511918,121971.0,200537.0,3163.0,3163.0,3108.0,3134.3,31995800,3447.7,2820.9,3839.9,2896.0,3145.4,2,2,3145.2,25,5,3145.1,15,1,3145.0,1,1,3144.9,17,1,3145.5,253,5,3145.6,1,1,3145.9,39,1,3146.0,200,1,3146.2,17,1
2031,2026-06-16 13:31:02+05:30,3145.5,23,3132.07,2511918,121971.0,200537.0,3163.0,3163.0,3108.0,3134.3,31995800,3447.7,2820.9,3839.9,2896.0,3145.4,2,2,3145.2,25,5,3145.1,15,1,3145.0,1,1,3144.9,17,1,3145.5,253,5,3145.6,1,1,3145.9,39,1,3146.0,200,1,3146.2,17,1
2031,2026-06-16 13:31:03+05:30,3145.5,1,3132.07,2511918,121971.0,200537.0,3163.0,3163.0,3108.0,3134.3,31995800,3447.7,2820.9,3839.9,2896.0,3145.4,2,2,3145.2,25,5,3145.1,15,1,3145.0,1,1,3144.9,17,1,3145.5,253,5,3145.6,1,1,3145.9,39,1,3146.0,200,1,3146.2,17,1
2031,2026-06-16 13:31:03+05:30,3145.5,5,3132.07,2511925,121939.0,200591.0,3163.0,3163.0,3108.0,3134.3,31995800,3447.7,2820.9,3839.9,2896.0,3145.4,2,2,3145.2,25,5,3145.1,30,2,3145.0,4,2,3144.9,17,1,3145.5,247,5,3145.9,39,1,3146.0,200,1,3146.2,17,1,3146.3,38,1
2031,2026-06-16 13:31:04+05:30,3145.5,5,3132.07,2511925,121939.0,200591.0,3163.0,3163.0,3108.0,3134.3,31995800,3447.7,2820.9,3839.9,2896.0,3145.4,2,2,3145.2,25,5,3145.1,30,2,3145.0,4,2,3144.9,17,1,3145.5,247,5,3145.9,39,1,3146.0,200,1,3146.2,17,1,3146.3,38,1
2031,2026-06-16 13:31:04+05:30,3145.2,2,3132.07,2511950,120429.0,201415.0,3163.0,3163.0,3108.0,3134.3,31995800,3447.7,2820.9,3839.9,2896.0,3145.2,3,2,3145.1,30,2,3145.0,1,1,3144.7,20,1,3144.6,3,1,3145.5,249,6,3145.6,200,1,3145.7,38,1,3145.9,68,3,3146.0,105,3
2031,2026-06-16 13:31:05+05:30,3145.1,10,3132.07,2511950,120429.0,201415.0,3163.0,3163.0,3108.0,3134.3,31995800,3447.7,2820.9,3839.9,2896.0,3145.2,3,2,3145.1,30,2,3145.0,1,1,3144.7,20,1,3144.6,3,1,3145.5,249,6,3145.6,200,1,3145.7,38,1,3145.9,68,3,3146.0,105,3
2031,2026-06-16 13:31:05+05:30,3145.1,10,3132.07,2512150,120566.0,199501.0,3163.0,3163.0,3108.0,3134.3,31995800,3447.7,2820.9,3839.9,2896.0,3145.2,2,1,3145.1,5,1,3145.0,1,1,3144.5,21,1,3144.3,21,1,3145.3,216,2,3145.5,31,3,3145.7,38,1,3145.8,5,1,3145.9,118,4
2031,2026-06-16 13:31:06+05:30,3145.1,37,3132.07,2512150,120566.0,199501.0,3163.0,3163.0,3108.0,3134.3,31995800,3447.7,2820.9,3839.9,2896.0,3145.2,2,1,3145.1,5,1,3145.0,1,1,3144.5,21,1,3144.3,21,1,3145.3,216,2,3145.5,31,3,3145.7,38,1,3145.8,5,1,3145.9,118,4
2031,2026-06-16 13:31:06+05:30,3145.1,10,3132.07,2512223,121386.0,201424.0,3163.0,3163.0,3108.0,3134.3,31995800,3447.7,2820.9,3839.9,2896.0,3145.0,1,1,3144.5,21,1,3144.3,21,1,3144.2,153,2,3144.1,121,2,3145.1,163,2,3145.3,55,2,3145.5,183,2,3145.7,92,3,3145.8,27,1
2031,2026-06-16 13:31:07+05:30,3144.3,70,3132.07,2512534,120157.0,200515.0,3163.0,3163.0,3108.0,3134.3,31995800,3447.7,2820.9,3839.9,2896.0,3144.3,23,4,3144.2,15,2,3144.1,155,6,3144.0,1014,15,3143.9,74,4,3145.1,52,1,3145.3,237,3,3145.5,1,1,3145.8,202,2,3145.9,89,2
2031,2026-06-16 13:31:07+05:30,3144.3,70,3132.07,2512534,120157.0,200515.0,3163.0,3163.0,3108.0,3134.3,31995800,3447.7,2820.9,3839.9,2896.0,3144.3,23,4,3144.2,15,2,3144.1,155,6,3144.0,1014,15,3143.9,74,4,3145.1,52,1,3145.3,237,3,3145.5,1,1,3145.8,202,2,3145.9,89,2
2031,2026-06-16 13:31:08+05:30,3145.1,24,3132.07,2512534,120157.0,200515.0,3163.0,3163.0,3108.0,3134.3,31995800,3447.7,2820.9,3839.9,2896.0,3144.3,23,4,3144.2,15,2,3144.1,155,6,3144.0,1014,15,3143.9,74,4,3145.1,52,1,3145.3,237,3,3145.5,1,1,3145.8,202,2,3145.9,89,2
2031,2026-06-16 13:31:08+05:30,3144.5,2,3132.08,2512586,120314.0,200510.0,3163.0,3163.0,3108.0,3134.3,31995800,3447.7,2820.9,3839.9,2896.0,3144.4,34,3,3144.3,24,5,3144.2,37,3,3144.1,164,6,3144.0,986,13,3144.6,1,1,3145.3,237,3,3145.5,1,1,3145.8,200,1,3145.9,89,2
2031,2026-06-16 13:31:09+05:30,3144.8,1,3132.08,2512586,120314.0,200510.0,3163.0,3163.0,3108.0,3134.3,31995800,3447.7,2820.9,3839.9,2896.0,3144.4,34,3,3144.3,24,5,3144.2,37,3,3144.1,164,6,3144.0,986,13,3144.6,1,1,3145.3,237,3,3145.5,1,1,3145.8,200,1,3145.9,89,2
2031,2026-06-16 13:31:09+05:30,3144.8,1,3132.08,2512589,120770.0,200613.0,3163.0,3163.0,3108.0,3134.3,31995800,3447.7,2820.9,3839.9,2896.0,3144.7,6,1,3144.5,22,4,3144.4,44,3,3144.3,44,6,3144.2,107,4,3145.2,182,1,3145.3,55,2,3145.8,200,1,3145.9,89,2,3146.0,29,1
2031,2026-06-16 13:31:10+05:30,3144.5,8,3132.08,2512589,120770.0,200613.0,3163.0,3163.0,3108.0,3134.3,31995800,3447.7,2820.9,3839.9,2896.0,3144.7,6,1,3144.5,22,4,3144.4,44,3,3144.3,44,6,3144.2,107,4,3145.2,182,1,3145.3,55,2,3145.8,200,1,3145.9,89,2,3146.0,29,1
2031,2026-06-16 13:31:10+05:30,3144.5,8,3132.08,2512665,120649.0,200626.0,3163.0,3163.0,3108.0,3134.3,31995800,3447.7,2820.9,3839.9,2896.0,3144.5,3,1,3144.3,67,5,3144.1,139,4,3144.0,970,12,3143.9,52,3,3145.2,174,2,3145.3,26,1,3145.6,5,1,3145.7,35,1,3145.8,200,1
2031,2026-06-16 13:31:11+05:30,3145.1,1,3132.08,2512665,120649.0,200626.0,3163.0,3163.0,3108.0,3134.3,31995800,3447.7,2820.9,3839.9,2896.0,3144.5,3,1,3144.3,67,5,3144.1,139,4,3144.0,970,12,3143.9,52,3,3145.2,174,2,3145.3,26,1,3145.6,5,1,3145.7,35,1,3145.8,200,1
2031,2026-06-16 13:31:11+05:30,3145.1,1,3132.08,2512666,120796.0,200592.0,3163.0,3163.0,3108.0,3134.3,31995800,3447.7,2820.9,3839.9,2896.0,3144.5,50,4,3144.4,20,2,3144.3,17,2,3144.2,35,3,3144.1,137,3,3145.2,29,1,3145.3,170,2,3145.6,33,1,3145.7,35,1,3145.8,200,1
2031,2026-06-16 13:31:12+05:30,3145.2,1,3132.08,2512666,120796.0,200592.0,3163.0,3163.0,3108.0,3134.3,31995800,3447.7,2820.9,3839.9,2896.0,3144.5,50,4,3144.4,20,2,3144.3,17,2,3144.2,35,3,3144.1,137,3,3145.2,29,1,3145.3,170,2,3145.6,33,1,3145.7,35,1,3145.8,200,1
2031,2026-06-16 13:31:12+05:30,3145.2,1,3132.08,2512667,121698.0,200613.0,3163.0,3163.0,3108.0,3134.3,31995800,3447.7,2820.9,3839.9,2896.0,3145.1,2,1,3144.5,47,3,3144.3,52,4,3144.2,44,3,3144.1,194,6,3145.2,66,3,3145.3,170,2,3145.6,55,2,3145.7,35,1,3145.8,228,2
2031,2026-06-16 13:31:13+05:30,3145.2,7,3132.08,2512667,121698.0,200613.0,3163.0,3163.0,3108.0,3134.3,31995800,3447.7,2820.9,3839.9,2896.0,3145.1,2,1,3144.5,47,3,3144.3,52,4,3144.2,44,3,3144.1,194,6,3145.2,66,3,3145.3,170,2,3145.6,55,2,3145.7,35,1,3145.8,228,2
2031,2026-06-16 13:31:13+05:30,3145.2,9,3132.08,2512683,121983.0,200451.0,3163.0,3163.0,3108.0,3134.3,31995800,3447.7,2820.9,3839.9,2896.0,3145.1,19,3,3144.7,27,3,3144.6,34,2,3144.5,51,2,3144.4,40,2,3145.2,50,3,3145.3,170,2,3145.8,200,1,3146.1,107,3,3146.2,217,2
2031,2026-06-16 13:31:14+05:30,3145.2,9,3132.08,2512683,121983.0,200451.0,3163.0,3163.0,3108.0,3134.3,31995800,3447.7,2820.9,3839.9,2896.0,3145.1,19,3,3144.7,27,3,3144.6,34,2,3144.5,51,2,3144.4,40,2,3145.2,50,3,3145.3,170,2,3145.8,200,1,3146.1,107,3,3146.2,217,2
2031,2026-06-16 13:31:14+05:30,3144.7,1,3132.08,2512772,123960.0,200294.0,3163.0,3163.0,3108.0,3134.3,31995800,3447.7,2820.9,3839.9,2896.0,3144.7,19,2,3144.6,8,1,3144.5,9,1,3144.4,11,1,3144.3,69,5,3145.1,128,1,3145.2,50,3,3145.3,170,2,3145.8,200,1,3145.9,72,2
2031,2026-06-16 13:31:15+05:30,3145.2,3,3132.08,2512772,123960.0,200294.0,3163.0,3163.0,3108.0,3134.3,31995800,3447.7,2820.9,3839.9,2896.0,3144.7,19,2,3144.6,8,1,3144.5,9,1,3144.4,11,1,3144.3,69,5,3145.1,128,1,3145.2,50,3,3145.3,170,2,3145.8,200,1,3145.9,72,2
2031,2026-06-16 13:31:15+05:30,3145.2,3,3132.08,2512904,124264.0,200218.0,3163.0,3163.0,3108.0,3134.3,31995800,3447.7,2820.9,3839.9,2896.0,3144.9,2,2,3144.7,17,2,3144.5,2,1,3144.4,13,2,3144.3,71,5,3145.1,29,1,3145.3,170,2,3145.8,200,1,3145.9,72,2,3146.1,123,3
2031,2026-06-16 13:31:16+05:30,3145.1,1,3132.08,2512904,124264.0,200218.0,3163.0,3163.0,3108.0,3134.3,31995800,3447.7,2820.9,3839.9,2896.0,3144.9,2,2,3144.7,17,2,3144.5,2,1,3144.4,13,2,3144.3,71,5,3145.1,29,1,3145.3,170,2,3145.8,200,1,3145.9,72,2,3146.1,123,3
2031,2026-06-16 13:31:16+05:30,3145.1,1,3132.08,2512904,124264.0,200218.0,3163.0,3163.0,3108.0,3134.3,31995800,3447.7,2820.9,3839.9,2896.0,3144.9,2,2,3144.7,17,2,3144.5,2,1,3144.4,13,2,3144.3,71,5,3145.1,29,1,3145.3,170,2,3145.8,200,1,3145.9,72,2,3146.1,123,3
2031,2026-06-16 13:31:16+05:30,3145.1,1,3132.08,2512906,124360.0,200022.0,3163.0,3163.0,3108.0,3134.3,31995800,3447.7,2820.9,3839.9,2896.0,3144.9,4,3,3144.7,1,1,3144.6,18,1,3144.5,2,1,3144.4,43,3,3145.1,27,1,3145.2,5,1,3145.3,170,2,3145.8,200,1,3145.9,72,2
2031,2026-06-16 13:31:17+05:30,3144.9,1,3132.08,2512906,124360.0,200022.0,3163.0,3163.0,3108.0,3134.3,31995800,3447.7,2820.9,3839.9,2896.0,3144.9,4,3,3144.7,1,1,3144.6,18,1,3144.5,2,1,3144.4,43,3,3145.1,27,1,3145.2,5,1,3145.3,170,2,3145.8,200,1,3145.9,72,2
2031,2026-06-16 13:31:17+05:30,3145.1,23,3132.08,2512936,124285.0,200016.0,3163.0,3163.0,3108.0,3134.3,31995800,3447.7,2820.9,3839.9,2896.0,3144.7,1,1,3144.5,18,2,3144.4,48,2,3144.3,55,4,3144.2,178,4,3145.1,21,4,3145.2,5,1,3145.3,170,2,3145.7,28,1,3145.8,200,1
2031,2026-06-16 13:31:18+05:30,3145.1,23,3132.08,2512936,124285.0,200016.0,3163.0,3163.0,3108.0,3134.3,31995800,3447.7,2820.9,3839.9,2896.0,3144.7,1,1,3144.5,18,2,3144.4,48,2,3144.3,55,4,3144.2,178,4,3145.1,21,4,3145.2,5,1,3145.3,170,2,3145.7,28,1,3145.8,200,1
2031,2026-06-16 13:31:18+05:30,3145.1,23,3132.08,2512936,124285.0,200016.0,3163.0,3163.0,3108.0,3134.3,31995800,3447.7,2820.9,3839.9,2896.0,3144.7,1,1,3144.5,18,2,3144.4,48,2,3144.3,55,4,3144.2,178,4,3145.1,21,4,3145.2,5,1,3145.3,170,2,3145.7,28,1,3145.8,200,1
2031,2026-06-16 13:31:19+05:30,3145.1,2,3132.08,2512936,124285.0,200016.0,3163.0,3163.0,3108.0,3134.3,31995800,3447.7,2820.9,3839.9,2896.0,3144.7,1,1,3144.5,18,2,3144.4,48,2,3144.3,55,4,3144.2,178,4,3145.1,21,4,3145.2,5,1,3145.3,170,2,3145.7,28,1,3145.8,200,1
2031,2026-06-16 13:31:19+05:30,3145.1,2,3132.08,2512938,124295.0,198178.0,3163.0,3163.0,3108.0,3134.3,31995800,3447.7,2820.9,3839.9,2896.0,3144.7,20,3,3144.6,16,1,3144.5,11,2,3144.4,65,3,3144.3,54,4,3145.1,32,5,3145.2,5,1,3145.3,170,2,3145.7,28,1,3145.8,200,1
2031,2026-06-16 13:31:20+05:30,3144.8,82,3132.08,2513138,124073.0,200298.0,3163.0,3163.0,3108.0,3134.3,31995800,3447.7,2820.9,3839.9,2896.0,3144.8,18,1,3144.7,1,1,3144.6,13,1,3144.5,6,3,3144.4,18,1,3144.9,200,1,3145.1,207,6,3145.2,5,1,3145.3,170,2,3145.7,28,1
2031,2026-06-16 13:31:20+05:30,3144.8,82,3132.08,2513138,124073.0,200298.0,3163.0,3163.0,3108.0,3134.3,31995800,3447.7,2820.9,3839.9,2896.0,3144.8,18,1,3144.7,1,1,3144.6,13,1,3144.5,6,3,3144.4,18,1,3144.9,200,1,3145.1,207,6,3145.2,5,1,3145.3,170,2,3145.7,28,1
2031,2026-06-16 13:31:21+05:30,3144.9,6,3132.08,2513138,124073.0,200298.0,3163.0,3163.0,3108.0,3134.3,31995800,3447.7,2820.9,3839.9,2896.0,3144.8,18,1,3144.7,1,1,3144.6,13,1,3144.5,6,3,3144.4,18,1,3144.9,200,1,3145.1,207,6,3145.2,5,1,3145.3,170,2,3145.7,28,1
2031,2026-06-16 13:31:21+05:30,3144.9,6,3132.08,2513344,124113.0,200106.0,3163.0,3163.0,3108.0,3134.3,31995800,3447.7,2820.9,3839.9,2896.0,3144.8,18,1,3144.7,17,2,3144.6,13,1,3144.5,15,4,3144.3,52,3,3145.1,191,3,3145.2,5,1,3145.3,170,2,3145.8,200,1,3145.9,50,1
2031,2026-06-16 13:31:22+05:30,3144.6,102,3132.08,2513344,124113.0,200106.0,3163.0,3163.0,3108.0,3134.3,31995800,3447.7,2820.9,3839.9,2896.0,3144.8,18,1,3144.7,17,2,3144.6,13,1,3144.5,15,4,3144.3,52,3,3145.1,191,3,3145.2,5,1,3145.3,170,2,3145.8,200,1,3145.9,50,1
2031,2026-06-16 13:31:22+05:30,3144.6,102,3132.08,2513545,124159.0,200219.0,3163.0,3163.0,3108.0,3134.3,31995800,3447.7,2820.9,3839.9,2896.0,3144.7,17,1,3144.6,29,2,3144.5,18,1,3144.3,41,3,3144.2,178,6,3145.1,209,3,3145.2,5,1,3145.3,170,2,3145.8,245,2,3145.9,50,1
2031,2026-06-16 13:31:22+05:30,3144.6,102,3132.08,2513545,124159.0,200219.0,3163.0,3163.0,3108.0,3134.3,31995800,3447.7,2820.9,3839.9,2896.0,3144.7,17,1,3144.6,29,2,3144.5,18,1,3144.3,41,3,3144.2,178,6,3145.1,209,3,3145.2,5,1,3145.3,170,2,3145.8,245,2,3145.9,50,1
2031,2026-06-16 13:31:23+05:30,3145.1,1,3132.08,2513545,124159.0,200219.0,3163.0,3163.0,3108.0,3134.3,31995800,3447.7,2820.9,3839.9,2896.0,3144.7,17,1,3144.6,29,2,3144.5,18,1,3144.3,41,3,3144.2,178,6,3145.1,209,3,3145.2,5,1,3145.3,170,2,3145.8,245,2,3145.9,50,1
2031,2026-06-16 13:31:23+05:30,3145.1,1,3132.08,2513748,124299.0,200371.0,3163.0,3163.0,3108.0,3134.3,31995800,3447.7,2820.9,3839.9,2896.0,3144.7,9,1,3144.6,29,2,3144.5,114,1,3144.3,43,4,3144.2,165,3,3145.1,245,4,3145.2,149,2,3145.3,26,1,3145.7,205,2,3145.9,95,2
2031,2026-06-16 13:31:24+05:30,3145.1,61,3132.08,2513748,124299.0,200371.0,3163.0,3163.0,3108.0,3134.3,31995800,3447.7,2820.9,3839.9,2896.0,3144.7,9,1,3144.6,29,2,3144.5,114,1,3144.3,43,4,3144.2,165,3,3145.1,245,4,3145.2,149,2,3145.3,26,1,3145.7,205,2,3145.9,95,2
2031,2026-06-16 13:31:24+05:30,3145.1,61,3132.08,2513809,124195.0,200094.0,3163.0,3163.0,3108.0,3134.3,31995800,3447.7,2820.9,3839.9,2896.0,3144.7,9,1,3144.6,29,2,3144.5,114,1,3144.4,3,1,3144.3,83,5,3145.1,184,4,3145.2,149,2,3145.3,26,1,3145.7,200,1,3145.9,95,2
2031,2026-06-16 13:31:25+05:30,3145.1,61,3132.08,2513809,124195.0,200094.0,3163.0,3163.0,3108.0,3134.3,31995800,3447.7,2820.9,3839.9,2896.0,3144.7,9,1,3144.6,29,2,3144.5,114,1,3144.4,3,1,3144.3,83,5,3145.1,184,4,3145.2,149,2,3145.3,26,1,3145.7,200,1,3145.9,95,2
2031,2026-06-16 13:31:25+05:30,3144.6,1,3132.08,2513809,124195.0,200094.0,3163.0,3163.0,3108.0,3134.3,31995800,3447.7,2820.9,3839.9,2896.0,3144.7,9,1,3144.6,29,2,3144.5,114,1,3144.4,3,1,3144.3,83,5,3145.1,184,4,3145.2,149,2,3145.3,26,1,3145.7,200,1,3145.9,95,2
2031,2026-06-16 13:31:25+05:30,3144.6,1,3132.08,2513833,124129.0,199970.0,3163.0,3163.0,3108.0,3134.3,31995800,3447.7,2820.9,3839.9,2896.0,3144.6,28,2,3144.5,117,2,3144.4,22,2,3144.3,117,7,3144.2,35,3,3145.1,170,4,3145.2,144,1,3145.3,26,1,3145.7,200,1,3145.9,95,2
2031,2026-06-16 13:31:26+05:30,3144.6,2,3132.08,2513833,124129.0,199970.0,3163.0,3163.0,3108.0,3134.3,31995800,3447.7,2820.9,3839.9,2896.0,3144.6,28,2,3144.5,117,2,3144.4,22,2,3144.3,117,7,3144.2,35,3,3145.1,170,4,3145.2,144,1,3145.3,26,1,3145.7,200,1,3145.9,95,2
2031,2026-06-16 13:31:26+05:30,3144.6,1,3132.08,2513836,124093.0,200536.0,3163.0,3163.0,3108.0,3134.3,31995800,3447.7,2820.9,3839.9,2896.0,3144.6,25,2,3144.5,117,2,3144.4,11,1,3144.3,96,6,3144.2,35,3,3145.1,209,5,3145.2,144,1,3145.3,26,1,3145.7,200,1,3145.9,107,3
2031,2026-06-16 13:31:26+05:30,3144.6,1,3132.08,2513836,124093.0,200536.0,3163.0,3163.0,3108.0,3134.3,31995800,3447.7,2820.9,3839.9,2896.0,3144.6,25,2,3144.5,117,2,3144.4,11,1,3144.3,96,6,3144.2,35,3,3145.1,209,5,3145.2,144,1,3145.3,26,1,3145.7,200,1,3145.9,107,3
2031,2026-06-16 13:31:27+05:30,3145.1,12,3132.08,2513836,124093.0,200536.0,3163.0,3163.0,3108.0,3134.3,31995800,3447.7,2820.9,3839.9,2896.0,3144.6,25,2,3144.5,117,2,3144.4,11,1,3144.3,96,6,3144.2,35,3,3145.1,209,5,3145.2,144,1,3145.3,26,1,3145.7,200,1,3145.9,107,3
2031,2026-06-16 13:31:27+05:30,3145.1,12,3132.08,2513854,124261.0,200301.0,3163.0,3163.0,3108.0,3134.3,31995800,3447.7,2820.9,3839.9,2896.0,3144.6,20,2,3144.5,117,2,3144.4,11,1,3144.3,94,5,3144.2,19,3,3145.1,196,5,3145.2,144,1,3145.3,26,1,3145.7,200,1,3145.9,107,3
2031,2026-06-16 13:31:28+05:30,3145.1,12,3132.08,2513854,124261.0,200301.0,3163.0,3163.0,3108.0,3134.3,31995800,3447.7,2820.9,3839.9,2896.0,3144.6,20,2,3144.5,117,2,3144.4,11,1,3144.3,94,5,3144.2,19,3,3145.1,196,5,3145.2,144,1,3145.3,26,1,3145.7,200,1,3145.9,107,3
2031,2026-06-16 13:31:28+05:30,3144.6,16,3132.08,2513854,124261.0,200301.0,3163.0,3163.0,3108.0,3134.3,31995800,3447.7,2820.9,3839.9,2896.0,3144.6,20,2,3144.5,117,2,3144.4,11,1,3144.3,94,5,3144.2,19,3,3145.1,196,5,3145.2,144,1,3145.3,26,1,3145.7,200,1,3145.9,107,3
2031,2026-06-16 13:31:28+05:30,3144.6,149,3132.08,2514019,123891.0,199892.0,3163.0,3163.0,3108.0,3134.3,31995800,3447.7,2820.9,3839.9,2896.0,3144.5,114,1,3144.3,18,1,3144.2,37,2,3144.1,145,4,3144.0,933,14,3144.6,35,1,3145.1,196,5,3145.2,144,1,3145.3,26,1,3145.6,38,1
2031,2026-06-16 13:31:29+05:30,3144.6,149,3132.08,2514019,123891.0,199892.0,3163.0,3163.0,3108.0,3134.3,31995800,3447.7,2820.9,3839.9,2896.0,3144.5,114,1,3144.3,18,1,3144.2,37,2,3144.1,145,4,3144.0,933,14,3144.6,35,1,3145.1,196,5,3145.2,144,1,3145.3,26,1,3145.6,38,1
2031,2026-06-16 13:31:29+05:30,3144.6,1,3132.08,2514019,123891.0,199892.0,3163.0,3163.0,3108.0,3134.3,31995800,3447.7,2820.9,3839.9,2896.0,3144.5,114,1,3144.3,18,1,3144.2,37,2,3144.1,145,4,3144.0,933,14,3144.6,35,1,3145.1,196,5,3145.2,144,1,3145.3,26,1,3145.6,38,1
2031,2026-06-16 13:31:29+05:30,3144.6,1,3132.08,2514055,123986.0,200009.0,3163.0,3163.0,3108.0,3134.3,31995800,3447.7,2820.9,3839.9,2896.0,3144.5,154,3,3144.3,8,2,3144.2,5,2,3144.1,145,4,3144.0,958,16,3144.6,25,1,3145.1,177,4,3145.2,144,1,3145.3,26,1,3145.7,238,2
2031,2026-06-16 13:31:29+05:30,3144.6,1,3132.08,2514055,123986.0,200009.0,3163.0,3163.0,3108.0,3134.3,31995800,3447.7,2820.9,3839.9,2896.0,3144.5,154,3,3144.3,8,2,3144.2,5,2,3144.1,145,4,3144.0,958,16,3144.6,25,1,3145.1,177,4,3145.2,144,1,3145.3,26,1,3145.7,238,2
2031,2026-06-16 13:31:30+05:30,3144.6,1,3132.08,2514055,123986.0,200009.0,3163.0,3163.0,3108.0,3134.3,31995800,3447.7,2820.9,3839.9,2896.0,3144.5,154,3,3144.3,8,2,3144.2,5,2,3144.1,145,4,3144.0,958,16,3144.6,25,1,3145.1,177,4,3145.2,144,1,3145.3,26,1,3145.7,238,2
2031,2026-06-16 13:31:30+05:30,3144.6,25,3132.08,2514055,123986.0,200009.0,3163.0,3163.0,3108.0,3134.3,31995800,3447.7,2820.9,3839.9,2896.0,3144.5,154,3,3144.3,8,2,3144.2,5,2,3144.1,145,4,3144.0,958,16,3144.6,25,1,3145.1,177,4,3145.2,144,1,3145.3,26,1,3145.7,238,2
2031,2026-06-16 13:31:30+05:30,3144.6,2,3132.08,2514084,123880.0,199979.0,3163.0,3163.0,3108.0,3134.3,31995800,3447.7,2820.9,3839.9,2896.0,3144.5,160,5,3144.3,13,3,3144.2,57,4,3144.1,145,4,3144.0,955,16,3144.6,13,1,3145.1,177,4,3145.2,144,1,3145.3,26,1,3145.7,200,1
2031,2026-06-16 13:31:30+05:30,3144.6,2,3132.08,2514084,123880.0,199979.0,3163.0,3163.0,3108.0,3134.3,31995800,3447.7,2820.9,3839.9,2896.0,3144.5,160,5,3144.3,13,3,3144.2,57,4,3144.1,145,4,3144.0,955,16,3144.6,13,1,3145.1,177,4,3145.2,144,1,3145.3,26,1,3145.7,200,1
2031,2026-06-16 13:31:31+05:30,3145.1,22,3132.08,2514084,123880.0,199979.0,3163.0,3163.0,3108.0,3134.3,31995800,3447.7,2820.9,3839.9,2896.0,3144.5,160,5,3144.3,13,3,3144.2,57,4,3144.1,145,4,3144.0,955,16,3144.6,13,1,3145.1,177,4,3145.2,144,1,3145.3,26,1,3145.7,200,1
2031,2026-06-16 13:31:31+05:30,3145.1,22,3132.08,2514084,123880.0,199979.0,3163.0,3163.0,3108.0,3134.3,31995800,3447.7,2820.9,3839.9,2896.0,3144.5,160,5,3144.3,13,3,3144.2,57,4,3144.1,145,4,3144.0,955,16,3144.6,13,1,3145.1,177,4,3145.2,144,1,3145.3,26,1,3145.7,200,1
2031,2026-06-16 13:31:31+05:30,3145.1,22,3132.08,2514120,123947.0,200252.0,3163.0,3163.0,3108.0,3134.3,31995800,3447.7,2820.9,3839.9,2896.0,3144.5,160,5,3144.3,8,2,3144.2,3,1,3144.1,147,5,3144.0,958,16,3144.6,2,1,3145.1,155,4,3145.2,144,1,3145.3,26,1,3145.7,200,1
2031,2026-06-16 13:31:32+05:30,3145.1,1,3132.08,2514120,123947.0,200252.0,3163.0,3163.0,3108.0,3134.3,31995800,3447.7,2820.9,3839.9,2896.0,3144.5,160,5,3144.3,8,2,3144.2,3,1,3144.1,147,5,3144.0,958,16,3144.6,2,1,3145.1,155,4,3145.2,144,1,3145.3,26,1,3145.7,200,1
2031,2026-06-16 13:31:32+05:30,3145.1,1,3132.08,2514120,123947.0,200252.0,3163.0,3163.0,3108.0,3134.3,31995800,3447.7,2820.9,3839.9,2896.0,3144.5,160,5,3144.3,8,2,3144.2,3,1,3144.1,147,5,3144.0,958,16,3144.6,2,1,3145.1,155,4,3145.2,144,1,3145.3,26,1,3145.7,200,1
2031,2026-06-16 13:31:32+05:30,3145.1,1,3132.08,2514173,124075.0,200627.0,3163.0,3163.0,3108.0,3134.3,31995800,3447.7,2820.9,3839.9,2896.0,3144.6,2,1,3144.5,106,4,3144.4,18,1,3144.3,3,1,3144.2,190,3,3145.1,154,4,3145.2,144,1,3145.3,26,1,3145.7,200,1,3145.8,38,1
2031,2026-06-16 13:31:33+05:30,3145.1,1,3132.08,2514173,124075.0,200627.0,3163.0,3163.0,3108.0,3134.3,31995800,3447.7,2820.9,3839.9,2896.0,3144.6,2,1,3144.5,106,4,3144.4,18,1,3144.3,3,1,3144.2,190,3,3145.1,154,4,3145.2,144,1,3145.3,26,1,3145.7,200,1,3145.8,38,1
2031,2026-06-16 13:31:33+05:30,3145.1,1,3132.08,2514173,124075.0,200636.0,3163.0,3163.0,3108.0,3134.3,31995800,3447.7,2820.9,3839.9,2896.0,3144.6,2,1,3144.5,106,4,3144.4,18,1,3144.3,3,1,3144.2,190,3,3145.1,154,4,3145.2,144,1,3145.3,26,1,3145.7,200,1,3145.8,38,1
2031,2026-06-16 13:31:33+05:30,3145.1,1,3132.08,2514173,124075.0,200636.0,3163.0,3163.0,3108.0,3134.3,31995800,3447.7,2820.9,3839.9,2896.0,3144.6,2,1,3144.5,106,4,3144.4,18,1,3144.3,3,1,3144.2,190,3,3145.1,154,4,3145.2,144,1,3145.3,26,1,3145.7,200,1,3145.8,38,1
2031,2026-06-16 13:31:34+05:30,3144.3,1,3132.08,2514173,124075.0,200636.0,3163.0,3163.0,3108.0,3134.3,31995800,3447.7,2820.9,3839.9,2896.0,3144.6,2,1,3144.5,106,4,3144.4,18,1,3144.3,3,1,3144.2,190,3,3145.1,154,4,3145.2,144,1,3145.3,26,1,3145.7,200,1,3145.8,38,1
2031,2026-06-16 13:31:34+05:30,3144.3,1,3132.08,2514373,123890.0,201289.0,3163.0,3163.0,3108.0,3134.3,31995800,3447.7,2820.9,3839.9,2896.0,3144.5,3,1,3144.3,20,2,3144.1,150,5,3144.0,845,10,3143.9,54,4,3145.0,144,1,3145.1,154,4,3145.3,26,1,3145.5,38,1,3145.6,267,4
2031,2026-06-16 13:31:34+05:30,3144.3,1,3132.08,2514373,123890.0,201289.0,3163.0,3163.0,3108.0,3134.3,31995800,3447.7,2820.9,3839.9,2896.0,3144.5,3,1,3144.3,20,2,3144.1,150,5,3144.0,845,10,3143.9,54,4,3145.0,144,1,3145.1,154,4,3145.3,26,1,3145.5,38,1,3145.6,267,4
2031,2026-06-16 13:31:35+05:30,3145.0,7,3132.08,2514373,123890.0,201289.0,3163.0,3163.0,3108.0,3134.3,31995800,3447.7,2820.9,3839.9,2896.0,3144.5,3,1,3144.3,20,2,3144.1,150,5,3144.0,845,10,3143.9,54,4,3145.0,144,1,3145.1,154,4,3145.3,26,1,3145.5,38,1,3145.6,267,4
2031,2026-06-16 13:31:35+05:30,3144.5,2,3132.09,2514968,123358.0,201281.0,3163.0,3163.0,3108.0,3134.3,31995800,3447.7,2820.9,3839.9,2896.0,3144.5,2,1,3144.3,17,2,3144.2,3,1,3144.1,122,2,3144.0,833,8,3145.0,200,1,3145.1,115,3,3145.3,26,1,3145.6,250,2,3145.7,87,2
2031,2026-06-16 13:31:35+05:30,3144.5,2,3132.09,2514968,123358.0,201281.0,3163.0,3163.0,3108.0,3134.3,31995800,3447.7,2820.9,3839.9,2896.0,3144.5,2,1,3144.3,17,2,3144.2,3,1,3144.1,122,2,3144.0,833,8,3145.0,200,1,3145.1,115,3,3145.3,26,1,3145.6,250,2,3145.7,87,2
2031,2026-06-16 13:31:36+05:30,3145.6,75,3132.09,2514968,123358.0,201281.0,3163.0,3163.0,3108.0,3134.3,31995800,3447.7,2820.9,3839.9,2896.0,3144.5,2,1,3144.3,17,2,3144.2,3,1,3144.1,122,2,3144.0,833,8,3145.0,200,1,3145.1,115,3,3145.3,26,1,3145.6,250,2,3145.7,87,2
2031,2026-06-16 13:31:36+05:30,3144.6,1,3132.09,2515336,125108.0,199414.0,3163.0,3163.0,3108.0,3134.3,31995800,3447.7,2820.9,3839.9,2896.0,3144.7,14,1,3144.6,35,4,3144.5,66,5,3144.4,38,3,3144.3,140,7,3145.6,125,1,3145.7,49,1,3146.0,401,3,3146.1,285,3,3146.2,17,1
2031,2026-06-16 13:31:36+05:30,3144.6,1,3132.09,2515336,125108.0,199414.0,3163.0,3163.0,3108.0,3134.3,31997000,3447.7,2820.9,3839.9,2896.0,3144.7,14,1,3144.6,35,4,3144.5,66,5,3144.4,38,3,3144.3,140,7,3145.6,125,1,3145.7,49,1,3146.0,401,3,3146.1,285,3,3146.2,17,1
2031,2026-06-16 13:31:37+05:30,3144.6,1,3132.09,2515336,125108.0,199414.0,3163.0,3163.0,3108.0,3134.3,31997000,3447.7,2820.9,3839.9,2896.0,3144.7,14,1,3144.6,35,4,3144.5,66,5,3144.4,38,3,3144.3,140,7,3145.6,125,1,3145.7,49,1,3146.0,401,3,3146.1,285,3,3146.2,17,1
2031,2026-06-16 13:31:37+05:30,3144.6,1,3132.09,2515336,125343.0,199471.0,3163.0,3163.0,3108.0,3134.3,31997000,3447.7,2820.9,3839.9,2896.0,3144.7,63,4,3144.6,16,2,3144.5,115,7,3144.4,43,5,3144.3,146,8,3145.9,125,1,3146.0,401,3,3146.1,334,4,3146.2,17,1,3146.3,518,6
2031,2026-06-16 13:31:38+05:30,3145.9,1,3132.09,2515336,125343.0,199471.0,3163.0,3163.0,3108.0,3134.3,31997000,3447.7,2820.9,3839.9,2896.0,3144.7,63,4,3144.6,16,2,3144.5,115,7,3144.4,43,5,3144.3,146,8,3145.9,125,1,3146.0,401,3,3146.1,334,4,3146.2,17,1,3146.3,518,6
2031,2026-06-16 13:31:38+05:30,3145.3,9,3132.09,2515423,124820.0,200240.0,3163.0,3163.0,3108.0,3134.3,31997000,3447.7,2820.9,3839.9,2896.0,3144.7,45,2,3144.3,57,5,3144.2,190,4,3144.1,145,4,3144.0,905,12,3145.5,191,1,3145.6,47,1,3145.7,22,1,3145.8,38,1,3145.9,89,2
2031,2026-06-16 13:31:39+05:30,3145.3,4,3132.09,2515423,124820.0,200240.0,3163.0,3163.0,3108.0,3134.3,31997000,3447.7,2820.9,3839.9,2896.0,3144.7,45,2,3144.3,57,5,3144.2,190,4,3144.1,145,4,3144.0,905,12,3145.5,191,1,3145.6,47,1,3145.7,22,1,3145.8,38,1,3145.9,89,2
2031,2026-06-16 13:31:39+05:30,3145.3,2,3132.09,2515459,124853.0,200646.0,3163.0,3163.0,3108.0,3134.3,31997000,3447.7,2820.9,3839.9,2896.0,3144.7,45,2,3144.6,16,1,3144.4,1,1,3144.3,59,5,3144.2,205,4,3145.3,155,1,3145.6,47,1,3145.9,127,3,3146.0,423,4,3146.1,349,4
2031,2026-06-16 13:31:40+05:30,3145.3,1,3132.09,2515459,124853.0,200646.0,3163.0,3163.0,3108.0,3134.3,31997000,3447.7,2820.9,3839.9,2896.0,3144.7,45,2,3144.6,16,1,3144.4,1,1,3144.3,59,5,3144.2,205,4,3145.3,155,1,3145.6,47,1,3145.9,127,3,3146.0,423,4,3146.1,349,4
2031,2026-06-16 13:31:40+05:30,3145.3,1,3132.09,2515462,124837.0,200695.0,3163.0,3163.0,3108.0,3134.3,31997000,3447.7,2820.9,3839.9,2896.0,3144.7,49,3,3144.4,1,1,3144.3,58,4,3144.2,179,4,3144.1,147,5,3145.3,152,1,3145.6,47,1,3145.8,55,1,3145.9,127,3,3146.0,423,4
2031,2026-06-16 13:31:41+05:30,3144.7,5,3132.09,2515462,124837.0,200695.0,3163.0,3163.0,3108.0,3134.3,31997000,3447.7,2820.9,3839.9,2896.0,3144.7,49,3,3144.4,1,1,3144.3,58,4,3144.2,179,4,3144.1,147,5,3145.3,152,1,3145.6,47,1,3145.8,55,1,3145.9,127,3,3146.0,423,4
2031,2026-06-16 13:31:41+05:30,3144.7,5,3132.09,2515473,124767.0,200455.0,3163.0,3163.0,3108.0,3134.3,31997000,3447.7,2820.9,3839.9,2896.0,3144.7,44,3,3144.4,1,1,3144.3,58,4,3144.2,179,4,3144.1,147,5,3145.3,146,1,3145.6,47,1,3145.9,88,2,3146.0,423,4,3146.1,351,5
2031,2026-06-16 13:31:42+05:30,3145.3,1,3132.09,2515489,124770.0,200478.0,3163.0,3163.0,3108.0,3134.3,31997000,3447.7,2820.9,3839.9,2896.0,3144.7,47,4,3144.4,1,1,3144.3,58,4,3144.2,179,4,3144.1,147,5,3145.3,176,2,3145.6,47,1,3145.9,88,2,3146.0,423,4,3146.1,349,4
2031,2026-06-16 13:31:42+05:30,3145.3,1,3132.09,2515489,124770.0,200478.0,3163.0,3163.0,3108.0,3134.3,31997000,3447.7,2820.9,3839.9,2896.0,3144.7,47,4,3144.4,1,1,3144.3,58,4,3144.2,179,4,3144.1,147,5,3145.3,176,2,3145.6,47,1,3145.9,88,2,3146.0,423,4,3146.1,349,4
2031,2026-06-16 13:31:43+05:30,3145.3,1,3132.09,2515489,124770.0,200478.0,3163.0,3163.0,3108.0,3134.3,31997000,3447.7,2820.9,3839.9,2896.0,3144.7,47,4,3144.4,1,1,3144.3,58,4,3144.2,179,4,3144.1,147,5,3145.3,176,2,3145.6,47,1,3145.9,88,2,3146.0,423,4,3146.1,349,4
2031,2026-06-16 13:31:43+05:30,3145.3,1,3132.09,2515490,124788.0,200573.0,3163.0,3163.0,3108.0,3134.3,31997000,3447.7,2820.9,3839.9,2896.0,3144.7,43,3,3144.4,1,1,3144.3,58,4,3144.2,179,4,3144.1,147,5,3145.3,201,3,3145.6,47,1,3145.9,137,3,3146.0,423,4,3146.1,361,5
2031,2026-06-16 13:31:44+05:30,3145.3,6,3132.09,2515490,124788.0,200573.0,3163.0,3163.0,3108.0,3134.3,31997000,3447.7,2820.9,3839.9,2896.0,3144.7,43,3,3144.4,1,1,3144.3,58,4,3144.2,179,4,3144.1,147,5,3145.3,201,3,3145.6,47,1,3145.9,137,3,3146.0,423,4,3146.1,361,5
2031,2026-06-16 13:31:44+05:30,3144.8,1,3132.09,2515497,124318.0,200874.0,3163.0,3163.0,3108.0,3134.3,31997000,3447.7,2820.9,3839.9,2896.0,3144.8,14,1,3144.7,25,2,3144.6,16,1,3144.3,24,2,3144.2,162,2,3145.0,1,1,3145.1,138,1,3145.3,58,3,3145.6,47,1,3145.8,22,1
2031,2026-06-16 13:31:45+05:30,3145.0,1,3132.09,2515497,124318.0,200874.0,3163.0,3163.0,3108.0,3134.3,31997000,3447.7,2820.9,3839.9,2896.0,3144.8,14,1,3144.7,25,2,3144.6,16,1,3144.3,24,2,3144.2,162,2,3145.0,1,1,3145.1,138,1,3145.3,58,3,3145.6,47,1,3145.8,22,1
2031,2026-06-16 13:31:45+05:30,3145.0,1,3132.09,2515498,125133.0,200954.0,3163.0,3163.0,3108.0,3134.3,31997000,3447.7,2820.9,3839.9,2896.0,3144.9,18,3,3144.8,1,1,3144.7,93,4,3144.5,18,1,3144.3,45,3,3145.2,138,1,3145.3,58,3,3145.6,47,1,3145.9,50,1,3146.0,401,3
2031,2026-06-16 13:31:46+05:30,3144.9,10,3132.09,2515498,125133.0,200954.0,3163.0,3163.0,3108.0,3134.3,31997000,3447.7,2820.9,3839.9,2896.0,3144.9,18,3,3144.8,1,1,3144.7,93,4,3144.5,18,1,3144.3,45,3,3145.2,138,1,3145.3,58,3,3145.6,47,1,3145.9,50,1,3146.0,401,3
2031,2026-06-16 13:31:46+05:30,3144.9,10,3132.09,2515510,125032.0,201050.0,3163.0,3163.0,3108.0,3134.3,31997000,3447.7,2820.9,3839.9,2896.0,3144.9,53,5,3144.8,1,1,3144.7,75,3,3144.6,60,4,3144.5,18,2,3145.1,138,1,3145.2,27,2,3145.3,31,1,3145.6,47,1,3145.9,50,1
2031,2026-06-16 13:31:47+05:30,3144.9,10,3132.09,2515510,125032.0,201047.0,3163.0,3163.0,3108.0,3134.3,31997000,3447.7,2820.9,3839.9,2896.0,3144.9,53,5,3144.8,1,1,3144.7,75,3,3144.6,60,4,3144.5,18,2,3145.1,138,1,3145.2,27,2,3145.3,31,1,3145.6,47,1,3145.9,50,1
2031,2026-06-16 13:31:48+05:30,3145.1,1,3132.09,2515510,125032.0,201047.0,3163.0,3163.0,3108.0,3134.3,31997000,3447.7,2820.9,3839.9,2896.0,3144.9,53,5,3144.8,1,1,3144.7,75,3,3144.6,60,4,3144.5,18,2,3145.1,138,1,3145.2,27,2,3145.3,31,1,3145.6,47,1,3145.9,50,1
2031,2026-06-16 13:31:48+05:30,3145.1,1,3132.09,2515677,125154.0,200989.0,3163.0,3163.0,3108.0,3134.3,31997000,3447.7,2820.9,3839.9,2896.0,3144.9,49,4,3144.8,1,1,3144.7,92,4,3144.6,20,2,3144.5,9,1,3145.1,171,1,3145.2,27,2,3145.3,31,1,3145.6,47,1,3145.9,46,1
2031,2026-06-16 13:31:49+05:30,3144.9,1,3132.09,2515677,125154.0,200989.0,3163.0,3163.0,3108.0,3134.3,31997000,3447.7,2820.9,3839.9,2896.0,3144.9,49,4,3144.8,1,1,3144.7,92,4,3144.6,20,2,3144.5,9,1,3145.1,171,1,3145.2,27,2,3145.3,31,1,3145.6,47,1,3145.9,46,1
2031,2026-06-16 13:31:49+05:30,3144.9,1,3132.09,2515729,124491.0,201079.0,3163.0,3163.0,3108.0,3134.3,31997000,3447.7,2820.9,3839.9,2896.0,3144.8,16,2,3144.7,75,3,3144.6,18,1,3144.5,2,1,3144.4,29,2,3144.9,148,1,3145.0,171,1,3145.1,27,2,3145.3,31,1,3145.5,69,2
2031,2026-06-16 13:31:50+05:30,3145.0,18,3132.09,2515729,124491.0,201079.0,3163.0,3163.0,3108.0,3134.3,31997000,3447.7,2820.9,3839.9,2896.0,3144.8,16,2,3144.7,75,3,3144.6,18,1,3144.5,2,1,3144.4,29,2,3144.9,148,1,3145.0,171,1,3145.1,27,2,3145.3,31,1,3145.5,69,2
2031,2026-06-16 13:31:50+05:30,3145.0,18,3132.09,2516066,124442.0,201374.0,3163.0,3163.0,3108.0,3134.3,31997000,3447.7,2820.9,3839.9,2896.0,3144.8,16,2,3144.7,91,4,3144.5,2,1,3144.4,29,2,3144.3,19,2,3145.0,182,1,3145.1,127,3,3145.3,31,1,3145.6,47,1,3145.9,99,2
2031,2026-06-16 13:31:51+05:30,3145.0,182,3132.09,2516066,124442.0,201374.0,3163.0,3163.0,3108.0,3134.3,31997000,3447.7,2820.9,3839.9,2896.0,3144.8,16,2,3144.7,91,4,3144.5,2,1,3144.4,29,2,3144.3,19,2,3145.0,182,1,3145.1,127,3,3145.3,31,1,3145.6,47,1,3145.9,99,2
2031,2026-06-16 13:31:51+05:30,3145.0,5,3132.09,2516259,124540.0,200846.0,3163.0,3163.0,3108.0,3134.3,31997000,3447.7,2820.9,3839.9,2896.0,3144.9,15,1,3144.8,1,1,3144.7,91,4,3144.4,16,1,3144.3,23,3,3145.0,26,2,3145.1,101,2,3145.2,200,1,3145.3,32,2,3145.6,1,1
2031,2026-06-16 13:31:52+05:30,3145.1,38,3132.09,2516259,124540.0,200846.0,3163.0,3163.0,3108.0,3134.3,31997000,3447.7,2820.9,3839.9,2896.0,3144.9,15,1,3144.8,1,1,3144.7,91,4,3144.4,16,1,3144.3,23,3,3145.0,26,2,3145.1,101,2,3145.2,200,1,3145.3,32,2,3145.6,1,1
2031,2026-06-16 13:31:52+05:30,3145.1,38,3132.09,2516377,125183.0,200416.0,3163.0,3163.0,3108.0,3134.3,31997000,3447.7,2820.9,3839.9,2896.0,3144.9,15,1,3144.8,17,2,3144.7,75,3,3144.6,18,1,3144.4,16,1,3145.1,63,2,3145.2,200,1,3145.3,1,1,3145.6,1,1,3145.7,47,1
2031,2026-06-16 13:31:53+05:30,3145.1,1,3132.09,2516379,125245.0,200606.0,3163.0,3163.0,3108.0,3134.3,31997000,3447.7,2820.9,3839.9,2896.0,3144.9,57,3,3144.8,1,1,3144.7,75,3,3144.6,18,1,3144.5,18,1,3145.1,62,2,3145.2,200,1,3145.3,1,1,3145.6,1,1,3145.7,47,1
2031,2026-06-16 13:31:54+05:30,3145.1,1,3132.09,2516379,125245.0,200606.0,3163.0,3163.0,3108.0,3134.3,31997000,3447.7,2820.9,3839.9,2896.0,3144.9,57,3,3144.8,1,1,3144.7,75,3,3144.6,18,1,3144.5,18,1,3145.1,62,2,3145.2,200,1,3145.3,1,1,3145.6,1,1,3145.7,47,1
2031,2026-06-16 13:31:54+05:30,3145.0,2,3132.09,2516409,125093.0,200775.0,3163.0,3163.0,3108.0,3134.3,31997000,3447.7,2820.9,3839.9,2896.0,3144.9,57,3,3144.8,18,2,3144.7,25,2,3144.6,18,1,3144.5,8,1,3145.0,170,1,3145.1,62,2,3145.3,1,1,3145.6,48,2,3145.9,50,1
2031,2026-06-16 13:31:55+05:30,3145.1,9,3132.09,2516409,125093.0,200775.0,3163.0,3163.0,3108.0,3134.3,31997000,3447.7,2820.9,3839.9,2896.0,3144.9,57,3,3144.8,18,2,3144.7,25,2,3144.6,18,1,3144.5,8,1,3145.0,170,1,3145.1,62,2,3145.3,1,1,3145.6,48,2,3145.9,50,1
2031,2026-06-16 13:31:55+05:30,3145.1,3,3132.1,2516668,125442.0,200255.0,3163.0,3163.0,3108.0,3134.3,31997000,3447.7,2820.9,3839.9,2896.0,3145.1,12,1,3144.9,43,2,3144.7,25,2,3144.6,18,1,3144.5,60,3,3145.3,1,1,3145.6,48,2,3146.0,401,3,3146.1,257,3,3146.2,50,1
2031,2026-06-16 13:31:56+05:30,3145.1,82,3132.1,2516668,125442.0,200255.0,3163.0,3163.0,3108.0,3134.3,31997000,3447.7,2820.9,3839.9,2896.0,3145.1,12,1,3144.9,43,2,3144.7,25,2,3144.6,18,1,3144.5,60,3,3145.3,1,1,3145.6,48,2,3146.0,401,3,3146.1,257,3,3146.2,50,1
2031,2026-06-16 13:31:56+05:30,3145.1,82,3132.1,2516812,125174.0,200205.0,3163.0,3163.0,3108.0,3134.3,31997000,3447.7,2820.9,3839.9,2896.0,3144.9,59,3,3144.7,25,2,3144.6,18,1,3144.5,57,2,3144.4,29,2,3145.1,56,1,3145.3,1,1,3145.4,200,1,3145.6,1,1,3145.7,22,1
2031,2026-06-16 13:31:57+05:30,3144.9,1,3132.1,2516812,125174.0,200205.0,3163.0,3163.0,3108.0,3134.3,31997000,3447.7,2820.9,3839.9,2896.0,3144.9,59,3,3144.7,25,2,3144.6,18,1,3144.5,57,2,3144.4,29,2,3145.1,56,1,3145.3,1,1,3145.4,200,1,3145.6,1,1,3145.7,22,1
2031,2026-06-16 13:31:57+05:30,3144.9,1,3132.1,2516868,125177.0,200209.0,3163.0,3163.0,3108.0,3134.3,31997000,3447.7,2820.9,3839.9,2896.0,3144.9,19,2,3144.7,25,2,3144.6,18,1,3144.5,9,1,3144.4,29,2,3145.0,3,1,3145.3,1,1,3145.4,200,1,3145.6,1,1,3145.9,97,2
2031,2026-06-16 13:31:58+05:30,3145.4,37,3132.1,2516868,125177.0,200209.0,3163.0,3163.0,3108.0,3134.3,31997000,3447.7,2820.9,3839.9,2896.0,3144.9,19,2,3144.7,25,2,3144.6,18,1,3144.5,9,1,3144.4,29,2,3145.0,3,1,3145.3,1,1,3145.4,200,1,3145.6,1,1,3145.9,97,2
2031,2026-06-16 13:31:58+05:30,3144.6,11,3132.1,2517111,124403.0,200843.0,3163.0,3163.0,3108.0,3134.3,31997000,3447.7,2820.9,3839.9,2896.0,3144.5,4,2,3144.3,31,3,3144.2,129,5,3144.1,153,5,3144.0,971,18,3145.0,11,1,3145.4,163,1,3145.6,1,1,3145.8,49,1,3145.9,97,2
2031,2026-06-16 13:31:59+05:30,3145.0,47,3132.1,2517111,124403.0,200843.0,3163.0,3163.0,3108.0,3134.3,31997000,3447.7,2820.9,3839.9,2896.0,3144.5,4,2,3144.3,31,3,3144.2,129,5,3144.1,153,5,3144.0,971,18,3145.0,11,1,3145.4,163,1,3145.6,1,1,3145.8,49,1,3145.9,97,2
2031,2026-06-16 13:31:59+05:30,3145.0,47,3132.1,2517158,125089.0,201061.0,3163.0,3163.0,3108.0,3134.3,31997000,3447.7,2820.9,3839.9,2896.0,3145.1,1,1,3144.7,2,1,3144.6,13,1,3144.5,14,2,3144.4,18,1,3145.4,163,1,3145.6,1,1,3145.7,38,1,3145.8,47,1,3145.9,52,2
2031,2026-06-16 13:32:00+05:30,3145.0,47,3132.1,2517158,125129.0,200962.0,3163.0,3163.0,3108.0,3134.3,31997000,3447.7,2820.9,3839.9,2896.0,3145.3,2,2,3145.1,6,3,3144.7,2,1,3144.4,7,1,3144.3,27,2,3145.4,164,2,3145.6,1,1,3145.7,72,2,3145.8,47,1,3145.9,90,3
2031,2026-06-16 13:32:01+05:30,3145.4,30,3132.1,2517158,125129.0,200962.0,3163.0,3163.0,3108.0,3134.3,31997000,3447.7,2820.9,3839.9,2896.0,3145.3,2,2,3145.1,6,3,3144.7,2,1,3144.4,7,1,3144.3,27,2,3145.4,164,2,3145.6,1,1,3145.7,72,2,3145.8,47,1,3145.9,90,3
2031,2026-06-16 13:32:01+05:30,3145.4,30,3132.1,2517188,125247.0,200803.0,3163.0,3163.0,3108.0,3134.3,31997000,3447.7,2820.9,3839.9,2896.0,3145.3,2,2,3145.1,6,3,3144.7,2,1,3144.6,18,1,3144.5,25,2,3145.4,134,2,3145.6,1,1,3145.8,47,1,3145.9,50,1,3146.0,1,1
2031,2026-06-16 13:32:02+05:30,3145.4,1,3132.1,2517188,125247.0,200803.0,3163.0,3163.0,3108.0,3134.3,31997000,3447.7,2820.9,3839.9,2896.0,3145.3,2,2,3145.1,6,3,3144.7,2,1,3144.6,18,1,3144.5,25,2,3145.4,134,2,3145.6,1,1,3145.8,47,1,3145.9,50,1,3146.0,1,1
2031,2026-06-16 13:32:02+05:30,3145.3,1,3132.1,2517192,125273.0,200823.0,3163.0,3163.0,3108.0,3134.3,31997000,3447.7,2820.9,3839.9,2896.0,3145.3,2,2,3145.1,5,2,3144.7,18,2,3144.6,18,1,3144.5,20,1,3145.4,132,2,3145.6,1,1,3145.8,47,1,3145.9,52,2,3146.0,1,1
2031,2026-06-16 13:32:03+05:30,3145.3,1,3132.1,2517192,125273.0,200823.0,3163.0,3163.0,3108.0,3134.3,31997000,3447.7,2820.9,3839.9,2896.0,3145.3,2,2,3145.1,5,2,3144.7,18,2,3144.6,18,1,3144.5,20,1,3145.4,132,2,3145.6,1,1,3145.8,47,1,3145.9,52,2,3146.0,1,1
2031,2026-06-16 13:32:03+05:30,3145.3,1,3132.1,2517192,125259.0,200824.0,3163.0,3163.0,3108.0,3134.3,31997000,3447.7,2820.9,3839.9,2896.0,3145.3,2,2,3145.1,5,2,3144.7,18,2,3144.6,18,1,3144.5,20,1,3145.4,132,2,3145.6,1,1,3145.8,47,1,3145.9,50,1,3146.0,3,2
2031,2026-06-16 13:32:04+05:30,3145.4,1,3132.1,2517192,125259.0,200824.0,3163.0,3163.0,3108.0,3134.3,31997000,3447.7,2820.9,3839.9,2896.0,3145.3,2,2,3145.1,5,2,3144.7,18,2,3144.6,18,1,3144.5,20,1,3145.4,132,2,3145.6,1,1,3145.8,47,1,3145.9,50,1,3146.0,3,2
2031,2026-06-16 13:32:04+05:30,3145.3,1,3132.1,2517194,125226.0,200620.0,3163.0,3163.0,3108.0,3134.3,31997000,3447.7,2820.9,3839.9,2896.0,3145.3,1,1,3145.1,21,3,3145.0,18,1,3144.8,14,1,3144.7,2,1,3145.4,131,2,3145.6,1,1,3145.8,47,1,3145.9,50,1,3146.0,13,2
2031,2026-06-16 13:32:05+05:30,3145.3,1,3132.1,2517194,125226.0,200620.0,3163.0,3163.0,3108.0,3134.3,31997000,3447.7,2820.9,3839.9,2896.0,3145.3,1,1,3145.1,21,3,3145.0,18,1,3144.8,14,1,3144.7,2,1,3145.4,131,2,3145.6,1,1,3145.8,47,1,3145.9,50,1,3146.0,13,2
2031,2026-06-16 13:32:05+05:30,3145.4,43,3132.1,2517375,125225.0,200521.0,3163.0,3163.0,3108.0,3134.3,31997000,3447.7,2820.9,3839.9,2896.0,3145.1,7,3,3144.8,23,2,3144.7,24,3,3144.6,18,1,3144.5,38,3,3145.5,157,1,3145.6,1,1,3145.9,47,1,3146.0,1,1,3146.1,85,2
2031,2026-06-16 13:32:06+05:30,3144.6,14,3132.1,2517375,125225.0,200521.0,3163.0,3163.0,3108.0,3134.3,31997000,3447.7,2820.9,3839.9,2896.0,3145.1,7,3,3144.8,23,2,3144.7,24,3,3144.6,18,1,3144.5,38,3,3145.5,157,1,3145.6,1,1,3145.9,47,1,3146.0,1,1,3146.1,85,2
2031,2026-06-16 13:32:06+05:30,3144.6,14,3132.1,2517476,125317.0,200603.0,3163.0,3163.0,3108.0,3134.3,31997000,3447.7,2820.9,3839.9,2896.0,3145.1,2,1,3144.8,10,3,3144.7,8,1,3144.6,58,2,3144.5,95,4,3145.5,157,1,3145.6,1,1,3145.9,47,1,3146.0,3,2,3146.1,85,2
2031,2026-06-16 13:32:07+05:30,3145.1,10,3132.1,2517476,125317.0,200603.0,3163.0,3163.0,3108.0,3134.3,31997000,3447.7,2820.9,3839.9,2896.0,3145.1,2,1,3144.8,10,3,3144.7,8,1,3144.6,58,2,3144.5,95,4,3145.5,157,1,3145.6,1,1,3145.9,47,1,3146.0,3,2,3146.1,85,2
2031,2026-06-16 13:32:07+05:30,3145.1,5,3132.1,2517510,124963.0,201003.0,3163.0,3163.0,3108.0,3134.3,31997000,3447.7,2820.9,3839.9,2896.0,3144.8,3,1,3144.5,30,2,3144.3,25,2,3144.2,100,5,3144.1,153,5,3145.4,123,1,3145.5,26,2,3145.6,70,3,3145.8,44,1,3145.9,2,1
2031,2026-06-16 13:32:08+05:30,3145.1,1,3132.1,2517510,124963.0,201003.0,3163.0,3163.0,3108.0,3134.3,31997000,3447.7,2820.9,3839.9,2896.0,3144.8,3,1,3144.5,30,2,3144.3,25,2,3144.2,100,5,3144.1,153,5,3145.4,123,1,3145.5,26,2,3145.6,70,3,3145.8,44,1,3145.9,2,1
2031,2026-06-16 13:32:08+05:30,3145.1,4,3132.1,2517546,124976.0,200954.0,3163.0,3163.0,3108.0,3134.3,31997000,3447.7,2820.9,3839.9,2896.0,3144.8,3,1,3144.5,30,2,3144.3,46,3,3144.2,85,5,3144.1,155,6,3145.1,87,1,3145.5,26,2,3145.6,48,2,3145.7,5,1,3145.8,44,1
2031,2026-06-16 13:32:09+05:30,3145.1,1,3132.1,2517546,124976.0,200954.0,3163.0,3163.0,3108.0,3134.3,31997000,3447.7,2820.9,3839.9,2896.0,3144.8,3,1,3144.5,30,2,3144.3,46,3,3144.2,85,5,3144.1,155,6,3145.1,87,1,3145.5,26,2,3145.6,48,2,3145.7,5,1,3145.8,44,1
2031,2026-06-16 13:32:09+05:30,3145.1,1,3132.1,2517548,124998.0,200934.0,3163.0,3163.0,3108.0,3134.3,31997000,3447.7,2820.9,3839.9,2896.0,3144.8,46,3,3144.6,8,1,3144.5,24,3,3144.4,62,2,3144.3,64,4,3145.1,111,3,3145.5,1,1,3145.6,48,2,3145.9,56,1,3146.0,601,4
2031,2026-06-16 13:32:10+05:30,3145.1,1,3132.1,2517548,124998.0,200934.0,3163.0,3163.0,3108.0,3134.3,31997000,3447.7,2820.9,3839.9,2896.0,3144.8,46,3,3144.6,8,1,3144.5,24,3,3144.4,62,2,3144.3,64,4,3145.1,111,3,3145.5,1,1,3145.6,48,2,3145.9,56,1,3146.0,601,4
2031,2026-06-16 13:32:10+05:30,3145.1,1,3132.1,2517548,125137.0,200913.0,3163.0,3163.0,3108.0,3134.3,31997000,3447.7,2820.9,3839.9,2896.0,3144.8,62,4,3144.6,8,1,3144.5,19,3,3144.4,62,2,3144.3,64,4,3145.1,111,3,3145.5,1,1,3145.6,48,2,3145.9,58,1,3146.0,601,4
2031,2026-06-16 13:32:11+05:30,3144.8,1,3132.1,2517549,125093.0,200906.0,3163.0,3163.0,3108.0,3134.3,31997000,3447.7,2820.9,3839.9,2896.0,3144.8,61,4,3144.5,19,3,3144.4,44,1,3144.3,64,4,3144.2,85,5,3145.1,154,4,3145.5,61,3,3145.6,1,1,3145.9,708,5,3146.0,219,4
2031,2026-06-16 13:32:12+05:30,3144.8,1,3132.1,2517549,125093.0,200906.0,3163.0,3163.0,3108.0,3134.3,31997000,3447.7,2820.9,3839.9,2896.0,3144.8,61,4,3144.5,19,3,3144.4,44,1,3144.3,64,4,3144.2,85,5,3145.1,154,4,3145.5,61,3,3145.6,1,1,3145.9,708,5,3146.0,219,4
2031,2026-06-16 13:32:12+05:30,3144.8,1,3132.1,2517549,125199.0,200900.0,3163.0,3163.0,3108.0,3134.3,31997000,3447.7,2820.9,3839.9,2896.0,3144.8,63,5,3144.5,19,3,3144.4,44,1,3144.3,64,4,3144.2,86,6,3145.1,154,4,3145.5,61,3,3145.6,1,1,3145.9,708,5,3146.0,208,4
2031,2026-06-16 13:32:13+05:30,3145.1,5,3132.1,2517549,125199.0,200900.0,3163.0,3163.0,3108.0,3134.3,31997000,3447.7,2820.9,3839.9,2896.0,3144.8,63,5,3144.5,19,3,3144.4,44,1,3144.3,64,4,3144.2,86,6,3145.1,154,4,3145.5,61,3,3145.6,1,1,3145.9,708,5,3146.0,208,4
2031,2026-06-16 13:32:13+05:30,3145.1,5,3132.1,2517754,124720.0,200861.0,3163.0,3163.0,3108.0,3134.3,31997000,3447.7,2820.9,3839.9,2896.0,3144.8,16,3,3144.6,18,1,3144.4,5,1,3144.3,54,4,3144.2,184,6,3145.1,149,4,3145.5,61,3,3145.6,1,1,3145.9,650,4,3146.0,246,5
2031,2026-06-16 13:32:14+05:30,3145.1,5,3132.1,2517754,124720.0,200861.0,3163.0,3163.0,3108.0,3134.3,31997000,3447.7,2820.9,3839.9,2896.0,3144.8,16,3,3144.6,18,1,3144.4,5,1,3144.3,54,4,3144.2,184,6,3145.1,149,4,3145.5,61,3,3145.6,1,1,3145.9,650,4,3146.0,246,5
2031,2026-06-16 13:32:15+05:30,3145.1,1,3132.1,2517757,124766.0,200860.0,3163.0,3163.0,3108.0,3134.3,31997000,3447.7,2820.9,3839.9,2896.0,3144.8,17,4,3144.6,18,1,3144.4,5,1,3144.3,54,4,3144.2,184,6,3145.1,146,4,3145.5,48,2,3145.6,1,1,3145.8,46,1,3145.9,650,4
2031,2026-06-16 13:32:15+05:30,3145.1,1,3132.1,2517757,124766.0,200860.0,3163.0,3163.0,3108.0,3134.3,31997000,3447.7,2820.9,3839.9,2896.0,3144.8,17,4,3144.6,18,1,3144.4,5,1,3144.3,54,4,3144.2,184,6,3145.1,146,4,3145.5,48,2,3145.6,1,1,3145.8,46,1,3145.9,650,4
2031,2026-06-16 13:32:16+05:30,3144.6,8,3132.1,2517835,124585.0,200476.0,3163.0,3163.0,3108.0,3134.3,31997000,3447.7,2820.9,3839.9,2896.0,3144.4,85,4,3144.3,54,4,3144.2,108,8,3144.1,227,6,3144.0,896,13,3145.0,200,1,3145.1,69,3,3145.5,1,1,3145.6,48,2,3145.9,45,1
2031,2026-06-16 13:32:16+05:30,3145.1,43,3132.1,2517835,124585.0,200476.0,3163.0,3163.0,3108.0,3134.3,31997000,3447.7,2820.9,3839.9,2896.0,3144.4,85,4,3144.3,54,4,3144.2,108,8,3144.1,227,6,3144.0,896,13,3145.0,200,1,3145.1,69,3,3145.5,1,1,3145.6,48,2,3145.9,45,1
2031,2026-06-16 13:32:16+05:30,3145.1,43,3132.1,2517835,124585.0,200476.0,3163.0,3163.0,3108.0,3134.3,31997000,3447.7,2820.9,3839.9,2896.0,3144.4,85,4,3144.3,54,4,3144.2,108,8,3144.1,227,6,3144.0,896,13,3145.0,200,1,3145.1,69,3,3145.5,1,1,3145.6,48,2,3145.9,45,1
2031,2026-06-16 13:32:17+05:30,3144.8,3,3132.1,2518098,124693.0,200156.0,3163.0,3163.0,3108.0,3134.3,31997000,3447.7,2820.9,3839.9,2896.0,3144.8,24,4,3144.7,10,2,3144.6,36,4,3144.5,31,3,3144.4,91,4,3145.0,26,2,3145.5,1,1,3145.6,201,2,3146.0,8,3,3146.1,82,2
2031,2026-06-16 13:32:17+05:30,3145.0,25,3132.1,2518098,124693.0,200156.0,3163.0,3163.0,3108.0,3134.3,31997000,3447.7,2820.9,3839.9,2896.0,3144.8,24,4,3144.7,10,2,3144.6,36,4,3144.5,31,3,3144.4,91,4,3145.0,26,2,3145.5,1,1,3145.6,201,2,3146.0,8,3,3146.1,82,2
2031,2026-06-16 13:32:18+05:30,3145.6,4,3132.1,2518130,125271.0,200408.0,3163.0,3163.0,3108.0,3134.3,31997000,3447.7,2820.9,3839.9,2896.0,3144.9,19,3,3144.8,20,3,3144.7,22,3,3144.6,70,5,3144.5,166,4,3145.6,197,2,3146.0,8,3,3146.1,82,2,3146.2,50,1,3146.3,16,1
2031,2026-06-16 13:32:18+05:30,3145.6,4,3132.1,2518130,125271.0,200408.0,3163.0,3163.0,3108.0,3134.3,31997000,3447.7,2820.9,3839.9,2896.0,3144.9,19,3,3144.8,20,3,3144.7,22,3,3144.6,70,5,3144.5,166,4,3145.6,197,2,3146.0,8,3,3146.1,82,2,3146.2,50,1,3146.3,16,1
2031,2026-06-16 13:32:18+05:30,3145.6,4,3132.1,2518130,125271.0,200408.0,3163.0,3163.0,3108.0,3134.3,31997000,3447.7,2820.9,3839.9,2896.0,3144.9,19,3,3144.8,20,3,3144.7,22,3,3144.6,70,5,3144.5,166,4,3145.6,197,2,3146.0,8,3,3146.1,82,2,3146.2,50,1,3146.3,16,1
2031,2026-06-16 13:32:19+05:30,3144.6,11,3132.1,2518351,124080.0,200482.0,3163.0,3163.0,3108.0,3134.3,31997000,3447.7,2820.9,3839.9,2896.0,3144.6,6,3,3144.5,5,1,3144.4,5,1,3144.3,46,5,3144.2,11,2,3144.8,29,1,3145.3,1,1,3145.6,197,2,3145.9,5,1,3146.0,110,5
2031,2026-06-16 13:32:19+05:30,3144.8,4,3132.1,2518351,124080.0,200482.0,3163.0,3163.0,3108.0,3134.3,31997000,3447.7,2820.9,3839.9,2896.0,3144.6,6,3,3144.5,5,1,3144.4,5,1,3144.3,46,5,3144.2,11,2,3144.8,29,1,3145.3,1,1,3145.6,197,2,3145.9,5,1,3146.0,110,5
2031,2026-06-16 13:32:20+05:30,3144.8,1,3132.1,2518381,124319.0,200544.0,3163.0,3163.0,3108.0,3134.3,31997000,3447.7,2820.9,3839.9,2896.0,3144.6,6,3,3144.4,43,3,3144.3,64,6,3144.2,57,3,3144.1,151,6,3144.8,16,1,3145.3,1,1,3145.6,197,2,3146.0,108,5,3146.1,120,3
2031,2026-06-16 13:32:20+05:30,3144.6,1,3132.1,2518381,124319.0,200544.0,3163.0,3163.0,3108.0,3134.3,31997000,3447.7,2820.9,3839.9,2896.0,3144.6,6,3,3144.4,43,3,3144.3,64,6,3144.2,57,3,3144.1,151,6,3144.8,16,1,3145.3,1,1,3145.6,197,2,3146.0,108,5,3146.1,120,3
2031,2026-06-16 13:32:20+05:30,3144.6,1,3132.1,2518381,124319.0,200544.0,3163.0,3163.0,3108.0,3134.3,31997000,3447.7,2820.9,3839.9,2896.0,3144.6,6,3,3144.4,43,3,3144.3,64,6,3144.2,57,3,3144.1,151,6,3144.8,16,1,3145.3,1,1,3145.6,197,2,3146.0,108,5,3146.1,120,3
2031,2026-06-16 13:32:21+05:30,3145.3,1,3132.1,2518381,124319.0,200544.0,3163.0,3163.0,3108.0,3134.3,31997000,3447.7,2820.9,3839.9,2896.0,3144.6,6,3,3144.4,43,3,3144.3,64,6,3144.2,57,3,3144.1,151,6,3144.8,16,1,3145.3,1,1,3145.6,197,2,3146.0,108,5,3146.1,120,3
2031,2026-06-16 13:32:21+05:30,3145.3,1,3132.1,2518440,124887.0,200857.0,3163.0,3163.0,3108.0,3134.3,31997000,3447.7,2820.9,3839.9,2896.0,3144.6,53,5,3144.5,15,2,3144.4,68,4,3144.3,68,7,3144.2,57,3,3145.3,1,1,3145.6,197,2,3146.0,114,5,3146.1,82,2,3146.2,70,2
2031,2026-06-16 13:32:22+05:30,3145.6,24,3132.1,2518440,124887.0,200857.0,3163.0,3163.0,3108.0,3134.3,31997000,3447.7,2820.9,3839.9,2896.0,3144.6,53,5,3144.5,15,2,3144.4,68,4,3144.3,68,7,3144.2,57,3,3145.3,1,1,3145.6,197,2,3146.0,114,5,3146.1,82,2,3146.2,70,2
2031,2026-06-16 13:32:22+05:30,3145.6,24,3132.11,2518466,125116.0,200595.0,3163.0,3163.0,3108.0,3134.3,31997000,3447.7,2820.9,3839.9,2896.0,3144.7,14,2,3144.6,93,7,3144.5,35,3,3144.4,264,6,3144.3,146,8,3145.6,173,2,3146.0,8,3,3146.1,82,2,3146.2,50,1,3146.3,104,3
2031,2026-06-16 13:32:22+05:30,3145.6,24,3132.11,2518466,125116.0,200595.0,3163.0,3163.0,3108.0,3134.3,31997000,3447.7,2820.9,3839.9,2896.0,3144.7,14,2,3144.6,93,7,3144.5,35,3,3144.4,264,6,3144.3,146,8,3145.6,173,2,3146.0,8,3,3146.1,82,2,3146.2,50,1,3146.3,104,3
2031,2026-06-16 13:32:23+05:30,3145.6,9,3132.11,2518466,125116.0,200595.0,3163.0,3163.0,3108.0,3134.3,31997000,3447.7,2820.9,3839.9,2896.0,3144.7,14,2,3144.6,93,7,3144.5,35,3,3144.4,264,6,3144.3,146,8,3145.6,173,2,3146.0,8,3,3146.1,82,2,3146.2,50,1,3146.3,104,3
2031,2026-06-16 13:32:23+05:30,3145.6,9,3132.11,2518575,125049.0,201011.0,3163.0,3163.0,3108.0,3134.3,31997000,3447.7,2820.9,3839.9,2896.0,3144.6,24,4,3144.5,56,4,3144.4,90,5,3144.3,86,8,3144.2,303,6,3145.6,182,4,3146.0,56,4,3146.1,82,2,3146.2,50,1,3146.3,104,3
2031,2026-06-16 13:32:24+05:30,3145.6,5,3132.11,2518575,125049.0,201011.0,3163.0,3163.0,3108.0,3134.3,31997000,3447.7,2820.9,3839.9,2896.0,3144.6,24,4,3144.5,56,4,3144.4,90,5,3144.3,86,8,3144.2,303,6,3145.6,182,4,3146.0,56,4,3146.1,82,2,3146.2,50,1,3146.3,104,3
2031,2026-06-16 13:32:24+05:30,3145.6,5,3132.11,2518580,125042.0,201113.0,3163.0,3163.0,3108.0,3134.3,31997000,3447.7,2820.9,3839.9,2896.0,3144.7,14,2,3144.6,20,3,3144.5,221,5,3144.4,275,5,3144.3,86,8,3145.6,177,4,3146.0,56,4,3146.1,82,2,3146.2,50,1,3146.3,139,3
2031,2026-06-16 13:32:24+05:30,3145.6,5,3132.11,2518580,125042.0,201113.0,3163.0,3163.0,3108.0,3134.3,31997000,3447.7,2820.9,3839.9,2896.0,3144.7,14,2,3144.6,20,3,3144.5,221,5,3144.4,275,5,3144.3,86,8,3145.6,177,4,3146.0,56,4,3146.1,82,2,3146.2,50,1,3146.3,139,3
2031,2026-06-16 13:32:25+05:30,3145.6,1,3132.11,2518580,125042.0,201113.0,3163.0,3163.0,3108.0,3134.3,31997000,3447.7,2820.9,3839.9,2896.0,3144.7,14,2,3144.6,20,3,3144.5,221,5,3144.4,275,5,3144.3,86,8,3145.6,177,4,3146.0,56,4,3146.1,82,2,3146.2,50,1,3146.3,139,3
2031,2026-06-16 13:32:25+05:30,3145.6,1,3132.11,2518592,125603.0,200777.0,3163.0,3163.0,3108.0,3134.3,31997000,3447.7,2820.9,3839.9,2896.0,3145.0,477,3,3144.9,10,1,3144.8,21,1,3144.7,26,2,3144.6,40,4,3145.6,215,5,3146.0,8,3,3146.1,82,2,3146.3,93,2,3146.4,650,4
2031,2026-06-16 13:32:26+05:30,3145.0,2,3132.11,2518592,125603.0,200777.0,3163.0,3163.0,3108.0,3134.3,31997000,3447.7,2820.9,3839.9,2896.0,3145.0,477,3,3144.9,10,1,3144.8,21,1,3144.7,26,2,3144.6,40,4,3145.6,215,5,3146.0,8,3,3146.1,82,2,3146.3,93,2,3146.4,650,4
2031,2026-06-16 13:32:26+05:30,3145.0,2,3132.11,2518592,125603.0,200777.0,3163.0,3163.0,3108.0,3134.3,31997000,3447.7,2820.9,3839.9,2896.0,3145.0,477,3,3144.9,10,1,3144.8,21,1,3144.7,26,2,3144.6,40,4,3145.6,215,5,3146.0,8,3,3146.1,82,2,3146.3,93,2,3146.4,650,4
2031,2026-06-16 13:32:26+05:30,3145.0,2,3132.11,2518594,125590.0,200778.0,3163.0,3163.0,3108.0,3134.3,31997000,3447.7,2820.9,3839.9,2896.0,3145.0,482,4,3144.9,25,2,3144.8,21,1,3144.7,10,1,3144.6,40,4,3145.6,215,5,3146.0,8,3,3146.1,82,2,3146.3,93,2,3146.4,650,4
2031,2026-06-16 13:32:27+05:30,3145.0,2,3132.11,2518594,125796.0,200630.0,3163.0,3163.0,3108.0,3134.3,31997000,3447.7,2820.9,3839.9,2896.0,3145.1,16,1,3145.0,530,5,3144.9,10,1,3144.8,21,1,3144.7,10,1,3145.6,215,5,3146.0,8,3,3146.1,82,2,3146.3,89,2,3146.4,650,4
2031,2026-06-16 13:32:28+05:30,3145.6,1,3132.11,2518594,125796.0,200630.0,3163.0,3163.0,3108.0,3134.3,31997000,3447.7,2820.9,3839.9,2896.0,3145.1,16,1,3145.0,530,5,3144.9,10,1,3144.8,21,1,3144.7,10,1,3145.6,215,5,3146.0,8,3,3146.1,82,2,3146.3,89,2,3146.4,650,4
2031,2026-06-16 13:32:28+05:30,3145.6,1,3132.11,2518595,125848.0,198706.0,3163.0,3163.0,3108.0,3134.3,31997000,3447.7,2820.9,3839.9,2896.0,3145.3,18,1,3145.0,530,5,3144.8,21,1,3144.7,21,1,3144.6,42,5,3145.6,214,5,3146.0,55,4,3146.1,73,2,3146.3,86,2,3146.4,650,4
2031,2026-06-16 13:32:28+05:30,3145.6,1,3132.11,2518595,125848.0,198706.0,3163.0,3163.0,3108.0,3134.3,31997000,3447.7,2820.9,3839.9,2896.0,3145.3,18,1,3145.0,530,5,3144.8,21,1,3144.7,21,1,3144.6,42,5,3145.6,214,5,3146.0,55,4,3146.1,73,2,3146.3,86,2,3146.4,650,4
2031,2026-06-16 13:32:29+05:30,3145.3,2,3132.11,2518595,125848.0,198706.0,3163.0,3163.0,3108.0,3134.3,31997000,3447.7,2820.9,3839.9,2896.0,3145.3,18,1,3145.0,530,5,3144.8,21,1,3144.7,21,1,3144.6,42,5,3145.6,214,5,3146.0,55,4,3146.1,73,2,3146.3,86,2,3146.4,650,4
2031,2026-06-16 13:32:29+05:30,3145.3,2,3132.11,2518602,125846.0,200456.0,3163.0,3163.0,3108.0,3134.3,31997000,3447.7,2820.9,3839.9,2896.0,3145.4,16,1,3145.0,525,4,3144.7,36,2,3144.6,40,4,3144.5,25,2,3145.6,209,5,3146.0,55,4,3146.1,73,2,3146.3,88,3,3146.4,662,5
2031,2026-06-16 13:32:29+05:30,3145.3,2,3132.11,2518602,125846.0,200456.0,3163.0,3163.0,3108.0,3134.3,31997000,3447.7,2820.9,3839.9,2896.0,3145.4,16,1,3145.0,525,4,3144.7,36,2,3144.6,40,4,3144.5,25,2,3145.6,209,5,3146.0,55,4,3146.1,73,2,3146.3,88,3,3146.4,662,5
2031,2026-06-16 13:32:30+05:30,3145.3,2,3132.11,2518602,125846.0,200456.0,3163.0,3163.0,3108.0,3134.3,31997000,3447.7,2820.9,3839.9,2896.0,3145.4,16,1,3145.0,525,4,3144.7,36,2,3144.6,40,4,3144.5,25,2,3145.6,209,5,3146.0,55,4,3146.1,73,2,3146.3,88,3,3146.4,662,5
2031,2026-06-16 13:32:30+05:30,3145.6,2,3132.11,2518602,125846.0,200456.0,3163.0,3163.0,3108.0,3134.3,31997000,3447.7,2820.9,3839.9,2896.0,3145.4,16,1,3145.0,525,4,3144.7,36,2,3144.6,40,4,3144.5,25,2,3145.6,209,5,3146.0,55,4,3146.1,73,2,3146.3,88,3,3146.4,662,5
2031,2026-06-16 13:32:30+05:30,3145.6,2,3132.11,2518615,126073.0,200289.0,3163.0,3163.0,3108.0,3134.3,31997000,3447.7,2820.9,3839.9,2896.0,3145.4,10,3,3145.0,525,4,3144.9,18,1,3144.7,21,1,3144.6,22,3,3145.6,208,6,3146.0,55,4,3146.1,123,3,3146.2,38,1,3146.3,50,2
2031,2026-06-16 13:32:30+05:30,3145.6,2,3132.11,2518615,126073.0,200289.0,3163.0,3163.0,3108.0,3134.3,31997000,3447.7,2820.9,3839.9,2896.0,3145.4,10,3,3145.0,525,4,3144.9,18,1,3144.7,21,1,3144.6,22,3,3145.6,208,6,3146.0,55,4,3146.1,123,3,3146.2,38,1,3146.3,50,2
2031,2026-06-16 13:32:31+05:30,3145.6,2,3132.11,2518615,126073.0,200289.0,3163.0,3163.0,3108.0,3134.3,31997000,3447.7,2820.9,3839.9,2896.0,3145.4,10,3,3145.0,525,4,3144.9,18,1,3144.7,21,1,3144.6,22,3,3145.6,208,6,3146.0,55,4,3146.1,123,3,3146.2,38,1,3146.3,50,2
2031,2026-06-16 13:32:31+05:30,3145.6,1,3132.11,2518615,126073.0,200289.0,3163.0,3163.0,3108.0,3134.3,31997000,3447.7,2820.9,3839.9,2896.0,3145.4,10,3,3145.0,525,4,3144.9,18,1,3144.7,21,1,3144.6,22,3,3145.6,208,6,3146.0,55,4,3146.1,123,3,3146.2,38,1,3146.3,50,2
2031,2026-06-16 13:32:31+05:30,3145.5,1,3132.11,2518779,125874.0,200169.0,3163.0,3163.0,3108.0,3134.3,31997000,3447.7,2820.9,3839.9,2896.0,3145.4,5,2,3145.1,16,1,3145.0,525,4,3144.9,18,1,3144.8,18,1,3145.5,196,1,3145.6,49,3,3146.0,8,3,3146.1,82,2,3146.2,21,1
2031,2026-06-16 13:32:31+05:30,3145.5,1,3132.11,2518779,125874.0,200169.0,3163.0,3163.0,3108.0,3134.3,31997000,3447.7,2820.9,3839.9,2896.0,3145.4,5,2,3145.1,16,1,3145.0,525,4,3144.9,18,1,3144.8,18,1,3145.5,196,1,3145.6,49,3,3146.0,8,3,3146.1,82,2,3146.2,21,1
2031,2026-06-16 13:32:32+05:30,3145.5,11,3132.11,2518779,125874.0,200169.0,3163.0,3163.0,3108.0,3134.3,31997000,3447.7,2820.9,3839.9,2896.0,3145.4,5,2,3145.1,16,1,3145.0,525,4,3144.9,18,1,3144.8,18,1,3145.5,196,1,3145.6,49,3,3146.0,8,3,3146.1,82,2,3146.2,21,1
2031,2026-06-16 13:32:32+05:30,3145.5,11,3132.11,2518790,125948.0,198359.0,3163.0,3163.0,3108.0,3134.3,31997000,3447.7,2820.9,3839.9,2896.0,3145.4,5,2,3145.1,32,2,3145.0,525,4,3144.8,18,1,3144.7,83,3,3145.5,185,1,3145.6,49,3,3146.0,8,3,3146.1,82,2,3146.2,21,1
2031,2026-06-16 13:32:32+05:30,3145.5,11,3132.11,2518790,125948.0,198359.0,3163.0,3163.0,3108.0,3134.3,31997000,3447.7,2820.9,3839.9,2896.0,3145.4,5,2,3145.1,32,2,3145.0,525,4,3144.8,18,1,3144.7,83,3,3145.5,185,1,3145.6,49,3,3146.0,8,3,3146.1,82,2,3146.2,21,1
2031,2026-06-16 13:32:33+05:30,3145.5,19,3132.11,2518790,125948.0,198359.0,3163.0,3163.0,3108.0,3134.3,31997000,3447.7,2820.9,3839.9,2896.0,3145.4,5,2,3145.1,32,2,3145.0,525,4,3144.8,18,1,3144.7,83,3,3145.5,185,1,3145.6,49,3,3146.0,8,3,3146.1,82,2,3146.2,21,1
2031,2026-06-16 13:32:33+05:30,3145.5,19,3132.11,2518790,125948.0,198359.0,3163.0,3163.0,3108.0,3134.3,31997000,3447.7,2820.9,3839.9,2896.0,3145.4,5,2,3145.1,32,2,3145.0,525,4,3144.8,18,1,3144.7,83,3,3145.5,185,1,3145.6,49,3,3146.0,8,3,3146.1,82,2,3146.2,21,1
2031,2026-06-16 13:32:33+05:30,3145.4,4,3132.11,2518975,126304.0,199898.0,3163.0,3163.0,3108.0,3134.3,31997000,3447.7,2820.9,3839.9,2896.0,3145.4,8,3,3145.2,13,1,3145.1,16,2,3145.0,563,7,3144.9,11,1,3145.5,25,1,3145.6,49,3,3146.0,8,3,3146.1,82,2,3146.4,50,1
2031,2026-06-16 13:32:34+05:30,3145.4,4,3132.11,2518975,126304.0,199898.0,3163.0,3163.0,3108.0,3134.3,31997000,3447.7,2820.9,3839.9,2896.0,3145.4,8,3,3145.2,13,1,3145.1,16,2,3145.0,563,7,3144.9,11,1,3145.5,25,1,3145.6,49,3,3146.0,8,3,3146.1,82,2,3146.4,50,1
2031,2026-06-16 13:32:34+05:30,3145.5,1,3132.11,2518975,126304.0,199898.0,3163.0,3163.0,3108.0,3134.3,31997000,3447.7,2820.9,3839.9,2896.0,3145.4,8,3,3145.2,13,1,3145.1,16,2,3145.0,563,7,3144.9,11,1,3145.5,25,1,3145.6,49,3,3146.0,8,3,3146.1,82,2,3146.4,50,1
2031,2026-06-16 13:32:34+05:30,3145.5,1,3132.11,2518981,126350.0,199702.0,3163.0,3163.0,3108.0,3134.3,31997000,3447.7,2820.9,3839.9,2896.0,3145.4,5,2,3145.3,16,1,3145.1,8,1,3145.0,599,9,3144.9,18,1,3145.5,19,1,3145.6,49,3,3146.0,8,3,3146.1,82,2,3146.4,50,1
2031,2026-06-16 13:32:35+05:30,3145.5,1,3132.11,2518981,126350.0,199702.0,3163.0,3163.0,3108.0,3134.3,31997000,3447.7,2820.9,3839.9,2896.0,3145.4,5,2,3145.3,16,1,3145.1,8,1,3145.0,599,9,3144.9,18,1,3145.5,19,1,3145.6,49,3,3146.0,8,3,3146.1,82,2,3146.4,50,1
2031,2026-06-16 13:32:35+05:30,3145.6,4,3132.11,2518981,126350.0,199702.0,3163.0,3163.0,3108.0,3134.3,31997000,3447.7,2820.9,3839.9,2896.0,3145.4,5,2,3145.3,16,1,3145.1,8,1,3145.0,599,9,3144.9,18,1,3145.5,19,1,3145.6,49,3,3146.0,8,3,3146.1,82,2,3146.4,50,1
2031,2026-06-16 13:32:35+05:30,3145.6,4,3132.11,2519004,126580.0,199860.0,3163.0,3163.0,3108.0,3134.3,31997000,3447.7,2820.9,3839.9,2896.0,3145.4,28,5,3145.2,36,2,3145.1,6,1,3145.0,631,11,3144.9,41,3,3145.6,45,3,3146.0,8,3,3146.1,82,2,3146.5,600,3,3146.6,234,3
2031,2026-06-16 13:32:35+05:30,3145.6,4,3132.11,2519004,126580.0,199860.0,3163.0,3163.0,3108.0,3134.3,31997000,3447.7,2820.9,3839.9,2896.0,3145.4,28,5,3145.2,36,2,3145.1,6,1,3145.0,631,11,3144.9,41,3,3145.6,45,3,3146.0,8,3,3146.1,82,2,3146.5,600,3,3146.6,234,3
2031,2026-06-16 13:32:36+05:30,3145.6,1,3132.11,2519004,126580.0,199860.0,3163.0,3163.0,3108.0,3134.3,31997000,3447.7,2820.9,3839.9,2896.0,3145.4,28,5,3145.2,36,2,3145.1,6,1,3145.0,631,11,3144.9,41,3,3145.6,45,3,3146.0,8,3,3146.1,82,2,3146.5,600,3,3146.6,234,3
2031,2026-06-16 13:32:36+05:30,3145.5,1,3132.11,2519006,126582.0,199305.0,3163.0,3163.0,3108.0,3134.3,31997000,3447.7,2820.9,3839.9,2896.0,3145.4,25,4,3145.3,21,2,3145.2,30,3,3145.0,826,10,3144.9,45,5,3145.6,45,4,3146.0,8,3,3146.1,35,1,3146.4,47,1,3146.5,200,1
2031,2026-06-16 13:32:36+05:30,3145.5,1,3132.11,2519006,126582.0,199305.0,3163.0,3163.0,3108.0,3134.3,31998400,3447.7,2820.9,3839.9,2896.0,3145.4,25,4,3145.3,21,2,3145.2,30,3,3145.0,826,10,3144.9,45,5,3145.6,45,4,3146.0,8,3,3146.1,35,1,3146.4,47,1,3146.5,200,1
2031,2026-06-16 13:32:37+05:30,3145.5,1,3132.11,2519006,126582.0,199305.0,3163.0,3163.0,3108.0,3134.3,31998400,3447.7,2820.9,3839.9,2896.0,3145.4,25,4,3145.3,21,2,3145.2,30,3,3145.0,826,10,3144.9,45,5,3145.6,45,4,3146.0,8,3,3146.1,35,1,3146.4,47,1,3146.5,200,1
2031,2026-06-16 13:32:37+05:30,3145.5,1,3132.11,2519006,126583.0,199476.0,3163.0,3163.0,3108.0,3134.3,31998400,3447.7,2820.9,3839.9,2896.0,3145.4,33,6,3145.3,5,1,3145.2,62,5,3145.0,828,11,3144.9,22,3,3145.6,45,4,3146.0,8,3,3146.1,35,1,3146.6,13,1,3146.7,57,1
2031,2026-06-16 13:32:38+05:30,3145.5,1,3132.11,2519006,126583.0,199476.0,3163.0,3163.0,3108.0,3134.3,31998400,3447.7,2820.9,3839.9,2896.0,3145.4,33,6,3145.3,5,1,3145.2,62,5,3145.0,828,11,3144.9,22,3,3145.6,45,4,3146.0,8,3,3146.1,35,1,3146.6,13,1,3146.7,57,1
2031,2026-06-16 13:32:38+05:30,3145.5,1,3132.11,2519008,126610.0,199606.0,3163.0,3163.0,3108.0,3134.3,31998400,3447.7,2820.9,3839.9,2896.0,3145.5,10,3,3145.4,47,7,3145.3,5,1,3145.2,84,5,3145.1,3,1,3145.6,44,3,3146.0,8,3,3146.1,35,1,3146.6,261,3,3146.7,57,1
2031,2026-06-16 13:32:39+05:30,3145.6,1,3132.11,2519008,126610.0,199606.0,3163.0,3163.0,3108.0,3134.3,31998400,3447.7,2820.9,3839.9,2896.0,3145.5,10,3,3145.4,47,7,3145.3,5,1,3145.2,84,5,3145.1,3,1,3145.6,44,3,3146.0,8,3,3146.1,35,1,3146.6,261,3,3146.7,57,1
2031,2026-06-16 13:32:39+05:30,3145.6,1,3132.11,2519112,126772.0,198984.0,3163.0,3163.0,3108.0,3134.3,31998400,3447.7,2820.9,3839.9,2896.0,3145.5,85,9,3145.4,23,4,3145.3,217,3,3145.2,48,4,3145.1,85,4,3146.0,8,3,3146.1,35,1,3146.6,13,1,3146.7,46,1,3146.8,211,2
2031,2026-06-16 13:32:40+05:30,3146.0,4,3132.11,2519112,126772.0,198984.0,3163.0,3163.0,3108.0,3134.3,31998400,3447.7,2820.9,3839.9,2896.0,3145.5,85,9,3145.4,23,4,3145.3,217,3,3145.2,48,4,3145.1,85,4,3146.0,8,3,3146.1,35,1,3146.6,13,1,3146.7,46,1,3146.8,211,2
2031,2026-06-16 13:32:40+05:30,3146.0,4,3132.11,2519117,126876.0,198937.0,3163.0,3163.0,3108.0,3134.3,31998400,3447.7,2820.9,3839.9,2896.0,3145.7,14,1,3145.5,70,8,3145.4,22,3,3145.3,17,2,3145.2,249,6,3146.0,42,3,3146.1,35,1,3146.6,13,1,3146.8,82,3,3146.9,200,1
2031,2026-06-16 13:32:41+05:30,3146.0,9,3132.11,2519117,126876.0,198937.0,3163.0,3163.0,3108.0,3134.3,31998400,3447.7,2820.9,3839.9,2896.0,3145.7,14,1,3145.5,70,8,3145.4,22,3,3145.3,17,2,3145.2,249,6,3146.0,42,3,3146.1,35,1,3146.6,13,1,3146.8,82,3,3146.9,200,1
2031,2026-06-16 13:32:41+05:30,3145.7,126,3132.11,2519312,126360.0,199159.0,3163.0,3163.0,3108.0,3134.3,31998400,3447.7,2820.9,3839.9,2896.0,3145.4,15,1,3145.2,25,3,3145.1,3,1,3145.0,548,7,3144.9,240,4,3145.6,17,1,3146.0,58,2,3146.1,35,1,3146.5,4,1,3146.6,265,3
2031,2026-06-16 13:32:42+05:30,3145.7,126,3132.11,2519312,126360.0,199159.0,3163.0,3163.0,3108.0,3134.3,31998400,3447.7,2820.9,3839.9,2896.0,3145.4,15,1,3145.2,25,3,3145.1,3,1,3145.0,548,7,3144.9,240,4,3145.6,17,1,3146.0,58,2,3146.1,35,1,3146.5,4,1,3146.6,265,3
2031,2026-06-16 13:32:42+05:30,3145.6,17,3132.11,2519329,126585.0,198943.0,3163.0,3163.0,3108.0,3134.3,31998400,3447.7,2820.9,3839.9,2896.0,3145.4,37,3,3145.3,11,1,3145.2,25,3,3145.1,217,3,3145.0,568,9,3146.0,58,2,3146.1,35,1,3146.6,269,3,3146.8,81,3,3147.0,310,5
2031,2026-06-16 13:32:43+05:30,3145.6,17,3132.11,2519329,126585.0,198943.0,3163.0,3163.0,3108.0,3134.3,31998400,3447.7,2820.9,3839.9,2896.0,3145.4,37,3,3145.3,11,1,3145.2,25,3,3145.1,217,3,3145.0,568,9,3146.0,58,2,3146.1,35,1,3146.6,269,3,3146.8,81,3,3147.0,310,5
2031,2026-06-16 13:32:43+05:30,3145.6,17,3132.11,2519329,126629.0,199011.0,3163.0,3163.0,3108.0,3134.3,31998400,3447.7,2820.9,3839.9,2896.0,3145.4,37,3,3145.2,25,3,3145.1,17,2,3145.0,548,7,3144.9,261,6,3146.0,58,2,3146.1,35,1,3146.6,269,3,3146.8,100,4,3147.0,310,5
2031,2026-06-16 13:32:44+05:30,3145.6,17,3132.11,2519329,126702.0,198926.0,3163.0,3163.0,3108.0,3134.3,31998400,3447.7,2820.9,3839.9,2896.0,3145.5,39,3,3145.4,81,3,3145.3,4,1,3145.2,79,5,3145.1,406,5,3146.0,58,2,3146.1,35,1,3146.6,213,2,3146.8,31,2,3146.9,56,1
2031,2026-06-16 13:32:45+05:30,3145.8,1,3132.11,2519330,126856.0,198558.0,3163.0,3163.0,3108.0,3134.3,31998400,3447.7,2820.9,3839.9,2896.0,3145.8,5,3,3145.6,13,1,3145.5,52,3,3145.4,90,4,3145.3,54,2,3146.0,58,2,3146.1,35,1,3146.6,13,1,3146.7,51,1,3146.8,211,2
2031,2026-06-16 13:32:46+05:30,3145.8,1,3132.11,2519330,126856.0,198558.0,3163.0,3163.0,3108.0,3134.3,31998400,3447.7,2820.9,3839.9,2896.0,3145.8,5,3,3145.6,13,1,3145.5,52,3,3145.4,90,4,3145.3,54,2,3146.0,58,2,3146.1,35,1,3146.6,13,1,3146.7,51,1,3146.8,211,2
2031,2026-06-16 13:32:46+05:30,3146.0,1,3132.11,2519331,126869.0,196699.0,3163.0,3163.0,3108.0,3134.3,31998400,3447.7,2820.9,3839.9,2896.0,3145.8,2,2,3145.7,33,2,3145.5,35,2,3145.4,118,6,3145.3,54,2,3146.0,82,3,3146.1,35,1,3146.6,13,1,3146.8,11,1,3146.9,251,2
2031,2026-06-16 13:32:47+05:30,3145.8,1,3132.11,2519331,126869.0,196699.0,3163.0,3163.0,3108.0,3134.3,31998400,3447.7,2820.9,3839.9,2896.0,3145.8,2,2,3145.7,33,2,3145.5,35,2,3145.4,118,6,3145.3,54,2,3146.0,82,3,3146.1,35,1,3146.6,13,1,3146.8,11,1,3146.9,251,2
2031,2026-06-16 13:32:47+05:30,3146.0,19,3132.11,2519433,126957.0,198652.0,3163.0,3163.0,3108.0,3134.3,31998400,3447.7,2820.9,3839.9,2896.0,3145.8,2,2,3145.7,16,1,3145.5,20,3,3145.4,92,4,3145.3,18,1,3146.1,35,1,3146.8,61,2,3146.9,53,1,3147.0,404,5,3147.1,61,1
2031,2026-06-16 13:32:48+05:30,3147.0,76,3132.11,2519433,126957.0,198652.0,3163.0,3163.0,3108.0,3134.3,31998400,3447.7,2820.9,3839.9,2896.0,3145.8,2,2,3145.7,16,1,3145.5,20,3,3145.4,92,4,3145.3,18,1,3146.1,35,1,3146.8,61,2,3146.9,53,1,3147.0,404,5,3147.1,61,1
2031,2026-06-16 13:32:48+05:30,3147.0,76,3132.11,2519633,127907.0,197435.0,3163.0,3163.0,3108.0,3134.3,31998400,3447.7,2820.9,3839.9,2896.0,3145.9,13,2,3145.8,129,7,3145.7,87,4,3145.6,238,5,3145.5,204,9,3147.0,24,1,3147.3,102,2,3147.4,124,3,3147.5,50,1,3147.6,336,5
2031,2026-06-16 13:32:49+05:30,3147.0,76,3132.11,2519633,127857.0,197460.0,3163.0,3163.0,3108.0,3134.3,31998400,3447.7,2820.9,3839.9,2896.0,3145.9,13,2,3145.8,144,8,3145.7,87,4,3145.6,238,5,3145.5,204,9,3147.0,24,1,3147.3,102,2,3147.4,124,3,3147.5,50,1,3147.6,336,5
2031,2026-06-16 13:32:50+05:30,3145.9,1,3132.11,2519810,127604.0,196944.0,3163.0,3163.0,3108.0,3134.3,31998400,3447.7,2820.9,3839.9,2896.0,3145.9,19,2,3145.8,86,4,3145.7,63,3,3145.6,456,6,3145.5,101,5,3147.2,26,2,3147.3,40,3,3147.4,63,2,3147.5,150,5,3147.6,113,4
2031,2026-06-16 13:32:51+05:30,3145.9,1,3132.11,2519810,127604.0,196944.0,3163.0,3163.0,3108.0,3134.3,31998400,3447.7,2820.9,3839.9,2896.0,3145.9,19,2,3145.8,86,4,3145.7,63,3,3145.6,456,6,3145.5,101,5,3147.2,26,2,3147.3,40,3,3147.4,63,2,3147.5,150,5,3147.6,113,4
2031,2026-06-16 13:32:51+05:30,3147.1,1,3132.11,2519811,127632.0,198078.0,3163.0,3163.0,3108.0,3134.3,31998400,3447.7,2820.9,3839.9,2896.0,3146.0,14,1,3145.9,51,5,3145.6,41,4,3145.5,72,3,3145.4,278,5,3147.1,55,4,3147.2,87,4,3147.3,116,5,3147.4,280,4,3147.5,112,3
2031,2026-06-16 13:32:52+05:30,3147.1,1,3132.11,2519811,127632.0,198078.0,3163.0,3163.0,3108.0,3134.3,31998400,3447.7,2820.9,3839.9,2896.0,3146.0,14,1,3145.9,51,5,3145.6,41,4,3145.5,72,3,3145.4,278,5,3147.1,55,4,3147.2,87,4,3147.3,116,5,3147.4,280,4,3147.5,112,3
2031,2026-06-16 13:32:53+05:30,3147.1,1,3132.11,2519811,127603.0,198114.0,3163.0,3163.0,3108.0,3134.3,31998400,3447.7,2820.9,3839.9,2896.0,3145.9,36,4,3145.6,35,3,3145.5,78,4,3145.4,78,4,3145.3,304,4,3147.0,25,2,3147.1,104,5,3147.2,111,5,3147.3,92,4,3147.4,278,3
2031,2026-06-16 13:32:53+05:30,3147.0,1,3132.11,2519826,127411.0,198534.0,3163.0,3163.0,3108.0,3134.3,31998400,3447.7,2820.9,3839.9,2896.0,3145.9,73,5,3145.7,2,1,3145.6,16,1,3145.5,40,3,3145.4,56,2,3146.9,200,1,3147.0,47,2,3147.1,74,3,3147.2,118,5,3147.3,137,4
2031,2026-06-16 13:32:54+05:30,3147.0,1,3132.11,2519826,127411.0,198534.0,3163.0,3163.0,3108.0,3134.3,31998400,3447.7,2820.9,3839.9,2896.0,3145.9,73,5,3145.7,2,1,3145.6,16,1,3145.5,40,3,3145.4,56,2,3146.9,200,1,3147.0,47,2,3147.1,74,3,3147.2,118,5,3147.3,137,4
2031,2026-06-16 13:32:55+05:30,3146.9,1,3132.11,2519827,127275.0,198501.0,3163.0,3163.0,3108.0,3134.3,31998400,3447.7,2820.9,3839.9,2896.0,3145.9,69,5,3145.7,19,2,3145.6,18,1,3145.5,1,1,3145.4,125,3,3146.9,199,1,3147.0,47,2,3147.1,61,2,3147.2,105,4,3147.3,108,4
2031,2026-06-16 13:32:55+05:30,3146.9,10,3132.11,2519827,127275.0,198501.0,3163.0,3163.0,3108.0,3134.3,31998400,3447.7,2820.9,3839.9,2896.0,3145.9,69,5,3145.7,19,2,3145.6,18,1,3145.5,1,1,3145.4,125,3,3146.9,199,1,3147.0,47,2,3147.1,61,2,3147.2,105,4,3147.3,108,4
2031,2026-06-16 13:32:56+05:30,3146.9,50,3132.11,2519887,127353.0,198488.0,3163.0,3163.0,3108.0,3134.3,31998400,3447.7,2820.9,3839.9,2896.0,3145.9,73,5,3145.7,29,3,3145.6,18,1,3145.5,36,2,3145.4,46,1,3146.9,139,1,3147.0,65,3,3147.1,111,3,3147.2,152,5,3147.3,90,3
2031,2026-06-16 13:32:56+05:30,3146.9,50,3132.11,2519887,127353.0,198488.0,3163.0,3163.0,3108.0,3134.3,31998400,3447.7,2820.9,3839.9,2896.0,3145.9,73,5,3145.7,29,3,3145.6,18,1,3145.5,36,2,3145.4,46,1,3146.9,139,1,3147.0,65,3,3147.1,111,3,3147.2,152,5,3147.3,90,3
2031,2026-06-16 13:32:57+05:30,3146.9,50,3132.11,2519887,127161.0,198456.0,3163.0,3163.0,3108.0,3134.3,31998400,3447.7,2820.9,3839.9,2896.0,3146.1,17,1,3145.9,85,6,3145.7,2,1,3145.5,52,3,3145.4,14,1,3146.4,1,1,3146.6,139,1,3146.9,6,1,3147.0,29,2,3147.1,99,3
2031,2026-06-16 13:32:57+05:30,3146.4,1,3132.11,2519887,127161.0,198456.0,3163.0,3163.0,3108.0,3134.3,31998400,3447.7,2820.9,3839.9,2896.0,3146.1,17,1,3145.9,85,6,3145.7,2,1,3145.5,52,3,3145.4,14,1,3146.4,1,1,3146.6,139,1,3146.9,6,1,3147.0,29,2,3147.1,99,3
2031,2026-06-16 13:32:58+05:30,3145.9,16,3132.11,2520103,126893.0,198188.0,3163.0,3163.0,3108.0,3134.3,31998400,3447.7,2820.9,3839.9,2896.0,3145.9,74,6,3145.7,27,2,3145.5,22,1,3145.3,107,4,3145.2,296,3,3146.8,26,2,3146.9,42,4,3147.0,11,1,3147.1,99,2,3147.2,113,3
2031,2026-06-16 13:32:58+05:30,3146.8,6,3132.11,2520103,126893.0,198188.0,3163.0,3163.0,3108.0,3134.3,31998400,3447.7,2820.9,3839.9,2896.0,3145.9,74,6,3145.7,27,2,3145.5,22,1,3145.3,107,4,3145.2,296,3,3146.8,26,2,3146.9,42,4,3147.0,11,1,3147.1,99,2,3147.2,113,3
2031,2026-06-16 13:32:59+05:30,3146.8,6,3132.11,2520109,126673.0,198772.0,3163.0,3163.0,3108.0,3134.3,31998400,3447.7,2820.9,3839.9,2896.0,3145.9,50,3,3145.7,18,1,3145.4,16,1,3145.3,27,2,3145.2,18,1,3146.6,139,1,3146.7,59,3,3146.8,17,2,3146.9,82,6,3147.0,94,3
2031,2026-06-16 13:33:00+05:30,3146.8,6,3132.11,2520109,126655.0,198609.0,3163.0,3163.0,3108.0,3134.3,31998400,3447.7,2820.9,3839.9,2896.0,3146.1,17,1,3145.9,59,4,3145.7,12,1,3145.3,27,2,3145.2,18,1,3146.4,139,1,3146.5,1,1,3146.6,61,2,3146.7,63,3,3146.8,64,3
2031,2026-06-16 13:33:01+05:30,3146.4,1,3132.11,2520110,126757.0,198647.0,3163.0,3163.0,3108.0,3134.3,31998400,3447.7,2820.9,3839.9,2896.0,3146.3,2,2,3146.1,18,2,3145.9,53,4,3145.4,33,2,3145.3,39,3,3146.4,191,3,3146.5,1,1,3146.6,25,1,3146.7,50,2,3146.8,10,1
2031,2026-06-16 13:33:01+05:30,3146.4,22,3132.11,2520110,126757.0,198647.0,3163.0,3163.0,3108.0,3134.3,31998400,3447.7,2820.9,3839.9,2896.0,3146.3,2,2,3146.1,18,2,3145.9,53,4,3145.4,33,2,3145.3,39,3,3146.4,191,3,3146.5,1,1,3146.6,25,1,3146.7,50,2,3146.8,10,1
2031,2026-06-16 13:33:02+05:30,3146.4,11,3132.12,2520286,127416.0,198420.0,3163.0,3163.0,3108.0,3134.3,31998400,3447.7,2820.9,3839.9,2896.0,3146.3,2,2,3146.1,2,2,3145.9,81,6,3145.6,3,1,3145.5,50,3,3146.4,46,3,3146.5,201,2,3146.8,36,1,3146.9,4,1,3147.0,146,5
2031,2026-06-16 13:33:02+05:30,3146.4,11,3132.12,2520286,127416.0,198420.0,3163.0,3163.0,3108.0,3134.3,31998400,3447.7,2820.9,3839.9,2896.0,3146.3,2,2,3146.1,2,2,3145.9,81,6,3145.6,3,1,3145.5,50,3,3146.4,46,3,3146.5,201,2,3146.8,36,1,3146.9,4,1,3147.0,146,5
2031,2026-06-16 13:33:03+05:30,3146.1,1,3132.12,2520292,127640.0,198496.0,3163.0,3163.0,3108.0,3134.3,31998400,3447.7,2820.9,3839.9,2896.0,3146.1,18,3,3145.9,56,4,3145.6,21,2,3145.5,44,3,3145.3,196,3,3146.4,30,2,3146.5,201,2,3146.8,48,1,3146.9,4,1,3147.0,110,4
2031,2026-06-16 13:33:03+05:30,3146.1,1,3132.12,2520292,127640.0,198496.0,3163.0,3163.0,3108.0,3134.3,31998400,3447.7,2820.9,3839.9,2896.0,3146.1,18,3,3145.9,56,4,3145.6,21,2,3145.5,44,3,3145.3,196,3,3146.4,30,2,3146.5,201,2,3146.8,48,1,3146.9,4,1,3147.0,110,4
2031,2026-06-16 13:33:04+05:30,3146.1,1,3132.12,2520292,127629.0,198424.0,3163.0,3163.0,3108.0,3134.3,31998400,3447.7,2820.9,3839.9,2896.0,3146.1,33,4,3145.9,68,5,3145.6,3,1,3145.5,50,3,3145.3,199,4,3146.4,31,3,3146.5,201,2,3146.8,48,1,3147.0,108,3,3147.1,2,1
2031,2026-06-16 13:33:04+05:30,3146.1,1,3132.12,2520292,127645.0,198408.0,3163.0,3163.0,3108.0,3134.3,31998400,3447.7,2820.9,3839.9,2896.0,3146.1,18,3,3145.9,66,5,3145.8,18,1,3145.7,22,2,3145.6,15,2,3146.4,31,3,3146.5,201,2,3146.8,48,1,3147.0,108,3,3147.2,202,2
2031,2026-06-16 13:33:05+05:30,3146.1,1,3132.12,2520292,127645.0,198408.0,3163.0,3163.0,3108.0,3134.3,31998400,3447.7,2820.9,3839.9,2896.0,3146.1,18,3,3145.9,66,5,3145.8,18,1,3145.7,22,2,3145.6,15,2,3146.4,31,3,3146.5,201,2,3146.8,48,1,3147.0,108,3,3147.2,202,2
2031,2026-06-16 13:33:06+05:30,3146.1,3,3132.12,2520296,127647.0,198324.0,3163.0,3163.0,3108.0,3134.3,31998400,3447.7,2820.9,3839.9,2896.0,3146.1,15,3,3146.0,16,1,3145.9,66,5,3145.7,22,2,3145.6,15,2,3146.4,31,3,3146.5,201,2,3146.8,48,1,3147.0,108,3,3147.1,12,1
2031,2026-06-16 13:33:06+05:30,3146.1,3,3132.12,2520296,127647.0,198324.0,3163.0,3163.0,3108.0,3134.3,31998400,3447.7,2820.9,3839.9,2896.0,3146.1,15,3,3146.0,16,1,3145.9,66,5,3145.7,22,2,3145.6,15,2,3146.4,31,3,3146.5,201,2,3146.8,48,1,3147.0,108,3,3147.1,12,1
2031,2026-06-16 13:33:07+05:30,3146.4,1,3132.12,2520299,127511.0,198266.0,3163.0,3163.0,3108.0,3134.3,31998400,3447.7,2820.9,3839.9,2896.0,3146.1,15,3,3146.0,16,1,3145.9,66,5,3145.7,22,2,3145.6,15,2,3146.4,28,3,3146.5,201,2,3146.8,48,1,3147.0,108,3,3147.2,202,2
2031,2026-06-16 13:33:07+05:30,3146.4,1,3132.12,2520299,127511.0,198266.0,3163.0,3163.0,3108.0,3134.3,31998400,3447.7,2820.9,3839.9,2896.0,3146.1,15,3,3146.0,16,1,3145.9,66,5,3145.7,22,2,3145.6,15,2,3146.4,28,3,3146.5,201,2,3146.8,48,1,3147.0,108,3,3147.2,202,2
2031,2026-06-16 13:33:08+05:30,3146.4,1,3132.12,2520442,127555.0,198195.0,3163.0,3163.0,3108.0,3134.3,31998400,3447.7,2820.9,3839.9,2896.0,3146.1,29,4,3146.0,10,1,3145.9,42,3,3145.8,18,1,3145.6,12,1,3146.4,129,1,3146.5,1,1,3147.0,106,3,3147.2,200,1,3147.3,60,3
2031,2026-06-16 13:33:08+05:30,3146.4,1,3132.12,2520442,127555.0,198195.0,3163.0,3163.0,3108.0,3134.3,31998400,3447.7,2820.9,3839.9,2896.0,3146.1,29,4,3146.0,10,1,3145.9,42,3,3145.8,18,1,3145.6,12,1,3146.4,129,1,3146.5,1,1,3147.0,106,3,3147.2,200,1,3147.3,60,3
2031,2026-06-16 13:33:09+05:30,3146.4,1,3132.12,2520442,127506.0,198209.0,3163.0,3163.0,3108.0,3134.3,31998400,3447.7,2820.9,3839.9,2896.0,3146.2,4,1,3146.1,15,3,3146.0,28,2,3145.9,52,3,3145.6,12,1,3146.3,1,1,3146.4,129,1,3147.0,106,3,3147.2,218,2,3147.3,42,2
2031,2026-06-16 13:33:10+05:30,3146.4,6,3132.12,2520449,127489.0,198286.0,3163.0,3163.0,3108.0,3134.3,31998400,3447.7,2820.9,3839.9,2896.0,3146.2,4,1,3146.1,28,3,3146.0,28,2,3145.9,38,2,3145.6,12,1,3146.4,123,1,3147.0,106,3,3147.2,218,2,3147.3,42,2,3147.4,456,4
2031,2026-06-16 13:33:10+05:30,3146.4,6,3132.12,2520449,127489.0,198286.0,3163.0,3163.0,3108.0,3134.3,31998400,3447.7,2820.9,3839.9,2896.0,3146.2,4,1,3146.1,28,3,3146.0,28,2,3145.9,38,2,3145.6,12,1,3146.4,123,1,3147.0,106,3,3147.2,218,2,3147.3,42,2,3147.4,456,4
2031,2026-06-16 13:33:11+05:30,3146.4,30,3132.12,2520449,127489.0,198286.0,3163.0,3163.0,3108.0,3134.3,31998400,3447.7,2820.9,3839.9,2896.0,3146.2,4,1,3146.1,28,3,3146.0,28,2,3145.9,38,2,3145.6,12,1,3146.4,123,1,3147.0,106,3,3147.2,218,2,3147.3,42,2,3147.4,456,4
2031,2026-06-16 13:33:11+05:30,3146.4,30,3132.12,2520479,127484.0,198004.0,3163.0,3163.0,3108.0,3134.3,31998400,3447.7,2820.9,3839.9,2896.0,3146.2,4,1,3146.1,28,3,3146.0,28,2,3145.9,38,2,3145.8,3,1,3146.4,93,1,3147.0,58,2,3147.1,35,1,3147.2,200,1,3147.3,42,2
2031,2026-06-16 13:33:12+05:30,3147.0,39,3132.12,2520479,127484.0,198004.0,3163.0,3163.0,3108.0,3134.3,31998400,3447.7,2820.9,3839.9,2896.0,3146.2,4,1,3146.1,28,3,3146.0,28,2,3145.9,38,2,3145.8,3,1,3146.4,93,1,3147.0,58,2,3147.1,35,1,3147.2,200,1,3147.3,42,2
2031,2026-06-16 13:33:12+05:30,3146.4,11,3132.12,2520833,127241.0,198192.0,3163.0,3163.0,3108.0,3134.3,31998400,3447.7,2820.9,3839.9,2896.0,3146.2,19,2,3146.1,17,3,3146.0,10,1,3145.9,39,3,3145.6,17,1,3146.4,14,1,3147.1,13,1,3147.2,13,1,3147.3,117,4,3147.4,54,2
2031,2026-06-16 13:33:13+05:30,3146.4,1,3132.12,2520833,127241.0,198192.0,3163.0,3163.0,3108.0,3134.3,31998400,3447.7,2820.9,3839.9,2896.0,3146.2,19,2,3146.1,17,3,3146.0,10,1,3145.9,39,3,3145.6,17,1,3146.4,14,1,3147.1,13,1,3147.2,13,1,3147.3,117,4,3147.4,54,2
2031,2026-06-16 13:33:13+05:30,3146.4,1,3132.12,2520842,127314.0,197771.0,3163.0,3163.0,3108.0,3134.3,31998400,3447.7,2820.9,3839.9,2896.0,3146.2,56,3,3146.1,17,3,3146.0,17,1,3145.9,39,3,3145.8,40,1,3146.4,47,2,3147.1,13,1,3147.2,13,1,3147.3,69,3,3147.4,54,1
2031,2026-06-16 13:33:14+05:30,3146.2,1,3132.12,2520842,127314.0,197771.0,3163.0,3163.0,3108.0,3134.3,31998400,3447.7,2820.9,3839.9,2896.0,3146.2,56,3,3146.1,17,3,3146.0,17,1,3145.9,39,3,3145.8,40,1,3146.4,47,2,3147.1,13,1,3147.2,13,1,3147.3,69,3,3147.4,54,1
2031,2026-06-16 13:33:14+05:30,3146.2,1,3132.12,2520843,127229.0,196186.0,3163.0,3163.0,3108.0,3134.3,31998400,3447.7,2820.9,3839.9,2896.0,3146.2,69,4,3146.1,17,3,3145.9,39,3,3145.8,49,2,3145.7,29,3,3146.4,47,2,3147.2,54,1,3147.3,214,2,3147.5,125,4,3147.6,20,1
2031,2026-06-16 13:33:15+05:30,3147.2,69,3132.12,2520843,127229.0,196186.0,3163.0,3163.0,3108.0,3134.3,31998400,3447.7,2820.9,3839.9,2896.0,3146.2,69,4,3146.1,17,3,3145.9,39,3,3145.8,49,2,3145.7,29,3,3146.4,47,2,3147.2,54,1,3147.3,214,2,3147.5,125,4,3147.6,20,1
2031,2026-06-16 13:33:15+05:30,3147.2,37,3132.12,2520996,127997.0,198380.0,3163.0,3163.0,3108.0,3134.3,31998400,3447.7,2820.9,3839.9,2896.0,3146.3,2,2,3146.2,69,5,3146.1,49,5,3146.0,51,2,3145.9,81,4,3147.2,94,1,3147.4,42,1,3147.5,14,1,3147.6,69,2,3147.7,130,2
2031,2026-06-16 13:33:16+05:30,3146.2,7,3132.12,2520996,127997.0,198380.0,3163.0,3163.0,3108.0,3134.3,31998400,3447.7,2820.9,3839.9,2896.0,3146.3,2,2,3146.2,69,5,3146.1,49,5,3146.0,51,2,3145.9,81,4,3147.2,94,1,3147.4,42,1,3147.5,14,1,3147.6,69,2,3147.7,130,2
2031,2026-06-16 13:33:16+05:30,3146.2,7,3132.12,2521196,127980.0,198272.0,3163.0,3163.0,3108.0,3134.3,31998400,3447.7,2820.9,3839.9,2896.0,3146.4,15,1,3146.3,3,1,3146.2,29,5,3146.1,47,5,3146.0,38,3,3147.2,94,1,3147.4,42,1,3147.7,12,1,3147.8,81,4,3147.9,87,3
2031,2026-06-16 13:33:17+05:30,3146.2,7,3132.12,2521196,127980.0,198272.0,3163.0,3163.0,3108.0,3134.3,31998400,3447.7,2820.9,3839.9,2896.0,3146.4,15,1,3146.3,3,1,3146.2,29,5,3146.1,47,5,3146.0,38,3,3147.2,94,1,3147.4,42,1,3147.7,12,1,3147.8,81,4,3147.9,87,3
2031,2026-06-16 13:33:17+05:30,3146.2,7,3132.12,2521196,128001.0,198008.0,3163.0,3163.0,3108.0,3134.3,31998400,3447.7,2820.9,3839.9,2896.0,3146.5,16,1,3146.3,3,1,3146.2,24,4,3146.1,11,2,3146.0,1,1,3147.2,132,2,3147.4,42,1,3147.5,4,1,3147.6,78,3,3147.7,12,1
2031,2026-06-16 13:33:18+05:30,3147.2,31,3132.12,2521196,128001.0,198008.0,3163.0,3163.0,3108.0,3134.3,31998400,3447.7,2820.9,3839.9,2896.0,3146.5,16,1,3146.3,3,1,3146.2,24,4,3146.1,11,2,3146.0,1,1,3147.2,132,2,3147.4,42,1,3147.5,4,1,3147.6,78,3,3147.7,12,1
2031,2026-06-16 13:33:18+05:30,3147.2,1,3132.12,2521243,128028.0,198182.0,3163.0,3163.0,3108.0,3134.3,31998400,3447.7,2820.9,3839.9,2896.0,3146.5,1,1,3146.3,3,1,3146.2,20,3,3146.1,11,2,3146.0,1,1,3147.2,100,2,3147.4,42,1,3147.5,4,1,3147.6,78,3,3147.7,12,1
2031,2026-06-16 13:33:18+05:30,3147.2,1,3132.12,2521243,128028.0,198182.0,3163.0,3163.0,3108.0,3134.3,31998400,3447.7,2820.9,3839.9,2896.0,3146.5,1,1,3146.3,3,1,3146.2,20,3,3146.1,11,2,3146.0,1,1,3147.2,100,2,3147.4,42,1,3147.5,4,1,3147.6,78,3,3147.7,12,1
2031,2026-06-16 13:33:19+05:30,3147.2,1,3132.12,2521243,128028.0,198182.0,3163.0,3163.0,3108.0,3134.3,31998400,3447.7,2820.9,3839.9,2896.0,3146.5,1,1,3146.3,3,1,3146.2,20,3,3146.1,11,2,3146.0,1,1,3147.2,100,2,3147.4,42,1,3147.5,4,1,3147.6,78,3,3147.7,12,1
2031,2026-06-16 13:33:19+05:30,3147.2,1,3132.12,2521243,128119.0,197905.0,3163.0,3163.0,3108.0,3134.3,31998400,3447.7,2820.9,3839.9,2896.0,3146.7,17,1,3146.4,5,1,3146.3,3,1,3146.2,20,3,3146.1,28,3,3147.2,100,2,3147.4,12,1,3147.5,6,2,3147.6,76,2,3147.8,117,5
2031,2026-06-16 13:33:20+05:30,3146.7,1,3132.12,2521243,128119.0,197905.0,3163.0,3163.0,3108.0,3134.3,31998400,3447.7,2820.9,3839.9,2896.0,3146.7,17,1,3146.4,5,1,3146.3,3,1,3146.2,20,3,3146.1,28,3,3147.2,100,2,3147.4,12,1,3147.5,6,2,3147.6,76,2,3147.8,117,5
2031,2026-06-16 13:33:20+05:30,3146.7,1,3132.12,2521245,128133.0,198144.0,3163.0,3163.0,3108.0,3134.3,31998400,3447.7,2820.9,3839.9,2896.0,3146.7,17,2,3146.4,5,1,3146.3,3,1,3146.2,37,4,3146.1,28,3,3146.9,5,1,3147.2,99,2,3147.4,12,1,3147.5,4,1,3147.6,40,1
2031,2026-06-16 13:33:20+05:30,3146.7,1,3132.12,2521245,128133.0,198144.0,3163.0,3163.0,3108.0,3134.3,31998400,3447.7,2820.9,3839.9,2896.0,3146.7,17,2,3146.4,5,1,3146.3,3,1,3146.2,37,4,3146.1,28,3,3146.9,5,1,3147.2,99,2,3147.4,12,1,3147.5,4,1,3147.6,40,1
2031,2026-06-16 13:33:21+05:30,3146.9,5,3132.12,2521250,127845.0,198114.0,3163.0,3163.0,3108.0,3134.3,31998400,3447.7,2820.9,3839.9,2896.0,3146.9,12,2,3146.7,1,1,3146.4,5,1,3146.3,3,1,3146.2,37,4,3147.2,99,2,3147.4,12,1,3147.5,40,2,3147.6,40,1,3147.7,39,2
2031,2026-06-16 13:33:22+05:30,3146.9,5,3132.12,2521250,127845.0,198114.0,3163.0,3163.0,3108.0,3134.3,31998400,3447.7,2820.9,3839.9,2896.0,3146.9,12,2,3146.7,1,1,3146.4,5,1,3146.3,3,1,3146.2,37,4,3147.2,99,2,3147.4,12,1,3147.5,40,2,3147.6,40,1,3147.7,39,2
2031,2026-06-16 13:33:22+05:30,3146.7,2,3132.12,2521468,127381.0,198232.0,3163.0,3163.0,3108.0,3134.3,31998400,3447.7,2820.9,3839.9,2896.0,3146.7,14,1,3146.3,10,1,3146.2,26,3,3146.1,1,1,3146.0,1,1,3147.0,31,2,3147.1,105,4,3147.2,109,4,3147.4,98,4,3147.5,63,2
2031,2026-06-16 13:33:22+05:30,3146.7,2,3132.12,2521468,127381.0,198232.0,3163.0,3163.0,3108.0,3134.3,31998400,3447.7,2820.9,3839.9,2896.0,3146.7,14,1,3146.3,10,1,3146.2,26,3,3146.1,1,1,3146.0,1,1,3147.0,31,2,3147.1,105,4,3147.2,109,4,3147.4,98,4,3147.5,63,2
2031,2026-06-16 13:33:23+05:30,3146.2,2,3132.12,2521468,127381.0,198232.0,3163.0,3163.0,3108.0,3134.3,31998400,3447.7,2820.9,3839.9,2896.0,3146.7,14,1,3146.3,10,1,3146.2,26,3,3146.1,1,1,3146.0,1,1,3147.0,31,2,3147.1,105,4,3147.2,109,4,3147.4,98,4,3147.5,63,2
2031,2026-06-16 13:33:24+05:30,3145.9,10,3132.12,2521824,125830.0,199154.0,3163.0,3163.0,3108.0,3134.3,31998400,3447.7,2820.9,3839.9,2896.0,3145.3,12,1,3145.1,68,4,3145.0,503,6,3144.9,81,4,3144.8,12,1,3145.9,68,1,3146.0,124,1,3146.7,58,2,3146.8,86,3,3146.9,113,5
2031,2026-06-16 13:33:24+05:30,3145.9,10,3132.12,2521824,125830.0,199154.0,3163.0,3163.0,3108.0,3134.3,31998400,3447.7,2820.9,3839.9,2896.0,3145.3,12,1,3145.1,68,4,3145.0,503,6,3144.9,81,4,3144.8,12,1,3145.9,68,1,3146.0,124,1,3146.7,58,2,3146.8,86,3,3146.9,113,5
2031,2026-06-16 13:33:24+05:30,3145.9,10,3132.12,2521824,125830.0,199154.0,3163.0,3163.0,3108.0,3134.3,31998400,3447.7,2820.9,3839.9,2896.0,3145.3,12,1,3145.1,68,4,3145.0,503,6,3144.9,81,4,3144.8,12,1,3145.9,68,1,3146.0,124,1,3146.7,58,2,3146.8,86,3,3146.9,113,5
2031,2026-06-16 13:33:25+05:30,3145.3,12,3132.12,2521836,126078.0,199194.0,3163.0,3163.0,3108.0,3134.3,31998400,3447.7,2820.9,3839.9,2896.0,3145.3,55,3,3145.1,72,3,3145.0,503,6,3144.9,193,7,3144.8,44,3,3145.9,68,1,3146.0,124,1,3146.7,58,2,3146.8,134,4,3146.9,113,5
2031,2026-06-16 13:33:25+05:30,3145.3,12,3132.12,2521836,126078.0,199194.0,3163.0,3163.0,3108.0,3134.3,31998400,3447.7,2820.9,3839.9,2896.0,3145.3,55,3,3145.1,72,3,3145.0,503,6,3144.9,193,7,3144.8,44,3,3145.9,68,1,3146.0,124,1,3146.7,58,2,3146.8,134,4,3146.9,113,5
2031,2026-06-16 13:33:26+05:30,3145.3,1,3132.12,2521837,126114.0,199194.0,3163.0,3163.0,3108.0,3134.3,31998400,3447.7,2820.9,3839.9,2896.0,3145.3,54,3,3145.1,72,3,3145.0,503,6,3144.9,98,5,3144.8,44,3,3145.9,68,1,3146.0,124,1,3146.7,119,3,3146.8,134,4,3146.9,52,4
2031,2026-06-16 13:33:26+05:30,3145.9,29,3132.12,2521837,126114.0,199194.0,3163.0,3163.0,3108.0,3134.3,31998400,3447.7,2820.9,3839.9,2896.0,3145.3,54,3,3145.1,72,3,3145.0,503,6,3144.9,98,5,3144.8,44,3,3145.9,68,1,3146.0,124,1,3146.7,119,3,3146.8,134,4,3146.9,52,4
2031,2026-06-16 13:33:26+05:30,3145.9,29,3132.12,2521837,126114.0,199194.0,3163.0,3163.0,3108.0,3134.3,31998400,3447.7,2820.9,3839.9,2896.0,3145.3,54,3,3145.1,72,3,3145.0,503,6,3144.9,98,5,3144.8,44,3,3145.9,68,1,3146.0,124,1,3146.7,119,3,3146.8,134,4,3146.9,52,4
2031,2026-06-16 13:33:27+05:30,3145.9,1,3132.12,2521907,125842.0,199194.0,3163.0,3163.0,3108.0,3134.3,31998400,3447.7,2820.9,3839.9,2896.0,3145.1,12,1,3145.0,490,5,3144.9,15,1,3144.7,21,1,3144.6,76,3,3145.9,63,2,3146.0,124,1,3146.1,4,1,3146.2,78,2,3146.3,109,3
2031,2026-06-16 13:33:27+05:30,3145.9,1,3132.12,2521907,125842.0,199194.0,3163.0,3163.0,3108.0,3134.3,31998400,3447.7,2820.9,3839.9,2896.0,3145.1,12,1,3145.0,490,5,3144.9,15,1,3144.7,21,1,3144.6,76,3,3145.9,63,2,3146.0,124,1,3146.1,4,1,3146.2,78,2,3146.3,109,3
2031,2026-06-16 13:33:27+05:30,3145.9,1,3132.12,2521907,125842.0,199194.0,3163.0,3163.0,3108.0,3134.3,31998400,3447.7,2820.9,3839.9,2896.0,3145.1,12,1,3145.0,490,5,3144.9,15,1,3144.7,21,1,3144.6,76,3,3145.9,63,2,3146.0,124,1,3146.1,4,1,3146.2,78,2,3146.3,109,3
2031,2026-06-16 13:33:28+05:30,3145.9,1,3132.12,2521907,125906.0,199135.0,3163.0,3163.0,3108.0,3134.3,31998400,3447.7,2820.9,3839.9,2896.0,3145.1,29,2,3145.0,548,6,3144.7,21,1,3144.6,93,4,3144.5,25,2,3145.9,63,2,3146.0,124,1,3146.1,4,1,3146.2,78,2,3146.3,109,3
2031,2026-06-16 13:33:28+05:30,3145.9,1,3132.12,2521907,125906.0,199135.0,3163.0,3163.0,3108.0,3134.3,31998400,3447.7,2820.9,3839.9,2896.0,3145.1,29,2,3145.0,548,6,3144.7,21,1,3144.6,93,4,3144.5,25,2,3145.9,63,2,3146.0,124,1,3146.1,4,1,3146.2,78,2,3146.3,109,3
2031,2026-06-16 13:33:29+05:30,3145.9,1,3132.12,2521951,125889.0,198826.0,3163.0,3163.0,3108.0,3134.3,31998400,3447.7,2820.9,3839.9,2896.0,3145.1,20,2,3145.0,548,6,3144.8,23,3,3144.7,23,2,3144.6,77,4,3145.9,19,1,3146.0,124,1,3146.3,39,1,3146.4,141,4,3146.6,180,3
2031,2026-06-16 13:33:29+05:30,3145.9,1,3132.12,2521951,125889.0,198826.0,3163.0,3163.0,3108.0,3134.3,31998400,3447.7,2820.9,3839.9,2896.0,3145.1,20,2,3145.0,548,6,3144.8,23,3,3144.7,23,2,3144.6,77,4,3145.9,19,1,3146.0,124,1,3146.3,39,1,3146.4,141,4,3146.6,180,3
2031,2026-06-16 13:33:29+05:30,3145.9,1,3132.12,2521951,125889.0,198826.0,3163.0,3163.0,3108.0,3134.3,31998400,3447.7,2820.9,3839.9,2896.0,3145.1,20,2,3145.0,548,6,3144.8,23,3,3144.7,23,2,3144.6,77,4,3145.9,19,1,3146.0,124,1,3146.3,39,1,3146.4,141,4,3146.6,180,3
2031,2026-06-16 13:33:30+05:30,3145.9,1,3132.12,2521951,125893.0,199107.0,3163.0,3163.0,3108.0,3134.3,31998400,3447.7,2820.9,3839.9,2896.0,3145.1,26,4,3145.0,548,6,3144.8,2,1,3144.7,23,2,3144.6,94,5,3145.9,20,2,3146.0,124,1,3146.1,4,1,3146.2,61,1,3146.3,39,1
2031,2026-06-16 13:33:30+05:30,3145.9,1,3132.12,2521951,125893.0,199107.0,3163.0,3163.0,3108.0,3134.3,31998400,3447.7,2820.9,3839.9,2896.0,3145.1,26,4,3145.0,548,6,3144.8,2,1,3144.7,23,2,3144.6,94,5,3145.9,20,2,3146.0,124,1,3146.1,4,1,3146.2,61,1,3146.3,39,1
2031,2026-06-16 13:33:31+05:30,3145.9,7,3132.12,2521970,126172.0,198909.0,3163.0,3163.0,3108.0,3134.3,31998400,3447.7,2820.9,3839.9,2896.0,3145.5,12,5,3145.4,7,1,3145.2,70,7,3145.1,90,8,3145.0,578,9,3145.9,6,2,3146.0,124,1,3146.3,61,1,3146.8,77,3,3146.9,71,2
2031,2026-06-16 13:33:31+05:30,3145.9,7,3132.12,2521970,126172.0,198909.0,3163.0,3163.0,3108.0,3134.3,31998400,3447.7,2820.9,3839.9,2896.0,3145.5,12,5,3145.4,7,1,3145.2,70,7,3145.1,90,8,3145.0,578,9,3145.9,6,2,3146.0,124,1,3146.3,61,1,3146.8,77,3,3146.9,71,2
2031,2026-06-16 13:33:31+05:30,3145.9,7,3132.12,2521970,126172.0,198909.0,3163.0,3163.0,3108.0,3134.3,31998400,3447.7,2820.9,3839.9,2896.0,3145.5,12,5,3145.4,7,1,3145.2,70,7,3145.1,90,8,3145.0,578,9,3145.9,6,2,3146.0,124,1,3146.3,61,1,3146.8,77,3,3146.9,71,2
2031,2026-06-16 13:33:32+05:30,3145.9,7,3132.12,2521970,126172.0,198909.0,3163.0,3163.0,3108.0,3134.3,31998400,3447.7,2820.9,3839.9,2896.0,3145.5,12,5,3145.4,7,1,3145.2,70,7,3145.1,90,8,3145.0,578,9,3145.9,6,2,3146.0,124,1,3146.3,61,1,3146.8,77,3,3146.9,71,2
2031,2026-06-16 13:33:32+05:30,3145.9,1,3132.12,2521970,126172.0,198909.0,3163.0,3163.0,3108.0,3134.3,31998400,3447.7,2820.9,3839.9,2896.0,3145.5,12,5,3145.4,7,1,3145.2,70,7,3145.1,90,8,3145.0,578,9,3145.9,6,2,3146.0,124,1,3146.3,61,1,3146.8,77,3,3146.9,71,2
2031,2026-06-16 13:33:32+05:30,3146.0,5,3132.12,2521983,126312.0,198357.0,3163.0,3163.0,3108.0,3134.3,31998400,3447.7,2820.9,3839.9,2896.0,3145.9,1,1,3145.5,7,3,3145.4,65,2,3145.2,78,5,3145.1,371,11,3146.0,119,1,3146.9,66,2,3147.0,168,4,3147.1,105,3,3147.2,116,3
2031,2026-06-16 13:33:33+05:30,3146.0,5,3132.12,2521983,126312.0,198357.0,3163.0,3163.0,3108.0,3134.3,31998400,3447.7,2820.9,3839.9,2896.0,3145.9,1,1,3145.5,7,3,3145.4,65,2,3145.2,78,5,3145.1,371,11,3146.0,119,1,3146.9,66,2,3147.0,168,4,3147.1,105,3,3147.2,116,3
2031,2026-06-16 13:33:33+05:30,3146.0,1,3132.12,2521983,126312.0,198357.0,3163.0,3163.0,3108.0,3134.3,31998400,3447.7,2820.9,3839.9,2896.0,3145.9,1,1,3145.5,7,3,3145.4,65,2,3145.2,78,5,3145.1,371,11,3146.0,119,1,3146.9,66,2,3147.0,168,4,3147.1,105,3,3147.2,116,3
2031,2026-06-16 13:33:33+05:30,3146.0,118,3132.13,2522102,126470.0,198515.0,3163.0,3163.0,3108.0,3134.3,31998400,3447.7,2820.9,3839.9,2896.0,3146.0,17,1,3145.9,4,2,3145.5,26,4,3145.4,49,2,3145.3,21,1,3146.9,38,2,3147.0,92,3,3147.1,141,5,3147.2,49,2,3147.3,60,1
2031,2026-06-16 13:33:33+05:30,3146.0,118,3132.13,2522102,126470.0,198515.0,3163.0,3163.0,3108.0,3134.3,31998400,3447.7,2820.9,3839.9,2896.0,3146.0,17,1,3145.9,4,2,3145.5,26,4,3145.4,49,2,3145.3,21,1,3146.9,38,2,3147.0,92,3,3147.1,141,5,3147.2,49,2,3147.3,60,1
2031,2026-06-16 13:33:34+05:30,3146.0,1,3132.13,2522102,126470.0,198515.0,3163.0,3163.0,3108.0,3134.3,31998400,3447.7,2820.9,3839.9,2896.0,3146.0,17,1,3145.9,4,2,3145.5,26,4,3145.4,49,2,3145.3,21,1,3146.9,38,2,3147.0,92,3,3147.1,141,5,3147.2,49,2,3147.3,60,1
2031,2026-06-16 13:33:34+05:30,3146.0,1,3132.13,2522103,126314.0,198296.0,3163.0,3163.0,3108.0,3134.3,31998400,3447.7,2820.9,3839.9,2896.0,3145.9,4,2,3145.5,61,6,3145.4,49,2,3145.3,102,5,3145.2,95,6,3146.0,9,1,3146.9,158,4,3147.0,31,2,3147.1,91,3,3147.2,71,3
2031,2026-06-16 13:33:34+05:30,3146.0,1,3132.13,2522103,126314.0,198296.0,3163.0,3163.0,3108.0,3134.3,31998400,3447.7,2820.9,3839.9,2896.0,3145.9,4,2,3145.5,61,6,3145.4,49,2,3145.3,102,5,3145.2,95,6,3146.0,9,1,3146.9,158,4,3147.0,31,2,3147.1,91,3,3147.2,71,3
2031,2026-06-16 13:33:35+05:30,3145.9,4,3132.13,2522103,126314.0,198296.0,3163.0,3163.0,3108.0,3134.3,31998400,3447.7,2820.9,3839.9,2896.0,3145.9,4,2,3145.5,61,6,3145.4,49,2,3145.3,102,5,3145.2,95,6,3146.0,9,1,3146.9,158,4,3147.0,31,2,3147.1,91,3,3147.2,71,3
2031,2026-06-16 13:33:35+05:30,3145.9,4,3132.13,2522103,126314.0,198296.0,3163.0,3163.0,3108.0,3134.3,31998400,3447.7,2820.9,3839.9,2896.0,3145.9,4,2,3145.5,61,6,3145.4,49,2,3145.3,102,5,3145.2,95,6,3146.0,9,1,3146.9,158,4,3147.0,31,2,3147.1,91,3,3147.2,71,3
2031,2026-06-16 13:33:35+05:30,3146.0,2,3132.13,2522245,126281.0,198497.0,3163.0,3163.0,3108.0,3134.3,31998400,3447.7,2820.9,3839.9,2896.0,3146.0,15,1,3145.9,5,3,3145.5,16,1,3145.4,17,1,3145.3,32,2,3146.7,200,1,3146.8,64,3,3146.9,73,2,3147.0,65,4,3147.1,131,4
2031,2026-06-16 13:33:36+05:30,3146.7,15,3132.13,2522245,126281.0,198497.0,3163.0,3163.0,3108.0,3134.3,31998400,3447.7,2820.9,3839.9,2896.0,3146.0,15,1,3145.9,5,3,3145.5,16,1,3145.4,17,1,3145.3,32,2,3146.7,200,1,3146.8,64,3,3146.9,73,2,3147.0,65,4,3147.1,131,4
2031,2026-06-16 13:33:36+05:30,3146.7,15,3132.13,2522245,126281.0,198497.0,3163.0,3163.0,3108.0,3134.3,32001000,3447.7,2820.9,3839.9,2896.0,3146.0,15,1,3145.9,5,3,3145.5,16,1,3145.4,17,1,3145.3,32,2,3146.7,200,1,3146.8,64,3,3146.9,73,2,3147.0,65,4,3147.1,131,4
2031,2026-06-16 13:33:36+05:30,3146.7,15,3132.13,2522260,126417.0,196725.0,3163.0,3163.0,3108.0,3134.3,32001000,3447.7,2820.9,3839.9,2896.0,3146.0,16,2,3145.9,5,3,3145.5,22,1,3145.4,18,2,3145.3,80,3,3146.7,185,1,3146.8,64,3,3146.9,73,2,3147.0,73,5,3147.1,131,4
2031,2026-06-16 13:33:37+05:30,3146.7,15,3132.13,2522260,126444.0,198687.0,3163.0,3163.0,3108.0,3134.3,32001000,3447.7,2820.9,3839.9,2896.0,3146.1,16,2,3146.0,41,2,3145.9,5,3,3145.5,22,1,3145.4,18,2,3146.7,185,1,3146.8,64,3,3146.9,73,2,3147.0,99,6,3147.1,62,2
2031,2026-06-16 13:33:38+05:30,3146.7,15,3132.13,2522260,127321.0,198388.0,3163.0,3163.0,3108.0,3134.3,32001000,3447.7,2820.9,3839.9,2896.0,3146.3,5,1,3146.1,16,2,3146.0,41,2,3145.9,5,3,3145.6,63,1,3146.7,185,1,3146.8,12,1,3146.9,73,2,3147.0,53,4,3147.1,62,2
2031,2026-06-16 13:33:39+05:30,3146.7,1,3132.13,2522447,127179.0,198392.0,3163.0,3163.0,3108.0,3134.3,32001000,3447.7,2820.9,3839.9,2896.0,3146.3,5,1,3146.1,16,2,3146.0,41,2,3145.9,5,3,3145.8,17,1,3146.7,23,1,3146.8,12,1,3146.9,73,2,3147.0,28,2,3147.1,105,4
2031,2026-06-16 13:33:40+05:30,3146.7,8,3132.13,2522447,127179.0,198392.0,3163.0,3163.0,3108.0,3134.3,32001000,3447.7,2820.9,3839.9,2896.0,3146.3,5,1,3146.1,16,2,3146.0,41,2,3145.9,5,3,3145.8,17,1,3146.7,23,1,3146.8,12,1,3146.9,73,2,3147.0,28,2,3147.1,105,4
2031,2026-06-16 13:33:40+05:30,3146.6,32,3132.13,2522487,127303.0,198439.0,3163.0,3163.0,3108.0,3134.3,32001000,3447.7,2820.9,3839.9,2896.0,3146.5,2,2,3146.3,5,1,3146.1,16,2,3146.0,41,2,3145.9,3,1,3146.6,168,1,3146.7,20,2,3146.8,12,1,3146.9,45,2,3147.0,50,3
2031,2026-06-16 13:33:41+05:30,3146.5,1,3132.13,2522487,127303.0,198439.0,3163.0,3163.0,3108.0,3134.3,32001000,3447.7,2820.9,3839.9,2896.0,3146.5,2,2,3146.3,5,1,3146.1,16,2,3146.0,41,2,3145.9,3,1,3146.6,168,1,3146.7,20,2,3146.8,12,1,3146.9,45,2,3147.0,50,3
2031,2026-06-16 13:33:41+05:30,3146.5,1,3132.13,2522488,127261.0,198415.0,3163.0,3163.0,3108.0,3134.3,32001000,3447.7,2820.9,3839.9,2896.0,3146.5,43,5,3146.4,17,1,3146.3,5,1,3146.1,1,1,3146.0,41,2,3146.6,15,1,3146.7,5,1,3146.8,12,1,3146.9,27,1,3147.0,182,2
2031,2026-06-16 13:33:42+05:30,3146.5,7,3132.13,2522488,127261.0,198415.0,3163.0,3163.0,3108.0,3134.3,32001000,3447.7,2820.9,3839.9,2896.0,3146.5,43,5,3146.4,17,1,3146.3,5,1,3146.1,1,1,3146.0,41,2,3146.6,15,1,3146.7,5,1,3146.8,12,1,3146.9,27,1,3147.0,182,2
2031,2026-06-16 13:33:42+05:30,3146.6,15,3132.13,2522703,126653.0,198477.0,3163.0,3163.0,3108.0,3134.3,32001000,3447.7,2820.9,3839.9,2896.0,3146.6,2,1,3146.3,5,1,3146.1,1,1,3146.0,41,2,3145.9,20,2,3146.7,5,1,3146.8,12,1,3146.9,27,1,3147.0,249,5,3147.1,16,2
2031,2026-06-16 13:33:43+05:30,3146.6,15,3132.13,2522703,126653.0,198477.0,3163.0,3163.0,3108.0,3134.3,32001000,3447.7,2820.9,3839.9,2896.0,3146.6,2,1,3146.3,5,1,3146.1,1,1,3146.0,41,2,3145.9,20,2,3146.7,5,1,3146.8,12,1,3146.9,27,1,3147.0,249,5,3147.1,16,2
2031,2026-06-16 13:33:44+05:30,3146.6,15,3132.13,2522703,127196.0,198554.0,3163.0,3163.0,3108.0,3134.3,32001000,3447.7,2820.9,3839.9,2896.0,3146.3,5,1,3146.1,18,2,3146.0,41,2,3145.9,3,1,3145.7,17,1,3146.7,5,1,3146.8,12,1,3146.9,27,1,3147.0,248,3,3147.1,14,1
2031,2026-06-16 13:33:45+05:30,3146.7,1,3132.13,2522744,126860.0,198741.0,3163.0,3163.0,3108.0,3134.3,32001000,3447.7,2820.9,3839.9,2896.0,3146.3,2,1,3146.1,10,2,3146.0,41,2,3145.9,3,1,3145.6,10,1,3146.7,60,3,3146.8,12,1,3146.9,31,2,3147.0,283,4,3147.1,14,1
2031,2026-06-16 13:33:45+05:30,3146.7,20,3132.13,2522744,126860.0,198741.0,3163.0,3163.0,3108.0,3134.3,32001000,3447.7,2820.9,3839.9,2896.0,3146.3,2,1,3146.1,10,2,3146.0,41,2,3145.9,3,1,3145.6,10,1,3146.7,60,3,3146.8,12,1,3146.9,31,2,3147.0,283,4,3147.1,14,1
2031,2026-06-16 13:33:46+05:30,3146.7,1,3132.13,2522787,127142.0,198622.0,3163.0,3163.0,3108.0,3134.3,32001000,3447.7,2820.9,3839.9,2896.0,3146.5,2,2,3146.3,1,1,3146.1,10,2,3146.0,41,2,3145.9,3,1,3146.7,35,2,3146.8,12,1,3147.0,248,3,3147.1,33,3,3147.2,71,2
2031,2026-06-16 13:33:46+05:30,3146.7,1,3132.13,2522787,127142.0,198622.0,3163.0,3163.0,3108.0,3134.3,32001000,3447.7,2820.9,3839.9,2896.0,3146.5,2,2,3146.3,1,1,3146.1,10,2,3146.0,41,2,3145.9,3,1,3146.7,35,2,3146.8,12,1,3147.0,248,3,3147.1,33,3,3147.2,71,2
2031,2026-06-16 13:33:47+05:30,3146.7,1,3132.13,2522787,127169.0,198625.0,3163.0,3163.0,3108.0,3134.3,32001000,3447.7,2820.9,3839.9,2896.0,3146.5,2,2,3146.3,1,1,3146.1,10,2,3146.0,41,2,3145.9,3,1,3146.7,35,2,3146.8,12,1,3147.0,248,3,3147.1,31,2,3147.2,73,3
2031,2026-06-16 13:33:48+05:30,3146.7,1,3132.13,2522787,127177.0,198610.0,3163.0,3163.0,3108.0,3134.3,32001000,3447.7,2820.9,3839.9,2896.0,3146.5,2,2,3146.4,17,1,3146.3,1,1,3146.1,1,1,3146.0,41,2,3146.7,35,2,3146.8,12,1,3147.0,248,3,3147.1,31,2,3147.2,71,2
2031,2026-06-16 13:33:48+05:30,3146.7,1,3132.13,2522787,127217.0,198621.0,3163.0,3163.0,3108.0,3134.3,32001000,3447.7,2820.9,3839.9,2896.0,3146.5,2,2,3146.4,17,1,3146.3,1,1,3146.1,1,1,3146.0,41,2,3146.6,1,1,3146.7,35,2,3146.8,12,1,3147.0,248,3,3147.1,31,2
2031,2026-06-16 13:33:50+05:30,3146.5,3,3132.13,2522850,127324.0,196498.0,3163.0,3163.0,3108.0,3134.3,32001000,3447.7,2820.9,3839.9,2896.0,3146.5,16,2,3146.3,1,1,3146.1,1,1,3146.0,41,2,3145.9,51,2,3146.6,14,1,3147.0,248,3,3147.2,23,1,3147.4,49,2,3147.5,131,5
2031,2026-06-16 13:33:50+05:30,3146.5,13,3132.13,2522850,127324.0,196498.0,3163.0,3163.0,3108.0,3134.3,32001000,3447.7,2820.9,3839.9,2896.0,3146.5,16,2,3146.3,1,1,3146.1,1,1,3146.0,41,2,3145.9,51,2,3146.6,14,1,3147.0,248,3,3147.2,23,1,3147.4,49,2,3147.5,131,5
2031,2026-06-16 13:33:51+05:30,3146.5,15,3132.13,2522898,126939.0,198874.0,3163.0,3163.0,3108.0,3134.3,32001000,3447.7,2820.9,3839.9,2896.0,3146.5,15,1,3146.3,1,1,3146.1,1,1,3146.0,41,2,3145.9,3,1,3146.9,168,1,3147.0,80,2,3147.2,23,1,3147.3,84,3,3147.4,102,4
2031,2026-06-16 13:33:51+05:30,3146.5,15,3132.13,2522898,126939.0,198874.0,3163.0,3163.0,3108.0,3134.3,32001000,3447.7,2820.9,3839.9,2896.0,3146.5,15,1,3146.3,1,1,3146.1,1,1,3146.0,41,2,3145.9,3,1,3146.9,168,1,3147.0,80,2,3147.2,23,1,3147.3,84,3,3147.4,102,4
2031,2026-06-16 13:33:52+05:30,3146.5,15,3132.13,2522898,126989.0,198629.0,3163.0,3163.0,3108.0,3134.3,32001000,3447.7,2820.9,3839.9,2896.0,3146.5,17,2,3146.3,1,1,3146.1,1,1,3146.0,41,2,3145.9,3,1,3146.9,168,1,3147.0,80,2,3147.2,23,1,3147.3,84,3,3147.4,102,4
2031,2026-06-16 13:33:52+05:30,3146.9,1,3132.13,2522899,127042.0,196803.0,3163.0,3163.0,3108.0,3134.3,32001000,3447.7,2820.9,3839.9,2896.0,3146.5,17,2,3146.3,1,1,3146.1,1,1,3146.0,41,2,3145.9,3,1,3146.9,65,2,3147.0,270,4,3147.2,23,1,3147.3,36,2,3147.4,102,4
2031,2026-06-16 13:33:53+05:30,3146.9,12,3132.13,2522899,127042.0,196803.0,3163.0,3163.0,3108.0,3134.3,32001000,3447.7,2820.9,3839.9,2896.0,3146.5,17,2,3146.3,1,1,3146.1,1,1,3146.0,41,2,3145.9,3,1,3146.9,65,2,3147.0,270,4,3147.2,23,1,3147.3,36,2,3147.4,102,4
2031,2026-06-16 13:33:53+05:30,3146.9,12,3132.13,2522911,127198.0,198696.0,3163.0,3163.0,3108.0,3134.3,32001000,3447.7,2820.9,3839.9,2896.0,3146.5,17,2,3146.3,1,1,3146.1,1,1,3146.0,41,2,3145.9,3,1,3146.9,53,2,3147.0,248,3,3147.2,23,1,3147.3,34,1,3147.4,85,3
2031,2026-06-16 13:33:54+05:30,3146.9,1,3132.13,2522912,127250.0,198723.0,3163.0,3163.0,3108.0,3134.3,32001000,3447.7,2820.9,3839.9,2896.0,3146.5,17,2,3146.3,1,1,3146.1,16,2,3146.0,41,2,3145.9,3,1,3146.9,64,3,3147.0,248,3,3147.2,39,2,3147.3,36,2,3147.4,85,3
2031,2026-06-16 13:33:55+05:30,3146.9,9,3132.13,2522912,127250.0,198723.0,3163.0,3163.0,3108.0,3134.3,32001000,3447.7,2820.9,3839.9,2896.0,3146.5,17,2,3146.3,1,1,3146.1,16,2,3146.0,41,2,3145.9,3,1,3146.9,64,3,3147.0,248,3,3147.2,39,2,3147.3,36,2,3147.4,85,3
2031,2026-06-16 13:33:55+05:30,3146.9,1,3132.13,2522954,126999.0,198602.0,3163.0,3163.0,3108.0,3134.3,32001000,3447.7,2820.9,3839.9,2896.0,3146.7,16,1,3146.5,19,2,3146.1,1,1,3146.0,41,2,3145.9,3,1,3146.9,15,3,3147.0,248,3,3147.2,39,2,3147.4,85,3,3147.5,154,6
2031,2026-06-16 13:33:56+05:30,3146.9,1,3132.13,2522954,126999.0,198602.0,3163.0,3163.0,3108.0,3134.3,32001000,3447.7,2820.9,3839.9,2896.0,3146.7,16,1,3146.5,19,2,3146.1,1,1,3146.0,41,2,3145.9,3,1,3146.9,15,3,3147.0,248,3,3147.2,39,2,3147.4,85,3,3147.5,154,6
2031,2026-06-16 13:33:56+05:30,3146.5,14,3132.13,2523156,127130.0,198313.0,3163.0,3163.0,3108.0,3134.3,32001000,3447.7,2820.9,3839.9,2896.0,3146.5,5,2,3146.1,1,1,3146.0,1,1,3145.7,21,1,3145.6,10,1,3146.9,39,3,3147.0,126,5,3147.2,25,2,3147.3,70,3,3147.4,85,3
2031,2026-06-16 13:33:57+05:30,3146.5,14,3132.13,2523156,127130.0,198313.0,3163.0,3163.0,3108.0,3134.3,32001000,3447.7,2820.9,3839.9,2896.0,3146.5,5,2,3146.1,1,1,3146.0,1,1,3145.7,21,1,3145.6,10,1,3146.9,39,3,3147.0,126,5,3147.2,25,2,3147.3,70,3,3147.4,85,3
2031,2026-06-16 13:33:57+05:30,3146.5,14,3132.13,2523156,127136.0,198380.0,3163.0,3163.0,3108.0,3134.3,32001000,3447.7,2820.9,3839.9,2896.0,3146.5,5,2,3146.1,1,1,3146.0,1,1,3145.7,21,1,3145.6,10,1,3146.9,39,3,3147.0,126,5,3147.2,25,2,3147.3,70,3,3147.4,85,3
2031,2026-06-16 13:33:58+05:30,3146.9,15,3132.13,2523183,127668.0,198543.0,3163.0,3163.0,3108.0,3134.3,32001000,3447.7,2820.9,3839.9,2896.0,3146.5,48,3,3146.1,4,2,3146.0,1,1,3145.8,80,2,3145.7,132,3,3146.9,30,3,3147.0,280,3,3147.5,105,4,3147.6,44,2,3147.7,423,7
2031,2026-06-16 13:33:59+05:30,3146.5,1,3132.13,2523183,127668.0,198543.0,3163.0,3163.0,3108.0,3134.3,32001000,3447.7,2820.9,3839.9,2896.0,3146.5,48,3,3146.1,4,2,3146.0,1,1,3145.8,80,2,3145.7,132,3,3146.9,30,3,3147.0,280,3,3147.5,105,4,3147.6,44,2,3147.7,423,7
2031,2026-06-16 13:33:59+05:30,3146.5,1,3132.13,2523185,127725.0,198531.0,3163.0,3163.0,3108.0,3134.3,32001000,3447.7,2820.9,3839.9,2896.0,3146.5,48,4,3146.1,4,2,3146.0,1,1,3145.8,80,2,3145.7,132,3,3146.9,14,1,3147.0,280,3,3147.5,105,4,3147.6,44,2,3147.7,423,7
2031,2026-06-16 13:34:00+05:30,3146.5,16,3132.13,2523185,127725.0,198531.0,3163.0,3163.0,3108.0,3134.3,32001000,3447.7,2820.9,3839.9,2896.0,3146.5,48,4,3146.1,4,2,3146.0,1,1,3145.8,80,2,3145.7,132,3,3146.9,14,1,3147.0,280,3,3147.5,105,4,3147.6,44,2,3147.7,423,7
2031,2026-06-16 13:34:00+05:30,3146.9,1,3132.13,2523206,127829.0,198121.0,3163.0,3163.0,3108.0,3134.3,32001000,3447.7,2820.9,3839.9,2896.0,3146.7,2,2,3146.5,58,7,3146.4,15,1,3146.1,30,4,3146.0,73,5,3146.9,13,1,3147.0,280,3,3147.5,8,1,3147.7,277,4,3147.8,257,6
2031,2026-06-16 13:34:01+05:30,3146.9,1,3132.13,2523206,127829.0,198121.0,3163.0,3163.0,3108.0,3134.3,32001000,3447.7,2820.9,3839.9,2896.0,3146.7,2,2,3146.5,58,7,3146.4,15,1,3146.1,30,4,3146.0,73,5,3146.9,13,1,3147.0,280,3,3147.5,8,1,3147.7,277,4,3147.8,257,6
2031,2026-06-16 13:34:01+05:30,3146.5,14,3132.13,2523411,127851.0,198249.0,3163.0,3163.0,3108.0,3134.3,32001000,3447.7,2820.9,3839.9,2896.0,3146.5,10,4,3146.1,19,3,3146.0,2,2,3145.9,51,3,3145.8,113,4,3146.9,195,1,3147.0,80,2,3147.5,54,2,3147.6,2,1,3147.7,271,3
2031,2026-06-16 13:34:02+05:30,3146.5,14,3132.13,2523411,127851.0,198249.0,3163.0,3163.0,3108.0,3134.3,32001000,3447.7,2820.9,3839.9,2896.0,3146.5,10,4,3146.1,19,3,3146.0,2,2,3145.9,51,3,3145.8,113,4,3146.9,195,1,3147.0,80,2,3147.5,54,2,3147.6,2,1,3147.7,271,3
2031,2026-06-16 13:34:02+05:30,3146.9,1,3132.13,2523412,127732.0,198306.0,3163.0,3163.0,3108.0,3134.3,32001000,3447.7,2820.9,3839.9,2896.0,3146.5,28,5,3146.1,19,3,3146.0,2,2,3145.9,21,1,3145.8,50,3,3146.9,204,2,3147.0,80,2,3147.4,6,2,3147.5,54,2,3147.7,296,4
2031,2026-06-16 13:34:03+05:30,3146.5,5,3132.13,2523412,127732.0,198306.0,3163.0,3163.0,3108.0,3134.3,32001000,3447.7,2820.9,3839.9,2896.0,3146.5,28,5,3146.1,19,3,3146.0,2,2,3145.9,21,1,3145.8,50,3,3146.9,204,2,3147.0,80,2,3147.4,6,2,3147.5,54,2,3147.7,296,4
2031,2026-06-16 13:34:03+05:30,3146.5,138,3132.13,2523617,126580.0,198896.0,3163.0,3163.0,3108.0,3134.3,32001000,3447.7,2820.9,3839.9,2896.0,3146.1,1,1,3146.0,1,1,3145.6,10,1,3145.5,54,3,3145.4,92,5,3146.5,41,1,3146.9,34,2,3147.0,80,2,3147.1,29,2,3147.2,194,1
2031,2026-06-16 13:34:04+05:30,3146.5,41,3132.13,2523617,126580.0,198896.0,3163.0,3163.0,3108.0,3134.3,32001000,3447.7,2820.9,3839.9,2896.0,3146.1,1,1,3146.0,1,1,3145.6,10,1,3145.5,54,3,3145.4,92,5,3146.5,41,1,3146.9,34,2,3147.0,80,2,3147.1,29,2,3147.2,194,1
2031,2026-06-16 13:34:04+05:30,3146.5,1,3132.13,2523659,127241.0,196644.0,3163.0,3163.0,3108.0,3134.3,32001000,3447.7,2820.9,3839.9,2896.0,3146.5,2,1,3146.1,1,1,3146.0,1,1,3145.7,38,2,3145.6,10,1,3146.9,14,1,3147.0,80,2,3147.1,42,2,3147.3,232,3,3147.4,86,3
2031,2026-06-16 13:34:05+05:30,3146.5,1,3132.13,2523659,127241.0,196644.0,3163.0,3163.0,3108.0,3134.3,32001000,3447.7,2820.9,3839.9,2896.0,3146.5,2,1,3146.1,1,1,3146.0,1,1,3145.7,38,2,3145.6,10,1,3146.9,14,1,3147.0,80,2,3147.1,42,2,3147.3,232,3,3147.4,86,3
2031,2026-06-16 13:34:05+05:30,3146.5,1,3132.13,2523697,127733.0,198248.0,3163.0,3163.0,3108.0,3134.3,32001000,3447.7,2820.9,3839.9,2896.0,3146.5,1,1,3146.1,1,1,3146.0,43,3,3145.9,20,2,3145.8,107,3,3147.0,57,1,3147.2,194,1,3147.5,45,1,3147.6,48,2,3147.7,94,3
2031,2026-06-16 13:34:06+05:30,3147.0,1,3132.13,2523697,127733.0,198248.0,3163.0,3163.0,3108.0,3134.3,32001000,3447.7,2820.9,3839.9,2896.0,3146.5,1,1,3146.1,1,1,3146.0,43,3,3145.9,20,2,3145.8,107,3,3147.0,57,1,3147.2,194,1,3147.5,45,1,3147.6,48,2,3147.7,94,3
2031,2026-06-16 13:34:06+05:30,3146.5,5,3132.13,2523704,126873.0,198285.0,3163.0,3163.0,3108.0,3134.3,32001000,3447.7,2820.9,3839.9,2896.0,3146.1,1,1,3146.0,1,1,3145.9,40,3,3145.8,21,2,3145.7,77,2,3146.5,14,1,3147.0,81,2,3147.3,230,2,3147.4,33,1,3147.5,70,2
2031,2026-06-16 13:34:07+05:30,3146.5,5,3132.13,2523704,126873.0,198285.0,3163.0,3163.0,3108.0,3134.3,32001000,3447.7,2820.9,3839.9,2896.0,3146.1,1,1,3146.0,1,1,3145.9,40,3,3145.8,21,2,3145.7,77,2,3146.5,14,1,3147.0,81,2,3147.3,230,2,3147.4,33,1,3147.5,70,2
2031,2026-06-16 13:34:07+05:30,3146.5,5,3132.13,2523704,126873.0,198490.0,3163.0,3163.0,3108.0,3134.3,32001000,3447.7,2820.9,3839.9,2896.0,3146.1,1,1,3146.0,16,2,3145.9,23,2,3145.8,6,1,3145.7,77,2,3146.5,23,2,3147.0,56,1,3147.1,194,1,3147.3,36,1,3147.4,48,2
2031,2026-06-16 13:34:08+05:30,3146.1,1,3132.13,2523704,126873.0,198490.0,3163.0,3163.0,3108.0,3134.3,32001000,3447.7,2820.9,3839.9,2896.0,3146.1,1,1,3146.0,16,2,3145.9,23,2,3145.8,6,1,3145.7,77,2,3146.5,23,2,3147.0,56,1,3147.1,194,1,3147.3,36,1,3147.4,48,2
2031,2026-06-16 13:34:08+05:30,3146.1,1,3132.13,2523705,126930.0,198699.0,3163.0,3163.0,3108.0,3134.3,32001000,3447.7,2820.9,3839.9,2896.0,3146.1,1,1,3146.0,1,1,3145.9,3,1,3145.7,17,1,3145.6,115,3,3146.5,42,4,3146.9,209,2,3147.0,56,1,3147.3,93,3,3147.4,43,3
2031,2026-06-16 13:34:09+05:30,3146.1,1,3132.13,2523705,126945.0,198733.0,3163.0,3163.0,3108.0,3134.3,32001000,3447.7,2820.9,3839.9,2896.0,3146.1,1,1,3146.0,1,1,3145.9,3,1,3145.6,115,3,3145.5,44,3,3146.5,56,5,3146.9,209,2,3147.0,56,1,3147.3,82,2,3147.4,63,4
2031,2026-06-16 13:34:10+05:30,3146.5,5,3132.13,2523710,126958.0,198759.0,3163.0,3163.0,3108.0,3134.3,32001000,3447.7,2820.9,3839.9,2896.0,3146.1,16,2,3146.0,1,1,3145.9,3,1,3145.6,115,3,3145.5,60,4,3146.5,51,5,3146.9,194,1,3147.0,56,1,3147.2,12,2,3147.3,120,3
2031,2026-06-16 13:34:11+05:30,3146.1,69,3132.13,2523710,126958.0,198759.0,3163.0,3163.0,3108.0,3134.3,32001000,3447.7,2820.9,3839.9,2896.0,3146.1,16,2,3146.0,1,1,3145.9,3,1,3145.6,115,3,3145.5,60,4,3146.5,51,5,3146.9,194,1,3147.0,56,1,3147.2,12,2,3147.3,120,3
2031,2026-06-16 13:34:11+05:30,3145.4,17,3132.14,2524022,124972.0,199851.0,3163.0,3163.0,3108.0,3134.3,32001000,3447.7,2820.9,3839.9,2896.0,3145.2,17,1,3145.1,15,2,3145.0,502,5,3144.8,59,2,3144.7,32,2,3145.3,183,1,3145.5,187,1,3145.7,200,1,3146.4,14,1,3146.5,73,5
2031,2026-06-16 13:34:12+05:30,3145.3,1,3132.14,2524022,124972.0,199851.0,3163.0,3163.0,3108.0,3134.3,32001000,3447.7,2820.9,3839.9,2896.0,3145.2,17,1,3145.1,15,2,3145.0,502,5,3144.8,59,2,3144.7,32,2,3145.3,183,1,3145.5,187,1,3145.7,200,1,3146.4,14,1,3146.5,73,5
2031,2026-06-16 13:34:12+05:30,3145.3,1,3132.14,2524023,125132.0,201181.0,3163.0,3163.0,3108.0,3134.3,32001000,3447.7,2820.9,3839.9,2896.0,3145.2,40,2,3145.1,15,2,3145.0,581,6,3144.8,59,2,3144.7,11,1,3145.3,236,3,3145.5,187,1,3145.7,200,1,3146.3,197,2,3146.5,53,3
2031,2026-06-16 13:34:13+05:30,3145.3,1,3132.14,2524023,125112.0,201242.0,3163.0,3163.0,3108.0,3134.3,32001000,3447.7,2820.9,3839.9,2896.0,3145.2,40,2,3145.1,1,1,3145.0,581,6,3144.8,59,2,3144.7,11,1,3145.3,236,3,3145.5,187,1,3145.7,200,1,3146.0,194,1,3146.3,3,1
2031,2026-06-16 13:34:14+05:30,3145.3,2,3132.14,2524042,125178.0,201163.0,3163.0,3163.0,3108.0,3134.3,32001000,3447.7,2820.9,3839.9,2896.0,3145.2,90,3,3145.1,1,1,3145.0,597,7,3144.8,75,3,3144.7,11,1,3145.3,217,3,3145.5,187,1,3145.7,200,1,3145.9,194,1,3146.3,3,1
2031,2026-06-16 13:34:15+05:30,3145.0,70,3132.14,2524042,125178.0,201163.0,3163.0,3163.0,3108.0,3134.3,32001000,3447.7,2820.9,3839.9,2896.0,3145.2,90,3,3145.1,1,1,3145.0,597,7,3144.8,75,3,3144.7,11,1,3145.3,217,3,3145.5,187,1,3145.7,200,1,3145.9,194,1,3146.3,3,1
2031,2026-06-16 13:34:15+05:30,3145.3,2,3132.14,2524317,124715.0,201429.0,3163.0,3163.0,3108.0,3134.3,32001000,3447.7,2820.9,3839.9,2896.0,3145.0,417,7,3144.8,27,2,3144.6,3,1,3144.5,20,1,3144.4,53,3,3145.3,212,3,3145.5,187,1,3145.7,200,1,3145.9,194,1,3146.0,15,1
2031,2026-06-16 13:34:16+05:30,3145.3,2,3132.14,2524317,124715.0,201429.0,3163.0,3163.0,3108.0,3134.3,32001000,3447.7,2820.9,3839.9,2896.0,3145.0,417,7,3144.8,27,2,3144.6,3,1,3144.5,20,1,3144.4,53,3,3145.3,212,3,3145.5,187,1,3145.7,200,1,3145.9,194,1,3146.0,15,1
2031,2026-06-16 13:34:16+05:30,3145.3,1,3132.14,2524318,124702.0,201603.0,3163.0,3163.0,3108.0,3134.3,32001000,3447.7,2820.9,3839.9,2896.0,3145.0,422,8,3144.9,15,1,3144.8,20,2,3144.6,29,3,3144.5,36,2,3145.3,211,3,3145.5,187,1,3145.7,200,1,3145.9,194,1,3146.1,46,1
2031,2026-06-16 13:34:17+05:30,3145.0,2,3132.14,2524318,124702.0,201603.0,3163.0,3163.0,3108.0,3134.3,32001000,3447.7,2820.9,3839.9,2896.0,3145.0,422,8,3144.9,15,1,3144.8,20,2,3144.6,29,3,3144.5,36,2,3145.3,211,3,3145.5,187,1,3145.7,200,1,3145.9,194,1,3146.1,46,1
2031,2026-06-16 13:34:17+05:30,3145.0,2,3132.14,2524318,124702.0,201603.0,3163.0,3163.0,3108.0,3134.3,32001000,3447.7,2820.9,3839.9,2896.0,3145.0,422,8,3144.9,15,1,3144.8,20,2,3144.6,29,3,3144.5,36,2,3145.3,211,3,3145.5,187,1,3145.7,200,1,3145.9,194,1,3146.1,46,1
2031,2026-06-16 13:34:17+05:30,3145.3,14,3132.14,2524545,125623.0,200263.0,3163.0,3163.0,3108.0,3134.3,32001000,3447.7,2820.9,3839.9,2896.0,3145.3,275,1,3145.0,448,11,3144.9,24,2,3144.8,44,5,3144.7,85,6,3145.5,187,1,3145.7,200,1,3146.0,194,1,3146.5,61,4,3146.6,35,2
2031,2026-06-16 13:34:18+05:30,3145.5,17,3132.14,2524545,125623.0,200263.0,3163.0,3163.0,3108.0,3134.3,32001000,3447.7,2820.9,3839.9,2896.0,3145.3,275,1,3145.0,448,11,3144.9,24,2,3144.8,44,5,3144.7,85,6,3145.5,187,1,3145.7,200,1,3146.0,194,1,3146.5,61,4,3146.6,35,2
2031,2026-06-16 13:34:18+05:30,3145.5,1,3132.14,2524563,125802.0,200860.0,3163.0,3163.0,3108.0,3134.3,32001000,3447.7,2820.9,3839.9,2896.0,3145.3,331,5,3145.2,4,1,3145.1,3,1,3145.0,474,10,3144.9,40,3,3145.5,169,1,3145.7,200,1,3146.0,194,1,3146.5,61,4,3146.6,35,2
2031,2026-06-16 13:34:19+05:30,3145.5,1,3132.14,2524563,125802.0,200860.0,3163.0,3163.0,3108.0,3134.3,32001000,3447.7,2820.9,3839.9,2896.0,3145.3,331,5,3145.2,4,1,3145.1,3,1,3145.0,474,10,3144.9,40,3,3145.5,169,1,3145.7,200,1,3146.0,194,1,3146.5,61,4,3146.6,35,2
2031,2026-06-16 13:34:19+05:30,3145.5,1,3132.14,2524563,125802.0,200860.0,3163.0,3163.0,3108.0,3134.3,32001000,3447.7,2820.9,3839.9,2896.0,3145.3,331,5,3145.2,4,1,3145.1,3,1,3145.0,474,10,3144.9,40,3,3145.5,169,1,3145.7,200,1,3146.0,194,1,3146.5,61,4,3146.6,35,2
2031,2026-06-16 13:34:19+05:30,3145.5,1,3132.14,2524563,125812.0,200882.0,3163.0,3163.0,3108.0,3134.3,32001000,3447.7,2820.9,3839.9,2896.0,3145.3,346,6,3145.0,474,10,3144.9,40,3,3144.8,31,4,3144.7,80,5,3145.5,194,2,3145.7,200,1,3146.0,194,1,3146.5,61,4,3146.6,35,2
2031,2026-06-16 13:34:20+05:30,3145.5,1,3132.14,2524563,125811.0,200882.0,3163.0,3163.0,3108.0,3134.3,32001000,3447.7,2820.9,3839.9,2896.0,3145.3,346,6,3145.2,4,1,3145.0,488,11,3144.9,40,3,3144.8,31,4,3145.5,194,2,3145.7,200,1,3146.0,194,1,3146.5,61,4,3146.6,35,2
2031,2026-06-16 13:34:21+05:30,3145.5,1,3132.14,2524563,125811.0,200882.0,3163.0,3163.0,3108.0,3134.3,32001000,3447.7,2820.9,3839.9,2896.0,3145.3,346,6,3145.2,4,1,3145.0,488,11,3144.9,40,3,3144.8,31,4,3145.5,194,2,3145.7,200,1,3146.0,194,1,3146.5,61,4,3146.6,35,2
2031,2026-06-16 13:34:21+05:30,3145.5,1,3132.14,2524563,125847.0,200937.0,3163.0,3163.0,3108.0,3134.3,32001000,3447.7,2820.9,3839.9,2896.0,3145.3,346,6,3145.2,4,1,3145.0,504,12,3144.9,24,2,3144.8,47,5,3145.5,241,4,3145.7,200,1,3146.0,194,1,3146.5,27,3,3146.6,50,3
2031,2026-06-16 13:34:22+05:30,3145.3,7,3132.14,2524563,125847.0,200937.0,3163.0,3163.0,3108.0,3134.3,32001000,3447.7,2820.9,3839.9,2896.0,3145.3,346,6,3145.2,4,1,3145.0,504,12,3144.9,24,2,3144.8,47,5,3145.5,241,4,3145.7,200,1,3146.0,194,1,3146.5,27,3,3146.6,50,3
2031,2026-06-16 13:34:22+05:30,3145.5,13,3132.14,2525146,125291.0,200801.0,3163.0,3163.0,3108.0,3134.3,32001000,3447.7,2820.9,3839.9,2896.0,3145.3,59,3,3145.2,14,1,3145.0,428,8,3144.8,77,4,3144.7,37,4,3145.5,59,3,3145.7,200,1,3146.0,194,1,3146.5,73,4,3146.6,38,3
2031,2026-06-16 13:34:23+05:30,3145.5,13,3132.14,2525146,125291.0,200801.0,3163.0,3163.0,3108.0,3134.3,32001000,3447.7,2820.9,3839.9,2896.0,3145.3,59,3,3145.2,14,1,3145.0,428,8,3144.8,77,4,3144.7,37,4,3145.5,59,3,3145.7,200,1,3146.0,194,1,3146.5,73,4,3146.6,38,3
2031,2026-06-16 13:34:23+05:30,3145.5,13,3132.14,2525146,125291.0,200801.0,3163.0,3163.0,3108.0,3134.3,32001000,3447.7,2820.9,3839.9,2896.0,3145.3,59,3,3145.2,14,1,3145.0,428,8,3144.8,77,4,3144.7,37,4,3145.5,59,3,3145.7,200,1,3146.0,194,1,3146.5,73,4,3146.6,38,3
2031,2026-06-16 13:34:23+05:30,3145.5,13,3132.14,2525146,125271.0,200815.0,3163.0,3163.0,3108.0,3134.3,32001000,3447.7,2820.9,3839.9,2896.0,3145.3,51,2,3145.2,14,1,3145.1,31,2,3145.0,406,7,3144.8,77,4,3145.5,59,3,3145.7,200,1,3146.0,194,1,3146.5,73,4,3146.6,49,4
2031,2026-06-16 13:34:24+05:30,3145.1,61,3132.14,2525351,125212.0,200896.0,3163.0,3163.0,3108.0,3134.3,32001000,3447.7,2820.9,3839.9,2896.0,3145.1,15,1,3145.0,444,10,3144.8,32,2,3144.7,78,4,3144.6,62,8,3145.5,55,3,3145.7,200,1,3146.0,194,1,3146.5,73,4,3146.6,49,4
2031,2026-06-16 13:34:25+05:30,3145.5,3,3132.14,2525351,125212.0,200896.0,3163.0,3163.0,3108.0,3134.3,32001000,3447.7,2820.9,3839.9,2896.0,3145.1,15,1,3145.0,444,10,3144.8,32,2,3144.7,78,4,3144.6,62,8,3145.5,55,3,3145.7,200,1,3146.0,194,1,3146.5,73,4,3146.6,49,4
2031,2026-06-16 13:34:25+05:30,3145.5,3,3132.14,2525351,125212.0,200896.0,3163.0,3163.0,3108.0,3134.3,32001000,3447.7,2820.9,3839.9,2896.0,3145.1,15,1,3145.0,444,10,3144.8,32,2,3144.7,78,4,3144.6,62,8,3145.5,55,3,3145.7,200,1,3146.0,194,1,3146.5,73,4,3146.6,49,4
2031,2026-06-16 13:34:25+05:30,3145.1,2,3132.14,2525397,125319.0,200594.0,3163.0,3163.0,3108.0,3134.3,32001000,3447.7,2820.9,3839.9,2896.0,3145.1,13,1,3145.0,429,8,3144.9,15,1,3144.8,16,1,3144.7,29,2,3145.5,12,2,3145.7,200,1,3146.0,194,1,3146.4,3,1,3146.5,73,4
2031,2026-06-16 13:34:26+05:30,3145.1,1,3132.14,2525397,125319.0,200594.0,3163.0,3163.0,3108.0,3134.3,32001000,3447.7,2820.9,3839.9,2896.0,3145.1,13,1,3145.0,429,8,3144.9,15,1,3144.8,16,1,3144.7,29,2,3145.5,12,2,3145.7,200,1,3146.0,194,1,3146.4,3,1,3146.5,73,4
2031,2026-06-16 13:34:26+05:30,3145.1,1,3132.14,2525397,125319.0,200594.0,3163.0,3163.0,3108.0,3134.3,32001000,3447.7,2820.9,3839.9,2896.0,3145.1,13,1,3145.0,429,8,3144.9,15,1,3144.8,16,1,3144.7,29,2,3145.5,12,2,3145.7,200,1,3146.0,194,1,3146.4,3,1,3146.5,73,4
2031,2026-06-16 13:34:27+05:30,3145.7,5,3132.14,2525415,125175.0,200944.0,3163.0,3163.0,3108.0,3134.3,32001000,3447.7,2820.9,3839.9,2896.0,3145.1,33,3,3145.0,415,7,3144.9,48,2,3144.8,16,1,3144.7,63,3,3145.7,195,1,3146.0,194,1,3146.4,3,1,3146.5,73,4,3146.6,34,3
2031,2026-06-16 13:34:27+05:30,3145.7,5,3132.14,2525415,125175.0,200944.0,3163.0,3163.0,3108.0,3134.3,32001000,3447.7,2820.9,3839.9,2896.0,3145.1,33,3,3145.0,415,7,3144.9,48,2,3144.8,16,1,3144.7,63,3,3145.7,195,1,3146.0,194,1,3146.4,3,1,3146.5,73,4,3146.6,34,3
2031,2026-06-16 13:34:28+05:30,3145.7,1,3132.14,2525416,125190.0,200938.0,3163.0,3163.0,3108.0,3134.3,32001000,3447.7,2820.9,3839.9,2896.0,3145.1,33,3,3145.0,415,7,3144.9,48,2,3144.8,16,1,3144.7,63,3,3145.7,194,1,3146.0,194,1,3146.4,3,1,3146.5,73,4,3146.6,34,3
2031,2026-06-16 13:34:28+05:30,3145.7,21,3132.14,2525416,125190.0,200938.0,3163.0,3163.0,3108.0,3134.3,32001000,3447.7,2820.9,3839.9,2896.0,3145.1,33,3,3145.0,415,7,3144.9,48,2,3144.8,16,1,3144.7,63,3,3145.7,194,1,3146.0,194,1,3146.4,3,1,3146.5,73,4,3146.6,34,3
2031,2026-06-16 13:34:28+05:30,3145.7,21,3132.14,2525416,125190.0,200938.0,3163.0,3163.0,3108.0,3134.3,32001000,3447.7,2820.9,3839.9,2896.0,3145.1,33,3,3145.0,415,7,3144.9,48,2,3144.8,16,1,3144.7,63,3,3145.7,194,1,3146.0,194,1,3146.4,3,1,3146.5,73,4,3146.6,34,3
2031,2026-06-16 13:34:29+05:30,3145.7,21,3132.14,2525437,125175.0,200994.0,3163.0,3163.0,3108.0,3134.3,32001000,3447.7,2820.9,3839.9,2896.0,3145.3,18,1,3145.2,24,2,3145.1,12,1,3145.0,431,8,3144.9,48,2,3145.7,173,1,3146.0,194,1,3146.4,4,1,3146.5,122,5,3146.6,11,1
2031,2026-06-16 13:34:29+05:30,3145.7,21,3132.14,2525437,125175.0,200994.0,3163.0,3163.0,3108.0,3134.3,32001000,3447.7,2820.9,3839.9,2896.0,3145.3,18,1,3145.2,24,2,3145.1,12,1,3145.0,431,8,3144.9,48,2,3145.7,173,1,3146.0,194,1,3146.4,4,1,3146.5,122,5,3146.6,11,1
2031,2026-06-16 13:34:30+05:30,3145.1,53,3132.14,2525687,125006.0,201000.0,3163.0,3163.0,3108.0,3134.3,32001000,3447.7,2820.9,3839.9,2896.0,3145.1,15,1,3145.0,431,8,3144.9,16,1,3144.8,16,1,3144.7,29,2,3145.7,173,1,3146.0,194,1,3146.4,4,1,3146.5,122,5,3146.7,262,4
2031,2026-06-16 13:34:30+05:30,3145.1,53,3132.14,2525687,125006.0,201000.0,3163.0,3163.0,3108.0,3134.3,32001000,3447.7,2820.9,3839.9,2896.0,3145.1,15,1,3145.0,431,8,3144.9,16,1,3144.8,16,1,3144.7,29,2,3145.7,173,1,3146.0,194,1,3146.4,4,1,3146.5,122,5,3146.7,262,4
2031,2026-06-16 13:34:30+05:30,3145.1,53,3132.14,2525687,125006.0,201000.0,3163.0,3163.0,3108.0,3134.3,32001000,3447.7,2820.9,3839.9,2896.0,3145.1,15,1,3145.0,431,8,3144.9,16,1,3144.8,16,1,3144.7,29,2,3145.7,173,1,3146.0,194,1,3146.4,4,1,3146.5,122,5,3146.7,262,4
2031,2026-06-16 13:34:30+05:30,3145.1,53,3132.14,2525687,125006.0,201000.0,3163.0,3163.0,3108.0,3134.3,32001000,3447.7,2820.9,3839.9,2896.0,3145.1,15,1,3145.0,431,8,3144.9,16,1,3144.8,16,1,3144.7,29,2,3145.7,173,1,3146.0,194,1,3146.4,4,1,3146.5,122,5,3146.7,262,4
2031,2026-06-16 13:34:31+05:30,3145.1,53,3132.14,2525687,125213.0,200976.0,3163.0,3163.0,3108.0,3134.3,32001000,3447.7,2820.9,3839.9,2896.0,3145.4,22,5,3145.2,31,3,3145.1,41,5,3145.0,431,9,3144.9,16,1,3145.7,174,2,3146.0,194,1,3146.5,122,5,3146.7,276,4,3146.8,201,3
2031,2026-06-16 13:34:31+05:30,3145.1,53,3132.14,2525687,125213.0,200976.0,3163.0,3163.0,3108.0,3134.3,32001000,3447.7,2820.9,3839.9,2896.0,3145.4,22,5,3145.2,31,3,3145.1,41,5,3145.0,431,9,3144.9,16,1,3145.7,174,2,3146.0,194,1,3146.5,122,5,3146.7,276,4,3146.8,201,3
2031,2026-06-16 13:34:32+05:30,3145.7,27,3132.15,2525715,125282.0,201025.0,3163.0,3163.0,3108.0,3134.3,32001000,3447.7,2820.9,3839.9,2896.0,3145.4,20,4,3145.3,10,1,3145.2,24,2,3145.1,67,9,3145.0,425,8,3145.7,217,4,3146.0,194,1,3146.5,122,5,3146.7,276,4,3146.8,201,3
2031,2026-06-16 13:34:32+05:30,3145.7,17,3132.15,2525715,125282.0,201025.0,3163.0,3163.0,3108.0,3134.3,32001000,3447.7,2820.9,3839.9,2896.0,3145.4,20,4,3145.3,10,1,3145.2,24,2,3145.1,67,9,3145.0,425,8,3145.7,217,4,3146.0,194,1,3146.5,122,5,3146.7,276,4,3146.8,201,3
2031,2026-06-16 13:34:32+05:30,3145.7,17,3132.15,2525715,125282.0,201025.0,3163.0,3163.0,3108.0,3134.3,32001000,3447.7,2820.9,3839.9,2896.0,3145.4,20,4,3145.3,10,1,3145.2,24,2,3145.1,67,9,3145.0,425,8,3145.7,217,4,3146.0,194,1,3146.5,122,5,3146.7,276,4,3146.8,201,3
2031,2026-06-16 13:34:33+05:30,3145.7,1,3132.15,2525733,125301.0,201093.0,3163.0,3163.0,3108.0,3134.3,32001000,3447.7,2820.9,3839.9,2896.0,3145.4,20,4,3145.3,10,1,3145.2,24,2,3145.1,62,8,3145.0,425,8,3145.7,199,4,3146.0,194,1,3146.5,122,5,3146.6,11,1,3146.7,276,4
2031,2026-06-16 13:34:33+05:30,3145.7,1,3132.15,2525733,125301.0,201093.0,3163.0,3163.0,3108.0,3134.3,32001000,3447.7,2820.9,3839.9,2896.0,3145.4,20,4,3145.3,10,1,3145.2,24,2,3145.1,62,8,3145.0,425,8,3145.7,199,4,3146.0,194,1,3146.5,122,5,3146.6,11,1,3146.7,276,4
2031,2026-06-16 13:34:33+05:30,3145.7,1,3132.15,2525733,125301.0,201093.0,3163.0,3163.0,3108.0,3134.3,32001000,3447.7,2820.9,3839.9,2896.0,3145.4,20,4,3145.3,10,1,3145.2,24,2,3145.1,62,8,3145.0,425,8,3145.7,199,4,3146.0,194,1,3146.5,122,5,3146.6,11,1,3146.7,276,4
2031,2026-06-16 13:34:34+05:30,3145.4,88,3132.15,2525858,125297.0,201027.0,3163.0,3163.0,3108.0,3134.3,32001000,3447.7,2820.9,3839.9,2896.0,3145.4,15,1,3145.3,10,1,3145.2,12,1,3145.1,47,7,3145.0,415,7,3145.7,215,5,3146.0,194,1,3146.5,122,5,3146.6,4,1,3146.7,260,3
2031,2026-06-16 13:34:34+05:30,3145.4,88,3132.15,2525858,125297.0,201027.0,3163.0,3163.0,3108.0,3134.3,32001000,3447.7,2820.9,3839.9,2896.0,3145.4,15,1,3145.3,10,1,3145.2,12,1,3145.1,47,7,3145.0,415,7,3145.7,215,5,3146.0,194,1,3146.5,122,5,3146.6,4,1,3146.7,260,3
2031,2026-06-16 13:34:34+05:30,3145.4,88,3132.15,2525858,125297.0,201027.0,3163.0,3163.0,3108.0,3134.3,32001000,3447.7,2820.9,3839.9,2896.0,3145.4,15,1,3145.3,10,1,3145.2,12,1,3145.1,47,7,3145.0,415,7,3145.7,215,5,3146.0,194,1,3146.5,122,5,3146.6,4,1,3146.7,260,3
2031,2026-06-16 13:34:35+05:30,3145.4,88,3132.15,2525858,125297.0,201027.0,3163.0,3163.0,3108.0,3134.3,32001000,3447.7,2820.9,3839.9,2896.0,3145.4,15,1,3145.3,10,1,3145.2,12,1,3145.1,47,7,3145.0,415,7,3145.7,215,5,3146.0,194,1,3146.5,122,5,3146.6,4,1,3146.7,260,3
2031,2026-06-16 13:34:35+05:30,3145.5,2,3132.15,2525860,125701.0,200140.0,3163.0,3163.0,3108.0,3134.3,32001000,3447.7,2820.9,3839.9,2896.0,3145.5,265,2,3145.4,60,5,3145.3,10,1,3145.2,32,2,3145.1,47,7,3145.7,215,5,3146.0,194,1,3146.5,27,3,3146.7,260,3,3146.8,201,3
2031,2026-06-16 13:34:35+05:30,3145.5,1,3132.15,2525860,125701.0,200140.0,3163.0,3163.0,3108.0,3134.3,32001000,3447.7,2820.9,3839.9,2896.0,3145.5,265,2,3145.4,60,5,3145.3,10,1,3145.2,32,2,3145.1,47,7,3145.7,215,5,3146.0,194,1,3146.5,27,3,3146.7,260,3,3146.8,201,3
2031,2026-06-16 13:34:35+05:30,3145.5,1,3132.15,2525860,125701.0,200140.0,3163.0,3163.0,3108.0,3134.3,32001000,3447.7,2820.9,3839.9,2896.0,3145.5,265,2,3145.4,60,5,3145.3,10,1,3145.2,32,2,3145.1,47,7,3145.7,215,5,3146.0,194,1,3146.5,27,3,3146.7,260,3,3146.8,201,3
2031,2026-06-16 13:34:36+05:30,3145.5,20,3132.15,2525881,125695.0,200160.0,3163.0,3163.0,3108.0,3134.3,32001000,3447.7,2820.9,3839.9,2896.0,3145.5,290,4,3145.4,46,4,3145.3,10,1,3145.2,16,1,3145.1,47,7,3145.7,224,6,3146.0,194,1,3146.5,27,3,3146.7,260,3,3146.8,218,4
2031,2026-06-16 13:34:36+05:30,3145.5,20,3132.15,2525881,125695.0,200160.0,3163.0,3163.0,3108.0,3134.3,32001000,3447.7,2820.9,3839.9,2896.0,3145.5,290,4,3145.4,46,4,3145.3,10,1,3145.2,16,1,3145.1,47,7,3145.7,224,6,3146.0,194,1,3146.5,27,3,3146.7,260,3,3146.8,218,4
2031,2026-06-16 13:34:37+05:30,3145.5,20,3132.15,2525881,125847.0,199820.0,3163.0,3163.0,3108.0,3134.3,32001000,3447.7,2820.9,3839.9,2896.0,3145.5,295,5,3145.4,32,3,3145.3,26,2,3145.2,32,2,3145.1,47,7,3145.7,224,6,3146.0,194,1,3146.5,27,3,3146.7,260,3,3146.8,218,4
2031,2026-06-16 13:34:37+05:30,3145.5,20,3132.15,2525881,125847.0,199820.0,3163.0,3163.0,3108.0,3134.3,32001000,3447.7,2820.9,3839.9,2896.0,3145.5,295,5,3145.4,32,3,3145.3,26,2,3145.2,32,2,3145.1,47,7,3145.7,224,6,3146.0,194,1,3146.5,27,3,3146.7,260,3,3146.8,218,4
2031,2026-06-16 13:34:38+05:30,3145.7,1,3132.15,2525883,125803.0,200004.0,3163.0,3163.0,3108.0,3134.3,32001000,3447.7,2820.9,3839.9,2896.0,3145.5,295,5,3145.4,32,3,3145.3,26,2,3145.2,32,2,3145.1,47,7,3145.7,222,6,3146.0,194,1,3146.5,27,3,3146.7,260,3,3146.8,218,4
2031,2026-06-16 13:34:38+05:30,3145.6,1,3132.15,2525883,125803.0,200004.0,3163.0,3163.0,3108.0,3134.3,32001000,3447.7,2820.9,3839.9,2896.0,3145.5,295,5,3145.4,32,3,3145.3,26,2,3145.2,32,2,3145.1,47,7,3145.7,222,6,3146.0,194,1,3146.5,27,3,3146.7,260,3,3146.8,218,4
2031,2026-06-16 13:34:39+05:30,3145.6,1,3132.15,2525884,126040.0,200006.0,3163.0,3163.0,3108.0,3134.3,32001000,3447.7,2820.9,3839.9,2896.0,3145.6,3,1,3145.5,345,6,3145.4,32,3,3145.3,26,2,3145.2,39,3,3145.7,221,5,3146.0,194,1,3146.5,27,3,3146.7,260,3,3146.8,218,4
2031,2026-06-16 13:34:40+05:30,3145.7,1,3132.15,2526034,126046.0,199851.0,3163.0,3163.0,3108.0,3134.3,32001000,3447.7,2820.9,3839.9,2896.0,3145.6,3,1,3145.5,359,7,3145.4,31,2,3145.3,16,2,3145.2,75,4,3145.7,71,3,3146.0,194,1,3146.5,27,3,3146.7,214,2,3146.8,218,4
2031,2026-06-16 13:34:40+05:30,3145.7,8,3132.15,2526034,126046.0,199851.0,3163.0,3163.0,3108.0,3134.3,32001000,3447.7,2820.9,3839.9,2896.0,3145.6,3,1,3145.5,359,7,3145.4,31,2,3145.3,16,2,3145.2,75,4,3145.7,71,3,3146.0,194,1,3146.5,27,3,3146.7,214,2,3146.8,218,4
2031,2026-06-16 13:34:41+05:30,3145.7,17,3132.15,2526059,125967.0,199578.0,3163.0,3163.0,3108.0,3134.3,32001000,3447.7,2820.9,3839.9,2896.0,3145.6,3,1,3145.5,359,7,3145.4,31,2,3145.3,16,2,3145.2,75,4,3145.7,25,2,3146.0,194,1,3146.5,27,3,3146.6,4,1,3146.7,214,2
2031,2026-06-16 13:34:41+05:30,3145.7,17,3132.15,2526059,125967.0,199578.0,3163.0,3163.0,3108.0,3134.3,32001000,3447.7,2820.9,3839.9,2896.0,3145.6,3,1,3145.5,359,7,3145.4,31,2,3145.3,16,2,3145.2,75,4,3145.7,25,2,3146.0,194,1,3146.5,27,3,3146.6,4,1,3146.7,214,2
2031,2026-06-16 13:34:42+05:30,3145.7,11,3132.15,2526070,125884.0,199594.0,3163.0,3163.0,3108.0,3134.3,32001000,3447.7,2820.9,3839.9,2896.0,3145.6,3,1,3145.5,344,6,3145.3,16,2,3145.2,39,3,3145.1,34,3,3145.7,14,2,3146.0,194,1,3146.5,27,3,3146.6,15,2,3146.7,214,2
2031,2026-06-16 13:34:42+05:30,3144.8,53,3132.15,2526070,125884.0,199594.0,3163.0,3163.0,3108.0,3134.3,32001000,3447.7,2820.9,3839.9,2896.0,3145.6,3,1,3145.5,344,6,3145.3,16,2,3145.2,39,3,3145.1,34,3,3145.7,14,2,3146.0,194,1,3146.5,27,3,3146.6,15,2,3146.7,214,2
2031,2026-06-16 13:34:43+05:30,3145.7,8,3132.15,2527583,125314.0,200316.0,3163.0,3163.0,3108.0,3134.3,32001000,3447.7,2820.9,3839.9,2896.0,3145.6,2,1,3145.1,33,2,3145.0,16,1,3144.9,18,2,3144.8,58,4,3145.7,1,1,3146.0,194,1,3146.3,2,1,3146.4,4,1,3146.5,73,4
2031,2026-06-16 13:34:43+05:30,3145.7,1,3132.15,2527583,125314.0,200316.0,3163.0,3163.0,3108.0,3134.3,32001000,3447.7,2820.9,3839.9,2896.0,3145.6,2,1,3145.1,33,2,3145.0,16,1,3144.9,18,2,3144.8,58,4,3145.7,1,1,3146.0,194,1,3146.3,2,1,3146.4,4,1,3146.5,73,4
2031,2026-06-16 13:34:44+05:30,3145.7,1,3132.15,2527584,124983.0,200450.0,3163.0,3163.0,3108.0,3134.3,32001000,3447.7,2820.9,3839.9,2896.0,3145.6,2,1,3144.9,3,1,3144.8,25,2,3144.7,35,2,3144.6,118,6,3145.7,9,1,3146.0,194,1,3146.3,2,1,3146.4,4,1,3146.5,73,4
2031,2026-06-16 13:34:44+05:30,3145.6,2,3132.15,2527584,124983.0,200450.0,3163.0,3163.0,3108.0,3134.3,32001000,3447.7,2820.9,3839.9,2896.0,3145.6,2,1,3144.9,3,1,3144.8,25,2,3144.7,35,2,3144.6,118,6,3145.7,9,1,3146.0,194,1,3146.3,2,1,3146.4,4,1,3146.5,73,4
2031,2026-06-16 13:34:45+05:30,3145.7,1,3132.15,2527584,124983.0,200450.0,3163.0,3163.0,3108.0,3134.3,32001000,3447.7,2820.9,3839.9,2896.0,3145.6,2,1,3144.9,3,1,3144.8,25,2,3144.7,35,2,3144.6,118,6,3145.7,9,1,3146.0,194,1,3146.3,2,1,3146.4,4,1,3146.5,73,4
2031,2026-06-16 13:34:45+05:30,3145.7,1,3132.15,2527588,125273.0,200382.0,3163.0,3163.0,3108.0,3134.3,32001000,3447.7,2820.9,3839.9,2896.0,3145.6,38,2,3144.9,24,2,3144.8,25,2,3144.7,52,3,3144.6,103,5,3145.7,13,2,3146.0,198,2,3146.3,48,2,3146.4,34,1,3146.5,84,5
2031,2026-06-16 13:34:46+05:30,3145.6,10,3132.15,2527588,125273.0,200382.0,3163.0,3163.0,3108.0,3134.3,32001000,3447.7,2820.9,3839.9,2896.0,3145.6,38,2,3144.9,24,2,3144.8,25,2,3144.7,52,3,3144.6,103,5,3145.7,13,2,3146.0,198,2,3146.3,48,2,3146.4,34,1,3146.5,84,5
2031,2026-06-16 13:34:46+05:30,3145.6,10,3132.16,2527634,125880.0,199516.0,3163.0,3163.0,3108.0,3134.3,32001000,3447.7,2820.9,3839.9,2896.0,3145.6,26,2,3145.5,17,1,3145.3,3,1,3145.1,20,1,3145.0,193,3,3146.3,194,1,3146.4,2,1,3146.5,27,3,3146.6,16,1,3146.7,299,4
2031,2026-06-16 13:34:47+05:30,3145.6,10,3132.16,2527634,126033.0,199556.0,3163.0,3163.0,3108.0,3134.3,32001000,3447.7,2820.9,3839.9,2896.0,3145.7,2,1,3145.6,26,2,3145.5,17,1,3145.3,3,1,3145.1,20,1,3146.2,194,1,3146.3,10,1,3146.4,2,1,3146.5,27,3,3146.6,27,2
2031,2026-06-16 13:34:48+05:30,3145.6,10,3132.16,2527634,126035.0,199501.0,3163.0,3163.0,3108.0,3134.3,32001000,3447.7,2820.9,3839.9,2896.0,3145.7,44,2,3145.6,43,3,3145.5,17,1,3145.2,17,1,3145.1,21,2,3145.8,1,1,3146.0,194,1,3146.2,35,1,3146.3,10,1,3146.5,27,3
2031,2026-06-16 13:34:49+05:30,3145.6,4,3132.16,2527634,126035.0,199501.0,3163.0,3163.0,3108.0,3134.3,32001000,3447.7,2820.9,3839.9,2896.0,3145.7,44,2,3145.6,43,3,3145.5,17,1,3145.2,17,1,3145.1,21,2,3145.8,1,1,3146.0,194,1,3146.2,35,1,3146.3,10,1,3146.5,27,3
2031,2026-06-16 13:34:49+05:30,3145.6,4,3132.16,2527835,125865.0,200623.0,3163.0,3163.0,3108.0,3134.3,32001000,3447.7,2820.9,3839.9,2896.0,3145.6,14,2,3145.5,17,1,3145.0,136,2,3144.9,27,2,3144.8,17,2,3145.7,200,1,3146.0,194,1,3146.1,2,1,3146.2,35,1,3146.3,10,1
2031,2026-06-16 13:34:50+05:30,3145.6,4,3132.16,2527835,125948.0,200679.0,3163.0,3163.0,3108.0,3134.3,32001000,3447.7,2820.9,3839.9,2896.0,3145.6,14,2,3145.5,27,2,3145.0,186,3,3144.9,73,3,3144.8,34,3,3145.7,210,2,3146.0,194,1,3146.2,35,1,3146.4,2,1,3146.5,75,5
2031,2026-06-16 13:34:51+05:30,3145.7,1,3132.16,2527835,125948.0,200679.0,3163.0,3163.0,3108.0,3134.3,32001000,3447.7,2820.9,3839.9,2896.0,3145.6,14,2,3145.5,27,2,3145.0,186,3,3144.9,73,3,3144.8,34,3,3145.7,210,2,3146.0,194,1,3146.2,35,1,3146.4,2,1,3146.5,75,5
2031,2026-06-16 13:34:51+05:30,3145.7,1,3132.16,2527836,125794.0,200571.0,3163.0,3163.0,3108.0,3134.3,32001000,3447.7,2820.9,3839.9,2896.0,3145.6,14,2,3145.5,27,2,3145.0,186,3,3144.9,73,3,3144.8,34,3,3145.7,209,2,3146.0,194,1,3146.2,35,1,3146.4,2,1,3146.5,75,5
2031,2026-06-16 13:34:52+05:30,3145.7,12,3132.16,2527848,125794.0,200610.0,3163.0,3163.0,3108.0,3134.3,32001000,3447.7,2820.9,3839.9,2896.0,3145.6,14,2,3145.5,27,2,3145.0,186,3,3144.9,73,3,3144.8,34,3,3145.7,202,3,3146.0,194,1,3146.2,35,1,3146.4,2,1,3146.5,75,5
2031,2026-06-16 13:34:52+05:30,3145.7,12,3132.16,2527848,125794.0,200610.0,3163.0,3163.0,3108.0,3134.3,32001000,3447.7,2820.9,3839.9,2896.0,3145.6,14,2,3145.5,27,2,3145.0,186,3,3144.9,73,3,3144.8,34,3,3145.7,202,3,3146.0,194,1,3146.2,35,1,3146.4,2,1,3146.5,75,5
2031,2026-06-16 13:34:53+05:30,3145.7,12,3132.16,2527848,125821.0,200062.0,3163.0,3163.0,3108.0,3134.3,32001000,3447.7,2820.9,3839.9,2896.0,3145.6,14,2,3145.5,10,1,3145.0,186,3,3144.9,73,3,3144.8,34,3,3145.7,245,5,3146.0,194,1,3146.1,2,1,3146.2,35,1,3146.5,104,6
2031,2026-06-16 13:34:53+05:30,3145.6,1,3132.16,2527848,125821.0,200062.0,3163.0,3163.0,3108.0,3134.3,32001000,3447.7,2820.9,3839.9,2896.0,3145.6,14,2,3145.5,10,1,3145.0,186,3,3144.9,73,3,3144.8,34,3,3145.7,245,5,3146.0,194,1,3146.1,2,1,3146.2,35,1,3146.5,104,6
2031,2026-06-16 13:34:54+05:30,3145.6,34,3132.16,2527848,125821.0,200062.0,3163.0,3163.0,3108.0,3134.3,32001000,3447.7,2820.9,3839.9,2896.0,3145.6,14,2,3145.5,10,1,3145.0,186,3,3144.9,73,3,3144.8,34,3,3145.7,245,5,3146.0,194,1,3146.1,2,1,3146.2,35,1,3146.5,104,6
2031,2026-06-16 13:34:54+05:30,3145.6,34,3132.16,2527897,125793.0,200102.0,3163.0,3163.0,3108.0,3134.3,32001000,3447.7,2820.9,3839.9,2896.0,3145.6,16,1,3145.5,10,1,3145.0,189,4,3144.9,21,1,3144.8,19,1,3145.7,244,5,3146.0,147,1,3146.1,402,3,3146.2,35,1,3146.4,53,2
2031,2026-06-16 13:34:55+05:30,3145.6,34,3132.16,2527897,125788.0,200362.0,3163.0,3163.0,3108.0,3134.3,32001000,3447.7,2820.9,3839.9,2896.0,3145.6,19,3,3145.5,10,1,3145.1,17,1,3145.0,206,5,3144.9,21,1,3145.7,244,5,3146.0,147,1,3146.1,402,3,3146.2,35,1,3146.4,19,1
2031,2026-06-16 13:34:56+05:30,3145.6,34,3132.16,2527897,125789.0,200362.0,3163.0,3163.0,3108.0,3134.3,32001000,3447.7,2820.9,3839.9,2896.0,3145.6,19,3,3145.5,10,1,3145.1,17,1,3145.0,206,5,3144.9,21,1,3145.7,244,5,3146.0,147,1,3146.1,402,3,3146.2,35,1,3146.4,19,1
2031,2026-06-16 13:34:57+05:30,3145.6,34,3132.16,2527897,125793.0,198162.0,3163.0,3163.0,3108.0,3134.3,32001000,3447.7,2820.9,3839.9,2896.0,3145.6,19,3,3145.5,10,1,3145.1,17,1,3145.0,206,5,3144.9,21,1,3145.7,244,5,3146.0,147,1,3146.1,402,3,3146.2,35,1,3146.4,19,1
2031,2026-06-16 13:34:58+05:30,3145.7,1,3132.16,2527897,125793.0,198162.0,3163.0,3163.0,3108.0,3134.3,32001000,3447.7,2820.9,3839.9,2896.0,3145.6,19,3,3145.5,10,1,3145.1,17,1,3145.0,206,5,3144.9,21,1,3145.7,244,5,3146.0,147,1,3146.1,402,3,3146.2,35,1,3146.4,19,1
2031,2026-06-16 13:34:58+05:30,3145.7,1,3132.16,2527898,125788.0,200169.0,3163.0,3163.0,3108.0,3134.3,32001000,3447.7,2820.9,3839.9,2896.0,3145.6,19,3,3145.5,27,2,3145.1,17,1,3145.0,206,5,3144.9,21,1,3145.7,316,8,3146.0,147,1,3146.1,402,3,3146.4,19,1,3146.5,73,4
2031,2026-06-16 13:34:59+05:30,3145.7,1,3132.16,2527899,125866.0,200175.0,3163.0,3163.0,3108.0,3134.3,32001000,3447.7,2820.9,3839.9,2896.0,3145.6,19,3,3145.5,27,2,3145.1,17,1,3145.0,206,5,3144.9,21,1,3145.7,315,8,3146.0,149,2,3146.1,400,2,3146.4,19,1,3146.5,73,4
2031,2026-06-16 13:34:59+05:30,3145.7,1,3132.16,2527899,125866.0,200175.0,3163.0,3163.0,3108.0,3134.3,32001000,3447.7,2820.9,3839.9,2896.0,3145.6,19,3,3145.5,27,2,3145.1,17,1,3145.0,206,5,3144.9,21,1,3145.7,315,8,3146.0,149,2,3146.1,400,2,3146.4,19,1,3146.5,73,4
2031,2026-06-16 13:35:00+05:30,3145.7,1,3132.16,2528100,125828.0,199963.0,3163.0,3163.0,3108.0,3134.3,32001000,3447.7,2820.9,3839.9,2896.0,3145.6,8,3,3145.5,27,2,3145.2,3,1,3145.1,17,1,3145.0,186,3,3145.7,115,5,3146.0,147,1,3146.1,400,2,3146.4,2,1,3146.5,27,3
2031,2026-06-16 13:35:00+05:30,3145.7,1,3132.16,2528100,125828.0,199963.0,3163.0,3163.0,3108.0,3134.3,32001000,3447.7,2820.9,3839.9,2896.0,3145.6,8,3,3145.5,27,2,3145.2,3,1,3145.1,17,1,3145.0,186,3,3145.7,115,5,3146.0,147,1,3146.1,400,2,3146.4,2,1,3146.5,27,3
2031,2026-06-16 13:35:01+05:30,3145.7,2,3132.16,2528104,125698.0,199943.0,3163.0,3163.0,3108.0,3134.3,32001000,3447.7,2820.9,3839.9,2896.0,3145.6,8,3,3145.5,27,2,3145.2,3,1,3145.1,34,2,3145.0,186,3,3145.7,74,4,3146.0,147,1,3146.1,400,2,3146.4,2,1,3146.5,27,3
2031,2026-06-16 13:35:01+05:30,3145.7,2,3132.16,2528104,125698.0,199943.0,3163.0,3163.0,3108.0,3134.3,32001000,3447.7,2820.9,3839.9,2896.0,3145.6,8,3,3145.5,27,2,3145.2,3,1,3145.1,34,2,3145.0,186,3,3145.7,74,4,3146.0,147,1,3146.1,400,2,3146.4,2,1,3146.5,27,3
2031,2026-06-16 13:35:02+05:30,3145.6,1,3132.16,2528106,125778.0,199907.0,3163.0,3163.0,3108.0,3134.3,32001000,3447.7,2820.9,3839.9,2896.0,3145.6,22,4,3145.5,27,2,3145.3,17,1,3145.2,3,1,3145.1,17,1,3145.7,73,4,3146.0,147,1,3146.1,400,2,3146.5,27,3,3146.6,67,3
2031,2026-06-16 13:35:02+05:30,3145.6,1,3132.16,2528106,125778.0,199907.0,3163.0,3163.0,3108.0,3134.3,32001000,3447.7,2820.9,3839.9,2896.0,3145.6,22,4,3145.5,27,2,3145.3,17,1,3145.2,3,1,3145.1,17,1,3145.7,73,4,3146.0,147,1,3146.1,400,2,3146.5,27,3,3146.6,67,3
2031,2026-06-16 13:35:03+05:30,3145.6,7,3132.16,2528149,125756.0,200062.0,3163.0,3163.0,3108.0,3134.3,32001000,3447.7,2820.9,3839.9,2896.0,3145.6,14,3,3145.5,31,3,3145.4,17,1,3145.2,22,3,3145.1,26,2,3145.7,73,4,3146.0,147,1,3146.1,400,2,3146.5,27,3,3146.6,64,2
2031,2026-06-16 13:35:03+05:30,3145.6,7,3132.16,2528149,125756.0,200062.0,3163.0,3163.0,3108.0,3134.3,32001000,3447.7,2820.9,3839.9,2896.0,3145.6,14,3,3145.5,31,3,3145.4,17,1,3145.2,22,3,3145.1,26,2,3145.7,73,4,3146.0,147,1,3146.1,400,2,3146.5,27,3,3146.6,64,2
2031,2026-06-16 13:35:04+05:30,3145.6,7,3132.16,2528149,125756.0,200088.0,3163.0,3163.0,3108.0,3134.3,32001000,3447.7,2820.9,3839.9,2896.0,3145.6,14,3,3145.5,31,3,3145.4,17,1,3145.2,22,3,3145.1,26,2,3145.7,73,4,3146.0,147,1,3146.1,400,2,3146.5,27,3,3146.6,64,2
2031,2026-06-16 13:35:04+05:30,3145.7,1,3132.16,2528149,125756.0,200088.0,3163.0,3163.0,3108.0,3134.3,32001000,3447.7,2820.9,3839.9,2896.0,3145.6,14,3,3145.5,31,3,3145.4,17,1,3145.2,22,3,3145.1,26,2,3145.7,73,4,3146.0,147,1,3146.1,400,2,3146.5,27,3,3146.6,64,2
2031,2026-06-16 13:35:05+05:30,3145.6,25,3132.16,2528342,125320.0,198688.0,3163.0,3163.0,3108.0,3134.3,32001000,3447.7,2820.9,3839.9,2896.0,3145.5,27,2,3145.0,186,3,3144.9,12,1,3144.8,17,1,3144.7,37,3,3145.6,9,1,3145.7,71,4,3146.0,193,3,3146.1,400,2,3146.5,27,3
2031,2026-06-16 13:35:05+05:30,3145.6,9,3132.16,2528342,125320.0,198688.0,3163.0,3163.0,3108.0,3134.3,32001000,3447.7,2820.9,3839.9,2896.0,3145.5,27,2,3145.0,186,3,3144.9,12,1,3144.8,17,1,3144.7,37,3,3145.6,9,1,3145.7,71,4,3146.0,193,3,3146.1,400,2,3146.5,27,3
2031,2026-06-16 13:35:06+05:30,3145.6,6,3132.16,2528342,125320.0,198688.0,3163.0,3163.0,3108.0,3134.3,32001000,3447.7,2820.9,3839.9,2896.0,3145.5,27,2,3145.0,186,3,3144.9,12,1,3144.8,17,1,3144.7,37,3,3145.6,9,1,3145.7,71,4,3146.0,193,3,3146.1,400,2,3146.5,27,3
2031,2026-06-16 13:35:06+05:30,3145.6,6,3132.16,2528359,125597.0,200415.0,3163.0,3163.0,3108.0,3134.3,32001000,3447.7,2820.9,3839.9,2896.0,3145.5,25,2,3145.2,17,1,3145.0,206,5,3144.9,29,2,3144.8,64,3,3145.7,49,3,3145.8,147,1,3146.0,44,1,3146.1,400,2,3146.5,29,4
2031,2026-06-16 13:35:07+05:30,3145.6,6,3132.16,2528359,125730.0,200413.0,3163.0,3163.0,3108.0,3134.3,32001000,3447.7,2820.9,3839.9,2896.0,3145.6,5,1,3145.5,25,2,3145.2,34,2,3145.1,180,1,3145.0,223,6,3145.7,65,4,3145.8,147,1,3146.0,44,1,3146.1,400,2,3146.4,2,1
2031,2026-06-16 13:35:08+05:30,3145.6,6,3132.16,2528359,125829.0,200461.0,3163.0,3163.0,3108.0,3134.3,32001000,3447.7,2820.9,3839.9,2896.0,3145.6,5,1,3145.5,40,3,3145.4,17,1,3145.2,34,2,3145.1,180,1,3145.7,65,4,3145.8,147,1,3146.0,44,1,3146.1,400,2,3146.5,47,5
2031,2026-06-16 13:35:09+05:30,3145.6,6,3132.16,2528359,125832.0,200437.0,3163.0,3163.0,3108.0,3134.3,32001000,3447.7,2820.9,3839.9,2896.0,3145.6,5,1,3145.5,40,3,3145.1,199,2,3145.0,189,4,3144.9,47,3,3145.7,65,4,3145.8,147,1,3146.0,44,1,3146.1,400,2,3146.4,2,1
2031,2026-06-16 13:35:10+05:30,3145.5,5,3132.16,2528359,125832.0,200437.0,3163.0,3163.0,3108.0,3134.3,32001000,3447.7,2820.9,3839.9,2896.0,3145.6,5,1,3145.5,40,3,3145.1,199,2,3145.0,189,4,3144.9,47,3,3145.7,65,4,3145.8,147,1,3146.0,44,1,3146.1,400,2,3146.4,2,1
2031,2026-06-16 13:35:10+05:30,3145.5,5,3132.16,2528560,125683.0,200464.0,3163.0,3163.0,3108.0,3134.3,32001000,3447.7,2820.9,3839.9,2896.0,3145.5,20,2,3145.0,186,3,3144.8,17,1,3144.7,35,2,3144.6,111,9,3145.7,95,5,3145.8,147,1,3146.0,46,2,3146.1,400,2,3146.3,84,2
2031,2026-06-16 13:35:11+05:30,3145.5,2,3132.16,2528560,125683.0,200464.0,3163.0,3163.0,3108.0,3134.3,32001000,3447.7,2820.9,3839.9,2896.0,3145.5,20,2,3145.0,186,3,3144.8,17,1,3144.7,35,2,3144.6,111,9,3145.7,95,5,3145.8,147,1,3146.0,46,2,3146.1,400,2,3146.3,84,2
2031,2026-06-16 13:35:11+05:30,3145.5,2,3132.16,2528563,125744.0,200567.0,3163.0,3163.0,3108.0,3134.3,32001000,3447.7,2820.9,3839.9,2896.0,3145.5,61,3,3145.0,186,3,3144.8,17,1,3144.7,35,2,3144.6,109,8,3145.7,119,5,3145.8,147,1,3146.0,46,2,3146.1,400,2,3146.3,147,4
2031,2026-06-16 13:35:12+05:30,3145.5,2,3132.16,2528563,125785.0,200541.0,3163.0,3163.0,3108.0,3134.3,32001000,3447.7,2820.9,3839.9,2896.0,3145.5,63,4,3145.0,202,4,3144.8,17,1,3144.7,35,2,3144.6,155,9,3145.7,119,5,3145.8,147,1,3146.0,2,1,3146.1,400,2,3146.3,46,1
2031,2026-06-16 13:35:13+05:30,3145.0,98,3132.16,2528563,125785.0,200541.0,3163.0,3163.0,3108.0,3134.3,32001000,3447.7,2820.9,3839.9,2896.0,3145.5,63,4,3145.0,202,4,3144.8,17,1,3144.7,35,2,3144.6,155,9,3145.7,119,5,3145.8,147,1,3146.0,2,1,3146.1,400,2,3146.3,46,1
2031,2026-06-16 13:35:13+05:30,3145.0,98,3132.16,2528763,125659.0,200676.0,3163.0,3163.0,3108.0,3134.3,32001000,3447.7,2820.9,3839.9,2896.0,3145.5,14,1,3145.0,126,5,3144.8,17,1,3144.7,53,3,3144.6,116,7,3145.6,4,1,3145.7,159,6,3145.8,147,1,3146.0,2,1,3146.1,400,2
2031,2026-06-16 13:35:14+05:30,3145.0,98,3132.16,2528763,125648.0,200723.0,3163.0,3163.0,3108.0,3134.3,32001000,3447.7,2820.9,3839.9,2896.0,3145.5,14,1,3145.0,127,6,3144.8,17,1,3144.7,36,2,3144.6,116,7,3145.6,5,2,3145.7,159,6,3145.8,147,1,3146.0,2,1,3146.1,400,2
2031,2026-06-16 13:35:15+05:30,3145.7,1,3132.16,2528763,125648.0,200723.0,3163.0,3163.0,3108.0,3134.3,32001000,3447.7,2820.9,3839.9,2896.0,3145.5,14,1,3145.0,127,6,3144.8,17,1,3144.7,36,2,3144.6,116,7,3145.6,5,2,3145.7,159,6,3145.8,147,1,3146.0,2,1,3146.1,400,2
2031,2026-06-16 13:35:15+05:30,3145.6,1,3132.16,2528999,125071.0,201081.0,3163.0,3163.0,3108.0,3134.3,32001000,3447.7,2820.9,3839.9,2896.0,3145.0,86,6,3144.8,13,1,3144.6,18,2,3144.5,33,2,3144.4,27,2,3145.6,19,1,3145.7,92,3,3145.8,149,2,3145.9,6,2,3146.1,400,2
2031,2026-06-16 13:35:16+05:30,3145.6,1,3132.16,2528999,125071.0,201081.0,3163.0,3163.0,3108.0,3134.3,32001000,3447.7,2820.9,3839.9,2896.0,3145.0,86,6,3144.8,13,1,3144.6,18,2,3144.5,33,2,3144.4,27,2,3145.6,19,1,3145.7,92,3,3145.8,149,2,3145.9,6,2,3146.1,400,2
2031,2026-06-16 13:35:16+05:30,3145.6,1,3132.16,2528999,124904.0,201032.0,3163.0,3163.0,3108.0,3134.3,32001000,3447.7,2820.9,3839.9,2896.0,3145.0,60,4,3144.6,17,2,3144.5,33,2,3144.4,46,1,3144.3,53,4,3145.6,26,2,3145.7,294,6,3145.8,2,1,3145.9,2,1,3146.0,38,1
2031,2026-06-16 13:35:17+05:30,3145.5,1,3132.16,2528999,124904.0,201032.0,3163.0,3163.0,3108.0,3134.3,32001000,3447.7,2820.9,3839.9,2896.0,3145.0,60,4,3144.6,17,2,3144.5,33,2,3144.4,46,1,3144.3,53,4,3145.6,26,2,3145.7,294,6,3145.8,2,1,3145.9,2,1,3146.0,38,1
2031,2026-06-16 13:35:17+05:30,3145.5,1,3132.16,2529000,124596.0,201181.0,3163.0,3163.0,3108.0,3134.3,32001000,3447.7,2820.9,3839.9,2896.0,3145.0,60,4,3144.6,17,2,3144.5,13,1,3144.3,45,3,3144.2,5,1,3145.5,146,1,3145.6,73,4,3145.7,111,5,3145.8,83,2,3145.9,31,2
2031,2026-06-16 13:35:17+05:30,3145.5,1,3132.16,2529000,124596.0,201181.0,3163.0,3163.0,3108.0,3134.3,32001000,3447.7,2820.9,3839.9,2896.0,3145.0,60,4,3144.6,17,2,3144.5,13,1,3144.3,45,3,3144.2,5,1,3145.5,146,1,3145.6,73,4,3145.7,111,5,3145.8,83,2,3145.9,31,2
2031,2026-06-16 13:35:18+05:30,3145.5,1,3132.16,2529000,124944.0,201077.0,3163.0,3163.0,3108.0,3134.3,32001000,3447.7,2820.9,3839.9,2896.0,3145.0,60,4,3144.6,3,1,3144.3,20,1,3144.1,136,3,3144.0,495,14,3145.2,1,1,3145.3,146,1,3145.5,55,4,3145.6,19,1,3145.7,121,4
2031,2026-06-16 13:35:19+05:30,3145.5,1,3132.16,2529000,124944.0,201077.0,3163.0,3163.0,3108.0,3134.3,32001000,3447.7,2820.9,3839.9,2896.0,3145.0,60,4,3144.6,3,1,3144.3,20,1,3144.1,136,3,3144.0,495,14,3145.2,1,1,3145.3,146,1,3145.5,55,4,3145.6,19,1,3145.7,121,4
2031,2026-06-16 13:35:19+05:30,3145.5,1,3132.16,2529000,124966.0,201070.0,3163.0,3163.0,3108.0,3134.3,32001000,3447.7,2820.9,3839.9,2896.0,3145.0,60,4,3144.9,16,1,3144.6,3,1,3144.3,20,1,3144.1,136,3,3145.2,12,3,3145.3,146,1,3145.4,17,1,3145.5,53,3,3145.6,21,2
2031,2026-06-16 13:35:20+05:30,3145.0,1,3132.16,2529000,124966.0,201070.0,3163.0,3163.0,3108.0,3134.3,32001000,3447.7,2820.9,3839.9,2896.0,3145.0,60,4,3144.9,16,1,3144.6,3,1,3144.3,20,1,3144.1,136,3,3145.2,12,3,3145.3,146,1,3145.4,17,1,3145.5,53,3,3145.6,21,2
2031,2026-06-16 13:35:20+05:30,3145.0,1,3132.16,2529002,124969.0,201295.0,3163.0,3163.0,3108.0,3134.3,32001000,3447.7,2820.9,3839.9,2896.0,3145.0,58,3,3144.9,16,1,3144.6,3,1,3144.3,20,1,3144.1,136,3,3145.2,20,4,3145.3,146,1,3145.4,68,2,3145.5,54,3,3145.6,21,2
2031,2026-06-16 13:35:21+05:30,3145.2,1,3132.16,2529002,124969.0,201295.0,3163.0,3163.0,3108.0,3134.3,32001000,3447.7,2820.9,3839.9,2896.0,3145.0,58,3,3144.9,16,1,3144.6,3,1,3144.3,20,1,3144.1,136,3,3145.2,20,4,3145.3,146,1,3145.4,68,2,3145.5,54,3,3145.6,21,2
2031,2026-06-16 13:35:21+05:30,3144.9,1,3132.16,2529256,123429.0,202093.0,3163.0,3163.0,3108.0,3134.3,32001000,3447.7,2820.9,3839.9,2896.0,3144.1,100,1,3144.0,356,7,3143.9,20,1,3143.8,1,1,3143.7,36,2,3145.0,120,6,3145.1,169,3,3145.2,130,10,3145.3,98,4,3145.4,137,4
2031,2026-06-16 13:35:21+05:30,3144.9,1,3132.16,2529256,123429.0,202093.0,3163.0,3163.0,3108.0,3134.3,32001000,3447.7,2820.9,3839.9,2896.0,3144.1,100,1,3144.0,356,7,3143.9,20,1,3143.8,1,1,3143.7,36,2,3145.0,120,6,3145.1,169,3,3145.2,130,10,3145.3,98,4,3145.4,137,4
2031,2026-06-16 13:35:22+05:30,3145.0,2,3132.16,2529256,123429.0,202093.0,3163.0,3163.0,3108.0,3134.3,32001000,3447.7,2820.9,3839.9,2896.0,3144.1,100,1,3144.0,356,7,3143.9,20,1,3143.8,1,1,3143.7,36,2,3145.0,120,6,3145.1,169,3,3145.2,130,10,3145.3,98,4,3145.4,137,4
2031,2026-06-16 13:35:22+05:30,3145.0,80,3132.16,2529526,123955.0,201905.0,3163.0,3163.0,3108.0,3134.3,32001000,3447.7,2820.9,3839.9,2896.0,3144.3,22,1,3144.1,164,3,3144.0,411,7,3143.9,20,1,3143.8,4,1,3144.9,66,1,3145.0,35,2,3145.2,84,5,3145.3,97,2,3145.4,133,6
2031,2026-06-16 13:35:23+05:30,3145.0,22,3132.16,2529526,123955.0,201905.0,3163.0,3163.0,3108.0,3134.3,32001000,3447.7,2820.9,3839.9,2896.0,3144.3,22,1,3144.1,164,3,3144.0,411,7,3143.9,20,1,3143.8,4,1,3144.9,66,1,3145.0,35,2,3145.2,84,5,3145.3,97,2,3145.4,133,6
2031,2026-06-16 13:35:23+05:30,3145.0,22,3132.17,2529627,123962.0,201996.0,3163.0,3163.0,3108.0,3134.3,32001000,3447.7,2820.9,3839.9,2896.0,3144.3,14,2,3144.2,16,2,3144.1,144,2,3144.0,399,7,3143.9,20,1,3144.9,80,2,3145.1,200,1,3145.2,18,2,3145.3,38,1,3145.4,31,2
2031,2026-06-16 13:35:23+05:30,3145.0,22,3132.17,2529627,123962.0,201996.0,3163.0,3163.0,3108.0,3134.3,32001000,3447.7,2820.9,3839.9,2896.0,3144.3,14,2,3144.2,16,2,3144.1,144,2,3144.0,399,7,3143.9,20,1,3144.9,80,2,3145.1,200,1,3145.2,18,2,3145.3,38,1,3145.4,31,2
2031,2026-06-16 13:35:24+05:30,3144.9,1,3132.17,2529708,124013.0,201831.0,3163.0,3163.0,3108.0,3134.3,32001000,3447.7,2820.9,3839.9,2896.0,3144.3,41,2,3144.2,3,1,3144.1,144,2,3144.0,462,9,3143.9,20,1,3144.8,200,1,3144.9,25,1,3145.0,100,1,3145.2,1,1,3145.3,40,2
2031,2026-06-16 13:35:24+05:30,3144.1,36,3132.17,2529708,124013.0,201831.0,3163.0,3163.0,3108.0,3134.3,32001000,3447.7,2820.9,3839.9,2896.0,3144.3,41,2,3144.2,3,1,3144.1,144,2,3144.0,462,9,3143.9,20,1,3144.8,200,1,3144.9,25,1,3145.0,100,1,3145.2,1,1,3145.3,40,2
2031,2026-06-16 13:35:25+05:30,3144.1,36,3132.17,2530297,124294.0,201894.0,3163.0,3163.0,3108.0,3134.3,32001000,3447.7,2820.9,3839.9,2896.0,3144.2,13,1,3144.1,26,2,3144.0,442,9,3143.9,27,2,3143.8,40,2,3145.3,60,3,3145.4,60,4,3145.5,243,2,3145.6,86,3,3145.7,348,4
2031,2026-06-16 13:35:25+05:30,3144.1,36,3132.17,2530297,124294.0,201894.0,3163.0,3163.0,3108.0,3134.3,32001000,3447.7,2820.9,3839.9,2896.0,3144.2,13,1,3144.1,26,2,3144.0,442,9,3143.9,27,2,3143.8,40,2,3145.3,60,3,3145.4,60,4,3145.5,243,2,3145.6,86,3,3145.7,348,4
2031,2026-06-16 13:35:26+05:30,3144.2,5,3132.17,2530338,124100.0,202419.0,3163.0,3163.0,3108.0,3134.3,32001000,3447.7,2820.9,3839.9,2896.0,3144.2,12,2,3144.1,8,1,3144.0,442,9,3143.9,6,1,3143.7,22,1,3145.0,199,1,3145.1,161,7,3145.2,80,3,3145.3,243,7,3145.4,136,4
2031,2026-06-16 13:35:26+05:30,3145.0,199,3132.17,2530338,124100.0,202419.0,3163.0,3163.0,3108.0,3134.3,32001000,3447.7,2820.9,3839.9,2896.0,3144.2,12,2,3144.1,8,1,3144.0,442,9,3143.9,6,1,3143.7,22,1,3145.0,199,1,3145.1,161,7,3145.2,80,3,3145.3,243,7,3145.4,136,4
2031,2026-06-16 13:35:27+05:30,3145.0,199,3132.17,2530338,124100.0,202419.0,3163.0,3163.0,3108.0,3134.3,32001000,3447.7,2820.9,3839.9,2896.0,3144.2,12,2,3144.1,8,1,3144.0,442,9,3143.9,6,1,3143.7,22,1,3145.0,199,1,3145.1,161,7,3145.2,80,3,3145.3,243,7,3145.4,136,4
2031,2026-06-16 13:35:27+05:30,3145.0,199,3132.17,2530537,124177.0,202178.0,3163.0,3163.0,3108.0,3134.3,32001000,3447.7,2820.9,3839.9,2896.0,3144.2,12,2,3144.1,11,2,3144.0,446,10,3143.9,21,1,3143.8,17,1,3145.2,200,1,3145.3,103,2,3145.4,81,3,3145.5,210,3,3145.6,80,2
2031,2026-06-16 13:35:28+05:30,3145.0,199,3132.17,2530537,123942.0,202151.0,3163.0,3163.0,3108.0,3134.3,32001000,3447.7,2820.9,3839.9,2896.0,3144.3,1,1,3144.2,12,2,3144.1,11,2,3144.0,465,11,3143.9,63,2,3145.2,1,1,3145.3,303,3,3145.7,107,4,3145.8,102,4,3145.9,12,1
2031,2026-06-16 13:35:28+05:30,3145.0,199,3132.17,2530537,123942.0,202151.0,3163.0,3163.0,3108.0,3134.3,32001000,3447.7,2820.9,3839.9,2896.0,3144.3,1,1,3144.2,12,2,3144.1,11,2,3144.0,465,11,3143.9,63,2,3145.2,1,1,3145.3,303,3,3145.7,107,4,3145.8,102,4,3145.9,12,1
2031,2026-06-16 13:35:29+05:30,3145.0,199,3132.17,2530537,123575.0,201899.0,3163.0,3163.0,3108.0,3134.3,32001000,3447.7,2820.9,3839.9,2896.0,3144.3,1,1,3144.2,1,1,3144.1,45,4,3144.0,448,10,3143.9,42,1,3144.5,2,2,3144.9,10,1,3145.2,1,1,3145.3,254,2,3145.7,135,3
2031,2026-06-16 13:35:29+05:30,3145.0,199,3132.17,2530537,123575.0,201899.0,3163.0,3163.0,3108.0,3134.3,32001000,3447.7,2820.9,3839.9,2896.0,3144.3,1,1,3144.2,1,1,3144.1,45,4,3144.0,448,10,3143.9,42,1,3144.5,2,2,3144.9,10,1,3145.2,1,1,3145.3,254,2,3145.7,135,3
2031,2026-06-16 13:35:30+05:30,3144.8,1,3132.17,2530537,123575.0,201899.0,3163.0,3163.0,3108.0,3134.3,32001000,3447.7,2820.9,3839.9,2896.0,3144.3,1,1,3144.2,1,1,3144.1,45,4,3144.0,448,10,3143.9,42,1,3144.5,2,2,3144.9,10,1,3145.2,1,1,3145.3,254,2,3145.7,135,3
2031,2026-06-16 13:35:30+05:30,3144.8,1,3132.17,2530537,123575.0,201899.0,3163.0,3163.0,3108.0,3134.3,32001000,3447.7,2820.9,3839.9,2896.0,3144.3,1,1,3144.2,1,1,3144.1,45,4,3144.0,448,10,3143.9,42,1,3144.5,2,2,3144.9,10,1,3145.2,1,1,3145.3,254,2,3145.7,135,3
2031,2026-06-16 13:35:30+05:30,3144.8,1,3132.17,2530550,123637.0,202394.0,3163.0,3163.0,3108.0,3134.3,32001000,3447.7,2820.9,3839.9,2896.0,3144.4,2,2,3144.3,22,4,3144.2,1,1,3144.1,11,2,3144.0,448,10,3144.8,200,2,3144.9,9,1,3145.2,1,1,3145.5,249,2,3145.7,295,4
2031,2026-06-16 13:35:30+05:30,3144.8,1,3132.17,2530550,123637.0,202394.0,3163.0,3163.0,3108.0,3134.3,32001000,3447.7,2820.9,3839.9,2896.0,3144.4,2,2,3144.3,22,4,3144.2,1,1,3144.1,11,2,3144.0,448,10,3144.8,200,2,3144.9,9,1,3145.2,1,1,3145.5,249,2,3145.7,295,4
2031,2026-06-16 13:35:31+05:30,3145.0,1,3132.17,2530550,123637.0,202394.0,3163.0,3163.0,3108.0,3134.3,32001000,3447.7,2820.9,3839.9,2896.0,3144.4,2,2,3144.3,22,4,3144.2,1,1,3144.1,11,2,3144.0,448,10,3144.8,200,2,3144.9,9,1,3145.2,1,1,3145.5,249,2,3145.7,295,4
2031,2026-06-16 13:35:31+05:30,3145.0,1,3132.17,2530760,123864.0,201583.0,3163.0,3163.0,3108.0,3134.3,32001000,3447.7,2820.9,3839.9,2896.0,3144.4,40,6,3144.3,32,5,3144.2,97,6,3144.1,105,4,3144.0,675,14,3145.0,8,1,3145.2,1,1,3145.7,40,1,3145.9,12,1,3146.0,154,4
2031,2026-06-16 13:35:31+05:30,3145.0,1,3132.17,2530760,123864.0,201583.0,3163.0,3163.0,3108.0,3134.3,32001000,3447.7,2820.9,3839.9,2896.0,3144.4,40,6,3144.3,32,5,3144.2,97,6,3144.1,105,4,3144.0,675,14,3145.0,8,1,3145.2,1,1,3145.7,40,1,3145.9,12,1,3146.0,154,4
2031,2026-06-16 13:35:32+05:30,3145.0,8,3132.17,2530760,123864.0,201583.0,3163.0,3163.0,3108.0,3134.3,32001000,3447.7,2820.9,3839.9,2896.0,3144.4,40,6,3144.3,32,5,3144.2,97,6,3144.1,105,4,3144.0,675,14,3145.0,8,1,3145.2,1,1,3145.7,40,1,3145.9,12,1,3146.0,154,4
2031,2026-06-16 13:35:32+05:30,3145.0,8,3132.17,2530768,124367.0,199832.0,3163.0,3163.0,3108.0,3134.3,32001000,3447.7,2820.9,3839.9,2896.0,3145.0,2,1,3144.4,3,3,3144.3,28,4,3144.2,99,6,3144.1,213,5,3145.2,1,1,3145.3,200,1,3145.7,42,2,3145.8,4,1,3146.0,315,4
2031,2026-06-16 13:35:32+05:30,3145.0,8,3132.17,2530768,124367.0,199832.0,3163.0,3163.0,3108.0,3134.3,32001000,3447.7,2820.9,3839.9,2896.0,3145.0,2,1,3144.4,3,3,3144.3,28,4,3144.2,99,6,3144.1,213,5,3145.2,1,1,3145.3,200,1,3145.7,42,2,3145.8,4,1,3146.0,315,4
2031,2026-06-16 13:35:33+05:30,3144.6,1,3132.17,2530768,124367.0,199832.0,3163.0,3163.0,3108.0,3134.3,32001000,3447.7,2820.9,3839.9,2896.0,3145.0,2,1,3144.4,3,3,3144.3,28,4,3144.2,99,6,3144.1,213,5,3145.2,1,1,3145.3,200,1,3145.7,42,2,3145.8,4,1,3146.0,315,4
2031,2026-06-16 13:35:33+05:30,3144.6,1,3132.17,2530954,123594.0,202147.0,3163.0,3163.0,3108.0,3134.3,32001000,3447.7,2820.9,3839.9,2896.0,3144.4,3,3,3144.3,24,4,3144.2,4,2,3144.1,6,1,3144.0,357,6,3144.5,124,1,3145.1,219,2,3145.2,1,1,3145.6,26,2,3145.7,109,3
2031,2026-06-16 13:35:33+05:30,3144.6,1,3132.17,2530954,123594.0,202147.0,3163.0,3163.0,3108.0,3134.3,32001000,3447.7,2820.9,3839.9,2896.0,3144.4,3,3,3144.3,24,4,3144.2,4,2,3144.1,6,1,3144.0,357,6,3144.5,124,1,3145.1,219,2,3145.2,1,1,3145.6,26,2,3145.7,109,3
2031,2026-06-16 13:35:34+05:30,3144.6,1,3132.17,2530954,123594.0,202147.0,3163.0,3163.0,3108.0,3134.3,32001000,3447.7,2820.9,3839.9,2896.0,3144.4,3,3,3144.3,24,4,3144.2,4,2,3144.1,6,1,3144.0,357,6,3144.5,124,1,3145.1,219,2,3145.2,1,1,3145.6,26,2,3145.7,109,3
2031,2026-06-16 13:35:34+05:30,3144.5,124,3132.17,2530954,123594.0,202147.0,3163.0,3163.0,3108.0,3134.3,32001000,3447.7,2820.9,3839.9,2896.0,3144.4,3,3,3144.3,24,4,3144.2,4,2,3144.1,6,1,3144.0,357,6,3144.5,124,1,3145.1,219,2,3145.2,1,1,3145.6,26,2,3145.7,109,3
2031,2026-06-16 13:35:34+05:30,3144.5,124,3132.17,2531078,123440.0,202274.0,3163.0,3163.0,3108.0,3134.3,32001000,3447.7,2820.9,3839.9,2896.0,3144.6,1,1,3144.4,6,4,3144.3,24,4,3144.2,1,1,3144.1,27,2,3145.2,6,2,3145.3,200,1,3145.5,19,1,3145.7,80,3,3145.8,126,3
2031,2026-06-16 13:35:35+05:30,3144.5,124,3132.17,2531078,123440.0,202274.0,3163.0,3163.0,3108.0,3134.3,32001000,3447.7,2820.9,3839.9,2896.0,3144.6,1,1,3144.4,6,4,3144.3,24,4,3144.2,1,1,3144.1,27,2,3145.2,6,2,3145.3,200,1,3145.5,19,1,3145.7,80,3,3145.8,126,3
2031,2026-06-16 13:35:35+05:30,3144.5,124,3132.17,2531078,123523.0,202322.0,3163.0,3163.0,3108.0,3134.3,32001000,3447.7,2820.9,3839.9,2896.0,3144.6,55,3,3144.5,1,1,3144.4,6,4,3144.3,7,3,3144.2,1,1,3145.1,200,1,3145.2,6,2,3145.5,21,2,3145.6,31,1,3145.7,240,2
2031,2026-06-16 13:35:35+05:30,3144.5,124,3132.17,2531078,123523.0,202322.0,3163.0,3163.0,3108.0,3134.3,32001000,3447.7,2820.9,3839.9,2896.0,3144.6,55,3,3144.5,1,1,3144.4,6,4,3144.3,7,3,3144.2,1,1,3145.1,200,1,3145.2,6,2,3145.5,21,2,3145.6,31,1,3145.7,240,2
2031,2026-06-16 13:35:36+05:30,3144.5,124,3132.17,2531078,123637.0,202234.0,3163.0,3163.0,3108.0,3134.3,32001000,3447.7,2820.9,3839.9,2896.0,3144.8,2,2,3144.6,55,3,3144.5,1,1,3144.4,4,2,3144.3,7,3,3145.1,200,1,3145.2,6,2,3145.5,19,1,3145.6,2,1,3145.7,240,2
2031,2026-06-16 13:35:36+05:30,3144.5,124,3132.17,2531078,123637.0,202234.0,3163.0,3163.0,3108.0,3134.3,32007200,3447.7,2820.9,3839.9,2896.0,3144.8,2,2,3144.6,55,3,3144.5,1,1,3144.4,4,2,3144.3,7,3,3145.1,200,1,3145.2,6,2,3145.5,19,1,3145.6,2,1,3145.7,240,2
2031,2026-06-16 13:35:37+05:30,3145.0,1,3132.17,2531078,123637.0,202234.0,3163.0,3163.0,3108.0,3134.3,32007200,3447.7,2820.9,3839.9,2896.0,3144.8,2,2,3144.6,55,3,3144.5,1,1,3144.4,4,2,3144.3,7,3,3145.1,200,1,3145.2,6,2,3145.5,19,1,3145.6,2,1,3145.7,240,2
2031,2026-06-16 13:35:37+05:30,3145.0,1,3132.17,2531080,123702.0,202259.0,3163.0,3163.0,3108.0,3134.3,32007200,3447.7,2820.9,3839.9,2896.0,3144.8,42,3,3144.6,55,3,3144.5,1,1,3144.4,4,2,3144.3,7,3,3145.0,198,1,3145.1,26,1,3145.2,6,2,3145.5,19,1,3145.6,2,1
2031,2026-06-16 13:35:38+05:30,3144.9,2,3132.17,2531373,124221.0,201783.0,3163.0,3163.0,3108.0,3134.3,32007200,3447.7,2820.9,3839.9,2896.0,3144.9,12,1,3144.8,42,3,3144.6,37,2,3144.5,1,1,3144.4,44,3,3145.1,58,2,3145.2,38,3,3145.4,32,1,3145.7,40,1,3145.9,38,1
2031,2026-06-16 13:35:38+05:30,3144.9,2,3132.17,2531373,124221.0,201783.0,3163.0,3163.0,3108.0,3134.3,32007200,3447.7,2820.9,3839.9,2896.0,3144.9,12,1,3144.8,42,3,3144.6,37,2,3144.5,1,1,3144.4,44,3,3145.1,58,2,3145.2,38,3,3145.4,32,1,3145.7,40,1,3145.9,38,1
2031,2026-06-16 13:35:39+05:30,3145.0,13,3132.17,2531373,124221.0,201783.0,3163.0,3163.0,3108.0,3134.3,32007200,3447.7,2820.9,3839.9,2896.0,3144.9,12,1,3144.8,42,3,3144.6,37,2,3144.5,1,1,3144.4,44,3,3145.1,58,2,3145.2,38,3,3145.4,32,1,3145.7,40,1,3145.9,38,1
2031,2026-06-16 13:35:39+05:30,3145.0,13,3132.17,2531386,124645.0,201868.0,3163.0,3163.0,3108.0,3134.3,32007200,3447.7,2820.9,3839.9,2896.0,3145.0,3,1,3144.9,53,2,3144.8,92,4,3144.6,37,2,3144.5,1,1,3145.1,36,2,3145.2,38,3,3145.3,32,1,3145.5,32,1,3145.6,200,1
2031,2026-06-16 13:35:40+05:30,3145.2,2,3132.17,2531386,124645.0,201868.0,3163.0,3163.0,3108.0,3134.3,32007200,3447.7,2820.9,3839.9,2896.0,3145.0,3,1,3144.9,53,2,3144.8,92,4,3144.6,37,2,3144.5,1,1,3145.1,36,2,3145.2,38,3,3145.3,32,1,3145.5,32,1,3145.6,200,1
2031,2026-06-16 13:35:40+05:30,3145.2,2,3132.18,2531674,123684.0,202363.0,3163.0,3163.0,3108.0,3134.3,32007200,3447.7,2820.9,3839.9,2896.0,3144.8,48,3,3144.6,37,2,3144.4,4,2,3144.3,1,1,3144.2,1,1,3145.2,64,4,3145.3,51,2,3145.4,305,4,3145.5,65,4,3145.6,233,6
2031,2026-06-16 13:35:41+05:30,3144.3,2,3132.18,2531674,123684.0,202363.0,3163.0,3163.0,3108.0,3134.3,32007200,3447.7,2820.9,3839.9,2896.0,3144.8,48,3,3144.6,37,2,3144.4,4,2,3144.3,1,1,3144.2,1,1,3145.2,64,4,3145.3,51,2,3145.4,305,4,3145.5,65,4,3145.6,233,6
2031,2026-06-16 13:35:41+05:30,3144.3,2,3132.18,2531771,123393.0,202930.0,3163.0,3163.0,3108.0,3134.3,32007200,3447.7,2820.9,3839.9,2896.0,3144.2,1,1,3144.0,341,6,3143.7,22,1,3143.6,12,1,3143.5,58,4,3144.6,13,1,3144.7,287,4,3144.8,35,2,3144.9,32,1,3145.0,474,5
2031,2026-06-16 13:35:42+05:30,3143.5,26,3132.18,2531771,123393.0,202930.0,3163.0,3163.0,3108.0,3134.3,32007200,3447.7,2820.9,3839.9,2896.0,3144.2,1,1,3144.0,341,6,3143.7,22,1,3143.6,12,1,3143.5,58,4,3144.6,13,1,3144.7,287,4,3144.8,35,2,3144.9,32,1,3145.0,474,5
2031,2026-06-16 13:35:42+05:30,3142.7,5,3132.18,2533038,120427.0,205306.0,3163.0,3163.0,3108.0,3134.3,32007200,3447.7,2820.9,3839.9,2896.0,3142.7,3,1,3142.6,16,1,3142.5,20,1,3142.4,53,2,3142.3,20,1,3142.8,39,1,3142.9,100,1,3143.5,32,1,3143.6,200,1,3143.7,32,1
2031,2026-06-16 13:35:43+05:30,3144.4,11,3132.18,2533038,120427.0,205306.0,3163.0,3163.0,3108.0,3134.3,32007200,3447.7,2820.9,3839.9,2896.0,3142.7,3,1,3142.6,16,1,3142.5,20,1,3142.4,53,2,3142.3,20,1,3142.8,39,1,3142.9,100,1,3143.5,32,1,3143.6,200,1,3143.7,32,1
2031,2026-06-16 13:35:43+05:30,3145.0,195,3132.19,2534219,122423.0,202121.0,3163.0,3163.0,3108.0,3134.3,32007200,3447.7,2820.9,3839.9,2896.0,3143.8,1,1,3143.4,2,1,3143.3,78,3,3143.2,219,3,3143.1,254,4,3145.0,115,5,3145.1,24,2,3145.3,5,2,3145.4,200,1,3145.5,148,2
2031,2026-06-16 13:35:44+05:30,3145.1,1,3132.19,2534219,122423.0,202121.0,3163.0,3163.0,3108.0,3134.3,32007200,3447.7,2820.9,3839.9,2896.0,3143.8,1,1,3143.4,2,1,3143.3,78,3,3143.2,219,3,3143.1,254,4,3145.0,115,5,3145.1,24,2,3145.3,5,2,3145.4,200,1,3145.5,148,2
2031,2026-06-16 13:35:44+05:30,3145.1,1,3132.19,2534317,123959.0,201759.0,3163.0,3163.0,3108.0,3134.3,32007200,3447.7,2820.9,3839.9,2896.0,3144.0,21,3,3143.9,42,1,3143.8,62,3,3143.7,37,2,3143.6,55,2,3145.1,199,1,3145.2,46,1,3145.3,19,1,3145.5,40,2,3145.6,238,2
2031,2026-06-16 13:35:45+05:30,3143.6,87,3132.19,2534317,123959.0,201759.0,3163.0,3163.0,3108.0,3134.3,32007200,3447.7,2820.9,3839.9,2896.0,3144.0,21,3,3143.9,42,1,3143.8,62,3,3143.7,37,2,3143.6,55,2,3145.1,199,1,3145.2,46,1,3145.3,19,1,3145.5,40,2,3145.6,238,2
2031,2026-06-16 13:35:45+05:30,3144.2,3,3132.19,2534783,124328.0,200458.0,3163.0,3163.0,3108.0,3134.3,32007200,3447.7,2820.9,3839.9,2896.0,3144.6,2,2,3144.2,3,1,3144.0,88,6,3143.9,24,1,3143.8,417,7,3145.5,46,1,3145.6,29,2,3145.7,50,2,3145.8,2,1,3145.9,41,2
2031,2026-06-16 13:35:46+05:30,3144.6,1,3132.19,2534783,124328.0,200458.0,3163.0,3163.0,3108.0,3134.3,32007200,3447.7,2820.9,3839.9,2896.0,3144.6,2,2,3144.2,3,1,3144.0,88,6,3143.9,24,1,3143.8,417,7,3145.5,46,1,3145.6,29,2,3145.7,50,2,3145.8,2,1,3145.9,41,2
2031,2026-06-16 13:35:46+05:30,3144.6,1,3132.19,2534785,124414.0,201499.0,3163.0,3163.0,3108.0,3134.3,32007200,3447.7,2820.9,3839.9,2896.0,3144.6,2,2,3144.2,3,1,3144.1,20,1,3144.0,68,4,3143.9,45,2,3145.3,200,1,3145.4,65,4,3145.5,77,3,3145.6,16,2,3145.7,96,3
2031,2026-06-16 13:35:47+05:30,3144.6,1,3132.19,2534785,124414.0,201499.0,3163.0,3163.0,3108.0,3134.3,32007200,3447.7,2820.9,3839.9,2896.0,3144.6,2,2,3144.2,3,1,3144.1,20,1,3144.0,68,4,3143.9,45,2,3145.3,200,1,3145.4,65,4,3145.5,77,3,3145.6,16,2,3145.7,96,3
2031,2026-06-16 13:35:47+05:30,3144.6,1,3132.19,2535036,124677.0,200836.0,3163.0,3163.0,3108.0,3134.3,32007200,3447.7,2820.9,3839.9,2896.0,3144.6,44,3,3144.3,57,1,3144.2,60,3,3144.1,83,2,3144.0,107,8,3145.5,13,1,3145.6,16,2,3145.7,40,1,3145.8,200,1,3146.0,409,5
2031,2026-06-16 13:35:48+05:30,3145.7,4,3132.19,2535036,124677.0,200836.0,3163.0,3163.0,3108.0,3134.3,32007200,3447.7,2820.9,3839.9,2896.0,3144.6,44,3,3144.3,57,1,3144.2,60,3,3144.1,83,2,3144.0,107,8,3145.5,13,1,3145.6,16,2,3145.7,40,1,3145.8,200,1,3146.0,409,5
2031,2026-06-16 13:35:48+05:30,3145.7,4,3132.19,2535069,124677.0,201157.0,3163.0,3163.0,3108.0,3134.3,32007200,3447.7,2820.9,3839.9,2896.0,3144.6,44,3,3144.2,18,2,3144.1,36,2,3144.0,47,5,3143.9,51,3,3145.3,13,1,3145.4,219,2,3145.5,12,1,3145.7,38,2,3145.8,84,2
2031,2026-06-16 13:35:49+05:30,3144.6,1,3132.19,2535091,124564.0,201098.0,3163.0,3163.0,3108.0,3134.3,32007200,3447.7,2820.9,3839.9,2896.0,3144.6,58,3,3144.2,3,1,3144.1,82,3,3144.0,66,7,3143.9,51,3,3145.3,216,3,3145.5,12,1,3145.7,55,2,3145.8,46,1,3146.0,350,2
2031,2026-06-16 13:35:50+05:30,3145.3,1,3132.19,2535091,124564.0,201098.0,3163.0,3163.0,3108.0,3134.3,32007200,3447.7,2820.9,3839.9,2896.0,3144.6,58,3,3144.2,3,1,3144.1,82,3,3144.0,66,7,3143.9,51,3,3145.3,216,3,3145.5,12,1,3145.7,55,2,3145.8,46,1,3146.0,350,2
2031,2026-06-16 13:35:50+05:30,3145.3,1,3132.19,2535092,125130.0,201116.0,3163.0,3163.0,3108.0,3134.3,32007200,3447.7,2820.9,3839.9,2896.0,3144.9,1,1,3144.6,42,1,3144.3,16,1,3144.2,3,1,3144.1,36,2,3145.3,231,4,3145.5,12,1,3145.7,57,3,3145.8,84,2,3146.0,350,2
2031,2026-06-16 13:35:52+05:30,3145.3,11,3132.19,2535103,125180.0,201105.0,3163.0,3163.0,3108.0,3134.3,32007200,3447.7,2820.9,3839.9,2896.0,3144.9,16,2,3144.6,42,1,3144.2,3,1,3144.1,82,3,3144.0,66,7,3145.3,220,4,3145.5,12,1,3145.7,57,3,3145.8,46,1,3146.0,350,2
2031,2026-06-16 13:35:52+05:30,3145.3,1,3132.19,2535103,125180.0,201105.0,3163.0,3163.0,3108.0,3134.3,32007200,3447.7,2820.9,3839.9,2896.0,3144.9,16,2,3144.6,42,1,3144.2,3,1,3144.1,82,3,3144.0,66,7,3145.3,220,4,3145.5,12,1,3145.7,57,3,3145.8,46,1,3146.0,350,2
2031,2026-06-16 13:35:53+05:30,3144.8,5,3132.19,2535309,123661.0,201477.0,3163.0,3163.0,3108.0,3134.3,32007200,3447.7,2820.9,3839.9,2896.0,3144.6,1,1,3144.0,5,3,3143.9,21,1,3143.8,11,1,3143.7,37,2,3144.8,195,1,3145.2,166,1,3145.3,91,4,3145.6,6,2,3145.7,36,1
2031,2026-06-16 13:35:53+05:30,3144.8,195,3132.19,2535309,123661.0,201477.0,3163.0,3163.0,3108.0,3134.3,32007200,3447.7,2820.9,3839.9,2896.0,3144.6,1,1,3144.0,5,3,3143.9,21,1,3143.8,11,1,3143.7,37,2,3144.8,195,1,3145.2,166,1,3145.3,91,4,3145.6,6,2,3145.7,36,1
2031,2026-06-16 13:35:54+05:30,3144.8,195,3132.19,2535504,124168.0,200773.0,3163.0,3163.0,3108.0,3134.3,32007200,3447.7,2820.9,3839.9,2896.0,3144.6,42,2,3144.3,16,1,3144.2,12,2,3144.1,50,2,3144.0,179,12,3144.8,25,1,3145.1,166,1,3145.3,28,1,3145.7,36,1,3145.8,245,2
2031,2026-06-16 13:35:54+05:30,3145.2,20,3132.19,2535504,124168.0,200773.0,3163.0,3163.0,3108.0,3134.3,32007200,3447.7,2820.9,3839.9,2896.0,3144.6,42,2,3144.3,16,1,3144.2,12,2,3144.1,50,2,3144.0,179,12,3144.8,25,1,3145.1,166,1,3145.3,28,1,3145.7,36,1,3145.8,245,2
2031,2026-06-16 13:35:55+05:30,3145.2,20,3132.19,2535554,125094.0,200774.0,3163.0,3163.0,3108.0,3134.3,32007200,3447.7,2820.9,3839.9,2896.0,3145.2,1,1,3144.6,53,3,3144.4,96,5,3144.3,103,6,3144.2,388,3,3145.3,28,1,3145.7,36,1,3145.8,146,1,3146.0,152,2,3146.2,85,3
2031,2026-06-16 13:35:55+05:30,3144.6,26,3132.19,2535554,125094.0,200774.0,3163.0,3163.0,3108.0,3134.3,32007200,3447.7,2820.9,3839.9,2896.0,3145.2,1,1,3144.6,53,3,3144.4,96,5,3144.3,103,6,3144.2,388,3,3145.3,28,1,3145.7,36,1,3145.8,146,1,3146.0,152,2,3146.2,85,3
2031,2026-06-16 13:35:56+05:30,3145.3,2,3132.19,2535628,124581.0,200566.0,3163.0,3163.0,3108.0,3134.3,32007200,3447.7,2820.9,3839.9,2896.0,3144.7,69,5,3144.6,41,4,3144.5,26,1,3144.4,80,4,3144.3,463,8,3145.3,5,1,3145.7,182,2,3146.0,152,2,3146.2,83,2,3146.4,264,4
2031,2026-06-16 13:35:56+05:30,3145.3,2,3132.19,2535628,124581.0,200566.0,3163.0,3163.0,3108.0,3134.3,32007200,3447.7,2820.9,3839.9,2896.0,3144.7,69,5,3144.6,41,4,3144.5,26,1,3144.4,80,4,3144.3,463,8,3145.3,5,1,3145.7,182,2,3146.0,152,2,3146.2,83,2,3146.4,264,4
2031,2026-06-16 13:35:57+05:30,3144.8,1,3132.19,2535629,124443.0,200923.0,3163.0,3163.0,3108.0,3134.3,32007200,3447.7,2820.9,3839.9,2896.0,3144.8,17,1,3144.7,1,1,3144.6,27,2,3144.5,7,1,3144.4,17,3,3145.0,15,1,3145.7,182,2,3146.0,173,3,3146.2,21,1,3146.4,275,4
2031,2026-06-16 13:35:57+05:30,3144.6,13,3132.19,2535629,124443.0,200923.0,3163.0,3163.0,3108.0,3134.3,32007200,3447.7,2820.9,3839.9,2896.0,3144.8,17,1,3144.7,1,1,3144.6,27,2,3144.5,7,1,3144.4,17,3,3145.0,15,1,3145.7,182,2,3146.0,173,3,3146.2,21,1,3146.4,275,4
2031,2026-06-16 13:35:57+05:30,3145.1,20,3132.2,2535865,124007.0,200771.0,3163.0,3163.0,3108.0,3134.3,32007200,3447.7,2820.9,3839.9,2896.0,3144.6,5,1,3144.4,22,3,3144.3,88,5,3144.2,1,1,3144.1,21,1,3145.7,36,1,3145.8,124,3,3145.9,197,3,3146.0,152,2,3146.1,38,1
2031,2026-06-16 13:35:58+05:30,3145.1,20,3132.2,2535865,124007.0,200771.0,3163.0,3163.0,3108.0,3134.3,32007200,3447.7,2820.9,3839.9,2896.0,3144.6,5,1,3144.4,22,3,3144.3,88,5,3144.2,1,1,3144.1,21,1,3145.7,36,1,3145.8,124,3,3145.9,197,3,3146.0,152,2,3146.1,38,1
2031,2026-06-16 13:35:58+05:30,3145.4,16,3132.2,2535881,123657.0,200992.0,3163.0,3163.0,3108.0,3134.3,32007200,3447.7,2820.9,3839.9,2896.0,3144.6,17,1,3144.4,3,1,3144.0,72,8,3143.9,72,3,3143.8,40,4,3145.4,130,1,3145.6,71,2,3145.7,79,3,3145.8,38,1,3145.9,51,1
2031,2026-06-16 13:35:59+05:30,3144.6,39,3132.2,2535881,123657.0,200992.0,3163.0,3163.0,3108.0,3134.3,32007200,3447.7,2820.9,3839.9,2896.0,3144.6,17,1,3144.4,3,1,3144.0,72,8,3143.9,72,3,3143.8,40,4,3145.4,130,1,3145.6,71,2,3145.7,79,3,3145.8,38,1,3145.9,51,1
2031,2026-06-16 13:35:59+05:30,3144.6,39,3132.2,2535920,123688.0,200957.0,3163.0,3163.0,3108.0,3134.3,32007200,3447.7,2820.9,3839.9,2896.0,3144.6,31,2,3144.4,3,1,3144.1,21,1,3144.0,72,8,3143.9,67,2,3145.4,10,1,3145.5,130,1,3145.6,81,3,3145.7,77,2,3145.8,90,3
2031,2026-06-16 13:36:00+05:30,3144.6,39,3132.2,2535920,124452.0,201197.0,3163.0,3163.0,3108.0,3134.3,32007200,3447.7,2820.9,3839.9,2896.0,3145.0,2,2,3144.6,37,4,3144.4,3,1,3144.2,194,2,3144.1,67,2,3145.4,140,2,3145.6,10,1,3145.7,36,1,3145.9,6,1,3146.0,187,3
2031,2026-06-16 13:36:02+05:30,3144.6,39,3132.2,2535920,124419.0,201248.0,3163.0,3163.0,3108.0,3134.3,32007200,3447.7,2820.9,3839.9,2896.0,3145.0,2,2,3144.6,37,4,3144.4,3,1,3144.3,10,1,3144.2,16,1,3145.4,140,2,3145.6,22,2,3145.7,36,1,3146.0,189,4,3146.1,300,3
2031,2026-06-16 13:36:03+05:30,3145.4,1,3132.2,2535922,124442.0,201220.0,3163.0,3163.0,3108.0,3134.3,32007200,3447.7,2820.9,3839.9,2896.0,3145.0,2,2,3144.6,37,4,3144.4,3,1,3144.3,10,1,3144.2,16,1,3145.4,163,3,3145.6,10,1,3145.7,36,1,3145.9,6,1,3146.0,189,4
2031,2026-06-16 13:36:03+05:30,3145.4,1,3132.2,2535922,124442.0,201220.0,3163.0,3163.0,3108.0,3134.3,32007200,3447.7,2820.9,3839.9,2896.0,3145.0,2,2,3144.6,37,4,3144.4,3,1,3144.3,10,1,3144.2,16,1,3145.4,163,3,3145.6,10,1,3145.7,36,1,3145.9,6,1,3146.0,189,4
2031,2026-06-16 13:36:04+05:30,3145.4,1,3132.2,2535922,124209.0,201146.0,3163.0,3163.0,3108.0,3134.3,32007200,3447.7,2820.9,3839.9,2896.0,3145.0,2,2,3144.9,15,1,3144.6,20,3,3144.4,3,1,3144.3,10,1,3145.3,130,1,3145.4,33,2,3145.6,22,2,3145.7,38,2,3145.8,238,2
2031,2026-06-16 13:36:05+05:30,3145.0,1,3132.2,2536090,123692.0,201654.0,3163.0,3163.0,3108.0,3134.3,32007200,3447.7,2820.9,3839.9,2896.0,3144.6,20,3,3144.3,10,1,3144.1,21,1,3144.0,4,2,3143.9,67,2,3145.0,52,1,3145.2,36,2,3145.3,90,3,3145.4,176,3,3145.5,42,3
2031,2026-06-16 13:36:05+05:30,3144.6,2,3132.2,2536090,123692.0,201654.0,3163.0,3163.0,3108.0,3134.3,32007200,3447.7,2820.9,3839.9,2896.0,3144.6,20,3,3144.3,10,1,3144.1,21,1,3144.0,4,2,3143.9,67,2,3145.0,52,1,3145.2,36,2,3145.3,90,3,3145.4,176,3,3145.5,42,3
2031,2026-06-16 13:36:06+05:30,3145.3,10,3132.2,2536165,123927.0,201135.0,3163.0,3163.0,3108.0,3134.3,32007200,3447.7,2820.9,3839.9,2896.0,3144.6,59,4,3144.3,10,1,3144.2,4,2,3144.1,129,3,3144.0,59,8,3145.3,51,2,3145.6,130,1,3145.7,36,1,3145.8,45,1,3146.0,154,3
2031,2026-06-16 13:36:06+05:30,3145.3,10,3132.2,2536165,123927.0,201135.0,3163.0,3163.0,3108.0,3134.3,32007200,3447.7,2820.9,3839.9,2896.0,3144.6,59,4,3144.3,10,1,3144.2,4,2,3144.1,129,3,3144.0,59,8,3145.3,51,2,3145.6,130,1,3145.7,36,1,3145.8,45,1,3146.0,154,3
2031,2026-06-16 13:36:07+05:30,3145.3,10,3132.2,2536165,124047.0,200914.0,3163.0,3163.0,3108.0,3134.3,32007200,3447.7,2820.9,3839.9,2896.0,3144.6,77,5,3144.3,10,1,3144.2,54,4,3144.1,84,2,3144.0,43,7,3145.0,1,1,3145.3,51,2,3145.5,130,1,3145.6,26,1,3145.7,36,1
2031,2026-06-16 13:36:07+05:30,3145.0,1,3132.2,2536165,124047.0,200914.0,3163.0,3163.0,3108.0,3134.3,32007200,3447.7,2820.9,3839.9,2896.0,3144.6,77,5,3144.3,10,1,3144.2,54,4,3144.1,84,2,3144.0,43,7,3145.0,1,1,3145.3,51,2,3145.5,130,1,3145.6,26,1,3145.7,36,1
2031,2026-06-16 13:36:08+05:30,3145.0,1,3132.2,2536166,124022.0,201295.0,3163.0,3163.0,3108.0,3134.3,32007200,3447.7,2820.9,3839.9,2896.0,3144.6,81,6,3144.4,51,3,3144.3,20,2,3144.2,56,5,3144.1,66,2,3145.3,51,2,3145.5,130,1,3145.7,36,1,3145.9,8,2,3146.0,152,2
2031,2026-06-16 13:36:08+05:30,3145.3,1,3132.2,2536166,124022.0,201295.0,3163.0,3163.0,3108.0,3134.3,32007200,3447.7,2820.9,3839.9,2896.0,3144.6,81,6,3144.4,51,3,3144.3,20,2,3144.2,56,5,3144.1,66,2,3145.3,51,2,3145.5,130,1,3145.7,36,1,3145.9,8,2,3146.0,152,2
2031,2026-06-16 13:36:09+05:30,3145.3,1,3132.2,2536173,124021.0,201676.0,3163.0,3163.0,3108.0,3134.3,32007200,3447.7,2820.9,3839.9,2896.0,3144.9,5,1,3144.6,76,5,3144.3,20,2,3144.2,20,3,3144.1,34,2,3145.0,500,1,3145.3,44,2,3145.4,130,1,3145.6,2,1,3145.7,36,1
2031,2026-06-16 13:36:09+05:30,3144.9,41,3132.2,2536173,124021.0,201676.0,3163.0,3163.0,3108.0,3134.3,32007200,3447.7,2820.9,3839.9,2896.0,3144.9,5,1,3144.6,76,5,3144.3,20,2,3144.2,20,3,3144.1,34,2,3145.0,500,1,3145.3,44,2,3145.4,130,1,3145.6,2,1,3145.7,36,1
2031,2026-06-16 13:36:10+05:30,3145.1,1,3132.2,2536720,124547.0,200811.0,3163.0,3163.0,3108.0,3134.3,32007200,3447.7,2820.9,3839.9,2896.0,3144.9,5,1,3144.6,92,6,3144.5,34,1,3144.3,62,4,3144.2,91,4,3145.0,7,1,3145.3,41,2,3145.6,130,1,3145.7,36,1,3145.9,6,1
2031,2026-06-16 13:36:10+05:30,3145.3,8,3132.2,2536720,124547.0,200811.0,3163.0,3163.0,3108.0,3134.3,32007200,3447.7,2820.9,3839.9,2896.0,3144.9,5,1,3144.6,92,6,3144.5,34,1,3144.3,62,4,3144.2,91,4,3145.0,7,1,3145.3,41,2,3145.6,130,1,3145.7,36,1,3145.9,6,1
2031,2026-06-16 13:36:11+05:30,3145.3,8,3132.2,2536735,124555.0,201349.0,3163.0,3163.0,3108.0,3134.3,32007200,3447.7,2820.9,3839.9,2896.0,3144.9,21,2,3144.6,73,4,3144.5,34,1,3144.3,62,4,3144.2,66,4,3145.3,5,1,3145.5,130,1,3145.7,36,1,3145.9,6,1,3146.0,152,2
2031,2026-06-16 13:36:11+05:30,3145.7,51,3132.2,2536827,124894.0,200631.0,3163.0,3163.0,3108.0,3134.3,32007200,3447.7,2820.9,3839.9,2896.0,3145.3,2,1,3145.0,3,1,3144.9,60,3,3144.7,20,1,3144.6,73,4,3145.9,79,1,3146.0,177,3,3146.3,37,2,3146.4,38,1,3146.5,368,5
2031,2026-06-16 13:36:12+05:30,3145.0,2,3132.2,2536827,124894.0,200631.0,3163.0,3163.0,3108.0,3134.3,32007200,3447.7,2820.9,3839.9,2896.0,3145.3,2,1,3145.0,3,1,3144.9,60,3,3144.7,20,1,3144.6,73,4,3145.9,79,1,3146.0,177,3,3146.3,37,2,3146.4,38,1,3146.5,368,5
2031,2026-06-16 13:36:12+05:30,3145.0,2,3132.2,2536906,125407.0,199796.0,3163.0,3163.0,3108.0,3134.3,32007200,3447.7,2820.9,3839.9,2896.0,3145.1,26,2,3145.0,35,6,3144.9,44,2,3144.8,87,3,3144.7,38,2,3146.0,152,2,3146.6,41,2,3146.7,252,3,3146.8,117,3,3146.9,202,2
2031,2026-06-16 13:36:13+05:30,3145.3,16,3132.2,2536906,125407.0,199796.0,3163.0,3163.0,3108.0,3134.3,32007200,3447.7,2820.9,3839.9,2896.0,3145.1,26,2,3145.0,35,6,3144.9,44,2,3144.8,87,3,3144.7,38,2,3146.0,152,2,3146.6,41,2,3146.7,252,3,3146.8,117,3,3146.9,202,2
2031,2026-06-16 13:36:13+05:30,3145.9,1,3132.2,2536923,125249.0,200180.0,3163.0,3163.0,3108.0,3134.3,32007200,3447.7,2820.9,3839.9,2896.0,3145.3,16,1,3145.1,43,3,3145.0,1,1,3144.9,44,2,3144.7,66,2,3145.9,199,1,3146.0,163,4,3146.4,37,2,3146.5,242,2,3146.6,41,2
2031,2026-06-16 13:36:14+05:30,3145.9,1,3132.2,2536923,125249.0,200180.0,3163.0,3163.0,3108.0,3134.3,32007200,3447.7,2820.9,3839.9,2896.0,3145.3,16,1,3145.1,43,3,3145.0,1,1,3144.9,44,2,3144.7,66,2,3145.9,199,1,3146.0,163,4,3146.4,37,2,3146.5,242,2,3146.6,41,2
2031,2026-06-16 13:36:14+05:30,3145.9,1,3132.2,2536925,125207.0,200082.0,3163.0,3163.0,3108.0,3134.3,32007200,3447.7,2820.9,3839.9,2896.0,3145.5,17,1,3145.3,1,1,3145.1,43,3,3145.0,1,1,3144.9,59,3,3145.9,199,2,3146.0,162,3,3146.2,5,1,3146.3,2,1,3146.4,35,1
2031,2026-06-16 13:36:15+05:30,3145.9,1,3132.2,2536925,125207.0,200082.0,3163.0,3163.0,3108.0,3134.3,32007200,3447.7,2820.9,3839.9,2896.0,3145.5,17,1,3145.3,1,1,3145.1,43,3,3145.0,1,1,3144.9,59,3,3145.9,199,2,3146.0,162,3,3146.2,5,1,3146.3,2,1,3146.4,35,1
2031,2026-06-16 13:36:15+05:30,3145.9,1,3132.2,2536925,125385.0,200043.0,3163.0,3163.0,3108.0,3134.3,32007200,3447.7,2820.9,3839.9,2896.0,3145.7,5,3,3145.5,60,4,3145.3,1,1,3145.1,43,3,3145.0,1,1,3145.9,243,3,3146.0,162,3,3146.2,5,1,3146.5,200,1,3146.6,2,1
2031,2026-06-16 13:36:16+05:30,3144.6,1,3132.2,2536925,125385.0,200043.0,3163.0,3163.0,3108.0,3134.3,32007200,3447.7,2820.9,3839.9,2896.0,3145.7,5,3,3145.5,60,4,3145.3,1,1,3145.1,43,3,3145.0,1,1,3145.9,243,3,3146.0,162,3,3146.2,5,1,3146.5,200,1,3146.6,2,1
2031,2026-06-16 13:36:16+05:30,3144.6,1,3132.2,2537564,124076.0,201495.0,3163.0,3163.0,3108.0,3134.3,32007200,3447.7,2820.9,3839.9,2896.0,3144.6,6,1,3144.5,16,1,3144.3,10,1,3144.2,28,2,3144.1,34,2,3145.0,803,1,3145.3,197,1,3145.7,25,1,3145.9,72,4,3146.0,362,4
2031,2026-06-16 13:36:17+05:30,3145.0,803,3132.2,2537564,124076.0,201495.0,3163.0,3163.0,3108.0,3134.3,32007200,3447.7,2820.9,3839.9,2896.0,3144.6,6,1,3144.5,16,1,3144.3,10,1,3144.2,28,2,3144.1,34,2,3145.0,803,1,3145.3,197,1,3145.7,25,1,3145.9,72,4,3146.0,362,4
2031,2026-06-16 13:36:17+05:30,3145.0,803,3132.21,2538367,124247.0,200348.0,3163.0,3163.0,3108.0,3134.3,32007200,3447.7,2820.9,3839.9,2896.0,3144.7,12,1,3144.6,37,4,3144.5,42,2,3144.4,11,2,3144.3,26,2,3145.0,1,1,3145.5,197,1,3145.9,219,3,3146.0,37,3,3146.2,21,1
2031,2026-06-16 13:36:17+05:30,3145.0,803,3132.21,2538367,124247.0,200348.0,3163.0,3163.0,3108.0,3134.3,32007200,3447.7,2820.9,3839.9,2896.0,3144.7,12,1,3144.6,37,4,3144.5,42,2,3144.4,11,2,3144.3,26,2,3145.0,1,1,3145.5,197,1,3145.9,219,3,3146.0,37,3,3146.2,21,1
2031,2026-06-16 13:36:18+05:30,3145.8,100,3132.21,2538367,124247.0,200348.0,3163.0,3163.0,3108.0,3134.3,32007200,3447.7,2820.9,3839.9,2896.0,3144.7,12,1,3144.6,37,4,3144.5,42,2,3144.4,11,2,3144.3,26,2,3145.0,1,1,3145.5,197,1,3145.9,219,3,3146.0,37,3,3146.2,21,1
2031,2026-06-16 13:36:18+05:30,3144.5,10,3132.21,2538518,123269.0,200751.0,3163.0,3163.0,3108.0,3134.3,32007200,3447.7,2820.9,3839.9,2896.0,3144.2,12,1,3144.0,48,5,3143.9,46,1,3143.8,26,2,3143.7,61,5,3144.5,150,1,3145.0,1,1,3145.3,97,1,3145.7,1,1,3145.8,59,3
2031,2026-06-16 13:36:19+05:30,3145.0,200,3132.21,2538518,123269.0,200751.0,3163.0,3163.0,3108.0,3134.3,32007200,3447.7,2820.9,3839.9,2896.0,3144.2,12,1,3144.0,48,5,3143.9,46,1,3143.8,26,2,3143.7,61,5,3144.5,150,1,3145.0,1,1,3145.3,97,1,3145.7,1,1,3145.8,59,3
2031,2026-06-16 13:36:19+05:30,3145.0,200,3132.21,2538518,123269.0,200751.0,3163.0,3163.0,3108.0,3134.3,32007200,3447.7,2820.9,3839.9,2896.0,3144.2,12,1,3144.0,48,5,3143.9,46,1,3143.8,26,2,3143.7,61,5,3144.5,150,1,3145.0,1,1,3145.3,97,1,3145.7,1,1,3145.8,59,3
2031,2026-06-16 13:36:19+05:30,3145.0,200,3132.21,2539033,123337.0,200226.0,3163.0,3163.0,3108.0,3134.3,32007200,3447.7,2820.9,3839.9,2896.0,3144.6,1,1,3144.3,20,1,3144.2,56,2,3144.1,44,2,3144.0,11,4,3145.6,13,1,3145.7,71,4,3145.8,100,6,3145.9,217,4,3146.0,12,2
2031,2026-06-16 13:36:20+05:30,3145.0,200,3132.21,2539033,123563.0,201744.0,3163.0,3163.0,3108.0,3134.3,32007200,3447.7,2820.9,3839.9,2896.0,3144.6,1,1,3144.2,56,2,3144.1,22,1,3144.0,11,4,3143.9,20,1,3145.3,200,1,3145.4,13,1,3145.5,67,2,3145.6,15,2,3145.7,46,3
2031,2026-06-16 13:36:21+05:30,3145.3,52,3132.21,2539033,123563.0,201744.0,3163.0,3163.0,3108.0,3134.3,32007200,3447.7,2820.9,3839.9,2896.0,3144.6,1,1,3144.2,56,2,3144.1,22,1,3144.0,11,4,3143.9,20,1,3145.3,200,1,3145.4,13,1,3145.5,67,2,3145.6,15,2,3145.7,46,3
2031,2026-06-16 13:36:21+05:30,3145.3,52,3132.21,2539085,124004.0,201444.0,3163.0,3163.0,3108.0,3134.3,32007200,3447.7,2820.9,3839.9,2896.0,3144.6,55,3,3144.3,43,1,3144.2,86,2,3144.1,22,1,3144.0,47,6,3145.5,148,1,3145.6,13,1,3145.7,13,1,3145.9,152,2,3146.0,46,4
2031,2026-06-16 13:36:21+05:30,3145.3,52,3132.21,2539085,124004.0,201444.0,3163.0,3163.0,3108.0,3134.3,32007200,3447.7,2820.9,3839.9,2896.0,3144.6,55,3,3144.3,43,1,3144.2,86,2,3144.1,22,1,3144.0,47,6,3145.5,148,1,3145.6,13,1,3145.7,13,1,3145.9,152,2,3146.0,46,4
2031,2026-06-16 13:36:22+05:30,3144.6,140,3132.21,2539085,124004.0,201444.0,3163.0,3163.0,3108.0,3134.3,32007200,3447.7,2820.9,3839.9,2896.0,3144.6,55,3,3144.3,43,1,3144.2,86,2,3144.1,22,1,3144.0,47,6,3145.5,148,1,3145.6,13,1,3145.7,13,1,3145.9,152,2,3146.0,46,4
2031,2026-06-16 13:36:22+05:30,3144.5,1,3132.21,2539474,123146.0,201316.0,3163.0,3163.0,3108.0,3134.3,32007200,3447.7,2820.9,3839.9,2896.0,3144.2,40,1,3144.0,27,4,3143.9,70,3,3143.8,3,1,3143.7,85,4,3144.5,12,1,3145.3,147,1,3145.5,17,1,3145.8,24,3,3145.9,154,2
2031,2026-06-16 13:36:23+05:30,3144.9,1,3132.21,2539474,123146.0,201316.0,3163.0,3163.0,3108.0,3134.3,32007200,3447.7,2820.9,3839.9,2896.0,3144.2,40,1,3144.0,27,4,3143.9,70,3,3143.8,3,1,3143.7,85,4,3144.5,12,1,3145.3,147,1,3145.5,17,1,3145.8,24,3,3145.9,154,2
2031,2026-06-16 13:36:23+05:30,3144.9,1,3132.21,2539474,123146.0,201316.0,3163.0,3163.0,3108.0,3134.3,32007200,3447.7,2820.9,3839.9,2896.0,3144.2,40,1,3144.0,27,4,3143.9,70,3,3143.8,3,1,3143.7,85,4,3144.5,12,1,3145.3,147,1,3145.5,17,1,3145.8,24,3,3145.9,154,2
2031,2026-06-16 13:36:23+05:30,3144.9,1,3132.21,2539487,123764.0,201692.0,3163.0,3163.0,3108.0,3134.3,32007200,3447.7,2820.9,3839.9,2896.0,3144.9,6,1,3144.2,43,2,3144.1,20,1,3144.0,17,5,3143.9,74,3,3145.4,147,1,3145.5,17,1,3145.6,6,1,3145.7,150,1,3145.8,4,2
2031,2026-06-16 13:36:24+05:30,3145.4,1,3132.21,2539487,123764.0,201692.0,3163.0,3163.0,3108.0,3134.3,32007200,3447.7,2820.9,3839.9,2896.0,3144.9,6,1,3144.2,43,2,3144.1,20,1,3144.0,17,5,3143.9,74,3,3145.4,147,1,3145.5,17,1,3145.6,6,1,3145.7,150,1,3145.8,4,2
2031,2026-06-16 13:36:24+05:30,3145.3,19,3132.21,2539539,123952.0,201446.0,3163.0,3163.0,3108.0,3134.3,32007200,3447.7,2820.9,3839.9,2896.0,3145.1,34,3,3145.0,32,1,3144.8,32,1,3144.3,20,1,3144.2,61,4,3145.3,13,1,3145.5,159,2,3145.6,13,1,3145.7,150,1,3145.8,46,1
2031,2026-06-16 13:36:25+05:30,3145.1,1,3132.21,2539539,123952.0,201446.0,3163.0,3163.0,3108.0,3134.3,32007200,3447.7,2820.9,3839.9,2896.0,3145.1,34,3,3145.0,32,1,3144.8,32,1,3144.3,20,1,3144.2,61,4,3145.3,13,1,3145.5,159,2,3145.6,13,1,3145.7,150,1,3145.8,46,1
2031,2026-06-16 13:36:25+05:30,3145.1,1,3132.21,2539539,123952.0,201446.0,3163.0,3163.0,3108.0,3134.3,32007200,3447.7,2820.9,3839.9,2896.0,3145.1,34,3,3145.0,32,1,3144.8,32,1,3144.3,20,1,3144.2,61,4,3145.3,13,1,3145.5,159,2,3145.6,13,1,3145.7,150,1,3145.8,46,1
2031,2026-06-16 13:36:25+05:30,3145.0,42,3132.21,2539590,123078.0,202652.0,3163.0,3163.0,3108.0,3134.3,32007200,3447.7,2820.9,3839.9,2896.0,3144.0,4,2,3143.7,21,1,3143.6,22,1,3143.5,21,1,3143.4,94,4,3144.9,13,1,3145.0,104,1,3145.1,64,4,3145.2,111,5,3145.3,58,2
2031,2026-06-16 13:36:26+05:30,3145.2,31,3132.21,2539590,123078.0,202652.0,3163.0,3163.0,3108.0,3134.3,32007200,3447.7,2820.9,3839.9,2896.0,3144.0,4,2,3143.7,21,1,3143.6,22,1,3143.5,21,1,3143.4,94,4,3144.9,13,1,3145.0,104,1,3145.1,64,4,3145.2,111,5,3145.3,58,2
2031,2026-06-16 13:36:26+05:30,3145.2,31,3132.22,2539742,123261.0,202093.0,3163.0,3163.0,3108.0,3134.3,32007200,3447.7,2820.9,3839.9,2896.0,3144.0,23,6,3143.9,63,2,3143.8,50,2,3143.7,123,4,3143.6,22,1,3145.1,200,1,3145.2,25,2,3145.3,77,2,3145.4,2,1,3145.5,38,1
2031,2026-06-16 13:36:27+05:30,3145.2,31,3132.22,2539742,123261.0,202093.0,3163.0,3163.0,3108.0,3134.3,32007200,3447.7,2820.9,3839.9,2896.0,3144.0,23,6,3143.9,63,2,3143.8,50,2,3143.7,123,4,3143.6,22,1,3145.1,200,1,3145.2,25,2,3145.3,77,2,3145.4,2,1,3145.5,38,1
2031,2026-06-16 13:36:27+05:30,3144.0,1,3132.22,2539742,123261.0,202093.0,3163.0,3163.0,3108.0,3134.3,32007200,3447.7,2820.9,3839.9,2896.0,3144.0,23,6,3143.9,63,2,3143.8,50,2,3143.7,123,4,3143.6,22,1,3145.1,200,1,3145.2,25,2,3145.3,77,2,3145.4,2,1,3145.5,38,1
2031,2026-06-16 13:36:28+05:30,3145.0,13,3132.22,2539801,123424.0,202562.0,3163.0,3163.0,3108.0,3134.3,32007200,3447.7,2820.9,3839.9,2896.0,3144.5,32,1,3144.4,32,1,3144.3,32,1,3144.1,53,2,3144.0,50,3,3145.3,234,2,3145.4,33,1,3145.5,6,1,3145.6,41,1,3145.7,244,4
2031,2026-06-16 13:36:28+05:30,3145.0,13,3132.22,2539801,123424.0,202562.0,3163.0,3163.0,3108.0,3134.3,32007200,3447.7,2820.9,3839.9,2896.0,3144.5,32,1,3144.4,32,1,3144.3,32,1,3144.1,53,2,3144.0,50,3,3145.3,234,2,3145.4,33,1,3145.5,6,1,3145.6,41,1,3145.7,244,4
2031,2026-06-16 13:36:28+05:30,3145.0,13,3132.22,2539801,123424.0,202562.0,3163.0,3163.0,3108.0,3134.3,32007200,3447.7,2820.9,3839.9,2896.0,3144.5,32,1,3144.4,32,1,3144.3,32,1,3144.1,53,2,3144.0,50,3,3145.3,234,2,3145.4,33,1,3145.5,6,1,3145.6,41,1,3145.7,244,4
2031,2026-06-16 13:36:29+05:30,3145.2,1,3132.22,2539879,123378.0,202361.0,3163.0,3163.0,3108.0,3134.3,32007200,3447.7,2820.9,3839.9,2896.0,3144.8,32,1,3144.7,32,1,3144.5,33,2,3144.2,3,1,3144.1,21,1,3145.2,24,2,3145.3,247,3,3145.6,109,3,3145.7,317,5,3145.8,81,3
2031,2026-06-16 13:36:29+05:30,3145.2,1,3132.22,2539879,123378.0,202361.0,3163.0,3163.0,3108.0,3134.3,32007200,3447.7,2820.9,3839.9,2896.0,3144.8,32,1,3144.7,32,1,3144.5,33,2,3144.2,3,1,3144.1,21,1,3145.2,24,2,3145.3,247,3,3145.6,109,3,3145.7,317,5,3145.8,81,3
2031,2026-06-16 13:36:29+05:30,3145.2,1,3132.22,2539879,123378.0,202361.0,3163.0,3163.0,3108.0,3134.3,32007200,3447.7,2820.9,3839.9,2896.0,3144.8,32,1,3144.7,32,1,3144.5,33,2,3144.2,3,1,3144.1,21,1,3145.2,24,2,3145.3,247,3,3145.6,109,3,3145.7,317,5,3145.8,81,3
2031,2026-06-16 13:36:30+05:30,3144.8,20,3132.22,2540057,123253.0,202764.0,3163.0,3163.0,3108.0,3134.3,32007200,3447.7,2820.9,3839.9,2896.0,3144.5,1,1,3144.0,3,1,3143.9,21,1,3143.7,21,1,3143.5,24,2,3144.8,180,1,3144.9,12,1,3145.0,13,1,3145.1,62,3,3145.2,43,4
2031,2026-06-16 13:36:30+05:30,3144.8,20,3132.22,2540057,123253.0,202764.0,3163.0,3163.0,3108.0,3134.3,32007200,3447.7,2820.9,3839.9,2896.0,3144.5,1,1,3144.0,3,1,3143.9,21,1,3143.7,21,1,3143.5,24,2,3144.8,180,1,3144.9,12,1,3145.0,13,1,3145.1,62,3,3145.2,43,4
2031,2026-06-16 13:36:30+05:30,3144.9,39,3132.22,2540057,123253.0,202764.0,3163.0,3163.0,3108.0,3134.3,32007200,3447.7,2820.9,3839.9,2896.0,3144.5,1,1,3144.0,3,1,3143.9,21,1,3143.7,21,1,3143.5,24,2,3144.8,180,1,3144.9,12,1,3145.0,13,1,3145.1,62,3,3145.2,43,4
2031,2026-06-16 13:36:30+05:30,3144.9,39,3132.22,2540057,123253.0,202764.0,3163.0,3163.0,3108.0,3134.3,32007200,3447.7,2820.9,3839.9,2896.0,3144.5,1,1,3144.0,3,1,3143.9,21,1,3143.7,21,1,3143.5,24,2,3144.8,180,1,3144.9,12,1,3145.0,13,1,3145.1,62,3,3145.2,43,4
2031,2026-06-16 13:36:30+05:30,3144.9,39,3132.22,2540285,124086.0,201981.0,3163.0,3163.0,3108.0,3134.3,32007200,3447.7,2820.9,3839.9,2896.0,3144.8,37,2,3144.7,2,2,3144.5,43,2,3144.3,16,1,3144.2,8,2,3145.1,12,1,3145.2,29,3,3145.3,34,1,3145.5,38,1,3145.6,68,2
2031,2026-06-16 13:36:31+05:30,3144.9,39,3132.22,2540285,124086.0,201981.0,3163.0,3163.0,3108.0,3134.3,32007200,3447.7,2820.9,3839.9,2896.0,3144.8,37,2,3144.7,2,2,3144.5,43,2,3144.3,16,1,3144.2,8,2,3145.1,12,1,3145.2,29,3,3145.3,34,1,3145.5,38,1,3145.6,68,2
2031,2026-06-16 13:36:31+05:30,3145.0,45,3132.22,2540285,124086.0,201981.0,3163.0,3163.0,3108.0,3134.3,32007200,3447.7,2820.9,3839.9,2896.0,3144.8,37,2,3144.7,2,2,3144.5,43,2,3144.3,16,1,3144.2,8,2,3145.1,12,1,3145.2,29,3,3145.3,34,1,3145.5,38,1,3145.6,68,2
2031,2026-06-16 13:36:31+05:30,3145.0,45,3132.22,2540285,124086.0,201981.0,3163.0,3163.0,3108.0,3134.3,32007200,3447.7,2820.9,3839.9,2896.0,3144.8,37,2,3144.7,2,2,3144.5,43,2,3144.3,16,1,3144.2,8,2,3145.1,12,1,3145.2,29,3,3145.3,34,1,3145.5,38,1,3145.6,68,2
2031,2026-06-16 13:36:32+05:30,3145.2,1,3132.22,2540331,125071.0,201888.0,3163.0,3163.0,3108.0,3134.3,32007200,3447.7,2820.9,3839.9,2896.0,3145.0,2,1,3144.9,47,2,3144.8,37,2,3144.7,34,3,3144.6,16,1,3145.2,16,2,3145.3,34,1,3145.5,238,2,3145.6,39,1,3145.7,192,2
2031,2026-06-16 13:36:32+05:30,3145.2,2,3132.22,2540331,125071.0,201888.0,3163.0,3163.0,3108.0,3134.3,32007200,3447.7,2820.9,3839.9,2896.0,3145.0,2,1,3144.9,47,2,3144.8,37,2,3144.7,34,3,3144.6,16,1,3145.2,16,2,3145.3,34,1,3145.5,238,2,3145.6,39,1,3145.7,192,2
2031,2026-06-16 13:36:33+05:30,3145.2,2,3132.22,2540331,125071.0,201888.0,3163.0,3163.0,3108.0,3134.3,32007200,3447.7,2820.9,3839.9,2896.0,3145.0,2,1,3144.9,47,2,3144.8,37,2,3144.7,34,3,3144.6,16,1,3145.2,16,2,3145.3,34,1,3145.5,238,2,3145.6,39,1,3145.7,192,2
2031,2026-06-16 13:36:33+05:30,3145.5,29,3132.22,2540412,124834.0,201991.0,3163.0,3163.0,3108.0,3134.3,32007200,3447.7,2820.9,3839.9,2896.0,3145.1,16,1,3145.0,38,2,3144.8,5,1,3144.7,5,3,3144.5,109,4,3145.3,1,1,3145.5,200,1,3145.6,39,1,3145.7,192,2,3145.8,46,1
2031,2026-06-16 13:36:33+05:30,3145.3,24,3132.22,2540412,124834.0,201991.0,3163.0,3163.0,3108.0,3134.3,32007200,3447.7,2820.9,3839.9,2896.0,3145.1,16,1,3145.0,38,2,3144.8,5,1,3144.7,5,3,3144.5,109,4,3145.3,1,1,3145.5,200,1,3145.6,39,1,3145.7,192,2,3145.8,46,1
2031,2026-06-16 13:36:33+05:30,3145.3,24,3132.22,2540412,124834.0,201991.0,3163.0,3163.0,3108.0,3134.3,32007200,3447.7,2820.9,3839.9,2896.0,3145.1,16,1,3145.0,38,2,3144.8,5,1,3144.7,5,3,3144.5,109,4,3145.3,1,1,3145.5,200,1,3145.6,39,1,3145.7,192,2,3145.8,46,1
2031,2026-06-16 13:36:34+05:30,3145.3,24,3132.22,2540562,124531.0,202277.0,3163.0,3163.0,3108.0,3134.3,32007200,3447.7,2820.9,3839.9,2896.0,3145.0,38,2,3144.8,23,2,3144.7,5,3,3144.5,43,2,3144.3,22,1,3145.3,9,2,3145.4,224,3,3145.5,24,2,3145.6,68,2,3145.7,192,2
2031,2026-06-16 13:36:34+05:30,3145.3,24,3132.22,2540562,124531.0,202277.0,3163.0,3163.0,3108.0,3134.3,32007200,3447.7,2820.9,3839.9,2896.0,3145.0,38,2,3144.8,23,2,3144.7,5,3,3144.5,43,2,3144.3,22,1,3145.3,9,2,3145.4,224,3,3145.5,24,2,3145.6,68,2,3145.7,192,2
2031,2026-06-16 13:36:35+05:30,3145.0,23,3132.22,2540590,124758.0,202199.0,3163.0,3163.0,3108.0,3134.3,32007200,3447.7,2820.9,3839.9,2896.0,3145.0,15,2,3144.9,16,1,3144.8,7,2,3144.7,5,3,3144.5,43,2,3145.3,8,2,3145.4,212,2,3145.5,24,2,3145.6,68,2,3145.7,192,2
2031,2026-06-16 13:36:35+05:30,3145.0,23,3132.22,2540590,124758.0,202199.0,3163.0,3163.0,3108.0,3134.3,32007200,3447.7,2820.9,3839.9,2896.0,3145.0,15,2,3144.9,16,1,3144.8,7,2,3144.7,5,3,3144.5,43,2,3145.3,8,2,3145.4,212,2,3145.5,24,2,3145.6,68,2,3145.7,192,2
2031,2026-06-16 13:36:35+05:30,3145.3,24,3132.22,2540590,124758.0,202199.0,3163.0,3163.0,3108.0,3134.3,32007200,3447.7,2820.9,3839.9,2896.0,3145.0,15,2,3144.9,16,1,3144.8,7,2,3144.7,5,3,3144.5,43,2,3145.3,8,2,3145.4,212,2,3145.5,24,2,3145.6,68,2,3145.7,192,2
2031,2026-06-16 13:36:36+05:30,3145.4,1,3132.22,2540623,124795.0,201948.0,3163.0,3163.0,3108.0,3134.3,32007200,3447.7,2820.9,3839.9,2896.0,3145.1,19,3,3145.0,15,2,3144.8,7,2,3144.6,3,1,3144.5,43,2,3145.4,199,1,3145.5,12,1,3145.6,39,1,3145.7,192,2,3145.8,46,1
2031,2026-06-16 13:36:36+05:30,3145.4,1,3132.22,2540623,124795.0,201948.0,3163.0,3163.0,3108.0,3134.3,32007200,3447.7,2820.9,3839.9,2896.0,3145.1,19,3,3145.0,15,2,3144.8,7,2,3144.6,3,1,3144.5,43,2,3145.4,199,1,3145.5,12,1,3145.6,39,1,3145.7,192,2,3145.8,46,1
2031,2026-06-16 13:36:36+05:30,3145.4,1,3132.22,2540623,124795.0,201948.0,3163.0,3163.0,3108.0,3134.3,32007200,3447.7,2820.9,3839.9,2896.0,3145.1,19,3,3145.0,15,2,3144.8,7,2,3144.6,3,1,3144.5,43,2,3145.4,199,1,3145.5,12,1,3145.6,39,1,3145.7,192,2,3145.8,46,1
2031,2026-06-16 13:36:37+05:30,3145.4,1,3132.22,2540623,124810.0,202165.0,3163.0,3163.0,3108.0,3134.3,32007200,3447.7,2820.9,3839.9,2896.0,3145.1,19,3,3145.0,15,2,3144.8,5,2,3144.6,3,1,3144.5,43,2,3145.4,199,1,3145.5,12,1,3145.6,39,1,3145.7,192,2,3145.8,46,1
2031,2026-06-16 13:36:37+05:30,3145.4,1,3132.22,2540623,124810.0,202165.0,3163.0,3163.0,3108.0,3134.3,32006200,3447.7,2820.9,3839.9,2896.0,3145.1,19,3,3145.0,15,2,3144.8,5,2,3144.6,3,1,3144.5,43,2,3145.4,199,1,3145.5,12,1,3145.6,39,1,3145.7,192,2,3145.8,46,1
2031,2026-06-16 13:36:37+05:30,3145.0,9,3132.22,2540623,124810.0,202165.0,3163.0,3163.0,3108.0,3134.3,32006200,3447.7,2820.9,3839.9,2896.0,3145.1,19,3,3145.0,15,2,3144.8,5,2,3144.6,3,1,3144.5,43,2,3145.4,199,1,3145.5,12,1,3145.6,39,1,3145.7,192,2,3145.8,46,1
2031,2026-06-16 13:36:38+05:30,3145.0,9,3132.22,2540818,123897.0,202413.0,3163.0,3163.0,3108.0,3134.3,32006200,3447.7,2820.9,3839.9,2896.0,3144.8,5,2,3144.5,1,1,3144.1,25,2,3144.0,17,2,3143.9,45,3,3145.2,199,1,3145.3,12,1,3145.4,25,2,3145.5,28,3,3145.6,39,1
2031,2026-06-16 13:36:38+05:30,3144.9,3,3132.22,2540818,123897.0,202413.0,3163.0,3163.0,3108.0,3134.3,32006200,3447.7,2820.9,3839.9,2896.0,3144.8,5,2,3144.5,1,1,3144.1,25,2,3144.0,17,2,3143.9,45,3,3145.2,199,1,3145.3,12,1,3145.4,25,2,3145.5,28,3,3145.6,39,1
2031,2026-06-16 13:36:39+05:30,3144.8,51,3132.22,2540984,123393.0,202219.0,3163.0,3163.0,3108.0,3134.3,32006200,3447.7,2820.9,3839.9,2896.0,3144.8,17,1,3144.5,1,1,3143.9,16,1,3143.7,37,2,3143.5,67,2,3145.0,20,2,3145.1,221,3,3145.2,38,1,3145.3,20,2,3145.4,80,3
2031,2026-06-16 13:36:39+05:30,3144.8,51,3132.22,2540984,123393.0,202219.0,3163.0,3163.0,3108.0,3134.3,32006200,3447.7,2820.9,3839.9,2896.0,3144.8,17,1,3144.5,1,1,3143.9,16,1,3143.7,37,2,3143.5,67,2,3145.0,20,2,3145.1,221,3,3145.2,38,1,3145.3,20,2,3145.4,80,3
2031,2026-06-16 13:36:40+05:30,3144.8,48,3132.22,2541087,123356.0,203176.0,3163.0,3163.0,3108.0,3134.3,32006200,3447.7,2820.9,3839.9,2896.0,3144.5,1,1,3143.9,16,1,3143.7,37,2,3143.5,67,2,3143.4,66,5,3144.8,97,1,3144.9,12,1,3145.0,219,3,3145.1,22,2,3145.2,2,1
2031,2026-06-16 13:36:40+05:30,3144.8,8,3132.22,2541087,123356.0,203176.0,3163.0,3163.0,3108.0,3134.3,32006200,3447.7,2820.9,3839.9,2896.0,3144.5,1,1,3143.9,16,1,3143.7,37,2,3143.5,67,2,3143.4,66,5,3144.8,97,1,3144.9,12,1,3145.0,219,3,3145.1,22,2,3145.2,2,1
2031,2026-06-16 13:36:41+05:30,3144.8,8,3132.22,2541116,122975.0,200947.0,3163.0,3163.0,3108.0,3134.3,32006200,3447.7,2820.9,3839.9,2896.0,3143.8,13,1,3143.7,94,5,3143.6,10,1,3143.5,95,3,3143.4,66,5,3144.8,85,2,3144.9,199,1,3145.0,44,1,3145.1,6,1,3145.2,2,1
2031,2026-06-16 13:36:42+05:30,3144.3,1,3132.22,2541347,122701.0,202320.0,3163.0,3163.0,3108.0,3134.3,32006200,3447.7,2820.9,3839.9,2896.0,3143.7,35,4,3143.6,81,3,3143.5,16,4,3143.4,63,5,3143.3,51,4,3144.8,69,2,3145.1,199,1,3145.3,18,1,3145.4,16,1,3145.5,74,5
2031,2026-06-16 13:36:42+05:30,3144.3,1,3132.22,2541347,122701.0,202320.0,3163.0,3163.0,3108.0,3134.3,32006200,3447.7,2820.9,3839.9,2896.0,3143.7,35,4,3143.6,81,3,3143.5,16,4,3143.4,63,5,3143.3,51,4,3144.8,69,2,3145.1,199,1,3145.3,18,1,3145.4,16,1,3145.5,74,5
2031,2026-06-16 13:36:43+05:30,3145.1,10,3132.22,2541426,122683.0,202263.0,3163.0,3163.0,3108.0,3134.3,32006200,3447.7,2820.9,3839.9,2896.0,3143.9,14,1,3143.8,40,1,3143.7,134,7,3143.6,1,1,3143.5,54,6,3145.2,189,1,3145.3,56,2,3145.4,2,1,3145.5,40,3,3145.6,46,1
2031,2026-06-16 13:36:43+05:30,3145.1,10,3132.22,2541426,122683.0,202263.0,3163.0,3163.0,3108.0,3134.3,32006200,3447.7,2820.9,3839.9,2896.0,3143.9,14,1,3143.8,40,1,3143.7,134,7,3143.6,1,1,3143.5,54,6,3145.2,189,1,3145.3,56,2,3145.4,2,1,3145.5,40,3,3145.6,46,1
2031,2026-06-16 13:36:44+05:30,3145.1,10,3132.22,2541426,122619.0,202481.0,3163.0,3163.0,3108.0,3134.3,32006200,3447.7,2820.9,3839.9,2896.0,3143.8,40,3,3143.7,100,6,3143.6,1,1,3143.5,37,5,3143.4,63,5,3145.1,189,1,3145.2,27,2,3145.3,56,2,3145.5,40,3,3145.6,246,2
2031,2026-06-16 13:36:45+05:30,3145.1,10,3132.22,2541426,122663.0,202483.0,3163.0,3163.0,3108.0,3134.3,32006200,3447.7,2820.9,3839.9,2896.0,3143.8,84,4,3143.7,100,6,3143.6,6,2,3143.5,37,5,3143.4,63,5,3145.1,189,1,3145.2,27,2,3145.3,56,2,3145.5,40,3,3145.6,246,2
2031,2026-06-16 13:36:46+05:30,3144.5,1,3132.22,2541428,122709.0,202449.0,3163.0,3163.0,3108.0,3134.3,32006200,3447.7,2820.9,3839.9,2896.0,3144.5,2,2,3143.9,29,2,3143.8,85,5,3143.7,56,5,3143.6,1,1,3145.1,213,2,3145.5,45,3,3145.6,246,2,3145.7,194,2,3145.8,334,4
2031,2026-06-16 13:36:46+05:30,3144.5,1,3132.22,2541428,122709.0,202449.0,3163.0,3163.0,3108.0,3134.3,32006200,3447.7,2820.9,3839.9,2896.0,3144.5,2,2,3143.9,29,2,3143.8,85,5,3143.7,56,5,3143.6,1,1,3145.1,213,2,3145.5,45,3,3145.6,246,2,3145.7,194,2,3145.8,334,4
2031,2026-06-16 13:36:47+05:30,3144.5,1,3132.22,2541428,122860.0,202666.0,3163.0,3163.0,3108.0,3134.3,32006200,3447.7,2820.9,3839.9,2896.0,3144.5,2,2,3143.9,29,2,3143.8,41,4,3143.7,102,6,3143.6,1,1,3144.6,1,1,3144.9,188,1,3145.1,25,1,3145.5,60,4,3145.6,246,2
2031,2026-06-16 13:36:47+05:30,3144.9,45,3132.22,2541428,122860.0,202666.0,3163.0,3163.0,3108.0,3134.3,32006200,3447.7,2820.9,3839.9,2896.0,3144.5,2,2,3143.9,29,2,3143.8,41,4,3143.7,102,6,3143.6,1,1,3144.6,1,1,3144.9,188,1,3145.1,25,1,3145.5,60,4,3145.6,246,2
2031,2026-06-16 13:36:48+05:30,3143.9,1,3132.22,2541487,123089.0,202247.0,3163.0,3163.0,3108.0,3134.3,32006200,3447.7,2820.9,3839.9,2896.0,3144.1,38,2,3144.0,44,2,3143.9,139,7,3143.8,42,5,3143.7,78,6,3145.0,143,1,3145.1,25,1,3145.6,46,1,3145.7,443,4,3145.8,155,4
2031,2026-06-16 13:36:48+05:30,3143.9,1,3132.22,2541487,123089.0,202247.0,3163.0,3163.0,3108.0,3134.3,32006200,3447.7,2820.9,3839.9,2896.0,3144.1,38,2,3144.0,44,2,3143.9,139,7,3143.8,42,5,3143.7,78,6,3145.0,143,1,3145.1,25,1,3145.6,46,1,3145.7,443,4,3145.8,155,4
2031,2026-06-16 13:36:49+05:30,3144.7,1,3132.22,2541488,123027.0,202728.0,3163.0,3163.0,3108.0,3134.3,32006200,3447.7,2820.9,3839.9,2896.0,3144.1,8,2,3144.0,1,1,3143.9,55,3,3143.8,4,3,3143.7,90,6,3144.7,1,1,3144.8,143,1,3144.9,28,1,3145.0,26,2,3145.1,9,1
2031,2026-06-16 13:36:49+05:30,3144.7,1,3132.22,2541488,123027.0,202728.0,3163.0,3163.0,3108.0,3134.3,32006200,3447.7,2820.9,3839.9,2896.0,3144.1,8,2,3144.0,1,1,3143.9,55,3,3143.8,4,3,3143.7,90,6,3144.7,1,1,3144.8,143,1,3144.9,28,1,3145.0,26,2,3145.1,9,1
2031,2026-06-16 13:36:49+05:30,3144.7,1,3132.22,2541488,123108.0,202727.0,3163.0,3163.0,3108.0,3134.3,32006200,3447.7,2820.9,3839.9,2896.0,3144.2,17,1,3144.1,57,5,3144.0,67,4,3143.9,39,2,3143.8,17,4,3144.7,9,2,3144.8,143,1,3145.0,26,2,3145.1,9,1,3145.5,200,1
2031,2026-06-16 13:36:50+05:30,3144.2,1,3132.22,2541488,123108.0,202727.0,3163.0,3163.0,3108.0,3134.3,32006200,3447.7,2820.9,3839.9,2896.0,3144.2,17,1,3144.1,57,5,3144.0,67,4,3143.9,39,2,3143.8,17,4,3144.7,9,2,3144.8,143,1,3145.0,26,2,3145.1,9,1,3145.5,200,1
2031,2026-06-16 13:36:51+05:30,3144.7,1,3132.22,2541490,123169.0,202708.0,3163.0,3163.0,3108.0,3134.3,32006200,3447.7,2820.9,3839.9,2896.0,3144.3,15,1,3144.2,61,4,3144.1,65,6,3144.0,51,3,3143.9,39,2,3144.7,15,3,3144.9,143,1,3145.0,1,1,3145.1,9,1,3145.6,229,3
2031,2026-06-16 13:36:51+05:30,3144.7,1,3132.22,2541490,123169.0,202708.0,3163.0,3163.0,3108.0,3134.3,32006200,3447.7,2820.9,3839.9,2896.0,3144.3,15,1,3144.2,61,4,3144.1,65,6,3144.0,51,3,3143.9,39,2,3144.7,15,3,3144.9,143,1,3145.0,1,1,3145.1,9,1,3145.6,229,3
2031,2026-06-16 13:36:52+05:30,3144.7,3,3132.22,2541501,122876.0,201946.0,3163.0,3163.0,3108.0,3134.3,32006200,3447.7,2820.9,3839.9,2896.0,3144.5,1,1,3144.4,38,6,3144.3,21,2,3144.2,81,4,3144.1,24,4,3144.7,4,2,3145.0,1,1,3145.1,9,1,3145.6,144,2,3145.7,243,3
2031,2026-06-16 13:36:52+05:30,3144.7,3,3132.22,2541501,122876.0,201946.0,3163.0,3163.0,3108.0,3134.3,32006200,3447.7,2820.9,3839.9,2896.0,3144.5,1,1,3144.4,38,6,3144.3,21,2,3144.2,81,4,3144.1,24,4,3144.7,4,2,3145.0,1,1,3145.1,9,1,3145.6,144,2,3145.7,243,3
2031,2026-06-16 13:36:53+05:30,3144.7,1,3132.22,2541505,123238.0,201400.0,3163.0,3163.0,3108.0,3134.3,32006200,3447.7,2820.9,3839.9,2896.0,3144.7,29,4,3144.6,18,1,3144.5,109,5,3144.4,25,4,3144.3,38,3,3145.0,1,1,3145.1,9,1,3145.6,1,1,3145.7,243,3,3145.9,159,2
2031,2026-06-16 13:36:53+05:30,3144.7,1,3132.22,2541505,123238.0,201400.0,3163.0,3163.0,3108.0,3134.3,32006200,3447.7,2820.9,3839.9,2896.0,3144.7,29,4,3144.6,18,1,3144.5,109,5,3144.4,25,4,3144.3,38,3,3145.0,1,1,3145.1,9,1,3145.6,1,1,3145.7,243,3,3145.9,159,2
2031,2026-06-16 13:36:54+05:30,3144.7,1,3132.22,2541505,123146.0,201554.0,3163.0,3163.0,3108.0,3134.3,32006200,3447.7,2820.9,3839.9,2896.0,3144.9,18,1,3144.7,48,6,3144.6,6,1,3144.5,109,5,3144.4,33,5,3145.0,2,2,3145.1,9,1,3145.6,1,1,3145.7,243,3,3145.9,159,2
2031,2026-06-16 13:36:54+05:30,3145.0,1,3132.22,2541527,123739.0,201423.0,3163.0,3163.0,3108.0,3134.3,32006200,3447.7,2820.9,3839.9,2896.0,3144.9,69,5,3144.8,4,1,3144.7,29,5,3144.6,234,4,3144.5,87,4,3145.0,9,1,3145.1,2,1,3145.6,1,1,3145.7,243,3,3145.9,159,2
2031,2026-06-16 13:36:55+05:30,3145.6,6,3132.22,2541527,123739.0,201423.0,3163.0,3163.0,3108.0,3134.3,32006200,3447.7,2820.9,3839.9,2896.0,3144.9,69,5,3144.8,4,1,3144.7,29,5,3144.6,234,4,3144.5,87,4,3145.0,9,1,3145.1,2,1,3145.6,1,1,3145.7,243,3,3145.9,159,2
2031,2026-06-16 13:36:55+05:30,3145.6,6,3132.22,2541629,124079.0,202190.0,3163.0,3163.0,3108.0,3134.3,32006200,3447.7,2820.9,3839.9,2896.0,3145.6,1,1,3145.5,1,1,3145.1,1,1,3145.0,15,1,3144.9,43,2,3145.7,265,5,3145.9,159,2,3146.0,252,5,3146.1,26,2,3146.3,74,2
2031,2026-06-16 13:36:56+05:30,3145.7,1,3132.22,2541629,124079.0,202190.0,3163.0,3163.0,3108.0,3134.3,32006200,3447.7,2820.9,3839.9,2896.0,3145.6,1,1,3145.5,1,1,3145.1,1,1,3145.0,15,1,3144.9,43,2,3145.7,265,5,3145.9,159,2,3146.0,252,5,3146.1,26,2,3146.3,74,2
2031,2026-06-16 13:36:56+05:30,3145.6,8,3132.22,2541639,124653.0,201586.0,3163.0,3163.0,3108.0,3134.3,32006200,3447.7,2820.9,3839.9,2896.0,3145.6,49,3,3145.5,1,1,3145.1,1,1,3144.9,1,1,3144.7,24,4,3145.7,397,5,3146.0,252,5,3146.1,26,2,3146.3,108,3,3146.4,200,1
2031,2026-06-16 13:36:57+05:30,3145.6,8,3132.22,2541639,124653.0,201586.0,3163.0,3163.0,3108.0,3134.3,32006200,3447.7,2820.9,3839.9,2896.0,3145.6,49,3,3145.5,1,1,3145.1,1,1,3144.9,1,1,3144.7,24,4,3145.7,397,5,3146.0,252,5,3146.1,26,2,3146.3,108,3,3146.4,200,1
2031,2026-06-16 13:36:57+05:30,3145.6,1,3132.23,2541844,124565.0,201395.0,3163.0,3163.0,3108.0,3134.3,32006200,3447.7,2820.9,3839.9,2896.0,3145.6,1,1,3145.5,1,1,3145.2,3,1,3145.1,1,1,3144.9,1,1,3145.7,112,5,3145.9,155,2,3146.0,254,6,3146.1,60,3,3146.2,19,1
2031,2026-06-16 13:36:58+05:30,3145.6,1,3132.23,2541844,124565.0,201395.0,3163.0,3163.0,3108.0,3134.3,32006200,3447.7,2820.9,3839.9,2896.0,3145.6,1,1,3145.5,1,1,3145.2,3,1,3145.1,1,1,3144.9,1,1,3145.7,112,5,3145.9,155,2,3146.0,254,6,3146.1,60,3,3146.2,19,1
2031,2026-06-16 13:36:58+05:30,3145.7,30,3132.23,2541889,124541.0,201086.0,3163.0,3163.0,3108.0,3134.3,32006200,3447.7,2820.9,3839.9,2896.0,3145.5,1,1,3145.1,16,1,3144.9,1,1,3144.7,23,3,3144.5,24,3,3145.7,76,4,3146.0,394,6,3146.1,54,2,3146.2,2,1,3146.3,74,2
2031,2026-06-16 13:36:59+05:30,3145.5,2,3132.23,2541889,124541.0,201086.0,3163.0,3163.0,3108.0,3134.3,32006200,3447.7,2820.9,3839.9,2896.0,3145.5,1,1,3145.1,16,1,3144.9,1,1,3144.7,23,3,3144.5,24,3,3145.7,76,4,3146.0,394,6,3146.1,54,2,3146.2,2,1,3146.3,74,2
2031,2026-06-16 13:36:59+05:30,3145.7,1,3132.23,2541892,124587.0,201528.0,3163.0,3163.0,3108.0,3134.3,32006200,3447.7,2820.9,3839.9,2896.0,3145.5,17,2,3144.9,1,1,3144.8,3,1,3144.7,22,2,3144.5,24,3,3145.7,84,5,3145.9,142,1,3146.0,252,5,3146.1,36,2,3146.2,26,1
2031,2026-06-16 13:37:00+05:30,3145.5,15,3132.23,2541892,124587.0,201528.0,3163.0,3163.0,3108.0,3134.3,32006200,3447.7,2820.9,3839.9,2896.0,3145.5,17,2,3144.9,1,1,3144.8,3,1,3144.7,22,2,3144.5,24,3,3145.7,84,5,3145.9,142,1,3146.0,252,5,3146.1,36,2,3146.2,26,1
2031,2026-06-16 13:37:00+05:30,3145.6,2,3132.23,2542107,124176.0,201341.0,3163.0,3163.0,3108.0,3134.3,32006200,3447.7,2820.9,3839.9,2896.0,3145.5,7,3,3144.9,1,1,3144.7,1,1,3144.5,24,3,3144.4,11,3,3145.6,13,2,3145.7,86,7,3145.8,142,1,3145.9,2,1,3146.0,293,7
2031,2026-06-16 13:37:01+05:30,3145.5,27,3132.23,2542107,124176.0,201341.0,3163.0,3163.0,3108.0,3134.3,32006200,3447.7,2820.9,3839.9,2896.0,3145.5,7,3,3144.9,1,1,3144.7,1,1,3144.5,24,3,3144.4,11,3,3145.6,13,2,3145.7,86,7,3145.8,142,1,3145.9,2,1,3146.0,293,7
2031,2026-06-16 13:37:01+05:30,3144.3,5,3132.23,2542249,123441.0,201134.0,3163.0,3163.0,3108.0,3134.3,32006200,3447.7,2820.9,3839.9,2896.0,3145.2,2,2,3144.5,2,1,3144.4,49,3,3144.3,51,2,3144.2,18,3,3145.6,37,3,3145.7,37,4,3145.9,7,2,3146.0,252,5,3146.1,238,2
2031,2026-06-16 13:37:02+05:30,3144.3,5,3132.23,2542249,123441.0,201134.0,3163.0,3163.0,3108.0,3134.3,32006200,3447.7,2820.9,3839.9,2896.0,3145.2,2,2,3144.5,2,1,3144.4,49,3,3144.3,51,2,3144.2,18,3,3145.6,37,3,3145.7,37,4,3145.9,7,2,3146.0,252,5,3146.1,238,2
2031,2026-06-16 13:37:02+05:30,3145.4,8,3132.23,2542257,123572.0,201649.0,3163.0,3163.0,3108.0,3134.3,32006200,3447.7,2820.9,3839.9,2896.0,3145.2,2,2,3144.5,24,2,3144.4,33,2,3144.3,31,2,3144.2,2,2,3145.5,192,1,3145.6,29,2,3145.7,37,4,3145.9,7,2,3146.0,498,7
2031,2026-06-16 13:37:03+05:30,3145.4,8,3132.23,2542257,123572.0,201649.0,3163.0,3163.0,3108.0,3134.3,32006200,3447.7,2820.9,3839.9,2896.0,3145.2,2,2,3144.5,24,2,3144.4,33,2,3144.3,31,2,3144.2,2,2,3145.5,192,1,3145.6,29,2,3145.7,37,4,3145.9,7,2,3146.0,498,7
2031,2026-06-16 13:37:03+05:30,3144.6,200,3132.23,2542657,122387.0,201806.0,3163.0,3163.0,3108.0,3134.3,32006200,3447.7,2820.9,3839.9,2896.0,3144.8,6,1,3144.3,25,3,3144.2,84,4,3144.1,13,1,3144.0,51,6,3145.4,192,1,3145.5,13,1,3145.6,5,1,3145.7,37,4,3145.8,34,1
2031,2026-06-16 13:37:04+05:30,3144.6,200,3132.23,2542657,122387.0,201806.0,3163.0,3163.0,3108.0,3134.3,32006200,3447.7,2820.9,3839.9,2896.0,3144.8,6,1,3144.3,25,3,3144.2,84,4,3144.1,13,1,3144.0,51,6,3145.4,192,1,3145.5,13,1,3145.6,5,1,3145.7,37,4,3145.8,34,1
2031,2026-06-16 13:37:04+05:30,3144.6,200,3132.23,2542657,123788.0,201423.0,3163.0,3163.0,3108.0,3134.3,32006200,3447.7,2820.9,3839.9,2896.0,3144.8,47,3,3144.7,8,1,3144.6,11,1,3144.5,52,4,3144.4,32,3,3145.4,216,2,3145.5,13,1,3145.6,5,1,3145.7,37,4,3146.0,275,7
2031,2026-06-16 13:37:05+05:30,3144.3,43,3132.23,2542657,123788.0,201423.0,3163.0,3163.0,3108.0,3134.3,32006200,3447.7,2820.9,3839.9,2896.0,3144.8,47,3,3144.7,8,1,3144.6,11,1,3144.5,52,4,3144.4,32,3,3145.4,216,2,3145.5,13,1,3145.6,5,1,3145.7,37,4,3146.0,275,7
2031,2026-06-16 13:37:05+05:30,3145.2,2,3132.23,2543109,123660.0,201738.0,3163.0,3163.0,3108.0,3134.3,32006200,3447.7,2820.9,3839.9,2896.0,3145.3,1,1,3145.2,6,2,3145.1,1,1,3144.5,2,1,3144.4,59,2,3145.4,229,3,3145.6,5,1,3145.7,37,4,3146.0,300,7,3146.1,200,1
2031,2026-06-16 13:37:06+05:30,3145.1,1,3132.23,2543109,123660.0,201738.0,3163.0,3163.0,3108.0,3134.3,32006200,3447.7,2820.9,3839.9,2896.0,3145.3,1,1,3145.2,6,2,3145.1,1,1,3144.5,2,1,3144.4,59,2,3145.4,229,3,3145.6,5,1,3145.7,37,4,3146.0,300,7,3146.1,200,1
2031,2026-06-16 13:37:06+05:30,3145.1,2,3132.23,2543235,123684.0,201652.0,3163.0,3163.0,3108.0,3134.3,32006200,3447.7,2820.9,3839.9,2896.0,3144.9,2,1,3144.7,15,1,3144.5,19,4,3144.4,10,1,3144.3,2,1,3145.1,76,1,3145.4,77,3,3145.6,205,2,3145.7,39,5,3145.8,200,1
2031,2026-06-16 13:37:07+05:30,3145.4,2,3132.23,2543235,123684.0,201652.0,3163.0,3163.0,3108.0,3134.3,32006200,3447.7,2820.9,3839.9,2896.0,3144.9,2,1,3144.7,15,1,3144.5,19,4,3144.4,10,1,3144.3,2,1,3145.1,76,1,3145.4,77,3,3145.6,205,2,3145.7,39,5,3145.8,200,1
2031,2026-06-16 13:37:08+05:30,3145.1,12,3132.23,2543325,124835.0,201255.0,3163.0,3163.0,3108.0,3134.3,32006200,3447.7,2820.9,3839.9,2896.0,3145.0,6,4,3144.9,8,3,3144.8,4,1,3144.7,31,3,3144.6,32,2,3145.1,17,1,3145.4,200,1,3145.6,5,1,3145.7,37,4,3146.0,252,5
2031,2026-06-16 13:37:08+05:30,3145.0,1,3132.23,2543325,124835.0,201255.0,3163.0,3163.0,3108.0,3134.3,32006200,3447.7,2820.9,3839.9,2896.0,3145.0,6,4,3144.9,8,3,3144.8,4,1,3144.7,31,3,3144.6,32,2,3145.1,17,1,3145.4,200,1,3145.6,5,1,3145.7,37,4,3146.0,252,5
2031,2026-06-16 13:37:09+05:30,3145.3,1,3132.23,2543395,124838.0,201305.0,3163.0,3163.0,3108.0,3134.3,32006200,3447.7,2820.9,3839.9,2896.0,3145.3,5,4,3145.2,9,3,3145.1,6,1,3145.0,3,3,3144.9,58,6,3145.5,194,1,3145.6,5,1,3145.7,36,3,3146.0,252,5,3146.1,200,1
2031,2026-06-16 13:37:09+05:30,3145.3,1,3132.23,2543395,124838.0,201305.0,3163.0,3163.0,3108.0,3134.3,32006200,3447.7,2820.9,3839.9,2896.0,3145.3,5,4,3145.2,9,3,3145.1,6,1,3145.0,3,3,3144.9,58,6,3145.5,194,1,3145.6,5,1,3145.7,36,3,3146.0,252,5,3146.1,200,1
2031,2026-06-16 13:37:10+05:30,3145.3,1,3132.23,2543395,124900.0,201310.0,3163.0,3163.0,3108.0,3134.3,32006200,3447.7,2820.9,3839.9,2896.0,3145.3,5,4,3145.2,9,3,3145.1,22,2,3145.0,3,3,3144.9,59,6,3145.5,194,1,3145.6,5,1,3145.7,36,3,3146.0,252,5,3146.1,200,1
2031,2026-06-16 13:37:10+05:30,3145.7,9,3132.23,2543395,124900.0,201310.0,3163.0,3163.0,3108.0,3134.3,32006200,3447.7,2820.9,3839.9,2896.0,3145.3,5,4,3145.2,9,3,3145.1,22,2,3145.0,3,3,3144.9,59,6,3145.5,194,1,3145.6,5,1,3145.7,36,3,3146.0,252,5,3146.1,200,1
2031,2026-06-16 13:37:11+05:30,3145.7,5,3132.24,2543901,126247.0,196774.0,3163.0,3163.0,3108.0,3134.3,32006200,3447.7,2820.9,3839.9,2896.0,3145.9,47,1,3145.5,68,7,3145.4,48,2,3145.3,37,6,3145.2,276,9,3146.0,252,5,3146.7,29,2,3146.9,15,1,3147.0,134,4,3147.1,46,1
2031,2026-06-16 13:37:11+05:30,3145.7,5,3132.24,2543901,126247.0,196774.0,3163.0,3163.0,3108.0,3134.3,32006200,3447.7,2820.9,3839.9,2896.0,3145.9,47,1,3145.5,68,7,3145.4,48,2,3145.3,37,6,3145.2,276,9,3146.0,252,5,3146.7,29,2,3146.9,15,1,3147.0,134,4,3147.1,46,1
2031,2026-06-16 13:37:12+05:30,3146.0,1,3132.24,2543908,126157.0,198997.0,3163.0,3163.0,3108.0,3134.3,32006200,3447.7,2820.9,3839.9,2896.0,3145.9,99,6,3145.8,3,1,3145.7,6,2,3145.6,56,4,3145.5,55,7,3146.0,245,4,3146.7,29,2,3146.9,15,1,3147.0,134,4,3147.1,14,1
2031,2026-06-16 13:37:12+05:30,3146.0,1,3132.24,2543908,126157.0,198997.0,3163.0,3163.0,3108.0,3134.3,32006200,3447.7,2820.9,3839.9,2896.0,3145.9,99,6,3145.8,3,1,3145.7,6,2,3145.6,56,4,3145.5,55,7,3146.0,245,4,3146.7,29,2,3146.9,15,1,3147.0,134,4,3147.1,14,1
2031,2026-06-16 13:37:13+05:30,3146.0,7,3132.24,2544204,126702.0,198352.0,3163.0,3163.0,3108.0,3134.3,32006200,3447.7,2820.9,3839.9,2896.0,3146.0,71,5,3145.9,102,5,3145.8,28,5,3145.7,54,4,3145.6,206,5,3146.7,29,2,3146.9,15,1,3147.0,113,3,3147.4,20,1,3147.5,200,1
2031,2026-06-16 13:37:13+05:30,3146.0,7,3132.24,2544204,126702.0,198352.0,3163.0,3163.0,3108.0,3134.3,32006200,3447.7,2820.9,3839.9,2896.0,3146.0,71,5,3145.9,102,5,3145.8,28,5,3145.7,54,4,3145.6,206,5,3146.7,29,2,3146.9,15,1,3147.0,113,3,3147.4,20,1,3147.5,200,1
2031,2026-06-16 13:37:14+05:30,3146.0,7,3132.24,2544204,126716.0,198669.0,3163.0,3163.0,3108.0,3134.3,32006200,3447.7,2820.9,3839.9,2896.0,3146.0,116,7,3145.9,102,5,3145.8,28,5,3145.7,32,3,3145.6,206,5,3146.7,29,2,3146.9,15,1,3147.0,113,3,3147.4,20,1,3147.5,200,1
2031,2026-06-16 13:37:15+05:30,3145.9,11,3132.24,2544416,126648.0,198739.0,3163.0,3163.0,3108.0,3134.3,32006200,3447.7,2820.9,3839.9,2896.0,3146.0,58,6,3145.9,160,8,3145.8,71,6,3145.7,34,4,3145.6,204,4,3146.7,28,2,3146.9,15,1,3147.0,113,3,3147.4,20,1,3147.5,246,2
2031,2026-06-16 13:37:15+05:30,3145.9,11,3132.24,2544416,126648.0,198739.0,3163.0,3163.0,3108.0,3134.3,32006200,3447.7,2820.9,3839.9,2896.0,3146.0,58,6,3145.9,160,8,3145.8,71,6,3145.7,34,4,3145.6,204,4,3146.7,28,2,3146.9,15,1,3147.0,113,3,3147.4,20,1,3147.5,246,2
2031,2026-06-16 13:37:15+05:30,3146.1,3,3132.24,2544443,126712.0,198376.0,3163.0,3163.0,3108.0,3134.3,32006200,3447.7,2820.9,3839.9,2896.0,3146.1,1,1,3146.0,24,4,3145.9,134,7,3145.8,16,4,3145.7,32,3,3146.7,28,2,3146.9,15,1,3147.0,113,3,3147.3,200,1,3147.4,20,1
2031,2026-06-16 13:37:16+05:30,3146.1,3,3132.24,2544443,126712.0,198376.0,3163.0,3163.0,3108.0,3134.3,32006200,3447.7,2820.9,3839.9,2896.0,3146.1,1,1,3146.0,24,4,3145.9,134,7,3145.8,16,4,3145.7,32,3,3146.7,28,2,3146.9,15,1,3147.0,113,3,3147.3,200,1,3147.4,20,1
2031,2026-06-16 13:37:16+05:30,3146.7,3,3132.24,2544526,126620.0,198350.0,3163.0,3163.0,3108.0,3134.3,32006200,3447.7,2820.9,3839.9,2896.0,3146.1,20,3,3146.0,17,4,3145.9,116,5,3145.8,31,3,3145.7,211,3,3146.7,26,2,3146.8,92,1,3146.9,15,1,3147.0,113,3,3147.2,21,1
2031,2026-06-16 13:37:17+05:30,3146.2,1,3132.24,2544526,126620.0,198350.0,3163.0,3163.0,3108.0,3134.3,32006200,3447.7,2820.9,3839.9,2896.0,3146.1,20,3,3146.0,17,4,3145.9,116,5,3145.8,31,3,3145.7,211,3,3146.7,26,2,3146.8,92,1,3146.9,15,1,3147.0,113,3,3147.2,21,1
2031,2026-06-16 13:37:17+05:30,3146.2,1,3132.24,2544527,126709.0,198461.0,3163.0,3163.0,3108.0,3134.3,32006200,3447.7,2820.9,3839.9,2896.0,3146.1,20,3,3146.0,18,6,3145.9,127,6,3145.8,19,2,3145.7,211,3,3146.7,26,2,3146.8,92,1,3146.9,15,1,3147.0,113,3,3147.4,22,2
2031,2026-06-16 13:37:18+05:30,3146.2,1,3132.24,2544527,126709.0,198461.0,3163.0,3163.0,3108.0,3134.3,32006200,3447.7,2820.9,3839.9,2896.0,3146.1,20,3,3146.0,18,6,3145.9,127,6,3145.8,19,2,3145.7,211,3,3146.7,26,2,3146.8,92,1,3146.9,15,1,3147.0,113,3,3147.4,22,2
2031,2026-06-16 13:37:18+05:30,3146.0,1,3132.24,2544727,126428.0,198446.0,3163.0,3163.0,3108.0,3134.3,32006200,3447.7,2820.9,3839.9,2896.0,3146.1,17,1,3146.0,24,5,3145.9,80,4,3145.8,3,1,3145.7,36,2,3146.7,49,3,3146.8,92,1,3146.9,15,1,3147.0,113,3,3147.3,2,1
2031,2026-06-16 13:37:19+05:30,3146.0,1,3132.24,2544727,126428.0,198446.0,3163.0,3163.0,3108.0,3134.3,32006200,3447.7,2820.9,3839.9,2896.0,3146.1,17,1,3146.0,24,5,3145.9,80,4,3145.8,3,1,3145.7,36,2,3146.7,49,3,3146.8,92,1,3146.9,15,1,3147.0,113,3,3147.3,2,1
2031,2026-06-16 13:37:20+05:30,3146.0,1,3132.24,2544727,126391.0,198648.0,3163.0,3163.0,3108.0,3134.3,32006200,3447.7,2820.9,3839.9,2896.0,3146.1,17,1,3146.0,38,10,3145.9,91,5,3145.8,3,1,3145.7,2,1,3146.7,49,3,3146.8,92,1,3147.0,113,3,3147.3,28,2,3147.4,220,2
2031,2026-06-16 13:37:20+05:30,3146.0,1,3132.24,2544727,126391.0,198648.0,3163.0,3163.0,3108.0,3134.3,32006200,3447.7,2820.9,3839.9,2896.0,3146.1,17,1,3146.0,38,10,3145.9,91,5,3145.8,3,1,3145.7,2,1,3146.7,49,3,3146.8,92,1,3147.0,113,3,3147.3,28,2,3147.4,220,2
2031,2026-06-16 13:37:21+05:30,3146.1,15,3132.24,2544772,126597.0,198670.0,3163.0,3163.0,3108.0,3134.3,32006200,3447.7,2820.9,3839.9,2896.0,3146.1,17,1,3146.0,29,9,3145.9,80,4,3145.8,15,2,3145.7,16,2,3146.7,51,4,3146.8,92,1,3147.0,113,3,3147.2,6,1,3147.3,38,2
2031,2026-06-16 13:37:21+05:30,3146.7,1,3132.24,2544772,126597.0,198670.0,3163.0,3163.0,3108.0,3134.3,32006200,3447.7,2820.9,3839.9,2896.0,3146.1,17,1,3146.0,29,9,3145.9,80,4,3145.8,15,2,3145.7,16,2,3146.7,51,4,3146.8,92,1,3147.0,113,3,3147.2,6,1,3147.3,38,2
2031,2026-06-16 13:37:22+05:30,3146.0,2,3132.24,2544984,127209.0,198481.0,3163.0,3163.0,3108.0,3134.3,32006200,3447.7,2820.9,3839.9,2896.0,3146.1,40,1,3146.0,34,8,3145.9,130,5,3145.8,1,1,3145.7,37,2,3146.7,17,2,3146.8,92,1,3147.0,113,3,3147.4,20,1,3147.5,46,1
2031,2026-06-16 13:37:22+05:30,3146.1,1,3132.24,2544984,127209.0,198481.0,3163.0,3163.0,3108.0,3134.3,32006200,3447.7,2820.9,3839.9,2896.0,3146.1,40,1,3146.0,34,8,3145.9,130,5,3145.8,1,1,3145.7,37,2,3146.7,17,2,3146.8,92,1,3147.0,113,3,3147.4,20,1,3147.5,46,1
2031,2026-06-16 13:37:22+05:30,3146.1,1,3132.24,2544984,127209.0,198481.0,3163.0,3163.0,3108.0,3134.3,32006200,3447.7,2820.9,3839.9,2896.0,3146.1,40,1,3146.0,34,8,3145.9,130,5,3145.8,1,1,3145.7,37,2,3146.7,17,2,3146.8,92,1,3147.0,113,3,3147.4,20,1,3147.5,46,1
2031,2026-06-16 13:37:23+05:30,3146.7,1,3132.24,2544986,127149.0,198506.0,3163.0,3163.0,3108.0,3134.3,32006200,3447.7,2820.9,3839.9,2896.0,3146.1,39,1,3146.0,34,8,3145.9,150,5,3145.8,1,1,3145.7,37,2,3146.7,16,2,3146.8,92,1,3147.0,113,3,3147.4,20,1,3147.5,46,1
2031,2026-06-16 13:37:23+05:30,3146.7,1,3132.24,2544986,127149.0,198506.0,3163.0,3163.0,3108.0,3134.3,32006200,3447.7,2820.9,3839.9,2896.0,3146.1,39,1,3146.0,34,8,3145.9,150,5,3145.8,1,1,3145.7,37,2,3146.7,16,2,3146.8,92,1,3147.0,113,3,3147.4,20,1,3147.5,46,1
2031,2026-06-16 13:37:24+05:30,3146.7,1,3132.24,2545003,127747.0,198858.0,3163.0,3163.0,3108.0,3134.3,32006200,3447.7,2820.9,3839.9,2896.0,3146.1,46,3,3146.0,18,7,3145.9,164,7,3145.8,43,3,3145.7,233,4,3146.7,25,2,3146.8,92,1,3147.0,113,3,3147.4,20,1,3147.5,46,1
2031,2026-06-16 13:37:24+05:30,3146.7,1,3132.24,2545003,127747.0,198858.0,3163.0,3163.0,3108.0,3134.3,32006200,3447.7,2820.9,3839.9,2896.0,3146.1,46,3,3146.0,18,7,3145.9,164,7,3145.8,43,3,3145.7,233,4,3146.7,25,2,3146.8,92,1,3147.0,113,3,3147.4,20,1,3147.5,46,1
2031,2026-06-16 13:37:24+05:30,3146.7,1,3132.24,2545003,127747.0,198858.0,3163.0,3163.0,3108.0,3134.3,32006200,3447.7,2820.9,3839.9,2896.0,3146.1,46,3,3146.0,18,7,3145.9,164,7,3145.8,43,3,3145.7,233,4,3146.7,25,2,3146.8,92,1,3147.0,113,3,3147.4,20,1,3147.5,46,1
2031,2026-06-16 13:37:24+05:30,3146.7,1,3132.24,2545003,127764.0,198864.0,3163.0,3163.0,3108.0,3134.3,32006200,3447.7,2820.9,3839.9,2896.0,3146.1,63,4,3146.0,18,7,3145.9,164,7,3145.8,43,3,3145.7,231,3,3146.7,25,2,3146.8,92,1,3147.0,113,3,3147.5,46,1,3147.6,221,2
2031,2026-06-16 13:37:25+05:30,3146.7,2,3132.24,2545003,127764.0,198864.0,3163.0,3163.0,3108.0,3134.3,32006200,3447.7,2820.9,3839.9,2896.0,3146.1,63,4,3146.0,18,7,3145.9,164,7,3145.8,43,3,3145.7,231,3,3146.7,25,2,3146.8,92,1,3147.0,113,3,3147.5,46,1,3147.6,221,2
2031,2026-06-16 13:37:25+05:30,3146.1,1,3132.24,2545006,127746.0,199179.0,3163.0,3163.0,3108.0,3134.3,32006200,3447.7,2820.9,3839.9,2896.0,3146.1,62,4,3146.0,17,6,3145.9,153,6,3145.8,17,2,3145.7,48,2,3146.7,67,4,3146.8,92,1,3147.0,113,3,3147.5,246,2,3147.6,21,1
2031,2026-06-16 13:37:26+05:30,3146.1,2,3132.24,2545006,127746.0,199179.0,3163.0,3163.0,3108.0,3134.3,32006200,3447.7,2820.9,3839.9,2896.0,3146.1,62,4,3146.0,17,6,3145.9,153,6,3145.8,17,2,3145.7,48,2,3146.7,67,4,3146.8,92,1,3147.0,113,3,3147.5,246,2,3147.6,21,1
2031,2026-06-16 13:37:26+05:30,3146.1,2,3132.24,2545006,127746.0,199179.0,3163.0,3163.0,3108.0,3134.3,32006200,3447.7,2820.9,3839.9,2896.0,3146.1,62,4,3146.0,17,6,3145.9,153,6,3145.8,17,2,3145.7,48,2,3146.7,67,4,3146.8,92,1,3147.0,113,3,3147.5,246,2,3147.6,21,1
2031,2026-06-16 13:37:27+05:30,3146.7,1,3132.24,2545018,127317.0,198947.0,3163.0,3163.0,3108.0,3134.3,32006200,3447.7,2820.9,3839.9,2896.0,3146.1,53,2,3146.0,8,5,3145.9,81,3,3145.6,2,1,3145.5,71,5,3146.7,76,5,3146.8,92,1,3146.9,6,1,3147.0,113,3,3147.1,200,1
2031,2026-06-16 13:37:27+05:30,3146.7,1,3132.24,2545018,127317.0,198947.0,3163.0,3163.0,3108.0,3134.3,32006200,3447.7,2820.9,3839.9,2896.0,3146.1,53,2,3146.0,8,5,3145.9,81,3,3145.6,2,1,3145.5,71,5,3146.7,76,5,3146.8,92,1,3146.9,6,1,3147.0,113,3,3147.1,200,1
2031,2026-06-16 13:37:28+05:30,3146.6,1,3132.24,2545020,127333.0,199471.0,3163.0,3163.0,3108.0,3134.3,32006200,3447.7,2820.9,3839.9,2896.0,3146.1,53,2,3146.0,8,5,3145.9,81,3,3145.5,41,2,3145.4,44,1,3146.6,37,3,3146.7,115,7,3146.8,339,3,3146.9,2,1,3147.0,220,6
2031,2026-06-16 13:37:28+05:30,3146.6,1,3132.24,2545020,127333.0,199471.0,3163.0,3163.0,3108.0,3134.3,32006200,3447.7,2820.9,3839.9,2896.0,3146.1,53,2,3146.0,8,5,3145.9,81,3,3145.5,41,2,3145.4,44,1,3146.6,37,3,3146.7,115,7,3146.8,339,3,3146.9,2,1,3147.0,220,6
2031,2026-06-16 13:37:28+05:30,3146.1,164,3132.24,2545020,127333.0,199471.0,3163.0,3163.0,3108.0,3134.3,32006200,3447.7,2820.9,3839.9,2896.0,3146.1,53,2,3146.0,8,5,3145.9,81,3,3145.5,41,2,3145.4,44,1,3146.6,37,3,3146.7,115,7,3146.8,339,3,3146.9,2,1,3147.0,220,6
2031,2026-06-16 13:37:29+05:30,3146.0,1,3132.24,2545260,126910.0,200226.0,3163.0,3163.0,3108.0,3134.3,32006200,3447.7,2820.9,3839.9,2896.0,3146.0,8,4,3145.9,78,2,3145.3,20,1,3145.1,42,2,3145.0,3,1,3146.5,67,6,3146.6,283,6,3146.7,114,7,3146.8,173,4,3146.9,21,1
2031,2026-06-16 13:37:29+05:30,3146.0,1,3132.24,2545260,126910.0,200226.0,3163.0,3163.0,3108.0,3134.3,32006200,3447.7,2820.9,3839.9,2896.0,3146.0,8,4,3145.9,78,2,3145.3,20,1,3145.1,42,2,3145.0,3,1,3146.5,67,6,3146.6,283,6,3146.7,114,7,3146.8,173,4,3146.9,21,1
2031,2026-06-16 13:37:29+05:30,3146.0,1,3132.24,2545260,126910.0,200226.0,3163.0,3163.0,3108.0,3134.3,32006200,3447.7,2820.9,3839.9,2896.0,3146.0,8,4,3145.9,78,2,3145.3,20,1,3145.1,42,2,3145.0,3,1,3146.5,67,6,3146.6,283,6,3146.7,114,7,3146.8,173,4,3146.9,21,1
2031,2026-06-16 13:37:29+05:30,3146.0,1,3132.24,2545260,126930.0,200284.0,3163.0,3163.0,3108.0,3134.3,32006200,3447.7,2820.9,3839.9,2896.0,3146.0,8,4,3145.9,92,3,3145.3,20,1,3145.1,42,2,3145.0,3,1,3146.4,12,1,3146.5,100,7,3146.6,284,7,3146.7,111,4,3146.8,171,3
2031,2026-06-16 13:37:30+05:30,3146.0,1,3132.24,2545260,126930.0,200284.0,3163.0,3163.0,3108.0,3134.3,32006200,3447.7,2820.9,3839.9,2896.0,3146.0,8,4,3145.9,92,3,3145.3,20,1,3145.1,42,2,3145.0,3,1,3146.4,12,1,3146.5,100,7,3146.6,284,7,3146.7,111,4,3146.8,171,3
2031,2026-06-16 13:37:31+05:30,3146.2,1,3132.24,2545264,126703.0,200216.0,3163.0,3163.0,3108.0,3134.3,32006200,3447.7,2820.9,3839.9,2896.0,3146.0,16,7,3145.9,108,4,3145.1,21,1,3145.0,3,1,3144.9,31,2,3146.2,12,1,3146.3,213,2,3146.4,38,3,3146.5,135,8,3146.6,44,3
2031,2026-06-16 13:37:31+05:30,3146.2,1,3132.24,2545264,126703.0,200216.0,3163.0,3163.0,3108.0,3134.3,32006200,3447.7,2820.9,3839.9,2896.0,3146.0,16,7,3145.9,108,4,3145.1,21,1,3145.0,3,1,3144.9,31,2,3146.2,12,1,3146.3,213,2,3146.4,38,3,3146.5,135,8,3146.6,44,3
2031,2026-06-16 13:37:31+05:30,3146.2,1,3132.24,2545264,126703.0,200216.0,3163.0,3163.0,3108.0,3134.3,32006200,3447.7,2820.9,3839.9,2896.0,3146.0,16,7,3145.9,108,4,3145.1,21,1,3145.0,3,1,3144.9,31,2,3146.2,12,1,3146.3,213,2,3146.4,38,3,3146.5,135,8,3146.6,44,3
2031,2026-06-16 13:37:32+05:30,3146.2,11,3132.24,2545275,126711.0,200320.0,3163.0,3163.0,3108.0,3134.3,32006200,3447.7,2820.9,3839.9,2896.0,3146.0,16,7,3145.9,108,4,3145.1,21,1,3145.0,3,1,3144.9,31,2,3146.2,23,3,3146.3,213,2,3146.4,38,3,3146.5,64,5,3146.6,44,3
2031,2026-06-16 13:37:32+05:30,3146.2,11,3132.24,2545275,126711.0,200320.0,3163.0,3163.0,3108.0,3134.3,32006200,3447.7,2820.9,3839.9,2896.0,3146.0,16,7,3145.9,108,4,3145.1,21,1,3145.0,3,1,3144.9,31,2,3146.2,23,3,3146.3,213,2,3146.4,38,3,3146.5,64,5,3146.6,44,3
2031,2026-06-16 13:37:32+05:30,3146.2,11,3132.24,2545275,126711.0,200320.0,3163.0,3163.0,3108.0,3134.3,32006200,3447.7,2820.9,3839.9,2896.0,3146.0,16,7,3145.9,108,4,3145.1,21,1,3145.0,3,1,3144.9,31,2,3146.2,23,3,3146.3,213,2,3146.4,38,3,3146.5,64,5,3146.6,44,3
2031,2026-06-16 13:37:33+05:30,3146.2,11,3132.24,2545275,126711.0,200320.0,3163.0,3163.0,3108.0,3134.3,32006200,3447.7,2820.9,3839.9,2896.0,3146.0,16,7,3145.9,108,4,3145.1,21,1,3145.0,3,1,3144.9,31,2,3146.2,23,3,3146.3,213,2,3146.4,38,3,3146.5,64,5,3146.6,44,3
2031,2026-06-16 13:37:33+05:30,3146.2,11,3132.24,2545275,126715.0,200329.0,3163.0,3163.0,3108.0,3134.3,32006200,3447.7,2820.9,3839.9,2896.0,3146.0,16,7,3145.9,108,4,3145.1,21,1,3145.0,3,1,3144.9,31,2,3146.2,22,2,3146.3,213,2,3146.4,38,3,3146.5,64,5,3146.6,44,3
2031,2026-06-16 13:37:33+05:30,3146.2,1,3132.24,2545275,126715.0,200329.0,3163.0,3163.0,3108.0,3134.3,32006200,3447.7,2820.9,3839.9,2896.0,3146.0,16,7,3145.9,108,4,3145.1,21,1,3145.0,3,1,3144.9,31,2,3146.2,22,2,3146.3,213,2,3146.4,38,3,3146.5,64,5,3146.6,44,3
2031,2026-06-16 13:37:33+05:30,3146.2,1,3132.24,2545275,126715.0,200329.0,3163.0,3163.0,3108.0,3134.3,32006200,3447.7,2820.9,3839.9,2896.0,3146.0,16,7,3145.9,108,4,3145.1,21,1,3145.0,3,1,3144.9,31,2,3146.2,22,2,3146.3,213,2,3146.4,38,3,3146.5,64,5,3146.6,44,3
2031,2026-06-16 13:37:34+05:30,3146.2,1,3132.24,2545276,126915.0,200217.0,3163.0,3163.0,3108.0,3134.3,32006200,3447.7,2820.9,3839.9,2896.0,3146.0,16,7,3145.9,108,4,3145.1,21,1,3145.0,3,1,3144.9,31,2,3146.2,21,2,3146.3,213,2,3146.4,38,3,3146.5,52,4,3146.6,44,3
2031,2026-06-16 13:37:34+05:30,3146.2,1,3132.24,2545276,126915.0,200217.0,3163.0,3163.0,3108.0,3134.3,32006200,3447.7,2820.9,3839.9,2896.0,3146.0,16,7,3145.9,108,4,3145.1,21,1,3145.0,3,1,3144.9,31,2,3146.2,21,2,3146.3,213,2,3146.4,38,3,3146.5,52,4,3146.6,44,3
2031,2026-06-16 13:37:34+05:30,3146.2,1,3132.24,2545276,126915.0,200217.0,3163.0,3163.0,3108.0,3134.3,32006200,3447.7,2820.9,3839.9,2896.0,3146.0,16,7,3145.9,108,4,3145.1,21,1,3145.0,3,1,3144.9,31,2,3146.2,21,2,3146.3,213,2,3146.4,38,3,3146.5,52,4,3146.6,44,3
2031,2026-06-16 13:37:34+05:30,3146.2,1,3132.25,2545643,126534.0,199682.0,3163.0,3163.0,3108.0,3134.3,32006200,3447.7,2820.9,3839.9,2896.0,3146.1,16,1,3146.0,16,7,3145.9,92,3,3145.3,21,1,3145.1,21,1,3146.2,12,1,3146.6,1,1,3146.7,20,1,3146.9,37,3,3147.0,243,7
2031,2026-06-16 13:37:35+05:30,3146.2,12,3132.25,2545643,126534.0,199682.0,3163.0,3163.0,3108.0,3134.3,32006200,3447.7,2820.9,3839.9,2896.0,3146.1,16,1,3146.0,16,7,3145.9,92,3,3145.3,21,1,3145.1,21,1,3146.2,12,1,3146.6,1,1,3146.7,20,1,3146.9,37,3,3147.0,243,7
2031,2026-06-16 13:37:35+05:30,3146.2,12,3132.25,2545643,126534.0,199682.0,3163.0,3163.0,3108.0,3134.3,32006200,3447.7,2820.9,3839.9,2896.0,3146.1,16,1,3146.0,16,7,3145.9,92,3,3145.3,21,1,3145.1,21,1,3146.2,12,1,3146.6,1,1,3146.7,20,1,3146.9,37,3,3147.0,243,7
2031,2026-06-16 13:37:35+05:30,3146.2,1,3132.25,2545657,126567.0,199788.0,3163.0,3163.0,3108.0,3134.3,32006200,3447.7,2820.9,3839.9,2896.0,3146.2,2,1,3146.0,16,7,3145.9,92,3,3145.3,37,2,3145.1,21,1,3146.6,13,2,3146.7,20,1,3146.8,38,1,3146.9,239,5,3147.0,290,8
2031,2026-06-16 13:37:36+05:30,3146.2,1,3132.25,2545657,126567.0,199788.0,3163.0,3163.0,3108.0,3134.3,32006200,3447.7,2820.9,3839.9,2896.0,3146.2,2,1,3146.0,16,7,3145.9,92,3,3145.3,37,2,3145.1,21,1,3146.6,13,2,3146.7,20,1,3146.8,38,1,3146.9,239,5,3147.0,290,8
2031,2026-06-16 13:37:36+05:30,3146.2,1,3132.25,2545657,126567.0,199788.0,3163.0,3163.0,3108.0,3134.3,32006200,3447.7,2820.9,3839.9,2896.0,3146.2,2,1,3146.0,16,7,3145.9,92,3,3145.3,37,2,3145.1,21,1,3146.6,13,2,3146.7,20,1,3146.8,38,1,3146.9,239,5,3147.0,290,8
2031,2026-06-16 13:37:36+05:30,3146.2,10,3132.25,2545667,127330.0,199995.0,3163.0,3163.0,3108.0,3134.3,32006200,3447.7,2820.9,3839.9,2896.0,3146.2,58,2,3146.0,16,7,3145.9,92,3,3145.4,3,1,3145.3,37,2,3146.6,22,3,3146.7,20,1,3146.9,237,4,3147.0,216,6,3147.1,22,2
2031,2026-06-16 13:37:37+05:30,3146.2,10,3132.25,2545667,127330.0,199995.0,3163.0,3163.0,3108.0,3134.3,32006200,3447.7,2820.9,3839.9,2896.0,3146.2,58,2,3146.0,16,7,3145.9,92,3,3145.4,3,1,3145.3,37,2,3146.6,22,3,3146.7,20,1,3146.9,237,4,3147.0,216,6,3147.1,22,2
2031,2026-06-16 13:37:37+05:30,3146.2,10,3132.25,2545667,127330.0,199995.0,3163.0,3163.0,3108.0,3134.3,32006200,3447.7,2820.9,3839.9,2896.0,3146.2,58,2,3146.0,16,7,3145.9,92,3,3145.4,3,1,3145.3,37,2,3146.6,22,3,3146.7,20,1,3146.9,237,4,3147.0,216,6,3147.1,22,2
2031,2026-06-16 13:37:37+05:30,3146.2,10,3132.25,2545667,127378.0,199926.0,3163.0,3163.0,3108.0,3134.3,32006200,3447.7,2820.9,3839.9,2896.0,3146.5,1,1,3146.2,58,2,3146.0,16,7,3145.9,108,4,3145.5,93,3,3146.6,10,2,3146.7,20,1,3146.9,21,1,3147.0,333,5,3147.1,20,1
2031,2026-06-16 13:37:38+05:30,3146.2,10,3132.25,2545667,127378.0,199926.0,3163.0,3163.0,3108.0,3134.3,32003800,3447.7,2820.9,3839.9,2896.0,3146.5,1,1,3146.2,58,2,3146.0,16,7,3145.9,108,4,3145.5,93,3,3146.6,10,2,3146.7,20,1,3146.9,21,1,3147.0,333,5,3147.1,20,1
2031,2026-06-16 13:37:38+05:30,3146.2,24,3132.25,2545667,127378.0,199926.0,3163.0,3163.0,3108.0,3134.3,32003800,3447.7,2820.9,3839.9,2896.0,3146.5,1,1,3146.2,58,2,3146.0,16,7,3145.9,108,4,3145.5,93,3,3146.6,10,2,3146.7,20,1,3146.9,21,1,3147.0,333,5,3147.1,20,1
2031,2026-06-16 13:37:38+05:30,3146.6,1,3132.25,2545851,127504.0,199853.0,3163.0,3163.0,3108.0,3134.3,32003800,3447.7,2820.9,3839.9,2896.0,3146.5,3,1,3146.2,16,1,3146.1,3,1,3146.0,11,6,3145.9,108,4,3146.6,46,2,3147.0,108,3,3147.2,232,2,3147.3,86,3,3147.4,54,2
2031,2026-06-16 13:37:39+05:30,3146.6,1,3132.25,2545851,127504.0,199853.0,3163.0,3163.0,3108.0,3134.3,32003800,3447.7,2820.9,3839.9,2896.0,3146.5,3,1,3146.2,16,1,3146.1,3,1,3146.0,11,6,3145.9,108,4,3146.6,46,2,3147.0,108,3,3147.2,232,2,3147.3,86,3,3147.4,54,2
2031,2026-06-16 13:37:39+05:30,3146.6,9,3132.25,2545867,127522.0,199848.0,3163.0,3163.0,3108.0,3134.3,32003800,3447.7,2820.9,3839.9,2896.0,3146.6,16,1,3146.5,3,1,3146.2,16,1,3146.0,11,6,3145.9,50,2,3146.9,24,2,3147.0,120,4,3147.1,220,2,3147.2,57,2,3147.3,86,3
2031,2026-06-16 13:37:40+05:30,3146.8,3,3132.25,2545867,127522.0,199848.0,3163.0,3163.0,3108.0,3134.3,32003800,3447.7,2820.9,3839.9,2896.0,3146.6,16,1,3146.5,3,1,3146.2,16,1,3146.0,11,6,3145.9,50,2,3146.9,24,2,3147.0,120,4,3147.1,220,2,3147.2,57,2,3147.3,86,3
2031,2026-06-16 13:37:40+05:30,3147.0,1,3132.25,2545937,127618.0,199742.0,3163.0,3163.0,3108.0,3134.3,32003800,3447.7,2820.9,3839.9,2896.0,3146.6,33,3,3146.5,3,1,3146.2,15,1,3146.1,3,1,3146.0,10,5,3147.0,131,5,3147.4,54,2,3147.5,274,4,3147.6,153,4,3147.7,86,2
2031,2026-06-16 13:37:41+05:30,3147.0,1,3132.25,2545937,127618.0,199742.0,3163.0,3163.0,3108.0,3134.3,32003800,3447.7,2820.9,3839.9,2896.0,3146.6,33,3,3146.5,3,1,3146.2,15,1,3146.1,3,1,3146.0,10,5,3147.0,131,5,3147.4,54,2,3147.5,274,4,3147.6,153,4,3147.7,86,2
2031,2026-06-16 13:37:41+05:30,3147.0,1,3132.25,2545937,127557.0,199955.0,3163.0,3163.0,3108.0,3134.3,32003800,3447.7,2820.9,3839.9,2896.0,3146.7,15,1,3146.6,2,1,3146.5,3,1,3146.1,19,2,3146.0,10,5,3147.0,170,6,3147.2,244,3,3147.3,2,1,3147.4,100,3,3147.5,85,2
2031,2026-06-16 13:37:42+05:30,3147.0,1,3132.25,2545937,127617.0,199818.0,3163.0,3163.0,3108.0,3134.3,32003800,3447.7,2820.9,3839.9,2896.0,3146.7,15,1,3146.6,2,1,3146.5,3,1,3146.1,19,2,3146.0,26,6,3146.9,24,2,3147.0,170,6,3147.2,224,2,3147.3,2,1,3147.4,100,3
2031,2026-06-16 13:37:43+05:30,3146.9,10,3132.25,2545937,127617.0,199818.0,3163.0,3163.0,3108.0,3134.3,32003800,3447.7,2820.9,3839.9,2896.0,3146.7,15,1,3146.6,2,1,3146.5,3,1,3146.1,19,2,3146.0,26,6,3146.9,24,2,3147.0,170,6,3147.2,224,2,3147.3,2,1,3147.4,100,3
2031,2026-06-16 13:37:43+05:30,3147.0,1,3132.25,2545960,127356.0,199596.0,3163.0,3163.0,3108.0,3134.3,32003800,3447.7,2820.9,3839.9,2896.0,3146.9,15,1,3146.6,2,1,3146.5,33,3,3146.1,26,2,3146.0,27,6,3147.0,157,5,3147.2,200,1,3147.5,5,1,3147.6,119,4,3147.7,82,2
2031,2026-06-16 13:37:44+05:30,3146.9,1,3132.25,2545960,127356.0,199596.0,3163.0,3163.0,3108.0,3134.3,32003800,3447.7,2820.9,3839.9,2896.0,3146.9,15,1,3146.6,2,1,3146.5,33,3,3146.1,26,2,3146.0,27,6,3147.0,157,5,3147.2,200,1,3147.5,5,1,3147.6,119,4,3147.7,82,2
2031,2026-06-16 13:37:44+05:30,3146.9,1,3132.25,2546096,127307.0,199256.0,3163.0,3163.0,3108.0,3134.3,32003800,3447.7,2820.9,3839.9,2896.0,3146.6,2,1,3146.5,33,3,3146.2,11,1,3146.1,74,4,3146.0,27,6,3147.0,22,1,3147.4,200,1,3147.5,5,1,3147.8,68,3,3147.9,90,3
2031,2026-06-16 13:37:45+05:30,3147.0,25,3132.25,2546096,127307.0,199256.0,3163.0,3163.0,3108.0,3134.3,32003800,3447.7,2820.9,3839.9,2896.0,3146.6,2,1,3146.5,33,3,3146.2,11,1,3146.1,74,4,3146.0,27,6,3147.0,22,1,3147.4,200,1,3147.5,5,1,3147.8,68,3,3147.9,90,3
2031,2026-06-16 13:37:45+05:30,3147.0,1,3132.25,2546290,127090.0,199313.0,3163.0,3163.0,3108.0,3134.3,32003800,3447.7,2820.9,3839.9,2896.0,3146.8,2,2,3146.7,15,1,3146.6,2,1,3146.5,15,1,3146.2,11,1,3147.0,58,4,3147.2,30,2,3147.3,12,1,3147.4,38,1,3147.5,230,3
2031,2026-06-16 13:37:46+05:30,3147.0,21,3132.25,2546290,127090.0,199313.0,3163.0,3163.0,3108.0,3134.3,32003800,3447.7,2820.9,3839.9,2896.0,3146.8,2,2,3146.7,15,1,3146.6,2,1,3146.5,15,1,3146.2,11,1,3147.0,58,4,3147.2,30,2,3147.3,12,1,3147.4,38,1,3147.5,230,3
2031,2026-06-16 13:37:47+05:30,3146.7,4,3132.25,2546320,127129.0,199292.0,3163.0,3163.0,3108.0,3134.3,32003800,3447.7,2820.9,3839.9,2896.0,3146.7,11,1,3146.6,2,1,3146.5,15,1,3146.1,36,3,3146.0,88,8,3147.0,40,5,3147.2,18,1,3147.5,224,2,3147.6,38,1,3147.7,2,1
2031,2026-06-16 13:37:47+05:30,3147.0,5,3132.25,2546320,127129.0,199292.0,3163.0,3163.0,3108.0,3134.3,32003800,3447.7,2820.9,3839.9,2896.0,3146.7,11,1,3146.6,2,1,3146.5,15,1,3146.1,36,3,3146.0,88,8,3147.0,40,5,3147.2,18,1,3147.5,224,2,3147.6,38,1,3147.7,2,1
2031,2026-06-16 13:37:48+05:30,3147.0,5,3132.25,2546353,127112.0,199322.0,3163.0,3163.0,3108.0,3134.3,32003800,3447.7,2820.9,3839.9,2896.0,3146.7,11,1,3146.6,2,1,3146.5,15,1,3146.2,55,2,3146.1,36,3,3147.0,24,4,3147.2,18,1,3147.6,5,1,3147.7,200,1,3147.8,105,3
2031,2026-06-16 13:37:49+05:30,3147.0,5,3132.25,2546353,127133.0,199365.0,3163.0,3163.0,3108.0,3134.3,32003800,3447.7,2820.9,3839.9,2896.0,3146.7,27,2,3146.6,2,1,3146.1,26,2,3146.0,73,7,3145.9,100,5,3147.0,37,4,3147.2,18,1,3147.4,200,1,3147.6,5,1,3147.7,2,1
2031,2026-06-16 13:37:49+05:30,3147.0,1,3132.25,2546353,127133.0,199365.0,3163.0,3163.0,3108.0,3134.3,32003800,3447.7,2820.9,3839.9,2896.0,3146.7,27,2,3146.6,2,1,3146.1,26,2,3146.0,73,7,3145.9,100,5,3147.0,37,4,3147.2,18,1,3147.4,200,1,3147.6,5,1,3147.7,2,1
2031,2026-06-16 13:37:50+05:30,3147.0,1,3132.25,2546354,127254.0,198338.0,3163.0,3163.0,3108.0,3134.3,32003800,3447.7,2820.9,3839.9,2896.0,3146.7,65,3,3146.6,2,1,3146.5,15,1,3146.4,8,1,3146.3,41,2,3147.0,71,5,3147.2,18,1,3147.6,200,1,3147.8,21,1,3147.9,43,1
2031,2026-06-16 13:37:51+05:30,3147.0,1,3132.25,2546354,127243.0,198741.0,3163.0,3163.0,3108.0,3134.3,32003800,3447.7,2820.9,3839.9,2896.0,3146.7,65,3,3146.6,2,1,3146.4,8,1,3146.3,41,2,3146.1,26,2,3146.8,10,1,3147.0,80,6,3147.2,18,1,3147.5,200,1,3147.7,23,1
2031,2026-06-16 13:37:52+05:30,3147.0,10,3132.25,2546455,127438.0,198646.0,3163.0,3163.0,3108.0,3134.3,32003800,3447.7,2820.9,3839.9,2896.0,3146.8,16,1,3146.7,38,1,3146.6,2,1,3146.5,16,1,3146.1,26,2,3147.0,20,1,3147.5,78,1,3147.6,12,1,3147.7,212,2,3147.9,152,5
2031,2026-06-16 13:37:52+05:30,3147.0,20,3132.25,2546455,127438.0,198646.0,3163.0,3163.0,3108.0,3134.3,32003800,3447.7,2820.9,3839.9,2896.0,3146.8,16,1,3146.7,38,1,3146.6,2,1,3146.5,16,1,3146.1,26,2,3147.0,20,1,3147.5,78,1,3147.6,12,1,3147.7,212,2,3147.9,152,5
2031,2026-06-16 13:37:53+05:30,3147.0,2,3132.25,2546477,127514.0,198712.0,3163.0,3163.0,3108.0,3134.3,32003800,3447.7,2820.9,3839.9,2896.0,3147.0,14,1,3146.7,54,2,3146.6,2,1,3146.1,61,4,3146.0,75,8,3147.4,24,2,3147.5,102,3,3147.6,23,1,3147.8,2,1,3147.9,327,4
2031,2026-06-16 13:37:53+05:30,3147.0,2,3132.25,2546477,127514.0,198712.0,3163.0,3163.0,3108.0,3134.3,32003800,3447.7,2820.9,3839.9,2896.0,3147.0,14,1,3146.7,54,2,3146.6,2,1,3146.1,61,4,3146.0,75,8,3147.4,24,2,3147.5,102,3,3147.6,23,1,3147.8,2,1,3147.9,327,4
2031,2026-06-16 13:37:54+05:30,3147.4,3,3132.25,2546477,127514.0,198712.0,3163.0,3163.0,3108.0,3134.3,32003800,3447.7,2820.9,3839.9,2896.0,3147.0,14,1,3146.7,54,2,3146.6,2,1,3146.1,61,4,3146.0,75,8,3147.4,24,2,3147.5,102,3,3147.6,23,1,3147.8,2,1,3147.9,327,4
2031,2026-06-16 13:37:54+05:30,3147.4,3,3132.25,2546492,127644.0,198039.0,3163.0,3163.0,3108.0,3134.3,32003800,3447.7,2820.9,3839.9,2896.0,3147.0,56,2,3146.7,56,2,3146.6,2,1,3146.5,38,1,3146.3,18,1,3147.4,19,1,3147.5,90,2,3147.8,200,1,3148.0,451,5,3148.1,108,3
2031,2026-06-16 13:37:55+05:30,3147.4,1,3132.25,2546492,127644.0,198039.0,3163.0,3163.0,3108.0,3134.3,32003800,3447.7,2820.9,3839.9,2896.0,3147.0,56,2,3146.7,56,2,3146.6,2,1,3146.5,38,1,3146.3,18,1,3147.4,19,1,3147.5,90,2,3147.8,200,1,3148.0,451,5,3148.1,108,3
2031,2026-06-16 13:37:55+05:30,3147.4,1,3132.25,2546494,127772.0,197935.0,3163.0,3163.0,3108.0,3134.3,32003800,3447.7,2820.9,3839.9,2896.0,3147.2,15,1,3147.0,42,1,3146.7,56,2,3146.6,2,1,3146.5,54,3,3147.4,17,1,3147.5,78,1,3147.9,200,1,3148.0,392,3,3148.1,106,2
2031,2026-06-16 13:37:56+05:30,3147.5,11,3132.25,2546494,127772.0,197935.0,3163.0,3163.0,3108.0,3134.3,32003800,3447.7,2820.9,3839.9,2896.0,3147.2,15,1,3147.0,42,1,3146.7,56,2,3146.6,2,1,3146.5,54,3,3147.4,17,1,3147.5,78,1,3147.9,200,1,3148.0,392,3,3148.1,106,2
2031,2026-06-16 13:37:56+05:30,3147.2,9,3132.25,2546675,127706.0,197948.0,3163.0,3163.0,3108.0,3134.3,32003800,3447.7,2820.9,3839.9,2896.0,3147.2,32,1,3147.0,73,3,3146.8,3,1,3146.7,38,1,3146.6,2,1,3147.4,1,1,3147.8,200,1,3147.9,23,1,3148.0,390,2,3148.2,77,3
2031,2026-06-16 13:37:57+05:30,3147.8,10,3132.25,2546675,127706.0,197948.0,3163.0,3163.0,3108.0,3134.3,32003800,3447.7,2820.9,3839.9,2896.0,3147.2,32,1,3147.0,73,3,3146.8,3,1,3146.7,38,1,3146.6,2,1,3147.4,1,1,3147.8,200,1,3147.9,23,1,3148.0,390,2,3148.2,77,3
2031,2026-06-16 13:37:57+05:30,3147.8,10,3132.25,2546735,127726.0,198108.0,3163.0,3163.0,3108.0,3134.3,32003800,3447.7,2820.9,3839.9,2896.0,3147.2,32,1,3147.0,59,2,3146.8,3,1,3146.7,54,2,3146.6,2,1,3147.6,12,1,3147.7,82,5,3147.8,153,2,3148.0,468,4,3148.1,30,1
2031,2026-06-16 13:37:58+05:30,3147.8,10,3132.25,2546735,127745.0,197904.0,3163.0,3163.0,3108.0,3134.3,32003800,3447.7,2820.9,3839.9,2896.0,3147.3,16,1,3147.2,32,1,3147.0,55,2,3146.8,3,1,3146.7,38,1,3147.4,28,2,3147.6,12,1,3147.7,43,2,3147.8,141,1,3147.9,30,1
2031,2026-06-16 13:37:59+05:30,3147.4,26,3132.25,2546735,127745.0,197904.0,3163.0,3163.0,3108.0,3134.3,32003800,3447.7,2820.9,3839.9,2896.0,3147.3,16,1,3147.2,32,1,3147.0,55,2,3146.8,3,1,3146.7,38,1,3147.4,28,2,3147.6,12,1,3147.7,43,2,3147.8,141,1,3147.9,30,1
2031,2026-06-16 13:37:59+05:30,3147.4,26,3132.25,2546815,127856.0,197881.0,3163.0,3163.0,3108.0,3134.3,32003800,3447.7,2820.9,3839.9,2896.0,3147.3,1,1,3147.2,47,2,3147.0,55,2,3146.8,3,1,3146.7,38,1,3147.4,12,1,3147.6,24,2,3147.7,253,6,3147.8,16,1,3148.0,491,5
2031,2026-06-16 13:38:00+05:30,3147.4,1,3132.25,2546815,127856.0,197881.0,3163.0,3163.0,3108.0,3134.3,32003800,3447.7,2820.9,3839.9,2896.0,3147.3,1,1,3147.2,47,2,3147.0,55,2,3146.8,3,1,3146.7,38,1,3147.4,12,1,3147.6,24,2,3147.7,253,6,3147.8,16,1,3148.0,491,5
2031,2026-06-16 13:38:00+05:30,3147.4,2,3132.25,2546821,127914.0,197800.0,3163.0,3163.0,3108.0,3134.3,32003800,3447.7,2820.9,3839.9,2896.0,3147.3,62,5,3147.2,32,1,3147.1,13,1,3147.0,42,1,3146.8,3,1,3147.4,7,2,3147.6,24,2,3147.7,141,1,3148.0,495,5,3148.2,78,3
2031,2026-06-16 13:38:01+05:30,3147.3,17,3132.25,2546821,127914.0,197800.0,3163.0,3163.0,3108.0,3134.3,32003800,3447.7,2820.9,3839.9,2896.0,3147.3,62,5,3147.2,32,1,3147.1,13,1,3147.0,42,1,3146.8,3,1,3147.4,7,2,3147.6,24,2,3147.7,141,1,3148.0,495,5,3148.2,78,3
2031,2026-06-16 13:38:01+05:30,3147.0,42,3132.26,2547315,127341.0,198905.0,3163.0,3163.0,3108.0,3134.3,32003800,3447.7,2820.9,3839.9,2896.0,3146.6,2,1,3146.0,10,5,3145.9,21,1,3145.7,35,2,3145.5,68,2,3147.2,73,6,3147.3,249,7,3147.4,82,5,3147.5,30,3,3147.6,95,3
2031,2026-06-16 13:38:02+05:30,3146.6,2,3132.26,2547315,127341.0,198905.0,3163.0,3163.0,3108.0,3134.3,32003800,3447.7,2820.9,3839.9,2896.0,3146.6,2,1,3146.0,10,5,3145.9,21,1,3145.7,35,2,3145.5,68,2,3147.2,73,6,3147.3,249,7,3147.4,82,5,3147.5,30,3,3147.6,95,3
2031,2026-06-16 13:38:02+05:30,3146.6,2,3132.26,2547323,126041.0,200065.0,3163.0,3163.0,3108.0,3134.3,32003800,3447.7,2820.9,3839.9,2896.0,3146.6,2,1,3146.0,10,5,3145.7,14,1,3145.5,22,1,3145.3,21,1,3146.8,200,5,3146.9,54,4,3147.0,105,6,3147.1,41,4,3147.2,140,5
2031,2026-06-16 13:38:03+05:30,3146.6,5,3132.26,2547323,126041.0,200065.0,3163.0,3163.0,3108.0,3134.3,32003800,3447.7,2820.9,3839.9,2896.0,3146.6,2,1,3146.0,10,5,3145.7,14,1,3145.5,22,1,3145.3,21,1,3146.8,200,5,3146.9,54,4,3147.0,105,6,3147.1,41,4,3147.2,140,5
2031,2026-06-16 13:38:03+05:30,3146.6,5,3132.26,2547330,125873.0,200395.0,3163.0,3163.0,3108.0,3134.3,32003800,3447.7,2820.9,3839.9,2896.0,3146.0,10,5,3145.3,21,1,3145.1,76,3,3144.9,92,4,3144.8,26,2,3146.6,136,1,3146.7,22,2,3146.8,61,3,3146.9,48,3,3147.0,89,7
2031,2026-06-16 13:38:04+05:30,3146.6,5,3132.26,2547330,125827.0,200594.0,3163.0,3163.0,3108.0,3134.3,32003800,3447.7,2820.9,3839.9,2896.0,3146.0,10,5,3145.3,21,1,3145.1,76,3,3144.9,92,4,3144.8,26,2,3146.6,26,2,3146.7,164,3,3146.9,106,5,3147.0,67,5,3147.1,59,4
2031,2026-06-16 13:38:05+05:30,3146.6,1,3132.26,2547330,125827.0,200594.0,3163.0,3163.0,3108.0,3134.3,32003800,3447.7,2820.9,3839.9,2896.0,3146.0,10,5,3145.3,21,1,3145.1,76,3,3144.9,92,4,3144.8,26,2,3146.6,26,2,3146.7,164,3,3146.9,106,5,3147.0,67,5,3147.1,59,4
2031,2026-06-16 13:38:05+05:30,3146.0,2,3132.26,2547333,125855.0,200366.0,3163.0,3163.0,3108.0,3134.3,32003800,3447.7,2820.9,3839.9,2896.0,3146.0,11,5,3145.3,21,1,3145.1,76,3,3144.9,92,4,3144.8,26,2,3146.6,25,1,3146.7,50,3,3146.8,138,2,3146.9,82,3,3147.0,67,5
2031,2026-06-16 13:38:06+05:30,3146.0,2,3132.26,2547333,125855.0,200366.0,3163.0,3163.0,3108.0,3134.3,32003800,3447.7,2820.9,3839.9,2896.0,3146.0,11,5,3145.3,21,1,3145.1,76,3,3144.9,92,4,3144.8,26,2,3146.6,25,1,3146.7,50,3,3146.8,138,2,3146.9,82,3,3147.0,67,5
2031,2026-06-16 13:38:06+05:30,3146.1,1,3132.26,2547334,126152.0,199722.0,3163.0,3163.0,3108.0,3134.3,32003800,3447.7,2820.9,3839.9,2896.0,3146.0,11,5,3145.9,15,1,3145.3,36,2,3145.2,15,1,3145.1,61,2,3146.1,1,1,3146.5,136,1,3146.6,39,2,3146.7,32,2,3146.8,2,1
2031,2026-06-16 13:38:07+05:30,3146.1,1,3132.26,2547334,126152.0,199722.0,3163.0,3163.0,3108.0,3134.3,32003800,3447.7,2820.9,3839.9,2896.0,3146.0,11,5,3145.9,15,1,3145.3,36,2,3145.2,15,1,3145.1,61,2,3146.1,1,1,3146.5,136,1,3146.6,39,2,3146.7,32,2,3146.8,2,1
2031,2026-06-16 13:38:07+05:30,3146.1,1,3132.26,2547344,126055.0,198677.0,3163.0,3163.0,3108.0,3134.3,32003800,3447.7,2820.9,3839.9,2896.0,3146.1,8,1,3146.0,11,5,3145.4,15,1,3145.2,3,1,3145.1,61,2,3146.5,136,1,3146.6,28,2,3146.7,32,2,3146.9,76,3,3147.0,59,4
2031,2026-06-16 13:38:08+05:30,3146.1,1,3132.26,2547344,126055.0,198677.0,3163.0,3163.0,3108.0,3134.3,32003800,3447.7,2820.9,3839.9,2896.0,3146.1,8,1,3146.0,11,5,3145.4,15,1,3145.2,3,1,3145.1,61,2,3146.5,136,1,3146.6,28,2,3146.7,32,2,3146.9,76,3,3147.0,59,4
2031,2026-06-16 13:38:08+05:30,3146.1,1,3132.26,2547344,126038.0,200750.0,3163.0,3163.0,3108.0,3134.3,32003800,3447.7,2820.9,3839.9,2896.0,3146.1,8,1,3146.0,11,5,3145.2,3,1,3145.1,61,2,3145.0,35,2,3146.5,160,2,3146.6,66,3,3146.7,34,3,3146.8,66,2,3146.9,65,2
2031,2026-06-16 13:38:09+05:30,3146.0,1,3132.26,2547617,125344.0,200920.0,3163.0,3163.0,3108.0,3134.3,32003800,3447.7,2820.9,3839.9,2896.0,3146.0,1,1,3145.3,24,1,3145.2,19,1,3145.1,21,1,3145.0,20,1,3146.3,12,1,3146.4,130,5,3146.5,44,2,3146.6,90,4,3146.7,78,3
2031,2026-06-16 13:38:10+05:30,3146.0,1,3132.26,2547617,125344.0,200920.0,3163.0,3163.0,3108.0,3134.3,32003800,3447.7,2820.9,3839.9,2896.0,3146.0,1,1,3145.3,24,1,3145.2,19,1,3145.1,21,1,3145.0,20,1,3146.3,12,1,3146.4,130,5,3146.5,44,2,3146.6,90,4,3146.7,78,3
2031,2026-06-16 13:38:10+05:30,3146.4,1,3132.26,2547618,125661.0,200779.0,3163.0,3163.0,3108.0,3134.3,32003800,3447.7,2820.9,3839.9,2896.0,3146.0,6,2,3145.9,15,1,3145.3,24,1,3145.2,19,1,3145.1,21,1,3146.3,6,1,3146.4,62,1,3146.5,24,1,3146.6,52,3,3146.7,128,5
2031,2026-06-16 13:38:11+05:30,3146.0,1,3132.26,2547618,125661.0,200779.0,3163.0,3163.0,3108.0,3134.3,32003800,3447.7,2820.9,3839.9,2896.0,3146.0,6,2,3145.9,15,1,3145.3,24,1,3145.2,19,1,3145.1,21,1,3146.3,6,1,3146.4,62,1,3146.5,24,1,3146.6,52,3,3146.7,128,5
2031,2026-06-16 13:38:11+05:30,3146.0,1,3132.26,2547619,125663.0,200759.0,3163.0,3163.0,3108.0,3134.3,32003800,3447.7,2820.9,3839.9,2896.0,3146.0,8,3,3145.9,15,1,3145.3,24,1,3145.2,19,1,3145.1,21,1,3146.3,10,2,3146.4,62,1,3146.6,52,3,3146.7,126,4,3146.8,40,2
2031,2026-06-16 13:38:12+05:30,3146.0,1,3132.26,2547619,125663.0,200753.0,3163.0,3163.0,3108.0,3134.3,32003800,3447.7,2820.9,3839.9,2896.0,3146.0,8,3,3145.9,15,1,3145.3,24,1,3145.2,19,1,3145.1,21,1,3146.3,10,2,3146.4,62,1,3146.6,52,3,3146.7,126,4,3146.8,40,2
2031,2026-06-16 13:38:13+05:30,3146.2,1,3132.26,2547619,125663.0,200753.0,3163.0,3163.0,3108.0,3134.3,32003800,3447.7,2820.9,3839.9,2896.0,3146.0,8,3,3145.9,15,1,3145.3,24,1,3145.2,19,1,3145.1,21,1,3146.3,10,2,3146.4,62,1,3146.6,52,3,3146.7,126,4,3146.8,40,2
2031,2026-06-16 13:38:13+05:30,3146.2,1,3132.26,2547620,125676.0,200895.0,3163.0,3163.0,3108.0,3134.3,32003800,3447.7,2820.9,3839.9,2896.0,3146.1,16,1,3146.0,8,3,3145.3,24,1,3145.2,19,1,3145.1,21,1,3146.2,61,1,3146.3,10,2,3146.4,11,1,3146.5,38,1,3146.6,52,3
2031,2026-06-16 13:38:14+05:30,3146.1,1,3132.26,2547792,125483.0,200816.0,3163.0,3163.0,3108.0,3134.3,32003800,3447.7,2820.9,3839.9,2896.0,3146.0,8,3,3145.3,24,1,3145.2,19,1,3145.1,21,1,3145.0,20,1,3146.1,109,1,3146.2,200,1,3146.3,55,3,3146.4,7,2,3146.5,19,1
2031,2026-06-16 13:38:15+05:30,3146.0,9,3132.26,2547792,125483.0,200816.0,3163.0,3163.0,3108.0,3134.3,32003800,3447.7,2820.9,3839.9,2896.0,3146.0,8,3,3145.3,24,1,3145.2,19,1,3145.1,21,1,3145.0,20,1,3146.1,109,1,3146.2,200,1,3146.3,55,3,3146.4,7,2,3146.5,19,1
2031,2026-06-16 13:38:15+05:30,3146.1,22,3132.26,2547940,124988.0,201190.0,3163.0,3163.0,3108.0,3134.3,32003800,3447.7,2820.9,3839.9,2896.0,3145.5,2,1,3145.2,31,2,3145.1,15,2,3145.0,24,1,3144.9,89,6,3146.1,7,1,3146.2,200,1,3146.3,6,1,3146.5,2,1,3146.6,72,3
2031,2026-06-16 13:38:16+05:30,3146.1,22,3132.26,2547940,124988.0,201190.0,3163.0,3163.0,3108.0,3134.3,32003800,3447.7,2820.9,3839.9,2896.0,3145.5,2,1,3145.2,31,2,3145.1,15,2,3145.0,24,1,3144.9,89,6,3146.1,7,1,3146.2,200,1,3146.3,6,1,3146.5,2,1,3146.6,72,3
2031,2026-06-16 13:38:16+05:30,3145.6,10,3132.26,2547950,125342.0,200846.0,3163.0,3163.0,3108.0,3134.3,32003800,3447.7,2820.9,3839.9,2896.0,3146.0,190,1,3145.5,2,1,3145.1,68,3,3145.0,102,3,3144.9,231,5,3146.1,7,1,3146.2,200,1,3146.3,6,1,3146.5,200,1,3146.6,28,2
2031,2026-06-16 13:38:17+05:30,3146.2,13,3132.26,2547950,125342.0,200846.0,3163.0,3163.0,3108.0,3134.3,32003800,3447.7,2820.9,3839.9,2896.0,3146.0,190,1,3145.5,2,1,3145.1,68,3,3145.0,102,3,3144.9,231,5,3146.1,7,1,3146.2,200,1,3146.3,6,1,3146.5,200,1,3146.6,28,2
2031,2026-06-16 13:38:17+05:30,3146.2,13,3132.26,2548063,125970.0,200274.0,3163.0,3163.0,3108.0,3134.3,32003800,3447.7,2820.9,3839.9,2896.0,3146.0,191,2,3145.9,14,1,3145.6,13,2,3145.5,29,4,3145.4,55,3,3146.2,94,1,3146.3,6,1,3146.6,28,2,3146.9,200,1,3147.2,118,3
2031,2026-06-16 13:38:18+05:30,3146.2,13,3132.26,2548063,125970.0,200274.0,3163.0,3163.0,3108.0,3134.3,32003800,3447.7,2820.9,3839.9,2896.0,3146.0,191,2,3145.9,14,1,3145.6,13,2,3145.5,29,4,3145.4,55,3,3146.2,94,1,3146.3,6,1,3146.6,28,2,3146.9,200,1,3147.2,118,3
2031,2026-06-16 13:38:18+05:30,3146.0,15,3132.26,2548078,125991.0,200289.0,3163.0,3163.0,3108.0,3134.3,32003800,3447.7,2820.9,3839.9,2896.0,3146.0,176,2,3145.6,9,2,3145.5,29,4,3145.4,77,4,3145.3,41,3,3146.1,1,1,3146.2,94,1,3146.3,6,1,3146.6,28,2,3146.9,200,1
2031,2026-06-16 13:38:19+05:30,3146.0,15,3132.26,2548078,125991.0,200289.0,3163.0,3163.0,3108.0,3134.3,32003800,3447.7,2820.9,3839.9,2896.0,3146.0,176,2,3145.6,9,2,3145.5,29,4,3145.4,77,4,3145.3,41,3,3146.1,1,1,3146.2,94,1,3146.3,6,1,3146.6,28,2,3146.9,200,1
2031,2026-06-16 13:38:20+05:30,3146.2,1,3132.26,2548091,125679.0,200418.0,3163.0,3163.0,3108.0,3134.3,32003800,3447.7,2820.9,3839.9,2896.0,3146.0,177,3,3145.8,5,1,3145.7,14,1,3145.6,17,3,3145.5,14,3,3146.2,83,1,3146.3,6,1,3146.6,28,2,3146.7,200,1,3147.1,22,1
2031,2026-06-16 13:38:20+05:30,3146.2,1,3132.26,2548091,125679.0,200418.0,3163.0,3163.0,3108.0,3134.3,32003800,3447.7,2820.9,3839.9,2896.0,3146.0,177,3,3145.8,5,1,3145.7,14,1,3145.6,17,3,3145.5,14,3,3146.2,83,1,3146.3,6,1,3146.6,28,2,3146.7,200,1,3147.1,22,1
2031,2026-06-16 13:38:20+05:30,3146.0,2,3132.26,2548091,125679.0,200418.0,3163.0,3163.0,3108.0,3134.3,32003800,3447.7,2820.9,3839.9,2896.0,3146.0,177,3,3145.8,5,1,3145.7,14,1,3145.6,17,3,3145.5,14,3,3146.2,83,1,3146.3,6,1,3146.6,28,2,3146.7,200,1,3147.1,22,1
2031,2026-06-16 13:38:21+05:30,3146.2,1,3132.26,2548094,125723.0,200417.0,3163.0,3163.0,3108.0,3134.3,32003800,3447.7,2820.9,3839.9,2896.0,3146.0,175,3,3145.9,17,1,3145.7,14,1,3145.6,17,3,3145.5,14,3,3146.2,82,1,3146.3,6,1,3146.6,28,2,3146.7,200,1,3147.1,22,1
2031,2026-06-16 13:38:21+05:30,3146.2,1,3132.26,2548094,125723.0,200417.0,3163.0,3163.0,3108.0,3134.3,32003800,3447.7,2820.9,3839.9,2896.0,3146.0,175,3,3145.9,17,1,3145.7,14,1,3145.6,17,3,3145.5,14,3,3146.2,82,1,3146.3,6,1,3146.6,28,2,3146.7,200,1,3147.1,22,1
2031,2026-06-16 13:38:22+05:30,3146.2,42,3132.26,2548218,125950.0,200490.0,3163.0,3163.0,3108.0,3134.3,32003800,3447.7,2820.9,3839.9,2896.0,3146.0,175,3,3145.6,17,2,3145.5,40,4,3145.4,45,2,3145.3,58,3,3146.6,28,2,3146.7,200,1,3146.9,27,1,3147.1,80,4,3147.2,83,2
2031,2026-06-16 13:38:22+05:30,3146.2,42,3132.26,2548218,125950.0,200490.0,3163.0,3163.0,3108.0,3134.3,32003800,3447.7,2820.9,3839.9,2896.0,3146.0,175,3,3145.6,17,2,3145.5,40,4,3145.4,45,2,3145.3,58,3,3146.6,28,2,3146.7,200,1,3146.9,27,1,3147.1,80,4,3147.2,83,2
2031,2026-06-16 13:38:22+05:30,3146.2,42,3132.26,2548218,125950.0,200490.0,3163.0,3163.0,3108.0,3134.3,32003800,3447.7,2820.9,3839.9,2896.0,3146.0,175,3,3145.6,17,2,3145.5,40,4,3145.4,45,2,3145.3,58,3,3146.6,28,2,3146.7,200,1,3146.9,27,1,3147.1,80,4,3147.2,83,2
2031,2026-06-16 13:38:23+05:30,3146.2,42,3132.26,2548218,125939.0,200508.0,3163.0,3163.0,3108.0,3134.3,32003800,3447.7,2820.9,3839.9,2896.0,3146.0,176,4,3145.6,45,3,3145.5,40,4,3145.4,45,2,3145.3,58,3,3146.6,28,2,3146.7,200,1,3147.1,21,1,3147.2,129,3,3147.3,2,1
2031,2026-06-16 13:38:24+05:30,3146.2,42,3132.26,2548218,125939.0,200508.0,3163.0,3163.0,3108.0,3134.3,32003800,3447.7,2820.9,3839.9,2896.0,3146.0,176,4,3145.6,45,3,3145.5,40,4,3145.4,45,2,3145.3,58,3,3146.6,28,2,3146.7,200,1,3147.1,21,1,3147.2,129,3,3147.3,2,1
2031,2026-06-16 13:38:24+05:30,3146.2,42,3132.26,2548218,125940.0,200497.0,3163.0,3163.0,3108.0,3134.3,32003800,3447.7,2820.9,3839.9,2896.0,3146.0,176,4,3145.9,15,1,3145.6,29,2,3145.5,40,4,3145.4,45,2,3146.6,28,2,3146.7,200,1,3147.1,21,1,3147.2,129,3,3147.3,2,1
2031,2026-06-16 13:38:25+05:30,3146.0,25,3132.26,2548218,125940.0,200497.0,3163.0,3163.0,3108.0,3134.3,32003800,3447.7,2820.9,3839.9,2896.0,3146.0,176,4,3145.9,15,1,3145.6,29,2,3145.5,40,4,3145.4,45,2,3146.6,28,2,3146.7,200,1,3147.1,21,1,3147.2,129,3,3147.3,2,1
2031,2026-06-16 13:38:25+05:30,3146.0,25,3132.26,2548243,126037.0,200521.0,3163.0,3163.0,3108.0,3134.3,32003800,3447.7,2820.9,3839.9,2896.0,3146.0,153,5,3145.9,15,1,3145.6,1,1,3145.5,38,3,3145.4,45,2,3146.6,28,2,3146.7,200,1,3147.1,59,2,3147.2,129,3,3147.3,31,2
2031,2026-06-16 13:38:26+05:30,3146.6,1,3132.26,2548243,126037.0,200521.0,3163.0,3163.0,3108.0,3134.3,32003800,3447.7,2820.9,3839.9,2896.0,3146.0,153,5,3145.9,15,1,3145.6,1,1,3145.5,38,3,3145.4,45,2,3146.6,28,2,3146.7,200,1,3147.1,59,2,3147.2,129,3,3147.3,31,2
2031,2026-06-16 13:38:26+05:30,3146.1,9,3132.26,2548270,125476.0,200366.0,3163.0,3163.0,3108.0,3134.3,32003800,3447.7,2820.9,3839.9,2896.0,3146.1,6,1,3146.0,153,7,3145.7,17,1,3145.6,1,1,3145.5,3,1,3146.6,12,1,3146.7,200,1,3147.1,2,1,3147.2,129,3,3147.3,50,2
2031,2026-06-16 13:38:26+05:30,3146.1,9,3132.26,2548270,125476.0,200366.0,3163.0,3163.0,3108.0,3134.3,32003800,3447.7,2820.9,3839.9,2896.0,3146.1,6,1,3146.0,153,7,3145.7,17,1,3145.6,1,1,3145.5,3,1,3146.6,12,1,3146.7,200,1,3147.1,2,1,3147.2,129,3,3147.3,50,2
2031,2026-06-16 13:38:27+05:30,3146.1,9,3132.26,2548270,125476.0,200366.0,3163.0,3163.0,3108.0,3134.3,32003800,3447.7,2820.9,3839.9,2896.0,3146.1,6,1,3146.0,153,7,3145.7,17,1,3145.6,1,1,3145.5,3,1,3146.6,12,1,3146.7,200,1,3147.1,2,1,3147.2,129,3,3147.3,50,2
2031,2026-06-16 13:38:27+05:30,3146.1,9,3132.26,2548270,126287.0,200207.0,3163.0,3163.0,3108.0,3134.3,32003800,3447.7,2820.9,3839.9,2896.0,3146.1,6,1,3146.0,153,7,3145.7,51,2,3145.6,1,1,3145.5,24,2,3146.8,200,1,3146.9,12,1,3147.1,87,3,3147.2,129,3,3147.3,2,1
2031,2026-06-16 13:38:28+05:30,3146.1,9,3132.26,2548270,126287.0,200207.0,3163.0,3163.0,3108.0,3134.3,32003800,3447.7,2820.9,3839.9,2896.0,3146.1,6,1,3146.0,153,7,3145.7,51,2,3145.6,1,1,3145.5,24,2,3146.8,200,1,3146.9,12,1,3147.1,87,3,3147.2,129,3,3147.3,2,1
2031,2026-06-16 13:38:28+05:30,3146.1,9,3132.26,2548270,126321.0,200262.0,3163.0,3163.0,3108.0,3134.3,32003800,3447.7,2820.9,3839.9,2896.0,3146.1,6,1,3146.0,153,7,3145.7,17,1,3145.6,1,1,3145.5,24,2,3146.7,200,1,3146.8,83,4,3146.9,12,1,3147.0,66,2,3147.1,2,1
2031,2026-06-16 13:38:29+05:30,3146.1,1,3132.26,2548270,126321.0,200262.0,3163.0,3163.0,3108.0,3134.3,32003800,3447.7,2820.9,3839.9,2896.0,3146.1,6,1,3146.0,153,7,3145.7,17,1,3145.6,1,1,3145.5,24,2,3146.7,200,1,3146.8,83,4,3146.9,12,1,3147.0,66,2,3147.1,2,1
2031,2026-06-16 13:38:29+05:30,3146.1,1,3132.26,2548270,126321.0,200262.0,3163.0,3163.0,3108.0,3134.3,32003800,3447.7,2820.9,3839.9,2896.0,3146.1,6,1,3146.0,153,7,3145.7,17,1,3145.6,1,1,3145.5,24,2,3146.7,200,1,3146.8,83,4,3146.9,12,1,3147.0,66,2,3147.1,2,1
2031,2026-06-16 13:38:29+05:30,3146.1,1,3132.26,2548271,126336.0,200265.0,3163.0,3163.0,3108.0,3134.3,32003800,3447.7,2820.9,3839.9,2896.0,3146.5,16,1,3146.0,153,7,3145.9,16,1,3145.7,17,1,3145.5,24,2,3146.6,200,1,3146.7,46,1,3146.8,26,2,3146.9,12,1,3147.0,87,3
2031,2026-06-16 13:38:30+05:30,3146.1,1,3132.26,2548271,126336.0,200265.0,3163.0,3163.0,3108.0,3134.3,32003800,3447.7,2820.9,3839.9,2896.0,3146.5,16,1,3146.0,153,7,3145.9,16,1,3145.7,17,1,3145.5,24,2,3146.6,200,1,3146.7,46,1,3146.8,26,2,3146.9,12,1,3147.0,87,3
2031,2026-06-16 13:38:30+05:30,3146.1,5,3132.26,2548271,126336.0,200265.0,3163.0,3163.0,3108.0,3134.3,32003800,3447.7,2820.9,3839.9,2896.0,3146.5,16,1,3146.0,153,7,3145.9,16,1,3145.7,17,1,3145.5,24,2,3146.6,200,1,3146.7,46,1,3146.8,26,2,3146.9,12,1,3147.0,87,3
2031,2026-06-16 13:38:30+05:30,3146.1,5,3132.26,2548271,126336.0,200265.0,3163.0,3163.0,3108.0,3134.3,32003800,3447.7,2820.9,3839.9,2896.0,3146.5,16,1,3146.0,153,7,3145.9,16,1,3145.7,17,1,3145.5,24,2,3146.6,200,1,3146.7,46,1,3146.8,26,2,3146.9,12,1,3147.0,87,3
2031,2026-06-16 13:38:31+05:30,3146.0,28,3132.26,2548672,126084.0,200066.0,3163.0,3163.0,3108.0,3134.3,32003800,3447.7,2820.9,3839.9,2896.0,3146.1,2,1,3146.0,131,8,3145.5,44,3,3145.4,19,2,3145.3,54,4,3146.6,25,1,3146.7,46,1,3146.8,1,1,3147.0,53,2,3147.2,83,3
2031,2026-06-16 13:38:31+05:30,3146.0,28,3132.26,2548672,126084.0,200066.0,3163.0,3163.0,3108.0,3134.3,32003800,3447.7,2820.9,3839.9,2896.0,3146.1,2,1,3146.0,131,8,3145.5,44,3,3145.4,19,2,3145.3,54,4,3146.6,25,1,3146.7,46,1,3146.8,1,1,3147.0,53,2,3147.2,83,3
2031,2026-06-16 13:38:31+05:30,3146.0,28,3132.26,2548672,126084.0,200066.0,3163.0,3163.0,3108.0,3134.3,32003800,3447.7,2820.9,3839.9,2896.0,3146.1,2,1,3146.0,131,8,3145.5,44,3,3145.4,19,2,3145.3,54,4,3146.6,25,1,3146.7,46,1,3146.8,1,1,3147.0,53,2,3147.2,83,3
2031,2026-06-16 13:38:31+05:30,3146.0,28,3132.26,2548672,126084.0,200066.0,3163.0,3163.0,3108.0,3134.3,32003800,3447.7,2820.9,3839.9,2896.0,3146.1,2,1,3146.0,131,8,3145.5,44,3,3145.4,19,2,3145.3,54,4,3146.6,25,1,3146.7,46,1,3146.8,1,1,3147.0,53,2,3147.2,83,3
2031,2026-06-16 13:38:32+05:30,3146.6,1,3132.26,2548673,126088.0,200446.0,3163.0,3163.0,3108.0,3134.3,32003800,3447.7,2820.9,3839.9,2896.0,3146.1,2,1,3146.0,133,9,3145.5,44,3,3145.4,19,2,3145.3,54,4,3146.6,24,1,3146.7,46,1,3146.8,201,2,3147.0,53,2,3147.1,38,2
2031,2026-06-16 13:38:32+05:30,3146.6,1,3132.26,2548673,126088.0,200446.0,3163.0,3163.0,3108.0,3134.3,32003800,3447.7,2820.9,3839.9,2896.0,3146.1,2,1,3146.0,133,9,3145.5,44,3,3145.4,19,2,3145.3,54,4,3146.6,24,1,3146.7,46,1,3146.8,201,2,3147.0,53,2,3147.1,38,2
2031,2026-06-16 13:38:32+05:30,3146.6,1,3132.26,2548673,126088.0,200446.0,3163.0,3163.0,3108.0,3134.3,32003800,3447.7,2820.9,3839.9,2896.0,3146.1,2,1,3146.0,133,9,3145.5,44,3,3145.4,19,2,3145.3,54,4,3146.6,24,1,3146.7,46,1,3146.8,201,2,3147.0,53,2,3147.1,38,2
2031,2026-06-16 13:38:33+05:30,3146.6,1,3132.26,2548674,126138.0,200456.0,3163.0,3163.0,3108.0,3134.3,32003800,3447.7,2820.9,3839.9,2896.0,3146.1,52,2,3146.0,133,9,3145.5,44,3,3145.4,19,2,3145.3,54,4,3146.6,28,2,3146.7,46,1,3146.8,201,2,3147.0,15,1,3147.1,38,2
2031,2026-06-16 13:38:33+05:30,3146.6,1,3132.26,2548674,126138.0,200456.0,3163.0,3163.0,3108.0,3134.3,32003800,3447.7,2820.9,3839.9,2896.0,3146.1,52,2,3146.0,133,9,3145.5,44,3,3145.4,19,2,3145.3,54,4,3146.6,28,2,3146.7,46,1,3146.8,201,2,3147.0,15,1,3147.1,38,2
2031,2026-06-16 13:38:33+05:30,3146.6,1,3132.26,2548674,126138.0,200456.0,3163.0,3163.0,3108.0,3134.3,32003800,3447.7,2820.9,3839.9,2896.0,3146.1,52,2,3146.0,133,9,3145.5,44,3,3145.4,19,2,3145.3,54,4,3146.6,28,2,3146.7,46,1,3146.8,201,2,3147.0,15,1,3147.1,38,2
2031,2026-06-16 13:38:34+05:30,3146.7,16,3132.26,2548718,126179.0,200130.0,3163.0,3163.0,3108.0,3134.3,32003800,3447.7,2820.9,3839.9,2896.0,3146.1,53,3,3146.0,133,9,3145.7,23,2,3145.6,30,2,3145.5,65,5,3146.7,30,1,3146.8,201,2,3147.0,2,1,3147.4,58,2,3147.5,265,3
2031,2026-06-16 13:38:34+05:30,3146.7,16,3132.26,2548718,126179.0,200130.0,3163.0,3163.0,3108.0,3134.3,32003800,3447.7,2820.9,3839.9,2896.0,3146.1,53,3,3146.0,133,9,3145.7,23,2,3145.6,30,2,3145.5,65,5,3146.7,30,1,3146.8,201,2,3147.0,2,1,3147.4,58,2,3147.5,265,3
2031,2026-06-16 13:38:34+05:30,3146.7,16,3132.26,2548718,126179.0,200130.0,3163.0,3163.0,3108.0,3134.3,32003800,3447.7,2820.9,3839.9,2896.0,3146.1,53,3,3146.0,133,9,3145.7,23,2,3145.6,30,2,3145.5,65,5,3146.7,30,1,3146.8,201,2,3147.0,2,1,3147.4,58,2,3147.5,265,3
2031,2026-06-16 13:38:35+05:30,3146.6,1,3132.26,2548719,126292.0,200244.0,3163.0,3163.0,3108.0,3134.3,32003800,3447.7,2820.9,3839.9,2896.0,3146.1,90,4,3146.0,143,10,3145.6,15,1,3145.5,79,6,3145.4,109,5,3146.6,35,1,3146.8,201,2,3147.0,2,1,3147.3,58,2,3147.4,88,4
2031,2026-06-16 13:38:35+05:30,3146.6,1,3132.26,2548719,126292.0,200244.0,3163.0,3163.0,3108.0,3134.3,32003800,3447.7,2820.9,3839.9,2896.0,3146.1,90,4,3146.0,143,10,3145.6,15,1,3145.5,79,6,3145.4,109,5,3146.6,35,1,3146.8,201,2,3147.0,2,1,3147.3,58,2,3147.4,88,4
2031,2026-06-16 13:38:35+05:30,3146.6,1,3132.26,2548719,126292.0,200244.0,3163.0,3163.0,3108.0,3134.3,32003800,3447.7,2820.9,3839.9,2896.0,3146.1,90,4,3146.0,143,10,3145.6,15,1,3145.5,79,6,3145.4,109,5,3146.6,35,1,3146.8,201,2,3147.0,2,1,3147.3,58,2,3147.4,88,4
2031,2026-06-16 13:38:36+05:30,3146.6,1,3132.26,2548719,126292.0,200244.0,3163.0,3163.0,3108.0,3134.3,32003800,3447.7,2820.9,3839.9,2896.0,3146.1,90,4,3146.0,143,10,3145.6,15,1,3145.5,79,6,3145.4,109,5,3146.6,35,1,3146.8,201,2,3147.0,2,1,3147.3,58,2,3147.4,88,4
2031,2026-06-16 13:38:36+05:30,3146.6,1,3132.26,2548719,126354.0,200225.0,3163.0,3163.0,3108.0,3134.3,32003800,3447.7,2820.9,3839.9,2896.0,3146.1,105,5,3146.0,143,10,3145.7,15,1,3145.5,79,6,3145.4,156,8,3146.6,35,1,3146.8,201,2,3147.0,2,1,3147.3,39,1,3147.4,88,4
2031,2026-06-16 13:38:37+05:30,3146.6,1,3132.26,2548719,126354.0,200225.0,3163.0,3163.0,3108.0,3134.3,32003800,3447.7,2820.9,3839.9,2896.0,3146.1,105,5,3146.0,143,10,3145.7,15,1,3145.5,79,6,3145.4,156,8,3146.6,35,1,3146.8,201,2,3147.0,2,1,3147.3,39,1,3147.4,88,4
2031,2026-06-16 13:38:37+05:30,3146.6,1,3132.26,2548730,126423.0,200244.0,3163.0,3163.0,3108.0,3134.3,32003800,3447.7,2820.9,3839.9,2896.0,3146.1,97,5,3146.0,143,10,3145.7,15,1,3145.6,162,2,3145.5,79,6,3146.6,34,1,3146.8,201,2,3147.0,2,1,3147.3,39,1,3147.4,88,4
2031,2026-06-16 13:38:37+05:30,3146.6,1,3132.26,2548730,126423.0,200244.0,3163.0,3163.0,3108.0,3134.3,32003800,3447.7,2820.9,3839.9,2896.0,3146.1,97,5,3146.0,143,10,3145.7,15,1,3145.6,162,2,3145.5,79,6,3146.6,34,1,3146.8,201,2,3147.0,2,1,3147.3,39,1,3147.4,88,4
2031,2026-06-16 13:38:38+05:30,3146.6,1,3132.26,2548730,126423.0,200244.0,3163.0,3163.0,3108.0,3134.3,32003800,3447.7,2820.9,3839.9,2896.0,3146.1,97,5,3146.0,143,10,3145.7,15,1,3145.6,162,2,3145.5,79,6,3146.6,34,1,3146.8,201,2,3147.0,2,1,3147.3,39,1,3147.4,88,4
2031,2026-06-16 13:38:38+05:30,3146.1,1,3132.26,2548731,126358.0,200205.0,3163.0,3163.0,3108.0,3134.3,32003800,3447.7,2820.9,3839.9,2896.0,3146.3,2,1,3146.1,94,4,3146.0,143,10,3145.9,15,1,3145.7,18,1,3146.6,34,1,3146.8,201,2,3147.0,2,1,3147.4,58,2,3147.5,267,4
2031,2026-06-16 13:38:38+05:30,3146.1,1,3132.26,2548731,126358.0,200205.0,3163.0,3163.0,3108.0,3134.3,32003800,3447.7,2820.9,3839.9,2896.0,3146.3,2,1,3146.1,94,4,3146.0,143,10,3145.9,15,1,3145.7,18,1,3146.6,34,1,3146.8,201,2,3147.0,2,1,3147.4,58,2,3147.5,267,4
2031,2026-06-16 13:38:39+05:30,3146.6,1,3132.26,2548731,126358.0,200205.0,3163.0,3163.0,3108.0,3134.3,32003800,3447.7,2820.9,3839.9,2896.0,3146.3,2,1,3146.1,94,4,3146.0,143,10,3145.9,15,1,3145.7,18,1,3146.6,34,1,3146.8,201,2,3147.0,2,1,3147.4,58,2,3147.5,267,4
2031,2026-06-16 13:38:39+05:30,3146.6,1,3132.26,2548732,126358.0,200197.0,3163.0,3163.0,3108.0,3134.3,32003800,3447.7,2820.9,3839.9,2896.0,3146.3,2,1,3146.1,94,4,3146.0,143,10,3145.9,15,1,3145.7,18,1,3146.6,33,1,3146.8,201,2,3147.0,2,1,3147.4,58,2,3147.5,267,4
2031,2026-06-16 13:38:40+05:30,3146.6,1,3132.26,2548732,126373.0,200250.0,3163.0,3163.0,3108.0,3134.3,32003800,3447.7,2820.9,3839.9,2896.0,3146.5,15,1,3146.3,2,1,3146.1,94,4,3146.0,143,10,3145.9,15,1,3146.6,33,1,3146.8,201,2,3147.0,2,1,3147.4,20,1,3147.5,267,4
2031,2026-06-16 13:38:41+05:30,3146.6,1,3132.26,2548732,126404.0,200301.0,3163.0,3163.0,3108.0,3134.3,32003800,3447.7,2820.9,3839.9,2896.0,3146.5,15,1,3146.3,2,1,3146.1,109,5,3146.0,143,10,3145.8,15,1,3146.6,33,1,3146.8,201,2,3147.0,2,1,3147.4,20,1,3147.5,267,4
2031,2026-06-16 13:38:42+05:30,3146.8,1,3132.26,2548732,126404.0,200301.0,3163.0,3163.0,3108.0,3134.3,32003800,3447.7,2820.9,3839.9,2896.0,3146.5,15,1,3146.3,2,1,3146.1,109,5,3146.0,143,10,3145.8,15,1,3146.6,33,1,3146.8,201,2,3147.0,2,1,3147.4,20,1,3147.5,267,4
2031,2026-06-16 13:38:42+05:30,3146.8,1,3132.26,2548792,126756.0,199985.0,3163.0,3163.0,3108.0,3134.3,32003800,3447.7,2820.9,3839.9,2896.0,3146.5,15,1,3146.3,15,3,3146.1,52,4,3146.0,235,12,3145.9,45,3,3146.9,200,1,3147.0,2,1,3147.5,264,3,3147.6,20,1,3147.7,218,3
2031,2026-06-16 13:38:43+05:30,3146.8,1,3132.26,2548792,126836.0,199849.0,3163.0,3163.0,3108.0,3134.3,32003800,3447.7,2820.9,3839.9,2896.0,3146.5,15,1,3146.3,32,5,3146.1,83,7,3146.0,235,12,3145.9,45,3,3146.9,200,1,3147.0,2,1,3147.5,200,1,3147.6,20,1,3147.7,202,2
2031,2026-06-16 13:38:44+05:30,3146.8,41,3132.26,2548792,126836.0,199849.0,3163.0,3163.0,3108.0,3134.3,32003800,3447.7,2820.9,3839.9,2896.0,3146.5,15,1,3146.3,32,5,3146.1,83,7,3146.0,235,12,3145.9,45,3,3146.9,200,1,3147.0,2,1,3147.5,200,1,3147.6,20,1,3147.7,202,2
2031,2026-06-16 13:38:44+05:30,3146.8,159,3132.26,2548992,127039.0,199392.0,3163.0,3163.0,3108.0,3134.3,32003800,3447.7,2820.9,3839.9,2896.0,3146.8,1,1,3146.3,2,1,3146.2,163,1,3146.1,103,8,3146.0,235,12,3146.9,18,1,3147.0,2,1,3147.5,200,1,3147.7,200,1,3147.8,220,6
2031,2026-06-16 13:38:45+05:30,3146.9,7,3132.26,2548992,127039.0,199392.0,3163.0,3163.0,3108.0,3134.3,32003800,3447.7,2820.9,3839.9,2896.0,3146.8,1,1,3146.3,2,1,3146.2,163,1,3146.1,103,8,3146.0,235,12,3146.9,18,1,3147.0,2,1,3147.5,200,1,3147.7,200,1,3147.8,220,6
2031,2026-06-16 13:38:45+05:30,3146.9,2,3132.26,2549038,127243.0,199135.0,3163.0,3163.0,3108.0,3134.3,32003800,3447.7,2820.9,3839.9,2896.0,3146.8,44,2,3146.5,15,1,3146.3,33,5,3146.2,97,5,3146.1,237,7,3146.9,13,1,3147.0,2,1,3147.5,200,1,3147.7,200,1,3147.8,182,5
2031,2026-06-16 13:38:46+05:30,3146.8,1,3132.26,2549038,127243.0,199135.0,3163.0,3163.0,3108.0,3134.3,32003800,3447.7,2820.9,3839.9,2896.0,3146.8,44,2,3146.5,15,1,3146.3,33,5,3146.2,97,5,3146.1,237,7,3146.9,13,1,3147.0,2,1,3147.5,200,1,3147.7,200,1,3147.8,182,5
2031,2026-06-16 13:38:46+05:30,3146.4,9,3132.27,2549096,127053.0,199516.0,3163.0,3163.0,3108.0,3134.3,32003800,3447.7,2820.9,3839.9,2896.0,3146.4,8,1,3146.3,7,3,3146.2,18,1,3146.1,30,4,3146.0,235,12,3146.8,152,1,3146.9,13,1,3147.0,2,1,3147.5,200,1,3147.6,85,3
2031,2026-06-16 13:38:47+05:30,3146.4,2,3132.27,2549096,127053.0,199516.0,3163.0,3163.0,3108.0,3134.3,32003800,3447.7,2820.9,3839.9,2896.0,3146.4,8,1,3146.3,7,3,3146.2,18,1,3146.1,30,4,3146.0,235,12,3146.8,152,1,3146.9,13,1,3147.0,2,1,3147.5,200,1,3147.6,85,3
2031,2026-06-16 13:38:47+05:30,3146.4,2,3132.27,2549122,127065.0,199555.0,3163.0,3163.0,3108.0,3134.3,32003800,3447.7,2820.9,3839.9,2896.0,3146.4,6,1,3146.3,7,3,3146.2,18,1,3146.1,21,3,3146.0,225,11,3146.8,128,1,3146.9,13,1,3147.0,2,1,3147.5,218,2,3147.6,67,2
2031,2026-06-16 13:38:48+05:30,3146.8,1,3132.27,2549122,127065.0,199555.0,3163.0,3163.0,3108.0,3134.3,32003800,3447.7,2820.9,3839.9,2896.0,3146.4,6,1,3146.3,7,3,3146.2,18,1,3146.1,21,3,3146.0,225,11,3146.8,128,1,3146.9,13,1,3147.0,2,1,3147.5,218,2,3147.6,67,2
2031,2026-06-16 13:38:48+05:30,3146.8,1,3132.27,2549123,127029.0,199672.0,3163.0,3163.0,3108.0,3134.3,32003800,3447.7,2820.9,3839.9,2896.0,3146.5,16,1,3146.3,4,2,3146.2,18,1,3146.1,6,2,3146.0,225,11,3146.7,2,1,3146.8,168,2,3146.9,13,1,3147.0,2,1,3147.2,36,1
2031,2026-06-16 13:38:49+05:30,3146.8,1,3132.27,2549123,127037.0,199678.0,3163.0,3163.0,3108.0,3134.3,32003800,3447.7,2820.9,3839.9,2896.0,3146.5,16,1,3146.3,4,2,3146.2,18,1,3146.1,8,3,3146.0,225,11,3146.7,2,1,3146.8,168,2,3146.9,13,1,3147.0,2,1,3147.2,36,1
2031,2026-06-16 13:38:50+05:30,3146.8,4,3132.27,2549123,127037.0,199678.0,3163.0,3163.0,3108.0,3134.3,32003800,3447.7,2820.9,3839.9,2896.0,3146.5,16,1,3146.3,4,2,3146.2,18,1,3146.1,8,3,3146.0,225,11,3146.7,2,1,3146.8,168,2,3146.9,13,1,3147.0,2,1,3147.2,36,1
2031,2026-06-16 13:38:50+05:30,3146.8,4,3132.27,2549129,127031.0,199590.0,3163.0,3163.0,3108.0,3134.3,32003800,3447.7,2820.9,3839.9,2896.0,3146.5,16,1,3146.3,4,2,3146.2,18,1,3146.1,8,3,3146.0,225,11,3146.8,164,2,3146.9,13,1,3147.0,2,1,3147.5,200,1,3147.6,67,2
2031,2026-06-16 13:38:51+05:30,3146.1,1,3132.27,2549129,127031.0,199590.0,3163.0,3163.0,3108.0,3134.3,32003800,3447.7,2820.9,3839.9,2896.0,3146.5,16,1,3146.3,4,2,3146.2,18,1,3146.1,8,3,3146.0,225,11,3146.8,164,2,3146.9,13,1,3147.0,2,1,3147.5,200,1,3147.6,67,2
2031,2026-06-16 13:38:51+05:30,3146.1,1,3132.27,2549329,126406.0,199995.0,3163.0,3163.0,3108.0,3134.3,32003800,3447.7,2820.9,3839.9,2896.0,3146.5,16,1,3146.1,1,1,3146.0,181,10,3145.8,3,2,3145.6,41,3,3146.7,123,1,3146.8,41,1,3146.9,13,1,3147.0,59,3,3147.2,81,3
2031,2026-06-16 13:38:52+05:30,3146.7,1,3132.27,2549329,126406.0,199995.0,3163.0,3163.0,3108.0,3134.3,32003800,3447.7,2820.9,3839.9,2896.0,3146.5,16,1,3146.1,1,1,3146.0,181,10,3145.8,3,2,3145.6,41,3,3146.7,123,1,3146.8,41,1,3146.9,13,1,3147.0,59,3,3147.2,81,3
2031,2026-06-16 13:38:52+05:30,3146.7,1,3132.27,2549330,126990.0,199937.0,3163.0,3163.0,3108.0,3134.3,32003800,3447.7,2820.9,3839.9,2896.0,3146.5,16,1,3146.1,3,2,3146.0,181,10,3145.6,40,2,3145.5,84,3,3146.7,122,1,3146.8,41,1,3146.9,13,1,3147.0,23,2,3147.2,81,3
2031,2026-06-16 13:38:53+05:30,3146.7,120,3132.27,2549330,126990.0,199937.0,3163.0,3163.0,3108.0,3134.3,32003800,3447.7,2820.9,3839.9,2896.0,3146.5,16,1,3146.1,3,2,3146.0,181,10,3145.6,40,2,3145.5,84,3,3146.7,122,1,3146.8,41,1,3146.9,13,1,3147.0,23,2,3147.2,81,3
2031,2026-06-16 13:38:53+05:30,3146.7,120,3132.27,2549452,127016.0,199957.0,3163.0,3163.0,3108.0,3134.3,32003800,3447.7,2820.9,3839.9,2896.0,3146.1,3,2,3146.0,191,11,3145.8,64,2,3145.6,47,3,3145.5,99,4,3146.8,241,2,3146.9,13,1,3147.0,23,2,3147.1,2,1,3147.3,2,1
2031,2026-06-16 13:38:54+05:30,3146.7,120,3132.27,2549452,127068.0,199895.0,3163.0,3163.0,3108.0,3134.3,32003800,3447.7,2820.9,3839.9,2896.0,3146.7,9,1,3146.1,3,2,3146.0,181,10,3145.9,15,1,3145.8,59,2,3146.8,242,3,3146.9,13,1,3147.0,2,1,3147.1,2,1,3147.3,2,1
2031,2026-06-16 13:38:55+05:30,3146.0,2,3132.27,2549452,127068.0,199895.0,3163.0,3163.0,3108.0,3134.3,32003800,3447.7,2820.9,3839.9,2896.0,3146.7,9,1,3146.1,3,2,3146.0,181,10,3145.9,15,1,3145.8,59,2,3146.8,242,3,3146.9,13,1,3147.0,2,1,3147.1,2,1,3147.3,2,1
2031,2026-06-16 13:38:55+05:30,3146.0,2,3132.27,2549684,126400.0,199914.0,3163.0,3163.0,3108.0,3134.3,32003800,3447.7,2820.9,3839.9,2896.0,3146.0,184,12,3145.9,15,1,3145.8,63,3,3145.7,32,3,3145.6,51,4,3146.8,235,4,3146.9,13,1,3147.0,7,2,3147.1,2,1,3147.3,4,2
2031,2026-06-16 13:38:56+05:30,3146.0,1,3132.27,2549684,126400.0,199914.0,3163.0,3163.0,3108.0,3134.3,32003800,3447.7,2820.9,3839.9,2896.0,3146.0,184,12,3145.9,15,1,3145.8,63,3,3145.7,32,3,3145.6,51,4,3146.8,235,4,3146.9,13,1,3147.0,7,2,3147.1,2,1,3147.3,4,2
2031,2026-06-16 13:38:56+05:30,3146.0,1,3132.27,2549685,126188.0,199720.0,3163.0,3163.0,3108.0,3134.3,32003800,3447.7,2820.9,3839.9,2896.0,3146.0,236,17,3145.9,10,2,3145.8,74,4,3145.7,25,3,3145.6,16,4,3146.3,1,1,3146.8,226,3,3146.9,13,1,3147.0,7,2,3147.1,2,1
2031,2026-06-16 13:38:57+05:30,3146.0,1,3132.27,2549685,127393.0,199695.0,3163.0,3163.0,3108.0,3134.3,32003800,3447.7,2820.9,3839.9,2896.0,3146.0,264,18,3145.9,25,3,3145.8,74,4,3145.7,25,3,3145.6,16,4,3146.3,3,3,3146.8,226,3,3146.9,13,1,3147.0,7,2,3147.1,2,1
2031,2026-06-16 13:38:58+05:30,3146.9,1,3132.27,2549685,127393.0,199695.0,3163.0,3163.0,3108.0,3134.3,32003800,3447.7,2820.9,3839.9,2896.0,3146.0,264,18,3145.9,25,3,3145.8,74,4,3145.7,25,3,3145.6,16,4,3146.3,3,3,3146.8,226,3,3146.9,13,1,3147.0,7,2,3147.1,2,1
2031,2026-06-16 13:38:58+05:30,3146.9,1,3132.27,2549959,128045.0,198403.0,3163.0,3163.0,3108.0,3134.3,32003800,3447.7,2820.9,3839.9,2896.0,3146.4,1,1,3146.3,60,3,3146.2,19,2,3146.1,27,2,3146.0,274,18,3147.0,7,2,3147.7,1,1,3147.8,21,2,3148.0,471,5,3148.2,78,3
2031,2026-06-16 13:38:59+05:30,3147.8,13,3132.27,2549959,128045.0,198403.0,3163.0,3163.0,3108.0,3134.3,32003800,3447.7,2820.9,3839.9,2896.0,3146.4,1,1,3146.3,60,3,3146.2,19,2,3146.1,27,2,3146.0,274,18,3147.0,7,2,3147.7,1,1,3147.8,21,2,3148.0,471,5,3148.2,78,3
2031,2026-06-16 13:38:59+05:30,3147.8,13,3132.27,2549984,128792.0,198708.0,3163.0,3163.0,3108.0,3134.3,32003800,3447.7,2820.9,3839.9,2896.0,3147.1,1,1,3146.6,2,1,3146.4,41,2,3146.3,30,1,3146.2,26,2,3147.5,247,4,3147.6,19,1,3147.7,25,3,3147.8,84,4,3147.9,30,2
2031,2026-06-16 13:39:00+05:30,3147.8,13,3132.27,2549984,128904.0,198833.0,3163.0,3163.0,3108.0,3134.3,32003800,3447.7,2820.9,3839.9,2896.0,3147.3,2,2,3147.1,39,3,3146.6,2,1,3146.4,41,2,3146.3,30,1,3147.4,12,1,3147.5,253,6,3147.6,19,1,3147.7,30,2,3147.8,100,4
2031,2026-06-16 13:39:01+05:30,3147.5,1,3132.27,2549984,128904.0,198833.0,3163.0,3163.0,3108.0,3134.3,32003800,3447.7,2820.9,3839.9,2896.0,3147.3,2,2,3147.1,39,3,3146.6,2,1,3146.4,41,2,3146.3,30,1,3147.4,12,1,3147.5,253,6,3147.6,19,1,3147.7,30,2,3147.8,100,4
2031,2026-06-16 13:39:01+05:30,3147.5,1,3132.27,2550583,128600.0,198090.0,3163.0,3163.0,3108.0,3134.3,32003800,3447.7,2820.9,3839.9,2896.0,3146.3,45,3,3146.2,27,2,3146.1,38,3,3146.0,220,17,3145.9,26,2,3147.5,228,4,3147.8,1,1,3147.9,29,1,3148.0,653,8,3148.1,2,1
2031,2026-06-16 13:39:02+05:30,3147.5,1,3132.27,2550583,128774.0,198408.0,3163.0,3163.0,3108.0,3134.3,32003800,3447.7,2820.9,3839.9,2896.0,3146.3,116,5,3146.2,27,2,3146.1,38,3,3146.0,225,18,3145.9,90,3,3147.5,274,5,3147.8,1,1,3147.9,47,2,3148.0,653,8,3148.1,2,1
2031,2026-06-16 13:39:03+05:30,3147.5,1,3132.27,2550584,128545.0,198469.0,3163.0,3163.0,3108.0,3134.3,32003800,3447.7,2820.9,3839.9,2896.0,3146.3,116,5,3146.2,33,2,3146.1,38,3,3146.0,226,18,3145.9,90,3,3147.5,287,6,3147.8,1,1,3147.9,49,3,3148.0,659,9,3148.2,392,8
2031,2026-06-16 13:39:04+05:30,3147.5,28,3132.27,2550584,128545.0,198469.0,3163.0,3163.0,3108.0,3134.3,32003800,3447.7,2820.9,3839.9,2896.0,3146.3,116,5,3146.2,33,2,3146.1,38,3,3146.0,226,18,3145.9,90,3,3147.5,287,6,3147.8,1,1,3147.9,49,3,3148.0,659,9,3148.2,392,8
2031,2026-06-16 13:39:04+05:30,3147.5,28,3132.27,2550639,128734.0,198158.0,3163.0,3163.0,3108.0,3134.3,32003800,3447.7,2820.9,3839.9,2896.0,3146.3,125,8,3146.2,54,4,3146.1,230,4,3146.0,226,18,3145.9,290,4,3147.5,232,3,3147.8,1,1,3147.9,29,1,3148.0,505,6,3148.1,46,2
2031,2026-06-16 13:39:05+05:30,3147.0,1,3132.27,2550640,128846.0,198276.0,3163.0,3163.0,3108.0,3134.3,32003800,3447.7,2820.9,3839.9,2896.0,3146.3,88,6,3146.2,55,4,3146.1,230,4,3146.0,239,19,3145.9,304,5,3147.5,232,3,3147.8,21,2,3148.0,523,7,3148.1,46,2,3148.2,346,7
2031,2026-06-16 13:39:06+05:30,3147.0,1,3132.27,2550640,128846.0,198276.0,3163.0,3163.0,3108.0,3134.3,32003800,3447.7,2820.9,3839.9,2896.0,3146.3,88,6,3146.2,55,4,3146.1,230,4,3146.0,239,19,3145.9,304,5,3147.5,232,3,3147.8,21,2,3148.0,523,7,3148.1,46,2,3148.2,346,7
2031,2026-06-16 13:39:06+05:30,3147.0,1,3132.27,2550640,128905.0,198801.0,3163.0,3163.0,3108.0,3134.3,32003800,3447.7,2820.9,3839.9,2896.0,3146.3,88,6,3146.2,21,3,3146.1,63,4,3146.0,239,19,3145.9,83,3,3147.0,1,1,3147.5,232,3,3147.8,21,2,3147.9,38,1,3148.0,534,7
2031,2026-06-16 13:39:07+05:30,3146.1,1,3132.27,2550640,128905.0,198801.0,3163.0,3163.0,3108.0,3134.3,32003800,3447.7,2820.9,3839.9,2896.0,3146.3,88,6,3146.2,21,3,3146.1,63,4,3146.0,239,19,3145.9,83,3,3147.0,1,1,3147.5,232,3,3147.8,21,2,3147.9,38,1,3148.0,534,7
2031,2026-06-16 13:39:07+05:30,3146.1,1,3132.27,2550840,128627.0,198892.0,3163.0,3163.0,3108.0,3134.3,32003800,3447.7,2820.9,3839.9,2896.0,3146.2,19,4,3146.1,17,1,3146.0,218,16,3145.9,83,3,3145.8,150,7,3147.0,1,1,3147.4,190,2,3147.5,60,2,3147.6,22,1,3147.8,21,2
2031,2026-06-16 13:39:08+05:30,3146.1,1,3132.27,2550840,128980.0,198847.0,3163.0,3163.0,3108.0,3134.3,32003800,3447.7,2820.9,3839.9,2896.0,3146.4,2,1,3146.3,27,2,3146.2,47,5,3146.1,185,2,3146.0,233,17,3147.0,1,1,3147.3,172,1,3147.5,60,2,3147.8,71,3,3147.9,82,2
2031,2026-06-16 13:39:09+05:30,3147.0,1,3132.27,2550840,128980.0,198847.0,3163.0,3163.0,3108.0,3134.3,32003800,3447.7,2820.9,3839.9,2896.0,3146.4,2,1,3146.3,27,2,3146.2,47,5,3146.1,185,2,3146.0,233,17,3147.0,1,1,3147.3,172,1,3147.5,60,2,3147.8,71,3,3147.9,82,2
2031,2026-06-16 13:39:09+05:30,3147.0,1,3132.27,2550841,128812.0,199134.0,3163.0,3163.0,3108.0,3134.3,32003800,3447.7,2820.9,3839.9,2896.0,3146.4,2,1,3146.3,27,2,3146.2,47,5,3146.1,17,1,3146.0,233,17,3147.0,20,2,3147.3,172,1,3147.5,60,2,3147.8,71,3,3147.9,100,3
2031,2026-06-16 13:39:10+05:30,3147.0,1,3132.27,2550841,128968.0,198934.0,3163.0,3163.0,3108.0,3134.3,32003800,3447.7,2820.9,3839.9,2896.0,3146.4,18,2,3146.3,27,2,3146.2,47,5,3146.1,157,1,3146.0,233,17,3147.0,20,2,3147.3,172,1,3147.5,60,2,3147.8,71,3,3147.9,82,2
2031,2026-06-16 13:39:11+05:30,3147.0,1,3132.27,2550841,128968.0,198934.0,3163.0,3163.0,3108.0,3134.3,32003800,3447.7,2820.9,3839.9,2896.0,3146.4,18,2,3146.3,27,2,3146.2,47,5,3146.1,157,1,3146.0,233,17,3147.0,20,2,3147.3,172,1,3147.5,60,2,3147.8,71,3,3147.9,82,2
2031,2026-06-16 13:39:11+05:30,3146.5,8,3132.28,2550870,129089.0,198970.0,3163.0,3163.0,3108.0,3134.3,32003800,3447.7,2820.9,3839.9,2896.0,3146.6,10,1,3146.5,14,1,3146.4,40,4,3146.3,62,5,3146.2,25,4,3147.0,3,2,3147.3,172,1,3147.5,60,2,3147.8,71,3,3147.9,44,1
2031,2026-06-16 13:39:12+05:30,3147.0,1,3132.28,2550870,129089.0,198970.0,3163.0,3163.0,3108.0,3134.3,32003800,3447.7,2820.9,3839.9,2896.0,3146.6,10,1,3146.5,14,1,3146.4,40,4,3146.3,62,5,3146.2,25,4,3147.0,3,2,3147.3,172,1,3147.5,60,2,3147.8,71,3,3147.9,44,1
2031,2026-06-16 13:39:12+05:30,3147.0,1,3132.28,2550871,129015.0,198718.0,3163.0,3163.0,3108.0,3134.3,32003800,3447.7,2820.9,3839.9,2896.0,3146.6,10,1,3146.5,31,3,3146.4,24,3,3146.3,64,5,3146.2,13,3,3147.0,2,2,3147.3,172,1,3147.5,60,2,3147.7,4,1,3147.8,71,3
2031,2026-06-16 13:39:13+05:30,3147.0,1,3132.28,2550871,129015.0,198750.0,3163.0,3163.0,3108.0,3134.3,32003800,3447.7,2820.9,3839.9,2896.0,3146.6,10,1,3146.5,31,3,3146.4,24,3,3146.3,64,5,3146.2,13,3,3147.0,2,2,3147.3,172,1,3147.5,60,2,3147.7,4,1,3147.8,51,2
2031,2026-06-16 13:39:14+05:30,3146.7,2,3132.28,2550871,129015.0,198750.0,3163.0,3163.0,3108.0,3134.3,32003800,3447.7,2820.9,3839.9,2896.0,3146.6,10,1,3146.5,31,3,3146.4,24,3,3146.3,64,5,3146.2,13,3,3147.0,2,2,3147.3,172,1,3147.5,60,2,3147.7,4,1,3147.8,51,2
2031,2026-06-16 13:39:14+05:30,3146.7,2,3132.28,2550874,129169.0,198952.0,3163.0,3163.0,3108.0,3134.3,32003800,3447.7,2820.9,3839.9,2896.0,3146.7,13,1,3146.6,10,1,3146.5,16,2,3146.4,27,3,3146.3,64,5,3147.0,1,1,3147.3,172,1,3147.5,60,2,3147.7,4,1,3147.8,51,2
2031,2026-06-16 13:39:15+05:30,3146.7,2,3132.28,2550874,129164.0,198815.0,3163.0,3163.0,3108.0,3134.3,32003800,3447.7,2820.9,3839.9,2896.0,3146.9,2,2,3146.7,15,3,3146.6,24,2,3146.5,17,2,3146.4,2,1,3147.0,2,2,3147.3,172,1,3147.5,60,2,3147.7,48,2,3147.8,51,2
2031,2026-06-16 13:39:16+05:30,3146.5,9,3132.28,2550874,129164.0,198815.0,3163.0,3163.0,3108.0,3134.3,32003800,3447.7,2820.9,3839.9,2896.0,3146.9,2,2,3146.7,15,3,3146.6,24,2,3146.5,17,2,3146.4,2,1,3147.0,2,2,3147.3,172,1,3147.5,60,2,3147.7,48,2,3147.8,51,2
2031,2026-06-16 13:39:16+05:30,3146.5,9,3132.28,2551083,128563.0,199618.0,3163.0,3163.0,3108.0,3134.3,32003800,3447.7,2820.9,3839.9,2896.0,3146.5,16,1,3146.3,3,1,3146.0,187,14,3145.9,22,1,3145.8,67,2,3147.0,1,1,3147.1,208,2,3147.2,38,3,3147.3,4,1,3147.4,26,1
2031,2026-06-16 13:39:17+05:30,3146.5,9,3132.28,2551083,128567.0,199619.0,3163.0,3163.0,3108.0,3134.3,32003800,3447.7,2820.9,3839.9,2896.0,3146.5,16,1,3146.3,3,1,3146.0,187,14,3145.9,22,1,3145.8,67,2,3147.0,1,1,3147.1,208,2,3147.2,38,3,3147.3,4,1,3147.4,26,1
2031,2026-06-16 13:39:18+05:30,3147.0,6,3132.28,2551106,128236.0,199595.0,3163.0,3163.0,3108.0,3134.3,32003800,3447.7,2820.9,3839.9,2896.0,3146.5,16,1,3146.3,3,1,3146.0,187,14,3145.9,22,1,3145.8,32,1,3147.2,28,2,3147.3,166,1,3147.5,81,2,3147.6,79,3,3147.7,136,5
2031,2026-06-16 13:39:18+05:30,3147.0,6,3132.28,2551106,128236.0,199595.0,3163.0,3163.0,3108.0,3134.3,32003800,3447.7,2820.9,3839.9,2896.0,3146.5,16,1,3146.3,3,1,3146.0,187,14,3145.9,22,1,3145.8,32,1,3147.2,28,2,3147.3,166,1,3147.5,81,2,3147.6,79,3,3147.7,136,5
2031,2026-06-16 13:39:19+05:30,3147.0,6,3132.28,2551106,128236.0,199595.0,3163.0,3163.0,3108.0,3134.3,32003800,3447.7,2820.9,3839.9,2896.0,3146.5,16,1,3146.3,3,1,3146.0,187,14,3145.9,22,1,3145.8,32,1,3147.2,28,2,3147.3,166,1,3147.5,81,2,3147.6,79,3,3147.7,136,5
2031,2026-06-16 13:39:19+05:30,3147.0,1,3132.28,2551107,128258.0,199514.0,3163.0,3163.0,3108.0,3134.3,32003800,3447.7,2820.9,3839.9,2896.0,3146.5,16,1,3146.3,3,1,3146.0,187,14,3145.9,22,1,3145.8,67,2,3147.0,35,1,3147.1,166,1,3147.2,28,2,3147.4,4,1,3147.5,83,3
2031,2026-06-16 13:39:20+05:30,3147.0,1,3132.28,2551107,128258.0,199514.0,3163.0,3163.0,3108.0,3134.3,32003800,3447.7,2820.9,3839.9,2896.0,3146.5,16,1,3146.3,3,1,3146.0,187,14,3145.9,22,1,3145.8,67,2,3147.0,35,1,3147.1,166,1,3147.2,28,2,3147.4,4,1,3147.5,83,3
2031,2026-06-16 13:39:20+05:30,3147.0,1,3132.28,2551107,128258.0,199514.0,3163.0,3163.0,3108.0,3134.3,32003800,3447.7,2820.9,3839.9,2896.0,3146.5,16,1,3146.3,3,1,3146.0,187,14,3145.9,22,1,3145.8,67,2,3147.0,35,1,3147.1,166,1,3147.2,28,2,3147.4,4,1,3147.5,83,3
2031,2026-06-16 13:39:20+05:30,3147.0,10,3132.28,2551117,128532.0,199345.0,3163.0,3163.0,3108.0,3134.3,32003800,3447.7,2820.9,3839.9,2896.0,3146.7,16,1,3146.3,3,1,3146.0,232,16,3145.9,22,1,3145.8,95,4,3147.0,25,1,3147.2,28,2,3147.4,197,2,3147.5,81,2,3147.6,7,1
2031,2026-06-16 13:39:21+05:30,3147.0,10,3132.28,2551117,128532.0,199345.0,3163.0,3163.0,3108.0,3134.3,32003800,3447.7,2820.9,3839.9,2896.0,3146.7,16,1,3146.3,3,1,3146.0,232,16,3145.9,22,1,3145.8,95,4,3147.0,25,1,3147.2,28,2,3147.4,197,2,3147.5,81,2,3147.6,7,1
2031,2026-06-16 13:39:21+05:30,3146.7,43,3132.28,2551160,128498.0,199547.0,3163.0,3163.0,3108.0,3134.3,32003800,3447.7,2820.9,3839.9,2896.0,3146.7,16,1,3146.3,3,1,3146.1,16,1,3146.0,202,16,3145.9,22,1,3146.9,1,1,3147.0,28,2,3147.2,193,2,3147.4,49,2,3147.5,35,1
2031,2026-06-16 13:39:22+05:30,3146.7,43,3132.28,2551160,128498.0,199547.0,3163.0,3163.0,3108.0,3134.3,32003800,3447.7,2820.9,3839.9,2896.0,3146.7,16,1,3146.3,3,1,3146.1,16,1,3146.0,202,16,3145.9,22,1,3146.9,1,1,3147.0,28,2,3147.2,193,2,3147.4,49,2,3147.5,35,1
2031,2026-06-16 13:39:22+05:30,3146.7,43,3132.28,2551160,128498.0,199547.0,3163.0,3163.0,3108.0,3134.3,32003800,3447.7,2820.9,3839.9,2896.0,3146.7,16,1,3146.3,3,1,3146.1,16,1,3146.0,202,16,3145.9,22,1,3146.9,1,1,3147.0,28,2,3147.2,193,2,3147.4,49,2,3147.5,35,1
2031,2026-06-16 13:39:22+05:30,3146.7,43,3132.28,2551160,128538.0,199585.0,3163.0,3163.0,3108.0,3134.3,32003800,3447.7,2820.9,3839.9,2896.0,3146.7,16,1,3146.3,3,1,3146.1,16,1,3146.0,202,16,3145.9,22,1,3146.9,17,2,3147.0,28,2,3147.2,193,2,3147.4,49,2,3147.5,35,1
2031,2026-06-16 13:39:23+05:30,3146.1,65,3132.28,2551160,128538.0,199585.0,3163.0,3163.0,3108.0,3134.3,32003800,3447.7,2820.9,3839.9,2896.0,3146.7,16,1,3146.3,3,1,3146.1,16,1,3146.0,202,16,3145.9,22,1,3146.9,17,2,3147.0,28,2,3147.2,193,2,3147.4,49,2,3147.5,35,1
2031,2026-06-16 13:39:24+05:30,3146.1,65,3132.28,2551360,127620.0,200021.0,3163.0,3163.0,3108.0,3134.3,32003800,3447.7,2820.9,3839.9,2896.0,3146.1,16,1,3146.0,185,14,3145.8,1,1,3145.6,21,4,3145.5,18,1,3146.2,1,1,3146.8,9,1,3146.9,24,3,3147.0,201,3,3147.1,46,1
2031,2026-06-16 13:39:24+05:30,3146.8,4,3132.28,2551360,127620.0,200021.0,3163.0,3163.0,3108.0,3134.3,32003800,3447.7,2820.9,3839.9,2896.0,3146.1,16,1,3146.0,185,14,3145.8,1,1,3145.6,21,4,3145.5,18,1,3146.2,1,1,3146.8,9,1,3146.9,24,3,3147.0,201,3,3147.1,46,1
2031,2026-06-16 13:39:24+05:30,3146.8,4,3132.28,2551360,127620.0,200021.0,3163.0,3163.0,3108.0,3134.3,32003800,3447.7,2820.9,3839.9,2896.0,3146.1,16,1,3146.0,185,14,3145.8,1,1,3145.6,21,4,3145.5,18,1,3146.2,1,1,3146.8,9,1,3146.9,24,3,3147.0,201,3,3147.1,46,1
2031,2026-06-16 13:39:25+05:30,3146.0,1,3132.28,2551766,126961.0,200684.0,3163.0,3163.0,3108.0,3134.3,32003800,3447.7,2820.9,3839.9,2896.0,3146.3,2,2,3146.0,6,1,3145.4,199,2,3145.3,1093,1,3145.1,48,3,3146.6,24,3,3146.7,188,3,3146.8,68,3,3146.9,67,5,3147.0,83,5
2031,2026-06-16 13:39:25+05:30,3146.0,1,3132.28,2551766,126961.0,200684.0,3163.0,3163.0,3108.0,3134.3,32003800,3447.7,2820.9,3839.9,2896.0,3146.3,2,2,3146.0,6,1,3145.4,199,2,3145.3,1093,1,3145.1,48,3,3146.6,24,3,3146.7,188,3,3146.8,68,3,3146.9,67,5,3147.0,83,5
2031,2026-06-16 13:39:26+05:30,3146.0,1,3132.28,2551766,127145.0,200353.0,3163.0,3163.0,3108.0,3134.3,32003800,3447.7,2820.9,3839.9,2896.0,3146.3,2,2,3146.0,6,1,3145.5,20,1,3145.4,190,2,3145.3,1114,2,3146.6,58,6,3146.7,191,3,3146.8,68,3,3146.9,82,4,3147.0,83,5
2031,2026-06-16 13:39:26+05:30,3146.3,1,3132.28,2551766,127145.0,200353.0,3163.0,3163.0,3108.0,3134.3,32003800,3447.7,2820.9,3839.9,2896.0,3146.3,2,2,3146.0,6,1,3145.5,20,1,3145.4,190,2,3145.3,1114,2,3146.6,58,6,3146.7,191,3,3146.8,68,3,3146.9,82,4,3147.0,83,5
2031,2026-06-16 13:39:26+05:30,3146.3,1,3132.28,2551766,127145.0,200353.0,3163.0,3163.0,3108.0,3134.3,32003800,3447.7,2820.9,3839.9,2896.0,3146.3,2,2,3146.0,6,1,3145.5,20,1,3145.4,190,2,3145.3,1114,2,3146.6,58,6,3146.7,191,3,3146.8,68,3,3146.9,82,4,3147.0,83,5
2031,2026-06-16 13:39:27+05:30,3146.6,2,3132.28,2551788,127655.0,199770.0,3163.0,3163.0,3108.0,3134.3,32003800,3447.7,2820.9,3839.9,2896.0,3146.3,36,1,3146.0,6,1,3145.9,15,1,3145.6,15,2,3145.5,64,5,3146.5,1,1,3146.6,37,3,3146.9,166,1,3147.0,25,1,3147.1,82,3
2031,2026-06-16 13:39:27+05:30,3146.6,2,3132.28,2551788,127655.0,199770.0,3163.0,3163.0,3108.0,3134.3,32003800,3447.7,2820.9,3839.9,2896.0,3146.3,36,1,3146.0,6,1,3145.9,15,1,3145.6,15,2,3145.5,64,5,3146.5,1,1,3146.6,37,3,3146.9,166,1,3147.0,25,1,3147.1,82,3
2031,2026-06-16 13:39:28+05:30,3146.0,60,3132.28,2551884,127202.0,199955.0,3163.0,3163.0,3108.0,3134.3,32003800,3447.7,2820.9,3839.9,2896.0,3145.9,17,2,3145.6,14,1,3145.5,3,1,3145.4,18,1,3145.3,1102,2,3146.0,954,1,3146.5,3,2,3146.6,37,3,3146.7,166,1,3146.8,44,1
2031,2026-06-16 13:39:28+05:30,3146.0,24,3132.28,2551884,127202.0,199955.0,3163.0,3163.0,3108.0,3134.3,32003800,3447.7,2820.9,3839.9,2896.0,3145.9,17,2,3145.6,14,1,3145.5,3,1,3145.4,18,1,3145.3,1102,2,3146.0,954,1,3146.5,3,2,3146.6,37,3,3146.7,166,1,3146.8,44,1
2031,2026-06-16 13:39:28+05:30,3146.0,24,3132.28,2551884,127202.0,199955.0,3163.0,3163.0,3108.0,3134.3,32003800,3447.7,2820.9,3839.9,2896.0,3145.9,17,2,3145.6,14,1,3145.5,3,1,3145.4,18,1,3145.3,1102,2,3146.0,954,1,3146.5,3,2,3146.6,37,3,3146.7,166,1,3146.8,44,1
2031,2026-06-16 13:39:29+05:30,3146.0,24,3132.28,2551908,127246.0,200016.0,3163.0,3163.0,3108.0,3134.3,32003800,3447.7,2820.9,3839.9,2896.0,3145.9,3,2,3145.6,30,2,3145.5,3,1,3145.4,18,1,3145.3,1102,2,3146.0,954,2,3146.5,3,2,3146.6,179,2,3146.8,44,1,3147.0,104,5
2031,2026-06-16 13:39:29+05:30,3146.0,40,3132.28,2551908,127246.0,200016.0,3163.0,3163.0,3108.0,3134.3,32003800,3447.7,2820.9,3839.9,2896.0,3145.9,3,2,3145.6,30,2,3145.5,3,1,3145.4,18,1,3145.3,1102,2,3146.0,954,2,3146.5,3,2,3146.6,179,2,3146.8,44,1,3147.0,104,5
2031,2026-06-16 13:39:30+05:30,3146.0,1,3132.28,2552170,127219.0,199847.0,3163.0,3163.0,3108.0,3134.3,32003800,3447.7,2820.9,3839.9,2896.0,3145.9,6,3,3145.8,14,1,3145.6,5,1,3145.5,16,2,3145.4,40,3,3146.0,692,2,3146.5,1,1,3146.6,13,1,3146.8,210,2,3147.0,47,2
2031,2026-06-16 13:39:30+05:30,3146.0,1,3132.28,2552170,127219.0,199847.0,3163.0,3163.0,3108.0,3134.3,32003800,3447.7,2820.9,3839.9,2896.0,3145.9,6,3,3145.8,14,1,3145.6,5,1,3145.5,16,2,3145.4,40,3,3146.0,692,2,3146.5,1,1,3146.6,13,1,3146.8,210,2,3147.0,47,2
2031,2026-06-16 13:39:30+05:30,3146.0,1,3132.28,2552170,127219.0,199847.0,3163.0,3163.0,3108.0,3134.3,32003800,3447.7,2820.9,3839.9,2896.0,3145.9,6,3,3145.8,14,1,3145.6,5,1,3145.5,16,2,3145.4,40,3,3146.0,692,2,3146.5,1,1,3146.6,13,1,3146.8,210,2,3147.0,47,2
2031,2026-06-16 13:39:30+05:30,3146.0,1,3132.28,2552170,127219.0,199847.0,3163.0,3163.0,3108.0,3134.3,32003800,3447.7,2820.9,3839.9,2896.0,3145.9,6,3,3145.8,14,1,3145.6,5,1,3145.5,16,2,3145.4,40,3,3146.0,692,2,3146.5,1,1,3146.6,13,1,3146.8,210,2,3147.0,47,2
2031,2026-06-16 13:39:31+05:30,3146.0,2,3132.28,2552174,127277.0,199752.0,3163.0,3163.0,3108.0,3134.3,32003800,3447.7,2820.9,3839.9,2896.0,3145.9,54,7,3145.8,14,1,3145.5,16,2,3145.4,40,3,3145.3,1146,3,3146.0,723,5,3146.5,1,1,3146.6,13,1,3146.7,166,1,3146.8,44,1
2031,2026-06-16 13:39:31+05:30,3146.0,2,3132.28,2552174,127277.0,199752.0,3163.0,3163.0,3108.0,3134.3,32003800,3447.7,2820.9,3839.9,2896.0,3145.9,54,7,3145.8,14,1,3145.5,16,2,3145.4,40,3,3145.3,1146,3,3146.0,723,5,3146.5,1,1,3146.6,13,1,3146.7,166,1,3146.8,44,1
2031,2026-06-16 13:39:31+05:30,3146.0,10,3132.28,2552174,127277.0,199752.0,3163.0,3163.0,3108.0,3134.3,32003800,3447.7,2820.9,3839.9,2896.0,3145.9,54,7,3145.8,14,1,3145.5,16,2,3145.4,40,3,3145.3,1146,3,3146.0,723,5,3146.5,1,1,3146.6,13,1,3146.7,166,1,3146.8,44,1
2031,2026-06-16 13:39:31+05:30,3146.0,10,3132.28,2552174,127277.0,199752.0,3163.0,3163.0,3108.0,3134.3,32003800,3447.7,2820.9,3839.9,2896.0,3145.9,54,7,3145.8,14,1,3145.5,16,2,3145.4,40,3,3145.3,1146,3,3146.0,723,5,3146.5,1,1,3146.6,13,1,3146.7,166,1,3146.8,44,1
2031,2026-06-16 13:39:32+05:30,3146.0,34,3132.28,2552231,127307.0,199676.0,3163.0,3163.0,3108.0,3134.3,32003800,3447.7,2820.9,3839.9,2896.0,3145.9,75,11,3145.7,4,1,3145.6,4,1,3145.5,16,2,3145.4,40,3,3146.0,667,5,3146.6,13,1,3146.7,166,1,3146.8,44,1,3147.0,22,1
2031,2026-06-16 13:39:32+05:30,3145.9,1,3132.28,2552231,127307.0,199676.0,3163.0,3163.0,3108.0,3134.3,32003800,3447.7,2820.9,3839.9,2896.0,3145.9,75,11,3145.7,4,1,3145.6,4,1,3145.5,16,2,3145.4,40,3,3146.0,667,5,3146.6,13,1,3146.7,166,1,3146.8,44,1,3147.0,22,1
2031,2026-06-16 13:39:32+05:30,3145.9,1,3132.28,2552231,127307.0,199676.0,3163.0,3163.0,3108.0,3134.3,32003800,3447.7,2820.9,3839.9,2896.0,3145.9,75,11,3145.7,4,1,3145.6,4,1,3145.5,16,2,3145.4,40,3,3146.0,667,5,3146.6,13,1,3146.7,166,1,3146.8,44,1,3147.0,22,1
2031,2026-06-16 13:39:33+05:30,3145.9,1,3132.28,2552232,127313.0,199668.0,3163.0,3163.0,3108.0,3134.3,32003800,3447.7,2820.9,3839.9,2896.0,3145.9,77,12,3145.7,4,1,3145.6,5,2,3145.5,16,2,3145.4,40,3,3146.0,667,5,3146.6,13,1,3146.7,166,1,3146.8,44,1,3147.0,22,1
2031,2026-06-16 13:39:33+05:30,3145.9,1,3132.28,2552232,127313.0,199668.0,3163.0,3163.0,3108.0,3134.3,32003800,3447.7,2820.9,3839.9,2896.0,3145.9,77,12,3145.7,4,1,3145.6,5,2,3145.5,16,2,3145.4,40,3,3146.0,667,5,3146.6,13,1,3146.7,166,1,3146.8,44,1,3147.0,22,1
2031,2026-06-16 13:39:34+05:30,3146.0,138,3132.28,2552370,127311.0,199464.0,3163.0,3163.0,3108.0,3134.3,32003800,3447.7,2820.9,3839.9,2896.0,3145.9,79,13,3145.7,4,1,3145.6,1,1,3145.5,16,2,3145.4,40,3,3146.0,529,5,3146.6,13,1,3146.7,166,1,3147.1,93,3,3147.2,59,2
2031,2026-06-16 13:39:34+05:30,3146.0,138,3132.28,2552370,127311.0,199464.0,3163.0,3163.0,3108.0,3134.3,32003800,3447.7,2820.9,3839.9,2896.0,3145.9,79,13,3145.7,4,1,3145.6,1,1,3145.5,16,2,3145.4,40,3,3146.0,529,5,3146.6,13,1,3146.7,166,1,3147.1,93,3,3147.2,59,2
2031,2026-06-16 13:39:34+05:30,3146.0,138,3132.28,2552370,127311.0,199464.0,3163.0,3163.0,3108.0,3134.3,32003800,3447.7,2820.9,3839.9,2896.0,3145.9,79,13,3145.7,4,1,3145.6,1,1,3145.5,16,2,3145.4,40,3,3146.0,529,5,3146.6,13,1,3146.7,166,1,3147.1,93,3,3147.2,59,2
2031,2026-06-16 13:39:34+05:30,3146.0,138,3132.28,2552370,127311.0,199464.0,3163.0,3163.0,3108.0,3134.3,32003800,3447.7,2820.9,3839.9,2896.0,3145.9,79,13,3145.7,4,1,3145.6,1,1,3145.5,16,2,3145.4,40,3,3146.0,529,5,3146.6,13,1,3146.7,166,1,3147.1,93,3,3147.2,59,2
2031,2026-06-16 13:39:34+05:30,3146.0,16,3132.28,2552527,127321.0,199401.0,3163.0,3163.0,3108.0,3134.3,32003800,3447.7,2820.9,3839.9,2896.0,3145.9,65,13,3145.7,4,1,3145.6,1,1,3145.5,16,2,3145.4,40,3,3146.0,372,5,3146.6,13,1,3146.7,166,1,3147.1,76,2,3147.2,59,2
2031,2026-06-16 13:39:35+05:30,3146.0,1,3132.28,2552527,127321.0,199401.0,3163.0,3163.0,3108.0,3134.3,32003800,3447.7,2820.9,3839.9,2896.0,3145.9,65,13,3145.7,4,1,3145.6,1,1,3145.5,16,2,3145.4,40,3,3146.0,372,5,3146.6,13,1,3146.7,166,1,3147.1,76,2,3147.2,59,2
2031,2026-06-16 13:39:35+05:30,3146.0,1,3132.28,2552527,127321.0,199401.0,3163.0,3163.0,3108.0,3134.3,32003800,3447.7,2820.9,3839.9,2896.0,3145.9,65,13,3145.7,4,1,3145.6,1,1,3145.5,16,2,3145.4,40,3,3146.0,372,5,3146.6,13,1,3146.7,166,1,3147.1,76,2,3147.2,59,2
2031,2026-06-16 13:39:36+05:30,3145.9,36,3132.28,2552571,127287.0,199538.0,3163.0,3163.0,3108.0,3134.3,32003800,3447.7,2820.9,3839.9,2896.0,3145.9,28,14,3145.5,17,2,3145.4,26,2,3145.3,1146,3,3145.2,36,4,3146.0,407,7,3146.5,28,1,3146.6,197,2,3147.1,94,3,3147.2,59,2
2031,2026-06-16 13:39:36+05:30,3145.9,36,3132.28,2552571,127287.0,199538.0,3163.0,3163.0,3108.0,3134.3,32003800,3447.7,2820.9,3839.9,2896.0,3145.9,28,14,3145.5,17,2,3145.4,26,2,3145.3,1146,3,3145.2,36,4,3146.0,407,7,3146.5,28,1,3146.6,197,2,3147.1,94,3,3147.2,59,2
2031,2026-06-16 13:39:36+05:30,3145.9,1,3132.28,2552571,127287.0,199538.0,3163.0,3163.0,3108.0,3134.3,32003800,3447.7,2820.9,3839.9,2896.0,3145.9,28,14,3145.5,17,2,3145.4,26,2,3145.3,1146,3,3145.2,36,4,3146.0,407,7,3146.5,28,1,3146.6,197,2,3147.1,94,3,3147.2,59,2
2031,2026-06-16 13:39:37+05:30,3145.9,1,3132.28,2552595,127074.0,199555.0,3163.0,3163.0,3108.0,3134.3,32003800,3447.7,2820.9,3839.9,2896.0,3145.9,19,12,3145.7,14,1,3145.6,1,1,3145.5,3,1,3145.4,26,2,3146.0,393,7,3146.6,166,1,3147.1,94,3,3147.2,59,2,3147.3,279,3
2031,2026-06-16 13:39:37+05:30,3145.9,1,3132.28,2552595,127074.0,199555.0,3163.0,3163.0,3108.0,3134.3,32003800,3447.7,2820.9,3839.9,2896.0,3145.9,19,12,3145.7,14,1,3145.6,1,1,3145.5,3,1,3145.4,26,2,3146.0,393,7,3146.6,166,1,3147.1,94,3,3147.2,59,2,3147.3,279,3
2031,2026-06-16 13:39:38+05:30,3146.0,1,3132.28,2552614,127248.0,199356.0,3163.0,3163.0,3108.0,3134.3,32003800,3447.7,2820.9,3839.9,2896.0,3145.9,34,13,3145.7,14,1,3145.5,3,1,3145.4,26,2,3145.3,1146,3,3146.0,374,7,3146.8,166,1,3147.0,26,2,3147.1,94,3,3147.2,59,2
2031,2026-06-16 13:39:38+05:30,3146.0,1,3132.28,2552614,127248.0,199356.0,3163.0,3163.0,3108.0,3134.3,32005600,3447.7,2820.9,3839.9,2896.0,3145.9,34,13,3145.7,14,1,3145.5,3,1,3145.4,26,2,3145.3,1146,3,3146.0,374,7,3146.8,166,1,3147.0,26,2,3147.1,94,3,3147.2,59,2
2031,2026-06-16 13:39:38+05:30,3146.0,1,3132.28,2552614,127248.0,199356.0,3163.0,3163.0,3108.0,3134.3,32005600,3447.7,2820.9,3839.9,2896.0,3145.9,34,13,3145.7,14,1,3145.5,3,1,3145.4,26,2,3145.3,1146,3,3146.0,374,7,3146.8,166,1,3147.0,26,2,3147.1,94,3,3147.2,59,2
2031,2026-06-16 13:39:39+05:30,3145.7,1,3132.29,2552997,126915.0,200231.0,3163.0,3163.0,3108.0,3134.3,32005600,3447.7,2820.9,3839.9,2896.0,3145.7,5,1,3145.4,26,4,3145.3,1102,2,3145.2,79,4,3145.1,24,3,3146.0,373,6,3146.7,166,1,3147.0,124,2,3147.1,94,3,3147.2,59,2
2031,2026-06-16 13:39:39+05:30,3145.7,1,3132.29,2552997,126915.0,200231.0,3163.0,3163.0,3108.0,3134.3,32005600,3447.7,2820.9,3839.9,2896.0,3145.7,5,1,3145.4,26,4,3145.3,1102,2,3145.2,79,4,3145.1,24,3,3146.0,373,6,3146.7,166,1,3147.0,124,2,3147.1,94,3,3147.2,59,2
2031,2026-06-16 13:39:40+05:30,3145.3,143,3132.29,2553198,126804.0,200206.0,3163.0,3163.0,3108.0,3134.3,32005600,3447.7,2820.9,3839.9,2896.0,3145.6,3,1,3145.3,962,3,3145.2,21,2,3145.1,27,3,3145.0,37,4,3146.0,416,7,3146.7,166,1,3146.9,49,1,3147.0,28,2,3147.1,134,5
2031,2026-06-16 13:39:40+05:30,3145.3,143,3132.29,2553198,126804.0,200206.0,3163.0,3163.0,3108.0,3134.3,32005600,3447.7,2820.9,3839.9,2896.0,3145.6,3,1,3145.3,962,3,3145.2,21,2,3145.1,27,3,3145.0,37,4,3146.0,416,7,3146.7,166,1,3146.9,49,1,3147.0,28,2,3147.1,134,5
2031,2026-06-16 13:39:41+05:30,3145.6,2,3132.29,2553240,127082.0,199944.0,3163.0,3163.0,3108.0,3134.3,32005600,3447.7,2820.9,3839.9,2896.0,3145.6,43,3,3145.4,9,1,3145.3,959,2,3145.2,33,3,3145.1,49,4,3146.0,376,7,3146.8,229,3,3146.9,49,1,3147.0,34,3,3147.1,116,4
2031,2026-06-16 13:39:41+05:30,3145.6,2,3132.29,2553240,127082.0,199944.0,3163.0,3163.0,3108.0,3134.3,32005600,3447.7,2820.9,3839.9,2896.0,3145.6,43,3,3145.4,9,1,3145.3,959,2,3145.2,33,3,3145.1,49,4,3146.0,376,7,3146.8,229,3,3146.9,49,1,3147.0,34,3,3147.1,116,4
2031,2026-06-16 13:39:42+05:30,3145.6,2,3132.29,2553240,127132.0,199847.0,3163.0,3163.0,3108.0,3134.3,32005600,3447.7,2820.9,3839.9,2896.0,3145.8,1,1,3145.6,55,5,3145.5,7,1,3145.4,26,2,3145.3,959,2,3146.0,376,7,3146.8,63,2,3146.9,215,2,3147.0,34,3,3147.1,116,4
2031,2026-06-16 13:39:43+05:30,3146.0,1,3132.29,2553241,127330.0,199452.0,3163.0,3163.0,3108.0,3134.3,32005600,3447.7,2820.9,3839.9,2896.0,3145.8,54,3,3145.7,21,2,3145.6,52,4,3145.5,24,2,3145.4,26,2,3146.0,375,7,3146.8,44,1,3146.9,215,2,3147.0,28,2,3147.1,95,3
2031,2026-06-16 13:39:43+05:30,3146.0,1,3132.29,2553241,127330.0,199452.0,3163.0,3163.0,3108.0,3134.3,32005600,3447.7,2820.9,3839.9,2896.0,3145.8,54,3,3145.7,21,2,3145.6,52,4,3145.5,24,2,3145.4,26,2,3146.0,375,7,3146.8,44,1,3146.9,215,2,3147.0,28,2,3147.1,95,3
2031,2026-06-16 13:39:44+05:30,3146.0,20,3132.29,2553261,127129.0,199549.0,3163.0,3163.0,3108.0,3134.3,32005600,3447.7,2820.9,3839.9,2896.0,3145.9,1,1,3145.8,97,4,3145.7,4,1,3145.6,55,3,3145.5,24,2,3146.0,355,7,3146.7,166,1,3147.0,41,2,3147.1,76,2,3147.2,21,1
2031,2026-06-16 13:39:44+05:30,3146.0,20,3132.29,2553261,127129.0,199549.0,3163.0,3163.0,3108.0,3134.3,32005600,3447.7,2820.9,3839.9,2896.0,3145.9,1,1,3145.8,97,4,3145.7,4,1,3145.6,55,3,3145.5,24,2,3146.0,355,7,3146.7,166,1,3147.0,41,2,3147.1,76,2,3147.2,21,1
2031,2026-06-16 13:39:45+05:30,3145.6,7,3132.29,2553462,127068.0,199657.0,3163.0,3163.0,3108.0,3134.3,32005600,3447.7,2820.9,3839.9,2896.0,3145.7,15,1,3145.6,20,2,3145.4,4,2,3145.3,978,4,3145.2,33,3,3146.0,354,7,3146.7,166,1,3147.0,41,2,3147.1,76,2,3147.2,21,1
2031,2026-06-16 13:39:45+05:30,3145.6,7,3132.29,2553462,127068.0,199657.0,3163.0,3163.0,3108.0,3134.3,32005600,3447.7,2820.9,3839.9,2896.0,3145.7,15,1,3145.6,20,2,3145.4,4,2,3145.3,978,4,3145.2,33,3,3146.0,354,7,3146.7,166,1,3147.0,41,2,3147.1,76,2,3147.2,21,1
2031,2026-06-16 13:39:46+05:30,3146.0,1,3132.29,2553494,126753.0,199710.0,3163.0,3163.0,3108.0,3134.3,32005600,3447.7,2820.9,3839.9,2896.0,3145.9,1,1,3145.8,1,1,3145.7,16,2,3145.6,3,1,3145.5,17,1,3146.0,352,7,3146.5,166,1,3147.0,156,6,3147.1,82,3,3147.2,263,5
2031,2026-06-16 13:39:46+05:30,3145.8,4,3132.29,2553494,126753.0,199710.0,3163.0,3163.0,3108.0,3134.3,32005600,3447.7,2820.9,3839.9,2896.0,3145.9,1,1,3145.8,1,1,3145.7,16,2,3145.6,3,1,3145.5,17,1,3146.0,352,7,3146.5,166,1,3147.0,156,6,3147.1,82,3,3147.2,263,5
2031,2026-06-16 13:39:47+05:30,3145.7,5,3132.29,2553703,126931.0,199946.0,3163.0,3163.0,3108.0,3134.3,32005600,3447.7,2820.9,3839.9,2896.0,3145.6,3,1,3145.3,967,2,3145.2,11,1,3145.1,39,3,3145.0,27,4,3146.0,352,7,3146.5,166,1,3146.9,29,1,3147.0,90,3,3147.1,82,3
2031,2026-06-16 13:39:47+05:30,3145.7,5,3132.29,2553703,126931.0,199946.0,3163.0,3163.0,3108.0,3134.3,32005600,3447.7,2820.9,3839.9,2896.0,3145.6,3,1,3145.3,967,2,3145.2,11,1,3145.1,39,3,3145.0,27,4,3146.0,352,7,3146.5,166,1,3146.9,29,1,3147.0,90,3,3147.1,82,3
2031,2026-06-16 13:39:48+05:30,3146.0,5,3132.29,2553708,126975.0,199805.0,3163.0,3163.0,3108.0,3134.3,32005600,3447.7,2820.9,3839.9,2896.0,3145.8,3,1,3145.6,3,1,3145.5,17,1,3145.4,26,2,3145.3,950,1,3146.0,347,7,3146.5,166,1,3146.9,29,1,3147.0,90,3,3147.1,82,3
2031,2026-06-16 13:39:48+05:30,3145.8,24,3132.29,2553708,126975.0,199805.0,3163.0,3163.0,3108.0,3134.3,32005600,3447.7,2820.9,3839.9,2896.0,3145.8,3,1,3145.6,3,1,3145.5,17,1,3145.4,26,2,3145.3,950,1,3146.0,347,7,3146.5,166,1,3146.9,29,1,3147.0,90,3,3147.1,82,3
2031,2026-06-16 13:39:49+05:30,3146.0,41,3132.29,2553708,126975.0,199805.0,3163.0,3163.0,3108.0,3134.3,32005600,3447.7,2820.9,3839.9,2896.0,3145.8,3,1,3145.6,3,1,3145.5,17,1,3145.4,26,2,3145.3,950,1,3146.0,347,7,3146.5,166,1,3146.9,29,1,3147.0,90,3,3147.1,82,3
2031,2026-06-16 13:39:49+05:30,3146.0,41,3132.29,2553777,126895.0,199661.0,3163.0,3163.0,3108.0,3134.3,32005600,3447.7,2820.9,3839.9,2896.0,3145.8,6,3,3145.6,3,1,3145.5,34,2,3145.4,9,1,3145.3,950,1,3146.0,306,7,3146.5,166,1,3146.9,29,1,3147.0,90,3,3147.1,76,2
2031,2026-06-16 13:39:50+05:30,3145.5,10,3132.29,2553777,126895.0,199661.0,3163.0,3163.0,3108.0,3134.3,32005600,3447.7,2820.9,3839.9,2896.0,3145.8,6,3,3145.6,3,1,3145.5,34,2,3145.4,9,1,3145.3,950,1,3146.0,306,7,3146.5,166,1,3146.9,29,1,3147.0,90,3,3147.1,76,2
2031,2026-06-16 13:39:50+05:30,3145.5,10,3132.29,2553853,126826.0,199777.0,3163.0,3163.0,3108.0,3134.3,32005600,3447.7,2820.9,3839.9,2896.0,3145.8,1,1,3145.7,15,1,3145.3,950,1,3145.2,28,2,3145.1,2,1,3146.0,236,6,3146.5,166,1,3146.9,29,1,3147.0,113,4,3147.1,78,3
2031,2026-06-16 13:39:51+05:30,3146.0,1,3132.29,2553853,126826.0,199777.0,3163.0,3163.0,3108.0,3134.3,32005600,3447.7,2820.9,3839.9,2896.0,3145.8,1,1,3145.7,15,1,3145.3,950,1,3145.2,28,2,3145.1,2,1,3146.0,236,6,3146.5,166,1,3146.9,29,1,3147.0,113,4,3147.1,78,3
2031,2026-06-16 13:39:51+05:30,3146.0,1,3132.29,2553855,126920.0,199732.0,3163.0,3163.0,3108.0,3134.3,32005600,3447.7,2820.9,3839.9,2896.0,3145.8,1,1,3145.7,15,1,3145.5,17,1,3145.3,957,2,3145.2,27,2,3146.0,234,6,3146.5,166,1,3146.9,29,1,3147.0,113,4,3147.1,76,2
2031,2026-06-16 13:39:52+05:30,3146.0,100,3132.29,2553855,126920.0,199732.0,3163.0,3163.0,3108.0,3134.3,32005600,3447.7,2820.9,3839.9,2896.0,3145.8,1,1,3145.7,15,1,3145.5,17,1,3145.3,957,2,3145.2,27,2,3146.0,234,6,3146.5,166,1,3146.9,29,1,3147.0,113,4,3147.1,76,2
2031,2026-06-16 13:39:52+05:30,3146.0,100,3132.29,2553966,126727.0,199774.0,3163.0,3163.0,3108.0,3134.3,32005600,3447.7,2820.9,3839.9,2896.0,3145.9,3,2,3145.8,1,1,3145.7,15,1,3145.6,17,1,3145.3,950,1,3146.0,124,7,3146.6,28,1,3146.7,235,3,3146.8,4,1,3146.9,73,2
2031,2026-06-16 13:39:53+05:30,3146.0,11,3132.29,2553977,126766.0,199466.0,3163.0,3163.0,3108.0,3134.3,32005600,3447.7,2820.9,3839.9,2896.0,3145.9,4,3,3145.8,1,1,3145.7,15,1,3145.6,23,2,3145.4,9,1,3146.0,113,7,3146.6,28,1,3146.7,235,3,3146.8,51,2,3146.9,73,2
2031,2026-06-16 13:39:53+05:30,3146.0,11,3132.29,2553977,126766.0,199466.0,3163.0,3163.0,3108.0,3134.3,32005600,3447.7,2820.9,3839.9,2896.0,3145.9,4,3,3145.8,1,1,3145.7,15,1,3145.6,23,2,3145.4,9,1,3146.0,113,7,3146.6,28,1,3146.7,235,3,3146.8,51,2,3146.9,73,2
2031,2026-06-16 13:39:54+05:30,3146.0,11,3132.29,2553977,126766.0,199466.0,3163.0,3163.0,3108.0,3134.3,32005600,3447.7,2820.9,3839.9,2896.0,3145.9,4,3,3145.8,1,1,3145.7,15,1,3145.6,23,2,3145.4,9,1,3146.0,113,7,3146.6,28,1,3146.7,235,3,3146.8,51,2,3146.9,73,2
2031,2026-06-16 13:39:54+05:30,3146.0,11,3132.29,2554136,126599.0,199266.0,3163.0,3163.0,3108.0,3134.3,32005600,3447.7,2820.9,3839.9,2896.0,3145.9,4,3,3145.8,1,1,3145.7,3,1,3145.6,17,1,3145.4,25,2,3146.0,9,1,3146.6,40,1,3146.7,235,3,3146.9,29,1,3147.0,63,3
2031,2026-06-16 13:39:55+05:30,3146.0,1,3132.29,2554136,126599.0,199266.0,3163.0,3163.0,3108.0,3134.3,32005600,3447.7,2820.9,3839.9,2896.0,3145.9,4,3,3145.8,1,1,3145.7,3,1,3145.6,17,1,3145.4,25,2,3146.0,9,1,3146.6,40,1,3146.7,235,3,3146.9,29,1,3147.0,63,3
2031,2026-06-16 13:39:55+05:30,3146.0,1,3132.29,2554137,126603.0,199633.0,3163.0,3163.0,3108.0,3134.3,32005600,3447.7,2820.9,3839.9,2896.0,3145.9,7,4,3145.8,1,1,3145.7,3,1,3145.4,9,1,3145.3,950,1,3146.0,39,3,3146.5,166,1,3146.6,40,1,3146.7,69,2,3146.9,29,1
2031,2026-06-16 13:39:56+05:30,3145.9,3,3132.29,2554137,126603.0,199633.0,3163.0,3163.0,3108.0,3134.3,32005600,3447.7,2820.9,3839.9,2896.0,3145.9,7,4,3145.8,1,1,3145.7,3,1,3145.4,9,1,3145.3,950,1,3146.0,39,3,3146.5,166,1,3146.6,40,1,3146.7,69,2,3146.9,29,1
2031,2026-06-16 13:39:56+05:30,3145.9,3,3132.29,2554147,126442.0,199722.0,3163.0,3163.0,3108.0,3134.3,32005600,3447.7,2820.9,3839.9,2896.0,3145.9,18,4,3145.8,1,1,3145.7,3,1,3145.3,950,1,3145.2,27,2,3146.0,39,3,3146.6,40,1,3146.7,235,3,3146.8,44,1,3146.9,67,2
2031,2026-06-16 13:39:57+05:30,3145.9,3,3132.29,2554147,126442.0,199722.0,3163.0,3163.0,3108.0,3134.3,32005600,3447.7,2820.9,3839.9,2896.0,3145.9,18,4,3145.8,1,1,3145.7,3,1,3145.3,950,1,3145.2,27,2,3146.0,39,3,3146.6,40,1,3146.7,235,3,3146.8,44,1,3146.9,67,2
2031,2026-06-16 13:39:57+05:30,3145.9,3,3132.29,2554167,126414.0,199425.0,3163.0,3163.0,3108.0,3134.3,32005600,3447.7,2820.9,3839.9,2896.0,3145.9,17,6,3145.8,1,1,3145.7,3,1,3145.5,17,1,3145.3,967,2,3146.0,29,3,3146.6,40,1,3146.7,205,2,3146.8,62,2,3147.0,59,4
2031,2026-06-16 13:39:58+05:30,3146.0,1,3132.29,2554167,126414.0,199425.0,3163.0,3163.0,3108.0,3134.3,32005600,3447.7,2820.9,3839.9,2896.0,3145.9,17,6,3145.8,1,1,3145.7,3,1,3145.5,17,1,3145.3,967,2,3146.0,29,3,3146.6,40,1,3146.7,205,2,3146.8,62,2,3147.0,59,4
2031,2026-06-16 13:39:58+05:30,3146.0,1,3132.29,2554168,126468.0,199391.0,3163.0,3163.0,3108.0,3134.3,32005600,3447.7,2820.9,3839.9,2896.0,3145.9,18,7,3145.8,1,1,3145.7,3,1,3145.5,24,2,3145.3,969,3,3146.0,28,3,3146.5,166,1,3146.7,39,1,3146.8,62,2,3147.0,59,4
2031,2026-06-16 13:39:59+05:30,3145.9,1,3132.29,2554168,126468.0,199391.0,3163.0,3163.0,3108.0,3134.3,32005600,3447.7,2820.9,3839.9,2896.0,3145.9,18,7,3145.8,1,1,3145.7,3,1,3145.5,24,2,3145.3,969,3,3146.0,28,3,3146.5,166,1,3146.7,39,1,3146.8,62,2,3147.0,59,4
2031,2026-06-16 13:39:59+05:30,3145.9,1,3132.29,2554169,126595.0,199391.0,3163.0,3163.0,3108.0,3134.3,32005600,3447.7,2820.9,3839.9,2896.0,3145.9,17,7,3145.8,1,1,3145.7,3,1,3145.6,17,1,3145.5,7,1,3146.0,28,3,3146.5,166,1,3146.7,39,1,3146.8,62,2,3147.0,59,4
2031,2026-06-16 13:40:00+05:30,3146.0,1,3132.29,2554169,126595.0,199391.0,3163.0,3163.0,3108.0,3134.3,32005600,3447.7,2820.9,3839.9,2896.0,3145.9,17,7,3145.8,1,1,3145.7,3,1,3145.6,17,1,3145.5,7,1,3146.0,28,3,3146.5,166,1,3146.7,39,1,3146.8,62,2,3147.0,59,4
2031,2026-06-16 13:40:00+05:30,3146.0,1,3132.29,2554248,126929.0,199544.0,3163.0,3163.0,3108.0,3134.3,32005600,3447.7,2820.9,3839.9,2896.0,3146.0,26,6,3145.9,10,7,3145.7,3,1,3145.4,196,3,3145.3,970,2,3146.6,166,1,3146.7,12,1,3146.9,44,1,3147.0,45,3,3147.1,125,3
2031,2026-06-16 13:40:01+05:30,3146.0,48,3132.29,2554248,126929.0,199544.0,3163.0,3163.0,3108.0,3134.3,32005600,3447.7,2820.9,3839.9,2896.0,3146.0,26,6,3145.9,10,7,3145.7,3,1,3145.4,196,3,3145.3,970,2,3146.6,166,1,3146.7,12,1,3146.9,44,1,3147.0,45,3,3147.1,125,3
2031,2026-06-16 13:40:01+05:30,3146.0,48,3132.29,2554463,126836.0,199897.0,3163.0,3163.0,3108.0,3134.3,32005600,3447.7,2820.9,3839.9,2896.0,3146.0,5,2,3145.9,10,7,3145.7,25,1,3145.5,4,1,3145.4,173,4,3146.7,163,2,3146.8,50,2,3146.9,44,1,3147.0,213,6,3147.1,133,5
2031,2026-06-16 13:40:02+05:30,3146.7,1,3132.29,2554463,126836.0,199897.0,3163.0,3163.0,3108.0,3134.3,32005600,3447.7,2820.9,3839.9,2896.0,3146.0,5,2,3145.9,10,7,3145.7,25,1,3145.5,4,1,3145.4,173,4,3146.7,163,2,3146.8,50,2,3146.9,44,1,3147.0,213,6,3147.1,133,5
2031,2026-06-16 13:40:02+05:30,3146.7,10,3132.29,2554574,126923.0,199477.0,3163.0,3163.0,3108.0,3134.3,32005600,3447.7,2820.9,3839.9,2896.0,3146.0,2,1,3145.7,25,1,3145.5,17,1,3145.4,388,4,3145.3,988,3,3146.7,166,2,3147.0,188,3,3147.1,120,4,3147.2,68,3,3147.3,77,2
2031,2026-06-16 13:40:03+05:30,3146.7,10,3132.29,2554574,126923.0,199477.0,3163.0,3163.0,3108.0,3134.3,32005600,3447.7,2820.9,3839.9,2896.0,3146.0,2,1,3145.7,25,1,3145.5,17,1,3145.4,388,4,3145.3,988,3,3146.7,166,2,3147.0,188,3,3147.1,120,4,3147.2,68,3,3147.3,77,2
2031,2026-06-16 13:40:03+05:30,3146.7,10,3132.29,2554574,126976.0,198792.0,3163.0,3163.0,3108.0,3134.3,32005600,3447.7,2820.9,3839.9,2896.0,3146.0,46,2,3145.8,32,2,3145.7,40,2,3145.5,34,2,3145.4,227,4,3146.7,166,2,3147.0,151,2,3147.1,76,2,3147.2,2,1,3147.3,96,2
2031,2026-06-16 13:40:04+05:30,3146.7,1,3132.29,2554574,126976.0,198792.0,3163.0,3163.0,3108.0,3134.3,32005600,3447.7,2820.9,3839.9,2896.0,3146.0,46,2,3145.8,32,2,3145.7,40,2,3145.5,34,2,3145.4,227,4,3146.7,166,2,3147.0,151,2,3147.1,76,2,3147.2,2,1,3147.3,96,2
2031,2026-06-16 13:40:04+05:30,3146.7,1,3132.3,2554606,127114.0,198960.0,3163.0,3163.0,3108.0,3134.3,32005600,3447.7,2820.9,3839.9,2896.0,3146.0,46,2,3145.9,10,1,3145.8,21,3,3145.7,40,2,3145.5,52,3,3146.7,134,2,3147.0,49,1,3147.1,76,2,3147.3,48,1,3147.4,333,6
2031,2026-06-16 13:40:05+05:30,3146.7,1,3132.3,2554606,127113.0,198906.0,3163.0,3163.0,3108.0,3134.3,32005600,3447.7,2820.9,3839.9,2896.0,3146.0,46,2,3145.9,10,1,3145.8,21,3,3145.7,40,2,3145.5,66,4,3146.7,134,2,3147.0,49,1,3147.1,76,2,3147.3,48,1,3147.4,333,6
2031,2026-06-16 13:40:06+05:30,3146.7,1,3132.3,2554606,127244.0,198492.0,3163.0,3163.0,3108.0,3134.3,32005600,3447.7,2820.9,3839.9,2896.0,3146.0,50,4,3145.9,28,2,3145.8,56,5,3145.7,32,2,3145.6,52,4,3146.2,1,1,3146.7,134,2,3147.1,32,1,3147.2,20,1,3147.3,48,1
2031,2026-06-16 13:40:07+05:30,3146.2,1,3132.3,2554606,127244.0,198492.0,3163.0,3163.0,3108.0,3134.3,32005600,3447.7,2820.9,3839.9,2896.0,3146.0,50,4,3145.9,28,2,3145.8,56,5,3145.7,32,2,3145.6,52,4,3146.2,1,1,3146.7,134,2,3147.1,32,1,3147.2,20,1,3147.3,48,1
2031,2026-06-16 13:40:07+05:30,3146.2,1,3132.3,2554607,127320.0,198439.0,3163.0,3163.0,3108.0,3134.3,32005600,3447.7,2820.9,3839.9,2896.0,3146.0,47,3,3145.9,28,2,3145.8,56,5,3145.7,32,2,3145.6,96,5,3146.2,26,2,3146.7,134,2,3147.1,32,1,3147.2,20,1,3147.3,48,1
2031,2026-06-16 13:40:08+05:30,3146.0,2,3132.3,2554607,127320.0,198439.0,3163.0,3163.0,3108.0,3134.3,32005600,3447.7,2820.9,3839.9,2896.0,3146.0,47,3,3145.9,28,2,3145.8,56,5,3145.7,32,2,3145.6,96,5,3146.2,26,2,3146.7,134,2,3147.1,32,1,3147.2,20,1,3147.3,48,1
2031,2026-06-16 13:40:08+05:30,3146.2,7,3132.3,2554664,127550.0,198484.0,3163.0,3163.0,3108.0,3134.3,32005600,3447.7,2820.9,3839.9,2896.0,3146.1,1,1,3146.0,46,2,3145.9,16,1,3145.8,3,1,3145.7,25,1,3146.2,18,1,3146.5,108,1,3146.7,54,2,3147.0,44,2,3147.1,94,3
2031,2026-06-16 13:40:09+05:30,3146.2,7,3132.3,2554664,127550.0,198484.0,3163.0,3163.0,3108.0,3134.3,32005600,3447.7,2820.9,3839.9,2896.0,3146.1,1,1,3146.0,46,2,3145.9,16,1,3145.8,3,1,3145.7,25,1,3146.2,18,1,3146.5,108,1,3146.7,54,2,3147.0,44,2,3147.1,94,3
2031,2026-06-16 13:40:09+05:30,3146.2,7,3132.3,2554664,127593.0,198318.0,3163.0,3163.0,3108.0,3134.3,32005600,3447.7,2820.9,3839.9,2896.0,3146.1,54,3,3146.0,46,2,3145.8,3,1,3145.7,25,1,3145.4,61,2,3146.2,18,1,3146.5,108,1,3146.7,16,1,3147.0,67,2,3147.1,65,2
2031,2026-06-16 13:40:10+05:30,3146.2,6,3132.3,2554664,127593.0,198318.0,3163.0,3163.0,3108.0,3134.3,32005600,3447.7,2820.9,3839.9,2896.0,3146.1,54,3,3146.0,46,2,3145.8,3,1,3145.7,25,1,3145.4,61,2,3146.2,18,1,3146.5,108,1,3146.7,16,1,3147.0,67,2,3147.1,65,2
2031,2026-06-16 13:40:10+05:30,3146.2,1,3132.3,2554871,127181.0,198450.0,3163.0,3163.0,3108.0,3134.3,32005600,3447.7,2820.9,3839.9,2896.0,3146.0,37,2,3145.7,25,1,3145.4,17,1,3145.3,970,2,3145.2,65,4,3146.2,15,2,3146.5,108,1,3146.8,38,1,3146.9,29,1,3147.0,88,3
2031,2026-06-16 13:40:11+05:30,3146.2,1,3132.3,2554871,127181.0,198450.0,3163.0,3163.0,3108.0,3134.3,32005600,3447.7,2820.9,3839.9,2896.0,3146.0,37,2,3145.7,25,1,3145.4,17,1,3145.3,970,2,3145.2,65,4,3146.2,15,2,3146.5,108,1,3146.8,38,1,3146.9,29,1,3147.0,88,3
2031,2026-06-16 13:40:11+05:30,3146.2,11,3132.3,2554882,127199.0,198492.0,3163.0,3163.0,3108.0,3134.3,32005600,3447.7,2820.9,3839.9,2896.0,3146.0,37,2,3145.7,25,1,3145.4,20,2,3145.3,972,3,3145.2,16,1,3146.2,7,2,3146.5,108,1,3147.0,88,3,3147.1,67,3,3147.2,407,7
2031,2026-06-16 13:40:12+05:30,3146.5,13,3132.3,2554882,127199.0,198492.0,3163.0,3163.0,3108.0,3134.3,32005600,3447.7,2820.9,3839.9,2896.0,3146.0,37,2,3145.7,25,1,3145.4,20,2,3145.3,972,3,3145.2,16,1,3146.2,7,2,3146.5,108,1,3147.0,88,3,3147.1,67,3,3147.2,407,7
2031,2026-06-16 13:40:12+05:30,3146.3,1,3132.3,2554903,127244.0,198709.0,3163.0,3163.0,3108.0,3134.3,32005600,3447.7,2820.9,3839.9,2896.0,3146.0,37,2,3145.9,16,1,3145.7,25,1,3145.4,3,1,3145.3,970,2,3146.2,1,1,3146.4,107,2,3146.6,8,2,3146.7,29,2,3146.8,29,1
2031,2026-06-16 13:40:13+05:30,3146.0,5,3132.3,2554903,127244.0,198709.0,3163.0,3163.0,3108.0,3134.3,32005600,3447.7,2820.9,3839.9,2896.0,3146.0,37,2,3145.9,16,1,3145.7,25,1,3145.4,3,1,3145.3,970,2,3146.2,1,1,3146.4,107,2,3146.6,8,2,3146.7,29,2,3146.8,29,1
2031,2026-06-16 13:40:13+05:30,3146.0,5,3132.3,2554908,127278.0,198702.0,3163.0,3163.0,3108.0,3134.3,32005600,3447.7,2820.9,3839.9,2896.0,3146.0,33,3,3145.9,16,1,3145.8,1,1,3145.7,25,1,3145.4,3,1,3146.2,1,1,3146.4,107,2,3146.6,2,1,3146.7,29,2,3146.9,33,1
2031,2026-06-16 13:40:14+05:30,3146.0,30,3132.3,2554938,127184.0,198907.0,3163.0,3163.0,3108.0,3134.3,32005600,3447.7,2820.9,3839.9,2896.0,3146.0,4,3,3145.9,16,1,3145.8,1,1,3145.7,25,1,3145.4,3,1,3146.1,95,1,3146.2,19,2,3146.8,200,1,3146.9,85,4,3147.0,383,8
2031,2026-06-16 13:40:15+05:30,3146.1,7,3132.3,2554938,127184.0,198907.0,3163.0,3163.0,3108.0,3134.3,32005600,3447.7,2820.9,3839.9,2896.0,3146.0,4,3,3145.9,16,1,3145.8,1,1,3145.7,25,1,3145.4,3,1,3146.1,95,1,3146.2,19,2,3146.8,200,1,3146.9,85,4,3147.0,383,8
2031,2026-06-16 13:40:15+05:30,3146.1,7,3132.3,2555040,127202.0,198642.0,3163.0,3163.0,3108.0,3134.3,32005600,3447.7,2820.9,3839.9,2896.0,3146.1,2,2,3145.9,15,1,3145.8,1,1,3145.7,25,1,3145.4,20,2,3146.2,18,1,3146.8,200,1,3146.9,24,3,3147.0,371,8,3147.1,180,4
2031,2026-06-16 13:40:16+05:30,3145.9,4,3132.3,2555040,127202.0,198642.0,3163.0,3163.0,3108.0,3134.3,32005600,3447.7,2820.9,3839.9,2896.0,3146.1,2,2,3145.9,15,1,3145.8,1,1,3145.7,25,1,3145.4,20,2,3146.2,18,1,3146.8,200,1,3146.9,24,3,3147.0,371,8,3147.1,180,4
2031,2026-06-16 13:40:16+05:30,3145.9,4,3132.3,2555059,127353.0,198890.0,3163.0,3163.0,3108.0,3134.3,32005600,3447.7,2820.9,3839.9,2896.0,3146.0,1,1,3145.9,11,1,3145.8,1,1,3145.7,25,1,3145.5,17,1,3146.2,8,1,3146.9,259,4,3147.0,171,7,3147.1,265,3,3147.2,307,7
2031,2026-06-16 13:40:17+05:30,3145.9,1,3132.3,2555059,127353.0,198890.0,3163.0,3163.0,3108.0,3134.3,32005600,3447.7,2820.9,3839.9,2896.0,3146.0,1,1,3145.9,11,1,3145.8,1,1,3145.7,25,1,3145.5,17,1,3146.2,8,1,3146.9,259,4,3147.0,171,7,3147.1,265,3,3147.2,307,7
2031,2026-06-16 13:40:17+05:30,3146.9,6,3132.3,2555079,127001.0,198926.0,3163.0,3163.0,3108.0,3134.3,32005600,3447.7,2820.9,3839.9,2896.0,3145.9,11,2,3145.8,1,1,3145.7,42,2,3145.4,172,3,3145.3,971,2,3146.8,24,2,3146.9,223,3,3147.0,138,6,3147.1,314,4,3147.2,262,6
2031,2026-06-16 13:40:18+05:30,3146.8,1,3132.3,2555079,127001.0,198926.0,3163.0,3163.0,3108.0,3134.3,32005600,3447.7,2820.9,3839.9,2896.0,3145.9,11,2,3145.8,1,1,3145.7,42,2,3145.4,172,3,3145.3,971,2,3146.8,24,2,3146.9,223,3,3147.0,138,6,3147.1,314,4,3147.2,262,6
2031,2026-06-16 13:40:18+05:30,3146.8,1,3132.3,2555080,126882.0,198975.0,3163.0,3163.0,3108.0,3134.3,32005600,3447.7,2820.9,3839.9,2896.0,3145.9,11,2,3145.8,1,1,3145.7,25,1,3145.4,174,3,3145.3,971,2,3146.8,31,3,3146.9,272,5,3147.0,178,7,3147.1,342,5,3147.2,234,5
2031,2026-06-16 13:40:19+05:30,3146.8,1,3132.3,2555080,126882.0,198975.0,3163.0,3163.0,3108.0,3134.3,32005600,3447.7,2820.9,3839.9,2896.0,3145.9,11,2,3145.8,1,1,3145.7,25,1,3145.4,174,3,3145.3,971,2,3146.8,31,3,3146.9,272,5,3147.0,178,7,3147.1,342,5,3147.2,234,5
2031,2026-06-16 13:40:19+05:30,3146.8,1,3132.3,2555080,127195.0,199031.0,3163.0,3163.0,3108.0,3134.3,32005600,3447.7,2820.9,3839.9,2896.0,3145.9,11,2,3145.8,1,1,3145.7,25,1,3145.4,83,3,3145.3,1015,3,3146.5,1,1,3146.8,24,3,3146.9,272,5,3147.0,173,6,3147.1,342,5
2031,2026-06-16 13:40:20+05:30,3146.8,1,3132.3,2555080,127168.0,198930.0,3163.0,3163.0,3108.0,3134.3,32005600,3447.7,2820.9,3839.9,2896.0,3146.1,15,1,3146.0,1,1,3145.9,1,1,3145.8,1,1,3145.7,25,1,3146.5,14,3,3146.8,1,1,3146.9,248,3,3147.0,173,6,3147.1,329,5
2031,2026-06-16 13:40:20+05:30,3146.8,1,3132.3,2555080,127168.0,198930.0,3163.0,3163.0,3108.0,3134.3,32005600,3447.7,2820.9,3839.9,2896.0,3146.1,15,1,3146.0,1,1,3145.9,1,1,3145.8,1,1,3145.7,25,1,3146.5,14,3,3146.8,1,1,3146.9,248,3,3147.0,173,6,3147.1,329,5
2031,2026-06-16 13:40:21+05:30,3145.7,27,3132.3,2555080,127168.0,198930.0,3163.0,3163.0,3108.0,3134.3,32005600,3447.7,2820.9,3839.9,2896.0,3146.1,15,1,3146.0,1,1,3145.9,1,1,3145.8,1,1,3145.7,25,1,3146.5,14,3,3146.8,1,1,3146.9,248,3,3147.0,173,6,3147.1,329,5
2031,2026-06-16 13:40:21+05:30,3145.7,27,3132.3,2555280,126912.0,199218.0,3163.0,3163.0,3108.0,3134.3,32005600,3447.7,2820.9,3839.9,2896.0,3145.9,18,1,3145.4,3,1,3145.3,952,2,3145.1,31,2,3145.0,10,1,3146.4,24,2,3146.5,43,6,3146.6,63,3,3146.7,49,2,3146.8,102,4
2031,2026-06-16 13:40:22+05:30,3145.7,27,3132.3,2555280,126747.0,197373.0,3163.0,3163.0,3108.0,3134.3,32005600,3447.7,2820.9,3839.9,2896.0,3146.0,3,1,3145.9,18,1,3145.4,3,1,3145.3,952,2,3145.1,21,1,3146.3,12,1,3146.4,34,4,3146.5,43,6,3146.6,63,3,3146.7,49,2
2031,2026-06-16 13:40:23+05:30,3145.7,27,3132.3,2555280,126747.0,197373.0,3163.0,3163.0,3108.0,3134.3,32005600,3447.7,2820.9,3839.9,2896.0,3146.0,3,1,3145.9,18,1,3145.4,3,1,3145.3,952,2,3145.1,21,1,3146.3,12,1,3146.4,34,4,3146.5,43,6,3146.6,63,3,3146.7,49,2
2031,2026-06-16 13:40:23+05:30,3146.2,1,3132.3,2555280,126747.0,197373.0,3163.0,3163.0,3108.0,3134.3,32005600,3447.7,2820.9,3839.9,2896.0,3146.0,3,1,3145.9,18,1,3145.4,3,1,3145.3,952,2,3145.1,21,1,3146.3,12,1,3146.4,34,4,3146.5,43,6,3146.6,63,3,3146.7,49,2
2031,2026-06-16 13:40:23+05:30,3146.2,1,3132.3,2555281,126760.0,197267.0,3163.0,3163.0,3108.0,3134.3,32005600,3447.7,2820.9,3839.9,2896.0,3146.0,3,1,3145.9,18,1,3145.4,3,1,3145.3,952,2,3145.1,37,2,3146.2,11,1,3146.3,13,2,3146.4,39,5,3146.5,42,5,3146.6,46,2
2031,2026-06-16 13:40:24+05:30,3145.3,55,3132.3,2555281,126760.0,197267.0,3163.0,3163.0,3108.0,3134.3,32005600,3447.7,2820.9,3839.9,2896.0,3146.0,3,1,3145.9,18,1,3145.4,3,1,3145.3,952,2,3145.1,37,2,3146.2,11,1,3146.3,13,2,3146.4,39,5,3146.5,42,5,3146.6,46,2
2031,2026-06-16 13:40:24+05:30,3145.3,55,3132.3,2555805,127109.0,198939.0,3163.0,3163.0,3108.0,3134.3,32005600,3447.7,2820.9,3839.9,2896.0,3145.9,8,1,3145.3,933,5,3145.2,21,3,3145.1,82,3,3145.0,34,3,3146.2,1,1,3146.5,2,2,3146.8,39,1,3146.9,120,1,3147.0,378,6
2031,2026-06-16 13:40:25+05:30,3145.3,55,3132.3,2555805,127109.0,198939.0,3163.0,3163.0,3108.0,3134.3,32005600,3447.7,2820.9,3839.9,2896.0,3145.9,8,1,3145.3,933,5,3145.2,21,3,3145.1,82,3,3145.0,34,3,3146.2,1,1,3146.5,2,2,3146.8,39,1,3146.9,120,1,3147.0,378,6
2031,2026-06-16 13:40:25+05:30,3145.3,55,3132.3,2555805,127310.0,198819.0,3163.0,3163.0,3108.0,3134.3,32005600,3447.7,2820.9,3839.9,2896.0,3145.9,8,1,3145.4,240,3,3145.3,935,6,3145.2,38,4,3145.1,65,2,3146.2,1,1,3146.5,2,2,3146.8,39,1,3147.0,398,7,3147.1,191,5
2031,2026-06-16 13:40:26+05:30,3145.9,1,3132.3,2555805,127310.0,198819.0,3163.0,3163.0,3108.0,3134.3,32005600,3447.7,2820.9,3839.9,2896.0,3145.9,8,1,3145.4,240,3,3145.3,935,6,3145.2,38,4,3145.1,65,2,3146.2,1,1,3146.5,2,2,3146.8,39,1,3147.0,398,7,3147.1,191,5
2031,2026-06-16 13:40:26+05:30,3145.9,1,3132.3,2555864,127272.0,199016.0,3163.0,3163.0,3108.0,3134.3,32005600,3447.7,2820.9,3839.9,2896.0,3146.0,1,1,3145.9,6,1,3145.4,65,1,3145.3,919,3,3145.2,4,2,3146.5,38,4,3146.6,64,5,3146.7,13,1,3146.8,148,4,3146.9,140,1
2031,2026-06-16 13:40:27+05:30,3145.9,1,3132.3,2555864,127272.0,199016.0,3163.0,3163.0,3108.0,3134.3,32005600,3447.7,2820.9,3839.9,2896.0,3146.0,1,1,3145.9,6,1,3145.4,65,1,3145.3,919,3,3145.2,4,2,3146.5,38,4,3146.6,64,5,3146.7,13,1,3146.8,148,4,3146.9,140,1
2031,2026-06-16 13:40:27+05:30,3145.9,1,3132.3,2555864,127407.0,198847.0,3163.0,3163.0,3108.0,3134.3,32005600,3447.7,2820.9,3839.9,2896.0,3146.0,1,1,3145.9,116,3,3145.4,65,1,3145.3,919,3,3145.2,3,1,3146.5,13,2,3146.6,24,2,3146.7,13,1,3146.8,81,3,3146.9,205,3
2031,2026-06-16 13:40:28+05:30,3145.9,1,3132.3,2555864,127407.0,198847.0,3163.0,3163.0,3108.0,3134.3,32005600,3447.7,2820.9,3839.9,2896.0,3146.0,1,1,3145.9,116,3,3145.4,65,1,3145.3,919,3,3145.2,3,1,3146.5,13,2,3146.6,24,2,3146.7,13,1,3146.8,81,3,3146.9,205,3
2031,2026-06-16 13:40:28+05:30,3146.5,1,3132.3,2555865,127365.0,198718.0,3163.0,3163.0,3108.0,3134.3,32005600,3447.7,2820.9,3839.9,2896.0,3146.0,1,1,3145.9,116,3,3145.4,65,1,3145.3,919,3,3145.2,7,3,3146.5,27,2,3146.6,12,1,3146.7,13,1,3146.8,77,2,3146.9,33,1
2031,2026-06-16 13:40:29+05:30,3146.5,1,3132.3,2555865,127365.0,198718.0,3163.0,3163.0,3108.0,3134.3,32005600,3447.7,2820.9,3839.9,2896.0,3146.0,1,1,3145.9,116,3,3145.4,65,1,3145.3,919,3,3145.2,7,3,3146.5,27,2,3146.6,12,1,3146.7,13,1,3146.8,77,2,3146.9,33,1
2031,2026-06-16 13:40:29+05:30,3146.5,1,3132.3,2555865,127406.0,198759.0,3163.0,3163.0,3108.0,3134.3,32005600,3447.7,2820.9,3839.9,2896.0,3146.0,1,1,3145.9,116,3,3145.4,65,1,3145.3,919,3,3145.2,7,3,3146.5,81,5,3146.7,13,1,3146.8,77,2,3146.9,62,2,3147.0,427,8
2031,2026-06-16 13:40:30+05:30,3146.5,1,3132.3,2555865,127406.0,198759.0,3163.0,3163.0,3108.0,3134.3,32005600,3447.7,2820.9,3839.9,2896.0,3146.0,1,1,3145.9,116,3,3145.4,65,1,3145.3,919,3,3145.2,7,3,3146.5,81,5,3146.7,13,1,3146.8,77,2,3146.9,62,2,3147.0,427,8
2031,2026-06-16 13:40:30+05:30,3146.5,1,3132.3,2555865,127406.0,198759.0,3163.0,3163.0,3108.0,3134.3,32005600,3447.7,2820.9,3839.9,2896.0,3146.0,1,1,3145.9,116,3,3145.4,65,1,3145.3,919,3,3145.2,7,3,3146.5,81,5,3146.7,13,1,3146.8,77,2,3146.9,62,2,3147.0,427,8
2031,2026-06-16 13:40:30+05:30,3146.5,33,3132.3,2556035,127026.0,198628.0,3163.0,3163.0,3108.0,3134.3,32005600,3447.7,2820.9,3839.9,2896.0,3146.3,2,2,3146.0,6,3,3145.9,116,3,3145.6,3,1,3145.5,21,1,3146.5,4,1,3146.6,39,2,3146.7,29,2,3146.8,71,2,3147.0,453,9
2031,2026-06-16 13:40:30+05:30,3146.5,33,3132.3,2556035,127026.0,198628.0,3163.0,3163.0,3108.0,3134.3,32005600,3447.7,2820.9,3839.9,2896.0,3146.3,2,2,3146.0,6,3,3145.9,116,3,3145.6,3,1,3145.5,21,1,3146.5,4,1,3146.6,39,2,3146.7,29,2,3146.8,71,2,3147.0,453,9
2031,2026-06-16 13:40:31+05:30,3146.5,33,3132.3,2556035,127026.0,198628.0,3163.0,3163.0,3108.0,3134.3,32005600,3447.7,2820.9,3839.9,2896.0,3146.3,2,2,3146.0,6,3,3145.9,116,3,3145.6,3,1,3145.5,21,1,3146.5,4,1,3146.6,39,2,3146.7,29,2,3146.8,71,2,3147.0,453,9
2031,2026-06-16 13:40:31+05:30,3146.5,33,3132.3,2556035,127026.0,198628.0,3163.0,3163.0,3108.0,3134.3,32005600,3447.7,2820.9,3839.9,2896.0,3146.3,2,2,3146.0,6,3,3145.9,116,3,3145.6,3,1,3145.5,21,1,3146.5,4,1,3146.6,39,2,3146.7,29,2,3146.8,71,2,3147.0,453,9
2031,2026-06-16 13:40:31+05:30,3145.9,12,3132.3,2556235,126952.0,199131.0,3163.0,3163.0,3108.0,3134.3,32005600,3447.7,2820.9,3839.9,2896.0,3145.9,15,3,3145.5,21,1,3145.3,915,2,3145.1,38,2,3145.0,30,3,3146.5,12,1,3146.6,34,3,3146.7,65,4,3146.8,71,2,3146.9,52,3
2031,2026-06-16 13:40:31+05:30,3145.9,12,3132.3,2556235,126952.0,199131.0,3163.0,3163.0,3108.0,3134.3,32005600,3447.7,2820.9,3839.9,2896.0,3145.9,15,3,3145.5,21,1,3145.3,915,2,3145.1,38,2,3145.0,30,3,3146.5,12,1,3146.6,34,3,3146.7,65,4,3146.8,71,2,3146.9,52,3
2031,2026-06-16 13:40:32+05:30,3145.9,12,3132.3,2556235,126952.0,199131.0,3163.0,3163.0,3108.0,3134.3,32005600,3447.7,2820.9,3839.9,2896.0,3145.9,15,3,3145.5,21,1,3145.3,915,2,3145.1,38,2,3145.0,30,3,3146.5,12,1,3146.6,34,3,3146.7,65,4,3146.8,71,2,3146.9,52,3
2031,2026-06-16 13:40:32+05:30,3145.9,12,3132.3,2556235,126952.0,199131.0,3163.0,3163.0,3108.0,3134.3,32005600,3447.7,2820.9,3839.9,2896.0,3145.9,15,3,3145.5,21,1,3145.3,915,2,3145.1,38,2,3145.0,30,3,3146.5,12,1,3146.6,34,3,3146.7,65,4,3146.8,71,2,3146.9,52,3
2031,2026-06-16 13:40:32+05:30,3145.9,12,3132.3,2556235,127220.0,199160.0,3163.0,3163.0,3108.0,3134.3,32005600,3447.7,2820.9,3839.9,2896.0,3146.0,5,2,3145.9,52,4,3145.6,4,1,3145.5,21,1,3145.4,174,1,3146.6,34,3,3146.7,37,3,3146.9,26,1,3147.0,544,11,3147.1,140,5
2031,2026-06-16 13:40:33+05:30,3145.9,12,3132.3,2556235,127220.0,199160.0,3163.0,3163.0,3108.0,3134.3,32005600,3447.7,2820.9,3839.9,2896.0,3146.0,5,2,3145.9,52,4,3145.6,4,1,3145.5,21,1,3145.4,174,1,3146.6,34,3,3146.7,37,3,3146.9,26,1,3147.0,544,11,3147.1,140,5
2031,2026-06-16 13:40:33+05:30,3145.9,12,3132.3,2556235,127556.0,198160.0,3163.0,3163.0,3108.0,3134.3,32005600,3447.7,2820.9,3839.9,2896.0,3146.1,10,1,3146.0,108,7,3145.9,73,7,3145.8,17,1,3145.7,13,1,3146.6,1,1,3147.0,143,4,3147.1,32,1,3147.4,264,3,3147.5,156,2
2031,2026-06-16 13:40:34+05:30,3145.9,12,3132.3,2556235,127556.0,198160.0,3163.0,3163.0,3108.0,3134.3,32005600,3447.7,2820.9,3839.9,2896.0,3146.1,10,1,3146.0,108,7,3145.9,73,7,3145.8,17,1,3145.7,13,1,3146.6,1,1,3147.0,143,4,3147.1,32,1,3147.4,264,3,3147.5,156,2
2031,2026-06-16 13:40:34+05:30,3147.0,34,3132.3,2556235,127556.0,198160.0,3163.0,3163.0,3108.0,3134.3,32005600,3447.7,2820.9,3839.9,2896.0,3146.1,10,1,3146.0,108,7,3145.9,73,7,3145.8,17,1,3145.7,13,1,3146.6,1,1,3147.0,143,4,3147.1,32,1,3147.4,264,3,3147.5,156,2
2031,2026-06-16 13:40:34+05:30,3147.0,1,3132.3,2556275,127939.0,198233.0,3163.0,3163.0,3108.0,3134.3,32005600,3447.7,2820.9,3839.9,2896.0,3146.1,27,2,3146.0,107,7,3145.9,84,6,3145.8,78,3,3145.7,48,4,3147.0,108,4,3147.1,32,1,3147.4,244,2,3147.5,156,2,3147.6,250,4
2031,2026-06-16 13:40:34+05:30,3147.0,1,3132.3,2556275,127939.0,198233.0,3163.0,3163.0,3108.0,3134.3,32005600,3447.7,2820.9,3839.9,2896.0,3146.1,27,2,3146.0,107,7,3145.9,84,6,3145.8,78,3,3145.7,48,4,3147.0,108,4,3147.1,32,1,3147.4,244,2,3147.5,156,2,3147.6,250,4
2031,2026-06-16 13:40:35+05:30,3147.0,1,3132.3,2556275,127939.0,198233.0,3163.0,3163.0,3108.0,3134.3,32005600,3447.7,2820.9,3839.9,2896.0,3146.1,27,2,3146.0,107,7,3145.9,84,6,3145.8,78,3,3145.7,48,4,3147.0,108,4,3147.1,32,1,3147.4,244,2,3147.5,156,2,3147.6,250,4
2031,2026-06-16 13:40:35+05:30,3147.0,1,3132.3,2556275,127939.0,198233.0,3163.0,3163.0,3108.0,3134.3,32005600,3447.7,2820.9,3839.9,2896.0,3146.1,27,2,3146.0,107,7,3145.9,84,6,3145.8,78,3,3145.7,48,4,3147.0,108,4,3147.1,32,1,3147.4,244,2,3147.5,156,2,3147.6,250,4
2031,2026-06-16 13:40:35+05:30,3147.0,1,3132.3,2556275,127884.0,198093.0,3163.0,3163.0,3108.0,3134.3,32005600,3447.7,2820.9,3839.9,2896.0,3146.1,71,3,3146.0,90,6,3145.9,71,5,3145.8,46,3,3145.7,26,2,3146.5,1,1,3147.0,108,4,3147.1,32,1,3147.3,200,1,3147.4,44,1
2031,2026-06-16 13:40:36+05:30,3147.0,1,3132.3,2556275,127884.0,198093.0,3163.0,3163.0,3108.0,3134.3,32005600,3447.7,2820.9,3839.9,2896.0,3146.1,71,3,3146.0,90,6,3145.9,71,5,3145.8,46,3,3145.7,26,2,3146.5,1,1,3147.0,108,4,3147.1,32,1,3147.3,200,1,3147.4,44,1
2031,2026-06-16 13:40:36+05:30,3146.1,10,3132.3,2556275,127884.0,198093.0,3163.0,3163.0,3108.0,3134.3,32005600,3447.7,2820.9,3839.9,2896.0,3146.1,71,3,3146.0,90,6,3145.9,71,5,3145.8,46,3,3145.7,26,2,3146.5,1,1,3147.0,108,4,3147.1,32,1,3147.3,200,1,3147.4,44,1
2031,2026-06-16 13:40:36+05:30,3146.1,13,3132.3,2556298,127854.0,198096.0,3163.0,3163.0,3108.0,3134.3,32005600,3447.7,2820.9,3839.9,2896.0,3146.1,48,2,3146.0,97,7,3145.9,71,5,3145.8,46,3,3145.7,26,2,3146.5,1,1,3147.0,108,4,3147.1,32,1,3147.3,200,1,3147.4,44,1
2031,2026-06-16 13:40:37+05:30,3146.1,13,3132.3,2556298,127854.0,198096.0,3163.0,3163.0,3108.0,3134.3,32005600,3447.7,2820.9,3839.9,2896.0,3146.1,48,2,3146.0,97,7,3145.9,71,5,3145.8,46,3,3145.7,26,2,3146.5,1,1,3147.0,108,4,3147.1,32,1,3147.3,200,1,3147.4,44,1
2031,2026-06-16 13:40:37+05:30,3146.5,1,3132.3,2556298,127854.0,198096.0,3163.0,3163.0,3108.0,3134.3,32005600,3447.7,2820.9,3839.9,2896.0,3146.1,48,2,3146.0,97,7,3145.9,71,5,3145.8,46,3,3145.7,26,2,3146.5,1,1,3147.0,108,4,3147.1,32,1,3147.3,200,1,3147.4,44,1
2031,2026-06-16 13:40:37+05:30,3146.5,1,3132.3,2556299,128234.0,198164.0,3163.0,3163.0,3108.0,3134.3,32005600,3447.7,2820.9,3839.9,2896.0,3146.4,17,1,3146.1,44,1,3146.0,90,6,3145.9,66,4,3145.8,29,2,3146.5,1,1,3147.0,108,4,3147.1,32,1,3147.4,244,2,3147.5,173,3
2031,2026-06-16 13:40:38+05:30,3146.5,1,3132.3,2556299,128234.0,198164.0,3163.0,3163.0,3108.0,3134.3,32005800,3447.7,2820.9,3839.9,2896.0,3146.4,17,1,3146.1,44,1,3146.0,90,6,3145.9,66,4,3145.8,29,2,3146.5,1,1,3147.0,108,4,3147.1,32,1,3147.4,244,2,3147.5,173,3
2031,2026-06-16 13:40:38+05:30,3146.5,1,3132.3,2556299,128234.0,198164.0,3163.0,3163.0,3108.0,3134.3,32005800,3447.7,2820.9,3839.9,2896.0,3146.4,17,1,3146.1,44,1,3146.0,90,6,3145.9,66,4,3145.8,29,2,3146.5,1,1,3147.0,108,4,3147.1,32,1,3147.4,244,2,3147.5,173,3
2031,2026-06-16 13:40:38+05:30,3146.5,1,3132.3,2556300,128438.0,197882.0,3163.0,3163.0,3108.0,3134.3,32005800,3447.7,2820.9,3839.9,2896.0,3146.7,2,1,3146.5,23,3,3146.2,3,1,3146.1,62,2,3146.0,71,4,3147.0,95,3,3147.1,32,1,3147.4,244,2,3147.5,119,3,3147.6,200,1
2031,2026-06-16 13:40:39+05:30,3147.0,1,3132.3,2556300,128438.0,197882.0,3163.0,3163.0,3108.0,3134.3,32005800,3447.7,2820.9,3839.9,2896.0,3146.7,2,1,3146.5,23,3,3146.2,3,1,3146.1,62,2,3146.0,71,4,3147.0,95,3,3147.1,32,1,3147.4,244,2,3147.5,119,3,3147.6,200,1
2031,2026-06-16 13:40:39+05:30,3147.0,1,3132.3,2556301,128178.0,197662.0,3163.0,3163.0,3108.0,3134.3,32005800,3447.7,2820.9,3839.9,2896.0,3146.7,59,3,3146.5,7,1,3146.2,3,1,3146.1,18,1,3146.0,28,3,3147.0,94,3,3147.1,32,1,3147.3,200,1,3147.4,44,1,3147.5,329,3
2031,2026-06-16 13:40:40+05:30,3146.7,6,3132.3,2556301,128178.0,197662.0,3163.0,3163.0,3108.0,3134.3,32005800,3447.7,2820.9,3839.9,2896.0,3146.7,59,3,3146.5,7,1,3146.2,3,1,3146.1,18,1,3146.0,28,3,3147.0,94,3,3147.1,32,1,3147.3,200,1,3147.4,44,1,3147.5,329,3
2031,2026-06-16 13:40:40+05:30,3146.7,6,3132.31,2556501,127950.0,198064.0,3163.0,3163.0,3108.0,3134.3,32005800,3447.7,2820.9,3839.9,2896.0,3146.7,20,2,3146.5,7,1,3146.1,18,1,3146.0,11,2,3145.9,25,3,3146.9,31,3,3147.0,203,9,3147.1,64,3,3147.2,110,3,3147.3,57,2
2031,2026-06-16 13:40:41+05:30,3146.9,24,3132.31,2556708,127086.0,198360.0,3163.0,3163.0,3108.0,3134.3,32005800,3447.7,2820.9,3839.9,2896.0,3146.0,11,2,3145.8,10,1,3145.5,21,1,3145.4,177,1,3145.3,915,2,3146.9,81,4,3147.0,239,12,3147.1,77,3,3147.2,118,4,3147.3,235,2
2031,2026-06-16 13:40:42+05:30,3146.7,2,3132.31,2556708,127086.0,198360.0,3163.0,3163.0,3108.0,3134.3,32005800,3447.7,2820.9,3839.9,2896.0,3146.0,11,2,3145.8,10,1,3145.5,21,1,3145.4,177,1,3145.3,915,2,3146.9,81,4,3147.0,239,12,3147.1,77,3,3147.2,118,4,3147.3,235,2
2031,2026-06-16 13:40:42+05:30,3146.7,2,3132.31,2556714,127076.0,198980.0,3163.0,3163.0,3108.0,3134.3,32005800,3447.7,2820.9,3839.9,2896.0,3146.0,11,2,3145.9,17,1,3145.8,10,1,3145.5,21,1,3145.3,934,4,3146.7,12,1,3146.8,31,3,3146.9,90,5,3147.0,182,10,3147.1,104,3
2031,2026-06-16 13:40:43+05:30,3146.7,1,3132.31,2556714,127076.0,198980.0,3163.0,3163.0,3108.0,3134.3,32005800,3447.7,2820.9,3839.9,2896.0,3146.0,11,2,3145.9,17,1,3145.8,10,1,3145.5,21,1,3145.3,934,4,3146.7,12,1,3146.8,31,3,3146.9,90,5,3147.0,182,10,3147.1,104,3
2031,2026-06-16 13:40:43+05:30,3146.7,1,3132.31,2556758,127221.0,198795.0,3163.0,3163.0,3108.0,3134.3,32005800,3447.7,2820.9,3839.9,2896.0,3146.0,11,2,3145.9,17,1,3145.8,10,1,3145.6,8,3,3145.5,37,2,3146.7,10,1,3146.9,60,4,3147.0,177,9,3147.1,76,2,3147.2,66,2
2031,2026-06-16 13:40:44+05:30,3146.2,1,3132.31,2556758,127221.0,198795.0,3163.0,3163.0,3108.0,3134.3,32005800,3447.7,2820.9,3839.9,2896.0,3146.0,11,2,3145.9,17,1,3145.8,10,1,3145.6,8,3,3145.5,37,2,3146.7,10,1,3146.9,60,4,3147.0,177,9,3147.1,76,2,3147.2,66,2
2031,2026-06-16 13:40:44+05:30,3146.8,8,3132.31,2557017,126759.0,198947.0,3163.0,3163.0,3108.0,3134.3,32005800,3447.7,2820.9,3839.9,2896.0,3146.0,4,1,3145.9,3,1,3145.8,10,1,3145.6,2,2,3145.5,37,2,3146.7,7,1,3146.8,16,2,3146.9,113,5,3147.0,148,6,3147.1,163,4
2031,2026-06-16 13:40:45+05:30,3145.5,139,3132.31,2557017,126759.0,198947.0,3163.0,3163.0,3108.0,3134.3,32005800,3447.7,2820.9,3839.9,2896.0,3146.0,4,1,3145.9,3,1,3145.8,10,1,3145.6,2,2,3145.5,37,2,3146.7,7,1,3146.8,16,2,3146.9,113,5,3147.0,148,6,3147.1,163,4
2031,2026-06-16 13:40:45+05:30,3145.5,139,3132.31,2557217,126980.0,198728.0,3163.0,3163.0,3108.0,3134.3,32005800,3447.7,2820.9,3839.9,2896.0,3146.4,2,2,3146.0,42,2,3145.6,1,1,3145.5,71,5,3145.4,299,8,3146.7,19,2,3146.8,16,2,3146.9,24,2,3147.0,198,5,3147.1,76,2
2031,2026-06-16 13:40:46+05:30,3146.0,3,3132.31,2557217,126980.0,198728.0,3163.0,3163.0,3108.0,3134.3,32005800,3447.7,2820.9,3839.9,2896.0,3146.4,2,2,3146.0,42,2,3145.6,1,1,3145.5,71,5,3145.4,299,8,3146.7,19,2,3146.8,16,2,3146.9,24,2,3147.0,198,5,3147.1,76,2
2031,2026-06-16 13:40:46+05:30,3146.0,3,3132.31,2557267,126972.0,198325.0,3163.0,3163.0,3108.0,3134.3,32005800,3447.7,2820.9,3839.9,2896.0,3146.0,4,2,3145.9,16,1,3145.7,17,2,3145.6,18,3,3145.5,85,4,3146.2,1,1,3146.7,8,2,3147.0,96,4,3147.1,32,1,3147.3,146,1
2031,2026-06-16 13:40:47+05:30,3146.7,33,3132.31,2557267,126972.0,198325.0,3163.0,3163.0,3108.0,3134.3,32005800,3447.7,2820.9,3839.9,2896.0,3146.0,4,2,3145.9,16,1,3145.7,17,2,3145.6,18,3,3145.5,85,4,3146.2,1,1,3146.7,8,2,3147.0,96,4,3147.1,32,1,3147.3,146,1
2031,2026-06-16 13:40:47+05:30,3146.7,33,3132.31,2557317,127184.0,198513.0,3163.0,3163.0,3108.0,3134.3,32005800,3447.7,2820.9,3839.9,2896.0,3146.0,4,2,3145.9,16,1,3145.7,33,3,3145.6,3,2,3145.5,253,4,3146.7,10,1,3147.0,1096,5,3147.1,32,1,3147.3,49,1,3147.4,265,3
2031,2026-06-16 13:40:48+05:30,3146.7,33,3132.31,2557317,127234.0,198793.0,3163.0,3163.0,3108.0,3134.3,32005800,3447.7,2820.9,3839.9,2896.0,3146.0,4,2,3145.7,3,1,3145.6,2,1,3145.5,44,1,3145.4,41,4,3146.2,1,1,3146.7,5,1,3146.9,129,1,3147.0,1096,5,3147.1,76,2
2031,2026-06-16 13:40:49+05:30,3146.2,1,3132.31,2557318,127249.0,198929.0,3163.0,3163.0,3108.0,3134.3,32005800,3447.7,2820.9,3839.9,2896.0,3146.0,4,2,3145.7,3,1,3145.6,2,1,3145.4,141,5,3145.3,916,2,3146.6,24,2,3146.7,5,1,3147.0,1113,6,3147.1,78,3,3147.2,289,4
2031,2026-06-16 13:40:50+05:30,3146.6,5,3132.31,2557318,127249.0,198929.0,3163.0,3163.0,3108.0,3134.3,32005800,3447.7,2820.9,3839.9,2896.0,3146.0,4,2,3145.7,3,1,3145.6,2,1,3145.4,141,5,3145.3,916,2,3146.6,24,2,3146.7,5,1,3147.0,1113,6,3147.1,78,3,3147.2,289,4
2031,2026-06-16 13:40:50+05:30,3146.6,5,3132.31,2557324,128037.0,198689.0,3163.0,3163.0,3108.0,3134.3,32005800,3447.7,2820.9,3839.9,2896.0,3146.3,1,1,3146.0,5,3,3145.9,33,2,3145.7,3,1,3145.6,65,2,3146.6,26,3,3146.7,5,1,3147.0,1096,5,3147.1,76,2,3147.2,4,2
2031,2026-06-16 13:40:51+05:30,3146.6,5,3132.31,2557335,128036.0,198811.0,3163.0,3163.0,3108.0,3134.3,32005800,3447.7,2820.9,3839.9,2896.0,3146.3,1,1,3146.0,5,3,3145.9,33,2,3145.7,3,1,3145.6,65,2,3146.6,17,2,3147.0,1096,5,3147.1,76,2,3147.2,4,2,3147.3,251,4
2031,2026-06-16 13:40:52+05:30,3146.6,5,3132.31,2557335,128036.0,198811.0,3163.0,3163.0,3108.0,3134.3,32005800,3447.7,2820.9,3839.9,2896.0,3146.3,1,1,3146.0,5,3,3145.9,33,2,3145.7,3,1,3145.6,65,2,3146.6,17,2,3147.0,1096,5,3147.1,76,2,3147.2,4,2,3147.3,251,4
2031,2026-06-16 13:40:52+05:30,3146.6,5,3132.31,2557335,128121.0,198805.0,3163.0,3163.0,3108.0,3134.3,32005800,3447.7,2820.9,3839.9,2896.0,3146.3,1,1,3146.1,18,1,3146.0,5,3,3145.9,16,1,3145.7,3,1,3146.6,31,4,3147.0,1096,5,3147.1,76,2,3147.2,4,2,3147.3,234,3
2031,2026-06-16 13:40:53+05:30,3146.3,1,3132.31,2557335,128121.0,198805.0,3163.0,3163.0,3108.0,3134.3,32005800,3447.7,2820.9,3839.9,2896.0,3146.3,1,1,3146.1,18,1,3146.0,5,3,3145.9,16,1,3145.7,3,1,3146.6,31,4,3147.0,1096,5,3147.1,76,2,3147.2,4,2,3147.3,234,3
2031,2026-06-16 13:40:53+05:30,3146.3,1,3132.31,2557336,128058.0,198891.0,3163.0,3163.0,3108.0,3134.3,32005800,3447.7,2820.9,3839.9,2896.0,3146.1,18,1,3146.0,5,3,3145.9,16,1,3145.7,3,1,3145.6,3,2,3146.6,31,4,3147.0,1096,5,3147.1,76,2,3147.2,19,2,3147.3,236,4
2031,2026-06-16 13:40:54+05:30,3146.3,1,3132.31,2557336,128074.0,198899.0,3163.0,3163.0,3108.0,3134.3,32005800,3447.7,2820.9,3839.9,2896.0,3146.3,1,1,3146.1,18,1,3146.0,5,3,3145.9,16,1,3145.7,3,1,3146.6,43,5,3147.0,1096,5,3147.1,78,3,3147.2,19,2,3147.3,234,3
2031,2026-06-16 13:40:55+05:30,3146.6,1,3132.31,2557336,128074.0,198899.0,3163.0,3163.0,3108.0,3134.3,32005800,3447.7,2820.9,3839.9,2896.0,3146.3,1,1,3146.1,18,1,3146.0,5,3,3145.9,16,1,3145.7,3,1,3146.6,43,5,3147.0,1096,5,3147.1,78,3,3147.2,19,2,3147.3,234,3
2031,2026-06-16 13:40:55+05:30,3146.6,1,3132.31,2557339,127771.0,198996.0,3163.0,3163.0,3108.0,3134.3,32005800,3447.7,2820.9,3839.9,2896.0,3146.1,17,1,3146.0,5,3,3145.9,16,1,3145.7,3,1,3145.6,1,1,3146.6,42,5,3146.8,2,1,3147.0,1096,5,3147.1,78,3,3147.2,56,3
2031,2026-06-16 13:40:56+05:30,3146.1,9,3132.31,2557339,127771.0,198996.0,3163.0,3163.0,3108.0,3134.3,32005800,3447.7,2820.9,3839.9,2896.0,3146.1,17,1,3146.0,5,3,3145.9,16,1,3145.7,3,1,3145.6,1,1,3146.6,42,5,3146.8,2,1,3147.0,1096,5,3147.1,78,3,3147.2,56,3
2031,2026-06-16 13:40:56+05:30,3146.1,9,3132.31,2557349,127837.0,198944.0,3163.0,3163.0,3108.0,3134.3,32005800,3447.7,2820.9,3839.9,2896.0,3146.5,17,1,3146.1,16,1,3146.0,5,3,3145.9,16,1,3145.7,3,1,3146.6,53,6,3146.8,2,1,3147.0,1096,5,3147.1,76,2,3147.2,58,4
2031,2026-06-16 13:40:57+05:30,3146.1,32,3132.31,2557349,127837.0,198944.0,3163.0,3163.0,3108.0,3134.3,32005800,3447.7,2820.9,3839.9,2896.0,3146.5,17,1,3146.1,16,1,3146.0,5,3,3145.9,16,1,3145.7,3,1,3146.6,53,6,3146.8,2,1,3147.0,1096,5,3147.1,76,2,3147.2,58,4
2031,2026-06-16 13:40:57+05:30,3146.1,32,3132.31,2557549,127178.0,199324.0,3163.0,3163.0,3108.0,3134.3,32005800,3447.7,2820.9,3839.9,2896.0,3146.1,15,1,3146.0,5,3,3145.7,3,1,3145.6,1,1,3145.5,20,1,3146.5,24,2,3146.6,116,7,3146.7,4,1,3146.8,68,3,3146.9,72,2
2031,2026-06-16 13:40:58+05:30,3146.1,32,3132.31,2557549,127398.0,199428.0,3163.0,3163.0,3108.0,3134.3,32005800,3447.7,2820.9,3839.9,2896.0,3146.1,15,1,3146.0,5,3,3145.7,3,1,3145.6,1,1,3145.5,20,1,3146.4,12,1,3146.5,28,3,3146.6,146,9,3146.7,28,1,3146.8,57,3
2031,2026-06-16 13:40:59+05:30,3146.5,2,3132.31,2557549,127398.0,199428.0,3163.0,3163.0,3108.0,3134.3,32005800,3447.7,2820.9,3839.9,2896.0,3146.1,15,1,3146.0,5,3,3145.7,3,1,3145.6,1,1,3145.5,20,1,3146.4,12,1,3146.5,28,3,3146.6,146,9,3146.7,28,1,3146.8,57,3
2031,2026-06-16 13:40:59+05:30,3146.5,2,3132.31,2557571,127417.0,199415.0,3163.0,3163.0,3108.0,3134.3,32005800,3447.7,2820.9,3839.9,2896.0,3146.1,15,1,3146.0,5,3,3145.6,1,1,3145.5,175,2,3145.4,117,2,3146.5,16,2,3146.6,68,4,3146.7,21,1,3146.8,2,1,3146.9,28,1
2031,2026-06-16 13:41:00+05:30,3146.5,1,3132.31,2557571,127417.0,199415.0,3163.0,3163.0,3108.0,3134.3,32005800,3447.7,2820.9,3839.9,2896.0,3146.1,15,1,3146.0,5,3,3145.6,1,1,3145.5,175,2,3145.4,117,2,3146.5,16,2,3146.6,68,4,3146.7,21,1,3146.8,2,1,3146.9,28,1
2031,2026-06-16 13:41:00+05:30,3146.5,1,3132.31,2557572,127233.0,199259.0,3163.0,3163.0,3108.0,3134.3,32005800,3447.7,2820.9,3839.9,2896.0,3146.3,2,2,3146.1,22,3,3146.0,5,3,3145.6,1,1,3145.5,23,2,3146.5,19,3,3146.6,68,4,3146.7,21,1,3146.8,30,2,3146.9,66,2
2031,2026-06-16 13:41:01+05:30,3146.5,1,3132.31,2557572,127789.0,199022.0,3163.0,3163.0,3108.0,3134.3,32005800,3447.7,2820.9,3839.9,2896.0,3146.3,2,2,3146.1,22,3,3146.0,5,3,3145.6,1,1,3145.5,23,2,3146.5,8,2,3146.6,44,2,3146.8,2,1,3147.0,1126,7,3147.1,328,5
2031,2026-06-16 13:41:02+05:30,3146.3,1,3132.31,2557572,127789.0,199022.0,3163.0,3163.0,3108.0,3134.3,32005800,3447.7,2820.9,3839.9,2896.0,3146.3,2,2,3146.1,22,3,3146.0,5,3,3145.6,1,1,3145.5,23,2,3146.5,8,2,3146.6,44,2,3146.8,2,1,3147.0,1126,7,3147.1,328,5
2031,2026-06-16 13:41:02+05:30,3146.3,1,3132.31,2557574,127781.0,199050.0,3163.0,3163.0,3108.0,3134.3,32005800,3447.7,2820.9,3839.9,2896.0,3146.3,2,2,3146.1,22,3,3146.0,5,3,3145.6,1,1,3145.5,23,2,3146.5,8,2,3146.6,44,2,3146.8,2,1,3147.0,1124,6,3147.1,330,6
2031,2026-06-16 13:41:03+05:30,3146.6,44,3132.31,2557574,127781.0,199050.0,3163.0,3163.0,3108.0,3134.3,32005800,3447.7,2820.9,3839.9,2896.0,3146.3,2,2,3146.1,22,3,3146.0,5,3,3145.6,1,1,3145.5,23,2,3146.5,8,2,3146.6,44,2,3146.8,2,1,3147.0,1124,6,3147.1,330,6
2031,2026-06-16 13:41:03+05:30,3146.6,44,3132.31,2557640,128541.0,198759.0,3163.0,3163.0,3108.0,3134.3,32005800,3447.7,2820.9,3839.9,2896.0,3146.1,19,3,3146.0,25,5,3145.9,19,2,3145.8,214,3,3145.7,33,2,3146.8,2,1,3147.0,1096,5,3147.1,32,1,3147.3,207,3,3147.4,83,2
2031,2026-06-16 13:41:04+05:30,3146.6,44,3132.31,2557640,128165.0,198797.0,3163.0,3163.0,3108.0,3134.3,32005800,3447.7,2820.9,3839.9,2896.0,3146.4,18,1,3146.1,7,2,3146.0,5,3,3145.9,3,1,3145.8,10,1,3146.8,3,2,3147.0,1096,5,3147.1,32,1,3147.3,209,4,3147.4,111,3
2031,2026-06-16 13:41:05+05:30,3147.0,4,3132.31,2557647,128602.0,198516.0,3163.0,3163.0,3108.0,3134.3,32005800,3447.7,2820.9,3839.9,2896.0,3146.9,1,1,3146.4,18,1,3146.1,14,4,3146.0,21,4,3145.9,84,2,3147.0,1092,5,3147.1,32,1,3147.3,200,1,3147.4,44,1,3147.5,500,3
2031,2026-06-16 13:41:06+05:30,3146.5,10,3132.31,2557647,128602.0,198516.0,3163.0,3163.0,3108.0,3134.3,32005800,3447.7,2820.9,3839.9,2896.0,3146.9,1,1,3146.4,18,1,3146.1,14,4,3146.0,21,4,3145.9,84,2,3147.0,1092,5,3147.1,32,1,3147.3,200,1,3147.4,44,1,3147.5,500,3
2031,2026-06-16 13:41:06+05:30,3146.7,164,3132.31,2557822,128019.0,198920.0,3163.0,3163.0,3108.0,3134.3,32005800,3447.7,2820.9,3839.9,2896.0,3146.1,23,3,3146.0,5,3,3145.7,16,1,3145.6,62,2,3145.5,90,4,3146.6,36,1,3146.9,140,1,3147.0,1104,6,3147.1,34,2,3147.2,244,2
2031,2026-06-16 13:41:07+05:30,3146.7,164,3132.31,2557822,128019.0,198920.0,3163.0,3163.0,3108.0,3134.3,32005800,3447.7,2820.9,3839.9,2896.0,3146.1,23,3,3146.0,5,3,3145.7,16,1,3145.6,62,2,3145.5,90,4,3146.6,36,1,3146.9,140,1,3147.0,1104,6,3147.1,34,2,3147.2,244,2
2031,2026-06-16 13:41:07+05:30,3146.6,17,3132.31,2557839,127912.0,198980.0,3163.0,3163.0,3108.0,3134.3,32005800,3447.7,2820.9,3839.9,2896.0,3146.1,23,3,3146.0,5,3,3145.7,35,3,3145.6,62,2,3145.5,128,4,3146.6,19,1,3147.0,1119,8,3147.1,32,1,3147.2,44,1,3147.3,200,1
2031,2026-06-16 13:41:08+05:30,3146.6,17,3132.31,2557839,127912.0,198980.0,3163.0,3163.0,3108.0,3134.3,32005800,3447.7,2820.9,3839.9,2896.0,3146.1,23,3,3146.0,5,3,3145.7,35,3,3145.6,62,2,3145.5,128,4,3146.6,19,1,3147.0,1119,8,3147.1,32,1,3147.2,44,1,3147.3,200,1
2031,2026-06-16 13:41:08+05:30,3146.6,17,3132.31,2557839,127945.0,199168.0,3163.0,3163.0,3108.0,3134.3,32005800,3447.7,2820.9,3839.9,2896.0,3146.1,56,3,3146.0,5,3,3145.7,35,3,3145.6,62,2,3145.5,128,4,3146.6,32,2,3146.9,123,1,3147.0,1107,7,3147.1,32,1,3147.2,44,1
2031,2026-06-16 13:41:09+05:30,3146.6,1,3132.31,2557839,127945.0,199168.0,3163.0,3163.0,3108.0,3134.3,32005800,3447.7,2820.9,3839.9,2896.0,3146.1,56,3,3146.0,5,3,3145.7,35,3,3145.6,62,2,3145.5,128,4,3146.6,32,2,3146.9,123,1,3147.0,1107,7,3147.1,32,1,3147.2,44,1
2031,2026-06-16 13:41:09+05:30,3146.6,1,3132.31,2558041,128133.0,199197.0,3163.0,3163.0,3108.0,3134.3,32005800,3447.7,2820.9,3839.9,2896.0,3146.1,9,2,3146.0,5,3,3145.6,1,1,3145.5,26,2,3145.4,100,1,3146.6,37,3,3146.9,73,2,3147.0,1109,8,3147.1,32,1,3147.2,126,4
2031,2026-06-16 13:41:10+05:30,3146.6,1,3132.31,2558042,128231.0,198986.0,3163.0,3163.0,3108.0,3134.3,32005800,3447.7,2820.9,3839.9,2896.0,3146.3,3,1,3146.1,8,1,3146.0,5,3,3145.7,3,1,3145.6,1,1,3146.6,36,3,3147.0,1107,7,3147.1,34,2,3147.2,99,3,3147.3,202,2
2031,2026-06-16 13:41:10+05:30,3146.6,1,3132.31,2558042,128231.0,198986.0,3163.0,3163.0,3108.0,3134.3,32005800,3447.7,2820.9,3839.9,2896.0,3146.3,3,1,3146.1,8,1,3146.0,5,3,3145.7,3,1,3145.6,1,1,3146.6,36,3,3147.0,1107,7,3147.1,34,2,3147.2,99,3,3147.3,202,2
2031,2026-06-16 13:41:11+05:30,3146.3,2,3132.31,2558045,127604.0,199245.0,3163.0,3163.0,3108.0,3134.3,32005800,3447.7,2820.9,3839.9,2896.0,3146.3,1,1,3146.1,8,1,3146.0,5,3,3145.7,3,1,3145.6,1,1,3146.6,45,4,3147.0,1144,8,3147.1,34,2,3147.2,136,4,3147.3,229,3
2031,2026-06-16 13:41:11+05:30,3146.3,2,3132.31,2558045,127604.0,199245.0,3163.0,3163.0,3108.0,3134.3,32005800,3447.7,2820.9,3839.9,2896.0,3146.3,1,1,3146.1,8,1,3146.0,5,3,3145.7,3,1,3145.6,1,1,3146.6,45,4,3147.0,1144,8,3147.1,34,2,3147.2,136,4,3147.3,229,3
2031,2026-06-16 13:41:12+05:30,3146.6,4,3132.31,2558065,127573.0,199153.0,3163.0,3163.0,3108.0,3134.3,32005800,3447.7,2820.9,3839.9,2896.0,3146.3,3,2,3146.1,8,1,3146.0,5,3,3145.6,4,2,3145.5,35,2,3146.6,25,3,3147.0,1109,8,3147.1,32,1,3147.2,136,4,3147.3,229,3
2031,2026-06-16 13:41:12+05:30,3146.6,4,3132.31,2558065,127573.0,199153.0,3163.0,3163.0,3108.0,3134.3,32005800,3447.7,2820.9,3839.9,2896.0,3146.3,3,2,3146.1,8,1,3146.0,5,3,3145.6,4,2,3145.5,35,2,3146.6,25,3,3147.0,1109,8,3147.1,32,1,3147.2,136,4,3147.3,229,3
2031,2026-06-16 13:41:13+05:30,3146.6,4,3132.31,2558065,127617.0,199071.0,3163.0,3163.0,3108.0,3134.3,32005800,3447.7,2820.9,3839.9,2896.0,3146.3,3,2,3146.1,24,2,3146.0,5,3,3145.6,4,2,3145.5,35,2,3146.6,25,3,3147.0,1097,6,3147.1,32,1,3147.2,301,5,3147.3,66,3
2031,2026-06-16 13:41:14+05:30,3146.6,4,3132.31,2558065,127786.0,198793.0,3163.0,3163.0,3108.0,3134.3,32005800,3447.7,2820.9,3839.9,2896.0,3146.4,17,1,3146.3,3,2,3146.1,15,1,3146.0,5,3,3145.6,97,5,3146.6,25,3,3147.0,1097,6,3147.1,32,1,3147.2,260,3,3147.3,2,1
2031,2026-06-16 13:41:15+05:30,3146.5,58,3132.31,2558173,127966.0,198627.0,3163.0,3163.0,3108.0,3134.3,32005800,3447.7,2820.9,3839.9,2896.0,3146.5,18,2,3146.3,2,1,3146.1,15,1,3146.0,5,3,3145.8,15,1,3146.6,15,1,3147.0,1097,6,3147.1,34,2,3147.2,216,2,3147.3,2,1
2031,2026-06-16 13:41:15+05:30,3146.6,2,3132.31,2558173,127966.0,198627.0,3163.0,3163.0,3108.0,3134.3,32005800,3447.7,2820.9,3839.9,2896.0,3146.5,18,2,3146.3,2,1,3146.1,15,1,3146.0,5,3,3145.8,15,1,3146.6,15,1,3147.0,1097,6,3147.1,34,2,3147.2,216,2,3147.3,2,1
2031,2026-06-16 13:41:16+05:30,3146.5,9,3132.31,2558189,127683.0,198854.0,3163.0,3163.0,3108.0,3134.3,32005800,3447.7,2820.9,3839.9,2896.0,3146.5,9,2,3146.3,16,2,3146.0,5,3,3145.6,4,2,3145.5,153,5,3146.6,27,3,3147.0,1092,5,3147.1,232,2,3147.2,96,3,3147.3,404,4
2031,2026-06-16 13:41:16+05:30,3146.5,9,3132.31,2558189,127683.0,198854.0,3163.0,3163.0,3108.0,3134.3,32005800,3447.7,2820.9,3839.9,2896.0,3146.5,9,2,3146.3,16,2,3146.0,5,3,3145.6,4,2,3145.5,153,5,3146.6,27,3,3147.0,1092,5,3147.1,232,2,3147.2,96,3,3147.3,404,4
2031,2026-06-16 13:41:17+05:30,3146.5,9,3132.31,2558189,127853.0,198853.0,3163.0,3163.0,3108.0,3134.3,32005800,3447.7,2820.9,3839.9,2896.0,3146.5,9,2,3146.3,16,2,3146.1,16,1,3146.0,5,3,3145.6,4,2,3146.6,27,3,3147.0,1092,5,3147.1,34,2,3147.2,260,3,3147.3,2,1
2031,2026-06-16 13:41:18+05:30,3146.5,5,3132.31,2558189,127853.0,198853.0,3163.0,3163.0,3108.0,3134.3,32005800,3447.7,2820.9,3839.9,2896.0,3146.6,16,1,3146.5,1,1,3146.3,16,2,3146.0,5,3,3145.8,15,1,3146.7,1,1,3146.9,23,2,3147.0,1092,5,3147.1,32,1,3147.2,244,2
2031,2026-06-16 13:41:18+05:30,3146.5,5,3132.31,2558207,128162.0,198882.0,3163.0,3163.0,3108.0,3134.3,32005800,3447.7,2820.9,3839.9,2896.0,3146.6,16,1,3146.5,1,1,3146.3,16,2,3146.0,5,3,3145.8,15,1,3146.7,1,1,3146.9,23,2,3147.0,1092,5,3147.1,32,1,3147.2,244,2
2031,2026-06-16 13:41:19+05:30,3146.9,2,3132.31,2558207,128162.0,198882.0,3163.0,3163.0,3108.0,3134.3,32005800,3447.7,2820.9,3839.9,2896.0,3146.6,16,1,3146.5,1,1,3146.3,16,2,3146.0,5,3,3145.8,15,1,3146.7,1,1,3146.9,23,2,3147.0,1092,5,3147.1,32,1,3147.2,244,2
2031,2026-06-16 13:41:19+05:30,3146.9,2,3132.31,2558207,128162.0,198882.0,3163.0,3163.0,3108.0,3134.3,32005800,3447.7,2820.9,3839.9,2896.0,3146.6,16,1,3146.5,1,1,3146.3,16,2,3146.0,5,3,3145.8,15,1,3146.7,1,1,3146.9,23,2,3147.0,1092,5,3147.1,32,1,3147.2,244,2
2031,2026-06-16 13:41:19+05:30,3146.9,2,3132.31,2558212,128283.0,198716.0,3163.0,3163.0,3108.0,3134.3,32005800,3447.7,2820.9,3839.9,2896.0,3146.7,16,1,3146.5,1,1,3146.3,16,2,3146.0,5,3,3145.8,15,1,3146.9,21,2,3147.0,1092,5,3147.1,32,1,3147.2,244,2,3147.3,2,1
2031,2026-06-16 13:41:20+05:30,3146.9,11,3132.31,2558212,128283.0,198716.0,3163.0,3163.0,3108.0,3134.3,32005800,3447.7,2820.9,3839.9,2896.0,3146.7,16,1,3146.5,1,1,3146.3,16,2,3146.0,5,3,3145.8,15,1,3146.9,21,2,3147.0,1092,5,3147.1,32,1,3147.2,244,2,3147.3,2,1
2031,2026-06-16 13:41:20+05:30,3146.9,11,3132.31,2558234,128473.0,198332.0,3163.0,3163.0,3108.0,3134.3,32005800,3447.7,2820.9,3839.9,2896.0,3146.9,16,1,3146.7,1,1,3146.5,32,3,3146.3,2,1,3146.0,5,3,3147.0,1092,5,3147.1,32,1,3147.2,200,1,3147.3,2,1,3147.4,444,3
2031,2026-06-16 13:41:21+05:30,3146.9,11,3132.31,2558234,128473.0,198332.0,3163.0,3163.0,3108.0,3134.3,32005800,3447.7,2820.9,3839.9,2896.0,3146.9,16,1,3146.7,1,1,3146.5,32,3,3146.3,2,1,3146.0,5,3,3147.0,1092,5,3147.1,32,1,3147.2,200,1,3147.3,2,1,3147.4,444,3
2031,2026-06-16 13:41:21+05:30,3147.0,11,3132.31,2558246,128726.0,198103.0,3163.0,3163.0,3108.0,3134.3,32005800,3447.7,2820.9,3839.9,2896.0,3146.9,16,1,3146.7,1,1,3146.5,32,3,3146.1,3,1,3146.0,15,4,3147.0,1109,6,3147.1,32,1,3147.2,200,1,3147.4,446,4,3147.5,244,4
2031,2026-06-16 13:41:22+05:30,3146.5,1,3132.31,2558246,128726.0,198103.0,3163.0,3163.0,3108.0,3134.3,32005800,3447.7,2820.9,3839.9,2896.0,3146.9,16,1,3146.7,1,1,3146.5,32,3,3146.1,3,1,3146.0,15,4,3147.0,1109,6,3147.1,32,1,3147.2,200,1,3147.4,446,4,3147.5,244,4
2031,2026-06-16 13:41:22+05:30,3146.5,1,3132.32,2558606,128294.0,198789.0,3163.0,3163.0,3108.0,3134.3,32005800,3447.7,2820.9,3839.9,2896.0,3146.3,16,1,3146.0,5,3,3145.8,15,1,3145.7,185,3,3145.6,58,5,3146.5,199,1,3146.9,22,3,3147.0,980,4,3147.1,44,3,3147.2,200,1
2031,2026-06-16 13:41:23+05:30,3146.5,1,3132.32,2558606,128294.0,198789.0,3163.0,3163.0,3108.0,3134.3,32005800,3447.7,2820.9,3839.9,2896.0,3146.3,16,1,3146.0,5,3,3145.8,15,1,3145.7,185,3,3145.6,58,5,3146.5,199,1,3146.9,22,3,3147.0,980,4,3147.1,44,3,3147.2,200,1
2031,2026-06-16 13:41:23+05:30,3146.5,36,3132.32,2558642,128156.0,199019.0,3163.0,3163.0,3108.0,3134.3,32005800,3447.7,2820.9,3839.9,2896.0,3146.3,56,3,3146.2,15,1,3146.1,5,1,3146.0,27,5,3145.9,8,1,3146.5,163,1,3147.0,1426,4,3147.1,32,1,3147.2,200,1,3147.4,444,3
2031,2026-06-16 13:41:24+05:30,3146.5,36,3132.32,2558642,128156.0,199019.0,3163.0,3163.0,3108.0,3134.3,32005800,3447.7,2820.9,3839.9,2896.0,3146.3,56,3,3146.2,15,1,3146.1,5,1,3146.0,27,5,3145.9,8,1,3146.5,163,1,3147.0,1426,4,3147.1,32,1,3147.2,200,1,3147.4,444,3
2031,2026-06-16 13:41:24+05:30,3146.5,36,3132.32,2558642,128336.0,198813.0,3163.0,3163.0,3108.0,3134.3,32005800,3447.7,2820.9,3839.9,2896.0,3146.3,53,2,3146.2,30,2,3146.1,5,1,3146.0,23,5,3145.9,8,1,3146.5,189,2,3147.0,1400,3,3147.1,32,1,3147.4,444,3,3147.5,215,3
2031,2026-06-16 13:41:25+05:30,3146.5,36,3132.32,2558642,128336.0,198813.0,3163.0,3163.0,3108.0,3134.3,32005800,3447.7,2820.9,3839.9,2896.0,3146.3,53,2,3146.2,30,2,3146.1,5,1,3146.0,23,5,3145.9,8,1,3146.5,189,2,3147.0,1400,3,3147.1,32,1,3147.4,444,3,3147.5,215,3
2031,2026-06-16 13:41:26+05:30,3146.5,36,3132.32,2558642,128336.0,198737.0,3163.0,3163.0,3108.0,3134.3,32005800,3447.7,2820.9,3839.9,2896.0,3146.3,53,2,3146.2,30,2,3146.1,5,1,3146.0,23,5,3145.9,8,1,3146.5,189,2,3147.0,1400,3,3147.1,32,1,3147.4,465,4,3147.5,215,3
2031,2026-06-16 13:41:26+05:30,3146.3,1,3132.32,2558642,128336.0,198737.0,3163.0,3163.0,3108.0,3134.3,32005800,3447.7,2820.9,3839.9,2896.0,3146.3,53,2,3146.2,30,2,3146.1,5,1,3146.0,23,5,3145.9,8,1,3146.5,189,2,3147.0,1400,3,3147.1,32,1,3147.4,465,4,3147.5,215,3
2031,2026-06-16 13:41:27+05:30,3146.5,1,3132.32,2558697,128511.0,198709.0,3163.0,3163.0,3108.0,3134.3,32005800,3447.7,2820.9,3839.9,2896.0,3146.3,15,1,3146.0,20,4,3145.8,68,3,3145.7,3,1,3145.6,85,8,3146.5,188,2,3147.0,1371,2,3147.1,32,1,3147.3,3,1,3147.4,467,5
2031,2026-06-16 13:41:27+05:30,3146.5,1,3132.32,2558697,128511.0,198709.0,3163.0,3163.0,3108.0,3134.3,32005800,3447.7,2820.9,3839.9,2896.0,3146.3,15,1,3146.0,20,4,3145.8,68,3,3145.7,3,1,3145.6,85,8,3146.5,188,2,3147.0,1371,2,3147.1,32,1,3147.3,3,1,3147.4,467,5
2031,2026-06-16 13:41:28+05:30,3146.5,1,3132.32,2558697,128433.0,198830.0,3163.0,3163.0,3108.0,3134.3,32005800,3447.7,2820.9,3839.9,2896.0,3146.3,15,1,3146.1,33,2,3146.0,20,4,3145.8,39,3,3145.7,3,1,3146.5,188,2,3147.0,1371,2,3147.1,76,2,3147.3,3,1,3147.4,467,5
2031,2026-06-16 13:41:28+05:30,3146.5,1,3132.32,2558697,128433.0,198830.0,3163.0,3163.0,3108.0,3134.3,32005800,3447.7,2820.9,3839.9,2896.0,3146.3,15,1,3146.1,33,2,3146.0,20,4,3145.8,39,3,3145.7,3,1,3146.5,188,2,3147.0,1371,2,3147.1,76,2,3147.3,3,1,3147.4,467,5
2031,2026-06-16 13:41:28+05:30,3146.1,24,3132.32,2558697,128433.0,198830.0,3163.0,3163.0,3108.0,3134.3,32005800,3447.7,2820.9,3839.9,2896.0,3146.3,15,1,3146.1,33,2,3146.0,20,4,3145.8,39,3,3145.7,3,1,3146.5,188,2,3147.0,1371,2,3147.1,76,2,3147.3,3,1,3147.4,467,5
2031,2026-06-16 13:41:29+05:30,3146.5,1,3132.32,2558898,128076.0,199188.0,3163.0,3163.0,3108.0,3134.3,32005800,3447.7,2820.9,3839.9,2896.0,3146.1,18,1,3146.0,5,3,3145.6,5,3,3145.5,50,3,3145.4,129,3,3146.5,187,2,3146.6,3,1,3146.9,100,1,3147.0,1378,4,3147.1,76,2
2031,2026-06-16 13:41:29+05:30,3146.1,2,3132.32,2558898,128076.0,199188.0,3163.0,3163.0,3108.0,3134.3,32005800,3447.7,2820.9,3839.9,2896.0,3146.1,18,1,3146.0,5,3,3145.6,5,3,3145.5,50,3,3145.4,129,3,3146.5,187,2,3146.6,3,1,3146.9,100,1,3147.0,1378,4,3147.1,76,2
2031,2026-06-16 13:41:29+05:30,3146.1,2,3132.32,2558898,128076.0,199188.0,3163.0,3163.0,3108.0,3134.3,32005800,3447.7,2820.9,3839.9,2896.0,3146.1,18,1,3146.0,5,3,3145.6,5,3,3145.5,50,3,3145.4,129,3,3146.5,187,2,3146.6,3,1,3146.9,100,1,3147.0,1378,4,3147.1,76,2
2031,2026-06-16 13:41:30+05:30,3146.1,2,3132.32,2558900,128435.0,199189.0,3163.0,3163.0,3108.0,3134.3,32005800,3447.7,2820.9,3839.9,2896.0,3146.1,21,2,3146.0,5,3,3145.7,30,2,3145.6,160,4,3145.5,79,3,3146.5,187,2,3146.6,3,1,3146.9,100,1,3147.0,1378,4,3147.1,76,2
2031,2026-06-16 13:41:30+05:30,3146.3,1,3132.32,2558900,128435.0,199189.0,3163.0,3163.0,3108.0,3134.3,32005800,3447.7,2820.9,3839.9,2896.0,3146.1,21,2,3146.0,5,3,3145.7,30,2,3145.6,160,4,3145.5,79,3,3146.5,187,2,3146.6,3,1,3146.9,100,1,3147.0,1378,4,3147.1,76,2
2031,2026-06-16 13:41:31+05:30,3146.3,1,3132.32,2559036,128388.0,198492.0,3163.0,3163.0,3108.0,3134.3,32005800,3447.7,2820.9,3839.9,2896.0,3146.3,5,4,3146.2,4,1,3146.1,38,5,3146.0,34,6,3145.8,99,6,3146.5,53,3,3146.6,3,1,3146.9,100,1,3147.0,1371,2,3147.1,32,1
2031,2026-06-16 13:41:31+05:30,3146.3,1,3132.32,2559036,128388.0,198492.0,3163.0,3163.0,3108.0,3134.3,32005800,3447.7,2820.9,3839.9,2896.0,3146.3,5,4,3146.2,4,1,3146.1,38,5,3146.0,34,6,3145.8,99,6,3146.5,53,3,3146.6,3,1,3146.9,100,1,3147.0,1371,2,3147.1,32,1
2031,2026-06-16 13:41:32+05:30,3146.3,1,3132.32,2559036,128237.0,198447.0,3163.0,3163.0,3108.0,3134.3,32005800,3447.7,2820.9,3839.9,2896.0,3146.3,7,5,3146.2,4,1,3146.1,38,5,3146.0,34,6,3145.8,99,6,3146.5,53,3,3146.6,3,1,3146.9,100,1,3147.0,1371,2,3147.1,32,1
2031,2026-06-16 13:41:32+05:30,3146.3,1,3132.32,2559036,128237.0,198447.0,3163.0,3163.0,3108.0,3134.3,32005800,3447.7,2820.9,3839.9,2896.0,3146.3,7,5,3146.2,4,1,3146.1,38,5,3146.0,34,6,3145.8,99,6,3146.5,53,3,3146.6,3,1,3146.9,100,1,3147.0,1371,2,3147.1,32,1
2031,2026-06-16 13:41:32+05:30,3146.5,1,3132.32,2559036,128237.0,198447.0,3163.0,3163.0,3108.0,3134.3,32005800,3447.7,2820.9,3839.9,2896.0,3146.3,7,5,3146.2,4,1,3146.1,38,5,3146.0,34,6,3145.8,99,6,3146.5,53,3,3146.6,3,1,3146.9,100,1,3147.0,1371,2,3147.1,32,1
2031,2026-06-16 13:41:32+05:30,3146.5,1,3132.32,2559036,128237.0,198447.0,3163.0,3163.0,3108.0,3134.3,32005800,3447.7,2820.9,3839.9,2896.0,3146.3,7,5,3146.2,4,1,3146.1,38,5,3146.0,34,6,3145.8,99,6,3146.5,53,3,3146.6,3,1,3146.9,100,1,3147.0,1371,2,3147.1,32,1
2031,2026-06-16 13:41:33+05:30,3146.5,1,3132.32,2559037,128250.0,198448.0,3163.0,3163.0,3108.0,3134.3,32005800,3447.7,2820.9,3839.9,2896.0,3146.3,5,4,3146.2,19,2,3146.1,38,5,3146.0,34,6,3145.8,84,5,3146.5,52,3,3146.6,3,1,3146.9,100,1,3147.0,1371,2,3147.1,32,1
2031,2026-06-16 13:41:33+05:30,3146.5,1,3132.32,2559037,128250.0,198448.0,3163.0,3163.0,3108.0,3134.3,32005800,3447.7,2820.9,3839.9,2896.0,3146.3,5,4,3146.2,19,2,3146.1,38,5,3146.0,34,6,3145.8,84,5,3146.5,52,3,3146.6,3,1,3146.9,100,1,3147.0,1371,2,3147.1,32,1
2031,2026-06-16 13:41:33+05:30,3146.5,11,3132.32,2559037,128250.0,198448.0,3163.0,3163.0,3108.0,3134.3,32005800,3447.7,2820.9,3839.9,2896.0,3146.3,5,4,3146.2,19,2,3146.1,38,5,3146.0,34,6,3145.8,84,5,3146.5,52,3,3146.6,3,1,3146.9,100,1,3147.0,1371,2,3147.1,32,1
2031,2026-06-16 13:41:34+05:30,3146.5,11,3132.32,2559048,128312.0,198225.0,3163.0,3163.0,3108.0,3134.3,32005800,3447.7,2820.9,3839.9,2896.0,3146.3,5,4,3146.2,19,2,3146.1,38,5,3146.0,34,6,3145.8,84,5,3146.5,41,3,3146.6,3,1,3146.9,100,1,3147.0,1371,2,3147.1,32,1
2031,2026-06-16 13:41:34+05:30,3146.5,11,3132.32,2559048,128312.0,198225.0,3163.0,3163.0,3108.0,3134.3,32005800,3447.7,2820.9,3839.9,2896.0,3146.3,5,4,3146.2,19,2,3146.1,38,5,3146.0,34,6,3145.8,84,5,3146.5,41,3,3146.6,3,1,3146.9,100,1,3147.0,1371,2,3147.1,32,1
2031,2026-06-16 13:41:35+05:30,3146.5,12,3132.32,2559145,128378.0,198128.0,3163.0,3163.0,3108.0,3134.3,32005800,3447.7,2820.9,3839.9,2896.0,3146.3,35,6,3146.2,5,1,3146.1,38,5,3146.0,34,6,3145.9,8,1,3146.5,23,1,3146.6,3,1,3146.9,100,1,3147.0,1389,3,3147.1,32,1
2031,2026-06-16 13:41:35+05:30,3146.5,12,3132.32,2559145,128378.0,198128.0,3163.0,3163.0,3108.0,3134.3,32005800,3447.7,2820.9,3839.9,2896.0,3146.3,35,6,3146.2,5,1,3146.1,38,5,3146.0,34,6,3145.9,8,1,3146.5,23,1,3146.6,3,1,3146.9,100,1,3147.0,1389,3,3147.1,32,1
2031,2026-06-16 13:41:35+05:30,3146.5,1,3132.32,2559145,128378.0,198128.0,3163.0,3163.0,3108.0,3134.3,32005800,3447.7,2820.9,3839.9,2896.0,3146.3,35,6,3146.2,5,1,3146.1,38,5,3146.0,34,6,3145.9,8,1,3146.5,23,1,3146.6,3,1,3146.9,100,1,3147.0,1389,3,3147.1,32,1
2031,2026-06-16 13:41:35+05:30,3146.5,1,3132.32,2559145,128378.0,198128.0,3163.0,3163.0,3108.0,3134.3,32005800,3447.7,2820.9,3839.9,2896.0,3146.3,35,6,3146.2,5,1,3146.1,38,5,3146.0,34,6,3145.9,8,1,3146.5,23,1,3146.6,3,1,3146.9,100,1,3147.0,1389,3,3147.1,32,1
2031,2026-06-16 13:41:36+05:30,3146.5,10,3132.32,2559156,128614.0,198048.0,3163.0,3163.0,3108.0,3134.3,32005800,3447.7,2820.9,3839.9,2896.0,3146.4,23,5,3146.3,6,3,3146.2,20,2,3146.1,52,6,3146.0,34,6,3146.6,3,1,3146.9,100,1,3147.0,1389,3,3147.1,32,1,3147.5,144,2
2031,2026-06-16 13:41:36+05:30,3146.5,11,3132.32,2559156,128614.0,198048.0,3163.0,3163.0,3108.0,3134.3,32005800,3447.7,2820.9,3839.9,2896.0,3146.4,23,5,3146.3,6,3,3146.2,20,2,3146.1,52,6,3146.0,34,6,3146.6,3,1,3146.9,100,1,3147.0,1389,3,3147.1,32,1,3147.5,144,2
2031,2026-06-16 13:41:36+05:30,3146.5,11,3132.32,2559156,128614.0,198048.0,3163.0,3163.0,3108.0,3134.3,32005800,3447.7,2820.9,3839.9,2896.0,3146.4,23,5,3146.3,6,3,3146.2,20,2,3146.1,52,6,3146.0,34,6,3146.6,3,1,3146.9,100,1,3147.0,1389,3,3147.1,32,1,3147.5,144,2
2031,2026-06-16 13:41:37+05:30,3146.5,10,3132.32,2559177,128509.0,198047.0,3163.0,3163.0,3108.0,3134.3,32005800,3447.7,2820.9,3839.9,2896.0,3146.5,16,1,3146.4,8,4,3146.3,7,3,3146.2,20,2,3146.1,37,5,3146.6,3,1,3146.9,100,1,3147.0,1389,3,3147.1,32,1,3147.5,144,2
2031,2026-06-16 13:41:37+05:30,3146.5,10,3132.32,2559177,128509.0,198047.0,3163.0,3163.0,3108.0,3134.3,32005800,3447.7,2820.9,3839.9,2896.0,3146.5,16,1,3146.4,8,4,3146.3,7,3,3146.2,20,2,3146.1,37,5,3146.6,3,1,3146.9,100,1,3147.0,1389,3,3147.1,32,1,3147.5,144,2
2031,2026-06-16 13:41:37+05:30,3146.6,1,3132.32,2559177,128509.0,198047.0,3163.0,3163.0,3108.0,3134.3,32005800,3447.7,2820.9,3839.9,2896.0,3146.5,16,1,3146.4,8,4,3146.3,7,3,3146.2,20,2,3146.1,37,5,3146.6,3,1,3146.9,100,1,3147.0,1389,3,3147.1,32,1,3147.5,144,2
2031,2026-06-16 13:41:38+05:30,3146.6,1,3132.32,2559178,128358.0,198120.0,3163.0,3163.0,3108.0,3134.3,32005800,3447.7,2820.9,3839.9,2896.0,3146.5,16,1,3146.4,5,3,3146.3,3,2,3146.1,37,5,3146.0,22,6,3146.6,18,3,3146.9,100,1,3147.0,1389,3,3147.1,32,1,3147.4,2,1
2031,2026-06-16 13:41:38+05:30,3146.6,1,3132.32,2559178,128358.0,198120.0,3163.0,3163.0,3108.0,3134.3,32005800,3447.7,2820.9,3839.9,2896.0,3146.5,16,1,3146.4,5,3,3146.3,3,2,3146.1,37,5,3146.0,22,6,3146.6,18,3,3146.9,100,1,3147.0,1389,3,3147.1,32,1,3147.4,2,1
2031,2026-06-16 13:41:38+05:30,3146.9,33,3132.32,2559178,128358.0,198120.0,3163.0,3163.0,3108.0,3134.3,32005800,3447.7,2820.9,3839.9,2896.0,3146.5,16,1,3146.4,5,3,3146.3,3,2,3146.1,37,5,3146.0,22,6,3146.6,18,3,3146.9,100,1,3147.0,1389,3,3147.1,32,1,3147.4,2,1
2031,2026-06-16 13:41:39+05:30,3146.9,33,3132.32,2559699,128383.0,198142.0,3163.0,3163.0,3108.0,3134.3,32005800,3447.7,2820.9,3839.9,2896.0,3146.5,3,1,3146.4,16,1,3145.9,3,1,3145.8,26,2,3145.7,64,2,3146.9,67,1,3147.0,1389,3,3147.1,32,1,3147.4,2,1,3147.5,561,6
2031,2026-06-16 13:41:39+05:30,3146.9,33,3132.32,2559699,128383.0,198142.0,3163.0,3163.0,3108.0,3134.3,32005400,3447.7,2820.9,3839.9,2896.0,3146.5,3,1,3146.4,16,1,3145.9,3,1,3145.8,26,2,3145.7,64,2,3146.9,67,1,3147.0,1389,3,3147.1,32,1,3147.4,2,1,3147.5,561,6
2031,2026-06-16 13:41:39+05:30,3146.9,1,3132.32,2559699,128383.0,198142.0,3163.0,3163.0,3108.0,3134.3,32005400,3447.7,2820.9,3839.9,2896.0,3146.5,3,1,3146.4,16,1,3145.9,3,1,3145.8,26,2,3145.7,64,2,3146.9,67,1,3147.0,1389,3,3147.1,32,1,3147.4,2,1,3147.5,561,6
2031,2026-06-16 13:41:39+05:30,3146.9,1,3132.32,2559700,128542.0,198405.0,3163.0,3163.0,3108.0,3134.3,32005400,3447.7,2820.9,3839.9,2896.0,3146.5,19,2,3145.9,3,1,3145.8,26,2,3145.7,36,2,3145.6,93,5,3146.9,80,2,3147.0,1389,3,3147.1,32,1,3147.2,2,1,3147.3,47,2
2031,2026-06-16 13:41:40+05:30,3146.5,7,3132.32,2559700,128542.0,198405.0,3163.0,3163.0,3108.0,3134.3,32005400,3447.7,2820.9,3839.9,2896.0,3146.5,19,2,3145.9,3,1,3145.8,26,2,3145.7,36,2,3145.6,93,5,3146.9,80,2,3147.0,1389,3,3147.1,32,1,3147.2,2,1,3147.3,47,2
2031,2026-06-16 13:41:40+05:30,3146.5,7,3132.32,2559710,128785.0,198218.0,3163.0,3163.0,3108.0,3134.3,32005400,3447.7,2820.9,3839.9,2896.0,3146.5,53,3,3146.4,15,1,3146.3,15,1,3146.1,10,1,3146.0,15,1,3146.9,80,2,3147.0,1389,3,3147.1,32,1,3147.3,44,1,3147.5,546,5
2031,2026-06-16 13:41:42+05:30,3146.9,1,3132.32,2559965,128567.0,198131.0,3163.0,3163.0,3108.0,3134.3,32005400,3447.7,2820.9,3839.9,2896.0,3146.5,14,2,3146.1,15,1,3145.9,24,2,3145.8,26,2,3145.7,36,2,3146.9,25,2,3147.0,1389,3,3147.1,34,2,3147.2,2,1,3147.3,444,3
2031,2026-06-16 13:41:42+05:30,3146.0,77,3132.32,2559965,128567.0,198131.0,3163.0,3163.0,3108.0,3134.3,32005400,3447.7,2820.9,3839.9,2896.0,3146.5,14,2,3146.1,15,1,3145.9,24,2,3145.8,26,2,3145.7,36,2,3146.9,25,2,3147.0,1389,3,3147.1,34,2,3147.2,2,1,3147.3,444,3
2031,2026-06-16 13:41:43+05:30,3146.9,1,3132.32,2560066,128542.0,197995.0,3163.0,3163.0,3108.0,3134.3,32005400,3447.7,2820.9,3839.9,2896.0,3146.5,5,1,3146.1,3,1,3146.0,11,1,3145.9,4,2,3145.8,22,3,3146.9,24,2,3147.0,1389,3,3147.1,32,1,3147.2,2,1,3147.3,444,3
2031,2026-06-16 13:41:43+05:30,3146.9,1,3132.32,2560066,128542.0,197995.0,3163.0,3163.0,3108.0,3134.3,32005400,3447.7,2820.9,3839.9,2896.0,3146.5,5,1,3146.1,3,1,3146.0,11,1,3145.9,4,2,3145.8,22,3,3146.9,24,2,3147.0,1389,3,3147.1,32,1,3147.2,2,1,3147.3,444,3
2031,2026-06-16 13:41:44+05:30,3146.9,1,3132.32,2560066,128391.0,198038.0,3163.0,3163.0,3108.0,3134.3,32005400,3447.7,2820.9,3839.9,2896.0,3146.5,5,1,3146.1,3,1,3146.0,11,1,3145.9,3,1,3145.8,14,2,3146.9,24,2,3147.0,1389,3,3147.1,32,1,3147.2,2,1,3147.3,459,4
2031,2026-06-16 13:41:45+05:30,3146.9,1,3132.32,2560066,128833.0,197895.0,3163.0,3163.0,3108.0,3134.3,32005400,3447.7,2820.9,3839.9,2896.0,3146.5,61,4,3146.1,3,1,3146.0,27,3,3145.9,21,1,3145.8,14,2,3146.9,25,3,3147.0,1389,3,3147.1,32,1,3147.2,400,2,3147.3,157,2
2031,2026-06-16 13:41:45+05:30,3146.5,11,3132.32,2560066,128833.0,197895.0,3163.0,3163.0,3108.0,3134.3,32005400,3447.7,2820.9,3839.9,2896.0,3146.5,61,4,3146.1,3,1,3146.0,27,3,3145.9,21,1,3145.8,14,2,3146.9,25,3,3147.0,1389,3,3147.1,32,1,3147.2,400,2,3147.3,157,2
2031,2026-06-16 13:41:46+05:30,3146.6,31,3132.33,2560302,128200.0,198264.0,3163.0,3163.0,3108.0,3134.3,32005400,3447.7,2820.9,3839.9,2896.0,3146.5,7,2,3146.1,3,1,3146.0,1,1,3145.8,11,1,3145.7,21,1,3146.6,1,1,3146.7,32,1,3146.8,32,1,3146.9,68,5,3147.0,1389,3
2031,2026-06-16 13:41:46+05:30,3146.5,1,3132.33,2560302,128200.0,198264.0,3163.0,3163.0,3108.0,3134.3,32005400,3447.7,2820.9,3839.9,2896.0,3146.5,7,2,3146.1,3,1,3146.0,1,1,3145.8,11,1,3145.7,21,1,3146.6,1,1,3146.7,32,1,3146.8,32,1,3146.9,68,5,3147.0,1389,3
2031,2026-06-16 13:41:47+05:30,3146.5,1,3132.33,2560325,127512.0,199094.0,3163.0,3163.0,3108.0,3134.3,32005400,3447.7,2820.9,3839.9,2896.0,3146.0,1,1,3145.8,11,1,3145.6,16,3,3145.5,41,3,3145.4,100,1,3146.1,1,1,3146.2,32,1,3146.3,218,2,3146.4,32,1,3146.6,35,4
2031,2026-06-16 13:41:47+05:30,3146.0,1,3132.33,2560325,127512.0,199094.0,3163.0,3163.0,3108.0,3134.3,32005400,3447.7,2820.9,3839.9,2896.0,3146.0,1,1,3145.8,11,1,3145.6,16,3,3145.5,41,3,3145.4,100,1,3146.1,1,1,3146.2,32,1,3146.3,218,2,3146.4,32,1,3146.6,35,4
2031,2026-06-16 13:41:48+05:30,3145.4,83,3132.33,2560574,126998.0,199083.0,3163.0,3163.0,3108.0,3134.3,32005400,3447.7,2820.9,3839.9,2896.0,3145.4,22,2,3145.3,895,1,3145.2,65,3,3145.1,50,4,3145.0,78,4,3146.1,31,1,3146.2,32,1,3146.3,218,2,3146.5,32,1,3146.6,3,3
2031,2026-06-16 13:41:48+05:30,3146.1,1,3132.33,2560574,126998.0,199083.0,3163.0,3163.0,3108.0,3134.3,32005400,3447.7,2820.9,3839.9,2896.0,3145.4,22,2,3145.3,895,1,3145.2,65,3,3145.1,50,4,3145.0,78,4,3146.1,31,1,3146.2,32,1,3146.3,218,2,3146.5,32,1,3146.6,3,3
2031,2026-06-16 13:41:49+05:30,3145.8,15,3132.33,2560590,126644.0,199392.0,3163.0,3163.0,3108.0,3134.3,32005400,3447.7,2820.9,3839.9,2896.0,3145.7,4,1,3145.4,17,1,3145.3,1025,2,3145.2,31,2,3145.1,33,2,3145.8,29,1,3146.0,32,1,3146.1,477,7,3146.2,113,1,3146.3,833,6
2031,2026-06-16 13:41:49+05:30,3145.8,15,3132.33,2560590,126644.0,199392.0,3163.0,3163.0,3108.0,3134.3,32005400,3447.7,2820.9,3839.9,2896.0,3145.7,4,1,3145.4,17,1,3145.3,1025,2,3145.2,31,2,3145.1,33,2,3145.8,29,1,3146.0,32,1,3146.1,477,7,3146.2,113,1,3146.3,833,6
2031,2026-06-16 13:41:50+05:30,3145.5,45,3132.33,2561060,126674.0,200516.0,3163.0,3163.0,3108.0,3134.3,32005400,3447.7,2820.9,3839.9,2896.0,3145.6,7,1,3145.4,32,1,3145.3,1025,2,3145.2,13,1,3145.0,10,1,3145.7,32,1,3145.8,33,2,3145.9,10,1,3146.0,32,1,3146.1,445,6
2031,2026-06-16 13:41:50+05:30,3145.5,45,3132.33,2561060,126674.0,200516.0,3163.0,3163.0,3108.0,3134.3,32005400,3447.7,2820.9,3839.9,2896.0,3145.6,7,1,3145.4,32,1,3145.3,1025,2,3145.2,13,1,3145.0,10,1,3145.7,32,1,3145.8,33,2,3145.9,10,1,3146.0,32,1,3146.1,445,6
2031,2026-06-16 13:41:51+05:30,3145.6,12,3132.33,2561105,126571.0,199177.0,3163.0,3163.0,3108.0,3134.3,32005400,3447.7,2820.9,3839.9,2896.0,3145.6,41,6,3145.5,3,1,3145.4,77,5,3145.3,1092,6,3145.2,35,3,3145.7,7,1,3145.8,1,1,3145.9,32,1,3146.1,77,5,3146.3,186,1
2031,2026-06-16 13:41:51+05:30,3145.6,12,3132.33,2561105,126571.0,199177.0,3163.0,3163.0,3108.0,3134.3,32005400,3447.7,2820.9,3839.9,2896.0,3145.6,41,6,3145.5,3,1,3145.4,77,5,3145.3,1092,6,3145.2,35,3,3145.7,7,1,3145.8,1,1,3145.9,32,1,3146.1,77,5,3146.3,186,1
2031,2026-06-16 13:41:52+05:30,3145.6,3,3132.33,2561105,126571.0,199177.0,3163.0,3163.0,3108.0,3134.3,32005400,3447.7,2820.9,3839.9,2896.0,3145.6,41,6,3145.5,3,1,3145.4,77,5,3145.3,1092,6,3145.2,35,3,3145.7,7,1,3145.8,1,1,3145.9,32,1,3146.1,77,5,3146.3,186,1
2031,2026-06-16 13:41:52+05:30,3145.6,3,3132.33,2561272,126329.0,199288.0,3163.0,3163.0,3108.0,3134.3,32005400,3447.7,2820.9,3839.9,2896.0,3145.5,19,3,3145.4,56,3,3145.3,1050,5,3145.2,50,4,3145.1,11,2,3145.6,122,1,3145.9,17,1,3146.1,64,4,3146.3,186,1,3146.6,1,1
2031,2026-06-16 13:41:53+05:30,3145.6,5,3132.33,2561272,126329.0,199288.0,3163.0,3163.0,3108.0,3134.3,32005400,3447.7,2820.9,3839.9,2896.0,3145.5,19,3,3145.4,56,3,3145.3,1050,5,3145.2,50,4,3145.1,11,2,3145.6,122,1,3145.9,17,1,3146.1,64,4,3146.3,186,1,3146.6,1,1
2031,2026-06-16 13:41:53+05:30,3145.6,3,3132.33,2561304,126273.0,199873.0,3163.0,3163.0,3108.0,3134.3,32005400,3447.7,2820.9,3839.9,2896.0,3145.5,21,4,3145.4,59,4,3145.3,1050,5,3145.2,50,4,3145.1,55,3,3145.6,164,3,3145.9,17,1,3146.0,32,1,3146.1,32,3,3146.3,186,1
2031,2026-06-16 13:41:54+05:30,3145.6,1,3132.33,2561304,126273.0,199873.0,3163.0,3163.0,3108.0,3134.3,32005400,3447.7,2820.9,3839.9,2896.0,3145.5,21,4,3145.4,59,4,3145.3,1050,5,3145.2,50,4,3145.1,55,3,3145.6,164,3,3145.9,17,1,3146.0,32,1,3146.1,32,3,3146.3,186,1
2031,2026-06-16 13:41:54+05:30,3145.6,1,3132.33,2561558,126220.0,199372.0,3163.0,3163.0,3108.0,3134.3,32005400,3447.7,2820.9,3839.9,2896.0,3145.6,17,3,3145.5,24,6,3145.4,59,4,3145.3,1078,5,3145.2,50,4,3145.9,17,1,3146.0,32,1,3146.1,31,2,3146.3,186,1,3146.6,201,2
2031,2026-06-16 13:41:55+05:30,3145.7,1,3132.33,2561558,126220.0,199372.0,3163.0,3163.0,3108.0,3134.3,32005400,3447.7,2820.9,3839.9,2896.0,3145.6,17,3,3145.5,24,6,3145.4,59,4,3145.3,1078,5,3145.2,50,4,3145.9,17,1,3146.0,32,1,3146.1,31,2,3146.3,186,1,3146.6,201,2
2031,2026-06-16 13:41:55+05:30,3145.7,1,3132.33,2561564,126385.0,199329.0,3163.0,3163.0,3108.0,3134.3,32005400,3447.7,2820.9,3839.9,2896.0,3145.6,27,7,3145.5,9,5,3145.4,59,4,3145.3,1078,5,3145.2,66,5,3145.7,7,1,3145.9,17,1,3146.1,31,2,3146.2,32,1,3146.3,186,1
2031,2026-06-16 13:41:56+05:30,3145.6,3,3132.33,2561564,126385.0,199329.0,3163.0,3163.0,3108.0,3134.3,32005400,3447.7,2820.9,3839.9,2896.0,3145.6,27,7,3145.5,9,5,3145.4,59,4,3145.3,1078,5,3145.2,66,5,3145.7,7,1,3145.9,17,1,3146.1,31,2,3146.2,32,1,3146.3,186,1
2031,2026-06-16 13:41:56+05:30,3145.6,3,3132.33,2561620,126723.0,199255.0,3163.0,3163.0,3108.0,3134.3,32005400,3447.7,2820.9,3839.9,2896.0,3145.6,66,7,3145.5,9,5,3145.4,59,4,3145.3,1094,6,3145.2,50,4,3145.7,7,1,3145.9,4,1,3146.1,31,2,3146.2,32,1,3146.3,186,1
2031,2026-06-16 13:41:57+05:30,3145.8,30,3132.33,2561620,126723.0,199255.0,3163.0,3163.0,3108.0,3134.3,32005400,3447.7,2820.9,3839.9,2896.0,3145.6,66,7,3145.5,9,5,3145.4,59,4,3145.3,1094,6,3145.2,50,4,3145.7,7,1,3145.9,4,1,3146.1,31,2,3146.2,32,1,3146.3,186,1
2031,2026-06-16 13:41:57+05:30,3145.8,30,3132.33,2561848,126626.0,199631.0,3163.0,3163.0,3108.0,3134.3,32005400,3447.7,2820.9,3839.9,2896.0,3145.7,22,2,3145.6,19,2,3145.5,6,4,3145.4,59,4,3145.3,1034,4,3145.8,15,1,3145.9,4,1,3146.0,32,1,3146.1,31,2,3146.3,32,1
2031,2026-06-16 13:41:58+05:30,3145.8,30,3132.33,2561848,126681.0,199591.0,3163.0,3163.0,3108.0,3134.3,32005400,3447.7,2820.9,3839.9,2896.0,3145.7,23,3,3145.6,19,2,3145.5,22,5,3145.4,59,4,3145.3,1078,5,3145.9,36,2,3146.1,31,2,3146.2,32,1,3146.6,201,2,3146.7,401,3
2031,2026-06-16 13:41:59+05:30,3145.7,11,3132.33,2561848,126681.0,199591.0,3163.0,3163.0,3108.0,3134.3,32005400,3447.7,2820.9,3839.9,2896.0,3145.7,23,3,3145.6,19,2,3145.5,22,5,3145.4,59,4,3145.3,1078,5,3145.9,36,2,3146.1,31,2,3146.2,32,1,3146.6,201,2,3146.7,401,3
2031,2026-06-16 13:41:59+05:30,3145.7,11,3132.33,2561908,126835.0,199683.0,3163.0,3163.0,3108.0,3134.3,32005400,3447.7,2820.9,3839.9,2896.0,3145.8,3,3,3145.7,4,2,3145.5,42,7,3145.4,59,4,3145.3,1078,5,3145.9,46,3,3146.1,30,1,3146.2,32,1,3146.6,201,2,3146.7,401,3
2031,2026-06-16 13:42:00+05:30,3145.9,2,3132.33,2561908,126835.0,199683.0,3163.0,3163.0,3108.0,3134.3,32005400,3447.7,2820.9,3839.9,2896.0,3145.8,3,3,3145.7,4,2,3145.5,42,7,3145.4,59,4,3145.3,1078,5,3145.9,46,3,3146.1,30,1,3146.2,32,1,3146.6,201,2,3146.7,401,3
2031,2026-06-16 13:42:00+05:30,3145.9,2,3132.33,2561957,126845.0,199684.0,3163.0,3163.0,3108.0,3134.3,32005400,3447.7,2820.9,3839.9,2896.0,3145.8,8,4,3145.7,4,2,3145.5,42,7,3145.4,59,4,3145.3,1034,4,3145.9,43,4,3146.1,30,1,3146.3,32,1,3146.6,201,2,3146.7,401,3
2031,2026-06-16 13:42:01+05:30,3145.9,1,3132.33,2561957,126845.0,199684.0,3163.0,3163.0,3108.0,3134.3,32005400,3447.7,2820.9,3839.9,2896.0,3145.8,8,4,3145.7,4,2,3145.5,42,7,3145.4,59,4,3145.3,1034,4,3145.9,43,4,3146.1,30,1,3146.3,32,1,3146.6,201,2,3146.7,401,3
2031,2026-06-16 13:42:01+05:30,3145.9,1,3132.34,2562041,126873.0,198951.0,3163.0,3163.0,3108.0,3134.3,32005400,3447.7,2820.9,3839.9,2896.0,3146.0,5,3,3145.8,2,1,3145.7,41,5,3145.5,29,6,3145.4,59,4,3146.1,62,2,3146.3,32,1,3146.6,201,2,3146.7,401,3,3146.8,158,3
2031,2026-06-16 13:42:02+05:30,3146.0,8,3132.34,2562041,126873.0,198951.0,3163.0,3163.0,3108.0,3134.3,32005400,3447.7,2820.9,3839.9,2896.0,3146.0,5,3,3145.8,2,1,3145.7,41,5,3145.5,29,6,3145.4,59,4,3146.1,62,2,3146.3,32,1,3146.6,201,2,3146.7,401,3,3146.8,158,3
2031,2026-06-16 13:42:02+05:30,3146.0,16,3132.34,2562080,126823.0,198997.0,3163.0,3163.0,3108.0,3134.3,32005400,3447.7,2820.9,3839.9,2896.0,3146.0,3,1,3145.8,17,2,3145.7,41,5,3145.5,26,5,3145.4,59,4,3146.1,30,1,3146.2,200,1,3146.3,32,1,3146.5,32,1,3146.6,201,2
2031,2026-06-16 13:42:03+05:30,3146.0,5,3132.34,2562080,126823.0,198997.0,3163.0,3163.0,3108.0,3134.3,32005400,3447.7,2820.9,3839.9,2896.0,3146.0,3,1,3145.8,17,2,3145.7,41,5,3145.5,26,5,3145.4,59,4,3146.1,30,1,3146.2,200,1,3146.3,32,1,3146.5,32,1,3146.6,201,2
2031,2026-06-16 13:42:03+05:30,3146.0,4,3132.34,2562095,126845.0,199187.0,3163.0,3163.0,3108.0,3134.3,32005400,3447.7,2820.9,3839.9,2896.0,3145.8,2,1,3145.7,56,6,3145.5,10,3,3145.4,59,4,3145.3,904,3,3146.0,30,1,3146.1,30,1,3146.2,232,2,3146.3,32,1,3146.5,32,1
2031,2026-06-16 13:42:04+05:30,3146.1,1,3132.34,2562095,126845.0,199187.0,3163.0,3163.0,3108.0,3134.3,32005400,3447.7,2820.9,3839.9,2896.0,3145.8,2,1,3145.7,56,6,3145.5,10,3,3145.4,59,4,3145.3,904,3,3146.0,30,1,3146.1,30,1,3146.2,232,2,3146.3,32,1,3146.5,32,1
2031,2026-06-16 13:42:04+05:30,3146.1,1,3132.34,2562096,126830.0,199159.0,3163.0,3163.0,3108.0,3134.3,32005400,3447.7,2820.9,3839.9,2896.0,3145.9,19,3,3145.8,2,1,3145.7,21,3,3145.5,25,4,3145.4,59,4,3146.1,61,2,3146.2,232,2,3146.4,32,1,3146.6,201,2,3146.7,401,3
2031,2026-06-16 13:42:05+05:30,3146.0,1,3132.34,2562096,126830.0,199159.0,3163.0,3163.0,3108.0,3134.3,32005400,3447.7,2820.9,3839.9,2896.0,3145.9,19,3,3145.8,2,1,3145.7,21,3,3145.5,25,4,3145.4,59,4,3146.1,61,2,3146.2,232,2,3146.4,32,1,3146.6,201,2,3146.7,401,3
2031,2026-06-16 13:42:05+05:30,3146.0,2,3132.34,2562145,126797.0,199161.0,3163.0,3163.0,3108.0,3134.3,32005400,3447.7,2820.9,3839.9,2896.0,3145.9,9,3,3145.8,2,1,3145.7,5,2,3145.5,25,4,3145.4,59,4,3146.0,26,1,3146.1,15,1,3146.2,232,2,3146.3,32,1,3146.5,32,1
2031,2026-06-16 13:42:06+05:30,3146.0,10,3132.34,2562145,126797.0,199161.0,3163.0,3163.0,3108.0,3134.3,32005400,3447.7,2820.9,3839.9,2896.0,3145.9,9,3,3145.8,2,1,3145.7,5,2,3145.5,25,4,3145.4,59,4,3146.0,26,1,3146.1,15,1,3146.2,232,2,3146.3,32,1,3146.5,32,1
2031,2026-06-16 13:42:06+05:30,3146.0,30,3132.34,2562281,126922.0,199055.0,3163.0,3163.0,3108.0,3134.3,32005400,3447.7,2820.9,3839.9,2896.0,3146.0,22,3,3145.8,17,2,3145.7,23,3,3145.6,15,1,3145.5,14,4,3146.2,232,2,3146.3,32,1,3146.5,32,1,3146.6,201,2,3146.7,443,4
2031,2026-06-16 13:42:07+05:30,3146.0,30,3132.34,2562281,126922.0,199055.0,3163.0,3163.0,3108.0,3134.3,32005400,3447.7,2820.9,3839.9,2896.0,3146.0,22,3,3145.8,17,2,3145.7,23,3,3145.6,15,1,3145.5,14,4,3146.2,232,2,3146.3,32,1,3146.5,32,1,3146.6,201,2,3146.7,443,4
2031,2026-06-16 13:42:07+05:30,3146.0,30,3132.34,2562281,126948.0,199041.0,3163.0,3163.0,3108.0,3134.3,32005400,3447.7,2820.9,3839.9,2896.0,3146.0,7,4,3145.9,4,1,3145.8,32,3,3145.7,21,2,3145.6,15,1,3146.2,226,2,3146.6,201,2,3146.7,443,4,3146.8,114,2,3146.9,207,3
2031,2026-06-16 13:42:08+05:30,3146.2,1,3132.34,2562281,126948.0,199041.0,3163.0,3163.0,3108.0,3134.3,32005400,3447.7,2820.9,3839.9,2896.0,3146.0,7,4,3145.9,4,1,3145.8,32,3,3145.7,21,2,3145.6,15,1,3146.2,226,2,3146.6,201,2,3146.7,443,4,3146.8,114,2,3146.9,207,3
2031,2026-06-16 13:42:08+05:30,3146.2,1,3132.34,2562282,126932.0,199153.0,3163.0,3163.0,3108.0,3134.3,32005400,3447.7,2820.9,3839.9,2896.0,3146.1,2,1,3146.0,7,4,3145.8,15,1,3145.7,21,2,3145.6,15,1,3146.2,225,2,3146.6,201,2,3146.7,443,4,3146.8,114,2,3146.9,209,4
2031,2026-06-16 13:42:09+05:30,3146.2,1,3132.34,2562282,126932.0,199153.0,3163.0,3163.0,3108.0,3134.3,32005400,3447.7,2820.9,3839.9,2896.0,3146.1,2,1,3146.0,7,4,3145.8,15,1,3145.7,21,2,3145.6,15,1,3146.2,225,2,3146.6,201,2,3146.7,443,4,3146.8,114,2,3146.9,209,4
2031,2026-06-16 13:42:09+05:30,3146.2,17,3132.34,2562300,126927.0,199140.0,3163.0,3163.0,3108.0,3134.3,32005400,3447.7,2820.9,3839.9,2896.0,3146.1,2,1,3146.0,10,5,3145.9,15,1,3145.8,15,1,3145.7,22,2,3146.2,207,2,3146.6,201,2,3146.7,443,4,3146.8,114,2,3146.9,207,3
2031,2026-06-16 13:42:10+05:30,3146.2,17,3132.34,2562300,126927.0,199140.0,3163.0,3163.0,3108.0,3134.3,32005400,3447.7,2820.9,3839.9,2896.0,3146.1,2,1,3146.0,10,5,3145.9,15,1,3145.8,15,1,3145.7,22,2,3146.2,207,2,3146.6,201,2,3146.7,443,4,3146.8,114,2,3146.9,207,3
2031,2026-06-16 13:42:10+05:30,3146.2,17,3132.34,2562300,126921.0,199364.0,3163.0,3163.0,3108.0,3134.3,32005400,3447.7,2820.9,3839.9,2896.0,3146.1,2,1,3146.0,7,4,3145.8,15,1,3145.6,15,1,3145.5,14,4,3146.2,207,2,3146.6,201,2,3146.7,443,4,3146.8,114,2,3146.9,207,3
2031,2026-06-16 13:42:11+05:30,3146.2,156,3132.34,2562300,126921.0,199364.0,3163.0,3163.0,3108.0,3134.3,32005400,3447.7,2820.9,3839.9,2896.0,3146.1,2,1,3146.0,7,4,3145.8,15,1,3145.6,15,1,3145.5,14,4,3146.2,207,2,3146.6,201,2,3146.7,443,4,3146.8,114,2,3146.9,207,3
2031,2026-06-16 13:42:11+05:30,3146.2,11,3132.34,2562467,126934.0,199155.0,3163.0,3163.0,3108.0,3134.3,32005400,3447.7,2820.9,3839.9,2896.0,3146.1,2,1,3146.0,7,4,3145.8,15,1,3145.6,15,1,3145.5,14,4,3146.2,40,2,3146.6,201,2,3146.7,401,3,3146.8,114,2,3146.9,209,4
2031,2026-06-16 13:42:12+05:30,3146.6,5,3132.34,2562467,126934.0,199155.0,3163.0,3163.0,3108.0,3134.3,32005400,3447.7,2820.9,3839.9,2896.0,3146.1,2,1,3146.0,7,4,3145.8,15,1,3145.6,15,1,3145.5,14,4,3146.2,40,2,3146.6,201,2,3146.7,401,3,3146.8,114,2,3146.9,209,4
2031,2026-06-16 13:42:12+05:30,3146.6,5,3132.34,2562572,126747.0,199195.0,3163.0,3163.0,3108.0,3134.3,32005400,3447.7,2820.9,3839.9,2896.0,3146.1,2,1,3146.0,4,3,3145.9,15,1,3145.8,15,1,3145.6,15,1,3146.2,21,1,3146.3,195,1,3146.7,142,2,3146.8,418,4,3146.9,120,3
2031,2026-06-16 13:42:13+05:30,3145.9,84,3132.34,2562572,126747.0,199195.0,3163.0,3163.0,3108.0,3134.3,32005400,3447.7,2820.9,3839.9,2896.0,3146.1,2,1,3146.0,4,3,3145.9,15,1,3145.8,15,1,3145.6,15,1,3146.2,21,1,3146.3,195,1,3146.7,142,2,3146.8,418,4,3146.9,120,3
2031,2026-06-16 13:42:13+05:30,3145.9,84,3132.34,2562772,126868.0,199305.0,3163.0,3163.0,3108.0,3134.3,32005400,3447.7,2820.9,3839.9,2896.0,3146.1,10,1,3146.0,18,2,3145.9,30,2,3145.8,25,3,3145.6,33,3,3146.2,21,1,3146.6,195,1,3146.7,1,1,3146.8,1,1,3146.9,7,2
2031,2026-06-16 13:42:14+05:30,3146.1,1,3132.34,2562772,126868.0,199305.0,3163.0,3163.0,3108.0,3134.3,32005400,3447.7,2820.9,3839.9,2896.0,3146.1,10,1,3146.0,18,2,3145.9,30,2,3145.8,25,3,3145.6,33,3,3146.2,21,1,3146.6,195,1,3146.7,1,1,3146.8,1,1,3146.9,7,2
2031,2026-06-16 13:42:14+05:30,3146.2,1,3132.34,2562802,126906.0,199069.0,3163.0,3163.0,3108.0,3134.3,32005400,3447.7,2820.9,3839.9,2896.0,3146.1,14,4,3146.0,6,2,3145.9,15,1,3145.8,41,5,3145.7,15,1,3146.2,11,1,3146.6,195,1,3146.7,1,1,3146.8,1,1,3146.9,7,2
2031,2026-06-16 13:42:15+05:30,3146.2,1,3132.34,2562802,126906.0,199069.0,3163.0,3163.0,3108.0,3134.3,32005400,3447.7,2820.9,3839.9,2896.0,3146.1,14,4,3146.0,6,2,3145.9,15,1,3145.8,41,5,3145.7,15,1,3146.2,11,1,3146.6,195,1,3146.7,1,1,3146.8,1,1,3146.9,7,2
2031,2026-06-16 13:42:15+05:30,3146.3,32,3132.34,2562879,127228.0,198829.0,3163.0,3163.0,3108.0,3134.3,32005400,3447.7,2820.9,3839.9,2896.0,3146.2,46,5,3146.1,34,3,3146.0,18,2,3145.9,53,3,3145.8,16,2,3146.3,163,1,3146.4,155,1,3146.6,141,1,3146.7,401,3,3146.8,114,2
2031,2026-06-16 13:42:16+05:30,3146.2,7,3132.34,2562879,127228.0,198829.0,3163.0,3163.0,3108.0,3134.3,32005400,3447.7,2820.9,3839.9,2896.0,3146.2,46,5,3146.1,34,3,3146.0,18,2,3145.9,53,3,3145.8,16,2,3146.3,163,1,3146.4,155,1,3146.6,141,1,3146.7,401,3,3146.8,114,2
2031,2026-06-16 13:42:16+05:30,3146.2,7,3132.34,2562921,127213.0,198812.0,3163.0,3163.0,3108.0,3134.3,32005400,3447.7,2820.9,3839.9,2896.0,3146.2,7,4,3146.1,50,4,3146.0,50,3,3145.9,6,1,3145.8,48,3,3146.3,130,1,3146.4,155,1,3146.6,141,1,3146.7,401,3,3146.8,156,3
2031,2026-06-16 13:42:17+05:30,3146.4,6,3132.34,2562921,127213.0,198812.0,3163.0,3163.0,3108.0,3134.3,32005400,3447.7,2820.9,3839.9,2896.0,3146.2,7,4,3146.1,50,4,3146.0,50,3,3145.9,6,1,3145.8,48,3,3146.3,130,1,3146.4,155,1,3146.6,141,1,3146.7,401,3,3146.8,156,3
2031,2026-06-16 13:42:17+05:30,3146.4,6,3132.34,2563127,127180.0,198893.0,3163.0,3163.0,3108.0,3134.3,32005400,3447.7,2820.9,3839.9,2896.0,3146.3,13,1,3146.2,52,3,3146.1,5,1,3146.0,50,3,3145.9,21,2,3146.4,149,1,3146.6,130,1,3146.7,1,1,3146.8,1,1,3146.9,7,2
2031,2026-06-16 13:42:18+05:30,3146.4,1,3132.34,2563127,127180.0,198893.0,3163.0,3163.0,3108.0,3134.3,32005400,3447.7,2820.9,3839.9,2896.0,3146.3,13,1,3146.2,52,3,3146.1,5,1,3146.0,50,3,3145.9,21,2,3146.4,149,1,3146.6,130,1,3146.7,1,1,3146.8,1,1,3146.9,7,2
2031,2026-06-16 13:42:18+05:30,3146.4,1,3132.34,2563128,127212.0,199209.0,3163.0,3163.0,3108.0,3134.3,32005400,3447.7,2820.9,3839.9,2896.0,3146.3,36,3,3146.2,20,2,3146.1,37,2,3146.0,33,3,3145.9,44,3,3146.4,148,1,3146.6,130,1,3146.7,1,1,3146.8,1,1,3146.9,7,2
2031,2026-06-16 13:42:19+05:30,3146.4,65,3132.34,2563128,127212.0,199209.0,3163.0,3163.0,3108.0,3134.3,32005400,3447.7,2820.9,3839.9,2896.0,3146.3,36,3,3146.2,20,2,3146.1,37,2,3146.0,33,3,3145.9,44,3,3146.4,148,1,3146.6,130,1,3146.7,1,1,3146.8,1,1,3146.9,7,2
2031,2026-06-16 13:42:19+05:30,3146.4,65,3132.34,2563206,128041.0,199136.0,3163.0,3163.0,3108.0,3134.3,32005400,3447.7,2820.9,3839.9,2896.0,3146.3,36,3,3146.2,52,3,3146.1,41,3,3146.0,33,3,3145.9,59,4,3146.4,75,2,3146.6,130,1,3146.7,1,1,3146.8,1,1,3146.9,7,2
2031,2026-06-16 13:42:19+05:30,3146.4,65,3132.34,2563206,128041.0,199136.0,3163.0,3163.0,3108.0,3134.3,32005400,3447.7,2820.9,3839.9,2896.0,3146.3,36,3,3146.2,52,3,3146.1,41,3,3146.0,33,3,3145.9,59,4,3146.4,75,2,3146.6,130,1,3146.7,1,1,3146.8,1,1,3146.9,7,2
2031,2026-06-16 13:42:20+05:30,3146.6,13,3132.34,2563206,128041.0,199136.0,3163.0,3163.0,3108.0,3134.3,32005400,3447.7,2820.9,3839.9,2896.0,3146.3,36,3,3146.2,52,3,3146.1,41,3,3146.0,33,3,3145.9,59,4,3146.4,75,2,3146.6,130,1,3146.7,1,1,3146.8,1,1,3146.9,7,2
2031,2026-06-16 13:42:20+05:30,3146.6,13,3132.34,2563294,128258.0,199010.0,3163.0,3163.0,3108.0,3134.3,32005400,3447.7,2820.9,3839.9,2896.0,3146.3,40,5,3146.2,37,2,3146.1,41,3,3146.0,43,5,3145.9,214,4,3146.6,117,1,3146.7,1,1,3146.8,1,1,3146.9,7,2,3147.0,1568,7
2031,2026-06-16 13:42:21+05:30,3146.6,13,3132.34,2563294,128258.0,199010.0,3163.0,3163.0,3108.0,3134.3,32005400,3447.7,2820.9,3839.9,2896.0,3146.3,40,5,3146.2,37,2,3146.1,41,3,3146.0,43,5,3145.9,214,4,3146.6,117,1,3146.7,1,1,3146.8,1,1,3146.9,7,2,3147.0,1568,7
2031,2026-06-16 13:42:21+05:30,3145.8,3,3132.34,2563294,128258.0,199010.0,3163.0,3163.0,3108.0,3134.3,32005400,3447.7,2820.9,3839.9,2896.0,3146.3,40,5,3146.2,37,2,3146.1,41,3,3146.0,43,5,3145.9,214,4,3146.6,117,1,3146.7,1,1,3146.8,1,1,3146.9,7,2,3147.0,1568,7
2031,2026-06-16 13:42:21+05:30,3145.8,3,3132.34,2563837,127678.0,198991.0,3163.0,3163.0,3108.0,3134.3,32005400,3447.7,2820.9,3839.9,2896.0,3146.2,2,1,3146.0,39,3,3145.8,32,3,3145.7,34,3,3145.6,39,7,3146.6,199,1,3146.7,11,2,3146.8,1,1,3146.9,7,2,3147.0,1567,7
2031,2026-06-16 13:42:22+05:30,3145.8,3,3132.34,2563837,128629.0,198657.0,3163.0,3163.0,3108.0,3134.3,32005400,3447.7,2820.9,3839.9,2896.0,3146.5,32,1,3146.4,67,5,3146.3,32,1,3146.2,43,5,3146.1,47,2,3146.7,1,1,3146.8,1,1,3146.9,7,2,3147.0,1426,6,3147.1,32,1
2031,2026-06-16 13:42:23+05:30,3146.5,2,3132.34,2563837,128629.0,198657.0,3163.0,3163.0,3108.0,3134.3,32005400,3447.7,2820.9,3839.9,2896.0,3146.5,32,1,3146.4,67,5,3146.3,32,1,3146.2,43,5,3146.1,47,2,3146.7,1,1,3146.8,1,1,3146.9,7,2,3147.0,1426,6,3147.1,32,1
2031,2026-06-16 13:42:23+05:30,3146.5,2,3132.35,2563928,129015.0,198317.0,3163.0,3163.0,3108.0,3134.3,32005400,3447.7,2820.9,3839.9,2896.0,3146.8,5,1,3146.6,62,3,3146.5,62,2,3146.4,39,4,3146.3,41,2,3147.0,1319,3,3147.1,32,1,3147.3,199,1,3147.4,26,1,3147.5,130,2
2031,2026-06-16 13:42:23+05:30,3146.5,2,3132.35,2563928,129015.0,198317.0,3163.0,3163.0,3108.0,3134.3,32005400,3447.7,2820.9,3839.9,2896.0,3146.8,5,1,3146.6,62,3,3146.5,62,2,3146.4,39,4,3146.3,41,2,3147.0,1319,3,3147.1,32,1,3147.3,199,1,3147.4,26,1,3147.5,130,2
2031,2026-06-16 13:42:24+05:30,3146.6,13,3132.35,2563928,129015.0,198317.0,3163.0,3163.0,3108.0,3134.3,32005400,3447.7,2820.9,3839.9,2896.0,3146.8,5,1,3146.6,62,3,3146.5,62,2,3146.4,39,4,3146.3,41,2,3147.0,1319,3,3147.1,32,1,3147.3,199,1,3147.4,26,1,3147.5,130,2
2031,2026-06-16 13:42:24+05:30,3147.0,4,3132.35,2563992,128857.0,198251.0,3163.0,3163.0,3108.0,3134.3,32005400,3447.7,2820.9,3839.9,2896.0,3146.8,3,1,3146.5,71,3,3146.4,51,4,3146.3,41,2,3146.2,20,2,3147.0,1354,4,3147.1,32,1,3147.3,199,1,3147.4,26,1,3147.5,172,3
2031,2026-06-16 13:42:25+05:30,3147.0,1,3132.35,2563992,128857.0,198251.0,3163.0,3163.0,3108.0,3134.3,32005400,3447.7,2820.9,3839.9,2896.0,3146.8,3,1,3146.5,71,3,3146.4,51,4,3146.3,41,2,3146.2,20,2,3147.0,1354,4,3147.1,32,1,3147.3,199,1,3147.4,26,1,3147.5,172,3
2031,2026-06-16 13:42:25+05:30,3147.0,1,3132.35,2563992,128857.0,198251.0,3163.0,3163.0,3108.0,3134.3,32005400,3447.7,2820.9,3839.9,2896.0,3146.8,3,1,3146.5,71,3,3146.4,51,4,3146.3,41,2,3146.2,20,2,3147.0,1354,4,3147.1,32,1,3147.3,199,1,3147.4,26,1,3147.5,172,3
2031,2026-06-16 13:42:26+05:30,3147.0,1,3132.35,2563993,128912.0,198455.0,3163.0,3163.0,3108.0,3134.3,32005400,3447.7,2820.9,3839.9,2896.0,3146.7,32,1,3146.5,101,5,3146.4,1,1,3146.3,24,2,3146.2,20,2,3147.0,1353,4,3147.1,32,1,3147.3,199,1,3147.4,2,1,3147.5,172,3
2031,2026-06-16 13:42:26+05:30,3146.7,6,3132.35,2563993,128912.0,198455.0,3163.0,3163.0,3108.0,3134.3,32005400,3447.7,2820.9,3839.9,2896.0,3146.7,32,1,3146.5,101,5,3146.4,1,1,3146.3,24,2,3146.2,20,2,3147.0,1353,4,3147.1,32,1,3147.3,199,1,3147.4,2,1,3147.5,172,3
2031,2026-06-16 13:42:27+05:30,3146.7,6,3132.35,2564002,128920.0,198473.0,3163.0,3163.0,3108.0,3134.3,32005400,3447.7,2820.9,3839.9,2896.0,3146.7,71,5,3146.6,32,1,3146.5,54,3,3146.4,48,3,3146.3,30,3,3146.8,2,1,3147.0,1367,5,3147.1,32,1,3147.3,199,1,3147.5,130,2
2031,2026-06-16 13:42:27+05:30,3146.6,9,3132.35,2564002,128920.0,198473.0,3163.0,3163.0,3108.0,3134.3,32005400,3447.7,2820.9,3839.9,2896.0,3146.7,71,5,3146.6,32,1,3146.5,54,3,3146.4,48,3,3146.3,30,3,3146.8,2,1,3147.0,1367,5,3147.1,32,1,3147.3,199,1,3147.5,130,2
2031,2026-06-16 13:42:28+05:30,3146.6,9,3132.35,2564269,128725.0,198775.0,3163.0,3163.0,3108.0,3134.3,32005400,3447.7,2820.9,3839.9,2896.0,3146.9,1,1,3146.5,71,3,3146.3,32,1,3146.2,17,2,3146.1,21,1,3147.0,1367,5,3147.1,32,1,3147.3,199,1,3147.4,17,1,3147.5,198,5
2031,2026-06-16 13:42:28+05:30,3146.6,9,3132.35,2564269,128725.0,198775.0,3163.0,3163.0,3108.0,3134.3,32005400,3447.7,2820.9,3839.9,2896.0,3146.9,1,1,3146.5,71,3,3146.3,32,1,3146.2,17,2,3146.1,21,1,3147.0,1367,5,3147.1,32,1,3147.3,199,1,3147.4,17,1,3147.5,198,5
2031,2026-06-16 13:42:29+05:30,3146.6,9,3132.35,2564269,128846.0,198625.0,3163.0,3163.0,3108.0,3134.3,32005400,3447.7,2820.9,3839.9,2896.0,3146.9,1,1,3146.8,32,1,3146.7,32,1,3146.5,87,4,3146.2,17,2,3147.0,1367,5,3147.1,32,1,3147.3,199,1,3147.4,17,1,3147.5,196,4
2031,2026-06-16 13:42:29+05:30,3146.6,9,3132.35,2564269,128846.0,198625.0,3163.0,3163.0,3108.0,3134.3,32005400,3447.7,2820.9,3839.9,2896.0,3146.9,1,1,3146.8,32,1,3146.7,32,1,3146.5,87,4,3146.2,17,2,3147.0,1367,5,3147.1,32,1,3147.3,199,1,3147.4,17,1,3147.5,196,4
2031,2026-06-16 13:42:30+05:30,3147.0,28,3132.35,2564297,128873.0,198640.0,3163.0,3163.0,3108.0,3134.3,32005400,3447.7,2820.9,3839.9,2896.0,3146.9,5,2,3146.8,32,1,3146.7,33,2,3146.5,87,4,3146.4,8,1,3147.0,1340,6,3147.1,32,1,3147.3,199,1,3147.5,130,2,3147.7,183,2
2031,2026-06-16 13:42:30+05:30,3147.0,2,3132.35,2564297,128873.0,198640.0,3163.0,3163.0,3108.0,3134.3,32005400,3447.7,2820.9,3839.9,2896.0,3146.9,5,2,3146.8,32,1,3146.7,33,2,3146.5,87,4,3146.4,8,1,3147.0,1340,6,3147.1,32,1,3147.3,199,1,3147.5,130,2,3147.7,183,2
2031,2026-06-16 13:42:31+05:30,3147.0,2,3132.35,2564297,128873.0,198640.0,3163.0,3163.0,3108.0,3134.3,32005400,3447.7,2820.9,3839.9,2896.0,3146.9,5,2,3146.8,32,1,3146.7,33,2,3146.5,87,4,3146.4,8,1,3147.0,1340,6,3147.1,32,1,3147.3,199,1,3147.5,130,2,3147.7,183,2
2031,2026-06-16 13:42:31+05:30,3147.0,1,3132.35,2564303,128901.0,198554.0,3163.0,3163.0,3108.0,3134.3,32005400,3447.7,2820.9,3839.9,2896.0,3146.9,5,2,3146.8,32,1,3146.7,33,2,3146.5,87,4,3146.4,8,1,3147.0,1334,6,3147.1,32,1,3147.3,199,1,3147.5,130,2,3147.6,19,2
2031,2026-06-16 13:42:31+05:30,3147.0,1,3132.35,2564303,128901.0,198554.0,3163.0,3163.0,3108.0,3134.3,32005400,3447.7,2820.9,3839.9,2896.0,3146.9,5,2,3146.8,32,1,3146.7,33,2,3146.5,87,4,3146.4,8,1,3147.0,1334,6,3147.1,32,1,3147.3,199,1,3147.5,130,2,3147.6,19,2
2031,2026-06-16 13:42:31+05:30,3147.0,1,3132.35,2564303,128901.0,198554.0,3163.0,3163.0,3108.0,3134.3,32005400,3447.7,2820.9,3839.9,2896.0,3146.9,5,2,3146.8,32,1,3146.7,33,2,3146.5,87,4,3146.4,8,1,3147.0,1334,6,3147.1,32,1,3147.3,199,1,3147.5,130,2,3147.6,19,2
2031,2026-06-16 13:42:32+05:30,3146.9,1,3132.35,2564476,128918.0,198263.0,3163.0,3163.0,3108.0,3134.3,32005400,3447.7,2820.9,3839.9,2896.0,3146.9,21,3,3146.8,32,1,3146.7,33,2,3146.5,86,4,3146.3,3,1,3147.0,1162,6,3147.1,32,1,3147.3,199,1,3147.5,130,2,3147.6,19,2
2031,2026-06-16 13:42:32+05:30,3146.9,1,3132.35,2564476,128918.0,198263.0,3163.0,3163.0,3108.0,3134.3,32005400,3447.7,2820.9,3839.9,2896.0,3146.9,21,3,3146.8,32,1,3146.7,33,2,3146.5,86,4,3146.3,3,1,3147.0,1162,6,3147.1,32,1,3147.3,199,1,3147.5,130,2,3147.6,19,2
2031,2026-06-16 13:42:32+05:30,3146.9,1,3132.35,2564476,128918.0,198263.0,3163.0,3163.0,3108.0,3134.3,32005400,3447.7,2820.9,3839.9,2896.0,3146.9,21,3,3146.8,32,1,3146.7,33,2,3146.5,86,4,3146.3,3,1,3147.0,1162,6,3147.1,32,1,3147.3,199,1,3147.5,130,2,3147.6,19,2
2031,2026-06-16 13:42:32+05:30,3146.9,1,3132.35,2564476,128918.0,198263.0,3163.0,3163.0,3108.0,3134.3,32005400,3447.7,2820.9,3839.9,2896.0,3146.9,21,3,3146.8,32,1,3146.7,33,2,3146.5,86,4,3146.3,3,1,3147.0,1162,6,3147.1,32,1,3147.3,199,1,3147.5,130,2,3147.6,19,2
2031,2026-06-16 13:42:33+05:30,3146.9,1,3132.35,2564476,128918.0,198268.0,3163.0,3163.0,3108.0,3134.3,32005400,3447.7,2820.9,3839.9,2896.0,3146.9,21,3,3146.8,32,1,3146.7,33,2,3146.5,86,4,3146.3,3,1,3147.0,1162,6,3147.1,32,1,3147.3,199,1,3147.5,130,2,3147.6,19,2
2031,2026-06-16 13:42:33+05:30,3146.9,1,3132.35,2564476,128918.0,198268.0,3163.0,3163.0,3108.0,3134.3,32005400,3447.7,2820.9,3839.9,2896.0,3146.9,21,3,3146.8,32,1,3146.7,33,2,3146.5,86,4,3146.3,3,1,3147.0,1162,6,3147.1,32,1,3147.3,199,1,3147.5,130,2,3147.6,19,2
2031,2026-06-16 13:42:34+05:30,3146.9,1,3132.35,2564476,128918.0,198268.0,3163.0,3163.0,3108.0,3134.3,32005400,3447.7,2820.9,3839.9,2896.0,3146.9,21,3,3146.8,32,1,3146.7,33,2,3146.5,86,4,3146.3,3,1,3147.0,1162,6,3147.1,32,1,3147.3,199,1,3147.5,130,2,3147.6,19,2
2031,2026-06-16 13:42:34+05:30,3146.1,2,3132.35,2564730,128067.0,198689.0,3163.0,3163.0,3108.0,3134.3,32005400,3447.7,2820.9,3839.9,2896.0,3146.5,17,1,3146.1,12,1,3146.0,28,4,3145.9,21,1,3145.8,89,5,3147.0,1111,5,3147.1,32,1,3147.2,2,1,3147.3,199,1,3147.5,189,4
2031,2026-06-16 13:42:34+05:30,3146.1,2,3132.35,2564730,128067.0,198689.0,3163.0,3163.0,3108.0,3134.3,32005400,3447.7,2820.9,3839.9,2896.0,3146.5,17,1,3146.1,12,1,3146.0,28,4,3145.9,21,1,3145.8,89,5,3147.0,1111,5,3147.1,32,1,3147.2,2,1,3147.3,199,1,3147.5,189,4
2031,2026-06-16 13:42:35+05:30,3146.1,2,3132.35,2564730,128067.0,198689.0,3163.0,3163.0,3108.0,3134.3,32005400,3447.7,2820.9,3839.9,2896.0,3146.5,17,1,3146.1,12,1,3146.0,28,4,3145.9,21,1,3145.8,89,5,3147.0,1111,5,3147.1,32,1,3147.2,2,1,3147.3,199,1,3147.5,189,4
2031,2026-06-16 13:42:35+05:30,3146.1,2,3132.35,2564730,128658.0,198757.0,3163.0,3163.0,3108.0,3134.3,32005400,3447.7,2820.9,3839.9,2896.0,3146.9,41,2,3146.8,32,1,3146.7,32,1,3146.5,49,2,3146.1,33,3,3147.0,1136,6,3147.1,32,1,3147.3,199,1,3147.5,190,4,3147.6,28,1
2031,2026-06-16 13:42:36+05:30,3146.1,2,3132.35,2564730,128658.0,198757.0,3163.0,3163.0,3108.0,3134.3,32005400,3447.7,2820.9,3839.9,2896.0,3146.9,41,2,3146.8,32,1,3146.7,32,1,3146.5,49,2,3146.1,33,3,3147.0,1136,6,3147.1,32,1,3147.3,199,1,3147.5,190,4,3147.6,28,1
2031,2026-06-16 13:42:36+05:30,3147.0,1,3132.35,2564984,128670.0,198716.0,3163.0,3163.0,3108.0,3134.3,32005400,3447.7,2820.9,3839.9,2896.0,3146.9,5,1,3146.5,17,1,3146.2,15,1,3146.1,36,4,3146.0,40,4,3147.0,1123,6,3147.1,32,1,3147.2,18,1,3147.3,199,1,3147.4,22,2
2031,2026-06-16 13:42:36+05:30,3146.5,5,3132.35,2564984,128670.0,198716.0,3163.0,3163.0,3108.0,3134.3,32005400,3447.7,2820.9,3839.9,2896.0,3146.9,5,1,3146.5,17,1,3146.2,15,1,3146.1,36,4,3146.0,40,4,3147.0,1123,6,3147.1,32,1,3147.2,18,1,3147.3,199,1,3147.4,22,2
2031,2026-06-16 13:42:36+05:30,3146.5,5,3132.35,2564984,128670.0,198716.0,3163.0,3163.0,3108.0,3134.3,32005400,3447.7,2820.9,3839.9,2896.0,3146.9,5,1,3146.5,17,1,3146.2,15,1,3146.1,36,4,3146.0,40,4,3147.0,1123,6,3147.1,32,1,3147.2,18,1,3147.3,199,1,3147.4,22,2
2031,2026-06-16 13:42:37+05:30,3147.0,24,3132.35,2565018,128773.0,198766.0,3163.0,3163.0,3108.0,3134.3,32005400,3447.7,2820.9,3839.9,2896.0,3146.9,2,1,3146.5,12,1,3146.1,51,5,3146.0,25,3,3145.9,39,3,3147.0,1136,7,3147.1,32,1,3147.3,199,1,3147.5,227,5,3147.6,28,1
2031,2026-06-16 13:42:37+05:30,3147.0,24,3132.35,2565018,128773.0,198766.0,3163.0,3163.0,3108.0,3134.3,32005400,3447.7,2820.9,3839.9,2896.0,3146.9,2,1,3146.5,12,1,3146.1,51,5,3146.0,25,3,3145.9,39,3,3147.0,1136,7,3147.1,32,1,3147.3,199,1,3147.5,227,5,3147.6,28,1
2031,2026-06-16 13:42:37+05:30,3147.0,24,3132.35,2565018,128773.0,198766.0,3163.0,3163.0,3108.0,3134.3,32005400,3447.7,2820.9,3839.9,2896.0,3146.9,2,1,3146.5,12,1,3146.1,51,5,3146.0,25,3,3145.9,39,3,3147.0,1136,7,3147.1,32,1,3147.3,199,1,3147.5,227,5,3147.6,28,1
2031,2026-06-16 13:42:38+05:30,3147.0,24,3132.35,2565018,128773.0,198766.0,3163.0,3163.0,3108.0,3134.3,32005400,3447.7,2820.9,3839.9,2896.0,3146.5,1,1,3146.2,13,1,3146.1,24,3,3146.0,40,4,3145.9,39,3,3147.0,1112,6,3147.1,32,1,3147.2,2,1,3147.3,199,1,3147.5,209,4
2031,2026-06-16 13:42:38+05:30,3146.9,1,3132.35,2565092,128738.0,198747.0,3163.0,3163.0,3108.0,3134.3,32005400,3447.7,2820.9,3839.9,2896.0,3146.5,1,1,3146.2,13,1,3146.1,24,3,3146.0,40,4,3145.9,39,3,3147.0,1112,6,3147.1,32,1,3147.2,2,1,3147.3,199,1,3147.5,209,4
2031,2026-06-16 13:42:38+05:30,3146.9,1,3132.35,2565092,128738.0,198747.0,3163.0,3163.0,3108.0,3134.3,32005400,3447.7,2820.9,3839.9,2896.0,3146.5,1,1,3146.2,13,1,3146.1,24,3,3146.0,40,4,3145.9,39,3,3147.0,1112,6,3147.1,32,1,3147.2,2,1,3147.3,199,1,3147.5,209,4
2031,2026-06-16 13:42:39+05:30,3146.9,1,3132.35,2565092,128738.0,198747.0,3163.0,3163.0,3108.0,3134.3,32005600,3447.7,2820.9,3839.9,2896.0,3146.5,1,1,3146.2,13,1,3146.1,24,3,3146.0,40,4,3145.9,39,3,3147.0,1112,6,3147.1,32,1,3147.2,2,1,3147.3,199,1,3147.5,209,4
2031,2026-06-16 13:42:39+05:30,3147.0,10,3132.35,2565102,128793.0,198684.0,3163.0,3163.0,3108.0,3134.3,32005600,3447.7,2820.9,3839.9,2896.0,3146.5,1,1,3146.1,24,3,3146.0,26,3,3145.9,57,4,3145.8,55,5,3147.0,1102,6,3147.1,32,1,3147.2,2,1,3147.3,199,1,3147.5,172,3
2031,2026-06-16 13:42:39+05:30,3147.0,10,3132.35,2565102,128793.0,198684.0,3163.0,3163.0,3108.0,3134.3,32005600,3447.7,2820.9,3839.9,2896.0,3146.5,1,1,3146.1,24,3,3146.0,26,3,3145.9,57,4,3145.8,55,5,3147.0,1102,6,3147.1,32,1,3147.2,2,1,3147.3,199,1,3147.5,172,3
2031,2026-06-16 13:42:40+05:30,3147.0,8,3132.35,2565111,128767.0,198565.0,3163.0,3163.0,3108.0,3134.3,32005600,3447.7,2820.9,3839.9,2896.0,3146.5,1,1,3146.1,38,3,3146.0,11,2,3145.9,58,5,3145.8,229,6,3147.0,1093,6,3147.1,32,1,3147.3,199,1,3147.5,172,3,3147.6,2,1
2031,2026-06-16 13:42:40+05:30,3147.0,8,3132.35,2565111,128767.0,198565.0,3163.0,3163.0,3108.0,3134.3,32005600,3447.7,2820.9,3839.9,2896.0,3146.5,1,1,3146.1,38,3,3146.0,11,2,3145.9,58,5,3145.8,229,6,3147.0,1093,6,3147.1,32,1,3147.3,199,1,3147.5,172,3,3147.6,2,1
2031,2026-06-16 13:42:41+05:30,3146.5,1,3132.35,2565146,128832.0,198746.0,3163.0,3163.0,3108.0,3134.3,32005600,3447.7,2820.9,3839.9,2896.0,3146.5,17,1,3146.1,8,4,3146.0,187,3,3145.9,85,5,3145.8,119,7,3147.0,1135,8,3147.3,199,1,3147.4,2,1,3147.5,172,3,3147.7,183,2
2031,2026-06-16 13:42:41+05:30,3146.5,1,3132.35,2565146,128832.0,198746.0,3163.0,3163.0,3108.0,3134.3,32005600,3447.7,2820.9,3839.9,2896.0,3146.5,17,1,3146.1,8,4,3146.0,187,3,3145.9,85,5,3145.8,119,7,3147.0,1135,8,3147.3,199,1,3147.4,2,1,3147.5,172,3,3147.7,183,2
2031,2026-06-16 13:42:42+05:30,3146.8,5,3132.35,2565151,128991.0,198572.0,3163.0,3163.0,3108.0,3134.3,32005600,3447.7,2820.9,3839.9,2896.0,3146.8,30,1,3146.7,32,1,3146.6,32,1,3146.5,49,2,3146.4,15,1,3147.0,1135,8,3147.3,199,1,3147.5,130,2,3147.7,141,1,3147.8,633,8
2031,2026-06-16 13:42:42+05:30,3146.8,5,3132.35,2565151,128991.0,198572.0,3163.0,3163.0,3108.0,3134.3,32005600,3447.7,2820.9,3839.9,2896.0,3146.8,30,1,3146.7,32,1,3146.6,32,1,3146.5,49,2,3146.4,15,1,3147.0,1135,8,3147.3,199,1,3147.5,130,2,3147.7,141,1,3147.8,633,8
2031,2026-06-16 13:42:43+05:30,3146.8,5,3132.35,2565151,128964.0,198509.0,3163.0,3163.0,3108.0,3134.3,32005600,3447.7,2820.9,3839.9,2896.0,3146.9,32,1,3146.8,32,1,3146.7,32,1,3146.5,55,3,3146.4,15,1,3147.0,1135,8,3147.3,199,1,3147.5,130,2,3147.7,141,1,3147.8,606,7
2031,2026-06-16 13:42:43+05:30,3147.0,30,3132.35,2565151,128964.0,198509.0,3163.0,3163.0,3108.0,3134.3,32005600,3447.7,2820.9,3839.9,2896.0,3146.9,32,1,3146.8,32,1,3146.7,32,1,3146.5,55,3,3146.4,15,1,3147.0,1135,8,3147.3,199,1,3147.5,130,2,3147.7,141,1,3147.8,606,7
2031,2026-06-16 13:42:44+05:30,3147.0,45,3132.35,2565231,128857.0,198478.0,3163.0,3163.0,3108.0,3134.3,32005600,3447.7,2820.9,3839.9,2896.0,3146.9,32,1,3146.8,32,1,3146.7,32,1,3146.5,49,2,3146.4,15,1,3147.0,1090,10,3147.3,199,1,3147.5,130,2,3147.7,141,1,3147.8,624,8
2031,2026-06-16 13:42:44+05:30,3147.0,45,3132.35,2565231,128857.0,198478.0,3163.0,3163.0,3108.0,3134.3,32005600,3447.7,2820.9,3839.9,2896.0,3146.9,32,1,3146.8,32,1,3146.7,32,1,3146.5,49,2,3146.4,15,1,3147.0,1090,10,3147.3,199,1,3147.5,130,2,3147.7,141,1,3147.8,624,8
2031,2026-06-16 13:42:45+05:30,3147.0,2,3132.35,2565231,128857.0,198478.0,3163.0,3163.0,3108.0,3134.3,32005600,3447.7,2820.9,3839.9,2896.0,3146.9,32,1,3146.8,32,1,3146.7,32,1,3146.5,49,2,3146.4,15,1,3147.0,1090,10,3147.3,199,1,3147.5,130,2,3147.7,141,1,3147.8,624,8
2031,2026-06-16 13:42:45+05:30,3147.0,2,3132.35,2565443,128909.0,197611.0,3163.0,3163.0,3108.0,3134.3,32005600,3447.7,2820.9,3839.9,2896.0,3146.9,33,2,3146.8,32,1,3146.7,32,1,3146.5,47,2,3146.4,15,1,3147.0,878,10,3147.3,199,1,3147.5,130,2,3147.7,141,1,3147.8,555,7
2031,2026-06-16 13:42:46+05:30,3147.0,1,3132.35,2565443,128909.0,197611.0,3163.0,3163.0,3108.0,3134.3,32005600,3447.7,2820.9,3839.9,2896.0,3146.9,33,2,3146.8,32,1,3146.7,32,1,3146.5,47,2,3146.4,15,1,3147.0,878,10,3147.3,199,1,3147.5,130,2,3147.7,141,1,3147.8,555,7
2031,2026-06-16 13:42:46+05:30,3147.0,1,3132.35,2565537,128919.0,197663.0,3163.0,3163.0,3108.0,3134.3,32005600,3447.7,2820.9,3839.9,2896.0,3146.8,25,1,3146.7,32,1,3146.5,47,2,3146.3,9,1,3146.2,25,2,3147.0,782,9,3147.3,199,1,3147.4,2,1,3147.5,130,2,3147.6,52,2
2031,2026-06-16 13:42:47+05:30,3147.0,1,3132.35,2565537,128919.0,197663.0,3163.0,3163.0,3108.0,3134.3,32005600,3447.7,2820.9,3839.9,2896.0,3146.8,25,1,3146.7,32,1,3146.5,47,2,3146.3,9,1,3146.2,25,2,3147.0,782,9,3147.3,199,1,3147.4,2,1,3147.5,130,2,3147.6,52,2
2031,2026-06-16 13:42:47+05:30,3147.0,1,3132.35,2565549,128954.0,198135.0,3163.0,3163.0,3108.0,3134.3,32005600,3447.7,2820.9,3839.9,2896.0,3146.8,20,1,3146.7,48,2,3146.5,32,1,3146.3,9,1,3146.2,25,2,3147.0,775,9,3147.3,199,1,3147.4,2,1,3147.5,130,2,3147.6,4,1
2031,2026-06-16 13:42:48+05:30,3146.8,1,3132.35,2565549,128954.0,198135.0,3163.0,3163.0,3108.0,3134.3,32005600,3447.7,2820.9,3839.9,2896.0,3146.8,20,1,3146.7,48,2,3146.5,32,1,3146.3,9,1,3146.2,25,2,3147.0,775,9,3147.3,199,1,3147.4,2,1,3147.5,130,2,3147.6,4,1
2031,2026-06-16 13:42:48+05:30,3146.8,1,3132.36,2565628,128913.0,198128.0,3163.0,3163.0,3108.0,3134.3,32005600,3447.7,2820.9,3839.9,2896.0,3146.8,19,1,3146.7,48,2,3146.5,32,1,3146.4,15,1,3146.3,9,1,3146.9,1,1,3147.0,697,9,3147.3,199,1,3147.5,130,2,3147.7,204,4
2031,2026-06-16 13:42:49+05:30,3146.9,29,3132.36,2565628,128913.0,198128.0,3163.0,3163.0,3108.0,3134.3,32005600,3447.7,2820.9,3839.9,2896.0,3146.8,19,1,3146.7,48,2,3146.5,32,1,3146.4,15,1,3146.3,9,1,3146.9,1,1,3147.0,697,9,3147.3,199,1,3147.5,130,2,3147.7,204,4
2031,2026-06-16 13:42:49+05:30,3146.9,29,3132.36,2565669,129007.0,198122.0,3163.0,3163.0,3108.0,3134.3,32005600,3447.7,2820.9,3839.9,2896.0,3146.9,3,1,3146.8,58,2,3146.7,16,1,3146.6,32,1,3146.4,47,2,3147.0,697,9,3147.3,199,1,3147.5,130,2,3147.7,202,3,3147.8,603,8
2031,2026-06-16 13:42:50+05:30,3146.9,2,3132.36,2565674,129030.0,198104.0,3163.0,3163.0,3108.0,3134.3,32005600,3447.7,2820.9,3839.9,2896.0,3146.9,27,1,3146.8,58,2,3146.7,48,2,3146.6,30,2,3146.5,32,1,3147.0,722,10,3147.3,199,1,3147.5,130,2,3147.7,202,3,3147.8,553,6
2031,2026-06-16 13:42:50+05:30,3146.9,2,3132.36,2565674,129030.0,198104.0,3163.0,3163.0,3108.0,3134.3,32005600,3447.7,2820.9,3839.9,2896.0,3146.9,27,1,3146.8,58,2,3146.7,48,2,3146.6,30,2,3146.5,32,1,3147.0,722,10,3147.3,199,1,3147.5,130,2,3147.7,202,3,3147.8,553,6
2031,2026-06-16 13:42:51+05:30,3147.0,43,3132.36,2565674,129030.0,198104.0,3163.0,3163.0,3108.0,3134.3,32005600,3447.7,2820.9,3839.9,2896.0,3146.9,27,1,3146.8,58,2,3146.7,48,2,3146.6,30,2,3146.5,32,1,3147.0,722,10,3147.3,199,1,3147.5,130,2,3147.7,202,3,3147.8,553,6
2031,2026-06-16 13:42:51+05:30,3147.0,11,3132.36,2565788,128962.0,198065.0,3163.0,3163.0,3108.0,3134.3,32005600,3447.7,2820.9,3839.9,2896.0,3146.8,30,1,3146.7,48,2,3146.6,15,1,3146.5,32,1,3146.4,15,1,3147.0,663,10,3147.3,199,1,3147.5,130,2,3147.7,183,2,3147.8,574,8
2031,2026-06-16 13:42:52+05:30,3147.0,73,3132.36,2565935,128960.0,197840.0,3163.0,3163.0,3108.0,3134.3,32005600,3447.7,2820.9,3839.9,2896.0,3146.8,30,1,3146.7,32,1,3146.6,15,1,3146.5,32,1,3146.4,15,1,3147.0,516,9,3147.3,199,1,3147.5,130,2,3147.7,141,1,3147.8,574,8
2031,2026-06-16 13:42:52+05:30,3147.0,73,3132.36,2565935,128960.0,197840.0,3163.0,3163.0,3108.0,3134.3,32005600,3447.7,2820.9,3839.9,2896.0,3146.8,30,1,3146.7,32,1,3146.6,15,1,3146.5,32,1,3146.4,15,1,3147.0,516,9,3147.3,199,1,3147.5,130,2,3147.7,141,1,3147.8,574,8
2031,2026-06-16 13:42:53+05:30,3147.0,73,3132.36,2565935,128960.0,197840.0,3163.0,3163.0,3108.0,3134.3,32005600,3447.7,2820.9,3839.9,2896.0,3146.8,30,1,3146.7,32,1,3146.6,15,1,3146.5,32,1,3146.4,15,1,3147.0,516,9,3147.3,199,1,3147.5,130,2,3147.7,141,1,3147.8,574,8
2031,2026-06-16 13:42:54+05:30,3147.0,9,3132.36,2565945,128976.0,197967.0,3163.0,3163.0,3108.0,3134.3,32005600,3447.7,2820.9,3839.9,2896.0,3146.8,30,1,3146.7,47,2,3146.6,15,1,3146.5,32,1,3146.4,15,1,3147.0,506,9,3147.3,199,1,3147.5,130,2,3147.7,183,2,3147.8,574,8
2031,2026-06-16 13:42:54+05:30,3147.0,9,3132.36,2565945,128976.0,197967.0,3163.0,3163.0,3108.0,3134.3,32005600,3447.7,2820.9,3839.9,2896.0,3146.8,30,1,3146.7,47,2,3146.6,15,1,3146.5,32,1,3146.4,15,1,3147.0,506,9,3147.3,199,1,3147.5,130,2,3147.7,183,2,3147.8,574,8
2031,2026-06-16 13:42:55+05:30,3147.0,30,3132.36,2565976,128853.0,197906.0,3163.0,3163.0,3108.0,3134.3,32005600,3447.7,2820.9,3839.9,2896.0,3146.8,30,1,3146.7,47,2,3146.5,32,1,3146.3,9,1,3146.2,26,3,3147.0,475,9,3147.3,199,1,3147.5,130,2,3147.6,2,1,3147.7,202,3
2031,2026-06-16 13:42:55+05:30,3147.0,30,3132.36,2565976,128853.0,197906.0,3163.0,3163.0,3108.0,3134.3,32005600,3447.7,2820.9,3839.9,2896.0,3146.8,30,1,3146.7,47,2,3146.5,32,1,3146.3,9,1,3146.2,26,3,3147.0,475,9,3147.3,199,1,3147.5,130,2,3147.6,2,1,3147.7,202,3
2031,2026-06-16 13:42:56+05:30,3146.8,9,3132.36,2565985,128846.0,197909.0,3163.0,3163.0,3108.0,3134.3,32005600,3447.7,2820.9,3839.9,2896.0,3146.8,21,1,3146.7,47,2,3146.5,32,1,3146.3,9,1,3146.2,25,2,3147.0,525,10,3147.3,199,1,3147.5,172,3,3147.6,2,1,3147.7,236,4
2031,2026-06-16 13:42:56+05:30,3146.8,9,3132.36,2565985,128846.0,197909.0,3163.0,3163.0,3108.0,3134.3,32005600,3447.7,2820.9,3839.9,2896.0,3146.8,21,1,3146.7,47,2,3146.5,32,1,3146.3,9,1,3146.2,25,2,3147.0,525,10,3147.3,199,1,3147.5,172,3,3147.6,2,1,3147.7,236,4
2031,2026-06-16 13:42:57+05:30,3147.0,152,3132.36,2566138,128840.0,197720.0,3163.0,3163.0,3108.0,3134.3,32005600,3447.7,2820.9,3839.9,2896.0,3146.8,21,1,3146.7,47,2,3146.5,32,1,3146.3,9,1,3146.2,67,3,3147.0,372,10,3147.3,199,1,3147.5,164,3,3147.6,2,1,3147.7,160,2
2031,2026-06-16 13:42:57+05:30,3147.0,152,3132.36,2566138,128840.0,197720.0,3163.0,3163.0,3108.0,3134.3,32005600,3447.7,2820.9,3839.9,2896.0,3146.8,21,1,3146.7,47,2,3146.5,32,1,3146.3,9,1,3146.2,67,3,3147.0,372,10,3147.3,199,1,3147.5,164,3,3147.6,2,1,3147.7,160,2
2031,2026-06-16 13:42:58+05:30,3147.3,96,3132.36,2566863,129168.0,197146.0,3163.0,3163.0,3108.0,3134.3,32005600,3447.7,2820.9,3839.9,2896.0,3146.5,32,1,3146.2,40,3,3146.1,94,6,3146.0,96,6,3145.9,21,1,3147.0,1,1,3147.3,103,1,3147.5,130,2,3147.6,122,1,3147.7,201,3
2031,2026-06-16 13:42:58+05:30,3147.3,96,3132.36,2566863,129168.0,197146.0,3163.0,3163.0,3108.0,3134.3,32005600,3447.7,2820.9,3839.9,2896.0,3146.5,32,1,3146.2,40,3,3146.1,94,6,3146.0,96,6,3145.9,21,1,3147.0,1,1,3147.3,103,1,3147.5,130,2,3147.6,122,1,3147.7,201,3
2031,2026-06-16 13:42:59+05:30,3147.3,43,3132.36,2566907,129142.0,197251.0,3163.0,3163.0,3108.0,3134.3,32005600,3447.7,2820.9,3839.9,2896.0,3146.5,43,1,3146.2,16,2,3146.1,17,3,3146.0,81,5,3145.9,54,3,3146.8,1,1,3147.3,60,1,3147.4,13,1,3147.5,130,2,3147.6,49,1
2031,2026-06-16 13:42:59+05:30,3147.3,43,3132.36,2566907,129142.0,197251.0,3163.0,3163.0,3108.0,3134.3,32005600,3447.7,2820.9,3839.9,2896.0,3146.5,43,1,3146.2,16,2,3146.1,17,3,3146.0,81,5,3145.9,54,3,3146.8,1,1,3147.3,60,1,3147.4,13,1,3147.5,130,2,3147.6,49,1
2031,2026-06-16 13:43:00+05:30,3146.8,1,3132.36,2566908,129483.0,196867.0,3163.0,3163.0,3108.0,3134.3,32005600,3447.7,2820.9,3839.9,2896.0,3146.7,2,2,3146.5,52,5,3146.3,21,1,3146.2,80,4,3146.1,45,4,3147.4,60,1,3147.5,130,2,3147.7,183,2,3147.8,501,4,3147.9,160,3
2031,2026-06-16 13:43:00+05:30,3146.8,1,3132.36,2566908,129483.0,196867.0,3163.0,3163.0,3108.0,3134.3,32005600,3447.7,2820.9,3839.9,2896.0,3146.7,2,2,3146.5,52,5,3146.3,21,1,3146.2,80,4,3146.1,45,4,3147.4,60,1,3147.5,130,2,3147.7,183,2,3147.8,501,4,3147.9,160,3
2031,2026-06-16 13:43:01+05:30,3146.8,1,3132.36,2566908,129521.0,196744.0,3163.0,3163.0,3108.0,3134.3,32005600,3447.7,2820.9,3839.9,2896.0,3146.7,2,2,3146.5,68,7,3146.4,4,1,3146.3,21,1,3146.2,80,4,3147.4,60,1,3147.5,130,2,3147.7,183,2,3147.8,501,4,3147.9,160,3
2031,2026-06-16 13:43:02+05:30,3147.3,1,3132.36,2566908,129521.0,196744.0,3163.0,3163.0,3108.0,3134.3,32005600,3447.7,2820.9,3839.9,2896.0,3146.7,2,2,3146.5,68,7,3146.4,4,1,3146.3,21,1,3146.2,80,4,3147.4,60,1,3147.5,130,2,3147.7,183,2,3147.8,501,4,3147.9,160,3
2031,2026-06-16 13:43:02+05:30,3147.3,1,3132.36,2566909,129512.0,196883.0,3163.0,3163.0,3108.0,3134.3,32005600,3447.7,2820.9,3839.9,2896.0,3146.7,43,3,3146.5,65,6,3146.4,4,1,3146.3,21,1,3146.2,122,5,3147.3,130,2,3147.4,56,2,3147.5,130,2,3147.7,183,2,3147.8,501,4
2031,2026-06-16 13:43:03+05:30,3147.3,1,3132.36,2566909,129512.0,196887.0,3163.0,3163.0,3108.0,3134.3,32005600,3447.7,2820.9,3839.9,2896.0,3146.7,43,3,3146.5,65,6,3146.4,4,1,3146.3,21,1,3146.2,122,5,3147.3,130,2,3147.4,56,2,3147.5,130,2,3147.7,183,2,3147.8,501,4
2031,2026-06-16 13:43:04+05:30,3147.3,1,3132.36,2566909,129516.0,196871.0,3163.0,3163.0,3108.0,3134.3,32005600,3447.7,2820.9,3839.9,2896.0,3146.7,43,3,3146.5,65,6,3146.4,4,1,3146.3,21,1,3146.2,122,5,3147.3,130,2,3147.4,56,2,3147.5,130,2,3147.7,183,2,3147.8,501,4
2031,2026-06-16 13:43:05+05:30,3147.3,1,3132.36,2566909,129426.0,196760.0,3163.0,3163.0,3108.0,3134.3,32005600,3447.7,2820.9,3839.9,2896.0,3147.0,2,2,3146.7,41,1,3146.5,50,5,3146.4,4,1,3146.3,21,1,3147.3,130,2,3147.4,56,2,3147.5,130,2,3147.7,183,2,3147.8,501,4
2031,2026-06-16 13:43:06+05:30,3147.0,8,3132.36,2566909,129426.0,196760.0,3163.0,3163.0,3108.0,3134.3,32005600,3447.7,2820.9,3839.9,2896.0,3147.0,2,2,3146.7,41,1,3146.5,50,5,3146.4,4,1,3146.3,21,1,3147.3,130,2,3147.4,56,2,3147.5,130,2,3147.7,183,2,3147.8,501,4
2031,2026-06-16 13:43:06+05:30,3147.3,1,3132.36,2566920,129957.0,195676.0,3163.0,3163.0,3108.0,3134.3,32005600,3447.7,2820.9,3839.9,2896.0,3147.0,118,4,3146.9,15,1,3146.8,33,3,3146.7,74,5,3146.6,18,2,3147.3,95,2,3147.4,31,1,3147.5,130,2,3147.8,101,2,3148.0,441,4
2031,2026-06-16 13:43:07+05:30,3147.3,1,3132.36,2566920,129957.0,195676.0,3163.0,3163.0,3108.0,3134.3,32005600,3447.7,2820.9,3839.9,2896.0,3147.0,118,4,3146.9,15,1,3146.8,33,3,3146.7,74,5,3146.6,18,2,3147.3,95,2,3147.4,31,1,3147.5,130,2,3147.8,101,2,3148.0,441,4
2031,2026-06-16 13:43:07+05:30,3147.3,1,3132.36,2566921,130106.0,195679.0,3163.0,3163.0,3108.0,3134.3,32005600,3447.7,2820.9,3839.9,2896.0,3147.0,166,6,3146.9,15,1,3146.8,33,3,3146.7,131,7,3146.6,18,2,3147.3,94,2,3147.4,31,1,3147.5,130,2,3147.8,101,2,3148.0,441,4
2031,2026-06-16 13:43:08+05:30,3147.0,1,3132.36,2566921,130106.0,195679.0,3163.0,3163.0,3108.0,3134.3,32005600,3447.7,2820.9,3839.9,2896.0,3147.0,166,6,3146.9,15,1,3146.8,33,3,3146.7,131,7,3146.6,18,2,3147.3,94,2,3147.4,31,1,3147.5,130,2,3147.8,101,2,3148.0,441,4
2031,2026-06-16 13:43:08+05:30,3147.3,12,3132.36,2566934,130254.0,195550.0,3163.0,3163.0,3108.0,3134.3,32005600,3447.7,2820.9,3839.9,2896.0,3147.2,32,1,3147.1,66,4,3147.0,218,9,3146.8,101,7,3146.7,104,6,3147.3,83,3,3147.4,31,1,3147.5,130,2,3147.8,101,2,3148.0,441,4
2031,2026-06-16 13:43:09+05:30,3147.3,12,3132.36,2566934,130254.0,195550.0,3163.0,3163.0,3108.0,3134.3,32005600,3447.7,2820.9,3839.9,2896.0,3147.2,32,1,3147.1,66,4,3147.0,218,9,3146.8,101,7,3146.7,104,6,3147.3,83,3,3147.4,31,1,3147.5,130,2,3147.8,101,2,3148.0,441,4
2031,2026-06-16 13:43:09+05:30,3147.3,1,3132.36,2567017,130398.0,195472.0,3163.0,3163.0,3108.0,3134.3,32005600,3447.7,2820.9,3839.9,2896.0,3147.2,32,1,3147.1,66,4,3147.0,234,10,3146.8,101,7,3146.7,62,5,3147.3,71,1,3147.4,31,1,3147.5,130,2,3147.8,101,2,3148.0,441,4
2031,2026-06-16 13:43:10+05:30,3147.4,26,3132.36,2567017,130398.0,195472.0,3163.0,3163.0,3108.0,3134.3,32005600,3447.7,2820.9,3839.9,2896.0,3147.2,32,1,3147.1,66,4,3147.0,234,10,3146.8,101,7,3146.7,62,5,3147.3,71,1,3147.4,31,1,3147.5,130,2,3147.8,101,2,3148.0,441,4
2031,2026-06-16 13:43:10+05:30,3147.4,26,3132.36,2567314,129542.0,195846.0,3163.0,3163.0,3108.0,3134.3,32005600,3447.7,2820.9,3839.9,2896.0,3147.2,2,2,3147.1,34,2,3147.0,144,5,3146.9,32,1,3146.8,3,1,3147.5,130,2,3147.8,101,2,3148.0,460,5,3148.2,27,1,3148.3,137,3
2031,2026-06-16 13:43:11+05:30,3147.3,119,3132.36,2567314,129542.0,195846.0,3163.0,3163.0,3108.0,3134.3,32005600,3447.7,2820.9,3839.9,2896.0,3147.2,2,2,3147.1,34,2,3147.0,144,5,3146.9,32,1,3146.8,3,1,3147.5,130,2,3147.8,101,2,3148.0,460,5,3148.2,27,1,3148.3,137,3
2031,2026-06-16 13:43:11+05:30,3147.3,119,3132.37,2567559,129646.0,195787.0,3163.0,3163.0,3108.0,3134.3,32005600,3447.7,2820.9,3839.9,2896.0,3147.3,19,2,3147.2,34,3,3147.1,2,1,3147.0,161,5,3146.7,83,5,3147.5,85,2,3147.8,101,2,3148.0,441,4,3148.2,4,1,3148.3,101,2
2031,2026-06-16 13:43:12+05:30,3146.6,11,3132.37,2567559,129646.0,195787.0,3163.0,3163.0,3108.0,3134.3,32005600,3447.7,2820.9,3839.9,2896.0,3147.3,19,2,3147.2,34,3,3147.1,2,1,3147.0,161,5,3146.7,83,5,3147.5,85,2,3147.8,101,2,3148.0,441,4,3148.2,4,1,3148.3,101,2
2031,2026-06-16 13:43:12+05:30,3146.6,11,3132.37,2568059,129342.0,196095.0,3163.0,3163.0,3108.0,3134.3,32005600,3447.7,2820.9,3839.9,2896.0,3147.2,7,1,3146.7,2,1,3146.6,19,3,3146.5,102,7,3146.4,30,2,3147.5,86,3,3147.8,120,3,3147.9,2,1,3148.0,441,4,3148.3,185,4
2031,2026-06-16 13:43:13+05:30,3147.5,1,3132.37,2568059,129342.0,196095.0,3163.0,3163.0,3108.0,3134.3,32005600,3447.7,2820.9,3839.9,2896.0,3147.2,7,1,3146.7,2,1,3146.6,19,3,3146.5,102,7,3146.4,30,2,3147.5,86,3,3147.8,120,3,3147.9,2,1,3148.0,441,4,3148.3,185,4
2031,2026-06-16 13:43:14+05:30,3147.5,1,3132.37,2568062,129671.0,195989.0,3163.0,3163.0,3108.0,3134.3,32005600,3447.7,2820.9,3839.9,2896.0,3147.3,32,1,3147.2,32,1,3147.1,32,1,3146.9,32,1,3146.7,30,2,3147.5,84,3,3147.8,101,2,3148.0,441,4,3148.2,4,1,3148.3,101,2
2031,2026-06-16 13:43:14+05:30,3147.5,6,3132.37,2568062,129671.0,195989.0,3163.0,3163.0,3108.0,3134.3,32005600,3447.7,2820.9,3839.9,2896.0,3147.3,32,1,3147.2,32,1,3147.1,32,1,3146.9,32,1,3146.7,30,2,3147.5,84,3,3147.8,101,2,3148.0,441,4,3148.2,4,1,3148.3,101,2
2031,2026-06-16 13:43:15+05:30,3147.5,45,3132.37,2568114,129874.0,195358.0,3163.0,3163.0,3108.0,3134.3,32005600,3447.7,2820.9,3839.9,2896.0,3147.4,32,1,3147.3,50,3,3147.2,65,3,3147.1,5,1,3147.0,132,7,3147.5,32,3,3147.8,101,2,3148.0,441,4,3148.3,59,1,3148.5,138,4
2031,2026-06-16 13:43:15+05:30,3147.5,2,3132.37,2568114,129874.0,195358.0,3163.0,3163.0,3108.0,3134.3,32005600,3447.7,2820.9,3839.9,2896.0,3147.4,32,1,3147.3,50,3,3147.2,65,3,3147.1,5,1,3147.0,132,7,3147.5,32,3,3147.8,101,2,3148.0,441,4,3148.3,59,1,3148.5,138,4
2031,2026-06-16 13:43:16+05:30,3147.5,1,3132.37,2568147,130570.0,195592.0,3163.0,3163.0,3108.0,3134.3,32005600,3447.7,2820.9,3839.9,2896.0,3147.5,17,1,3147.4,33,2,3147.3,32,1,3147.2,50,2,3147.1,5,1,3147.8,101,2,3148.0,441,4,3148.3,59,1,3148.5,183,5,3148.6,132,4
2031,2026-06-16 13:43:16+05:30,3147.4,10,3132.37,2568147,130570.0,195592.0,3163.0,3163.0,3108.0,3134.3,32005600,3447.7,2820.9,3839.9,2896.0,3147.5,17,1,3147.4,33,2,3147.3,32,1,3147.2,50,2,3147.1,5,1,3147.8,101,2,3148.0,441,4,3148.3,59,1,3148.5,183,5,3148.6,132,4
2031,2026-06-16 13:43:17+05:30,3147.4,10,3132.37,2568157,129855.0,195748.0,3163.0,3163.0,3108.0,3134.3,32005600,3447.7,2820.9,3839.9,2896.0,3147.4,16,1,3147.0,22,2,3146.8,3,1,3146.7,20,1,3146.6,16,2,3147.8,126,4,3148.0,441,4,3148.1,48,3,3148.2,80,2,3148.3,130,3
2031,2026-06-16 13:43:17+05:30,3147.4,2,3132.37,2568157,129855.0,195748.0,3163.0,3163.0,3108.0,3134.3,32005600,3447.7,2820.9,3839.9,2896.0,3147.4,16,1,3147.0,22,2,3146.8,3,1,3146.7,20,1,3146.6,16,2,3147.8,126,4,3148.0,441,4,3148.1,48,3,3148.2,80,2,3148.3,130,3
2031,2026-06-16 13:43:18+05:30,3147.4,2,3132.37,2568159,129616.0,196154.0,3163.0,3163.0,3108.0,3134.3,32005600,3447.7,2820.9,3839.9,2896.0,3147.0,17,1,3146.8,3,1,3146.6,15,1,3146.5,89,6,3146.4,30,2,3147.7,22,2,3147.8,170,6,3147.9,121,1,3148.0,492,6,3148.1,126,3
2031,2026-06-16 13:43:18+05:30,3147.4,1,3132.37,2568159,129616.0,196154.0,3163.0,3163.0,3108.0,3134.3,32005600,3447.7,2820.9,3839.9,2896.0,3147.0,17,1,3146.8,3,1,3146.6,15,1,3146.5,89,6,3146.4,30,2,3147.7,22,2,3147.8,170,6,3147.9,121,1,3148.0,492,6,3148.1,126,3
2031,2026-06-16 13:43:19+05:30,3146.5,17,3132.37,2568360,129469.0,196579.0,3163.0,3163.0,3108.0,3134.3,32005600,3447.7,2820.9,3839.9,2896.0,3147.0,1,1,3146.5,17,3,3146.3,21,1,3146.2,1,1,3146.1,21,1,3147.3,55,2,3147.4,32,1,3147.5,32,1,3147.6,58,2,3147.7,127,2
2031,2026-06-16 13:43:19+05:30,3146.5,17,3132.37,2568360,129469.0,196579.0,3163.0,3163.0,3108.0,3134.3,32005600,3447.7,2820.9,3839.9,2896.0,3147.0,1,1,3146.5,17,3,3146.3,21,1,3146.2,1,1,3146.1,21,1,3147.3,55,2,3147.4,32,1,3147.5,32,1,3147.6,58,2,3147.7,127,2
2031,2026-06-16 13:43:19+05:30,3146.5,17,3132.37,2568360,129469.0,196579.0,3163.0,3163.0,3108.0,3134.3,32005600,3447.7,2820.9,3839.9,2896.0,3147.0,1,1,3146.5,17,3,3146.3,21,1,3146.2,1,1,3146.1,21,1,3147.3,55,2,3147.4,32,1,3147.5,32,1,3147.6,58,2,3147.7,127,2
2031,2026-06-16 13:43:20+05:30,3147.1,2,3132.37,2568373,129546.0,196660.0,3163.0,3163.0,3108.0,3134.3,32005600,3447.7,2820.9,3839.9,2896.0,3147.0,1,1,3146.5,17,3,3146.3,35,2,3146.2,16,2,3146.1,84,2,3147.1,32,1,3147.2,32,1,3147.3,68,3,3147.5,32,1,3147.8,162,6
2031,2026-06-16 13:43:20+05:30,3147.1,2,3132.37,2568373,129546.0,196660.0,3163.0,3163.0,3108.0,3134.3,32005600,3447.7,2820.9,3839.9,2896.0,3147.0,1,1,3146.5,17,3,3146.3,35,2,3146.2,16,2,3146.1,84,2,3147.1,32,1,3147.2,32,1,3147.3,68,3,3147.5,32,1,3147.8,162,6
2031,2026-06-16 13:43:21+05:30,3147.0,5,3132.37,2568378,129444.0,197248.0,3163.0,3163.0,3108.0,3134.3,32005600,3447.7,2820.9,3839.9,2896.0,3146.5,63,6,3146.4,18,2,3146.3,56,2,3146.2,60,6,3146.1,21,1,3147.0,27,1,3147.1,32,1,3147.2,32,1,3147.3,58,2,3147.5,32,1
2031,2026-06-16 13:43:21+05:30,3147.0,5,3132.37,2568378,129444.0,197248.0,3163.0,3163.0,3108.0,3134.3,32005600,3447.7,2820.9,3839.9,2896.0,3146.5,63,6,3146.4,18,2,3146.3,56,2,3146.2,60,6,3146.1,21,1,3147.0,27,1,3147.1,32,1,3147.2,32,1,3147.3,58,2,3147.5,32,1
2031,2026-06-16 13:43:21+05:30,3147.0,5,3132.37,2568378,129444.0,197248.0,3163.0,3163.0,3108.0,3134.3,32005600,3447.7,2820.9,3839.9,2896.0,3146.5,63,6,3146.4,18,2,3146.3,56,2,3146.2,60,6,3146.1,21,1,3147.0,27,1,3147.1,32,1,3147.2,32,1,3147.3,58,2,3147.5,32,1
2031,2026-06-16 13:43:22+05:30,3146.7,27,3132.37,2568405,129275.0,196861.0,3163.0,3163.0,3108.0,3134.3,32005600,3447.7,2820.9,3839.9,2896.0,3146.5,63,6,3146.4,14,2,3146.3,56,2,3146.2,64,6,3146.0,149,9,3146.8,32,1,3146.9,32,1,3147.0,58,2,3147.2,32,1,3147.7,129,1
2031,2026-06-16 13:43:22+05:30,3146.7,27,3132.37,2568405,129275.0,196861.0,3163.0,3163.0,3108.0,3134.3,32005600,3447.7,2820.9,3839.9,2896.0,3146.5,63,6,3146.4,14,2,3146.3,56,2,3146.2,64,6,3146.0,149,9,3146.8,32,1,3146.9,32,1,3147.0,58,2,3147.2,32,1,3147.7,129,1
2031,2026-06-16 13:43:23+05:30,3146.6,23,3132.37,2568428,129225.0,197002.0,3163.0,3163.0,3108.0,3134.3,32005600,3447.7,2820.9,3839.9,2896.0,3146.5,104,9,3146.4,5,1,3146.3,60,3,3146.2,64,6,3146.0,148,9,3146.6,22,1,3146.7,32,1,3146.8,70,2,3146.9,32,1,3147.0,26,1
2031,2026-06-16 13:43:23+05:30,3146.6,23,3132.37,2568428,129225.0,197002.0,3163.0,3163.0,3108.0,3134.3,32005600,3447.7,2820.9,3839.9,2896.0,3146.5,104,9,3146.4,5,1,3146.3,60,3,3146.2,64,6,3146.0,148,9,3146.6,22,1,3146.7,32,1,3146.8,70,2,3146.9,32,1,3147.0,26,1
2031,2026-06-16 13:43:23+05:30,3146.6,23,3132.37,2568428,129225.0,197002.0,3163.0,3163.0,3108.0,3134.3,32005600,3447.7,2820.9,3839.9,2896.0,3146.5,104,9,3146.4,5,1,3146.3,60,3,3146.2,64,6,3146.0,148,9,3146.6,22,1,3146.7,32,1,3146.8,70,2,3146.9,32,1,3147.0,26,1
2031,2026-06-16 13:43:24+05:30,3146.6,32,3132.37,2568504,129289.0,198877.0,3163.0,3163.0,3108.0,3134.3,32005600,3447.7,2820.9,3839.9,2896.0,3146.5,79,9,3146.2,34,4,3146.1,6,1,3146.0,167,10,3145.9,34,2,3146.7,32,1,3146.8,70,2,3147.0,1832,2,3147.8,200,7,3147.9,54,3
2031,2026-06-16 13:43:24+05:30,3146.6,32,3132.37,2568504,129289.0,198877.0,3163.0,3163.0,3108.0,3134.3,32005600,3447.7,2820.9,3839.9,2896.0,3146.5,79,9,3146.2,34,4,3146.1,6,1,3146.0,167,10,3145.9,34,2,3146.7,32,1,3146.8,70,2,3147.0,1832,2,3147.8,200,7,3147.9,54,3
2031,2026-06-16 13:43:25+05:30,3146.5,13,3132.37,2568517,129302.0,198886.0,3163.0,3163.0,3108.0,3134.3,32005600,3447.7,2820.9,3839.9,2896.0,3146.5,60,7,3146.4,30,2,3146.2,34,4,3146.1,6,1,3146.0,167,10,3146.7,36,2,3146.8,70,2,3147.0,1832,2,3147.8,200,7,3147.9,54,3
2031,2026-06-16 13:43:25+05:30,3146.5,13,3132.37,2568517,129302.0,198886.0,3163.0,3163.0,3108.0,3134.3,32005600,3447.7,2820.9,3839.9,2896.0,3146.5,60,7,3146.4,30,2,3146.2,34,4,3146.1,6,1,3146.0,167,10,3146.7,36,2,3146.8,70,2,3147.0,1832,2,3147.8,200,7,3147.9,54,3
2031,2026-06-16 13:43:25+05:30,3146.5,13,3132.37,2568517,129302.0,198886.0,3163.0,3163.0,3108.0,3134.3,32005600,3447.7,2820.9,3839.9,2896.0,3146.5,60,7,3146.4,30,2,3146.2,34,4,3146.1,6,1,3146.0,167,10,3146.7,36,2,3146.8,70,2,3147.0,1832,2,3147.8,200,7,3147.9,54,3
2031,2026-06-16 13:43:26+05:30,3146.5,1,3132.37,2568564,129290.0,199022.0,3163.0,3163.0,3108.0,3134.3,32005600,3447.7,2820.9,3839.9,2896.0,3146.5,46,5,3146.4,15,1,3146.2,34,4,3146.1,6,1,3146.0,153,8,3146.7,69,3,3146.8,70,2,3147.0,1832,2,3147.8,200,7,3147.9,54,3
2031,2026-06-16 13:43:26+05:30,3146.7,9,3132.37,2568564,129290.0,199022.0,3163.0,3163.0,3108.0,3134.3,32005600,3447.7,2820.9,3839.9,2896.0,3146.5,46,5,3146.4,15,1,3146.2,34,4,3146.1,6,1,3146.0,153,8,3146.7,69,3,3146.8,70,2,3147.0,1832,2,3147.8,200,7,3147.9,54,3
2031,2026-06-16 13:43:27+05:30,3146.6,5,3132.37,2568647,129369.0,199335.0,3163.0,3163.0,3108.0,3134.3,32005600,3447.7,2820.9,3839.9,2896.0,3146.5,47,5,3146.4,30,2,3146.2,15,3,3146.1,6,1,3146.0,138,7,3146.6,8,1,3146.8,38,1,3146.9,32,1,3147.0,1800,1,3147.1,417,2
2031,2026-06-16 13:43:27+05:30,3146.6,5,3132.37,2568647,129369.0,199335.0,3163.0,3163.0,3108.0,3134.3,32005600,3447.7,2820.9,3839.9,2896.0,3146.5,47,5,3146.4,30,2,3146.2,15,3,3146.1,6,1,3146.0,138,7,3146.6,8,1,3146.8,38,1,3146.9,32,1,3147.0,1800,1,3147.1,417,2
2031,2026-06-16 13:43:28+05:30,3146.6,5,3132.37,2568647,129369.0,199335.0,3163.0,3163.0,3108.0,3134.3,32005600,3447.7,2820.9,3839.9,2896.0,3146.5,47,5,3146.4,30,2,3146.2,15,3,3146.1,6,1,3146.0,138,7,3146.6,8,1,3146.8,38,1,3146.9,32,1,3147.0,1800,1,3147.1,417,2
2031,2026-06-16 13:43:28+05:30,3146.6,5,3132.37,2568647,129547.0,199339.0,3163.0,3163.0,3108.0,3134.3,32005600,3447.7,2820.9,3839.9,2896.0,3146.5,47,5,3146.3,4,1,3146.2,4,2,3146.1,6,1,3146.0,153,8,3146.6,32,1,3146.7,32,1,3146.8,70,2,3147.0,1832,2,3147.1,385,1
2031,2026-06-16 13:43:28+05:30,3146.5,4,3132.37,2568647,129547.0,199339.0,3163.0,3163.0,3108.0,3134.3,32005600,3447.7,2820.9,3839.9,2896.0,3146.5,47,5,3146.3,4,1,3146.2,4,2,3146.1,6,1,3146.0,153,8,3146.6,32,1,3146.7,32,1,3146.8,70,2,3147.0,1832,2,3147.1,385,1
2031,2026-06-16 13:43:29+05:30,3146.7,1,3132.37,2568701,129612.0,199395.0,3163.0,3163.0,3108.0,3134.3,32005600,3447.7,2820.9,3839.9,2896.0,3146.5,31,5,3146.4,15,1,3146.3,4,1,3146.2,34,4,3146.1,6,1,3146.7,31,1,3146.8,70,2,3147.0,1832,2,3147.1,385,1,3147.8,181,6
2031,2026-06-16 13:43:29+05:30,3146.5,13,3132.37,2568701,129612.0,199395.0,3163.0,3163.0,3108.0,3134.3,32005600,3447.7,2820.9,3839.9,2896.0,3146.5,31,5,3146.4,15,1,3146.3,4,1,3146.2,34,4,3146.1,6,1,3146.7,31,1,3146.8,70,2,3147.0,1832,2,3147.1,385,1,3147.8,181,6
2031,2026-06-16 13:43:29+05:30,3146.5,13,3132.37,2568701,129612.0,199395.0,3163.0,3163.0,3108.0,3134.3,32005600,3447.7,2820.9,3839.9,2896.0,3146.5,31,5,3146.4,15,1,3146.3,4,1,3146.2,34,4,3146.1,6,1,3146.7,31,1,3146.8,70,2,3147.0,1832,2,3147.1,385,1,3147.8,181,6
2031,2026-06-16 13:43:30+05:30,3146.5,5,3132.37,2568790,129216.0,199548.0,3163.0,3163.0,3108.0,3134.3,32005600,3447.7,2820.9,3839.9,2896.0,3146.5,31,4,3146.2,4,2,3146.0,62,4,3145.9,13,1,3145.8,17,2,3146.7,32,2,3146.8,70,2,3147.0,1832,2,3147.1,404,2,3147.3,97,3
2031,2026-06-16 13:43:30+05:30,3146.5,5,3132.37,2568790,129216.0,199548.0,3163.0,3163.0,3108.0,3134.3,32005600,3447.7,2820.9,3839.9,2896.0,3146.5,31,4,3146.2,4,2,3146.0,62,4,3145.9,13,1,3145.8,17,2,3146.7,32,2,3146.8,70,2,3147.0,1832,2,3147.1,404,2,3147.3,97,3
2031,2026-06-16 13:43:31+05:30,3146.5,5,3132.37,2568790,129216.0,199548.0,3163.0,3163.0,3108.0,3134.3,32005600,3447.7,2820.9,3839.9,2896.0,3146.5,31,4,3146.2,4,2,3146.0,62,4,3145.9,13,1,3145.8,17,2,3146.7,32,2,3146.8,70,2,3147.0,1832,2,3147.1,404,2,3147.3,97,3
2031,2026-06-16 13:43:31+05:30,3146.6,1,3132.37,2568794,129395.0,199387.0,3163.0,3163.0,3108.0,3134.3,32005600,3447.7,2820.9,3839.9,2896.0,3146.5,31,4,3146.2,4,2,3146.0,77,5,3145.9,13,1,3145.8,51,4,3146.6,41,1,3146.7,32,2,3146.8,38,1,3146.9,32,1,3147.0,1800,1
2031,2026-06-16 13:43:31+05:30,3146.6,1,3132.37,2568794,129395.0,199387.0,3163.0,3163.0,3108.0,3134.3,32005600,3447.7,2820.9,3839.9,2896.0,3146.5,31,4,3146.2,4,2,3146.0,77,5,3145.9,13,1,3145.8,51,4,3146.6,41,1,3146.7,32,2,3146.8,38,1,3146.9,32,1,3147.0,1800,1
2031,2026-06-16 13:43:31+05:30,3146.6,1,3132.37,2568794,129395.0,199387.0,3163.0,3163.0,3108.0,3134.3,32005600,3447.7,2820.9,3839.9,2896.0,3146.5,31,4,3146.2,4,2,3146.0,77,5,3145.9,13,1,3145.8,51,4,3146.6,41,1,3146.7,32,2,3146.8,38,1,3146.9,32,1,3147.0,1800,1
2031,2026-06-16 13:43:32+05:30,3146.6,11,3132.37,2568805,129501.0,199230.0,3163.0,3163.0,3108.0,3134.3,32005600,3447.7,2820.9,3839.9,2896.0,3146.5,113,7,3146.3,15,1,3146.2,19,3,3146.0,94,7,3145.9,13,1,3146.6,32,1,3146.7,32,2,3146.8,70,2,3147.0,1832,2,3147.1,385,1
2031,2026-06-16 13:43:32+05:30,3146.6,11,3132.37,2568805,129501.0,199230.0,3163.0,3163.0,3108.0,3134.3,32005600,3447.7,2820.9,3839.9,2896.0,3146.5,113,7,3146.3,15,1,3146.2,19,3,3146.0,94,7,3145.9,13,1,3146.6,32,1,3146.7,32,2,3146.8,70,2,3147.0,1832,2,3147.1,385,1
2031,2026-06-16 13:43:32+05:30,3146.6,22,3132.37,2568805,129501.0,199230.0,3163.0,3163.0,3108.0,3134.3,32005600,3447.7,2820.9,3839.9,2896.0,3146.5,113,7,3146.3,15,1,3146.2,19,3,3146.0,94,7,3145.9,13,1,3146.6,32,1,3146.7,32,2,3146.8,70,2,3147.0,1832,2,3147.1,385,1
2031,2026-06-16 13:43:32+05:30,3146.6,22,3132.37,2568805,129501.0,199230.0,3163.0,3163.0,3108.0,3134.3,32005600,3447.7,2820.9,3839.9,2896.0,3146.5,113,7,3146.3,15,1,3146.2,19,3,3146.0,94,7,3145.9,13,1,3146.6,32,1,3146.7,32,2,3146.8,70,2,3147.0,1832,2,3147.1,385,1
2031,2026-06-16 13:43:33+05:30,3146.5,11,3132.37,2568902,129419.0,199335.0,3163.0,3163.0,3108.0,3134.3,32005600,3447.7,2820.9,3839.9,2896.0,3146.5,107,7,3146.2,4,2,3146.1,15,1,3146.0,62,4,3145.9,28,2,3146.7,31,2,3146.8,70,2,3147.0,1832,2,3147.1,442,3,3147.3,101,2
2031,2026-06-16 13:43:33+05:30,3146.5,11,3132.37,2568902,129419.0,199335.0,3163.0,3163.0,3108.0,3134.3,32005600,3447.7,2820.9,3839.9,2896.0,3146.5,107,7,3146.2,4,2,3146.1,15,1,3146.0,62,4,3145.9,28,2,3146.7,31,2,3146.8,70,2,3147.0,1832,2,3147.1,442,3,3147.3,101,2
2031,2026-06-16 13:43:33+05:30,3146.5,11,3132.37,2568902,129419.0,199335.0,3163.0,3163.0,3108.0,3134.3,32005600,3447.7,2820.9,3839.9,2896.0,3146.5,107,7,3146.2,4,2,3146.1,15,1,3146.0,62,4,3145.9,28,2,3146.7,31,2,3146.8,70,2,3147.0,1832,2,3147.1,442,3,3147.3,101,2
2031,2026-06-16 13:43:34+05:30,3146.5,11,3132.37,2568902,129419.0,199335.0,3163.0,3163.0,3108.0,3134.3,32005600,3447.7,2820.9,3839.9,2896.0,3146.5,107,7,3146.2,4,2,3146.1,15,1,3146.0,62,4,3145.9,28,2,3146.7,31,2,3146.8,70,2,3147.0,1832,2,3147.1,442,3,3147.3,101,2
2031,2026-06-16 13:43:34+05:30,3146.7,1,3132.37,2568948,129557.0,199320.0,3163.0,3163.0,3108.0,3134.3,32005600,3447.7,2820.9,3839.9,2896.0,3146.5,102,7,3146.2,4,2,3146.1,15,1,3146.0,62,4,3145.9,28,2,3146.7,30,2,3146.8,70,2,3147.0,1832,2,3147.1,442,3,3147.3,101,2
2031,2026-06-16 13:43:34+05:30,3146.5,12,3132.37,2568948,129557.0,199320.0,3163.0,3163.0,3108.0,3134.3,32005600,3447.7,2820.9,3839.9,2896.0,3146.5,102,7,3146.2,4,2,3146.1,15,1,3146.0,62,4,3145.9,28,2,3146.7,30,2,3146.8,70,2,3147.0,1832,2,3147.1,442,3,3147.3,101,2
2031,2026-06-16 13:43:35+05:30,3146.5,1,3132.37,2569031,129439.0,199403.0,3163.0,3163.0,3108.0,3134.3,32005600,3447.7,2820.9,3839.9,2896.0,3146.5,72,8,3146.2,19,3,3146.0,77,5,3145.9,28,2,3145.8,50,4,3146.7,30,2,3146.8,32,1,3147.0,1832,2,3147.1,442,3,3147.3,101,2
2031,2026-06-16 13:43:35+05:30,3146.5,1,3132.37,2569031,129439.0,199403.0,3163.0,3163.0,3108.0,3134.3,32005600,3447.7,2820.9,3839.9,2896.0,3146.5,72,8,3146.2,19,3,3146.0,77,5,3145.9,28,2,3145.8,50,4,3146.7,30,2,3146.8,32,1,3147.0,1832,2,3147.1,442,3,3147.3,101,2
2031,2026-06-16 13:43:35+05:30,3146.5,1,3132.37,2569031,129439.0,199403.0,3163.0,3163.0,3108.0,3134.3,32005600,3447.7,2820.9,3839.9,2896.0,3146.5,72,8,3146.2,19,3,3146.0,77,5,3145.9,28,2,3145.8,50,4,3146.7,30,2,3146.8,32,1,3147.0,1832,2,3147.1,442,3,3147.3,101,2
2031,2026-06-16 13:43:36+05:30,3146.5,1,3132.37,2569031,129439.0,199403.0,3163.0,3163.0,3108.0,3134.3,32005600,3447.7,2820.9,3839.9,2896.0,3146.5,72,8,3146.2,19,3,3146.0,77,5,3145.9,28,2,3145.8,50,4,3146.7,30,2,3146.8,32,1,3147.0,1832,2,3147.1,442,3,3147.3,101,2
2031,2026-06-16 13:43:36+05:30,3146.5,9,3132.37,2569076,129407.0,199413.0,3163.0,3163.0,3108.0,3134.3,32005600,3447.7,2820.9,3839.9,2896.0,3146.5,45,7,3146.2,19,3,3146.0,77,5,3145.9,28,2,3145.8,50,4,3146.7,35,3,3146.8,32,1,3147.0,1832,2,3147.1,442,3,3147.3,103,3
2031,2026-06-16 13:43:36+05:30,3146.7,5,3132.37,2569076,129407.0,199413.0,3163.0,3163.0,3108.0,3134.3,32005600,3447.7,2820.9,3839.9,2896.0,3146.5,45,7,3146.2,19,3,3146.0,77,5,3145.9,28,2,3145.8,50,4,3146.7,35,3,3146.8,32,1,3147.0,1832,2,3147.1,442,3,3147.3,103,3
2031,2026-06-16 13:43:36+05:30,3146.7,5,3132.37,2569076,129407.0,199413.0,3163.0,3163.0,3108.0,3134.3,32005600,3447.7,2820.9,3839.9,2896.0,3146.5,45,7,3146.2,19,3,3146.0,77,5,3145.9,28,2,3145.8,50,4,3146.7,35,3,3146.8,32,1,3147.0,1832,2,3147.1,442,3,3147.3,103,3
2031,2026-06-16 13:43:37+05:30,3146.7,5,3132.37,2569121,129687.0,199508.0,3163.0,3163.0,3108.0,3134.3,32005600,3447.7,2820.9,3839.9,2896.0,3146.5,35,6,3146.2,4,2,3146.0,62,4,3145.9,43,3,3145.8,35,3,3147.0,1800,1,3147.1,442,3,3147.3,101,2,3147.5,44,2,3147.6,53,2
2031,2026-06-16 13:43:37+05:30,3146.7,5,3132.37,2569121,129687.0,199508.0,3163.0,3163.0,3108.0,3134.3,32005600,3447.7,2820.9,3839.9,2896.0,3146.5,35,6,3146.2,4,2,3146.0,62,4,3145.9,43,3,3145.8,35,3,3147.0,1800,1,3147.1,442,3,3147.3,101,2,3147.5,44,2,3147.6,53,2
2031,2026-06-16 13:43:38+05:30,3146.7,5,3132.37,2569121,129685.0,199753.0,3163.0,3163.0,3108.0,3134.3,32005600,3447.7,2820.9,3839.9,2896.0,3146.7,15,1,3146.5,19,5,3146.2,4,2,3146.0,62,4,3145.9,64,4,3147.0,1800,1,3147.1,442,3,3147.2,2,1,3147.3,101,2,3147.5,287,3
2031,2026-06-16 13:43:38+05:30,3146.7,5,3132.37,2569121,129685.0,199753.0,3163.0,3163.0,3108.0,3134.3,32005600,3447.7,2820.9,3839.9,2896.0,3146.7,15,1,3146.5,19,5,3146.2,4,2,3146.0,62,4,3145.9,64,4,3147.0,1800,1,3147.1,442,3,3147.2,2,1,3147.3,101,2,3147.5,287,3
2031,2026-06-16 13:43:39+05:30,3147.0,1,3132.38,2569322,129019.0,199912.0,3163.0,3163.0,3108.0,3134.3,32005600,3447.7,2820.9,3839.9,2896.0,3146.6,79,1,3146.5,18,4,3146.2,1,1,3146.0,62,4,3145.9,34,2,3147.0,1799,1,3147.1,500,6,3147.2,31,2,3147.3,133,4,3147.4,61,2
2031,2026-06-16 13:43:39+05:30,3147.0,1,3132.38,2569322,129019.0,199912.0,3163.0,3163.0,3108.0,3134.3,32009400,3447.7,2820.9,3839.9,2896.0,3146.6,79,1,3146.5,18,4,3146.2,1,1,3146.0,62,4,3145.9,34,2,3147.0,1799,1,3147.1,500,6,3147.2,31,2,3147.3,133,4,3147.4,61,2
2031,2026-06-16 13:43:39+05:30,3147.0,1,3132.38,2569322,129019.0,199912.0,3163.0,3163.0,3108.0,3134.3,32009400,3447.7,2820.9,3839.9,2896.0,3146.6,79,1,3146.5,18,4,3146.2,1,1,3146.0,62,4,3145.9,34,2,3147.0,1799,1,3147.1,500,6,3147.2,31,2,3147.3,133,4,3147.4,61,2
2031,2026-06-16 13:43:40+05:30,3147.0,5,3132.38,2569329,129179.0,199939.0,3163.0,3163.0,3108.0,3134.3,32009400,3447.7,2820.9,3839.9,2896.0,3146.8,2,1,3146.6,79,1,3146.5,31,3,3146.2,1,1,3146.0,62,4,3147.0,1916,2,3147.1,423,4,3147.2,31,2,3147.3,131,3,3147.4,61,2
2031,2026-06-16 13:43:40+05:30,3147.0,5,3132.38,2569329,129179.0,199939.0,3163.0,3163.0,3108.0,3134.3,32009400,3447.7,2820.9,3839.9,2896.0,3146.8,2,1,3146.6,79,1,3146.5,31,3,3146.2,1,1,3146.0,62,4,3147.0,1916,2,3147.1,423,4,3147.2,31,2,3147.3,131,3,3147.4,61,2
2031,2026-06-16 13:43:41+05:30,3147.0,5,3132.38,2569329,129179.0,200075.0,3163.0,3163.0,3108.0,3134.3,32009400,3447.7,2820.9,3839.9,2896.0,3146.8,2,1,3146.6,79,1,3146.5,31,3,3146.2,1,1,3146.0,62,4,3147.0,1916,2,3147.1,402,3,3147.2,27,1,3147.3,131,3,3147.4,89,3
2031,2026-06-16 13:43:42+05:30,3147.0,5,3132.38,2569329,129236.0,200078.0,3163.0,3163.0,3108.0,3134.3,32009400,3447.7,2820.9,3839.9,2896.0,3146.8,2,1,3146.7,16,1,3146.6,79,1,3146.5,16,2,3146.2,1,1,3147.0,1916,2,3147.1,402,3,3147.2,27,1,3147.3,131,3,3147.4,54,2
2031,2026-06-16 13:43:43+05:30,3146.9,2,3132.38,2569331,129433.0,200022.0,3163.0,3163.0,3108.0,3134.3,32009400,3447.7,2820.9,3839.9,2896.0,3146.9,13,1,3146.8,2,1,3146.6,79,1,3146.5,16,2,3146.2,15,2,3147.0,1962,4,3147.1,428,4,3147.2,35,1,3147.3,131,3,3147.4,89,3
2031,2026-06-16 13:43:43+05:30,3147.0,154,3132.38,2569331,129433.0,200022.0,3163.0,3163.0,3108.0,3134.3,32009400,3447.7,2820.9,3839.9,2896.0,3146.9,13,1,3146.8,2,1,3146.6,79,1,3146.5,16,2,3146.2,15,2,3147.0,1962,4,3147.1,428,4,3147.2,35,1,3147.3,131,3,3147.4,89,3
2031,2026-06-16 13:43:44+05:30,3146.8,2,3132.38,2569487,129378.0,199885.0,3163.0,3163.0,3108.0,3134.3,32009400,3447.7,2820.9,3839.9,2896.0,3146.8,2,1,3146.6,79,1,3146.5,16,2,3146.2,15,2,3146.0,62,4,3147.0,1817,5,3147.1,428,4,3147.2,35,1,3147.3,156,5,3147.4,117,4
2031,2026-06-16 13:43:44+05:30,3146.8,2,3132.38,2569487,129378.0,199885.0,3163.0,3163.0,3108.0,3134.3,32009400,3447.7,2820.9,3839.9,2896.0,3146.8,2,1,3146.6,79,1,3146.5,16,2,3146.2,15,2,3146.0,62,4,3147.0,1817,5,3147.1,428,4,3147.2,35,1,3147.3,156,5,3147.4,117,4
2031,2026-06-16 13:43:45+05:30,3147.0,26,3132.38,2569523,129447.0,199450.0,3163.0,3163.0,3108.0,3134.3,32009400,3447.7,2820.9,3839.9,2896.0,3146.8,1,1,3146.6,79,1,3146.5,33,3,3146.2,15,2,3146.1,3,1,3147.0,1781,4,3147.1,402,3,3147.3,101,2,3147.4,54,1,3147.5,277,4
2031,2026-06-16 13:43:45+05:30,3147.0,26,3132.38,2569523,129447.0,199450.0,3163.0,3163.0,3108.0,3134.3,32009400,3447.7,2820.9,3839.9,2896.0,3146.8,1,1,3146.6,79,1,3146.5,33,3,3146.2,15,2,3146.1,3,1,3147.0,1781,4,3147.1,402,3,3147.3,101,2,3147.4,54,1,3147.5,277,4
2031,2026-06-16 13:43:46+05:30,3146.8,9,3132.38,2569538,129451.0,199565.0,3163.0,3163.0,3108.0,3134.3,32009400,3447.7,2820.9,3839.9,2896.0,3146.6,79,1,3146.5,33,3,3146.2,15,2,3146.1,3,1,3146.0,76,5,3146.9,216,1,3147.0,1780,4,3147.1,400,2,3147.3,101,2,3147.4,2,1
2031,2026-06-16 13:43:46+05:30,3146.8,9,3132.38,2569538,129451.0,199565.0,3163.0,3163.0,3108.0,3134.3,32009400,3447.7,2820.9,3839.9,2896.0,3146.6,79,1,3146.5,33,3,3146.2,15,2,3146.1,3,1,3146.0,76,5,3146.9,216,1,3147.0,1780,4,3147.1,400,2,3147.3,101,2,3147.4,2,1
2031,2026-06-16 13:43:47+05:30,3146.6,45,3132.38,2569583,129444.0,199640.0,3163.0,3163.0,3108.0,3134.3,32009400,3447.7,2820.9,3839.9,2896.0,3146.6,76,2,3146.5,33,3,3146.2,15,2,3146.1,3,1,3146.0,62,4,3146.9,244,2,3147.0,1735,3,3147.1,442,3,3147.2,34,1,3147.3,101,2
2031,2026-06-16 13:43:47+05:30,3146.6,45,3132.38,2569583,129444.0,199640.0,3163.0,3163.0,3108.0,3134.3,32009400,3447.7,2820.9,3839.9,2896.0,3146.6,76,2,3146.5,33,3,3146.2,15,2,3146.1,3,1,3146.0,62,4,3146.9,244,2,3147.0,1735,3,3147.1,442,3,3147.2,34,1,3147.3,101,2
2031,2026-06-16 13:43:48+05:30,3146.9,50,3132.38,2569633,129416.0,199585.0,3163.0,3163.0,3108.0,3134.3,32009400,3447.7,2820.9,3839.9,2896.0,3146.6,76,2,3146.5,33,3,3146.2,15,2,3146.1,3,1,3146.0,62,4,3146.9,195,3,3147.0,1734,2,3147.1,400,2,3147.3,101,2,3147.4,99,4
2031,2026-06-16 13:43:48+05:30,3146.9,50,3132.38,2569633,129416.0,199585.0,3163.0,3163.0,3108.0,3134.3,32009400,3447.7,2820.9,3839.9,2896.0,3146.6,76,2,3146.5,33,3,3146.2,15,2,3146.1,3,1,3146.0,62,4,3146.9,195,3,3147.0,1734,2,3147.1,400,2,3147.3,101,2,3147.4,99,4
2031,2026-06-16 13:43:49+05:30,3146.9,50,3132.38,2569633,129422.0,199591.0,3163.0,3163.0,3108.0,3134.3,32009400,3447.7,2820.9,3839.9,2896.0,3146.6,76,2,3146.5,33,3,3146.2,15,2,3146.1,3,1,3146.0,62,4,3146.9,195,3,3147.0,1734,2,3147.1,400,2,3147.3,101,2,3147.4,99,4
2031,2026-06-16 13:43:49+05:30,3146.9,5,3132.38,2569633,129422.0,199591.0,3163.0,3163.0,3108.0,3134.3,32009400,3447.7,2820.9,3839.9,2896.0,3146.6,76,2,3146.5,33,3,3146.2,15,2,3146.1,3,1,3146.0,62,4,3146.9,195,3,3147.0,1734,2,3147.1,400,2,3147.3,101,2,3147.4,99,4
2031,2026-06-16 13:43:50+05:30,3146.9,1,3132.38,2570269,128586.0,199824.0,3163.0,3163.0,3108.0,3134.3,32009400,3447.7,2820.9,3839.9,2896.0,3145.7,83,6,3145.6,51,4,3145.5,77,6,3145.4,116,6,3145.3,933,3,3146.9,189,3,3147.0,1736,3,3147.1,442,3,3147.2,59,1,3147.3,42,1
2031,2026-06-16 13:43:50+05:30,3146.9,1,3132.38,2570269,128586.0,199824.0,3163.0,3163.0,3108.0,3134.3,32009400,3447.7,2820.9,3839.9,2896.0,3145.7,83,6,3145.6,51,4,3145.5,77,6,3145.4,116,6,3145.3,933,3,3146.9,189,3,3147.0,1736,3,3147.1,442,3,3147.2,59,1,3147.3,42,1
2031,2026-06-16 13:43:51+05:30,3146.9,1,3132.38,2570269,128593.0,199889.0,3163.0,3163.0,3108.0,3134.3,32009400,3447.7,2820.9,3839.9,2896.0,3145.7,83,6,3145.6,51,4,3145.5,77,6,3145.4,116,6,3145.3,933,3,3146.9,206,5,3147.0,1754,4,3147.1,442,3,3147.2,59,1,3147.3,42,1
2031,2026-06-16 13:43:51+05:30,3145.7,5,3132.38,2570269,128593.0,199889.0,3163.0,3163.0,3108.0,3134.3,32009400,3447.7,2820.9,3839.9,2896.0,3145.7,83,6,3145.6,51,4,3145.5,77,6,3145.4,116,6,3145.3,933,3,3146.9,206,5,3147.0,1754,4,3147.1,442,3,3147.2,59,1,3147.3,42,1
2031,2026-06-16 13:43:52+05:30,3145.7,5,3132.38,2570274,128502.0,199896.0,3163.0,3163.0,3108.0,3134.3,32009400,3447.7,2820.9,3839.9,2896.0,3146.0,1,1,3145.7,77,6,3145.6,33,3,3145.5,96,8,3145.4,113,5,3146.8,10,1,3146.9,206,5,3147.0,1752,3,3147.1,447,5,3147.2,95,2
2031,2026-06-16 13:43:52+05:30,3146.8,1,3132.38,2570274,128502.0,199896.0,3163.0,3163.0,3108.0,3134.3,32009400,3447.7,2820.9,3839.9,2896.0,3146.0,1,1,3145.7,77,6,3145.6,33,3,3145.5,96,8,3145.4,113,5,3146.8,10,1,3146.9,206,5,3147.0,1752,3,3147.1,447,5,3147.2,95,2
2031,2026-06-16 13:43:53+05:30,3146.8,1,3132.38,2570275,128246.0,199618.0,3163.0,3163.0,3108.0,3134.3,32009400,3447.7,2820.9,3839.9,2896.0,3146.0,1,1,3145.7,14,4,3145.6,33,3,3145.5,89,8,3145.4,99,4,3146.3,1,1,3146.8,10,1,3146.9,206,5,3147.0,1752,3,3147.1,445,4
2031,2026-06-16 13:43:54+05:30,3146.8,1,3132.38,2570275,128295.0,199692.0,3163.0,3163.0,3108.0,3134.3,32009400,3447.7,2820.9,3839.9,2896.0,3146.0,1,1,3145.7,31,5,3145.6,33,3,3145.5,89,8,3145.4,84,3,3146.3,26,3,3146.8,10,1,3146.9,177,3,3147.0,1752,3,3147.1,445,4
2031,2026-06-16 13:43:55+05:30,3146.3,1,3132.38,2570276,128293.0,199882.0,3163.0,3163.0,3108.0,3134.3,32009400,3447.7,2820.9,3839.9,2896.0,3146.0,1,1,3145.7,31,5,3145.6,33,3,3145.5,73,7,3145.4,84,3,3146.3,25,2,3146.8,10,1,3146.9,177,3,3147.0,1932,4,3147.1,445,4
2031,2026-06-16 13:43:55+05:30,3146.3,1,3132.38,2570276,128293.0,199882.0,3163.0,3163.0,3108.0,3134.3,32009400,3447.7,2820.9,3839.9,2896.0,3146.0,1,1,3145.7,31,5,3145.6,33,3,3145.5,73,7,3145.4,84,3,3146.3,25,2,3146.8,10,1,3146.9,177,3,3147.0,1932,4,3147.1,445,4
2031,2026-06-16 13:43:56+05:30,3146.3,1,3132.38,2570277,128304.0,199948.0,3163.0,3163.0,3108.0,3134.3,32009400,3447.7,2820.9,3839.9,2896.0,3146.0,1,1,3145.7,23,4,3145.6,17,2,3145.5,59,6,3145.4,74,2,3146.3,28,2,3146.8,10,1,3146.9,177,3,3147.0,1932,4,3147.1,506,5
2031,2026-06-16 13:43:56+05:30,3145.8,8,3132.38,2570277,128304.0,199948.0,3163.0,3163.0,3108.0,3134.3,32009400,3447.7,2820.9,3839.9,2896.0,3146.0,1,1,3145.7,23,4,3145.6,17,2,3145.5,59,6,3145.4,74,2,3146.3,28,2,3146.8,10,1,3146.9,177,3,3147.0,1932,4,3147.1,506,5
2031,2026-06-16 13:43:56+05:30,3146.3,1,3132.38,2570287,127840.0,199848.0,3163.0,3163.0,3108.0,3134.3,32009400,3447.7,2820.9,3839.9,2896.0,3146.1,7,1,3145.7,3,2,3145.6,1,1,3145.5,25,3,3145.4,43,2,3146.3,36,3,3146.8,62,3,3146.9,177,3,3147.0,1976,6,3147.1,472,5
2031,2026-06-16 13:43:57+05:30,3146.3,1,3132.38,2570287,127840.0,199848.0,3163.0,3163.0,3108.0,3134.3,32009400,3447.7,2820.9,3839.9,2896.0,3146.1,7,1,3145.7,3,2,3145.6,1,1,3145.5,25,3,3145.4,43,2,3146.3,36,3,3146.8,62,3,3146.9,177,3,3147.0,1976,6,3147.1,472,5
2031,2026-06-16 13:43:57+05:30,3146.3,1,3132.38,2570287,127941.0,199627.0,3163.0,3163.0,3108.0,3134.3,32009400,3447.7,2820.9,3839.9,2896.0,3146.1,7,1,3145.7,3,2,3145.6,1,1,3145.5,67,4,3145.4,43,2,3146.3,36,3,3146.8,29,2,3146.9,177,3,3147.0,1974,5,3147.1,474,6
2031,2026-06-16 13:43:58+05:30,3146.3,1,3132.38,2570288,128114.0,199643.0,3163.0,3163.0,3108.0,3134.3,32009400,3447.7,2820.9,3839.9,2896.0,3146.1,7,1,3145.7,3,2,3145.6,156,2,3145.5,81,5,3145.4,43,2,3146.3,56,4,3146.8,29,2,3146.9,177,3,3147.0,1932,4,3147.1,474,6
2031,2026-06-16 13:43:59+05:30,3146.3,1,3132.38,2570288,128114.0,199643.0,3163.0,3163.0,3108.0,3134.3,32009400,3447.7,2820.9,3839.9,2896.0,3146.1,7,1,3145.7,3,2,3145.6,156,2,3145.5,81,5,3145.4,43,2,3146.3,56,4,3146.8,29,2,3146.9,177,3,3147.0,1932,4,3147.1,474,6
2031,2026-06-16 13:43:59+05:30,3146.3,1,3132.38,2570288,128123.0,199501.0,3163.0,3163.0,3108.0,3134.3,32009400,3447.7,2820.9,3839.9,2896.0,3146.1,7,1,3145.7,94,7,3145.6,11,3,3145.5,72,5,3145.4,71,4,3146.3,56,4,3146.8,10,1,3146.9,177,3,3147.0,1932,4,3147.1,447,5
2031,2026-06-16 13:44:00+05:30,3146.3,1,3132.38,2570347,128204.0,199107.0,3163.0,3163.0,3108.0,3134.3,32009400,3447.7,2820.9,3839.9,2896.0,3146.2,5,4,3146.1,13,3,3146.0,32,3,3145.8,34,3,3145.7,75,7,3146.3,20,1,3146.8,10,1,3146.9,177,3,3147.0,1932,4,3147.1,400,2
2031,2026-06-16 13:44:01+05:30,3146.3,3,3132.38,2570347,128204.0,199107.0,3163.0,3163.0,3108.0,3134.3,32009400,3447.7,2820.9,3839.9,2896.0,3146.2,5,4,3146.1,13,3,3146.0,32,3,3145.8,34,3,3145.7,75,7,3146.3,20,1,3146.8,10,1,3146.9,177,3,3147.0,1932,4,3147.1,400,2
2031,2026-06-16 13:44:01+05:30,3146.1,7,3132.38,2570541,129364.0,198853.0,3163.0,3163.0,3108.0,3134.3,32009400,3447.7,2820.9,3839.9,2896.0,3146.1,75,7,3146.0,21,2,3145.9,30,2,3145.8,256,6,3145.7,127,7,3146.9,176,3,3147.0,1808,3,3147.1,400,2,3147.3,101,2,3147.4,2,1
2031,2026-06-16 13:44:02+05:30,3146.4,1,3132.38,2570541,129364.0,198853.0,3163.0,3163.0,3108.0,3134.3,32009400,3447.7,2820.9,3839.9,2896.0,3146.1,75,7,3146.0,21,2,3145.9,30,2,3145.8,256,6,3145.7,127,7,3146.9,176,3,3147.0,1808,3,3147.1,400,2,3147.3,101,2,3147.4,2,1
2031,2026-06-16 13:44:02+05:30,3146.4,1,3132.38,2570542,129106.0,198927.0,3163.0,3163.0,3108.0,3134.3,32009400,3447.7,2820.9,3839.9,2896.0,3146.1,75,7,3146.0,24,3,3145.9,30,2,3145.8,72,4,3145.7,127,7,3146.9,187,4,3147.0,1808,3,3147.1,400,2,3147.3,101,2,3147.4,2,1
2031,2026-06-16 13:44:03+05:30,3146.1,4,3132.38,2570542,129106.0,198927.0,3163.0,3163.0,3108.0,3134.3,32009400,3447.7,2820.9,3839.9,2896.0,3146.1,75,7,3146.0,24,3,3145.9,30,2,3145.8,72,4,3145.7,127,7,3146.9,187,4,3147.0,1808,3,3147.1,400,2,3147.3,101,2,3147.4,2,1
2031,2026-06-16 13:44:03+05:30,3146.1,4,3132.38,2570722,128442.0,199242.0,3163.0,3163.0,3108.0,3134.3,32009400,3447.7,2820.9,3839.9,2896.0,3146.1,19,3,3145.8,16,2,3145.7,79,5,3145.6,103,8,3145.5,107,5,3146.9,187,4,3147.0,1869,6,3147.1,442,3,3147.2,52,1,3147.3,137,3
2031,2026-06-16 13:44:04+05:30,3146.1,4,3132.38,2570722,128442.0,199215.0,3163.0,3163.0,3108.0,3134.3,32009400,3447.7,2820.9,3839.9,2896.0,3146.1,19,3,3145.8,16,2,3145.7,79,5,3145.6,102,7,3145.5,149,6,3146.9,187,4,3147.0,1867,5,3147.1,444,4,3147.2,52,1,3147.3,137,3
2031,2026-06-16 13:44:05+05:30,3146.9,1,3132.38,2570722,128442.0,199215.0,3163.0,3163.0,3108.0,3134.3,32009400,3447.7,2820.9,3839.9,2896.0,3146.1,19,3,3145.8,16,2,3145.7,79,5,3145.6,102,7,3145.5,149,6,3146.9,187,4,3147.0,1867,5,3147.1,444,4,3147.2,52,1,3147.3,137,3
2031,2026-06-16 13:44:05+05:30,3146.9,1,3132.38,2570723,128463.0,199221.0,3163.0,3163.0,3108.0,3134.3,32009400,3447.7,2820.9,3839.9,2896.0,3146.1,19,3,3145.8,2,1,3145.7,79,5,3145.6,102,7,3145.5,149,6,3146.9,186,4,3147.0,1850,4,3147.1,442,3,3147.2,71,3,3147.3,137,3
2031,2026-06-16 13:44:06+05:30,3146.1,2,3132.38,2570723,128463.0,199221.0,3163.0,3163.0,3108.0,3134.3,32009400,3447.7,2820.9,3839.9,2896.0,3146.1,19,3,3145.8,2,1,3145.7,79,5,3145.6,102,7,3145.5,149,6,3146.9,186,4,3147.0,1850,4,3147.1,442,3,3147.2,71,3,3147.3,137,3
2031,2026-06-16 13:44:06+05:30,3146.1,9,3132.38,2570829,128342.0,198733.0,3163.0,3163.0,3108.0,3134.3,32009400,3447.7,2820.9,3839.9,2896.0,3146.1,8,1,3145.8,19,3,3145.7,34,5,3145.6,130,10,3145.5,107,5,3146.4,1,1,3146.9,185,4,3147.0,1808,3,3147.1,400,2,3147.3,115,2
2031,2026-06-16 13:44:07+05:30,3146.1,9,3132.38,2570829,128342.0,198733.0,3163.0,3163.0,3108.0,3134.3,32009400,3447.7,2820.9,3839.9,2896.0,3146.1,8,1,3145.8,19,3,3145.7,34,5,3145.6,130,10,3145.5,107,5,3146.4,1,1,3146.9,185,4,3147.0,1808,3,3147.1,400,2,3147.3,115,2
2031,2026-06-16 13:44:07+05:30,3146.1,9,3132.38,2570829,128370.0,198732.0,3163.0,3163.0,3108.0,3134.3,32009400,3447.7,2820.9,3839.9,2896.0,3146.1,14,3,3146.0,5,1,3145.9,12,2,3145.8,19,3,3145.7,34,5,3146.4,1,1,3146.9,185,4,3147.0,1808,3,3147.1,400,2,3147.3,115,2
2031,2026-06-16 13:44:08+05:30,3146.1,9,3132.38,2570829,128957.0,198856.0,3163.0,3163.0,3108.0,3134.3,32009400,3447.7,2820.9,3839.9,2896.0,3146.2,3,1,3146.1,11,2,3145.8,16,2,3145.7,48,6,3145.6,106,8,3146.4,2,2,3146.9,174,3,3147.0,1808,3,3147.1,400,2,3147.3,115,2
2031,2026-06-16 13:44:09+05:30,3146.1,9,3132.38,2570829,128959.0,198856.0,3163.0,3163.0,3108.0,3134.3,32009400,3447.7,2820.9,3839.9,2896.0,3146.2,3,1,3146.1,11,2,3145.8,16,2,3145.7,48,6,3145.6,106,8,3146.4,2,2,3146.9,174,3,3147.0,1808,3,3147.1,400,2,3147.3,315,3
2031,2026-06-16 13:44:10+05:30,3146.4,9,3132.38,2570829,128959.0,198856.0,3163.0,3163.0,3108.0,3134.3,32009400,3447.7,2820.9,3839.9,2896.0,3146.2,3,1,3146.1,11,2,3145.8,16,2,3145.7,48,6,3145.6,106,8,3146.4,2,2,3146.9,174,3,3147.0,1808,3,3147.1,400,2,3147.3,315,3
2031,2026-06-16 13:44:10+05:30,3146.4,9,3132.38,2570874,128933.0,199204.0,3163.0,3163.0,3108.0,3134.3,32009400,3447.7,2820.9,3839.9,2896.0,3146.2,3,1,3146.1,26,2,3145.9,3,1,3145.8,2,1,3145.7,53,6,3146.9,174,3,3147.0,1810,4,3147.1,402,3,3147.2,42,1,3147.3,368,5
2031,2026-06-16 13:44:11+05:30,3146.9,1,3132.38,2570874,128933.0,199204.0,3163.0,3163.0,3108.0,3134.3,32009400,3447.7,2820.9,3839.9,2896.0,3146.2,3,1,3146.1,26,2,3145.9,3,1,3145.8,2,1,3145.7,53,6,3146.9,174,3,3147.0,1810,4,3147.1,402,3,3147.2,42,1,3147.3,368,5
2031,2026-06-16 13:44:11+05:30,3146.9,11,3132.38,2570888,129124.0,199276.0,3163.0,3163.0,3108.0,3134.3,32009400,3447.7,2820.9,3839.9,2896.0,3146.5,15,1,3146.2,1,1,3145.9,21,1,3145.8,2,1,3145.7,173,5,3146.9,172,4,3147.0,1810,4,3147.1,400,2,3147.2,71,3,3147.3,332,4
2031,2026-06-16 13:44:12+05:30,3146.9,1,3132.38,2570888,129124.0,199276.0,3163.0,3163.0,3108.0,3134.3,32009400,3447.7,2820.9,3839.9,2896.0,3146.5,15,1,3146.2,1,1,3145.9,21,1,3145.8,2,1,3145.7,173,5,3146.9,172,4,3147.0,1810,4,3147.1,400,2,3147.2,71,3,3147.3,332,4
2031,2026-06-16 13:44:12+05:30,3146.9,1,3132.38,2570889,129254.0,199230.0,3163.0,3163.0,3108.0,3134.3,32009400,3447.7,2820.9,3839.9,2896.0,3146.5,15,1,3146.2,1,1,3146.0,113,2,3145.9,21,1,3145.8,2,1,3146.9,172,5,3147.0,1808,3,3147.1,400,2,3147.2,42,1,3147.3,315,3
2031,2026-06-16 13:44:13+05:30,3146.5,2,3132.38,2570889,129254.0,199230.0,3163.0,3163.0,3108.0,3134.3,32009400,3447.7,2820.9,3839.9,2896.0,3146.5,15,1,3146.2,1,1,3146.0,113,2,3145.9,21,1,3145.8,2,1,3146.9,172,5,3147.0,1808,3,3147.1,400,2,3147.2,42,1,3147.3,315,3
2031,2026-06-16 13:44:13+05:30,3146.5,2,3132.38,2570891,129237.0,199286.0,3163.0,3163.0,3108.0,3134.3,32009400,3447.7,2820.9,3839.9,2896.0,3146.5,13,1,3146.2,1,1,3146.1,15,1,3146.0,113,2,3145.9,21,1,3146.9,172,5,3147.0,1808,3,3147.1,400,2,3147.2,42,1,3147.3,315,3
2031,2026-06-16 13:44:14+05:30,3146.5,2,3132.38,2570891,129319.0,199409.0,3163.0,3163.0,3108.0,3134.3,32009400,3447.7,2820.9,3839.9,2896.0,3146.7,13,1,3146.5,1,1,3146.2,1,1,3146.1,15,1,3146.0,113,2,3146.9,172,5,3147.0,1808,3,3147.1,400,2,3147.2,42,1,3147.3,315,3
2031,2026-06-16 13:44:15+05:30,3146.9,7,3132.38,2570891,129319.0,199409.0,3163.0,3163.0,3108.0,3134.3,32009400,3447.7,2820.9,3839.9,2896.0,3146.7,13,1,3146.5,1,1,3146.2,1,1,3146.1,15,1,3146.0,113,2,3146.9,172,5,3147.0,1808,3,3147.1,400,2,3147.2,42,1,3147.3,315,3
2031,2026-06-16 13:44:15+05:30,3146.9,7,3132.39,2571095,129453.0,199140.0,3163.0,3163.0,3108.0,3134.3,32009400,3447.7,2820.9,3839.9,2896.0,3146.8,2,2,3146.7,1,1,3146.5,1,1,3146.1,186,3,3146.0,144,4,3147.0,1808,3,3147.1,400,2,3147.3,259,2,3147.5,244,3,3147.6,2,1
2031,2026-06-16 13:44:16+05:30,3146.8,1,3132.39,2571095,129453.0,199140.0,3163.0,3163.0,3108.0,3134.3,32009400,3447.7,2820.9,3839.9,2896.0,3146.8,2,2,3146.7,1,1,3146.5,1,1,3146.1,186,3,3146.0,144,4,3147.0,1808,3,3147.1,400,2,3147.3,259,2,3147.5,244,3,3147.6,2,1
2031,2026-06-16 13:44:16+05:30,3146.8,1,3132.39,2571104,129658.0,198989.0,3163.0,3163.0,3108.0,3134.3,32009400,3447.7,2820.9,3839.9,2896.0,3146.8,1,1,3146.7,16,2,3146.5,1,1,3146.3,9,1,3146.2,10,1,3147.0,1850,4,3147.1,400,2,3147.2,35,1,3147.3,259,2,3147.4,37,2
2031,2026-06-16 13:44:17+05:30,3146.8,2,3132.39,2571104,129658.0,198989.0,3163.0,3163.0,3108.0,3134.3,32009400,3447.7,2820.9,3839.9,2896.0,3146.8,1,1,3146.7,16,2,3146.5,1,1,3146.3,9,1,3146.2,10,1,3147.0,1850,4,3147.1,400,2,3147.2,35,1,3147.3,259,2,3147.4,37,2
2031,2026-06-16 13:44:17+05:30,3146.8,2,3132.39,2571142,129542.0,199091.0,3163.0,3163.0,3108.0,3134.3,32009400,3447.7,2820.9,3839.9,2896.0,3146.7,16,2,3146.5,1,1,3146.2,14,1,3146.0,139,4,3145.9,21,1,3146.8,178,1,3147.0,1669,3,3147.1,400,2,3147.3,332,4,3147.5,308,4
2031,2026-06-16 13:44:18+05:30,3146.8,1,3132.39,2571142,129542.0,199091.0,3163.0,3163.0,3108.0,3134.3,32009400,3447.7,2820.9,3839.9,2896.0,3146.7,16,2,3146.5,1,1,3146.2,14,1,3146.0,139,4,3145.9,21,1,3146.8,178,1,3147.0,1669,3,3147.1,400,2,3147.3,332,4,3147.5,308,4
2031,2026-06-16 13:44:18+05:30,3146.8,1,3132.39,2571143,129534.0,199063.0,3163.0,3163.0,3108.0,3134.3,32009400,3447.7,2820.9,3839.9,2896.0,3146.7,16,2,3146.5,1,1,3146.0,125,3,3145.9,21,1,3145.8,67,4,3146.8,178,2,3147.0,1669,3,3147.1,400,2,3147.3,332,4,3147.5,308,4
2031,2026-06-16 13:44:19+05:30,3146.7,9,3132.39,2571143,129534.0,199063.0,3163.0,3163.0,3108.0,3134.3,32009400,3447.7,2820.9,3839.9,2896.0,3146.7,16,2,3146.5,1,1,3146.0,125,3,3145.9,21,1,3145.8,67,4,3146.8,178,2,3147.0,1669,3,3147.1,400,2,3147.3,332,4,3147.5,308,4
2031,2026-06-16 13:44:19+05:30,3146.8,144,3132.39,2571298,129743.0,198693.0,3163.0,3163.0,3108.0,3134.3,32009400,3447.7,2820.9,3839.9,2896.0,3146.7,1,1,3146.5,17,1,3146.1,2,1,3146.0,122,2,3145.9,35,2,3146.8,33,2,3147.0,1684,4,3147.1,400,2,3147.3,332,4,3147.4,2,1
2031,2026-06-16 13:44:20+05:30,3146.8,144,3132.39,2571298,129743.0,198693.0,3163.0,3163.0,3108.0,3134.3,32009400,3447.7,2820.9,3839.9,2896.0,3146.7,1,1,3146.5,17,1,3146.1,2,1,3146.0,122,2,3145.9,35,2,3146.8,33,2,3147.0,1684,4,3147.1,400,2,3147.3,332,4,3147.4,2,1
2031,2026-06-16 13:44:20+05:30,3146.7,1,3132.39,2571298,129743.0,198693.0,3163.0,3163.0,3108.0,3134.3,32009400,3447.7,2820.9,3839.9,2896.0,3146.7,1,1,3146.5,17,1,3146.1,2,1,3146.0,122,2,3145.9,35,2,3146.8,33,2,3147.0,1684,4,3147.1,400,2,3147.3,332,4,3147.4,2,1
2031,2026-06-16 13:44:20+05:30,3146.7,1,3132.39,2571299,129751.0,198739.0,3163.0,3163.0,3108.0,3134.3,32009400,3447.7,2820.9,3839.9,2896.0,3146.7,18,2,3146.1,16,2,3146.0,122,2,3145.9,35,2,3145.8,253,6,3146.8,33,2,3147.0,1669,3,3147.1,400,2,3147.3,332,4,3147.4,2,1
2031,2026-06-16 13:44:21+05:30,3146.7,1,3132.39,2571299,129751.0,198739.0,3163.0,3163.0,3108.0,3134.3,32009400,3447.7,2820.9,3839.9,2896.0,3146.7,18,2,3146.1,16,2,3146.0,122,2,3145.9,35,2,3145.8,253,6,3146.8,33,2,3147.0,1669,3,3147.1,400,2,3147.3,332,4,3147.4,2,1
2031,2026-06-16 13:44:21+05:30,3146.7,1,3132.39,2571299,129686.0,198733.0,3163.0,3163.0,3108.0,3134.3,32009400,3447.7,2820.9,3839.9,2896.0,3146.7,18,2,3146.3,14,1,3146.2,14,1,3146.1,2,1,3146.0,146,4,3146.8,33,2,3147.0,1669,3,3147.1,400,2,3147.3,332,4,3147.4,2,1
2031,2026-06-16 13:44:22+05:30,3146.8,1,3132.39,2571299,129686.0,198733.0,3163.0,3163.0,3108.0,3134.3,32009400,3447.7,2820.9,3839.9,2896.0,3146.7,18,2,3146.3,14,1,3146.2,14,1,3146.1,2,1,3146.0,146,4,3146.8,33,2,3147.0,1669,3,3147.1,400,2,3147.3,332,4,3147.4,2,1
2031,2026-06-16 13:44:23+05:30,3146.8,1,3132.39,2571300,129583.0,198809.0,3163.0,3163.0,3108.0,3134.3,32009400,3447.7,2820.9,3839.9,2896.0,3146.7,60,3,3146.3,14,1,3146.1,2,1,3146.0,132,3,3145.9,21,1,3146.8,64,3,3147.0,1669,3,3147.1,659,4,3147.3,242,2,3147.5,216,4
2031,2026-06-16 13:44:23+05:30,3147.0,134,3132.39,2571300,129583.0,198809.0,3163.0,3163.0,3108.0,3134.3,32009400,3447.7,2820.9,3839.9,2896.0,3146.7,60,3,3146.3,14,1,3146.1,2,1,3146.0,132,3,3145.9,21,1,3146.8,64,3,3147.0,1669,3,3147.1,659,4,3147.3,242,2,3147.5,216,4
2031,2026-06-16 13:44:24+05:30,3147.0,134,3132.39,2571500,129753.0,198524.0,3163.0,3163.0,3108.0,3134.3,32009400,3447.7,2820.9,3839.9,2896.0,3146.8,16,1,3146.7,43,2,3146.5,6,1,3146.4,7,1,3146.2,14,1,3147.0,1535,3,3147.1,400,2,3147.3,259,2,3147.5,242,2,3147.7,143,2
2031,2026-06-16 13:44:24+05:30,3147.0,134,3132.39,2571500,129753.0,198524.0,3163.0,3163.0,3108.0,3134.3,32009400,3447.7,2820.9,3839.9,2896.0,3146.8,16,1,3146.7,43,2,3146.5,6,1,3146.4,7,1,3146.2,14,1,3147.0,1535,3,3147.1,400,2,3147.3,259,2,3147.5,242,2,3147.7,143,2
2031,2026-06-16 13:44:25+05:30,3147.0,1,3132.39,2571886,129670.0,197852.0,3163.0,3163.0,3108.0,3134.3,32009400,3447.7,2820.9,3839.9,2896.0,3146.2,24,2,3146.1,24,4,3146.0,132,3,3145.9,14,1,3145.8,134,6,3147.0,1534,3,3147.1,15,1,3147.3,101,2,3147.4,2,1,3147.5,42,1
2031,2026-06-16 13:44:25+05:30,3147.0,1,3132.39,2571886,129670.0,197852.0,3163.0,3163.0,3108.0,3134.3,32009400,3447.7,2820.9,3839.9,2896.0,3146.2,24,2,3146.1,24,4,3146.0,132,3,3145.9,14,1,3145.8,134,6,3147.0,1534,3,3147.1,15,1,3147.3,101,2,3147.4,2,1,3147.5,42,1
2031,2026-06-16 13:44:26+05:30,3147.0,1,3132.39,2571886,129676.0,197838.0,3163.0,3163.0,3108.0,3134.3,32009400,3447.7,2820.9,3839.9,2896.0,3146.2,25,3,3146.1,24,4,3146.0,132,3,3145.9,14,1,3145.8,134,6,3147.0,1534,3,3147.1,15,1,3147.3,101,2,3147.4,2,1,3147.5,42,1
2031,2026-06-16 13:44:26+05:30,3146.5,1,3132.39,2571886,129676.0,197838.0,3163.0,3163.0,3108.0,3134.3,32009400,3447.7,2820.9,3839.9,2896.0,3146.2,25,3,3146.1,24,4,3146.0,132,3,3145.9,14,1,3145.8,134,6,3147.0,1534,3,3147.1,15,1,3147.3,101,2,3147.4,2,1,3147.5,42,1
2031,2026-06-16 13:44:26+05:30,3146.5,1,3132.39,2571886,129676.0,197838.0,3163.0,3163.0,3108.0,3134.3,32009400,3447.7,2820.9,3839.9,2896.0,3146.2,25,3,3146.1,24,4,3146.0,132,3,3145.9,14,1,3145.8,134,6,3147.0,1534,3,3147.1,15,1,3147.3,101,2,3147.4,2,1,3147.5,42,1
2031,2026-06-16 13:44:27+05:30,3146.5,1,3132.39,2571934,129160.0,197731.0,3163.0,3163.0,3108.0,3134.3,32009400,3447.7,2820.9,3839.9,2896.0,3146.1,19,2,3146.0,110,1,3145.9,21,2,3145.8,22,3,3145.7,10,3,3146.5,1,1,3147.0,1493,3,3147.1,15,1,3147.2,60,2,3147.3,101,2
2031,2026-06-16 13:44:27+05:30,3146.5,1,3132.39,2571934,129160.0,197731.0,3163.0,3163.0,3108.0,3134.3,32009400,3447.7,2820.9,3839.9,2896.0,3146.1,19,2,3146.0,110,1,3145.9,21,2,3145.8,22,3,3145.7,10,3,3146.5,1,1,3147.0,1493,3,3147.1,15,1,3147.2,60,2,3147.3,101,2
2031,2026-06-16 13:44:28+05:30,3146.5,1,3132.39,2571935,129212.0,197766.0,3163.0,3163.0,3108.0,3134.3,32009400,3447.7,2820.9,3839.9,2896.0,3146.1,24,4,3146.0,122,3,3145.9,7,1,3145.8,59,6,3145.7,68,5,3146.5,1,1,3147.0,1493,3,3147.1,15,1,3147.3,101,2,3147.5,42,1
2031,2026-06-16 13:44:28+05:30,3146.5,1,3132.39,2571935,129212.0,197766.0,3163.0,3163.0,3108.0,3134.3,32009400,3447.7,2820.9,3839.9,2896.0,3146.1,24,4,3146.0,122,3,3145.9,7,1,3145.8,59,6,3145.7,68,5,3146.5,1,1,3147.0,1493,3,3147.1,15,1,3147.3,101,2,3147.5,42,1
2031,2026-06-16 13:44:29+05:30,3146.5,1,3132.39,2571939,129248.0,197445.0,3163.0,3163.0,3108.0,3134.3,32009400,3447.7,2820.9,3839.9,2896.0,3146.1,58,7,3146.0,122,3,3145.9,7,1,3145.8,59,6,3145.7,52,4,3146.5,1,1,3147.0,1493,3,3147.1,15,1,3147.3,101,2,3147.5,42,1
2031,2026-06-16 13:44:29+05:30,3146.5,1,3132.39,2571939,129248.0,197445.0,3163.0,3163.0,3108.0,3134.3,32009400,3447.7,2820.9,3839.9,2896.0,3146.1,58,7,3146.0,122,3,3145.9,7,1,3145.8,59,6,3145.7,52,4,3146.5,1,1,3147.0,1493,3,3147.1,15,1,3147.3,101,2,3147.5,42,1
2031,2026-06-16 13:44:30+05:30,3146.5,1,3132.39,2571939,129248.0,197445.0,3163.0,3163.0,3108.0,3134.3,32009400,3447.7,2820.9,3839.9,2896.0,3146.1,58,7,3146.0,122,3,3145.9,7,1,3145.8,59,6,3145.7,52,4,3146.5,1,1,3147.0,1493,3,3147.1,15,1,3147.3,101,2,3147.5,42,1
2031,2026-06-16 13:44:30+05:30,3146.5,1,3132.39,2571939,129440.0,197665.0,3163.0,3163.0,3108.0,3134.3,32009400,3447.7,2820.9,3839.9,2896.0,3146.3,6,6,3146.2,4,1,3146.1,73,8,3146.0,150,5,3145.9,49,2,3146.5,2,2,3147.0,1493,3,3147.1,15,1,3147.3,59,1,3147.5,42,1
2031,2026-06-16 13:44:31+05:30,3146.5,1,3132.39,2571939,129440.0,197665.0,3163.0,3163.0,3108.0,3134.3,32009400,3447.7,2820.9,3839.9,2896.0,3146.3,6,6,3146.2,4,1,3146.1,73,8,3146.0,150,5,3145.9,49,2,3146.5,2,2,3147.0,1493,3,3147.1,15,1,3147.3,59,1,3147.5,42,1
2031,2026-06-16 13:44:31+05:30,3146.5,1,3132.39,2571944,129561.0,197875.0,3163.0,3163.0,3108.0,3134.3,32009400,3447.7,2820.9,3839.9,2896.0,3146.5,1,1,3146.4,14,1,3146.3,2,2,3146.2,14,1,3146.1,30,6,3147.0,1493,3,3147.1,15,1,3147.3,59,1,3147.5,44,2,3147.6,93,2
2031,2026-06-16 13:44:31+05:30,3146.5,1,3132.39,2571944,129561.0,197875.0,3163.0,3163.0,3108.0,3134.3,32009400,3447.7,2820.9,3839.9,2896.0,3146.5,1,1,3146.4,14,1,3146.3,2,2,3146.2,14,1,3146.1,30,6,3147.0,1493,3,3147.1,15,1,3147.3,59,1,3147.5,44,2,3147.6,93,2
2031,2026-06-16 13:44:32+05:30,3146.5,1,3132.39,2571944,129561.0,197875.0,3163.0,3163.0,3108.0,3134.3,32009400,3447.7,2820.9,3839.9,2896.0,3146.5,1,1,3146.4,14,1,3146.3,2,2,3146.2,14,1,3146.1,30,6,3147.0,1493,3,3147.1,15,1,3147.3,59,1,3147.5,44,2,3147.6,93,2
2031,2026-06-16 13:44:32+05:30,3146.5,1,3132.39,2571944,129561.0,197875.0,3163.0,3163.0,3108.0,3134.3,32009400,3447.7,2820.9,3839.9,2896.0,3146.5,1,1,3146.4,14,1,3146.3,2,2,3146.2,14,1,3146.1,30,6,3147.0,1493,3,3147.1,15,1,3147.3,59,1,3147.5,44,2,3147.6,93,2
2031,2026-06-16 13:44:32+05:30,3146.5,1,3132.39,2571945,129610.0,198172.0,3163.0,3163.0,3108.0,3134.3,32009400,3447.7,2820.9,3839.9,2896.0,3146.5,18,2,3146.3,2,2,3146.1,44,7,3146.0,130,3,3145.9,87,4,3147.0,1515,3,3147.1,15,1,3147.3,259,2,3147.5,44,2,3147.6,77,1
2031,2026-06-16 13:44:32+05:30,3146.5,1,3132.39,2571945,129610.0,198172.0,3163.0,3163.0,3108.0,3134.3,32009400,3447.7,2820.9,3839.9,2896.0,3146.5,18,2,3146.3,2,2,3146.1,44,7,3146.0,130,3,3145.9,87,4,3147.0,1515,3,3147.1,15,1,3147.3,259,2,3147.5,44,2,3147.6,77,1
2031,2026-06-16 13:44:33+05:30,3146.5,1,3132.39,2571945,129610.0,198172.0,3163.0,3163.0,3108.0,3134.3,32009400,3447.7,2820.9,3839.9,2896.0,3146.5,18,2,3146.3,2,2,3146.1,44,7,3146.0,130,3,3145.9,87,4,3147.0,1515,3,3147.1,15,1,3147.3,259,2,3147.5,44,2,3147.6,77,1
2031,2026-06-16 13:44:33+05:30,3147.0,1,3132.39,2571945,129610.0,198172.0,3163.0,3163.0,3108.0,3134.3,32009400,3447.7,2820.9,3839.9,2896.0,3146.5,18,2,3146.3,2,2,3146.1,44,7,3146.0,130,3,3145.9,87,4,3147.0,1515,3,3147.1,15,1,3147.3,259,2,3147.5,44,2,3147.6,77,1
2031,2026-06-16 13:44:33+05:30,3147.0,1,3132.39,2571946,129634.0,198275.0,3163.0,3163.0,3108.0,3134.3,32009400,3447.7,2820.9,3839.9,2896.0,3146.7,18,1,3146.5,2,1,3146.3,2,2,3146.1,30,6,3146.0,130,3,3147.0,1514,3,3147.1,15,1,3147.2,26,1,3147.3,259,2,3147.4,36,1
2031,2026-06-16 13:44:34+05:30,3147.0,1,3132.39,2571946,129634.0,198275.0,3163.0,3163.0,3108.0,3134.3,32009400,3447.7,2820.9,3839.9,2896.0,3146.7,18,1,3146.5,2,1,3146.3,2,2,3146.1,30,6,3146.0,130,3,3147.0,1514,3,3147.1,15,1,3147.2,26,1,3147.3,259,2,3147.4,36,1
2031,2026-06-16 13:44:34+05:30,3147.0,171,3132.39,2571946,129634.0,198275.0,3163.0,3163.0,3108.0,3134.3,32009400,3447.7,2820.9,3839.9,2896.0,3146.7,18,1,3146.5,2,1,3146.3,2,2,3146.1,30,6,3146.0,130,3,3147.0,1514,3,3147.1,15,1,3147.2,26,1,3147.3,259,2,3147.4,36,1
2031,2026-06-16 13:44:34+05:30,3147.0,1,3132.39,2572118,129408.0,198356.0,3163.0,3163.0,3108.0,3134.3,32009400,3447.7,2820.9,3839.9,2896.0,3146.5,2,1,3146.3,2,2,3146.1,25,5,3146.0,110,1,3145.9,29,2,3147.0,1342,3,3147.1,50,2,3147.2,26,1,3147.3,345,6,3147.4,71,2
2031,2026-06-16 13:44:34+05:30,3147.0,1,3132.39,2572118,129408.0,198356.0,3163.0,3163.0,3108.0,3134.3,32009400,3447.7,2820.9,3839.9,2896.0,3146.5,2,1,3146.3,2,2,3146.1,25,5,3146.0,110,1,3145.9,29,2,3147.0,1342,3,3147.1,50,2,3147.2,26,1,3147.3,345,6,3147.4,71,2
2031,2026-06-16 13:44:35+05:30,3147.0,1,3132.39,2572118,129408.0,198356.0,3163.0,3163.0,3108.0,3134.3,32009400,3447.7,2820.9,3839.9,2896.0,3146.5,2,1,3146.3,2,2,3146.1,25,5,3146.0,110,1,3145.9,29,2,3147.0,1342,3,3147.1,50,2,3147.2,26,1,3147.3,345,6,3147.4,71,2
2031,2026-06-16 13:44:35+05:30,3147.0,1,3132.39,2572118,129450.0,198337.0,3163.0,3163.0,3108.0,3134.3,32009400,3447.7,2820.9,3839.9,2896.0,3146.7,2,2,3146.5,20,2,3146.1,7,4,3146.0,110,1,3145.9,29,2,3147.0,1342,3,3147.1,50,2,3147.2,26,1,3147.3,343,5,3147.4,73,3
2031,2026-06-16 13:44:35+05:30,3147.0,1,3132.39,2572118,129450.0,198337.0,3163.0,3163.0,3108.0,3134.3,32009400,3447.7,2820.9,3839.9,2896.0,3146.7,2,2,3146.5,20,2,3146.1,7,4,3146.0,110,1,3145.9,29,2,3147.0,1342,3,3147.1,50,2,3147.2,26,1,3147.3,343,5,3147.4,73,3
2031,2026-06-16 13:44:36+05:30,3147.0,1,3132.39,2572118,129450.0,198337.0,3163.0,3163.0,3108.0,3134.3,32009400,3447.7,2820.9,3839.9,2896.0,3146.7,2,2,3146.5,20,2,3146.1,7,4,3146.0,110,1,3145.9,29,2,3147.0,1342,3,3147.1,50,2,3147.2,26,1,3147.3,343,5,3147.4,73,3
2031,2026-06-16 13:44:36+05:30,3146.5,4,3132.39,2572118,129450.0,198337.0,3163.0,3163.0,3108.0,3134.3,32009400,3447.7,2820.9,3839.9,2896.0,3146.7,2,2,3146.5,20,2,3146.1,7,4,3146.0,110,1,3145.9,29,2,3147.0,1342,3,3147.1,50,2,3147.2,26,1,3147.3,343,5,3147.4,73,3
2031,2026-06-16 13:44:36+05:30,3146.5,4,3132.39,2572128,129392.0,198304.0,3163.0,3163.0,3108.0,3134.3,32009400,3447.7,2820.9,3839.9,2896.0,3146.5,16,2,3146.1,6,3,3146.0,110,1,3145.9,29,2,3145.8,2,1,3147.0,1418,6,3147.1,15,1,3147.2,87,3,3147.3,393,5,3147.4,99,4
2031,2026-06-16 13:44:37+05:30,3146.5,4,3132.39,2572128,129392.0,198304.0,3163.0,3163.0,3108.0,3134.3,32009400,3447.7,2820.9,3839.9,2896.0,3146.5,16,2,3146.1,6,3,3146.0,110,1,3145.9,29,2,3145.8,2,1,3147.0,1418,6,3147.1,15,1,3147.2,87,3,3147.3,393,5,3147.4,99,4
2031,2026-06-16 13:44:37+05:30,3146.5,4,3132.39,2572128,129392.0,198318.0,3163.0,3163.0,3108.0,3134.3,32009400,3447.7,2820.9,3839.9,2896.0,3146.5,16,2,3146.1,6,3,3146.0,110,1,3145.9,29,2,3145.8,2,1,3147.0,1418,6,3147.1,107,3,3147.2,146,4,3147.3,242,2,3147.4,99,4
2031,2026-06-16 13:44:38+05:30,3146.5,4,3132.39,2572128,129392.0,198318.0,3163.0,3163.0,3108.0,3134.3,32009400,3447.7,2820.9,3839.9,2896.0,3146.5,16,2,3146.1,6,3,3146.0,110,1,3145.9,29,2,3145.8,2,1,3147.0,1418,6,3147.1,107,3,3147.2,146,4,3147.3,242,2,3147.4,99,4
2031,2026-06-16 13:44:38+05:30,3146.5,2,3132.39,2572128,129392.0,198318.0,3163.0,3163.0,3108.0,3134.3,32009400,3447.7,2820.9,3839.9,2896.0,3146.5,16,2,3146.1,6,3,3146.0,110,1,3145.9,29,2,3145.8,2,1,3147.0,1418,6,3147.1,107,3,3147.2,146,4,3147.3,242,2,3147.4,99,4
2031,2026-06-16 13:44:38+05:30,3146.5,2,3132.39,2572128,129392.0,198318.0,3163.0,3163.0,3108.0,3134.3,32009400,3447.7,2820.9,3839.9,2896.0,3146.5,16,2,3146.1,6,3,3146.0,110,1,3145.9,29,2,3145.8,2,1,3147.0,1418,6,3147.1,107,3,3147.2,146,4,3147.3,242,2,3147.4,99,4
2031,2026-06-16 13:44:38+05:30,3146.5,2,3132.39,2572132,129396.0,198454.0,3163.0,3163.0,3108.0,3134.3,32009400,3447.7,2820.9,3839.9,2896.0,3146.7,22,2,3146.5,2,1,3146.1,2,2,3146.0,110,1,3145.9,29,2,3147.0,1355,4,3147.1,15,1,3147.2,146,4,3147.3,258,3,3147.4,297,4
2031,2026-06-16 13:44:40+05:30,3146.5,2,3132.39,2572132,129002.0,198511.0,3163.0,3163.0,3108.0,3134.3,32009400,3447.7,2820.9,3839.9,2896.0,3146.7,22,2,3146.5,2,1,3146.1,2,2,3146.0,110,1,3145.9,29,2,3147.0,1355,4,3147.1,15,1,3147.2,146,4,3147.3,258,3,3147.4,297,4
2031,2026-06-16 13:44:40+05:30,3146.5,2,3132.39,2572132,129002.0,198511.0,3163.0,3163.0,3108.0,3134.3,32009000,3447.7,2820.9,3839.9,2896.0,3146.7,22,2,3146.5,2,1,3146.1,2,2,3146.0,110,1,3145.9,29,2,3147.0,1355,4,3147.1,15,1,3147.2,146,4,3147.3,258,3,3147.4,297,4
2031,2026-06-16 13:44:40+05:30,3146.7,2,3132.39,2572132,129002.0,198511.0,3163.0,3163.0,3108.0,3134.3,32009000,3447.7,2820.9,3839.9,2896.0,3146.7,22,2,3146.5,2,1,3146.1,2,2,3146.0,110,1,3145.9,29,2,3147.0,1355,4,3147.1,15,1,3147.2,146,4,3147.3,258,3,3147.4,297,4
2031,2026-06-16 13:44:41+05:30,3146.7,2,3132.39,2572340,128609.0,198853.0,3163.0,3163.0,3108.0,3134.3,32009000,3447.7,2820.9,3839.9,2896.0,3146.7,12,2,3146.5,18,2,3146.0,110,1,3145.9,22,1,3145.7,22,3,3147.0,1463,7,3147.1,15,1,3147.2,146,4,3147.3,259,4,3147.4,297,4
2031,2026-06-16 13:44:42+05:30,3147.0,8,3132.39,2572348,128789.0,198879.0,3163.0,3163.0,3108.0,3134.3,32009000,3447.7,2820.9,3839.9,2896.0,3146.7,28,3,3146.0,110,1,3145.9,22,1,3145.7,22,3,3145.6,5,3,3147.0,1479,8,3147.1,41,2,3147.2,122,4,3147.3,257,3,3147.4,297,4
2031,2026-06-16 13:44:42+05:30,3147.0,8,3132.39,2572348,128789.0,198879.0,3163.0,3163.0,3108.0,3134.3,32009000,3447.7,2820.9,3839.9,2896.0,3146.7,28,3,3146.0,110,1,3145.9,22,1,3145.7,22,3,3145.6,5,3,3147.0,1479,8,3147.1,41,2,3147.2,122,4,3147.3,257,3,3147.4,297,4
2031,2026-06-16 13:44:43+05:30,3147.0,8,3132.39,2572348,128795.0,198879.0,3163.0,3163.0,3108.0,3134.3,32009000,3447.7,2820.9,3839.9,2896.0,3146.7,28,3,3146.0,110,1,3145.9,22,1,3145.7,22,3,3145.6,5,3,3147.0,1479,8,3147.1,41,2,3147.2,122,4,3147.3,257,3,3147.4,297,4
2031,2026-06-16 13:44:43+05:30,3147.0,1,3132.39,2572348,128795.0,198879.0,3163.0,3163.0,3108.0,3134.3,32009000,3447.7,2820.9,3839.9,2896.0,3146.7,28,3,3146.0,110,1,3145.9,22,1,3145.7,22,3,3145.6,5,3,3147.0,1479,8,3147.1,41,2,3147.2,122,4,3147.3,257,3,3147.4,297,4
2031,2026-06-16 13:44:44+05:30,3147.0,1,3132.39,2572349,128900.0,198940.0,3163.0,3163.0,3108.0,3134.3,32009000,3447.7,2820.9,3839.9,2896.0,3146.7,1,1,3146.1,16,1,3146.0,110,1,3145.9,22,1,3145.7,22,3,3147.0,1539,10,3147.1,15,1,3147.2,146,4,3147.3,259,4,3147.4,297,4
2031,2026-06-16 13:44:44+05:30,3147.0,1,3132.39,2572349,128900.0,198940.0,3163.0,3163.0,3108.0,3134.3,32009000,3447.7,2820.9,3839.9,2896.0,3146.7,1,1,3146.1,16,1,3146.0,110,1,3145.9,22,1,3145.7,22,3,3147.0,1539,10,3147.1,15,1,3147.2,146,4,3147.3,259,4,3147.4,297,4
2031,2026-06-16 13:44:45+05:30,3147.0,1,3132.39,2572350,128980.0,198942.0,3163.0,3163.0,3108.0,3134.3,32009000,3447.7,2820.9,3839.9,2896.0,3146.9,18,2,3146.0,110,1,3145.9,22,1,3145.8,3,1,3145.7,22,3,3147.0,1477,8,3147.1,41,2,3147.2,122,4,3147.3,257,3,3147.4,297,4
2031,2026-06-16 13:44:45+05:30,3147.0,2,3132.39,2572350,128980.0,198942.0,3163.0,3163.0,3108.0,3134.3,32009000,3447.7,2820.9,3839.9,2896.0,3146.9,18,2,3146.0,110,1,3145.9,22,1,3145.8,3,1,3145.7,22,3,3147.0,1477,8,3147.1,41,2,3147.2,122,4,3147.3,257,3,3147.4,297,4
2031,2026-06-16 13:44:46+05:30,3146.9,9,3132.39,2572557,129044.0,198198.0,3163.0,3163.0,3108.0,3134.3,32009000,3447.7,2820.9,3839.9,2896.0,3146.9,1,1,3146.1,212,3,3146.0,110,1,3145.9,38,2,3145.8,70,2,3147.0,1231,7,3147.1,61,3,3147.2,59,1,3147.3,237,3,3147.4,262,3
2031,2026-06-16 13:44:46+05:30,3146.9,9,3132.39,2572557,129044.0,198198.0,3163.0,3163.0,3108.0,3134.3,32009000,3447.7,2820.9,3839.9,2896.0,3146.9,1,1,3146.1,212,3,3146.0,110,1,3145.9,38,2,3145.8,70,2,3147.0,1231,7,3147.1,61,3,3147.2,59,1,3147.3,237,3,3147.4,262,3
2031,2026-06-16 13:44:47+05:30,3146.9,1,3132.39,2572557,129044.0,198198.0,3163.0,3163.0,3108.0,3134.3,32009000,3447.7,2820.9,3839.9,2896.0,3146.9,1,1,3146.1,212,3,3146.0,110,1,3145.9,38,2,3145.8,70,2,3147.0,1231,7,3147.1,61,3,3147.2,59,1,3147.3,237,3,3147.4,262,3
2031,2026-06-16 13:44:47+05:30,3146.9,1,3132.39,2572558,129020.0,198471.0,3163.0,3163.0,3108.0,3134.3,32009000,3447.7,2820.9,3839.9,2896.0,3146.1,3,1,3146.0,110,1,3145.9,16,1,3145.8,134,4,3145.7,72,4,3147.0,1232,8,3147.1,35,2,3147.2,59,1,3147.3,286,4,3147.4,62,2
2031,2026-06-16 13:44:48+05:30,3147.0,5,3132.39,2572558,129020.0,198471.0,3163.0,3163.0,3108.0,3134.3,32009000,3447.7,2820.9,3839.9,2896.0,3146.1,3,1,3146.0,110,1,3145.9,16,1,3145.8,134,4,3145.7,72,4,3147.0,1232,8,3147.1,35,2,3147.2,59,1,3147.3,286,4,3147.4,62,2
2031,2026-06-16 13:44:48+05:30,3147.0,5,3132.39,2572563,128608.0,198525.0,3163.0,3163.0,3108.0,3134.3,32009000,3447.7,2820.9,3839.9,2896.0,3146.1,19,2,3146.0,110,1,3145.8,70,2,3145.7,72,4,3145.6,277,5,3147.0,1232,9,3147.1,61,3,3147.2,182,4,3147.3,293,4,3147.4,62,2
2031,2026-06-16 13:44:49+05:30,3147.0,1,3132.39,2572563,128608.0,198525.0,3163.0,3163.0,3108.0,3134.3,32009000,3447.7,2820.9,3839.9,2896.0,3146.1,19,2,3146.0,122,2,3145.9,26,2,3145.8,67,1,3145.7,88,5,3147.0,1231,9,3147.1,35,2,3147.2,132,2,3147.3,293,4,3147.4,62,2
2031,2026-06-16 13:44:49+05:30,3147.0,1,3132.39,2572564,128636.0,198334.0,3163.0,3163.0,3108.0,3134.3,32009000,3447.7,2820.9,3839.9,2896.0,3146.1,19,2,3146.0,122,2,3145.9,26,2,3145.8,67,1,3145.7,88,5,3147.0,1231,9,3147.1,35,2,3147.2,132,2,3147.3,293,4,3147.4,62,2
2031,2026-06-16 13:44:50+05:30,3147.0,22,3132.39,2572564,128636.0,198334.0,3163.0,3163.0,3108.0,3134.3,32009000,3447.7,2820.9,3839.9,2896.0,3146.1,19,2,3146.0,122,2,3145.9,26,2,3145.8,67,1,3145.7,88,5,3147.0,1231,9,3147.1,35,2,3147.2,132,2,3147.3,293,4,3147.4,62,2
2031,2026-06-16 13:44:50+05:30,3147.0,22,3132.39,2572586,128690.0,198211.0,3163.0,3163.0,3108.0,3134.3,32009000,3447.7,2820.9,3839.9,2896.0,3146.1,29,3,3146.0,138,4,3145.9,87,4,3145.8,144,4,3145.7,88,5,3147.0,1209,9,3147.1,35,2,3147.2,59,1,3147.3,202,2,3147.4,62,2
2031,2026-06-16 13:44:51+05:30,3147.0,1,3132.39,2572586,128690.0,198211.0,3163.0,3163.0,3108.0,3134.3,32009000,3447.7,2820.9,3839.9,2896.0,3146.1,29,3,3146.0,138,4,3145.9,87,4,3145.8,144,4,3145.7,88,5,3147.0,1209,9,3147.1,35,2,3147.2,59,1,3147.3,202,2,3147.4,62,2
2031,2026-06-16 13:44:51+05:30,3147.0,1,3132.39,2572587,128693.0,198256.0,3163.0,3163.0,3108.0,3134.3,32009000,3447.7,2820.9,3839.9,2896.0,3146.1,29,3,3146.0,123,3,3145.9,45,3,3145.8,162,6,3145.7,130,6,3147.0,1208,9,3147.1,35,2,3147.2,59,1,3147.3,244,3,3147.4,62,2
2031,2026-06-16 13:44:52+05:30,3147.0,11,3132.39,2572587,128693.0,198256.0,3163.0,3163.0,3108.0,3134.3,32009000,3447.7,2820.9,3839.9,2896.0,3146.1,29,3,3146.0,123,3,3145.9,45,3,3145.8,162,6,3145.7,130,6,3147.0,1208,9,3147.1,35,2,3147.2,59,1,3147.3,244,3,3147.4,62,2
2031,2026-06-16 13:44:52+05:30,3147.0,11,3132.39,2572598,128703.0,198259.0,3163.0,3163.0,3108.0,3134.3,32009000,3447.7,2820.9,3839.9,2896.0,3146.1,29,3,3146.0,138,4,3145.9,69,5,3145.8,133,4,3145.7,130,6,3147.0,1197,9,3147.1,35,2,3147.2,59,1,3147.3,244,3,3147.4,62,2
2031,2026-06-16 13:44:53+05:30,3146.1,3,3132.39,2572598,128703.0,198259.0,3163.0,3163.0,3108.0,3134.3,32009000,3447.7,2820.9,3839.9,2896.0,3146.1,29,3,3146.0,138,4,3145.9,69,5,3145.8,133,4,3145.7,130,6,3147.0,1197,9,3147.1,35,2,3147.2,59,1,3147.3,244,3,3147.4,62,2
2031,2026-06-16 13:44:53+05:30,3146.1,3,3132.39,2572639,129015.0,198042.0,3163.0,3163.0,3108.0,3134.3,32009000,3447.7,2820.9,3839.9,2896.0,3146.1,16,2,3146.0,111,2,3145.9,42,3,3145.7,72,6,3145.6,27,4,3146.5,1,1,3147.0,1156,8,3147.1,35,2,3147.2,59,1,3147.3,268,3
2031,2026-06-16 13:44:54+05:30,3146.5,34,3132.39,2572639,129015.0,198042.0,3163.0,3163.0,3108.0,3134.3,32009000,3447.7,2820.9,3839.9,2896.0,3146.1,16,2,3146.0,111,2,3145.9,42,3,3145.7,72,6,3145.6,27,4,3146.5,1,1,3147.0,1156,8,3147.1,35,2,3147.2,59,1,3147.3,268,3
2031,2026-06-16 13:44:54+05:30,3146.5,34,3132.39,2572674,128239.0,198414.0,3163.0,3163.0,3108.0,3134.3,32009000,3447.7,2820.9,3839.9,2896.0,3146.0,110,1,3145.9,10,1,3145.7,23,3,3145.6,44,3,3145.5,260,8,3147.0,1314,12,3147.1,52,4,3147.2,207,6,3147.3,242,2,3147.4,36,1
2031,2026-06-16 13:44:55+05:30,3146.5,34,3132.39,2572674,128694.0,198418.0,3163.0,3163.0,3108.0,3134.3,32009000,3447.7,2820.9,3839.9,2896.0,3146.5,1,1,3146.4,16,1,3146.0,110,1,3145.9,26,2,3145.7,23,3,3147.0,1295,11,3147.1,76,4,3147.2,98,3,3147.3,244,3,3147.4,62,2
2031,2026-06-16 13:44:56+05:30,3146.5,10,3132.39,2572674,128694.0,198418.0,3163.0,3163.0,3108.0,3134.3,32009000,3447.7,2820.9,3839.9,2896.0,3146.5,1,1,3146.4,16,1,3146.0,110,1,3145.9,26,2,3145.7,23,3,3147.0,1295,11,3147.1,76,4,3147.2,98,3,3147.3,244,3,3147.4,62,2
2031,2026-06-16 13:44:56+05:30,3146.5,10,3132.39,2572713,128864.0,198639.0,3163.0,3163.0,3108.0,3134.3,32009000,3447.7,2820.9,3839.9,2896.0,3146.4,16,1,3146.0,113,2,3145.9,25,2,3145.7,23,3,3145.6,2,2,3146.9,9,1,3147.0,1316,12,3147.1,47,4,3147.2,176,6,3147.3,318,4
2031,2026-06-16 13:44:57+05:30,3146.9,1,3132.39,2572713,128864.0,198639.0,3163.0,3163.0,3108.0,3134.3,32009000,3447.7,2820.9,3839.9,2896.0,3146.4,16,1,3146.0,113,2,3145.9,25,2,3145.7,23,3,3145.6,2,2,3146.9,9,1,3147.0,1316,12,3147.1,47,4,3147.2,176,6,3147.3,318,4
2031,2026-06-16 13:44:57+05:30,3146.9,1,3132.39,2572714,128864.0,198638.0,3163.0,3163.0,3108.0,3134.3,32009000,3447.7,2820.9,3839.9,2896.0,3146.4,16,1,3146.0,113,2,3145.9,25,2,3145.7,23,3,3145.6,2,2,3146.9,8,1,3147.0,1316,12,3147.1,45,3,3147.2,178,7,3147.3,318,4
2031,2026-06-16 13:44:58+05:30,3146.9,1,3132.39,2572714,128864.0,198638.0,3163.0,3163.0,3108.0,3134.3,32009000,3447.7,2820.9,3839.9,2896.0,3146.4,16,1,3146.0,113,2,3145.9,25,2,3145.7,23,3,3145.6,2,2,3146.9,8,1,3147.0,1316,12,3147.1,45,3,3147.2,178,7,3147.3,318,4
2031,2026-06-16 13:44:58+05:30,3146.9,1,3132.39,2572715,128898.0,198427.0,3163.0,3163.0,3108.0,3134.3,32009000,3447.7,2820.9,3839.9,2896.0,3146.5,15,1,3146.0,113,2,3145.9,25,2,3145.7,23,3,3145.6,5,3,3146.9,32,3,3147.0,1267,9,3147.1,45,3,3147.2,141,6,3147.3,276,3
2031,2026-06-16 13:44:59+05:30,3146.5,5,3132.39,2572715,128898.0,198427.0,3163.0,3163.0,3108.0,3134.3,32009000,3447.7,2820.9,3839.9,2896.0,3146.5,15,1,3146.0,113,2,3145.9,25,2,3145.7,23,3,3145.6,5,3,3146.9,32,3,3147.0,1267,9,3147.1,45,3,3147.2,141,6,3147.3,276,3
2031,2026-06-16 13:44:59+05:30,3146.5,5,3132.4,2572761,128987.0,198281.0,3163.0,3163.0,3108.0,3134.3,32009000,3447.7,2820.9,3839.9,2896.0,3146.5,10,1,3146.0,113,2,3145.9,10,1,3145.7,23,3,3145.6,177,4,3147.0,1227,8,3147.1,35,2,3147.2,159,6,3147.3,314,3,3147.4,62,2
2031,2026-06-16 13:45:00+05:30,3146.5,5,3132.4,2572761,128997.0,198368.0,3163.0,3163.0,3108.0,3134.3,32009000,3447.7,2820.9,3839.9,2896.0,3146.8,2,2,3146.7,18,1,3146.5,7,2,3146.1,18,1,3146.0,113,2,3147.0,1176,8,3147.1,35,2,3147.2,124,4,3147.3,242,2,3147.4,262,3
2031,2026-06-16 13:45:01+05:30,3146.6,11,3132.4,2572761,128997.0,198368.0,3163.0,3163.0,3108.0,3134.3,32009000,3447.7,2820.9,3839.9,2896.0,3146.8,2,2,3146.7,18,1,3146.5,7,2,3146.1,18,1,3146.0,113,2,3147.0,1176,8,3147.1,35,2,3147.2,124,4,3147.3,242,2,3147.4,262,3
2031,2026-06-16 13:45:01+05:30,3146.6,11,3132.4,2572947,129064.0,198386.0,3163.0,3163.0,3108.0,3134.3,32009000,3447.7,2820.9,3839.9,2896.0,3146.5,57,3,3146.1,22,2,3146.0,113,2,3145.9,10,1,3145.8,42,3,3146.6,14,1,3147.0,1165,7,3147.1,35,2,3147.2,61,2,3147.3,242,2
2031,2026-06-16 13:45:02+05:30,3146.6,150,3132.4,2572947,129064.0,198386.0,3163.0,3163.0,3108.0,3134.3,32009000,3447.7,2820.9,3839.9,2896.0,3146.5,57,3,3146.1,22,2,3146.0,113,2,3145.9,10,1,3145.8,42,3,3146.6,14,1,3147.0,1165,7,3147.1,35,2,3147.2,61,2,3147.3,242,2
2031,2026-06-16 13:45:02+05:30,3146.6,150,3132.4,2573120,129084.0,198197.0,3163.0,3163.0,3108.0,3134.3,32009000,3447.7,2820.9,3839.9,2896.0,3146.5,57,3,3146.1,20,2,3146.0,120,3,3145.9,40,3,3145.8,38,3,3146.6,50,1,3146.9,200,1,3147.0,1143,6,3147.1,35,2,3147.2,61,2
2031,2026-06-16 13:45:03+05:30,3146.6,18,3132.4,2573120,129084.0,198197.0,3163.0,3163.0,3108.0,3134.3,32009000,3447.7,2820.9,3839.9,2896.0,3146.5,57,3,3146.1,20,2,3146.0,120,3,3145.9,40,3,3145.8,38,3,3146.6,50,1,3146.9,200,1,3147.0,1143,6,3147.1,35,2,3147.2,61,2
2031,2026-06-16 13:45:03+05:30,3146.6,18,3132.4,2573138,129128.0,198190.0,3163.0,3163.0,3108.0,3134.3,32009000,3447.7,2820.9,3839.9,2896.0,3146.5,75,4,3146.4,14,1,3146.3,4,1,3146.2,18,3,3146.1,20,2,3146.6,45,2,3146.9,200,1,3147.0,1143,6,3147.1,35,2,3147.2,59,1
2031,2026-06-16 13:45:04+05:30,3146.5,24,3132.4,2573138,129128.0,198190.0,3163.0,3163.0,3108.0,3134.3,32009000,3447.7,2820.9,3839.9,2896.0,3146.5,75,4,3146.4,14,1,3146.3,4,1,3146.2,18,3,3146.1,20,2,3146.6,45,2,3146.9,200,1,3147.0,1143,6,3147.1,35,2,3147.2,59,1
2031,2026-06-16 13:45:04+05:30,3146.6,1,3132.4,2573171,129141.0,198202.0,3163.0,3163.0,3108.0,3134.3,32009000,3447.7,2820.9,3839.9,2896.0,3146.5,91,5,3146.4,28,2,3146.3,4,1,3146.2,29,3,3146.1,6,1,3146.6,44,3,3146.9,200,1,3147.0,1143,6,3147.1,35,2,3147.2,59,1
2031,2026-06-16 13:45:05+05:30,3146.5,2,3132.4,2573171,129141.0,198202.0,3163.0,3163.0,3108.0,3134.3,32009000,3447.7,2820.9,3839.9,2896.0,3146.5,91,5,3146.4,28,2,3146.3,4,1,3146.2,29,3,3146.1,6,1,3146.6,44,3,3146.9,200,1,3147.0,1143,6,3147.1,35,2,3147.2,59,1
2031,2026-06-16 13:45:05+05:30,3146.5,2,3132.4,2573173,129197.0,198203.0,3163.0,3163.0,3108.0,3134.3,32009000,3447.7,2820.9,3839.9,2896.0,3146.5,89,5,3146.4,14,1,3146.3,11,1,3146.2,29,3,3146.1,6,1,3146.6,44,3,3146.9,200,1,3147.0,1183,7,3147.1,35,2,3147.2,59,1
2031,2026-06-16 13:45:06+05:30,3146.6,10,3132.4,2573173,129197.0,198203.0,3163.0,3163.0,3108.0,3134.3,32009000,3447.7,2820.9,3839.9,2896.0,3146.5,89,5,3146.4,14,1,3146.3,11,1,3146.2,29,3,3146.1,6,1,3146.6,44,3,3146.9,200,1,3147.0,1183,7,3147.1,35,2,3147.2,59,1
2031,2026-06-16 13:45:06+05:30,3146.5,17,3132.4,2573268,128901.0,198547.0,3163.0,3163.0,3108.0,3134.3,32009000,3447.7,2820.9,3839.9,2896.0,3146.5,47,4,3146.3,11,1,3146.1,6,1,3146.0,113,2,3145.9,17,2,3146.9,200,1,3147.0,1183,7,3147.1,35,2,3147.2,59,1,3147.3,2,1
2031,2026-06-16 13:45:07+05:30,3146.5,17,3132.4,2573268,128901.0,198547.0,3163.0,3163.0,3108.0,3134.3,32009000,3447.7,2820.9,3839.9,2896.0,3146.5,47,4,3146.3,11,1,3146.1,6,1,3146.0,113,2,3145.9,17,2,3146.9,200,1,3147.0,1183,7,3147.1,35,2,3147.2,59,1,3147.3,2,1
2031,2026-06-16 13:45:07+05:30,3146.5,17,3132.4,2573268,129174.0,198613.0,3163.0,3163.0,3108.0,3134.3,32009000,3447.7,2820.9,3839.9,2896.0,3146.5,47,4,3146.3,11,1,3146.0,113,2,3145.9,17,2,3145.8,38,3,3146.9,201,2,3147.0,1183,7,3147.1,35,2,3147.2,59,1,3147.3,42,2
2031,2026-06-16 13:45:08+05:30,3146.9,7,3132.4,2573268,129174.0,198613.0,3163.0,3163.0,3108.0,3134.3,32009000,3447.7,2820.9,3839.9,2896.0,3146.5,47,4,3146.3,11,1,3146.0,113,2,3145.9,17,2,3145.8,38,3,3146.9,201,2,3147.0,1183,7,3147.1,35,2,3147.2,59,1,3147.3,42,2
2031,2026-06-16 13:45:08+05:30,3146.9,7,3132.4,2573275,129146.0,198380.0,3163.0,3163.0,3108.0,3134.3,32009000,3447.7,2820.9,3839.9,2896.0,3146.5,46,4,3146.3,11,1,3146.0,127,3,3145.9,3,1,3145.8,41,4,3146.7,1,1,3146.9,220,3,3147.0,1182,6,3147.1,35,2,3147.2,62,2
2031,2026-06-16 13:45:09+05:30,3146.7,1,3132.4,2573275,129146.0,198380.0,3163.0,3163.0,3108.0,3134.3,32009000,3447.7,2820.9,3839.9,2896.0,3146.5,46,4,3146.3,11,1,3146.0,127,3,3145.9,3,1,3145.8,41,4,3146.7,1,1,3146.9,220,3,3147.0,1182,6,3147.1,35,2,3147.2,62,2
2031,2026-06-16 13:45:09+05:30,3146.9,1,3132.4,2573277,129166.0,198592.0,3163.0,3163.0,3108.0,3134.3,32009000,3447.7,2820.9,3839.9,2896.0,3146.7,16,1,3146.5,29,3,3146.3,11,1,3146.0,113,2,3145.8,41,4,3146.9,219,3,3147.0,1245,8,3147.1,56,3,3147.2,164,4,3147.3,98,4
2031,2026-06-16 13:45:10+05:30,3146.4,129,3132.4,2573277,129166.0,198592.0,3163.0,3163.0,3108.0,3134.3,32009000,3447.7,2820.9,3839.9,2896.0,3146.7,16,1,3146.5,29,3,3146.3,11,1,3146.0,113,2,3145.8,41,4,3146.9,219,3,3147.0,1245,8,3147.1,56,3,3147.2,164,4,3147.3,98,4
2031,2026-06-16 13:45:10+05:30,3146.4,45,3132.4,2573701,128597.0,198736.0,3163.0,3163.0,3108.0,3134.3,32009000,3447.7,2820.9,3839.9,2896.0,3146.3,11,1,3146.0,110,1,3145.9,14,1,3145.7,2,2,3145.6,17,4,3146.4,2,1,3146.5,192,1,3146.8,59,1,3146.9,101,3,3147.0,1426,9
2031,2026-06-16 13:45:11+05:30,3146.0,2,3132.4,2573701,128597.0,198736.0,3163.0,3163.0,3108.0,3134.3,32009000,3447.7,2820.9,3839.9,2896.0,3146.3,11,1,3146.0,110,1,3145.9,14,1,3145.7,2,2,3145.6,17,4,3146.4,2,1,3146.5,192,1,3146.8,59,1,3146.9,101,3,3147.0,1426,9
2031,2026-06-16 13:45:11+05:30,3146.1,98,3132.4,2573903,127601.0,198168.0,3163.0,3163.0,3108.0,3134.3,32009000,3447.7,2820.9,3839.9,2896.0,3146.0,120,7,3145.9,17,2,3145.8,32,3,3145.7,7,3,3145.6,31,5,3146.4,1,1,3146.9,266,2,3147.0,1226,8,3147.1,35,2,3147.2,79,2
2031,2026-06-16 13:45:12+05:30,3146.0,40,3132.4,2573903,127601.0,198168.0,3163.0,3163.0,3108.0,3134.3,32009000,3447.7,2820.9,3839.9,2896.0,3146.0,120,7,3145.9,17,2,3145.8,32,3,3145.7,7,3,3145.6,31,5,3146.4,1,1,3146.9,266,2,3147.0,1226,8,3147.1,35,2,3147.2,79,2
2031,2026-06-16 13:45:12+05:30,3146.4,24,3132.4,2573968,127654.0,198566.0,3163.0,3163.0,3108.0,3134.3,32009000,3447.7,2820.9,3839.9,2896.0,3146.0,79,6,3145.9,28,2,3145.8,42,6,3145.7,161,4,3145.6,243,8,3146.9,266,2,3147.0,1226,8,3147.1,35,2,3147.2,59,1,3147.3,2,1
2031,2026-06-16 13:45:13+05:30,3146.9,35,3132.4,2573968,127654.0,198566.0,3163.0,3163.0,3108.0,3134.3,32009000,3447.7,2820.9,3839.9,2896.0,3146.0,79,6,3145.9,28,2,3145.8,42,6,3145.7,161,4,3145.6,243,8,3146.9,266,2,3147.0,1226,8,3147.1,35,2,3147.2,59,1,3147.3,2,1
2031,2026-06-16 13:45:13+05:30,3146.9,35,3132.4,2574003,127904.0,198410.0,3163.0,3163.0,3108.0,3134.3,32009000,3447.7,2820.9,3839.9,2896.0,3146.0,126,8,3145.9,50,4,3145.8,61,7,3145.7,56,4,3145.6,40,6,3146.9,231,2,3147.0,1212,7,3147.1,35,2,3147.2,59,1,3147.3,40,1
2031,2026-06-16 13:45:14+05:30,3146.5,1,3132.4,2574003,127904.0,198410.0,3163.0,3163.0,3108.0,3134.3,32009000,3447.7,2820.9,3839.9,2896.0,3146.0,126,8,3145.9,50,4,3145.8,61,7,3145.7,56,4,3145.6,40,6,3146.9,231,2,3147.0,1212,7,3147.1,35,2,3147.2,59,1,3147.3,40,1
2031,2026-06-16 13:45:14+05:30,3146.5,1,3132.4,2574004,129061.0,198262.0,3163.0,3163.0,3108.0,3134.3,32009000,3447.7,2820.9,3839.9,2896.0,3146.5,109,5,3146.4,6,1,3146.3,20,3,3146.2,28,2,3146.1,18,2,3146.9,194,2,3147.0,1212,7,3147.1,35,2,3147.2,59,1,3147.5,42,1
2031,2026-06-16 13:45:15+05:30,3146.9,1,3132.4,2574004,129061.0,198262.0,3163.0,3163.0,3108.0,3134.3,32009000,3447.7,2820.9,3839.9,2896.0,3146.5,109,5,3146.4,6,1,3146.3,20,3,3146.2,28,2,3146.1,18,2,3146.9,194,2,3147.0,1212,7,3147.1,35,2,3147.2,59,1,3147.5,42,1
2031,2026-06-16 13:45:15+05:30,3146.9,1,3132.4,2574005,129284.0,198580.0,3163.0,3163.0,3108.0,3134.3,32009000,3447.7,2820.9,3839.9,2896.0,3146.7,5,5,3146.5,143,5,3146.4,34,3,3146.3,20,3,3146.2,28,2,3146.9,193,2,3147.0,1212,7,3147.1,35,2,3147.2,59,1,3147.4,200,1
2031,2026-06-16 13:45:16+05:30,3146.7,4,3132.4,2574005,129284.0,198580.0,3163.0,3163.0,3108.0,3134.3,32009000,3447.7,2820.9,3839.9,2896.0,3146.7,5,5,3146.5,143,5,3146.4,34,3,3146.3,20,3,3146.2,28,2,3146.9,193,2,3147.0,1212,7,3147.1,35,2,3147.2,59,1,3147.4,200,1
2031,2026-06-16 13:45:17+05:30,3146.9,1,3132.4,2574024,129323.0,198433.0,3163.0,3163.0,3108.0,3134.3,32009000,3447.7,2820.9,3839.9,2896.0,3146.7,43,5,3146.5,161,6,3146.4,34,3,3146.3,20,3,3146.2,37,3,3146.9,183,2,3147.0,1212,7,3147.1,35,2,3147.2,59,1,3147.4,200,1
2031,2026-06-16 13:45:17+05:30,3146.9,1,3132.4,2574024,129323.0,198433.0,3163.0,3163.0,3108.0,3134.3,32009000,3447.7,2820.9,3839.9,2896.0,3146.7,43,5,3146.5,161,6,3146.4,34,3,3146.3,20,3,3146.2,37,3,3146.9,183,2,3147.0,1212,7,3147.1,35,2,3147.2,59,1,3147.4,200,1
2031,2026-06-16 13:45:18+05:30,3146.9,87,3132.4,2574111,129312.0,198304.0,3163.0,3163.0,3108.0,3134.3,32009000,3447.7,2820.9,3839.9,2896.0,3146.7,45,6,3146.5,161,6,3146.4,34,3,3146.3,20,3,3146.2,28,2,3146.9,96,2,3147.0,1212,7,3147.1,35,2,3147.2,59,1,3147.4,200,1
2031,2026-06-16 13:45:18+05:30,3146.9,2,3132.4,2574111,129312.0,198304.0,3163.0,3163.0,3108.0,3134.3,32009000,3447.7,2820.9,3839.9,2896.0,3146.7,45,6,3146.5,161,6,3146.4,34,3,3146.3,20,3,3146.2,28,2,3146.9,96,2,3147.0,1212,7,3147.1,35,2,3147.2,59,1,3147.4,200,1
2031,2026-06-16 13:45:19+05:30,3147.0,108,3132.4,2574318,129364.0,198010.0,3163.0,3163.0,3108.0,3134.3,32009000,3447.7,2820.9,3839.9,2896.0,3146.7,63,5,3146.5,149,6,3146.4,34,3,3146.3,20,3,3146.2,28,2,3146.9,27,1,3147.0,1304,8,3147.1,35,2,3147.3,59,1,3147.5,200,1
2031,2026-06-16 13:45:19+05:30,3147.0,108,3132.4,2574318,129364.0,198010.0,3163.0,3163.0,3108.0,3134.3,32009000,3447.7,2820.9,3839.9,2896.0,3146.7,63,5,3146.5,149,6,3146.4,34,3,3146.3,20,3,3146.2,28,2,3146.9,27,1,3147.0,1304,8,3147.1,35,2,3147.3,59,1,3147.5,200,1
2031,2026-06-16 13:45:20+05:30,3146.9,1,3132.4,2574319,129545.0,197841.0,3163.0,3163.0,3108.0,3134.3,32009000,3447.7,2820.9,3839.9,2896.0,3146.7,63,5,3146.5,148,5,3146.4,34,3,3146.3,20,3,3146.2,28,2,3146.9,26,1,3147.0,1304,8,3147.1,35,2,3147.3,59,1,3147.5,200,1
2031,2026-06-16 13:45:20+05:30,3146.9,1,3132.4,2574319,129545.0,197841.0,3163.0,3163.0,3108.0,3134.3,32009000,3447.7,2820.9,3839.9,2896.0,3146.7,63,5,3146.5,148,5,3146.4,34,3,3146.3,20,3,3146.2,28,2,3146.9,26,1,3147.0,1304,8,3147.1,35,2,3147.3,59,1,3147.5,200,1
2031,2026-06-16 13:45:20+05:30,3146.9,1,3132.4,2574319,129545.0,197841.0,3163.0,3163.0,3108.0,3134.3,32009000,3447.7,2820.9,3839.9,2896.0,3146.7,63,5,3146.5,148,5,3146.4,34,3,3146.3,20,3,3146.2,28,2,3146.9,26,1,3147.0,1304,8,3147.1,35,2,3147.3,59,1,3147.5,200,1
2031,2026-06-16 13:45:21+05:30,3146.7,4,3132.4,2574325,129114.0,197888.0,3163.0,3163.0,3108.0,3134.3,32009000,3447.7,2820.9,3839.9,2896.0,3146.7,55,3,3146.6,14,1,3146.5,148,5,3146.4,34,3,3146.3,14,2,3146.9,25,1,3147.0,1304,8,3147.1,35,2,3147.3,59,1,3147.5,240,2
2031,2026-06-16 13:45:21+05:30,3146.7,4,3132.4,2574325,129114.0,197888.0,3163.0,3163.0,3108.0,3134.3,32009000,3447.7,2820.9,3839.9,2896.0,3146.7,55,3,3146.6,14,1,3146.5,148,5,3146.4,34,3,3146.3,14,2,3146.9,25,1,3147.0,1304,8,3147.1,35,2,3147.3,59,1,3147.5,240,2
2031,2026-06-16 13:45:22+05:30,3146.7,4,3132.4,2574325,129114.0,197888.0,3163.0,3163.0,3108.0,3134.3,32009000,3447.7,2820.9,3839.9,2896.0,3146.7,55,3,3146.6,14,1,3146.5,148,5,3146.4,34,3,3146.3,14,2,3146.9,25,1,3147.0,1304,8,3147.1,35,2,3147.3,59,1,3147.5,240,2
2031,2026-06-16 13:45:22+05:30,3147.0,157,3132.41,2574563,129403.0,197750.0,3163.0,3163.0,3108.0,3134.3,32009000,3447.7,2820.9,3839.9,2896.0,3146.7,16,1,3146.5,153,4,3146.4,20,2,3146.3,16,2,3146.2,28,2,3147.0,1131,8,3147.1,35,2,3147.3,59,1,3147.5,200,1,3147.7,143,2
2031,2026-06-16 13:45:22+05:30,3147.0,157,3132.41,2574563,129403.0,197750.0,3163.0,3163.0,3108.0,3134.3,32009000,3447.7,2820.9,3839.9,2896.0,3146.7,16,1,3146.5,153,4,3146.4,20,2,3146.3,16,2,3146.2,28,2,3147.0,1131,8,3147.1,35,2,3147.3,59,1,3147.5,200,1,3147.7,143,2
2031,2026-06-16 13:45:23+05:30,3146.7,1,3132.41,2574564,129417.0,197799.0,3163.0,3163.0,3108.0,3134.3,32009000,3447.7,2820.9,3839.9,2896.0,3146.7,15,1,3146.5,167,5,3146.4,6,1,3146.3,16,2,3146.2,28,2,3147.0,1131,8,3147.1,35,2,3147.3,59,1,3147.5,200,1,3147.7,143,2
2031,2026-06-16 13:45:23+05:30,3146.7,1,3132.41,2574564,129417.0,197799.0,3163.0,3163.0,3108.0,3134.3,32009000,3447.7,2820.9,3839.9,2896.0,3146.7,15,1,3146.5,167,5,3146.4,6,1,3146.3,16,2,3146.2,28,2,3147.0,1131,8,3147.1,35,2,3147.3,59,1,3147.5,200,1,3147.7,143,2
2031,2026-06-16 13:45:24+05:30,3146.7,1,3132.41,2574564,129417.0,197799.0,3163.0,3163.0,3108.0,3134.3,32009000,3447.7,2820.9,3839.9,2896.0,3146.7,15,1,3146.5,167,5,3146.4,6,1,3146.3,16,2,3146.2,28,2,3147.0,1131,8,3147.1,35,2,3147.3,59,1,3147.5,200,1,3147.7,143,2
2031,2026-06-16 13:45:24+05:30,3147.0,21,3132.41,2574586,129446.0,197456.0,3163.0,3163.0,3108.0,3134.3,32009000,3447.7,2820.9,3839.9,2896.0,3146.7,68,5,3146.6,10,2,3146.5,154,4,3146.4,34,3,3146.3,16,2,3147.0,1109,8,3147.1,35,2,3147.3,59,1,3147.5,200,1,3147.7,141,1
2031,2026-06-16 13:45:24+05:30,3147.0,21,3132.41,2574586,129446.0,197456.0,3163.0,3163.0,3108.0,3134.3,32009000,3447.7,2820.9,3839.9,2896.0,3146.7,68,5,3146.6,10,2,3146.5,154,4,3146.4,34,3,3146.3,16,2,3147.0,1109,8,3147.1,35,2,3147.3,59,1,3147.5,200,1,3147.7,141,1
2031,2026-06-16 13:45:25+05:30,3147.0,9,3132.41,2574595,129447.0,197647.0,3163.0,3163.0,3108.0,3134.3,32009000,3447.7,2820.9,3839.9,2896.0,3146.7,68,5,3146.6,10,2,3146.5,138,2,3146.4,34,3,3146.3,16,2,3147.0,1100,8,3147.1,35,2,3147.3,59,1,3147.5,200,1,3147.7,141,1
2031,2026-06-16 13:45:25+05:30,3147.0,9,3132.41,2574595,129447.0,197647.0,3163.0,3163.0,3108.0,3134.3,32009000,3447.7,2820.9,3839.9,2896.0,3146.7,68,5,3146.6,10,2,3146.5,138,2,3146.4,34,3,3146.3,16,2,3147.0,1100,8,3147.1,35,2,3147.3,59,1,3147.5,200,1,3147.7,141,1
2031,2026-06-16 13:45:26+05:30,3147.0,9,3132.41,2574595,129447.0,197647.0,3163.0,3163.0,3108.0,3134.3,32009000,3447.7,2820.9,3839.9,2896.0,3146.7,68,5,3146.6,10,2,3146.5,138,2,3146.4,34,3,3146.3,16,2,3147.0,1100,8,3147.1,35,2,3147.3,59,1,3147.5,200,1,3147.7,141,1
2031,2026-06-16 13:45:26+05:30,3146.7,3,3132.41,2574661,129422.0,197708.0,3163.0,3163.0,3108.0,3134.3,32009000,3447.7,2820.9,3839.9,2896.0,3146.7,16,1,3146.6,33,3,3146.5,144,3,3146.4,34,3,3146.3,16,2,3147.0,1099,8,3147.1,35,2,3147.3,59,1,3147.5,200,1,3147.7,141,1
2031,2026-06-16 13:45:26+05:30,3146.7,132,3132.41,2574661,129422.0,197708.0,3163.0,3163.0,3108.0,3134.3,32009000,3447.7,2820.9,3839.9,2896.0,3146.7,16,1,3146.6,33,3,3146.5,144,3,3146.4,34,3,3146.3,16,2,3147.0,1099,8,3147.1,35,2,3147.3,59,1,3147.5,200,1,3147.7,141,1
2031,2026-06-16 13:45:27+05:30,3146.5,39,3132.41,2574940,127795.0,197600.0,3163.0,3163.0,3108.0,3134.3,32009000,3447.7,2820.9,3839.9,2896.0,3146.0,88,5,3145.9,6,1,3145.8,28,2,3145.7,16,4,3145.6,35,5,3146.4,68,1,3146.5,62,1,3147.0,1135,9,3147.1,75,3,3147.2,3,1
2031,2026-06-16 13:45:27+05:30,3146.0,68,3132.41,2574940,127795.0,197600.0,3163.0,3163.0,3108.0,3134.3,32009000,3447.7,2820.9,3839.9,2896.0,3146.0,88,5,3145.9,6,1,3145.8,28,2,3145.7,16,4,3145.6,35,5,3146.4,68,1,3146.5,62,1,3147.0,1135,9,3147.1,75,3,3147.2,3,1
2031,2026-06-16 13:45:28+05:30,3145.5,8,3132.41,2575208,126962.0,198456.0,3163.0,3163.0,3108.0,3134.3,32009000,3447.7,2820.9,3839.9,2896.0,3146.0,3,1,3145.5,12,2,3145.4,84,6,3145.3,943,4,3145.2,39,4,3146.5,62,1,3146.9,99,3,3147.0,1164,13,3147.1,133,4,3147.2,188,5
2031,2026-06-16 13:45:28+05:30,3145.5,8,3132.41,2575208,126962.0,198456.0,3163.0,3163.0,3108.0,3134.3,32009000,3447.7,2820.9,3839.9,2896.0,3146.0,3,1,3145.5,12,2,3145.4,84,6,3145.3,943,4,3145.2,39,4,3146.5,62,1,3146.9,99,3,3147.0,1164,13,3147.1,133,4,3147.2,188,5
2031,2026-06-16 13:45:28+05:30,3145.5,8,3132.41,2575208,126962.0,198456.0,3163.0,3163.0,3108.0,3134.3,32009000,3447.7,2820.9,3839.9,2896.0,3146.0,3,1,3145.5,12,2,3145.4,84,6,3145.3,943,4,3145.2,39,4,3146.5,62,1,3146.9,99,3,3147.0,1164,13,3147.1,133,4,3147.2,188,5
2031,2026-06-16 13:45:29+05:30,3146.5,10,3132.41,2575218,127267.0,198506.0,3163.0,3163.0,3108.0,3134.3,32009000,3447.7,2820.9,3839.9,2896.0,3146.0,3,1,3145.5,218,5,3145.4,73,6,3145.3,957,5,3145.2,53,5,3146.5,52,1,3146.9,63,1,3147.0,1162,12,3147.1,75,3,3147.2,168,4
2031,2026-06-16 13:45:29+05:30,3146.5,10,3132.41,2575218,127267.0,198506.0,3163.0,3163.0,3108.0,3134.3,32009000,3447.7,2820.9,3839.9,2896.0,3146.0,3,1,3145.5,218,5,3145.4,73,6,3145.3,957,5,3145.2,53,5,3146.5,52,1,3146.9,63,1,3147.0,1162,12,3147.1,75,3,3147.2,168,4
2031,2026-06-16 13:45:30+05:30,3146.5,10,3132.41,2575218,127267.0,198506.0,3163.0,3163.0,3108.0,3134.3,32009000,3447.7,2820.9,3839.9,2896.0,3146.0,3,1,3145.5,218,5,3145.4,73,6,3145.3,957,5,3145.2,53,5,3146.5,52,1,3146.9,63,1,3147.0,1162,12,3147.1,75,3,3147.2,168,4
2031,2026-06-16 13:45:30+05:30,3146.5,1,3132.41,2575218,127267.0,198506.0,3163.0,3163.0,3108.0,3134.3,32009000,3447.7,2820.9,3839.9,2896.0,3146.0,3,1,3145.5,218,5,3145.4,73,6,3145.3,957,5,3145.2,53,5,3146.5,52,1,3146.9,63,1,3147.0,1162,12,3147.1,75,3,3147.2,168,4
2031,2026-06-16 13:45:30+05:30,3146.5,1,3132.41,2575219,127395.0,198323.0,3163.0,3163.0,3108.0,3134.3,32009000,3447.7,2820.9,3839.9,2896.0,3146.3,2,2,3146.0,10,3,3145.9,14,1,3145.8,14,1,3145.6,14,1,3146.5,78,4,3147.0,1154,11,3147.1,77,4,3147.2,59,1,3147.3,114,4
2031,2026-06-16 13:45:31+05:30,3146.5,2,3132.41,2575219,127395.0,198323.0,3163.0,3163.0,3108.0,3134.3,32009000,3447.7,2820.9,3839.9,2896.0,3146.3,2,2,3146.0,10,3,3145.9,14,1,3145.8,14,1,3145.6,14,1,3146.5,78,4,3147.0,1154,11,3147.1,77,4,3147.2,59,1,3147.3,114,4
2031,2026-06-16 13:45:31+05:30,3146.5,2,3132.41,2575313,127388.0,198190.0,3163.0,3163.0,3108.0,3134.3,32009000,3447.7,2820.9,3839.9,2896.0,3146.0,20,9,3145.9,22,2,3145.8,37,3,3145.6,230,4,3145.5,48,5,3146.5,24,2,3147.0,1135,9,3147.1,75,3,3147.2,59,1,3147.3,61,4
2031,2026-06-16 13:45:31+05:30,3146.5,2,3132.41,2575313,127388.0,198190.0,3163.0,3163.0,3108.0,3134.3,32009000,3447.7,2820.9,3839.9,2896.0,3146.0,20,9,3145.9,22,2,3145.8,37,3,3145.6,230,4,3145.5,48,5,3146.5,24,2,3147.0,1135,9,3147.1,75,3,3147.2,59,1,3147.3,61,4
2031,2026-06-16 13:45:32+05:30,3146.0,2,3132.41,2575313,127388.0,198190.0,3163.0,3163.0,3108.0,3134.3,32009000,3447.7,2820.9,3839.9,2896.0,3146.0,20,9,3145.9,22,2,3145.8,37,3,3145.6,230,4,3145.5,48,5,3146.5,24,2,3147.0,1135,9,3147.1,75,3,3147.2,59,1,3147.3,61,4
2031,2026-06-16 13:45:32+05:30,3146.0,2,3132.41,2575313,127388.0,198190.0,3163.0,3163.0,3108.0,3134.3,32009000,3447.7,2820.9,3839.9,2896.0,3146.0,20,9,3145.9,22,2,3145.8,37,3,3145.6,230,4,3145.5,48,5,3146.5,24,2,3147.0,1135,9,3147.1,75,3,3147.2,59,1,3147.3,61,4
2031,2026-06-16 13:45:32+05:30,3146.0,2,3132.41,2575315,127366.0,198332.0,3163.0,3163.0,3108.0,3134.3,32009000,3447.7,2820.9,3839.9,2896.0,3146.1,44,4,3146.0,13,7,3145.9,7,1,3145.8,37,3,3145.6,34,3,3146.5,24,2,3147.0,1161,11,3147.1,75,3,3147.2,3,1,3147.3,105,4
2031,2026-06-16 13:45:33+05:30,3146.0,2,3132.41,2575315,127366.0,198332.0,3163.0,3163.0,3108.0,3134.3,32009000,3447.7,2820.9,3839.9,2896.0,3146.1,44,4,3146.0,13,7,3145.9,7,1,3145.8,37,3,3145.6,34,3,3146.5,24,2,3147.0,1161,11,3147.1,75,3,3147.2,3,1,3147.3,105,4
2031,2026-06-16 13:45:33+05:30,3146.0,1,3132.41,2575315,127366.0,198332.0,3163.0,3163.0,3108.0,3134.3,32009000,3447.7,2820.9,3839.9,2896.0,3146.1,44,4,3146.0,13,7,3145.9,7,1,3145.8,37,3,3145.6,34,3,3146.5,24,2,3147.0,1161,11,3147.1,75,3,3147.2,3,1,3147.3,105,4
2031,2026-06-16 13:45:33+05:30,3146.0,1,3132.41,2575315,127366.0,198332.0,3163.0,3163.0,3108.0,3134.3,32009000,3447.7,2820.9,3839.9,2896.0,3146.1,44,4,3146.0,13,7,3145.9,7,1,3145.8,37,3,3145.6,34,3,3146.5,24,2,3147.0,1161,11,3147.1,75,3,3147.2,3,1,3147.3,105,4
2031,2026-06-16 13:45:33+05:30,3146.5,13,3132.41,2575528,127352.0,198500.0,3163.0,3163.0,3108.0,3134.3,32009000,3447.7,2820.9,3839.9,2896.0,3146.0,15,6,3145.8,29,3,3145.6,34,3,3145.5,33,4,3145.4,298,8,3146.5,11,2,3146.9,58,1,3147.0,1177,12,3147.1,77,4,3147.2,112,2
2031,2026-06-16 13:45:34+05:30,3146.5,13,3132.41,2575528,127352.0,198500.0,3163.0,3163.0,3108.0,3134.3,32009000,3447.7,2820.9,3839.9,2896.0,3146.0,15,6,3145.8,29,3,3145.6,34,3,3145.5,33,4,3145.4,298,8,3146.5,11,2,3146.9,58,1,3147.0,1177,12,3147.1,77,4,3147.2,112,2
2031,2026-06-16 13:45:34+05:30,3146.5,13,3132.41,2575528,127352.0,198500.0,3163.0,3163.0,3108.0,3134.3,32009000,3447.7,2820.9,3839.9,2896.0,3146.0,15,6,3145.8,29,3,3145.6,34,3,3145.5,33,4,3145.4,298,8,3146.5,11,2,3146.9,58,1,3147.0,1177,12,3147.1,77,4,3147.2,112,2
2031,2026-06-16 13:45:34+05:30,3146.5,1,3132.41,2575529,127383.0,198440.0,3163.0,3163.0,3108.0,3134.3,32009000,3447.7,2820.9,3839.9,2896.0,3146.0,18,7,3145.9,16,1,3145.8,29,3,3145.6,34,3,3145.5,33,4,3146.5,10,2,3146.9,58,1,3147.0,1177,12,3147.1,75,3,3147.2,51,2
2031,2026-06-16 13:45:35+05:30,3146.5,1,3132.41,2575529,127383.0,198440.0,3163.0,3163.0,3108.0,3134.3,32009000,3447.7,2820.9,3839.9,2896.0,3146.0,18,7,3145.9,16,1,3145.8,29,3,3145.6,34,3,3145.5,33,4,3146.5,10,2,3146.9,58,1,3147.0,1177,12,3147.1,75,3,3147.2,51,2
2031,2026-06-16 13:45:35+05:30,3146.9,16,3132.41,2575529,127383.0,198440.0,3163.0,3163.0,3108.0,3134.3,32009000,3447.7,2820.9,3839.9,2896.0,3146.0,18,7,3145.9,16,1,3145.8,29,3,3145.6,34,3,3145.5,33,4,3146.5,10,2,3146.9,58,1,3147.0,1177,12,3147.1,75,3,3147.2,51,2
2031,2026-06-16 13:45:35+05:30,3146.9,16,3132.41,2575555,128180.0,198475.0,3163.0,3163.0,3108.0,3134.3,32009000,3447.7,2820.9,3839.9,2896.0,3146.0,22,9,3145.9,38,3,3145.8,29,3,3145.7,24,2,3145.6,34,3,3147.0,1161,11,3147.1,75,3,3147.2,51,2,3147.3,117,4,3147.4,47,1
2031,2026-06-16 13:45:35+05:30,3146.9,16,3132.41,2575555,128180.0,198475.0,3163.0,3163.0,3108.0,3134.3,32009000,3447.7,2820.9,3839.9,2896.0,3146.0,22,9,3145.9,38,3,3145.8,29,3,3145.7,24,2,3145.6,34,3,3147.0,1161,11,3147.1,75,3,3147.2,51,2,3147.3,117,4,3147.4,47,1
2031,2026-06-16 13:45:36+05:30,3146.5,1,3132.41,2575555,128180.0,198475.0,3163.0,3163.0,3108.0,3134.3,32009000,3447.7,2820.9,3839.9,2896.0,3146.0,22,9,3145.9,38,3,3145.8,29,3,3145.7,24,2,3145.6,34,3,3147.0,1161,11,3147.1,75,3,3147.2,51,2,3147.3,117,4,3147.4,47,1
2031,2026-06-16 13:45:36+05:30,3146.5,1,3132.41,2575555,128180.0,198475.0,3163.0,3163.0,3108.0,3134.3,32009000,3447.7,2820.9,3839.9,2896.0,3146.0,22,9,3145.9,38,3,3145.8,29,3,3145.7,24,2,3145.6,34,3,3147.0,1161,11,3147.1,75,3,3147.2,51,2,3147.3,117,4,3147.4,47,1
2031,2026-06-16 13:45:36+05:30,3146.5,1,3132.41,2575557,128692.0,197971.0,3163.0,3163.0,3108.0,3134.3,32009000,3447.7,2820.9,3839.9,2896.0,3146.1,18,1,3146.0,25,10,3145.9,22,2,3145.8,37,3,3145.7,5,2,3146.5,1,1,3147.0,1135,9,3147.1,35,2,3147.3,99,2,3147.4,68,2
2031,2026-06-16 13:45:37+05:30,3146.5,1,3132.41,2575557,128692.0,197971.0,3163.0,3163.0,3108.0,3134.3,32009000,3447.7,2820.9,3839.9,2896.0,3146.1,18,1,3146.0,25,10,3145.9,22,2,3145.8,37,3,3145.7,5,2,3146.5,1,1,3147.0,1135,9,3147.1,35,2,3147.3,99,2,3147.4,68,2
2031,2026-06-16 13:45:37+05:30,3146.5,1,3132.41,2575557,128692.0,197971.0,3163.0,3163.0,3108.0,3134.3,32009000,3447.7,2820.9,3839.9,2896.0,3146.1,18,1,3146.0,25,10,3145.9,22,2,3145.8,37,3,3145.7,5,2,3146.5,1,1,3147.0,1135,9,3147.1,35,2,3147.3,99,2,3147.4,68,2
2031,2026-06-16 13:45:37+05:30,3146.5,1,3132.41,2575557,128475.0,197976.0,3163.0,3163.0,3108.0,3134.3,32009000,3447.7,2820.9,3839.9,2896.0,3146.1,18,1,3146.0,25,10,3145.9,22,2,3145.8,37,3,3145.7,1,1,3146.5,1,1,3147.0,1135,9,3147.1,35,2,3147.3,99,2,3147.4,84,3
2031,2026-06-16 13:45:38+05:30,3146.5,1,3132.41,2575557,128475.0,197976.0,3163.0,3163.0,3108.0,3134.3,32009000,3447.7,2820.9,3839.9,2896.0,3146.1,18,1,3146.0,25,10,3145.9,22,2,3145.8,37,3,3145.7,1,1,3146.5,1,1,3147.0,1135,9,3147.1,35,2,3147.3,99,2,3147.4,84,3
2031,2026-06-16 13:45:38+05:30,3146.5,1,3132.41,2575557,128716.0,198123.0,3163.0,3163.0,3108.0,3134.3,32009000,3447.7,2820.9,3839.9,2896.0,3146.3,5,1,3146.1,32,2,3146.0,14,7,3145.9,22,2,3145.8,37,3,3146.5,55,3,3147.0,1099,8,3147.1,35,2,3147.3,99,2,3147.4,63,2
2031,2026-06-16 13:45:39+05:30,3146.5,1,3132.41,2575557,128716.0,198123.0,3163.0,3163.0,3108.0,3134.3,32009000,3447.7,2820.9,3839.9,2896.0,3146.3,5,1,3146.1,32,2,3146.0,14,7,3145.9,22,2,3145.8,37,3,3146.5,55,3,3147.0,1099,8,3147.1,35,2,3147.3,99,2,3147.4,63,2
2031,2026-06-16 13:45:39+05:30,3146.4,40,3132.41,2575557,128716.0,198123.0,3163.0,3163.0,3108.0,3134.3,32009000,3447.7,2820.9,3839.9,2896.0,3146.3,5,1,3146.1,32,2,3146.0,14,7,3145.9,22,2,3145.8,37,3,3146.5,55,3,3147.0,1099,8,3147.1,35,2,3147.3,99,2,3147.4,63,2
2031,2026-06-16 13:45:39+05:30,3146.4,40,3132.41,2575597,128695.0,198216.0,3163.0,3163.0,3108.0,3134.3,32009000,3447.7,2820.9,3839.9,2896.0,3146.4,16,1,3146.3,33,3,3146.1,5,1,3146.0,39,8,3145.9,12,1,3146.5,55,3,3146.8,1,1,3147.0,1099,8,3147.1,35,2,3147.3,99,2
2031,2026-06-16 13:45:40+05:30,3146.4,40,3132.41,2575597,128695.0,198216.0,3163.0,3163.0,3108.0,3134.3,32010000,3447.7,2820.9,3839.9,2896.0,3146.4,16,1,3146.3,33,3,3146.1,5,1,3146.0,39,8,3145.9,12,1,3146.5,55,3,3146.8,1,1,3147.0,1099,8,3147.1,35,2,3147.3,99,2
2031,2026-06-16 13:45:40+05:30,3146.5,2,3132.41,2575597,128695.0,198216.0,3163.0,3163.0,3108.0,3134.3,32010000,3447.7,2820.9,3839.9,2896.0,3146.4,16,1,3146.3,33,3,3146.1,5,1,3146.0,39,8,3145.9,12,1,3146.5,55,3,3146.8,1,1,3147.0,1099,8,3147.1,35,2,3147.3,99,2
2031,2026-06-16 13:45:41+05:30,3146.5,7,3132.41,2575659,128765.0,198308.0,3163.0,3163.0,3108.0,3134.3,32010000,3447.7,2820.9,3839.9,2896.0,3146.3,33,3,3146.1,17,1,3146.0,46,8,3145.9,12,1,3145.8,37,3,3146.5,26,1,3146.8,1,1,3147.0,1099,8,3147.1,35,2,3147.3,99,2
2031,2026-06-16 13:45:41+05:30,3146.5,9,3132.41,2575659,128765.0,198308.0,3163.0,3163.0,3108.0,3134.3,32010000,3447.7,2820.9,3839.9,2896.0,3146.3,33,3,3146.1,17,1,3146.0,46,8,3145.9,12,1,3145.8,37,3,3146.5,26,1,3146.8,1,1,3147.0,1099,8,3147.1,35,2,3147.3,99,2
2031,2026-06-16 13:45:42+05:30,3146.5,1,3132.41,2575670,128560.0,198310.0,3163.0,3163.0,3108.0,3134.3,32010000,3447.7,2820.9,3839.9,2896.0,3146.4,16,1,3146.3,32,3,3146.0,36,6,3145.9,12,1,3145.8,37,3,3146.5,17,2,3146.8,1,1,3147.0,1099,8,3147.1,75,3,3147.3,99,2
2031,2026-06-16 13:45:42+05:30,3146.5,1,3132.41,2575670,128560.0,198310.0,3163.0,3163.0,3108.0,3134.3,32010000,3447.7,2820.9,3839.9,2896.0,3146.4,16,1,3146.3,32,3,3146.0,36,6,3145.9,12,1,3145.8,37,3,3146.5,17,2,3146.8,1,1,3147.0,1099,8,3147.1,75,3,3147.3,99,2
2031,2026-06-16 13:45:43+05:30,3146.8,1,3132.41,2575688,128896.0,198495.0,3163.0,3163.0,3108.0,3134.3,32010000,3447.7,2820.9,3839.9,2896.0,3146.5,17,1,3146.3,4,1,3146.0,22,5,3145.9,12,1,3145.8,37,3,3147.0,1099,8,3147.1,35,2,3147.2,17,2,3147.3,162,4,3147.5,40,1
2031,2026-06-16 13:45:43+05:30,3146.8,1,3132.41,2575688,128896.0,198495.0,3163.0,3163.0,3108.0,3134.3,32010000,3447.7,2820.9,3839.9,2896.0,3146.5,17,1,3146.3,4,1,3146.0,22,5,3145.9,12,1,3145.8,37,3,3147.0,1099,8,3147.1,35,2,3147.2,17,2,3147.3,162,4,3147.5,40,1
2031,2026-06-16 13:45:44+05:30,3146.8,1,3132.41,2575688,128882.0,198562.0,3163.0,3163.0,3108.0,3134.3,32010000,3447.7,2820.9,3839.9,2896.0,3146.5,17,1,3146.3,4,1,3146.0,8,4,3145.9,12,1,3145.8,37,3,3147.0,1099,8,3147.1,35,2,3147.2,17,2,3147.3,162,4,3147.5,40,1
2031,2026-06-16 13:45:44+05:30,3147.0,12,3132.41,2575688,128882.0,198562.0,3163.0,3163.0,3108.0,3134.3,32010000,3447.7,2820.9,3839.9,2896.0,3146.5,17,1,3146.3,4,1,3146.0,8,4,3145.9,12,1,3145.8,37,3,3147.0,1099,8,3147.1,35,2,3147.2,17,2,3147.3,162,4,3147.5,40,1
2031,2026-06-16 13:45:45+05:30,3146.5,1,3132.41,2575701,128858.0,198618.0,3163.0,3163.0,3108.0,3134.3,32010000,3447.7,2820.9,3839.9,2896.0,3146.7,16,1,3146.5,1,1,3146.1,14,1,3146.0,7,3,3145.9,47,3,3147.0,1148,9,3147.1,71,3,3147.2,3,1,3147.3,101,3,3147.4,49,2
2031,2026-06-16 13:45:45+05:30,3146.9,1,3132.41,2575701,128858.0,198618.0,3163.0,3163.0,3108.0,3134.3,32010000,3447.7,2820.9,3839.9,2896.0,3146.7,16,1,3146.5,1,1,3146.1,14,1,3146.0,7,3,3145.9,47,3,3147.0,1148,9,3147.1,71,3,3147.2,3,1,3147.3,101,3,3147.4,49,2
2031,2026-06-16 13:45:46+05:30,3146.9,4,3132.41,2575712,128788.0,198744.0,3163.0,3163.0,3108.0,3134.3,32010000,3447.7,2820.9,3839.9,2896.0,3146.9,2,1,3146.5,1,1,3146.4,16,1,3146.0,7,3,3145.9,63,4,3147.0,1112,10,3147.1,35,2,3147.2,3,1,3147.3,101,3,3147.4,49,2
2031,2026-06-16 13:45:46+05:30,3146.9,4,3132.41,2575712,128788.0,198744.0,3163.0,3163.0,3108.0,3134.3,32010000,3447.7,2820.9,3839.9,2896.0,3146.9,2,1,3146.5,1,1,3146.4,16,1,3146.0,7,3,3145.9,63,4,3147.0,1112,10,3147.1,35,2,3147.2,3,1,3147.3,101,3,3147.4,49,2
2031,2026-06-16 13:45:47+05:30,3147.0,146,3132.41,2575859,128774.0,198321.0,3163.0,3163.0,3108.0,3134.3,32010000,3447.7,2820.9,3839.9,2896.0,3146.9,2,1,3146.5,1,1,3146.2,18,1,3146.1,15,1,3146.0,7,3,3147.0,966,11,3147.1,35,2,3147.2,16,1,3147.3,101,3,3147.4,49,2
2031,2026-06-16 13:45:47+05:30,3147.0,146,3132.41,2575859,128774.0,198321.0,3163.0,3163.0,3108.0,3134.3,32010000,3447.7,2820.9,3839.9,2896.0,3146.9,2,1,3146.5,1,1,3146.2,18,1,3146.1,15,1,3146.0,7,3,3147.0,966,11,3147.1,35,2,3147.2,16,1,3147.3,101,3,3147.4,49,2
2031,2026-06-16 13:45:48+05:30,3147.0,146,3132.41,2575859,128774.0,198381.0,3163.0,3163.0,3108.0,3134.3,32010000,3447.7,2820.9,3839.9,2896.0,3146.9,2,1,3146.5,1,1,3146.2,18,1,3146.1,15,1,3146.0,7,3,3147.0,966,11,3147.1,35,2,3147.2,16,1,3147.3,101,3,3147.4,49,2
2031,2026-06-16 13:45:49+05:30,3147.0,21,3132.41,2575920,128721.0,198398.0,3163.0,3163.0,3108.0,3134.3,32010000,3447.7,2820.9,3839.9,2896.0,3146.9,10,1,3146.7,16,1,3146.5,3,2,3146.2,18,1,3146.0,7,3,3147.0,946,12,3147.1,35,2,3147.3,99,2,3147.4,2,1,3147.5,255,3
2031,2026-06-16 13:45:49+05:30,3147.0,21,3132.41,2575920,128721.0,198398.0,3163.0,3163.0,3108.0,3134.3,32010000,3447.7,2820.9,3839.9,2896.0,3146.9,10,1,3146.7,16,1,3146.5,3,2,3146.2,18,1,3146.0,7,3,3147.0,946,12,3147.1,35,2,3147.3,99,2,3147.4,2,1,3147.5,255,3
2031,2026-06-16 13:45:50+05:30,3146.9,1,3132.41,2575922,128744.0,198489.0,3163.0,3163.0,3108.0,3134.3,32010000,3447.7,2820.9,3839.9,2896.0,3146.9,9,1,3146.7,16,1,3146.5,3,2,3146.3,14,1,3146.2,18,1,3147.0,945,12,3147.1,35,2,3147.3,59,1,3147.5,240,2,3147.6,17,2
2031,2026-06-16 13:45:50+05:30,3146.9,1,3132.41,2575922,128744.0,198489.0,3163.0,3163.0,3108.0,3134.3,32010000,3447.7,2820.9,3839.9,2896.0,3146.9,9,1,3146.7,16,1,3146.5,3,2,3146.3,14,1,3146.2,18,1,3147.0,945,12,3147.1,35,2,3147.3,59,1,3147.5,240,2,3147.6,17,2
2031,2026-06-16 13:45:51+05:30,3148.6,5,3132.45,2582178,130504.0,192082.0,3163.0,3163.0,3108.0,3134.3,32010000,3447.7,2820.9,3839.9,2896.0,3147.7,4,1,3147.3,18,1,3147.2,40,1,3147.1,217,2,3147.0,63,3,3148.4,11,1,3148.5,243,7,3148.6,66,4,3148.7,212,8,3148.8,68,4
2031,2026-06-16 13:45:51+05:30,3148.4,11,3132.45,2582178,130504.0,192082.0,3163.0,3163.0,3108.0,3134.3,32010000,3447.7,2820.9,3839.9,2896.0,3147.7,4,1,3147.3,18,1,3147.2,40,1,3147.1,217,2,3147.0,63,3,3148.4,11,1,3148.5,243,7,3148.6,66,4,3148.7,212,8,3148.8,68,4
2031,2026-06-16 13:45:52+05:30,3148.4,11,3132.45,2582189,131235.0,193214.0,3163.0,3163.0,3108.0,3134.3,32010000,3447.7,2820.9,3839.9,2896.0,3147.7,21,2,3147.3,124,4,3147.2,106,4,3147.1,38,2,3147.0,278,6,3148.4,119,3,3148.5,40,4,3148.6,23,3,3148.7,36,4,3148.8,138,3
2031,2026-06-16 13:45:52+05:30,3148.4,1,3132.45,2582189,131235.0,193214.0,3163.0,3163.0,3108.0,3134.3,32010000,3447.7,2820.9,3839.9,2896.0,3147.7,21,2,3147.3,124,4,3147.2,106,4,3147.1,38,2,3147.0,278,6,3148.4,119,3,3148.5,40,4,3148.6,23,3,3148.7,36,4,3148.8,138,3
2031,2026-06-16 13:45:53+05:30,3148.4,1,3132.45,2582190,131648.0,193265.0,3163.0,3163.0,3108.0,3134.3,32010000,3447.7,2820.9,3839.9,2896.0,3148.0,16,1,3147.7,245,2,3147.6,23,2,3147.5,39,2,3147.4,3,1,3148.4,137,5,3148.5,28,2,3148.6,19,2,3148.7,30,3,3148.8,132,2
2031,2026-06-16 13:45:54+05:30,3147.7,24,3132.46,2583015,131402.0,192457.0,3163.0,3163.0,3108.0,3134.3,32010000,3447.7,2820.9,3839.9,2896.0,3148.0,1,1,3147.7,241,4,3147.4,1,1,3147.3,73,4,3147.2,231,3,3148.5,11,1,3148.6,57,1,3148.7,11,1,3148.8,69,2,3148.9,29,2
2031,2026-06-16 13:45:54+05:30,3148.0,2,3132.46,2583015,131402.0,192457.0,3163.0,3163.0,3108.0,3134.3,32010000,3447.7,2820.9,3839.9,2896.0,3148.0,1,1,3147.7,241,4,3147.4,1,1,3147.3,73,4,3147.2,231,3,3148.5,11,1,3148.6,57,1,3148.7,11,1,3148.8,69,2,3148.9,29,2
2031,2026-06-16 13:45:55+05:30,3148.8,9,3132.46,2583335,131190.0,193270.0,3163.0,3163.0,3108.0,3134.3,32010000,3447.7,2820.9,3839.9,2896.0,3148.0,1,1,3147.7,241,4,3147.6,14,1,3147.5,54,2,3147.4,6,2,3148.8,2,1,3148.9,60,2,3149.0,378,7,3149.1,44,1,3149.2,297,3
2031,2026-06-16 13:45:55+05:30,3148.8,2,3132.46,2583335,131190.0,193270.0,3163.0,3163.0,3108.0,3134.3,32010000,3447.7,2820.9,3839.9,2896.0,3148.0,1,1,3147.7,241,4,3147.6,14,1,3147.5,54,2,3147.4,6,2,3148.8,2,1,3148.9,60,2,3149.0,378,7,3149.1,44,1,3149.2,297,3
2031,2026-06-16 13:45:56+05:30,3149.0,3,3132.46,2583357,131809.0,193761.0,3163.0,3163.0,3108.0,3134.3,32010000,3447.7,2820.9,3839.9,2896.0,3148.0,59,3,3147.8,40,1,3147.7,224,3,3147.6,3,1,3147.5,40,1,3148.8,11,1,3148.9,25,2,3149.0,364,6,3149.1,43,1,3149.2,306,3
2031,2026-06-16 13:45:56+05:30,3149.0,3,3132.46,2583357,131809.0,193761.0,3163.0,3163.0,3108.0,3134.3,32010000,3447.7,2820.9,3839.9,2896.0,3148.0,59,3,3147.8,40,1,3147.7,224,3,3147.6,3,1,3147.5,40,1,3148.8,11,1,3148.9,25,2,3149.0,364,6,3149.1,43,1,3149.2,306,3
2031,2026-06-16 13:45:57+05:30,3148.9,24,3132.46,2583403,131853.0,193407.0,3163.0,3163.0,3108.0,3134.3,32010000,3447.7,2820.9,3839.9,2896.0,3148.0,59,3,3147.9,6,1,3147.8,64,4,3147.7,226,4,3147.6,24,2,3148.4,10,1,3148.9,26,1,3149.0,421,7,3149.2,352,5,3149.3,240,2
2031,2026-06-16 13:45:57+05:30,3148.9,24,3132.46,2583403,131853.0,193407.0,3163.0,3163.0,3108.0,3134.3,32010000,3447.7,2820.9,3839.9,2896.0,3148.0,59,3,3147.9,6,1,3147.8,64,4,3147.7,226,4,3147.6,24,2,3148.4,10,1,3148.9,26,1,3149.0,421,7,3149.2,352,5,3149.3,240,2
2031,2026-06-16 13:45:58+05:30,3148.4,1,3132.46,2583403,131853.0,193407.0,3163.0,3163.0,3108.0,3134.3,32010000,3447.7,2820.9,3839.9,2896.0,3148.0,59,3,3147.9,6,1,3147.8,64,4,3147.7,226,4,3147.6,24,2,3148.4,10,1,3148.9,26,1,3149.0,421,7,3149.2,352,5,3149.3,240,2
2031,2026-06-16 13:45:58+05:30,3148.4,1,3132.46,2583404,131238.0,193265.0,3163.0,3163.0,3108.0,3134.3,32010000,3447.7,2820.9,3839.9,2896.0,3148.2,14,1,3148.0,44,2,3147.9,6,1,3147.8,71,4,3147.7,226,4,3148.4,35,2,3148.8,35,1,3149.0,364,6,3149.2,352,5,3149.3,311,4
2031,2026-06-16 13:45:59+05:30,3148.0,40,3132.46,2583404,131238.0,193265.0,3163.0,3163.0,3108.0,3134.3,32010000,3447.7,2820.9,3839.9,2896.0,3148.2,14,1,3148.0,44,2,3147.9,6,1,3147.8,71,4,3147.7,226,4,3148.4,35,2,3148.8,35,1,3149.0,364,6,3149.2,352,5,3149.3,311,4
2031,2026-06-16 13:45:59+05:30,3148.0,40,3132.46,2583616,130723.0,193767.0,3163.0,3163.0,3108.0,3134.3,32010000,3447.7,2820.9,3839.9,2896.0,3148.4,1,1,3148.0,20,3,3147.7,224,3,3147.5,61,2,3147.4,1,1,3148.7,11,1,3148.8,84,6,3148.9,48,2,3149.0,551,12,3149.1,112,2
2031,2026-06-16 13:46:00+05:30,3148.6,1,3132.46,2583616,130723.0,193767.0,3163.0,3163.0,3108.0,3134.3,32010000,3447.7,2820.9,3839.9,2896.0,3148.4,1,1,3148.0,20,3,3147.7,224,3,3147.5,61,2,3147.4,1,1,3148.7,11,1,3148.8,84,6,3148.9,48,2,3149.0,551,12,3149.1,112,2
2031,2026-06-16 13:46:00+05:30,3148.6,1,3132.46,2583620,130812.0,193326.0,3163.0,3163.0,3108.0,3134.3,32010000,3447.7,2820.9,3839.9,2896.0,3148.4,46,4,3148.0,20,3,3147.7,51,3,3147.6,14,1,3147.5,61,2,3148.6,11,1,3148.7,59,3,3148.8,74,4,3148.9,10,1,3149.0,385,7
2031,2026-06-16 13:46:01+05:30,3148.4,4,3132.46,2583620,130812.0,193326.0,3163.0,3163.0,3108.0,3134.3,32010000,3447.7,2820.9,3839.9,2896.0,3148.4,46,4,3148.0,20,3,3147.7,51,3,3147.6,14,1,3147.5,61,2,3148.6,11,1,3148.7,59,3,3148.8,74,4,3148.9,10,1,3149.0,385,7
2031,2026-06-16 13:46:01+05:30,3148.7,11,3132.46,2583648,130754.0,193442.0,3163.0,3163.0,3108.0,3134.3,32010000,3447.7,2820.9,3839.9,2896.0,3148.4,41,3,3148.2,15,1,3148.0,4,2,3147.8,3,1,3147.7,77,4,3148.8,11,1,3149.0,427,8,3149.2,242,2,3149.3,200,1,3149.4,246,5
2031,2026-06-16 13:46:02+05:30,3148.0,1,3132.46,2583648,130754.0,193442.0,3163.0,3163.0,3108.0,3134.3,32010000,3447.7,2820.9,3839.9,2896.0,3148.4,41,3,3148.2,15,1,3148.0,4,2,3147.8,3,1,3147.7,77,4,3148.8,11,1,3149.0,427,8,3149.2,242,2,3149.3,200,1,3149.4,246,5
2031,2026-06-16 13:46:02+05:30,3148.2,1,3132.46,2583915,129386.0,195078.0,3163.0,3163.0,3108.0,3134.3,32010000,3447.7,2820.9,3839.9,2896.0,3147.7,7,2,3147.5,13,1,3146.9,36,2,3146.7,22,1,3146.6,21,2,3148.2,127,4,3148.3,38,2,3148.4,97,4,3148.5,133,7,3148.6,51,3
2031,2026-06-16 13:46:03+05:30,3148.1,1,3132.46,2583915,129386.0,195078.0,3163.0,3163.0,3108.0,3134.3,32010000,3447.7,2820.9,3839.9,2896.0,3147.7,7,2,3147.5,13,1,3146.9,36,2,3146.7,22,1,3146.6,21,2,3148.2,127,4,3148.3,38,2,3148.4,97,4,3148.5,133,7,3148.6,51,3
2031,2026-06-16 13:46:03+05:30,3148.1,17,3132.46,2583933,129781.0,195076.0,3163.0,3163.0,3108.0,3134.3,32010000,3447.7,2820.9,3839.9,2896.0,3147.7,24,3,3147.5,13,1,3147.0,3,1,3146.9,36,2,3146.8,14,1,3148.1,33,1,3148.2,28,2,3148.3,11,1,3148.4,22,2,3148.5,53,4
2031,2026-06-16 13:46:04+05:30,3148.1,17,3132.46,2583933,129781.0,195076.0,3163.0,3163.0,3108.0,3134.3,32010000,3447.7,2820.9,3839.9,2896.0,3147.7,24,3,3147.5,13,1,3147.0,3,1,3146.9,36,2,3146.8,14,1,3148.1,33,1,3148.2,28,2,3148.3,11,1,3148.4,22,2,3148.5,53,4
2031,2026-06-16 13:46:04+05:30,3148.1,17,3132.46,2583933,129758.0,195212.0,3163.0,3163.0,3108.0,3134.3,32010000,3447.7,2820.9,3839.9,2896.0,3147.7,24,3,3147.0,47,2,3146.9,36,2,3146.8,44,1,3146.7,37,3,3148.1,33,1,3148.2,64,3,3148.3,11,1,3148.4,52,2,3148.5,80,4
2031,2026-06-16 13:46:06+05:30,3147.7,7,3132.46,2584090,128801.0,195357.0,3163.0,3163.0,3108.0,3134.3,32010000,3447.7,2820.9,3839.9,2896.0,3147.7,12,2,3146.9,36,2,3146.7,22,1,3146.6,24,3,3146.5,42,4,3147.9,11,1,3148.0,134,5,3148.1,62,4,3148.2,102,4,3148.3,64,2
2031,2026-06-16 13:46:06+05:30,3147.7,17,3132.46,2584090,128801.0,195357.0,3163.0,3163.0,3108.0,3134.3,32010000,3447.7,2820.9,3839.9,2896.0,3147.7,12,2,3146.9,36,2,3146.7,22,1,3146.6,24,3,3146.5,42,4,3147.9,11,1,3148.0,134,5,3148.1,62,4,3148.2,102,4,3148.3,64,2
2031,2026-06-16 13:46:07+05:30,3147.7,13,3132.46,2584149,128990.0,195499.0,3163.0,3163.0,3108.0,3134.3,32010000,3447.7,2820.9,3839.9,2896.0,3146.9,16,1,3146.6,17,2,3146.5,42,4,3146.3,39,2,3146.2,64,3,3147.8,110,5,3147.9,66,4,3148.0,32,3,3148.1,109,4,3148.2,136,4
2031,2026-06-16 13:46:07+05:30,3147.7,13,3132.46,2584149,128990.0,195499.0,3163.0,3163.0,3108.0,3134.3,32010000,3447.7,2820.9,3839.9,2896.0,3146.9,16,1,3146.6,17,2,3146.5,42,4,3146.3,39,2,3146.2,64,3,3147.8,110,5,3147.9,66,4,3148.0,32,3,3148.1,109,4,3148.2,136,4
2031,2026-06-16 13:46:08+05:30,3147.7,13,3132.46,2584149,129273.0,195576.0,3163.0,3163.0,3108.0,3134.3,32010000,3447.7,2820.9,3839.9,2896.0,3146.9,16,1,3146.6,17,2,3146.5,86,5,3146.3,58,4,3146.2,58,2,3147.8,106,5,3147.9,55,3,3148.0,32,3,3148.1,136,4,3148.2,118,3
2031,2026-06-16 13:46:08+05:30,3147.2,1,3132.46,2584149,129273.0,195576.0,3163.0,3163.0,3108.0,3134.3,32010000,3447.7,2820.9,3839.9,2896.0,3146.9,16,1,3146.6,17,2,3146.5,86,5,3146.3,58,4,3146.2,58,2,3147.8,106,5,3147.9,55,3,3148.0,32,3,3148.1,136,4,3148.2,118,3
2031,2026-06-16 13:46:09+05:30,3147.8,17,3132.46,2584167,129285.0,195679.0,3163.0,3163.0,3108.0,3134.3,32010000,3447.7,2820.9,3839.9,2896.0,3146.9,62,3,3146.8,51,3,3146.7,2,1,3146.6,82,5,3146.5,85,5,3147.8,32,3,3147.9,11,1,3148.0,11,1,3148.1,77,2,3148.2,91,3
2031,2026-06-16 13:46:09+05:30,3147.8,1,3132.46,2584167,129285.0,195679.0,3163.0,3163.0,3108.0,3134.3,32010000,3447.7,2820.9,3839.9,2896.0,3146.9,62,3,3146.8,51,3,3146.7,2,1,3146.6,82,5,3146.5,85,5,3147.8,32,3,3147.9,11,1,3148.0,11,1,3148.1,77,2,3148.2,91,3
2031,2026-06-16 13:46:10+05:30,3147.8,1,3132.46,2584168,129569.0,195647.0,3163.0,3163.0,3108.0,3134.3,32010000,3447.7,2820.9,3839.9,2896.0,3146.9,59,2,3146.8,39,2,3146.7,28,3,3146.6,82,5,3146.5,100,6,3147.8,31,3,3148.0,11,1,3148.1,77,2,3148.2,91,3,3148.4,81,3
2031,2026-06-16 13:46:11+05:30,3147.8,1,3132.46,2584168,129516.0,195480.0,3163.0,3163.0,3108.0,3134.3,32010000,3447.7,2820.9,3839.9,2896.0,3146.9,59,2,3146.8,28,1,3146.7,30,3,3146.6,79,6,3146.5,97,5,3147.5,1,1,3147.8,25,2,3148.0,27,1,3148.1,77,2,3148.2,291,4
2031,2026-06-16 13:46:11+05:30,3147.8,3,3132.46,2584168,129516.0,195480.0,3163.0,3163.0,3108.0,3134.3,32010000,3447.7,2820.9,3839.9,2896.0,3146.9,59,2,3146.8,28,1,3146.7,30,3,3146.6,79,6,3146.5,97,5,3147.5,1,1,3147.8,25,2,3148.0,27,1,3148.1,77,2,3148.2,291,4
2031,2026-06-16 13:46:12+05:30,3146.9,21,3132.46,2584259,129271.0,195703.0,3163.0,3163.0,3108.0,3134.3,32010000,3447.7,2820.9,3839.9,2896.0,3147.0,14,1,3146.9,16,1,3146.8,28,1,3146.7,17,2,3146.6,41,4,3147.8,15,1,3148.1,77,2,3148.2,273,4,3148.3,38,1,3148.4,48,2
2031,2026-06-16 13:46:12+05:30,3147.0,1,3132.46,2584259,129271.0,195703.0,3163.0,3163.0,3108.0,3134.3,32010000,3447.7,2820.9,3839.9,2896.0,3147.0,14,1,3146.9,16,1,3146.8,28,1,3146.7,17,2,3146.6,41,4,3147.8,15,1,3148.1,77,2,3148.2,273,4,3148.3,38,1,3148.4,48,2
2031,2026-06-16 13:46:13+05:30,3147.8,3,3132.46,2584263,129257.0,195728.0,3163.0,3163.0,3108.0,3134.3,32010000,3447.7,2820.9,3839.9,2896.0,3146.9,16,1,3146.8,28,1,3146.7,17,2,3146.6,41,4,3146.5,96,5,3147.8,12,1,3148.1,77,2,3148.2,273,4,3148.3,38,1,3148.4,75,3
2031,2026-06-16 13:46:13+05:30,3148.1,5,3132.46,2584263,129257.0,195728.0,3163.0,3163.0,3108.0,3134.3,32010000,3447.7,2820.9,3839.9,2896.0,3146.9,16,1,3146.8,28,1,3146.7,17,2,3146.6,41,4,3146.5,96,5,3147.8,12,1,3148.1,77,2,3148.2,273,4,3148.3,38,1,3148.4,75,3
2031,2026-06-16 13:46:14+05:30,3148.0,1,3132.46,2584281,129384.0,195972.0,3163.0,3163.0,3108.0,3134.3,32010000,3447.7,2820.9,3839.9,2896.0,3147.0,17,1,3146.8,14,1,3146.7,20,1,3146.6,175,3,3146.5,151,6,3148.0,21,2,3148.1,71,3,3148.2,281,4,3148.3,68,2,3148.4,48,2
2031,2026-06-16 13:46:14+05:30,3148.0,1,3132.46,2584281,129384.0,195972.0,3163.0,3163.0,3108.0,3134.3,32010000,3447.7,2820.9,3839.9,2896.0,3147.0,17,1,3146.8,14,1,3146.7,20,1,3146.6,175,3,3146.5,151,6,3148.0,21,2,3148.1,71,3,3148.2,281,4,3148.3,68,2,3148.4,48,2
2031,2026-06-16 13:46:15+05:30,3147.9,7,3132.46,2584289,129429.0,195669.0,3163.0,3163.0,3108.0,3134.3,32010000,3447.7,2820.9,3839.9,2896.0,3147.0,17,1,3146.8,14,1,3146.7,83,2,3146.6,63,3,3146.5,67,3,3147.9,3,1,3148.0,88,5,3148.1,140,5,3148.2,244,2,3148.3,38,1
2031,2026-06-16 13:46:15+05:30,3147.9,7,3132.46,2584289,129429.0,195669.0,3163.0,3163.0,3108.0,3134.3,32010000,3447.7,2820.9,3839.9,2896.0,3147.0,17,1,3146.8,14,1,3146.7,83,2,3146.6,63,3,3146.5,67,3,3147.9,3,1,3148.0,88,5,3148.1,140,5,3148.2,244,2,3148.3,38,1
2031,2026-06-16 13:46:16+05:30,3147.9,1,3132.46,2584290,129111.0,195770.0,3163.0,3163.0,3108.0,3134.3,32010000,3447.7,2820.9,3839.9,2896.0,3147.5,2,2,3147.0,18,2,3146.7,20,1,3146.6,5,2,3146.5,23,2,3147.9,2,1,3148.0,88,5,3148.1,121,5,3148.2,288,3,3148.3,38,1
2031,2026-06-16 13:46:16+05:30,3147.5,1,3132.46,2584290,129111.0,195770.0,3163.0,3163.0,3108.0,3134.3,32010000,3447.7,2820.9,3839.9,2896.0,3147.5,2,2,3147.0,18,2,3146.7,20,1,3146.6,5,2,3146.5,23,2,3147.9,2,1,3148.0,88,5,3148.1,121,5,3148.2,288,3,3148.3,38,1
2031,2026-06-16 13:46:17+05:30,3147.5,1,3132.46,2584295,129216.0,195382.0,3163.0,3163.0,3108.0,3134.3,32010000,3447.7,2820.9,3839.9,2896.0,3147.0,18,2,3146.8,7,1,3146.7,48,2,3146.6,7,3,3146.5,50,4,3147.4,1,1,3147.9,4,3,3148.0,74,4,3148.1,53,3,3148.2,200,1
2031,2026-06-16 13:46:17+05:30,3147.0,1,3132.46,2584295,129216.0,195382.0,3163.0,3163.0,3108.0,3134.3,32010000,3447.7,2820.9,3839.9,2896.0,3147.0,18,2,3146.8,7,1,3146.7,48,2,3146.6,7,3,3146.5,50,4,3147.4,1,1,3147.9,4,3,3148.0,74,4,3148.1,53,3,3148.2,200,1
2031,2026-06-16 13:46:18+05:30,3147.0,1,3132.46,2584296,129193.0,195673.0,3163.0,3163.0,3108.0,3134.3,32010000,3447.7,2820.9,3839.9,2896.0,3147.2,15,1,3147.0,1,1,3146.7,15,1,3146.6,3,1,3146.5,48,4,3147.4,1,1,3147.9,74,5,3148.0,274,5,3148.1,22,2,3148.2,165,4
2031,2026-06-16 13:46:18+05:30,3147.4,1,3132.46,2584296,129193.0,195673.0,3163.0,3163.0,3108.0,3134.3,32010000,3447.7,2820.9,3839.9,2896.0,3147.2,15,1,3147.0,1,1,3146.7,15,1,3146.6,3,1,3146.5,48,4,3147.4,1,1,3147.9,74,5,3148.0,274,5,3148.1,22,2,3148.2,165,4
2031,2026-06-16 13:46:19+05:30,3147.9,1,3132.46,2584302,129043.0,195869.0,3163.0,3163.0,3108.0,3134.3,32010000,3447.7,2820.9,3839.9,2896.0,3147.4,11,1,3147.2,1,1,3147.0,17,2,3146.7,22,1,3146.6,3,1,3147.9,58,5,3148.0,386,8,3148.1,22,2,3148.2,171,4,3148.3,200,1
2031,2026-06-16 13:46:19+05:30,3147.9,1,3132.46,2584302,129043.0,195869.0,3163.0,3163.0,3108.0,3134.3,32010000,3447.7,2820.9,3839.9,2896.0,3147.4,11,1,3147.2,1,1,3147.0,17,2,3146.7,22,1,3146.6,3,1,3147.9,58,5,3148.0,386,8,3148.1,22,2,3148.2,171,4,3148.3,200,1
2031,2026-06-16 13:46:20+05:30,3147.7,170,3132.46,2584472,128845.0,196033.0,3163.0,3163.0,3108.0,3134.3,32010000,3447.7,2820.9,3839.9,2896.0,3147.2,1,1,3147.0,18,2,3146.6,3,1,3146.5,37,3,3146.4,65,4,3147.8,25,3,3147.9,81,6,3148.0,313,6,3148.2,287,4,3148.3,76,2
2031,2026-06-16 13:46:20+05:30,3147.7,170,3132.46,2584472,128845.0,196033.0,3163.0,3163.0,3108.0,3134.3,32010000,3447.7,2820.9,3839.9,2896.0,3147.2,1,1,3147.0,18,2,3146.6,3,1,3146.5,37,3,3146.4,65,4,3147.8,25,3,3147.9,81,6,3148.0,313,6,3148.2,287,4,3148.3,76,2
2031,2026-06-16 13:46:20+05:30,3147.7,170,3132.46,2584472,128845.0,196033.0,3163.0,3163.0,3108.0,3134.3,32010000,3447.7,2820.9,3839.9,2896.0,3147.2,1,1,3147.0,18,2,3146.6,3,1,3146.5,37,3,3146.4,65,4,3147.8,25,3,3147.9,81,6,3148.0,313,6,3148.2,287,4,3148.3,76,2
2031,2026-06-16 13:46:21+05:30,3147.7,170,3132.46,2584472,128790.0,196009.0,3163.0,3163.0,3108.0,3134.3,32010000,3447.7,2820.9,3839.9,2896.0,3147.3,18,1,3147.2,1,1,3147.0,1,1,3146.6,3,1,3146.5,37,3,3147.8,25,3,3147.9,53,5,3148.0,313,6,3148.1,6,1,3148.2,287,4
2031,2026-06-16 13:46:22+05:30,3147.7,170,3132.46,2584472,128790.0,196009.0,3163.0,3163.0,3108.0,3134.3,32010000,3447.7,2820.9,3839.9,2896.0,3147.3,18,1,3147.2,1,1,3147.0,1,1,3146.6,3,1,3146.5,37,3,3147.8,25,3,3147.9,53,5,3148.0,313,6,3148.1,6,1,3148.2,287,4
2031,2026-06-16 13:46:22+05:30,3147.8,1,3132.46,2584473,128783.0,195826.0,3163.0,3163.0,3108.0,3134.3,32010000,3447.7,2820.9,3839.9,2896.0,3147.3,18,1,3147.2,1,1,3147.0,1,1,3146.6,3,1,3146.5,37,3,3147.8,33,4,3147.9,52,4,3148.0,313,6,3148.1,6,1,3148.2,285,3
2031,2026-06-16 13:46:22+05:30,3147.8,1,3132.46,2584473,128783.0,195826.0,3163.0,3163.0,3108.0,3134.3,32010000,3447.7,2820.9,3839.9,2896.0,3147.3,18,1,3147.2,1,1,3147.0,1,1,3146.6,3,1,3146.5,37,3,3147.8,33,4,3147.9,52,4,3148.0,313,6,3148.1,6,1,3148.2,285,3
2031,2026-06-16 13:46:23+05:30,3147.4,1,3132.46,2584473,128783.0,195826.0,3163.0,3163.0,3108.0,3134.3,32010000,3447.7,2820.9,3839.9,2896.0,3147.3,18,1,3147.2,1,1,3147.0,1,1,3146.6,3,1,3146.5,37,3,3147.8,33,4,3147.9,52,4,3148.0,313,6,3148.1,6,1,3148.2,285,3
2031,2026-06-16 13:46:23+05:30,3147.4,1,3132.46,2584474,128978.0,195911.0,3163.0,3163.0,3108.0,3134.3,32010000,3447.7,2820.9,3839.9,2896.0,3147.4,17,2,3147.3,2,2,3147.2,1,1,3147.0,1,1,3146.6,3,1,3147.7,11,1,3147.8,46,4,3147.9,12,2,3148.0,313,6,3148.1,6,1
2031,2026-06-16 13:46:24+05:30,3147.4,1,3132.46,2584474,128978.0,195911.0,3163.0,3163.0,3108.0,3134.3,32010000,3447.7,2820.9,3839.9,2896.0,3147.4,17,2,3147.3,2,2,3147.2,1,1,3147.0,1,1,3146.6,3,1,3147.7,11,1,3147.8,46,4,3147.9,12,2,3148.0,313,6,3148.1,6,1
2031,2026-06-16 13:46:24+05:30,3147.7,1,3132.46,2584474,128978.0,195911.0,3163.0,3163.0,3108.0,3134.3,32010000,3447.7,2820.9,3839.9,2896.0,3147.4,17,2,3147.3,2,2,3147.2,1,1,3147.0,1,1,3146.6,3,1,3147.7,11,1,3147.8,46,4,3147.9,12,2,3148.0,313,6,3148.1,6,1
2031,2026-06-16 13:46:24+05:30,3147.7,1,3132.46,2584475,129039.0,195805.0,3163.0,3163.0,3108.0,3134.3,32010000,3447.7,2820.9,3839.9,2896.0,3147.4,17,2,3147.3,2,2,3147.2,1,1,3147.0,1,1,3146.7,14,1,3147.7,91,5,3147.8,46,4,3147.9,12,2,3148.0,39,1,3148.4,126,4
2031,2026-06-16 13:46:25+05:30,3147.8,7,3132.46,2584475,129039.0,195805.0,3163.0,3163.0,3108.0,3134.3,32010000,3447.7,2820.9,3839.9,2896.0,3147.4,17,2,3147.3,2,2,3147.2,1,1,3147.0,1,1,3146.7,14,1,3147.7,91,5,3147.8,46,4,3147.9,12,2,3148.0,39,1,3148.4,126,4
2031,2026-06-16 13:46:25+05:30,3147.8,7,3132.46,2584658,129744.0,195588.0,3163.0,3163.0,3108.0,3134.3,32010000,3447.7,2820.9,3839.9,2896.0,3147.4,19,2,3147.3,2,2,3147.2,1,1,3147.0,50,1,3146.9,57,3,3147.8,13,2,3147.9,12,2,3148.3,38,1,3148.4,229,3,3148.5,40,3
2031,2026-06-16 13:46:26+05:30,3147.4,9,3132.46,2584658,129744.0,195588.0,3163.0,3163.0,3108.0,3134.3,32010000,3447.7,2820.9,3839.9,2896.0,3147.4,19,2,3147.3,2,2,3147.2,1,1,3147.0,50,1,3146.9,57,3,3147.8,13,2,3147.9,12,2,3148.3,38,1,3148.4,229,3,3148.5,40,3
2031,2026-06-16 13:46:26+05:30,3147.4,9,3132.46,2584658,129744.0,195588.0,3163.0,3163.0,3108.0,3134.3,32010000,3447.7,2820.9,3839.9,2896.0,3147.4,19,2,3147.3,2,2,3147.2,1,1,3147.0,50,1,3146.9,57,3,3147.8,13,2,3147.9,12,2,3148.3,38,1,3148.4,229,3,3148.5,40,3
2031,2026-06-16 13:46:26+05:30,3147.4,9,3132.47,2584669,129736.0,195632.0,3163.0,3163.0,3108.0,3134.3,32010000,3447.7,2820.9,3839.9,2896.0,3147.4,8,1,3147.3,2,2,3147.2,1,1,3147.0,51,2,3146.9,55,2,3147.8,13,2,3147.9,1,1,3148.0,38,1,3148.2,41,1,3148.3,38,1
2031,2026-06-16 13:46:27+05:30,3147.9,14,3132.47,2584669,129736.0,195632.0,3163.0,3163.0,3108.0,3134.3,32010000,3447.7,2820.9,3839.9,2896.0,3147.4,8,1,3147.3,2,2,3147.2,1,1,3147.0,51,2,3146.9,55,2,3147.8,13,2,3147.9,1,1,3148.0,38,1,3148.2,41,1,3148.3,38,1
2031,2026-06-16 13:46:27+05:30,3147.9,14,3132.47,2584707,130010.0,195246.0,3163.0,3163.0,3108.0,3134.3,32010000,3447.7,2820.9,3839.9,2896.0,3147.4,8,1,3147.3,2,2,3147.2,1,1,3147.1,1,1,3147.0,51,2,3148.2,80,3,3148.3,38,1,3148.4,238,2,3148.5,108,3,3148.6,301,4
2031,2026-06-16 13:46:28+05:30,3147.9,14,3132.47,2584707,130010.0,195246.0,3163.0,3163.0,3108.0,3134.3,32010000,3447.7,2820.9,3839.9,2896.0,3147.4,8,1,3147.3,2,2,3147.2,1,1,3147.1,1,1,3147.0,51,2,3148.2,80,3,3148.3,38,1,3148.4,238,2,3148.5,108,3,3148.6,301,4
2031,2026-06-16 13:46:28+05:30,3148.0,1,3132.47,2584708,130003.0,195367.0,3163.0,3163.0,3108.0,3134.3,32010000,3447.7,2820.9,3839.9,2896.0,3147.4,8,1,3147.3,2,2,3147.2,1,1,3147.1,1,1,3147.0,50,1,3148.0,10,1,3148.1,123,5,3148.2,128,5,3148.3,6,1,3148.4,242,2
2031,2026-06-16 13:46:29+05:30,3148.0,1,3132.47,2584708,130003.0,195367.0,3163.0,3163.0,3108.0,3134.3,32010000,3447.7,2820.9,3839.9,2896.0,3147.4,8,1,3147.3,2,2,3147.2,1,1,3147.1,1,1,3147.0,50,1,3148.0,10,1,3148.1,123,5,3148.2,128,5,3148.3,6,1,3148.4,242,2
2031,2026-06-16 13:46:30+05:30,3148.0,1,3132.47,2584709,130009.0,195357.0,3163.0,3163.0,3108.0,3134.3,32010000,3447.7,2820.9,3839.9,2896.0,3147.4,14,3,3147.3,2,2,3147.2,1,1,3147.1,1,1,3147.0,50,1,3148.0,16,2,3148.1,123,5,3148.2,112,4,3148.3,6,1,3148.4,242,2
2031,2026-06-16 13:46:30+05:30,3148.0,1,3132.47,2584709,130009.0,195357.0,3163.0,3163.0,3108.0,3134.3,32010000,3447.7,2820.9,3839.9,2896.0,3147.4,14,3,3147.3,2,2,3147.2,1,1,3147.1,1,1,3147.0,50,1,3148.0,16,2,3148.1,123,5,3148.2,112,4,3148.3,6,1,3148.4,242,2
2031,2026-06-16 13:46:30+05:30,3147.7,1,3132.47,2584709,130009.0,195357.0,3163.0,3163.0,3108.0,3134.3,32010000,3447.7,2820.9,3839.9,2896.0,3147.4,14,3,3147.3,2,2,3147.2,1,1,3147.1,1,1,3147.0,50,1,3148.0,16,2,3148.1,123,5,3148.2,112,4,3148.3,6,1,3148.4,242,2
2031,2026-06-16 13:46:31+05:30,3147.7,1,3132.47,2584713,129450.0,196883.0,3163.0,3163.0,3108.0,3134.3,32010000,3447.7,2820.9,3839.9,2896.0,3147.4,65,5,3147.3,2,2,3147.2,1,1,3147.0,50,1,3146.7,21,1,3148.0,1527,4,3148.1,59,3,3148.2,41,2,3148.3,30,1,3148.4,228,2
2031,2026-06-16 13:46:31+05:30,3147.8,9,3132.47,2584713,129450.0,196883.0,3163.0,3163.0,3108.0,3134.3,32010000,3447.7,2820.9,3839.9,2896.0,3147.4,65,5,3147.3,2,2,3147.2,1,1,3147.0,50,1,3146.7,21,1,3148.0,1527,4,3148.1,59,3,3148.2,41,2,3148.3,30,1,3148.4,228,2
2031,2026-06-16 13:46:32+05:30,3147.8,9,3132.47,2584878,129570.0,196843.0,3163.0,3163.0,3108.0,3134.3,32010000,3447.7,2820.9,3839.9,2896.0,3147.4,65,5,3147.3,2,2,3147.2,1,1,3147.0,50,1,3146.7,24,2,3147.9,51,2,3148.0,1641,8,3148.1,47,3,3148.2,279,4,3148.3,74,2
2031,2026-06-16 13:46:32+05:30,3147.8,9,3132.47,2584878,129570.0,196843.0,3163.0,3163.0,3108.0,3134.3,32010000,3447.7,2820.9,3839.9,2896.0,3147.4,65,5,3147.3,2,2,3147.2,1,1,3147.0,50,1,3146.7,24,2,3147.9,51,2,3148.0,1641,8,3148.1,47,3,3148.2,279,4,3148.3,74,2
2031,2026-06-16 13:46:33+05:30,3147.8,9,3132.47,2584878,129570.0,196843.0,3163.0,3163.0,3108.0,3134.3,32010000,3447.7,2820.9,3839.9,2896.0,3147.4,65,5,3147.3,2,2,3147.2,1,1,3147.0,50,1,3146.7,24,2,3147.9,51,2,3148.0,1641,8,3148.1,47,3,3148.2,279,4,3148.3,74,2
2031,2026-06-16 13:46:33+05:30,3147.8,9,3132.47,2584878,129804.0,196843.0,3163.0,3163.0,3108.0,3134.3,32010000,3447.7,2820.9,3839.9,2896.0,3147.4,109,6,3147.3,2,2,3147.2,1,1,3147.0,50,1,3146.7,24,2,3147.8,11,1,3147.9,69,4,3148.0,1596,6,3148.1,47,3,3148.2,230,2
2031,2026-06-16 13:46:33+05:30,3147.8,9,3132.47,2584878,129804.0,196843.0,3163.0,3163.0,3108.0,3134.3,32010000,3447.7,2820.9,3839.9,2896.0,3147.4,109,6,3147.3,2,2,3147.2,1,1,3147.0,50,1,3146.7,24,2,3147.8,11,1,3147.9,69,4,3148.0,1596,6,3148.1,47,3,3148.2,230,2
2031,2026-06-16 13:46:34+05:30,3147.8,9,3132.47,2584878,129804.0,196843.0,3163.0,3163.0,3108.0,3134.3,32010000,3447.7,2820.9,3839.9,2896.0,3147.4,109,6,3147.3,2,2,3147.2,1,1,3147.0,50,1,3146.7,24,2,3147.8,11,1,3147.9,69,4,3148.0,1596,6,3148.1,47,3,3148.2,230,2
2031,2026-06-16 13:46:34+05:30,3147.8,9,3132.47,2584878,129809.0,196859.0,3163.0,3163.0,3108.0,3134.3,32010000,3447.7,2820.9,3839.9,2896.0,3147.4,109,6,3147.3,2,2,3147.2,1,1,3147.0,50,1,3146.7,24,2,3147.8,11,1,3147.9,69,4,3148.0,1587,5,3148.1,47,3,3148.2,230,2
2031,2026-06-16 13:46:34+05:30,3147.8,9,3132.47,2584878,129809.0,196859.0,3163.0,3163.0,3108.0,3134.3,32010000,3447.7,2820.9,3839.9,2896.0,3147.4,109,6,3147.3,2,2,3147.2,1,1,3147.0,50,1,3146.7,24,2,3147.8,11,1,3147.9,69,4,3148.0,1587,5,3148.1,47,3,3148.2,230,2
2031,2026-06-16 13:46:35+05:30,3147.8,1,3132.47,2584923,129762.0,196933.0,3163.0,3163.0,3108.0,3134.3,32010000,3447.7,2820.9,3839.9,2896.0,3147.4,91,5,3147.3,2,2,3147.2,1,1,3147.0,50,1,3146.7,24,2,3147.8,8,1,3147.9,106,5,3148.0,1550,4,3148.1,50,3,3148.2,237,2
2031,2026-06-16 13:46:35+05:30,3147.8,1,3132.47,2584923,129762.0,196933.0,3163.0,3163.0,3108.0,3134.3,32010000,3447.7,2820.9,3839.9,2896.0,3147.4,91,5,3147.3,2,2,3147.2,1,1,3147.0,50,1,3146.7,24,2,3147.8,8,1,3147.9,106,5,3148.0,1550,4,3148.1,50,3,3148.2,237,2
2031,2026-06-16 13:46:35+05:30,3147.8,1,3132.47,2584923,129762.0,196933.0,3163.0,3163.0,3108.0,3134.3,32010000,3447.7,2820.9,3839.9,2896.0,3147.4,91,5,3147.3,2,2,3147.2,1,1,3147.0,50,1,3146.7,24,2,3147.8,8,1,3147.9,106,5,3148.0,1550,4,3148.1,50,3,3148.2,237,2
2031,2026-06-16 13:46:36+05:30,3147.8,1,3132.47,2584923,129762.0,196933.0,3163.0,3163.0,3108.0,3134.3,32010000,3447.7,2820.9,3839.9,2896.0,3147.4,91,5,3147.3,2,2,3147.2,1,1,3147.0,50,1,3146.7,24,2,3147.8,8,1,3147.9,106,5,3148.0,1550,4,3148.1,50,3,3148.2,237,2
2031,2026-06-16 13:46:36+05:30,3147.4,11,3132.47,2585228,129116.0,196893.0,3163.0,3163.0,3108.0,3134.3,32010000,3447.7,2820.9,3839.9,2896.0,3147.4,15,1,3147.0,50,1,3146.5,34,3,3146.4,30,4,3146.3,22,2,3147.5,9,2,3147.6,10,1,3147.7,1,1,3147.8,233,3,3148.0,1635,3
2031,2026-06-16 13:46:36+05:30,3147.4,11,3132.47,2585228,129116.0,196893.0,3163.0,3163.0,3108.0,3134.3,32010000,3447.7,2820.9,3839.9,2896.0,3147.4,15,1,3147.0,50,1,3146.5,34,3,3146.4,30,4,3146.3,22,2,3147.5,9,2,3147.6,10,1,3147.7,1,1,3147.8,233,3,3148.0,1635,3
2031,2026-06-16 13:46:37+05:30,3147.4,11,3132.47,2585228,129116.0,196893.0,3163.0,3163.0,3108.0,3134.3,32010000,3447.7,2820.9,3839.9,2896.0,3147.4,15,1,3147.0,50,1,3146.5,34,3,3146.4,30,4,3146.3,22,2,3147.5,9,2,3147.6,10,1,3147.7,1,1,3147.8,233,3,3148.0,1635,3
2031,2026-06-16 13:46:37+05:30,3147.4,3,3132.47,2585431,128784.0,197549.0,3163.0,3163.0,3108.0,3134.3,32010000,3447.7,2820.9,3839.9,2896.0,3147.4,18,2,3147.0,2,1,3146.5,2,1,3146.4,3,1,3146.3,36,3,3147.5,22,2,3147.6,32,3,3147.7,33,1,3147.8,69,3,3147.9,63,1
2031,2026-06-16 13:46:37+05:30,3147.5,3,3132.47,2585431,128784.0,197549.0,3163.0,3163.0,3108.0,3134.3,32010000,3447.7,2820.9,3839.9,2896.0,3147.4,18,2,3147.0,2,1,3146.5,2,1,3146.4,3,1,3146.3,36,3,3147.5,22,2,3147.6,32,3,3147.7,33,1,3147.8,69,3,3147.9,63,1
2031,2026-06-16 13:46:37+05:30,3147.5,3,3132.47,2585431,128784.0,197549.0,3163.0,3163.0,3108.0,3134.3,32010000,3447.7,2820.9,3839.9,2896.0,3147.4,18,2,3147.0,2,1,3146.5,2,1,3146.4,3,1,3146.3,36,3,3147.5,22,2,3147.6,32,3,3147.7,33,1,3147.8,69,3,3147.9,63,1
2031,2026-06-16 13:46:38+05:30,3147.5,3,3132.47,2585445,129124.0,197297.0,3163.0,3163.0,3108.0,3134.3,32010000,3447.7,2820.9,3839.9,2896.0,3147.4,17,1,3147.0,2,1,3146.5,23,2,3146.4,31,3,3146.3,85,3,3147.5,17,2,3147.6,22,2,3147.7,33,1,3147.8,5,1,3148.0,1770,4
2031,2026-06-16 13:46:38+05:30,3147.5,3,3132.47,2585445,129124.0,197297.0,3163.0,3163.0,3108.0,3134.3,32010000,3447.7,2820.9,3839.9,2896.0,3147.4,17,1,3147.0,2,1,3146.5,23,2,3146.4,31,3,3146.3,85,3,3147.5,17,2,3147.6,22,2,3147.7,33,1,3147.8,5,1,3148.0,1770,4
2031,2026-06-16 13:46:39+05:30,3147.7,4,3132.47,2585498,129179.0,197326.0,3163.0,3163.0,3108.0,3134.3,32010000,3447.7,2820.9,3839.9,2896.0,3147.4,18,2,3147.0,2,1,3146.7,14,1,3146.6,14,1,3146.5,99,4,3147.7,21,2,3148.0,1700,2,3148.3,270,3,3148.4,61,3,3148.5,77,4
2031,2026-06-16 13:46:39+05:30,3147.7,4,3132.47,2585498,129179.0,197326.0,3163.0,3163.0,3108.0,3134.3,32010000,3447.7,2820.9,3839.9,2896.0,3147.4,18,2,3147.0,2,1,3146.7,14,1,3146.6,14,1,3146.5,99,4,3147.7,21,2,3148.0,1700,2,3148.3,270,3,3148.4,61,3,3148.5,77,4
2031,2026-06-16 13:46:39+05:30,3147.7,4,3132.47,2585498,129179.0,197326.0,3163.0,3163.0,3108.0,3134.3,32010000,3447.7,2820.9,3839.9,2896.0,3147.4,18,2,3147.0,2,1,3146.7,14,1,3146.6,14,1,3146.5,99,4,3147.7,21,2,3148.0,1700,2,3148.3,270,3,3148.4,61,3,3148.5,77,4
2031,2026-06-16 13:46:40+05:30,3147.7,4,3132.47,2585498,129179.0,197326.0,3163.0,3163.0,3108.0,3134.3,32011000,3447.7,2820.9,3839.9,2896.0,3146.5,2,1,3146.4,21,3,3146.3,6,2,3146.2,75,3,3146.1,43,4,3146.7,28,1,3147.0,16,2,3147.7,14,1,3147.8,23,2,3147.9,91,2
2031,2026-06-16 13:46:40+05:30,3146.7,1,3132.47,2585670,128976.0,197714.0,3163.0,3163.0,3108.0,3134.3,32011000,3447.7,2820.9,3839.9,2896.0,3146.5,2,1,3146.4,21,3,3146.3,6,2,3146.2,75,3,3146.1,43,4,3146.7,28,1,3147.0,16,2,3147.7,14,1,3147.8,23,2,3147.9,91,2
2031,2026-06-16 13:46:40+05:30,3146.7,1,3132.47,2585670,128976.0,197714.0,3163.0,3163.0,3108.0,3134.3,32011000,3447.7,2820.9,3839.9,2896.0,3146.5,2,1,3146.4,21,3,3146.3,6,2,3146.2,75,3,3146.1,43,4,3146.7,28,1,3147.0,16,2,3147.7,14,1,3147.8,23,2,3147.9,91,2
2031,2026-06-16 13:46:41+05:30,3146.4,2,3132.47,2585698,128760.0,198489.0,3163.0,3163.0,3108.0,3134.3,32011000,3447.7,2820.9,3839.9,2896.0,3146.4,3,1,3146.3,1,1,3146.1,27,2,3146.0,35,5,3145.9,126,5,3146.7,1,1,3147.0,16,2,3147.6,87,3,3147.7,90,5,3147.8,223,3
2031,2026-06-16 13:46:41+05:30,3146.4,2,3132.47,2585698,128760.0,198489.0,3163.0,3163.0,3108.0,3134.3,32011000,3447.7,2820.9,3839.9,2896.0,3146.4,3,1,3146.3,1,1,3146.1,27,2,3146.0,35,5,3145.9,126,5,3146.7,1,1,3147.0,16,2,3147.6,87,3,3147.7,90,5,3147.8,223,3
2031,2026-06-16 13:46:42+05:30,3147.0,3,3132.47,2585718,128957.0,198171.0,3163.0,3163.0,3108.0,3134.3,32011000,3447.7,2820.9,3839.9,2896.0,3146.4,3,1,3146.3,11,2,3146.1,16,2,3146.0,43,7,3145.9,121,5,3146.7,7,1,3147.0,21,2,3147.5,55,2,3147.6,49,1,3147.7,157,5
2031,2026-06-16 13:46:42+05:30,3147.0,3,3132.47,2585718,128957.0,198171.0,3163.0,3163.0,3108.0,3134.3,32011000,3447.7,2820.9,3839.9,2896.0,3146.4,3,1,3146.3,11,2,3146.1,16,2,3146.0,43,7,3145.9,121,5,3146.7,7,1,3147.0,21,2,3147.5,55,2,3147.6,49,1,3147.7,157,5
2031,2026-06-16 13:46:43+05:30,3147.0,3,3132.47,2585718,128901.0,198155.0,3163.0,3163.0,3108.0,3134.3,32011000,3447.7,2820.9,3839.9,2896.0,3146.4,19,2,3146.3,11,2,3146.1,16,2,3146.0,43,7,3145.9,121,5,3146.7,4,1,3147.0,21,2,3147.5,30,1,3147.6,49,1,3147.7,143,4
2031,2026-06-16 13:46:44+05:30,3147.0,3,3132.47,2585718,128858.0,198057.0,3163.0,3163.0,3108.0,3134.3,32011000,3447.7,2820.9,3839.9,2896.0,3146.4,19,2,3146.3,11,2,3146.1,16,2,3146.0,43,7,3145.9,134,6,3146.5,1,1,3146.7,4,1,3147.0,21,2,3147.5,30,1,3147.6,49,1
2031,2026-06-16 13:46:45+05:30,3146.4,2,3132.47,2585718,128858.0,198057.0,3163.0,3163.0,3108.0,3134.3,32011000,3447.7,2820.9,3839.9,2896.0,3146.4,19,2,3146.3,11,2,3146.1,16,2,3146.0,43,7,3145.9,134,6,3146.5,1,1,3146.7,4,1,3147.0,21,2,3147.5,30,1,3147.6,49,1
2031,2026-06-16 13:46:45+05:30,3146.4,2,3132.47,2585896,128663.0,198292.0,3163.0,3163.0,3108.0,3134.3,32011000,3447.7,2820.9,3839.9,2896.0,3146.3,2,2,3146.1,15,1,3146.0,20,4,3145.9,97,3,3145.8,10,2,3146.4,7,1,3146.5,12,2,3146.7,5,2,3147.0,22,3,3147.4,22,1
2031,2026-06-16 13:46:46+05:30,3146.3,2,3132.47,2585896,128663.0,198292.0,3163.0,3163.0,3108.0,3134.3,32011000,3447.7,2820.9,3839.9,2896.0,3146.3,2,2,3146.1,15,1,3146.0,20,4,3145.9,97,3,3145.8,10,2,3146.4,7,1,3146.5,12,2,3146.7,5,2,3147.0,22,3,3147.4,22,1
2031,2026-06-16 13:46:46+05:30,3146.3,2,3132.47,2585905,128652.0,198075.0,3163.0,3163.0,3108.0,3134.3,32011000,3447.7,2820.9,3839.9,2896.0,3146.3,1,1,3146.0,5,3,3145.9,97,3,3145.8,10,2,3145.7,22,2,3146.4,11,2,3146.5,12,2,3146.7,1,1,3147.0,22,3,3147.4,76,2
2031,2026-06-16 13:46:47+05:30,3146.3,1,3132.47,2585905,128652.0,198075.0,3163.0,3163.0,3108.0,3134.3,32011000,3447.7,2820.9,3839.9,2896.0,3146.3,1,1,3146.0,5,3,3145.9,97,3,3145.8,10,2,3145.7,22,2,3146.4,11,2,3146.5,12,2,3146.7,1,1,3147.0,22,3,3147.4,76,2
2031,2026-06-16 13:46:47+05:30,3146.3,1,3132.47,2585906,128640.0,198228.0,3163.0,3163.0,3108.0,3134.3,32011000,3447.7,2820.9,3839.9,2896.0,3146.3,1,1,3146.0,5,3,3145.9,97,3,3145.8,10,2,3145.7,22,2,3146.4,11,2,3146.5,11,1,3146.7,1,1,3147.0,22,3,3147.4,76,2
2031,2026-06-16 13:46:48+05:30,3146.5,7,3132.47,2585906,128640.0,198228.0,3163.0,3163.0,3108.0,3134.3,32011000,3447.7,2820.9,3839.9,2896.0,3146.3,1,1,3146.0,5,3,3145.9,97,3,3145.8,10,2,3145.7,22,2,3146.4,11,2,3146.5,11,1,3146.7,1,1,3147.0,22,3,3147.4,76,2
2031,2026-06-16 13:46:49+05:30,3146.5,7,3132.47,2585924,128692.0,198042.0,3163.0,3163.0,3108.0,3134.3,32011000,3447.7,2820.9,3839.9,2896.0,3146.3,1,1,3146.0,5,3,3145.9,99,4,3145.8,11,3,3145.7,21,2,3146.4,42,2,3146.5,4,1,3146.7,1,1,3147.0,22,3,3147.4,51,2
2031,2026-06-16 13:46:50+05:30,3146.5,7,3132.47,2585924,128745.0,198150.0,3163.0,3163.0,3108.0,3134.3,32011000,3447.7,2820.9,3839.9,2896.0,3146.3,41,2,3146.1,17,1,3146.0,5,3,3145.9,97,3,3145.8,24,4,3146.4,74,4,3146.5,4,1,3146.7,1,1,3147.0,22,3,3147.2,36,1
2031,2026-06-16 13:46:51+05:30,3146.4,1,3132.47,2585925,128877.0,198145.0,3163.0,3163.0,3108.0,3134.3,32011000,3447.7,2820.9,3839.9,2896.0,3146.3,91,3,3146.1,17,1,3146.0,5,3,3145.9,99,4,3145.8,24,4,3146.4,93,5,3146.5,4,1,3146.7,1,1,3147.0,22,3,3147.2,36,1
2031,2026-06-16 13:46:51+05:30,3146.4,11,3132.47,2585925,128877.0,198145.0,3163.0,3163.0,3108.0,3134.3,32011000,3447.7,2820.9,3839.9,2896.0,3146.3,91,3,3146.1,17,1,3146.0,5,3,3145.9,99,4,3145.8,24,4,3146.4,93,5,3146.5,4,1,3146.7,1,1,3147.0,22,3,3147.2,36,1
2031,2026-06-16 13:46:52+05:30,3146.4,11,3132.47,2585936,128880.0,198152.0,3163.0,3163.0,3108.0,3134.3,32011000,3447.7,2820.9,3839.9,2896.0,3146.3,91,3,3146.1,17,1,3146.0,5,3,3145.9,99,4,3145.8,11,3,3146.4,82,5,3146.5,4,1,3146.7,1,1,3147.0,22,3,3147.2,36,1
2031,2026-06-16 13:46:52+05:30,3146.4,21,3132.47,2585936,128880.0,198152.0,3163.0,3163.0,3108.0,3134.3,32011000,3447.7,2820.9,3839.9,2896.0,3146.3,91,3,3146.1,17,1,3146.0,5,3,3145.9,99,4,3145.8,11,3,3146.4,82,5,3146.5,4,1,3146.7,1,1,3147.0,22,3,3147.2,36,1
2031,2026-06-16 13:46:53+05:30,3146.3,1,3132.47,2586041,129111.0,198083.0,3163.0,3163.0,3108.0,3134.3,32011000,3447.7,2820.9,3839.9,2896.0,3146.3,90,3,3146.0,9,6,3145.9,97,3,3145.8,12,4,3145.7,243,6,3146.5,4,1,3146.7,1,1,3147.0,22,3,3147.4,43,2,3147.5,45,2
2031,2026-06-16 13:46:53+05:30,3146.3,1,3132.47,2586041,129111.0,198083.0,3163.0,3163.0,3108.0,3134.3,32011000,3447.7,2820.9,3839.9,2896.0,3146.3,90,3,3146.0,9,6,3145.9,97,3,3145.8,12,4,3145.7,243,6,3146.5,4,1,3146.7,1,1,3147.0,22,3,3147.4,43,2,3147.5,45,2
2031,2026-06-16 13:46:54+05:30,3146.3,1,3132.47,2586041,128815.0,198092.0,3163.0,3163.0,3108.0,3134.3,32011000,3447.7,2820.9,3839.9,2896.0,3146.3,90,3,3146.1,17,2,3146.0,7,5,3145.9,97,3,3145.8,12,4,3146.5,6,2,3146.7,1,1,3147.0,22,3,3147.4,43,2,3147.5,45,2
2031,2026-06-16 13:46:55+05:30,3146.5,2,3132.47,2586044,128858.0,198054.0,3163.0,3163.0,3108.0,3134.3,32011000,3447.7,2820.9,3839.9,2896.0,3146.3,90,3,3146.1,20,2,3146.0,35,8,3145.9,104,4,3145.8,25,5,3146.5,3,2,3146.7,1,1,3147.0,22,3,3147.5,1,1,3147.6,256,3
2031,2026-06-16 13:46:55+05:30,3146.5,9,3132.47,2586044,128858.0,198054.0,3163.0,3163.0,3108.0,3134.3,32011000,3447.7,2820.9,3839.9,2896.0,3146.3,90,3,3146.1,20,2,3146.0,35,8,3145.9,104,4,3145.8,25,5,3146.5,3,2,3146.7,1,1,3147.0,22,3,3147.5,1,1,3147.6,256,3
2031,2026-06-16 13:46:56+05:30,3146.5,1,3132.47,2586057,129101.0,198040.0,3163.0,3163.0,3108.0,3134.3,32011000,3447.7,2820.9,3839.9,2896.0,3146.3,90,3,3146.2,13,1,3146.1,22,3,3146.0,20,6,3145.9,104,4,3146.5,3,2,3146.7,1,1,3147.0,8,2,3147.5,32,2,3147.6,256,3
2031,2026-06-16 13:46:56+05:30,3146.3,9,3132.47,2586057,129101.0,198040.0,3163.0,3163.0,3108.0,3134.3,32011000,3447.7,2820.9,3839.9,2896.0,3146.3,90,3,3146.2,13,1,3146.1,22,3,3146.0,20,6,3145.9,104,4,3146.5,3,2,3146.7,1,1,3147.0,8,2,3147.5,32,2,3147.6,256,3
2031,2026-06-16 13:46:57+05:30,3146.3,7,3132.47,2586073,128949.0,197789.0,3163.0,3163.0,3108.0,3134.3,32011000,3447.7,2820.9,3839.9,2896.0,3146.3,84,7,3146.2,3,1,3146.1,28,4,3146.0,20,6,3145.9,104,4,3146.5,3,2,3146.7,1,1,3147.0,8,2,3147.5,32,2,3147.6,256,3
2031,2026-06-16 13:46:57+05:30,3146.3,7,3132.47,2586073,128949.0,197789.0,3163.0,3163.0,3108.0,3134.3,32011000,3447.7,2820.9,3839.9,2896.0,3146.3,84,7,3146.2,3,1,3146.1,28,4,3146.0,20,6,3145.9,104,4,3146.5,3,2,3146.7,1,1,3147.0,8,2,3147.5,32,2,3147.6,256,3
2031,2026-06-16 13:46:58+05:30,3146.5,13,3132.47,2586089,128936.0,197818.0,3163.0,3163.0,3108.0,3134.3,32011000,3447.7,2820.9,3839.9,2896.0,3146.3,84,7,3146.2,3,1,3146.1,28,4,3146.0,21,7,3145.9,125,5,3146.7,1,1,3147.0,8,2,3147.5,29,2,3147.6,200,1,3147.7,84,2
2031,2026-06-16 13:46:58+05:30,3146.5,13,3132.47,2586089,128936.0,197818.0,3163.0,3163.0,3108.0,3134.3,32011000,3447.7,2820.9,3839.9,2896.0,3146.3,84,7,3146.2,3,1,3146.1,28,4,3146.0,21,7,3145.9,125,5,3146.7,1,1,3147.0,8,2,3147.5,29,2,3147.6,200,1,3147.7,84,2
2031,2026-06-16 13:46:59+05:30,3146.7,1,3132.47,2586090,128944.0,197833.0,3163.0,3163.0,3108.0,3134.3,32011000,3447.7,2820.9,3839.9,2896.0,3146.5,16,1,3146.3,33,5,3146.2,3,1,3146.1,28,4,3146.0,21,7,3146.7,1,1,3147.0,8,2,3147.5,1,1,3147.6,200,1,3147.7,84,2
2031,2026-06-16 13:47:00+05:30,3146.7,1,3132.47,2586090,128944.0,197833.0,3163.0,3163.0,3108.0,3134.3,32011000,3447.7,2820.9,3839.9,2896.0,3146.5,16,1,3146.3,33,5,3146.2,3,1,3146.1,28,4,3146.0,21,7,3146.7,1,1,3147.0,8,2,3147.5,1,1,3147.6,200,1,3147.7,84,2
2031,2026-06-16 13:47:00+05:30,3146.7,1,3132.48,2586486,128515.0,197879.0,3163.0,3163.0,3108.0,3134.3,32011000,3447.7,2820.9,3839.9,2896.0,3146.6,6,5,3146.5,9,3,3146.4,19,3,3146.3,18,2,3146.2,19,2,3147.0,8,2,3147.5,1,1,3147.7,31,1,3147.8,442,3,3148.0,1669,5
2031,2026-06-16 13:47:01+05:30,3147.0,1,3132.48,2586486,128515.0,197879.0,3163.0,3163.0,3108.0,3134.3,32011000,3447.7,2820.9,3839.9,2896.0,3146.6,6,5,3146.5,9,3,3146.4,19,3,3146.3,18,2,3146.2,19,2,3147.0,8,2,3147.5,1,1,3147.7,31,1,3147.8,442,3,3148.0,1669,5
2031,2026-06-16 13:47:01+05:30,3147.0,1,3132.48,2586488,128694.0,197067.0,3163.0,3163.0,3108.0,3134.3,32011000,3447.7,2820.9,3839.9,2896.0,3146.7,50,1,3146.6,3,3,3146.5,9,3,3146.4,6,2,3146.3,5,1,3147.0,6,2,3147.5,1,1,3147.8,442,3,3148.0,1693,6,3148.2,334,4
2031,2026-06-16 13:47:02+05:30,3146.7,1,3132.48,2586488,128694.0,197067.0,3163.0,3163.0,3108.0,3134.3,32011000,3447.7,2820.9,3839.9,2896.0,3146.7,50,1,3146.6,3,3,3146.5,9,3,3146.4,6,2,3146.3,5,1,3147.0,6,2,3147.5,1,1,3147.8,442,3,3148.0,1693,6,3148.2,334,4
2031,2026-06-16 13:47:02+05:30,3146.7,1,3132.48,2586489,128764.0,197712.0,3163.0,3163.0,3108.0,3134.3,32011000,3447.7,2820.9,3839.9,2896.0,3146.7,49,1,3146.6,3,3,3146.5,9,3,3146.4,22,3,3146.3,5,1,3147.0,6,2,3147.5,1,1,3147.7,31,1,3147.8,442,3,3148.0,1693,6
2031,2026-06-16 13:47:03+05:30,3147.7,27,3132.48,2586489,128764.0,197712.0,3163.0,3163.0,3108.0,3134.3,32011000,3447.7,2820.9,3839.9,2896.0,3146.7,49,1,3146.6,3,3,3146.5,9,3,3146.4,22,3,3146.3,5,1,3147.0,6,2,3147.5,1,1,3147.7,31,1,3147.8,442,3,3148.0,1693,6
2031,2026-06-16 13:47:03+05:30,3147.7,27,3132.48,2586526,129542.0,196706.0,3163.0,3163.0,3108.0,3134.3,32011000,3447.7,2820.9,3839.9,2896.0,3146.8,15,1,3146.7,49,1,3146.6,15,3,3146.5,27,5,3146.4,6,2,3147.7,200,1,3147.8,242,2,3147.9,65,3,3148.0,1544,2,3148.1,22,1
2031,2026-06-16 13:47:04+05:30,3147.7,27,3132.48,2586526,129374.0,196904.0,3163.0,3163.0,3108.0,3134.3,32011000,3447.7,2820.9,3839.9,2896.0,3146.7,17,1,3146.6,2,2,3146.5,10,3,3146.3,25,2,3146.2,43,2,3147.5,2,1,3147.7,103,4,3147.8,482,4,3147.9,157,5,3148.0,1546,3
2031,2026-06-16 13:47:05+05:30,3147.7,22,3132.48,2586526,129374.0,196904.0,3163.0,3163.0,3108.0,3134.3,32011000,3447.7,2820.9,3839.9,2896.0,3146.7,17,1,3146.6,2,2,3146.5,10,3,3146.3,25,2,3146.2,43,2,3147.5,2,1,3147.7,103,4,3147.8,482,4,3147.9,157,5,3148.0,1546,3
2031,2026-06-16 13:47:05+05:30,3147.7,22,3132.48,2586575,129522.0,196945.0,3163.0,3163.0,3108.0,3134.3,32011000,3447.7,2820.9,3839.9,2896.0,3147.1,2,2,3146.7,17,1,3146.5,10,3,3146.4,14,1,3146.3,101,4,3147.5,1,1,3147.7,29,2,3147.8,442,3,3147.9,25,2,3148.0,1546,3
2031,2026-06-16 13:47:06+05:30,3147.1,1,3132.48,2586575,129522.0,196945.0,3163.0,3163.0,3108.0,3134.3,32011000,3447.7,2820.9,3839.9,2896.0,3147.1,2,2,3146.7,17,1,3146.5,10,3,3146.4,14,1,3146.3,101,4,3147.5,1,1,3147.7,29,2,3147.8,442,3,3147.9,25,2,3148.0,1546,3
2031,2026-06-16 13:47:06+05:30,3147.1,1,3132.48,2586579,129079.0,196285.0,3163.0,3163.0,3108.0,3134.3,32011000,3447.7,2820.9,3839.9,2896.0,3146.7,17,1,3146.5,22,5,3146.4,7,1,3146.3,31,3,3146.2,43,2,3147.0,1,1,3147.5,1,1,3147.7,10,1,3147.8,442,3,3147.9,23,1
2031,2026-06-16 13:47:07+05:30,3147.0,5,3132.48,2586579,129079.0,196285.0,3163.0,3163.0,3108.0,3134.3,32011000,3447.7,2820.9,3839.9,2896.0,3146.7,17,1,3146.5,22,5,3146.4,7,1,3146.3,31,3,3146.2,43,2,3147.0,1,1,3147.5,1,1,3147.7,10,1,3147.8,442,3,3147.9,23,1
2031,2026-06-16 13:47:07+05:30,3147.0,5,3132.48,2586585,129221.0,196469.0,3163.0,3163.0,3108.0,3134.3,32011000,3447.7,2820.9,3839.9,2896.0,3146.7,17,1,3146.5,59,8,3146.4,43,2,3146.3,5,1,3146.2,99,5,3147.0,1,1,3147.5,1,1,3147.7,9,1,3147.8,400,2,3148.0,1702,6
2031,2026-06-16 13:47:08+05:30,3147.0,42,3132.48,2586585,129221.0,196469.0,3163.0,3163.0,3108.0,3134.3,32011000,3447.7,2820.9,3839.9,2896.0,3146.7,17,1,3146.5,59,8,3146.4,43,2,3146.3,5,1,3146.2,99,5,3147.0,1,1,3147.5,1,1,3147.7,9,1,3147.8,400,2,3148.0,1702,6
2031,2026-06-16 13:47:08+05:30,3147.0,42,3132.48,2586628,129530.0,196731.0,3163.0,3163.0,3108.0,3134.3,32011000,3447.7,2820.9,3839.9,2896.0,3147.0,17,1,3146.8,46,5,3146.7,9,1,3146.6,24,2,3146.5,115,7,3147.5,1,1,3147.8,400,2,3148.0,1644,3,3148.2,276,2,3148.3,448,5
2031,2026-06-16 13:47:09+05:30,3147.0,1,3132.48,2586628,129530.0,196731.0,3163.0,3163.0,3108.0,3134.3,32011000,3447.7,2820.9,3839.9,2896.0,3147.0,17,1,3146.8,46,5,3146.7,9,1,3146.6,24,2,3146.5,115,7,3147.5,1,1,3147.8,400,2,3148.0,1644,3,3148.2,276,2,3148.3,448,5
2031,2026-06-16 13:47:09+05:30,3147.0,1,3132.48,2586629,129438.0,196821.0,3163.0,3163.0,3108.0,3134.3,32011000,3447.7,2820.9,3839.9,2896.0,3147.0,23,3,3146.9,13,1,3146.8,35,4,3146.7,9,1,3146.6,23,2,3147.5,1,1,3147.8,400,2,3148.0,1644,3,3148.2,200,1,3148.3,446,4
2031,2026-06-16 13:47:10+05:30,3147.8,7,3132.48,2586629,129438.0,196821.0,3163.0,3163.0,3108.0,3134.3,32011000,3447.7,2820.9,3839.9,2896.0,3147.0,23,3,3146.9,13,1,3146.8,35,4,3146.7,9,1,3146.6,23,2,3147.5,1,1,3147.8,400,2,3148.0,1644,3,3148.2,200,1,3148.3,446,4
2031,2026-06-16 13:47:10+05:30,3147.8,7,3132.48,2586702,129722.0,196718.0,3163.0,3163.0,3108.0,3134.3,32011000,3447.7,2820.9,3839.9,2896.0,3147.0,21,2,3146.8,14,2,3146.7,24,2,3146.6,10,1,3146.5,23,3,3147.7,200,1,3147.8,193,1,3147.9,2,1,3148.0,1644,3,3148.2,269,3
2031,2026-06-16 13:47:11+05:30,3147.3,1,3132.48,2586702,129722.0,196718.0,3163.0,3163.0,3108.0,3134.3,32011000,3447.7,2820.9,3839.9,2896.0,3147.0,21,2,3146.8,14,2,3146.7,24,2,3146.6,10,1,3146.5,23,3,3147.7,200,1,3147.8,193,1,3147.9,2,1,3148.0,1644,3,3148.2,269,3
2031,2026-06-16 13:47:11+05:30,3147.3,1,3132.48,2586708,130470.0,196608.0,3163.0,3163.0,3108.0,3134.3,32011000,3447.7,2820.9,3839.9,2896.0,3147.7,1,1,3147.0,67,4,3146.9,8,2,3146.8,77,3,3146.7,59,4,3148.0,1600,2,3148.3,432,3,3148.4,96,4,3148.5,222,3,3148.6,185,5
2031,2026-06-16 13:47:12+05:30,3147.7,6,3132.48,2586708,130470.0,196608.0,3163.0,3163.0,3108.0,3134.3,32011000,3447.7,2820.9,3839.9,2896.0,3147.7,1,1,3147.0,67,4,3146.9,8,2,3146.8,77,3,3146.7,59,4,3148.0,1600,2,3148.3,432,3,3148.4,96,4,3148.5,222,3,3148.6,185,5
2031,2026-06-16 13:47:12+05:30,3147.7,6,3132.48,2586725,129956.0,196460.0,3163.0,3163.0,3108.0,3134.3,32011000,3447.7,2820.9,3839.9,2896.0,3147.3,15,1,3147.0,80,5,3146.9,8,2,3146.8,136,7,3146.7,11,2,3147.7,17,1,3148.0,1600,2,3148.3,432,3,3148.4,91,3,3148.5,222,3
2031,2026-06-16 13:47:13+05:30,3147.7,6,3132.48,2586725,129931.0,196662.0,3163.0,3163.0,3108.0,3134.3,32011000,3447.7,2820.9,3839.9,2896.0,3147.3,56,2,3147.0,67,4,3146.9,8,2,3146.8,123,6,3146.7,24,3,3147.7,22,2,3148.0,1600,2,3148.3,432,3,3148.4,91,3,3148.5,222,3
2031,2026-06-16 13:47:14+05:30,3147.7,1,3132.48,2586725,129931.0,196662.0,3163.0,3163.0,3108.0,3134.3,32011000,3447.7,2820.9,3839.9,2896.0,3147.3,56,2,3147.0,67,4,3146.9,8,2,3146.8,123,6,3146.7,24,3,3147.7,22,2,3148.0,1600,2,3148.3,432,3,3148.4,91,3,3148.5,222,3
2031,2026-06-16 13:47:14+05:30,3147.7,1,3132.48,2586748,130923.0,196456.0,3163.0,3163.0,3108.0,3134.3,32011000,3447.7,2820.9,3839.9,2896.0,3147.8,1,1,3147.7,10,2,3147.3,41,1,3147.1,14,1,3147.0,80,5,3148.0,1600,2,3148.3,432,3,3148.4,38,1,3148.5,235,4,3148.6,103,2
2031,2026-06-16 13:47:15+05:30,3147.9,2,3132.48,2586748,130923.0,196456.0,3163.0,3163.0,3108.0,3134.3,32011000,3447.7,2820.9,3839.9,2896.0,3147.8,1,1,3147.7,10,2,3147.3,41,1,3147.1,14,1,3147.0,80,5,3148.0,1600,2,3148.3,432,3,3148.4,38,1,3148.5,235,4,3148.6,103,2
2031,2026-06-16 13:47:15+05:30,3147.9,2,3132.48,2586750,131062.0,196352.0,3163.0,3163.0,3108.0,3134.3,32011000,3447.7,2820.9,3839.9,2896.0,3147.9,18,3,3147.8,46,3,3147.7,1,1,3147.3,57,2,3147.1,32,2,3148.0,1600,2,3148.3,432,3,3148.5,212,2,3148.6,42,1,3148.7,204,3
2031,2026-06-16 13:47:16+05:30,3148.0,187,3132.48,2586750,131062.0,196352.0,3163.0,3163.0,3108.0,3134.3,32011000,3447.7,2820.9,3839.9,2896.0,3147.9,18,3,3147.8,46,3,3147.7,1,1,3147.3,57,2,3147.1,32,2,3148.0,1600,2,3148.3,432,3,3148.5,212,2,3148.6,42,1,3148.7,204,3
2031,2026-06-16 13:47:16+05:30,3148.0,187,3132.48,2586946,130908.0,196141.0,3163.0,3163.0,3108.0,3134.3,32011000,3447.7,2820.9,3839.9,2896.0,3147.9,8,3,3147.8,46,3,3147.7,1,1,3147.5,6,1,3147.3,56,2,3148.0,1420,4,3148.3,388,2,3148.5,212,2,3148.6,42,1,3148.7,200,1
2031,2026-06-16 13:47:17+05:30,3148.0,1,3132.48,2586946,130908.0,196141.0,3163.0,3163.0,3108.0,3134.3,32011000,3447.7,2820.9,3839.9,2896.0,3147.9,8,3,3147.8,46,3,3147.7,1,1,3147.5,6,1,3147.3,56,2,3148.0,1420,4,3148.3,388,2,3148.5,212,2,3148.6,42,1,3148.7,200,1
2031,2026-06-16 13:47:17+05:30,3148.0,1,3132.48,2586953,130941.0,194192.0,3163.0,3163.0,3108.0,3134.3,32011000,3447.7,2820.9,3839.9,2896.0,3147.9,44,4,3147.8,62,3,3147.7,1,1,3147.4,3,1,3147.3,8,1,3148.0,1438,5,3148.3,388,2,3148.5,212,2,3148.6,42,1,3148.7,200,1
2031,2026-06-16 13:47:18+05:30,3148.0,162,3132.48,2587134,130920.0,195918.0,3163.0,3163.0,3108.0,3134.3,32011000,3447.7,2820.9,3839.9,2896.0,3147.9,44,4,3147.8,45,2,3147.7,2,2,3147.4,3,1,3147.3,8,1,3148.0,1258,6,3148.3,388,2,3148.5,200,1,3148.6,42,1,3148.7,200,1
2031,2026-06-16 13:47:19+05:30,3148.0,1,3132.48,2587134,130920.0,195918.0,3163.0,3163.0,3108.0,3134.3,32011000,3447.7,2820.9,3839.9,2896.0,3147.9,44,4,3147.8,45,2,3147.7,2,2,3147.4,3,1,3147.3,8,1,3148.0,1258,6,3148.3,388,2,3148.5,200,1,3148.6,42,1,3148.7,200,1
2031,2026-06-16 13:47:19+05:30,3149.2,1,3132.5,2591136,132084.0,190095.0,3163.0,3163.0,3108.0,3134.3,32011000,3447.7,2820.9,3839.9,2896.0,3148.2,14,1,3148.1,18,2,3148.0,55,2,3147.9,93,5,3147.8,79,5,3149.2,11,1,3149.3,244,2,3149.4,11,1,3149.5,59,1,3149.6,80,3
2031,2026-06-16 13:47:20+05:30,3148.7,2,3132.5,2591136,132084.0,190095.0,3163.0,3163.0,3108.0,3134.3,32011000,3447.7,2820.9,3839.9,2896.0,3148.2,14,1,3148.1,18,2,3148.0,55,2,3147.9,93,5,3147.8,79,5,3149.2,11,1,3149.3,244,2,3149.4,11,1,3149.5,59,1,3149.6,80,3
2031,2026-06-16 13:47:20+05:30,3149.3,19,3132.51,2591566,132215.0,190820.0,3163.0,3163.0,3108.0,3134.3,32011000,3447.7,2820.9,3839.9,2896.0,3148.7,2,2,3148.1,85,3,3148.0,92,3,3147.9,100,5,3147.8,298,6,3149.5,11,1,3149.6,74,4,3149.7,181,4,3149.8,79,3,3149.9,310,4
2031,2026-06-16 13:47:21+05:30,3149.3,19,3132.51,2591566,132215.0,190820.0,3163.0,3163.0,3108.0,3134.3,32011000,3447.7,2820.9,3839.9,2896.0,3148.7,2,2,3148.1,85,3,3148.0,92,3,3147.9,100,5,3147.8,298,6,3149.5,11,1,3149.6,74,4,3149.7,181,4,3149.8,79,3,3149.9,310,4
2031,2026-06-16 13:47:21+05:30,3149.5,1,3132.51,2591566,132215.0,190820.0,3163.0,3163.0,3108.0,3134.3,32011000,3447.7,2820.9,3839.9,2896.0,3148.7,2,2,3148.1,85,3,3148.0,92,3,3147.9,100,5,3147.8,298,6,3149.5,11,1,3149.6,74,4,3149.7,181,4,3149.8,79,3,3149.9,310,4
2031,2026-06-16 13:47:22+05:30,3148.1,9,3132.51,2591579,131800.0,191658.0,3163.0,3163.0,3108.0,3134.3,32011000,3447.7,2820.9,3839.9,2896.0,3148.1,9,2,3148.0,29,1,3147.9,128,5,3147.8,79,5,3147.7,41,5,3149.2,11,1,3149.3,91,5,3149.4,11,1,3149.5,53,2,3149.6,48,2
2031,2026-06-16 13:47:22+05:30,3148.1,9,3132.51,2591579,131800.0,191658.0,3163.0,3163.0,3108.0,3134.3,32011000,3447.7,2820.9,3839.9,2896.0,3148.1,9,2,3148.0,29,1,3147.9,128,5,3147.8,79,5,3147.7,41,5,3149.2,11,1,3149.3,91,5,3149.4,11,1,3149.5,53,2,3149.6,48,2
2031,2026-06-16 13:47:22+05:30,3148.1,9,3132.51,2591579,131800.0,191658.0,3163.0,3163.0,3108.0,3134.3,32011000,3447.7,2820.9,3839.9,2896.0,3148.1,9,2,3148.0,29,1,3147.9,128,5,3147.8,79,5,3147.7,41,5,3149.2,11,1,3149.3,91,5,3149.4,11,1,3149.5,53,2,3149.6,48,2
2031,2026-06-16 13:47:23+05:30,3149.2,2,3132.51,2591582,132190.0,191709.0,3163.0,3163.0,3108.0,3134.3,32011000,3447.7,2820.9,3839.9,2896.0,3148.1,252,4,3148.0,106,5,3147.9,100,5,3147.8,75,4,3147.7,254,7,3149.2,8,1,3149.3,22,2,3149.4,11,1,3149.5,64,3,3149.6,10,1
2031,2026-06-16 13:47:23+05:30,3149.2,2,3132.51,2591582,132190.0,191709.0,3163.0,3163.0,3108.0,3134.3,32011000,3447.7,2820.9,3839.9,2896.0,3148.1,252,4,3148.0,106,5,3147.9,100,5,3147.8,75,4,3147.7,254,7,3149.2,8,1,3149.3,22,2,3149.4,11,1,3149.5,64,3,3149.6,10,1
2031,2026-06-16 13:47:24+05:30,3149.2,2,3132.51,2591582,132245.0,192449.0,3163.0,3163.0,3108.0,3134.3,32011000,3447.7,2820.9,3839.9,2896.0,3148.2,15,1,3148.1,291,4,3147.9,130,6,3147.8,67,4,3147.7,35,4,3149.3,37,3,3149.4,103,4,3149.5,80,3,3149.6,78,4,3149.7,171,4
2031,2026-06-16 13:47:24+05:30,3149.2,2,3132.51,2591582,132245.0,192449.0,3163.0,3163.0,3108.0,3134.3,32011000,3447.7,2820.9,3839.9,2896.0,3148.2,15,1,3148.1,291,4,3147.9,130,6,3147.8,67,4,3147.7,35,4,3149.3,37,3,3149.4,103,4,3149.5,80,3,3149.6,78,4,3149.7,171,4
2031,2026-06-16 13:47:25+05:30,3149.2,2,3132.51,2591582,132504.0,192432.0,3163.0,3163.0,3108.0,3134.3,32011000,3447.7,2820.9,3839.9,2896.0,3148.2,256,2,3148.1,281,5,3148.0,49,1,3147.9,94,4,3147.8,67,4,3149.3,22,2,3149.4,11,1,3149.5,21,2,3149.6,50,4,3149.7,208,4
2031,2026-06-16 13:47:25+05:30,3149.0,1,3132.51,2591582,132504.0,192432.0,3163.0,3163.0,3108.0,3134.3,32011000,3447.7,2820.9,3839.9,2896.0,3148.2,256,2,3148.1,281,5,3148.0,49,1,3147.9,94,4,3147.8,67,4,3149.3,22,2,3149.4,11,1,3149.5,21,2,3149.6,50,4,3149.7,208,4
2031,2026-06-16 13:47:26+05:30,3149.3,3,3132.51,2591698,132332.0,192372.0,3163.0,3163.0,3108.0,3134.3,32011000,3447.7,2820.9,3839.9,2896.0,3148.4,2,1,3148.2,257,3,3148.1,282,2,3147.9,91,5,3147.8,61,2,3149.3,11,1,3149.4,94,5,3149.5,61,4,3149.6,111,4,3149.7,226,4
2031,2026-06-16 13:47:26+05:30,3149.3,3,3132.51,2591698,132332.0,192372.0,3163.0,3163.0,3108.0,3134.3,32011000,3447.7,2820.9,3839.9,2896.0,3148.4,2,1,3148.2,257,3,3148.1,282,2,3147.9,91,5,3147.8,61,2,3149.3,11,1,3149.4,94,5,3149.5,61,4,3149.6,111,4,3149.7,226,4
2031,2026-06-16 13:47:26+05:30,3149.3,3,3132.51,2591698,132332.0,192372.0,3163.0,3163.0,3108.0,3134.3,32011000,3447.7,2820.9,3839.9,2896.0,3148.4,2,1,3148.2,257,3,3148.1,282,2,3147.9,91,5,3147.8,61,2,3149.3,11,1,3149.4,94,5,3149.5,61,4,3149.6,111,4,3149.7,226,4
2031,2026-06-16 13:47:27+05:30,3149.3,3,3132.51,2591698,132383.0,192275.0,3163.0,3163.0,3108.0,3134.3,32011000,3447.7,2820.9,3839.9,2896.0,3148.5,17,1,3148.4,242,2,3148.2,244,3,3148.1,240,1,3147.9,91,5,3148.9,1,1,3149.6,101,4,3149.7,226,4,3149.8,295,4,3149.9,333,5
2031,2026-06-16 13:47:27+05:30,3148.9,1,3132.51,2591698,132383.0,192275.0,3163.0,3163.0,3108.0,3134.3,32011000,3447.7,2820.9,3839.9,2896.0,3148.5,17,1,3148.4,242,2,3148.2,244,3,3148.1,240,1,3147.9,91,5,3148.9,1,1,3149.6,101,4,3149.7,226,4,3149.8,295,4,3149.9,333,5
2031,2026-06-16 13:47:28+05:30,3148.9,1,3132.51,2591716,132542.0,192171.0,3163.0,3163.0,3108.0,3134.3,32011000,3447.7,2820.9,3839.9,2896.0,3148.6,17,1,3148.5,242,1,3148.4,242,2,3148.2,286,4,3148.1,240,1,3148.9,12,1,3149.5,82,3,3149.6,63,3,3149.7,194,4,3149.8,95,3
2031,2026-06-16 13:47:28+05:30,3148.9,12,3132.51,2591716,132542.0,192171.0,3163.0,3163.0,3108.0,3134.3,32011000,3447.7,2820.9,3839.9,2896.0,3148.6,17,1,3148.5,242,1,3148.4,242,2,3148.2,286,4,3148.1,240,1,3148.9,12,1,3149.5,82,3,3149.6,63,3,3149.7,194,4,3149.8,95,3
2031,2026-06-16 13:47:28+05:30,3148.9,12,3132.51,2591716,132542.0,192171.0,3163.0,3163.0,3108.0,3134.3,32011000,3447.7,2820.9,3839.9,2896.0,3148.6,17,1,3148.5,242,1,3148.4,242,2,3148.2,286,4,3148.1,240,1,3148.9,12,1,3149.5,82,3,3149.6,63,3,3149.7,194,4,3149.8,95,3
2031,2026-06-16 13:47:29+05:30,3149.4,10,3132.51,2591740,132947.0,192584.0,3163.0,3163.0,3108.0,3134.3,32011000,3447.7,2820.9,3839.9,2896.0,3148.9,5,1,3148.5,245,2,3148.4,282,2,3148.3,6,1,3148.2,307,5,3149.3,11,1,3149.4,54,3,3149.5,70,2,3149.7,271,6,3149.8,353,5
2031,2026-06-16 13:47:29+05:30,3148.9,1,3132.51,2591740,132947.0,192584.0,3163.0,3163.0,3108.0,3134.3,32011000,3447.7,2820.9,3839.9,2896.0,3148.9,5,1,3148.5,245,2,3148.4,282,2,3148.3,6,1,3148.2,307,5,3149.3,11,1,3149.4,54,3,3149.5,70,2,3149.7,271,6,3149.8,353,5
2031,2026-06-16 13:47:30+05:30,3148.9,14,3132.51,2592566,131750.0,192960.0,3163.0,3163.0,3108.0,3134.3,32011000,3447.7,2820.9,3839.9,2896.0,3148.6,4,2,3148.4,159,1,3148.2,242,2,3148.1,247,2,3147.9,44,3,3149.0,21,2,3149.1,69,5,3149.2,30,1,3149.3,24,4,3149.4,97,2
2031,2026-06-16 13:47:30+05:30,3148.9,14,3132.51,2592566,131750.0,192960.0,3163.0,3163.0,3108.0,3134.3,32011000,3447.7,2820.9,3839.9,2896.0,3148.6,4,2,3148.4,159,1,3148.2,242,2,3148.1,247,2,3147.9,44,3,3149.0,21,2,3149.1,69,5,3149.2,30,1,3149.3,24,4,3149.4,97,2
2031,2026-06-16 13:47:30+05:30,3148.9,14,3132.51,2592566,131750.0,192960.0,3163.0,3163.0,3108.0,3134.3,32011000,3447.7,2820.9,3839.9,2896.0,3148.6,4,2,3148.4,159,1,3148.2,242,2,3148.1,247,2,3147.9,44,3,3149.0,21,2,3149.1,69,5,3149.2,30,1,3149.3,24,4,3149.4,97,2
2031,2026-06-16 13:47:31+05:30,3148.9,14,3132.51,2592566,132577.0,193106.0,3163.0,3163.0,3108.0,3134.3,32011000,3447.7,2820.9,3839.9,2896.0,3148.9,3,1,3148.8,2,2,3148.6,5,3,3148.4,159,1,3148.2,242,2,3149.1,14,3,3149.3,93,5,3149.4,30,1,3149.5,70,2,3149.6,9,1
2031,2026-06-16 13:47:32+05:30,3148.9,14,3132.51,2592566,132577.0,193106.0,3163.0,3163.0,3108.0,3134.3,32011000,3447.7,2820.9,3839.9,2896.0,3148.9,3,1,3148.8,2,2,3148.6,5,3,3148.4,159,1,3148.2,242,2,3149.1,14,3,3149.3,93,5,3149.4,30,1,3149.5,70,2,3149.6,9,1
2031,2026-06-16 13:47:32+05:30,3148.9,14,3132.51,2592566,132126.0,193099.0,3163.0,3163.0,3108.0,3134.3,32011000,3447.7,2820.9,3839.9,2896.0,3148.9,5,2,3148.8,2,2,3148.6,5,3,3148.4,159,1,3148.2,1,1,3149.1,14,3,3149.3,93,5,3149.4,30,1,3149.5,70,2,3149.7,649,7
2031,2026-06-16 13:47:33+05:30,3148.9,14,3132.51,2592566,132126.0,193099.0,3163.0,3163.0,3108.0,3134.3,32011000,3447.7,2820.9,3839.9,2896.0,3148.9,5,2,3148.8,2,2,3148.6,5,3,3148.4,159,1,3148.2,1,1,3149.1,14,3,3149.3,93,5,3149.4,30,1,3149.5,70,2,3149.7,649,7
2031,2026-06-16 13:47:33+05:30,3148.9,1,3132.51,2592596,132135.0,193154.0,3163.0,3163.0,3108.0,3134.3,32011000,3447.7,2820.9,3839.9,2896.0,3148.9,3,2,3148.8,2,2,3148.6,5,3,3148.4,159,1,3148.2,1,1,3149.1,60,5,3149.2,16,1,3149.3,42,3,3149.4,90,2,3149.5,70,2
2031,2026-06-16 13:47:33+05:30,3148.9,1,3132.51,2592596,132135.0,193154.0,3163.0,3163.0,3108.0,3134.3,32011000,3447.7,2820.9,3839.9,2896.0,3148.9,3,2,3148.8,2,2,3148.6,5,3,3148.4,159,1,3148.2,1,1,3149.1,60,5,3149.2,16,1,3149.3,42,3,3149.4,90,2,3149.5,70,2
2031,2026-06-16 13:47:33+05:30,3149.1,1,3132.51,2592596,132135.0,193154.0,3163.0,3163.0,3108.0,3134.3,32011000,3447.7,2820.9,3839.9,2896.0,3148.9,3,2,3148.8,2,2,3148.6,5,3,3148.4,159,1,3148.2,1,1,3149.1,60,5,3149.2,16,1,3149.3,42,3,3149.4,90,2,3149.5,70,2
2031,2026-06-16 13:47:34+05:30,3149.1,1,3132.51,2592596,132135.0,193154.0,3163.0,3163.0,3108.0,3134.3,32011000,3447.7,2820.9,3839.9,2896.0,3148.9,3,2,3148.8,2,2,3148.6,5,3,3148.4,159,1,3148.2,1,1,3149.1,60,5,3149.2,16,1,3149.3,42,3,3149.4,90,2,3149.5,70,2
2031,2026-06-16 13:47:34+05:30,3149.1,1,3132.51,2592598,132142.0,198014.0,3163.0,3163.0,3108.0,3134.3,32011000,3447.7,2820.9,3839.9,2896.0,3148.9,3,2,3148.8,2,2,3148.6,5,3,3148.4,159,1,3148.2,1,1,3149.1,74,6,3149.2,54,2,3149.3,42,3,3149.4,128,3,3149.5,232,2
2031,2026-06-16 13:47:34+05:30,3149.0,1,3132.51,2592598,132142.0,198014.0,3163.0,3163.0,3108.0,3134.3,32011000,3447.7,2820.9,3839.9,2896.0,3148.9,3,2,3148.8,2,2,3148.6,5,3,3148.4,159,1,3148.2,1,1,3149.1,74,6,3149.2,54,2,3149.3,42,3,3149.4,128,3,3149.5,232,2
2031,2026-06-16 13:47:34+05:30,3149.0,1,3132.51,2592598,132142.0,198014.0,3163.0,3163.0,3108.0,3134.3,32011000,3447.7,2820.9,3839.9,2896.0,3148.9,3,2,3148.8,2,2,3148.6,5,3,3148.4,159,1,3148.2,1,1,3149.1,74,6,3149.2,54,2,3149.3,42,3,3149.4,128,3,3149.5,232,2
2031,2026-06-16 13:47:35+05:30,3149.0,1,3132.51,2592599,132134.0,197996.0,3163.0,3163.0,3108.0,3134.3,32011000,3447.7,2820.9,3839.9,2896.0,3148.9,3,2,3148.8,18,3,3148.6,5,3,3148.4,159,1,3148.2,1,1,3149.0,10,1,3149.1,75,7,3149.2,54,2,3149.3,42,3,3149.4,98,2
2031,2026-06-16 13:47:35+05:30,3149.0,1,3132.51,2592599,132134.0,197996.0,3163.0,3163.0,3108.0,3134.3,32011000,3447.7,2820.9,3839.9,2896.0,3148.9,3,2,3148.8,18,3,3148.6,5,3,3148.4,159,1,3148.2,1,1,3149.0,10,1,3149.1,75,7,3149.2,54,2,3149.3,42,3,3149.4,98,2
2031,2026-06-16 13:47:36+05:30,3149.0,1,3132.51,2592599,132134.0,197935.0,3163.0,3163.0,3108.0,3134.3,32011000,3447.7,2820.9,3839.9,2896.0,3148.9,5,4,3148.8,16,1,3148.6,5,3,3148.4,159,1,3148.2,1,1,3149.0,32,3,3149.1,22,3,3149.2,54,2,3149.3,42,3,3149.4,98,2
2031,2026-06-16 13:47:36+05:30,3149.0,1,3132.51,2592599,132134.0,197935.0,3163.0,3163.0,3108.0,3134.3,32011000,3447.7,2820.9,3839.9,2896.0,3148.9,5,4,3148.8,16,1,3148.6,5,3,3148.4,159,1,3148.2,1,1,3149.0,32,3,3149.1,22,3,3149.2,54,2,3149.3,42,3,3149.4,98,2
2031,2026-06-16 13:47:36+05:30,3148.9,1,3132.51,2592599,132134.0,197935.0,3163.0,3163.0,3108.0,3134.3,32011000,3447.7,2820.9,3839.9,2896.0,3148.9,5,4,3148.8,16,1,3148.6,5,3,3148.4,159,1,3148.2,1,1,3149.0,32,3,3149.1,22,3,3149.2,54,2,3149.3,42,3,3149.4,98,2
2031,2026-06-16 13:47:37+05:30,3148.9,1,3132.51,2592599,132134.0,197935.0,3163.0,3163.0,3108.0,3134.3,32011000,3447.7,2820.9,3839.9,2896.0,3148.9,5,4,3148.8,16,1,3148.6,5,3,3148.4,159,1,3148.2,1,1,3149.0,32,3,3149.1,22,3,3149.2,54,2,3149.3,42,3,3149.4,98,2
2031,2026-06-16 13:47:37+05:30,3148.9,1,3132.51,2592609,132147.0,197958.0,3163.0,3163.0,3108.0,3134.3,32011000,3447.7,2820.9,3839.9,2896.0,3148.9,2,1,3148.8,16,1,3148.6,5,3,3148.4,159,1,3148.2,1,1,3149.0,53,5,3149.1,22,3,3149.2,54,2,3149.3,47,4,3149.4,98,2
2031,2026-06-16 13:47:37+05:30,3149.0,2,3132.51,2592609,132147.0,197958.0,3163.0,3163.0,3108.0,3134.3,32011000,3447.7,2820.9,3839.9,2896.0,3148.9,2,1,3148.8,16,1,3148.6,5,3,3148.4,159,1,3148.2,1,1,3149.0,53,5,3149.1,22,3,3149.2,54,2,3149.3,47,4,3149.4,98,2
2031,2026-06-16 13:47:37+05:30,3149.0,2,3132.51,2592609,132147.0,197958.0,3163.0,3163.0,3108.0,3134.3,32011000,3447.7,2820.9,3839.9,2896.0,3148.9,2,1,3148.8,16,1,3148.6,5,3,3148.4,159,1,3148.2,1,1,3149.0,53,5,3149.1,22,3,3149.2,54,2,3149.3,47,4,3149.4,98,2
2031,2026-06-16 13:47:38+05:30,3148.6,1,3132.52,2592910,131348.0,197773.0,3163.0,3163.0,3108.0,3134.3,32011000,3447.7,2820.9,3839.9,2896.0,3148.6,2,2,3148.4,159,1,3148.2,1,1,3148.1,7,1,3148.0,3,1,3149.0,42,3,3149.1,22,3,3149.2,54,2,3149.3,2,2,3149.4,98,2
2031,2026-06-16 13:47:38+05:30,3148.6,1,3132.52,2592910,131348.0,197773.0,3163.0,3163.0,3108.0,3134.3,32011000,3447.7,2820.9,3839.9,2896.0,3148.6,2,2,3148.4,159,1,3148.2,1,1,3148.1,7,1,3148.0,3,1,3149.0,42,3,3149.1,22,3,3149.2,54,2,3149.3,2,2,3149.4,98,2
2031,2026-06-16 13:47:38+05:30,3148.8,1,3132.52,2592910,131348.0,197773.0,3163.0,3163.0,3108.0,3134.3,32011000,3447.7,2820.9,3839.9,2896.0,3148.6,2,2,3148.4,159,1,3148.2,1,1,3148.1,7,1,3148.0,3,1,3149.0,42,3,3149.1,22,3,3149.2,54,2,3149.3,2,2,3149.4,98,2
2031,2026-06-16 13:47:39+05:30,3148.8,1,3132.52,2592911,131351.0,197878.0,3163.0,3163.0,3108.0,3134.3,32011000,3447.7,2820.9,3839.9,2896.0,3148.6,2,2,3148.4,159,1,3148.2,1,1,3148.1,7,1,3148.0,45,2,3149.0,8,1,3149.1,2,1,3149.2,80,2,3149.3,1,1,3149.4,38,1
2031,2026-06-16 13:47:39+05:30,3148.8,1,3132.52,2592911,131351.0,197878.0,3163.0,3163.0,3108.0,3134.3,32011000,3447.7,2820.9,3839.9,2896.0,3148.6,2,2,3148.4,159,1,3148.2,1,1,3148.1,7,1,3148.0,45,2,3149.0,8,1,3149.1,2,1,3149.2,80,2,3149.3,1,1,3149.4,38,1
2031,2026-06-16 13:47:40+05:30,3149.0,7,3132.52,2592918,131400.0,197837.0,3163.0,3163.0,3108.0,3134.3,32011000,3447.7,2820.9,3839.9,2896.0,3148.6,16,2,3148.4,159,1,3148.2,1,1,3148.1,7,1,3148.0,45,2,3149.0,6,3,3149.1,2,1,3149.2,42,1,3149.3,39,2,3149.5,41,2
2031,2026-06-16 13:47:40+05:30,3149.0,7,3132.52,2592918,131400.0,197837.0,3163.0,3163.0,3108.0,3134.3,32008000,3447.7,2820.9,3839.9,2896.0,3148.6,16,2,3148.4,159,1,3148.2,1,1,3148.1,7,1,3148.0,45,2,3149.0,6,3,3149.1,2,1,3149.2,42,1,3149.3,39,2,3149.5,41,2
2031,2026-06-16 13:47:40+05:30,3149.0,1,3132.52,2592918,131400.0,197837.0,3163.0,3163.0,3108.0,3134.3,32008000,3447.7,2820.9,3839.9,2896.0,3148.6,16,2,3148.4,159,1,3148.2,1,1,3148.1,7,1,3148.0,45,2,3149.0,6,3,3149.1,2,1,3149.2,42,1,3149.3,39,2,3149.5,41,2
2031,2026-06-16 13:47:41+05:30,3149.0,1,3132.52,2592919,132022.0,197809.0,3163.0,3163.0,3108.0,3134.3,32008000,3447.7,2820.9,3839.9,2896.0,3148.6,16,2,3148.4,159,1,3148.2,1,1,3148.1,7,1,3148.0,45,2,3149.0,5,2,3149.1,2,1,3149.2,42,1,3149.3,39,2,3149.5,32,1
2031,2026-06-16 13:47:42+05:30,3149.0,1,3132.52,2592919,131977.0,197857.0,3163.0,3163.0,3108.0,3134.3,32008000,3447.7,2820.9,3839.9,2896.0,3148.6,16,2,3148.4,159,1,3148.2,1,1,3148.1,7,1,3148.0,45,2,3149.0,40,5,3149.1,2,1,3149.3,39,2,3149.4,59,1,3149.5,42,2
2031,2026-06-16 13:47:43+05:30,3149.0,2,3132.52,2593169,131212.0,197836.0,3163.0,3163.0,3108.0,3134.3,32008000,3447.7,2820.9,3839.9,2896.0,3148.4,106,1,3148.2,1,1,3148.1,7,1,3147.9,44,3,3147.8,14,1,3149.0,62,6,3149.1,2,1,3149.2,6,1,3149.3,48,2,3149.4,59,1
2031,2026-06-16 13:47:43+05:30,3149.0,8,3132.52,2593169,131212.0,197836.0,3163.0,3163.0,3108.0,3134.3,32008000,3447.7,2820.9,3839.9,2896.0,3148.4,106,1,3148.2,1,1,3148.1,7,1,3147.9,44,3,3147.8,14,1,3149.0,62,6,3149.1,2,1,3149.2,6,1,3149.3,48,2,3149.4,59,1
2031,2026-06-16 13:47:44+05:30,3148.4,50,3132.52,2593240,131407.0,198008.0,3163.0,3163.0,3108.0,3134.3,32008000,3447.7,2820.9,3839.9,2896.0,3148.4,56,1,3148.2,1,1,3148.1,7,1,3147.9,44,3,3147.8,14,1,3149.0,35,2,3149.1,2,1,3149.3,42,2,3149.4,9,1,3149.5,85,2
2031,2026-06-16 13:47:44+05:30,3148.4,50,3132.52,2593240,131407.0,198008.0,3163.0,3163.0,3108.0,3134.3,32008000,3447.7,2820.9,3839.9,2896.0,3148.4,56,1,3148.2,1,1,3148.1,7,1,3147.9,44,3,3147.8,14,1,3149.0,35,2,3149.1,2,1,3149.3,42,2,3149.4,9,1,3149.5,85,2
2031,2026-06-16 13:47:45+05:30,3148.4,50,3132.52,2593240,131410.0,198001.0,3163.0,3163.0,3108.0,3134.3,32008000,3447.7,2820.9,3839.9,2896.0,3148.4,61,3,3148.2,19,2,3148.1,7,1,3147.9,44,3,3147.8,14,1,3149.0,35,2,3149.1,2,1,3149.3,80,3,3149.4,9,1,3149.5,85,2
2031,2026-06-16 13:47:46+05:30,3148.4,50,3132.52,2593240,131446.0,197858.0,3163.0,3163.0,3108.0,3134.3,32008000,3447.7,2820.9,3839.9,2896.0,3148.7,2,2,3148.4,61,3,3148.2,19,2,3148.1,7,1,3147.9,44,3,3149.0,35,2,3149.1,2,1,3149.3,42,2,3149.5,37,2,3149.6,488,4
2031,2026-06-16 13:47:46+05:30,3148.7,1,3132.52,2593240,131446.0,197858.0,3163.0,3163.0,3108.0,3134.3,32008000,3447.7,2820.9,3839.9,2896.0,3148.7,2,2,3148.4,61,3,3148.2,19,2,3148.1,7,1,3147.9,44,3,3149.0,35,2,3149.1,2,1,3149.3,42,2,3149.5,37,2,3149.6,488,4
2031,2026-06-16 13:47:47+05:30,3148.5,1,3132.52,2593246,131290.0,197672.0,3163.0,3163.0,3108.0,3134.3,32008000,3447.7,2820.9,3839.9,2896.0,3148.4,61,3,3148.2,19,2,3148.1,45,2,3148.0,2,1,3147.9,57,4,3148.5,1,1,3149.0,67,3,3149.1,2,1,3149.4,41,1,3149.5,9,1
2031,2026-06-16 13:47:47+05:30,3148.4,2,3132.52,2593246,131290.0,197672.0,3163.0,3163.0,3108.0,3134.3,32008000,3447.7,2820.9,3839.9,2896.0,3148.4,61,3,3148.2,19,2,3148.1,45,2,3148.0,2,1,3147.9,57,4,3148.5,1,1,3149.0,67,3,3149.1,2,1,3149.4,41,1,3149.5,9,1
2031,2026-06-16 13:47:48+05:30,3148.4,2,3132.52,2593248,131278.0,197782.0,3163.0,3163.0,3108.0,3134.3,32008000,3447.7,2820.9,3839.9,2896.0,3148.4,59,3,3148.2,19,2,3148.1,7,1,3148.0,2,1,3147.9,57,4,3148.5,2,2,3149.0,47,3,3149.1,2,1,3149.4,41,1,3149.5,72,2
2031,2026-06-16 13:47:48+05:30,3148.5,2,3132.52,2593248,131278.0,197782.0,3163.0,3163.0,3108.0,3134.3,32008000,3447.7,2820.9,3839.9,2896.0,3148.4,59,3,3148.2,19,2,3148.1,7,1,3148.0,2,1,3147.9,57,4,3148.5,2,2,3149.0,47,3,3149.1,2,1,3149.4,41,1,3149.5,72,2
2031,2026-06-16 13:47:49+05:30,3148.5,1,3132.52,2593253,131312.0,198114.0,3163.0,3163.0,3108.0,3134.3,32008000,3447.7,2820.9,3839.9,2896.0,3148.5,13,1,3148.4,59,3,3148.2,1,1,3148.1,7,1,3147.9,44,3,3149.0,47,3,3149.1,43,2,3149.4,79,2,3149.5,72,2,3149.6,530,7
2031,2026-06-16 13:47:49+05:30,3149.0,1,3132.52,2593253,131312.0,198114.0,3163.0,3163.0,3108.0,3134.3,32008000,3447.7,2820.9,3839.9,2896.0,3148.5,13,1,3148.4,59,3,3148.2,1,1,3148.1,7,1,3147.9,44,3,3149.0,47,3,3149.1,43,2,3149.4,79,2,3149.5,72,2,3149.6,530,7
2031,2026-06-16 13:47:50+05:30,3149.0,1,3132.52,2593254,131320.0,198060.0,3163.0,3163.0,3108.0,3134.3,32008000,3447.7,2820.9,3839.9,2896.0,3148.6,15,1,3148.5,2,2,3148.4,59,3,3148.2,1,1,3148.1,7,1,3149.0,69,4,3149.1,43,2,3149.4,79,2,3149.5,72,2,3149.6,502,6
2031,2026-06-16 13:47:51+05:30,3149.0,1,3132.52,2593254,131317.0,198062.0,3163.0,3163.0,3108.0,3134.3,32008000,3447.7,2820.9,3839.9,2896.0,3148.6,16,2,3148.5,2,2,3148.4,59,3,3148.2,1,1,3148.1,7,1,3149.0,69,4,3149.1,43,2,3149.4,79,2,3149.5,72,2,3149.6,502,6
2031,2026-06-16 13:47:51+05:30,3148.9,11,3132.52,2593254,131317.0,198062.0,3163.0,3163.0,3108.0,3134.3,32008000,3447.7,2820.9,3839.9,2896.0,3148.6,16,2,3148.5,2,2,3148.4,59,3,3148.2,1,1,3148.1,7,1,3149.0,69,4,3149.1,43,2,3149.4,79,2,3149.5,72,2,3149.6,502,6
2031,2026-06-16 13:47:52+05:30,3148.9,11,3132.52,2593306,131210.0,197886.0,3163.0,3163.0,3108.0,3134.3,32008000,3447.7,2820.9,3839.9,2896.0,3148.6,6,1,3148.5,2,2,3148.4,59,3,3148.2,18,2,3148.1,7,1,3148.9,37,2,3149.0,92,6,3149.1,2,1,3149.3,6,1,3149.4,120,3
2031,2026-06-16 13:47:52+05:30,3149.0,4,3132.52,2593306,131210.0,197886.0,3163.0,3163.0,3108.0,3134.3,32008000,3447.7,2820.9,3839.9,2896.0,3148.6,6,1,3148.5,2,2,3148.4,59,3,3148.2,18,2,3148.1,7,1,3148.9,37,2,3149.0,92,6,3149.1,2,1,3149.3,6,1,3149.4,120,3
2031,2026-06-16 13:47:53+05:30,3149.0,4,3132.52,2593335,132217.0,198040.0,3163.0,3163.0,3108.0,3134.3,32008000,3447.7,2820.9,3839.9,2896.0,3148.8,17,1,3148.5,2,2,3148.4,59,3,3148.3,3,1,3148.2,14,2,3148.9,23,1,3149.0,104,4,3149.1,18,2,3149.2,38,1,3149.3,26,1
2031,2026-06-16 13:47:53+05:30,3148.8,1,3132.52,2593335,132217.0,198040.0,3163.0,3163.0,3108.0,3134.3,32008000,3447.7,2820.9,3839.9,2896.0,3148.8,17,1,3148.5,2,2,3148.4,59,3,3148.3,3,1,3148.2,14,2,3148.9,23,1,3149.0,104,4,3149.1,18,2,3149.2,38,1,3149.3,26,1
2031,2026-06-16 13:47:54+05:30,3148.8,1,3132.52,2593562,131024.0,198428.0,3163.0,3163.0,3108.0,3134.3,32008000,3447.7,2820.9,3839.9,2896.0,3148.5,10,1,3148.4,59,3,3148.2,14,2,3148.1,7,1,3147.9,2,2,3148.8,10,1,3148.9,306,6,3149.0,63,5,3149.1,44,3,3149.2,38,1
2031,2026-06-16 13:47:54+05:30,3148.7,1,3132.52,2593562,131024.0,198428.0,3163.0,3163.0,3108.0,3134.3,32008000,3447.7,2820.9,3839.9,2896.0,3148.5,10,1,3148.4,59,3,3148.2,14,2,3148.1,7,1,3147.9,2,2,3148.8,10,1,3148.9,306,6,3149.0,63,5,3149.1,44,3,3149.2,38,1
2031,2026-06-16 13:47:55+05:30,3148.7,1,3132.52,2593764,130411.0,198827.0,3163.0,3163.0,3108.0,3134.3,32008000,3447.7,2820.9,3839.9,2896.0,3148.2,6,2,3148.1,7,1,3147.9,2,2,3147.7,1,1,3147.5,62,2,3148.7,101,6,3148.8,50,5,3148.9,269,5,3149.0,116,6,3149.1,74,3
2031,2026-06-16 13:47:56+05:30,3148.2,4,3132.52,2593808,130282.0,199234.0,3163.0,3163.0,3108.0,3134.3,32008000,3447.7,2820.9,3839.9,2896.0,3148.1,7,1,3147.9,2,2,3147.7,1,1,3147.4,15,1,3147.3,34,2,3148.5,108,7,3148.6,52,4,3148.7,107,6,3148.8,154,7,3148.9,221,2
2031,2026-06-16 13:47:56+05:30,3148.1,19,3132.52,2593808,130282.0,199234.0,3163.0,3163.0,3108.0,3134.3,32008000,3447.7,2820.9,3839.9,2896.0,3148.1,7,1,3147.9,2,2,3147.7,1,1,3147.4,15,1,3147.3,34,2,3148.5,108,7,3148.6,52,4,3148.7,107,6,3148.8,154,7,3148.9,221,2
2031,2026-06-16 13:47:57+05:30,3148.1,19,3132.52,2593865,129792.0,200163.0,3163.0,3163.0,3108.0,3134.3,32008000,3447.7,2820.9,3839.9,2896.0,3147.9,2,2,3147.7,1,1,3147.4,15,1,3147.3,13,1,3147.1,21,1,3148.4,67,5,3148.5,119,8,3148.6,543,8,3148.7,81,5,3148.8,175,5
2031,2026-06-16 13:47:58+05:30,3148.1,19,3132.52,2593865,129830.0,200395.0,3163.0,3163.0,3108.0,3134.3,32008000,3447.7,2820.9,3839.9,2896.0,3147.9,2,2,3147.8,17,1,3147.7,1,1,3147.3,13,1,3147.1,21,1,3148.3,11,1,3148.4,78,6,3148.5,119,8,3148.6,543,8,3148.7,71,4
2031,2026-06-16 13:47:58+05:30,3148.3,5,3132.52,2593865,129830.0,200395.0,3163.0,3163.0,3108.0,3134.3,32008000,3447.7,2820.9,3839.9,2896.0,3147.9,2,2,3147.8,17,1,3147.7,1,1,3147.3,13,1,3147.1,21,1,3148.3,11,1,3148.4,78,6,3148.5,119,8,3148.6,543,8,3148.7,71,4
2031,2026-06-16 13:47:59+05:30,3148.3,5,3132.52,2593870,129871.0,200390.0,3163.0,3163.0,3108.0,3134.3,32008000,3447.7,2820.9,3839.9,2896.0,3147.9,2,2,3147.8,17,1,3147.7,1,1,3147.3,13,1,3147.1,21,1,3148.3,6,1,3148.4,78,6,3148.5,119,8,3148.6,543,8,3148.7,71,4
2031,2026-06-16 13:48:00+05:30,3148.3,1,3132.52,2593872,129911.0,200296.0,3163.0,3163.0,3108.0,3134.3,32008000,3447.7,2820.9,3839.9,2896.0,3148.0,7,2,3147.9,2,2,3147.8,17,1,3147.7,1,1,3147.3,13,1,3148.3,48,4,3148.4,51,5,3148.5,78,7,3148.6,501,7,3148.7,71,4
2031,2026-06-16 13:48:00+05:30,3148.2,1,3132.52,2593872,129911.0,200296.0,3163.0,3163.0,3108.0,3134.3,32008000,3447.7,2820.9,3839.9,2896.0,3148.0,7,2,3147.9,2,2,3147.8,17,1,3147.7,1,1,3147.3,13,1,3148.3,48,4,3148.4,51,5,3148.5,78,7,3148.6,501,7,3148.7,71,4
2031,2026-06-16 13:48:01+05:30,3148.2,1,3132.52,2593876,129993.0,200338.0,3163.0,3163.0,3108.0,3134.3,32008000,3447.7,2820.9,3839.9,2896.0,3148.0,7,2,3147.9,2,2,3147.8,17,1,3147.7,1,1,3147.3,13,1,3148.2,11,1,3148.3,73,5,3148.4,98,7,3148.5,62,6,3148.6,523,6
2031,2026-06-16 13:48:02+05:30,3148.2,3,3132.52,2593879,130056.0,200225.0,3163.0,3163.0,3108.0,3134.3,32008000,3447.7,2820.9,3839.9,2896.0,3148.0,23,3,3147.9,2,2,3147.7,1,1,3147.3,13,1,3147.1,21,1,3148.2,5,1,3148.3,16,3,3148.4,24,4,3148.5,93,5,3148.6,474,5
2031,2026-06-16 13:48:02+05:30,3148.2,3,3132.52,2593879,130056.0,200225.0,3163.0,3163.0,3108.0,3134.3,32008000,3447.7,2820.9,3839.9,2896.0,3148.0,23,3,3147.9,2,2,3147.7,1,1,3147.3,13,1,3147.1,21,1,3148.2,5,1,3148.3,16,3,3148.4,24,4,3148.5,93,5,3148.6,474,5
2031,2026-06-16 13:48:03+05:30,3148.2,3,3132.52,2593879,130050.0,200250.0,3163.0,3163.0,3108.0,3134.3,32008000,3447.7,2820.9,3839.9,2896.0,3148.0,23,3,3147.9,2,2,3147.7,1,1,3147.3,13,1,3147.1,21,1,3148.2,30,4,3148.3,16,3,3148.4,24,4,3148.5,131,6,3148.6,474,5
2031,2026-06-16 13:48:03+05:30,3148.0,3,3132.52,2593879,130050.0,200250.0,3163.0,3163.0,3108.0,3134.3,32008000,3447.7,2820.9,3839.9,2896.0,3148.0,23,3,3147.9,2,2,3147.7,1,1,3147.3,13,1,3147.1,21,1,3148.2,30,4,3148.3,16,3,3148.4,24,4,3148.5,131,6,3148.6,474,5
2031,2026-06-16 13:48:04+05:30,3148.0,6,3132.52,2594128,129857.0,199521.0,3163.0,3163.0,3108.0,3134.3,32008000,3447.7,2820.9,3839.9,2896.0,3148.0,3,1,3147.7,1,1,3147.3,13,1,3147.1,21,1,3147.0,31,3,3148.1,54,3,3148.2,102,8,3148.3,41,4,3148.4,72,4,3148.5,140,7
2031,2026-06-16 13:48:04+05:30,3148.0,3,3132.52,2594128,129857.0,199521.0,3163.0,3163.0,3108.0,3134.3,32008000,3447.7,2820.9,3839.9,2896.0,3148.0,3,1,3147.7,1,1,3147.3,13,1,3147.1,21,1,3147.0,31,3,3148.1,54,3,3148.2,102,8,3148.3,41,4,3148.4,72,4,3148.5,140,7
2031,2026-06-16 13:48:05+05:30,3148.1,1,3132.52,2594235,129326.0,199054.0,3163.0,3163.0,3108.0,3134.3,32008000,3447.7,2820.9,3839.9,2896.0,3148.0,18,2,3147.7,1,1,3147.3,13,1,3147.1,21,1,3147.0,47,5,3148.1,6,2,3148.2,35,3,3148.3,5,2,3148.4,2,2,3148.5,477,6
2031,2026-06-16 13:48:05+05:30,3148.0,6,3132.52,2594235,129326.0,199054.0,3163.0,3163.0,3108.0,3134.3,32008000,3447.7,2820.9,3839.9,2896.0,3148.0,18,2,3147.7,1,1,3147.3,13,1,3147.1,21,1,3147.0,47,5,3148.1,6,2,3148.2,35,3,3148.3,5,2,3148.4,2,2,3148.5,477,6
2031,2026-06-16 13:48:06+05:30,3147.3,55,3132.52,2594365,128588.0,200299.0,3163.0,3163.0,3108.0,3134.3,32008000,3447.7,2820.9,3839.9,2896.0,3147.0,31,3,3146.7,7,1,3146.6,25,2,3146.5,34,3,3146.4,51,2,3147.3,136,1,3148.0,24,2,3148.1,51,6,3148.2,142,6,3148.3,496,6
2031,2026-06-16 13:48:06+05:30,3147.3,1,3132.52,2594365,128588.0,200299.0,3163.0,3163.0,3108.0,3134.3,32008000,3447.7,2820.9,3839.9,2896.0,3147.0,31,3,3146.7,7,1,3146.6,25,2,3146.5,34,3,3146.4,51,2,3147.3,136,1,3148.0,24,2,3148.1,51,6,3148.2,142,6,3148.3,496,6
2031,2026-06-16 13:48:07+05:30,3146.5,37,3132.53,2594626,128423.0,200838.0,3163.0,3163.0,3108.0,3134.3,32008000,3447.7,2820.9,3839.9,2896.0,3146.5,14,1,3146.2,16,2,3146.1,29,2,3146.0,6,1,3145.9,37,4,3147.3,177,5,3147.9,37,1,3148.0,89,5,3148.1,515,5,3148.2,239,10
2031,2026-06-16 13:48:07+05:30,3146.5,37,3132.53,2594626,128423.0,200838.0,3163.0,3163.0,3108.0,3134.3,32008000,3447.7,2820.9,3839.9,2896.0,3146.5,14,1,3146.2,16,2,3146.1,29,2,3146.0,6,1,3145.9,37,4,3147.3,177,5,3147.9,37,1,3148.0,89,5,3148.1,515,5,3148.2,239,10
2031,2026-06-16 13:48:08+05:30,3146.5,37,3132.53,2594626,128165.0,200791.0,3163.0,3163.0,3108.0,3134.3,32008000,3447.7,2820.9,3839.9,2896.0,3146.5,14,1,3146.2,76,5,3146.1,45,4,3146.0,19,2,3145.9,68,4,3146.9,1,1,3147.3,177,5,3147.8,47,1,3147.9,39,2,3148.0,78,3
2031,2026-06-16 13:48:08+05:30,3146.9,1,3132.53,2594626,128165.0,200791.0,3163.0,3163.0,3108.0,3134.3,32008000,3447.7,2820.9,3839.9,2896.0,3146.5,14,1,3146.2,76,5,3146.1,45,4,3146.0,19,2,3145.9,68,4,3146.9,1,1,3147.3,177,5,3147.8,47,1,3147.9,39,2,3148.0,78,3
2031,2026-06-16 13:48:09+05:30,3146.9,1,3132.53,2594627,128263.0,201352.0,3163.0,3163.0,3108.0,3134.3,32008000,3447.7,2820.9,3839.9,2896.0,3146.5,31,4,3146.4,20,2,3146.2,63,4,3146.1,58,5,3146.0,19,2,3147.0,7,1,3147.3,177,5,3147.8,72,2,3147.9,2,1,3148.0,138,5
2031,2026-06-16 13:48:09+05:30,3147.3,15,3132.53,2594627,128263.0,201352.0,3163.0,3163.0,3108.0,3134.3,32008000,3447.7,2820.9,3839.9,2896.0,3146.5,31,4,3146.4,20,2,3146.2,63,4,3146.1,58,5,3146.0,19,2,3147.0,7,1,3147.3,177,5,3147.8,72,2,3147.9,2,1,3148.0,138,5
2031,2026-06-16 13:48:10+05:30,3147.3,15,3132.53,2594649,128523.0,200218.0,3163.0,3163.0,3108.0,3134.3,32008000,3447.7,2820.9,3839.9,2896.0,3146.6,46,6,3146.5,116,6,3146.4,40,3,3146.3,5,2,3146.2,70,5,3147.0,46,3,3147.3,144,3,3148.0,112,3,3148.1,505,4,3148.2,199,8
2031,2026-06-16 13:48:10+05:30,3147.0,1,3132.53,2594649,128523.0,200218.0,3163.0,3163.0,3108.0,3134.3,32008000,3447.7,2820.9,3839.9,2896.0,3146.6,46,6,3146.5,116,6,3146.4,40,3,3146.3,5,2,3146.2,70,5,3147.0,46,3,3147.3,144,3,3148.0,112,3,3148.1,505,4,3148.2,199,8
2031,2026-06-16 13:48:11+05:30,3147.0,1,3132.53,2594650,128557.0,200159.0,3163.0,3163.0,3108.0,3134.3,32008000,3447.7,2820.9,3839.9,2896.0,3146.6,43,5,3146.5,132,7,3146.4,53,4,3146.3,5,2,3146.2,70,5,3147.0,45,2,3147.3,144,3,3148.0,112,3,3148.1,505,4,3148.2,199,8
2031,2026-06-16 13:48:11+05:30,3147.0,11,3132.53,2594650,128557.0,200159.0,3163.0,3163.0,3108.0,3134.3,32008000,3447.7,2820.9,3839.9,2896.0,3146.6,43,5,3146.5,132,7,3146.4,53,4,3146.3,5,2,3146.2,70,5,3147.0,45,2,3147.3,144,3,3148.0,112,3,3148.1,505,4,3148.2,199,8
2031,2026-06-16 13:48:12+05:30,3147.0,11,3132.53,2594661,128570.0,200121.0,3163.0,3163.0,3108.0,3134.3,32008000,3447.7,2820.9,3839.9,2896.0,3146.7,11,1,3146.6,43,5,3146.5,145,8,3146.4,40,3,3146.3,5,2,3147.0,26,1,3147.3,144,3,3148.0,102,2,3148.1,505,4,3148.2,234,9
2031,2026-06-16 13:48:13+05:30,3147.0,1,3132.53,2594662,128584.0,199991.0,3163.0,3163.0,3108.0,3134.3,32008000,3447.7,2820.9,3839.9,2896.0,3146.7,11,1,3146.6,56,6,3146.5,119,7,3146.4,40,3,3146.3,5,2,3147.0,25,1,3147.3,144,3,3148.0,112,3,3148.1,505,4,3148.2,234,9
2031,2026-06-16 13:48:13+05:30,3147.0,1,3132.53,2594662,128584.0,199991.0,3163.0,3163.0,3108.0,3134.3,32008000,3447.7,2820.9,3839.9,2896.0,3146.7,11,1,3146.6,56,6,3146.5,119,7,3146.4,40,3,3146.3,5,2,3147.0,25,1,3147.3,144,3,3148.0,112,3,3148.1,505,4,3148.2,234,9
2031,2026-06-16 13:48:14+05:30,3147.0,1,3132.53,2594662,128592.0,200837.0,3163.0,3163.0,3108.0,3134.3,32008000,3447.7,2820.9,3839.9,2896.0,3146.7,32,4,3146.6,40,4,3146.5,109,7,3146.4,60,5,3146.3,5,2,3147.0,113,5,3147.3,120,1,3148.0,125,3,3148.1,505,4,3148.2,152,5
2031,2026-06-16 13:48:14+05:30,3147.0,2,3132.53,2594662,128592.0,200837.0,3163.0,3163.0,3108.0,3134.3,32008000,3447.7,2820.9,3839.9,2896.0,3146.7,32,4,3146.6,40,4,3146.5,109,7,3146.4,60,5,3146.3,5,2,3147.0,113,5,3147.3,120,1,3148.0,125,3,3148.1,505,4,3148.2,152,5
2031,2026-06-16 13:48:15+05:30,3147.0,2,3132.53,2594666,128634.0,200866.0,3163.0,3163.0,3108.0,3134.3,32008000,3447.7,2820.9,3839.9,2896.0,3146.7,28,4,3146.6,53,5,3146.5,118,7,3146.4,53,4,3146.3,3,1,3147.0,170,7,3147.3,120,1,3148.0,125,3,3148.1,507,5,3148.2,152,5
2031,2026-06-16 13:48:16+05:30,3146.9,1,3132.53,2594672,128636.0,200652.0,3163.0,3163.0,3108.0,3134.3,32008000,3447.7,2820.9,3839.9,2896.0,3146.8,10,1,3146.7,56,8,3146.6,30,3,3146.5,96,5,3146.4,60,5,3146.9,115,1,3147.0,169,7,3148.0,125,3,3148.1,507,5,3148.2,152,5
2031,2026-06-16 13:48:16+05:30,3146.9,115,3132.53,2594672,128636.0,200652.0,3163.0,3163.0,3108.0,3134.3,32008000,3447.7,2820.9,3839.9,2896.0,3146.8,10,1,3146.7,56,8,3146.6,30,3,3146.5,96,5,3146.4,60,5,3146.9,115,1,3147.0,169,7,3148.0,125,3,3148.1,507,5,3148.2,152,5
2031,2026-06-16 13:48:17+05:30,3146.9,115,3132.53,2594797,128754.0,200494.0,3163.0,3163.0,3108.0,3134.3,32008000,3447.7,2820.9,3839.9,2896.0,3146.8,25,3,3146.7,42,5,3146.6,48,5,3146.5,98,6,3146.4,60,5,3146.9,29,1,3147.0,126,5,3148.0,125,3,3148.1,505,4,3148.2,115,4
2031,2026-06-16 13:48:18+05:30,3146.9,115,3132.53,2594797,128761.0,200336.0,3163.0,3163.0,3108.0,3134.3,32008000,3447.7,2820.9,3839.9,2896.0,3146.8,25,3,3146.7,58,6,3146.6,48,5,3146.5,81,4,3146.4,62,6,3146.9,29,1,3147.0,126,5,3148.0,125,3,3148.1,505,4,3148.2,115,4
2031,2026-06-16 13:48:18+05:30,3146.8,1,3132.53,2594797,128761.0,200336.0,3163.0,3163.0,3108.0,3134.3,32008000,3447.7,2820.9,3839.9,2896.0,3146.8,25,3,3146.7,58,6,3146.6,48,5,3146.5,81,4,3146.4,62,6,3146.9,29,1,3147.0,126,5,3148.0,125,3,3148.1,505,4,3148.2,115,4
2031,2026-06-16 13:48:18+05:30,3146.8,1,3132.53,2594997,128745.0,200049.0,3163.0,3163.0,3108.0,3134.3,32008000,3447.7,2820.9,3839.9,2896.0,3146.7,46,7,3146.6,22,3,3146.5,81,4,3146.4,60,5,3146.2,72,6,3146.9,29,1,3147.0,126,5,3148.0,145,4,3148.1,505,4,3148.2,115,4
2031,2026-06-16 13:48:20+05:30,3146.9,12,3132.53,2595010,128878.0,200051.0,3163.0,3163.0,3108.0,3134.3,32008000,3447.7,2820.9,3839.9,2896.0,3146.8,10,1,3146.7,91,8,3146.6,22,3,3146.5,81,4,3146.4,60,5,3146.9,16,1,3147.0,126,5,3147.9,10,1,3148.0,145,4,3148.1,505,4
2031,2026-06-16 13:48:20+05:30,3147.0,38,3132.53,2595010,128878.0,200051.0,3163.0,3163.0,3108.0,3134.3,32008000,3447.7,2820.9,3839.9,2896.0,3146.8,10,1,3146.7,91,8,3146.6,22,3,3146.5,81,4,3146.4,60,5,3146.9,16,1,3147.0,126,5,3147.9,10,1,3148.0,145,4,3148.1,505,4
2031,2026-06-16 13:48:21+05:30,3148.0,1,3132.53,2595167,130097.0,198879.0,3163.0,3163.0,3108.0,3134.3,32008000,3447.7,2820.9,3839.9,2896.0,3147.1,10,1,3147.0,68,7,3146.9,34,3,3146.8,98,8,3146.7,164,9,3148.0,72,2,3148.1,400,2,3148.2,35,1,3148.5,225,2,3148.6,464,4
2031,2026-06-16 13:48:21+05:30,3148.0,1,3132.53,2595167,130097.0,198879.0,3163.0,3163.0,3108.0,3134.3,32008000,3447.7,2820.9,3839.9,2896.0,3147.1,10,1,3147.0,68,7,3146.9,34,3,3146.8,98,8,3146.7,164,9,3148.0,72,2,3148.1,400,2,3148.2,35,1,3148.5,225,2,3148.6,464,4
2031,2026-06-16 13:48:21+05:30,3148.0,1,3132.53,2595167,130097.0,198879.0,3163.0,3163.0,3108.0,3134.3,32008000,3447.7,2820.9,3839.9,2896.0,3147.1,10,1,3147.0,68,7,3146.9,34,3,3146.8,98,8,3146.7,164,9,3148.0,72,2,3148.1,400,2,3148.2,35,1,3148.5,225,2,3148.6,464,4
2031,2026-06-16 13:48:22+05:30,3148.0,1,3132.53,2595167,130158.0,198961.0,3163.0,3163.0,3108.0,3134.3,32008000,3447.7,2820.9,3839.9,2896.0,3147.2,15,1,3147.1,46,4,3147.0,67,6,3146.9,58,4,3146.8,98,8,3148.0,72,2,3148.1,400,2,3148.2,35,1,3148.5,200,1,3148.6,444,3
2031,2026-06-16 13:48:23+05:30,3148.0,1,3132.53,2595167,130158.0,198961.0,3163.0,3163.0,3108.0,3134.3,32008000,3447.7,2820.9,3839.9,2896.0,3147.2,15,1,3147.1,46,4,3147.0,67,6,3146.9,58,4,3146.8,98,8,3148.0,72,2,3148.1,400,2,3148.2,35,1,3148.5,200,1,3148.6,444,3
2031,2026-06-16 13:48:23+05:30,3148.0,1,3132.53,2595167,130174.0,198991.0,3163.0,3163.0,3108.0,3134.3,32008000,3447.7,2820.9,3839.9,2896.0,3147.2,15,1,3147.1,46,4,3147.0,83,7,3146.9,58,4,3146.8,98,8,3148.0,97,3,3148.1,400,2,3148.2,35,1,3148.5,200,1,3148.6,444,3
2031,2026-06-16 13:48:23+05:30,3147.4,15,3132.53,2595167,130174.0,198991.0,3163.0,3163.0,3108.0,3134.3,32008000,3447.7,2820.9,3839.9,2896.0,3147.2,15,1,3147.1,46,4,3147.0,83,7,3146.9,58,4,3146.8,98,8,3148.0,97,3,3148.1,400,2,3148.2,35,1,3148.5,200,1,3148.6,444,3
2031,2026-06-16 13:48:24+05:30,3147.4,15,3132.53,2595183,130817.0,199167.0,3163.0,3163.0,3108.0,3134.3,32008000,3447.7,2820.9,3839.9,2896.0,3147.4,10,1,3147.3,10,1,3147.2,120,7,3147.1,64,5,3147.0,64,8,3148.0,136,5,3148.2,35,1,3148.5,400,2,3148.8,65,2,3148.9,214,2
2031,2026-06-16 13:48:25+05:30,3147.4,15,3132.53,2595183,130817.0,199167.0,3163.0,3163.0,3108.0,3134.3,32008000,3447.7,2820.9,3839.9,2896.0,3147.4,10,1,3147.3,10,1,3147.2,120,7,3147.1,64,5,3147.0,64,8,3148.0,136,5,3148.2,35,1,3148.5,400,2,3148.8,65,2,3148.9,214,2
2031,2026-06-16 13:48:25+05:30,3148.0,9,3132.53,2595205,130855.0,198915.0,3163.0,3163.0,3108.0,3134.3,32008000,3447.7,2820.9,3839.9,2896.0,3147.4,35,3,3147.3,23,2,3147.2,120,7,3147.1,64,5,3147.0,54,7,3148.0,114,5,3148.2,35,1,3148.5,400,2,3148.8,65,2,3148.9,214,2
2031,2026-06-16 13:48:25+05:30,3148.0,9,3132.53,2595205,130855.0,198915.0,3163.0,3163.0,3108.0,3134.3,32008000,3447.7,2820.9,3839.9,2896.0,3147.4,35,3,3147.3,23,2,3147.2,120,7,3147.1,64,5,3147.0,54,7,3148.0,114,5,3148.2,35,1,3148.5,400,2,3148.8,65,2,3148.9,214,2
2031,2026-06-16 13:48:26+05:30,3148.0,1,3132.53,2595256,130849.0,199064.0,3163.0,3163.0,3108.0,3134.3,32008000,3447.7,2820.9,3839.9,2896.0,3147.4,51,4,3147.3,23,2,3147.2,140,7,3147.1,64,5,3147.0,70,8,3148.0,63,3,3148.2,35,1,3148.5,400,2,3148.8,75,3,3148.9,214,2
2031,2026-06-16 13:48:26+05:30,3147.5,1,3132.53,2595256,130849.0,199064.0,3163.0,3163.0,3108.0,3134.3,32008000,3447.7,2820.9,3839.9,2896.0,3147.4,51,4,3147.3,23,2,3147.2,140,7,3147.1,64,5,3147.0,70,8,3148.0,63,3,3148.2,35,1,3148.5,400,2,3148.8,75,3,3148.9,214,2
2031,2026-06-16 13:48:27+05:30,3147.2,6,3132.53,2595460,129605.0,199202.0,3163.0,3163.0,3108.0,3134.3,32008000,3447.7,2820.9,3839.9,2896.0,3147.1,16,2,3147.0,34,4,3146.8,2,1,3146.7,23,2,3146.6,4,2,3147.5,1,1,3148.0,87,4,3148.1,35,1,3148.2,35,1,3148.3,61,2
2031,2026-06-16 13:48:27+05:30,3147.2,6,3132.53,2595460,129605.0,199202.0,3163.0,3163.0,3108.0,3134.3,32008000,3447.7,2820.9,3839.9,2896.0,3147.1,16,2,3147.0,34,4,3146.8,2,1,3146.7,23,2,3146.6,4,2,3147.5,1,1,3148.0,87,4,3148.1,35,1,3148.2,35,1,3148.3,61,2
2031,2026-06-16 13:48:27+05:30,3147.2,6,3132.53,2595460,129605.0,199202.0,3163.0,3163.0,3108.0,3134.3,32008000,3447.7,2820.9,3839.9,2896.0,3147.1,16,2,3147.0,34,4,3146.8,2,1,3146.7,23,2,3146.6,4,2,3147.5,1,1,3148.0,87,4,3148.1,35,1,3148.2,35,1,3148.3,61,2
2031,2026-06-16 13:48:28+05:30,3147.2,6,3132.53,2595460,129697.0,199245.0,3163.0,3163.0,3108.0,3134.3,32008000,3447.7,2820.9,3839.9,2896.0,3147.2,17,1,3147.1,16,2,3147.0,34,4,3146.8,2,1,3146.7,67,3,3147.5,1,1,3148.0,87,4,3148.2,35,1,3148.3,61,2,3148.4,53,2
2031,2026-06-16 13:48:29+05:30,3147.2,6,3132.53,2595460,129711.0,199064.0,3163.0,3163.0,3108.0,3134.3,32008000,3447.7,2820.9,3839.9,2896.0,3147.2,17,1,3147.1,16,2,3147.0,34,4,3146.8,15,2,3146.7,25,3,3147.5,8,4,3148.0,64,3,3148.2,35,1,3148.4,53,2,3148.5,560,6
2031,2026-06-16 13:48:29+05:30,3147.2,6,3132.53,2595460,129711.0,199064.0,3163.0,3163.0,3108.0,3134.3,32008000,3447.7,2820.9,3839.9,2896.0,3147.2,17,1,3147.1,16,2,3147.0,34,4,3146.8,15,2,3146.7,25,3,3147.5,8,4,3148.0,64,3,3148.2,35,1,3148.4,53,2,3148.5,560,6
2031,2026-06-16 13:48:30+05:30,3147.2,6,3132.53,2595460,129808.0,199064.0,3163.0,3163.0,3108.0,3134.3,32008000,3447.7,2820.9,3839.9,2896.0,3147.2,24,3,3147.1,16,2,3147.0,34,4,3146.8,15,2,3146.7,67,3,3147.4,2,2,3147.5,11,5,3148.0,63,2,3148.2,35,1,3148.4,53,2
2031,2026-06-16 13:48:30+05:30,3148.0,10,3132.53,2595460,129808.0,199064.0,3163.0,3163.0,3108.0,3134.3,32008000,3447.7,2820.9,3839.9,2896.0,3147.2,24,3,3147.1,16,2,3147.0,34,4,3146.8,15,2,3146.7,67,3,3147.4,2,2,3147.5,11,5,3148.0,63,2,3148.2,35,1,3148.4,53,2
2031,2026-06-16 13:48:30+05:30,3148.0,10,3132.53,2595460,129808.0,199064.0,3163.0,3163.0,3108.0,3134.3,32008000,3447.7,2820.9,3839.9,2896.0,3147.2,24,3,3147.1,16,2,3147.0,34,4,3146.8,15,2,3146.7,67,3,3147.4,2,2,3147.5,11,5,3148.0,63,2,3148.2,35,1,3148.4,53,2
2031,2026-06-16 13:48:31+05:30,3148.0,10,3132.53,2595488,129926.0,198835.0,3163.0,3163.0,3108.0,3134.3,32008000,3447.7,2820.9,3839.9,2896.0,3147.3,19,3,3147.2,18,3,3147.1,33,3,3147.0,62,5,3146.9,15,2,3147.4,1,1,3148.0,53,2,3148.2,35,1,3148.4,45,2,3148.5,444,3
2031,2026-06-16 13:48:31+05:30,3147.4,11,3132.53,2595488,129926.0,198835.0,3163.0,3163.0,3108.0,3134.3,32008000,3447.7,2820.9,3839.9,2896.0,3147.3,19,3,3147.2,18,3,3147.1,33,3,3147.0,62,5,3146.9,15,2,3147.4,1,1,3148.0,53,2,3148.2,35,1,3148.4,45,2,3148.5,444,3
2031,2026-06-16 13:48:32+05:30,3147.4,1,3132.53,2595502,130596.0,199381.0,3163.0,3163.0,3108.0,3134.3,32008000,3447.7,2820.9,3839.9,2896.0,3147.4,5,2,3147.3,2,2,3147.2,18,3,3147.1,16,2,3147.0,34,4,3148.0,24,1,3148.2,35,1,3148.5,467,4,3148.6,106,2,3148.7,35,1
2031,2026-06-16 13:48:32+05:30,3147.4,1,3132.53,2595502,130596.0,199381.0,3163.0,3163.0,3108.0,3134.3,32008000,3447.7,2820.9,3839.9,2896.0,3147.4,5,2,3147.3,2,2,3147.2,18,3,3147.1,16,2,3147.0,34,4,3148.0,24,1,3148.2,35,1,3148.5,467,4,3148.6,106,2,3148.7,35,1
2031,2026-06-16 13:48:32+05:30,3147.4,1,3132.53,2595502,130596.0,199381.0,3163.0,3163.0,3108.0,3134.3,32008000,3447.7,2820.9,3839.9,2896.0,3147.4,5,2,3147.3,2,2,3147.2,18,3,3147.1,16,2,3147.0,34,4,3148.0,24,1,3148.2,35,1,3148.5,467,4,3148.6,106,2,3148.7,35,1
2031,2026-06-16 13:48:33+05:30,3147.4,1,3132.53,2595502,130596.0,199381.0,3163.0,3163.0,3108.0,3134.3,32008000,3447.7,2820.9,3839.9,2896.0,3147.4,5,2,3147.3,2,2,3147.2,18,3,3147.1,16,2,3147.0,34,4,3148.0,24,1,3148.2,35,1,3148.5,467,4,3148.6,106,2,3148.7,35,1
2031,2026-06-16 13:48:33+05:30,3148.0,1,3132.53,2595504,130593.0,199419.0,3163.0,3163.0,3108.0,3134.3,32008000,3447.7,2820.9,3839.9,2896.0,3147.4,15,3,3147.3,2,2,3147.2,18,3,3147.1,16,2,3147.0,34,4,3148.0,39,2,3148.2,35,1,3148.5,444,3,3148.6,106,2,3148.7,35,1
2031,2026-06-16 13:48:33+05:30,3148.0,1,3132.53,2595504,130593.0,199419.0,3163.0,3163.0,3108.0,3134.3,32008000,3447.7,2820.9,3839.9,2896.0,3147.4,15,3,3147.3,2,2,3147.2,18,3,3147.1,16,2,3147.0,34,4,3148.0,39,2,3148.2,35,1,3148.5,444,3,3148.6,106,2,3148.7,35,1
2031,2026-06-16 13:48:33+05:30,3148.0,1,3132.53,2595504,130593.0,199419.0,3163.0,3163.0,3108.0,3134.3,32008000,3447.7,2820.9,3839.9,2896.0,3147.4,15,3,3147.3,2,2,3147.2,18,3,3147.1,16,2,3147.0,34,4,3148.0,39,2,3148.2,35,1,3148.5,444,3,3148.6,106,2,3148.7,35,1
2031,2026-06-16 13:48:34+05:30,3148.0,1,3132.53,2595504,130595.0,199407.0,3163.0,3163.0,3108.0,3134.3,32008000,3447.7,2820.9,3839.9,2896.0,3147.4,15,3,3147.3,17,3,3147.2,18,3,3147.1,3,1,3147.0,34,4,3148.0,66,3,3148.2,35,1,3148.5,444,3,3148.6,106,2,3148.7,35,1
2031,2026-06-16 13:48:34+05:30,3148.0,1,3132.53,2595504,130595.0,199407.0,3163.0,3163.0,3108.0,3134.3,32008000,3447.7,2820.9,3839.9,2896.0,3147.4,15,3,3147.3,17,3,3147.2,18,3,3147.1,3,1,3147.0,34,4,3148.0,66,3,3148.2,35,1,3148.5,444,3,3148.6,106,2,3148.7,35,1
2031,2026-06-16 13:48:34+05:30,3148.0,1,3132.53,2595504,130595.0,199407.0,3163.0,3163.0,3108.0,3134.3,32008000,3447.7,2820.9,3839.9,2896.0,3147.4,15,3,3147.3,17,3,3147.2,18,3,3147.1,3,1,3147.0,34,4,3148.0,66,3,3148.2,35,1,3148.5,444,3,3148.6,106,2,3148.7,35,1
2031,2026-06-16 13:48:34+05:30,3148.0,1,3132.53,2595504,130595.0,199407.0,3163.0,3163.0,3108.0,3134.3,32008000,3447.7,2820.9,3839.9,2896.0,3147.4,15,3,3147.3,17,3,3147.2,18,3,3147.1,3,1,3147.0,34,4,3148.0,66,3,3148.2,35,1,3148.5,444,3,3148.6,106,2,3148.7,35,1
2031,2026-06-16 13:48:35+05:30,3148.0,1,3132.53,2595543,130410.0,199860.0,3163.0,3163.0,3108.0,3134.3,32008000,3447.7,2820.9,3839.9,2896.0,3147.4,13,2,3147.3,34,4,3147.2,18,3,3147.1,3,1,3147.0,17,2,3148.0,38,2,3148.2,35,1,3148.3,5,1,3148.4,73,2,3148.5,516,7
2031,2026-06-16 13:48:35+05:30,3148.0,5,3132.53,2595543,130410.0,199860.0,3163.0,3163.0,3108.0,3134.3,32008000,3447.7,2820.9,3839.9,2896.0,3147.4,13,2,3147.3,34,4,3147.2,18,3,3147.1,3,1,3147.0,17,2,3148.0,38,2,3148.2,35,1,3148.3,5,1,3148.4,73,2,3148.5,516,7
2031,2026-06-16 13:48:35+05:30,3148.0,5,3132.53,2595543,130410.0,199860.0,3163.0,3163.0,3108.0,3134.3,32008000,3447.7,2820.9,3839.9,2896.0,3147.4,13,2,3147.3,34,4,3147.2,18,3,3147.1,3,1,3147.0,17,2,3148.0,38,2,3148.2,35,1,3148.3,5,1,3148.4,73,2,3148.5,516,7
2031,2026-06-16 13:48:36+05:30,3148.0,5,3132.53,2595548,130667.0,199687.0,3163.0,3163.0,3108.0,3134.3,32008000,3447.7,2820.9,3839.9,2896.0,3147.7,2,2,3147.4,29,3,3147.3,17,1,3147.2,18,3,3147.1,3,1,3148.0,33,2,3148.2,35,1,3148.4,63,1,3148.5,517,6,3148.6,64,1
2031,2026-06-16 13:48:36+05:30,3148.0,5,3132.53,2595548,130667.0,199687.0,3163.0,3163.0,3108.0,3134.3,32008000,3447.7,2820.9,3839.9,2896.0,3147.7,2,2,3147.4,29,3,3147.3,17,1,3147.2,18,3,3147.1,3,1,3148.0,33,2,3148.2,35,1,3148.4,63,1,3148.5,517,6,3148.6,64,1
2031,2026-06-16 13:48:36+05:30,3147.7,1,3132.53,2595548,130667.0,199687.0,3163.0,3163.0,3108.0,3134.3,32008000,3447.7,2820.9,3839.9,2896.0,3147.7,2,2,3147.4,29,3,3147.3,17,1,3147.2,18,3,3147.1,3,1,3148.0,33,2,3148.2,35,1,3148.4,63,1,3148.5,517,6,3148.6,64,1
2031,2026-06-16 13:48:37+05:30,3147.5,6,3132.53,2595558,130345.0,199724.0,3163.0,3163.0,3108.0,3134.3,32008000,3447.7,2820.9,3839.9,2896.0,3147.8,11,1,3147.6,1,1,3147.4,27,3,3147.3,12,1,3147.2,7,2,3148.0,76,5,3148.2,57,2,3148.3,33,1,3148.5,517,7,3148.6,66,2
2031,2026-06-16 13:48:37+05:30,3147.5,6,3132.53,2595558,130345.0,199724.0,3163.0,3163.0,3108.0,3134.3,32008000,3447.7,2820.9,3839.9,2896.0,3147.8,11,1,3147.6,1,1,3147.4,27,3,3147.3,12,1,3147.2,7,2,3148.0,76,5,3148.2,57,2,3148.3,33,1,3148.5,517,7,3148.6,66,2
2031,2026-06-16 13:48:37+05:30,3148.0,21,3132.53,2595558,130345.0,199724.0,3163.0,3163.0,3108.0,3134.3,32008000,3447.7,2820.9,3839.9,2896.0,3147.8,11,1,3147.6,1,1,3147.4,27,3,3147.3,12,1,3147.2,7,2,3148.0,76,5,3148.2,57,2,3148.3,33,1,3148.5,517,7,3148.6,66,2
2031,2026-06-16 13:48:38+05:30,3148.0,21,3132.53,2595558,130345.0,199724.0,3163.0,3163.0,3108.0,3134.3,32008000,3447.7,2820.9,3839.9,2896.0,3147.8,11,1,3147.6,1,1,3147.4,27,3,3147.3,12,1,3147.2,7,2,3148.0,76,5,3148.2,57,2,3148.3,33,1,3148.5,517,7,3148.6,66,2
2031,2026-06-16 13:48:38+05:30,3148.0,21,3132.53,2595671,130517.0,199366.0,3163.0,3163.0,3108.0,3134.3,32008000,3447.7,2820.9,3839.9,2896.0,3147.6,1,1,3147.4,13,2,3147.3,27,2,3147.2,1,1,3147.1,3,1,3148.0,35,1,3148.2,68,2,3148.3,15,1,3148.5,561,8,3148.6,32,2
2031,2026-06-16 13:48:38+05:30,3148.0,7,3132.53,2595671,130517.0,199366.0,3163.0,3163.0,3108.0,3134.3,32008000,3447.7,2820.9,3839.9,2896.0,3147.6,1,1,3147.4,13,2,3147.3,27,2,3147.2,1,1,3147.1,3,1,3148.0,35,1,3148.2,68,2,3148.3,15,1,3148.5,561,8,3148.6,32,2
2031,2026-06-16 13:48:38+05:30,3148.0,7,3132.53,2595671,130517.0,199366.0,3163.0,3163.0,3108.0,3134.3,32008000,3447.7,2820.9,3839.9,2896.0,3147.6,1,1,3147.4,13,2,3147.3,27,2,3147.2,1,1,3147.1,3,1,3148.0,35,1,3148.2,68,2,3148.3,15,1,3148.5,561,8,3148.6,32,2
2031,2026-06-16 13:48:39+05:30,3148.0,3,3132.53,2595683,130477.0,199362.0,3163.0,3163.0,3108.0,3134.3,32008000,3447.7,2820.9,3839.9,2896.0,3147.8,5,1,3147.7,17,1,3147.6,1,1,3147.4,17,2,3147.3,12,1,3148.0,44,3,3148.2,68,2,3148.3,15,1,3148.5,532,6,3148.6,54,3
2031,2026-06-16 13:48:39+05:30,3148.0,3,3132.53,2595683,130477.0,199362.0,3163.0,3163.0,3108.0,3134.3,32008000,3447.7,2820.9,3839.9,2896.0,3147.8,5,1,3147.7,17,1,3147.6,1,1,3147.4,17,2,3147.3,12,1,3148.0,44,3,3148.2,68,2,3148.3,15,1,3148.5,532,6,3148.6,54,3
2031,2026-06-16 13:48:39+05:30,3148.0,3,3132.53,2595683,130477.0,199362.0,3163.0,3163.0,3108.0,3134.3,32008000,3447.7,2820.9,3839.9,2896.0,3147.8,5,1,3147.7,17,1,3147.6,1,1,3147.4,17,2,3147.3,12,1,3148.0,44,3,3148.2,68,2,3148.3,15,1,3148.5,532,6,3148.6,54,3
2031,2026-06-16 13:48:40+05:30,3148.0,8,3132.53,2595692,130530.0,200391.0,3163.0,3163.0,3108.0,3134.3,32008000,3447.7,2820.9,3839.9,2896.0,3147.8,21,2,3147.4,2,1,3147.3,27,2,3147.1,3,1,3147.0,16,1,3148.0,35,3,3148.2,68,2,3148.3,15,1,3148.5,532,6,3148.6,54,3
2031,2026-06-16 13:48:40+05:30,3148.0,8,3132.53,2595692,130530.0,200391.0,3163.0,3163.0,3108.0,3134.3,32006200,3447.7,2820.9,3839.9,2896.0,3147.8,21,2,3147.4,2,1,3147.3,27,2,3147.1,3,1,3147.0,16,1,3148.0,35,3,3148.2,68,2,3148.3,15,1,3148.5,532,6,3148.6,54,3
2031,2026-06-16 13:48:40+05:30,3148.0,10,3132.53,2595692,130530.0,200391.0,3163.0,3163.0,3108.0,3134.3,32006200,3447.7,2820.9,3839.9,2896.0,3147.8,21,2,3147.4,2,1,3147.3,27,2,3147.1,3,1,3147.0,16,1,3148.0,35,3,3148.2,68,2,3148.3,15,1,3148.5,532,6,3148.6,54,3
2031,2026-06-16 13:48:41+05:30,3147.8,2,3132.53,2595704,130755.0,200192.0,3163.0,3163.0,3108.0,3134.3,32006200,3447.7,2820.9,3839.9,2896.0,3147.8,19,2,3147.4,33,3,3147.3,12,1,3147.2,13,1,3147.1,3,1,3148.0,25,3,3148.2,35,1,3148.5,417,3,3148.6,2,1,3148.7,54,2
2031,2026-06-16 13:48:41+05:30,3148.0,2,3132.53,2595704,130755.0,200192.0,3163.0,3163.0,3108.0,3134.3,32006200,3447.7,2820.9,3839.9,2896.0,3147.8,19,2,3147.4,33,3,3147.3,12,1,3147.2,13,1,3147.1,3,1,3148.0,25,3,3148.2,35,1,3148.5,417,3,3148.6,2,1,3148.7,54,2
2031,2026-06-16 13:48:42+05:30,3148.0,2,3132.53,2595711,130766.0,200185.0,3163.0,3163.0,3108.0,3134.3,32006200,3447.7,2820.9,3839.9,2896.0,3147.8,19,2,3147.4,15,1,3147.3,27,2,3147.1,66,2,3147.0,108,4,3148.0,18,2,3148.2,35,1,3148.5,417,3,3148.6,2,1,3148.7,54,2
2031,2026-06-16 13:48:42+05:30,3147.8,1,3132.53,2595711,130766.0,200185.0,3163.0,3163.0,3108.0,3134.3,32006200,3447.7,2820.9,3839.9,2896.0,3147.8,19,2,3147.4,15,1,3147.3,27,2,3147.1,66,2,3147.0,108,4,3148.0,18,2,3148.2,35,1,3148.5,417,3,3148.6,2,1,3148.7,54,2
2031,2026-06-16 13:48:43+05:30,3148.2,35,3132.53,2595765,131579.0,199220.0,3163.0,3163.0,3108.0,3134.3,32006200,3447.7,2820.9,3839.9,2896.0,3148.2,17,1,3147.8,35,3,3147.5,3,1,3147.4,63,1,3147.3,220,3,3148.4,200,1,3148.5,200,1,3148.6,32,1,3148.8,152,3,3148.9,214,2
2031,2026-06-16 13:48:43+05:30,3148.2,35,3132.53,2595765,131579.0,199220.0,3163.0,3163.0,3108.0,3134.3,32006200,3447.7,2820.9,3839.9,2896.0,3148.2,17,1,3147.8,35,3,3147.5,3,1,3147.4,63,1,3147.3,220,3,3148.4,200,1,3148.5,200,1,3148.6,32,1,3148.8,152,3,3148.9,214,2
2031,2026-06-16 13:48:44+05:30,3148.2,35,3132.53,2595765,131597.0,199206.0,3163.0,3163.0,3108.0,3134.3,32006200,3447.7,2820.9,3839.9,2896.0,3148.2,17,1,3147.8,34,3,3147.5,3,1,3147.4,85,2,3147.3,220,3,3148.4,200,1,3148.5,200,1,3148.6,52,2,3148.8,130,2,3148.9,214,2
2031,2026-06-16 13:48:44+05:30,3148.2,50,3132.53,2595765,131597.0,199206.0,3163.0,3163.0,3108.0,3134.3,32006200,3447.7,2820.9,3839.9,2896.0,3148.2,17,1,3147.8,34,3,3147.5,3,1,3147.4,85,2,3147.3,220,3,3148.4,200,1,3148.5,200,1,3148.6,52,2,3148.8,130,2,3148.9,214,2
2031,2026-06-16 13:48:45+05:30,3148.4,100,3132.53,2595915,131593.0,199281.0,3163.0,3163.0,3108.0,3134.3,32006200,3447.7,2820.9,3839.9,2896.0,3148.3,2,2,3148.2,19,3,3148.0,1,1,3147.8,17,1,3147.6,9,1,3148.4,100,1,3148.5,200,1,3148.8,100,1,3148.9,200,1,3149.0,410,3
2031,2026-06-16 13:48:45+05:30,3148.4,100,3132.53,2595915,131593.0,199281.0,3163.0,3163.0,3108.0,3134.3,32006200,3447.7,2820.9,3839.9,2896.0,3148.3,2,2,3148.2,19,3,3148.0,1,1,3147.8,17,1,3147.6,9,1,3148.4,100,1,3148.5,200,1,3148.8,100,1,3148.9,200,1,3149.0,410,3
2031,2026-06-16 13:48:46+05:30,3148.4,1,3132.53,2595916,131554.0,199280.0,3163.0,3163.0,3108.0,3134.3,32006200,3447.7,2820.9,3839.9,2896.0,3148.3,2,2,3148.2,19,3,3148.0,1,1,3147.8,17,1,3147.6,9,1,3148.4,99,1,3148.5,200,1,3148.8,200,2,3148.9,200,1,3149.0,410,3
2031,2026-06-16 13:48:46+05:30,3147.8,5,3132.53,2595916,131554.0,199280.0,3163.0,3163.0,3108.0,3134.3,32006200,3447.7,2820.9,3839.9,2896.0,3148.3,2,2,3148.2,19,3,3148.0,1,1,3147.8,17,1,3147.6,9,1,3148.4,99,1,3148.5,200,1,3148.8,200,2,3148.9,200,1,3149.0,410,3
2031,2026-06-16 13:48:47+05:30,3147.8,5,3132.53,2596243,130323.0,199376.0,3163.0,3163.0,3108.0,3134.3,32006200,3447.7,2820.9,3839.9,2896.0,3147.8,15,1,3147.2,1,1,3147.1,21,1,3147.0,17,2,3146.9,65,2,3148.4,10,1,3148.5,71,5,3148.6,102,7,3148.7,71,5,3148.8,384,7
2031,2026-06-16 13:48:47+05:30,3148.4,1,3132.53,2596243,130323.0,199376.0,3163.0,3163.0,3108.0,3134.3,32006200,3447.7,2820.9,3839.9,2896.0,3147.8,15,1,3147.2,1,1,3147.1,21,1,3147.0,17,2,3146.9,65,2,3148.4,10,1,3148.5,71,5,3148.6,102,7,3148.7,71,5,3148.8,384,7
2031,2026-06-16 13:48:48+05:30,3148.4,9,3132.53,2596262,130618.0,199328.0,3163.0,3163.0,3108.0,3134.3,32006200,3447.7,2820.9,3839.9,2896.0,3147.8,15,1,3147.3,59,3,3147.2,22,3,3147.1,143,4,3147.0,80,3,3148.4,20,2,3148.5,116,7,3148.6,80,4,3148.7,30,2,3148.8,322,6
2031,2026-06-16 13:48:48+05:30,3148.4,9,3132.53,2596262,130618.0,199328.0,3163.0,3163.0,3108.0,3134.3,32006200,3447.7,2820.9,3839.9,2896.0,3147.8,15,1,3147.3,59,3,3147.2,22,3,3147.1,143,4,3147.0,80,3,3148.4,20,2,3148.5,116,7,3148.6,80,4,3148.7,30,2,3148.8,322,6
2031,2026-06-16 13:48:49+05:30,3147.3,9,3132.54,2596462,130224.0,199750.0,3163.0,3163.0,3108.0,3134.3,32006200,3447.7,2820.9,3839.9,2896.0,3147.3,8,2,3147.2,2,2,3147.0,17,2,3146.9,65,2,3146.8,1,1,3148.1,1,1,3148.3,1,1,3148.4,55,4,3148.5,67,4,3148.6,40,3
2031,2026-06-16 13:48:49+05:30,3147.3,9,3132.54,2596462,130224.0,199750.0,3163.0,3163.0,3108.0,3134.3,32006200,3447.7,2820.9,3839.9,2896.0,3147.3,8,2,3147.2,2,2,3147.0,17,2,3146.9,65,2,3146.8,1,1,3148.1,1,1,3148.3,1,1,3148.4,55,4,3148.5,67,4,3148.6,40,3
2031,2026-06-16 13:48:50+05:30,3148.4,5,3132.54,2596494,130585.0,199930.0,3163.0,3163.0,3108.0,3134.3,32006200,3447.7,2820.9,3839.9,2896.0,3147.3,8,2,3147.2,11,2,3147.1,2,1,3147.0,113,5,3146.9,184,5,3148.1,1,1,3148.4,35,2,3148.5,78,4,3148.6,40,3,3148.7,40,3
2031,2026-06-16 13:48:50+05:30,3148.4,5,3132.54,2596494,130585.0,199930.0,3163.0,3163.0,3108.0,3134.3,32006200,3447.7,2820.9,3839.9,2896.0,3147.3,8,2,3147.2,11,2,3147.1,2,1,3147.0,113,5,3146.9,184,5,3148.1,1,1,3148.4,35,2,3148.5,78,4,3148.6,40,3,3148.7,40,3
2031,2026-06-16 13:48:51+05:30,3148.4,5,3132.54,2596494,130317.0,199926.0,3163.0,3163.0,3108.0,3134.3,32006200,3447.7,2820.9,3839.9,2896.0,3147.3,3,1,3147.2,11,2,3147.1,16,2,3147.0,50,4,3146.9,44,1,3147.9,1,1,3148.1,1,1,3148.4,52,3,3148.5,35,3,3148.6,40,3
2031,2026-06-16 13:48:51+05:30,3148.4,9,3132.54,2596494,130317.0,199926.0,3163.0,3163.0,3108.0,3134.3,32006200,3447.7,2820.9,3839.9,2896.0,3147.3,3,1,3147.2,11,2,3147.1,16,2,3147.0,50,4,3146.9,44,1,3147.9,1,1,3148.1,1,1,3148.4,52,3,3148.5,35,3,3148.6,40,3
2031,2026-06-16 13:48:52+05:30,3148.4,9,3132.54,2596522,130889.0,200332.0,3163.0,3163.0,3108.0,3134.3,32006200,3447.7,2820.9,3839.9,2896.0,3147.3,26,2,3147.2,1,1,3147.1,60,3,3147.0,43,4,3146.9,74,5,3148.4,26,2,3148.5,71,3,3148.6,40,3,3148.7,40,3,3148.8,268,5
2031,2026-06-16 13:48:52+05:30,3147.9,1,3132.54,2596522,130889.0,200332.0,3163.0,3163.0,3108.0,3134.3,32006200,3447.7,2820.9,3839.9,2896.0,3147.3,26,2,3147.2,1,1,3147.1,60,3,3147.0,43,4,3146.9,74,5,3148.4,26,2,3148.5,71,3,3148.6,40,3,3148.7,40,3,3148.8,268,5
2031,2026-06-16 13:48:53+05:30,3147.9,1,3132.54,2596523,131296.0,199799.0,3163.0,3163.0,3108.0,3134.3,32006200,3447.7,2820.9,3839.9,2896.0,3148.0,1,1,3147.3,2,1,3147.2,77,3,3147.1,107,5,3147.0,30,3,3148.4,35,3,3148.6,15,1,3148.8,278,5,3148.9,400,2,3149.0,10,1
2031,2026-06-16 13:48:54+05:30,3147.9,1,3132.54,2596523,131222.0,199801.0,3163.0,3163.0,3108.0,3134.3,32006200,3447.7,2820.9,3839.9,2896.0,3148.0,1,1,3147.3,18,2,3147.2,64,2,3147.1,61,4,3147.0,30,3,3148.4,35,3,3148.5,21,1,3148.6,47,2,3148.7,9,1,3148.8,284,5
2031,2026-06-16 13:48:54+05:30,3148.0,1,3132.54,2596523,131222.0,199801.0,3163.0,3163.0,3108.0,3134.3,32006200,3447.7,2820.9,3839.9,2896.0,3148.0,1,1,3147.3,18,2,3147.2,64,2,3147.1,61,4,3147.0,30,3,3148.4,35,3,3148.5,21,1,3148.6,47,2,3148.7,9,1,3148.8,284,5
2031,2026-06-16 13:48:55+05:30,3148.0,1,3132.54,2596524,131075.0,200413.0,3163.0,3163.0,3108.0,3134.3,32006200,3447.7,2820.9,3839.9,2896.0,3147.9,1,1,3147.3,18,2,3147.2,1,1,3147.1,37,2,3147.0,16,1,3148.4,35,3,3148.5,59,4,3148.6,47,2,3148.7,472,4,3148.8,284,5
2031,2026-06-16 13:48:56+05:30,3148.0,1,3132.54,2596524,130892.0,200437.0,3163.0,3163.0,3108.0,3134.3,32006200,3447.7,2820.9,3839.9,2896.0,3147.9,1,1,3147.3,34,3,3147.2,1,1,3147.1,21,1,3147.0,16,1,3148.4,36,4,3148.5,97,5,3148.6,47,2,3148.7,472,4,3148.8,284,5
2031,2026-06-16 13:48:56+05:30,3147.9,1,3132.54,2596524,130892.0,200437.0,3163.0,3163.0,3108.0,3134.3,32006200,3447.7,2820.9,3839.9,2896.0,3147.9,1,1,3147.3,34,3,3147.2,1,1,3147.1,21,1,3147.0,16,1,3148.4,36,4,3148.5,97,5,3148.6,47,2,3148.7,472,4,3148.8,284,5
2031,2026-06-16 13:48:56+05:30,3147.9,1,3132.54,2596525,130885.0,200317.0,3163.0,3163.0,3108.0,3134.3,32006200,3447.7,2820.9,3839.9,2896.0,3147.4,15,1,3147.3,2,1,3147.2,1,1,3147.1,15,1,3147.0,26,2,3147.9,1,1,3148.3,21,2,3148.4,36,4,3148.5,438,5,3148.6,93,3
2031,2026-06-16 13:48:57+05:30,3147.9,1,3132.54,2596525,130785.0,200061.0,3163.0,3163.0,3108.0,3134.3,32006200,3447.7,2820.9,3839.9,2896.0,3147.4,16,2,3147.3,17,2,3147.2,1,1,3147.1,2,1,3147.0,16,1,3147.9,3,3,3148.3,21,2,3148.4,26,2,3148.5,39,3,3148.6,493,5
2031,2026-06-16 13:48:58+05:30,3147.9,1,3132.54,2596525,130785.0,200061.0,3163.0,3163.0,3108.0,3134.3,32006200,3447.7,2820.9,3839.9,2896.0,3147.4,16,2,3147.3,17,2,3147.2,1,1,3147.1,2,1,3147.0,16,1,3147.9,3,3,3148.3,21,2,3148.4,26,2,3148.5,39,3,3148.6,493,5
2031,2026-06-16 13:48:58+05:30,3147.9,1,3132.54,2596527,130515.0,200284.0,3163.0,3163.0,3108.0,3134.3,32006200,3447.7,2820.9,3839.9,2896.0,3147.4,16,2,3147.3,17,2,3147.2,1,1,3147.0,18,2,3146.9,72,5,3147.9,2,2,3148.3,21,2,3148.4,26,2,3148.5,28,2,3148.6,93,3
2031,2026-06-16 13:48:59+05:30,3147.4,1,3132.54,2596527,130515.0,200284.0,3163.0,3163.0,3108.0,3134.3,32006200,3447.7,2820.9,3839.9,2896.0,3147.4,16,2,3147.3,17,2,3147.2,1,1,3147.0,18,2,3146.9,72,5,3147.9,2,2,3148.3,21,2,3148.4,26,2,3148.5,28,2,3148.6,93,3
2031,2026-06-16 13:48:59+05:30,3147.4,1,3132.54,2596528,130867.0,200498.0,3163.0,3163.0,3108.0,3134.3,32006200,3447.7,2820.9,3839.9,2896.0,3147.4,16,3,3147.3,17,2,3147.2,1,1,3147.0,518,3,3146.9,65,4,3147.9,3,3,3148.3,21,2,3148.4,26,2,3148.5,440,5,3148.6,93,3
2031,2026-06-16 13:49:00+05:30,3147.4,1,3132.54,2596528,131451.0,199514.0,3163.0,3163.0,3108.0,3134.3,32006200,3447.7,2820.9,3839.9,2896.0,3147.7,19,4,3147.6,48,5,3147.5,4,1,3147.4,41,7,3147.3,79,6,3147.9,4,4,3148.4,26,2,3148.7,10,1,3148.8,200,2,3149.0,52,3
2031,2026-06-16 13:49:01+05:30,3147.9,6,3132.54,2596528,131451.0,199514.0,3163.0,3163.0,3108.0,3134.3,32006200,3447.7,2820.9,3839.9,2896.0,3147.7,19,4,3147.6,48,5,3147.5,4,1,3147.4,41,7,3147.3,79,6,3147.9,4,4,3148.4,26,2,3148.7,10,1,3148.8,200,2,3149.0,52,3
2031,2026-06-16 13:49:01+05:30,3147.9,12,3132.54,2596586,131427.0,200005.0,3163.0,3163.0,3108.0,3134.3,32006200,3447.7,2820.9,3839.9,2896.0,3147.9,18,1,3147.7,3,3,3147.4,8,4,3147.3,32,3,3147.2,1,1,3148.4,26,2,3148.5,28,2,3148.6,439,4,3148.7,63,1,3148.8,318,5
2031,2026-06-16 13:49:02+05:30,3147.3,5,3132.54,2596586,131427.0,200005.0,3163.0,3163.0,3108.0,3134.3,32006200,3447.7,2820.9,3839.9,2896.0,3147.9,18,1,3147.7,3,3,3147.4,8,4,3147.3,32,3,3147.2,1,1,3148.4,26,2,3148.5,28,2,3148.6,439,4,3148.7,63,1,3148.8,318,5
2031,2026-06-16 13:49:02+05:30,3147.3,5,3132.54,2596786,131264.0,200403.0,3163.0,3163.0,3108.0,3134.3,32006200,3447.7,2820.9,3839.9,2896.0,3147.4,3,1,3147.3,33,3,3147.2,210,5,3147.1,20,1,3147.0,558,6,3148.4,44,3,3148.5,84,2,3148.6,418,3,3148.8,242,3,3149.0,271,5
2031,2026-06-16 13:49:03+05:30,3148.4,1,3132.54,2596786,131264.0,200403.0,3163.0,3163.0,3108.0,3134.3,32006200,3447.7,2820.9,3839.9,2896.0,3147.4,3,1,3147.3,33,3,3147.2,210,5,3147.1,20,1,3147.0,558,6,3148.4,44,3,3148.5,84,2,3148.6,418,3,3148.8,242,3,3149.0,271,5
2031,2026-06-16 13:49:04+05:30,3148.4,1,3132.54,2596787,131341.0,200315.0,3163.0,3163.0,3108.0,3134.3,32006200,3447.7,2820.9,3839.9,2896.0,3147.4,33,3,3147.2,46,3,3147.1,181,2,3147.0,546,5,3146.9,71,3,3148.4,50,4,3148.5,84,2,3148.6,418,3,3148.8,242,3,3148.9,31,1
2031,2026-06-16 13:49:05+05:30,3148.4,12,3132.54,2596807,131489.0,199947.0,3163.0,3163.0,3108.0,3134.3,32006200,3447.7,2820.9,3839.9,2896.0,3147.4,121,4,3147.3,21,2,3147.2,94,8,3147.1,36,2,3147.0,545,5,3148.4,48,4,3148.5,27,2,3148.7,9,1,3148.8,600,4,3149.0,71,4
2031,2026-06-16 13:49:05+05:30,3148.4,1,3132.54,2596807,131489.0,199947.0,3163.0,3163.0,3108.0,3134.3,32006200,3447.7,2820.9,3839.9,2896.0,3147.4,121,4,3147.3,21,2,3147.2,94,8,3147.1,36,2,3147.0,545,5,3148.4,48,4,3148.5,27,2,3148.7,9,1,3148.8,600,4,3149.0,71,4
2031,2026-06-16 13:49:06+05:30,3148.4,1,3132.54,2596808,131320.0,200209.0,3163.0,3163.0,3108.0,3134.3,32006200,3447.7,2820.9,3839.9,2896.0,3147.4,121,4,3147.3,26,2,3147.2,72,5,3147.1,36,3,3147.0,532,4,3148.4,47,4,3148.5,41,3,3148.6,18,1,3148.7,400,2,3148.8,200,2
2031,2026-06-16 13:49:07+05:30,3148.4,1,3132.54,2596808,131149.0,199872.0,3163.0,3163.0,3108.0,3134.3,32006200,3447.7,2820.9,3839.9,2896.0,3147.4,138,6,3147.3,11,1,3147.2,41,5,3147.0,556,7,3146.9,71,3,3147.9,1,1,3148.4,47,4,3148.5,427,4,3148.6,18,1,3148.8,220,3
2031,2026-06-16 13:49:08+05:30,3148.4,1,3132.54,2596808,131149.0,199960.0,3163.0,3163.0,3108.0,3134.3,32006200,3447.7,2820.9,3839.9,2896.0,3147.7,16,1,3147.4,151,7,3147.3,11,1,3147.2,41,5,3147.0,556,7,3147.9,4,2,3148.4,47,4,3148.5,421,3,3148.6,18,1,3148.8,220,3
2031,2026-06-16 13:49:09+05:30,3147.9,1,3132.54,2596810,131349.0,199727.0,3163.0,3163.0,3108.0,3134.3,32006200,3447.7,2820.9,3839.9,2896.0,3147.8,20,2,3147.6,13,1,3147.4,135,5,3147.3,13,2,3147.2,61,5,3147.9,30,4,3148.4,22,2,3148.5,400,2,3148.6,18,1,3148.8,220,3
2031,2026-06-16 13:49:09+05:30,3147.9,1,3132.54,2596810,131349.0,199727.0,3163.0,3163.0,3108.0,3134.3,32006200,3447.7,2820.9,3839.9,2896.0,3147.8,20,2,3147.6,13,1,3147.4,135,5,3147.3,13,2,3147.2,61,5,3147.9,30,4,3148.4,22,2,3148.5,400,2,3148.6,18,1,3148.8,220,3
2031,2026-06-16 13:49:10+05:30,3147.6,7,3132.54,2597010,131107.0,199645.0,3163.0,3163.0,3108.0,3134.3,32006200,3447.7,2820.9,3839.9,2896.0,3147.4,132,4,3147.3,9,2,3147.2,47,5,3147.1,9,1,3147.0,521,4,3147.9,30,4,3148.4,22,2,3148.5,29,2,3148.6,18,1,3148.7,60,2
2031,2026-06-16 13:49:10+05:30,3147.6,7,3132.54,2597010,131107.0,199645.0,3163.0,3163.0,3108.0,3134.3,32006200,3447.7,2820.9,3839.9,2896.0,3147.4,132,4,3147.3,9,2,3147.2,47,5,3147.1,9,1,3147.0,521,4,3147.9,30,4,3148.4,22,2,3148.5,29,2,3148.6,18,1,3148.7,60,2
2031,2026-06-16 13:49:11+05:30,3147.6,7,3132.54,2597010,131029.0,199769.0,3163.0,3163.0,3108.0,3134.3,32006200,3447.7,2820.9,3839.9,2896.0,3147.8,11,2,3147.4,162,5,3147.3,23,2,3147.2,54,4,3147.1,30,2,3147.9,30,4,3148.4,22,2,3148.5,14,1,3148.6,18,1,3148.7,50,1
2031,2026-06-16 13:49:11+05:30,3147.9,7,3132.54,2597010,131029.0,199769.0,3163.0,3163.0,3108.0,3134.3,32006200,3447.7,2820.9,3839.9,2896.0,3147.8,11,2,3147.4,162,5,3147.3,23,2,3147.2,54,4,3147.1,30,2,3147.9,30,4,3148.4,22,2,3148.5,14,1,3148.6,18,1,3148.7,50,1
2031,2026-06-16 13:49:12+05:30,3147.9,1,3132.54,2597032,131030.0,199760.0,3163.0,3163.0,3108.0,3134.3,32006200,3447.7,2820.9,3839.9,2896.0,3147.8,8,3,3147.4,175,5,3147.3,23,3,3147.2,54,4,3147.1,35,2,3147.9,17,1,3148.4,22,2,3148.5,33,2,3148.6,18,1,3148.7,50,1
2031,2026-06-16 13:49:12+05:30,3147.9,1,3132.54,2597032,131030.0,199760.0,3163.0,3163.0,3108.0,3134.3,32006200,3447.7,2820.9,3839.9,2896.0,3147.8,8,3,3147.4,175,5,3147.3,23,3,3147.2,54,4,3147.1,35,2,3147.9,17,1,3148.4,22,2,3148.5,33,2,3148.6,18,1,3148.7,50,1
2031,2026-06-16 13:49:13+05:30,3147.9,1,3132.54,2597032,131089.0,199774.0,3163.0,3163.0,3108.0,3134.3,32006200,3447.7,2820.9,3839.9,2896.0,3147.8,24,4,3147.4,160,4,3147.3,21,2,3147.2,56,5,3147.1,35,2,3147.9,17,1,3148.4,22,2,3148.5,33,2,3148.6,18,1,3148.7,59,2
2031,2026-06-16 13:49:14+05:30,3147.9,1,3132.54,2597032,131024.0,199780.0,3163.0,3163.0,3108.0,3134.3,32006200,3447.7,2820.9,3839.9,2896.0,3147.8,24,4,3147.4,74,4,3147.3,21,2,3147.2,70,6,3147.1,21,1,3147.9,17,1,3148.4,22,2,3148.5,30,2,3148.6,18,1,3148.7,60,2
2031,2026-06-16 13:49:14+05:30,3147.9,1,3132.54,2597032,131024.0,199780.0,3163.0,3163.0,3108.0,3134.3,32006200,3447.7,2820.9,3839.9,2896.0,3147.8,24,4,3147.4,74,4,3147.3,21,2,3147.2,70,6,3147.1,21,1,3147.9,17,1,3148.4,22,2,3148.5,30,2,3148.6,18,1,3148.7,60,2
2031,2026-06-16 13:49:15+05:30,3147.9,1,3132.54,2597034,131016.0,199604.0,3163.0,3163.0,3108.0,3134.3,32006200,3447.7,2820.9,3839.9,2896.0,3147.8,24,4,3147.4,74,4,3147.3,21,2,3147.2,72,7,3147.1,21,1,3147.9,35,2,3148.4,22,2,3148.5,30,2,3148.6,18,1,3148.7,60,2
2031,2026-06-16 13:49:15+05:30,3147.9,47,3132.54,2597034,131016.0,199604.0,3163.0,3163.0,3108.0,3134.3,32006200,3447.7,2820.9,3839.9,2896.0,3147.8,24,4,3147.4,74,4,3147.3,21,2,3147.2,72,7,3147.1,21,1,3147.9,35,2,3148.4,22,2,3148.5,30,2,3148.6,18,1,3148.7,60,2
2031,2026-06-16 13:49:16+05:30,3147.9,47,3132.54,2597096,131542.0,199724.0,3163.0,3163.0,3108.0,3134.3,32006200,3447.7,2820.9,3839.9,2896.0,3147.9,53,1,3147.8,20,4,3147.5,79,3,3147.4,92,6,3147.3,28,2,3148.4,22,2,3148.8,200,2,3148.9,4,1,3149.0,412,4,3149.2,21,1
2031,2026-06-16 13:49:16+05:30,3148.2,9,3132.54,2597096,131542.0,199724.0,3163.0,3163.0,3108.0,3134.3,32006200,3447.7,2820.9,3839.9,2896.0,3147.9,53,1,3147.8,20,4,3147.5,79,3,3147.4,92,6,3147.3,28,2,3148.4,22,2,3148.8,200,2,3148.9,4,1,3149.0,412,4,3149.2,21,1
2031,2026-06-16 13:49:17+05:30,3148.2,9,3132.54,2597105,131913.0,199369.0,3163.0,3163.0,3108.0,3134.3,32006200,3447.7,2820.9,3839.9,2896.0,3148.2,7,1,3147.9,55,2,3147.8,19,3,3147.5,77,2,3147.4,77,5,3148.4,45,3,3148.5,15,1,3148.8,200,2,3148.9,4,1,3149.0,12,2
2031,2026-06-16 13:49:17+05:30,3148.4,1,3132.54,2597105,131913.0,199369.0,3163.0,3163.0,3108.0,3134.3,32006200,3447.7,2820.9,3839.9,2896.0,3148.2,7,1,3147.9,55,2,3147.8,19,3,3147.5,77,2,3147.4,77,5,3148.4,45,3,3148.5,15,1,3148.8,200,2,3148.9,4,1,3149.0,12,2
2031,2026-06-16 13:49:18+05:30,3148.4,1,3132.54,2597157,132086.0,198767.0,3163.0,3163.0,3108.0,3134.3,32006200,3447.7,2820.9,3839.9,2896.0,3148.2,19,3,3147.9,55,2,3147.8,25,4,3147.7,64,3,3147.6,17,2,3148.8,200,2,3149.0,12,2,3149.1,400,2,3149.3,4,1,3149.4,48,1
2031,2026-06-16 13:49:18+05:30,3148.8,1,3132.54,2597157,132086.0,198767.0,3163.0,3163.0,3108.0,3134.3,32006200,3447.7,2820.9,3839.9,2896.0,3148.2,19,3,3147.9,55,2,3147.8,25,4,3147.7,64,3,3147.6,17,2,3148.8,200,2,3149.0,12,2,3149.1,400,2,3149.3,4,1,3149.4,48,1
2031,2026-06-16 13:49:19+05:30,3147.8,11,3132.54,2597358,131663.0,198501.0,3163.0,3163.0,3108.0,3134.3,32006200,3447.7,2820.9,3839.9,2896.0,3147.8,21,4,3147.5,14,1,3147.3,30,2,3147.2,34,4,3147.1,204,5,3148.7,29,2,3148.8,206,3,3149.0,78,4,3149.1,409,3,3149.2,80,2
2031,2026-06-16 13:49:19+05:30,3148.8,1,3132.54,2597358,131663.0,198501.0,3163.0,3163.0,3108.0,3134.3,32006200,3447.7,2820.9,3839.9,2896.0,3147.8,21,4,3147.5,14,1,3147.3,30,2,3147.2,34,4,3147.1,204,5,3148.7,29,2,3148.8,206,3,3149.0,78,4,3149.1,409,3,3149.2,80,2
2031,2026-06-16 13:49:20+05:30,3148.8,1,3132.54,2597432,131766.0,198940.0,3163.0,3163.0,3108.0,3134.3,32006200,3447.7,2820.9,3839.9,2896.0,3147.9,2,1,3147.8,32,4,3147.5,14,1,3147.4,3,1,3147.3,75,4,3148.8,200,4,3149.0,78,4,3149.1,9,1,3149.2,480,4,3149.3,32,2
2031,2026-06-16 13:49:21+05:30,3148.8,1,3132.54,2597432,131784.0,198944.0,3163.0,3163.0,3108.0,3134.3,32006200,3447.7,2820.9,3839.9,2896.0,3147.9,51,3,3147.8,56,6,3147.6,109,4,3147.5,14,1,3147.4,3,1,3148.8,200,4,3149.0,60,3,3149.1,9,1,3149.2,442,3,3149.3,50,3
2031,2026-06-16 13:49:21+05:30,3148.8,1,3132.54,2597432,131784.0,198944.0,3163.0,3163.0,3108.0,3134.3,32006200,3447.7,2820.9,3839.9,2896.0,3147.9,51,3,3147.8,56,6,3147.6,109,4,3147.5,14,1,3147.4,3,1,3148.8,200,4,3149.0,60,3,3149.1,9,1,3149.2,442,3,3149.3,50,3
2031,2026-06-16 13:49:21+05:30,3148.8,7,3132.54,2597432,131784.0,198944.0,3163.0,3163.0,3108.0,3134.3,32006200,3447.7,2820.9,3839.9,2896.0,3147.9,51,3,3147.8,56,6,3147.6,109,4,3147.5,14,1,3147.4,3,1,3148.8,200,4,3149.0,60,3,3149.1,9,1,3149.2,442,3,3149.3,50,3
2031,2026-06-16 13:49:22+05:30,3148.8,7,3132.54,2597439,131872.0,198907.0,3163.0,3163.0,3108.0,3134.3,32006200,3447.7,2820.9,3839.9,2896.0,3148.0,15,1,3147.9,51,3,3147.8,39,4,3147.6,109,4,3147.5,14,1,3148.8,174,3,3149.0,12,2,3149.2,442,3,3149.3,50,3,3149.4,65,2
2031,2026-06-16 13:49:23+05:30,3148.8,7,3132.54,2597439,132032.0,198466.0,3163.0,3163.0,3108.0,3134.3,32006200,3447.7,2820.9,3839.9,2896.0,3148.0,55,4,3147.9,58,4,3147.8,53,5,3147.7,12,2,3147.6,53,3,3148.5,1,1,3148.8,195,4,3149.0,12,2,3149.1,9,1,3149.2,400,2
2031,2026-06-16 13:49:23+05:30,3148.8,7,3132.54,2597439,132032.0,198466.0,3163.0,3163.0,3108.0,3134.3,32006200,3447.7,2820.9,3839.9,2896.0,3148.0,55,4,3147.9,58,4,3147.8,53,5,3147.7,12,2,3147.6,53,3,3148.5,1,1,3148.8,195,4,3149.0,12,2,3149.1,9,1,3149.2,400,2
2031,2026-06-16 13:49:24+05:30,3148.8,7,3132.54,2597439,132022.0,198931.0,3163.0,3163.0,3108.0,3134.3,32006200,3447.7,2820.9,3839.9,2896.0,3148.2,17,1,3148.0,46,4,3147.9,51,3,3147.8,75,6,3147.7,12,2,3148.5,18,3,3148.8,195,4,3148.9,4,1,3149.0,22,3,3149.1,400,2
2031,2026-06-16 13:49:24+05:30,3148.5,1,3132.54,2597441,132068.0,199180.0,3163.0,3163.0,3108.0,3134.3,32006200,3447.7,2820.9,3839.9,2896.0,3148.2,57,3,3148.0,59,5,3147.9,51,3,3147.8,47,4,3147.6,42,1,3148.5,123,3,3148.8,188,3,3148.9,4,1,3149.0,22,3,3149.1,400,2
2031,2026-06-16 13:49:25+05:30,3148.5,1,3132.54,2597441,132068.0,199180.0,3163.0,3163.0,3108.0,3134.3,32006200,3447.7,2820.9,3839.9,2896.0,3148.2,57,3,3148.0,59,5,3147.9,51,3,3147.8,47,4,3147.6,42,1,3148.5,123,3,3148.8,188,3,3148.9,4,1,3149.0,22,3,3149.1,400,2
2031,2026-06-16 13:49:25+05:30,3148.5,100,3132.54,2597441,132068.0,199180.0,3163.0,3163.0,3108.0,3134.3,32006200,3447.7,2820.9,3839.9,2896.0,3148.2,57,3,3148.0,59,5,3147.9,51,3,3147.8,47,4,3147.6,42,1,3148.5,123,3,3148.8,188,3,3148.9,4,1,3149.0,22,3,3149.1,400,2
2031,2026-06-16 13:49:25+05:30,3148.5,100,3132.54,2597564,132190.0,199125.0,3163.0,3163.0,3108.0,3134.3,32006200,3447.7,2820.9,3839.9,2896.0,3148.2,58,3,3148.0,40,3,3147.9,45,2,3147.8,49,4,3147.6,42,1,3148.8,188,3,3149.0,12,2,3149.1,4,1,3149.3,430,3,3149.4,40,2
2031,2026-06-16 13:49:26+05:30,3148.2,1,3132.54,2597564,132190.0,199125.0,3163.0,3163.0,3108.0,3134.3,32006200,3447.7,2820.9,3839.9,2896.0,3148.2,58,3,3148.0,40,3,3147.9,45,2,3147.8,49,4,3147.6,42,1,3148.8,188,3,3149.0,12,2,3149.1,4,1,3149.3,430,3,3149.4,40,2
2031,2026-06-16 13:49:26+05:30,3148.2,1,3132.54,2597565,132241.0,199294.0,3163.0,3163.0,3108.0,3134.3,32006200,3447.7,2820.9,3839.9,2896.0,3148.2,58,3,3148.0,40,3,3147.9,45,2,3147.8,50,4,3147.6,58,3,3148.3,1,1,3148.8,188,3,3149.0,12,2,3149.1,4,1,3149.2,410,3
2031,2026-06-16 13:49:27+05:30,3148.2,1,3132.54,2597565,132241.0,199294.0,3163.0,3163.0,3108.0,3134.3,32006200,3447.7,2820.9,3839.9,2896.0,3148.2,58,3,3148.0,40,3,3147.9,45,2,3147.8,50,4,3147.6,58,3,3148.3,1,1,3148.8,188,3,3149.0,12,2,3149.1,4,1,3149.2,410,3
2031,2026-06-16 13:49:28+05:30,3148.2,1,3132.54,2597565,132168.0,199242.0,3163.0,3163.0,3108.0,3134.3,32006200,3447.7,2820.9,3839.9,2896.0,3148.2,58,3,3148.0,40,3,3147.9,45,2,3147.8,50,4,3147.6,58,3,3148.3,1,1,3148.8,188,3,3149.0,12,2,3149.1,4,1,3149.2,410,3
2031,2026-06-16 13:49:28+05:30,3148.3,9,3132.54,2597565,132168.0,199242.0,3163.0,3163.0,3108.0,3134.3,32006200,3447.7,2820.9,3839.9,2896.0,3148.2,58,3,3148.0,40,3,3147.9,45,2,3147.8,50,4,3147.6,58,3,3148.3,1,1,3148.8,188,3,3149.0,12,2,3149.1,4,1,3149.2,410,3
2031,2026-06-16 13:49:29+05:30,3148.3,9,3132.54,2597574,132224.0,198926.0,3163.0,3163.0,3108.0,3134.3,32006200,3447.7,2820.9,3839.9,2896.0,3148.3,6,1,3148.2,40,2,3148.0,54,4,3147.9,45,2,3147.8,13,2,3148.8,188,3,3149.0,12,2,3149.1,4,1,3149.2,39,2,3149.3,442,3
2031,2026-06-16 13:49:29+05:30,3148.3,9,3132.54,2597574,132224.0,198926.0,3163.0,3163.0,3108.0,3134.3,32006200,3447.7,2820.9,3839.9,2896.0,3148.3,6,1,3148.2,40,2,3148.0,54,4,3147.9,45,2,3147.8,13,2,3148.8,188,3,3149.0,12,2,3149.1,4,1,3149.2,39,2,3149.3,442,3
2031,2026-06-16 13:49:30+05:30,3148.6,1,3132.54,2597575,132348.0,198843.0,3163.0,3163.0,3108.0,3134.3,32006200,3447.7,2820.9,3839.9,2896.0,3148.6,13,1,3148.3,40,2,3148.2,54,3,3148.0,54,4,3147.9,45,2,3148.8,189,4,3149.0,12,2,3149.1,404,3,3149.3,75,2,3149.4,31,2
2031,2026-06-16 13:49:30+05:30,3148.8,1,3132.54,2597575,132348.0,198843.0,3163.0,3163.0,3108.0,3134.3,32006200,3447.7,2820.9,3839.9,2896.0,3148.6,13,1,3148.3,40,2,3148.2,54,3,3148.0,54,4,3147.9,45,2,3148.8,189,4,3149.0,12,2,3149.1,404,3,3149.3,75,2,3149.4,31,2
2031,2026-06-16 13:49:31+05:30,3148.8,1,3132.54,2597576,132371.0,196990.0,3163.0,3163.0,3108.0,3134.3,32006200,3447.7,2820.9,3839.9,2896.0,3148.7,2,2,3148.6,14,2,3148.3,44,3,3148.2,54,3,3148.0,54,4,3148.8,193,4,3149.0,12,2,3149.1,404,3,3149.3,75,2,3149.4,31,2
2031,2026-06-16 13:49:31+05:30,3148.8,1,3132.54,2597576,132371.0,196990.0,3163.0,3163.0,3108.0,3134.3,32006200,3447.7,2820.9,3839.9,2896.0,3148.7,2,2,3148.6,14,2,3148.3,44,3,3148.2,54,3,3148.0,54,4,3148.8,193,4,3149.0,12,2,3149.1,404,3,3149.3,75,2,3149.4,31,2
2031,2026-06-16 13:49:31+05:30,3148.8,45,3132.54,2597576,132371.0,196990.0,3163.0,3163.0,3108.0,3134.3,32006200,3447.7,2820.9,3839.9,2896.0,3148.7,2,2,3148.6,14,2,3148.3,44,3,3148.2,54,3,3148.0,54,4,3148.8,193,4,3149.0,12,2,3149.1,404,3,3149.3,75,2,3149.4,31,2
2031,2026-06-16 13:49:32+05:30,3148.8,45,3132.54,2597814,133304.0,198437.0,3163.0,3163.0,3108.0,3134.3,32006200,3447.7,2820.9,3839.9,2896.0,3148.8,2,1,3148.7,46,3,3148.6,1,1,3148.3,50,4,3148.2,54,3,3149.0,12,2,3149.1,400,2,3149.5,217,2,3149.6,400,2,3149.7,336,5
2031,2026-06-16 13:49:32+05:30,3148.8,45,3132.54,2597814,133304.0,198437.0,3163.0,3163.0,3108.0,3134.3,32006200,3447.7,2820.9,3839.9,2896.0,3148.8,2,1,3148.7,46,3,3148.6,1,1,3148.3,50,4,3148.2,54,3,3149.0,12,2,3149.1,400,2,3149.5,217,2,3149.6,400,2,3149.7,336,5
2031,2026-06-16 13:49:33+05:30,3148.6,13,3132.55,2598014,132446.0,198408.0,3163.0,3163.0,3108.0,3134.3,32006200,3447.7,2820.9,3839.9,2896.0,3148.6,4,1,3148.3,60,4,3148.2,40,2,3148.0,5,3,3147.9,2,1,3149.0,21,3,3149.1,24,1,3149.2,400,2,3149.3,76,3,3149.5,80,2
2031,2026-06-16 13:49:33+05:30,3148.6,13,3132.55,2598014,132446.0,198408.0,3163.0,3163.0,3108.0,3134.3,32006200,3447.7,2820.9,3839.9,2896.0,3148.6,4,1,3148.3,60,4,3148.2,40,2,3148.0,5,3,3147.9,2,1,3149.0,21,3,3149.1,24,1,3149.2,400,2,3149.3,76,3,3149.5,80,2
2031,2026-06-16 13:49:33+05:30,3148.6,13,3132.55,2598014,132446.0,198408.0,3163.0,3163.0,3108.0,3134.3,32006200,3447.7,2820.9,3839.9,2896.0,3148.6,4,1,3148.3,60,4,3148.2,40,2,3148.0,5,3,3147.9,2,1,3149.0,21,3,3149.1,24,1,3149.2,400,2,3149.3,76,3,3149.5,80,2
2031,2026-06-16 13:49:33+05:30,3148.6,13,3132.55,2598014,132446.0,198408.0,3163.0,3163.0,3108.0,3134.3,32006200,3447.7,2820.9,3839.9,2896.0,3148.6,4,1,3148.3,60,4,3148.2,40,2,3148.0,5,3,3147.9,2,1,3149.0,21,3,3149.1,24,1,3149.2,400,2,3149.3,76,3,3149.5,80,2
2031,2026-06-16 13:49:33+05:30,3148.0,24,3132.55,2598214,131668.0,196920.0,3163.0,3163.0,3108.0,3134.3,32006200,3447.7,2820.9,3839.9,2896.0,3148.0,14,1,3147.9,2,1,3147.8,48,2,3147.5,27,2,3147.4,35,4,3148.9,46,3,3149.0,84,6,3149.1,79,3,3149.2,454,3,3149.3,42,1
2031,2026-06-16 13:49:34+05:30,3148.0,24,3132.55,2598214,131668.0,196920.0,3163.0,3163.0,3108.0,3134.3,32006200,3447.7,2820.9,3839.9,2896.0,3148.0,14,1,3147.9,2,1,3147.8,48,2,3147.5,27,2,3147.4,35,4,3148.9,46,3,3149.0,84,6,3149.1,79,3,3149.2,454,3,3149.3,42,1
2031,2026-06-16 13:49:34+05:30,3148.9,16,3132.55,2598214,131668.0,196920.0,3163.0,3163.0,3108.0,3134.3,32006200,3447.7,2820.9,3839.9,2896.0,3148.0,14,1,3147.9,2,1,3147.8,48,2,3147.5,27,2,3147.4,35,4,3148.9,46,3,3149.0,84,6,3149.1,79,3,3149.2,454,3,3149.3,42,1
2031,2026-06-16 13:49:35+05:30,3148.9,16,3132.55,2598244,131854.0,198862.0,3163.0,3163.0,3108.0,3134.3,32006200,3447.7,2820.9,3839.9,2896.0,3148.3,2,1,3148.0,15,2,3147.9,2,1,3147.8,48,2,3147.5,86,4,3148.9,2,1,3149.0,40,4,3149.2,417,3,3149.3,128,3,3149.4,58,2
2031,2026-06-16 13:49:35+05:30,3148.9,16,3132.55,2598244,131854.0,198862.0,3163.0,3163.0,3108.0,3134.3,32006200,3447.7,2820.9,3839.9,2896.0,3148.3,2,1,3148.0,15,2,3147.9,2,1,3147.8,48,2,3147.5,86,4,3148.9,2,1,3149.0,40,4,3149.2,417,3,3149.3,128,3,3149.4,58,2
2031,2026-06-16 13:49:35+05:30,3148.4,1,3132.55,2598244,131854.0,198862.0,3163.0,3163.0,3108.0,3134.3,32006200,3447.7,2820.9,3839.9,2896.0,3148.3,2,1,3148.0,15,2,3147.9,2,1,3147.8,48,2,3147.5,86,4,3148.9,2,1,3149.0,40,4,3149.2,417,3,3149.3,128,3,3149.4,58,2
2031,2026-06-16 13:49:35+05:30,3148.4,1,3132.55,2598244,131854.0,198862.0,3163.0,3163.0,3108.0,3134.3,32006200,3447.7,2820.9,3839.9,2896.0,3148.3,2,1,3148.0,15,2,3147.9,2,1,3147.8,48,2,3147.5,86,4,3148.9,2,1,3149.0,40,4,3149.2,417,3,3149.3,128,3,3149.4,58,2
2031,2026-06-16 13:49:36+05:30,3148.4,1,3132.55,2598245,132026.0,198762.0,3163.0,3163.0,3108.0,3134.3,32006200,3447.7,2820.9,3839.9,2896.0,3148.3,2,1,3148.2,16,1,3148.0,20,3,3147.9,2,1,3147.8,45,2,3148.4,1,1,3148.9,2,1,3149.0,40,4,3149.2,400,2,3149.4,108,3
2031,2026-06-16 13:49:36+05:30,3148.0,1,3132.55,2598245,132026.0,198762.0,3163.0,3163.0,3108.0,3134.3,32006200,3447.7,2820.9,3839.9,2896.0,3148.3,2,1,3148.2,16,1,3148.0,20,3,3147.9,2,1,3147.8,45,2,3148.4,1,1,3148.9,2,1,3149.0,40,4,3149.2,400,2,3149.4,108,3
2031,2026-06-16 13:49:36+05:30,3148.0,1,3132.55,2598245,132026.0,198762.0,3163.0,3163.0,3108.0,3134.3,32006200,3447.7,2820.9,3839.9,2896.0,3148.3,2,1,3148.2,16,1,3148.0,20,3,3147.9,2,1,3147.8,45,2,3148.4,1,1,3148.9,2,1,3149.0,40,4,3149.2,400,2,3149.4,108,3
2031,2026-06-16 13:49:37+05:30,3149.0,5,3132.55,2598295,132284.0,198178.0,3163.0,3163.0,3108.0,3134.3,32006200,3447.7,2820.9,3839.9,2896.0,3148.3,4,1,3148.0,55,5,3147.9,26,3,3147.8,52,3,3147.7,26,3,3149.0,2,1,3149.2,400,2,3149.3,45,1,3149.4,66,2,3149.5,96,3
2031,2026-06-16 13:49:37+05:30,3149.0,5,3132.55,2598295,132284.0,198178.0,3163.0,3163.0,3108.0,3134.3,32006200,3447.7,2820.9,3839.9,2896.0,3148.3,4,1,3148.0,55,5,3147.9,26,3,3147.8,52,3,3147.7,26,3,3149.0,2,1,3149.2,400,2,3149.3,45,1,3149.4,66,2,3149.5,96,3
2031,2026-06-16 13:49:37+05:30,3149.0,5,3132.55,2598295,132284.0,198178.0,3163.0,3163.0,3108.0,3134.3,32006200,3447.7,2820.9,3839.9,2896.0,3148.3,4,1,3148.0,55,5,3147.9,26,3,3147.8,52,3,3147.7,26,3,3149.0,2,1,3149.2,400,2,3149.3,45,1,3149.4,66,2,3149.5,96,3
2031,2026-06-16 13:49:38+05:30,3149.0,1,3132.55,2598296,132266.0,198784.0,3163.0,3163.0,3108.0,3134.3,32006200,3447.7,2820.9,3839.9,2896.0,3148.3,4,1,3148.0,45,4,3147.9,16,2,3147.8,52,3,3147.7,26,3,3149.0,7,2,3149.2,400,2,3149.3,45,1,3149.4,66,2,3149.5,96,3
2031,2026-06-16 13:49:38+05:30,3149.0,1,3132.55,2598296,132266.0,198784.0,3163.0,3163.0,3108.0,3134.3,32006200,3447.7,2820.9,3839.9,2896.0,3148.3,4,1,3148.0,45,4,3147.9,16,2,3147.8,52,3,3147.7,26,3,3149.0,7,2,3149.2,400,2,3149.3,45,1,3149.4,66,2,3149.5,96,3
2031,2026-06-16 13:49:38+05:30,3149.0,1,3132.55,2598296,132266.0,198784.0,3163.0,3163.0,3108.0,3134.3,32006200,3447.7,2820.9,3839.9,2896.0,3148.3,4,1,3148.0,45,4,3147.9,16,2,3147.8,52,3,3147.7,26,3,3149.0,7,2,3149.2,400,2,3149.3,45,1,3149.4,66,2,3149.5,96,3
2031,2026-06-16 13:49:38+05:30,3149.0,1,3132.55,2598296,132254.0,198185.0,3163.0,3163.0,3108.0,3134.3,32006200,3447.7,2820.9,3839.9,2896.0,3148.3,4,1,3148.0,18,2,3147.9,2,1,3147.8,67,4,3147.7,26,3,3149.0,17,3,3149.2,400,2,3149.3,45,1,3149.4,66,2,3149.5,96,3
2031,2026-06-16 13:49:39+05:30,3149.0,1,3132.55,2598296,132254.0,198185.0,3163.0,3163.0,3108.0,3134.3,32006200,3447.7,2820.9,3839.9,2896.0,3148.3,4,1,3148.0,18,2,3147.9,2,1,3147.8,67,4,3147.7,26,3,3149.0,17,3,3149.2,400,2,3149.3,45,1,3149.4,66,2,3149.5,96,3
2031,2026-06-16 13:49:39+05:30,3148.9,1,3132.55,2598296,132254.0,198185.0,3163.0,3163.0,3108.0,3134.3,32006200,3447.7,2820.9,3839.9,2896.0,3148.3,4,1,3148.0,18,2,3147.9,2,1,3147.8,67,4,3147.7,26,3,3149.0,17,3,3149.2,400,2,3149.3,45,1,3149.4,66,2,3149.5,96,3
2031,2026-06-16 13:49:39+05:30,3148.9,1,3132.55,2598296,132254.0,198185.0,3163.0,3163.0,3108.0,3134.3,32006200,3447.7,2820.9,3839.9,2896.0,3148.3,4,1,3148.0,18,2,3147.9,2,1,3147.8,67,4,3147.7,26,3,3149.0,17,3,3149.2,400,2,3149.3,45,1,3149.4,66,2,3149.5,96,3
2031,2026-06-16 13:49:39+05:30,3148.9,1,3132.55,2598297,132255.0,198625.0,3163.0,3163.0,3108.0,3134.3,32006200,3447.7,2820.9,3839.9,2896.0,3148.3,4,1,3148.0,17,1,3147.9,2,1,3147.8,67,4,3147.7,10,2,3149.0,17,3,3149.2,400,2,3149.3,45,1,3149.4,66,2,3149.5,134,4
2031,2026-06-16 13:49:40+05:30,3148.9,1,3132.55,2598297,132255.0,198625.0,3163.0,3163.0,3108.0,3134.3,32007000,3447.7,2820.9,3839.9,2896.0,3148.3,4,1,3148.0,17,1,3147.9,2,1,3147.8,67,4,3147.7,10,2,3149.0,17,3,3149.2,400,2,3149.3,45,1,3149.4,66,2,3149.5,134,4
2031,2026-06-16 13:49:40+05:30,3149.0,1,3132.55,2598298,132212.0,198889.0,3163.0,3163.0,3108.0,3134.3,32007000,3447.7,2820.9,3839.9,2896.0,3148.3,4,1,3148.2,16,1,3148.0,15,1,3147.9,2,1,3147.8,3,1,3149.0,38,5,3149.2,468,4,3149.3,87,2,3149.4,104,3,3149.5,98,4
2031,2026-06-16 13:49:41+05:30,3149.0,1,3132.55,2598298,132212.0,198889.0,3163.0,3163.0,3108.0,3134.3,32007000,3447.7,2820.9,3839.9,2896.0,3148.3,4,1,3148.2,16,1,3148.0,15,1,3147.9,2,1,3147.8,3,1,3149.0,38,5,3149.2,468,4,3149.3,87,2,3149.4,104,3,3149.5,98,4
2031,2026-06-16 13:49:41+05:30,3149.0,1,3132.55,2598298,132230.0,198936.0,3163.0,3163.0,3108.0,3134.3,32007000,3447.7,2820.9,3839.9,2896.0,3148.7,4,1,3148.5,17,1,3148.0,15,1,3147.9,2,1,3147.8,3,1,3149.0,38,5,3149.2,468,4,3149.3,42,1,3149.4,96,3,3149.5,46,3
2031,2026-06-16 13:49:42+05:30,3149.0,1,3132.55,2598298,132168.0,198919.0,3163.0,3163.0,3108.0,3134.3,32007000,3447.7,2820.9,3839.9,2896.0,3148.7,4,1,3148.2,18,1,3147.9,2,1,3147.8,16,2,3147.7,94,3,3149.0,38,5,3149.2,430,3,3149.3,42,1,3149.4,58,2,3149.5,84,4
2031,2026-06-16 13:49:43+05:30,3149.0,1,3132.55,2598298,132316.0,197727.0,3163.0,3163.0,3108.0,3134.3,32007000,3447.7,2820.9,3839.9,2896.0,3148.7,4,1,3148.2,18,1,3147.9,2,1,3147.8,16,2,3147.7,94,3,3149.0,39,6,3149.2,430,3,3149.3,42,1,3149.4,58,2,3149.5,46,3
2031,2026-06-16 13:49:44+05:30,3148.9,1,3132.55,2598298,132316.0,197727.0,3163.0,3163.0,3108.0,3134.3,32007000,3447.7,2820.9,3839.9,2896.0,3148.7,4,1,3148.2,18,1,3147.9,2,1,3147.8,16,2,3147.7,94,3,3149.0,39,6,3149.2,430,3,3149.3,42,1,3149.4,58,2,3149.5,46,3
2031,2026-06-16 13:49:44+05:30,3149.0,34,3132.55,2598507,132108.0,197168.0,3163.0,3163.0,3108.0,3134.3,32007000,3447.7,2820.9,3839.9,2896.0,3147.9,2,1,3147.8,59,2,3147.5,22,2,3147.4,18,3,3147.3,239,3,3149.0,22,1,3149.2,410,3,3149.3,16,1,3149.4,54,2,3149.5,120,2
2031,2026-06-16 13:49:45+05:30,3149.0,34,3132.55,2598507,132108.0,197168.0,3163.0,3163.0,3108.0,3134.3,32007000,3447.7,2820.9,3839.9,2896.0,3147.9,2,1,3147.8,59,2,3147.5,22,2,3147.4,18,3,3147.3,239,3,3149.0,22,1,3149.2,410,3,3149.3,16,1,3149.4,54,2,3149.5,120,2
2031,2026-06-16 13:49:45+05:30,3149.0,34,3132.55,2598507,132445.0,195443.0,3163.0,3163.0,3108.0,3134.3,32007000,3447.7,2820.9,3839.9,2896.0,3148.5,2,2,3147.9,59,7,3147.8,128,5,3147.7,51,3,3147.6,58,3,3149.0,22,1,3149.2,400,2,3149.4,42,1,3149.6,221,2,3149.7,794,9
2031,2026-06-16 13:49:46+05:30,3148.5,1,3132.55,2598507,132445.0,195443.0,3163.0,3163.0,3108.0,3134.3,32007000,3447.7,2820.9,3839.9,2896.0,3148.5,2,2,3147.9,59,7,3147.8,128,5,3147.7,51,3,3147.6,58,3,3149.0,22,1,3149.2,400,2,3149.4,42,1,3149.6,221,2,3149.7,794,9
2031,2026-06-16 13:49:46+05:30,3148.5,1,3132.55,2598513,132222.0,197111.0,3163.0,3163.0,3108.0,3134.3,32007000,3447.7,2820.9,3839.9,2896.0,3148.0,2,1,3147.9,26,5,3147.8,40,3,3147.7,28,2,3147.6,83,5,3148.5,11,2,3149.0,21,1,3149.1,72,2,3149.2,400,2,3149.4,62,2
2031,2026-06-16 13:49:47+05:30,3148.5,1,3132.55,2598513,132149.0,197207.0,3163.0,3163.0,3108.0,3134.3,32007000,3447.7,2820.9,3839.9,2896.0,3148.0,2,1,3147.9,26,5,3147.8,40,3,3147.7,28,2,3147.6,83,5,3148.5,11,2,3149.0,21,1,3149.1,72,2,3149.2,400,2,3149.4,62,2
2031,2026-06-16 13:49:48+05:30,3149.0,10,3132.55,2598513,132149.0,197207.0,3163.0,3163.0,3108.0,3134.3,32007000,3447.7,2820.9,3839.9,2896.0,3148.0,2,1,3147.9,26,5,3147.8,40,3,3147.7,28,2,3147.6,83,5,3148.5,11,2,3149.0,21,1,3149.1,72,2,3149.2,400,2,3149.4,62,2
2031,2026-06-16 13:49:48+05:30,3149.0,10,3132.55,2598537,132723.0,196774.0,3163.0,3163.0,3108.0,3134.3,32007000,3447.7,2820.9,3839.9,2896.0,3148.1,28,4,3148.0,53,4,3147.9,43,8,3147.8,109,6,3147.7,51,3,3149.0,11,1,3149.2,400,2,3149.6,221,2,3149.7,706,6,3149.8,75,3
2031,2026-06-16 13:49:49+05:30,3149.0,10,3132.55,2598537,132649.0,196774.0,3163.0,3163.0,3108.0,3134.3,32007000,3447.7,2820.9,3839.9,2896.0,3148.2,15,1,3148.1,26,4,3148.0,11,3,3147.9,27,7,3147.8,109,6,3149.0,11,1,3149.2,400,2,3149.6,221,2,3149.7,706,6,3149.8,75,3
2031,2026-06-16 13:49:50+05:30,3149.0,1,3132.55,2598541,132700.0,196811.0,3163.0,3163.0,3108.0,3134.3,32007000,3447.7,2820.9,3839.9,2896.0,3148.2,25,5,3148.1,29,4,3148.0,64,6,3147.9,40,8,3147.8,112,6,3149.0,24,3,3149.2,400,2,3149.6,221,2,3149.7,647,5,3149.8,75,3
2031,2026-06-16 13:49:51+05:30,3149.0,10,3132.55,2598541,132700.0,196811.0,3163.0,3163.0,3108.0,3134.3,32007000,3447.7,2820.9,3839.9,2896.0,3148.2,25,5,3148.1,29,4,3148.0,64,6,3147.9,40,8,3147.8,112,6,3149.0,24,3,3149.2,400,2,3149.6,221,2,3149.7,647,5,3149.8,75,3
2031,2026-06-16 13:49:51+05:30,3149.0,10,3132.55,2598753,132408.0,196880.0,3163.0,3163.0,3108.0,3134.3,32007000,3447.7,2820.9,3839.9,2896.0,3148.0,19,2,3147.9,3,2,3147.8,127,5,3147.7,36,2,3147.6,86,5,3149.0,4,2,3149.2,400,2,3149.3,4,1,3149.4,29,1,3149.5,42,1
2031,2026-06-16 13:49:52+05:30,3149.0,10,3132.55,2598753,132406.0,196881.0,3163.0,3163.0,3108.0,3134.3,32007000,3447.7,2820.9,3839.9,2896.0,3148.0,33,3,3147.9,3,2,3147.8,111,4,3147.7,36,2,3147.6,86,5,3149.0,1,1,3149.2,400,2,3149.3,4,1,3149.4,29,1,3149.5,42,1
2031,2026-06-16 13:49:53+05:30,3149.0,10,3132.55,2598753,132185.0,196828.0,3163.0,3163.0,3108.0,3134.3,32007000,3447.7,2820.9,3839.9,2896.0,3148.0,33,3,3147.9,3,2,3147.8,55,2,3147.7,17,2,3147.6,81,5,3148.5,1,1,3148.7,4,1,3149.0,1,1,3149.1,10,1,3149.2,400,2
2031,2026-06-16 13:49:54+05:30,3148.5,1,3132.55,2598753,132185.0,196828.0,3163.0,3163.0,3108.0,3134.3,32007000,3447.7,2820.9,3839.9,2896.0,3148.0,33,3,3147.9,3,2,3147.8,55,2,3147.7,17,2,3147.6,81,5,3148.5,1,1,3148.7,4,1,3149.0,1,1,3149.1,10,1,3149.2,400,2
2031,2026-06-16 13:49:54+05:30,3148.5,1,3132.55,2598754,132172.0,197257.0,3163.0,3163.0,3108.0,3134.3,32007000,3447.7,2820.9,3839.9,2896.0,3148.2,18,1,3148.0,1,1,3147.9,3,2,3147.8,56,2,3147.7,17,2,3148.5,17,1,3148.7,4,1,3149.0,1,1,3149.1,10,1,3149.2,400,2
2031,2026-06-16 13:49:55+05:30,3149.0,9,3132.55,2598754,132172.0,197257.0,3163.0,3163.0,3108.0,3134.3,32007000,3447.7,2820.9,3839.9,2896.0,3148.2,18,1,3148.0,1,1,3147.9,3,2,3147.8,56,2,3147.7,17,2,3148.5,17,1,3148.7,4,1,3149.0,1,1,3149.1,10,1,3149.2,400,2
2031,2026-06-16 13:49:56+05:30,3149.0,9,3132.55,2599223,131982.0,197768.0,3163.0,3163.0,3108.0,3134.3,32007000,3447.7,2820.9,3839.9,2896.0,3148.2,18,1,3148.0,15,2,3147.9,2,1,3147.7,20,1,3147.6,52,2,3149.1,42,3,3149.2,45,2,3149.3,310,3,3149.4,208,4,3149.5,55,1
2031,2026-06-16 13:49:56+05:30,3148.6,1,3132.55,2599223,131982.0,197768.0,3163.0,3163.0,3108.0,3134.3,32007000,3447.7,2820.9,3839.9,2896.0,3148.2,18,1,3148.0,15,2,3147.9,2,1,3147.7,20,1,3147.6,52,2,3149.1,42,3,3149.2,45,2,3149.3,310,3,3149.4,208,4,3149.5,55,1
2031,2026-06-16 13:49:57+05:30,3148.6,1,3132.55,2599224,131831.0,197565.0,3163.0,3163.0,3108.0,3134.3,32007000,3447.7,2820.9,3839.9,2896.0,3148.2,18,1,3148.0,1,1,3147.9,37,3,3147.8,19,3,3147.7,15,1,3148.6,1,1,3149.1,21,1,3149.2,39,2,3149.3,272,2,3149.4,166,3
2031,2026-06-16 13:49:57+05:30,3148.6,1,3132.55,2599224,131831.0,197565.0,3163.0,3163.0,3108.0,3134.3,32007000,3447.7,2820.9,3839.9,2896.0,3148.2,18,1,3148.0,1,1,3147.9,37,3,3147.8,19,3,3147.7,15,1,3148.6,1,1,3149.1,21,1,3149.2,39,2,3149.3,272,2,3149.4,166,3
2031,2026-06-16 13:49:58+05:30,3148.6,1,3132.55,2599240,131870.0,197198.0,3163.0,3163.0,3108.0,3134.3,32007000,3447.7,2820.9,3839.9,2896.0,3148.2,18,1,3148.0,24,3,3147.9,45,4,3147.8,3,1,3147.7,2,1,3148.6,23,2,3149.1,21,1,3149.3,272,2,3149.4,104,2,3149.5,15,1
2031,2026-06-16 13:49:58+05:30,3148.6,5,3132.55,2599240,131870.0,197198.0,3163.0,3163.0,3108.0,3134.3,32007000,3447.7,2820.9,3839.9,2896.0,3148.2,18,1,3148.0,24,3,3147.9,45,4,3147.8,3,1,3147.7,2,1,3148.6,23,2,3149.1,21,1,3149.3,272,2,3149.4,104,2,3149.5,15,1
2031,2026-06-16 13:49:59+05:30,3148.6,1,3132.55,2599290,132153.0,196527.0,3163.0,3163.0,3108.0,3134.3,32007000,3447.7,2820.9,3839.9,2896.0,3148.5,17,1,3148.0,41,4,3147.9,71,6,3147.8,3,1,3147.6,106,5,3148.6,1,1,3149.1,21,1,3149.3,272,2,3149.5,30,1,3149.6,23,2
2031,2026-06-16 13:49:59+05:30,3148.6,6,3132.55,2599290,132153.0,196527.0,3163.0,3163.0,3108.0,3134.3,32007000,3447.7,2820.9,3839.9,2896.0,3148.5,17,1,3148.0,41,4,3147.9,71,6,3147.8,3,1,3147.6,106,5,3148.6,1,1,3149.1,21,1,3149.3,272,2,3149.5,30,1,3149.6,23,2
2031,2026-06-16 13:50:00+05:30,3148.6,6,3132.55,2599296,132303.0,197335.0,3163.0,3163.0,3108.0,3134.3,32007000,3447.7,2820.9,3839.9,2896.0,3148.6,17,3,3148.0,18,2,3147.9,36,2,3147.8,19,2,3147.7,24,2,3149.1,22,2,3149.3,349,5,3149.4,38,1,3149.6,2,1,3149.7,609,9
2031,2026-06-16 13:50:00+05:30,3148.9,1,3132.55,2599296,132303.0,197335.0,3163.0,3163.0,3108.0,3134.3,32007000,3447.7,2820.9,3839.9,2896.0,3148.6,17,3,3148.0,18,2,3147.9,36,2,3147.8,19,2,3147.7,24,2,3149.1,22,2,3149.3,349,5,3149.4,38,1,3149.6,2,1,3149.7,609,9
2031,2026-06-16 13:50:01+05:30,3148.9,1,3132.55,2599300,132182.0,197264.0,3163.0,3163.0,3108.0,3134.3,32007000,3447.7,2820.9,3839.9,2896.0,3148.6,18,4,3148.2,17,1,3148.0,16,2,3147.9,22,2,3147.8,45,2,3149.0,11,1,3149.1,43,4,3149.2,3,1,3149.3,334,4,3149.6,40,2
2031,2026-06-16 13:50:01+05:30,3148.6,6,3132.55,2599300,132182.0,197264.0,3163.0,3163.0,3108.0,3134.3,32007000,3447.7,2820.9,3839.9,2896.0,3148.6,18,4,3148.2,17,1,3148.0,16,2,3147.9,22,2,3147.8,45,2,3149.0,11,1,3149.1,43,4,3149.2,3,1,3149.3,334,4,3149.6,40,2
2031,2026-06-16 13:50:02+05:30,3148.6,2,3132.55,2599537,131445.0,197691.0,3163.0,3163.0,3108.0,3134.3,32007000,3447.7,2820.9,3839.9,2896.0,3148.6,18,2,3148.0,1,1,3147.9,2,1,3147.8,16,2,3147.5,20,1,3148.7,16,1,3148.8,42,2,3148.9,43,2,3149.0,40,1,3149.1,104,5
2031,2026-06-16 13:50:02+05:30,3148.6,2,3132.55,2599537,131445.0,197691.0,3163.0,3163.0,3108.0,3134.3,32007000,3447.7,2820.9,3839.9,2896.0,3148.6,18,2,3148.0,1,1,3147.9,2,1,3147.8,16,2,3147.5,20,1,3148.7,16,1,3148.8,42,2,3148.9,43,2,3149.0,40,1,3149.1,104,5
2031,2026-06-16 13:50:03+05:30,3148.8,17,3132.56,2599622,131835.0,197616.0,3163.0,3163.0,3108.0,3134.3,32007000,3447.7,2820.9,3839.9,2896.0,3148.8,17,1,3148.6,1,1,3148.0,1,1,3147.9,2,1,3147.8,16,2,3148.9,54,3,3149.1,89,4,3149.3,305,3,3149.4,82,3,3149.6,68,2
2031,2026-06-16 13:50:03+05:30,3148.8,17,3132.56,2599622,131835.0,197616.0,3163.0,3163.0,3108.0,3134.3,32007000,3447.7,2820.9,3839.9,2896.0,3148.8,17,1,3148.6,1,1,3148.0,1,1,3147.9,2,1,3147.8,16,2,3148.9,54,3,3149.1,89,4,3149.3,305,3,3149.4,82,3,3149.6,68,2
2031,2026-06-16 13:50:04+05:30,3149.0,1,3132.56,2599650,133193.0,197332.0,3163.0,3163.0,3108.0,3134.3,32007000,3447.7,2820.9,3839.9,2896.0,3148.6,1,1,3148.2,15,1,3148.0,14,2,3147.9,86,3,3147.8,108,3,3149.0,10,1,3149.1,43,4,3149.2,301,3,3149.3,86,3,3149.6,266,2
2031,2026-06-16 13:50:04+05:30,3149.0,1,3132.56,2599650,133193.0,197332.0,3163.0,3163.0,3108.0,3134.3,32007000,3447.7,2820.9,3839.9,2896.0,3148.6,1,1,3148.2,15,1,3148.0,14,2,3147.9,86,3,3147.8,108,3,3149.0,10,1,3149.1,43,4,3149.2,301,3,3149.3,86,3,3149.6,266,2
2031,2026-06-16 13:50:05+05:30,3148.7,1,3132.56,2600037,131076.0,197897.0,3163.0,3163.0,3108.0,3134.3,32007000,3447.7,2820.9,3839.9,2896.0,3147.4,3,1,3147.2,1,1,3147.1,35,2,3147.0,558,3,3146.9,20,1,3148.7,119,6,3148.8,60,4,3148.9,21,2,3149.0,38,3,3149.1,145,8
2031,2026-06-16 13:50:05+05:30,3148.6,2,3132.56,2600037,131076.0,197897.0,3163.0,3163.0,3108.0,3134.3,32007000,3447.7,2820.9,3839.9,2896.0,3147.4,3,1,3147.2,1,1,3147.1,35,2,3147.0,558,3,3146.9,20,1,3148.7,119,6,3148.8,60,4,3148.9,21,2,3149.0,38,3,3149.1,145,8
2031,2026-06-16 13:50:06+05:30,3148.6,10,3132.56,2601051,132079.0,195179.0,3163.0,3163.0,3108.0,3134.3,32007000,3447.7,2820.9,3839.9,2896.0,3148.6,15,1,3147.8,49,2,3147.7,73,2,3147.6,106,4,3147.5,141,5,3149.1,17,1,3149.2,417,3,3149.3,53,3,3149.4,146,5,3149.5,29,2
2031,2026-06-16 13:50:06+05:30,3148.6,10,3132.56,2601051,132079.0,195179.0,3163.0,3163.0,3108.0,3134.3,32007000,3447.7,2820.9,3839.9,2896.0,3148.6,15,1,3147.8,49,2,3147.7,73,2,3147.6,106,4,3147.5,141,5,3149.1,17,1,3149.2,417,3,3149.3,53,3,3149.4,146,5,3149.5,29,2
2031,2026-06-16 13:50:07+05:30,3148.7,16,3132.56,2601073,132279.0,197383.0,3163.0,3163.0,3108.0,3134.3,32007000,3447.7,2820.9,3839.9,2896.0,3148.6,22,2,3147.8,102,2,3147.7,129,4,3147.6,106,4,3147.5,165,7,3148.7,19,1,3149.1,17,1,3149.2,417,3,3149.3,20,2,3149.4,55,2
2031,2026-06-16 13:50:07+05:30,3148.7,16,3132.56,2601073,132279.0,197383.0,3163.0,3163.0,3108.0,3134.3,32007000,3447.7,2820.9,3839.9,2896.0,3148.6,22,2,3147.8,102,2,3147.7,129,4,3147.6,106,4,3147.5,165,7,3148.7,19,1,3149.1,17,1,3149.2,417,3,3149.3,20,2,3149.4,55,2
2031,2026-06-16 13:50:08+05:30,3148.7,16,3132.56,2601073,132203.0,197283.0,3163.0,3163.0,3108.0,3134.3,32007000,3447.7,2820.9,3839.9,2896.0,3148.6,90,2,3148.2,6,1,3147.9,28,3,3147.8,102,2,3147.7,142,5,3148.7,19,1,3149.2,400,2,3149.3,17,1,3149.4,22,1,3149.5,19,1
2031,2026-06-16 13:50:09+05:30,3148.6,23,3132.56,2601073,132203.0,197283.0,3163.0,3163.0,3108.0,3134.3,32007000,3447.7,2820.9,3839.9,2896.0,3148.6,90,2,3148.2,6,1,3147.9,28,3,3147.8,102,2,3147.7,142,5,3148.7,19,1,3149.2,400,2,3149.3,17,1,3149.4,22,1,3149.5,19,1
2031,2026-06-16 13:50:09+05:30,3148.6,23,3132.57,2601296,131746.0,197433.0,3163.0,3163.0,3108.0,3134.3,32007000,3447.7,2820.9,3839.9,2896.0,3148.6,3,1,3147.7,16,2,3147.6,170,2,3147.5,89,5,3147.4,19,3,3148.7,19,1,3149.0,5,1,3149.3,441,5,3149.4,94,4,3149.5,68,3
2031,2026-06-16 13:50:10+05:30,3149.3,60,3132.57,2601296,131746.0,197433.0,3163.0,3163.0,3108.0,3134.3,32007000,3447.7,2820.9,3839.9,2896.0,3148.6,3,1,3147.7,16,2,3147.6,170,2,3147.5,89,5,3147.4,19,3,3148.7,19,1,3149.0,5,1,3149.3,441,5,3149.4,94,4,3149.5,68,3
2031,2026-06-16 13:50:10+05:30,3149.3,60,3132.57,2601397,133655.0,196731.0,3163.0,3163.0,3108.0,3134.3,32007000,3447.7,2820.9,3839.9,2896.0,3148.8,1,1,3148.6,41,2,3148.4,3,1,3148.3,11,1,3148.2,108,3,3149.2,200,1,3149.3,140,1,3149.7,205,2,3149.8,682,7,3149.9,216,3
2031,2026-06-16 13:50:11+05:30,3148.8,1,3132.57,2601397,133655.0,196731.0,3163.0,3163.0,3108.0,3134.3,32007000,3447.7,2820.9,3839.9,2896.0,3148.8,1,1,3148.6,41,2,3148.4,3,1,3148.3,11,1,3148.2,108,3,3149.2,200,1,3149.3,140,1,3149.7,205,2,3149.8,682,7,3149.9,216,3
2031,2026-06-16 13:50:11+05:30,3148.8,1,3132.57,2601398,132722.0,196832.0,3163.0,3163.0,3108.0,3134.3,32007000,3447.7,2820.9,3839.9,2896.0,3148.8,2,1,3148.6,41,2,3148.4,7,2,3148.3,11,1,3148.2,146,6,3149.2,200,1,3149.3,140,1,3149.7,205,2,3149.8,649,6,3149.9,216,3
2031,2026-06-16 13:50:12+05:30,3149.2,1,3132.57,2601398,132722.0,196832.0,3163.0,3163.0,3108.0,3134.3,32007000,3447.7,2820.9,3839.9,2896.0,3148.8,2,1,3148.6,41,2,3148.4,7,2,3148.3,11,1,3148.2,146,6,3149.2,200,1,3149.3,140,1,3149.7,205,2,3149.8,649,6,3149.9,216,3
2031,2026-06-16 13:50:12+05:30,3149.2,1,3132.57,2601621,132061.0,196703.0,3163.0,3163.0,3108.0,3134.3,32007000,3447.7,2820.9,3839.9,2896.0,3148.6,17,2,3148.5,8,1,3148.4,6,1,3148.3,13,1,3148.2,46,2,3149.2,213,2,3149.3,140,1,3149.6,23,1,3149.7,205,2,3149.8,495,6
2031,2026-06-16 13:50:13+05:30,3148.6,1,3132.57,2601621,132061.0,196703.0,3163.0,3163.0,3108.0,3134.3,32007000,3447.7,2820.9,3839.9,2896.0,3148.6,17,2,3148.5,8,1,3148.4,6,1,3148.3,13,1,3148.2,46,2,3149.2,213,2,3149.3,140,1,3149.6,23,1,3149.7,205,2,3149.8,495,6
2031,2026-06-16 13:50:13+05:30,3149.0,200,3132.57,2601924,132811.0,196678.0,3163.0,3163.0,3108.0,3134.3,32007000,3447.7,2820.9,3839.9,2896.0,3149.0,100,1,3148.6,14,1,3148.2,12,1,3148.1,52,4,3148.0,56,2,3149.2,48,2,3149.3,340,2,3149.6,23,1,3149.7,238,3,3149.8,665,6
2031,2026-06-16 13:50:14+05:30,3149.0,200,3132.57,2601924,132811.0,196678.0,3163.0,3163.0,3108.0,3134.3,32007000,3447.7,2820.9,3839.9,2896.0,3149.0,100,1,3148.6,14,1,3148.2,12,1,3148.1,52,4,3148.0,56,2,3149.2,48,2,3149.3,340,2,3149.6,23,1,3149.7,238,3,3149.8,665,6
2031,2026-06-16 13:50:14+05:30,3149.0,200,3132.57,2601924,132881.0,196616.0,3163.0,3163.0,3108.0,3134.3,32007000,3447.7,2820.9,3839.9,2896.0,3149.0,105,4,3148.6,14,1,3148.3,14,1,3148.2,67,3,3148.1,41,4,3149.2,48,2,3149.3,140,1,3149.6,223,2,3149.7,205,2,3149.8,628,5
2031,2026-06-16 13:50:15+05:30,3149.2,1,3132.57,2601924,132881.0,196616.0,3163.0,3163.0,3108.0,3134.3,32007000,3447.7,2820.9,3839.9,2896.0,3149.0,105,4,3148.6,14,1,3148.3,14,1,3148.2,67,3,3148.1,41,4,3149.2,48,2,3149.3,140,1,3149.6,223,2,3149.7,205,2,3149.8,628,5
2031,2026-06-16 13:50:15+05:30,3149.2,1,3132.57,2601925,132928.0,195776.0,3163.0,3163.0,3108.0,3134.3,32007000,3447.7,2820.9,3839.9,2896.0,3149.1,2,2,3149.0,106,5,3148.7,26,3,3148.6,21,2,3148.5,63,3,3149.2,47,2,3149.6,23,1,3149.7,5,1,3149.8,37,3,3149.9,142,2
2031,2026-06-16 13:50:16+05:30,3149.1,8,3132.57,2601925,132928.0,195776.0,3163.0,3163.0,3108.0,3134.3,32007000,3447.7,2820.9,3839.9,2896.0,3149.1,2,2,3149.0,106,5,3148.7,26,3,3148.6,21,2,3148.5,63,3,3149.2,47,2,3149.6,23,1,3149.7,5,1,3149.8,37,3,3149.9,142,2
2031,2026-06-16 13:50:16+05:30,3149.1,8,3132.57,2601935,133049.0,195585.0,3163.0,3163.0,3108.0,3134.3,32007000,3447.7,2820.9,3839.9,2896.0,3149.1,11,3,3149.0,106,5,3148.7,19,2,3148.6,7,1,3148.5,63,3,3149.2,47,2,3149.6,23,1,3149.7,5,1,3149.8,28,2,3149.9,142,2
2031,2026-06-16 13:50:17+05:30,3149.2,45,3132.57,2601935,133049.0,195585.0,3163.0,3163.0,3108.0,3134.3,32007000,3447.7,2820.9,3839.9,2896.0,3149.1,11,3,3149.0,106,5,3148.7,19,2,3148.6,7,1,3148.5,63,3,3149.2,47,2,3149.6,23,1,3149.7,5,1,3149.8,28,2,3149.9,142,2
2031,2026-06-16 13:50:17+05:30,3149.2,45,3132.57,2601992,133479.0,195777.0,3163.0,3163.0,3108.0,3134.3,32007000,3447.7,2820.9,3839.9,2896.0,3149.1,17,3,3149.0,106,5,3148.9,3,1,3148.8,192,2,3148.7,19,2,3149.7,5,1,3149.8,28,2,3149.9,142,2,3150.0,2221,49,3150.1,19,1
2031,2026-06-16 13:50:18+05:30,3149.9,20,3132.57,2601992,133479.0,195777.0,3163.0,3163.0,3108.0,3134.3,32007000,3447.7,2820.9,3839.9,2896.0,3149.1,17,3,3149.0,106,5,3148.9,3,1,3148.8,192,2,3148.7,19,2,3149.7,5,1,3149.8,28,2,3149.9,142,2,3150.0,2221,49,3150.1,19,1
2031,2026-06-16 13:50:18+05:30,3149.9,20,3132.57,2602050,133617.0,194960.0,3163.0,3163.0,3108.0,3134.3,32007000,3447.7,2820.9,3839.9,2896.0,3149.1,17,3,3149.0,106,5,3148.9,49,3,3148.8,211,3,3148.7,19,2,3149.9,120,1,3150.0,2221,49,3150.2,200,1,3150.3,246,2,3150.4,420,3
2031,2026-06-16 13:50:19+05:30,3149.8,1,3132.57,2602050,133617.0,194960.0,3163.0,3163.0,3108.0,3134.3,32007000,3447.7,2820.9,3839.9,2896.0,3149.1,17,3,3149.0,106,5,3148.9,49,3,3148.8,211,3,3148.7,19,2,3149.9,120,1,3150.0,2221,49,3150.2,200,1,3150.3,246,2,3150.4,420,3
2031,2026-06-16 13:50:19+05:30,3149.8,1,3132.57,2602061,133427.0,195750.0,3163.0,3163.0,3108.0,3134.3,32007000,3447.7,2820.9,3839.9,2896.0,3149.1,8,2,3149.0,105,4,3148.9,49,3,3148.8,150,1,3148.6,29,1,3149.8,9,1,3149.9,221,4,3150.0,2221,49,3150.2,200,1,3150.3,284,3
2031,2026-06-16 13:50:20+05:30,3149.4,1,3132.57,2602061,133427.0,195750.0,3163.0,3163.0,3108.0,3134.3,32007000,3447.7,2820.9,3839.9,2896.0,3149.1,8,2,3149.0,105,4,3148.9,49,3,3148.8,150,1,3148.6,29,1,3149.8,9,1,3149.9,221,4,3150.0,2221,49,3150.2,200,1,3150.3,284,3
2031,2026-06-16 13:50:20+05:30,3149.4,1,3132.57,2602078,133211.0,195811.0,3163.0,3163.0,3108.0,3134.3,32007000,3447.7,2820.9,3839.9,2896.0,3149.3,16,1,3149.0,105,4,3148.9,49,3,3148.8,150,1,3148.6,29,1,3149.8,10,1,3149.9,211,3,3150.0,2246,48,3150.2,270,3,3150.3,270,3
2031,2026-06-16 13:50:21+05:30,3149.4,1,3132.57,2602078,133211.0,195811.0,3163.0,3163.0,3108.0,3134.3,32007000,3447.7,2820.9,3839.9,2896.0,3149.3,16,1,3149.0,105,4,3148.9,49,3,3148.8,150,1,3148.6,29,1,3149.8,10,1,3149.9,211,3,3150.0,2246,48,3150.2,270,3,3150.3,270,3
2031,2026-06-16 13:50:21+05:30,3149.4,1,3132.57,2602078,133272.0,195831.0,3163.0,3163.0,3108.0,3134.3,32007000,3447.7,2820.9,3839.9,2896.0,3149.3,16,1,3149.0,105,4,3148.9,49,3,3148.8,150,1,3148.6,29,1,3149.8,11,2,3149.9,220,3,3150.0,2246,48,3150.2,270,3,3150.3,270,3
2031,2026-06-16 13:50:22+05:30,3149.4,1,3132.57,2602078,133293.0,195851.0,3163.0,3163.0,3108.0,3134.3,32007000,3447.7,2820.9,3839.9,2896.0,3149.3,16,1,3149.0,105,4,3148.9,49,3,3148.8,165,2,3148.6,29,1,3149.8,11,2,3149.9,220,3,3150.0,2246,48,3150.2,270,3,3150.3,270,3
2031,2026-06-16 13:50:23+05:30,3149.8,1,3132.57,2602078,133293.0,195851.0,3163.0,3163.0,3108.0,3134.3,32007000,3447.7,2820.9,3839.9,2896.0,3149.3,16,1,3149.0,105,4,3148.9,49,3,3148.8,165,2,3148.6,29,1,3149.8,11,2,3149.9,220,3,3150.0,2246,48,3150.2,270,3,3150.3,270,3
2031,2026-06-16 13:50:23+05:30,3149.8,1,3132.57,2602080,133506.0,195900.0,3163.0,3163.0,3108.0,3134.3,32007000,3447.7,2820.9,3839.9,2896.0,3149.3,16,1,3149.0,105,4,3148.9,49,3,3148.8,165,2,3148.6,29,1,3149.8,41,5,3149.9,220,3,3150.0,2252,48,3150.2,270,3,3150.3,270,3
2031,2026-06-16 13:50:23+05:30,3149.8,1,3132.57,2602080,133506.0,195900.0,3163.0,3163.0,3108.0,3134.3,32007000,3447.7,2820.9,3839.9,2896.0,3149.3,16,1,3149.0,105,4,3148.9,49,3,3148.8,165,2,3148.6,29,1,3149.8,41,5,3149.9,220,3,3150.0,2252,48,3150.2,270,3,3150.3,270,3
2031,2026-06-16 13:50:24+05:30,3149.8,6,3132.57,2602080,133506.0,195900.0,3163.0,3163.0,3108.0,3134.3,32007000,3447.7,2820.9,3839.9,2896.0,3149.3,16,1,3149.0,105,4,3148.9,49,3,3148.8,165,2,3148.6,29,1,3149.8,41,5,3149.9,220,3,3150.0,2252,48,3150.2,270,3,3150.3,270,3
2031,2026-06-16 13:50:24+05:30,3149.8,6,3132.57,2602086,133599.0,195816.0,3163.0,3163.0,3108.0,3134.3,32007000,3447.7,2820.9,3839.9,2896.0,3149.3,16,1,3149.0,105,4,3148.9,49,3,3148.8,165,2,3148.6,29,1,3149.8,35,5,3149.9,248,4,3150.0,2252,48,3150.2,270,3,3150.3,270,3
2031,2026-06-16 13:50:25+05:30,3149.0,5,3132.57,2602086,133599.0,195816.0,3163.0,3163.0,3108.0,3134.3,32007000,3447.7,2820.9,3839.9,2896.0,3149.3,16,1,3149.0,105,4,3148.9,49,3,3148.8,165,2,3148.6,29,1,3149.8,35,5,3149.9,248,4,3150.0,2252,48,3150.2,270,3,3150.3,270,3
2031,2026-06-16 13:50:25+05:30,3149.0,1,3132.57,2602640,132271.0,197402.0,3163.0,3163.0,3108.0,3134.3,32007000,3447.7,2820.9,3839.9,2896.0,3149.0,103,3,3148.8,150,1,3148.1,25,2,3147.9,45,3,3147.8,36,3,3149.3,86,4,3149.4,57,2,3149.5,120,1,3149.6,66,2,3149.7,442,3
2031,2026-06-16 13:50:26+05:30,3149.0,1,3132.57,2602640,132271.0,197402.0,3163.0,3163.0,3108.0,3134.3,32007000,3447.7,2820.9,3839.9,2896.0,3149.0,103,3,3148.8,150,1,3148.1,25,2,3147.9,45,3,3147.8,36,3,3149.3,86,4,3149.4,57,2,3149.5,120,1,3149.6,66,2,3149.7,442,3
2031,2026-06-16 13:50:26+05:30,3149.0,9,3132.57,2602640,132271.0,197402.0,3163.0,3163.0,3108.0,3134.3,32007000,3447.7,2820.9,3839.9,2896.0,3149.0,103,3,3148.8,150,1,3148.1,25,2,3147.9,45,3,3147.8,36,3,3149.3,86,4,3149.4,57,2,3149.5,120,1,3149.6,66,2,3149.7,442,3
2031,2026-06-16 13:50:26+05:30,3149.0,1,3132.58,2602754,132489.0,197515.0,3163.0,3163.0,3108.0,3134.3,32007000,3447.7,2820.9,3839.9,2896.0,3149.0,103,3,3148.8,150,1,3148.1,25,2,3147.9,48,4,3147.8,27,2,3149.3,231,6,3149.4,38,1,3149.6,285,4,3149.7,632,4,3149.8,715,6
2031,2026-06-16 13:50:27+05:30,3149.7,24,3132.58,2602754,132489.0,197515.0,3163.0,3163.0,3108.0,3134.3,32007000,3447.7,2820.9,3839.9,2896.0,3149.0,103,3,3148.8,150,1,3148.1,25,2,3147.9,48,4,3147.8,27,2,3149.3,231,6,3149.4,38,1,3149.6,285,4,3149.7,632,4,3149.8,715,6
2031,2026-06-16 13:50:27+05:30,3149.7,24,3132.58,2603754,133081.0,196356.0,3163.0,3163.0,3108.0,3134.3,32007000,3447.7,2820.9,3839.9,2896.0,3149.0,144,4,3148.8,150,1,3148.4,3,1,3148.3,63,2,3148.1,47,3,3149.6,10,1,3149.7,46,3,3149.8,200,1,3149.9,47,2,3150.0,2283,50
2031,2026-06-16 13:50:28+05:30,3149.7,24,3132.58,2603754,133081.0,196356.0,3163.0,3163.0,3108.0,3134.3,32007000,3447.7,2820.9,3839.9,2896.0,3149.0,144,4,3148.8,150,1,3148.4,3,1,3148.3,63,2,3148.1,47,3,3149.6,10,1,3149.7,46,3,3149.8,200,1,3149.9,47,2,3150.0,2283,50
2031,2026-06-16 13:50:28+05:30,3149.0,96,3132.58,2603754,133081.0,196356.0,3163.0,3163.0,3108.0,3134.3,32007000,3447.7,2820.9,3839.9,2896.0,3149.0,144,4,3148.8,150,1,3148.4,3,1,3148.3,63,2,3148.1,47,3,3149.6,10,1,3149.7,46,3,3149.8,200,1,3149.9,47,2,3150.0,2283,50
2031,2026-06-16 13:50:28+05:30,3148.8,94,3132.59,2604307,132074.0,197081.0,3163.0,3163.0,3108.0,3134.3,32007000,3447.7,2820.9,3839.9,2896.0,3148.8,73,2,3148.1,22,1,3147.9,30,2,3147.8,181,2,3147.7,164,2,3149.2,11,1,3149.3,288,5,3149.4,10,1,3149.5,44,3,3149.6,257,3
2031,2026-06-16 13:50:29+05:30,3148.8,2,3132.59,2604307,132074.0,197081.0,3163.0,3163.0,3108.0,3134.3,32007000,3447.7,2820.9,3839.9,2896.0,3148.8,73,2,3148.1,22,1,3147.9,30,2,3147.8,181,2,3147.7,164,2,3149.2,11,1,3149.3,288,5,3149.4,10,1,3149.5,44,3,3149.6,257,3
2031,2026-06-16 13:50:29+05:30,3149.3,126,3132.59,2604445,132258.0,197316.0,3163.0,3163.0,3108.0,3134.3,32007000,3447.7,2820.9,3839.9,2896.0,3148.8,71,2,3148.1,22,1,3147.9,33,3,3147.8,184,3,3147.7,206,3,3149.3,153,5,3149.4,10,1,3149.5,44,3,3149.6,314,3,3149.7,230,3
2031,2026-06-16 13:50:30+05:30,3149.3,126,3132.59,2604445,132258.0,197316.0,3163.0,3163.0,3108.0,3134.3,32007000,3447.7,2820.9,3839.9,2896.0,3148.8,71,2,3148.1,22,1,3147.9,33,3,3147.8,184,3,3147.7,206,3,3149.3,153,5,3149.4,10,1,3149.5,44,3,3149.6,314,3,3149.7,230,3
2031,2026-06-16 13:50:30+05:30,3148.8,4,3132.59,2604445,132258.0,197316.0,3163.0,3163.0,3108.0,3134.3,32007000,3447.7,2820.9,3839.9,2896.0,3148.8,71,2,3148.1,22,1,3147.9,33,3,3147.8,184,3,3147.7,206,3,3149.3,153,5,3149.4,10,1,3149.5,44,3,3149.6,314,3,3149.7,230,3
2031,2026-06-16 13:50:30+05:30,3148.8,4,3132.59,2604460,132881.0,197037.0,3163.0,3163.0,3108.0,3134.3,32007000,3447.7,2820.9,3839.9,2896.0,3149.1,2,2,3148.8,125,5,3148.1,49,3,3148.0,67,4,3147.9,45,3,3149.2,23,1,3149.3,76,3,3149.6,200,1,3149.7,230,3,3149.8,600,3
2031,2026-06-16 13:50:31+05:30,3149.3,11,3132.59,2604460,132881.0,197037.0,3163.0,3163.0,3108.0,3134.3,32007000,3447.7,2820.9,3839.9,2896.0,3149.1,2,2,3148.8,125,5,3148.1,49,3,3148.0,67,4,3147.9,45,3,3149.2,23,1,3149.3,76,3,3149.6,200,1,3149.7,230,3,3149.8,600,3
2031,2026-06-16 13:50:31+05:30,3149.3,11,3132.59,2604460,132881.0,197037.0,3163.0,3163.0,3108.0,3134.3,32007000,3447.7,2820.9,3839.9,2896.0,3149.1,2,2,3148.8,125,5,3148.1,49,3,3148.0,67,4,3147.9,45,3,3149.2,23,1,3149.3,76,3,3149.6,200,1,3149.7,230,3,3149.8,600,3
2031,2026-06-16 13:50:31+05:30,3149.1,43,3132.59,2604566,132639.0,196780.0,3163.0,3163.0,3108.0,3134.3,32007000,3447.7,2820.9,3839.9,2896.0,3149.1,22,3,3148.8,75,4,3148.1,35,2,3148.0,45,2,3147.9,48,4,3149.3,38,3,3149.4,14,1,3149.6,259,3,3149.7,233,3,3149.8,600,3
2031,2026-06-16 13:50:32+05:30,3148.9,57,3132.59,2604566,132639.0,196780.0,3163.0,3163.0,3108.0,3134.3,32007000,3447.7,2820.9,3839.9,2896.0,3149.1,22,3,3148.8,75,4,3148.1,35,2,3148.0,45,2,3147.9,48,4,3149.3,38,3,3149.4,14,1,3149.6,259,3,3149.7,233,3,3149.8,600,3
2031,2026-06-16 13:50:32+05:30,3148.9,57,3132.59,2604743,132063.0,197385.0,3163.0,3163.0,3108.0,3134.3,32007000,3447.7,2820.9,3839.9,2896.0,3148.8,23,3,3148.0,48,3,3147.9,30,2,3147.8,13,1,3147.7,69,3,3148.9,143,1,3149.2,36,1,3149.3,38,3,3149.4,14,1,3149.6,261,3
2031,2026-06-16 13:50:33+05:30,3148.9,57,3132.59,2604743,132063.0,197385.0,3163.0,3163.0,3108.0,3134.3,32007000,3447.7,2820.9,3839.9,2896.0,3148.8,23,3,3148.0,48,3,3147.9,30,2,3147.8,13,1,3147.7,69,3,3148.9,143,1,3149.2,36,1,3149.3,38,3,3149.4,14,1,3149.6,261,3
2031,2026-06-16 13:50:33+05:30,3148.8,1,3132.59,2604743,132063.0,197385.0,3163.0,3163.0,3108.0,3134.3,32007000,3447.7,2820.9,3839.9,2896.0,3148.8,23,3,3148.0,48,3,3147.9,30,2,3147.8,13,1,3147.7,69,3,3148.9,143,1,3149.2,36,1,3149.3,38,3,3149.4,14,1,3149.6,261,3
2031,2026-06-16 13:50:33+05:30,3148.9,1,3132.59,2604812,131726.0,197148.0,3163.0,3163.0,3108.0,3134.3,32007000,3447.7,2820.9,3839.9,2896.0,3148.8,23,3,3147.9,72,3,3147.8,13,1,3147.7,63,2,3147.6,239,7,3148.9,120,1,3149.2,90,3,3149.3,2,2,3149.4,14,1,3149.5,200,1
2031,2026-06-16 13:50:34+05:30,3148.9,1,3132.59,2604812,131726.0,197148.0,3163.0,3163.0,3108.0,3134.3,32007000,3447.7,2820.9,3839.9,2896.0,3148.8,23,3,3147.9,72,3,3147.8,13,1,3147.7,63,2,3147.6,239,7,3148.9,120,1,3149.2,90,3,3149.3,2,2,3149.4,14,1,3149.5,200,1
2031,2026-06-16 13:50:34+05:30,3148.9,16,3132.59,2604812,131726.0,197148.0,3163.0,3163.0,3108.0,3134.3,32007000,3447.7,2820.9,3839.9,2896.0,3148.8,23,3,3147.9,72,3,3147.8,13,1,3147.7,63,2,3147.6,239,7,3148.9,120,1,3149.2,90,3,3149.3,2,2,3149.4,14,1,3149.5,200,1
2031,2026-06-16 13:50:34+05:30,3148.9,16,3132.59,2604948,132234.0,197400.0,3163.0,3163.0,3108.0,3134.3,32007000,3447.7,2820.9,3839.9,2896.0,3148.9,17,2,3148.8,23,3,3148.1,21,1,3147.9,75,4,3147.8,36,2,3149.3,38,3,3149.4,49,2,3149.5,23,1,3149.6,223,2,3149.7,291,4
2031,2026-06-16 13:50:35+05:30,3148.9,16,3132.59,2604948,132234.0,197400.0,3163.0,3163.0,3108.0,3134.3,32007000,3447.7,2820.9,3839.9,2896.0,3148.9,17,2,3148.8,23,3,3148.1,21,1,3147.9,75,4,3147.8,36,2,3149.3,38,3,3149.4,49,2,3149.5,23,1,3149.6,223,2,3149.7,291,4
2031,2026-06-16 13:50:36+05:30,3148.9,16,3132.59,2604948,132186.0,198037.0,3163.0,3163.0,3108.0,3134.3,32007000,3447.7,2820.9,3839.9,2896.0,3148.9,1,1,3148.8,23,3,3148.1,21,1,3147.9,75,4,3147.8,13,1,3149.2,119,5,3149.3,48,4,3149.4,66,2,3149.5,200,1,3149.6,237,3
2031,2026-06-16 13:50:36+05:30,3148.9,16,3132.59,2604948,132186.0,198037.0,3163.0,3163.0,3108.0,3134.3,32007000,3447.7,2820.9,3839.9,2896.0,3148.9,1,1,3148.8,23,3,3148.1,21,1,3147.9,75,4,3147.8,13,1,3149.2,119,5,3149.3,48,4,3149.4,66,2,3149.5,200,1,3149.6,237,3
2031,2026-06-16 13:50:36+05:30,3149.2,18,3132.59,2604948,132186.0,198037.0,3163.0,3163.0,3108.0,3134.3,32007000,3447.7,2820.9,3839.9,2896.0,3148.9,1,1,3148.8,23,3,3148.1,21,1,3147.9,75,4,3147.8,13,1,3149.2,119,5,3149.3,48,4,3149.4,66,2,3149.5,200,1,3149.6,237,3
2031,2026-06-16 13:50:36+05:30,3149.2,18,3132.59,2605103,131363.0,198171.0,3163.0,3163.0,3108.0,3134.3,32007000,3447.7,2820.9,3839.9,2896.0,3148.8,3,1,3148.0,3,1,3147.9,42,1,3147.8,13,1,3147.7,76,3,3149.2,44,3,3149.3,87,5,3149.4,52,1,3149.5,232,2,3149.6,214,2
2031,2026-06-16 13:50:37+05:30,3149.2,18,3132.59,2605103,131363.0,198171.0,3163.0,3163.0,3108.0,3134.3,32007000,3447.7,2820.9,3839.9,2896.0,3148.8,3,1,3148.0,3,1,3147.9,42,1,3147.8,13,1,3147.7,76,3,3149.2,44,3,3149.3,87,5,3149.4,52,1,3149.5,232,2,3149.6,214,2
2031,2026-06-16 13:50:37+05:30,3149.2,18,3132.59,2605103,131140.0,198395.0,3163.0,3163.0,3108.0,3134.3,32007000,3447.7,2820.9,3839.9,2896.0,3148.8,3,1,3147.8,13,1,3147.7,21,1,3147.6,29,3,3147.5,44,3,3148.9,1,1,3149.0,98,2,3149.1,49,2,3149.2,56,3,3149.3,75,5
2031,2026-06-16 13:50:38+05:30,3149.2,18,3132.59,2605103,131140.0,198395.0,3163.0,3163.0,3108.0,3134.3,32007000,3447.7,2820.9,3839.9,2896.0,3148.8,3,1,3147.8,13,1,3147.7,21,1,3147.6,29,3,3147.5,44,3,3148.9,1,1,3149.0,98,2,3149.1,49,2,3149.2,56,3,3149.3,75,5
2031,2026-06-16 13:50:38+05:30,3149.0,7,3132.59,2605103,131140.0,198395.0,3163.0,3163.0,3108.0,3134.3,32007000,3447.7,2820.9,3839.9,2896.0,3148.8,3,1,3147.8,13,1,3147.7,21,1,3147.6,29,3,3147.5,44,3,3148.9,1,1,3149.0,98,2,3149.1,49,2,3149.2,56,3,3149.3,75,5
2031,2026-06-16 13:50:38+05:30,3149.0,7,3132.59,2605118,131549.0,198140.0,3163.0,3163.0,3108.0,3134.3,32007000,3447.7,2820.9,3839.9,2896.0,3148.8,2,1,3148.0,36,1,3147.9,70,2,3147.8,13,1,3147.7,21,1,3149.0,53,1,3149.1,49,2,3149.2,34,2,3149.3,51,3,3149.4,35,1
2031,2026-06-16 13:50:38+05:30,3149.0,7,3132.59,2605118,131549.0,198140.0,3163.0,3163.0,3108.0,3134.3,32007000,3447.7,2820.9,3839.9,2896.0,3148.8,2,1,3148.0,36,1,3147.9,70,2,3147.8,13,1,3147.7,21,1,3149.0,53,1,3149.1,49,2,3149.2,34,2,3149.3,51,3,3149.4,35,1
2031,2026-06-16 13:50:39+05:30,3149.0,7,3132.59,2605118,131549.0,198140.0,3163.0,3163.0,3108.0,3134.3,32007000,3447.7,2820.9,3839.9,2896.0,3148.8,2,1,3148.0,36,1,3147.9,70,2,3147.8,13,1,3147.7,21,1,3149.0,53,1,3149.1,49,2,3149.2,34,2,3149.3,51,3,3149.4,35,1
2031,2026-06-16 13:50:39+05:30,3148.0,18,3132.59,2605118,131549.0,198140.0,3163.0,3163.0,3108.0,3134.3,32007000,3447.7,2820.9,3839.9,2896.0,3148.8,2,1,3148.0,36,1,3147.9,70,2,3147.8,13,1,3147.7,21,1,3149.0,53,1,3149.1,49,2,3149.2,34,2,3149.3,51,3,3149.4,35,1
2031,2026-06-16 13:50:40+05:30,3148.0,18,3132.59,2605193,130607.0,198378.0,3163.0,3163.0,3108.0,3134.3,32007000,3447.7,2820.9,3839.9,2896.0,3147.9,11,1,3147.8,39,5,3147.7,51,2,3147.6,31,3,3147.5,63,6,3148.0,126,1,3149.0,52,1,3149.2,55,3,3149.3,50,2,3149.4,69,3
2031,2026-06-16 13:50:40+05:30,3148.0,18,3132.59,2605193,130607.0,198378.0,3163.0,3163.0,3108.0,3134.3,32007000,3447.7,2820.9,3839.9,2896.0,3147.9,11,1,3147.8,39,5,3147.7,51,2,3147.6,31,3,3147.5,63,6,3148.0,126,1,3149.0,52,1,3149.2,55,3,3149.3,50,2,3149.4,69,3
2031,2026-06-16 13:50:40+05:30,3148.0,20,3132.59,2605193,130607.0,198378.0,3163.0,3163.0,3108.0,3134.3,32007000,3447.7,2820.9,3839.9,2896.0,3147.9,11,1,3147.8,39,5,3147.7,51,2,3147.6,31,3,3147.5,63,6,3148.0,126,1,3149.0,52,1,3149.2,55,3,3149.3,50,2,3149.4,69,3
2031,2026-06-16 13:50:41+05:30,3148.0,5,3132.59,2605218,130269.0,199179.0,3163.0,3163.0,3108.0,3134.3,32007000,3447.7,2820.9,3839.9,2896.0,3147.8,40,3,3147.7,16,2,3147.6,92,5,3147.5,19,5,3147.4,128,8,3148.0,126,2,3149.0,52,1,3149.2,55,3,3149.3,50,2,3149.4,69,3
2031,2026-06-16 13:50:41+05:30,3148.0,5,3132.59,2605218,130269.0,199179.0,3163.0,3163.0,3108.0,3134.3,32007400,3447.7,2820.9,3839.9,2896.0,3147.8,40,3,3147.7,16,2,3147.6,92,5,3147.5,19,5,3147.4,128,8,3148.0,126,2,3149.0,52,1,3149.2,55,3,3149.3,50,2,3149.4,69,3
2031,2026-06-16 13:50:41+05:30,3148.0,8,3132.59,2605218,130269.0,199179.0,3163.0,3163.0,3108.0,3134.3,32007400,3447.7,2820.9,3839.9,2896.0,3147.8,40,3,3147.7,16,2,3147.6,92,5,3147.5,19,5,3147.4,128,8,3148.0,126,2,3149.0,52,1,3149.2,55,3,3149.3,50,2,3149.4,69,3
2031,2026-06-16 13:50:42+05:30,3148.0,8,3132.59,2605226,130223.0,199237.0,3163.0,3163.0,3108.0,3134.3,32007400,3447.7,2820.9,3839.9,2896.0,3147.8,42,4,3147.7,16,2,3147.6,56,5,3147.5,17,4,3147.4,128,8,3148.0,118,2,3149.0,52,1,3149.2,55,3,3149.3,50,2,3149.4,69,3
2031,2026-06-16 13:50:43+05:30,3148.0,1,3132.59,2605227,130283.0,199214.0,3163.0,3163.0,3108.0,3134.3,32007400,3447.7,2820.9,3839.9,2896.0,3147.8,58,7,3147.7,16,2,3147.6,79,5,3147.5,17,4,3147.4,128,8,3148.0,117,2,3149.0,52,1,3149.2,55,3,3149.3,50,2,3149.4,69,3
2031,2026-06-16 13:50:43+05:30,3148.0,1,3132.59,2605227,130283.0,199214.0,3163.0,3163.0,3108.0,3134.3,32007400,3447.7,2820.9,3839.9,2896.0,3147.8,58,7,3147.7,16,2,3147.6,79,5,3147.5,17,4,3147.4,128,8,3148.0,117,2,3149.0,52,1,3149.2,55,3,3149.3,50,2,3149.4,69,3
2031,2026-06-16 13:50:44+05:30,3148.0,1,3132.59,2605227,130352.0,199255.0,3163.0,3163.0,3108.0,3134.3,32007400,3447.7,2820.9,3839.9,2896.0,3147.8,100,5,3147.7,19,3,3147.6,5,1,3147.5,32,6,3147.4,151,7,3148.0,135,3,3149.0,69,2,3149.2,48,3,3149.3,250,3,3149.4,258,4
2031,2026-06-16 13:50:44+05:30,3147.8,41,3132.59,2605227,130352.0,199255.0,3163.0,3163.0,3108.0,3134.3,32007400,3447.7,2820.9,3839.9,2896.0,3147.8,100,5,3147.7,19,3,3147.6,5,1,3147.5,32,6,3147.4,151,7,3148.0,135,3,3149.0,69,2,3149.2,48,3,3149.3,250,3,3149.4,258,4
2031,2026-06-16 13:50:45+05:30,3147.8,41,3132.59,2605319,130358.0,199168.0,3163.0,3163.0,3108.0,3134.3,32007400,3447.7,2820.9,3839.9,2896.0,3147.8,47,4,3147.7,16,2,3147.6,41,2,3147.5,32,6,3147.4,104,7,3148.0,43,2,3149.0,69,2,3149.2,48,3,3149.3,250,3,3149.4,258,4
2031,2026-06-16 13:50:45+05:30,3147.8,5,3132.59,2605319,130358.0,199168.0,3163.0,3163.0,3108.0,3134.3,32007400,3447.7,2820.9,3839.9,2896.0,3147.8,47,4,3147.7,16,2,3147.6,41,2,3147.5,32,6,3147.4,104,7,3148.0,43,2,3149.0,69,2,3149.2,48,3,3149.3,250,3,3149.4,258,4
2031,2026-06-16 13:50:46+05:30,3147.8,5,3132.59,2605361,130208.0,199440.0,3163.0,3163.0,3108.0,3134.3,32007400,3447.7,2820.9,3839.9,2896.0,3147.9,2,2,3147.8,36,5,3147.6,13,1,3147.5,17,4,3147.4,60,7,3148.0,57,3,3149.0,69,2,3149.2,107,4,3149.3,225,3,3149.4,292,5
2031,2026-06-16 13:50:46+05:30,3148.0,9,3132.59,2605361,130208.0,199440.0,3163.0,3163.0,3108.0,3134.3,32007400,3447.7,2820.9,3839.9,2896.0,3147.9,2,2,3147.8,36,5,3147.6,13,1,3147.5,17,4,3147.4,60,7,3148.0,57,3,3149.0,69,2,3149.2,107,4,3149.3,225,3,3149.4,292,5
2031,2026-06-16 13:50:47+05:30,3148.0,9,3132.59,2605469,130422.0,199328.0,3163.0,3163.0,3108.0,3134.3,32007400,3447.7,2820.9,3839.9,2896.0,3147.9,2,2,3147.8,34,4,3147.5,29,3,3147.4,46,3,3147.3,29,2,3149.0,69,2,3149.1,110,3,3149.2,110,3,3149.3,226,3,3149.4,176,1
2031,2026-06-16 13:50:47+05:30,3147.9,1,3132.59,2605469,130422.0,199328.0,3163.0,3163.0,3108.0,3134.3,32007400,3447.7,2820.9,3839.9,2896.0,3147.9,2,2,3147.8,34,4,3147.5,29,3,3147.4,46,3,3147.3,29,2,3149.0,69,2,3149.1,110,3,3149.2,110,3,3149.3,226,3,3149.4,176,1
2031,2026-06-16 13:50:48+05:30,3149.0,15,3132.59,2605496,130978.0,198846.0,3163.0,3163.0,3108.0,3134.3,32007400,3447.7,2820.9,3839.9,2896.0,3147.9,2,2,3147.8,21,3,3147.7,83,2,3147.6,52,1,3147.5,30,4,3148.9,17,1,3149.0,181,6,3149.1,200,1,3149.2,338,5,3149.3,400,2
2031,2026-06-16 13:50:48+05:30,3149.0,15,3132.59,2605496,130978.0,198846.0,3163.0,3163.0,3108.0,3134.3,32007400,3447.7,2820.9,3839.9,2896.0,3147.9,2,2,3147.8,21,3,3147.7,83,2,3147.6,52,1,3147.5,30,4,3148.9,17,1,3149.0,181,6,3149.1,200,1,3149.2,338,5,3149.3,400,2
2031,2026-06-16 13:50:49+05:30,3149.0,15,3132.59,2605496,130982.0,198846.0,3163.0,3163.0,3108.0,3134.3,32007400,3447.7,2820.9,3839.9,2896.0,3147.9,2,2,3147.8,21,3,3147.7,83,2,3147.6,52,1,3147.5,30,4,3148.9,17,1,3149.0,181,6,3149.1,200,1,3149.2,338,5,3149.3,400,2
2031,2026-06-16 13:50:49+05:30,3148.9,1,3132.59,2605496,130982.0,198846.0,3163.0,3163.0,3108.0,3134.3,32007400,3447.7,2820.9,3839.9,2896.0,3147.9,2,2,3147.8,21,3,3147.7,83,2,3147.6,52,1,3147.5,30,4,3148.9,17,1,3149.0,181,6,3149.1,200,1,3149.2,338,5,3149.3,400,2
2031,2026-06-16 13:50:50+05:30,3148.9,1,3132.59,2605498,131181.0,198815.0,3163.0,3163.0,3108.0,3134.3,32007400,3447.7,2820.9,3839.9,2896.0,3148.0,16,1,3147.9,2,2,3147.8,6,2,3147.7,83,2,3147.6,52,1,3148.9,15,1,3149.0,181,6,3149.1,200,1,3149.2,338,5,3149.3,400,2
2031,2026-06-16 13:50:50+05:30,3148.9,1,3132.59,2605498,131181.0,198815.0,3163.0,3163.0,3108.0,3134.3,32007400,3447.7,2820.9,3839.9,2896.0,3148.0,16,1,3147.9,2,2,3147.8,6,2,3147.7,83,2,3147.6,52,1,3148.9,15,1,3149.0,181,6,3149.1,200,1,3149.2,338,5,3149.3,400,2
2031,2026-06-16 13:50:51+05:30,3148.9,1,3132.59,2605498,131235.0,198784.0,3163.0,3163.0,3108.0,3134.3,32007400,3447.7,2820.9,3839.9,2896.0,3148.4,2,2,3148.1,2,1,3148.0,16,1,3147.8,6,2,3147.7,83,2,3148.9,1,1,3149.0,70,2,3149.1,15,1,3149.2,40,2,3149.3,38,1
2031,2026-06-16 13:50:51+05:30,3148.9,10,3132.59,2605498,131235.0,198784.0,3163.0,3163.0,3108.0,3134.3,32007400,3447.7,2820.9,3839.9,2896.0,3148.4,2,2,3148.1,2,1,3148.0,16,1,3147.8,6,2,3147.7,83,2,3148.9,1,1,3149.0,70,2,3149.1,15,1,3149.2,40,2,3149.3,38,1
2031,2026-06-16 13:50:52+05:30,3148.9,10,3132.59,2605509,131147.0,198823.0,3163.0,3163.0,3108.0,3134.3,32007400,3447.7,2820.9,3839.9,2896.0,3148.4,2,2,3148.2,18,1,3148.1,2,1,3147.8,6,2,3147.7,20,1,3148.9,10,1,3149.0,139,6,3149.1,44,3,3149.2,55,2,3149.3,18,1
2031,2026-06-16 13:50:53+05:30,3148.4,1,3132.59,2605510,131301.0,198616.0,3163.0,3163.0,3108.0,3134.3,32007400,3447.7,2820.9,3839.9,2896.0,3148.4,2,2,3148.2,18,1,3147.8,6,2,3147.7,20,1,3147.5,27,3,3148.8,11,1,3148.9,41,3,3149.0,106,5,3149.1,44,3,3149.2,55,2
2031,2026-06-16 13:50:53+05:30,3148.4,1,3132.59,2605510,131301.0,198616.0,3163.0,3163.0,3108.0,3134.3,32007400,3447.7,2820.9,3839.9,2896.0,3148.4,2,2,3148.2,18,1,3147.8,6,2,3147.7,20,1,3147.5,27,3,3148.8,11,1,3148.9,41,3,3149.0,106,5,3149.1,44,3,3149.2,55,2
2031,2026-06-16 13:50:54+05:30,3148.8,23,3132.59,2605676,131108.0,198696.0,3163.0,3163.0,3108.0,3134.3,32007400,3447.7,2820.9,3839.9,2896.0,3148.4,2,2,3148.2,17,1,3147.8,6,2,3147.7,20,1,3147.5,20,1,3148.8,301,5,3148.9,43,3,3149.0,131,6,3149.1,73,4,3149.2,17,1
2031,2026-06-16 13:50:54+05:30,3148.6,1,3132.59,2605676,131108.0,198696.0,3163.0,3163.0,3108.0,3134.3,32007400,3447.7,2820.9,3839.9,2896.0,3148.4,2,2,3148.2,17,1,3147.8,6,2,3147.7,20,1,3147.5,20,1,3148.8,301,5,3148.9,43,3,3149.0,131,6,3149.1,73,4,3149.2,17,1
2031,2026-06-16 13:50:55+05:30,3148.6,1,3132.59,2605728,131157.0,199004.0,3163.0,3163.0,3108.0,3134.3,32007400,3447.7,2820.9,3839.9,2896.0,3148.2,17,1,3147.8,6,2,3147.5,20,1,3147.4,49,4,3147.3,29,2,3148.6,249,3,3148.7,23,2,3148.8,142,6,3148.9,22,1,3149.0,87,3
2031,2026-06-16 13:50:55+05:30,3148.6,10,3132.59,2605728,131157.0,199004.0,3163.0,3163.0,3108.0,3134.3,32007400,3447.7,2820.9,3839.9,2896.0,3148.2,17,1,3147.8,6,2,3147.5,20,1,3147.4,49,4,3147.3,29,2,3148.6,249,3,3148.7,23,2,3148.8,142,6,3148.9,22,1,3149.0,87,3
2031,2026-06-16 13:50:56+05:30,3148.6,1,3132.59,2605739,131183.0,198726.0,3163.0,3163.0,3108.0,3134.3,32007400,3447.7,2820.9,3839.9,2896.0,3148.2,42,1,3147.8,22,2,3147.5,23,2,3147.4,49,4,3147.3,391,4,3148.6,223,3,3148.7,10,1,3148.8,93,4,3149.0,47,2,3149.1,93,4
2031,2026-06-16 13:50:56+05:30,3148.6,18,3132.59,2605739,131183.0,198726.0,3163.0,3163.0,3108.0,3134.3,32007400,3447.7,2820.9,3839.9,2896.0,3148.2,42,1,3147.8,22,2,3147.5,23,2,3147.4,49,4,3147.3,391,4,3148.6,223,3,3148.7,10,1,3148.8,93,4,3149.0,47,2,3149.1,93,4
2031,2026-06-16 13:50:57+05:30,3148.6,18,3132.59,2605768,131197.0,198699.0,3163.0,3163.0,3108.0,3134.3,32007400,3447.7,2820.9,3839.9,2896.0,3148.2,31,1,3147.8,22,2,3147.5,213,3,3147.4,49,4,3147.3,232,4,3148.6,213,4,3148.7,10,1,3148.8,85,3,3149.0,47,2,3149.1,93,4
2031,2026-06-16 13:50:58+05:30,3148.6,18,3132.59,2605768,131184.0,198305.0,3163.0,3163.0,3108.0,3134.3,32007400,3447.7,2820.9,3839.9,2896.0,3148.2,31,1,3147.8,22,2,3147.5,20,1,3147.4,49,4,3147.3,212,4,3148.6,219,5,3148.7,10,1,3148.8,108,4,3148.9,15,1,3149.0,47,2
2031,2026-06-16 13:50:58+05:30,3148.6,1,3132.59,2605768,131184.0,198305.0,3163.0,3163.0,3108.0,3134.3,32007400,3447.7,2820.9,3839.9,2896.0,3148.2,31,1,3147.8,22,2,3147.5,20,1,3147.4,49,4,3147.3,212,4,3148.6,219,5,3148.7,10,1,3148.8,108,4,3148.9,15,1,3149.0,47,2
2031,2026-06-16 13:50:59+05:30,3148.6,7,3132.6,2606002,131632.0,198193.0,3163.0,3163.0,3108.0,3134.3,32007400,3447.7,2820.9,3839.9,2896.0,3147.8,48,6,3147.7,65,5,3147.6,17,3,3147.5,139,4,3147.4,118,6,3148.6,19,2,3148.8,39,1,3149.0,47,2,3149.2,15,1,3149.3,20,2
2031,2026-06-16 13:50:59+05:30,3148.6,7,3132.6,2606002,131632.0,198193.0,3163.0,3163.0,3108.0,3134.3,32007400,3447.7,2820.9,3839.9,2896.0,3147.8,48,6,3147.7,65,5,3147.6,17,3,3147.5,139,4,3147.4,118,6,3148.6,19,2,3148.8,39,1,3149.0,47,2,3149.2,15,1,3149.3,20,2
2031,2026-06-16 13:51:00+05:30,3148.6,7,3132.6,2606002,131543.0,198336.0,3163.0,3163.0,3108.0,3134.3,32007400,3447.7,2820.9,3839.9,2896.0,3148.2,6,1,3147.8,46,5,3147.7,67,6,3147.6,180,4,3147.5,139,4,3148.6,19,2,3148.8,39,1,3149.0,47,2,3149.2,15,1,3149.3,20,2
2031,2026-06-16 13:51:00+05:30,3148.6,1,3132.6,2606002,131543.0,198336.0,3163.0,3163.0,3108.0,3134.3,32007400,3447.7,2820.9,3839.9,2896.0,3148.2,6,1,3147.8,46,5,3147.7,67,6,3147.6,180,4,3147.5,139,4,3148.6,19,2,3148.8,39,1,3149.0,47,2,3149.2,15,1,3149.3,20,2
2031,2026-06-16 13:51:01+05:30,3147.8,3,3132.6,2606203,130817.0,198921.0,3163.0,3163.0,3108.0,3134.3,32007400,3447.7,2820.9,3839.9,2896.0,3148.2,3,1,3147.8,13,1,3147.6,3,1,3147.5,20,1,3147.4,47,4,3148.6,37,3,3148.8,92,3,3148.9,5,1,3149.0,153,5,3149.1,202,2
2031,2026-06-16 13:51:01+05:30,3147.8,3,3132.6,2606203,130817.0,198921.0,3163.0,3163.0,3108.0,3134.3,32007400,3447.7,2820.9,3839.9,2896.0,3148.2,3,1,3147.8,13,1,3147.6,3,1,3147.5,20,1,3147.4,47,4,3148.6,37,3,3148.8,92,3,3148.9,5,1,3149.0,153,5,3149.1,202,2
2031,2026-06-16 13:51:02+05:30,3147.8,3,3132.6,2606203,130827.0,199085.0,3163.0,3163.0,3108.0,3134.3,32007400,3447.7,2820.9,3839.9,2896.0,3148.2,3,1,3147.8,13,1,3147.6,3,1,3147.5,20,1,3147.4,47,4,3148.6,58,5,3148.8,124,4,3148.9,5,1,3149.0,157,5,3149.1,274,4
2031,2026-06-16 13:51:02+05:30,3148.6,1,3132.6,2606203,130827.0,199085.0,3163.0,3163.0,3108.0,3134.3,32007400,3447.7,2820.9,3839.9,2896.0,3148.2,3,1,3147.8,13,1,3147.6,3,1,3147.5,20,1,3147.4,47,4,3148.6,58,5,3148.8,124,4,3148.9,5,1,3149.0,157,5,3149.1,274,4
2031,2026-06-16 13:51:03+05:30,3148.6,7,3132.6,2606247,131133.0,198991.0,3163.0,3163.0,3108.0,3134.3,32007400,3447.7,2820.9,3839.9,2896.0,3148.2,3,1,3147.8,29,2,3147.6,58,3,3147.5,20,1,3147.4,46,3,3148.6,14,2,3148.8,54,2,3149.0,83,3,3149.1,274,4,3149.2,221,2
2031,2026-06-16 13:51:03+05:30,3148.6,7,3132.6,2606247,131133.0,198991.0,3163.0,3163.0,3108.0,3134.3,32007400,3447.7,2820.9,3839.9,2896.0,3148.2,3,1,3147.8,29,2,3147.6,58,3,3147.5,20,1,3147.4,46,3,3148.6,14,2,3148.8,54,2,3149.0,83,3,3149.1,274,4,3149.2,221,2
2031,2026-06-16 13:51:04+05:30,3148.6,7,3132.6,2606247,131121.0,199011.0,3163.0,3163.0,3108.0,3134.3,32007400,3447.7,2820.9,3839.9,2896.0,3148.2,3,1,3147.8,29,2,3147.6,3,1,3147.5,20,1,3147.4,47,4,3148.6,14,2,3148.8,54,2,3148.9,32,1,3149.0,83,3,3149.1,300,5
2031,2026-06-16 13:51:05+05:30,3148.6,7,3132.6,2606247,131125.0,199011.0,3163.0,3163.0,3108.0,3134.3,32007400,3447.7,2820.9,3839.9,2896.0,3148.2,3,1,3147.8,29,2,3147.6,3,1,3147.5,20,1,3147.4,47,4,3148.6,14,2,3148.8,54,2,3148.9,32,1,3149.0,83,3,3149.1,300,5
2031,2026-06-16 13:51:05+05:30,3148.6,1,3132.6,2606247,131125.0,199011.0,3163.0,3163.0,3108.0,3134.3,32007400,3447.7,2820.9,3839.9,2896.0,3148.2,3,1,3147.8,29,2,3147.6,3,1,3147.5,20,1,3147.4,47,4,3148.6,14,2,3148.8,54,2,3148.9,32,1,3149.0,83,3,3149.1,300,5
2031,2026-06-16 13:51:06+05:30,3148.6,1,3132.6,2606249,131110.0,199346.0,3163.0,3163.0,3108.0,3134.3,32007400,3447.7,2820.9,3839.9,2896.0,3148.2,16,2,3147.8,13,1,3147.6,3,1,3147.5,20,1,3147.4,47,4,3148.6,68,4,3148.8,15,1,3148.9,32,1,3149.0,83,3,3149.1,300,5
2031,2026-06-16 13:51:06+05:30,3148.2,8,3132.6,2606249,131110.0,199346.0,3163.0,3163.0,3108.0,3134.3,32007400,3447.7,2820.9,3839.9,2896.0,3148.2,16,2,3147.8,13,1,3147.6,3,1,3147.5,20,1,3147.4,47,4,3148.6,68,4,3148.8,15,1,3148.9,32,1,3149.0,83,3,3149.1,300,5
2031,2026-06-16 13:51:07+05:30,3148.2,8,3132.6,2606259,130829.0,199574.0,3163.0,3163.0,3108.0,3134.3,32007400,3447.7,2820.9,3839.9,2896.0,3148.2,3,1,3147.8,32,2,3147.6,3,1,3147.5,20,1,3147.4,4,2,3148.5,1,1,3148.6,186,5,3148.8,15,1,3148.9,32,1,3149.0,83,3
2031,2026-06-16 13:51:08+05:30,3148.6,5,3132.6,2606265,130815.0,200147.0,3163.0,3163.0,3108.0,3134.3,32007400,3447.7,2820.9,3839.9,2896.0,3148.2,22,2,3147.8,13,1,3147.6,3,1,3147.5,20,1,3147.4,4,2,3148.6,181,5,3148.7,15,1,3148.9,32,1,3149.0,247,3,3149.1,236,4
2031,2026-06-16 13:51:08+05:30,3148.6,5,3132.6,2606265,130815.0,200147.0,3163.0,3163.0,3108.0,3134.3,32007400,3447.7,2820.9,3839.9,2896.0,3148.2,22,2,3147.8,13,1,3147.6,3,1,3147.5,20,1,3147.4,4,2,3148.6,181,5,3148.7,15,1,3148.9,32,1,3149.0,247,3,3149.1,236,4
2031,2026-06-16 13:51:09+05:30,3148.6,1,3132.6,2606266,130820.0,200006.0,3163.0,3163.0,3108.0,3134.3,32007400,3447.7,2820.9,3839.9,2896.0,3148.4,3,1,3148.0,15,1,3147.8,13,1,3147.6,3,1,3147.5,20,1,3148.6,230,6,3148.8,15,1,3148.9,32,1,3149.0,47,2,3149.1,260,4
2031,2026-06-16 13:51:09+05:30,3148.6,1,3132.6,2606266,130820.0,200006.0,3163.0,3163.0,3108.0,3134.3,32007400,3447.7,2820.9,3839.9,2896.0,3148.4,3,1,3148.0,15,1,3147.8,13,1,3147.6,3,1,3147.5,20,1,3148.6,230,6,3148.8,15,1,3148.9,32,1,3149.0,47,2,3149.1,260,4
2031,2026-06-16 13:51:10+05:30,3148.6,1,3132.6,2606266,130814.0,200008.0,3163.0,3163.0,3108.0,3134.3,32007400,3447.7,2820.9,3839.9,2896.0,3148.4,3,1,3148.2,18,1,3147.8,13,1,3147.6,3,1,3147.5,20,1,3148.6,231,7,3148.7,15,1,3148.9,32,1,3149.0,247,3,3149.1,236,4
2031,2026-06-16 13:51:11+05:30,3148.6,1,3132.6,2606267,130820.0,200008.0,3163.0,3163.0,3108.0,3134.3,32007400,3447.7,2820.9,3839.9,2896.0,3148.4,3,1,3148.2,18,1,3147.8,13,1,3147.6,3,1,3147.5,20,1,3148.6,230,7,3148.7,15,1,3148.9,32,1,3149.0,247,3,3149.1,236,4
2031,2026-06-16 13:51:11+05:30,3148.6,6,3132.6,2606267,130820.0,200008.0,3163.0,3163.0,3108.0,3134.3,32007400,3447.7,2820.9,3839.9,2896.0,3148.4,3,1,3148.2,18,1,3147.8,13,1,3147.6,3,1,3147.5,20,1,3148.6,230,7,3148.7,15,1,3148.9,32,1,3149.0,247,3,3149.1,236,4
2031,2026-06-16 13:51:12+05:30,3148.0,15,3132.6,2606494,131017.0,199243.0,3163.0,3163.0,3108.0,3134.3,32007400,3447.7,2820.9,3839.9,2896.0,3148.4,2,1,3148.0,185,1,3147.8,29,2,3147.6,3,1,3147.5,62,2,3148.6,81,4,3148.8,15,1,3149.0,79,3,3149.1,220,2,3149.2,176,1
2031,2026-06-16 13:51:12+05:30,3148.0,15,3132.6,2606494,131017.0,199243.0,3163.0,3163.0,3108.0,3134.3,32007400,3447.7,2820.9,3839.9,2896.0,3148.4,2,1,3148.0,185,1,3147.8,29,2,3147.6,3,1,3147.5,62,2,3148.6,81,4,3148.8,15,1,3149.0,79,3,3149.1,220,2,3149.2,176,1
2031,2026-06-16 13:51:13+05:30,3148.4,14,3132.6,2606508,131158.0,199492.0,3163.0,3163.0,3108.0,3134.3,32007400,3447.7,2820.9,3839.9,2896.0,3148.0,186,2,3147.8,29,2,3147.4,4,2,3147.3,35,2,3147.2,23,3,3148.4,1,1,3148.5,28,2,3148.6,281,5,3148.7,176,1,3148.8,600,3
2031,2026-06-16 13:51:13+05:30,3148.0,10,3132.6,2606508,131158.0,199492.0,3163.0,3163.0,3108.0,3134.3,32007400,3447.7,2820.9,3839.9,2896.0,3148.0,186,2,3147.8,29,2,3147.4,4,2,3147.3,35,2,3147.2,23,3,3148.4,1,1,3148.5,28,2,3148.6,281,5,3148.7,176,1,3148.8,600,3
2031,2026-06-16 13:51:14+05:30,3148.0,10,3132.6,2606519,131203.0,199534.0,3163.0,3163.0,3108.0,3134.3,32007400,3447.7,2820.9,3839.9,2896.0,3148.4,6,1,3148.0,229,4,3147.8,13,1,3147.5,4,1,3147.4,17,3,3148.5,200,1,3148.6,281,5,3148.7,176,1,3148.8,600,3,3148.9,200,1
2031,2026-06-16 13:51:14+05:30,3148.4,3,3132.6,2606519,131203.0,199534.0,3163.0,3163.0,3108.0,3134.3,32007400,3447.7,2820.9,3839.9,2896.0,3148.4,6,1,3148.0,229,4,3147.8,13,1,3147.5,4,1,3147.4,17,3,3148.5,200,1,3148.6,281,5,3148.7,176,1,3148.8,600,3,3148.9,200,1
2031,2026-06-16 13:51:15+05:30,3148.4,1,3132.6,2606731,131381.0,199661.0,3163.0,3163.0,3108.0,3134.3,32007400,3447.7,2820.9,3839.9,2896.0,3148.0,167,4,3147.8,28,2,3147.6,13,1,3147.5,17,2,3147.4,7,3,3148.4,189,1,3148.5,1,1,3148.6,281,5,3148.7,176,1,3148.8,600,3
2031,2026-06-16 13:51:15+05:30,3148.3,1,3132.6,2606731,131381.0,199661.0,3163.0,3163.0,3108.0,3134.3,32007400,3447.7,2820.9,3839.9,2896.0,3148.0,167,4,3147.8,28,2,3147.6,13,1,3147.5,17,2,3147.4,7,3,3148.4,189,1,3148.5,1,1,3148.6,281,5,3148.7,176,1,3148.8,600,3
2031,2026-06-16 13:51:16+05:30,3148.3,1,3132.6,2606732,131414.0,199177.0,3163.0,3163.0,3108.0,3134.3,32007400,3447.7,2820.9,3839.9,2896.0,3148.2,2,2,3148.0,168,5,3147.8,47,4,3147.6,8,1,3147.5,17,2,3148.3,188,1,3148.4,1,1,3148.6,281,5,3148.7,176,1,3148.8,600,3
2031,2026-06-16 13:51:16+05:30,3148.0,4,3132.6,2606732,131414.0,199177.0,3163.0,3163.0,3108.0,3134.3,32007400,3447.7,2820.9,3839.9,2896.0,3148.2,2,2,3148.0,168,5,3147.8,47,4,3147.6,8,1,3147.5,17,2,3148.3,188,1,3148.4,1,1,3148.6,281,5,3148.7,176,1,3148.8,600,3
2031,2026-06-16 13:51:17+05:30,3148.0,35,3132.6,2606942,130637.0,199518.0,3163.0,3163.0,3108.0,3134.3,32007400,3447.7,2820.9,3839.9,2896.0,3148.0,23,5,3147.8,13,1,3147.4,4,2,3147.3,21,1,3147.2,14,2,3148.3,188,2,3148.6,265,4,3148.7,176,1,3148.8,600,3,3148.9,201,2
2031,2026-06-16 13:51:17+05:30,3148.0,35,3132.6,2606942,130637.0,199518.0,3163.0,3163.0,3108.0,3134.3,32007400,3447.7,2820.9,3839.9,2896.0,3148.0,23,5,3147.8,13,1,3147.4,4,2,3147.3,21,1,3147.2,14,2,3148.3,188,2,3148.6,265,4,3148.7,176,1,3148.8,600,3,3148.9,201,2
2031,2026-06-16 13:51:18+05:30,3148.0,35,3132.6,2606942,130674.0,199714.0,3163.0,3163.0,3108.0,3134.3,32007400,3447.7,2820.9,3839.9,2896.0,3148.0,23,5,3147.8,13,1,3147.4,4,2,3147.3,21,1,3147.2,14,2,3148.3,188,2,3148.4,1,1,3148.6,265,4,3148.7,176,1,3148.8,600,3
2031,2026-06-16 13:51:19+05:30,3147.0,18,3132.6,2607319,128845.0,200911.0,3163.0,3163.0,3108.0,3134.3,32007400,3447.7,2820.9,3839.9,2896.0,3147.0,20,1,3146.9,15,1,3146.6,80,3,3146.5,50,3,3146.4,14,1,3147.8,10,1,3147.9,12,1,3148.0,21,2,3148.1,206,2,3148.2,238,2
2031,2026-06-16 13:51:19+05:30,3147.0,18,3132.6,2607319,128845.0,200911.0,3163.0,3163.0,3108.0,3134.3,32007400,3447.7,2820.9,3839.9,2896.0,3147.0,20,1,3146.9,15,1,3146.6,80,3,3146.5,50,3,3146.4,14,1,3147.8,10,1,3147.9,12,1,3148.0,21,2,3148.1,206,2,3148.2,238,2
2031,2026-06-16 13:51:20+05:30,3147.6,17,3132.6,2607391,128376.0,201805.0,3163.0,3163.0,3108.0,3134.3,32007400,3447.7,2820.9,3839.9,2896.0,3146.9,15,1,3146.6,13,1,3146.5,15,1,3146.4,56,2,3146.3,20,1,3147.6,23,1,3147.7,91,4,3147.8,43,3,3147.9,187,1,3148.0,52,1
2031,2026-06-16 13:51:20+05:30,3147.6,17,3132.6,2607391,128376.0,201805.0,3163.0,3163.0,3108.0,3134.3,32007400,3447.7,2820.9,3839.9,2896.0,3146.9,15,1,3146.6,13,1,3146.5,15,1,3146.4,56,2,3146.3,20,1,3147.6,23,1,3147.7,91,4,3147.8,43,3,3147.9,187,1,3148.0,52,1
2031,2026-06-16 13:51:21+05:30,3147.6,13,3132.61,2607694,128535.0,201624.0,3163.0,3163.0,3108.0,3134.3,32007400,3447.7,2820.9,3839.9,2896.0,3146.5,11,1,3146.4,38,4,3146.3,70,5,3146.2,45,3,3146.1,30,2,3147.6,2,1,3147.7,9,2,3147.8,1,1,3148.0,197,2,3148.1,49,1
2031,2026-06-16 13:51:21+05:30,3147.6,1,3132.61,2607694,128535.0,201624.0,3163.0,3163.0,3108.0,3134.3,32007400,3447.7,2820.9,3839.9,2896.0,3146.5,11,1,3146.4,38,4,3146.3,70,5,3146.2,45,3,3146.1,30,2,3147.6,2,1,3147.7,9,2,3147.8,1,1,3148.0,197,2,3148.1,49,1
2031,2026-06-16 13:51:22+05:30,3147.6,1,3132.61,2607694,128535.0,201624.0,3163.0,3163.0,3108.0,3134.3,32007400,3447.7,2820.9,3839.9,2896.0,3146.5,11,1,3146.4,38,4,3146.3,70,5,3146.2,45,3,3146.1,30,2,3147.6,2,1,3147.7,9,2,3147.8,1,1,3148.0,197,2,3148.1,49,1
2031,2026-06-16 13:51:22+05:30,3147.6,1,3132.61,2607696,128538.0,201697.0,3163.0,3163.0,3108.0,3134.3,32007400,3447.7,2820.9,3839.9,2896.0,3146.7,11,1,3146.5,55,4,3146.4,62,4,3146.3,67,5,3146.2,33,3,3147.7,9,2,3147.8,1,1,3147.9,197,2,3148.1,68,2,3148.2,400,2
2031,2026-06-16 13:51:22+05:30,3147.6,1,3132.61,2607696,128538.0,201697.0,3163.0,3163.0,3108.0,3134.3,32007400,3447.7,2820.9,3839.9,2896.0,3146.7,11,1,3146.5,55,4,3146.4,62,4,3146.3,67,5,3146.2,33,3,3147.7,9,2,3147.8,1,1,3147.9,197,2,3148.1,68,2,3148.2,400,2
2031,2026-06-16 13:51:23+05:30,3147.6,1,3132.61,2607696,128558.0,201502.0,3163.0,3163.0,3108.0,3134.3,32007400,3447.7,2820.9,3839.9,2896.0,3146.5,30,3,3146.4,19,2,3146.3,52,3,3146.2,75,4,3146.1,73,5,3147.1,1,1,3147.7,15,3,3147.9,197,2,3148.0,49,1,3148.2,442,5
2031,2026-06-16 13:51:24+05:30,3147.6,1,3132.61,2607696,128558.0,201502.0,3163.0,3163.0,3108.0,3134.3,32007400,3447.7,2820.9,3839.9,2896.0,3146.5,30,3,3146.4,19,2,3146.3,52,3,3146.2,75,4,3146.1,73,5,3147.1,1,1,3147.7,15,3,3147.9,197,2,3148.0,49,1,3148.2,442,5
2031,2026-06-16 13:51:24+05:30,3147.6,1,3132.61,2607696,128580.0,201763.0,3163.0,3163.0,3108.0,3134.3,32007400,3447.7,2820.9,3839.9,2896.0,3146.7,50,1,3146.5,68,6,3146.4,10,2,3146.3,32,2,3146.2,45,3,3147.1,1,1,3147.7,12,2,3147.8,9,1,3147.9,187,1,3148.0,49,1
2031,2026-06-16 13:51:25+05:30,3147.8,7,3132.61,2607726,128939.0,201504.0,3163.0,3163.0,3108.0,3134.3,32007400,3447.7,2820.9,3839.9,2896.0,3146.7,50,1,3146.5,66,5,3146.3,95,3,3146.2,88,4,3146.1,75,6,3147.8,180,1,3147.9,49,1,3148.0,4,1,3148.1,200,1,3148.2,378,3
2031,2026-06-16 13:51:25+05:30,3147.8,7,3132.61,2607726,128939.0,201504.0,3163.0,3163.0,3108.0,3134.3,32007400,3447.7,2820.9,3839.9,2896.0,3146.7,50,1,3146.5,66,5,3146.3,95,3,3146.2,88,4,3146.1,75,6,3147.8,180,1,3147.9,49,1,3148.0,4,1,3148.1,200,1,3148.2,378,3
2031,2026-06-16 13:51:26+05:30,3147.8,7,3132.61,2607726,128730.0,201330.0,3163.0,3163.0,3108.0,3134.3,32007400,3447.7,2820.9,3839.9,2896.0,3146.7,68,3,3146.6,8,1,3146.5,42,4,3146.4,15,2,3146.3,95,3,3147.3,1,1,3147.8,180,1,3147.9,49,1,3148.1,200,1,3148.2,400,4
2031,2026-06-16 13:51:26+05:30,3147.8,7,3132.61,2607726,128730.0,201330.0,3163.0,3163.0,3108.0,3134.3,32007400,3447.7,2820.9,3839.9,2896.0,3146.7,68,3,3146.6,8,1,3146.5,42,4,3146.4,15,2,3146.3,95,3,3147.3,1,1,3147.8,180,1,3147.9,49,1,3148.1,200,1,3148.2,400,4
2031,2026-06-16 13:51:26+05:30,3146.7,1,3132.61,2607726,128730.0,201330.0,3163.0,3163.0,3108.0,3134.3,32007400,3447.7,2820.9,3839.9,2896.0,3146.7,68,3,3146.6,8,1,3146.5,42,4,3146.4,15,2,3146.3,95,3,3147.3,1,1,3147.8,180,1,3147.9,49,1,3148.1,200,1,3148.2,400,4
2031,2026-06-16 13:51:27+05:30,3147.3,1,3132.61,2607729,128751.0,201591.0,3163.0,3163.0,3108.0,3134.3,32007400,3447.7,2820.9,3839.9,2896.0,3146.7,66,3,3146.6,8,1,3146.5,30,3,3146.4,55,3,3146.3,95,3,3147.3,2,2,3147.8,180,1,3147.9,49,1,3148.1,200,1,3148.2,398,3
2031,2026-06-16 13:51:27+05:30,3146.7,43,3132.61,2607729,128751.0,201591.0,3163.0,3163.0,3108.0,3134.3,32007400,3447.7,2820.9,3839.9,2896.0,3146.7,66,3,3146.6,8,1,3146.5,30,3,3146.4,55,3,3146.3,95,3,3147.3,2,2,3147.8,180,1,3147.9,49,1,3148.1,200,1,3148.2,398,3
2031,2026-06-16 13:51:28+05:30,3146.7,43,3132.61,2607772,128602.0,201838.0,3163.0,3163.0,3108.0,3134.3,32007400,3447.7,2820.9,3839.9,2896.0,3146.7,20,2,3146.3,83,2,3146.2,66,2,3146.1,27,2,3146.0,31,2,3147.2,180,1,3147.3,2,2,3147.5,200,1,3147.6,198,3,3147.7,600,3
2031,2026-06-16 13:51:28+05:30,3146.7,43,3132.61,2607772,128602.0,201838.0,3163.0,3163.0,3108.0,3134.3,32007400,3447.7,2820.9,3839.9,2896.0,3146.7,20,2,3146.3,83,2,3146.2,66,2,3146.1,27,2,3146.0,31,2,3147.2,180,1,3147.3,2,2,3147.5,200,1,3147.6,198,3,3147.7,600,3
2031,2026-06-16 13:51:29+05:30,3147.2,1,3132.61,2607773,128649.0,202860.0,3163.0,3163.0,3108.0,3134.3,32007400,3447.7,2820.9,3839.9,2896.0,3146.7,20,2,3146.2,66,2,3146.1,27,2,3146.0,31,2,3145.9,38,2,3147.1,200,1,3147.2,179,1,3147.3,36,2,3147.5,200,1,3147.6,198,3
2031,2026-06-16 13:51:29+05:30,3147.2,1,3132.61,2607773,128649.0,202860.0,3163.0,3163.0,3108.0,3134.3,32007400,3447.7,2820.9,3839.9,2896.0,3146.7,20,2,3146.2,66,2,3146.1,27,2,3146.0,31,2,3145.9,38,2,3147.1,200,1,3147.2,179,1,3147.3,36,2,3147.5,200,1,3147.6,198,3
2031,2026-06-16 13:51:30+05:30,3147.1,10,3132.61,2607783,128710.0,202706.0,3163.0,3163.0,3108.0,3134.3,32007400,3447.7,2820.9,3839.9,2896.0,3146.9,2,2,3146.7,26,4,3146.2,66,2,3146.1,55,4,3146.0,44,3,3147.1,192,3,3147.2,179,1,3147.3,36,2,3147.5,200,1,3147.6,198,3
2031,2026-06-16 13:51:30+05:30,3147.1,10,3132.61,2607783,128710.0,202706.0,3163.0,3163.0,3108.0,3134.3,32007400,3447.7,2820.9,3839.9,2896.0,3146.9,2,2,3146.7,26,4,3146.2,66,2,3146.1,55,4,3146.0,44,3,3147.1,192,3,3147.2,179,1,3147.3,36,2,3147.5,200,1,3147.6,198,3
2031,2026-06-16 13:51:30+05:30,3147.1,10,3132.61,2607783,128710.0,202706.0,3163.0,3163.0,3108.0,3134.3,32007400,3447.7,2820.9,3839.9,2896.0,3146.9,2,2,3146.7,26,4,3146.2,66,2,3146.1,55,4,3146.0,44,3,3147.1,192,3,3147.2,179,1,3147.3,36,2,3147.5,200,1,3147.6,198,3
2031,2026-06-16 13:51:31+05:30,3146.9,4,3132.61,2607981,128607.0,202565.0,3163.0,3163.0,3108.0,3134.3,32007400,3447.7,2820.9,3839.9,2896.0,3146.7,28,4,3146.4,6,1,3146.3,25,3,3146.2,3,1,3146.1,27,2,3147.1,31,3,3147.2,179,1,3147.3,35,1,3147.5,200,1,3147.6,178,2
2031,2026-06-16 13:51:31+05:30,3146.9,4,3132.61,2607981,128607.0,202565.0,3163.0,3163.0,3108.0,3134.3,32007400,3447.7,2820.9,3839.9,2896.0,3146.7,28,4,3146.4,6,1,3146.3,25,3,3146.2,3,1,3146.1,27,2,3147.1,31,3,3147.2,179,1,3147.3,35,1,3147.5,200,1,3147.6,178,2
2031,2026-06-16 13:51:32+05:30,3146.9,4,3132.61,2607981,128607.0,202565.0,3163.0,3163.0,3108.0,3134.3,32007400,3447.7,2820.9,3839.9,2896.0,3146.7,28,4,3146.4,6,1,3146.3,25,3,3146.2,3,1,3146.1,27,2,3147.1,31,3,3147.2,179,1,3147.3,35,1,3147.5,200,1,3147.6,178,2
2031,2026-06-16 13:51:32+05:30,3146.7,1,3132.61,2607983,128707.0,201641.0,3163.0,3163.0,3108.0,3134.3,32007400,3447.7,2820.9,3839.9,2896.0,3146.7,83,8,3146.6,12,2,3146.5,37,2,3146.4,32,3,3146.3,54,3,3147.1,39,3,3147.3,214,2,3147.6,200,1,3147.7,176,1,3147.8,600,3
2031,2026-06-16 13:51:32+05:30,3146.7,1,3132.61,2607983,128707.0,201641.0,3163.0,3163.0,3108.0,3134.3,32007400,3447.7,2820.9,3839.9,2896.0,3146.7,83,8,3146.6,12,2,3146.5,37,2,3146.4,32,3,3146.3,54,3,3147.1,39,3,3147.3,214,2,3147.6,200,1,3147.7,176,1,3147.8,600,3
2031,2026-06-16 13:51:33+05:30,3146.7,1,3132.61,2607983,128707.0,202356.0,3163.0,3163.0,3108.0,3134.3,32007400,3447.7,2820.9,3839.9,2896.0,3146.7,72,5,3146.4,19,2,3146.3,54,3,3146.2,14,3,3146.1,79,6,3146.9,30,1,3147.1,39,3,3147.3,214,2,3147.6,200,1,3147.7,176,1
2031,2026-06-16 13:51:33+05:30,3146.7,1,3132.61,2607983,128707.0,202356.0,3163.0,3163.0,3108.0,3134.3,32007400,3447.7,2820.9,3839.9,2896.0,3146.7,72,5,3146.4,19,2,3146.3,54,3,3146.2,14,3,3146.1,79,6,3146.9,30,1,3147.1,39,3,3147.3,214,2,3147.6,200,1,3147.7,176,1
2031,2026-06-16 13:51:34+05:30,3146.7,1,3132.61,2607983,128707.0,202356.0,3163.0,3163.0,3108.0,3134.3,32007400,3447.7,2820.9,3839.9,2896.0,3146.7,7,3,3146.2,3,1,3146.1,32,2,3146.0,32,3,3145.9,52,3,3147.1,39,3,3147.3,214,2,3147.6,200,1,3147.7,220,2,3147.8,600,3
2031,2026-06-16 13:51:34+05:30,3146.7,2,3132.61,2608213,128267.0,202272.0,3163.0,3163.0,3108.0,3134.3,32007400,3447.7,2820.9,3839.9,2896.0,3146.7,7,3,3146.2,3,1,3146.1,32,2,3146.0,32,3,3145.9,52,3,3147.1,39,3,3147.3,214,2,3147.6,200,1,3147.7,220,2,3147.8,600,3
2031,2026-06-16 13:51:34+05:30,3146.7,2,3132.61,2608213,128267.0,202272.0,3163.0,3163.0,3108.0,3134.3,32007400,3447.7,2820.9,3839.9,2896.0,3146.7,7,3,3146.2,3,1,3146.1,32,2,3146.0,32,3,3145.9,52,3,3147.1,39,3,3147.3,214,2,3147.6,200,1,3147.7,220,2,3147.8,600,3
2031,2026-06-16 13:51:35+05:30,3146.7,2,3132.61,2608213,128267.0,202272.0,3163.0,3163.0,3108.0,3134.3,32007400,3447.7,2820.9,3839.9,2896.0,3146.7,7,3,3146.2,3,1,3146.1,32,2,3146.0,32,3,3145.9,52,3,3147.1,39,3,3147.3,214,2,3147.6,200,1,3147.7,220,2,3147.8,600,3
2031,2026-06-16 13:51:35+05:30,3147.1,1,3132.61,2608214,128660.0,202262.0,3163.0,3163.0,3108.0,3134.3,32007400,3447.7,2820.9,3839.9,2896.0,3146.7,28,5,3146.4,26,2,3146.2,236,4,3146.1,77,5,3146.0,87,5,3147.1,38,2,3147.3,214,2,3147.6,200,1,3147.7,176,1,3147.8,600,3
2031,2026-06-16 13:51:35+05:30,3147.1,1,3132.61,2608214,128660.0,202262.0,3163.0,3163.0,3108.0,3134.3,32007400,3447.7,2820.9,3839.9,2896.0,3146.7,28,5,3146.4,26,2,3146.2,236,4,3146.1,77,5,3146.0,87,5,3147.1,38,2,3147.3,214,2,3147.6,200,1,3147.7,176,1,3147.8,600,3
2031,2026-06-16 13:51:35+05:30,3146.7,9,3132.61,2608214,128660.0,202262.0,3163.0,3163.0,3108.0,3134.3,32007400,3447.7,2820.9,3839.9,2896.0,3146.7,28,5,3146.4,26,2,3146.2,236,4,3146.1,77,5,3146.0,87,5,3147.1,38,2,3147.3,214,2,3147.6,200,1,3147.7,176,1,3147.8,600,3
2031,2026-06-16 13:51:36+05:30,3146.7,9,3132.61,2608214,128660.0,202262.0,3163.0,3163.0,3108.0,3134.3,32007400,3447.7,2820.9,3839.9,2896.0,3146.7,28,5,3146.4,26,2,3146.2,236,4,3146.1,77,5,3146.0,87,5,3147.1,38,2,3147.3,214,2,3147.6,200,1,3147.7,176,1,3147.8,600,3
2031,2026-06-16 13:51:36+05:30,3146.7,3,3132.61,2608268,128583.0,202302.0,3163.0,3163.0,3108.0,3134.3,32007400,3447.7,2820.9,3839.9,2896.0,3146.7,20,3,3146.4,13,1,3146.3,9,1,3146.2,68,4,3146.1,43,3,3147.1,38,2,3147.3,214,2,3147.5,4,1,3147.6,200,1,3147.7,176,1
2031,2026-06-16 13:51:36+05:30,3146.7,3,3132.61,2608268,128583.0,202302.0,3163.0,3163.0,3108.0,3134.3,32007400,3447.7,2820.9,3839.9,2896.0,3146.7,20,3,3146.4,13,1,3146.3,9,1,3146.2,68,4,3146.1,43,3,3147.1,38,2,3147.3,214,2,3147.5,4,1,3147.6,200,1,3147.7,176,1
2031,2026-06-16 13:51:37+05:30,3146.7,3,3132.61,2608268,128583.0,202302.0,3163.0,3163.0,3108.0,3134.3,32007400,3447.7,2820.9,3839.9,2896.0,3146.7,20,3,3146.4,13,1,3146.3,9,1,3146.2,68,4,3146.1,43,3,3147.1,38,2,3147.3,214,2,3147.5,4,1,3147.6,200,1,3147.7,176,1
2031,2026-06-16 13:51:37+05:30,3147.1,1,3132.61,2608270,128588.0,202302.0,3163.0,3163.0,3108.0,3134.3,32007400,3447.7,2820.9,3839.9,2896.0,3146.7,19,3,3146.4,13,1,3146.3,9,1,3146.2,26,3,3146.1,43,3,3147.1,37,2,3147.3,214,2,3147.5,4,1,3147.6,200,1,3147.7,176,1
2031,2026-06-16 13:51:37+05:30,3147.1,1,3132.61,2608270,128588.0,202302.0,3163.0,3163.0,3108.0,3134.3,32007400,3447.7,2820.9,3839.9,2896.0,3146.7,19,3,3146.4,13,1,3146.3,9,1,3146.2,26,3,3146.1,43,3,3147.1,37,2,3147.3,214,2,3147.5,4,1,3147.6,200,1,3147.7,176,1
2031,2026-06-16 13:51:38+05:30,3147.1,1,3132.61,2608270,128588.0,202302.0,3163.0,3163.0,3108.0,3134.3,32007400,3447.7,2820.9,3839.9,2896.0,3146.7,19,3,3146.4,13,1,3146.3,9,1,3146.2,26,3,3146.1,43,3,3147.1,37,2,3147.3,214,2,3147.5,4,1,3147.6,200,1,3147.7,176,1
2031,2026-06-16 13:51:38+05:30,3147.1,26,3132.61,2608296,128625.0,202061.0,3163.0,3163.0,3108.0,3134.3,32007400,3447.7,2820.9,3839.9,2896.0,3146.9,4,1,3146.7,18,2,3146.6,6,1,3146.5,13,1,3146.4,31,3,3147.1,11,2,3147.3,214,2,3147.6,200,1,3147.7,176,1,3147.8,600,3
2031,2026-06-16 13:51:38+05:30,3147.1,26,3132.61,2608296,128625.0,202061.0,3163.0,3163.0,3108.0,3134.3,32007400,3447.7,2820.9,3839.9,2896.0,3146.9,4,1,3146.7,18,2,3146.6,6,1,3146.5,13,1,3146.4,31,3,3147.1,11,2,3147.3,214,2,3147.6,200,1,3147.7,176,1,3147.8,600,3
2031,2026-06-16 13:51:38+05:30,3147.1,26,3132.61,2608296,128625.0,202061.0,3163.0,3163.0,3108.0,3134.3,32007400,3447.7,2820.9,3839.9,2896.0,3146.9,4,1,3146.7,18,2,3146.6,6,1,3146.5,13,1,3146.4,31,3,3147.1,11,2,3147.3,214,2,3147.6,200,1,3147.7,176,1,3147.8,600,3
2031,2026-06-16 13:51:39+05:30,3147.1,26,3132.61,2608296,128686.0,202543.0,3163.0,3163.0,3108.0,3134.3,32007400,3447.7,2820.9,3839.9,2896.0,3146.9,4,1,3146.7,44,4,3146.6,6,1,3146.4,44,4,3146.3,102,5,3147.1,12,3,3147.3,179,1,3147.6,200,1,3147.7,176,1,3147.8,600,3
2031,2026-06-16 13:51:39+05:30,3147.1,26,3132.61,2608296,128686.0,202543.0,3163.0,3163.0,3108.0,3134.3,32007400,3447.7,2820.9,3839.9,2896.0,3146.9,4,1,3146.7,44,4,3146.6,6,1,3146.4,44,4,3146.3,102,5,3147.1,12,3,3147.3,179,1,3147.6,200,1,3147.7,176,1,3147.8,600,3
2031,2026-06-16 13:51:40+05:30,3147.1,26,3132.61,2608296,128686.0,202543.0,3163.0,3163.0,3108.0,3134.3,32007400,3447.7,2820.9,3839.9,2896.0,3146.9,4,1,3146.7,44,4,3146.6,6,1,3146.4,44,4,3146.3,102,5,3147.1,12,3,3147.3,179,1,3147.6,200,1,3147.7,176,1,3147.8,600,3
2031,2026-06-16 13:51:40+05:30,3147.1,3,3132.61,2608301,128618.0,202501.0,3163.0,3163.0,3108.0,3134.3,32007400,3447.7,2820.9,3839.9,2896.0,3146.9,4,1,3146.7,17,1,3146.4,23,2,3146.3,18,2,3146.2,26,3,3147.1,7,2,3147.3,179,1,3147.6,200,1,3147.7,176,1,3147.8,600,3
2031,2026-06-16 13:51:40+05:30,3147.1,3,3132.61,2608301,128618.0,202501.0,3163.0,3163.0,3108.0,3134.3,32007400,3447.7,2820.9,3839.9,2896.0,3146.9,4,1,3146.7,17,1,3146.4,23,2,3146.3,18,2,3146.2,26,3,3147.1,7,2,3147.3,179,1,3147.6,200,1,3147.7,176,1,3147.8,600,3
2031,2026-06-16 13:51:41+05:30,3147.1,3,3132.61,2608301,128618.0,202501.0,3163.0,3163.0,3108.0,3134.3,32007400,3447.7,2820.9,3839.9,2896.0,3146.9,4,1,3146.7,17,1,3146.4,23,2,3146.3,18,2,3146.2,26,3,3147.1,7,2,3147.3,179,1,3147.6,200,1,3147.7,176,1,3147.8,600,3
2031,2026-06-16 13:51:41+05:30,3147.5,5,3132.61,2608385,128801.0,202646.0,3163.0,3163.0,3108.0,3134.3,32007400,3447.7,2820.9,3839.9,2896.0,3147.0,17,1,3146.9,3,1,3146.3,39,3,3146.2,13,2,3146.1,56,4,3147.5,124,1,3147.6,200,1,3147.7,176,1,3147.8,600,3,3147.9,218,2
2031,2026-06-16 13:51:41+05:30,3147.5,5,3132.61,2608385,128801.0,202646.0,3163.0,3163.0,3108.0,3134.3,32007400,3447.7,2820.9,3839.9,2896.0,3147.0,17,1,3146.9,3,1,3146.3,39,3,3146.2,13,2,3146.1,56,4,3147.5,124,1,3147.6,200,1,3147.7,176,1,3147.8,600,3,3147.9,218,2
2031,2026-06-16 13:51:42+05:30,3147.5,5,3132.61,2608385,128801.0,202646.0,3163.0,3163.0,3108.0,3134.3,32010600,3447.7,2820.9,3839.9,2896.0,3147.0,17,1,3146.9,3,1,3146.3,39,3,3146.2,13,2,3146.1,56,4,3147.5,124,1,3147.6,200,1,3147.7,176,1,3147.8,600,3,3147.9,218,2
2031,2026-06-16 13:51:42+05:30,3146.3,7,3132.61,2608385,128801.0,202646.0,3163.0,3163.0,3108.0,3134.3,32010600,3447.7,2820.9,3839.9,2896.0,3147.0,17,1,3146.9,3,1,3146.3,39,3,3146.2,13,2,3146.1,56,4,3147.5,124,1,3147.6,200,1,3147.7,176,1,3147.8,600,3,3147.9,218,2
2031,2026-06-16 13:51:42+05:30,3146.3,7,3132.61,2608943,128677.0,202815.0,3163.0,3163.0,3108.0,3134.3,32010600,3447.7,2820.9,3839.9,2896.0,3146.9,2,1,3146.4,11,1,3146.3,41,2,3146.2,103,7,3146.1,23,2,3147.4,123,1,3147.5,57,1,3147.6,200,1,3147.7,176,1,3147.8,642,4
2031,2026-06-16 13:51:43+05:30,3146.9,4,3132.61,2608943,128677.0,202815.0,3163.0,3163.0,3108.0,3134.3,32010600,3447.7,2820.9,3839.9,2896.0,3146.9,2,1,3146.4,11,1,3146.3,41,2,3146.2,103,7,3146.1,23,2,3147.4,123,1,3147.5,57,1,3147.6,200,1,3147.7,176,1,3147.8,642,4
2031,2026-06-16 13:51:43+05:30,3146.9,4,3132.61,2608992,128759.0,202758.0,3163.0,3163.0,3108.0,3134.3,32010600,3447.7,2820.9,3839.9,2896.0,3146.9,2,1,3146.4,48,4,3146.3,59,3,3146.2,25,5,3146.1,64,4,3147.4,122,1,3147.5,57,1,3147.6,200,1,3147.7,176,1,3147.8,600,3
2031,2026-06-16 13:51:44+05:30,3146.9,4,3132.61,2608992,128845.0,202988.0,3163.0,3163.0,3108.0,3134.3,32010600,3447.7,2820.9,3839.9,2896.0,3146.9,2,1,3146.7,17,1,3146.4,24,2,3146.3,59,3,3146.2,25,5,3147.3,122,1,3147.4,26,1,3147.5,57,1,3147.6,200,1,3147.7,176,1
2031,2026-06-16 13:51:45+05:30,3147.3,25,3132.61,2609086,129035.0,202421.0,3163.0,3163.0,3108.0,3134.3,32010600,3447.7,2820.9,3839.9,2896.0,3147.1,2,2,3146.9,13,1,3146.7,1,1,3146.5,47,1,3146.4,73,3,3147.3,28,1,3147.4,26,1,3147.5,57,1,3147.6,200,1,3147.7,176,1
2031,2026-06-16 13:51:45+05:30,3147.3,25,3132.61,2609086,129035.0,202421.0,3163.0,3163.0,3108.0,3134.3,32010600,3447.7,2820.9,3839.9,2896.0,3147.1,2,2,3146.9,13,1,3146.7,1,1,3146.5,47,1,3146.4,73,3,3147.3,28,1,3147.4,26,1,3147.5,57,1,3147.6,200,1,3147.7,176,1
2031,2026-06-16 13:51:46+05:30,3147.1,1,3132.61,2609091,129085.0,203165.0,3163.0,3163.0,3108.0,3134.3,32010600,3447.7,2820.9,3839.9,2896.0,3146.7,1,1,3146.5,73,3,3146.4,54,2,3146.3,41,2,3146.2,49,7,3146.8,1,1,3147.3,47,2,3147.5,57,1,3147.6,200,1,3147.7,176,1
2031,2026-06-16 13:51:46+05:30,3147.1,1,3132.61,2609091,129085.0,203165.0,3163.0,3163.0,3108.0,3134.3,32010600,3447.7,2820.9,3839.9,2896.0,3146.7,1,1,3146.5,73,3,3146.4,54,2,3146.3,41,2,3146.2,49,7,3146.8,1,1,3147.3,47,2,3147.5,57,1,3147.6,200,1,3147.7,176,1
2031,2026-06-16 13:51:47+05:30,3147.1,1,3132.61,2609091,128989.0,203185.0,3163.0,3163.0,3108.0,3134.3,32010600,3447.7,2820.9,3839.9,2896.0,3146.7,1,1,3146.5,73,3,3146.4,54,2,3146.3,41,2,3146.2,31,6,3146.8,3,2,3147.3,47,2,3147.5,57,1,3147.6,200,1,3147.7,176,1
2031,2026-06-16 13:51:48+05:30,3146.8,7,3132.61,2609091,128989.0,203185.0,3163.0,3163.0,3108.0,3134.3,32010600,3447.7,2820.9,3839.9,2896.0,3146.7,1,1,3146.5,73,3,3146.4,54,2,3146.3,41,2,3146.2,31,6,3146.8,3,2,3147.3,47,2,3147.5,57,1,3147.6,200,1,3147.7,176,1
2031,2026-06-16 13:51:48+05:30,3146.8,7,3132.61,2609108,129077.0,203399.0,3163.0,3163.0,3108.0,3134.3,32010600,3447.7,2820.9,3839.9,2896.0,3146.8,3,1,3146.7,1,1,3146.5,73,3,3146.4,54,2,3146.3,41,2,3147.0,1,1,3147.3,48,3,3147.5,59,2,3147.6,202,2,3147.7,176,1
2031,2026-06-16 13:51:49+05:30,3146.8,5,3132.61,2609108,129077.0,203399.0,3163.0,3163.0,3108.0,3134.3,32010600,3447.7,2820.9,3839.9,2896.0,3146.8,3,1,3146.7,1,1,3146.5,73,3,3146.4,54,2,3146.3,41,2,3147.0,1,1,3147.3,48,3,3147.5,59,2,3147.6,202,2,3147.7,176,1
2031,2026-06-16 13:51:49+05:30,3146.8,5,3132.61,2609113,129098.0,203394.0,3163.0,3163.0,3108.0,3134.3,32010600,3447.7,2820.9,3839.9,2896.0,3146.8,18,1,3146.7,1,1,3146.6,4,1,3146.5,79,4,3146.4,54,2,3147.0,2,2,3147.3,29,2,3147.5,59,2,3147.6,202,2,3147.7,194,2
2031,2026-06-16 13:51:50+05:30,3147.3,5,3132.61,2609113,129098.0,203394.0,3163.0,3163.0,3108.0,3134.3,32010600,3447.7,2820.9,3839.9,2896.0,3146.8,18,1,3146.7,1,1,3146.6,4,1,3146.5,79,4,3146.4,54,2,3147.0,2,2,3147.3,29,2,3147.5,59,2,3147.6,202,2,3147.7,194,2
2031,2026-06-16 13:51:50+05:30,3147.3,5,3132.61,2609122,129174.0,203184.0,3163.0,3163.0,3108.0,3134.3,32010600,3447.7,2820.9,3839.9,2896.0,3147.0,14,1,3146.7,1,1,3146.6,22,2,3146.5,79,4,3146.4,54,2,3147.3,24,2,3147.5,59,2,3147.6,202,2,3147.7,176,1,3147.8,600,3
2031,2026-06-16 13:51:51+05:30,3147.0,2,3132.61,2609124,129127.0,203357.0,3163.0,3163.0,3108.0,3134.3,32010600,3447.7,2820.9,3839.9,2896.0,3147.0,14,2,3146.7,16,2,3146.5,60,2,3146.4,54,2,3146.3,61,3,3147.2,23,1,3147.3,31,3,3147.5,259,3,3147.6,178,2,3147.7,600,3
2031,2026-06-16 13:51:51+05:30,3147.0,2,3132.61,2609124,129127.0,203357.0,3163.0,3163.0,3108.0,3134.3,32010600,3447.7,2820.9,3839.9,2896.0,3147.0,14,2,3146.7,16,2,3146.5,60,2,3146.4,54,2,3146.3,61,3,3147.2,23,1,3147.3,31,3,3147.5,259,3,3147.6,178,2,3147.7,600,3
2031,2026-06-16 13:51:52+05:30,3147.2,136,3132.61,2609124,129127.0,203357.0,3163.0,3163.0,3108.0,3134.3,32010600,3447.7,2820.9,3839.9,2896.0,3147.0,14,2,3146.7,16,2,3146.5,60,2,3146.4,54,2,3146.3,61,3,3147.2,23,1,3147.3,31,3,3147.5,259,3,3147.6,178,2,3147.7,600,3
2031,2026-06-16 13:51:52+05:30,3147.2,136,3132.61,2609288,129301.0,202519.0,3163.0,3163.0,3108.0,3134.3,32010600,3447.7,2820.9,3839.9,2896.0,3147.0,2,1,3146.7,16,2,3146.5,63,3,3146.4,50,1,3146.3,79,4,3147.2,64,1,3147.3,31,3,3147.5,59,2,3147.6,202,2,3147.7,176,1
2031,2026-06-16 13:51:53+05:30,3147.2,1,3132.61,2609288,129301.0,202519.0,3163.0,3163.0,3108.0,3134.3,32010600,3447.7,2820.9,3839.9,2896.0,3147.0,2,1,3146.7,16,2,3146.5,63,3,3146.4,50,1,3146.3,79,4,3147.2,64,1,3147.3,31,3,3147.5,59,2,3147.6,202,2,3147.7,176,1
2031,2026-06-16 13:51:53+05:30,3147.2,1,3132.61,2609332,129083.0,203328.0,3163.0,3163.0,3108.0,3134.3,32010600,3447.7,2820.9,3839.9,2896.0,3146.7,16,2,3146.5,3,1,3146.3,74,4,3146.2,79,5,3146.1,34,2,3147.2,70,2,3147.3,15,2,3147.5,59,2,3147.6,202,2,3147.7,176,1
2031,2026-06-16 13:51:54+05:30,3147.2,1,3132.61,2609333,129079.0,203362.0,3163.0,3163.0,3108.0,3134.3,32010600,3447.7,2820.9,3839.9,2896.0,3146.7,16,2,3146.5,3,1,3146.3,74,4,3146.2,61,4,3146.1,52,3,3147.2,85,3,3147.3,15,2,3147.5,59,2,3147.6,202,2,3147.7,176,1
2031,2026-06-16 13:51:54+05:30,3147.2,1,3132.61,2609333,129079.0,203362.0,3163.0,3163.0,3108.0,3134.3,32010600,3447.7,2820.9,3839.9,2896.0,3146.7,16,2,3146.5,3,1,3146.3,74,4,3146.2,61,4,3146.1,52,3,3147.2,85,3,3147.3,15,2,3147.5,59,2,3147.6,202,2,3147.7,176,1
2031,2026-06-16 13:51:55+05:30,3147.2,7,3132.61,2609358,129039.0,203131.0,3163.0,3163.0,3108.0,3134.3,32010600,3447.7,2820.9,3839.9,2896.0,3146.7,15,1,3146.5,13,1,3146.3,57,4,3146.2,79,5,3146.1,47,3,3147.2,136,6,3147.3,15,2,3147.5,2,1,3147.6,202,2,3147.7,176,1
2031,2026-06-16 13:51:55+05:30,3147.2,7,3132.61,2609358,129039.0,203131.0,3163.0,3163.0,3108.0,3134.3,32010600,3447.7,2820.9,3839.9,2896.0,3146.7,15,1,3146.5,13,1,3146.3,57,4,3146.2,79,5,3146.1,47,3,3147.2,136,6,3147.3,15,2,3147.5,2,1,3147.6,202,2,3147.7,176,1
2031,2026-06-16 13:51:56+05:30,3146.8,9,3132.61,2609367,129088.0,203213.0,3163.0,3163.0,3108.0,3134.3,32010600,3447.7,2820.9,3839.9,2896.0,3146.8,91,1,3146.7,15,1,3146.5,13,1,3146.3,57,4,3146.2,37,4,3147.2,161,7,3147.3,15,2,3147.5,2,1,3147.6,202,2,3147.7,176,1
2031,2026-06-16 13:51:56+05:30,3146.8,9,3132.61,2609367,129088.0,203213.0,3163.0,3163.0,3108.0,3134.3,32010600,3447.7,2820.9,3839.9,2896.0,3146.8,91,1,3146.7,15,1,3146.5,13,1,3146.3,57,4,3146.2,37,4,3147.2,161,7,3147.3,15,2,3147.5,2,1,3147.6,202,2,3147.7,176,1
2031,2026-06-16 13:51:57+05:30,3146.8,2,3132.61,2609369,129128.0,203213.0,3163.0,3163.0,3108.0,3134.3,32010600,3447.7,2820.9,3839.9,2896.0,3146.8,89,1,3146.7,15,1,3146.5,13,1,3146.3,57,4,3146.2,79,5,3147.2,161,7,3147.3,15,2,3147.5,2,1,3147.6,202,2,3147.7,176,1
2031,2026-06-16 13:51:57+05:30,3147.2,5,3132.61,2609369,129128.0,203213.0,3163.0,3163.0,3108.0,3134.3,32010600,3447.7,2820.9,3839.9,2896.0,3146.8,89,1,3146.7,15,1,3146.5,13,1,3146.3,57,4,3146.2,79,5,3147.2,161,7,3147.3,15,2,3147.5,2,1,3147.6,202,2,3147.7,176,1
2031,2026-06-16 13:51:58+05:30,3147.2,5,3132.61,2609374,129239.0,203162.0,3163.0,3163.0,3108.0,3134.3,32010600,3447.7,2820.9,3839.9,2896.0,3147.0,16,1,3146.8,138,3,3146.7,21,2,3146.6,24,3,3146.4,71,4,3147.2,156,7,3147.3,15,2,3147.5,2,1,3147.6,202,2,3147.7,176,1
2031,2026-06-16 13:51:59+05:30,3146.8,1,3132.62,2609561,129170.0,203506.0,3163.0,3163.0,3108.0,3134.3,32010600,3447.7,2820.9,3839.9,2896.0,3146.8,83,2,3146.7,34,3,3146.6,7,1,3146.4,64,3,3146.3,47,4,3147.2,13,1,3147.3,215,3,3147.5,2,1,3147.6,202,2,3147.7,176,1
2031,2026-06-16 13:51:59+05:30,3146.8,1,3132.62,2609561,129170.0,203506.0,3163.0,3163.0,3108.0,3134.3,32010600,3447.7,2820.9,3839.9,2896.0,3146.8,83,2,3146.7,34,3,3146.6,7,1,3146.4,64,3,3146.3,47,4,3147.2,13,1,3147.3,215,3,3147.5,2,1,3147.6,202,2,3147.7,176,1
2031,2026-06-16 13:52:00+05:30,3146.8,1,3132.62,2609561,129152.0,203849.0,3163.0,3163.0,3108.0,3134.3,32010600,3447.7,2820.9,3839.9,2896.0,3147.0,2,2,3146.8,102,5,3146.7,15,1,3146.6,13,1,3146.5,8,1,3147.2,14,2,3147.3,215,3,3147.5,2,1,3147.6,202,2,3147.7,176,1
2031,2026-06-16 13:52:01+05:30,3147.3,47,3132.62,2609687,129161.0,203826.0,3163.0,3163.0,3108.0,3134.3,32010600,3447.7,2820.9,3839.9,2896.0,3146.8,102,5,3146.7,15,1,3146.6,13,1,3146.5,14,2,3146.4,95,5,3147.3,154,2,3147.5,2,1,3147.6,202,2,3147.7,176,1,3147.8,600,3
2031,2026-06-16 13:52:01+05:30,3147.3,47,3132.62,2609687,129161.0,203826.0,3163.0,3163.0,3108.0,3134.3,32010600,3447.7,2820.9,3839.9,2896.0,3146.8,102,5,3146.7,15,1,3146.6,13,1,3146.5,14,2,3146.4,95,5,3147.3,154,2,3147.5,2,1,3147.6,202,2,3147.7,176,1,3147.8,600,3
2031,2026-06-16 13:52:02+05:30,3147.3,20,3132.62,2609857,129232.0,203328.0,3163.0,3163.0,3108.0,3134.3,32010600,3447.7,2820.9,3839.9,2896.0,3147.0,18,1,3146.4,77,2,3146.3,69,3,3146.2,242,5,3146.1,91,3,3147.3,134,2,3147.5,2,1,3147.6,202,2,3147.7,176,1,3147.8,637,4
2031,2026-06-16 13:52:02+05:30,3147.3,20,3132.62,2609857,129232.0,203328.0,3163.0,3163.0,3108.0,3134.3,32010600,3447.7,2820.9,3839.9,2896.0,3147.0,18,1,3146.4,77,2,3146.3,69,3,3146.2,242,5,3146.1,91,3,3147.3,134,2,3147.5,2,1,3147.6,202,2,3147.7,176,1,3147.8,637,4
2031,2026-06-16 13:52:03+05:30,3147.3,20,3132.62,2609857,129421.0,203586.0,3163.0,3163.0,3108.0,3134.3,32010600,3447.7,2820.9,3839.9,2896.0,3147.0,18,1,3146.8,3,1,3146.4,77,2,3146.3,69,3,3146.2,42,4,3147.3,134,2,3147.5,2,1,3147.6,202,2,3147.7,176,1,3147.8,600,3
2031,2026-06-16 13:52:04+05:30,3147.0,1,3132.62,2609859,129419.0,203588.0,3163.0,3163.0,3108.0,3134.3,32010600,3447.7,2820.9,3839.9,2896.0,3147.0,67,2,3146.8,16,2,3146.6,8,1,3146.5,31,2,3146.4,87,3,3147.3,133,2,3147.5,2,1,3147.6,202,2,3147.7,176,1,3147.8,600,3
2031,2026-06-16 13:52:04+05:30,3147.0,1,3132.62,2609859,129419.0,203588.0,3163.0,3163.0,3108.0,3134.3,32010600,3447.7,2820.9,3839.9,2896.0,3147.0,67,2,3146.8,16,2,3146.6,8,1,3146.5,31,2,3146.4,87,3,3147.3,133,2,3147.5,2,1,3147.6,202,2,3147.7,176,1,3147.8,600,3
2031,2026-06-16 13:52:05+05:30,3147.3,27,3132.62,2609887,129443.0,203381.0,3163.0,3163.0,3108.0,3134.3,32010600,3447.7,2820.9,3839.9,2896.0,3147.0,67,2,3146.8,7,2,3146.7,20,2,3146.6,16,2,3146.5,55,2,3147.3,105,2,3147.5,2,1,3147.6,202,2,3147.7,176,1,3147.8,600,3
2031,2026-06-16 13:52:05+05:30,3147.3,27,3132.62,2609887,129443.0,203381.0,3163.0,3163.0,3108.0,3134.3,32010600,3447.7,2820.9,3839.9,2896.0,3147.0,67,2,3146.8,7,2,3146.7,20,2,3146.6,16,2,3146.5,55,2,3147.3,105,2,3147.5,2,1,3147.6,202,2,3147.7,176,1,3147.8,600,3
2031,2026-06-16 13:52:06+05:30,3147.0,10,3132.62,2610004,129782.0,202946.0,3163.0,3163.0,3108.0,3134.3,32010600,3447.7,2820.9,3839.9,2896.0,3147.0,57,2,3146.8,3,1,3146.6,43,2,3146.5,31,2,3146.4,86,4,3147.4,200,1,3147.5,2,1,3147.6,202,2,3147.7,176,1,3147.8,600,3
2031,2026-06-16 13:52:06+05:30,3147.0,10,3132.62,2610004,129782.0,202946.0,3163.0,3163.0,3108.0,3134.3,32010600,3447.7,2820.9,3839.9,2896.0,3147.0,57,2,3146.8,3,1,3146.6,43,2,3146.5,31,2,3146.4,86,4,3147.4,200,1,3147.5,2,1,3147.6,202,2,3147.7,176,1,3147.8,600,3
2031,2026-06-16 13:52:07+05:30,3147.0,10,3132.62,2610004,129829.0,203079.0,3163.0,3163.0,3108.0,3134.3,32010600,3447.7,2820.9,3839.9,2896.0,3147.0,57,2,3146.8,3,1,3146.7,13,1,3146.6,30,1,3146.5,31,2,3147.4,200,1,3147.5,2,1,3147.6,202,2,3147.7,176,1,3147.8,600,3
2031,2026-06-16 13:52:08+05:30,3147.0,139,3132.62,2610218,128936.0,204219.0,3163.0,3163.0,3108.0,3134.3,32010600,3447.7,2820.9,3839.9,2896.0,3147.0,17,1,3146.4,2,1,3146.3,3,1,3146.2,30,3,3146.1,20,1,3147.1,400,2,3147.3,187,1,3147.5,2,1,3147.6,202,2,3147.7,246,3
2031,2026-06-16 13:52:08+05:30,3147.1,21,3132.62,2610218,128936.0,204219.0,3163.0,3163.0,3108.0,3134.3,32010600,3447.7,2820.9,3839.9,2896.0,3147.0,17,1,3146.4,2,1,3146.3,3,1,3146.2,30,3,3146.1,20,1,3147.1,400,2,3147.3,187,1,3147.5,2,1,3147.6,202,2,3147.7,246,3
2031,2026-06-16 13:52:09+05:30,3147.1,1,3132.62,2610243,128994.0,204325.0,3163.0,3163.0,3108.0,3134.3,32010600,3447.7,2820.9,3839.9,2896.0,3146.3,6,2,3146.2,15,1,3146.1,14,1,3146.0,66,3,3145.9,173,9,3147.1,400,3,3147.3,187,1,3147.5,2,1,3147.6,202,2,3147.7,218,2
2031,2026-06-16 13:52:09+05:30,3147.1,1,3132.62,2610243,128994.0,204325.0,3163.0,3163.0,3108.0,3134.3,32010600,3447.7,2820.9,3839.9,2896.0,3146.3,6,2,3146.2,15,1,3146.1,14,1,3146.0,66,3,3145.9,173,9,3147.1,400,3,3147.3,187,1,3147.5,2,1,3147.6,202,2,3147.7,218,2
2031,2026-06-16 13:52:10+05:30,3147.1,1,3132.62,2610243,128955.0,204521.0,3163.0,3163.0,3108.0,3134.3,32010600,3447.7,2820.9,3839.9,2896.0,3146.7,17,1,3146.3,6,2,3146.2,15,1,3146.1,14,1,3146.0,66,3,3147.1,400,3,3147.3,187,1,3147.5,2,1,3147.6,202,2,3147.7,236,3
2031,2026-06-16 13:52:11+05:30,3147.0,11,3132.62,2610276,129005.0,204194.0,3163.0,3163.0,3108.0,3134.3,32010600,3447.7,2820.9,3839.9,2896.0,3146.4,30,3,3146.3,22,3,3146.2,15,1,3146.1,53,2,3146.0,66,3,3147.0,17,1,3147.1,400,3,3147.3,187,1,3147.5,2,1,3147.6,202,2
2031,2026-06-16 13:52:11+05:30,3147.0,11,3132.62,2610276,129005.0,204194.0,3163.0,3163.0,3108.0,3134.3,32010600,3447.7,2820.9,3839.9,2896.0,3146.4,30,3,3146.3,22,3,3146.2,15,1,3146.1,53,2,3146.0,66,3,3147.0,17,1,3147.1,400,3,3147.3,187,1,3147.5,2,1,3147.6,202,2
2031,2026-06-16 13:52:12+05:30,3147.0,8,3132.62,2610285,128979.0,202245.0,3163.0,3163.0,3108.0,3134.3,32010600,3447.7,2820.9,3839.9,2896.0,3146.5,16,1,3146.4,17,3,3146.3,10,2,3146.2,34,3,3146.1,53,2,3147.0,20,2,3147.1,375,2,3147.3,187,1,3147.5,2,1,3147.6,202,2
2031,2026-06-16 13:52:12+05:30,3147.0,8,3132.62,2610285,128979.0,202245.0,3163.0,3163.0,3108.0,3134.3,32010600,3447.7,2820.9,3839.9,2896.0,3146.5,16,1,3146.4,17,3,3146.3,10,2,3146.2,34,3,3146.1,53,2,3147.0,20,2,3147.1,375,2,3147.3,187,1,3147.5,2,1,3147.6,202,2
2031,2026-06-16 13:52:13+05:30,3147.0,8,3132.62,2610302,129012.0,204360.0,3163.0,3163.0,3108.0,3134.3,32010600,3447.7,2820.9,3839.9,2896.0,3146.7,16,1,3146.4,18,4,3146.3,10,2,3146.2,94,5,3146.1,192,2,3147.0,11,2,3147.1,375,2,3147.3,187,1,3147.5,2,1,3147.6,202,2
2031,2026-06-16 13:52:14+05:30,3147.0,1,3132.62,2610347,128771.0,204414.0,3163.0,3163.0,3108.0,3134.3,32010600,3447.7,2820.9,3839.9,2896.0,3146.7,27,2,3146.4,25,3,3146.3,10,2,3146.2,37,3,3146.1,13,1,3147.0,9,2,3147.1,385,3,3147.3,187,1,3147.5,2,1,3147.6,202,2
2031,2026-06-16 13:52:14+05:30,3147.0,1,3132.62,2610347,128771.0,204414.0,3163.0,3163.0,3108.0,3134.3,32010600,3447.7,2820.9,3839.9,2896.0,3146.7,27,2,3146.4,25,3,3146.3,10,2,3146.2,37,3,3146.1,13,1,3147.0,9,2,3147.1,385,3,3147.3,187,1,3147.5,2,1,3147.6,202,2
2031,2026-06-16 13:52:15+05:30,3147.0,1,3132.62,2610348,129041.0,204252.0,3163.0,3163.0,3108.0,3134.3,32010600,3447.7,2820.9,3839.9,2896.0,3146.9,2,2,3146.7,41,4,3146.6,13,1,3146.4,48,5,3146.3,52,3,3147.0,8,1,3147.1,385,3,3147.3,187,1,3147.5,2,1,3147.6,202,2
2031,2026-06-16 13:52:16+05:30,3146.7,4,3132.62,2610357,128897.0,204359.0,3163.0,3163.0,3108.0,3134.3,32010600,3447.7,2820.9,3839.9,2896.0,3146.7,37,4,3146.6,13,1,3146.5,4,1,3146.4,48,5,3146.3,52,3,3147.0,8,1,3147.1,385,3,3147.3,187,1,3147.5,2,1,3147.6,202,2
2031,2026-06-16 13:52:16+05:30,3146.7,4,3132.62,2610357,128897.0,204359.0,3163.0,3163.0,3108.0,3134.3,32010600,3447.7,2820.9,3839.9,2896.0,3146.7,37,4,3146.6,13,1,3146.5,4,1,3146.4,48,5,3146.3,52,3,3147.0,8,1,3147.1,385,3,3147.3,187,1,3147.5,2,1,3147.6,202,2
2031,2026-06-16 13:52:17+05:30,3146.7,2,3132.62,2610532,128892.0,204268.0,3163.0,3163.0,3108.0,3134.3,32010600,3447.7,2820.9,3839.9,2896.0,3146.7,33,4,3146.6,13,1,3146.4,25,3,3146.3,52,3,3146.2,61,5,3147.0,5,1,3147.1,220,3,3147.3,187,1,3147.5,2,1,3147.6,202,2
2031,2026-06-16 13:52:17+05:30,3146.7,2,3132.62,2610532,128892.0,204268.0,3163.0,3163.0,3108.0,3134.3,32010600,3447.7,2820.9,3839.9,2896.0,3146.7,33,4,3146.6,13,1,3146.4,25,3,3146.3,52,3,3146.2,61,5,3147.0,5,1,3147.1,220,3,3147.3,187,1,3147.5,2,1,3147.6,202,2
2031,2026-06-16 13:52:18+05:30,3147.0,2,3132.62,2610534,128892.0,204419.0,3163.0,3163.0,3108.0,3134.3,32010600,3447.7,2820.9,3839.9,2896.0,3146.7,20,3,3146.4,25,3,3146.3,52,3,3146.2,61,5,3146.1,65,3,3147.0,114,3,3147.1,220,3,3147.3,187,1,3147.5,2,1,3147.6,202,2
2031,2026-06-16 13:52:18+05:30,3147.0,2,3132.62,2610534,128892.0,204419.0,3163.0,3163.0,3108.0,3134.3,32010600,3447.7,2820.9,3839.9,2896.0,3146.7,20,3,3146.4,25,3,3146.3,52,3,3146.2,61,5,3146.1,65,3,3147.0,114,3,3147.1,220,3,3147.3,187,1,3147.5,2,1,3147.6,202,2
2031,2026-06-16 13:52:19+05:30,3147.0,2,3132.62,2610534,128971.0,204436.0,3163.0,3163.0,3108.0,3134.3,32010600,3447.7,2820.9,3839.9,2896.0,3146.7,25,3,3146.5,13,1,3146.4,63,4,3146.3,52,3,3146.2,52,4,3146.9,210,2,3147.0,114,3,3147.1,10,1,3147.2,1,1,3147.3,187,1
2031,2026-06-16 13:52:20+05:30,3146.9,8,3132.62,2610686,129087.0,204113.0,3163.0,3163.0,3108.0,3134.3,32010600,3447.7,2820.9,3839.9,2896.0,3146.7,28,5,3146.6,3,1,3146.5,40,1,3146.4,82,6,3146.3,70,4,3146.9,58,1,3147.0,111,2,3147.1,10,1,3147.2,1,1,3147.3,187,1
2031,2026-06-16 13:52:20+05:30,3146.9,8,3132.62,2610686,129087.0,204113.0,3163.0,3163.0,3108.0,3134.3,32010600,3447.7,2820.9,3839.9,2896.0,3146.7,28,5,3146.6,3,1,3146.5,40,1,3146.4,82,6,3146.3,70,4,3146.9,58,1,3147.0,111,2,3147.1,10,1,3147.2,1,1,3147.3,187,1
2031,2026-06-16 13:52:21+05:30,3146.9,1,3132.62,2610687,129134.0,204358.0,3163.0,3163.0,3108.0,3134.3,32010600,3447.7,2820.9,3839.9,2896.0,3146.7,28,5,3146.5,40,1,3146.4,82,6,3146.3,70,4,3146.2,75,6,3146.9,58,2,3147.0,111,2,3147.1,10,1,3147.2,1,1,3147.3,187,1
2031,2026-06-16 13:52:21+05:30,3146.9,1,3132.62,2610687,129134.0,204358.0,3163.0,3163.0,3108.0,3134.3,32010600,3447.7,2820.9,3839.9,2896.0,3146.7,28,5,3146.5,40,1,3146.4,82,6,3146.3,70,4,3146.2,75,6,3146.9,58,2,3147.0,111,2,3147.1,10,1,3147.2,1,1,3147.3,187,1
2031,2026-06-16 13:52:22+05:30,3146.9,1,3132.62,2610687,129134.0,204358.0,3163.0,3163.0,3108.0,3134.3,32010600,3447.7,2820.9,3839.9,2896.0,3146.7,28,5,3146.5,40,1,3146.4,82,6,3146.3,70,4,3146.2,75,6,3146.9,58,2,3147.0,111,2,3147.1,10,1,3147.2,1,1,3147.3,187,1
2031,2026-06-16 13:52:22+05:30,3146.9,1,3132.62,2610687,129105.0,204718.0,3163.0,3163.0,3108.0,3134.3,32010600,3447.7,2820.9,3839.9,2896.0,3146.7,22,3,3146.6,26,2,3146.4,63,4,3146.3,70,4,3146.2,44,5,3146.9,99,3,3147.0,111,2,3147.1,10,1,3147.2,1,1,3147.3,187,1
2031,2026-06-16 13:52:23+05:30,3146.9,1,3132.62,2610687,129079.0,204751.0,3163.0,3163.0,3108.0,3134.3,32010600,3447.7,2820.9,3839.9,2896.0,3146.7,22,3,3146.6,13,1,3146.4,50,3,3146.3,70,4,3146.2,44,5,3146.9,128,4,3147.0,111,2,3147.1,10,1,3147.2,1,1,3147.3,187,1
2031,2026-06-16 13:52:24+05:30,3146.9,1,3132.62,2610687,129079.0,204751.0,3163.0,3163.0,3108.0,3134.3,32010600,3447.7,2820.9,3839.9,2896.0,3146.7,22,3,3146.6,13,1,3146.4,50,3,3146.3,70,4,3146.2,44,5,3146.9,128,4,3147.0,111,2,3147.1,10,1,3147.2,1,1,3147.3,187,1
2031,2026-06-16 13:52:24+05:30,3146.9,15,3132.62,2610687,129079.0,204751.0,3163.0,3163.0,3108.0,3134.3,32010600,3447.7,2820.9,3839.9,2896.0,3146.7,22,3,3146.6,13,1,3146.4,50,3,3146.3,70,4,3146.2,44,5,3146.9,128,4,3147.0,111,2,3147.1,10,1,3147.2,1,1,3147.3,187,1
2031,2026-06-16 13:52:24+05:30,3146.9,15,3132.62,2610702,129168.0,204734.0,3163.0,3163.0,3108.0,3134.3,32010600,3447.7,2820.9,3839.9,2896.0,3146.7,22,3,3146.6,13,1,3146.4,50,3,3146.3,70,4,3146.2,44,5,3146.9,113,4,3147.0,111,2,3147.1,10,1,3147.2,1,1,3147.3,187,1
2031,2026-06-16 13:52:25+05:30,3146.9,1,3132.62,2610702,129168.0,204734.0,3163.0,3163.0,3108.0,3134.3,32010600,3447.7,2820.9,3839.9,2896.0,3146.7,22,3,3146.6,13,1,3146.4,50,3,3146.3,70,4,3146.2,44,5,3146.9,113,4,3147.0,111,2,3147.1,10,1,3147.2,1,1,3147.3,187,1
2031,2026-06-16 13:52:25+05:30,3146.9,1,3132.62,2610788,128969.0,204877.0,3163.0,3163.0,3108.0,3134.3,32010600,3447.7,2820.9,3839.9,2896.0,3146.7,6,2,3146.4,12,2,3146.3,10,2,3146.2,21,2,3146.1,27,3,3146.9,112,4,3147.0,111,2,3147.1,10,1,3147.2,1,1,3147.3,187,1
2031,2026-06-16 13:52:26+05:30,3146.9,1,3132.62,2610788,128969.0,204877.0,3163.0,3163.0,3108.0,3134.3,32010600,3447.7,2820.9,3839.9,2896.0,3146.7,6,2,3146.4,12,2,3146.3,10,2,3146.2,21,2,3146.1,27,3,3146.9,112,4,3147.0,111,2,3147.1,10,1,3147.2,1,1,3147.3,187,1
2031,2026-06-16 13:52:26+05:30,3146.7,9,3132.62,2610788,128969.0,204877.0,3163.0,3163.0,3108.0,3134.3,32010600,3447.7,2820.9,3839.9,2896.0,3146.7,6,2,3146.4,12,2,3146.3,10,2,3146.2,21,2,3146.1,27,3,3146.9,112,4,3147.0,111,2,3147.1,10,1,3147.2,1,1,3147.3,187,1
2031,2026-06-16 13:52:27+05:30,3146.7,10,3132.62,2610914,129044.0,204781.0,3163.0,3163.0,3108.0,3134.3,32010600,3447.7,2820.9,3839.9,2896.0,3146.7,6,1,3146.4,38,4,3146.2,24,2,3146.1,54,6,3146.0,236,4,3146.8,1,1,3146.9,70,2,3147.0,36,1,3147.1,10,1,3147.2,1,1
2031,2026-06-16 13:52:27+05:30,3146.8,1,3132.62,2610914,129044.0,204781.0,3163.0,3163.0,3108.0,3134.3,32010600,3447.7,2820.9,3839.9,2896.0,3146.7,6,1,3146.4,38,4,3146.2,24,2,3146.1,54,6,3146.0,236,4,3146.8,1,1,3146.9,70,2,3147.0,36,1,3147.1,10,1,3147.2,1,1
2031,2026-06-16 13:52:28+05:30,3146.7,116,3132.62,2611031,128532.0,204459.0,3163.0,3163.0,3108.0,3134.3,32010600,3447.7,2820.9,3839.9,2896.0,3146.1,54,6,3146.0,64,2,3145.9,88,5,3145.8,143,9,3145.7,104,3,3146.5,84,1,3146.9,70,2,3147.0,36,1,3147.1,10,1,3147.2,1,1
2031,2026-06-16 13:52:28+05:30,3146.7,116,3132.62,2611031,128532.0,204459.0,3163.0,3163.0,3108.0,3134.3,32010600,3447.7,2820.9,3839.9,2896.0,3146.1,54,6,3146.0,64,2,3145.9,88,5,3145.8,143,9,3145.7,104,3,3146.5,84,1,3146.9,70,2,3147.0,36,1,3147.1,10,1,3147.2,1,1
2031,2026-06-16 13:52:28+05:30,3146.5,8,3132.62,2611031,128532.0,204459.0,3163.0,3163.0,3108.0,3134.3,32010600,3447.7,2820.9,3839.9,2896.0,3146.1,54,6,3146.0,64,2,3145.9,88,5,3145.8,143,9,3145.7,104,3,3146.5,84,1,3146.9,70,2,3147.0,36,1,3147.1,10,1,3147.2,1,1
2031,2026-06-16 13:52:29+05:30,3146.5,8,3132.62,2611039,128500.0,204363.0,3163.0,3163.0,3108.0,3134.3,32010600,3447.7,2820.9,3839.9,2896.0,3146.2,24,3,3146.1,42,5,3146.0,64,2,3145.9,72,4,3145.8,116,6,3146.5,105,2,3146.8,52,2,3146.9,41,1,3147.1,10,1,3147.2,1,1
2031,2026-06-16 13:52:30+05:30,3146.5,8,3132.62,2611039,128640.0,204365.0,3163.0,3163.0,3108.0,3134.3,32010600,3447.7,2820.9,3839.9,2896.0,3146.3,10,1,3146.2,77,8,3146.1,67,8,3146.0,77,3,3145.9,79,5,3146.5,106,3,3146.8,52,2,3146.9,41,1,3147.1,11,2,3147.2,1,1
2031,2026-06-16 13:52:30+05:30,3146.5,8,3132.62,2611039,128640.0,204365.0,3163.0,3163.0,3108.0,3134.3,32010600,3447.7,2820.9,3839.9,2896.0,3146.3,10,1,3146.2,77,8,3146.1,67,8,3146.0,77,3,3145.9,79,5,3146.5,106,3,3146.8,52,2,3146.9,41,1,3147.1,11,2,3147.2,1,1
2031,2026-06-16 13:52:30+05:30,3146.5,1,3132.62,2611039,128640.0,204365.0,3163.0,3163.0,3108.0,3134.3,32010600,3447.7,2820.9,3839.9,2896.0,3146.3,10,1,3146.2,77,8,3146.1,67,8,3146.0,77,3,3145.9,79,5,3146.5,106,3,3146.8,52,2,3146.9,41,1,3147.1,11,2,3147.2,1,1
2031,2026-06-16 13:52:31+05:30,3146.8,36,3132.62,2611197,129488.0,203910.0,3163.0,3163.0,3108.0,3134.3,32010600,3447.7,2820.9,3839.9,2896.0,3146.7,32,6,3146.6,47,3,3146.5,82,6,3146.4,56,6,3146.3,21,3,3146.9,41,1,3147.1,11,2,3147.2,1,1,3147.3,187,1,3147.5,2,1
2031,2026-06-16 13:52:31+05:30,3146.9,5,3132.62,2611197,129488.0,203910.0,3163.0,3163.0,3108.0,3134.3,32010600,3447.7,2820.9,3839.9,2896.0,3146.7,32,6,3146.6,47,3,3146.5,82,6,3146.4,56,6,3146.3,21,3,3146.9,41,1,3147.1,11,2,3147.2,1,1,3147.3,187,1,3147.5,2,1
2031,2026-06-16 13:52:32+05:30,3146.9,5,3132.62,2611197,129488.0,203910.0,3163.0,3163.0,3108.0,3134.3,32010600,3447.7,2820.9,3839.9,2896.0,3146.7,32,6,3146.6,47,3,3146.5,82,6,3146.4,56,6,3146.3,21,3,3146.9,41,1,3147.1,11,2,3147.2,1,1,3147.3,187,1,3147.5,2,1
2031,2026-06-16 13:52:32+05:30,3146.9,5,3132.62,2611202,129658.0,203892.0,3163.0,3163.0,3108.0,3134.3,32010600,3447.7,2820.9,3839.9,2896.0,3146.8,2,1,3146.7,32,6,3146.6,64,4,3146.5,61,4,3146.4,56,6,3146.9,36,1,3147.1,11,2,3147.2,1,1,3147.3,187,1,3147.5,2,1
2031,2026-06-16 13:52:32+05:30,3146.3,26,3132.62,2611202,129658.0,203892.0,3163.0,3163.0,3108.0,3134.3,32010600,3447.7,2820.9,3839.9,2896.0,3146.8,2,1,3146.7,32,6,3146.6,64,4,3146.5,61,4,3146.4,56,6,3146.9,36,1,3147.1,11,2,3147.2,1,1,3147.3,187,1,3147.5,2,1
2031,2026-06-16 13:52:33+05:30,3146.6,12,3132.63,2611543,129039.0,204235.0,3163.0,3163.0,3108.0,3134.3,32010600,3447.7,2820.9,3839.9,2896.0,3146.5,20,3,3146.4,8,1,3146.3,47,2,3146.2,92,6,3146.1,96,8,3147.1,11,2,3147.2,1,1,3147.3,187,1,3147.5,2,1,3147.6,202,2
2031,2026-06-16 13:52:33+05:30,3146.6,12,3132.63,2611543,129039.0,204235.0,3163.0,3163.0,3108.0,3134.3,32010600,3447.7,2820.9,3839.9,2896.0,3146.5,20,3,3146.4,8,1,3146.3,47,2,3146.2,92,6,3146.1,96,8,3147.1,11,2,3147.2,1,1,3147.3,187,1,3147.5,2,1,3147.6,202,2
2031,2026-06-16 13:52:33+05:30,3146.6,12,3132.63,2611543,129039.0,204235.0,3163.0,3163.0,3108.0,3134.3,32010600,3447.7,2820.9,3839.9,2896.0,3146.5,20,3,3146.4,8,1,3146.3,47,2,3146.2,92,6,3146.1,96,8,3147.1,11,2,3147.2,1,1,3147.3,187,1,3147.5,2,1,3147.6,202,2
2031,2026-06-16 13:52:34+05:30,3147.3,5,3132.63,2611563,129349.0,204248.0,3163.0,3163.0,3108.0,3134.3,32010600,3447.7,2820.9,3839.9,2896.0,3146.7,26,4,3146.6,39,3,3146.5,72,5,3146.4,49,4,3146.3,130,5,3147.3,180,1,3147.5,2,1,3147.6,202,2,3147.7,176,1,3147.8,600,3
2031,2026-06-16 13:52:34+05:30,3147.3,5,3132.63,2611563,129349.0,204248.0,3163.0,3163.0,3108.0,3134.3,32010600,3447.7,2820.9,3839.9,2896.0,3146.7,26,4,3146.6,39,3,3146.5,72,5,3146.4,49,4,3146.3,130,5,3147.3,180,1,3147.5,2,1,3147.6,202,2,3147.7,176,1,3147.8,600,3
2031,2026-06-16 13:52:34+05:30,3147.3,1,3132.63,2611563,129349.0,204248.0,3163.0,3163.0,3108.0,3134.3,32010600,3447.7,2820.9,3839.9,2896.0,3146.7,26,4,3146.6,39,3,3146.5,72,5,3146.4,49,4,3146.3,130,5,3147.3,180,1,3147.5,2,1,3147.6,202,2,3147.7,176,1,3147.8,600,3
2031,2026-06-16 13:52:35+05:30,3147.3,1,3132.63,2611563,129349.0,204248.0,3163.0,3163.0,3108.0,3134.3,32010600,3447.7,2820.9,3839.9,2896.0,3146.7,26,4,3146.6,39,3,3146.5,72,5,3146.4,49,4,3146.3,130,5,3147.3,180,1,3147.5,2,1,3147.6,202,2,3147.7,176,1,3147.8,600,3
2031,2026-06-16 13:52:35+05:30,3147.3,1,3132.63,2611564,129352.0,203912.0,3163.0,3163.0,3108.0,3134.3,32010600,3447.7,2820.9,3839.9,2896.0,3146.7,18,4,3146.6,39,3,3146.5,79,6,3146.4,34,3,3146.3,172,6,3146.8,1,1,3147.3,179,1,3147.5,2,1,3147.6,202,2,3147.7,176,1
2031,2026-06-16 13:52:35+05:30,3147.3,1,3132.63,2611564,129352.0,203912.0,3163.0,3163.0,3108.0,3134.3,32010600,3447.7,2820.9,3839.9,2896.0,3146.7,18,4,3146.6,39,3,3146.5,79,6,3146.4,34,3,3146.3,172,6,3146.8,1,1,3147.3,179,1,3147.5,2,1,3147.6,202,2,3147.7,176,1
2031,2026-06-16 13:52:36+05:30,3147.3,1,3132.63,2611564,129352.0,203912.0,3163.0,3163.0,3108.0,3134.3,32010600,3447.7,2820.9,3839.9,2896.0,3146.7,18,4,3146.6,39,3,3146.5,79,6,3146.4,34,3,3146.3,172,6,3146.8,1,1,3147.3,179,1,3147.5,2,1,3147.6,202,2,3147.7,176,1
2031,2026-06-16 13:52:36+05:30,3146.8,1,3132.63,2611611,129672.0,203982.0,3163.0,3163.0,3108.0,3134.3,32010600,3447.7,2820.9,3839.9,2896.0,3146.8,16,3,3146.7,59,4,3146.6,60,5,3146.5,69,5,3146.4,42,6,3147.3,145,1,3147.5,2,1,3147.6,202,2,3147.7,176,1,3147.8,600,3
2031,2026-06-16 13:52:36+05:30,3146.8,1,3132.63,2611611,129672.0,203982.0,3163.0,3163.0,3108.0,3134.3,32010600,3447.7,2820.9,3839.9,2896.0,3146.8,16,3,3146.7,59,4,3146.6,60,5,3146.5,69,5,3146.4,42,6,3147.3,145,1,3147.5,2,1,3147.6,202,2,3147.7,176,1,3147.8,600,3
2031,2026-06-16 13:52:37+05:30,3146.8,1,3132.63,2611611,129672.0,203982.0,3163.0,3163.0,3108.0,3134.3,32010600,3447.7,2820.9,3839.9,2896.0,3146.8,16,3,3146.7,59,4,3146.6,60,5,3146.5,69,5,3146.4,42,6,3147.3,145,1,3147.5,2,1,3147.6,202,2,3147.7,176,1,3147.8,600,3
2031,2026-06-16 13:52:37+05:30,3146.8,1,3132.63,2611611,129690.0,203906.0,3163.0,3163.0,3108.0,3134.3,32010600,3447.7,2820.9,3839.9,2896.0,3146.8,16,3,3146.7,74,5,3146.6,60,5,3146.5,69,5,3146.4,42,6,3147.3,169,2,3147.5,2,1,3147.6,202,2,3147.7,176,1,3147.8,600,3
2031,2026-06-16 13:52:37+05:30,3146.8,1,3132.63,2611611,129690.0,203906.0,3163.0,3163.0,3108.0,3134.3,32010600,3447.7,2820.9,3839.9,2896.0,3146.8,16,3,3146.7,74,5,3146.6,60,5,3146.5,69,5,3146.4,42,6,3147.3,169,2,3147.5,2,1,3147.6,202,2,3147.7,176,1,3147.8,600,3
2031,2026-06-16 13:52:38+05:30,3146.8,1,3132.63,2611611,129694.0,203850.0,3163.0,3163.0,3108.0,3134.3,32010600,3447.7,2820.9,3839.9,2896.0,3146.9,10,1,3146.8,69,5,3146.7,74,5,3146.6,44,4,3146.5,69,5,3147.3,169,2,3147.5,2,1,3147.6,202,2,3147.7,176,1,3147.8,600,3
2031,2026-06-16 13:52:38+05:30,3146.8,1,3132.63,2611611,129694.0,203850.0,3163.0,3163.0,3108.0,3134.3,32010600,3447.7,2820.9,3839.9,2896.0,3146.9,10,1,3146.8,69,5,3146.7,74,5,3146.6,44,4,3146.5,69,5,3147.3,169,2,3147.5,2,1,3147.6,202,2,3147.7,176,1,3147.8,600,3
2031,2026-06-16 13:52:39+05:30,3146.8,1,3132.63,2611611,129516.0,203823.0,3163.0,3163.0,3108.0,3134.3,32010600,3447.7,2820.9,3839.9,2896.0,3147.0,5,1,3146.8,40,2,3146.7,52,2,3146.6,47,4,3146.5,66,4,3147.3,170,3,3147.5,2,1,3147.6,202,2,3147.7,176,1,3147.8,600,3
2031,2026-06-16 13:52:39+05:30,3146.8,1,3132.63,2611611,129516.0,203823.0,3163.0,3163.0,3108.0,3134.3,32010600,3447.7,2820.9,3839.9,2896.0,3147.0,5,1,3146.8,40,2,3146.7,52,2,3146.6,47,4,3146.5,66,4,3147.3,170,3,3147.5,2,1,3147.6,202,2,3147.7,176,1,3147.8,600,3
2031,2026-06-16 13:52:40+05:30,3147.3,8,3132.63,2611619,129756.0,203827.0,3163.0,3163.0,3108.0,3134.3,32010600,3447.7,2820.9,3839.9,2896.0,3147.0,71,4,3146.8,40,2,3146.7,64,3,3146.6,47,4,3146.5,51,3,3147.3,162,3,3147.5,2,1,3147.6,202,2,3147.7,176,1,3147.8,600,3
2031,2026-06-16 13:52:40+05:30,3147.3,8,3132.63,2611619,129756.0,203827.0,3163.0,3163.0,3108.0,3134.3,32010600,3447.7,2820.9,3839.9,2896.0,3147.0,71,4,3146.8,40,2,3146.7,64,3,3146.6,47,4,3146.5,51,3,3147.3,162,3,3147.5,2,1,3147.6,202,2,3147.7,176,1,3147.8,600,3
2031,2026-06-16 13:52:40+05:30,3147.3,1,3132.63,2611619,129756.0,203827.0,3163.0,3163.0,3108.0,3134.3,32010600,3447.7,2820.9,3839.9,2896.0,3147.0,71,4,3146.8,40,2,3146.7,64,3,3146.6,47,4,3146.5,51,3,3147.3,162,3,3147.5,2,1,3147.6,202,2,3147.7,176,1,3147.8,600,3
2031,2026-06-16 13:52:41+05:30,3147.3,1,3132.63,2611619,129756.0,203827.0,3163.0,3163.0,3108.0,3134.3,32010600,3447.7,2820.9,3839.9,2896.0,3147.0,71,4,3146.8,40,2,3146.7,64,3,3146.6,47,4,3146.5,51,3,3147.3,162,3,3147.5,2,1,3147.6,202,2,3147.7,176,1,3147.8,600,3
2031,2026-06-16 13:52:41+05:30,3147.3,1,3132.63,2611621,129746.0,203924.0,3163.0,3163.0,3108.0,3134.3,32010600,3447.7,2820.9,3839.9,2896.0,3147.0,71,4,3146.8,40,2,3146.7,64,3,3146.6,37,3,3146.5,51,3,3147.3,201,4,3147.5,2,1,3147.6,202,2,3147.7,176,1,3147.8,600,3
2031,2026-06-16 13:52:41+05:30,3147.3,15,3132.63,2611621,129746.0,203924.0,3163.0,3163.0,3108.0,3134.3,32010600,3447.7,2820.9,3839.9,2896.0,3147.0,71,4,3146.8,40,2,3146.7,64,3,3146.6,37,3,3146.5,51,3,3147.3,201,4,3147.5,2,1,3147.6,202,2,3147.7,176,1,3147.8,600,3
2031,2026-06-16 13:52:42+05:30,3147.3,15,3132.63,2611621,129746.0,203924.0,3163.0,3163.0,3108.0,3134.3,32013600,3447.7,2820.9,3839.9,2896.0,3147.0,71,4,3146.8,40,2,3146.7,64,3,3146.6,37,3,3146.5,51,3,3147.3,201,4,3147.5,2,1,3147.6,202,2,3147.7,176,1,3147.8,600,3
2031,2026-06-16 13:52:42+05:30,3147.3,15,3132.63,2611771,129761.0,202897.0,3163.0,3163.0,3108.0,3134.3,32013600,3447.7,2820.9,3839.9,2896.0,3147.0,71,4,3146.8,43,2,3146.7,58,3,3146.6,52,3,3146.5,267,5,3147.3,51,3,3147.5,2,1,3147.6,2,1,3148.0,105,3,3148.1,3,1
2031,2026-06-16 13:52:42+05:30,3147.3,6,3132.63,2611771,129761.0,202897.0,3163.0,3163.0,3108.0,3134.3,32013600,3447.7,2820.9,3839.9,2896.0,3147.0,71,4,3146.8,43,2,3146.7,58,3,3146.6,52,3,3146.5,267,5,3147.3,51,3,3147.5,2,1,3147.6,2,1,3148.0,105,3,3148.1,3,1
2031,2026-06-16 13:52:43+05:30,3147.3,6,3132.63,2611787,129558.0,202743.0,3163.0,3163.0,3108.0,3134.3,32013600,3447.7,2820.9,3839.9,2896.0,3147.0,71,4,3146.8,37,1,3146.7,51,2,3146.6,8,1,3146.5,253,5,3147.5,2,1,3147.6,2,1,3147.8,43,2,3147.9,27,1,3148.0,189,5
2031,2026-06-16 13:52:43+05:30,3147.8,3,3132.63,2611787,129558.0,202743.0,3163.0,3163.0,3108.0,3134.3,32013600,3447.7,2820.9,3839.9,2896.0,3147.0,71,4,3146.8,37,1,3146.7,51,2,3146.6,8,1,3146.5,253,5,3147.5,2,1,3147.6,2,1,3147.8,43,2,3147.9,27,1,3148.0,189,5
2031,2026-06-16 13:52:44+05:30,3147.8,3,3132.63,2611804,130224.0,202818.0,3163.0,3163.0,3108.0,3134.3,32013600,3447.7,2820.9,3839.9,2896.0,3147.2,16,1,3147.0,70,4,3146.9,3,1,3146.8,98,5,3146.7,44,2,3147.3,1,1,3147.9,200,1,3148.0,133,4,3148.1,30,2,3148.2,232,3
2031,2026-06-16 13:52:45+05:30,3147.3,2,3132.63,2611848,130128.0,201202.0,3163.0,3163.0,3108.0,3134.3,32013600,3447.7,2820.9,3839.9,2896.0,3147.3,19,3,3147.0,51,2,3146.9,3,1,3146.8,55,3,3146.7,107,4,3147.9,27,1,3148.0,169,5,3148.1,204,2,3148.2,116,4,3148.3,90,2
2031,2026-06-16 13:52:45+05:30,3147.3,10,3132.63,2611848,130128.0,201202.0,3163.0,3163.0,3108.0,3134.3,32013600,3447.7,2820.9,3839.9,2896.0,3147.3,19,3,3147.0,51,2,3146.9,3,1,3146.8,55,3,3146.7,107,4,3147.9,27,1,3148.0,169,5,3148.1,204,2,3148.2,116,4,3148.3,90,2
2031,2026-06-16 13:52:46+05:30,3147.3,10,3132.63,2611898,131059.0,203020.0,3163.0,3163.0,3108.0,3134.3,32013600,3447.7,2820.9,3839.9,2896.0,3147.6,2,2,3147.3,56,4,3147.0,85,4,3146.9,3,1,3146.8,55,3,3148.0,124,4,3148.1,27,1,3148.2,39,2,3148.3,258,3,3148.4,70,2
2031,2026-06-16 13:52:46+05:30,3147.5,1,3132.63,2611898,131059.0,203020.0,3163.0,3163.0,3108.0,3134.3,32013600,3447.7,2820.9,3839.9,2896.0,3147.6,2,2,3147.3,56,4,3147.0,85,4,3146.9,3,1,3146.8,55,3,3148.0,124,4,3148.1,27,1,3148.2,39,2,3148.3,258,3,3148.4,70,2
2031,2026-06-16 13:52:47+05:30,3148.0,6,3132.63,2611913,130850.0,202814.0,3163.0,3163.0,3108.0,3134.3,32013600,3447.7,2820.9,3839.9,2896.0,3147.6,42,1,3147.3,56,4,3147.0,48,3,3146.9,210,3,3146.8,29,4,3148.0,99,3,3148.2,65,3,3148.3,235,2,3148.4,112,3,3148.5,127,3
2031,2026-06-16 13:52:47+05:30,3148.0,6,3132.63,2611913,130850.0,202814.0,3163.0,3163.0,3108.0,3134.3,32013600,3447.7,2820.9,3839.9,2896.0,3147.6,42,1,3147.3,56,4,3147.0,48,3,3146.9,210,3,3146.8,29,4,3148.0,99,3,3148.2,65,3,3148.3,235,2,3148.4,112,3,3148.5,127,3
2031,2026-06-16 13:52:48+05:30,3148.0,6,3132.63,2611913,130837.0,202982.0,3163.0,3163.0,3108.0,3134.3,32013600,3447.7,2820.9,3839.9,2896.0,3147.6,42,1,3147.3,56,4,3147.0,48,3,3146.9,10,2,3146.8,29,4,3148.0,118,4,3148.1,200,1,3148.2,81,4,3148.3,35,1,3148.4,312,4
2031,2026-06-16 13:52:49+05:30,3147.6,20,3132.63,2611939,130824.0,202747.0,3163.0,3163.0,3108.0,3134.3,32013600,3447.7,2820.9,3839.9,2896.0,3147.6,22,1,3147.4,16,1,3147.3,51,3,3147.0,30,2,3146.9,10,2,3148.0,142,6,3148.1,16,1,3148.2,106,4,3148.3,200,1,3148.4,112,3
2031,2026-06-16 13:52:49+05:30,3147.6,20,3132.63,2611939,130824.0,202747.0,3163.0,3163.0,3108.0,3134.3,32013600,3447.7,2820.9,3839.9,2896.0,3147.6,22,1,3147.4,16,1,3147.3,51,3,3147.0,30,2,3146.9,10,2,3148.0,142,6,3148.1,16,1,3148.2,106,4,3148.3,200,1,3148.4,112,3
2031,2026-06-16 13:52:50+05:30,3147.6,20,3132.63,2611939,130799.0,202845.0,3163.0,3163.0,3108.0,3134.3,32013600,3447.7,2820.9,3839.9,2896.0,3147.6,22,1,3147.4,16,1,3147.3,51,3,3147.0,30,2,3146.9,10,2,3148.0,227,9,3148.1,16,1,3148.2,80,3,3148.3,200,1,3148.4,152,4
2031,2026-06-16 13:52:51+05:30,3148.0,24,3132.63,2612205,130886.0,202866.0,3163.0,3163.0,3108.0,3134.3,32013600,3447.7,2820.9,3839.9,2896.0,3147.4,17,1,3147.3,20,3,3147.0,14,1,3146.9,3,1,3146.8,18,2,3148.0,109,6,3148.1,216,2,3148.2,80,3,3148.4,352,5,3148.5,202,2
2031,2026-06-16 13:52:51+05:30,3147.9,11,3132.63,2612205,130886.0,202866.0,3163.0,3163.0,3108.0,3134.3,32013600,3447.7,2820.9,3839.9,2896.0,3147.4,17,1,3147.3,20,3,3147.0,14,1,3146.9,3,1,3146.8,18,2,3148.0,109,6,3148.1,216,2,3148.2,80,3,3148.4,352,5,3148.5,202,2
2031,2026-06-16 13:52:52+05:30,3147.3,10,3132.63,2612417,129715.0,203389.0,3163.0,3163.0,3108.0,3134.3,32013600,3447.7,2820.9,3839.9,2896.0,3147.3,5,1,3147.0,14,1,3146.8,3,1,3146.7,16,2,3146.6,16,1,3148.0,83,6,3148.1,16,1,3148.2,360,6,3148.4,152,4,3148.5,277,4
2031,2026-06-16 13:52:52+05:30,3148.0,17,3132.63,2612417,129715.0,203389.0,3163.0,3163.0,3108.0,3134.3,32013600,3447.7,2820.9,3839.9,2896.0,3147.3,5,1,3147.0,14,1,3146.8,3,1,3146.7,16,2,3146.6,16,1,3148.0,83,6,3148.1,16,1,3148.2,360,6,3148.4,152,4,3148.5,277,4
2031,2026-06-16 13:52:53+05:30,3148.0,17,3132.63,2612445,130040.0,202914.0,3163.0,3163.0,3108.0,3134.3,32013600,3447.7,2820.9,3839.9,2896.0,3147.3,18,2,3147.1,4,1,3147.0,20,2,3146.9,2,1,3146.8,45,2,3147.5,1,1,3148.0,18,2,3148.1,15,1,3148.2,201,3,3148.4,83,3
2031,2026-06-16 13:52:53+05:30,3147.5,1,3132.63,2612445,130040.0,202914.0,3163.0,3163.0,3108.0,3134.3,32013600,3447.7,2820.9,3839.9,2896.0,3147.3,18,2,3147.1,4,1,3147.0,20,2,3146.9,2,1,3146.8,45,2,3147.5,1,1,3148.0,18,2,3148.1,15,1,3148.2,201,3,3148.4,83,3
2031,2026-06-16 13:52:54+05:30,3147.5,1,3132.63,2612446,129847.0,203135.0,3163.0,3163.0,3108.0,3134.3,32013600,3447.7,2820.9,3839.9,2896.0,3147.0,14,1,3146.9,12,1,3146.8,94,3,3146.7,38,4,3146.6,25,3,3148.0,18,2,3148.1,54,3,3148.2,198,2,3148.4,110,4,3148.5,260,3
2031,2026-06-16 13:52:54+05:30,3148.0,2,3132.63,2612446,129847.0,203135.0,3163.0,3163.0,3108.0,3134.3,32013600,3447.7,2820.9,3839.9,2896.0,3147.0,14,1,3146.9,12,1,3146.8,94,3,3146.7,38,4,3146.6,25,3,3148.0,18,2,3148.1,54,3,3148.2,198,2,3148.4,110,4,3148.5,260,3
2031,2026-06-16 13:52:55+05:30,3148.3,11,3132.63,2612586,130748.0,202170.0,3163.0,3163.0,3108.0,3134.3,32013600,3447.7,2820.9,3839.9,2896.0,3147.1,121,4,3147.0,162,8,3146.9,215,3,3146.8,46,2,3146.7,64,6,3148.3,177,1,3148.4,1,1,3148.5,3,1,3148.6,286,3,3148.7,207,2
2031,2026-06-16 13:52:55+05:30,3148.2,1,3132.63,2612586,130748.0,202170.0,3163.0,3163.0,3108.0,3134.3,32013600,3447.7,2820.9,3839.9,2896.0,3147.1,121,4,3147.0,162,8,3146.9,215,3,3146.8,46,2,3146.7,64,6,3148.3,177,1,3148.4,1,1,3148.5,3,1,3148.6,286,3,3148.7,207,2
2031,2026-06-16 13:52:56+05:30,3148.2,1,3132.63,2612598,130179.0,202606.0,3163.0,3163.0,3108.0,3134.3,32013600,3447.7,2820.9,3839.9,2896.0,3147.1,16,1,3147.0,33,3,3146.9,74,3,3146.8,42,1,3146.7,33,4,3147.8,1,1,3148.1,3,1,3148.2,177,1,3148.4,216,3,3148.5,253,4
2031,2026-06-16 13:52:57+05:30,3148.2,5,3132.63,2612612,130217.0,202760.0,3163.0,3163.0,3108.0,3134.3,32013600,3447.7,2820.9,3839.9,2896.0,3147.1,66,3,3147.0,47,5,3146.9,12,1,3146.8,119,6,3146.7,109,5,3148.3,172,1,3148.4,201,2,3148.5,176,1,3148.6,488,5,3148.7,235,2
2031,2026-06-16 13:52:57+05:30,3148.2,5,3132.63,2612612,130217.0,202760.0,3163.0,3163.0,3108.0,3134.3,32013600,3447.7,2820.9,3839.9,2896.0,3147.1,66,3,3147.0,47,5,3146.9,12,1,3146.8,119,6,3146.7,109,5,3148.3,172,1,3148.4,201,2,3148.5,176,1,3148.6,488,5,3148.7,235,2
2031,2026-06-16 13:52:58+05:30,3148.2,5,3132.63,2612612,130249.0,202563.0,3163.0,3163.0,3108.0,3134.3,32013600,3447.7,2820.9,3839.9,2896.0,3147.1,66,3,3147.0,47,5,3146.9,12,1,3146.8,124,7,3146.7,109,5,3148.3,172,1,3148.4,1,1,3148.5,18,2,3148.6,288,4,3148.7,211,2
2031,2026-06-16 13:52:59+05:30,3148.2,5,3132.63,2612612,130048.0,202627.0,3163.0,3163.0,3108.0,3134.3,32013600,3447.7,2820.9,3839.9,2896.0,3147.1,66,3,3147.0,47,5,3146.9,12,1,3146.8,104,5,3146.7,109,5,3148.3,208,2,3148.4,1,1,3148.5,18,2,3148.6,314,5,3148.7,211,2
2031,2026-06-16 13:53:00+05:30,3148.3,1,3132.63,2612614,131127.0,202604.0,3163.0,3163.0,3108.0,3134.3,32013600,3447.7,2820.9,3839.9,2896.0,3147.7,2,2,3147.2,17,1,3147.1,24,4,3147.0,110,6,3146.9,97,3,3148.3,207,3,3148.4,1,1,3148.5,15,1,3148.6,357,6,3148.7,176,1
2031,2026-06-16 13:53:00+05:30,3148.3,1,3132.63,2612614,131127.0,202604.0,3163.0,3163.0,3108.0,3134.3,32013600,3447.7,2820.9,3839.9,2896.0,3147.7,2,2,3147.2,17,1,3147.1,24,4,3147.0,110,6,3146.9,97,3,3148.3,207,3,3148.4,1,1,3148.5,15,1,3148.6,357,6,3148.7,176,1
2031,2026-06-16 13:53:01+05:30,3148.3,1,3132.63,2612614,131569.0,202241.0,3163.0,3163.0,3108.0,3134.3,32013600,3447.7,2820.9,3839.9,2896.0,3148.0,8,1,3147.7,2,2,3147.4,17,1,3147.2,80,2,3147.1,207,6,3148.2,180,2,3148.3,37,2,3148.4,1,1,3148.5,215,2,3148.6,291,5
2031,2026-06-16 13:53:02+05:30,3147.8,1,3132.63,2612623,130961.0,202354.0,3163.0,3163.0,3108.0,3134.3,32013600,3447.7,2820.9,3839.9,2896.0,3147.8,14,1,3147.7,2,2,3147.1,26,4,3147.0,14,1,3146.9,34,2,3148.2,171,2,3148.3,102,5,3148.4,36,2,3148.5,200,1,3148.6,300,5
2031,2026-06-16 13:53:02+05:30,3147.8,1,3132.63,2612623,130961.0,202354.0,3163.0,3163.0,3108.0,3134.3,32013600,3447.7,2820.9,3839.9,2896.0,3147.8,14,1,3147.7,2,2,3147.1,26,4,3147.0,14,1,3146.9,34,2,3148.2,171,2,3148.3,102,5,3148.4,36,2,3148.5,200,1,3148.6,300,5
2031,2026-06-16 13:53:03+05:30,3147.7,1,3132.63,2612784,128937.0,203293.0,3163.0,3163.0,3108.0,3134.3,32013600,3447.7,2820.9,3839.9,2896.0,3147.1,23,3,3147.0,14,1,3146.5,20,1,3146.4,18,2,3146.3,28,2,3147.8,10,1,3147.9,462,5,3148.0,10,1,3148.1,241,7,3148.2,27,2
2031,2026-06-16 13:53:03+05:30,3147.7,1,3132.63,2612784,128937.0,203293.0,3163.0,3163.0,3108.0,3134.3,32013600,3447.7,2820.9,3839.9,2896.0,3147.1,23,3,3147.0,14,1,3146.5,20,1,3146.4,18,2,3146.3,28,2,3147.8,10,1,3147.9,462,5,3148.0,10,1,3148.1,241,7,3148.2,27,2
2031,2026-06-16 13:53:04+05:30,3147.9,7,3132.63,2612798,129279.0,203326.0,3163.0,3163.0,3108.0,3134.3,32013600,3447.7,2820.9,3839.9,2896.0,3147.1,23,3,3147.0,31,2,3146.5,20,1,3146.4,58,3,3146.3,28,2,3147.9,406,3,3148.0,25,2,3148.1,216,5,3148.2,67,3,3148.3,115,4
2031,2026-06-16 13:53:04+05:30,3147.9,7,3132.63,2612798,129279.0,203326.0,3163.0,3163.0,3108.0,3134.3,32013600,3447.7,2820.9,3839.9,2896.0,3147.1,23,3,3147.0,31,2,3146.5,20,1,3146.4,58,3,3146.3,28,2,3147.9,406,3,3148.0,25,2,3148.1,216,5,3148.2,67,3,3148.3,115,4
2031,2026-06-16 13:53:05+05:30,3147.9,7,3132.63,2612798,129628.0,203255.0,3163.0,3163.0,3108.0,3134.3,32013600,3447.7,2820.9,3839.9,2896.0,3147.2,15,1,3147.1,66,4,3147.0,14,1,3146.5,20,1,3146.4,77,6,3147.9,425,5,3148.0,25,2,3148.1,216,5,3148.2,66,2,3148.3,115,4
2031,2026-06-16 13:53:06+05:30,3147.3,10,3132.63,2612808,129709.0,203539.0,3163.0,3163.0,3108.0,3134.3,32013600,3447.7,2820.9,3839.9,2896.0,3147.3,6,1,3147.1,66,4,3147.0,14,1,3146.5,13,1,3146.4,245,6,3147.9,460,6,3148.0,195,3,3148.1,26,3,3148.2,101,3,3148.3,266,4
2031,2026-06-16 13:53:06+05:30,3147.9,1,3132.63,2612808,129709.0,203539.0,3163.0,3163.0,3108.0,3134.3,32013600,3447.7,2820.9,3839.9,2896.0,3147.3,6,1,3147.1,66,4,3147.0,14,1,3146.5,13,1,3146.4,245,6,3147.9,460,6,3148.0,195,3,3148.1,26,3,3148.2,101,3,3148.3,266,4
2031,2026-06-16 13:53:07+05:30,3147.8,20,3132.63,2612829,130100.0,203493.0,3163.0,3163.0,3108.0,3134.3,32013600,3447.7,2820.9,3839.9,2896.0,3147.3,6,1,3147.1,66,4,3147.0,14,1,3146.6,163,2,3146.5,180,4,3147.9,424,5,3148.0,10,1,3148.1,15,2,3148.2,226,4,3148.3,66,3
2031,2026-06-16 13:53:07+05:30,3147.8,20,3132.63,2612829,130100.0,203493.0,3163.0,3163.0,3108.0,3134.3,32013600,3447.7,2820.9,3839.9,2896.0,3147.3,6,1,3147.1,66,4,3147.0,14,1,3146.6,163,2,3146.5,180,4,3147.9,424,5,3148.0,10,1,3148.1,15,2,3148.2,226,4,3148.3,66,3
2031,2026-06-16 13:53:08+05:30,3147.9,1,3132.63,2612830,130836.0,203187.0,3163.0,3163.0,3108.0,3134.3,32013600,3447.7,2820.9,3839.9,2896.0,3147.4,15,1,3147.3,50,1,3147.1,66,4,3147.0,28,2,3146.9,43,2,3147.9,423,5,3148.0,20,2,3148.1,13,1,3148.2,165,2,3148.3,37,2
2031,2026-06-16 13:53:08+05:30,3147.9,1,3132.63,2612830,130836.0,203187.0,3163.0,3163.0,3108.0,3134.3,32013600,3447.7,2820.9,3839.9,2896.0,3147.4,15,1,3147.3,50,1,3147.1,66,4,3147.0,28,2,3146.9,43,2,3147.9,423,5,3148.0,20,2,3148.1,13,1,3148.2,165,2,3148.3,37,2
2031,2026-06-16 13:53:09+05:30,3147.9,20,3132.63,2612897,131136.0,203248.0,3163.0,3163.0,3108.0,3134.3,32013600,3447.7,2820.9,3839.9,2896.0,3147.7,17,1,3147.6,6,1,3147.4,44,1,3147.3,50,1,3147.1,60,3,3147.9,399,4,3148.0,10,1,3148.1,163,2,3148.2,3,1,3148.4,205,4
2031,2026-06-16 13:53:09+05:30,3147.9,20,3132.63,2612897,131136.0,203248.0,3163.0,3163.0,3108.0,3134.3,32013600,3447.7,2820.9,3839.9,2896.0,3147.7,17,1,3147.6,6,1,3147.4,44,1,3147.3,50,1,3147.1,60,3,3147.9,399,4,3148.0,10,1,3148.1,163,2,3148.2,3,1,3148.4,205,4
2031,2026-06-16 13:53:10+05:30,3147.9,8,3132.63,2612905,131138.0,203117.0,3163.0,3163.0,3108.0,3134.3,32013600,3447.7,2820.9,3839.9,2896.0,3147.7,17,1,3147.6,6,1,3147.4,44,1,3147.3,50,1,3147.1,59,2,3147.9,391,4,3148.0,10,1,3148.1,13,1,3148.2,3,1,3148.3,150,1
2031,2026-06-16 13:53:10+05:30,3147.9,142,3132.63,2612905,131138.0,203117.0,3163.0,3163.0,3108.0,3134.3,32013600,3447.7,2820.9,3839.9,2896.0,3147.7,17,1,3147.6,6,1,3147.4,44,1,3147.3,50,1,3147.1,59,2,3147.9,391,4,3148.0,10,1,3148.1,13,1,3148.2,3,1,3148.3,150,1
2031,2026-06-16 13:53:11+05:30,3147.4,27,3132.64,2613132,130998.0,202901.0,3163.0,3163.0,3108.0,3134.3,32013600,3447.7,2820.9,3839.9,2896.0,3147.7,15,1,3147.4,17,1,3147.3,50,1,3147.1,16,1,3147.0,15,2,3147.9,241,4,3148.0,10,1,3148.1,13,1,3148.3,165,2,3148.4,1,1
2031,2026-06-16 13:53:11+05:30,3147.4,27,3132.64,2613132,130998.0,202901.0,3163.0,3163.0,3108.0,3134.3,32013600,3447.7,2820.9,3839.9,2896.0,3147.7,15,1,3147.4,17,1,3147.3,50,1,3147.1,16,1,3147.0,15,2,3147.9,241,4,3148.0,10,1,3148.1,13,1,3148.3,165,2,3148.4,1,1
2031,2026-06-16 13:53:12+05:30,3147.6,5,3132.64,2613303,130545.0,203161.0,3163.0,3163.0,3108.0,3134.3,32013600,3447.7,2820.9,3839.9,2896.0,3147.4,19,2,3147.3,50,1,3147.1,16,1,3147.0,14,1,3146.9,3,1,3147.8,74,6,3147.9,262,6,3148.0,236,5,3148.1,13,1,3148.2,85,3
2031,2026-06-16 13:53:12+05:30,3147.6,5,3132.64,2613303,130545.0,203161.0,3163.0,3163.0,3108.0,3134.3,32013600,3447.7,2820.9,3839.9,2896.0,3147.4,19,2,3147.3,50,1,3147.1,16,1,3147.0,14,1,3146.9,3,1,3147.8,74,6,3147.9,262,6,3148.0,236,5,3148.1,13,1,3148.2,85,3
2031,2026-06-16 13:53:13+05:30,3147.6,19,3132.64,2613557,129601.0,203486.0,3163.0,3163.0,3108.0,3134.3,32013600,3447.7,2820.9,3839.9,2896.0,3147.3,15,1,3146.4,66,2,3146.3,76,2,3146.2,80,3,3146.1,192,6,3147.7,10,1,3147.8,286,8,3147.9,285,4,3148.0,50,2,3148.1,247,2
2031,2026-06-16 13:53:13+05:30,3147.6,19,3132.64,2613557,129601.0,203486.0,3163.0,3163.0,3108.0,3134.3,32013600,3447.7,2820.9,3839.9,2896.0,3147.3,15,1,3146.4,66,2,3146.3,76,2,3146.2,80,3,3146.1,192,6,3147.7,10,1,3147.8,286,8,3147.9,285,4,3148.0,50,2,3148.1,247,2
2031,2026-06-16 13:53:14+05:30,3147.6,19,3132.64,2613557,129395.0,203792.0,3163.0,3163.0,3108.0,3134.3,32013600,3447.7,2820.9,3839.9,2896.0,3147.3,15,1,3146.4,66,2,3146.3,97,3,3146.2,67,2,3146.1,192,6,3147.4,222,2,3147.5,10,1,3147.6,50,2,3147.8,187,8,3147.9,212,3
2031,2026-06-16 13:53:14+05:30,3147.4,1,3132.64,2613557,129395.0,203792.0,3163.0,3163.0,3108.0,3134.3,32013600,3447.7,2820.9,3839.9,2896.0,3147.3,15,1,3146.4,66,2,3146.3,97,3,3146.2,67,2,3146.1,192,6,3147.4,222,2,3147.5,10,1,3147.6,50,2,3147.8,187,8,3147.9,212,3
2031,2026-06-16 13:53:15+05:30,3147.4,2,3132.64,2613563,129036.0,204203.0,3163.0,3163.0,3108.0,3134.3,32013600,3447.7,2820.9,3839.9,2896.0,3147.3,16,2,3146.4,66,2,3146.3,97,3,3146.2,67,2,3146.1,192,6,3147.4,235,4,3147.5,10,1,3147.6,50,2,3147.8,303,7,3147.9,77,2
2031,2026-06-16 13:53:15+05:30,3147.4,2,3132.64,2613563,129036.0,204203.0,3163.0,3163.0,3108.0,3134.3,32013600,3447.7,2820.9,3839.9,2896.0,3147.3,16,2,3146.4,66,2,3146.3,97,3,3146.2,67,2,3146.1,192,6,3147.4,235,4,3147.5,10,1,3147.6,50,2,3147.8,303,7,3147.9,77,2
2031,2026-06-16 13:53:16+05:30,3147.3,9,3132.64,2613735,128948.0,204576.0,3163.0,3163.0,3108.0,3134.3,32013600,3447.7,2820.9,3839.9,2896.0,3146.4,9,2,3146.3,7,1,3146.2,20,3,3146.1,28,4,3146.0,52,4,3146.8,53,1,3146.9,1,1,3147.4,44,3,3147.7,3,1,3147.8,234,5
2031,2026-06-16 13:53:16+05:30,3147.3,9,3132.64,2613735,128948.0,204576.0,3163.0,3163.0,3108.0,3134.3,32013600,3447.7,2820.9,3839.9,2896.0,3146.4,9,2,3146.3,7,1,3146.2,20,3,3146.1,28,4,3146.0,52,4,3146.8,53,1,3146.9,1,1,3147.4,44,3,3147.7,3,1,3147.8,234,5
2031,2026-06-16 13:53:17+05:30,3146.8,1,3132.64,2613736,128947.0,204391.0,3163.0,3163.0,3108.0,3134.3,32013600,3447.7,2820.9,3839.9,2896.0,3146.4,3,1,3146.2,20,3,3146.1,28,4,3146.0,50,3,3145.9,36,3,3146.8,53,2,3146.9,1,1,3147.4,25,1,3147.6,3,1,3147.7,3,1
2031,2026-06-16 13:53:17+05:30,3146.8,1,3132.64,2613736,128947.0,204391.0,3163.0,3163.0,3108.0,3134.3,32013600,3447.7,2820.9,3839.9,2896.0,3146.4,3,1,3146.2,20,3,3146.1,28,4,3146.0,50,3,3145.9,36,3,3146.8,53,2,3146.9,1,1,3147.4,25,1,3147.6,3,1,3147.7,3,1
2031,2026-06-16 13:53:18+05:30,3146.5,1,3132.64,2613752,129030.0,204611.0,3163.0,3163.0,3108.0,3134.3,32013600,3447.7,2820.9,3839.9,2896.0,3146.4,3,1,3146.2,16,2,3146.1,28,4,3146.0,59,5,3145.9,100,5,3146.5,36,1,3146.6,1,1,3146.8,30,2,3146.9,1,1,3147.6,21,1
2031,2026-06-16 13:53:18+05:30,3146.5,1,3132.64,2613752,129030.0,204611.0,3163.0,3163.0,3108.0,3134.3,32013600,3447.7,2820.9,3839.9,2896.0,3146.4,3,1,3146.2,16,2,3146.1,28,4,3146.0,59,5,3145.9,100,5,3146.5,36,1,3146.6,1,1,3146.8,30,2,3146.9,1,1,3147.6,21,1
2031,2026-06-16 13:53:19+05:30,3146.5,1,3132.64,2613753,129084.0,204672.0,3163.0,3163.0,3108.0,3134.3,32013600,3447.7,2820.9,3839.9,2896.0,3146.4,21,2,3146.2,3,1,3146.1,28,4,3146.0,61,6,3145.9,104,4,3146.5,36,2,3146.6,1,1,3146.8,29,1,3146.9,1,1,3147.6,21,1
2031,2026-06-16 13:53:19+05:30,3146.5,1,3132.64,2613753,129084.0,204672.0,3163.0,3163.0,3108.0,3134.3,32013600,3447.7,2820.9,3839.9,2896.0,3146.4,21,2,3146.2,3,1,3146.1,28,4,3146.0,61,6,3145.9,104,4,3146.5,36,2,3146.6,1,1,3146.8,29,1,3146.9,1,1,3147.6,21,1
2031,2026-06-16 13:53:20+05:30,3146.4,1,3132.64,2613754,129001.0,204820.0,3163.0,3163.0,3108.0,3134.3,32013600,3447.7,2820.9,3839.9,2896.0,3146.4,20,2,3146.2,3,1,3146.1,28,4,3146.0,74,7,3145.9,91,3,3146.5,62,3,3146.6,1,1,3146.9,1,1,3147.5,3,1,3147.6,196,3
2031,2026-06-16 13:53:20+05:30,3146.4,1,3132.64,2613754,129001.0,204820.0,3163.0,3163.0,3108.0,3134.3,32013600,3447.7,2820.9,3839.9,2896.0,3146.4,20,2,3146.2,3,1,3146.1,28,4,3146.0,74,7,3145.9,91,3,3146.5,62,3,3146.6,1,1,3146.9,1,1,3147.5,3,1,3147.6,196,3
2031,2026-06-16 13:53:21+05:30,3146.5,26,3132.64,2613754,129001.0,204820.0,3163.0,3163.0,3108.0,3134.3,32013600,3447.7,2820.9,3839.9,2896.0,3146.4,20,2,3146.2,3,1,3146.1,28,4,3146.0,74,7,3145.9,91,3,3146.5,62,3,3146.6,1,1,3146.9,1,1,3147.5,3,1,3147.6,196,3
2031,2026-06-16 13:53:21+05:30,3146.5,26,3132.64,2613817,129104.0,204827.0,3163.0,3163.0,3108.0,3134.3,32013600,3447.7,2820.9,3839.9,2896.0,3146.4,1,1,3146.2,16,2,3146.1,43,6,3146.0,59,5,3145.9,112,4,3146.6,1,1,3147.5,43,2,3147.7,149,2,3147.8,141,6,3147.9,29,1
2031,2026-06-16 13:53:22+05:30,3146.5,26,3132.64,2613817,129104.0,204827.0,3163.0,3163.0,3108.0,3134.3,32013600,3447.7,2820.9,3839.9,2896.0,3146.4,1,1,3146.2,16,2,3146.1,43,6,3146.0,59,5,3145.9,112,4,3146.6,1,1,3147.5,43,2,3147.7,149,2,3147.8,141,6,3147.9,29,1
2031,2026-06-16 13:53:22+05:30,3146.5,26,3132.64,2613817,129053.0,204790.0,3163.0,3163.0,3108.0,3134.3,32013600,3447.7,2820.9,3839.9,2896.0,3146.4,26,5,3146.3,3,1,3146.2,28,5,3146.1,41,5,3146.0,66,6,3146.6,2,2,3147.5,40,1,3147.7,135,1,3147.8,139,5,3147.9,29,1
2031,2026-06-16 13:53:23+05:30,3146.6,1,3132.64,2613817,129053.0,204790.0,3163.0,3163.0,3108.0,3134.3,32013600,3447.7,2820.9,3839.9,2896.0,3146.4,26,5,3146.3,3,1,3146.2,28,5,3146.1,41,5,3146.0,66,6,3146.6,2,2,3147.5,40,1,3147.7,135,1,3147.8,139,5,3147.9,29,1
2031,2026-06-16 13:53:24+05:30,3146.7,1,3132.64,2613828,129181.0,204874.0,3163.0,3163.0,3108.0,3134.3,32013600,3447.7,2820.9,3839.9,2896.0,3146.4,18,2,3146.3,22,2,3146.2,18,2,3146.1,33,6,3146.0,66,6,3146.6,50,3,3147.6,52,2,3147.7,161,2,3147.8,65,3,3147.9,40,1
2031,2026-06-16 13:53:24+05:30,3146.7,1,3132.64,2613828,129181.0,204874.0,3163.0,3163.0,3108.0,3134.3,32013600,3447.7,2820.9,3839.9,2896.0,3146.4,18,2,3146.3,22,2,3146.2,18,2,3146.1,33,6,3146.0,66,6,3146.6,50,3,3147.6,52,2,3147.7,161,2,3147.8,65,3,3147.9,40,1
2031,2026-06-16 13:53:24+05:30,3146.4,1,3132.64,2613828,129181.0,204874.0,3163.0,3163.0,3108.0,3134.3,32013600,3447.7,2820.9,3839.9,2896.0,3146.4,18,2,3146.3,22,2,3146.2,18,2,3146.1,33,6,3146.0,66,6,3146.6,50,3,3147.6,52,2,3147.7,161,2,3147.8,65,3,3147.9,40,1
2031,2026-06-16 13:53:25+05:30,3146.4,1,3132.64,2613870,129157.0,205037.0,3163.0,3163.0,3108.0,3134.3,32013600,3447.7,2820.9,3839.9,2896.0,3146.4,19,2,3146.1,24,3,3146.0,44,3,3145.9,21,1,3145.8,56,2,3146.6,65,4,3147.3,44,1,3147.5,24,1,3147.6,268,6,3147.7,2,1
2031,2026-06-16 13:53:25+05:30,3146.4,10,3132.64,2613870,129157.0,205037.0,3163.0,3163.0,3108.0,3134.3,32013600,3447.7,2820.9,3839.9,2896.0,3146.4,19,2,3146.1,24,3,3146.0,44,3,3145.9,21,1,3145.8,56,2,3146.6,65,4,3147.3,44,1,3147.5,24,1,3147.6,268,6,3147.7,2,1
2031,2026-06-16 13:53:26+05:30,3146.6,1,3132.64,2613881,129164.0,204656.0,3163.0,3163.0,3108.0,3134.3,32013600,3447.7,2820.9,3839.9,2896.0,3146.4,9,2,3146.1,24,3,3146.0,44,3,3145.9,23,2,3145.8,56,2,3146.6,64,4,3147.3,44,1,3147.5,24,1,3147.6,268,6,3147.7,2,1
2031,2026-06-16 13:53:26+05:30,3146.6,1,3132.64,2613881,129164.0,204656.0,3163.0,3163.0,3108.0,3134.3,32013600,3447.7,2820.9,3839.9,2896.0,3146.4,9,2,3146.1,24,3,3146.0,44,3,3145.9,23,2,3145.8,56,2,3146.6,64,4,3147.3,44,1,3147.5,24,1,3147.6,268,6,3147.7,2,1
2031,2026-06-16 13:53:26+05:30,3146.4,3,3132.64,2613881,129164.0,204656.0,3163.0,3163.0,3108.0,3134.3,32013600,3447.7,2820.9,3839.9,2896.0,3146.4,9,2,3146.1,24,3,3146.0,44,3,3145.9,23,2,3145.8,56,2,3146.6,64,4,3147.3,44,1,3147.5,24,1,3147.6,268,6,3147.7,2,1
2031,2026-06-16 13:53:27+05:30,3146.4,3,3132.64,2613890,129158.0,204752.0,3163.0,3163.0,3108.0,3134.3,32013600,3447.7,2820.9,3839.9,2896.0,3146.5,18,1,3146.4,3,1,3146.1,24,3,3146.0,57,4,3145.9,36,3,3146.6,64,4,3147.6,326,7,3147.7,2,1,3147.8,170,5,3147.9,271,4
2031,2026-06-16 13:53:28+05:30,3146.6,15,3132.64,2613954,129269.0,204630.0,3163.0,3163.0,3108.0,3134.3,32013600,3447.7,2820.9,3839.9,2896.0,3146.6,1,1,3146.4,3,1,3146.1,45,4,3146.0,44,3,3145.9,21,1,3147.5,33,3,3147.6,306,6,3147.7,56,3,3147.8,181,4,3147.9,245,3
2031,2026-06-16 13:53:28+05:30,3146.6,15,3132.64,2613954,129269.0,204630.0,3163.0,3163.0,3108.0,3134.3,32013600,3447.7,2820.9,3839.9,2896.0,3146.6,1,1,3146.4,3,1,3146.1,45,4,3146.0,44,3,3145.9,21,1,3147.5,33,3,3147.6,306,6,3147.7,56,3,3147.8,181,4,3147.9,245,3
2031,2026-06-16 13:53:28+05:30,3146.6,15,3132.64,2613954,129269.0,204630.0,3163.0,3163.0,3108.0,3134.3,32013600,3447.7,2820.9,3839.9,2896.0,3146.6,1,1,3146.4,3,1,3146.1,45,4,3146.0,44,3,3145.9,21,1,3147.5,33,3,3147.6,306,6,3147.7,56,3,3147.8,181,4,3147.9,245,3
2031,2026-06-16 13:53:29+05:30,3147.4,1,3132.64,2613955,129306.0,204581.0,3163.0,3163.0,3108.0,3134.3,32013600,3447.7,2820.9,3839.9,2896.0,3146.4,21,2,3146.1,45,4,3146.0,44,3,3145.9,21,1,3145.8,232,3,3147.3,13,1,3147.4,9,1,3147.5,34,4,3147.6,306,6,3147.7,94,4
2031,2026-06-16 13:53:29+05:30,3147.3,5,3132.64,2613955,129306.0,204581.0,3163.0,3163.0,3108.0,3134.3,32013600,3447.7,2820.9,3839.9,2896.0,3146.4,21,2,3146.1,45,4,3146.0,44,3,3145.9,21,1,3145.8,232,3,3147.3,13,1,3147.4,9,1,3147.5,34,4,3147.6,306,6,3147.7,94,4
2031,2026-06-16 13:53:30+05:30,3147.3,5,3132.64,2613961,129266.0,205037.0,3163.0,3163.0,3108.0,3134.3,32013600,3447.7,2820.9,3839.9,2896.0,3146.5,18,2,3146.4,12,3,3146.3,39,2,3146.2,39,4,3146.1,98,6,3146.9,1,1,3147.3,9,1,3147.5,24,3,3147.6,184,2,3147.8,3,1
2031,2026-06-16 13:53:30+05:30,3147.3,5,3132.64,2613961,129266.0,205037.0,3163.0,3163.0,3108.0,3134.3,32013600,3447.7,2820.9,3839.9,2896.0,3146.5,18,2,3146.4,12,3,3146.3,39,2,3146.2,39,4,3146.1,98,6,3146.9,1,1,3147.3,9,1,3147.5,24,3,3147.6,184,2,3147.8,3,1
2031,2026-06-16 13:53:31+05:30,3147.3,4,3132.64,2613967,129649.0,204436.0,3163.0,3163.0,3108.0,3134.3,32013600,3447.7,2820.9,3839.9,2896.0,3146.7,12,3,3146.6,10,1,3146.5,44,4,3146.4,21,3,3146.3,84,3,3147.3,5,1,3147.5,135,1,3147.6,49,1,3147.8,200,1,3147.9,216,2
2031,2026-06-16 13:53:31+05:30,3147.3,5,3132.64,2613967,129649.0,204436.0,3163.0,3163.0,3108.0,3134.3,32013600,3447.7,2820.9,3839.9,2896.0,3146.7,12,3,3146.6,10,1,3146.5,44,4,3146.4,21,3,3146.3,84,3,3147.3,5,1,3147.5,135,1,3147.6,49,1,3147.8,200,1,3147.9,216,2
2031,2026-06-16 13:53:32+05:30,3147.3,5,3132.64,2613967,129649.0,204436.0,3163.0,3163.0,3108.0,3134.3,32013600,3447.7,2820.9,3839.9,2896.0,3146.7,12,3,3146.6,10,1,3146.5,44,4,3146.4,21,3,3146.3,84,3,3147.3,5,1,3147.5,135,1,3147.6,49,1,3147.8,200,1,3147.9,216,2
2031,2026-06-16 13:53:32+05:30,3147.3,3,3132.64,2614013,130032.0,203748.0,3163.0,3163.0,3108.0,3134.3,32013600,3447.7,2820.9,3839.9,2896.0,3147.3,2,1,3146.8,60,2,3146.7,19,3,3146.5,58,3,3146.4,21,3,3147.7,97,1,3147.8,34,2,3147.9,240,2,3148.0,255,5,3148.1,840,5
2031,2026-06-16 13:53:32+05:30,3147.6,1,3132.64,2614013,130032.0,203748.0,3163.0,3163.0,3108.0,3134.3,32013600,3447.7,2820.9,3839.9,2896.0,3147.3,2,1,3146.8,60,2,3146.7,19,3,3146.5,58,3,3146.4,21,3,3147.7,97,1,3147.8,34,2,3147.9,240,2,3148.0,255,5,3148.1,840,5
2031,2026-06-16 13:53:33+05:30,3147.3,155,3132.64,2614199,129403.0,203976.0,3163.0,3163.0,3108.0,3134.3,32013600,3447.7,2820.9,3839.9,2896.0,3146.7,2,2,3146.5,37,2,3146.4,7,2,3146.3,56,1,3146.2,56,2,3147.3,234,3,3147.6,96,1,3147.7,13,1,3147.8,27,2,3147.9,240,2
2031,2026-06-16 13:53:33+05:30,3147.3,155,3132.64,2614199,129403.0,203976.0,3163.0,3163.0,3108.0,3134.3,32013600,3447.7,2820.9,3839.9,2896.0,3146.7,2,2,3146.5,37,2,3146.4,7,2,3146.3,56,1,3146.2,56,2,3147.3,234,3,3147.6,96,1,3147.7,13,1,3147.8,27,2,3147.9,240,2
2031,2026-06-16 13:53:33+05:30,3147.3,155,3132.64,2614199,129403.0,203976.0,3163.0,3163.0,3108.0,3134.3,32013600,3447.7,2820.9,3839.9,2896.0,3146.7,2,2,3146.5,37,2,3146.4,7,2,3146.3,56,1,3146.2,56,2,3147.3,234,3,3147.6,96,1,3147.7,13,1,3147.8,27,2,3147.9,240,2
2031,2026-06-16 13:53:34+05:30,3147.1,1,3132.64,2614200,129178.0,204344.0,3163.0,3163.0,3108.0,3134.3,32013600,3447.7,2820.9,3839.9,2896.0,3146.7,2,2,3146.5,18,2,3146.4,4,1,3146.3,56,1,3146.2,56,2,3147.1,19,1,3147.2,17,1,3147.3,247,4,3147.5,14,1,3147.6,96,1
2031,2026-06-16 13:53:34+05:30,3147.1,1,3132.64,2614200,129178.0,204344.0,3163.0,3163.0,3108.0,3134.3,32013600,3447.7,2820.9,3839.9,2896.0,3146.7,2,2,3146.5,18,2,3146.4,4,1,3146.3,56,1,3146.2,56,2,3147.1,19,1,3147.2,17,1,3147.3,247,4,3147.5,14,1,3147.6,96,1
2031,2026-06-16 13:53:34+05:30,3147.1,1,3132.64,2614200,129178.0,204344.0,3163.0,3163.0,3108.0,3134.3,32013600,3447.7,2820.9,3839.9,2896.0,3146.7,2,2,3146.5,18,2,3146.4,4,1,3146.3,56,1,3146.2,56,2,3147.1,19,1,3147.2,17,1,3147.3,247,4,3147.5,14,1,3147.6,96,1
2031,2026-06-16 13:53:35+05:30,3147.1,1,3132.64,2614200,129178.0,204344.0,3163.0,3163.0,3108.0,3134.3,32013600,3447.7,2820.9,3839.9,2896.0,3146.7,2,2,3146.5,18,2,3146.4,4,1,3146.3,56,1,3146.2,56,2,3147.1,19,1,3147.2,17,1,3147.3,247,4,3147.5,14,1,3147.6,96,1
2031,2026-06-16 13:53:35+05:30,3147.2,6,3132.64,2614225,129486.0,204116.0,3163.0,3163.0,3108.0,3134.3,32013600,3447.7,2820.9,3839.9,2896.0,3146.9,2,2,3146.7,15,1,3146.5,1,1,3146.4,4,1,3146.3,57,2,3147.3,247,4,3147.6,96,1,3147.7,40,1,3147.8,49,2,3147.9,240,2
2031,2026-06-16 13:53:35+05:30,3147.2,6,3132.64,2614225,129486.0,204116.0,3163.0,3163.0,3108.0,3134.3,32013600,3447.7,2820.9,3839.9,2896.0,3146.9,2,2,3146.7,15,1,3146.5,1,1,3146.4,4,1,3146.3,57,2,3147.3,247,4,3147.6,96,1,3147.7,40,1,3147.8,49,2,3147.9,240,2
2031,2026-06-16 13:53:35+05:30,3147.2,6,3132.64,2614225,129486.0,204116.0,3163.0,3163.0,3108.0,3134.3,32013600,3447.7,2820.9,3839.9,2896.0,3146.9,2,2,3146.7,15,1,3146.5,1,1,3146.4,4,1,3146.3,57,2,3147.3,247,4,3147.6,96,1,3147.7,40,1,3147.8,49,2,3147.9,240,2
2031,2026-06-16 13:53:36+05:30,3147.2,6,3132.64,2614225,129486.0,204116.0,3163.0,3163.0,3108.0,3134.3,32013600,3447.7,2820.9,3839.9,2896.0,3146.9,2,2,3146.7,15,1,3146.5,1,1,3146.4,4,1,3146.3,57,2,3147.3,247,4,3147.6,96,1,3147.7,40,1,3147.8,49,2,3147.9,240,2
2031,2026-06-16 13:53:36+05:30,3146.9,1,3132.64,2614254,129168.0,204928.0,3163.0,3163.0,3108.0,3134.3,32013600,3447.7,2820.9,3839.9,2896.0,3146.7,15,1,3146.5,4,2,3146.4,4,1,3146.3,57,2,3146.2,63,3,3146.8,1,1,3147.3,238,4,3147.5,96,1,3147.7,3,1,3147.8,270,4
2031,2026-06-16 13:53:36+05:30,3146.9,1,3132.64,2614254,129168.0,204928.0,3163.0,3163.0,3108.0,3134.3,32013600,3447.7,2820.9,3839.9,2896.0,3146.7,15,1,3146.5,4,2,3146.4,4,1,3146.3,57,2,3146.2,63,3,3146.8,1,1,3147.3,238,4,3147.5,96,1,3147.7,3,1,3147.8,270,4
2031,2026-06-16 13:53:37+05:30,3146.9,1,3132.64,2614254,129168.0,204928.0,3163.0,3163.0,3108.0,3134.3,32013600,3447.7,2820.9,3839.9,2896.0,3146.7,15,1,3146.5,4,2,3146.4,4,1,3146.3,57,2,3146.2,63,3,3146.8,1,1,3147.3,238,4,3147.5,96,1,3147.7,3,1,3147.8,270,4
2031,2026-06-16 13:53:37+05:30,3147.3,7,3132.64,2614267,129544.0,204877.0,3163.0,3163.0,3108.0,3134.3,32013600,3447.7,2820.9,3839.9,2896.0,3146.7,15,1,3146.5,1,1,3146.4,4,1,3146.3,57,2,3146.2,55,2,3147.3,231,4,3147.5,96,1,3147.7,14,1,3147.8,249,3,3147.9,216,2
2031,2026-06-16 13:53:37+05:30,3147.3,7,3132.64,2614267,129544.0,204877.0,3163.0,3163.0,3108.0,3134.3,32013600,3447.7,2820.9,3839.9,2896.0,3146.7,15,1,3146.5,1,1,3146.4,4,1,3146.3,57,2,3146.2,55,2,3147.3,231,4,3147.5,96,1,3147.7,14,1,3147.8,249,3,3147.9,216,2
2031,2026-06-16 13:53:38+05:30,3147.3,7,3132.64,2614267,129544.0,204877.0,3163.0,3163.0,3108.0,3134.3,32013600,3447.7,2820.9,3839.9,2896.0,3146.7,15,1,3146.5,1,1,3146.4,4,1,3146.3,57,2,3146.2,55,2,3147.3,231,4,3147.5,96,1,3147.7,14,1,3147.8,249,3,3147.9,216,2
2031,2026-06-16 13:53:38+05:30,3146.8,159,3132.64,2614467,129125.0,205211.0,3163.0,3163.0,3108.0,3134.3,32013600,3447.7,2820.9,3839.9,2896.0,3146.5,1,1,3146.3,75,3,3146.2,56,3,3146.1,37,4,3146.0,78,7,3146.8,2,1,3147.3,279,5,3147.6,96,1,3147.7,3,1,3147.8,73,4
2031,2026-06-16 13:53:38+05:30,3146.8,159,3132.64,2614467,129125.0,205211.0,3163.0,3163.0,3108.0,3134.3,32013600,3447.7,2820.9,3839.9,2896.0,3146.5,1,1,3146.3,75,3,3146.2,56,3,3146.1,37,4,3146.0,78,7,3146.8,2,1,3147.3,279,5,3147.6,96,1,3147.7,3,1,3147.8,73,4
2031,2026-06-16 13:53:38+05:30,3146.8,159,3132.64,2614467,129125.0,205211.0,3163.0,3163.0,3108.0,3134.3,32013600,3447.7,2820.9,3839.9,2896.0,3146.5,1,1,3146.3,75,3,3146.2,56,3,3146.1,37,4,3146.0,78,7,3146.8,2,1,3147.3,279,5,3147.6,96,1,3147.7,3,1,3147.8,73,4
2031,2026-06-16 13:53:39+05:30,3146.8,159,3132.64,2614467,129125.0,205211.0,3163.0,3163.0,3108.0,3134.3,32013600,3447.7,2820.9,3839.9,2896.0,3146.5,1,1,3146.3,75,3,3146.2,56,3,3146.1,37,4,3146.0,78,7,3146.8,2,1,3147.3,279,5,3147.6,96,1,3147.7,3,1,3147.8,73,4
2031,2026-06-16 13:53:39+05:30,3147.2,1,3132.64,2614467,129125.0,205211.0,3163.0,3163.0,3108.0,3134.3,32013600,3447.7,2820.9,3839.9,2896.0,3146.5,1,1,3146.3,75,3,3146.2,56,3,3146.1,37,4,3146.0,78,7,3146.8,2,1,3147.3,279,5,3147.6,96,1,3147.7,3,1,3147.8,73,4
2031,2026-06-16 13:53:39+05:30,3147.2,1,3132.64,2614470,129417.0,205371.0,3163.0,3163.0,3108.0,3134.3,32013600,3447.7,2820.9,3839.9,2896.0,3147.0,2,1,3146.9,1,1,3146.5,16,2,3146.3,75,3,3146.2,56,3,3147.3,260,4,3147.5,96,1,3147.6,200,1,3147.8,202,2,3147.9,221,3
2031,2026-06-16 13:53:40+05:30,3147.2,1,3132.64,2614470,129417.0,205371.0,3163.0,3163.0,3108.0,3134.3,32013600,3447.7,2820.9,3839.9,2896.0,3147.0,2,1,3146.9,1,1,3146.5,16,2,3146.3,75,3,3146.2,56,3,3147.3,260,4,3147.5,96,1,3147.6,200,1,3147.8,202,2,3147.9,221,3
2031,2026-06-16 13:53:40+05:30,3146.8,10,3132.64,2614470,129417.0,205371.0,3163.0,3163.0,3108.0,3134.3,32013600,3447.7,2820.9,3839.9,2896.0,3147.0,2,1,3146.9,1,1,3146.5,16,2,3146.3,75,3,3146.2,56,3,3147.3,260,4,3147.5,96,1,3147.6,200,1,3147.8,202,2,3147.9,221,3
2031,2026-06-16 13:53:40+05:30,3146.8,10,3132.64,2614515,129251.0,205410.0,3163.0,3163.0,3108.0,3134.3,32013600,3447.7,2820.9,3839.9,2896.0,3146.5,52,5,3146.4,24,3,3146.3,102,3,3146.2,76,5,3146.1,50,5,3146.8,6,1,3147.0,50,1,3147.1,233,1,3147.3,259,4,3147.6,96,1
2031,2026-06-16 13:53:41+05:30,3146.8,10,3132.64,2614515,129251.0,205410.0,3163.0,3163.0,3108.0,3134.3,32013600,3447.7,2820.9,3839.9,2896.0,3146.5,52,5,3146.4,24,3,3146.3,102,3,3146.2,76,5,3146.1,50,5,3146.8,6,1,3147.0,50,1,3147.1,233,1,3147.3,259,4,3147.6,96,1
2031,2026-06-16 13:53:41+05:30,3146.5,25,3132.64,2614515,129251.0,205410.0,3163.0,3163.0,3108.0,3134.3,32013600,3447.7,2820.9,3839.9,2896.0,3146.5,52,5,3146.4,24,3,3146.3,102,3,3146.2,76,5,3146.1,50,5,3146.8,6,1,3147.0,50,1,3147.1,233,1,3147.3,259,4,3147.6,96,1
2031,2026-06-16 13:53:41+05:30,3146.5,25,3132.64,2614579,129174.0,205444.0,3163.0,3163.0,3108.0,3134.3,32013600,3447.7,2820.9,3839.9,2896.0,3146.5,15,1,3146.4,18,2,3146.3,62,2,3146.2,77,5,3146.1,50,5,3146.8,4,1,3147.0,39,1,3147.1,233,1,3147.3,271,4,3147.6,96,1
2031,2026-06-16 13:53:42+05:30,3146.5,25,3132.64,2614579,129174.0,205444.0,3163.0,3163.0,3108.0,3134.3,32015000,3447.7,2820.9,3839.9,2896.0,3146.5,15,1,3146.4,18,2,3146.3,62,2,3146.2,77,5,3146.1,50,5,3146.8,4,1,3147.0,39,1,3147.1,233,1,3147.3,271,4,3147.6,96,1
2031,2026-06-16 13:53:42+05:30,3146.5,25,3132.64,2614579,128543.0,206063.0,3163.0,3163.0,3108.0,3134.3,32015000,3447.7,2820.9,3839.9,2896.0,3146.5,15,1,3146.3,56,1,3146.2,48,1,3146.1,37,4,3146.0,21,3,3146.8,23,2,3147.0,52,2,3147.1,233,1,3147.2,3,1,3147.3,445,7
2031,2026-06-16 13:53:43+05:30,3146.7,9,3132.64,2614579,128543.0,206063.0,3163.0,3163.0,3108.0,3134.3,32015000,3447.7,2820.9,3839.9,2896.0,3146.5,15,1,3146.3,56,1,3146.2,48,1,3146.1,37,4,3146.0,21,3,3146.8,23,2,3147.0,52,2,3147.1,233,1,3147.2,3,1,3147.3,445,7
2031,2026-06-16 13:53:43+05:30,3146.7,9,3132.64,2614588,129179.0,205866.0,3163.0,3163.0,3108.0,3134.3,32015000,3447.7,2820.9,3839.9,2896.0,3146.5,52,2,3146.3,56,1,3146.2,48,1,3146.1,37,4,3146.0,21,3,3146.7,191,1,3146.8,27,3,3147.0,39,1,3147.1,233,1,3147.3,406,6
2031,2026-06-16 13:53:44+05:30,3146.6,168,3132.64,2614588,129179.0,205866.0,3163.0,3163.0,3108.0,3134.3,32015000,3447.7,2820.9,3839.9,2896.0,3146.5,52,2,3146.3,56,1,3146.2,48,1,3146.1,37,4,3146.0,21,3,3146.7,191,1,3146.8,27,3,3147.0,39,1,3147.1,233,1,3147.3,406,6
2031,2026-06-16 13:53:44+05:30,3146.6,168,3132.64,2614756,129166.0,205905.0,3163.0,3163.0,3108.0,3134.3,32015000,3447.7,2820.9,3839.9,2896.0,3146.5,52,2,3146.3,56,1,3146.2,48,1,3146.1,37,4,3146.0,21,3,3146.6,14,1,3146.7,202,2,3146.8,4,1,3147.0,39,1,3147.1,233,1
2031,2026-06-16 13:53:45+05:30,3146.6,1,3132.64,2614756,129166.0,205905.0,3163.0,3163.0,3108.0,3134.3,32015000,3447.7,2820.9,3839.9,2896.0,3146.5,52,2,3146.3,56,1,3146.2,48,1,3146.1,37,4,3146.0,21,3,3146.6,14,1,3146.7,202,2,3146.8,4,1,3147.0,39,1,3147.1,233,1
2031,2026-06-16 13:53:45+05:30,3146.6,1,3132.64,2614763,129236.0,205948.0,3163.0,3163.0,3108.0,3134.3,32015000,3447.7,2820.9,3839.9,2896.0,3146.5,53,3,3146.3,56,1,3146.2,48,1,3146.1,43,5,3146.0,61,4,3146.6,18,2,3146.7,202,2,3147.0,39,1,3147.1,233,1,3147.2,14,1
2031,2026-06-16 13:53:46+05:30,3146.6,9,3132.64,2614763,129236.0,205948.0,3163.0,3163.0,3108.0,3134.3,32015000,3447.7,2820.9,3839.9,2896.0,3146.5,53,3,3146.3,56,1,3146.2,48,1,3146.1,43,5,3146.0,61,4,3146.6,18,2,3146.7,202,2,3147.0,39,1,3147.1,233,1,3147.2,14,1
2031,2026-06-16 13:53:46+05:30,3146.6,9,3132.64,2614788,129173.0,205944.0,3163.0,3163.0,3108.0,3134.3,32015000,3447.7,2820.9,3839.9,2896.0,3146.5,44,3,3146.3,56,1,3146.2,48,1,3146.1,37,4,3146.0,61,4,3146.6,44,3,3146.7,191,1,3147.0,39,1,3147.1,233,1,3147.3,210,5
2031,2026-06-16 13:53:47+05:30,3146.5,1,3132.64,2614788,129173.0,205944.0,3163.0,3163.0,3108.0,3134.3,32015000,3447.7,2820.9,3839.9,2896.0,3146.5,44,3,3146.3,56,1,3146.2,48,1,3146.1,37,4,3146.0,61,4,3146.6,44,3,3146.7,191,1,3147.0,39,1,3147.1,233,1,3147.3,210,5
2031,2026-06-16 13:53:47+05:30,3146.5,1,3132.64,2614789,129172.0,206175.0,3163.0,3163.0,3108.0,3134.3,32015000,3447.7,2820.9,3839.9,2896.0,3146.5,43,3,3146.3,56,1,3146.2,48,1,3146.1,37,4,3146.0,61,4,3146.6,62,4,3146.7,191,1,3147.0,39,1,3147.1,233,1,3147.2,14,1
2031,2026-06-16 13:53:48+05:30,3146.5,6,3132.64,2614789,129172.0,206175.0,3163.0,3163.0,3108.0,3134.3,32015000,3447.7,2820.9,3839.9,2896.0,3146.5,43,3,3146.3,56,1,3146.2,48,1,3146.1,37,4,3146.0,61,4,3146.6,62,4,3146.7,191,1,3147.0,39,1,3147.1,233,1,3147.2,14,1
2031,2026-06-16 13:53:48+05:30,3146.5,6,3132.64,2614838,128750.0,206019.0,3163.0,3163.0,3108.0,3134.3,32015000,3447.7,2820.9,3839.9,2896.0,3146.5,10,2,3146.1,24,3,3146.0,4,2,3145.9,8,1,3145.8,25,2,3146.6,253,5,3147.0,39,1,3147.1,262,2,3147.2,166,4,3147.3,80,3
2031,2026-06-16 13:53:49+05:30,3146.5,13,3132.65,2614877,128908.0,205968.0,3163.0,3163.0,3108.0,3134.3,32015000,3447.7,2820.9,3839.9,2896.0,3146.5,3,2,3146.1,24,3,3146.0,1,1,3145.8,16,1,3145.7,33,2,3146.6,253,5,3147.1,235,2,3147.2,99,2,3147.3,80,3,3147.4,74,3
2031,2026-06-16 13:53:49+05:30,3146.5,13,3132.65,2614877,128908.0,205968.0,3163.0,3163.0,3108.0,3134.3,32015000,3447.7,2820.9,3839.9,2896.0,3146.5,3,2,3146.1,24,3,3146.0,1,1,3145.8,16,1,3145.7,33,2,3146.6,253,5,3147.1,235,2,3147.2,99,2,3147.3,80,3,3147.4,74,3
2031,2026-06-16 13:53:50+05:30,3146.6,7,3132.65,2614901,128973.0,205787.0,3163.0,3163.0,3108.0,3134.3,32015000,3447.7,2820.9,3839.9,2896.0,3146.5,4,2,3146.1,24,3,3146.0,1,1,3145.9,3,1,3145.8,66,2,3146.6,244,4,3147.1,235,2,3147.2,96,1,3147.3,80,3,3147.4,74,3
2031,2026-06-16 13:53:50+05:30,3146.6,7,3132.65,2614901,128973.0,205787.0,3163.0,3163.0,3108.0,3134.3,32015000,3447.7,2820.9,3839.9,2896.0,3146.5,4,2,3146.1,24,3,3146.0,1,1,3145.9,3,1,3145.8,66,2,3146.6,244,4,3147.1,235,2,3147.2,96,1,3147.3,80,3,3147.4,74,3
2031,2026-06-16 13:53:51+05:30,3146.6,11,3132.65,2614912,128930.0,205763.0,3163.0,3163.0,3108.0,3134.3,32015000,3447.7,2820.9,3839.9,2896.0,3146.5,4,2,3146.1,24,3,3146.0,1,1,3145.8,79,3,3145.7,152,6,3146.6,233,4,3147.1,235,2,3147.2,96,1,3147.3,55,3,3147.4,42,2
2031,2026-06-16 13:53:51+05:30,3146.6,11,3132.65,2614912,128930.0,205763.0,3163.0,3163.0,3108.0,3134.3,32015000,3447.7,2820.9,3839.9,2896.0,3146.5,4,2,3146.1,24,3,3146.0,1,1,3145.8,79,3,3145.7,152,6,3146.6,233,4,3147.1,235,2,3147.2,96,1,3147.3,55,3,3147.4,42,2
2031,2026-06-16 13:53:52+05:30,3146.6,1,3132.65,2614912,128930.0,205763.0,3163.0,3163.0,3108.0,3134.3,32015000,3447.7,2820.9,3839.9,2896.0,3146.5,4,2,3146.1,24,3,3146.0,1,1,3145.8,79,3,3145.7,152,6,3146.6,233,4,3147.1,235,2,3147.2,96,1,3147.3,55,3,3147.4,42,2
2031,2026-06-16 13:53:52+05:30,3146.6,1,3132.65,2615119,128571.0,206044.0,3163.0,3163.0,3108.0,3134.3,32015000,3447.7,2820.9,3839.9,2896.0,3146.5,7,1,3146.1,24,3,3146.0,1,1,3145.8,66,2,3145.7,97,3,3146.6,36,3,3146.7,25,2,3146.9,3,1,3147.0,169,4,3147.1,278,2
2031,2026-06-16 13:53:53+05:30,3146.6,1,3132.65,2615119,128513.0,206104.0,3163.0,3163.0,3108.0,3134.3,32015000,3447.7,2820.9,3839.9,2896.0,3146.5,7,1,3146.1,24,3,3146.0,1,1,3145.8,66,2,3145.7,97,3,3146.6,36,3,3146.7,33,2,3146.9,27,2,3147.0,128,2,3147.1,278,2
2031,2026-06-16 13:53:54+05:30,3146.6,1,3132.65,2615119,128513.0,206104.0,3163.0,3163.0,3108.0,3134.3,32015000,3447.7,2820.9,3839.9,2896.0,3146.5,7,1,3146.1,24,3,3146.0,1,1,3145.8,66,2,3145.7,97,3,3146.6,36,3,3146.7,33,2,3146.9,27,2,3147.0,128,2,3147.1,278,2
2031,2026-06-16 13:53:54+05:30,3146.6,4,3132.65,2615141,128653.0,205837.0,3163.0,3163.0,3108.0,3134.3,32015000,3447.7,2820.9,3839.9,2896.0,3146.5,7,1,3146.1,24,3,3146.0,1,1,3145.8,66,2,3145.7,97,3,3146.6,35,2,3146.7,1,1,3146.8,24,1,3146.9,20,1,3147.0,128,2
2031,2026-06-16 13:53:55+05:30,3146.6,1,3132.65,2615141,128653.0,205837.0,3163.0,3163.0,3108.0,3134.3,32015000,3447.7,2820.9,3839.9,2896.0,3146.5,7,1,3146.1,24,3,3146.0,1,1,3145.8,66,2,3145.7,97,3,3146.6,35,2,3146.7,1,1,3146.8,24,1,3146.9,20,1,3147.0,128,2
2031,2026-06-16 13:53:55+05:30,3146.5,32,3132.65,2615175,128298.0,205976.0,3163.0,3163.0,3108.0,3134.3,32015000,3447.7,2820.9,3839.9,2896.0,3146.1,24,3,3146.0,1,1,3145.8,66,2,3145.7,83,3,3145.6,74,2,3146.3,168,1,3146.5,13,1,3146.6,49,4,3146.7,1,1,3146.8,24,1
2031,2026-06-16 13:53:56+05:30,3146.1,9,3132.65,2615175,128298.0,205976.0,3163.0,3163.0,3108.0,3134.3,32015000,3447.7,2820.9,3839.9,2896.0,3146.1,24,3,3146.0,1,1,3145.8,66,2,3145.7,83,3,3145.6,74,2,3146.3,168,1,3146.5,13,1,3146.6,49,4,3146.7,1,1,3146.8,24,1
2031,2026-06-16 13:53:56+05:30,3146.1,9,3132.65,2615185,128209.0,206479.0,3163.0,3163.0,3108.0,3134.3,32015000,3447.7,2820.9,3839.9,2896.0,3146.1,14,2,3146.0,15,2,3145.8,66,2,3145.7,63,1,3145.6,66,1,3146.2,200,1,3146.3,180,3,3146.5,13,1,3146.6,60,3,3146.7,62,3
2031,2026-06-16 13:53:57+05:30,3146.0,27,3132.65,2615185,128209.0,206479.0,3163.0,3163.0,3108.0,3134.3,32015000,3447.7,2820.9,3839.9,2896.0,3146.1,14,2,3146.0,15,2,3145.8,66,2,3145.7,63,1,3145.6,66,1,3146.2,200,1,3146.3,180,3,3146.5,13,1,3146.6,60,3,3146.7,62,3
2031,2026-06-16 13:53:57+05:30,3146.0,27,3132.65,2615227,127004.0,206958.0,3163.0,3163.0,3108.0,3134.3,32015000,3447.7,2820.9,3839.9,2896.0,3145.8,16,1,3145.4,32,1,3145.3,895,1,3145.1,45,3,3145.0,144,6,3146.0,172,1,3146.1,202,2,3146.2,13,2,3146.3,168,1,3146.4,31,1
2031,2026-06-16 13:53:58+05:30,3145.9,1,3132.65,2615227,127004.0,206958.0,3163.0,3163.0,3108.0,3134.3,32015000,3447.7,2820.9,3839.9,2896.0,3145.8,16,1,3145.4,32,1,3145.3,895,1,3145.1,45,3,3145.0,144,6,3146.0,172,1,3146.1,202,2,3146.2,13,2,3146.3,168,1,3146.4,31,1
2031,2026-06-16 13:53:59+05:30,3145.9,1,3132.65,2615284,126468.0,207179.0,3163.0,3163.0,3108.0,3134.3,32015000,3447.7,2820.9,3839.9,2896.0,3145.7,2,2,3145.6,1,1,3145.4,38,2,3145.3,908,2,3145.2,8,1,3145.9,115,1,3146.0,27,2,3146.1,200,1,3146.2,12,1,3146.3,168,1
2031,2026-06-16 13:53:59+05:30,3145.9,9,3132.65,2615284,126468.0,207179.0,3163.0,3163.0,3108.0,3134.3,32015000,3447.7,2820.9,3839.9,2896.0,3145.7,2,2,3145.6,1,1,3145.4,38,2,3145.3,908,2,3145.2,8,1,3145.9,115,1,3146.0,27,2,3146.1,200,1,3146.2,12,1,3146.3,168,1
2031,2026-06-16 13:53:59+05:30,3145.9,9,3132.65,2615293,126314.0,206854.0,3163.0,3163.0,3108.0,3134.3,32015000,3447.7,2820.9,3839.9,2896.0,3145.7,2,2,3145.6,1,1,3145.4,38,2,3145.3,916,3,3145.2,18,3,3145.9,135,2,3146.1,200,1,3146.3,168,1,3146.5,109,2,3146.6,21,1
2031,2026-06-16 13:54:00+05:30,3145.9,66,3132.65,2615293,126314.0,206854.0,3163.0,3163.0,3108.0,3134.3,32015000,3447.7,2820.9,3839.9,2896.0,3145.7,2,2,3145.6,1,1,3145.4,38,2,3145.3,916,3,3145.2,18,3,3145.9,135,2,3146.1,200,1,3146.3,168,1,3146.5,109,2,3146.6,21,1
2031,2026-06-16 13:54:00+05:30,3145.9,1,3132.65,2615380,126397.0,206723.0,3163.0,3163.0,3108.0,3134.3,32015000,3447.7,2820.9,3839.9,2896.0,3145.8,12,9,3145.7,45,5,3145.6,20,4,3145.5,13,1,3145.4,108,4,3145.9,58,3,3146.1,200,1,3146.3,168,1,3146.4,96,1,3146.6,21,1
2031,2026-06-16 13:54:01+05:30,3145.8,8,3132.65,2615380,126397.0,206723.0,3163.0,3163.0,3108.0,3134.3,32015000,3447.7,2820.9,3839.9,2896.0,3145.8,12,9,3145.7,45,5,3145.6,20,4,3145.5,13,1,3145.4,108,4,3145.9,58,3,3146.1,200,1,3146.3,168,1,3146.4,96,1,3146.6,21,1
2031,2026-06-16 13:54:02+05:30,3145.8,8,3132.65,2615436,126378.0,207147.0,3163.0,3163.0,3108.0,3134.3,32015000,3447.7,2820.9,3839.9,2896.0,3145.7,26,5,3145.6,3,2,3145.4,66,4,3145.3,915,3,3145.2,29,3,3145.8,192,1,3145.9,10,2,3146.1,200,1,3146.3,168,1,3146.4,96,1
2031,2026-06-16 13:54:02+05:30,3145.8,141,3132.65,2615436,126378.0,207147.0,3163.0,3163.0,3108.0,3134.3,32015000,3447.7,2820.9,3839.9,2896.0,3145.7,26,5,3145.6,3,2,3145.4,66,4,3145.3,915,3,3145.2,29,3,3145.8,192,1,3145.9,10,2,3146.1,200,1,3146.3,168,1,3146.4,96,1
2031,2026-06-16 13:54:03+05:30,3146.1,26,3132.65,2615664,125995.0,207275.0,3163.0,3163.0,3108.0,3134.3,32015000,3447.7,2820.9,3839.9,2896.0,3145.7,26,5,3145.6,5,3,3145.5,16,2,3145.4,77,3,3145.3,917,4,3146.1,174,1,3146.2,200,1,3146.3,168,1,3146.6,21,1,3146.8,164,3
2031,2026-06-16 13:54:03+05:30,3146.1,8,3132.65,2615664,125995.0,207275.0,3163.0,3163.0,3108.0,3134.3,32015000,3447.7,2820.9,3839.9,2896.0,3145.7,26,5,3145.6,5,3,3145.5,16,2,3145.4,77,3,3145.3,917,4,3146.1,174,1,3146.2,200,1,3146.3,168,1,3146.6,21,1,3146.8,164,3
2031,2026-06-16 13:54:04+05:30,3146.1,2,3132.65,2615694,126046.0,206989.0,3163.0,3163.0,3108.0,3134.3,32015000,3447.7,2820.9,3839.9,2896.0,3145.7,37,8,3145.6,5,3,3145.5,3,1,3145.4,103,5,3145.3,904,3,3146.1,144,1,3146.2,200,1,3146.3,168,1,3146.6,21,1,3146.8,143,2
2031,2026-06-16 13:54:04+05:30,3146.1,27,3132.65,2615694,126046.0,206989.0,3163.0,3163.0,3108.0,3134.3,32015000,3447.7,2820.9,3839.9,2896.0,3145.7,37,8,3145.6,5,3,3145.5,3,1,3145.4,103,5,3145.3,904,3,3146.1,144,1,3146.2,200,1,3146.3,168,1,3146.6,21,1,3146.8,143,2
2031,2026-06-16 13:54:05+05:30,3146.1,27,3132.65,2615721,126204.0,206882.0,3163.0,3163.0,3108.0,3134.3,32015000,3447.7,2820.9,3839.9,2896.0,3145.7,37,8,3145.6,5,3,3145.5,3,1,3145.4,103,5,3145.3,1104,4,3146.1,317,2,3146.3,168,1,3146.6,21,1,3146.7,96,1,3146.8,47,1
2031,2026-06-16 13:54:05+05:30,3145.7,12,3132.65,2615721,126204.0,206882.0,3163.0,3163.0,3108.0,3134.3,32015000,3447.7,2820.9,3839.9,2896.0,3145.7,37,8,3145.6,5,3,3145.5,3,1,3145.4,103,5,3145.3,1104,4,3146.1,317,2,3146.3,168,1,3146.6,21,1,3146.7,96,1,3146.8,47,1
2031,2026-06-16 13:54:06+05:30,3145.7,12,3132.65,2615772,126350.0,207109.0,3163.0,3163.0,3108.0,3134.3,32015000,3447.7,2820.9,3839.9,2896.0,3145.8,1,1,3145.7,12,5,3145.6,12,3,3145.5,19,2,3145.4,90,4,3145.9,368,2,3146.1,116,1,3146.5,96,1,3146.8,247,2,3146.9,176,1
2031,2026-06-16 13:54:06+05:30,3145.7,3,3132.65,2615772,126350.0,207109.0,3163.0,3163.0,3108.0,3134.3,32015000,3447.7,2820.9,3839.9,2896.0,3145.8,1,1,3145.7,12,5,3145.6,12,3,3145.5,19,2,3145.4,90,4,3145.9,368,2,3146.1,116,1,3146.5,96,1,3146.8,247,2,3146.9,176,1
2031,2026-06-16 13:54:07+05:30,3145.7,3,3132.65,2615783,126157.0,207056.0,3163.0,3163.0,3108.0,3134.3,32015000,3447.7,2820.9,3839.9,2896.0,3145.8,1,1,3145.7,25,7,3145.6,12,3,3145.5,6,1,3145.4,103,5,3145.9,367,2,3146.1,116,1,3146.5,96,1,3146.8,247,2,3146.9,176,1
2031,2026-06-16 13:54:08+05:30,3145.8,2,3132.65,2615786,126168.0,207061.0,3163.0,3163.0,3108.0,3134.3,32015000,3447.7,2820.9,3839.9,2896.0,3145.7,25,7,3145.6,11,2,3145.5,6,1,3145.4,103,5,3145.3,902,2,3145.8,114,1,3145.9,366,2,3146.5,96,1,3146.8,247,2,3146.9,176,1
2031,2026-06-16 13:54:08+05:30,3145.9,7,3132.65,2615786,126168.0,207061.0,3163.0,3163.0,3108.0,3134.3,32015000,3447.7,2820.9,3839.9,2896.0,3145.7,25,7,3145.6,11,2,3145.5,6,1,3145.4,103,5,3145.3,902,2,3145.8,114,1,3145.9,366,2,3146.5,96,1,3146.8,247,2,3146.9,176,1
2031,2026-06-16 13:54:09+05:30,3145.8,25,3132.65,2615978,126158.0,206972.0,3163.0,3163.0,3108.0,3134.3,32015000,3447.7,2820.9,3839.9,2896.0,3145.7,12,7,3145.6,7,2,3145.5,6,1,3145.4,63,4,3145.3,902,2,3145.8,17,1,3145.9,394,3,3146.5,96,1,3146.8,287,3,3146.9,176,1
2031,2026-06-16 13:54:09+05:30,3145.8,10,3132.65,2615978,126158.0,206972.0,3163.0,3163.0,3108.0,3134.3,32015000,3447.7,2820.9,3839.9,2896.0,3145.7,12,7,3145.6,7,2,3145.5,6,1,3145.4,63,4,3145.3,902,2,3145.8,17,1,3145.9,394,3,3146.5,96,1,3146.8,287,3,3146.9,176,1
2031,2026-06-16 13:54:10+05:30,3145.9,5,3132.65,2615993,126118.0,206637.0,3163.0,3163.0,3108.0,3134.3,32015000,3447.7,2820.9,3839.9,2896.0,3145.7,12,7,3145.6,7,2,3145.5,6,1,3145.4,63,4,3145.3,903,3,3145.9,389,3,3146.0,2,1,3146.5,96,1,3146.8,287,3,3146.9,189,2
2031,2026-06-16 13:54:10+05:30,3145.9,5,3132.65,2615993,126118.0,206637.0,3163.0,3163.0,3108.0,3134.3,32015000,3447.7,2820.9,3839.9,2896.0,3145.7,12,7,3145.6,7,2,3145.5,6,1,3145.4,63,4,3145.3,903,3,3145.9,389,3,3146.0,2,1,3146.5,96,1,3146.8,287,3,3146.9,189,2
2031,2026-06-16 13:54:11+05:30,3145.9,5,3132.65,2615993,126197.0,206837.0,3163.0,3163.0,3108.0,3134.3,32015000,3447.7,2820.9,3839.9,2896.0,3145.8,1,1,3145.7,27,8,3145.6,7,2,3145.5,6,1,3145.4,63,4,3145.9,389,3,3146.0,2,1,3146.5,96,1,3146.8,287,3,3146.9,189,2
2031,2026-06-16 13:54:11+05:30,3145.9,1,3132.65,2615993,126197.0,206837.0,3163.0,3163.0,3108.0,3134.3,32015000,3447.7,2820.9,3839.9,2896.0,3145.8,1,1,3145.7,27,8,3145.6,7,2,3145.5,6,1,3145.4,63,4,3145.9,389,3,3146.0,2,1,3146.5,96,1,3146.8,287,3,3146.9,189,2
2031,2026-06-16 13:54:12+05:30,3146.0,2,3132.65,2616384,126959.0,206031.0,3163.0,3163.0,3108.0,3134.3,32015000,3447.7,2820.9,3839.9,2896.0,3145.8,54,9,3145.7,86,6,3145.6,102,5,3145.5,354,8,3145.4,127,6,3146.6,200,1,3146.7,96,1,3147.0,200,1,3147.1,409,2,3147.2,400,2
2031,2026-06-16 13:54:12+05:30,3146.0,2,3132.65,2616384,126959.0,206031.0,3163.0,3163.0,3108.0,3134.3,32015000,3447.7,2820.9,3839.9,2896.0,3145.8,54,9,3145.7,86,6,3145.6,102,5,3145.5,354,8,3145.4,127,6,3146.6,200,1,3146.7,96,1,3147.0,200,1,3147.1,409,2,3147.2,400,2
2031,2026-06-16 13:54:13+05:30,3146.0,2,3132.65,2616384,128521.0,205844.0,3163.0,3163.0,3108.0,3134.3,32015000,3447.7,2820.9,3839.9,2896.0,3146.1,20,4,3146.0,15,4,3145.9,90,3,3145.8,240,12,3145.7,145,8,3146.7,200,1,3146.8,96,1,3147.1,433,2,3147.2,176,1,3147.3,841,6
2031,2026-06-16 13:54:14+05:30,3146.7,37,3132.65,2616422,128404.0,206034.0,3163.0,3163.0,3108.0,3134.3,32015000,3447.7,2820.9,3839.9,2896.0,3146.1,26,4,3146.0,16,5,3145.9,50,2,3145.8,127,12,3145.7,144,7,3146.6,163,1,3146.7,1,1,3146.8,96,1,3147.1,433,2,3147.2,176,1
2031,2026-06-16 13:54:14+05:30,3146.7,37,3132.65,2616422,128404.0,206034.0,3163.0,3163.0,3108.0,3134.3,32015000,3447.7,2820.9,3839.9,2896.0,3146.1,26,4,3146.0,16,5,3145.9,50,2,3145.8,127,12,3145.7,144,7,3146.6,163,1,3146.7,1,1,3146.8,96,1,3147.1,433,2,3147.2,176,1
2031,2026-06-16 13:54:15+05:30,3146.7,37,3132.65,2616422,128465.0,205856.0,3163.0,3163.0,3108.0,3134.3,32015000,3447.7,2820.9,3839.9,2896.0,3146.4,6,4,3146.3,8,2,3146.2,25,3,3146.1,57,4,3146.0,16,5,3146.6,163,1,3146.7,97,2,3147.0,200,1,3147.1,409,2,3147.2,600,3
2031,2026-06-16 13:54:16+05:30,3146.3,2,3132.65,2616431,128437.0,206102.0,3163.0,3163.0,3108.0,3134.3,32015000,3447.7,2820.9,3839.9,2896.0,3146.4,14,1,3146.1,44,4,3146.0,13,4,3145.9,50,2,3145.8,127,12,3146.6,163,1,3146.7,1,1,3146.8,96,1,3147.1,433,2,3147.2,176,1
2031,2026-06-16 13:54:16+05:30,3146.3,2,3132.65,2616431,128437.0,206102.0,3163.0,3163.0,3108.0,3134.3,32015000,3447.7,2820.9,3839.9,2896.0,3146.4,14,1,3146.1,44,4,3146.0,13,4,3145.9,50,2,3145.8,127,12,3146.6,163,1,3146.7,1,1,3146.8,96,1,3147.1,433,2,3147.2,176,1
2031,2026-06-16 13:54:17+05:30,3146.6,1,3132.65,2616432,128400.0,206267.0,3163.0,3163.0,3108.0,3134.3,32015000,3447.7,2820.9,3839.9,2896.0,3146.5,15,1,3146.4,43,2,3146.2,9,1,3146.1,55,4,3146.0,13,4,3146.6,162,1,3146.7,97,2,3147.0,200,1,3147.1,409,2,3147.2,600,3
2031,2026-06-16 13:54:17+05:30,3146.6,1,3132.65,2616432,128400.0,206267.0,3163.0,3163.0,3108.0,3134.3,32015000,3447.7,2820.9,3839.9,2896.0,3146.5,15,1,3146.4,43,2,3146.2,9,1,3146.1,55,4,3146.0,13,4,3146.6,162,1,3146.7,97,2,3147.0,200,1,3147.1,409,2,3147.2,600,3
2031,2026-06-16 13:54:18+05:30,3146.4,1,3132.65,2616432,128400.0,206267.0,3163.0,3163.0,3108.0,3134.3,32015000,3447.7,2820.9,3839.9,2896.0,3146.5,15,1,3146.4,43,2,3146.2,9,1,3146.1,55,4,3146.0,13,4,3146.6,162,1,3146.7,97,2,3147.0,200,1,3147.1,409,2,3147.2,600,3
2031,2026-06-16 13:54:19+05:30,3146.0,1,3132.66,2616850,127141.0,206747.0,3163.0,3163.0,3108.0,3134.3,32015000,3447.7,2820.9,3839.9,2896.0,3146.0,10,3,3145.8,32,6,3145.7,68,4,3145.6,88,4,3145.5,72,2,3146.2,103,1,3146.3,96,1,3146.5,252,2,3146.6,214,2,3146.7,177,2
2031,2026-06-16 13:54:19+05:30,3145.7,36,3132.66,2616850,127141.0,206747.0,3163.0,3163.0,3108.0,3134.3,32015000,3447.7,2820.9,3839.9,2896.0,3146.0,10,3,3145.8,32,6,3145.7,68,4,3145.6,88,4,3145.5,72,2,3146.2,103,1,3146.3,96,1,3146.5,252,2,3146.6,214,2,3146.7,177,2
2031,2026-06-16 13:54:20+05:30,3145.7,36,3132.66,2617153,126502.0,206647.0,3163.0,3163.0,3108.0,3134.3,32015000,3447.7,2820.9,3839.9,2896.0,3145.8,5,1,3145.4,65,7,3145.3,903,3,3145.2,140,7,3145.1,37,4,3146.2,200,1,3146.3,96,1,3146.5,252,2,3146.6,200,1,3146.7,177,2
2031,2026-06-16 13:54:21+05:30,3145.8,10,3132.66,2617176,126560.0,207001.0,3163.0,3163.0,3108.0,3134.3,32015000,3447.7,2820.9,3839.9,2896.0,3145.8,5,1,3145.4,58,5,3145.3,903,3,3145.2,45,4,3145.1,37,4,3146.1,200,1,3146.2,13,1,3146.3,106,2,3146.5,252,2,3146.6,200,1
2031,2026-06-16 13:54:21+05:30,3145.8,10,3132.66,2617176,126560.0,207001.0,3163.0,3163.0,3108.0,3134.3,32015000,3447.7,2820.9,3839.9,2896.0,3145.8,5,1,3145.4,58,5,3145.3,903,3,3145.2,45,4,3145.1,37,4,3146.1,200,1,3146.2,13,1,3146.3,106,2,3146.5,252,2,3146.6,200,1
2031,2026-06-16 13:54:22+05:30,3146.0,158,3132.66,2617338,125411.0,206535.0,3163.0,3163.0,3108.0,3134.3,32015000,3447.7,2820.9,3839.9,2896.0,3145.8,5,1,3145.6,19,2,3145.4,46,4,3145.3,919,5,3145.2,45,4,3146.0,38,1,3146.1,25,1,3146.2,13,1,3146.3,10,1,3146.5,262,3
2031,2026-06-16 13:54:22+05:30,3146.0,158,3132.66,2617338,125411.0,206535.0,3163.0,3163.0,3108.0,3134.3,32015000,3447.7,2820.9,3839.9,2896.0,3145.8,5,1,3145.6,19,2,3145.4,46,4,3145.3,919,5,3145.2,45,4,3146.0,38,1,3146.1,25,1,3146.2,13,1,3146.3,10,1,3146.5,262,3
2031,2026-06-16 13:54:22+05:30,3146.0,158,3132.66,2617338,125411.0,206535.0,3163.0,3163.0,3108.0,3134.3,32015000,3447.7,2820.9,3839.9,2896.0,3145.8,5,1,3145.6,19,2,3145.4,46,4,3145.3,919,5,3145.2,45,4,3146.0,38,1,3146.1,25,1,3146.2,13,1,3146.3,10,1,3146.5,262,3
2031,2026-06-16 13:54:23+05:30,3145.9,1,3132.66,2617414,126433.0,206704.0,3163.0,3163.0,3108.0,3134.3,32015000,3447.7,2820.9,3839.9,2896.0,3145.9,2,1,3145.8,29,3,3145.7,19,2,3145.6,33,3,3145.5,1,1,3146.0,15,1,3146.2,213,2,3146.3,10,1,3146.5,262,3,3146.7,16,2
2031,2026-06-16 13:54:23+05:30,3145.9,1,3132.66,2617414,126433.0,206704.0,3163.0,3163.0,3108.0,3134.3,32015000,3447.7,2820.9,3839.9,2896.0,3145.9,2,1,3145.8,29,3,3145.7,19,2,3145.6,33,3,3145.5,1,1,3146.0,15,1,3146.2,213,2,3146.3,10,1,3146.5,262,3,3146.7,16,2
2031,2026-06-16 13:54:24+05:30,3145.9,1,3132.66,2617414,126427.0,206550.0,3163.0,3163.0,3108.0,3134.3,32015000,3447.7,2820.9,3839.9,2896.0,3145.9,6,3,3145.8,21,4,3145.7,19,2,3145.6,33,3,3145.5,1,1,3146.0,24,2,3146.2,213,2,3146.3,10,1,3146.5,262,3,3146.7,1,1
2031,2026-06-16 13:54:24+05:30,3145.9,1,3132.66,2617414,126427.0,206550.0,3163.0,3163.0,3108.0,3134.3,32015000,3447.7,2820.9,3839.9,2896.0,3145.9,6,3,3145.8,21,4,3145.7,19,2,3145.6,33,3,3145.5,1,1,3146.0,24,2,3146.2,213,2,3146.3,10,1,3146.5,262,3,3146.7,1,1
2031,2026-06-16 13:54:24+05:30,3145.9,1,3132.66,2617414,126427.0,206550.0,3163.0,3163.0,3108.0,3134.3,32015000,3447.7,2820.9,3839.9,2896.0,3145.9,6,3,3145.8,21,4,3145.7,19,2,3145.6,33,3,3145.5,1,1,3146.0,24,2,3146.2,213,2,3146.3,10,1,3146.5,262,3,3146.7,1,1
2031,2026-06-16 13:54:25+05:30,3145.9,1,3132.66,2617610,126349.0,206582.0,3163.0,3163.0,3108.0,3134.3,32015000,3447.7,2820.9,3839.9,2896.0,3145.8,18,8,3145.7,2,1,3145.6,37,4,3145.5,5,2,3145.4,95,6,3145.9,4,1,3146.0,24,2,3146.2,13,1,3146.3,10,1,3146.5,262,3
2031,2026-06-16 13:54:25+05:30,3145.8,4,3132.66,2617610,126349.0,206582.0,3163.0,3163.0,3108.0,3134.3,32015000,3447.7,2820.9,3839.9,2896.0,3145.8,18,8,3145.7,2,1,3145.6,37,4,3145.5,5,2,3145.4,95,6,3145.9,4,1,3146.0,24,2,3146.2,13,1,3146.3,10,1,3146.5,262,3
2031,2026-06-16 13:54:26+05:30,3145.8,4,3132.66,2617614,126491.0,207063.0,3163.0,3163.0,3108.0,3134.3,32015000,3447.7,2820.9,3839.9,2896.0,3145.8,12,7,3145.7,2,1,3145.6,37,4,3145.5,5,2,3145.4,95,6,3146.0,24,2,3146.2,13,1,3146.3,210,2,3146.5,262,3,3146.7,1,1
2031,2026-06-16 13:54:26+05:30,3146.0,7,3132.66,2617614,126491.0,207063.0,3163.0,3163.0,3108.0,3134.3,32015000,3447.7,2820.9,3839.9,2896.0,3145.8,12,7,3145.7,2,1,3145.6,37,4,3145.5,5,2,3145.4,95,6,3146.0,24,2,3146.2,13,1,3146.3,210,2,3146.5,262,3,3146.7,1,1
2031,2026-06-16 13:54:26+05:30,3146.0,7,3132.66,2617614,126491.0,207063.0,3163.0,3163.0,3108.0,3134.3,32015000,3447.7,2820.9,3839.9,2896.0,3145.8,12,7,3145.7,2,1,3145.6,37,4,3145.5,5,2,3145.4,95,6,3146.0,24,2,3146.2,13,1,3146.3,210,2,3146.5,262,3,3146.7,1,1
2031,2026-06-16 13:54:27+05:30,3146.0,11,3132.66,2617693,126676.0,206640.0,3163.0,3163.0,3108.0,3134.3,32015000,3447.7,2820.9,3839.9,2896.0,3145.9,7,5,3145.8,59,8,3145.7,53,3,3145.6,37,4,3145.5,7,3,3146.0,24,2,3146.2,13,1,3146.3,10,1,3146.5,462,4,3146.7,1,1
2031,2026-06-16 13:54:27+05:30,3146.0,1,3132.66,2617693,126676.0,206640.0,3163.0,3163.0,3108.0,3134.3,32015000,3447.7,2820.9,3839.9,2896.0,3145.9,7,5,3145.8,59,8,3145.7,53,3,3145.6,37,4,3145.5,7,3,3146.0,24,2,3146.2,13,1,3146.3,10,1,3146.5,462,4,3146.7,1,1
2031,2026-06-16 13:54:28+05:30,3146.0,1,3132.66,2617694,126686.0,206630.0,3163.0,3163.0,3108.0,3134.3,32015000,3447.7,2820.9,3839.9,2896.0,3145.9,7,5,3145.8,59,8,3145.7,53,3,3145.6,37,4,3145.5,7,3,3146.0,15,2,3146.2,13,1,3146.3,10,1,3146.5,462,4,3147.1,369,3
2031,2026-06-16 13:54:28+05:30,3145.9,176,3132.66,2617694,126686.0,206630.0,3163.0,3163.0,3108.0,3134.3,32015000,3447.7,2820.9,3839.9,2896.0,3145.9,7,5,3145.8,59,8,3145.7,53,3,3145.6,37,4,3145.5,7,3,3146.0,15,2,3146.2,13,1,3146.3,10,1,3146.5,462,4,3147.1,369,3
2031,2026-06-16 13:54:28+05:30,3145.9,176,3132.66,2617694,126686.0,206630.0,3163.0,3163.0,3108.0,3134.3,32015000,3447.7,2820.9,3839.9,2896.0,3145.9,7,5,3145.8,59,8,3145.7,53,3,3145.6,37,4,3145.5,7,3,3146.0,15,2,3146.2,13,1,3146.3,10,1,3146.5,462,4,3147.1,369,3
2031,2026-06-16 13:54:29+05:30,3145.9,176,3132.66,2617966,127292.0,206319.0,3163.0,3163.0,3108.0,3134.3,32015000,3447.7,2820.9,3839.9,2896.0,3146.0,61,7,3145.9,63,3,3145.8,97,11,3145.7,75,5,3145.6,82,5,3146.2,13,1,3146.3,10,1,3146.5,210,2,3147.1,329,2,3147.2,20,1
2031,2026-06-16 13:54:29+05:30,3146.5,200,3132.66,2617966,127292.0,206319.0,3163.0,3163.0,3108.0,3134.3,32015000,3447.7,2820.9,3839.9,2896.0,3146.0,61,7,3145.9,63,3,3145.8,97,11,3145.7,75,5,3145.6,82,5,3146.2,13,1,3146.3,10,1,3146.5,210,2,3147.1,329,2,3147.2,20,1
2031,2026-06-16 13:54:30+05:30,3146.4,1,3132.66,2618257,129126.0,205261.0,3163.0,3163.0,3108.0,3134.3,32015000,3447.7,2820.9,3839.9,2896.0,3146.4,11,5,3146.3,41,3,3146.2,81,5,3146.1,19,4,3146.0,105,9,3146.9,168,1,3147.0,1,1,3147.1,233,1,3147.3,137,3,3147.6,214,2
2031,2026-06-16 13:54:30+05:30,3146.4,1,3132.66,2618257,129126.0,205261.0,3163.0,3163.0,3108.0,3134.3,32015000,3447.7,2820.9,3839.9,2896.0,3146.4,11,5,3146.3,41,3,3146.2,81,5,3146.1,19,4,3146.0,105,9,3146.9,168,1,3147.0,1,1,3147.1,233,1,3147.3,137,3,3147.6,214,2
2031,2026-06-16 13:54:31+05:30,3146.4,1,3132.66,2618257,129126.0,205261.0,3163.0,3163.0,3108.0,3134.3,32015000,3447.7,2820.9,3839.9,2896.0,3146.4,11,5,3146.3,41,3,3146.2,81,5,3146.1,19,4,3146.0,105,9,3146.9,168,1,3147.0,1,1,3147.1,233,1,3147.3,137,3,3147.6,214,2
2031,2026-06-16 13:54:31+05:30,3146.7,1,3132.66,2618267,128931.0,205809.0,3163.0,3163.0,3108.0,3134.3,32015000,3447.7,2820.9,3839.9,2896.0,3146.5,10,1,3146.4,58,7,3146.3,41,3,3146.2,44,4,3146.1,19,4,3146.8,158,1,3146.9,40,1,3147.0,11,2,3147.1,233,1,3147.3,137,3
2031,2026-06-16 13:54:31+05:30,3146.7,1,3132.66,2618267,128931.0,205809.0,3163.0,3163.0,3108.0,3134.3,32015000,3447.7,2820.9,3839.9,2896.0,3146.5,10,1,3146.4,58,7,3146.3,41,3,3146.2,44,4,3146.1,19,4,3146.8,158,1,3146.9,40,1,3147.0,11,2,3147.1,233,1,3147.3,137,3
2031,2026-06-16 13:54:32+05:30,3146.7,2,3132.66,2618294,129046.0,205657.0,3163.0,3163.0,3108.0,3134.3,32015000,3447.7,2820.9,3839.9,2896.0,3146.7,2,1,3146.5,38,4,3146.4,54,5,3146.3,41,3,3146.2,84,5,3146.8,133,1,3146.9,40,1,3147.0,11,2,3147.1,233,1,3147.3,137,3
2031,2026-06-16 13:54:32+05:30,3146.7,2,3132.66,2618294,129046.0,205657.0,3163.0,3163.0,3108.0,3134.3,32015000,3447.7,2820.9,3839.9,2896.0,3146.7,2,1,3146.5,38,4,3146.4,54,5,3146.3,41,3,3146.2,84,5,3146.8,133,1,3146.9,40,1,3147.0,11,2,3147.1,233,1,3147.3,137,3
2031,2026-06-16 13:54:32+05:30,3146.8,1,3132.66,2618294,129046.0,205657.0,3163.0,3163.0,3108.0,3134.3,32015000,3447.7,2820.9,3839.9,2896.0,3146.7,2,1,3146.5,38,4,3146.4,54,5,3146.3,41,3,3146.2,84,5,3146.8,133,1,3146.9,40,1,3147.0,11,2,3147.1,233,1,3147.3,137,3
2031,2026-06-16 13:54:33+05:30,3146.7,42,3132.66,2618346,129100.0,205442.0,3163.0,3163.0,3108.0,3134.3,32015000,3447.7,2820.9,3839.9,2896.0,3146.5,64,6,3146.4,54,5,3146.3,41,3,3146.2,44,4,3146.1,19,4,3146.7,81,1,3146.8,37,1,3146.9,40,1,3147.0,11,2,3147.1,233,1
2031,2026-06-16 13:54:33+05:30,3146.7,42,3132.66,2618346,129100.0,205442.0,3163.0,3163.0,3108.0,3134.3,32015000,3447.7,2820.9,3839.9,2896.0,3146.5,64,6,3146.4,54,5,3146.3,41,3,3146.2,44,4,3146.1,19,4,3146.7,81,1,3146.8,37,1,3146.9,40,1,3147.0,11,2,3147.1,233,1
2031,2026-06-16 13:54:34+05:30,3146.7,42,3132.66,2618346,129100.0,205442.0,3163.0,3163.0,3108.0,3134.3,32015000,3447.7,2820.9,3839.9,2896.0,3146.5,64,6,3146.4,54,5,3146.3,41,3,3146.2,44,4,3146.1,19,4,3146.7,81,1,3146.8,37,1,3146.9,40,1,3147.0,11,2,3147.1,233,1
2031,2026-06-16 13:54:34+05:30,3146.5,10,3132.66,2618394,128627.0,205626.0,3163.0,3163.0,3108.0,3134.3,32015000,3447.7,2820.9,3839.9,2896.0,3146.5,24,5,3146.4,52,5,3146.3,26,2,3146.2,61,5,3146.1,13,3,3146.7,107,2,3146.8,37,1,3147.0,11,2,3147.1,233,1,3147.3,137,3
2031,2026-06-16 13:54:34+05:30,3146.7,26,3132.66,2618394,128627.0,205626.0,3163.0,3163.0,3108.0,3134.3,32015000,3447.7,2820.9,3839.9,2896.0,3146.5,24,5,3146.4,52,5,3146.3,26,2,3146.2,61,5,3146.1,13,3,3146.7,107,2,3146.8,37,1,3147.0,11,2,3147.1,233,1,3147.3,137,3
2031,2026-06-16 13:54:34+05:30,3146.7,26,3132.66,2618394,128627.0,205626.0,3163.0,3163.0,3108.0,3134.3,32015000,3447.7,2820.9,3839.9,2896.0,3146.5,24,5,3146.4,52,5,3146.3,26,2,3146.2,61,5,3146.1,13,3,3146.7,107,2,3146.8,37,1,3147.0,11,2,3147.1,233,1,3147.3,137,3
2031,2026-06-16 13:54:35+05:30,3147.1,104,3132.66,2618653,128980.0,203292.0,3163.0,3163.0,3108.0,3134.3,32015000,3447.7,2820.9,3839.9,2896.0,3146.6,27,5,3146.5,46,3,3146.4,98,8,3146.3,10,1,3146.2,44,4,3147.0,200,1,3147.1,129,1,3147.3,137,3,3147.6,214,2,3147.7,176,1
2031,2026-06-16 13:54:35+05:30,3147.1,104,3132.66,2618653,128980.0,203292.0,3163.0,3163.0,3108.0,3134.3,32015000,3447.7,2820.9,3839.9,2896.0,3146.6,27,5,3146.5,46,3,3146.4,98,8,3146.3,10,1,3146.2,44,4,3147.0,200,1,3147.1,129,1,3147.3,137,3,3147.6,214,2,3147.7,176,1
2031,2026-06-16 13:54:35+05:30,3146.6,1,3132.66,2618653,128980.0,203292.0,3163.0,3163.0,3108.0,3134.3,32015000,3447.7,2820.9,3839.9,2896.0,3146.6,27,5,3146.5,46,3,3146.4,98,8,3146.3,10,1,3146.2,44,4,3147.0,200,1,3147.1,129,1,3147.3,137,3,3147.6,214,2,3147.7,176,1
2031,2026-06-16 13:54:36+05:30,3146.6,1,3132.66,2618653,128980.0,203292.0,3163.0,3163.0,3108.0,3134.3,32015000,3447.7,2820.9,3839.9,2896.0,3146.6,27,5,3146.5,46,3,3146.4,98,8,3146.3,10,1,3146.2,44,4,3147.0,200,1,3147.1,129,1,3147.3,137,3,3147.6,214,2,3147.7,176,1
2031,2026-06-16 13:54:36+05:30,3146.6,10,3132.66,2618664,128912.0,205482.0,3163.0,3163.0,3108.0,3134.3,32015000,3447.7,2820.9,3839.9,2896.0,3146.6,57,6,3146.5,62,4,3146.4,80,7,3146.3,10,1,3146.2,44,4,3147.0,200,1,3147.1,129,1,3147.3,137,3,3147.6,214,2,3147.7,176,1
2031,2026-06-16 13:54:36+05:30,3146.6,10,3132.66,2618664,128912.0,205482.0,3163.0,3163.0,3108.0,3134.3,32015000,3447.7,2820.9,3839.9,2896.0,3146.6,57,6,3146.5,62,4,3146.4,80,7,3146.3,10,1,3146.2,44,4,3147.0,200,1,3147.1,129,1,3147.3,137,3,3147.6,214,2,3147.7,176,1
2031,2026-06-16 13:54:36+05:30,3146.6,10,3132.66,2618664,128912.0,205482.0,3163.0,3163.0,3108.0,3134.3,32015000,3447.7,2820.9,3839.9,2896.0,3146.6,57,6,3146.5,62,4,3146.4,80,7,3146.3,10,1,3146.2,44,4,3147.0,200,1,3147.1,129,1,3147.3,137,3,3147.6,214,2,3147.7,176,1
2031,2026-06-16 13:54:37+05:30,3146.6,10,3132.66,2618664,128912.0,205482.0,3163.0,3163.0,3108.0,3134.3,32015000,3447.7,2820.9,3839.9,2896.0,3146.6,57,6,3146.5,62,4,3146.4,80,7,3146.3,10,1,3146.2,44,4,3147.0,200,1,3147.1,129,1,3147.3,137,3,3147.6,214,2,3147.7,176,1
2031,2026-06-16 13:54:37+05:30,3147.0,37,3132.66,2618701,128872.0,205343.0,3163.0,3163.0,3108.0,3134.3,32015000,3447.7,2820.9,3839.9,2896.0,3146.7,15,1,3146.6,54,5,3146.5,46,3,3146.4,80,7,3146.3,10,1,3146.9,163,1,3147.0,31,1,3147.1,129,1,3147.3,137,3,3147.6,200,1
2031,2026-06-16 13:54:37+05:30,3147.0,37,3132.66,2618701,128872.0,205343.0,3163.0,3163.0,3108.0,3134.3,32015000,3447.7,2820.9,3839.9,2896.0,3146.7,15,1,3146.6,54,5,3146.5,46,3,3146.4,80,7,3146.3,10,1,3146.9,163,1,3147.0,31,1,3147.1,129,1,3147.3,137,3,3147.6,200,1
2031,2026-06-16 13:54:38+05:30,3147.0,37,3132.66,2618701,128872.0,205343.0,3163.0,3163.0,3108.0,3134.3,32015000,3447.7,2820.9,3839.9,2896.0,3146.7,15,1,3146.6,54,5,3146.5,46,3,3146.4,80,7,3146.3,10,1,3146.9,163,1,3147.0,31,1,3147.1,129,1,3147.3,137,3,3147.6,200,1
2031,2026-06-16 13:54:38+05:30,3146.7,58,3132.67,2618761,129238.0,205328.0,3163.0,3163.0,3108.0,3134.3,32015000,3447.7,2820.9,3839.9,2896.0,3146.8,5,1,3146.7,59,4,3146.6,55,3,3146.5,42,2,3146.4,70,4,3146.9,161,1,3147.0,31,1,3147.1,129,1,3147.3,154,4,3147.6,200,1
2031,2026-06-16 13:54:38+05:30,3146.7,58,3132.67,2618761,129238.0,205328.0,3163.0,3163.0,3108.0,3134.3,32015000,3447.7,2820.9,3839.9,2896.0,3146.8,5,1,3146.7,59,4,3146.6,55,3,3146.5,42,2,3146.4,70,4,3146.9,161,1,3147.0,31,1,3147.1,129,1,3147.3,154,4,3147.6,200,1
2031,2026-06-16 13:54:39+05:30,3146.7,58,3132.67,2618761,129238.0,205328.0,3163.0,3163.0,3108.0,3134.3,32015000,3447.7,2820.9,3839.9,2896.0,3146.8,5,1,3146.7,59,4,3146.6,55,3,3146.5,42,2,3146.4,70,4,3146.9,161,1,3147.0,31,1,3147.1,129,1,3147.3,154,4,3147.6,200,1
2031,2026-06-16 13:54:39+05:30,3146.7,26,3132.67,2618922,128836.0,204988.0,3163.0,3163.0,3108.0,3134.3,32015000,3447.7,2820.9,3839.9,2896.0,3146.7,15,1,3146.6,67,4,3146.5,64,3,3146.4,70,4,3146.3,19,2,3147.0,31,1,3147.1,129,1,3147.2,200,1,3147.3,41,2,3147.8,130,3
2031,2026-06-16 13:54:39+05:30,3146.7,26,3132.67,2618922,128836.0,204988.0,3163.0,3163.0,3108.0,3134.3,32015000,3447.7,2820.9,3839.9,2896.0,3146.7,15,1,3146.6,67,4,3146.5,64,3,3146.4,70,4,3146.3,19,2,3147.0,31,1,3147.1,129,1,3147.2,200,1,3147.3,41,2,3147.8,130,3
2031,2026-06-16 13:54:39+05:30,3146.7,26,3132.67,2618922,128836.0,204988.0,3163.0,3163.0,3108.0,3134.3,32015000,3447.7,2820.9,3839.9,2896.0,3146.7,15,1,3146.6,67,4,3146.5,64,3,3146.4,70,4,3146.3,19,2,3147.0,31,1,3147.1,129,1,3147.2,200,1,3147.3,41,2,3147.8,130,3
2031,2026-06-16 13:54:40+05:30,3146.7,26,3132.67,2618922,128836.0,204988.0,3163.0,3163.0,3108.0,3134.3,32015000,3447.7,2820.9,3839.9,2896.0,3146.7,15,1,3146.6,67,4,3146.5,64,3,3146.4,70,4,3146.3,19,2,3147.0,31,1,3147.1,129,1,3147.2,200,1,3147.3,41,2,3147.8,130,3
2031,2026-06-16 13:54:40+05:30,3146.5,32,3132.67,2619085,128563.0,205671.0,3163.0,3163.0,3108.0,3134.3,32015000,3447.7,2820.9,3839.9,2896.0,3146.7,17,1,3146.5,12,2,3146.4,46,2,3146.3,19,2,3146.2,21,2,3146.9,170,1,3147.0,31,1,3147.1,129,1,3147.3,137,3,3147.6,200,1
2031,2026-06-16 13:54:40+05:30,3146.5,32,3132.67,2619085,128563.0,205671.0,3163.0,3163.0,3108.0,3134.3,32015000,3447.7,2820.9,3839.9,2896.0,3146.7,17,1,3146.5,12,2,3146.4,46,2,3146.3,19,2,3146.2,21,2,3146.9,170,1,3147.0,31,1,3147.1,129,1,3147.3,137,3,3147.6,200,1
2031,2026-06-16 13:54:41+05:30,3146.5,32,3132.67,2619085,128563.0,205671.0,3163.0,3163.0,3108.0,3134.3,32015000,3447.7,2820.9,3839.9,2896.0,3146.7,17,1,3146.5,12,2,3146.4,46,2,3146.3,19,2,3146.2,21,2,3146.9,170,1,3147.0,31,1,3147.1,129,1,3147.3,137,3,3147.6,200,1
2031,2026-06-16 13:54:41+05:30,3146.8,1,3132.67,2619085,128563.0,205671.0,3163.0,3163.0,3108.0,3134.3,32015000,3447.7,2820.9,3839.9,2896.0,3146.7,17,1,3146.5,12,2,3146.4,46,2,3146.3,19,2,3146.2,21,2,3146.9,170,1,3147.0,31,1,3147.1,129,1,3147.3,137,3,3147.6,200,1
2031,2026-06-16 13:54:41+05:30,3146.8,1,3132.67,2619086,128625.0,205455.0,3163.0,3163.0,3108.0,3134.3,32015000,3447.7,2820.9,3839.9,2896.0,3146.8,1,1,3146.7,29,2,3146.6,15,2,3146.5,9,1,3146.4,64,4,3146.9,170,1,3147.0,31,1,3147.1,129,1,3147.3,137,3,3147.6,200,1
2031,2026-06-16 13:54:42+05:30,3146.9,35,3132.67,2619086,128625.0,205455.0,3163.0,3163.0,3108.0,3134.3,32015000,3447.7,2820.9,3839.9,2896.0,3146.8,1,1,3146.7,29,2,3146.6,15,2,3146.5,9,1,3146.4,64,4,3146.9,170,1,3147.0,31,1,3147.1,129,1,3147.3,137,3,3147.6,200,1
2031,2026-06-16 13:54:42+05:30,3146.9,35,3132.67,2619121,128667.0,205124.0,3163.0,3163.0,3108.0,3134.3,32015000,3447.7,2820.9,3839.9,2896.0,3146.8,1,1,3146.7,29,2,3146.6,19,3,3146.5,9,1,3146.4,64,4,3146.9,135,1,3147.0,31,1,3147.1,129,1,3147.3,137,3,3147.6,200,1
2031,2026-06-16 13:54:43+05:30,3146.9,35,3132.67,2619121,128667.0,205124.0,3163.0,3163.0,3108.0,3134.3,32011200,3447.7,2820.9,3839.9,2896.0,3146.8,1,1,3146.7,29,2,3146.6,19,3,3146.5,9,1,3146.4,64,4,3146.9,135,1,3147.0,31,1,3147.1,129,1,3147.3,137,3,3147.6,200,1
2031,2026-06-16 13:54:43+05:30,3146.7,11,3132.67,2619121,128667.0,205124.0,3163.0,3163.0,3108.0,3134.3,32011200,3447.7,2820.9,3839.9,2896.0,3146.8,1,1,3146.7,29,2,3146.6,19,3,3146.5,9,1,3146.4,64,4,3146.9,135,1,3147.0,31,1,3147.1,129,1,3147.3,137,3,3147.6,200,1
2031,2026-06-16 13:54:43+05:30,3146.7,11,3132.67,2619291,128475.0,204818.0,3163.0,3163.0,3108.0,3134.3,32011200,3447.7,2820.9,3839.9,2896.0,3146.6,18,3,3146.5,15,2,3146.4,64,4,3146.3,22,3,3146.2,52,4,3146.7,117,1,3147.0,31,1,3147.1,129,1,3147.2,200,1,3147.3,41,2
2031,2026-06-16 13:54:44+05:30,3146.7,1,3132.67,2619291,128475.0,204818.0,3163.0,3163.0,3108.0,3134.3,32011200,3447.7,2820.9,3839.9,2896.0,3146.6,18,3,3146.5,15,2,3146.4,64,4,3146.3,22,3,3146.2,52,4,3146.7,117,1,3147.0,31,1,3147.1,129,1,3147.2,200,1,3147.3,41,2
2031,2026-06-16 13:54:44+05:30,3146.7,1,3132.67,2619293,128591.0,204832.0,3163.0,3163.0,3108.0,3134.3,32011200,3447.7,2820.9,3839.9,2896.0,3146.6,18,3,3146.5,15,2,3146.4,64,4,3146.3,22,3,3146.2,52,4,3146.7,115,1,3147.0,31,1,3147.1,129,1,3147.2,200,1,3147.3,41,2
2031,2026-06-16 13:54:45+05:30,3146.7,2,3132.67,2619293,128591.0,204832.0,3163.0,3163.0,3108.0,3134.3,32011200,3447.7,2820.9,3839.9,2896.0,3146.6,18,3,3146.5,15,2,3146.4,64,4,3146.3,22,3,3146.2,52,4,3146.7,115,1,3147.0,31,1,3147.1,129,1,3147.2,200,1,3147.3,41,2
2031,2026-06-16 13:54:45+05:30,3146.7,2,3132.67,2619298,128558.0,204858.0,3163.0,3163.0,3108.0,3134.3,32011200,3447.7,2820.9,3839.9,2896.0,3146.6,20,5,3146.5,32,3,3146.4,64,4,3146.3,22,3,3146.2,35,3,3146.7,124,2,3147.0,31,1,3147.1,129,1,3147.2,200,1,3147.3,41,2
2031,2026-06-16 13:54:46+05:30,3146.6,8,3132.67,2619298,128558.0,204858.0,3163.0,3163.0,3108.0,3134.3,32011200,3447.7,2820.9,3839.9,2896.0,3146.6,20,5,3146.5,32,3,3146.4,64,4,3146.3,22,3,3146.2,35,3,3146.7,124,2,3147.0,31,1,3147.1,129,1,3147.2,200,1,3147.3,41,2
2031,2026-06-16 13:54:46+05:30,3146.6,8,3132.67,2619307,128504.0,204890.0,3163.0,3163.0,3108.0,3134.3,32011200,3447.7,2820.9,3839.9,2896.0,3146.6,8,5,3146.5,34,4,3146.4,64,4,3146.3,22,3,3146.2,35,3,3146.7,124,2,3147.0,31,1,3147.1,129,1,3147.2,200,1,3147.3,41,2
2031,2026-06-16 13:54:47+05:30,3146.4,9,3132.67,2619307,128504.0,204890.0,3163.0,3163.0,3108.0,3134.3,32011200,3447.7,2820.9,3839.9,2896.0,3146.6,8,5,3146.5,34,4,3146.4,64,4,3146.3,22,3,3146.2,35,3,3146.7,124,2,3147.0,31,1,3147.1,129,1,3147.2,200,1,3147.3,41,2
2031,2026-06-16 13:54:47+05:30,3146.4,9,3132.67,2619479,128199.0,205353.0,3163.0,3163.0,3108.0,3134.3,32011200,3447.7,2820.9,3839.9,2896.0,3146.4,32,1,3146.3,3,1,3146.1,40,4,3146.0,39,11,3145.9,77,3,3146.7,25,1,3147.1,129,1,3147.2,217,2,3147.3,41,2,3147.8,187,4
2031,2026-06-16 13:54:48+05:30,3146.7,1,3132.67,2619479,128199.0,205353.0,3163.0,3163.0,3108.0,3134.3,32011200,3447.7,2820.9,3839.9,2896.0,3146.4,32,1,3146.3,3,1,3146.1,40,4,3146.0,39,11,3145.9,77,3,3146.7,25,1,3147.1,129,1,3147.2,217,2,3147.3,41,2,3147.8,187,4
2031,2026-06-16 13:54:48+05:30,3146.7,1,3132.67,2619489,128308.0,205550.0,3163.0,3163.0,3108.0,3134.3,32011200,3447.7,2820.9,3839.9,2896.0,3146.5,10,1,3146.4,60,4,3146.3,12,3,3146.2,34,3,3146.1,38,4,3146.7,18,2,3147.1,329,2,3147.3,41,2,3147.6,21,1,3147.7,139,3
2031,2026-06-16 13:54:49+05:30,3146.7,1,3132.67,2619489,128422.0,205552.0,3163.0,3163.0,3108.0,3134.3,32011200,3447.7,2820.9,3839.9,2896.0,3146.5,10,1,3146.4,76,5,3146.3,12,3,3146.2,34,3,3146.1,78,5,3146.7,18,2,3147.1,329,2,3147.3,41,2,3147.6,21,1,3147.7,139,3
2031,2026-06-16 13:54:50+05:30,3146.5,1,3132.67,2619489,128422.0,205552.0,3163.0,3163.0,3108.0,3134.3,32011200,3447.7,2820.9,3839.9,2896.0,3146.5,10,1,3146.4,76,5,3146.3,12,3,3146.2,34,3,3146.1,78,5,3146.7,18,2,3147.1,329,2,3147.3,41,2,3147.6,21,1,3147.7,139,3
2031,2026-06-16 13:54:50+05:30,3146.5,1,3132.67,2619491,128422.0,205569.0,3163.0,3163.0,3108.0,3134.3,32011200,3447.7,2820.9,3839.9,2896.0,3146.5,8,1,3146.4,76,5,3146.3,12,3,3146.2,34,3,3146.1,78,5,3146.7,18,2,3147.1,329,2,3147.3,41,2,3147.6,21,1,3147.7,139,3
2031,2026-06-16 13:54:51+05:30,3147.1,11,3132.67,2619491,128422.0,205569.0,3163.0,3163.0,3108.0,3134.3,32011200,3447.7,2820.9,3839.9,2896.0,3146.5,8,1,3146.4,76,5,3146.3,12,3,3146.2,34,3,3146.1,78,5,3146.7,18,2,3147.1,329,2,3147.3,41,2,3147.6,21,1,3147.7,139,3
2031,2026-06-16 13:54:51+05:30,3147.1,11,3132.67,2619521,128688.0,205630.0,3163.0,3163.0,3108.0,3134.3,32011200,3447.7,2820.9,3839.9,2896.0,3146.5,35,5,3146.4,46,3,3146.3,12,3,3146.2,51,4,3146.1,61,4,3147.1,117,1,3147.2,200,1,3147.3,41,2,3147.7,43,2,3147.8,187,4
2031,2026-06-16 13:54:52+05:30,3147.1,11,3132.67,2619521,129181.0,203452.0,3163.0,3163.0,3108.0,3134.3,32011200,3447.7,2820.9,3839.9,2896.0,3147.0,51,2,3146.8,12,1,3146.7,14,1,3146.5,18,2,3146.4,53,4,3147.1,157,2,3147.2,200,1,3147.3,41,2,3147.7,43,2,3147.8,167,3
2031,2026-06-16 13:54:53+05:30,3147.1,11,3132.67,2619521,129155.0,205253.0,3163.0,3163.0,3108.0,3134.3,32011200,3447.7,2820.9,3839.9,2896.0,3147.0,51,2,3146.9,12,1,3146.7,14,1,3146.6,14,1,3146.5,18,2,3147.1,157,2,3147.2,200,1,3147.3,41,2,3147.7,3,1,3147.8,167,3
2031,2026-06-16 13:54:54+05:30,3147.1,1,3132.67,2619521,129155.0,205253.0,3163.0,3163.0,3108.0,3134.3,32011200,3447.7,2820.9,3839.9,2896.0,3147.0,51,2,3146.9,12,1,3146.7,14,1,3146.6,14,1,3146.5,18,2,3147.1,157,2,3147.2,200,1,3147.3,41,2,3147.7,3,1,3147.8,167,3
2031,2026-06-16 13:54:54+05:30,3147.1,1,3132.67,2619523,129160.0,205306.0,3163.0,3163.0,3108.0,3134.3,32011200,3447.7,2820.9,3839.9,2896.0,3147.0,51,2,3146.9,12,1,3146.7,14,1,3146.6,14,1,3146.5,18,2,3147.1,156,3,3147.2,200,1,3147.3,41,2,3147.7,3,1,3147.8,167,3
2031,2026-06-16 13:54:55+05:30,3147.1,8,3132.67,2619523,129160.0,205306.0,3163.0,3163.0,3108.0,3134.3,32011200,3447.7,2820.9,3839.9,2896.0,3147.0,51,2,3146.9,12,1,3146.7,14,1,3146.6,14,1,3146.5,18,2,3147.1,156,3,3147.2,200,1,3147.3,41,2,3147.7,3,1,3147.8,167,3
2031,2026-06-16 13:54:56+05:30,3147.1,8,3132.67,2619699,129367.0,205029.0,3163.0,3163.0,3108.0,3134.3,32011200,3447.7,2820.9,3839.9,2896.0,3147.0,39,1,3146.5,33,4,3146.4,4,1,3146.3,175,3,3146.2,154,6,3147.2,200,1,3147.3,41,2,3147.7,3,1,3147.8,167,3,3147.9,75,2
2031,2026-06-16 13:54:56+05:30,3147.0,10,3132.67,2619699,129367.0,205029.0,3163.0,3163.0,3108.0,3134.3,32011200,3447.7,2820.9,3839.9,2896.0,3147.0,39,1,3146.5,33,4,3146.4,4,1,3146.3,175,3,3146.2,154,6,3147.2,200,1,3147.3,41,2,3147.7,3,1,3147.8,167,3,3147.9,75,2
2031,2026-06-16 13:54:57+05:30,3147.0,10,3132.67,2619709,129322.0,203268.0,3163.0,3163.0,3108.0,3134.3,32011200,3447.7,2820.9,3839.9,2896.0,3147.0,29,1,3146.5,33,4,3146.4,4,1,3146.3,175,3,3146.2,154,6,3147.2,236,2,3147.3,41,2,3147.7,3,1,3147.8,167,3,3147.9,75,2
2031,2026-06-16 13:54:57+05:30,3147.2,1,3132.67,2619709,129322.0,203268.0,3163.0,3163.0,3108.0,3134.3,32011200,3447.7,2820.9,3839.9,2896.0,3147.0,29,1,3146.5,33,4,3146.4,4,1,3146.3,175,3,3146.2,154,6,3147.2,236,2,3147.3,41,2,3147.7,3,1,3147.8,167,3,3147.9,75,2
2031,2026-06-16 13:54:58+05:30,3147.2,1,3132.67,2619710,129317.0,203184.0,3163.0,3163.0,3108.0,3134.3,32011200,3447.7,2820.9,3839.9,2896.0,3147.0,52,4,3146.8,28,2,3146.7,4,1,3146.6,14,1,3146.5,4,2,3147.1,81,1,3147.2,235,2,3147.3,41,2,3147.7,3,1,3147.8,167,3
2031,2026-06-16 13:54:58+05:30,3147.1,20,3132.67,2619710,129317.0,203184.0,3163.0,3163.0,3108.0,3134.3,32011200,3447.7,2820.9,3839.9,2896.0,3147.0,52,4,3146.8,28,2,3146.7,4,1,3146.6,14,1,3146.5,4,2,3147.1,81,1,3147.2,235,2,3147.3,41,2,3147.7,3,1,3147.8,167,3
2031,2026-06-16 13:54:59+05:30,3147.1,20,3132.67,2619730,129328.0,204966.0,3163.0,3163.0,3108.0,3134.3,32011200,3447.7,2820.9,3839.9,2896.0,3147.0,35,3,3146.9,2,1,3146.8,32,3,3146.7,51,3,3146.6,20,2,3147.1,61,1,3147.2,235,2,3147.3,41,2,3147.8,109,2,3148.0,63,3
2031,2026-06-16 13:54:59+05:30,3147.0,152,3132.67,2619730,129328.0,204966.0,3163.0,3163.0,3108.0,3134.3,32011200,3447.7,2820.9,3839.9,2896.0,3147.0,35,3,3146.9,2,1,3146.8,32,3,3146.7,51,3,3146.6,20,2,3147.1,61,1,3147.2,235,2,3147.3,41,2,3147.8,109,2,3148.0,63,3
2031,2026-06-16 13:55:00+05:30,3147.0,152,3132.67,2619912,128403.0,205117.0,3163.0,3163.0,3108.0,3134.3,32011200,3447.7,2820.9,3839.9,2896.0,3146.5,5,1,3146.1,17,3,3146.0,33,10,3145.9,65,3,3145.8,58,6,3147.0,21,2,3147.1,275,4,3147.2,36,1,3147.3,41,2,3147.5,56,2
2031,2026-06-16 13:55:01+05:30,3147.0,152,3132.67,2619912,128324.0,205418.0,3163.0,3163.0,3108.0,3134.3,32011200,3447.7,2820.9,3839.9,2896.0,3146.8,2,2,3146.5,6,2,3146.1,15,2,3146.0,33,10,3145.9,25,2,3147.0,36,4,3147.1,275,4,3147.2,36,1,3147.3,57,3,3147.5,113,3
2031,2026-06-16 13:55:01+05:30,3147.0,8,3132.67,2619912,128324.0,205418.0,3163.0,3163.0,3108.0,3134.3,32011200,3447.7,2820.9,3839.9,2896.0,3146.8,2,2,3146.5,6,2,3146.1,15,2,3146.0,33,10,3145.9,25,2,3147.0,36,4,3147.1,275,4,3147.2,36,1,3147.3,57,3,3147.5,113,3
2031,2026-06-16 13:55:02+05:30,3147.0,8,3132.67,2619920,128783.0,205250.0,3163.0,3163.0,3108.0,3134.3,32011200,3447.7,2820.9,3839.9,2896.0,3146.8,2,2,3146.5,20,3,3146.2,3,1,3146.1,67,3,3146.0,33,10,3147.0,28,4,3147.1,275,4,3147.2,36,1,3147.3,41,2,3147.5,80,2
2031,2026-06-16 13:55:02+05:30,3147.0,4,3132.67,2619920,128783.0,205250.0,3163.0,3163.0,3108.0,3134.3,32011200,3447.7,2820.9,3839.9,2896.0,3146.8,2,2,3146.5,20,3,3146.2,3,1,3146.1,67,3,3146.0,33,10,3147.0,28,4,3147.1,275,4,3147.2,36,1,3147.3,41,2,3147.5,80,2
2031,2026-06-16 13:55:03+05:30,3146.8,1,3132.67,2619941,128592.0,204913.0,3163.0,3163.0,3108.0,3134.3,32011200,3447.7,2820.9,3839.9,2896.0,3146.5,34,4,3146.3,26,2,3146.2,41,5,3146.1,76,4,3146.0,51,14,3146.8,16,1,3147.0,11,2,3147.1,76,3,3147.2,235,2,3147.3,41,2
2031,2026-06-16 13:55:03+05:30,3146.8,1,3132.67,2619941,128592.0,204913.0,3163.0,3163.0,3108.0,3134.3,32011200,3447.7,2820.9,3839.9,2896.0,3146.5,34,4,3146.3,26,2,3146.2,41,5,3146.1,76,4,3146.0,51,14,3146.8,16,1,3147.0,11,2,3147.1,76,3,3147.2,235,2,3147.3,41,2
2031,2026-06-16 13:55:04+05:30,3146.8,1,3132.67,2619942,128913.0,205248.0,3163.0,3163.0,3108.0,3134.3,32011200,3447.7,2820.9,3839.9,2896.0,3146.5,20,3,3146.3,38,3,3146.2,27,4,3146.1,67,3,3146.0,51,14,3146.7,1,1,3146.8,51,3,3147.0,1,1,3147.1,75,2,3147.2,235,2
2031,2026-06-16 13:55:04+05:30,3146.5,14,3132.67,2619942,128913.0,205248.0,3163.0,3163.0,3108.0,3134.3,32011200,3447.7,2820.9,3839.9,2896.0,3146.5,20,3,3146.3,38,3,3146.2,27,4,3146.1,67,3,3146.0,51,14,3146.7,1,1,3146.8,51,3,3147.0,1,1,3147.1,75,2,3147.2,235,2
2031,2026-06-16 13:55:05+05:30,3146.5,2,3132.67,2620143,128411.0,205598.0,3163.0,3163.0,3108.0,3134.3,32011200,3447.7,2820.9,3839.9,2896.0,3146.5,16,4,3146.4,27,3,3146.3,35,2,3146.2,38,4,3146.1,110,5,3146.8,51,3,3147.0,1,1,3147.1,75,2,3147.2,235,2,3147.3,41,2
2031,2026-06-16 13:55:05+05:30,3146.8,10,3132.67,2620143,128411.0,205598.0,3163.0,3163.0,3108.0,3134.3,32011200,3447.7,2820.9,3839.9,2896.0,3146.5,16,4,3146.4,27,3,3146.3,35,2,3146.2,38,4,3146.1,110,5,3146.8,51,3,3147.0,1,1,3147.1,75,2,3147.2,235,2,3147.3,41,2
2031,2026-06-16 13:55:06+05:30,3146.8,10,3132.67,2620231,129418.0,205399.0,3163.0,3163.0,3108.0,3134.3,32011200,3447.7,2820.9,3839.9,2896.0,3146.7,34,6,3146.6,55,6,3146.5,25,4,3146.4,88,6,3146.3,190,2,3147.0,1,1,3147.1,75,2,3147.2,235,2,3147.3,41,2,3147.8,309,3
2031,2026-06-16 13:55:06+05:30,3146.8,10,3132.67,2620231,129418.0,205399.0,3163.0,3163.0,3108.0,3134.3,32011200,3447.7,2820.9,3839.9,2896.0,3146.7,34,6,3146.6,55,6,3146.5,25,4,3146.4,88,6,3146.3,190,2,3147.0,1,1,3147.1,75,2,3147.2,235,2,3147.3,41,2,3147.8,309,3
2031,2026-06-16 13:55:07+05:30,3146.8,10,3132.67,2620231,129389.0,205374.0,3163.0,3163.0,3108.0,3134.3,32011200,3447.7,2820.9,3839.9,2896.0,3146.8,10,1,3146.7,34,6,3146.6,55,6,3146.5,100,6,3146.4,88,6,3147.0,1,1,3147.1,75,2,3147.2,235,2,3147.3,41,2,3147.8,309,3
2031,2026-06-16 13:55:08+05:30,3146.5,4,3132.67,2620332,129403.0,205504.0,3163.0,3163.0,3108.0,3134.3,32011200,3447.7,2820.9,3839.9,2896.0,3146.9,3,1,3146.5,100,6,3146.4,11,3,3146.3,41,2,3146.2,235,7,3147.0,1,1,3147.1,75,2,3147.2,235,2,3147.3,41,2,3147.8,349,4
2031,2026-06-16 13:55:08+05:30,3146.5,4,3132.67,2620332,129403.0,205504.0,3163.0,3163.0,3108.0,3134.3,32011200,3447.7,2820.9,3839.9,2896.0,3146.9,3,1,3146.5,100,6,3146.4,11,3,3146.3,41,2,3146.2,235,7,3147.0,1,1,3147.1,75,2,3147.2,235,2,3147.3,41,2,3147.8,349,4
2031,2026-06-16 13:55:09+05:30,3147.1,29,3132.67,2620332,129403.0,205504.0,3163.0,3163.0,3108.0,3134.3,32011200,3447.7,2820.9,3839.9,2896.0,3146.9,3,1,3146.5,100,6,3146.4,11,3,3146.3,41,2,3146.2,235,7,3147.0,1,1,3147.1,75,2,3147.2,235,2,3147.3,41,2,3147.8,349,4
2031,2026-06-16 13:55:09+05:30,3147.1,29,3132.67,2620362,129248.0,205106.0,3163.0,3163.0,3108.0,3134.3,32011200,3447.7,2820.9,3839.9,2896.0,3146.9,3,1,3146.5,99,6,3146.4,51,4,3146.3,41,2,3146.2,247,7,3147.1,46,2,3147.2,235,2,3147.3,41,2,3147.8,296,2,3148.0,105,3
2031,2026-06-16 13:55:10+05:30,3147.0,1,3132.67,2620362,129248.0,205106.0,3163.0,3163.0,3108.0,3134.3,32011200,3447.7,2820.9,3839.9,2896.0,3146.9,3,1,3146.5,99,6,3146.4,51,4,3146.3,41,2,3146.2,247,7,3147.1,46,2,3147.2,235,2,3147.3,41,2,3147.8,296,2,3148.0,105,3
2031,2026-06-16 13:55:10+05:30,3147.0,1,3132.67,2620364,129235.0,205336.0,3163.0,3163.0,3108.0,3134.3,32011200,3447.7,2820.9,3839.9,2896.0,3146.9,3,1,3146.5,87,5,3146.4,51,4,3146.3,41,2,3146.2,47,6,3147.0,48,2,3147.1,46,2,3147.2,199,1,3147.3,41,2,3147.8,296,2
2031,2026-06-16 13:55:11+05:30,3147.1,10,3132.67,2620364,129235.0,205336.0,3163.0,3163.0,3108.0,3134.3,32011200,3447.7,2820.9,3839.9,2896.0,3146.9,3,1,3146.5,87,5,3146.4,51,4,3146.3,41,2,3146.2,47,6,3147.0,48,2,3147.1,46,2,3147.2,199,1,3147.3,41,2,3147.8,296,2
2031,2026-06-16 13:55:12+05:30,3147.1,10,3132.67,2620422,129397.0,205078.0,3163.0,3163.0,3108.0,3134.3,32011200,3447.7,2820.9,3839.9,2896.0,3147.0,2,1,3146.9,3,1,3146.8,14,1,3146.6,14,1,3146.5,83,3,3147.1,36,2,3147.2,199,1,3147.3,41,2,3147.8,296,2,3148.0,115,3
2031,2026-06-16 13:55:13+05:30,3147.1,10,3132.67,2620422,129382.0,205263.0,3163.0,3163.0,3108.0,3134.3,32011200,3447.7,2820.9,3839.9,2896.0,3147.0,2,1,3146.9,3,1,3146.8,14,1,3146.7,17,1,3146.6,14,1,3147.1,36,2,3147.2,199,1,3147.3,41,2,3147.8,296,2,3148.0,100,2
2031,2026-06-16 13:55:13+05:30,3147.1,25,3132.67,2620422,129382.0,205263.0,3163.0,3163.0,3108.0,3134.3,32011200,3447.7,2820.9,3839.9,2896.0,3147.0,2,1,3146.9,3,1,3146.8,14,1,3146.7,17,1,3146.6,14,1,3147.1,36,2,3147.2,199,1,3147.3,41,2,3147.8,296,2,3148.0,100,2
2031,2026-06-16 13:55:14+05:30,3147.1,25,3132.67,2620483,129379.0,205043.0,3163.0,3163.0,3108.0,3134.3,32011200,3447.7,2820.9,3839.9,2896.0,3147.0,17,2,3146.9,3,1,3146.5,65,2,3146.4,60,4,3146.3,61,3,3147.2,199,1,3147.3,41,2,3147.8,296,2,3147.9,55,2,3148.0,68,1
2031,2026-06-16 13:55:14+05:30,3147.2,5,3132.67,2620483,129379.0,205043.0,3163.0,3163.0,3108.0,3134.3,32011200,3447.7,2820.9,3839.9,2896.0,3147.0,17,2,3146.9,3,1,3146.5,65,2,3146.4,60,4,3146.3,61,3,3147.2,199,1,3147.3,41,2,3147.8,296,2,3147.9,55,2,3148.0,68,1
2031,2026-06-16 13:55:15+05:30,3147.2,5,3132.67,2620488,129317.0,205084.0,3163.0,3163.0,3108.0,3134.3,32011200,3447.7,2820.9,3839.9,2896.0,3147.1,1,1,3147.0,17,2,3146.9,3,1,3146.5,65,2,3146.4,61,5,3147.2,195,2,3147.3,25,1,3147.8,296,2,3147.9,40,1,3148.0,68,1
2031,2026-06-16 13:55:15+05:30,3147.2,22,3132.67,2620488,129317.0,205084.0,3163.0,3163.0,3108.0,3134.3,32011200,3447.7,2820.9,3839.9,2896.0,3147.1,1,1,3147.0,17,2,3146.9,3,1,3146.5,65,2,3146.4,61,5,3147.2,195,2,3147.3,25,1,3147.8,296,2,3147.9,40,1,3148.0,68,1
2031,2026-06-16 13:55:16+05:30,3147.2,22,3132.68,2620707,129480.0,204362.0,3163.0,3163.0,3108.0,3134.3,32011200,3447.7,2820.9,3839.9,2896.0,3147.0,2,1,3146.5,65,2,3146.4,61,5,3146.3,57,3,3146.2,79,5,3147.2,179,2,3147.3,25,1,3147.8,328,3,3147.9,43,2,3148.0,100,2
2031,2026-06-16 13:55:16+05:30,3147.0,9,3132.68,2620707,129480.0,204362.0,3163.0,3163.0,3108.0,3134.3,32011200,3447.7,2820.9,3839.9,2896.0,3147.0,2,1,3146.5,65,2,3146.4,61,5,3146.3,57,3,3146.2,79,5,3147.2,179,2,3147.3,25,1,3147.8,328,3,3147.9,43,2,3148.0,100,2
2031,2026-06-16 13:55:17+05:30,3148.2,6,3132.68,2620927,129904.0,204249.0,3163.0,3163.0,3108.0,3134.3,32011200,3447.7,2820.9,3839.9,2896.0,3147.2,9,1,3147.1,20,2,3147.0,42,5,3146.9,18,2,3146.8,40,1,3148.2,194,1,3148.3,30,2,3148.4,67,3,3148.5,43,1,3148.6,149,5
2031,2026-06-16 13:55:17+05:30,3148.2,6,3132.68,2620927,129904.0,204249.0,3163.0,3163.0,3108.0,3134.3,32011200,3447.7,2820.9,3839.9,2896.0,3147.2,9,1,3147.1,20,2,3147.0,42,5,3146.9,18,2,3146.8,40,1,3148.2,194,1,3148.3,30,2,3148.4,67,3,3148.5,43,1,3148.6,149,5
2031,2026-06-16 13:55:18+05:30,3148.2,30,3132.68,2620957,130068.0,204185.0,3163.0,3163.0,3108.0,3134.3,32011200,3447.7,2820.9,3839.9,2896.0,3147.1,10,1,3147.0,99,9,3146.9,3,1,3146.8,40,1,3146.7,190,3,3148.2,164,1,3148.3,30,2,3148.4,67,3,3148.5,43,1,3148.6,149,5
2031,2026-06-16 13:55:18+05:30,3148.2,17,3132.68,2620957,130068.0,204185.0,3163.0,3163.0,3108.0,3134.3,32011200,3447.7,2820.9,3839.9,2896.0,3147.1,10,1,3147.0,99,9,3146.9,3,1,3146.8,40,1,3146.7,190,3,3148.2,164,1,3148.3,30,2,3148.4,67,3,3148.5,43,1,3148.6,149,5
2031,2026-06-16 13:55:19+05:30,3148.2,17,3132.68,2620974,130201.0,204168.0,3163.0,3163.0,3108.0,3134.3,32011200,3447.7,2820.9,3839.9,2896.0,3147.1,10,1,3147.0,74,7,3146.9,3,1,3146.8,55,2,3146.7,190,3,3148.2,147,1,3148.3,30,2,3148.4,67,3,3148.5,83,2,3148.6,149,5
2031,2026-06-16 13:55:19+05:30,3147.1,1,3132.68,2620974,130201.0,204168.0,3163.0,3163.0,3108.0,3134.3,32011200,3447.7,2820.9,3839.9,2896.0,3147.1,10,1,3147.0,74,7,3146.9,3,1,3146.8,55,2,3146.7,190,3,3148.2,147,1,3148.3,30,2,3148.4,67,3,3148.5,83,2,3148.6,149,5
2031,2026-06-16 13:55:20+05:30,3148.2,26,3132.68,2621942,131227.0,201143.0,3163.0,3163.0,3108.0,3134.3,32011200,3447.7,2820.9,3839.9,2896.0,3147.9,72,5,3147.8,57,3,3147.7,95,7,3147.6,378,8,3147.5,107,5,3149.0,227,5,3149.1,14,1,3149.2,200,1,3149.4,21,1,3149.5,154,4
2031,2026-06-16 13:55:20+05:30,3148.9,1,3132.68,2621942,131227.0,201143.0,3163.0,3163.0,3108.0,3134.3,32011200,3447.7,2820.9,3839.9,2896.0,3147.9,72,5,3147.8,57,3,3147.7,95,7,3147.6,378,8,3147.5,107,5,3149.0,227,5,3149.1,14,1,3149.2,200,1,3149.4,21,1,3149.5,154,4
2031,2026-06-16 13:55:21+05:30,3148.9,1,3132.68,2622143,130492.0,202165.0,3163.0,3163.0,3108.0,3134.3,32011200,3447.7,2820.9,3839.9,2896.0,3147.7,2,1,3147.6,3,1,3147.4,63,2,3147.3,61,2,3147.1,66,3,3148.7,17,1,3148.8,245,4,3148.9,49,5,3149.0,300,7,3149.1,75,2
2031,2026-06-16 13:55:21+05:30,3148.7,2,3132.68,2622143,130492.0,202165.0,3163.0,3163.0,3108.0,3134.3,32011200,3447.7,2820.9,3839.9,2896.0,3147.7,2,1,3147.6,3,1,3147.4,63,2,3147.3,61,2,3147.1,66,3,3148.7,17,1,3148.8,245,4,3148.9,49,5,3149.0,300,7,3149.1,75,2
2031,2026-06-16 13:55:22+05:30,3148.7,27,3132.69,2622440,130155.0,202061.0,3163.0,3163.0,3108.0,3134.3,32011200,3447.7,2820.9,3839.9,2896.0,3147.5,10,1,3147.4,71,2,3147.3,111,7,3147.2,289,5,3147.1,78,4,3148.7,9,1,3148.9,120,4,3149.0,280,7,3149.2,184,5,3149.3,50,1
2031,2026-06-16 13:55:22+05:30,3148.7,27,3132.69,2622440,130155.0,202061.0,3163.0,3163.0,3108.0,3134.3,32011200,3447.7,2820.9,3839.9,2896.0,3147.5,10,1,3147.4,71,2,3147.3,111,7,3147.2,289,5,3147.1,78,4,3148.7,9,1,3148.9,120,4,3149.0,280,7,3149.2,184,5,3149.3,50,1
2031,2026-06-16 13:55:23+05:30,3148.7,27,3132.69,2622440,130155.0,202061.0,3163.0,3163.0,3108.0,3134.3,32011200,3447.7,2820.9,3839.9,2896.0,3147.5,10,1,3147.4,71,2,3147.3,111,7,3147.2,289,5,3147.1,78,4,3148.7,9,1,3148.9,120,4,3149.0,280,7,3149.2,184,5,3149.3,50,1
2031,2026-06-16 13:55:23+05:30,3148.8,3,3132.69,2622500,130901.0,202105.0,3163.0,3163.0,3108.0,3134.3,32011200,3447.7,2820.9,3839.9,2896.0,3147.6,74,3,3147.5,138,5,3147.4,86,3,3147.3,132,8,3147.2,271,4,3148.8,34,2,3148.9,78,3,3149.0,227,5,3149.1,27,1,3149.2,121,3
2031,2026-06-16 13:55:23+05:30,3148.8,1,3132.69,2622500,130901.0,202105.0,3163.0,3163.0,3108.0,3134.3,32011200,3447.7,2820.9,3839.9,2896.0,3147.6,74,3,3147.5,138,5,3147.4,86,3,3147.3,132,8,3147.2,271,4,3148.8,34,2,3148.9,78,3,3149.0,227,5,3149.1,27,1,3149.2,121,3
2031,2026-06-16 13:55:24+05:30,3148.8,17,3132.69,2622518,131198.0,202125.0,3163.0,3163.0,3108.0,3134.3,32011200,3447.7,2820.9,3839.9,2896.0,3147.6,159,4,3147.5,167,7,3147.4,93,5,3147.3,331,9,3147.2,82,4,3148.8,27,2,3148.9,78,3,3149.0,227,5,3149.1,27,1,3149.2,121,3
2031,2026-06-16 13:55:24+05:30,3148.8,17,3132.69,2622518,131198.0,202125.0,3163.0,3163.0,3108.0,3134.3,32011200,3447.7,2820.9,3839.9,2896.0,3147.6,159,4,3147.5,167,7,3147.4,93,5,3147.3,331,9,3147.2,82,4,3148.8,27,2,3148.9,78,3,3149.0,227,5,3149.1,27,1,3149.2,121,3
2031,2026-06-16 13:55:25+05:30,3148.8,17,3132.69,2622518,131198.0,202125.0,3163.0,3163.0,3108.0,3134.3,32011200,3447.7,2820.9,3839.9,2896.0,3147.6,159,4,3147.5,167,7,3147.4,93,5,3147.3,331,9,3147.2,82,4,3148.8,27,2,3148.9,78,3,3149.0,227,5,3149.1,27,1,3149.2,121,3
2031,2026-06-16 13:55:25+05:30,3148.8,17,3132.69,2622518,130968.0,202141.0,3163.0,3163.0,3108.0,3134.3,32011200,3447.7,2820.9,3839.9,2896.0,3147.6,159,4,3147.5,128,4,3147.4,29,3,3147.3,51,6,3147.2,281,4,3148.8,27,2,3148.9,96,4,3149.0,227,5,3149.1,63,2,3149.2,121,3
2031,2026-06-16 13:55:26+05:30,3148.7,1,3132.69,2622519,130885.0,201922.0,3163.0,3163.0,3108.0,3134.3,32011200,3447.7,2820.9,3839.9,2896.0,3147.6,115,4,3147.5,138,5,3147.4,65,6,3147.3,214,4,3147.2,81,3,3148.3,1,1,3148.8,17,1,3148.9,78,3,3149.0,227,5,3149.1,63,2
2031,2026-06-16 13:55:26+05:30,3148.7,1,3132.69,2622519,130885.0,201922.0,3163.0,3163.0,3108.0,3134.3,32011200,3447.7,2820.9,3839.9,2896.0,3147.6,115,4,3147.5,138,5,3147.4,65,6,3147.3,214,4,3147.2,81,3,3148.3,1,1,3148.8,17,1,3148.9,78,3,3149.0,227,5,3149.1,63,2
2031,2026-06-16 13:55:27+05:30,3148.7,1,3132.69,2622519,130885.0,201922.0,3163.0,3163.0,3108.0,3134.3,32011200,3447.7,2820.9,3839.9,2896.0,3147.6,115,4,3147.5,138,5,3147.4,65,6,3147.3,214,4,3147.2,81,3,3148.3,1,1,3148.8,17,1,3148.9,78,3,3149.0,227,5,3149.1,63,2
2031,2026-06-16 13:55:27+05:30,3148.7,1,3132.69,2622519,130839.0,202507.0,3163.0,3163.0,3108.0,3134.3,32011200,3447.7,2820.9,3839.9,2896.0,3147.6,113,3,3147.5,140,6,3147.4,62,6,3147.3,214,4,3147.2,69,2,3148.2,1,1,3148.3,1,1,3148.8,36,2,3148.9,81,4,3149.0,266,7
2031,2026-06-16 13:55:28+05:30,3148.7,1,3132.69,2622519,131027.0,202675.0,3163.0,3163.0,3108.0,3134.3,32011200,3447.7,2820.9,3839.9,2896.0,3147.7,15,1,3147.6,113,3,3147.5,152,6,3147.4,32,5,3147.3,214,4,3148.2,1,1,3148.3,1,1,3148.7,200,1,3148.8,36,2,3148.9,78,3
2031,2026-06-16 13:55:29+05:30,3148.7,1,3132.69,2622519,131027.0,202675.0,3163.0,3163.0,3108.0,3134.3,32011200,3447.7,2820.9,3839.9,2896.0,3147.7,15,1,3147.6,113,3,3147.5,152,6,3147.4,32,5,3147.3,214,4,3148.2,1,1,3148.3,1,1,3148.7,200,1,3148.8,36,2,3148.9,78,3
2031,2026-06-16 13:55:29+05:30,3147.8,2,3132.69,2622521,130935.0,202669.0,3163.0,3163.0,3108.0,3134.3,32011200,3447.7,2820.9,3839.9,2896.0,3147.8,13,1,3147.7,1,1,3147.6,127,4,3147.5,128,4,3147.4,24,4,3148.2,2,2,3148.7,200,1,3148.8,17,1,3148.9,78,3,3149.0,266,7
2031,2026-06-16 13:55:29+05:30,3147.8,2,3132.69,2622521,130935.0,202669.0,3163.0,3163.0,3108.0,3134.3,32011200,3447.7,2820.9,3839.9,2896.0,3147.8,13,1,3147.7,1,1,3147.6,127,4,3147.5,128,4,3147.4,24,4,3148.2,2,2,3148.7,200,1,3148.8,17,1,3148.9,78,3,3149.0,266,7
2031,2026-06-16 13:55:30+05:30,3148.2,1,3132.69,2622522,131033.0,202809.0,3163.0,3163.0,3108.0,3134.3,32011200,3447.7,2820.9,3839.9,2896.0,3148.0,16,1,3147.8,91,3,3147.7,1,1,3147.6,136,5,3147.5,147,6,3148.2,3,3,3148.7,200,1,3148.8,26,1,3148.9,78,3,3149.0,369,8
2031,2026-06-16 13:55:30+05:30,3148.7,17,3132.69,2622522,131033.0,202809.0,3163.0,3163.0,3108.0,3134.3,32011200,3447.7,2820.9,3839.9,2896.0,3148.0,16,1,3147.8,91,3,3147.7,1,1,3147.6,136,5,3147.5,147,6,3148.2,3,3,3148.7,200,1,3148.8,26,1,3148.9,78,3,3149.0,369,8
2031,2026-06-16 13:55:31+05:30,3148.7,17,3132.69,2622572,131375.0,202413.0,3163.0,3163.0,3108.0,3134.3,32011200,3447.7,2820.9,3839.9,2896.0,3148.3,1,1,3148.1,2,2,3148.0,16,1,3147.8,91,3,3147.7,1,1,3148.6,10,1,3148.7,160,1,3148.8,35,2,3148.9,1,1,3149.0,418,9
2031,2026-06-16 13:55:31+05:30,3148.7,17,3132.69,2622572,131375.0,202413.0,3163.0,3163.0,3108.0,3134.3,32011200,3447.7,2820.9,3839.9,2896.0,3148.3,1,1,3148.1,2,2,3148.0,16,1,3147.8,91,3,3147.7,1,1,3148.6,10,1,3148.7,160,1,3148.8,35,2,3148.9,1,1,3149.0,418,9
2031,2026-06-16 13:55:31+05:30,3148.6,1,3132.69,2622572,131375.0,202413.0,3163.0,3163.0,3108.0,3134.3,32011200,3447.7,2820.9,3839.9,2896.0,3148.3,1,1,3148.1,2,2,3148.0,16,1,3147.8,91,3,3147.7,1,1,3148.6,10,1,3148.7,160,1,3148.8,35,2,3148.9,1,1,3149.0,418,9
2031,2026-06-16 13:55:32+05:30,3148.6,1,3132.69,2622583,131546.0,202086.0,3163.0,3163.0,3108.0,3134.3,32011200,3447.7,2820.9,3839.9,2896.0,3148.3,89,3,3148.2,15,1,3148.1,2,2,3147.9,44,3,3147.8,91,3,3148.6,7,1,3148.8,10,1,3148.9,1,1,3149.0,482,7,3149.2,87,2
2031,2026-06-16 13:55:32+05:30,3148.6,7,3132.69,2622583,131546.0,202086.0,3163.0,3163.0,3108.0,3134.3,32011200,3447.7,2820.9,3839.9,2896.0,3148.3,89,3,3148.2,15,1,3148.1,2,2,3147.9,44,3,3147.8,91,3,3148.6,7,1,3148.8,10,1,3148.9,1,1,3149.0,482,7,3149.2,87,2
2031,2026-06-16 13:55:32+05:30,3148.6,7,3132.69,2622583,131546.0,202086.0,3163.0,3163.0,3108.0,3134.3,32011200,3447.7,2820.9,3839.9,2896.0,3148.3,89,3,3148.2,15,1,3148.1,2,2,3147.9,44,3,3147.8,91,3,3148.6,7,1,3148.8,10,1,3148.9,1,1,3149.0,482,7,3149.2,87,2
2031,2026-06-16 13:55:33+05:30,3148.6,4,3132.69,2622594,131260.0,202120.0,3163.0,3163.0,3108.0,3134.3,32011200,3447.7,2820.9,3839.9,2896.0,3148.6,1,1,3148.3,89,3,3148.1,2,2,3148.0,17,1,3147.9,4,2,3148.8,10,1,3148.9,186,4,3149.0,357,7,3149.1,26,1,3149.2,65,2
2031,2026-06-16 13:55:33+05:30,3148.6,4,3132.69,2622594,131260.0,202120.0,3163.0,3163.0,3108.0,3134.3,32011200,3447.7,2820.9,3839.9,2896.0,3148.6,1,1,3148.3,89,3,3148.1,2,2,3148.0,17,1,3147.9,4,2,3148.8,10,1,3148.9,186,4,3149.0,357,7,3149.1,26,1,3149.2,65,2
2031,2026-06-16 13:55:34+05:30,3148.8,3,3132.69,2622873,131120.0,201979.0,3163.0,3163.0,3108.0,3134.3,32011200,3447.7,2820.9,3839.9,2896.0,3148.3,88,2,3148.2,17,1,3148.1,2,2,3147.8,22,3,3147.7,1,1,3148.8,99,5,3148.9,56,4,3149.0,578,11,3149.1,25,1,3149.2,120,4
2031,2026-06-16 13:55:34+05:30,3148.8,3,3132.69,2622873,131120.0,201979.0,3163.0,3163.0,3108.0,3134.3,32011200,3447.7,2820.9,3839.9,2896.0,3148.3,88,2,3148.2,17,1,3148.1,2,2,3147.8,22,3,3147.7,1,1,3148.8,99,5,3148.9,56,4,3149.0,578,11,3149.1,25,1,3149.2,120,4
2031,2026-06-16 13:55:34+05:30,3148.8,1,3132.69,2622873,131120.0,201979.0,3163.0,3163.0,3108.0,3134.3,32011200,3447.7,2820.9,3839.9,2896.0,3148.3,88,2,3148.2,17,1,3148.1,2,2,3147.8,22,3,3147.7,1,1,3148.8,99,5,3148.9,56,4,3149.0,578,11,3149.1,25,1,3149.2,120,4
2031,2026-06-16 13:55:35+05:30,3148.8,1,3132.69,2622873,131120.0,201979.0,3163.0,3163.0,3108.0,3134.3,32011200,3447.7,2820.9,3839.9,2896.0,3148.3,88,2,3148.2,17,1,3148.1,2,2,3147.8,22,3,3147.7,1,1,3148.8,99,5,3148.9,56,4,3149.0,578,11,3149.1,25,1,3149.2,120,4
2031,2026-06-16 13:55:35+05:30,3148.3,1,3132.69,2622893,131049.0,202348.0,3163.0,3163.0,3108.0,3134.3,32011200,3447.7,2820.9,3839.9,2896.0,3148.3,87,2,3148.2,17,1,3148.1,2,2,3148.0,15,1,3147.8,47,3,3148.7,10,1,3148.8,103,6,3148.9,39,3,3149.0,578,11,3149.1,42,2
2031,2026-06-16 13:55:35+05:30,3148.3,1,3132.69,2622893,131049.0,202348.0,3163.0,3163.0,3108.0,3134.3,32011200,3447.7,2820.9,3839.9,2896.0,3148.3,87,2,3148.2,17,1,3148.1,2,2,3148.0,15,1,3147.8,47,3,3148.7,10,1,3148.8,103,6,3148.9,39,3,3149.0,578,11,3149.1,42,2
2031,2026-06-16 13:55:35+05:30,3148.8,15,3132.69,2622893,131049.0,202348.0,3163.0,3163.0,3108.0,3134.3,32011200,3447.7,2820.9,3839.9,2896.0,3148.3,87,2,3148.2,17,1,3148.1,2,2,3148.0,15,1,3147.8,47,3,3148.7,10,1,3148.8,103,6,3148.9,39,3,3149.0,578,11,3149.1,42,2
2031,2026-06-16 13:55:36+05:30,3148.8,15,3132.69,2622893,131049.0,202348.0,3163.0,3163.0,3108.0,3134.3,32011200,3447.7,2820.9,3839.9,2896.0,3148.3,87,2,3148.2,17,1,3148.1,2,2,3148.0,15,1,3147.8,47,3,3148.7,10,1,3148.8,103,6,3148.9,39,3,3149.0,578,11,3149.1,42,2
2031,2026-06-16 13:55:36+05:30,3148.3,4,3132.69,2622928,130956.0,202108.0,3163.0,3163.0,3108.0,3134.3,32011200,3447.7,2820.9,3839.9,2896.0,3148.3,81,1,3148.2,17,1,3148.0,15,1,3147.8,47,3,3147.7,4,2,3148.8,31,3,3148.9,199,4,3149.0,368,9,3149.1,34,1,3149.2,56,2
2031,2026-06-16 13:55:36+05:30,3148.3,4,3132.69,2622928,130956.0,202108.0,3163.0,3163.0,3108.0,3134.3,32011200,3447.7,2820.9,3839.9,2896.0,3148.3,81,1,3148.2,17,1,3148.0,15,1,3147.8,47,3,3147.7,4,2,3148.8,31,3,3148.9,199,4,3149.0,368,9,3149.1,34,1,3149.2,56,2
2031,2026-06-16 13:55:36+05:30,3148.8,1,3132.69,2622928,130956.0,202108.0,3163.0,3163.0,3108.0,3134.3,32011200,3447.7,2820.9,3839.9,2896.0,3148.3,81,1,3148.2,17,1,3148.0,15,1,3147.8,47,3,3147.7,4,2,3148.8,31,3,3148.9,199,4,3149.0,368,9,3149.1,34,1,3149.2,56,2
2031,2026-06-16 13:55:37+05:30,3148.8,1,3132.69,2622930,131041.0,201944.0,3163.0,3163.0,3108.0,3134.3,32011200,3447.7,2820.9,3839.9,2896.0,3148.5,16,1,3148.3,95,2,3147.8,18,3,3147.7,21,3,3147.6,43,2,3148.6,10,1,3148.8,14,2,3148.9,189,3,3149.0,348,7,3149.2,56,2
2031,2026-06-16 13:55:37+05:30,3148.8,1,3132.69,2622930,131041.0,201944.0,3163.0,3163.0,3108.0,3134.3,32011200,3447.7,2820.9,3839.9,2896.0,3148.5,16,1,3148.3,95,2,3147.8,18,3,3147.7,21,3,3147.6,43,2,3148.6,10,1,3148.8,14,2,3148.9,189,3,3149.0,348,7,3149.2,56,2
2031,2026-06-16 13:55:38+05:30,3148.6,10,3132.69,2622940,131151.0,201913.0,3163.0,3163.0,3108.0,3134.3,32011200,3447.7,2820.9,3839.9,2896.0,3148.6,5,1,3148.5,6,1,3148.3,81,1,3148.1,11,1,3148.0,15,1,3148.8,14,2,3148.9,192,3,3149.0,348,7,3149.1,34,1,3149.2,56,2
2031,2026-06-16 13:55:38+05:30,3148.6,10,3132.69,2622940,131151.0,201913.0,3163.0,3163.0,3108.0,3134.3,32011200,3447.7,2820.9,3839.9,2896.0,3148.6,5,1,3148.5,6,1,3148.3,81,1,3148.1,11,1,3148.0,15,1,3148.8,14,2,3148.9,192,3,3149.0,348,7,3149.1,34,1,3149.2,56,2
2031,2026-06-16 13:55:38+05:30,3148.6,10,3132.69,2622940,131151.0,201913.0,3163.0,3163.0,3108.0,3134.3,32011200,3447.7,2820.9,3839.9,2896.0,3148.6,5,1,3148.5,6,1,3148.3,81,1,3148.1,11,1,3148.0,15,1,3148.8,14,2,3148.9,192,3,3149.0,348,7,3149.1,34,1,3149.2,56,2
2031,2026-06-16 13:55:39+05:30,3148.6,10,3132.69,2622940,131151.0,201913.0,3163.0,3163.0,3108.0,3134.3,32011200,3447.7,2820.9,3839.9,2896.0,3148.6,5,1,3148.5,6,1,3148.3,81,1,3148.1,11,1,3148.0,15,1,3148.8,14,2,3148.9,192,3,3149.0,348,7,3149.1,34,1,3149.2,56,2
2031,2026-06-16 13:55:39+05:30,3148.6,10,3132.69,2622940,131749.0,201953.0,3163.0,3163.0,3108.0,3134.3,32011200,3447.7,2820.9,3839.9,2896.0,3148.6,48,2,3148.5,6,1,3148.3,96,2,3148.2,17,1,3148.1,11,1,3148.8,14,2,3148.9,177,2,3149.0,322,6,3149.5,425,5,3149.6,48,3
2031,2026-06-16 13:55:39+05:30,3148.6,10,3132.69,2622940,131749.0,201953.0,3163.0,3163.0,3108.0,3134.3,32011200,3447.7,2820.9,3839.9,2896.0,3148.6,48,2,3148.5,6,1,3148.3,96,2,3148.2,17,1,3148.1,11,1,3148.8,14,2,3148.9,177,2,3149.0,322,6,3149.5,425,5,3149.6,48,3
2031,2026-06-16 13:55:40+05:30,3148.8,10,3132.69,2623173,130811.0,201935.0,3163.0,3163.0,3108.0,3134.3,32011200,3447.7,2820.9,3839.9,2896.0,3148.5,6,1,3148.3,81,1,3148.2,17,1,3148.1,26,2,3148.0,15,1,3148.8,32,2,3148.9,197,4,3149.0,415,9,3149.1,4,1,3149.2,89,3
2031,2026-06-16 13:55:40+05:30,3148.8,10,3132.69,2623173,130811.0,201935.0,3163.0,3163.0,3108.0,3134.3,32011200,3447.7,2820.9,3839.9,2896.0,3148.5,6,1,3148.3,81,1,3148.2,17,1,3148.1,26,2,3148.0,15,1,3148.8,32,2,3148.9,197,4,3149.0,415,9,3149.1,4,1,3149.2,89,3
2031,2026-06-16 13:55:40+05:30,3148.8,10,3132.69,2623173,130811.0,201935.0,3163.0,3163.0,3108.0,3134.3,32011200,3447.7,2820.9,3839.9,2896.0,3148.5,6,1,3148.3,81,1,3148.2,17,1,3148.1,26,2,3148.0,15,1,3148.8,32,2,3148.9,197,4,3149.0,415,9,3149.1,4,1,3149.2,89,3
2031,2026-06-16 13:55:41+05:30,3148.8,10,3132.69,2623173,131016.0,202030.0,3163.0,3163.0,3108.0,3134.3,32011200,3447.7,2820.9,3839.9,2896.0,3148.5,6,1,3148.3,96,2,3148.2,17,1,3148.1,11,1,3148.0,15,1,3148.7,58,4,3148.8,51,4,3148.9,197,4,3149.0,415,9,3149.1,4,1
2031,2026-06-16 13:55:41+05:30,3148.8,10,3132.69,2623173,131016.0,202030.0,3163.0,3163.0,3108.0,3134.3,32011200,3447.7,2820.9,3839.9,2896.0,3148.5,6,1,3148.3,96,2,3148.2,17,1,3148.1,11,1,3148.0,15,1,3148.7,58,4,3148.8,51,4,3148.9,197,4,3149.0,415,9,3149.1,4,1
2031,2026-06-16 13:55:41+05:30,3148.7,1,3132.69,2623173,131016.0,202030.0,3163.0,3163.0,3108.0,3134.3,32011200,3447.7,2820.9,3839.9,2896.0,3148.5,6,1,3148.3,96,2,3148.2,17,1,3148.1,11,1,3148.0,15,1,3148.7,58,4,3148.8,51,4,3148.9,197,4,3149.0,415,9,3149.1,4,1
2031,2026-06-16 13:55:42+05:30,3148.7,3,3132.69,2623196,131071.0,201848.0,3163.0,3163.0,3108.0,3134.3,32011200,3447.7,2820.9,3839.9,2896.0,3148.6,18,2,3148.5,20,2,3148.3,81,1,3148.1,11,1,3148.0,15,1,3148.8,51,4,3148.9,197,4,3149.0,367,8,3149.1,38,2,3149.2,55,2
2031,2026-06-16 13:55:42+05:30,3148.7,3,3132.69,2623196,131071.0,201848.0,3163.0,3163.0,3108.0,3134.3,32011600,3447.7,2820.9,3839.9,2896.0,3148.6,18,2,3148.5,20,2,3148.3,81,1,3148.1,11,1,3148.0,15,1,3148.8,51,4,3148.9,197,4,3149.0,367,8,3149.1,38,2,3149.2,55,2
2031,2026-06-16 13:55:42+05:30,3148.7,3,3132.69,2623196,131071.0,201848.0,3163.0,3163.0,3108.0,3134.3,32011600,3447.7,2820.9,3839.9,2896.0,3148.6,18,2,3148.5,20,2,3148.3,81,1,3148.1,11,1,3148.0,15,1,3148.8,51,4,3148.9,197,4,3149.0,367,8,3149.1,38,2,3149.2,55,2
2031,2026-06-16 13:55:43+05:30,3148.5,4,3132.69,2623415,130601.0,202275.0,3163.0,3163.0,3108.0,3134.3,32011600,3447.7,2820.9,3839.9,2896.0,3148.5,15,1,3148.3,81,1,3148.1,11,1,3148.0,15,1,3147.7,14,2,3148.6,82,5,3148.7,10,1,3148.8,112,6,3148.9,177,2,3149.0,458,11
2031,2026-06-16 13:55:43+05:30,3148.5,4,3132.69,2623415,130601.0,202275.0,3163.0,3163.0,3108.0,3134.3,32011600,3447.7,2820.9,3839.9,2896.0,3148.5,15,1,3148.3,81,1,3148.1,11,1,3148.0,15,1,3147.7,14,2,3148.6,82,5,3148.7,10,1,3148.8,112,6,3148.9,177,2,3149.0,458,11
2031,2026-06-16 13:55:44+05:30,3148.5,1,3132.69,2623416,130712.0,202238.0,3163.0,3163.0,3108.0,3134.3,32011600,3447.7,2820.9,3839.9,2896.0,3148.5,17,2,3148.3,81,1,3148.1,11,1,3148.0,15,1,3147.7,14,2,3148.6,59,4,3148.7,10,1,3148.8,78,5,3148.9,202,3,3149.0,433,10
2031,2026-06-16 13:55:44+05:30,3148.5,3,3132.69,2623416,130712.0,202238.0,3163.0,3163.0,3108.0,3134.3,32011600,3447.7,2820.9,3839.9,2896.0,3148.5,17,2,3148.3,81,1,3148.1,11,1,3148.0,15,1,3147.7,14,2,3148.6,59,4,3148.7,10,1,3148.8,78,5,3148.9,202,3,3149.0,433,10
2031,2026-06-16 13:55:45+05:30,3148.5,3,3132.69,2623546,130693.0,202380.0,3163.0,3163.0,3108.0,3134.3,32011600,3447.7,2820.9,3839.9,2896.0,3148.5,35,4,3148.4,12,1,3148.3,83,3,3148.0,15,1,3147.7,14,2,3148.6,65,6,3148.7,195,3,3148.8,58,3,3148.9,34,2,3149.0,567,12
2031,2026-06-16 13:55:45+05:30,3148.6,19,3132.69,2623546,130693.0,202380.0,3163.0,3163.0,3108.0,3134.3,32011600,3447.7,2820.9,3839.9,2896.0,3148.5,35,4,3148.4,12,1,3148.3,83,3,3148.0,15,1,3147.7,14,2,3148.6,65,6,3148.7,195,3,3148.8,58,3,3148.9,34,2,3149.0,567,12
2031,2026-06-16 13:55:46+05:30,3148.6,19,3132.69,2623570,130919.0,202246.0,3163.0,3163.0,3108.0,3134.3,32011600,3447.7,2820.9,3839.9,2896.0,3148.5,33,3,3148.4,12,1,3148.3,83,3,3148.0,15,1,3147.7,14,2,3148.6,26,4,3148.7,170,2,3148.8,24,2,3148.9,17,1,3149.0,484,9
2031,2026-06-16 13:55:46+05:30,3148.6,1,3132.69,2623570,130919.0,202246.0,3163.0,3163.0,3108.0,3134.3,32011600,3447.7,2820.9,3839.9,2896.0,3148.5,33,3,3148.4,12,1,3148.3,83,3,3148.0,15,1,3147.7,14,2,3148.6,26,4,3148.7,170,2,3148.8,24,2,3148.9,17,1,3149.0,484,9
2031,2026-06-16 13:55:47+05:30,3148.6,1,3132.69,2623606,130941.0,202142.0,3163.0,3163.0,3108.0,3134.3,32011600,3447.7,2820.9,3839.9,2896.0,3148.5,63,4,3148.4,12,1,3148.3,83,3,3148.0,17,2,3147.9,17,1,3148.6,13,1,3148.7,170,2,3148.8,10,1,3148.9,17,1,3149.0,322,6
2031,2026-06-16 13:55:47+05:30,3148.6,13,3132.69,2623606,130941.0,202142.0,3163.0,3163.0,3108.0,3134.3,32011600,3447.7,2820.9,3839.9,2896.0,3148.5,63,4,3148.4,12,1,3148.3,83,3,3148.0,17,2,3147.9,17,1,3148.6,13,1,3148.7,170,2,3148.8,10,1,3148.9,17,1,3149.0,322,6
2031,2026-06-16 13:55:48+05:30,3148.6,13,3132.69,2623619,131228.0,202142.0,3163.0,3163.0,3108.0,3134.3,32011600,3447.7,2820.9,3839.9,2896.0,3148.5,63,4,3148.4,12,1,3148.3,83,3,3148.0,17,2,3147.7,52,4,3148.8,160,1,3148.9,17,1,3149.0,322,6,3149.2,55,2,3149.3,146,4
2031,2026-06-16 13:55:48+05:30,3148.6,1,3132.69,2623619,131228.0,202142.0,3163.0,3163.0,3108.0,3134.3,32011600,3447.7,2820.9,3839.9,2896.0,3148.5,63,4,3148.4,12,1,3148.3,83,3,3148.0,17,2,3147.7,52,4,3148.8,160,1,3148.9,17,1,3149.0,322,6,3149.2,55,2,3149.3,146,4
2031,2026-06-16 13:55:49+05:30,3148.6,1,3132.69,2623620,131241.0,202088.0,3163.0,3163.0,3108.0,3134.3,32011600,3447.7,2820.9,3839.9,2896.0,3148.6,17,1,3148.5,46,3,3148.4,12,1,3148.3,83,3,3148.0,15,1,3148.7,160,1,3148.8,1,1,3148.9,36,2,3149.0,322,6,3149.2,55,2
2031,2026-06-16 13:55:49+05:30,3148.7,159,3132.69,2623620,131241.0,202088.0,3163.0,3163.0,3108.0,3134.3,32011600,3447.7,2820.9,3839.9,2896.0,3148.6,17,1,3148.5,46,3,3148.4,12,1,3148.3,83,3,3148.0,15,1,3148.7,160,1,3148.8,1,1,3148.9,36,2,3149.0,322,6,3149.2,55,2
2031,2026-06-16 13:55:50+05:30,3148.7,159,3132.69,2623780,131400.0,202090.0,3163.0,3163.0,3108.0,3134.3,32011600,3447.7,2820.9,3839.9,2896.0,3148.6,39,1,3148.5,46,3,3148.4,12,1,3148.3,83,3,3148.0,15,1,3148.8,201,2,3148.9,131,3,3149.0,322,6,3149.2,55,2,3149.3,68,2
2031,2026-06-16 13:55:50+05:30,3148.8,4,3132.69,2623780,131400.0,202090.0,3163.0,3163.0,3108.0,3134.3,32011600,3447.7,2820.9,3839.9,2896.0,3148.6,39,1,3148.5,46,3,3148.4,12,1,3148.3,83,3,3148.0,15,1,3148.8,201,2,3148.9,131,3,3149.0,322,6,3149.2,55,2,3149.3,68,2
2031,2026-06-16 13:55:51+05:30,3148.6,2,3132.69,2623787,131326.0,202199.0,3163.0,3163.0,3108.0,3134.3,32011600,3447.7,2820.9,3839.9,2896.0,3148.6,37,1,3148.5,46,3,3148.4,12,1,3148.3,83,3,3148.0,15,1,3148.8,234,2,3148.9,117,2,3149.0,341,7,3149.1,24,1,3149.2,30,1
2031,2026-06-16 13:55:51+05:30,3148.6,2,3132.69,2623787,131326.0,202199.0,3163.0,3163.0,3108.0,3134.3,32011600,3447.7,2820.9,3839.9,2896.0,3148.6,37,1,3148.5,46,3,3148.4,12,1,3148.3,83,3,3148.0,15,1,3148.8,234,2,3148.9,117,2,3149.0,341,7,3149.1,24,1,3149.2,30,1
2031,2026-06-16 13:55:52+05:30,3148.6,2,3132.69,2623787,131456.0,201995.0,3163.0,3163.0,3108.0,3134.3,32011600,3447.7,2820.9,3839.9,2896.0,3148.6,39,2,3148.5,63,4,3148.4,12,1,3148.3,83,3,3148.0,15,1,3148.8,234,2,3148.9,100,1,3149.0,322,6,3149.2,30,1,3149.3,34,1
2031,2026-06-16 13:55:52+05:30,3148.8,1,3132.69,2623787,131456.0,201995.0,3163.0,3163.0,3108.0,3134.3,32011600,3447.7,2820.9,3839.9,2896.0,3148.6,39,2,3148.5,63,4,3148.4,12,1,3148.3,83,3,3148.0,15,1,3148.8,234,2,3148.9,100,1,3149.0,322,6,3149.2,30,1,3149.3,34,1
2031,2026-06-16 13:55:53+05:30,3148.8,16,3132.69,2623804,132086.0,201754.0,3163.0,3163.0,3108.0,3134.3,32011600,3447.7,2820.9,3839.9,2896.0,3148.6,54,3,3148.5,46,3,3148.4,12,1,3148.3,83,3,3148.1,29,3,3148.8,242,3,3148.9,100,1,3149.0,322,6,3149.4,339,3,3149.5,10,1
2031,2026-06-16 13:55:53+05:30,3148.6,2,3132.69,2623804,132086.0,201754.0,3163.0,3163.0,3108.0,3134.3,32011600,3447.7,2820.9,3839.9,2896.0,3148.6,54,3,3148.5,46,3,3148.4,12,1,3148.3,83,3,3148.1,29,3,3148.8,242,3,3148.9,100,1,3149.0,322,6,3149.4,339,3,3149.5,10,1
2031,2026-06-16 13:55:54+05:30,3148.6,2,3132.69,2623806,131966.0,201973.0,3163.0,3163.0,3108.0,3134.3,32011600,3447.7,2820.9,3839.9,2896.0,3148.6,52,3,3148.5,46,3,3148.4,12,1,3148.3,83,3,3148.1,12,2,3148.8,63,2,3148.9,100,1,3149.0,322,6,3149.1,179,1,3149.5,34,2
2031,2026-06-16 13:55:55+05:30,3148.6,2,3132.69,2623806,131978.0,201923.0,3163.0,3163.0,3108.0,3134.3,32011600,3447.7,2820.9,3839.9,2896.0,3148.6,53,4,3148.5,46,3,3148.4,12,1,3148.3,83,3,3148.1,12,2,3148.8,63,2,3148.9,100,1,3149.0,272,6,3149.1,179,1,3149.5,34,2
2031,2026-06-16 13:55:55+05:30,3148.6,18,3132.69,2623806,131978.0,201923.0,3163.0,3163.0,3108.0,3134.3,32011600,3447.7,2820.9,3839.9,2896.0,3148.6,53,4,3148.5,46,3,3148.4,12,1,3148.3,83,3,3148.1,12,2,3148.8,63,2,3148.9,100,1,3149.0,272,6,3149.1,179,1,3149.5,34,2
2031,2026-06-16 13:55:56+05:30,3148.9,1,3132.69,2623891,132380.0,201987.0,3163.0,3163.0,3108.0,3134.3,32011600,3447.7,2820.9,3839.9,2896.0,3148.6,38,4,3148.5,45,2,3148.4,12,1,3148.3,83,3,3148.1,52,3,3148.9,99,1,3149.0,272,6,3149.1,179,1,3149.5,34,2,3149.6,17,1
2031,2026-06-16 13:55:56+05:30,3148.6,9,3132.69,2623891,132380.0,201987.0,3163.0,3163.0,3108.0,3134.3,32011600,3447.7,2820.9,3839.9,2896.0,3148.6,38,4,3148.5,45,2,3148.4,12,1,3148.3,83,3,3148.1,52,3,3148.9,99,1,3149.0,272,6,3149.1,179,1,3149.5,34,2,3149.6,17,1
2031,2026-06-16 13:55:57+05:30,3148.6,9,3132.69,2623900,132312.0,202035.0,3163.0,3163.0,3108.0,3134.3,32011600,3447.7,2820.9,3839.9,2896.0,3148.6,29,4,3148.5,45,2,3148.4,12,1,3148.3,83,3,3148.1,12,2,3148.9,99,1,3149.0,272,6,3149.1,179,1,3149.5,34,2,3149.6,17,1
2031,2026-06-16 13:55:57+05:30,3148.9,1,3132.69,2623900,132312.0,202035.0,3163.0,3163.0,3108.0,3134.3,32011600,3447.7,2820.9,3839.9,2896.0,3148.6,29,4,3148.5,45,2,3148.4,12,1,3148.3,83,3,3148.1,12,2,3148.9,99,1,3149.0,272,6,3149.1,179,1,3149.5,34,2,3149.6,17,1
2031,2026-06-16 13:55:58+05:30,3148.9,1,3132.7,2624021,132102.0,201733.0,3163.0,3163.0,3108.0,3134.3,32011600,3447.7,2820.9,3839.9,2896.0,3148.6,6,2,3148.5,45,2,3148.4,12,1,3148.3,83,3,3148.2,17,1,3148.9,98,1,3149.0,177,5,3149.1,179,1,3149.5,34,2,3149.6,32,1
2031,2026-06-16 13:55:59+05:30,3148.9,1,3132.7,2624021,132221.0,201887.0,3163.0,3163.0,3108.0,3134.3,32011600,3447.7,2820.9,3839.9,2896.0,3148.8,17,1,3148.6,11,2,3148.5,45,2,3148.4,12,1,3148.3,83,3,3148.9,98,1,3149.0,177,5,3149.1,179,1,3149.5,34,2,3149.7,315,2
2031,2026-06-16 13:55:59+05:30,3148.9,164,3132.7,2624021,132221.0,201887.0,3163.0,3163.0,3108.0,3134.3,32011600,3447.7,2820.9,3839.9,2896.0,3148.8,17,1,3148.6,11,2,3148.5,45,2,3148.4,12,1,3148.3,83,3,3148.9,98,1,3149.0,177,5,3149.1,179,1,3149.5,34,2,3149.7,315,2
2031,2026-06-16 13:56:00+05:30,3148.9,164,3132.7,2624185,132297.0,201593.0,3163.0,3163.0,3108.0,3134.3,32011600,3447.7,2820.9,3839.9,2896.0,3148.8,7,3,3148.6,11,2,3148.5,46,3,3148.4,12,1,3148.3,83,3,3148.9,100,1,3149.0,177,5,3149.1,179,1,3149.5,10,1,3149.7,315,2
2031,2026-06-16 13:56:00+05:30,3148.9,2,3132.7,2624185,132297.0,201593.0,3163.0,3163.0,3108.0,3134.3,32011600,3447.7,2820.9,3839.9,2896.0,3148.8,7,3,3148.6,11,2,3148.5,46,3,3148.4,12,1,3148.3,83,3,3148.9,100,1,3149.0,177,5,3149.1,179,1,3149.5,10,1,3149.7,315,2
2031,2026-06-16 13:56:01+05:30,3148.8,3,3132.7,2624194,132353.0,201582.0,3163.0,3163.0,3108.0,3134.3,32011600,3447.7,2820.9,3839.9,2896.0,3148.8,5,4,3148.6,23,3,3148.5,46,3,3148.4,26,2,3148.3,83,3,3148.9,96,1,3149.0,177,5,3149.1,179,1,3149.5,10,1,3149.7,315,2
2031,2026-06-16 13:56:01+05:30,3148.9,9,3132.7,2624194,132353.0,201582.0,3163.0,3163.0,3108.0,3134.3,32011600,3447.7,2820.9,3839.9,2896.0,3148.8,5,4,3148.6,23,3,3148.5,46,3,3148.4,26,2,3148.3,83,3,3148.9,96,1,3149.0,177,5,3149.1,179,1,3149.5,10,1,3149.7,315,2
2031,2026-06-16 13:56:02+05:30,3148.8,1,3132.7,2624204,132248.0,201590.0,3163.0,3163.0,3108.0,3134.3,32011600,3447.7,2820.9,3839.9,2896.0,3148.8,19,5,3148.6,21,2,3148.5,46,3,3148.4,42,3,3148.3,83,3,3148.9,87,1,3149.0,177,5,3149.1,179,1,3149.5,10,1,3149.7,315,2
2031,2026-06-16 13:56:02+05:30,3148.9,1,3132.7,2624204,132248.0,201590.0,3163.0,3163.0,3108.0,3134.3,32011600,3447.7,2820.9,3839.9,2896.0,3148.8,19,5,3148.6,21,2,3148.5,46,3,3148.4,42,3,3148.3,83,3,3148.9,87,1,3149.0,177,5,3149.1,179,1,3149.5,10,1,3149.7,315,2
2031,2026-06-16 13:56:03+05:30,3148.9,56,3132.7,2624376,132209.0,202020.0,3163.0,3163.0,3108.0,3134.3,32011600,3447.7,2820.9,3839.9,2896.0,3148.8,4,4,3148.7,10,1,3148.6,9,1,3148.5,46,3,3148.4,16,1,3148.9,44,1,3149.0,356,6,3149.5,10,1,3149.6,339,3,3149.7,32,1
2031,2026-06-16 13:56:03+05:30,3148.9,56,3132.7,2624376,132209.0,202020.0,3163.0,3163.0,3108.0,3134.3,32011600,3447.7,2820.9,3839.9,2896.0,3148.8,4,4,3148.7,10,1,3148.6,9,1,3148.5,46,3,3148.4,16,1,3148.9,44,1,3149.0,356,6,3149.5,10,1,3149.6,339,3,3149.7,32,1
2031,2026-06-16 13:56:04+05:30,3148.7,52,3132.7,2624482,131918.0,201891.0,3163.0,3163.0,3108.0,3134.3,32011600,3447.7,2820.9,3839.9,2896.0,3148.7,10,1,3148.6,9,1,3148.5,46,3,3148.4,16,1,3148.3,83,3,3148.9,44,1,3149.0,177,5,3149.1,198,2,3149.3,24,1,3149.4,56,2
2031,2026-06-16 13:56:04+05:30,3148.7,52,3132.7,2624482,131918.0,201891.0,3163.0,3163.0,3108.0,3134.3,32011600,3447.7,2820.9,3839.9,2896.0,3148.7,10,1,3148.6,9,1,3148.5,46,3,3148.4,16,1,3148.3,83,3,3148.9,44,1,3149.0,177,5,3149.1,198,2,3149.3,24,1,3149.4,56,2
2031,2026-06-16 13:56:05+05:30,3148.7,52,3132.7,2624482,131965.0,202050.0,3163.0,3163.0,3108.0,3134.3,32011600,3447.7,2820.9,3839.9,2896.0,3148.8,3,1,3148.7,10,1,3148.6,9,1,3148.5,46,3,3148.4,16,1,3148.9,70,2,3149.0,177,5,3149.1,179,1,3149.3,24,1,3149.4,40,2
2031,2026-06-16 13:56:06+05:30,3148.4,5,3132.7,2624682,131469.0,202299.0,3163.0,3163.0,3108.0,3134.3,32011600,3447.7,2820.9,3839.9,2896.0,3148.8,2,1,3148.4,11,1,3148.3,83,3,3148.1,3,1,3147.9,22,1,3148.9,70,2,3149.0,356,6,3149.1,34,1,3149.3,78,3,3149.4,34,1
2031,2026-06-16 13:56:06+05:30,3148.8,10,3132.7,2624682,131469.0,202299.0,3163.0,3163.0,3108.0,3134.3,32011600,3447.7,2820.9,3839.9,2896.0,3148.8,2,1,3148.4,11,1,3148.3,83,3,3148.1,3,1,3147.9,22,1,3148.9,70,2,3149.0,356,6,3149.1,34,1,3149.3,78,3,3149.4,34,1
2031,2026-06-16 13:56:07+05:30,3148.8,10,3132.7,2624692,131397.0,202413.0,3163.0,3163.0,3108.0,3134.3,32011600,3447.7,2820.9,3839.9,2896.0,3148.8,2,1,3148.4,11,1,3148.3,83,3,3148.1,3,1,3147.9,22,1,3148.9,140,4,3149.0,356,6,3149.1,34,1,3149.3,49,2,3149.4,34,1
2031,2026-06-16 13:56:08+05:30,3148.9,1,3132.7,2624693,132191.0,202471.0,3163.0,3163.0,3108.0,3134.3,32011600,3447.7,2820.9,3839.9,2896.0,3148.8,25,2,3148.4,11,1,3148.3,83,3,3148.1,3,1,3147.9,76,3,3148.9,139,4,3149.0,177,5,3149.1,179,1,3149.5,118,4,3149.6,63,2
2031,2026-06-16 13:56:08+05:30,3148.9,1,3132.7,2624693,132191.0,202471.0,3163.0,3163.0,3108.0,3134.3,32011600,3447.7,2820.9,3839.9,2896.0,3148.8,25,2,3148.4,11,1,3148.3,83,3,3148.1,3,1,3147.9,76,3,3148.9,139,4,3149.0,177,5,3149.1,179,1,3149.5,118,4,3149.6,63,2
2031,2026-06-16 13:56:09+05:30,3148.9,20,3132.7,2624853,132218.0,202445.0,3163.0,3163.0,3108.0,3134.3,32011600,3447.7,2820.9,3839.9,2896.0,3148.8,7,1,3148.4,11,1,3148.3,83,3,3148.1,3,1,3147.9,36,2,3148.9,80,1,3149.0,356,6,3149.4,24,1,3149.5,151,5,3149.6,378,4
2031,2026-06-16 13:56:09+05:30,3148.9,20,3132.7,2624853,132218.0,202445.0,3163.0,3163.0,3108.0,3134.3,32011600,3447.7,2820.9,3839.9,2896.0,3148.8,7,1,3148.4,11,1,3148.3,83,3,3148.1,3,1,3147.9,36,2,3148.9,80,1,3149.0,356,6,3149.4,24,1,3149.5,151,5,3149.6,378,4
2031,2026-06-16 13:56:10+05:30,3148.8,1,3132.7,2624904,132262.0,202395.0,3163.0,3163.0,3108.0,3134.3,32011600,3447.7,2820.9,3839.9,2896.0,3148.8,6,1,3148.4,11,1,3148.3,83,3,3148.1,3,1,3147.9,36,2,3148.9,30,1,3149.0,177,5,3149.2,179,1,3149.4,24,1,3149.5,151,5
2031,2026-06-16 13:56:10+05:30,3148.8,1,3132.7,2624904,132262.0,202395.0,3163.0,3163.0,3108.0,3134.3,32011600,3447.7,2820.9,3839.9,2896.0,3148.8,6,1,3148.4,11,1,3148.3,83,3,3148.1,3,1,3147.9,36,2,3148.9,30,1,3149.0,177,5,3149.2,179,1,3149.4,24,1,3149.5,151,5
2031,2026-06-16 13:56:11+05:30,3148.8,1,3132.7,2624905,132264.0,202317.0,3163.0,3163.0,3108.0,3134.3,32011600,3447.7,2820.9,3839.9,2896.0,3148.8,7,2,3148.4,11,1,3148.3,83,3,3148.1,3,1,3147.9,36,2,3148.9,44,2,3149.0,186,6,3149.1,204,2,3149.2,52,2,3149.4,57,2
2031,2026-06-16 13:56:11+05:30,3148.8,1,3132.7,2624905,132264.0,202317.0,3163.0,3163.0,3108.0,3134.3,32011600,3447.7,2820.9,3839.9,2896.0,3148.8,7,2,3148.4,11,1,3148.3,83,3,3148.1,3,1,3147.9,36,2,3148.9,44,2,3149.0,186,6,3149.1,204,2,3149.2,52,2,3149.4,57,2
2031,2026-06-16 13:56:12+05:30,3148.8,1,3132.7,2624905,132260.0,202339.0,3163.0,3163.0,3108.0,3134.3,32011600,3447.7,2820.9,3839.9,2896.0,3148.8,7,2,3148.4,11,1,3148.3,83,3,3148.1,3,1,3147.9,76,3,3148.9,44,2,3149.0,177,5,3149.2,198,2,3149.4,24,1,3149.5,118,4
2031,2026-06-16 13:56:13+05:30,3148.9,1,3132.7,2624919,132284.0,202444.0,3163.0,3163.0,3108.0,3134.3,32011600,3447.7,2820.9,3839.9,2896.0,3148.8,2,1,3148.4,11,1,3148.3,83,3,3148.1,3,1,3148.0,11,1,3148.9,43,2,3149.0,177,5,3149.2,179,1,3149.4,24,1,3149.5,118,4
2031,2026-06-16 13:56:13+05:30,3148.9,1,3132.7,2624919,132284.0,202444.0,3163.0,3163.0,3108.0,3134.3,32011600,3447.7,2820.9,3839.9,2896.0,3148.8,2,1,3148.4,11,1,3148.3,83,3,3148.1,3,1,3148.0,11,1,3148.9,43,2,3149.0,177,5,3149.2,179,1,3149.4,24,1,3149.5,118,4
2031,2026-06-16 13:56:14+05:30,3148.9,1,3132.7,2624946,132298.0,202539.0,3163.0,3163.0,3108.0,3134.3,32011600,3447.7,2820.9,3839.9,2896.0,3148.8,21,4,3148.4,11,1,3148.3,83,3,3148.1,3,1,3148.0,11,1,3148.9,38,3,3149.0,177,5,3149.2,179,1,3149.4,24,1,3149.5,78,3
2031,2026-06-16 13:56:14+05:30,3148.9,1,3132.7,2624946,132298.0,202539.0,3163.0,3163.0,3108.0,3134.3,32011600,3447.7,2820.9,3839.9,2896.0,3148.8,21,4,3148.4,11,1,3148.3,83,3,3148.1,3,1,3148.0,11,1,3148.9,38,3,3149.0,177,5,3149.2,179,1,3149.4,24,1,3149.5,78,3
2031,2026-06-16 13:56:15+05:30,3148.9,1,3132.7,2625068,132659.0,202011.0,3163.0,3163.0,3108.0,3134.3,32011600,3447.7,2820.9,3839.9,2896.0,3148.8,19,4,3148.4,28,2,3148.3,90,4,3148.2,68,3,3148.1,3,1,3148.9,36,3,3149.0,177,5,3149.2,179,1,3149.5,10,1,3149.7,17,1
2031,2026-06-16 13:56:15+05:30,3148.9,1,3132.7,2625068,132659.0,202011.0,3163.0,3163.0,3108.0,3134.3,32011600,3447.7,2820.9,3839.9,2896.0,3148.8,19,4,3148.4,28,2,3148.3,90,4,3148.2,68,3,3148.1,3,1,3148.9,36,3,3149.0,177,5,3149.2,179,1,3149.5,10,1,3149.7,17,1
2031,2026-06-16 13:56:16+05:30,3148.9,9,3132.7,2625117,132597.0,201955.0,3163.0,3163.0,3108.0,3134.3,32011600,3447.7,2820.9,3839.9,2896.0,3148.9,3,1,3148.8,4,3,3148.4,11,1,3148.3,90,4,3148.2,14,1,3149.0,177,5,3149.2,179,1,3149.5,34,2,3149.7,17,1,3149.8,399,4
2031,2026-06-16 13:56:16+05:30,3148.9,9,3132.7,2625117,132597.0,201955.0,3163.0,3163.0,3108.0,3134.3,32011600,3447.7,2820.9,3839.9,2896.0,3148.9,3,1,3148.8,4,3,3148.4,11,1,3148.3,90,4,3148.2,14,1,3149.0,177,5,3149.2,179,1,3149.5,34,2,3149.7,17,1,3149.8,399,4
2031,2026-06-16 13:56:17+05:30,3148.9,1,3132.7,2625118,132347.0,202198.0,3163.0,3163.0,3108.0,3134.3,32011600,3447.7,2820.9,3839.9,2896.0,3148.9,2,1,3148.8,4,3,3148.5,3,2,3148.4,11,1,3148.3,83,3,3149.0,202,6,3149.2,179,1,3149.5,34,2,3149.7,17,1,3149.8,431,5
2031,2026-06-16 13:56:17+05:30,3148.9,1,3132.7,2625118,132347.0,202198.0,3163.0,3163.0,3108.0,3134.3,32011600,3447.7,2820.9,3839.9,2896.0,3148.9,2,1,3148.8,4,3,3148.5,3,2,3148.4,11,1,3148.3,83,3,3149.0,202,6,3149.2,179,1,3149.5,34,2,3149.7,17,1,3149.8,431,5
2031,2026-06-16 13:56:18+05:30,3149.0,11,3132.7,2625136,132372.0,202137.0,3163.0,3163.0,3108.0,3134.3,32011600,3447.7,2820.9,3839.9,2896.0,3148.9,2,1,3148.8,4,3,3148.5,3,2,3148.4,42,2,3148.3,83,3,3149.0,186,7,3149.2,179,1,3149.5,34,2,3149.7,4,1,3149.8,399,4
2031,2026-06-16 13:56:18+05:30,3149.0,11,3132.7,2625136,132372.0,202137.0,3163.0,3163.0,3108.0,3134.3,32011600,3447.7,2820.9,3839.9,2896.0,3148.9,2,1,3148.8,4,3,3148.5,3,2,3148.4,42,2,3148.3,83,3,3149.0,186,7,3149.2,179,1,3149.5,34,2,3149.7,4,1,3149.8,399,4
2031,2026-06-16 13:56:19+05:30,3149.0,1,3132.7,2625136,132372.0,202137.0,3163.0,3163.0,3108.0,3134.3,32011600,3447.7,2820.9,3839.9,2896.0,3148.9,2,1,3148.8,4,3,3148.5,3,2,3148.4,42,2,3148.3,83,3,3149.0,186,7,3149.2,179,1,3149.5,34,2,3149.7,4,1,3149.8,399,4
2031,2026-06-16 13:56:19+05:30,3149.0,1,3132.7,2625137,132315.0,202137.0,3163.0,3163.0,3108.0,3134.3,32011600,3447.7,2820.9,3839.9,2896.0,3148.9,2,1,3148.8,4,3,3148.5,3,2,3148.4,42,2,3148.3,2,2,3149.0,185,7,3149.2,179,1,3149.5,34,2,3149.7,4,1,3149.8,431,5
2031,2026-06-16 13:56:20+05:30,3148.8,2,3132.7,2625137,132315.0,202137.0,3163.0,3163.0,3108.0,3134.3,32011600,3447.7,2820.9,3839.9,2896.0,3148.9,2,1,3148.8,4,3,3148.5,3,2,3148.4,42,2,3148.3,2,2,3149.0,185,7,3149.2,179,1,3149.5,34,2,3149.7,4,1,3149.8,431,5
2031,2026-06-16 13:56:20+05:30,3148.8,2,3132.7,2625302,132397.0,202012.0,3163.0,3163.0,3108.0,3134.3,32011600,3447.7,2820.9,3839.9,2896.0,3148.8,3,3,3148.5,3,2,3148.4,42,2,3148.3,2,2,3148.2,41,2,3149.0,22,3,3149.2,179,1,3149.5,34,2,3149.7,4,1,3149.8,431,5
2031,2026-06-16 13:56:21+05:30,3149.0,1,3132.7,2625302,132397.0,202012.0,3163.0,3163.0,3108.0,3134.3,32011600,3447.7,2820.9,3839.9,2896.0,3148.8,3,3,3148.5,3,2,3148.4,42,2,3148.3,2,2,3148.2,41,2,3149.0,22,3,3149.2,179,1,3149.5,34,2,3149.7,4,1,3149.8,431,5
2031,2026-06-16 13:56:21+05:30,3149.0,1,3132.7,2625303,132417.0,202010.0,3163.0,3163.0,3108.0,3134.3,32011600,3447.7,2820.9,3839.9,2896.0,3148.8,17,3,3148.5,3,2,3148.4,42,2,3148.3,2,2,3148.2,41,2,3149.0,21,3,3149.2,179,1,3149.5,10,1,3149.7,4,1,3149.8,431,5
2031,2026-06-16 13:56:22+05:30,3149.0,1,3132.7,2625303,132417.0,202010.0,3163.0,3163.0,3108.0,3134.3,32011600,3447.7,2820.9,3839.9,2896.0,3148.8,17,3,3148.5,3,2,3148.4,42,2,3148.3,2,2,3148.2,41,2,3149.0,21,3,3149.2,179,1,3149.5,10,1,3149.7,4,1,3149.8,431,5
2031,2026-06-16 13:56:22+05:30,3149.0,1,3132.7,2625304,132381.0,201984.0,3163.0,3163.0,3108.0,3134.3,32011600,3447.7,2820.9,3839.9,2896.0,3148.8,17,3,3148.5,3,2,3148.4,42,2,3148.3,2,2,3148.2,1,1,3149.0,20,3,3149.1,179,1,3149.5,10,1,3149.6,24,1,3149.7,359,4
2031,2026-06-16 13:56:23+05:30,3149.0,1,3132.7,2625304,132381.0,201984.0,3163.0,3163.0,3108.0,3134.3,32011600,3447.7,2820.9,3839.9,2896.0,3148.8,17,3,3148.5,3,2,3148.4,42,2,3148.3,2,2,3148.2,1,1,3149.0,20,3,3149.1,179,1,3149.5,10,1,3149.6,24,1,3149.7,359,4
2031,2026-06-16 13:56:23+05:30,3149.0,1,3132.7,2625304,132363.0,201982.0,3163.0,3163.0,3108.0,3134.3,32011600,3447.7,2820.9,3839.9,2896.0,3148.8,17,3,3148.5,3,2,3148.4,42,2,3148.3,2,2,3148.2,1,1,3148.9,1,1,3149.0,216,4,3149.3,56,2,3149.4,24,1,3149.5,43,2
2031,2026-06-16 13:56:24+05:30,3148.9,1,3132.7,2625304,132363.0,201982.0,3163.0,3163.0,3108.0,3134.3,32011600,3447.7,2820.9,3839.9,2896.0,3148.8,17,3,3148.5,3,2,3148.4,42,2,3148.3,2,2,3148.2,1,1,3148.9,1,1,3149.0,216,4,3149.3,56,2,3149.4,24,1,3149.5,43,2
2031,2026-06-16 13:56:24+05:30,3148.9,1,3132.7,2625305,132390.0,201931.0,3163.0,3163.0,3108.0,3134.3,32011600,3447.7,2820.9,3839.9,2896.0,3148.8,17,3,3148.5,3,2,3148.4,42,2,3148.3,2,2,3148.2,1,1,3149.0,37,3,3149.1,179,1,3149.4,24,1,3149.5,43,2,3149.6,56,2
2031,2026-06-16 13:56:25+05:30,3148.9,1,3132.7,2625305,132390.0,201931.0,3163.0,3163.0,3108.0,3134.3,32011600,3447.7,2820.9,3839.9,2896.0,3148.8,17,3,3148.5,3,2,3148.4,42,2,3148.3,2,2,3148.2,1,1,3149.0,37,3,3149.1,179,1,3149.4,24,1,3149.5,43,2,3149.6,56,2
2031,2026-06-16 13:56:25+05:30,3149.0,9,3132.7,2625305,132390.0,201931.0,3163.0,3163.0,3108.0,3134.3,32011600,3447.7,2820.9,3839.9,2896.0,3148.8,17,3,3148.5,3,2,3148.4,42,2,3148.3,2,2,3148.2,1,1,3149.0,37,3,3149.1,179,1,3149.4,24,1,3149.5,43,2,3149.6,56,2
2031,2026-06-16 13:56:25+05:30,3149.0,9,3132.7,2625314,132422.0,201858.0,3163.0,3163.0,3108.0,3134.3,32011600,3447.7,2820.9,3839.9,2896.0,3148.8,16,2,3148.5,3,2,3148.4,42,2,3148.3,2,2,3148.2,41,2,3149.0,28,3,3149.1,179,1,3149.4,24,1,3149.5,43,2,3149.6,24,1
2031,2026-06-16 13:56:26+05:30,3149.0,5,3132.7,2625314,132422.0,201858.0,3163.0,3163.0,3108.0,3134.3,32011600,3447.7,2820.9,3839.9,2896.0,3148.8,16,2,3148.5,3,2,3148.4,42,2,3148.3,2,2,3148.2,41,2,3149.0,28,3,3149.1,179,1,3149.4,24,1,3149.5,43,2,3149.6,24,1
2031,2026-06-16 13:56:26+05:30,3149.0,5,3132.7,2625376,132994.0,201545.0,3163.0,3163.0,3108.0,3134.3,32011600,3447.7,2820.9,3839.9,2896.0,3149.0,9,1,3148.8,8,2,3148.5,3,2,3148.4,42,2,3148.3,86,4,3149.4,179,1,3149.5,10,1,3149.6,52,2,3149.7,319,3,3149.8,86,3
2031,2026-06-16 13:56:27+05:30,3149.0,5,3132.7,2625376,132994.0,201545.0,3163.0,3163.0,3108.0,3134.3,32011600,3447.7,2820.9,3839.9,2896.0,3149.0,9,1,3148.8,8,2,3148.5,3,2,3148.4,42,2,3148.3,86,4,3149.4,179,1,3149.5,10,1,3149.6,52,2,3149.7,319,3,3149.8,86,3
2031,2026-06-16 13:56:27+05:30,3149.0,5,3132.7,2625376,132702.0,201654.0,3163.0,3163.0,3108.0,3134.3,32011600,3447.7,2820.9,3839.9,2896.0,3148.8,8,2,3148.5,3,2,3148.4,42,2,3148.3,2,2,3148.2,1,1,3149.2,179,1,3149.3,44,1,3149.4,67,3,3149.5,10,1,3149.6,397,5
2031,2026-06-16 13:56:28+05:30,3149.1,1,3132.7,2625376,132702.0,201654.0,3163.0,3163.0,3108.0,3134.3,32011600,3447.7,2820.9,3839.9,2896.0,3148.8,8,2,3148.5,3,2,3148.4,42,2,3148.3,2,2,3148.2,1,1,3149.2,179,1,3149.3,44,1,3149.4,67,3,3149.5,10,1,3149.6,397,5
2031,2026-06-16 13:56:28+05:30,3149.1,1,3132.7,2625377,132674.0,201839.0,3163.0,3163.0,3108.0,3134.3,32011600,3447.7,2820.9,3839.9,2896.0,3148.8,8,2,3148.5,3,2,3148.4,11,1,3148.3,2,2,3148.2,1,1,3149.1,178,1,3149.2,44,2,3149.3,44,1,3149.4,98,4,3149.5,325,3
2031,2026-06-16 13:56:29+05:30,3148.9,1,3132.7,2625377,132674.0,201839.0,3163.0,3163.0,3108.0,3134.3,32011600,3447.7,2820.9,3839.9,2896.0,3148.8,8,2,3148.5,3,2,3148.4,11,1,3148.3,2,2,3148.2,1,1,3149.1,178,1,3149.2,44,2,3149.3,44,1,3149.4,98,4,3149.5,325,3
2031,2026-06-16 13:56:29+05:30,3148.9,1,3132.7,2625377,132674.0,201839.0,3163.0,3163.0,3108.0,3134.3,32011600,3447.7,2820.9,3839.9,2896.0,3148.8,8,2,3148.5,3,2,3148.4,11,1,3148.3,2,2,3148.2,1,1,3149.1,178,1,3149.2,44,2,3149.3,44,1,3149.4,98,4,3149.5,325,3
2031,2026-06-16 13:56:29+05:30,3148.9,1,3132.7,2625520,132590.0,201582.0,3163.0,3163.0,3108.0,3134.3,32011600,3447.7,2820.9,3839.9,2896.0,3148.8,7,2,3148.5,3,2,3148.4,12,2,3148.3,9,3,3148.2,56,3,3148.9,36,1,3149.0,80,1,3149.2,25,1,3149.3,44,1,3149.5,10,1
2031,2026-06-16 13:56:30+05:30,3148.9,2,3132.7,2625520,132590.0,201582.0,3163.0,3163.0,3108.0,3134.3,32011600,3447.7,2820.9,3839.9,2896.0,3148.8,7,2,3148.5,3,2,3148.4,12,2,3148.3,9,3,3148.2,56,3,3148.9,36,1,3149.0,80,1,3149.2,25,1,3149.3,44,1,3149.5,10,1
2031,2026-06-16 13:56:30+05:30,3148.9,2,3132.71,2627026,132335.0,200387.0,3163.0,3163.0,3108.0,3134.3,32011600,3447.7,2820.9,3839.9,2896.0,3148.8,14,5,3148.5,6,3,3148.4,51,2,3148.3,9,3,3148.2,40,1,3148.9,21,1,3149.3,200,1,3149.8,5,2,3149.9,121,5,3150.0,3078,36
2031,2026-06-16 13:56:31+05:30,3148.9,11,3132.71,2627026,132335.0,200387.0,3163.0,3163.0,3108.0,3134.3,32011600,3447.7,2820.9,3839.9,2896.0,3148.8,14,5,3148.5,6,3,3148.4,51,2,3148.3,9,3,3148.2,40,1,3148.9,21,1,3149.3,200,1,3149.8,5,2,3149.9,121,5,3150.0,3078,36
2031,2026-06-16 13:56:31+05:30,3148.9,11,3132.71,2627037,132594.0,200526.0,3163.0,3163.0,3108.0,3134.3,32011600,3447.7,2820.9,3839.9,2896.0,3148.8,73,6,3148.7,12,1,3148.5,23,5,3148.4,59,3,3148.3,11,4,3148.9,10,1,3149.3,200,1,3149.9,255,3,3150.0,3034,35,3150.1,100,2
2031,2026-06-16 13:56:32+05:30,3148.9,11,3132.71,2627037,132594.0,200526.0,3163.0,3163.0,3108.0,3134.3,32011600,3447.7,2820.9,3839.9,2896.0,3148.8,73,6,3148.7,12,1,3148.5,23,5,3148.4,59,3,3148.3,11,4,3148.9,10,1,3149.3,200,1,3149.9,255,3,3150.0,3034,35,3150.1,100,2
2031,2026-06-16 13:56:32+05:30,3148.9,11,3132.71,2627037,132610.0,200753.0,3163.0,3163.0,3108.0,3134.3,32011600,3447.7,2820.9,3839.9,2896.0,3148.8,73,6,3148.7,26,3,3148.5,11,4,3148.4,73,4,3148.3,11,4,3148.9,10,1,3149.2,200,1,3149.8,200,1,3149.9,15,1,3150.0,3034,35
2031,2026-06-16 13:56:33+05:30,3148.9,11,3132.71,2627037,132610.0,200753.0,3163.0,3163.0,3108.0,3134.3,32011600,3447.7,2820.9,3839.9,2896.0,3148.8,73,6,3148.7,26,3,3148.5,11,4,3148.4,73,4,3148.3,11,4,3148.9,10,1,3149.2,200,1,3149.8,200,1,3149.9,15,1,3150.0,3034,35
2031,2026-06-16 13:56:33+05:30,3148.9,11,3132.71,2627037,132401.0,200948.0,3163.0,3163.0,3108.0,3134.3,32011600,3447.7,2820.9,3839.9,2896.0,3148.8,73,6,3148.7,12,1,3148.5,11,4,3148.4,79,5,3148.3,11,4,3148.9,11,2,3149.2,200,1,3149.8,200,1,3149.9,15,1,3150.0,3034,35
2031,2026-06-16 13:56:34+05:30,3148.9,34,3132.71,2627037,132401.0,200948.0,3163.0,3163.0,3108.0,3134.3,32011600,3447.7,2820.9,3839.9,2896.0,3148.8,73,6,3148.7,12,1,3148.5,11,4,3148.4,79,5,3148.3,11,4,3148.9,11,2,3149.2,200,1,3149.8,200,1,3149.9,15,1,3150.0,3034,35
2031,2026-06-16 13:56:34+05:30,3148.9,34,3132.72,2627107,132599.0,200941.0,3163.0,3163.0,3108.0,3134.3,32011600,3447.7,2820.9,3839.9,2896.0,3148.9,14,1,3148.8,69,4,3148.5,6,3,3148.4,57,3,3148.3,9,3,3149.1,10,1,3149.2,200,1,3149.8,200,1,3149.9,92,3,3150.0,3061,36
2031,2026-06-16 13:56:35+05:30,3148.9,34,3132.72,2627107,132599.0,200941.0,3163.0,3163.0,3108.0,3134.3,32011600,3447.7,2820.9,3839.9,2896.0,3148.9,14,1,3148.8,69,4,3148.5,6,3,3148.4,57,3,3148.3,9,3,3149.1,10,1,3149.2,200,1,3149.8,200,1,3149.9,92,3,3150.0,3061,36
2031,2026-06-16 13:56:35+05:30,3149.1,1,3132.72,2627107,132599.0,200941.0,3163.0,3163.0,3108.0,3134.3,32011600,3447.7,2820.9,3839.9,2896.0,3148.9,14,1,3148.8,69,4,3148.5,6,3,3148.4,57,3,3148.3,9,3,3149.1,10,1,3149.2,200,1,3149.8,200,1,3149.9,92,3,3150.0,3061,36
2031,2026-06-16 13:56:35+05:30,3149.1,1,3132.72,2627109,132518.0,201006.0,3163.0,3163.0,3108.0,3134.3,32011600,3447.7,2820.9,3839.9,2896.0,3148.9,75,3,3148.8,54,3,3148.5,6,3,3148.4,71,4,3148.3,43,5,3149.1,8,1,3149.2,200,1,3149.8,200,1,3149.9,15,1,3150.0,3061,36
2031,2026-06-16 13:56:35+05:30,3149.1,1,3132.72,2627109,132518.0,201006.0,3163.0,3163.0,3108.0,3134.3,32011600,3447.7,2820.9,3839.9,2896.0,3148.9,75,3,3148.8,54,3,3148.5,6,3,3148.4,71,4,3148.3,43,5,3149.1,8,1,3149.2,200,1,3149.8,200,1,3149.9,15,1,3150.0,3061,36
2031,2026-06-16 13:56:36+05:30,3149.1,1,3132.72,2627109,132518.0,201006.0,3163.0,3163.0,3108.0,3134.3,32011600,3447.7,2820.9,3839.9,2896.0,3148.9,75,3,3148.8,54,3,3148.5,6,3,3148.4,71,4,3148.3,43,5,3149.1,8,1,3149.2,200,1,3149.8,200,1,3149.9,15,1,3150.0,3061,36
2031,2026-06-16 13:56:36+05:30,3148.9,11,3132.72,2627109,132518.0,201006.0,3163.0,3163.0,3108.0,3134.3,32011600,3447.7,2820.9,3839.9,2896.0,3148.9,75,3,3148.8,54,3,3148.5,6,3,3148.4,71,4,3148.3,43,5,3149.1,8,1,3149.2,200,1,3149.8,200,1,3149.9,15,1,3150.0,3061,36
2031,2026-06-16 13:56:36+05:30,3148.9,11,3132.72,2627312,132697.0,200411.0,3163.0,3163.0,3108.0,3134.3,32011600,3447.7,2820.9,3839.9,2896.0,3148.9,73,6,3148.8,79,7,3148.6,35,3,3148.5,92,8,3148.4,71,5,3149.2,16,1,3149.9,3,1,3150.0,3028,34,3150.1,200,1,3150.2,74,3
2031,2026-06-16 13:56:36+05:30,3148.9,11,3132.72,2627312,132697.0,200411.0,3163.0,3163.0,3108.0,3134.3,32011600,3447.7,2820.9,3839.9,2896.0,3148.9,73,6,3148.8,79,7,3148.6,35,3,3148.5,92,8,3148.4,71,5,3149.2,16,1,3149.9,3,1,3150.0,3028,34,3150.1,200,1,3150.2,74,3
2031,2026-06-16 13:56:37+05:30,3148.9,11,3132.72,2627312,132697.0,200411.0,3163.0,3163.0,3108.0,3134.3,32011600,3447.7,2820.9,3839.9,2896.0,3148.9,73,6,3148.8,79,7,3148.6,35,3,3148.5,92,8,3148.4,71,5,3149.2,16,1,3149.9,3,1,3150.0,3028,34,3150.1,200,1,3150.2,74,3
2031,2026-06-16 13:56:37+05:30,3148.9,4,3132.72,2627312,132697.0,200411.0,3163.0,3163.0,3108.0,3134.3,32011600,3447.7,2820.9,3839.9,2896.0,3148.9,73,6,3148.8,79,7,3148.6,35,3,3148.5,92,8,3148.4,71,5,3149.2,16,1,3149.9,3,1,3150.0,3028,34,3150.1,200,1,3150.2,74,3
2031,2026-06-16 13:56:37+05:30,3148.9,4,3132.72,2627328,132977.0,201203.0,3163.0,3163.0,3108.0,3134.3,32011600,3447.7,2820.9,3839.9,2896.0,3148.9,71,3,3148.8,68,4,3148.7,44,1,3148.6,21,2,3148.5,50,6,3149.7,200,1,3149.8,82,1,3149.9,10,1,3150.0,3032,35,3150.1,200,1
2031,2026-06-16 13:56:38+05:30,3148.9,4,3132.72,2627328,132977.0,201203.0,3163.0,3163.0,3108.0,3134.3,32011600,3447.7,2820.9,3839.9,2896.0,3148.9,71,3,3148.8,68,4,3148.7,44,1,3148.6,21,2,3148.5,50,6,3149.7,200,1,3149.8,82,1,3149.9,10,1,3150.0,3032,35,3150.1,200,1
2031,2026-06-16 13:56:38+05:30,3148.9,1,3132.72,2627328,132977.0,201203.0,3163.0,3163.0,3108.0,3134.3,32011600,3447.7,2820.9,3839.9,2896.0,3148.9,71,3,3148.8,68,4,3148.7,44,1,3148.6,21,2,3148.5,50,6,3149.7,200,1,3149.8,82,1,3149.9,10,1,3150.0,3032,35,3150.1,200,1
2031,2026-06-16 13:56:38+05:30,3148.9,1,3132.72,2627329,132990.0,201165.0,3163.0,3163.0,3108.0,3134.3,32011600,3447.7,2820.9,3839.9,2896.0,3149.1,17,1,3148.9,54,3,3148.8,63,3,3148.6,50,4,3148.5,36,5,3149.6,200,1,3149.7,78,1,3149.8,7,1,3150.0,3018,34,3150.1,200,1
2031,2026-06-16 13:56:39+05:30,3148.9,1,3132.72,2627329,132990.0,201165.0,3163.0,3163.0,3108.0,3134.3,32011600,3447.7,2820.9,3839.9,2896.0,3149.1,17,1,3148.9,54,3,3148.8,63,3,3148.6,50,4,3148.5,36,5,3149.6,200,1,3149.7,78,1,3149.8,7,1,3150.0,3018,34,3150.1,200,1
2031,2026-06-16 13:56:39+05:30,3148.9,1,3132.72,2627329,132852.0,201479.0,3163.0,3163.0,3108.0,3134.3,32011600,3447.7,2820.9,3839.9,2896.0,3149.1,17,1,3148.9,51,2,3148.8,63,3,3148.6,7,1,3148.5,50,6,3149.6,200,1,3149.7,278,2,3149.8,7,1,3149.9,3,1,3150.0,3269,37
2031,2026-06-16 13:56:39+05:30,3148.9,1,3132.72,2627329,132852.0,201479.0,3163.0,3163.0,3108.0,3134.3,32011600,3447.7,2820.9,3839.9,2896.0,3149.1,17,1,3148.9,51,2,3148.8,63,3,3148.6,7,1,3148.5,50,6,3149.6,200,1,3149.7,278,2,3149.8,7,1,3149.9,3,1,3150.0,3269,37
2031,2026-06-16 13:56:40+05:30,3148.9,1,3132.72,2627329,132852.0,201479.0,3163.0,3163.0,3108.0,3134.3,32011600,3447.7,2820.9,3839.9,2896.0,3149.1,17,1,3148.9,51,2,3148.8,63,3,3148.6,7,1,3148.5,50,6,3149.6,200,1,3149.7,278,2,3149.8,7,1,3149.9,3,1,3150.0,3269,37
2031,2026-06-16 13:56:40+05:30,3149.5,30,3132.72,2627329,132852.0,201479.0,3163.0,3163.0,3108.0,3134.3,32011600,3447.7,2820.9,3839.9,2896.0,3149.1,17,1,3148.9,51,2,3148.8,63,3,3148.6,7,1,3148.5,50,6,3149.6,200,1,3149.7,278,2,3149.8,7,1,3149.9,3,1,3150.0,3269,37
2031,2026-06-16 13:56:40+05:30,3149.5,30,3132.72,2627367,132475.0,201294.0,3163.0,3163.0,3108.0,3134.3,32011600,3447.7,2820.9,3839.9,2896.0,3149.3,15,1,3149.1,58,1,3149.0,28,2,3148.9,51,2,3148.8,99,5,3149.5,162,1,3149.6,112,3,3149.7,7,1,3149.8,207,2,3150.0,2998,33
2031,2026-06-16 13:56:41+05:30,3149.5,30,3132.72,2627367,132475.0,201294.0,3163.0,3163.0,3108.0,3134.3,32011600,3447.7,2820.9,3839.9,2896.0,3149.3,15,1,3149.1,58,1,3149.0,28,2,3148.9,51,2,3148.8,99,5,3149.5,162,1,3149.6,112,3,3149.7,7,1,3149.8,207,2,3150.0,2998,33
2031,2026-06-16 13:56:41+05:30,3149.5,1,3132.72,2627367,132475.0,201294.0,3163.0,3163.0,3108.0,3134.3,32011600,3447.7,2820.9,3839.9,2896.0,3149.3,15,1,3149.1,58,1,3149.0,28,2,3148.9,51,2,3148.8,99,5,3149.5,162,1,3149.6,112,3,3149.7,7,1,3149.8,207,2,3150.0,2998,33
2031,2026-06-16 13:56:41+05:30,3149.5,1,3132.72,2627519,132223.0,200983.0,3163.0,3163.0,3108.0,3134.3,32011600,3447.7,2820.9,3839.9,2896.0,3149.1,77,3,3149.0,6,1,3148.9,68,4,3148.8,78,4,3148.7,15,1,3149.5,15,1,3149.6,142,4,3149.7,7,1,3149.8,7,1,3150.0,2994,32
2031,2026-06-16 13:56:42+05:30,3149.5,1,3132.72,2627519,132223.0,200983.0,3163.0,3163.0,3108.0,3134.3,32011600,3447.7,2820.9,3839.9,2896.0,3149.1,77,3,3149.0,6,1,3148.9,68,4,3148.8,78,4,3148.7,15,1,3149.5,15,1,3149.6,142,4,3149.7,7,1,3149.8,7,1,3150.0,2994,32
2031,2026-06-16 13:56:42+05:30,3149.1,15,3132.72,2627519,132223.0,200983.0,3163.0,3163.0,3108.0,3134.3,32011600,3447.7,2820.9,3839.9,2896.0,3149.1,77,3,3149.0,6,1,3148.9,68,4,3148.8,78,4,3148.7,15,1,3149.5,15,1,3149.6,142,4,3149.7,7,1,3149.8,7,1,3150.0,2994,32
2031,2026-06-16 13:56:42+05:30,3149.1,15,3132.72,2627534,132258.0,201208.0,3163.0,3163.0,3108.0,3134.3,32011600,3447.7,2820.9,3839.9,2896.0,3149.1,59,2,3148.9,51,2,3148.8,88,5,3148.7,22,2,3148.6,21,2,3149.5,19,1,3149.6,116,3,3149.7,207,2,3149.8,7,1,3150.0,2994,32
2031,2026-06-16 13:56:43+05:30,3149.1,15,3132.72,2627534,132258.0,201208.0,3163.0,3163.0,3108.0,3134.3,32013200,3447.7,2820.9,3839.9,2896.0,3149.1,59,2,3148.9,51,2,3148.8,88,5,3148.7,22,2,3148.6,21,2,3149.5,19,1,3149.6,116,3,3149.7,207,2,3149.8,7,1,3150.0,2994,32
2031,2026-06-16 13:56:43+05:30,3149.6,4,3132.72,2627534,132258.0,201208.0,3163.0,3163.0,3108.0,3134.3,32013200,3447.7,2820.9,3839.9,2896.0,3149.1,59,2,3148.9,51,2,3148.8,88,5,3148.7,22,2,3148.6,21,2,3149.5,19,1,3149.6,116,3,3149.7,207,2,3149.8,7,1,3150.0,2994,32
2031,2026-06-16 13:56:43+05:30,3149.6,4,3132.72,2627558,132687.0,201106.0,3163.0,3163.0,3108.0,3134.3,32013200,3447.7,2820.9,3839.9,2896.0,3149.3,17,1,3149.1,43,1,3149.0,12,1,3148.9,65,3,3148.8,83,5,3149.5,7,1,3149.6,112,3,3149.7,207,2,3149.8,7,1,3150.0,2977,31
2031,2026-06-16 13:56:44+05:30,3149.4,107,3132.72,2627558,132687.0,201106.0,3163.0,3163.0,3108.0,3134.3,32013200,3447.7,2820.9,3839.9,2896.0,3149.3,17,1,3149.1,43,1,3149.0,12,1,3148.9,65,3,3148.8,83,5,3149.5,7,1,3149.6,112,3,3149.7,207,2,3149.8,7,1,3150.0,2977,31
2031,2026-06-16 13:56:44+05:30,3149.4,107,3132.72,2627665,132679.0,201035.0,3163.0,3163.0,3108.0,3134.3,32013200,3447.7,2820.9,3839.9,2896.0,3149.4,16,1,3149.3,1,1,3149.1,57,2,3149.0,42,3,3148.9,105,4,3149.5,7,1,3149.6,63,3,3149.7,207,2,3149.8,7,1,3150.0,2977,31
2031,2026-06-16 13:56:45+05:30,3149.4,6,3132.72,2627665,132679.0,201035.0,3163.0,3163.0,3108.0,3134.3,32013200,3447.7,2820.9,3839.9,2896.0,3149.4,16,1,3149.3,1,1,3149.1,57,2,3149.0,42,3,3148.9,105,4,3149.5,7,1,3149.6,63,3,3149.7,207,2,3149.8,7,1,3150.0,2977,31
2031,2026-06-16 13:56:45+05:30,3149.4,6,3132.72,2627696,132861.0,200975.0,3163.0,3163.0,3108.0,3134.3,32013200,3447.7,2820.9,3839.9,2896.0,3149.4,73,5,3149.3,1,1,3149.2,42,3,3149.1,75,3,3149.0,34,4,3149.5,2,2,3149.6,65,4,3149.7,209,3,3149.8,8,2,3150.0,2977,31
2031,2026-06-16 13:56:46+05:30,3149.4,9,3132.72,2627696,132861.0,200975.0,3163.0,3163.0,3108.0,3134.3,32013200,3447.7,2820.9,3839.9,2896.0,3149.4,73,5,3149.3,1,1,3149.2,42,3,3149.1,75,3,3149.0,34,4,3149.5,2,2,3149.6,65,4,3149.7,209,3,3149.8,8,2,3150.0,2977,31
2031,2026-06-16 13:56:46+05:30,3149.4,9,3132.72,2627705,132820.0,201011.0,3163.0,3163.0,3108.0,3134.3,32013200,3447.7,2820.9,3839.9,2896.0,3149.4,64,5,3149.3,1,1,3149.2,42,3,3149.1,60,2,3149.0,34,4,3149.5,2,2,3149.6,65,4,3149.7,209,3,3149.8,8,2,3150.0,2977,31
2031,2026-06-16 13:56:47+05:30,3149.3,1,3132.72,2627799,132608.0,201163.0,3163.0,3163.0,3108.0,3134.3,32013200,3447.7,2820.9,3839.9,2896.0,3149.3,15,2,3149.2,28,2,3149.1,43,1,3149.0,14,1,3148.9,60,2,3149.4,108,1,3149.5,2,2,3149.6,65,4,3149.7,9,2,3149.8,201,2
2031,2026-06-16 13:56:47+05:30,3149.3,37,3132.72,2627799,132608.0,201163.0,3163.0,3163.0,3108.0,3134.3,32013200,3447.7,2820.9,3839.9,2896.0,3149.3,15,2,3149.2,28,2,3149.1,43,1,3149.0,14,1,3148.9,60,2,3149.4,108,1,3149.5,2,2,3149.6,65,4,3149.7,9,2,3149.8,201,2
2031,2026-06-16 13:56:48+05:30,3149.6,1,3132.72,2627909,132606.0,201202.0,3163.0,3163.0,3108.0,3134.3,32013200,3447.7,2820.9,3839.9,2896.0,3149.3,59,2,3149.2,43,3,3149.1,43,1,3149.0,28,2,3148.9,47,1,3149.6,64,4,3149.7,209,3,3149.8,1,1,3150.0,3006,33,3150.3,255,3
2031,2026-06-16 13:56:48+05:30,3149.6,1,3132.72,2627909,132606.0,201202.0,3163.0,3163.0,3108.0,3134.3,32013200,3447.7,2820.9,3839.9,2896.0,3149.3,59,2,3149.2,43,3,3149.1,43,1,3149.0,28,2,3148.9,47,1,3149.6,64,4,3149.7,209,3,3149.8,1,1,3150.0,3006,33,3150.3,255,3
2031,2026-06-16 13:56:49+05:30,3149.6,3,3132.72,2627930,132541.0,200936.0,3163.0,3163.0,3108.0,3134.3,32013200,3447.7,2820.9,3839.9,2896.0,3149.3,62,3,3149.2,29,2,3149.1,43,1,3149.0,28,2,3148.9,65,2,3149.6,62,4,3149.7,209,3,3149.8,1,1,3150.0,3006,33,3150.3,255,3
2031,2026-06-16 13:56:49+05:30,3149.6,3,3132.72,2627930,132541.0,200936.0,3163.0,3163.0,3108.0,3134.3,32013200,3447.7,2820.9,3839.9,2896.0,3149.3,62,3,3149.2,29,2,3149.1,43,1,3149.0,28,2,3148.9,65,2,3149.6,62,4,3149.7,209,3,3149.8,1,1,3150.0,3006,33,3150.3,255,3
2031,2026-06-16 13:56:50+05:30,3149.3,13,3132.72,2627983,132355.0,201037.0,3163.0,3163.0,3108.0,3134.3,32013200,3447.7,2820.9,3839.9,2896.0,3149.3,21,2,3149.2,29,2,3149.1,43,1,3148.9,47,1,3148.8,12,2,3149.6,51,3,3149.7,209,3,3149.8,1,1,3150.0,3006,33,3150.2,42,1
2031,2026-06-16 13:56:50+05:30,3149.6,1,3132.72,2627983,132355.0,201037.0,3163.0,3163.0,3108.0,3134.3,32013200,3447.7,2820.9,3839.9,2896.0,3149.3,21,2,3149.2,29,2,3149.1,43,1,3148.9,47,1,3148.8,12,2,3149.6,51,3,3149.7,209,3,3149.8,1,1,3150.0,3006,33,3150.2,42,1
2031,2026-06-16 13:56:51+05:30,3149.6,3,3132.72,2628008,132664.0,201254.0,3163.0,3163.0,3108.0,3134.3,32013200,3447.7,2820.9,3839.9,2896.0,3149.6,2,1,3149.3,38,3,3149.2,29,2,3149.1,50,2,3148.9,49,2,3149.7,209,3,3149.8,1,1,3150.0,3181,34,3150.2,68,2,3150.3,273,4
2031,2026-06-16 13:56:51+05:30,3149.6,3,3132.72,2628008,132664.0,201254.0,3163.0,3163.0,3108.0,3134.3,32013200,3447.7,2820.9,3839.9,2896.0,3149.6,2,1,3149.3,38,3,3149.2,29,2,3149.1,50,2,3148.9,49,2,3149.7,209,3,3149.8,1,1,3150.0,3181,34,3150.2,68,2,3150.3,273,4
2031,2026-06-16 13:56:52+05:30,3149.6,2,3132.72,2628017,132591.0,201448.0,3163.0,3163.0,3108.0,3134.3,32013200,3447.7,2820.9,3839.9,2896.0,3149.3,38,3,3149.2,29,2,3149.1,50,2,3148.9,2,1,3148.8,3,1,3149.6,198,1,3149.7,30,3,3149.8,1,1,3149.9,14,1,3150.0,3215,36
2031,2026-06-16 13:56:52+05:30,3149.6,2,3132.72,2628017,132591.0,201448.0,3163.0,3163.0,3108.0,3134.3,32013200,3447.7,2820.9,3839.9,2896.0,3149.3,38,3,3149.2,29,2,3149.1,50,2,3148.9,2,1,3148.8,3,1,3149.6,198,1,3149.7,30,3,3149.8,1,1,3149.9,14,1,3150.0,3215,36
2031,2026-06-16 13:56:53+05:30,3149.6,1,3132.72,2628018,132542.0,201527.0,3163.0,3163.0,3108.0,3134.3,32013200,3447.7,2820.9,3839.9,2896.0,3149.4,16,1,3149.3,6,1,3149.2,29,2,3149.1,50,2,3148.9,2,1,3149.6,227,2,3149.7,49,4,3149.8,26,2,3149.9,14,1,3150.0,3214,36
2031,2026-06-16 13:56:53+05:30,3149.6,3,3132.72,2628018,132542.0,201527.0,3163.0,3163.0,3108.0,3134.3,32013200,3447.7,2820.9,3839.9,2896.0,3149.4,16,1,3149.3,6,1,3149.2,29,2,3149.1,50,2,3148.9,2,1,3149.6,227,2,3149.7,49,4,3149.8,26,2,3149.9,14,1,3150.0,3214,36
2031,2026-06-16 13:56:54+05:30,3149.4,31,3132.72,2628226,132421.0,201691.0,3163.0,3163.0,3108.0,3134.3,32013200,3447.7,2820.9,3839.9,2896.0,3149.4,41,2,3149.3,6,1,3149.2,15,1,3149.1,50,2,3148.7,21,1,3149.5,200,1,3149.6,251,3,3149.7,3,2,3149.8,45,3,3149.9,4,1
2031,2026-06-16 13:56:54+05:30,3149.5,1,3132.72,2628226,132421.0,201691.0,3163.0,3163.0,3108.0,3134.3,32013200,3447.7,2820.9,3839.9,2896.0,3149.4,41,2,3149.3,6,1,3149.2,15,1,3149.1,50,2,3148.7,21,1,3149.5,200,1,3149.6,251,3,3149.7,3,2,3149.8,45,3,3149.9,4,1
2031,2026-06-16 13:56:55+05:30,3149.5,5,3132.72,2628235,132522.0,201524.0,3163.0,3163.0,3108.0,3134.3,32013200,3447.7,2820.9,3839.9,2896.0,3149.4,43,4,3149.3,6,1,3149.2,15,1,3149.1,50,2,3148.8,14,1,3149.5,191,1,3149.6,251,3,3149.7,3,2,3149.8,1,1,3149.9,4,1
2031,2026-06-16 13:56:55+05:30,3149.5,5,3132.72,2628235,132522.0,201524.0,3163.0,3163.0,3108.0,3134.3,32013200,3447.7,2820.9,3839.9,2896.0,3149.4,43,4,3149.3,6,1,3149.2,15,1,3149.1,50,2,3148.8,14,1,3149.5,191,1,3149.6,251,3,3149.7,3,2,3149.8,1,1,3149.9,4,1
2031,2026-06-16 13:56:56+05:30,3149.4,1,3132.72,2628237,132509.0,201508.0,3163.0,3163.0,3108.0,3134.3,32013200,3447.7,2820.9,3839.9,2896.0,3149.4,42,4,3149.3,6,1,3149.2,15,1,3149.1,50,2,3148.8,14,1,3149.5,190,1,3149.6,224,2,3149.7,3,2,3149.8,1,1,3150.0,3165,34
2031,2026-06-16 13:56:56+05:30,3149.4,9,3132.72,2628237,132509.0,201508.0,3163.0,3163.0,3108.0,3134.3,32013200,3447.7,2820.9,3839.9,2896.0,3149.4,42,4,3149.3,6,1,3149.2,15,1,3149.1,50,2,3148.8,14,1,3149.5,190,1,3149.6,224,2,3149.7,3,2,3149.8,1,1,3150.0,3165,34
2031,2026-06-16 13:56:57+05:30,3149.4,9,3132.72,2628246,132654.0,201479.0,3163.0,3163.0,3108.0,3134.3,32013200,3447.7,2820.9,3839.9,2896.0,3149.4,83,5,3149.3,6,1,3149.2,15,1,3149.1,50,2,3148.9,5,1,3149.5,218,3,3149.6,30,1,3149.7,197,3,3149.8,1,1,3150.0,3202,34
2031,2026-06-16 13:56:58+05:30,3149.4,9,3132.72,2628246,132704.0,201458.0,3163.0,3163.0,3108.0,3134.3,32013200,3447.7,2820.9,3839.9,2896.0,3149.4,113,7,3149.3,6,1,3149.1,50,2,3148.9,5,1,3148.8,14,1,3149.5,219,4,3149.6,30,1,3149.7,197,3,3149.8,1,1,3150.0,3162,33
2031,2026-06-16 13:56:59+05:30,3149.4,9,3132.72,2628246,132721.0,201458.0,3163.0,3163.0,3108.0,3134.3,32013200,3447.7,2820.9,3839.9,2896.0,3149.4,100,6,3149.3,6,1,3149.2,15,1,3149.1,50,2,3148.9,5,1,3149.5,219,4,3149.6,30,1,3149.7,197,3,3149.8,1,1,3150.0,3162,33
2031,2026-06-16 13:56:59+05:30,3149.4,17,3132.72,2628246,132721.0,201458.0,3163.0,3163.0,3108.0,3134.3,32013200,3447.7,2820.9,3839.9,2896.0,3149.4,100,6,3149.3,6,1,3149.2,15,1,3149.1,50,2,3148.9,5,1,3149.5,219,4,3149.6,30,1,3149.7,197,3,3149.8,1,1,3150.0,3162,33
2031,2026-06-16 13:57:00+05:30,3149.4,17,3132.72,2628446,132473.0,201479.0,3163.0,3163.0,3108.0,3134.3,32013200,3447.7,2820.9,3839.9,2896.0,3149.4,20,3,3149.3,6,1,3149.2,15,1,3149.1,50,2,3148.9,5,1,3149.5,220,5,3149.6,224,2,3149.7,3,2,3149.8,1,1,3150.0,3196,35
2031,2026-06-16 13:57:00+05:30,3149.4,1,3132.72,2628446,132473.0,201479.0,3163.0,3163.0,3108.0,3134.3,32013200,3447.7,2820.9,3839.9,2896.0,3149.4,20,3,3149.3,6,1,3149.2,15,1,3149.1,50,2,3148.9,5,1,3149.5,220,5,3149.6,224,2,3149.7,3,2,3149.8,1,1,3150.0,3196,35
2031,2026-06-16 13:57:01+05:30,3149.4,1,3132.72,2628492,132433.0,201435.0,3163.0,3163.0,3108.0,3134.3,32013200,3447.7,2820.9,3839.9,2896.0,3149.4,19,3,3149.3,6,1,3149.2,15,1,3149.1,50,2,3148.9,5,1,3149.5,215,5,3149.6,224,2,3149.7,35,4,3149.8,26,2,3149.9,33,1
2031,2026-06-16 13:57:01+05:30,3149.4,1,3132.72,2628492,132433.0,201435.0,3163.0,3163.0,3108.0,3134.3,32013200,3447.7,2820.9,3839.9,2896.0,3149.4,19,3,3149.3,6,1,3149.2,15,1,3149.1,50,2,3148.9,5,1,3149.5,215,5,3149.6,224,2,3149.7,35,4,3149.8,26,2,3149.9,33,1
2031,2026-06-16 13:57:02+05:30,3149.1,43,3132.73,2628805,131102.0,201820.0,3163.0,3163.0,3108.0,3134.3,32013200,3447.7,2820.9,3839.9,2896.0,3148.9,5,1,3148.5,17,3,3148.4,24,2,3148.3,16,3,3148.1,20,1,3149.0,314,2,3149.2,208,2,3149.4,4,1,3149.5,300,7,3149.6,63,2
2031,2026-06-16 13:57:02+05:30,3148.5,1,3132.73,2628805,131102.0,201820.0,3163.0,3163.0,3108.0,3134.3,32013200,3447.7,2820.9,3839.9,2896.0,3148.9,5,1,3148.5,17,3,3148.4,24,2,3148.3,16,3,3148.1,20,1,3149.0,314,2,3149.2,208,2,3149.4,4,1,3149.5,300,7,3149.6,63,2
2031,2026-06-16 13:57:03+05:30,3149.0,165,3132.73,2628995,130931.0,201881.0,3163.0,3163.0,3108.0,3134.3,32013200,3447.7,2820.9,3839.9,2896.0,3148.5,16,2,3148.4,24,2,3148.3,16,3,3148.1,22,1,3148.0,28,3,3149.0,176,3,3149.2,194,1,3149.3,24,1,3149.4,4,1,3149.5,290,6
2031,2026-06-16 13:57:03+05:30,3149.0,165,3132.73,2628995,130931.0,201881.0,3163.0,3163.0,3108.0,3134.3,32013200,3447.7,2820.9,3839.9,2896.0,3148.5,16,2,3148.4,24,2,3148.3,16,3,3148.1,22,1,3148.0,28,3,3149.0,176,3,3149.2,194,1,3149.3,24,1,3149.4,4,1,3149.5,290,6
2031,2026-06-16 13:57:04+05:30,3149.0,62,3132.73,2629057,130874.0,202288.0,3163.0,3163.0,3108.0,3134.3,32013200,3447.7,2820.9,3839.9,2896.0,3148.5,16,2,3148.3,16,3,3148.1,3,1,3148.0,22,2,3147.9,88,4,3149.0,307,4,3149.3,26,1,3149.4,6,2,3149.5,273,5,3149.6,289,4
2031,2026-06-16 13:57:04+05:30,3149.0,62,3132.73,2629057,130874.0,202288.0,3163.0,3163.0,3108.0,3134.3,32013200,3447.7,2820.9,3839.9,2896.0,3148.5,16,2,3148.3,16,3,3148.1,3,1,3148.0,22,2,3147.9,88,4,3149.0,307,4,3149.3,26,1,3149.4,6,2,3149.5,273,5,3149.6,289,4
2031,2026-06-16 13:57:05+05:30,3148.5,1,3132.73,2629058,130828.0,202226.0,3163.0,3163.0,3108.0,3134.3,32013200,3447.7,2820.9,3839.9,2896.0,3148.5,15,2,3148.3,2,2,3148.1,3,1,3147.9,36,2,3147.8,31,2,3149.0,332,5,3149.2,50,2,3149.3,60,2,3149.4,45,2,3149.5,261,4
2031,2026-06-16 13:57:05+05:30,3148.5,1,3132.73,2629058,130828.0,202226.0,3163.0,3163.0,3108.0,3134.3,32013200,3447.7,2820.9,3839.9,2896.0,3148.5,15,2,3148.3,2,2,3148.1,3,1,3147.9,36,2,3147.8,31,2,3149.0,332,5,3149.2,50,2,3149.3,60,2,3149.4,45,2,3149.5,261,4
2031,2026-06-16 13:57:06+05:30,3148.5,10,3132.73,2629068,130423.0,202306.0,3163.0,3163.0,3108.0,3134.3,32013200,3447.7,2820.9,3839.9,2896.0,3148.5,5,2,3148.3,2,2,3147.9,36,2,3147.7,22,2,3147.6,34,3,3149.0,138,4,3149.1,228,2,3149.2,17,1,3149.3,26,1,3149.4,79,3
2031,2026-06-16 13:57:06+05:30,3148.9,1,3132.73,2629068,130423.0,202306.0,3163.0,3163.0,3108.0,3134.3,32013200,3447.7,2820.9,3839.9,2896.0,3148.5,5,2,3148.3,2,2,3147.9,36,2,3147.7,22,2,3147.6,34,3,3149.0,138,4,3149.1,228,2,3149.2,17,1,3149.3,26,1,3149.4,79,3
2031,2026-06-16 13:57:07+05:30,3147.4,7,3132.73,2629295,129495.0,202874.0,3163.0,3163.0,3108.0,3134.3,32013200,3447.7,2820.9,3839.9,2896.0,3147.5,24,2,3147.4,108,4,3147.3,31,2,3147.2,28,2,3147.1,45,4,3148.6,16,2,3148.7,229,5,3148.8,21,2,3148.9,54,4,3149.0,197,5
2031,2026-06-16 13:57:07+05:30,3148.6,1,3132.73,2629295,129495.0,202874.0,3163.0,3163.0,3108.0,3134.3,32013200,3447.7,2820.9,3839.9,2896.0,3147.5,24,2,3147.4,108,4,3147.3,31,2,3147.2,28,2,3147.1,45,4,3148.6,16,2,3148.7,229,5,3148.8,21,2,3148.9,54,4,3149.0,197,5
2031,2026-06-16 13:57:08+05:30,3148.6,1,3132.73,2629296,129122.0,202702.0,3163.0,3163.0,3108.0,3134.3,32013200,3447.7,2820.9,3839.9,2896.0,3147.5,25,3,3147.4,7,1,3147.3,83,5,3147.2,32,4,3147.1,297,5,3148.3,1,1,3148.5,10,1,3148.7,3,1,3148.8,194,1,3148.9,9,1
2031,2026-06-16 13:57:09+05:30,3147.3,3,3132.73,2629496,128552.0,201546.0,3163.0,3163.0,3108.0,3134.3,32013200,3447.7,2820.9,3839.9,2896.0,3147.3,24,4,3147.1,84,3,3147.0,53,6,3146.9,63,3,3146.8,46,3,3148.3,27,4,3148.5,255,6,3148.6,49,1,3148.9,43,2,3149.0,191,4
2031,2026-06-16 13:57:09+05:30,3147.3,3,3132.73,2629496,128552.0,201546.0,3163.0,3163.0,3108.0,3134.3,32013200,3447.7,2820.9,3839.9,2896.0,3147.3,24,4,3147.1,84,3,3147.0,53,6,3146.9,63,3,3146.8,46,3,3148.3,27,4,3148.5,255,6,3148.6,49,1,3148.9,43,2,3149.0,191,4
2031,2026-06-16 13:57:10+05:30,3147.3,1,3132.73,2629497,128646.0,203537.0,3163.0,3163.0,3108.0,3134.3,32013200,3447.7,2820.9,3839.9,2896.0,3147.3,23,4,3147.1,124,4,3147.0,53,6,3146.9,63,3,3146.8,52,4,3148.3,27,4,3148.5,238,5,3148.6,49,1,3148.8,4,1,3148.9,43,2
2031,2026-06-16 13:57:10+05:30,3147.3,1,3132.73,2629497,128646.0,203537.0,3163.0,3163.0,3108.0,3134.3,32013200,3447.7,2820.9,3839.9,2896.0,3147.3,23,4,3147.1,124,4,3147.0,53,6,3146.9,63,3,3146.8,52,4,3148.3,27,4,3148.5,238,5,3148.6,49,1,3148.8,4,1,3148.9,43,2
2031,2026-06-16 13:57:11+05:30,3147.3,1,3132.73,2629497,128861.0,202867.0,3163.0,3163.0,3108.0,3134.3,32013200,3447.7,2820.9,3839.9,2896.0,3147.3,34,6,3147.2,59,4,3147.1,69,2,3147.0,60,5,3146.9,263,4,3148.3,26,3,3148.5,39,3,3148.7,197,2,3148.9,40,1,3149.0,172,3
2031,2026-06-16 13:57:12+05:30,3148.3,1,3132.73,2629498,128960.0,202872.0,3163.0,3163.0,3108.0,3134.3,32013200,3447.7,2820.9,3839.9,2896.0,3147.3,84,7,3147.2,59,4,3147.1,71,3,3147.0,60,5,3146.9,263,4,3148.3,25,2,3148.5,39,3,3148.7,197,2,3148.9,40,1,3149.0,172,3
2031,2026-06-16 13:57:12+05:30,3148.3,1,3132.73,2629498,128960.0,202872.0,3163.0,3163.0,3108.0,3134.3,32013200,3447.7,2820.9,3839.9,2896.0,3147.3,84,7,3147.2,59,4,3147.1,71,3,3147.0,60,5,3146.9,263,4,3148.3,25,2,3148.5,39,3,3148.7,197,2,3148.9,40,1,3149.0,172,3
2031,2026-06-16 13:57:13+05:30,3147.4,2,3132.73,2629500,128950.0,203141.0,3163.0,3163.0,3108.0,3134.3,32013200,3447.7,2820.9,3839.9,2896.0,3147.4,15,1,3147.3,70,6,3147.2,48,3,3147.1,71,3,3147.0,78,6,3148.3,25,2,3148.5,39,3,3148.7,194,1,3148.9,43,2,3149.0,172,3
2031,2026-06-16 13:57:13+05:30,3147.4,2,3132.73,2629500,128950.0,203141.0,3163.0,3163.0,3108.0,3134.3,32013200,3447.7,2820.9,3839.9,2896.0,3147.4,15,1,3147.3,70,6,3147.2,48,3,3147.1,71,3,3147.0,78,6,3148.3,25,2,3148.5,39,3,3148.7,194,1,3148.9,43,2,3149.0,172,3
2031,2026-06-16 13:57:14+05:30,3147.4,2,3132.73,2629505,128963.0,203096.0,3163.0,3163.0,3108.0,3134.3,32013200,3447.7,2820.9,3839.9,2896.0,3147.4,11,1,3147.3,65,4,3147.2,12,2,3147.1,71,3,3147.0,60,5,3148.3,29,2,3148.5,39,3,3148.6,3,1,3148.7,194,1,3148.8,4,1
2031,2026-06-16 13:57:14+05:30,3147.4,2,3132.73,2629505,128963.0,203096.0,3163.0,3163.0,3108.0,3134.3,32013200,3447.7,2820.9,3839.9,2896.0,3147.4,11,1,3147.3,65,4,3147.2,12,2,3147.1,71,3,3147.0,60,5,3148.3,29,2,3148.5,39,3,3148.6,3,1,3148.7,194,1,3148.8,4,1
2031,2026-06-16 13:57:15+05:30,3147.4,10,3132.73,2629523,128926.0,202434.0,3163.0,3163.0,3108.0,3134.3,32013200,3447.7,2820.9,3839.9,2896.0,3147.4,27,7,3147.3,74,4,3147.2,88,5,3147.1,36,3,3147.0,295,8,3148.3,29,2,3148.6,3,1,3148.7,194,1,3148.9,40,1,3149.0,146,2
2031,2026-06-16 13:57:15+05:30,3147.5,1,3132.73,2629523,128926.0,202434.0,3163.0,3163.0,3108.0,3134.3,32013200,3447.7,2820.9,3839.9,2896.0,3147.4,27,7,3147.3,74,4,3147.2,88,5,3147.1,36,3,3147.0,295,8,3148.3,29,2,3148.6,3,1,3148.7,194,1,3148.9,40,1,3149.0,146,2
2031,2026-06-16 13:57:16+05:30,3147.4,12,3132.73,2629569,128696.0,203024.0,3163.0,3163.0,3108.0,3134.3,32013200,3447.7,2820.9,3839.9,2896.0,3147.4,25,4,3147.3,67,3,3147.2,34,1,3147.1,22,2,3147.0,16,2,3147.8,1,1,3148.3,57,3,3148.5,4,1,3148.6,49,1,3148.7,240,4
2031,2026-06-16 13:57:16+05:30,3147.4,12,3132.73,2629569,128696.0,203024.0,3163.0,3163.0,3108.0,3134.3,32013200,3447.7,2820.9,3839.9,2896.0,3147.4,25,4,3147.3,67,3,3147.2,34,1,3147.1,22,2,3147.0,16,2,3147.8,1,1,3148.3,57,3,3148.5,4,1,3148.6,49,1,3148.7,240,4
2031,2026-06-16 13:57:17+05:30,3147.8,1,3132.73,2629572,128730.0,202602.0,3163.0,3163.0,3108.0,3134.3,32013200,3447.7,2820.9,3839.9,2896.0,3147.7,15,1,3147.4,7,3,3147.3,72,4,3147.2,16,2,3147.1,222,3,3147.8,1,1,3148.3,57,3,3148.7,194,1,3148.9,43,2,3149.0,177,4
2031,2026-06-16 13:57:17+05:30,3147.8,1,3132.73,2629572,128730.0,202602.0,3163.0,3163.0,3108.0,3134.3,32013200,3447.7,2820.9,3839.9,2896.0,3147.7,15,1,3147.4,7,3,3147.3,72,4,3147.2,16,2,3147.1,222,3,3147.8,1,1,3148.3,57,3,3148.7,194,1,3148.9,43,2,3149.0,177,4
2031,2026-06-16 13:57:18+05:30,3147.8,27,3132.73,2629686,129046.0,203274.0,3163.0,3163.0,3108.0,3134.3,32013200,3447.7,2820.9,3839.9,2896.0,3147.5,2,1,3147.4,7,3,3147.3,73,3,3147.1,38,4,3147.0,141,3,3148.3,28,1,3148.7,194,1,3148.9,77,4,3149.0,205,4,3149.1,118,4
2031,2026-06-16 13:57:18+05:30,3147.8,27,3132.73,2629686,129046.0,203274.0,3163.0,3163.0,3108.0,3134.3,32013200,3447.7,2820.9,3839.9,2896.0,3147.5,2,1,3147.4,7,3,3147.3,73,3,3147.1,38,4,3147.0,141,3,3148.3,28,1,3148.7,194,1,3148.9,77,4,3149.0,205,4,3149.1,118,4
2031,2026-06-16 13:57:19+05:30,3147.4,1,3132.73,2629711,129147.0,203535.0,3163.0,3163.0,3108.0,3134.3,32013200,3447.7,2820.9,3839.9,2896.0,3147.4,16,2,3147.3,73,3,3147.1,20,1,3147.0,25,3,3146.9,60,2,3148.3,47,2,3148.4,3,1,3148.5,199,2,3148.6,101,4,3148.7,65,2
2031,2026-06-16 13:57:19+05:30,3147.4,1,3132.73,2629711,129147.0,203535.0,3163.0,3163.0,3108.0,3134.3,32013200,3447.7,2820.9,3839.9,2896.0,3147.4,16,2,3147.3,73,3,3147.1,20,1,3147.0,25,3,3146.9,60,2,3148.3,47,2,3148.4,3,1,3148.5,199,2,3148.6,101,4,3148.7,65,2
2031,2026-06-16 13:57:20+05:30,3147.4,1,3132.73,2629711,129287.0,203231.0,3163.0,3163.0,3108.0,3134.3,32013200,3447.7,2820.9,3839.9,2896.0,3147.4,59,4,3147.3,141,6,3147.2,36,5,3147.1,123,4,3147.0,39,4,3148.3,47,2,3148.5,194,1,3148.8,33,1,3148.9,43,2,3149.0,201,4
2031,2026-06-16 13:57:20+05:30,3148.3,1,3132.73,2629711,129287.0,203231.0,3163.0,3163.0,3108.0,3134.3,32013200,3447.7,2820.9,3839.9,2896.0,3147.4,59,4,3147.3,141,6,3147.2,36,5,3147.1,123,4,3147.0,39,4,3148.3,47,2,3148.5,194,1,3148.8,33,1,3148.9,43,2,3149.0,201,4
2031,2026-06-16 13:57:21+05:30,3148.3,11,3132.73,2629723,129235.0,203197.0,3163.0,3163.0,3108.0,3134.3,32013200,3447.7,2820.9,3839.9,2896.0,3147.4,59,4,3147.3,89,4,3147.2,36,5,3147.1,123,4,3147.0,39,4,3148.3,8,1,3148.5,194,1,3148.8,33,1,3148.9,43,2,3149.0,201,4
2031,2026-06-16 13:57:21+05:30,3148.3,11,3132.73,2629723,129235.0,203197.0,3163.0,3163.0,3108.0,3134.3,32013200,3447.7,2820.9,3839.9,2896.0,3147.4,59,4,3147.3,89,4,3147.2,36,5,3147.1,123,4,3147.0,39,4,3148.3,8,1,3148.5,194,1,3148.8,33,1,3148.9,43,2,3149.0,201,4
2031,2026-06-16 13:57:22+05:30,3148.3,1,3132.73,2629724,129244.0,203708.0,3163.0,3163.0,3108.0,3134.3,32013200,3447.7,2820.9,3839.9,2896.0,3147.7,17,1,3147.4,47,4,3147.3,89,4,3147.2,34,4,3147.1,123,4,3148.3,7,1,3148.5,194,1,3148.8,24,1,3148.9,44,3,3149.0,156,3
2031,2026-06-16 13:57:22+05:30,3148.3,1,3132.73,2629724,129244.0,203708.0,3163.0,3163.0,3108.0,3134.3,32013200,3447.7,2820.9,3839.9,2896.0,3147.7,17,1,3147.4,47,4,3147.3,89,4,3147.2,34,4,3147.1,123,4,3148.3,7,1,3148.5,194,1,3148.8,24,1,3148.9,44,3,3149.0,156,3
2031,2026-06-16 13:57:23+05:30,3147.8,3,3132.73,2629793,129148.0,203143.0,3163.0,3163.0,3108.0,3134.3,32013200,3447.7,2820.9,3839.9,2896.0,3147.8,14,1,3147.5,20,1,3147.4,62,5,3147.3,21,1,3147.2,16,2,3148.3,16,2,3148.6,3,1,3148.7,215,4,3148.8,42,2,3148.9,66,4
2031,2026-06-16 13:57:23+05:30,3147.8,3,3132.73,2629793,129148.0,203143.0,3163.0,3163.0,3108.0,3134.3,32013200,3447.7,2820.9,3839.9,2896.0,3147.8,14,1,3147.5,20,1,3147.4,62,5,3147.3,21,1,3147.2,16,2,3148.3,16,2,3148.6,3,1,3148.7,215,4,3148.8,42,2,3148.9,66,4
2031,2026-06-16 13:57:24+05:30,3147.8,3,3132.73,2629793,129148.0,203143.0,3163.0,3163.0,3108.0,3134.3,32013200,3447.7,2820.9,3839.9,2896.0,3147.8,14,1,3147.5,20,1,3147.4,62,5,3147.3,21,1,3147.2,16,2,3148.3,16,2,3148.6,3,1,3148.7,215,4,3148.8,42,2,3148.9,66,4
2031,2026-06-16 13:57:24+05:30,3147.8,3,3132.73,2629793,129101.0,203155.0,3163.0,3163.0,3108.0,3134.3,32013200,3447.7,2820.9,3839.9,2896.0,3147.8,14,1,3147.5,20,1,3147.4,22,4,3147.3,21,1,3147.2,16,2,3148.3,16,2,3148.5,32,1,3148.6,3,1,3148.7,215,4,3148.8,43,3
2031,2026-06-16 13:57:24+05:30,3148.3,5,3132.73,2629793,129101.0,203155.0,3163.0,3163.0,3108.0,3134.3,32013200,3447.7,2820.9,3839.9,2896.0,3147.8,14,1,3147.5,20,1,3147.4,22,4,3147.3,21,1,3147.2,16,2,3148.3,16,2,3148.5,32,1,3148.6,3,1,3148.7,215,4,3148.8,43,3
2031,2026-06-16 13:57:25+05:30,3148.3,6,3132.73,2629805,129144.0,203039.0,3163.0,3163.0,3108.0,3134.3,32013200,3447.7,2820.9,3839.9,2896.0,3147.8,14,1,3147.4,21,3,3147.3,21,1,3147.2,56,3,3147.1,34,2,3148.3,17,3,3148.6,3,1,3148.7,178,1,3148.8,50,3,3148.9,64,2
2031,2026-06-16 13:57:25+05:30,3148.3,6,3132.73,2629805,129144.0,203039.0,3163.0,3163.0,3108.0,3134.3,32013200,3447.7,2820.9,3839.9,2896.0,3147.8,14,1,3147.4,21,3,3147.3,21,1,3147.2,56,3,3147.1,34,2,3148.3,17,3,3148.6,3,1,3148.7,178,1,3148.8,50,3,3148.9,64,2
2031,2026-06-16 13:57:26+05:30,3148.3,6,3132.73,2629805,129144.0,203039.0,3163.0,3163.0,3108.0,3134.3,32013200,3447.7,2820.9,3839.9,2896.0,3147.8,14,1,3147.4,21,3,3147.3,21,1,3147.2,56,3,3147.1,34,2,3148.3,17,3,3148.6,3,1,3148.7,178,1,3148.8,50,3,3148.9,64,2
2031,2026-06-16 13:57:26+05:30,3148.3,2,3132.73,2629816,128878.0,203227.0,3163.0,3163.0,3108.0,3134.3,32013200,3447.7,2820.9,3839.9,2896.0,3148.0,5,1,3147.4,17,1,3147.3,21,1,3147.2,16,2,3147.1,34,2,3148.3,3,2,3148.5,178,1,3148.7,4,1,3148.8,36,3,3148.9,64,2
2031,2026-06-16 13:57:26+05:30,3148.3,2,3132.73,2629816,128878.0,203227.0,3163.0,3163.0,3108.0,3134.3,32013200,3447.7,2820.9,3839.9,2896.0,3148.0,5,1,3147.4,17,1,3147.3,21,1,3147.2,16,2,3147.1,34,2,3148.3,3,2,3148.5,178,1,3148.7,4,1,3148.8,36,3,3148.9,64,2
2031,2026-06-16 13:57:27+05:30,3148.3,1,3132.73,2629817,128918.0,203226.0,3163.0,3163.0,3108.0,3134.3,32013200,3447.7,2820.9,3839.9,2896.0,3148.0,5,1,3147.4,17,1,3147.3,21,1,3147.2,16,2,3147.1,34,2,3148.3,2,2,3148.5,178,1,3148.7,4,1,3148.8,36,3,3148.9,64,2
2031,2026-06-16 13:57:27+05:30,3148.3,1,3132.73,2629817,128918.0,203226.0,3163.0,3163.0,3108.0,3134.3,32013200,3447.7,2820.9,3839.9,2896.0,3148.0,5,1,3147.4,17,1,3147.3,21,1,3147.2,16,2,3147.1,34,2,3148.3,2,2,3148.5,178,1,3148.7,4,1,3148.8,36,3,3148.9,64,2
2031,2026-06-16 13:57:28+05:30,3148.3,1,3132.73,2629817,128918.0,203226.0,3163.0,3163.0,3108.0,3134.3,32013200,3447.7,2820.9,3839.9,2896.0,3148.0,5,1,3147.4,17,1,3147.3,21,1,3147.2,16,2,3147.1,34,2,3148.3,2,2,3148.5,178,1,3148.7,4,1,3148.8,36,3,3148.9,64,2
2031,2026-06-16 13:57:28+05:30,3148.5,45,3132.73,2629909,129697.0,202822.0,3163.0,3163.0,3108.0,3134.3,32013200,3447.7,2820.9,3839.9,2896.0,3148.5,15,1,3148.4,1,1,3147.7,36,2,3147.5,21,1,3147.4,3,1,3148.6,10,1,3148.7,188,2,3148.8,18,1,3148.9,31,1,3149.0,136,4
2031,2026-06-16 13:57:28+05:30,3148.5,45,3132.73,2629909,129697.0,202822.0,3163.0,3163.0,3108.0,3134.3,32013200,3447.7,2820.9,3839.9,2896.0,3148.5,15,1,3148.4,1,1,3147.7,36,2,3147.5,21,1,3147.4,3,1,3148.6,10,1,3148.7,188,2,3148.8,18,1,3148.9,31,1,3149.0,136,4
2031,2026-06-16 13:57:29+05:30,3148.5,45,3132.73,2629909,129565.0,202878.0,3163.0,3163.0,3108.0,3134.3,32013200,3447.7,2820.9,3839.9,2896.0,3148.4,1,1,3147.7,20,1,3147.5,21,1,3147.3,21,1,3147.2,16,2,3148.6,10,1,3148.7,229,4,3148.8,58,3,3148.9,1,1,3149.0,173,5
2031,2026-06-16 13:57:30+05:30,3148.4,2,3132.73,2630087,129074.0,203215.0,3163.0,3163.0,3108.0,3134.3,32013200,3447.7,2820.9,3839.9,2896.0,3147.7,1,1,3147.2,3,1,3147.1,34,3,3147.0,42,4,3146.9,60,2,3148.4,11,1,3148.5,218,5,3148.6,50,4,3148.8,124,4,3148.9,66,2
2031,2026-06-16 13:57:30+05:30,3148.4,2,3132.73,2630087,129074.0,203215.0,3163.0,3163.0,3108.0,3134.3,32013200,3447.7,2820.9,3839.9,2896.0,3147.7,1,1,3147.2,3,1,3147.1,34,3,3147.0,42,4,3146.9,60,2,3148.4,11,1,3148.5,218,5,3148.6,50,4,3148.8,124,4,3148.9,66,2
2031,2026-06-16 13:57:30+05:30,3148.4,2,3132.73,2630087,129074.0,203215.0,3163.0,3163.0,3108.0,3134.3,32013200,3447.7,2820.9,3839.9,2896.0,3147.7,1,1,3147.2,3,1,3147.1,34,3,3147.0,42,4,3146.9,60,2,3148.4,11,1,3148.5,218,5,3148.6,50,4,3148.8,124,4,3148.9,66,2
2031,2026-06-16 13:57:31+05:30,3148.4,11,3132.73,2630098,129613.0,203152.0,3163.0,3163.0,3108.0,3134.3,32013200,3447.7,2820.9,3839.9,2896.0,3147.7,1,1,3147.5,13,1,3147.4,12,1,3147.3,32,2,3147.2,55,3,3148.5,27,2,3148.6,223,5,3148.9,49,1,3149.0,141,4,3149.1,42,2
2031,2026-06-16 13:57:31+05:30,3148.4,11,3132.73,2630098,129613.0,203152.0,3163.0,3163.0,3108.0,3134.3,32013200,3447.7,2820.9,3839.9,2896.0,3147.7,1,1,3147.5,13,1,3147.4,12,1,3147.3,32,2,3147.2,55,3,3148.5,27,2,3148.6,223,5,3148.9,49,1,3149.0,141,4,3149.1,42,2
2031,2026-06-16 13:57:32+05:30,3148.5,10,3132.73,2630139,129883.0,202622.0,3163.0,3163.0,3108.0,3134.3,32013200,3447.7,2820.9,3839.9,2896.0,3147.7,23,6,3147.6,91,5,3147.5,75,4,3147.4,115,6,3147.3,81,3,3148.5,8,1,3148.6,213,4,3149.0,85,1,3149.2,261,3,3149.4,136,4
2031,2026-06-16 13:57:32+05:30,3148.5,10,3132.73,2630139,129883.0,202622.0,3163.0,3163.0,3108.0,3134.3,32013200,3447.7,2820.9,3839.9,2896.0,3147.7,23,6,3147.6,91,5,3147.5,75,4,3147.4,115,6,3147.3,81,3,3148.5,8,1,3148.6,213,4,3149.0,85,1,3149.2,261,3,3149.4,136,4
2031,2026-06-16 13:57:32+05:30,3148.5,10,3132.73,2630139,129883.0,202622.0,3163.0,3163.0,3108.0,3134.3,32013200,3447.7,2820.9,3839.9,2896.0,3147.7,23,6,3147.6,91,5,3147.5,75,4,3147.4,115,6,3147.3,81,3,3148.5,8,1,3148.6,213,4,3149.0,85,1,3149.2,261,3,3149.4,136,4
2031,2026-06-16 13:57:33+05:30,3147.4,25,3132.73,2630340,129249.0,203235.0,3163.0,3163.0,3108.0,3134.3,32013200,3447.7,2820.9,3839.9,2896.0,3147.4,1,1,3147.2,4,2,3147.1,22,2,3147.0,18,3,3146.9,20,1,3148.4,10,1,3148.5,12,3,3148.6,279,7,3148.7,24,1,3148.8,32,1
2031,2026-06-16 13:57:33+05:30,3147.4,25,3132.73,2630340,129249.0,203235.0,3163.0,3163.0,3108.0,3134.3,32013200,3447.7,2820.9,3839.9,2896.0,3147.4,1,1,3147.2,4,2,3147.1,22,2,3147.0,18,3,3146.9,20,1,3148.4,10,1,3148.5,12,3,3148.6,279,7,3148.7,24,1,3148.8,32,1
2031,2026-06-16 13:57:34+05:30,3147.4,25,3132.73,2630340,129249.0,203235.0,3163.0,3163.0,3108.0,3134.3,32013200,3447.7,2820.9,3839.9,2896.0,3147.4,1,1,3147.2,4,2,3147.1,22,2,3147.0,18,3,3146.9,20,1,3148.4,10,1,3148.5,12,3,3148.6,279,7,3148.7,24,1,3148.8,32,1
2031,2026-06-16 13:57:34+05:30,3148.4,1,3132.73,2630341,129605.0,202968.0,3163.0,3163.0,3108.0,3134.3,32013200,3447.7,2820.9,3839.9,2896.0,3148.0,17,1,3147.6,27,2,3147.5,24,2,3147.4,41,3,3147.3,68,2,3148.5,8,2,3148.6,213,4,3148.9,1,1,3149.0,85,1,3149.1,48,1
2031,2026-06-16 13:57:34+05:30,3148.4,1,3132.73,2630341,129605.0,202968.0,3163.0,3163.0,3108.0,3134.3,32013200,3447.7,2820.9,3839.9,2896.0,3148.0,17,1,3147.6,27,2,3147.5,24,2,3147.4,41,3,3147.3,68,2,3148.5,8,2,3148.6,213,4,3148.9,1,1,3149.0,85,1,3149.1,48,1
2031,2026-06-16 13:57:35+05:30,3148.4,1,3132.73,2630341,129826.0,202869.0,3163.0,3163.0,3108.0,3134.3,32013200,3447.7,2820.9,3839.9,2896.0,3148.4,1,1,3148.0,54,2,3147.6,67,3,3147.5,107,4,3147.4,41,3,3148.5,8,2,3148.6,213,4,3148.9,1,1,3149.0,85,1,3149.1,48,1
2031,2026-06-16 13:57:35+05:30,3148.4,1,3132.73,2630341,129826.0,202869.0,3163.0,3163.0,3108.0,3134.3,32013200,3447.7,2820.9,3839.9,2896.0,3148.4,1,1,3148.0,54,2,3147.6,67,3,3147.5,107,4,3147.4,41,3,3148.5,8,2,3148.6,213,4,3148.9,1,1,3149.0,85,1,3149.1,48,1
2031,2026-06-16 13:57:36+05:30,3148.4,1,3132.73,2630341,129826.0,202869.0,3163.0,3163.0,3108.0,3134.3,32013200,3447.7,2820.9,3839.9,2896.0,3148.4,1,1,3148.0,54,2,3147.6,67,3,3147.5,107,4,3147.4,41,3,3148.5,8,2,3148.6,213,4,3148.9,1,1,3149.0,85,1,3149.1,48,1
2031,2026-06-16 13:57:36+05:30,3148.0,8,3132.73,2630351,129685.0,202872.0,3163.0,3163.0,3108.0,3134.3,32013200,3447.7,2820.9,3839.9,2896.0,3148.4,43,1,3148.0,46,2,3147.9,3,1,3147.8,8,1,3147.7,56,3,3148.5,19,3,3148.6,213,4,3148.9,1,1,3149.0,85,1,3149.1,48,1
2031,2026-06-16 13:57:36+05:30,3148.0,8,3132.73,2630351,129685.0,202872.0,3163.0,3163.0,3108.0,3134.3,32013200,3447.7,2820.9,3839.9,2896.0,3148.4,43,1,3148.0,46,2,3147.9,3,1,3147.8,8,1,3147.7,56,3,3148.5,19,3,3148.6,213,4,3148.9,1,1,3149.0,85,1,3149.1,48,1
2031,2026-06-16 13:57:37+05:30,3148.0,8,3132.73,2630351,129685.0,202872.0,3163.0,3163.0,3108.0,3134.3,32013200,3447.7,2820.9,3839.9,2896.0,3148.4,43,1,3148.0,46,2,3147.9,3,1,3147.8,8,1,3147.7,56,3,3148.5,19,3,3148.6,213,4,3148.9,1,1,3149.0,85,1,3149.1,48,1
2031,2026-06-16 13:57:37+05:30,3148.9,23,3132.74,2630542,130184.0,202575.0,3163.0,3163.0,3108.0,3134.3,32013200,3447.7,2820.9,3839.9,2896.0,3148.4,43,1,3148.0,115,5,3147.9,3,1,3147.8,98,4,3147.7,79,4,3148.5,7,1,3148.7,91,1,3149.0,85,1,3149.3,200,1,3149.5,100,1
2031,2026-06-16 13:57:37+05:30,3148.9,23,3132.74,2630542,130184.0,202575.0,3163.0,3163.0,3108.0,3134.3,32013200,3447.7,2820.9,3839.9,2896.0,3148.4,43,1,3148.0,115,5,3147.9,3,1,3147.8,98,4,3147.7,79,4,3148.5,7,1,3148.7,91,1,3149.0,85,1,3149.3,200,1,3149.5,100,1
2031,2026-06-16 13:57:38+05:30,3148.9,23,3132.74,2630542,130184.0,202575.0,3163.0,3163.0,3108.0,3134.3,32013200,3447.7,2820.9,3839.9,2896.0,3148.4,43,1,3148.0,115,5,3147.9,3,1,3147.8,98,4,3147.7,79,4,3148.5,7,1,3148.7,91,1,3149.0,85,1,3149.3,200,1,3149.5,100,1
2031,2026-06-16 13:57:38+05:30,3148.7,10,3132.74,2630559,130185.0,202127.0,3163.0,3163.0,3108.0,3134.3,32013200,3447.7,2820.9,3839.9,2896.0,3148.4,43,1,3148.0,130,7,3147.9,3,1,3147.8,145,5,3147.7,265,4,3149.0,85,1,3149.3,200,1,3149.5,100,1,3149.6,202,2,3149.7,241,4
2031,2026-06-16 13:57:38+05:30,3148.7,10,3132.74,2630559,130185.0,202127.0,3163.0,3163.0,3108.0,3134.3,32013200,3447.7,2820.9,3839.9,2896.0,3148.4,43,1,3148.0,130,7,3147.9,3,1,3147.8,145,5,3147.7,265,4,3149.0,85,1,3149.3,200,1,3149.5,100,1,3149.6,202,2,3149.7,241,4
2031,2026-06-16 13:57:39+05:30,3148.7,10,3132.74,2630559,130185.0,202127.0,3163.0,3163.0,3108.0,3134.3,32013200,3447.7,2820.9,3839.9,2896.0,3148.4,43,1,3148.0,130,7,3147.9,3,1,3147.8,145,5,3147.7,265,4,3149.0,85,1,3149.3,200,1,3149.5,100,1,3149.6,202,2,3149.7,241,4
2031,2026-06-16 13:57:39+05:30,3148.7,10,3132.74,2630559,130226.0,202185.0,3163.0,3163.0,3108.0,3134.3,32013200,3447.7,2820.9,3839.9,2896.0,3148.5,17,1,3148.4,43,1,3148.3,14,1,3148.0,118,6,3147.9,12,2,3148.9,81,1,3149.0,85,1,3149.3,200,1,3149.5,100,1,3149.6,204,3
2031,2026-06-16 13:57:40+05:30,3148.7,10,3132.74,2630559,130226.0,202185.0,3163.0,3163.0,3108.0,3134.3,32013200,3447.7,2820.9,3839.9,2896.0,3148.5,17,1,3148.4,43,1,3148.3,14,1,3148.0,118,6,3147.9,12,2,3148.9,81,1,3149.0,85,1,3149.3,200,1,3149.5,100,1,3149.6,204,3
2031,2026-06-16 13:57:40+05:30,3148.8,1,3132.74,2630560,130374.0,202270.0,3163.0,3163.0,3108.0,3134.3,32013200,3447.7,2820.9,3839.9,2896.0,3148.5,36,1,3148.4,43,1,3148.2,22,2,3148.0,118,6,3147.9,33,3,3148.8,80,1,3148.9,1,1,3149.0,85,1,3149.3,200,1,3149.5,100,1
2031,2026-06-16 13:57:40+05:30,3148.8,1,3132.74,2630560,130374.0,202270.0,3163.0,3163.0,3108.0,3134.3,32013200,3447.7,2820.9,3839.9,2896.0,3148.5,36,1,3148.4,43,1,3148.2,22,2,3148.0,118,6,3147.9,33,3,3148.8,80,1,3148.9,1,1,3149.0,85,1,3149.3,200,1,3149.5,100,1
2031,2026-06-16 13:57:40+05:30,3148.8,1,3132.74,2630560,130374.0,202270.0,3163.0,3163.0,3108.0,3134.3,32013200,3447.7,2820.9,3839.9,2896.0,3148.5,36,1,3148.4,43,1,3148.2,22,2,3148.0,118,6,3147.9,33,3,3148.8,80,1,3148.9,1,1,3149.0,85,1,3149.3,200,1,3149.5,100,1
2031,2026-06-16 13:57:41+05:30,3148.8,1,3132.74,2630560,130374.0,202270.0,3163.0,3163.0,3108.0,3134.3,32013200,3447.7,2820.9,3839.9,2896.0,3148.5,36,1,3148.4,43,1,3148.2,22,2,3148.0,118,6,3147.9,33,3,3148.8,80,1,3148.9,1,1,3149.0,85,1,3149.3,200,1,3149.5,100,1
2031,2026-06-16 13:57:41+05:30,3148.6,2,3132.74,2630642,131004.0,202200.0,3163.0,3163.0,3108.0,3134.3,32013200,3447.7,2820.9,3839.9,2896.0,3148.6,15,1,3148.5,36,1,3148.4,43,1,3148.2,10,2,3148.0,113,5,3148.9,1,1,3149.0,85,1,3149.5,100,1,3149.6,71,3,3149.7,242,3
2031,2026-06-16 13:57:41+05:30,3148.6,2,3132.74,2630642,131004.0,202200.0,3163.0,3163.0,3108.0,3134.3,32013200,3447.7,2820.9,3839.9,2896.0,3148.6,15,1,3148.5,36,1,3148.4,43,1,3148.2,10,2,3148.0,113,5,3148.9,1,1,3149.0,85,1,3149.5,100,1,3149.6,71,3,3149.7,242,3
2031,2026-06-16 13:57:42+05:30,3148.6,2,3132.74,2630642,131004.0,202200.0,3163.0,3163.0,3108.0,3134.3,32013200,3447.7,2820.9,3839.9,2896.0,3148.6,15,1,3148.5,36,1,3148.4,43,1,3148.2,10,2,3148.0,113,5,3148.9,1,1,3149.0,85,1,3149.5,100,1,3149.6,71,3,3149.7,242,3
2031,2026-06-16 13:57:42+05:30,3148.6,13,3132.74,2630655,131164.0,202275.0,3163.0,3163.0,3108.0,3134.3,32013200,3447.7,2820.9,3839.9,2896.0,3148.8,16,1,3148.6,39,1,3148.5,36,1,3148.4,43,1,3148.2,24,3,3148.9,1,1,3149.0,85,1,3149.5,100,1,3149.6,32,1,3149.7,242,3
2031,2026-06-16 13:57:42+05:30,3148.6,13,3132.74,2630655,131164.0,202275.0,3163.0,3163.0,3108.0,3134.3,32013200,3447.7,2820.9,3839.9,2896.0,3148.8,16,1,3148.6,39,1,3148.5,36,1,3148.4,43,1,3148.2,24,3,3148.9,1,1,3149.0,85,1,3149.5,100,1,3149.6,32,1,3149.7,242,3
2031,2026-06-16 13:57:43+05:30,3148.6,13,3132.74,2630655,131164.0,202275.0,3163.0,3163.0,3108.0,3134.3,32013200,3447.7,2820.9,3839.9,2896.0,3148.8,16,1,3148.6,39,1,3148.5,36,1,3148.4,43,1,3148.2,24,3,3148.9,1,1,3149.0,85,1,3149.5,100,1,3149.6,32,1,3149.7,242,3
2031,2026-06-16 13:57:43+05:30,3148.6,13,3132.74,2630655,131172.0,202077.0,3163.0,3163.0,3108.0,3134.3,32013200,3447.7,2820.9,3839.9,2896.0,3148.8,16,1,3148.6,39,1,3148.5,36,1,3148.4,43,1,3148.2,24,3,3148.9,1,1,3149.0,85,1,3149.5,100,1,3149.6,32,1,3149.7,242,3
2031,2026-06-16 13:57:44+05:30,3148.6,13,3132.74,2630655,131172.0,202077.0,3163.0,3163.0,3108.0,3134.3,31911600,3447.7,2820.9,3839.9,2896.0,3148.8,16,1,3148.6,39,1,3148.5,36,1,3148.4,43,1,3148.2,24,3,3148.9,1,1,3149.0,85,1,3149.5,100,1,3149.6,32,1,3149.7,242,3
2031,2026-06-16 13:57:44+05:30,3149.0,74,3132.74,2630775,131408.0,201565.0,3163.0,3163.0,3108.0,3134.3,31911600,3447.7,2820.9,3839.9,2896.0,3148.8,42,1,3148.7,3,1,3148.6,39,1,3148.5,36,1,3148.4,43,1,3149.5,100,1,3149.7,266,4,3149.8,27,3,3149.9,125,3,3150.0,3779,41
2031,2026-06-16 13:57:44+05:30,3149.0,74,3132.74,2630775,131408.0,201565.0,3163.0,3163.0,3108.0,3134.3,31911600,3447.7,2820.9,3839.9,2896.0,3148.8,42,1,3148.7,3,1,3148.6,39,1,3148.5,36,1,3148.4,43,1,3149.5,100,1,3149.7,266,4,3149.8,27,3,3149.9,125,3,3150.0,3779,41
2031,2026-06-16 13:57:45+05:30,3149.0,74,3132.74,2630775,131533.0,202105.0,3163.0,3163.0,3108.0,3134.3,31911600,3447.7,2820.9,3839.9,2896.0,3149.2,2,2,3148.8,60,4,3148.7,3,1,3148.6,39,1,3148.5,36,1,3149.4,20,2,3149.5,181,4,3149.7,2,1,3149.8,250,5,3149.9,101,2
2031,2026-06-16 13:57:46+05:30,3149.2,7,3132.74,2630784,131443.0,202393.0,3163.0,3163.0,3108.0,3134.3,31911600,3447.7,2820.9,3839.9,2896.0,3149.2,34,3,3148.8,60,4,3148.7,3,1,3148.5,13,1,3148.3,22,1,3149.4,73,4,3149.5,191,5,3149.6,50,2,3149.7,2,1,3149.8,281,6
2031,2026-06-16 13:57:46+05:30,3149.4,1,3132.74,2630784,131443.0,202393.0,3163.0,3163.0,3108.0,3134.3,31911600,3447.7,2820.9,3839.9,2896.0,3149.2,34,3,3148.8,60,4,3148.7,3,1,3148.5,13,1,3148.3,22,1,3149.4,73,4,3149.5,191,5,3149.6,50,2,3149.7,2,1,3149.8,281,6
2031,2026-06-16 13:57:47+05:30,3149.4,1,3132.74,2630796,131659.0,202443.0,3163.0,3163.0,3108.0,3134.3,31911600,3447.7,2820.9,3839.9,2896.0,3149.2,34,3,3148.8,60,4,3148.7,3,1,3148.5,13,1,3148.3,22,1,3149.4,80,3,3149.5,165,4,3149.6,19,1,3149.7,25,2,3149.8,258,5
2031,2026-06-16 13:57:47+05:30,3149.4,1,3132.74,2630796,131659.0,202443.0,3163.0,3163.0,3108.0,3134.3,31911600,3447.7,2820.9,3839.9,2896.0,3149.2,34,3,3148.8,60,4,3148.7,3,1,3148.5,13,1,3148.3,22,1,3149.4,80,3,3149.5,165,4,3149.6,19,1,3149.7,25,2,3149.8,258,5
2031,2026-06-16 13:57:48+05:30,3149.4,86,3132.74,2630964,131798.0,202246.0,3163.0,3163.0,3108.0,3134.3,31911600,3447.7,2820.9,3839.9,2896.0,3149.2,34,3,3148.8,60,4,3148.7,3,1,3148.5,13,1,3148.3,62,2,3149.3,10,1,3149.4,25,2,3149.5,155,3,3149.7,2,1,3149.8,281,6
2031,2026-06-16 13:57:48+05:30,3149.4,86,3132.74,2630964,131798.0,202246.0,3163.0,3163.0,3108.0,3134.3,31911600,3447.7,2820.9,3839.9,2896.0,3149.2,34,3,3148.8,60,4,3148.7,3,1,3148.5,13,1,3148.3,62,2,3149.3,10,1,3149.4,25,2,3149.5,155,3,3149.7,2,1,3149.8,281,6
2031,2026-06-16 13:57:49+05:30,3149.3,1,3132.74,2630965,131802.0,202189.0,3163.0,3163.0,3108.0,3134.3,31911600,3447.7,2820.9,3839.9,2896.0,3149.2,34,3,3148.8,74,5,3148.7,3,1,3148.3,62,2,3148.2,26,3,3149.4,25,2,3149.5,200,5,3149.7,48,3,3149.8,232,3,3149.9,30,2
2031,2026-06-16 13:57:49+05:30,3149.3,1,3132.74,2630965,131802.0,202189.0,3163.0,3163.0,3108.0,3134.3,31911600,3447.7,2820.9,3839.9,2896.0,3149.2,34,3,3148.8,74,5,3148.7,3,1,3148.3,62,2,3148.2,26,3,3149.4,25,2,3149.5,200,5,3149.7,48,3,3149.8,232,3,3149.9,30,2
2031,2026-06-16 13:57:50+05:30,3149.2,1,3132.74,2630983,131962.0,202188.0,3163.0,3163.0,3108.0,3134.3,31911600,3447.7,2820.9,3839.9,2896.0,3149.3,2,2,3149.2,31,1,3148.8,59,4,3148.7,3,1,3148.3,22,1,3149.5,154,3,3149.7,48,3,3149.8,232,3,3149.9,30,2,3150.0,3576,39
2031,2026-06-16 13:57:50+05:30,3149.3,1,3132.74,2630983,131962.0,202188.0,3163.0,3163.0,3108.0,3134.3,31911600,3447.7,2820.9,3839.9,2896.0,3149.3,2,2,3149.2,31,1,3148.8,59,4,3148.7,3,1,3148.3,22,1,3149.5,154,3,3149.7,48,3,3149.8,232,3,3149.9,30,2,3150.0,3576,39
2031,2026-06-16 13:57:51+05:30,3149.3,1,3132.74,2630984,131760.0,202284.0,3163.0,3163.0,3108.0,3134.3,31911600,3447.7,2820.9,3839.9,2896.0,3149.3,4,3,3149.2,31,1,3149.1,15,1,3148.8,59,4,3148.7,3,1,3149.5,146,3,3149.7,2,1,3149.8,232,3,3149.9,28,1,3150.0,3555,39
2031,2026-06-16 13:57:52+05:30,3149.3,1,3132.74,2630984,132184.0,202288.0,3163.0,3163.0,3108.0,3134.3,31911600,3447.7,2820.9,3839.9,2896.0,3149.3,59,5,3149.2,44,2,3148.8,45,3,3148.7,3,1,3148.5,21,1,3149.4,200,1,3149.5,146,3,3149.7,2,1,3149.8,201,2,3150.0,3531,38
2031,2026-06-16 13:57:53+05:30,3149.4,1,3132.74,2630985,132175.0,202286.0,3163.0,3163.0,3108.0,3134.3,31911600,3447.7,2820.9,3839.9,2896.0,3149.3,59,5,3149.2,44,2,3148.8,45,3,3148.7,3,1,3148.5,21,1,3149.4,199,1,3149.5,145,2,3149.7,2,1,3149.8,201,2,3150.0,3531,38
2031,2026-06-16 13:57:53+05:30,3149.3,71,3132.74,2630985,132175.0,202286.0,3163.0,3163.0,3108.0,3134.3,31911600,3447.7,2820.9,3839.9,2896.0,3149.3,59,5,3149.2,44,2,3148.8,45,3,3148.7,3,1,3148.5,21,1,3149.4,199,1,3149.5,145,2,3149.7,2,1,3149.8,201,2,3150.0,3531,38
2031,2026-06-16 13:57:54+05:30,3149.2,1,3132.74,2631592,130742.0,202477.0,3163.0,3163.0,3108.0,3134.3,31911600,3447.7,2820.9,3839.9,2896.0,3148.1,4,1,3148.0,51,2,3147.9,24,2,3147.8,27,2,3147.7,74,3,3149.2,47,2,3149.3,100,1,3149.4,3,2,3149.5,45,1,3149.7,117,4
2031,2026-06-16 13:57:54+05:30,3149.2,1,3132.74,2631592,130742.0,202477.0,3163.0,3163.0,3108.0,3134.3,31911600,3447.7,2820.9,3839.9,2896.0,3148.1,4,1,3148.0,51,2,3147.9,24,2,3147.8,27,2,3147.7,74,3,3149.2,47,2,3149.3,100,1,3149.4,3,2,3149.5,45,1,3149.7,117,4
2031,2026-06-16 13:57:55+05:30,3149.3,23,3132.74,2631653,131013.0,202502.0,3163.0,3163.0,3108.0,3134.3,31911600,3447.7,2820.9,3839.9,2896.0,3148.3,29,4,3148.2,24,4,3148.1,59,4,3148.0,79,4,3147.9,38,3,3149.3,77,1,3149.5,45,1,3149.6,200,1,3149.7,4,2,3149.8,62,3
2031,2026-06-16 13:57:55+05:30,3149.3,23,3132.74,2631653,131013.0,202502.0,3163.0,3163.0,3108.0,3134.3,31911600,3447.7,2820.9,3839.9,2896.0,3148.3,29,4,3148.2,24,4,3148.1,59,4,3148.0,79,4,3147.9,38,3,3149.3,77,1,3149.5,45,1,3149.6,200,1,3149.7,4,2,3149.8,62,3
2031,2026-06-16 13:57:56+05:30,3149.3,23,3132.74,2631653,130586.0,202159.0,3163.0,3163.0,3108.0,3134.3,31911600,3447.7,2820.9,3839.9,2896.0,3148.3,26,3,3148.2,24,4,3148.1,14,2,3148.0,65,3,3147.9,17,2,3148.8,1,1,3149.3,77,1,3149.4,200,1,3149.5,45,1,3149.7,2,1
2031,2026-06-16 13:57:57+05:30,3149.3,23,3132.74,2631653,130424.0,201965.0,3163.0,3163.0,3108.0,3134.3,31911600,3447.7,2820.9,3839.9,2896.0,3148.3,23,2,3148.2,11,2,3148.1,18,2,3148.0,53,2,3147.9,3,1,3148.5,1,1,3148.8,1,1,3149.3,77,1,3149.4,200,1,3149.5,45,1
2031,2026-06-16 13:57:58+05:30,3148.5,1,3132.74,2631654,130422.0,201927.0,3163.0,3163.0,3108.0,3134.3,31911600,3447.7,2820.9,3839.9,2896.0,3148.3,29,4,3148.2,18,3,3148.1,17,3,3148.0,70,4,3147.9,19,3,3148.8,1,1,3149.3,77,1,3149.5,45,1,3149.6,221,2,3149.7,2,1
2031,2026-06-16 13:57:58+05:30,3148.5,1,3132.74,2631654,130422.0,201927.0,3163.0,3163.0,3108.0,3134.3,31911600,3447.7,2820.9,3839.9,2896.0,3148.3,29,4,3148.2,18,3,3148.1,17,3,3148.0,70,4,3147.9,19,3,3148.8,1,1,3149.3,77,1,3149.5,45,1,3149.6,221,2,3149.7,2,1
2031,2026-06-16 13:57:59+05:30,3148.3,1,3132.74,2631655,130369.0,202243.0,3163.0,3163.0,3108.0,3134.3,31911600,3447.7,2820.9,3839.9,2896.0,3148.3,15,2,3148.1,17,3,3148.0,60,4,3147.9,28,3,3147.8,37,4,3148.8,2,2,3149.3,92,2,3149.4,200,1,3149.5,45,1,3149.6,21,1
2031,2026-06-16 13:57:59+05:30,3148.8,1,3132.74,2631655,130369.0,202243.0,3163.0,3163.0,3108.0,3134.3,31911600,3447.7,2820.9,3839.9,2896.0,3148.3,15,2,3148.1,17,3,3148.0,60,4,3147.9,28,3,3147.8,37,4,3148.8,2,2,3149.3,92,2,3149.4,200,1,3149.5,45,1,3149.6,21,1
2031,2026-06-16 13:58:00+05:30,3148.8,1,3132.74,2631657,130162.0,202546.0,3163.0,3163.0,3108.0,3134.3,31911600,3447.7,2820.9,3839.9,2896.0,3148.6,2,2,3148.3,17,3,3148.2,14,1,3148.1,17,3,3148.0,50,3,3148.8,3,3,3149.3,77,1,3149.4,3,1,3149.5,245,2,3149.7,2,1
2031,2026-06-16 13:58:00+05:30,3148.8,1,3132.74,2631657,130162.0,202546.0,3163.0,3163.0,3108.0,3134.3,31911600,3447.7,2820.9,3839.9,2896.0,3148.6,2,2,3148.3,17,3,3148.2,14,1,3148.1,17,3,3148.0,50,3,3148.8,3,3,3149.3,77,1,3149.4,3,1,3149.5,245,2,3149.7,2,1
2031,2026-06-16 13:58:01+05:30,3148.6,1,3132.74,2631663,130136.0,202567.0,3163.0,3163.0,3108.0,3134.3,31911600,3447.7,2820.9,3839.9,2896.0,3148.3,20,4,3148.2,18,1,3148.1,18,3,3148.0,49,3,3147.9,42,4,3148.6,1,1,3148.8,1,1,3149.3,77,1,3149.4,203,2,3149.5,45,1
2031,2026-06-16 13:58:01+05:30,3148.6,1,3132.74,2631663,130136.0,202567.0,3163.0,3163.0,3108.0,3134.3,31911600,3447.7,2820.9,3839.9,2896.0,3148.3,20,4,3148.2,18,1,3148.1,18,3,3148.0,49,3,3147.9,42,4,3148.6,1,1,3148.8,1,1,3149.3,77,1,3149.4,203,2,3149.5,45,1
2031,2026-06-16 13:58:02+05:30,3148.3,1,3132.74,2631713,130172.0,202343.0,3163.0,3163.0,3108.0,3134.3,31911600,3447.7,2820.9,3839.9,2896.0,3148.3,5,2,3148.2,30,2,3148.1,12,2,3148.0,49,3,3147.9,28,3,3148.6,2,2,3149.3,77,1,3149.4,203,2,3149.5,83,2,3149.6,21,1
2031,2026-06-16 13:58:02+05:30,3148.3,1,3132.74,2631713,130172.0,202343.0,3163.0,3163.0,3108.0,3134.3,31911600,3447.7,2820.9,3839.9,2896.0,3148.3,5,2,3148.2,30,2,3148.1,12,2,3148.0,49,3,3147.9,28,3,3148.6,2,2,3149.3,77,1,3149.4,203,2,3149.5,83,2,3149.6,21,1
2031,2026-06-16 13:58:03+05:30,3149.0,2,3132.74,2631719,130147.0,202704.0,3163.0,3163.0,3108.0,3134.3,31911600,3447.7,2820.9,3839.9,2896.0,3148.3,5,2,3148.2,18,1,3148.1,4,1,3148.0,51,3,3147.9,28,3,3149.0,37,1,3149.3,77,1,3149.4,200,1,3149.5,85,3,3149.6,21,1
2031,2026-06-16 13:58:03+05:30,3149.0,2,3132.74,2631719,130147.0,202704.0,3163.0,3163.0,3108.0,3134.3,31911600,3447.7,2820.9,3839.9,2896.0,3148.3,5,2,3148.2,18,1,3148.1,4,1,3148.0,51,3,3147.9,28,3,3149.0,37,1,3149.3,77,1,3149.4,200,1,3149.5,85,3,3149.6,21,1
2031,2026-06-16 13:58:04+05:30,3149.0,2,3132.74,2631719,130114.0,202958.0,3163.0,3163.0,3108.0,3134.3,31911600,3447.7,2820.9,3839.9,2896.0,3148.3,5,2,3148.2,18,1,3148.0,1,1,3147.9,28,3,3147.8,23,3,3149.0,60,2,3149.3,92,2,3149.5,334,5,3149.6,52,2,3149.7,2,1
2031,2026-06-16 13:58:05+05:30,3149.0,1,3132.74,2631720,130145.0,202868.0,3163.0,3163.0,3108.0,3134.3,31911600,3447.7,2820.9,3839.9,2896.0,3148.3,5,2,3148.2,18,1,3148.0,14,1,3147.9,52,3,3147.8,23,3,3149.0,59,2,3149.3,77,1,3149.5,334,5,3149.6,52,2,3149.7,17,2
2031,2026-06-16 13:58:05+05:30,3149.0,1,3132.74,2631720,130145.0,202868.0,3163.0,3163.0,3108.0,3134.3,31911600,3447.7,2820.9,3839.9,2896.0,3148.3,5,2,3148.2,18,1,3148.0,14,1,3147.9,52,3,3147.8,23,3,3149.0,59,2,3149.3,77,1,3149.5,334,5,3149.6,52,2,3149.7,17,2
2031,2026-06-16 13:58:06+05:30,3148.5,7,3132.74,2631730,130467.0,202540.0,3163.0,3163.0,3108.0,3134.3,31911600,3447.7,2820.9,3839.9,2896.0,3148.6,9,1,3148.3,5,2,3148.1,5,1,3148.0,34,3,3147.9,72,4,3149.0,59,2,3149.3,77,1,3149.5,247,3,3149.6,3,1,3149.7,2,1
2031,2026-06-16 13:58:06+05:30,3148.5,7,3132.74,2631730,130467.0,202540.0,3163.0,3163.0,3108.0,3134.3,31911600,3447.7,2820.9,3839.9,2896.0,3148.6,9,1,3148.3,5,2,3148.1,5,1,3148.0,34,3,3147.9,72,4,3149.0,59,2,3149.3,77,1,3149.5,247,3,3149.6,3,1,3149.7,2,1
2031,2026-06-16 13:58:07+05:30,3148.5,7,3132.74,2631730,130684.0,202380.0,3163.0,3163.0,3108.0,3134.3,31911600,3447.7,2820.9,3839.9,2896.0,3148.6,9,1,3148.3,5,2,3148.1,5,1,3148.0,20,2,3147.9,72,4,3149.0,59,2,3149.3,77,1,3149.5,247,3,3149.6,41,2,3149.7,2,1
2031,2026-06-16 13:58:08+05:30,3148.6,2,3132.74,2631738,129790.0,202810.0,3163.0,3163.0,3108.0,3134.3,31911600,3447.7,2820.9,3839.9,2896.0,3148.6,7,1,3148.3,1,1,3148.2,17,1,3147.9,23,2,3147.8,9,1,3149.0,53,2,3149.1,200,1,3149.2,47,3,3149.3,77,1,3149.4,30,1
2031,2026-06-16 13:58:08+05:30,3148.6,2,3132.74,2631738,129790.0,202810.0,3163.0,3163.0,3108.0,3134.3,31911600,3447.7,2820.9,3839.9,2896.0,3148.6,7,1,3148.3,1,1,3148.2,17,1,3147.9,23,2,3147.8,9,1,3149.0,53,2,3149.1,200,1,3149.2,47,3,3149.3,77,1,3149.4,30,1
2031,2026-06-16 13:58:09+05:30,3149.0,15,3132.74,2631909,129934.0,202723.0,3163.0,3163.0,3108.0,3134.3,31911600,3447.7,2820.9,3839.9,2896.0,3149.0,18,1,3148.7,2,1,3148.3,1,1,3148.2,17,1,3148.1,21,1,3149.3,308,3,3149.4,37,1,3149.6,140,5,3149.7,2,1,3149.8,110,5
2031,2026-06-16 13:58:09+05:30,3149.0,15,3132.74,2631909,129934.0,202723.0,3163.0,3163.0,3108.0,3134.3,31911600,3447.7,2820.9,3839.9,2896.0,3149.0,18,1,3148.7,2,1,3148.3,1,1,3148.2,17,1,3148.1,21,1,3149.3,308,3,3149.4,37,1,3149.6,140,5,3149.7,2,1,3149.8,110,5
2031,2026-06-16 13:58:10+05:30,3149.2,1,3132.74,2631911,130102.0,202904.0,3163.0,3163.0,3108.0,3134.3,31911600,3447.7,2820.9,3839.9,2896.0,3148.7,2,1,3148.6,16,1,3147.9,20,1,3147.8,3,1,3147.7,47,3,3149.2,8,1,3149.3,87,2,3149.4,271,4,3149.5,3,1,3149.6,117,4
2031,2026-06-16 13:58:10+05:30,3149.2,1,3132.74,2631911,130102.0,202904.0,3163.0,3163.0,3108.0,3134.3,31911600,3447.7,2820.9,3839.9,2896.0,3148.7,2,1,3148.6,16,1,3147.9,20,1,3147.8,3,1,3147.7,47,3,3149.2,8,1,3149.3,87,2,3149.4,271,4,3149.5,3,1,3149.6,117,4
2031,2026-06-16 13:58:11+05:30,3149.3,2,3132.74,2631930,130772.0,202921.0,3163.0,3163.0,3108.0,3134.3,31911600,3447.7,2820.9,3839.9,2896.0,3148.7,2,1,3148.6,16,1,3148.0,21,2,3147.9,83,2,3147.8,126,4,3149.3,94,3,3149.4,238,2,3149.6,38,1,3149.7,16,2,3149.8,130,6
2031,2026-06-16 13:58:11+05:30,3149.3,11,3132.74,2631930,130772.0,202921.0,3163.0,3163.0,3108.0,3134.3,31911600,3447.7,2820.9,3839.9,2896.0,3148.7,2,1,3148.6,16,1,3148.0,21,2,3147.9,83,2,3147.8,126,4,3149.3,94,3,3149.4,238,2,3149.6,38,1,3149.7,16,2,3149.8,130,6
2031,2026-06-16 13:58:12+05:30,3148.8,37,3132.75,2631978,130311.0,202813.0,3163.0,3163.0,3108.0,3134.3,31911600,3447.7,2820.9,3839.9,2896.0,3148.7,6,1,3148.0,57,2,3147.9,60,2,3147.8,98,3,3147.7,100,5,3149.2,19,2,3149.3,283,4,3149.5,32,1,3149.6,76,3,3149.7,46,3
2031,2026-06-16 13:58:12+05:30,3148.8,37,3132.75,2631978,130311.0,202813.0,3163.0,3163.0,3108.0,3134.3,31911600,3447.7,2820.9,3839.9,2896.0,3148.7,6,1,3148.0,57,2,3147.9,60,2,3147.8,98,3,3147.7,100,5,3149.2,19,2,3149.3,283,4,3149.5,32,1,3149.6,76,3,3149.7,46,3
2031,2026-06-16 13:58:13+05:30,3149.2,1,3132.75,2631979,129845.0,202862.0,3163.0,3163.0,3108.0,3134.3,31911600,3447.7,2820.9,3839.9,2896.0,3148.7,6,1,3148.0,57,2,3147.9,60,2,3147.8,136,4,3147.7,100,5,3149.1,10,1,3149.2,38,3,3149.3,317,5,3149.5,32,1,3149.6,76,3
2031,2026-06-16 13:58:13+05:30,3148.0,17,3132.75,2631979,129845.0,202862.0,3163.0,3163.0,3108.0,3134.3,31911600,3447.7,2820.9,3839.9,2896.0,3148.7,6,1,3148.0,57,2,3147.9,60,2,3147.8,136,4,3147.7,100,5,3149.1,10,1,3149.2,38,3,3149.3,317,5,3149.5,32,1,3149.6,76,3
2031,2026-06-16 13:58:14+05:30,3148.0,17,3132.75,2632025,130280.0,202932.0,3163.0,3163.0,3108.0,3134.3,31911600,3447.7,2820.9,3839.9,2896.0,3148.7,3,1,3148.0,46,4,3147.9,60,2,3147.8,99,3,3147.7,84,3,3149.1,8,1,3149.2,20,1,3149.3,338,5,3149.4,10,1,3149.5,2,1
2031,2026-06-16 13:58:15+05:30,3149.1,5,3132.75,2632030,130283.0,203008.0,3163.0,3163.0,3108.0,3134.3,31911600,3447.7,2820.9,3839.9,2896.0,3148.7,1,1,3148.1,13,1,3148.0,21,3,3147.9,34,2,3147.8,110,2,3149.1,17,3,3149.2,50,2,3149.3,308,4,3149.4,78,3,3149.5,16,2
2031,2026-06-16 13:58:15+05:30,3149.1,1,3132.75,2632030,130283.0,203008.0,3163.0,3163.0,3108.0,3134.3,31911600,3447.7,2820.9,3839.9,2896.0,3148.7,1,1,3148.1,13,1,3148.0,21,3,3147.9,34,2,3147.8,110,2,3149.1,17,3,3149.2,50,2,3149.3,308,4,3149.4,78,3,3149.5,16,2
2031,2026-06-16 13:58:16+05:30,3147.9,4,3132.75,2632231,129478.0,203164.0,3163.0,3163.0,3108.0,3134.3,31911600,3447.7,2820.9,3839.9,2896.0,3148.0,5,1,3147.8,110,4,3147.7,13,1,3147.6,45,4,3147.5,102,6,3149.0,10,1,3149.1,34,3,3149.2,14,1,3149.3,338,5,3149.4,31,2
2031,2026-06-16 13:58:16+05:30,3147.9,4,3132.75,2632231,129478.0,203164.0,3163.0,3163.0,3108.0,3134.3,31911600,3447.7,2820.9,3839.9,2896.0,3148.0,5,1,3147.8,110,4,3147.7,13,1,3147.6,45,4,3147.5,102,6,3149.0,10,1,3149.1,34,3,3149.2,14,1,3149.3,338,5,3149.4,31,2
2031,2026-06-16 13:58:17+05:30,3148.0,1,3132.75,2632237,129083.0,203143.0,3163.0,3163.0,3108.0,3134.3,31911600,3447.7,2820.9,3839.9,2896.0,3148.0,17,3,3147.9,10,1,3147.8,53,2,3147.7,16,2,3147.6,58,5,3148.5,1,1,3149.1,25,2,3149.2,200,1,3149.3,98,2,3149.4,71,4
2031,2026-06-16 13:58:17+05:30,3148.0,1,3132.75,2632237,129083.0,203143.0,3163.0,3163.0,3108.0,3134.3,31911600,3447.7,2820.9,3839.9,2896.0,3148.0,17,3,3147.9,10,1,3147.8,53,2,3147.7,16,2,3147.6,58,5,3148.5,1,1,3149.1,25,2,3149.2,200,1,3149.3,98,2,3149.4,71,4
2031,2026-06-16 13:58:18+05:30,3149.1,14,3132.75,2632256,129316.0,203098.0,3163.0,3163.0,3108.0,3134.3,31911600,3447.7,2820.9,3839.9,2896.0,3148.0,14,2,3147.9,10,1,3147.8,53,2,3147.7,17,2,3147.6,57,4,3149.1,8,1,3149.2,45,1,3149.3,300,4,3149.4,71,4,3149.6,90,3
2031,2026-06-16 13:58:18+05:30,3149.1,14,3132.75,2632256,129316.0,203098.0,3163.0,3163.0,3108.0,3134.3,31911600,3447.7,2820.9,3839.9,2896.0,3148.0,14,2,3147.9,10,1,3147.8,53,2,3147.7,17,2,3147.6,57,4,3149.1,8,1,3149.2,45,1,3149.3,300,4,3149.4,71,4,3149.6,90,3
2031,2026-06-16 13:58:19+05:30,3149.1,14,3132.75,2632256,129391.0,202812.0,3163.0,3163.0,3108.0,3134.3,31911600,3447.7,2820.9,3839.9,2896.0,3148.0,4,1,3147.8,15,1,3147.7,3,1,3147.6,57,4,3147.5,61,3,3149.1,19,2,3149.2,245,2,3149.3,144,5,3149.4,71,4,3149.6,90,3
2031,2026-06-16 13:58:19+05:30,3149.1,1,3132.75,2632256,129391.0,202812.0,3163.0,3163.0,3108.0,3134.3,31911600,3447.7,2820.9,3839.9,2896.0,3148.0,4,1,3147.8,15,1,3147.7,3,1,3147.6,57,4,3147.5,61,3,3149.1,19,2,3149.2,245,2,3149.3,144,5,3149.4,71,4,3149.6,90,3
2031,2026-06-16 13:58:20+05:30,3149.1,1,3132.75,2632357,129473.0,203352.0,3163.0,3163.0,3108.0,3134.3,31911600,3447.7,2820.9,3839.9,2896.0,3148.0,17,1,3147.6,11,1,3147.5,21,1,3147.4,42,3,3147.3,149,5,3148.8,9,1,3148.9,214,2,3149.0,36,3,3149.1,54,7,3149.2,98,3
2031,2026-06-16 13:58:21+05:30,3148.9,1,3132.75,2632358,129473.0,203355.0,3163.0,3163.0,3108.0,3134.3,31911600,3447.7,2820.9,3839.9,2896.0,3148.0,17,1,3147.6,11,1,3147.5,21,1,3147.4,42,3,3147.3,149,5,3148.9,222,3,3149.0,36,3,3149.1,54,7,3149.2,98,3,3149.3,98,2
2031,2026-06-16 13:58:21+05:30,3148.0,7,3132.75,2632358,129473.0,203355.0,3163.0,3163.0,3108.0,3134.3,31911600,3447.7,2820.9,3839.9,2896.0,3148.0,17,1,3147.6,11,1,3147.5,21,1,3147.4,42,3,3147.3,149,5,3148.9,222,3,3149.0,36,3,3149.1,54,7,3149.2,98,3,3149.3,98,2
2031,2026-06-16 13:58:22+05:30,3148.0,7,3132.75,2632365,129189.0,203598.0,3163.0,3163.0,3108.0,3134.3,31911600,3447.7,2820.9,3839.9,2896.0,3148.0,10,1,3147.5,21,1,3147.4,45,3,3147.3,44,3,3147.2,25,3,3148.7,9,1,3148.9,287,8,3149.0,126,6,3149.1,75,3,3149.2,198,4
2031,2026-06-16 13:58:22+05:30,3148.8,10,3132.75,2632365,129189.0,203598.0,3163.0,3163.0,3108.0,3134.3,31911600,3447.7,2820.9,3839.9,2896.0,3148.0,10,1,3147.5,21,1,3147.4,45,3,3147.3,44,3,3147.2,25,3,3148.7,9,1,3148.9,287,8,3149.0,126,6,3149.1,75,3,3149.2,198,4
2031,2026-06-16 13:58:23+05:30,3148.0,39,3132.75,2632425,129120.0,203416.0,3163.0,3163.0,3108.0,3134.3,31911600,3447.7,2820.9,3839.9,2896.0,3148.0,17,1,3147.5,21,1,3147.4,30,2,3147.3,44,3,3147.2,13,2,3148.7,196,2,3148.8,42,3,3148.9,76,7,3149.0,72,2,3149.1,78,2
2031,2026-06-16 13:58:23+05:30,3148.0,39,3132.75,2632425,129120.0,203416.0,3163.0,3163.0,3108.0,3134.3,31911600,3447.7,2820.9,3839.9,2896.0,3148.0,17,1,3147.5,21,1,3147.4,30,2,3147.3,44,3,3147.2,13,2,3148.7,196,2,3148.8,42,3,3148.9,76,7,3149.0,72,2,3149.1,78,2
2031,2026-06-16 13:58:24+05:30,3148.0,39,3132.75,2632425,129120.0,203416.0,3163.0,3163.0,3108.0,3134.3,31911600,3447.7,2820.9,3839.9,2896.0,3148.0,17,1,3147.5,21,1,3147.4,30,2,3147.3,44,3,3147.2,13,2,3148.7,196,2,3148.8,42,3,3148.9,76,7,3149.0,72,2,3149.1,78,2
2031,2026-06-16 13:58:24+05:30,3148.0,39,3132.75,2632425,129141.0,203408.0,3163.0,3163.0,3108.0,3134.3,31911600,3447.7,2820.9,3839.9,2896.0,3148.0,17,1,3147.5,21,1,3147.4,30,2,3147.3,44,3,3147.2,13,2,3148.7,198,3,3148.8,42,3,3148.9,65,5,3149.0,72,2,3149.1,78,2
2031,2026-06-16 13:58:25+05:30,3148.0,39,3132.75,2632425,129135.0,203522.0,3163.0,3163.0,3108.0,3134.3,31911600,3447.7,2820.9,3839.9,2896.0,3148.0,17,1,3147.5,21,1,3147.4,30,2,3147.3,44,3,3147.2,13,2,3148.7,253,5,3148.8,42,3,3148.9,35,4,3149.0,102,3,3149.1,78,2
2031,2026-06-16 13:58:25+05:30,3148.0,39,3132.75,2632425,129135.0,203522.0,3163.0,3163.0,3108.0,3134.3,31911600,3447.7,2820.9,3839.9,2896.0,3148.0,17,1,3147.5,21,1,3147.4,30,2,3147.3,44,3,3147.2,13,2,3148.7,253,5,3148.8,42,3,3148.9,35,4,3149.0,102,3,3149.1,78,2
2031,2026-06-16 13:58:26+05:30,3148.7,1,3132.75,2632434,129211.0,203844.0,3163.0,3163.0,3108.0,3134.3,31911600,3447.7,2820.9,3839.9,2896.0,3148.0,16,1,3147.7,18,1,3147.4,14,1,3147.3,44,3,3147.2,16,3,3148.2,1,1,3148.7,266,6,3148.9,39,4,3149.0,80,2,3149.1,78,2
2031,2026-06-16 13:58:26+05:30,3148.7,1,3132.75,2632434,129211.0,203844.0,3163.0,3163.0,3108.0,3134.3,31911600,3447.7,2820.9,3839.9,2896.0,3148.0,16,1,3147.7,18,1,3147.4,14,1,3147.3,44,3,3147.2,16,3,3148.2,1,1,3148.7,266,6,3148.9,39,4,3149.0,80,2,3149.1,78,2
2031,2026-06-16 13:58:27+05:30,3148.7,1,3132.75,2632434,129160.0,203664.0,3163.0,3163.0,3108.0,3134.3,31911600,3447.7,2820.9,3839.9,2896.0,3148.0,16,1,3147.4,56,4,3147.3,78,4,3147.2,16,3,3147.1,39,3,3148.2,1,1,3148.7,266,6,3148.9,14,1,3149.0,52,2,3149.1,78,2
2031,2026-06-16 13:58:28+05:30,3148.7,1,3132.75,2632434,129160.0,203664.0,3163.0,3163.0,3108.0,3134.3,31911600,3447.7,2820.9,3839.9,2896.0,3148.0,16,1,3147.4,56,4,3147.3,78,4,3147.2,16,3,3147.1,39,3,3148.2,1,1,3148.7,266,6,3148.9,14,1,3149.0,52,2,3149.1,78,2
2031,2026-06-16 13:58:28+05:30,3148.7,1,3132.75,2632434,129158.0,203665.0,3163.0,3163.0,3108.0,3134.3,31911600,3447.7,2820.9,3839.9,2896.0,3148.0,16,1,3147.4,56,4,3147.3,78,4,3147.2,16,3,3147.1,39,3,3148.2,1,1,3148.7,266,6,3148.9,14,1,3149.0,252,3,3149.1,78,2
2031,2026-06-16 13:58:29+05:30,3148.7,1,3132.75,2632434,128937.0,203867.0,3163.0,3163.0,3108.0,3134.3,31911600,3447.7,2820.9,3839.9,2896.0,3148.0,16,1,3147.4,47,3,3147.3,69,3,3147.2,16,3,3147.1,38,3,3148.2,15,3,3148.7,266,6,3148.8,2,1,3148.9,52,2,3149.0,250,2
2031,2026-06-16 13:58:30+05:30,3148.7,1,3132.75,2632434,128937.0,203867.0,3163.0,3163.0,3108.0,3134.3,31911600,3447.7,2820.9,3839.9,2896.0,3148.0,16,1,3147.4,47,3,3147.3,69,3,3147.2,16,3,3147.1,38,3,3148.2,15,3,3148.7,266,6,3148.8,2,1,3148.9,52,2,3149.0,250,2
2031,2026-06-16 13:58:30+05:30,3148.7,1,3132.75,2632434,128776.0,204304.0,3163.0,3163.0,3108.0,3134.3,31911600,3447.7,2820.9,3839.9,2896.0,3148.1,2,2,3148.0,22,3,3147.4,35,2,3147.3,31,2,3147.2,4,2,3148.2,45,6,3148.3,179,1,3148.4,39,1,3148.5,3,1,3148.6,62,3
2031,2026-06-16 13:58:31+05:30,3148.1,1,3132.75,2632438,128946.0,204288.0,3163.0,3163.0,3108.0,3134.3,31911600,3447.7,2820.9,3839.9,2896.0,3148.0,39,4,3147.4,14,1,3147.3,10,1,3147.2,3,1,3147.1,25,2,3148.1,1,1,3148.2,44,5,3148.3,179,1,3148.4,39,1,3148.5,3,1
2031,2026-06-16 13:58:31+05:30,3148.1,1,3132.75,2632438,128946.0,204288.0,3163.0,3163.0,3108.0,3134.3,31911600,3447.7,2820.9,3839.9,2896.0,3148.0,39,4,3147.4,14,1,3147.3,10,1,3147.2,3,1,3147.1,25,2,3148.1,1,1,3148.2,44,5,3148.3,179,1,3148.4,39,1,3148.5,3,1
2031,2026-06-16 13:58:32+05:30,3148.3,121,3132.75,2632680,128929.0,203927.0,3163.0,3163.0,3108.0,3134.3,31911600,3447.7,2820.9,3839.9,2896.0,3148.0,21,3,3147.4,14,1,3147.3,31,2,3147.2,3,1,3147.1,25,2,3148.3,58,1,3148.6,79,3,3148.7,102,4,3148.8,103,4,3148.9,279,3
2031,2026-06-16 13:58:32+05:30,3148.3,121,3132.75,2632680,128929.0,203927.0,3163.0,3163.0,3108.0,3134.3,31911600,3447.7,2820.9,3839.9,2896.0,3148.0,21,3,3147.4,14,1,3147.3,31,2,3147.2,3,1,3147.1,25,2,3148.3,58,1,3148.6,79,3,3148.7,102,4,3148.8,103,4,3148.9,279,3
2031,2026-06-16 13:58:32+05:30,3148.3,1,3132.75,2632680,128929.0,203927.0,3163.0,3163.0,3108.0,3134.3,31911600,3447.7,2820.9,3839.9,2896.0,3148.0,21,3,3147.4,14,1,3147.3,31,2,3147.2,3,1,3147.1,25,2,3148.3,58,1,3148.6,79,3,3148.7,102,4,3148.8,103,4,3148.9,279,3
2031,2026-06-16 13:58:33+05:30,3148.0,9,3132.75,2632738,126685.0,204561.0,3163.0,3163.0,3108.0,3134.3,31911600,3447.7,2820.9,3839.9,2896.0,3148.0,12,3,3147.4,14,1,3147.3,10,1,3147.2,3,1,3147.1,25,2,3148.2,200,1,3148.3,46,2,3148.4,40,2,3148.6,72,4,3148.7,289,4
2031,2026-06-16 13:58:33+05:30,3148.0,9,3132.75,2632738,126685.0,204561.0,3163.0,3163.0,3108.0,3134.3,31911600,3447.7,2820.9,3839.9,2896.0,3148.0,12,3,3147.4,14,1,3147.3,10,1,3147.2,3,1,3147.1,25,2,3148.2,200,1,3148.3,46,2,3148.4,40,2,3148.6,72,4,3148.7,289,4
2031,2026-06-16 13:58:34+05:30,3148.0,9,3132.75,2632738,126685.0,204561.0,3163.0,3163.0,3108.0,3134.3,31911600,3447.7,2820.9,3839.9,2896.0,3148.0,12,3,3147.4,14,1,3147.3,10,1,3147.2,3,1,3147.1,25,2,3148.2,200,1,3148.3,46,2,3148.4,40,2,3148.6,72,4,3148.7,289,4
2031,2026-06-16 13:58:34+05:30,3148.2,24,3132.75,2632762,129104.0,204324.0,3163.0,3163.0,3108.0,3134.3,31911600,3447.7,2820.9,3839.9,2896.0,3148.0,50,4,3147.4,14,1,3147.3,10,1,3147.2,3,1,3147.1,38,3,3148.2,176,1,3148.3,16,1,3148.6,27,1,3148.7,251,3,3148.8,96,4
2031,2026-06-16 13:58:34+05:30,3148.1,1,3132.75,2632762,129104.0,204324.0,3163.0,3163.0,3108.0,3134.3,31911600,3447.7,2820.9,3839.9,2896.0,3148.0,50,4,3147.4,14,1,3147.3,10,1,3147.2,3,1,3147.1,38,3,3148.2,176,1,3148.3,16,1,3148.6,27,1,3148.7,251,3,3148.8,96,4
2031,2026-06-16 13:58:35+05:30,3148.0,2,3132.75,2632765,129278.0,204242.0,3163.0,3163.0,3108.0,3134.3,31911600,3447.7,2820.9,3839.9,2896.0,3148.0,48,4,3147.4,14,1,3147.3,30,2,3147.2,16,2,3147.1,40,4,3148.1,175,1,3148.2,16,1,3148.7,251,3,3148.8,60,3,3148.9,38,1
2031,2026-06-16 13:58:35+05:30,3148.0,2,3132.75,2632765,129278.0,204242.0,3163.0,3163.0,3108.0,3134.3,31911600,3447.7,2820.9,3839.9,2896.0,3148.0,48,4,3147.4,14,1,3147.3,30,2,3147.2,16,2,3147.1,40,4,3148.1,175,1,3148.2,16,1,3148.7,251,3,3148.8,60,3,3148.9,38,1
2031,2026-06-16 13:58:35+05:30,3148.0,2,3132.75,2632765,129278.0,204242.0,3163.0,3163.0,3108.0,3134.3,31911600,3447.7,2820.9,3839.9,2896.0,3148.0,48,4,3147.4,14,1,3147.3,30,2,3147.2,16,2,3147.1,40,4,3148.1,175,1,3148.2,16,1,3148.7,251,3,3148.8,60,3,3148.9,38,1
2031,2026-06-16 13:58:36+05:30,3148.0,2,3132.75,2632765,129278.0,204242.0,3163.0,3163.0,3108.0,3134.3,31911600,3447.7,2820.9,3839.9,2896.0,3148.0,48,4,3147.4,14,1,3147.3,30,2,3147.2,16,2,3147.1,40,4,3148.1,175,1,3148.2,16,1,3148.7,251,3,3148.8,60,3,3148.9,38,1
2031,2026-06-16 13:58:36+05:30,3148.1,10,3132.75,2632775,129187.0,204278.0,3163.0,3163.0,3108.0,3134.3,31911600,3447.7,2820.9,3839.9,2896.0,3148.1,6,1,3148.0,48,4,3147.4,14,1,3147.3,30,2,3147.2,16,2,3148.2,192,3,3148.7,51,2,3148.8,224,3,3148.9,38,1,3149.0,384,6
2031,2026-06-16 13:58:36+05:30,3148.2,126,3132.75,2632775,129187.0,204278.0,3163.0,3163.0,3108.0,3134.3,31911600,3447.7,2820.9,3839.9,2896.0,3148.1,6,1,3148.0,48,4,3147.4,14,1,3147.3,30,2,3147.2,16,2,3148.2,192,3,3148.7,51,2,3148.8,224,3,3148.9,38,1,3149.0,384,6
2031,2026-06-16 13:58:36+05:30,3148.2,126,3132.75,2632775,129187.0,204278.0,3163.0,3163.0,3108.0,3134.3,31911600,3447.7,2820.9,3839.9,2896.0,3148.1,6,1,3148.0,48,4,3147.4,14,1,3147.3,30,2,3147.2,16,2,3148.2,192,3,3148.7,51,2,3148.8,224,3,3148.9,38,1,3149.0,384,6
2031,2026-06-16 13:58:37+05:30,3148.2,126,3132.75,2632775,129187.0,204278.0,3163.0,3163.0,3108.0,3134.3,31911600,3447.7,2820.9,3839.9,2896.0,3148.1,6,1,3148.0,48,4,3147.4,14,1,3147.3,30,2,3147.2,16,2,3148.2,192,3,3148.7,51,2,3148.8,224,3,3148.9,38,1,3149.0,384,6
2031,2026-06-16 13:58:37+05:30,3148.2,7,3132.75,2632926,129216.0,203835.0,3163.0,3163.0,3108.0,3134.3,31911600,3447.7,2820.9,3839.9,2896.0,3148.1,36,1,3148.0,48,4,3147.7,3,1,3147.5,29,3,3147.4,61,3,3148.2,55,2,3148.7,51,2,3148.8,200,1,3149.0,250,2,3149.1,266,3
2031,2026-06-16 13:58:37+05:30,3148.0,1,3132.75,2632926,129216.0,203835.0,3163.0,3163.0,3108.0,3134.3,31911600,3447.7,2820.9,3839.9,2896.0,3148.1,36,1,3148.0,48,4,3147.7,3,1,3147.5,29,3,3147.4,61,3,3148.2,55,2,3148.7,51,2,3148.8,200,1,3149.0,250,2,3149.1,266,3
2031,2026-06-16 13:58:38+05:30,3148.0,1,3132.75,2632926,129216.0,203835.0,3163.0,3163.0,3108.0,3134.3,31911600,3447.7,2820.9,3839.9,2896.0,3148.1,36,1,3148.0,48,4,3147.7,3,1,3147.5,29,3,3147.4,61,3,3148.2,55,2,3148.7,51,2,3148.8,200,1,3149.0,250,2,3149.1,266,3
2031,2026-06-16 13:58:38+05:30,3148.0,1,3132.75,2632967,129283.0,204273.0,3163.0,3163.0,3108.0,3134.3,31911600,3447.7,2820.9,3839.9,2896.0,3148.1,4,1,3148.0,54,3,3147.4,23,2,3147.3,43,3,3147.2,28,3,3148.2,214,2,3148.7,51,2,3148.8,202,2,3148.9,108,3,3149.0,250,2
2031,2026-06-16 13:58:38+05:30,3148.0,1,3132.75,2632967,129283.0,204273.0,3163.0,3163.0,3108.0,3134.3,31911600,3447.7,2820.9,3839.9,2896.0,3148.1,4,1,3148.0,54,3,3147.4,23,2,3147.3,43,3,3147.2,28,3,3148.2,214,2,3148.7,51,2,3148.8,202,2,3148.9,108,3,3149.0,250,2
2031,2026-06-16 13:58:39+05:30,3147.4,20,3132.75,2633183,128374.0,204697.0,3163.0,3163.0,3108.0,3134.3,31911600,3447.7,2820.9,3839.9,2896.0,3147.4,14,1,3147.3,10,1,3147.1,5,1,3147.0,56,4,3146.9,20,1,3148.2,290,5,3148.5,25,3,3148.6,39,2,3148.7,38,1,3148.8,274,5
2031,2026-06-16 13:58:39+05:30,3147.4,20,3132.75,2633183,128374.0,204697.0,3163.0,3163.0,3108.0,3134.3,31911600,3447.7,2820.9,3839.9,2896.0,3147.4,14,1,3147.3,10,1,3147.1,5,1,3147.0,56,4,3146.9,20,1,3148.2,290,5,3148.5,25,3,3148.6,39,2,3148.7,38,1,3148.8,274,5
2031,2026-06-16 13:58:39+05:30,3147.4,20,3132.75,2633183,128374.0,204697.0,3163.0,3163.0,3108.0,3134.3,31911600,3447.7,2820.9,3839.9,2896.0,3147.4,14,1,3147.3,10,1,3147.1,5,1,3147.0,56,4,3146.9,20,1,3148.2,290,5,3148.5,25,3,3148.6,39,2,3148.7,38,1,3148.8,274,5
2031,2026-06-16 13:58:40+05:30,3147.4,20,3132.75,2633183,128374.0,204697.0,3163.0,3163.0,3108.0,3134.3,31911600,3447.7,2820.9,3839.9,2896.0,3147.4,14,1,3147.3,10,1,3147.1,5,1,3147.0,56,4,3146.9,20,1,3148.2,290,5,3148.5,25,3,3148.6,39,2,3148.7,38,1,3148.8,274,5
2031,2026-06-16 13:58:40+05:30,3147.4,20,3132.75,2633183,128383.0,204917.0,3163.0,3163.0,3108.0,3134.3,31911600,3447.7,2820.9,3839.9,2896.0,3148.1,2,1,3147.3,10,1,3147.2,13,1,3147.1,27,2,3147.0,29,4,3148.2,302,6,3148.3,30,1,3148.5,43,4,3148.6,39,2,3148.7,65,2
2031,2026-06-16 13:58:41+05:30,3147.4,20,3132.75,2633183,128383.0,204917.0,3163.0,3163.0,3108.0,3134.3,31911600,3447.7,2820.9,3839.9,2896.0,3148.1,2,1,3147.3,10,1,3147.2,13,1,3147.1,27,2,3147.0,29,4,3148.2,302,6,3148.3,30,1,3148.5,43,4,3148.6,39,2,3148.7,65,2
2031,2026-06-16 13:58:41+05:30,3148.2,25,3132.75,2633218,128781.0,204733.0,3163.0,3163.0,3108.0,3134.3,31911600,3447.7,2820.9,3839.9,2896.0,3148.1,2,1,3147.4,160,1,3147.3,50,2,3147.2,13,1,3147.1,27,2,3148.2,267,6,3148.7,38,1,3148.8,224,3,3148.9,101,3,3149.0,405,6
2031,2026-06-16 13:58:41+05:30,3148.2,25,3132.75,2633218,128781.0,204733.0,3163.0,3163.0,3108.0,3134.3,31911600,3447.7,2820.9,3839.9,2896.0,3148.1,2,1,3147.4,160,1,3147.3,50,2,3147.2,13,1,3147.1,27,2,3148.2,267,6,3148.7,38,1,3148.8,224,3,3148.9,101,3,3149.0,405,6
2031,2026-06-16 13:58:42+05:30,3148.2,25,3132.75,2633218,128781.0,204733.0,3163.0,3163.0,3108.0,3134.3,31911600,3447.7,2820.9,3839.9,2896.0,3148.1,2,1,3147.4,160,1,3147.3,50,2,3147.2,13,1,3147.1,27,2,3148.2,267,6,3148.7,38,1,3148.8,224,3,3148.9,101,3,3149.0,405,6
2031,2026-06-16 13:58:42+05:30,3147.2,13,3132.75,2633419,128683.0,205008.0,3163.0,3163.0,3108.0,3134.3,31911600,3447.7,2820.9,3839.9,2896.0,3147.2,28,4,3147.1,5,1,3147.0,44,3,3146.9,26,2,3146.8,1,1,3148.2,266,6,3148.7,12,2,3148.8,220,2,3148.9,77,2,3149.0,311,5
2031,2026-06-16 13:58:42+05:30,3147.2,13,3132.75,2633419,128683.0,205008.0,3163.0,3163.0,3108.0,3134.3,31911600,3447.7,2820.9,3839.9,2896.0,3147.2,28,4,3147.1,5,1,3147.0,44,3,3146.9,26,2,3146.8,1,1,3148.2,266,6,3148.7,12,2,3148.8,220,2,3148.9,77,2,3149.0,311,5
2031,2026-06-16 13:58:42+05:30,3148.2,1,3132.75,2633419,128683.0,205008.0,3163.0,3163.0,3108.0,3134.3,31911600,3447.7,2820.9,3839.9,2896.0,3147.2,28,4,3147.1,5,1,3147.0,44,3,3146.9,26,2,3146.8,1,1,3148.2,266,6,3148.7,12,2,3148.8,220,2,3148.9,77,2,3149.0,311,5
2031,2026-06-16 13:58:43+05:30,3148.2,1,3132.75,2633420,128803.0,204385.0,3163.0,3163.0,3108.0,3134.3,31911600,3447.7,2820.9,3839.9,2896.0,3148.1,1,1,3148.0,17,1,3147.4,22,2,3147.2,48,5,3147.1,42,4,3148.2,265,6,3148.7,2,1,3148.8,200,1,3148.9,55,1,3149.0,311,5
2031,2026-06-16 13:58:43+05:30,3148.2,1,3132.75,2633420,128803.0,204385.0,3163.0,3163.0,3108.0,3134.3,31914000,3447.7,2820.9,3839.9,2896.0,3148.1,1,1,3148.0,17,1,3147.4,22,2,3147.2,48,5,3147.1,42,4,3148.2,265,6,3148.7,2,1,3148.8,200,1,3148.9,55,1,3149.0,311,5
2031,2026-06-16 13:58:44+05:30,3148.1,1,3132.75,2633443,129023.0,204512.0,3163.0,3163.0,3108.0,3134.3,31914000,3447.7,2820.9,3839.9,2896.0,3148.0,17,1,3147.4,22,2,3147.2,46,4,3147.1,80,5,3147.0,40,5,3148.2,291,8,3148.8,202,2,3148.9,68,2,3149.0,311,5,3149.1,296,4
2031,2026-06-16 13:58:44+05:30,3148.0,50,3132.75,2633443,129023.0,204512.0,3163.0,3163.0,3108.0,3134.3,31914000,3447.7,2820.9,3839.9,2896.0,3148.0,17,1,3147.4,22,2,3147.2,46,4,3147.1,80,5,3147.0,40,5,3148.2,291,8,3148.8,202,2,3148.9,68,2,3149.0,311,5,3149.1,296,4
2031,2026-06-16 13:58:45+05:30,3148.0,50,3132.75,2633493,128853.0,204245.0,3163.0,3163.0,3108.0,3134.3,31914000,3447.7,2820.9,3839.9,2896.0,3148.1,2,2,3148.0,1,1,3147.4,37,3,3147.2,43,5,3147.1,50,5,3148.2,300,9,3148.8,202,2,3148.9,68,2,3149.0,261,4,3149.1,266,3
2031,2026-06-16 13:58:45+05:30,3148.2,1,3132.75,2633493,128853.0,204245.0,3163.0,3163.0,3108.0,3134.3,31914000,3447.7,2820.9,3839.9,2896.0,3148.1,2,2,3148.0,1,1,3147.4,37,3,3147.2,43,5,3147.1,50,5,3148.2,300,9,3148.8,202,2,3148.9,68,2,3149.0,261,4,3149.1,266,3
2031,2026-06-16 13:58:46+05:30,3148.2,1,3132.75,2633494,128748.0,204349.0,3163.0,3163.0,3108.0,3134.3,31914000,3447.7,2820.9,3839.9,2896.0,3148.1,2,2,3148.0,18,2,3147.8,5,1,3147.7,13,1,3147.6,7,1,3148.2,299,9,3148.8,202,2,3148.9,68,2,3149.0,261,4,3149.1,266,3
2031,2026-06-16 13:58:46+05:30,3148.0,3,3132.75,2633494,128748.0,204349.0,3163.0,3163.0,3108.0,3134.3,31914000,3447.7,2820.9,3839.9,2896.0,3148.1,2,2,3148.0,18,2,3147.8,5,1,3147.7,13,1,3147.6,7,1,3148.2,299,9,3148.8,202,2,3148.9,68,2,3149.0,261,4,3149.1,266,3
2031,2026-06-16 13:58:47+05:30,3148.2,5,3132.75,2633508,128784.0,204307.0,3163.0,3163.0,3108.0,3134.3,31914000,3447.7,2820.9,3839.9,2896.0,3148.0,1,1,3147.7,18,2,3147.6,7,1,3147.5,3,1,3147.4,26,2,3148.2,295,10,3148.8,200,1,3148.9,55,1,3149.0,261,4,3149.1,268,4
2031,2026-06-16 13:58:47+05:30,3148.2,1,3132.75,2633508,128784.0,204307.0,3163.0,3163.0,3108.0,3134.3,31914000,3447.7,2820.9,3839.9,2896.0,3148.0,1,1,3147.7,18,2,3147.6,7,1,3147.5,3,1,3147.4,26,2,3148.2,295,10,3148.8,200,1,3148.9,55,1,3149.0,261,4,3149.1,268,4
2031,2026-06-16 13:58:48+05:30,3148.2,1,3132.75,2633509,128412.0,204442.0,3163.0,3163.0,3108.0,3134.3,31914000,3447.7,2820.9,3839.9,2896.0,3148.0,1,1,3147.8,17,1,3147.7,13,1,3147.6,7,1,3147.5,3,1,3148.2,294,10,3148.7,40,2,3148.8,200,1,3148.9,55,1,3149.0,274,5
2031,2026-06-16 13:58:49+05:30,3148.2,1,3132.75,2633509,128374.0,204434.0,3163.0,3163.0,3108.0,3134.3,31914000,3447.7,2820.9,3839.9,2896.0,3148.0,1,1,3147.8,17,1,3147.6,7,1,3147.5,3,1,3147.4,9,1,3148.2,285,9,3148.7,40,2,3148.8,200,1,3148.9,55,1,3149.0,274,5
2031,2026-06-16 13:58:50+05:30,3148.2,22,3132.75,2633509,128374.0,204434.0,3163.0,3163.0,3108.0,3134.3,31914000,3447.7,2820.9,3839.9,2896.0,3148.0,1,1,3147.8,17,1,3147.6,7,1,3147.5,3,1,3147.4,9,1,3148.2,285,9,3148.7,40,2,3148.8,200,1,3148.9,55,1,3149.0,274,5
2031,2026-06-16 13:58:50+05:30,3148.2,22,3132.75,2633679,128414.0,204293.0,3163.0,3163.0,3108.0,3134.3,31914000,3447.7,2820.9,3839.9,2896.0,3148.0,1,1,3147.5,3,1,3147.4,9,1,3147.3,3,1,3147.2,42,4,3148.2,315,8,3148.7,40,2,3148.8,230,2,3148.9,55,1,3149.0,302,5
2031,2026-06-16 13:58:51+05:30,3148.2,2,3132.75,2633679,128414.0,204293.0,3163.0,3163.0,3108.0,3134.3,31914000,3447.7,2820.9,3839.9,2896.0,3148.0,1,1,3147.5,3,1,3147.4,9,1,3147.3,3,1,3147.2,42,4,3148.2,315,8,3148.7,40,2,3148.8,230,2,3148.9,55,1,3149.0,302,5
2031,2026-06-16 13:58:51+05:30,3148.2,2,3132.77,2636203,130380.0,201015.0,3163.0,3163.0,3108.0,3134.3,31914000,3447.7,2820.9,3839.9,2896.0,3148.2,33,3,3148.1,54,3,3148.0,81,6,3147.9,231,4,3147.8,241,4,3149.4,200,1,3149.5,55,3,3149.6,19,2,3149.7,2,1,3149.8,62,4
2031,2026-06-16 13:58:52+05:30,3148.3,2,3132.77,2636203,130380.0,201015.0,3163.0,3163.0,3108.0,3134.3,31914000,3447.7,2820.9,3839.9,2896.0,3148.2,33,3,3148.1,54,3,3148.0,81,6,3147.9,231,4,3147.8,241,4,3149.4,200,1,3149.5,55,3,3149.6,19,2,3149.7,2,1,3149.8,62,4
2031,2026-06-16 13:58:52+05:30,3148.3,2,3132.77,2636230,131159.0,200894.0,3163.0,3163.0,3108.0,3134.3,31914000,3447.7,2820.9,3839.9,2896.0,3148.3,31,4,3148.2,244,8,3148.1,108,6,3148.0,106,7,3147.9,274,8,3149.4,34,2,3149.5,180,1,3149.6,19,2,3149.7,2,1,3149.8,25,3
2031,2026-06-16 13:58:53+05:30,3148.7,1,3132.77,2636479,131999.0,200579.0,3163.0,3163.0,3108.0,3134.3,31914000,3447.7,2820.9,3839.9,2896.0,3148.7,12,1,3148.6,58,3,3148.5,60,6,3148.4,42,3,3148.3,95,5,3149.7,200,1,3149.8,17,1,3149.9,14,1,3150.0,3251,38,3150.1,27,2
2031,2026-06-16 13:58:53+05:30,3148.7,1,3132.77,2636479,131999.0,200579.0,3163.0,3163.0,3108.0,3134.3,31914000,3447.7,2820.9,3839.9,2896.0,3148.7,12,1,3148.6,58,3,3148.5,60,6,3148.4,42,3,3148.3,95,5,3149.7,200,1,3149.8,17,1,3149.9,14,1,3150.0,3251,38,3150.1,27,2
2031,2026-06-16 13:58:54+05:30,3148.7,1,3132.77,2636479,131859.0,200775.0,3163.0,3163.0,3108.0,3134.3,31914000,3447.7,2820.9,3839.9,2896.0,3148.7,122,2,3148.6,45,2,3148.5,64,6,3148.4,39,2,3148.3,111,7,3149.7,210,2,3149.9,10,1,3150.0,3230,37,3150.2,58,2,3150.3,200,1
2031,2026-06-16 13:58:55+05:30,3149.7,8,3132.77,2636479,131859.0,200775.0,3163.0,3163.0,3108.0,3134.3,31914000,3447.7,2820.9,3839.9,2896.0,3148.7,122,2,3148.6,45,2,3148.5,64,6,3148.4,39,2,3148.3,111,7,3149.7,210,2,3149.9,10,1,3150.0,3230,37,3150.2,58,2,3150.3,200,1
2031,2026-06-16 13:58:55+05:30,3149.7,8,3132.77,2636487,131882.0,200807.0,3163.0,3163.0,3108.0,3134.3,31914000,3447.7,2820.9,3839.9,2896.0,3148.7,122,2,3148.6,60,3,3148.5,64,6,3148.4,39,2,3148.3,100,7,3149.7,240,3,3149.9,10,1,3150.0,3230,37,3150.2,58,2,3150.3,200,1
2031,2026-06-16 13:58:56+05:30,3149.2,1,3132.77,2636487,131882.0,200807.0,3163.0,3163.0,3108.0,3134.3,31914000,3447.7,2820.9,3839.9,2896.0,3148.7,122,2,3148.6,60,3,3148.5,64,6,3148.4,39,2,3148.3,100,7,3149.7,240,3,3149.9,10,1,3150.0,3230,37,3150.2,58,2,3150.3,200,1
2031,2026-06-16 13:58:56+05:30,3149.2,1,3132.77,2636489,131916.0,200323.0,3163.0,3163.0,3108.0,3134.3,31914000,3447.7,2820.9,3839.9,2896.0,3148.8,16,1,3148.7,152,5,3148.6,27,3,3148.5,88,9,3148.4,242,4,3149.2,1,1,3149.6,200,1,3149.7,38,1,3150.0,3231,37,3150.2,220,2
2031,2026-06-16 13:58:57+05:30,3149.2,1,3132.77,2636489,131936.0,200307.0,3163.0,3163.0,3108.0,3134.3,31914000,3447.7,2820.9,3839.9,2896.0,3148.8,148,5,3148.7,147,5,3148.6,40,4,3148.5,91,10,3148.4,239,3,3149.2,1,1,3149.6,200,1,3149.7,38,1,3150.0,3231,37,3150.2,220,2
2031,2026-06-16 13:58:58+05:30,3149.2,1,3132.77,2636489,131936.0,200307.0,3163.0,3163.0,3108.0,3134.3,31914000,3447.7,2820.9,3839.9,2896.0,3148.8,148,5,3148.7,147,5,3148.6,40,4,3148.5,91,10,3148.4,239,3,3149.2,1,1,3149.6,200,1,3149.7,38,1,3150.0,3231,37,3150.2,220,2
2031,2026-06-16 13:58:58+05:30,3149.2,1,3132.77,2636491,131936.0,200150.0,3163.0,3163.0,3108.0,3134.3,31914000,3447.7,2820.9,3839.9,2896.0,3148.8,148,5,3148.7,147,5,3148.6,40,4,3148.5,88,9,3148.4,242,4,3149.2,1,1,3149.6,200,1,3149.7,38,1,3150.0,3231,37,3150.2,220,2
2031,2026-06-16 13:58:59+05:30,3149.2,1,3132.77,2636491,131936.0,200150.0,3163.0,3163.0,3108.0,3134.3,31914000,3447.7,2820.9,3839.9,2896.0,3148.8,148,5,3148.7,147,5,3148.6,40,4,3148.5,88,9,3148.4,242,4,3149.2,1,1,3149.6,200,1,3149.7,38,1,3150.0,3231,37,3150.2,220,2
2031,2026-06-16 13:58:59+05:30,3149.2,1,3132.77,2636492,131934.0,200141.0,3163.0,3163.0,3108.0,3134.3,31914000,3447.7,2820.9,3839.9,2896.0,3148.8,183,5,3148.7,146,4,3148.6,40,4,3148.5,88,9,3148.4,42,3,3149.2,1,1,3149.6,200,1,3149.7,38,1,3150.0,3231,37,3150.2,220,2
2031,2026-06-16 13:59:00+05:30,3149.2,1,3132.77,2636492,131934.0,200141.0,3163.0,3163.0,3108.0,3134.3,31914000,3447.7,2820.9,3839.9,2896.0,3148.8,183,5,3148.7,146,4,3148.6,40,4,3148.5,88,9,3148.4,42,3,3149.2,1,1,3149.6,200,1,3149.7,38,1,3150.0,3231,37,3150.2,220,2
2031,2026-06-16 13:59:00+05:30,3149.2,1,3132.77,2636497,131937.0,200826.0,3163.0,3163.0,3108.0,3134.3,31914000,3447.7,2820.9,3839.9,2896.0,3149.2,13,2,3149.0,2,2,3148.8,161,5,3148.7,121,1,3148.5,66,6,3149.3,2,2,3149.6,200,1,3149.7,38,1,3150.0,3210,36,3150.1,38,1
2031,2026-06-16 13:59:01+05:30,3149.6,11,3132.77,2636497,131937.0,200826.0,3163.0,3163.0,3108.0,3134.3,31914000,3447.7,2820.9,3839.9,2896.0,3149.2,13,2,3149.0,2,2,3148.8,161,5,3148.7,121,1,3148.5,66,6,3149.3,2,2,3149.6,200,1,3149.7,38,1,3150.0,3210,36,3150.1,38,1
2031,2026-06-16 13:59:01+05:30,3149.6,11,3132.77,2636511,132666.0,201667.0,3163.0,3163.0,3108.0,3134.3,31914000,3447.7,2820.9,3839.9,2896.0,3149.3,15,1,3149.2,123,1,3149.0,2,2,3148.8,161,5,3148.7,121,1,3149.7,227,2,3150.0,3222,37,3150.3,229,2,3150.4,59,2,3150.5,172,3
2031,2026-06-16 13:59:02+05:30,3149.7,6,3132.77,2636641,132635.0,201627.0,3163.0,3163.0,3108.0,3134.3,31914000,3447.7,2820.9,3839.9,2896.0,3149.3,15,1,3149.2,123,1,3149.1,15,1,3149.0,2,2,3148.9,13,1,3149.7,221,2,3149.8,59,1,3150.0,3210,36,3150.3,229,2,3150.4,59,2
2031,2026-06-16 13:59:02+05:30,3149.7,6,3132.77,2636641,132635.0,201627.0,3163.0,3163.0,3108.0,3134.3,31914000,3447.7,2820.9,3839.9,2896.0,3149.3,15,1,3149.2,123,1,3149.1,15,1,3149.0,2,2,3148.9,13,1,3149.7,221,2,3149.8,59,1,3150.0,3210,36,3150.3,229,2,3150.4,59,2
2031,2026-06-16 13:59:03+05:30,3149.7,1,3132.77,2636642,132688.0,201393.0,3163.0,3163.0,3108.0,3134.3,31914000,3447.7,2820.9,3839.9,2896.0,3149.5,18,1,3149.3,146,2,3149.2,123,1,3149.0,5,3,3148.8,184,5,3149.7,220,2,3149.8,59,1,3150.0,3210,36,3150.3,200,1,3150.4,21,1
2031,2026-06-16 13:59:03+05:30,3149.7,1,3132.77,2636642,132688.0,201393.0,3163.0,3163.0,3108.0,3134.3,31914000,3447.7,2820.9,3839.9,2896.0,3149.5,18,1,3149.3,146,2,3149.2,123,1,3149.0,5,3,3148.8,184,5,3149.7,220,2,3149.8,59,1,3150.0,3210,36,3150.3,200,1,3150.4,21,1
2031,2026-06-16 13:59:04+05:30,3149.7,165,3132.77,2636809,132815.0,200763.0,3163.0,3163.0,3108.0,3134.3,31914000,3447.7,2820.9,3839.9,2896.0,3149.5,1,1,3149.3,146,2,3149.2,123,1,3149.0,5,3,3148.9,13,1,3149.7,49,2,3149.8,59,1,3150.0,3210,36,3150.3,200,1,3150.4,21,1
2031,2026-06-16 13:59:04+05:30,3149.7,165,3132.77,2636809,132815.0,200763.0,3163.0,3163.0,3108.0,3134.3,31914000,3447.7,2820.9,3839.9,2896.0,3149.5,1,1,3149.3,146,2,3149.2,123,1,3149.0,5,3,3148.9,13,1,3149.7,49,2,3149.8,59,1,3150.0,3210,36,3150.3,200,1,3150.4,21,1
2031,2026-06-16 13:59:05+05:30,3149.5,19,3132.77,2636809,132815.0,200763.0,3163.0,3163.0,3108.0,3134.3,31914000,3447.7,2820.9,3839.9,2896.0,3149.5,1,1,3149.3,146,2,3149.2,123,1,3149.0,5,3,3148.9,13,1,3149.7,49,2,3149.8,59,1,3150.0,3210,36,3150.3,200,1,3150.4,21,1
2031,2026-06-16 13:59:05+05:30,3149.5,19,3132.77,2636833,132806.0,201255.0,3163.0,3163.0,3108.0,3134.3,31914000,3447.7,2820.9,3839.9,2896.0,3149.5,119,2,3149.3,146,2,3149.2,123,1,3149.0,3,1,3148.9,30,2,3149.7,225,2,3149.8,59,1,3150.0,3210,36,3150.3,200,1,3150.4,28,1
2031,2026-06-16 13:59:06+05:30,3149.5,10,3132.77,2636833,132806.0,201255.0,3163.0,3163.0,3108.0,3134.3,31914000,3447.7,2820.9,3839.9,2896.0,3149.5,119,2,3149.3,146,2,3149.2,123,1,3149.0,3,1,3148.9,30,2,3149.7,225,2,3149.8,59,1,3150.0,3210,36,3150.3,200,1,3150.4,28,1
2031,2026-06-16 13:59:06+05:30,3149.5,10,3132.77,2636843,132774.0,201173.0,3163.0,3163.0,3108.0,3134.3,31914000,3447.7,2820.9,3839.9,2896.0,3149.5,109,2,3149.3,146,2,3149.2,123,1,3149.0,3,1,3148.9,30,2,3149.7,243,4,3149.8,59,1,3150.0,3210,36,3150.2,59,2,3150.3,200,1
2031,2026-06-16 13:59:07+05:30,3149.5,10,3132.77,2636843,132571.0,201289.0,3163.0,3163.0,3108.0,3134.3,31914000,3447.7,2820.9,3839.9,2896.0,3149.5,124,3,3149.3,146,2,3149.2,137,2,3149.0,3,1,3148.8,6,2,3149.6,200,1,3149.7,108,5,3149.8,59,1,3150.0,3210,36,3150.2,228,2
2031,2026-06-16 13:59:08+05:30,3149.6,1,3132.77,2636844,132596.0,201280.0,3163.0,3163.0,3108.0,3134.3,31914000,3447.7,2820.9,3839.9,2896.0,3149.5,124,3,3149.3,146,2,3149.2,137,2,3149.0,3,1,3148.8,1,1,3149.6,224,2,3149.7,83,4,3149.8,59,1,3150.0,3210,36,3150.2,228,2
2031,2026-06-16 13:59:09+05:30,3149.6,164,3132.77,2636844,132596.0,201280.0,3163.0,3163.0,3108.0,3134.3,31914000,3447.7,2820.9,3839.9,2896.0,3149.5,124,3,3149.3,146,2,3149.2,137,2,3149.0,3,1,3148.8,1,1,3149.6,224,2,3149.7,83,4,3149.8,59,1,3150.0,3210,36,3150.2,228,2
2031,2026-06-16 13:59:09+05:30,3149.6,164,3132.78,2637008,132581.0,200938.0,3163.0,3163.0,3108.0,3134.3,31914000,3447.7,2820.9,3839.9,2896.0,3149.5,109,2,3149.4,13,1,3149.3,146,2,3149.2,126,2,3149.0,3,1,3149.6,60,2,3149.7,83,4,3149.8,59,1,3150.0,3210,36,3150.2,28,1
2031,2026-06-16 13:59:10+05:30,3149.5,2,3132.78,2637008,132581.0,200938.0,3163.0,3163.0,3108.0,3134.3,31914000,3447.7,2820.9,3839.9,2896.0,3149.5,109,2,3149.4,13,1,3149.3,146,2,3149.2,126,2,3149.0,3,1,3149.6,60,2,3149.7,83,4,3149.8,59,1,3150.0,3210,36,3150.2,28,1
2031,2026-06-16 13:59:10+05:30,3149.5,2,3132.78,2637053,132565.0,201157.0,3163.0,3163.0,3108.0,3134.3,31914000,3447.7,2820.9,3839.9,2896.0,3149.5,88,3,3149.4,13,1,3149.3,146,2,3149.2,126,2,3149.0,3,1,3149.6,17,1,3149.7,283,5,3149.8,59,1,3150.0,3210,36,3150.2,65,2
2031,2026-06-16 13:59:11+05:30,3149.6,1,3132.78,2637053,132565.0,201157.0,3163.0,3163.0,3108.0,3134.3,31914000,3447.7,2820.9,3839.9,2896.0,3149.5,88,3,3149.4,13,1,3149.3,146,2,3149.2,126,2,3149.0,3,1,3149.6,17,1,3149.7,283,5,3149.8,59,1,3150.0,3210,36,3150.2,65,2
2031,2026-06-16 13:59:11+05:30,3149.6,1,3132.78,2637065,132651.0,201119.0,3163.0,3163.0,3108.0,3134.3,31914000,3447.7,2820.9,3839.9,2896.0,3149.5,89,4,3149.4,13,1,3149.3,146,2,3149.2,126,2,3149.0,3,1,3149.6,6,1,3149.7,283,5,3149.8,59,1,3150.0,3210,36,3150.3,200,1
2031,2026-06-16 13:59:12+05:30,3149.5,32,3132.78,2637065,132651.0,201119.0,3163.0,3163.0,3108.0,3134.3,31914000,3447.7,2820.9,3839.9,2896.0,3149.5,89,4,3149.4,13,1,3149.3,146,2,3149.2,126,2,3149.0,3,1,3149.6,6,1,3149.7,283,5,3149.8,59,1,3150.0,3210,36,3150.3,200,1
2031,2026-06-16 13:59:12+05:30,3149.6,1,3132.78,2637104,132583.0,201120.0,3163.0,3163.0,3108.0,3134.3,31914000,3447.7,2820.9,3839.9,2896.0,3149.6,10,1,3149.5,41,3,3149.4,13,1,3149.3,146,2,3149.2,126,2,3149.7,283,5,3149.8,59,1,3150.0,3210,36,3150.3,200,1,3150.4,56,2
2031,2026-06-16 13:59:13+05:30,3149.6,1,3132.78,2637104,132583.0,201120.0,3163.0,3163.0,3108.0,3134.3,31914000,3447.7,2820.9,3839.9,2896.0,3149.6,10,1,3149.5,41,3,3149.4,13,1,3149.3,146,2,3149.2,126,2,3149.7,283,5,3149.8,59,1,3150.0,3210,36,3150.3,200,1,3150.4,56,2
2031,2026-06-16 13:59:13+05:30,3149.6,1,3132.78,2637104,132577.0,201124.0,3163.0,3163.0,3108.0,3134.3,31914000,3447.7,2820.9,3839.9,2896.0,3149.6,10,1,3149.5,41,3,3149.4,13,1,3149.3,146,2,3149.2,126,2,3149.7,283,5,3149.8,59,1,3150.0,3210,36,3150.3,200,1,3150.4,56,2
2031,2026-06-16 13:59:14+05:30,3149.7,9,3132.78,2637104,132577.0,201124.0,3163.0,3163.0,3108.0,3134.3,31914000,3447.7,2820.9,3839.9,2896.0,3149.6,10,1,3149.5,41,3,3149.4,13,1,3149.3,146,2,3149.2,126,2,3149.7,283,5,3149.8,59,1,3150.0,3210,36,3150.3,200,1,3150.4,56,2
2031,2026-06-16 13:59:14+05:30,3149.7,9,3132.78,2637166,132752.0,200964.0,3163.0,3163.0,3108.0,3134.3,31914000,3447.7,2820.9,3839.9,2896.0,3149.6,61,3,3149.5,41,3,3149.4,13,1,3149.3,146,2,3149.2,130,3,3149.7,221,2,3149.8,59,1,3150.0,3210,36,3150.3,200,1,3150.5,100,1
2031,2026-06-16 13:59:15+05:30,3149.7,32,3132.78,2637419,132654.0,200699.0,3163.0,3163.0,3108.0,3134.3,31914000,3447.7,2820.9,3839.9,2896.0,3149.6,27,3,3149.5,41,3,3149.3,146,2,3149.2,127,2,3149.1,12,2,3149.7,40,2,3149.8,62,3,3150.0,3210,36,3150.3,200,1,3150.5,100,1
2031,2026-06-16 13:59:15+05:30,3149.7,32,3132.78,2637419,132654.0,200699.0,3163.0,3163.0,3108.0,3134.3,31914000,3447.7,2820.9,3839.9,2896.0,3149.6,27,3,3149.5,41,3,3149.3,146,2,3149.2,127,2,3149.1,12,2,3149.7,40,2,3149.8,62,3,3150.0,3210,36,3150.3,200,1,3150.5,100,1
2031,2026-06-16 13:59:16+05:30,3149.6,9,3132.78,2637428,132688.0,200918.0,3163.0,3163.0,3108.0,3134.3,31914000,3447.7,2820.9,3839.9,2896.0,3149.6,59,4,3149.5,41,3,3149.4,15,1,3149.3,146,2,3149.2,127,2,3149.7,57,2,3149.8,62,3,3150.0,3210,36,3150.3,200,1,3150.4,19,1
2031,2026-06-16 13:59:16+05:30,3149.6,9,3132.78,2637428,132688.0,200918.0,3163.0,3163.0,3108.0,3134.3,31914000,3447.7,2820.9,3839.9,2896.0,3149.6,59,4,3149.5,41,3,3149.4,15,1,3149.3,146,2,3149.2,127,2,3149.7,57,2,3149.8,62,3,3150.0,3210,36,3150.3,200,1,3150.4,19,1
2031,2026-06-16 13:59:17+05:30,3149.7,8,3132.78,2637468,132700.0,200639.0,3163.0,3163.0,3108.0,3134.3,31914000,3447.7,2820.9,3839.9,2896.0,3149.6,56,3,3149.5,57,4,3149.3,145,2,3149.2,127,2,3149.1,5,1,3149.7,17,1,3149.8,62,3,3150.0,3210,36,3150.3,200,1,3150.5,100,1
2031,2026-06-16 13:59:17+05:30,3149.7,8,3132.78,2637468,132700.0,200639.0,3163.0,3163.0,3108.0,3134.3,31914000,3447.7,2820.9,3839.9,2896.0,3149.6,56,3,3149.5,57,4,3149.3,145,2,3149.2,127,2,3149.1,5,1,3149.7,17,1,3149.8,62,3,3150.0,3210,36,3150.3,200,1,3150.5,100,1
2031,2026-06-16 13:59:18+05:30,3149.7,1,3132.78,2637469,132701.0,200641.0,3163.0,3163.0,3108.0,3134.3,31914000,3447.7,2820.9,3839.9,2896.0,3149.6,56,3,3149.5,57,4,3149.3,145,2,3149.2,127,2,3149.1,5,1,3149.7,17,2,3149.8,62,3,3150.0,3210,36,3150.3,200,1,3150.5,100,1
2031,2026-06-16 13:59:18+05:30,3149.7,1,3132.78,2637469,132701.0,200641.0,3163.0,3163.0,3108.0,3134.3,31914000,3447.7,2820.9,3839.9,2896.0,3149.6,56,3,3149.5,57,4,3149.3,145,2,3149.2,127,2,3149.1,5,1,3149.7,17,2,3149.8,62,3,3150.0,3210,36,3150.3,200,1,3150.5,100,1
2031,2026-06-16 13:59:19+05:30,3149.7,3,3132.78,2637469,132701.0,200641.0,3163.0,3163.0,3108.0,3134.3,31914000,3447.7,2820.9,3839.9,2896.0,3149.6,56,3,3149.5,57,4,3149.3,145,2,3149.2,127,2,3149.1,5,1,3149.7,17,2,3149.8,62,3,3150.0,3210,36,3150.3,200,1,3150.5,100,1
2031,2026-06-16 13:59:19+05:30,3149.7,3,3132.78,2637526,132722.0,200865.0,3163.0,3163.0,3108.0,3134.3,31914000,3447.7,2820.9,3839.9,2896.0,3149.7,16,1,3149.6,19,3,3149.5,41,3,3149.3,131,1,3149.2,127,2,3149.8,62,3,3150.0,3210,36,3150.2,4,1,3150.3,200,1,3150.4,36,1
2031,2026-06-16 13:59:20+05:30,3149.6,1,3132.78,2637526,132722.0,200865.0,3163.0,3163.0,3108.0,3134.3,31914000,3447.7,2820.9,3839.9,2896.0,3149.7,16,1,3149.6,19,3,3149.5,41,3,3149.3,131,1,3149.2,127,2,3149.8,62,3,3150.0,3210,36,3150.2,4,1,3150.3,200,1,3150.4,36,1
2031,2026-06-16 13:59:21+05:30,3149.6,1,3132.78,2637668,132624.0,201004.0,3163.0,3163.0,3108.0,3134.3,31914000,3447.7,2820.9,3839.9,2896.0,3149.6,16,3,3149.5,41,3,3149.3,131,1,3149.2,123,1,3149.0,3,1,3149.8,98,3,3150.0,3210,36,3150.1,36,1,3150.2,58,3,3150.3,200,1
2031,2026-06-16 13:59:21+05:30,3149.5,6,3132.78,2637668,132624.0,201004.0,3163.0,3163.0,3108.0,3134.3,31914000,3447.7,2820.9,3839.9,2896.0,3149.6,16,3,3149.5,41,3,3149.3,131,1,3149.2,123,1,3149.0,3,1,3149.8,98,3,3150.0,3210,36,3150.1,36,1,3150.2,58,3,3150.3,200,1
2031,2026-06-16 13:59:22+05:30,3148.2,8,3132.78,2638338,129969.0,201574.0,3163.0,3163.0,3108.0,3134.3,31914000,3447.7,2820.9,3839.9,2896.0,3148.2,22,1,3148.1,33,2,3147.9,33,2,3147.8,40,1,3147.7,21,1,3149.3,17,1,3149.4,37,3,3149.5,83,6,3149.6,92,3,3149.7,80,4
2031,2026-06-16 13:59:22+05:30,3148.2,8,3132.78,2638338,129969.0,201574.0,3163.0,3163.0,3108.0,3134.3,31914000,3447.7,2820.9,3839.9,2896.0,3148.2,22,1,3148.1,33,2,3147.9,33,2,3147.8,40,1,3147.7,21,1,3149.3,17,1,3149.4,37,3,3149.5,83,6,3149.6,92,3,3149.7,80,4
2031,2026-06-16 13:59:23+05:30,3148.2,8,3132.78,2638338,130070.0,202733.0,3163.0,3163.0,3108.0,3134.3,31914000,3447.7,2820.9,3839.9,2896.0,3148.2,22,1,3148.1,49,3,3147.9,13,1,3147.8,40,1,3147.7,21,1,3149.2,13,2,3149.3,43,3,3149.4,86,4,3149.5,60,3,3149.6,73,2
2031,2026-06-16 13:59:24+05:30,3148.2,8,3132.78,2638338,130131.0,202722.0,3163.0,3163.0,3108.0,3134.3,31914000,3447.7,2820.9,3839.9,2896.0,3148.2,22,1,3148.1,49,3,3147.9,13,1,3147.8,40,1,3147.7,22,2,3149.2,13,2,3149.3,44,4,3149.4,114,5,3149.5,32,2,3149.6,73,2
2031,2026-06-16 13:59:24+05:30,3148.2,8,3132.78,2638338,130131.0,202722.0,3163.0,3163.0,3108.0,3134.3,31914000,3447.7,2820.9,3839.9,2896.0,3148.2,22,1,3148.1,49,3,3147.9,13,1,3147.8,40,1,3147.7,22,2,3149.2,13,2,3149.3,44,4,3149.4,114,5,3149.5,32,2,3149.6,73,2
2031,2026-06-16 13:59:24+05:30,3149.2,1,3132.78,2638338,130131.0,202722.0,3163.0,3163.0,3108.0,3134.3,31914000,3447.7,2820.9,3839.9,2896.0,3148.2,22,1,3148.1,49,3,3147.9,13,1,3147.8,40,1,3147.7,22,2,3149.2,13,2,3149.3,44,4,3149.4,114,5,3149.5,32,2,3149.6,73,2
2031,2026-06-16 13:59:25+05:30,3149.2,1,3132.78,2638340,130116.0,202905.0,3163.0,3163.0,3108.0,3134.3,31914000,3447.7,2820.9,3839.9,2896.0,3148.2,22,1,3148.1,36,2,3147.8,40,1,3147.7,22,2,3147.6,25,2,3149.1,23,3,3149.2,11,2,3149.3,72,5,3149.4,76,3,3149.5,31,1
2031,2026-06-16 13:59:25+05:30,3149.1,3,3132.78,2638340,130116.0,202905.0,3163.0,3163.0,3108.0,3134.3,31914000,3447.7,2820.9,3839.9,2896.0,3148.2,22,1,3148.1,36,2,3147.8,40,1,3147.7,22,2,3147.6,25,2,3149.1,23,3,3149.2,11,2,3149.3,72,5,3149.4,76,3,3149.5,31,1
2031,2026-06-16 13:59:26+05:30,3149.1,3,3132.78,2638340,130116.0,202905.0,3163.0,3163.0,3108.0,3134.3,31914000,3447.7,2820.9,3839.9,2896.0,3148.2,22,1,3148.1,36,2,3147.8,40,1,3147.7,22,2,3147.6,25,2,3149.1,23,3,3149.2,11,2,3149.3,72,5,3149.4,76,3,3149.5,31,1
2031,2026-06-16 13:59:26+05:30,3149.3,1,3132.78,2638351,130154.0,202994.0,3163.0,3163.0,3108.0,3134.3,31914000,3447.7,2820.9,3839.9,2896.0,3148.2,40,2,3148.1,20,1,3147.9,4,1,3147.8,40,1,3147.7,24,3,3149.3,27,3,3149.4,66,2,3149.6,105,4,3149.7,53,1,3149.8,139,6
2031,2026-06-16 13:59:26+05:30,3149.3,1,3132.78,2638351,130154.0,202994.0,3163.0,3163.0,3108.0,3134.3,31914000,3447.7,2820.9,3839.9,2896.0,3148.2,40,2,3148.1,20,1,3147.9,4,1,3147.8,40,1,3147.7,24,3,3149.3,27,3,3149.4,66,2,3149.6,105,4,3149.7,53,1,3149.8,139,6
2031,2026-06-16 13:59:27+05:30,3149.3,1,3132.78,2638351,130012.0,203027.0,3163.0,3163.0,3108.0,3134.3,31914000,3447.7,2820.9,3839.9,2896.0,3148.2,40,2,3148.1,20,1,3148.0,54,2,3147.9,24,3,3147.8,51,2,3148.7,1,1,3149.0,25,1,3149.3,217,3,3149.4,49,1,3149.6,86,3
2031,2026-06-16 13:59:28+05:30,3149.3,1,3132.78,2638351,130012.0,203027.0,3163.0,3163.0,3108.0,3134.3,31914000,3447.7,2820.9,3839.9,2896.0,3148.2,40,2,3148.1,20,1,3148.0,54,2,3147.9,24,3,3147.8,51,2,3148.7,1,1,3149.0,25,1,3149.3,217,3,3149.4,49,1,3149.6,86,3
2031,2026-06-16 13:59:28+05:30,3148.2,1,3132.78,2638352,130044.0,203030.0,3163.0,3163.0,3108.0,3134.3,31914000,3447.7,2820.9,3839.9,2896.0,3148.2,39,2,3148.1,20,1,3148.0,54,2,3147.9,24,3,3147.8,53,3,3148.7,2,2,3149.0,25,1,3149.3,217,3,3149.4,49,1,3149.6,86,3
2031,2026-06-16 13:59:28+05:30,3148.2,29,3132.78,2638352,130044.0,203030.0,3163.0,3163.0,3108.0,3134.3,31914000,3447.7,2820.9,3839.9,2896.0,3148.2,39,2,3148.1,20,1,3148.0,54,2,3147.9,24,3,3147.8,53,3,3148.7,2,2,3149.0,25,1,3149.3,217,3,3149.4,49,1,3149.6,86,3
2031,2026-06-16 13:59:29+05:30,3148.2,2,3132.78,2638404,129524.0,203162.0,3163.0,3163.0,3108.0,3134.3,31914000,3447.7,2820.9,3839.9,2896.0,3148.2,16,1,3148.1,20,1,3147.7,1,1,3147.6,7,1,3147.5,261,3,3148.6,1,1,3148.7,2,2,3149.0,25,1,3149.1,4,1,3149.2,200,1
2031,2026-06-16 13:59:29+05:30,3148.2,2,3132.78,2638404,129524.0,203162.0,3163.0,3163.0,3108.0,3134.3,31914000,3447.7,2820.9,3839.9,2896.0,3148.2,16,1,3148.1,20,1,3147.7,1,1,3147.6,7,1,3147.5,261,3,3148.6,1,1,3148.7,2,2,3149.0,25,1,3149.1,4,1,3149.2,200,1
2031,2026-06-16 13:59:30+05:30,3148.6,1,3132.78,2638405,129226.0,203519.0,3163.0,3163.0,3108.0,3134.3,31914000,3447.7,2820.9,3839.9,2896.0,3148.5,15,1,3148.4,2,2,3148.2,7,3,3148.1,20,1,3148.0,15,1,3148.6,1,1,3148.7,4,4,3149.0,225,2,3149.1,4,1,3149.3,16,1
2031,2026-06-16 13:59:30+05:30,3148.6,1,3132.78,2638405,129226.0,203519.0,3163.0,3163.0,3108.0,3134.3,31914000,3447.7,2820.9,3839.9,2896.0,3148.5,15,1,3148.4,2,2,3148.2,7,3,3148.1,20,1,3148.0,15,1,3148.6,1,1,3148.7,4,4,3149.0,225,2,3149.1,4,1,3149.3,16,1
2031,2026-06-16 13:59:30+05:30,3148.6,1,3132.78,2638405,129226.0,203519.0,3163.0,3163.0,3108.0,3134.3,31914000,3447.7,2820.9,3839.9,2896.0,3148.5,15,1,3148.4,2,2,3148.2,7,3,3148.1,20,1,3148.0,15,1,3148.6,1,1,3148.7,4,4,3149.0,225,2,3149.1,4,1,3149.3,16,1
2031,2026-06-16 13:59:31+05:30,3148.7,8,3132.78,2638418,129391.0,203503.0,3163.0,3163.0,3108.0,3134.3,31914000,3447.7,2820.9,3839.9,2896.0,3148.7,4,1,3148.5,1,1,3148.4,2,2,3148.2,23,4,3148.1,20,1,3149.0,225,2,3149.3,71,3,3149.5,29,2,3149.6,258,3,3149.7,53,1
2031,2026-06-16 13:59:31+05:30,3148.7,1,3132.78,2638418,129391.0,203503.0,3163.0,3163.0,3108.0,3134.3,31914000,3447.7,2820.9,3839.9,2896.0,3148.7,4,1,3148.5,1,1,3148.4,2,2,3148.2,23,4,3148.1,20,1,3149.0,225,2,3149.3,71,3,3149.5,29,2,3149.6,258,3,3149.7,53,1
2031,2026-06-16 13:59:32+05:30,3148.7,1,3132.78,2638418,129391.0,203503.0,3163.0,3163.0,3108.0,3134.3,31914000,3447.7,2820.9,3839.9,2896.0,3148.7,4,1,3148.5,1,1,3148.4,2,2,3148.2,23,4,3148.1,20,1,3149.0,225,2,3149.3,71,3,3149.5,29,2,3149.6,258,3,3149.7,53,1
2031,2026-06-16 13:59:32+05:30,3148.7,2,3132.78,2638460,129613.0,203538.0,3163.0,3163.0,3108.0,3134.3,31914000,3447.7,2820.9,3839.9,2896.0,3148.7,19,3,3148.5,1,1,3148.4,2,2,3148.2,23,4,3148.1,20,1,3149.0,249,3,3149.2,53,2,3149.3,61,3,3149.4,31,1,3149.6,298,4
2031,2026-06-16 13:59:32+05:30,3148.7,2,3132.78,2638460,129613.0,203538.0,3163.0,3163.0,3108.0,3134.3,31914000,3447.7,2820.9,3839.9,2896.0,3148.7,19,3,3148.5,1,1,3148.4,2,2,3148.2,23,4,3148.1,20,1,3149.0,249,3,3149.2,53,2,3149.3,61,3,3149.4,31,1,3149.6,298,4
2031,2026-06-16 13:59:33+05:30,3148.7,2,3132.78,2638460,129814.0,201739.0,3163.0,3163.0,3108.0,3134.3,31914000,3447.7,2820.9,3839.9,2896.0,3148.8,16,1,3148.7,3,2,3148.5,1,1,3148.4,2,2,3148.2,23,4,3149.0,285,5,3149.2,53,2,3149.3,61,3,3149.4,62,2,3149.5,31,1
2031,2026-06-16 13:59:34+05:30,3148.7,2,3132.78,2638460,129814.0,201739.0,3163.0,3163.0,3108.0,3134.3,31914000,3447.7,2820.9,3839.9,2896.0,3148.8,16,1,3148.7,3,2,3148.5,1,1,3148.4,2,2,3148.2,23,4,3149.0,285,5,3149.2,53,2,3149.3,61,3,3149.4,62,2,3149.5,31,1
2031,2026-06-16 13:59:34+05:30,3149.0,151,3132.78,2638460,129814.0,201739.0,3163.0,3163.0,3108.0,3134.3,31914000,3447.7,2820.9,3839.9,2896.0,3148.8,16,1,3148.7,3,2,3148.5,1,1,3148.4,2,2,3148.2,23,4,3149.0,285,5,3149.2,53,2,3149.3,61,3,3149.4,62,2,3149.5,31,1
2031,2026-06-16 13:59:34+05:30,3149.0,151,3132.79,2638636,129783.0,203172.0,3163.0,3163.0,3108.0,3134.3,31914000,3447.7,2820.9,3839.9,2896.0,3148.8,1,1,3148.7,4,3,3148.6,17,1,3148.5,1,1,3148.4,2,2,3149.0,109,4,3149.2,31,1,3149.3,34,2,3149.4,72,2,3149.5,31,1
2031,2026-06-16 13:59:35+05:30,3149.0,151,3132.79,2638636,129783.0,203172.0,3163.0,3163.0,3108.0,3134.3,31914000,3447.7,2820.9,3839.9,2896.0,3148.8,1,1,3148.7,4,3,3148.6,17,1,3148.5,1,1,3148.4,2,2,3149.0,109,4,3149.2,31,1,3149.3,34,2,3149.4,72,2,3149.5,31,1
2031,2026-06-16 13:59:35+05:30,3148.8,9,3132.79,2638636,129783.0,203172.0,3163.0,3163.0,3108.0,3134.3,31914000,3447.7,2820.9,3839.9,2896.0,3148.8,1,1,3148.7,4,3,3148.6,17,1,3148.5,1,1,3148.4,2,2,3149.0,109,4,3149.2,31,1,3149.3,34,2,3149.4,72,2,3149.5,31,1
2031,2026-06-16 13:59:36+05:30,3148.8,9,3132.79,2638695,129582.0,203603.0,3163.0,3163.0,3108.0,3134.3,31914000,3447.7,2820.9,3839.9,2896.0,3148.8,18,2,3148.7,4,3,3148.5,1,1,3148.2,7,3,3148.1,20,1,3148.9,58,4,3149.0,310,6,3149.1,13,1,3149.2,31,1,3149.3,18,1
2031,2026-06-16 13:59:36+05:30,3148.8,9,3132.79,2638695,129582.0,203603.0,3163.0,3163.0,3108.0,3134.3,31914000,3447.7,2820.9,3839.9,2896.0,3148.8,18,2,3148.7,4,3,3148.5,1,1,3148.2,7,3,3148.1,20,1,3148.9,58,4,3149.0,310,6,3149.1,13,1,3149.2,31,1,3149.3,18,1
2031,2026-06-16 13:59:36+05:30,3148.5,1,3132.79,2638695,129582.0,203603.0,3163.0,3163.0,3108.0,3134.3,31914000,3447.7,2820.9,3839.9,2896.0,3148.8,18,2,3148.7,4,3,3148.5,1,1,3148.2,7,3,3148.1,20,1,3148.9,58,4,3149.0,310,6,3149.1,13,1,3149.2,31,1,3149.3,18,1
2031,2026-06-16 13:59:37+05:30,3148.5,1,3132.79,2638817,129290.0,201452.0,3163.0,3163.0,3108.0,3134.3,31914000,3447.7,2820.9,3839.9,2896.0,3148.5,1,1,3148.2,7,3,3148.1,20,1,3147.8,1,1,3147.7,25,3,3148.9,182,5,3149.0,109,6,3149.1,27,1,3149.2,62,2,3149.3,18,1
2031,2026-06-16 13:59:37+05:30,3148.5,1,3132.79,2638817,129290.0,201452.0,3163.0,3163.0,3108.0,3134.3,31914000,3447.7,2820.9,3839.9,2896.0,3148.5,1,1,3148.2,7,3,3148.1,20,1,3147.8,1,1,3147.7,25,3,3148.9,182,5,3149.0,109,6,3149.1,27,1,3149.2,62,2,3149.3,18,1
2031,2026-06-16 13:59:37+05:30,3148.9,1,3132.79,2638817,129290.0,201452.0,3163.0,3163.0,3108.0,3134.3,31914000,3447.7,2820.9,3839.9,2896.0,3148.5,1,1,3148.2,7,3,3148.1,20,1,3147.8,1,1,3147.7,25,3,3148.9,182,5,3149.0,109,6,3149.1,27,1,3149.2,62,2,3149.3,18,1
2031,2026-06-16 13:59:38+05:30,3148.9,1,3132.79,2638818,129271.0,203483.0,3163.0,3163.0,3108.0,3134.3,31914000,3447.7,2820.9,3839.9,2896.0,3148.5,1,1,3148.2,7,3,3148.1,20,1,3147.8,1,1,3147.7,25,3,3148.9,182,6,3149.0,86,4,3149.1,27,1,3149.2,80,3,3149.3,2,1
2031,2026-06-16 13:59:38+05:30,3148.9,1,3132.79,2638818,129271.0,203483.0,3163.0,3163.0,3108.0,3134.3,31914000,3447.7,2820.9,3839.9,2896.0,3148.5,1,1,3148.2,7,3,3148.1,20,1,3147.8,1,1,3147.7,25,3,3148.9,182,6,3149.0,86,4,3149.1,27,1,3149.2,80,3,3149.3,2,1
2031,2026-06-16 13:59:38+05:30,3148.7,1,3132.79,2638818,129271.0,203483.0,3163.0,3163.0,3108.0,3134.3,31914000,3447.7,2820.9,3839.9,2896.0,3148.5,1,1,3148.2,7,3,3148.1,20,1,3147.8,1,1,3147.7,25,3,3148.9,182,6,3149.0,86,4,3149.1,27,1,3149.2,80,3,3149.3,2,1
2031,2026-06-16 13:59:39+05:30,3148.7,1,3132.79,2638818,129271.0,203483.0,3163.0,3163.0,3108.0,3134.3,31914000,3447.7,2820.9,3839.9,2896.0,3148.5,1,1,3148.2,7,3,3148.1,20,1,3147.8,1,1,3147.7,25,3,3148.9,182,6,3149.0,86,4,3149.1,27,1,3149.2,80,3,3149.3,2,1
2031,2026-06-16 13:59:39+05:30,3148.7,1,3132.79,2638819,129501.0,203675.0,3163.0,3163.0,3108.0,3134.3,31914000,3447.7,2820.9,3839.9,2896.0,3148.7,4,1,3148.5,18,2,3148.2,2,2,3148.1,20,1,3147.8,1,1,3148.9,151,5,3149.0,135,6,3149.1,27,1,3149.2,80,3,3149.3,2,1
2031,2026-06-16 13:59:39+05:30,3148.7,1,3132.79,2638819,129501.0,203675.0,3163.0,3163.0,3108.0,3134.3,31914000,3447.7,2820.9,3839.9,2896.0,3148.7,4,1,3148.5,18,2,3148.2,2,2,3148.1,20,1,3147.8,1,1,3148.9,151,5,3149.0,135,6,3149.1,27,1,3149.2,80,3,3149.3,2,1
2031,2026-06-16 13:59:39+05:30,3148.7,1,3132.79,2638819,129501.0,203897.0,3163.0,3163.0,3108.0,3134.3,31914000,3447.7,2820.9,3839.9,2896.0,3148.7,4,1,3148.5,18,2,3148.2,2,2,3148.1,20,1,3147.8,1,1,3148.8,88,1,3148.9,124,6,3149.0,99,5,3149.1,27,1,3149.2,80,3
2031,2026-06-16 13:59:40+05:30,3148.7,1,3132.79,2638819,129501.0,203897.0,3163.0,3163.0,3108.0,3134.3,31914000,3447.7,2820.9,3839.9,2896.0,3148.7,4,1,3148.5,18,2,3148.2,2,2,3148.1,20,1,3147.8,1,1,3148.8,88,1,3148.9,124,6,3149.0,99,5,3149.1,27,1,3149.2,80,3
2031,2026-06-16 13:59:40+05:30,3148.8,1,3132.79,2638819,129501.0,203897.0,3163.0,3163.0,3108.0,3134.3,31914000,3447.7,2820.9,3839.9,2896.0,3148.7,4,1,3148.5,18,2,3148.2,2,2,3148.1,20,1,3147.8,1,1,3148.8,88,1,3148.9,124,6,3149.0,99,5,3149.1,27,1,3149.2,80,3
2031,2026-06-16 13:59:40+05:30,3148.8,1,3132.79,2638909,129748.0,201423.0,3163.0,3163.0,3108.0,3134.3,31914000,3447.7,2820.9,3839.9,2896.0,3148.5,18,2,3148.2,31,2,3148.1,20,1,3148.0,53,3,3147.9,18,2,3148.8,19,1,3148.9,240,3,3149.0,86,4,3149.4,21,1,3149.5,200,1
2031,2026-06-16 13:59:41+05:30,3148.8,1,3132.79,2638909,129748.0,201423.0,3163.0,3163.0,3108.0,3134.3,31914000,3447.7,2820.9,3839.9,2896.0,3148.5,18,2,3148.2,31,2,3148.1,20,1,3148.0,53,3,3147.9,18,2,3148.8,19,1,3148.9,240,3,3149.0,86,4,3149.4,21,1,3149.5,200,1
2031,2026-06-16 13:59:41+05:30,3148.9,5,3132.79,2638909,129748.0,201423.0,3163.0,3163.0,3108.0,3134.3,31914000,3447.7,2820.9,3839.9,2896.0,3148.5,18,2,3148.2,31,2,3148.1,20,1,3148.0,53,3,3147.9,18,2,3148.8,19,1,3148.9,240,3,3149.0,86,4,3149.4,21,1,3149.5,200,1
2031,2026-06-16 13:59:41+05:30,3148.9,5,3132.79,2638948,130688.0,202952.0,3163.0,3163.0,3108.0,3134.3,31914000,3447.7,2820.9,3839.9,2896.0,3148.7,3,1,3148.6,17,1,3148.5,1,1,3148.4,18,1,3148.3,14,1,3148.8,19,1,3148.9,195,1,3149.0,86,4,3149.5,200,1,3149.6,21,1
2031,2026-06-16 13:59:42+05:30,3148.9,5,3132.79,2638948,130688.0,202952.0,3163.0,3163.0,3108.0,3134.3,31914000,3447.7,2820.9,3839.9,2896.0,3148.7,3,1,3148.6,17,1,3148.5,1,1,3148.4,18,1,3148.3,14,1,3148.8,19,1,3148.9,195,1,3149.0,86,4,3149.5,200,1,3149.6,21,1
2031,2026-06-16 13:59:42+05:30,3148.8,19,3132.79,2638948,130688.0,202952.0,3163.0,3163.0,3108.0,3134.3,31914000,3447.7,2820.9,3839.9,2896.0,3148.7,3,1,3148.6,17,1,3148.5,1,1,3148.4,18,1,3148.3,14,1,3148.8,19,1,3148.9,195,1,3149.0,86,4,3149.5,200,1,3149.6,21,1
2031,2026-06-16 13:59:42+05:30,3148.8,19,3132.79,2638948,130688.0,202952.0,3163.0,3163.0,3108.0,3134.3,31914000,3447.7,2820.9,3839.9,2896.0,3148.7,3,1,3148.6,17,1,3148.5,1,1,3148.4,18,1,3148.3,14,1,3148.8,19,1,3148.9,195,1,3149.0,86,4,3149.5,200,1,3149.6,21,1
2031,2026-06-16 13:59:43+05:30,3148.6,154,3132.79,2639124,130392.0,202755.0,3163.0,3163.0,3108.0,3134.3,31914000,3447.7,2820.9,3839.9,2896.0,3148.5,1,1,3148.2,48,4,3148.1,105,4,3148.0,53,3,3147.9,14,1,3148.6,43,1,3148.9,195,1,3149.0,86,4,3149.5,200,1,3149.6,21,1
2031,2026-06-16 13:59:43+05:30,3148.6,9,3132.79,2639124,130392.0,202755.0,3163.0,3163.0,3108.0,3134.3,31914000,3447.7,2820.9,3839.9,2896.0,3148.5,1,1,3148.2,48,4,3148.1,105,4,3148.0,53,3,3147.9,14,1,3148.6,43,1,3148.9,195,1,3149.0,86,4,3149.5,200,1,3149.6,21,1
2031,2026-06-16 13:59:43+05:30,3148.6,9,3132.79,2639124,130392.0,202755.0,3163.0,3163.0,3108.0,3134.3,31914000,3447.7,2820.9,3839.9,2896.0,3148.5,1,1,3148.2,48,4,3148.1,105,4,3148.0,53,3,3147.9,14,1,3148.6,43,1,3148.9,195,1,3149.0,86,4,3149.5,200,1,3149.6,21,1
2031,2026-06-16 13:59:44+05:30,3148.6,9,3132.79,2639136,130418.0,202532.0,3163.0,3163.0,3108.0,3134.3,31914000,3447.7,2820.9,3839.9,2896.0,3148.5,1,1,3148.2,43,3,3148.1,91,3,3148.0,60,4,3147.9,14,1,3148.6,42,2,3148.9,195,1,3149.0,86,4,3149.5,200,1,3149.6,21,1
2031,2026-06-16 13:59:44+05:30,3148.6,1,3132.79,2639136,130418.0,202532.0,3163.0,3163.0,3108.0,3134.3,31914000,3447.7,2820.9,3839.9,2896.0,3148.5,1,1,3148.2,43,3,3148.1,91,3,3148.0,60,4,3147.9,14,1,3148.6,42,2,3148.9,195,1,3149.0,86,4,3149.5,200,1,3149.6,21,1
2031,2026-06-16 13:59:45+05:30,3148.6,6,3132.79,2639143,130416.0,202750.0,3163.0,3163.0,3108.0,3134.3,31914000,3447.7,2820.9,3839.9,2896.0,3148.5,1,1,3148.2,43,3,3148.1,91,3,3148.0,60,4,3147.9,14,1,3148.6,35,2,3148.9,195,1,3149.0,86,4,3149.5,200,1,3149.6,21,1
2031,2026-06-16 13:59:45+05:30,3148.7,1,3132.79,2639143,130416.0,202750.0,3163.0,3163.0,3108.0,3134.3,31914000,3447.7,2820.9,3839.9,2896.0,3148.5,1,1,3148.2,43,3,3148.1,91,3,3148.0,60,4,3147.9,14,1,3148.6,35,2,3148.9,195,1,3149.0,86,4,3149.5,200,1,3149.6,21,1
2031,2026-06-16 13:59:46+05:30,3148.9,1,3132.79,2639272,133250.0,202344.0,3163.0,3163.0,3108.0,3134.3,31914000,3447.7,2820.9,3839.9,2896.0,3148.7,9,1,3148.6,36,7,3148.5,2043,6,3148.4,30,3,3148.3,46,3,3148.9,194,1,3149.0,16,2,3149.5,200,1,3149.8,220,2,3149.9,200,1
2031,2026-06-16 13:59:46+05:30,3148.5,200,3132.79,2639272,133250.0,202344.0,3163.0,3163.0,3108.0,3134.3,31914000,3447.7,2820.9,3839.9,2896.0,3148.7,9,1,3148.6,36,7,3148.5,2043,6,3148.4,30,3,3148.3,46,3,3148.9,194,1,3149.0,16,2,3149.5,200,1,3149.8,220,2,3149.9,200,1
2031,2026-06-16 13:59:47+05:30,3148.5,200,3132.8,2641294,130687.0,202931.0,3163.0,3163.0,3108.0,3134.3,31914000,3447.7,2820.9,3839.9,2896.0,3148.5,893,3,3148.2,4,2,3148.1,29,3,3148.0,2,1,3147.9,200,1,3148.6,200,1,3148.8,200,1,3148.9,1000,5,3149.5,4,1,3149.6,222,3
2031,2026-06-16 13:59:47+05:30,3148.9,200,3132.8,2641294,130687.0,202931.0,3163.0,3163.0,3108.0,3134.3,31914000,3447.7,2820.9,3839.9,2896.0,3148.5,893,3,3148.2,4,2,3148.1,29,3,3148.0,2,1,3147.9,200,1,3148.6,200,1,3148.8,200,1,3148.9,1000,5,3149.5,4,1,3149.6,222,3
2031,2026-06-16 13:59:48+05:30,3148.5,100,3132.81,2642896,133755.0,201807.0,3163.0,3163.0,3108.0,3134.3,31914000,3447.7,2820.9,3839.9,2896.0,3148.6,15,1,3148.5,668,7,3148.4,64,4,3148.3,4,1,3148.2,98,9,3149.7,200,1,3149.8,61,2,3149.9,32,1,3150.0,3296,37,3150.2,78,3
2031,2026-06-16 13:59:48+05:30,3148.5,100,3132.81,2642896,133755.0,201807.0,3163.0,3163.0,3108.0,3134.3,31914000,3447.7,2820.9,3839.9,2896.0,3148.6,15,1,3148.5,668,7,3148.4,64,4,3148.3,4,1,3148.2,98,9,3149.7,200,1,3149.8,61,2,3149.9,32,1,3150.0,3296,37,3150.2,78,3
2031,2026-06-16 13:59:49+05:30,3148.5,100,3132.81,2642896,133805.0,202039.0,3163.0,3163.0,3108.0,3134.3,31914000,3447.7,2820.9,3839.9,2896.0,3149.0,4,2,3148.6,27,2,3148.5,674,7,3148.4,67,5,3148.3,21,1,3149.7,200,1,3149.8,61,2,3149.9,32,1,3150.0,3296,37,3150.2,109,3
2031,2026-06-16 13:59:50+05:30,3150.0,17,3132.81,2643265,133913.0,201094.0,3163.0,3163.0,3108.0,3134.3,31914000,3447.7,2820.9,3839.9,2896.0,3149.0,21,4,3148.9,10,1,3148.8,67,3,3148.7,10,1,3148.6,44,3,3149.9,200,1,3150.0,3239,34,3150.3,200,1,3150.4,23,2,3150.5,100,1
2031,2026-06-16 13:59:50+05:30,3149.8,1,3132.81,2643265,133913.0,201094.0,3163.0,3163.0,3108.0,3134.3,31914000,3447.7,2820.9,3839.9,2896.0,3149.0,21,4,3148.9,10,1,3148.8,67,3,3148.7,10,1,3148.6,44,3,3149.9,200,1,3150.0,3239,34,3150.3,200,1,3150.4,23,2,3150.5,100,1
2031,2026-06-16 13:59:51+05:30,3149.8,1,3132.81,2643266,134275.0,201171.0,3163.0,3163.0,3108.0,3134.3,31914000,3447.7,2820.9,3839.9,2896.0,3149.5,1,1,3149.0,21,4,3148.8,18,2,3148.7,66,2,3148.6,92,4,3149.8,199,1,3149.9,25,1,3150.0,3239,34,3150.3,240,2,3150.4,23,2
2031,2026-06-16 13:59:51+05:30,3149.8,11,3132.81,2643266,134275.0,201171.0,3163.0,3163.0,3108.0,3134.3,31914000,3447.7,2820.9,3839.9,2896.0,3149.5,1,1,3149.0,21,4,3148.8,18,2,3148.7,66,2,3148.6,92,4,3149.8,199,1,3149.9,25,1,3150.0,3239,34,3150.3,240,2,3150.4,23,2
2031,2026-06-16 13:59:52+05:30,3149.8,11,3132.81,2643278,134320.0,201125.0,3163.0,3163.0,3108.0,3134.3,31914000,3447.7,2820.9,3839.9,2896.0,3149.5,1,1,3149.1,15,1,3149.0,4,2,3148.8,18,2,3148.7,66,2,3149.7,187,1,3149.8,9,1,3149.9,25,1,3150.0,3239,34,3150.3,240,2
2031,2026-06-16 13:59:52+05:30,3148.6,7,3132.81,2643278,134320.0,201125.0,3163.0,3163.0,3108.0,3134.3,31914000,3447.7,2820.9,3839.9,2896.0,3149.5,1,1,3149.1,15,1,3149.0,4,2,3148.8,18,2,3148.7,66,2,3149.7,187,1,3149.8,9,1,3149.9,25,1,3150.0,3239,34,3150.3,240,2
2031,2026-06-16 13:59:53+05:30,3148.6,7,3132.82,2643548,133703.0,201475.0,3163.0,3163.0,3108.0,3134.3,31914000,3447.7,2820.9,3839.9,2896.0,3148.8,15,1,3148.6,81,5,3148.5,552,6,3148.4,82,6,3148.3,13,1,3149.2,45,1,3149.3,32,1,3149.4,32,1,3149.5,32,1,3149.7,244,3
2031,2026-06-16 13:59:54+05:30,3148.6,7,3132.82,2643548,133588.0,201819.0,3163.0,3163.0,3108.0,3134.3,31914000,3447.7,2820.9,3839.9,2896.0,3148.8,15,1,3148.6,81,5,3148.5,516,4,3148.4,82,6,3148.3,13,1,3149.0,32,1,3149.1,32,1,3149.2,32,1,3149.4,32,1,3149.7,212,2
2031,2026-06-16 13:59:54+05:30,3148.8,45,3132.82,2643548,133588.0,201819.0,3163.0,3163.0,3108.0,3134.3,31914000,3447.7,2820.9,3839.9,2896.0,3148.8,15,1,3148.6,81,5,3148.5,516,4,3148.4,82,6,3148.3,13,1,3149.0,32,1,3149.1,32,1,3149.2,32,1,3149.4,32,1,3149.7,212,2
2031,2026-06-16 13:59:55+05:30,3148.8,45,3132.82,2643593,133397.0,201833.0,3163.0,3163.0,3108.0,3134.3,31914000,3447.7,2820.9,3839.9,2896.0,3148.8,15,1,3148.6,75,5,3148.5,516,4,3148.4,80,5,3148.3,15,2,3148.9,32,1,3149.0,32,1,3149.1,32,1,3149.3,32,1,3149.7,212,2
2031,2026-06-16 13:59:55+05:30,3148.8,45,3132.82,2643593,133397.0,201833.0,3163.0,3163.0,3108.0,3134.3,31914000,3447.7,2820.9,3839.9,2896.0,3148.8,15,1,3148.6,75,5,3148.5,516,4,3148.4,80,5,3148.3,15,2,3148.9,32,1,3149.0,32,1,3149.1,32,1,3149.3,32,1,3149.7,212,2
2031,2026-06-16 13:59:56+05:30,3148.8,45,3132.82,2643638,133402.0,201720.0,3163.0,3163.0,3108.0,3134.3,31914000,3447.7,2820.9,3839.9,2896.0,3148.8,15,1,3148.6,75,5,3148.5,516,4,3148.4,82,6,3148.3,13,1,3148.9,54,2,3149.0,32,1,3149.1,32,1,3149.3,32,1,3149.7,213,2
2031,2026-06-16 13:59:56+05:30,3148.6,3,3132.82,2643638,133402.0,201720.0,3163.0,3163.0,3108.0,3134.3,31914000,3447.7,2820.9,3839.9,2896.0,3148.8,15,1,3148.6,75,5,3148.5,516,4,3148.4,82,6,3148.3,13,1,3148.9,54,2,3149.0,32,1,3149.1,32,1,3149.3,32,1,3149.7,213,2
2031,2026-06-16 13:59:57+05:30,3148.9,1,3132.82,2643711,133308.0,201878.0,3163.0,3163.0,3108.0,3134.3,31914000,3447.7,2820.9,3839.9,2896.0,3148.6,22,5,3148.5,521,5,3148.4,64,4,3148.3,15,2,3148.2,91,7,3148.9,52,2,3149.0,32,1,3149.1,32,1,3149.3,32,1,3149.7,187,1
2031,2026-06-16 13:59:57+05:30,3148.6,3,3132.82,2643711,133308.0,201878.0,3163.0,3163.0,3108.0,3134.3,31914000,3447.7,2820.9,3839.9,2896.0,3148.6,22,5,3148.5,521,5,3148.4,64,4,3148.3,15,2,3148.2,91,7,3148.9,52,2,3149.0,32,1,3149.1,32,1,3149.3,32,1,3149.7,187,1
2031,2026-06-16 13:59:58+05:30,3148.6,3,3132.82,2643727,133130.0,201426.0,3163.0,3163.0,3108.0,3134.3,31914000,3447.7,2820.9,3839.9,2896.0,3148.6,1,1,3148.5,544,6,3148.4,64,4,3148.3,15,2,3148.2,91,7,3148.8,32,1,3148.9,84,3,3149.1,32,1,3149.7,187,1,3149.8,56,3
2031,2026-06-16 13:59:58+05:30,3148.5,15,3132.82,2643727,133130.0,201426.0,3163.0,3163.0,3108.0,3134.3,31914000,3447.7,2820.9,3839.9,2896.0,3148.6,1,1,3148.5,544,6,3148.4,64,4,3148.3,15,2,3148.2,91,7,3148.8,32,1,3148.9,84,3,3149.1,32,1,3149.7,187,1,3149.8,56,3
2031,2026-06-16 13:59:59+05:30,3148.6,43,3132.82,2643802,133201.0,201825.0,3163.0,3163.0,3108.0,3134.3,31914000,3447.7,2820.9,3839.9,2896.0,3148.6,17,1,3148.5,612,8,3148.4,64,4,3148.3,15,2,3148.2,78,6,3148.8,32,1,3148.9,84,3,3149.1,32,1,3149.7,187,1,3149.8,56,3
2031,2026-06-16 13:59:59+05:30,3148.6,16,3132.82,2643802,133201.0,201825.0,3163.0,3163.0,3108.0,3134.3,31914000,3447.7,2820.9,3839.9,2896.0,3148.6,17,1,3148.5,612,8,3148.4,64,4,3148.3,15,2,3148.2,78,6,3148.8,32,1,3148.9,84,3,3149.1,32,1,3149.7,187,1,3149.8,56,3
2031,2026-06-16 14:00:00+05:30,3148.6,15,3132.82,2643863,133223.0,201651.0,3163.0,3163.0,3108.0,3134.3,31914000,3447.7,2820.9,3839.9,2896.0,3148.6,15,6,3148.5,597,7,3148.4,66,5,3148.3,13,1,3148.2,92,7,3148.8,40,3,3148.9,62,2,3149.1,32,1,3149.7,187,1,3149.8,30,2
2031,2026-06-16 14:00:00+05:30,3148.9,2,3132.82,2643863,133223.0,201651.0,3163.0,3163.0,3108.0,3134.3,31914000,3447.7,2820.9,3839.9,2896.0,3148.6,15,6,3148.5,597,7,3148.4,66,5,3148.3,13,1,3148.2,92,7,3148.8,40,3,3148.9,62,2,3149.1,32,1,3149.7,187,1,3149.8,30,2
2031,2026-06-16 14:00:01+05:30,3148.7,6,3132.82,2644017,133783.0,202026.0,3163.0,3163.0,3108.0,3134.3,31914000,3447.7,2820.9,3839.9,2896.0,3148.7,24,6,3148.6,101,7,3148.5,616,9,3148.4,61,3,3148.3,33,2,3149.4,32,1,3149.7,187,1,3149.8,9,1,3150.0,3341,35,3150.2,21,1
2031,2026-06-16 14:00:01+05:30,3149.4,2,3132.82,2644017,133783.0,202026.0,3163.0,3163.0,3108.0,3134.3,31914000,3447.7,2820.9,3839.9,2896.0,3148.7,24,6,3148.6,101,7,3148.5,616,9,3148.4,61,3,3148.3,33,2,3149.4,32,1,3149.7,187,1,3149.8,9,1,3150.0,3341,35,3150.2,21,1
2031,2026-06-16 14:00:02+05:30,3148.7,2,3132.82,2644036,133545.0,201951.0,3163.0,3163.0,3108.0,3134.3,31914000,3447.7,2820.9,3839.9,2896.0,3148.7,13,3,3148.6,87,7,3148.5,614,8,3148.4,96,6,3148.3,13,1,3149.0,42,1,3149.1,32,1,3149.2,32,1,3149.3,32,1,3149.4,30,1
2031,2026-06-16 14:00:02+05:30,3148.7,21,3132.82,2644036,133545.0,201951.0,3163.0,3163.0,3108.0,3134.3,31914000,3447.7,2820.9,3839.9,2896.0,3148.7,13,3,3148.6,87,7,3148.5,614,8,3148.4,96,6,3148.3,13,1,3149.0,42,1,3149.1,32,1,3149.2,32,1,3149.3,32,1,3149.4,30,1
2031,2026-06-16 14:00:03+05:30,3148.7,21,3132.82,2644111,133353.0,201962.0,3163.0,3163.0,3108.0,3134.3,31914000,3447.7,2820.9,3839.9,2896.0,3148.7,33,5,3148.6,72,6,3148.5,614,8,3148.4,62,4,3148.3,15,2,3148.8,32,1,3148.9,32,1,3149.0,87,3,3149.4,30,1,3149.7,187,1
2031,2026-06-16 14:00:03+05:30,3148.7,1,3132.82,2644111,133353.0,201962.0,3163.0,3163.0,3108.0,3134.3,31914000,3447.7,2820.9,3839.9,2896.0,3148.7,33,5,3148.6,72,6,3148.5,614,8,3148.4,62,4,3148.3,15,2,3148.8,32,1,3148.9,32,1,3149.0,87,3,3149.4,30,1,3149.7,187,1
2031,2026-06-16 14:00:04+05:30,3148.9,32,3132.82,2644252,133703.0,201917.0,3163.0,3163.0,3108.0,3134.3,31914000,3447.7,2820.9,3839.9,2896.0,3148.8,10,1,3148.7,45,6,3148.6,82,7,3148.5,645,10,3148.4,88,5,3149.0,97,4,3149.4,30,1,3149.7,187,1,3150.0,3401,37,3150.2,21,1
2031,2026-06-16 14:00:04+05:30,3149.0,14,3132.82,2644252,133703.0,201917.0,3163.0,3163.0,3108.0,3134.3,31914000,3447.7,2820.9,3839.9,2896.0,3148.8,10,1,3148.7,45,6,3148.6,82,7,3148.5,645,10,3148.4,88,5,3149.0,97,4,3149.4,30,1,3149.7,187,1,3150.0,3401,37,3150.2,21,1
2031,2026-06-16 14:00:05+05:30,3148.7,6,3132.82,2644373,133730.0,201669.0,3163.0,3163.0,3108.0,3134.3,31914000,3447.7,2820.9,3839.9,2896.0,3148.7,41,7,3148.6,98,8,3148.5,659,11,3148.4,88,5,3148.3,13,1,3149.1,32,1,3149.4,30,1,3149.7,187,1,3150.0,3259,35,3150.2,21,1
2031,2026-06-16 14:00:05+05:30,3148.7,12,3132.82,2644373,133730.0,201669.0,3163.0,3163.0,3108.0,3134.3,31914000,3447.7,2820.9,3839.9,2896.0,3148.7,41,7,3148.6,98,8,3148.5,659,11,3148.4,88,5,3148.3,13,1,3149.1,32,1,3149.4,30,1,3149.7,187,1,3150.0,3259,35,3150.2,21,1
2031,2026-06-16 14:00:06+05:30,3148.7,6,3132.82,2644406,133617.0,202050.0,3163.0,3163.0,3108.0,3134.3,31914000,3447.7,2820.9,3839.9,2896.0,3148.7,19,4,3148.6,110,9,3148.5,657,10,3148.4,90,6,3148.3,13,1,3148.8,44,1,3148.9,32,1,3149.0,32,1,3149.1,32,1,3149.4,30,1
2031,2026-06-16 14:00:06+05:30,3148.8,10,3132.82,2644406,133617.0,202050.0,3163.0,3163.0,3108.0,3134.3,31914000,3447.7,2820.9,3839.9,2896.0,3148.7,19,4,3148.6,110,9,3148.5,657,10,3148.4,90,6,3148.3,13,1,3148.8,44,1,3148.9,32,1,3149.0,32,1,3149.1,32,1,3149.4,30,1
2031,2026-06-16 14:00:07+05:30,3148.6,12,3132.82,2644500,133480.0,202048.0,3163.0,3163.0,3108.0,3134.3,31914000,3447.7,2820.9,3839.9,2896.0,3148.6,125,8,3148.5,639,8,3148.4,8,2,3148.3,15,2,3148.2,95,8,3148.8,176,1,3148.9,32,1,3149.0,32,1,3149.4,30,1,3149.7,187,1
2031,2026-06-16 14:00:07+05:30,3148.6,16,3132.82,2644500,133480.0,202048.0,3163.0,3163.0,3108.0,3134.3,31914000,3447.7,2820.9,3839.9,2896.0,3148.6,125,8,3148.5,639,8,3148.4,8,2,3148.3,15,2,3148.2,95,8,3148.8,176,1,3148.9,32,1,3149.0,32,1,3149.4,30,1,3149.7,187,1
2031,2026-06-16 14:00:08+05:30,3148.7,10,3132.82,2644746,133516.0,201794.0,3163.0,3163.0,3108.0,3134.3,31914000,3447.7,2820.9,3839.9,2896.0,3148.6,63,7,3148.5,627,7,3148.4,58,5,3148.3,39,2,3148.2,95,8,3148.7,22,1,3148.8,33,2,3148.9,32,1,3149.4,30,1,3149.7,187,1
2031,2026-06-16 14:00:08+05:30,3148.6,3,3132.82,2644746,133516.0,201794.0,3163.0,3163.0,3108.0,3134.3,31914000,3447.7,2820.9,3839.9,2896.0,3148.6,63,7,3148.5,627,7,3148.4,58,5,3148.3,39,2,3148.2,95,8,3148.7,22,1,3148.8,33,2,3148.9,32,1,3149.4,30,1,3149.7,187,1
2031,2026-06-16 14:00:09+05:30,3148.7,3,3132.82,2644846,133492.0,201821.0,3163.0,3163.0,3108.0,3134.3,31914000,3447.7,2820.9,3839.9,2896.0,3148.7,4,1,3148.6,68,6,3148.5,629,8,3148.4,82,5,3148.3,13,1,3148.9,32,1,3149.4,30,1,3149.7,187,1,3149.8,20,1,3150.0,3401,37
2031,2026-06-16 14:00:09+05:30,3148.7,3,3132.82,2644846,133492.0,201821.0,3163.0,3163.0,3108.0,3134.3,31914000,3447.7,2820.9,3839.9,2896.0,3148.7,4,1,3148.6,68,6,3148.5,629,8,3148.4,82,5,3148.3,13,1,3148.9,32,1,3149.4,30,1,3149.7,187,1,3149.8,20,1,3150.0,3401,37
2031,2026-06-16 14:00:10+05:30,3149.4,5,3132.82,2644899,133688.0,201995.0,3163.0,3163.0,3108.0,3134.3,31914000,3447.7,2820.9,3839.9,2896.0,3148.8,24,3,3148.7,39,6,3148.6,86,5,3148.5,629,8,3148.4,256,5,3149.4,25,1,3149.7,187,1,3150.0,3401,37,3150.2,21,1,3150.3,290,3
2031,2026-06-16 14:00:10+05:30,3148.8,5,3132.82,2644899,133688.0,201995.0,3163.0,3163.0,3108.0,3134.3,31914000,3447.7,2820.9,3839.9,2896.0,3148.8,24,3,3148.7,39,6,3148.6,86,5,3148.5,629,8,3148.4,256,5,3149.4,25,1,3149.7,187,1,3150.0,3401,37,3150.2,21,1,3150.3,290,3
2031,2026-06-16 14:00:11+05:30,3148.8,5,3132.82,2644915,133595.0,201800.0,3163.0,3163.0,3108.0,3134.3,31914000,3447.7,2820.9,3839.9,2896.0,3148.9,15,4,3148.8,29,3,3148.7,4,1,3148.6,77,6,3148.5,643,9,3149.1,32,1,3149.2,32,1,3149.4,25,1,3149.7,187,1,3150.0,3401,37
2031,2026-06-16 14:00:11+05:30,3148.9,1,3132.82,2644915,133595.0,201800.0,3163.0,3163.0,3108.0,3134.3,31914000,3447.7,2820.9,3839.9,2896.0,3148.9,15,4,3148.8,29,3,3148.7,4,1,3148.6,77,6,3148.5,643,9,3149.1,32,1,3149.2,32,1,3149.4,25,1,3149.7,187,1,3150.0,3401,37
2031,2026-06-16 14:00:12+05:30,3148.8,5,3132.82,2644947,133552.0,201897.0,3163.0,3163.0,3108.0,3134.3,31914000,3447.7,2820.9,3839.9,2896.0,3148.8,21,3,3148.7,8,2,3148.6,103,7,3148.5,643,9,3148.4,56,4,3149.0,32,1,3149.1,32,1,3149.2,32,1,3149.4,25,1,3149.7,187,1
2031,2026-06-16 14:00:12+05:30,3149.0,1,3132.82,2644947,133552.0,201897.0,3163.0,3163.0,3108.0,3134.3,31914000,3447.7,2820.9,3839.9,2896.0,3148.8,21,3,3148.7,8,2,3148.6,103,7,3148.5,643,9,3148.4,56,4,3149.0,32,1,3149.1,32,1,3149.2,32,1,3149.4,25,1,3149.7,187,1
2031,2026-06-16 14:00:13+05:30,3148.8,9,3132.82,2644964,133613.0,201925.0,3163.0,3163.0,3108.0,3134.3,31914000,3447.7,2820.9,3839.9,2896.0,3148.9,10,1,3148.8,36,6,3148.7,4,1,3148.6,82,4,3148.5,662,10,3149.0,63,2,3149.1,32,1,3149.4,25,1,3149.7,187,1,3150.0,3531,38
2031,2026-06-16 14:00:13+05:30,3148.8,1,3132.82,2644964,133613.0,201925.0,3163.0,3163.0,3108.0,3134.3,31914000,3447.7,2820.9,3839.9,2896.0,3148.9,10,1,3148.8,36,6,3148.7,4,1,3148.6,82,4,3148.5,662,10,3149.0,63,2,3149.1,32,1,3149.4,25,1,3149.7,187,1,3150.0,3531,38
2031,2026-06-16 14:00:14+05:30,3149.0,15,3132.82,2644995,133665.0,201900.0,3163.0,3163.0,3108.0,3134.3,31914000,3447.7,2820.9,3839.9,2896.0,3148.9,10,1,3148.8,45,7,3148.7,8,2,3148.6,61,4,3148.5,695,12,3149.0,16,1,3149.1,32,1,3149.2,32,1,3149.4,25,1,3149.7,187,1
2031,2026-06-16 14:00:14+05:30,3149.0,11,3132.82,2644995,133665.0,201900.0,3163.0,3163.0,3108.0,3134.3,31914000,3447.7,2820.9,3839.9,2896.0,3148.9,10,1,3148.8,45,7,3148.7,8,2,3148.6,61,4,3148.5,695,12,3149.0,16,1,3149.1,32,1,3149.2,32,1,3149.4,25,1,3149.7,187,1
2031,2026-06-16 14:00:15+05:30,3149.0,11,3132.82,2645038,133612.0,202123.0,3163.0,3163.0,3108.0,3134.3,31914000,3447.7,2820.9,3839.9,2896.0,3149.0,4,3,3148.9,13,2,3148.8,53,6,3148.7,6,1,3148.6,74,5,3149.2,32,1,3149.3,32,1,3149.4,25,1,3149.7,187,1,3150.0,3531,38
2031,2026-06-16 14:00:16+05:30,3149.2,9,3132.83,2645207,133741.0,201883.0,3163.0,3163.0,3108.0,3134.3,31914000,3447.7,2820.9,3839.9,2896.0,3149.2,9,1,3149.1,22,2,3149.0,14,1,3148.9,10,1,3148.8,61,7,3149.3,3,2,3149.4,25,1,3149.7,187,1,3150.0,3369,35,3150.2,21,1
2031,2026-06-16 14:00:16+05:30,3149.3,1,3132.83,2645207,133741.0,201883.0,3163.0,3163.0,3108.0,3134.3,31914000,3447.7,2820.9,3839.9,2896.0,3149.2,9,1,3149.1,22,2,3149.0,14,1,3148.9,10,1,3148.8,61,7,3149.3,3,2,3149.4,25,1,3149.7,187,1,3150.0,3369,35,3150.2,21,1
2031,2026-06-16 14:00:17+05:30,3149.3,1,3132.83,2645208,133755.0,201930.0,3163.0,3163.0,3108.0,3134.3,31914000,3447.7,2820.9,3839.9,2896.0,3149.1,10,1,3149.0,14,1,3148.9,24,2,3148.8,46,5,3148.7,6,1,3149.3,41,4,3149.7,187,1,3150.0,3369,35,3150.2,21,1,3150.3,290,3
2031,2026-06-16 14:00:18+05:30,3149.3,22,3132.83,2645232,133869.0,201905.0,3163.0,3163.0,3108.0,3134.3,31914000,3447.7,2820.9,3839.9,2896.0,3149.2,10,1,3149.1,37,3,3149.0,14,1,3148.9,15,2,3148.8,42,5,3149.3,17,2,3149.7,187,1,3150.0,3369,35,3150.2,21,1,3150.3,290,3
2031,2026-06-16 14:00:18+05:30,3149.2,10,3132.83,2645232,133869.0,201905.0,3163.0,3163.0,3108.0,3134.3,31914000,3447.7,2820.9,3839.9,2896.0,3149.2,10,1,3149.1,37,3,3149.0,14,1,3148.9,15,2,3148.8,42,5,3149.3,17,2,3149.7,187,1,3150.0,3369,35,3150.2,21,1,3150.3,290,3
2031,2026-06-16 14:00:19+05:30,3149.2,10,3132.83,2645242,133887.0,201731.0,3163.0,3163.0,3108.0,3134.3,31914000,3447.7,2820.9,3839.9,2896.0,3149.1,37,3,3149.0,14,1,3148.9,15,2,3148.8,42,5,3148.7,14,2,3149.3,17,2,3149.7,187,1,3150.0,3369,35,3150.2,21,1,3150.3,316,4
2031,2026-06-16 14:00:20+05:30,3149.2,10,3132.83,2645242,133823.0,201949.0,3163.0,3163.0,3108.0,3134.3,31914000,3447.7,2820.9,3839.9,2896.0,3149.1,41,3,3149.0,12,1,3148.9,10,1,3148.8,17,3,3148.7,6,1,3149.3,36,3,3149.7,187,1,3150.0,3447,38,3150.2,21,1,3150.3,316,4
2031,2026-06-16 14:00:21+05:30,3149.3,9,3132.83,2645242,133823.0,201949.0,3163.0,3163.0,3108.0,3134.3,31914000,3447.7,2820.9,3839.9,2896.0,3149.1,41,3,3149.0,12,1,3148.9,10,1,3148.8,17,3,3148.7,6,1,3149.3,36,3,3149.7,187,1,3150.0,3447,38,3150.2,21,1,3150.3,316,4
2031,2026-06-16 14:00:21+05:30,3149.3,9,3132.83,2645251,133783.0,201974.0,3163.0,3163.0,3108.0,3134.3,31914000,3447.7,2820.9,3839.9,2896.0,3149.1,41,3,3149.0,12,1,3148.8,15,2,3148.7,6,1,3148.6,62,6,3149.3,27,3,3149.7,187,1,3150.0,3447,38,3150.2,21,1,3150.3,316,4
2031,2026-06-16 14:00:22+05:30,3149.3,38,3132.83,2645251,133783.0,201974.0,3163.0,3163.0,3108.0,3134.3,31914000,3447.7,2820.9,3839.9,2896.0,3149.1,41,3,3149.0,12,1,3148.8,15,2,3148.7,6,1,3148.6,62,6,3149.3,27,3,3149.7,187,1,3150.0,3447,38,3150.2,21,1,3150.3,316,4
2031,2026-06-16 14:00:22+05:30,3149.3,38,3132.83,2645359,134271.0,202006.0,3163.0,3163.0,3108.0,3134.3,31914000,3447.7,2820.9,3839.9,2896.0,3149.1,26,2,3148.8,16,2,3148.7,6,1,3148.6,122,6,3148.5,569,7,3149.9,187,1,3150.0,3487,39,3150.2,51,2,3150.3,438,6,3150.4,67,2
2031,2026-06-16 14:00:23+05:30,3149.9,1,3132.83,2645359,134271.0,202006.0,3163.0,3163.0,3108.0,3134.3,31914000,3447.7,2820.9,3839.9,2896.0,3149.1,26,2,3148.8,16,2,3148.7,6,1,3148.6,122,6,3148.5,569,7,3149.9,187,1,3150.0,3487,39,3150.2,51,2,3150.3,438,6,3150.4,67,2
2031,2026-06-16 14:00:23+05:30,3149.9,1,3132.83,2645361,134465.0,202008.0,3163.0,3163.0,3108.0,3134.3,31914000,3447.7,2820.9,3839.9,2896.0,3149.1,46,2,3148.8,18,2,3148.7,6,1,3148.6,146,7,3148.5,569,7,3149.9,185,1,3150.0,3487,39,3150.2,51,2,3150.3,365,5,3150.4,67,2
2031,2026-06-16 14:00:24+05:30,3149.9,1,3132.83,2645361,134465.0,202008.0,3163.0,3163.0,3108.0,3134.3,31914000,3447.7,2820.9,3839.9,2896.0,3149.1,46,2,3148.8,18,2,3148.7,6,1,3148.6,146,7,3148.5,569,7,3149.9,185,1,3150.0,3487,39,3150.2,51,2,3150.3,365,5,3150.4,67,2
2031,2026-06-16 14:00:24+05:30,3149.9,19,3132.83,2645361,134465.0,202008.0,3163.0,3163.0,3108.0,3134.3,31914000,3447.7,2820.9,3839.9,2896.0,3149.1,46,2,3148.8,18,2,3148.7,6,1,3148.6,146,7,3148.5,569,7,3149.9,185,1,3150.0,3487,39,3150.2,51,2,3150.3,365,5,3150.4,67,2
2031,2026-06-16 14:00:24+05:30,3149.9,19,3132.83,2645493,134492.0,201516.0,3163.0,3163.0,3108.0,3134.3,31914000,3447.7,2820.9,3839.9,2896.0,3149.3,16,1,3148.8,15,2,3148.7,27,2,3148.6,122,6,3148.5,598,9,3149.8,153,1,3149.9,1,1,3150.0,3487,39,3150.2,2,1,3150.3,381,5
2031,2026-06-16 14:00:25+05:30,3149.8,1,3132.83,2645493,134492.0,201516.0,3163.0,3163.0,3108.0,3134.3,31914000,3447.7,2820.9,3839.9,2896.0,3149.3,16,1,3148.8,15,2,3148.7,27,2,3148.6,122,6,3148.5,598,9,3149.8,153,1,3149.9,1,1,3150.0,3487,39,3150.2,2,1,3150.3,381,5
2031,2026-06-16 14:00:25+05:30,3149.8,1,3132.83,2645647,134925.0,200499.0,3163.0,3163.0,3108.0,3134.3,31914000,3447.7,2820.9,3839.9,2896.0,3149.6,46,3,3149.5,32,1,3149.4,46,2,3149.3,25,4,3149.2,56,3,3150.0,3407,37,3150.1,200,1,3150.3,50,1,3150.5,100,1,3150.6,1,1
2031,2026-06-16 14:00:26+05:30,3150.0,1,3132.83,2645647,134925.0,200499.0,3163.0,3163.0,3108.0,3134.3,31914000,3447.7,2820.9,3839.9,2896.0,3149.6,46,3,3149.5,32,1,3149.4,46,2,3149.3,25,4,3149.2,56,3,3150.0,3407,37,3150.1,200,1,3150.3,50,1,3150.5,100,1,3150.6,1,1
2031,2026-06-16 14:00:26+05:30,3150.0,1,3132.83,2645673,135003.0,200501.0,3163.0,3163.0,3108.0,3134.3,31914000,3447.7,2820.9,3839.9,2896.0,3149.9,36,1,3149.8,32,1,3149.7,32,1,3149.6,38,3,3149.4,61,3,3150.0,3415,38,3150.1,200,1,3150.3,50,1,3150.5,100,1,3150.6,41,2
2031,2026-06-16 14:00:26+05:30,3150.0,1,3132.83,2645673,135003.0,200501.0,3163.0,3163.0,3108.0,3134.3,31914000,3447.7,2820.9,3839.9,2896.0,3149.9,36,1,3149.8,32,1,3149.7,32,1,3149.6,38,3,3149.4,61,3,3150.0,3415,38,3150.1,200,1,3150.3,50,1,3150.5,100,1,3150.6,41,2
2031,2026-06-16 14:00:27+05:30,3150.0,1,3132.83,2645673,135003.0,200501.0,3163.0,3163.0,3108.0,3134.3,31914000,3447.7,2820.9,3839.9,2896.0,3149.9,36,1,3149.8,32,1,3149.7,32,1,3149.6,38,3,3149.4,61,3,3150.0,3415,38,3150.1,200,1,3150.3,50,1,3150.5,100,1,3150.6,41,2
2031,2026-06-16 14:00:27+05:30,3150.0,1,3132.83,2645705,135054.0,200280.0,3163.0,3163.0,3108.0,3134.3,31914000,3447.7,2820.9,3839.9,2896.0,3149.9,34,2,3149.8,32,1,3149.7,32,1,3149.6,20,3,3149.5,32,1,3150.0,3384,37,3150.1,200,1,3150.3,50,1,3150.5,100,1,3150.6,41,2
2031,2026-06-16 14:00:28+05:30,3150.0,1,3132.83,2645705,135054.0,200280.0,3163.0,3163.0,3108.0,3134.3,31914000,3447.7,2820.9,3839.9,2896.0,3149.9,34,2,3149.8,32,1,3149.7,32,1,3149.6,20,3,3149.5,32,1,3150.0,3384,37,3150.1,200,1,3150.3,50,1,3150.5,100,1,3150.6,41,2
2031,2026-06-16 14:00:28+05:30,3150.0,1,3132.83,2645932,135075.0,200052.0,3163.0,3163.0,3108.0,3134.3,31914000,3447.7,2820.9,3839.9,2896.0,3149.9,34,2,3149.8,32,1,3149.7,46,2,3149.6,6,2,3149.5,32,1,3150.0,3157,28,3150.1,200,1,3150.3,50,1,3150.5,100,1,3150.6,1,1
2031,2026-06-16 14:00:29+05:30,3150.0,1,3132.83,2645932,135075.0,200052.0,3163.0,3163.0,3108.0,3134.3,31914000,3447.7,2820.9,3839.9,2896.0,3149.9,34,2,3149.8,32,1,3149.7,46,2,3149.6,6,2,3149.5,32,1,3150.0,3157,28,3150.1,200,1,3150.3,50,1,3150.5,100,1,3150.6,1,1
2031,2026-06-16 14:00:29+05:30,3150.0,1,3132.83,2645932,135075.0,200052.0,3163.0,3163.0,3108.0,3134.3,31914000,3447.7,2820.9,3839.9,2896.0,3149.9,34,2,3149.8,32,1,3149.7,46,2,3149.6,6,2,3149.5,32,1,3150.0,3157,28,3150.1,200,1,3150.3,50,1,3150.5,100,1,3150.6,1,1
2031,2026-06-16 14:00:29+05:30,3150.0,16,3132.83,2646055,135043.0,199842.0,3163.0,3163.0,3108.0,3134.3,31914000,3447.7,2820.9,3839.9,2896.0,3149.9,34,2,3149.8,32,1,3149.7,46,2,3149.6,6,2,3149.5,49,2,3150.0,3034,28,3150.1,200,1,3150.3,50,1,3150.5,100,1,3150.6,1,1
2031,2026-06-16 14:00:30+05:30,3150.0,45,3132.83,2646055,135043.0,199842.0,3163.0,3163.0,3108.0,3134.3,31914000,3447.7,2820.9,3839.9,2896.0,3149.9,34,2,3149.8,32,1,3149.7,46,2,3149.6,6,2,3149.5,49,2,3150.0,3034,28,3150.1,200,1,3150.3,50,1,3150.5,100,1,3150.6,1,1
2031,2026-06-16 14:00:31+05:30,3150.0,45,3132.83,2646120,135092.0,199864.0,3163.0,3163.0,3108.0,3134.3,31914000,3447.7,2820.9,3839.9,2896.0,3149.9,79,5,3149.8,47,2,3149.7,46,2,3149.6,6,2,3149.5,32,1,3150.0,2984,30,3150.1,202,3,3150.3,50,1,3150.5,100,1,3150.6,1,1
2031,2026-06-16 14:00:31+05:30,3150.0,45,3132.83,2646120,135092.0,199864.0,3163.0,3163.0,3108.0,3134.3,31914000,3447.7,2820.9,3839.9,2896.0,3149.9,79,5,3149.8,47,2,3149.7,46,2,3149.6,6,2,3149.5,32,1,3150.0,2984,30,3150.1,202,3,3150.3,50,1,3150.5,100,1,3150.6,1,1
2031,2026-06-16 14:00:31+05:30,3149.9,2,3132.83,2646120,135092.0,199864.0,3163.0,3163.0,3108.0,3134.3,31914000,3447.7,2820.9,3839.9,2896.0,3149.9,79,5,3149.8,47,2,3149.7,46,2,3149.6,6,2,3149.5,32,1,3150.0,2984,30,3150.1,202,3,3150.3,50,1,3150.5,100,1,3150.6,1,1
2031,2026-06-16 14:00:31+05:30,3150.0,147,3132.83,2646472,134909.0,200015.0,3163.0,3163.0,3108.0,3134.3,31914000,3447.7,2820.9,3839.9,2896.0,3149.9,13,1,3149.7,32,1,3149.6,52,4,3149.4,46,2,3149.3,13,3,3150.0,2832,30,3150.1,202,3,3150.3,50,1,3150.5,100,1,3150.6,1,1
2031,2026-06-16 14:00:32+05:30,3150.0,16,3132.83,2646472,134909.0,200015.0,3163.0,3163.0,3108.0,3134.3,31914000,3447.7,2820.9,3839.9,2896.0,3149.9,13,1,3149.7,32,1,3149.6,52,4,3149.4,46,2,3149.3,13,3,3150.0,2832,30,3150.1,202,3,3150.3,50,1,3150.5,100,1,3150.6,1,1
2031,2026-06-16 14:00:32+05:30,3150.0,16,3132.83,2646614,134923.0,199830.0,3163.0,3163.0,3108.0,3134.3,31914000,3447.7,2820.9,3839.9,2896.0,3149.9,34,2,3149.8,44,2,3149.7,32,1,3149.6,34,4,3149.5,38,2,3150.0,2690,30,3150.1,202,3,3150.3,50,1,3150.5,100,1,3150.6,1,1
2031,2026-06-16 14:00:33+05:30,3150.0,1,3132.83,2646614,134923.0,199830.0,3163.0,3163.0,3108.0,3134.3,31914000,3447.7,2820.9,3839.9,2896.0,3149.9,34,2,3149.8,44,2,3149.7,32,1,3149.6,34,4,3149.5,38,2,3150.0,2690,30,3150.1,202,3,3150.3,50,1,3150.5,100,1,3150.6,1,1
2031,2026-06-16 14:00:33+05:30,3150.0,1,3132.84,2646676,134815.0,201404.0,3163.0,3163.0,3108.0,3134.3,31914000,3447.7,2820.9,3839.9,2896.0,3149.9,17,2,3149.8,16,1,3149.6,2,1,3149.4,32,2,3149.3,13,3,3150.0,4157,31,3150.1,202,3,3150.3,50,1,3150.5,100,1,3150.6,32,2
2031,2026-06-16 14:00:34+05:30,3150.0,1,3132.84,2646676,134815.0,201404.0,3163.0,3163.0,3108.0,3134.3,31914000,3447.7,2820.9,3839.9,2896.0,3149.9,17,2,3149.8,16,1,3149.6,2,1,3149.4,32,2,3149.3,13,3,3150.0,4157,31,3150.1,202,3,3150.3,50,1,3150.5,100,1,3150.6,32,2
2031,2026-06-16 14:00:34+05:30,3150.0,1,3132.84,2646676,134815.0,201404.0,3163.0,3163.0,3108.0,3134.3,31914000,3447.7,2820.9,3839.9,2896.0,3149.9,17,2,3149.8,16,1,3149.6,2,1,3149.4,32,2,3149.3,13,3,3150.0,4157,31,3150.1,202,3,3150.3,50,1,3150.5,100,1,3150.6,32,2
2031,2026-06-16 14:00:34+05:30,3150.0,1,3132.84,2646693,134857.0,201433.0,3163.0,3163.0,3108.0,3134.3,31914000,3447.7,2820.9,3839.9,2896.0,3149.9,17,2,3149.8,16,1,3149.6,2,1,3149.4,8,1,3149.3,23,4,3150.0,4166,32,3150.1,202,3,3150.3,50,1,3150.5,100,1,3150.6,1,1
2031,2026-06-16 14:00:35+05:30,3150.0,16,3132.84,2646693,134857.0,201433.0,3163.0,3163.0,3108.0,3134.3,31914000,3447.7,2820.9,3839.9,2896.0,3149.9,17,2,3149.8,16,1,3149.6,2,1,3149.4,8,1,3149.3,23,4,3150.0,4166,32,3150.1,202,3,3150.3,50,1,3150.5,100,1,3150.6,1,1
2031,2026-06-16 14:00:35+05:30,3150.0,16,3132.84,2646727,134841.0,201641.0,3163.0,3163.0,3108.0,3134.3,31914000,3447.7,2820.9,3839.9,2896.0,3149.9,18,3,3149.6,2,1,3149.4,8,1,3149.3,13,3,3149.2,19,2,3150.0,4172,33,3150.1,200,1,3150.3,50,1,3150.5,100,1,3150.6,1,1
2031,2026-06-16 14:00:36+05:30,3150.0,16,3132.84,2646727,134841.0,201641.0,3163.0,3163.0,3108.0,3134.3,31914000,3447.7,2820.9,3839.9,2896.0,3149.9,18,3,3149.6,2,1,3149.4,8,1,3149.3,13,3,3149.2,19,2,3150.0,4172,33,3150.1,200,1,3150.3,50,1,3150.5,100,1,3150.6,1,1
2031,2026-06-16 14:00:36+05:30,3150.0,16,3132.84,2646915,134831.0,201489.0,3163.0,3163.0,3108.0,3134.3,31914000,3447.7,2820.9,3839.9,2896.0,3149.9,8,3,3149.6,2,1,3149.4,8,1,3149.3,13,3,3149.2,33,3,3150.0,3994,33,3150.1,200,1,3150.3,50,1,3150.5,100,1,3150.6,1,1
2031,2026-06-16 14:00:36+05:30,3150.0,16,3132.84,2646915,134831.0,201489.0,3163.0,3163.0,3108.0,3134.3,31914000,3447.7,2820.9,3839.9,2896.0,3149.9,8,3,3149.6,2,1,3149.4,8,1,3149.3,13,3,3149.2,33,3,3150.0,3994,33,3150.1,200,1,3150.3,50,1,3150.5,100,1,3150.6,1,1
2031,2026-06-16 14:00:37+05:30,3150.0,16,3132.84,2646915,134831.0,201489.0,3163.0,3163.0,3108.0,3134.3,31914000,3447.7,2820.9,3839.9,2896.0,3149.9,8,3,3149.6,2,1,3149.4,8,1,3149.3,13,3,3149.2,33,3,3150.0,3994,33,3150.1,200,1,3150.3,50,1,3150.5,100,1,3150.6,1,1
2031,2026-06-16 14:00:37+05:30,3150.0,16,3132.84,2646931,134880.0,201485.0,3163.0,3163.0,3108.0,3134.3,31914000,3447.7,2820.9,3839.9,2896.0,3149.9,45,4,3149.6,2,1,3149.4,22,2,3149.3,13,3,3149.2,33,3,3150.0,4018,35,3150.1,200,1,3150.3,50,1,3150.5,100,1,3150.6,1,1
2031,2026-06-16 14:00:37+05:30,3150.0,16,3132.84,2646931,134880.0,201485.0,3163.0,3163.0,3108.0,3134.3,31914000,3447.7,2820.9,3839.9,2896.0,3149.9,45,4,3149.6,2,1,3149.4,22,2,3149.3,13,3,3149.2,33,3,3150.0,4018,35,3150.1,200,1,3150.3,50,1,3150.5,100,1,3150.6,1,1
2031,2026-06-16 14:00:38+05:30,3150.0,16,3132.84,2646931,134880.0,201485.0,3163.0,3163.0,3108.0,3134.3,31914000,3447.7,2820.9,3839.9,2896.0,3149.9,45,4,3149.6,2,1,3149.4,22,2,3149.3,13,3,3149.2,33,3,3150.0,4018,35,3150.1,200,1,3150.3,50,1,3150.5,100,1,3150.6,1,1
2031,2026-06-16 14:00:38+05:30,3150.0,16,3132.84,2646963,134859.0,201517.0,3163.0,3163.0,3108.0,3134.3,31914000,3447.7,2820.9,3839.9,2896.0,3149.9,45,4,3149.6,2,1,3149.4,8,1,3149.3,13,3,3149.2,33,3,3150.0,4011,36,3150.1,200,1,3150.3,50,1,3150.5,100,1,3150.6,1,1
2031,2026-06-16 14:00:38+05:30,3150.0,16,3132.84,2646963,134859.0,201517.0,3163.0,3163.0,3108.0,3134.3,31914000,3447.7,2820.9,3839.9,2896.0,3149.9,45,4,3149.6,2,1,3149.4,8,1,3149.3,13,3,3149.2,33,3,3150.0,4011,36,3150.1,200,1,3150.3,50,1,3150.5,100,1,3150.6,1,1
2031,2026-06-16 14:00:38+05:30,3150.0,16,3132.84,2646963,134859.0,201517.0,3163.0,3163.0,3108.0,3134.3,31914000,3447.7,2820.9,3839.9,2896.0,3149.9,45,4,3149.6,2,1,3149.4,8,1,3149.3,13,3,3149.2,33,3,3150.0,4011,36,3150.1,200,1,3150.3,50,1,3150.5,100,1,3150.6,1,1
2031,2026-06-16 14:00:39+05:30,3150.0,16,3132.84,2646963,134859.0,201517.0,3163.0,3163.0,3108.0,3134.3,31914000,3447.7,2820.9,3839.9,2896.0,3149.9,45,4,3149.6,2,1,3149.4,8,1,3149.3,13,3,3149.2,33,3,3150.0,4011,36,3150.1,200,1,3150.3,50,1,3150.5,100,1,3150.6,1,1
2031,2026-06-16 14:00:39+05:30,3150.0,16,3132.84,2646981,134871.0,201469.0,3163.0,3163.0,3108.0,3134.3,31914000,3447.7,2820.9,3839.9,2896.0,3149.9,44,4,3149.7,12,1,3149.6,2,1,3149.4,22,2,3149.3,13,3,3150.0,3894,35,3150.1,200,1,3150.3,50,1,3150.5,200,2,3150.6,1,1
2031,2026-06-16 14:00:39+05:30,3150.0,16,3132.84,2646981,134871.0,201469.0,3163.0,3163.0,3108.0,3134.3,31914000,3447.7,2820.9,3839.9,2896.0,3149.9,44,4,3149.7,12,1,3149.6,2,1,3149.4,22,2,3149.3,13,3,3150.0,3894,35,3150.1,200,1,3150.3,50,1,3150.5,200,2,3150.6,1,1
2031,2026-06-16 14:00:40+05:30,3150.0,16,3132.84,2646981,134871.0,201469.0,3163.0,3163.0,3108.0,3134.3,31914000,3447.7,2820.9,3839.9,2896.0,3149.9,44,4,3149.7,12,1,3149.6,2,1,3149.4,22,2,3149.3,13,3,3150.0,3894,35,3150.1,200,1,3150.3,50,1,3150.5,200,2,3150.6,1,1
2031,2026-06-16 14:00:40+05:30,3150.0,4,3132.84,2646997,134882.0,201420.0,3163.0,3163.0,3108.0,3134.3,31914000,3447.7,2820.9,3839.9,2896.0,3149.9,47,5,3149.8,15,1,3149.6,16,2,3149.5,6,1,3149.4,36,3,3150.0,3878,33,3150.1,200,1,3150.3,50,1,3150.5,200,2,3150.6,1,1
2031,2026-06-16 14:00:40+05:30,3150.0,4,3132.84,2646997,134882.0,201420.0,3163.0,3163.0,3108.0,3134.3,31914000,3447.7,2820.9,3839.9,2896.0,3149.9,47,5,3149.8,15,1,3149.6,16,2,3149.5,6,1,3149.4,36,3,3150.0,3878,33,3150.1,200,1,3150.3,50,1,3150.5,200,2,3150.6,1,1
2031,2026-06-16 14:00:41+05:30,3150.0,4,3132.84,2646997,134882.0,201420.0,3163.0,3163.0,3108.0,3134.3,31914000,3447.7,2820.9,3839.9,2896.0,3149.9,47,5,3149.8,15,1,3149.6,16,2,3149.5,6,1,3149.4,36,3,3150.0,3878,33,3150.1,200,1,3150.3,50,1,3150.5,200,2,3150.6,1,1
2031,2026-06-16 14:00:41+05:30,3150.0,16,3132.84,2647029,134998.0,201389.0,3163.0,3163.0,3108.0,3134.3,31914000,3447.7,2820.9,3839.9,2896.0,3149.9,44,4,3149.8,27,2,3149.6,16,2,3149.4,36,3,3149.3,22,4,3150.0,3846,32,3150.1,200,1,3150.3,50,1,3150.5,200,2,3150.6,1,1
2031,2026-06-16 14:00:41+05:30,3150.0,16,3132.84,2647029,134998.0,201389.0,3163.0,3163.0,3108.0,3134.3,31914000,3447.7,2820.9,3839.9,2896.0,3149.9,44,4,3149.8,27,2,3149.6,16,2,3149.4,36,3,3149.3,22,4,3150.0,3846,32,3150.1,200,1,3150.3,50,1,3150.5,200,2,3150.6,1,1
2031,2026-06-16 14:00:42+05:30,3150.0,16,3132.84,2647029,134998.0,201389.0,3163.0,3163.0,3108.0,3134.3,31914000,3447.7,2820.9,3839.9,2896.0,3149.9,44,4,3149.8,27,2,3149.6,16,2,3149.4,36,3,3149.3,22,4,3150.0,3846,32,3150.1,200,1,3150.3,50,1,3150.5,200,2,3150.6,1,1
2031,2026-06-16 14:00:42+05:30,3150.0,16,3132.84,2647209,135070.0,201109.0,3163.0,3163.0,3108.0,3134.3,31914000,3447.7,2820.9,3839.9,2896.0,3149.9,43,4,3149.8,12,1,3149.6,16,2,3149.4,22,2,3149.3,22,4,3150.0,3666,28,3150.1,200,1,3150.3,50,1,3150.5,200,2,3150.6,1,1
2031,2026-06-16 14:00:42+05:30,3149.9,7,3132.84,2647209,135070.0,201109.0,3163.0,3163.0,3108.0,3134.3,31914000,3447.7,2820.9,3839.9,2896.0,3149.9,43,4,3149.8,12,1,3149.6,16,2,3149.4,22,2,3149.3,22,4,3150.0,3666,28,3150.1,200,1,3150.3,50,1,3150.5,200,2,3150.6,1,1
2031,2026-06-16 14:00:43+05:30,3149.9,7,3132.84,2647209,135070.0,201109.0,3163.0,3163.0,3108.0,3134.3,31914000,3447.7,2820.9,3839.9,2896.0,3149.9,43,4,3149.8,12,1,3149.6,16,2,3149.4,22,2,3149.3,22,4,3150.0,3666,28,3150.1,200,1,3150.3,50,1,3150.5,200,2,3150.6,1,1
2031,2026-06-16 14:00:43+05:30,3149.9,1,3132.84,2647277,135048.0,201093.0,3163.0,3163.0,3108.0,3134.3,31914000,3447.7,2820.9,3839.9,2896.0,3149.9,13,4,3149.6,21,3,3149.4,36,3,3149.3,22,4,3149.2,87,5,3150.0,3648,27,3150.1,200,1,3150.3,50,1,3150.5,200,2,3150.6,1,1
2031,2026-06-16 14:00:43+05:30,3149.9,1,3132.84,2647277,135048.0,201093.0,3163.0,3163.0,3108.0,3134.3,31914000,3447.7,2820.9,3839.9,2896.0,3149.9,13,4,3149.6,21,3,3149.4,36,3,3149.3,22,4,3149.2,87,5,3150.0,3648,27,3150.1,200,1,3150.3,50,1,3150.5,200,2,3150.6,1,1
2031,2026-06-16 14:00:44+05:30,3149.9,1,3132.84,2647277,135048.0,201093.0,3163.0,3163.0,3108.0,3134.3,31914000,3447.7,2820.9,3839.9,2896.0,3149.9,13,4,3149.6,21,3,3149.4,36,3,3149.3,22,4,3149.2,87,5,3150.0,3648,27,3150.1,200,1,3150.3,50,1,3150.5,200,2,3150.6,1,1
2031,2026-06-16 14:00:44+05:30,3150.0,1,3132.84,2647797,135009.0,200624.0,3163.0,3163.0,3108.0,3134.3,31914000,3447.7,2820.9,3839.9,2896.0,3149.9,14,5,3149.8,2,1,3149.6,26,4,3149.4,36,3,3149.3,22,4,3150.0,3128,26,3150.1,200,1,3150.3,50,1,3150.5,200,2,3150.6,1,1
2031,2026-06-16 14:00:44+05:30,3150.0,1,3132.84,2647797,135009.0,200624.0,3163.0,3163.0,3108.0,3134.3,31914000,3447.7,2820.9,3839.9,2896.0,3149.9,14,5,3149.8,2,1,3149.6,26,4,3149.4,36,3,3149.3,22,4,3150.0,3128,26,3150.1,200,1,3150.3,50,1,3150.5,200,2,3150.6,1,1
2031,2026-06-16 14:00:45+05:30,3150.0,1,3132.84,2647797,135009.0,200624.0,3163.0,3163.0,3108.0,3134.3,31914000,3447.7,2820.9,3839.9,2896.0,3149.9,14,5,3149.8,2,1,3149.6,26,4,3149.4,36,3,3149.3,22,4,3150.0,3128,26,3150.1,200,1,3150.3,50,1,3150.5,200,2,3150.6,1,1
2031,2026-06-16 14:00:45+05:30,3150.0,2,3132.84,2647840,134941.0,200688.0,3163.0,3163.0,3108.0,3134.3,31914000,3447.7,2820.9,3839.9,2896.0,3149.9,7,3,3149.8,15,1,3149.6,2,1,3149.5,14,1,3149.4,15,2,3150.0,3085,25,3150.1,203,3,3150.3,50,1,3150.5,200,2,3150.6,1,1
2031,2026-06-16 14:00:45+05:30,3150.0,2,3132.84,2647840,134941.0,200688.0,3163.0,3163.0,3108.0,3134.3,31914000,3447.7,2820.9,3839.9,2896.0,3149.9,7,3,3149.8,15,1,3149.6,2,1,3149.5,14,1,3149.4,15,2,3150.0,3085,25,3150.1,203,3,3150.3,50,1,3150.5,200,2,3150.6,1,1
2031,2026-06-16 14:00:46+05:30,3150.0,2,3132.84,2647840,134941.0,200688.0,3163.0,3163.0,3108.0,3134.3,31914800,3447.7,2820.9,3839.9,2896.0,3149.9,7,3,3149.8,15,1,3149.6,2,1,3149.5,14,1,3149.4,15,2,3150.0,3085,25,3150.1,203,3,3150.3,50,1,3150.5,200,2,3150.6,1,1
2031,2026-06-16 14:00:46+05:30,3149.9,2,3132.84,2647849,134902.0,200712.0,3163.0,3163.0,3108.0,3134.3,31914800,3447.7,2820.9,3839.9,2896.0,3149.9,15,3,3149.8,15,1,3149.6,2,1,3149.5,14,1,3149.4,15,2,3150.0,3085,25,3150.1,203,3,3150.3,50,1,3150.5,200,2,3150.6,25,2
2031,2026-06-16 14:00:46+05:30,3149.9,2,3132.84,2647849,134902.0,200712.0,3163.0,3163.0,3108.0,3134.3,31914800,3447.7,2820.9,3839.9,2896.0,3149.9,15,3,3149.8,15,1,3149.6,2,1,3149.5,14,1,3149.4,15,2,3150.0,3085,25,3150.1,203,3,3150.3,50,1,3150.5,200,2,3150.6,25,2
2031,2026-06-16 14:00:47+05:30,3150.0,5,3132.84,2647854,134939.0,200748.0,3163.0,3163.0,3108.0,3134.3,31914800,3447.7,2820.9,3839.9,2896.0,3149.9,58,5,3149.8,19,3,3149.6,21,3,3149.5,14,1,3149.4,15,2,3150.0,3080,25,3150.1,203,3,3150.3,50,1,3150.5,200,2,3150.6,25,2
2031,2026-06-16 14:00:47+05:30,3150.0,5,3132.84,2647854,134939.0,200748.0,3163.0,3163.0,3108.0,3134.3,31914800,3447.7,2820.9,3839.9,2896.0,3149.9,58,5,3149.8,19,3,3149.6,21,3,3149.5,14,1,3149.4,15,2,3150.0,3080,25,3150.1,203,3,3150.3,50,1,3150.5,200,2,3150.6,25,2
2031,2026-06-16 14:00:48+05:30,3150.0,160,3132.84,2648014,134935.0,200583.0,3163.0,3163.0,3108.0,3134.3,31914800,3447.7,2820.9,3839.9,2896.0,3149.9,54,4,3149.6,7,2,3149.5,14,1,3149.4,8,1,3149.3,10,2,3150.0,2959,27,3150.1,203,3,3150.3,50,1,3150.5,200,2,3150.6,25,2
2031,2026-06-16 14:00:48+05:30,3150.0,160,3132.84,2648014,134935.0,200583.0,3163.0,3163.0,3108.0,3134.3,31914800,3447.7,2820.9,3839.9,2896.0,3149.9,54,4,3149.6,7,2,3149.5,14,1,3149.4,8,1,3149.3,10,2,3150.0,2959,27,3150.1,203,3,3150.3,50,1,3150.5,200,2,3150.6,25,2
2031,2026-06-16 14:00:49+05:30,3150.0,1,3132.84,2648016,134975.0,200625.0,3163.0,3163.0,3108.0,3134.3,31914800,3447.7,2820.9,3839.9,2896.0,3149.9,54,4,3149.6,7,2,3149.5,14,1,3149.4,8,1,3149.3,10,2,3150.0,2958,28,3150.1,203,3,3150.3,50,1,3150.5,200,2,3150.6,25,2
2031,2026-06-16 14:00:49+05:30,3149.9,10,3132.84,2648016,134975.0,200625.0,3163.0,3163.0,3108.0,3134.3,31914800,3447.7,2820.9,3839.9,2896.0,3149.9,54,4,3149.6,7,2,3149.5,14,1,3149.4,8,1,3149.3,10,2,3150.0,2958,28,3150.1,203,3,3150.3,50,1,3150.5,200,2,3150.6,25,2
2031,2026-06-16 14:00:50+05:30,3150.0,8,3132.84,2648183,134989.0,200281.0,3163.0,3163.0,3108.0,3134.3,31914800,3447.7,2820.9,3839.9,2896.0,3149.9,52,5,3149.6,15,3,3149.5,6,1,3149.4,14,1,3149.3,35,5,3150.0,2829,24,3150.1,200,1,3150.3,50,1,3150.5,200,2,3150.6,1,1
2031,2026-06-16 14:00:50+05:30,3150.0,8,3132.84,2648183,134989.0,200281.0,3163.0,3163.0,3108.0,3134.3,31914800,3447.7,2820.9,3839.9,2896.0,3149.9,52,5,3149.6,15,3,3149.5,6,1,3149.4,14,1,3149.3,35,5,3150.0,2829,24,3150.1,200,1,3150.3,50,1,3150.5,200,2,3150.6,1,1
2031,2026-06-16 14:00:51+05:30,3149.9,11,3132.85,2648306,134851.0,200526.0,3163.0,3163.0,3108.0,3134.3,31914800,3447.7,2820.9,3839.9,2896.0,3149.7,10,1,3149.6,24,3,3149.4,21,2,3149.3,12,3,3149.2,24,2,3149.9,77,1,3150.0,2839,25,3150.1,200,1,3150.3,50,1,3150.5,200,2
2031,2026-06-16 14:00:51+05:30,3149.9,11,3132.85,2648306,134851.0,200526.0,3163.0,3163.0,3108.0,3134.3,31914800,3447.7,2820.9,3839.9,2896.0,3149.7,10,1,3149.6,24,3,3149.4,21,2,3149.3,12,3,3149.2,24,2,3149.9,77,1,3150.0,2839,25,3150.1,200,1,3150.3,50,1,3150.5,200,2
2031,2026-06-16 14:00:53+05:30,3149.9,11,3132.85,2648306,134931.0,200537.0,3163.0,3163.0,3108.0,3134.3,31914800,3447.7,2820.9,3839.9,2896.0,3149.6,28,4,3149.5,20,2,3149.4,21,2,3149.3,26,4,3149.2,24,2,3149.9,107,3,3150.0,2788,22,3150.1,200,1,3150.3,50,1,3150.5,240,3
2031,2026-06-16 14:00:53+05:30,3149.9,11,3132.85,2648306,134888.0,200539.0,3163.0,3163.0,3108.0,3134.3,31914800,3447.7,2820.9,3839.9,2896.0,3149.6,2,1,3149.5,15,1,3149.3,26,4,3149.2,10,1,3149.1,43,3,3149.9,108,4,3150.0,2788,22,3150.1,200,1,3150.3,50,1,3150.5,240,3
2031,2026-06-16 14:00:54+05:30,3149.9,1,3132.85,2648306,134888.0,200539.0,3163.0,3163.0,3108.0,3134.3,31914800,3447.7,2820.9,3839.9,2896.0,3149.6,2,1,3149.5,15,1,3149.3,26,4,3149.2,10,1,3149.1,43,3,3149.9,108,4,3150.0,2788,22,3150.1,200,1,3150.3,50,1,3150.5,240,3
2031,2026-06-16 14:00:54+05:30,3149.9,1,3132.85,2648307,134919.0,200538.0,3163.0,3163.0,3108.0,3134.3,31914800,3447.7,2820.9,3839.9,2896.0,3149.6,2,1,3149.5,15,1,3149.3,26,4,3149.2,10,1,3149.1,43,3,3149.9,107,4,3150.0,2788,22,3150.1,200,1,3150.3,50,1,3150.5,240,3
2031,2026-06-16 14:00:55+05:30,3149.9,1,3132.85,2648307,134919.0,200538.0,3163.0,3163.0,3108.0,3134.3,31914800,3447.7,2820.9,3839.9,2896.0,3149.6,2,1,3149.5,15,1,3149.3,26,4,3149.2,10,1,3149.1,43,3,3149.9,107,4,3150.0,2788,22,3150.1,200,1,3150.3,50,1,3150.5,240,3
2031,2026-06-16 14:00:55+05:30,3149.9,1,3132.85,2648309,134928.0,200538.0,3163.0,3163.0,3108.0,3134.3,31914800,3447.7,2820.9,3839.9,2896.0,3149.7,15,1,3149.6,2,1,3149.3,26,4,3149.2,10,1,3149.1,32,2,3149.9,105,4,3150.0,2788,22,3150.1,200,1,3150.3,50,1,3150.5,264,4
2031,2026-06-16 14:00:56+05:30,3149.7,9,3132.85,2648309,134928.0,200538.0,3163.0,3163.0,3108.0,3134.3,31914800,3447.7,2820.9,3839.9,2896.0,3149.7,15,1,3149.6,2,1,3149.3,26,4,3149.2,10,1,3149.1,32,2,3149.9,105,4,3150.0,2788,22,3150.1,200,1,3150.3,50,1,3150.5,264,4
2031,2026-06-16 14:00:56+05:30,3149.7,9,3132.85,2648408,134907.0,200420.0,3163.0,3163.0,3108.0,3134.3,31914800,3447.7,2820.9,3839.9,2896.0,3149.8,17,1,3149.6,14,2,3149.4,14,1,3149.3,12,3,3149.2,19,2,3149.9,15,3,3150.0,2788,22,3150.1,200,1,3150.3,50,1,3150.5,200,2
2031,2026-06-16 14:00:57+05:30,3149.8,2,3132.85,2648408,134907.0,200420.0,3163.0,3163.0,3108.0,3134.3,31914800,3447.7,2820.9,3839.9,2896.0,3149.8,17,1,3149.6,14,2,3149.4,14,1,3149.3,12,3,3149.2,19,2,3149.9,15,3,3150.0,2788,22,3150.1,200,1,3150.3,50,1,3150.5,200,2
2031,2026-06-16 14:00:57+05:30,3149.8,2,3132.85,2648446,134672.0,200406.0,3163.0,3163.0,3108.0,3134.3,31914800,3447.7,2820.9,3839.9,2896.0,3149.8,15,1,3149.6,2,1,3149.3,12,3,3149.2,10,1,3149.1,70,5,3149.9,15,3,3150.0,2750,21,3150.1,200,1,3150.3,50,1,3150.4,24,1
2031,2026-06-16 14:00:58+05:30,3150.0,72,3132.85,2648446,134672.0,200406.0,3163.0,3163.0,3108.0,3134.3,31914800,3447.7,2820.9,3839.9,2896.0,3149.8,15,1,3149.6,2,1,3149.3,12,3,3149.2,10,1,3149.1,70,5,3149.9,15,3,3150.0,2750,21,3150.1,200,1,3150.3,50,1,3150.4,24,1
2031,2026-06-16 14:00:58+05:30,3150.0,72,3132.85,2648554,134818.0,200319.0,3163.0,3163.0,3108.0,3134.3,31914800,3447.7,2820.9,3839.9,2896.0,3149.8,15,1,3149.6,2,1,3149.3,12,3,3149.2,10,1,3149.1,56,4,3150.0,2678,21,3150.1,200,1,3150.3,50,1,3150.4,24,1,3150.5,240,3
2031,2026-06-16 14:00:59+05:30,3150.0,11,3132.85,2648554,134818.0,200319.0,3163.0,3163.0,3108.0,3134.3,31914800,3447.7,2820.9,3839.9,2896.0,3149.8,15,1,3149.6,2,1,3149.3,12,3,3149.2,10,1,3149.1,56,4,3150.0,2678,21,3150.1,200,1,3150.3,50,1,3150.4,24,1,3150.5,240,3
2031,2026-06-16 14:01:00+05:30,3150.0,11,3132.85,2648573,135095.0,200286.0,3163.0,3163.0,3108.0,3134.3,31914800,3447.7,2820.9,3839.9,2896.0,3149.8,57,6,3149.7,4,1,3149.6,26,4,3149.5,15,1,3149.4,35,3,3150.0,2706,22,3150.1,200,1,3150.3,50,1,3150.5,100,1,3150.6,1,1
2031,2026-06-16 14:01:00+05:30,3150.0,1,3132.85,2648573,135095.0,200286.0,3163.0,3163.0,3108.0,3134.3,31914800,3447.7,2820.9,3839.9,2896.0,3149.8,57,6,3149.7,4,1,3149.6,26,4,3149.5,15,1,3149.4,35,3,3150.0,2706,22,3150.1,200,1,3150.3,50,1,3150.5,100,1,3150.6,1,1
2031,2026-06-16 14:01:00+05:30,3150.0,1,3132.85,2648574,135188.0,200291.0,3163.0,3163.0,3108.0,3134.3,31914800,3447.7,2820.9,3839.9,2896.0,3149.9,4,3,3149.8,52,5,3149.7,16,2,3149.6,21,3,3149.5,15,1,3150.0,2742,23,3150.1,202,3,3150.3,50,1,3150.5,100,1,3150.6,1,1
2031,2026-06-16 14:01:01+05:30,3150.0,116,3132.85,2648750,135162.0,201990.0,3163.0,3163.0,3108.0,3134.3,31914800,3447.7,2820.9,3839.9,2896.0,3149.9,2,2,3149.8,60,5,3149.6,21,3,3149.5,6,1,3149.4,14,1,3150.0,4566,20,3150.1,202,3,3150.3,50,1,3150.5,100,1,3150.6,1,1
2031,2026-06-16 14:01:01+05:30,3150.0,116,3132.85,2648750,135162.0,201990.0,3163.0,3163.0,3108.0,3134.3,31914800,3447.7,2820.9,3839.9,2896.0,3149.9,2,2,3149.8,60,5,3149.6,21,3,3149.5,6,1,3149.4,14,1,3150.0,4566,20,3150.1,202,3,3150.3,50,1,3150.5,100,1,3150.6,1,1
2031,2026-06-16 14:01:02+05:30,3150.0,1,3132.85,2648762,135372.0,202247.0,3163.0,3163.0,3108.0,3134.3,31914800,3447.7,2820.9,3839.9,2896.0,3149.9,2,2,3149.8,60,5,3149.6,16,2,3149.5,6,1,3149.4,28,3,3150.0,4579,21,3150.1,202,3,3150.3,50,1,3150.5,100,1,3150.6,201,2
2031,2026-06-16 14:01:02+05:30,3150.0,1,3132.85,2648762,135372.0,202247.0,3163.0,3163.0,3108.0,3134.3,31914800,3447.7,2820.9,3839.9,2896.0,3149.9,2,2,3149.8,60,5,3149.6,16,2,3149.5,6,1,3149.4,28,3,3150.0,4579,21,3150.1,202,3,3150.3,50,1,3150.5,100,1,3150.6,201,2
2031,2026-06-16 14:01:03+05:30,3150.0,1,3132.85,2648762,135372.0,202247.0,3163.0,3163.0,3108.0,3134.3,31914800,3447.7,2820.9,3839.9,2896.0,3149.9,2,2,3149.8,60,5,3149.6,16,2,3149.5,6,1,3149.4,28,3,3150.0,4579,21,3150.1,202,3,3150.3,50,1,3150.5,100,1,3150.6,201,2
2031,2026-06-16 14:01:04+05:30,3149.9,1,3132.85,2648811,135235.0,202013.0,3163.0,3163.0,3108.0,3134.3,31914800,3447.7,2820.9,3839.9,2896.0,3149.8,60,5,3149.6,16,2,3149.5,6,1,3149.4,21,2,3149.3,22,5,3149.9,158,1,3150.0,4572,21,3150.1,202,3,3150.3,50,1,3150.5,100,1
2031,2026-06-16 14:01:04+05:30,3149.9,18,3132.85,2648811,135235.0,202013.0,3163.0,3163.0,3108.0,3134.3,31914800,3447.7,2820.9,3839.9,2896.0,3149.8,60,5,3149.6,16,2,3149.5,6,1,3149.4,21,2,3149.3,22,5,3149.9,158,1,3150.0,4572,21,3150.1,202,3,3150.3,50,1,3150.5,100,1
2031,2026-06-16 14:01:05+05:30,3149.9,18,3132.85,2648987,135418.0,201803.0,3163.0,3163.0,3108.0,3134.3,31914800,3447.7,2820.9,3839.9,2896.0,3149.8,45,4,3149.6,16,2,3149.4,21,2,3149.3,15,4,3149.2,64,3,3149.9,7,1,3150.0,4547,20,3150.1,202,3,3150.3,50,1,3150.5,100,1
2031,2026-06-16 14:01:05+05:30,3149.9,1,3132.85,2648987,135418.0,201803.0,3163.0,3163.0,3108.0,3134.3,31914800,3447.7,2820.9,3839.9,2896.0,3149.8,45,4,3149.6,16,2,3149.4,21,2,3149.3,15,4,3149.2,64,3,3149.9,7,1,3150.0,4547,20,3150.1,202,3,3150.3,50,1,3150.5,100,1
2031,2026-06-16 14:01:06+05:30,3149.9,1,3132.85,2648990,135437.0,201790.0,3163.0,3163.0,3108.0,3134.3,31914800,3447.7,2820.9,3839.9,2896.0,3149.8,93,5,3149.7,12,1,3149.6,2,1,3149.4,21,2,3149.3,15,4,3149.9,6,1,3150.0,4547,20,3150.1,200,1,3150.3,50,1,3150.5,100,1
2031,2026-06-16 14:01:06+05:30,3149.8,10,3132.85,2648990,135437.0,201790.0,3163.0,3163.0,3108.0,3134.3,31914800,3447.7,2820.9,3839.9,2896.0,3149.8,93,5,3149.7,12,1,3149.6,2,1,3149.4,21,2,3149.3,15,4,3149.9,6,1,3150.0,4547,20,3150.1,200,1,3150.3,50,1,3150.5,100,1
2031,2026-06-16 14:01:06+05:30,3149.8,10,3132.85,2649000,135453.0,201814.0,3163.0,3163.0,3108.0,3134.3,31914800,3447.7,2820.9,3839.9,2896.0,3149.8,87,6,3149.6,16,2,3149.5,16,1,3149.4,21,2,3149.3,29,5,3149.9,6,1,3150.0,4547,20,3150.1,200,1,3150.3,50,1,3150.5,100,1
2031,2026-06-16 14:01:07+05:30,3149.8,10,3132.85,2649000,135453.0,201814.0,3163.0,3163.0,3108.0,3134.3,31914800,3447.7,2820.9,3839.9,2896.0,3149.8,87,6,3149.6,16,2,3149.5,16,1,3149.4,21,2,3149.3,29,5,3149.9,6,1,3150.0,4547,20,3150.1,200,1,3150.3,50,1,3150.5,100,1
2031,2026-06-16 14:01:08+05:30,3149.8,10,3132.85,2649045,135143.0,201790.0,3163.0,3163.0,3108.0,3134.3,31914800,3447.7,2820.9,3839.9,2896.0,3149.8,64,5,3149.6,2,1,3149.4,21,2,3149.3,15,4,3149.2,44,4,3149.9,4,1,3150.0,4508,19,3150.1,200,1,3150.3,50,1,3150.5,100,1
2031,2026-06-16 14:01:08+05:30,3149.8,2,3132.85,2649045,135143.0,201790.0,3163.0,3163.0,3108.0,3134.3,31914800,3447.7,2820.9,3839.9,2896.0,3149.8,64,5,3149.6,2,1,3149.4,21,2,3149.3,15,4,3149.2,44,4,3149.9,4,1,3150.0,4508,19,3150.1,200,1,3150.3,50,1,3150.5,100,1
2031,2026-06-16 14:01:09+05:30,3149.9,1,3132.85,2649048,135322.0,201787.0,3163.0,3163.0,3108.0,3134.3,31914800,3447.7,2820.9,3839.9,2896.0,3149.8,62,5,3149.7,12,1,3149.6,2,1,3149.4,21,2,3149.3,15,4,3149.9,3,1,3150.0,4507,18,3150.1,200,1,3150.3,50,1,3150.5,100,1
2031,2026-06-16 14:01:09+05:30,3149.9,1,3132.85,2649048,135322.0,201787.0,3163.0,3163.0,3108.0,3134.3,31914800,3447.7,2820.9,3839.9,2896.0,3149.8,62,5,3149.7,12,1,3149.6,2,1,3149.4,21,2,3149.3,15,4,3149.9,3,1,3150.0,4507,18,3150.1,200,1,3150.3,50,1,3150.5,100,1
2031,2026-06-16 14:01:10+05:30,3149.9,1,3132.85,2649049,135325.0,201813.0,3163.0,3163.0,3108.0,3134.3,31914800,3447.7,2820.9,3839.9,2896.0,3149.8,62,5,3149.6,2,1,3149.5,14,1,3149.4,7,1,3149.3,15,4,3149.9,2,1,3150.0,4532,19,3150.1,200,1,3150.3,50,1,3150.5,100,1
2031,2026-06-16 14:01:10+05:30,3149.8,3,3132.85,2649049,135325.0,201813.0,3163.0,3163.0,3108.0,3134.3,31914800,3447.7,2820.9,3839.9,2896.0,3149.8,62,5,3149.6,2,1,3149.5,14,1,3149.4,7,1,3149.3,15,4,3149.9,2,1,3150.0,4532,19,3150.1,200,1,3150.3,50,1,3150.5,100,1
2031,2026-06-16 14:01:10+05:30,3149.8,3,3132.85,2649120,135374.0,201803.0,3163.0,3163.0,3108.0,3134.3,31914800,3447.7,2820.9,3839.9,2896.0,3149.8,20,3,3149.6,2,1,3149.4,14,1,3149.3,15,4,3149.2,39,4,3150.0,4527,19,3150.1,200,1,3150.3,50,1,3150.5,100,1,3150.6,41,2
2031,2026-06-16 14:01:11+05:30,3150.0,11,3132.85,2649132,135414.0,201794.0,3163.0,3163.0,3108.0,3134.3,31914800,3447.7,2820.9,3839.9,2896.0,3149.8,20,3,3149.6,2,1,3149.4,14,1,3149.3,15,4,3149.2,39,4,3150.0,4515,19,3150.1,200,1,3150.3,50,1,3150.5,100,1,3150.6,41,2
2031,2026-06-16 14:01:11+05:30,3150.0,11,3132.85,2649132,135414.0,201794.0,3163.0,3163.0,3108.0,3134.3,31914800,3447.7,2820.9,3839.9,2896.0,3149.8,20,3,3149.6,2,1,3149.4,14,1,3149.3,15,4,3149.2,39,4,3150.0,4515,19,3150.1,200,1,3150.3,50,1,3150.5,100,1,3150.6,41,2
2031,2026-06-16 14:01:12+05:30,3149.8,7,3132.85,2649132,135414.0,201794.0,3163.0,3163.0,3108.0,3134.3,31914800,3447.7,2820.9,3839.9,2896.0,3149.8,20,3,3149.6,2,1,3149.4,14,1,3149.3,15,4,3149.2,39,4,3150.0,4515,19,3150.1,200,1,3150.3,50,1,3150.5,100,1,3150.6,41,2
2031,2026-06-16 14:01:13+05:30,3149.8,7,3132.85,2649182,135415.0,201559.0,3163.0,3163.0,3108.0,3134.3,31914800,3447.7,2820.9,3839.9,2896.0,3149.8,16,3,3149.6,2,1,3149.3,3,2,3149.2,10,1,3149.1,32,2,3150.0,4565,21,3150.1,200,1,3150.2,20,1,3150.5,133,2,3150.6,104,4
2031,2026-06-16 14:01:13+05:30,3150.0,152,3132.85,2649182,135415.0,201559.0,3163.0,3163.0,3108.0,3134.3,31914800,3447.7,2820.9,3839.9,2896.0,3149.8,16,3,3149.6,2,1,3149.3,3,2,3149.2,10,1,3149.1,32,2,3150.0,4565,21,3150.1,200,1,3150.2,20,1,3150.5,133,2,3150.6,104,4
2031,2026-06-16 14:01:14+05:30,3150.0,152,3132.85,2649334,135542.0,201549.0,3163.0,3163.0,3108.0,3134.3,31914800,3447.7,2820.9,3839.9,2896.0,3149.8,16,3,3149.6,2,1,3149.3,3,2,3149.2,10,1,3149.1,32,2,3150.0,4403,20,3150.1,200,1,3150.2,20,1,3150.3,25,1,3150.5,133,2
2031,2026-06-16 14:01:14+05:30,3150.0,1,3132.85,2649334,135542.0,201549.0,3163.0,3163.0,3108.0,3134.3,31914800,3447.7,2820.9,3839.9,2896.0,3149.8,16,3,3149.6,2,1,3149.3,3,2,3149.2,10,1,3149.1,32,2,3150.0,4403,20,3150.1,200,1,3150.2,20,1,3150.3,25,1,3150.5,133,2
2031,2026-06-16 14:01:15+05:30,3150.0,1,3132.85,2649335,135520.0,201715.0,3163.0,3163.0,3108.0,3134.3,31914800,3447.7,2820.9,3839.9,2896.0,3149.8,16,3,3149.6,2,1,3149.3,3,2,3149.2,10,1,3149.1,32,2,3150.0,4428,22,3150.1,200,1,3150.2,54,2,3150.3,25,1,3150.4,74,2
2031,2026-06-16 14:01:15+05:30,3150.0,70,3132.85,2649406,135324.0,201873.0,3163.0,3163.0,3108.0,3134.3,31914800,3447.7,2820.9,3839.9,2896.0,3149.9,2,2,3149.8,12,3,3149.6,2,1,3149.3,3,2,3149.1,21,1,3150.0,4558,24,3150.1,4,2,3150.2,59,2,3150.3,10,1,3150.4,82,3
2031,2026-06-16 14:01:15+05:30,3150.0,70,3132.85,2649406,135324.0,201873.0,3163.0,3163.0,3108.0,3134.3,31914800,3447.7,2820.9,3839.9,2896.0,3149.9,2,2,3149.8,12,3,3149.6,2,1,3149.3,3,2,3149.1,21,1,3150.0,4558,24,3150.1,4,2,3150.2,59,2,3150.3,10,1,3150.4,82,3
2031,2026-06-16 14:01:16+05:30,3149.8,4,3132.85,2649406,135324.0,201873.0,3163.0,3163.0,3108.0,3134.3,31914800,3447.7,2820.9,3839.9,2896.0,3149.9,2,2,3149.8,12,3,3149.6,2,1,3149.3,3,2,3149.1,21,1,3150.0,4558,24,3150.1,4,2,3150.2,59,2,3150.3,10,1,3150.4,82,3
2031,2026-06-16 14:01:17+05:30,3150.0,72,3132.85,2649611,135278.0,201651.0,3163.0,3163.0,3108.0,3134.3,31914800,3447.7,2820.9,3839.9,2896.0,3149.8,8,3,3149.6,2,1,3149.3,3,2,3149.1,21,1,3149.0,13,1,3150.0,4395,24,3150.1,4,2,3150.2,59,2,3150.3,10,1,3150.4,112,4
2031,2026-06-16 14:01:17+05:30,3150.0,72,3132.85,2649611,135278.0,201651.0,3163.0,3163.0,3108.0,3134.3,31914800,3447.7,2820.9,3839.9,2896.0,3149.8,8,3,3149.6,2,1,3149.3,3,2,3149.1,21,1,3149.0,13,1,3150.0,4395,24,3150.1,4,2,3150.2,59,2,3150.3,10,1,3150.4,112,4
2031,2026-06-16 14:01:18+05:30,3150.0,72,3132.85,2649611,135320.0,201619.0,3163.0,3163.0,3108.0,3134.3,31914800,3447.7,2820.9,3839.9,2896.0,3149.8,8,3,3149.6,2,1,3149.3,3,2,3149.1,21,1,3149.0,13,1,3150.0,4362,23,3150.1,4,2,3150.2,59,2,3150.3,10,1,3150.4,112,4
2031,2026-06-16 14:01:20+05:30,3150.0,72,3132.85,2649611,135324.0,201874.0,3163.0,3163.0,3108.0,3134.3,31914800,3447.7,2820.9,3839.9,2896.0,3149.8,8,3,3149.6,2,1,3149.3,3,2,3149.1,21,1,3149.0,13,1,3150.0,4396,24,3150.1,4,2,3150.2,59,2,3150.3,10,1,3150.4,152,5
2031,2026-06-16 14:01:20+05:30,3149.8,2,3132.85,2649611,135324.0,201874.0,3163.0,3163.0,3108.0,3134.3,31914800,3447.7,2820.9,3839.9,2896.0,3149.8,8,3,3149.6,2,1,3149.3,3,2,3149.1,21,1,3149.0,13,1,3150.0,4396,24,3150.1,4,2,3150.2,59,2,3150.3,10,1,3150.4,152,5
2031,2026-06-16 14:01:22+05:30,3150.0,1,3132.85,2649611,135324.0,201874.0,3163.0,3163.0,3108.0,3134.3,31914800,3447.7,2820.9,3839.9,2896.0,3149.8,8,3,3149.6,2,1,3149.3,3,2,3149.1,21,1,3149.0,13,1,3150.0,4396,24,3150.1,4,2,3150.2,59,2,3150.3,10,1,3150.4,152,5
2031,2026-06-16 14:01:24+05:30,3149.8,5,3132.86,2649834,135031.0,201857.0,3163.0,3163.0,3108.0,3134.3,31914800,3447.7,2820.9,3839.9,2896.0,3149.8,12,2,3149.6,2,1,3149.3,3,2,3149.1,21,1,3149.0,13,1,3150.0,4216,22,3150.1,78,1,3150.2,59,2,3150.3,10,1,3150.4,152,5
2031,2026-06-16 14:01:24+05:30,3149.8,5,3132.86,2649834,135031.0,201857.0,3163.0,3163.0,3108.0,3134.3,31914800,3447.7,2820.9,3839.9,2896.0,3149.8,12,2,3149.6,2,1,3149.3,3,2,3149.1,21,1,3149.0,13,1,3150.0,4216,22,3150.1,78,1,3150.2,59,2,3150.3,10,1,3150.4,152,5
2031,2026-06-16 14:01:24+05:30,3149.8,5,3132.86,2649834,135031.0,201857.0,3163.0,3163.0,3108.0,3134.3,31914800,3447.7,2820.9,3839.9,2896.0,3149.8,12,2,3149.6,2,1,3149.3,3,2,3149.1,21,1,3149.0,13,1,3150.0,4216,22,3150.1,78,1,3150.2,59,2,3150.3,10,1,3150.4,152,5
2031,2026-06-16 14:01:26+05:30,3149.8,5,3132.86,2649834,135031.0,201857.0,3163.0,3163.0,3108.0,3134.3,31914800,3447.7,2820.9,3839.9,2896.0,3149.8,12,2,3149.6,2,1,3149.3,3,2,3149.1,21,1,3149.0,13,1,3150.0,4216,22,3150.1,78,1,3150.2,59,2,3150.3,10,1,3150.4,152,5
2031,2026-06-16 14:01:26+05:30,3149.8,9,3132.86,2649834,135031.0,201857.0,3163.0,3163.0,3108.0,3134.3,31914800,3447.7,2820.9,3839.9,2896.0,3149.8,12,2,3149.6,2,1,3149.3,3,2,3149.1,21,1,3149.0,13,1,3150.0,4216,22,3150.1,78,1,3150.2,59,2,3150.3,10,1,3150.4,152,5
2031,2026-06-16 14:01:28+05:30,3150.0,1,3132.86,2649834,135031.0,201857.0,3163.0,3163.0,3108.0,3134.3,31914800,3447.7,2820.9,3839.9,2896.0,3149.8,12,2,3149.6,2,1,3149.3,3,2,3149.1,21,1,3149.0,13,1,3150.0,4216,22,3150.1,78,1,3150.2,59,2,3150.3,10,1,3150.4,152,5
2031,2026-06-16 14:01:29+05:30,3150.0,1,3132.86,2649834,135031.0,201857.0,3163.0,3163.0,3108.0,3134.3,31914800,3447.7,2820.9,3839.9,2896.0,3149.8,12,2,3149.6,2,1,3149.3,3,2,3149.1,21,1,3149.0,13,1,3150.0,4216,22,3150.1,78,1,3150.2,59,2,3150.3,10,1,3150.4,152,5
2031,2026-06-16 14:01:29+05:30,3150.0,1,3132.86,2649949,135245.0,199824.0,3163.0,3163.0,3108.0,3134.3,31914800,3447.7,2820.9,3839.9,2896.0,3149.8,18,2,3149.6,2,1,3149.3,3,2,3149.1,21,1,3149.0,13,1,3150.0,4169,23,3150.1,15,1,3150.2,59,2,3150.3,10,1,3150.4,129,4
2031,2026-06-16 14:01:30+05:30,3150.0,10,3132.86,2649949,135245.0,199824.0,3163.0,3163.0,3108.0,3134.3,31914800,3447.7,2820.9,3839.9,2896.0,3149.8,18,2,3149.6,2,1,3149.3,3,2,3149.1,21,1,3149.0,13,1,3150.0,4169,23,3150.1,15,1,3150.2,59,2,3150.3,10,1,3150.4,129,4
2031,2026-06-16 14:01:31+05:30,3150.0,10,3132.86,2649949,135245.0,199824.0,3163.0,3163.0,3108.0,3134.3,31914800,3447.7,2820.9,3839.9,2896.0,3149.8,18,2,3149.6,2,1,3149.3,3,2,3149.1,21,1,3149.0,13,1,3150.0,4169,23,3150.1,15,1,3150.2,59,2,3150.3,10,1,3150.4,129,4
2031,2026-06-16 14:01:32+05:30,3149.8,1,3132.86,2649949,135245.0,199824.0,3163.0,3163.0,3108.0,3134.3,31914800,3447.7,2820.9,3839.9,2896.0,3149.8,18,2,3149.6,2,1,3149.3,3,2,3149.1,21,1,3149.0,13,1,3150.0,4169,23,3150.1,15,1,3150.2,59,2,3150.3,10,1,3150.4,129,4
2031,2026-06-16 14:01:33+05:30,3149.8,1,3132.86,2649949,135245.0,199824.0,3163.0,3163.0,3108.0,3134.3,31914800,3447.7,2820.9,3839.9,2896.0,3149.8,18,2,3149.6,2,1,3149.3,3,2,3149.1,21,1,3149.0,13,1,3150.0,4169,23,3150.1,15,1,3150.2,59,2,3150.3,10,1,3150.4,129,4
2031,2026-06-16 14:01:34+05:30,3149.8,1,3132.86,2650416,134862.0,201731.0,3163.0,3163.0,3108.0,3134.3,31914800,3447.7,2820.9,3839.9,2896.0,3149.6,2,1,3149.3,3,2,3149.0,16,2,3148.9,21,1,3148.8,15,2,3149.8,16,1,3150.0,4037,20,3150.1,2,2,3150.2,59,2,3150.3,75,2
2031,2026-06-16 14:01:34+05:30,3149.8,1,3132.86,2650416,134862.0,201731.0,3163.0,3163.0,3108.0,3134.3,31914800,3447.7,2820.9,3839.9,2896.0,3149.6,2,1,3149.3,3,2,3149.0,16,2,3148.9,21,1,3148.8,15,2,3149.8,16,1,3150.0,4037,20,3150.1,2,2,3150.2,59,2,3150.3,75,2
2031,2026-06-16 14:01:35+05:30,3149.8,1,3132.86,2650416,134862.0,201731.0,3163.0,3163.0,3108.0,3134.3,31914800,3447.7,2820.9,3839.9,2896.0,3149.6,2,1,3149.3,3,2,3149.0,16,2,3148.9,21,1,3148.8,15,2,3149.8,16,1,3150.0,4037,20,3150.1,2,2,3150.2,59,2,3150.3,75,2
2031,2026-06-16 14:01:36+05:30,3149.8,1,3132.86,2650416,134862.0,201731.0,3163.0,3163.0,3108.0,3134.3,31914800,3447.7,2820.9,3839.9,2896.0,3149.6,2,1,3149.3,3,2,3149.0,16,2,3148.9,21,1,3148.8,15,2,3149.8,16,1,3150.0,4037,20,3150.1,2,2,3150.2,59,2,3150.3,75,2
2031,2026-06-16 14:01:36+05:30,3149.3,2,3132.86,2650416,134862.0,201731.0,3163.0,3163.0,3108.0,3134.3,31914800,3447.7,2820.9,3839.9,2896.0,3149.6,2,1,3149.3,3,2,3149.0,16,2,3148.9,21,1,3148.8,15,2,3149.8,16,1,3150.0,4037,20,3150.1,2,2,3150.2,59,2,3150.3,75,2
2031,2026-06-16 14:01:37+05:30,3149.3,2,3132.86,2650416,134862.0,201731.0,3163.0,3163.0,3108.0,3134.3,31914800,3447.7,2820.9,3839.9,2896.0,3149.6,2,1,3149.3,3,2,3149.0,16,2,3148.9,21,1,3148.8,15,2,3149.8,16,1,3150.0,4037,20,3150.1,2,2,3150.2,59,2,3150.3,75,2
2031,2026-06-16 14:01:38+05:30,3149.3,2,3132.86,2650416,134862.0,201731.0,3163.0,3163.0,3108.0,3134.3,31914800,3447.7,2820.9,3839.9,2896.0,3149.6,2,1,3149.3,3,2,3149.0,16,2,3148.9,21,1,3148.8,15,2,3149.8,16,1,3150.0,4037,20,3150.1,2,2,3150.2,59,2,3150.3,75,2
2031,2026-06-16 14:01:38+05:30,3148.9,1,3132.86,2650416,134862.0,201731.0,3163.0,3163.0,3108.0,3134.3,31914800,3447.7,2820.9,3839.9,2896.0,3149.6,2,1,3149.3,3,2,3149.0,16,2,3148.9,21,1,3148.8,15,2,3149.8,16,1,3150.0,4037,20,3150.1,2,2,3150.2,59,2,3150.3,75,2
2031,2026-06-16 14:01:39+05:30,3148.9,1,3132.86,2650416,134862.0,201731.0,3163.0,3163.0,3108.0,3134.3,31914800,3447.7,2820.9,3839.9,2896.0,3149.6,2,1,3149.3,3,2,3149.0,16,2,3148.9,21,1,3148.8,15,2,3149.8,16,1,3150.0,4037,20,3150.1,2,2,3150.2,59,2,3150.3,75,2
2031,2026-06-16 14:01:39+05:30,3148.9,1,3132.86,2650602,134578.0,202151.0,3163.0,3163.0,3108.0,3134.3,31914800,3447.7,2820.9,3839.9,2896.0,3148.8,43,4,3148.7,12,1,3148.6,42,3,3148.5,610,8,3148.4,19,3,3149.5,1,1,3149.7,33,1,3149.8,142,6,3149.9,33,1,3150.0,3837,12
2031,2026-06-16 14:01:40+05:30,3148.9,1,3132.86,2650602,134578.0,202151.0,3163.0,3163.0,3108.0,3134.3,31914800,3447.7,2820.9,3839.9,2896.0,3148.8,43,4,3148.7,12,1,3148.6,42,3,3148.5,610,8,3148.4,19,3,3149.5,1,1,3149.7,33,1,3149.8,142,6,3149.9,33,1,3150.0,3837,12
2031,2026-06-16 14:01:41+05:30,3148.9,1,3132.86,2650602,134578.0,202151.0,3163.0,3163.0,3108.0,3134.3,31914800,3447.7,2820.9,3839.9,2896.0,3148.8,43,4,3148.7,12,1,3148.6,42,3,3148.5,610,8,3148.4,19,3,3149.5,1,1,3149.7,33,1,3149.8,142,6,3149.9,33,1,3150.0,3837,12
2031,2026-06-16 14:01:42+05:30,3148.9,1,3132.86,2650602,134578.0,202151.0,3163.0,3163.0,3108.0,3134.3,31914800,3447.7,2820.9,3839.9,2896.0,3148.8,43,4,3148.7,12,1,3148.6,42,3,3148.5,610,8,3148.4,19,3,3149.5,1,1,3149.7,33,1,3149.8,142,6,3149.9,33,1,3150.0,3837,12
2031,2026-06-16 14:01:42+05:30,3149.5,1,3132.86,2650602,134578.0,202151.0,3163.0,3163.0,3108.0,3134.3,31914800,3447.7,2820.9,3839.9,2896.0,3148.8,43,4,3148.7,12,1,3148.6,42,3,3148.5,610,8,3148.4,19,3,3149.5,1,1,3149.7,33,1,3149.8,142,6,3149.9,33,1,3150.0,3837,12
2031,2026-06-16 14:01:43+05:30,3149.5,1,3132.86,2650602,134578.0,202151.0,3163.0,3163.0,3108.0,3134.3,31914800,3447.7,2820.9,3839.9,2896.0,3148.8,43,4,3148.7,12,1,3148.6,42,3,3148.5,610,8,3148.4,19,3,3149.5,1,1,3149.7,33,1,3149.8,142,6,3149.9,33,1,3150.0,3837,12
2031,2026-06-16 14:01:44+05:30,3149.5,1,3132.86,2650602,134578.0,202151.0,3163.0,3163.0,3108.0,3134.3,31914800,3447.7,2820.9,3839.9,2896.0,3148.8,43,4,3148.7,12,1,3148.6,42,3,3148.5,610,8,3148.4,19,3,3149.5,1,1,3149.7,33,1,3149.8,142,6,3149.9,33,1,3150.0,3837,12
2031,2026-06-16 14:01:44+05:30,3149.5,1,3132.86,2650605,134721.0,202115.0,3163.0,3163.0,3108.0,3134.3,31914800,3447.7,2820.9,3839.9,2896.0,3148.8,84,6,3148.7,44,2,3148.6,72,5,3148.5,630,11,3148.4,31,3,3149.5,26,2,3149.7,33,1,3149.8,179,7,3149.9,33,1,3150.0,3600,10
2031,2026-06-16 14:01:45+05:30,3149.5,1,3132.86,2650605,134721.0,202115.0,3163.0,3163.0,3108.0,3134.3,31917400,3447.7,2820.9,3839.9,2896.0,3148.8,84,6,3148.7,44,2,3148.6,72,5,3148.5,630,11,3148.4,31,3,3149.5,26,2,3149.7,33,1,3149.8,179,7,3149.9,33,1,3150.0,3600,10
2031,2026-06-16 14:01:46+05:30,3149.4,150,3132.86,2650605,134721.0,202115.0,3163.0,3163.0,3108.0,3134.3,31917400,3447.7,2820.9,3839.9,2896.0,3148.8,84,6,3148.7,44,2,3148.6,72,5,3148.5,630,11,3148.4,31,3,3149.5,26,2,3149.7,33,1,3149.8,179,7,3149.9,33,1,3150.0,3600,10
2031,2026-06-16 14:01:48+05:30,3149.5,1,3132.86,2650605,134721.0,202115.0,3163.0,3163.0,3108.0,3134.3,31917400,3447.7,2820.9,3839.9,2896.0,3148.8,84,6,3148.7,44,2,3148.6,72,5,3148.5,630,11,3148.4,31,3,3149.5,26,2,3149.7,33,1,3149.8,179,7,3149.9,33,1,3150.0,3600,10
2031,2026-06-16 14:01:49+05:30,3149.5,1,3132.86,2650797,134997.0,202060.0,3163.0,3163.0,3108.0,3134.3,31917400,3447.7,2820.9,3839.9,2896.0,3149.4,18,2,3149.2,2,2,3148.8,89,7,3148.7,111,5,3148.6,151,8,3149.5,54,3,3149.6,4,2,3149.8,118,3,3150.0,3631,10,3150.1,240,2
2031,2026-06-16 14:01:50+05:30,3149.5,1,3132.86,2650797,134997.0,202060.0,3163.0,3163.0,3108.0,3134.3,31917400,3447.7,2820.9,3839.9,2896.0,3149.4,18,2,3149.2,2,2,3148.8,89,7,3148.7,111,5,3148.6,151,8,3149.5,54,3,3149.6,4,2,3149.8,118,3,3150.0,3631,10,3150.1,240,2
2031,2026-06-16 14:01:52+05:30,3149.5,42,3132.86,2650797,134997.0,202060.0,3163.0,3163.0,3108.0,3134.3,31917400,3447.7,2820.9,3839.9,2896.0,3149.4,18,2,3149.2,2,2,3148.8,89,7,3148.7,111,5,3148.6,151,8,3149.5,54,3,3149.6,4,2,3149.8,118,3,3150.0,3631,10,3150.1,240,2
2031,2026-06-16 14:01:54+05:30,3149.6,1,3132.86,2651002,134948.0,202533.0,3163.0,3163.0,3108.0,3134.3,31917400,3447.7,2820.9,3839.9,2896.0,3149.4,61,5,3148.8,3,3,3148.7,38,3,3148.6,42,3,3148.5,542,4,3149.7,56,2,3149.8,142,5,3149.9,200,1,3150.0,3968,15,3150.1,58,2
2031,2026-06-16 14:01:54+05:30,3149.7,1,3132.86,2651002,134948.0,202533.0,3163.0,3163.0,3108.0,3134.3,31917400,3447.7,2820.9,3839.9,2896.0,3149.4,61,5,3148.8,3,3,3148.7,38,3,3148.6,42,3,3148.5,542,4,3149.7,56,2,3149.8,142,5,3149.9,200,1,3150.0,3968,15,3150.1,58,2
2031,2026-06-16 14:01:56+05:30,3149.7,14,3132.86,2651002,134948.0,202533.0,3163.0,3163.0,3108.0,3134.3,31917400,3447.7,2820.9,3839.9,2896.0,3149.4,61,5,3148.8,3,3,3148.7,38,3,3148.6,42,3,3148.5,542,4,3149.7,56,2,3149.8,142,5,3149.9,200,1,3150.0,3968,15,3150.1,58,2
2031,2026-06-16 14:01:58+05:30,3149.6,1,3132.86,2651131,135022.0,201797.0,3163.0,3163.0,3108.0,3134.3,31917400,3447.7,2820.9,3839.9,2896.0,3149.7,18,2,3149.5,3,3,3149.4,46,3,3148.9,25,2,3148.8,65,3,3149.8,121,4,3150.0,4002,12,3150.2,40,1,3150.4,112,3,3150.5,128,4
2031,2026-06-16 14:01:58+05:30,3149.6,1,3132.86,2651131,135022.0,201797.0,3163.0,3163.0,3108.0,3134.3,31917400,3447.7,2820.9,3839.9,2896.0,3149.7,18,2,3149.5,3,3,3149.4,46,3,3148.9,25,2,3148.8,65,3,3149.8,121,4,3150.0,4002,12,3150.2,40,1,3150.4,112,3,3150.5,128,4
2031,2026-06-16 14:02:00+05:30,3149.8,2,3132.86,2651131,135022.0,201797.0,3163.0,3163.0,3108.0,3134.3,31917400,3447.7,2820.9,3839.9,2896.0,3149.7,18,2,3149.5,3,3,3149.4,46,3,3148.9,25,2,3148.8,65,3,3149.8,121,4,3150.0,4002,12,3150.2,40,1,3150.4,112,3,3150.5,128,4
2031,2026-06-16 14:02:02+05:30,3149.7,41,3132.86,2651131,135022.0,201797.0,3163.0,3163.0,3108.0,3134.3,31917400,3447.7,2820.9,3839.9,2896.0,3149.7,18,2,3149.5,3,3,3149.4,46,3,3148.9,25,2,3148.8,65,3,3149.8,121,4,3150.0,4002,12,3150.2,40,1,3150.4,112,3,3150.5,128,4
2031,2026-06-16 14:02:04+05:30,3149.8,1,3132.87,2651340,134824.0,201730.0,3163.0,3163.0,3108.0,3134.3,31917400,3447.7,2820.9,3839.9,2896.0,3149.7,9,5,3149.5,1,1,3149.4,46,3,3149.0,14,1,3148.9,53,4,3149.8,65,4,3149.9,3,2,3150.0,4002,12,3150.2,31,1,3150.4,92,3
2031,2026-06-16 14:02:04+05:30,3149.8,1,3132.87,2651340,134824.0,201730.0,3163.0,3163.0,3108.0,3134.3,31917400,3447.7,2820.9,3839.9,2896.0,3149.7,9,5,3149.5,1,1,3149.4,46,3,3149.0,14,1,3148.9,53,4,3149.8,65,4,3149.9,3,2,3150.0,4002,12,3150.2,31,1,3150.4,92,3
2031,2026-06-16 14:02:06+05:30,3149.7,4,3132.87,2651340,134824.0,201730.0,3163.0,3163.0,3108.0,3134.3,31917400,3447.7,2820.9,3839.9,2896.0,3149.7,9,5,3149.5,1,1,3149.4,46,3,3149.0,14,1,3148.9,53,4,3149.8,65,4,3149.9,3,2,3150.0,4002,12,3150.2,31,1,3150.4,92,3
2031,2026-06-16 14:02:08+05:30,3149.8,1,3132.87,2651340,134824.0,201730.0,3163.0,3163.0,3108.0,3134.3,31917400,3447.7,2820.9,3839.9,2896.0,3149.7,9,5,3149.5,1,1,3149.4,46,3,3149.0,14,1,3148.9,53,4,3149.8,65,4,3149.9,3,2,3150.0,4002,12,3150.2,31,1,3150.4,92,3
2031,2026-06-16 14:02:09+05:30,3149.8,1,3132.87,2651550,134832.0,201591.0,3163.0,3163.0,3108.0,3134.3,31917400,3447.7,2820.9,3839.9,2896.0,3149.7,4,4,3149.6,16,1,3149.5,1,1,3149.4,31,2,3149.1,14,1,3149.8,12,4,3149.9,265,4,3150.0,3802,11,3150.1,21,1,3150.2,54,2
2031,2026-06-16 14:02:10+05:30,3149.8,160,3132.87,2651550,134832.0,201591.0,3163.0,3163.0,3108.0,3134.3,31917400,3447.7,2820.9,3839.9,2896.0,3149.7,4,4,3149.6,16,1,3149.5,1,1,3149.4,31,2,3149.1,14,1,3149.8,12,4,3149.9,265,4,3150.0,3802,11,3150.1,21,1,3150.2,54,2
2031,2026-06-16 14:02:12+05:30,3149.7,8,3132.87,2651550,134832.0,201591.0,3163.0,3163.0,3108.0,3134.3,31917400,3447.7,2820.9,3839.9,2896.0,3149.7,4,4,3149.6,16,1,3149.5,1,1,3149.4,31,2,3149.1,14,1,3149.8,12,4,3149.9,265,4,3150.0,3802,11,3150.1,21,1,3150.2,54,2
2031,2026-06-16 14:02:13+05:30,3149.7,8,3132.87,2651743,134839.0,201463.0,3163.0,3163.0,3108.0,3134.3,31917400,3447.7,2820.9,3839.9,2896.0,3149.7,46,2,3149.6,26,2,3149.5,1,1,3149.4,31,2,3149.1,14,1,3149.8,1462,3,3149.9,263,2,3150.0,2308,12,3150.1,23,1,3150.2,54,2
2031,2026-06-16 14:02:14+05:30,3149.8,1,3132.87,2651743,134839.0,201463.0,3163.0,3163.0,3108.0,3134.3,31917400,3447.7,2820.9,3839.9,2896.0,3149.7,46,2,3149.6,26,2,3149.5,1,1,3149.4,31,2,3149.1,14,1,3149.8,1462,3,3149.9,263,2,3150.0,2308,12,3150.1,23,1,3150.2,54,2
2031,2026-06-16 14:02:16+05:30,3149.8,10,3132.87,2651743,134839.0,201463.0,3163.0,3163.0,3108.0,3134.3,31917400,3447.7,2820.9,3839.9,2896.0,3149.7,46,2,3149.6,26,2,3149.5,1,1,3149.4,31,2,3149.1,14,1,3149.8,1462,3,3149.9,263,2,3150.0,2308,12,3150.1,23,1,3150.2,54,2
2031,2026-06-16 14:02:18+05:30,3149.7,5,3132.87,2652045,134774.0,201466.0,3163.0,3163.0,3108.0,3134.3,31917400,3447.7,2820.9,3839.9,2896.0,3149.7,15,3,3149.6,26,2,3149.5,1,1,3149.4,31,2,3149.1,25,3,3149.8,1397,5,3149.9,66,3,3150.0,2485,12,3150.3,88,3,3150.5,146,2
2031,2026-06-16 14:02:18+05:30,3149.7,5,3132.87,2652045,134774.0,201466.0,3163.0,3163.0,3108.0,3134.3,31917400,3447.7,2820.9,3839.9,2896.0,3149.7,15,3,3149.6,26,2,3149.5,1,1,3149.4,31,2,3149.1,25,3,3149.8,1397,5,3149.9,66,3,3150.0,2485,12,3150.3,88,3,3150.5,146,2
2031,2026-06-16 14:02:20+05:30,3149.8,1,3132.87,2652045,134774.0,201466.0,3163.0,3163.0,3108.0,3134.3,31917400,3447.7,2820.9,3839.9,2896.0,3149.7,15,3,3149.6,26,2,3149.5,1,1,3149.4,31,2,3149.1,25,3,3149.8,1397,5,3149.9,66,3,3150.0,2485,12,3150.3,88,3,3150.5,146,2
2031,2026-06-16 14:02:22+05:30,3149.8,63,3132.87,2652045,134774.0,201466.0,3163.0,3163.0,3108.0,3134.3,31917400,3447.7,2820.9,3839.9,2896.0,3149.7,15,3,3149.6,26,2,3149.5,1,1,3149.4,31,2,3149.1,25,3,3149.8,1397,5,3149.9,66,3,3150.0,2485,12,3150.3,88,3,3150.5,146,2
2031,2026-06-16 14:02:23+05:30,3149.8,63,3132.87,2652273,134880.0,201099.0,3163.0,3163.0,3108.0,3134.3,31917400,3447.7,2820.9,3839.9,2896.0,3149.7,14,4,3149.6,26,2,3149.5,1,1,3149.4,31,2,3149.2,28,3,3149.8,1217,7,3149.9,63,1,3150.0,2585,13,3150.5,100,1,3150.6,641,5
2031,2026-06-16 14:02:24+05:30,3149.7,10,3132.87,2652273,134880.0,201099.0,3163.0,3163.0,3108.0,3134.3,31917400,3447.7,2820.9,3839.9,2896.0,3149.7,14,4,3149.6,26,2,3149.5,1,1,3149.4,31,2,3149.2,28,3,3149.8,1217,7,3149.9,63,1,3150.0,2585,13,3150.5,100,1,3150.6,641,5
2031,2026-06-16 14:02:25+05:30,3149.7,10,3132.87,2652273,134880.0,201099.0,3163.0,3163.0,3108.0,3134.3,31917400,3447.7,2820.9,3839.9,2896.0,3149.7,14,4,3149.6,26,2,3149.5,1,1,3149.4,31,2,3149.2,28,3,3149.8,1217,7,3149.9,63,1,3150.0,2585,13,3150.5,100,1,3150.6,641,5
2031,2026-06-16 14:02:26+05:30,3149.7,10,3132.87,2652273,134880.0,201099.0,3163.0,3163.0,3108.0,3134.3,31917400,3447.7,2820.9,3839.9,2896.0,3149.7,14,4,3149.6,26,2,3149.5,1,1,3149.4,31,2,3149.2,28,3,3149.8,1217,7,3149.9,63,1,3150.0,2585,13,3150.5,100,1,3150.6,641,5
2031,2026-06-16 14:02:26+05:30,3149.7,6,3132.87,2652273,134880.0,201099.0,3163.0,3163.0,3108.0,3134.3,31917400,3447.7,2820.9,3839.9,2896.0,3149.7,14,4,3149.6,26,2,3149.5,1,1,3149.4,31,2,3149.2,28,3,3149.8,1217,7,3149.9,63,1,3150.0,2585,13,3150.5,100,1,3150.6,641,5
2031,2026-06-16 14:02:27+05:30,3149.8,1,3132.87,2652297,134453.0,201138.0,3163.0,3163.0,3108.0,3134.3,31917400,3447.7,2820.9,3839.9,2896.0,3149.7,31,3,3149.6,26,2,3149.5,1,1,3149.4,31,2,3149.2,21,2,3149.8,1217,8,3149.9,63,1,3150.0,2620,14,3150.5,100,1,3150.6,664,6
2031,2026-06-16 14:02:28+05:30,3149.8,1,3132.87,2652297,134453.0,201138.0,3163.0,3163.0,3108.0,3134.3,31917400,3447.7,2820.9,3839.9,2896.0,3149.7,31,3,3149.6,26,2,3149.5,1,1,3149.4,31,2,3149.2,21,2,3149.8,1217,8,3149.9,63,1,3150.0,2620,14,3150.5,100,1,3150.6,664,6
2031,2026-06-16 14:02:29+05:30,3149.8,1,3132.87,2652297,134453.0,201138.0,3163.0,3163.0,3108.0,3134.3,31917400,3447.7,2820.9,3839.9,2896.0,3149.7,31,3,3149.6,26,2,3149.5,1,1,3149.4,31,2,3149.2,21,2,3149.8,1217,8,3149.9,63,1,3150.0,2620,14,3150.5,100,1,3150.6,664,6
2031,2026-06-16 14:02:30+05:30,3149.7,5,3132.87,2652297,134453.0,201138.0,3163.0,3163.0,3108.0,3134.3,31917400,3447.7,2820.9,3839.9,2896.0,3149.7,31,3,3149.6,26,2,3149.5,1,1,3149.4,31,2,3149.2,21,2,3149.8,1217,8,3149.9,63,1,3150.0,2620,14,3150.5,100,1,3150.6,664,6
2031,2026-06-16 14:02:31+05:30,3149.7,5,3132.87,2652297,134453.0,201138.0,3163.0,3163.0,3108.0,3134.3,31917400,3447.7,2820.9,3839.9,2896.0,3149.7,31,3,3149.6,26,2,3149.5,1,1,3149.4,31,2,3149.2,21,2,3149.8,1217,8,3149.9,63,1,3150.0,2620,14,3150.5,100,1,3150.6,664,6
2031,2026-06-16 14:02:32+05:30,3149.7,5,3132.87,2652512,134319.0,200965.0,3163.0,3163.0,3108.0,3134.3,31917400,3447.7,2820.9,3839.9,2896.0,3149.7,8,3,3149.6,26,2,3149.5,1,1,3149.4,31,2,3149.1,17,2,3149.8,1090,11,3149.9,66,3,3150.0,2737,16,3150.2,23,1,3150.3,34,1
2031,2026-06-16 14:02:32+05:30,3149.8,108,3132.87,2652512,134319.0,200965.0,3163.0,3163.0,3108.0,3134.3,31917400,3447.7,2820.9,3839.9,2896.0,3149.7,8,3,3149.6,26,2,3149.5,1,1,3149.4,31,2,3149.1,17,2,3149.8,1090,11,3149.9,66,3,3150.0,2737,16,3150.2,23,1,3150.3,34,1
2031,2026-06-16 14:02:33+05:30,3149.8,108,3132.87,2652512,134319.0,200965.0,3163.0,3163.0,3108.0,3134.3,31917400,3447.7,2820.9,3839.9,2896.0,3149.7,8,3,3149.6,26,2,3149.5,1,1,3149.4,31,2,3149.1,17,2,3149.8,1090,11,3149.9,66,3,3150.0,2737,16,3150.2,23,1,3150.3,34,1
2031,2026-06-16 14:02:34+05:30,3149.7,2,3132.87,2652512,134319.0,200965.0,3163.0,3163.0,3108.0,3134.3,31917400,3447.7,2820.9,3839.9,2896.0,3149.7,8,3,3149.6,26,2,3149.5,1,1,3149.4,31,2,3149.1,17,2,3149.8,1090,11,3149.9,66,3,3150.0,2737,16,3150.2,23,1,3150.3,34,1
2031,2026-06-16 14:02:34+05:30,3149.7,2,3132.87,2652512,134319.0,200965.0,3163.0,3163.0,3108.0,3134.3,31917400,3447.7,2820.9,3839.9,2896.0,3149.7,8,3,3149.6,26,2,3149.5,1,1,3149.4,31,2,3149.1,17,2,3149.8,1090,11,3149.9,66,3,3150.0,2737,16,3150.2,23,1,3150.3,34,1
2031,2026-06-16 14:02:36+05:30,3149.6,7,3132.88,2653112,134290.0,200636.0,3163.0,3163.0,3108.0,3134.3,31917400,3447.7,2820.9,3839.9,2896.0,3149.6,3,1,3149.5,1,1,3149.4,31,2,3149.1,17,2,3148.9,22,1,3149.8,624,13,3149.9,263,2,3150.0,2781,17,3150.1,6,1,3150.2,94,3
2031,2026-06-16 14:02:36+05:30,3149.6,7,3132.88,2653112,134290.0,200636.0,3163.0,3163.0,3108.0,3134.3,31917400,3447.7,2820.9,3839.9,2896.0,3149.6,3,1,3149.5,1,1,3149.4,31,2,3149.1,17,2,3148.9,22,1,3149.8,624,13,3149.9,263,2,3150.0,2781,17,3150.1,6,1,3150.2,94,3
2031,2026-06-16 14:02:36+05:30,3149.6,1,3132.88,2653112,134290.0,200636.0,3163.0,3163.0,3108.0,3134.3,31917400,3447.7,2820.9,3839.9,2896.0,3149.6,3,1,3149.5,1,1,3149.4,31,2,3149.1,17,2,3148.9,22,1,3149.8,624,13,3149.9,263,2,3150.0,2781,17,3150.1,6,1,3150.2,94,3
2031,2026-06-16 14:02:37+05:30,3149.6,1,3132.88,2653112,134290.0,200636.0,3163.0,3163.0,3108.0,3134.3,31917400,3447.7,2820.9,3839.9,2896.0,3149.6,3,1,3149.5,1,1,3149.4,31,2,3149.1,17,2,3148.9,22,1,3149.8,624,13,3149.9,263,2,3150.0,2781,17,3150.1,6,1,3150.2,94,3
2031,2026-06-16 14:02:38+05:30,3149.6,1,3132.88,2653112,134290.0,200636.0,3163.0,3163.0,3108.0,3134.3,31917400,3447.7,2820.9,3839.9,2896.0,3149.6,3,1,3149.5,1,1,3149.4,31,2,3149.1,17,2,3148.9,22,1,3149.8,624,13,3149.9,263,2,3150.0,2781,17,3150.1,6,1,3150.2,94,3
2031,2026-06-16 14:02:38+05:30,3149.7,1,3132.88,2653112,134290.0,200636.0,3163.0,3163.0,3108.0,3134.3,31917400,3447.7,2820.9,3839.9,2896.0,3149.6,3,1,3149.5,1,1,3149.4,31,2,3149.1,17,2,3148.9,22,1,3149.8,624,13,3149.9,263,2,3150.0,2781,17,3150.1,6,1,3150.2,94,3
2031,2026-06-16 14:02:39+05:30,3149.7,1,3132.88,2653112,134290.0,200636.0,3163.0,3163.0,3108.0,3134.3,31917400,3447.7,2820.9,3839.9,2896.0,3149.6,3,1,3149.5,1,1,3149.4,31,2,3149.1,17,2,3148.9,22,1,3149.8,624,13,3149.9,263,2,3150.0,2781,17,3150.1,6,1,3150.2,94,3
2031,2026-06-16 14:02:40+05:30,3149.7,1,3132.88,2653112,134290.0,200636.0,3163.0,3163.0,3108.0,3134.3,31917400,3447.7,2820.9,3839.9,2896.0,3149.6,3,1,3149.5,1,1,3149.4,31,2,3149.1,17,2,3148.9,22,1,3149.8,624,13,3149.9,263,2,3150.0,2781,17,3150.1,6,1,3150.2,94,3
2031,2026-06-16 14:02:40+05:30,3149.8,1,3132.88,2653112,134290.0,200636.0,3163.0,3163.0,3108.0,3134.3,31917400,3447.7,2820.9,3839.9,2896.0,3149.6,3,1,3149.5,1,1,3149.4,31,2,3149.1,17,2,3148.9,22,1,3149.8,624,13,3149.9,263,2,3150.0,2781,17,3150.1,6,1,3150.2,94,3
2031,2026-06-16 14:02:41+05:30,3149.8,1,3132.88,2653112,134290.0,200636.0,3163.0,3163.0,3108.0,3134.3,31917400,3447.7,2820.9,3839.9,2896.0,3149.6,3,1,3149.5,1,1,3149.4,31,2,3149.1,17,2,3148.9,22,1,3149.8,624,13,3149.9,263,2,3150.0,2781,17,3150.1,6,1,3150.2,94,3
2031,2026-06-16 14:02:41+05:30,3149.8,1,3132.88,2653369,133824.0,200695.0,3163.0,3163.0,3108.0,3134.3,31917400,3447.7,2820.9,3839.9,2896.0,3149.7,3,1,3149.6,8,1,3149.5,1,1,3149.4,31,2,3149.1,14,1,3149.8,590,12,3149.9,286,3,3150.0,2655,17,3150.2,141,5,3150.3,70,3
2031,2026-06-16 14:02:41+05:30,3149.8,1,3132.88,2653369,133824.0,200695.0,3163.0,3163.0,3108.0,3134.3,31917400,3447.7,2820.9,3839.9,2896.0,3149.7,3,1,3149.6,8,1,3149.5,1,1,3149.4,31,2,3149.1,14,1,3149.8,590,12,3149.9,286,3,3150.0,2655,17,3150.2,141,5,3150.3,70,3
2031,2026-06-16 14:02:42+05:30,3149.8,1,3132.88,2653369,133824.0,200695.0,3163.0,3163.0,3108.0,3134.3,31917400,3447.7,2820.9,3839.9,2896.0,3149.7,3,1,3149.6,8,1,3149.5,1,1,3149.4,31,2,3149.1,14,1,3149.8,590,12,3149.9,286,3,3150.0,2655,17,3150.2,141,5,3150.3,70,3
2031,2026-06-16 14:02:42+05:30,3149.6,2,3132.88,2653369,133824.0,200695.0,3163.0,3163.0,3108.0,3134.3,31917400,3447.7,2820.9,3839.9,2896.0,3149.7,3,1,3149.6,8,1,3149.5,1,1,3149.4,31,2,3149.1,14,1,3149.8,590,12,3149.9,286,3,3150.0,2655,17,3150.2,141,5,3150.3,70,3
2031,2026-06-16 14:02:43+05:30,3149.6,2,3132.88,2653369,133824.0,200695.0,3163.0,3163.0,3108.0,3134.3,31917400,3447.7,2820.9,3839.9,2896.0,3149.7,3,1,3149.6,8,1,3149.5,1,1,3149.4,31,2,3149.1,14,1,3149.8,590,12,3149.9,286,3,3150.0,2655,17,3150.2,141,5,3150.3,70,3
2031,2026-06-16 14:02:44+05:30,3149.6,2,3132.88,2653369,133824.0,200695.0,3163.0,3163.0,3108.0,3134.3,31917400,3447.7,2820.9,3839.9,2896.0,3149.7,3,1,3149.6,8,1,3149.5,1,1,3149.4,31,2,3149.1,14,1,3149.8,590,12,3149.9,286,3,3150.0,2655,17,3150.2,141,5,3150.3,70,3
2031,2026-06-16 14:02:44+05:30,3149.6,5,3132.88,2653369,133824.0,200695.0,3163.0,3163.0,3108.0,3134.3,31917400,3447.7,2820.9,3839.9,2896.0,3149.7,3,1,3149.6,8,1,3149.5,1,1,3149.4,31,2,3149.1,14,1,3149.8,590,12,3149.9,286,3,3150.0,2655,17,3150.2,141,5,3150.3,70,3
2031,2026-06-16 14:02:45+05:30,3149.6,5,3132.88,2653369,133824.0,200695.0,3163.0,3163.0,3108.0,3134.3,31920400,3447.7,2820.9,3839.9,2896.0,3149.7,3,1,3149.6,8,1,3149.5,1,1,3149.4,31,2,3149.1,14,1,3149.8,590,12,3149.9,286,3,3150.0,2655,17,3150.2,141,5,3150.3,70,3
2031,2026-06-16 14:02:45+05:30,3149.7,2,3132.88,2653691,133425.0,201442.0,3163.0,3163.0,3108.0,3134.3,31920400,3447.7,2820.9,3839.9,2896.0,3149.1,15,2,3148.8,2,2,3148.6,42,3,3148.5,64,3,3148.4,15,1,3149.7,283,6,3149.8,2672,17,3149.9,11,1,3150.0,726,21,3150.1,6,1
2031,2026-06-16 14:02:46+05:30,3149.2,1,3132.88,2653691,133425.0,201442.0,3163.0,3163.0,3108.0,3134.3,31920400,3447.7,2820.9,3839.9,2896.0,3149.1,15,2,3148.8,2,2,3148.6,42,3,3148.5,64,3,3148.4,15,1,3149.7,283,6,3149.8,2672,17,3149.9,11,1,3150.0,726,21,3150.1,6,1
2031,2026-06-16 14:02:48+05:30,3148.8,1,3132.88,2653691,133425.0,201442.0,3163.0,3163.0,3108.0,3134.3,31920400,3447.7,2820.9,3839.9,2896.0,3149.1,15,2,3148.8,2,2,3148.6,42,3,3148.5,64,3,3148.4,15,1,3149.7,283,6,3149.8,2672,17,3149.9,11,1,3150.0,726,21,3150.1,6,1
2031,2026-06-16 14:02:50+05:30,3148.6,13,3132.88,2653809,133302.0,201726.0,3163.0,3163.0,3108.0,3134.3,31920400,3447.7,2820.9,3839.9,2896.0,3148.6,29,3,3148.5,29,1,3148.2,4,2,3148.1,40,2,3148.0,47,3,3149.1,198,1,3149.2,89,5,3149.3,55,3,3149.4,119,4,3149.5,31,1
2031,2026-06-16 14:02:50+05:30,3148.6,1,3132.88,2653809,133302.0,201726.0,3163.0,3163.0,3108.0,3134.3,31920400,3447.7,2820.9,3839.9,2896.0,3148.6,29,3,3148.5,29,1,3148.2,4,2,3148.1,40,2,3148.0,47,3,3149.1,198,1,3149.2,89,5,3149.3,55,3,3149.4,119,4,3149.5,31,1
2031,2026-06-16 14:02:52+05:30,3149.0,1,3132.88,2653809,133302.0,201726.0,3163.0,3163.0,3108.0,3134.3,31920400,3447.7,2820.9,3839.9,2896.0,3148.6,29,3,3148.5,29,1,3148.2,4,2,3148.1,40,2,3148.0,47,3,3149.1,198,1,3149.2,89,5,3149.3,55,3,3149.4,119,4,3149.5,31,1
2031,2026-06-16 14:02:54+05:30,3148.2,2,3132.88,2653809,133302.0,201726.0,3163.0,3163.0,3108.0,3134.3,31920400,3447.7,2820.9,3839.9,2896.0,3148.6,29,3,3148.5,29,1,3148.2,4,2,3148.1,40,2,3148.0,47,3,3149.1,198,1,3149.2,89,5,3149.3,55,3,3149.4,119,4,3149.5,31,1
2031,2026-06-16 14:02:55+05:30,3148.2,2,3132.88,2654290,131061.0,203010.0,3163.0,3163.0,3108.0,3134.3,31920400,3447.7,2820.9,3839.9,2896.0,3148.2,1,1,3148.1,20,1,3148.0,7,2,3147.8,1,1,3147.5,21,1,3148.5,76,4,3148.6,272,5,3148.8,122,6,3148.9,73,2,3149.0,128,5
2031,2026-06-16 14:02:57+05:30,3148.2,26,3132.88,2654290,131061.0,203010.0,3163.0,3163.0,3108.0,3134.3,31920400,3447.7,2820.9,3839.9,2896.0,3148.2,1,1,3148.1,20,1,3148.0,7,2,3147.8,1,1,3147.5,21,1,3148.5,76,4,3148.6,272,5,3148.8,122,6,3148.9,73,2,3149.0,128,5
2031,2026-06-16 14:03:00+05:30,3148.4,2,3132.88,2654453,131690.0,203428.0,3163.0,3163.0,3108.0,3134.3,31920400,3447.7,2820.9,3839.9,2896.0,3148.2,24,4,3148.1,20,1,3148.0,22,3,3147.8,2,2,3147.6,26,2,3148.4,182,2,3148.5,54,7,3148.6,20,1,3148.8,27,1,3148.9,73,2
2031,2026-06-16 14:03:00+05:30,3148.4,2,3132.88,2654453,131690.0,203428.0,3163.0,3163.0,3108.0,3134.3,31920400,3447.7,2820.9,3839.9,2896.0,3148.2,24,4,3148.1,20,1,3148.0,22,3,3147.8,2,2,3147.6,26,2,3148.4,182,2,3148.5,54,7,3148.6,20,1,3148.8,27,1,3148.9,73,2
2031,2026-06-16 14:03:03+05:30,3148.4,1,3132.88,2654453,131690.0,203428.0,3163.0,3163.0,3108.0,3134.3,31920400,3447.7,2820.9,3839.9,2896.0,3148.2,24,4,3148.1,20,1,3148.0,22,3,3147.8,2,2,3147.6,26,2,3148.4,182,2,3148.5,54,7,3148.6,20,1,3148.8,27,1,3148.9,73,2
2031,2026-06-16 14:03:06+05:30,3148.2,1,3132.89,2654722,131218.0,203424.0,3163.0,3163.0,3108.0,3134.3,31920400,3447.7,2820.9,3839.9,2896.0,3148.2,21,4,3148.1,20,1,3148.0,22,3,3147.8,2,2,3147.5,61,2,3148.3,5,1,3148.4,149,7,3148.5,30,2,3148.6,36,2,3148.8,106,4
2031,2026-06-16 14:03:06+05:30,3148.2,10,3132.89,2654722,131218.0,203424.0,3163.0,3163.0,3108.0,3134.3,31920400,3447.7,2820.9,3839.9,2896.0,3148.2,21,4,3148.1,20,1,3148.0,22,3,3147.8,2,2,3147.5,61,2,3148.3,5,1,3148.4,149,7,3148.5,30,2,3148.6,36,2,3148.8,106,4
2031,2026-06-16 14:03:08+05:30,3148.3,40,3132.89,2654722,131218.0,203424.0,3163.0,3163.0,3108.0,3134.3,31920400,3447.7,2820.9,3839.9,2896.0,3148.2,21,4,3148.1,20,1,3148.0,22,3,3147.8,2,2,3147.5,61,2,3148.3,5,1,3148.4,149,7,3148.5,30,2,3148.6,36,2,3148.8,106,4
2031,2026-06-16 14:03:10+05:30,3148.4,4,3132.89,2654722,131218.0,203424.0,3163.0,3163.0,3108.0,3134.3,31920400,3447.7,2820.9,3839.9,2896.0,3148.2,21,4,3148.1,20,1,3148.0,22,3,3147.8,2,2,3147.5,61,2,3148.3,5,1,3148.4,149,7,3148.5,30,2,3148.6,36,2,3148.8,106,4
2031,2026-06-16 14:03:11+05:30,3148.4,11,3132.89,2655051,131426.0,203326.0,3163.0,3163.0,3108.0,3134.3,31920400,3447.7,2820.9,3839.9,2896.0,3148.3,4,1,3148.2,1,1,3148.0,15,1,3147.9,13,1,3147.8,15,3,3148.4,319,5,3148.5,29,1,3148.8,24,1,3148.9,33,1,3149.0,646,5
2031,2026-06-16 14:03:12+05:30,3148.4,1,3132.89,2655051,131426.0,203326.0,3163.0,3163.0,3108.0,3134.3,31920400,3447.7,2820.9,3839.9,2896.0,3148.3,4,1,3148.2,1,1,3148.0,15,1,3147.9,13,1,3147.8,15,3,3148.4,319,5,3148.5,29,1,3148.8,24,1,3148.9,33,1,3149.0,646,5
2031,2026-06-16 14:03:14+05:30,3148.3,3,3132.89,2655051,131426.0,203326.0,3163.0,3163.0,3108.0,3134.3,31920400,3447.7,2820.9,3839.9,2896.0,3148.3,4,1,3148.2,1,1,3148.0,15,1,3147.9,13,1,3147.8,15,3,3148.4,319,5,3148.5,29,1,3148.8,24,1,3148.9,33,1,3149.0,646,5
2031,2026-06-16 14:03:16+05:30,3148.2,1,3132.89,2655051,131426.0,203326.0,3163.0,3163.0,3108.0,3134.3,31920400,3447.7,2820.9,3839.9,2896.0,3148.2,17,1,3148.0,37,3,3147.9,6,1,3147.8,68,5,3147.6,185,4,3148.4,317,6,3148.5,3,2,3148.8,24,1,3148.9,33,1,3149.0,630,4
2031,2026-06-16 14:03:16+05:30,3148.2,1,3132.89,2655095,131448.0,203138.0,3163.0,3163.0,3108.0,3134.3,31920400,3447.7,2820.9,3839.9,2896.0,3148.2,17,1,3148.0,37,3,3147.9,6,1,3147.8,68,5,3147.6,185,4,3148.4,317,6,3148.5,3,2,3148.8,24,1,3148.9,33,1,3149.0,630,4
2031,2026-06-16 14:03:18+05:30,3148.3,1,3132.89,2655095,131448.0,203138.0,3163.0,3163.0,3108.0,3134.3,31920400,3447.7,2820.9,3839.9,2896.0,3148.2,17,1,3148.0,37,3,3147.9,6,1,3147.8,68,5,3147.6,185,4,3148.4,317,6,3148.5,3,2,3148.8,24,1,3148.9,33,1,3149.0,630,4
2031,2026-06-16 14:03:20+05:30,3148.1,1,3132.89,2655095,131448.0,203138.0,3163.0,3163.0,3108.0,3134.3,31920400,3447.7,2820.9,3839.9,2896.0,3148.2,17,1,3148.0,37,3,3147.9,6,1,3147.8,68,5,3147.6,185,4,3148.4,317,6,3148.5,3,2,3148.8,24,1,3148.9,33,1,3149.0,630,4
2031,2026-06-16 14:03:21+05:30,3148.1,1,3132.89,2655459,131351.0,203023.0,3163.0,3163.0,3108.0,3134.3,31920400,3447.7,2820.9,3839.9,2896.0,3148.1,10,1,3148.0,62,5,3147.9,5,1,3147.8,78,7,3147.7,7,1,3148.4,181,2,3148.8,24,1,3148.9,33,1,3149.0,630,4,3149.1,28,1
2031,2026-06-16 14:03:22+05:30,3148.4,1,3132.89,2655459,131351.0,203023.0,3163.0,3163.0,3108.0,3134.3,31920400,3447.7,2820.9,3839.9,2896.0,3148.1,10,1,3148.0,62,5,3147.9,5,1,3147.8,78,7,3147.7,7,1,3148.4,181,2,3148.8,24,1,3148.9,33,1,3149.0,630,4,3149.1,28,1
2031,2026-06-16 14:03:24+05:30,3148.4,17,3132.89,2655459,131351.0,203023.0,3163.0,3163.0,3108.0,3134.3,31920400,3447.7,2820.9,3839.9,2896.0,3148.1,10,1,3148.0,62,5,3147.9,5,1,3147.8,78,7,3147.7,7,1,3148.4,181,2,3148.8,24,1,3148.9,33,1,3149.0,630,4,3149.1,28,1
2031,2026-06-16 14:03:25+05:30,3148.4,17,3132.89,2655459,131351.0,203023.0,3163.0,3163.0,3108.0,3134.3,31920400,3447.7,2820.9,3839.9,2896.0,3148.1,10,1,3148.0,62,5,3147.9,5,1,3147.8,78,7,3147.7,7,1,3148.4,181,2,3148.8,24,1,3148.9,33,1,3149.0,630,4,3149.1,28,1
2031,2026-06-16 14:03:26+05:30,3148.4,1,3132.89,2655679,131217.0,203559.0,3163.0,3163.0,3108.0,3134.3,31920400,3447.7,2820.9,3839.9,2896.0,3148.0,10,1,3147.8,2,2,3147.6,26,2,3147.5,31,2,3147.4,34,4,3148.4,228,6,3148.8,24,1,3148.9,33,1,3149.0,670,5,3149.1,49,2
2031,2026-06-16 14:03:26+05:30,3148.0,9,3132.89,2655679,131217.0,203559.0,3163.0,3163.0,3108.0,3134.3,31920400,3447.7,2820.9,3839.9,2896.0,3148.0,10,1,3147.8,2,2,3147.6,26,2,3147.5,31,2,3147.4,34,4,3148.4,228,6,3148.8,24,1,3148.9,33,1,3149.0,670,5,3149.1,49,2
2031,2026-06-16 14:03:27+05:30,3148.0,9,3132.89,2655679,131217.0,203559.0,3163.0,3163.0,3108.0,3134.3,31920400,3447.7,2820.9,3839.9,2896.0,3148.0,10,1,3147.8,2,2,3147.6,26,2,3147.5,31,2,3147.4,34,4,3148.4,228,6,3148.8,24,1,3148.9,33,1,3149.0,670,5,3149.1,49,2
2031,2026-06-16 14:03:29+05:30,3148.0,9,3132.89,2655679,131217.0,203559.0,3163.0,3163.0,3108.0,3134.3,31920400,3447.7,2820.9,3839.9,2896.0,3148.0,10,1,3147.8,2,2,3147.6,26,2,3147.5,31,2,3147.4,34,4,3148.4,228,6,3148.8,24,1,3148.9,33,1,3149.0,670,5,3149.1,49,2
2031,2026-06-16 14:03:30+05:30,3148.4,1,3132.89,2655679,131217.0,203559.0,3163.0,3163.0,3108.0,3134.3,31920400,3447.7,2820.9,3839.9,2896.0,3148.0,10,1,3147.8,2,2,3147.6,26,2,3147.5,31,2,3147.4,34,4,3148.4,228,6,3148.8,24,1,3148.9,33,1,3149.0,670,5,3149.1,49,2
2031,2026-06-16 14:03:31+05:30,3148.4,1,3132.89,2655689,131175.0,202723.0,3163.0,3163.0,3108.0,3134.3,31920400,3447.7,2820.9,3839.9,2896.0,3148.2,18,3,3148.1,11,1,3148.0,11,4,3147.8,26,4,3147.7,8,1,3148.3,5,1,3148.4,430,10,3148.8,24,1,3148.9,33,1,3149.0,430,3
2031,2026-06-16 14:03:31+05:30,3148.4,1,3132.89,2655689,131175.0,202723.0,3163.0,3163.0,3108.0,3134.3,31920400,3447.7,2820.9,3839.9,2896.0,3148.2,18,3,3148.1,11,1,3148.0,11,4,3147.8,26,4,3147.7,8,1,3148.3,5,1,3148.4,430,10,3148.8,24,1,3148.9,33,1,3149.0,430,3
2031,2026-06-16 14:03:32+05:30,3148.4,114,3132.89,2655689,131175.0,202723.0,3163.0,3163.0,3108.0,3134.3,31920400,3447.7,2820.9,3839.9,2896.0,3148.2,18,3,3148.1,11,1,3148.0,11,4,3147.8,26,4,3147.7,8,1,3148.3,5,1,3148.4,430,10,3148.8,24,1,3148.9,33,1,3149.0,430,3
2031,2026-06-16 14:03:33+05:30,3148.4,114,3132.89,2655689,131175.0,202723.0,3163.0,3163.0,3108.0,3134.3,31920400,3447.7,2820.9,3839.9,2896.0,3148.2,18,3,3148.1,11,1,3148.0,11,4,3147.8,26,4,3147.7,8,1,3148.3,5,1,3148.4,430,10,3148.8,24,1,3148.9,33,1,3149.0,430,3
2031,2026-06-16 14:03:34+05:30,3148.0,17,3132.89,2655689,131175.0,202723.0,3163.0,3163.0,3108.0,3134.3,31920400,3447.7,2820.9,3839.9,2896.0,3148.2,18,3,3148.1,11,1,3148.0,11,4,3147.8,26,4,3147.7,8,1,3148.3,5,1,3148.4,430,10,3148.8,24,1,3148.9,33,1,3149.0,430,3
2031,2026-06-16 14:03:35+05:30,3148.0,17,3132.89,2655689,131175.0,202723.0,3163.0,3163.0,3108.0,3134.3,31920400,3447.7,2820.9,3839.9,2896.0,3148.2,18,3,3148.1,11,1,3148.0,11,4,3147.8,26,4,3147.7,8,1,3148.3,5,1,3148.4,430,10,3148.8,24,1,3148.9,33,1,3149.0,430,3
2031,2026-06-16 14:03:35+05:30,3148.0,1,3132.89,2655973,131079.0,203211.0,3163.0,3163.0,3108.0,3134.3,31920400,3447.7,2820.9,3839.9,2896.0,3148.0,41,5,3147.9,11,1,3147.8,15,4,3147.7,7,1,3147.6,13,1,3148.3,56,3,3148.4,586,7,3148.5,25,2,3148.8,24,1,3148.9,73,2
2031,2026-06-16 14:03:36+05:30,3148.0,1,3132.89,2655973,131079.0,203211.0,3163.0,3163.0,3108.0,3134.3,31920400,3447.7,2820.9,3839.9,2896.0,3148.0,41,5,3147.9,11,1,3147.8,15,4,3147.7,7,1,3147.6,13,1,3148.3,56,3,3148.4,586,7,3148.5,25,2,3148.8,24,1,3148.9,73,2
2031,2026-06-16 14:03:36+05:30,3148.0,10,3132.89,2655973,131079.0,203211.0,3163.0,3163.0,3108.0,3134.3,31920400,3447.7,2820.9,3839.9,2896.0,3148.0,41,5,3147.9,11,1,3147.8,15,4,3147.7,7,1,3147.6,13,1,3148.3,56,3,3148.4,586,7,3148.5,25,2,3148.8,24,1,3148.9,73,2
2031,2026-06-16 14:03:37+05:30,3148.0,10,3132.89,2655973,131079.0,203211.0,3163.0,3163.0,3108.0,3134.3,31920400,3447.7,2820.9,3839.9,2896.0,3148.0,41,5,3147.9,11,1,3147.8,15,4,3147.7,7,1,3147.6,13,1,3148.3,56,3,3148.4,586,7,3148.5,25,2,3148.8,24,1,3148.9,73,2
2031,2026-06-16 14:03:38+05:30,3148.0,10,3132.89,2655973,131079.0,203211.0,3163.0,3163.0,3108.0,3134.3,31920400,3447.7,2820.9,3839.9,2896.0,3148.0,41,5,3147.9,11,1,3147.8,15,4,3147.7,7,1,3147.6,13,1,3148.3,56,3,3148.4,586,7,3148.5,25,2,3148.8,24,1,3148.9,73,2
2031,2026-06-16 14:03:38+05:30,3148.2,1,3132.89,2655973,131079.0,203211.0,3163.0,3163.0,3108.0,3134.3,31920400,3447.7,2820.9,3839.9,2896.0,3148.0,41,5,3147.9,11,1,3147.8,15,4,3147.7,7,1,3147.6,13,1,3148.3,56,3,3148.4,586,7,3148.5,25,2,3148.8,24,1,3148.9,73,2
2031,2026-06-16 14:03:39+05:30,3148.2,1,3132.89,2655973,131079.0,203211.0,3163.0,3163.0,3108.0,3134.3,31920400,3447.7,2820.9,3839.9,2896.0,3148.0,41,5,3147.9,11,1,3147.8,15,4,3147.7,7,1,3147.6,13,1,3148.3,56,3,3148.4,586,7,3148.5,25,2,3148.8,24,1,3148.9,73,2
2031,2026-06-16 14:03:40+05:30,3148.2,1,3132.89,2655973,131079.0,203211.0,3163.0,3163.0,3108.0,3134.3,31920400,3447.7,2820.9,3839.9,2896.0,3148.0,41,5,3147.9,11,1,3147.8,15,4,3147.7,7,1,3147.6,13,1,3148.3,56,3,3148.4,586,7,3148.5,25,2,3148.8,24,1,3148.9,73,2
2031,2026-06-16 14:03:40+05:30,3148.3,5,3132.89,2655973,131079.0,203211.0,3163.0,3163.0,3108.0,3134.3,31920400,3447.7,2820.9,3839.9,2896.0,3148.0,41,5,3147.9,11,1,3147.8,15,4,3147.7,7,1,3147.6,13,1,3148.3,56,3,3148.4,586,7,3148.5,25,2,3148.8,24,1,3148.9,73,2
2031,2026-06-16 14:03:41+05:30,3148.3,5,3132.89,2656145,130954.0,203298.0,3163.0,3163.0,3108.0,3134.3,31920400,3447.7,2820.9,3839.9,2896.0,3148.1,5,1,3148.0,20,2,3147.8,2,2,3147.5,44,3,3147.4,21,3,3148.3,414,3,3148.4,150,1,3148.8,24,1,3148.9,486,5,3149.0,30,1
2031,2026-06-16 14:03:41+05:30,3148.3,5,3132.89,2656145,130954.0,203298.0,3163.0,3163.0,3108.0,3134.3,31920400,3447.7,2820.9,3839.9,2896.0,3148.1,5,1,3148.0,20,2,3147.8,2,2,3147.5,44,3,3147.4,21,3,3148.3,414,3,3148.4,150,1,3148.8,24,1,3148.9,486,5,3149.0,30,1
2031,2026-06-16 14:03:42+05:30,3148.3,5,3132.89,2656145,130954.0,203298.0,3163.0,3163.0,3108.0,3134.3,31920400,3447.7,2820.9,3839.9,2896.0,3148.1,5,1,3148.0,20,2,3147.8,2,2,3147.5,44,3,3147.4,21,3,3148.3,414,3,3148.4,150,1,3148.8,24,1,3148.9,486,5,3149.0,30,1
2031,2026-06-16 14:03:43+05:30,3148.3,5,3132.89,2656145,130954.0,203298.0,3163.0,3163.0,3108.0,3134.3,31920400,3447.7,2820.9,3839.9,2896.0,3148.1,5,1,3148.0,20,2,3147.8,2,2,3147.5,44,3,3147.4,21,3,3148.3,414,3,3148.4,150,1,3148.8,24,1,3148.9,486,5,3149.0,30,1
2031,2026-06-16 14:03:44+05:30,3148.3,5,3132.89,2656145,130954.0,203298.0,3163.0,3163.0,3108.0,3134.3,31920400,3447.7,2820.9,3839.9,2896.0,3148.1,5,1,3148.0,20,2,3147.8,2,2,3147.5,44,3,3147.4,21,3,3148.3,414,3,3148.4,150,1,3148.8,24,1,3148.9,486,5,3149.0,30,1
2031,2026-06-16 14:03:45+05:30,3148.3,5,3132.89,2656145,130954.0,203298.0,3163.0,3163.0,3108.0,3134.3,31919600,3447.7,2820.9,3839.9,2896.0,3148.1,5,1,3148.0,20,2,3147.8,2,2,3147.5,44,3,3147.4,21,3,3148.3,414,3,3148.4,150,1,3148.8,24,1,3148.9,486,5,3149.0,30,1
2031,2026-06-16 14:03:46+05:30,3148.2,1,3132.9,2656393,131315.0,202764.0,3163.0,3163.0,3108.0,3134.3,31919600,3447.7,2820.9,3839.9,2896.0,3148.1,1,1,3148.0,70,5,3147.9,14,2,3147.8,34,5,3147.7,14,2,3148.2,194,1,3148.3,224,3,3148.4,154,3,3148.8,400,2,3148.9,13,1
2031,2026-06-16 14:03:46+05:30,3148.1,9,3132.9,2656393,131315.0,202764.0,3163.0,3163.0,3108.0,3134.3,31919600,3447.7,2820.9,3839.9,2896.0,3148.1,1,1,3148.0,70,5,3147.9,14,2,3147.8,34,5,3147.7,14,2,3148.2,194,1,3148.3,224,3,3148.4,154,3,3148.8,400,2,3148.9,13,1
2031,2026-06-16 14:03:48+05:30,3148.1,3,3132.9,2656393,131315.0,202764.0,3163.0,3163.0,3108.0,3134.3,31919600,3447.7,2820.9,3839.9,2896.0,3148.1,1,1,3148.0,70,5,3147.9,14,2,3147.8,34,5,3147.7,14,2,3148.2,194,1,3148.3,224,3,3148.4,154,3,3148.8,400,2,3148.9,13,1
2031,2026-06-16 14:03:50+05:30,3147.9,2,3132.9,2656393,131315.0,202764.0,3163.0,3163.0,3108.0,3134.3,31919600,3447.7,2820.9,3839.9,2896.0,3148.1,1,1,3148.0,70,5,3147.9,14,2,3147.8,34,5,3147.7,14,2,3148.2,194,1,3148.3,224,3,3148.4,154,3,3148.8,400,2,3148.9,13,1
2031,2026-06-16 14:03:51+05:30,3147.9,2,3132.9,2656684,131077.0,203266.0,3163.0,3163.0,3108.0,3134.3,31919600,3447.7,2820.9,3839.9,2896.0,3147.9,7,1,3147.8,19,3,3147.4,3,1,3147.3,62,4,3147.2,13,1,3148.1,186,1,3148.2,117,6,3148.3,237,3,3148.4,150,1,3148.5,21,2
2031,2026-06-16 14:03:52+05:30,3148.1,1,3132.9,2656684,131077.0,203266.0,3163.0,3163.0,3108.0,3134.3,31919600,3447.7,2820.9,3839.9,2896.0,3147.9,7,1,3147.8,19,3,3147.4,3,1,3147.3,62,4,3147.2,13,1,3148.1,186,1,3148.2,117,6,3148.3,237,3,3148.4,150,1,3148.5,21,2
2031,2026-06-16 14:03:54+05:30,3148.1,1,3132.9,2656684,131077.0,203266.0,3163.0,3163.0,3108.0,3134.3,31919600,3447.7,2820.9,3839.9,2896.0,3147.9,7,1,3147.8,19,3,3147.4,3,1,3147.3,62,4,3147.2,13,1,3148.1,186,1,3148.2,117,6,3148.3,237,3,3148.4,150,1,3148.5,21,2
2031,2026-06-16 14:03:56+05:30,3147.9,1,3132.9,2656697,130932.0,203084.0,3163.0,3163.0,3108.0,3134.3,31919600,3447.7,2820.9,3839.9,2896.0,3147.9,12,2,3147.8,19,3,3147.3,62,4,3147.1,34,2,3147.0,1527,3,3148.1,196,3,3148.2,90,4,3148.3,237,3,3148.4,198,3,3148.5,27,1
2031,2026-06-16 14:03:56+05:30,3147.9,1,3132.9,2656697,130932.0,203084.0,3163.0,3163.0,3108.0,3134.3,31919600,3447.7,2820.9,3839.9,2896.0,3147.9,12,2,3147.8,19,3,3147.3,62,4,3147.1,34,2,3147.0,1527,3,3148.1,196,3,3148.2,90,4,3148.3,237,3,3148.4,198,3,3148.5,27,1
2031,2026-06-16 14:03:58+05:30,3148.3,1,3132.9,2656697,130932.0,203084.0,3163.0,3163.0,3108.0,3134.3,31919600,3447.7,2820.9,3839.9,2896.0,3147.9,12,2,3147.8,19,3,3147.3,62,4,3147.1,34,2,3147.0,1527,3,3148.1,196,3,3148.2,90,4,3148.3,237,3,3148.4,198,3,3148.5,27,1
2031,2026-06-16 14:04:00+05:30,3148.1,1,3132.9,2656697,130932.0,203084.0,3163.0,3163.0,3108.0,3134.3,31919600,3447.7,2820.9,3839.9,2896.0,3147.9,12,2,3147.8,19,3,3147.3,62,4,3147.1,34,2,3147.0,1527,3,3148.1,196,3,3148.2,90,4,3148.3,237,3,3148.4,198,3,3148.5,27,1
2031,2026-06-16 14:04:02+05:30,3148.3,10,3132.9,2657153,131152.0,204257.0,3163.0,3163.0,3108.0,3134.3,31919600,3447.7,2820.9,3839.9,2896.0,3147.9,11,3,3147.8,18,3,3147.4,18,3,3147.3,100,5,3147.2,202,6,3148.1,26,1,3148.3,168,4,3148.4,152,3,3148.7,445,3,3148.8,21,1
2031,2026-06-16 14:04:02+05:30,3147.9,3,3132.9,2657153,131152.0,204257.0,3163.0,3163.0,3108.0,3134.3,31919600,3447.7,2820.9,3839.9,2896.0,3147.9,11,3,3147.8,18,3,3147.4,18,3,3147.3,100,5,3147.2,202,6,3148.1,26,1,3148.3,168,4,3148.4,152,3,3148.7,445,3,3148.8,21,1
2031,2026-06-16 14:04:06+05:30,3147.9,10,3132.9,2657153,131152.0,204257.0,3163.0,3163.0,3108.0,3134.3,31919600,3447.7,2820.9,3839.9,2896.0,3147.9,11,3,3147.8,18,3,3147.4,18,3,3147.3,100,5,3147.2,202,6,3148.1,26,1,3148.3,168,4,3148.4,152,3,3148.7,445,3,3148.8,21,1
2031,2026-06-16 14:04:07+05:30,3147.9,10,3132.9,2657379,131072.0,204642.0,3163.0,3163.0,3108.0,3134.3,31919600,3447.7,2820.9,3839.9,2896.0,3147.9,29,3,3147.8,40,3,3147.3,62,4,3147.2,29,3,3147.1,120,5,3148.1,230,3,3148.3,168,4,3148.4,150,1,3148.5,3,1,3148.6,28,1
2031,2026-06-16 14:04:10+05:30,3148.0,19,3132.9,2657379,131072.0,204642.0,3163.0,3163.0,3108.0,3134.3,31919600,3447.7,2820.9,3839.9,2896.0,3147.9,29,3,3147.8,40,3,3147.3,62,4,3147.2,29,3,3147.1,120,5,3148.1,230,3,3148.3,168,4,3148.4,150,1,3148.5,3,1,3148.6,28,1
2031,2026-06-16 14:04:12+05:30,3147.8,18,3132.9,2657809,130821.0,204805.0,3163.0,3163.0,3108.0,3134.3,31919600,3447.7,2820.9,3839.9,2896.0,3147.8,31,2,3147.3,62,4,3147.2,30,4,3147.1,42,2,3147.0,1583,7,3148.1,310,6,3148.3,167,3,3148.4,225,4,3148.5,61,3,3148.6,72,2
2031,2026-06-16 14:04:12+05:30,3147.8,18,3132.9,2657809,130821.0,204805.0,3163.0,3163.0,3108.0,3134.3,31919600,3447.7,2820.9,3839.9,2896.0,3147.8,31,2,3147.3,62,4,3147.2,30,4,3147.1,42,2,3147.0,1583,7,3148.1,310,6,3148.3,167,3,3148.4,225,4,3148.5,61,3,3148.6,72,2
2031,2026-06-16 14:04:14+05:30,3147.8,1,3132.9,2657809,130821.0,204805.0,3163.0,3163.0,3108.0,3134.3,31919600,3447.7,2820.9,3839.9,2896.0,3147.8,31,2,3147.3,62,4,3147.2,30,4,3147.1,42,2,3147.0,1583,7,3148.1,310,6,3148.3,167,3,3148.4,225,4,3148.5,61,3,3148.6,72,2
2031,2026-06-16 14:04:16+05:30,3148.0,1,3132.9,2657809,130821.0,204805.0,3163.0,3163.0,3108.0,3134.3,31919600,3447.7,2820.9,3839.9,2896.0,3147.8,31,2,3147.3,62,4,3147.2,30,4,3147.1,42,2,3147.0,1583,7,3148.1,310,6,3148.3,167,3,3148.4,225,4,3148.5,61,3,3148.6,72,2
2031,2026-06-16 14:04:18+05:30,3148.0,1,3132.9,2657825,130889.0,204776.0,3163.0,3163.0,3108.0,3134.3,31919600,3447.7,2820.9,3839.9,2896.0,3147.9,46,2,3147.8,31,3,3147.3,48,3,3147.2,43,4,3147.1,42,2,3148.0,194,1,3148.1,113,7,3148.3,167,3,3148.4,178,2,3148.5,28,1
2031,2026-06-16 14:04:18+05:30,3148.0,1,3132.9,2657825,130889.0,204776.0,3163.0,3163.0,3108.0,3134.3,31919600,3447.7,2820.9,3839.9,2896.0,3147.9,46,2,3147.8,31,3,3147.3,48,3,3147.2,43,4,3147.1,42,2,3148.0,194,1,3148.1,113,7,3148.3,167,3,3148.4,178,2,3148.5,28,1
2031,2026-06-16 14:04:20+05:30,3147.8,1,3132.9,2657825,130889.0,204776.0,3163.0,3163.0,3108.0,3134.3,31919600,3447.7,2820.9,3839.9,2896.0,3147.9,46,2,3147.8,31,3,3147.3,48,3,3147.2,43,4,3147.1,42,2,3148.0,194,1,3148.1,113,7,3148.3,167,3,3148.4,178,2,3148.5,28,1
2031,2026-06-16 14:04:22+05:30,3147.8,1,3132.91,2658312,130937.0,204934.0,3163.0,3163.0,3108.0,3134.3,31919600,3447.7,2820.9,3839.9,2896.0,3147.8,17,1,3147.3,26,2,3147.2,3,1,3147.1,41,2,3147.0,1538,2,3147.9,219,2,3148.0,84,3,3148.1,8,3,3148.2,22,1,3148.3,235,6
2031,2026-06-16 14:04:22+05:30,3147.8,1,3132.91,2658312,130937.0,204934.0,3163.0,3163.0,3108.0,3134.3,31919600,3447.7,2820.9,3839.9,2896.0,3147.8,17,1,3147.3,26,2,3147.2,3,1,3147.1,41,2,3147.0,1538,2,3147.9,219,2,3148.0,84,3,3148.1,8,3,3148.2,22,1,3148.3,235,6
2031,2026-06-16 14:04:24+05:30,3147.9,1,3132.91,2658312,130937.0,204934.0,3163.0,3163.0,3108.0,3134.3,31919600,3447.7,2820.9,3839.9,2896.0,3147.8,17,1,3147.3,26,2,3147.2,3,1,3147.1,41,2,3147.0,1538,2,3147.9,219,2,3148.0,84,3,3148.1,8,3,3148.2,22,1,3148.3,235,6
2031,2026-06-16 14:04:25+05:30,3147.9,1,3132.91,2658312,130937.0,204934.0,3163.0,3163.0,3108.0,3134.3,31919600,3447.7,2820.9,3839.9,2896.0,3147.8,17,1,3147.3,26,2,3147.2,3,1,3147.1,41,2,3147.0,1538,2,3147.9,219,2,3148.0,84,3,3148.1,8,3,3148.2,22,1,3148.3,235,6
2031,2026-06-16 14:04:27+05:30,3147.9,6,3132.91,2658312,130937.0,204934.0,3163.0,3163.0,3108.0,3134.3,31919600,3447.7,2820.9,3839.9,2896.0,3147.8,17,1,3147.3,26,2,3147.2,3,1,3147.1,41,2,3147.0,1538,2,3147.9,219,2,3148.0,84,3,3148.1,8,3,3148.2,22,1,3148.3,235,6
2031,2026-06-16 14:04:27+05:30,3147.9,6,3132.91,2658329,130925.0,204958.0,3163.0,3163.0,3108.0,3134.3,31919600,3447.7,2820.9,3839.9,2896.0,3147.8,7,1,3147.3,26,2,3147.2,41,2,3147.1,41,2,3147.0,1538,2,3147.9,238,4,3148.0,84,3,3148.1,7,2,3148.2,22,1,3148.3,235,6
2031,2026-06-16 14:04:27+05:30,3147.9,6,3132.91,2658329,130925.0,204958.0,3163.0,3163.0,3108.0,3134.3,31919600,3447.7,2820.9,3839.9,2896.0,3147.8,7,1,3147.3,26,2,3147.2,41,2,3147.1,41,2,3147.0,1538,2,3147.9,238,4,3148.0,84,3,3148.1,7,2,3148.2,22,1,3148.3,235,6
2031,2026-06-16 14:04:29+05:30,3147.8,10,3132.91,2658329,130925.0,204958.0,3163.0,3163.0,3108.0,3134.3,31919600,3447.7,2820.9,3839.9,2896.0,3147.8,7,1,3147.3,26,2,3147.2,41,2,3147.1,41,2,3147.0,1538,2,3147.9,238,4,3148.0,84,3,3148.1,7,2,3148.2,22,1,3148.3,235,6
2031,2026-06-16 14:04:29+05:30,3147.8,10,3132.91,2658329,130925.0,204958.0,3163.0,3163.0,3108.0,3134.3,31919600,3447.7,2820.9,3839.9,2896.0,3147.8,7,1,3147.3,26,2,3147.2,41,2,3147.1,41,2,3147.0,1538,2,3147.9,238,4,3148.0,84,3,3148.1,7,2,3148.2,22,1,3148.3,235,6
2031,2026-06-16 14:04:31+05:30,3147.9,5,3132.91,2658329,130925.0,204958.0,3163.0,3163.0,3108.0,3134.3,31919600,3447.7,2820.9,3839.9,2896.0,3147.8,7,1,3147.3,26,2,3147.2,41,2,3147.1,41,2,3147.0,1538,2,3147.9,238,4,3148.0,84,3,3148.1,7,2,3148.2,22,1,3148.3,235,6
2031,2026-06-16 14:04:31+05:30,3147.9,5,3132.91,2658329,130925.0,204958.0,3163.0,3163.0,3108.0,3134.3,31919600,3447.7,2820.9,3839.9,2896.0,3147.8,7,1,3147.3,26,2,3147.2,41,2,3147.1,41,2,3147.0,1538,2,3147.9,238,4,3148.0,84,3,3148.1,7,2,3148.2,22,1,3148.3,235,6
2031,2026-06-16 14:04:31+05:30,3147.9,155,3132.91,2658558,131101.0,202749.0,3163.0,3163.0,3108.0,3134.3,31919600,3447.7,2820.9,3839.9,2896.0,3147.8,18,3,3147.4,6,1,3147.3,39,3,3147.2,16,2,3147.1,41,2,3147.9,123,7,3148.0,2,2,3148.1,7,2,3148.2,22,1,3148.3,192,4
2031,2026-06-16 14:04:33+05:30,3147.9,155,3132.91,2658558,131101.0,202749.0,3163.0,3163.0,3108.0,3134.3,31919600,3447.7,2820.9,3839.9,2896.0,3147.8,18,3,3147.4,6,1,3147.3,39,3,3147.2,16,2,3147.1,41,2,3147.9,123,7,3148.0,2,2,3148.1,7,2,3148.2,22,1,3148.3,192,4
2031,2026-06-16 14:04:34+05:30,3147.9,1,3132.91,2658558,131101.0,202749.0,3163.0,3163.0,3108.0,3134.3,31919600,3447.7,2820.9,3839.9,2896.0,3147.8,18,3,3147.4,6,1,3147.3,39,3,3147.2,16,2,3147.1,41,2,3147.9,123,7,3148.0,2,2,3148.1,7,2,3148.2,22,1,3148.3,192,4
2031,2026-06-16 14:04:35+05:30,3147.9,1,3132.91,2658558,131101.0,202749.0,3163.0,3163.0,3108.0,3134.3,31919600,3447.7,2820.9,3839.9,2896.0,3147.8,18,3,3147.4,6,1,3147.3,39,3,3147.2,16,2,3147.1,41,2,3147.9,123,7,3148.0,2,2,3148.1,7,2,3148.2,22,1,3148.3,192,4
2031,2026-06-16 14:04:36+05:30,3147.8,7,3132.91,2658609,130931.0,204926.0,3163.0,3163.0,3108.0,3134.3,31919600,3447.7,2820.9,3839.9,2896.0,3147.8,20,5,3147.3,26,2,3147.2,3,1,3147.1,41,2,3147.0,1523,3,3147.9,379,10,3148.1,7,2,3148.2,22,1,3148.3,220,5,3148.4,178,2
2031,2026-06-16 14:04:36+05:30,3147.8,7,3132.91,2658609,130931.0,204926.0,3163.0,3163.0,3108.0,3134.3,31919600,3447.7,2820.9,3839.9,2896.0,3147.8,20,5,3147.3,26,2,3147.2,3,1,3147.1,41,2,3147.0,1523,3,3147.9,379,10,3148.1,7,2,3148.2,22,1,3148.3,220,5,3148.4,178,2
2031,2026-06-16 14:04:37+05:30,3147.8,7,3132.91,2658609,130931.0,204926.0,3163.0,3163.0,3108.0,3134.3,31919600,3447.7,2820.9,3839.9,2896.0,3147.8,20,5,3147.3,26,2,3147.2,3,1,3147.1,41,2,3147.0,1523,3,3147.9,379,10,3148.1,7,2,3148.2,22,1,3148.3,220,5,3148.4,178,2
2031,2026-06-16 14:04:37+05:30,3147.8,7,3132.91,2658609,130931.0,204926.0,3163.0,3163.0,3108.0,3134.3,31919600,3447.7,2820.9,3839.9,2896.0,3147.8,20,5,3147.3,26,2,3147.2,3,1,3147.1,41,2,3147.0,1523,3,3147.9,379,10,3148.1,7,2,3148.2,22,1,3148.3,220,5,3148.4,178,2
2031,2026-06-16 14:04:38+05:30,3147.8,7,3132.91,2658609,130931.0,204926.0,3163.0,3163.0,3108.0,3134.3,31919600,3447.7,2820.9,3839.9,2896.0,3147.8,20,5,3147.3,26,2,3147.2,3,1,3147.1,41,2,3147.0,1523,3,3147.9,379,10,3148.1,7,2,3148.2,22,1,3148.3,220,5,3148.4,178,2
2031,2026-06-16 14:04:39+05:30,3147.8,7,3132.91,2658609,130931.0,204926.0,3163.0,3163.0,3108.0,3134.3,31919600,3447.7,2820.9,3839.9,2896.0,3147.8,20,5,3147.3,26,2,3147.2,3,1,3147.1,41,2,3147.0,1523,3,3147.9,379,10,3148.1,7,2,3148.2,22,1,3148.3,220,5,3148.4,178,2
2031,2026-06-16 14:04:40+05:30,3147.9,84,3132.91,2658609,130931.0,204926.0,3163.0,3163.0,3108.0,3134.3,31919600,3447.7,2820.9,3839.9,2896.0,3147.8,20,5,3147.3,26,2,3147.2,3,1,3147.1,41,2,3147.0,1523,3,3147.9,379,10,3148.1,7,2,3148.2,22,1,3148.3,220,5,3148.4,178,2
2031,2026-06-16 14:04:40+05:30,3147.9,84,3132.91,2658609,130931.0,204926.0,3163.0,3163.0,3108.0,3134.3,31919600,3447.7,2820.9,3839.9,2896.0,3147.8,20,5,3147.3,26,2,3147.2,3,1,3147.1,41,2,3147.0,1523,3,3147.9,379,10,3148.1,7,2,3148.2,22,1,3148.3,220,5,3148.4,178,2
2031,2026-06-16 14:04:41+05:30,3147.9,84,3132.91,2658609,130931.0,204926.0,3163.0,3163.0,3108.0,3134.3,31919600,3447.7,2820.9,3839.9,2896.0,3147.8,20,5,3147.3,26,2,3147.2,3,1,3147.1,41,2,3147.0,1523,3,3147.9,379,10,3148.1,7,2,3148.2,22,1,3148.3,220,5,3148.4,178,2
2031,2026-06-16 14:04:41+05:30,3147.9,4,3132.91,2658788,131193.0,204582.0,3163.0,3163.0,3108.0,3134.3,31919600,3447.7,2820.9,3839.9,2896.0,3147.8,52,4,3147.7,10,1,3147.6,10,1,3147.4,23,2,3147.3,33,3,3147.9,208,5,3148.1,7,2,3148.2,22,1,3148.3,192,4,3148.4,228,3
2031,2026-06-16 14:04:42+05:30,3147.9,4,3132.91,2658788,131193.0,204582.0,3163.0,3163.0,3108.0,3134.3,31919600,3447.7,2820.9,3839.9,2896.0,3147.8,52,4,3147.7,10,1,3147.6,10,1,3147.4,23,2,3147.3,33,3,3147.9,208,5,3148.1,7,2,3148.2,22,1,3148.3,192,4,3148.4,228,3
2031,2026-06-16 14:04:43+05:30,3147.9,4,3132.91,2658788,131193.0,204582.0,3163.0,3163.0,3108.0,3134.3,31919600,3447.7,2820.9,3839.9,2896.0,3147.8,52,4,3147.7,10,1,3147.6,10,1,3147.4,23,2,3147.3,33,3,3147.9,208,5,3148.1,7,2,3148.2,22,1,3148.3,192,4,3148.4,228,3
2031,2026-06-16 14:04:43+05:30,3147.9,4,3132.91,2658788,131193.0,204582.0,3163.0,3163.0,3108.0,3134.3,31919600,3447.7,2820.9,3839.9,2896.0,3147.8,52,4,3147.7,10,1,3147.6,10,1,3147.4,23,2,3147.3,33,3,3147.9,208,5,3148.1,7,2,3148.2,22,1,3148.3,192,4,3148.4,228,3
2031,2026-06-16 14:04:44+05:30,3147.9,4,3132.91,2658788,131193.0,204582.0,3163.0,3163.0,3108.0,3134.3,31919600,3447.7,2820.9,3839.9,2896.0,3147.8,52,4,3147.7,10,1,3147.6,10,1,3147.4,23,2,3147.3,33,3,3147.9,208,5,3148.1,7,2,3148.2,22,1,3148.3,192,4,3148.4,228,3
2031,2026-06-16 14:04:45+05:30,3147.9,4,3132.91,2658788,131193.0,204582.0,3163.0,3163.0,3108.0,3134.3,31921600,3447.7,2820.9,3839.9,2896.0,3147.8,52,4,3147.7,10,1,3147.6,10,1,3147.4,23,2,3147.3,33,3,3147.9,208,5,3148.1,7,2,3148.2,22,1,3148.3,192,4,3148.4,228,3
2031,2026-06-16 14:04:46+05:30,3147.9,16,3132.91,2658788,131193.0,204582.0,3163.0,3163.0,3108.0,3134.3,31921600,3447.7,2820.9,3839.9,2896.0,3147.8,52,4,3147.7,10,1,3147.6,10,1,3147.4,23,2,3147.3,33,3,3147.9,208,5,3148.1,7,2,3148.2,22,1,3148.3,192,4,3148.4,228,3
2031,2026-06-16 14:04:46+05:30,3147.9,17,3132.91,2659024,131091.0,204175.0,3163.0,3163.0,3108.0,3134.3,31921600,3447.7,2820.9,3839.9,2896.0,3147.8,11,3,3147.7,10,1,3147.4,22,2,3147.3,26,2,3147.2,37,4,3147.9,238,3,3148.0,4,2,3148.1,7,2,3148.2,22,1,3148.3,192,4
2031,2026-06-16 14:04:49+05:30,3147.9,1,3132.91,2659024,131091.0,204175.0,3163.0,3163.0,3108.0,3134.3,31921600,3447.7,2820.9,3839.9,2896.0,3147.8,11,3,3147.7,10,1,3147.4,22,2,3147.3,26,2,3147.2,37,4,3147.9,238,3,3148.0,4,2,3148.1,7,2,3148.2,22,1,3148.3,192,4
2031,2026-06-16 14:04:51+05:30,3147.9,1,3132.91,2659030,131109.0,204116.0,3163.0,3163.0,3108.0,3134.3,31921600,3447.7,2820.9,3839.9,2896.0,3147.8,8,4,3147.4,10,1,3147.3,26,2,3147.2,37,4,3147.1,41,2,3147.9,276,5,3148.1,7,2,3148.2,22,1,3148.3,90,3,3148.4,228,3
2031,2026-06-16 14:04:52+05:30,3147.8,4,3132.91,2659030,131109.0,204116.0,3163.0,3163.0,3108.0,3134.3,31921600,3447.7,2820.9,3839.9,2896.0,3147.8,8,4,3147.4,10,1,3147.3,26,2,3147.2,37,4,3147.1,41,2,3147.9,276,5,3148.1,7,2,3148.2,22,1,3148.3,90,3,3148.4,228,3
2031,2026-06-16 14:04:55+05:30,3147.9,1,3132.91,2659030,131109.0,204116.0,3163.0,3163.0,3108.0,3134.3,31921600,3447.7,2820.9,3839.9,2896.0,3147.8,8,4,3147.4,10,1,3147.3,26,2,3147.2,37,4,3147.1,41,2,3147.9,276,5,3148.1,7,2,3148.2,22,1,3148.3,90,3,3148.4,228,3
2031,2026-06-16 14:04:56+05:30,3148.0,10,3132.92,2659848,131828.0,204020.0,3163.0,3163.0,3108.0,3134.3,31921600,3447.7,2820.9,3839.9,2896.0,3148.0,338,6,3147.9,3,1,3147.8,52,9,3147.7,5,1,3147.6,36,4,3148.2,200,1,3148.3,65,2,3148.4,200,2,3148.5,13,1,3148.8,400,2
2031,2026-06-16 14:04:57+05:30,3148.0,10,3132.92,2659848,131828.0,204020.0,3163.0,3163.0,3108.0,3134.3,31921600,3447.7,2820.9,3839.9,2896.0,3148.0,338,6,3147.9,3,1,3147.8,52,9,3147.7,5,1,3147.6,36,4,3148.2,200,1,3148.3,65,2,3148.4,200,2,3148.5,13,1,3148.8,400,2
2031,2026-06-16 14:04:59+05:30,3148.2,1,3132.92,2659848,131828.0,204020.0,3163.0,3163.0,3108.0,3134.3,31921600,3447.7,2820.9,3839.9,2896.0,3148.0,338,6,3147.9,3,1,3147.8,52,9,3147.7,5,1,3147.6,36,4,3148.2,200,1,3148.3,65,2,3148.4,200,2,3148.5,13,1,3148.8,400,2
2031,2026-06-16 14:05:01+05:30,3148.3,13,3132.92,2659848,131828.0,204020.0,3163.0,3163.0,3108.0,3134.3,31921600,3447.7,2820.9,3839.9,2896.0,3148.0,338,6,3147.9,3,1,3147.8,52,9,3147.7,5,1,3147.6,36,4,3148.2,200,1,3148.3,65,2,3148.4,200,2,3148.5,13,1,3148.8,400,2
2031,2026-06-16 14:05:01+05:30,3148.3,13,3132.92,2660153,132376.0,203042.0,3163.0,3163.0,3108.0,3134.3,31921600,3447.7,2820.9,3839.9,2896.0,3148.2,44,1,3148.1,33,6,3148.0,412,7,3147.9,3,1,3147.8,39,7,3148.4,200,2,3148.5,200,1,3148.9,14,1,3149.0,50,1,3149.1,400,2
2031,2026-06-16 14:05:03+05:30,3148.4,50,3132.92,2660153,132376.0,203042.0,3163.0,3163.0,3108.0,3134.3,31921600,3447.7,2820.9,3839.9,2896.0,3148.2,44,1,3148.1,33,6,3148.0,412,7,3147.9,3,1,3147.8,39,7,3148.4,200,2,3148.5,200,1,3148.9,14,1,3149.0,50,1,3149.1,400,2
2031,2026-06-16 14:05:05+05:30,3148.4,1,3132.92,2660153,132376.0,203042.0,3163.0,3163.0,3108.0,3134.3,31921600,3447.7,2820.9,3839.9,2896.0,3148.2,44,1,3148.1,33,6,3148.0,412,7,3147.9,3,1,3147.8,39,7,3148.4,200,2,3148.5,200,1,3148.9,14,1,3149.0,50,1,3149.1,400,2
2031,2026-06-16 14:05:06+05:30,3148.4,1,3132.92,2660440,132706.0,202832.0,3163.0,3163.0,3108.0,3134.3,31921600,3447.7,2820.9,3839.9,2896.0,3148.6,30,5,3148.5,30,5,3148.4,68,7,3148.3,62,8,3148.2,100,8,3148.9,14,1,3149.0,50,1,3149.2,244,3,3149.7,15,2,3149.8,872,8
2031,2026-06-16 14:05:07+05:30,3149.0,5,3132.92,2660440,132706.0,202832.0,3163.0,3163.0,3108.0,3134.3,31921600,3447.7,2820.9,3839.9,2896.0,3148.6,30,5,3148.5,30,5,3148.4,68,7,3148.3,62,8,3148.2,100,8,3148.9,14,1,3149.0,50,1,3149.2,244,3,3149.7,15,2,3149.8,872,8
2031,2026-06-16 14:05:09+05:30,3148.6,16,3132.92,2660440,132706.0,202832.0,3163.0,3163.0,3108.0,3134.3,31921600,3447.7,2820.9,3839.9,2896.0,3148.6,30,5,3148.5,30,5,3148.4,68,7,3148.3,62,8,3148.2,100,8,3148.9,14,1,3149.0,50,1,3149.2,244,3,3149.7,15,2,3149.8,872,8
2031,2026-06-16 14:05:11+05:30,3148.9,1,3132.92,2660440,132706.0,202832.0,3163.0,3163.0,3108.0,3134.3,31921600,3447.7,2820.9,3839.9,2896.0,3148.6,30,5,3148.5,30,5,3148.4,68,7,3148.3,62,8,3148.2,100,8,3148.9,14,1,3149.0,50,1,3149.2,244,3,3149.7,15,2,3149.8,872,8
2031,2026-06-16 14:05:11+05:30,3148.9,1,3132.92,2660796,133047.0,203178.0,3163.0,3163.0,3108.0,3134.3,31921600,3447.7,2820.9,3839.9,2896.0,3148.7,6,4,3148.6,24,2,3148.5,4,2,3148.4,24,2,3148.3,26,2,3148.9,8,1,3149.0,37,1,3149.1,200,1,3149.2,30,1,3149.7,415,4
2031,2026-06-16 14:05:13+05:30,3148.9,3,3132.92,2660796,133047.0,203178.0,3163.0,3163.0,3108.0,3134.3,31921600,3447.7,2820.9,3839.9,2896.0,3148.7,6,4,3148.6,24,2,3148.5,4,2,3148.4,24,2,3148.3,26,2,3148.9,8,1,3149.0,37,1,3149.1,200,1,3149.2,30,1,3149.7,415,4
2031,2026-06-16 14:05:15+05:30,3148.9,1,3132.92,2660796,133047.0,203178.0,3163.0,3163.0,3108.0,3134.3,31921600,3447.7,2820.9,3839.9,2896.0,3148.7,6,4,3148.6,24,2,3148.5,4,2,3148.4,24,2,3148.3,26,2,3148.9,8,1,3149.0,37,1,3149.1,200,1,3149.2,30,1,3149.7,415,4
2031,2026-06-16 14:05:15+05:30,3148.9,1,3132.92,2660809,133287.0,202977.0,3163.0,3163.0,3108.0,3134.3,31921600,3447.7,2820.9,3839.9,2896.0,3148.9,2,1,3148.8,8,6,3148.7,46,4,3148.6,87,6,3148.5,6,2,3149.0,37,1,3149.2,230,2,3149.7,15,2,3149.8,857,7,3149.9,40,4
2031,2026-06-16 14:05:17+05:30,3149.2,1,3132.92,2660809,133287.0,202977.0,3163.0,3163.0,3108.0,3134.3,31921600,3447.7,2820.9,3839.9,2896.0,3148.9,2,1,3148.8,8,6,3148.7,46,4,3148.6,87,6,3148.5,6,2,3149.0,37,1,3149.2,230,2,3149.7,15,2,3149.8,857,7,3149.9,40,4
2031,2026-06-16 14:05:19+05:30,3148.7,9,3132.92,2660809,133287.0,202977.0,3163.0,3163.0,3108.0,3134.3,31921600,3447.7,2820.9,3839.9,2896.0,3148.9,2,1,3148.8,8,6,3148.7,46,4,3148.6,87,6,3148.5,6,2,3149.0,37,1,3149.2,230,2,3149.7,15,2,3149.8,857,7,3149.9,40,4
2031,2026-06-16 14:05:20+05:30,3149.8,1,3132.93,2662439,134980.0,200808.0,3163.0,3163.0,3108.0,3134.3,31921600,3447.7,2820.9,3839.9,2896.0,3149.1,75,7,3149.0,96,6,3148.9,9,3,3148.8,28,3,3148.7,88,7,3149.8,159,2,3150.0,2110,21,3150.3,12,1,3150.4,59,2,3150.6,421,4
2031,2026-06-16 14:05:21+05:30,3149.8,2,3132.93,2662439,134980.0,200808.0,3163.0,3163.0,3108.0,3134.3,31921600,3447.7,2820.9,3839.9,2896.0,3149.1,75,7,3149.0,96,6,3148.9,9,3,3148.8,28,3,3148.7,88,7,3149.8,159,2,3150.0,2110,21,3150.3,12,1,3150.4,59,2,3150.6,421,4
2031,2026-06-16 14:05:23+05:30,3149.8,5,3132.93,2662439,134980.0,200808.0,3163.0,3163.0,3108.0,3134.3,31921600,3447.7,2820.9,3839.9,2896.0,3149.1,75,7,3149.0,96,6,3148.9,9,3,3148.8,28,3,3148.7,88,7,3149.8,159,2,3150.0,2110,21,3150.3,12,1,3150.4,59,2,3150.6,421,4
2031,2026-06-16 14:05:25+05:30,3149.8,1,3132.93,2662439,134980.0,200808.0,3163.0,3163.0,3108.0,3134.3,31921600,3447.7,2820.9,3839.9,2896.0,3149.1,75,7,3149.0,96,6,3148.9,9,3,3148.8,28,3,3148.7,88,7,3149.8,159,2,3150.0,2110,21,3150.3,12,1,3150.4,59,2,3150.6,421,4
2031,2026-06-16 14:05:25+05:30,3149.8,9,3132.93,2662593,135179.0,200246.0,3163.0,3163.0,3108.0,3134.3,31921600,3447.7,2820.9,3839.9,2896.0,3149.3,50,6,3149.2,84,7,3149.1,163,8,3149.0,55,6,3148.9,108,3,3149.8,137,6,3150.0,2110,21,3150.6,421,4,3150.7,52,2,3150.8,20,1
2031,2026-06-16 14:05:26+05:30,3149.8,9,3132.93,2662593,135179.0,200246.0,3163.0,3163.0,3108.0,3134.3,31921600,3447.7,2820.9,3839.9,2896.0,3149.3,50,6,3149.2,84,7,3149.1,163,8,3149.0,55,6,3148.9,108,3,3149.8,137,6,3150.0,2110,21,3150.6,421,4,3150.7,52,2,3150.8,20,1
2031,2026-06-16 14:05:27+05:30,3149.8,4,3132.93,2662593,135179.0,200246.0,3163.0,3163.0,3108.0,3134.3,31921600,3447.7,2820.9,3839.9,2896.0,3149.3,50,6,3149.2,84,7,3149.1,163,8,3149.0,55,6,3148.9,108,3,3149.8,137,6,3150.0,2110,21,3150.6,421,4,3150.7,52,2,3150.8,20,1
2031,2026-06-16 14:05:27+05:30,3149.8,4,3132.93,2662593,135179.0,200246.0,3163.0,3163.0,3108.0,3134.3,31921600,3447.7,2820.9,3839.9,2896.0,3149.3,50,6,3149.2,84,7,3149.1,163,8,3149.0,55,6,3148.9,108,3,3149.8,137,6,3150.0,2110,21,3150.6,421,4,3150.7,52,2,3150.8,20,1
2031,2026-06-16 14:05:29+05:30,3149.3,5,3132.93,2662593,135179.0,200246.0,3163.0,3163.0,3108.0,3134.3,31921600,3447.7,2820.9,3839.9,2896.0,3149.3,50,6,3149.2,84,7,3149.1,163,8,3149.0,55,6,3148.9,108,3,3149.8,137,6,3150.0,2110,21,3150.6,421,4,3150.7,52,2,3150.8,20,1
2031,2026-06-16 14:05:30+05:30,3149.3,5,3132.93,2662593,135179.0,200246.0,3163.0,3163.0,3108.0,3134.3,31921600,3447.7,2820.9,3839.9,2896.0,3149.3,50,6,3149.2,84,7,3149.1,163,8,3149.0,55,6,3148.9,108,3,3149.8,137,6,3150.0,2110,21,3150.6,421,4,3150.7,52,2,3150.8,20,1
2031,2026-06-16 14:05:30+05:30,3149.6,2,3132.93,2662858,134664.0,201744.0,3163.0,3163.0,3108.0,3134.3,31921600,3447.7,2820.9,3839.9,2896.0,3149.3,46,6,3149.2,19,3,3149.1,60,1,3148.9,100,1,3148.7,24,2,3149.6,195,1,3149.7,1,1,3149.8,576,8,3149.9,4,1,3150.0,2148,22
2031,2026-06-16 14:05:31+05:30,3149.6,2,3132.93,2662858,134664.0,201744.0,3163.0,3163.0,3108.0,3134.3,31921600,3447.7,2820.9,3839.9,2896.0,3149.3,46,6,3149.2,19,3,3149.1,60,1,3148.9,100,1,3148.7,24,2,3149.6,195,1,3149.7,1,1,3149.8,576,8,3149.9,4,1,3150.0,2148,22
2031,2026-06-16 14:05:32+05:30,3149.6,2,3132.93,2662858,134664.0,201744.0,3163.0,3163.0,3108.0,3134.3,31921600,3447.7,2820.9,3839.9,2896.0,3149.3,46,6,3149.2,19,3,3149.1,60,1,3148.9,100,1,3148.7,24,2,3149.6,195,1,3149.7,1,1,3149.8,576,8,3149.9,4,1,3150.0,2148,22
2031,2026-06-16 14:05:33+05:30,3149.5,154,3132.93,2662858,134664.0,201744.0,3163.0,3163.0,3108.0,3134.3,31921600,3447.7,2820.9,3839.9,2896.0,3149.3,46,6,3149.2,19,3,3149.1,60,1,3148.9,100,1,3148.7,24,2,3149.6,195,1,3149.7,1,1,3149.8,576,8,3149.9,4,1,3150.0,2148,22
2031,2026-06-16 14:05:34+05:30,3149.5,154,3132.93,2662858,134664.0,201744.0,3163.0,3163.0,3108.0,3134.3,31921600,3447.7,2820.9,3839.9,2896.0,3149.3,46,6,3149.2,19,3,3149.1,60,1,3148.9,100,1,3148.7,24,2,3149.6,195,1,3149.7,1,1,3149.8,576,8,3149.9,4,1,3150.0,2148,22
2031,2026-06-16 14:05:35+05:30,3149.5,1,3132.93,2662858,134664.0,201744.0,3163.0,3163.0,3108.0,3134.3,31921600,3447.7,2820.9,3839.9,2896.0,3149.3,46,6,3149.2,19,3,3149.1,60,1,3148.9,100,1,3148.7,24,2,3149.6,195,1,3149.7,1,1,3149.8,576,8,3149.9,4,1,3150.0,2148,22
2031,2026-06-16 14:05:35+05:30,3149.5,1,3132.93,2662858,134664.0,201744.0,3163.0,3163.0,3108.0,3134.3,31921600,3447.7,2820.9,3839.9,2896.0,3149.3,46,6,3149.2,19,3,3149.1,60,1,3148.9,100,1,3148.7,24,2,3149.6,195,1,3149.7,1,1,3149.8,576,8,3149.9,4,1,3150.0,2148,22
2031,2026-06-16 14:05:36+05:30,3149.3,8,3132.94,2663253,134558.0,202296.0,3163.0,3163.0,3108.0,3134.3,31921600,3447.7,2820.9,3839.9,2896.0,3149.3,16,5,3149.2,19,3,3149.1,60,1,3149.0,23,2,3148.7,34,2,3149.5,200,1,3149.6,118,7,3149.7,201,2,3149.8,555,7,3149.9,32,1
2031,2026-06-16 14:05:37+05:30,3149.4,3,3132.94,2663253,134558.0,202296.0,3163.0,3163.0,3108.0,3134.3,31921600,3447.7,2820.9,3839.9,2896.0,3149.3,16,5,3149.2,19,3,3149.1,60,1,3149.0,23,2,3148.7,34,2,3149.5,200,1,3149.6,118,7,3149.7,201,2,3149.8,555,7,3149.9,32,1
2031,2026-06-16 14:05:37+05:30,3149.4,3,3132.94,2663253,134558.0,202296.0,3163.0,3163.0,3108.0,3134.3,31921600,3447.7,2820.9,3839.9,2896.0,3149.3,16,5,3149.2,19,3,3149.1,60,1,3149.0,23,2,3148.7,34,2,3149.5,200,1,3149.6,118,7,3149.7,201,2,3149.8,555,7,3149.9,32,1
2031,2026-06-16 14:05:38+05:30,3149.4,3,3132.94,2663253,134558.0,202296.0,3163.0,3163.0,3108.0,3134.3,31921600,3447.7,2820.9,3839.9,2896.0,3149.3,16,5,3149.2,19,3,3149.1,60,1,3149.0,23,2,3148.7,34,2,3149.5,200,1,3149.6,118,7,3149.7,201,2,3149.8,555,7,3149.9,32,1
2031,2026-06-16 14:05:39+05:30,3149.2,52,3132.94,2663253,134558.0,202296.0,3163.0,3163.0,3108.0,3134.3,31921600,3447.7,2820.9,3839.9,2896.0,3149.3,16,5,3149.2,19,3,3149.1,60,1,3149.0,23,2,3148.7,34,2,3149.5,200,1,3149.6,118,7,3149.7,201,2,3149.8,555,7,3149.9,32,1
2031,2026-06-16 14:05:39+05:30,3149.2,52,3132.94,2663253,134558.0,202296.0,3163.0,3163.0,3108.0,3134.3,31921600,3447.7,2820.9,3839.9,2896.0,3149.3,16,5,3149.2,19,3,3149.1,60,1,3149.0,23,2,3148.7,34,2,3149.5,200,1,3149.6,118,7,3149.7,201,2,3149.8,555,7,3149.9,32,1
2031,2026-06-16 14:05:40+05:30,3149.2,52,3132.94,2663253,134558.0,202296.0,3163.0,3163.0,3108.0,3134.3,31921600,3447.7,2820.9,3839.9,2896.0,3149.3,16,5,3149.2,19,3,3149.1,60,1,3149.0,23,2,3148.7,34,2,3149.5,200,1,3149.6,118,7,3149.7,201,2,3149.8,555,7,3149.9,32,1
2031,2026-06-16 14:05:41+05:30,3148.7,1,3132.94,2663253,134558.0,202296.0,3163.0,3163.0,3108.0,3134.3,31921600,3447.7,2820.9,3839.9,2896.0,3149.3,16,5,3149.2,19,3,3149.1,60,1,3149.0,23,2,3148.7,34,2,3149.5,200,1,3149.6,118,7,3149.7,201,2,3149.8,555,7,3149.9,32,1
2031,2026-06-16 14:05:41+05:30,3148.7,1,3132.94,2663756,133108.0,206288.0,3163.0,3163.0,3108.0,3134.3,31921600,3447.7,2820.9,3839.9,2896.0,3148.7,12,1,3148.6,14,2,3148.5,2,1,3148.3,1,1,3148.2,20,2,3149.1,128,1,3149.2,200,1,3149.4,27,4,3149.5,36,2,3149.6,138,7
2031,2026-06-16 14:05:41+05:30,3148.7,1,3132.94,2663756,133108.0,206288.0,3163.0,3163.0,3108.0,3134.3,31921600,3447.7,2820.9,3839.9,2896.0,3148.7,12,1,3148.6,14,2,3148.5,2,1,3148.3,1,1,3148.2,20,2,3149.1,128,1,3149.2,200,1,3149.4,27,4,3149.5,36,2,3149.6,138,7
2031,2026-06-16 14:05:42+05:30,3148.7,1,3132.94,2663756,133108.0,206288.0,3163.0,3163.0,3108.0,3134.3,31921600,3447.7,2820.9,3839.9,2896.0,3148.7,12,1,3148.6,14,2,3148.5,2,1,3148.3,1,1,3148.2,20,2,3149.1,128,1,3149.2,200,1,3149.4,27,4,3149.5,36,2,3149.6,138,7
2031,2026-06-16 14:05:43+05:30,3149.1,1,3132.94,2663756,133108.0,206288.0,3163.0,3163.0,3108.0,3134.3,31921600,3447.7,2820.9,3839.9,2896.0,3148.7,12,1,3148.6,14,2,3148.5,2,1,3148.3,1,1,3148.2,20,2,3149.1,128,1,3149.2,200,1,3149.4,27,4,3149.5,36,2,3149.6,138,7
2031,2026-06-16 14:05:43+05:30,3149.1,1,3132.94,2663756,133108.0,206288.0,3163.0,3163.0,3108.0,3134.3,31921600,3447.7,2820.9,3839.9,2896.0,3148.7,12,1,3148.6,14,2,3148.5,2,1,3148.3,1,1,3148.2,20,2,3149.1,128,1,3149.2,200,1,3149.4,27,4,3149.5,36,2,3149.6,138,7
2031,2026-06-16 14:05:44+05:30,3149.1,1,3132.94,2663756,133108.0,206288.0,3163.0,3163.0,3108.0,3134.3,31921600,3447.7,2820.9,3839.9,2896.0,3148.7,12,1,3148.6,14,2,3148.5,2,1,3148.3,1,1,3148.2,20,2,3149.1,128,1,3149.2,200,1,3149.4,27,4,3149.5,36,2,3149.6,138,7
2031,2026-06-16 14:05:45+05:30,3148.6,3,3132.94,2663756,133108.0,206288.0,3163.0,3163.0,3108.0,3134.3,31921600,3447.7,2820.9,3839.9,2896.0,3148.7,12,1,3148.6,14,2,3148.5,2,1,3148.3,1,1,3148.2,20,2,3149.1,128,1,3149.2,200,1,3149.4,27,4,3149.5,36,2,3149.6,138,7
2031,2026-06-16 14:05:45+05:30,3148.6,3,3132.94,2663756,133108.0,206288.0,3163.0,3163.0,3108.0,3134.3,31924200,3447.7,2820.9,3839.9,2896.0,3148.7,12,1,3148.6,14,2,3148.5,2,1,3148.3,1,1,3148.2,20,2,3149.1,128,1,3149.2,200,1,3149.4,27,4,3149.5,36,2,3149.6,138,7
2031,2026-06-16 14:05:46+05:30,3148.6,3,3132.94,2663841,132958.0,206419.0,3163.0,3163.0,3108.0,3134.3,31924200,3447.7,2820.9,3839.9,2896.0,3148.9,2,2,3148.6,29,5,3148.5,2,1,3148.3,1,1,3148.2,2,1,3149.1,175,6,3149.2,200,1,3149.3,4,1,3149.4,15,2,3149.5,34,2
2031,2026-06-16 14:05:47+05:30,3148.6,3,3132.94,2663841,132958.0,206419.0,3163.0,3163.0,3108.0,3134.3,31924200,3447.7,2820.9,3839.9,2896.0,3148.9,2,2,3148.6,29,5,3148.5,2,1,3148.3,1,1,3148.2,2,1,3149.1,175,6,3149.2,200,1,3149.3,4,1,3149.4,15,2,3149.5,34,2
2031,2026-06-16 14:05:49+05:30,3149.1,1,3132.94,2663841,132958.0,206419.0,3163.0,3163.0,3108.0,3134.3,31924200,3447.7,2820.9,3839.9,2896.0,3148.9,2,2,3148.6,29,5,3148.5,2,1,3148.3,1,1,3148.2,2,1,3149.1,175,6,3149.2,200,1,3149.3,4,1,3149.4,15,2,3149.5,34,2
2031,2026-06-16 14:05:51+05:30,3149.0,1,3132.94,2663841,132958.0,206419.0,3163.0,3163.0,3108.0,3134.3,31924200,3447.7,2820.9,3839.9,2896.0,3148.9,2,2,3148.6,29,5,3148.5,2,1,3148.3,1,1,3148.2,2,1,3149.1,175,6,3149.2,200,1,3149.3,4,1,3149.4,15,2,3149.5,34,2
2031,2026-06-16 14:05:51+05:30,3149.0,1,3132.94,2664004,137183.0,206445.0,3163.0,3163.0,3108.0,3134.3,31924200,3447.7,2820.9,3839.9,2896.0,3148.6,25,4,3148.5,16,2,3148.3,1,1,3148.2,2,1,3148.1,37,3,3149.1,433,9,3149.2,10,1,3149.3,38,2,3149.4,118,4,3149.5,10,1
2031,2026-06-16 14:05:53+05:30,3149.1,1,3132.94,2664004,137183.0,206445.0,3163.0,3163.0,3108.0,3134.3,31924200,3447.7,2820.9,3839.9,2896.0,3148.6,25,4,3148.5,16,2,3148.3,1,1,3148.2,2,1,3148.1,37,3,3149.1,433,9,3149.2,10,1,3149.3,38,2,3149.4,118,4,3149.5,10,1
2031,2026-06-16 14:05:55+05:30,3149.1,1,3132.94,2664004,137183.0,206445.0,3163.0,3163.0,3108.0,3134.3,31924200,3447.7,2820.9,3839.9,2896.0,3148.6,25,4,3148.5,16,2,3148.3,1,1,3148.2,2,1,3148.1,37,3,3149.1,433,9,3149.2,10,1,3149.3,38,2,3149.4,118,4,3149.5,10,1
2031,2026-06-16 14:05:56+05:30,3148.9,45,3132.94,2664102,137617.0,206681.0,3163.0,3163.0,3108.0,3134.3,31924200,3447.7,2820.9,3839.9,2896.0,3148.6,90,4,3148.5,16,2,3148.3,1,1,3148.2,55,4,3148.1,49,4,3148.9,9,1,3149.0,10,1,3149.1,203,8,3149.2,210,2,3149.4,14,1
2031,2026-06-16 14:05:57+05:30,3148.9,39,3132.94,2664102,137617.0,206681.0,3163.0,3163.0,3108.0,3134.3,31924200,3447.7,2820.9,3839.9,2896.0,3148.6,90,4,3148.5,16,2,3148.3,1,1,3148.2,55,4,3148.1,49,4,3148.9,9,1,3149.0,10,1,3149.1,203,8,3149.2,210,2,3149.4,14,1
2031,2026-06-16 14:05:59+05:30,3149.1,8,3132.94,2664102,137617.0,206681.0,3163.0,3163.0,3108.0,3134.3,31924200,3447.7,2820.9,3839.9,2896.0,3148.6,90,4,3148.5,16,2,3148.3,1,1,3148.2,55,4,3148.1,49,4,3148.9,9,1,3149.0,10,1,3149.1,203,8,3149.2,210,2,3149.4,14,1
2031,2026-06-16 14:06:01+05:30,3148.6,3,3132.94,2664551,136996.0,206685.0,3163.0,3163.0,3108.0,3134.3,31924200,3447.7,2820.9,3839.9,2896.0,3148.8,2,2,3148.6,18,3,3148.5,16,2,3148.3,1,1,3148.2,2,1,3149.0,152,1,3149.1,103,2,3149.2,200,1,3149.4,14,1,3149.5,3516,6
2031,2026-06-16 14:06:01+05:30,3148.6,3,3132.94,2664551,136996.0,206685.0,3163.0,3163.0,3108.0,3134.3,31924200,3447.7,2820.9,3839.9,2896.0,3148.8,2,2,3148.6,18,3,3148.5,16,2,3148.3,1,1,3148.2,2,1,3149.0,152,1,3149.1,103,2,3149.2,200,1,3149.4,14,1,3149.5,3516,6
2031,2026-06-16 14:06:03+05:30,3149.0,15,3132.94,2664551,136996.0,206685.0,3163.0,3163.0,3108.0,3134.3,31924200,3447.7,2820.9,3839.9,2896.0,3148.8,2,2,3148.6,18,3,3148.5,16,2,3148.3,1,1,3148.2,2,1,3149.0,152,1,3149.1,103,2,3149.2,200,1,3149.4,14,1,3149.5,3516,6
2031,2026-06-16 14:06:05+05:30,3149.0,1,3132.94,2664639,137624.0,206504.0,3163.0,3163.0,3108.0,3134.3,31924200,3447.7,2820.9,3839.9,2896.0,3148.6,23,6,3148.5,16,2,3148.4,21,2,3148.3,1,1,3148.2,26,3,3149.0,118,2,3149.1,103,2,3149.2,200,1,3149.4,14,1,3149.5,3462,4
2031,2026-06-16 14:06:06+05:30,3149.0,1,3132.94,2664639,137624.0,206504.0,3163.0,3163.0,3108.0,3134.3,31924200,3447.7,2820.9,3839.9,2896.0,3148.6,23,6,3148.5,16,2,3148.4,21,2,3148.3,1,1,3148.2,26,3,3149.0,118,2,3149.1,103,2,3149.2,200,1,3149.4,14,1,3149.5,3462,4
2031,2026-06-16 14:06:09+05:30,3148.8,25,3132.94,2664639,137624.0,206504.0,3163.0,3163.0,3108.0,3134.3,31924200,3447.7,2820.9,3839.9,2896.0,3148.6,23,6,3148.5,16,2,3148.4,21,2,3148.3,1,1,3148.2,26,3,3149.0,118,2,3149.1,103,2,3149.2,200,1,3149.4,14,1,3149.5,3462,4
2031,2026-06-16 14:06:10+05:30,3148.8,25,3132.94,2664684,137086.0,206537.0,3163.0,3163.0,3108.0,3134.3,31924200,3447.7,2820.9,3839.9,2896.0,3148.8,16,1,3148.7,3,1,3148.6,1,1,3148.5,16,2,3148.3,1,1,3148.9,70,4,3149.0,3595,8,3149.1,319,3,3149.2,53,2,3149.4,99,4
2031,2026-06-16 14:06:11+05:30,3149.0,5,3132.94,2664684,137086.0,206537.0,3163.0,3163.0,3108.0,3134.3,31924200,3447.7,2820.9,3839.9,2896.0,3148.8,16,1,3148.7,3,1,3148.6,1,1,3148.5,16,2,3148.3,1,1,3148.9,70,4,3149.0,3595,8,3149.1,319,3,3149.2,53,2,3149.4,99,4
2031,2026-06-16 14:06:13+05:30,3149.0,25,3132.94,2664684,137086.0,206537.0,3163.0,3163.0,3108.0,3134.3,31924200,3447.7,2820.9,3839.9,2896.0,3148.8,16,1,3148.7,3,1,3148.6,1,1,3148.5,16,2,3148.3,1,1,3148.9,70,4,3149.0,3595,8,3149.1,319,3,3149.2,53,2,3149.4,99,4
2031,2026-06-16 14:06:15+05:30,3148.9,1,3132.94,2664684,137086.0,206537.0,3163.0,3163.0,3108.0,3134.3,31924200,3447.7,2820.9,3839.9,2896.0,3148.8,16,1,3148.7,3,1,3148.6,1,1,3148.5,16,2,3148.3,1,1,3148.9,70,4,3149.0,3595,8,3149.1,319,3,3149.2,53,2,3149.4,99,4
2031,2026-06-16 14:06:15+05:30,3149.0,4,3132.97,2668265,134113.0,203006.0,3163.0,3163.0,3108.0,3134.3,31924200,3447.7,2820.9,3839.9,2896.0,3149.0,91,1,3148.9,10,6,3148.8,23,4,3148.7,27,2,3148.6,27,4,3149.1,102,1,3149.2,200,1,3149.4,14,1,3149.5,60,2,3149.6,1,1
2031,2026-06-16 14:06:17+05:30,3149.0,9,3132.97,2668265,134113.0,203006.0,3163.0,3163.0,3108.0,3134.3,31924200,3447.7,2820.9,3839.9,2896.0,3149.0,91,1,3148.9,10,6,3148.8,23,4,3148.7,27,2,3148.6,27,4,3149.1,102,1,3149.2,200,1,3149.4,14,1,3149.5,60,2,3149.6,1,1
2031,2026-06-16 14:06:19+05:30,3149.6,1,3132.97,2668265,134113.0,203006.0,3163.0,3163.0,3108.0,3134.3,31924200,3447.7,2820.9,3839.9,2896.0,3149.0,91,1,3148.9,10,6,3148.8,23,4,3148.7,27,2,3148.6,27,4,3149.1,102,1,3149.2,200,1,3149.4,14,1,3149.5,60,2,3149.6,1,1
2031,2026-06-16 14:06:19+05:30,3149.6,1,3132.97,2668787,134906.0,202176.0,3163.0,3163.0,3108.0,3134.3,31924200,3447.7,2820.9,3839.9,2896.0,3149.1,41,6,3149.0,291,6,3148.9,20,5,3148.8,61,7,3148.7,51,4,3149.6,199,1,3149.7,200,1,3149.8,652,4,3149.9,7,1,3150.0,2125,22
2031,2026-06-16 14:06:20+05:30,3149.6,1,3132.97,2668787,135287.0,202281.0,3163.0,3163.0,3108.0,3134.3,31924200,3447.7,2820.9,3839.9,2896.0,3149.1,260,8,3149.0,291,6,3148.9,20,5,3148.8,61,7,3148.7,89,5,3149.6,199,1,3149.7,200,1,3149.8,652,4,3149.9,7,1,3150.0,2125,22
2031,2026-06-16 14:06:21+05:30,3149.6,3,3132.97,2668790,135225.0,202481.0,3163.0,3163.0,3108.0,3134.3,31924200,3447.7,2820.9,3839.9,2896.0,3149.3,6,4,3149.1,285,8,3149.0,303,7,3148.9,18,3,3148.8,27,5,3149.6,196,1,3149.7,200,1,3149.8,652,4,3149.9,7,1,3150.0,2125,22
2031,2026-06-16 14:06:22+05:30,3149.6,5,3132.97,2668790,135225.0,202481.0,3163.0,3163.0,3108.0,3134.3,31924200,3447.7,2820.9,3839.9,2896.0,3149.3,6,4,3149.1,285,8,3149.0,303,7,3148.9,18,3,3148.8,27,5,3149.6,196,1,3149.7,200,1,3149.8,652,4,3149.9,7,1,3150.0,2125,22
2031,2026-06-16 14:06:22+05:30,3149.6,5,3132.97,2669192,135312.0,202576.0,3163.0,3163.0,3108.0,3134.3,31924200,3447.7,2820.9,3839.9,2896.0,3149.1,235,4,3149.0,280,4,3148.9,4,2,3148.8,28,4,3148.7,62,5,3149.6,194,1,3149.7,200,1,3149.8,652,4,3149.9,7,1,3150.0,2146,23
2031,2026-06-16 14:06:23+05:30,3149.6,5,3132.97,2669192,135101.0,202494.0,3163.0,3163.0,3108.0,3134.3,31924200,3447.7,2820.9,3839.9,2896.0,3149.1,235,4,3149.0,280,4,3148.9,4,2,3148.8,28,4,3148.7,62,5,3149.5,194,1,3149.6,40,1,3149.7,200,1,3149.8,652,4,3149.9,7,1
2031,2026-06-16 14:06:24+05:30,3149.4,1,3132.97,2669216,135159.0,202564.0,3163.0,3163.0,3108.0,3134.3,31924200,3447.7,2820.9,3839.9,2896.0,3149.1,248,4,3149.0,288,4,3148.8,14,3,3148.7,53,4,3148.6,16,3,3149.4,170,1,3149.5,1,1,3149.6,40,1,3149.7,200,1,3149.8,652,4
2031,2026-06-16 14:06:25+05:30,3149.1,3,3132.97,2669216,135159.0,202564.0,3163.0,3163.0,3108.0,3134.3,31924200,3447.7,2820.9,3839.9,2896.0,3149.1,248,4,3149.0,288,4,3148.8,14,3,3148.7,53,4,3148.6,16,3,3149.4,170,1,3149.5,1,1,3149.6,40,1,3149.7,200,1,3149.8,652,4
2031,2026-06-16 14:06:25+05:30,3149.3,9,3132.97,2669478,134653.0,202544.0,3163.0,3163.0,3108.0,3134.3,31924200,3447.7,2820.9,3839.9,2896.0,3149.1,30,3,3149.0,279,3,3148.9,11,1,3148.8,2,1,3148.7,3,1,3149.3,161,1,3149.4,1,1,3149.6,40,1,3149.7,200,1,3149.8,637,4
2031,2026-06-16 14:06:26+05:30,3149.3,9,3132.97,2669478,134653.0,202544.0,3163.0,3163.0,3108.0,3134.3,31924200,3447.7,2820.9,3839.9,2896.0,3149.1,30,3,3149.0,279,3,3148.9,11,1,3148.8,2,1,3148.7,3,1,3149.3,161,1,3149.4,1,1,3149.6,40,1,3149.7,200,1,3149.8,637,4
2031,2026-06-16 14:06:26+05:30,3149.3,9,3132.97,2669478,134653.0,202544.0,3163.0,3163.0,3108.0,3134.3,31924200,3447.7,2820.9,3839.9,2896.0,3149.1,30,3,3149.0,279,3,3148.9,11,1,3148.8,2,1,3148.7,3,1,3149.3,161,1,3149.4,1,1,3149.6,40,1,3149.7,200,1,3149.8,637,4
2031,2026-06-16 14:06:26+05:30,3149.1,9,3132.97,2669487,134714.0,202550.0,3163.0,3163.0,3108.0,3134.3,31924200,3447.7,2820.9,3839.9,2896.0,3149.1,9,2,3149.0,279,3,3148.8,17,2,3148.7,3,1,3148.6,35,3,3149.2,161,1,3149.3,1,1,3149.6,40,1,3149.7,200,1,3149.8,637,4
2031,2026-06-16 14:06:27+05:30,3149.2,151,3132.97,2669487,134714.0,202550.0,3163.0,3163.0,3108.0,3134.3,31924200,3447.7,2820.9,3839.9,2896.0,3149.1,9,2,3149.0,279,3,3148.8,17,2,3148.7,3,1,3148.6,35,3,3149.2,161,1,3149.3,1,1,3149.6,40,1,3149.7,200,1,3149.8,637,4
2031,2026-06-16 14:06:27+05:30,3149.2,151,3132.97,2669639,134710.0,202326.0,3163.0,3163.0,3108.0,3134.3,31924200,3447.7,2820.9,3839.9,2896.0,3149.1,17,2,3149.0,279,3,3148.8,13,2,3148.7,5,2,3148.6,35,3,3149.2,10,1,3149.6,40,1,3149.7,200,1,3149.8,599,3,3149.9,7,1
2031,2026-06-16 14:06:28+05:30,3149.2,151,3132.97,2669639,134710.0,202326.0,3163.0,3163.0,3108.0,3134.3,31924200,3447.7,2820.9,3839.9,2896.0,3149.1,17,2,3149.0,279,3,3148.8,13,2,3148.7,5,2,3148.6,35,3,3149.2,10,1,3149.6,40,1,3149.7,200,1,3149.8,599,3,3149.9,7,1
2031,2026-06-16 14:06:28+05:30,3149.1,8,3132.97,2669639,134710.0,202326.0,3163.0,3163.0,3108.0,3134.3,31924200,3447.7,2820.9,3839.9,2896.0,3149.1,17,2,3149.0,279,3,3148.8,13,2,3148.7,5,2,3148.6,35,3,3149.2,10,1,3149.6,40,1,3149.7,200,1,3149.8,599,3,3149.9,7,1
2031,2026-06-16 14:06:28+05:30,3149.5,1,3132.97,2669650,134603.0,202862.0,3163.0,3163.0,3108.0,3134.3,31924200,3447.7,2820.9,3839.9,2896.0,3149.1,2,1,3149.0,279,3,3148.8,15,1,3148.7,21,1,3148.6,1,1,3149.5,199,1,3149.6,40,1,3149.7,200,1,3149.8,639,4,3149.9,53,2
2031,2026-06-16 14:06:29+05:30,3149.0,46,3132.97,2669650,134603.0,202862.0,3163.0,3163.0,3108.0,3134.3,31924200,3447.7,2820.9,3839.9,2896.0,3149.1,2,1,3149.0,279,3,3148.8,15,1,3148.7,21,1,3148.6,1,1,3149.5,199,1,3149.6,40,1,3149.7,200,1,3149.8,639,4,3149.9,53,2
2031,2026-06-16 14:06:29+05:30,3149.0,46,3132.97,2669700,134630.0,203097.0,3163.0,3163.0,3108.0,3134.3,31924200,3447.7,2820.9,3839.9,2896.0,3149.0,233,3,3148.8,41,3,3148.7,18,2,3148.6,9,2,3148.5,50,4,3149.4,199,1,3149.5,26,1,3149.6,40,1,3149.8,799,4,3149.9,7,1
2031,2026-06-16 14:06:30+05:30,3149.4,1,3132.97,2669700,134630.0,203097.0,3163.0,3163.0,3108.0,3134.3,31924200,3447.7,2820.9,3839.9,2896.0,3149.0,233,3,3148.8,41,3,3148.7,18,2,3148.6,9,2,3148.5,50,4,3149.4,199,1,3149.5,26,1,3149.6,40,1,3149.8,799,4,3149.9,7,1
2031,2026-06-16 14:06:30+05:30,3149.4,1,3132.97,2669700,134630.0,203097.0,3163.0,3163.0,3108.0,3134.3,31924200,3447.7,2820.9,3839.9,2896.0,3149.0,233,3,3148.8,41,3,3148.7,18,2,3148.6,9,2,3148.5,50,4,3149.4,199,1,3149.5,26,1,3149.6,40,1,3149.8,799,4,3149.9,7,1
2031,2026-06-16 14:06:30+05:30,3149.4,1,3132.97,2669701,134647.0,203314.0,3163.0,3163.0,3108.0,3134.3,31924200,3447.7,2820.9,3839.9,2896.0,3149.2,2,2,3149.0,249,6,3148.8,57,5,3148.7,18,2,3148.6,27,4,3149.3,198,1,3149.4,1,1,3149.5,26,1,3149.6,40,1,3149.7,200,1
2031,2026-06-16 14:06:31+05:30,3149.2,1,3132.97,2669701,134647.0,203314.0,3163.0,3163.0,3108.0,3134.3,31924200,3447.7,2820.9,3839.9,2896.0,3149.2,2,2,3149.0,249,6,3148.8,57,5,3148.7,18,2,3148.6,27,4,3149.3,198,1,3149.4,1,1,3149.5,26,1,3149.6,40,1,3149.7,200,1
2031,2026-06-16 14:06:31+05:30,3149.2,1,3132.97,2669706,133091.0,201816.0,3163.0,3163.0,3108.0,3134.3,31924200,3447.7,2820.9,3839.9,2896.0,3149.0,240,5,3148.8,52,4,3148.7,18,2,3148.6,20,3,3148.5,50,4,3149.2,193,1,3149.3,26,1,3149.4,36,2,3149.6,40,1,3149.7,200,1
2031,2026-06-16 14:06:32+05:30,3149.2,11,3132.97,2669706,133091.0,201816.0,3163.0,3163.0,3108.0,3134.3,31924200,3447.7,2820.9,3839.9,2896.0,3149.0,240,5,3148.8,52,4,3148.7,18,2,3148.6,20,3,3148.5,50,4,3149.2,193,1,3149.3,26,1,3149.4,36,2,3149.6,40,1,3149.7,200,1
2031,2026-06-16 14:06:32+05:30,3149.2,11,3132.97,2669706,133091.0,201816.0,3163.0,3163.0,3108.0,3134.3,31924200,3447.7,2820.9,3839.9,2896.0,3149.0,240,5,3148.8,52,4,3148.7,18,2,3148.6,20,3,3148.5,50,4,3149.2,193,1,3149.3,26,1,3149.4,36,2,3149.6,40,1,3149.7,200,1
2031,2026-06-16 14:06:32+05:30,3149.2,11,3132.97,2669717,134865.0,203353.0,3163.0,3163.0,3108.0,3134.3,31924200,3447.7,2820.9,3839.9,2896.0,3149.0,240,5,3148.8,42,3,3148.7,7,1,3148.6,20,3,3148.5,73,5,3149.2,196,2,3149.3,26,1,3149.4,36,2,3149.6,40,1,3149.7,200,1
2031,2026-06-16 14:06:33+05:30,3149.2,11,3132.97,2669717,134679.0,203157.0,3163.0,3163.0,3108.0,3134.3,31924200,3447.7,2820.9,3839.9,2896.0,3149.0,240,5,3148.8,31,2,3148.6,9,2,3148.5,80,6,3148.4,89,6,3149.2,222,3,3149.4,36,2,3149.6,40,1,3149.7,200,1,3149.8,599,3
2031,2026-06-16 14:06:34+05:30,3149.0,2,3132.97,2669717,134679.0,203157.0,3163.0,3163.0,3108.0,3134.3,31924200,3447.7,2820.9,3839.9,2896.0,3149.0,240,5,3148.8,31,2,3148.6,9,2,3148.5,80,6,3148.4,89,6,3149.2,222,3,3149.4,36,2,3149.6,40,1,3149.7,200,1,3149.8,599,3
2031,2026-06-16 14:06:34+05:30,3149.0,2,3132.97,2669717,134679.0,203157.0,3163.0,3163.0,3108.0,3134.3,31924200,3447.7,2820.9,3839.9,2896.0,3149.0,240,5,3148.8,31,2,3148.6,9,2,3148.5,80,6,3148.4,89,6,3149.2,222,3,3149.4,36,2,3149.6,40,1,3149.7,200,1,3149.8,599,3
2031,2026-06-16 14:06:34+05:30,3149.2,164,3132.98,2669921,134927.0,202971.0,3163.0,3163.0,3108.0,3134.3,31924200,3447.7,2820.9,3839.9,2896.0,3149.0,203,5,3148.8,15,1,3148.7,11,1,3148.6,12,2,3148.5,59,6,3149.2,58,3,3149.4,36,2,3149.6,26,1,3149.7,230,2,3149.8,599,3
2031,2026-06-16 14:06:35+05:30,3149.2,1,3132.98,2669921,134927.0,202971.0,3163.0,3163.0,3108.0,3134.3,31924200,3447.7,2820.9,3839.9,2896.0,3149.0,203,5,3148.8,15,1,3148.7,11,1,3148.6,12,2,3148.5,59,6,3149.2,58,3,3149.4,36,2,3149.6,26,1,3149.7,230,2,3149.8,599,3
2031,2026-06-16 14:06:35+05:30,3149.0,15,3132.98,2669939,134761.0,203189.0,3163.0,3163.0,3108.0,3134.3,31924200,3447.7,2820.9,3839.9,2896.0,3149.0,192,6,3148.8,15,1,3148.6,12,2,3148.5,57,5,3148.4,94,5,3149.2,266,4,3149.4,36,2,3149.6,26,1,3149.7,230,2,3149.8,599,3
2031,2026-06-16 14:06:36+05:30,3149.0,15,3132.98,2669939,134761.0,203189.0,3163.0,3163.0,3108.0,3134.3,31924200,3447.7,2820.9,3839.9,2896.0,3149.0,192,6,3148.8,15,1,3148.6,12,2,3148.5,57,5,3148.4,94,5,3149.2,266,4,3149.4,36,2,3149.6,26,1,3149.7,230,2,3149.8,599,3
2031,2026-06-16 14:06:36+05:30,3149.0,15,3132.98,2669939,134761.0,203189.0,3163.0,3163.0,3108.0,3134.3,31924200,3447.7,2820.9,3839.9,2896.0,3149.0,192,6,3148.8,15,1,3148.6,12,2,3148.5,57,5,3148.4,94,5,3149.2,266,4,3149.4,36,2,3149.6,26,1,3149.7,230,2,3149.8,599,3
2031,2026-06-16 14:06:36+05:30,3149.0,11,3132.98,2669950,134756.0,203220.0,3163.0,3163.0,3108.0,3134.3,31924200,3447.7,2820.9,3839.9,2896.0,3149.0,181,6,3148.8,15,1,3148.6,12,2,3148.5,57,5,3148.4,94,5,3149.2,266,4,3149.4,36,2,3149.6,26,1,3149.7,30,1,3149.8,799,4
2031,2026-06-16 14:06:37+05:30,3149.2,5,3132.98,2669950,134756.0,203220.0,3163.0,3163.0,3108.0,3134.3,31924200,3447.7,2820.9,3839.9,2896.0,3149.0,181,6,3148.8,15,1,3148.6,12,2,3148.5,57,5,3148.4,94,5,3149.2,266,4,3149.4,36,2,3149.6,26,1,3149.7,30,1,3149.8,799,4
2031,2026-06-16 14:06:37+05:30,3149.2,5,3132.98,2669955,134765.0,203268.0,3163.0,3163.0,3108.0,3134.3,31924200,3447.7,2820.9,3839.9,2896.0,3149.0,180,5,3148.8,31,2,3148.6,12,2,3148.5,57,5,3148.4,94,5,3149.2,311,5,3149.4,36,2,3149.6,26,1,3149.7,30,1,3149.8,799,4
2031,2026-06-16 14:06:37+05:30,3149.2,5,3132.98,2669955,134765.0,203268.0,3163.0,3163.0,3108.0,3134.3,31924200,3447.7,2820.9,3839.9,2896.0,3149.0,180,5,3148.8,31,2,3148.6,12,2,3148.5,57,5,3148.4,94,5,3149.2,311,5,3149.4,36,2,3149.6,26,1,3149.7,30,1,3149.8,799,4
2031,2026-06-16 14:06:38+05:30,3149.2,5,3132.98,2669955,134765.0,203268.0,3163.0,3163.0,3108.0,3134.3,31924200,3447.7,2820.9,3839.9,2896.0,3149.0,180,5,3148.8,31,2,3148.6,12,2,3148.5,57,5,3148.4,94,5,3149.2,311,5,3149.4,36,2,3149.6,26,1,3149.7,30,1,3149.8,799,4
2031,2026-06-16 14:06:38+05:30,3149.2,5,3132.98,2669955,134594.0,203129.0,3163.0,3163.0,3108.0,3134.3,31924200,3447.7,2820.9,3839.9,2896.0,3149.0,174,4,3148.8,31,2,3148.6,12,2,3148.5,35,4,3148.4,94,5,3149.1,1,1,3149.2,342,5,3149.4,35,1,3149.6,26,1,3149.7,230,2
2031,2026-06-16 14:06:38+05:30,3149.2,5,3132.98,2669955,134594.0,203129.0,3163.0,3163.0,3108.0,3134.3,31924200,3447.7,2820.9,3839.9,2896.0,3149.0,174,4,3148.8,31,2,3148.6,12,2,3148.5,35,4,3148.4,94,5,3149.1,1,1,3149.2,342,5,3149.4,35,1,3149.6,26,1,3149.7,230,2
2031,2026-06-16 14:06:39+05:30,3149.0,20,3132.98,2669955,134594.0,203129.0,3163.0,3163.0,3108.0,3134.3,31924200,3447.7,2820.9,3839.9,2896.0,3149.0,174,4,3148.8,31,2,3148.6,12,2,3148.5,35,4,3148.4,94,5,3149.1,1,1,3149.2,342,5,3149.4,35,1,3149.6,26,1,3149.7,230,2
2031,2026-06-16 14:06:39+05:30,3149.0,20,3132.98,2669955,134594.0,203129.0,3163.0,3163.0,3108.0,3134.3,31924200,3447.7,2820.9,3839.9,2896.0,3149.0,174,4,3148.8,31,2,3148.6,12,2,3148.5,35,4,3148.4,94,5,3149.1,1,1,3149.2,342,5,3149.4,35,1,3149.6,26,1,3149.7,230,2
2031,2026-06-16 14:06:39+05:30,3149.0,20,3132.98,2670006,134673.0,202788.0,3163.0,3163.0,3108.0,3134.3,31924200,3447.7,2820.9,3839.9,2896.0,3149.1,2,1,3149.0,154,4,3148.8,31,2,3148.6,12,2,3148.5,35,4,3149.2,342,5,3149.4,35,1,3149.6,55,2,3149.7,30,1,3149.8,839,5
2031,2026-06-16 14:06:39+05:30,3149.0,20,3132.98,2670006,134673.0,202788.0,3163.0,3163.0,3108.0,3134.3,31924200,3447.7,2820.9,3839.9,2896.0,3149.1,2,1,3149.0,154,4,3148.8,31,2,3148.6,12,2,3148.5,35,4,3149.2,342,5,3149.4,35,1,3149.6,55,2,3149.7,30,1,3149.8,839,5
2031,2026-06-16 14:06:40+05:30,3149.2,1,3132.98,2670156,134694.0,202698.0,3163.0,3163.0,3108.0,3134.3,31924200,3447.7,2820.9,3839.9,2896.0,3149.1,2,1,3149.0,153,3,3148.8,15,1,3148.6,12,2,3148.5,35,4,3149.2,192,4,3149.4,35,1,3149.6,26,1,3149.7,230,2,3149.8,639,4
2031,2026-06-16 14:06:40+05:30,3149.2,1,3132.98,2670156,134694.0,202698.0,3163.0,3163.0,3108.0,3134.3,31924200,3447.7,2820.9,3839.9,2896.0,3149.1,2,1,3149.0,153,3,3148.8,15,1,3148.6,12,2,3148.5,35,4,3149.2,192,4,3149.4,35,1,3149.6,26,1,3149.7,230,2,3149.8,639,4
2031,2026-06-16 14:06:41+05:30,3149.2,4,3132.98,2670156,134694.0,202698.0,3163.0,3163.0,3108.0,3134.3,31924200,3447.7,2820.9,3839.9,2896.0,3149.1,2,1,3149.0,153,3,3148.8,15,1,3148.6,12,2,3148.5,35,4,3149.2,192,4,3149.4,35,1,3149.6,26,1,3149.7,230,2,3149.8,639,4
2031,2026-06-16 14:06:41+05:30,3149.2,1,3132.98,2670271,134504.0,202752.0,3163.0,3163.0,3108.0,3134.3,31924200,3447.7,2820.9,3839.9,2896.0,3149.1,2,1,3149.0,153,3,3148.8,27,2,3148.6,11,2,3148.5,35,4,3149.2,354,6,3149.7,200,1,3149.8,637,4,3149.9,7,1,3150.0,2390,25
2031,2026-06-16 14:06:41+05:30,3149.2,1,3132.98,2670271,134504.0,202752.0,3163.0,3163.0,3108.0,3134.3,31924200,3447.7,2820.9,3839.9,2896.0,3149.1,2,1,3149.0,153,3,3148.8,27,2,3148.6,11,2,3148.5,35,4,3149.2,354,6,3149.7,200,1,3149.8,637,4,3149.9,7,1,3150.0,2390,25
2031,2026-06-16 14:06:42+05:30,3149.2,1,3132.98,2670271,134504.0,202752.0,3163.0,3163.0,3108.0,3134.3,31924200,3447.7,2820.9,3839.9,2896.0,3149.1,2,1,3149.0,153,3,3148.8,27,2,3148.6,11,2,3148.5,35,4,3149.2,354,6,3149.7,200,1,3149.8,637,4,3149.9,7,1,3150.0,2390,25
2031,2026-06-16 14:06:42+05:30,3149.2,1,3132.98,2670271,134504.0,202752.0,3163.0,3163.0,3108.0,3134.3,31924200,3447.7,2820.9,3839.9,2896.0,3149.1,2,1,3149.0,153,3,3148.8,27,2,3148.6,11,2,3148.5,35,4,3149.2,354,6,3149.7,200,1,3149.8,637,4,3149.9,7,1,3150.0,2390,25
2031,2026-06-16 14:06:42+05:30,3149.2,1,3132.98,2670271,134504.0,202753.0,3163.0,3163.0,3108.0,3134.3,31924200,3447.7,2820.9,3839.9,2896.0,3149.1,2,1,3149.0,153,3,3148.8,27,2,3148.6,11,2,3148.5,35,4,3149.2,354,6,3149.7,200,1,3149.8,637,4,3149.9,7,1,3150.0,2390,25
2031,2026-06-16 14:06:43+05:30,3149.2,1,3132.98,2670271,134504.0,202753.0,3163.0,3163.0,3108.0,3134.3,31924200,3447.7,2820.9,3839.9,2896.0,3149.1,2,1,3149.0,153,3,3148.8,27,2,3148.6,11,2,3148.5,35,4,3149.2,354,6,3149.7,200,1,3149.8,637,4,3149.9,7,1,3150.0,2390,25
2031,2026-06-16 14:06:43+05:30,3149.2,15,3132.98,2670286,134765.0,202551.0,3163.0,3163.0,3108.0,3134.3,31924200,3447.7,2820.9,3839.9,2896.0,3149.1,32,3,3149.0,163,4,3148.8,24,2,3148.7,5,1,3148.6,45,5,3149.2,339,6,3149.7,200,1,3149.8,599,3,3149.9,7,1,3150.0,2390,25
2031,2026-06-16 14:06:44+05:30,3149.2,15,3132.98,2670286,134765.0,202551.0,3163.0,3163.0,3108.0,3134.3,31924200,3447.7,2820.9,3839.9,2896.0,3149.1,32,3,3149.0,163,4,3148.8,24,2,3148.7,5,1,3148.6,45,5,3149.2,339,6,3149.7,200,1,3149.8,599,3,3149.9,7,1,3150.0,2390,25
2031,2026-06-16 14:06:44+05:30,3149.2,15,3132.98,2670286,134765.0,202551.0,3163.0,3163.0,3108.0,3134.3,31924200,3447.7,2820.9,3839.9,2896.0,3149.1,32,3,3149.0,163,4,3148.8,24,2,3148.7,5,1,3148.6,45,5,3149.2,339,6,3149.7,200,1,3149.8,599,3,3149.9,7,1,3150.0,2390,25
2031,2026-06-16 14:06:44+05:30,3149.2,15,3132.98,2670286,134591.0,202566.0,3163.0,3163.0,3108.0,3134.3,31924200,3447.7,2820.9,3839.9,2896.0,3149.1,30,2,3149.0,163,4,3148.8,24,2,3148.7,5,1,3148.6,45,5,3149.2,339,6,3149.7,200,1,3149.8,599,3,3149.9,7,1,3150.0,2390,25
2031,2026-06-16 14:06:44+05:30,3149.2,15,3132.98,2670286,134591.0,202566.0,3163.0,3163.0,3108.0,3134.3,31924200,3447.7,2820.9,3839.9,2896.0,3149.1,30,2,3149.0,163,4,3148.8,24,2,3148.7,5,1,3148.6,45,5,3149.2,339,6,3149.7,200,1,3149.8,599,3,3149.9,7,1,3150.0,2390,25
2031,2026-06-16 14:06:45+05:30,3149.2,19,3132.98,2670286,134591.0,202566.0,3163.0,3163.0,3108.0,3134.3,31924200,3447.7,2820.9,3839.9,2896.0,3149.1,30,2,3149.0,163,4,3148.8,24,2,3148.7,5,1,3148.6,45,5,3149.2,339,6,3149.7,200,1,3149.8,599,3,3149.9,7,1,3150.0,2390,25
2031,2026-06-16 14:06:45+05:30,3149.6,1,3132.98,2670446,134857.0,202573.0,3163.0,3163.0,3108.0,3134.3,31924200,3447.7,2820.9,3839.9,2896.0,3149.2,2,2,3149.0,164,5,3148.8,27,2,3148.7,5,1,3148.6,39,4,3149.6,180,1,3149.7,200,1,3149.8,599,3,3149.9,7,1,3150.0,2390,25
2031,2026-06-16 14:06:45+05:30,3149.6,1,3132.98,2670446,134857.0,202573.0,3163.0,3163.0,3108.0,3134.3,31926200,3447.7,2820.9,3839.9,2896.0,3149.2,2,2,3149.0,164,5,3148.8,27,2,3148.7,5,1,3148.6,39,4,3149.6,180,1,3149.7,200,1,3149.8,599,3,3149.9,7,1,3150.0,2390,25
2031,2026-06-16 14:06:46+05:30,3149.0,1,3132.98,2670446,134857.0,202573.0,3163.0,3163.0,3108.0,3134.3,31926200,3447.7,2820.9,3839.9,2896.0,3149.2,2,2,3149.0,164,5,3148.8,27,2,3148.7,5,1,3148.6,39,4,3149.6,180,1,3149.7,200,1,3149.8,599,3,3149.9,7,1,3150.0,2390,25
2031,2026-06-16 14:06:46+05:30,3149.0,1,3132.98,2670646,134480.0,203051.0,3163.0,3163.0,3108.0,3134.3,31926200,3447.7,2820.9,3839.9,2896.0,3149.0,4,2,3148.8,15,1,3148.6,32,4,3148.5,32,3,3148.4,34,4,3149.1,1,1,3149.2,180,1,3149.7,111,1,3149.8,799,4,3149.9,7,1
2031,2026-06-16 14:06:47+05:30,3149.0,1,3132.98,2670646,134546.0,203086.0,3163.0,3163.0,3108.0,3134.3,31926200,3447.7,2820.9,3839.9,2896.0,3149.0,4,2,3148.8,15,1,3148.7,12,1,3148.6,20,3,3148.5,32,3,3149.1,2,2,3149.2,180,1,3149.7,111,1,3149.8,799,4,3149.9,7,1
2031,2026-06-16 14:06:48+05:30,3149.1,1,3132.98,2670646,134546.0,203086.0,3163.0,3163.0,3108.0,3134.3,31926200,3447.7,2820.9,3839.9,2896.0,3149.0,4,2,3148.8,15,1,3148.7,12,1,3148.6,20,3,3148.5,32,3,3149.1,2,2,3149.2,180,1,3149.7,111,1,3149.8,799,4,3149.9,7,1
2031,2026-06-16 14:06:48+05:30,3149.1,1,3132.98,2670647,134537.0,202799.0,3163.0,3163.0,3108.0,3134.3,31926200,3447.7,2820.9,3839.9,2896.0,3149.0,4,2,3148.8,15,1,3148.7,12,1,3148.6,20,3,3148.5,32,3,3149.1,3,3,3149.2,180,1,3149.7,329,2,3149.8,599,3,3149.9,7,1
2031,2026-06-16 14:06:49+05:30,3149.1,1,3132.98,2670647,134537.0,202799.0,3163.0,3163.0,3108.0,3134.3,31926200,3447.7,2820.9,3839.9,2896.0,3149.0,4,2,3148.8,15,1,3148.7,12,1,3148.6,20,3,3148.5,32,3,3149.1,3,3,3149.2,180,1,3149.7,329,2,3149.8,599,3,3149.9,7,1
2031,2026-06-16 14:06:49+05:30,3149.1,1,3132.98,2670649,134222.0,202591.0,3163.0,3163.0,3108.0,3134.3,31926200,3447.7,2820.9,3839.9,2896.0,3149.0,7,4,3148.9,10,1,3148.8,38,3,3148.6,32,4,3148.5,32,3,3149.1,1,1,3149.2,180,1,3149.7,200,1,3149.8,599,3,3149.9,7,1
2031,2026-06-16 14:06:50+05:30,3149.1,1,3132.98,2670649,134520.0,202560.0,3163.0,3163.0,3108.0,3134.3,31926200,3447.7,2820.9,3839.9,2896.0,3149.0,20,6,3148.8,50,4,3148.6,32,4,3148.5,38,4,3148.4,105,7,3149.1,8,2,3149.2,180,1,3149.7,200,1,3149.8,599,3,3149.9,7,1
2031,2026-06-16 14:06:51+05:30,3149.1,1,3132.98,2670649,134520.0,202560.0,3163.0,3163.0,3108.0,3134.3,31926200,3447.7,2820.9,3839.9,2896.0,3149.0,20,6,3148.8,50,4,3148.6,32,4,3148.5,38,4,3148.4,105,7,3149.1,8,2,3149.2,180,1,3149.7,200,1,3149.8,599,3,3149.9,7,1
2031,2026-06-16 14:06:51+05:30,3149.0,2,3132.98,2670657,134310.0,202710.0,3163.0,3163.0,3108.0,3134.3,31926200,3447.7,2820.9,3839.9,2896.0,3149.0,14,4,3148.8,30,2,3148.6,20,3,3148.5,32,3,3148.4,55,5,3149.1,9,2,3149.2,183,2,3149.7,402,3,3149.8,640,5,3149.9,7,1
2031,2026-06-16 14:06:52+05:30,3149.1,4,3132.98,2670657,134310.0,202710.0,3163.0,3163.0,3108.0,3134.3,31926200,3447.7,2820.9,3839.9,2896.0,3149.0,14,4,3148.8,30,2,3148.6,20,3,3148.5,32,3,3148.4,55,5,3149.1,9,2,3149.2,183,2,3149.7,402,3,3149.8,640,5,3149.9,7,1
2031,2026-06-16 14:06:52+05:30,3149.2,113,3132.98,2670817,134353.0,202385.0,3163.0,3163.0,3108.0,3134.3,31926200,3447.7,2820.9,3839.9,2896.0,3149.0,15,4,3148.8,30,2,3148.7,12,1,3148.6,20,3,3148.5,32,3,3149.2,70,2,3149.7,402,3,3149.8,602,4,3149.9,7,1,3150.0,2368,24
2031,2026-06-16 14:06:53+05:30,3149.2,113,3132.98,2670817,134353.0,202385.0,3163.0,3163.0,3108.0,3134.3,31926200,3447.7,2820.9,3839.9,2896.0,3149.0,15,4,3148.8,30,2,3148.7,12,1,3148.6,20,3,3148.5,32,3,3149.2,70,2,3149.7,402,3,3149.8,602,4,3149.9,7,1,3150.0,2368,24
2031,2026-06-16 14:06:53+05:30,3149.2,113,3132.98,2670817,134320.0,202325.0,3163.0,3163.0,3108.0,3134.3,31926200,3447.7,2820.9,3839.9,2896.0,3149.0,15,4,3148.8,30,2,3148.6,32,4,3148.5,32,3,3148.4,67,6,3149.2,326,4,3149.7,402,3,3149.8,602,4,3149.9,45,2,3150.0,2138,23
2031,2026-06-16 14:06:54+05:30,3149.2,1,3132.98,2670818,134320.0,202325.0,3163.0,3163.0,3108.0,3134.3,31926200,3447.7,2820.9,3839.9,2896.0,3149.0,15,4,3148.8,30,2,3148.7,12,1,3148.6,20,3,3148.5,32,3,3149.2,325,4,3149.7,402,3,3149.8,602,4,3149.9,45,2,3150.0,2138,23
2031,2026-06-16 14:06:55+05:30,3149.2,2,3132.98,2670818,134320.0,202325.0,3163.0,3163.0,3108.0,3134.3,31926200,3447.7,2820.9,3839.9,2896.0,3149.0,15,4,3148.8,30,2,3148.7,12,1,3148.6,20,3,3148.5,32,3,3149.2,325,4,3149.7,402,3,3149.8,602,4,3149.9,45,2,3150.0,2138,23
2031,2026-06-16 14:06:55+05:30,3149.2,2,3132.98,2670822,134354.0,202300.0,3163.0,3163.0,3108.0,3134.3,31926200,3447.7,2820.9,3839.9,2896.0,3149.0,14,3,3148.8,30,2,3148.7,12,1,3148.6,20,3,3148.5,32,3,3149.2,321,4,3149.7,402,3,3149.8,602,4,3149.9,45,2,3150.0,2138,23
2031,2026-06-16 14:06:56+05:30,3149.2,2,3132.98,2670822,134354.0,202300.0,3163.0,3163.0,3108.0,3134.3,31926200,3447.7,2820.9,3839.9,2896.0,3149.0,14,3,3148.8,30,2,3148.7,12,1,3148.6,20,3,3148.5,32,3,3149.2,321,4,3149.7,402,3,3149.8,602,4,3149.9,45,2,3150.0,2138,23
2031,2026-06-16 14:06:56+05:30,3149.0,1,3132.98,2670832,134205.0,202361.0,3163.0,3163.0,3108.0,3134.3,31926200,3447.7,2820.9,3839.9,2896.0,3149.0,5,2,3148.8,30,2,3148.6,20,3,3148.5,32,3,3148.4,35,4,3149.2,320,4,3149.7,202,2,3149.8,802,5,3149.9,45,2,3150.0,2159,24
2031,2026-06-16 14:06:57+05:30,3149.0,1,3132.98,2670832,134205.0,202361.0,3163.0,3163.0,3108.0,3134.3,31926200,3447.7,2820.9,3839.9,2896.0,3149.0,5,2,3148.8,30,2,3148.6,20,3,3148.5,32,3,3148.4,35,4,3149.2,320,4,3149.7,202,2,3149.8,802,5,3149.9,45,2,3150.0,2159,24
2031,2026-06-16 14:06:57+05:30,3149.0,1,3132.98,2670832,134264.0,202446.0,3163.0,3163.0,3108.0,3134.3,31926200,3447.7,2820.9,3839.9,2896.0,3149.0,5,2,3148.8,30,2,3148.6,20,3,3148.5,44,4,3148.4,23,3,3149.2,320,4,3149.7,202,2,3149.8,802,5,3149.9,45,2,3150.0,2159,24
2031,2026-06-16 14:06:58+05:30,3149.0,1,3132.98,2670832,134270.0,202447.0,3163.0,3163.0,3108.0,3134.3,31926200,3447.7,2820.9,3839.9,2896.0,3149.0,5,2,3148.8,30,2,3148.6,20,3,3148.5,44,4,3148.4,23,3,3149.2,320,4,3149.7,202,2,3149.8,802,5,3149.9,45,2,3150.0,2159,24
2031,2026-06-16 14:06:59+05:30,3149.0,1,3132.98,2670832,134457.0,202408.0,3163.0,3163.0,3108.0,3134.3,31926200,3447.7,2820.9,3839.9,2896.0,3149.0,15,3,3148.8,40,3,3148.7,5,1,3148.6,44,5,3148.5,42,5,3149.2,320,4,3149.7,202,2,3149.8,802,5,3149.9,45,2,3150.0,2120,22
2031,2026-06-16 14:07:00+05:30,3149.2,40,3132.98,2670872,134261.0,202318.0,3163.0,3163.0,3108.0,3134.3,31926200,3447.7,2820.9,3839.9,2896.0,3149.1,7,5,3149.0,21,5,3148.9,3,1,3148.8,54,4,3148.7,10,2,3149.2,280,4,3149.7,402,3,3149.8,602,4,3149.9,45,2,3150.0,2120,22
2031,2026-06-16 14:07:01+05:30,3149.2,40,3132.98,2670872,134261.0,202318.0,3163.0,3163.0,3108.0,3134.3,31926200,3447.7,2820.9,3839.9,2896.0,3149.1,7,5,3149.0,21,5,3148.9,3,1,3148.8,54,4,3148.7,10,2,3149.2,280,4,3149.7,402,3,3149.8,602,4,3149.9,45,2,3150.0,2120,22
2031,2026-06-16 14:07:01+05:30,3149.2,1,3132.98,2670894,134330.0,202610.0,3163.0,3163.0,3108.0,3134.3,31926200,3447.7,2820.9,3839.9,2896.0,3149.0,10,4,3148.8,30,2,3148.7,12,1,3148.6,32,4,3148.5,56,5,3149.2,458,4,3149.7,440,4,3149.8,602,4,3149.9,45,2,3150.0,2120,22
2031,2026-06-16 14:07:02+05:30,3149.2,156,3132.98,2670894,134330.0,202610.0,3163.0,3163.0,3108.0,3134.3,31926200,3447.7,2820.9,3839.9,2896.0,3149.0,10,4,3148.8,30,2,3148.7,12,1,3148.6,32,4,3148.5,56,5,3149.2,458,4,3149.7,440,4,3149.8,602,4,3149.9,45,2,3150.0,2120,22
2031,2026-06-16 14:07:02+05:30,3149.0,2,3132.98,2671083,134291.0,202413.0,3163.0,3163.0,3108.0,3134.3,31926200,3447.7,2820.9,3839.9,2896.0,3149.0,4,2,3148.8,30,2,3148.7,12,1,3148.6,32,4,3148.5,35,4,3149.2,277,3,3149.7,202,2,3149.8,802,5,3149.9,45,2,3150.0,2120,22
2031,2026-06-16 14:07:03+05:30,3149.0,2,3132.98,2671083,134291.0,202413.0,3163.0,3163.0,3108.0,3134.3,31926200,3447.7,2820.9,3839.9,2896.0,3149.0,4,2,3148.8,30,2,3148.7,12,1,3148.6,32,4,3148.5,35,4,3149.2,277,3,3149.7,202,2,3149.8,802,5,3149.9,45,2,3150.0,2120,22
2031,2026-06-16 14:07:03+05:30,3149.0,2,3132.98,2671083,134103.0,202362.0,3163.0,3163.0,3108.0,3134.3,31926200,3447.7,2820.9,3839.9,2896.0,3149.0,4,2,3148.8,30,2,3148.6,20,3,3148.5,47,5,3148.4,22,2,3149.2,277,3,3149.7,202,2,3149.8,848,6,3149.9,45,2,3150.0,2177,23
2031,2026-06-16 14:07:04+05:30,3149.2,2,3132.98,2671083,134103.0,202362.0,3163.0,3163.0,3108.0,3134.3,31926200,3447.7,2820.9,3839.9,2896.0,3149.0,4,2,3148.8,30,2,3148.6,20,3,3148.5,47,5,3148.4,22,2,3149.2,277,3,3149.7,202,2,3149.8,848,6,3149.9,45,2,3150.0,2177,23
2031,2026-06-16 14:07:04+05:30,3149.2,2,3133.0,2673614,135013.0,198270.0,3163.0,3163.0,3108.0,3134.3,31926200,3447.7,2820.9,3839.9,2896.0,3149.2,31,4,3149.1,276,4,3149.0,80,8,3148.9,28,4,3148.8,115,7,3149.9,78,1,3150.0,1042,7,3150.1,12,1,3150.6,39,2,3150.8,32,2
2031,2026-06-16 14:07:05+05:30,3149.9,64,3133.0,2673678,135078.0,198416.0,3163.0,3163.0,3108.0,3134.3,31926200,3447.7,2820.9,3839.9,2896.0,3149.2,68,6,3149.1,276,4,3149.0,61,7,3148.9,31,5,3148.8,64,5,3149.9,39,2,3150.0,1042,7,3150.1,12,1,3150.6,39,2,3150.8,32,2
2031,2026-06-16 14:07:06+05:30,3149.9,64,3133.0,2673678,135078.0,198416.0,3163.0,3163.0,3108.0,3134.3,31926200,3447.7,2820.9,3839.9,2896.0,3149.2,68,6,3149.1,276,4,3149.0,61,7,3148.9,31,5,3148.8,64,5,3149.9,39,2,3150.0,1042,7,3150.1,12,1,3150.6,39,2,3150.8,32,2
2031,2026-06-16 14:07:06+05:30,3149.6,1,3133.0,2673709,135029.0,199255.0,3163.0,3163.0,3108.0,3134.3,31926200,3447.7,2820.9,3839.9,2896.0,3149.4,16,1,3149.2,38,3,3149.1,82,2,3149.0,45,4,3148.9,36,3,3149.6,24,1,3149.9,39,2,3150.0,1017,6,3150.1,12,1,3150.3,51,1
2031,2026-06-16 14:07:07+05:30,3149.6,1,3133.0,2673709,135029.0,199255.0,3163.0,3163.0,3108.0,3134.3,31926200,3447.7,2820.9,3839.9,2896.0,3149.4,16,1,3149.2,38,3,3149.1,82,2,3149.0,45,4,3148.9,36,3,3149.6,24,1,3149.9,39,2,3150.0,1017,6,3150.1,12,1,3150.3,51,1
2031,2026-06-16 14:07:07+05:30,3149.6,1,3133.0,2673715,134929.0,200129.0,3163.0,3163.0,3108.0,3134.3,31926200,3447.7,2820.9,3839.9,2896.0,3149.4,16,1,3149.2,24,1,3149.1,15,1,3149.0,45,4,3148.9,29,3,3149.6,34,2,3149.9,14,1,3150.0,1017,6,3150.1,12,1,3150.3,51,1
2031,2026-06-16 14:07:08+05:30,3150.0,128,3133.0,2673715,134929.0,200129.0,3163.0,3163.0,3108.0,3134.3,31926200,3447.7,2820.9,3839.9,2896.0,3149.4,16,1,3149.2,24,1,3149.1,15,1,3149.0,45,4,3148.9,29,3,3149.6,34,2,3149.9,14,1,3150.0,1017,6,3150.1,12,1,3150.3,51,1
2031,2026-06-16 14:07:08+05:30,3150.0,128,3133.0,2673969,135003.0,199226.0,3163.0,3163.0,3108.0,3134.3,31926200,3447.7,2820.9,3839.9,2896.0,3149.5,5,1,3149.4,40,3,3149.2,41,3,3149.1,24,2,3149.0,254,5,3149.6,9,1,3150.0,889,6,3150.1,12,1,3150.5,63,1,3150.6,96,4
2031,2026-06-16 14:07:09+05:30,3149.6,9,3133.0,2673978,134975.0,199759.0,3163.0,3163.0,3108.0,3134.3,31926200,3447.7,2820.9,3839.9,2896.0,3149.6,31,3,3149.5,11,3,3149.4,37,3,3149.2,58,4,3149.1,9,1,3150.0,889,6,3150.1,12,1,3150.5,63,1,3150.6,39,2,3150.7,63,1
2031,2026-06-16 14:07:10+05:30,3149.6,9,3133.0,2673978,134975.0,199759.0,3163.0,3163.0,3108.0,3134.3,31926200,3447.7,2820.9,3839.9,2896.0,3149.6,31,3,3149.5,11,3,3149.4,37,3,3149.2,58,4,3149.1,9,1,3150.0,889,6,3150.1,12,1,3150.5,63,1,3150.6,39,2,3150.7,63,1
2031,2026-06-16 14:07:10+05:30,3150.0,10,3133.0,2673994,134954.0,199549.0,3163.0,3163.0,3108.0,3134.3,31926200,3447.7,2820.9,3839.9,2896.0,3149.8,24,2,3149.7,10,1,3149.6,33,3,3149.5,5,1,3149.4,59,5,3150.0,873,6,3150.1,12,1,3150.6,1,1,3150.8,12,1,3150.9,1150,7
2031,2026-06-16 14:07:11+05:30,3150.0,10,3133.0,2673994,134954.0,199549.0,3163.0,3163.0,3108.0,3134.3,31926200,3447.7,2820.9,3839.9,2896.0,3149.8,24,2,3149.7,10,1,3149.6,33,3,3149.5,5,1,3149.4,59,5,3150.0,873,6,3150.1,12,1,3150.6,1,1,3150.8,12,1,3150.9,1150,7
2031,2026-06-16 14:07:11+05:30,3150.0,11,3133.0,2674145,134834.0,199467.0,3163.0,3163.0,3108.0,3134.3,31926200,3447.7,2820.9,3839.9,2896.0,3149.8,8,1,3149.6,23,2,3149.5,19,2,3149.4,37,3,3149.3,3,1,3150.0,722,6,3150.1,12,1,3150.5,38,1,3150.6,1,1,3150.7,38,1
2031,2026-06-16 14:07:12+05:30,3150.0,11,3133.0,2674145,134834.0,199467.0,3163.0,3163.0,3108.0,3134.3,31926200,3447.7,2820.9,3839.9,2896.0,3149.8,8,1,3149.6,23,2,3149.5,19,2,3149.4,37,3,3149.3,3,1,3150.0,722,6,3150.1,12,1,3150.5,38,1,3150.6,1,1,3150.7,38,1
2031,2026-06-16 14:07:12+05:30,3150.0,1,3133.0,2674146,134944.0,199526.0,3163.0,3163.0,3108.0,3134.3,31926200,3447.7,2820.9,3839.9,2896.0,3149.8,16,1,3149.6,16,1,3149.5,5,1,3149.3,3,1,3149.1,21,1,3150.0,735,7,3150.1,12,1,3150.2,38,1,3150.3,81,2,3150.4,95,3
2031,2026-06-16 14:07:13+05:30,3150.0,1,3133.0,2674146,134944.0,199526.0,3163.0,3163.0,3108.0,3134.3,31926200,3447.7,2820.9,3839.9,2896.0,3149.8,16,1,3149.6,16,1,3149.5,5,1,3149.3,3,1,3149.1,21,1,3150.0,735,7,3150.1,12,1,3150.2,38,1,3150.3,81,2,3150.4,95,3
2031,2026-06-16 14:07:13+05:30,3150.0,1,3133.0,2674146,134641.0,200037.0,3163.0,3163.0,3108.0,3134.3,31926200,3447.7,2820.9,3839.9,2896.0,3149.8,16,1,3149.6,16,1,3149.5,5,1,3149.3,3,1,3149.1,21,1,3150.0,804,10,3150.1,29,2,3150.2,73,2,3150.3,646,4,3150.4,130,4
2031,2026-06-16 14:07:14+05:30,3150.0,1,3133.0,2674166,134654.0,200069.0,3163.0,3163.0,3108.0,3134.3,31926200,3447.7,2820.9,3839.9,2896.0,3149.8,16,1,3149.6,16,1,3149.5,5,1,3149.4,14,1,3149.3,3,1,3150.0,746,9,3150.2,73,2,3150.3,646,4,3150.4,136,4,3150.5,57,1
2031,2026-06-16 14:07:15+05:30,3150.0,1,3133.0,2674166,134654.0,200069.0,3163.0,3163.0,3108.0,3134.3,31926200,3447.7,2820.9,3839.9,2896.0,3149.8,16,1,3149.6,16,1,3149.5,5,1,3149.4,14,1,3149.3,3,1,3150.0,746,9,3150.2,73,2,3150.3,646,4,3150.4,136,4,3150.5,57,1
2031,2026-06-16 14:07:15+05:30,3150.0,82,3133.0,2674413,134585.0,199688.0,3163.0,3163.0,3108.0,3134.3,31926200,3447.7,2820.9,3839.9,2896.0,3149.9,2,2,3149.8,17,2,3149.6,16,1,3149.4,14,1,3149.3,3,1,3150.0,499,9,3150.3,600,3,3150.6,401,3,3150.7,90,2,3150.8,237,3
2031,2026-06-16 14:07:16+05:30,3150.0,82,3133.0,2674413,134585.0,199688.0,3163.0,3163.0,3108.0,3134.3,31926200,3447.7,2820.9,3839.9,2896.0,3149.9,2,2,3149.8,17,2,3149.6,16,1,3149.4,14,1,3149.3,3,1,3150.0,499,9,3150.3,600,3,3150.6,401,3,3150.7,90,2,3150.8,237,3
2031,2026-06-16 14:07:16+05:30,3149.8,2,3133.0,2674422,134396.0,199990.0,3163.0,3163.0,3108.0,3134.3,31926200,3447.7,2820.9,3839.9,2896.0,3149.8,15,2,3149.6,16,1,3149.4,14,1,3149.3,3,1,3149.1,21,1,3150.0,499,9,3150.3,600,3,3150.4,38,1,3150.6,474,5,3150.7,90,2
2031,2026-06-16 14:07:17+05:30,3149.8,2,3133.0,2674422,134396.0,199990.0,3163.0,3163.0,3108.0,3134.3,31926200,3447.7,2820.9,3839.9,2896.0,3149.8,15,2,3149.6,16,1,3149.4,14,1,3149.3,3,1,3149.1,21,1,3150.0,499,9,3150.3,600,3,3150.4,38,1,3150.6,474,5,3150.7,90,2
2031,2026-06-16 14:07:17+05:30,3149.9,1,3133.0,2674449,134229.0,199898.0,3163.0,3163.0,3108.0,3134.3,31926200,3447.7,2820.9,3839.9,2896.0,3149.8,15,2,3149.6,16,1,3149.4,14,1,3149.3,3,1,3149.1,21,1,3149.9,198,1,3150.0,499,10,3150.2,38,1,3150.3,429,3,3150.4,273,3
2031,2026-06-16 14:07:18+05:30,3149.9,1,3133.0,2674449,134229.0,199898.0,3163.0,3163.0,3108.0,3134.3,31926200,3447.7,2820.9,3839.9,2896.0,3149.8,15,2,3149.6,16,1,3149.4,14,1,3149.3,3,1,3149.1,21,1,3149.9,198,1,3150.0,499,10,3150.2,38,1,3150.3,429,3,3150.4,273,3
2031,2026-06-16 14:07:18+05:30,3149.9,1,3133.01,2674648,134602.0,198781.0,3163.0,3163.0,3108.0,3134.3,31926200,3447.7,2820.9,3839.9,2896.0,3149.8,17,2,3149.4,14,1,3149.3,17,2,3149.1,35,2,3149.0,11,1,3150.0,499,10,3150.3,29,1,3150.4,38,1,3150.5,74,2,3150.6,39,2
2031,2026-06-16 14:07:19+05:30,3149.9,1,3133.01,2674648,134602.0,198781.0,3163.0,3163.0,3108.0,3134.3,31926200,3447.7,2820.9,3839.9,2896.0,3149.8,17,2,3149.4,14,1,3149.3,17,2,3149.1,35,2,3149.0,11,1,3150.0,499,10,3150.3,29,1,3150.4,38,1,3150.5,74,2,3150.6,39,2
2031,2026-06-16 14:07:22+05:30,3150.0,5,3133.01,2674648,134602.0,198781.0,3163.0,3163.0,3108.0,3134.3,31926200,3447.7,2820.9,3839.9,2896.0,3149.8,17,2,3149.4,14,1,3149.3,17,2,3149.1,35,2,3149.0,11,1,3150.0,499,10,3150.3,29,1,3150.4,38,1,3150.5,74,2,3150.6,39,2
2031,2026-06-16 14:07:23+05:30,3150.0,1,3133.01,2674677,134580.0,199114.0,3163.0,3163.0,3108.0,3134.3,31926200,3447.7,2820.9,3839.9,2896.0,3149.8,17,2,3149.4,14,1,3149.3,17,2,3149.1,46,3,3148.9,101,4,3150.0,510,11,3150.3,38,1,3150.4,33,1,3150.5,78,2,3150.6,72,3
2031,2026-06-16 14:07:24+05:30,3151.0,2,3133.01,2674677,134580.0,199114.0,3163.0,3163.0,3108.0,3134.3,31926200,3447.7,2820.9,3839.9,2896.0,3149.8,17,2,3149.4,14,1,3149.3,17,2,3149.1,46,3,3148.9,101,4,3150.0,510,11,3150.3,38,1,3150.4,33,1,3150.5,78,2,3150.6,72,3
2031,2026-06-16 14:07:26+05:30,3150.3,34,3133.01,2674677,134580.0,199114.0,3163.0,3163.0,3108.0,3134.3,31926200,3447.7,2820.9,3839.9,2896.0,3149.8,17,2,3149.4,14,1,3149.3,17,2,3149.1,46,3,3148.9,101,4,3150.0,510,11,3150.3,38,1,3150.4,33,1,3150.5,78,2,3150.6,72,3
2031,2026-06-16 14:07:26+05:30,3150.3,34,3133.01,2674677,134580.0,199114.0,3163.0,3163.0,3108.0,3134.3,31926200,3447.7,2820.9,3839.9,2896.0,3149.8,17,2,3149.4,14,1,3149.3,17,2,3149.1,46,3,3148.9,101,4,3150.0,510,11,3150.3,38,1,3150.4,33,1,3150.5,78,2,3150.6,72,3
2031,2026-06-16 14:07:28+05:30,3150.4,8,3133.01,2674677,134580.0,199114.0,3163.0,3163.0,3108.0,3134.3,31926200,3447.7,2820.9,3839.9,2896.0,3149.8,17,2,3149.4,14,1,3149.3,17,2,3149.1,46,3,3148.9,101,4,3150.0,510,11,3150.3,38,1,3150.4,33,1,3150.5,78,2,3150.6,72,3
2031,2026-06-16 14:07:28+05:30,3150.4,8,3133.01,2674677,134580.0,199114.0,3163.0,3163.0,3108.0,3134.3,31926200,3447.7,2820.9,3839.9,2896.0,3149.8,17,2,3149.4,14,1,3149.3,17,2,3149.1,46,3,3148.9,101,4,3150.0,510,11,3150.3,38,1,3150.4,33,1,3150.5,78,2,3150.6,72,3
2031,2026-06-16 14:07:28+05:30,3150.4,8,3133.03,2677920,135703.0,197549.0,3163.0,3163.0,3108.0,3134.3,31926200,3447.7,2820.9,3839.9,2896.0,3150.5,17,2,3149.8,15,1,3149.7,20,1,3149.6,79,3,3149.5,99,4,3151.0,30,1,3151.1,135,2,3151.2,658,5,3151.3,333,4,3151.4,170,3
2031,2026-06-16 14:07:30+05:30,3150.5,16,3133.03,2677920,135703.0,197549.0,3163.0,3163.0,3108.0,3134.3,31926200,3447.7,2820.9,3839.9,2896.0,3150.5,17,2,3149.8,15,1,3149.7,20,1,3149.6,79,3,3149.5,99,4,3151.0,30,1,3151.1,135,2,3151.2,658,5,3151.3,333,4,3151.4,170,3
2031,2026-06-16 14:07:30+05:30,3150.5,16,3133.03,2677920,135703.0,197549.0,3163.0,3163.0,3108.0,3134.3,31926200,3447.7,2820.9,3839.9,2896.0,3150.5,17,2,3149.8,15,1,3149.7,20,1,3149.6,79,3,3149.5,99,4,3151.0,30,1,3151.1,135,2,3151.2,658,5,3151.3,333,4,3151.4,170,3
2031,2026-06-16 14:07:32+05:30,3150.5,2,3133.03,2677920,135703.0,197549.0,3163.0,3163.0,3108.0,3134.3,31926200,3447.7,2820.9,3839.9,2896.0,3150.5,17,2,3149.8,15,1,3149.7,20,1,3149.6,79,3,3149.5,99,4,3151.0,30,1,3151.1,135,2,3151.2,658,5,3151.3,333,4,3151.4,170,3
2031,2026-06-16 14:07:32+05:30,3150.5,2,3133.03,2677920,135703.0,197549.0,3163.0,3163.0,3108.0,3134.3,31926200,3447.7,2820.9,3839.9,2896.0,3150.5,17,2,3149.8,15,1,3149.7,20,1,3149.6,79,3,3149.5,99,4,3151.0,30,1,3151.1,135,2,3151.2,658,5,3151.3,333,4,3151.4,170,3
2031,2026-06-16 14:07:33+05:30,3150.6,1,3133.04,2679291,134843.0,198066.0,3163.0,3163.0,3108.0,3134.3,31926200,3447.7,2820.9,3839.9,2896.0,3150.5,2,1,3150.0,5,1,3149.8,17,1,3149.5,20,1,3149.4,78,3,3150.6,186,1,3150.8,17,1,3150.9,23,1,3151.0,104,5,3151.1,191,4
2031,2026-06-16 14:07:34+05:30,3150.6,1,3133.04,2679291,134843.0,198066.0,3163.0,3163.0,3108.0,3134.3,31926200,3447.7,2820.9,3839.9,2896.0,3150.5,2,1,3150.0,5,1,3149.8,17,1,3149.5,20,1,3149.4,78,3,3150.6,186,1,3150.8,17,1,3150.9,23,1,3151.0,104,5,3151.1,191,4
2031,2026-06-16 14:07:34+05:30,3150.6,1,3133.04,2679291,134843.0,198066.0,3163.0,3163.0,3108.0,3134.3,31926200,3447.7,2820.9,3839.9,2896.0,3150.5,2,1,3150.0,5,1,3149.8,17,1,3149.5,20,1,3149.4,78,3,3150.6,186,1,3150.8,17,1,3150.9,23,1,3151.0,104,5,3151.1,191,4
2031,2026-06-16 14:07:36+05:30,3150.6,99,3133.04,2679291,134843.0,198066.0,3163.0,3163.0,3108.0,3134.3,31926200,3447.7,2820.9,3839.9,2896.0,3150.5,2,1,3150.0,5,1,3149.8,17,1,3149.5,20,1,3149.4,78,3,3150.6,186,1,3150.8,17,1,3150.9,23,1,3151.0,104,5,3151.1,191,4
2031,2026-06-16 14:07:36+05:30,3150.6,99,3133.04,2679291,134843.0,198066.0,3163.0,3163.0,3108.0,3134.3,31926200,3447.7,2820.9,3839.9,2896.0,3150.5,2,1,3150.0,5,1,3149.8,17,1,3149.5,20,1,3149.4,78,3,3150.6,186,1,3150.8,17,1,3150.9,23,1,3151.0,104,5,3151.1,191,4
2031,2026-06-16 14:07:37+05:30,3150.6,99,3133.04,2679291,134843.0,198066.0,3163.0,3163.0,3108.0,3134.3,31926200,3447.7,2820.9,3839.9,2896.0,3150.5,2,1,3150.0,5,1,3149.8,17,1,3149.5,20,1,3149.4,78,3,3150.6,186,1,3150.8,17,1,3150.9,23,1,3151.0,104,5,3151.1,191,4
2031,2026-06-16 14:07:38+05:30,3150.5,5,3133.04,2679291,134843.0,198066.0,3163.0,3163.0,3108.0,3134.3,31926200,3447.7,2820.9,3839.9,2896.0,3150.5,2,1,3150.0,5,1,3149.8,17,1,3149.5,20,1,3149.4,78,3,3150.6,186,1,3150.8,17,1,3150.9,23,1,3151.0,104,5,3151.1,191,4
2031,2026-06-16 14:07:38+05:30,3150.5,5,3133.04,2679622,135485.0,197610.0,3163.0,3163.0,3108.0,3134.3,31926200,3447.7,2820.9,3839.9,2896.0,3150.5,52,1,3150.0,53,2,3149.7,41,2,3149.6,266,6,3149.5,98,4,3150.6,113,4,3150.9,23,1,3151.0,58,3,3151.1,123,2,3151.2,600,3
2031,2026-06-16 14:07:38+05:30,3150.5,5,3133.04,2679622,135485.0,197610.0,3163.0,3163.0,3108.0,3134.3,31926200,3447.7,2820.9,3839.9,2896.0,3150.5,52,1,3150.0,53,2,3149.7,41,2,3149.6,266,6,3149.5,98,4,3150.6,113,4,3150.9,23,1,3151.0,58,3,3151.1,123,2,3151.2,600,3
2031,2026-06-16 14:07:39+05:30,3150.5,5,3133.04,2679622,135485.0,197610.0,3163.0,3163.0,3108.0,3134.3,31926200,3447.7,2820.9,3839.9,2896.0,3150.5,52,1,3150.0,53,2,3149.7,41,2,3149.6,266,6,3149.5,98,4,3150.6,113,4,3150.9,23,1,3151.0,58,3,3151.1,123,2,3151.2,600,3
2031,2026-06-16 14:07:40+05:30,3150.5,1,3133.04,2679622,135485.0,197610.0,3163.0,3163.0,3108.0,3134.3,31926200,3447.7,2820.9,3839.9,2896.0,3150.5,52,1,3150.0,53,2,3149.7,41,2,3149.6,266,6,3149.5,98,4,3150.6,113,4,3150.9,23,1,3151.0,58,3,3151.1,123,2,3151.2,600,3
2031,2026-06-16 14:07:40+05:30,3150.5,1,3133.04,2679622,135485.0,197610.0,3163.0,3163.0,3108.0,3134.3,31926200,3447.7,2820.9,3839.9,2896.0,3150.5,52,1,3150.0,53,2,3149.7,41,2,3149.6,266,6,3149.5,98,4,3150.6,113,4,3150.9,23,1,3151.0,58,3,3151.1,123,2,3151.2,600,3
2031,2026-06-16 14:07:41+05:30,3150.5,1,3133.04,2679622,135485.0,197610.0,3163.0,3163.0,3108.0,3134.3,31926200,3447.7,2820.9,3839.9,2896.0,3150.5,52,1,3150.0,53,2,3149.7,41,2,3149.6,266,6,3149.5,98,4,3150.6,113,4,3150.9,23,1,3151.0,58,3,3151.1,123,2,3151.2,600,3
2031,2026-06-16 14:07:42+05:30,3150.5,1,3133.04,2679622,135485.0,197610.0,3163.0,3163.0,3108.0,3134.3,31926200,3447.7,2820.9,3839.9,2896.0,3150.5,52,1,3150.0,53,2,3149.7,41,2,3149.6,266,6,3149.5,98,4,3150.6,113,4,3150.9,23,1,3151.0,58,3,3151.1,123,2,3151.2,600,3
2031,2026-06-16 14:07:42+05:30,3150.5,48,3133.04,2679622,135485.0,197610.0,3163.0,3163.0,3108.0,3134.3,31926200,3447.7,2820.9,3839.9,2896.0,3150.5,52,1,3150.0,53,2,3149.7,41,2,3149.6,266,6,3149.5,98,4,3150.6,113,4,3150.9,23,1,3151.0,58,3,3151.1,123,2,3151.2,600,3
2031,2026-06-16 14:07:42+05:30,3150.5,48,3133.04,2679622,135485.0,197610.0,3163.0,3163.0,3108.0,3134.3,31926200,3447.7,2820.9,3839.9,2896.0,3150.5,52,1,3150.0,53,2,3149.7,41,2,3149.6,266,6,3149.5,98,4,3150.6,113,4,3150.9,23,1,3151.0,58,3,3151.1,123,2,3151.2,600,3
2031,2026-06-16 14:07:43+05:30,3150.6,23,3133.04,2679697,135375.0,197750.0,3163.0,3163.0,3108.0,3134.3,31926200,3447.7,2820.9,3839.9,2896.0,3150.5,3,1,3150.0,53,2,3149.8,18,1,3149.7,3,1,3149.6,22,2,3150.6,112,5,3150.9,23,1,3151.0,162,4,3151.1,674,5,3151.2,38,1
2031,2026-06-16 14:07:43+05:30,3150.6,23,3133.04,2679697,135375.0,197750.0,3163.0,3163.0,3108.0,3134.3,31926200,3447.7,2820.9,3839.9,2896.0,3150.5,3,1,3150.0,53,2,3149.8,18,1,3149.7,3,1,3149.6,22,2,3150.6,112,5,3150.9,23,1,3151.0,162,4,3151.1,674,5,3151.2,38,1
2031,2026-06-16 14:07:44+05:30,3150.6,1,3133.04,2679697,135375.0,197750.0,3163.0,3163.0,3108.0,3134.3,31926200,3447.7,2820.9,3839.9,2896.0,3150.5,3,1,3150.0,53,2,3149.8,18,1,3149.7,3,1,3149.6,22,2,3150.6,112,5,3150.9,23,1,3151.0,162,4,3151.1,674,5,3151.2,38,1
2031,2026-06-16 14:07:44+05:30,3150.6,1,3133.04,2679697,135375.0,197750.0,3163.0,3163.0,3108.0,3134.3,31926200,3447.7,2820.9,3839.9,2896.0,3150.5,3,1,3150.0,53,2,3149.8,18,1,3149.7,3,1,3149.6,22,2,3150.6,112,5,3150.9,23,1,3151.0,162,4,3151.1,674,5,3151.2,38,1
2031,2026-06-16 14:07:45+05:30,3150.6,1,3133.04,2679697,135375.0,197750.0,3163.0,3163.0,3108.0,3134.3,31926200,3447.7,2820.9,3839.9,2896.0,3150.5,3,1,3150.0,53,2,3149.8,18,1,3149.7,3,1,3149.6,22,2,3150.6,112,5,3150.9,23,1,3151.0,162,4,3151.1,674,5,3151.2,38,1
2031,2026-06-16 14:07:46+05:30,3150.4,37,3133.04,2679697,135375.0,197750.0,3163.0,3163.0,3108.0,3134.3,31926200,3447.7,2820.9,3839.9,2896.0,3150.5,3,1,3150.0,53,2,3149.8,18,1,3149.7,3,1,3149.6,22,2,3150.6,112,5,3150.9,23,1,3151.0,162,4,3151.1,674,5,3151.2,38,1
2031,2026-06-16 14:07:46+05:30,3150.4,37,3133.04,2679697,135375.0,197750.0,3163.0,3163.0,3108.0,3134.3,31926600,3447.7,2820.9,3839.9,2896.0,3150.5,3,1,3150.0,53,2,3149.8,18,1,3149.7,3,1,3149.6,22,2,3150.6,112,5,3150.9,23,1,3151.0,162,4,3151.1,674,5,3151.2,38,1
2031,2026-06-16 14:07:47+05:30,3150.4,1,3133.04,2679927,134077.0,197600.0,3163.0,3163.0,3108.0,3134.3,31926600,3447.7,2820.9,3839.9,2896.0,3150.1,13,3,3150.0,90,6,3149.9,5,1,3149.8,116,6,3149.7,17,3,3150.4,90,1,3150.6,90,5,3151.0,124,3,3151.1,600,3,3151.3,250,1
2031,2026-06-16 14:07:48+05:30,3150.4,5,3133.04,2679927,134077.0,197600.0,3163.0,3163.0,3108.0,3134.3,31926600,3447.7,2820.9,3839.9,2896.0,3150.1,13,3,3150.0,90,6,3149.9,5,1,3149.8,116,6,3149.7,17,3,3150.4,90,1,3150.6,90,5,3151.0,124,3,3151.1,600,3,3151.3,250,1
2031,2026-06-16 14:07:50+05:30,3150.4,23,3133.04,2679927,134077.0,197600.0,3163.0,3163.0,3108.0,3134.3,31926600,3447.7,2820.9,3839.9,2896.0,3150.1,13,3,3150.0,90,6,3149.9,5,1,3149.8,116,6,3149.7,17,3,3150.4,90,1,3150.6,90,5,3151.0,124,3,3151.1,600,3,3151.3,250,1
2031,2026-06-16 14:07:52+05:30,3150.4,5,3133.04,2679927,134077.0,197600.0,3163.0,3163.0,3108.0,3134.3,31926600,3447.7,2820.9,3839.9,2896.0,3150.1,13,3,3150.0,90,6,3149.9,5,1,3149.8,116,6,3149.7,17,3,3150.4,90,1,3150.6,90,5,3151.0,124,3,3151.1,600,3,3151.3,250,1
2031,2026-06-16 14:07:52+05:30,3150.4,5,3133.04,2680025,133737.0,198038.0,3163.0,3163.0,3108.0,3134.3,31926600,3447.7,2820.9,3839.9,2896.0,3150.1,18,1,3150.0,61,7,3149.9,5,1,3149.8,36,4,3149.7,3,1,3150.4,101,3,3150.6,3,2,3150.9,115,1,3151.0,124,3,3151.1,600,3
2031,2026-06-16 14:07:54+05:30,3150.5,1,3133.04,2680025,133737.0,198038.0,3163.0,3163.0,3108.0,3134.3,31926600,3447.7,2820.9,3839.9,2896.0,3150.1,18,1,3150.0,61,7,3149.9,5,1,3149.8,36,4,3149.7,3,1,3150.4,101,3,3150.6,3,2,3150.9,115,1,3151.0,124,3,3151.1,600,3
2031,2026-06-16 14:07:56+05:30,3150.4,32,3133.04,2680025,133737.0,198038.0,3163.0,3163.0,3108.0,3134.3,31926600,3447.7,2820.9,3839.9,2896.0,3150.1,18,1,3150.0,61,7,3149.9,5,1,3149.8,36,4,3149.7,3,1,3150.4,101,3,3150.6,3,2,3150.9,115,1,3151.0,124,3,3151.1,600,3
2031,2026-06-16 14:07:56+05:30,3150.4,32,3133.04,2680224,134165.0,197182.0,3163.0,3163.0,3108.0,3134.3,31926600,3447.7,2820.9,3839.9,2896.0,3150.3,16,1,3150.2,33,3,3150.1,4,1,3150.0,57,4,3149.9,5,1,3150.5,1,1,3151.0,35,2,3151.1,89,1,3151.2,600,3,3151.3,250,1
2031,2026-06-16 14:07:58+05:30,3150.5,9,3133.04,2680224,134165.0,197182.0,3163.0,3163.0,3108.0,3134.3,31926600,3447.7,2820.9,3839.9,2896.0,3150.3,16,1,3150.2,33,3,3150.1,4,1,3150.0,57,4,3149.9,5,1,3150.5,1,1,3151.0,35,2,3151.1,89,1,3151.2,600,3,3151.3,250,1
2031,2026-06-16 14:08:00+05:30,3151.0,1,3133.04,2680224,134165.0,197182.0,3163.0,3163.0,3108.0,3134.3,31926600,3447.7,2820.9,3839.9,2896.0,3150.3,16,1,3150.2,33,3,3150.1,4,1,3150.0,57,4,3149.9,5,1,3150.5,1,1,3151.0,35,2,3151.1,89,1,3151.2,600,3,3151.3,250,1
2031,2026-06-16 14:08:01+05:30,3151.0,1,3133.04,2680258,133530.0,197680.0,3163.0,3163.0,3108.0,3134.3,31926600,3447.7,2820.9,3839.9,2896.0,3150.6,19,3,3150.4,2,2,3150.2,23,3,3150.1,33,2,3150.0,36,3,3150.9,200,1,3151.0,11,3,3151.1,89,1,3151.2,600,3,3151.3,250,1
2031,2026-06-16 14:08:02+05:30,3150.9,154,3133.04,2680258,133530.0,197680.0,3163.0,3163.0,3108.0,3134.3,31926600,3447.7,2820.9,3839.9,2896.0,3150.6,19,3,3150.4,2,2,3150.2,23,3,3150.1,33,2,3150.0,36,3,3150.9,200,1,3151.0,11,3,3151.1,89,1,3151.2,600,3,3151.3,250,1
2031,2026-06-16 14:08:04+05:30,3150.6,10,3133.04,2680258,133530.0,197680.0,3163.0,3163.0,3108.0,3134.3,31926600,3447.7,2820.9,3839.9,2896.0,3150.6,19,3,3150.4,2,2,3150.2,23,3,3150.1,33,2,3150.0,36,3,3150.9,200,1,3151.0,11,3,3151.1,89,1,3151.2,600,3,3151.3,250,1
2031,2026-06-16 14:08:05+05:30,3150.8,1,3133.04,2680542,133126.0,195746.0,3163.0,3163.0,3108.0,3134.3,31926600,3447.7,2820.9,3839.9,2896.0,3150.7,2,2,3150.6,6,2,3150.5,16,1,3150.1,17,1,3150.0,6,2,3150.8,199,1,3150.9,27,3,3151.0,11,3,3151.1,89,1,3151.2,600,3
2031,2026-06-16 14:08:06+05:30,3150.7,1,3133.04,2680542,133126.0,195746.0,3163.0,3163.0,3108.0,3134.3,31926600,3447.7,2820.9,3839.9,2896.0,3150.7,2,2,3150.6,6,2,3150.5,16,1,3150.1,17,1,3150.0,6,2,3150.8,199,1,3150.9,27,3,3151.0,11,3,3151.1,89,1,3151.2,600,3
2031,2026-06-16 14:08:08+05:30,3150.7,50,3133.04,2680542,133126.0,195746.0,3163.0,3163.0,3108.0,3134.3,31926600,3447.7,2820.9,3839.9,2896.0,3150.7,2,2,3150.6,6,2,3150.5,16,1,3150.1,17,1,3150.0,6,2,3150.8,199,1,3150.9,27,3,3151.0,11,3,3151.1,89,1,3151.2,600,3
2031,2026-06-16 14:08:10+05:30,3150.9,22,3133.04,2680542,133126.0,195746.0,3163.0,3163.0,3108.0,3134.3,31926600,3447.7,2820.9,3839.9,2896.0,3150.7,2,2,3150.6,6,2,3150.5,16,1,3150.1,17,1,3150.0,6,2,3150.8,199,1,3150.9,27,3,3151.0,11,3,3151.1,89,1,3151.2,600,3
2031,2026-06-16 14:08:10+05:30,3150.9,22,3133.05,2680776,133923.0,196943.0,3163.0,3163.0,3108.0,3134.3,31926600,3447.7,2820.9,3839.9,2896.0,3150.7,34,4,3150.6,68,3,3150.5,20,2,3150.4,34,5,3150.3,48,2,3150.8,44,1,3150.9,3,1,3151.0,10,2,3151.2,200,1,3151.3,250,1
2031,2026-06-16 14:08:12+05:30,3150.7,116,3133.05,2680776,133923.0,196943.0,3163.0,3163.0,3108.0,3134.3,31926600,3447.7,2820.9,3839.9,2896.0,3150.7,34,4,3150.6,68,3,3150.5,20,2,3150.4,34,5,3150.3,48,2,3150.8,44,1,3150.9,3,1,3151.0,10,2,3151.2,200,1,3151.3,250,1
2031,2026-06-16 14:08:14+05:30,3150.5,6,3133.05,2680776,133923.0,196943.0,3163.0,3163.0,3108.0,3134.3,31926600,3447.7,2820.9,3839.9,2896.0,3150.7,34,4,3150.6,68,3,3150.5,20,2,3150.4,34,5,3150.3,48,2,3150.8,44,1,3150.9,3,1,3151.0,10,2,3151.2,200,1,3151.3,250,1
2031,2026-06-16 14:08:15+05:30,3150.5,6,3133.05,2681060,134006.0,197386.0,3163.0,3163.0,3108.0,3134.3,31926600,3447.7,2820.9,3839.9,2896.0,3150.5,18,2,3150.3,11,1,3150.1,29,3,3150.0,73,7,3149.9,11,3,3150.6,136,1,3150.8,78,3,3151.0,10,2,3151.3,250,1,3151.5,100,1
2031,2026-06-16 14:08:16+05:30,3150.6,1,3133.05,2681060,134006.0,197386.0,3163.0,3163.0,3108.0,3134.3,31926600,3447.7,2820.9,3839.9,2896.0,3150.5,18,2,3150.3,11,1,3150.1,29,3,3150.0,73,7,3149.9,11,3,3150.6,136,1,3150.8,78,3,3151.0,10,2,3151.3,250,1,3151.5,100,1
2031,2026-06-16 14:08:18+05:30,3150.8,24,3133.05,2681060,134006.0,197386.0,3163.0,3163.0,3108.0,3134.3,31926600,3447.7,2820.9,3839.9,2896.0,3150.5,18,2,3150.3,11,1,3150.1,29,3,3150.0,73,7,3149.9,11,3,3150.6,136,1,3150.8,78,3,3151.0,10,2,3151.3,250,1,3151.5,100,1
2031,2026-06-16 14:08:19+05:30,3150.8,24,3133.05,2681230,134217.0,197229.0,3163.0,3163.0,3108.0,3134.3,31926600,3447.7,2820.9,3839.9,2896.0,3150.5,129,8,3150.4,4,2,3150.3,38,3,3150.2,66,4,3150.1,3,2,3150.6,29,1,3150.7,6,2,3150.8,54,3,3151.0,10,2,3151.3,250,1
2031,2026-06-16 14:08:20+05:30,3150.6,1,3133.05,2681232,134173.0,197223.0,3163.0,3163.0,3108.0,3134.3,31926600,3447.7,2820.9,3839.9,2896.0,3150.5,127,6,3150.4,4,2,3150.3,38,3,3150.2,24,3,3150.1,1,1,3150.6,27,1,3150.7,6,2,3150.8,48,2,3151.0,10,2,3151.3,250,1
2031,2026-06-16 14:08:20+05:30,3150.6,1,3133.05,2681232,134173.0,197223.0,3163.0,3163.0,3108.0,3134.3,31926600,3447.7,2820.9,3839.9,2896.0,3150.5,127,6,3150.4,4,2,3150.3,38,3,3150.2,24,3,3150.1,1,1,3150.6,27,1,3150.7,6,2,3150.8,48,2,3151.0,10,2,3151.3,250,1
2031,2026-06-16 14:08:21+05:30,3150.6,1,3133.05,2681232,134253.0,197228.0,3163.0,3163.0,3108.0,3134.3,31926600,3447.7,2820.9,3839.9,2896.0,3150.5,179,8,3150.4,4,2,3150.3,24,2,3150.2,66,4,3150.1,1,1,3150.6,27,1,3150.7,6,2,3150.8,48,2,3151.0,10,2,3151.3,250,1
2031,2026-06-16 14:08:22+05:30,3150.6,18,3133.05,2681256,133923.0,197614.0,3163.0,3163.0,3108.0,3134.3,31926600,3447.7,2820.9,3839.9,2896.0,3150.5,174,6,3150.4,11,1,3150.3,3,1,3150.2,24,3,3150.1,17,3,3150.6,3,1,3150.7,206,3,3150.8,48,2,3151.0,10,2,3151.2,89,1
2031,2026-06-16 14:08:22+05:30,3150.6,18,3133.05,2681256,133923.0,197614.0,3163.0,3163.0,3108.0,3134.3,31926600,3447.7,2820.9,3839.9,2896.0,3150.5,174,6,3150.4,11,1,3150.3,3,1,3150.2,24,3,3150.1,17,3,3150.6,3,1,3150.7,206,3,3150.8,48,2,3151.0,10,2,3151.2,89,1
2031,2026-06-16 14:08:23+05:30,3150.6,18,3133.05,2681256,133909.0,197645.0,3163.0,3163.0,3108.0,3134.3,31926600,3447.7,2820.9,3839.9,2896.0,3150.5,170,5,3150.4,11,1,3150.2,8,1,3150.1,6,2,3150.0,91,9,3150.6,55,3,3150.7,206,3,3150.8,14,1,3151.0,10,2,3151.2,89,1
2031,2026-06-16 14:08:24+05:30,3150.6,34,3133.05,2681311,134081.0,197566.0,3163.0,3163.0,3108.0,3134.3,31926600,3447.7,2820.9,3839.9,2896.0,3150.6,16,1,3150.5,153,4,3150.4,11,1,3150.2,8,1,3150.1,1,1,3150.7,206,3,3150.8,14,1,3151.0,10,2,3151.2,89,1,3151.3,850,4
2031,2026-06-16 14:08:25+05:30,3150.7,167,3133.05,2681311,134081.0,197566.0,3163.0,3163.0,3108.0,3134.3,31926600,3447.7,2820.9,3839.9,2896.0,3150.6,16,1,3150.5,153,4,3150.4,11,1,3150.2,8,1,3150.1,1,1,3150.7,206,3,3150.8,14,1,3151.0,10,2,3151.2,89,1,3151.3,850,4
2031,2026-06-16 14:08:25+05:30,3150.5,42,3133.05,2681527,134091.0,196731.0,3163.0,3163.0,3108.0,3134.3,31926600,3447.7,2820.9,3839.9,2896.0,3150.5,115,5,3150.2,10,2,3150.1,38,2,3150.0,91,9,3149.9,255,6,3150.7,34,2,3150.8,14,1,3151.0,10,2,3151.3,250,1,3151.5,100,1
2031,2026-06-16 14:08:26+05:30,3150.8,1,3133.05,2681527,134091.0,196731.0,3163.0,3163.0,3108.0,3134.3,31926600,3447.7,2820.9,3839.9,2896.0,3150.5,115,5,3150.2,10,2,3150.1,38,2,3150.0,91,9,3149.9,255,6,3150.7,34,2,3150.8,14,1,3151.0,10,2,3151.3,250,1,3151.5,100,1
2031,2026-06-16 14:08:26+05:30,3150.5,6,3133.05,2681573,134117.0,197076.0,3163.0,3163.0,3108.0,3134.3,31926600,3447.7,2820.9,3839.9,2896.0,3150.5,83,4,3150.4,11,1,3150.3,42,1,3150.2,22,3,3150.1,62,3,3150.8,8,1,3151.0,10,2,3151.3,250,1,3151.5,100,1,3151.7,200,1
2031,2026-06-16 14:08:26+05:30,3150.5,6,3133.05,2681573,134117.0,197076.0,3163.0,3163.0,3108.0,3134.3,31926600,3447.7,2820.9,3839.9,2896.0,3150.5,83,4,3150.4,11,1,3150.3,42,1,3150.2,22,3,3150.1,62,3,3150.8,8,1,3151.0,10,2,3151.3,250,1,3151.5,100,1,3151.7,200,1
2031,2026-06-16 14:08:27+05:30,3150.5,100,3133.05,2681757,133683.0,197391.0,3163.0,3163.0,3108.0,3134.3,31926600,3447.7,2820.9,3839.9,2896.0,3150.5,14,1,3150.2,11,1,3150.1,23,3,3150.0,65,6,3149.9,194,4,3151.0,10,2,3151.3,250,1,3151.4,5,1,3151.5,132,2,3151.6,238,2
2031,2026-06-16 14:08:27+05:30,3150.5,100,3133.05,2681757,133683.0,197391.0,3163.0,3163.0,3108.0,3134.3,31926600,3447.7,2820.9,3839.9,2896.0,3150.5,14,1,3150.2,11,1,3150.1,23,3,3150.0,65,6,3149.9,194,4,3151.0,10,2,3151.3,250,1,3151.4,5,1,3151.5,132,2,3151.6,238,2
2031,2026-06-16 14:08:28+05:30,3150.5,100,3133.05,2681757,133915.0,197445.0,3163.0,3163.0,3108.0,3134.3,31926600,3447.7,2820.9,3839.9,2896.0,3150.5,29,2,3150.1,64,2,3150.0,77,7,3149.9,50,4,3149.8,318,7,3151.0,23,4,3151.3,250,1,3151.5,132,2,3151.6,38,1,3151.7,224,2
2031,2026-06-16 14:08:28+05:30,3150.5,100,3133.05,2681757,133915.0,197445.0,3163.0,3163.0,3108.0,3134.3,31926600,3447.7,2820.9,3839.9,2896.0,3150.5,29,2,3150.1,64,2,3150.0,77,7,3149.9,50,4,3149.8,318,7,3151.0,23,4,3151.3,250,1,3151.5,132,2,3151.6,38,1,3151.7,224,2
2031,2026-06-16 14:08:29+05:30,3151.0,21,3133.05,2681801,134243.0,197244.0,3163.0,3163.0,3108.0,3134.3,31926600,3447.7,2820.9,3839.9,2896.0,3150.5,29,2,3150.1,219,4,3150.0,302,8,3149.9,89,4,3149.8,118,6,3151.0,21,2,3151.1,81,1,3151.3,250,1,3151.5,157,2,3151.6,300,3
2031,2026-06-16 14:08:29+05:30,3151.0,21,3133.05,2681801,134243.0,197244.0,3163.0,3163.0,3108.0,3134.3,31926600,3447.7,2820.9,3839.9,2896.0,3150.5,29,2,3150.1,219,4,3150.0,302,8,3149.9,89,4,3149.8,118,6,3151.0,21,2,3151.1,81,1,3151.3,250,1,3151.5,157,2,3151.6,300,3
2031,2026-06-16 14:08:30+05:30,3151.0,21,3133.05,2681801,134176.0,195283.0,3163.0,3163.0,3108.0,3134.3,31926600,3447.7,2820.9,3839.9,2896.0,3150.5,29,2,3150.1,208,3,3150.0,71,7,3149.9,89,4,3149.8,318,7,3151.0,24,3,3151.1,81,1,3151.3,250,1,3151.5,157,2,3151.6,300,3
2031,2026-06-16 14:08:30+05:30,3151.0,21,3133.05,2681801,134176.0,195283.0,3163.0,3163.0,3108.0,3134.3,31926600,3447.7,2820.9,3839.9,2896.0,3150.5,29,2,3150.1,208,3,3150.0,71,7,3149.9,89,4,3149.8,318,7,3151.0,24,3,3151.1,81,1,3151.3,250,1,3151.5,157,2,3151.6,300,3
2031,2026-06-16 14:08:31+05:30,3150.5,6,3133.05,2681816,134179.0,195196.0,3163.0,3163.0,3108.0,3134.3,31926600,3447.7,2820.9,3839.9,2896.0,3150.5,24,3,3150.2,43,2,3150.1,208,3,3150.0,72,8,3149.9,103,6,3151.0,19,3,3151.1,81,1,3151.3,250,1,3151.5,157,2,3151.6,262,2
2031,2026-06-16 14:08:31+05:30,3150.5,6,3133.05,2681816,134179.0,195196.0,3163.0,3163.0,3108.0,3134.3,31926600,3447.7,2820.9,3839.9,2896.0,3150.5,24,3,3150.2,43,2,3150.1,208,3,3150.0,72,8,3149.9,103,6,3151.0,19,3,3151.1,81,1,3151.3,250,1,3151.5,157,2,3151.6,262,2
2031,2026-06-16 14:08:32+05:30,3151.0,1,3133.05,2681817,134257.0,195129.0,3163.0,3163.0,3108.0,3134.3,31926600,3447.7,2820.9,3839.9,2896.0,3150.6,15,1,3150.5,11,3,3150.3,19,2,3150.2,38,2,3150.1,33,3,3151.0,18,3,3151.1,81,1,3151.3,250,1,3151.5,100,1,3151.6,200,1
2031,2026-06-16 14:08:32+05:30,3151.0,1,3133.05,2681817,134257.0,195129.0,3163.0,3163.0,3108.0,3134.3,31926600,3447.7,2820.9,3839.9,2896.0,3150.6,15,1,3150.5,11,3,3150.3,19,2,3150.2,38,2,3150.1,33,3,3151.0,18,3,3151.1,81,1,3151.3,250,1,3151.5,100,1,3151.6,200,1
2031,2026-06-16 14:08:32+05:30,3151.0,1,3133.05,2681817,134257.0,195129.0,3163.0,3163.0,3108.0,3134.3,31926600,3447.7,2820.9,3839.9,2896.0,3150.6,15,1,3150.5,11,3,3150.3,19,2,3150.2,38,2,3150.1,33,3,3151.0,18,3,3151.1,81,1,3151.3,250,1,3151.5,100,1,3151.6,200,1
2031,2026-06-16 14:08:33+05:30,3151.0,1,3133.05,2681818,134248.0,195251.0,3163.0,3163.0,3108.0,3134.3,31926600,3447.7,2820.9,3839.9,2896.0,3150.6,15,1,3150.5,11,3,3150.4,12,1,3150.3,7,1,3150.2,71,4,3151.0,17,3,3151.1,81,1,3151.3,250,1,3151.5,300,2,3151.7,95,2
2031,2026-06-16 14:08:33+05:30,3151.0,1,3133.05,2681818,134248.0,195251.0,3163.0,3163.0,3108.0,3134.3,31926600,3447.7,2820.9,3839.9,2896.0,3150.6,15,1,3150.5,11,3,3150.4,12,1,3150.3,7,1,3150.2,71,4,3151.0,17,3,3151.1,81,1,3151.3,250,1,3151.5,300,2,3151.7,95,2
2031,2026-06-16 14:08:34+05:30,3150.6,141,3133.05,2681960,133900.0,195702.0,3163.0,3163.0,3108.0,3134.3,31926600,3447.7,2820.9,3839.9,2896.0,3150.5,28,5,3150.2,33,1,3150.1,1,1,3150.0,35,7,3149.9,30,3,3150.6,59,1,3150.7,200,1,3150.8,1,1,3151.0,17,3,3151.1,81,1
2031,2026-06-16 14:08:34+05:30,3150.6,141,3133.05,2681960,133900.0,195702.0,3163.0,3163.0,3108.0,3134.3,31926600,3447.7,2820.9,3839.9,2896.0,3150.5,28,5,3150.2,33,1,3150.1,1,1,3150.0,35,7,3149.9,30,3,3150.6,59,1,3150.7,200,1,3150.8,1,1,3151.0,17,3,3151.1,81,1
2031,2026-06-16 14:08:35+05:30,3150.6,141,3133.05,2681960,133900.0,195702.0,3163.0,3163.0,3108.0,3134.3,31926600,3447.7,2820.9,3839.9,2896.0,3150.5,28,5,3150.2,33,1,3150.1,1,1,3150.0,35,7,3149.9,30,3,3150.6,59,1,3150.7,200,1,3150.8,1,1,3151.0,17,3,3151.1,81,1
2031,2026-06-16 14:08:35+05:30,3150.6,1,3133.05,2681963,134007.0,195659.0,3163.0,3163.0,3108.0,3134.3,31926600,3447.7,2820.9,3839.9,2896.0,3150.5,26,5,3150.2,33,1,3150.1,1,1,3150.0,35,7,3149.9,30,3,3150.6,70,3,3150.7,200,1,3151.0,19,3,3151.1,38,1,3151.2,89,1
2031,2026-06-16 14:08:35+05:30,3150.6,1,3133.05,2681963,134007.0,195659.0,3163.0,3163.0,3108.0,3134.3,31926600,3447.7,2820.9,3839.9,2896.0,3150.5,26,5,3150.2,33,1,3150.1,1,1,3150.0,35,7,3149.9,30,3,3150.6,70,3,3150.7,200,1,3151.0,19,3,3151.1,38,1,3151.2,89,1
2031,2026-06-16 14:08:36+05:30,3150.6,1,3133.05,2682048,134210.0,195705.0,3163.0,3163.0,3108.0,3134.3,31926600,3447.7,2820.9,3839.9,2896.0,3150.5,10,4,3150.2,33,1,3150.1,1,1,3150.0,35,7,3149.9,30,3,3150.9,200,1,3151.0,19,3,3151.1,72,2,3151.2,120,2,3151.3,918,6
2031,2026-06-16 14:08:36+05:30,3150.6,1,3133.05,2682048,134210.0,195705.0,3163.0,3163.0,3108.0,3134.3,31926600,3447.7,2820.9,3839.9,2896.0,3150.5,10,4,3150.2,33,1,3150.1,1,1,3150.0,35,7,3149.9,30,3,3150.9,200,1,3151.0,19,3,3151.1,72,2,3151.2,120,2,3151.3,918,6
2031,2026-06-16 14:08:36+05:30,3150.6,1,3133.05,2682048,134210.0,195705.0,3163.0,3163.0,3108.0,3134.3,31926600,3447.7,2820.9,3839.9,2896.0,3150.5,10,4,3150.2,33,1,3150.1,1,1,3150.0,35,7,3149.9,30,3,3150.9,200,1,3151.0,19,3,3151.1,72,2,3151.2,120,2,3151.3,918,6
2031,2026-06-16 14:08:37+05:30,3150.7,1,3133.05,2682081,134230.0,195606.0,3163.0,3163.0,3108.0,3134.3,31926600,3447.7,2820.9,3839.9,2896.0,3150.5,33,4,3150.2,33,1,3150.1,1,1,3150.0,29,6,3149.9,30,3,3150.7,177,1,3150.8,10,1,3151.0,19,3,3151.1,123,2,3151.2,600,3
2031,2026-06-16 14:08:37+05:30,3150.7,1,3133.05,2682081,134230.0,195606.0,3163.0,3163.0,3108.0,3134.3,31926600,3447.7,2820.9,3839.9,2896.0,3150.5,33,4,3150.2,33,1,3150.1,1,1,3150.0,29,6,3149.9,30,3,3150.7,177,1,3150.8,10,1,3151.0,19,3,3151.1,123,2,3151.2,600,3
2031,2026-06-16 14:08:38+05:30,3150.7,1,3133.05,2682081,134230.0,195623.0,3163.0,3163.0,3108.0,3134.3,31926600,3447.7,2820.9,3839.9,2896.0,3150.5,33,4,3150.2,33,1,3150.1,1,1,3150.0,29,6,3149.9,30,3,3150.6,178,2,3150.8,10,1,3151.0,18,2,3151.1,123,2,3151.2,638,4
2031,2026-06-16 14:08:38+05:30,3150.7,1,3133.05,2682081,134230.0,195623.0,3163.0,3163.0,3108.0,3134.3,31926600,3447.7,2820.9,3839.9,2896.0,3150.5,33,4,3150.2,33,1,3150.1,1,1,3150.0,29,6,3149.9,30,3,3150.6,178,2,3150.8,10,1,3151.0,18,2,3151.1,123,2,3151.2,638,4
2031,2026-06-16 14:08:38+05:30,3150.6,1,3133.05,2682095,134018.0,195669.0,3163.0,3163.0,3108.0,3134.3,31926600,3447.7,2820.9,3839.9,2896.0,3150.5,20,4,3150.2,33,1,3150.1,1,1,3150.0,29,6,3149.9,30,3,3150.7,177,1,3150.8,10,1,3150.9,61,2,3151.0,18,2,3151.1,123,2
2031,2026-06-16 14:08:39+05:30,3150.7,1,3133.05,2682095,134018.0,195669.0,3163.0,3163.0,3108.0,3134.3,31926600,3447.7,2820.9,3839.9,2896.0,3150.5,20,4,3150.2,33,1,3150.1,1,1,3150.0,29,6,3149.9,30,3,3150.7,177,1,3150.8,10,1,3150.9,61,2,3151.0,18,2,3151.1,123,2
2031,2026-06-16 14:08:39+05:30,3150.7,1,3133.05,2682095,134018.0,195669.0,3163.0,3163.0,3108.0,3134.3,31926600,3447.7,2820.9,3839.9,2896.0,3150.5,20,4,3150.2,33,1,3150.1,1,1,3150.0,29,6,3149.9,30,3,3150.7,177,1,3150.8,10,1,3150.9,61,2,3151.0,18,2,3151.1,123,2
2031,2026-06-16 14:08:39+05:30,3150.7,1,3133.05,2682106,134222.0,195667.0,3163.0,3163.0,3108.0,3134.3,31926600,3447.7,2820.9,3839.9,2896.0,3150.5,20,4,3150.2,33,1,3150.1,1,1,3150.0,29,6,3149.9,30,3,3150.7,166,1,3150.8,10,1,3150.9,61,2,3151.0,18,2,3151.1,154,3
2031,2026-06-16 14:08:39+05:30,3150.7,1,3133.05,2682106,134222.0,195667.0,3163.0,3163.0,3108.0,3134.3,31926600,3447.7,2820.9,3839.9,2896.0,3150.5,20,4,3150.2,33,1,3150.1,1,1,3150.0,29,6,3149.9,30,3,3150.7,166,1,3150.8,10,1,3150.9,61,2,3151.0,18,2,3151.1,154,3
2031,2026-06-16 14:08:40+05:30,3150.7,1,3133.05,2682106,134222.0,195667.0,3163.0,3163.0,3108.0,3134.3,31926600,3447.7,2820.9,3839.9,2896.0,3150.5,20,4,3150.2,33,1,3150.1,1,1,3150.0,29,6,3149.9,30,3,3150.7,166,1,3150.8,10,1,3150.9,61,2,3151.0,18,2,3151.1,154,3
2031,2026-06-16 14:08:40+05:30,3150.7,13,3133.06,2682285,134137.0,195760.0,3163.0,3163.0,3108.0,3134.3,31926600,3447.7,2820.9,3839.9,2896.0,3150.5,3,2,3150.2,33,1,3150.1,1,1,3150.0,29,6,3149.9,7,1,3150.7,187,1,3150.8,10,1,3150.9,61,2,3151.0,18,2,3151.1,65,2
2031,2026-06-16 14:08:41+05:30,3150.7,13,3133.06,2682285,134137.0,195760.0,3163.0,3163.0,3108.0,3134.3,31926600,3447.7,2820.9,3839.9,2896.0,3150.5,3,2,3150.2,33,1,3150.1,1,1,3150.0,29,6,3149.9,7,1,3150.7,187,1,3150.8,10,1,3150.9,61,2,3151.0,18,2,3151.1,65,2
2031,2026-06-16 14:08:41+05:30,3150.7,13,3133.06,2682285,134137.0,195760.0,3163.0,3163.0,3108.0,3134.3,31926600,3447.7,2820.9,3839.9,2896.0,3150.5,3,2,3150.2,33,1,3150.1,1,1,3150.0,29,6,3149.9,7,1,3150.7,187,1,3150.8,10,1,3150.9,61,2,3151.0,18,2,3151.1,65,2
2031,2026-06-16 14:08:42+05:30,3150.7,20,3133.06,2682314,134212.0,195727.0,3163.0,3163.0,3108.0,3134.3,31926600,3447.7,2820.9,3839.9,2896.0,3150.5,1,1,3150.2,33,1,3150.1,1,1,3150.0,29,6,3149.9,25,2,3150.7,158,1,3150.8,10,1,3150.9,61,2,3151.0,18,2,3151.1,65,2
2031,2026-06-16 14:08:42+05:30,3150.7,20,3133.06,2682314,134212.0,195727.0,3163.0,3163.0,3108.0,3134.3,31926600,3447.7,2820.9,3839.9,2896.0,3150.5,1,1,3150.2,33,1,3150.1,1,1,3150.0,29,6,3149.9,25,2,3150.7,158,1,3150.8,10,1,3150.9,61,2,3151.0,18,2,3151.1,65,2
2031,2026-06-16 14:08:42+05:30,3150.7,20,3133.06,2682314,134212.0,195727.0,3163.0,3163.0,3108.0,3134.3,31926600,3447.7,2820.9,3839.9,2896.0,3150.5,1,1,3150.2,33,1,3150.1,1,1,3150.0,29,6,3149.9,25,2,3150.7,158,1,3150.8,10,1,3150.9,61,2,3151.0,18,2,3151.1,65,2
2031,2026-06-16 14:08:42+05:30,3150.7,1,3133.06,2682315,134201.0,195551.0,3163.0,3163.0,3108.0,3134.3,31926600,3447.7,2820.9,3839.9,2896.0,3150.5,1,1,3150.2,33,1,3150.1,1,1,3150.0,29,6,3149.8,8,1,3150.7,182,2,3150.8,10,1,3150.9,61,2,3151.0,18,2,3151.1,65,2
2031,2026-06-16 14:08:42+05:30,3150.7,1,3133.06,2682315,134201.0,195551.0,3163.0,3163.0,3108.0,3134.3,31926600,3447.7,2820.9,3839.9,2896.0,3150.5,1,1,3150.2,33,1,3150.1,1,1,3150.0,29,6,3149.8,8,1,3150.7,182,2,3150.8,10,1,3150.9,61,2,3151.0,18,2,3151.1,65,2
2031,2026-06-16 14:08:43+05:30,3150.7,1,3133.06,2682315,134201.0,195551.0,3163.0,3163.0,3108.0,3134.3,31926600,3447.7,2820.9,3839.9,2896.0,3150.5,1,1,3150.2,33,1,3150.1,1,1,3150.0,29,6,3149.8,8,1,3150.7,182,2,3150.8,10,1,3150.9,61,2,3151.0,18,2,3151.1,65,2
2031,2026-06-16 14:08:43+05:30,3150.7,1,3133.06,2682315,134201.0,195551.0,3163.0,3163.0,3108.0,3134.3,31926600,3447.7,2820.9,3839.9,2896.0,3150.5,1,1,3150.2,33,1,3150.1,1,1,3150.0,29,6,3149.8,8,1,3150.7,182,2,3150.8,10,1,3150.9,61,2,3151.0,18,2,3151.1,65,2
2031,2026-06-16 14:08:43+05:30,3150.7,1,3133.06,2682315,134229.0,195396.0,3163.0,3163.0,3108.0,3134.3,31926600,3447.7,2820.9,3839.9,2896.0,3150.5,18,2,3150.2,33,1,3150.1,1,1,3150.0,29,6,3149.8,170,2,3150.7,182,2,3150.8,10,1,3151.0,18,2,3151.2,89,1,3151.3,850,4
2031,2026-06-16 14:08:44+05:30,3150.7,1,3133.06,2682315,134229.0,195396.0,3163.0,3163.0,3108.0,3134.3,31926600,3447.7,2820.9,3839.9,2896.0,3150.5,18,2,3150.2,33,1,3150.1,1,1,3150.0,29,6,3149.8,170,2,3150.7,182,2,3150.8,10,1,3151.0,18,2,3151.2,89,1,3151.3,850,4
2031,2026-06-16 14:08:44+05:30,3150.7,1,3133.06,2682315,134194.0,195436.0,3163.0,3163.0,3108.0,3134.3,31926600,3447.7,2820.9,3839.9,2896.0,3150.5,18,2,3150.2,33,1,3150.1,1,1,3150.0,29,6,3149.8,170,2,3150.7,217,3,3150.8,10,1,3151.0,18,2,3151.2,89,1,3151.3,850,4
2031,2026-06-16 14:08:45+05:30,3150.7,1,3133.06,2682315,134194.0,195436.0,3163.0,3163.0,3108.0,3134.3,31926600,3447.7,2820.9,3839.9,2896.0,3150.5,18,2,3150.2,33,1,3150.1,1,1,3150.0,29,6,3149.8,170,2,3150.7,217,3,3150.8,10,1,3151.0,18,2,3151.2,89,1,3151.3,850,4
2031,2026-06-16 14:08:45+05:30,3150.5,15,3133.06,2682356,133816.0,195850.0,3163.0,3163.0,3108.0,3134.3,31926600,3447.7,2820.9,3839.9,2896.0,3150.6,2,2,3150.5,3,2,3150.2,33,1,3150.1,1,1,3150.0,29,6,3150.7,216,3,3150.8,10,1,3151.0,2,1,3151.2,221,5,3151.3,850,4
2031,2026-06-16 14:08:46+05:30,3150.5,8,3133.06,2682356,133816.0,195850.0,3163.0,3163.0,3108.0,3134.3,31926600,3447.7,2820.9,3839.9,2896.0,3150.6,2,2,3150.5,3,2,3150.2,33,1,3150.1,1,1,3150.0,29,6,3150.7,216,3,3150.8,10,1,3151.0,2,1,3151.2,221,5,3151.3,850,4
2031,2026-06-16 14:08:46+05:30,3150.5,8,3133.06,2682356,133816.0,195850.0,3163.0,3163.0,3108.0,3134.3,31926000,3447.7,2820.9,3839.9,2896.0,3150.6,2,2,3150.5,3,2,3150.2,33,1,3150.1,1,1,3150.0,29,6,3150.7,216,3,3150.8,10,1,3151.0,2,1,3151.2,221,5,3151.3,850,4
2031,2026-06-16 14:08:46+05:30,3150.5,9,3133.06,2682399,134028.0,196016.0,3163.0,3163.0,3108.0,3134.3,31926000,3447.7,2820.9,3839.9,2896.0,3150.5,18,2,3150.2,33,1,3150.1,1,1,3150.0,29,6,3149.8,8,1,3150.7,218,4,3150.8,10,1,3151.0,2,1,3151.1,28,1,3151.2,183,4
2031,2026-06-16 14:08:47+05:30,3150.5,9,3133.06,2682399,134028.0,196016.0,3163.0,3163.0,3108.0,3134.3,31926000,3447.7,2820.9,3839.9,2896.0,3150.5,18,2,3150.2,33,1,3150.1,1,1,3150.0,29,6,3149.8,8,1,3150.7,218,4,3150.8,10,1,3151.0,2,1,3151.1,28,1,3151.2,183,4
2031,2026-06-16 14:08:47+05:30,3150.7,1,3133.06,2682409,134023.0,195962.0,3163.0,3163.0,3108.0,3134.3,31926000,3447.7,2820.9,3839.9,2896.0,3150.5,18,2,3150.2,33,1,3150.1,1,1,3150.0,29,6,3149.8,8,1,3150.7,208,4,3150.8,10,1,3151.0,2,1,3151.1,28,1,3151.2,153,3
2031,2026-06-16 14:08:48+05:30,3150.7,1,3133.06,2682409,134023.0,195962.0,3163.0,3163.0,3108.0,3134.3,31926000,3447.7,2820.9,3839.9,2896.0,3150.5,18,2,3150.2,33,1,3150.1,1,1,3150.0,29,6,3149.8,8,1,3150.7,208,4,3150.8,10,1,3151.0,2,1,3151.1,28,1,3151.2,153,3
2031,2026-06-16 14:08:49+05:30,3150.7,1,3133.06,2682410,134112.0,195959.0,3163.0,3163.0,3108.0,3134.3,31926000,3447.7,2820.9,3839.9,2896.0,3150.5,62,4,3150.2,33,1,3150.1,13,2,3150.0,29,6,3149.9,54,2,3150.7,207,4,3150.8,10,1,3151.0,2,1,3151.1,29,2,3151.2,114,2
2031,2026-06-16 14:08:49+05:30,3150.7,1,3133.06,2682410,134112.0,195959.0,3163.0,3163.0,3108.0,3134.3,31926000,3447.7,2820.9,3839.9,2896.0,3150.5,62,4,3150.2,33,1,3150.1,13,2,3150.0,29,6,3149.9,54,2,3150.7,207,4,3150.8,10,1,3151.0,2,1,3151.1,29,2,3151.2,114,2
2031,2026-06-16 14:08:50+05:30,3150.5,1,3133.06,2682510,134111.0,195959.0,3163.0,3163.0,3108.0,3134.3,31926000,3447.7,2820.9,3839.9,2896.0,3150.5,35,4,3150.2,33,1,3150.1,1,1,3150.0,41,7,3149.9,54,2,3150.7,207,4,3150.8,10,1,3151.0,2,1,3151.1,29,2,3151.2,114,2
2031,2026-06-16 14:08:50+05:30,3150.5,1,3133.06,2682510,134111.0,195959.0,3163.0,3163.0,3108.0,3134.3,31926000,3447.7,2820.9,3839.9,2896.0,3150.5,35,4,3150.2,33,1,3150.1,1,1,3150.0,41,7,3149.9,54,2,3150.7,207,4,3150.8,10,1,3151.0,2,1,3151.1,29,2,3151.2,114,2
2031,2026-06-16 14:08:50+05:30,3150.5,1,3133.06,2682510,134100.0,196012.0,3163.0,3163.0,3108.0,3134.3,31926000,3447.7,2820.9,3839.9,2896.0,3150.5,35,4,3150.2,33,1,3150.1,13,2,3150.0,29,6,3149.9,54,2,3150.7,236,5,3150.8,10,1,3151.0,2,1,3151.1,29,2,3151.2,114,2
2031,2026-06-16 14:08:51+05:30,3150.5,1,3133.06,2682510,134108.0,195999.0,3163.0,3163.0,3108.0,3134.3,31926000,3447.7,2820.9,3839.9,2896.0,3150.5,37,5,3150.2,33,1,3150.1,1,1,3150.0,29,6,3149.9,54,2,3150.7,246,6,3150.8,10,1,3151.0,2,1,3151.1,29,2,3151.2,114,2
2031,2026-06-16 14:08:52+05:30,3150.7,2,3133.06,2682510,134108.0,195999.0,3163.0,3163.0,3108.0,3134.3,31926000,3447.7,2820.9,3839.9,2896.0,3150.5,37,5,3150.2,33,1,3150.1,1,1,3150.0,29,6,3149.9,54,2,3150.7,246,6,3150.8,10,1,3151.0,2,1,3151.1,29,2,3151.2,114,2
2031,2026-06-16 14:08:52+05:30,3150.7,10,3133.06,2682523,134121.0,195904.0,3163.0,3163.0,3108.0,3134.3,31926000,3447.7,2820.9,3839.9,2896.0,3150.5,36,4,3150.2,33,1,3150.1,17,2,3150.0,41,7,3149.9,54,2,3150.7,233,6,3150.8,10,1,3151.0,2,1,3151.1,1,1,3151.2,89,1
2031,2026-06-16 14:08:53+05:30,3150.7,1,3133.06,2682523,134121.0,195904.0,3163.0,3163.0,3108.0,3134.3,31926000,3447.7,2820.9,3839.9,2896.0,3150.5,36,4,3150.2,33,1,3150.1,17,2,3150.0,41,7,3149.9,54,2,3150.7,233,6,3150.8,10,1,3151.0,2,1,3151.1,1,1,3151.2,89,1
2031,2026-06-16 14:08:53+05:30,3150.0,1,3133.06,2682844,133273.0,198204.0,3163.0,3163.0,3108.0,3134.3,31926000,3447.7,2820.9,3839.9,2896.0,3150.0,12,4,3149.6,12,1,3149.5,22,1,3149.4,40,5,3149.3,20,1,3150.5,2000,1,3150.6,30,1,3150.7,232,6,3150.8,10,1,3151.0,111,4
2031,2026-06-16 14:08:54+05:30,3150.0,1,3133.06,2682844,133273.0,198204.0,3163.0,3163.0,3108.0,3134.3,31926000,3447.7,2820.9,3839.9,2896.0,3150.0,12,4,3149.6,12,1,3149.5,22,1,3149.4,40,5,3149.3,20,1,3150.5,2000,1,3150.6,30,1,3150.7,232,6,3150.8,10,1,3151.0,111,4
2031,2026-06-16 14:08:54+05:30,3150.0,1,3133.06,2682844,133288.0,198008.0,3163.0,3163.0,3108.0,3134.3,31926000,3447.7,2820.9,3839.9,2896.0,3150.0,13,5,3149.4,180,3,3149.3,20,1,3149.2,57,5,3149.1,62,4,3150.5,2025,2,3150.6,30,1,3150.7,207,5,3150.8,10,1,3150.9,50,1
2031,2026-06-16 14:08:55+05:30,3150.0,1,3133.06,2682844,133403.0,198269.0,3163.0,3163.0,3108.0,3134.3,31926000,3447.7,2820.9,3839.9,2896.0,3150.0,13,5,3149.4,11,1,3149.3,20,1,3149.2,37,4,3149.1,65,5,3150.5,2116,6,3150.6,194,3,3150.7,79,4,3150.8,59,3,3150.9,50,1
2031,2026-06-16 14:08:56+05:30,3150.0,4,3133.06,2682880,133412.0,198368.0,3163.0,3163.0,3108.0,3134.3,31926000,3447.7,2820.9,3839.9,2896.0,3150.0,8,3,3149.4,164,1,3149.3,60,2,3149.2,22,2,3149.1,65,5,3150.5,2117,7,3150.6,232,4,3150.7,41,3,3150.8,97,4,3150.9,50,1
2031,2026-06-16 14:08:57+05:30,3150.0,4,3133.06,2682880,133412.0,198368.0,3163.0,3163.0,3108.0,3134.3,31926000,3447.7,2820.9,3839.9,2896.0,3150.0,8,3,3149.4,164,1,3149.3,60,2,3149.2,22,2,3149.1,65,5,3150.5,2117,7,3150.6,232,4,3150.7,41,3,3150.8,97,4,3150.9,50,1
2031,2026-06-16 14:08:57+05:30,3150.0,4,3133.06,2682880,134063.0,198345.0,3163.0,3163.0,3108.0,3134.3,31926000,3447.7,2820.9,3839.9,2896.0,3150.0,8,3,3149.8,15,1,3149.4,164,1,3149.3,60,2,3149.2,34,3,3150.5,2117,7,3150.6,194,3,3150.7,41,3,3150.8,77,3,3150.9,50,1
2031,2026-06-16 14:08:58+05:30,3150.0,1,3133.06,2682891,133850.0,198458.0,3163.0,3163.0,3108.0,3134.3,31926000,3447.7,2820.9,3839.9,2896.0,3150.0,11,3,3149.8,15,1,3149.4,155,1,3149.3,60,2,3149.2,2,1,3150.5,2144,8,3150.6,232,4,3150.7,41,3,3150.8,97,4,3150.9,50,1
2031,2026-06-16 14:08:59+05:30,3150.0,1,3133.06,2682891,133850.0,198458.0,3163.0,3163.0,3108.0,3134.3,31926000,3447.7,2820.9,3839.9,2896.0,3150.0,11,3,3149.8,15,1,3149.4,155,1,3149.3,60,2,3149.2,2,1,3150.5,2144,8,3150.6,232,4,3150.7,41,3,3150.8,97,4,3150.9,50,1
2031,2026-06-16 14:08:59+05:30,3149.8,23,3133.06,2682961,133419.0,198358.0,3163.0,3163.0,3108.0,3134.3,31926000,3447.7,2820.9,3839.9,2896.0,3149.8,15,1,3149.3,20,1,3149.2,181,2,3149.1,52,4,3149.0,39,3,3150.3,11,1,3150.4,137,6,3150.5,2115,7,3150.6,231,4,3150.7,32,3
2031,2026-06-16 14:09:00+05:30,3149.8,23,3133.06,2682961,133419.0,198358.0,3163.0,3163.0,3108.0,3134.3,31926000,3447.7,2820.9,3839.9,2896.0,3149.8,15,1,3149.3,20,1,3149.2,181,2,3149.1,52,4,3149.0,39,3,3150.3,11,1,3150.4,137,6,3150.5,2115,7,3150.6,231,4,3150.7,32,3
2031,2026-06-16 14:09:00+05:30,3150.3,17,3133.06,2682989,134266.0,198341.0,3163.0,3163.0,3108.0,3134.3,31926000,3447.7,2820.9,3839.9,2896.0,3150.1,17,3,3150.0,11,3,3149.8,1,1,3149.5,179,2,3149.4,63,1,3150.3,1,1,3150.4,37,2,3150.5,2246,8,3150.7,13,3,3150.8,39,2
2031,2026-06-16 14:09:01+05:30,3150.3,17,3133.06,2682989,134266.0,198341.0,3163.0,3163.0,3108.0,3134.3,31926000,3447.7,2820.9,3839.9,2896.0,3150.1,17,3,3150.0,11,3,3149.8,1,1,3149.5,179,2,3149.4,63,1,3150.3,1,1,3150.4,37,2,3150.5,2246,8,3150.7,13,3,3150.8,39,2
2031,2026-06-16 14:09:01+05:30,3150.3,17,3133.06,2682989,134288.0,198383.0,3163.0,3163.0,3108.0,3134.3,31926000,3447.7,2820.9,3839.9,2896.0,3150.1,17,3,3150.0,11,3,3149.8,1,1,3149.5,179,2,3149.4,63,1,3150.3,22,2,3150.4,37,2,3150.5,2196,6,3150.7,13,3,3150.8,10,1
2031,2026-06-16 14:09:02+05:30,3150.3,17,3133.06,2682989,134378.0,198047.0,3163.0,3163.0,3108.0,3134.3,31926000,3447.7,2820.9,3839.9,2896.0,3150.1,17,3,3150.0,11,3,3149.8,1,1,3149.5,3,1,3149.4,63,1,3150.3,29,3,3150.4,37,2,3150.5,2087,6,3150.7,177,5,3150.8,39,2
2031,2026-06-16 14:09:03+05:30,3150.3,1,3133.06,2682991,134176.0,198106.0,3163.0,3163.0,3108.0,3134.3,31926000,3447.7,2820.9,3839.9,2896.0,3150.1,17,3,3150.0,13,4,3149.8,1,1,3149.5,3,1,3149.4,159,1,3150.3,46,3,3150.4,6,1,3150.5,2116,7,3150.7,177,5,3150.8,77,3
2031,2026-06-16 14:09:04+05:30,3150.3,1,3133.06,2682991,134176.0,198106.0,3163.0,3163.0,3108.0,3134.3,31926000,3447.7,2820.9,3839.9,2896.0,3150.1,17,3,3150.0,13,4,3149.8,1,1,3149.5,3,1,3149.4,159,1,3150.3,46,3,3150.4,6,1,3150.5,2116,7,3150.7,177,5,3150.8,77,3
2031,2026-06-16 14:09:04+05:30,3149.9,141,3133.06,2683517,133319.0,198717.0,3163.0,3163.0,3108.0,3134.3,31926000,3447.7,2820.9,3839.9,2896.0,3149.8,1,1,3149.5,3,1,3149.3,20,1,3149.2,42,2,3149.1,102,5,3149.9,491,1,3150.5,2065,5,3150.7,182,5,3150.8,38,2,3150.9,49,2
2031,2026-06-16 14:09:05+05:30,3149.9,42,3133.06,2683517,133319.0,198717.0,3163.0,3163.0,3108.0,3134.3,31926000,3447.7,2820.9,3839.9,2896.0,3149.8,1,1,3149.5,3,1,3149.3,20,1,3149.2,42,2,3149.1,102,5,3149.9,491,1,3150.5,2065,5,3150.7,182,5,3150.8,38,2,3150.9,49,2
2031,2026-06-16 14:09:05+05:30,3149.9,42,3133.06,2683607,133730.0,198639.0,3163.0,3163.0,3108.0,3134.3,31926000,3447.7,2820.9,3839.9,2896.0,3149.8,39,2,3149.5,7,2,3149.3,38,3,3149.2,42,2,3149.1,102,5,3149.9,423,2,3150.0,2000,1,3150.5,2065,5,3150.7,182,5,3150.8,68,3
2031,2026-06-16 14:09:06+05:30,3149.8,9,3133.06,2683617,133614.0,198641.0,3163.0,3163.0,3108.0,3134.3,31926000,3447.7,2820.9,3839.9,2896.0,3149.8,30,2,3149.5,3,1,3149.3,20,1,3149.2,42,2,3149.1,102,5,3149.9,423,2,3150.0,2000,1,3150.5,2065,5,3150.7,182,5,3150.8,68,3
2031,2026-06-16 14:09:07+05:30,3149.8,9,3133.06,2683617,133614.0,198641.0,3163.0,3163.0,3108.0,3134.3,31926000,3447.7,2820.9,3839.9,2896.0,3149.8,30,2,3149.5,3,1,3149.3,20,1,3149.2,42,2,3149.1,102,5,3149.9,423,2,3150.0,2000,1,3150.5,2065,5,3150.7,182,5,3150.8,68,3
2031,2026-06-16 14:09:07+05:30,3149.8,9,3133.06,2683617,133756.0,198714.0,3163.0,3163.0,3108.0,3134.3,31926000,3447.7,2820.9,3839.9,2896.0,3149.8,30,2,3149.5,3,1,3149.2,42,2,3149.1,62,4,3149.0,60,5,3149.9,519,6,3150.0,2000,1,3150.5,2080,5,3150.7,144,4,3150.8,106,4
2031,2026-06-16 14:09:08+05:30,3149.9,40,3133.06,2683617,133756.0,198714.0,3163.0,3163.0,3108.0,3134.3,31926000,3447.7,2820.9,3839.9,2896.0,3149.8,30,2,3149.5,3,1,3149.2,42,2,3149.1,62,4,3149.0,60,5,3149.9,519,6,3150.0,2000,1,3150.5,2080,5,3150.7,144,4,3150.8,106,4
2031,2026-06-16 14:09:08+05:30,3149.9,40,3133.06,2683657,133824.0,198721.0,3163.0,3163.0,3108.0,3134.3,31926000,3447.7,2820.9,3839.9,2896.0,3149.8,30,2,3149.2,45,3,3149.1,114,5,3149.0,51,4,3148.9,270,6,3149.9,479,6,3150.0,2000,1,3150.5,2080,5,3150.7,164,5,3150.8,106,4
2031,2026-06-16 14:09:09+05:30,3149.9,1,3133.06,2683657,133824.0,198721.0,3163.0,3163.0,3108.0,3134.3,31926000,3447.7,2820.9,3839.9,2896.0,3149.8,30,2,3149.2,45,3,3149.1,114,5,3149.0,51,4,3148.9,270,6,3149.9,479,6,3150.0,2000,1,3150.5,2080,5,3150.7,164,5,3150.8,106,4
2031,2026-06-16 14:09:09+05:30,3149.9,1,3133.06,2683658,133824.0,198721.0,3163.0,3163.0,3108.0,3134.3,31926000,3447.7,2820.9,3839.9,2896.0,3149.8,30,2,3149.2,45,3,3149.1,114,5,3149.0,51,4,3148.9,270,6,3149.9,478,6,3150.0,2000,1,3150.5,2080,5,3150.7,164,5,3150.8,106,4
2031,2026-06-16 14:09:10+05:30,3149.8,60,3133.06,2683754,133785.0,198664.0,3163.0,3163.0,3108.0,3134.3,31926000,3447.7,2820.9,3839.9,2896.0,3149.8,18,1,3149.2,45,3,3149.1,74,4,3149.0,232,5,3148.9,50,4,3149.9,471,6,3150.0,2000,1,3150.5,2051,4,3150.7,164,5,3150.8,106,4
2031,2026-06-16 14:09:11+05:30,3149.8,60,3133.06,2683754,133785.0,198664.0,3163.0,3163.0,3108.0,3134.3,31926000,3447.7,2820.9,3839.9,2896.0,3149.8,18,1,3149.2,45,3,3149.1,74,4,3149.0,232,5,3148.9,50,4,3149.9,471,6,3150.0,2000,1,3150.5,2051,4,3150.7,164,5,3150.8,106,4
2031,2026-06-16 14:09:11+05:30,3149.9,1,3133.06,2683755,133850.0,198669.0,3163.0,3163.0,3108.0,3134.3,31926000,3447.7,2820.9,3839.9,2896.0,3149.8,20,2,3149.2,45,3,3149.1,74,4,3149.0,232,5,3148.9,50,4,3149.9,471,7,3150.0,2000,1,3150.5,2013,3,3150.7,163,4,3150.8,106,4
2031,2026-06-16 14:09:12+05:30,3149.9,1,3133.06,2683755,133850.0,198669.0,3163.0,3163.0,3108.0,3134.3,31926000,3447.7,2820.9,3839.9,2896.0,3149.8,20,2,3149.2,45,3,3149.1,74,4,3149.0,232,5,3148.9,50,4,3149.9,471,7,3150.0,2000,1,3150.5,2013,3,3150.7,163,4,3150.8,106,4
2031,2026-06-16 14:09:12+05:30,3149.9,9,3133.06,2683764,134029.0,196609.0,3163.0,3163.0,3108.0,3134.3,31926000,3447.7,2820.9,3839.9,2896.0,3149.8,20,2,3149.2,5,2,3149.1,86,5,3149.0,102,4,3148.9,207,5,3149.9,462,7,3150.0,2000,1,3150.5,2051,4,3150.6,160,2,3150.7,12,2
2031,2026-06-16 14:09:13+05:30,3149.9,9,3133.06,2683764,134029.0,196609.0,3163.0,3163.0,3108.0,3134.3,31926000,3447.7,2820.9,3839.9,2896.0,3149.8,20,2,3149.2,5,2,3149.1,86,5,3149.0,102,4,3148.9,207,5,3149.9,462,7,3150.0,2000,1,3150.5,2051,4,3150.6,160,2,3150.7,12,2
2031,2026-06-16 14:09:13+05:30,3149.9,9,3133.06,2683764,133996.0,198478.0,3163.0,3163.0,3108.0,3134.3,31926000,3447.7,2820.9,3839.9,2896.0,3149.8,20,2,3149.2,5,2,3149.1,74,4,3149.0,102,4,3148.9,50,4,3149.9,462,7,3150.0,2300,2,3150.2,24,1,3150.4,36,1,3150.5,2051,4
2031,2026-06-16 14:09:14+05:30,3149.9,2,3133.06,2683773,134062.0,198458.0,3163.0,3163.0,3108.0,3134.3,31926000,3447.7,2820.9,3839.9,2896.0,3149.8,14,2,3149.2,5,2,3149.1,74,4,3149.0,102,4,3148.9,209,5,3149.9,459,7,3150.0,2300,2,3150.2,24,1,3150.4,36,1,3150.5,2051,4
2031,2026-06-16 14:09:15+05:30,3149.9,2,3133.06,2683773,134062.0,198458.0,3163.0,3163.0,3108.0,3134.3,31926000,3447.7,2820.9,3839.9,2896.0,3149.8,14,2,3149.2,5,2,3149.1,74,4,3149.0,102,4,3148.9,209,5,3149.9,459,7,3150.0,2300,2,3150.2,24,1,3150.4,36,1,3150.5,2051,4
2031,2026-06-16 14:09:15+05:30,3150.0,1044,3133.07,2685278,134274.0,196838.0,3163.0,3163.0,3108.0,3134.3,31926000,3447.7,2820.9,3839.9,2896.0,3149.8,15,3,3149.2,45,3,3149.1,74,4,3149.0,114,5,3148.9,249,6,3149.9,40,1,3150.0,1256,2,3150.5,2013,3,3150.6,131,1,3150.7,12,2
2031,2026-06-16 14:09:16+05:30,3150.0,1044,3133.07,2685278,134274.0,196838.0,3163.0,3163.0,3108.0,3134.3,31926000,3447.7,2820.9,3839.9,2896.0,3149.8,15,3,3149.2,45,3,3149.1,74,4,3149.0,114,5,3148.9,249,6,3149.9,40,1,3150.0,1256,2,3150.5,2013,3,3150.6,131,1,3150.7,12,2
2031,2026-06-16 14:09:16+05:30,3149.9,9,3133.07,2685327,133396.0,197181.0,3163.0,3163.0,3108.0,3134.3,31926000,3447.7,2820.9,3839.9,2896.0,3149.8,18,3,3149.2,172,3,3149.1,49,3,3149.0,51,4,3148.9,77,3,3150.0,1256,2,3150.3,30,1,3150.5,2055,4,3150.6,164,2,3150.7,31,3
2031,2026-06-16 14:09:17+05:30,3149.9,9,3133.07,2685327,133396.0,197181.0,3163.0,3163.0,3108.0,3134.3,31926000,3447.7,2820.9,3839.9,2896.0,3149.8,18,3,3149.2,172,3,3149.1,49,3,3149.0,51,4,3148.9,77,3,3150.0,1256,2,3150.3,30,1,3150.5,2055,4,3150.6,164,2,3150.7,31,3
2031,2026-06-16 14:09:17+05:30,3149.8,1,3133.07,2685328,133355.0,197194.0,3163.0,3163.0,3108.0,3134.3,31926000,3447.7,2820.9,3839.9,2896.0,3149.8,17,3,3149.2,172,3,3149.1,49,3,3149.0,51,4,3148.9,37,2,3150.0,1267,3,3150.3,30,1,3150.5,2093,5,3150.6,164,2,3150.7,31,3
2031,2026-06-16 14:09:18+05:30,3150.0,1,3133.07,2685328,133355.0,197194.0,3163.0,3163.0,3108.0,3134.3,31926000,3447.7,2820.9,3839.9,2896.0,3149.8,17,3,3149.2,172,3,3149.1,49,3,3149.0,51,4,3148.9,37,2,3150.0,1267,3,3150.3,30,1,3150.5,2093,5,3150.6,164,2,3150.7,31,3
2031,2026-06-16 14:09:18+05:30,3150.0,1,3133.07,2685329,133485.0,197087.0,3163.0,3163.0,3108.0,3134.3,31926000,3447.7,2820.9,3839.9,2896.0,3149.8,90,4,3149.2,5,2,3149.1,87,6,3149.0,194,4,3148.9,77,3,3149.9,20,1,3150.0,1267,4,3150.5,2055,4,3150.6,131,1,3150.7,31,3
2031,2026-06-16 14:09:19+05:30,3150.0,135,3133.07,2685329,133485.0,197087.0,3163.0,3163.0,3108.0,3134.3,31926000,3447.7,2820.9,3839.9,2896.0,3149.8,90,4,3149.2,5,2,3149.1,87,6,3149.0,194,4,3148.9,77,3,3149.9,20,1,3150.0,1267,4,3150.5,2055,4,3150.6,131,1,3150.7,31,3
2031,2026-06-16 14:09:21+05:30,3150.0,10,3133.08,2685670,133569.0,197021.0,3163.0,3163.0,3108.0,3134.3,31926000,3447.7,2820.9,3839.9,2896.0,3149.9,1,1,3149.8,75,3,3149.5,16,2,3149.4,6,1,3149.2,22,4,3150.0,2970,5,3150.5,15,2,3150.6,131,1,3150.7,12,2,3150.8,48,2
2031,2026-06-16 14:09:22+05:30,3150.0,5,3133.08,2685670,133569.0,197021.0,3163.0,3163.0,3108.0,3134.3,31926000,3447.7,2820.9,3839.9,2896.0,3149.9,1,1,3149.8,75,3,3149.5,16,2,3149.4,6,1,3149.2,22,4,3150.0,2970,5,3150.5,15,2,3150.6,131,1,3150.7,12,2,3150.8,48,2
2031,2026-06-16 14:09:25+05:30,3150.0,1,3133.08,2685670,133569.0,197021.0,3163.0,3163.0,3108.0,3134.3,31926000,3447.7,2820.9,3839.9,2896.0,3149.9,1,1,3149.8,75,3,3149.5,16,2,3149.4,6,1,3149.2,22,4,3150.0,2970,5,3150.5,15,2,3150.6,131,1,3150.7,12,2,3150.8,48,2
2031,2026-06-16 14:09:26+05:30,3149.9,9,3133.08,2685701,134115.0,197165.0,3163.0,3163.0,3108.0,3134.3,31926000,3447.7,2820.9,3839.9,2896.0,3149.9,84,3,3149.8,86,2,3149.7,6,2,3149.6,42,4,3149.5,5,1,3150.0,2988,7,3150.5,15,2,3150.6,131,1,3150.7,12,2,3150.8,10,1
2031,2026-06-16 14:09:27+05:30,3149.9,9,3133.08,2685701,134115.0,197165.0,3163.0,3163.0,3108.0,3134.3,31926000,3447.7,2820.9,3839.9,2896.0,3149.9,84,3,3149.8,86,2,3149.7,6,2,3149.6,42,4,3149.5,5,1,3150.0,2988,7,3150.5,15,2,3150.6,131,1,3150.7,12,2,3150.8,10,1
2031,2026-06-16 14:09:28+05:30,3149.9,20,3133.08,2685701,134115.0,197165.0,3163.0,3163.0,3108.0,3134.3,31926000,3447.7,2820.9,3839.9,2896.0,3149.9,84,3,3149.8,86,2,3149.7,6,2,3149.6,42,4,3149.5,5,1,3150.0,2988,7,3150.5,15,2,3150.6,131,1,3150.7,12,2,3150.8,10,1
2031,2026-06-16 14:09:28+05:30,3149.9,20,3133.08,2685701,134115.0,197165.0,3163.0,3163.0,3108.0,3134.3,31926000,3447.7,2820.9,3839.9,2896.0,3149.9,84,3,3149.8,86,2,3149.7,6,2,3149.6,42,4,3149.5,5,1,3150.0,2988,7,3150.5,15,2,3150.6,131,1,3150.7,12,2,3150.8,10,1
2031,2026-06-16 14:09:31+05:30,3149.9,20,3133.08,2685701,134115.0,197165.0,3163.0,3163.0,3108.0,3134.3,31926000,3447.7,2820.9,3839.9,2896.0,3149.9,84,3,3149.8,86,2,3149.7,6,2,3149.6,42,4,3149.5,5,1,3150.0,2988,7,3150.5,15,2,3150.6,131,1,3150.7,12,2,3150.8,10,1
2031,2026-06-16 14:09:31+05:30,3150.0,1,3133.08,2686135,134227.0,196827.0,3163.0,3163.0,3108.0,3134.3,31926000,3447.7,2820.9,3839.9,2896.0,3149.9,70,5,3149.8,86,2,3149.7,15,2,3149.6,26,2,3149.5,10,2,3150.0,2592,10,3150.5,15,2,3150.6,131,1,3150.7,12,2,3150.8,10,1
2031,2026-06-16 14:09:31+05:30,3150.0,1,3133.08,2686135,134227.0,196827.0,3163.0,3163.0,3108.0,3134.3,31926000,3447.7,2820.9,3839.9,2896.0,3149.9,70,5,3149.8,86,2,3149.7,15,2,3149.6,26,2,3149.5,10,2,3150.0,2592,10,3150.5,15,2,3150.6,131,1,3150.7,12,2,3150.8,10,1
2031,2026-06-16 14:09:33+05:30,3150.0,1,3133.08,2686135,134227.0,196827.0,3163.0,3163.0,3108.0,3134.3,31926000,3447.7,2820.9,3839.9,2896.0,3149.9,70,5,3149.8,86,2,3149.7,15,2,3149.6,26,2,3149.5,10,2,3150.0,2592,10,3150.5,15,2,3150.6,131,1,3150.7,12,2,3150.8,10,1
2031,2026-06-16 14:09:34+05:30,3149.9,1,3133.08,2686135,134227.0,196827.0,3163.0,3163.0,3108.0,3134.3,31926000,3447.7,2820.9,3839.9,2896.0,3149.9,70,5,3149.8,86,2,3149.7,15,2,3149.6,26,2,3149.5,10,2,3150.0,2592,10,3150.5,15,2,3150.6,131,1,3150.7,12,2,3150.8,10,1
2031,2026-06-16 14:09:35+05:30,3149.9,1,3133.08,2686135,134227.0,196827.0,3163.0,3163.0,3108.0,3134.3,31926000,3447.7,2820.9,3839.9,2896.0,3149.9,70,5,3149.8,86,2,3149.7,15,2,3149.6,26,2,3149.5,10,2,3150.0,2592,10,3150.5,15,2,3150.6,131,1,3150.7,12,2,3150.8,10,1
2031,2026-06-16 14:09:35+05:30,3150.0,1,3133.08,2686383,134147.0,196680.0,3163.0,3163.0,3108.0,3134.3,31926000,3447.7,2820.9,3839.9,2896.0,3149.9,70,8,3149.8,70,1,3149.7,15,2,3149.6,16,2,3149.5,5,1,3150.0,2436,11,3150.5,15,2,3150.6,131,1,3150.7,12,2,3150.8,10,1
2031,2026-06-16 14:09:36+05:30,3150.0,1,3133.08,2686383,134147.0,196680.0,3163.0,3163.0,3108.0,3134.3,31926000,3447.7,2820.9,3839.9,2896.0,3149.9,70,8,3149.8,70,1,3149.7,15,2,3149.6,16,2,3149.5,5,1,3150.0,2436,11,3150.5,15,2,3150.6,131,1,3150.7,12,2,3150.8,10,1
2031,2026-06-16 14:09:37+05:30,3149.9,2,3133.08,2686383,134147.0,196680.0,3163.0,3163.0,3108.0,3134.3,31926000,3447.7,2820.9,3839.9,2896.0,3149.9,70,8,3149.8,70,1,3149.7,15,2,3149.6,16,2,3149.5,5,1,3150.0,2436,11,3150.5,15,2,3150.6,131,1,3150.7,12,2,3150.8,10,1
2031,2026-06-16 14:09:38+05:30,3149.9,2,3133.08,2686383,134147.0,196680.0,3163.0,3163.0,3108.0,3134.3,31926000,3447.7,2820.9,3839.9,2896.0,3149.9,70,8,3149.8,70,1,3149.7,15,2,3149.6,16,2,3149.5,5,1,3150.0,2436,11,3150.5,15,2,3150.6,131,1,3150.7,12,2,3150.8,10,1
2031,2026-06-16 14:09:39+05:30,3149.9,2,3133.08,2686383,134147.0,196680.0,3163.0,3163.0,3108.0,3134.3,31926000,3447.7,2820.9,3839.9,2896.0,3149.9,70,8,3149.8,70,1,3149.7,15,2,3149.6,16,2,3149.5,5,1,3150.0,2436,11,3150.5,15,2,3150.6,131,1,3150.7,12,2,3150.8,10,1
2031,2026-06-16 14:09:39+05:30,3149.9,6,3133.08,2686383,134147.0,196680.0,3163.0,3163.0,3108.0,3134.3,31926000,3447.7,2820.9,3839.9,2896.0,3149.9,70,8,3149.8,70,1,3149.7,15,2,3149.6,16,2,3149.5,5,1,3150.0,2436,11,3150.5,15,2,3150.6,131,1,3150.7,12,2,3150.8,10,1
2031,2026-06-16 14:09:39+05:30,3149.9,6,3133.08,2686383,134147.0,196680.0,3163.0,3163.0,3108.0,3134.3,31926000,3447.7,2820.9,3839.9,2896.0,3149.9,70,8,3149.8,70,1,3149.7,15,2,3149.6,16,2,3149.5,5,1,3150.0,2436,11,3150.5,15,2,3150.6,131,1,3150.7,12,2,3150.8,10,1
2031,2026-06-16 14:09:40+05:30,3149.9,6,3133.08,2686664,134706.0,196790.0,3163.0,3163.0,3108.0,3134.3,31926000,3447.7,2820.9,3839.9,2896.0,3149.9,64,6,3149.8,89,3,3149.7,6,2,3149.6,25,3,3149.5,5,1,3150.0,2432,12,3150.5,15,2,3150.6,131,1,3150.7,12,2,3150.8,10,1
2031,2026-06-16 14:09:40+05:30,3149.9,6,3133.08,2686664,134706.0,196790.0,3163.0,3163.0,3108.0,3134.3,31926000,3447.7,2820.9,3839.9,2896.0,3149.9,64,6,3149.8,89,3,3149.7,6,2,3149.6,25,3,3149.5,5,1,3150.0,2432,12,3150.5,15,2,3150.6,131,1,3150.7,12,2,3150.8,10,1
2031,2026-06-16 14:09:41+05:30,3150.0,1,3133.08,2686664,134706.0,196790.0,3163.0,3163.0,3108.0,3134.3,31926000,3447.7,2820.9,3839.9,2896.0,3149.9,64,6,3149.8,89,3,3149.7,6,2,3149.6,25,3,3149.5,5,1,3150.0,2432,12,3150.5,15,2,3150.6,131,1,3150.7,12,2,3150.8,10,1
2031,2026-06-16 14:09:41+05:30,3150.0,1,3133.08,2686664,134706.0,196790.0,3163.0,3163.0,3108.0,3134.3,31926000,3447.7,2820.9,3839.9,2896.0,3149.9,64,6,3149.8,89,3,3149.7,6,2,3149.6,25,3,3149.5,5,1,3150.0,2432,12,3150.5,15,2,3150.6,131,1,3150.7,12,2,3150.8,10,1
2031,2026-06-16 14:09:42+05:30,3150.0,1,3133.08,2686664,134706.0,196790.0,3163.0,3163.0,3108.0,3134.3,31926000,3447.7,2820.9,3839.9,2896.0,3149.9,64,6,3149.8,89,3,3149.7,6,2,3149.6,25,3,3149.5,5,1,3150.0,2432,12,3150.5,15,2,3150.6,131,1,3150.7,12,2,3150.8,10,1
2031,2026-06-16 14:09:43+05:30,3150.2,1,3133.08,2686664,134706.0,196790.0,3163.0,3163.0,3108.0,3134.3,31926000,3447.7,2820.9,3839.9,2896.0,3149.9,64,6,3149.8,89,3,3149.7,6,2,3149.6,25,3,3149.5,5,1,3150.0,2432,12,3150.5,15,2,3150.6,131,1,3150.7,12,2,3150.8,10,1
2031,2026-06-16 14:09:43+05:30,3150.2,1,3133.08,2686664,134706.0,196790.0,3163.0,3163.0,3108.0,3134.3,31926000,3447.7,2820.9,3839.9,2896.0,3149.9,64,6,3149.8,89,3,3149.7,6,2,3149.6,25,3,3149.5,5,1,3150.0,2432,12,3150.5,15,2,3150.6,131,1,3150.7,12,2,3150.8,10,1
2031,2026-06-16 14:09:44+05:30,3150.2,1,3133.08,2686664,134706.0,196790.0,3163.0,3163.0,3108.0,3134.3,31926000,3447.7,2820.9,3839.9,2896.0,3149.9,64,6,3149.8,89,3,3149.7,6,2,3149.6,25,3,3149.5,5,1,3150.0,2432,12,3150.5,15,2,3150.6,131,1,3150.7,12,2,3150.8,10,1
2031,2026-06-16 14:09:45+05:30,3150.2,1,3133.08,2686664,134706.0,196790.0,3163.0,3163.0,3108.0,3134.3,31926000,3447.7,2820.9,3839.9,2896.0,3149.9,64,6,3149.8,89,3,3149.7,6,2,3149.6,25,3,3149.5,5,1,3150.0,2432,12,3150.5,15,2,3150.6,131,1,3150.7,12,2,3150.8,10,1
2031,2026-06-16 14:09:45+05:30,3150.2,1,3133.1,2689162,136784.0,193491.0,3163.0,3163.0,3108.0,3134.3,31926000,3447.7,2820.9,3839.9,2896.0,3150.2,27,6,3150.1,26,3,3150.0,1809,13,3149.9,135,8,3149.8,96,4,3150.5,1,1,3150.6,131,1,3150.7,12,2,3150.8,10,1,3151.0,27,4
2031,2026-06-16 14:09:45+05:30,3150.2,1,3133.1,2689162,136784.0,193491.0,3163.0,3163.0,3108.0,3134.3,31926000,3447.7,2820.9,3839.9,2896.0,3150.2,27,6,3150.1,26,3,3150.0,1809,13,3149.9,135,8,3149.8,96,4,3150.5,1,1,3150.6,131,1,3150.7,12,2,3150.8,10,1,3151.0,27,4
2031,2026-06-16 14:09:46+05:30,3150.2,1,3133.1,2689162,136784.0,193491.0,3163.0,3163.0,3108.0,3134.3,31928000,3447.7,2820.9,3839.9,2896.0,3150.2,27,6,3150.1,26,3,3150.0,1809,13,3149.9,135,8,3149.8,96,4,3150.5,1,1,3150.6,131,1,3150.7,12,2,3150.8,10,1,3151.0,27,4
2031,2026-06-16 14:09:47+05:30,3150.3,9,3133.1,2689162,136784.0,193491.0,3163.0,3163.0,3108.0,3134.3,31928000,3447.7,2820.9,3839.9,2896.0,3150.2,27,6,3150.1,26,3,3150.0,1809,13,3149.9,135,8,3149.8,96,4,3150.5,1,1,3150.6,131,1,3150.7,12,2,3150.8,10,1,3151.0,27,4
2031,2026-06-16 14:09:50+05:30,3150.7,1,3133.1,2689551,136883.0,193696.0,3163.0,3163.0,3108.0,3134.3,31928000,3447.7,2820.9,3839.9,2896.0,3150.5,21,4,3150.4,8,3,3150.3,18,4,3150.2,174,6,3150.1,203,4,3150.7,211,3,3150.8,10,1,3151.0,27,4,3151.1,18,1,3151.2,89,1
2031,2026-06-16 14:09:51+05:30,3150.7,1,3133.1,2689551,136883.0,193696.0,3163.0,3163.0,3108.0,3134.3,31928000,3447.7,2820.9,3839.9,2896.0,3150.5,21,4,3150.4,8,3,3150.3,18,4,3150.2,174,6,3150.1,203,4,3150.7,211,3,3150.8,10,1,3151.0,27,4,3151.1,18,1,3151.2,89,1
2031,2026-06-16 14:09:53+05:30,3150.7,27,3133.1,2689551,136883.0,193696.0,3163.0,3163.0,3108.0,3134.3,31928000,3447.7,2820.9,3839.9,2896.0,3150.5,21,4,3150.4,8,3,3150.3,18,4,3150.2,174,6,3150.1,203,4,3150.7,211,3,3150.8,10,1,3151.0,27,4,3151.1,18,1,3151.2,89,1
2031,2026-06-16 14:09:55+05:30,3150.8,300,3133.1,2689551,136883.0,193696.0,3163.0,3163.0,3108.0,3134.3,31928000,3447.7,2820.9,3839.9,2896.0,3150.5,21,4,3150.4,8,3,3150.3,18,4,3150.2,174,6,3150.1,203,4,3150.7,211,3,3150.8,10,1,3151.0,27,4,3151.1,18,1,3151.2,89,1
2031,2026-06-16 14:09:55+05:30,3151.3,9,3133.11,2691588,138248.0,192633.0,3163.0,3163.0,3108.0,3134.3,31928000,3447.7,2820.9,3839.9,2896.0,3151.0,55,5,3150.9,44,2,3150.8,82,7,3150.7,33,5,3150.6,186,6,3151.3,241,1,3151.5,100,1,3151.7,218,2,3151.9,29,2,3152.0,754,19
2031,2026-06-16 14:09:57+05:30,3151.3,1,3133.11,2691588,138248.0,192633.0,3163.0,3163.0,3108.0,3134.3,31928000,3447.7,2820.9,3839.9,2896.0,3151.0,55,5,3150.9,44,2,3150.8,82,7,3150.7,33,5,3150.6,186,6,3151.3,241,1,3151.5,100,1,3151.7,218,2,3151.9,29,2,3152.0,754,19
2031,2026-06-16 14:10:00+05:30,3151.3,1,3133.11,2691588,138248.0,192633.0,3163.0,3163.0,3108.0,3134.3,31928000,3447.7,2820.9,3839.9,2896.0,3151.0,55,5,3150.9,44,2,3150.8,82,7,3150.7,33,5,3150.6,186,6,3151.3,241,1,3151.5,100,1,3151.7,218,2,3151.9,29,2,3152.0,754,19
2031,2026-06-16 14:10:00+05:30,3151.3,30,3133.12,2691987,138145.0,192907.0,3163.0,3163.0,3108.0,3134.3,31928000,3447.7,2820.9,3839.9,2896.0,3151.2,6,5,3151.1,2,1,3151.0,134,7,3150.9,262,3,3150.8,340,8,3151.3,108,4,3151.5,100,1,3151.7,200,1,3151.9,29,2,3152.0,754,19
2031,2026-06-16 14:10:03+05:30,3151.3,1,3133.12,2691987,138145.0,192907.0,3163.0,3163.0,3108.0,3134.3,31928000,3447.7,2820.9,3839.9,2896.0,3151.2,6,5,3151.1,2,1,3151.0,134,7,3150.9,262,3,3150.8,340,8,3151.3,108,4,3151.5,100,1,3151.7,200,1,3151.9,29,2,3152.0,754,19
2031,2026-06-16 14:10:06+05:30,3151.9,9,3133.12,2692271,139970.0,191936.0,3163.0,3163.0,3108.0,3134.3,31928000,3447.7,2820.9,3839.9,2896.0,3151.7,12,4,3151.6,15,1,3151.5,117,8,3151.4,120,9,3151.3,116,8,3152.0,804,20,3152.5,26,3,3152.6,18,1,3152.7,200,1,3152.8,15,1
2031,2026-06-16 14:10:06+05:30,3151.9,9,3133.12,2692271,139970.0,191936.0,3163.0,3163.0,3108.0,3134.3,31928000,3447.7,2820.9,3839.9,2896.0,3151.7,12,4,3151.6,15,1,3151.5,117,8,3151.4,120,9,3151.3,116,8,3152.0,804,20,3152.5,26,3,3152.6,18,1,3152.7,200,1,3152.8,15,1
2031,2026-06-16 14:10:09+05:30,3151.9,1,3133.12,2692271,139970.0,191936.0,3163.0,3163.0,3108.0,3134.3,31928000,3447.7,2820.9,3839.9,2896.0,3151.7,12,4,3151.6,15,1,3151.5,117,8,3151.4,120,9,3151.3,116,8,3152.0,804,20,3152.5,26,3,3152.6,18,1,3152.7,200,1,3152.8,15,1
2031,2026-06-16 14:10:12+05:30,3152.0,25,3133.13,2693204,140066.0,191265.0,3163.0,3163.0,3108.0,3134.3,31928000,3447.7,2820.9,3839.9,2896.0,3152.4,2,1,3152.0,17,1,3151.9,10,4,3151.8,201,6,3151.7,119,3,3152.5,26,3,3152.7,200,1,3152.9,72,2,3153.0,130,2,3153.2,137,5
2031,2026-06-16 14:10:12+05:30,3152.0,25,3133.13,2693204,140066.0,191265.0,3163.0,3163.0,3108.0,3134.3,31928000,3447.7,2820.9,3839.9,2896.0,3152.4,2,1,3152.0,17,1,3151.9,10,4,3151.8,201,6,3151.7,119,3,3152.5,26,3,3152.7,200,1,3152.9,72,2,3153.0,130,2,3153.2,137,5
2031,2026-06-16 14:10:15+05:30,3152.5,17,3133.13,2693204,140066.0,191265.0,3163.0,3163.0,3108.0,3134.3,31928000,3447.7,2820.9,3839.9,2896.0,3152.4,2,1,3152.0,17,1,3151.9,10,4,3151.8,201,6,3151.7,119,3,3152.5,26,3,3152.7,200,1,3152.9,72,2,3153.0,130,2,3153.2,137,5
2031,2026-06-16 14:10:17+05:30,3153.4,1,3133.13,2693715,139711.0,190141.0,3163.0,3163.0,3108.0,3134.3,31928000,3447.7,2820.9,3839.9,2896.0,3153.4,11,1,3153.3,19,2,3152.8,32,2,3152.7,158,3,3152.6,41,2,3153.5,255,2,3153.7,80,1,3153.9,10,1,3154.0,536,16,3154.2,15,1
2031,2026-06-16 14:10:18+05:30,3153.7,51,3133.13,2693715,139711.0,190141.0,3163.0,3163.0,3108.0,3134.3,31928000,3447.7,2820.9,3839.9,2896.0,3153.4,11,1,3153.3,19,2,3152.8,32,2,3152.7,158,3,3152.6,41,2,3153.5,255,2,3153.7,80,1,3153.9,10,1,3154.0,536,16,3154.2,15,1
2031,2026-06-16 14:10:19+05:30,3153.6,1,3133.13,2694102,139895.0,189568.0,3163.0,3163.0,3108.0,3134.3,31928000,3447.7,2820.9,3839.9,2896.0,3153.6,28,4,3153.5,500,1,3153.4,188,1,3153.3,12,1,3153.0,45,2,3153.9,22,2,3154.0,536,16,3154.2,39,2,3154.3,84,2,3154.4,331,6
2031,2026-06-16 14:10:19+05:30,3153.6,1,3133.13,2694102,139895.0,189568.0,3163.0,3163.0,3108.0,3134.3,31928000,3447.7,2820.9,3839.9,2896.0,3153.6,28,4,3153.5,500,1,3153.4,188,1,3153.3,12,1,3153.0,45,2,3153.9,22,2,3154.0,536,16,3154.2,39,2,3154.3,84,2,3154.4,331,6
2031,2026-06-16 14:10:20+05:30,3154.0,4,3133.13,2694102,139895.0,189568.0,3163.0,3163.0,3108.0,3134.3,31928000,3447.7,2820.9,3839.9,2896.0,3153.6,28,4,3153.5,500,1,3153.4,188,1,3153.3,12,1,3153.0,45,2,3153.9,22,2,3154.0,536,16,3154.2,39,2,3154.3,84,2,3154.4,331,6
2031,2026-06-16 14:10:20+05:30,3154.0,4,3133.13,2694138,139675.0,189628.0,3163.0,3163.0,3108.0,3134.3,31928000,3447.7,2820.9,3839.9,2896.0,3153.6,18,3,3153.5,500,1,3153.4,188,1,3153.3,12,1,3153.0,45,2,3153.9,12,1,3154.0,570,17,3154.2,115,4,3154.3,42,1,3154.4,283,5
2031,2026-06-16 14:10:21+05:30,3154.0,10,3133.13,2694138,139675.0,189628.0,3163.0,3163.0,3108.0,3134.3,31928000,3447.7,2820.9,3839.9,2896.0,3153.6,18,3,3153.5,500,1,3153.4,188,1,3153.3,12,1,3153.0,45,2,3153.9,12,1,3154.0,570,17,3154.2,115,4,3154.3,42,1,3154.4,283,5
2031,2026-06-16 14:10:21+05:30,3154.0,10,3133.13,2694360,139840.0,189070.0,3163.0,3163.0,3108.0,3134.3,31928000,3447.7,2820.9,3839.9,2896.0,3153.7,5,5,3153.6,229,4,3153.5,578,2,3153.4,188,1,3153.3,19,2,3154.0,303,6,3154.4,233,3,3154.5,750,6,3154.6,778,7,3154.7,130,1
2031,2026-06-16 14:10:22+05:30,3153.5,5,3133.13,2694360,139840.0,189070.0,3163.0,3163.0,3108.0,3134.3,31928000,3447.7,2820.9,3839.9,2896.0,3153.7,5,5,3153.6,229,4,3153.5,578,2,3153.4,188,1,3153.3,19,2,3154.0,303,6,3154.4,233,3,3154.5,750,6,3154.6,778,7,3154.7,130,1
2031,2026-06-16 14:10:22+05:30,3153.5,5,3133.14,2694765,139558.0,189581.0,3163.0,3163.0,3108.0,3134.3,31928000,3447.7,2820.9,3839.9,2896.0,3153.5,591,3,3153.4,188,1,3153.3,12,1,3153.0,3,1,3152.8,60,3,3153.9,1,1,3154.0,392,9,3154.1,30,1,3154.2,94,4,3154.3,95,3
2031,2026-06-16 14:10:23+05:30,3154.0,1,3133.14,2694767,139558.0,189581.0,3163.0,3163.0,3108.0,3134.3,31928000,3447.7,2820.9,3839.9,2896.0,3153.5,591,3,3153.4,188,1,3153.3,12,1,3153.0,3,1,3152.8,60,3,3154.0,391,9,3154.1,30,1,3154.2,94,4,3154.3,95,3,3154.4,372,7
2031,2026-06-16 14:10:24+05:30,3154.0,1,3133.14,2694767,139558.0,189581.0,3163.0,3163.0,3108.0,3134.3,31928000,3447.7,2820.9,3839.9,2896.0,3153.5,591,3,3153.4,188,1,3153.3,12,1,3153.0,3,1,3152.8,60,3,3154.0,391,9,3154.1,30,1,3154.2,94,4,3154.3,95,3,3154.4,372,7
2031,2026-06-16 14:10:24+05:30,3154.0,1,3133.14,2694767,139608.0,189618.0,3163.0,3163.0,3108.0,3134.3,31928000,3447.7,2820.9,3839.9,2896.0,3153.5,612,5,3153.4,188,1,3153.3,12,1,3153.0,3,1,3152.8,60,3,3153.9,12,1,3154.0,417,11,3154.1,30,1,3154.2,88,3,3154.3,95,3
2031,2026-06-16 14:10:25+05:30,3153.9,10,3133.14,2694777,139588.0,189638.0,3163.0,3163.0,3108.0,3134.3,31928000,3447.7,2820.9,3839.9,2896.0,3153.7,7,1,3153.5,612,5,3153.4,188,1,3153.3,12,1,3153.0,3,1,3153.9,2,1,3154.0,417,11,3154.1,30,1,3154.2,88,3,3154.3,95,3
2031,2026-06-16 14:10:26+05:30,3154.0,4,3133.14,2694777,139588.0,189638.0,3163.0,3163.0,3108.0,3134.3,31928000,3447.7,2820.9,3839.9,2896.0,3153.7,7,1,3153.5,612,5,3153.4,188,1,3153.3,12,1,3153.0,3,1,3153.9,2,1,3154.0,417,11,3154.1,30,1,3154.2,88,3,3154.3,95,3
2031,2026-06-16 14:10:26+05:30,3154.0,4,3133.14,2694797,139589.0,189690.0,3163.0,3163.0,3108.0,3134.3,31928000,3447.7,2820.9,3839.9,2896.0,3153.7,7,1,3153.5,612,5,3153.4,188,1,3153.3,12,1,3153.0,3,1,3153.9,12,1,3154.0,375,8,3154.1,30,1,3154.2,88,3,3154.3,53,2
2031,2026-06-16 14:10:27+05:30,3153.5,411,3133.14,2694797,139589.0,189690.0,3163.0,3163.0,3108.0,3134.3,31928000,3447.7,2820.9,3839.9,2896.0,3153.7,7,1,3153.5,612,5,3153.4,188,1,3153.3,12,1,3153.0,3,1,3153.9,12,1,3154.0,375,8,3154.1,30,1,3154.2,88,3,3154.3,53,2
2031,2026-06-16 14:10:27+05:30,3153.5,411,3133.14,2695417,138765.0,189989.0,3163.0,3163.0,3108.0,3134.3,31928000,3447.7,2820.9,3839.9,2896.0,3153.7,36,1,3153.5,148,4,3153.4,188,1,3153.3,12,1,3152.8,14,1,3153.9,114,6,3154.0,358,7,3154.1,104,4,3154.2,172,5,3154.3,101,3
2031,2026-06-16 14:10:27+05:30,3153.5,411,3133.14,2695417,138765.0,189989.0,3163.0,3163.0,3108.0,3134.3,31928000,3447.7,2820.9,3839.9,2896.0,3153.7,36,1,3153.5,148,4,3153.4,188,1,3153.3,12,1,3152.8,14,1,3153.9,114,6,3154.0,358,7,3154.1,104,4,3154.2,172,5,3154.3,101,3
2031,2026-06-16 14:10:28+05:30,3153.7,36,3133.14,2695417,138765.0,189989.0,3163.0,3163.0,3108.0,3134.3,31928000,3447.7,2820.9,3839.9,2896.0,3153.7,36,1,3153.5,148,4,3153.4,188,1,3153.3,12,1,3152.8,14,1,3153.9,114,6,3154.0,358,7,3154.1,104,4,3154.2,172,5,3154.3,101,3
2031,2026-06-16 14:10:28+05:30,3153.7,36,3133.14,2695473,138529.0,190000.0,3163.0,3163.0,3108.0,3134.3,31928000,3447.7,2820.9,3839.9,2896.0,3153.5,148,4,3153.4,188,1,3153.3,12,1,3152.8,14,1,3152.7,164,2,3153.8,148,6,3153.9,87,6,3154.0,435,9,3154.1,75,3,3154.2,172,5
2031,2026-06-16 14:10:29+05:30,3153.5,6,3133.14,2695473,138529.0,190000.0,3163.0,3163.0,3108.0,3134.3,31928000,3447.7,2820.9,3839.9,2896.0,3153.5,148,4,3153.4,188,1,3153.3,12,1,3152.8,14,1,3152.7,164,2,3153.8,148,6,3153.9,87,6,3154.0,435,9,3154.1,75,3,3154.2,172,5
2031,2026-06-16 14:10:29+05:30,3153.5,6,3133.15,2696821,137178.0,190396.0,3163.0,3163.0,3108.0,3134.3,31928000,3447.7,2820.9,3839.9,2896.0,3153.5,2,1,3152.5,155,3,3152.4,22,3,3152.3,20,1,3152.1,189,4,3153.6,179,5,3153.7,24,2,3153.8,91,3,3153.9,317,8,3154.0,255,8
2031,2026-06-16 14:10:30+05:30,3153.5,6,3133.15,2696821,137178.0,190396.0,3163.0,3163.0,3108.0,3134.3,31928000,3447.7,2820.9,3839.9,2896.0,3153.5,2,1,3152.5,155,3,3152.4,22,3,3152.3,20,1,3152.1,189,4,3153.6,179,5,3153.7,24,2,3153.8,91,3,3153.9,317,8,3154.0,255,8
2031,2026-06-16 14:10:30+05:30,3153.6,1,3133.15,2696821,137178.0,190396.0,3163.0,3163.0,3108.0,3134.3,31928000,3447.7,2820.9,3839.9,2896.0,3153.5,2,1,3152.5,155,3,3152.4,22,3,3152.3,20,1,3152.1,189,4,3153.6,179,5,3153.7,24,2,3153.8,91,3,3153.9,317,8,3154.0,255,8
2031,2026-06-16 14:10:30+05:30,3152.5,27,3133.16,2697495,137150.0,190351.0,3163.0,3163.0,3108.0,3134.3,31928000,3447.7,2820.9,3839.9,2896.0,3152.5,10,3,3152.4,55,2,3152.3,83,4,3152.2,66,5,3152.1,177,4,3153.6,49,3,3153.7,205,3,3153.8,79,4,3153.9,36,3,3154.0,167,6
2031,2026-06-16 14:10:31+05:30,3153.6,3,3133.16,2697495,137150.0,190351.0,3163.0,3163.0,3108.0,3134.3,31928000,3447.7,2820.9,3839.9,2896.0,3152.5,10,3,3152.4,55,2,3152.3,83,4,3152.2,66,5,3152.1,177,4,3153.6,49,3,3153.7,205,3,3153.8,79,4,3153.9,36,3,3154.0,167,6
2031,2026-06-16 14:10:31+05:30,3153.6,3,3133.16,2697531,137306.0,190900.0,3163.0,3163.0,3108.0,3134.3,31928000,3447.7,2820.9,3839.9,2896.0,3153.1,2,2,3152.5,149,3,3152.3,191,3,3152.2,20,2,3152.1,218,6,3153.5,12,1,3153.6,105,5,3153.7,248,4,3153.8,108,4,3153.9,150,5
2031,2026-06-16 14:10:32+05:30,3153.6,11,3133.16,2697531,137306.0,190900.0,3163.0,3163.0,3108.0,3134.3,31928000,3447.7,2820.9,3839.9,2896.0,3153.1,2,2,3152.5,149,3,3152.3,191,3,3152.2,20,2,3152.1,218,6,3153.5,12,1,3153.6,105,5,3153.7,248,4,3153.8,108,4,3153.9,150,5
2031,2026-06-16 14:10:32+05:30,3153.6,11,3133.16,2697543,137351.0,190874.0,3163.0,3163.0,3108.0,3134.3,31928000,3447.7,2820.9,3839.9,2896.0,3153.1,2,2,3152.5,164,4,3152.3,191,3,3152.2,20,2,3152.1,218,6,3153.6,75,4,3153.7,248,4,3153.8,108,4,3153.9,144,4,3154.0,129,5
2031,2026-06-16 14:10:32+05:30,3153.6,11,3133.16,2697543,137351.0,190874.0,3163.0,3163.0,3108.0,3134.3,31928000,3447.7,2820.9,3839.9,2896.0,3153.1,2,2,3152.5,164,4,3152.3,191,3,3152.2,20,2,3152.1,218,6,3153.6,75,4,3153.7,248,4,3153.8,108,4,3153.9,144,4,3154.0,129,5
2031,2026-06-16 14:10:33+05:30,3153.1,1,3133.16,2697543,137351.0,190874.0,3163.0,3163.0,3108.0,3134.3,31928000,3447.7,2820.9,3839.9,2896.0,3153.1,2,2,3152.5,164,4,3152.3,191,3,3152.2,20,2,3152.1,218,6,3153.6,75,4,3153.7,248,4,3153.8,108,4,3153.9,144,4,3154.0,129,5
2031,2026-06-16 14:10:33+05:30,3153.1,1,3133.16,2697545,137249.0,191147.0,3163.0,3163.0,3108.0,3134.3,31928000,3447.7,2820.9,3839.9,2896.0,3153.1,2,2,3152.5,21,3,3152.4,187,1,3152.3,194,4,3152.2,12,1,3153.6,111,5,3153.7,248,4,3153.8,150,5,3153.9,192,5,3154.0,130,6
2031,2026-06-16 14:10:34+05:30,3153.6,1,3133.16,2697545,137249.0,191147.0,3163.0,3163.0,3108.0,3134.3,31928000,3447.7,2820.9,3839.9,2896.0,3153.1,2,2,3152.5,21,3,3152.4,187,1,3152.3,194,4,3152.2,12,1,3153.6,111,5,3153.7,248,4,3153.8,150,5,3153.9,192,5,3154.0,130,6
2031,2026-06-16 14:10:34+05:30,3153.6,1,3133.16,2697546,137285.0,191151.0,3163.0,3163.0,3108.0,3134.3,31928000,3447.7,2820.9,3839.9,2896.0,3153.1,3,3,3152.5,21,3,3152.4,187,1,3152.3,228,5,3152.2,54,2,3153.5,1,1,3153.6,110,4,3153.7,248,4,3153.8,49,2,3153.9,115,3
2031,2026-06-16 14:10:34+05:30,3153.6,1,3133.16,2697546,137285.0,191151.0,3163.0,3163.0,3108.0,3134.3,31928000,3447.7,2820.9,3839.9,2896.0,3153.1,3,3,3152.5,21,3,3152.4,187,1,3152.3,228,5,3152.2,54,2,3153.5,1,1,3153.6,110,4,3153.7,248,4,3153.8,49,2,3153.9,115,3
2031,2026-06-16 14:10:35+05:30,3153.5,1,3133.16,2697546,137285.0,191151.0,3163.0,3163.0,3108.0,3134.3,31928000,3447.7,2820.9,3839.9,2896.0,3153.1,3,3,3152.5,21,3,3152.4,187,1,3152.3,228,5,3152.2,54,2,3153.5,1,1,3153.6,110,4,3153.7,248,4,3153.8,49,2,3153.9,115,3
2031,2026-06-16 14:10:35+05:30,3153.5,1,3133.16,2697547,137291.0,191100.0,3163.0,3163.0,3108.0,3134.3,31928000,3447.7,2820.9,3839.9,2896.0,3153.1,3,3,3152.5,21,3,3152.4,187,1,3152.3,228,5,3152.2,54,2,3153.6,110,4,3153.7,248,4,3153.8,49,2,3153.9,115,3,3154.0,134,6
2031,2026-06-16 14:10:36+05:30,3153.5,1,3133.16,2697548,137319.0,190489.0,3163.0,3163.0,3108.0,3134.3,31928000,3447.7,2820.9,3839.9,2896.0,3153.3,2,2,3153.1,1,1,3152.6,180,1,3152.5,185,5,3152.3,167,3,3153.5,61,1,3153.6,98,4,3153.7,205,3,3153.8,91,3,3153.9,115,3
2031,2026-06-16 14:10:36+05:30,3153.5,1,3133.16,2697548,137319.0,190489.0,3163.0,3163.0,3108.0,3134.3,31928000,3447.7,2820.9,3839.9,2896.0,3153.3,2,2,3153.1,1,1,3152.6,180,1,3152.5,185,5,3152.3,167,3,3153.5,61,1,3153.6,98,4,3153.7,205,3,3153.8,91,3,3153.9,115,3
2031,2026-06-16 14:10:37+05:30,3153.1,5,3133.16,2697548,137319.0,190489.0,3163.0,3163.0,3108.0,3134.3,31928000,3447.7,2820.9,3839.9,2896.0,3153.3,2,2,3153.1,1,1,3152.6,180,1,3152.5,185,5,3152.3,167,3,3153.5,61,1,3153.6,98,4,3153.7,205,3,3153.8,91,3,3153.9,115,3
2031,2026-06-16 14:10:37+05:30,3153.1,5,3133.16,2697555,136620.0,191770.0,3163.0,3163.0,3108.0,3134.3,31928000,3447.7,2820.9,3839.9,2896.0,3152.5,39,4,3152.3,3,1,3152.2,12,1,3152.1,164,3,3152.0,72,4,3153.0,1,1,3153.5,125,3,3153.6,276,4,3153.7,5,2,3153.8,49,2
2031,2026-06-16 14:10:38+05:30,3153.1,5,3133.16,2697555,136503.0,189677.0,3163.0,3163.0,3108.0,3134.3,31928000,3447.7,2820.9,3839.9,2896.0,3152.5,24,3,3152.3,3,1,3152.2,15,1,3152.1,155,2,3152.0,42,1,3153.0,60,5,3153.2,38,1,3153.3,7,1,3153.4,92,2,3153.5,129,3
2031,2026-06-16 14:10:38+05:30,3153.1,5,3133.16,2697555,136503.0,189677.0,3163.0,3163.0,3108.0,3134.3,31928000,3447.7,2820.9,3839.9,2896.0,3152.5,24,3,3152.3,3,1,3152.2,15,1,3152.1,155,2,3152.0,42,1,3153.0,60,5,3153.2,38,1,3153.3,7,1,3153.4,92,2,3153.5,129,3
2031,2026-06-16 14:10:39+05:30,3153.0,1,3133.16,2697556,137083.0,191773.0,3163.0,3163.0,3108.0,3134.3,31928000,3447.7,2820.9,3839.9,2896.0,3152.7,5,1,3152.5,35,3,3152.3,3,1,3152.1,155,2,3151.9,172,6,3153.0,48,5,3153.1,25,1,3153.2,38,1,3153.3,42,1,3153.4,134,3
2031,2026-06-16 14:10:39+05:30,3153.0,1,3133.16,2697556,137083.0,191773.0,3163.0,3163.0,3108.0,3134.3,31928000,3447.7,2820.9,3839.9,2896.0,3152.7,5,1,3152.5,35,3,3152.3,3,1,3152.1,155,2,3151.9,172,6,3153.0,48,5,3153.1,25,1,3153.2,38,1,3153.3,42,1,3153.4,134,3
2031,2026-06-16 14:10:40+05:30,3153.0,1,3133.16,2697556,137083.0,191773.0,3163.0,3163.0,3108.0,3134.3,31928000,3447.7,2820.9,3839.9,2896.0,3152.7,5,1,3152.5,35,3,3152.3,3,1,3152.1,155,2,3151.9,172,6,3153.0,48,5,3153.1,25,1,3153.2,38,1,3153.3,42,1,3153.4,134,3
2031,2026-06-16 14:10:40+05:30,3153.0,7,3133.16,2697564,136997.0,191766.0,3163.0,3163.0,3108.0,3134.3,31928000,3447.7,2820.9,3839.9,2896.0,3152.7,5,1,3152.5,18,1,3152.3,3,1,3152.2,15,1,3152.1,155,2,3153.0,78,5,3153.1,25,1,3153.2,38,1,3153.4,134,3,3153.5,61,1
2031,2026-06-16 14:10:40+05:30,3153.0,7,3133.16,2697564,136997.0,191766.0,3163.0,3163.0,3108.0,3134.3,31928000,3447.7,2820.9,3839.9,2896.0,3152.7,5,1,3152.5,18,1,3152.3,3,1,3152.2,15,1,3152.1,155,2,3153.0,78,5,3153.1,25,1,3153.2,38,1,3153.4,134,3,3153.5,61,1
2031,2026-06-16 14:10:41+05:30,3153.0,5,3133.16,2697564,136997.0,191766.0,3163.0,3163.0,3108.0,3134.3,31928000,3447.7,2820.9,3839.9,2896.0,3152.7,5,1,3152.5,18,1,3152.3,3,1,3152.2,15,1,3152.1,155,2,3153.0,78,5,3153.1,25,1,3153.2,38,1,3153.4,134,3,3153.5,61,1
2031,2026-06-16 14:10:41+05:30,3153.0,5,3133.16,2697564,136997.0,191766.0,3163.0,3163.0,3108.0,3134.3,31928000,3447.7,2820.9,3839.9,2896.0,3152.7,5,1,3152.5,18,1,3152.3,3,1,3152.2,15,1,3152.1,155,2,3153.0,78,5,3153.1,25,1,3153.2,38,1,3153.4,134,3,3153.5,61,1
2031,2026-06-16 14:10:41+05:30,3153.0,5,3133.16,2697609,137090.0,191161.0,3163.0,3163.0,3108.0,3134.3,31928000,3447.7,2820.9,3839.9,2896.0,3152.7,20,2,3152.5,14,1,3152.3,3,1,3152.1,177,4,3152.0,187,1,3153.0,7,2,3153.1,25,1,3153.5,61,1,3153.6,421,6,3153.7,4,1
2031,2026-06-16 14:10:41+05:30,3153.0,5,3133.16,2697609,137090.0,191161.0,3163.0,3163.0,3108.0,3134.3,31928000,3447.7,2820.9,3839.9,2896.0,3152.7,20,2,3152.5,14,1,3152.3,3,1,3152.1,177,4,3152.0,187,1,3153.0,7,2,3153.1,25,1,3153.5,61,1,3153.6,421,6,3153.7,4,1
2031,2026-06-16 14:10:42+05:30,3152.7,1,3133.16,2697609,137090.0,191161.0,3163.0,3163.0,3108.0,3134.3,31928000,3447.7,2820.9,3839.9,2896.0,3152.7,20,2,3152.5,14,1,3152.3,3,1,3152.1,177,4,3152.0,187,1,3153.0,7,2,3153.1,25,1,3153.5,61,1,3153.6,421,6,3153.7,4,1
2031,2026-06-16 14:10:42+05:30,3152.7,1,3133.16,2697610,137080.0,191162.0,3163.0,3163.0,3108.0,3134.3,31928000,3447.7,2820.9,3839.9,2896.0,3152.7,19,2,3152.5,14,1,3152.3,3,1,3152.2,166,1,3152.1,177,4,3153.0,6,1,3153.1,25,1,3153.5,61,1,3153.6,421,6,3153.7,4,1
2031,2026-06-16 14:10:42+05:30,3152.7,1,3133.16,2697610,137080.0,191162.0,3163.0,3163.0,3108.0,3134.3,31928000,3447.7,2820.9,3839.9,2896.0,3152.7,19,2,3152.5,14,1,3152.3,3,1,3152.2,166,1,3152.1,177,4,3153.0,6,1,3153.1,25,1,3153.5,61,1,3153.6,421,6,3153.7,4,1
2031,2026-06-16 14:10:43+05:30,3152.7,1,3133.16,2697610,137080.0,191162.0,3163.0,3163.0,3108.0,3134.3,31928000,3447.7,2820.9,3839.9,2896.0,3152.7,19,2,3152.5,14,1,3152.3,3,1,3152.2,166,1,3152.1,177,4,3153.0,6,1,3153.1,25,1,3153.5,61,1,3153.6,421,6,3153.7,4,1
2031,2026-06-16 14:10:43+05:30,3151.5,172,3133.16,2697610,137080.0,191162.0,3163.0,3163.0,3108.0,3134.3,31928000,3447.7,2820.9,3839.9,2896.0,3152.7,19,2,3152.5,14,1,3152.3,3,1,3152.2,166,1,3152.1,177,4,3153.0,6,1,3153.1,25,1,3153.5,61,1,3153.6,421,6,3153.7,4,1
2031,2026-06-16 14:10:43+05:30,3151.5,172,3133.17,2698987,134971.0,194143.0,3163.0,3163.0,3108.0,3134.3,31928000,3447.7,2820.9,3839.9,2896.0,3151.4,105,10,3151.3,92,6,3151.2,33,3,3151.1,64,3,3151.0,58,6,3152.0,200,1,3152.3,42,1,3152.7,400,2,3153.0,69,4,3153.1,91,2
2031,2026-06-16 14:10:44+05:30,3151.5,172,3133.17,2698987,134971.0,194143.0,3163.0,3163.0,3108.0,3134.3,31928000,3447.7,2820.9,3839.9,2896.0,3151.4,105,10,3151.3,92,6,3151.2,33,3,3151.1,64,3,3151.0,58,6,3152.0,200,1,3152.3,42,1,3152.7,400,2,3153.0,69,4,3153.1,91,2
2031,2026-06-16 14:10:44+05:30,3151.5,172,3133.17,2698987,135201.0,194391.0,3163.0,3163.0,3108.0,3134.3,31928000,3447.7,2820.9,3839.9,2896.0,3151.6,19,1,3151.5,57,5,3151.4,51,6,3151.3,36,3,3151.2,43,5,3152.0,254,3,3152.3,42,1,3152.7,442,3,3153.0,69,4,3153.1,91,2
2031,2026-06-16 14:10:44+05:30,3151.5,172,3133.17,2698987,135201.0,194391.0,3163.0,3163.0,3108.0,3134.3,31928000,3447.7,2820.9,3839.9,2896.0,3151.6,19,1,3151.5,57,5,3151.4,51,6,3151.3,36,3,3151.2,43,5,3152.0,254,3,3152.3,42,1,3152.7,442,3,3153.0,69,4,3153.1,91,2
2031,2026-06-16 14:10:45+05:30,3152.0,1,3133.17,2698987,135201.0,194391.0,3163.0,3163.0,3108.0,3134.3,31928000,3447.7,2820.9,3839.9,2896.0,3151.6,19,1,3151.5,57,5,3151.4,51,6,3151.3,36,3,3151.2,43,5,3152.0,254,3,3152.3,42,1,3152.7,442,3,3153.0,69,4,3153.1,91,2
2031,2026-06-16 14:10:45+05:30,3152.0,1,3133.17,2698988,135360.0,194459.0,3163.0,3163.0,3108.0,3134.3,31928000,3447.7,2820.9,3839.9,2896.0,3151.6,20,2,3151.5,71,5,3151.4,58,6,3151.3,36,3,3151.2,31,4,3152.0,258,4,3152.3,42,1,3152.7,442,3,3153.0,101,4,3153.1,93,3
2031,2026-06-16 14:10:45+05:30,3152.0,1,3133.17,2698988,135360.0,194459.0,3163.0,3163.0,3108.0,3134.3,31928000,3447.7,2820.9,3839.9,2896.0,3151.6,20,2,3151.5,71,5,3151.4,58,6,3151.3,36,3,3151.2,31,4,3152.0,258,4,3152.3,42,1,3152.7,442,3,3153.0,101,4,3153.1,93,3
2031,2026-06-16 14:10:46+05:30,3151.5,41,3133.17,2698988,135360.0,194459.0,3163.0,3163.0,3108.0,3134.3,31928000,3447.7,2820.9,3839.9,2896.0,3151.6,20,2,3151.5,71,5,3151.4,58,6,3151.3,36,3,3151.2,31,4,3152.0,258,4,3152.3,42,1,3152.7,442,3,3153.0,101,4,3153.1,93,3
2031,2026-06-16 14:10:46+05:30,3151.5,41,3133.17,2699629,134487.0,194414.0,3163.0,3163.0,3108.0,3134.3,31928000,3447.7,2820.9,3839.9,2896.0,3151.5,86,2,3151.2,12,1,3151.0,17,3,3150.8,62,3,3150.7,5,2,3152.0,258,4,3152.2,6,1,3152.3,42,1,3152.5,78,4,3152.6,7,1
2031,2026-06-16 14:10:46+05:30,3151.5,41,3133.17,2699629,134487.0,194414.0,3163.0,3163.0,3108.0,3134.3,31928000,3447.7,2820.9,3839.9,2896.0,3151.5,86,2,3151.2,12,1,3151.0,17,3,3150.8,62,3,3150.7,5,2,3152.0,258,4,3152.2,6,1,3152.3,42,1,3152.5,78,4,3152.6,7,1
2031,2026-06-16 14:10:47+05:30,3151.5,41,3133.17,2699629,134487.0,194414.0,3163.0,3163.0,3108.0,3134.3,31928000,3447.7,2820.9,3839.9,2896.0,3151.5,86,2,3151.2,12,1,3151.0,17,3,3150.8,62,3,3150.7,5,2,3152.0,258,4,3152.2,6,1,3152.3,42,1,3152.5,78,4,3152.6,7,1
2031,2026-06-16 14:10:47+05:30,3151.5,9,3133.17,2699629,134487.0,194414.0,3163.0,3163.0,3108.0,3134.3,31928000,3447.7,2820.9,3839.9,2896.0,3151.5,86,2,3151.2,12,1,3151.0,17,3,3150.8,62,3,3150.7,5,2,3152.0,258,4,3152.2,6,1,3152.3,42,1,3152.5,78,4,3152.6,7,1
2031,2026-06-16 14:10:47+05:30,3151.5,9,3133.17,2699638,134258.0,195021.0,3163.0,3163.0,3108.0,3134.3,31928000,3447.7,2820.9,3839.9,2896.0,3151.5,64,2,3151.0,15,2,3150.9,22,1,3150.8,12,1,3150.7,26,3,3152.0,258,4,3152.2,18,2,3152.3,285,4,3152.4,52,1,3152.5,50,2
2031,2026-06-16 14:10:48+05:30,3151.5,9,3133.17,2699638,134258.0,195021.0,3163.0,3163.0,3108.0,3134.3,31912400,3447.7,2820.9,3839.9,2896.0,3151.5,64,2,3151.0,15,2,3150.9,22,1,3150.8,12,1,3150.7,26,3,3152.0,258,4,3152.2,18,2,3152.3,285,4,3152.4,52,1,3152.5,50,2
2031,2026-06-16 14:10:48+05:30,3151.6,8,3133.17,2699638,134258.0,195021.0,3163.0,3163.0,3108.0,3134.3,31912400,3447.7,2820.9,3839.9,2896.0,3151.5,64,2,3151.0,15,2,3150.9,22,1,3150.8,12,1,3150.7,26,3,3152.0,258,4,3152.2,18,2,3152.3,285,4,3152.4,52,1,3152.5,50,2
2031,2026-06-16 14:10:48+05:30,3151.6,8,3133.17,2699845,134303.0,194764.0,3163.0,3163.0,3108.0,3134.3,31912400,3447.7,2820.9,3839.9,2896.0,3151.5,50,1,3150.9,24,2,3150.8,24,3,3150.7,13,3,3150.6,215,7,3151.6,34,1,3151.7,1,1,3152.0,100,4,3152.3,242,2,3152.5,46,3
2031,2026-06-16 14:10:49+05:30,3151.6,8,3133.17,2699845,134197.0,194823.0,3163.0,3163.0,3108.0,3134.3,31912400,3447.7,2820.9,3839.9,2896.0,3151.5,55,3,3151.4,15,1,3151.2,16,2,3151.0,6,1,3150.9,21,1,3151.6,34,1,3151.7,1,1,3152.0,100,4,3152.3,242,2,3152.5,45,2
2031,2026-06-16 14:10:49+05:30,3151.6,10,3133.17,2699857,134198.0,194497.0,3163.0,3163.0,3108.0,3134.3,31912400,3447.7,2820.9,3839.9,2896.0,3151.5,55,3,3151.4,29,3,3151.3,3,1,3151.2,28,3,3151.0,23,2,3151.6,27,2,3151.7,1,1,3152.0,100,4,3152.3,242,2,3152.5,45,2
2031,2026-06-16 14:10:50+05:30,3151.6,10,3133.17,2699857,134198.0,194497.0,3163.0,3163.0,3108.0,3134.3,31912400,3447.7,2820.9,3839.9,2896.0,3151.5,55,3,3151.4,29,3,3151.3,3,1,3151.2,28,3,3151.0,23,2,3151.6,27,2,3151.7,1,1,3152.0,100,4,3152.3,242,2,3152.5,45,2
2031,2026-06-16 14:10:51+05:30,3151.6,10,3133.17,2699857,134214.0,194715.0,3163.0,3163.0,3108.0,3134.3,31912400,3447.7,2820.9,3839.9,2896.0,3151.5,55,3,3151.4,27,2,3151.2,28,3,3151.1,5,1,3151.0,6,1,3151.6,45,3,3151.7,1,1,3152.0,100,4,3152.3,242,2,3152.5,45,2
2031,2026-06-16 14:10:52+05:30,3151.4,2,3133.17,2699940,133569.0,194994.0,3163.0,3163.0,3108.0,3134.3,31912400,3447.7,2820.9,3839.9,2896.0,3151.4,15,1,3151.0,12,1,3150.9,6,1,3150.8,22,3,3150.7,34,4,3151.5,349,2,3151.6,23,2,3151.7,1,1,3151.9,1,1,3152.0,100,4
2031,2026-06-16 14:10:52+05:30,3151.4,2,3133.17,2699940,133569.0,194994.0,3163.0,3163.0,3108.0,3134.3,31912400,3447.7,2820.9,3839.9,2896.0,3151.4,15,1,3151.0,12,1,3150.9,6,1,3150.8,22,3,3150.7,34,4,3151.5,349,2,3151.6,23,2,3151.7,1,1,3151.9,1,1,3152.0,100,4
2031,2026-06-16 14:10:53+05:30,3151.5,7,3133.18,2700099,133420.0,194955.0,3163.0,3163.0,3108.0,3134.3,31912400,3447.7,2820.9,3839.9,2896.0,3150.9,23,4,3150.8,27,3,3150.7,5,2,3150.6,35,5,3150.5,112,5,3151.5,197,2,3151.6,5,1,3151.7,1,1,3152.0,142,5,3152.3,242,2
2031,2026-06-16 14:10:53+05:30,3151.5,7,3133.18,2700099,133420.0,194955.0,3163.0,3163.0,3108.0,3134.3,31912400,3447.7,2820.9,3839.9,2896.0,3150.9,23,4,3150.8,27,3,3150.7,5,2,3150.6,35,5,3150.5,112,5,3151.5,197,2,3151.6,5,1,3151.7,1,1,3152.0,142,5,3152.3,242,2
2031,2026-06-16 14:10:53+05:30,3151.5,7,3133.18,2700099,133440.0,195214.0,3163.0,3163.0,3108.0,3134.3,31912400,3447.7,2820.9,3839.9,2896.0,3150.9,6,2,3150.8,15,2,3150.7,5,2,3150.6,23,4,3150.5,112,5,3151.5,215,3,3151.6,5,1,3151.7,1,1,3152.0,142,5,3152.2,201,2
2031,2026-06-16 14:10:54+05:30,3151.3,1,3133.18,2700102,133250.0,195224.0,3163.0,3163.0,3108.0,3134.3,31912400,3447.7,2820.9,3839.9,2896.0,3150.9,3,1,3150.8,15,2,3150.7,2,1,3150.6,13,2,3150.5,50,3,3151.3,187,1,3151.4,1,1,3151.5,99,6,3151.6,5,1,3151.7,42,1
2031,2026-06-16 14:10:55+05:30,3151.3,1,3133.18,2700102,133250.0,195224.0,3163.0,3163.0,3108.0,3134.3,31912400,3447.7,2820.9,3839.9,2896.0,3150.9,3,1,3150.8,15,2,3150.7,2,1,3150.6,13,2,3150.5,50,3,3151.3,187,1,3151.4,1,1,3151.5,99,6,3151.6,5,1,3151.7,42,1
2031,2026-06-16 14:10:55+05:30,3151.3,1,3133.18,2700104,133266.0,195446.0,3163.0,3163.0,3108.0,3134.3,31912400,3447.7,2820.9,3839.9,2896.0,3150.9,3,1,3150.8,3,1,3150.7,2,1,3150.6,16,2,3150.5,21,1,3151.3,229,4,3151.4,1,1,3151.5,74,4,3151.7,42,1,3151.8,34,1
2031,2026-06-16 14:10:56+05:30,3151.3,1,3133.18,2700104,133266.0,195446.0,3163.0,3163.0,3108.0,3134.3,31912400,3447.7,2820.9,3839.9,2896.0,3150.9,3,1,3150.8,3,1,3150.7,2,1,3150.6,16,2,3150.5,21,1,3151.3,229,4,3151.4,1,1,3151.5,74,4,3151.7,42,1,3151.8,34,1
2031,2026-06-16 14:10:56+05:30,3151.3,17,3133.18,2700150,133366.0,195147.0,3163.0,3163.0,3108.0,3134.3,31912400,3447.7,2820.9,3839.9,2896.0,3150.9,16,1,3150.8,15,2,3150.7,2,1,3150.6,13,2,3150.5,21,1,3151.3,212,4,3151.4,1,1,3151.5,74,4,3152.0,135,5,3152.1,38,1
2031,2026-06-16 14:10:57+05:30,3151.3,5,3133.18,2700150,133366.0,195147.0,3163.0,3163.0,3108.0,3134.3,31912400,3447.7,2820.9,3839.9,2896.0,3150.9,16,1,3150.8,15,2,3150.7,2,1,3150.6,13,2,3150.5,21,1,3151.3,212,4,3151.4,1,1,3151.5,74,4,3152.0,135,5,3152.1,38,1
2031,2026-06-16 14:10:57+05:30,3151.3,5,3133.18,2700155,133385.0,195428.0,3163.0,3163.0,3108.0,3134.3,31912400,3447.7,2820.9,3839.9,2896.0,3150.9,16,1,3150.8,15,2,3150.7,2,1,3150.6,13,2,3150.5,21,1,3151.3,207,4,3151.4,1,1,3151.5,74,4,3152.0,135,5,3152.1,38,1
2031,2026-06-16 14:10:58+05:30,3150.9,41,3133.18,2700196,133372.0,195344.0,3163.0,3163.0,3108.0,3134.3,31912400,3447.7,2820.9,3839.9,2896.0,3150.9,23,3,3150.8,3,1,3150.7,14,2,3150.6,13,2,3150.5,21,1,3151.3,207,4,3151.4,1,1,3151.5,74,4,3152.0,84,4,3152.2,201,2
2031,2026-06-16 14:10:59+05:30,3151.3,12,3133.18,2700196,133372.0,195344.0,3163.0,3163.0,3108.0,3134.3,31912400,3447.7,2820.9,3839.9,2896.0,3150.9,23,3,3150.8,3,1,3150.7,14,2,3150.6,13,2,3150.5,21,1,3151.3,207,4,3151.4,1,1,3151.5,74,4,3152.0,84,4,3152.2,201,2
2031,2026-06-16 14:10:59+05:30,3150.9,6,3133.18,2700214,133360.0,195624.0,3163.0,3163.0,3108.0,3134.3,31912400,3447.7,2820.9,3839.9,2896.0,3150.9,13,2,3150.8,3,1,3150.7,2,1,3150.6,13,2,3150.5,22,2,3151.3,233,5,3151.4,1,1,3151.5,74,4,3152.0,84,4,3152.1,200,1
2031,2026-06-16 14:11:00+05:30,3151.3,7,3133.18,2700214,133360.0,195624.0,3163.0,3163.0,3108.0,3134.3,31912400,3447.7,2820.9,3839.9,2896.0,3150.9,13,2,3150.8,3,1,3150.7,2,1,3150.6,13,2,3150.5,22,2,3151.3,233,5,3151.4,1,1,3151.5,74,4,3152.0,84,4,3152.1,200,1
2031,2026-06-16 14:11:00+05:30,3151.3,15,3133.18,2700477,133454.0,195612.0,3163.0,3163.0,3108.0,3134.3,31912400,3447.7,2820.9,3839.9,2896.0,3151.0,12,1,3150.9,46,5,3150.8,16,2,3150.7,38,5,3150.6,25,3,3151.3,29,3,3151.5,74,4,3152.0,47,2,3152.2,200,1,3152.3,117,3
2031,2026-06-16 14:11:01+05:30,3151.3,15,3133.18,2700477,133454.0,195612.0,3163.0,3163.0,3108.0,3134.3,31912400,3447.7,2820.9,3839.9,2896.0,3151.0,12,1,3150.9,46,5,3150.8,16,2,3150.7,38,5,3150.6,25,3,3151.3,29,3,3151.5,74,4,3152.0,47,2,3152.2,200,1,3152.3,117,3
2031,2026-06-16 14:11:01+05:30,3151.6,1,3133.18,2700624,135150.0,194278.0,3163.0,3163.0,3108.0,3134.3,31912400,3447.7,2820.9,3839.9,2896.0,3151.6,20,4,3151.5,42,4,3151.4,113,8,3151.3,14,2,3151.2,30,4,3152.0,5,1,3152.2,200,1,3152.6,61,2,3152.7,89,1,3152.8,642,4
2031,2026-06-16 14:11:02+05:30,3151.6,1,3133.18,2700624,135150.0,194278.0,3163.0,3163.0,3108.0,3134.3,31912400,3447.7,2820.9,3839.9,2896.0,3151.6,20,4,3151.5,42,4,3151.4,113,8,3151.3,14,2,3151.2,30,4,3152.0,5,1,3152.2,200,1,3152.6,61,2,3152.7,89,1,3152.8,642,4
2031,2026-06-16 14:11:02+05:30,3152.2,35,3133.18,2700667,135457.0,193424.0,3163.0,3163.0,3108.0,3134.3,31912400,3447.7,2820.9,3839.9,2896.0,3151.6,13,2,3151.5,43,4,3151.4,40,3,3151.3,68,2,3151.2,35,4,3152.5,165,1,3152.6,17,1,3152.7,152,2,3152.8,642,4,3152.9,86,4
2031,2026-06-16 14:11:03+05:30,3151.6,1,3133.18,2700667,135457.0,193424.0,3163.0,3163.0,3108.0,3134.3,31912400,3447.7,2820.9,3839.9,2896.0,3151.6,13,2,3151.5,43,4,3151.4,40,3,3151.3,68,2,3151.2,35,4,3152.5,165,1,3152.6,17,1,3152.7,152,2,3152.8,642,4,3152.9,86,4
2031,2026-06-16 14:11:03+05:30,3151.6,1,3133.18,2700671,135502.0,193679.0,3163.0,3163.0,3108.0,3134.3,31912400,3447.7,2820.9,3839.9,2896.0,3151.6,44,1,3151.5,43,4,3151.4,28,2,3151.3,47,1,3151.2,35,4,3152.4,165,1,3152.5,23,2,3152.6,34,1,3152.7,152,2,3152.8,673,5
2031,2026-06-16 14:11:04+05:30,3151.6,1,3133.18,2700671,135304.0,194358.0,3163.0,3163.0,3108.0,3134.3,31912400,3447.7,2820.9,3839.9,2896.0,3151.6,61,3,3151.5,43,4,3151.4,28,2,3151.3,47,1,3151.2,18,3,3152.3,165,1,3152.4,23,2,3152.6,44,1,3152.7,152,2,3152.8,642,4
2031,2026-06-16 14:11:05+05:30,3151.6,10,3133.18,2700682,135103.0,194491.0,3163.0,3163.0,3108.0,3134.3,31912400,3447.7,2820.9,3839.9,2896.0,3151.6,51,3,3151.5,40,3,3151.4,28,2,3151.2,18,3,3151.1,22,2,3152.2,164,1,3152.3,42,2,3152.4,22,1,3152.5,82,2,3152.6,82,2
2031,2026-06-16 14:11:06+05:30,3151.6,10,3133.18,2700682,135103.0,194491.0,3163.0,3163.0,3108.0,3134.3,31912400,3447.7,2820.9,3839.9,2896.0,3151.6,51,3,3151.5,40,3,3151.4,28,2,3151.2,18,3,3151.1,22,2,3152.2,164,1,3152.3,42,2,3152.4,22,1,3152.5,82,2,3152.6,82,2
2031,2026-06-16 14:11:06+05:30,3151.6,4,3133.18,2700686,134885.0,194447.0,3163.0,3163.0,3108.0,3134.3,31912400,3447.7,2820.9,3839.9,2896.0,3151.6,47,3,3151.5,28,2,3151.4,28,2,3151.2,3,1,3151.1,2,1,3151.7,1,1,3152.2,187,3,3152.3,79,2,3152.5,125,4,3152.6,82,2
2031,2026-06-16 14:11:07+05:30,3151.5,3,3133.18,2700686,134885.0,194447.0,3163.0,3163.0,3108.0,3134.3,31912400,3447.7,2820.9,3839.9,2896.0,3151.6,47,3,3151.5,28,2,3151.4,28,2,3151.2,3,1,3151.1,2,1,3151.7,1,1,3152.2,187,3,3152.3,79,2,3152.5,125,4,3152.6,82,2
2031,2026-06-16 14:11:08+05:30,3151.5,3,3133.18,2700891,135129.0,194585.0,3163.0,3163.0,3108.0,3134.3,31912400,3447.7,2820.9,3839.9,2896.0,3151.6,17,1,3151.5,18,1,3151.4,28,2,3150.9,27,3,3150.8,160,3,3151.7,1,1,3152.2,225,4,3152.4,82,2,3152.5,125,4,3152.6,83,3
2031,2026-06-16 14:11:09+05:30,3151.7,1,3133.18,2700892,135254.0,194548.0,3163.0,3163.0,3108.0,3134.3,31912400,3447.7,2820.9,3839.9,2896.0,3151.6,20,2,3151.5,18,1,3151.4,28,2,3151.1,12,1,3150.9,24,2,3151.7,2,2,3152.2,186,2,3152.4,82,2,3152.5,85,3,3152.6,82,2
2031,2026-06-16 14:11:09+05:30,3151.7,1,3133.18,2700892,135254.0,194548.0,3163.0,3163.0,3108.0,3134.3,31912400,3447.7,2820.9,3839.9,2896.0,3151.6,20,2,3151.5,18,1,3151.4,28,2,3151.1,12,1,3150.9,24,2,3151.7,2,2,3152.2,186,2,3152.4,82,2,3152.5,85,3,3152.6,82,2
2031,2026-06-16 14:11:10+05:30,3151.7,1,3133.18,2700892,135254.0,194526.0,3163.0,3163.0,3108.0,3134.3,31912400,3447.7,2820.9,3839.9,2896.0,3151.6,20,2,3151.5,18,1,3151.4,28,2,3151.1,12,1,3150.9,24,2,3151.7,2,2,3152.2,164,1,3152.4,82,2,3152.5,85,3,3152.6,82,2
2031,2026-06-16 14:11:11+05:30,3151.6,5,3133.18,2700969,135150.0,194858.0,3163.0,3163.0,3108.0,3134.3,31912400,3447.7,2820.9,3839.9,2896.0,3151.8,1,1,3151.6,16,2,3151.5,18,1,3151.4,28,2,3151.1,21,1,3152.3,142,1,3152.4,82,2,3152.5,95,3,3152.6,113,4,3152.7,158,3
2031,2026-06-16 14:11:11+05:30,3151.6,5,3133.18,2700969,135150.0,194858.0,3163.0,3163.0,3108.0,3134.3,31912400,3447.7,2820.9,3839.9,2896.0,3151.8,1,1,3151.6,16,2,3151.5,18,1,3151.4,28,2,3151.1,21,1,3152.3,142,1,3152.4,82,2,3152.5,95,3,3152.6,113,4,3152.7,158,3
2031,2026-06-16 14:11:12+05:30,3151.6,5,3133.18,2700969,135572.0,194805.0,3163.0,3163.0,3108.0,3134.3,31912400,3447.7,2820.9,3839.9,2896.0,3151.8,1,1,3151.6,18,3,3151.5,18,1,3151.4,28,2,3151.1,21,1,3152.2,142,1,3152.3,87,3,3152.4,44,1,3152.5,96,4,3152.6,112,3
2031,2026-06-16 14:11:13+05:30,3152.2,5,3133.18,2700969,135572.0,194805.0,3163.0,3163.0,3108.0,3134.3,31912400,3447.7,2820.9,3839.9,2896.0,3151.8,1,1,3151.6,18,3,3151.5,18,1,3151.4,28,2,3151.1,21,1,3152.2,142,1,3152.3,87,3,3152.4,44,1,3152.5,96,4,3152.6,112,3
2031,2026-06-16 14:11:13+05:30,3152.2,5,3133.18,2700974,135573.0,194973.0,3163.0,3163.0,3108.0,3134.3,31912400,3447.7,2820.9,3839.9,2896.0,3151.8,1,1,3151.6,18,3,3151.5,18,1,3151.4,28,2,3151.1,21,1,3152.2,213,4,3152.3,67,2,3152.4,82,2,3152.5,95,4,3152.6,196,5
2031,2026-06-16 14:11:14+05:30,3151.8,1,3133.18,2700974,135573.0,194973.0,3163.0,3163.0,3108.0,3134.3,31912400,3447.7,2820.9,3839.9,2896.0,3151.8,1,1,3151.6,18,3,3151.5,18,1,3151.4,28,2,3151.1,21,1,3152.2,213,4,3152.3,67,2,3152.4,82,2,3152.5,95,4,3152.6,196,5
2031,2026-06-16 14:11:14+05:30,3151.8,1,3133.18,2700975,135601.0,194972.0,3163.0,3163.0,3108.0,3134.3,31912400,3447.7,2820.9,3839.9,2896.0,3151.6,18,3,3151.5,18,1,3151.4,28,2,3151.1,21,1,3150.9,24,2,3152.2,213,4,3152.3,67,2,3152.4,82,2,3152.5,95,4,3152.6,196,5
2031,2026-06-16 14:11:15+05:30,3151.8,1,3133.18,2700975,135544.0,195087.0,3163.0,3163.0,3108.0,3134.3,31912400,3447.7,2820.9,3839.9,2896.0,3151.9,18,1,3151.8,1,1,3151.6,5,2,3151.5,18,1,3151.4,28,2,3152.2,213,4,3152.3,67,2,3152.4,82,2,3152.5,56,3,3152.6,121,3
2031,2026-06-16 14:11:15+05:30,3152.2,39,3133.18,2700975,135544.0,195087.0,3163.0,3163.0,3108.0,3134.3,31912400,3447.7,2820.9,3839.9,2896.0,3151.9,18,1,3151.8,1,1,3151.6,5,2,3151.5,18,1,3151.4,28,2,3152.2,213,4,3152.3,67,2,3152.4,82,2,3152.5,56,3,3152.6,121,3
2031,2026-06-16 14:11:16+05:30,3151.9,3,3133.18,2701023,135427.0,194773.0,3163.0,3163.0,3108.0,3134.3,31912400,3447.7,2820.9,3839.9,2896.0,3151.9,16,2,3151.8,1,1,3151.6,2,1,3151.5,18,1,3151.4,28,2,3152.2,173,4,3152.4,38,1,3152.5,3,1,3152.6,83,2,3152.7,164,5
2031,2026-06-16 14:11:16+05:30,3151.9,3,3133.18,2701023,135427.0,194773.0,3163.0,3163.0,3108.0,3134.3,31912400,3447.7,2820.9,3839.9,2896.0,3151.9,16,2,3151.8,1,1,3151.6,2,1,3151.5,18,1,3151.4,28,2,3152.2,173,4,3152.4,38,1,3152.5,3,1,3152.6,83,2,3152.7,164,5
2031,2026-06-16 14:11:17+05:30,3151.9,9,3133.18,2701023,135427.0,194773.0,3163.0,3163.0,3108.0,3134.3,31912400,3447.7,2820.9,3839.9,2896.0,3151.9,16,2,3151.8,1,1,3151.6,2,1,3151.5,18,1,3151.4,28,2,3152.2,173,4,3152.4,38,1,3152.5,3,1,3152.6,83,2,3152.7,164,5
2031,2026-06-16 14:11:17+05:30,3151.9,9,3133.18,2701069,135417.0,192841.0,3163.0,3163.0,3108.0,3134.3,31912400,3447.7,2820.9,3839.9,2896.0,3151.9,7,2,3151.8,1,1,3151.6,2,1,3151.5,18,1,3151.4,28,2,3152.2,150,5,3152.3,23,1,3152.4,119,3,3152.5,3,1,3152.6,150,4
2031,2026-06-16 14:11:18+05:30,3152.1,5,3133.18,2701069,135417.0,192841.0,3163.0,3163.0,3108.0,3134.3,31912400,3447.7,2820.9,3839.9,2896.0,3151.9,7,2,3151.8,1,1,3151.6,2,1,3151.5,18,1,3151.4,28,2,3152.2,150,5,3152.3,23,1,3152.4,119,3,3152.5,3,1,3152.6,150,4
2031,2026-06-16 14:11:18+05:30,3152.1,5,3133.18,2701147,135035.0,195367.0,3163.0,3163.0,3108.0,3134.3,31912400,3447.7,2820.9,3839.9,2896.0,3151.9,10,2,3151.8,1,1,3151.6,19,2,3151.5,18,1,3151.4,28,2,3152.2,318,5,3152.3,23,1,3152.4,147,4,3152.5,37,2,3152.6,197,5
2031,2026-06-16 14:11:19+05:30,3152.2,94,3133.18,2701147,135035.0,195367.0,3163.0,3163.0,3108.0,3134.3,31912400,3447.7,2820.9,3839.9,2896.0,3151.9,10,2,3151.8,1,1,3151.6,19,2,3151.5,18,1,3151.4,28,2,3152.2,318,5,3152.3,23,1,3152.4,147,4,3152.5,37,2,3152.6,197,5
2031,2026-06-16 14:11:19+05:30,3152.2,12,3133.18,2701350,135307.0,194795.0,3163.0,3163.0,3108.0,3134.3,31912400,3447.7,2820.9,3839.9,2896.0,3151.9,2,2,3151.8,10,2,3151.6,17,2,3151.5,18,1,3151.4,28,2,3152.2,111,2,3152.3,60,2,3152.4,66,2,3152.5,47,2,3152.6,153,4
2031,2026-06-16 14:11:20+05:30,3152.2,1,3133.18,2701350,135307.0,194795.0,3163.0,3163.0,3108.0,3134.3,31912400,3447.7,2820.9,3839.9,2896.0,3151.9,2,2,3151.8,10,2,3151.6,17,2,3151.5,18,1,3151.4,28,2,3152.2,111,2,3152.3,60,2,3152.4,66,2,3152.5,47,2,3152.6,153,4
2031,2026-06-16 14:11:20+05:30,3152.2,1,3133.18,2701351,135111.0,194902.0,3163.0,3163.0,3108.0,3134.3,31912400,3447.7,2820.9,3839.9,2896.0,3151.9,18,3,3151.8,9,1,3151.6,2,1,3151.5,18,1,3151.4,28,2,3152.1,12,1,3152.2,183,4,3152.3,60,2,3152.4,66,2,3152.5,47,2
2031,2026-06-16 14:11:21+05:30,3152.2,7,3133.18,2701351,135111.0,194902.0,3163.0,3163.0,3108.0,3134.3,31912400,3447.7,2820.9,3839.9,2896.0,3151.9,18,3,3151.8,9,1,3151.6,2,1,3151.5,18,1,3151.4,28,2,3152.1,12,1,3152.2,183,4,3152.3,60,2,3152.4,66,2,3152.5,47,2
2031,2026-06-16 14:11:21+05:30,3152.1,1,3133.18,2701382,135467.0,194584.0,3163.0,3163.0,3108.0,3134.3,31912400,3447.7,2820.9,3839.9,2896.0,3151.9,58,4,3151.8,9,1,3151.5,18,1,3151.4,28,2,3151.1,184,3,3152.1,11,1,3152.2,151,5,3152.4,38,1,3152.5,47,2,3152.6,114,3
2031,2026-06-16 14:11:22+05:30,3152.1,5,3133.18,2701382,135467.0,194584.0,3163.0,3163.0,3108.0,3134.3,31912400,3447.7,2820.9,3839.9,2896.0,3151.9,58,4,3151.8,9,1,3151.5,18,1,3151.4,28,2,3151.1,184,3,3152.1,11,1,3152.2,151,5,3152.4,38,1,3152.5,47,2,3152.6,114,3
2031,2026-06-16 14:11:22+05:30,3151.9,8,3133.19,2701505,135034.0,194884.0,3163.0,3163.0,3108.0,3134.3,31912400,3447.7,2820.9,3839.9,2896.0,3151.9,8,1,3151.8,9,1,3151.5,18,1,3151.4,28,2,3151.1,184,3,3152.0,12,1,3152.1,132,6,3152.2,165,5,3152.3,118,4,3152.4,74,2
2031,2026-06-16 14:11:23+05:30,3151.9,8,3133.19,2701505,135034.0,194884.0,3163.0,3163.0,3108.0,3134.3,31912400,3447.7,2820.9,3839.9,2896.0,3151.9,8,1,3151.8,9,1,3151.5,18,1,3151.4,28,2,3151.1,184,3,3152.0,12,1,3152.1,132,6,3152.2,165,5,3152.3,118,4,3152.4,74,2
2031,2026-06-16 14:11:23+05:30,3152.1,22,3133.19,2701563,135429.0,192543.0,3163.0,3163.0,3108.0,3134.3,31912400,3447.7,2820.9,3839.9,2896.0,3151.9,8,1,3151.8,9,1,3151.4,28,2,3151.1,184,3,3151.0,3,1,3152.1,97,4,3152.2,165,5,3152.3,67,2,3152.4,74,2,3152.5,81,3
2031,2026-06-16 14:11:24+05:30,3152.1,22,3133.19,2701563,135429.0,192543.0,3163.0,3163.0,3108.0,3134.3,31912400,3447.7,2820.9,3839.9,2896.0,3151.9,8,1,3151.8,9,1,3151.4,28,2,3151.1,184,3,3151.0,3,1,3152.1,97,4,3152.2,165,5,3152.3,67,2,3152.4,74,2,3152.5,81,3
2031,2026-06-16 14:11:24+05:30,3152.1,22,3133.19,2701563,135533.0,194585.0,3163.0,3163.0,3108.0,3134.3,31912400,3447.7,2820.9,3839.9,2896.0,3151.9,8,1,3151.8,9,1,3151.4,28,2,3151.1,184,3,3151.0,3,1,3152.0,10,1,3152.1,126,5,3152.2,165,5,3152.3,67,2,3152.4,74,2
2031,2026-06-16 14:11:25+05:30,3152.0,5,3133.19,2701563,135533.0,194585.0,3163.0,3163.0,3108.0,3134.3,31912400,3447.7,2820.9,3839.9,2896.0,3151.9,8,1,3151.8,9,1,3151.4,28,2,3151.1,184,3,3151.0,3,1,3152.0,10,1,3152.1,126,5,3152.2,165,5,3152.3,67,2,3152.4,74,2
2031,2026-06-16 14:11:25+05:30,3152.0,5,3133.19,2701568,135522.0,194203.0,3163.0,3163.0,3108.0,3134.3,31912400,3447.7,2820.9,3839.9,2896.0,3151.9,8,1,3151.8,9,1,3151.1,184,3,3151.0,31,2,3150.9,166,3,3152.0,79,4,3152.1,149,4,3152.2,163,6,3152.3,67,2,3152.4,74,2
2031,2026-06-16 14:11:26+05:30,3152.0,35,3133.19,2701691,135708.0,194053.0,3163.0,3163.0,3108.0,3134.3,31912400,3447.7,2820.9,3839.9,2896.0,3151.9,16,1,3151.8,9,1,3151.1,184,3,3151.0,3,1,3150.9,194,4,3152.1,193,5,3152.2,59,3,3152.3,23,1,3152.4,74,2,3152.5,113,5
2031,2026-06-16 14:11:27+05:30,3152.1,1,3133.19,2701691,135708.0,194053.0,3163.0,3163.0,3108.0,3134.3,31912400,3447.7,2820.9,3839.9,2896.0,3151.9,16,1,3151.8,9,1,3151.1,184,3,3151.0,3,1,3150.9,194,4,3152.1,193,5,3152.2,59,3,3152.3,23,1,3152.4,74,2,3152.5,113,5
2031,2026-06-16 14:11:27+05:30,3152.1,1,3133.19,2701691,135708.0,194053.0,3163.0,3163.0,3108.0,3134.3,31912400,3447.7,2820.9,3839.9,2896.0,3151.9,16,1,3151.8,9,1,3151.1,184,3,3151.0,3,1,3150.9,194,4,3152.1,193,5,3152.2,59,3,3152.3,23,1,3152.4,74,2,3152.5,113,5
2031,2026-06-16 14:11:27+05:30,3152.1,1,3133.19,2701692,135711.0,194096.0,3163.0,3163.0,3108.0,3134.3,31912400,3447.7,2820.9,3839.9,2896.0,3151.9,16,1,3151.8,9,1,3151.1,184,3,3151.0,3,1,3150.9,194,4,3152.1,192,5,3152.2,59,3,3152.3,23,1,3152.4,74,2,3152.5,113,5
2031,2026-06-16 14:11:28+05:30,3152.1,1,3133.19,2701693,135713.0,193989.0,3163.0,3163.0,3108.0,3134.3,31912400,3447.7,2820.9,3839.9,2896.0,3151.9,16,1,3151.8,9,1,3151.1,184,3,3151.0,3,1,3150.9,194,4,3152.1,158,4,3152.2,47,2,3152.3,23,1,3152.4,74,2,3152.5,79,4
2031,2026-06-16 14:11:29+05:30,3152.1,1,3133.19,2701693,135713.0,193989.0,3163.0,3163.0,3108.0,3134.3,31912400,3447.7,2820.9,3839.9,2896.0,3151.9,16,1,3151.8,9,1,3151.1,184,3,3151.0,3,1,3150.9,194,4,3152.1,158,4,3152.2,47,2,3152.3,23,1,3152.4,74,2,3152.5,79,4
2031,2026-06-16 14:11:29+05:30,3152.1,1,3133.19,2701693,135713.0,193989.0,3163.0,3163.0,3108.0,3134.3,31912400,3447.7,2820.9,3839.9,2896.0,3151.9,16,1,3151.8,9,1,3151.1,184,3,3151.0,3,1,3150.9,194,4,3152.1,158,4,3152.2,47,2,3152.3,23,1,3152.4,74,2,3152.5,79,4
2031,2026-06-16 14:11:29+05:30,3152.1,2,3133.19,2701705,135713.0,194585.0,3163.0,3163.0,3108.0,3134.3,31912400,3447.7,2820.9,3839.9,2896.0,3151.9,16,1,3151.8,9,1,3151.1,184,3,3151.0,3,1,3150.9,194,4,3152.1,157,4,3152.2,47,2,3152.3,23,1,3152.4,74,2,3152.5,78,3
2031,2026-06-16 14:11:30+05:30,3152.1,2,3133.19,2701705,135713.0,194585.0,3163.0,3163.0,3108.0,3134.3,31912400,3447.7,2820.9,3839.9,2896.0,3151.9,16,1,3151.8,9,1,3151.1,184,3,3151.0,3,1,3150.9,194,4,3152.1,157,4,3152.2,47,2,3152.3,23,1,3152.4,74,2,3152.5,78,3
2031,2026-06-16 14:11:30+05:30,3152.1,2,3133.19,2701705,135760.0,194333.0,3163.0,3163.0,3108.0,3134.3,31912400,3447.7,2820.9,3839.9,2896.0,3152.0,2,2,3151.9,23,3,3151.8,9,1,3151.3,63,1,3151.2,185,1,3152.1,115,3,3152.2,82,3,3152.3,23,1,3152.4,47,2,3152.5,47,2
2031,2026-06-16 14:11:31+05:30,3152.1,41,3133.19,2701820,135939.0,194503.0,3163.0,3163.0,3108.0,3134.3,31912400,3447.7,2820.9,3839.9,2896.0,3152.1,2,1,3152.0,2,2,3151.9,23,3,3151.8,9,1,3151.3,63,1,3152.2,35,1,3152.3,58,2,3152.4,49,2,3152.5,3,1,3152.6,234,5
2031,2026-06-16 14:11:32+05:30,3152.1,11,3133.19,2701820,135939.0,194503.0,3163.0,3163.0,3108.0,3134.3,31912400,3447.7,2820.9,3839.9,2896.0,3152.1,2,1,3152.0,2,2,3151.9,23,3,3151.8,9,1,3151.3,63,1,3152.2,35,1,3152.3,58,2,3152.4,49,2,3152.5,3,1,3152.6,234,5
2031,2026-06-16 14:11:32+05:30,3152.1,11,3133.19,2701820,135939.0,194503.0,3163.0,3163.0,3108.0,3134.3,31912400,3447.7,2820.9,3839.9,2896.0,3152.1,2,1,3152.0,2,2,3151.9,23,3,3151.8,9,1,3151.3,63,1,3152.2,35,1,3152.3,58,2,3152.4,49,2,3152.5,3,1,3152.6,234,5
2031,2026-06-16 14:11:32+05:30,3152.1,1,3133.19,2701832,135636.0,194720.0,3163.0,3163.0,3108.0,3134.3,31912400,3447.7,2820.9,3839.9,2896.0,3152.0,2,2,3151.9,23,3,3151.8,9,1,3151.1,184,3,3150.9,192,4,3152.1,188,1,3152.2,73,2,3152.3,23,1,3152.4,128,4,3152.5,3,1
2031,2026-06-16 14:11:33+05:30,3152.1,1,3133.19,2701832,135636.0,194720.0,3163.0,3163.0,3108.0,3134.3,31912400,3447.7,2820.9,3839.9,2896.0,3152.0,2,2,3151.9,23,3,3151.8,9,1,3151.1,184,3,3150.9,192,4,3152.1,188,1,3152.2,73,2,3152.3,23,1,3152.4,128,4,3152.5,3,1
2031,2026-06-16 14:11:33+05:30,3152.1,12,3133.19,2701844,135460.0,194707.0,3163.0,3163.0,3108.0,3134.3,31912400,3447.7,2820.9,3839.9,2896.0,3152.0,2,2,3151.9,23,3,3151.8,9,1,3151.2,6,1,3151.1,184,3,3152.1,176,1,3152.2,108,3,3152.3,23,1,3152.4,128,4,3152.5,3,1
2031,2026-06-16 14:11:34+05:30,3152.1,12,3133.19,2701844,135460.0,194707.0,3163.0,3163.0,3108.0,3134.3,31912400,3447.7,2820.9,3839.9,2896.0,3152.0,2,2,3151.9,23,3,3151.8,9,1,3151.2,6,1,3151.1,184,3,3152.1,176,1,3152.2,108,3,3152.3,23,1,3152.4,128,4,3152.5,3,1
2031,2026-06-16 14:11:34+05:30,3152.1,12,3133.19,2701844,135460.0,194707.0,3163.0,3163.0,3108.0,3134.3,31912400,3447.7,2820.9,3839.9,2896.0,3152.0,2,2,3151.9,23,3,3151.8,9,1,3151.2,6,1,3151.1,184,3,3152.1,176,1,3152.2,108,3,3152.3,23,1,3152.4,128,4,3152.5,3,1
2031,2026-06-16 14:11:34+05:30,3152.1,2,3133.19,2701846,135428.0,192558.0,3163.0,3163.0,3108.0,3134.3,31912400,3447.7,2820.9,3839.9,2896.0,3152.0,3,3,3151.9,23,3,3151.8,9,1,3151.1,184,3,3150.9,192,4,3152.1,237,3,3152.2,70,2,3152.3,23,1,3152.4,128,4,3152.5,4,2
2031,2026-06-16 14:11:35+05:30,3152.1,1,3133.19,2701846,135428.0,192558.0,3163.0,3163.0,3108.0,3134.3,31912400,3447.7,2820.9,3839.9,2896.0,3152.0,3,3,3151.9,23,3,3151.8,9,1,3151.1,184,3,3150.9,192,4,3152.1,237,3,3152.2,70,2,3152.3,23,1,3152.4,128,4,3152.5,4,2
2031,2026-06-16 14:11:35+05:30,3152.1,160,3133.19,2702007,135486.0,194361.0,3163.0,3163.0,3108.0,3134.3,31912400,3447.7,2820.9,3839.9,2896.0,3152.0,3,3,3151.9,23,3,3151.8,9,1,3151.2,63,1,3151.1,184,3,3152.1,38,2,3152.2,35,1,3152.5,3,1,3152.6,113,3,3152.7,6,1
2031,2026-06-16 14:11:36+05:30,3151.9,13,3133.19,2702007,135486.0,194361.0,3163.0,3163.0,3108.0,3134.3,31912400,3447.7,2820.9,3839.9,2896.0,3152.0,3,3,3151.9,23,3,3151.8,9,1,3151.2,63,1,3151.1,184,3,3152.1,38,2,3152.2,35,1,3152.5,3,1,3152.6,113,3,3152.7,6,1
2031,2026-06-16 14:11:36+05:30,3151.9,13,3133.19,2702007,135486.0,194361.0,3163.0,3163.0,3108.0,3134.3,31912400,3447.7,2820.9,3839.9,2896.0,3152.0,3,3,3151.9,23,3,3151.8,9,1,3151.2,63,1,3151.1,184,3,3152.1,38,2,3152.2,35,1,3152.5,3,1,3152.6,113,3,3152.7,6,1
2031,2026-06-16 14:11:36+05:30,3151.9,1,3133.19,2702040,135488.0,194704.0,3163.0,3163.0,3108.0,3134.3,31912400,3447.7,2820.9,3839.9,2896.0,3151.9,22,3,3151.8,9,1,3151.1,184,3,3150.9,178,4,3150.7,215,7,3152.0,130,2,3152.1,709,8,3152.2,79,2,3152.3,18,2,3152.4,473,4
2031,2026-06-16 14:11:37+05:30,3152.0,17,3133.19,2702040,135488.0,194704.0,3163.0,3163.0,3108.0,3134.3,31912400,3447.7,2820.9,3839.9,2896.0,3151.9,22,3,3151.8,9,1,3151.1,184,3,3150.9,178,4,3150.7,215,7,3152.0,130,2,3152.1,709,8,3152.2,79,2,3152.3,18,2,3152.4,473,4
2031,2026-06-16 14:11:37+05:30,3152.0,1,3133.19,2702058,135647.0,192713.0,3163.0,3163.0,3108.0,3134.3,31912400,3447.7,2820.9,3839.9,2896.0,3151.9,22,3,3151.8,9,1,3151.1,184,3,3150.9,178,4,3150.8,69,2,3152.0,171,4,3152.1,650,6,3152.2,113,3,3152.3,17,1,3152.4,473,4
2031,2026-06-16 14:11:38+05:30,3152.0,9,3133.19,2702058,135647.0,192713.0,3163.0,3163.0,3108.0,3134.3,31912400,3447.7,2820.9,3839.9,2896.0,3151.9,22,3,3151.8,9,1,3151.1,184,3,3150.9,178,4,3150.8,69,2,3152.0,171,4,3152.1,650,6,3152.2,113,3,3152.3,17,1,3152.4,473,4
2031,2026-06-16 14:11:38+05:30,3152.0,9,3133.19,2702058,135647.0,192713.0,3163.0,3163.0,3108.0,3134.3,31912400,3447.7,2820.9,3839.9,2896.0,3151.9,22,3,3151.8,9,1,3151.1,184,3,3150.9,178,4,3150.8,69,2,3152.0,171,4,3152.1,650,6,3152.2,113,3,3152.3,17,1,3152.4,473,4
2031,2026-06-16 14:11:38+05:30,3152.0,9,3133.19,2702067,135681.0,194508.0,3163.0,3163.0,3108.0,3134.3,31912400,3447.7,2820.9,3839.9,2896.0,3151.9,64,4,3151.1,184,3,3150.9,178,4,3150.8,69,2,3150.7,212,6,3152.0,128,3,3152.1,601,4,3152.2,79,2,3152.4,466,4,3152.5,282,5
2031,2026-06-16 14:11:39+05:30,3152.0,50,3133.19,2702117,135938.0,194287.0,3163.0,3163.0,3108.0,3134.3,31912400,3447.7,2820.9,3839.9,2896.0,3151.9,64,4,3151.1,85,3,3151.0,186,2,3150.9,178,4,3150.8,193,5,3152.0,25,1,3152.1,1,1,3152.2,35,1,3152.5,34,1,3152.8,170,4
2031,2026-06-16 14:11:39+05:30,3152.0,50,3133.19,2702117,135938.0,194287.0,3163.0,3163.0,3108.0,3134.3,31912400,3447.7,2820.9,3839.9,2896.0,3151.9,64,4,3151.1,85,3,3151.0,186,2,3150.9,178,4,3150.8,193,5,3152.0,25,1,3152.1,1,1,3152.2,35,1,3152.5,34,1,3152.8,170,4
2031,2026-06-16 14:11:40+05:30,3152.0,50,3133.19,2702117,135938.0,194287.0,3163.0,3163.0,3108.0,3134.3,31912400,3447.7,2820.9,3839.9,2896.0,3151.9,64,4,3151.1,85,3,3151.0,186,2,3150.9,178,4,3150.8,193,5,3152.0,25,1,3152.1,1,1,3152.2,35,1,3152.5,34,1,3152.8,170,4
2031,2026-06-16 14:11:40+05:30,3152.0,50,3133.19,2702117,135938.0,194287.0,3163.0,3163.0,3108.0,3134.3,31912400,3447.7,2820.9,3839.9,2896.0,3151.9,64,4,3151.1,85,3,3151.0,186,2,3150.9,178,4,3150.8,193,5,3152.0,25,1,3152.1,1,1,3152.2,35,1,3152.5,34,1,3152.8,170,4
2031,2026-06-16 14:11:40+05:30,3152.0,7,3133.19,2702124,135984.0,194397.0,3163.0,3163.0,3108.0,3134.3,31912400,3447.7,2820.9,3839.9,2896.0,3151.9,63,3,3151.5,6,1,3151.4,44,1,3151.2,9,1,3151.1,98,4,3152.0,62,2,3152.1,1,1,3152.2,35,1,3152.8,128,3,3152.9,775,7
2031,2026-06-16 14:11:41+05:30,3152.0,7,3133.19,2702124,135984.0,194397.0,3163.0,3163.0,3108.0,3134.3,31912400,3447.7,2820.9,3839.9,2896.0,3151.9,63,3,3151.5,6,1,3151.4,44,1,3151.2,9,1,3151.1,98,4,3152.0,62,2,3152.1,1,1,3152.2,35,1,3152.8,128,3,3152.9,775,7
2031,2026-06-16 14:11:41+05:30,3152.0,7,3133.19,2702124,135984.0,194397.0,3163.0,3163.0,3108.0,3134.3,31912400,3447.7,2820.9,3839.9,2896.0,3151.9,63,3,3151.5,6,1,3151.4,44,1,3151.2,9,1,3151.1,98,4,3152.0,62,2,3152.1,1,1,3152.2,35,1,3152.8,128,3,3152.9,775,7
2031,2026-06-16 14:11:41+05:30,3152.0,7,3133.19,2702124,135984.0,194397.0,3163.0,3163.0,3108.0,3134.3,31912400,3447.7,2820.9,3839.9,2896.0,3151.9,63,3,3151.5,6,1,3151.4,44,1,3151.2,9,1,3151.1,98,4,3152.0,62,2,3152.1,1,1,3152.2,35,1,3152.8,128,3,3152.9,775,7
2031,2026-06-16 14:11:41+05:30,3152.0,2,3133.19,2702198,135774.0,194401.0,3163.0,3163.0,3108.0,3134.3,31912400,3447.7,2820.9,3839.9,2896.0,3152.0,5,1,3151.9,63,3,3151.4,70,2,3151.3,11,2,3151.2,18,2,3152.1,1,1,3152.2,35,1,3152.4,34,1,3152.6,72,2,3152.8,128,3
2031,2026-06-16 14:11:42+05:30,3152.0,2,3133.19,2702198,135774.0,194401.0,3163.0,3163.0,3108.0,3134.3,31912400,3447.7,2820.9,3839.9,2896.0,3152.0,5,1,3151.9,63,3,3151.4,70,2,3151.3,11,2,3151.2,18,2,3152.1,1,1,3152.2,35,1,3152.4,34,1,3152.6,72,2,3152.8,128,3
2031,2026-06-16 14:11:42+05:30,3152.1,1,3133.19,2702198,135774.0,194401.0,3163.0,3163.0,3108.0,3134.3,31912400,3447.7,2820.9,3839.9,2896.0,3152.0,5,1,3151.9,63,3,3151.4,70,2,3151.3,11,2,3151.2,18,2,3152.1,1,1,3152.2,35,1,3152.4,34,1,3152.6,72,2,3152.8,128,3
2031,2026-06-16 14:11:42+05:30,3152.2,35,3133.19,2702234,136177.0,194351.0,3163.0,3163.0,3108.0,3134.3,31912400,3447.7,2820.9,3839.9,2896.0,3151.9,113,4,3151.4,26,1,3151.3,33,3,3151.2,59,3,3151.1,241,5,3152.4,38,1,3152.5,33,1,3152.6,72,2,3152.7,44,1,3152.8,128,3
2031,2026-06-16 14:11:42+05:30,3152.2,35,3133.19,2702234,136177.0,194351.0,3163.0,3163.0,3108.0,3134.3,31912400,3447.7,2820.9,3839.9,2896.0,3151.9,113,4,3151.4,26,1,3151.3,33,3,3151.2,59,3,3151.1,241,5,3152.4,38,1,3152.5,33,1,3152.6,72,2,3152.7,44,1,3152.8,128,3
2031,2026-06-16 14:11:43+05:30,3152.4,1,3133.19,2702234,136177.0,194351.0,3163.0,3163.0,3108.0,3134.3,31912400,3447.7,2820.9,3839.9,2896.0,3151.9,113,4,3151.4,26,1,3151.3,33,3,3151.2,59,3,3151.1,241,5,3152.4,38,1,3152.5,33,1,3152.6,72,2,3152.7,44,1,3152.8,128,3
2031,2026-06-16 14:11:43+05:30,3152.4,1,3133.19,2702234,136177.0,194351.0,3163.0,3163.0,3108.0,3134.3,31912400,3447.7,2820.9,3839.9,2896.0,3151.9,113,4,3151.4,26,1,3151.3,33,3,3151.2,59,3,3151.1,241,5,3152.4,38,1,3152.5,33,1,3152.6,72,2,3152.7,44,1,3152.8,128,3
2031,2026-06-16 14:11:43+05:30,3152.4,1,3133.19,2702235,135896.0,194345.0,3163.0,3163.0,3108.0,3134.3,31912400,3447.7,2820.9,3839.9,2896.0,3151.9,113,4,3151.3,48,4,3151.2,25,3,3151.1,197,4,3151.0,61,2,3152.0,25,1,3152.4,51,3,3152.5,33,1,3152.6,38,1,3152.7,44,1
2031,2026-06-16 14:11:44+05:30,3152.4,1,3133.19,2702235,135896.0,194345.0,3163.0,3163.0,3108.0,3134.3,31912400,3447.7,2820.9,3839.9,2896.0,3151.9,113,4,3151.3,48,4,3151.2,25,3,3151.1,197,4,3151.0,61,2,3152.0,25,1,3152.4,51,3,3152.5,33,1,3152.6,38,1,3152.7,44,1
2031,2026-06-16 14:11:45+05:30,3151.9,13,3133.19,2702435,135737.0,194638.0,3163.0,3163.0,3108.0,3134.3,31912400,3447.7,2820.9,3839.9,2896.0,3151.9,15,3,3151.1,189,3,3151.0,71,2,3150.9,226,4,3150.8,66,1,3152.0,109,4,3152.1,11,1,3152.2,71,2,3152.4,155,6,3152.5,90,4
2031,2026-06-16 14:11:45+05:30,3152.0,32,3133.19,2702435,135737.0,194638.0,3163.0,3163.0,3108.0,3134.3,31912400,3447.7,2820.9,3839.9,2896.0,3151.9,15,3,3151.1,189,3,3151.0,71,2,3150.9,226,4,3150.8,66,1,3152.0,109,4,3152.1,11,1,3152.2,71,2,3152.4,155,6,3152.5,90,4
2031,2026-06-16 14:11:45+05:30,3152.0,32,3133.19,2702435,135737.0,194638.0,3163.0,3163.0,3108.0,3134.3,31912400,3447.7,2820.9,3839.9,2896.0,3151.9,15,3,3151.1,189,3,3151.0,71,2,3150.9,226,4,3150.8,66,1,3152.0,109,4,3152.1,11,1,3152.2,71,2,3152.4,155,6,3152.5,90,4
2031,2026-06-16 14:11:46+05:30,3152.0,32,3133.19,2702435,135737.0,194638.0,3163.0,3163.0,3108.0,3134.3,31912400,3447.7,2820.9,3839.9,2896.0,3151.9,15,3,3151.1,189,3,3151.0,71,2,3150.9,226,4,3150.8,66,1,3152.0,109,4,3152.1,11,1,3152.2,71,2,3152.4,155,6,3152.5,90,4
2031,2026-06-16 14:11:46+05:30,3152.0,2,3133.19,2702435,135737.0,194638.0,3163.0,3163.0,3108.0,3134.3,31912400,3447.7,2820.9,3839.9,2896.0,3151.9,15,3,3151.1,189,3,3151.0,71,2,3150.9,226,4,3150.8,66,1,3152.0,109,4,3152.1,11,1,3152.2,71,2,3152.4,155,6,3152.5,90,4
2031,2026-06-16 14:11:46+05:30,3152.0,2,3133.19,2702509,135267.0,193924.0,3163.0,3163.0,3108.0,3134.3,31912400,3447.7,2820.9,3839.9,2896.0,3151.9,10,3,3151.1,189,3,3151.0,71,2,3150.9,226,4,3150.8,66,1,3152.0,38,3,3152.1,11,1,3152.2,38,1,3152.3,34,1,3152.4,122,5
2031,2026-06-16 14:11:46+05:30,3152.0,2,3133.19,2702509,135267.0,193924.0,3163.0,3163.0,3108.0,3134.3,31912400,3447.7,2820.9,3839.9,2896.0,3151.9,10,3,3151.1,189,3,3151.0,71,2,3150.9,226,4,3150.8,66,1,3152.0,38,3,3152.1,11,1,3152.2,38,1,3152.3,34,1,3152.4,122,5
2031,2026-06-16 14:11:47+05:30,3151.9,7,3133.19,2702509,135267.0,193924.0,3163.0,3163.0,3108.0,3134.3,31912400,3447.7,2820.9,3839.9,2896.0,3151.9,10,3,3151.1,189,3,3151.0,71,2,3150.9,226,4,3150.8,66,1,3152.0,38,3,3152.1,11,1,3152.2,38,1,3152.3,34,1,3152.4,122,5
2031,2026-06-16 14:11:47+05:30,3151.9,7,3133.19,2702518,135612.0,194017.0,3163.0,3163.0,3108.0,3134.3,31912400,3447.7,2820.9,3839.9,2896.0,3151.9,16,2,3151.1,49,3,3151.0,71,2,3150.9,239,5,3150.8,67,2,3152.0,160,5,3152.1,11,1,3152.2,71,2,3152.3,22,1,3152.4,84,4
2031,2026-06-16 14:11:47+05:30,3151.9,7,3133.19,2702518,135612.0,194017.0,3163.0,3163.0,3108.0,3134.3,31915000,3447.7,2820.9,3839.9,2896.0,3151.9,16,2,3151.1,49,3,3151.0,71,2,3150.9,239,5,3150.8,67,2,3152.0,160,5,3152.1,11,1,3152.2,71,2,3152.3,22,1,3152.4,84,4
2031,2026-06-16 14:11:48+05:30,3152.0,1,3133.19,2702518,135612.0,194017.0,3163.0,3163.0,3108.0,3134.3,31915000,3447.7,2820.9,3839.9,2896.0,3151.9,16,2,3151.1,49,3,3151.0,71,2,3150.9,239,5,3150.8,67,2,3152.0,160,5,3152.1,11,1,3152.2,71,2,3152.3,22,1,3152.4,84,4
2031,2026-06-16 14:11:48+05:30,3151.9,1,3133.19,2702521,135613.0,194785.0,3163.0,3163.0,3108.0,3134.3,31915000,3447.7,2820.9,3839.9,2896.0,3151.9,16,2,3151.1,46,2,3151.0,71,2,3150.9,226,4,3150.8,67,2,3152.0,173,7,3152.1,11,1,3152.2,71,2,3152.3,22,1,3152.4,83,3
2031,2026-06-16 14:11:49+05:30,3152.0,13,3133.19,2702521,135613.0,194785.0,3163.0,3163.0,3108.0,3134.3,31915000,3447.7,2820.9,3839.9,2896.0,3151.9,16,2,3151.1,46,2,3151.0,71,2,3150.9,226,4,3150.8,67,2,3152.0,173,7,3152.1,11,1,3152.2,71,2,3152.3,22,1,3152.4,83,3
2031,2026-06-16 14:11:49+05:30,3152.0,13,3133.19,2702739,135639.0,194542.0,3163.0,3163.0,3108.0,3134.3,31915000,3447.7,2820.9,3839.9,2896.0,3151.9,4,3,3151.1,46,2,3151.0,115,3,3150.9,226,4,3150.8,111,3,3152.0,66,5,3152.1,11,1,3152.2,71,2,3152.3,22,1,3152.4,113,4
2031,2026-06-16 14:11:50+05:30,3152.0,13,3133.19,2702739,135639.0,194612.0,3163.0,3163.0,3108.0,3134.3,31915000,3447.7,2820.9,3839.9,2896.0,3151.9,4,3,3151.1,46,2,3151.0,115,3,3150.9,226,4,3150.8,111,3,3152.0,66,5,3152.1,11,1,3152.2,71,2,3152.3,22,1,3152.4,113,4
2031,2026-06-16 14:11:51+05:30,3152.0,5,3133.19,2702759,135831.0,194394.0,3163.0,3163.0,3108.0,3134.3,31915000,3447.7,2820.9,3839.9,2896.0,3151.9,4,3,3151.8,15,1,3151.1,46,2,3151.0,71,2,3150.9,226,4,3152.0,45,2,3152.1,44,2,3152.2,38,1,3152.3,22,1,3152.4,83,3
2031,2026-06-16 14:11:51+05:30,3152.0,5,3133.19,2702759,135831.0,194394.0,3163.0,3163.0,3108.0,3134.3,31915000,3447.7,2820.9,3839.9,2896.0,3151.9,4,3,3151.8,15,1,3151.1,46,2,3151.0,71,2,3150.9,226,4,3152.0,45,2,3152.1,44,2,3152.2,38,1,3152.3,22,1,3152.4,83,3
2031,2026-06-16 14:11:52+05:30,3151.7,10,3133.2,2702965,133938.0,195720.0,3163.0,3163.0,3108.0,3134.3,31915000,3447.7,2820.9,3839.9,2896.0,3150.7,2,1,3150.6,6,2,3150.5,1,1,3150.3,27,3,3150.2,243,5,3151.8,136,4,3152.0,141,4,3152.1,44,1,3152.2,123,5,3152.3,3,1
2031,2026-06-16 14:11:52+05:30,3151.7,10,3133.2,2702965,133938.0,195720.0,3163.0,3163.0,3108.0,3134.3,31915000,3447.7,2820.9,3839.9,2896.0,3150.7,2,1,3150.6,6,2,3150.5,1,1,3150.3,27,3,3150.2,243,5,3151.8,136,4,3152.0,141,4,3152.1,44,1,3152.2,123,5,3152.3,3,1
2031,2026-06-16 14:11:53+05:30,3151.8,1,3133.2,2702966,134221.0,195464.0,3163.0,3163.0,3108.0,3134.3,31915000,3447.7,2820.9,3839.9,2896.0,3150.7,53,3,3150.6,128,6,3150.5,105,4,3150.4,63,1,3150.3,302,6,3151.8,4,1,3152.0,7,1,3152.1,44,1,3152.2,71,2,3152.3,63,1
2031,2026-06-16 14:11:53+05:30,3151.8,1,3133.2,2702966,134221.0,195464.0,3163.0,3163.0,3108.0,3134.3,31915000,3447.7,2820.9,3839.9,2896.0,3150.7,53,3,3150.6,128,6,3150.5,105,4,3150.4,63,1,3150.3,302,6,3151.8,4,1,3152.0,7,1,3152.1,44,1,3152.2,71,2,3152.3,63,1
2031,2026-06-16 14:11:54+05:30,3152.0,2,3133.2,2702972,134810.0,195290.0,3163.0,3163.0,3108.0,3134.3,31915000,3447.7,2820.9,3839.9,2896.0,3150.9,11,1,3150.8,106,5,3150.7,117,5,3150.6,260,5,3150.5,134,7,3152.0,5,1,3152.3,63,1,3152.4,148,5,3152.5,87,3,3152.6,737,8
2031,2026-06-16 14:11:54+05:30,3152.0,2,3133.2,2702972,134810.0,195290.0,3163.0,3163.0,3108.0,3134.3,31915000,3447.7,2820.9,3839.9,2896.0,3150.9,11,1,3150.8,106,5,3150.7,117,5,3150.6,260,5,3150.5,134,7,3152.0,5,1,3152.3,63,1,3152.4,148,5,3152.5,87,3,3152.6,737,8
2031,2026-06-16 14:11:55+05:30,3151.2,15,3133.2,2703074,134849.0,195288.0,3163.0,3163.0,3108.0,3134.3,31915000,3447.7,2820.9,3839.9,2896.0,3151.1,114,3,3151.0,35,3,3150.9,123,4,3150.8,18,2,3150.7,133,7,3152.0,8,1,3152.4,50,2,3152.5,194,5,3152.6,660,6,3152.7,46,2
2031,2026-06-16 14:11:55+05:30,3151.2,15,3133.2,2703074,134849.0,195288.0,3163.0,3163.0,3108.0,3134.3,31915000,3447.7,2820.9,3839.9,2896.0,3151.1,114,3,3151.0,35,3,3150.9,123,4,3150.8,18,2,3150.7,133,7,3152.0,8,1,3152.4,50,2,3152.5,194,5,3152.6,660,6,3152.7,46,2
2031,2026-06-16 14:11:55+05:30,3151.2,15,3133.2,2703074,134892.0,195288.0,3163.0,3163.0,3108.0,3134.3,31915000,3447.7,2820.9,3839.9,2896.0,3151.1,157,4,3151.0,35,3,3150.9,123,4,3150.8,18,2,3150.7,146,8,3152.0,8,1,3152.4,50,2,3152.5,194,5,3152.6,660,6,3152.7,46,2
2031,2026-06-16 14:11:57+05:30,3151.5,8,3133.2,2703082,134200.0,195403.0,3163.0,3163.0,3108.0,3134.3,31915000,3447.7,2820.9,3839.9,2896.0,3151.1,109,3,3151.0,34,3,3150.9,79,3,3150.8,31,3,3150.7,114,5,3151.5,1,1,3152.0,27,2,3152.1,38,1,3152.3,107,2,3152.4,232,5
2031,2026-06-16 14:11:57+05:30,3151.5,8,3133.2,2703082,134200.0,195403.0,3163.0,3163.0,3108.0,3134.3,31915000,3447.7,2820.9,3839.9,2896.0,3151.1,109,3,3151.0,34,3,3150.9,79,3,3150.8,31,3,3150.7,114,5,3151.5,1,1,3152.0,27,2,3152.1,38,1,3152.3,107,2,3152.4,232,5
2031,2026-06-16 14:11:57+05:30,3151.1,25,3133.2,2703117,134591.0,195434.0,3163.0,3163.0,3108.0,3134.3,31915000,3447.7,2820.9,3839.9,2896.0,3151.1,76,3,3151.0,11,2,3150.9,96,4,3150.8,55,4,3150.7,53,3,3151.5,22,2,3152.0,8,1,3152.1,38,1,3152.3,107,2,3152.4,258,5
2031,2026-06-16 14:11:58+05:30,3151.1,25,3133.2,2703117,134591.0,195434.0,3163.0,3163.0,3108.0,3134.3,31915000,3447.7,2820.9,3839.9,2896.0,3151.1,76,3,3151.0,11,2,3150.9,96,4,3150.8,55,4,3150.7,53,3,3151.5,22,2,3152.0,8,1,3152.1,38,1,3152.3,107,2,3152.4,258,5
2031,2026-06-16 14:11:58+05:30,3151.5,1,3133.2,2703118,134393.0,195369.0,3163.0,3163.0,3108.0,3134.3,31915000,3447.7,2820.9,3839.9,2896.0,3151.1,92,4,3151.0,34,3,3150.9,79,3,3150.8,31,3,3150.7,54,4,3151.5,21,1,3152.0,8,1,3152.1,38,1,3152.3,107,2,3152.4,258,5
2031,2026-06-16 14:11:59+05:30,3151.5,1,3133.2,2703118,134393.0,195369.0,3163.0,3163.0,3108.0,3134.3,31915000,3447.7,2820.9,3839.9,2896.0,3151.1,92,4,3151.0,34,3,3150.9,79,3,3150.8,31,3,3150.7,54,4,3151.5,21,1,3152.0,8,1,3152.1,38,1,3152.3,107,2,3152.4,258,5
2031,2026-06-16 14:11:59+05:30,3151.5,1,3133.2,2703118,134367.0,195581.0,3163.0,3163.0,3108.0,3134.3,31915000,3447.7,2820.9,3839.9,2896.0,3151.2,17,1,3151.1,76,3,3151.0,11,2,3150.9,79,3,3150.8,55,4,3151.5,26,2,3152.0,28,2,3152.1,82,2,3152.2,178,1,3152.3,507,4
2031,2026-06-16 14:12:00+05:30,3151.5,1,3133.2,2703118,135192.0,195099.0,3163.0,3163.0,3108.0,3134.3,31915000,3447.7,2820.9,3839.9,2896.0,3151.4,2,2,3151.2,24,3,3151.1,76,3,3151.0,24,3,3150.9,110,5,3151.5,27,3,3152.0,28,2,3152.3,444,3,3152.4,53,3,3152.5,194,5
2031,2026-06-16 14:12:01+05:30,3151.5,6,3133.2,2703118,135192.0,195099.0,3163.0,3163.0,3108.0,3134.3,31915000,3447.7,2820.9,3839.9,2896.0,3151.4,2,2,3151.2,24,3,3151.1,76,3,3151.0,24,3,3150.9,110,5,3151.5,27,3,3152.0,28,2,3152.3,444,3,3152.4,53,3,3152.5,194,5
2031,2026-06-16 14:12:01+05:30,3151.5,1,3133.2,2703145,135429.0,195346.0,3163.0,3163.0,3108.0,3134.3,31915000,3447.7,2820.9,3839.9,2896.0,3151.4,62,4,3151.2,10,3,3151.1,76,3,3151.0,1,1,3150.9,106,5,3152.0,28,2,3152.3,444,3,3152.4,12,1,3152.5,199,5,3152.6,234,4
2031,2026-06-16 14:12:02+05:30,3151.5,1,3133.2,2703145,135429.0,195346.0,3163.0,3163.0,3108.0,3134.3,31915000,3447.7,2820.9,3839.9,2896.0,3151.4,62,4,3151.2,10,3,3151.1,76,3,3151.0,1,1,3150.9,106,5,3152.0,28,2,3152.3,444,3,3152.4,12,1,3152.5,199,5,3152.6,234,4
2031,2026-06-16 14:12:02+05:30,3151.5,1,3133.2,2703145,135434.0,195346.0,3163.0,3163.0,3108.0,3134.3,31915000,3447.7,2820.9,3839.9,2896.0,3151.4,62,4,3151.2,10,3,3151.1,76,3,3151.0,1,1,3150.9,106,5,3152.0,28,2,3152.3,444,3,3152.4,12,1,3152.5,199,5,3152.6,233,3
2031,2026-06-16 14:12:03+05:30,3152.0,7,3133.2,2703152,135402.0,195332.0,3163.0,3163.0,3108.0,3134.3,31915000,3447.7,2820.9,3839.9,2896.0,3151.4,62,4,3151.3,10,1,3151.2,29,3,3151.1,76,3,3151.0,188,2,3152.0,20,1,3152.3,444,3,3152.4,12,1,3152.5,199,5,3152.6,233,3
2031,2026-06-16 14:12:04+05:30,3152.0,1,3133.2,2703152,135402.0,195332.0,3163.0,3163.0,3108.0,3134.3,31915000,3447.7,2820.9,3839.9,2896.0,3151.4,62,4,3151.3,10,1,3151.2,29,3,3151.1,76,3,3151.0,188,2,3152.0,20,1,3152.3,444,3,3152.4,12,1,3152.5,199,5,3152.6,233,3
2031,2026-06-16 14:12:04+05:30,3152.0,1,3133.2,2703153,135439.0,195300.0,3163.0,3163.0,3108.0,3134.3,31915000,3447.7,2820.9,3839.9,2896.0,3151.6,18,1,3151.4,45,4,3151.3,10,1,3151.2,47,4,3151.1,89,4,3152.0,19,1,3152.3,444,3,3152.4,12,1,3152.5,161,4,3152.6,201,2
2031,2026-06-16 14:12:05+05:30,3151.6,42,3133.2,2703199,135118.0,195311.0,3163.0,3163.0,3108.0,3134.3,31915000,3447.7,2820.9,3839.9,2896.0,3151.6,18,1,3151.4,60,3,3151.2,7,2,3151.1,45,2,3150.9,58,2,3152.0,89,4,3152.1,32,1,3152.2,60,2,3152.3,496,6,3152.4,75,3
2031,2026-06-16 14:12:06+05:30,3151.6,42,3133.2,2703199,135118.0,195311.0,3163.0,3163.0,3108.0,3134.3,31915000,3447.7,2820.9,3839.9,2896.0,3151.6,18,1,3151.4,60,3,3151.2,7,2,3151.1,45,2,3150.9,58,2,3152.0,89,4,3152.1,32,1,3152.2,60,2,3152.3,496,6,3152.4,75,3
2031,2026-06-16 14:12:06+05:30,3152.0,10,3133.2,2703238,135271.0,195538.0,3163.0,3163.0,3108.0,3134.3,31915000,3447.7,2820.9,3839.9,2896.0,3151.6,40,1,3151.4,60,3,3151.2,7,2,3151.1,66,3,3150.9,20,1,3152.3,516,6,3152.4,75,3,3152.5,125,4,3152.6,262,5,3152.7,44,1
2031,2026-06-16 14:12:07+05:30,3152.3,5,3133.2,2703238,135271.0,195538.0,3163.0,3163.0,3108.0,3134.3,31915000,3447.7,2820.9,3839.9,2896.0,3151.6,40,1,3151.4,60,3,3151.2,7,2,3151.1,66,3,3150.9,20,1,3152.3,516,6,3152.4,75,3,3152.5,125,4,3152.6,262,5,3152.7,44,1
2031,2026-06-16 14:12:07+05:30,3152.3,1,3133.2,2703244,135166.0,195538.0,3163.0,3163.0,3108.0,3134.3,31915000,3447.7,2820.9,3839.9,2896.0,3151.9,16,1,3151.6,40,1,3151.4,59,2,3151.2,7,2,3151.1,66,3,3152.3,545,7,3152.4,75,3,3152.5,125,4,3152.6,262,5,3152.7,44,1
2031,2026-06-16 14:12:08+05:30,3152.3,1,3133.2,2703244,135166.0,195538.0,3163.0,3163.0,3108.0,3134.3,31915000,3447.7,2820.9,3839.9,2896.0,3151.9,16,1,3151.6,40,1,3151.4,59,2,3151.2,7,2,3151.1,66,3,3152.3,545,7,3152.4,75,3,3152.5,125,4,3152.6,262,5,3152.7,44,1
2031,2026-06-16 14:12:08+05:30,3152.3,1,3133.2,2703244,135179.0,195226.0,3163.0,3163.0,3108.0,3134.3,31915000,3447.7,2820.9,3839.9,2896.0,3151.9,59,3,3151.6,55,2,3151.4,42,1,3151.2,1,1,3151.1,23,2,3152.3,533,7,3152.4,75,3,3152.5,125,4,3152.6,223,3,3152.7,45,2
2031,2026-06-16 14:12:09+05:30,3151.9,6,3133.2,2703244,135179.0,195226.0,3163.0,3163.0,3108.0,3134.3,31915000,3447.7,2820.9,3839.9,2896.0,3151.9,59,3,3151.6,55,2,3151.4,42,1,3151.2,1,1,3151.1,23,2,3152.3,533,7,3152.4,75,3,3152.5,125,4,3152.6,223,3,3152.7,45,2
2031,2026-06-16 14:12:10+05:30,3152.3,1,3133.2,2703313,134765.0,195553.0,3163.0,3163.0,3108.0,3134.3,31915000,3447.7,2820.9,3839.9,2896.0,3151.9,22,2,3151.6,55,2,3151.4,42,1,3151.2,1,1,3151.1,23,2,3152.3,647,10,3152.4,43,2,3152.5,154,5,3152.6,308,5,3152.7,66,2
2031,2026-06-16 14:12:10+05:30,3152.3,1,3133.2,2703313,134765.0,195553.0,3163.0,3163.0,3108.0,3134.3,31915000,3447.7,2820.9,3839.9,2896.0,3151.9,22,2,3151.6,55,2,3151.4,42,1,3151.2,1,1,3151.1,23,2,3152.3,647,10,3152.4,43,2,3152.5,154,5,3152.6,308,5,3152.7,66,2
2031,2026-06-16 14:12:11+05:30,3152.3,8,3133.2,2703321,134759.0,195524.0,3163.0,3163.0,3108.0,3134.3,31915000,3447.7,2820.9,3839.9,2896.0,3151.9,22,2,3151.6,55,2,3151.4,42,1,3151.1,23,2,3150.9,23,2,3152.3,640,11,3152.4,43,2,3152.5,155,6,3152.6,308,5,3152.7,66,2
2031,2026-06-16 14:12:11+05:30,3152.3,8,3133.2,2703321,134759.0,195524.0,3163.0,3163.0,3108.0,3134.3,31915000,3447.7,2820.9,3839.9,2896.0,3151.9,22,2,3151.6,55,2,3151.4,42,1,3151.1,23,2,3150.9,23,2,3152.3,640,11,3152.4,43,2,3152.5,155,6,3152.6,308,5,3152.7,66,2
2031,2026-06-16 14:12:12+05:30,3150.7,8,3133.2,2703781,133214.0,197119.0,3163.0,3163.0,3108.0,3134.3,31915000,3447.7,2820.9,3839.9,2896.0,3150.7,9,2,3150.6,1,1,3150.5,1,1,3150.4,16,1,3150.3,1,1,3151.2,19,1,3151.3,132,5,3151.4,42,3,3151.5,53,4,3151.6,323,6
2031,2026-06-16 14:12:12+05:30,3150.7,8,3133.2,2703781,133214.0,197119.0,3163.0,3163.0,3108.0,3134.3,31915000,3447.7,2820.9,3839.9,2896.0,3150.7,9,2,3150.6,1,1,3150.5,1,1,3150.4,16,1,3150.3,1,1,3151.2,19,1,3151.3,132,5,3151.4,42,3,3151.5,53,4,3151.6,323,6
2031,2026-06-16 14:12:13+05:30,3150.6,5,3133.2,2703847,132724.0,198026.0,3163.0,3163.0,3108.0,3134.3,31915000,3447.7,2820.9,3839.9,2896.0,3150.5,1,1,3150.4,16,1,3150.3,17,2,3150.2,16,1,3150.1,107,2,3150.6,134,1,3151.2,90,4,3151.3,52,2,3151.4,100,4,3151.5,86,5
2031,2026-06-16 14:12:13+05:30,3150.6,5,3133.2,2703847,132724.0,198026.0,3163.0,3163.0,3108.0,3134.3,31915000,3447.7,2820.9,3839.9,2896.0,3150.5,1,1,3150.4,16,1,3150.3,17,2,3150.2,16,1,3150.1,107,2,3150.6,134,1,3151.2,90,4,3151.3,52,2,3151.4,100,4,3151.5,86,5
2031,2026-06-16 14:12:14+05:30,3150.6,1,3133.2,2703851,132778.0,198069.0,3163.0,3163.0,3108.0,3134.3,31915000,3447.7,2820.9,3839.9,2896.0,3150.5,1,1,3150.4,12,1,3150.3,17,2,3150.1,107,2,3150.0,2103,3,3150.6,157,3,3150.9,38,1,3151.0,31,1,3151.2,90,4,3151.3,94,3
2031,2026-06-16 14:12:14+05:30,3150.6,1,3133.2,2703851,132778.0,198069.0,3163.0,3163.0,3108.0,3134.3,31915000,3447.7,2820.9,3839.9,2896.0,3150.5,1,1,3150.4,12,1,3150.3,17,2,3150.1,107,2,3150.0,2103,3,3150.6,157,3,3150.9,38,1,3151.0,31,1,3151.2,90,4,3151.3,94,3
2031,2026-06-16 14:12:14+05:30,3150.6,1,3133.2,2703853,132792.0,197881.0,3163.0,3163.0,3108.0,3134.3,31915000,3447.7,2820.9,3839.9,2896.0,3150.5,18,2,3150.4,12,1,3150.3,1,1,3150.1,107,2,3150.0,2103,3,3150.6,155,3,3151.2,21,2,3151.3,94,3,3151.4,116,6,3151.5,61,3
2031,2026-06-16 14:12:15+05:30,3150.6,1,3133.2,2703853,132792.0,197881.0,3163.0,3163.0,3108.0,3134.3,31915000,3447.7,2820.9,3839.9,2896.0,3150.5,18,2,3150.4,12,1,3150.3,1,1,3150.1,107,2,3150.0,2103,3,3150.6,155,3,3151.2,21,2,3151.3,94,3,3151.4,116,6,3151.5,61,3
2031,2026-06-16 14:12:16+05:30,3150.6,2,3133.2,2703858,132698.0,197877.0,3163.0,3163.0,3108.0,3134.3,31915000,3447.7,2820.9,3839.9,2896.0,3150.5,19,3,3150.4,12,1,3150.3,1,1,3150.1,7,1,3150.0,2103,3,3150.6,150,3,3151.2,21,2,3151.3,94,3,3151.4,116,6,3151.5,61,3
2031,2026-06-16 14:12:16+05:30,3150.6,2,3133.2,2703858,132698.0,197877.0,3163.0,3163.0,3108.0,3134.3,31915000,3447.7,2820.9,3839.9,2896.0,3150.5,19,3,3150.4,12,1,3150.3,1,1,3150.1,7,1,3150.0,2103,3,3150.6,150,3,3151.2,21,2,3151.3,94,3,3151.4,116,6,3151.5,61,3
2031,2026-06-16 14:12:17+05:30,3150.5,5,3133.2,2703883,132694.0,197939.0,3163.0,3163.0,3108.0,3134.3,31915000,3447.7,2820.9,3839.9,2896.0,3150.5,14,3,3150.4,12,1,3150.3,1,1,3150.1,7,1,3150.0,2103,3,3150.6,151,4,3151.1,68,2,3151.2,21,2,3151.3,94,3,3151.4,116,6
2031,2026-06-16 14:12:17+05:30,3150.5,5,3133.2,2703883,132694.0,197939.0,3163.0,3163.0,3108.0,3134.3,31915000,3447.7,2820.9,3839.9,2896.0,3150.5,14,3,3150.4,12,1,3150.3,1,1,3150.1,7,1,3150.0,2103,3,3150.6,151,4,3151.1,68,2,3151.2,21,2,3151.3,94,3,3151.4,116,6
2031,2026-06-16 14:12:18+05:30,3150.6,15,3133.2,2703898,132662.0,197918.0,3163.0,3163.0,3108.0,3134.3,31915000,3447.7,2820.9,3839.9,2896.0,3150.5,14,3,3150.4,12,1,3150.3,1,1,3150.1,7,1,3150.0,2103,3,3150.6,136,4,3151.1,68,2,3151.2,21,2,3151.3,94,3,3151.4,119,7
2031,2026-06-16 14:12:18+05:30,3150.6,15,3133.2,2703898,132662.0,197918.0,3163.0,3163.0,3108.0,3134.3,31915000,3447.7,2820.9,3839.9,2896.0,3150.5,14,3,3150.4,12,1,3150.3,1,1,3150.1,7,1,3150.0,2103,3,3150.6,136,4,3151.1,68,2,3151.2,21,2,3151.3,94,3,3151.4,119,7
2031,2026-06-16 14:12:19+05:30,3150.6,1,3133.2,2703898,132662.0,197918.0,3163.0,3163.0,3108.0,3134.3,31915000,3447.7,2820.9,3839.9,2896.0,3150.5,14,3,3150.4,12,1,3150.3,1,1,3150.1,7,1,3150.0,2103,3,3150.6,136,4,3151.1,68,2,3151.2,21,2,3151.3,94,3,3151.4,119,7
2031,2026-06-16 14:12:19+05:30,3150.6,1,3133.2,2704034,132878.0,197971.0,3163.0,3163.0,3108.0,3134.3,31915000,3447.7,2820.9,3839.9,2896.0,3150.5,53,4,3150.4,12,1,3150.3,16,2,3150.1,10,2,3150.0,2103,3,3150.6,55,2,3151.2,2,1,3151.3,68,2,3151.4,24,3,3151.5,258,5
2031,2026-06-16 14:12:20+05:30,3150.6,1,3133.2,2704034,132878.0,197971.0,3163.0,3163.0,3108.0,3134.3,31915000,3447.7,2820.9,3839.9,2896.0,3150.5,53,4,3150.4,12,1,3150.3,16,2,3150.1,10,2,3150.0,2103,3,3150.6,55,2,3151.2,2,1,3151.3,68,2,3151.4,24,3,3151.5,258,5
2031,2026-06-16 14:12:20+05:30,3150.6,1,3133.2,2704035,132883.0,198063.0,3163.0,3163.0,3108.0,3134.3,31915000,3447.7,2820.9,3839.9,2896.0,3150.5,53,4,3150.4,12,1,3150.3,16,2,3150.1,10,2,3150.0,2103,3,3150.6,80,3,3151.1,30,1,3151.2,2,1,3151.3,38,1,3151.4,54,4
2031,2026-06-16 14:12:21+05:30,3150.5,39,3133.2,2704035,132883.0,198063.0,3163.0,3163.0,3108.0,3134.3,31915000,3447.7,2820.9,3839.9,2896.0,3150.5,53,4,3150.4,12,1,3150.3,16,2,3150.1,10,2,3150.0,2103,3,3150.6,80,3,3151.1,30,1,3151.2,2,1,3151.3,38,1,3151.4,54,4
2031,2026-06-16 14:12:21+05:30,3150.5,39,3133.2,2704077,132696.0,195947.0,3163.0,3163.0,3108.0,3134.3,31915000,3447.7,2820.9,3839.9,2896.0,3150.5,29,5,3150.4,12,1,3150.3,1,1,3150.1,10,2,3150.0,2103,3,3150.6,79,3,3150.9,30,1,3151.0,65,2,3151.2,107,4,3151.3,42,1
2031,2026-06-16 14:12:22+05:30,3150.6,3,3133.2,2704077,132696.0,195947.0,3163.0,3163.0,3108.0,3134.3,31915000,3447.7,2820.9,3839.9,2896.0,3150.5,29,5,3150.4,12,1,3150.3,1,1,3150.1,10,2,3150.0,2103,3,3150.6,79,3,3150.9,30,1,3151.0,65,2,3151.2,107,4,3151.3,42,1
2031,2026-06-16 14:12:22+05:30,3150.6,3,3133.2,2704114,132579.0,197982.0,3163.0,3163.0,3108.0,3134.3,31915000,3447.7,2820.9,3839.9,2896.0,3150.5,12,2,3150.4,12,1,3150.3,1,1,3150.1,10,2,3150.0,2103,3,3150.6,76,3,3150.7,38,1,3150.9,30,1,3151.0,65,2,3151.2,107,4
2031,2026-06-16 14:12:23+05:30,3150.5,8,3133.2,2704114,132579.0,197982.0,3163.0,3163.0,3108.0,3134.3,31915000,3447.7,2820.9,3839.9,2896.0,3150.5,12,2,3150.4,12,1,3150.3,1,1,3150.1,10,2,3150.0,2103,3,3150.6,76,3,3150.7,38,1,3150.9,30,1,3151.0,65,2,3151.2,107,4
2031,2026-06-16 14:12:23+05:30,3150.5,8,3133.2,2704219,132686.0,197534.0,3163.0,3163.0,3108.0,3134.3,31915000,3447.7,2820.9,3839.9,2896.0,3150.5,8,2,3150.4,12,1,3150.3,1,1,3150.1,10,2,3150.0,2104,4,3150.6,7,1,3151.2,37,1,3151.4,91,4,3151.5,112,4,3151.6,334,5
2031,2026-06-16 14:12:24+05:30,3150.5,8,3133.2,2704219,132700.0,197401.0,3163.0,3163.0,3108.0,3134.3,31915000,3447.7,2820.9,3839.9,2896.0,3150.5,8,2,3150.4,12,1,3150.3,1,1,3150.1,10,2,3150.0,2104,4,3150.6,14,2,3151.2,67,2,3151.4,121,5,3151.5,82,3,3151.6,364,6
2031,2026-06-16 14:12:25+05:30,3150.1,2,3133.2,2704219,132700.0,197401.0,3163.0,3163.0,3108.0,3134.3,31915000,3447.7,2820.9,3839.9,2896.0,3150.5,8,2,3150.4,12,1,3150.3,1,1,3150.1,10,2,3150.0,2104,4,3150.6,14,2,3151.2,67,2,3151.4,121,5,3151.5,82,3,3151.6,364,6
2031,2026-06-16 14:12:25+05:30,3150.1,2,3133.2,2704359,132593.0,197761.0,3163.0,3163.0,3108.0,3134.3,31915000,3447.7,2820.9,3839.9,2896.0,3150.5,16,1,3150.1,1,1,3150.0,2103,3,3149.9,4,1,3149.8,1,1,3150.6,14,2,3151.2,67,2,3151.3,63,1,3151.4,121,5,3151.5,91,4
2031,2026-06-16 14:12:26+05:30,3150.5,15,3133.2,2704359,132593.0,197761.0,3163.0,3163.0,3108.0,3134.3,31915000,3447.7,2820.9,3839.9,2896.0,3150.5,16,1,3150.1,1,1,3150.0,2103,3,3149.9,4,1,3149.8,1,1,3150.6,14,2,3151.2,67,2,3151.3,63,1,3151.4,121,5,3151.5,91,4
2031,2026-06-16 14:12:26+05:30,3150.5,15,3133.21,2704400,132595.0,195622.0,3163.0,3163.0,3108.0,3134.3,31915000,3447.7,2820.9,3839.9,2896.0,3150.5,1,1,3150.0,2104,4,3149.9,4,1,3149.7,37,3,3149.6,48,2,3150.6,13,2,3151.2,67,2,3151.4,139,5,3151.5,54,3,3151.6,364,6
2031,2026-06-16 14:12:27+05:30,3150.6,1,3133.21,2704400,132595.0,195622.0,3163.0,3163.0,3108.0,3134.3,31915000,3447.7,2820.9,3839.9,2896.0,3150.5,1,1,3150.0,2104,4,3149.9,4,1,3149.7,37,3,3149.6,48,2,3150.6,13,2,3151.2,67,2,3151.4,139,5,3151.5,54,3,3151.6,364,6
2031,2026-06-16 14:12:27+05:30,3150.6,1,3133.21,2704425,132525.0,197438.0,3163.0,3163.0,3108.0,3134.3,31915000,3447.7,2820.9,3839.9,2896.0,3150.5,16,1,3150.0,2104,4,3149.9,46,2,3149.8,3,1,3149.7,102,3,3150.6,6,1,3151.1,29,1,3151.2,37,1,3151.4,139,5,3151.5,54,3
2031,2026-06-16 14:12:27+05:30,3150.6,1,3133.21,2704425,132525.0,197438.0,3163.0,3163.0,3108.0,3134.3,31915000,3447.7,2820.9,3839.9,2896.0,3150.5,16,1,3150.0,2104,4,3149.9,46,2,3149.8,3,1,3149.7,102,3,3150.6,6,1,3151.1,29,1,3151.2,37,1,3151.4,139,5,3151.5,54,3
2031,2026-06-16 14:12:28+05:30,3150.6,1,3133.21,2704425,132889.0,197357.0,3163.0,3163.0,3108.0,3134.3,31915000,3447.7,2820.9,3839.9,2896.0,3150.5,16,1,3150.1,196,3,3150.0,2119,4,3149.9,71,4,3149.8,94,3,3151.4,101,4,3151.5,85,3,3151.6,364,6,3151.7,691,5,3151.8,101,4
2031,2026-06-16 14:12:29+05:30,3150.6,1,3133.21,2704425,132699.0,197725.0,3163.0,3163.0,3108.0,3134.3,31915000,3447.7,2820.9,3839.9,2896.0,3150.5,16,1,3150.0,2140,6,3149.9,66,3,3149.8,3,1,3149.7,102,3,3150.6,20,1,3151.4,101,4,3151.5,223,4,3151.6,364,6,3151.7,691,5
2031,2026-06-16 14:12:29+05:30,3150.6,1,3133.21,2704425,132699.0,197725.0,3163.0,3163.0,3108.0,3134.3,31915000,3447.7,2820.9,3839.9,2896.0,3150.5,16,1,3150.0,2140,6,3149.9,66,3,3149.8,3,1,3149.7,102,3,3150.6,20,1,3151.4,101,4,3151.5,223,4,3151.6,364,6,3151.7,691,5
2031,2026-06-16 14:12:30+05:30,3150.5,36,3133.21,2704425,132699.0,197725.0,3163.0,3163.0,3108.0,3134.3,31915000,3447.7,2820.9,3839.9,2896.0,3150.5,16,1,3150.0,2140,6,3149.9,66,3,3149.8,3,1,3149.7,102,3,3150.6,20,1,3151.4,101,4,3151.5,223,4,3151.6,364,6,3151.7,691,5
2031,2026-06-16 14:12:30+05:30,3150.5,36,3133.21,2704481,132888.0,197621.0,3163.0,3163.0,3108.0,3134.3,31915000,3447.7,2820.9,3839.9,2896.0,3150.5,22,2,3150.1,221,3,3150.0,2140,5,3149.9,25,2,3149.8,129,4,3151.3,30,2,3151.4,71,3,3151.5,132,4,3151.6,363,6,3151.7,642,4
2031,2026-06-16 14:12:31+05:30,3150.9,1,3133.21,2704481,132888.0,197621.0,3163.0,3163.0,3108.0,3134.3,31915000,3447.7,2820.9,3839.9,2896.0,3150.5,22,2,3150.1,221,3,3150.0,2140,5,3149.9,25,2,3149.8,129,4,3151.3,30,2,3151.4,71,3,3151.5,132,4,3151.6,363,6,3151.7,642,4
2031,2026-06-16 14:12:31+05:30,3150.9,1,3133.21,2704484,133043.0,197414.0,3163.0,3163.0,3108.0,3134.3,31915000,3447.7,2820.9,3839.9,2896.0,3150.9,2,2,3150.6,10,1,3150.5,23,3,3150.1,221,3,3150.0,2146,6,3151.3,26,1,3151.4,85,3,3151.5,83,3,3151.6,326,5,3151.7,693,5
2031,2026-06-16 14:12:32+05:30,3150.9,1,3133.21,2704484,133038.0,197363.0,3163.0,3163.0,3108.0,3134.3,31915000,3447.7,2820.9,3839.9,2896.0,3150.9,4,3,3150.6,10,1,3150.5,23,3,3150.1,221,3,3150.0,2146,6,3151.1,1,1,3151.3,44,2,3151.4,85,3,3151.5,45,2,3151.6,326,5
2031,2026-06-16 14:12:32+05:30,3150.9,1,3133.21,2704484,133038.0,197363.0,3163.0,3163.0,3108.0,3134.3,31915000,3447.7,2820.9,3839.9,2896.0,3150.9,4,3,3150.6,10,1,3150.5,23,3,3150.1,221,3,3150.0,2146,6,3151.1,1,1,3151.3,44,2,3151.4,85,3,3151.5,45,2,3151.6,326,5
2031,2026-06-16 14:12:33+05:30,3151.3,6,3133.21,2704484,133038.0,197363.0,3163.0,3163.0,3108.0,3134.3,31915000,3447.7,2820.9,3839.9,2896.0,3150.9,4,3,3150.6,10,1,3150.5,23,3,3150.1,221,3,3150.0,2146,6,3151.1,1,1,3151.3,44,2,3151.4,85,3,3151.5,45,2,3151.6,326,5
2031,2026-06-16 14:12:33+05:30,3151.3,6,3133.21,2704491,133020.0,197368.0,3163.0,3163.0,3108.0,3134.3,31915000,3447.7,2820.9,3839.9,2896.0,3150.9,4,3,3150.6,25,2,3150.5,7,3,3150.2,22,2,3150.1,213,3,3151.3,67,3,3151.4,56,2,3151.5,45,2,3151.6,363,6,3151.7,642,4
2031,2026-06-16 14:12:34+05:30,3150.9,6,3133.21,2704491,133020.0,197368.0,3163.0,3163.0,3108.0,3134.3,31915000,3447.7,2820.9,3839.9,2896.0,3150.9,4,3,3150.6,25,2,3150.5,7,3,3150.2,22,2,3150.1,213,3,3151.3,67,3,3151.4,56,2,3151.5,45,2,3151.6,363,6,3151.7,642,4
2031,2026-06-16 14:12:34+05:30,3150.9,6,3133.21,2704629,132976.0,197988.0,3163.0,3163.0,3108.0,3134.3,31915000,3447.7,2820.9,3839.9,2896.0,3150.9,14,3,3150.6,10,1,3150.5,7,3,3150.3,27,2,3150.2,3,1,3151.4,122,4,3151.5,63,1,3151.6,363,6,3151.7,642,4,3151.8,71,4
2031,2026-06-16 14:12:34+05:30,3150.9,6,3133.21,2704629,132976.0,197988.0,3163.0,3163.0,3108.0,3134.3,31915000,3447.7,2820.9,3839.9,2896.0,3150.9,14,3,3150.6,10,1,3150.5,7,3,3150.3,27,2,3150.2,3,1,3151.4,122,4,3151.5,63,1,3151.6,363,6,3151.7,642,4,3151.8,71,4
2031,2026-06-16 14:12:35+05:30,3150.9,6,3133.21,2704629,132839.0,198030.0,3163.0,3163.0,3108.0,3134.3,31915000,3447.7,2820.9,3839.9,2896.0,3150.9,15,4,3150.6,10,1,3150.5,7,3,3150.3,21,1,3150.2,3,1,3151.4,122,4,3151.5,63,1,3151.6,363,6,3151.7,642,4,3151.8,71,4
2031,2026-06-16 14:12:36+05:30,3151.4,1,3133.21,2704629,132839.0,198030.0,3163.0,3163.0,3108.0,3134.3,31915000,3447.7,2820.9,3839.9,2896.0,3150.9,15,4,3150.6,10,1,3150.5,7,3,3150.3,21,1,3150.2,3,1,3151.4,122,4,3151.5,63,1,3151.6,363,6,3151.7,642,4,3151.8,71,4
2031,2026-06-16 14:12:36+05:30,3151.4,1,3133.23,2707630,134096.0,195405.0,3163.0,3163.0,3108.0,3134.3,31915000,3447.7,2820.9,3839.9,2896.0,3150.9,38,9,3150.8,36,2,3150.7,60,4,3150.6,86,5,3150.5,150,8,3151.8,18,1,3152.0,3,1,3152.1,2,1,3152.2,2,1,3152.3,38,4
2031,2026-06-16 14:12:36+05:30,3151.4,1,3133.23,2707630,134096.0,195405.0,3163.0,3163.0,3108.0,3134.3,31915000,3447.7,2820.9,3839.9,2896.0,3150.9,38,9,3150.8,36,2,3150.7,60,4,3150.6,86,5,3150.5,150,8,3151.8,18,1,3152.0,3,1,3152.1,2,1,3152.2,2,1,3152.3,38,4
2031,2026-06-16 14:12:37+05:30,3151.3,3,3133.23,2707630,134096.0,195405.0,3163.0,3163.0,3108.0,3134.3,31915000,3447.7,2820.9,3839.9,2896.0,3150.9,38,9,3150.8,36,2,3150.7,60,4,3150.6,86,5,3150.5,150,8,3151.8,18,1,3152.0,3,1,3152.1,2,1,3152.2,2,1,3152.3,38,4
2031,2026-06-16 14:12:37+05:30,3151.3,7,3133.23,2707640,134341.0,196570.0,3163.0,3163.0,3108.0,3134.3,31915000,3447.7,2820.9,3839.9,2896.0,3151.3,8,1,3151.0,23,2,3150.9,62,7,3150.8,53,4,3150.7,43,4,3152.3,23,3,3152.4,12,1,3152.5,201,3,3152.6,638,5,3152.7,135,4
2031,2026-06-16 14:12:38+05:30,3152.3,14,3133.23,2707640,134341.0,196570.0,3163.0,3163.0,3108.0,3134.3,31915000,3447.7,2820.9,3839.9,2896.0,3151.3,8,1,3151.0,23,2,3150.9,62,7,3150.8,53,4,3150.7,43,4,3152.3,23,3,3152.4,12,1,3152.5,201,3,3152.6,638,5,3152.7,135,4
2031,2026-06-16 14:12:38+05:30,3152.3,14,3133.23,2707640,134341.0,196570.0,3163.0,3163.0,3108.0,3134.3,31915000,3447.7,2820.9,3839.9,2896.0,3151.3,8,1,3151.0,23,2,3150.9,62,7,3150.8,53,4,3150.7,43,4,3152.3,23,3,3152.4,12,1,3152.5,201,3,3152.6,638,5,3152.7,135,4
2031,2026-06-16 14:12:38+05:30,3152.3,14,3133.23,2707654,134291.0,196409.0,3163.0,3163.0,3108.0,3134.3,31915000,3447.7,2820.9,3839.9,2896.0,3151.6,5,1,3151.4,16,1,3151.3,123,1,3151.0,45,2,3150.9,52,7,3152.3,21,3,3152.4,63,2,3152.5,250,3,3152.6,657,6,3152.7,65,2
2031,2026-06-16 14:12:39+05:30,3152.5,70,3133.23,2707654,134291.0,196409.0,3163.0,3163.0,3108.0,3134.3,31915000,3447.7,2820.9,3839.9,2896.0,3151.6,5,1,3151.4,16,1,3151.3,123,1,3151.0,45,2,3150.9,52,7,3152.3,21,3,3152.4,63,2,3152.5,250,3,3152.6,657,6,3152.7,65,2
2031,2026-06-16 14:12:39+05:30,3151.6,15,3133.23,2707975,134436.0,195265.0,3163.0,3163.0,3108.0,3134.3,31915000,3447.7,2820.9,3839.9,2896.0,3151.6,5,1,3151.4,16,1,3151.3,123,1,3151.2,3,1,3151.1,33,2,3152.5,11,1,3152.6,233,5,3152.7,600,3,3152.8,112,2,3152.9,132,4
2031,2026-06-16 14:12:39+05:30,3151.6,15,3133.23,2707975,134436.0,195265.0,3163.0,3163.0,3108.0,3134.3,31915000,3447.7,2820.9,3839.9,2896.0,3151.6,5,1,3151.4,16,1,3151.3,123,1,3151.2,3,1,3151.1,33,2,3152.5,11,1,3152.6,233,5,3152.7,600,3,3152.8,112,2,3152.9,132,4
2031,2026-06-16 14:12:40+05:30,3152.5,1,3133.23,2707975,134436.0,195265.0,3163.0,3163.0,3108.0,3134.3,31915000,3447.7,2820.9,3839.9,2896.0,3151.6,5,1,3151.4,16,1,3151.3,123,1,3151.2,3,1,3151.1,33,2,3152.5,11,1,3152.6,233,5,3152.7,600,3,3152.8,112,2,3152.9,132,4
2031,2026-06-16 14:12:40+05:30,3152.5,8,3133.23,2707985,134499.0,195333.0,3163.0,3163.0,3108.0,3134.3,31915000,3447.7,2820.9,3839.9,2896.0,3151.6,163,3,3151.3,123,1,3151.2,3,1,3151.1,24,2,3151.0,91,4,3152.6,182,4,3152.7,600,3,3152.8,131,3,3152.9,75,2,3153.0,327,6
2031,2026-06-16 14:12:40+05:30,3152.5,8,3133.23,2707985,134499.0,195333.0,3163.0,3163.0,3108.0,3134.3,31915000,3447.7,2820.9,3839.9,2896.0,3151.6,163,3,3151.3,123,1,3151.2,3,1,3151.1,24,2,3151.0,91,4,3152.6,182,4,3152.7,600,3,3152.8,131,3,3152.9,75,2,3153.0,327,6
2031,2026-06-16 14:12:41+05:30,3152.5,8,3133.23,2707985,134499.0,195333.0,3163.0,3163.0,3108.0,3134.3,31915000,3447.7,2820.9,3839.9,2896.0,3151.6,163,3,3151.3,123,1,3151.2,3,1,3151.1,24,2,3151.0,91,4,3152.6,182,4,3152.7,600,3,3152.8,131,3,3152.9,75,2,3153.0,327,6
2031,2026-06-16 14:12:41+05:30,3152.5,8,3133.23,2707985,134499.0,195333.0,3163.0,3163.0,3108.0,3134.3,31915000,3447.7,2820.9,3839.9,2896.0,3151.6,163,3,3151.3,123,1,3151.2,3,1,3151.1,24,2,3151.0,91,4,3152.6,182,4,3152.7,600,3,3152.8,131,3,3152.9,75,2,3153.0,327,6
2031,2026-06-16 14:12:41+05:30,3152.5,1,3133.23,2707987,134499.0,195413.0,3163.0,3163.0,3108.0,3134.3,31915000,3447.7,2820.9,3839.9,2896.0,3151.6,162,3,3151.3,123,1,3151.2,45,2,3151.1,39,2,3151.0,91,4,3152.6,193,5,3152.7,600,3,3152.8,131,3,3152.9,113,3,3153.0,327,6
2031,2026-06-16 14:12:41+05:30,3152.5,1,3133.23,2707987,134499.0,195413.0,3163.0,3163.0,3108.0,3134.3,31915000,3447.7,2820.9,3839.9,2896.0,3151.6,162,3,3151.3,123,1,3151.2,45,2,3151.1,39,2,3151.0,91,4,3152.6,193,5,3152.7,600,3,3152.8,131,3,3152.9,113,3,3153.0,327,6
2031,2026-06-16 14:12:42+05:30,3152.6,5,3133.23,2707987,134499.0,195413.0,3163.0,3163.0,3108.0,3134.3,31915000,3447.7,2820.9,3839.9,2896.0,3151.6,162,3,3151.3,123,1,3151.2,45,2,3151.1,39,2,3151.0,91,4,3152.6,193,5,3152.7,600,3,3152.8,131,3,3152.9,113,3,3153.0,327,6
2031,2026-06-16 14:12:42+05:30,3152.6,5,3133.23,2707987,134499.0,195413.0,3163.0,3163.0,3108.0,3134.3,31915000,3447.7,2820.9,3839.9,2896.0,3151.6,162,3,3151.3,123,1,3151.2,45,2,3151.1,39,2,3151.0,91,4,3152.6,193,5,3152.7,600,3,3152.8,131,3,3152.9,113,3,3153.0,327,6
2031,2026-06-16 14:12:42+05:30,3151.9,15,3133.23,2708178,134617.0,195359.0,3163.0,3163.0,3108.0,3134.3,31915000,3447.7,2820.9,3839.9,2896.0,3151.9,15,1,3151.6,144,2,3151.3,144,2,3151.2,3,1,3151.1,20,1,3152.4,153,5,3152.5,39,3,3152.6,229,7,3152.7,636,4,3152.8,101,2
2031,2026-06-16 14:12:43+05:30,3151.9,15,3133.23,2708178,134617.0,195359.0,3163.0,3163.0,3108.0,3134.3,31915000,3447.7,2820.9,3839.9,2896.0,3151.9,15,1,3151.6,144,2,3151.3,144,2,3151.2,3,1,3151.1,20,1,3152.4,153,5,3152.5,39,3,3152.6,229,7,3152.7,636,4,3152.8,101,2
2031,2026-06-16 14:12:43+05:30,3152.4,1,3133.23,2708178,134617.0,195359.0,3163.0,3163.0,3108.0,3134.3,31915000,3447.7,2820.9,3839.9,2896.0,3151.9,15,1,3151.6,144,2,3151.3,144,2,3151.2,3,1,3151.1,20,1,3152.4,153,5,3152.5,39,3,3152.6,229,7,3152.7,636,4,3152.8,101,2
2031,2026-06-16 14:12:43+05:30,3152.4,1,3133.23,2708179,134702.0,195201.0,3163.0,3163.0,3108.0,3134.3,31915000,3447.7,2820.9,3839.9,2896.0,3151.9,167,2,3151.6,144,2,3151.3,21,1,3151.2,17,2,3151.1,65,3,3152.4,51,2,3152.5,28,2,3152.6,180,5,3152.7,655,5,3152.8,63,1
2031,2026-06-16 14:12:44+05:30,3152.4,1,3133.23,2708179,134702.0,195201.0,3163.0,3163.0,3108.0,3134.3,31915000,3447.7,2820.9,3839.9,2896.0,3151.9,167,2,3151.6,144,2,3151.3,21,1,3151.2,17,2,3151.1,65,3,3152.4,51,2,3152.5,28,2,3152.6,180,5,3152.7,655,5,3152.8,63,1
2031,2026-06-16 14:12:44+05:30,3152.3,13,3133.23,2708179,134702.0,195201.0,3163.0,3163.0,3108.0,3134.3,31915000,3447.7,2820.9,3839.9,2896.0,3151.9,167,2,3151.6,144,2,3151.3,21,1,3151.2,17,2,3151.1,65,3,3152.4,51,2,3152.5,28,2,3152.6,180,5,3152.7,655,5,3152.8,63,1
2031,2026-06-16 14:12:44+05:30,3152.3,13,3133.23,2708385,134538.0,195977.0,3163.0,3163.0,3108.0,3134.3,31915000,3447.7,2820.9,3839.9,2896.0,3151.9,57,2,3151.6,160,3,3151.3,21,1,3151.2,3,1,3151.1,23,2,3152.3,38,1,3152.4,102,5,3152.5,17,1,3152.6,218,6,3152.7,636,4
2031,2026-06-16 14:12:44+05:30,3152.3,13,3133.23,2708385,134538.0,195977.0,3163.0,3163.0,3108.0,3134.3,31915000,3447.7,2820.9,3839.9,2896.0,3151.9,57,2,3151.6,160,3,3151.3,21,1,3151.2,3,1,3151.1,23,2,3152.3,38,1,3152.4,102,5,3152.5,17,1,3152.6,218,6,3152.7,636,4
2031,2026-06-16 14:12:45+05:30,3152.3,13,3133.23,2708385,134538.0,195977.0,3163.0,3163.0,3108.0,3134.3,31915000,3447.7,2820.9,3839.9,2896.0,3151.9,57,2,3151.6,160,3,3151.3,21,1,3151.2,3,1,3151.1,23,2,3152.3,38,1,3152.4,102,5,3152.5,17,1,3152.6,218,6,3152.7,636,4
2031,2026-06-16 14:12:45+05:30,3151.6,16,3133.23,2708743,133512.0,196249.0,3163.0,3163.0,3108.0,3134.3,31915000,3447.7,2820.9,3839.9,2896.0,3151.6,16,1,3151.1,23,2,3150.9,20,1,3150.7,20,1,3150.6,10,1,3151.9,17,1,3152.0,81,4,3152.1,127,5,3152.2,59,3,3152.3,11,1
2031,2026-06-16 14:12:46+05:30,3152.0,8,3133.23,2708743,133512.0,196249.0,3163.0,3163.0,3108.0,3134.3,31915000,3447.7,2820.9,3839.9,2896.0,3151.6,16,1,3151.1,23,2,3150.9,20,1,3150.7,20,1,3150.6,10,1,3151.9,17,1,3152.0,81,4,3152.1,127,5,3152.2,59,3,3152.3,11,1
2031,2026-06-16 14:12:46+05:30,3152.0,8,3133.23,2708743,133512.0,196249.0,3163.0,3163.0,3108.0,3134.3,31915000,3447.7,2820.9,3839.9,2896.0,3151.6,16,1,3151.1,23,2,3150.9,20,1,3150.7,20,1,3150.6,10,1,3151.9,17,1,3152.0,81,4,3152.1,127,5,3152.2,59,3,3152.3,11,1
2031,2026-06-16 14:12:46+05:30,3151.6,9,3133.24,2708777,133933.0,196095.0,3163.0,3163.0,3108.0,3134.3,31915000,3447.7,2820.9,3839.9,2896.0,3151.6,7,1,3151.0,84,4,3150.9,75,3,3150.7,36,3,3150.6,65,3,3151.9,1,1,3152.1,17,1,3152.4,27,2,3152.5,201,3,3152.6,206,4
2031,2026-06-16 14:12:47+05:30,3151.6,9,3133.24,2708777,133933.0,196095.0,3163.0,3163.0,3108.0,3134.3,31915000,3447.7,2820.9,3839.9,2896.0,3151.6,7,1,3151.0,84,4,3150.9,75,3,3150.7,36,3,3150.6,65,3,3151.9,1,1,3152.1,17,1,3152.4,27,2,3152.5,201,3,3152.6,206,4
2031,2026-06-16 14:12:47+05:30,3151.9,1,3133.24,2708777,133933.0,196095.0,3163.0,3163.0,3108.0,3134.3,31915000,3447.7,2820.9,3839.9,2896.0,3151.6,7,1,3151.0,84,4,3150.9,75,3,3150.7,36,3,3150.6,65,3,3151.9,1,1,3152.1,17,1,3152.4,27,2,3152.5,201,3,3152.6,206,4
2031,2026-06-16 14:12:47+05:30,3152.1,15,3133.24,2708812,133983.0,195670.0,3163.0,3163.0,3108.0,3134.3,31915000,3447.7,2820.9,3839.9,2896.0,3151.6,7,1,3151.0,9,2,3150.9,262,3,3150.7,36,3,3150.6,70,3,3152.2,89,2,3152.3,37,1,3152.4,119,4,3152.5,2,1,3152.6,206,4
2031,2026-06-16 14:12:48+05:30,3152.1,15,3133.24,2708812,133983.0,195670.0,3163.0,3163.0,3108.0,3134.3,31910600,3447.7,2820.9,3839.9,2896.0,3151.6,7,1,3151.0,9,2,3150.9,262,3,3150.7,36,3,3150.6,70,3,3152.2,89,2,3152.3,37,1,3152.4,119,4,3152.5,2,1,3152.6,206,4
2031,2026-06-16 14:12:48+05:30,3151.6,1,3133.24,2708812,133983.0,195670.0,3163.0,3163.0,3108.0,3134.3,31910600,3447.7,2820.9,3839.9,2896.0,3151.6,7,1,3151.0,9,2,3150.9,262,3,3150.7,36,3,3150.6,70,3,3152.2,89,2,3152.3,37,1,3152.4,119,4,3152.5,2,1,3152.6,206,4
2031,2026-06-16 14:12:48+05:30,3151.6,1,3133.24,2708813,133975.0,196120.0,3163.0,3163.0,3108.0,3134.3,31910600,3447.7,2820.9,3839.9,2896.0,3151.6,6,1,3151.0,9,2,3150.9,20,1,3150.7,36,3,3150.6,203,3,3152.1,51,1,3152.2,62,2,3152.3,37,1,3152.4,119,4,3152.5,302,3
2031,2026-06-16 14:12:49+05:30,3152.1,8,3133.24,2708813,133975.0,196120.0,3163.0,3163.0,3108.0,3134.3,31910600,3447.7,2820.9,3839.9,2896.0,3151.6,6,1,3151.0,9,2,3150.9,20,1,3150.7,36,3,3150.6,203,3,3152.1,51,1,3152.2,62,2,3152.3,37,1,3152.4,119,4,3152.5,302,3
2031,2026-06-16 14:12:49+05:30,3152.1,8,3133.24,2708831,133886.0,196326.0,3163.0,3163.0,3108.0,3134.3,31910600,3447.7,2820.9,3839.9,2896.0,3151.6,33,3,3150.9,20,1,3150.7,20,1,3150.6,70,3,3150.5,25,3,3152.0,168,6,3152.1,71,3,3152.2,62,2,3152.3,66,3,3152.4,118,4
2031,2026-06-16 14:12:50+05:30,3151.6,3,3133.24,2708831,133886.0,196326.0,3163.0,3163.0,3108.0,3134.3,31910600,3447.7,2820.9,3839.9,2896.0,3151.6,33,3,3150.9,20,1,3150.7,20,1,3150.6,70,3,3150.5,25,3,3152.0,168,6,3152.1,71,3,3152.2,62,2,3152.3,66,3,3152.4,118,4
2031,2026-06-16 14:12:50+05:30,3151.6,3,3133.24,2708851,133830.0,196499.0,3163.0,3163.0,3108.0,3134.3,31910600,3447.7,2820.9,3839.9,2896.0,3151.6,30,3,3150.9,20,1,3150.8,6,1,3150.7,20,1,3150.6,31,3,3151.9,11,1,3152.0,233,8,3152.1,71,3,3152.2,38,1,3152.3,40,2
2031,2026-06-16 14:12:51+05:30,3151.6,3,3133.24,2708851,133835.0,196498.0,3163.0,3163.0,3108.0,3134.3,31910600,3447.7,2820.9,3839.9,2896.0,3151.6,30,3,3150.9,20,1,3150.8,6,1,3150.7,20,1,3150.6,31,3,3151.9,11,1,3152.0,233,8,3152.1,71,3,3152.2,38,1,3152.3,40,2
2031,2026-06-16 14:12:52+05:30,3151.9,4,3133.24,2708851,133835.0,196498.0,3163.0,3163.0,3108.0,3134.3,31910600,3447.7,2820.9,3839.9,2896.0,3151.6,30,3,3150.9,20,1,3150.8,6,1,3150.7,20,1,3150.6,31,3,3151.9,11,1,3152.0,233,8,3152.1,71,3,3152.2,38,1,3152.3,40,2
2031,2026-06-16 14:12:52+05:30,3151.9,4,3133.24,2708856,133820.0,196561.0,3163.0,3163.0,3108.0,3134.3,31910600,3447.7,2820.9,3839.9,2896.0,3151.6,31,3,3150.9,20,1,3150.8,6,1,3150.7,20,1,3150.6,73,4,3151.9,6,1,3152.0,212,7,3152.1,71,3,3152.2,38,1,3152.3,40,2
2031,2026-06-16 14:12:53+05:30,3152.0,1,3133.24,2708856,133820.0,196561.0,3163.0,3163.0,3108.0,3134.3,31910600,3447.7,2820.9,3839.9,2896.0,3151.6,31,3,3150.9,20,1,3150.8,6,1,3150.7,20,1,3150.6,73,4,3151.9,6,1,3152.0,212,7,3152.1,71,3,3152.2,38,1,3152.3,40,2
2031,2026-06-16 14:12:53+05:30,3152.0,1,3133.24,2708857,133697.0,196341.0,3163.0,3163.0,3108.0,3134.3,31910600,3447.7,2820.9,3839.9,2896.0,3151.6,31,3,3150.9,20,1,3150.8,6,1,3150.7,20,1,3150.6,73,4,3151.9,4,1,3152.0,113,4,3152.1,71,3,3152.2,74,2,3152.3,40,2
2031,2026-06-16 14:12:54+05:30,3152.0,5,3133.24,2708857,133697.0,196341.0,3163.0,3163.0,3108.0,3134.3,31910600,3447.7,2820.9,3839.9,2896.0,3151.6,31,3,3150.9,20,1,3150.8,6,1,3150.7,20,1,3150.6,73,4,3151.9,4,1,3152.0,113,4,3152.1,71,3,3152.2,74,2,3152.3,40,2
2031,2026-06-16 14:12:54+05:30,3152.0,5,3133.24,2709014,133941.0,196216.0,3163.0,3163.0,3108.0,3134.3,31910600,3447.7,2820.9,3839.9,2896.0,3151.6,81,4,3151.1,21,1,3150.9,20,1,3150.8,45,2,3150.7,83,2,3151.9,2,1,3152.0,11,1,3152.1,71,3,3152.2,1,1,3152.3,3,1
2031,2026-06-16 14:12:55+05:30,3151.9,1,3133.24,2709014,133941.0,196216.0,3163.0,3163.0,3108.0,3134.3,31910600,3447.7,2820.9,3839.9,2896.0,3151.6,81,4,3151.1,21,1,3150.9,20,1,3150.8,45,2,3150.7,83,2,3151.9,2,1,3152.0,11,1,3152.1,71,3,3152.2,1,1,3152.3,3,1
2031,2026-06-16 14:12:55+05:30,3151.9,1,3133.24,2709015,134073.0,196231.0,3163.0,3163.0,3108.0,3134.3,31910600,3447.7,2820.9,3839.9,2896.0,3151.6,81,4,3151.1,21,1,3150.9,42,2,3150.8,45,2,3150.7,83,2,3151.9,1,1,3152.1,60,2,3152.2,1,1,3152.3,3,1,3152.4,70,3
2031,2026-06-16 14:12:56+05:30,3151.6,1,3133.24,2709015,134073.0,196231.0,3163.0,3163.0,3108.0,3134.3,31910600,3447.7,2820.9,3839.9,2896.0,3151.6,81,4,3151.1,21,1,3150.9,42,2,3150.8,45,2,3150.7,83,2,3151.9,1,1,3152.1,60,2,3152.2,1,1,3152.3,3,1,3152.4,70,3
2031,2026-06-16 14:12:56+05:30,3151.6,1,3133.24,2709016,133794.0,196321.0,3163.0,3163.0,3108.0,3134.3,31910600,3447.7,2820.9,3839.9,2896.0,3151.6,80,4,3151.1,21,1,3150.9,20,1,3150.8,45,2,3150.7,20,1,3151.9,21,2,3152.1,95,3,3152.2,1,1,3152.3,3,1,3152.4,70,3
2031,2026-06-16 14:12:57+05:30,3151.6,1,3133.24,2709016,133794.0,196321.0,3163.0,3163.0,3108.0,3134.3,31910600,3447.7,2820.9,3839.9,2896.0,3151.6,80,4,3151.1,21,1,3150.9,20,1,3150.8,45,2,3150.7,20,1,3151.9,21,2,3152.1,95,3,3152.2,1,1,3152.3,3,1,3152.4,70,3
2031,2026-06-16 14:12:57+05:30,3151.9,1,3133.24,2709246,133854.0,196160.0,3163.0,3163.0,3108.0,3134.3,31910600,3447.7,2820.9,3839.9,2896.0,3151.6,16,1,3150.9,20,1,3150.7,20,1,3150.6,28,2,3150.5,22,2,3151.9,103,5,3152.1,87,3,3152.2,144,5,3152.3,3,1,3152.4,169,4
2031,2026-06-16 14:12:58+05:30,3151.9,1,3133.24,2709246,133854.0,196160.0,3163.0,3163.0,3108.0,3134.3,31910600,3447.7,2820.9,3839.9,2896.0,3151.6,16,1,3150.9,20,1,3150.7,20,1,3150.6,28,2,3150.5,22,2,3151.9,103,5,3152.1,87,3,3152.2,144,5,3152.3,3,1,3152.4,169,4
2031,2026-06-16 14:12:58+05:30,3151.9,1,3133.24,2709246,133886.0,196244.0,3163.0,3163.0,3108.0,3134.3,31910600,3447.7,2820.9,3839.9,2896.0,3151.6,16,1,3150.9,20,1,3150.7,20,1,3150.6,28,2,3150.5,67,4,3151.9,113,6,3152.0,50,1,3152.1,87,3,3152.2,144,5,3152.3,3,1
2031,2026-06-16 14:12:59+05:30,3151.9,1,3133.24,2709246,133912.0,196349.0,3163.0,3163.0,3108.0,3134.3,31910600,3447.7,2820.9,3839.9,2896.0,3151.6,16,1,3150.9,20,1,3150.7,20,1,3150.6,28,2,3150.5,67,4,3151.9,113,6,3152.0,50,1,3152.1,87,3,3152.2,144,5,3152.3,3,1
2031,2026-06-16 14:13:00+05:30,3151.9,8,3133.24,2709246,133912.0,196349.0,3163.0,3163.0,3108.0,3134.3,31910600,3447.7,2820.9,3839.9,2896.0,3151.6,16,1,3150.9,20,1,3150.7,20,1,3150.6,28,2,3150.5,67,4,3151.9,113,6,3152.0,50,1,3152.1,87,3,3152.2,144,5,3152.3,3,1
2031,2026-06-16 14:13:00+05:30,3151.9,8,3133.24,2709267,134217.0,196153.0,3163.0,3163.0,3108.0,3134.3,31910600,3447.7,2820.9,3839.9,2896.0,3151.6,22,3,3150.9,40,2,3150.7,62,2,3150.6,215,4,3150.5,147,6,3151.9,80,6,3152.0,94,2,3152.1,38,2,3152.2,68,3,3152.3,3,1
2031,2026-06-16 14:13:01+05:30,3151.9,8,3133.24,2709267,134401.0,196154.0,3163.0,3163.0,3108.0,3134.3,31910600,3447.7,2820.9,3839.9,2896.0,3151.8,2,2,3151.6,22,3,3150.9,40,2,3150.8,66,2,3150.7,98,3,3151.9,81,7,3152.0,94,2,3152.2,1,1,3152.3,3,1,3152.4,96,2
2031,2026-06-16 14:13:02+05:30,3151.9,4,3133.24,2709282,134257.0,196148.0,3163.0,3163.0,3108.0,3134.3,31910600,3447.7,2820.9,3839.9,2896.0,3151.8,2,2,3151.6,37,4,3151.3,7,1,3151.2,5,1,3151.1,16,2,3151.9,66,5,3152.0,50,1,3152.4,33,1,3152.5,118,1,3152.6,635,4
2031,2026-06-16 14:13:02+05:30,3151.9,4,3133.24,2709282,134257.0,196148.0,3163.0,3163.0,3108.0,3134.3,31910600,3447.7,2820.9,3839.9,2896.0,3151.8,2,2,3151.6,37,4,3151.3,7,1,3151.2,5,1,3151.1,16,2,3151.9,66,5,3152.0,50,1,3152.4,33,1,3152.5,118,1,3152.6,635,4
2031,2026-06-16 14:13:03+05:30,3151.9,1,3133.24,2709283,134257.0,196079.0,3163.0,3163.0,3108.0,3134.3,31910600,3447.7,2820.9,3839.9,2896.0,3151.8,2,2,3151.6,37,4,3151.2,5,1,3151.1,16,2,3151.0,64,3,3151.9,65,5,3152.0,50,1,3152.4,33,1,3152.5,118,1,3152.6,635,4
2031,2026-06-16 14:13:03+05:30,3151.9,1,3133.24,2709283,134257.0,196079.0,3163.0,3163.0,3108.0,3134.3,31910600,3447.7,2820.9,3839.9,2896.0,3151.8,2,2,3151.6,37,4,3151.2,5,1,3151.1,16,2,3151.0,64,3,3151.9,65,5,3152.0,50,1,3152.4,33,1,3152.5,118,1,3152.6,635,4
2031,2026-06-16 14:13:04+05:30,3151.8,1,3133.24,2709426,134271.0,196335.0,3163.0,3163.0,3108.0,3134.3,31910600,3447.7,2820.9,3839.9,2896.0,3151.6,7,3,3151.1,3,1,3151.0,64,3,3150.9,65,4,3150.8,22,2,3151.8,122,1,3151.9,30,1,3152.0,50,1,3152.4,57,2,3152.5,38,1
2031,2026-06-16 14:13:04+05:30,3151.8,1,3133.24,2709426,134271.0,196335.0,3163.0,3163.0,3108.0,3134.3,31910600,3447.7,2820.9,3839.9,2896.0,3151.6,7,3,3151.1,3,1,3151.0,64,3,3150.9,65,4,3150.8,22,2,3151.8,122,1,3151.9,30,1,3152.0,50,1,3152.4,57,2,3152.5,38,1
2031,2026-06-16 14:13:05+05:30,3151.8,1,3133.24,2709426,134351.0,196308.0,3163.0,3163.0,3108.0,3134.3,31910600,3447.7,2820.9,3839.9,2896.0,3151.6,22,4,3151.1,3,1,3151.0,64,3,3150.9,78,5,3150.8,47,4,3151.8,122,1,3151.9,30,1,3152.0,50,1,3152.4,33,1,3152.5,38,1
2031,2026-06-16 14:13:06+05:30,3151.8,1,3133.24,2709426,134341.0,196332.0,3163.0,3163.0,3108.0,3134.3,31910600,3447.7,2820.9,3839.9,2896.0,3151.6,22,4,3151.1,3,1,3151.0,64,3,3150.9,78,5,3150.8,47,4,3151.8,122,1,3151.9,30,1,3152.0,50,1,3152.4,33,1,3152.5,38,1
2031,2026-06-16 14:13:07+05:30,3151.8,10,3133.24,2709467,134145.0,196307.0,3163.0,3163.0,3108.0,3134.3,31910600,3447.7,2820.9,3839.9,2896.0,3151.6,18,3,3151.1,3,1,3151.0,64,3,3150.9,65,4,3150.8,46,3,3151.8,91,1,3151.9,30,1,3152.0,50,1,3152.4,33,1,3152.5,190,3
2031,2026-06-16 14:13:07+05:30,3151.8,10,3133.24,2709467,134145.0,196307.0,3163.0,3163.0,3108.0,3134.3,31910600,3447.7,2820.9,3839.9,2896.0,3151.6,18,3,3151.1,3,1,3151.0,64,3,3150.9,65,4,3150.8,46,3,3151.8,91,1,3151.9,30,1,3152.0,50,1,3152.4,33,1,3152.5,190,3
2031,2026-06-16 14:13:08+05:30,3151.8,1,3133.24,2709468,135616.0,196317.0,3163.0,3163.0,3108.0,3134.3,31910600,3447.7,2820.9,3839.9,2896.0,3151.6,18,3,3151.1,3,1,3151.0,64,3,3150.9,65,4,3150.8,46,3,3151.8,90,1,3151.9,30,1,3152.0,50,1,3152.4,33,1,3152.5,190,3
2031,2026-06-16 14:13:08+05:30,3151.8,1,3133.24,2709468,135616.0,196317.0,3163.0,3163.0,3108.0,3134.3,31910600,3447.7,2820.9,3839.9,2896.0,3151.6,18,3,3151.1,3,1,3151.0,64,3,3150.9,65,4,3150.8,46,3,3151.8,90,1,3151.9,30,1,3152.0,50,1,3152.4,33,1,3152.5,190,3
2031,2026-06-16 14:13:09+05:30,3151.8,1,3133.24,2709468,135582.0,196307.0,3163.0,3163.0,3108.0,3134.3,31910600,3447.7,2820.9,3839.9,2896.0,3151.7,5,1,3151.6,13,2,3151.1,3,1,3151.0,11,1,3150.9,52,3,3151.8,116,2,3151.9,30,1,3152.0,55,2,3152.3,71,2,3152.4,71,2
2031,2026-06-16 14:13:10+05:30,3151.9,2,3133.24,2709618,135537.0,196089.0,3163.0,3163.0,3108.0,3134.3,31910600,3447.7,2820.9,3839.9,2896.0,3151.7,5,1,3151.6,13,2,3151.1,3,1,3151.0,53,2,3150.9,76,4,3152.0,55,2,3152.3,71,2,3152.4,33,1,3152.5,204,3,3152.6,661,6
2031,2026-06-16 14:13:10+05:30,3151.9,2,3133.24,2709618,135537.0,196089.0,3163.0,3163.0,3108.0,3134.3,31910600,3447.7,2820.9,3839.9,2896.0,3151.7,5,1,3151.6,13,2,3151.1,3,1,3151.0,53,2,3150.9,76,4,3152.0,55,2,3152.3,71,2,3152.4,33,1,3152.5,204,3,3152.6,661,6
2031,2026-06-16 14:13:11+05:30,3152.0,7,3133.24,2709625,135536.0,196083.0,3163.0,3163.0,3108.0,3134.3,31910600,3447.7,2820.9,3839.9,2896.0,3151.7,5,1,3151.6,12,1,3151.1,3,1,3151.0,53,2,3150.9,76,4,3152.0,48,2,3152.3,71,2,3152.4,33,1,3152.5,204,3,3152.6,661,6
2031,2026-06-16 14:13:11+05:30,3152.0,7,3133.24,2709625,135536.0,196083.0,3163.0,3163.0,3108.0,3134.3,31910600,3447.7,2820.9,3839.9,2896.0,3151.7,5,1,3151.6,12,1,3151.1,3,1,3151.0,53,2,3150.9,76,4,3152.0,48,2,3152.3,71,2,3152.4,33,1,3152.5,204,3,3152.6,661,6
2031,2026-06-16 14:13:12+05:30,3152.0,18,3133.24,2709654,135727.0,195742.0,3163.0,3163.0,3108.0,3134.3,31910600,3447.7,2820.9,3839.9,2896.0,3151.8,1,1,3151.7,5,1,3151.6,12,1,3151.1,240,3,3151.0,285,5,3152.0,19,2,3152.4,33,1,3152.5,199,3,3152.6,603,4,3152.7,46,1
2031,2026-06-16 14:13:12+05:30,3152.0,18,3133.24,2709654,135727.0,195742.0,3163.0,3163.0,3108.0,3134.3,31910600,3447.7,2820.9,3839.9,2896.0,3151.8,1,1,3151.7,5,1,3151.6,12,1,3151.1,240,3,3151.0,285,5,3152.0,19,2,3152.4,33,1,3152.5,199,3,3152.6,603,4,3152.7,46,1
2031,2026-06-16 14:13:13+05:30,3152.0,1,3133.24,2709672,135756.0,195855.0,3163.0,3163.0,3108.0,3134.3,31910600,3447.7,2820.9,3839.9,2896.0,3151.8,1,1,3151.7,5,1,3151.6,12,1,3151.1,88,3,3151.0,85,4,3152.0,1,1,3152.4,33,1,3152.5,118,1,3152.6,600,3,3152.8,177,4
2031,2026-06-16 14:13:13+05:30,3152.0,1,3133.24,2709672,135756.0,195855.0,3163.0,3163.0,3108.0,3134.3,31910600,3447.7,2820.9,3839.9,2896.0,3151.8,1,1,3151.7,5,1,3151.6,12,1,3151.1,88,3,3151.0,85,4,3152.0,1,1,3152.4,33,1,3152.5,118,1,3152.6,600,3,3152.8,177,4
2031,2026-06-16 14:13:14+05:30,3152.4,4,3133.24,2709677,135809.0,195934.0,3163.0,3163.0,3108.0,3134.3,31910600,3447.7,2820.9,3839.9,2896.0,3151.9,18,1,3151.8,1,1,3151.7,5,1,3151.6,14,1,3151.3,22,1,3152.4,29,1,3152.5,154,2,3152.6,600,3,3152.7,71,2,3152.8,116,2
2031,2026-06-16 14:13:14+05:30,3152.4,4,3133.24,2709677,135809.0,195934.0,3163.0,3163.0,3108.0,3134.3,31910600,3447.7,2820.9,3839.9,2896.0,3151.9,18,1,3151.8,1,1,3151.7,5,1,3151.6,14,1,3151.3,22,1,3152.4,29,1,3152.5,154,2,3152.6,600,3,3152.7,71,2,3152.8,116,2
2031,2026-06-16 14:13:15+05:30,3152.4,1,3133.24,2709678,135810.0,196079.0,3163.0,3163.0,3108.0,3134.3,31910600,3447.7,2820.9,3839.9,2896.0,3151.9,18,1,3151.8,1,1,3151.7,5,1,3151.6,14,1,3151.3,22,1,3152.4,51,2,3152.5,154,2,3152.6,600,3,3152.7,71,2,3152.8,139,3
2031,2026-06-16 14:13:15+05:30,3152.4,1,3133.24,2709678,135810.0,196079.0,3163.0,3163.0,3108.0,3134.3,31910600,3447.7,2820.9,3839.9,2896.0,3151.9,18,1,3151.8,1,1,3151.7,5,1,3151.6,14,1,3151.3,22,1,3152.4,51,2,3152.5,154,2,3152.6,600,3,3152.7,71,2,3152.8,139,3
2031,2026-06-16 14:13:15+05:30,3152.4,17,3133.24,2709695,136367.0,196128.0,3163.0,3163.0,3108.0,3134.3,31910600,3447.7,2820.9,3839.9,2896.0,3152.2,2,2,3151.9,22,3,3151.8,1,1,3151.7,14,1,3151.3,20,1,3152.4,34,2,3152.5,118,1,3152.6,621,4,3152.7,71,2,3152.8,75,2
2031,2026-06-16 14:13:16+05:30,3152.4,17,3133.24,2709695,136367.0,196128.0,3163.0,3163.0,3108.0,3134.3,31910600,3447.7,2820.9,3839.9,2896.0,3152.2,2,2,3151.9,22,3,3151.8,1,1,3151.7,14,1,3151.3,20,1,3152.4,34,2,3152.5,118,1,3152.6,621,4,3152.7,71,2,3152.8,75,2
2031,2026-06-16 14:13:16+05:30,3151.9,1,3133.24,2709877,136064.0,196319.0,3163.0,3163.0,3108.0,3134.3,31910600,3447.7,2820.9,3839.9,2896.0,3151.9,18,3,3151.8,17,2,3151.3,20,1,3151.1,22,1,3151.0,34,2,3152.3,400,2,3152.4,75,5,3152.5,189,3,3152.6,532,6,3152.7,200,1
2031,2026-06-16 14:13:17+05:30,3151.9,1,3133.24,2709877,136064.0,196319.0,3163.0,3163.0,3108.0,3134.3,31910600,3447.7,2820.9,3839.9,2896.0,3151.9,18,3,3151.8,17,2,3151.3,20,1,3151.1,22,1,3151.0,34,2,3152.3,400,2,3152.4,75,5,3152.5,189,3,3152.6,532,6,3152.7,200,1
2031,2026-06-16 14:13:18+05:30,3151.9,1,3133.24,2709877,135714.0,196123.0,3163.0,3163.0,3108.0,3134.3,31910600,3447.7,2820.9,3839.9,2896.0,3151.9,18,3,3151.8,17,2,3151.3,20,1,3151.1,22,1,3151.0,34,2,3152.2,11,1,3152.3,400,2,3152.4,75,5,3152.5,189,3,3152.6,532,6
2031,2026-06-16 14:13:19+05:30,3152.1,1,3133.24,2710078,135563.0,196251.0,3163.0,3163.0,3108.0,3134.3,31910600,3447.7,2820.9,3839.9,2896.0,3151.8,16,1,3151.1,22,1,3151.0,23,1,3150.9,32,2,3150.7,79,3,3152.2,33,1,3152.3,400,2,3152.4,66,5,3152.5,118,1,3152.6,570,7
2031,2026-06-16 14:13:19+05:30,3152.1,1,3133.24,2710078,135563.0,196251.0,3163.0,3163.0,3108.0,3134.3,31910600,3447.7,2820.9,3839.9,2896.0,3151.8,16,1,3151.1,22,1,3151.0,23,1,3150.9,32,2,3150.7,79,3,3152.2,33,1,3152.3,400,2,3152.4,66,5,3152.5,118,1,3152.6,570,7
2031,2026-06-16 14:13:20+05:30,3152.3,1,3133.24,2710079,135432.0,196237.0,3163.0,3163.0,3108.0,3134.3,31910600,3447.7,2820.9,3839.9,2896.0,3151.9,2,1,3151.8,17,2,3151.1,22,1,3151.0,23,1,3150.9,32,2,3152.3,399,2,3152.4,76,6,3152.5,118,1,3152.6,532,6,3152.7,233,2
2031,2026-06-16 14:13:20+05:30,3152.3,1,3133.24,2710079,135432.0,196237.0,3163.0,3163.0,3108.0,3134.3,31910600,3447.7,2820.9,3839.9,2896.0,3151.9,2,1,3151.8,17,2,3151.1,22,1,3151.0,23,1,3150.9,32,2,3152.3,399,2,3152.4,76,6,3152.5,118,1,3152.6,532,6,3152.7,233,2
2031,2026-06-16 14:13:20+05:30,3152.3,17,3133.24,2710137,135921.0,196051.0,3163.0,3163.0,3108.0,3134.3,31910600,3447.7,2820.9,3839.9,2896.0,3151.9,2,1,3151.8,17,2,3151.4,10,1,3151.2,193,3,3151.1,38,3,3152.3,367,3,3152.4,39,4,3152.6,139,2,3152.7,456,3,3152.8,88,3
2031,2026-06-16 14:13:21+05:30,3152.3,10,3133.24,2710137,135921.0,196051.0,3163.0,3163.0,3108.0,3134.3,31910600,3447.7,2820.9,3839.9,2896.0,3151.9,2,1,3151.8,17,2,3151.4,10,1,3151.2,193,3,3151.1,38,3,3152.3,367,3,3152.4,39,4,3152.6,139,2,3152.7,456,3,3152.8,88,3
2031,2026-06-16 14:13:22+05:30,3152.3,10,3133.24,2710147,135761.0,196323.0,3163.0,3163.0,3108.0,3134.3,31910600,3447.7,2820.9,3839.9,2896.0,3151.9,17,2,3151.8,17,2,3151.2,13,1,3151.1,39,3,3151.0,65,2,3152.3,357,3,3152.4,37,3,3152.5,140,2,3152.6,491,5,3152.8,121,4
2031,2026-06-16 14:13:22+05:30,3152.3,5,3133.24,2710147,135761.0,196323.0,3163.0,3163.0,3108.0,3134.3,31910600,3447.7,2820.9,3839.9,2896.0,3151.9,17,2,3151.8,17,2,3151.2,13,1,3151.1,39,3,3151.0,65,2,3152.3,357,3,3152.4,37,3,3152.5,140,2,3152.6,491,5,3152.8,121,4
2031,2026-06-16 14:13:23+05:30,3152.3,5,3133.24,2710152,135966.0,196318.0,3163.0,3163.0,3108.0,3134.3,31910600,3447.7,2820.9,3839.9,2896.0,3151.9,17,2,3151.8,16,1,3151.2,13,1,3151.1,39,3,3151.0,65,2,3152.3,352,3,3152.4,37,3,3152.5,118,1,3152.6,491,5,3152.8,143,5
2031,2026-06-16 14:13:24+05:30,3152.3,1,3133.24,2710153,135966.0,196331.0,3163.0,3163.0,3108.0,3134.3,31910600,3447.7,2820.9,3839.9,2896.0,3151.9,17,2,3151.8,16,1,3151.2,13,1,3151.1,39,3,3151.0,65,2,3152.3,391,4,3152.4,37,3,3152.6,189,4,3152.7,456,3,3152.8,181,6
2031,2026-06-16 14:13:24+05:30,3151.9,35,3133.24,2710153,135966.0,196331.0,3163.0,3163.0,3108.0,3134.3,31910600,3447.7,2820.9,3839.9,2896.0,3151.9,17,2,3151.8,16,1,3151.2,13,1,3151.1,39,3,3151.0,65,2,3152.3,391,4,3152.4,37,3,3152.6,189,4,3152.7,456,3,3152.8,181,6
2031,2026-06-16 14:13:25+05:30,3151.9,39,3133.25,2710227,135771.0,196356.0,3163.0,3163.0,3108.0,3134.3,31910600,3447.7,2820.9,3839.9,2896.0,3151.9,15,1,3151.8,16,1,3151.3,13,1,3151.2,20,1,3151.1,59,4,3152.3,392,5,3152.4,14,2,3152.5,6,2,3152.6,157,3,3152.7,488,4
2031,2026-06-16 14:13:25+05:30,3151.9,39,3133.25,2710227,135771.0,196356.0,3163.0,3163.0,3108.0,3134.3,31910600,3447.7,2820.9,3839.9,2896.0,3151.9,15,1,3151.8,16,1,3151.3,13,1,3151.2,20,1,3151.1,59,4,3152.3,392,5,3152.4,14,2,3152.5,6,2,3152.6,157,3,3152.7,488,4
2031,2026-06-16 14:13:25+05:30,3152.3,1,3133.25,2710260,135607.0,196212.0,3163.0,3163.0,3108.0,3134.3,31910600,3447.7,2820.9,3839.9,2896.0,3151.9,15,1,3151.8,16,1,3151.4,5,1,3151.3,221,3,3151.2,33,2,3152.3,398,6,3152.4,14,2,3152.5,6,2,3152.6,121,2,3152.7,456,3
2031,2026-06-16 14:13:26+05:30,3152.3,1,3133.25,2710260,135607.0,196212.0,3163.0,3163.0,3108.0,3134.3,31910600,3447.7,2820.9,3839.9,2896.0,3151.9,15,1,3151.8,16,1,3151.4,5,1,3151.3,221,3,3151.2,33,2,3152.3,398,6,3152.4,14,2,3152.5,6,2,3152.6,121,2,3152.7,456,3
2031,2026-06-16 14:13:26+05:30,3151.9,9,3133.25,2710269,135604.0,196234.0,3163.0,3163.0,3108.0,3134.3,31910600,3447.7,2820.9,3839.9,2896.0,3151.9,6,1,3151.8,16,1,3151.4,5,1,3151.3,221,3,3151.2,33,2,3152.3,398,6,3152.4,14,2,3152.5,6,2,3152.6,121,2,3152.7,456,3
2031,2026-06-16 14:13:27+05:30,3151.9,9,3133.25,2710269,135604.0,196234.0,3163.0,3163.0,3108.0,3134.3,31910600,3447.7,2820.9,3839.9,2896.0,3151.9,6,1,3151.8,16,1,3151.4,5,1,3151.3,221,3,3151.2,33,2,3152.3,398,6,3152.4,14,2,3152.5,6,2,3152.6,121,2,3152.7,456,3
2031,2026-06-16 14:13:27+05:30,3151.9,9,3133.25,2710269,135599.0,196262.0,3163.0,3163.0,3108.0,3134.3,31910600,3447.7,2820.9,3839.9,2896.0,3151.9,6,1,3151.8,16,1,3151.3,179,2,3151.2,33,2,3151.1,59,4,3152.3,399,7,3152.4,14,2,3152.5,71,4,3152.6,121,2,3152.7,456,3
2031,2026-06-16 14:13:28+05:30,3151.9,9,3133.25,2710269,135599.0,196262.0,3163.0,3163.0,3108.0,3134.3,31910600,3447.7,2820.9,3839.9,2896.0,3151.9,6,1,3151.8,16,1,3151.3,179,2,3151.2,33,2,3151.1,59,4,3152.3,399,7,3152.4,14,2,3152.5,71,4,3152.6,121,2,3152.7,456,3
2031,2026-06-16 14:13:28+05:30,3152.3,5,3133.25,2710274,135991.0,196241.0,3163.0,3163.0,3108.0,3134.3,31910600,3447.7,2820.9,3839.9,2896.0,3151.9,23,2,3151.8,16,1,3151.3,13,1,3151.2,33,2,3151.1,59,4,3152.3,394,7,3152.4,14,2,3152.5,40,3,3152.6,121,2,3152.7,456,3
2031,2026-06-16 14:13:29+05:30,3152.3,1,3133.25,2710274,135991.0,196241.0,3163.0,3163.0,3108.0,3134.3,31910600,3447.7,2820.9,3839.9,2896.0,3151.9,23,2,3151.8,16,1,3151.3,13,1,3151.2,33,2,3151.1,59,4,3152.3,394,7,3152.4,14,2,3152.5,40,3,3152.6,121,2,3152.7,456,3
2031,2026-06-16 14:13:29+05:30,3152.3,17,3133.25,2710297,136088.0,196116.0,3163.0,3163.0,3108.0,3134.3,31910600,3447.7,2820.9,3839.9,2896.0,3151.9,23,2,3151.8,16,1,3151.3,13,1,3151.2,33,2,3151.1,59,4,3152.3,371,7,3152.4,14,2,3152.5,40,3,3152.6,121,2,3152.7,456,3
2031,2026-06-16 14:13:30+05:30,3152.3,17,3133.25,2710297,136088.0,196116.0,3163.0,3163.0,3108.0,3134.3,31910600,3447.7,2820.9,3839.9,2896.0,3151.9,23,2,3151.8,16,1,3151.3,13,1,3151.2,33,2,3151.1,59,4,3152.3,371,7,3152.4,14,2,3152.5,40,3,3152.6,121,2,3152.7,456,3
2031,2026-06-16 14:13:30+05:30,3152.3,17,3133.25,2710297,136088.0,196116.0,3163.0,3163.0,3108.0,3134.3,31910600,3447.7,2820.9,3839.9,2896.0,3151.9,23,2,3151.8,16,1,3151.3,13,1,3151.2,33,2,3151.1,59,4,3152.3,371,7,3152.4,14,2,3152.5,40,3,3152.6,121,2,3152.7,456,3
2031,2026-06-16 14:13:30+05:30,3152.3,17,3133.25,2710297,136295.0,196192.0,3163.0,3163.0,3108.0,3134.3,31910600,3447.7,2820.9,3839.9,2896.0,3152.2,16,1,3152.1,2,2,3151.9,7,2,3151.8,16,1,3151.5,3,1,3152.3,371,7,3152.4,14,2,3152.5,3,1,3152.6,121,2,3152.7,456,3
2031,2026-06-16 14:13:31+05:30,3151.9,26,3133.25,2710680,136126.0,196382.0,3163.0,3163.0,3108.0,3134.3,31910600,3447.7,2820.9,3839.9,2896.0,3151.8,22,2,3151.3,13,1,3151.1,36,2,3151.0,84,4,3150.9,245,6,3151.9,39,1,3152.0,42,1,3152.3,132,6,3152.4,14,2,3152.5,121,2
2031,2026-06-16 14:13:32+05:30,3151.9,1,3133.25,2710680,136126.0,196382.0,3163.0,3163.0,3108.0,3134.3,31910600,3447.7,2820.9,3839.9,2896.0,3151.8,22,2,3151.3,13,1,3151.1,36,2,3151.0,84,4,3150.9,245,6,3151.9,39,1,3152.0,42,1,3152.3,132,6,3152.4,14,2,3152.5,121,2
2031,2026-06-16 14:13:32+05:30,3151.9,1,3133.25,2710680,136126.0,196382.0,3163.0,3163.0,3108.0,3134.3,31910600,3447.7,2820.9,3839.9,2896.0,3151.8,22,2,3151.3,13,1,3151.1,36,2,3151.0,84,4,3150.9,245,6,3151.9,39,1,3152.0,42,1,3152.3,132,6,3152.4,14,2,3152.5,121,2
2031,2026-06-16 14:13:32+05:30,3152.0,41,3133.25,2710762,136136.0,196128.0,3163.0,3163.0,3108.0,3134.3,31910600,3447.7,2820.9,3839.9,2896.0,3152.2,9,1,3151.9,5,1,3151.8,22,2,3151.4,16,2,3151.3,75,3,3152.3,105,4,3152.4,14,2,3152.6,118,1,3152.7,456,3,3152.8,3,1
2031,2026-06-16 14:13:33+05:30,3152.0,41,3133.25,2710762,136136.0,196128.0,3163.0,3163.0,3108.0,3134.3,31910600,3447.7,2820.9,3839.9,2896.0,3152.2,9,1,3151.9,5,1,3151.8,22,2,3151.4,16,2,3151.3,75,3,3152.3,105,4,3152.4,14,2,3152.6,118,1,3152.7,456,3,3152.8,3,1
2031,2026-06-16 14:13:33+05:30,3152.0,41,3133.25,2710762,136139.0,196140.0,3163.0,3163.0,3108.0,3134.3,31910600,3447.7,2820.9,3839.9,2896.0,3152.2,9,1,3151.9,5,1,3151.8,22,2,3151.7,7,1,3151.6,55,2,3152.3,131,5,3152.4,14,2,3152.6,118,1,3152.7,456,3,3152.8,3,1
2031,2026-06-16 14:13:34+05:30,3152.3,8,3133.25,2710762,136139.0,196140.0,3163.0,3163.0,3108.0,3134.3,31910600,3447.7,2820.9,3839.9,2896.0,3152.2,9,1,3151.9,5,1,3151.8,22,2,3151.7,7,1,3151.6,55,2,3152.3,131,5,3152.4,14,2,3152.6,118,1,3152.7,456,3,3152.8,3,1
2031,2026-06-16 14:13:34+05:30,3152.3,1,3133.25,2710813,136373.0,195920.0,3163.0,3163.0,3108.0,3134.3,31910600,3447.7,2820.9,3839.9,2896.0,3152.2,10,2,3152.0,29,3,3151.9,3,1,3151.8,86,5,3151.7,7,1,3152.3,50,2,3152.4,14,2,3152.6,118,1,3152.7,456,3,3152.8,3,1
2031,2026-06-16 14:13:35+05:30,3152.3,1,3133.25,2710813,136373.0,195920.0,3163.0,3163.0,3108.0,3134.3,31910600,3447.7,2820.9,3839.9,2896.0,3152.2,10,2,3152.0,29,3,3151.9,3,1,3151.8,86,5,3151.7,7,1,3152.3,50,2,3152.4,14,2,3152.6,118,1,3152.7,456,3,3152.8,3,1
2031,2026-06-16 14:13:35+05:30,3152.0,12,3133.25,2710813,136373.0,195920.0,3163.0,3163.0,3108.0,3134.3,31910600,3447.7,2820.9,3839.9,2896.0,3152.2,10,2,3152.0,29,3,3151.9,3,1,3151.8,86,5,3151.7,7,1,3152.3,50,2,3152.4,14,2,3152.6,118,1,3152.7,456,3,3152.8,3,1
2031,2026-06-16 14:13:35+05:30,3151.9,7,3133.25,2710862,136254.0,195739.0,3163.0,3163.0,3108.0,3134.3,31910600,3447.7,2820.9,3839.9,2896.0,3151.9,7,3,3151.8,35,3,3151.6,26,2,3151.5,51,2,3151.4,40,4,3152.0,20,1,3152.3,50,2,3152.4,14,2,3152.5,3,1,3152.6,121,2
2031,2026-06-16 14:13:36+05:30,3151.9,7,3133.25,2710862,136254.0,195739.0,3163.0,3163.0,3108.0,3134.3,31910600,3447.7,2820.9,3839.9,2896.0,3151.9,7,3,3151.8,35,3,3151.6,26,2,3151.5,51,2,3151.4,40,4,3152.0,20,1,3152.3,50,2,3152.4,14,2,3152.5,3,1,3152.6,121,2
2031,2026-06-16 14:13:36+05:30,3151.9,2,3133.25,2710872,136267.0,195742.0,3163.0,3163.0,3108.0,3134.3,31910600,3447.7,2820.9,3839.9,2896.0,3151.9,4,3,3151.8,24,3,3151.7,3,1,3151.6,46,4,3151.5,51,2,3152.0,20,1,3152.3,50,2,3152.4,14,2,3152.5,3,1,3152.6,121,2
2031,2026-06-16 14:13:37+05:30,3151.9,2,3133.25,2710872,136267.0,195742.0,3163.0,3163.0,3108.0,3134.3,31910600,3447.7,2820.9,3839.9,2896.0,3151.9,4,3,3151.8,24,3,3151.7,3,1,3151.6,46,4,3151.5,51,2,3152.0,20,1,3152.3,50,2,3152.4,14,2,3152.5,3,1,3152.6,121,2
2031,2026-06-16 14:13:37+05:30,3151.9,2,3133.25,2710872,136267.0,195742.0,3163.0,3163.0,3108.0,3134.3,31910600,3447.7,2820.9,3839.9,2896.0,3151.9,4,3,3151.8,24,3,3151.7,3,1,3151.6,46,4,3151.5,51,2,3152.0,20,1,3152.3,50,2,3152.4,14,2,3152.5,3,1,3152.6,121,2
2031,2026-06-16 14:13:37+05:30,3151.9,1,3133.25,2710875,136270.0,195708.0,3163.0,3163.0,3108.0,3134.3,31910600,3447.7,2820.9,3839.9,2896.0,3151.9,20,5,3151.8,26,4,3151.7,3,1,3151.6,31,3,3151.5,51,2,3152.0,45,2,3152.4,14,2,3152.5,3,1,3152.6,121,2,3152.7,456,3
2031,2026-06-16 14:13:38+05:30,3151.9,1,3133.25,2710875,136270.0,195708.0,3163.0,3163.0,3108.0,3134.3,31910600,3447.7,2820.9,3839.9,2896.0,3151.9,20,5,3151.8,26,4,3151.7,3,1,3151.6,31,3,3151.5,51,2,3152.0,45,2,3152.4,14,2,3152.5,3,1,3152.6,121,2,3152.7,456,3
2031,2026-06-16 14:13:38+05:30,3151.9,1,3133.25,2710875,136270.0,195708.0,3163.0,3163.0,3108.0,3134.3,31910600,3447.7,2820.9,3839.9,2896.0,3151.9,20,5,3151.8,26,4,3151.7,3,1,3151.6,31,3,3151.5,51,2,3152.0,45,2,3152.4,14,2,3152.5,3,1,3152.6,121,2,3152.7,456,3
2031,2026-06-16 14:13:38+05:30,3152.0,1,3133.25,2710884,136268.0,195609.0,3163.0,3163.0,3108.0,3134.3,31910600,3447.7,2820.9,3839.9,2896.0,3151.9,23,8,3151.8,22,2,3151.7,3,1,3151.6,31,3,3151.5,51,2,3152.0,48,3,3152.4,14,2,3152.6,118,1,3152.7,456,3,3153.0,505,7
2031,2026-06-16 14:13:39+05:30,3152.0,1,3133.25,2710884,136268.0,195609.0,3163.0,3163.0,3108.0,3134.3,31910600,3447.7,2820.9,3839.9,2896.0,3151.9,23,8,3151.8,22,2,3151.7,3,1,3151.6,31,3,3151.5,51,2,3152.0,48,3,3152.4,14,2,3152.6,118,1,3152.7,456,3,3153.0,505,7
2031,2026-06-16 14:13:39+05:30,3151.9,45,3133.25,2711084,136152.0,195317.0,3163.0,3163.0,3108.0,3134.3,31910600,3447.7,2820.9,3839.9,2896.0,3151.8,31,5,3151.7,6,2,3151.6,26,2,3151.5,29,2,3151.4,40,4,3152.0,48,3,3152.4,14,2,3152.6,118,1,3152.7,456,3,3152.9,3,1
2031,2026-06-16 14:13:40+05:30,3151.9,45,3133.25,2711084,136152.0,195317.0,3163.0,3163.0,3108.0,3134.3,31910600,3447.7,2820.9,3839.9,2896.0,3151.8,31,5,3151.7,6,2,3151.6,26,2,3151.5,29,2,3151.4,40,4,3152.0,48,3,3152.4,14,2,3152.6,118,1,3152.7,456,3,3152.9,3,1
2031,2026-06-16 14:13:40+05:30,3151.9,45,3133.25,2711084,136152.0,195317.0,3163.0,3163.0,3108.0,3134.3,31910600,3447.7,2820.9,3839.9,2896.0,3151.8,31,5,3151.7,6,2,3151.6,26,2,3151.5,29,2,3151.4,40,4,3152.0,48,3,3152.4,14,2,3152.6,118,1,3152.7,456,3,3152.9,3,1
2031,2026-06-16 14:13:40+05:30,3151.9,45,3133.25,2711084,136159.0,195518.0,3163.0,3163.0,3108.0,3134.3,31910600,3447.7,2820.9,3839.9,2896.0,3151.9,3,1,3151.8,31,5,3151.7,6,2,3151.6,26,2,3151.5,29,2,3152.0,49,4,3152.4,14,2,3152.6,118,1,3152.7,456,3,3152.9,3,1
2031,2026-06-16 14:13:41+05:30,3151.9,45,3133.25,2711084,136159.0,195518.0,3163.0,3163.0,3108.0,3134.3,31910600,3447.7,2820.9,3839.9,2896.0,3151.9,3,1,3151.8,31,5,3151.7,6,2,3151.6,26,2,3151.5,29,2,3152.0,49,4,3152.4,14,2,3152.6,118,1,3152.7,456,3,3152.9,3,1
2031,2026-06-16 14:13:41+05:30,3152.0,8,3133.25,2711103,136182.0,195348.0,3163.0,3163.0,3108.0,3134.3,31910600,3447.7,2820.9,3839.9,2896.0,3151.9,3,1,3151.8,27,4,3151.7,6,2,3151.6,26,2,3151.5,71,3,3152.0,30,3,3152.4,14,2,3152.6,118,1,3152.7,456,3,3152.9,3,1
2031,2026-06-16 14:13:42+05:30,3152.0,8,3133.25,2711103,136182.0,195348.0,3163.0,3163.0,3108.0,3134.3,31910600,3447.7,2820.9,3839.9,2896.0,3151.9,3,1,3151.8,27,4,3151.7,6,2,3151.6,26,2,3151.5,71,3,3152.0,30,3,3152.4,14,2,3152.6,118,1,3152.7,456,3,3152.9,3,1
2031,2026-06-16 14:13:42+05:30,3152.0,21,3133.25,2711103,136182.0,195348.0,3163.0,3163.0,3108.0,3134.3,31910600,3447.7,2820.9,3839.9,2896.0,3151.9,3,1,3151.8,27,4,3151.7,6,2,3151.6,26,2,3151.5,71,3,3152.0,30,3,3152.4,14,2,3152.6,118,1,3152.7,456,3,3152.9,3,1
2031,2026-06-16 14:13:42+05:30,3152.0,3,3133.25,2711184,136312.0,195330.0,3163.0,3163.0,3108.0,3134.3,31910600,3447.7,2820.9,3839.9,2896.0,3151.9,37,5,3151.8,16,1,3151.7,6,2,3151.6,26,2,3151.5,86,4,3152.0,9,1,3152.4,14,2,3152.6,118,1,3152.7,456,3,3152.9,3,1
2031,2026-06-16 14:13:42+05:30,3152.0,3,3133.25,2711184,136312.0,195330.0,3163.0,3163.0,3108.0,3134.3,31910600,3447.7,2820.9,3839.9,2896.0,3151.9,37,5,3151.8,16,1,3151.7,6,2,3151.6,26,2,3151.5,86,4,3152.0,9,1,3152.4,14,2,3152.6,118,1,3152.7,456,3,3152.9,3,1
2031,2026-06-16 14:13:43+05:30,3152.0,3,3133.25,2711184,136312.0,195330.0,3163.0,3163.0,3108.0,3134.3,31910600,3447.7,2820.9,3839.9,2896.0,3151.9,37,5,3151.8,16,1,3151.7,6,2,3151.6,26,2,3151.5,86,4,3152.0,9,1,3152.4,14,2,3152.6,118,1,3152.7,456,3,3152.9,3,1
2031,2026-06-16 14:13:43+05:30,3152.0,3,3133.25,2711184,136312.0,195330.0,3163.0,3163.0,3108.0,3134.3,31910600,3447.7,2820.9,3839.9,2896.0,3151.9,37,5,3151.8,16,1,3151.7,6,2,3151.6,26,2,3151.5,86,4,3152.0,9,1,3152.4,14,2,3152.6,118,1,3152.7,456,3,3152.9,3,1
2031,2026-06-16 14:13:43+05:30,3151.9,2,3133.25,2711189,136334.0,195560.0,3163.0,3163.0,3108.0,3134.3,31910600,3447.7,2820.9,3839.9,2896.0,3151.9,41,8,3151.8,18,2,3151.7,6,2,3151.6,26,2,3151.5,86,4,3152.0,35,3,3152.4,14,2,3152.6,118,1,3152.7,456,3,3152.9,3,1
2031,2026-06-16 14:13:44+05:30,3152.0,4,3133.25,2711189,136334.0,195560.0,3163.0,3163.0,3108.0,3134.3,31910600,3447.7,2820.9,3839.9,2896.0,3151.9,41,8,3151.8,18,2,3151.7,6,2,3151.6,26,2,3151.5,86,4,3152.0,35,3,3152.4,14,2,3152.6,118,1,3152.7,456,3,3152.9,3,1
2031,2026-06-16 14:13:44+05:30,3152.0,10,3133.25,2711252,136288.0,195544.0,3163.0,3163.0,3108.0,3134.3,31910600,3447.7,2820.9,3839.9,2896.0,3151.9,43,10,3151.8,18,2,3151.7,6,2,3151.6,46,3,3151.5,67,3,3152.4,14,2,3152.6,118,1,3152.7,456,3,3153.0,460,4,3153.1,202,2
2031,2026-06-16 14:13:44+05:30,3152.0,10,3133.25,2711252,136288.0,195544.0,3163.0,3163.0,3108.0,3134.3,31910600,3447.7,2820.9,3839.9,2896.0,3151.9,43,10,3151.8,18,2,3151.7,6,2,3151.6,46,3,3151.5,67,3,3152.4,14,2,3152.6,118,1,3152.7,456,3,3153.0,460,4,3153.1,202,2
2031,2026-06-16 14:13:45+05:30,3152.0,1,3133.25,2711252,136288.0,195544.0,3163.0,3163.0,3108.0,3134.3,31910600,3447.7,2820.9,3839.9,2896.0,3151.9,43,10,3151.8,18,2,3151.7,6,2,3151.6,46,3,3151.5,67,3,3152.4,14,2,3152.6,118,1,3152.7,456,3,3153.0,460,4,3153.1,202,2
2031,2026-06-16 14:13:45+05:30,3152.0,1,3133.25,2711252,136288.0,195544.0,3163.0,3163.0,3108.0,3134.3,31910600,3447.7,2820.9,3839.9,2896.0,3151.9,43,10,3151.8,18,2,3151.7,6,2,3151.6,46,3,3151.5,67,3,3152.4,14,2,3152.6,118,1,3152.7,456,3,3153.0,460,4,3153.1,202,2
2031,2026-06-16 14:13:45+05:30,3152.7,200,3133.26,2711879,137288.0,193973.0,3163.0,3163.0,3108.0,3134.3,31910600,3447.7,2820.9,3839.9,2896.0,3152.4,16,1,3152.3,17,2,3152.2,53,6,3152.1,30,3,3152.0,28,3,3152.7,600,3,3153.0,460,4,3153.1,202,2,3153.2,386,2,3153.3,17,1
2031,2026-06-16 14:13:46+05:30,3152.7,87,3133.26,2711879,137288.0,193973.0,3163.0,3163.0,3108.0,3134.3,31910600,3447.7,2820.9,3839.9,2896.0,3152.4,16,1,3152.3,17,2,3152.2,53,6,3152.1,30,3,3152.0,28,3,3152.7,600,3,3153.0,460,4,3153.1,202,2,3153.2,386,2,3153.3,17,1
2031,2026-06-16 14:13:46+05:30,3152.7,87,3133.26,2711879,137288.0,193973.0,3163.0,3163.0,3108.0,3134.3,31910600,3447.7,2820.9,3839.9,2896.0,3152.4,16,1,3152.3,17,2,3152.2,53,6,3152.1,30,3,3152.0,28,3,3152.7,600,3,3153.0,460,4,3153.1,202,2,3153.2,386,2,3153.3,17,1
2031,2026-06-16 14:13:46+05:30,3152.4,5,3133.26,2711987,137293.0,194088.0,3163.0,3163.0,3108.0,3134.3,31910600,3447.7,2820.9,3839.9,2896.0,3152.4,2,1,3152.3,12,1,3152.2,38,4,3152.1,30,3,3152.0,49,4,3152.6,200,1,3152.7,506,3,3153.0,460,4,3153.1,202,2,3153.2,386,2
2031,2026-06-16 14:13:47+05:30,3152.4,5,3133.26,2711987,137293.0,194088.0,3163.0,3163.0,3108.0,3134.3,31910600,3447.7,2820.9,3839.9,2896.0,3152.4,2,1,3152.3,12,1,3152.2,38,4,3152.1,30,3,3152.0,49,4,3152.6,200,1,3152.7,506,3,3153.0,460,4,3153.1,202,2,3153.2,386,2
2031,2026-06-16 14:13:47+05:30,3152.4,5,3133.26,2711987,137293.0,194088.0,3163.0,3163.0,3108.0,3134.3,31910600,3447.7,2820.9,3839.9,2896.0,3152.4,2,1,3152.3,12,1,3152.2,38,4,3152.1,30,3,3152.0,49,4,3152.6,200,1,3152.7,506,3,3153.0,460,4,3153.1,202,2,3153.2,386,2
2031,2026-06-16 14:13:47+05:30,3152.7,41,3133.26,2712228,137311.0,193828.0,3163.0,3163.0,3108.0,3134.3,31910600,3447.7,2820.9,3839.9,2896.0,3152.4,2,1,3152.3,44,4,3152.2,38,4,3152.1,30,3,3152.0,44,4,3152.7,465,3,3153.0,460,4,3153.1,202,2,3153.2,386,2,3153.3,17,1
2031,2026-06-16 14:13:47+05:30,3152.7,41,3133.26,2712228,137311.0,193828.0,3163.0,3163.0,3108.0,3134.3,31910600,3447.7,2820.9,3839.9,2896.0,3152.4,2,1,3152.3,44,4,3152.2,38,4,3152.1,30,3,3152.0,44,4,3152.7,465,3,3153.0,460,4,3153.1,202,2,3153.2,386,2,3153.3,17,1
2031,2026-06-16 14:13:48+05:30,3152.7,41,3133.26,2712228,137311.0,193828.0,3163.0,3163.0,3108.0,3134.3,31910600,3447.7,2820.9,3839.9,2896.0,3152.4,2,1,3152.3,44,4,3152.2,38,4,3152.1,30,3,3152.0,44,4,3152.7,465,3,3153.0,460,4,3153.1,202,2,3153.2,386,2,3153.3,17,1
2031,2026-06-16 14:13:48+05:30,3152.7,1,3133.26,2712229,137478.0,193627.0,3163.0,3163.0,3108.0,3134.3,31910600,3447.7,2820.9,3839.9,2896.0,3152.5,17,1,3152.4,29,4,3152.2,60,6,3152.1,30,3,3152.0,31,3,3152.7,464,3,3153.0,460,4,3153.1,202,2,3153.2,386,2,3153.3,17,1
2031,2026-06-16 14:13:48+05:30,3152.7,1,3133.26,2712229,137478.0,193627.0,3163.0,3163.0,3108.0,3134.3,31905800,3447.7,2820.9,3839.9,2896.0,3152.5,17,1,3152.4,29,4,3152.2,60,6,3152.1,30,3,3152.0,31,3,3152.7,464,3,3153.0,460,4,3153.1,202,2,3153.2,386,2,3153.3,17,1
2031,2026-06-16 14:13:49+05:30,3152.6,11,3133.26,2712229,137478.0,193627.0,3163.0,3163.0,3108.0,3134.3,31905800,3447.7,2820.9,3839.9,2896.0,3152.5,17,1,3152.4,29,4,3152.2,60,6,3152.1,30,3,3152.0,31,3,3152.7,464,3,3153.0,460,4,3153.1,202,2,3153.2,386,2,3153.3,17,1
2031,2026-06-16 14:13:49+05:30,3152.6,170,3133.26,2712410,137508.0,193634.0,3163.0,3163.0,3108.0,3134.3,31905800,3447.7,2820.9,3839.9,2896.0,3152.5,54,6,3152.4,2,1,3152.3,24,3,3152.2,77,7,3152.1,72,4,3152.6,19,1,3152.7,465,4,3153.0,460,4,3153.1,202,2,3153.2,386,2
2031,2026-06-16 14:13:50+05:30,3152.6,170,3133.26,2712410,137508.0,193634.0,3163.0,3163.0,3108.0,3134.3,31905800,3447.7,2820.9,3839.9,2896.0,3152.5,54,6,3152.4,2,1,3152.3,24,3,3152.2,77,7,3152.1,72,4,3152.6,19,1,3152.7,465,4,3153.0,460,4,3153.1,202,2,3153.2,386,2
2031,2026-06-16 14:13:50+05:30,3152.6,1,3133.26,2712411,137446.0,193686.0,3163.0,3163.0,3108.0,3134.3,31905800,3447.7,2820.9,3839.9,2896.0,3152.5,52,7,3152.4,14,2,3152.3,41,4,3152.2,55,4,3152.1,10,2,3152.6,18,1,3152.7,465,4,3153.0,460,4,3153.1,202,2,3153.2,386,2
2031,2026-06-16 14:13:51+05:30,3152.6,1,3133.26,2712411,137446.0,193686.0,3163.0,3163.0,3108.0,3134.3,31905800,3447.7,2820.9,3839.9,2896.0,3152.5,52,7,3152.4,14,2,3152.3,41,4,3152.2,55,4,3152.1,10,2,3152.6,18,1,3152.7,465,4,3153.0,460,4,3153.1,202,2,3153.2,386,2
2031,2026-06-16 14:13:51+05:30,3152.6,11,3133.26,2712422,137448.0,193679.0,3163.0,3163.0,3108.0,3134.3,31905800,3447.7,2820.9,3839.9,2896.0,3152.5,52,7,3152.4,14,2,3152.3,38,3,3152.2,60,5,3152.1,10,2,3152.6,8,2,3152.7,464,3,3153.0,460,4,3153.1,202,2,3153.2,386,2
2031,2026-06-16 14:13:52+05:30,3152.6,5,3133.26,2712422,137448.0,193679.0,3163.0,3163.0,3108.0,3134.3,31905800,3447.7,2820.9,3839.9,2896.0,3152.5,52,7,3152.4,14,2,3152.3,38,3,3152.2,60,5,3152.1,10,2,3152.6,8,2,3152.7,464,3,3153.0,460,4,3153.1,202,2,3153.2,386,2
2031,2026-06-16 14:13:52+05:30,3152.6,5,3133.26,2712428,137492.0,193708.0,3163.0,3163.0,3108.0,3134.3,31905800,3447.7,2820.9,3839.9,2896.0,3152.5,67,6,3152.4,14,2,3152.3,21,2,3152.2,61,5,3152.1,10,2,3152.6,32,3,3152.7,464,3,3153.0,460,4,3153.1,202,2,3153.2,386,2
2031,2026-06-16 14:13:53+05:30,3152.6,5,3133.26,2712428,137480.0,193712.0,3163.0,3163.0,3108.0,3134.3,31905800,3447.7,2820.9,3839.9,2896.0,3152.5,67,6,3152.4,2,1,3152.3,21,2,3152.2,61,5,3152.1,10,2,3152.6,32,3,3152.7,464,3,3153.0,460,4,3153.1,202,2,3153.2,386,2
2031,2026-06-16 14:13:54+05:30,3152.7,200,3133.26,2712428,137480.0,193712.0,3163.0,3163.0,3108.0,3134.3,31905800,3447.7,2820.9,3839.9,2896.0,3152.5,67,6,3152.4,2,1,3152.3,21,2,3152.2,61,5,3152.1,10,2,3152.6,32,3,3152.7,464,3,3153.0,460,4,3153.1,202,2,3153.2,386,2
2031,2026-06-16 14:13:54+05:30,3152.6,1,3133.26,2712964,138225.0,193163.0,3163.0,3163.0,3108.0,3134.3,31905800,3447.7,2820.9,3839.9,2896.0,3152.7,1,1,3152.5,67,7,3152.4,15,2,3152.3,60,4,3152.2,61,5,3153.0,60,2,3153.1,2,1,3153.3,217,2,3153.6,400,2,3153.7,200,1
2031,2026-06-16 14:13:55+05:30,3152.6,1,3133.26,2712964,138225.0,193163.0,3163.0,3163.0,3108.0,3134.3,31905800,3447.7,2820.9,3839.9,2896.0,3152.7,1,1,3152.5,67,7,3152.4,15,2,3152.3,60,4,3152.2,61,5,3153.0,60,2,3153.1,2,1,3153.3,217,2,3153.6,400,2,3153.7,200,1
2031,2026-06-16 14:13:55+05:30,3153.0,1,3133.26,2712974,138380.0,193318.0,3163.0,3163.0,3108.0,3134.3,31905800,3447.7,2820.9,3839.9,2896.0,3152.8,6,4,3152.7,78,6,3152.6,41,4,3152.5,59,4,3152.4,28,3,3153.0,50,1,3153.1,2,1,3153.2,200,1,3153.3,417,3,3153.6,400,2
2031,2026-06-16 14:13:56+05:30,3153.0,1,3133.26,2712974,138380.0,193318.0,3163.0,3163.0,3108.0,3134.3,31905800,3447.7,2820.9,3839.9,2896.0,3152.8,6,4,3152.7,78,6,3152.6,41,4,3152.5,59,4,3152.4,28,3,3153.0,50,1,3153.1,2,1,3153.2,200,1,3153.3,417,3,3153.6,400,2
2031,2026-06-16 14:13:56+05:30,3152.8,2,3133.26,2712983,138386.0,193544.0,3163.0,3163.0,3108.0,3134.3,31905800,3447.7,2820.9,3839.9,2896.0,3152.8,11,6,3152.7,74,5,3152.6,54,5,3152.5,45,3,3152.4,28,3,3153.0,50,1,3153.1,2,1,3153.2,200,1,3153.3,600,3,3153.6,400,2
2031,2026-06-16 14:13:57+05:30,3152.8,2,3133.26,2712983,138386.0,193544.0,3163.0,3163.0,3108.0,3134.3,31905800,3447.7,2820.9,3839.9,2896.0,3152.8,11,6,3152.7,74,5,3152.6,54,5,3152.5,45,3,3152.4,28,3,3153.0,50,1,3153.1,2,1,3153.2,200,1,3153.3,600,3,3153.6,400,2
2031,2026-06-16 14:13:57+05:30,3153.2,1,3133.27,2713036,138393.0,193546.0,3163.0,3163.0,3108.0,3134.3,31905800,3447.7,2820.9,3839.9,2896.0,3152.9,19,3,3152.8,85,5,3152.7,58,4,3152.6,51,5,3152.5,52,4,3153.2,199,1,3153.3,600,3,3153.6,400,2,3153.7,200,1,3153.8,212,2
2031,2026-06-16 14:13:58+05:30,3152.9,1,3133.27,2713036,138393.0,193546.0,3163.0,3163.0,3108.0,3134.3,31905800,3447.7,2820.9,3839.9,2896.0,3152.9,19,3,3152.8,85,5,3152.7,58,4,3152.6,51,5,3152.5,52,4,3153.2,199,1,3153.3,600,3,3153.6,400,2,3153.7,200,1,3153.8,212,2
2031,2026-06-16 14:13:58+05:30,3153.2,1,3133.27,2713073,138377.0,193690.0,3163.0,3163.0,3108.0,3134.3,31905800,3447.7,2820.9,3839.9,2896.0,3152.9,20,4,3152.8,60,4,3152.7,94,6,3152.6,36,4,3152.5,52,4,3153.2,198,1,3153.3,706,4,3153.6,400,2,3153.7,200,1,3153.8,212,2
2031,2026-06-16 14:13:59+05:30,3153.2,1,3133.27,2713073,138377.0,193690.0,3163.0,3163.0,3108.0,3134.3,31905800,3447.7,2820.9,3839.9,2896.0,3152.9,20,4,3152.8,60,4,3152.7,94,6,3152.6,36,4,3152.5,52,4,3153.2,198,1,3153.3,706,4,3153.6,400,2,3153.7,200,1,3153.8,212,2
2031,2026-06-16 14:13:59+05:30,3153.2,1,3133.27,2713074,138536.0,193649.0,3163.0,3163.0,3108.0,3134.3,31905800,3447.7,2820.9,3839.9,2896.0,3152.9,84,6,3152.8,60,4,3152.7,93,5,3152.6,36,4,3152.5,67,5,3153.2,197,1,3153.3,706,4,3153.6,400,2,3153.7,200,1,3153.8,212,2
2031,2026-06-16 14:14:00+05:30,3152.9,1,3133.27,2713074,138536.0,193649.0,3163.0,3163.0,3108.0,3134.3,31905800,3447.7,2820.9,3839.9,2896.0,3152.9,84,6,3152.8,60,4,3152.7,93,5,3152.6,36,4,3152.5,67,5,3153.2,197,1,3153.3,706,4,3153.6,400,2,3153.7,200,1,3153.8,212,2
2031,2026-06-16 14:14:00+05:30,3153.1,87,3133.27,2713166,138773.0,192979.0,3163.0,3163.0,3108.0,3134.3,31905800,3447.7,2820.9,3839.9,2896.0,3153.0,25,6,3152.9,86,8,3152.8,84,4,3152.7,111,6,3152.6,36,4,3153.1,90,1,3153.2,198,2,3153.3,616,4,3153.6,400,2,3153.7,200,1
2031,2026-06-16 14:14:01+05:30,3153.1,1,3133.27,2713166,138773.0,192979.0,3163.0,3163.0,3108.0,3134.3,31905800,3447.7,2820.9,3839.9,2896.0,3153.0,25,6,3152.9,86,8,3152.8,84,4,3152.7,111,6,3152.6,36,4,3153.1,90,1,3153.2,198,2,3153.3,616,4,3153.6,400,2,3153.7,200,1
2031,2026-06-16 14:14:01+05:30,3154.0,11,3133.27,2713969,140050.0,189776.0,3163.0,3163.0,3108.0,3134.3,31905800,3447.7,2820.9,3839.9,2896.0,3153.3,59,7,3153.2,85,6,3153.1,240,5,3153.0,173,14,3152.9,92,9,3154.0,327,6,3154.4,195,2,3154.5,590,3,3154.6,21,1,3154.7,146,2
2031,2026-06-16 14:14:02+05:30,3154.0,11,3133.27,2713969,140050.0,189776.0,3163.0,3163.0,3108.0,3134.3,31905800,3447.7,2820.9,3839.9,2896.0,3153.3,59,7,3153.2,85,6,3153.1,240,5,3153.0,173,14,3152.9,92,9,3154.0,327,6,3154.4,195,2,3154.5,590,3,3154.6,21,1,3154.7,146,2
2031,2026-06-16 14:14:02+05:30,3154.0,11,3133.27,2713969,140073.0,189545.0,3163.0,3163.0,3108.0,3134.3,31905800,3447.7,2820.9,3839.9,2896.0,3153.4,50,6,3153.3,40,4,3153.2,80,6,3153.1,29,3,3153.0,188,16,3154.0,327,6,3154.4,195,2,3154.5,590,3,3154.6,21,1,3154.7,146,2
2031,2026-06-16 14:14:03+05:30,3154.0,11,3133.27,2713969,140203.0,190186.0,3163.0,3163.0,3108.0,3134.3,31905800,3447.7,2820.9,3839.9,2896.0,3153.4,23,3,3153.3,30,2,3153.2,67,5,3153.1,7,1,3153.0,167,12,3154.0,327,6,3154.4,195,2,3154.5,590,3,3154.6,21,1,3154.7,130,1
2031,2026-06-16 14:14:04+05:30,3154.0,11,3133.27,2713969,139992.0,190121.0,3163.0,3163.0,3108.0,3134.3,31905800,3447.7,2820.9,3839.9,2896.0,3153.4,131,5,3153.3,10,1,3153.2,67,5,3153.1,20,2,3153.0,209,13,3154.0,327,6,3154.4,195,2,3154.5,590,3,3154.6,21,1,3154.7,130,1
2031,2026-06-16 14:14:05+05:30,3154.0,1,3133.27,2713969,139992.0,190121.0,3163.0,3163.0,3108.0,3134.3,31905800,3447.7,2820.9,3839.9,2896.0,3153.4,131,5,3153.3,10,1,3153.2,67,5,3153.1,20,2,3153.0,209,13,3154.0,327,6,3154.4,195,2,3154.5,590,3,3154.6,21,1,3154.7,130,1
2031,2026-06-16 14:14:05+05:30,3154.0,1,3133.27,2713970,140277.0,190309.0,3163.0,3163.0,3108.0,3134.3,31905800,3447.7,2820.9,3839.9,2896.0,3153.7,2,2,3153.4,131,5,3153.3,10,1,3153.2,109,6,3153.1,191,4,3154.0,326,6,3154.4,195,2,3154.5,590,3,3154.7,130,1,3154.8,21,1
2031,2026-06-16 14:14:06+05:30,3153.7,8,3133.27,2713981,140321.0,190801.0,3163.0,3163.0,3108.0,3134.3,31905800,3447.7,2820.9,3839.9,2896.0,3153.8,15,1,3153.7,97,2,3153.4,131,5,3153.3,25,2,3153.2,67,5,3154.0,418,9,3154.4,195,2,3154.5,590,3,3154.7,130,1,3154.8,21,1
2031,2026-06-16 14:14:07+05:30,3154.0,5,3133.27,2713981,140321.0,190801.0,3163.0,3163.0,3108.0,3134.3,31905800,3447.7,2820.9,3839.9,2896.0,3153.8,15,1,3153.7,97,2,3153.4,131,5,3153.3,25,2,3153.2,67,5,3154.0,418,9,3154.4,195,2,3154.5,590,3,3154.7,130,1,3154.8,21,1
2031,2026-06-16 14:14:07+05:30,3154.0,124,3133.27,2714136,140311.0,190733.0,3163.0,3163.0,3108.0,3134.3,31905800,3447.7,2820.9,3839.9,2896.0,3153.8,1,1,3153.7,97,2,3153.5,15,1,3153.4,126,3,3153.3,16,1,3154.0,300,7,3154.4,195,2,3154.5,590,3,3154.6,41,1,3154.7,168,2
2031,2026-06-16 14:14:08+05:30,3154.0,124,3133.27,2714136,140311.0,190733.0,3163.0,3163.0,3108.0,3134.3,31905800,3447.7,2820.9,3839.9,2896.0,3153.8,1,1,3153.7,97,2,3153.5,15,1,3153.4,126,3,3153.3,16,1,3154.0,300,7,3154.4,195,2,3154.5,590,3,3154.6,41,1,3154.7,168,2
2031,2026-06-16 14:14:08+05:30,3154.0,124,3133.27,2714136,140335.0,190805.0,3163.0,3163.0,3108.0,3134.3,31905800,3447.7,2820.9,3839.9,2896.0,3153.9,5,1,3153.8,105,2,3153.7,97,2,3153.5,15,1,3153.4,126,3,3154.0,310,8,3154.4,195,2,3154.5,590,3,3154.7,130,1,3154.8,72,2
2031,2026-06-16 14:14:09+05:30,3154.0,6,3133.27,2714300,140295.0,190704.0,3163.0,3163.0,3108.0,3134.3,31905800,3447.7,2820.9,3839.9,2896.0,3153.9,6,2,3153.8,105,2,3153.7,110,3,3153.6,52,2,3153.4,152,5,3154.0,146,6,3154.4,205,3,3154.5,590,3,3154.7,130,1,3154.8,72,2
2031,2026-06-16 14:14:10+05:30,3154.0,6,3133.27,2714300,140295.0,190704.0,3163.0,3163.0,3108.0,3134.3,31905800,3447.7,2820.9,3839.9,2896.0,3153.9,6,2,3153.8,105,2,3153.7,110,3,3153.6,52,2,3153.4,152,5,3154.0,146,6,3154.4,205,3,3154.5,590,3,3154.7,130,1,3154.8,72,2
2031,2026-06-16 14:14:10+05:30,3154.0,2,3133.27,2714308,140418.0,190674.0,3163.0,3163.0,3108.0,3134.3,31905800,3447.7,2820.9,3839.9,2896.0,3153.9,120,4,3153.8,105,2,3153.7,96,1,3153.6,14,1,3153.4,167,6,3154.0,112,5,3154.4,205,3,3154.5,590,3,3154.7,130,1,3154.8,72,2
2031,2026-06-16 14:14:11+05:30,3154.0,2,3133.27,2714308,140418.0,190674.0,3163.0,3163.0,3108.0,3134.3,31905800,3447.7,2820.9,3839.9,2896.0,3153.9,120,4,3153.8,105,2,3153.7,96,1,3153.6,14,1,3153.4,167,6,3154.0,112,5,3154.4,205,3,3154.5,590,3,3154.7,130,1,3154.8,72,2
2031,2026-06-16 14:14:11+05:30,3154.0,11,3133.27,2714321,140563.0,190566.0,3163.0,3163.0,3108.0,3134.3,31905800,3447.7,2820.9,3839.9,2896.0,3153.9,136,5,3153.8,121,3,3153.7,96,1,3153.4,126,3,3153.3,43,2,3154.0,100,6,3154.4,205,3,3154.5,590,3,3154.7,168,2,3154.8,21,1
2031,2026-06-16 14:14:12+05:30,3154.0,11,3133.27,2714321,140563.0,190566.0,3163.0,3163.0,3108.0,3134.3,31905800,3447.7,2820.9,3839.9,2896.0,3153.9,136,5,3153.8,121,3,3153.7,96,1,3153.4,126,3,3153.3,43,2,3154.0,100,6,3154.4,205,3,3154.5,590,3,3154.7,168,2,3154.8,21,1
2031,2026-06-16 14:14:12+05:30,3154.0,11,3133.27,2714321,140496.0,190581.0,3163.0,3163.0,3108.0,3134.3,31905800,3447.7,2820.9,3839.9,2896.0,3153.9,120,4,3153.8,121,3,3153.7,96,1,3153.6,16,1,3153.4,139,4,3154.0,100,6,3154.4,205,3,3154.5,590,3,3154.7,168,2,3154.8,21,1
2031,2026-06-16 14:14:13+05:30,3153.6,1,3133.27,2714321,140496.0,190581.0,3163.0,3163.0,3108.0,3134.3,31905800,3447.7,2820.9,3839.9,2896.0,3153.9,120,4,3153.8,121,3,3153.7,96,1,3153.6,16,1,3153.4,139,4,3154.0,100,6,3154.4,205,3,3154.5,590,3,3154.7,168,2,3154.8,21,1
2031,2026-06-16 14:14:13+05:30,3153.8,20,3133.28,2714949,139758.0,191422.0,3163.0,3163.0,3108.0,3134.3,31905800,3447.7,2820.9,3839.9,2896.0,3153.4,108,2,3153.3,15,1,3152.9,60,4,3152.7,130,4,3152.6,285,3,3153.9,600,3,3154.0,153,9,3154.1,72,2,3154.2,5,1,3154.3,20,1
2031,2026-06-16 14:14:14+05:30,3153.8,20,3133.28,2714949,139758.0,191422.0,3163.0,3163.0,3108.0,3134.3,31905800,3447.7,2820.9,3839.9,2896.0,3153.4,108,2,3153.3,15,1,3152.9,60,4,3152.7,130,4,3152.6,285,3,3153.9,600,3,3154.0,153,9,3154.1,72,2,3154.2,5,1,3154.3,20,1
2031,2026-06-16 14:14:14+05:30,3153.8,20,3133.28,2714949,139600.0,191733.0,3163.0,3163.0,3108.0,3134.3,31905800,3447.7,2820.9,3839.9,2896.0,3153.8,1,1,3153.4,108,2,3153.3,15,1,3153.2,8,1,3152.9,60,4,3153.9,615,4,3154.0,138,8,3154.1,72,2,3154.2,5,1,3154.3,20,1
2031,2026-06-16 14:14:15+05:30,3153.9,52,3133.28,2715006,139721.0,191179.0,3163.0,3163.0,3108.0,3134.3,31905800,3447.7,2820.9,3839.9,2896.0,3153.8,2,2,3153.4,108,2,3153.3,15,1,3153.2,30,2,3153.0,200,1,3153.9,559,5,3154.0,127,6,3154.2,5,1,3154.3,20,1,3154.4,205,3
2031,2026-06-16 14:14:16+05:30,3153.4,39,3133.28,2715006,139721.0,191179.0,3163.0,3163.0,3108.0,3134.3,31905800,3447.7,2820.9,3839.9,2896.0,3153.8,2,2,3153.4,108,2,3153.3,15,1,3153.2,30,2,3153.0,200,1,3153.9,559,5,3154.0,127,6,3154.2,5,1,3154.3,20,1,3154.4,205,3
2031,2026-06-16 14:14:16+05:30,3153.4,48,3133.28,2715113,139386.0,192310.0,3163.0,3163.0,3108.0,3134.3,31905800,3447.7,2820.9,3839.9,2896.0,3153.4,12,2,3153.3,31,2,3152.9,60,4,3152.8,13,1,3152.7,83,5,3153.8,1,1,3153.9,622,7,3154.0,122,4,3154.1,74,3,3154.2,43,2
2031,2026-06-16 14:14:17+05:30,3153.8,1,3133.28,2715113,139386.0,192310.0,3163.0,3163.0,3108.0,3134.3,31905800,3447.7,2820.9,3839.9,2896.0,3153.4,12,2,3153.3,31,2,3152.9,60,4,3152.8,13,1,3152.7,83,5,3153.8,1,1,3153.9,622,7,3154.0,122,4,3154.1,74,3,3154.2,43,2
2031,2026-06-16 14:14:17+05:30,3153.8,1,3133.28,2715114,139333.0,192605.0,3163.0,3163.0,3108.0,3134.3,31905800,3447.7,2820.9,3839.9,2896.0,3153.4,12,2,3153.3,31,2,3152.9,18,3,3152.8,13,1,3152.7,41,4,3153.9,676,9,3154.0,105,4,3154.1,74,3,3154.2,43,2,3154.3,62,2
2031,2026-06-16 14:14:18+05:30,3153.9,1,3133.28,2715114,139333.0,192605.0,3163.0,3163.0,3108.0,3134.3,31905800,3447.7,2820.9,3839.9,2896.0,3153.4,12,2,3153.3,31,2,3152.9,18,3,3152.8,13,1,3152.7,41,4,3153.9,676,9,3154.0,105,4,3154.1,74,3,3154.2,43,2,3154.3,62,2
2031,2026-06-16 14:14:18+05:30,3153.9,1,3133.28,2715115,139359.0,192379.0,3163.0,3163.0,3108.0,3134.3,31905800,3447.7,2820.9,3839.9,2896.0,3153.4,12,2,3153.3,31,2,3152.9,60,4,3152.8,13,1,3152.7,61,4,3153.6,142,1,3153.7,1,1,3153.9,520,8,3154.0,105,4,3154.1,69,2
2031,2026-06-16 14:14:19+05:30,3153.3,4,3133.28,2715115,139359.0,192379.0,3163.0,3163.0,3108.0,3134.3,31905800,3447.7,2820.9,3839.9,2896.0,3153.4,12,2,3153.3,31,2,3152.9,60,4,3152.8,13,1,3152.7,61,4,3153.6,142,1,3153.7,1,1,3153.9,520,8,3154.0,105,4,3154.1,69,2
2031,2026-06-16 14:14:19+05:30,3153.6,7,3133.28,2715222,139349.0,192825.0,3163.0,3163.0,3108.0,3134.3,31905800,3447.7,2820.9,3839.9,2896.0,3153.3,27,2,3152.9,79,5,3152.7,61,4,3152.6,13,1,3152.5,199,4,3153.6,190,3,3153.7,1,1,3153.9,518,7,3154.0,105,4,3154.1,69,2
2031,2026-06-16 14:14:20+05:30,3153.6,7,3133.28,2715222,139349.0,192825.0,3163.0,3163.0,3108.0,3134.3,31905800,3447.7,2820.9,3839.9,2896.0,3153.3,27,2,3152.9,79,5,3152.7,61,4,3152.6,13,1,3152.5,199,4,3153.6,190,3,3153.7,1,1,3153.9,518,7,3154.0,105,4,3154.1,69,2
2031,2026-06-16 14:14:20+05:30,3153.6,7,3133.28,2715222,139590.0,192830.0,3163.0,3163.0,3108.0,3134.3,31905800,3447.7,2820.9,3839.9,2896.0,3153.3,12,1,3152.9,60,4,3152.7,64,4,3152.6,13,1,3152.5,199,4,3153.6,216,5,3153.7,39,2,3153.8,25,1,3153.9,454,4,3154.0,143,5
2031,2026-06-16 14:14:21+05:30,3153.6,9,3133.28,2715231,139601.0,192496.0,3163.0,3163.0,3108.0,3134.3,31905800,3447.7,2820.9,3839.9,2896.0,3153.3,12,1,3152.9,18,3,3152.8,5,1,3152.7,22,3,3152.5,199,4,3153.6,207,5,3153.7,1,1,3153.8,63,2,3153.9,484,5,3154.0,676,7
2031,2026-06-16 14:14:22+05:30,3153.6,1,3133.28,2715231,139601.0,192496.0,3163.0,3163.0,3108.0,3134.3,31905800,3447.7,2820.9,3839.9,2896.0,3153.3,12,1,3152.9,18,3,3152.8,5,1,3152.7,22,3,3152.5,199,4,3153.6,207,5,3153.7,1,1,3153.8,63,2,3153.9,484,5,3154.0,676,7
2031,2026-06-16 14:14:22+05:30,3153.6,1,3133.28,2715234,139747.0,192481.0,3163.0,3163.0,3108.0,3134.3,31905800,3447.7,2820.9,3839.9,2896.0,3153.3,76,3,3152.9,18,3,3152.7,48,3,3152.6,63,1,3152.5,199,4,3153.6,207,6,3153.7,1,1,3153.9,454,4,3154.0,605,5,3154.1,36,1
2031,2026-06-16 14:14:23+05:30,3152.9,9,3133.28,2715234,139747.0,192481.0,3163.0,3163.0,3108.0,3134.3,31905800,3447.7,2820.9,3839.9,2896.0,3153.3,76,3,3152.9,18,3,3152.7,48,3,3152.6,63,1,3152.5,199,4,3153.6,207,6,3153.7,1,1,3153.9,454,4,3154.0,605,5,3154.1,36,1
2031,2026-06-16 14:14:23+05:30,3152.8,125,3133.29,2715759,139440.0,192329.0,3163.0,3163.0,3108.0,3134.3,31905800,3447.7,2820.9,3839.9,2896.0,3153.3,18,1,3152.7,3,1,3152.6,66,2,3152.5,182,3,3152.4,431,6,3153.6,82,5,3153.7,1,1,3153.9,104,5,3154.0,650,6,3154.2,118,3
2031,2026-06-16 14:14:24+05:30,3153.6,5,3133.29,2715759,139440.0,192329.0,3163.0,3163.0,3108.0,3134.3,31905800,3447.7,2820.9,3839.9,2896.0,3153.3,18,1,3152.7,3,1,3152.6,66,2,3152.5,182,3,3152.4,431,6,3153.6,82,5,3153.7,1,1,3153.9,104,5,3154.0,650,6,3154.2,118,3
2031,2026-06-16 14:14:24+05:30,3153.3,1,3133.29,2715811,139047.0,192895.0,3163.0,3163.0,3108.0,3134.3,31905800,3447.7,2820.9,3839.9,2896.0,3152.7,3,1,3152.6,3,1,3152.5,1,1,3152.4,149,3,3152.3,44,3,3153.3,153,1,3153.6,115,6,3153.7,23,2,3153.8,38,1,3153.9,88,3
2031,2026-06-16 14:14:25+05:30,3153.3,1,3133.29,2715811,139047.0,192895.0,3163.0,3163.0,3108.0,3134.3,31905800,3447.7,2820.9,3839.9,2896.0,3152.7,3,1,3152.6,3,1,3152.5,1,1,3152.4,149,3,3152.3,44,3,3153.3,153,1,3153.6,115,6,3153.7,23,2,3153.8,38,1,3153.9,88,3
2031,2026-06-16 14:14:25+05:30,3153.3,1,3133.29,2715811,139069.0,192942.0,3163.0,3163.0,3108.0,3134.3,31905800,3447.7,2820.9,3839.9,2896.0,3152.7,3,1,3152.6,3,1,3152.5,1,1,3152.4,149,3,3152.3,44,3,3153.3,182,2,3153.6,79,3,3153.7,23,2,3153.8,38,1,3153.9,137,4
2031,2026-06-16 14:14:26+05:30,3153.3,1,3133.29,2715811,139206.0,192856.0,3163.0,3163.0,3108.0,3134.3,31905800,3447.7,2820.9,3839.9,2896.0,3152.7,3,1,3152.5,14,2,3152.4,149,3,3152.3,22,2,3152.2,60,3,3152.8,1,1,3153.3,183,3,3153.6,79,3,3153.7,4,2,3153.8,38,1
2031,2026-06-16 14:14:27+05:30,3152.8,1,3133.29,2715812,139057.0,193024.0,3163.0,3163.0,3108.0,3134.3,31905800,3447.7,2820.9,3839.9,2896.0,3152.7,3,1,3152.5,1,1,3152.4,149,3,3152.3,22,2,3152.2,47,2,3152.8,53,3,3153.3,183,3,3153.6,79,3,3153.7,4,2,3153.8,38,1
2031,2026-06-16 14:14:28+05:30,3152.8,1,3133.29,2715812,139057.0,193024.0,3163.0,3163.0,3108.0,3134.3,31905800,3447.7,2820.9,3839.9,2896.0,3152.7,3,1,3152.5,1,1,3152.4,149,3,3152.3,22,2,3152.2,47,2,3152.8,53,3,3153.3,183,3,3153.6,79,3,3153.7,4,2,3153.8,38,1
2031,2026-06-16 14:14:28+05:30,3152.8,1,3133.29,2715812,139057.0,193024.0,3163.0,3163.0,3108.0,3134.3,31905800,3447.7,2820.9,3839.9,2896.0,3152.7,3,1,3152.5,1,1,3152.4,149,3,3152.3,22,2,3152.2,47,2,3152.8,53,3,3153.3,183,3,3153.6,79,3,3153.7,4,2,3153.8,38,1
2031,2026-06-16 14:14:28+05:30,3152.8,1,3133.29,2715812,138969.0,193398.0,3163.0,3163.0,3108.0,3134.3,31905800,3447.7,2820.9,3839.9,2896.0,3152.7,3,1,3152.5,1,1,3152.4,100,1,3152.2,5,1,3152.1,24,2,3152.8,83,5,3153.3,196,3,3153.4,33,1,3153.6,112,4,3153.7,1,1
2031,2026-06-16 14:14:29+05:30,3152.8,1,3133.29,2715812,138969.0,193542.0,3163.0,3163.0,3108.0,3134.3,31905800,3447.7,2820.9,3839.9,2896.0,3152.7,3,1,3152.5,1,1,3152.4,100,1,3152.2,5,1,3152.1,24,2,3152.8,83,5,3153.3,218,4,3153.4,33,1,3153.6,115,5,3153.7,1,1
2031,2026-06-16 14:14:30+05:30,3152.8,1,3133.29,2715812,138969.0,193542.0,3163.0,3163.0,3108.0,3134.3,31905800,3447.7,2820.9,3839.9,2896.0,3152.7,3,1,3152.5,1,1,3152.4,100,1,3152.2,5,1,3152.1,24,2,3152.8,83,5,3153.3,218,4,3153.4,33,1,3153.6,115,5,3153.7,1,1
2031,2026-06-16 14:14:30+05:30,3152.4,24,3133.29,2715812,138969.0,193542.0,3163.0,3163.0,3108.0,3134.3,31905800,3447.7,2820.9,3839.9,2896.0,3152.7,3,1,3152.5,1,1,3152.4,100,1,3152.2,5,1,3152.1,24,2,3152.8,83,5,3153.3,218,4,3153.4,33,1,3153.6,115,5,3153.7,1,1
2031,2026-06-16 14:14:30+05:30,3152.8,1,3133.29,2715875,138934.0,191363.0,3163.0,3163.0,3108.0,3134.3,31905800,3447.7,2820.9,3839.9,2896.0,3152.7,4,2,3152.4,76,1,3152.1,1,1,3152.0,78,8,3151.9,47,5,3152.8,79,6,3153.2,3,1,3153.3,180,3,3153.6,75,4,3153.7,4,2
2031,2026-06-16 14:14:31+05:30,3152.8,1,3133.29,2715875,138934.0,191363.0,3163.0,3163.0,3108.0,3134.3,31905800,3447.7,2820.9,3839.9,2896.0,3152.7,4,2,3152.4,76,1,3152.1,1,1,3152.0,78,8,3151.9,47,5,3152.8,79,6,3153.2,3,1,3153.3,180,3,3153.6,75,4,3153.7,4,2
2031,2026-06-16 14:14:32+05:30,3152.8,10,3133.29,2715940,139087.0,192966.0,3163.0,3163.0,3108.0,3134.3,31905800,3447.7,2820.9,3839.9,2896.0,3152.7,19,3,3152.6,13,1,3152.5,4,1,3152.4,103,4,3152.3,48,2,3152.8,21,3,3153.3,158,2,3153.6,1,1,3153.7,26,3,3153.8,140,3
2031,2026-06-16 14:14:32+05:30,3152.8,10,3133.29,2715940,139087.0,192966.0,3163.0,3163.0,3108.0,3134.3,31905800,3447.7,2820.9,3839.9,2896.0,3152.7,19,3,3152.6,13,1,3152.5,4,1,3152.4,103,4,3152.3,48,2,3152.8,21,3,3153.3,158,2,3153.6,1,1,3153.7,26,3,3153.8,140,3
2031,2026-06-16 14:14:32+05:30,3152.8,10,3133.29,2715940,139087.0,192966.0,3163.0,3163.0,3108.0,3134.3,31905800,3447.7,2820.9,3839.9,2896.0,3152.7,19,3,3152.6,13,1,3152.5,4,1,3152.4,103,4,3152.3,48,2,3152.8,21,3,3153.3,158,2,3153.6,1,1,3153.7,26,3,3153.8,140,3
2031,2026-06-16 14:14:33+05:30,3152.8,1,3133.29,2715941,139440.0,192547.0,3163.0,3163.0,3108.0,3134.3,31905800,3447.7,2820.9,3839.9,2896.0,3152.7,19,3,3152.6,13,1,3152.4,90,3,3152.3,42,1,3152.2,27,3,3152.8,40,4,3153.3,158,2,3153.6,1,1,3153.7,4,2,3153.8,102,2
2031,2026-06-16 14:14:33+05:30,3152.8,1,3133.29,2715941,139440.0,192547.0,3163.0,3163.0,3108.0,3134.3,31905800,3447.7,2820.9,3839.9,2896.0,3152.7,19,3,3152.6,13,1,3152.4,90,3,3152.3,42,1,3152.2,27,3,3152.8,40,4,3153.3,158,2,3153.6,1,1,3153.7,4,2,3153.8,102,2
2031,2026-06-16 14:14:34+05:30,3152.8,1,3133.29,2715941,139440.0,192547.0,3163.0,3163.0,3108.0,3134.3,31905800,3447.7,2820.9,3839.9,2896.0,3152.7,19,3,3152.6,13,1,3152.4,90,3,3152.3,42,1,3152.2,27,3,3152.8,40,4,3153.3,158,2,3153.6,1,1,3153.7,4,2,3153.8,102,2
2031,2026-06-16 14:14:34+05:30,3152.8,1,3133.29,2716006,138818.0,193205.0,3163.0,3163.0,3108.0,3134.3,31905800,3447.7,2820.9,3839.9,2896.0,3152.8,1,1,3152.7,19,3,3152.4,89,2,3152.3,21,1,3152.2,23,3,3153.3,158,2,3153.7,1,1,3153.8,100,1,3153.9,241,3,3154.0,864,8
2031,2026-06-16 14:14:34+05:30,3152.8,1,3133.29,2716006,138818.0,193205.0,3163.0,3163.0,3108.0,3134.3,31905800,3447.7,2820.9,3839.9,2896.0,3152.8,1,1,3152.7,19,3,3152.4,89,2,3152.3,21,1,3152.2,23,3,3153.3,158,2,3153.7,1,1,3153.8,100,1,3153.9,241,3,3154.0,864,8
2031,2026-06-16 14:14:35+05:30,3152.3,27,3133.29,2716006,138818.0,193205.0,3163.0,3163.0,3108.0,3134.3,31905800,3447.7,2820.9,3839.9,2896.0,3152.8,1,1,3152.7,19,3,3152.4,89,2,3152.3,21,1,3152.2,23,3,3153.3,158,2,3153.7,1,1,3153.8,100,1,3153.9,241,3,3154.0,864,8
2031,2026-06-16 14:14:35+05:30,3152.3,27,3133.29,2716463,137046.0,195506.0,3163.0,3163.0,3108.0,3134.3,31905800,3447.7,2820.9,3839.9,2896.0,3152.0,9,3,3151.9,3,2,3151.8,13,1,3151.7,22,2,3151.6,46,4,3152.3,97,1,3152.4,400,2,3152.5,200,1,3152.7,200,1,3152.8,22,1
2031,2026-06-16 14:14:36+05:30,3152.3,27,3133.29,2716463,137073.0,193506.0,3163.0,3163.0,3108.0,3134.3,31905800,3447.7,2820.9,3839.9,2896.0,3152.0,9,3,3151.9,3,2,3151.7,28,2,3151.6,23,2,3151.5,52,4,3152.3,112,2,3152.4,400,2,3152.5,200,1,3152.7,200,1,3152.8,22,1
2031,2026-06-16 14:14:37+05:30,3152.3,27,3133.29,2716463,137073.0,193506.0,3163.0,3163.0,3108.0,3134.3,31905800,3447.7,2820.9,3839.9,2896.0,3152.0,9,3,3151.9,3,2,3151.7,28,2,3151.6,23,2,3151.5,52,4,3152.3,112,2,3152.4,400,2,3152.5,200,1,3152.7,200,1,3152.8,22,1
2031,2026-06-16 14:14:37+05:30,3152.0,1,3133.29,2716463,137073.0,193506.0,3163.0,3163.0,3108.0,3134.3,31905800,3447.7,2820.9,3839.9,2896.0,3152.0,9,3,3151.9,3,2,3151.7,28,2,3151.6,23,2,3151.5,52,4,3152.3,112,2,3152.4,400,2,3152.5,200,1,3152.7,200,1,3152.8,22,1
2031,2026-06-16 14:14:37+05:30,3152.3,1,3133.29,2716529,137017.0,195639.0,3163.0,3163.0,3108.0,3134.3,31905800,3447.7,2820.9,3839.9,2896.0,3152.0,10,4,3151.9,16,3,3151.8,6,1,3151.7,15,1,3151.6,36,3,3152.3,56,2,3152.4,400,2,3152.5,200,1,3152.7,200,1,3153.0,100,4
2031,2026-06-16 14:14:38+05:30,3152.3,1,3133.29,2716529,137017.0,195639.0,3163.0,3163.0,3108.0,3134.3,31905800,3447.7,2820.9,3839.9,2896.0,3152.0,10,4,3151.9,16,3,3151.8,6,1,3151.7,15,1,3151.6,36,3,3152.3,56,2,3152.4,400,2,3152.5,200,1,3152.7,200,1,3153.0,100,4
2031,2026-06-16 14:14:38+05:30,3152.0,2,3133.29,2716532,135751.0,195673.0,3163.0,3163.0,3108.0,3134.3,31905800,3447.7,2820.9,3839.9,2896.0,3152.0,11,4,3151.9,16,3,3151.7,7,1,3151.6,53,4,3151.5,93,5,3152.3,56,3,3152.4,400,2,3152.5,200,1,3152.7,200,1,3152.8,10,1
2031,2026-06-16 14:14:38+05:30,3152.0,2,3133.29,2716532,135751.0,195673.0,3163.0,3163.0,3108.0,3134.3,31905800,3447.7,2820.9,3839.9,2896.0,3152.0,11,4,3151.9,16,3,3151.7,7,1,3151.6,53,4,3151.5,93,5,3152.3,56,3,3152.4,400,2,3152.5,200,1,3152.7,200,1,3152.8,10,1
2031,2026-06-16 14:14:39+05:30,3152.0,2,3133.29,2716532,135751.0,195673.0,3163.0,3163.0,3108.0,3134.3,31905800,3447.7,2820.9,3839.9,2896.0,3152.0,11,4,3151.9,16,3,3151.7,7,1,3151.6,53,4,3151.5,93,5,3152.3,56,3,3152.4,400,2,3152.5,200,1,3152.7,200,1,3152.8,10,1
2031,2026-06-16 14:14:39+05:30,3152.0,2,3133.29,2716582,135786.0,195688.0,3163.0,3163.0,3108.0,3134.3,31905800,3447.7,2820.9,3839.9,2896.0,3152.0,5,2,3151.9,33,4,3151.6,36,3,3151.5,38,3,3151.4,45,3,3152.3,127,5,3152.4,400,2,3152.5,200,1,3152.7,200,1,3152.8,10,1
2031,2026-06-16 14:14:40+05:30,3152.0,2,3133.29,2716582,135786.0,195688.0,3163.0,3163.0,3108.0,3134.3,31905800,3447.7,2820.9,3839.9,2896.0,3152.0,5,2,3151.9,33,4,3151.6,36,3,3151.5,38,3,3151.4,45,3,3152.3,127,5,3152.4,400,2,3152.5,200,1,3152.7,200,1,3152.8,10,1
2031,2026-06-16 14:14:40+05:30,3151.9,1,3133.29,2716582,135786.0,195688.0,3163.0,3163.0,3108.0,3134.3,31905800,3447.7,2820.9,3839.9,2896.0,3152.0,5,2,3151.9,33,4,3151.6,36,3,3151.5,38,3,3151.4,45,3,3152.3,127,5,3152.4,400,2,3152.5,200,1,3152.7,200,1,3152.8,10,1
2031,2026-06-16 14:14:40+05:30,3151.9,1,3133.29,2716654,135449.0,193794.0,3163.0,3163.0,3108.0,3134.3,31905800,3447.7,2820.9,3839.9,2896.0,3151.9,19,3,3151.8,13,1,3151.6,26,2,3151.5,51,2,3151.4,53,4,3152.0,168,1,3152.3,87,4,3152.4,200,1,3152.5,200,1,3152.7,200,1
2031,2026-06-16 14:14:40+05:30,3151.9,1,3133.29,2716654,135449.0,193794.0,3163.0,3163.0,3108.0,3134.3,31905800,3447.7,2820.9,3839.9,2896.0,3151.9,19,3,3151.8,13,1,3151.6,26,2,3151.5,51,2,3151.4,53,4,3152.0,168,1,3152.3,87,4,3152.4,200,1,3152.5,200,1,3152.7,200,1
2031,2026-06-16 14:14:41+05:30,3151.9,1,3133.29,2716654,135461.0,195576.0,3163.0,3163.0,3108.0,3134.3,31905800,3447.7,2820.9,3839.9,2896.0,3151.9,34,5,3151.8,13,1,3151.6,31,3,3151.5,61,3,3151.4,60,5,3152.0,184,3,3152.3,71,2,3152.4,200,1,3152.5,200,1,3152.7,200,1
2031,2026-06-16 14:14:41+05:30,3151.9,1,3133.29,2716654,135461.0,195576.0,3163.0,3163.0,3108.0,3134.3,31905800,3447.7,2820.9,3839.9,2896.0,3151.9,34,5,3151.8,13,1,3151.6,31,3,3151.5,61,3,3151.4,60,5,3152.0,184,3,3152.3,71,2,3152.4,200,1,3152.5,200,1,3152.7,200,1
2031,2026-06-16 14:14:42+05:30,3151.9,1,3133.29,2716654,135261.0,195809.0,3163.0,3163.0,3108.0,3134.3,31905800,3447.7,2820.9,3839.9,2896.0,3151.9,30,4,3151.8,13,1,3151.6,13,1,3151.5,61,3,3151.4,60,5,3152.0,209,4,3152.3,71,2,3152.4,200,1,3152.5,200,1,3152.7,200,1
2031,2026-06-16 14:14:42+05:30,3151.9,1,3133.29,2716654,135261.0,195809.0,3163.0,3163.0,3108.0,3134.3,31905800,3447.7,2820.9,3839.9,2896.0,3151.9,30,4,3151.8,13,1,3151.6,13,1,3151.5,61,3,3151.4,60,5,3152.0,209,4,3152.3,71,2,3152.4,200,1,3152.5,200,1,3152.7,200,1
2031,2026-06-16 14:14:43+05:30,3151.9,1,3133.29,2716654,135238.0,195662.0,3163.0,3163.0,3108.0,3134.3,31905800,3447.7,2820.9,3839.9,2896.0,3151.9,19,3,3151.8,13,1,3151.6,13,1,3151.5,61,3,3151.4,19,2,3152.0,209,4,3152.3,71,2,3152.4,200,1,3152.5,200,1,3152.7,200,1
2031,2026-06-16 14:14:43+05:30,3151.9,1,3133.29,2716654,135238.0,195662.0,3163.0,3163.0,3108.0,3134.3,31905800,3447.7,2820.9,3839.9,2896.0,3151.9,19,3,3151.8,13,1,3151.6,13,1,3151.5,61,3,3151.4,19,2,3152.0,209,4,3152.3,71,2,3152.4,200,1,3152.5,200,1,3152.7,200,1
2031,2026-06-16 14:14:44+05:30,3152.0,1,3133.29,2716654,135238.0,195662.0,3163.0,3163.0,3108.0,3134.3,31905800,3447.7,2820.9,3839.9,2896.0,3151.9,19,3,3151.8,13,1,3151.6,13,1,3151.5,61,3,3151.4,19,2,3152.0,209,4,3152.3,71,2,3152.4,200,1,3152.5,200,1,3152.7,200,1
2031,2026-06-16 14:14:44+05:30,3152.0,1,3133.29,2716656,135259.0,195641.0,3163.0,3163.0,3108.0,3134.3,31905800,3447.7,2820.9,3839.9,2896.0,3151.9,19,3,3151.8,13,1,3151.6,13,1,3151.5,61,3,3151.4,19,2,3152.0,207,4,3152.3,71,2,3152.4,200,1,3152.5,200,1,3152.7,200,1
2031,2026-06-16 14:14:44+05:30,3152.0,1,3133.29,2716656,135259.0,195641.0,3163.0,3163.0,3108.0,3134.3,31905800,3447.7,2820.9,3839.9,2896.0,3151.9,19,3,3151.8,13,1,3151.6,13,1,3151.5,61,3,3151.4,19,2,3152.0,207,4,3152.3,71,2,3152.4,200,1,3152.5,200,1,3152.7,200,1
2031,2026-06-16 14:14:45+05:30,3151.7,60,3133.29,2716656,135259.0,195641.0,3163.0,3163.0,3108.0,3134.3,31905800,3447.7,2820.9,3839.9,2896.0,3151.9,19,3,3151.8,13,1,3151.6,13,1,3151.5,61,3,3151.4,19,2,3152.0,207,4,3152.3,71,2,3152.4,200,1,3152.5,200,1,3152.7,200,1
2031,2026-06-16 14:14:45+05:30,3151.7,60,3133.29,2716656,135259.0,195641.0,3163.0,3163.0,3108.0,3134.3,31905800,3447.7,2820.9,3839.9,2896.0,3151.9,19,3,3151.8,13,1,3151.6,13,1,3151.5,61,3,3151.4,19,2,3152.0,207,4,3152.3,71,2,3152.4,200,1,3152.5,200,1,3152.7,200,1
2031,2026-06-16 14:14:45+05:30,3151.7,60,3133.29,2717022,135567.0,194962.0,3163.0,3163.0,3108.0,3134.3,31905800,3447.7,2820.9,3839.9,2896.0,3151.9,32,5,3151.8,13,1,3151.7,32,3,3151.6,31,3,3151.5,130,8,3152.0,41,3,3152.3,71,2,3152.4,200,1,3152.5,200,1,3152.8,50,2
2031,2026-06-16 14:14:46+05:30,3151.7,60,3133.29,2717022,135567.0,194962.0,3163.0,3163.0,3108.0,3134.3,31905800,3447.7,2820.9,3839.9,2896.0,3151.9,32,5,3151.8,13,1,3151.7,32,3,3151.6,31,3,3151.5,130,8,3152.0,41,3,3152.3,71,2,3152.4,200,1,3152.5,200,1,3152.8,50,2
2031,2026-06-16 14:14:46+05:30,3152.3,8,3133.29,2717022,135567.0,194962.0,3163.0,3163.0,3108.0,3134.3,31905800,3447.7,2820.9,3839.9,2896.0,3151.9,32,5,3151.8,13,1,3151.7,32,3,3151.6,31,3,3151.5,130,8,3152.0,41,3,3152.3,71,2,3152.4,200,1,3152.5,200,1,3152.8,50,2
2031,2026-06-16 14:14:46+05:30,3152.3,8,3133.29,2717098,135700.0,193172.0,3163.0,3163.0,3108.0,3134.3,31905800,3447.7,2820.9,3839.9,2896.0,3152.0,26,1,3151.9,37,8,3151.8,17,2,3151.7,66,4,3151.6,31,3,3152.3,42,2,3152.4,200,1,3152.5,200,1,3152.8,50,2,3153.2,21,1
2031,2026-06-16 14:14:46+05:30,3152.3,8,3133.29,2717098,135700.0,193172.0,3163.0,3163.0,3108.0,3134.3,31905800,3447.7,2820.9,3839.9,2896.0,3152.0,26,1,3151.9,37,8,3151.8,17,2,3151.7,66,4,3151.6,31,3,3152.3,42,2,3152.4,200,1,3152.5,200,1,3152.8,50,2,3153.2,21,1
2031,2026-06-16 14:14:47+05:30,3152.0,9,3133.29,2717098,135700.0,193172.0,3163.0,3163.0,3108.0,3134.3,31905800,3447.7,2820.9,3839.9,2896.0,3152.0,26,1,3151.9,37,8,3151.8,17,2,3151.7,66,4,3151.6,31,3,3152.3,42,2,3152.4,200,1,3152.5,200,1,3152.8,50,2,3153.2,21,1
2031,2026-06-16 14:14:47+05:30,3152.0,9,3133.29,2717107,136033.0,194853.0,3163.0,3163.0,3108.0,3134.3,31905800,3447.7,2820.9,3839.9,2896.0,3152.2,1,1,3152.1,29,4,3152.0,20,2,3151.9,39,6,3151.8,43,4,3152.3,42,2,3152.4,200,1,3152.5,200,1,3152.8,50,2,3153.3,19,4
2031,2026-06-16 14:14:47+05:30,3152.0,9,3133.29,2717107,136033.0,194853.0,3163.0,3163.0,3108.0,3134.3,31905800,3447.7,2820.9,3839.9,2896.0,3152.2,1,1,3152.1,29,4,3152.0,20,2,3151.9,39,6,3151.8,43,4,3152.3,42,2,3152.4,200,1,3152.5,200,1,3152.8,50,2,3153.3,19,4
2031,2026-06-16 14:14:48+05:30,3152.1,6,3133.29,2717107,136033.0,194853.0,3163.0,3163.0,3108.0,3134.3,31905800,3447.7,2820.9,3839.9,2896.0,3152.2,1,1,3152.1,29,4,3152.0,20,2,3151.9,39,6,3151.8,43,4,3152.3,42,2,3152.4,200,1,3152.5,200,1,3152.8,50,2,3153.3,19,4
2031,2026-06-16 14:14:48+05:30,3152.4,5,3133.3,2717169,135976.0,194917.0,3163.0,3163.0,3108.0,3134.3,31905800,3447.7,2820.9,3839.9,2896.0,3152.1,32,5,3152.0,30,2,3151.9,34,5,3151.8,43,4,3151.7,32,3,3152.4,195,1,3152.5,200,1,3152.8,50,2,3153.3,19,4,3153.4,35,2
2031,2026-06-16 14:14:49+05:30,3152.4,5,3133.3,2717169,135976.0,194917.0,3163.0,3163.0,3108.0,3134.3,31900600,3447.7,2820.9,3839.9,2896.0,3152.1,32,5,3152.0,30,2,3151.9,34,5,3151.8,43,4,3151.7,32,3,3152.4,195,1,3152.5,200,1,3152.8,50,2,3153.3,19,4,3153.4,35,2
2031,2026-06-16 14:14:49+05:30,3152.4,1,3133.3,2717169,135976.0,194917.0,3163.0,3163.0,3108.0,3134.3,31900600,3447.7,2820.9,3839.9,2896.0,3152.1,32,5,3152.0,30,2,3151.9,34,5,3151.8,43,4,3151.7,32,3,3152.4,195,1,3152.5,200,1,3152.8,50,2,3153.3,19,4,3153.4,35,2
2031,2026-06-16 14:14:49+05:30,3152.4,1,3133.3,2717170,135932.0,194631.0,3163.0,3163.0,3108.0,3134.3,31900600,3447.7,2820.9,3839.9,2896.0,3152.2,32,6,3152.1,6,3,3152.0,48,4,3151.9,25,4,3151.8,85,5,3152.4,194,1,3152.5,200,1,3152.8,50,2,3153.3,19,4,3153.4,20,1
2031,2026-06-16 14:14:50+05:30,3152.8,1,3133.3,2717170,135932.0,194631.0,3163.0,3163.0,3108.0,3134.3,31900600,3447.7,2820.9,3839.9,2896.0,3152.2,32,6,3152.1,6,3,3152.0,48,4,3151.9,25,4,3151.8,85,5,3152.4,194,1,3152.5,200,1,3152.8,50,2,3153.3,19,4,3153.4,20,1
2031,2026-06-16 14:14:50+05:30,3152.8,1,3133.3,2717591,136439.0,193776.0,3163.0,3163.0,3108.0,3134.3,31900600,3447.7,2820.9,3839.9,2896.0,3152.6,16,2,3152.4,42,3,3152.3,66,5,3152.2,76,8,3152.1,6,3,3152.8,23,1,3153.3,7,2,3153.6,11,1,3153.7,190,2,3153.8,322,3
2031,2026-06-16 14:14:51+05:30,3152.8,22,3133.3,2717591,136439.0,193776.0,3163.0,3163.0,3108.0,3134.3,31900600,3447.7,2820.9,3839.9,2896.0,3152.6,16,2,3152.4,42,3,3152.3,66,5,3152.2,76,8,3152.1,6,3,3152.8,23,1,3153.3,7,2,3153.6,11,1,3153.7,190,2,3153.8,322,3
2031,2026-06-16 14:14:51+05:30,3152.8,22,3133.3,2717614,137501.0,193218.0,3163.0,3163.0,3108.0,3134.3,31900600,3447.7,2820.9,3839.9,2896.0,3152.9,1,1,3152.6,16,2,3152.5,17,1,3152.4,29,2,3152.3,60,4,3153.3,7,2,3153.6,11,1,3153.8,321,3,3153.9,615,4,3154.0,786,8
2031,2026-06-16 14:14:52+05:30,3153.6,1,3133.3,2717614,137501.0,193218.0,3163.0,3163.0,3108.0,3134.3,31900600,3447.7,2820.9,3839.9,2896.0,3152.9,1,1,3152.6,16,2,3152.5,17,1,3152.4,29,2,3152.3,60,4,3153.3,7,2,3153.6,11,1,3153.8,321,3,3153.9,615,4,3154.0,786,8
2031,2026-06-16 14:14:52+05:30,3153.6,1,3133.3,2717663,137259.0,191262.0,3163.0,3163.0,3108.0,3134.3,31900600,3447.7,2820.9,3839.9,2896.0,3152.9,17,2,3152.8,2,1,3152.6,16,2,3152.4,27,2,3152.3,53,2,3153.3,19,2,3153.4,38,1,3153.5,31,1,3153.6,48,2,3153.7,41,1
2031,2026-06-16 14:14:53+05:30,3153.6,1,3133.3,2717663,137389.0,193241.0,3163.0,3163.0,3108.0,3134.3,31900600,3447.7,2820.9,3839.9,2896.0,3152.9,17,2,3152.8,2,1,3152.6,16,2,3152.4,27,2,3152.3,53,2,3153.3,19,2,3153.4,38,1,3153.5,31,1,3153.6,48,2,3153.7,41,1
2031,2026-06-16 14:14:54+05:30,3152.9,12,3133.3,2717663,137389.0,193241.0,3163.0,3163.0,3108.0,3134.3,31900600,3447.7,2820.9,3839.9,2896.0,3152.9,17,2,3152.8,2,1,3152.6,16,2,3152.4,27,2,3152.3,53,2,3153.3,19,2,3153.4,38,1,3153.5,31,1,3153.6,48,2,3153.7,41,1
2031,2026-06-16 14:14:54+05:30,3153.3,13,3133.3,2717708,137304.0,193303.0,3163.0,3163.0,3108.0,3134.3,31900600,3447.7,2820.9,3839.9,2896.0,3153.3,4,1,3152.9,1,1,3152.8,2,1,3152.6,16,2,3152.5,21,1,3153.6,48,2,3153.7,41,1,3153.8,179,4,3153.9,48,2,3154.0,787,8
2031,2026-06-16 14:14:55+05:30,3153.6,10,3133.3,2717708,137304.0,193303.0,3163.0,3163.0,3108.0,3134.3,31900600,3447.7,2820.9,3839.9,2896.0,3153.3,4,1,3152.9,1,1,3152.8,2,1,3152.6,16,2,3152.5,21,1,3153.6,48,2,3153.7,41,1,3153.8,179,4,3153.9,48,2,3154.0,787,8
2031,2026-06-16 14:14:55+05:30,3153.6,10,3133.3,2717745,137306.0,193365.0,3163.0,3163.0,3108.0,3134.3,31900600,3447.7,2820.9,3839.9,2896.0,3153.3,17,1,3153.0,2,1,3152.9,19,2,3152.8,2,1,3152.6,7,1,3153.6,72,4,3153.7,41,1,3153.8,358,4,3153.9,648,5,3154.0,787,8
2031,2026-06-16 14:14:56+05:30,3153.6,10,3133.3,2717745,137306.0,193365.0,3163.0,3163.0,3108.0,3134.3,31900600,3447.7,2820.9,3839.9,2896.0,3153.3,17,1,3153.0,2,1,3152.9,19,2,3152.8,2,1,3152.6,7,1,3153.6,72,4,3153.7,41,1,3153.8,358,4,3153.9,648,5,3154.0,787,8
2031,2026-06-16 14:14:56+05:30,3153.6,10,3133.3,2717766,137914.0,193319.0,3163.0,3163.0,3108.0,3134.3,31900600,3447.7,2820.9,3839.9,2896.0,3153.3,17,1,3153.0,4,2,3152.9,19,2,3152.8,2,1,3152.7,3,1,3153.6,49,4,3153.7,70,2,3153.8,326,3,3153.9,600,3,3154.0,786,8
2031,2026-06-16 14:14:57+05:30,3153.6,1,3133.3,2717766,137914.0,193319.0,3163.0,3163.0,3108.0,3134.3,31900600,3447.7,2820.9,3839.9,2896.0,3153.3,17,1,3153.0,4,2,3152.9,19,2,3152.8,2,1,3152.7,3,1,3153.6,49,4,3153.7,70,2,3153.8,326,3,3153.9,600,3,3154.0,786,8
2031,2026-06-16 14:14:57+05:30,3153.6,31,3133.3,2717896,137649.0,192254.0,3163.0,3163.0,3108.0,3134.3,31900600,3447.7,2820.9,3839.9,2896.0,3153.6,14,1,3153.3,5,1,3153.0,5,3,3152.9,1,1,3152.8,2,1,3153.8,164,3,3153.9,200,1,3154.0,1419,12,3154.1,24,2,3154.2,84,2
2031,2026-06-16 14:14:58+05:30,3153.6,31,3133.3,2717896,137649.0,192254.0,3163.0,3163.0,3108.0,3134.3,31900600,3447.7,2820.9,3839.9,2896.0,3153.6,14,1,3153.3,5,1,3153.0,5,3,3152.9,1,1,3152.8,2,1,3153.8,164,3,3153.9,200,1,3154.0,1419,12,3154.1,24,2,3154.2,84,2
2031,2026-06-16 14:14:58+05:30,3153.6,31,3133.3,2717896,137562.0,192408.0,3163.0,3163.0,3108.0,3134.3,31900600,3447.7,2820.9,3839.9,2896.0,3153.3,5,1,3153.0,5,3,3152.9,18,2,3152.8,2,1,3152.7,25,2,3153.7,60,3,3153.8,169,4,3153.9,200,1,3154.0,1386,11,3154.1,57,3
2031,2026-06-16 14:14:59+05:30,3153.7,1,3133.3,2717919,137596.0,192434.0,3163.0,3163.0,3108.0,3134.3,31900600,3447.7,2820.9,3839.9,2896.0,3153.3,17,1,3153.0,6,4,3152.9,29,3,3152.8,2,1,3152.7,25,2,3153.7,59,3,3153.8,169,4,3153.9,200,1,3154.0,1386,11,3154.1,57,3
2031,2026-06-16 14:15:00+05:30,3153.7,1,3133.3,2717919,137596.0,192434.0,3163.0,3163.0,3108.0,3134.3,31900600,3447.7,2820.9,3839.9,2896.0,3153.3,17,1,3153.0,6,4,3152.9,29,3,3152.8,2,1,3152.7,25,2,3153.7,59,3,3153.8,169,4,3153.9,200,1,3154.0,1386,11,3154.1,57,3
2031,2026-06-16 14:15:00+05:30,3153.6,3,3133.3,2717922,137576.0,192339.0,3163.0,3163.0,3108.0,3134.3,31900600,3447.7,2820.9,3839.9,2896.0,3153.3,24,3,3153.0,13,5,3152.9,29,3,3152.8,2,1,3152.7,3,1,3153.6,72,4,3153.7,54,4,3153.8,175,4,3153.9,200,1,3154.0,1386,11
2031,2026-06-16 14:15:01+05:30,3153.7,8,3133.3,2717922,137576.0,192339.0,3163.0,3163.0,3108.0,3134.3,31900600,3447.7,2820.9,3839.9,2896.0,3153.3,24,3,3153.0,13,5,3152.9,29,3,3152.8,2,1,3152.7,3,1,3153.6,72,4,3153.7,54,4,3153.8,175,4,3153.9,200,1,3154.0,1386,11
2031,2026-06-16 14:15:01+05:30,3153.7,8,3133.3,2717941,138071.0,192572.0,3163.0,3163.0,3108.0,3134.3,31900600,3447.7,2820.9,3839.9,2896.0,3153.5,2,2,3153.3,24,3,3153.0,14,6,3152.9,28,2,3152.8,2,1,3153.6,50,1,3153.7,14,3,3153.8,180,4,3153.9,200,1,3154.0,1385,11
2031,2026-06-16 14:15:02+05:30,3153.6,1,3133.3,2717941,138071.0,192572.0,3163.0,3163.0,3108.0,3134.3,31900600,3447.7,2820.9,3839.9,2896.0,3153.5,2,2,3153.3,24,3,3153.0,14,6,3152.9,28,2,3152.8,2,1,3153.6,50,1,3153.7,14,3,3153.8,180,4,3153.9,200,1,3154.0,1385,11
2031,2026-06-16 14:15:02+05:30,3153.6,1,3133.3,2718084,138049.0,192221.0,3163.0,3163.0,3108.0,3134.3,31900600,3447.7,2820.9,3839.9,2896.0,3153.5,18,3,3153.3,7,2,3153.2,11,1,3153.0,32,8,3152.7,24,2,3153.8,105,2,3153.9,200,1,3154.0,1185,10,3154.1,23,2,3154.2,151,4
2031,2026-06-16 14:15:03+05:30,3153.6,1,3133.3,2718084,137985.0,192449.0,3163.0,3163.0,3108.0,3134.3,31900600,3447.7,2820.9,3839.9,2896.0,3153.5,18,3,3153.3,18,3,3153.2,11,1,3153.0,22,7,3152.7,24,2,3153.8,105,2,3153.9,231,2,3154.0,1154,9,3154.1,23,2,3154.2,351,5
2031,2026-06-16 14:15:04+05:30,3153.5,1,3133.3,2718084,137985.0,192449.0,3163.0,3163.0,3108.0,3134.3,31900600,3447.7,2820.9,3839.9,2896.0,3153.5,18,3,3153.3,18,3,3153.2,11,1,3153.0,22,7,3152.7,24,2,3153.8,105,2,3153.9,231,2,3154.0,1154,9,3154.1,23,2,3154.2,351,5
2031,2026-06-16 14:15:04+05:30,3153.5,1,3133.3,2718086,137991.0,192451.0,3163.0,3163.0,3108.0,3134.3,31900600,3447.7,2820.9,3839.9,2896.0,3153.5,19,4,3153.3,18,3,3153.2,11,1,3153.0,22,7,3152.7,24,2,3153.8,104,2,3153.9,231,2,3154.0,1154,9,3154.1,23,2,3154.2,351,5
2031,2026-06-16 14:15:05+05:30,3153.6,99,3133.3,2718086,137991.0,192451.0,3163.0,3163.0,3108.0,3134.3,31900600,3447.7,2820.9,3839.9,2896.0,3153.5,19,4,3153.3,18,3,3153.2,11,1,3153.0,22,7,3152.7,24,2,3153.8,104,2,3153.9,231,2,3154.0,1154,9,3154.1,23,2,3154.2,351,5
2031,2026-06-16 14:15:05+05:30,3153.6,5,3133.3,2718210,138191.0,192447.0,3163.0,3163.0,3108.0,3134.3,31900600,3447.7,2820.9,3839.9,2896.0,3153.6,2,2,3153.5,17,2,3153.3,18,3,3153.2,11,1,3153.0,22,7,3153.8,75,1,3153.9,259,3,3154.0,1100,7,3154.1,3,1,3154.2,314,4
2031,2026-06-16 14:15:06+05:30,3153.5,13,3133.3,2718210,138191.0,192447.0,3163.0,3163.0,3108.0,3134.3,31900600,3447.7,2820.9,3839.9,2896.0,3153.6,2,2,3153.5,17,2,3153.3,18,3,3153.2,11,1,3153.0,22,7,3153.8,75,1,3153.9,259,3,3154.0,1100,7,3154.1,3,1,3154.2,314,4
2031,2026-06-16 14:15:06+05:30,3153.4,10,3133.3,2718397,137572.0,193699.0,3163.0,3163.0,3108.0,3134.3,31900600,3447.7,2820.9,3839.9,2896.0,3153.4,12,1,3153.3,18,3,3153.0,14,6,3152.5,21,1,3152.4,184,1,3153.5,113,4,3153.6,22,2,3153.7,32,3,3153.8,191,6,3153.9,372,4
2031,2026-06-16 14:15:07+05:30,3153.3,3,3133.3,2718397,137572.0,193699.0,3163.0,3163.0,3108.0,3134.3,31900600,3447.7,2820.9,3839.9,2896.0,3153.4,12,1,3153.3,18,3,3153.0,14,6,3152.5,21,1,3152.4,184,1,3153.5,113,4,3153.6,22,2,3153.7,32,3,3153.8,191,6,3153.9,372,4
2031,2026-06-16 14:15:07+05:30,3153.3,3,3133.3,2718504,137896.0,193650.0,3163.0,3163.0,3108.0,3134.3,31900600,3447.7,2820.9,3839.9,2896.0,3153.3,15,3,3153.0,14,6,3152.5,21,1,3152.4,187,1,3152.3,164,2,3153.4,96,1,3153.5,113,4,3153.6,11,1,3153.7,10,1,3153.8,171,5
2031,2026-06-16 14:15:08+05:30,3153.4,10,3133.3,2718504,137896.0,193650.0,3163.0,3163.0,3108.0,3134.3,31900600,3447.7,2820.9,3839.9,2896.0,3153.3,15,3,3153.0,14,6,3152.5,21,1,3152.4,187,1,3152.3,164,2,3153.4,96,1,3153.5,113,4,3153.6,11,1,3153.7,10,1,3153.8,171,5
2031,2026-06-16 14:15:08+05:30,3153.4,10,3133.31,2718519,137699.0,193485.0,3163.0,3163.0,3108.0,3134.3,31900600,3447.7,2820.9,3839.9,2896.0,3153.3,17,3,3153.0,14,6,3152.3,21,1,3152.2,176,3,3152.1,189,6,3153.4,149,3,3153.5,75,3,3153.6,49,2,3153.7,10,1,3153.8,166,5
2031,2026-06-16 14:15:09+05:30,3153.4,18,3133.31,2718519,137699.0,193485.0,3163.0,3163.0,3108.0,3134.3,31900600,3447.7,2820.9,3839.9,2896.0,3153.3,17,3,3153.0,14,6,3152.3,21,1,3152.2,176,3,3152.1,189,6,3153.4,149,3,3153.5,75,3,3153.6,49,2,3153.7,10,1,3153.8,166,5
2031,2026-06-16 14:15:09+05:30,3153.4,18,3133.31,2718537,137541.0,193293.0,3163.0,3163.0,3108.0,3134.3,31900600,3447.7,2820.9,3839.9,2896.0,3153.3,34,4,3153.0,14,6,3152.3,21,1,3152.2,176,3,3152.1,189,6,3153.4,93,2,3153.5,35,1,3153.6,49,2,3153.7,10,1,3153.8,137,5
2031,2026-06-16 14:15:10+05:30,3153.4,7,3133.31,2718537,137541.0,193293.0,3163.0,3163.0,3108.0,3134.3,31900600,3447.7,2820.9,3839.9,2896.0,3153.3,34,4,3153.0,14,6,3152.3,21,1,3152.2,176,3,3152.1,189,6,3153.4,93,2,3153.5,35,1,3153.6,49,2,3153.7,10,1,3153.8,137,5
2031,2026-06-16 14:15:10+05:30,3153.4,10,3133.31,2718556,137277.0,193419.0,3163.0,3163.0,3108.0,3134.3,31900600,3447.7,2820.9,3839.9,2896.0,3153.3,33,3,3153.0,14,6,3152.3,21,1,3152.2,16,2,3152.1,57,6,3153.4,113,4,3153.5,45,2,3153.6,49,2,3153.7,39,2,3153.8,137,5
2031,2026-06-16 14:15:11+05:30,3153.4,12,3133.31,2718556,137277.0,193419.0,3163.0,3163.0,3108.0,3134.3,31900600,3447.7,2820.9,3839.9,2896.0,3153.3,33,3,3153.0,14,6,3152.3,21,1,3152.2,16,2,3152.1,57,6,3153.4,113,4,3153.5,45,2,3153.6,49,2,3153.7,39,2,3153.8,137,5
2031,2026-06-16 14:15:11+05:30,3153.4,3,3133.31,2718633,137459.0,193813.0,3163.0,3163.0,3108.0,3134.3,31900600,3447.7,2820.9,3839.9,2896.0,3153.3,33,3,3153.0,14,6,3152.5,84,2,3152.4,75,1,3152.3,84,2,3153.7,11,1,3153.8,205,8,3153.9,353,4,3154.0,1172,9,3154.1,56,2
2031,2026-06-16 14:15:12+05:30,3153.4,3,3133.31,2718633,137459.0,193813.0,3163.0,3163.0,3108.0,3134.3,31900600,3447.7,2820.9,3839.9,2896.0,3153.3,33,3,3153.0,14,6,3152.5,84,2,3152.4,75,1,3152.3,84,2,3153.7,11,1,3153.8,205,8,3153.9,353,4,3154.0,1172,9,3154.1,56,2
2031,2026-06-16 14:15:12+05:30,3153.7,11,3133.31,2718655,137694.0,193647.0,3163.0,3163.0,3108.0,3134.3,31900600,3447.7,2820.9,3839.9,2896.0,3153.3,33,3,3153.0,14,6,3152.6,4,1,3152.5,21,1,3152.3,88,2,3153.7,37,1,3153.8,136,5,3153.9,351,3,3154.0,1154,9,3154.1,36,1
2031,2026-06-16 14:15:13+05:30,3153.7,11,3133.31,2718655,137694.0,193647.0,3163.0,3163.0,3108.0,3134.3,31900600,3447.7,2820.9,3839.9,2896.0,3153.3,33,3,3153.0,14,6,3152.6,4,1,3152.5,21,1,3152.3,88,2,3153.7,37,1,3153.8,136,5,3153.9,351,3,3154.0,1154,9,3154.1,36,1
2031,2026-06-16 14:15:13+05:30,3153.7,1,3133.31,2718658,137106.0,193639.0,3163.0,3163.0,3108.0,3134.3,31900600,3447.7,2820.9,3839.9,2896.0,3153.3,33,3,3153.0,14,6,3152.6,4,1,3152.5,21,1,3152.4,3,1,3153.7,34,1,3153.8,136,5,3153.9,351,3,3154.0,1154,9,3154.1,36,1
2031,2026-06-16 14:15:14+05:30,3153.7,1,3133.31,2718658,137106.0,193639.0,3163.0,3163.0,3108.0,3134.3,31900600,3447.7,2820.9,3839.9,2896.0,3153.3,33,3,3153.0,14,6,3152.6,4,1,3152.5,21,1,3152.4,3,1,3153.7,34,1,3153.8,136,5,3153.9,351,3,3154.0,1154,9,3154.1,36,1
2031,2026-06-16 14:15:15+05:30,3153.7,14,3133.31,2718732,136943.0,193589.0,3163.0,3163.0,3108.0,3134.3,31900600,3447.7,2820.9,3839.9,2896.0,3153.3,33,3,3153.0,14,6,3152.5,21,1,3152.4,45,2,3152.3,21,1,3153.7,56,2,3153.8,163,6,3153.9,351,3,3154.0,1154,10,3154.1,36,1
2031,2026-06-16 14:15:15+05:30,3153.7,37,3133.31,2718732,136943.0,193589.0,3163.0,3163.0,3108.0,3134.3,31900600,3447.7,2820.9,3839.9,2896.0,3153.3,33,3,3153.0,14,6,3152.5,21,1,3152.4,45,2,3152.3,21,1,3153.7,56,2,3153.8,163,6,3153.9,351,3,3154.0,1154,10,3154.1,36,1
2031,2026-06-16 14:15:16+05:30,3153.7,1,3133.31,2718826,137338.0,193574.0,3163.0,3163.0,3108.0,3134.3,31900600,3447.7,2820.9,3839.9,2896.0,3153.5,2,2,3153.3,28,3,3153.0,14,6,3152.5,21,1,3152.4,87,2,3153.7,11,1,3153.8,135,5,3153.9,360,3,3154.0,1171,10,3154.1,48,2
2031,2026-06-16 14:15:16+05:30,3153.7,1,3133.31,2718826,137338.0,193574.0,3163.0,3163.0,3108.0,3134.3,31900600,3447.7,2820.9,3839.9,2896.0,3153.5,2,2,3153.3,28,3,3153.0,14,6,3152.5,21,1,3152.4,87,2,3153.7,11,1,3153.8,135,5,3153.9,360,3,3154.0,1171,10,3154.1,48,2
2031,2026-06-16 14:15:17+05:30,3153.5,133,3133.31,2719036,137002.0,192943.0,3163.0,3163.0,3108.0,3134.3,31900600,3447.7,2820.9,3839.9,2896.0,3153.5,16,1,3153.3,7,2,3153.0,14,6,3152.6,3,1,3152.5,23,2,3153.7,60,3,3153.8,86,3,3153.9,330,2,3154.0,1138,9,3154.2,264,3
2031,2026-06-16 14:15:17+05:30,3153.5,1,3133.31,2719036,137002.0,192943.0,3163.0,3163.0,3108.0,3134.3,31900600,3447.7,2820.9,3839.9,2896.0,3153.5,16,1,3153.3,7,2,3153.0,14,6,3152.6,3,1,3152.5,23,2,3153.7,60,3,3153.8,86,3,3153.9,330,2,3154.0,1138,9,3154.2,264,3
2031,2026-06-16 14:15:17+05:30,3153.8,34,3133.31,2719145,137098.0,193133.0,3163.0,3163.0,3108.0,3134.3,31900600,3447.7,2820.9,3839.9,2896.0,3153.5,15,1,3153.3,7,2,3153.0,14,6,3152.6,6,2,3152.5,23,2,3153.8,116,4,3153.9,379,4,3154.0,1109,8,3154.2,302,4,3154.3,460,4
2031,2026-06-16 14:15:18+05:30,3153.8,34,3133.31,2719145,137098.0,193133.0,3163.0,3163.0,3108.0,3134.3,31900600,3447.7,2820.9,3839.9,2896.0,3153.5,15,1,3153.3,7,2,3153.0,14,6,3152.6,6,2,3152.5,23,2,3153.8,116,4,3153.9,379,4,3154.0,1109,8,3154.2,302,4,3154.3,460,4
2031,2026-06-16 14:15:18+05:30,3153.8,34,3133.31,2719145,137184.0,193206.0,3163.0,3163.0,3108.0,3134.3,31900600,3447.7,2820.9,3839.9,2896.0,3153.5,15,1,3153.3,24,3,3153.0,14,6,3152.6,6,2,3152.5,92,3,3153.8,78,3,3153.9,559,4,3154.0,1109,8,3154.2,302,4,3154.3,460,4
2031,2026-06-16 14:15:19+05:30,3154.0,55,3133.32,2720745,137397.0,191303.0,3163.0,3163.0,3108.0,3134.3,31900600,3447.7,2820.9,3839.9,2896.0,3153.5,16,2,3153.3,24,3,3153.1,15,2,3153.0,68,8,3152.8,77,2,3154.0,12,2,3154.2,37,1,3154.3,383,3,3154.4,201,3,3154.5,895,10
2031,2026-06-16 14:15:20+05:30,3154.2,10,3133.32,2720745,137397.0,191303.0,3163.0,3163.0,3108.0,3134.3,31900600,3447.7,2820.9,3839.9,2896.0,3153.5,16,2,3153.3,24,3,3153.1,15,2,3153.0,68,8,3152.8,77,2,3154.0,12,2,3154.2,37,1,3154.3,383,3,3154.4,201,3,3154.5,895,10
2031,2026-06-16 14:15:21+05:30,3154.2,1,3133.32,2720792,137875.0,191479.0,3163.0,3163.0,3108.0,3134.3,31900600,3447.7,2820.9,3839.9,2896.0,3153.5,32,3,3153.3,7,2,3153.1,44,4,3153.0,71,9,3152.9,19,1,3154.2,281,3,3154.3,345,2,3154.4,201,3,3154.5,810,5,3154.6,493,5
2031,2026-06-16 14:15:21+05:30,3154.2,1,3133.32,2720792,137875.0,191479.0,3163.0,3163.0,3108.0,3134.3,31900600,3447.7,2820.9,3839.9,2896.0,3153.5,32,3,3153.3,7,2,3153.1,44,4,3153.0,71,9,3152.9,19,1,3154.2,281,3,3154.3,345,2,3154.4,201,3,3154.5,810,5,3154.6,493,5
2031,2026-06-16 14:15:22+05:30,3154.2,5,3133.32,2720951,137975.0,191337.0,3163.0,3163.0,3108.0,3134.3,31900600,3447.7,2820.9,3839.9,2896.0,3153.5,68,3,3153.3,7,2,3153.1,44,4,3153.0,84,10,3152.8,115,5,3154.1,11,1,3154.2,214,4,3154.3,383,3,3154.4,201,3,3154.5,810,5
2031,2026-06-16 14:15:22+05:30,3154.2,5,3133.32,2720951,137975.0,191337.0,3163.0,3163.0,3108.0,3134.3,31900600,3447.7,2820.9,3839.9,2896.0,3153.5,68,3,3153.3,7,2,3153.1,44,4,3153.0,84,10,3152.8,115,5,3154.1,11,1,3154.2,214,4,3154.3,383,3,3154.4,201,3,3154.5,810,5
2031,2026-06-16 14:15:23+05:30,3154.1,1,3133.32,2720952,137962.0,191343.0,3163.0,3163.0,3108.0,3134.3,31900600,3447.7,2820.9,3839.9,2896.0,3153.5,68,3,3153.3,7,2,3153.1,44,4,3153.0,71,9,3152.8,102,4,3154.1,21,2,3154.2,287,6,3154.3,345,2,3154.4,284,5,3154.5,843,6
2031,2026-06-16 14:15:23+05:30,3154.1,1,3133.32,2720952,137962.0,191343.0,3163.0,3163.0,3108.0,3134.3,31900600,3447.7,2820.9,3839.9,2896.0,3153.5,68,3,3153.3,7,2,3153.1,44,4,3153.0,71,9,3152.8,102,4,3154.1,21,2,3154.2,287,6,3154.3,345,2,3154.4,284,5,3154.5,843,6
2031,2026-06-16 14:15:24+05:30,3154.1,1,3133.32,2720952,137654.0,191673.0,3163.0,3163.0,3108.0,3134.3,31900600,3447.7,2820.9,3839.9,2896.0,3153.7,5,1,3153.6,16,1,3153.5,37,1,3153.3,7,2,3153.0,17,7,3154.1,92,4,3154.2,449,6,3154.3,387,3,3154.4,340,7,3154.5,810,5
2031,2026-06-16 14:15:24+05:30,3154.1,6,3133.32,2720952,137654.0,191673.0,3163.0,3163.0,3108.0,3134.3,31900600,3447.7,2820.9,3839.9,2896.0,3153.7,5,1,3153.6,16,1,3153.5,37,1,3153.3,7,2,3153.0,17,7,3154.1,92,4,3154.2,449,6,3154.3,387,3,3154.4,340,7,3154.5,810,5
2031,2026-06-16 14:15:25+05:30,3154.0,9,3133.32,2720952,137654.0,191673.0,3163.0,3163.0,3108.0,3134.3,31900600,3447.7,2820.9,3839.9,2896.0,3153.7,5,1,3153.6,16,1,3153.5,37,1,3153.3,7,2,3153.0,17,7,3154.1,92,4,3154.2,449,6,3154.3,387,3,3154.4,340,7,3154.5,810,5
2031,2026-06-16 14:15:25+05:30,3154.0,9,3133.32,2720983,137609.0,191921.0,3163.0,3163.0,3108.0,3134.3,31900600,3447.7,2820.9,3839.9,2896.0,3153.8,16,1,3153.7,5,1,3153.5,54,2,3153.3,6,1,3153.0,17,7,3154.1,95,4,3154.2,449,6,3154.3,345,2,3154.4,317,6,3154.5,837,7
2031,2026-06-16 14:15:26+05:30,3154.1,13,3133.32,2720983,137609.0,191921.0,3163.0,3163.0,3108.0,3134.3,31900600,3447.7,2820.9,3839.9,2896.0,3153.8,16,1,3153.7,5,1,3153.5,54,2,3153.3,6,1,3153.0,17,7,3154.1,95,4,3154.2,449,6,3154.3,345,2,3154.4,317,6,3154.5,837,7
2031,2026-06-16 14:15:26+05:30,3154.1,13,3133.32,2721136,137406.0,192203.0,3163.0,3163.0,3108.0,3134.3,31900600,3447.7,2820.9,3839.9,2896.0,3153.8,40,2,3153.7,20,2,3153.5,37,1,3153.3,7,2,3153.0,119,8,3154.0,11,1,3154.1,154,7,3154.2,414,5,3154.3,368,3,3154.4,286,6
2031,2026-06-16 14:15:27+05:30,3153.8,8,3133.32,2721136,137406.0,192203.0,3163.0,3163.0,3108.0,3134.3,31900600,3447.7,2820.9,3839.9,2896.0,3153.8,40,2,3153.7,20,2,3153.5,37,1,3153.3,7,2,3153.0,119,8,3154.0,11,1,3154.1,154,7,3154.2,414,5,3154.3,368,3,3154.4,286,6
2031,2026-06-16 14:15:27+05:30,3153.8,8,3133.32,2721145,137577.0,192141.0,3163.0,3163.0,3108.0,3134.3,31900600,3447.7,2820.9,3839.9,2896.0,3153.8,32,2,3153.7,5,1,3153.5,37,1,3153.3,7,2,3153.0,119,8,3154.0,11,1,3154.1,154,7,3154.2,414,5,3154.3,368,3,3154.4,286,6
2031,2026-06-16 14:15:28+05:30,3153.7,16,3133.32,2721145,137577.0,192141.0,3163.0,3163.0,3108.0,3134.3,31900600,3447.7,2820.9,3839.9,2896.0,3153.8,32,2,3153.7,5,1,3153.5,37,1,3153.3,7,2,3153.0,119,8,3154.0,11,1,3154.1,154,7,3154.2,414,5,3154.3,368,3,3154.4,286,6
2031,2026-06-16 14:15:28+05:30,3154.0,20,3133.33,2721493,137238.0,192471.0,3163.0,3163.0,3108.0,3134.3,31900600,3447.7,2820.9,3839.9,2896.0,3153.5,37,1,3153.3,22,3,3153.0,14,6,3152.5,81,3,3152.4,47,4,3153.8,106,4,3153.9,44,2,3154.0,84,5,3154.1,223,4,3154.2,489,5
2031,2026-06-16 14:15:28+05:30,3154.0,20,3133.33,2721493,137238.0,192471.0,3163.0,3163.0,3108.0,3134.3,31900600,3447.7,2820.9,3839.9,2896.0,3153.5,37,1,3153.3,22,3,3153.0,14,6,3152.5,81,3,3152.4,47,4,3153.8,106,4,3153.9,44,2,3154.0,84,5,3154.1,223,4,3154.2,489,5
2031,2026-06-16 14:15:29+05:30,3153.8,3,3133.33,2721493,137238.0,192471.0,3163.0,3163.0,3108.0,3134.3,31900600,3447.7,2820.9,3839.9,2896.0,3153.5,37,1,3153.3,22,3,3153.0,14,6,3152.5,81,3,3152.4,47,4,3153.8,106,4,3153.9,44,2,3154.0,84,5,3154.1,223,4,3154.2,489,5
2031,2026-06-16 14:15:29+05:30,3153.8,3,3133.33,2721507,137460.0,192443.0,3163.0,3163.0,3108.0,3134.3,31900600,3447.7,2820.9,3839.9,2896.0,3153.5,37,1,3153.3,22,3,3153.0,14,6,3152.6,3,1,3152.5,245,4,3153.8,39,1,3153.9,102,4,3154.0,43,3,3154.1,223,4,3154.2,457,5
2031,2026-06-16 14:15:30+05:30,3153.5,5,3133.33,2721507,137460.0,192443.0,3163.0,3163.0,3108.0,3134.3,31900600,3447.7,2820.9,3839.9,2896.0,3153.5,37,1,3153.3,22,3,3153.0,14,6,3152.6,3,1,3152.5,245,4,3153.8,39,1,3153.9,102,4,3154.0,43,3,3154.1,223,4,3154.2,457,5
2031,2026-06-16 14:15:30+05:30,3153.5,5,3133.33,2722313,137954.0,191627.0,3163.0,3163.0,3108.0,3134.3,31900600,3447.7,2820.9,3839.9,2896.0,3153.5,56,5,3153.3,22,3,3153.0,17,7,3152.8,42,1,3152.7,20,1,3153.8,26,1,3154.2,95,4,3154.3,76,3,3154.4,290,6,3154.5,631,5
2031,2026-06-16 14:15:30+05:30,3153.5,5,3133.33,2722313,137954.0,191627.0,3163.0,3163.0,3108.0,3134.3,31900600,3447.7,2820.9,3839.9,2896.0,3153.5,56,5,3153.3,22,3,3153.0,17,7,3152.8,42,1,3152.7,20,1,3153.8,26,1,3154.2,95,4,3154.3,76,3,3154.4,290,6,3154.5,631,5
2031,2026-06-16 14:15:31+05:30,3153.8,1,3133.33,2722313,137954.0,191627.0,3163.0,3163.0,3108.0,3134.3,31900600,3447.7,2820.9,3839.9,2896.0,3153.5,56,5,3153.3,22,3,3153.0,17,7,3152.8,42,1,3152.7,20,1,3153.8,26,1,3154.2,95,4,3154.3,76,3,3154.4,290,6,3154.5,631,5
2031,2026-06-16 14:15:31+05:30,3153.8,1,3133.33,2722414,138871.0,191645.0,3163.0,3163.0,3108.0,3134.3,31900600,3447.7,2820.9,3839.9,2896.0,3153.5,14,3,3153.3,22,3,3153.2,13,1,3153.1,73,3,3153.0,38,10,3153.8,25,1,3154.2,1,1,3154.4,234,3,3154.5,610,4,3154.6,94,3
2031,2026-06-16 14:15:32+05:30,3153.8,30,3133.33,2722414,138871.0,191645.0,3163.0,3163.0,3108.0,3134.3,31900600,3447.7,2820.9,3839.9,2896.0,3153.5,14,3,3153.3,22,3,3153.2,13,1,3153.1,73,3,3153.0,38,10,3153.8,25,1,3154.2,1,1,3154.4,234,3,3154.5,610,4,3154.6,94,3
2031,2026-06-16 14:15:32+05:30,3153.8,30,3133.34,2722480,138802.0,191744.0,3163.0,3163.0,3108.0,3134.3,31900600,3447.7,2820.9,3839.9,2896.0,3153.5,52,4,3153.3,62,4,3153.2,13,1,3153.1,84,5,3153.0,40,11,3153.8,7,1,3154.0,50,1,3154.2,1,1,3154.4,195,2,3154.5,610,4
2031,2026-06-16 14:15:32+05:30,3153.8,30,3133.34,2722480,138802.0,191744.0,3163.0,3163.0,3108.0,3134.3,31900600,3447.7,2820.9,3839.9,2896.0,3153.5,52,4,3153.3,62,4,3153.2,13,1,3153.1,84,5,3153.0,40,11,3153.8,7,1,3154.0,50,1,3154.2,1,1,3154.4,195,2,3154.5,610,4
2031,2026-06-16 14:15:33+05:30,3154.4,71,3133.34,2722480,138802.0,191744.0,3163.0,3163.0,3108.0,3134.3,31900600,3447.7,2820.9,3839.9,2896.0,3153.5,52,4,3153.3,62,4,3153.2,13,1,3153.1,84,5,3153.0,40,11,3153.8,7,1,3154.0,50,1,3154.2,1,1,3154.4,195,2,3154.5,610,4
2031,2026-06-16 14:15:33+05:30,3154.4,71,3133.34,2722602,139292.0,191657.0,3163.0,3163.0,3108.0,3134.3,31900600,3447.7,2820.9,3839.9,2896.0,3153.5,78,5,3153.4,10,1,3153.3,62,4,3153.2,36,2,3153.1,310,6,3154.4,124,2,3154.5,629,5,3154.7,49,1,3154.8,115,3,3154.9,226,3
2031,2026-06-16 14:15:34+05:30,3154.4,71,3133.34,2722602,139242.0,191884.0,3163.0,3163.0,3108.0,3134.3,31900600,3447.7,2820.9,3839.9,2896.0,3153.5,53,5,3153.4,10,1,3153.3,62,4,3153.2,23,1,3153.1,61,4,3154.3,11,1,3154.4,173,4,3154.5,629,5,3154.6,38,1,3154.7,106,3
2031,2026-06-16 14:15:34+05:30,3154.4,71,3133.34,2722602,139242.0,191884.0,3163.0,3163.0,3108.0,3134.3,31900600,3447.7,2820.9,3839.9,2896.0,3153.5,53,5,3153.4,10,1,3153.3,62,4,3153.2,23,1,3153.1,61,4,3154.3,11,1,3154.4,173,4,3154.5,629,5,3154.6,38,1,3154.7,106,3
2031,2026-06-16 14:15:35+05:30,3154.3,1,3133.34,2722602,139242.0,191884.0,3163.0,3163.0,3108.0,3134.3,31900600,3447.7,2820.9,3839.9,2896.0,3153.5,53,5,3153.4,10,1,3153.3,62,4,3153.2,23,1,3153.1,61,4,3154.3,11,1,3154.4,173,4,3154.5,629,5,3154.6,38,1,3154.7,106,3
2031,2026-06-16 14:15:35+05:30,3154.3,1,3133.34,2722603,138894.0,192115.0,3163.0,3163.0,3108.0,3134.3,31900600,3447.7,2820.9,3839.9,2896.0,3153.5,53,5,3153.3,22,3,3153.0,17,7,3152.9,70,2,3152.8,144,4,3154.3,162,7,3154.4,169,5,3154.5,679,6,3154.6,91,3,3154.7,309,3
2031,2026-06-16 14:15:36+05:30,3154.3,1,3133.34,2722603,138894.0,192115.0,3163.0,3163.0,3108.0,3134.3,31900600,3447.7,2820.9,3839.9,2896.0,3153.5,53,5,3153.3,22,3,3153.0,17,7,3152.9,70,2,3152.8,144,4,3154.3,162,7,3154.4,169,5,3154.5,679,6,3154.6,91,3,3154.7,309,3
2031,2026-06-16 14:15:36+05:30,3154.3,1,3133.34,2722604,138833.0,192142.0,3163.0,3163.0,3108.0,3134.3,31900600,3447.7,2820.9,3839.9,2896.0,3153.6,18,2,3153.5,56,6,3153.4,11,1,3153.3,22,3,3153.0,56,7,3154.3,65,4,3154.4,146,4,3154.5,629,5,3154.6,272,3,3154.7,345,2
2031,2026-06-16 14:15:37+05:30,3153.8,6,3133.34,2722604,138833.0,192142.0,3163.0,3163.0,3108.0,3134.3,31900600,3447.7,2820.9,3839.9,2896.0,3153.6,18,2,3153.5,56,6,3153.4,11,1,3153.3,22,3,3153.0,56,7,3154.3,65,4,3154.4,146,4,3154.5,629,5,3154.6,272,3,3154.7,345,2
2031,2026-06-16 14:15:37+05:30,3153.8,6,3133.34,2722604,138833.0,192142.0,3163.0,3163.0,3108.0,3134.3,31900600,3447.7,2820.9,3839.9,2896.0,3153.6,18,2,3153.5,56,6,3153.4,11,1,3153.3,22,3,3153.0,56,7,3154.3,65,4,3154.4,146,4,3154.5,629,5,3154.6,272,3,3154.7,345,2
2031,2026-06-16 14:15:37+05:30,3153.8,6,3133.34,2722611,138896.0,191779.0,3163.0,3163.0,3108.0,3134.3,31900600,3447.7,2820.9,3839.9,2896.0,3153.6,61,3,3153.5,46,4,3153.3,47,4,3153.2,49,2,3153.1,22,3,3153.8,1,1,3154.4,124,2,3154.5,610,4,3154.6,258,3,3154.7,345,2
2031,2026-06-16 14:15:38+05:30,3154.4,20,3133.34,2722611,138896.0,191779.0,3163.0,3163.0,3108.0,3134.3,31900600,3447.7,2820.9,3839.9,2896.0,3153.6,61,3,3153.5,46,4,3153.3,47,4,3153.2,49,2,3153.1,22,3,3153.8,1,1,3154.4,124,2,3154.5,610,4,3154.6,258,3,3154.7,345,2
2031,2026-06-16 14:15:38+05:30,3154.4,20,3133.34,2722634,138906.0,191843.0,3163.0,3163.0,3108.0,3134.3,31900600,3447.7,2820.9,3839.9,2896.0,3153.8,17,1,3153.7,6,2,3153.6,44,2,3153.5,40,3,3153.3,89,5,3154.4,115,3,3154.5,610,4,3154.6,233,2,3154.7,345,2,3154.8,116,3
2031,2026-06-16 14:15:39+05:30,3154.4,20,3133.34,2722634,138906.0,191843.0,3163.0,3163.0,3108.0,3134.3,31900600,3447.7,2820.9,3839.9,2896.0,3153.8,17,1,3153.7,6,2,3153.6,44,2,3153.5,40,3,3153.3,89,5,3154.4,115,3,3154.5,610,4,3154.6,233,2,3154.7,345,2,3154.8,116,3
2031,2026-06-16 14:15:39+05:30,3154.4,7,3133.34,2722634,138906.0,191843.0,3163.0,3163.0,3108.0,3134.3,31900600,3447.7,2820.9,3839.9,2896.0,3153.8,17,1,3153.7,6,2,3153.6,44,2,3153.5,40,3,3153.3,89,5,3154.4,115,3,3154.5,610,4,3154.6,233,2,3154.7,345,2,3154.8,116,3
2031,2026-06-16 14:15:39+05:30,3154.4,7,3133.34,2722752,138919.0,192152.0,3163.0,3163.0,3108.0,3134.3,31900600,3447.7,2820.9,3839.9,2896.0,3153.7,6,2,3153.6,59,3,3153.5,40,3,3153.3,22,3,3153.2,10,2,3154.2,11,1,3154.3,93,4,3154.4,179,6,3154.5,700,7,3154.6,316,4
2031,2026-06-16 14:15:40+05:30,3154.2,5,3133.34,2722752,138919.0,192152.0,3163.0,3163.0,3108.0,3134.3,31900600,3447.7,2820.9,3839.9,2896.0,3153.7,6,2,3153.6,59,3,3153.5,40,3,3153.3,22,3,3153.2,10,2,3154.2,11,1,3154.3,93,4,3154.4,179,6,3154.5,700,7,3154.6,316,4
2031,2026-06-16 14:15:40+05:30,3154.2,5,3133.34,2722757,138931.0,192126.0,3163.0,3163.0,3108.0,3134.3,31900600,3447.7,2820.9,3839.9,2896.0,3153.7,62,4,3153.6,58,3,3153.5,39,2,3153.3,7,2,3153.2,52,3,3154.2,23,1,3154.3,11,1,3154.4,133,4,3154.5,681,7,3154.6,283,3
2031,2026-06-16 14:15:40+05:30,3154.2,5,3133.34,2722757,138931.0,192126.0,3163.0,3163.0,3108.0,3134.3,31900600,3447.7,2820.9,3839.9,2896.0,3153.7,62,4,3153.6,58,3,3153.5,39,2,3153.3,7,2,3153.2,52,3,3154.2,23,1,3154.3,11,1,3154.4,133,4,3154.5,681,7,3154.6,283,3
2031,2026-06-16 14:15:41+05:30,3154.2,5,3133.34,2722757,138931.0,192126.0,3163.0,3163.0,3108.0,3134.3,31900600,3447.7,2820.9,3839.9,2896.0,3153.7,62,4,3153.6,58,3,3153.5,39,2,3153.3,7,2,3153.2,52,3,3154.2,23,1,3154.3,11,1,3154.4,133,4,3154.5,681,7,3154.6,283,3
2031,2026-06-16 14:15:41+05:30,3154.2,5,3133.34,2722757,139495.0,193211.0,3163.0,3163.0,3108.0,3134.3,31900600,3447.7,2820.9,3839.9,2896.0,3153.8,16,1,3153.7,46,3,3153.6,58,3,3153.5,39,2,3153.3,7,2,3154.2,50,3,3154.3,49,2,3154.4,141,4,3154.5,681,6,3154.6,316,4
2031,2026-06-16 14:15:41+05:30,3154.2,5,3133.34,2722757,139495.0,193211.0,3163.0,3163.0,3108.0,3134.3,31900600,3447.7,2820.9,3839.9,2896.0,3153.8,16,1,3153.7,46,3,3153.6,58,3,3153.5,39,2,3153.3,7,2,3154.2,50,3,3154.3,49,2,3154.4,141,4,3154.5,681,6,3154.6,316,4
2031,2026-06-16 14:15:42+05:30,3153.8,141,3133.34,2722757,139495.0,193211.0,3163.0,3163.0,3108.0,3134.3,31900600,3447.7,2820.9,3839.9,2896.0,3153.8,16,1,3153.7,46,3,3153.6,58,3,3153.5,39,2,3153.3,7,2,3154.2,50,3,3154.3,49,2,3154.4,141,4,3154.5,681,6,3154.6,316,4
2031,2026-06-16 14:15:42+05:30,3153.8,141,3133.34,2722757,139495.0,193211.0,3163.0,3163.0,3108.0,3134.3,31900600,3447.7,2820.9,3839.9,2896.0,3153.8,16,1,3153.7,46,3,3153.6,58,3,3153.5,39,2,3153.3,7,2,3154.2,50,3,3154.3,49,2,3154.4,141,4,3154.5,681,6,3154.6,316,4
2031,2026-06-16 14:15:42+05:30,3153.8,141,3133.34,2723158,138197.0,193599.0,3163.0,3163.0,3108.0,3134.3,31900600,3447.7,2820.9,3839.9,2896.0,3153.8,12,2,3153.7,62,4,3153.6,58,3,3153.5,39,2,3153.3,7,2,3154.0,438,3,3154.1,34,1,3154.2,63,2,3154.3,5,1,3154.4,174,5
2031,2026-06-16 14:15:42+05:30,3153.8,141,3133.34,2723158,138197.0,193599.0,3163.0,3163.0,3108.0,3134.3,31900600,3447.7,2820.9,3839.9,2896.0,3153.8,12,2,3153.7,62,4,3153.6,58,3,3153.5,39,2,3153.3,7,2,3154.0,438,3,3154.1,34,1,3154.2,63,2,3154.3,5,1,3154.4,174,5
2031,2026-06-16 14:15:43+05:30,3154.0,1,3133.34,2723158,138197.0,193599.0,3163.0,3163.0,3108.0,3134.3,31900600,3447.7,2820.9,3839.9,2896.0,3153.8,12,2,3153.7,62,4,3153.6,58,3,3153.5,39,2,3153.3,7,2,3154.0,438,3,3154.1,34,1,3154.2,63,2,3154.3,5,1,3154.4,174,5
2031,2026-06-16 14:15:43+05:30,3154.0,1,3133.34,2723159,138232.0,193563.0,3163.0,3163.0,3108.0,3134.3,31900600,3447.7,2820.9,3839.9,2896.0,3153.8,12,2,3153.7,62,4,3153.6,58,3,3153.5,39,2,3153.3,7,2,3154.0,399,2,3154.1,34,1,3154.2,63,2,3154.3,5,1,3154.4,174,5
2031,2026-06-16 14:15:43+05:30,3154.0,1,3133.34,2723159,138232.0,193563.0,3163.0,3163.0,3108.0,3134.3,31900600,3447.7,2820.9,3839.9,2896.0,3153.8,12,2,3153.7,62,4,3153.6,58,3,3153.5,39,2,3153.3,7,2,3154.0,399,2,3154.1,34,1,3154.2,63,2,3154.3,5,1,3154.4,174,5
2031,2026-06-16 14:15:44+05:30,3154.0,5,3133.34,2723164,138881.0,193280.0,3163.0,3163.0,3108.0,3134.3,31900600,3447.7,2820.9,3839.9,2896.0,3153.8,69,4,3153.7,46,3,3153.6,58,3,3153.5,39,2,3153.3,7,2,3154.0,394,2,3154.4,97,2,3154.5,731,10,3154.6,48,2,3154.7,200,1
2031,2026-06-16 14:15:44+05:30,3154.0,5,3133.34,2723164,138881.0,193280.0,3163.0,3163.0,3108.0,3134.3,31900600,3447.7,2820.9,3839.9,2896.0,3153.8,69,4,3153.7,46,3,3153.6,58,3,3153.5,39,2,3153.3,7,2,3154.0,394,2,3154.4,97,2,3154.5,731,10,3154.6,48,2,3154.7,200,1
2031,2026-06-16 14:15:45+05:30,3154.0,96,3133.34,2723164,138881.0,193280.0,3163.0,3163.0,3108.0,3134.3,31900600,3447.7,2820.9,3839.9,2896.0,3153.8,69,4,3153.7,46,3,3153.6,58,3,3153.5,39,2,3153.3,7,2,3154.0,394,2,3154.4,97,2,3154.5,731,10,3154.6,48,2,3154.7,200,1
2031,2026-06-16 14:15:45+05:30,3154.0,96,3133.34,2723164,138881.0,193280.0,3163.0,3163.0,3108.0,3134.3,31900600,3447.7,2820.9,3839.9,2896.0,3153.8,69,4,3153.7,46,3,3153.6,58,3,3153.5,39,2,3153.3,7,2,3154.0,394,2,3154.4,97,2,3154.5,731,10,3154.6,48,2,3154.7,200,1
2031,2026-06-16 14:15:45+05:30,3154.0,96,3133.34,2723260,138931.0,193002.0,3163.0,3163.0,3108.0,3134.3,31900600,3447.7,2820.9,3839.9,2896.0,3153.9,2,2,3153.8,70,5,3153.7,41,2,3153.6,69,4,3153.5,39,2,3154.0,298,2,3154.4,97,2,3154.5,698,8,3154.7,223,2,3154.8,400,4
2031,2026-06-16 14:15:46+05:30,3154.0,96,3133.34,2723260,138931.0,193002.0,3163.0,3163.0,3108.0,3134.3,31900600,3447.7,2820.9,3839.9,2896.0,3153.9,2,2,3153.8,70,5,3153.7,41,2,3153.6,69,4,3153.5,39,2,3154.0,298,2,3154.4,97,2,3154.5,698,8,3154.7,223,2,3154.8,400,4
2031,2026-06-16 14:15:46+05:30,3153.8,4,3133.34,2723430,138985.0,192787.0,3163.0,3163.0,3108.0,3134.3,31900600,3447.7,2820.9,3839.9,2896.0,3153.9,42,1,3153.8,48,4,3153.7,41,2,3153.6,69,4,3153.5,39,2,3154.0,216,4,3154.4,97,2,3154.5,690,7,3154.6,35,1,3154.7,223,2
2031,2026-06-16 14:15:46+05:30,3153.8,4,3133.34,2723430,138985.0,192787.0,3163.0,3163.0,3108.0,3134.3,31900600,3447.7,2820.9,3839.9,2896.0,3153.9,42,1,3153.8,48,4,3153.7,41,2,3153.6,69,4,3153.5,39,2,3154.0,216,4,3154.4,97,2,3154.5,690,7,3154.6,35,1,3154.7,223,2
2031,2026-06-16 14:15:47+05:30,3154.0,1,3133.34,2723430,138985.0,192787.0,3163.0,3163.0,3108.0,3134.3,31900600,3447.7,2820.9,3839.9,2896.0,3153.9,42,1,3153.8,48,4,3153.7,41,2,3153.6,69,4,3153.5,39,2,3154.0,216,4,3154.4,97,2,3154.5,690,7,3154.6,35,1,3154.7,223,2
2031,2026-06-16 14:15:47+05:30,3154.0,1,3133.34,2723430,138985.0,192787.0,3163.0,3163.0,3108.0,3134.3,31900600,3447.7,2820.9,3839.9,2896.0,3153.9,42,1,3153.8,48,4,3153.7,41,2,3153.6,69,4,3153.5,39,2,3154.0,216,4,3154.4,97,2,3154.5,690,7,3154.6,35,1,3154.7,223,2
2031,2026-06-16 14:15:47+05:30,3154.0,88,3133.34,2723520,139068.0,192633.0,3163.0,3163.0,3108.0,3134.3,31900600,3447.7,2820.9,3839.9,2896.0,3153.9,42,1,3153.8,48,4,3153.7,41,2,3153.6,69,4,3153.5,45,3,3154.0,126,4,3154.4,97,2,3154.5,690,7,3154.7,234,2,3154.8,404,4
2031,2026-06-16 14:15:48+05:30,3154.0,88,3133.34,2723520,139068.0,192633.0,3163.0,3163.0,3108.0,3134.3,31900600,3447.7,2820.9,3839.9,2896.0,3153.9,42,1,3153.8,48,4,3153.7,41,2,3153.6,69,4,3153.5,45,3,3154.0,126,4,3154.4,97,2,3154.5,690,7,3154.7,234,2,3154.8,404,4
2031,2026-06-16 14:15:48+05:30,3154.0,88,3133.34,2723520,139068.0,192633.0,3163.0,3163.0,3108.0,3134.3,31897400,3447.7,2820.9,3839.9,2896.0,3153.9,42,1,3153.8,48,4,3153.7,41,2,3153.6,69,4,3153.5,45,3,3154.0,126,4,3154.4,97,2,3154.5,690,7,3154.7,234,2,3154.8,404,4
2031,2026-06-16 14:15:48+05:30,3154.0,88,3133.34,2723520,139154.0,192711.0,3163.0,3163.0,3108.0,3134.3,31897400,3447.7,2820.9,3839.9,2896.0,3153.9,57,2,3153.8,73,6,3153.7,54,3,3153.6,44,2,3153.5,58,4,3154.0,126,4,3154.4,97,2,3154.5,660,5,3154.7,200,1,3154.8,389,4
2031,2026-06-16 14:15:49+05:30,3154.0,1,3133.34,2723520,139154.0,192711.0,3163.0,3163.0,3108.0,3134.3,31897400,3447.7,2820.9,3839.9,2896.0,3153.9,57,2,3153.8,73,6,3153.7,54,3,3153.6,44,2,3153.5,58,4,3154.0,126,4,3154.4,97,2,3154.5,660,5,3154.7,200,1,3154.8,389,4
2031,2026-06-16 14:15:49+05:30,3154.0,1,3133.34,2723521,139157.0,192799.0,3163.0,3163.0,3108.0,3134.3,31897400,3447.7,2820.9,3839.9,2896.0,3153.9,58,3,3153.8,73,6,3153.7,54,3,3153.6,44,2,3153.5,58,4,3154.0,126,5,3154.4,97,2,3154.5,660,5,3154.7,200,1,3154.8,389,4
2031,2026-06-16 14:15:50+05:30,3154.0,33,3133.34,2723521,139157.0,192799.0,3163.0,3163.0,3108.0,3134.3,31897400,3447.7,2820.9,3839.9,2896.0,3153.9,58,3,3153.8,73,6,3153.7,54,3,3153.6,44,2,3153.5,58,4,3154.0,126,5,3154.4,97,2,3154.5,660,5,3154.7,200,1,3154.8,389,4
2031,2026-06-16 14:15:51+05:30,3154.0,10,3133.34,2723610,139130.0,192786.0,3163.0,3163.0,3108.0,3134.3,31897400,3447.7,2820.9,3839.9,2896.0,3153.9,43,2,3153.8,73,6,3153.7,41,2,3153.6,58,3,3153.5,45,3,3154.0,37,4,3154.4,97,2,3154.5,660,5,3154.6,200,1,3154.7,345,2
2031,2026-06-16 14:15:51+05:30,3154.0,10,3133.34,2723610,139130.0,192786.0,3163.0,3163.0,3108.0,3134.3,31897400,3447.7,2820.9,3839.9,2896.0,3153.9,43,2,3153.8,73,6,3153.7,41,2,3153.6,58,3,3153.5,45,3,3154.0,37,4,3154.4,97,2,3154.5,660,5,3154.6,200,1,3154.7,345,2
2031,2026-06-16 14:15:52+05:30,3154.0,5,3133.34,2723626,139173.0,192825.0,3163.0,3163.0,3108.0,3134.3,31897400,3447.7,2820.9,3839.9,2896.0,3153.9,42,1,3153.8,73,6,3153.7,41,2,3153.6,58,3,3153.5,45,3,3154.0,38,3,3154.4,97,2,3154.5,660,5,3154.6,238,2,3154.7,345,2
2031,2026-06-16 14:15:52+05:30,3153.9,42,3133.34,2723626,139173.0,192825.0,3163.0,3163.0,3108.0,3134.3,31897400,3447.7,2820.9,3839.9,2896.0,3153.9,42,1,3153.8,73,6,3153.7,41,2,3153.6,58,3,3153.5,45,3,3154.0,38,3,3154.4,97,2,3154.5,660,5,3154.6,238,2,3154.7,345,2
2031,2026-06-16 14:15:53+05:30,3154.0,10,3133.35,2723864,139151.0,193391.0,3163.0,3163.0,3108.0,3134.3,31897400,3447.7,2820.9,3839.9,2896.0,3154.1,1,1,3153.8,63,5,3153.7,41,2,3153.6,44,2,3153.5,39,2,3154.4,97,2,3154.5,660,5,3154.6,471,4,3154.7,385,3,3154.8,94,3
2031,2026-06-16 14:15:53+05:30,3154.0,10,3133.35,2723864,139151.0,193391.0,3163.0,3163.0,3108.0,3134.3,31897400,3447.7,2820.9,3839.9,2896.0,3154.1,1,1,3153.8,63,5,3153.7,41,2,3153.6,44,2,3153.5,39,2,3154.4,97,2,3154.5,660,5,3154.6,471,4,3154.7,385,3,3154.8,94,3
2031,2026-06-16 14:15:54+05:30,3153.8,14,3133.35,2723992,139621.0,193479.0,3163.0,3163.0,3108.0,3134.3,31897400,3447.7,2820.9,3839.9,2896.0,3154.0,100,1,3153.8,4,3,3153.7,41,2,3153.6,44,2,3153.5,39,2,3154.4,86,1,3154.5,660,5,3154.6,400,2,3154.7,368,3,3154.9,228,3
2031,2026-06-16 14:15:54+05:30,3153.8,14,3133.35,2723992,139621.0,193479.0,3163.0,3163.0,3108.0,3134.3,31897400,3447.7,2820.9,3839.9,2896.0,3154.0,100,1,3153.8,4,3,3153.7,41,2,3153.6,44,2,3153.5,39,2,3154.4,86,1,3154.5,660,5,3154.6,400,2,3154.7,368,3,3154.9,228,3
2031,2026-06-16 14:15:55+05:30,3154.0,5,3133.35,2723997,139665.0,193327.0,3163.0,3163.0,3108.0,3134.3,31897400,3447.7,2820.9,3839.9,2896.0,3154.0,95,1,3153.8,5,4,3153.7,41,2,3153.6,44,2,3153.5,39,2,3154.4,134,2,3154.5,660,5,3154.6,200,1,3154.7,368,3,3154.9,228,3
2031,2026-06-16 14:15:55+05:30,3154.4,5,3133.35,2723997,139665.0,193327.0,3163.0,3163.0,3108.0,3134.3,31897400,3447.7,2820.9,3839.9,2896.0,3154.0,95,1,3153.8,5,4,3153.7,41,2,3153.6,44,2,3153.5,39,2,3154.4,134,2,3154.5,660,5,3154.6,200,1,3154.7,368,3,3154.9,228,3
2031,2026-06-16 14:15:56+05:30,3154.4,1,3133.35,2723997,139665.0,193327.0,3163.0,3163.0,3108.0,3134.3,31897400,3447.7,2820.9,3839.9,2896.0,3154.0,95,1,3153.8,5,4,3153.7,41,2,3153.6,44,2,3153.5,39,2,3154.4,134,2,3154.5,660,5,3154.6,200,1,3154.7,368,3,3154.9,228,3
2031,2026-06-16 14:15:56+05:30,3154.4,1,3133.35,2724003,139705.0,193252.0,3163.0,3163.0,3108.0,3134.3,31897400,3447.7,2820.9,3839.9,2896.0,3154.0,98,2,3153.8,4,3,3153.7,41,2,3153.6,59,3,3153.5,39,2,3154.4,128,2,3154.5,660,5,3154.6,200,1,3154.7,368,3,3154.9,228,3
2031,2026-06-16 14:15:57+05:30,3154.0,48,3133.35,2724003,139705.0,193252.0,3163.0,3163.0,3108.0,3134.3,31897400,3447.7,2820.9,3839.9,2896.0,3154.0,98,2,3153.8,4,3,3153.7,41,2,3153.6,59,3,3153.5,39,2,3154.4,128,2,3154.5,660,5,3154.6,200,1,3154.7,368,3,3154.9,228,3
2031,2026-06-16 14:15:57+05:30,3154.0,48,3133.35,2724065,139308.0,193371.0,3163.0,3163.0,3108.0,3134.3,31897400,3447.7,2820.9,3839.9,2896.0,3154.0,54,3,3153.8,4,3,3153.7,41,2,3153.6,59,3,3153.5,39,2,3154.4,80,1,3154.5,660,5,3154.6,230,2,3154.7,368,3,3154.8,111,3
2031,2026-06-16 14:15:58+05:30,3154.4,1,3133.35,2724066,139304.0,193371.0,3163.0,3163.0,3108.0,3134.3,31897400,3447.7,2820.9,3839.9,2896.0,3154.0,54,3,3153.8,4,3,3153.7,41,2,3153.6,59,3,3153.5,39,2,3154.4,79,1,3154.5,660,5,3154.6,230,2,3154.7,368,3,3154.8,111,3
2031,2026-06-16 14:15:58+05:30,3154.4,1,3133.35,2724066,139304.0,193371.0,3163.0,3163.0,3108.0,3134.3,31897400,3447.7,2820.9,3839.9,2896.0,3154.0,54,3,3153.8,4,3,3153.7,41,2,3153.6,59,3,3153.5,39,2,3154.4,79,1,3154.5,660,5,3154.6,230,2,3154.7,368,3,3154.8,111,3
2031,2026-06-16 14:15:59+05:30,3153.6,126,3133.35,2724612,137018.0,194471.0,3163.0,3163.0,3108.0,3134.3,31897400,3447.7,2820.9,3839.9,2896.0,3153.5,39,2,3153.3,1,1,3153.1,18,1,3153.0,29,7,3152.8,28,2,3153.6,16,1,3154.0,261,3,3154.1,26,1,3154.2,39,2,3154.3,531,6
2031,2026-06-16 14:15:59+05:30,3153.6,126,3133.35,2724612,137018.0,194471.0,3163.0,3163.0,3108.0,3134.3,31897400,3447.7,2820.9,3839.9,2896.0,3153.5,39,2,3153.3,1,1,3153.1,18,1,3153.0,29,7,3152.8,28,2,3153.6,16,1,3154.0,261,3,3154.1,26,1,3154.2,39,2,3154.3,531,6
2031,2026-06-16 14:16:00+05:30,3153.9,10,3133.35,2724612,137018.0,194471.0,3163.0,3163.0,3108.0,3134.3,31897400,3447.7,2820.9,3839.9,2896.0,3153.5,39,2,3153.3,1,1,3153.1,18,1,3153.0,29,7,3152.8,28,2,3153.6,16,1,3154.0,261,3,3154.1,26,1,3154.2,39,2,3154.3,531,6
2031,2026-06-16 14:16:00+05:30,3153.9,10,3133.35,2724638,137147.0,194499.0,3163.0,3163.0,3108.0,3134.3,31897400,3447.7,2820.9,3839.9,2896.0,3153.5,30,4,3153.3,1,1,3153.1,18,1,3153.0,14,6,3152.8,28,2,3153.9,1,1,3154.0,238,2,3154.1,26,1,3154.2,131,5,3154.3,462,4
2031,2026-06-16 14:16:01+05:30,3153.9,10,3133.35,2724638,137151.0,194303.0,3163.0,3163.0,3108.0,3134.3,31897400,3447.7,2820.9,3839.9,2896.0,3153.7,2,2,3153.5,30,4,3153.3,1,1,3153.1,18,1,3153.0,14,6,3153.8,11,1,3153.9,8,3,3154.0,272,3,3154.1,26,1,3154.2,131,5
2031,2026-06-16 14:16:02+05:30,3153.9,1,3133.35,2724638,137151.0,194303.0,3163.0,3163.0,3108.0,3134.3,31897400,3447.7,2820.9,3839.9,2896.0,3153.7,2,2,3153.5,30,4,3153.3,1,1,3153.1,18,1,3153.0,14,6,3153.8,11,1,3153.9,8,3,3154.0,272,3,3154.1,26,1,3154.2,131,5
2031,2026-06-16 14:16:02+05:30,3153.9,1,3133.35,2724689,136302.0,194005.0,3163.0,3163.0,3108.0,3134.3,31897400,3447.7,2820.9,3839.9,2896.0,3153.7,2,2,3153.6,1,1,3153.5,30,4,3153.3,1,1,3153.1,18,1,3153.8,7,1,3153.9,5,1,3154.0,368,5,3154.1,26,1,3154.2,72,2
2031,2026-06-16 14:16:03+05:30,3153.7,1,3133.35,2724689,136302.0,194005.0,3163.0,3163.0,3108.0,3134.3,31897400,3447.7,2820.9,3839.9,2896.0,3153.7,2,2,3153.6,1,1,3153.5,30,4,3153.3,1,1,3153.1,18,1,3153.8,7,1,3153.9,5,1,3154.0,368,5,3154.1,26,1,3154.2,72,2
2031,2026-06-16 14:16:03+05:30,3153.7,8,3133.35,2724736,137239.0,194627.0,3163.0,3163.0,3108.0,3134.3,31897400,3447.7,2820.9,3839.9,2896.0,3153.5,26,4,3153.3,1,1,3153.1,18,1,3153.0,14,6,3152.8,28,2,3153.7,13,2,3153.8,100,5,3153.9,5,1,3154.0,769,8,3154.1,371,3
2031,2026-06-16 14:16:04+05:30,3153.7,8,3133.35,2724736,137239.0,194627.0,3163.0,3163.0,3108.0,3134.3,31897400,3447.7,2820.9,3839.9,2896.0,3153.5,26,4,3153.3,1,1,3153.1,18,1,3153.0,14,6,3152.8,28,2,3153.7,13,2,3153.8,100,5,3153.9,5,1,3154.0,769,8,3154.1,371,3
2031,2026-06-16 14:16:04+05:30,3153.7,8,3133.35,2724736,137573.0,194450.0,3163.0,3163.0,3108.0,3134.3,31897400,3447.7,2820.9,3839.9,2896.0,3153.5,27,5,3153.3,1,1,3153.1,18,1,3153.0,14,6,3152.8,28,2,3153.7,22,3,3153.8,22,2,3153.9,43,2,3154.0,250,2,3154.1,26,1
2031,2026-06-16 14:16:05+05:30,3153.7,1,3133.35,2724736,137573.0,194450.0,3163.0,3163.0,3108.0,3134.3,31897400,3447.7,2820.9,3839.9,2896.0,3153.5,27,5,3153.3,1,1,3153.1,18,1,3153.0,14,6,3152.8,28,2,3153.7,22,3,3153.8,22,2,3153.9,43,2,3154.0,250,2,3154.1,26,1
2031,2026-06-16 14:16:05+05:30,3153.7,1,3133.35,2724737,137580.0,194263.0,3163.0,3163.0,3108.0,3134.3,31897400,3447.7,2820.9,3839.9,2896.0,3153.5,27,5,3153.3,1,1,3153.1,18,1,3153.0,14,6,3152.8,28,2,3153.7,8,1,3153.9,43,2,3154.0,250,2,3154.1,226,2,3154.2,442,6
2031,2026-06-16 14:16:06+05:30,3154.0,50,3133.35,2724737,137580.0,194263.0,3163.0,3163.0,3108.0,3134.3,31897400,3447.7,2820.9,3839.9,2896.0,3153.5,27,5,3153.3,1,1,3153.1,18,1,3153.0,14,6,3152.8,28,2,3153.7,8,1,3153.9,43,2,3154.0,250,2,3154.1,226,2,3154.2,442,6
2031,2026-06-16 14:16:06+05:30,3153.7,5,3133.35,2725119,138024.0,193348.0,3163.0,3163.0,3108.0,3134.3,31897400,3447.7,2820.9,3839.9,2896.0,3153.6,5,1,3153.5,9,4,3153.3,1,1,3153.1,18,1,3153.0,102,1,3154.2,56,3,3154.3,11,1,3154.4,440,7,3154.5,1044,10,3154.6,122,3
2031,2026-06-16 14:16:07+05:30,3154.1,5,3133.35,2725119,138024.0,193348.0,3163.0,3163.0,3108.0,3134.3,31897400,3447.7,2820.9,3839.9,2896.0,3153.6,5,1,3153.5,9,4,3153.3,1,1,3153.1,18,1,3153.0,102,1,3154.2,56,3,3154.3,11,1,3154.4,440,7,3154.5,1044,10,3154.6,122,3
2031,2026-06-16 14:16:07+05:30,3154.1,5,3133.36,2725124,138122.0,193751.0,3163.0,3163.0,3108.0,3134.3,31897400,3447.7,2820.9,3839.9,2896.0,3153.7,18,1,3153.5,8,3,3153.3,1,1,3153.1,18,1,3153.0,102,1,3154.1,406,3,3154.2,450,7,3154.3,11,1,3154.4,440,7,3154.5,1100,10
2031,2026-06-16 14:16:08+05:30,3154.1,31,3133.36,2725173,138150.0,193798.0,3163.0,3163.0,3108.0,3134.3,31897400,3447.7,2820.9,3839.9,2896.0,3153.8,16,1,3153.5,2,2,3153.3,1,1,3153.1,18,1,3153.0,102,1,3154.1,169,1,3154.2,612,7,3154.3,11,1,3154.4,316,4,3154.5,1100,10
2031,2026-06-16 14:16:09+05:30,3154.1,1,3133.36,2725173,138150.0,193798.0,3163.0,3163.0,3108.0,3134.3,31897400,3447.7,2820.9,3839.9,2896.0,3153.8,16,1,3153.5,2,2,3153.3,1,1,3153.1,18,1,3153.0,102,1,3154.1,169,1,3154.2,612,7,3154.3,11,1,3154.4,316,4,3154.5,1100,10
2031,2026-06-16 14:16:09+05:30,3154.0,11,3133.36,2725224,138320.0,193619.0,3163.0,3163.0,3108.0,3134.3,31897400,3447.7,2820.9,3839.9,2896.0,3153.9,5,1,3153.8,16,1,3153.5,2,2,3153.3,1,1,3153.1,18,1,3154.1,12,2,3154.2,49,2,3154.4,522,6,3154.5,1045,10,3154.6,122,3
2031,2026-06-16 14:16:10+05:30,3154.1,6,3133.36,2725224,138320.0,193619.0,3163.0,3163.0,3108.0,3134.3,31897400,3447.7,2820.9,3839.9,2896.0,3153.9,5,1,3153.8,16,1,3153.5,2,2,3153.3,1,1,3153.1,18,1,3154.1,12,2,3154.2,49,2,3154.4,522,6,3154.5,1045,10,3154.6,122,3
2031,2026-06-16 14:16:10+05:30,3154.0,38,3133.36,2725681,138934.0,193087.0,3163.0,3163.0,3108.0,3134.3,31897400,3447.7,2820.9,3839.9,2896.0,3153.9,4,1,3153.8,16,1,3153.5,1,1,3153.3,1,1,3153.2,9,1,3154.1,5,1,3154.2,356,3,3154.4,305,4,3154.5,1077,8,3154.6,88,2
2031,2026-06-16 14:16:11+05:30,3154.2,166,3133.36,2725681,138934.0,193087.0,3163.0,3163.0,3108.0,3134.3,31897400,3447.7,2820.9,3839.9,2896.0,3153.9,4,1,3153.8,16,1,3153.5,1,1,3153.3,1,1,3153.2,9,1,3154.1,5,1,3154.2,356,3,3154.4,305,4,3154.5,1077,8,3154.6,88,2
2031,2026-06-16 14:16:11+05:30,3154.2,11,3133.36,2725868,138605.0,192915.0,3163.0,3163.0,3108.0,3134.3,31897400,3447.7,2820.9,3839.9,2896.0,3154.1,1,1,3153.9,4,1,3153.5,16,2,3153.3,1,1,3153.2,9,1,3154.2,163,2,3154.3,38,1,3154.4,339,5,3154.5,1077,8,3154.6,122,3
2031,2026-06-16 14:16:12+05:30,3154.0,38,3133.36,2725868,138605.0,192915.0,3163.0,3163.0,3108.0,3134.3,31897400,3447.7,2820.9,3839.9,2896.0,3154.1,1,1,3153.9,4,1,3153.5,16,2,3153.3,1,1,3153.2,9,1,3154.2,163,2,3154.3,38,1,3154.4,339,5,3154.5,1077,8,3154.6,122,3
2031,2026-06-16 14:16:12+05:30,3153.1,2,3133.39,2729260,140149.0,193197.0,3163.0,3163.0,3108.0,3134.3,31897400,3447.7,2820.9,3839.9,2896.0,3153.1,31,3,3153.0,104,3,3152.9,14,2,3152.8,90,6,3152.7,281,5,3154.1,11,1,3154.2,11,1,3154.4,95,3,3154.5,683,6,3154.8,207,3
2031,2026-06-16 14:16:13+05:30,3155.0,65,3133.39,2729260,140149.0,193197.0,3163.0,3163.0,3108.0,3134.3,31897400,3447.7,2820.9,3839.9,2896.0,3153.1,31,3,3153.0,104,3,3152.9,14,2,3152.8,90,6,3152.7,281,5,3154.1,11,1,3154.2,11,1,3154.4,95,3,3154.5,683,6,3154.8,207,3
2031,2026-06-16 14:16:13+05:30,3153.6,39,3133.41,2731759,141014.0,190641.0,3163.0,3163.0,3108.0,3134.3,31897400,3447.7,2820.9,3839.9,2896.0,3153.3,126,7,3153.2,35,3,3153.1,225,5,3153.0,414,8,3152.9,36,3,3154.1,1,1,3154.8,21,1,3154.9,171,1,3155.0,2617,18,3155.1,128,5
2031,2026-06-16 14:16:14+05:30,3154.1,1,3133.41,2731759,141014.0,190641.0,3163.0,3163.0,3108.0,3134.3,31897400,3447.7,2820.9,3839.9,2896.0,3153.3,126,7,3153.2,35,3,3153.1,225,5,3153.0,414,8,3152.9,36,3,3154.1,1,1,3154.8,21,1,3154.9,171,1,3155.0,2617,18,3155.1,128,5
2031,2026-06-16 14:16:14+05:30,3155.0,89,3133.41,2732356,142080.0,188941.0,3163.0,3163.0,3108.0,3134.3,31897400,3447.7,2820.9,3839.9,2896.0,3153.9,6,1,3153.6,229,3,3153.5,38,3,3153.4,284,4,3153.3,413,8,3155.0,2012,12,3155.1,114,5,3155.2,400,2,3155.3,417,3,3155.4,84,2
2031,2026-06-16 14:16:15+05:30,3154.7,6,3133.41,2732356,142080.0,188941.0,3163.0,3163.0,3108.0,3134.3,31897400,3447.7,2820.9,3839.9,2896.0,3153.9,6,1,3153.6,229,3,3153.5,38,3,3153.4,284,4,3153.3,413,8,3155.0,2012,12,3155.1,114,5,3155.2,400,2,3155.3,417,3,3155.4,84,2
2031,2026-06-16 14:16:15+05:30,3154.5,1,3133.41,2732565,141447.0,190108.0,3163.0,3163.0,3108.0,3134.3,31897400,3447.7,2820.9,3839.9,2896.0,3154.5,2,2,3153.7,63,1,3153.6,262,4,3153.5,134,6,3153.4,23,1,3154.7,14,2,3154.8,11,1,3154.9,222,3,3155.0,2037,13,3155.1,119,4
2031,2026-06-16 14:16:16+05:30,3153.5,1,3133.41,2732565,141447.0,190108.0,3163.0,3163.0,3108.0,3134.3,31897400,3447.7,2820.9,3839.9,2896.0,3154.5,2,2,3153.7,63,1,3153.6,262,4,3153.5,134,6,3153.4,23,1,3154.7,14,2,3154.8,11,1,3154.9,222,3,3155.0,2037,13,3155.1,119,4
2031,2026-06-16 14:16:16+05:30,3153.5,2,3133.42,2733065,140079.0,191199.0,3163.0,3163.0,3108.0,3134.3,31897400,3447.7,2820.9,3839.9,2896.0,3153.5,54,5,3153.4,9,1,3153.3,157,6,3153.2,24,2,3153.1,40,3,3154.2,1,1,3154.5,302,2,3154.9,264,2,3155.0,2059,14,3155.1,132,7
2031,2026-06-16 14:16:17+05:30,3153.5,2,3133.42,2733065,140079.0,191199.0,3163.0,3163.0,3108.0,3134.3,31897400,3447.7,2820.9,3839.9,2896.0,3153.5,54,5,3153.4,9,1,3153.3,157,6,3153.2,24,2,3153.1,40,3,3154.2,1,1,3154.5,302,2,3154.9,264,2,3155.0,2059,14,3155.1,132,7
2031,2026-06-16 14:16:17+05:30,3154.5,62,3133.42,2733137,140102.0,190698.0,3163.0,3163.0,3108.0,3134.3,31897400,3447.7,2820.9,3839.9,2896.0,3153.6,10,1,3153.5,76,6,3153.4,188,4,3153.3,69,4,3153.2,235,4,3154.5,240,2,3154.8,3,1,3155.0,2059,14,3155.1,103,5,3155.2,421,3
2031,2026-06-16 14:16:18+05:30,3154.5,62,3133.42,2733137,140102.0,190698.0,3163.0,3163.0,3108.0,3134.3,31897400,3447.7,2820.9,3839.9,2896.0,3153.6,10,1,3153.5,76,6,3153.4,188,4,3153.3,69,4,3153.2,235,4,3154.5,240,2,3154.8,3,1,3155.0,2059,14,3155.1,103,5,3155.2,421,3
2031,2026-06-16 14:16:18+05:30,3154.5,22,3133.42,2733159,140403.0,190922.0,3163.0,3163.0,3108.0,3134.3,31897400,3447.7,2820.9,3839.9,2896.0,3153.6,66,5,3153.5,81,5,3153.4,32,3,3153.3,147,7,3153.2,35,3,3154.5,243,3,3154.8,5,1,3155.0,2034,13,3155.1,65,4,3155.2,421,3
2031,2026-06-16 14:16:19+05:30,3154.5,1,3133.42,2733159,140403.0,190922.0,3163.0,3163.0,3108.0,3134.3,31897400,3447.7,2820.9,3839.9,2896.0,3153.6,66,5,3153.5,81,5,3153.4,32,3,3153.3,147,7,3153.2,35,3,3154.5,243,3,3154.8,5,1,3155.0,2034,13,3155.1,65,4,3155.2,421,3
2031,2026-06-16 14:16:19+05:30,3154.5,1,3133.42,2733280,140205.0,191159.0,3163.0,3163.0,3108.0,3134.3,31897400,3447.7,2820.9,3839.9,2896.0,3153.6,18,2,3153.5,28,3,3153.4,9,1,3153.3,83,6,3153.2,39,3,3154.5,242,3,3154.8,19,2,3154.9,49,1,3155.0,2117,15,3155.1,59,3
2031,2026-06-16 14:16:21+05:30,3154.5,1,3133.42,2733280,140260.0,191359.0,3163.0,3163.0,3108.0,3134.3,31897400,3447.7,2820.9,3839.9,2896.0,3153.7,16,1,3153.6,1,1,3153.5,28,3,3153.4,22,2,3153.3,82,5,3154.5,355,5,3154.8,5,1,3154.9,49,1,3155.0,2177,16,3155.1,59,3
2031,2026-06-16 14:16:21+05:30,3154.5,14,3133.42,2733280,140260.0,191359.0,3163.0,3163.0,3108.0,3134.3,31897400,3447.7,2820.9,3839.9,2896.0,3153.7,16,1,3153.6,1,1,3153.5,28,3,3153.4,22,2,3153.3,82,5,3154.5,355,5,3154.8,5,1,3154.9,49,1,3155.0,2177,16,3155.1,59,3
2031,2026-06-16 14:16:22+05:30,3154.5,3,3133.42,2733301,141179.0,191187.0,3163.0,3163.0,3108.0,3134.3,31897400,3447.7,2820.9,3839.9,2896.0,3153.8,15,1,3153.6,33,2,3153.5,98,6,3153.4,200,4,3153.3,73,6,3154.5,372,5,3154.8,5,1,3154.9,49,1,3155.0,2094,14,3155.1,59,3
2031,2026-06-16 14:16:22+05:30,3154.5,3,3133.42,2733301,141179.0,191187.0,3163.0,3163.0,3108.0,3134.3,31897400,3447.7,2820.9,3839.9,2896.0,3153.8,15,1,3153.6,33,2,3153.5,98,6,3153.4,200,4,3153.3,73,6,3154.5,372,5,3154.8,5,1,3154.9,49,1,3155.0,2094,14,3155.1,59,3
2031,2026-06-16 14:16:23+05:30,3153.8,1,3133.42,2733302,141192.0,191229.0,3163.0,3163.0,3108.0,3134.3,31897400,3447.7,2820.9,3839.9,2896.0,3153.8,15,2,3153.6,46,3,3153.5,98,6,3153.4,187,3,3153.3,134,7,3154.5,377,6,3154.7,10,1,3154.8,5,1,3154.9,49,1,3155.0,2072,13
2031,2026-06-16 14:16:23+05:30,3153.8,1,3133.42,2733302,141192.0,191229.0,3163.0,3163.0,3108.0,3134.3,31897400,3447.7,2820.9,3839.9,2896.0,3153.8,15,2,3153.6,46,3,3153.5,98,6,3153.4,187,3,3153.3,134,7,3154.5,377,6,3154.7,10,1,3154.8,5,1,3154.9,49,1,3155.0,2072,13
2031,2026-06-16 14:16:24+05:30,3153.8,1,3133.42,2733302,140864.0,191218.0,3163.0,3163.0,3108.0,3134.3,31897400,3447.7,2820.9,3839.9,2896.0,3154.0,18,1,3153.8,1,1,3153.6,20,1,3153.5,98,6,3153.4,9,1,3154.5,377,6,3154.7,10,1,3154.8,5,1,3155.0,2128,14,3155.1,59,3
2031,2026-06-16 14:16:25+05:30,3152.7,200,3133.42,2734273,131439.0,192941.0,3163.0,3163.0,3108.0,3134.3,31897400,3447.7,2820.9,3839.9,2896.0,3152.3,26,3,3152.2,60,6,3152.1,45,3,3152.0,108,6,3151.9,283,5,3153.1,200,1,3153.5,200,1,3153.8,200,1,3154.0,400,2,3154.2,471,4
2031,2026-06-16 14:16:25+05:30,3154.0,200,3133.42,2734273,131439.0,192941.0,3163.0,3163.0,3108.0,3134.3,31897400,3447.7,2820.9,3839.9,2896.0,3152.3,26,3,3152.2,60,6,3152.1,45,3,3152.0,108,6,3151.9,283,5,3153.1,200,1,3153.5,200,1,3153.8,200,1,3154.0,400,2,3154.2,471,4
2031,2026-06-16 14:16:26+05:30,3153.1,25,3133.43,2735298,132843.0,191538.0,3163.0,3163.0,3108.0,3134.3,31897400,3447.7,2820.9,3839.9,2896.0,3153.0,105,6,3152.9,80,4,3152.8,28,3,3152.7,308,8,3152.6,63,5,3154.2,400,2,3154.5,186,6,3154.6,207,2,3154.7,282,4,3154.8,26,2
2031,2026-06-16 14:16:26+05:30,3153.1,25,3133.43,2735298,132843.0,191538.0,3163.0,3163.0,3108.0,3134.3,31897400,3447.7,2820.9,3839.9,2896.0,3153.0,105,6,3152.9,80,4,3152.8,28,3,3152.7,308,8,3152.6,63,5,3154.2,400,2,3154.5,186,6,3154.6,207,2,3154.7,282,4,3154.8,26,2
2031,2026-06-16 14:16:27+05:30,3154.0,5,3133.43,2735512,134101.0,191778.0,3163.0,3163.0,3108.0,3134.3,31897400,3447.7,2820.9,3839.9,2896.0,3153.0,257,9,3152.9,53,5,3152.8,239,5,3152.7,309,8,3152.6,68,6,3154.2,400,2,3154.5,372,7,3154.6,239,3,3154.7,55,3,3154.8,226,3
2031,2026-06-16 14:16:27+05:30,3153.0,19,3133.43,2735512,134101.0,191778.0,3163.0,3163.0,3108.0,3134.3,31897400,3447.7,2820.9,3839.9,2896.0,3153.0,257,9,3152.9,53,5,3152.8,239,5,3152.7,309,8,3152.6,68,6,3154.2,400,2,3154.5,372,7,3154.6,239,3,3154.7,55,3,3154.8,226,3
2031,2026-06-16 14:16:28+05:30,3153.0,19,3133.43,2735587,133620.0,191766.0,3163.0,3163.0,3108.0,3134.3,31897400,3447.7,2820.9,3839.9,2896.0,3153.0,230,9,3152.9,53,5,3152.8,60,4,3152.7,109,7,3152.6,268,7,3154.2,400,2,3154.5,372,7,3154.6,239,3,3154.7,55,3,3154.8,226,3
2031,2026-06-16 14:16:29+05:30,3153.0,19,3133.43,2735587,133620.0,191766.0,3163.0,3163.0,3108.0,3134.3,31897400,3447.7,2820.9,3839.9,2896.0,3153.0,230,9,3152.9,53,5,3152.8,60,4,3152.7,109,7,3152.6,268,7,3154.2,400,2,3154.5,372,7,3154.6,239,3,3154.7,55,3,3154.8,226,3
2031,2026-06-16 14:16:29+05:30,3154.2,184,3133.44,2735772,133958.0,191751.0,3163.0,3163.0,3108.0,3134.3,31897400,3447.7,2820.9,3839.9,2896.0,3153.1,34,3,3153.0,223,8,3152.9,41,3,3152.8,60,4,3152.7,309,8,3154.2,240,3,3154.5,186,6,3154.6,21,1,3154.7,196,2,3154.8,286,5
2031,2026-06-16 14:16:29+05:30,3154.2,184,3133.44,2735772,133958.0,191751.0,3163.0,3163.0,3108.0,3134.3,31897400,3447.7,2820.9,3839.9,2896.0,3153.1,34,3,3153.0,223,8,3152.9,41,3,3152.8,60,4,3152.7,309,8,3154.2,240,3,3154.5,186,6,3154.6,21,1,3154.7,196,2,3154.8,286,5
2031,2026-06-16 14:16:30+05:30,3154.2,1,3133.44,2735788,134280.0,192029.0,3163.0,3163.0,3108.0,3134.3,31897400,3447.7,2820.9,3839.9,2896.0,3153.3,6,1,3153.1,27,4,3153.0,223,8,3152.9,24,2,3152.8,60,4,3154.2,225,3,3154.5,186,6,3154.6,99,3,3154.7,196,2,3154.8,324,6
2031,2026-06-16 14:16:30+05:30,3154.2,1,3133.44,2735788,134280.0,192029.0,3163.0,3163.0,3108.0,3134.3,31897400,3447.7,2820.9,3839.9,2896.0,3153.3,6,1,3153.1,27,4,3153.0,223,8,3152.9,24,2,3152.8,60,4,3154.2,225,3,3154.5,186,6,3154.6,99,3,3154.7,196,2,3154.8,324,6
2031,2026-06-16 14:16:30+05:30,3154.2,1,3133.44,2735788,134280.0,192029.0,3163.0,3163.0,3108.0,3134.3,31897400,3447.7,2820.9,3839.9,2896.0,3153.3,6,1,3153.1,27,4,3153.0,223,8,3152.9,24,2,3152.8,60,4,3154.2,225,3,3154.5,186,6,3154.6,99,3,3154.7,196,2,3154.8,324,6
2031,2026-06-16 14:16:31+05:30,3154.0,373,3133.44,2735788,134280.0,192029.0,3163.0,3163.0,3108.0,3134.3,31897400,3447.7,2820.9,3839.9,2896.0,3153.3,6,1,3153.1,27,4,3153.0,223,8,3152.9,24,2,3152.8,60,4,3154.2,225,3,3154.5,186,6,3154.6,99,3,3154.7,196,2,3154.8,324,6
2031,2026-06-16 14:16:31+05:30,3154.0,373,3133.44,2736226,134384.0,191602.0,3163.0,3163.0,3108.0,3134.3,31897400,3447.7,2820.9,3839.9,2896.0,3153.3,95,2,3153.2,3,1,3153.1,66,4,3153.0,186,6,3152.9,15,1,3154.2,225,3,3154.5,165,6,3154.7,177,2,3154.8,292,5,3154.9,218,2
2031,2026-06-16 14:16:32+05:30,3154.0,373,3133.44,2736226,134587.0,191828.0,3163.0,3163.0,3108.0,3134.3,31897400,3447.7,2820.9,3839.9,2896.0,3154.0,2,1,3153.3,95,2,3153.2,45,2,3153.1,108,6,3153.0,427,10,3154.2,225,3,3154.5,148,5,3154.7,196,2,3154.8,303,5,3155.0,2245,16
2031,2026-06-16 14:16:33+05:30,3154.0,373,3133.44,2736226,134587.0,191828.0,3163.0,3163.0,3108.0,3134.3,31897400,3447.7,2820.9,3839.9,2896.0,3154.0,2,1,3153.3,95,2,3153.2,45,2,3153.1,108,6,3153.0,427,10,3154.2,225,3,3154.5,148,5,3154.7,196,2,3154.8,303,5,3155.0,2245,16
2031,2026-06-16 14:16:33+05:30,3154.0,373,3133.44,2736226,134570.0,191671.0,3163.0,3163.0,3108.0,3134.3,31897400,3447.7,2820.9,3839.9,2896.0,3154.0,2,1,3153.3,95,2,3153.2,45,2,3153.1,108,6,3153.0,240,10,3154.2,225,3,3154.5,148,5,3154.7,196,2,3154.8,303,5,3155.0,2265,17
2031,2026-06-16 14:16:34+05:30,3154.2,31,3133.44,2736462,133802.0,192450.0,3163.0,3163.0,3108.0,3134.3,31897400,3447.7,2820.9,3839.9,2896.0,3153.3,3,1,3153.1,2,2,3153.0,106,4,3152.9,57,2,3152.8,92,2,3154.2,429,6,3154.3,218,2,3154.4,38,1,3154.5,402,7,3154.6,400,2
2031,2026-06-16 14:16:34+05:30,3154.2,31,3133.44,2736462,133802.0,192450.0,3163.0,3163.0,3108.0,3134.3,31897400,3447.7,2820.9,3839.9,2896.0,3153.3,3,1,3153.1,2,2,3153.0,106,4,3152.9,57,2,3152.8,92,2,3154.2,429,6,3154.3,218,2,3154.4,38,1,3154.5,402,7,3154.6,400,2
2031,2026-06-16 14:16:35+05:30,3154.2,1,3133.44,2736465,134247.0,192121.0,3163.0,3163.0,3108.0,3134.3,31897400,3447.7,2820.9,3839.9,2896.0,3153.6,14,1,3153.3,46,2,3153.1,14,3,3153.0,158,6,3152.9,94,4,3154.0,165,1,3154.1,30,1,3154.2,261,5,3154.3,218,2,3154.5,311,5
2031,2026-06-16 14:16:35+05:30,3154.0,165,3133.44,2736465,134247.0,192121.0,3163.0,3163.0,3108.0,3134.3,31897400,3447.7,2820.9,3839.9,2896.0,3153.6,14,1,3153.3,46,2,3153.1,14,3,3153.0,158,6,3152.9,94,4,3154.0,165,1,3154.1,30,1,3154.2,261,5,3154.3,218,2,3154.5,311,5
2031,2026-06-16 14:16:35+05:30,3154.0,165,3133.44,2736465,134247.0,192121.0,3163.0,3163.0,3108.0,3134.3,31897400,3447.7,2820.9,3839.9,2896.0,3153.6,14,1,3153.3,46,2,3153.1,14,3,3153.0,158,6,3152.9,94,4,3154.0,165,1,3154.1,30,1,3154.2,261,5,3154.3,218,2,3154.5,311,5
2031,2026-06-16 14:16:36+05:30,3154.0,16,3133.44,2736693,133880.0,191953.0,3163.0,3163.0,3108.0,3134.3,31897400,3447.7,2820.9,3839.9,2896.0,3153.7,16,1,3153.6,2,2,3153.4,9,1,3153.3,62,3,3153.1,14,3,3154.1,30,1,3154.2,236,4,3154.3,218,2,3154.5,311,5,3154.6,400,2
2031,2026-06-16 14:16:36+05:30,3154.0,16,3133.44,2736693,133880.0,191953.0,3163.0,3163.0,3108.0,3134.3,31897400,3447.7,2820.9,3839.9,2896.0,3153.7,16,1,3153.6,2,2,3153.4,9,1,3153.3,62,3,3153.1,14,3,3154.1,30,1,3154.2,236,4,3154.3,218,2,3154.5,311,5,3154.6,400,2
2031,2026-06-16 14:16:37+05:30,3154.1,5,3133.44,2736709,134946.0,191634.0,3163.0,3163.0,3108.0,3134.3,31897400,3447.7,2820.9,3839.9,2896.0,3153.8,16,1,3153.7,46,2,3153.6,2,2,3153.4,9,1,3153.3,46,2,3154.1,25,1,3154.2,236,4,3154.3,218,2,3154.5,311,5,3154.6,400,2
2031,2026-06-16 14:16:37+05:30,3154.1,5,3133.44,2736709,134946.0,191634.0,3163.0,3163.0,3108.0,3134.3,31897400,3447.7,2820.9,3839.9,2896.0,3153.8,16,1,3153.7,46,2,3153.6,2,2,3153.4,9,1,3153.3,46,2,3154.1,25,1,3154.2,236,4,3154.3,218,2,3154.5,311,5,3154.6,400,2
2031,2026-06-16 14:16:37+05:30,3154.1,5,3133.44,2736709,134946.0,191634.0,3163.0,3163.0,3108.0,3134.3,31897400,3447.7,2820.9,3839.9,2896.0,3153.8,16,1,3153.7,46,2,3153.6,2,2,3153.4,9,1,3153.3,46,2,3154.1,25,1,3154.2,236,4,3154.3,218,2,3154.5,311,5,3154.6,400,2
2031,2026-06-16 14:16:38+05:30,3154.1,16,3133.44,2736750,134830.0,191760.0,3163.0,3163.0,3108.0,3134.3,31897400,3447.7,2820.9,3839.9,2896.0,3154.0,17,1,3153.8,47,2,3153.7,46,2,3153.6,2,2,3153.4,3,1,3154.1,79,3,3154.2,254,5,3154.3,218,2,3154.5,311,5,3154.6,400,2
2031,2026-06-16 14:16:38+05:30,3154.1,16,3133.44,2736750,134830.0,191760.0,3163.0,3163.0,3108.0,3134.3,31897400,3447.7,2820.9,3839.9,2896.0,3154.0,17,1,3153.8,47,2,3153.7,46,2,3153.6,2,2,3153.4,3,1,3154.1,79,3,3154.2,254,5,3154.3,218,2,3154.5,311,5,3154.6,400,2
2031,2026-06-16 14:16:39+05:30,3154.1,16,3133.44,2736750,134830.0,191760.0,3163.0,3163.0,3108.0,3134.3,31897400,3447.7,2820.9,3839.9,2896.0,3154.0,17,1,3153.8,47,2,3153.7,46,2,3153.6,2,2,3153.4,3,1,3154.1,79,3,3154.2,254,5,3154.3,218,2,3154.5,311,5,3154.6,400,2
2031,2026-06-16 14:16:39+05:30,3154.1,16,3133.44,2736847,134973.0,191504.0,3163.0,3163.0,3108.0,3134.3,31897400,3447.7,2820.9,3839.9,2896.0,3154.0,3,1,3153.8,63,3,3153.7,46,2,3153.6,2,2,3153.4,3,1,3154.1,1,1,3154.2,253,4,3154.3,218,2,3154.5,311,5,3154.6,518,5
2031,2026-06-16 14:16:39+05:30,3154.1,16,3133.44,2736847,134973.0,191504.0,3163.0,3163.0,3108.0,3134.3,31897400,3447.7,2820.9,3839.9,2896.0,3154.0,3,1,3153.8,63,3,3153.7,46,2,3153.6,2,2,3153.4,3,1,3154.1,1,1,3154.2,253,4,3154.3,218,2,3154.5,311,5,3154.6,518,5
2031,2026-06-16 14:16:40+05:30,3154.0,24,3133.45,2737083,134975.0,191129.0,3163.0,3163.0,3108.0,3134.3,31897400,3447.7,2820.9,3839.9,2896.0,3154.0,3,1,3153.8,47,2,3153.7,46,2,3153.6,2,2,3153.4,3,1,3154.2,18,1,3154.3,218,2,3154.5,311,5,3154.6,450,3,3154.7,10,1
2031,2026-06-16 14:16:40+05:30,3154.2,1,3133.45,2737083,134975.0,191129.0,3163.0,3163.0,3108.0,3134.3,31897400,3447.7,2820.9,3839.9,2896.0,3154.0,3,1,3153.8,47,2,3153.7,46,2,3153.6,2,2,3153.4,3,1,3154.2,18,1,3154.3,218,2,3154.5,311,5,3154.6,450,3,3154.7,10,1
2031,2026-06-16 14:16:40+05:30,3154.2,1,3133.45,2737083,134975.0,191129.0,3163.0,3163.0,3108.0,3134.3,31897400,3447.7,2820.9,3839.9,2896.0,3154.0,3,1,3153.8,47,2,3153.7,46,2,3153.6,2,2,3153.4,3,1,3154.2,18,1,3154.3,218,2,3154.5,311,5,3154.6,450,3,3154.7,10,1
2031,2026-06-16 14:16:41+05:30,3154.0,63,3133.45,2737083,134975.0,191129.0,3163.0,3163.0,3108.0,3134.3,31897400,3447.7,2820.9,3839.9,2896.0,3154.0,3,1,3153.8,47,2,3153.7,46,2,3153.6,2,2,3153.4,3,1,3154.2,18,1,3154.3,218,2,3154.5,311,5,3154.6,450,3,3154.7,10,1
2031,2026-06-16 14:16:41+05:30,3154.0,63,3133.45,2737152,134825.0,191098.0,3163.0,3163.0,3108.0,3134.3,31897400,3447.7,2820.9,3839.9,2896.0,3154.0,2,1,3153.8,47,2,3153.7,46,2,3153.6,17,3,3153.4,3,1,3154.2,16,1,3154.3,218,2,3154.5,311,5,3154.6,450,3,3154.7,91,3
2031,2026-06-16 14:16:41+05:30,3154.0,63,3133.45,2737152,134825.0,191098.0,3163.0,3163.0,3108.0,3134.3,31897400,3447.7,2820.9,3839.9,2896.0,3154.0,2,1,3153.8,47,2,3153.7,46,2,3153.6,17,3,3153.4,3,1,3154.2,16,1,3154.3,218,2,3154.5,311,5,3154.6,450,3,3154.7,91,3
2031,2026-06-16 14:16:42+05:30,3154.0,63,3133.45,2737152,134825.0,191098.0,3163.0,3163.0,3108.0,3134.3,31897400,3447.7,2820.9,3839.9,2896.0,3154.0,2,1,3153.8,47,2,3153.7,46,2,3153.6,17,3,3153.4,3,1,3154.2,16,1,3154.3,218,2,3154.5,311,5,3154.6,450,3,3154.7,91,3
2031,2026-06-16 14:16:42+05:30,3154.0,18,3133.45,2737265,134684.0,191286.0,3163.0,3163.0,3108.0,3134.3,31897400,3447.7,2820.9,3839.9,2896.0,3154.0,20,2,3153.7,4,2,3153.6,2,2,3153.4,3,1,3153.2,3,1,3154.2,26,2,3154.3,218,2,3154.5,311,5,3154.6,400,2,3154.7,48,2
2031,2026-06-16 14:16:42+05:30,3154.0,18,3133.45,2737265,134684.0,191286.0,3163.0,3163.0,3108.0,3134.3,31897400,3447.7,2820.9,3839.9,2896.0,3154.0,20,2,3153.7,4,2,3153.6,2,2,3153.4,3,1,3153.2,3,1,3154.2,26,2,3154.3,218,2,3154.5,311,5,3154.6,400,2,3154.7,48,2
2031,2026-06-16 14:16:42+05:30,3154.0,18,3133.45,2737265,134684.0,191286.0,3163.0,3163.0,3108.0,3134.3,31897400,3447.7,2820.9,3839.9,2896.0,3154.0,20,2,3153.7,4,2,3153.6,2,2,3153.4,3,1,3153.2,3,1,3154.2,26,2,3154.3,218,2,3154.5,311,5,3154.6,400,2,3154.7,48,2
2031,2026-06-16 14:16:43+05:30,3154.0,18,3133.45,2737265,134684.0,191286.0,3163.0,3163.0,3108.0,3134.3,31897400,3447.7,2820.9,3839.9,2896.0,3154.0,20,2,3153.7,4,2,3153.6,2,2,3153.4,3,1,3153.2,3,1,3154.2,26,2,3154.3,218,2,3154.5,311,5,3154.6,400,2,3154.7,48,2
2031,2026-06-16 14:16:43+05:30,3154.3,1,3133.45,2737309,134964.0,191372.0,3163.0,3163.0,3108.0,3134.3,31897400,3447.7,2820.9,3839.9,2896.0,3154.0,20,2,3153.7,4,2,3153.6,2,2,3153.4,3,1,3153.3,15,1,3154.3,219,3,3154.5,352,7,3154.6,404,3,3154.7,10,1,3154.8,174,5
2031,2026-06-16 14:16:43+05:30,3154.3,33,3133.45,2737309,134964.0,191372.0,3163.0,3163.0,3108.0,3134.3,31897400,3447.7,2820.9,3839.9,2896.0,3154.0,20,2,3153.7,4,2,3153.6,2,2,3153.4,3,1,3153.3,15,1,3154.3,219,3,3154.5,352,7,3154.6,404,3,3154.7,10,1,3154.8,174,5
2031,2026-06-16 14:16:43+05:30,3154.3,33,3133.45,2737309,134964.0,191372.0,3163.0,3163.0,3108.0,3134.3,31897400,3447.7,2820.9,3839.9,2896.0,3154.0,20,2,3153.7,4,2,3153.6,2,2,3153.4,3,1,3153.3,15,1,3154.3,219,3,3154.5,352,7,3154.6,404,3,3154.7,10,1,3154.8,174,5
2031,2026-06-16 14:16:44+05:30,3154.0,5,3133.45,2737364,134969.0,191731.0,3163.0,3163.0,3108.0,3134.3,31897400,3447.7,2820.9,3839.9,2896.0,3154.0,15,2,3153.7,4,2,3153.6,2,2,3153.4,3,1,3153.2,165,1,3154.3,383,4,3154.5,314,6,3154.6,404,3,3154.7,10,1,3154.8,178,4
2031,2026-06-16 14:16:44+05:30,3154.0,5,3133.45,2737364,134969.0,191731.0,3163.0,3163.0,3108.0,3134.3,31897400,3447.7,2820.9,3839.9,2896.0,3154.0,15,2,3153.7,4,2,3153.6,2,2,3153.4,3,1,3153.2,165,1,3154.3,383,4,3154.5,314,6,3154.6,404,3,3154.7,10,1,3154.8,178,4
2031,2026-06-16 14:16:44+05:30,3154.0,5,3133.45,2737364,134969.0,191731.0,3163.0,3163.0,3108.0,3134.3,31897400,3447.7,2820.9,3839.9,2896.0,3154.0,15,2,3153.7,4,2,3153.6,2,2,3153.4,3,1,3153.2,165,1,3154.3,383,4,3154.5,314,6,3154.6,404,3,3154.7,10,1,3154.8,178,4
2031,2026-06-16 14:16:45+05:30,3154.3,12,3133.45,2737364,134969.0,191731.0,3163.0,3163.0,3108.0,3134.3,31897400,3447.7,2820.9,3839.9,2896.0,3154.0,15,2,3153.7,4,2,3153.6,2,2,3153.4,3,1,3153.2,165,1,3154.3,383,4,3154.5,314,6,3154.6,404,3,3154.7,10,1,3154.8,178,4
2031,2026-06-16 14:16:45+05:30,3154.3,12,3133.45,2737376,135022.0,191576.0,3163.0,3163.0,3108.0,3134.3,31897400,3447.7,2820.9,3839.9,2896.0,3154.0,14,2,3153.7,4,2,3153.6,10,3,3153.5,18,2,3153.4,3,1,3154.3,371,4,3154.5,314,6,3154.6,451,4,3154.7,10,1,3154.8,82,2
2031,2026-06-16 14:16:45+05:30,3154.3,12,3133.45,2737376,135022.0,191576.0,3163.0,3163.0,3108.0,3134.3,31897400,3447.7,2820.9,3839.9,2896.0,3154.0,14,2,3153.7,4,2,3153.6,10,3,3153.5,18,2,3153.4,3,1,3154.3,371,4,3154.5,314,6,3154.6,451,4,3154.7,10,1,3154.8,82,2
2031,2026-06-16 14:16:46+05:30,3154.2,1,3133.45,2737376,135022.0,191576.0,3163.0,3163.0,3108.0,3134.3,31897400,3447.7,2820.9,3839.9,2896.0,3154.0,14,2,3153.7,4,2,3153.6,10,3,3153.5,18,2,3153.4,3,1,3154.3,371,4,3154.5,314,6,3154.6,451,4,3154.7,10,1,3154.8,82,2
2031,2026-06-16 14:16:46+05:30,3154.2,1,3133.45,2737376,135022.0,191576.0,3163.0,3163.0,3108.0,3134.3,31897400,3447.7,2820.9,3839.9,2896.0,3154.0,14,2,3153.7,4,2,3153.6,10,3,3153.5,18,2,3153.4,3,1,3154.3,371,4,3154.5,314,6,3154.6,451,4,3154.7,10,1,3154.8,82,2
2031,2026-06-16 14:16:46+05:30,3154.2,5,3133.45,2737415,135137.0,191235.0,3163.0,3163.0,3108.0,3134.3,31897400,3447.7,2820.9,3839.9,2896.0,3154.2,13,1,3154.0,1,1,3153.7,4,2,3153.6,10,3,3153.5,9,1,3154.3,342,4,3154.5,314,6,3154.6,424,4,3154.7,10,1,3154.8,30,1
2031,2026-06-16 14:16:47+05:30,3154.2,5,3133.45,2737415,135137.0,191235.0,3163.0,3163.0,3108.0,3134.3,31897400,3447.7,2820.9,3839.9,2896.0,3154.2,13,1,3154.0,1,1,3153.7,4,2,3153.6,10,3,3153.5,9,1,3154.3,342,4,3154.5,314,6,3154.6,424,4,3154.7,10,1,3154.8,30,1
2031,2026-06-16 14:16:47+05:30,3153.9,6,3133.45,2737415,135137.0,191235.0,3163.0,3163.0,3108.0,3134.3,31897400,3447.7,2820.9,3839.9,2896.0,3154.2,13,1,3154.0,1,1,3153.7,4,2,3153.6,10,3,3153.5,9,1,3154.3,342,4,3154.5,314,6,3154.6,424,4,3154.7,10,1,3154.8,30,1
2031,2026-06-16 14:16:47+05:30,3154.0,38,3133.45,2737764,133873.0,192353.0,3163.0,3163.0,3108.0,3134.3,31897400,3447.7,2820.9,3839.9,2896.0,3153.1,17,1,3153.0,17,3,3152.9,10,1,3152.8,185,2,3152.7,36,4,3154.2,424,3,3154.3,391,5,3154.5,314,6,3154.6,505,6,3154.7,10,1
2031,2026-06-16 14:16:47+05:30,3154.0,38,3133.45,2737764,133873.0,192353.0,3163.0,3163.0,3108.0,3134.3,31897400,3447.7,2820.9,3839.9,2896.0,3153.1,17,1,3153.0,17,3,3152.9,10,1,3152.8,185,2,3152.7,36,4,3154.2,424,3,3154.3,391,5,3154.5,314,6,3154.6,505,6,3154.7,10,1
2031,2026-06-16 14:16:48+05:30,3154.0,1,3133.45,2737764,133873.0,192353.0,3163.0,3163.0,3108.0,3134.3,31897400,3447.7,2820.9,3839.9,2896.0,3153.1,17,1,3153.0,17,3,3152.9,10,1,3152.8,185,2,3152.7,36,4,3154.2,424,3,3154.3,391,5,3154.5,314,6,3154.6,505,6,3154.7,10,1
2031,2026-06-16 14:16:48+05:30,3154.0,1,3133.45,2737766,134300.0,191690.0,3163.0,3163.0,3108.0,3134.3,31897400,3447.7,2820.9,3839.9,2896.0,3153.1,207,4,3153.0,61,6,3152.9,143,4,3152.8,69,4,3152.7,258,6,3154.2,414,3,3154.3,328,3,3154.5,314,6,3154.6,446,4,3154.7,10,1
2031,2026-06-16 14:16:48+05:30,3154.0,1,3133.45,2737766,134300.0,191690.0,3163.0,3163.0,3108.0,3134.3,31894600,3447.7,2820.9,3839.9,2896.0,3153.1,207,4,3153.0,61,6,3152.9,143,4,3152.8,69,4,3152.7,258,6,3154.2,414,3,3154.3,328,3,3154.5,314,6,3154.6,446,4,3154.7,10,1
2031,2026-06-16 14:16:49+05:30,3154.2,37,3133.45,2737766,134300.0,191690.0,3163.0,3163.0,3108.0,3134.3,31894600,3447.7,2820.9,3839.9,2896.0,3153.1,207,4,3153.0,61,6,3152.9,143,4,3152.8,69,4,3152.7,258,6,3154.2,414,3,3154.3,328,3,3154.5,314,6,3154.6,446,4,3154.7,10,1
2031,2026-06-16 14:16:49+05:30,3154.2,37,3133.45,2737803,134371.0,191686.0,3163.0,3163.0,3108.0,3134.3,31894600,3447.7,2820.9,3839.9,2896.0,3153.2,38,4,3153.1,205,4,3153.0,138,9,3152.9,84,2,3152.8,69,4,3154.2,377,3,3154.3,328,3,3154.5,314,6,3154.6,446,4,3154.7,10,1
2031,2026-06-16 14:16:50+05:30,3154.2,37,3133.45,2737803,134217.0,191884.0,3163.0,3163.0,3108.0,3134.3,31894600,3447.7,2820.9,3839.9,2896.0,3153.2,10,1,3153.1,18,2,3153.0,49,5,3152.9,193,2,3152.8,70,3,3154.2,377,3,3154.3,328,3,3154.5,314,6,3154.6,446,4,3154.7,48,2
2031,2026-06-16 14:16:51+05:30,3154.2,1,3133.45,2737803,134217.0,191884.0,3163.0,3163.0,3108.0,3134.3,31894600,3447.7,2820.9,3839.9,2896.0,3153.2,10,1,3153.1,18,2,3153.0,49,5,3152.9,193,2,3152.8,70,3,3154.2,377,3,3154.3,328,3,3154.5,314,6,3154.6,446,4,3154.7,48,2
2031,2026-06-16 14:16:51+05:30,3154.2,11,3133.45,2737815,134595.0,191875.0,3163.0,3163.0,3108.0,3134.3,31894600,3447.7,2820.9,3839.9,2896.0,3153.2,10,1,3153.1,204,3,3153.0,399,6,3152.9,66,5,3152.8,70,3,3154.2,365,3,3154.3,328,3,3154.5,314,6,3154.6,446,4,3154.7,48,2
2031,2026-06-16 14:16:52+05:30,3154.2,5,3133.45,2737815,134595.0,191875.0,3163.0,3163.0,3108.0,3134.3,31894600,3447.7,2820.9,3839.9,2896.0,3153.2,10,1,3153.1,204,3,3153.0,399,6,3152.9,66,5,3152.8,70,3,3154.2,365,3,3154.3,328,3,3154.5,314,6,3154.6,446,4,3154.7,48,2
2031,2026-06-16 14:16:52+05:30,3154.2,5,3133.45,2737820,134414.0,191953.0,3163.0,3163.0,3108.0,3134.3,31894600,3447.7,2820.9,3839.9,2896.0,3153.3,17,1,3153.2,19,2,3153.1,17,1,3153.0,379,4,3152.9,34,2,3154.2,360,3,3154.3,328,3,3154.4,49,1,3154.5,314,6,3154.6,446,4
2031,2026-06-16 14:16:53+05:30,3154.2,5,3133.45,2737820,134664.0,191856.0,3163.0,3163.0,3108.0,3134.3,31894600,3447.7,2820.9,3839.9,2896.0,3153.3,17,1,3153.0,379,4,3152.9,34,2,3152.8,70,3,3152.7,73,3,3154.1,326,2,3154.2,360,3,3154.3,202,2,3154.4,487,4,3154.5,114,5
2031,2026-06-16 14:16:54+05:30,3154.1,1,3133.45,2737821,134462.0,192011.0,3163.0,3163.0,3108.0,3134.3,31894600,3447.7,2820.9,3839.9,2896.0,3153.3,17,1,3153.0,355,3,3152.9,21,1,3152.8,28,2,3152.7,73,3,3154.1,447,5,3154.2,347,3,3154.3,244,3,3154.4,532,5,3154.5,114,5
2031,2026-06-16 14:16:55+05:30,3154.1,1,3133.45,2737821,134462.0,192011.0,3163.0,3163.0,3108.0,3134.3,31894600,3447.7,2820.9,3839.9,2896.0,3153.3,17,1,3153.0,355,3,3152.9,21,1,3152.8,28,2,3152.7,73,3,3154.1,447,5,3154.2,347,3,3154.3,244,3,3154.4,532,5,3154.5,114,5
2031,2026-06-16 14:16:55+05:30,3154.1,1,3133.45,2737822,137193.0,191899.0,3163.0,3163.0,3108.0,3134.3,31894600,3447.7,2820.9,3839.9,2896.0,3153.3,17,1,3153.0,355,3,3152.9,21,1,3152.8,28,2,3152.7,73,3,3154.1,408,4,3154.2,347,3,3154.3,244,3,3154.4,532,5,3154.5,114,5
2031,2026-06-16 14:16:56+05:30,3154.1,1,3133.45,2737822,137193.0,191899.0,3163.0,3163.0,3108.0,3134.3,31894600,3447.7,2820.9,3839.9,2896.0,3153.3,17,1,3153.0,355,3,3152.9,21,1,3152.8,28,2,3152.7,73,3,3154.1,408,4,3154.2,347,3,3154.3,244,3,3154.4,532,5,3154.5,114,5
2031,2026-06-16 14:16:56+05:30,3153.6,4,3133.45,2737832,137385.0,191781.0,3163.0,3163.0,3108.0,3134.3,31894600,3447.7,2820.9,3839.9,2896.0,3153.5,16,1,3153.0,358,4,3152.9,237,3,3152.8,96,5,3152.7,73,3,3154.1,352,3,3154.2,347,3,3154.3,202,2,3154.4,486,5,3154.5,114,5
2031,2026-06-16 14:16:57+05:30,3153.8,16,3133.45,2737832,137385.0,191781.0,3163.0,3163.0,3108.0,3134.3,31894600,3447.7,2820.9,3839.9,2896.0,3153.5,16,1,3153.0,358,4,3152.9,237,3,3152.8,96,5,3152.7,73,3,3154.1,352,3,3154.2,347,3,3154.3,202,2,3154.4,486,5,3154.5,114,5
2031,2026-06-16 14:16:57+05:30,3153.8,2,3133.45,2738236,137773.0,191565.0,3163.0,3163.0,3108.0,3134.3,31894600,3447.7,2820.9,3839.9,2896.0,3153.5,16,1,3153.0,358,4,3152.9,51,3,3152.8,121,4,3152.7,86,4,3154.1,352,3,3154.2,1,1,3154.3,202,2,3154.4,447,4,3154.5,114,5
2031,2026-06-16 14:16:58+05:30,3153.5,5,3133.45,2738236,137773.0,191565.0,3163.0,3163.0,3108.0,3134.3,31894600,3447.7,2820.9,3839.9,2896.0,3153.5,16,1,3153.0,358,4,3152.9,51,3,3152.8,121,4,3152.7,86,4,3154.1,352,3,3154.2,1,1,3154.3,202,2,3154.4,447,4,3154.5,114,5
2031,2026-06-16 14:16:58+05:30,3153.5,5,3133.45,2738241,137484.0,191970.0,3163.0,3163.0,3108.0,3134.3,31894600,3447.7,2820.9,3839.9,2896.0,3153.6,17,1,3153.0,372,5,3152.9,47,3,3152.8,66,2,3152.7,84,3,3153.7,45,1,3153.8,32,1,3153.9,32,1,3154.0,32,1,3154.1,352,3
2031,2026-06-16 14:16:59+05:30,3154.1,43,3133.45,2738241,137484.0,191970.0,3163.0,3163.0,3108.0,3134.3,31894600,3447.7,2820.9,3839.9,2896.0,3153.6,17,1,3153.0,372,5,3152.9,47,3,3152.8,66,2,3152.7,84,3,3153.7,45,1,3153.8,32,1,3153.9,32,1,3154.0,32,1,3154.1,352,3
2031,2026-06-16 14:16:59+05:30,3153.7,18,3133.46,2738474,137526.0,191967.0,3163.0,3163.0,3108.0,3134.3,31894600,3447.7,2820.9,3839.9,2896.0,3153.7,16,1,3153.6,1,1,3153.1,1,1,3153.0,372,5,3152.9,67,4,3153.8,39,1,3154.1,280,2,3154.2,101,2,3154.3,351,6,3154.4,502,5
2031,2026-06-16 14:17:00+05:30,3153.8,4,3133.46,2738474,137526.0,191967.0,3163.0,3163.0,3108.0,3134.3,31894600,3447.7,2820.9,3839.9,2896.0,3153.7,16,1,3153.6,1,1,3153.1,1,1,3153.0,372,5,3152.9,67,4,3153.8,39,1,3154.1,280,2,3154.2,101,2,3154.3,351,6,3154.4,502,5
2031,2026-06-16 14:17:00+05:30,3153.7,1,3133.46,2738659,137565.0,192040.0,3163.0,3163.0,3108.0,3134.3,31894600,3447.7,2820.9,3839.9,2896.0,3153.7,23,3,3153.6,1,1,3153.1,1,1,3153.0,372,5,3152.9,47,3,3153.9,32,1,3154.0,32,1,3154.1,323,3,3154.2,133,3,3154.3,326,5
2031,2026-06-16 14:17:01+05:30,3153.8,39,3133.46,2738659,137565.0,192040.0,3163.0,3163.0,3108.0,3134.3,31894600,3447.7,2820.9,3839.9,2896.0,3153.7,23,3,3153.6,1,1,3153.1,1,1,3153.0,372,5,3152.9,47,3,3153.9,32,1,3154.0,32,1,3154.1,323,3,3154.2,133,3,3154.3,326,5
2031,2026-06-16 14:17:01+05:30,3154.1,1,3133.46,2738823,137704.0,191791.0,3163.0,3163.0,3108.0,3134.3,31894600,3447.7,2820.9,3839.9,2896.0,3153.7,73,4,3153.6,1,1,3153.1,1,1,3153.0,372,5,3152.9,86,4,3154.2,101,2,3154.3,353,5,3154.5,327,7,3154.6,446,4,3154.7,16,2
2031,2026-06-16 14:17:02+05:30,3153.7,50,3133.46,2738823,137704.0,191791.0,3163.0,3163.0,3108.0,3134.3,31894600,3447.7,2820.9,3839.9,2896.0,3153.7,73,4,3153.6,1,1,3153.1,1,1,3153.0,372,5,3152.9,86,4,3154.2,101,2,3154.3,353,5,3154.5,327,7,3154.6,446,4,3154.7,16,2
2031,2026-06-16 14:17:02+05:30,3153.8,5,3133.46,2739131,137153.0,192315.0,3163.0,3163.0,3108.0,3134.3,31894600,3447.7,2820.9,3839.9,2896.0,3153.7,7,2,3153.6,1,1,3153.1,1,1,3153.0,372,5,3152.9,16,1,3153.9,41,1,3154.0,135,3,3154.1,15,1,3154.2,210,5,3154.3,321,4
2031,2026-06-16 14:17:03+05:30,3154.0,15,3133.46,2739131,137153.0,192315.0,3163.0,3163.0,3108.0,3134.3,31894600,3447.7,2820.9,3839.9,2896.0,3153.7,7,2,3153.6,1,1,3153.1,1,1,3153.0,372,5,3152.9,16,1,3153.9,41,1,3154.0,135,3,3154.1,15,1,3154.2,210,5,3154.3,321,4
2031,2026-06-16 14:17:03+05:30,3153.5,28,3133.46,2739445,137141.0,192344.0,3163.0,3163.0,3108.0,3134.3,31894600,3447.7,2820.9,3839.9,2896.0,3153.1,16,1,3153.0,371,5,3152.9,24,2,3152.8,9,2,3152.7,77,5,3153.5,17,1,3153.8,32,1,3154.0,32,1,3154.1,71,2,3154.2,140,3
2031,2026-06-16 14:17:04+05:30,3154.2,23,3133.46,2739445,137141.0,192344.0,3163.0,3163.0,3108.0,3134.3,31894600,3447.7,2820.9,3839.9,2896.0,3153.1,16,1,3153.0,371,5,3152.9,24,2,3152.8,9,2,3152.7,77,5,3153.5,17,1,3153.8,32,1,3154.0,32,1,3154.1,71,2,3154.2,140,3
2031,2026-06-16 14:17:04+05:30,3153.7,3,3133.46,2739579,137205.0,191635.0,3163.0,3163.0,3108.0,3134.3,31894600,3447.7,2820.9,3839.9,2896.0,3153.1,60,4,3153.0,501,9,3152.9,38,4,3152.8,21,2,3152.7,87,6,3153.7,29,1,3154.2,395,4,3154.3,42,2,3154.4,220,2,3154.5,527,8
2031,2026-06-16 14:17:05+05:30,3153.7,29,3133.46,2739579,137205.0,191635.0,3163.0,3163.0,3108.0,3134.3,31894600,3447.7,2820.9,3839.9,2896.0,3153.1,60,4,3153.0,501,9,3152.9,38,4,3152.8,21,2,3152.7,87,6,3153.7,29,1,3154.2,395,4,3154.3,42,2,3154.4,220,2,3154.5,527,8
2031,2026-06-16 14:17:05+05:30,3153.6,7,3133.46,2739615,137232.0,192315.0,3163.0,3163.0,3108.0,3134.3,31894600,3447.7,2820.9,3839.9,2896.0,3153.1,60,4,3153.0,464,8,3152.9,37,3,3152.8,45,2,3152.7,88,7,3153.6,6,1,3153.8,32,1,3153.9,32,1,3154.0,350,1,3154.1,32,1
2031,2026-06-16 14:17:06+05:30,3154.2,9,3133.46,2739615,137232.0,192315.0,3163.0,3163.0,3108.0,3134.3,31894600,3447.7,2820.9,3839.9,2896.0,3153.1,60,4,3153.0,464,8,3152.9,37,3,3152.8,45,2,3152.7,88,7,3153.6,6,1,3153.8,32,1,3153.9,32,1,3154.0,350,1,3154.1,32,1
2031,2026-06-16 14:17:06+05:30,3153.7,1,3133.47,2740081,137765.0,190954.0,3163.0,3163.0,3108.0,3134.3,31894600,3447.7,2820.9,3839.9,2896.0,3153.3,63,3,3153.2,4,1,3153.1,58,2,3153.0,603,10,3152.9,13,1,3153.7,35,2,3154.2,386,4,3154.3,42,2,3154.4,200,1,3154.5,527,8
2031,2026-06-16 14:17:07+05:30,3154.2,1,3133.47,2740081,137765.0,190954.0,3163.0,3163.0,3108.0,3134.3,31894600,3447.7,2820.9,3839.9,2896.0,3153.3,63,3,3153.2,4,1,3153.1,58,2,3153.0,603,10,3152.9,13,1,3153.7,35,2,3154.2,386,4,3154.3,42,2,3154.4,200,1,3154.5,527,8
2031,2026-06-16 14:17:07+05:30,3153.7,1,3133.47,2740134,137662.0,192318.0,3163.0,3163.0,3108.0,3134.3,31894600,3447.7,2820.9,3839.9,2896.0,3153.3,18,1,3153.1,58,2,3153.0,505,6,3152.7,50,5,3152.6,85,4,3153.7,102,4,3153.8,32,1,3153.9,70,2,3154.0,34,3,3154.1,279,2
2031,2026-06-16 14:17:08+05:30,3154.0,1,3133.47,2740134,137662.0,192318.0,3163.0,3163.0,3108.0,3134.3,31894600,3447.7,2820.9,3839.9,2896.0,3153.3,18,1,3153.1,58,2,3153.0,505,6,3152.7,50,5,3152.6,85,4,3153.7,102,4,3153.8,32,1,3153.9,70,2,3154.0,34,3,3154.1,279,2
2031,2026-06-16 14:17:09+05:30,3153.6,16,3133.47,2740459,137696.0,191642.0,3163.0,3163.0,3108.0,3134.3,31894600,3447.7,2820.9,3839.9,2896.0,3153.6,16,1,3153.5,1,1,3153.3,42,1,3153.1,42,1,3153.0,505,6,3153.9,263,2,3154.1,456,3,3154.2,533,5,3154.3,117,3,3154.5,238,6
2031,2026-06-16 14:17:09+05:30,3153.6,16,3133.47,2740459,137696.0,191642.0,3163.0,3163.0,3108.0,3134.3,31894600,3447.7,2820.9,3839.9,2896.0,3153.6,16,1,3153.5,1,1,3153.3,42,1,3153.1,42,1,3153.0,505,6,3153.9,263,2,3154.1,456,3,3154.2,533,5,3154.3,117,3,3154.5,238,6
2031,2026-06-16 14:17:10+05:30,3153.6,1,3133.47,2740800,137784.0,191678.0,3163.0,3163.0,3108.0,3134.3,31894600,3447.7,2820.9,3839.9,2896.0,3153.6,17,3,3153.5,17,2,3153.3,42,1,3153.2,7,1,3153.1,45,2,3153.8,45,1,3153.9,32,1,3154.0,32,1,3154.1,232,2,3154.2,101,2
2031,2026-06-16 14:17:10+05:30,3154.0,32,3133.47,2740800,137784.0,191678.0,3163.0,3163.0,3108.0,3134.3,31894600,3447.7,2820.9,3839.9,2896.0,3153.6,17,3,3153.5,17,2,3153.3,42,1,3153.2,7,1,3153.1,45,2,3153.8,45,1,3153.9,32,1,3154.0,32,1,3154.1,232,2,3154.2,101,2
2031,2026-06-16 14:17:11+05:30,3154.0,32,3133.47,2740909,137746.0,191580.0,3163.0,3163.0,3108.0,3134.3,31894600,3447.7,2820.9,3839.9,2896.0,3153.7,15,1,3153.6,61,3,3153.5,17,2,3153.4,8,1,3153.3,42,1,3153.8,26,1,3154.1,232,2,3154.2,101,2,3154.3,549,6,3154.4,400,2
2031,2026-06-16 14:17:11+05:30,3153.8,26,3133.47,2740909,137746.0,191580.0,3163.0,3163.0,3108.0,3134.3,31894600,3447.7,2820.9,3839.9,2896.0,3153.7,15,1,3153.6,61,3,3153.5,17,2,3153.4,8,1,3153.3,42,1,3153.8,26,1,3154.1,232,2,3154.2,101,2,3154.3,549,6,3154.4,400,2
2031,2026-06-16 14:17:12+05:30,3153.9,1,3133.47,2741009,137927.0,191749.0,3163.0,3163.0,3108.0,3134.3,31894600,3447.7,2820.9,3839.9,2896.0,3153.8,11,2,3153.6,61,3,3153.5,17,2,3153.3,42,1,3153.2,3,1,3153.9,44,1,3154.1,200,1,3154.2,211,5,3154.3,517,5,3154.4,525,5
2031,2026-06-16 14:17:12+05:30,3153.9,44,3133.47,2741009,137927.0,191749.0,3163.0,3163.0,3108.0,3134.3,31894600,3447.7,2820.9,3839.9,2896.0,3153.8,11,2,3153.6,61,3,3153.5,17,2,3153.3,42,1,3153.2,3,1,3153.9,44,1,3154.1,200,1,3154.2,211,5,3154.3,517,5,3154.4,525,5
2031,2026-06-16 14:17:13+05:30,3153.8,8,3133.48,2741322,138549.0,191628.0,3163.0,3163.0,3108.0,3134.3,31894600,3447.7,2820.9,3839.9,2896.0,3153.8,8,2,3153.6,76,4,3153.5,17,2,3153.3,42,1,3153.2,3,1,3153.9,45,1,3154.0,32,1,3154.1,232,2,3154.2,149,3,3154.3,557,6
2031,2026-06-16 14:17:13+05:30,3154.0,32,3133.48,2741322,138549.0,191628.0,3163.0,3163.0,3108.0,3134.3,31894600,3447.7,2820.9,3839.9,2896.0,3153.8,8,2,3153.6,76,4,3153.5,17,2,3153.3,42,1,3153.2,3,1,3153.9,45,1,3154.0,32,1,3154.1,232,2,3154.2,149,3,3154.3,557,6
2031,2026-06-16 14:17:14+05:30,3153.8,39,3133.48,2741322,138549.0,191628.0,3163.0,3163.0,3108.0,3134.3,31894600,3447.7,2820.9,3839.9,2896.0,3153.8,8,2,3153.6,76,4,3153.5,17,2,3153.3,42,1,3153.2,3,1,3153.9,45,1,3154.0,32,1,3154.1,232,2,3154.2,149,3,3154.3,557,6
2031,2026-06-16 14:17:14+05:30,3153.8,39,3133.48,2741847,137835.0,191595.0,3163.0,3163.0,3108.0,3134.3,31894600,3447.7,2820.9,3839.9,2896.0,3153.8,16,2,3153.6,76,4,3153.5,16,1,3153.3,42,1,3153.2,3,1,3153.9,12,1,3154.1,270,3,3154.2,94,2,3154.3,517,5,3154.4,566,6
2031,2026-06-16 14:17:15+05:30,3154.1,1,3133.48,2741847,137835.0,191595.0,3163.0,3163.0,3108.0,3134.3,31894600,3447.7,2820.9,3839.9,2896.0,3153.8,16,2,3153.6,76,4,3153.5,16,1,3153.3,42,1,3153.2,3,1,3153.9,12,1,3154.1,270,3,3154.2,94,2,3154.3,517,5,3154.4,566,6
2031,2026-06-16 14:17:15+05:30,3153.6,1,3133.48,2742025,137410.0,192055.0,3163.0,3163.0,3108.0,3134.3,31894600,3447.7,2820.9,3839.9,2896.0,3153.6,2,2,3153.5,16,1,3153.3,42,1,3153.0,354,3,3152.9,143,1,3153.9,522,5,3154.0,75,2,3154.1,431,3,3154.2,602,7,3154.3,117,3
2031,2026-06-16 14:17:16+05:30,3154.0,20,3133.48,2742025,137410.0,192055.0,3163.0,3163.0,3108.0,3134.3,31894600,3447.7,2820.9,3839.9,2896.0,3153.6,2,2,3153.5,16,1,3153.3,42,1,3153.0,354,3,3152.9,143,1,3153.9,522,5,3154.0,75,2,3154.1,431,3,3154.2,602,7,3154.3,117,3
2031,2026-06-16 14:17:16+05:30,3153.6,17,3133.49,2742653,137616.0,191702.0,3163.0,3163.0,3108.0,3134.3,31894600,3447.7,2820.9,3839.9,2896.0,3153.6,16,1,3153.5,16,1,3153.3,42,1,3153.1,3,1,3153.0,354,3,3153.9,46,2,3154.0,97,2,3154.1,231,2,3154.2,133,3,3154.3,555,6
2031,2026-06-16 14:17:17+05:30,3154.1,81,3133.49,2742653,137616.0,191702.0,3163.0,3163.0,3108.0,3134.3,31894600,3447.7,2820.9,3839.9,2896.0,3153.6,16,1,3153.5,16,1,3153.3,42,1,3153.1,3,1,3153.0,354,3,3153.9,46,2,3154.0,97,2,3154.1,231,2,3154.2,133,3,3154.3,555,6
2031,2026-06-16 14:17:17+05:30,3154.1,1,3133.49,2743232,137536.0,191474.0,3163.0,3163.0,3108.0,3134.3,31894600,3447.7,2820.9,3839.9,2896.0,3153.1,29,3,3153.0,394,7,3152.9,54,2,3152.8,52,2,3152.7,137,5,3154.1,318,2,3154.2,62,1,3154.3,317,4,3154.4,400,2,3154.5,39,4
2031,2026-06-16 14:17:18+05:30,3152.5,20,3133.49,2743232,137536.0,191474.0,3163.0,3163.0,3108.0,3134.3,31894600,3447.7,2820.9,3839.9,2896.0,3153.1,29,3,3153.0,394,7,3152.9,54,2,3152.8,52,2,3152.7,137,5,3154.1,318,2,3154.2,62,1,3154.3,317,4,3154.4,400,2,3154.5,39,4
2031,2026-06-16 14:17:18+05:30,3152.5,20,3133.51,2745516,135386.0,193007.0,3163.0,3163.0,3108.0,3134.3,31894600,3447.7,2820.9,3839.9,2896.0,3152.3,12,1,3152.1,17,3,3152.0,169,6,3151.9,8,2,3151.8,259,4,3152.5,158,1,3152.8,1,1,3153.5,8,1,3153.6,265,4,3153.7,203,2
2031,2026-06-16 14:17:19+05:30,3152.0,51,3133.51,2745516,135386.0,193007.0,3163.0,3163.0,3108.0,3134.3,31894600,3447.7,2820.9,3839.9,2896.0,3152.3,12,1,3152.1,17,3,3152.0,169,6,3151.9,8,2,3151.8,259,4,3152.5,158,1,3152.8,1,1,3153.5,8,1,3153.6,265,4,3153.7,203,2
2031,2026-06-16 14:17:19+05:30,3152.4,200,3133.53,2749003,135744.0,192661.0,3163.0,3163.0,3108.0,3134.3,31894600,3447.7,2820.9,3839.9,2896.0,3152.1,63,2,3152.0,54,2,3151.9,23,2,3151.8,188,5,3151.7,169,6,3153.5,60,2,3153.6,188,3,3153.7,36,1,3153.8,200,1,3153.9,56,1
2031,2026-06-16 14:17:20+05:30,3154.0,200,3133.53,2749003,135744.0,192661.0,3163.0,3163.0,3108.0,3134.3,31894600,3447.7,2820.9,3839.9,2896.0,3152.1,63,2,3152.0,54,2,3151.9,23,2,3151.8,188,5,3151.7,169,6,3153.5,60,2,3153.6,188,3,3153.7,36,1,3153.8,200,1,3153.9,56,1
2031,2026-06-16 14:17:20+05:30,3154.0,200,3133.55,2751086,137618.0,191772.0,3163.0,3163.0,3108.0,3134.3,31894600,3447.7,2820.9,3839.9,2896.0,3152.7,30,2,3152.6,41,3,3152.5,103,5,3152.4,214,4,3152.3,326,5,3154.0,49,1,3154.1,222,3,3154.2,142,4,3154.3,317,4,3154.4,421,3
2031,2026-06-16 14:17:21+05:30,3152.8,16,3133.55,2751086,137618.0,191772.0,3163.0,3163.0,3108.0,3134.3,31894600,3447.7,2820.9,3839.9,2896.0,3152.7,30,2,3152.6,41,3,3152.5,103,5,3152.4,214,4,3152.3,326,5,3154.0,49,1,3154.1,222,3,3154.2,142,4,3154.3,317,4,3154.4,421,3
2031,2026-06-16 14:17:21+05:30,3154.0,51,3133.56,2753017,136789.0,191569.0,3163.0,3163.0,3108.0,3134.3,31894600,3447.7,2820.9,3839.9,2896.0,3152.6,18,1,3152.5,46,3,3152.4,55,1,3152.3,94,2,3152.2,247,4,3153.8,49,1,3153.9,22,2,3154.0,22,2,3154.2,321,4,3154.3,117,3
2031,2026-06-16 14:17:22+05:30,3154.0,48,3133.56,2753017,136789.0,191569.0,3163.0,3163.0,3108.0,3134.3,31894600,3447.7,2820.9,3839.9,2896.0,3152.6,18,1,3152.5,46,3,3152.4,55,1,3152.3,94,2,3152.2,247,4,3153.8,49,1,3153.9,22,2,3154.0,22,2,3154.2,321,4,3154.3,117,3
2031,2026-06-16 14:17:22+05:30,3154.0,49,3133.57,2753620,137334.0,191998.0,3163.0,3163.0,3108.0,3134.3,31894600,3447.7,2820.9,3839.9,2896.0,3153.2,1,1,3152.8,14,1,3152.7,218,4,3152.6,242,2,3152.5,96,3,3153.8,11,1,3153.9,22,2,3154.0,11,1,3154.1,34,3,3154.2,300,3
2031,2026-06-16 14:17:23+05:30,3154.3,3,3133.57,2753620,137334.0,191998.0,3163.0,3163.0,3108.0,3134.3,31894600,3447.7,2820.9,3839.9,2896.0,3153.2,1,1,3152.8,14,1,3152.7,218,4,3152.6,242,2,3152.5,96,3,3153.8,11,1,3153.9,22,2,3154.0,11,1,3154.1,34,3,3154.2,300,3
2031,2026-06-16 14:17:23+05:30,3152.6,200,3133.57,2754515,134869.0,194087.0,3163.0,3163.0,3108.0,3134.3,31894600,3447.7,2820.9,3839.9,2896.0,3152.6,41,1,3152.3,86,1,3152.1,7,1,3152.0,54,2,3151.9,68,3,3152.7,200,1,3152.9,147,1,3153.2,12,1,3153.3,200,1,3153.5,400,2
2031,2026-06-16 14:17:24+05:30,3153.7,31,3133.57,2754515,134869.0,194087.0,3163.0,3163.0,3108.0,3134.3,31894600,3447.7,2820.9,3839.9,2896.0,3152.6,41,1,3152.3,86,1,3152.1,7,1,3152.0,54,2,3151.9,68,3,3152.7,200,1,3152.9,147,1,3153.2,12,1,3153.3,200,1,3153.5,400,2
2031,2026-06-16 14:17:24+05:30,3154.0,49,3133.58,2756098,137347.0,191352.0,3163.0,3163.0,3108.0,3134.3,31894600,3447.7,2820.9,3839.9,2896.0,3152.7,190,4,3152.6,102,4,3152.5,277,4,3152.4,75,4,3152.3,260,2,3154.0,49,1,3154.1,222,3,3154.2,200,1,3154.3,114,3,3154.4,200,1
2031,2026-06-16 14:17:25+05:30,3152.8,50,3133.58,2756098,137347.0,191352.0,3163.0,3163.0,3108.0,3134.3,31894600,3447.7,2820.9,3839.9,2896.0,3152.7,190,4,3152.6,102,4,3152.5,277,4,3152.4,75,4,3152.3,260,2,3154.0,49,1,3154.1,222,3,3154.2,200,1,3154.3,114,3,3154.4,200,1
2031,2026-06-16 14:17:25+05:30,3154.0,33,3133.59,2756588,137789.0,191359.0,3163.0,3163.0,3108.0,3134.3,31894600,3447.7,2820.9,3839.9,2896.0,3153.0,32,1,3152.9,58,1,3152.8,73,3,3152.7,266,3,3152.6,284,6,3153.9,11,1,3154.0,1022,3,3154.1,22,2,3154.2,77,2,3154.3,314,4
2031,2026-06-16 14:17:26+05:30,3153.4,55,3133.59,2756588,137789.0,191359.0,3163.0,3163.0,3108.0,3134.3,31894600,3447.7,2820.9,3839.9,2896.0,3153.0,32,1,3152.9,58,1,3152.8,73,3,3152.7,266,3,3152.6,284,6,3153.9,11,1,3154.0,1022,3,3154.1,22,2,3154.2,77,2,3154.3,314,4
2031,2026-06-16 14:17:26+05:30,3153.4,4,3133.6,2757774,137923.0,191333.0,3163.0,3163.0,3108.0,3134.3,31894600,3447.7,2820.9,3839.9,2896.0,3153.1,32,1,3153.0,15,2,3152.9,58,1,3152.8,54,3,3152.7,453,4,3153.4,86,1,3153.5,1,1,3154.1,28,1,3154.2,58,1,3154.3,363,5
2031,2026-06-16 14:17:27+05:30,3154.0,11,3133.6,2757774,137923.0,191333.0,3163.0,3163.0,3108.0,3134.3,31894600,3447.7,2820.9,3839.9,2896.0,3153.1,32,1,3153.0,15,2,3152.9,58,1,3152.8,54,3,3152.7,453,4,3153.4,86,1,3153.5,1,1,3154.1,28,1,3154.2,58,1,3154.3,363,5
2031,2026-06-16 14:17:27+05:30,3154.3,61,3133.6,2758286,138320.0,190358.0,3163.0,3163.0,3108.0,3134.3,31894600,3447.7,2820.9,3839.9,2896.0,3153.3,32,1,3153.1,32,1,3153.0,163,4,3152.9,81,3,3152.8,220,3,3154.2,22,2,3154.3,162,4,3154.5,546,8,3154.6,514,5,3154.7,10,1
2031,2026-06-16 14:17:28+05:30,3153.5,32,3133.6,2758286,138320.0,190358.0,3163.0,3163.0,3108.0,3134.3,31894600,3447.7,2820.9,3839.9,2896.0,3153.3,32,1,3153.1,32,1,3153.0,163,4,3152.9,81,3,3152.8,220,3,3154.2,22,2,3154.3,162,4,3154.5,546,8,3154.6,514,5,3154.7,10,1
2031,2026-06-16 14:17:28+05:30,3154.0,11,3133.6,2758462,137727.0,190259.0,3163.0,3163.0,3108.0,3134.3,31894600,3447.7,2820.9,3839.9,2896.0,3153.3,238,1,3153.2,32,1,3153.0,107,3,3152.9,78,2,3152.8,44,1,3154.0,11,1,3154.1,222,3,3154.2,660,4,3154.3,1,1,3154.4,200,1
2031,2026-06-16 14:17:29+05:30,3154.0,11,3133.6,2758462,137727.0,190259.0,3163.0,3163.0,3108.0,3134.3,31894600,3447.7,2820.9,3839.9,2896.0,3153.3,238,1,3153.2,32,1,3153.0,107,3,3152.9,78,2,3152.8,44,1,3154.0,11,1,3154.1,222,3,3154.2,660,4,3154.3,1,1,3154.4,200,1
2031,2026-06-16 14:17:29+05:30,3154.0,11,3133.6,2758462,137727.0,190259.0,3163.0,3163.0,3108.0,3134.3,31894600,3447.7,2820.9,3839.9,2896.0,3153.3,238,1,3153.2,32,1,3153.0,107,3,3152.9,78,2,3152.8,44,1,3154.0,11,1,3154.1,222,3,3154.2,660,4,3154.3,1,1,3154.4,200,1
2031,2026-06-16 14:17:30+05:30,3153.4,1,3133.6,2758675,137664.0,190595.0,3163.0,3163.0,3108.0,3134.3,31894600,3447.7,2820.9,3839.9,2896.0,3153.4,21,1,3153.3,259,3,3153.1,32,1,3153.0,107,3,3152.9,116,3,3154.1,22,2,3154.2,711,3,3154.3,140,2,3154.4,12,1,3154.5,277,6
2031,2026-06-16 14:17:30+05:30,3153.4,1,3133.6,2758675,137664.0,190595.0,3163.0,3163.0,3108.0,3134.3,31894600,3447.7,2820.9,3839.9,2896.0,3153.4,21,1,3153.3,259,3,3153.1,32,1,3153.0,107,3,3152.9,116,3,3154.1,22,2,3154.2,711,3,3154.3,140,2,3154.4,12,1,3154.5,277,6
2031,2026-06-16 14:17:31+05:30,3153.4,1,3133.6,2758675,137664.0,190595.0,3163.0,3163.0,3108.0,3134.3,31894600,3447.7,2820.9,3839.9,2896.0,3153.4,21,1,3153.3,259,3,3153.1,32,1,3153.0,107,3,3152.9,116,3,3154.1,22,2,3154.2,711,3,3154.3,140,2,3154.4,12,1,3154.5,277,6
2031,2026-06-16 14:17:31+05:30,3153.9,10,3133.61,2759174,137398.0,190728.0,3163.0,3163.0,3108.0,3134.3,31894600,3447.7,2820.9,3839.9,2896.0,3153.4,266,3,3153.3,242,2,3152.9,38,2,3152.8,46,1,3152.7,220,2,3154.0,11,1,3154.1,211,2,3154.2,639,2,3154.3,1,1,3154.4,403,3
2031,2026-06-16 14:17:31+05:30,3154.0,11,3133.61,2759174,137398.0,190728.0,3163.0,3163.0,3108.0,3134.3,31894600,3447.7,2820.9,3839.9,2896.0,3153.4,266,3,3153.3,242,2,3152.9,38,2,3152.8,46,1,3152.7,220,2,3154.0,11,1,3154.1,211,2,3154.2,639,2,3154.3,1,1,3154.4,403,3
2031,2026-06-16 14:17:32+05:30,3154.0,11,3133.61,2759257,137508.0,190776.0,3163.0,3163.0,3108.0,3134.3,31894600,3447.7,2820.9,3839.9,2896.0,3153.4,234,2,3153.3,274,3,3153.0,15,1,3152.9,41,3,3152.8,61,3,3154.0,1000,1,3154.1,211,2,3154.2,839,3,3154.3,1,1,3154.4,403,3
2031,2026-06-16 14:17:32+05:30,3154.0,25,3133.61,2759257,137508.0,190776.0,3163.0,3163.0,3108.0,3134.3,31894600,3447.7,2820.9,3839.9,2896.0,3153.4,234,2,3153.3,274,3,3153.0,15,1,3152.9,41,3,3152.8,61,3,3154.0,1000,1,3154.1,211,2,3154.2,839,3,3154.3,1,1,3154.4,403,3
2031,2026-06-16 14:17:33+05:30,3154.1,57,3133.61,2759257,137508.0,190776.0,3163.0,3163.0,3108.0,3134.3,31894600,3447.7,2820.9,3839.9,2896.0,3153.4,234,2,3153.3,274,3,3153.0,15,1,3152.9,41,3,3152.8,61,3,3154.0,1000,1,3154.1,211,2,3154.2,839,3,3154.3,1,1,3154.4,403,3
2031,2026-06-16 14:17:33+05:30,3154.1,57,3133.61,2759257,137508.0,190776.0,3163.0,3163.0,3108.0,3134.3,31894600,3447.7,2820.9,3839.9,2896.0,3153.4,234,2,3153.3,274,3,3153.0,15,1,3152.9,41,3,3152.8,61,3,3154.0,1000,1,3154.1,211,2,3154.2,839,3,3154.3,1,1,3154.4,403,3
2031,2026-06-16 14:17:33+05:30,3154.1,1,3133.62,2760956,137565.0,189241.0,3163.0,3163.0,3108.0,3134.3,31894600,3447.7,2820.9,3839.9,2896.0,3153.4,172,2,3153.3,291,4,3153.1,15,1,3153.0,70,3,3152.9,21,1,3154.1,142,1,3154.2,839,3,3154.3,1,1,3154.4,200,1,3154.5,439,6
2031,2026-06-16 14:17:34+05:30,3154.0,12,3133.62,2760956,137565.0,189241.0,3163.0,3163.0,3108.0,3134.3,31894600,3447.7,2820.9,3839.9,2896.0,3153.4,172,2,3153.3,291,4,3153.1,15,1,3153.0,70,3,3152.9,21,1,3154.1,142,1,3154.2,839,3,3154.3,1,1,3154.4,200,1,3154.5,439,6
2031,2026-06-16 14:17:34+05:30,3153.5,13,3133.64,2763053,136798.0,190409.0,3163.0,3163.0,3108.0,3134.3,31894600,3447.7,2820.9,3839.9,2896.0,3152.5,77,3,3152.4,50,2,3152.3,42,2,3152.2,200,3,3152.1,204,5,3154.0,84,2,3154.1,311,5,3154.2,998,6,3154.3,1,1,3154.4,461,4
2031,2026-06-16 14:17:35+05:30,3154.0,148,3133.64,2763053,136798.0,190409.0,3163.0,3163.0,3108.0,3134.3,31894600,3447.7,2820.9,3839.9,2896.0,3152.5,77,3,3152.4,50,2,3152.3,42,2,3152.2,200,3,3152.1,204,5,3154.0,84,2,3154.1,311,5,3154.2,998,6,3154.3,1,1,3154.4,461,4
2031,2026-06-16 14:17:35+05:30,3154.0,148,3133.64,2763053,136798.0,190409.0,3163.0,3163.0,3108.0,3134.3,31894600,3447.7,2820.9,3839.9,2896.0,3153.0,40,2,3152.8,78,2,3152.6,43,2,3152.5,109,4,3152.4,196,4,3153.8,12,1,3153.9,26,2,3154.1,98,3,3154.2,749,3,3154.3,439,4
2031,2026-06-16 14:17:35+05:30,3154.0,148,3133.64,2763749,137362.0,190235.0,3163.0,3163.0,3108.0,3134.3,31894600,3447.7,2820.9,3839.9,2896.0,3153.0,40,2,3152.8,78,2,3152.6,43,2,3152.5,109,4,3152.4,196,4,3153.8,12,1,3153.9,26,2,3154.1,98,3,3154.2,749,3,3154.3,439,4
2031,2026-06-16 14:17:36+05:30,3153.2,7,3133.64,2763749,137362.0,190235.0,3163.0,3163.0,3108.0,3134.3,31894600,3447.7,2820.9,3839.9,2896.0,3153.0,40,2,3152.8,78,2,3152.6,43,2,3152.5,109,4,3152.4,196,4,3153.8,12,1,3153.9,26,2,3154.1,98,3,3154.2,749,3,3154.3,439,4
2031,2026-06-16 14:17:36+05:30,3153.2,7,3133.65,2765074,136231.0,190087.0,3163.0,3163.0,3108.0,3134.3,31894600,3447.7,2820.9,3839.9,2896.0,3152.4,32,2,3152.3,79,4,3152.2,43,2,3152.1,205,6,3152.0,214,6,3153.3,2,1,3153.7,49,1,3153.8,456,3,3153.9,15,2,3154.0,405,3
2031,2026-06-16 14:17:37+05:30,3154.0,8,3133.65,2765074,136231.0,190087.0,3163.0,3163.0,3108.0,3134.3,31894600,3447.7,2820.9,3839.9,2896.0,3152.4,32,2,3152.3,79,4,3152.2,43,2,3152.1,205,6,3152.0,214,6,3153.3,2,1,3153.7,49,1,3153.8,456,3,3153.9,15,2,3154.0,405,3
2031,2026-06-16 14:17:37+05:30,3154.0,8,3133.66,2765752,138226.0,189511.0,3163.0,3163.0,3108.0,3134.3,31894600,3447.7,2820.9,3839.9,2896.0,3153.4,32,1,3153.3,42,2,3153.2,32,1,3153.0,100,4,3152.9,117,7,3154.2,660,2,3154.3,201,2,3154.5,513,7,3154.6,453,4,3154.7,10,1
2031,2026-06-16 14:17:37+05:30,3154.0,8,3133.66,2765752,138226.0,189511.0,3163.0,3163.0,3108.0,3134.3,31894600,3447.7,2820.9,3839.9,2896.0,3153.4,32,1,3153.3,42,2,3153.2,32,1,3153.0,100,4,3152.9,117,7,3154.2,660,2,3154.3,201,2,3154.5,513,7,3154.6,453,4,3154.7,10,1
2031,2026-06-16 14:17:38+05:30,3152.1,2,3133.66,2765752,138226.0,189511.0,3163.0,3163.0,3108.0,3134.3,31894600,3447.7,2820.9,3839.9,2896.0,3153.4,32,1,3153.3,42,2,3153.2,32,1,3153.0,100,4,3152.9,117,7,3154.2,660,2,3154.3,201,2,3154.5,513,7,3154.6,453,4,3154.7,10,1
2031,2026-06-16 14:17:38+05:30,3153.6,185,3133.67,2767720,136107.0,190862.0,3163.0,3163.0,3108.0,3134.3,31894600,3447.7,2820.9,3839.9,2896.0,3152.3,83,7,3152.2,194,2,3152.1,50,5,3152.0,248,8,3151.9,64,2,3153.6,215,2,3153.7,49,1,3153.9,400,2,3154.0,400,2,3154.2,681,4
2031,2026-06-16 14:17:39+05:30,3153.6,185,3133.67,2767720,136107.0,190862.0,3163.0,3163.0,3108.0,3134.3,31894600,3447.7,2820.9,3839.9,2896.0,3152.3,83,7,3152.2,194,2,3152.1,50,5,3152.0,248,8,3151.9,64,2,3153.6,215,2,3153.7,49,1,3153.9,400,2,3154.0,400,2,3154.2,681,4
2031,2026-06-16 14:17:39+05:30,3153.6,37,3133.67,2767720,136107.0,190862.0,3163.0,3163.0,3108.0,3134.3,31894600,3447.7,2820.9,3839.9,2896.0,3152.3,83,7,3152.2,194,2,3152.1,50,5,3152.0,248,8,3151.9,64,2,3153.6,215,2,3153.7,49,1,3153.9,400,2,3154.0,400,2,3154.2,681,4
2031,2026-06-16 14:17:39+05:30,3152.3,69,3133.67,2768173,136268.0,190768.0,3163.0,3163.0,3108.0,3134.3,31894600,3447.7,2820.9,3839.9,2896.0,3152.3,98,5,3152.2,12,1,3152.1,20,1,3152.0,49,2,3151.9,20,1,3153.8,87,3,3153.9,461,4,3154.0,400,2,3154.1,3,1,3154.2,660,2
2031,2026-06-16 14:17:40+05:30,3153.8,1,3133.67,2768173,136268.0,190768.0,3163.0,3163.0,3108.0,3134.3,31894600,3447.7,2820.9,3839.9,2896.0,3152.3,98,5,3152.2,12,1,3152.1,20,1,3152.0,49,2,3151.9,20,1,3153.8,87,3,3153.9,461,4,3154.0,400,2,3154.1,3,1,3154.2,660,2
2031,2026-06-16 14:17:40+05:30,3153.8,1,3133.67,2768302,136412.0,190541.0,3163.0,3163.0,3108.0,3134.3,31894600,3447.7,2820.9,3839.9,2896.0,3153.1,32,1,3153.0,32,1,3152.9,32,1,3152.7,32,1,3152.5,67,2,3153.8,28,3,3153.9,341,3,3154.0,274,2,3154.1,54,2,3154.2,660,2
2031,2026-06-16 14:17:40+05:30,3153.8,1,3133.67,2768302,136412.0,190541.0,3163.0,3163.0,3108.0,3134.3,31894600,3447.7,2820.9,3839.9,2896.0,3153.1,32,1,3153.0,32,1,3152.9,32,1,3152.7,32,1,3152.5,67,2,3153.8,28,3,3153.9,341,3,3154.0,274,2,3154.1,54,2,3154.2,660,2
2031,2026-06-16 14:17:41+05:30,3153.9,79,3133.67,2768302,136412.0,190541.0,3163.0,3163.0,3108.0,3134.3,31894600,3447.7,2820.9,3839.9,2896.0,3153.1,32,1,3153.0,32,1,3152.9,32,1,3152.7,32,1,3152.5,67,2,3153.8,28,3,3153.9,341,3,3154.0,274,2,3154.1,54,2,3154.2,660,2
2031,2026-06-16 14:17:41+05:30,3153.9,79,3133.67,2768546,136688.0,190677.0,3163.0,3163.0,3108.0,3134.3,31894600,3447.7,2820.9,3839.9,2896.0,3152.5,86,5,3152.4,36,4,3152.3,62,3,3152.2,9,1,3152.1,373,5,3153.8,20,1,3153.9,133,2,3154.0,476,5,3154.1,52,2,3154.2,660,2
2031,2026-06-16 14:17:41+05:30,3153.9,79,3133.67,2768546,136688.0,190677.0,3163.0,3163.0,3108.0,3134.3,31894600,3447.7,2820.9,3839.9,2896.0,3152.5,86,5,3152.4,36,4,3152.3,62,3,3152.2,9,1,3152.1,373,5,3153.8,20,1,3153.9,133,2,3154.0,476,5,3154.1,52,2,3154.2,660,2
2031,2026-06-16 14:17:42+05:30,3153.9,79,3133.67,2768546,136688.0,190677.0,3163.0,3163.0,3108.0,3134.3,31894600,3447.7,2820.9,3839.9,2896.0,3152.5,86,5,3152.4,36,4,3152.3,62,3,3152.2,9,1,3152.1,373,5,3153.8,20,1,3153.9,133,2,3154.0,476,5,3154.1,52,2,3154.2,660,2
2031,2026-06-16 14:17:42+05:30,3150.9,11,3133.67,2768546,136688.0,190677.0,3163.0,3163.0,3108.0,3134.3,31894600,3447.7,2820.9,3839.9,2896.0,3152.5,86,5,3152.4,36,4,3152.3,62,3,3152.2,9,1,3152.1,373,5,3153.8,20,1,3153.9,133,2,3154.0,476,5,3154.1,52,2,3154.2,660,2
2031,2026-06-16 14:17:42+05:30,3150.9,11,3133.68,2769558,132862.0,194038.0,3163.0,3163.0,3108.0,3134.3,31894600,3447.7,2820.9,3839.9,2896.0,3150.8,2,1,3150.5,80,3,3150.3,54,4,3150.2,80,3,3150.1,409,5,3151.5,200,1,3151.6,31,1,3151.8,31,1,3151.9,26,1,3152.0,81,3
2031,2026-06-16 14:17:42+05:30,3150.9,11,3133.68,2769558,132862.0,194038.0,3163.0,3163.0,3108.0,3134.3,31894600,3447.7,2820.9,3839.9,2896.0,3150.8,2,1,3150.5,80,3,3150.3,54,4,3150.2,80,3,3150.1,409,5,3151.5,200,1,3151.6,31,1,3151.8,31,1,3151.9,26,1,3152.0,81,3
2031,2026-06-16 14:17:43+05:30,3150.9,11,3133.68,2769558,132862.0,194038.0,3163.0,3163.0,3108.0,3134.3,31894600,3447.7,2820.9,3839.9,2896.0,3150.8,2,1,3150.5,80,3,3150.3,54,4,3150.2,80,3,3150.1,409,5,3151.5,200,1,3151.6,31,1,3151.8,31,1,3151.9,26,1,3152.0,81,3
2031,2026-06-16 14:17:43+05:30,3151.5,13,3133.68,2769571,132969.0,194302.0,3163.0,3163.0,3108.0,3134.3,31894600,3447.7,2820.9,3839.9,2896.0,3150.9,14,1,3150.8,2,1,3150.5,93,4,3150.4,203,2,3150.3,42,4,3151.5,187,1,3152.0,80,2,3152.1,14,2,3152.2,107,2,3152.3,38,1
2031,2026-06-16 14:17:44+05:30,3151.5,13,3133.68,2769571,132969.0,194302.0,3163.0,3163.0,3108.0,3134.3,31894600,3447.7,2820.9,3839.9,2896.0,3150.9,14,1,3150.8,2,1,3150.5,93,4,3150.4,203,2,3150.3,42,4,3151.5,187,1,3152.0,80,2,3152.1,14,2,3152.2,107,2,3152.3,38,1
2031,2026-06-16 14:17:44+05:30,3151.5,1,3133.68,2769571,132969.0,194302.0,3163.0,3163.0,3108.0,3134.3,31894600,3447.7,2820.9,3839.9,2896.0,3150.9,14,1,3150.8,2,1,3150.5,93,4,3150.4,203,2,3150.3,42,4,3151.5,187,1,3152.0,80,2,3152.1,14,2,3152.2,107,2,3152.3,38,1
2031,2026-06-16 14:17:44+05:30,3151.5,1,3133.68,2769572,132927.0,194112.0,3163.0,3163.0,3108.0,3134.3,31894600,3447.7,2820.9,3839.9,2896.0,3150.9,14,1,3150.8,2,1,3150.5,93,4,3150.4,3,1,3150.3,242,5,3151.5,186,1,3152.0,80,2,3152.1,65,3,3152.2,107,2,3152.3,38,1
2031,2026-06-16 14:17:45+05:30,3151.5,1,3133.68,2769572,132927.0,194112.0,3163.0,3163.0,3108.0,3134.3,31894600,3447.7,2820.9,3839.9,2896.0,3150.9,14,1,3150.8,2,1,3150.5,93,4,3150.4,3,1,3150.3,242,5,3151.5,186,1,3152.0,80,2,3152.1,65,3,3152.2,107,2,3152.3,38,1
2031,2026-06-16 14:17:45+05:30,3152.0,27,3133.68,2769572,132927.0,194112.0,3163.0,3163.0,3108.0,3134.3,31894600,3447.7,2820.9,3839.9,2896.0,3150.9,14,1,3150.8,2,1,3150.5,93,4,3150.4,3,1,3150.3,242,5,3151.5,186,1,3152.0,80,2,3152.1,65,3,3152.2,107,2,3152.3,38,1
2031,2026-06-16 14:17:45+05:30,3152.0,27,3133.68,2769785,135013.0,193426.0,3163.0,3163.0,3108.0,3134.3,31894600,3447.7,2820.9,3839.9,2896.0,3151.1,22,1,3151.0,120,5,3150.9,126,9,3150.8,424,6,3150.7,115,3,3152.4,32,2,3152.5,22,2,3152.6,82,1,3152.7,121,1,3152.8,252,3
2031,2026-06-16 14:17:45+05:30,3152.0,27,3133.68,2769785,135013.0,193426.0,3163.0,3163.0,3108.0,3134.3,31894600,3447.7,2820.9,3839.9,2896.0,3151.1,22,1,3151.0,120,5,3150.9,126,9,3150.8,424,6,3150.7,115,3,3152.4,32,2,3152.5,22,2,3152.6,82,1,3152.7,121,1,3152.8,252,3
2031,2026-06-16 14:17:46+05:30,3150.8,9,3133.68,2769785,135013.0,193426.0,3163.0,3163.0,3108.0,3134.3,31894600,3447.7,2820.9,3839.9,2896.0,3151.1,22,1,3151.0,120,5,3150.9,126,9,3150.8,424,6,3150.7,115,3,3152.4,32,2,3152.5,22,2,3152.6,82,1,3152.7,121,1,3152.8,252,3
2031,2026-06-16 14:17:46+05:30,3150.8,9,3133.68,2770061,133112.0,194596.0,3163.0,3163.0,3108.0,3134.3,31894600,3447.7,2820.9,3839.9,2896.0,3150.9,78,1,3150.7,75,3,3150.6,11,1,3150.5,94,5,3150.4,17,1,3151.6,12,1,3151.7,16,2,3151.8,32,2,3151.9,43,2,3152.1,31,1
2031,2026-06-16 14:17:46+05:30,3150.8,9,3133.68,2770061,133112.0,194596.0,3163.0,3163.0,3108.0,3134.3,31894600,3447.7,2820.9,3839.9,2896.0,3150.9,78,1,3150.7,75,3,3150.6,11,1,3150.5,94,5,3150.4,17,1,3151.6,12,1,3151.7,16,2,3151.8,32,2,3151.9,43,2,3152.1,31,1
2031,2026-06-16 14:17:47+05:30,3151.2,2,3133.68,2770061,133112.0,194596.0,3163.0,3163.0,3108.0,3134.3,31894600,3447.7,2820.9,3839.9,2896.0,3150.9,78,1,3150.7,75,3,3150.6,11,1,3150.5,94,5,3150.4,17,1,3151.6,12,1,3151.7,16,2,3151.8,32,2,3151.9,43,2,3152.1,31,1
2031,2026-06-16 14:17:47+05:30,3151.2,2,3133.68,2770061,133112.0,194596.0,3163.0,3163.0,3108.0,3134.3,31894600,3447.7,2820.9,3839.9,2896.0,3150.9,78,1,3150.7,75,3,3150.6,11,1,3150.5,94,5,3150.4,17,1,3151.6,12,1,3151.7,16,2,3151.8,32,2,3151.9,43,2,3152.1,31,1
2031,2026-06-16 14:17:47+05:30,3151.2,2,3133.68,2770079,133340.0,193957.0,3163.0,3163.0,3108.0,3134.3,31894600,3447.7,2820.9,3839.9,2896.0,3150.9,63,1,3150.7,85,6,3150.6,29,2,3150.5,66,3,3150.4,296,3,3151.2,1,1,3151.9,31,1,3152.1,31,1,3152.2,5,2,3152.3,120,3
2031,2026-06-16 14:17:48+05:30,3151.2,2,3133.68,2770079,133340.0,193957.0,3163.0,3163.0,3108.0,3134.3,31894600,3447.7,2820.9,3839.9,2896.0,3150.9,63,1,3150.7,85,6,3150.6,29,2,3150.5,66,3,3150.4,296,3,3151.2,1,1,3151.9,31,1,3152.1,31,1,3152.2,5,2,3152.3,120,3
2031,2026-06-16 14:17:48+05:30,3150.5,21,3133.68,2770079,133340.0,193957.0,3163.0,3163.0,3108.0,3134.3,31894600,3447.7,2820.9,3839.9,2896.0,3150.9,63,1,3150.7,85,6,3150.6,29,2,3150.5,66,3,3150.4,296,3,3151.2,1,1,3151.9,31,1,3152.1,31,1,3152.2,5,2,3152.3,120,3
2031,2026-06-16 14:17:48+05:30,3150.5,21,3133.69,2770378,131263.0,195389.0,3163.0,3163.0,3108.0,3134.3,31894600,3447.7,2820.9,3839.9,2896.0,3150.1,21,1,3150.0,1833,5,3149.9,71,3,3149.7,22,2,3149.6,63,2,3151.0,31,1,3151.1,41,3,3151.2,38,3,3151.3,49,1,3151.5,35,3
2031,2026-06-16 14:17:49+05:30,3150.5,21,3133.69,2770378,131263.0,195389.0,3163.0,3163.0,3108.0,3134.3,31885000,3447.7,2820.9,3839.9,2896.0,3150.1,21,1,3150.0,1833,5,3149.9,71,3,3149.7,22,2,3149.6,63,2,3151.0,31,1,3151.1,41,3,3151.2,38,3,3151.3,49,1,3151.5,35,3
2031,2026-06-16 14:17:49+05:30,3151.0,1,3133.69,2770378,131263.0,195389.0,3163.0,3163.0,3108.0,3134.3,31885000,3447.7,2820.9,3839.9,2896.0,3150.1,21,1,3150.0,1833,5,3149.9,71,3,3149.7,22,2,3149.6,63,2,3151.0,31,1,3151.1,41,3,3151.2,38,3,3151.3,49,1,3151.5,35,3
2031,2026-06-16 14:17:49+05:30,3151.0,1,3133.69,2771484,131433.0,195436.0,3163.0,3163.0,3108.0,3134.3,31885000,3447.7,2820.9,3839.9,2896.0,3150.6,1,1,3150.1,38,1,3150.0,1002,8,3149.9,4,1,3149.7,181,6,3151.0,30,1,3151.1,10,1,3151.2,29,3,3151.3,26,1,3151.5,44,5
2031,2026-06-16 14:17:50+05:30,3151.1,4,3133.69,2771484,131433.0,195436.0,3163.0,3163.0,3108.0,3134.3,31885000,3447.7,2820.9,3839.9,2896.0,3150.6,1,1,3150.1,38,1,3150.0,1002,8,3149.9,4,1,3149.7,181,6,3151.0,30,1,3151.1,10,1,3151.2,29,3,3151.3,26,1,3151.5,44,5
2031,2026-06-16 14:17:50+05:30,3151.1,4,3133.69,2771544,131633.0,195361.0,3163.0,3163.0,3108.0,3134.3,31885000,3447.7,2820.9,3839.9,2896.0,3150.6,1,1,3150.1,58,2,3150.0,990,7,3149.9,71,3,3149.7,90,4,3151.2,32,2,3151.5,114,6,3151.6,167,2,3151.7,1,1,3151.8,153,4
2031,2026-06-16 14:17:51+05:30,3151.1,4,3133.69,2771544,131591.0,195658.0,3163.0,3163.0,3108.0,3134.3,31885000,3447.7,2820.9,3839.9,2896.0,3150.6,65,2,3150.1,58,2,3150.0,750,6,3149.9,25,2,3149.8,279,3,3151.2,32,2,3151.5,34,4,3151.6,46,1,3151.7,79,1,3151.8,115,3
2031,2026-06-16 14:17:52+05:30,3151.2,5,3133.69,2771544,131591.0,195658.0,3163.0,3163.0,3108.0,3134.3,31885000,3447.7,2820.9,3839.9,2896.0,3150.6,65,2,3150.1,58,2,3150.0,750,6,3149.9,25,2,3149.8,279,3,3151.2,32,2,3151.5,34,4,3151.6,46,1,3151.7,79,1,3151.8,115,3
2031,2026-06-16 14:17:52+05:30,3151.2,5,3133.69,2771555,131876.0,195596.0,3163.0,3163.0,3108.0,3134.3,31885000,3447.7,2820.9,3839.9,2896.0,3151.1,2,1,3150.6,59,1,3150.3,21,1,3150.1,58,2,3150.0,808,7,3151.2,26,1,3151.5,26,3,3151.8,148,3,3151.9,212,2,3152.0,269,3
2031,2026-06-16 14:17:53+05:30,3150.7,9,3133.69,2771555,131876.0,195596.0,3163.0,3163.0,3108.0,3134.3,31885000,3447.7,2820.9,3839.9,2896.0,3151.1,2,1,3150.6,59,1,3150.3,21,1,3150.1,58,2,3150.0,808,7,3151.2,26,1,3151.5,26,3,3151.8,148,3,3151.9,212,2,3152.0,269,3
2031,2026-06-16 14:17:53+05:30,3150.7,9,3133.69,2771684,133840.0,194028.0,3163.0,3163.0,3108.0,3134.3,31885000,3447.7,2820.9,3839.9,2896.0,3151.3,1,1,3151.1,60,1,3150.7,63,1,3150.6,108,2,3150.5,113,3,3152.2,24,2,3152.3,194,4,3152.4,326,3,3152.5,92,2,3152.6,248,4
2031,2026-06-16 14:17:54+05:30,3152.6,6,3133.69,2771684,133840.0,194028.0,3163.0,3163.0,3108.0,3134.3,31885000,3447.7,2820.9,3839.9,2896.0,3151.3,1,1,3151.1,60,1,3150.7,63,1,3150.6,108,2,3150.5,113,3,3152.2,24,2,3152.3,194,4,3152.4,326,3,3152.5,92,2,3152.6,248,4
2031,2026-06-16 14:17:54+05:30,3152.6,6,3133.69,2771747,134064.0,193502.0,3163.0,3163.0,3108.0,3134.3,31885000,3447.7,2820.9,3839.9,2896.0,3151.2,49,1,3151.1,148,4,3151.0,54,2,3150.9,21,1,3150.8,118,4,3152.4,17,1,3152.5,196,2,3152.6,212,2,3152.7,46,1,3152.8,451,3
2031,2026-06-16 14:17:55+05:30,3152.4,1,3133.69,2771747,134064.0,193502.0,3163.0,3163.0,3108.0,3134.3,31885000,3447.7,2820.9,3839.9,2896.0,3151.2,49,1,3151.1,148,4,3151.0,54,2,3150.9,21,1,3150.8,118,4,3152.4,17,1,3152.5,196,2,3152.6,212,2,3152.7,46,1,3152.8,451,3
2031,2026-06-16 14:17:55+05:30,3152.4,1,3133.69,2771749,134212.0,193519.0,3163.0,3163.0,3108.0,3134.3,31885000,3447.7,2820.9,3839.9,2896.0,3151.2,126,2,3151.1,143,3,3151.0,46,1,3150.9,21,1,3150.8,66,3,3152.4,135,2,3152.5,275,2,3152.6,103,3,3152.7,488,5,3152.8,651,4
2031,2026-06-16 14:17:56+05:30,3151.3,5,3133.69,2771749,134212.0,193519.0,3163.0,3163.0,3108.0,3134.3,31885000,3447.7,2820.9,3839.9,2896.0,3151.2,126,2,3151.1,143,3,3151.0,46,1,3150.9,21,1,3150.8,66,3,3152.4,135,2,3152.5,275,2,3152.6,103,3,3152.7,488,5,3152.8,651,4
2031,2026-06-16 14:17:56+05:30,3151.3,5,3133.69,2771754,133438.0,193371.0,3163.0,3163.0,3108.0,3134.3,31885000,3447.7,2820.9,3839.9,2896.0,3151.2,92,2,3151.1,62,2,3151.0,46,1,3150.9,4,1,3150.8,80,5,3152.4,38,1,3152.5,89,2,3152.6,12,1,3152.7,168,3,3152.8,311,4
2031,2026-06-16 14:17:57+05:30,3152.4,13,3133.69,2771776,133694.0,193956.0,3163.0,3163.0,3108.0,3134.3,31885000,3447.7,2820.9,3839.9,2896.0,3151.2,92,2,3151.1,62,2,3151.0,46,1,3150.9,25,2,3150.8,79,4,3152.4,25,1,3152.5,210,3,3152.6,291,3,3152.7,46,1,3152.8,311,4
2031,2026-06-16 14:17:58+05:30,3152.4,10,3133.69,2771776,133694.0,193956.0,3163.0,3163.0,3108.0,3134.3,31885000,3447.7,2820.9,3839.9,2896.0,3151.2,92,2,3151.1,62,2,3151.0,46,1,3150.9,25,2,3150.8,79,4,3152.4,25,1,3152.5,210,3,3152.6,291,3,3152.7,46,1,3152.8,311,4
2031,2026-06-16 14:17:58+05:30,3152.4,10,3133.69,2771786,134142.0,193448.0,3163.0,3163.0,3108.0,3134.3,31885000,3447.7,2820.9,3839.9,2896.0,3151.6,17,1,3151.2,126,2,3151.1,82,3,3151.0,46,1,3150.9,25,2,3152.4,87,4,3152.6,144,2,3152.7,168,3,3152.8,251,2,3152.9,60,1
2031,2026-06-16 14:17:59+05:30,3152.3,6,3133.69,2771792,134285.0,193093.0,3163.0,3163.0,3108.0,3134.3,31885000,3447.7,2820.9,3839.9,2896.0,3151.6,92,3,3151.2,145,4,3151.1,82,3,3151.0,46,1,3150.9,52,4,3152.3,454,1,3152.4,81,5,3152.7,122,2,3152.8,246,2,3152.9,90,1
2031,2026-06-16 14:18:00+05:30,3152.3,1,3133.69,2771792,134285.0,193093.0,3163.0,3163.0,3108.0,3134.3,31885000,3447.7,2820.9,3839.9,2896.0,3151.6,92,3,3151.2,145,4,3151.1,82,3,3151.0,46,1,3150.9,52,4,3152.3,454,1,3152.4,81,5,3152.7,122,2,3152.8,246,2,3152.9,90,1
2031,2026-06-16 14:18:00+05:30,3151.6,3,3133.7,2771894,134075.0,193203.0,3163.0,3163.0,3108.0,3134.3,31885000,3447.7,2820.9,3839.9,2896.0,3151.6,63,6,3151.2,145,4,3151.1,82,3,3151.0,46,1,3150.9,25,2,3152.3,517,5,3152.4,55,2,3152.5,1,1,3152.6,262,3,3152.7,238,2
2031,2026-06-16 14:18:01+05:30,3151.6,2,3133.7,2771894,134075.0,193203.0,3163.0,3163.0,3108.0,3134.3,31885000,3447.7,2820.9,3839.9,2896.0,3151.6,63,6,3151.2,145,4,3151.1,82,3,3151.0,46,1,3150.9,25,2,3152.3,517,5,3152.4,55,2,3152.5,1,1,3152.6,262,3,3152.7,238,2
2031,2026-06-16 14:18:01+05:30,3151.6,2,3133.7,2772094,133828.0,193340.0,3163.0,3163.0,3108.0,3134.3,31885000,3447.7,2820.9,3839.9,2896.0,3151.6,22,3,3151.2,145,4,3151.1,82,3,3150.9,25,2,3150.8,221,5,3152.3,517,5,3152.4,55,2,3152.5,1,1,3152.6,312,4,3152.7,238,2
2031,2026-06-16 14:18:02+05:30,3151.6,2,3133.7,2772094,133737.0,193331.0,3163.0,3163.0,3108.0,3134.3,31885000,3447.7,2820.9,3839.9,2896.0,3151.6,22,3,3151.4,16,1,3151.2,129,3,3151.1,82,3,3150.9,25,2,3152.3,517,5,3152.4,55,2,3152.6,313,5,3152.7,200,1,3152.8,107,2
2031,2026-06-16 14:18:03+05:30,3151.6,2,3133.7,2772094,133768.0,193143.0,3163.0,3163.0,3108.0,3134.3,31885000,3447.7,2820.9,3839.9,2896.0,3151.6,22,3,3151.4,16,1,3151.2,129,3,3151.1,82,3,3150.9,25,2,3152.3,517,5,3152.4,55,2,3152.6,313,5,3152.7,200,1,3152.8,107,2
2031,2026-06-16 14:18:04+05:30,3152.3,20,3133.7,2772094,133768.0,193143.0,3163.0,3163.0,3108.0,3134.3,31885000,3447.7,2820.9,3839.9,2896.0,3151.6,22,3,3151.4,16,1,3151.2,129,3,3151.1,82,3,3150.9,25,2,3152.3,517,5,3152.4,55,2,3152.6,313,5,3152.7,200,1,3152.8,107,2
2031,2026-06-16 14:18:04+05:30,3152.3,20,3133.7,2772114,133826.0,193125.0,3163.0,3163.0,3108.0,3134.3,31885000,3447.7,2820.9,3839.9,2896.0,3151.6,23,4,3151.4,16,1,3151.3,17,1,3151.2,129,3,3151.1,82,3,3152.3,511,6,3152.4,55,2,3152.6,172,2,3152.7,200,1,3152.8,61,1
2031,2026-06-16 14:18:05+05:30,3152.3,1,3133.7,2772114,133826.0,193125.0,3163.0,3163.0,3108.0,3134.3,31885000,3447.7,2820.9,3839.9,2896.0,3151.6,23,4,3151.4,16,1,3151.3,17,1,3151.2,129,3,3151.1,82,3,3152.3,511,6,3152.4,55,2,3152.6,172,2,3152.7,200,1,3152.8,61,1
2031,2026-06-16 14:18:05+05:30,3152.3,1,3133.7,2772115,133993.0,193320.0,3163.0,3163.0,3108.0,3134.3,31885000,3447.7,2820.9,3839.9,2896.0,3151.9,15,1,3151.6,24,5,3151.2,129,3,3151.1,95,4,3150.9,410,7,3152.3,510,6,3152.4,55,2,3152.6,173,3,3152.7,200,1,3152.8,66,2
2031,2026-06-16 14:18:06+05:30,3152.3,1,3133.7,2772115,133993.0,193320.0,3163.0,3163.0,3108.0,3134.3,31885000,3447.7,2820.9,3839.9,2896.0,3151.9,15,1,3151.6,24,5,3151.2,129,3,3151.1,95,4,3150.9,410,7,3152.3,510,6,3152.4,55,2,3152.6,173,3,3152.7,200,1,3152.8,66,2
2031,2026-06-16 14:18:06+05:30,3151.9,10,3133.7,2772126,134016.0,193398.0,3163.0,3163.0,3108.0,3134.3,31885000,3447.7,2820.9,3839.9,2896.0,3151.9,5,1,3151.6,24,5,3151.2,129,3,3151.1,145,5,3150.9,410,7,3152.3,509,6,3152.4,55,2,3152.6,172,2,3152.7,201,2,3152.8,61,1
2031,2026-06-16 14:18:07+05:30,3151.2,32,3133.7,2772126,134016.0,193398.0,3163.0,3163.0,3108.0,3134.3,31885000,3447.7,2820.9,3839.9,2896.0,3151.9,5,1,3151.6,24,5,3151.2,129,3,3151.1,145,5,3150.9,410,7,3152.3,509,6,3152.4,55,2,3152.6,172,2,3152.7,201,2,3152.8,61,1
2031,2026-06-16 14:18:07+05:30,3151.2,32,3133.7,2772364,132999.0,193630.0,3163.0,3163.0,3108.0,3134.3,31885000,3447.7,2820.9,3839.9,2896.0,3151.6,3,1,3151.4,17,1,3150.9,21,1,3150.7,21,1,3150.6,218,2,3152.2,18,2,3152.3,483,6,3152.4,56,3,3152.5,263,3,3152.6,251,2
2031,2026-06-16 14:18:08+05:30,3151.6,12,3133.7,2772364,132999.0,193630.0,3163.0,3163.0,3108.0,3134.3,31885000,3447.7,2820.9,3839.9,2896.0,3151.6,3,1,3151.4,17,1,3150.9,21,1,3150.7,21,1,3150.6,218,2,3152.2,18,2,3152.3,483,6,3152.4,56,3,3152.5,263,3,3152.6,251,2
2031,2026-06-16 14:18:08+05:30,3151.6,1,3133.7,2772397,133347.0,193399.0,3163.0,3163.0,3108.0,3134.3,31885000,3447.7,2820.9,3839.9,2896.0,3151.6,2,1,3151.2,15,1,3151.1,22,1,3150.9,71,2,3150.8,3,1,3152.2,12,1,3152.3,661,8,3152.4,251,4,3152.5,1,1,3152.6,251,2
2031,2026-06-16 14:18:09+05:30,3151.6,1,3133.7,2772397,133347.0,193399.0,3163.0,3163.0,3108.0,3134.3,31885000,3447.7,2820.9,3839.9,2896.0,3151.6,2,1,3151.2,15,1,3151.1,22,1,3150.9,71,2,3150.8,3,1,3152.2,12,1,3152.3,661,8,3152.4,251,4,3152.5,1,1,3152.6,251,2
2031,2026-06-16 14:18:09+05:30,3151.6,1,3133.7,2772397,133426.0,193375.0,3163.0,3163.0,3108.0,3134.3,31885000,3447.7,2820.9,3839.9,2896.0,3151.6,19,2,3151.1,22,1,3150.9,71,2,3150.8,3,1,3150.7,172,2,3152.2,41,3,3152.3,514,5,3152.4,172,4,3152.5,200,1,3152.6,52,2
2031,2026-06-16 14:18:10+05:30,3151.9,1,3133.7,2772559,133408.0,193424.0,3163.0,3163.0,3108.0,3134.3,31885000,3447.7,2820.9,3839.9,2896.0,3151.8,3,1,3151.1,22,1,3150.9,21,1,3150.7,21,1,3150.6,186,2,3151.9,38,1,3152.1,12,1,3152.2,41,3,3152.3,514,5,3152.4,168,4
2031,2026-06-16 14:18:11+05:30,3151.8,10,3133.7,2772559,133408.0,193424.0,3163.0,3163.0,3108.0,3134.3,31885000,3447.7,2820.9,3839.9,2896.0,3151.8,3,1,3151.1,22,1,3150.9,21,1,3150.7,21,1,3150.6,186,2,3151.9,38,1,3152.1,12,1,3152.2,41,3,3152.3,514,5,3152.4,168,4
2031,2026-06-16 14:18:11+05:30,3151.8,10,3133.7,2772569,133478.0,193462.0,3163.0,3163.0,3108.0,3134.3,31885000,3447.7,2820.9,3839.9,2896.0,3151.8,5,2,3151.1,17,1,3150.9,21,1,3150.7,84,2,3150.6,239,4,3151.9,65,3,3152.3,502,4,3152.4,168,4,3152.5,215,2,3152.6,87,2
2031,2026-06-16 14:18:12+05:30,3151.9,17,3133.7,2772569,133478.0,193462.0,3163.0,3163.0,3108.0,3134.3,31885000,3447.7,2820.9,3839.9,2896.0,3151.8,5,2,3151.1,17,1,3150.9,21,1,3150.7,84,2,3150.6,239,4,3151.9,65,3,3152.3,502,4,3152.4,168,4,3152.5,215,2,3152.6,87,2
2031,2026-06-16 14:18:12+05:30,3151.9,17,3133.7,2772586,133424.0,193347.0,3163.0,3163.0,3108.0,3134.3,31885000,3447.7,2820.9,3839.9,2896.0,3151.8,5,2,3151.1,26,2,3150.9,21,1,3150.7,21,1,3150.6,239,4,3151.9,49,4,3152.3,502,4,3152.4,167,3,3152.5,215,2,3152.6,5,1
2031,2026-06-16 14:18:13+05:30,3151.9,86,3133.7,2772586,133424.0,193347.0,3163.0,3163.0,3108.0,3134.3,31885000,3447.7,2820.9,3839.9,2896.0,3151.8,5,2,3151.1,26,2,3150.9,21,1,3150.7,21,1,3150.6,239,4,3151.9,49,4,3152.3,502,4,3152.4,167,3,3152.5,215,2,3152.6,5,1
2031,2026-06-16 14:18:13+05:30,3151.9,86,3133.7,2772759,133428.0,193685.0,3163.0,3163.0,3108.0,3134.3,31885000,3447.7,2820.9,3839.9,2896.0,3151.8,5,2,3151.0,112,2,3150.9,21,1,3150.8,53,2,3150.7,21,1,3151.9,138,2,3152.2,20,1,3152.3,503,5,3152.4,126,2,3152.5,274,3
2031,2026-06-16 14:18:14+05:30,3151.9,6,3133.7,2772765,133544.0,193717.0,3163.0,3163.0,3108.0,3134.3,31885000,3447.7,2820.9,3839.9,2896.0,3151.8,5,2,3151.6,20,1,3151.0,112,2,3150.9,21,1,3150.8,53,2,3151.9,132,2,3152.0,100,1,3152.3,503,5,3152.4,126,2,3152.5,236,2
2031,2026-06-16 14:18:15+05:30,3151.9,1,3133.7,2772765,133544.0,193717.0,3163.0,3163.0,3108.0,3134.3,31885000,3447.7,2820.9,3839.9,2896.0,3151.8,5,2,3151.6,20,1,3151.0,112,2,3150.9,21,1,3150.8,53,2,3151.9,132,2,3152.0,100,1,3152.3,503,5,3152.4,126,2,3152.5,236,2
2031,2026-06-16 14:18:15+05:30,3151.9,2,3133.7,2772771,133576.0,193626.0,3163.0,3163.0,3108.0,3134.3,31885000,3447.7,2820.9,3839.9,2896.0,3151.8,3,2,3151.6,20,1,3151.0,112,2,3150.9,21,1,3150.8,53,2,3151.9,126,2,3152.0,100,1,3152.3,503,5,3152.4,126,2,3152.5,236,2
2031,2026-06-16 14:18:16+05:30,3151.9,1,3133.7,2772771,133576.0,193626.0,3163.0,3163.0,3108.0,3134.3,31885000,3447.7,2820.9,3839.9,2896.0,3151.8,3,2,3151.6,20,1,3151.0,112,2,3150.9,21,1,3150.8,53,2,3151.9,126,2,3152.0,100,1,3152.3,503,5,3152.4,126,2,3152.5,236,2
2031,2026-06-16 14:18:16+05:30,3151.8,1,3133.7,2772835,133861.0,193250.0,3163.0,3163.0,3108.0,3134.3,31885000,3447.7,2820.9,3839.9,2896.0,3151.8,2,2,3151.7,2,1,3151.6,40,3,3151.5,13,1,3151.4,13,1,3151.9,73,2,3152.0,100,1,3152.3,502,4,3152.4,5,1,3152.5,121,1
2031,2026-06-16 14:18:17+05:30,3151.8,1,3133.7,2772835,133861.0,193250.0,3163.0,3163.0,3108.0,3134.3,31885000,3447.7,2820.9,3839.9,2896.0,3151.8,2,2,3151.7,2,1,3151.6,40,3,3151.5,13,1,3151.4,13,1,3151.9,73,2,3152.0,100,1,3152.3,502,4,3152.4,5,1,3152.5,121,1
2031,2026-06-16 14:18:17+05:30,3151.8,1,3133.7,2772835,133861.0,193050.0,3163.0,3163.0,3108.0,3134.3,31885000,3447.7,2820.9,3839.9,2896.0,3151.8,2,2,3151.7,2,1,3151.6,40,3,3151.5,13,1,3151.4,13,1,3151.9,73,2,3152.0,100,1,3152.3,502,4,3152.4,5,1,3152.5,121,1
2031,2026-06-16 14:18:18+05:30,3151.8,1,3133.7,2772835,133599.0,193293.0,3163.0,3163.0,3108.0,3134.3,31885000,3447.7,2820.9,3839.9,2896.0,3151.8,2,2,3151.6,37,2,3151.3,57,2,3151.2,8,1,3151.1,13,1,3151.9,143,5,3152.0,100,1,3152.3,443,2,3152.4,5,1,3152.5,122,2
2031,2026-06-16 14:18:19+05:30,3151.9,1,3133.7,2772835,133599.0,193293.0,3163.0,3163.0,3108.0,3134.3,31885000,3447.7,2820.9,3839.9,2896.0,3151.8,2,2,3151.6,37,2,3151.3,57,2,3151.2,8,1,3151.1,13,1,3151.9,143,5,3152.0,100,1,3152.3,443,2,3152.4,5,1,3152.5,122,2
2031,2026-06-16 14:18:19+05:30,3151.9,1,3133.7,2772836,133787.0,193261.0,3163.0,3163.0,3108.0,3134.3,31885000,3447.7,2820.9,3839.9,2896.0,3151.8,3,3,3151.6,40,3,3151.5,4,1,3151.3,70,3,3151.2,21,2,3151.9,142,5,3152.0,100,1,3152.3,443,2,3152.4,5,1,3152.5,122,2
2031,2026-06-16 14:18:20+05:30,3151.9,5,3133.7,2772836,133787.0,193261.0,3163.0,3163.0,3108.0,3134.3,31885000,3447.7,2820.9,3839.9,2896.0,3151.8,3,3,3151.6,40,3,3151.5,4,1,3151.3,70,3,3151.2,21,2,3151.9,142,5,3152.0,100,1,3152.3,443,2,3152.4,5,1,3152.5,122,2
2031,2026-06-16 14:18:20+05:30,3151.9,9,3133.7,2772978,134031.0,193012.0,3163.0,3163.0,3108.0,3134.3,31885000,3447.7,2820.9,3839.9,2896.0,3151.9,7,1,3151.8,3,3,3151.6,23,2,3151.5,30,3,3151.4,2,1,3152.0,100,1,3152.3,443,2,3152.4,5,1,3152.5,121,1,3152.6,200,1
2031,2026-06-16 14:18:21+05:30,3152.0,1,3133.7,2772978,134031.0,193012.0,3163.0,3163.0,3108.0,3134.3,31885000,3447.7,2820.9,3839.9,2896.0,3151.9,7,1,3151.8,3,3,3151.6,23,2,3151.5,30,3,3151.4,2,1,3152.0,100,1,3152.3,443,2,3152.4,5,1,3152.5,121,1,3152.6,200,1
2031,2026-06-16 14:18:21+05:30,3152.0,1,3133.7,2772979,133856.0,193186.0,3163.0,3163.0,3108.0,3134.3,31885000,3447.7,2820.9,3839.9,2896.0,3151.8,3,3,3151.6,40,3,3151.5,30,3,3151.4,2,1,3151.3,7,1,3152.0,100,2,3152.3,443,2,3152.4,5,1,3152.5,121,1,3152.6,200,1
2031,2026-06-16 14:18:22+05:30,3152.0,15,3133.7,2772979,133856.0,193186.0,3163.0,3163.0,3108.0,3134.3,31885000,3447.7,2820.9,3839.9,2896.0,3151.8,3,3,3151.6,40,3,3151.5,30,3,3151.4,2,1,3151.3,7,1,3152.0,100,2,3152.3,443,2,3152.4,5,1,3152.5,121,1,3152.6,200,1
2031,2026-06-16 14:18:22+05:30,3152.0,14,3133.7,2773017,134086.0,193202.0,3163.0,3163.0,3108.0,3134.3,31885000,3447.7,2820.9,3839.9,2896.0,3151.8,1,1,3151.6,37,2,3151.5,6,1,3151.4,21,2,3151.3,7,1,3152.0,87,3,3152.3,443,2,3152.4,5,1,3152.5,121,1,3152.6,200,1
2031,2026-06-16 14:18:23+05:30,3152.0,14,3133.7,2773017,134086.0,193202.0,3163.0,3163.0,3108.0,3134.3,31885000,3447.7,2820.9,3839.9,2896.0,3151.8,1,1,3151.6,37,2,3151.5,6,1,3151.4,21,2,3151.3,7,1,3152.0,87,3,3152.3,443,2,3152.4,5,1,3152.5,121,1,3152.6,200,1
2031,2026-06-16 14:18:23+05:30,3152.0,14,3133.7,2773017,134310.0,193266.0,3163.0,3163.0,3108.0,3134.3,31885000,3447.7,2820.9,3839.9,2896.0,3151.8,1,1,3151.6,37,2,3151.5,6,1,3151.4,7,1,3151.3,7,1,3152.0,87,3,3152.3,443,2,3152.4,5,1,3152.5,121,1,3152.6,200,1
2031,2026-06-16 14:18:24+05:30,3152.0,14,3133.7,2773017,134321.0,193267.0,3163.0,3163.0,3108.0,3134.3,31885000,3447.7,2820.9,3839.9,2896.0,3151.8,1,1,3151.6,37,2,3151.4,7,1,3151.3,7,1,3151.2,37,4,3152.0,88,4,3152.3,443,2,3152.4,5,1,3152.5,122,2,3152.6,200,1
2031,2026-06-16 14:18:25+05:30,3151.4,5,3133.7,2773017,134321.0,193267.0,3163.0,3163.0,3108.0,3134.3,31885000,3447.7,2820.9,3839.9,2896.0,3151.8,1,1,3151.6,37,2,3151.4,7,1,3151.3,7,1,3151.2,37,4,3152.0,88,4,3152.3,443,2,3152.4,5,1,3152.5,122,2,3152.6,200,1
2031,2026-06-16 14:18:25+05:30,3152.0,1,3133.7,2773218,133905.0,193967.0,3163.0,3163.0,3108.0,3134.3,31885000,3447.7,2820.9,3839.9,2896.0,3151.1,24,1,3151.0,55,3,3150.9,233,6,3150.8,163,3,3150.7,79,4,3152.0,87,4,3152.3,443,2,3152.4,5,1,3152.5,121,1,3152.6,251,3
2031,2026-06-16 14:18:26+05:30,3152.0,1,3133.7,2773218,133905.0,193967.0,3163.0,3163.0,3108.0,3134.3,31885000,3447.7,2820.9,3839.9,2896.0,3151.1,24,1,3151.0,55,3,3150.9,233,6,3150.8,163,3,3150.7,79,4,3152.0,87,4,3152.3,443,2,3152.4,5,1,3152.5,121,1,3152.6,251,3
2031,2026-06-16 14:18:26+05:30,3151.5,8,3133.7,2773227,134757.0,192918.0,3163.0,3163.0,3108.0,3134.3,31885000,3447.7,2820.9,3839.9,2896.0,3151.8,592,1,3151.1,91,7,3151.0,51,2,3150.9,205,5,3150.8,443,6,3152.0,87,4,3152.3,443,2,3152.4,5,1,3152.5,121,1,3152.6,200,1
2031,2026-06-16 14:18:27+05:30,3151.5,8,3133.7,2773227,134757.0,192918.0,3163.0,3163.0,3108.0,3134.3,31885000,3447.7,2820.9,3839.9,2896.0,3151.8,592,1,3151.1,91,7,3151.0,51,2,3150.9,205,5,3150.8,443,6,3152.0,87,4,3152.3,443,2,3152.4,5,1,3152.5,121,1,3152.6,200,1
2031,2026-06-16 14:18:27+05:30,3152.0,1,3133.7,2773228,135071.0,193058.0,3163.0,3163.0,3108.0,3134.3,31885000,3447.7,2820.9,3839.9,2896.0,3151.8,683,4,3151.7,3,1,3151.6,17,2,3151.5,27,2,3151.4,7,1,3152.0,98,5,3152.3,443,2,3152.4,5,1,3152.6,121,1,3152.7,203,2
2031,2026-06-16 14:18:28+05:30,3152.0,1,3133.7,2773228,135071.0,193058.0,3163.0,3163.0,3108.0,3134.3,31885000,3447.7,2820.9,3839.9,2896.0,3151.8,683,4,3151.7,3,1,3151.6,17,2,3151.5,27,2,3151.4,7,1,3152.0,98,5,3152.3,443,2,3152.4,5,1,3152.6,121,1,3152.7,203,2
2031,2026-06-16 14:18:29+05:30,3151.8,200,3133.71,2773453,134844.0,193090.0,3163.0,3163.0,3108.0,3134.3,31885000,3447.7,2820.9,3839.9,2896.0,3151.8,483,4,3151.7,15,2,3151.6,8,2,3151.5,27,2,3151.4,7,1,3152.0,73,5,3152.3,443,2,3152.4,5,1,3152.6,121,1,3152.7,200,1
2031,2026-06-16 14:18:29+05:30,3151.8,200,3133.71,2773453,134844.0,193090.0,3163.0,3163.0,3108.0,3134.3,31885000,3447.7,2820.9,3839.9,2896.0,3151.8,483,4,3151.7,15,2,3151.6,8,2,3151.5,27,2,3151.4,7,1,3152.0,73,5,3152.3,443,2,3152.4,5,1,3152.6,121,1,3152.7,200,1
2031,2026-06-16 14:18:29+05:30,3151.8,200,3133.71,2773453,134844.0,193090.0,3163.0,3163.0,3108.0,3134.3,31885000,3447.7,2820.9,3839.9,2896.0,3151.8,483,4,3151.7,15,2,3151.6,8,2,3151.5,27,2,3151.4,7,1,3152.0,73,5,3152.3,443,2,3152.4,5,1,3152.6,121,1,3152.7,200,1
2031,2026-06-16 14:18:30+05:30,3152.0,40,3133.71,2773554,134936.0,193038.0,3163.0,3163.0,3108.0,3134.3,31885000,3447.7,2820.9,3839.9,2896.0,3151.8,479,2,3151.7,15,2,3151.6,18,2,3151.4,7,1,3151.3,50,1,3152.3,443,2,3152.4,5,1,3152.5,121,1,3152.6,200,1,3152.8,400,2
2031,2026-06-16 14:18:30+05:30,3152.0,1,3133.71,2773554,134936.0,193038.0,3163.0,3163.0,3108.0,3134.3,31885000,3447.7,2820.9,3839.9,2896.0,3151.8,479,2,3151.7,15,2,3151.6,18,2,3151.4,7,1,3151.3,50,1,3152.3,443,2,3152.4,5,1,3152.5,121,1,3152.6,200,1,3152.8,400,2
2031,2026-06-16 14:18:31+05:30,3152.1,1,3133.71,2773556,135581.0,193275.0,3163.0,3163.0,3108.0,3134.3,31885000,3447.7,2820.9,3839.9,2896.0,3152.1,6,4,3152.0,8,5,3151.9,4,1,3151.8,511,5,3151.7,3,1,3152.3,443,2,3152.4,5,1,3152.5,121,1,3152.6,200,1,3152.8,600,3
2031,2026-06-16 14:18:31+05:30,3152.1,1,3133.71,2773556,135581.0,193275.0,3163.0,3163.0,3108.0,3134.3,31885000,3447.7,2820.9,3839.9,2896.0,3152.1,6,4,3152.0,8,5,3151.9,4,1,3151.8,511,5,3151.7,3,1,3152.3,443,2,3152.4,5,1,3152.5,121,1,3152.6,200,1,3152.8,600,3
2031,2026-06-16 14:18:31+05:30,3152.1,1,3133.71,2773556,135581.0,193275.0,3163.0,3163.0,3108.0,3134.3,31885000,3447.7,2820.9,3839.9,2896.0,3152.1,6,4,3152.0,8,5,3151.9,4,1,3151.8,511,5,3151.7,3,1,3152.3,443,2,3152.4,5,1,3152.5,121,1,3152.6,200,1,3152.8,600,3
2031,2026-06-16 14:18:32+05:30,3152.3,1,3133.71,2773577,135261.0,193529.0,3163.0,3163.0,3108.0,3134.3,31885000,3447.7,2820.9,3839.9,2896.0,3152.1,10,6,3152.0,8,5,3151.9,21,2,3151.8,580,6,3151.7,3,1,3152.3,422,2,3152.4,5,1,3152.5,121,1,3152.6,200,1,3152.8,600,3
2031,2026-06-16 14:18:32+05:30,3152.3,1,3133.71,2773577,135261.0,193529.0,3163.0,3163.0,3108.0,3134.3,31885000,3447.7,2820.9,3839.9,2896.0,3152.1,10,6,3152.0,8,5,3151.9,21,2,3151.8,580,6,3151.7,3,1,3152.3,422,2,3152.4,5,1,3152.5,121,1,3152.6,200,1,3152.8,600,3
2031,2026-06-16 14:18:33+05:30,3152.3,43,3133.71,2773823,135586.0,192589.0,3163.0,3163.0,3108.0,3134.3,31885000,3447.7,2820.9,3839.9,2896.0,3152.1,37,1,3152.0,26,7,3151.9,4,1,3151.8,544,4,3151.7,3,1,3152.3,378,2,3152.4,5,1,3153.0,22,2,3153.2,157,4,3153.3,246,2
2031,2026-06-16 14:18:33+05:30,3152.3,43,3133.71,2773823,135586.0,192589.0,3163.0,3163.0,3108.0,3134.3,31885000,3447.7,2820.9,3839.9,2896.0,3152.1,37,1,3152.0,26,7,3151.9,4,1,3151.8,544,4,3151.7,3,1,3152.3,378,2,3152.4,5,1,3153.0,22,2,3153.2,157,4,3153.3,246,2
2031,2026-06-16 14:18:33+05:30,3152.3,43,3133.71,2773823,135586.0,192589.0,3163.0,3163.0,3108.0,3134.3,31885000,3447.7,2820.9,3839.9,2896.0,3152.1,37,1,3152.0,26,7,3151.9,4,1,3151.8,544,4,3151.7,3,1,3152.3,378,2,3152.4,5,1,3153.0,22,2,3153.2,157,4,3153.3,246,2
2031,2026-06-16 14:18:34+05:30,3152.3,11,3133.71,2773834,135613.0,192552.0,3163.0,3163.0,3108.0,3134.3,31885000,3447.7,2820.9,3839.9,2896.0,3152.1,48,5,3152.0,12,5,3151.9,4,1,3151.8,570,6,3151.7,20,2,3152.3,392,3,3152.4,5,1,3153.0,15,1,3153.2,157,4,3153.3,246,2
2031,2026-06-16 14:18:34+05:30,3152.3,11,3133.71,2773834,135613.0,192552.0,3163.0,3163.0,3108.0,3134.3,31885000,3447.7,2820.9,3839.9,2896.0,3152.1,48,5,3152.0,12,5,3151.9,4,1,3151.8,570,6,3151.7,20,2,3152.3,392,3,3152.4,5,1,3153.0,15,1,3153.2,157,4,3153.3,246,2
2031,2026-06-16 14:18:35+05:30,3152.3,2,3133.71,2773836,135563.0,192550.0,3163.0,3163.0,3108.0,3134.3,31885000,3447.7,2820.9,3839.9,2896.0,3152.1,48,5,3152.0,25,6,3151.9,21,3,3151.8,507,5,3151.7,3,1,3152.3,390,3,3152.4,5,1,3153.0,15,1,3153.2,157,4,3153.3,246,2
2031,2026-06-16 14:18:35+05:30,3152.3,2,3133.71,2773836,135563.0,192550.0,3163.0,3163.0,3108.0,3134.3,31885000,3447.7,2820.9,3839.9,2896.0,3152.1,48,5,3152.0,25,6,3151.9,21,3,3151.8,507,5,3151.7,3,1,3152.3,390,3,3152.4,5,1,3153.0,15,1,3153.2,157,4,3153.3,246,2
2031,2026-06-16 14:18:35+05:30,3152.3,2,3133.71,2773836,135563.0,192550.0,3163.0,3163.0,3108.0,3134.3,31885000,3447.7,2820.9,3839.9,2896.0,3152.1,48,5,3152.0,25,6,3151.9,21,3,3151.8,507,5,3151.7,3,1,3152.3,390,3,3152.4,5,1,3153.0,15,1,3153.2,157,4,3153.3,246,2
2031,2026-06-16 14:18:36+05:30,3152.3,2,3133.71,2773836,135513.0,192591.0,3163.0,3163.0,3108.0,3134.3,31885000,3447.7,2820.9,3839.9,2896.0,3152.1,48,5,3152.0,12,5,3151.9,21,3,3151.8,620,7,3151.7,3,1,3152.3,390,3,3152.4,5,1,3153.0,15,1,3153.2,157,4,3153.3,246,2
2031,2026-06-16 14:18:37+05:30,3152.3,1,3133.71,2773876,135299.0,192755.0,3163.0,3163.0,3108.0,3134.3,31885000,3447.7,2820.9,3839.9,2896.0,3152.1,29,2,3152.0,21,5,3151.9,21,3,3151.8,481,3,3151.7,3,1,3152.3,360,3,3152.4,5,1,3153.0,15,1,3153.1,121,1,3153.2,236,4
2031,2026-06-16 14:18:37+05:30,3152.3,1,3133.71,2773876,135299.0,192755.0,3163.0,3163.0,3108.0,3134.3,31885000,3447.7,2820.9,3839.9,2896.0,3152.1,29,2,3152.0,21,5,3151.9,21,3,3151.8,481,3,3151.7,3,1,3152.3,360,3,3152.4,5,1,3153.0,15,1,3153.1,121,1,3153.2,236,4
2031,2026-06-16 14:18:38+05:30,3152.3,1,3133.71,2773876,135299.0,192755.0,3163.0,3163.0,3108.0,3134.3,31885000,3447.7,2820.9,3839.9,2896.0,3152.1,29,2,3152.0,21,5,3151.9,21,3,3151.8,481,3,3151.7,3,1,3152.3,360,3,3152.4,5,1,3153.0,15,1,3153.1,121,1,3153.2,236,4
2031,2026-06-16 14:18:38+05:30,3152.3,1,3133.71,2773876,135506.0,192696.0,3163.0,3163.0,3108.0,3134.3,31885000,3447.7,2820.9,3839.9,2896.0,3152.1,27,1,3152.0,15,4,3151.9,21,3,3151.8,481,3,3151.7,3,1,3152.3,360,3,3152.4,5,1,3153.0,15,1,3153.1,133,2,3153.2,157,4
2031,2026-06-16 14:18:39+05:30,3152.2,5,3133.71,2774024,135522.0,192495.0,3163.0,3163.0,3108.0,3134.3,31885000,3447.7,2820.9,3839.9,2896.0,3152.2,1,1,3152.1,43,4,3152.0,3,3,3151.9,21,3,3151.8,557,6,3152.3,217,3,3152.4,5,1,3153.0,15,1,3153.2,157,4,3153.3,246,2
2031,2026-06-16 14:18:39+05:30,3152.2,5,3133.71,2774024,135522.0,192495.0,3163.0,3163.0,3108.0,3134.3,31885000,3447.7,2820.9,3839.9,2896.0,3152.2,1,1,3152.1,43,4,3152.0,3,3,3151.9,21,3,3151.8,557,6,3152.3,217,3,3152.4,5,1,3153.0,15,1,3153.2,157,4,3153.3,246,2
2031,2026-06-16 14:18:39+05:30,3152.2,5,3133.71,2774024,135522.0,192495.0,3163.0,3163.0,3108.0,3134.3,31885000,3447.7,2820.9,3839.9,2896.0,3152.2,1,1,3152.1,43,4,3152.0,3,3,3151.9,21,3,3151.8,557,6,3152.3,217,3,3152.4,5,1,3153.0,15,1,3153.2,157,4,3153.3,246,2
2031,2026-06-16 14:18:40+05:30,3152.2,5,3133.71,2774024,135610.0,192438.0,3163.0,3163.0,3108.0,3134.3,31885000,3447.7,2820.9,3839.9,2896.0,3152.2,49,5,3152.1,41,3,3152.0,6,4,3151.9,21,3,3151.8,557,6,3152.3,217,3,3152.4,5,1,3153.0,15,1,3153.2,157,4,3153.3,246,2
2031,2026-06-16 14:18:40+05:30,3152.3,1,3133.71,2774024,135610.0,192438.0,3163.0,3163.0,3108.0,3134.3,31885000,3447.7,2820.9,3839.9,2896.0,3152.2,49,5,3152.1,41,3,3152.0,6,4,3151.9,21,3,3151.8,557,6,3152.3,217,3,3152.4,5,1,3153.0,15,1,3153.2,157,4,3153.3,246,2
2031,2026-06-16 14:18:41+05:30,3152.3,1,3133.71,2774024,135610.0,192438.0,3163.0,3163.0,3108.0,3134.3,31885000,3447.7,2820.9,3839.9,2896.0,3152.2,49,5,3152.1,41,3,3152.0,6,4,3151.9,21,3,3151.8,557,6,3152.3,217,3,3152.4,5,1,3153.0,15,1,3153.2,157,4,3153.3,246,2
2031,2026-06-16 14:18:41+05:30,3152.3,1,3133.71,2774025,135617.0,192453.0,3163.0,3163.0,3108.0,3134.3,31885000,3447.7,2820.9,3839.9,2896.0,3152.2,58,3,3152.1,41,3,3152.0,18,4,3151.9,7,2,3151.8,544,5,3152.3,221,4,3152.4,5,1,3153.0,15,1,3153.2,157,4,3153.3,246,2
2031,2026-06-16 14:18:41+05:30,3152.3,1,3133.71,2774025,135617.0,192453.0,3163.0,3163.0,3108.0,3134.3,31885000,3447.7,2820.9,3839.9,2896.0,3152.2,58,3,3152.1,41,3,3152.0,18,4,3151.9,7,2,3151.8,544,5,3152.3,221,4,3152.4,5,1,3153.0,15,1,3153.2,157,4,3153.3,246,2
2031,2026-06-16 14:18:42+05:30,3152.3,16,3133.71,2774057,135597.0,192421.0,3163.0,3163.0,3108.0,3134.3,31885000,3447.7,2820.9,3839.9,2896.0,3152.2,50,5,3152.1,41,3,3152.0,5,3,3151.9,70,3,3151.8,557,6,3152.3,205,4,3152.4,5,1,3153.0,15,1,3153.2,157,4,3153.3,246,2
2031,2026-06-16 14:18:42+05:30,3152.3,16,3133.71,2774057,135597.0,192421.0,3163.0,3163.0,3108.0,3134.3,31885000,3447.7,2820.9,3839.9,2896.0,3152.2,50,5,3152.1,41,3,3152.0,5,3,3151.9,70,3,3151.8,557,6,3152.3,205,4,3152.4,5,1,3153.0,15,1,3153.2,157,4,3153.3,246,2
2031,2026-06-16 14:18:42+05:30,3152.3,16,3133.71,2774057,135597.0,192421.0,3163.0,3163.0,3108.0,3134.3,31885000,3447.7,2820.9,3839.9,2896.0,3152.2,50,5,3152.1,41,3,3152.0,5,3,3151.9,70,3,3151.8,557,6,3152.3,205,4,3152.4,5,1,3153.0,15,1,3153.2,157,4,3153.3,246,2
2031,2026-06-16 14:18:43+05:30,3152.3,1,3133.71,2774058,135632.0,192689.0,3163.0,3163.0,3108.0,3134.3,31885000,3447.7,2820.9,3839.9,2896.0,3152.2,45,3,3152.1,41,3,3152.0,2,2,3151.9,70,3,3151.8,544,5,3152.3,204,4,3152.4,5,1,3153.0,15,1,3153.1,121,1,3153.2,236,4
2031,2026-06-16 14:18:43+05:30,3152.3,1,3133.71,2774058,135632.0,192689.0,3163.0,3163.0,3108.0,3134.3,31885000,3447.7,2820.9,3839.9,2896.0,3152.2,45,3,3152.1,41,3,3152.0,2,2,3151.9,70,3,3151.8,544,5,3152.3,204,4,3152.4,5,1,3153.0,15,1,3153.1,121,1,3153.2,236,4
2031,2026-06-16 14:18:43+05:30,3152.3,1,3133.71,2774058,135632.0,192689.0,3163.0,3163.0,3108.0,3134.3,31885000,3447.7,2820.9,3839.9,2896.0,3152.2,45,3,3152.1,41,3,3152.0,2,2,3151.9,70,3,3151.8,544,5,3152.3,204,4,3152.4,5,1,3153.0,15,1,3153.1,121,1,3153.2,236,4
2031,2026-06-16 14:18:44+05:30,3152.3,3,3133.71,2774221,135703.0,192479.0,3163.0,3163.0,3108.0,3134.3,31885000,3447.7,2820.9,3839.9,2896.0,3152.2,29,2,3152.1,41,3,3152.0,6,4,3151.9,83,4,3151.8,544,5,3152.3,41,3,3152.4,5,1,3153.0,15,1,3153.1,121,1,3153.2,236,4
2031,2026-06-16 14:18:44+05:30,3152.3,3,3133.71,2774221,135703.0,192479.0,3163.0,3163.0,3108.0,3134.3,31885000,3447.7,2820.9,3839.9,2896.0,3152.2,29,2,3152.1,41,3,3152.0,6,4,3151.9,83,4,3151.8,544,5,3152.3,41,3,3152.4,5,1,3153.0,15,1,3153.1,121,1,3153.2,236,4
2031,2026-06-16 14:18:44+05:30,3152.3,3,3133.71,2774221,135703.0,192479.0,3163.0,3163.0,3108.0,3134.3,31885000,3447.7,2820.9,3839.9,2896.0,3152.2,29,2,3152.1,41,3,3152.0,6,4,3151.9,83,4,3151.8,544,5,3152.3,41,3,3152.4,5,1,3153.0,15,1,3153.1,121,1,3153.2,236,4
2031,2026-06-16 14:18:45+05:30,3152.3,6,3133.71,2774227,135689.0,192491.0,3163.0,3163.0,3108.0,3134.3,31885000,3447.7,2820.9,3839.9,2896.0,3152.2,32,4,3152.1,41,3,3152.0,6,4,3151.9,83,4,3151.8,551,6,3152.3,59,3,3152.4,5,1,3153.0,15,1,3153.1,121,1,3153.2,236,4
2031,2026-06-16 14:18:45+05:30,3152.2,2,3133.71,2774227,135689.0,192491.0,3163.0,3163.0,3108.0,3134.3,31885000,3447.7,2820.9,3839.9,2896.0,3152.2,32,4,3152.1,41,3,3152.0,6,4,3151.9,83,4,3151.8,551,6,3152.3,59,3,3152.4,5,1,3153.0,15,1,3153.1,121,1,3153.2,236,4
2031,2026-06-16 14:18:45+05:30,3152.2,2,3133.71,2774227,135689.0,192491.0,3163.0,3163.0,3108.0,3134.3,31885000,3447.7,2820.9,3839.9,2896.0,3152.2,32,4,3152.1,41,3,3152.0,6,4,3151.9,83,4,3151.8,551,6,3152.3,59,3,3152.4,5,1,3153.0,15,1,3153.1,121,1,3153.2,236,4
2031,2026-06-16 14:18:46+05:30,3152.2,2,3133.71,2774227,135689.0,192491.0,3163.0,3163.0,3108.0,3134.3,31885000,3447.7,2820.9,3839.9,2896.0,3152.2,32,4,3152.1,41,3,3152.0,6,4,3151.9,83,4,3151.8,551,6,3152.3,59,3,3152.4,5,1,3153.0,15,1,3153.1,121,1,3153.2,236,4
2031,2026-06-16 14:18:46+05:30,3152.1,1,3133.71,2774476,135369.0,192502.0,3163.0,3163.0,3108.0,3134.3,31885000,3447.7,2820.9,3839.9,2896.0,3152.2,49,1,3152.0,3,3,3151.9,20,3,3151.8,488,4,3151.7,74,3,3152.3,59,4,3152.4,5,1,3153.0,15,1,3153.1,121,1,3153.2,294,5
2031,2026-06-16 14:18:46+05:30,3152.1,1,3133.71,2774476,135369.0,192502.0,3163.0,3163.0,3108.0,3134.3,31885000,3447.7,2820.9,3839.9,2896.0,3152.2,49,1,3152.0,3,3,3151.9,20,3,3151.8,488,4,3151.7,74,3,3152.3,59,4,3152.4,5,1,3153.0,15,1,3153.1,121,1,3153.2,294,5
2031,2026-06-16 14:18:46+05:30,3152.1,1,3133.71,2774476,135369.0,192502.0,3163.0,3163.0,3108.0,3134.3,31885000,3447.7,2820.9,3839.9,2896.0,3152.2,49,1,3152.0,3,3,3151.9,20,3,3151.8,488,4,3151.7,74,3,3152.3,59,4,3152.4,5,1,3153.0,15,1,3153.1,121,1,3153.2,294,5
2031,2026-06-16 14:18:47+05:30,3152.2,9,3133.71,2774485,135531.0,192572.0,3163.0,3163.0,3108.0,3134.3,31885000,3447.7,2820.9,3839.9,2896.0,3152.2,40,1,3152.0,30,6,3151.9,7,2,3151.8,551,6,3151.7,61,2,3152.3,59,4,3152.4,5,1,3153.0,15,1,3153.1,121,1,3153.2,236,4
2031,2026-06-16 14:18:47+05:30,3152.2,9,3133.71,2774485,135531.0,192572.0,3163.0,3163.0,3108.0,3134.3,31885000,3447.7,2820.9,3839.9,2896.0,3152.2,40,1,3152.0,30,6,3151.9,7,2,3151.8,551,6,3151.7,61,2,3152.3,59,4,3152.4,5,1,3153.0,15,1,3153.1,121,1,3153.2,236,4
2031,2026-06-16 14:18:47+05:30,3152.2,9,3133.71,2774485,135531.0,192572.0,3163.0,3163.0,3108.0,3134.3,31885000,3447.7,2820.9,3839.9,2896.0,3152.2,40,1,3152.0,30,6,3151.9,7,2,3151.8,551,6,3151.7,61,2,3152.3,59,4,3152.4,5,1,3153.0,15,1,3153.1,121,1,3153.2,236,4
2031,2026-06-16 14:18:48+05:30,3152.3,1,3133.71,2774486,135525.0,192589.0,3163.0,3163.0,3108.0,3134.3,31885000,3447.7,2820.9,3839.9,2896.0,3152.2,40,1,3152.0,30,6,3151.9,7,2,3151.8,551,6,3151.7,61,2,3152.3,58,4,3152.4,5,1,3153.0,15,1,3153.1,121,1,3153.2,236,4
2031,2026-06-16 14:18:48+05:30,3152.3,1,3133.71,2774486,135525.0,192589.0,3163.0,3163.0,3108.0,3134.3,31885000,3447.7,2820.9,3839.9,2896.0,3152.2,40,1,3152.0,30,6,3151.9,7,2,3151.8,551,6,3151.7,61,2,3152.3,58,4,3152.4,5,1,3153.0,15,1,3153.1,121,1,3153.2,236,4
2031,2026-06-16 14:18:48+05:30,3152.3,1,3133.71,2774486,135525.0,192589.0,3163.0,3163.0,3108.0,3134.3,31885000,3447.7,2820.9,3839.9,2896.0,3152.2,40,1,3152.0,30,6,3151.9,7,2,3151.8,551,6,3151.7,61,2,3152.3,58,4,3152.4,5,1,3153.0,15,1,3153.1,121,1,3153.2,236,4
2031,2026-06-16 14:18:49+05:30,3152.3,22,3133.71,2774522,135650.0,192424.0,3163.0,3163.0,3108.0,3134.3,31885000,3447.7,2820.9,3839.9,2896.0,3152.2,44,4,3152.0,30,6,3151.9,65,3,3151.8,551,6,3151.7,3,1,3152.3,34,5,3152.4,5,1,3153.0,15,1,3153.1,121,1,3153.2,229,3
2031,2026-06-16 14:18:49+05:30,3152.3,22,3133.71,2774522,135650.0,192424.0,3163.0,3163.0,3108.0,3134.3,31885000,3447.7,2820.9,3839.9,2896.0,3152.2,44,4,3152.0,30,6,3151.9,65,3,3151.8,551,6,3151.7,3,1,3152.3,34,5,3152.4,5,1,3153.0,15,1,3153.1,121,1,3153.2,229,3
2031,2026-06-16 14:18:49+05:30,3152.3,22,3133.71,2774522,135650.0,192424.0,3163.0,3163.0,3108.0,3134.3,31883600,3447.7,2820.9,3839.9,2896.0,3152.2,44,4,3152.0,30,6,3151.9,65,3,3151.8,551,6,3151.7,3,1,3152.3,34,5,3152.4,5,1,3153.0,15,1,3153.1,121,1,3153.2,229,3
2031,2026-06-16 14:18:50+05:30,3152.3,22,3133.71,2774522,135650.0,192421.0,3163.0,3163.0,3108.0,3134.3,31883600,3447.7,2820.9,3839.9,2896.0,3152.2,44,4,3152.0,30,6,3151.9,65,3,3151.8,551,6,3151.7,3,1,3152.3,26,5,3152.4,5,1,3153.0,15,1,3153.1,121,1,3153.2,229,3
2031,2026-06-16 14:18:51+05:30,3152.3,22,3133.71,2774522,135658.0,192395.0,3163.0,3163.0,3108.0,3134.3,31883600,3447.7,2820.9,3839.9,2896.0,3152.2,58,5,3152.0,30,6,3151.9,65,3,3151.8,551,6,3151.7,3,1,3152.3,26,5,3152.4,5,1,3153.0,15,1,3153.1,121,1,3153.2,229,3
2031,2026-06-16 14:18:52+05:30,3152.3,5,3133.71,2774539,135657.0,192413.0,3163.0,3163.0,3108.0,3134.3,31883600,3447.7,2820.9,3839.9,2896.0,3152.2,57,4,3152.0,30,6,3151.9,65,3,3151.8,551,6,3151.7,3,1,3152.3,43,4,3152.4,5,1,3153.0,15,1,3153.1,121,1,3153.2,229,3
2031,2026-06-16 14:18:52+05:30,3152.3,5,3133.71,2774539,135657.0,192413.0,3163.0,3163.0,3108.0,3134.3,31883600,3447.7,2820.9,3839.9,2896.0,3152.2,57,4,3152.0,30,6,3151.9,65,3,3151.8,551,6,3151.7,3,1,3152.3,43,4,3152.4,5,1,3153.0,15,1,3153.1,121,1,3153.2,229,3
2031,2026-06-16 14:18:53+05:30,3152.3,1,3133.71,2774540,135685.0,192567.0,3163.0,3163.0,3108.0,3134.3,31883600,3447.7,2820.9,3839.9,2896.0,3152.2,56,3,3152.1,2,1,3152.0,3,3,3151.9,65,3,3151.8,538,5,3152.3,95,6,3152.4,5,1,3153.0,15,1,3153.1,121,1,3153.2,229,3
2031,2026-06-16 14:18:53+05:30,3152.3,1,3133.71,2774540,135685.0,192567.0,3163.0,3163.0,3108.0,3134.3,31883600,3447.7,2820.9,3839.9,2896.0,3152.2,56,3,3152.1,2,1,3152.0,3,3,3151.9,65,3,3151.8,538,5,3152.3,95,6,3152.4,5,1,3153.0,15,1,3153.1,121,1,3153.2,229,3
2031,2026-06-16 14:18:54+05:30,3152.3,1,3133.71,2774549,135700.0,192494.0,3163.0,3163.0,3108.0,3134.3,31883600,3447.7,2820.9,3839.9,2896.0,3152.2,75,5,3152.1,2,1,3152.0,3,3,3151.9,7,2,3151.8,538,5,3152.3,87,4,3152.4,5,1,3153.0,15,1,3153.1,121,1,3153.2,229,3
2031,2026-06-16 14:18:54+05:30,3152.3,1,3133.71,2774549,135700.0,192494.0,3163.0,3163.0,3108.0,3134.3,31883600,3447.7,2820.9,3839.9,2896.0,3152.2,75,5,3152.1,2,1,3152.0,3,3,3151.9,7,2,3151.8,538,5,3152.3,87,4,3152.4,5,1,3153.0,15,1,3153.1,121,1,3153.2,229,3
2031,2026-06-16 14:18:54+05:30,3152.3,2,3133.71,2774637,136382.0,192463.0,3163.0,3163.0,3108.0,3134.3,31883600,3447.7,2820.9,3839.9,2896.0,3152.3,15,1,3152.2,56,3,3152.1,2,1,3152.0,3,3,3151.9,7,2,3152.4,5,1,3153.0,15,1,3153.1,121,1,3153.2,229,3,3153.4,524,5
2031,2026-06-16 14:18:55+05:30,3152.3,2,3133.71,2774637,136382.0,192463.0,3163.0,3163.0,3108.0,3134.3,31883600,3447.7,2820.9,3839.9,2896.0,3152.3,15,1,3152.2,56,3,3152.1,2,1,3152.0,3,3,3151.9,7,2,3152.4,5,1,3153.0,15,1,3153.1,121,1,3153.2,229,3,3153.4,524,5
2031,2026-06-16 14:18:55+05:30,3152.3,2,3133.71,2774637,136265.0,192470.0,3163.0,3163.0,3108.0,3134.3,31883600,3447.7,2820.9,3839.9,2896.0,3152.2,34,3,3152.1,12,1,3152.0,3,3,3151.9,7,2,3151.8,551,6,3152.4,5,1,3153.0,15,1,3153.1,121,1,3153.2,229,3,3153.4,470,4
2031,2026-06-16 14:18:56+05:30,3152.2,7,3133.71,2774646,136290.0,192448.0,3163.0,3163.0,3108.0,3134.3,31883600,3447.7,2820.9,3839.9,2896.0,3152.2,37,4,3152.1,14,2,3152.0,3,3,3151.9,7,2,3151.8,549,5,3152.3,4,1,3152.4,5,1,3153.0,88,2,3153.1,121,1,3153.2,229,3
2031,2026-06-16 14:18:57+05:30,3152.4,5,3133.71,2774646,136290.0,192448.0,3163.0,3163.0,3108.0,3134.3,31883600,3447.7,2820.9,3839.9,2896.0,3152.2,37,4,3152.1,14,2,3152.0,3,3,3151.9,7,2,3151.8,549,5,3152.3,4,1,3152.4,5,1,3153.0,88,2,3153.1,121,1,3153.2,229,3
2031,2026-06-16 14:18:58+05:30,3152.4,5,3133.71,2774657,136866.0,192326.0,3163.0,3163.0,3108.0,3134.3,31883600,3447.7,2820.9,3839.9,2896.0,3152.4,29,1,3152.2,30,3,3152.1,2,1,3152.0,3,3,3151.9,62,4,3153.0,15,1,3153.1,156,2,3153.2,219,2,3153.3,99,2,3153.4,450,3
2031,2026-06-16 14:18:58+05:30,3153.0,1,3133.71,2774657,136866.0,192326.0,3163.0,3163.0,3108.0,3134.3,31883600,3447.7,2820.9,3839.9,2896.0,3152.4,29,1,3152.2,30,3,3152.1,2,1,3152.0,3,3,3151.9,62,4,3153.0,15,1,3153.1,156,2,3153.2,219,2,3153.3,99,2,3153.4,450,3
2031,2026-06-16 14:18:59+05:30,3153.0,1,3133.71,2774659,136888.0,192363.0,3163.0,3163.0,3108.0,3134.3,31883600,3447.7,2820.9,3839.9,2896.0,3152.4,31,3,3152.3,18,1,3152.2,12,2,3152.1,2,1,3152.0,66,4,3153.0,23,2,3153.1,121,1,3153.2,219,2,3153.3,45,1,3153.4,450,3
2031,2026-06-16 14:19:00+05:30,3153.0,6,3133.71,2774665,136880.0,192312.0,3163.0,3163.0,3108.0,3134.3,31883600,3447.7,2820.9,3839.9,2896.0,3152.4,31,3,3152.2,19,3,3152.1,2,1,3152.0,93,5,3151.9,62,4,3153.0,22,3,3153.1,121,1,3153.2,200,1,3153.3,45,1,3153.4,450,3
2031,2026-06-16 14:19:00+05:30,3153.0,6,3133.71,2774665,136880.0,192312.0,3163.0,3163.0,3108.0,3134.3,31883600,3447.7,2820.9,3839.9,2896.0,3152.4,31,3,3152.2,19,3,3152.1,2,1,3152.0,93,5,3151.9,62,4,3153.0,22,3,3153.1,121,1,3153.2,200,1,3153.3,45,1,3153.4,450,3
2031,2026-06-16 14:19:01+05:30,3153.0,6,3133.71,2774665,137096.0,192307.0,3163.0,3163.0,3108.0,3134.3,31883600,3447.7,2820.9,3839.9,2896.0,3152.7,2,2,3152.5,18,1,3152.4,37,5,3152.2,19,3,3152.1,5,2,3153.0,23,4,3153.2,121,1,3153.3,245,2,3153.4,50,1,3153.5,655,4
2031,2026-06-16 14:19:02+05:30,3153.0,6,3133.71,2774665,136929.0,192431.0,3163.0,3163.0,3108.0,3134.3,31883600,3447.7,2820.9,3839.9,2896.0,3152.7,19,3,3152.4,8,4,3152.2,19,3,3152.1,5,2,3152.0,66,4,3153.0,23,4,3153.2,121,1,3153.3,245,2,3153.4,50,1,3153.5,707,5
2031,2026-06-16 14:19:03+05:30,3153.0,6,3133.71,2774678,137064.0,192247.0,3163.0,3163.0,3108.0,3134.3,31883600,3447.7,2820.9,3839.9,2896.0,3152.7,19,3,3152.4,8,4,3152.2,19,3,3152.1,5,2,3152.0,79,5,3153.0,55,6,3153.2,121,1,3153.3,200,1,3153.4,50,1,3153.5,656,5
2031,2026-06-16 14:19:03+05:30,3152.7,7,3133.71,2774678,137064.0,192247.0,3163.0,3163.0,3108.0,3134.3,31883600,3447.7,2820.9,3839.9,2896.0,3152.7,19,3,3152.4,8,4,3152.2,19,3,3152.1,5,2,3152.0,79,5,3153.0,55,6,3153.2,121,1,3153.3,200,1,3153.4,50,1,3153.5,656,5
2031,2026-06-16 14:19:04+05:30,3153.0,1,3133.71,2774831,137271.0,192084.0,3163.0,3163.0,3108.0,3134.3,31883600,3447.7,2820.9,3839.9,2896.0,3152.7,20,4,3152.4,8,4,3152.2,19,3,3152.1,5,2,3152.0,79,5,3153.0,14,1,3153.2,121,1,3153.3,200,1,3153.5,655,4,3153.6,451,4
2031,2026-06-16 14:19:04+05:30,3153.0,1,3133.71,2774831,137271.0,192084.0,3163.0,3163.0,3108.0,3134.3,31883600,3447.7,2820.9,3839.9,2896.0,3152.7,20,4,3152.4,8,4,3152.2,19,3,3152.1,5,2,3152.0,79,5,3153.0,14,1,3153.2,121,1,3153.3,200,1,3153.5,655,4,3153.6,451,4
2031,2026-06-16 14:19:05+05:30,3153.0,1,3133.72,2774832,137323.0,192090.0,3163.0,3163.0,3108.0,3134.3,31883600,3447.7,2820.9,3839.9,2896.0,3152.7,20,4,3152.4,8,4,3152.2,32,4,3152.1,5,2,3152.0,116,5,3153.0,17,2,3153.2,121,1,3153.3,200,1,3153.5,655,4,3153.6,451,4
2031,2026-06-16 14:19:05+05:30,3153.0,1,3133.72,2774832,137323.0,192090.0,3163.0,3163.0,3108.0,3134.3,31883600,3447.7,2820.9,3839.9,2896.0,3152.7,20,4,3152.4,8,4,3152.2,32,4,3152.1,5,2,3152.0,116,5,3153.0,17,2,3153.2,121,1,3153.3,200,1,3153.5,655,4,3153.6,451,4
2031,2026-06-16 14:19:06+05:30,3152.7,47,3133.72,2775047,137153.0,191966.0,3163.0,3163.0,3108.0,3134.3,31883600,3447.7,2820.9,3839.9,2896.0,3152.7,4,2,3152.6,5,1,3152.5,2,1,3152.4,21,5,3152.3,6,1,3153.0,17,2,3153.2,121,1,3153.3,200,1,3153.5,600,3,3153.6,400,2
2031,2026-06-16 14:19:06+05:30,3152.7,47,3133.72,2775047,137153.0,191966.0,3163.0,3163.0,3108.0,3134.3,31883600,3447.7,2820.9,3839.9,2896.0,3152.7,4,2,3152.6,5,1,3152.5,2,1,3152.4,21,5,3152.3,6,1,3153.0,17,2,3153.2,121,1,3153.3,200,1,3153.5,600,3,3153.6,400,2
2031,2026-06-16 14:19:07+05:30,3152.4,21,3133.72,2775125,135535.0,192309.0,3163.0,3163.0,3108.0,3134.3,31883600,3447.7,2820.9,3839.9,2896.0,3152.3,24,2,3152.2,4,2,3152.1,18,3,3152.0,3,3,3151.9,7,2,3152.4,128,1,3152.5,1,1,3153.0,17,2,3153.1,121,1,3153.2,250,2
2031,2026-06-16 14:19:07+05:30,3152.4,20,3133.72,2775125,135535.0,192309.0,3163.0,3163.0,3108.0,3134.3,31883600,3447.7,2820.9,3839.9,2896.0,3152.3,24,2,3152.2,4,2,3152.1,18,3,3152.0,3,3,3151.9,7,2,3152.4,128,1,3152.5,1,1,3153.0,17,2,3153.1,121,1,3153.2,250,2
2031,2026-06-16 14:19:08+05:30,3152.4,17,3133.72,2775162,135752.0,192383.0,3163.0,3163.0,3108.0,3134.3,31883600,3447.7,2820.9,3839.9,2896.0,3152.3,36,1,3152.2,26,4,3152.1,32,5,3152.0,3,3,3151.9,7,2,3152.4,91,1,3152.5,1,1,3152.7,15,1,3153.0,41,3,3153.1,121,1
2031,2026-06-16 14:19:08+05:30,3152.4,17,3133.72,2775162,135752.0,192383.0,3163.0,3163.0,3108.0,3134.3,31883600,3447.7,2820.9,3839.9,2896.0,3152.3,36,1,3152.2,26,4,3152.1,32,5,3152.0,3,3,3151.9,7,2,3152.4,91,1,3152.5,1,1,3152.7,15,1,3153.0,41,3,3153.1,121,1
2031,2026-06-16 14:19:09+05:30,3152.4,1,3133.72,2775163,135766.0,192570.0,3163.0,3163.0,3108.0,3134.3,31883600,3447.7,2820.9,3839.9,2896.0,3152.3,36,1,3152.2,4,2,3152.1,19,3,3152.0,10,4,3151.9,24,3,3152.4,117,2,3152.5,1,1,3152.7,15,1,3153.0,41,3,3153.1,121,1
2031,2026-06-16 14:19:09+05:30,3152.4,1,3133.72,2775163,135766.0,192570.0,3163.0,3163.0,3108.0,3134.3,31883600,3447.7,2820.9,3839.9,2896.0,3152.3,36,1,3152.2,4,2,3152.1,19,3,3152.0,10,4,3151.9,24,3,3152.4,117,2,3152.5,1,1,3152.7,15,1,3153.0,41,3,3153.1,121,1
2031,2026-06-16 14:19:10+05:30,3152.4,1,3133.72,2775163,135561.0,192598.0,3163.0,3163.0,3108.0,3134.3,31883600,3447.7,2820.9,3839.9,2896.0,3152.3,36,1,3152.2,2,1,3152.1,16,2,3152.0,10,4,3151.9,24,3,3152.4,117,2,3152.5,1,1,3152.7,15,1,3153.0,41,3,3153.1,121,1
2031,2026-06-16 14:19:10+05:30,3151.9,23,3133.72,2775163,135561.0,192598.0,3163.0,3163.0,3108.0,3134.3,31883600,3447.7,2820.9,3839.9,2896.0,3152.3,36,1,3152.2,2,1,3152.1,16,2,3152.0,10,4,3151.9,24,3,3152.4,117,2,3152.5,1,1,3152.7,15,1,3153.0,41,3,3153.1,121,1
2031,2026-06-16 14:19:11+05:30,3151.9,23,3133.72,2775349,135668.0,192605.0,3163.0,3163.0,3108.0,3134.3,31883600,3447.7,2820.9,3839.9,2896.0,3152.3,14,1,3151.8,421,4,3151.7,20,2,3151.6,8,1,3151.5,120,3,3152.4,117,2,3152.5,1,1,3152.7,15,1,3153.0,41,3,3153.2,200,3
2031,2026-06-16 14:19:12+05:30,3152.4,13,3133.72,2775367,135267.0,192560.0,3163.0,3163.0,3108.0,3134.3,31883600,3447.7,2820.9,3839.9,2896.0,3151.9,18,2,3151.8,414,3,3151.7,13,1,3151.6,62,3,3151.5,81,3,3152.4,103,2,3152.7,15,1,3153.0,162,4,3153.1,200,1,3153.2,117,3
2031,2026-06-16 14:19:12+05:30,3152.4,13,3133.72,2775367,135267.0,192560.0,3163.0,3163.0,3108.0,3134.3,31883600,3447.7,2820.9,3839.9,2896.0,3151.9,18,2,3151.8,414,3,3151.7,13,1,3151.6,62,3,3151.5,81,3,3152.4,103,2,3152.7,15,1,3153.0,162,4,3153.1,200,1,3153.2,117,3
2031,2026-06-16 14:19:13+05:30,3151.9,4,3133.72,2775407,136104.0,192321.0,3163.0,3163.0,3108.0,3134.3,31883600,3447.7,2820.9,3839.9,2896.0,3152.0,18,1,3151.9,36,6,3151.8,523,6,3151.7,7,1,3151.6,76,5,3152.3,1,1,3152.4,104,3,3152.7,15,1,3153.0,40,2,3153.2,150,2
2031,2026-06-16 14:19:13+05:30,3151.9,4,3133.72,2775407,136104.0,192321.0,3163.0,3163.0,3108.0,3134.3,31883600,3447.7,2820.9,3839.9,2896.0,3152.0,18,1,3151.9,36,6,3151.8,523,6,3151.7,7,1,3151.6,76,5,3152.3,1,1,3152.4,104,3,3152.7,15,1,3153.0,40,2,3153.2,150,2
2031,2026-06-16 14:19:14+05:30,3152.3,1,3133.72,2775408,136185.0,192464.0,3163.0,3163.0,3108.0,3134.3,31883600,3447.7,2820.9,3839.9,2896.0,3152.0,30,5,3151.9,28,4,3151.8,536,7,3151.7,7,1,3151.6,76,5,3152.4,133,4,3152.7,15,1,3153.0,40,2,3153.2,150,2,3153.3,274,3
2031,2026-06-16 14:19:14+05:30,3152.3,1,3133.72,2775408,136185.0,192464.0,3163.0,3163.0,3108.0,3134.3,31883600,3447.7,2820.9,3839.9,2896.0,3152.0,30,5,3151.9,28,4,3151.8,536,7,3151.7,7,1,3151.6,76,5,3152.4,133,4,3152.7,15,1,3153.0,40,2,3153.2,150,2,3153.3,274,3
2031,2026-06-16 14:19:15+05:30,3152.4,6,3133.72,2775408,136185.0,192464.0,3163.0,3163.0,3108.0,3134.3,31883600,3447.7,2820.9,3839.9,2896.0,3152.0,30,5,3151.9,28,4,3151.8,536,7,3151.7,7,1,3151.6,76,5,3152.4,133,4,3152.7,15,1,3153.0,40,2,3153.2,150,2,3153.3,274,3
2031,2026-06-16 14:19:15+05:30,3152.4,6,3133.72,2775414,135872.0,192542.0,3163.0,3163.0,3108.0,3134.3,31883600,3447.7,2820.9,3839.9,2896.0,3152.3,3,3,3152.2,17,1,3152.1,16,2,3152.0,23,4,3151.9,12,3,3152.4,127,4,3152.6,121,1,3152.7,215,2,3152.9,600,3,3153.0,440,4
2031,2026-06-16 14:19:16+05:30,3152.4,17,3133.72,2775414,135872.0,192542.0,3163.0,3163.0,3108.0,3134.3,31883600,3447.7,2820.9,3839.9,2896.0,3152.3,3,3,3152.2,17,1,3152.1,16,2,3152.0,23,4,3151.9,12,3,3152.4,127,4,3152.6,121,1,3152.7,215,2,3152.9,600,3,3153.0,440,4
2031,2026-06-16 14:19:16+05:30,3152.0,9,3133.73,2777172,135569.0,192449.0,3163.0,3163.0,3108.0,3134.3,31883600,3447.7,2820.9,3839.9,2896.0,3152.0,24,5,3151.9,16,2,3151.8,53,5,3151.7,47,3,3151.6,13,1,3152.4,27,1,3152.6,121,1,3152.7,215,2,3152.9,600,3,3153.0,440,4
2031,2026-06-16 14:19:17+05:30,3152.0,9,3133.73,2777172,135569.0,192449.0,3163.0,3163.0,3108.0,3134.3,31883600,3447.7,2820.9,3839.9,2896.0,3152.0,24,5,3151.9,16,2,3151.8,53,5,3151.7,47,3,3151.6,13,1,3152.4,27,1,3152.6,121,1,3152.7,215,2,3152.9,600,3,3153.0,440,4
2031,2026-06-16 14:19:17+05:30,3152.0,9,3133.73,2777172,135933.0,192153.0,3163.0,3163.0,3108.0,3134.3,31883600,3447.7,2820.9,3839.9,2896.0,3152.0,71,8,3151.9,34,3,3151.8,53,5,3151.7,53,3,3151.6,13,1,3152.4,27,1,3152.7,15,1,3153.0,161,3,3153.1,200,1,3153.2,50,1
2031,2026-06-16 14:19:18+05:30,3152.4,1,3133.73,2777172,135933.0,192153.0,3163.0,3163.0,3108.0,3134.3,31883600,3447.7,2820.9,3839.9,2896.0,3152.0,71,8,3151.9,34,3,3151.8,53,5,3151.7,53,3,3151.6,13,1,3152.4,27,1,3152.7,15,1,3153.0,161,3,3153.1,200,1,3153.2,50,1
2031,2026-06-16 14:19:18+05:30,3152.4,1,3133.73,2777174,135935.0,192094.0,3163.0,3163.0,3108.0,3134.3,31883600,3447.7,2820.9,3839.9,2896.0,3152.0,71,8,3151.9,34,3,3151.8,53,5,3151.7,53,3,3151.6,13,1,3152.4,25,1,3152.7,15,1,3153.0,167,4,3153.1,200,1,3153.2,50,1
2031,2026-06-16 14:19:19+05:30,3152.4,17,3133.73,2777174,135935.0,192094.0,3163.0,3163.0,3108.0,3134.3,31883600,3447.7,2820.9,3839.9,2896.0,3152.0,71,8,3151.9,34,3,3151.8,53,5,3151.7,53,3,3151.6,13,1,3152.4,25,1,3152.7,15,1,3153.0,167,4,3153.1,200,1,3153.2,50,1
2031,2026-06-16 14:19:19+05:30,3152.4,17,3133.73,2777191,135922.0,192101.0,3163.0,3163.0,3108.0,3134.3,31883600,3447.7,2820.9,3839.9,2896.0,3152.0,72,9,3151.9,16,2,3151.8,53,5,3151.7,51,3,3151.6,13,1,3152.4,25,2,3152.7,15,1,3153.0,167,4,3153.1,200,1,3153.3,400,2
2031,2026-06-16 14:19:20+05:30,3152.4,1,3133.73,2777191,135922.0,192101.0,3163.0,3163.0,3108.0,3134.3,31883600,3447.7,2820.9,3839.9,2896.0,3152.0,72,9,3151.9,16,2,3151.8,53,5,3151.7,51,3,3151.6,13,1,3152.4,25,2,3152.7,15,1,3153.0,167,4,3153.1,200,1,3153.3,400,2
2031,2026-06-16 14:19:20+05:30,3152.4,1,3133.73,2777193,136104.0,191926.0,3163.0,3163.0,3108.0,3134.3,31883600,3447.7,2820.9,3839.9,2896.0,3152.1,18,1,3152.0,98,10,3151.9,32,3,3151.8,77,5,3151.7,17,2,3152.4,24,3,3152.7,15,1,3153.0,167,4,3153.1,200,1,3153.3,400,2
2031,2026-06-16 14:19:21+05:30,3152.4,1,3133.73,2777193,136104.0,191926.0,3163.0,3163.0,3108.0,3134.3,31883600,3447.7,2820.9,3839.9,2896.0,3152.1,18,1,3152.0,98,10,3151.9,32,3,3151.8,77,5,3151.7,17,2,3152.4,24,3,3152.7,15,1,3153.0,167,4,3153.1,200,1,3153.3,400,2
2031,2026-06-16 14:19:21+05:30,3152.4,1,3133.73,2777193,136189.0,192108.0,3163.0,3163.0,3108.0,3134.3,31883600,3447.7,2820.9,3839.9,2896.0,3152.1,72,6,3152.0,64,7,3151.9,32,3,3151.8,124,6,3151.7,17,2,3152.4,24,3,3152.7,15,1,3153.0,167,4,3153.1,200,1,3153.3,400,2
2031,2026-06-16 14:19:22+05:30,3152.4,1,3133.73,2777193,136189.0,192108.0,3163.0,3163.0,3108.0,3134.3,31883600,3447.7,2820.9,3839.9,2896.0,3152.1,72,6,3152.0,64,7,3151.9,32,3,3151.8,124,6,3151.7,17,2,3152.4,24,3,3152.7,15,1,3153.0,167,4,3153.1,200,1,3153.3,400,2
2031,2026-06-16 14:19:22+05:30,3152.4,1,3133.73,2777218,136380.0,191912.0,3163.0,3163.0,3108.0,3134.3,31883600,3447.7,2820.9,3839.9,2896.0,3152.2,12,1,3152.1,84,7,3152.0,109,8,3151.9,32,3,3151.8,80,6,3152.7,15,1,3153.0,167,4,3153.1,200,1,3153.3,400,2,3153.4,400,2
2031,2026-06-16 14:19:23+05:30,3153.0,25,3133.73,2777218,136380.0,191912.0,3163.0,3163.0,3108.0,3134.3,31883600,3447.7,2820.9,3839.9,2896.0,3152.2,12,1,3152.1,84,7,3152.0,109,8,3151.9,32,3,3151.8,80,6,3152.7,15,1,3153.0,167,4,3153.1,200,1,3153.3,400,2,3153.4,400,2
2031,2026-06-16 14:19:23+05:30,3153.0,25,3133.73,2777345,137353.0,192007.0,3163.0,3163.0,3108.0,3134.3,31883600,3447.7,2820.9,3839.9,2896.0,3152.5,25,4,3152.4,30,2,3152.3,34,3,3152.2,71,4,3152.1,105,7,3153.0,115,3,3153.1,200,1,3153.3,600,3,3153.4,400,2,3153.5,280,2
2031,2026-06-16 14:19:24+05:30,3152.2,39,3133.73,2777345,137353.0,192007.0,3163.0,3163.0,3108.0,3134.3,31883600,3447.7,2820.9,3839.9,2896.0,3152.5,25,4,3152.4,30,2,3152.3,34,3,3152.2,71,4,3152.1,105,7,3153.0,115,3,3153.1,200,1,3153.3,600,3,3153.4,400,2,3153.5,280,2
2031,2026-06-16 14:19:24+05:30,3152.2,39,3133.73,2777545,136080.0,192183.0,3163.0,3163.0,3108.0,3134.3,31883600,3447.7,2820.9,3839.9,2896.0,3152.2,1,1,3152.1,129,6,3152.0,65,7,3151.9,51,4,3151.8,78,4,3153.0,115,3,3153.1,200,1,3153.3,600,3,3153.4,401,3,3153.5,280,2
2031,2026-06-16 14:19:25+05:30,3153.0,1,3133.73,2777545,136080.0,192183.0,3163.0,3163.0,3108.0,3134.3,31883600,3447.7,2820.9,3839.9,2896.0,3152.2,1,1,3152.1,129,6,3152.0,65,7,3151.9,51,4,3151.8,78,4,3153.0,115,3,3153.1,200,1,3153.3,600,3,3153.4,401,3,3153.5,280,2
2031,2026-06-16 14:19:25+05:30,3153.0,1,3133.73,2777547,136592.0,192233.0,3163.0,3163.0,3108.0,3134.3,31883600,3447.7,2820.9,3839.9,2896.0,3152.5,17,1,3152.2,34,4,3152.1,100,4,3152.0,78,8,3151.9,38,3,3153.0,148,4,3153.1,200,1,3153.3,600,3,3153.4,401,3,3153.5,280,2
2031,2026-06-16 14:19:26+05:30,3153.0,1,3133.73,2777547,136440.0,192152.0,3163.0,3163.0,3108.0,3134.3,31883600,3447.7,2820.9,3839.9,2896.0,3152.3,45,7,3152.2,13,3,3152.1,82,3,3152.0,78,8,3151.9,16,2,3152.5,1,1,3153.0,148,4,3153.1,200,1,3153.3,400,2,3153.4,400,2
2031,2026-06-16 14:19:27+05:30,3153.0,17,3133.73,2777547,136440.0,192152.0,3163.0,3163.0,3108.0,3134.3,31883600,3447.7,2820.9,3839.9,2896.0,3152.3,45,7,3152.2,13,3,3152.1,82,3,3152.0,78,8,3151.9,16,2,3152.5,1,1,3153.0,148,4,3153.1,200,1,3153.3,400,2,3153.4,400,2
2031,2026-06-16 14:19:27+05:30,3153.0,17,3133.73,2777573,136535.0,192356.0,3163.0,3163.0,3108.0,3134.3,31883600,3447.7,2820.9,3839.9,2896.0,3152.5,9,1,3152.4,22,2,3152.3,8,3,3152.2,22,3,3152.1,60,4,3153.0,131,4,3153.1,200,1,3153.3,600,3,3153.4,401,3,3153.5,280,2
2031,2026-06-16 14:19:28+05:30,3152.5,142,3133.73,2777573,136535.0,192356.0,3163.0,3163.0,3108.0,3134.3,31883600,3447.7,2820.9,3839.9,2896.0,3152.5,18,4,3152.4,13,2,3152.3,26,5,3152.2,40,4,3152.1,60,4,3153.0,54,3,3153.2,77,1,3153.3,200,1,3153.5,680,4,3153.6,451,4
2031,2026-06-16 14:19:28+05:30,3152.5,142,3133.73,2777773,136007.0,192470.0,3163.0,3163.0,3108.0,3134.3,31883600,3447.7,2820.9,3839.9,2896.0,3152.5,18,4,3152.4,13,2,3152.3,26,5,3152.2,40,4,3152.1,60,4,3153.0,54,3,3153.2,77,1,3153.3,200,1,3153.5,680,4,3153.6,451,4
2031,2026-06-16 14:19:29+05:30,3152.5,142,3133.73,2777773,136581.0,192253.0,3163.0,3163.0,3108.0,3134.3,31883600,3447.7,2820.9,3839.9,2896.0,3152.5,18,4,3152.4,13,2,3152.3,26,5,3152.2,40,4,3152.1,60,4,3153.0,55,4,3153.2,77,1,3153.3,200,1,3153.5,480,3,3153.6,451,4
2031,2026-06-16 14:19:29+05:30,3152.5,142,3133.73,2777773,136581.0,192253.0,3163.0,3163.0,3108.0,3134.3,31883600,3447.7,2820.9,3839.9,2896.0,3152.5,18,4,3152.4,13,2,3152.3,26,5,3152.2,40,4,3152.1,60,4,3153.0,55,4,3153.2,77,1,3153.3,200,1,3153.5,480,3,3153.6,451,4
2031,2026-06-16 14:19:30+05:30,3153.0,1,3133.73,2777773,136581.0,192253.0,3163.0,3163.0,3108.0,3134.3,31883600,3447.7,2820.9,3839.9,2896.0,3152.5,18,4,3152.4,13,2,3152.3,26,5,3152.2,40,4,3152.1,60,4,3153.0,55,4,3153.2,77,1,3153.3,200,1,3153.5,480,3,3153.6,451,4
2031,2026-06-16 14:19:30+05:30,3153.0,1,3133.73,2777774,136599.0,192254.0,3163.0,3163.0,3108.0,3134.3,31883600,3447.7,2820.9,3839.9,2896.0,3152.5,25,6,3152.4,1,1,3152.3,35,5,3152.2,10,2,3152.1,73,5,3153.0,54,4,3153.2,77,1,3153.3,200,1,3153.5,481,4,3153.6,450,3
2031,2026-06-16 14:19:31+05:30,3153.0,6,3133.74,2777998,136349.0,192498.0,3163.0,3163.0,3108.0,3134.3,31883600,3447.7,2820.9,3839.9,2896.0,3152.5,31,5,3152.4,23,3,3152.3,6,2,3152.2,25,4,3152.1,53,2,3153.0,30,2,3153.2,77,1,3153.3,200,1,3153.5,680,4,3153.6,450,3
2031,2026-06-16 14:19:31+05:30,3153.0,6,3133.74,2777998,136349.0,192498.0,3163.0,3163.0,3108.0,3134.3,31883600,3447.7,2820.9,3839.9,2896.0,3152.5,31,5,3152.4,23,3,3152.3,6,2,3152.2,25,4,3152.1,53,2,3153.0,30,2,3153.2,77,1,3153.3,200,1,3153.5,680,4,3153.6,450,3
2031,2026-06-16 14:19:31+05:30,3153.0,6,3133.74,2777998,136349.0,192498.0,3163.0,3163.0,3108.0,3134.3,31883600,3447.7,2820.9,3839.9,2896.0,3152.5,31,5,3152.4,23,3,3152.3,6,2,3152.2,25,4,3152.1,53,2,3153.0,30,2,3153.2,77,1,3153.3,200,1,3153.5,680,4,3153.6,450,3
2031,2026-06-16 14:19:32+05:30,3153.0,11,3133.74,2777998,136349.0,192498.0,3163.0,3163.0,3108.0,3134.3,31883600,3447.7,2820.9,3839.9,2896.0,3152.5,27,4,3152.4,28,3,3152.3,6,2,3152.2,16,3,3152.1,63,3,3153.0,40,3,3153.2,77,1,3153.3,200,1,3153.5,680,4,3153.6,450,3
2031,2026-06-16 14:19:32+05:30,3153.0,11,3133.74,2778009,136476.0,192460.0,3163.0,3163.0,3108.0,3134.3,31883600,3447.7,2820.9,3839.9,2896.0,3152.5,27,4,3152.4,28,3,3152.3,6,2,3152.2,16,3,3152.1,63,3,3153.0,40,3,3153.2,77,1,3153.3,200,1,3153.5,680,4,3153.6,450,3
2031,2026-06-16 14:19:33+05:30,3153.0,12,3133.74,2778061,136558.0,191977.0,3163.0,3163.0,3108.0,3134.3,31883600,3447.7,2820.9,3839.9,2896.0,3152.5,22,3,3152.4,28,3,3152.3,6,2,3152.2,16,3,3152.1,73,4,3153.0,3,1,3153.2,77,1,3153.3,200,1,3153.5,480,3,3153.6,450,3
2031,2026-06-16 14:19:33+05:30,3153.0,12,3133.74,2778061,136558.0,191977.0,3163.0,3163.0,3108.0,3134.3,31883600,3447.7,2820.9,3839.9,2896.0,3152.5,22,3,3152.4,28,3,3152.3,6,2,3152.2,16,3,3152.1,73,4,3153.0,3,1,3153.2,77,1,3153.3,200,1,3153.5,480,3,3153.6,450,3
2031,2026-06-16 14:19:33+05:30,3153.0,12,3133.74,2778061,136558.0,191977.0,3163.0,3163.0,3108.0,3134.3,31883600,3447.7,2820.9,3839.9,2896.0,3152.5,22,3,3152.4,28,3,3152.3,6,2,3152.2,16,3,3152.1,73,4,3153.0,3,1,3153.2,77,1,3153.3,200,1,3153.5,480,3,3153.6,450,3
2031,2026-06-16 14:19:34+05:30,3153.0,12,3133.74,2778061,136539.0,192243.0,3163.0,3163.0,3108.0,3134.3,31883600,3447.7,2820.9,3839.9,2896.0,3152.5,23,4,3152.4,16,2,3152.3,6,2,3152.2,8,2,3152.1,73,4,3153.0,5,2,3153.2,77,1,3153.3,200,1,3153.5,480,3,3153.6,450,3
2031,2026-06-16 14:19:35+05:30,3153.0,1,3133.74,2778061,136539.0,192243.0,3163.0,3163.0,3108.0,3134.3,31883600,3447.7,2820.9,3839.9,2896.0,3152.5,23,4,3152.4,16,2,3152.3,6,2,3152.2,8,2,3152.1,73,4,3153.0,5,2,3153.2,77,1,3153.3,200,1,3153.5,480,3,3153.6,450,3
2031,2026-06-16 14:19:35+05:30,3153.0,1,3133.74,2778062,136543.0,192258.0,3163.0,3163.0,3108.0,3134.3,31883600,3447.7,2820.9,3839.9,2896.0,3152.5,25,5,3152.3,15,3,3152.2,8,2,3152.1,73,4,3152.0,121,7,3153.0,18,3,3153.2,77,1,3153.3,200,1,3153.5,481,4,3153.6,450,3
2031,2026-06-16 14:19:35+05:30,3153.0,1,3133.74,2778062,136543.0,192258.0,3163.0,3163.0,3108.0,3134.3,31883600,3447.7,2820.9,3839.9,2896.0,3152.5,25,5,3152.3,15,3,3152.2,8,2,3152.1,73,4,3152.0,121,7,3153.0,18,3,3153.2,77,1,3153.3,200,1,3153.5,481,4,3153.6,450,3
2031,2026-06-16 14:19:36+05:30,3152.5,4,3133.74,2778062,136543.0,192258.0,3163.0,3163.0,3108.0,3134.3,31883600,3447.7,2820.9,3839.9,2896.0,3152.5,25,5,3152.3,15,3,3152.2,8,2,3152.1,73,4,3152.0,121,7,3153.0,18,3,3153.2,77,1,3153.3,200,1,3153.5,481,4,3153.6,450,3
2031,2026-06-16 14:19:36+05:30,3152.5,4,3133.74,2778067,136555.0,192320.0,3163.0,3163.0,3108.0,3134.3,31883600,3447.7,2820.9,3839.9,2896.0,3152.5,18,5,3152.3,18,3,3152.2,27,3,3152.1,60,3,3152.0,58,5,3153.0,21,5,3153.2,77,1,3153.3,200,1,3153.5,481,4,3153.6,450,3
2031,2026-06-16 14:19:37+05:30,3153.0,2,3133.74,2778082,136715.0,192476.0,3163.0,3163.0,3108.0,3134.3,31883600,3447.7,2820.9,3839.9,2896.0,3152.7,18,1,3152.5,6,3,3152.4,13,1,3152.3,6,2,3152.2,27,3,3153.0,16,3,3153.2,77,1,3153.3,200,1,3153.5,680,4,3153.6,451,4
2031,2026-06-16 14:19:37+05:30,3153.0,2,3133.74,2778082,136715.0,192476.0,3163.0,3163.0,3108.0,3134.3,31883600,3447.7,2820.9,3839.9,2896.0,3152.7,18,1,3152.5,6,3,3152.4,13,1,3152.3,6,2,3152.2,27,3,3153.0,16,3,3153.2,77,1,3153.3,200,1,3153.5,680,4,3153.6,451,4
2031,2026-06-16 14:19:38+05:30,3153.0,2,3133.74,2778082,136715.0,192476.0,3163.0,3163.0,3108.0,3134.3,31883600,3447.7,2820.9,3839.9,2896.0,3152.7,18,1,3152.5,6,3,3152.4,13,1,3152.3,6,2,3152.2,27,3,3153.0,16,3,3153.2,77,1,3153.3,200,1,3153.5,680,4,3153.6,451,4
2031,2026-06-16 14:19:38+05:30,3153.0,1,3133.74,2778083,137252.0,192270.0,3163.0,3163.0,3108.0,3134.3,31883600,3447.7,2820.9,3839.9,2896.0,3152.9,16,1,3152.5,31,4,3152.4,13,1,3152.3,6,2,3152.2,98,5,3153.0,4,2,3153.2,77,1,3153.3,200,1,3153.5,680,4,3153.6,450,3
2031,2026-06-16 14:19:38+05:30,3153.0,1,3133.74,2778083,137252.0,192270.0,3163.0,3163.0,3108.0,3134.3,31883600,3447.7,2820.9,3839.9,2896.0,3152.9,16,1,3152.5,31,4,3152.4,13,1,3152.3,6,2,3152.2,98,5,3153.0,4,2,3153.2,77,1,3153.3,200,1,3153.5,680,4,3153.6,450,3
2031,2026-06-16 14:19:39+05:30,3153.0,3,3133.74,2778087,136573.0,192093.0,3163.0,3163.0,3108.0,3134.3,31883600,3447.7,2820.9,3839.9,2896.0,3153.0,11,1,3152.9,3,1,3152.5,19,3,3152.3,6,2,3152.2,89,3,3153.2,77,1,3153.3,200,1,3153.5,680,4,3153.6,451,4,3153.7,200,1
2031,2026-06-16 14:19:39+05:30,3153.0,3,3133.74,2778087,136573.0,192093.0,3163.0,3163.0,3108.0,3134.3,31883600,3447.7,2820.9,3839.9,2896.0,3153.0,11,1,3152.9,3,1,3152.5,19,3,3152.3,6,2,3152.2,89,3,3153.2,77,1,3153.3,200,1,3153.5,680,4,3153.6,451,4,3153.7,200,1
2031,2026-06-16 14:19:39+05:30,3153.0,3,3133.74,2778087,136573.0,192093.0,3163.0,3163.0,3108.0,3134.3,31883600,3447.7,2820.9,3839.9,2896.0,3153.0,11,1,3152.9,3,1,3152.5,19,3,3152.3,6,2,3152.2,89,3,3153.2,77,1,3153.3,200,1,3153.5,680,4,3153.6,451,4,3153.7,200,1
2031,2026-06-16 14:19:40+05:30,3153.2,96,3133.74,2778270,136571.0,191742.0,3163.0,3163.0,3108.0,3134.3,31883600,3447.7,2820.9,3839.9,2896.0,3152.9,3,1,3152.5,19,3,3152.3,6,2,3152.2,26,2,3152.1,57,5,3153.0,45,1,3153.2,104,1,3153.3,200,1,3153.5,680,4,3153.6,451,4
2031,2026-06-16 14:19:40+05:30,3153.2,96,3133.74,2778270,136571.0,191742.0,3163.0,3163.0,3108.0,3134.3,31883600,3447.7,2820.9,3839.9,2896.0,3152.9,3,1,3152.5,19,3,3152.3,6,2,3152.2,26,2,3152.1,57,5,3153.0,45,1,3153.2,104,1,3153.3,200,1,3153.5,680,4,3153.6,451,4
2031,2026-06-16 14:19:41+05:30,3153.2,96,3133.74,2778270,136571.0,191742.0,3163.0,3163.0,3108.0,3134.3,31883600,3447.7,2820.9,3839.9,2896.0,3152.9,3,1,3152.5,19,3,3152.3,6,2,3152.2,26,2,3152.1,57,5,3153.0,45,1,3153.2,104,1,3153.3,200,1,3153.5,680,4,3153.6,451,4
2031,2026-06-16 14:19:41+05:30,3153.0,1,3133.74,2778270,136571.0,191742.0,3163.0,3163.0,3108.0,3134.3,31883600,3447.7,2820.9,3839.9,2896.0,3152.9,3,1,3152.5,19,3,3152.3,6,2,3152.2,26,2,3152.1,57,5,3153.0,45,1,3153.2,104,1,3153.3,200,1,3153.5,680,4,3153.6,451,4
2031,2026-06-16 14:19:41+05:30,3153.0,1,3133.74,2778271,136322.0,191723.0,3163.0,3163.0,3108.0,3134.3,31883600,3447.7,2820.9,3839.9,2896.0,3152.9,3,1,3152.5,19,3,3152.3,6,2,3152.2,26,2,3152.1,57,5,3153.0,44,1,3153.2,143,2,3153.3,200,1,3153.4,25,1,3153.5,680,4
2031,2026-06-16 14:19:42+05:30,3153.0,1,3133.74,2778271,136322.0,191723.0,3163.0,3163.0,3108.0,3134.3,31883600,3447.7,2820.9,3839.9,2896.0,3152.9,3,1,3152.5,19,3,3152.3,6,2,3152.2,26,2,3152.1,57,5,3153.0,44,1,3153.2,143,2,3153.3,200,1,3153.4,25,1,3153.5,680,4
2031,2026-06-16 14:19:42+05:30,3153.0,44,3133.74,2778315,136477.0,191881.0,3163.0,3163.0,3108.0,3134.3,31883600,3447.7,2820.9,3839.9,2896.0,3152.9,18,2,3152.5,3,2,3152.3,15,3,3152.2,7,1,3152.1,57,5,3153.2,143,2,3153.3,200,1,3153.5,680,4,3153.6,451,4,3153.7,200,1
2031,2026-06-16 14:19:42+05:30,3153.0,44,3133.74,2778315,136477.0,191881.0,3163.0,3163.0,3108.0,3134.3,31883600,3447.7,2820.9,3839.9,2896.0,3152.9,18,2,3152.5,3,2,3152.3,15,3,3152.2,7,1,3152.1,57,5,3153.2,143,2,3153.3,200,1,3153.5,680,4,3153.6,451,4,3153.7,200,1
2031,2026-06-16 14:19:42+05:30,3153.0,44,3133.74,2778315,136477.0,191881.0,3163.0,3163.0,3108.0,3134.3,31883600,3447.7,2820.9,3839.9,2896.0,3152.9,18,2,3152.5,3,2,3152.3,15,3,3152.2,7,1,3152.1,57,5,3153.2,143,2,3153.3,200,1,3153.5,680,4,3153.6,451,4,3153.7,200,1
2031,2026-06-16 14:19:43+05:30,3153.0,44,3133.74,2778315,136477.0,191881.0,3163.0,3163.0,3108.0,3134.3,31883600,3447.7,2820.9,3839.9,2896.0,3152.9,18,2,3152.5,3,2,3152.3,15,3,3152.2,7,1,3152.1,57,5,3153.2,143,2,3153.3,200,1,3153.5,680,4,3153.6,451,4,3153.7,200,1
2031,2026-06-16 14:19:43+05:30,3153.2,22,3133.74,2778315,136477.0,191881.0,3163.0,3163.0,3108.0,3134.3,31883600,3447.7,2820.9,3839.9,2896.0,3152.9,18,2,3152.5,3,2,3152.3,15,3,3152.2,7,1,3152.1,57,5,3153.2,143,2,3153.3,200,1,3153.5,680,4,3153.6,451,4,3153.7,200,1
2031,2026-06-16 14:19:43+05:30,3153.2,22,3133.74,2778537,136212.0,191820.0,3163.0,3163.0,3108.0,3134.3,31883600,3447.7,2820.9,3839.9,2896.0,3152.9,13,2,3152.6,7,1,3152.5,5,3,3152.4,5,1,3152.3,15,3,3153.2,146,3,3153.3,200,1,3153.5,680,4,3153.6,451,4,3153.7,200,1
2031,2026-06-16 14:19:43+05:30,3153.2,22,3133.74,2778537,136212.0,191820.0,3163.0,3163.0,3108.0,3134.3,31883600,3447.7,2820.9,3839.9,2896.0,3152.9,13,2,3152.6,7,1,3152.5,5,3,3152.4,5,1,3152.3,15,3,3153.2,146,3,3153.3,200,1,3153.5,680,4,3153.6,451,4,3153.7,200,1
2031,2026-06-16 14:19:44+05:30,3153.2,1,3133.74,2778537,136212.0,191820.0,3163.0,3163.0,3108.0,3134.3,31883600,3447.7,2820.9,3839.9,2896.0,3152.9,13,2,3152.6,7,1,3152.5,5,3,3152.4,5,1,3152.3,15,3,3153.2,146,3,3153.3,200,1,3153.5,680,4,3153.6,451,4,3153.7,200,1
2031,2026-06-16 14:19:44+05:30,3153.2,1,3133.74,2778538,136225.0,191829.0,3163.0,3163.0,3108.0,3134.3,31883600,3447.7,2820.9,3839.9,2896.0,3152.9,13,2,3152.6,7,1,3152.5,5,3,3152.4,5,1,3152.3,15,3,3153.2,145,3,3153.3,200,1,3153.5,680,4,3153.6,451,4,3153.7,200,1
2031,2026-06-16 14:19:44+05:30,3153.2,1,3133.74,2778538,136225.0,191829.0,3163.0,3163.0,3108.0,3134.3,31883600,3447.7,2820.9,3839.9,2896.0,3152.9,13,2,3152.6,7,1,3152.5,5,3,3152.4,5,1,3152.3,15,3,3153.2,145,3,3153.3,200,1,3153.5,680,4,3153.6,451,4,3153.7,200,1
2031,2026-06-16 14:19:45+05:30,3153.2,16,3133.74,2778538,136225.0,191829.0,3163.0,3163.0,3108.0,3134.3,31883600,3447.7,2820.9,3839.9,2896.0,3152.9,13,2,3152.6,7,1,3152.5,5,3,3152.4,5,1,3152.3,15,3,3153.2,145,3,3153.3,200,1,3153.5,680,4,3153.6,451,4,3153.7,200,1
2031,2026-06-16 14:19:45+05:30,3153.2,16,3133.74,2778760,135858.0,191867.0,3163.0,3163.0,3108.0,3134.3,31883600,3447.7,2820.9,3839.9,2896.0,3152.5,19,5,3152.4,26,3,3152.3,15,3,3152.2,30,3,3152.1,25,3,3153.2,48,2,3153.5,80,1,3153.8,21,1,3153.9,120,2,3154.0,591,10
2031,2026-06-16 14:19:45+05:30,3153.2,16,3133.74,2778760,135858.0,191867.0,3163.0,3163.0,3108.0,3134.3,31883600,3447.7,2820.9,3839.9,2896.0,3152.5,19,5,3152.4,26,3,3152.3,15,3,3152.2,30,3,3152.1,25,3,3153.2,48,2,3153.5,80,1,3153.8,21,1,3153.9,120,2,3154.0,591,10
2031,2026-06-16 14:19:46+05:30,3153.2,16,3133.74,2778760,135858.0,191867.0,3163.0,3163.0,3108.0,3134.3,31883600,3447.7,2820.9,3839.9,2896.0,3152.5,19,5,3152.4,26,3,3152.3,15,3,3152.2,30,3,3152.1,25,3,3153.2,48,2,3153.5,80,1,3153.8,21,1,3153.9,120,2,3154.0,591,10
2031,2026-06-16 14:19:46+05:30,3153.2,1,3133.74,2778825,135632.0,192365.0,3163.0,3163.0,3108.0,3134.3,31883600,3447.7,2820.9,3839.9,2896.0,3152.3,123,7,3152.2,39,4,3152.1,128,7,3152.0,83,7,3151.9,216,4,3153.5,80,1,3153.9,156,4,3154.0,591,10,3154.1,287,3,3154.2,72,2
2031,2026-06-16 14:19:46+05:30,3153.2,1,3133.74,2778825,135632.0,192365.0,3163.0,3163.0,3108.0,3134.3,31883600,3447.7,2820.9,3839.9,2896.0,3152.3,123,7,3152.2,39,4,3152.1,128,7,3152.0,83,7,3151.9,216,4,3153.5,80,1,3153.9,156,4,3154.0,591,10,3154.1,287,3,3154.2,72,2
2031,2026-06-16 14:19:46+05:30,3153.2,1,3133.74,2778825,135632.0,192365.0,3163.0,3163.0,3108.0,3134.3,31883600,3447.7,2820.9,3839.9,2896.0,3152.3,123,7,3152.2,39,4,3152.1,128,7,3152.0,83,7,3151.9,216,4,3153.5,80,1,3153.9,156,4,3154.0,591,10,3154.1,287,3,3154.2,72,2
2031,2026-06-16 14:19:47+05:30,3153.2,1,3133.74,2778825,135842.0,192159.0,3163.0,3163.0,3108.0,3134.3,31883600,3447.7,2820.9,3839.9,2896.0,3152.3,108,6,3152.2,38,4,3152.1,88,4,3152.0,182,9,3151.9,16,2,3152.7,1,1,3153.5,80,1,3153.8,49,2,3153.9,155,3,3154.0,591,10
2031,2026-06-16 14:19:47+05:30,3153.2,1,3133.74,2778825,135842.0,192159.0,3163.0,3163.0,3108.0,3134.3,31883600,3447.7,2820.9,3839.9,2896.0,3152.3,108,6,3152.2,38,4,3152.1,88,4,3152.0,182,9,3151.9,16,2,3152.7,1,1,3153.5,80,1,3153.8,49,2,3153.9,155,3,3154.0,591,10
2031,2026-06-16 14:19:48+05:30,3153.2,1,3133.74,2778825,135846.0,192162.0,3163.0,3163.0,3108.0,3134.3,31883600,3447.7,2820.9,3839.9,2896.0,3152.3,108,6,3152.2,48,3,3152.1,76,3,3152.0,130,7,3151.9,16,2,3152.7,1,1,3153.5,80,1,3153.8,49,2,3153.9,155,3,3154.0,591,10
2031,2026-06-16 14:19:48+05:30,3153.2,1,3133.74,2778825,135846.0,192162.0,3163.0,3163.0,3108.0,3134.3,31883600,3447.7,2820.9,3839.9,2896.0,3152.3,108,6,3152.2,48,3,3152.1,76,3,3152.0,130,7,3151.9,16,2,3152.7,1,1,3153.5,80,1,3153.8,49,2,3153.9,155,3,3154.0,591,10
2031,2026-06-16 14:19:49+05:30,3152.0,15,3133.74,2779025,134328.0,193041.0,3163.0,3163.0,3108.0,3134.3,31883600,3447.7,2820.9,3839.9,2896.0,3152.3,1,1,3152.0,28,5,3151.9,9,2,3151.8,8,2,3151.7,9,2,3152.7,1,1,3153.3,32,1,3153.4,94,2,3153.5,166,4,3153.6,271,3
2031,2026-06-16 14:19:49+05:30,3152.0,15,3133.74,2779025,134328.0,193041.0,3163.0,3163.0,3108.0,3134.3,31883600,3447.7,2820.9,3839.9,2896.0,3152.3,1,1,3152.0,28,5,3151.9,9,2,3151.8,8,2,3151.7,9,2,3152.7,1,1,3153.3,32,1,3153.4,94,2,3153.5,166,4,3153.6,271,3
2031,2026-06-16 14:19:49+05:30,3152.0,15,3133.74,2779025,134328.0,193041.0,3163.0,3163.0,3108.0,3134.3,31883600,3447.7,2820.9,3839.9,2896.0,3152.3,1,1,3152.0,28,5,3151.9,9,2,3151.8,8,2,3151.7,9,2,3152.7,1,1,3153.3,32,1,3153.4,94,2,3153.5,166,4,3153.6,271,3
2031,2026-06-16 14:19:50+05:30,3153.3,6,3133.74,2779040,134860.0,192815.0,3163.0,3163.0,3108.0,3134.3,31883600,3447.7,2820.9,3839.9,2896.0,3152.3,1,1,3152.1,10,1,3152.0,51,8,3151.9,9,2,3151.8,183,3,3153.4,124,3,3153.5,129,2,3153.6,50,1,3153.7,12,2,3153.8,60,3
2031,2026-06-16 14:19:50+05:30,3153.3,6,3133.74,2779040,134860.0,192815.0,3163.0,3163.0,3108.0,3134.3,31883600,3447.7,2820.9,3839.9,2896.0,3152.3,1,1,3152.1,10,1,3152.0,51,8,3151.9,9,2,3151.8,183,3,3153.4,124,3,3153.5,129,2,3153.6,50,1,3153.7,12,2,3153.8,60,3
2031,2026-06-16 14:19:51+05:30,3153.4,1,3133.74,2779040,134860.0,192815.0,3163.0,3163.0,3108.0,3134.3,31883600,3447.7,2820.9,3839.9,2896.0,3152.3,1,1,3152.1,10,1,3152.0,51,8,3151.9,9,2,3151.8,183,3,3153.4,124,3,3153.5,129,2,3153.6,50,1,3153.7,12,2,3153.8,60,3
2031,2026-06-16 14:19:51+05:30,3153.4,1,3133.74,2779041,134924.0,193016.0,3163.0,3163.0,3108.0,3134.3,31883600,3447.7,2820.9,3839.9,2896.0,3152.3,1,1,3152.0,28,6,3151.9,9,2,3151.8,183,3,3151.7,94,4,3153.2,15,1,3153.3,34,2,3153.4,149,3,3153.5,168,4,3153.6,50,1
2031,2026-06-16 14:19:52+05:30,3153.2,5,3133.74,2779041,134924.0,193016.0,3163.0,3163.0,3108.0,3134.3,31883600,3447.7,2820.9,3839.9,2896.0,3152.3,1,1,3152.0,28,6,3151.9,9,2,3151.8,183,3,3151.7,94,4,3153.2,15,1,3153.3,34,2,3153.4,149,3,3153.5,168,4,3153.6,50,1
2031,2026-06-16 14:19:52+05:30,3153.2,5,3133.74,2779077,134667.0,193081.0,3163.0,3163.0,3108.0,3134.3,31883600,3447.7,2820.9,3839.9,2896.0,3152.3,14,1,3152.0,16,4,3151.9,21,1,3151.8,7,1,3151.7,22,2,3153.2,13,1,3153.3,137,4,3153.4,155,6,3153.5,265,4,3153.6,295,3
2031,2026-06-16 14:19:53+05:30,3153.2,5,3133.74,2779077,134867.0,193014.0,3163.0,3163.0,3108.0,3134.3,31883600,3447.7,2820.9,3839.9,2896.0,3152.3,14,1,3152.0,16,4,3151.9,21,1,3151.8,7,1,3151.7,22,2,3153.2,91,5,3153.3,78,3,3153.4,231,7,3153.5,390,4,3153.6,143,3
2031,2026-06-16 14:19:54+05:30,3152.3,1,3133.74,2779077,134867.0,193014.0,3163.0,3163.0,3108.0,3134.3,31883600,3447.7,2820.9,3839.9,2896.0,3152.3,14,1,3152.0,16,4,3151.9,21,1,3151.8,7,1,3151.7,22,2,3153.2,91,5,3153.3,78,3,3153.4,231,7,3153.5,390,4,3153.6,143,3
2031,2026-06-16 14:19:54+05:30,3152.3,1,3133.74,2779078,134866.0,193665.0,3163.0,3163.0,3108.0,3134.3,31883600,3447.7,2820.9,3839.9,2896.0,3152.3,13,1,3152.0,16,4,3151.9,21,1,3151.8,7,1,3151.7,22,2,3153.2,116,6,3153.3,78,3,3153.4,231,7,3153.5,390,4,3153.6,143,3
2031,2026-06-16 14:19:55+05:30,3152.3,1,3133.74,2779079,134866.0,193651.0,3163.0,3163.0,3108.0,3134.3,31883600,3447.7,2820.9,3839.9,2896.0,3152.3,13,2,3152.0,16,4,3151.9,21,1,3151.8,7,1,3151.7,22,2,3153.2,116,6,3153.3,78,3,3153.4,231,7,3153.5,390,4,3153.6,143,3
2031,2026-06-16 14:19:56+05:30,3152.5,1,3133.74,2779079,134866.0,193651.0,3163.0,3163.0,3108.0,3134.3,31883600,3447.7,2820.9,3839.9,2896.0,3152.3,13,2,3152.0,16,4,3151.9,21,1,3151.8,7,1,3151.7,22,2,3153.2,116,6,3153.3,78,3,3153.4,231,7,3153.5,390,4,3153.6,143,3
2031,2026-06-16 14:19:56+05:30,3152.5,1,3133.74,2779080,135490.0,193380.0,3163.0,3163.0,3108.0,3134.3,31883600,3447.7,2820.9,3839.9,2896.0,3152.5,15,1,3152.3,51,2,3152.0,17,5,3151.8,7,1,3151.7,20,1,3153.0,13,1,3153.1,88,2,3153.2,89,5,3153.3,60,2,3153.4,216,6
2031,2026-06-16 14:19:57+05:30,3153.0,1,3133.74,2779102,135605.0,193380.0,3163.0,3163.0,3108.0,3134.3,31883600,3447.7,2820.9,3839.9,2896.0,3152.5,5,1,3152.3,51,2,3152.0,17,5,3151.8,8,2,3151.7,83,2,3153.0,1,1,3153.1,38,1,3153.2,58,4,3153.3,10,1,3153.4,265,6
2031,2026-06-16 14:19:57+05:30,3153.0,1,3133.74,2779102,135605.0,193380.0,3163.0,3163.0,3108.0,3134.3,31883600,3447.7,2820.9,3839.9,2896.0,3152.5,5,1,3152.3,51,2,3152.0,17,5,3151.8,8,2,3151.7,83,2,3153.0,1,1,3153.1,38,1,3153.2,58,4,3153.3,10,1,3153.4,265,6
2031,2026-06-16 14:19:58+05:30,3153.0,1,3133.74,2779102,135715.0,193331.0,3163.0,3163.0,3108.0,3134.3,31883600,3447.7,2820.9,3839.9,2896.0,3152.5,5,1,3152.3,51,2,3152.0,17,5,3151.9,3,1,3151.8,121,4,3153.0,2,2,3153.2,33,3,3153.3,10,1,3153.4,311,7,3153.5,341,3
2031,2026-06-16 14:19:59+05:30,3153.2,3,3133.74,2779107,135910.0,193401.0,3163.0,3163.0,3108.0,3134.3,31883600,3447.7,2820.9,3839.9,2896.0,3152.5,5,1,3152.3,51,2,3152.0,80,6,3151.9,87,3,3151.8,118,4,3153.0,1,1,3153.2,29,3,3153.3,75,1,3153.4,345,4,3153.5,131,2
2031,2026-06-16 14:19:59+05:30,3153.2,3,3133.74,2779107,135910.0,193401.0,3163.0,3163.0,3108.0,3134.3,31883600,3447.7,2820.9,3839.9,2896.0,3152.5,5,1,3152.3,51,2,3152.0,80,6,3151.9,87,3,3151.8,118,4,3153.0,1,1,3153.2,29,3,3153.3,75,1,3153.4,345,4,3153.5,131,2
2031,2026-06-16 14:20:00+05:30,3153.0,1,3133.74,2779115,135538.0,193514.0,3163.0,3163.0,3108.0,3134.3,31883600,3447.7,2820.9,3839.9,2896.0,3152.7,5,1,3152.5,7,2,3152.3,65,2,3152.1,1,1,3152.0,17,5,3153.0,26,3,3153.2,110,5,3153.3,85,2,3153.4,299,3,3153.5,131,2
2031,2026-06-16 14:20:00+05:30,3153.0,1,3133.74,2779115,135538.0,193514.0,3163.0,3163.0,3108.0,3134.3,31883600,3447.7,2820.9,3839.9,2896.0,3152.7,5,1,3152.5,7,2,3152.3,65,2,3152.1,1,1,3152.0,17,5,3153.0,26,3,3153.2,110,5,3153.3,85,2,3153.4,299,3,3153.5,131,2
2031,2026-06-16 14:20:01+05:30,3152.9,1,3133.74,2779119,135336.0,193799.0,3163.0,3163.0,3108.0,3134.3,31883600,3447.7,2820.9,3839.9,2896.0,3152.7,5,1,3152.5,7,2,3152.3,65,2,3152.1,1,1,3152.0,17,5,3153.0,73,5,3153.1,75,1,3153.2,320,6,3153.3,69,2,3153.4,699,5
2031,2026-06-16 14:20:01+05:30,3152.9,1,3133.74,2779119,135336.0,193799.0,3163.0,3163.0,3108.0,3134.3,31883600,3447.7,2820.9,3839.9,2896.0,3152.7,5,1,3152.5,7,2,3152.3,65,2,3152.1,1,1,3152.0,17,5,3153.0,73,5,3153.1,75,1,3153.2,320,6,3153.3,69,2,3153.4,699,5
2031,2026-06-16 14:20:02+05:30,3152.8,1,3133.74,2779307,134806.0,193836.0,3163.0,3163.0,3108.0,3134.3,31883600,3447.7,2820.9,3839.9,2896.0,3152.5,6,2,3152.3,65,2,3152.1,1,1,3152.0,17,5,3151.8,7,1,3152.8,192,1,3153.0,36,1,3153.2,54,3,3153.3,204,5,3153.4,49,1
2031,2026-06-16 14:20:02+05:30,3152.8,1,3133.74,2779307,134806.0,193836.0,3163.0,3163.0,3108.0,3134.3,31883600,3447.7,2820.9,3839.9,2896.0,3152.5,6,2,3152.3,65,2,3152.1,1,1,3152.0,17,5,3151.8,7,1,3152.8,192,1,3153.0,36,1,3153.2,54,3,3153.3,204,5,3153.4,49,1
2031,2026-06-16 14:20:03+05:30,3152.8,1,3133.74,2779307,134922.0,193757.0,3163.0,3163.0,3108.0,3134.3,31883600,3447.7,2820.9,3839.9,2896.0,3152.5,22,3,3152.3,51,2,3152.1,1,1,3152.0,17,5,3151.8,7,1,3152.8,192,1,3153.0,36,1,3153.2,19,2,3153.3,279,6,3153.4,200,1
2031,2026-06-16 14:20:04+05:30,3152.8,20,3133.75,2779375,134769.0,193674.0,3163.0,3163.0,3108.0,3134.3,31883600,3447.7,2820.9,3839.9,2896.0,3152.5,22,4,3152.3,51,2,3152.1,1,1,3152.0,17,5,3151.8,7,1,3152.8,171,1,3153.0,36,1,3153.1,44,1,3153.3,301,5,3153.4,200,1
2031,2026-06-16 14:20:04+05:30,3152.8,20,3133.75,2779375,134769.0,193674.0,3163.0,3163.0,3108.0,3134.3,31883600,3447.7,2820.9,3839.9,2896.0,3152.5,22,4,3152.3,51,2,3152.1,1,1,3152.0,17,5,3151.8,7,1,3152.8,171,1,3153.0,36,1,3153.1,44,1,3153.3,301,5,3153.4,200,1
2031,2026-06-16 14:20:05+05:30,3152.5,5,3133.75,2779385,134739.0,193708.0,3163.0,3163.0,3108.0,3134.3,31883600,3447.7,2820.9,3839.9,2896.0,3152.5,19,4,3152.3,1,1,3152.1,1,1,3152.0,17,5,3151.8,7,1,3152.8,196,2,3153.0,36,1,3153.1,44,1,3153.2,76,2,3153.3,426,5
2031,2026-06-16 14:20:05+05:30,3152.5,9,3133.75,2779385,134739.0,193708.0,3163.0,3163.0,3108.0,3134.3,31883600,3447.7,2820.9,3839.9,2896.0,3152.5,19,4,3152.3,1,1,3152.1,1,1,3152.0,17,5,3151.8,7,1,3152.8,196,2,3153.0,36,1,3153.1,44,1,3153.2,76,2,3153.3,426,5
2031,2026-06-16 14:20:06+05:30,3152.5,9,3133.75,2779394,134587.0,194010.0,3163.0,3163.0,3108.0,3134.3,31883600,3447.7,2820.9,3839.9,2896.0,3152.5,10,4,3152.3,17,2,3152.1,1,1,3152.0,17,5,3151.8,7,1,3152.8,234,3,3152.9,138,3,3153.0,275,4,3153.1,78,2,3153.2,638,4
2031,2026-06-16 14:20:06+05:30,3152.5,1,3133.75,2779394,134587.0,194010.0,3163.0,3163.0,3108.0,3134.3,31883600,3447.7,2820.9,3839.9,2896.0,3152.5,10,4,3152.3,17,2,3152.1,1,1,3152.0,17,5,3151.8,7,1,3152.8,234,3,3152.9,138,3,3153.0,275,4,3153.1,78,2,3153.2,638,4
2031,2026-06-16 14:20:07+05:30,3152.8,2,3133.75,2779520,134547.0,194026.0,3163.0,3163.0,3108.0,3134.3,31883600,3447.7,2820.9,3839.9,2896.0,3152.5,11,2,3152.3,17,2,3152.1,1,1,3152.0,17,5,3151.8,7,1,3152.8,256,4,3152.9,258,3,3153.0,36,1,3153.1,679,6,3153.2,473,4
2031,2026-06-16 14:20:07+05:30,3152.8,1,3133.75,2779520,134547.0,194026.0,3163.0,3163.0,3108.0,3134.3,31883600,3447.7,2820.9,3839.9,2896.0,3152.5,11,2,3152.3,17,2,3152.1,1,1,3152.0,17,5,3151.8,7,1,3152.8,256,4,3152.9,258,3,3153.0,36,1,3153.1,679,6,3153.2,473,4
2031,2026-06-16 14:20:08+05:30,3152.8,1,3133.75,2779522,134557.0,194063.0,3163.0,3163.0,3108.0,3134.3,31883600,3447.7,2820.9,3839.9,2896.0,3152.5,11,2,3152.3,17,2,3152.1,1,1,3152.0,17,5,3151.8,7,1,3152.8,292,5,3152.9,220,2,3153.0,74,2,3153.1,679,6,3153.2,473,4
2031,2026-06-16 14:20:08+05:30,3152.3,29,3133.75,2779522,134557.0,194063.0,3163.0,3163.0,3108.0,3134.3,31883600,3447.7,2820.9,3839.9,2896.0,3152.5,11,2,3152.3,17,2,3152.1,1,1,3152.0,17,5,3151.8,7,1,3152.8,292,5,3152.9,220,2,3153.0,74,2,3153.1,679,6,3153.2,473,4
2031,2026-06-16 14:20:09+05:30,3152.3,13,3133.75,2779788,134955.0,193581.0,3163.0,3163.0,3108.0,3134.3,31883600,3447.7,2820.9,3839.9,2896.0,3152.4,21,1,3152.1,8,2,3152.0,17,5,3151.9,10,1,3151.8,41,4,3152.8,136,2,3153.0,60,3,3153.1,3,1,3153.2,75,1,3153.3,348,3
2031,2026-06-16 14:20:09+05:30,3152.8,10,3133.75,2779788,134955.0,193581.0,3163.0,3163.0,3108.0,3134.3,31883600,3447.7,2820.9,3839.9,2896.0,3152.4,21,1,3152.1,8,2,3152.0,17,5,3151.9,10,1,3151.8,41,4,3152.8,136,2,3153.0,60,3,3153.1,3,1,3153.2,75,1,3153.3,348,3
2031,2026-06-16 14:20:10+05:30,3152.8,1,3133.75,2779799,135379.0,193396.0,3163.0,3163.0,3108.0,3134.3,31883600,3447.7,2820.9,3839.9,2896.0,3152.6,8,1,3152.4,21,1,3152.1,8,2,3152.0,17,5,3151.9,13,2,3152.8,125,2,3153.0,60,3,3153.1,78,2,3153.2,200,1,3153.3,148,2
2031,2026-06-16 14:20:10+05:30,3152.8,1,3133.75,2779799,135379.0,193396.0,3163.0,3163.0,3108.0,3134.3,31883600,3447.7,2820.9,3839.9,2896.0,3152.6,8,1,3152.4,21,1,3152.1,8,2,3152.0,17,5,3151.9,13,2,3152.8,125,2,3153.0,60,3,3153.1,78,2,3153.2,200,1,3153.3,148,2
2031,2026-06-16 14:20:11+05:30,3152.8,1,3133.75,2779799,135384.0,193396.0,3163.0,3163.0,3108.0,3134.3,31883600,3447.7,2820.9,3839.9,2896.0,3152.6,8,1,3152.4,21,1,3152.1,8,2,3152.0,17,5,3151.9,13,2,3152.8,125,2,3153.0,60,3,3153.1,78,2,3153.2,200,1,3153.3,148,2
2031,2026-06-16 14:20:11+05:30,3152.6,1,3133.75,2779799,135384.0,193396.0,3163.0,3163.0,3108.0,3134.3,31883600,3447.7,2820.9,3839.9,2896.0,3152.6,8,1,3152.4,21,1,3152.1,8,2,3152.0,17,5,3151.9,13,2,3152.8,125,2,3153.0,60,3,3153.1,78,2,3153.2,200,1,3153.3,148,2
2031,2026-06-16 14:20:12+05:30,3152.6,1,3133.75,2779800,135782.0,193164.0,3163.0,3163.0,3108.0,3134.3,31883600,3447.7,2820.9,3839.9,2896.0,3152.6,48,3,3152.4,32,2,3152.3,5,1,3152.1,39,5,3152.0,17,5,3152.8,172,3,3153.0,60,3,3153.2,75,1,3153.3,500,3,3153.5,286,3
2031,2026-06-16 14:20:12+05:30,3152.5,9,3133.75,2779800,135782.0,193164.0,3163.0,3163.0,3108.0,3134.3,31883600,3447.7,2820.9,3839.9,2896.0,3152.6,48,3,3152.4,32,2,3152.3,5,1,3152.1,39,5,3152.0,17,5,3152.8,172,3,3153.0,60,3,3153.2,75,1,3153.3,500,3,3153.5,286,3
2031,2026-06-16 14:20:13+05:30,3152.8,1,3133.75,2779893,135442.0,193250.0,3163.0,3163.0,3108.0,3134.3,31883600,3447.7,2820.9,3839.9,2896.0,3152.6,4,1,3152.4,21,1,3152.3,14,1,3152.2,12,1,3152.1,8,2,3152.8,146,4,3153.0,36,1,3153.2,75,1,3153.3,500,3,3153.5,287,4
2031,2026-06-16 14:20:13+05:30,3152.0,13,3133.75,2779893,135442.0,193250.0,3163.0,3163.0,3108.0,3134.3,31883600,3447.7,2820.9,3839.9,2896.0,3152.6,4,1,3152.4,21,1,3152.3,14,1,3152.2,12,1,3152.1,8,2,3152.8,146,4,3153.0,36,1,3153.2,75,1,3153.3,500,3,3153.5,287,4
2031,2026-06-16 14:20:14+05:30,3152.0,13,3133.75,2780093,134501.0,193561.0,3163.0,3163.0,3108.0,3134.3,31883600,3447.7,2820.9,3839.9,2896.0,3152.0,20,4,3151.8,27,3,3151.6,11,3,3151.5,36,2,3151.4,65,2,3152.6,73,1,3152.7,3,1,3152.8,126,5,3153.0,300,1,3153.1,49,2
2031,2026-06-16 14:20:14+05:30,3152.0,25,3133.75,2780093,134501.0,193561.0,3163.0,3163.0,3108.0,3134.3,31883600,3447.7,2820.9,3839.9,2896.0,3152.0,20,4,3151.8,27,3,3151.6,11,3,3151.5,36,2,3151.4,65,2,3152.6,73,1,3152.7,3,1,3152.8,126,5,3153.0,300,1,3153.1,49,2
2031,2026-06-16 14:20:15+05:30,3152.6,6,3133.75,2780280,134559.0,193389.0,3163.0,3163.0,3108.0,3134.3,31883600,3447.7,2820.9,3839.9,2896.0,3152.0,9,5,3151.8,15,2,3151.7,19,2,3151.6,23,4,3151.5,36,2,3152.6,92,2,3152.7,3,1,3152.8,101,4,3153.0,300,1,3153.1,49,2
2031,2026-06-16 14:20:15+05:30,3152.6,6,3133.75,2780280,134559.0,193389.0,3163.0,3163.0,3108.0,3134.3,31883600,3447.7,2820.9,3839.9,2896.0,3152.0,9,5,3151.8,15,2,3151.7,19,2,3151.6,23,4,3151.5,36,2,3152.6,92,2,3152.7,3,1,3152.8,101,4,3153.0,300,1,3153.1,49,2
2031,2026-06-16 14:20:16+05:30,3152.2,1,3133.75,2780293,134289.0,193525.0,3163.0,3163.0,3108.0,3134.3,31883600,3447.7,2820.9,3839.9,2896.0,3152.0,42,10,3151.9,15,2,3151.8,20,3,3151.7,7,1,3151.6,71,5,3152.2,66,1,3152.6,46,2,3152.8,101,4,3153.0,300,1,3153.1,48,1
2031,2026-06-16 14:20:16+05:30,3152.2,1,3133.75,2780293,134289.0,193525.0,3163.0,3163.0,3108.0,3134.3,31883600,3447.7,2820.9,3839.9,2896.0,3152.0,42,10,3151.9,15,2,3151.8,20,3,3151.7,7,1,3151.6,71,5,3152.2,66,1,3152.6,46,2,3152.8,101,4,3153.0,300,1,3153.1,48,1
2031,2026-06-16 14:20:17+05:30,3152.2,1,3133.75,2780303,134134.0,193388.0,3163.0,3163.0,3108.0,3134.3,31883600,3447.7,2820.9,3839.9,2896.0,3152.0,43,9,3151.9,15,2,3151.8,20,3,3151.7,7,1,3151.6,23,4,3152.2,75,2,3152.6,21,1,3152.8,101,4,3153.0,300,1,3153.1,48,1
2031,2026-06-16 14:20:17+05:30,3152.0,1,3133.75,2780303,134134.0,193388.0,3163.0,3163.0,3108.0,3134.3,31883600,3447.7,2820.9,3839.9,2896.0,3152.0,43,9,3151.9,15,2,3151.8,20,3,3151.7,7,1,3151.6,23,4,3152.2,75,2,3152.6,21,1,3152.8,101,4,3153.0,300,1,3153.1,48,1
2031,2026-06-16 14:20:18+05:30,3152.2,1,3133.75,2780305,134306.0,193455.0,3163.0,3163.0,3108.0,3134.3,31883600,3447.7,2820.9,3839.9,2896.0,3152.0,38,8,3151.9,15,2,3151.8,32,4,3151.7,7,1,3151.6,38,5,3152.2,103,3,3152.8,101,4,3152.9,78,1,3153.0,300,1,3153.1,48,1
2031,2026-06-16 14:20:18+05:30,3152.0,26,3133.75,2780305,134306.0,193455.0,3163.0,3163.0,3108.0,3134.3,31883600,3447.7,2820.9,3839.9,2896.0,3152.0,38,8,3151.9,15,2,3151.8,32,4,3151.7,7,1,3151.6,38,5,3152.2,103,3,3152.8,101,4,3152.9,78,1,3153.0,300,1,3153.1,48,1
2031,2026-06-16 14:20:19+05:30,3152.2,22,3133.75,2780305,134306.0,193455.0,3163.0,3163.0,3108.0,3134.3,31883600,3447.7,2820.9,3839.9,2896.0,3152.0,38,8,3151.9,15,2,3151.8,32,4,3151.7,7,1,3151.6,38,5,3152.2,103,3,3152.8,101,4,3152.9,78,1,3153.0,300,1,3153.1,48,1
2031,2026-06-16 14:20:19+05:30,3152.2,22,3133.75,2780403,134137.0,193155.0,3163.0,3163.0,3108.0,3134.3,31883600,3447.7,2820.9,3839.9,2896.0,3152.0,17,9,3151.9,19,3,3151.8,21,3,3151.7,7,1,3151.6,20,4,3152.2,7,1,3152.8,101,4,3153.0,300,1,3153.1,48,1,3153.2,302,4
2031,2026-06-16 14:20:20+05:30,3152.2,22,3133.75,2780403,133844.0,193773.0,3163.0,3163.0,3108.0,3134.3,31883600,3447.7,2820.9,3839.9,2896.0,3152.0,10,6,3151.9,15,1,3151.8,7,1,3151.6,2,1,3151.5,14,1,3152.2,7,1,3152.7,216,4,3152.8,549,7,3153.0,558,5,3153.1,448,3
2031,2026-06-16 14:20:21+05:30,3152.2,4,3133.75,2780407,133941.0,193768.0,3163.0,3163.0,3108.0,3134.3,31883600,3447.7,2820.9,3839.9,2896.0,3152.0,10,6,3151.9,15,1,3151.8,7,1,3151.6,2,1,3151.4,20,2,3152.2,4,2,3152.5,78,1,3152.6,143,3,3152.7,458,4,3152.8,229,7
2031,2026-06-16 14:20:22+05:30,3152.2,1,3133.75,2780407,133941.0,193768.0,3163.0,3163.0,3108.0,3134.3,31883600,3447.7,2820.9,3839.9,2896.0,3152.0,10,6,3151.9,15,1,3151.8,7,1,3151.6,2,1,3151.4,20,2,3152.2,4,2,3152.5,78,1,3152.6,143,3,3152.7,458,4,3152.8,229,7
2031,2026-06-16 14:20:22+05:30,3152.2,1,3133.75,2780479,133511.0,194339.0,3163.0,3163.0,3108.0,3134.3,31883600,3447.7,2820.9,3839.9,2896.0,3152.0,1,1,3151.8,7,1,3151.4,17,1,3151.3,22,1,3151.1,38,2,3152.2,10,2,3152.3,38,1,3152.4,115,4,3152.5,440,3,3152.6,122,4
2031,2026-06-16 14:20:23+05:30,3152.2,1,3133.75,2780479,133511.0,194339.0,3163.0,3163.0,3108.0,3134.3,31883600,3447.7,2820.9,3839.9,2896.0,3152.0,1,1,3151.8,7,1,3151.4,17,1,3151.3,22,1,3151.1,38,2,3152.2,10,2,3152.3,38,1,3152.4,115,4,3152.5,440,3,3152.6,122,4
2031,2026-06-16 14:20:23+05:30,3152.1,7,3133.75,2780644,133482.0,194798.0,3163.0,3163.0,3108.0,3134.3,31883600,3447.7,2820.9,3839.9,2896.0,3151.9,16,1,3151.8,7,1,3151.4,17,1,3151.2,7,1,3151.1,38,2,3152.1,193,1,3152.2,69,3,3152.3,11,1,3152.4,30,2,3152.6,158,3
2031,2026-06-16 14:20:24+05:30,3152.0,1,3133.75,2780644,133482.0,194798.0,3163.0,3163.0,3108.0,3134.3,31883600,3447.7,2820.9,3839.9,2896.0,3151.9,16,1,3151.8,7,1,3151.4,17,1,3151.2,7,1,3151.1,38,2,3152.1,193,1,3152.2,69,3,3152.3,11,1,3152.4,30,2,3152.6,158,3
2031,2026-06-16 14:20:24+05:30,3152.0,1,3133.76,2780848,133341.0,195133.0,3163.0,3163.0,3108.0,3134.3,31883600,3447.7,2820.9,3839.9,2896.0,3152.0,4,2,3151.8,7,1,3151.4,17,1,3151.1,20,1,3150.9,27,2,3152.1,192,1,3152.2,97,6,3152.3,1,1,3152.4,30,2,3152.5,99,2
2031,2026-06-16 14:20:25+05:30,3152.0,39,3133.76,2780848,133341.0,195133.0,3163.0,3163.0,3108.0,3134.3,31883600,3447.7,2820.9,3839.9,2896.0,3152.0,4,2,3151.8,7,1,3151.4,17,1,3151.1,20,1,3150.9,27,2,3152.1,192,1,3152.2,97,6,3152.3,1,1,3152.4,30,2,3152.5,99,2
2031,2026-06-16 14:20:25+05:30,3152.0,1,3133.76,2780928,133226.0,195670.0,3163.0,3163.0,3108.0,3134.3,31883600,3447.7,2820.9,3839.9,2896.0,3152.0,2,2,3151.8,15,2,3151.4,17,1,3151.1,20,1,3151.0,28,2,3152.1,192,1,3152.2,87,5,3152.5,60,1,3152.6,262,3,3152.7,400,2
2031,2026-06-16 14:20:26+05:30,3152.1,4,3133.76,2780928,133226.0,195670.0,3163.0,3163.0,3108.0,3134.3,31883600,3447.7,2820.9,3839.9,2896.0,3152.0,2,2,3151.8,15,2,3151.4,17,1,3151.1,20,1,3151.0,28,2,3152.1,192,1,3152.2,87,5,3152.5,60,1,3152.6,262,3,3152.7,400,2
2031,2026-06-16 14:20:26+05:30,3151.8,6,3133.76,2780951,133342.0,195128.0,3163.0,3163.0,3108.0,3134.3,31883600,3447.7,2820.9,3839.9,2896.0,3151.8,10,3,3151.6,21,3,3151.5,12,1,3151.4,24,2,3151.3,29,2,3152.1,214,2,3152.2,87,5,3152.5,108,2,3152.6,261,2,3152.7,400,2
2031,2026-06-16 14:20:27+05:30,3151.8,6,3133.76,2780951,133342.0,195128.0,3163.0,3163.0,3108.0,3134.3,31883600,3447.7,2820.9,3839.9,2896.0,3151.8,10,3,3151.6,21,3,3151.5,12,1,3151.4,24,2,3151.3,29,2,3152.1,214,2,3152.2,87,5,3152.5,108,2,3152.6,261,2,3152.7,400,2
2031,2026-06-16 14:20:27+05:30,3152.0,1,3133.76,2780956,133615.0,195604.0,3163.0,3163.0,3108.0,3134.3,31883600,3447.7,2820.9,3839.9,2896.0,3151.8,9,2,3151.6,20,3,3151.5,12,1,3151.4,24,2,3151.3,29,2,3152.0,95,1,3152.1,215,3,3152.2,87,5,3152.5,108,2,3152.6,261,2
2031,2026-06-16 14:20:28+05:30,3152.0,1,3133.76,2780956,133615.0,195604.0,3163.0,3163.0,3108.0,3134.3,31883600,3447.7,2820.9,3839.9,2896.0,3151.8,9,2,3151.6,20,3,3151.5,12,1,3151.4,24,2,3151.3,29,2,3152.0,95,1,3152.1,215,3,3152.2,87,5,3152.5,108,2,3152.6,261,2
2031,2026-06-16 14:20:28+05:30,3152.0,1,3133.76,2780959,133621.0,195610.0,3163.0,3163.0,3108.0,3134.3,31883600,3447.7,2820.9,3839.9,2896.0,3151.8,9,2,3151.5,17,2,3151.4,23,2,3151.3,48,4,3151.2,12,1,3152.0,133,4,3152.1,189,2,3152.2,87,5,3152.5,109,3,3152.6,261,2
2031,2026-06-16 14:20:29+05:30,3152.0,1,3133.76,2780959,133621.0,195610.0,3163.0,3163.0,3108.0,3134.3,31883600,3447.7,2820.9,3839.9,2896.0,3151.8,9,2,3151.5,17,2,3151.4,23,2,3151.3,48,4,3151.2,12,1,3152.0,133,4,3152.1,189,2,3152.2,87,5,3152.5,109,3,3152.6,261,2
2031,2026-06-16 14:20:29+05:30,3152.0,1,3133.76,2780966,133493.0,195550.0,3163.0,3163.0,3108.0,3134.3,31883600,3447.7,2820.9,3839.9,2896.0,3151.8,9,2,3151.6,17,1,3151.4,17,1,3151.3,48,4,3151.2,8,1,3152.0,173,5,3152.1,189,2,3152.2,87,5,3152.5,109,3,3152.6,261,2
2031,2026-06-16 14:20:30+05:30,3152.0,1,3133.76,2780966,133493.0,195550.0,3163.0,3163.0,3108.0,3134.3,31883600,3447.7,2820.9,3839.9,2896.0,3151.8,9,2,3151.6,17,1,3151.4,17,1,3151.3,48,4,3151.2,8,1,3152.0,173,5,3152.1,189,2,3152.2,87,5,3152.5,109,3,3152.6,261,2
2031,2026-06-16 14:20:30+05:30,3152.0,1,3133.76,2780966,133493.0,195550.0,3163.0,3163.0,3108.0,3134.3,31883600,3447.7,2820.9,3839.9,2896.0,3151.8,9,2,3151.6,17,1,3151.4,17,1,3151.3,48,4,3151.2,8,1,3152.0,173,5,3152.1,189,2,3152.2,87,5,3152.5,109,3,3152.6,261,2
2031,2026-06-16 14:20:30+05:30,3152.0,6,3133.76,2781072,133516.0,195021.0,3163.0,3163.0,3108.0,3134.3,31883600,3447.7,2820.9,3839.9,2896.0,3151.9,2,2,3151.8,10,3,3151.7,11,1,3151.6,17,1,3151.3,27,3,3152.0,68,3,3152.1,189,2,3152.2,77,4,3152.6,249,3,3152.7,400,2
2031,2026-06-16 14:20:31+05:30,3151.8,1,3133.76,2781072,133516.0,195021.0,3163.0,3163.0,3108.0,3134.3,31883600,3447.7,2820.9,3839.9,2896.0,3151.9,2,2,3151.8,10,3,3151.7,11,1,3151.6,17,1,3151.3,27,3,3152.0,68,3,3152.1,189,2,3152.2,77,4,3152.6,249,3,3152.7,400,2
2031,2026-06-16 14:20:31+05:30,3152.0,6,3133.76,2781103,133188.0,195739.0,3163.0,3163.0,3108.0,3134.3,31883600,3447.7,2820.9,3839.9,2896.0,3151.8,11,3,3151.6,17,1,3151.2,20,2,3151.1,34,3,3151.0,14,2,3152.0,262,5,3152.1,389,3,3152.2,477,6,3152.4,449,4,3152.5,400,2
2031,2026-06-16 14:20:32+05:30,3152.1,38,3133.76,2781103,133188.0,195739.0,3163.0,3163.0,3108.0,3134.3,31883600,3447.7,2820.9,3839.9,2896.0,3151.8,11,3,3151.6,17,1,3151.2,20,2,3151.1,34,3,3151.0,14,2,3152.0,262,5,3152.1,389,3,3152.2,477,6,3152.4,449,4,3152.5,400,2
2031,2026-06-16 14:20:32+05:30,3152.1,38,3133.76,2781103,133188.0,195739.0,3163.0,3163.0,3108.0,3134.3,31883600,3447.7,2820.9,3839.9,2896.0,3151.8,11,3,3151.6,17,1,3151.2,20,2,3151.1,34,3,3151.0,14,2,3152.0,262,5,3152.1,389,3,3152.2,477,6,3152.4,449,4,3152.5,400,2
2031,2026-06-16 14:20:32+05:30,3152.1,38,3133.76,2781403,133249.0,195695.0,3163.0,3163.0,3108.0,3134.3,31883600,3447.7,2820.9,3839.9,2896.0,3151.9,17,1,3151.8,11,3,3151.2,8,1,3151.1,34,3,3151.0,14,2,3152.0,13,1,3152.1,151,2,3152.2,77,4,3152.3,200,1,3152.4,400,2
2031,2026-06-16 14:20:33+05:30,3151.9,140,3133.76,2781403,133249.0,195695.0,3163.0,3163.0,3108.0,3134.3,31883600,3447.7,2820.9,3839.9,2896.0,3151.9,17,1,3151.8,11,3,3151.2,8,1,3151.1,34,3,3151.0,14,2,3152.0,13,1,3152.1,151,2,3152.2,77,4,3152.3,200,1,3152.4,400,2
2031,2026-06-16 14:20:33+05:30,3150.7,6,3133.76,2781885,131912.0,196269.0,3163.0,3163.0,3108.0,3134.3,31883600,3447.7,2820.9,3839.9,2896.0,3150.5,33,2,3150.3,93,4,3150.2,12,1,3150.1,279,7,3150.0,793,9,3151.9,173,4,3152.0,307,6,3152.1,445,5,3152.2,77,4,3152.3,286,3
2031,2026-06-16 14:20:34+05:30,3151.9,1,3133.76,2781885,131912.0,196269.0,3163.0,3163.0,3108.0,3134.3,31883600,3447.7,2820.9,3839.9,2896.0,3150.5,33,2,3150.3,93,4,3150.2,12,1,3150.1,279,7,3150.0,793,9,3151.9,173,4,3152.0,307,6,3152.1,445,5,3152.2,77,4,3152.3,286,3
2031,2026-06-16 14:20:34+05:30,3151.9,1,3133.76,2781899,131951.0,196287.0,3163.0,3163.0,3108.0,3134.3,31883600,3447.7,2820.9,3839.9,2896.0,3150.9,1,1,3150.5,33,2,3150.4,160,1,3150.3,45,3,3150.2,60,2,3151.9,359,5,3152.0,490,6,3152.1,45,3,3152.2,277,5,3152.3,486,4
2031,2026-06-16 14:20:35+05:30,3151.9,1,3133.76,2781899,131951.0,196287.0,3163.0,3163.0,3108.0,3134.3,31883600,3447.7,2820.9,3839.9,2896.0,3150.9,1,1,3150.5,33,2,3150.4,160,1,3150.3,45,3,3150.2,60,2,3151.9,359,5,3152.0,490,6,3152.1,45,3,3152.2,277,5,3152.3,486,4
2031,2026-06-16 14:20:35+05:30,3151.9,1,3133.76,2781899,131951.0,196287.0,3163.0,3163.0,3108.0,3134.3,31883600,3447.7,2820.9,3839.9,2896.0,3150.9,1,1,3150.5,33,2,3150.4,160,1,3150.3,45,3,3150.2,60,2,3151.9,359,5,3152.0,490,6,3152.1,45,3,3152.2,277,5,3152.3,486,4
2031,2026-06-16 14:20:35+05:30,3151.9,2,3133.76,2781901,132062.0,196162.0,3163.0,3163.0,3108.0,3134.3,31883600,3447.7,2820.9,3839.9,2896.0,3150.9,18,2,3150.6,200,2,3150.5,64,4,3150.3,45,3,3150.2,63,3,3151.9,356,4,3152.0,491,7,3152.1,7,2,3152.2,277,5,3152.3,486,4
2031,2026-06-16 14:20:36+05:30,3151.9,1,3133.76,2781901,132062.0,196162.0,3163.0,3163.0,3108.0,3134.3,31883600,3447.7,2820.9,3839.9,2896.0,3150.9,18,2,3150.6,200,2,3150.5,64,4,3150.3,45,3,3150.2,63,3,3151.9,356,4,3152.0,491,7,3152.1,7,2,3152.2,277,5,3152.3,486,4
2031,2026-06-16 14:20:36+05:30,3151.9,1,3133.76,2781902,132120.0,196059.0,3163.0,3163.0,3108.0,3134.3,31883600,3447.7,2820.9,3839.9,2896.0,3150.9,24,4,3150.8,29,4,3150.7,6,1,3150.6,15,2,3150.5,65,2,3151.3,133,1,3151.4,1,1,3151.9,222,3,3152.0,413,4,3152.1,7,2
2031,2026-06-16 14:20:37+05:30,3151.9,1,3133.76,2781902,132120.0,196059.0,3163.0,3163.0,3108.0,3134.3,31883600,3447.7,2820.9,3839.9,2896.0,3150.9,24,4,3150.8,29,4,3150.7,6,1,3150.6,15,2,3150.5,65,2,3151.3,133,1,3151.4,1,1,3151.9,222,3,3152.0,413,4,3152.1,7,2
2031,2026-06-16 14:20:37+05:30,3151.3,1,3133.76,2781902,132120.0,196059.0,3163.0,3163.0,3108.0,3134.3,31883600,3447.7,2820.9,3839.9,2896.0,3150.9,24,4,3150.8,29,4,3150.7,6,1,3150.6,15,2,3150.5,65,2,3151.3,133,1,3151.4,1,1,3151.9,222,3,3152.0,413,4,3152.1,7,2
2031,2026-06-16 14:20:37+05:30,3151.3,1,3133.76,2781908,132120.0,196168.0,3163.0,3163.0,3108.0,3134.3,31883600,3447.7,2820.9,3839.9,2896.0,3150.9,23,3,3150.8,16,2,3150.7,18,2,3150.6,35,2,3150.5,73,3,3151.3,153,2,3151.4,1,1,3151.9,308,7,3152.0,413,4,3152.1,55,3
2031,2026-06-16 14:20:38+05:30,3151.3,1,3133.76,2781908,132135.0,196180.0,3163.0,3163.0,3108.0,3134.3,31883600,3447.7,2820.9,3839.9,2896.0,3150.9,39,4,3150.8,27,3,3150.7,6,1,3150.6,35,2,3150.5,73,3,3151.3,153,2,3151.4,1,1,3151.9,308,7,3152.0,413,4,3152.1,55,3
2031,2026-06-16 14:20:39+05:30,3151.3,1,3133.76,2781908,132135.0,196180.0,3163.0,3163.0,3108.0,3134.3,31883600,3447.7,2820.9,3839.9,2896.0,3150.9,39,4,3150.8,27,3,3150.7,6,1,3150.6,35,2,3150.5,73,3,3151.3,153,2,3151.4,1,1,3151.9,308,7,3152.0,413,4,3152.1,55,3
2031,2026-06-16 14:20:39+05:30,3151.3,1,3133.76,2781908,132135.0,196180.0,3163.0,3163.0,3108.0,3134.3,31883600,3447.7,2820.9,3839.9,2896.0,3150.9,39,4,3150.8,27,3,3150.7,6,1,3150.6,35,2,3150.5,73,3,3151.3,153,2,3151.4,1,1,3151.9,308,7,3152.0,413,4,3152.1,55,3
2031,2026-06-16 14:20:39+05:30,3151.3,1,3133.76,2781960,132133.0,196226.0,3163.0,3163.0,3108.0,3134.3,31883600,3447.7,2820.9,3839.9,2896.0,3150.9,23,3,3150.8,21,3,3150.7,6,1,3150.6,35,2,3150.5,65,2,3151.3,151,2,3151.4,1,1,3151.5,23,2,3151.8,200,1,3151.9,508,8
2031,2026-06-16 14:20:40+05:30,3151.3,5,3133.76,2781960,132133.0,196226.0,3163.0,3163.0,3108.0,3134.3,31883600,3447.7,2820.9,3839.9,2896.0,3150.9,23,3,3150.8,21,3,3150.7,6,1,3150.6,35,2,3150.5,65,2,3151.3,151,2,3151.4,1,1,3151.5,23,2,3151.8,200,1,3151.9,508,8
2031,2026-06-16 14:20:40+05:30,3150.9,4,3133.76,2782000,132815.0,195943.0,3163.0,3163.0,3108.0,3134.3,31883600,3447.7,2820.9,3839.9,2896.0,3150.9,37,3,3150.8,10,2,3150.7,18,2,3150.6,45,3,3150.5,65,2,3151.3,138,2,3151.4,1,1,3151.8,200,1,3151.9,508,8,3152.0,13,2
2031,2026-06-16 14:20:41+05:30,3150.9,4,3133.76,2782000,132815.0,195943.0,3163.0,3163.0,3108.0,3134.3,31883600,3447.7,2820.9,3839.9,2896.0,3150.9,37,3,3150.8,10,2,3150.7,18,2,3150.6,45,3,3150.5,65,2,3151.3,138,2,3151.4,1,1,3151.8,200,1,3151.9,508,8,3152.0,13,2
2031,2026-06-16 14:20:41+05:30,3150.9,4,3133.76,2782000,132815.0,195943.0,3163.0,3163.0,3108.0,3134.3,31883600,3447.7,2820.9,3839.9,2896.0,3150.9,37,3,3150.8,10,2,3150.7,18,2,3150.6,45,3,3150.5,65,2,3151.3,138,2,3151.4,1,1,3151.8,200,1,3151.9,508,8,3152.0,13,2
2031,2026-06-16 14:20:41+05:30,3151.3,1,3133.76,2782016,132856.0,195937.0,3163.0,3163.0,3108.0,3134.3,31883600,3447.7,2820.9,3839.9,2896.0,3150.9,21,3,3150.8,10,2,3150.7,18,2,3150.6,45,3,3150.5,65,2,3151.3,132,2,3151.8,200,1,3151.9,508,8,3152.0,13,2,3152.1,255,4
2031,2026-06-16 14:20:42+05:30,3151.3,1,3133.76,2782016,132856.0,195937.0,3163.0,3163.0,3108.0,3134.3,31883600,3447.7,2820.9,3839.9,2896.0,3150.9,21,3,3150.8,10,2,3150.7,18,2,3150.6,45,3,3150.5,65,2,3151.3,132,2,3151.8,200,1,3151.9,508,8,3152.0,13,2,3152.1,255,4
2031,2026-06-16 14:20:42+05:30,3151.3,1,3133.76,2782016,132856.0,195937.0,3163.0,3163.0,3108.0,3134.3,31883600,3447.7,2820.9,3839.9,2896.0,3150.9,21,3,3150.8,10,2,3150.7,18,2,3150.6,45,3,3150.5,65,2,3151.3,132,2,3151.8,200,1,3151.9,508,8,3152.0,13,2,3152.1,255,4
2031,2026-06-16 14:20:43+05:30,3151.3,10,3133.76,2782028,132865.0,195945.0,3163.0,3163.0,3108.0,3134.3,31883600,3447.7,2820.9,3839.9,2896.0,3151.1,17,1,3150.9,20,2,3150.8,10,2,3150.7,18,2,3150.6,45,3,3151.3,161,3,3151.8,200,1,3151.9,501,7,3152.0,13,2,3152.1,255,4
2031,2026-06-16 14:20:43+05:30,3151.3,10,3133.76,2782028,132865.0,195945.0,3163.0,3163.0,3108.0,3134.3,31883600,3447.7,2820.9,3839.9,2896.0,3151.1,17,1,3150.9,20,2,3150.8,10,2,3150.7,18,2,3150.6,45,3,3151.3,161,3,3151.8,200,1,3151.9,501,7,3152.0,13,2,3152.1,255,4
2031,2026-06-16 14:20:43+05:30,3151.3,10,3133.76,2782028,132865.0,195945.0,3163.0,3163.0,3108.0,3134.3,31883600,3447.7,2820.9,3839.9,2896.0,3151.1,17,1,3150.9,20,2,3150.8,10,2,3150.7,18,2,3150.6,45,3,3151.3,161,3,3151.8,200,1,3151.9,501,7,3152.0,13,2,3152.1,255,4
2031,2026-06-16 14:20:43+05:30,3151.3,29,3133.76,2782177,133087.0,195710.0,3163.0,3163.0,3108.0,3134.3,31883600,3447.7,2820.9,3839.9,2896.0,3150.9,31,2,3150.8,22,3,3150.7,18,2,3150.6,10,2,3150.5,86,3,3151.8,200,1,3151.9,501,7,3152.0,7,1,3152.1,208,4,3152.2,457,4
2031,2026-06-16 14:20:43+05:30,3151.3,29,3133.76,2782177,133087.0,195710.0,3163.0,3163.0,3108.0,3134.3,31883600,3447.7,2820.9,3839.9,2896.0,3150.9,31,2,3150.8,22,3,3150.7,18,2,3150.6,10,2,3150.5,86,3,3151.8,200,1,3151.9,501,7,3152.0,7,1,3152.1,208,4,3152.2,457,4
2031,2026-06-16 14:20:44+05:30,3151.3,29,3133.76,2782177,133087.0,195710.0,3163.0,3163.0,3108.0,3134.3,31883600,3447.7,2820.9,3839.9,2896.0,3150.9,31,2,3150.8,22,3,3150.7,18,2,3150.6,10,2,3150.5,86,3,3151.8,200,1,3151.9,501,7,3152.0,7,1,3152.1,208,4,3152.2,457,4
2031,2026-06-16 14:20:44+05:30,3151.3,29,3133.76,2782177,133087.0,195710.0,3163.0,3163.0,3108.0,3134.3,31883600,3447.7,2820.9,3839.9,2896.0,3150.9,31,2,3150.8,22,3,3150.7,18,2,3150.6,10,2,3150.5,86,3,3151.8,200,1,3151.9,501,7,3152.0,7,1,3152.1,208,4,3152.2,457,4
2031,2026-06-16 14:20:44+05:30,3151.8,6,3133.76,2782206,133178.0,195825.0,3163.0,3163.0,3108.0,3134.3,31883600,3447.7,2820.9,3839.9,2896.0,3150.9,100,5,3150.8,51,4,3150.7,116,5,3150.6,10,2,3150.5,87,4,3151.9,107,6,3152.0,7,1,3152.1,172,2,3152.2,457,4,3152.4,201,2
2031,2026-06-16 14:20:45+05:30,3151.8,6,3133.76,2782206,133178.0,195825.0,3163.0,3163.0,3108.0,3134.3,31883600,3447.7,2820.9,3839.9,2896.0,3150.9,100,5,3150.8,51,4,3150.7,116,5,3150.6,10,2,3150.5,87,4,3151.9,107,6,3152.0,7,1,3152.1,172,2,3152.2,457,4,3152.4,201,2
2031,2026-06-16 14:20:45+05:30,3151.0,1,3133.76,2782206,133178.0,195825.0,3163.0,3163.0,3108.0,3134.3,31883600,3447.7,2820.9,3839.9,2896.0,3150.9,100,5,3150.8,51,4,3150.7,116,5,3150.6,10,2,3150.5,87,4,3151.9,107,6,3152.0,7,1,3152.1,172,2,3152.2,457,4,3152.4,201,2
2031,2026-06-16 14:20:45+05:30,3151.0,1,3133.76,2782206,133178.0,195825.0,3163.0,3163.0,3108.0,3134.3,31883600,3447.7,2820.9,3839.9,2896.0,3150.9,100,5,3150.8,51,4,3150.7,116,5,3150.6,10,2,3150.5,87,4,3151.9,107,6,3152.0,7,1,3152.1,172,2,3152.2,457,4,3152.4,201,2
2031,2026-06-16 14:20:45+05:30,3151.9,8,3133.76,2782230,132788.0,195718.0,3163.0,3163.0,3108.0,3134.3,31883600,3447.7,2820.9,3839.9,2896.0,3151.4,2,2,3151.1,9,2,3151.0,11,2,3150.9,108,7,3150.8,25,4,3151.9,78,4,3152.1,1,1,3152.2,180,2,3152.3,400,2,3152.5,249,3
2031,2026-06-16 14:20:46+05:30,3151.9,8,3133.76,2782230,132788.0,195718.0,3163.0,3163.0,3108.0,3134.3,31883600,3447.7,2820.9,3839.9,2896.0,3151.4,2,2,3151.1,9,2,3151.0,11,2,3150.9,108,7,3150.8,25,4,3151.9,78,4,3152.1,1,1,3152.2,180,2,3152.3,400,2,3152.5,249,3
2031,2026-06-16 14:20:46+05:30,3151.9,8,3133.76,2782230,132788.0,195718.0,3163.0,3163.0,3108.0,3134.3,31883600,3447.7,2820.9,3839.9,2896.0,3151.4,2,2,3151.1,9,2,3151.0,11,2,3150.9,108,7,3150.8,25,4,3151.9,78,4,3152.1,1,1,3152.2,180,2,3152.3,400,2,3152.5,249,3
2031,2026-06-16 14:20:47+05:30,3150.9,9,3133.77,2782438,132215.0,195705.0,3163.0,3163.0,3108.0,3134.3,31883600,3447.7,2820.9,3839.9,2896.0,3150.9,23,3,3150.7,11,1,3150.6,8,1,3150.5,74,4,3150.4,4,2,3151.4,1,1,3151.5,41,3,3151.8,8,1,3151.9,241,5,3152.0,400,2
2031,2026-06-16 14:20:47+05:30,3150.9,9,3133.77,2782438,132215.0,195705.0,3163.0,3163.0,3108.0,3134.3,31883600,3447.7,2820.9,3839.9,2896.0,3150.9,23,3,3150.7,11,1,3150.6,8,1,3150.5,74,4,3150.4,4,2,3151.4,1,1,3151.5,41,3,3151.8,8,1,3151.9,241,5,3152.0,400,2
2031,2026-06-16 14:20:47+05:30,3150.9,9,3133.77,2782438,132215.0,195705.0,3163.0,3163.0,3108.0,3134.3,31883600,3447.7,2820.9,3839.9,2896.0,3150.9,23,3,3150.7,11,1,3150.6,8,1,3150.5,74,4,3150.4,4,2,3151.4,1,1,3151.5,41,3,3151.8,8,1,3151.9,241,5,3152.0,400,2
2031,2026-06-16 14:20:48+05:30,3151.5,17,3133.77,2782464,133125.0,195551.0,3163.0,3163.0,3108.0,3134.3,31883600,3447.7,2820.9,3839.9,2896.0,3151.5,5,2,3151.4,1,1,3150.9,23,3,3150.7,34,3,3150.6,83,3,3151.8,8,1,3151.9,75,4,3152.1,167,2,3152.2,409,3,3152.3,93,3
2031,2026-06-16 14:20:48+05:30,3150.9,2,3133.77,2782464,133125.0,195551.0,3163.0,3163.0,3108.0,3134.3,31883600,3447.7,2820.9,3839.9,2896.0,3151.5,5,2,3151.4,1,1,3150.9,23,3,3150.7,34,3,3150.6,83,3,3151.8,8,1,3151.9,75,4,3152.1,167,2,3152.2,409,3,3152.3,93,3
2031,2026-06-16 14:20:48+05:30,3150.9,2,3133.77,2782464,133125.0,195551.0,3163.0,3163.0,3108.0,3134.3,31883600,3447.7,2820.9,3839.9,2896.0,3151.5,5,2,3151.4,1,1,3150.9,23,3,3150.7,34,3,3150.6,83,3,3151.8,8,1,3151.9,75,4,3152.1,167,2,3152.2,409,3,3152.3,93,3
2031,2026-06-16 14:20:49+05:30,3150.9,2,3133.77,2782476,132488.0,196005.0,3163.0,3163.0,3108.0,3134.3,31883600,3447.7,2820.9,3839.9,2896.0,3150.9,23,5,3150.6,8,1,3150.5,25,2,3150.4,6,1,3150.3,63,5,3151.7,194,3,3151.8,484,8,3151.9,25,3,3152.0,226,2,3152.1,480,5
2031,2026-06-16 14:20:49+05:30,3150.9,2,3133.77,2782476,132488.0,196005.0,3163.0,3163.0,3108.0,3134.3,31883600,3447.7,2820.9,3839.9,2896.0,3150.9,23,5,3150.6,8,1,3150.5,25,2,3150.4,6,1,3150.3,63,5,3151.7,194,3,3151.8,484,8,3151.9,25,3,3152.0,226,2,3152.1,480,5
2031,2026-06-16 14:20:49+05:30,3151.7,1,3133.77,2782476,132488.0,196005.0,3163.0,3163.0,3108.0,3134.3,31883600,3447.7,2820.9,3839.9,2896.0,3150.9,23,5,3150.6,8,1,3150.5,25,2,3150.4,6,1,3150.3,63,5,3151.7,194,3,3151.8,484,8,3151.9,25,3,3152.0,226,2,3152.1,480,5
2031,2026-06-16 14:20:50+05:30,3151.7,1,3133.77,2782476,132488.0,196005.0,3163.0,3163.0,3108.0,3134.3,31883600,3447.7,2820.9,3839.9,2896.0,3150.9,23,5,3150.6,8,1,3150.5,25,2,3150.4,6,1,3150.3,63,5,3151.7,194,3,3151.8,484,8,3151.9,25,3,3152.0,226,2,3152.1,480,5
2031,2026-06-16 14:20:50+05:30,3151.7,1,3133.77,2782503,132469.0,195900.0,3163.0,3163.0,3108.0,3134.3,31883600,3447.7,2820.9,3839.9,2896.0,3150.9,39,6,3150.6,8,1,3150.5,37,3,3150.4,12,1,3150.3,100,5,3151.7,203,3,3151.8,484,8,3151.9,25,3,3152.0,226,2,3152.1,450,4
2031,2026-06-16 14:20:50+05:30,3151.7,1,3133.77,2782503,132469.0,195900.0,3163.0,3163.0,3108.0,3134.3,31883600,3447.7,2820.9,3839.9,2896.0,3150.9,39,6,3150.6,8,1,3150.5,37,3,3150.4,12,1,3150.3,100,5,3151.7,203,3,3151.8,484,8,3151.9,25,3,3152.0,226,2,3152.1,450,4
2031,2026-06-16 14:20:51+05:30,3151.7,1,3133.77,2782503,132469.0,195900.0,3163.0,3163.0,3108.0,3134.3,31884800,3447.7,2820.9,3839.9,2896.0,3150.9,39,6,3150.6,8,1,3150.5,37,3,3150.4,12,1,3150.3,100,5,3151.7,203,3,3151.8,484,8,3151.9,25,3,3152.0,226,2,3152.1,450,4
2031,2026-06-16 14:20:51+05:30,3151.7,4,3133.77,2782507,133479.0,195692.0,3163.0,3163.0,3108.0,3134.3,31884800,3447.7,2820.9,3839.9,2896.0,3151.1,17,2,3150.9,68,4,3150.7,18,2,3150.6,71,2,3150.5,85,4,3151.7,16,1,3151.8,54,3,3151.9,166,1,3152.0,400,2,3152.1,1,1
2031,2026-06-16 14:20:51+05:30,3151.7,1,3133.77,2782507,133479.0,195692.0,3163.0,3163.0,3108.0,3134.3,31884800,3447.7,2820.9,3839.9,2896.0,3151.1,17,2,3150.9,68,4,3150.7,18,2,3150.6,71,2,3150.5,85,4,3151.7,16,1,3151.8,54,3,3151.9,166,1,3152.0,400,2,3152.1,1,1
2031,2026-06-16 14:20:52+05:30,3151.7,1,3133.77,2782524,133492.0,195474.0,3163.0,3163.0,3108.0,3134.3,31884800,3447.7,2820.9,3839.9,2896.0,3151.2,17,1,3151.1,1,1,3150.9,67,3,3150.7,54,2,3150.6,71,2,3151.7,3,1,3151.8,54,3,3151.9,166,1,3152.0,400,2,3152.1,1,1
2031,2026-06-16 14:20:52+05:30,3151.7,2,3133.77,2782524,133492.0,195474.0,3163.0,3163.0,3108.0,3134.3,31884800,3447.7,2820.9,3839.9,2896.0,3151.2,17,1,3151.1,1,1,3150.9,67,3,3150.7,54,2,3150.6,71,2,3151.7,3,1,3151.8,54,3,3151.9,166,1,3152.0,400,2,3152.1,1,1
2031,2026-06-16 14:20:53+05:30,3151.8,7,3133.77,2782535,133760.0,195579.0,3163.0,3163.0,3108.0,3134.3,31884800,3447.7,2820.9,3839.9,2896.0,3151.4,15,1,3151.0,164,1,3150.9,118,6,3150.8,121,4,3150.7,244,4,3151.8,46,2,3152.0,166,1,3152.1,401,3,3152.2,9,1,3152.3,403,3
2031,2026-06-16 14:20:53+05:30,3151.8,7,3133.77,2782535,133760.0,195579.0,3163.0,3163.0,3108.0,3134.3,31884800,3447.7,2820.9,3839.9,2896.0,3151.4,15,1,3151.0,164,1,3150.9,118,6,3150.8,121,4,3150.7,244,4,3151.8,46,2,3152.0,166,1,3152.1,401,3,3152.2,9,1,3152.3,403,3
2031,2026-06-16 14:20:54+05:30,3151.8,1,3133.77,2782536,133809.0,195834.0,3163.0,3163.0,3108.0,3134.3,31884800,3447.7,2820.9,3839.9,2896.0,3151.4,15,1,3151.0,165,1,3150.9,130,7,3150.8,123,5,3150.7,32,2,3151.8,45,2,3151.9,166,1,3152.0,400,2,3152.1,1,1,3152.2,409,3
2031,2026-06-16 14:20:54+05:30,3151.8,1,3133.77,2782536,133809.0,195834.0,3163.0,3163.0,3108.0,3134.3,31884800,3447.7,2820.9,3839.9,2896.0,3151.4,15,1,3151.0,165,1,3150.9,130,7,3150.8,123,5,3150.7,32,2,3151.8,45,2,3151.9,166,1,3152.0,400,2,3152.1,1,1,3152.2,409,3
2031,2026-06-16 14:20:55+05:30,3151.8,1,3133.77,2782539,133901.0,195540.0,3163.0,3163.0,3108.0,3134.3,31884800,3447.7,2820.9,3839.9,2896.0,3151.4,15,1,3151.0,187,3,3150.9,118,6,3150.8,135,6,3150.7,20,1,3151.8,42,2,3152.0,176,2,3152.1,401,3,3152.2,9,1,3152.3,203,2
2031,2026-06-16 14:20:55+05:30,3151.8,2,3133.77,2782539,133901.0,195540.0,3163.0,3163.0,3108.0,3134.3,31884800,3447.7,2820.9,3839.9,2896.0,3151.4,15,1,3151.0,187,3,3150.9,118,6,3150.8,135,6,3150.7,20,1,3151.8,42,2,3152.0,176,2,3152.1,401,3,3152.2,9,1,3152.3,203,2
2031,2026-06-16 14:20:56+05:30,3151.1,5,3133.77,2782762,133279.0,195648.0,3163.0,3163.0,3108.0,3134.3,31884800,3447.7,2820.9,3839.9,2896.0,3151.1,3,1,3151.0,23,4,3150.9,95,5,3150.8,25,4,3150.7,6,1,3151.8,33,2,3152.0,176,2,3152.1,401,3,3152.2,9,1,3152.3,452,5
2031,2026-06-16 14:20:56+05:30,3151.1,5,3133.77,2782762,133279.0,195648.0,3163.0,3163.0,3108.0,3134.3,31884800,3447.7,2820.9,3839.9,2896.0,3151.1,3,1,3151.0,23,4,3150.9,95,5,3150.8,25,4,3150.7,6,1,3151.8,33,2,3152.0,176,2,3152.1,401,3,3152.2,9,1,3152.3,452,5
2031,2026-06-16 14:20:57+05:30,3151.8,2,3133.77,2782789,133609.0,195509.0,3163.0,3163.0,3108.0,3134.3,31884800,3447.7,2820.9,3839.9,2896.0,3151.2,43,6,3151.1,24,2,3151.0,56,5,3150.9,92,5,3150.8,74,6,3151.8,33,2,3152.0,176,2,3152.1,401,3,3152.3,403,3,3152.4,600,3
2031,2026-06-16 14:20:57+05:30,3151.8,2,3133.77,2782789,133609.0,195509.0,3163.0,3163.0,3108.0,3134.3,31884800,3447.7,2820.9,3839.9,2896.0,3151.2,43,6,3151.1,24,2,3151.0,56,5,3150.9,92,5,3150.8,74,6,3151.8,33,2,3152.0,176,2,3152.1,401,3,3152.3,403,3,3152.4,600,3
2031,2026-06-16 14:20:58+05:30,3152.0,1,3133.77,2783046,133604.0,195165.0,3163.0,3163.0,3108.0,3134.3,31884800,3447.7,2820.9,3839.9,2896.0,3151.3,19,1,3151.2,44,4,3151.1,23,3,3151.0,37,3,3150.9,95,5,3152.0,175,2,3152.1,401,3,3152.3,200,1,3152.4,600,3,3152.5,69,2
2031,2026-06-16 14:20:58+05:30,3152.0,1,3133.77,2783046,133604.0,195165.0,3163.0,3163.0,3108.0,3134.3,31884800,3447.7,2820.9,3839.9,2896.0,3151.3,19,1,3151.2,44,4,3151.1,23,3,3151.0,37,3,3150.9,95,5,3152.0,175,2,3152.1,401,3,3152.3,200,1,3152.4,600,3,3152.5,69,2
2031,2026-06-16 14:20:59+05:30,3152.0,91,3133.77,2783146,134014.0,195212.0,3163.0,3163.0,3108.0,3134.3,31884800,3447.7,2820.9,3839.9,2896.0,3151.3,75,6,3151.2,33,3,3151.1,32,4,3151.0,49,5,3150.9,163,7,3152.0,100,2,3152.1,401,3,3152.3,200,1,3152.4,600,3,3152.6,48,1
2031,2026-06-16 14:20:59+05:30,3152.0,24,3133.77,2783146,134014.0,195212.0,3163.0,3163.0,3108.0,3134.3,31884800,3447.7,2820.9,3839.9,2896.0,3151.3,75,6,3151.2,33,3,3151.1,32,4,3151.0,49,5,3150.9,163,7,3152.0,100,2,3152.1,401,3,3152.3,200,1,3152.4,600,3,3152.6,48,1
2031,2026-06-16 14:21:00+05:30,3152.0,1,3133.77,2783146,134014.0,195212.0,3163.0,3163.0,3108.0,3134.3,31884800,3447.7,2820.9,3839.9,2896.0,3151.3,75,6,3151.2,33,3,3151.1,32,4,3151.0,49,5,3150.9,163,7,3152.0,100,2,3152.1,401,3,3152.3,200,1,3152.4,600,3,3152.6,48,1
2031,2026-06-16 14:21:00+05:30,3152.0,1,3133.77,2783228,134250.0,194943.0,3163.0,3163.0,3108.0,3134.3,31884800,3447.7,2820.9,3839.9,2896.0,3152.0,1,1,3151.5,20,2,3151.4,34,2,3151.3,61,5,3151.2,8,1,3152.1,1,1,3152.2,45,1,3152.3,400,2,3152.5,400,2,3152.6,400,2
2031,2026-06-16 14:21:01+05:30,3152.1,6,3133.77,2783228,134250.0,194943.0,3163.0,3163.0,3108.0,3134.3,31884800,3447.7,2820.9,3839.9,2896.0,3152.0,1,1,3151.5,20,2,3151.4,34,2,3151.3,61,5,3151.2,8,1,3152.1,1,1,3152.2,45,1,3152.3,400,2,3152.5,400,2,3152.6,400,2
2031,2026-06-16 14:21:01+05:30,3152.0,9,3133.77,2783284,134461.0,193453.0,3163.0,3163.0,3108.0,3134.3,31884800,3447.7,2820.9,3839.9,2896.0,3152.0,34,4,3151.9,2,1,3151.8,24,2,3151.7,6,1,3151.6,84,5,3152.1,46,1,3152.8,1,1,3152.9,12,1,3153.0,311,2,3153.1,400,2
2031,2026-06-16 14:21:02+05:30,3152.1,1,3133.77,2783284,134461.0,193453.0,3163.0,3163.0,3108.0,3134.3,31884800,3447.7,2820.9,3839.9,2896.0,3152.0,34,4,3151.9,2,1,3151.8,24,2,3151.7,6,1,3151.6,84,5,3152.1,46,1,3152.8,1,1,3152.9,12,1,3153.0,311,2,3153.1,400,2
2031,2026-06-16 14:21:02+05:30,3152.1,1,3133.77,2783336,134529.0,193985.0,3163.0,3163.0,3108.0,3134.3,31884800,3447.7,2820.9,3839.9,2896.0,3152.1,2,1,3152.0,34,4,3151.9,2,1,3151.8,6,1,3151.7,83,3,3152.9,11,1,3153.0,311,2,3153.1,400,2,3153.2,21,2,3153.3,351,4
2031,2026-06-16 14:21:03+05:30,3152.9,10,3133.77,2783336,134529.0,193985.0,3163.0,3163.0,3108.0,3134.3,31884800,3447.7,2820.9,3839.9,2896.0,3152.1,2,1,3152.0,34,4,3151.9,2,1,3151.8,6,1,3151.7,83,3,3152.9,11,1,3153.0,311,2,3153.1,400,2,3153.2,21,2,3153.3,351,4
2031,2026-06-16 14:21:03+05:30,3152.9,10,3133.77,2783346,134742.0,193782.0,3163.0,3163.0,3108.0,3134.3,31884800,3447.7,2820.9,3839.9,2896.0,3152.1,42,2,3152.0,43,5,3151.9,30,2,3151.8,75,2,3151.7,241,4,3152.9,1,1,3153.0,311,2,3153.1,400,2,3153.3,303,3,3153.4,430,3
2031,2026-06-16 14:21:04+05:30,3152.1,31,3133.77,2783346,134742.0,193782.0,3163.0,3163.0,3108.0,3134.3,31884800,3447.7,2820.9,3839.9,2896.0,3152.1,42,2,3152.0,43,5,3151.9,30,2,3151.8,75,2,3151.7,241,4,3152.9,1,1,3153.0,311,2,3153.1,400,2,3153.3,303,3,3153.4,430,3
2031,2026-06-16 14:21:04+05:30,3152.1,31,3133.77,2783379,135407.0,193965.0,3163.0,3163.0,3108.0,3134.3,31884800,3447.7,2820.9,3839.9,2896.0,3152.3,17,1,3152.1,13,3,3152.0,43,5,3151.9,2,1,3151.8,12,1,3152.9,21,2,3153.0,311,2,3153.1,400,2,3153.3,304,4,3153.4,430,3
2031,2026-06-16 14:21:05+05:30,3152.9,4,3133.77,2783379,135407.0,193965.0,3163.0,3163.0,3108.0,3134.3,31884800,3447.7,2820.9,3839.9,2896.0,3152.3,17,1,3152.1,13,3,3152.0,43,5,3151.9,2,1,3151.8,12,1,3152.9,21,2,3153.0,311,2,3153.1,400,2,3153.3,304,4,3153.4,430,3
2031,2026-06-16 14:21:05+05:30,3152.9,4,3133.77,2783384,135472.0,193982.0,3163.0,3163.0,3108.0,3134.3,31884800,3447.7,2820.9,3839.9,2896.0,3152.3,17,1,3152.1,13,3,3152.0,55,6,3151.9,2,1,3151.8,63,1,3152.9,42,3,3153.0,311,2,3153.1,400,2,3153.3,351,4,3153.4,430,3
2031,2026-06-16 14:21:06+05:30,3152.9,1,3133.77,2783384,135472.0,193982.0,3163.0,3163.0,3108.0,3134.3,31884800,3447.7,2820.9,3839.9,2896.0,3152.3,17,1,3152.1,13,3,3152.0,55,6,3151.9,2,1,3151.8,63,1,3152.9,42,3,3153.0,311,2,3153.1,400,2,3153.3,351,4,3153.4,430,3
2031,2026-06-16 14:21:06+05:30,3152.3,30,3133.77,2783415,135468.0,193996.0,3163.0,3163.0,3108.0,3134.3,31884800,3447.7,2820.9,3839.9,2896.0,3152.3,17,1,3152.1,16,4,3152.0,67,7,3151.9,20,2,3151.8,60,2,3152.4,1,1,3152.9,42,4,3153.0,311,2,3153.1,400,2,3153.3,351,4
2031,2026-06-16 14:21:07+05:30,3152.4,41,3133.77,2783415,135468.0,193996.0,3163.0,3163.0,3108.0,3134.3,31884800,3447.7,2820.9,3839.9,2896.0,3152.3,17,1,3152.1,16,4,3152.0,67,7,3151.9,20,2,3151.8,60,2,3152.4,1,1,3152.9,42,4,3153.0,311,2,3153.1,400,2,3153.3,351,4
2031,2026-06-16 14:21:07+05:30,3152.4,41,3133.77,2783499,135252.0,193958.0,3163.0,3163.0,3108.0,3134.3,31884800,3447.7,2820.9,3839.9,2896.0,3152.4,16,1,3152.1,15,3,3152.0,38,5,3151.9,17,1,3151.8,32,2,3152.9,37,4,3153.0,311,2,3153.1,400,2,3153.3,352,5,3153.4,433,4
2031,2026-06-16 14:21:08+05:30,3152.9,1,3133.77,2783500,135442.0,194177.0,3163.0,3163.0,3108.0,3134.3,31884800,3447.7,2820.9,3839.9,2896.0,3152.6,2,1,3152.4,16,1,3152.1,15,3,3152.0,36,4,3151.9,17,1,3152.9,36,4,3153.0,511,3,3153.1,400,2,3153.3,552,6,3153.4,433,4
2031,2026-06-16 14:21:09+05:30,3152.9,6,3133.77,2783500,135442.0,194177.0,3163.0,3163.0,3108.0,3134.3,31884800,3447.7,2820.9,3839.9,2896.0,3152.6,2,1,3152.4,16,1,3152.1,15,3,3152.0,36,4,3151.9,17,1,3152.9,36,4,3153.0,511,3,3153.1,400,2,3153.3,552,6,3153.4,433,4
2031,2026-06-16 14:21:09+05:30,3152.7,160,3133.77,2783675,135168.0,194049.0,3163.0,3163.0,3108.0,3134.3,31884800,3447.7,2820.9,3839.9,2896.0,3152.6,2,1,3152.1,9,1,3152.0,36,4,3151.8,75,2,3151.7,20,1,3152.7,40,1,3152.9,21,3,3153.0,511,3,3153.1,400,2,3153.2,1,1
2031,2026-06-16 14:21:10+05:30,3152.7,8,3133.77,2783675,135168.0,194049.0,3163.0,3163.0,3108.0,3134.3,31884800,3447.7,2820.9,3839.9,2896.0,3152.6,2,1,3152.1,9,1,3152.0,36,4,3151.8,75,2,3151.7,20,1,3152.7,40,1,3152.9,21,3,3153.0,511,3,3153.1,400,2,3153.2,1,1
2031,2026-06-16 14:21:11+05:30,3152.7,1,3133.77,2783689,134378.0,194323.0,3163.0,3163.0,3108.0,3134.3,31884800,3447.7,2820.9,3839.9,2896.0,3152.6,2,1,3152.1,9,1,3152.0,2,2,3151.9,18,1,3151.5,35,2,3152.7,307,6,3152.8,410,3,3152.9,54,5,3153.0,806,6,3153.1,400,2
2031,2026-06-16 14:21:11+05:30,3152.6,8,3133.77,2783689,134378.0,194323.0,3163.0,3163.0,3108.0,3134.3,31884800,3447.7,2820.9,3839.9,2896.0,3152.6,2,1,3152.1,9,1,3152.0,2,2,3151.9,18,1,3151.5,35,2,3152.7,307,6,3152.8,410,3,3152.9,54,5,3153.0,806,6,3153.1,400,2
2031,2026-06-16 14:21:12+05:30,3151.3,2,3133.78,2784027,133377.0,193125.0,3163.0,3163.0,3108.0,3134.3,31884800,3447.7,2820.9,3839.9,2896.0,3151.3,53,6,3151.2,62,4,3151.1,173,7,3151.0,57,5,3150.9,83,6,3152.7,67,4,3152.9,93,4,3153.0,582,6,3153.1,400,2,3153.2,107,5
2031,2026-06-16 14:21:12+05:30,3151.3,2,3133.78,2784027,133377.0,193125.0,3163.0,3163.0,3108.0,3134.3,31884800,3447.7,2820.9,3839.9,2896.0,3151.3,53,6,3151.2,62,4,3151.1,173,7,3151.0,57,5,3150.9,83,6,3152.7,67,4,3152.9,93,4,3153.0,582,6,3153.1,400,2,3153.2,107,5
2031,2026-06-16 14:21:13+05:30,3152.0,20,3133.78,2784097,134840.0,194529.0,3163.0,3163.0,3108.0,3134.3,31884800,3447.7,2820.9,3839.9,2896.0,3152.0,5,1,3151.5,192,3,3151.4,37,4,3151.3,154,7,3151.2,18,2,3152.7,17,3,3152.8,388,2,3152.9,421,5,3153.0,365,3,3153.1,201,2
2031,2026-06-16 14:21:13+05:30,3152.0,20,3133.78,2784097,134840.0,194529.0,3163.0,3163.0,3108.0,3134.3,31884800,3447.7,2820.9,3839.9,2896.0,3152.0,5,1,3151.5,192,3,3151.4,37,4,3151.3,154,7,3151.2,18,2,3152.7,17,3,3152.8,388,2,3152.9,421,5,3153.0,365,3,3153.1,201,2
2031,2026-06-16 14:21:14+05:30,3152.0,20,3133.78,2784097,134924.0,194535.0,3163.0,3163.0,3108.0,3134.3,31884800,3447.7,2820.9,3839.9,2896.0,3152.0,7,3,3151.9,13,2,3151.8,14,2,3151.6,20,2,3151.5,256,4,3152.7,17,3,3152.9,409,5,3153.0,723,5,3153.2,257,4,3153.3,752,7
2031,2026-06-16 14:21:15+05:30,3152.6,1,3133.78,2784147,135152.0,194221.0,3163.0,3163.0,3108.0,3134.3,31884800,3447.7,2820.9,3839.9,2896.0,3152.0,46,6,3151.8,9,1,3151.7,23,3,3151.6,11,1,3151.5,39,4,3152.6,377,2,3152.7,400,2,3152.9,201,2,3153.0,748,4,3153.1,200,1
2031,2026-06-16 14:21:15+05:30,3152.6,1,3133.78,2784147,135152.0,194221.0,3163.0,3163.0,3108.0,3134.3,31884800,3447.7,2820.9,3839.9,2896.0,3152.0,46,6,3151.8,9,1,3151.7,23,3,3151.6,11,1,3151.5,39,4,3152.6,377,2,3152.7,400,2,3152.9,201,2,3153.0,748,4,3153.1,200,1
2031,2026-06-16 14:21:16+05:30,3152.7,1,3133.78,2784147,135152.0,194221.0,3163.0,3163.0,3108.0,3134.3,31884800,3447.7,2820.9,3839.9,2896.0,3152.0,46,6,3151.8,9,1,3151.7,23,3,3151.6,11,1,3151.5,39,4,3152.6,377,2,3152.7,400,2,3152.9,201,2,3153.0,748,4,3153.1,200,1
2031,2026-06-16 14:21:16+05:30,3152.7,1,3133.78,2784148,135126.0,194592.0,3163.0,3163.0,3108.0,3134.3,31884800,3447.7,2820.9,3839.9,2896.0,3152.3,2,2,3152.0,46,6,3151.8,9,1,3151.7,23,3,3151.6,11,1,3152.7,376,2,3152.8,400,2,3153.0,748,4,3153.1,401,3,3153.3,389,5
2031,2026-06-16 14:21:17+05:30,3152.3,14,3133.78,2784148,135126.0,194592.0,3163.0,3163.0,3108.0,3134.3,31884800,3447.7,2820.9,3839.9,2896.0,3152.3,2,2,3152.0,46,6,3151.8,9,1,3151.7,23,3,3151.6,11,1,3152.7,376,2,3152.8,400,2,3153.0,748,4,3153.1,401,3,3153.3,389,5
2031,2026-06-16 14:21:17+05:30,3152.3,14,3133.78,2784210,134872.0,194840.0,3163.0,3163.0,3108.0,3134.3,31884800,3447.7,2820.9,3839.9,2896.0,3152.0,46,6,3151.8,12,1,3151.7,16,3,3151.6,11,1,3151.5,39,4,3152.3,147,1,3152.7,376,2,3152.8,400,2,3153.0,548,3,3153.1,600,3
2031,2026-06-16 14:21:18+05:30,3152.3,14,3133.78,2784210,134946.0,194649.0,3163.0,3163.0,3108.0,3134.3,31884800,3447.7,2820.9,3839.9,2896.0,3152.0,46,6,3151.9,17,1,3151.8,12,1,3151.7,16,3,3151.6,11,1,3152.3,147,1,3152.7,376,2,3152.8,400,2,3153.0,548,3,3153.1,400,2
2031,2026-06-16 14:21:19+05:30,3152.3,6,3133.78,2784210,134946.0,194649.0,3163.0,3163.0,3108.0,3134.3,31884800,3447.7,2820.9,3839.9,2896.0,3152.0,46,6,3151.9,17,1,3151.8,12,1,3151.7,16,3,3151.6,11,1,3152.3,147,1,3152.7,376,2,3152.8,400,2,3153.0,548,3,3153.1,400,2
2031,2026-06-16 14:21:19+05:30,3152.3,6,3133.78,2784216,134865.0,194725.0,3163.0,3163.0,3108.0,3134.3,31884800,3447.7,2820.9,3839.9,2896.0,3152.0,52,9,3151.9,21,2,3151.7,28,3,3151.6,11,1,3151.5,64,5,3152.3,341,2,3152.7,376,2,3152.8,400,2,3153.0,548,3,3153.1,400,2
2031,2026-06-16 14:21:20+05:30,3152.3,2,3133.78,2784216,134865.0,194725.0,3163.0,3163.0,3108.0,3134.3,31884800,3447.7,2820.9,3839.9,2896.0,3152.0,52,9,3151.9,21,2,3151.7,28,3,3151.6,11,1,3151.5,64,5,3152.3,341,2,3152.7,376,2,3152.8,400,2,3153.0,548,3,3153.1,400,2
2031,2026-06-16 14:21:20+05:30,3152.3,2,3133.78,2784219,134846.0,194698.0,3163.0,3163.0,3108.0,3134.3,31884800,3447.7,2820.9,3839.9,2896.0,3152.0,47,7,3151.9,21,2,3151.8,12,1,3151.7,28,3,3151.6,11,1,3152.3,378,3,3152.7,376,2,3152.8,400,2,3153.0,549,4,3153.1,400,2
2031,2026-06-16 14:21:21+05:30,3152.9,168,3133.78,2784219,134846.0,194698.0,3163.0,3163.0,3108.0,3134.3,31884800,3447.7,2820.9,3839.9,2896.0,3152.0,47,7,3151.9,21,2,3151.8,12,1,3151.7,28,3,3151.6,11,1,3152.3,378,3,3152.7,376,2,3152.8,400,2,3153.0,549,4,3153.1,400,2
2031,2026-06-16 14:21:21+05:30,3152.3,5,3133.8,2787824,135421.0,193085.0,3163.0,3163.0,3108.0,3134.3,31884800,3447.7,2820.9,3839.9,2896.0,3152.3,12,1,3152.1,50,6,3152.0,48,8,3151.9,4,1,3151.8,24,2,3152.9,32,1,3153.0,300,1,3153.2,1,1,3153.3,503,4,3153.4,1,1
2031,2026-06-16 14:21:22+05:30,3152.9,5,3133.8,2787824,135421.0,193085.0,3163.0,3163.0,3108.0,3134.3,31884800,3447.7,2820.9,3839.9,2896.0,3152.3,12,1,3152.1,50,6,3152.0,48,8,3151.9,4,1,3151.8,24,2,3152.9,32,1,3153.0,300,1,3153.2,1,1,3153.3,503,4,3153.4,1,1
2031,2026-06-16 14:21:22+05:30,3152.9,5,3133.8,2787831,135508.0,193286.0,3163.0,3163.0,3108.0,3134.3,31884800,3447.7,2820.9,3839.9,2896.0,3152.3,26,6,3152.2,7,1,3152.1,38,5,3152.0,61,9,3151.9,19,2,3152.5,45,1,3152.6,32,1,3152.7,32,1,3152.8,32,1,3152.9,25,1
2031,2026-06-16 14:21:23+05:30,3152.3,29,3133.8,2787831,135508.0,193286.0,3163.0,3163.0,3108.0,3134.3,31884800,3447.7,2820.9,3839.9,2896.0,3152.3,26,6,3152.2,7,1,3152.1,38,5,3152.0,61,9,3151.9,19,2,3152.5,45,1,3152.6,32,1,3152.7,32,1,3152.8,32,1,3152.9,25,1
2031,2026-06-16 14:21:23+05:30,3151.5,124,3133.81,2788876,133921.0,194030.0,3163.0,3163.0,3108.0,3134.3,31884800,3447.7,2820.9,3839.9,2896.0,3151.5,57,5,3151.4,18,2,3151.3,31,2,3151.2,109,5,3151.1,415,6,3152.4,32,1,3152.5,58,2,3152.6,32,1,3152.8,32,1,3152.9,25,1
2031,2026-06-16 14:21:24+05:30,3152.9,18,3133.81,2788876,133921.0,194030.0,3163.0,3163.0,3108.0,3134.3,31884800,3447.7,2820.9,3839.9,2896.0,3151.5,57,5,3151.4,18,2,3151.3,31,2,3151.2,109,5,3151.1,415,6,3152.4,32,1,3152.5,58,2,3152.6,32,1,3152.8,32,1,3152.9,25,1
2031,2026-06-16 14:21:24+05:30,3152.9,18,3133.81,2789259,133423.0,194798.0,3163.0,3163.0,3108.0,3134.3,31884800,3447.7,2820.9,3839.9,2896.0,3151.4,9,3,3151.3,15,2,3151.2,13,2,3151.1,22,4,3151.0,50,4,3152.0,7,1,3152.7,78,1,3152.8,70,2,3152.9,253,4,3153.0,723,5
2031,2026-06-16 14:21:25+05:30,3150.9,24,3133.81,2789459,131910.0,196177.0,3163.0,3163.0,3108.0,3134.3,31884800,3447.7,2820.9,3839.9,2896.0,3150.9,16,1,3150.5,35,3,3150.4,5,1,3150.3,51,3,3150.2,167,3,3151.7,32,1,3151.8,32,1,3151.9,32,1,3152.1,80,2,3152.2,13,1
2031,2026-06-16 14:21:26+05:30,3151.2,7,3133.81,2789459,131910.0,196177.0,3163.0,3163.0,3108.0,3134.3,31884800,3447.7,2820.9,3839.9,2896.0,3150.9,16,1,3150.5,35,3,3150.4,5,1,3150.3,51,3,3150.2,167,3,3151.7,32,1,3151.8,32,1,3151.9,32,1,3152.1,80,2,3152.2,13,1
2031,2026-06-16 14:21:26+05:30,3151.5,3,3133.81,2789574,132140.0,196381.0,3163.0,3163.0,3108.0,3134.3,31884800,3447.7,2820.9,3839.9,2896.0,3150.9,16,1,3150.7,26,4,3150.6,9,2,3150.5,72,4,3150.4,5,1,3151.3,2,1,3151.8,32,1,3152.0,34,1,3152.3,3,1,3152.4,74,3
2031,2026-06-16 14:21:27+05:30,3151.3,1,3133.81,2789574,132140.0,196381.0,3163.0,3163.0,3108.0,3134.3,31884800,3447.7,2820.9,3839.9,2896.0,3150.9,16,1,3150.7,26,4,3150.6,9,2,3150.5,72,4,3150.4,5,1,3151.3,2,1,3151.8,32,1,3152.0,34,1,3152.3,3,1,3152.4,74,3
2031,2026-06-16 14:21:28+05:30,3151.3,1,3133.81,2789575,131729.0,196776.0,3163.0,3163.0,3108.0,3134.3,31884800,3447.7,2820.9,3839.9,2896.0,3150.9,19,3,3150.8,3,1,3150.7,22,3,3150.6,9,2,3150.5,68,4,3151.1,32,1,3151.2,32,1,3151.3,33,2,3151.5,32,1,3151.9,3,1
2031,2026-06-16 14:21:28+05:30,3151.1,1,3133.81,2789575,131729.0,196776.0,3163.0,3163.0,3108.0,3134.3,31884800,3447.7,2820.9,3839.9,2896.0,3150.9,19,3,3150.8,3,1,3150.7,22,3,3150.6,9,2,3150.5,68,4,3151.1,32,1,3151.2,32,1,3151.3,33,2,3151.5,32,1,3151.9,3,1
2031,2026-06-16 14:21:29+05:30,3151.1,4,3133.81,2789611,131804.0,196860.0,3163.0,3163.0,3108.0,3134.3,31884800,3447.7,2820.9,3839.9,2896.0,3150.9,28,5,3150.8,3,1,3150.7,10,2,3150.6,33,4,3150.5,93,6,3151.1,28,1,3151.2,32,1,3151.3,1,1,3151.4,32,1,3151.9,3,1
2031,2026-06-16 14:21:29+05:30,3151.1,4,3133.81,2789611,131804.0,196860.0,3163.0,3163.0,3108.0,3134.3,31884800,3447.7,2820.9,3839.9,2896.0,3150.9,28,5,3150.8,3,1,3150.7,10,2,3150.6,33,4,3150.5,93,6,3151.1,28,1,3151.2,32,1,3151.3,1,1,3151.4,32,1,3151.9,3,1
2031,2026-06-16 14:21:30+05:30,3151.1,6,3133.81,2789617,131831.0,196849.0,3163.0,3163.0,3108.0,3134.3,31884800,3447.7,2820.9,3839.9,2896.0,3150.9,28,5,3150.8,3,1,3150.7,8,2,3150.6,21,3,3150.5,92,5,3151.1,52,4,3151.2,32,1,3151.3,1,1,3151.4,32,1,3151.9,3,1
2031,2026-06-16 14:21:30+05:30,3151.1,6,3133.81,2789617,131831.0,196849.0,3163.0,3163.0,3108.0,3134.3,31884800,3447.7,2820.9,3839.9,2896.0,3150.9,28,5,3150.8,3,1,3150.7,8,2,3150.6,21,3,3150.5,92,5,3151.1,52,4,3151.2,32,1,3151.3,1,1,3151.4,32,1,3151.9,3,1
2031,2026-06-16 14:21:30+05:30,3151.1,6,3133.81,2789617,131831.0,196849.0,3163.0,3163.0,3108.0,3134.3,31884800,3447.7,2820.9,3839.9,2896.0,3150.9,28,5,3150.8,3,1,3150.7,8,2,3150.6,21,3,3150.5,92,5,3151.1,52,4,3151.2,32,1,3151.3,1,1,3151.4,32,1,3151.9,3,1
2031,2026-06-16 14:21:31+05:30,3151.0,2,3133.81,2789620,131865.0,197042.0,3163.0,3163.0,3108.0,3134.3,31884800,3447.7,2820.9,3839.9,2896.0,3151.0,1,1,3150.9,92,10,3150.8,3,1,3150.7,8,2,3150.6,33,4,3151.1,67,5,3151.2,32,1,3151.3,1,1,3151.4,32,1,3151.9,51,2
2031,2026-06-16 14:21:31+05:30,3151.0,2,3133.81,2789620,131865.0,197042.0,3163.0,3163.0,3108.0,3134.3,31884800,3447.7,2820.9,3839.9,2896.0,3151.0,1,1,3150.9,92,10,3150.8,3,1,3150.7,8,2,3150.6,33,4,3151.1,67,5,3151.2,32,1,3151.3,1,1,3151.4,32,1,3151.9,51,2
2031,2026-06-16 14:21:32+05:30,3151.1,15,3133.81,2789687,132326.0,196220.0,3163.0,3163.0,3108.0,3134.3,31884800,3447.7,2820.9,3839.9,2896.0,3151.0,34,6,3150.9,85,8,3150.8,42,3,3150.7,9,3,3150.6,33,4,3151.3,33,2,3151.5,32,1,3152.0,34,1,3152.2,20,1,3152.3,400,2
2031,2026-06-16 14:21:32+05:30,3151.1,15,3133.81,2789687,132326.0,196220.0,3163.0,3163.0,3108.0,3134.3,31884800,3447.7,2820.9,3839.9,2896.0,3151.0,34,6,3150.9,85,8,3150.8,42,3,3150.7,9,3,3150.6,33,4,3151.3,33,2,3151.5,32,1,3152.0,34,1,3152.2,20,1,3152.3,400,2
2031,2026-06-16 14:21:32+05:30,3151.2,1,3133.81,2789687,132326.0,196220.0,3163.0,3163.0,3108.0,3134.3,31884800,3447.7,2820.9,3839.9,2896.0,3151.0,34,6,3150.9,85,8,3150.8,42,3,3150.7,9,3,3150.6,33,4,3151.3,33,2,3151.5,32,1,3152.0,34,1,3152.2,20,1,3152.3,400,2
2031,2026-06-16 14:21:33+05:30,3151.2,1,3133.81,2789688,133030.0,196331.0,3163.0,3163.0,3108.0,3134.3,31884800,3447.7,2820.9,3839.9,2896.0,3151.1,25,6,3151.0,69,5,3150.9,68,7,3150.8,42,3,3150.7,9,3,3151.2,31,1,3151.3,33,2,3151.4,32,1,3151.6,32,1,3152.0,34,1
2031,2026-06-16 14:21:34+05:30,3151.1,4,3133.81,2789688,133030.0,196331.0,3163.0,3163.0,3108.0,3134.3,31884800,3447.7,2820.9,3839.9,2896.0,3151.1,25,6,3151.0,69,5,3150.9,68,7,3150.8,42,3,3150.7,9,3,3151.2,31,1,3151.3,33,2,3151.4,32,1,3151.6,32,1,3152.0,34,1
2031,2026-06-16 14:21:34+05:30,3151.1,4,3133.81,2789732,132960.0,196317.0,3163.0,3163.0,3108.0,3134.3,31884800,3447.7,2820.9,3839.9,2896.0,3151.1,59,6,3151.0,81,6,3150.9,68,7,3150.8,42,3,3150.7,9,3,3151.2,13,1,3151.3,33,2,3151.4,32,1,3151.6,32,1,3152.0,34,1
2031,2026-06-16 14:21:34+05:30,3151.1,4,3133.81,2789732,132960.0,196317.0,3163.0,3163.0,3108.0,3134.3,31884800,3447.7,2820.9,3839.9,2896.0,3151.1,59,6,3151.0,81,6,3150.9,68,7,3150.8,42,3,3150.7,9,3,3151.2,13,1,3151.3,33,2,3151.4,32,1,3151.6,32,1,3152.0,34,1
2031,2026-06-16 14:21:35+05:30,3151.2,12,3133.81,2789732,132960.0,196317.0,3163.0,3163.0,3108.0,3134.3,31884800,3447.7,2820.9,3839.9,2896.0,3151.1,59,6,3151.0,81,6,3150.9,68,7,3150.8,42,3,3150.7,9,3,3151.2,13,1,3151.3,33,2,3151.4,32,1,3151.6,32,1,3152.0,34,1
2031,2026-06-16 14:21:35+05:30,3151.2,1,3133.81,2789746,133585.0,196527.0,3163.0,3163.0,3108.0,3134.3,31884800,3447.7,2820.9,3839.9,2896.0,3151.2,15,1,3151.1,54,8,3151.0,71,6,3150.9,69,8,3150.8,50,3,3152.0,34,1,3152.3,400,2,3152.4,448,3,3152.6,251,4,3152.7,526,4
2031,2026-06-16 14:21:36+05:30,3151.2,1,3133.81,2789746,133585.0,196527.0,3163.0,3163.0,3108.0,3134.3,31884800,3447.7,2820.9,3839.9,2896.0,3151.2,15,1,3151.1,54,8,3151.0,71,6,3150.9,69,8,3150.8,50,3,3152.0,34,1,3152.3,400,2,3152.4,448,3,3152.6,251,4,3152.7,526,4
2031,2026-06-16 14:21:36+05:30,3151.6,2,3133.81,2789763,134061.0,196083.0,3163.0,3163.0,3108.0,3134.3,31884800,3447.7,2820.9,3839.9,2896.0,3151.4,40,4,3151.2,65,4,3151.1,47,6,3151.0,71,6,3150.9,80,8,3151.5,2,1,3152.0,19,1,3152.3,400,2,3152.4,448,3,3152.6,220,2
2031,2026-06-16 14:21:36+05:30,3151.6,2,3133.81,2789763,134061.0,196083.0,3163.0,3163.0,3108.0,3134.3,31884800,3447.7,2820.9,3839.9,2896.0,3151.4,40,4,3151.2,65,4,3151.1,47,6,3151.0,71,6,3150.9,80,8,3151.5,2,1,3152.0,19,1,3152.3,400,2,3152.4,448,3,3152.6,220,2
2031,2026-06-16 14:21:37+05:30,3151.5,2,3133.81,2789763,134061.0,196083.0,3163.0,3163.0,3108.0,3134.3,31884800,3447.7,2820.9,3839.9,2896.0,3151.4,40,4,3151.2,65,4,3151.1,47,6,3151.0,71,6,3150.9,80,8,3151.5,2,1,3152.0,19,1,3152.3,400,2,3152.4,448,3,3152.6,220,2
2031,2026-06-16 14:21:37+05:30,3151.5,5,3133.81,2789773,134441.0,195775.0,3163.0,3163.0,3108.0,3134.3,31884800,3447.7,2820.9,3839.9,2896.0,3151.6,1,1,3151.5,33,5,3151.4,20,4,3151.3,174,2,3151.2,77,5,3152.0,19,1,3152.3,400,2,3152.4,400,2,3152.6,200,1,3152.7,448,3
2031,2026-06-16 14:21:38+05:30,3151.1,120,3133.81,2789773,134441.0,195775.0,3163.0,3163.0,3108.0,3134.3,31884800,3447.7,2820.9,3839.9,2896.0,3151.6,1,1,3151.5,33,5,3151.4,20,4,3151.3,174,2,3151.2,77,5,3152.0,19,1,3152.3,400,2,3152.4,400,2,3152.6,200,1,3152.7,448,3
2031,2026-06-16 14:21:38+05:30,3152.0,7,3133.82,2790780,133519.0,195655.0,3163.0,3163.0,3108.0,3134.3,31884800,3447.7,2820.9,3839.9,2896.0,3151.8,6,1,3151.3,35,4,3151.2,175,3,3151.1,23,2,3151.0,43,5,3152.0,15,2,3152.3,400,2,3152.4,400,2,3152.5,49,2,3152.6,400,2
2031,2026-06-16 14:21:39+05:30,3152.0,7,3133.82,2790780,133519.0,195655.0,3163.0,3163.0,3108.0,3134.3,31884800,3447.7,2820.9,3839.9,2896.0,3151.8,6,1,3151.3,35,4,3151.2,175,3,3151.1,23,2,3151.0,43,5,3152.0,15,2,3152.3,400,2,3152.4,400,2,3152.5,49,2,3152.6,400,2
2031,2026-06-16 14:21:39+05:30,3152.0,3,3133.82,2790795,134061.0,195781.0,3163.0,3163.0,3108.0,3134.3,31884800,3447.7,2820.9,3839.9,2896.0,3152.0,32,2,3151.9,32,1,3151.8,38,2,3151.7,56,3,3151.5,32,1,3152.3,400,2,3152.4,400,2,3152.6,400,2,3152.7,448,3,3152.8,200,1
2031,2026-06-16 14:21:39+05:30,3152.0,3,3133.82,2790795,134061.0,195781.0,3163.0,3163.0,3108.0,3134.3,31884800,3447.7,2820.9,3839.9,2896.0,3152.0,32,2,3151.9,32,1,3151.8,38,2,3151.7,56,3,3151.5,32,1,3152.3,400,2,3152.4,400,2,3152.6,400,2,3152.7,448,3,3152.8,200,1
2031,2026-06-16 14:21:40+05:30,3152.0,2,3133.82,2790795,134061.0,195781.0,3163.0,3163.0,3108.0,3134.3,31884800,3447.7,2820.9,3839.9,2896.0,3152.0,32,2,3151.9,32,1,3151.8,38,2,3151.7,56,3,3151.5,32,1,3152.3,400,2,3152.4,400,2,3152.6,400,2,3152.7,448,3,3152.8,200,1
2031,2026-06-16 14:21:40+05:30,3152.0,2,3133.82,2791139,132738.0,196339.0,3163.0,3163.0,3108.0,3134.3,31884800,3447.7,2820.9,3839.9,2896.0,3151.8,52,2,3151.0,1,1,3150.9,40,4,3150.8,6,1,3150.7,37,3,3152.1,53,3,3152.2,362,2,3152.3,478,4,3152.5,449,4,3152.6,443,3
2031,2026-06-16 14:21:41+05:30,3152.0,2,3133.82,2791139,132738.0,196339.0,3163.0,3163.0,3108.0,3134.3,31884800,3447.7,2820.9,3839.9,2896.0,3151.8,52,2,3151.0,1,1,3150.9,40,4,3150.8,6,1,3150.7,37,3,3152.1,53,3,3152.2,362,2,3152.3,478,4,3152.5,449,4,3152.6,443,3
2031,2026-06-16 14:21:41+05:30,3152.2,1,3133.82,2791139,132738.0,196339.0,3163.0,3163.0,3108.0,3134.3,31884800,3447.7,2820.9,3839.9,2896.0,3151.8,52,2,3151.0,1,1,3150.9,40,4,3150.8,6,1,3150.7,37,3,3152.1,53,3,3152.2,362,2,3152.3,478,4,3152.5,449,4,3152.6,443,3
2031,2026-06-16 14:21:41+05:30,3152.2,1,3133.82,2791233,133843.0,195899.0,3163.0,3163.0,3108.0,3134.3,31884800,3447.7,2820.9,3839.9,2896.0,3152.1,7,1,3152.0,5,1,3151.8,52,2,3151.6,6,1,3151.3,63,1,3152.2,321,2,3152.3,430,3,3152.5,400,2,3152.6,400,2,3152.8,200,1
2031,2026-06-16 14:21:42+05:30,3152.1,1,3133.82,2791233,133843.0,195899.0,3163.0,3163.0,3108.0,3134.3,31884800,3447.7,2820.9,3839.9,2896.0,3152.1,7,1,3152.0,5,1,3151.8,52,2,3151.6,6,1,3151.3,63,1,3152.2,321,2,3152.3,430,3,3152.5,400,2,3152.6,400,2,3152.8,200,1
2031,2026-06-16 14:21:42+05:30,3152.1,1,3133.82,2791235,133964.0,195333.0,3163.0,3163.0,3108.0,3134.3,31884800,3447.7,2820.9,3839.9,2896.0,3152.1,31,1,3152.0,37,2,3151.9,32,1,3151.8,52,2,3151.7,32,1,3152.2,321,2,3152.3,430,3,3152.5,400,2,3152.6,400,2,3152.8,248,2
2031,2026-06-16 14:21:42+05:30,3152.1,1,3133.82,2791235,133964.0,195333.0,3163.0,3163.0,3108.0,3134.3,31884800,3447.7,2820.9,3839.9,2896.0,3152.1,31,1,3152.0,37,2,3151.9,32,1,3151.8,52,2,3151.7,32,1,3152.2,321,2,3152.3,430,3,3152.5,400,2,3152.6,400,2,3152.8,248,2
2031,2026-06-16 14:21:43+05:30,3152.0,34,3133.82,2791235,133964.0,195333.0,3163.0,3163.0,3108.0,3134.3,31884800,3447.7,2820.9,3839.9,2896.0,3152.1,31,1,3152.0,37,2,3151.9,32,1,3151.8,52,2,3151.7,32,1,3152.2,321,2,3152.3,430,3,3152.5,400,2,3152.6,400,2,3152.8,248,2
2031,2026-06-16 14:21:43+05:30,3152.0,34,3133.82,2791235,133964.0,195333.0,3163.0,3163.0,3108.0,3134.3,31884800,3447.7,2820.9,3839.9,2896.0,3152.1,31,1,3152.0,37,2,3151.9,32,1,3151.8,52,2,3151.7,32,1,3152.2,321,2,3152.3,430,3,3152.5,400,2,3152.6,400,2,3152.8,248,2
2031,2026-06-16 14:21:43+05:30,3152.0,34,3133.83,2791545,133328.0,196360.0,3163.0,3163.0,3108.0,3134.3,31884800,3447.7,2820.9,3839.9,2896.0,3151.8,4,2,3151.6,16,1,3151.5,32,1,3151.3,21,2,3151.2,8,1,3152.0,90,1,3152.1,200,1,3152.2,321,2,3152.3,430,3,3152.5,401,3
2031,2026-06-16 14:21:44+05:30,3152.0,34,3133.83,2791545,133328.0,196360.0,3163.0,3163.0,3108.0,3134.3,31884800,3447.7,2820.9,3839.9,2896.0,3151.8,4,2,3151.6,16,1,3151.5,32,1,3151.3,21,2,3151.2,8,1,3152.0,90,1,3152.1,200,1,3152.2,321,2,3152.3,430,3,3152.5,401,3
2031,2026-06-16 14:21:44+05:30,3152.0,45,3133.83,2791545,133328.0,196360.0,3163.0,3163.0,3108.0,3134.3,31884800,3447.7,2820.9,3839.9,2896.0,3151.8,4,2,3151.6,16,1,3151.5,32,1,3151.3,21,2,3151.2,8,1,3152.0,90,1,3152.1,200,1,3152.2,321,2,3152.3,430,3,3152.5,401,3
2031,2026-06-16 14:21:44+05:30,3152.0,45,3133.83,2791545,133328.0,196360.0,3163.0,3163.0,3108.0,3134.3,31884800,3447.7,2820.9,3839.9,2896.0,3151.8,4,2,3151.6,16,1,3151.5,32,1,3151.3,21,2,3151.2,8,1,3152.0,90,1,3152.1,200,1,3152.2,321,2,3152.3,430,3,3152.5,401,3
2031,2026-06-16 14:21:44+05:30,3151.8,28,3133.83,2791670,133959.0,195998.0,3163.0,3163.0,3108.0,3134.3,31884800,3447.7,2820.9,3839.9,2896.0,3152.0,29,1,3151.8,45,4,3151.7,32,1,3151.6,16,1,3151.5,46,3,3152.1,200,1,3152.2,321,2,3152.3,430,3,3152.5,400,2,3152.6,448,3
2031,2026-06-16 14:21:45+05:30,3151.8,28,3133.83,2791670,133959.0,195998.0,3163.0,3163.0,3108.0,3134.3,31884800,3447.7,2820.9,3839.9,2896.0,3152.0,29,1,3151.8,45,4,3151.7,32,1,3151.6,16,1,3151.5,46,3,3152.1,200,1,3152.2,321,2,3152.3,430,3,3152.5,400,2,3152.6,448,3
2031,2026-06-16 14:21:45+05:30,3152.1,19,3133.83,2791670,133959.0,195998.0,3163.0,3163.0,3108.0,3134.3,31884800,3447.7,2820.9,3839.9,2896.0,3152.0,29,1,3151.8,45,4,3151.7,32,1,3151.6,16,1,3151.5,46,3,3152.1,200,1,3152.2,321,2,3152.3,430,3,3152.5,400,2,3152.6,448,3
2031,2026-06-16 14:21:46+05:30,3152.1,80,3133.83,2791803,134034.0,195744.0,3163.0,3163.0,3108.0,3134.3,31884800,3447.7,2820.9,3839.9,2896.0,3152.0,45,3,3151.8,73,3,3151.7,12,1,3151.6,48,2,3151.5,8,2,3152.1,92,2,3152.2,321,2,3152.3,430,3,3152.5,400,2,3152.6,400,2
2031,2026-06-16 14:21:46+05:30,3152.1,80,3133.83,2791803,134034.0,195744.0,3163.0,3163.0,3108.0,3134.3,31884800,3447.7,2820.9,3839.9,2896.0,3152.0,45,3,3151.8,73,3,3151.7,12,1,3151.6,48,2,3151.5,8,2,3152.1,92,2,3152.2,321,2,3152.3,430,3,3152.5,400,2,3152.6,400,2
2031,2026-06-16 14:21:46+05:30,3152.1,40,3133.83,2791803,134034.0,195744.0,3163.0,3163.0,3108.0,3134.3,31884800,3447.7,2820.9,3839.9,2896.0,3152.0,45,3,3151.8,73,3,3151.7,12,1,3151.6,48,2,3151.5,8,2,3152.1,92,2,3152.2,321,2,3152.3,430,3,3152.5,400,2,3152.6,400,2
2031,2026-06-16 14:21:47+05:30,3152.1,40,3133.83,2791803,134034.0,195744.0,3163.0,3163.0,3108.0,3134.3,31884800,3447.7,2820.9,3839.9,2896.0,3152.0,45,3,3151.8,73,3,3151.7,12,1,3151.6,48,2,3151.5,8,2,3152.1,92,2,3152.2,321,2,3152.3,430,3,3152.5,400,2,3152.6,400,2
2031,2026-06-16 14:21:47+05:30,3151.9,32,3133.83,2792091,133938.0,195218.0,3163.0,3163.0,3108.0,3134.3,31884800,3447.7,2820.9,3839.9,2896.0,3151.8,68,4,3151.7,36,3,3151.6,22,2,3151.5,24,4,3151.3,40,4,3151.9,141,1,3152.2,200,1,3152.3,430,3,3152.5,400,2,3152.6,400,2
2031,2026-06-16 14:21:47+05:30,3151.9,134,3133.83,2792091,133938.0,195218.0,3163.0,3163.0,3108.0,3134.3,31884800,3447.7,2820.9,3839.9,2896.0,3151.8,68,4,3151.7,36,3,3151.6,22,2,3151.5,24,4,3151.3,40,4,3151.9,141,1,3152.2,200,1,3152.3,430,3,3152.5,400,2,3152.6,400,2
2031,2026-06-16 14:21:47+05:30,3151.9,134,3133.83,2792091,133938.0,195218.0,3163.0,3163.0,3108.0,3134.3,31884800,3447.7,2820.9,3839.9,2896.0,3151.8,68,4,3151.7,36,3,3151.6,22,2,3151.5,24,4,3151.3,40,4,3151.9,141,1,3152.2,200,1,3152.3,430,3,3152.5,400,2,3152.6,400,2
2031,2026-06-16 14:21:48+05:30,3151.9,37,3133.83,2792371,133857.0,195909.0,3163.0,3163.0,3108.0,3134.3,31884800,3447.7,2820.9,3839.9,2896.0,3151.8,59,6,3151.7,16,2,3151.6,50,3,3151.5,24,4,3151.4,37,2,3151.9,107,1,3152.3,30,1,3152.4,354,2,3152.5,400,2,3152.7,200,1
2031,2026-06-16 14:21:48+05:30,3151.9,10,3133.83,2792371,133857.0,195909.0,3163.0,3163.0,3108.0,3134.3,31884800,3447.7,2820.9,3839.9,2896.0,3151.8,59,6,3151.7,16,2,3151.6,50,3,3151.5,24,4,3151.4,37,2,3151.9,107,1,3152.3,30,1,3152.4,354,2,3152.5,400,2,3152.7,200,1
2031,2026-06-16 14:21:48+05:30,3151.9,10,3133.83,2792371,133857.0,195909.0,3163.0,3163.0,3108.0,3134.3,31884800,3447.7,2820.9,3839.9,2896.0,3151.8,59,6,3151.7,16,2,3151.6,50,3,3151.5,24,4,3151.4,37,2,3151.9,107,1,3152.3,30,1,3152.4,354,2,3152.5,400,2,3152.7,200,1
2031,2026-06-16 14:21:49+05:30,3152.3,1,3133.83,2792479,134076.0,195316.0,3163.0,3163.0,3108.0,3134.3,31884800,3447.7,2820.9,3839.9,2896.0,3152.0,3,1,3151.8,108,10,3151.7,2,1,3151.6,50,3,3151.5,54,5,3152.4,354,2,3152.5,400,2,3152.7,448,3,3152.8,600,3,3152.9,1,1
2031,2026-06-16 14:21:49+05:30,3152.3,1,3133.83,2792479,134076.0,195316.0,3163.0,3163.0,3108.0,3134.3,31884800,3447.7,2820.9,3839.9,2896.0,3152.0,3,1,3151.8,108,10,3151.7,2,1,3151.6,50,3,3151.5,54,5,3152.4,354,2,3152.5,400,2,3152.7,448,3,3152.8,600,3,3152.9,1,1
2031,2026-06-16 14:21:49+05:30,3152.3,1,3133.83,2792479,134076.0,195316.0,3163.0,3163.0,3108.0,3134.3,31884800,3447.7,2820.9,3839.9,2896.0,3152.0,3,1,3151.8,108,10,3151.7,2,1,3151.6,50,3,3151.5,54,5,3152.4,354,2,3152.5,400,2,3152.7,448,3,3152.8,600,3,3152.9,1,1
2031,2026-06-16 14:21:50+05:30,3152.0,35,3133.83,2792564,133623.0,195902.0,3163.0,3163.0,3108.0,3134.3,31884800,3447.7,2820.9,3839.9,2896.0,3152.0,10,3,3151.9,25,1,3151.8,39,2,3151.7,14,1,3151.5,6,2,3152.3,200,1,3152.8,1,1,3152.9,175,1,3153.0,520,9,3153.1,385,4
2031,2026-06-16 14:21:50+05:30,3152.0,35,3133.83,2792564,133623.0,195902.0,3163.0,3163.0,3108.0,3134.3,31884800,3447.7,2820.9,3839.9,2896.0,3152.0,10,3,3151.9,25,1,3151.8,39,2,3151.7,14,1,3151.5,6,2,3152.3,200,1,3152.8,1,1,3152.9,175,1,3153.0,520,9,3153.1,385,4
2031,2026-06-16 14:21:50+05:30,3152.3,55,3133.83,2792564,133623.0,195902.0,3163.0,3163.0,3108.0,3134.3,31884800,3447.7,2820.9,3839.9,2896.0,3152.0,10,3,3151.9,25,1,3151.8,39,2,3151.7,14,1,3151.5,6,2,3152.3,200,1,3152.8,1,1,3152.9,175,1,3153.0,520,9,3153.1,385,4
2031,2026-06-16 14:21:51+05:30,3152.3,55,3133.83,2792564,133623.0,195902.0,3163.0,3163.0,3108.0,3134.3,31885800,3447.7,2820.9,3839.9,2896.0,3152.0,10,3,3151.9,25,1,3151.8,39,2,3151.7,14,1,3151.5,6,2,3152.3,200,1,3152.8,1,1,3152.9,175,1,3153.0,520,9,3153.1,385,4
2031,2026-06-16 14:21:51+05:30,3152.0,1,3133.83,2792656,133920.0,195751.0,3163.0,3163.0,3108.0,3134.3,31885800,3447.7,2820.9,3839.9,2896.0,3152.0,7,4,3151.9,25,1,3151.8,58,4,3151.7,6,1,3151.6,12,1,3152.3,141,2,3152.4,35,1,3152.8,2,2,3152.9,159,2,3153.0,587,10
2031,2026-06-16 14:21:51+05:30,3152.0,1,3133.83,2792656,133920.0,195751.0,3163.0,3163.0,3108.0,3134.3,31885800,3447.7,2820.9,3839.9,2896.0,3152.0,7,4,3151.9,25,1,3151.8,58,4,3151.7,6,1,3151.6,12,1,3152.3,141,2,3152.4,35,1,3152.8,2,2,3152.9,159,2,3153.0,587,10
2031,2026-06-16 14:21:52+05:30,3152.3,5,3133.83,2792676,133848.0,195740.0,3163.0,3163.0,3108.0,3134.3,31885800,3447.7,2820.9,3839.9,2896.0,3152.0,9,5,3151.9,25,1,3151.8,55,3,3151.7,25,3,3151.6,46,2,3152.3,121,2,3152.4,35,1,3152.8,1,1,3152.9,182,2,3153.0,581,9
2031,2026-06-16 14:21:52+05:30,3152.3,5,3133.83,2792676,133848.0,195740.0,3163.0,3163.0,3108.0,3134.3,31885800,3447.7,2820.9,3839.9,2896.0,3152.0,9,5,3151.9,25,1,3151.8,55,3,3151.7,25,3,3151.6,46,2,3152.3,121,2,3152.4,35,1,3152.8,1,1,3152.9,182,2,3153.0,581,9
2031,2026-06-16 14:21:53+05:30,3152.3,7,3133.83,2792683,134135.0,195284.0,3163.0,3163.0,3108.0,3134.3,31885800,3447.7,2820.9,3839.9,2896.0,3152.0,9,5,3151.9,51,3,3151.8,59,3,3151.7,47,3,3151.5,44,5,3152.3,115,3,3152.4,35,1,3152.8,1,1,3152.9,2,1,3153.0,536,6
2031,2026-06-16 14:21:53+05:30,3152.3,7,3133.83,2792683,134135.0,195284.0,3163.0,3163.0,3108.0,3134.3,31885800,3447.7,2820.9,3839.9,2896.0,3152.0,9,5,3151.9,51,3,3151.8,59,3,3151.7,47,3,3151.5,44,5,3152.3,115,3,3152.4,35,1,3152.8,1,1,3152.9,2,1,3153.0,536,6
2031,2026-06-16 14:21:54+05:30,3152.3,1,3133.83,2792684,134479.0,195249.0,3163.0,3163.0,3108.0,3134.3,31885800,3447.7,2820.9,3839.9,2896.0,3152.0,25,6,3151.9,76,4,3151.8,60,4,3151.7,6,1,3151.6,12,1,3152.3,154,4,3152.4,35,1,3152.8,1,1,3152.9,2,1,3153.0,536,6
2031,2026-06-16 14:21:54+05:30,3152.3,1,3133.83,2792684,134479.0,195249.0,3163.0,3163.0,3108.0,3134.3,31885800,3447.7,2820.9,3839.9,2896.0,3152.0,25,6,3151.9,76,4,3151.8,60,4,3151.7,6,1,3151.6,12,1,3152.3,154,4,3152.4,35,1,3152.8,1,1,3152.9,2,1,3153.0,536,6
2031,2026-06-16 14:21:55+05:30,3151.5,4,3133.84,2793166,134032.0,195690.0,3163.0,3163.0,3108.0,3134.3,31885800,3447.7,2820.9,3839.9,2896.0,3151.3,53,5,3151.2,11,2,3151.1,143,6,3151.0,105,3,3150.9,55,6,3152.3,152,4,3152.4,35,1,3152.7,186,2,3152.8,380,5,3152.9,402,3
2031,2026-06-16 14:21:55+05:30,3151.5,4,3133.84,2793166,134032.0,195690.0,3163.0,3163.0,3108.0,3134.3,31885800,3447.7,2820.9,3839.9,2896.0,3151.3,53,5,3151.2,11,2,3151.1,143,6,3151.0,105,3,3150.9,55,6,3152.3,152,4,3152.4,35,1,3152.7,186,2,3152.8,380,5,3152.9,402,3
2031,2026-06-16 14:21:56+05:30,3151.5,4,3133.84,2793166,134119.0,195568.0,3163.0,3163.0,3108.0,3134.3,31885800,3447.7,2820.9,3839.9,2896.0,3152.0,8,1,3151.3,27,5,3151.2,11,2,3151.1,177,8,3151.0,57,2,3152.3,152,4,3152.4,35,1,3152.7,1,1,3152.8,460,6,3152.9,402,3
2031,2026-06-16 14:21:57+05:30,3152.3,10,3133.84,2793185,134225.0,196007.0,3163.0,3163.0,3108.0,3134.3,31885800,3447.7,2820.9,3839.9,2896.0,3152.0,9,2,3151.9,18,1,3151.3,27,5,3151.2,74,3,3151.1,128,7,3152.3,167,5,3152.4,35,1,3152.7,1,1,3152.8,460,6,3152.9,402,3
2031,2026-06-16 14:21:57+05:30,3152.3,10,3133.84,2793185,134225.0,196007.0,3163.0,3163.0,3108.0,3134.3,31885800,3447.7,2820.9,3839.9,2896.0,3152.0,9,2,3151.9,18,1,3151.3,27,5,3151.2,74,3,3151.1,128,7,3152.3,167,5,3152.4,35,1,3152.7,1,1,3152.8,460,6,3152.9,402,3
2031,2026-06-16 14:21:58+05:30,3152.3,50,3133.84,2793235,134329.0,196151.0,3163.0,3163.0,3108.0,3134.3,31885800,3447.7,2820.9,3839.9,2896.0,3152.0,9,2,3151.9,18,1,3151.5,8,1,3151.4,21,2,3151.3,75,6,3152.3,123,6,3152.4,35,1,3152.8,403,4,3152.9,402,3,3153.0,649,11
2031,2026-06-16 14:21:58+05:30,3152.3,50,3133.84,2793235,134329.0,196151.0,3163.0,3163.0,3108.0,3134.3,31885800,3447.7,2820.9,3839.9,2896.0,3152.0,9,2,3151.9,18,1,3151.5,8,1,3151.4,21,2,3151.3,75,6,3152.3,123,6,3152.4,35,1,3152.8,403,4,3152.9,402,3,3153.0,649,11
2031,2026-06-16 14:21:59+05:30,3152.3,1,3133.84,2793236,134366.0,196153.0,3163.0,3163.0,3108.0,3134.3,31885800,3447.7,2820.9,3839.9,2896.0,3152.0,9,2,3151.9,18,1,3151.5,8,1,3151.4,21,2,3151.3,75,6,3152.3,122,6,3152.4,35,1,3152.8,404,5,3152.9,402,3,3153.0,649,11
2031,2026-06-16 14:21:59+05:30,3152.3,1,3133.84,2793236,134366.0,196153.0,3163.0,3163.0,3108.0,3134.3,31885800,3447.7,2820.9,3839.9,2896.0,3152.0,9,2,3151.9,18,1,3151.5,8,1,3151.4,21,2,3151.3,75,6,3152.3,122,6,3152.4,35,1,3152.8,404,5,3152.9,402,3,3153.0,649,11
2031,2026-06-16 14:22:00+05:30,3152.0,1,3133.84,2793350,133387.0,196235.0,3163.0,3163.0,3108.0,3134.3,31885800,3447.7,2820.9,3839.9,2896.0,3151.9,18,1,3151.3,15,2,3151.1,44,4,3150.9,34,3,3150.7,35,2,3152.0,9,1,3152.3,222,10,3152.4,35,1,3152.5,13,2,3152.6,449,6
2031,2026-06-16 14:22:00+05:30,3151.9,64,3133.84,2793350,133387.0,196235.0,3163.0,3163.0,3108.0,3134.3,31885800,3447.7,2820.9,3839.9,2896.0,3151.9,18,1,3151.3,15,2,3151.1,44,4,3150.9,34,3,3150.7,35,2,3152.0,9,1,3152.3,222,10,3152.4,35,1,3152.5,13,2,3152.6,449,6
2031,2026-06-16 14:22:01+05:30,3152.0,2,3133.84,2793556,133270.0,196599.0,3163.0,3163.0,3108.0,3134.3,31885800,3447.7,2820.9,3839.9,2896.0,3152.0,4,2,3151.3,15,2,3151.1,40,3,3150.9,28,3,3150.8,13,1,3152.3,109,6,3152.4,436,7,3152.5,498,5,3152.6,85,4,3152.7,418,4
2031,2026-06-16 14:22:01+05:30,3152.0,16,3133.84,2793556,133270.0,196599.0,3163.0,3163.0,3108.0,3134.3,31885800,3447.7,2820.9,3839.9,2896.0,3152.0,4,2,3151.3,15,2,3151.1,40,3,3150.9,28,3,3150.8,13,1,3152.3,109,6,3152.4,436,7,3152.5,498,5,3152.6,85,4,3152.7,418,4
2031,2026-06-16 14:22:02+05:30,3152.0,6,3133.84,2793606,132517.0,197627.0,3163.0,3163.0,3108.0,3134.3,31885800,3447.7,2820.9,3839.9,2896.0,3151.3,15,2,3151.1,19,2,3150.9,1,1,3150.8,13,1,3150.5,65,4,3151.5,189,2,3152.0,1,1,3152.1,10,1,3152.2,553,4,3152.3,585,12
2031,2026-06-16 14:22:02+05:30,3152.0,6,3133.84,2793606,132517.0,197627.0,3163.0,3163.0,3108.0,3134.3,31885800,3447.7,2820.9,3839.9,2896.0,3151.3,15,2,3151.1,19,2,3150.9,1,1,3150.8,13,1,3150.5,65,4,3151.5,189,2,3152.0,1,1,3152.1,10,1,3152.2,553,4,3152.3,585,12
2031,2026-06-16 14:22:03+05:30,3151.5,7,3133.84,2793920,131589.0,197555.0,3163.0,3163.0,3108.0,3134.3,31885800,3447.7,2820.9,3839.9,2896.0,3150.4,53,4,3150.3,56,3,3150.2,40,3,3150.1,67,5,3150.0,774,10,3151.5,193,5,3151.8,12,1,3151.9,23,2,3152.0,597,7,3152.1,411,4
2031,2026-06-16 14:22:03+05:30,3151.5,7,3133.84,2793920,131589.0,197555.0,3163.0,3163.0,3108.0,3134.3,31885800,3447.7,2820.9,3839.9,2896.0,3150.4,53,4,3150.3,56,3,3150.2,40,3,3150.1,67,5,3150.0,774,10,3151.5,193,5,3151.8,12,1,3151.9,23,2,3152.0,597,7,3152.1,411,4
2031,2026-06-16 14:22:04+05:30,3151.5,1,3133.84,2793971,131712.0,197728.0,3163.0,3163.0,3108.0,3134.3,31885800,3447.7,2820.9,3839.9,2896.0,3150.4,49,3,3150.3,22,3,3150.2,40,3,3150.1,67,5,3150.0,788,10,3151.5,161,6,3151.7,532,5,3151.8,460,4,3151.9,58,2,3152.0,322,6
2031,2026-06-16 14:22:04+05:30,3150.4,3,3133.84,2793971,131712.0,197728.0,3163.0,3163.0,3108.0,3134.3,31885800,3447.7,2820.9,3839.9,2896.0,3150.4,49,3,3150.3,22,3,3150.2,40,3,3150.1,67,5,3150.0,788,10,3151.5,161,6,3151.7,532,5,3151.8,460,4,3151.9,58,2,3152.0,322,6
2031,2026-06-16 14:22:05+05:30,3151.5,31,3133.84,2794015,131835.0,197107.0,3163.0,3163.0,3108.0,3134.3,31885800,3447.7,2820.9,3839.9,2896.0,3150.4,89,5,3150.3,22,3,3150.2,40,3,3150.1,102,6,3150.0,795,12,3151.5,109,5,3151.7,354,2,3151.8,448,3,3152.0,321,6,3152.1,400,2
2031,2026-06-16 14:22:05+05:30,3151.5,31,3133.84,2794015,131835.0,197107.0,3163.0,3163.0,3108.0,3134.3,31885800,3447.7,2820.9,3839.9,2896.0,3150.4,89,5,3150.3,22,3,3150.2,40,3,3150.1,102,6,3150.0,795,12,3151.5,109,5,3151.7,354,2,3151.8,448,3,3152.0,321,6,3152.1,400,2
2031,2026-06-16 14:22:06+05:30,3151.5,31,3133.84,2794015,131836.0,197110.0,3163.0,3163.0,3108.0,3134.3,31885800,3447.7,2820.9,3839.9,2896.0,3150.4,89,5,3150.3,22,3,3150.2,38,3,3150.1,117,7,3150.0,793,13,3151.5,109,5,3151.7,354,2,3151.8,449,4,3151.9,3,1,3152.0,321,6
2031,2026-06-16 14:22:07+05:30,3151.5,2,3133.84,2794027,131722.0,197375.0,3163.0,3163.0,3108.0,3134.3,31885800,3447.7,2820.9,3839.9,2896.0,3150.5,11,1,3150.4,88,4,3150.3,39,4,3150.2,18,2,3150.1,68,5,3151.5,117,4,3151.6,3,1,3151.7,354,2,3151.8,497,4,3151.9,1,1
2031,2026-06-16 14:22:07+05:30,3151.5,1,3133.84,2794027,131722.0,197375.0,3163.0,3163.0,3108.0,3134.3,31885800,3447.7,2820.9,3839.9,2896.0,3150.5,11,1,3150.4,88,4,3150.3,39,4,3150.2,18,2,3150.1,68,5,3151.5,117,4,3151.6,3,1,3151.7,354,2,3151.8,497,4,3151.9,1,1
2031,2026-06-16 14:22:08+05:30,3151.5,1,3133.84,2794078,131721.0,197549.0,3163.0,3163.0,3108.0,3134.3,31885800,3447.7,2820.9,3839.9,2896.0,3150.5,55,3,3150.4,49,4,3150.3,45,4,3150.2,18,2,3150.1,230,6,3151.5,141,5,3151.6,3,1,3151.7,354,2,3151.8,448,3,3151.9,1,1
2031,2026-06-16 14:22:09+05:30,3151.5,1,3133.84,2794078,131344.0,197481.0,3163.0,3163.0,3108.0,3134.3,31885800,3447.7,2820.9,3839.9,2896.0,3150.6,16,1,3150.5,86,7,3150.4,45,3,3150.3,22,3,3150.2,18,2,3151.0,1,1,3151.5,141,5,3151.6,3,1,3151.8,213,2,3151.9,354,2
2031,2026-06-16 14:22:10+05:30,3151.0,1,3133.84,2794079,131779.0,197302.0,3163.0,3163.0,3108.0,3134.3,31885800,3447.7,2820.9,3839.9,2896.0,3150.8,35,1,3150.7,85,7,3150.6,81,5,3150.5,80,5,3150.4,59,6,3151.0,6,1,3151.5,135,4,3152.0,11,1,3152.2,177,2,3152.3,516,9
2031,2026-06-16 14:22:10+05:30,3150.8,1,3133.84,2794079,131779.0,197302.0,3163.0,3163.0,3108.0,3134.3,31885800,3447.7,2820.9,3839.9,2896.0,3150.8,35,1,3150.7,85,7,3150.6,81,5,3150.5,80,5,3150.4,59,6,3151.0,6,1,3151.5,135,4,3152.0,11,1,3152.2,177,2,3152.3,516,9
2031,2026-06-16 14:22:11+05:30,3150.6,20,3133.84,2794324,131402.0,197735.0,3163.0,3163.0,3108.0,3134.3,31885800,3447.7,2820.9,3839.9,2896.0,3150.6,24,2,3150.5,50,3,3150.4,64,5,3150.3,68,4,3150.2,11,3,3151.0,51,3,3151.5,59,1,3151.8,3,1,3151.9,12,1,3152.0,201,5
2031,2026-06-16 14:22:11+05:30,3150.6,20,3133.84,2794324,131402.0,197735.0,3163.0,3163.0,3108.0,3134.3,31885800,3447.7,2820.9,3839.9,2896.0,3150.6,24,2,3150.5,50,3,3150.4,64,5,3150.3,68,4,3150.2,11,3,3151.0,51,3,3151.5,59,1,3151.8,3,1,3151.9,12,1,3152.0,201,5
2031,2026-06-16 14:22:12+05:30,3151.0,1,3133.84,2794325,131423.0,197616.0,3163.0,3163.0,3108.0,3134.3,31885800,3447.7,2820.9,3839.9,2896.0,3150.6,43,4,3150.5,55,4,3150.4,47,3,3150.3,22,3,3150.2,9,2,3150.9,59,1,3151.0,50,3,3151.6,3,1,3151.7,11,1,3151.8,604,6
2031,2026-06-16 14:22:12+05:30,3151.0,1,3133.84,2794325,131423.0,197616.0,3163.0,3163.0,3108.0,3134.3,31885800,3447.7,2820.9,3839.9,2896.0,3150.6,43,4,3150.5,55,4,3150.4,47,3,3150.3,22,3,3150.2,9,2,3150.9,59,1,3151.0,50,3,3151.6,3,1,3151.7,11,1,3151.8,604,6
2031,2026-06-16 14:22:13+05:30,3150.9,1,3133.84,2794326,131376.0,197811.0,3163.0,3163.0,3108.0,3134.3,31885800,3447.7,2820.9,3839.9,2896.0,3150.6,43,4,3150.5,39,2,3150.4,41,2,3150.3,14,1,3150.1,34,3,3150.9,155,6,3151.0,25,2,3151.5,76,3,3151.6,14,2,3151.7,75,3
2031,2026-06-16 14:22:13+05:30,3150.9,1,3133.84,2794326,131376.0,197811.0,3163.0,3163.0,3108.0,3134.3,31885800,3447.7,2820.9,3839.9,2896.0,3150.6,43,4,3150.5,39,2,3150.4,41,2,3150.3,14,1,3150.1,34,3,3150.9,155,6,3151.0,25,2,3151.5,76,3,3151.6,14,2,3151.7,75,3
2031,2026-06-16 14:22:14+05:30,3150.3,13,3133.85,2795134,129796.0,199447.0,3163.0,3163.0,3108.0,3134.3,31885800,3447.7,2820.9,3839.9,2896.0,3150.1,25,2,3150.0,704,5,3149.9,4,1,3149.5,21,1,3149.3,21,1,3150.5,57,1,3150.6,112,3,3150.7,21,1,3150.8,63,2,3150.9,246,9
2031,2026-06-16 14:22:14+05:30,3150.3,13,3133.85,2795134,129796.0,199447.0,3163.0,3163.0,3108.0,3134.3,31885800,3447.7,2820.9,3839.9,2896.0,3150.1,25,2,3150.0,704,5,3149.9,4,1,3149.5,21,1,3149.3,21,1,3150.5,57,1,3150.6,112,3,3150.7,21,1,3150.8,63,2,3150.9,246,9
2031,2026-06-16 14:22:15+05:30,3150.3,2,3133.85,2795159,130737.0,198854.0,3163.0,3163.0,3108.0,3134.3,31885800,3447.7,2820.9,3839.9,2896.0,3150.1,26,3,3150.0,704,5,3149.9,4,1,3149.5,21,1,3149.3,21,1,3150.3,38,1,3150.4,46,1,3150.5,29,1,3150.6,73,2,3150.8,63,2
2031,2026-06-16 14:22:15+05:30,3150.3,2,3133.85,2795159,130737.0,198854.0,3163.0,3163.0,3108.0,3134.3,31885800,3447.7,2820.9,3839.9,2896.0,3150.1,26,3,3150.0,704,5,3149.9,4,1,3149.5,21,1,3149.3,21,1,3150.3,38,1,3150.4,46,1,3150.5,29,1,3150.6,73,2,3150.8,63,2
2031,2026-06-16 14:22:16+05:30,3150.3,10,3133.85,2795169,130612.0,198472.0,3163.0,3163.0,3108.0,3134.3,31885800,3447.7,2820.9,3839.9,2896.0,3150.2,2,2,3150.1,26,3,3150.0,704,5,3149.9,4,1,3149.7,6,1,3150.3,33,2,3150.4,46,1,3150.5,29,1,3150.6,35,1,3150.8,35,1
2031,2026-06-16 14:22:16+05:30,3150.3,10,3133.85,2795169,130612.0,198472.0,3163.0,3163.0,3108.0,3134.3,31885800,3447.7,2820.9,3839.9,2896.0,3150.2,2,2,3150.1,26,3,3150.0,704,5,3149.9,4,1,3149.7,6,1,3150.3,33,2,3150.4,46,1,3150.5,29,1,3150.6,35,1,3150.8,35,1
2031,2026-06-16 14:22:17+05:30,3150.3,2,3133.85,2795273,130780.0,198139.0,3163.0,3163.0,3108.0,3134.3,31885800,3447.7,2820.9,3839.9,2896.0,3150.1,38,4,3150.0,780,7,3149.9,9,2,3149.8,18,2,3149.7,21,3,3150.3,20,1,3150.4,38,1,3150.9,78,5,3151.0,20,1,3151.2,357,3
2031,2026-06-16 14:22:17+05:30,3150.3,2,3133.85,2795273,130780.0,198139.0,3163.0,3163.0,3108.0,3134.3,31885800,3447.7,2820.9,3839.9,2896.0,3150.1,38,4,3150.0,780,7,3149.9,9,2,3149.8,18,2,3149.7,21,3,3150.3,20,1,3150.4,38,1,3150.9,78,5,3151.0,20,1,3151.2,357,3
2031,2026-06-16 14:22:18+05:30,3150.3,1,3133.85,2795274,130708.0,198287.0,3163.0,3163.0,3108.0,3134.3,31885800,3447.7,2820.9,3839.9,2896.0,3150.1,38,4,3150.0,780,7,3149.9,9,2,3149.8,18,2,3149.7,21,3,3150.3,19,1,3150.4,38,1,3150.9,78,5,3151.0,20,1,3151.1,170,1
2031,2026-06-16 14:22:18+05:30,3150.3,1,3133.85,2795274,130708.0,198287.0,3163.0,3163.0,3108.0,3134.3,31885800,3447.7,2820.9,3839.9,2896.0,3150.1,38,4,3150.0,780,7,3149.9,9,2,3149.8,18,2,3149.7,21,3,3150.3,19,1,3150.4,38,1,3150.9,78,5,3151.0,20,1,3151.1,170,1
2031,2026-06-16 14:22:19+05:30,3150.3,10,3133.85,2795288,130834.0,198262.0,3163.0,3163.0,3108.0,3134.3,31885800,3447.7,2820.9,3839.9,2896.0,3150.1,35,5,3150.0,780,7,3149.9,4,1,3149.8,38,2,3149.7,21,3,3150.3,14,2,3150.4,38,1,3150.9,78,5,3151.0,20,1,3151.1,186,1
2031,2026-06-16 14:22:19+05:30,3150.1,6,3133.85,2795288,130834.0,198262.0,3163.0,3163.0,3108.0,3134.3,31885800,3447.7,2820.9,3839.9,2896.0,3150.1,35,5,3150.0,780,7,3149.9,4,1,3149.8,38,2,3149.7,21,3,3150.3,14,2,3150.4,38,1,3150.9,78,5,3151.0,20,1,3151.1,186,1
2031,2026-06-16 14:22:20+05:30,3150.3,1,3133.85,2795295,130798.0,198335.0,3163.0,3163.0,3108.0,3134.3,31885800,3447.7,2820.9,3839.9,2896.0,3150.1,29,4,3150.0,769,6,3149.9,4,1,3149.7,3,1,3149.5,78,4,3150.3,25,4,3150.4,38,1,3150.9,78,5,3151.0,58,2,3151.1,193,2
2031,2026-06-16 14:22:20+05:30,3150.3,1,3133.85,2795295,130798.0,198335.0,3163.0,3163.0,3108.0,3134.3,31885800,3447.7,2820.9,3839.9,2896.0,3150.1,29,4,3150.0,769,6,3149.9,4,1,3149.7,3,1,3149.5,78,4,3150.3,25,4,3150.4,38,1,3150.9,78,5,3151.0,58,2,3151.1,193,2
2031,2026-06-16 14:22:21+05:30,3150.1,5,3133.85,2795331,130781.0,198538.0,3163.0,3163.0,3108.0,3134.3,31885800,3447.7,2820.9,3839.9,2896.0,3150.1,14,3,3150.0,769,6,3149.9,4,1,3149.7,3,1,3149.5,78,4,3150.3,24,4,3150.4,38,1,3150.9,78,5,3151.0,95,3,3151.1,204,2
2031,2026-06-16 14:22:21+05:30,3150.1,5,3133.85,2795331,130781.0,198538.0,3163.0,3163.0,3108.0,3134.3,31885800,3447.7,2820.9,3839.9,2896.0,3150.1,14,3,3150.0,769,6,3149.9,4,1,3149.7,3,1,3149.5,78,4,3150.3,24,4,3150.4,38,1,3150.9,78,5,3151.0,95,3,3151.1,204,2
2031,2026-06-16 14:22:22+05:30,3150.1,4,3133.85,2795390,130715.0,198680.0,3163.0,3163.0,3108.0,3134.3,31885800,3447.7,2820.9,3839.9,2896.0,3150.1,14,2,3150.0,769,6,3149.9,4,1,3149.5,21,1,3149.3,22,2,3150.3,24,5,3150.4,38,1,3150.8,13,1,3150.9,120,6,3151.0,428,4
2031,2026-06-16 14:22:22+05:30,3150.1,4,3133.85,2795390,130715.0,198680.0,3163.0,3163.0,3108.0,3134.3,31885800,3447.7,2820.9,3839.9,2896.0,3150.1,14,2,3150.0,769,6,3149.9,4,1,3149.5,21,1,3149.3,22,2,3150.3,24,5,3150.4,38,1,3150.8,13,1,3150.9,120,6,3151.0,428,4
2031,2026-06-16 14:22:23+05:30,3150.3,2,3133.85,2795412,130715.0,198571.0,3163.0,3163.0,3108.0,3134.3,31885800,3447.7,2820.9,3839.9,2896.0,3150.1,14,2,3150.0,769,6,3149.9,4,1,3149.5,21,1,3149.3,21,1,3150.3,84,6,3150.4,38,1,3150.6,36,1,3150.7,38,1,3150.8,13,1
2031,2026-06-16 14:22:23+05:30,3150.3,2,3133.85,2795412,130715.0,198571.0,3163.0,3163.0,3108.0,3134.3,31885800,3447.7,2820.9,3839.9,2896.0,3150.1,14,2,3150.0,769,6,3149.9,4,1,3149.5,21,1,3149.3,21,1,3150.3,84,6,3150.4,38,1,3150.6,36,1,3150.7,38,1,3150.8,13,1
2031,2026-06-16 14:22:24+05:30,3149.4,129,3133.85,2795412,130715.0,198571.0,3163.0,3163.0,3108.0,3134.3,31885800,3447.7,2820.9,3839.9,2896.0,3150.1,14,2,3150.0,769,6,3149.9,4,1,3149.5,21,1,3149.3,21,1,3150.3,84,6,3150.4,38,1,3150.6,36,1,3150.7,38,1,3150.8,13,1
2031,2026-06-16 14:22:24+05:30,3149.4,129,3133.86,2797572,126997.0,200233.0,3163.0,3163.0,3108.0,3134.3,31885800,3447.7,2820.9,3839.9,2896.0,3148.3,11,1,3148.2,82,4,3148.1,139,6,3148.0,38,4,3147.9,89,5,3149.5,200,1,3149.7,104,2,3149.8,501,6,3149.9,456,5,3150.0,737,6
2031,2026-06-16 14:22:25+05:30,3149.4,1,3133.86,2797572,126997.0,200233.0,3163.0,3163.0,3108.0,3134.3,31885800,3447.7,2820.9,3839.9,2896.0,3148.3,11,1,3148.2,82,4,3148.1,139,6,3148.0,38,4,3147.9,89,5,3149.5,200,1,3149.7,104,2,3149.8,501,6,3149.9,456,5,3150.0,737,6
2031,2026-06-16 14:22:25+05:30,3149.4,1,3133.86,2798012,128868.0,201507.0,3163.0,3163.0,3108.0,3134.3,31885800,3447.7,2820.9,3839.9,2896.0,3148.8,11,1,3148.7,70,6,3148.6,61,5,3148.5,82,6,3148.4,13,2,3149.4,199,1,3149.5,17,1,3149.9,255,4,3150.0,400,2,3150.1,802,5
2031,2026-06-16 14:22:26+05:30,3149.4,10,3133.86,2798012,128868.0,201507.0,3163.0,3163.0,3108.0,3134.3,31885800,3447.7,2820.9,3839.9,2896.0,3148.8,11,1,3148.7,70,6,3148.6,61,5,3148.5,82,6,3148.4,13,2,3149.4,199,1,3149.5,17,1,3149.9,255,4,3150.0,400,2,3150.1,802,5
2031,2026-06-16 14:22:26+05:30,3148.9,7,3133.87,2798220,128947.0,200970.0,3163.0,3163.0,3108.0,3134.3,31885800,3447.7,2820.9,3839.9,2896.0,3149.0,11,1,3148.9,55,4,3148.8,11,1,3148.7,55,4,3148.6,45,4,3149.5,17,1,3149.9,200,1,3150.0,406,3,3150.1,400,2,3150.2,774,5
2031,2026-06-16 14:22:27+05:30,3149.0,1,3133.87,2798220,128947.0,200970.0,3163.0,3163.0,3108.0,3134.3,31885800,3447.7,2820.9,3839.9,2896.0,3149.0,11,1,3148.9,55,4,3148.8,11,1,3148.7,55,4,3148.6,45,4,3149.5,17,1,3149.9,200,1,3150.0,406,3,3150.1,400,2,3150.2,774,5
2031,2026-06-16 14:22:27+05:30,3149.0,20,3133.87,2798709,128804.0,199983.0,3163.0,3163.0,3108.0,3134.3,31885800,3447.7,2820.9,3839.9,2896.0,3149.0,22,1,3148.5,71,4,3148.3,46,4,3148.2,31,3,3148.1,51,4,3150.0,446,7,3150.1,405,3,3150.2,48,1,3150.3,119,6,3150.4,828,7
2031,2026-06-16 14:22:28+05:30,3149.0,20,3133.87,2798709,128804.0,199983.0,3163.0,3163.0,3108.0,3134.3,31885800,3447.7,2820.9,3839.9,2896.0,3149.0,22,1,3148.5,71,4,3148.3,46,4,3148.2,31,3,3148.1,51,4,3150.0,446,7,3150.1,405,3,3150.2,48,1,3150.3,119,6,3150.4,828,7
2031,2026-06-16 14:22:28+05:30,3149.0,20,3133.87,2798709,128877.0,198033.0,3163.0,3163.0,3108.0,3134.3,31885800,3447.7,2820.9,3839.9,2896.0,3149.0,25,3,3148.5,71,4,3148.3,46,4,3148.2,31,3,3148.1,99,5,3150.0,446,7,3150.1,405,3,3150.2,48,1,3150.3,119,6,3150.4,828,7
2031,2026-06-16 14:22:29+05:30,3150.0,5,3133.87,2798709,128877.0,198033.0,3163.0,3163.0,3108.0,3134.3,31885800,3447.7,2820.9,3839.9,2896.0,3149.0,25,3,3148.5,71,4,3148.3,46,4,3148.2,31,3,3148.1,99,5,3150.0,446,7,3150.1,405,3,3150.2,48,1,3150.3,119,6,3150.4,828,7
2031,2026-06-16 14:22:29+05:30,3150.0,5,3133.87,2798717,128767.0,200037.0,3163.0,3163.0,3108.0,3134.3,31885800,3447.7,2820.9,3839.9,2896.0,3149.0,23,2,3148.5,71,4,3148.3,46,4,3148.2,31,3,3148.1,51,4,3150.0,500,9,3150.1,405,3,3150.2,48,1,3150.3,473,8,3150.4,474,5
2031,2026-06-16 14:22:30+05:30,3150.1,48,3133.87,2798717,128767.0,200037.0,3163.0,3163.0,3108.0,3134.3,31885800,3447.7,2820.9,3839.9,2896.0,3149.0,23,2,3148.5,71,4,3148.3,46,4,3148.2,31,3,3148.1,51,4,3150.0,500,9,3150.1,405,3,3150.2,48,1,3150.3,473,8,3150.4,474,5
2031,2026-06-16 14:22:30+05:30,3150.1,48,3133.87,2799318,129616.0,199178.0,3163.0,3163.0,3108.0,3134.3,31885800,3447.7,2820.9,3839.9,2896.0,3150.0,16,3,3149.6,5,1,3149.5,2,2,3149.4,18,2,3149.3,20,2,3150.1,352,3,3150.3,473,8,3150.4,438,3,3150.6,400,2,3150.7,400,2
2031,2026-06-16 14:22:30+05:30,3150.1,48,3133.87,2799318,129616.0,199178.0,3163.0,3163.0,3108.0,3134.3,31885800,3447.7,2820.9,3839.9,2896.0,3150.0,16,3,3149.6,5,1,3149.5,2,2,3149.4,18,2,3149.3,20,2,3150.1,352,3,3150.3,473,8,3150.4,438,3,3150.6,400,2,3150.7,400,2
2031,2026-06-16 14:22:31+05:30,3150.0,1,3133.87,2799318,129616.0,199178.0,3163.0,3163.0,3108.0,3134.3,31885800,3447.7,2820.9,3839.9,2896.0,3150.0,16,3,3149.6,5,1,3149.5,2,2,3149.4,18,2,3149.3,20,2,3150.1,352,3,3150.3,473,8,3150.4,438,3,3150.6,400,2,3150.7,400,2
2031,2026-06-16 14:22:31+05:30,3150.0,1,3133.87,2799346,130800.0,199163.0,3163.0,3163.0,3108.0,3134.3,31885800,3447.7,2820.9,3839.9,2896.0,3150.0,316,8,3149.9,2,1,3149.8,11,1,3149.7,16,2,3149.6,17,2,3150.1,365,4,3150.3,473,8,3150.4,438,3,3150.6,400,2,3150.7,400,2
2031,2026-06-16 14:22:32+05:30,3150.1,1,3133.87,2799346,130800.0,199163.0,3163.0,3163.0,3108.0,3134.3,31885800,3447.7,2820.9,3839.9,2896.0,3150.0,316,8,3149.9,2,1,3149.8,11,1,3149.7,16,2,3149.6,17,2,3150.1,365,4,3150.3,473,8,3150.4,438,3,3150.6,400,2,3150.7,400,2
2031,2026-06-16 14:22:32+05:30,3150.1,1,3133.87,2799346,130800.0,199163.0,3163.0,3163.0,3108.0,3134.3,31885800,3447.7,2820.9,3839.9,2896.0,3150.0,316,8,3149.9,2,1,3149.8,11,1,3149.7,16,2,3149.6,17,2,3150.1,365,4,3150.3,473,8,3150.4,438,3,3150.6,400,2,3150.7,400,2
2031,2026-06-16 14:22:32+05:30,3150.1,1,3133.87,2799421,130798.0,199046.0,3163.0,3163.0,3108.0,3134.3,31885800,3447.7,2820.9,3839.9,2896.0,3150.0,315,8,3149.9,2,1,3149.8,11,1,3149.7,16,2,3149.6,17,2,3150.1,290,4,3150.3,473,8,3150.4,438,3,3150.6,400,2,3150.7,400,2
2031,2026-06-16 14:22:33+05:30,3150.0,45,3133.87,2799421,130798.0,199046.0,3163.0,3163.0,3108.0,3134.3,31885800,3447.7,2820.9,3839.9,2896.0,3150.0,315,8,3149.9,2,1,3149.8,11,1,3149.7,16,2,3149.6,17,2,3150.1,290,4,3150.3,473,8,3150.4,438,3,3150.6,400,2,3150.7,400,2
2031,2026-06-16 14:22:33+05:30,3150.1,1,3133.87,2799480,130761.0,198937.0,3163.0,3163.0,3108.0,3134.3,31885800,3447.7,2820.9,3839.9,2896.0,3150.0,369,9,3149.9,2,1,3149.8,17,1,3149.7,28,3,3149.6,5,1,3150.1,276,4,3150.3,236,6,3150.4,38,1,3150.6,200,1,3150.8,200,1
2031,2026-06-16 14:22:34+05:30,3150.1,5,3133.87,2799505,130512.0,198592.0,3163.0,3163.0,3108.0,3134.3,31885800,3447.7,2820.9,3839.9,2896.0,3150.0,359,9,3149.9,2,1,3149.8,20,2,3149.7,28,3,3149.6,5,1,3150.1,357,10,3150.4,38,1,3150.8,354,2,3150.9,413,4,3151.0,29,2
2031,2026-06-16 14:22:34+05:30,3150.1,5,3133.87,2799505,130512.0,198592.0,3163.0,3163.0,3108.0,3134.3,31885800,3447.7,2820.9,3839.9,2896.0,3150.0,359,9,3149.9,2,1,3149.8,20,2,3149.7,28,3,3149.6,5,1,3150.1,357,10,3150.4,38,1,3150.8,354,2,3150.9,413,4,3151.0,29,2
2031,2026-06-16 14:22:34+05:30,3150.1,5,3133.87,2799505,130512.0,198592.0,3163.0,3163.0,3108.0,3134.3,31885800,3447.7,2820.9,3839.9,2896.0,3150.0,359,9,3149.9,2,1,3149.8,20,2,3149.7,28,3,3149.6,5,1,3150.1,357,10,3150.4,38,1,3150.8,354,2,3150.9,413,4,3151.0,29,2
2031,2026-06-16 14:22:35+05:30,3150.1,5,3133.87,2799712,130560.0,198417.0,3163.0,3163.0,3108.0,3134.3,31885800,3447.7,2820.9,3839.9,2896.0,3150.0,358,8,3149.9,2,1,3149.8,3,1,3149.7,28,3,3149.6,5,1,3150.1,184,10,3150.4,38,1,3150.8,354,2,3150.9,413,4,3151.0,29,2
2031,2026-06-16 14:22:35+05:30,3150.1,5,3133.87,2799712,130560.0,198417.0,3163.0,3163.0,3108.0,3134.3,31885800,3447.7,2820.9,3839.9,2896.0,3150.0,358,8,3149.9,2,1,3149.8,3,1,3149.7,28,3,3149.6,5,1,3150.1,184,10,3150.4,38,1,3150.8,354,2,3150.9,413,4,3151.0,29,2
2031,2026-06-16 14:22:36+05:30,3150.8,67,3133.87,2799712,130560.0,198417.0,3163.0,3163.0,3108.0,3134.3,31885800,3447.7,2820.9,3839.9,2896.0,3150.0,358,8,3149.9,2,1,3149.8,3,1,3149.7,28,3,3149.6,5,1,3150.1,184,10,3150.4,38,1,3150.8,354,2,3150.9,413,4,3151.0,29,2
2031,2026-06-16 14:22:36+05:30,3150.8,67,3133.88,2800012,131200.0,198073.0,3163.0,3163.0,3108.0,3134.3,31885800,3447.7,2820.9,3839.9,2896.0,3150.2,1,1,3150.0,365,12,3149.9,2,1,3149.8,80,4,3149.7,17,3,3150.3,1,1,3150.8,287,2,3150.9,410,3,3151.1,200,1,3151.2,427,4
2031,2026-06-16 14:22:36+05:30,3150.8,67,3133.88,2800012,131200.0,198073.0,3163.0,3163.0,3108.0,3134.3,31885800,3447.7,2820.9,3839.9,2896.0,3150.2,1,1,3150.0,365,12,3149.9,2,1,3149.8,80,4,3149.7,17,3,3150.3,1,1,3150.8,287,2,3150.9,410,3,3151.1,200,1,3151.2,427,4
2031,2026-06-16 14:22:37+05:30,3150.3,5,3133.88,2800012,131200.0,198073.0,3163.0,3163.0,3108.0,3134.3,31885800,3447.7,2820.9,3839.9,2896.0,3150.2,1,1,3150.0,365,12,3149.9,2,1,3149.8,80,4,3149.7,17,3,3150.3,1,1,3150.8,287,2,3150.9,410,3,3151.1,200,1,3151.2,427,4
2031,2026-06-16 14:22:37+05:30,3150.3,5,3133.88,2800084,131237.0,198274.0,3163.0,3163.0,3108.0,3134.3,31885800,3447.7,2820.9,3839.9,2896.0,3150.3,2,2,3150.0,343,10,3149.9,7,2,3149.8,20,2,3149.7,16,2,3150.8,287,2,3150.9,410,3,3151.1,400,2,3151.2,514,6,3151.3,200,1
2031,2026-06-16 14:22:38+05:30,3150.0,70,3133.88,2800084,131237.0,198274.0,3163.0,3163.0,3108.0,3134.3,31885800,3447.7,2820.9,3839.9,2896.0,3150.3,2,2,3150.0,343,10,3149.9,7,2,3149.8,20,2,3149.7,16,2,3150.8,287,2,3150.9,410,3,3151.1,400,2,3151.2,514,6,3151.3,200,1
2031,2026-06-16 14:22:38+05:30,3150.0,70,3133.88,2800227,131887.0,197078.0,3163.0,3163.0,3108.0,3134.3,31885800,3447.7,2820.9,3839.9,2896.0,3150.6,5,1,3150.1,14,1,3150.0,255,6,3149.9,47,4,3149.8,51,2,3151.4,44,3,3151.5,27,2,3151.6,52,1,3151.7,185,3,3151.8,127,4
2031,2026-06-16 14:22:39+05:30,3150.0,70,3133.88,2800227,131887.0,197078.0,3163.0,3163.0,3108.0,3134.3,31885800,3447.7,2820.9,3839.9,2896.0,3150.6,5,1,3150.1,14,1,3150.0,255,6,3149.9,47,4,3149.8,51,2,3151.4,44,3,3151.5,27,2,3151.6,52,1,3151.7,185,3,3151.8,127,4
2031,2026-06-16 14:22:39+05:30,3151.4,6,3133.88,2800227,131887.0,197078.0,3163.0,3163.0,3108.0,3134.3,31885800,3447.7,2820.9,3839.9,2896.0,3150.6,5,1,3150.1,14,1,3150.0,255,6,3149.9,47,4,3149.8,51,2,3151.4,44,3,3151.5,27,2,3151.6,52,1,3151.7,185,3,3151.8,127,4
2031,2026-06-16 14:22:39+05:30,3151.4,6,3133.88,2800234,132008.0,196721.0,3163.0,3163.0,3108.0,3134.3,31885800,3447.7,2820.9,3839.9,2896.0,3150.6,5,1,3150.1,88,4,3150.0,320,8,3149.9,82,6,3149.8,51,2,3151.4,37,3,3151.6,52,1,3151.7,48,1,3151.8,199,4,3151.9,395,3
2031,2026-06-16 14:22:40+05:30,3151.4,1,3133.88,2800234,132008.0,196721.0,3163.0,3163.0,3108.0,3134.3,31885800,3447.7,2820.9,3839.9,2896.0,3150.6,5,1,3150.1,88,4,3150.0,320,8,3149.9,82,6,3149.8,51,2,3151.4,37,3,3151.6,52,1,3151.7,48,1,3151.8,199,4,3151.9,395,3
2031,2026-06-16 14:22:40+05:30,3151.4,1,3133.88,2800246,131977.0,196895.0,3163.0,3163.0,3108.0,3134.3,31885800,3447.7,2820.9,3839.9,2896.0,3151.0,2,2,3150.6,6,2,3150.1,78,3,3150.0,309,5,3149.9,76,5,3151.4,38,3,3151.5,32,2,3151.7,86,2,3151.8,129,4,3151.9,144,2
2031,2026-06-16 14:22:40+05:30,3151.4,1,3133.88,2800246,131977.0,196895.0,3163.0,3163.0,3108.0,3134.3,31885800,3447.7,2820.9,3839.9,2896.0,3151.0,2,2,3150.6,6,2,3150.1,78,3,3150.0,309,5,3149.9,76,5,3151.4,38,3,3151.5,32,2,3151.7,86,2,3151.8,129,4,3151.9,144,2
2031,2026-06-16 14:22:41+05:30,3150.6,1,3133.88,2800246,131977.0,196895.0,3163.0,3163.0,3108.0,3134.3,31885800,3447.7,2820.9,3839.9,2896.0,3151.0,2,2,3150.6,6,2,3150.1,78,3,3150.0,309,5,3149.9,76,5,3151.4,38,3,3151.5,32,2,3151.7,86,2,3151.8,129,4,3151.9,144,2
2031,2026-06-16 14:22:41+05:30,3150.6,1,3133.88,2800303,131846.0,197214.0,3163.0,3163.0,3108.0,3134.3,31885800,3447.7,2820.9,3839.9,2896.0,3150.6,4,1,3150.1,1,1,3150.0,300,4,3149.9,75,5,3149.8,55,3,3151.4,31,3,3151.5,6,1,3151.6,114,1,3151.7,38,1,3151.8,216,6
2031,2026-06-16 14:22:42+05:30,3150.6,1,3133.88,2800303,131846.0,197214.0,3163.0,3163.0,3108.0,3134.3,31885800,3447.7,2820.9,3839.9,2896.0,3150.6,4,1,3150.1,1,1,3150.0,300,4,3149.9,75,5,3149.8,55,3,3151.4,31,3,3151.5,6,1,3151.6,114,1,3151.7,38,1,3151.8,216,6
2031,2026-06-16 14:22:42+05:30,3151.4,1,3133.88,2800337,132132.0,197048.0,3163.0,3163.0,3108.0,3134.3,31885800,3447.7,2820.9,3839.9,2896.0,3150.6,21,3,3150.4,22,2,3150.3,22,4,3150.2,84,4,3150.1,74,3,3151.4,32,3,3151.8,68,2,3151.9,110,1,3152.0,607,7,3152.1,564,4
2031,2026-06-16 14:22:42+05:30,3151.4,1,3133.88,2800337,132132.0,197048.0,3163.0,3163.0,3108.0,3134.3,31885800,3447.7,2820.9,3839.9,2896.0,3150.6,21,3,3150.4,22,2,3150.3,22,4,3150.2,84,4,3150.1,74,3,3151.4,32,3,3151.8,68,2,3151.9,110,1,3152.0,607,7,3152.1,564,4
2031,2026-06-16 14:22:43+05:30,3151.4,1,3133.88,2800337,132132.0,197048.0,3163.0,3163.0,3108.0,3134.3,31885800,3447.7,2820.9,3839.9,2896.0,3150.6,21,3,3150.4,22,2,3150.3,22,4,3150.2,84,4,3150.1,74,3,3151.4,32,3,3151.8,68,2,3151.9,110,1,3152.0,607,7,3152.1,564,4
2031,2026-06-16 14:22:43+05:30,3151.4,1,3133.88,2800337,132132.0,197048.0,3163.0,3163.0,3108.0,3134.3,31885800,3447.7,2820.9,3839.9,2896.0,3150.6,21,3,3150.4,22,2,3150.3,22,4,3150.2,84,4,3150.1,74,3,3151.4,32,3,3151.8,68,2,3151.9,110,1,3152.0,607,7,3152.1,564,4
2031,2026-06-16 14:22:43+05:30,3151.4,1,3133.88,2800341,131933.0,197136.0,3163.0,3163.0,3108.0,3134.3,31885800,3447.7,2820.9,3839.9,2896.0,3150.6,21,3,3150.4,11,1,3150.3,21,3,3150.2,85,5,3150.1,94,5,3151.4,51,4,3151.8,68,2,3151.9,110,1,3152.0,607,7,3152.1,564,4
2031,2026-06-16 14:22:43+05:30,3151.4,1,3133.88,2800341,131933.0,197136.0,3163.0,3163.0,3108.0,3134.3,31885800,3447.7,2820.9,3839.9,2896.0,3150.6,21,3,3150.4,11,1,3150.3,21,3,3150.2,85,5,3150.1,94,5,3151.4,51,4,3151.8,68,2,3151.9,110,1,3152.0,607,7,3152.1,564,4
2031,2026-06-16 14:22:44+05:30,3151.4,1,3133.88,2800341,131933.0,197136.0,3163.0,3163.0,3108.0,3134.3,31885800,3447.7,2820.9,3839.9,2896.0,3150.6,21,3,3150.4,11,1,3150.3,21,3,3150.2,85,5,3150.1,94,5,3151.4,51,4,3151.8,68,2,3151.9,110,1,3152.0,607,7,3152.1,564,4
2031,2026-06-16 14:22:44+05:30,3150.6,9,3133.88,2800341,131933.0,197136.0,3163.0,3163.0,3108.0,3134.3,31885800,3447.7,2820.9,3839.9,2896.0,3150.6,21,3,3150.4,11,1,3150.3,21,3,3150.2,85,5,3150.1,94,5,3151.4,51,4,3151.8,68,2,3151.9,110,1,3152.0,607,7,3152.1,564,4
2031,2026-06-16 14:22:44+05:30,3151.9,1,3133.89,2802115,132880.0,195469.0,3163.0,3163.0,3108.0,3134.3,31885800,3447.7,2820.9,3839.9,2896.0,3150.7,80,3,3150.6,45,4,3150.5,25,2,3150.3,60,2,3150.2,29,4,3152.0,229,2,3152.1,400,2,3152.2,21,1,3152.3,298,5,3152.4,658,5
2031,2026-06-16 14:22:44+05:30,3151.9,1,3133.89,2802115,132880.0,195469.0,3163.0,3163.0,3108.0,3134.3,31885800,3447.7,2820.9,3839.9,2896.0,3150.7,80,3,3150.6,45,4,3150.5,25,2,3150.3,60,2,3150.2,29,4,3152.0,229,2,3152.1,400,2,3152.2,21,1,3152.3,298,5,3152.4,658,5
2031,2026-06-16 14:22:45+05:30,3152.0,41,3133.89,2802115,132880.0,195469.0,3163.0,3163.0,3108.0,3134.3,31885800,3447.7,2820.9,3839.9,2896.0,3150.7,80,3,3150.6,45,4,3150.5,25,2,3150.3,60,2,3150.2,29,4,3152.0,229,2,3152.1,400,2,3152.2,21,1,3152.3,298,5,3152.4,658,5
2031,2026-06-16 14:22:45+05:30,3150.6,3,3133.89,2802622,132506.0,195857.0,3163.0,3163.0,3108.0,3134.3,31885800,3447.7,2820.9,3839.9,2896.0,3150.6,47,4,3150.5,28,2,3150.4,12,1,3150.3,68,3,3150.2,46,4,3152.0,41,2,3152.1,12,1,3152.2,62,2,3152.3,58,3,3152.4,232,5
2031,2026-06-16 14:22:45+05:30,3150.6,3,3133.89,2802622,132506.0,195857.0,3163.0,3163.0,3108.0,3134.3,31885800,3447.7,2820.9,3839.9,2896.0,3150.6,47,4,3150.5,28,2,3150.4,12,1,3150.3,68,3,3150.2,46,4,3152.0,41,2,3152.1,12,1,3152.2,62,2,3152.3,58,3,3152.4,232,5
2031,2026-06-16 14:22:46+05:30,3152.2,38,3133.89,2802622,132506.0,195857.0,3163.0,3163.0,3108.0,3134.3,31885800,3447.7,2820.9,3839.9,2896.0,3150.6,47,4,3150.5,28,2,3150.4,12,1,3150.3,68,3,3150.2,46,4,3152.0,41,2,3152.1,12,1,3152.2,62,2,3152.3,58,3,3152.4,232,5
2031,2026-06-16 14:22:46+05:30,3152.2,38,3133.89,2802622,132506.0,195857.0,3163.0,3163.0,3108.0,3134.3,31885800,3447.7,2820.9,3839.9,2896.0,3150.6,47,4,3150.5,28,2,3150.4,12,1,3150.3,68,3,3150.2,46,4,3152.0,41,2,3152.1,12,1,3152.2,62,2,3152.3,58,3,3152.4,232,5
2031,2026-06-16 14:22:46+05:30,3152.0,1,3133.89,2802827,133181.0,196200.0,3163.0,3163.0,3108.0,3134.3,31885800,3447.7,2820.9,3839.9,2896.0,3151.5,4,1,3150.7,23,2,3150.6,23,2,3150.5,213,3,3150.4,71,2,3152.0,28,1,3152.1,34,2,3152.3,91,4,3152.4,437,5,3152.5,489,4
2031,2026-06-16 14:22:47+05:30,3151.0,39,3133.89,2802827,133181.0,196200.0,3163.0,3163.0,3108.0,3134.3,31885800,3447.7,2820.9,3839.9,2896.0,3151.5,4,1,3150.7,23,2,3150.6,23,2,3150.5,213,3,3150.4,71,2,3152.0,28,1,3152.1,34,2,3152.3,91,4,3152.4,437,5,3152.5,489,4
2031,2026-06-16 14:22:47+05:30,3151.0,39,3133.89,2802827,133181.0,196200.0,3163.0,3163.0,3108.0,3134.3,31885800,3447.7,2820.9,3839.9,2896.0,3151.5,4,1,3150.7,23,2,3150.6,23,2,3150.5,213,3,3150.4,71,2,3152.0,28,1,3152.1,34,2,3152.3,91,4,3152.4,437,5,3152.5,489,4
2031,2026-06-16 14:22:47+05:30,3151.0,53,3133.89,2802976,132297.0,197015.0,3163.0,3163.0,3108.0,3134.3,31885800,3447.7,2820.9,3839.9,2896.0,3150.6,5,2,3150.4,26,3,3150.3,74,3,3150.2,83,5,3150.1,49,6,3151.0,468,1,3151.6,20,1,3151.8,22,1,3151.9,370,3,3152.0,445,5
2031,2026-06-16 14:22:48+05:30,3151.0,100,3133.89,2802976,132297.0,197015.0,3163.0,3163.0,3108.0,3134.3,31885800,3447.7,2820.9,3839.9,2896.0,3150.6,5,2,3150.4,26,3,3150.3,74,3,3150.2,83,5,3150.1,49,6,3151.0,468,1,3151.6,20,1,3151.8,22,1,3151.9,370,3,3152.0,445,5
2031,2026-06-16 14:22:48+05:30,3151.0,100,3133.89,2802976,132297.0,197015.0,3163.0,3163.0,3108.0,3134.3,31885800,3447.7,2820.9,3839.9,2896.0,3150.6,5,2,3150.4,26,3,3150.3,74,3,3150.2,83,5,3150.1,49,6,3151.0,468,1,3151.6,20,1,3151.8,22,1,3151.9,370,3,3152.0,445,5
2031,2026-06-16 14:22:48+05:30,3151.0,100,3133.9,2803154,132204.0,196817.0,3163.0,3163.0,3108.0,3134.3,31885800,3447.7,2820.9,3839.9,2896.0,3150.6,16,1,3150.4,26,3,3150.3,74,3,3150.2,46,4,3150.1,49,6,3151.0,355,1,3151.6,20,1,3151.7,8,1,3151.8,22,1,3151.9,370,3
2031,2026-06-16 14:22:49+05:30,3151.0,100,3133.9,2803154,132204.0,196817.0,3163.0,3163.0,3108.0,3134.3,31885800,3447.7,2820.9,3839.9,2896.0,3150.6,16,1,3150.4,26,3,3150.3,74,3,3150.2,46,4,3150.1,49,6,3151.0,355,1,3151.6,20,1,3151.7,8,1,3151.8,22,1,3151.9,370,3
2031,2026-06-16 14:22:50+05:30,3151.0,31,3133.9,2803185,132515.0,196869.0,3163.0,3163.0,3108.0,3134.3,31885800,3447.7,2820.9,3839.9,2896.0,3150.6,115,9,3150.5,5,1,3150.4,20,3,3150.3,135,6,3150.2,47,5,3151.0,325,2,3151.6,20,1,3151.8,22,1,3152.0,37,3,3152.1,339,4
2031,2026-06-16 14:22:50+05:30,3151.0,31,3133.9,2803185,132515.0,196869.0,3163.0,3163.0,3108.0,3134.3,31885800,3447.7,2820.9,3839.9,2896.0,3150.6,115,9,3150.5,5,1,3150.4,20,3,3150.3,135,6,3150.2,47,5,3151.0,325,2,3151.6,20,1,3151.8,22,1,3152.0,37,3,3152.1,339,4
2031,2026-06-16 14:22:50+05:30,3151.0,31,3133.9,2803185,132515.0,196869.0,3163.0,3163.0,3108.0,3134.3,31885800,3447.7,2820.9,3839.9,2896.0,3150.6,115,9,3150.5,5,1,3150.4,20,3,3150.3,135,6,3150.2,47,5,3151.0,325,2,3151.6,20,1,3151.8,22,1,3152.0,37,3,3152.1,339,4
2031,2026-06-16 14:22:51+05:30,3151.0,31,3133.9,2803185,132593.0,196898.0,3163.0,3163.0,3108.0,3134.3,31885800,3447.7,2820.9,3839.9,2896.0,3150.6,107,7,3150.5,5,1,3150.4,32,4,3150.3,86,4,3150.2,46,4,3151.0,325,2,3151.8,22,1,3152.0,61,4,3152.1,339,4,3152.2,475,5
2031,2026-06-16 14:22:51+05:30,3151.0,31,3133.9,2803185,132593.0,196898.0,3163.0,3163.0,3108.0,3134.3,31880600,3447.7,2820.9,3839.9,2896.0,3150.6,107,7,3150.5,5,1,3150.4,32,4,3150.3,86,4,3150.2,46,4,3151.0,325,2,3151.8,22,1,3152.0,61,4,3152.1,339,4,3152.2,475,5
2031,2026-06-16 14:22:52+05:30,3151.0,4,3133.9,2803241,132594.0,196747.0,3163.0,3163.0,3108.0,3134.3,31880600,3447.7,2820.9,3839.9,2896.0,3150.6,95,4,3150.5,5,1,3150.4,32,4,3150.3,86,4,3150.2,47,5,3151.0,310,3,3151.8,22,1,3152.0,61,4,3152.1,339,4,3152.2,475,5
2031,2026-06-16 14:22:52+05:30,3151.0,4,3133.9,2803241,132594.0,196747.0,3163.0,3163.0,3108.0,3134.3,31880600,3447.7,2820.9,3839.9,2896.0,3150.6,95,4,3150.5,5,1,3150.4,32,4,3150.3,86,4,3150.2,47,5,3151.0,310,3,3151.8,22,1,3152.0,61,4,3152.1,339,4,3152.2,475,5
2031,2026-06-16 14:22:53+05:30,3151.0,1,3133.9,2803242,132560.0,196747.0,3163.0,3163.0,3108.0,3134.3,31880600,3447.7,2820.9,3839.9,2896.0,3150.6,95,4,3150.5,5,1,3150.4,32,4,3150.3,86,4,3150.2,47,5,3151.0,309,3,3151.8,22,1,3152.0,61,4,3152.1,339,4,3152.2,475,5
2031,2026-06-16 14:22:53+05:30,3151.0,1,3133.9,2803242,132560.0,196747.0,3163.0,3163.0,3108.0,3134.3,31880600,3447.7,2820.9,3839.9,2896.0,3150.6,95,4,3150.5,5,1,3150.4,32,4,3150.3,86,4,3150.2,47,5,3151.0,309,3,3151.8,22,1,3152.0,61,4,3152.1,339,4,3152.2,475,5
2031,2026-06-16 14:22:54+05:30,3150.9,1,3133.9,2803243,132627.0,196899.0,3163.0,3163.0,3108.0,3134.3,31880600,3447.7,2820.9,3839.9,2896.0,3150.9,15,1,3150.6,63,2,3150.5,5,1,3150.4,26,3,3150.3,86,4,3151.0,308,2,3151.8,22,1,3152.0,55,4,3152.1,339,4,3152.2,475,5
2031,2026-06-16 14:22:54+05:30,3151.0,148,3133.9,2803243,132627.0,196899.0,3163.0,3163.0,3108.0,3134.3,31880600,3447.7,2820.9,3839.9,2896.0,3150.9,15,1,3150.6,63,2,3150.5,5,1,3150.4,26,3,3150.3,86,4,3151.0,308,2,3151.8,22,1,3152.0,55,4,3152.1,339,4,3152.2,475,5
2031,2026-06-16 14:22:55+05:30,3151.0,1,3133.9,2803392,132801.0,197073.0,3163.0,3163.0,3108.0,3134.3,31880600,3447.7,2820.9,3839.9,2896.0,3150.9,42,1,3150.6,78,3,3150.4,21,3,3150.3,74,3,3150.2,57,5,3151.0,188,3,3151.8,22,1,3151.9,63,1,3152.0,64,5,3152.1,415,5
2031,2026-06-16 14:22:55+05:30,3151.0,1,3133.9,2803392,132801.0,197073.0,3163.0,3163.0,3108.0,3134.3,31880600,3447.7,2820.9,3839.9,2896.0,3150.9,42,1,3150.6,78,3,3150.4,21,3,3150.3,74,3,3150.2,57,5,3151.0,188,3,3151.8,22,1,3151.9,63,1,3152.0,64,5,3152.1,415,5
2031,2026-06-16 14:22:56+05:30,3150.1,4,3133.9,2803635,131507.0,198365.0,3163.0,3163.0,3108.0,3134.3,31880600,3447.7,2820.9,3839.9,2896.0,3150.1,4,1,3150.0,152,2,3149.6,4,2,3149.5,48,1,3149.4,28,2,3150.4,8,1,3150.9,41,1,3151.0,188,3,3151.2,59,2,3151.3,60,3
2031,2026-06-16 14:22:56+05:30,3150.1,4,3133.9,2803635,131507.0,198365.0,3163.0,3163.0,3108.0,3134.3,31880600,3447.7,2820.9,3839.9,2896.0,3150.1,4,1,3150.0,152,2,3149.6,4,2,3149.5,48,1,3149.4,28,2,3150.4,8,1,3150.9,41,1,3151.0,188,3,3151.2,59,2,3151.3,60,3
2031,2026-06-16 14:22:57+05:30,3151.0,1,3133.9,2803635,131507.0,198365.0,3163.0,3163.0,3108.0,3134.3,31880600,3447.7,2820.9,3839.9,2896.0,3150.1,4,1,3150.0,152,2,3149.6,4,2,3149.5,48,1,3149.4,28,2,3150.4,8,1,3150.9,41,1,3151.0,188,3,3151.2,59,2,3151.3,60,3
2031,2026-06-16 14:22:57+05:30,3151.0,1,3133.9,2803668,131825.0,198516.0,3163.0,3163.0,3108.0,3134.3,31880600,3447.7,2820.9,3839.9,2896.0,3150.0,152,2,3149.7,20,1,3149.5,21,1,3149.4,12,1,3149.3,88,4,3151.0,210,4,3151.1,38,1,3151.2,41,1,3151.3,422,5,3151.4,529,5
2031,2026-06-16 14:22:58+05:30,3151.0,4,3133.9,2803668,131825.0,198516.0,3163.0,3163.0,3108.0,3134.3,31880600,3447.7,2820.9,3839.9,2896.0,3150.0,152,2,3149.7,20,1,3149.5,21,1,3149.4,12,1,3149.3,88,4,3151.0,210,4,3151.1,38,1,3151.2,41,1,3151.3,422,5,3151.4,529,5
2031,2026-06-16 14:22:58+05:30,3151.0,4,3133.9,2803713,132064.0,198218.0,3163.0,3163.0,3108.0,3134.3,31880600,3447.7,2820.9,3839.9,2896.0,3150.0,170,4,3149.7,29,2,3149.6,63,3,3149.5,25,2,3149.4,254,2,3151.0,165,4,3151.3,133,4,3151.4,371,3,3151.5,465,4,3151.6,201,5
2031,2026-06-16 14:22:59+05:30,3151.0,1,3133.9,2803713,132064.0,198218.0,3163.0,3163.0,3108.0,3134.3,31880600,3447.7,2820.9,3839.9,2896.0,3150.0,170,4,3149.7,29,2,3149.6,63,3,3149.5,25,2,3149.4,254,2,3151.0,165,4,3151.3,133,4,3151.4,371,3,3151.5,465,4,3151.6,201,5
2031,2026-06-16 14:22:59+05:30,3151.0,1,3133.9,2803721,132098.0,198463.0,3163.0,3163.0,3108.0,3134.3,31880600,3447.7,2820.9,3839.9,2896.0,3150.0,157,4,3149.7,20,1,3149.6,15,2,3149.5,22,2,3149.4,264,3,3151.0,192,5,3151.3,127,3,3151.4,91,2,3151.5,387,4,3151.6,559,6
2031,2026-06-16 14:23:00+05:30,3151.0,1,3133.9,2803721,132098.0,198463.0,3163.0,3163.0,3108.0,3134.3,31880600,3447.7,2820.9,3839.9,2896.0,3150.0,157,4,3149.7,20,1,3149.6,15,2,3149.5,22,2,3149.4,264,3,3151.0,192,5,3151.3,127,3,3151.4,91,2,3151.5,387,4,3151.6,559,6
2031,2026-06-16 14:23:00+05:30,3151.0,1,3133.9,2803722,131888.0,198593.0,3163.0,3163.0,3108.0,3134.3,31880600,3447.7,2820.9,3839.9,2896.0,3150.5,2,2,3150.1,6,1,3150.0,157,4,3149.6,3,1,3149.5,39,2,3151.0,192,6,3151.1,363,3,3151.2,479,4,3151.3,86,2,3151.4,259,3
2031,2026-06-16 14:23:01+05:30,3151.0,5,3133.9,2803722,131888.0,198593.0,3163.0,3163.0,3108.0,3134.3,31880600,3447.7,2820.9,3839.9,2896.0,3150.5,2,2,3150.1,6,1,3150.0,157,4,3149.6,3,1,3149.5,39,2,3151.0,192,6,3151.1,363,3,3151.2,479,4,3151.3,86,2,3151.4,259,3
2031,2026-06-16 14:23:01+05:30,3151.0,5,3133.9,2803727,132087.0,198557.0,3163.0,3163.0,3108.0,3134.3,31880600,3447.7,2820.9,3839.9,2896.0,3150.5,2,2,3150.1,6,1,3150.0,157,4,3149.8,15,1,3149.6,3,1,3151.0,187,6,3151.1,322,2,3151.2,479,4,3151.3,86,2,3151.4,259,3
2031,2026-06-16 14:23:02+05:30,3150.1,16,3133.9,2803727,132087.0,198557.0,3163.0,3163.0,3108.0,3134.3,31880600,3447.7,2820.9,3839.9,2896.0,3150.5,2,2,3150.1,6,1,3150.0,157,4,3149.8,15,1,3149.6,3,1,3151.0,187,6,3151.1,322,2,3151.2,479,4,3151.3,86,2,3151.4,259,3
2031,2026-06-16 14:23:02+05:30,3151.0,1,3133.9,2803748,132048.0,198554.0,3163.0,3163.0,3108.0,3134.3,31880600,3447.7,2820.9,3839.9,2896.0,3150.1,24,3,3150.0,157,4,3149.6,3,1,3149.5,33,2,3149.4,104,2,3151.0,186,6,3151.2,322,2,3151.3,524,5,3151.4,21,1,3151.5,306,4
2031,2026-06-16 14:23:03+05:30,3151.0,3,3133.9,2803748,132048.0,198554.0,3163.0,3163.0,3108.0,3134.3,31880600,3447.7,2820.9,3839.9,2896.0,3150.1,24,3,3150.0,157,4,3149.6,3,1,3149.5,33,2,3149.4,104,2,3151.0,186,6,3151.2,322,2,3151.3,524,5,3151.4,21,1,3151.5,306,4
2031,2026-06-16 14:23:03+05:30,3151.0,3,3133.9,2803751,132068.0,198650.0,3163.0,3163.0,3108.0,3134.3,31880600,3447.7,2820.9,3839.9,2896.0,3150.1,24,3,3150.0,171,5,3149.6,3,1,3149.5,39,3,3149.4,104,2,3151.0,183,6,3151.2,322,2,3151.3,478,4,3151.4,21,1,3151.5,287,3
2031,2026-06-16 14:23:04+05:30,3151.0,4,3133.9,2803751,132068.0,198650.0,3163.0,3163.0,3108.0,3134.3,31880600,3447.7,2820.9,3839.9,2896.0,3150.1,24,3,3150.0,171,5,3149.6,3,1,3149.5,39,3,3149.4,104,2,3151.0,183,6,3151.2,322,2,3151.3,478,4,3151.4,21,1,3151.5,287,3
2031,2026-06-16 14:23:04+05:30,3151.0,4,3133.9,2803784,131845.0,198649.0,3163.0,3163.0,3108.0,3134.3,31880600,3447.7,2820.9,3839.9,2896.0,3150.1,19,3,3150.0,171,5,3149.6,53,2,3149.5,33,2,3149.4,38,1,3151.0,180,7,3151.2,322,2,3151.3,557,6,3151.4,21,1,3151.5,246,2
2031,2026-06-16 14:23:05+05:30,3151.0,1,3133.9,2803784,131845.0,198649.0,3163.0,3163.0,3108.0,3134.3,31880600,3447.7,2820.9,3839.9,2896.0,3150.1,19,3,3150.0,171,5,3149.6,53,2,3149.5,33,2,3149.4,38,1,3151.0,180,7,3151.2,322,2,3151.3,557,6,3151.4,21,1,3151.5,246,2
2031,2026-06-16 14:23:05+05:30,3151.0,1,3133.9,2803785,131978.0,198511.0,3163.0,3163.0,3108.0,3134.3,31880600,3447.7,2820.9,3839.9,2896.0,3150.1,34,4,3150.0,157,4,3149.6,3,1,3149.5,33,2,3149.4,38,1,3151.0,179,7,3151.2,322,2,3151.3,519,5,3151.4,21,1,3151.5,246,2
2031,2026-06-16 14:23:06+05:30,3151.0,6,3133.9,2803785,131978.0,198511.0,3163.0,3163.0,3108.0,3134.3,31880600,3447.7,2820.9,3839.9,2896.0,3150.1,34,4,3150.0,157,4,3149.6,3,1,3149.5,33,2,3149.4,38,1,3151.0,179,7,3151.2,322,2,3151.3,519,5,3151.4,21,1,3151.5,246,2
2031,2026-06-16 14:23:06+05:30,3151.0,6,3133.9,2803792,132018.0,198165.0,3163.0,3163.0,3108.0,3134.3,31880600,3447.7,2820.9,3839.9,2896.0,3150.3,17,1,3150.1,17,3,3150.0,171,5,3149.9,44,2,3149.8,7,1,3150.5,1,1,3151.0,197,8,3151.2,322,2,3151.3,400,2,3151.4,21,1
2031,2026-06-16 14:23:07+05:30,3150.5,5,3133.9,2803792,132018.0,198165.0,3163.0,3163.0,3108.0,3134.3,31880600,3447.7,2820.9,3839.9,2896.0,3150.3,17,1,3150.1,17,3,3150.0,171,5,3149.9,44,2,3149.8,7,1,3150.5,1,1,3151.0,197,8,3151.2,322,2,3151.3,400,2,3151.4,21,1
2031,2026-06-16 14:23:07+05:30,3150.5,5,3133.9,2803848,132011.0,198248.0,3163.0,3163.0,3108.0,3134.3,31880600,3447.7,2820.9,3839.9,2896.0,3150.3,18,2,3150.1,34,3,3150.0,157,4,3149.7,19,3,3149.6,103,4,3150.5,1,1,3151.0,197,8,3151.2,322,2,3151.3,438,3,3151.4,74,3
2031,2026-06-16 14:23:08+05:30,3150.3,2,3133.9,2803848,132011.0,198248.0,3163.0,3163.0,3108.0,3134.3,31880600,3447.7,2820.9,3839.9,2896.0,3150.3,18,2,3150.1,34,3,3150.0,157,4,3149.7,19,3,3149.6,103,4,3150.5,1,1,3151.0,197,8,3151.2,322,2,3151.3,438,3,3151.4,74,3
2031,2026-06-16 14:23:08+05:30,3151.0,8,3133.9,2803942,132265.0,197912.0,3163.0,3163.0,3108.0,3134.3,31880600,3447.7,2820.9,3839.9,2896.0,3150.4,3,1,3150.3,16,2,3150.1,33,2,3150.0,157,4,3149.7,80,5,3151.0,74,2,3151.2,322,2,3151.3,400,2,3151.4,24,2,3151.5,324,4
2031,2026-06-16 14:23:09+05:30,3151.0,8,3133.9,2803942,132265.0,197912.0,3163.0,3163.0,3108.0,3134.3,31880600,3447.7,2820.9,3839.9,2896.0,3150.4,3,1,3150.3,16,2,3150.1,33,2,3150.0,157,4,3149.7,80,5,3151.0,74,2,3151.2,322,2,3151.3,400,2,3151.4,24,2,3151.5,324,4
2031,2026-06-16 14:23:09+05:30,3151.0,8,3133.9,2803942,132267.0,198120.0,3163.0,3163.0,3108.0,3134.3,31880600,3447.7,2820.9,3839.9,2896.0,3150.4,5,3,3150.3,16,2,3150.1,33,2,3150.0,157,4,3149.7,80,5,3151.0,64,2,3151.2,322,2,3151.3,400,2,3151.4,24,2,3151.5,324,4
2031,2026-06-16 14:23:10+05:30,3151.0,8,3133.9,2803942,132267.0,198120.0,3163.0,3163.0,3108.0,3134.3,31880600,3447.7,2820.9,3839.9,2896.0,3150.4,5,3,3150.3,16,2,3150.1,33,2,3150.0,157,4,3149.7,80,5,3151.0,64,2,3151.2,322,2,3151.3,400,2,3151.4,24,2,3151.5,324,4
2031,2026-06-16 14:23:10+05:30,3151.0,8,3133.9,2804174,132069.0,197998.0,3163.0,3163.0,3108.0,3134.3,31880600,3447.7,2820.9,3839.9,2896.0,3150.4,6,2,3150.3,15,1,3150.1,15,1,3150.0,156,3,3149.9,12,1,3151.0,32,2,3151.2,322,2,3151.3,400,2,3151.4,24,2,3151.5,200,1
2031,2026-06-16 14:23:11+05:30,3150.3,27,3133.9,2804174,132069.0,197998.0,3163.0,3163.0,3108.0,3134.3,31880600,3447.7,2820.9,3839.9,2896.0,3150.4,6,2,3150.3,15,1,3150.1,15,1,3150.0,156,3,3149.9,12,1,3151.0,32,2,3151.2,322,2,3151.3,400,2,3151.4,24,2,3151.5,200,1
2031,2026-06-16 14:23:11+05:30,3150.3,27,3133.9,2804408,131643.0,198377.0,3163.0,3163.0,3108.0,3134.3,31880600,3447.7,2820.9,3839.9,2896.0,3150.4,10,1,3150.3,16,1,3150.0,159,4,3149.8,11,1,3149.7,30,3,3151.0,1,1,3151.2,322,2,3151.3,400,2,3151.4,74,3,3151.5,424,4
2031,2026-06-16 14:23:12+05:30,3151.0,29,3133.9,2804408,131643.0,198377.0,3163.0,3163.0,3108.0,3134.3,31880600,3447.7,2820.9,3839.9,2896.0,3150.4,10,1,3150.3,16,1,3150.0,159,4,3149.8,11,1,3149.7,30,3,3151.0,1,1,3151.2,322,2,3151.3,400,2,3151.4,74,3,3151.5,424,4
2031,2026-06-16 14:23:12+05:30,3151.0,29,3133.9,2804456,132476.0,197104.0,3163.0,3163.0,3108.0,3134.3,31880600,3447.7,2820.9,3839.9,2896.0,3151.1,1,1,3151.0,4,1,3150.4,44,4,3150.3,69,7,3150.2,18,2,3151.2,322,2,3151.3,400,2,3151.5,407,3,3151.6,400,2,3151.7,200,1
2031,2026-06-16 14:23:13+05:30,3151.2,1,3133.9,2804456,132476.0,197104.0,3163.0,3163.0,3108.0,3134.3,31880600,3447.7,2820.9,3839.9,2896.0,3151.1,1,1,3151.0,4,1,3150.4,44,4,3150.3,69,7,3150.2,18,2,3151.2,322,2,3151.3,400,2,3151.5,407,3,3151.6,400,2,3151.7,200,1
2031,2026-06-16 14:23:13+05:30,3151.2,1,3133.9,2804461,132540.0,197228.0,3163.0,3163.0,3108.0,3134.3,31880600,3447.7,2820.9,3839.9,2896.0,3151.1,1,1,3150.4,44,4,3150.3,57,6,3150.2,18,2,3150.1,170,1,3151.2,317,2,3151.3,400,2,3151.5,407,3,3151.6,400,2,3151.7,200,1
2031,2026-06-16 14:23:14+05:30,3151.2,2,3133.9,2804489,132434.0,197192.0,3163.0,3163.0,3108.0,3134.3,31880600,3447.7,2820.9,3839.9,2896.0,3151.1,1,1,3150.4,44,4,3150.3,57,6,3150.2,18,2,3150.1,170,1,3151.2,298,3,3151.3,400,2,3151.5,423,4,3151.6,400,2,3151.7,250,2
2031,2026-06-16 14:23:15+05:30,3150.5,60,3133.9,2804489,132434.0,197192.0,3163.0,3163.0,3108.0,3134.3,31880600,3447.7,2820.9,3839.9,2896.0,3151.1,1,1,3150.4,44,4,3150.3,57,6,3150.2,18,2,3150.1,170,1,3151.2,298,3,3151.3,400,2,3151.5,423,4,3151.6,400,2,3151.7,250,2
2031,2026-06-16 14:23:15+05:30,3151.2,2,3133.9,2804583,132765.0,196991.0,3163.0,3163.0,3108.0,3134.3,31880600,3447.7,2820.9,3839.9,2896.0,3150.6,40,4,3150.5,46,4,3150.4,48,3,3150.3,87,7,3150.2,83,5,3151.2,22,3,3151.6,400,2,3151.7,400,2,3151.8,20,1,3151.9,200,1
2031,2026-06-16 14:23:16+05:30,3151.2,2,3133.9,2804583,132765.0,196991.0,3163.0,3163.0,3108.0,3134.3,31880600,3447.7,2820.9,3839.9,2896.0,3150.6,40,4,3150.5,46,4,3150.4,48,3,3150.3,87,7,3150.2,83,5,3151.2,22,3,3151.6,400,2,3151.7,400,2,3151.8,20,1,3151.9,200,1
2031,2026-06-16 14:23:16+05:30,3151.2,2,3133.9,2804583,132657.0,196950.0,3163.0,3163.0,3108.0,3134.3,31880600,3447.7,2820.9,3839.9,2896.0,3150.6,41,5,3150.5,46,4,3150.4,80,4,3150.3,87,7,3150.2,83,5,3150.7,1,1,3151.2,22,3,3151.6,422,3,3151.7,400,2,3151.8,40,2
2031,2026-06-16 14:23:17+05:30,3150.7,1,3133.9,2804583,132657.0,196950.0,3163.0,3163.0,3108.0,3134.3,31880600,3447.7,2820.9,3839.9,2896.0,3150.6,41,5,3150.5,46,4,3150.4,80,4,3150.3,87,7,3150.2,83,5,3150.7,1,1,3151.2,22,3,3151.6,422,3,3151.7,400,2,3151.8,40,2
2031,2026-06-16 14:23:17+05:30,3150.7,1,3133.9,2804584,132566.0,196961.0,3163.0,3163.0,3108.0,3134.3,31880600,3447.7,2820.9,3839.9,2896.0,3150.6,38,5,3150.5,25,3,3150.4,80,4,3150.3,121,7,3150.2,83,5,3150.7,23,3,3151.0,10,1,3151.2,22,3,3151.6,422,3,3151.7,400,2
2031,2026-06-16 14:23:18+05:30,3150.7,6,3133.9,2804584,132566.0,196961.0,3163.0,3163.0,3108.0,3134.3,31880600,3447.7,2820.9,3839.9,2896.0,3150.6,38,5,3150.5,25,3,3150.4,80,4,3150.3,121,7,3150.2,83,5,3150.7,23,3,3151.0,10,1,3151.2,22,3,3151.6,422,3,3151.7,400,2
2031,2026-06-16 14:23:18+05:30,3150.7,6,3133.9,2804657,132462.0,197964.0,3163.0,3163.0,3108.0,3134.3,31880600,3447.7,2820.9,3839.9,2896.0,3150.8,1,1,3150.6,29,2,3150.5,15,1,3150.4,42,3,3150.3,64,5,3151.0,65,2,3151.2,22,3,3151.6,422,3,3151.7,400,2,3151.8,90,3
2031,2026-06-16 14:23:19+05:30,3151.0,1,3133.9,2804657,132462.0,197964.0,3163.0,3163.0,3108.0,3134.3,31880600,3447.7,2820.9,3839.9,2896.0,3150.8,1,1,3150.6,29,2,3150.5,15,1,3150.4,42,3,3150.3,64,5,3151.0,65,2,3151.2,22,3,3151.6,422,3,3151.7,400,2,3151.8,90,3
2031,2026-06-16 14:23:19+05:30,3151.0,3,3133.9,2804661,132597.0,197776.0,3163.0,3163.0,3108.0,3134.3,31880600,3447.7,2820.9,3839.9,2896.0,3150.8,1,1,3150.7,1,1,3150.6,16,2,3150.5,12,1,3150.4,18,2,3151.0,71,3,3151.2,27,4,3151.6,422,3,3151.7,400,2,3151.8,90,3
2031,2026-06-16 14:23:20+05:30,3151.0,3,3133.9,2804661,132597.0,197776.0,3163.0,3163.0,3108.0,3134.3,31880600,3447.7,2820.9,3839.9,2896.0,3150.8,1,1,3150.7,1,1,3150.6,16,2,3150.5,12,1,3150.4,18,2,3151.0,71,3,3151.2,27,4,3151.6,422,3,3151.7,400,2,3151.8,90,3
2031,2026-06-16 14:23:20+05:30,3151.0,3,3133.9,2804661,132327.0,197779.0,3163.0,3163.0,3108.0,3134.3,31880600,3447.7,2820.9,3839.9,2896.0,3150.8,1,1,3150.7,1,1,3150.6,16,2,3150.5,12,1,3150.4,18,2,3151.0,71,3,3151.2,27,4,3151.6,422,3,3151.7,400,2,3151.8,90,3
2031,2026-06-16 14:23:21+05:30,3151.0,16,3133.9,2804661,132327.0,197779.0,3163.0,3163.0,3108.0,3134.3,31880600,3447.7,2820.9,3839.9,2896.0,3150.8,1,1,3150.7,1,1,3150.6,16,2,3150.5,12,1,3150.4,18,2,3151.0,71,3,3151.2,27,4,3151.6,422,3,3151.7,400,2,3151.8,90,3
2031,2026-06-16 14:23:21+05:30,3151.0,12,3133.9,2804696,132404.0,197805.0,3163.0,3163.0,3108.0,3134.3,31880600,3447.7,2820.9,3839.9,2896.0,3150.7,1,1,3150.6,42,5,3150.5,10,2,3150.4,30,3,3150.3,35,4,3151.0,36,2,3151.2,27,4,3151.6,422,3,3151.7,400,2,3151.8,90,3
2031,2026-06-16 14:23:22+05:30,3151.0,6,3133.9,2804696,132404.0,197805.0,3163.0,3163.0,3108.0,3134.3,31880600,3447.7,2820.9,3839.9,2896.0,3150.7,1,1,3150.6,42,5,3150.5,10,2,3150.4,30,3,3150.3,35,4,3151.0,36,2,3151.2,27,4,3151.6,422,3,3151.7,400,2,3151.8,90,3
2031,2026-06-16 14:23:22+05:30,3151.0,6,3133.9,2804707,132450.0,197789.0,3163.0,3163.0,3108.0,3134.3,31880600,3447.7,2820.9,3839.9,2896.0,3150.6,42,5,3150.5,35,4,3150.4,15,2,3150.3,23,3,3150.2,72,5,3151.0,25,2,3151.2,27,4,3151.6,422,3,3151.7,400,2,3151.8,90,3
2031,2026-06-16 14:23:23+05:30,3151.0,1,3133.9,2804707,132450.0,197789.0,3163.0,3163.0,3108.0,3134.3,31880600,3447.7,2820.9,3839.9,2896.0,3150.6,42,5,3150.5,35,4,3150.4,15,2,3150.3,23,3,3150.2,72,5,3151.0,25,2,3151.2,27,4,3151.6,422,3,3151.7,400,2,3151.8,90,3
2031,2026-06-16 14:23:23+05:30,3151.0,4,3133.9,2804712,132468.0,197952.0,3163.0,3163.0,3108.0,3134.3,31880600,3447.7,2820.9,3839.9,2896.0,3150.6,70,5,3150.5,25,3,3150.4,15,2,3150.3,56,4,3150.2,71,4,3151.0,54,3,3151.2,27,4,3151.6,422,3,3151.7,400,2,3151.8,90,3
2031,2026-06-16 14:23:24+05:30,3151.0,1,3133.9,2804712,132468.0,197952.0,3163.0,3163.0,3108.0,3134.3,31880600,3447.7,2820.9,3839.9,2896.0,3150.6,70,5,3150.5,25,3,3150.4,15,2,3150.3,56,4,3150.2,71,4,3151.0,54,3,3151.2,27,4,3151.6,422,3,3151.7,400,2,3151.8,90,3
2031,2026-06-16 14:23:24+05:30,3151.0,1,3133.9,2804714,132626.0,197762.0,3163.0,3163.0,3108.0,3134.3,31880600,3447.7,2820.9,3839.9,2896.0,3150.9,17,1,3150.6,90,3,3150.5,20,2,3150.4,15,2,3150.3,57,5,3151.0,52,3,3151.2,27,4,3151.6,400,2,3151.7,400,2,3151.8,90,3
2031,2026-06-16 14:23:25+05:30,3151.0,34,3133.9,2804714,132626.0,197762.0,3163.0,3163.0,3108.0,3134.3,31880600,3447.7,2820.9,3839.9,2896.0,3150.9,17,1,3150.6,90,3,3150.5,20,2,3150.4,15,2,3150.3,57,5,3151.0,52,3,3151.2,27,4,3151.6,400,2,3151.7,400,2,3151.8,90,3
2031,2026-06-16 14:23:25+05:30,3151.2,6,3133.9,2804777,132735.0,196961.0,3163.0,3163.0,3108.0,3134.3,31880600,3447.7,2820.9,3839.9,2896.0,3151.0,23,2,3150.8,11,1,3150.7,5,1,3150.6,94,4,3150.5,28,3,3151.2,17,3,3151.7,400,2,3151.8,420,3,3152.0,443,8,3152.1,476,3
2031,2026-06-16 14:23:26+05:30,3151.0,9,3133.9,2804777,132735.0,196961.0,3163.0,3163.0,3108.0,3134.3,31880600,3447.7,2820.9,3839.9,2896.0,3151.0,23,2,3150.8,11,1,3150.7,5,1,3150.6,94,4,3150.5,28,3,3151.2,17,3,3151.7,400,2,3151.8,420,3,3152.0,443,8,3152.1,476,3
2031,2026-06-16 14:23:26+05:30,3151.0,9,3133.9,2804786,132772.0,196878.0,3163.0,3163.0,3108.0,3134.3,31880600,3447.7,2820.9,3839.9,2896.0,3151.0,18,4,3150.6,107,6,3150.5,28,3,3150.4,16,3,3150.3,139,6,3151.2,17,3,3151.7,400,2,3151.8,420,3,3152.0,443,8,3152.1,476,3
2031,2026-06-16 14:23:27+05:30,3151.0,1,3133.9,2804786,132772.0,196878.0,3163.0,3163.0,3108.0,3134.3,31880600,3447.7,2820.9,3839.9,2896.0,3151.0,18,4,3150.6,107,6,3150.5,28,3,3150.4,16,3,3150.3,139,6,3151.2,17,3,3151.7,400,2,3151.8,420,3,3152.0,443,8,3152.1,476,3
2031,2026-06-16 14:23:27+05:30,3151.0,1,3133.9,2804787,132627.0,196915.0,3163.0,3163.0,3108.0,3134.3,31880600,3447.7,2820.9,3839.9,2896.0,3151.1,16,1,3151.0,54,3,3150.9,12,1,3150.8,8,2,3150.7,5,1,3151.2,45,5,3151.7,400,2,3151.8,420,3,3152.0,443,8,3152.1,400,2
2031,2026-06-16 14:23:28+05:30,3151.1,2,3133.9,2804787,132627.0,196915.0,3163.0,3163.0,3108.0,3134.3,31880600,3447.7,2820.9,3839.9,2896.0,3151.1,16,1,3151.0,54,3,3150.9,12,1,3150.8,8,2,3150.7,5,1,3151.2,45,5,3151.7,400,2,3151.8,420,3,3152.0,443,8,3152.1,400,2
2031,2026-06-16 14:23:28+05:30,3151.1,2,3133.9,2804789,133009.0,197060.0,3163.0,3163.0,3108.0,3134.3,31880600,3447.7,2820.9,3839.9,2896.0,3151.1,14,1,3151.0,56,4,3150.8,4,1,3150.7,26,3,3150.6,129,8,3151.2,58,7,3151.7,400,2,3151.8,420,3,3152.0,443,8,3152.1,400,2
2031,2026-06-16 14:23:29+05:30,3151.2,1,3133.9,2804789,133009.0,197060.0,3163.0,3163.0,3108.0,3134.3,31880600,3447.7,2820.9,3839.9,2896.0,3151.1,14,1,3151.0,56,4,3150.8,4,1,3150.7,26,3,3150.6,129,8,3151.2,58,7,3151.7,400,2,3151.8,420,3,3152.0,443,8,3152.1,400,2
2031,2026-06-16 14:23:29+05:30,3151.2,1,3133.91,2804796,132470.0,197064.0,3163.0,3163.0,3108.0,3134.3,31880600,3447.7,2820.9,3839.9,2896.0,3151.1,9,1,3151.0,54,3,3150.7,21,2,3150.6,136,9,3150.5,13,2,3151.2,56,7,3151.7,400,2,3151.8,420,3,3152.0,443,8,3152.1,400,2
2031,2026-06-16 14:23:30+05:30,3150.8,7,3133.91,2804796,132470.0,197064.0,3163.0,3163.0,3108.0,3134.3,31880600,3447.7,2820.9,3839.9,2896.0,3151.1,9,1,3151.0,54,3,3150.7,21,2,3150.6,136,9,3150.5,13,2,3151.2,56,7,3151.7,400,2,3151.8,420,3,3152.0,443,8,3152.1,400,2
2031,2026-06-16 14:23:30+05:30,3150.9,2,3133.91,2805657,129483.0,199603.0,3163.0,3163.0,3108.0,3134.3,31880600,3447.7,2820.9,3839.9,2896.0,3150.0,4,2,3149.9,15,1,3149.6,12,1,3149.3,20,1,3149.1,43,3,3150.9,41,3,3151.0,156,6,3151.1,204,3,3151.2,447,4,3151.4,618,7
2031,2026-06-16 14:23:31+05:30,3150.9,2,3133.91,2805657,129483.0,199603.0,3163.0,3163.0,3108.0,3134.3,31880600,3447.7,2820.9,3839.9,2896.0,3150.0,4,2,3149.9,15,1,3149.6,12,1,3149.3,20,1,3149.1,43,3,3150.9,41,3,3151.0,156,6,3151.1,204,3,3151.2,447,4,3151.4,618,7
2031,2026-06-16 14:23:31+05:30,3149.9,26,3133.91,2805657,129483.0,199603.0,3163.0,3163.0,3108.0,3134.3,31880600,3447.7,2820.9,3839.9,2896.0,3150.0,4,2,3149.9,15,1,3149.6,12,1,3149.3,20,1,3149.1,43,3,3150.9,41,3,3151.0,156,6,3151.1,204,3,3151.2,447,4,3151.4,618,7
2031,2026-06-16 14:23:31+05:30,3149.9,26,3133.91,2805709,130396.0,200330.0,3163.0,3163.0,3108.0,3134.3,31880600,3447.7,2820.9,3839.9,2896.0,3149.9,17,2,3149.6,12,1,3149.3,20,1,3149.1,36,3,3149.0,22,2,3150.8,40,3,3150.9,41,3,3151.0,206,7,3151.1,204,3,3151.2,447,4
2031,2026-06-16 14:23:32+05:30,3150.9,1,3133.91,2805709,130396.0,200330.0,3163.0,3163.0,3108.0,3134.3,31880600,3447.7,2820.9,3839.9,2896.0,3149.9,17,2,3149.6,12,1,3149.3,20,1,3149.1,36,3,3149.0,22,2,3150.8,40,3,3150.9,41,3,3151.0,206,7,3151.1,204,3,3151.2,447,4
2031,2026-06-16 14:23:32+05:30,3150.9,1,3133.91,2805709,130396.0,200330.0,3163.0,3163.0,3108.0,3134.3,31880600,3447.7,2820.9,3839.9,2896.0,3149.9,17,2,3149.6,12,1,3149.3,20,1,3149.1,36,3,3149.0,22,2,3150.8,40,3,3150.9,41,3,3151.0,206,7,3151.1,204,3,3151.2,447,4
2031,2026-06-16 14:23:32+05:30,3150.9,1,3133.91,2805754,130538.0,199790.0,3163.0,3163.0,3108.0,3134.3,31880600,3447.7,2820.9,3839.9,2896.0,3149.9,17,2,3149.8,11,1,3149.7,68,3,3149.6,1,1,3149.5,12,1,3150.8,181,1,3150.9,16,2,3151.0,24,2,3151.1,31,3,3151.2,421,3
2031,2026-06-16 14:23:33+05:30,3150.9,1,3133.91,2805754,130662.0,199780.0,3163.0,3163.0,3108.0,3134.3,31880600,3447.7,2820.9,3839.9,2896.0,3149.9,17,2,3149.8,11,1,3149.7,68,3,3149.6,1,1,3149.5,12,1,3150.8,181,1,3150.9,16,2,3151.0,24,2,3151.1,61,3,3151.2,421,3
2031,2026-06-16 14:23:34+05:30,3150.8,1,3133.91,2805754,130662.0,199780.0,3163.0,3163.0,3108.0,3134.3,31880600,3447.7,2820.9,3839.9,2896.0,3149.9,17,2,3149.8,11,1,3149.7,68,3,3149.6,1,1,3149.5,12,1,3150.8,181,1,3150.9,16,2,3151.0,24,2,3151.1,61,3,3151.2,421,3
2031,2026-06-16 14:23:34+05:30,3150.8,1,3133.91,2805756,130629.0,199681.0,3163.0,3163.0,3108.0,3134.3,31880600,3447.7,2820.9,3839.9,2896.0,3149.9,18,3,3149.8,11,1,3149.7,61,2,3149.6,1,1,3149.5,12,1,3150.8,179,1,3150.9,16,2,3151.0,24,2,3151.1,61,3,3151.2,821,5
2031,2026-06-16 14:23:35+05:30,3150.8,1,3133.91,2805756,130629.0,199681.0,3163.0,3163.0,3108.0,3134.3,31880600,3447.7,2820.9,3839.9,2896.0,3149.9,18,3,3149.8,11,1,3149.7,61,2,3149.6,1,1,3149.5,12,1,3150.8,179,1,3150.9,16,2,3151.0,24,2,3151.1,61,3,3151.2,821,5
2031,2026-06-16 14:23:35+05:30,3149.9,116,3133.91,2805756,130629.0,199681.0,3163.0,3163.0,3108.0,3134.3,31880600,3447.7,2820.9,3839.9,2896.0,3149.9,18,3,3149.8,11,1,3149.7,61,2,3149.6,1,1,3149.5,12,1,3150.8,179,1,3150.9,16,2,3151.0,24,2,3151.1,61,3,3151.2,821,5
2031,2026-06-16 14:23:35+05:30,3149.9,116,3133.91,2805938,130580.0,199190.0,3163.0,3163.0,3108.0,3134.3,31880600,3447.7,2820.9,3839.9,2896.0,3149.8,32,2,3149.7,57,2,3149.6,63,4,3149.5,36,3,3149.4,39,3,3151.2,821,5,3151.3,450,3,3151.4,58,2,3151.5,349,7,3151.6,503,5
2031,2026-06-16 14:23:36+05:30,3151.2,26,3133.91,2805938,130580.0,199190.0,3163.0,3163.0,3108.0,3134.3,31880600,3447.7,2820.9,3839.9,2896.0,3149.8,32,2,3149.7,57,2,3149.6,63,4,3149.5,36,3,3149.4,39,3,3151.2,821,5,3151.3,450,3,3151.4,58,2,3151.5,349,7,3151.6,503,5
2031,2026-06-16 14:23:36+05:30,3151.2,26,3133.91,2805964,130668.0,199300.0,3163.0,3163.0,3108.0,3134.3,31880600,3447.7,2820.9,3839.9,2896.0,3149.9,58,4,3149.8,58,4,3149.7,58,3,3149.6,12,2,3149.5,17,2,3150.7,1,1,3151.2,794,5,3151.3,450,3,3151.4,58,2,3151.5,311,6
2031,2026-06-16 14:23:37+05:30,3151.2,26,3133.91,2805964,130668.0,199300.0,3163.0,3163.0,3108.0,3134.3,31880600,3447.7,2820.9,3839.9,2896.0,3149.9,58,4,3149.8,58,4,3149.7,58,3,3149.6,12,2,3149.5,17,2,3150.7,1,1,3151.2,794,5,3151.3,450,3,3151.4,58,2,3151.5,311,6
2031,2026-06-16 14:23:37+05:30,3150.7,2,3133.91,2805964,130668.0,199300.0,3163.0,3163.0,3108.0,3134.3,31880600,3447.7,2820.9,3839.9,2896.0,3149.9,58,4,3149.8,58,4,3149.7,58,3,3149.6,12,2,3149.5,17,2,3150.7,1,1,3151.2,794,5,3151.3,450,3,3151.4,58,2,3151.5,311,6
2031,2026-06-16 14:23:37+05:30,3150.7,2,3133.91,2805968,130840.0,199296.0,3163.0,3163.0,3108.0,3134.3,31880600,3447.7,2820.9,3839.9,2896.0,3150.2,1,1,3149.9,71,3,3149.8,39,2,3149.6,13,3,3149.5,17,2,3150.7,1,1,3151.2,794,5,3151.3,453,4,3151.4,21,1,3151.5,248,5
2031,2026-06-16 14:23:38+05:30,3151.2,13,3133.91,2805968,130840.0,199296.0,3163.0,3163.0,3108.0,3134.3,31880600,3447.7,2820.9,3839.9,2896.0,3150.2,1,1,3149.9,71,3,3149.8,39,2,3149.6,13,3,3149.5,17,2,3150.7,1,1,3151.2,794,5,3151.3,453,4,3151.4,21,1,3151.5,248,5
2031,2026-06-16 14:23:38+05:30,3150.7,1,3133.91,2805989,131098.0,199276.0,3163.0,3163.0,3108.0,3134.3,31880600,3447.7,2820.9,3839.9,2896.0,3150.2,1,1,3149.9,82,4,3149.8,51,3,3149.7,51,2,3149.6,12,2,3150.7,6,1,3151.2,761,4,3151.3,453,4,3151.4,21,1,3151.5,248,5
2031,2026-06-16 14:23:39+05:30,3150.7,1,3133.91,2805989,131098.0,199276.0,3163.0,3163.0,3108.0,3134.3,31880600,3447.7,2820.9,3839.9,2896.0,3150.2,1,1,3149.9,82,4,3149.8,51,3,3149.7,51,2,3149.6,12,2,3150.7,6,1,3151.2,761,4,3151.3,453,4,3151.4,21,1,3151.5,248,5
2031,2026-06-16 14:23:39+05:30,3149.9,1,3133.91,2805989,131098.0,199276.0,3163.0,3163.0,3108.0,3134.3,31880600,3447.7,2820.9,3839.9,2896.0,3150.2,1,1,3149.9,82,4,3149.8,51,3,3149.7,51,2,3149.6,12,2,3150.7,6,1,3151.2,761,4,3151.3,453,4,3151.4,21,1,3151.5,248,5
2031,2026-06-16 14:23:39+05:30,3150.7,1,3133.91,2806001,131078.0,199860.0,3163.0,3163.0,3108.0,3134.3,31880600,3447.7,2820.9,3839.9,2896.0,3150.1,12,1,3149.9,70,3,3149.8,35,2,3149.6,13,3,3149.5,46,3,3150.7,32,2,3151.2,1281,6,3151.3,453,4,3151.4,21,1,3151.5,279,6
2031,2026-06-16 14:23:40+05:30,3150.6,1,3133.91,2806001,131078.0,199860.0,3163.0,3163.0,3108.0,3134.3,31880600,3447.7,2820.9,3839.9,2896.0,3150.1,12,1,3149.9,70,3,3149.8,35,2,3149.6,13,3,3149.5,46,3,3150.7,32,2,3151.2,1281,6,3151.3,453,4,3151.4,21,1,3151.5,279,6
2031,2026-06-16 14:23:40+05:30,3150.6,1,3133.91,2806004,131120.0,199904.0,3163.0,3163.0,3108.0,3134.3,31880600,3447.7,2820.9,3839.9,2896.0,3150.1,12,1,3149.9,22,2,3149.8,35,2,3149.6,12,2,3149.5,46,3,3150.6,159,1,3150.7,50,2,3151.0,100,1,3151.2,1138,6,3151.3,453,4
2031,2026-06-16 14:23:41+05:30,3150.6,1,3133.91,2806004,131120.0,199904.0,3163.0,3163.0,3108.0,3134.3,31880600,3447.7,2820.9,3839.9,2896.0,3150.1,12,1,3149.9,22,2,3149.8,35,2,3149.6,12,2,3149.5,46,3,3150.6,159,1,3150.7,50,2,3151.0,100,1,3151.2,1138,6,3151.3,453,4
2031,2026-06-16 14:23:41+05:30,3150.1,1,3133.91,2806004,131120.0,199904.0,3163.0,3163.0,3108.0,3134.3,31880600,3447.7,2820.9,3839.9,2896.0,3150.1,12,1,3149.9,22,2,3149.8,35,2,3149.6,12,2,3149.5,46,3,3150.6,159,1,3150.7,50,2,3151.0,100,1,3151.2,1138,6,3151.3,453,4
2031,2026-06-16 14:23:41+05:30,3150.1,1,3133.91,2806006,131007.0,199903.0,3163.0,3163.0,3108.0,3134.3,31880600,3447.7,2820.9,3839.9,2896.0,3150.1,10,1,3149.8,15,1,3149.6,21,2,3149.5,41,2,3149.4,90,4,3150.6,159,1,3150.7,27,2,3151.0,150,2,3151.1,55,1,3151.2,1138,6
2031,2026-06-16 14:23:42+05:30,3150.1,1,3133.91,2806006,131007.0,199903.0,3163.0,3163.0,3108.0,3134.3,31880600,3447.7,2820.9,3839.9,2896.0,3150.1,10,1,3149.8,15,1,3149.6,21,2,3149.5,41,2,3149.4,90,4,3150.6,159,1,3150.7,27,2,3151.0,150,2,3151.1,55,1,3151.2,1138,6
2031,2026-06-16 14:23:42+05:30,3150.1,1,3133.91,2806006,130872.0,199908.0,3163.0,3163.0,3108.0,3134.3,31880600,3447.7,2820.9,3839.9,2896.0,3150.1,10,1,3149.8,15,1,3149.6,21,2,3149.5,41,2,3149.4,90,4,3150.6,183,2,3150.7,27,2,3151.0,150,2,3151.1,55,1,3151.2,1138,6
2031,2026-06-16 14:23:43+05:30,3150.1,1,3133.91,2806006,130872.0,199908.0,3163.0,3163.0,3108.0,3134.3,31880600,3447.7,2820.9,3839.9,2896.0,3150.1,10,1,3149.8,15,1,3149.6,21,2,3149.5,41,2,3149.4,90,4,3150.6,183,2,3150.7,27,2,3151.0,150,2,3151.1,55,1,3151.2,1138,6
2031,2026-06-16 14:23:43+05:30,3150.1,4,3133.91,2806006,130872.0,199908.0,3163.0,3163.0,3108.0,3134.3,31880600,3447.7,2820.9,3839.9,2896.0,3150.1,10,1,3149.8,15,1,3149.6,21,2,3149.5,41,2,3149.4,90,4,3150.6,183,2,3150.7,27,2,3151.0,150,2,3151.1,55,1,3151.2,1138,6
2031,2026-06-16 14:23:43+05:30,3150.1,4,3133.91,2806010,130957.0,200109.0,3163.0,3163.0,3108.0,3134.3,31880600,3447.7,2820.9,3839.9,2896.0,3150.3,17,1,3149.8,15,1,3149.6,21,2,3149.5,29,1,3149.4,17,1,3150.6,230,3,3150.7,127,3,3150.8,27,1,3150.9,16,1,3151.0,171,3
2031,2026-06-16 14:23:43+05:30,3150.1,4,3133.91,2806010,130957.0,200109.0,3163.0,3163.0,3108.0,3134.3,31880600,3447.7,2820.9,3839.9,2896.0,3150.3,17,1,3149.8,15,1,3149.6,21,2,3149.5,29,1,3149.4,17,1,3150.6,230,3,3150.7,127,3,3150.8,27,1,3150.9,16,1,3151.0,171,3
2031,2026-06-16 14:23:44+05:30,3150.1,4,3133.91,2806010,130957.0,200109.0,3163.0,3163.0,3108.0,3134.3,31880600,3447.7,2820.9,3839.9,2896.0,3150.3,17,1,3149.8,15,1,3149.6,21,2,3149.5,29,1,3149.4,17,1,3150.6,230,3,3150.7,127,3,3150.8,27,1,3150.9,16,1,3151.0,171,3
2031,2026-06-16 14:23:44+05:30,3150.3,100,3133.91,2806010,130957.0,200109.0,3163.0,3163.0,3108.0,3134.3,31880600,3447.7,2820.9,3839.9,2896.0,3150.3,17,1,3149.8,15,1,3149.6,21,2,3149.5,29,1,3149.4,17,1,3150.6,230,3,3150.7,127,3,3150.8,27,1,3150.9,16,1,3151.0,171,3
2031,2026-06-16 14:23:44+05:30,3150.3,100,3133.91,2806110,130922.0,199956.0,3163.0,3163.0,3108.0,3134.3,31880600,3447.7,2820.9,3839.9,2896.0,3150.3,17,1,3149.8,15,1,3149.6,1,1,3149.5,29,1,3149.4,17,1,3150.6,230,3,3150.7,127,3,3150.8,27,1,3150.9,16,1,3151.0,184,3
2031,2026-06-16 14:23:44+05:30,3150.3,100,3133.91,2806110,130922.0,199956.0,3163.0,3163.0,3108.0,3134.3,31880600,3447.7,2820.9,3839.9,2896.0,3150.3,17,1,3149.8,15,1,3149.6,1,1,3149.5,29,1,3149.4,17,1,3150.6,230,3,3150.7,127,3,3150.8,27,1,3150.9,16,1,3151.0,184,3
2031,2026-06-16 14:23:45+05:30,3150.2,1,3133.91,2806110,130922.0,199956.0,3163.0,3163.0,3108.0,3134.3,31880600,3447.7,2820.9,3839.9,2896.0,3150.3,17,1,3149.8,15,1,3149.6,1,1,3149.5,29,1,3149.4,17,1,3150.6,230,3,3150.7,127,3,3150.8,27,1,3150.9,16,1,3151.0,184,3
2031,2026-06-16 14:23:45+05:30,3149.8,1,3133.91,2806197,130638.0,200420.0,3163.0,3163.0,3108.0,3134.3,31880600,3447.7,2820.9,3839.9,2896.0,3149.8,15,2,3149.3,3,1,3149.2,17,1,3149.1,112,4,3149.0,31,3,3150.2,141,1,3150.3,132,1,3150.6,71,2,3150.7,177,4,3150.8,38,1
2031,2026-06-16 14:23:45+05:30,3149.8,1,3133.91,2806197,130638.0,200420.0,3163.0,3163.0,3108.0,3134.3,31880600,3447.7,2820.9,3839.9,2896.0,3149.8,15,2,3149.3,3,1,3149.2,17,1,3149.1,112,4,3149.0,31,3,3150.2,141,1,3150.3,132,1,3150.6,71,2,3150.7,177,4,3150.8,38,1
2031,2026-06-16 14:23:46+05:30,3149.8,9,3133.91,2806197,130638.0,200420.0,3163.0,3163.0,3108.0,3134.3,31880600,3447.7,2820.9,3839.9,2896.0,3149.8,15,2,3149.3,3,1,3149.2,17,1,3149.1,112,4,3149.0,31,3,3150.2,141,1,3150.3,132,1,3150.6,71,2,3150.7,177,4,3150.8,38,1
2031,2026-06-16 14:23:46+05:30,3149.8,9,3133.91,2806219,130555.0,200592.0,3163.0,3163.0,3108.0,3134.3,31880600,3447.7,2820.9,3839.9,2896.0,3149.8,6,2,3149.2,17,1,3149.1,49,1,3149.0,31,3,3148.9,36,2,3150.2,128,1,3150.3,132,1,3150.5,76,2,3150.6,47,1,3150.7,226,5
2031,2026-06-16 14:23:46+05:30,3149.8,9,3133.91,2806219,130555.0,200592.0,3163.0,3163.0,3108.0,3134.3,31880600,3447.7,2820.9,3839.9,2896.0,3149.8,6,2,3149.2,17,1,3149.1,49,1,3149.0,31,3,3148.9,36,2,3150.2,128,1,3150.3,132,1,3150.5,76,2,3150.6,47,1,3150.7,226,5
2031,2026-06-16 14:23:47+05:30,3149.8,9,3133.91,2806219,130555.0,200592.0,3163.0,3163.0,3108.0,3134.3,31880600,3447.7,2820.9,3839.9,2896.0,3149.8,6,2,3149.2,17,1,3149.1,49,1,3149.0,31,3,3148.9,36,2,3150.2,128,1,3150.3,132,1,3150.5,76,2,3150.6,47,1,3150.7,226,5
2031,2026-06-16 14:23:47+05:30,3149.8,9,3133.91,2806219,129967.0,200644.0,3163.0,3163.0,3108.0,3134.3,31880600,3447.7,2820.9,3839.9,2896.0,3149.8,6,2,3149.1,49,1,3149.0,30,2,3148.9,36,2,3148.8,207,6,3150.2,186,3,3150.3,132,1,3150.5,126,3,3150.6,47,1,3150.7,259,6
2031,2026-06-16 14:23:48+05:30,3149.8,9,3133.91,2806219,129967.0,200644.0,3163.0,3163.0,3108.0,3134.3,31880600,3447.7,2820.9,3839.9,2896.0,3149.8,6,2,3149.1,49,1,3149.0,30,2,3148.9,36,2,3148.8,207,6,3150.2,186,3,3150.3,132,1,3150.5,126,3,3150.6,47,1,3150.7,259,6
2031,2026-06-16 14:23:48+05:30,3150.2,11,3133.91,2806219,129967.0,200644.0,3163.0,3163.0,3108.0,3134.3,31880600,3447.7,2820.9,3839.9,2896.0,3149.8,6,2,3149.1,49,1,3149.0,30,2,3148.9,36,2,3148.8,207,6,3150.2,186,3,3150.3,132,1,3150.5,126,3,3150.6,47,1,3150.7,259,6
2031,2026-06-16 14:23:48+05:30,3150.2,11,3133.91,2806230,130574.0,200599.0,3163.0,3163.0,3108.0,3134.3,31880600,3447.7,2820.9,3839.9,2896.0,3149.8,6,2,3149.1,69,2,3149.0,30,2,3148.9,36,2,3148.8,257,7,3150.2,175,3,3150.3,159,2,3150.5,126,3,3150.6,47,1,3150.7,259,6
2031,2026-06-16 14:23:49+05:30,3150.2,11,3133.91,2806230,130574.0,200599.0,3163.0,3163.0,3108.0,3134.3,31880600,3447.7,2820.9,3839.9,2896.0,3149.8,6,2,3149.1,69,2,3149.0,30,2,3148.9,36,2,3148.8,257,7,3150.2,175,3,3150.3,159,2,3150.5,126,3,3150.6,47,1,3150.7,259,6
2031,2026-06-16 14:23:49+05:30,3150.2,5,3133.91,2806230,130574.0,200599.0,3163.0,3163.0,3108.0,3134.3,31880600,3447.7,2820.9,3839.9,2896.0,3149.8,6,2,3149.1,69,2,3149.0,30,2,3148.9,36,2,3148.8,257,7,3150.2,175,3,3150.3,159,2,3150.5,126,3,3150.6,47,1,3150.7,259,6
2031,2026-06-16 14:23:49+05:30,3150.2,5,3133.91,2806386,130172.0,200378.0,3163.0,3163.0,3108.0,3134.3,31880600,3447.7,2820.9,3839.9,2896.0,3149.8,7,3,3149.1,89,3,3149.0,83,5,3148.9,81,3,3148.8,92,5,3150.2,19,1,3150.3,132,1,3150.6,47,1,3150.7,209,5,3150.8,134,4
2031,2026-06-16 14:23:49+05:30,3150.2,5,3133.91,2806386,130172.0,200378.0,3163.0,3163.0,3108.0,3134.3,31880600,3447.7,2820.9,3839.9,2896.0,3149.8,7,3,3149.1,89,3,3149.0,83,5,3148.9,81,3,3148.8,92,5,3150.2,19,1,3150.3,132,1,3150.6,47,1,3150.7,209,5,3150.8,134,4
2031,2026-06-16 14:23:50+05:30,3150.2,1,3133.91,2806386,130172.0,200378.0,3163.0,3163.0,3108.0,3134.3,31880600,3447.7,2820.9,3839.9,2896.0,3149.8,7,3,3149.1,89,3,3149.0,83,5,3148.9,81,3,3148.8,92,5,3150.2,19,1,3150.3,132,1,3150.6,47,1,3150.7,209,5,3150.8,134,4
2031,2026-06-16 14:23:50+05:30,3150.2,11,3133.91,2806448,130058.0,200541.0,3163.0,3163.0,3108.0,3134.3,31880600,3447.7,2820.9,3839.9,2896.0,3149.8,12,3,3149.1,20,1,3149.0,20,2,3148.9,21,1,3148.8,78,3,3150.2,15,3,3150.3,170,2,3150.4,33,1,3150.6,162,4,3150.7,577,6
2031,2026-06-16 14:23:50+05:30,3150.2,11,3133.91,2806448,130058.0,200541.0,3163.0,3163.0,3108.0,3134.3,31877600,3447.7,2820.9,3839.9,2896.0,3149.8,12,3,3149.1,20,1,3149.0,20,2,3148.9,21,1,3148.8,78,3,3150.2,15,3,3150.3,170,2,3150.4,33,1,3150.6,162,4,3150.7,577,6
2031,2026-06-16 14:23:51+05:30,3150.2,1,3133.91,2806448,130058.0,200541.0,3163.0,3163.0,3108.0,3134.3,31877600,3447.7,2820.9,3839.9,2896.0,3149.8,12,3,3149.1,20,1,3149.0,20,2,3148.9,21,1,3148.8,78,3,3150.2,15,3,3150.3,170,2,3150.4,33,1,3150.6,162,4,3150.7,577,6
2031,2026-06-16 14:23:51+05:30,3150.2,1,3133.91,2806476,130117.0,200600.0,3163.0,3163.0,3108.0,3134.3,31877600,3447.7,2820.9,3839.9,2896.0,3149.8,12,3,3149.1,26,2,3149.0,15,2,3148.9,21,1,3148.8,117,3,3150.2,7,1,3150.3,132,1,3150.6,129,3,3150.7,177,4,3150.8,484,5
2031,2026-06-16 14:23:52+05:30,3149.8,1,3133.91,2806476,130117.0,200600.0,3163.0,3163.0,3108.0,3134.3,31877600,3447.7,2820.9,3839.9,2896.0,3149.8,12,3,3149.1,26,2,3149.0,15,2,3148.9,21,1,3148.8,117,3,3150.2,7,1,3150.3,132,1,3150.6,129,3,3150.7,177,4,3150.8,484,5
2031,2026-06-16 14:23:52+05:30,3149.8,1,3133.92,2806489,130887.0,200482.0,3163.0,3163.0,3108.0,3134.3,31877600,3447.7,2820.9,3839.9,2896.0,3149.8,10,2,3149.1,26,2,3149.0,182,3,3148.9,79,3,3148.8,118,4,3150.3,127,1,3150.6,91,2,3150.7,177,4,3150.8,421,3,3150.9,287,4
2031,2026-06-16 14:23:53+05:30,3149.8,3,3133.92,2806534,130916.0,200480.0,3163.0,3163.0,3108.0,3134.3,31877600,3447.7,2820.9,3839.9,2896.0,3149.8,30,3,3149.1,26,2,3149.0,182,3,3148.9,79,3,3148.8,118,4,3150.3,127,1,3150.6,91,2,3150.7,177,4,3150.8,421,3,3150.9,287,4
2031,2026-06-16 14:23:54+05:30,3149.8,27,3133.92,2806534,130916.0,200480.0,3163.0,3163.0,3108.0,3134.3,31877600,3447.7,2820.9,3839.9,2896.0,3149.8,30,3,3149.1,26,2,3149.0,182,3,3148.9,79,3,3148.8,118,4,3150.3,127,1,3150.6,91,2,3150.7,177,4,3150.8,421,3,3150.9,287,4
2031,2026-06-16 14:23:54+05:30,3149.8,27,3133.92,2806746,130801.0,200285.0,3163.0,3163.0,3108.0,3134.3,31877600,3447.7,2820.9,3839.9,2896.0,3149.8,22,3,3149.2,5,3,3149.1,26,2,3149.0,168,3,3148.9,142,5,3150.1,8,1,3150.2,3,1,3150.3,128,2,3150.6,91,2,3150.7,176,3
2031,2026-06-16 14:23:55+05:30,3150.1,19,3133.92,2806746,130801.0,200285.0,3163.0,3163.0,3108.0,3134.3,31877600,3447.7,2820.9,3839.9,2896.0,3149.8,22,3,3149.2,5,3,3149.1,26,2,3149.0,168,3,3148.9,142,5,3150.1,8,1,3150.2,3,1,3150.3,128,2,3150.6,91,2,3150.7,176,3
2031,2026-06-16 14:23:55+05:30,3150.1,1,3133.92,2806779,130817.0,200349.0,3163.0,3163.0,3108.0,3134.3,31877600,3447.7,2820.9,3839.9,2896.0,3149.8,19,3,3149.2,2,2,3149.1,76,3,3149.0,168,3,3148.9,142,5,3150.1,20,1,3150.3,128,2,3150.6,91,2,3150.7,164,3,3150.8,499,6
2031,2026-06-16 14:23:56+05:30,3149.8,9,3133.92,2806779,130817.0,200349.0,3163.0,3163.0,3108.0,3134.3,31877600,3447.7,2820.9,3839.9,2896.0,3149.8,19,3,3149.2,2,2,3149.1,76,3,3149.0,168,3,3148.9,142,5,3150.1,20,1,3150.3,128,2,3150.6,91,2,3150.7,164,3,3150.8,499,6
2031,2026-06-16 14:23:56+05:30,3149.8,9,3133.92,2806793,130838.0,199961.0,3163.0,3163.0,3108.0,3134.3,31877600,3447.7,2820.9,3839.9,2896.0,3149.8,10,3,3149.2,2,2,3149.1,20,1,3149.0,168,3,3148.9,142,5,3150.1,15,1,3150.3,128,2,3150.6,141,3,3150.7,164,3,3150.8,74,3
2031,2026-06-16 14:23:57+05:30,3150.1,5,3133.92,2806793,130838.0,199961.0,3163.0,3163.0,3108.0,3134.3,31877600,3447.7,2820.9,3839.9,2896.0,3149.8,10,3,3149.2,2,2,3149.1,20,1,3149.0,168,3,3148.9,142,5,3150.1,15,1,3150.3,128,2,3150.6,141,3,3150.7,164,3,3150.8,74,3
2031,2026-06-16 14:23:57+05:30,3150.1,5,3133.92,2806827,130930.0,200268.0,3163.0,3163.0,3108.0,3134.3,31877600,3447.7,2820.9,3839.9,2896.0,3149.8,9,2,3149.2,52,3,3149.1,35,3,3149.0,165,2,3148.9,192,7,3150.1,14,1,3150.3,128,2,3150.6,91,2,3150.7,126,2,3150.8,24,2
2031,2026-06-16 14:23:58+05:30,3150.1,1,3133.92,2806827,130930.0,200268.0,3163.0,3163.0,3108.0,3134.3,31877600,3447.7,2820.9,3839.9,2896.0,3149.8,9,2,3149.2,52,3,3149.1,35,3,3149.0,165,2,3148.9,192,7,3150.1,14,1,3150.3,128,2,3150.6,91,2,3150.7,126,2,3150.8,24,2
2031,2026-06-16 14:23:58+05:30,3150.1,1,3133.92,2806829,130852.0,200326.0,3163.0,3163.0,3108.0,3134.3,31877600,3447.7,2820.9,3839.9,2896.0,3149.8,9,2,3149.2,2,2,3149.1,35,3,3149.0,165,2,3148.9,191,6,3150.1,17,2,3150.3,128,2,3150.6,91,2,3150.7,158,3,3150.8,74,3
2031,2026-06-16 14:23:59+05:30,3150.1,5,3133.92,2806829,130852.0,200326.0,3163.0,3163.0,3108.0,3134.3,31877600,3447.7,2820.9,3839.9,2896.0,3149.8,9,2,3149.2,2,2,3149.1,35,3,3149.0,165,2,3148.9,191,6,3150.1,17,2,3150.3,128,2,3150.6,91,2,3150.7,158,3,3150.8,74,3
2031,2026-06-16 14:23:59+05:30,3149.1,1,3133.92,2806914,129954.0,201001.0,3163.0,3163.0,3108.0,3134.3,31877600,3447.7,2820.9,3839.9,2896.0,3148.9,49,1,3148.8,12,1,3148.7,8,2,3148.6,18,2,3148.5,212,4,3150.1,12,2,3150.3,128,2,3150.4,22,1,3150.5,38,1,3150.6,164,5
2031,2026-06-16 14:24:00+05:30,3149.1,1,3133.92,2806914,129954.0,201001.0,3163.0,3163.0,3108.0,3134.3,31877600,3447.7,2820.9,3839.9,2896.0,3148.9,49,1,3148.8,12,1,3148.7,8,2,3148.6,18,2,3148.5,212,4,3150.1,12,2,3150.3,128,2,3150.4,22,1,3150.5,38,1,3150.6,164,5
2031,2026-06-16 14:24:00+05:30,3149.1,1,3133.92,2806914,129881.0,200870.0,3163.0,3163.0,3108.0,3134.3,31877600,3447.7,2820.9,3839.9,2896.0,3149.8,17,2,3149.5,2,2,3149.2,5,1,3148.9,60,2,3148.8,12,1,3150.1,13,3,3150.3,128,2,3150.6,564,7,3150.7,608,6,3150.8,161,5
2031,2026-06-16 14:24:01+05:30,3150.1,1,3133.92,2806914,129881.0,200870.0,3163.0,3163.0,3108.0,3134.3,31877600,3447.7,2820.9,3839.9,2896.0,3149.8,17,2,3149.5,2,2,3149.2,5,1,3148.9,60,2,3148.8,12,1,3150.1,13,3,3150.3,128,2,3150.6,564,7,3150.7,608,6,3150.8,161,5
2031,2026-06-16 14:24:01+05:30,3150.1,1,3133.92,2806915,130088.0,200858.0,3163.0,3163.0,3108.0,3134.3,31877600,3447.7,2820.9,3839.9,2896.0,3149.8,17,2,3149.5,2,2,3149.2,5,1,3148.9,81,3,3148.8,12,1,3150.1,12,3,3150.3,128,2,3150.6,544,6,3150.7,608,6,3150.8,161,5
2031,2026-06-16 14:24:02+05:30,3149.9,12,3133.92,2806915,130088.0,200858.0,3163.0,3163.0,3108.0,3134.3,31877600,3447.7,2820.9,3839.9,2896.0,3149.8,17,2,3149.5,2,2,3149.2,5,1,3148.9,81,3,3148.8,12,1,3150.1,12,3,3150.3,128,2,3150.6,544,6,3150.7,608,6,3150.8,161,5
2031,2026-06-16 14:24:02+05:30,3149.9,12,3133.92,2806927,129969.0,200691.0,3163.0,3163.0,3108.0,3134.3,31877600,3447.7,2820.9,3839.9,2896.0,3149.8,17,2,3149.5,2,2,3149.3,6,1,3149.2,5,1,3148.9,32,2,3149.9,115,1,3150.0,100,1,3150.1,39,4,3150.3,1,1,3150.6,497,5
2031,2026-06-16 14:24:03+05:30,3149.9,59,3133.92,2806927,129969.0,200691.0,3163.0,3163.0,3108.0,3134.3,31877600,3447.7,2820.9,3839.9,2896.0,3149.8,17,2,3149.5,2,2,3149.3,6,1,3149.2,5,1,3148.9,32,2,3149.9,115,1,3150.0,100,1,3150.1,39,4,3150.3,1,1,3150.6,497,5
2031,2026-06-16 14:24:03+05:30,3149.9,26,3133.92,2807153,128619.0,200380.0,3163.0,3163.0,3108.0,3134.3,31877600,3447.7,2820.9,3839.9,2896.0,3149.8,1,1,3149.5,2,2,3149.2,5,1,3148.9,32,2,3148.8,12,1,3149.9,115,1,3150.0,123,3,3150.1,27,5,3150.2,22,1,3150.3,1,1
2031,2026-06-16 14:24:04+05:30,3149.8,1,3133.92,2807153,128619.0,200380.0,3163.0,3163.0,3108.0,3134.3,31877600,3447.7,2820.9,3839.9,2896.0,3149.8,1,1,3149.5,2,2,3149.2,5,1,3148.9,32,2,3148.8,12,1,3149.9,115,1,3150.0,123,3,3150.1,27,5,3150.2,22,1,3150.3,1,1
2031,2026-06-16 14:24:04+05:30,3149.8,1,3133.92,2807154,129618.0,200534.0,3163.0,3163.0,3108.0,3134.3,31877600,3447.7,2820.9,3839.9,2896.0,3149.8,40,3,3149.5,2,2,3149.2,5,1,3148.9,34,2,3148.7,33,2,3149.9,143,3,3150.0,112,2,3150.1,27,5,3150.3,48,1,3150.4,33,1
2031,2026-06-16 14:24:05+05:30,3149.9,1,3133.92,2807154,129618.0,200534.0,3163.0,3163.0,3108.0,3134.3,31877600,3447.7,2820.9,3839.9,2896.0,3149.8,40,3,3149.5,2,2,3149.2,5,1,3148.9,34,2,3148.7,33,2,3149.9,143,3,3150.0,112,2,3150.1,27,5,3150.3,48,1,3150.4,33,1
2031,2026-06-16 14:24:05+05:30,3149.9,1,3133.92,2807155,129665.0,200501.0,3163.0,3163.0,3108.0,3134.3,31877600,3447.7,2820.9,3839.9,2896.0,3149.8,42,5,3149.2,5,1,3149.0,12,1,3148.9,48,3,3148.8,3,1,3149.9,142,3,3150.0,112,2,3150.1,27,5,3150.6,497,5,3150.7,426,3
2031,2026-06-16 14:24:06+05:30,3149.8,8,3133.92,2807155,129665.0,200501.0,3163.0,3163.0,3108.0,3134.3,31877600,3447.7,2820.9,3839.9,2896.0,3149.8,42,5,3149.2,5,1,3149.0,12,1,3148.9,48,3,3148.8,3,1,3149.9,142,3,3150.0,112,2,3150.1,27,5,3150.6,497,5,3150.7,426,3
2031,2026-06-16 14:24:06+05:30,3149.8,8,3133.92,2807193,129724.0,200522.0,3163.0,3163.0,3108.0,3134.3,31877600,3447.7,2820.9,3839.9,2896.0,3149.8,34,5,3149.2,5,1,3149.0,12,1,3148.9,48,3,3148.8,3,1,3149.9,114,3,3150.0,112,2,3150.1,27,5,3150.6,497,5,3150.7,426,3
2031,2026-06-16 14:24:07+05:30,3148.9,4,3133.92,2807193,129724.0,200522.0,3163.0,3163.0,3108.0,3134.3,31877600,3447.7,2820.9,3839.9,2896.0,3149.8,34,5,3149.2,5,1,3149.0,12,1,3148.9,48,3,3148.8,3,1,3149.9,114,3,3150.0,112,2,3150.1,27,5,3150.6,497,5,3150.7,426,3
2031,2026-06-16 14:24:07+05:30,3148.9,4,3133.92,2807321,129635.0,201397.0,3163.0,3163.0,3108.0,3134.3,31877600,3447.7,2820.9,3839.9,2896.0,3149.2,3,1,3149.1,14,2,3149.0,32,3,3148.9,25,2,3148.8,14,2,3149.8,200,1,3149.9,110,3,3150.0,100,1,3150.1,27,5,3150.4,21,1
2031,2026-06-16 14:24:08+05:30,3149.7,1,3133.92,2807321,129635.0,201397.0,3163.0,3163.0,3108.0,3134.3,31877600,3447.7,2820.9,3839.9,2896.0,3149.2,3,1,3149.1,14,2,3149.0,32,3,3148.9,25,2,3148.8,14,2,3149.8,200,1,3149.9,110,3,3150.0,100,1,3150.1,27,5,3150.4,21,1
2031,2026-06-16 14:24:08+05:30,3149.7,1,3133.92,2807359,129198.0,201237.0,3163.0,3163.0,3108.0,3134.3,31877600,3447.7,2820.9,3839.9,2896.0,3149.7,1,1,3149.1,17,1,3148.9,1,1,3148.8,14,2,3148.7,120,5,3149.8,180,1,3149.9,83,2,3150.0,100,1,3150.1,25,3,3150.3,86,2
2031,2026-06-16 14:24:09+05:30,3149.7,3,3133.92,2807359,129198.0,201237.0,3163.0,3163.0,3108.0,3134.3,31877600,3447.7,2820.9,3839.9,2896.0,3149.7,1,1,3149.1,17,1,3148.9,1,1,3148.8,14,2,3148.7,120,5,3149.8,180,1,3149.9,83,2,3150.0,100,1,3150.1,25,3,3150.3,86,2
2031,2026-06-16 14:24:09+05:30,3149.1,16,3133.92,2807403,129234.0,202077.0,3163.0,3163.0,3108.0,3134.3,31877600,3447.7,2820.9,3839.9,2896.0,3149.1,1,1,3148.8,3,1,3148.7,63,1,3148.6,20,1,3148.5,109,5,3149.7,33,1,3149.8,239,3,3149.9,115,3,3150.0,218,4,3150.1,25,3
2031,2026-06-16 14:24:10+05:30,3149.1,16,3133.92,2807403,129234.0,202077.0,3163.0,3163.0,3108.0,3134.3,31877600,3447.7,2820.9,3839.9,2896.0,3149.1,1,1,3148.8,3,1,3148.7,63,1,3148.6,20,1,3148.5,109,5,3149.7,33,1,3149.8,239,3,3149.9,115,3,3150.0,218,4,3150.1,25,3
2031,2026-06-16 14:24:10+05:30,3149.1,16,3133.92,2807475,129121.0,202041.0,3163.0,3163.0,3108.0,3134.3,31877600,3447.7,2820.9,3839.9,2896.0,3148.8,24,3,3148.6,20,1,3148.5,87,4,3148.4,107,4,3148.3,34,3,3149.4,34,1,3149.5,32,1,3149.6,32,1,3149.7,32,1,3149.8,197,2
2031,2026-06-16 14:24:11+05:30,3149.2,1,3133.92,2807475,129121.0,202041.0,3163.0,3163.0,3108.0,3134.3,31877600,3447.7,2820.9,3839.9,2896.0,3148.8,24,3,3148.6,20,1,3148.5,87,4,3148.4,107,4,3148.3,34,3,3149.4,34,1,3149.5,32,1,3149.6,32,1,3149.7,32,1,3149.8,197,2
2031,2026-06-16 14:24:11+05:30,3149.2,1,3133.92,2807536,129153.0,201575.0,3163.0,3163.0,3108.0,3134.3,31877600,3447.7,2820.9,3839.9,2896.0,3148.8,33,4,3148.7,4,1,3148.6,102,5,3148.5,100,6,3148.4,131,6,3149.2,19,1,3149.3,32,1,3149.5,32,1,3149.7,34,1,3149.8,197,2
2031,2026-06-16 14:24:12+05:30,3148.9,8,3133.92,2807536,129153.0,201575.0,3163.0,3163.0,3108.0,3134.3,31877600,3447.7,2820.9,3839.9,2896.0,3148.8,33,4,3148.7,4,1,3148.6,102,5,3148.5,100,6,3148.4,131,6,3149.2,19,1,3149.3,32,1,3149.5,32,1,3149.7,34,1,3149.8,197,2
2031,2026-06-16 14:24:12+05:30,3148.9,12,3133.92,2807651,128713.0,201174.0,3163.0,3163.0,3108.0,3134.3,31877600,3447.7,2820.9,3839.9,2896.0,3148.8,27,4,3148.7,4,2,3148.6,53,3,3148.5,105,6,3148.4,118,4,3148.9,37,2,3149.1,32,1,3149.2,37,2,3149.3,32,1,3149.7,43,2
2031,2026-06-16 14:24:13+05:30,3148.8,6,3133.92,2807651,128713.0,201174.0,3163.0,3163.0,3108.0,3134.3,31877600,3447.7,2820.9,3839.9,2896.0,3148.8,27,4,3148.7,4,2,3148.6,53,3,3148.5,105,6,3148.4,118,4,3148.9,37,2,3149.1,32,1,3149.2,37,2,3149.3,32,1,3149.7,43,2
2031,2026-06-16 14:24:13+05:30,3148.8,3,3133.92,2807772,127900.0,200986.0,3163.0,3163.0,3108.0,3134.3,31877600,3447.7,2820.9,3839.9,2896.0,3148.8,4,1,3148.6,11,1,3148.5,10,1,3148.3,14,2,3148.2,20,3,3148.9,30,2,3149.1,32,1,3149.2,37,2,3149.3,32,1,3149.7,42,2
2031,2026-06-16 14:24:14+05:30,3148.2,20,3133.92,2807772,127900.0,200986.0,3163.0,3163.0,3108.0,3134.3,31877600,3447.7,2820.9,3839.9,2896.0,3148.8,4,1,3148.6,11,1,3148.5,10,1,3148.3,14,2,3148.2,20,3,3148.9,30,2,3149.1,32,1,3149.2,37,2,3149.3,32,1,3149.7,42,2
2031,2026-06-16 14:24:14+05:30,3148.8,5,3133.92,2808102,129061.0,200387.0,3163.0,3163.0,3108.0,3134.3,31877600,3447.7,2820.9,3839.9,2896.0,3148.8,77,6,3148.7,52,3,3148.6,66,5,3148.5,94,8,3148.4,16,2,3149.1,3,1,3149.2,19,1,3149.7,34,1,3149.8,170,1,3149.9,1,1
2031,2026-06-16 14:24:15+05:30,3149.2,11,3133.92,2808102,129061.0,200387.0,3163.0,3163.0,3108.0,3134.3,31877600,3447.7,2820.9,3839.9,2896.0,3148.8,77,6,3148.7,52,3,3148.6,66,5,3148.5,94,8,3148.4,16,2,3149.1,3,1,3149.2,19,1,3149.7,34,1,3149.8,170,1,3149.9,1,1
2031,2026-06-16 14:24:15+05:30,3148.6,8,3133.93,2808335,128478.0,200962.0,3163.0,3163.0,3108.0,3134.3,31877600,3447.7,2820.9,3839.9,2896.0,3148.7,11,1,3148.5,42,4,3148.4,23,3,3148.3,81,4,3148.2,111,6,3149.2,8,1,3149.7,34,1,3149.8,190,2,3149.9,1,1,3150.0,210,3
2031,2026-06-16 14:24:16+05:30,3148.7,9,3133.93,2808335,128478.0,200962.0,3163.0,3163.0,3108.0,3134.3,31877600,3447.7,2820.9,3839.9,2896.0,3148.7,11,1,3148.5,42,4,3148.4,23,3,3148.3,81,4,3148.2,111,6,3149.2,8,1,3149.7,34,1,3149.8,190,2,3149.9,1,1,3150.0,210,3
2031,2026-06-16 14:24:16+05:30,3149.7,9,3133.93,2808578,129525.0,200210.0,3163.0,3163.0,3108.0,3134.3,31877600,3447.7,2820.9,3839.9,2896.0,3148.9,46,4,3148.8,37,4,3148.7,72,7,3148.6,60,6,3148.5,103,5,3149.7,25,1,3149.8,170,1,3149.9,1,1,3150.0,90,1,3150.1,14,3
2031,2026-06-16 14:24:17+05:30,3148.7,3,3133.93,2808578,129525.0,200210.0,3163.0,3163.0,3108.0,3134.3,31877600,3447.7,2820.9,3839.9,2896.0,3148.9,46,4,3148.8,37,4,3148.7,72,7,3148.6,60,6,3148.5,103,5,3149.7,25,1,3149.8,170,1,3149.9,1,1,3150.0,90,1,3150.1,14,3
2031,2026-06-16 14:24:17+05:30,3149.5,1,3133.93,2808875,128384.0,200965.0,3163.0,3163.0,3108.0,3134.3,31877600,3447.7,2820.9,3839.9,2896.0,3148.6,18,2,3148.5,3,1,3148.4,2,1,3148.3,55,2,3148.2,243,5,3149.5,9,1,3149.7,66,4,3149.8,170,1,3150.0,188,5,3150.1,99,5
2031,2026-06-16 14:24:18+05:30,3148.7,7,3133.93,2808875,128384.0,200965.0,3163.0,3163.0,3108.0,3134.3,31877600,3447.7,2820.9,3839.9,2896.0,3148.6,18,2,3148.5,3,1,3148.4,2,1,3148.3,55,2,3148.2,243,5,3149.5,9,1,3149.7,66,4,3149.8,170,1,3150.0,188,5,3150.1,99,5
2031,2026-06-16 14:24:18+05:30,3149.5,8,3133.93,2808972,128814.0,200553.0,3163.0,3163.0,3108.0,3134.3,31877600,3447.7,2820.9,3839.9,2896.0,3148.8,35,5,3148.7,30,4,3148.6,66,5,3148.5,47,5,3148.4,51,5,3149.5,24,1,3149.7,62,3,3149.8,170,1,3150.0,138,4,3150.1,62,4
2031,2026-06-16 14:24:19+05:30,3148.8,4,3133.93,2808972,128814.0,200553.0,3163.0,3163.0,3108.0,3134.3,31877600,3447.7,2820.9,3839.9,2896.0,3148.8,35,5,3148.7,30,4,3148.6,66,5,3148.5,47,5,3148.4,51,5,3149.5,24,1,3149.7,62,3,3149.8,170,1,3150.0,138,4,3150.1,62,4
2031,2026-06-16 14:24:20+05:30,3148.8,1,3133.93,2809014,128668.0,201036.0,3163.0,3163.0,3108.0,3134.3,31877600,3447.7,2820.9,3839.9,2896.0,3148.8,2,2,3148.7,14,2,3148.6,59,3,3148.5,9,2,3148.4,38,3,3148.9,32,1,3149.0,126,2,3149.1,32,1,3149.5,36,2,3149.7,19,1
2031,2026-06-16 14:24:20+05:30,3149.0,126,3133.93,2809014,128668.0,201036.0,3163.0,3163.0,3108.0,3134.3,31877600,3447.7,2820.9,3839.9,2896.0,3148.8,2,2,3148.7,14,2,3148.6,59,3,3148.5,9,2,3148.4,38,3,3148.9,32,1,3149.0,126,2,3149.1,32,1,3149.5,36,2,3149.7,19,1
2031,2026-06-16 14:24:21+05:30,3148.8,4,3133.93,2809346,129014.0,200409.0,3163.0,3163.0,3108.0,3134.3,31877600,3447.7,2820.9,3839.9,2896.0,3148.8,70,6,3148.7,2,1,3148.6,58,4,3148.5,51,5,3148.4,38,3,3149.0,100,1,3149.1,32,1,3149.5,36,2,3149.7,19,1,3149.8,170,1
2031,2026-06-16 14:24:21+05:30,3148.8,4,3133.93,2809346,129014.0,200409.0,3163.0,3163.0,3108.0,3134.3,31877600,3447.7,2820.9,3839.9,2896.0,3148.8,70,6,3148.7,2,1,3148.6,58,4,3148.5,51,5,3148.4,38,3,3149.0,100,1,3149.1,32,1,3149.5,36,2,3149.7,19,1,3149.8,170,1
2031,2026-06-16 14:24:22+05:30,3149.0,1,3133.93,2809397,128939.0,200402.0,3163.0,3163.0,3108.0,3134.3,31877600,3447.7,2820.9,3839.9,2896.0,3148.8,51,5,3148.7,3,1,3148.6,39,1,3148.5,62,7,3148.4,39,4,3149.0,93,2,3149.1,32,1,3149.5,24,1,3149.7,19,1,3149.8,170,1
2031,2026-06-16 14:24:22+05:30,3149.0,3,3133.93,2809397,128939.0,200402.0,3163.0,3163.0,3108.0,3134.3,31877600,3447.7,2820.9,3839.9,2896.0,3148.8,51,5,3148.7,3,1,3148.6,39,1,3148.5,62,7,3148.4,39,4,3149.0,93,2,3149.1,32,1,3149.5,24,1,3149.7,19,1,3149.8,170,1
2031,2026-06-16 14:24:23+05:30,3149.0,32,3133.93,2809453,128370.0,200858.0,3163.0,3163.0,3108.0,3134.3,31877600,3447.7,2820.9,3839.9,2896.0,3148.8,20,3,3148.6,39,1,3148.3,50,1,3148.2,26,2,3148.1,1,1,3149.0,90,4,3149.1,832,5,3149.3,400,2,3149.4,400,2,3149.5,110,4
2031,2026-06-16 14:24:23+05:30,3149.0,3,3133.93,2809453,128370.0,200858.0,3163.0,3163.0,3108.0,3134.3,31877600,3447.7,2820.9,3839.9,2896.0,3148.8,20,3,3148.6,39,1,3148.3,50,1,3148.2,26,2,3148.1,1,1,3149.0,90,4,3149.1,832,5,3149.3,400,2,3149.4,400,2,3149.5,110,4
2031,2026-06-16 14:24:24+05:30,3148.8,13,3133.93,2809472,128518.0,200840.0,3163.0,3163.0,3108.0,3134.3,31877600,3447.7,2820.9,3839.9,2896.0,3148.8,46,3,3148.6,55,2,3148.4,12,1,3148.2,14,1,3148.1,1,1,3149.0,132,5,3149.1,832,5,3149.3,448,3,3149.4,400,2,3149.5,75,3
2031,2026-06-16 14:24:24+05:30,3149.0,3,3133.93,2809472,128518.0,200840.0,3163.0,3163.0,3108.0,3134.3,31877600,3447.7,2820.9,3839.9,2896.0,3148.8,46,3,3148.6,55,2,3148.4,12,1,3148.2,14,1,3148.1,1,1,3149.0,132,5,3149.1,832,5,3149.3,448,3,3149.4,400,2,3149.5,75,3
2031,2026-06-16 14:24:25+05:30,3149.0,22,3133.93,2809792,129140.0,200225.0,3163.0,3163.0,3108.0,3134.3,31877600,3447.7,2820.9,3839.9,2896.0,3148.8,28,2,3148.6,39,1,3148.5,41,3,3148.4,6,1,3148.3,28,3,3149.0,78,1,3149.1,32,1,3149.5,24,1,3149.8,191,2,3150.0,122,3
2031,2026-06-16 14:24:25+05:30,3149.0,22,3133.93,2809792,129140.0,200225.0,3163.0,3163.0,3108.0,3134.3,31877600,3447.7,2820.9,3839.9,2896.0,3148.8,28,2,3148.6,39,1,3148.5,41,3,3148.4,6,1,3148.3,28,3,3149.0,78,1,3149.1,32,1,3149.5,24,1,3149.8,191,2,3150.0,122,3
2031,2026-06-16 14:24:26+05:30,3148.8,9,3133.93,2809826,128798.0,200596.0,3163.0,3163.0,3108.0,3134.3,31877600,3447.7,2820.9,3839.9,2896.0,3148.8,17,1,3148.6,39,1,3148.3,8,1,3148.2,26,2,3148.1,11,2,3149.0,94,2,3149.1,32,1,3149.5,224,2,3149.8,274,4,3149.9,64,1
2031,2026-06-16 14:24:26+05:30,3148.8,9,3133.93,2809826,128798.0,200596.0,3163.0,3163.0,3108.0,3134.3,31877600,3447.7,2820.9,3839.9,2896.0,3148.8,17,1,3148.6,39,1,3148.3,8,1,3148.2,26,2,3148.1,11,2,3149.0,94,2,3149.1,32,1,3149.5,224,2,3149.8,274,4,3149.9,64,1
2031,2026-06-16 14:24:27+05:30,3148.8,20,3133.93,2809826,128798.0,200596.0,3163.0,3163.0,3108.0,3134.3,31877600,3447.7,2820.9,3839.9,2896.0,3148.8,17,1,3148.6,39,1,3148.3,8,1,3148.2,26,2,3148.1,11,2,3149.0,94,2,3149.1,32,1,3149.5,224,2,3149.8,274,4,3149.9,64,1
2031,2026-06-16 14:24:27+05:30,3149.0,1,3133.93,2809855,128348.0,200885.0,3163.0,3163.0,3108.0,3134.3,31877600,3447.7,2820.9,3839.9,2896.0,3148.8,17,1,3148.6,39,1,3148.2,14,1,3148.1,1,1,3148.0,17,2,3149.0,87,3,3149.1,32,1,3149.4,6,1,3149.5,305,4,3149.8,356,7
2031,2026-06-16 14:24:28+05:30,3149.0,9,3133.93,2809855,128348.0,200885.0,3163.0,3163.0,3108.0,3134.3,31877600,3447.7,2820.9,3839.9,2896.0,3148.8,17,1,3148.6,39,1,3148.2,14,1,3148.1,1,1,3148.0,17,2,3149.0,87,3,3149.1,32,1,3149.4,6,1,3149.5,305,4,3149.8,356,7
2031,2026-06-16 14:24:28+05:30,3149.0,9,3133.93,2809900,128550.0,200638.0,3163.0,3163.0,3108.0,3134.3,31877600,3447.7,2820.9,3839.9,2896.0,3148.8,17,1,3148.6,39,1,3148.1,1,1,3148.0,29,3,3147.9,217,4,3149.0,42,3,3149.1,32,1,3149.5,272,3,3149.7,25,1,3149.8,1131,10
2031,2026-06-16 14:24:29+05:30,3149.0,1,3133.93,2809900,128550.0,200638.0,3163.0,3163.0,3108.0,3134.3,31877600,3447.7,2820.9,3839.9,2896.0,3148.8,17,1,3148.6,39,1,3148.1,1,1,3148.0,29,3,3147.9,217,4,3149.0,42,3,3149.1,32,1,3149.5,272,3,3149.7,25,1,3149.8,1131,10
2031,2026-06-16 14:24:29+05:30,3148.8,2,3133.93,2809903,128548.0,200614.0,3163.0,3163.0,3108.0,3134.3,31877600,3447.7,2820.9,3839.9,2896.0,3148.8,15,1,3148.6,39,1,3148.1,1,1,3148.0,29,3,3147.9,217,4,3149.0,41,3,3149.1,32,1,3149.5,272,3,3149.8,1131,10,3149.9,91,2
2031,2026-06-16 14:24:30+05:30,3149.0,1,3133.93,2809903,128548.0,200614.0,3163.0,3163.0,3108.0,3134.3,31877600,3447.7,2820.9,3839.9,2896.0,3148.8,15,1,3148.6,39,1,3148.1,1,1,3148.0,29,3,3147.9,217,4,3149.0,41,3,3149.1,32,1,3149.5,272,3,3149.8,1131,10,3149.9,91,2
2031,2026-06-16 14:24:30+05:30,3149.0,1,3133.93,2809909,128809.0,200568.0,3163.0,3163.0,3108.0,3134.3,31877600,3447.7,2820.9,3839.9,2896.0,3148.9,2,2,3148.8,18,4,3148.6,39,1,3148.4,12,1,3148.1,14,3,3149.0,79,5,3149.1,32,1,3149.5,272,3,3149.8,1114,10,3149.9,91,2
2031,2026-06-16 14:24:31+05:30,3148.9,1,3133.93,2809909,128809.0,200568.0,3163.0,3163.0,3108.0,3134.3,31877600,3447.7,2820.9,3839.9,2896.0,3148.9,2,2,3148.8,18,4,3148.6,39,1,3148.4,12,1,3148.1,14,3,3149.0,79,5,3149.1,32,1,3149.5,272,3,3149.8,1114,10,3149.9,91,2
2031,2026-06-16 14:24:31+05:30,3148.9,1,3133.93,2809909,128809.0,200568.0,3163.0,3163.0,3108.0,3134.3,31877600,3447.7,2820.9,3839.9,2896.0,3148.9,2,2,3148.8,18,4,3148.6,39,1,3148.4,12,1,3148.1,14,3,3149.0,79,5,3149.1,32,1,3149.5,272,3,3149.8,1114,10,3149.9,91,2
2031,2026-06-16 14:24:31+05:30,3148.9,16,3133.93,2810097,128802.0,200507.0,3163.0,3163.0,3108.0,3134.3,31877600,3447.7,2820.9,3839.9,2896.0,3148.8,29,5,3148.7,11,1,3148.6,39,1,3148.3,6,1,3148.2,44,2,3148.9,16,1,3149.0,109,6,3149.1,32,1,3149.5,224,2,3149.8,896,8
2031,2026-06-16 14:24:32+05:30,3148.9,15,3133.93,2810097,128802.0,200507.0,3163.0,3163.0,3108.0,3134.3,31877600,3447.7,2820.9,3839.9,2896.0,3148.8,29,5,3148.7,11,1,3148.6,39,1,3148.3,6,1,3148.2,44,2,3148.9,16,1,3149.0,109,6,3149.1,32,1,3149.5,224,2,3149.8,896,8
2031,2026-06-16 14:24:32+05:30,3149.0,1,3133.93,2810125,128799.0,200658.0,3163.0,3163.0,3108.0,3134.3,31877600,3447.7,2820.9,3839.9,2896.0,3148.9,1,1,3148.8,28,4,3148.6,39,1,3148.4,12,1,3148.3,6,1,3149.0,83,5,3149.1,32,1,3149.5,424,3,3149.8,941,8,3149.9,27,1
2031,2026-06-16 14:24:33+05:30,3149.0,1,3133.93,2810125,128799.0,200658.0,3163.0,3163.0,3108.0,3134.3,31877600,3447.7,2820.9,3839.9,2896.0,3148.9,1,1,3148.8,28,4,3148.6,39,1,3148.4,12,1,3148.3,6,1,3149.0,83,5,3149.1,32,1,3149.5,424,3,3149.8,941,8,3149.9,27,1
2031,2026-06-16 14:24:33+05:30,3149.0,1,3133.93,2810125,128799.0,200658.0,3163.0,3163.0,3108.0,3134.3,31877600,3447.7,2820.9,3839.9,2896.0,3148.9,1,1,3148.8,28,4,3148.6,39,1,3148.4,12,1,3148.3,6,1,3149.0,83,5,3149.1,32,1,3149.5,424,3,3149.8,941,8,3149.9,27,1
2031,2026-06-16 14:24:34+05:30,3149.0,14,3133.93,2810152,128852.0,200572.0,3163.0,3163.0,3108.0,3134.3,31877600,3447.7,2820.9,3839.9,2896.0,3148.9,1,1,3148.8,32,5,3148.6,43,2,3148.5,18,2,3148.3,6,1,3149.0,170,4,3149.1,32,1,3149.5,424,3,3149.8,887,7,3149.9,23,1
2031,2026-06-16 14:24:34+05:30,3149.0,1,3133.93,2810152,128852.0,200572.0,3163.0,3163.0,3108.0,3134.3,31877600,3447.7,2820.9,3839.9,2896.0,3148.9,1,1,3148.8,32,5,3148.6,43,2,3148.5,18,2,3148.3,6,1,3149.0,170,4,3149.1,32,1,3149.5,424,3,3149.8,887,7,3149.9,23,1
2031,2026-06-16 14:24:35+05:30,3148.8,13,3133.94,2810214,128287.0,200965.0,3163.0,3163.0,3108.0,3134.3,31877600,3447.7,2820.9,3839.9,2896.0,3148.8,11,3,3148.6,39,1,3148.4,18,2,3148.2,9,1,3148.1,10,2,3149.0,136,3,3149.1,32,1,3149.2,32,1,3149.3,848,5,3149.4,23,1
2031,2026-06-16 14:24:35+05:30,3149.0,9,3133.94,2810214,128287.0,200965.0,3163.0,3163.0,3108.0,3134.3,31877600,3447.7,2820.9,3839.9,2896.0,3148.8,11,3,3148.6,39,1,3148.4,18,2,3148.2,9,1,3148.1,10,2,3149.0,136,3,3149.1,32,1,3149.2,32,1,3149.3,848,5,3149.4,23,1
2031,2026-06-16 14:24:35+05:30,3149.0,9,3133.94,2810214,128287.0,200965.0,3163.0,3163.0,3108.0,3134.3,31877600,3447.7,2820.9,3839.9,2896.0,3148.8,11,3,3148.6,39,1,3148.4,18,2,3148.2,9,1,3148.1,10,2,3149.0,136,3,3149.1,32,1,3149.2,32,1,3149.3,848,5,3149.4,23,1
2031,2026-06-16 14:24:36+05:30,3149.0,9,3133.94,2810223,128321.0,200795.0,3163.0,3163.0,3108.0,3134.3,31877600,3447.7,2820.9,3839.9,2896.0,3148.8,12,4,3148.6,39,1,3148.2,9,1,3148.1,10,2,3148.0,16,1,3149.0,136,4,3149.3,848,5,3149.4,23,1,3149.5,848,5,3149.6,432,3
2031,2026-06-16 14:24:36+05:30,3149.0,3,3133.94,2810223,128321.0,200795.0,3163.0,3163.0,3108.0,3134.3,31877600,3447.7,2820.9,3839.9,2896.0,3148.8,12,4,3148.6,39,1,3148.2,9,1,3148.1,10,2,3148.0,16,1,3149.0,136,4,3149.3,848,5,3149.4,23,1,3149.5,848,5,3149.6,432,3
2031,2026-06-16 14:24:37+05:30,3148.1,1,3133.94,2810438,126466.0,201416.0,3163.0,3163.0,3108.0,3134.3,31877600,3447.7,2820.9,3839.9,2896.0,3148.8,3,1,3148.0,16,2,3147.9,22,2,3147.8,60,2,3147.7,21,1,3149.0,131,4,3149.1,89,4,3149.2,10,1,3149.3,848,5,3149.4,67,3
2031,2026-06-16 14:24:37+05:30,3149.0,1,3133.94,2810438,126466.0,201416.0,3163.0,3163.0,3108.0,3134.3,31877600,3447.7,2820.9,3839.9,2896.0,3148.8,3,1,3148.0,16,2,3147.9,22,2,3147.8,60,2,3147.7,21,1,3149.0,131,4,3149.1,89,4,3149.2,10,1,3149.3,848,5,3149.4,67,3
2031,2026-06-16 14:24:37+05:30,3149.0,1,3133.94,2810438,126466.0,201416.0,3163.0,3163.0,3108.0,3134.3,31877600,3447.7,2820.9,3839.9,2896.0,3148.8,3,1,3148.0,16,2,3147.9,22,2,3147.8,60,2,3147.7,21,1,3149.0,131,4,3149.1,89,4,3149.2,10,1,3149.3,848,5,3149.4,67,3
2031,2026-06-16 14:24:38+05:30,3149.0,1,3133.94,2810471,126481.0,201406.0,3163.0,3163.0,3108.0,3134.3,31877600,3447.7,2820.9,3839.9,2896.0,3148.8,4,2,3147.8,49,1,3147.7,21,1,3147.6,45,5,3147.5,37,2,3149.0,193,5,3149.1,73,4,3149.2,66,3,3149.3,875,6,3149.4,99,4
2031,2026-06-16 14:24:38+05:30,3149.0,5,3133.94,2810471,126481.0,201406.0,3163.0,3163.0,3108.0,3134.3,31877600,3447.7,2820.9,3839.9,2896.0,3148.8,4,2,3147.8,49,1,3147.7,21,1,3147.6,45,5,3147.5,37,2,3149.0,193,5,3149.1,73,4,3149.2,66,3,3149.3,875,6,3149.4,99,4
2031,2026-06-16 14:24:39+05:30,3149.0,29,3133.94,2810512,127630.0,201711.0,3163.0,3163.0,3108.0,3134.3,31877600,3447.7,2820.9,3839.9,2896.0,3148.9,3,2,3148.8,17,1,3147.9,115,4,3147.8,90,4,3147.7,21,1,3149.0,155,6,3149.3,800,4,3149.4,35,2,3149.5,848,5,3149.6,443,3
2031,2026-06-16 14:24:39+05:30,3149.0,1,3133.94,2810512,127630.0,201711.0,3163.0,3163.0,3108.0,3134.3,31877600,3447.7,2820.9,3839.9,2896.0,3148.9,3,2,3148.8,17,1,3147.9,115,4,3147.8,90,4,3147.7,21,1,3149.0,155,6,3149.3,800,4,3149.4,35,2,3149.5,848,5,3149.6,443,3
2031,2026-06-16 14:24:40+05:30,3149.0,1,3133.94,2810512,127630.0,201711.0,3163.0,3163.0,3108.0,3134.3,31877600,3447.7,2820.9,3839.9,2896.0,3148.9,3,2,3148.8,17,1,3147.9,115,4,3147.8,90,4,3147.7,21,1,3149.0,155,6,3149.3,800,4,3149.4,35,2,3149.5,848,5,3149.6,443,3
2031,2026-06-16 14:24:40+05:30,3147.8,12,3133.94,2810847,126431.0,201834.0,3163.0,3163.0,3108.0,3134.3,31877600,3447.7,2820.9,3839.9,2896.0,3148.9,2,1,3148.1,23,2,3148.0,20,3,3147.9,32,2,3147.8,62,2,3149.0,181,6,3149.3,848,5,3149.4,29,2,3149.5,848,5,3149.6,420,3
2031,2026-06-16 14:24:40+05:30,3148.9,16,3133.94,2810847,126431.0,201834.0,3163.0,3163.0,3108.0,3134.3,31877600,3447.7,2820.9,3839.9,2896.0,3148.9,2,1,3148.1,23,2,3148.0,20,3,3147.9,32,2,3147.8,62,2,3149.0,181,6,3149.3,848,5,3149.4,29,2,3149.5,848,5,3149.6,420,3
2031,2026-06-16 14:24:41+05:30,3149.0,6,3133.94,2810916,127245.0,201748.0,3163.0,3163.0,3108.0,3134.3,31877600,3447.7,2820.9,3839.9,2896.0,3148.9,8,2,3148.2,11,1,3148.1,13,1,3148.0,49,3,3147.9,65,4,3149.0,172,6,3149.3,800,4,3149.4,3,1,3149.5,848,5,3149.6,438,3
2031,2026-06-16 14:24:41+05:30,3149.0,2,3133.94,2810916,127245.0,201748.0,3163.0,3163.0,3108.0,3134.3,31877600,3447.7,2820.9,3839.9,2896.0,3148.9,8,2,3148.2,11,1,3148.1,13,1,3148.0,49,3,3147.9,65,4,3149.0,172,6,3149.3,800,4,3149.4,3,1,3149.5,848,5,3149.6,438,3
2031,2026-06-16 14:24:41+05:30,3149.0,2,3133.94,2810916,127245.0,201748.0,3163.0,3163.0,3108.0,3134.3,31877600,3447.7,2820.9,3839.9,2896.0,3148.9,8,2,3148.2,11,1,3148.1,13,1,3148.0,49,3,3147.9,65,4,3149.0,172,6,3149.3,800,4,3149.4,3,1,3149.5,848,5,3149.6,438,3
2031,2026-06-16 14:24:42+05:30,3149.0,2,3133.94,2810928,127197.0,201816.0,3163.0,3163.0,3108.0,3134.3,31877600,3447.7,2820.9,3839.9,2896.0,3148.9,8,2,3148.2,11,1,3148.0,8,2,3147.9,65,4,3147.8,76,3,3149.0,160,6,3149.3,800,4,3149.4,3,1,3149.5,848,5,3149.6,438,3
2031,2026-06-16 14:24:42+05:30,3149.0,1,3133.94,2810928,127197.0,201816.0,3163.0,3163.0,3108.0,3134.3,31877600,3447.7,2820.9,3839.9,2896.0,3148.9,8,2,3148.2,11,1,3148.0,8,2,3147.9,65,4,3147.8,76,3,3149.0,160,6,3149.3,800,4,3149.4,3,1,3149.5,848,5,3149.6,438,3
2031,2026-06-16 14:24:43+05:30,3149.0,17,3133.94,2810971,128091.0,201819.0,3163.0,3163.0,3108.0,3134.3,31877600,3447.7,2820.9,3839.9,2896.0,3148.9,8,2,3148.7,11,1,3148.2,22,2,3148.1,55,1,3148.0,83,5,3149.0,209,6,3149.3,800,4,3149.4,3,1,3149.5,848,5,3149.6,400,2
2031,2026-06-16 14:24:43+05:30,3149.0,17,3133.94,2810971,128091.0,201819.0,3163.0,3163.0,3108.0,3134.3,31877600,3447.7,2820.9,3839.9,2896.0,3148.9,8,2,3148.7,11,1,3148.2,22,2,3148.1,55,1,3148.0,83,5,3149.0,209,6,3149.3,800,4,3149.4,3,1,3149.5,848,5,3149.6,400,2
2031,2026-06-16 14:24:43+05:30,3149.0,1,3133.94,2810971,128091.0,201819.0,3163.0,3163.0,3108.0,3134.3,31877600,3447.7,2820.9,3839.9,2896.0,3148.9,8,2,3148.7,11,1,3148.2,22,2,3148.1,55,1,3148.0,83,5,3149.0,209,6,3149.3,800,4,3149.4,3,1,3149.5,848,5,3149.6,400,2
2031,2026-06-16 14:24:43+05:30,3149.0,1,3133.94,2810971,128091.0,201819.0,3163.0,3163.0,3108.0,3134.3,31877600,3447.7,2820.9,3839.9,2896.0,3148.9,8,2,3148.7,11,1,3148.2,22,2,3148.1,55,1,3148.0,83,5,3149.0,209,6,3149.3,800,4,3149.4,3,1,3149.5,848,5,3149.6,400,2
2031,2026-06-16 14:24:44+05:30,3148.9,4,3133.94,2810992,127483.0,201610.0,3163.0,3163.0,3108.0,3134.3,31877600,3447.7,2820.9,3839.9,2896.0,3148.3,36,6,3148.2,10,2,3148.1,38,3,3148.0,68,4,3147.9,18,2,3148.9,190,1,3149.0,200,5,3149.3,600,3,3149.4,3,1,3149.5,600,3
2031,2026-06-16 14:24:44+05:30,3148.9,4,3133.94,2810992,127483.0,201610.0,3163.0,3163.0,3108.0,3134.3,31877600,3447.7,2820.9,3839.9,2896.0,3148.3,36,6,3148.2,10,2,3148.1,38,3,3148.0,68,4,3147.9,18,2,3148.9,190,1,3149.0,200,5,3149.3,600,3,3149.4,3,1,3149.5,600,3
2031,2026-06-16 14:24:44+05:30,3148.9,3,3133.94,2810992,127483.0,201610.0,3163.0,3163.0,3108.0,3134.3,31877600,3447.7,2820.9,3839.9,2896.0,3148.3,36,6,3148.2,10,2,3148.1,38,3,3148.0,68,4,3147.9,18,2,3148.9,190,1,3149.0,200,5,3149.3,600,3,3149.4,3,1,3149.5,600,3
2031,2026-06-16 14:24:44+05:30,3148.9,3,3133.94,2810992,127483.0,201610.0,3163.0,3163.0,3108.0,3134.3,31877600,3447.7,2820.9,3839.9,2896.0,3148.3,36,6,3148.2,10,2,3148.1,38,3,3148.0,68,4,3147.9,18,2,3148.9,190,1,3149.0,200,5,3149.3,600,3,3149.4,3,1,3149.5,600,3
2031,2026-06-16 14:24:45+05:30,3148.4,10,3133.94,2811008,127593.0,201914.0,3163.0,3163.0,3108.0,3134.3,31877600,3447.7,2820.9,3839.9,2896.0,3148.4,24,6,3148.3,27,3,3148.2,22,3,3148.1,38,3,3148.0,99,6,3148.9,185,2,3149.0,199,4,3149.3,600,3,3149.4,3,1,3149.5,600,3
2031,2026-06-16 14:24:45+05:30,3148.7,1,3133.94,2811008,127593.0,201914.0,3163.0,3163.0,3108.0,3134.3,31877600,3447.7,2820.9,3839.9,2896.0,3148.4,24,6,3148.3,27,3,3148.2,22,3,3148.1,38,3,3148.0,99,6,3148.9,185,2,3149.0,199,4,3149.3,600,3,3149.4,3,1,3149.5,600,3
2031,2026-06-16 14:24:45+05:30,3148.7,1,3133.94,2811008,127593.0,201914.0,3163.0,3163.0,3108.0,3134.3,31877600,3447.7,2820.9,3839.9,2896.0,3148.4,24,6,3148.3,27,3,3148.2,22,3,3148.1,38,3,3148.0,99,6,3148.9,185,2,3149.0,199,4,3149.3,600,3,3149.4,3,1,3149.5,600,3
2031,2026-06-16 14:24:46+05:30,3148.6,2,3133.94,2811035,127423.0,201981.0,3163.0,3163.0,3108.0,3134.3,31877600,3447.7,2820.9,3839.9,2896.0,3148.7,11,1,3148.6,4,2,3148.5,4,1,3148.4,25,5,3148.3,4,1,3148.9,183,2,3149.0,199,4,3149.3,600,3,3149.5,800,4,3149.6,469,4
2031,2026-06-16 14:24:46+05:30,3148.6,2,3133.94,2811035,127423.0,201981.0,3163.0,3163.0,3108.0,3134.3,31877600,3447.7,2820.9,3839.9,2896.0,3148.7,11,1,3148.6,4,2,3148.5,4,1,3148.4,25,5,3148.3,4,1,3148.9,183,2,3149.0,199,4,3149.3,600,3,3149.5,800,4,3149.6,469,4
2031,2026-06-16 14:24:46+05:30,3148.9,4,3133.94,2811035,127423.0,201981.0,3163.0,3163.0,3108.0,3134.3,31877600,3447.7,2820.9,3839.9,2896.0,3148.7,11,1,3148.6,4,2,3148.5,4,1,3148.4,25,5,3148.3,4,1,3148.9,183,2,3149.0,199,4,3149.3,600,3,3149.5,800,4,3149.6,469,4
2031,2026-06-16 14:24:47+05:30,3148.9,4,3133.94,2811035,127423.0,201981.0,3163.0,3163.0,3108.0,3134.3,31877600,3447.7,2820.9,3839.9,2896.0,3148.7,11,1,3148.6,4,2,3148.5,4,1,3148.4,25,5,3148.3,4,1,3148.9,183,2,3149.0,199,4,3149.3,600,3,3149.5,800,4,3149.6,469,4
2031,2026-06-16 14:24:47+05:30,3148.9,4,3133.94,2811048,127657.0,201860.0,3163.0,3163.0,3108.0,3134.3,31877600,3447.7,2820.9,3839.9,2896.0,3148.7,11,1,3148.6,18,4,3148.5,4,1,3148.4,25,3,3148.3,4,1,3148.9,179,2,3149.0,199,4,3149.3,600,3,3149.5,800,4,3149.6,469,4
2031,2026-06-16 14:24:47+05:30,3148.9,1,3133.94,2811048,127657.0,201860.0,3163.0,3163.0,3108.0,3134.3,31877600,3447.7,2820.9,3839.9,2896.0,3148.7,11,1,3148.6,18,4,3148.5,4,1,3148.4,25,3,3148.3,4,1,3148.9,179,2,3149.0,199,4,3149.3,600,3,3149.5,800,4,3149.6,469,4
2031,2026-06-16 14:24:48+05:30,3148.9,1,3133.94,2811048,127657.0,201860.0,3163.0,3163.0,3108.0,3134.3,31877600,3447.7,2820.9,3839.9,2896.0,3148.7,11,1,3148.6,18,4,3148.5,4,1,3148.4,25,3,3148.3,4,1,3148.9,179,2,3149.0,199,4,3149.3,600,3,3149.5,800,4,3149.6,469,4
2031,2026-06-16 14:24:48+05:30,3148.9,7,3133.94,2811056,127737.0,201828.0,3163.0,3163.0,3108.0,3134.3,31877600,3447.7,2820.9,3839.9,2896.0,3148.7,11,1,3148.6,20,4,3148.5,8,2,3148.4,38,4,3148.3,4,1,3148.8,1,1,3148.9,171,2,3149.0,199,4,3149.3,600,3,3149.5,800,4
2031,2026-06-16 14:24:48+05:30,3148.9,7,3133.94,2811056,127737.0,201828.0,3163.0,3163.0,3108.0,3134.3,31877600,3447.7,2820.9,3839.9,2896.0,3148.7,11,1,3148.6,20,4,3148.5,8,2,3148.4,38,4,3148.3,4,1,3148.8,1,1,3148.9,171,2,3149.0,199,4,3149.3,600,3,3149.5,800,4
2031,2026-06-16 14:24:48+05:30,3148.9,7,3133.94,2811056,127737.0,201828.0,3163.0,3163.0,3108.0,3134.3,31877600,3447.7,2820.9,3839.9,2896.0,3148.7,11,1,3148.6,20,4,3148.5,8,2,3148.4,38,4,3148.3,4,1,3148.8,1,1,3148.9,171,2,3149.0,199,4,3149.3,600,3,3149.5,800,4
2031,2026-06-16 14:24:49+05:30,3148.6,29,3133.94,2811123,127372.0,201739.0,3163.0,3163.0,3108.0,3134.3,31877600,3447.7,2820.9,3839.9,2896.0,3148.6,16,1,3148.4,27,3,3148.2,6,1,3148.1,12,2,3148.0,8,2,3148.9,157,2,3149.0,162,3,3149.3,648,4,3149.5,600,3,3149.6,469,4
2031,2026-06-16 14:24:49+05:30,3148.6,29,3133.94,2811123,127372.0,201739.0,3163.0,3163.0,3108.0,3134.3,31877600,3447.7,2820.9,3839.9,2896.0,3148.6,16,1,3148.4,27,3,3148.2,6,1,3148.1,12,2,3148.0,8,2,3148.9,157,2,3149.0,162,3,3149.3,648,4,3149.5,600,3,3149.6,469,4
2031,2026-06-16 14:24:49+05:30,3148.6,29,3133.94,2811123,127372.0,201739.0,3163.0,3163.0,3108.0,3134.3,31877600,3447.7,2820.9,3839.9,2896.0,3148.6,16,1,3148.4,27,3,3148.2,6,1,3148.1,12,2,3148.0,8,2,3148.9,157,2,3149.0,162,3,3149.3,648,4,3149.5,600,3,3149.6,469,4
2031,2026-06-16 14:24:50+05:30,3148.9,24,3133.94,2811308,127325.0,201772.0,3163.0,3163.0,3108.0,3134.3,31877600,3447.7,2820.9,3839.9,2896.0,3148.9,10,1,3148.8,60,4,3148.7,32,1,3148.6,32,1,3148.5,72,4,3149.0,162,3,3149.3,800,4,3149.5,800,4,3149.6,400,2,3149.7,26,1
2031,2026-06-16 14:24:50+05:30,3148.9,24,3133.94,2811308,127325.0,201772.0,3163.0,3163.0,3108.0,3134.3,31877600,3447.7,2820.9,3839.9,2896.0,3148.9,10,1,3148.8,60,4,3148.7,32,1,3148.6,32,1,3148.5,72,4,3149.0,162,3,3149.3,800,4,3149.5,800,4,3149.6,400,2,3149.7,26,1
2031,2026-06-16 14:24:50+05:30,3149.0,12,3133.94,2811308,127325.0,201772.0,3163.0,3163.0,3108.0,3134.3,31877600,3447.7,2820.9,3839.9,2896.0,3148.9,10,1,3148.8,60,4,3148.7,32,1,3148.6,32,1,3148.5,72,4,3149.0,162,3,3149.3,800,4,3149.5,800,4,3149.6,400,2,3149.7,26,1
2031,2026-06-16 14:24:51+05:30,3149.0,16,3133.94,2811308,127325.0,201772.0,3163.0,3163.0,3108.0,3134.3,31877600,3447.7,2820.9,3839.9,2896.0,3148.9,10,1,3148.8,60,4,3148.7,32,1,3148.6,32,1,3148.5,72,4,3149.0,162,3,3149.3,800,4,3149.5,800,4,3149.6,400,2,3149.7,26,1
2031,2026-06-16 14:24:51+05:30,3149.0,16,3133.94,2811308,127325.0,201772.0,3163.0,3163.0,3108.0,3134.3,31877200,3447.7,2820.9,3839.9,2896.0,3148.9,10,1,3148.8,60,4,3148.7,32,1,3148.6,32,1,3148.5,72,4,3149.0,162,3,3149.3,800,4,3149.5,800,4,3149.6,400,2,3149.7,26,1
2031,2026-06-16 14:24:51+05:30,3149.0,16,3133.94,2811467,127353.0,201697.0,3163.0,3163.0,3108.0,3134.3,31877200,3447.7,2820.9,3839.9,2896.0,3148.9,77,5,3148.8,32,1,3148.7,32,1,3148.5,77,5,3148.4,38,5,3149.0,41,2,3149.3,800,4,3149.5,800,4,3149.6,400,2,3149.8,139,3
2031,2026-06-16 14:24:52+05:30,3149.3,8,3133.94,2811467,127353.0,201697.0,3163.0,3163.0,3108.0,3134.3,31877200,3447.7,2820.9,3839.9,2896.0,3148.9,77,5,3148.8,32,1,3148.7,32,1,3148.5,77,5,3148.4,38,5,3149.0,41,2,3149.3,800,4,3149.5,800,4,3149.6,400,2,3149.8,139,3
2031,2026-06-16 14:24:52+05:30,3149.3,8,3133.94,2811527,128080.0,201718.0,3163.0,3163.0,3108.0,3134.3,31877200,3447.7,2820.9,3839.9,2896.0,3149.0,30,1,3148.9,76,4,3148.8,32,1,3148.7,35,2,3148.5,77,5,3149.3,792,4,3149.5,800,4,3149.6,400,2,3149.8,118,2,3149.9,558,3
2031,2026-06-16 14:24:53+05:30,3149.0,19,3133.94,2811527,128080.0,201718.0,3163.0,3163.0,3108.0,3134.3,31877200,3447.7,2820.9,3839.9,2896.0,3149.0,30,1,3148.9,76,4,3148.8,32,1,3148.7,35,2,3148.5,77,5,3149.3,792,4,3149.5,800,4,3149.6,400,2,3149.8,118,2,3149.9,558,3
2031,2026-06-16 14:24:53+05:30,3149.0,16,3133.94,2811779,126944.0,202054.0,3163.0,3163.0,3108.0,3134.3,31877200,3447.7,2820.9,3839.9,2896.0,3148.8,32,2,3148.7,63,3,3148.6,12,1,3148.5,5,1,3148.4,18,3,3149.0,165,1,3149.1,10,1,3149.3,824,5,3149.5,800,4,3149.6,448,3
2031,2026-06-16 14:24:54+05:30,3149.0,16,3133.94,2811779,126944.0,202054.0,3163.0,3163.0,3108.0,3134.3,31877200,3447.7,2820.9,3839.9,2896.0,3148.8,32,2,3148.7,63,3,3148.6,12,1,3148.5,5,1,3148.4,18,3,3149.0,165,1,3149.1,10,1,3149.3,824,5,3149.5,800,4,3149.6,448,3
2031,2026-06-16 14:24:54+05:30,3149.0,1,3133.94,2811851,127936.0,202030.0,3163.0,3163.0,3108.0,3134.3,31877200,3447.7,2820.9,3839.9,2896.0,3148.9,32,1,3148.8,55,4,3148.7,45,4,3148.6,16,2,3148.5,57,4,3149.0,143,2,3149.3,824,5,3149.5,800,4,3149.6,448,3,3149.8,138,3
2031,2026-06-16 14:24:55+05:30,3149.0,9,3133.94,2811851,127936.0,202030.0,3163.0,3163.0,3108.0,3134.3,31877200,3447.7,2820.9,3839.9,2896.0,3148.9,32,1,3148.8,55,4,3148.7,45,4,3148.6,16,2,3148.5,57,4,3149.0,143,2,3149.3,824,5,3149.5,800,4,3149.6,448,3,3149.8,138,3
2031,2026-06-16 14:24:55+05:30,3149.2,2,3133.94,2811999,128091.0,201662.0,3163.0,3163.0,3108.0,3134.3,31877200,3447.7,2820.9,3839.9,2896.0,3149.1,45,1,3149.0,54,3,3148.9,34,2,3148.8,57,5,3148.7,33,3,3149.2,373,2,3149.3,446,3,3149.5,800,4,3149.6,400,2,3149.8,118,2
2031,2026-06-16 14:24:56+05:30,3149.0,10,3133.94,2811999,128091.0,201662.0,3163.0,3163.0,3108.0,3134.3,31877200,3447.7,2820.9,3839.9,2896.0,3149.1,45,1,3149.0,54,3,3148.9,34,2,3148.8,57,5,3148.7,33,3,3149.2,373,2,3149.3,446,3,3149.5,800,4,3149.6,400,2,3149.8,118,2
2031,2026-06-16 14:24:56+05:30,3149.1,35,3133.95,2812125,128009.0,201681.0,3163.0,3163.0,3108.0,3134.3,31877200,3447.7,2820.9,3839.9,2896.0,3149.0,27,3,3148.9,32,1,3148.8,45,4,3148.7,30,2,3148.6,48,3,3149.1,84,1,3149.2,373,2,3149.3,446,3,3149.5,800,4,3149.6,400,2
2031,2026-06-16 14:24:57+05:30,3149.0,5,3133.95,2812125,128009.0,201681.0,3163.0,3163.0,3108.0,3134.3,31877200,3447.7,2820.9,3839.9,2896.0,3149.0,27,3,3148.9,32,1,3148.8,45,4,3148.7,30,2,3148.6,48,3,3149.1,84,1,3149.2,373,2,3149.3,446,3,3149.5,800,4,3149.6,400,2
2031,2026-06-16 14:24:57+05:30,3149.0,23,3133.95,2812410,127815.0,201378.0,3163.0,3163.0,3108.0,3134.3,31877200,3447.7,2820.9,3839.9,2896.0,3148.8,57,3,3148.7,27,1,3148.6,16,2,3148.5,42,3,3148.4,17,2,3149.0,15,1,3149.3,803,5,3149.5,600,3,3149.6,400,2,3149.8,118,2
2031,2026-06-16 14:24:58+05:30,3149.2,21,3133.95,2812410,127815.0,201378.0,3163.0,3163.0,3108.0,3134.3,31877200,3447.7,2820.9,3839.9,2896.0,3148.8,57,3,3148.7,27,1,3148.6,16,2,3148.5,42,3,3148.4,17,2,3149.0,15,1,3149.3,803,5,3149.5,600,3,3149.6,400,2,3149.8,118,2
2031,2026-06-16 14:24:58+05:30,3149.5,16,3133.95,2812511,128062.0,201251.0,3163.0,3163.0,3108.0,3134.3,31877200,3447.7,2820.9,3839.9,2896.0,3149.2,32,1,3149.1,33,2,3148.8,60,3,3148.7,27,1,3148.6,64,3,3149.5,184,1,3149.8,118,2,3149.9,510,2,3150.0,58,4,3150.1,11,2
2031,2026-06-16 14:24:59+05:30,3149.5,16,3133.95,2812511,128062.0,201251.0,3163.0,3163.0,3108.0,3134.3,31877200,3447.7,2820.9,3839.9,2896.0,3149.2,32,1,3149.1,33,2,3148.8,60,3,3148.7,27,1,3148.6,64,3,3149.5,184,1,3149.8,118,2,3149.9,510,2,3150.0,58,4,3150.1,11,2
2031,2026-06-16 14:24:59+05:30,3149.4,4,3133.95,2812542,128550.0,200874.0,3163.0,3163.0,3108.0,3134.3,31877200,3447.7,2820.9,3839.9,2896.0,3149.4,41,1,3149.3,32,1,3149.2,32,1,3149.1,1,1,3148.9,32,1,3149.5,157,1,3149.8,118,2,3149.9,510,2,3150.0,35,2,3150.1,11,2
2031,2026-06-16 14:25:00+05:30,3149.5,2,3133.95,2812542,128550.0,200874.0,3163.0,3163.0,3108.0,3134.3,31877200,3447.7,2820.9,3839.9,2896.0,3149.4,41,1,3149.3,32,1,3149.2,32,1,3149.1,1,1,3148.9,32,1,3149.5,157,1,3149.8,118,2,3149.9,510,2,3150.0,35,2,3150.1,11,2
2031,2026-06-16 14:25:00+05:30,3149.5,16,3133.95,2812665,128496.0,200767.0,3163.0,3163.0,3108.0,3134.3,31877200,3447.7,2820.9,3839.9,2896.0,3149.4,40,5,3149.3,32,1,3149.1,13,2,3149.0,32,1,3148.8,91,4,3149.5,60,2,3149.8,118,2,3149.9,537,3,3150.0,35,2,3150.1,49,3
2031,2026-06-16 14:25:01+05:30,3149.5,21,3133.95,2812665,128496.0,200767.0,3163.0,3163.0,3108.0,3134.3,31877200,3447.7,2820.9,3839.9,2896.0,3149.4,40,5,3149.3,32,1,3149.1,13,2,3149.0,32,1,3148.8,91,4,3149.5,60,2,3149.8,118,2,3149.9,537,3,3150.0,35,2,3150.1,49,3
2031,2026-06-16 14:25:01+05:30,3149.4,1,3133.95,2812775,128738.0,200751.0,3163.0,3163.0,3108.0,3134.3,31877200,3447.7,2820.9,3839.9,2896.0,3149.4,80,5,3149.3,32,1,3149.1,30,3,3149.0,32,1,3148.9,24,1,3149.8,70,2,3149.9,510,2,3150.0,35,2,3150.1,11,2,3150.3,620,4
2031,2026-06-16 14:25:02+05:30,3149.8,16,3133.95,2812775,128738.0,200751.0,3163.0,3163.0,3108.0,3134.3,31877200,3447.7,2820.9,3839.9,2896.0,3149.4,80,5,3149.3,32,1,3149.1,30,3,3149.0,32,1,3148.9,24,1,3149.8,70,2,3149.9,510,2,3150.0,35,2,3150.1,11,2,3150.3,620,4
2031,2026-06-16 14:25:02+05:30,3149.8,4,3133.95,2813014,128330.0,200381.0,3163.0,3163.0,3108.0,3134.3,31877200,3447.7,2820.9,3839.9,2896.0,3149.4,25,4,3149.2,32,1,3149.1,8,2,3149.0,9,1,3148.9,14,1,3149.8,32,3,3149.9,510,2,3150.0,98,7,3150.1,44,3,3150.3,591,5
2031,2026-06-16 14:25:03+05:30,3149.9,1,3133.95,2813014,128330.0,200381.0,3163.0,3163.0,3108.0,3134.3,31877200,3447.7,2820.9,3839.9,2896.0,3149.4,25,4,3149.2,32,1,3149.1,8,2,3149.0,9,1,3148.9,14,1,3149.8,32,3,3149.9,510,2,3150.0,98,7,3150.1,44,3,3150.3,591,5
2031,2026-06-16 14:25:03+05:30,3149.8,16,3133.95,2813083,128631.0,200155.0,3163.0,3163.0,3108.0,3134.3,31877200,3447.7,2820.9,3839.9,2896.0,3149.7,26,1,3149.4,21,3,3149.2,32,1,3149.1,15,2,3148.8,80,3,3149.8,12,1,3149.9,489,1,3150.0,40,3,3150.1,44,3,3150.2,536,3
2031,2026-06-16 14:25:04+05:30,3149.8,16,3133.95,2813083,128631.0,200155.0,3163.0,3163.0,3108.0,3134.3,31877200,3447.7,2820.9,3839.9,2896.0,3149.7,26,1,3149.4,21,3,3149.2,32,1,3149.1,15,2,3148.8,80,3,3149.8,12,1,3149.9,489,1,3150.0,40,3,3150.1,44,3,3150.2,536,3
2031,2026-06-16 14:25:04+05:30,3149.4,12,3133.95,2813326,127742.0,200250.0,3163.0,3163.0,3108.0,3134.3,31877200,3447.7,2820.9,3839.9,2896.0,3149.4,19,2,3149.1,1,1,3148.7,47,2,3148.6,16,1,3148.5,32,3,3149.9,446,1,3150.0,121,8,3150.1,44,3,3150.2,592,6,3150.3,444,3
2031,2026-06-16 14:25:05+05:30,3149.9,16,3133.95,2813326,127742.0,200250.0,3163.0,3163.0,3108.0,3134.3,31877200,3447.7,2820.9,3839.9,2896.0,3149.4,19,2,3149.1,1,1,3148.7,47,2,3148.6,16,1,3148.5,32,3,3149.9,446,1,3150.0,121,8,3150.1,44,3,3150.2,592,6,3150.3,444,3
2031,2026-06-16 14:25:06+05:30,3149.9,39,3133.95,2813412,128420.0,200084.0,3163.0,3163.0,3108.0,3134.3,31877200,3447.7,2820.9,3839.9,2896.0,3149.7,15,1,3149.4,5,2,3149.1,1,1,3148.7,47,2,3148.6,16,1,3149.9,360,1,3150.0,81,6,3150.1,74,4,3150.2,559,4,3150.3,500,5
2031,2026-06-16 14:25:06+05:30,3149.7,10,3133.95,2813412,128420.0,200084.0,3163.0,3163.0,3108.0,3134.3,31877200,3447.7,2820.9,3839.9,2896.0,3149.7,15,1,3149.4,5,2,3149.1,1,1,3148.7,47,2,3148.6,16,1,3149.9,360,1,3150.0,81,6,3150.1,74,4,3150.2,559,4,3150.3,500,5
2031,2026-06-16 14:25:07+05:30,3149.9,16,3133.95,2813520,128610.0,199895.0,3163.0,3163.0,3108.0,3134.3,31877200,3447.7,2820.9,3839.9,2896.0,3149.7,5,1,3149.4,5,2,3149.1,1,1,3148.7,47,2,3148.6,16,1,3149.9,262,1,3150.0,81,6,3150.1,74,4,3150.2,559,4,3150.3,500,5
2031,2026-06-16 14:25:07+05:30,3149.9,16,3133.95,2813520,128610.0,199895.0,3163.0,3163.0,3108.0,3134.3,31877200,3447.7,2820.9,3839.9,2896.0,3149.7,5,1,3149.4,5,2,3149.1,1,1,3148.7,47,2,3148.6,16,1,3149.9,262,1,3150.0,81,6,3150.1,74,4,3150.2,559,4,3150.3,500,5
2031,2026-06-16 14:25:08+05:30,3149.9,45,3133.95,2813565,128767.0,199745.0,3163.0,3163.0,3108.0,3134.3,31877200,3447.7,2820.9,3839.9,2896.0,3149.8,2,1,3149.7,46,2,3149.4,20,2,3149.1,49,2,3149.0,15,2,3149.9,217,1,3150.0,46,3,3150.1,11,2,3150.2,536,3,3150.3,441,3
2031,2026-06-16 14:25:08+05:30,3149.9,23,3133.95,2813565,128767.0,199745.0,3163.0,3163.0,3108.0,3134.3,31877200,3447.7,2820.9,3839.9,2896.0,3149.8,2,1,3149.7,46,2,3149.4,20,2,3149.1,49,2,3149.0,15,2,3149.9,217,1,3150.0,46,3,3150.1,11,2,3150.2,536,3,3150.3,441,3
2031,2026-06-16 14:25:09+05:30,3149.9,3,3133.95,2813639,128937.0,199397.0,3163.0,3163.0,3108.0,3134.3,31877200,3447.7,2820.9,3839.9,2896.0,3149.8,3,2,3149.7,96,3,3149.4,20,2,3149.3,12,1,3149.2,7,1,3149.9,143,1,3150.0,48,4,3150.1,11,2,3150.2,536,3,3150.3,397,2
2031,2026-06-16 14:25:09+05:30,3149.8,45,3133.95,2813639,128937.0,199397.0,3163.0,3163.0,3108.0,3134.3,31877200,3447.7,2820.9,3839.9,2896.0,3149.8,3,2,3149.7,96,3,3149.4,20,2,3149.3,12,1,3149.2,7,1,3149.9,143,1,3150.0,48,4,3150.1,11,2,3150.2,536,3,3150.3,397,2
2031,2026-06-16 14:25:10+05:30,3149.9,1,3133.96,2813986,129475.0,198633.0,3163.0,3163.0,3108.0,3134.3,31877200,3447.7,2820.9,3839.9,2896.0,3149.8,4,1,3149.7,91,3,3149.4,20,2,3149.1,1,1,3149.0,15,2,3150.0,37,3,3150.1,11,2,3150.2,53,2,3150.4,84,3,3150.5,536,3
2031,2026-06-16 14:25:10+05:30,3150.0,12,3133.96,2813986,129475.0,198633.0,3163.0,3163.0,3108.0,3134.3,31877200,3447.7,2820.9,3839.9,2896.0,3149.8,4,1,3149.7,91,3,3149.4,20,2,3149.1,1,1,3149.0,15,2,3150.0,37,3,3150.1,11,2,3150.2,53,2,3150.4,84,3,3150.5,536,3
2031,2026-06-16 14:25:11+05:30,3150.0,3,3133.96,2814075,130837.0,198716.0,3163.0,3163.0,3108.0,3134.3,31877200,3447.7,2820.9,3839.9,2896.0,3150.0,42,1,3149.9,32,1,3149.8,32,1,3149.7,105,3,3149.6,15,1,3150.1,16,1,3150.6,536,3,3150.7,486,5,3150.8,23,1,3150.9,216,2
2031,2026-06-16 14:25:11+05:30,3150.0,3,3133.96,2814075,130837.0,198716.0,3163.0,3163.0,3108.0,3134.3,31877200,3447.7,2820.9,3839.9,2896.0,3150.0,42,1,3149.9,32,1,3149.8,32,1,3149.7,105,3,3149.6,15,1,3150.1,16,1,3150.6,536,3,3150.7,486,5,3150.8,23,1,3150.9,216,2
2031,2026-06-16 14:25:12+05:30,3149.8,82,3133.96,2814296,129553.0,199134.0,3163.0,3163.0,3108.0,3134.3,31877200,3447.7,2820.9,3839.9,2896.0,3149.8,15,1,3149.7,90,3,3149.6,47,2,3149.1,22,2,3149.0,58,1,3150.5,97,6,3150.6,572,5,3150.7,456,4,3150.8,114,3,3150.9,474,4
2031,2026-06-16 14:25:12+05:30,3149.8,82,3133.96,2814296,129553.0,199134.0,3163.0,3163.0,3108.0,3134.3,31877200,3447.7,2820.9,3839.9,2896.0,3149.8,15,1,3149.7,90,3,3149.6,47,2,3149.1,22,2,3149.0,58,1,3150.5,97,6,3150.6,572,5,3150.7,456,4,3150.8,114,3,3150.9,474,4
2031,2026-06-16 14:25:13+05:30,3149.8,1,3133.96,2814296,129553.0,199134.0,3163.0,3163.0,3108.0,3134.3,31877200,3447.7,2820.9,3839.9,2896.0,3149.8,15,1,3149.7,90,3,3149.6,47,2,3149.1,22,2,3149.0,58,1,3150.5,97,6,3150.6,572,5,3150.7,456,4,3150.8,114,3,3150.9,474,4
2031,2026-06-16 14:25:13+05:30,3149.8,1,3133.96,2814374,129588.0,198897.0,3163.0,3163.0,3108.0,3134.3,31877200,3447.7,2820.9,3839.9,2896.0,3149.8,16,3,3149.7,90,3,3149.6,15,1,3149.4,32,1,3149.2,1,1,3149.9,9,1,3150.5,53,4,3150.6,536,3,3150.7,445,3,3150.8,146,6
2031,2026-06-16 14:25:14+05:30,3150.5,23,3133.96,2814374,129588.0,198897.0,3163.0,3163.0,3108.0,3134.3,31877200,3447.7,2820.9,3839.9,2896.0,3149.8,16,3,3149.7,90,3,3149.6,15,1,3149.4,32,1,3149.2,1,1,3149.9,9,1,3150.5,53,4,3150.6,536,3,3150.7,445,3,3150.8,146,6
2031,2026-06-16 14:25:14+05:30,3150.5,23,3133.96,2814417,129773.0,198822.0,3163.0,3163.0,3108.0,3134.3,31877200,3447.7,2820.9,3839.9,2896.0,3149.8,14,1,3149.7,108,4,3149.6,15,1,3149.3,25,1,3149.1,22,2,3150.5,590,5,3150.6,439,3,3150.7,6,1,3150.8,312,6,3150.9,416,3
2031,2026-06-16 14:25:15+05:30,3150.2,1,3133.96,2814417,129773.0,198822.0,3163.0,3163.0,3108.0,3134.3,31877200,3447.7,2820.9,3839.9,2896.0,3149.8,14,1,3149.7,108,4,3149.6,15,1,3149.3,25,1,3149.1,22,2,3150.5,590,5,3150.6,439,3,3150.7,6,1,3150.8,312,6,3150.9,416,3
2031,2026-06-16 14:25:15+05:30,3150.2,1,3133.96,2814430,129625.0,198796.0,3163.0,3163.0,3108.0,3134.3,31877200,3447.7,2820.9,3839.9,2896.0,3149.8,53,3,3149.7,108,4,3149.6,15,1,3149.1,22,2,3149.0,3,1,3150.4,69,4,3150.5,602,5,3150.6,501,5,3150.7,26,1,3150.8,344,7
2031,2026-06-16 14:25:16+05:30,3149.9,1,3133.96,2814430,129625.0,198796.0,3163.0,3163.0,3108.0,3134.3,31877200,3447.7,2820.9,3839.9,2896.0,3149.8,53,3,3149.7,108,4,3149.6,15,1,3149.1,22,2,3149.0,3,1,3150.4,69,4,3150.5,602,5,3150.6,501,5,3150.7,26,1,3150.8,344,7
2031,2026-06-16 14:25:16+05:30,3149.9,1,3133.96,2814432,130023.0,198779.0,3163.0,3163.0,3108.0,3134.3,31877200,3447.7,2820.9,3839.9,2896.0,3149.8,52,3,3149.7,108,4,3149.6,15,1,3149.2,12,1,3149.1,2,2,3149.9,1,1,3150.0,14,1,3150.5,528,3,3150.6,397,2,3150.7,52,2
2031,2026-06-16 14:25:17+05:30,3149.9,1,3133.96,2814432,130023.0,198779.0,3163.0,3163.0,3108.0,3134.3,31877200,3447.7,2820.9,3839.9,2896.0,3149.8,52,3,3149.7,108,4,3149.6,15,1,3149.2,12,1,3149.1,2,2,3149.9,1,1,3150.0,14,1,3150.5,528,3,3150.6,397,2,3150.7,52,2
2031,2026-06-16 14:25:17+05:30,3149.9,1,3133.96,2814433,130029.0,198828.0,3163.0,3163.0,3108.0,3134.3,31877200,3447.7,2820.9,3839.9,2896.0,3149.8,52,3,3149.7,108,4,3149.6,15,1,3149.2,12,1,3149.1,2,2,3149.9,1,1,3150.0,14,1,3150.4,1,1,3150.5,528,3,3150.6,397,2
2031,2026-06-16 14:25:18+05:30,3148.6,15,3133.96,2814433,130029.0,198828.0,3163.0,3163.0,3108.0,3134.3,31877200,3447.7,2820.9,3839.9,2896.0,3149.8,52,3,3149.7,108,4,3149.6,15,1,3149.2,12,1,3149.1,2,2,3149.9,1,1,3150.0,14,1,3150.4,1,1,3150.5,528,3,3150.6,397,2
2031,2026-06-16 14:25:18+05:30,3147.9,27,3133.96,2815366,126723.0,200957.0,3163.0,3163.0,3108.0,3134.3,31877200,3447.7,2820.9,3839.9,2896.0,3148.0,49,1,3147.9,47,3,3147.8,60,2,3147.7,42,4,3147.6,12,1,3149.3,54,3,3149.4,55,3,3149.5,39,3,3149.6,44,4,3149.7,65,3
2031,2026-06-16 14:25:19+05:30,3149.3,3,3133.96,2815366,126723.0,200957.0,3163.0,3163.0,3108.0,3134.3,31877200,3447.7,2820.9,3839.9,2896.0,3148.0,49,1,3147.9,47,3,3147.8,60,2,3147.7,42,4,3147.6,12,1,3149.3,54,3,3149.4,55,3,3149.5,39,3,3149.6,44,4,3149.7,65,3
2031,2026-06-16 14:25:19+05:30,3148.2,1,3133.96,2815427,126868.0,201132.0,3163.0,3163.0,3108.0,3134.3,31877200,3447.7,2820.9,3839.9,2896.0,3148.2,68,4,3148.1,21,3,3148.0,71,5,3147.9,73,4,3147.8,12,1,3149.4,30,2,3149.5,27,2,3149.6,27,2,3149.7,51,1,3149.8,48,1
2031,2026-06-16 14:25:20+05:30,3149.8,9,3133.96,2815427,126868.0,201132.0,3163.0,3163.0,3108.0,3134.3,31877200,3447.7,2820.9,3839.9,2896.0,3148.2,68,4,3148.1,21,3,3148.0,71,5,3147.9,73,4,3147.8,12,1,3149.4,30,2,3149.5,27,2,3149.6,27,2,3149.7,51,1,3149.8,48,1
2031,2026-06-16 14:25:20+05:30,3149.8,1,3133.96,2815446,128977.0,199674.0,3163.0,3163.0,3108.0,3134.3,31877200,3447.7,2820.9,3839.9,2896.0,3149.3,50,1,3148.8,12,1,3148.6,69,2,3148.5,143,4,3148.4,74,3,3149.8,2,1,3149.9,12,1,3150.0,141,4,3150.1,62,1,3150.2,580,5
2031,2026-06-16 14:25:21+05:30,3150.0,90,3133.96,2815446,128977.0,199674.0,3163.0,3163.0,3108.0,3134.3,31877200,3447.7,2820.9,3839.9,2896.0,3149.3,50,1,3148.8,12,1,3148.6,69,2,3148.5,143,4,3148.4,74,3,3149.8,2,1,3149.9,12,1,3150.0,141,4,3150.1,62,1,3150.2,580,5
2031,2026-06-16 14:25:21+05:30,3150.0,90,3133.96,2815557,129008.0,199383.0,3163.0,3163.0,3108.0,3134.3,31877200,3447.7,2820.9,3839.9,2896.0,3149.3,50,1,3148.8,13,2,3148.6,6,1,3148.5,80,3,3148.4,178,5,3149.8,26,1,3150.0,51,4,3150.1,42,1,3150.2,511,3,3150.3,530,5
2031,2026-06-16 14:25:22+05:30,3149.8,4,3133.96,2815557,129008.0,199383.0,3163.0,3163.0,3108.0,3134.3,31877200,3447.7,2820.9,3839.9,2896.0,3149.3,50,1,3148.8,13,2,3148.6,6,1,3148.5,80,3,3148.4,178,5,3149.8,26,1,3150.0,51,4,3150.1,42,1,3150.2,511,3,3150.3,530,5
2031,2026-06-16 14:25:22+05:30,3149.8,4,3133.96,2815562,129043.0,199354.0,3163.0,3163.0,3108.0,3134.3,31877200,3447.7,2820.9,3839.9,2896.0,3149.3,50,1,3148.8,1,1,3148.5,96,4,3148.4,170,4,3148.3,79,2,3149.8,63,3,3150.0,116,7,3150.1,601,5,3150.2,429,3,3150.3,101,2
2031,2026-06-16 14:25:23+05:30,3149.8,1,3133.96,2815562,129043.0,199354.0,3163.0,3163.0,3108.0,3134.3,31877200,3447.7,2820.9,3839.9,2896.0,3149.3,50,1,3148.8,1,1,3148.5,96,4,3148.4,170,4,3148.3,79,2,3149.8,63,3,3150.0,116,7,3150.1,601,5,3150.2,429,3,3150.3,101,2
2031,2026-06-16 14:25:23+05:30,3149.8,1,3133.96,2815563,128810.0,199662.0,3163.0,3163.0,3108.0,3134.3,31877200,3447.7,2820.9,3839.9,2896.0,3148.8,1,1,3148.5,16,1,3148.4,84,3,3148.3,79,2,3148.2,124,4,3149.8,47,3,3149.9,569,4,3150.0,513,9,3150.1,111,2,3150.2,326,5
2031,2026-06-16 14:25:24+05:30,3149.8,5,3133.96,2815563,128810.0,199662.0,3163.0,3163.0,3108.0,3134.3,31877200,3447.7,2820.9,3839.9,2896.0,3148.8,1,1,3148.5,16,1,3148.4,84,3,3148.3,79,2,3148.2,124,4,3149.8,47,3,3149.9,569,4,3150.0,513,9,3150.1,111,2,3150.2,326,5
2031,2026-06-16 14:25:24+05:30,3148.6,1,3133.96,2815619,128012.0,199789.0,3163.0,3163.0,3108.0,3134.3,31877200,3447.7,2820.9,3839.9,2896.0,3148.6,15,1,3148.5,1,1,3148.4,15,1,3148.3,32,1,3148.2,4,1,3149.7,21,1,3149.8,276,6,3149.9,810,6,3150.0,134,8,3150.1,360,4
2031,2026-06-16 14:25:25+05:30,3149.6,1,3133.96,2815619,128012.0,199789.0,3163.0,3163.0,3108.0,3134.3,31877200,3447.7,2820.9,3839.9,2896.0,3148.6,15,1,3148.5,1,1,3148.4,15,1,3148.3,32,1,3148.2,4,1,3149.7,21,1,3149.8,276,6,3149.9,810,6,3150.0,134,8,3150.1,360,4
2031,2026-06-16 14:25:25+05:30,3149.6,2,3133.96,2815636,128129.0,199691.0,3163.0,3163.0,3108.0,3134.3,31877200,3447.7,2820.9,3839.9,2896.0,3148.6,15,2,3148.4,64,2,3148.3,32,1,3148.2,4,1,3148.1,55,5,3149.6,34,2,3149.7,42,3,3149.8,109,5,3149.9,58,1,3150.0,645,11
2031,2026-06-16 14:25:26+05:30,3149.6,1,3133.96,2815636,128129.0,199691.0,3163.0,3163.0,3108.0,3134.3,31877200,3447.7,2820.9,3839.9,2896.0,3148.6,15,2,3148.4,64,2,3148.3,32,1,3148.2,4,1,3148.1,55,5,3149.6,34,2,3149.7,42,3,3149.8,109,5,3149.9,58,1,3150.0,645,11
2031,2026-06-16 14:25:26+05:30,3149.6,1,3133.96,2815638,127678.0,200507.0,3163.0,3163.0,3108.0,3134.3,31877200,3447.7,2820.9,3839.9,2896.0,3148.6,14,1,3148.4,15,1,3148.3,32,1,3148.2,16,2,3148.1,22,4,3149.1,1,1,3149.6,56,3,3149.7,53,5,3149.8,640,9,3149.9,455,3
2031,2026-06-16 14:25:27+05:30,3149.1,7,3133.96,2815645,127798.0,200601.0,3163.0,3163.0,3108.0,3134.3,31877200,3447.7,2820.9,3839.9,2896.0,3148.6,14,1,3148.4,15,1,3148.2,16,2,3148.1,21,3,3148.0,49,2,3149.1,1,1,3149.6,56,3,3149.7,555,6,3149.8,526,8,3149.9,58,1
2031,2026-06-16 14:25:28+05:30,3148.6,33,3133.96,2815645,127798.0,200601.0,3163.0,3163.0,3108.0,3134.3,31877200,3447.7,2820.9,3839.9,2896.0,3148.6,14,1,3148.4,15,1,3148.2,16,2,3148.1,21,3,3148.0,49,2,3149.1,1,1,3149.6,56,3,3149.7,555,6,3149.8,526,8,3149.9,58,1
2031,2026-06-16 14:25:28+05:30,3148.6,33,3133.97,2815994,126746.0,202003.0,3163.0,3163.0,3108.0,3134.3,31877200,3447.7,2820.9,3839.9,2896.0,3148.1,1,1,3147.9,36,2,3147.7,67,4,3147.6,76,4,3147.5,99,5,3148.6,279,1,3149.1,14,2,3149.2,51,2,3149.4,235,3,3149.5,776,6
2031,2026-06-16 14:25:29+05:30,3148.6,1,3133.97,2815994,126746.0,202003.0,3163.0,3163.0,3108.0,3134.3,31877200,3447.7,2820.9,3839.9,2896.0,3148.1,1,1,3147.9,36,2,3147.7,67,4,3147.6,76,4,3147.5,99,5,3148.6,279,1,3149.1,14,2,3149.2,51,2,3149.4,235,3,3149.5,776,6
2031,2026-06-16 14:25:29+05:30,3147.5,2,3133.97,2816043,126449.0,202400.0,3163.0,3163.0,3108.0,3134.3,31877200,3447.7,2820.9,3839.9,2896.0,3147.5,18,1,3147.4,97,2,3147.3,34,2,3147.2,67,4,3147.1,57,4,3148.6,303,3,3149.0,110,3,3149.1,63,3,3149.2,336,5,3149.3,786,5
2031,2026-06-16 14:25:30+05:30,3148.6,35,3133.97,2816043,126449.0,202400.0,3163.0,3163.0,3108.0,3134.3,31877200,3447.7,2820.9,3839.9,2896.0,3147.5,18,1,3147.4,97,2,3147.3,34,2,3147.2,67,4,3147.1,57,4,3148.6,303,3,3149.0,110,3,3149.1,63,3,3149.2,336,5,3149.3,786,5
2031,2026-06-16 14:25:30+05:30,3148.6,35,3133.97,2816083,126846.0,202052.0,3163.0,3163.0,3108.0,3134.3,31877200,3447.7,2820.9,3839.9,2896.0,3148.1,5,4,3147.9,7,1,3147.8,8,1,3147.7,15,2,3147.6,1,1,3148.6,253,3,3149.1,50,2,3149.2,60,3,3149.3,244,2,3149.4,777,6
2031,2026-06-16 14:25:31+05:30,3148.1,2,3133.97,2816083,126846.0,202052.0,3163.0,3163.0,3108.0,3134.3,31877200,3447.7,2820.9,3839.9,2896.0,3148.1,5,4,3147.9,7,1,3147.8,8,1,3147.7,15,2,3147.6,1,1,3148.6,253,3,3149.1,50,2,3149.2,60,3,3149.3,244,2,3149.4,777,6
2031,2026-06-16 14:25:31+05:30,3148.1,2,3133.97,2816083,126846.0,202052.0,3163.0,3163.0,3108.0,3134.3,31877200,3447.7,2820.9,3839.9,2896.0,3148.1,5,4,3147.9,7,1,3147.8,8,1,3147.7,15,2,3147.6,1,1,3148.6,253,3,3149.1,50,2,3149.2,60,3,3149.3,244,2,3149.4,777,6
2031,2026-06-16 14:25:31+05:30,3148.1,2,3133.97,2816096,126759.0,201913.0,3163.0,3163.0,3108.0,3134.3,31877200,3447.7,2820.9,3839.9,2896.0,3148.1,16,8,3148.0,12,2,3147.9,11,1,3147.8,27,3,3147.7,10,1,3148.6,267,4,3149.2,57,2,3149.3,244,2,3149.4,746,5,3149.5,51,2
2031,2026-06-16 14:25:32+05:30,3148.6,1,3133.97,2816096,126759.0,201913.0,3163.0,3163.0,3108.0,3134.3,31877200,3447.7,2820.9,3839.9,2896.0,3148.1,16,8,3148.0,12,2,3147.9,11,1,3147.8,27,3,3147.7,10,1,3148.6,267,4,3149.2,57,2,3149.3,244,2,3149.4,746,5,3149.5,51,2
2031,2026-06-16 14:25:32+05:30,3148.6,8,3133.97,2816107,126817.0,201448.0,3163.0,3163.0,3108.0,3134.3,31877200,3447.7,2820.9,3839.9,2896.0,3148.1,25,10,3148.0,21,2,3147.9,6,1,3147.8,27,3,3147.7,10,1,3148.6,256,4,3149.3,183,1,3149.4,746,5,3149.5,48,1,3149.6,289,7
2031,2026-06-16 14:25:33+05:30,3148.6,1,3133.97,2816107,126817.0,201448.0,3163.0,3163.0,3108.0,3134.3,31877200,3447.7,2820.9,3839.9,2896.0,3148.1,25,10,3148.0,21,2,3147.9,6,1,3147.8,27,3,3147.7,10,1,3148.6,256,4,3149.3,183,1,3149.4,746,5,3149.5,48,1,3149.6,289,7
2031,2026-06-16 14:25:33+05:30,3148.6,1,3133.97,2816107,126817.0,201448.0,3163.0,3163.0,3108.0,3134.3,31877200,3447.7,2820.9,3839.9,2896.0,3148.1,25,10,3148.0,21,2,3147.9,6,1,3147.8,27,3,3147.7,10,1,3148.6,256,4,3149.3,183,1,3149.4,746,5,3149.5,48,1,3149.6,289,7
2031,2026-06-16 14:25:33+05:30,3148.6,1,3133.97,2816109,126638.0,201631.0,3163.0,3163.0,3108.0,3134.3,31877200,3447.7,2820.9,3839.9,2896.0,3148.1,58,9,3148.0,32,3,3147.9,6,1,3147.8,27,3,3147.7,105,3,3148.6,254,4,3149.4,29,2,3149.5,231,2,3149.6,808,9,3149.7,66,3
2031,2026-06-16 14:25:34+05:30,3148.1,6,3133.97,2816244,125957.0,203288.0,3163.0,3163.0,3108.0,3134.3,31877200,3447.7,2820.9,3839.9,2896.0,3148.0,15,1,3147.4,71,5,3147.3,34,2,3147.2,63,2,3147.1,104,5,3148.1,143,1,3148.5,15,2,3148.6,244,4,3148.9,3,1,3149.0,183,1
2031,2026-06-16 14:25:35+05:30,3148.1,66,3133.97,2816244,125957.0,203288.0,3163.0,3163.0,3108.0,3134.3,31877200,3447.7,2820.9,3839.9,2896.0,3148.0,15,1,3147.4,71,5,3147.3,34,2,3147.2,63,2,3147.1,104,5,3148.1,143,1,3148.5,15,2,3148.6,244,4,3148.9,3,1,3149.0,183,1
2031,2026-06-16 14:25:35+05:30,3148.1,66,3133.97,2816244,125957.0,203288.0,3163.0,3163.0,3108.0,3134.3,31877200,3447.7,2820.9,3839.9,2896.0,3148.0,15,1,3147.4,71,5,3147.3,34,2,3147.2,63,2,3147.1,104,5,3148.1,143,1,3148.5,15,2,3148.6,244,4,3148.9,3,1,3149.0,183,1
2031,2026-06-16 14:25:36+05:30,3148.1,1,3133.97,2816432,126381.0,202847.0,3163.0,3163.0,3108.0,3134.3,31877200,3447.7,2820.9,3839.9,2896.0,3147.6,49,6,3147.5,32,3,3147.4,113,7,3147.3,88,3,3147.2,131,5,3148.1,10,1,3148.5,11,1,3148.6,189,3,3149.2,24,2,3149.3,60,3
2031,2026-06-16 14:25:36+05:30,3147.9,1,3133.97,2816432,126381.0,202847.0,3163.0,3163.0,3108.0,3134.3,31877200,3447.7,2820.9,3839.9,2896.0,3147.6,49,6,3147.5,32,3,3147.4,113,7,3147.3,88,3,3147.2,131,5,3148.1,10,1,3148.5,11,1,3148.6,189,3,3149.2,24,2,3149.3,60,3
2031,2026-06-16 14:25:37+05:30,3148.6,1,3133.97,2816458,126864.0,202148.0,3163.0,3163.0,3108.0,3134.3,31877200,3447.7,2820.9,3839.9,2896.0,3148.0,12,1,3147.9,48,8,3147.8,31,3,3147.7,96,6,3147.6,30,4,3148.6,188,3,3149.3,48,1,3149.4,21,1,3149.5,243,4,3149.6,808,9
2031,2026-06-16 14:25:37+05:30,3148.6,2,3133.97,2816458,126864.0,202148.0,3163.0,3163.0,3108.0,3134.3,31877200,3447.7,2820.9,3839.9,2896.0,3148.0,12,1,3147.9,48,8,3147.8,31,3,3147.7,96,6,3147.6,30,4,3148.6,188,3,3149.3,48,1,3149.4,21,1,3149.5,243,4,3149.6,808,9
2031,2026-06-16 14:25:38+05:30,3148.6,2,3133.97,2816458,126864.0,202148.0,3163.0,3163.0,3108.0,3134.3,31877200,3447.7,2820.9,3839.9,2896.0,3148.0,12,1,3147.9,48,8,3147.8,31,3,3147.7,96,6,3147.6,30,4,3148.6,188,3,3149.3,48,1,3149.4,21,1,3149.5,243,4,3149.6,808,9
2031,2026-06-16 14:25:38+05:30,3148.6,2,3133.97,2816460,127094.0,202135.0,3163.0,3163.0,3108.0,3134.3,31877200,3447.7,2820.9,3839.9,2896.0,3148.0,12,1,3147.9,31,6,3147.8,32,4,3147.7,73,6,3147.6,29,3,3148.6,11,2,3149.2,8,1,3149.3,48,1,3149.4,204,2,3149.5,776,6
2031,2026-06-16 14:25:38+05:30,3148.3,1,3133.97,2816460,127094.0,202135.0,3163.0,3163.0,3108.0,3134.3,31877200,3447.7,2820.9,3839.9,2896.0,3148.0,12,1,3147.9,31,6,3147.8,32,4,3147.7,73,6,3147.6,29,3,3148.6,11,2,3149.2,8,1,3149.3,48,1,3149.4,204,2,3149.5,776,6
2031,2026-06-16 14:25:39+05:30,3148.6,21,3133.97,2816482,127364.0,201974.0,3163.0,3163.0,3108.0,3134.3,31877200,3447.7,2820.9,3839.9,2896.0,3148.0,52,6,3147.9,95,8,3147.8,43,4,3147.7,99,5,3147.6,29,3,3148.6,10,1,3149.4,212,3,3149.5,624,5,3149.6,235,6,3149.7,263,3
2031,2026-06-16 14:25:39+05:30,3148.6,4,3133.97,2816482,127364.0,201974.0,3163.0,3163.0,3108.0,3134.3,31877200,3447.7,2820.9,3839.9,2896.0,3148.0,52,6,3147.9,95,8,3147.8,43,4,3147.7,99,5,3147.6,29,3,3148.6,10,1,3149.4,212,3,3149.5,624,5,3149.6,235,6,3149.7,263,3
2031,2026-06-16 14:25:40+05:30,3148.6,5,3133.97,2816545,126684.0,202355.0,3163.0,3163.0,3108.0,3134.3,31877200,3447.7,2820.9,3839.9,2896.0,3148.0,1,1,3147.9,24,3,3147.8,23,2,3147.7,31,2,3147.6,12,1,3148.6,18,2,3149.2,56,2,3149.3,255,4,3149.4,847,9,3149.5,51,2
2031,2026-06-16 14:25:40+05:30,3148.6,5,3133.97,2816545,126684.0,202355.0,3163.0,3163.0,3108.0,3134.3,31877200,3447.7,2820.9,3839.9,2896.0,3148.0,1,1,3147.9,24,3,3147.8,23,2,3147.7,31,2,3147.6,12,1,3148.6,18,2,3149.2,56,2,3149.3,255,4,3149.4,847,9,3149.5,51,2
2031,2026-06-16 14:25:40+05:30,3148.6,7,3133.97,2816545,126684.0,202355.0,3163.0,3163.0,3108.0,3134.3,31877200,3447.7,2820.9,3839.9,2896.0,3148.0,1,1,3147.9,24,3,3147.8,23,2,3147.7,31,2,3147.6,12,1,3148.6,18,2,3149.2,56,2,3149.3,255,4,3149.4,847,9,3149.5,51,2
2031,2026-06-16 14:25:41+05:30,3148.6,1,3133.97,2816554,126856.0,202283.0,3163.0,3163.0,3108.0,3134.3,31877200,3447.7,2820.9,3839.9,2896.0,3148.2,16,2,3148.0,11,1,3147.9,14,3,3147.8,12,1,3147.7,79,3,3148.6,11,2,3149.2,56,2,3149.3,23,2,3149.4,305,6,3149.5,815,7
2031,2026-06-16 14:25:41+05:30,3148.6,1,3133.97,2816554,126856.0,202283.0,3163.0,3163.0,3108.0,3134.3,31877200,3447.7,2820.9,3839.9,2896.0,3148.2,16,2,3148.0,11,1,3147.9,14,3,3147.8,12,1,3147.7,79,3,3148.6,11,2,3149.2,56,2,3149.3,23,2,3149.4,305,6,3149.5,815,7
2031,2026-06-16 14:25:41+05:30,3148.6,1,3133.97,2816554,126856.0,202283.0,3163.0,3163.0,3108.0,3134.3,31877200,3447.7,2820.9,3839.9,2896.0,3148.2,16,2,3148.0,11,1,3147.9,14,3,3147.8,12,1,3147.7,79,3,3148.6,11,2,3149.2,56,2,3149.3,23,2,3149.4,305,6,3149.5,815,7
2031,2026-06-16 14:25:42+05:30,3148.6,6,3133.97,2816563,126759.0,202323.0,3163.0,3163.0,3108.0,3134.3,31877200,3447.7,2820.9,3839.9,2896.0,3148.2,15,1,3148.1,11,1,3148.0,15,1,3147.9,1,1,3147.7,41,4,3148.6,1,1,3149.3,243,4,3149.4,766,6,3149.5,297,3,3149.6,280,6
2031,2026-06-16 14:25:42+05:30,3148.5,126,3133.97,2816563,126759.0,202323.0,3163.0,3163.0,3108.0,3134.3,31877200,3447.7,2820.9,3839.9,2896.0,3148.2,15,1,3148.1,11,1,3148.0,15,1,3147.9,1,1,3147.7,41,4,3148.6,1,1,3149.3,243,4,3149.4,766,6,3149.5,297,3,3149.6,280,6
2031,2026-06-16 14:25:43+05:30,3147.9,4,3133.97,2816881,126605.0,201847.0,3163.0,3163.0,3108.0,3134.3,31877200,3447.7,2820.9,3839.9,2896.0,3147.8,11,1,3147.7,50,5,3147.6,7,1,3147.5,10,2,3147.4,89,5,3148.4,57,1,3148.6,1,1,3149.2,22,1,3149.3,57,2,3149.4,213,4
2031,2026-06-16 14:25:43+05:30,3147.9,4,3133.97,2816881,126605.0,201847.0,3163.0,3163.0,3108.0,3134.3,31877200,3447.7,2820.9,3839.9,2896.0,3147.8,11,1,3147.7,50,5,3147.6,7,1,3147.5,10,2,3147.4,89,5,3148.4,57,1,3148.6,1,1,3149.2,22,1,3149.3,57,2,3149.4,213,4
2031,2026-06-16 14:25:43+05:30,3148.0,50,3133.97,2816881,126605.0,201847.0,3163.0,3163.0,3108.0,3134.3,31877200,3447.7,2820.9,3839.9,2896.0,3147.8,11,1,3147.7,50,5,3147.6,7,1,3147.5,10,2,3147.4,89,5,3148.4,57,1,3148.6,1,1,3149.2,22,1,3149.3,57,2,3149.4,213,4
2031,2026-06-16 14:25:44+05:30,3147.6,160,3133.98,2817695,125997.0,199105.0,3163.0,3163.0,3108.0,3134.3,31877200,3447.7,2820.9,3839.9,2896.0,3147.7,46,6,3147.6,7,1,3147.5,33,4,3147.4,69,4,3147.3,101,5,3148.4,31,2,3149.2,68,2,3149.4,32,3,3149.5,431,3,3149.6,797,7
2031,2026-06-16 14:25:44+05:30,3147.6,160,3133.98,2817695,125997.0,199105.0,3163.0,3163.0,3108.0,3134.3,31877200,3447.7,2820.9,3839.9,2896.0,3147.7,46,6,3147.6,7,1,3147.5,33,4,3147.4,69,4,3147.3,101,5,3148.4,31,2,3149.2,68,2,3149.4,32,3,3149.5,431,3,3149.6,797,7
2031,2026-06-16 14:25:44+05:30,3147.6,160,3133.98,2817695,125997.0,199105.0,3163.0,3163.0,3108.0,3134.3,31877200,3447.7,2820.9,3839.9,2896.0,3147.7,46,6,3147.6,7,1,3147.5,33,4,3147.4,69,4,3147.3,101,5,3148.4,31,2,3149.2,68,2,3149.4,32,3,3149.5,431,3,3149.6,797,7
2031,2026-06-16 14:25:44+05:30,3147.6,160,3133.98,2817695,125997.0,199105.0,3163.0,3163.0,3108.0,3134.3,31877200,3447.7,2820.9,3839.9,2896.0,3147.7,46,6,3147.6,7,1,3147.5,33,4,3147.4,69,4,3147.3,101,5,3148.4,31,2,3149.2,68,2,3149.4,32,3,3149.5,431,3,3149.6,797,7
2031,2026-06-16 14:25:45+05:30,3148.4,1,3133.98,2817727,127926.0,201733.0,3163.0,3163.0,3108.0,3134.3,31877200,3447.7,2820.9,3839.9,2896.0,3148.4,11,1,3147.8,181,4,3147.7,95,5,3147.6,63,1,3147.5,177,6,3149.0,250,1,3149.1,38,1,3149.2,48,1,3149.4,6,1,3149.5,435,4
2031,2026-06-16 14:25:45+05:30,3148.4,1,3133.98,2817727,127926.0,201733.0,3163.0,3163.0,3108.0,3134.3,31877200,3447.7,2820.9,3839.9,2896.0,3148.4,11,1,3147.8,181,4,3147.7,95,5,3147.6,63,1,3147.5,177,6,3149.0,250,1,3149.1,38,1,3149.2,48,1,3149.4,6,1,3149.5,435,4
2031,2026-06-16 14:25:45+05:30,3149.0,5,3133.98,2817727,127926.0,201733.0,3163.0,3163.0,3108.0,3134.3,31877200,3447.7,2820.9,3839.9,2896.0,3148.4,11,1,3147.8,181,4,3147.7,95,5,3147.6,63,1,3147.5,177,6,3149.0,250,1,3149.1,38,1,3149.2,48,1,3149.4,6,1,3149.5,435,4
2031,2026-06-16 14:25:45+05:30,3149.0,5,3133.98,2817727,127926.0,201733.0,3163.0,3163.0,3108.0,3134.3,31877200,3447.7,2820.9,3839.9,2896.0,3148.4,11,1,3147.8,181,4,3147.7,95,5,3147.6,63,1,3147.5,177,6,3149.0,250,1,3149.1,38,1,3149.2,48,1,3149.4,6,1,3149.5,435,4
2031,2026-06-16 14:25:46+05:30,3149.0,110,3133.98,2817923,128539.0,200784.0,3163.0,3163.0,3108.0,3134.3,31877200,3447.7,2820.9,3839.9,2896.0,3148.7,3,3,3148.6,11,1,3148.5,12,1,3148.4,1,1,3148.3,19,3,3149.0,54,1,3149.5,383,2,3149.6,749,5,3149.8,283,4,3149.9,458,3
2031,2026-06-16 14:25:46+05:30,3148.4,3,3133.98,2817923,128539.0,200784.0,3163.0,3163.0,3108.0,3134.3,31877200,3447.7,2820.9,3839.9,2896.0,3148.7,3,3,3148.6,11,1,3148.5,12,1,3148.4,1,1,3148.3,19,3,3149.0,54,1,3149.5,383,2,3149.6,749,5,3149.8,283,4,3149.9,458,3
2031,2026-06-16 14:25:46+05:30,3148.4,3,3133.98,2817923,128539.0,200784.0,3163.0,3163.0,3108.0,3134.3,31877200,3447.7,2820.9,3839.9,2896.0,3148.7,3,3,3148.6,11,1,3148.5,12,1,3148.4,1,1,3148.3,19,3,3149.0,54,1,3149.5,383,2,3149.6,749,5,3149.8,283,4,3149.9,458,3
2031,2026-06-16 14:25:47+05:30,3149.0,1,3133.98,2818162,128503.0,200857.0,3163.0,3163.0,3108.0,3134.3,31877200,3447.7,2820.9,3839.9,2896.0,3148.7,11,1,3148.2,36,4,3148.1,170,4,3148.0,131,5,3147.9,120,4,3149.0,53,1,3149.5,431,3,3149.6,749,5,3149.8,271,4,3149.9,459,4
2031,2026-06-16 14:25:47+05:30,3149.0,26,3133.98,2818162,128503.0,200857.0,3163.0,3163.0,3108.0,3134.3,31877200,3447.7,2820.9,3839.9,2896.0,3148.7,11,1,3148.2,36,4,3148.1,170,4,3148.0,131,5,3147.9,120,4,3149.0,53,1,3149.5,431,3,3149.6,749,5,3149.8,271,4,3149.9,459,4
2031,2026-06-16 14:25:47+05:30,3149.0,26,3133.98,2818162,128503.0,200857.0,3163.0,3163.0,3108.0,3134.3,31877200,3447.7,2820.9,3839.9,2896.0,3148.7,11,1,3148.2,36,4,3148.1,170,4,3148.0,131,5,3147.9,120,4,3149.0,53,1,3149.5,431,3,3149.6,749,5,3149.8,271,4,3149.9,459,4
2031,2026-06-16 14:25:48+05:30,3148.1,9,3133.98,2818389,127901.0,200679.0,3163.0,3163.0,3108.0,3134.3,31877200,3447.7,2820.9,3839.9,2896.0,3148.3,25,5,3148.2,26,3,3148.1,25,3,3148.0,20,3,3147.9,23,2,3149.0,27,1,3149.5,431,3,3149.6,770,6,3149.8,271,4,3149.9,458,3
2031,2026-06-16 14:25:48+05:30,3148.1,9,3133.98,2818389,127901.0,200679.0,3163.0,3163.0,3108.0,3134.3,31877200,3447.7,2820.9,3839.9,2896.0,3148.3,25,5,3148.2,26,3,3148.1,25,3,3148.0,20,3,3147.9,23,2,3149.0,27,1,3149.5,431,3,3149.6,770,6,3149.8,271,4,3149.9,458,3
2031,2026-06-16 14:25:48+05:30,3148.1,9,3133.98,2818389,127901.0,200679.0,3163.0,3163.0,3108.0,3134.3,31877200,3447.7,2820.9,3839.9,2896.0,3148.3,25,5,3148.2,26,3,3148.1,25,3,3148.0,20,3,3147.9,23,2,3149.0,27,1,3149.5,431,3,3149.6,770,6,3149.8,271,4,3149.9,458,3
2031,2026-06-16 14:25:49+05:30,3149.5,9,3133.98,2818672,128148.0,200484.0,3163.0,3163.0,3108.0,3134.3,31877200,3447.7,2820.9,3839.9,2896.0,3148.4,24,3,3148.3,124,7,3148.2,47,5,3148.0,24,3,3147.9,239,5,3149.5,750,5,3149.6,421,3,3149.8,268,3,3149.9,458,3,3150.0,522,3
2031,2026-06-16 14:25:49+05:30,3149.5,9,3133.98,2818672,128148.0,200484.0,3163.0,3163.0,3108.0,3134.3,31877200,3447.7,2820.9,3839.9,2896.0,3148.4,24,3,3148.3,124,7,3148.2,47,5,3148.0,24,3,3147.9,239,5,3149.5,750,5,3149.6,421,3,3149.8,268,3,3149.9,458,3,3150.0,522,3
2031,2026-06-16 14:25:49+05:30,3149.5,9,3133.98,2818672,128148.0,200484.0,3163.0,3163.0,3108.0,3134.3,31877200,3447.7,2820.9,3839.9,2896.0,3148.4,24,3,3148.3,124,7,3148.2,47,5,3148.0,24,3,3147.9,239,5,3149.5,750,5,3149.6,421,3,3149.8,268,3,3149.9,458,3,3150.0,522,3
2031,2026-06-16 14:25:50+05:30,3149.5,9,3133.98,2818672,128148.0,200484.0,3163.0,3163.0,3108.0,3134.3,31877200,3447.7,2820.9,3839.9,2896.0,3148.4,24,3,3148.3,124,7,3148.2,47,5,3148.0,24,3,3147.9,239,5,3149.5,750,5,3149.6,421,3,3149.8,268,3,3149.9,458,3,3150.0,522,3
2031,2026-06-16 14:25:50+05:30,3148.4,1,3133.98,2818690,128130.0,200363.0,3163.0,3163.0,3108.0,3134.3,31877200,3447.7,2820.9,3839.9,2896.0,3148.3,45,4,3148.2,51,5,3148.1,5,1,3148.0,19,2,3147.9,35,3,3148.4,1,1,3149.4,22,1,3149.5,409,3,3149.6,769,6,3149.8,268,3
2031,2026-06-16 14:25:50+05:30,3148.4,1,3133.98,2818690,128130.0,200363.0,3163.0,3163.0,3108.0,3134.3,31877200,3447.7,2820.9,3839.9,2896.0,3148.3,45,4,3148.2,51,5,3148.1,5,1,3148.0,19,2,3147.9,35,3,3148.4,1,1,3149.4,22,1,3149.5,409,3,3149.6,769,6,3149.8,268,3
2031,2026-06-16 14:25:50+05:30,3148.4,1,3133.98,2818690,128130.0,200363.0,3163.0,3163.0,3108.0,3134.3,31877200,3447.7,2820.9,3839.9,2896.0,3148.3,45,4,3148.2,51,5,3148.1,5,1,3148.0,19,2,3147.9,35,3,3148.4,1,1,3149.4,22,1,3149.5,409,3,3149.6,769,6,3149.8,268,3
2031,2026-06-16 14:25:51+05:30,3148.4,1,3133.98,2818745,128012.0,201071.0,3163.0,3163.0,3108.0,3134.3,31877200,3447.7,2820.9,3839.9,2896.0,3148.3,1,1,3148.2,14,1,3148.0,5,1,3147.9,24,2,3147.8,41,4,3149.4,98,4,3149.5,527,7,3149.6,847,8,3149.7,19,1,3149.8,301,4
2031,2026-06-16 14:25:51+05:30,3148.4,1,3133.98,2818745,128012.0,201071.0,3163.0,3163.0,3108.0,3134.3,31877200,3447.7,2820.9,3839.9,2896.0,3148.3,1,1,3148.2,14,1,3148.0,5,1,3147.9,24,2,3147.8,41,4,3149.4,98,4,3149.5,527,7,3149.6,847,8,3149.7,19,1,3149.8,301,4
2031,2026-06-16 14:25:51+05:30,3148.4,1,3133.98,2818745,128012.0,201071.0,3163.0,3163.0,3108.0,3134.3,31876400,3447.7,2820.9,3839.9,2896.0,3148.3,1,1,3148.2,14,1,3148.0,5,1,3147.9,24,2,3147.8,41,4,3149.4,98,4,3149.5,527,7,3149.6,847,8,3149.7,19,1,3149.8,301,4
2031,2026-06-16 14:25:52+05:30,3149.5,3,3133.98,2818802,128913.0,200665.0,3163.0,3163.0,3108.0,3134.3,31876400,3447.7,2820.9,3839.9,2896.0,3148.4,18,2,3148.3,104,4,3148.2,61,2,3148.1,12,1,3148.0,114,3,3149.4,1,1,3149.5,732,7,3149.6,421,3,3149.7,1,1,3149.8,268,3
2031,2026-06-16 14:25:52+05:30,3149.4,1,3133.98,2818802,128913.0,200665.0,3163.0,3163.0,3108.0,3134.3,31876400,3447.7,2820.9,3839.9,2896.0,3148.4,18,2,3148.3,104,4,3148.2,61,2,3148.1,12,1,3148.0,114,3,3149.4,1,1,3149.5,732,7,3149.6,421,3,3149.7,1,1,3149.8,268,3
2031,2026-06-16 14:25:53+05:30,3149.4,1,3133.98,2818803,129355.0,198562.0,3163.0,3163.0,3108.0,3134.3,31876400,3447.7,2820.9,3839.9,2896.0,3148.6,17,1,3148.4,2,1,3148.3,7,1,3148.2,75,2,3148.1,75,2,3149.4,1,1,3149.5,684,6,3149.6,421,3,3149.7,1,1,3149.8,268,3
2031,2026-06-16 14:25:54+05:30,3148.8,1,3133.98,2818804,129515.0,200220.0,3163.0,3163.0,3108.0,3134.3,31876400,3447.7,2820.9,3839.9,2896.0,3148.8,16,1,3148.6,10,1,3148.4,2,1,3148.3,7,1,3148.2,100,3,3149.4,1,1,3149.5,356,4,3149.6,797,6,3149.8,249,3,3149.9,461,4
2031,2026-06-16 14:25:54+05:30,3148.8,1,3133.98,2818804,129515.0,200220.0,3163.0,3163.0,3108.0,3134.3,31876400,3447.7,2820.9,3839.9,2896.0,3148.8,16,1,3148.6,10,1,3148.4,2,1,3148.3,7,1,3148.2,100,3,3149.4,1,1,3149.5,356,4,3149.6,797,6,3149.8,249,3,3149.9,461,4
2031,2026-06-16 14:25:55+05:30,3149.4,4,3133.98,2818809,129558.0,200316.0,3163.0,3163.0,3108.0,3134.3,31876400,3447.7,2820.9,3839.9,2896.0,3148.8,17,2,3148.6,10,1,3148.4,2,1,3148.3,7,1,3148.2,28,2,3149.5,684,6,3149.6,422,4,3149.7,24,1,3149.8,476,4,3149.9,493,5
2031,2026-06-16 14:25:55+05:30,3149.5,3,3133.98,2818809,129558.0,200316.0,3163.0,3163.0,3108.0,3134.3,31876400,3447.7,2820.9,3839.9,2896.0,3148.8,17,2,3148.6,10,1,3148.4,2,1,3148.3,7,1,3148.2,28,2,3149.5,684,6,3149.6,422,4,3149.7,24,1,3149.8,476,4,3149.9,493,5
2031,2026-06-16 14:25:56+05:30,3149.5,1,3133.98,2818813,129675.0,200133.0,3163.0,3163.0,3108.0,3134.3,31876400,3447.7,2820.9,3839.9,2896.0,3149.1,15,1,3148.8,1,1,3148.6,25,2,3148.4,2,1,3148.3,7,1,3149.5,695,6,3149.6,421,3,3149.7,25,2,3149.8,448,3,3149.9,493,5
2031,2026-06-16 14:25:56+05:30,3149.1,9,3133.98,2818813,129675.0,200133.0,3163.0,3163.0,3108.0,3134.3,31876400,3447.7,2820.9,3839.9,2896.0,3149.1,15,1,3148.8,1,1,3148.6,25,2,3148.4,2,1,3148.3,7,1,3149.5,695,6,3149.6,421,3,3149.7,25,2,3149.8,448,3,3149.9,493,5
2031,2026-06-16 14:25:57+05:30,3149.5,21,3133.98,2818994,129799.0,199914.0,3163.0,3163.0,3108.0,3134.3,31876400,3447.7,2820.9,3839.9,2896.0,3148.8,15,2,3148.6,10,1,3148.4,2,1,3148.3,18,2,3148.2,105,2,3149.5,523,5,3149.6,447,4,3149.8,448,3,3149.9,493,5,3150.0,532,3
2031,2026-06-16 14:25:57+05:30,3149.5,21,3133.98,2818994,129799.0,199914.0,3163.0,3163.0,3108.0,3134.3,31876400,3447.7,2820.9,3839.9,2896.0,3148.8,15,2,3148.6,10,1,3148.4,2,1,3148.3,18,2,3148.2,105,2,3149.5,523,5,3149.6,447,4,3149.8,448,3,3149.9,493,5,3150.0,532,3
2031,2026-06-16 14:25:58+05:30,3149.5,1,3133.98,2818995,129805.0,199713.0,3163.0,3163.0,3108.0,3134.3,31876400,3447.7,2820.9,3839.9,2896.0,3148.8,15,2,3148.6,10,1,3148.4,2,1,3148.3,18,2,3148.2,105,2,3149.5,522,5,3149.6,447,4,3149.7,1,1,3149.8,248,2,3149.9,493,5
2031,2026-06-16 14:25:58+05:30,3149.5,1,3133.98,2818995,129805.0,199713.0,3163.0,3163.0,3108.0,3134.3,31876400,3447.7,2820.9,3839.9,2896.0,3148.8,15,2,3148.6,10,1,3148.4,2,1,3148.3,18,2,3148.2,105,2,3149.5,522,5,3149.6,447,4,3149.7,1,1,3149.8,248,2,3149.9,493,5
2031,2026-06-16 14:25:59+05:30,3149.5,1,3133.98,2818995,129806.0,199714.0,3163.0,3163.0,3108.0,3134.3,31876400,3447.7,2820.9,3839.9,2896.0,3148.8,15,2,3148.6,10,1,3148.4,2,1,3148.3,18,2,3148.2,105,2,3149.5,522,5,3149.6,447,4,3149.7,1,1,3149.8,248,2,3149.9,493,5
2031,2026-06-16 14:26:00+05:30,3148.8,1,3133.98,2818999,129861.0,199744.0,3163.0,3163.0,3108.0,3134.3,31876400,3447.7,2820.9,3839.9,2896.0,3148.8,17,2,3148.6,26,2,3148.4,13,2,3148.3,7,1,3148.2,105,2,3149.5,195,4,3149.6,749,5,3149.8,249,3,3149.9,461,4,3150.0,556,4
2031,2026-06-16 14:26:00+05:30,3148.8,1,3133.98,2818999,129861.0,199744.0,3163.0,3163.0,3108.0,3134.3,31876400,3447.7,2820.9,3839.9,2896.0,3148.8,17,2,3148.6,26,2,3148.4,13,2,3148.3,7,1,3148.2,105,2,3149.5,195,4,3149.6,749,5,3149.8,249,3,3149.9,461,4,3150.0,556,4
2031,2026-06-16 14:26:01+05:30,3149.5,1,3133.98,2819000,129555.0,199989.0,3163.0,3163.0,3108.0,3134.3,31876400,3447.7,2820.9,3839.9,2896.0,3149.2,2,2,3148.8,18,3,3148.6,26,2,3148.4,13,2,3148.3,42,4,3149.5,522,6,3149.6,421,3,3149.8,449,4,3149.9,403,3,3150.0,549,4
2031,2026-06-16 14:26:01+05:30,3148.8,3,3133.98,2819000,129555.0,199989.0,3163.0,3163.0,3108.0,3134.3,31876400,3447.7,2820.9,3839.9,2896.0,3149.2,2,2,3148.8,18,3,3148.6,26,2,3148.4,13,2,3148.3,42,4,3149.5,522,6,3149.6,421,3,3149.8,449,4,3149.9,403,3,3150.0,549,4
2031,2026-06-16 14:26:02+05:30,3149.5,1,3133.98,2819058,129679.0,200017.0,3163.0,3163.0,3108.0,3134.3,31876400,3447.7,2820.9,3839.9,2896.0,3149.1,18,1,3148.8,7,2,3148.7,12,1,3148.6,26,2,3148.3,3,1,3149.5,520,7,3149.6,447,4,3149.8,490,6,3149.9,423,4,3150.0,539,4
2031,2026-06-16 14:26:02+05:30,3148.1,12,3133.98,2819058,129679.0,200017.0,3163.0,3163.0,3108.0,3134.3,31876400,3447.7,2820.9,3839.9,2896.0,3149.1,18,1,3148.8,7,2,3148.7,12,1,3148.6,26,2,3148.3,3,1,3149.5,520,7,3149.6,447,4,3149.8,490,6,3149.9,423,4,3150.0,539,4
2031,2026-06-16 14:26:03+05:30,3149.2,16,3133.98,2819457,129616.0,200585.0,3163.0,3163.0,3108.0,3134.3,31876400,3447.7,2820.9,3839.9,2896.0,3149.3,1,1,3149.2,6,1,3148.8,20,3,3148.3,63,1,3148.1,63,1,3149.4,40,2,3149.5,545,8,3149.6,516,7,3149.7,24,1,3149.8,611,7
2031,2026-06-16 14:26:03+05:30,3149.4,1,3133.98,2819457,129616.0,200585.0,3163.0,3163.0,3108.0,3134.3,31876400,3447.7,2820.9,3839.9,2896.0,3149.3,1,1,3149.2,6,1,3148.8,20,3,3148.3,63,1,3148.1,63,1,3149.4,40,2,3149.5,545,8,3149.6,516,7,3149.7,24,1,3149.8,611,7
2031,2026-06-16 14:26:04+05:30,3149.3,5,3133.98,2819518,128922.0,200728.0,3163.0,3163.0,3108.0,3134.3,31876400,3447.7,2820.9,3839.9,2896.0,3148.8,19,2,3148.1,24,2,3148.0,38,2,3147.9,22,1,3147.8,166,2,3149.3,155,1,3149.4,88,4,3149.5,522,8,3149.6,547,7,3149.8,510,4
2031,2026-06-16 14:26:04+05:30,3149.2,10,3133.98,2819518,128922.0,200728.0,3163.0,3163.0,3108.0,3134.3,31876400,3447.7,2820.9,3839.9,2896.0,3148.8,19,2,3148.1,24,2,3148.0,38,2,3147.9,22,1,3147.8,166,2,3149.3,155,1,3149.4,88,4,3149.5,522,8,3149.6,547,7,3149.8,510,4
2031,2026-06-16 14:26:05+05:30,3149.2,8,3133.98,2819536,129005.0,200650.0,3163.0,3163.0,3108.0,3134.3,31876400,3447.7,2820.9,3839.9,2896.0,3148.8,19,2,3148.1,21,1,3148.0,24,2,3147.9,48,2,3147.8,184,3,3149.2,15,1,3149.3,207,4,3149.4,24,2,3149.5,497,7,3149.6,514,6
2031,2026-06-16 14:26:05+05:30,3149.3,10,3133.98,2819536,129005.0,200650.0,3163.0,3163.0,3108.0,3134.3,31876400,3447.7,2820.9,3839.9,2896.0,3148.8,19,2,3148.1,21,1,3148.0,24,2,3147.9,48,2,3147.8,184,3,3149.2,15,1,3149.3,207,4,3149.4,24,2,3149.5,497,7,3149.6,514,6
2031,2026-06-16 14:26:06+05:30,3149.2,5,3133.98,2819572,129104.0,200590.0,3163.0,3163.0,3108.0,3134.3,31876400,3447.7,2820.9,3839.9,2896.0,3148.8,19,2,3148.2,163,1,3148.1,32,2,3148.0,75,2,3147.9,51,3,3149.2,9,1,3149.3,182,3,3149.4,24,2,3149.5,496,6,3149.6,472,5
2031,2026-06-16 14:26:06+05:30,3149.1,10,3133.98,2819572,129104.0,200590.0,3163.0,3163.0,3108.0,3134.3,31876400,3447.7,2820.9,3839.9,2896.0,3148.8,19,2,3148.2,163,1,3148.1,32,2,3148.0,75,2,3147.9,51,3,3149.2,9,1,3149.3,182,3,3149.4,24,2,3149.5,496,6,3149.6,472,5
2031,2026-06-16 14:26:07+05:30,3149.1,10,3133.99,2819582,129125.0,200749.0,3163.0,3163.0,3108.0,3134.3,31876400,3447.7,2820.9,3839.9,2896.0,3149.1,6,1,3148.8,27,3,3148.1,32,2,3147.9,238,4,3147.8,71,3,3149.2,3,2,3149.3,158,2,3149.4,24,2,3149.5,510,7,3149.6,473,6
2031,2026-06-16 14:26:07+05:30,3149.1,6,3133.99,2819582,129125.0,200749.0,3163.0,3163.0,3108.0,3134.3,31876400,3447.7,2820.9,3839.9,2896.0,3149.1,6,1,3148.8,27,3,3148.1,32,2,3147.9,238,4,3147.8,71,3,3149.2,3,2,3149.3,158,2,3149.4,24,2,3149.5,510,7,3149.6,473,6
2031,2026-06-16 14:26:08+05:30,3149.1,8,3133.99,2819596,129100.0,200759.0,3163.0,3163.0,3108.0,3134.3,31876400,3447.7,2820.9,3839.9,2896.0,3149.1,8,1,3148.8,24,2,3148.1,32,2,3147.9,51,3,3147.8,71,3,3149.2,66,5,3149.3,168,3,3149.4,56,3,3149.5,518,8,3149.6,504,6
2031,2026-06-16 14:26:08+05:30,3149.3,1,3133.99,2819596,129100.0,200759.0,3163.0,3163.0,3108.0,3134.3,31876400,3447.7,2820.9,3839.9,2896.0,3149.1,8,1,3148.8,24,2,3148.1,32,2,3147.9,51,3,3147.8,71,3,3149.2,66,5,3149.3,168,3,3149.4,56,3,3149.5,518,8,3149.6,504,6
2031,2026-06-16 14:26:09+05:30,3149.3,1,3133.99,2819667,129620.0,198784.0,3163.0,3163.0,3108.0,3134.3,31876400,3447.7,2820.9,3839.9,2896.0,3149.1,18,2,3148.8,24,2,3148.1,32,2,3148.0,66,2,3147.9,48,2,3149.3,156,2,3149.4,24,2,3149.5,516,6,3149.6,498,6,3149.7,1,1
2031,2026-06-16 14:26:09+05:30,3149.3,1,3133.99,2819667,129620.0,198784.0,3163.0,3163.0,3108.0,3134.3,31876400,3447.7,2820.9,3839.9,2896.0,3149.1,18,2,3148.8,24,2,3148.1,32,2,3148.0,66,2,3147.9,48,2,3149.3,156,2,3149.4,24,2,3149.5,516,6,3149.6,498,6,3149.7,1,1
2031,2026-06-16 14:26:10+05:30,3149.3,5,3133.99,2819682,129675.0,200893.0,3163.0,3163.0,3108.0,3134.3,31876400,3447.7,2820.9,3839.9,2896.0,3149.1,14,2,3148.8,24,2,3148.1,32,2,3148.0,66,2,3147.9,48,2,3149.3,161,3,3149.4,7,1,3149.5,517,7,3149.6,503,6,3149.8,601,7
2031,2026-06-16 14:26:10+05:30,3149.1,5,3133.99,2819682,129675.0,200893.0,3163.0,3163.0,3108.0,3134.3,31876400,3447.7,2820.9,3839.9,2896.0,3149.1,14,2,3148.8,24,2,3148.1,32,2,3148.0,66,2,3147.9,48,2,3149.3,161,3,3149.4,7,1,3149.5,517,7,3149.6,503,6,3149.8,601,7
2031,2026-06-16 14:26:11+05:30,3149.1,1,3133.99,2819794,129725.0,200811.0,3163.0,3163.0,3108.0,3134.3,31876400,3447.7,2820.9,3839.9,2896.0,3149.1,16,2,3148.8,40,3,3148.6,7,1,3148.5,8,1,3148.3,186,1,3149.3,101,3,3149.4,7,1,3149.5,495,5,3149.6,424,4,3149.8,562,5
2031,2026-06-16 14:26:11+05:30,3149.1,1,3133.99,2819794,129725.0,200811.0,3163.0,3163.0,3108.0,3134.3,31876400,3447.7,2820.9,3839.9,2896.0,3149.1,16,2,3148.8,40,3,3148.6,7,1,3148.5,8,1,3148.3,186,1,3149.3,101,3,3149.4,7,1,3149.5,495,5,3149.6,424,4,3149.8,562,5
2031,2026-06-16 14:26:12+05:30,3149.3,1,3133.99,2819804,130286.0,200921.0,3163.0,3163.0,3108.0,3134.3,31876400,3447.7,2820.9,3839.9,2896.0,3149.1,18,3,3148.8,40,3,3148.6,7,1,3148.5,8,1,3148.4,78,3,3149.3,91,3,3149.4,7,1,3149.5,495,5,3149.6,421,3,3149.8,510,4
2031,2026-06-16 14:26:12+05:30,3149.3,1,3133.99,2819804,130286.0,200921.0,3163.0,3163.0,3108.0,3134.3,31876400,3447.7,2820.9,3839.9,2896.0,3149.1,18,3,3148.8,40,3,3148.6,7,1,3148.5,8,1,3148.4,78,3,3149.3,91,3,3149.4,7,1,3149.5,495,5,3149.6,421,3,3149.8,510,4
2031,2026-06-16 14:26:13+05:30,3149.1,14,3133.99,2820006,129947.0,198364.0,3163.0,3163.0,3108.0,3134.3,31876400,3447.7,2820.9,3839.9,2896.0,3149.1,20,4,3148.8,27,2,3148.7,5,1,3148.6,7,1,3148.5,30,4,3149.3,89,3,3149.5,14,2,3149.6,24,1,3149.8,110,2,3149.9,20,1
2031,2026-06-16 14:26:13+05:30,3149.3,13,3133.99,2820006,129947.0,198364.0,3163.0,3163.0,3108.0,3134.3,31876400,3447.7,2820.9,3839.9,2896.0,3149.1,20,4,3148.8,27,2,3148.7,5,1,3148.6,7,1,3148.5,30,4,3149.3,89,3,3149.5,14,2,3149.6,24,1,3149.8,110,2,3149.9,20,1
2031,2026-06-16 14:26:14+05:30,3149.5,1,3133.99,2820096,130279.0,200456.0,3163.0,3163.0,3108.0,3134.3,31876400,3447.7,2820.9,3839.9,2896.0,3149.1,4,3,3148.8,26,2,3148.7,5,1,3148.6,7,1,3148.5,78,5,3149.5,13,2,3149.6,24,1,3149.8,110,2,3149.9,20,1,3150.0,539,4
2031,2026-06-16 14:26:14+05:30,3149.5,1,3133.99,2820096,130279.0,200456.0,3163.0,3163.0,3108.0,3134.3,31876400,3447.7,2820.9,3839.9,2896.0,3149.1,4,3,3148.8,26,2,3148.7,5,1,3148.6,7,1,3148.5,78,5,3149.5,13,2,3149.6,24,1,3149.8,110,2,3149.9,20,1,3150.0,539,4
2031,2026-06-16 14:26:15+05:30,3149.5,1,3133.99,2820116,130296.0,200291.0,3163.0,3163.0,3108.0,3134.3,31876400,3447.7,2820.9,3839.9,2896.0,3149.1,19,4,3148.8,22,2,3148.7,20,2,3148.5,62,3,3148.4,28,2,3149.5,3,1,3149.6,24,1,3149.8,110,2,3149.9,20,1,3150.0,539,4
2031,2026-06-16 14:26:15+05:30,3149.5,3,3133.99,2820116,130296.0,200291.0,3163.0,3163.0,3108.0,3134.3,31876400,3447.7,2820.9,3839.9,2896.0,3149.1,19,4,3148.8,22,2,3148.7,20,2,3148.5,62,3,3148.4,28,2,3149.5,3,1,3149.6,24,1,3149.8,110,2,3149.9,20,1,3150.0,539,4
2031,2026-06-16 14:26:16+05:30,3149.5,2,3133.99,2820124,130503.0,200248.0,3163.0,3163.0,3108.0,3134.3,31876400,3447.7,2820.9,3839.9,2896.0,3149.5,7,1,3149.3,2,2,3149.1,26,4,3149.0,11,1,3148.8,42,4,3149.6,21,1,3149.8,110,2,3149.9,20,1,3150.0,500,1,3150.1,481,3
2031,2026-06-16 14:26:16+05:30,3149.2,4,3133.99,2820124,130503.0,200248.0,3163.0,3163.0,3108.0,3134.3,31876400,3447.7,2820.9,3839.9,2896.0,3149.5,7,1,3149.3,2,2,3149.1,26,4,3149.0,11,1,3148.8,42,4,3149.6,21,1,3149.8,110,2,3149.9,20,1,3150.0,500,1,3150.1,481,3
2031,2026-06-16 14:26:17+05:30,3149.2,4,3133.99,2820133,130406.0,200502.0,3163.0,3163.0,3108.0,3134.3,31876400,3447.7,2820.9,3839.9,2896.0,3149.5,4,1,3149.1,18,3,3148.8,34,3,3148.7,8,1,3148.6,10,1,3149.6,35,2,3149.8,110,2,3149.9,20,1,3150.0,1023,7,3150.1,397,2
2031,2026-06-16 14:26:18+05:30,3149.6,1,3133.99,2820134,130434.0,200503.0,3163.0,3163.0,3108.0,3134.3,31876400,3447.7,2820.9,3839.9,2896.0,3149.5,4,1,3149.1,18,3,3148.8,34,3,3148.7,8,1,3148.6,10,1,3149.6,34,2,3149.8,110,2,3149.9,20,1,3150.0,1023,7,3150.1,397,2
2031,2026-06-16 14:26:18+05:30,3148.8,4,3133.99,2820134,130434.0,200503.0,3163.0,3163.0,3108.0,3134.3,31876400,3447.7,2820.9,3839.9,2896.0,3149.5,4,1,3149.1,18,3,3148.8,34,3,3148.7,8,1,3148.6,10,1,3149.6,34,2,3149.8,110,2,3149.9,20,1,3150.0,1023,7,3150.1,397,2
2031,2026-06-16 14:26:19+05:30,3149.6,1,3133.99,2820188,130492.0,200119.0,3163.0,3163.0,3108.0,3134.3,31876400,3447.7,2820.9,3839.9,2896.0,3149.5,2,2,3149.3,16,1,3148.7,12,1,3148.6,164,1,3148.5,105,4,3149.6,26,2,3149.8,110,2,3149.9,20,1,3150.0,548,5,3150.1,91,3
2031,2026-06-16 14:26:19+05:30,3149.6,1,3133.99,2820188,130492.0,200119.0,3163.0,3163.0,3108.0,3134.3,31876400,3447.7,2820.9,3839.9,2896.0,3149.5,2,2,3149.3,16,1,3148.7,12,1,3148.6,164,1,3148.5,105,4,3149.6,26,2,3149.8,110,2,3149.9,20,1,3150.0,548,5,3150.1,91,3
2031,2026-06-16 14:26:20+05:30,3149.6,2,3133.99,2820196,130997.0,200061.0,3163.0,3163.0,3108.0,3134.3,31876400,3447.7,2820.9,3839.9,2896.0,3149.5,1,1,3148.8,26,2,3148.6,164,1,3148.5,105,4,3148.4,78,4,3149.6,22,2,3149.8,110,2,3149.9,20,1,3150.0,540,4,3150.1,91,3
2031,2026-06-16 14:26:20+05:30,3149.5,1,3133.99,2820196,130997.0,200061.0,3163.0,3163.0,3108.0,3134.3,31876400,3447.7,2820.9,3839.9,2896.0,3149.5,1,1,3148.8,26,2,3148.6,164,1,3148.5,105,4,3148.4,78,4,3149.6,22,2,3149.8,110,2,3149.9,20,1,3150.0,540,4,3150.1,91,3
2031,2026-06-16 14:26:21+05:30,3149.5,1,3133.99,2820197,130898.0,200071.0,3163.0,3163.0,3108.0,3134.3,31876400,3447.7,2820.9,3839.9,2896.0,3149.5,1,1,3148.8,15,1,3148.6,12,1,3148.5,45,2,3148.4,29,3,3149.6,22,2,3149.8,110,2,3149.9,68,2,3150.0,541,5,3150.1,579,6
2031,2026-06-16 14:26:22+05:30,3149.6,2,3133.99,2820200,130057.0,200658.0,3163.0,3163.0,3108.0,3134.3,31876400,3447.7,2820.9,3839.9,2896.0,3148.8,19,3,3148.5,42,3,3148.4,22,3,3148.3,19,2,3148.2,38,3,3149.0,200,1,3149.6,20,3,3149.8,110,2,3149.9,141,2,3150.0,1053,10
2031,2026-06-16 14:26:22+05:30,3149.0,1,3133.99,2820200,130057.0,200658.0,3163.0,3163.0,3108.0,3134.3,31876400,3447.7,2820.9,3839.9,2896.0,3148.8,19,3,3148.5,42,3,3148.4,22,3,3148.3,19,2,3148.2,38,3,3149.0,200,1,3149.6,20,3,3149.8,110,2,3149.9,141,2,3150.0,1053,10
2031,2026-06-16 14:26:23+05:30,3148.8,10,3133.99,2820377,130567.0,199797.0,3163.0,3163.0,3108.0,3134.3,31876400,3447.7,2820.9,3839.9,2896.0,3148.8,16,6,3148.7,3,1,3148.6,31,4,3148.5,65,3,3148.4,27,4,3149.0,48,2,3149.6,1,1,3149.8,110,2,3149.9,20,1,3150.0,555,4
2031,2026-06-16 14:26:23+05:30,3149.0,1,3133.99,2820377,130567.0,199797.0,3163.0,3163.0,3108.0,3134.3,31876400,3447.7,2820.9,3839.9,2896.0,3148.8,16,6,3148.7,3,1,3148.6,31,4,3148.5,65,3,3148.4,27,4,3149.0,48,2,3149.6,1,1,3149.8,110,2,3149.9,20,1,3150.0,555,4
2031,2026-06-16 14:26:24+05:30,3149.0,4,3133.99,2820382,130762.0,200281.0,3163.0,3163.0,3108.0,3134.3,31876400,3447.7,2820.9,3839.9,2896.0,3148.8,8,2,3148.7,3,1,3148.6,28,3,3148.5,65,3,3148.4,15,3,3149.0,43,2,3149.6,1,1,3149.8,110,2,3149.9,20,1,3150.0,562,5
2031,2026-06-16 14:26:24+05:30,3149.0,14,3133.99,2820382,130762.0,200281.0,3163.0,3163.0,3108.0,3134.3,31876400,3447.7,2820.9,3839.9,2896.0,3148.8,8,2,3148.7,3,1,3148.6,28,3,3148.5,65,3,3148.4,15,3,3149.0,43,2,3149.6,1,1,3149.8,110,2,3149.9,20,1,3150.0,562,5
2031,2026-06-16 14:26:25+05:30,3149.0,9,3133.99,2820684,131157.0,200113.0,3163.0,3163.0,3108.0,3134.3,31876400,3447.7,2820.9,3839.9,2896.0,3149.0,5,1,3148.6,171,1,3148.5,66,7,3148.4,24,4,3148.3,91,3,3149.6,1,1,3149.8,110,2,3149.9,68,2,3150.0,504,2,3150.1,244,4
2031,2026-06-16 14:26:25+05:30,3149.0,9,3133.99,2820684,131157.0,200113.0,3163.0,3163.0,3108.0,3134.3,31876400,3447.7,2820.9,3839.9,2896.0,3149.0,5,1,3148.6,171,1,3148.5,66,7,3148.4,24,4,3148.3,91,3,3149.6,1,1,3149.8,110,2,3149.9,68,2,3150.0,504,2,3150.1,244,4
2031,2026-06-16 14:26:26+05:30,3149.8,1,3133.99,2820720,131039.0,199453.0,3163.0,3163.0,3108.0,3134.3,31876400,3447.7,2820.9,3839.9,2896.0,3148.6,20,1,3148.5,59,4,3148.4,24,4,3148.3,7,1,3148.2,29,3,3149.8,101,2,3149.9,113,4,3150.0,509,3,3150.1,555,5,3150.2,678,6
2031,2026-06-16 14:26:26+05:30,3149.8,1,3133.99,2820720,131039.0,199453.0,3163.0,3163.0,3108.0,3134.3,31876400,3447.7,2820.9,3839.9,2896.0,3148.6,20,1,3148.5,59,4,3148.4,24,4,3148.3,7,1,3148.2,29,3,3149.8,101,2,3149.9,113,4,3150.0,509,3,3150.1,555,5,3150.2,678,6
2031,2026-06-16 14:26:27+05:30,3149.1,2,3133.99,2820722,130972.0,199800.0,3163.0,3163.0,3108.0,3134.3,31876400,3447.7,2820.9,3839.9,2896.0,3148.6,44,3,3148.5,26,2,3148.4,4,2,3148.3,55,2,3148.2,92,4,3149.1,1,1,3149.8,121,3,3149.9,84,3,3150.0,1016,6,3150.1,671,5
2031,2026-06-16 14:26:27+05:30,3149.1,2,3133.99,2820722,130972.0,199800.0,3163.0,3163.0,3108.0,3134.3,31876400,3447.7,2820.9,3839.9,2896.0,3148.6,44,3,3148.5,26,2,3148.4,4,2,3148.3,55,2,3148.2,92,4,3149.1,1,1,3149.8,121,3,3149.9,84,3,3150.0,1016,6,3150.1,671,5
2031,2026-06-16 14:26:28+05:30,3149.1,1,3133.99,2820724,130658.0,200312.0,3163.0,3163.0,3108.0,3134.3,31876400,3447.7,2820.9,3839.9,2896.0,3148.6,44,3,3148.5,34,3,3148.4,4,2,3148.3,67,3,3148.2,92,4,3149.1,1,1,3149.8,121,3,3149.9,210,4,3150.0,1016,6,3150.1,671,5
2031,2026-06-16 14:26:28+05:30,3149.1,1,3133.99,2820724,130658.0,200312.0,3163.0,3163.0,3108.0,3134.3,31876400,3447.7,2820.9,3839.9,2896.0,3148.6,44,3,3148.5,34,3,3148.4,4,2,3148.3,67,3,3148.2,92,4,3149.1,1,1,3149.8,121,3,3149.9,210,4,3150.0,1016,6,3150.1,671,5
2031,2026-06-16 14:26:29+05:30,3149.1,1,3133.99,2820724,130690.0,200312.0,3163.0,3163.0,3108.0,3134.3,31876400,3447.7,2820.9,3839.9,2896.0,3148.6,44,3,3148.5,50,4,3148.4,4,2,3148.3,67,3,3148.2,92,4,3149.1,1,1,3149.8,121,3,3149.9,210,4,3150.0,1016,6,3150.1,671,5
2031,2026-06-16 14:26:30+05:30,3149.0,4,3133.99,2820731,130785.0,200217.0,3163.0,3163.0,3108.0,3134.3,31876400,3447.7,2820.9,3839.9,2896.0,3149.0,1,1,3148.6,56,4,3148.5,26,2,3148.4,16,3,3148.3,79,3,3149.1,37,4,3149.8,101,2,3149.9,87,4,3150.0,705,5,3150.1,1008,9
2031,2026-06-16 14:26:30+05:30,3149.1,2,3133.99,2820731,130785.0,200217.0,3163.0,3163.0,3108.0,3134.3,31876400,3447.7,2820.9,3839.9,2896.0,3149.0,1,1,3148.6,56,4,3148.5,26,2,3148.4,16,3,3148.3,79,3,3149.1,37,4,3149.8,101,2,3149.9,87,4,3150.0,705,5,3150.1,1008,9
2031,2026-06-16 14:26:31+05:30,3149.6,1,3133.99,2820776,131932.0,198883.0,3163.0,3163.0,3108.0,3134.3,31876400,3447.7,2820.9,3839.9,2896.0,3149.6,11,1,3149.0,42,4,3148.9,5,2,3148.8,12,1,3148.7,228,5,3149.8,99,1,3149.9,20,1,3150.0,500,1,3150.1,481,3,3150.2,597,3
2031,2026-06-16 14:26:31+05:30,3149.6,1,3133.99,2820776,131932.0,198883.0,3163.0,3163.0,3108.0,3134.3,31876400,3447.7,2820.9,3839.9,2896.0,3149.6,11,1,3149.0,42,4,3148.9,5,2,3148.8,12,1,3148.7,228,5,3149.8,99,1,3149.9,20,1,3150.0,500,1,3150.1,481,3,3150.2,597,3
2031,2026-06-16 14:26:32+05:30,3149.6,1,3133.99,2820776,131932.0,198883.0,3163.0,3163.0,3108.0,3134.3,31876400,3447.7,2820.9,3839.9,2896.0,3149.6,11,1,3149.0,42,4,3148.9,5,2,3148.8,12,1,3148.7,228,5,3149.8,99,1,3149.9,20,1,3150.0,500,1,3150.1,481,3,3150.2,597,3
2031,2026-06-16 14:26:32+05:30,3149.6,1,3133.99,2820776,131652.0,199063.0,3163.0,3163.0,3108.0,3134.3,31876400,3447.7,2820.9,3839.9,2896.0,3149.6,13,2,3149.0,42,4,3148.9,5,2,3148.8,12,1,3148.7,223,4,3149.8,99,1,3149.9,501,4,3150.0,1115,5,3150.2,401,3,3150.3,654,5
2031,2026-06-16 14:26:33+05:30,3149.6,9,3133.99,2820846,131199.0,199715.0,3163.0,3163.0,3108.0,3134.3,31876400,3447.7,2820.9,3839.9,2896.0,3149.1,16,2,3149.0,2,2,3148.9,5,2,3148.8,41,3,3148.6,36,4,3149.6,130,1,3149.8,99,1,3149.9,20,1,3150.0,518,2,3150.2,482,4
2031,2026-06-16 14:26:33+05:30,3149.6,9,3133.99,2820846,131199.0,199715.0,3163.0,3163.0,3108.0,3134.3,31876400,3447.7,2820.9,3839.9,2896.0,3149.1,16,2,3149.0,2,2,3148.9,5,2,3148.8,41,3,3148.6,36,4,3149.6,130,1,3149.8,99,1,3149.9,20,1,3150.0,518,2,3150.2,482,4
2031,2026-06-16 14:26:33+05:30,3149.6,9,3133.99,2820846,131199.0,199715.0,3163.0,3163.0,3108.0,3134.3,31876400,3447.7,2820.9,3839.9,2896.0,3149.1,16,2,3149.0,2,2,3148.9,5,2,3148.8,41,3,3148.6,36,4,3149.6,130,1,3149.8,99,1,3149.9,20,1,3150.0,518,2,3150.2,482,4
2031,2026-06-16 14:26:34+05:30,3149.1,1,3133.99,2820848,131204.0,199717.0,3163.0,3163.0,3108.0,3134.3,31876400,3447.7,2820.9,3839.9,2896.0,3149.1,33,4,3149.0,2,2,3148.9,17,3,3148.8,24,2,3148.6,36,4,3149.6,129,1,3149.8,99,1,3149.9,20,1,3150.0,518,2,3150.2,482,4
2031,2026-06-16 14:26:34+05:30,3149.1,1,3133.99,2820848,131204.0,199717.0,3163.0,3163.0,3108.0,3134.3,31876400,3447.7,2820.9,3839.9,2896.0,3149.1,33,4,3149.0,2,2,3148.9,17,3,3148.8,24,2,3148.6,36,4,3149.6,129,1,3149.8,99,1,3149.9,20,1,3150.0,518,2,3150.2,482,4
2031,2026-06-16 14:26:35+05:30,3149.6,1,3133.99,2820848,131204.0,199717.0,3163.0,3163.0,3108.0,3134.3,31876400,3447.7,2820.9,3839.9,2896.0,3149.1,33,4,3149.0,2,2,3148.9,17,3,3148.8,24,2,3148.6,36,4,3149.6,129,1,3149.8,99,1,3149.9,20,1,3150.0,518,2,3150.2,482,4
2031,2026-06-16 14:26:35+05:30,3149.6,1,3133.99,2820851,131504.0,199742.0,3163.0,3163.0,3108.0,3134.3,31876400,3447.7,2820.9,3839.9,2896.0,3149.3,16,1,3149.1,40,6,3149.0,7,3,3148.9,5,2,3148.8,24,2,3149.6,166,2,3149.8,99,1,3149.9,20,1,3150.0,500,1,3150.1,1,1
2031,2026-06-16 14:26:36+05:30,3149.5,11,3133.99,2820851,131504.0,199742.0,3163.0,3163.0,3108.0,3134.3,31876400,3447.7,2820.9,3839.9,2896.0,3149.3,16,1,3149.1,40,6,3149.0,7,3,3148.9,5,2,3148.8,24,2,3149.6,166,2,3149.8,99,1,3149.9,20,1,3150.0,500,1,3150.1,1,1
2031,2026-06-16 14:26:36+05:30,3149.5,11,3133.99,2820863,131506.0,199729.0,3163.0,3163.0,3108.0,3134.3,31876400,3447.7,2820.9,3839.9,2896.0,3149.5,4,1,3149.3,9,3,3149.2,13,2,3149.1,46,6,3149.0,14,3,3149.6,165,2,3149.8,99,1,3149.9,20,1,3150.0,500,1,3150.2,481,3
2031,2026-06-16 14:26:36+05:30,3149.5,11,3133.99,2820863,131506.0,199729.0,3163.0,3163.0,3108.0,3134.3,31876400,3447.7,2820.9,3839.9,2896.0,3149.5,4,1,3149.3,9,3,3149.2,13,2,3149.1,46,6,3149.0,14,3,3149.6,165,2,3149.8,99,1,3149.9,20,1,3150.0,500,1,3150.2,481,3
2031,2026-06-16 14:26:37+05:30,3149.6,37,3133.99,2820863,131506.0,199729.0,3163.0,3163.0,3108.0,3134.3,31876400,3447.7,2820.9,3839.9,2896.0,3149.5,4,1,3149.3,9,3,3149.2,13,2,3149.1,46,6,3149.0,14,3,3149.6,165,2,3149.8,99,1,3149.9,20,1,3150.0,500,1,3150.2,481,3
2031,2026-06-16 14:26:37+05:30,3149.6,37,3133.99,2821025,131234.0,199633.0,3163.0,3163.0,3108.0,3134.3,31876400,3447.7,2820.9,3839.9,2896.0,3149.2,11,1,3149.1,67,7,3149.0,39,4,3148.9,12,3,3148.8,72,3,3149.6,3,1,3149.8,99,1,3149.9,20,1,3150.0,500,1,3150.2,481,3
2031,2026-06-16 14:26:38+05:30,3149.6,2,3133.99,2821025,131234.0,199633.0,3163.0,3163.0,3108.0,3134.3,31876400,3447.7,2820.9,3839.9,2896.0,3149.2,11,1,3149.1,67,7,3149.0,39,4,3148.9,12,3,3148.8,72,3,3149.6,3,1,3149.8,99,1,3149.9,20,1,3150.0,500,1,3150.2,481,3
2031,2026-06-16 14:26:38+05:30,3149.6,2,3133.99,2821030,131235.0,199565.0,3163.0,3163.0,3108.0,3134.3,31876400,3447.7,2820.9,3839.9,2896.0,3149.6,1,1,3149.3,15,2,3149.1,55,5,3149.0,35,3,3148.9,12,3,3149.8,99,1,3149.9,20,1,3150.0,500,1,3150.2,481,3,3150.3,645,4
2031,2026-06-16 14:26:38+05:30,3149.6,2,3133.99,2821030,131235.0,199565.0,3163.0,3163.0,3108.0,3134.3,31876400,3447.7,2820.9,3839.9,2896.0,3149.6,1,1,3149.3,15,2,3149.1,55,5,3149.0,35,3,3148.9,12,3,3149.8,99,1,3149.9,20,1,3150.0,500,1,3150.2,481,3,3150.3,645,4
2031,2026-06-16 14:26:39+05:30,3149.3,32,3133.99,2821030,131235.0,199565.0,3163.0,3163.0,3108.0,3134.3,31876400,3447.7,2820.9,3839.9,2896.0,3149.6,1,1,3149.3,15,2,3149.1,55,5,3149.0,35,3,3148.9,12,3,3149.8,99,1,3149.9,20,1,3150.0,500,1,3150.2,481,3,3150.3,645,4
2031,2026-06-16 14:26:39+05:30,3149.1,1,3133.99,2821110,131200.0,199828.0,3163.0,3163.0,3108.0,3134.3,31876400,3447.7,2820.9,3839.9,2896.0,3149.1,33,3,3148.9,29,5,3148.8,22,2,3148.7,21,2,3148.6,36,4,3149.8,93,2,3149.9,20,1,3150.0,500,1,3150.2,482,4,3150.3,645,4
2031,2026-06-16 14:26:40+05:30,3149.8,1,3133.99,2821110,131200.0,199828.0,3163.0,3163.0,3108.0,3134.3,31876400,3447.7,2820.9,3839.9,2896.0,3149.1,33,3,3148.9,29,5,3148.8,22,2,3148.7,21,2,3148.6,36,4,3149.8,93,2,3149.9,20,1,3150.0,500,1,3150.2,482,4,3150.3,645,4
2031,2026-06-16 14:26:40+05:30,3149.8,1,3133.99,2821124,131202.0,199785.0,3163.0,3163.0,3108.0,3134.3,31876400,3447.7,2820.9,3839.9,2896.0,3149.4,19,3,3149.3,23,4,3149.2,16,2,3149.1,34,3,3149.0,9,1,3149.8,79,2,3149.9,20,1,3150.0,500,1,3150.2,481,3,3150.3,645,4
2031,2026-06-16 14:26:41+05:30,3149.8,1,3133.99,2821124,131202.0,199785.0,3163.0,3163.0,3108.0,3134.3,31876400,3447.7,2820.9,3839.9,2896.0,3149.4,19,3,3149.3,23,4,3149.2,16,2,3149.1,34,3,3149.0,9,1,3149.8,79,2,3149.9,20,1,3150.0,500,1,3150.2,481,3,3150.3,645,4
2031,2026-06-16 14:26:41+05:30,3149.8,1,3133.99,2821124,131202.0,199785.0,3163.0,3163.0,3108.0,3134.3,31876400,3447.7,2820.9,3839.9,2896.0,3149.4,19,3,3149.3,23,4,3149.2,16,2,3149.1,34,3,3149.0,9,1,3149.8,79,2,3149.9,20,1,3150.0,500,1,3150.2,481,3,3150.3,645,4
2031,2026-06-16 14:26:41+05:30,3149.8,1,3133.99,2821126,131206.0,199627.0,3163.0,3163.0,3108.0,3134.3,31876400,3447.7,2820.9,3839.9,2896.0,3149.5,17,1,3149.4,4,2,3149.3,2,1,3149.1,34,3,3149.0,8,1,3149.8,77,2,3149.9,20,1,3150.0,500,1,3150.2,481,3,3150.3,646,5
2031,2026-06-16 14:26:42+05:30,3149.8,1,3133.99,2821128,131171.0,199713.0,3163.0,3163.0,3108.0,3134.3,31876400,3447.7,2820.9,3839.9,2896.0,3149.7,16,1,3149.4,3,1,3149.3,2,1,3149.1,41,4,3149.0,8,1,3149.8,75,2,3149.9,20,1,3150.0,514,2,3150.5,1,1,3150.6,563,6
2031,2026-06-16 14:26:42+05:30,3149.8,1,3133.99,2821128,131171.0,199713.0,3163.0,3163.0,3108.0,3134.3,31876400,3447.7,2820.9,3839.9,2896.0,3149.7,16,1,3149.4,3,1,3149.3,2,1,3149.1,41,4,3149.0,8,1,3149.8,75,2,3149.9,20,1,3150.0,514,2,3150.5,1,1,3150.6,563,6
2031,2026-06-16 14:26:42+05:30,3149.8,1,3133.99,2821128,131171.0,199713.0,3163.0,3163.0,3108.0,3134.3,31876400,3447.7,2820.9,3839.9,2896.0,3149.7,16,1,3149.4,3,1,3149.3,2,1,3149.1,41,4,3149.0,8,1,3149.8,75,2,3149.9,20,1,3150.0,514,2,3150.5,1,1,3150.6,563,6
2031,2026-06-16 14:26:43+05:30,3149.8,23,3133.99,2821128,131171.0,199713.0,3163.0,3163.0,3108.0,3134.3,31876400,3447.7,2820.9,3839.9,2896.0,3149.7,16,1,3149.4,3,1,3149.3,2,1,3149.1,41,4,3149.0,8,1,3149.8,75,2,3149.9,20,1,3150.0,514,2,3150.5,1,1,3150.6,563,6
2031,2026-06-16 14:26:43+05:30,3149.8,23,3133.99,2821203,131624.0,199138.0,3163.0,3163.0,3108.0,3134.3,31876400,3447.7,2820.9,3839.9,2896.0,3149.3,5,2,3149.2,15,1,3149.1,7,1,3149.0,54,2,3148.9,28,4,3149.9,20,1,3150.0,534,3,3150.6,82,3,3150.7,482,4,3150.8,622,6
2031,2026-06-16 14:26:44+05:30,3149.8,23,3133.99,2821203,131624.0,199138.0,3163.0,3163.0,3108.0,3134.3,31876400,3447.7,2820.9,3839.9,2896.0,3149.3,5,2,3149.2,15,1,3149.1,7,1,3149.0,54,2,3148.9,28,4,3149.9,20,1,3150.0,534,3,3150.6,82,3,3150.7,482,4,3150.8,622,6
2031,2026-06-16 14:26:44+05:30,3149.8,23,3133.99,2821203,131642.0,199080.0,3163.0,3163.0,3108.0,3134.3,31876400,3447.7,2820.9,3839.9,2896.0,3149.5,16,1,3149.3,5,2,3149.2,15,1,3149.1,7,1,3149.0,54,2,3149.9,20,1,3150.0,534,3,3150.6,83,4,3150.7,481,3,3150.8,622,6
2031,2026-06-16 14:26:45+05:30,3149.8,23,3133.99,2821203,131642.0,199080.0,3163.0,3163.0,3108.0,3134.3,31876400,3447.7,2820.9,3839.9,2896.0,3149.5,16,1,3149.3,5,2,3149.2,15,1,3149.1,7,1,3149.0,54,2,3149.9,20,1,3150.0,534,3,3150.6,83,4,3150.7,481,3,3150.8,622,6
2031,2026-06-16 14:26:45+05:30,3149.9,19,3133.99,2821223,131336.0,199083.0,3163.0,3163.0,3108.0,3134.3,31876400,3447.7,2820.9,3839.9,2896.0,3149.7,2,2,3149.5,18,2,3149.2,15,1,3149.1,19,2,3149.0,8,1,3150.0,500,1,3150.2,1,1,3150.5,481,3,3150.6,679,6,3150.8,254,6
2031,2026-06-16 14:26:45+05:30,3149.9,19,3133.99,2821223,131336.0,199083.0,3163.0,3163.0,3108.0,3134.3,31876400,3447.7,2820.9,3839.9,2896.0,3149.7,2,2,3149.5,18,2,3149.2,15,1,3149.1,19,2,3149.0,8,1,3150.0,500,1,3150.2,1,1,3150.5,481,3,3150.6,679,6,3150.8,254,6
2031,2026-06-16 14:26:46+05:30,3149.9,19,3133.99,2821223,131336.0,199083.0,3163.0,3163.0,3108.0,3134.3,31876400,3447.7,2820.9,3839.9,2896.0,3149.7,2,2,3149.5,18,2,3149.2,15,1,3149.1,19,2,3149.0,8,1,3150.0,500,1,3150.2,1,1,3150.5,481,3,3150.6,679,6,3150.8,254,6
2031,2026-06-16 14:26:46+05:30,3149.7,1,3133.99,2821223,131336.0,199083.0,3163.0,3163.0,3108.0,3134.3,31876400,3447.7,2820.9,3839.9,2896.0,3149.7,2,2,3149.5,18,2,3149.2,15,1,3149.1,19,2,3149.0,8,1,3150.0,500,1,3150.2,1,1,3150.5,481,3,3150.6,679,6,3150.8,254,6
2031,2026-06-16 14:26:46+05:30,3149.7,1,3133.99,2821233,131443.0,199031.0,3163.0,3163.0,3108.0,3134.3,31876400,3447.7,2820.9,3839.9,2896.0,3149.5,18,2,3149.2,26,2,3149.1,7,1,3149.0,85,3,3148.9,103,6,3150.0,539,2,3150.2,1,1,3150.4,49,2,3150.5,481,3,3150.6,658,5
2031,2026-06-16 14:26:46+05:30,3149.7,1,3133.99,2821233,131443.0,199031.0,3163.0,3163.0,3108.0,3134.3,31876400,3447.7,2820.9,3839.9,2896.0,3149.5,18,2,3149.2,26,2,3149.1,7,1,3149.0,85,3,3148.9,103,6,3150.0,539,2,3150.2,1,1,3150.4,49,2,3150.5,481,3,3150.6,658,5
2031,2026-06-16 14:26:47+05:30,3150.0,2,3133.99,2821233,131443.0,199031.0,3163.0,3163.0,3108.0,3134.3,31876400,3447.7,2820.9,3839.9,2896.0,3149.5,18,2,3149.2,26,2,3149.1,7,1,3149.0,85,3,3148.9,103,6,3150.0,539,2,3150.2,1,1,3150.4,49,2,3150.5,481,3,3150.6,658,5
2031,2026-06-16 14:26:47+05:30,3150.0,2,3133.99,2821233,131443.0,199031.0,3163.0,3163.0,3108.0,3134.3,31876400,3447.7,2820.9,3839.9,2896.0,3149.5,18,2,3149.2,26,2,3149.1,7,1,3149.0,85,3,3148.9,103,6,3150.0,539,2,3150.2,1,1,3150.4,49,2,3150.5,481,3,3150.6,658,5
2031,2026-06-16 14:26:47+05:30,3150.0,22,3133.99,2821402,131347.0,198856.0,3163.0,3163.0,3108.0,3134.3,31876400,3447.7,2820.9,3839.9,2896.0,3149.9,2,1,3149.5,20,2,3149.2,26,2,3149.1,7,1,3149.0,85,3,3150.0,423,4,3150.2,2,2,3150.4,2,2,3150.5,484,4,3150.6,658,5
2031,2026-06-16 14:26:48+05:30,3149.5,3,3133.99,2821402,131347.0,198856.0,3163.0,3163.0,3108.0,3134.3,31876400,3447.7,2820.9,3839.9,2896.0,3149.9,2,1,3149.5,20,2,3149.2,26,2,3149.1,7,1,3149.0,85,3,3150.0,423,4,3150.2,2,2,3150.4,2,2,3150.5,484,4,3150.6,658,5
2031,2026-06-16 14:26:48+05:30,3149.5,3,3133.99,2821402,131347.0,198856.0,3163.0,3163.0,3108.0,3134.3,31876400,3447.7,2820.9,3839.9,2896.0,3149.9,2,1,3149.5,20,2,3149.2,26,2,3149.1,7,1,3149.0,85,3,3150.0,423,4,3150.2,2,2,3150.4,2,2,3150.5,484,4,3150.6,658,5
2031,2026-06-16 14:26:48+05:30,3150.0,11,3134.0,2821461,131322.0,198905.0,3163.0,3163.0,3108.0,3134.3,31876400,3447.7,2820.9,3839.9,2896.0,3149.5,67,3,3149.4,14,1,3148.9,36,3,3148.8,150,5,3148.7,43,4,3150.0,411,4,3150.2,2,2,3150.3,1,1,3150.4,49,2,3150.5,538,5
2031,2026-06-16 14:26:49+05:30,3150.0,11,3134.0,2821461,131322.0,198905.0,3163.0,3163.0,3108.0,3134.3,31876400,3447.7,2820.9,3839.9,2896.0,3149.5,67,3,3149.4,14,1,3148.9,36,3,3148.8,150,5,3148.7,43,4,3150.0,411,4,3150.2,2,2,3150.3,1,1,3150.4,49,2,3150.5,538,5
2031,2026-06-16 14:26:49+05:30,3149.5,7,3134.0,2821461,131322.0,198905.0,3163.0,3163.0,3108.0,3134.3,31876400,3447.7,2820.9,3839.9,2896.0,3149.5,67,3,3149.4,14,1,3148.9,36,3,3148.8,150,5,3148.7,43,4,3150.0,411,4,3150.2,2,2,3150.3,1,1,3150.4,49,2,3150.5,538,5
2031,2026-06-16 14:26:49+05:30,3149.5,3,3134.0,2821473,131445.0,199065.0,3163.0,3163.0,3108.0,3134.3,31876400,3447.7,2820.9,3839.9,2896.0,3149.5,58,4,3149.4,31,3,3149.3,26,3,3149.2,5,1,3149.1,21,2,3150.0,460,6,3150.2,2,2,3150.4,1,1,3150.5,484,4,3150.6,646,5
2031,2026-06-16 14:26:50+05:30,3149.5,3,3134.0,2821473,131445.0,199065.0,3163.0,3163.0,3108.0,3134.3,31876400,3447.7,2820.9,3839.9,2896.0,3149.5,58,4,3149.4,31,3,3149.3,26,3,3149.2,5,1,3149.1,21,2,3150.0,460,6,3150.2,2,2,3150.4,1,1,3150.5,484,4,3150.6,646,5
2031,2026-06-16 14:26:50+05:30,3149.5,7,3134.0,2821473,131445.0,199065.0,3163.0,3163.0,3108.0,3134.3,31876400,3447.7,2820.9,3839.9,2896.0,3149.5,58,4,3149.4,31,3,3149.3,26,3,3149.2,5,1,3149.1,21,2,3150.0,460,6,3150.2,2,2,3150.4,1,1,3150.5,484,4,3150.6,646,5
2031,2026-06-16 14:26:50+05:30,3149.5,7,3134.0,2821473,131445.0,199065.0,3163.0,3163.0,3108.0,3134.3,31876400,3447.7,2820.9,3839.9,2896.0,3149.5,58,4,3149.4,31,3,3149.3,26,3,3149.2,5,1,3149.1,21,2,3150.0,460,6,3150.2,2,2,3150.4,1,1,3150.5,484,4,3150.6,646,5
2031,2026-06-16 14:26:50+05:30,3150.0,1,3134.0,2821488,131463.0,199067.0,3163.0,3163.0,3108.0,3134.3,31876400,3447.7,2820.9,3839.9,2896.0,3149.5,64,4,3149.4,25,2,3149.2,5,1,3149.1,42,4,3149.0,58,2,3150.0,459,6,3150.2,2,2,3150.4,1,1,3150.5,485,5,3150.6,645,4
2031,2026-06-16 14:26:51+05:30,3150.0,1,3134.0,2821488,131463.0,199067.0,3163.0,3163.0,3108.0,3134.3,31876400,3447.7,2820.9,3839.9,2896.0,3149.5,64,4,3149.4,25,2,3149.2,5,1,3149.1,42,4,3149.0,58,2,3150.0,459,6,3150.2,2,2,3150.4,1,1,3150.5,485,5,3150.6,645,4
2031,2026-06-16 14:26:51+05:30,3150.0,1,3134.0,2821488,131463.0,199067.0,3163.0,3163.0,3108.0,3134.3,31876400,3447.7,2820.9,3839.9,2896.0,3149.5,64,4,3149.4,25,2,3149.2,5,1,3149.1,42,4,3149.0,58,2,3150.0,459,6,3150.2,2,2,3150.4,1,1,3150.5,485,5,3150.6,645,4
2031,2026-06-16 14:26:52+05:30,3150.0,6,3134.0,2821618,131701.0,199060.0,3163.0,3163.0,3108.0,3134.3,31876400,3447.7,2820.9,3839.9,2896.0,3149.7,15,1,3149.5,105,4,3149.4,25,2,3149.2,5,1,3149.1,42,4,3150.0,448,7,3150.2,2,2,3150.4,1,1,3150.5,485,5,3150.6,645,4
2031,2026-06-16 14:26:52+05:30,3150.0,10,3134.0,2821618,131701.0,199060.0,3163.0,3163.0,3108.0,3134.3,31876400,3447.7,2820.9,3839.9,2896.0,3149.7,15,1,3149.5,105,4,3149.4,25,2,3149.2,5,1,3149.1,42,4,3150.0,448,7,3150.2,2,2,3150.4,1,1,3150.5,485,5,3150.6,645,4
2031,2026-06-16 14:26:52+05:30,3150.0,10,3134.0,2821618,131701.0,199060.0,3163.0,3163.0,3108.0,3134.3,31877800,3447.7,2820.9,3839.9,2896.0,3149.7,15,1,3149.5,105,4,3149.4,25,2,3149.2,5,1,3149.1,42,4,3150.0,448,7,3150.2,2,2,3150.4,1,1,3150.5,485,5,3150.6,645,4
2031,2026-06-16 14:26:53+05:30,3150.0,10,3134.0,2821628,131737.0,199054.0,3163.0,3163.0,3108.0,3134.3,31877800,3447.7,2820.9,3839.9,2896.0,3149.7,56,2,3149.5,105,4,3149.4,25,2,3149.2,5,1,3149.1,42,4,3150.0,438,7,3150.2,2,2,3150.4,1,1,3150.5,484,4,3150.6,646,5
2031,2026-06-16 14:26:54+05:30,3150.0,10,3134.0,2821628,131746.0,199027.0,3163.0,3163.0,3108.0,3134.3,31877800,3447.7,2820.9,3839.9,2896.0,3149.7,56,2,3149.5,116,5,3149.4,26,2,3149.2,14,2,3149.1,30,3,3150.0,438,7,3150.2,2,2,3150.4,1,1,3150.5,484,4,3150.6,645,4
2031,2026-06-16 14:26:54+05:30,3149.7,35,3134.0,2821628,131746.0,199027.0,3163.0,3163.0,3108.0,3134.3,31877800,3447.7,2820.9,3839.9,2896.0,3149.7,56,2,3149.5,116,5,3149.4,26,2,3149.2,14,2,3149.1,30,3,3150.0,438,7,3150.2,2,2,3150.4,1,1,3150.5,484,4,3150.6,645,4
2031,2026-06-16 14:26:55+05:30,3150.0,3,3134.0,2821687,131814.0,200096.0,3163.0,3163.0,3108.0,3134.3,31877800,3447.7,2820.9,3839.9,2896.0,3149.7,37,4,3149.5,96,3,3149.4,14,1,3149.2,5,1,3149.1,42,4,3150.0,430,8,3150.2,2,2,3150.4,1,1,3150.5,484,4,3150.6,645,4
2031,2026-06-16 14:26:55+05:30,3150.0,3,3134.0,2821687,131814.0,200096.0,3163.0,3163.0,3108.0,3134.3,31877800,3447.7,2820.9,3839.9,2896.0,3149.7,37,4,3149.5,96,3,3149.4,14,1,3149.2,5,1,3149.1,42,4,3150.0,430,8,3150.2,2,2,3150.4,1,1,3150.5,484,4,3150.6,645,4
2031,2026-06-16 14:26:56+05:30,3150.0,1,3134.0,2821689,131824.0,200098.0,3163.0,3163.0,3108.0,3134.3,31877800,3447.7,2820.9,3839.9,2896.0,3149.8,8,1,3149.7,37,4,3149.5,85,2,3149.4,14,1,3149.2,5,1,3150.0,428,8,3150.2,2,2,3150.4,1,1,3150.5,484,4,3150.6,645,4
2031,2026-06-16 14:26:56+05:30,3149.7,1,3134.0,2821689,131824.0,200098.0,3163.0,3163.0,3108.0,3134.3,31877800,3447.7,2820.9,3839.9,2896.0,3149.8,8,1,3149.7,37,4,3149.5,85,2,3149.4,14,1,3149.2,5,1,3150.0,428,8,3150.2,2,2,3150.4,1,1,3150.5,484,4,3150.6,645,4
2031,2026-06-16 14:26:57+05:30,3149.6,41,3134.0,2821907,131534.0,199900.0,3163.0,3163.0,3108.0,3134.3,31877800,3447.7,2820.9,3839.9,2896.0,3149.6,15,1,3149.5,85,2,3148.9,46,4,3148.8,44,3,3148.7,43,4,3150.0,236,7,3150.2,2,2,3150.3,28,2,3150.4,573,6,3150.5,600,4
2031,2026-06-16 14:26:57+05:30,3149.6,1,3134.0,2821907,131534.0,199900.0,3163.0,3163.0,3108.0,3134.3,31877800,3447.7,2820.9,3839.9,2896.0,3149.6,15,1,3149.5,85,2,3148.9,46,4,3148.8,44,3,3148.7,43,4,3150.0,236,7,3150.2,2,2,3150.3,28,2,3150.4,573,6,3150.5,600,4
2031,2026-06-16 14:26:58+05:30,3149.6,1,3134.0,2821908,131548.0,199914.0,3163.0,3163.0,3108.0,3134.3,31877800,3447.7,2820.9,3839.9,2896.0,3149.6,14,1,3149.5,58,2,3148.9,46,4,3148.8,44,3,3148.7,43,4,3150.0,236,7,3150.2,2,2,3150.3,27,1,3150.4,574,7,3150.5,600,4
2031,2026-06-16 14:26:59+05:30,3149.5,105,3134.0,2822273,129940.0,201304.0,3163.0,3163.0,3108.0,3134.3,31877800,3447.7,2820.9,3839.9,2896.0,3148.8,27,2,3148.2,27,2,3148.1,33,2,3148.0,303,3,3147.9,35,2,3149.3,200,1,3149.7,47,3,3149.8,51,1,3149.9,21,2,3150.0,425,16
2031,2026-06-16 14:26:59+05:30,3149.5,105,3134.0,2822273,129940.0,201304.0,3163.0,3163.0,3108.0,3134.3,31877800,3447.7,2820.9,3839.9,2896.0,3148.8,27,2,3148.2,27,2,3148.1,33,2,3148.0,303,3,3147.9,35,2,3149.3,200,1,3149.7,47,3,3149.8,51,1,3149.9,21,2,3150.0,425,16
2031,2026-06-16 14:27:00+05:30,3149.3,2,3134.0,2822273,129940.0,201304.0,3163.0,3163.0,3108.0,3134.3,31877800,3447.7,2820.9,3839.9,2896.0,3148.8,27,2,3148.2,27,2,3148.1,33,2,3148.0,303,3,3147.9,35,2,3149.3,200,1,3149.7,47,3,3149.8,51,1,3149.9,21,2,3150.0,425,16
2031,2026-06-16 14:27:00+05:30,3149.3,2,3134.0,2822478,130252.0,201434.0,3163.0,3163.0,3108.0,3134.3,31877800,3447.7,2820.9,3839.9,2896.0,3149.1,2,2,3148.8,24,4,3148.5,20,2,3148.4,12,2,3148.3,78,3,3149.3,30,3,3149.9,130,1,3150.0,293,9,3150.1,75,2,3150.2,107,7
2031,2026-06-16 14:27:01+05:30,3149.3,1,3134.0,2822478,130252.0,201434.0,3163.0,3163.0,3108.0,3134.3,31877800,3447.7,2820.9,3839.9,2896.0,3149.1,2,2,3148.8,24,4,3148.5,20,2,3148.4,12,2,3148.3,78,3,3149.3,30,3,3149.9,130,1,3150.0,293,9,3150.1,75,2,3150.2,107,7
2031,2026-06-16 14:27:01+05:30,3149.3,1,3134.0,2822518,130146.0,201776.0,3163.0,3163.0,3108.0,3134.3,31877800,3447.7,2820.9,3839.9,2896.0,3148.8,27,4,3148.5,20,2,3148.4,12,2,3148.3,98,4,3148.2,54,6,3149.3,21,4,3149.9,176,2,3150.0,293,9,3150.1,75,2,3150.2,135,8
2031,2026-06-16 14:27:02+05:30,3149.3,1,3134.0,2822520,130123.0,201765.0,3163.0,3163.0,3108.0,3134.3,31877800,3447.7,2820.9,3839.9,2896.0,3148.8,23,2,3148.7,11,1,3148.5,8,1,3148.4,12,2,3148.3,66,2,3149.3,25,5,3149.9,176,2,3150.0,293,9,3150.1,556,5,3150.2,717,10
2031,2026-06-16 14:27:02+05:30,3149.3,1,3134.0,2822520,130123.0,201765.0,3163.0,3163.0,3108.0,3134.3,31877800,3447.7,2820.9,3839.9,2896.0,3148.8,23,2,3148.7,11,1,3148.5,8,1,3148.4,12,2,3148.3,66,2,3149.3,25,5,3149.9,176,2,3150.0,293,9,3150.1,556,5,3150.2,717,10
2031,2026-06-16 14:27:03+05:30,3149.3,1,3134.0,2822520,130123.0,201765.0,3163.0,3163.0,3108.0,3134.3,31877800,3447.7,2820.9,3839.9,2896.0,3148.8,22,2,3148.5,8,1,3148.4,15,2,3148.3,66,2,3148.2,47,4,3149.3,28,6,3149.9,203,3,3150.0,346,11,3150.1,564,6,3150.2,717,10
2031,2026-06-16 14:27:03+05:30,3149.3,1,3134.0,2822522,130163.0,201832.0,3163.0,3163.0,3108.0,3134.3,31877800,3447.7,2820.9,3839.9,2896.0,3148.8,22,2,3148.5,8,1,3148.4,15,2,3148.3,66,2,3148.2,47,4,3149.3,28,6,3149.9,203,3,3150.0,346,11,3150.1,564,6,3150.2,717,10
2031,2026-06-16 14:27:04+05:30,3149.3,1,3134.0,2822522,130202.0,201708.0,3163.0,3163.0,3108.0,3134.3,31877800,3447.7,2820.9,3839.9,2896.0,3148.8,40,4,3148.6,11,1,3148.5,8,1,3148.4,3,1,3148.3,66,2,3149.3,33,7,3149.9,46,1,3150.0,297,10,3150.1,556,5,3150.2,717,10
2031,2026-06-16 14:27:05+05:30,3149.3,1,3134.0,2822522,130800.0,200461.0,3163.0,3163.0,3108.0,3134.3,31877800,3447.7,2820.9,3839.9,2896.0,3148.8,52,8,3148.7,6,1,3148.6,34,3,3148.5,66,3,3148.4,24,3,3149.3,33,7,3150.0,287,8,3150.2,28,4,3150.4,112,4,3150.5,490,5
2031,2026-06-16 14:27:06+05:30,3148.8,10,3134.0,2822522,130800.0,200461.0,3163.0,3163.0,3108.0,3134.3,31877800,3447.7,2820.9,3839.9,2896.0,3148.8,52,8,3148.7,6,1,3148.6,34,3,3148.5,66,3,3148.4,24,3,3149.3,33,7,3150.0,287,8,3150.2,28,4,3150.4,112,4,3150.5,490,5
2031,2026-06-16 14:27:06+05:30,3149.3,1,3134.0,2822533,130595.0,201228.0,3163.0,3163.0,3108.0,3134.3,31877800,3447.7,2820.9,3839.9,2896.0,3148.8,44,5,3148.7,11,1,3148.6,26,2,3148.5,54,2,3148.4,3,1,3149.3,76,10,3150.0,248,7,3150.2,28,4,3150.3,127,1,3150.4,112,4
2031,2026-06-16 14:27:07+05:30,3149.3,1,3134.0,2822533,130595.0,201228.0,3163.0,3163.0,3108.0,3134.3,31877800,3447.7,2820.9,3839.9,2896.0,3148.8,44,5,3148.7,11,1,3148.6,26,2,3148.5,54,2,3148.4,3,1,3149.3,76,10,3150.0,248,7,3150.2,28,4,3150.3,127,1,3150.4,112,4
2031,2026-06-16 14:27:07+05:30,3149.3,1,3134.0,2822541,130714.0,201232.0,3163.0,3163.0,3108.0,3134.3,31877800,3447.7,2820.9,3839.9,2896.0,3148.8,43,4,3148.7,11,1,3148.6,26,2,3148.5,54,2,3148.4,3,1,3149.3,78,11,3150.0,248,7,3150.2,28,4,3150.3,127,1,3150.4,112,4
2031,2026-06-16 14:27:08+05:30,3149.3,1,3134.0,2822541,130714.0,201232.0,3163.0,3163.0,3108.0,3134.3,31877800,3447.7,2820.9,3839.9,2896.0,3148.8,43,4,3148.7,11,1,3148.6,26,2,3148.5,54,2,3148.4,3,1,3149.3,78,11,3150.0,248,7,3150.2,28,4,3150.3,127,1,3150.4,112,4
2031,2026-06-16 14:27:08+05:30,3149.1,1,3134.0,2822542,130786.0,201130.0,3163.0,3163.0,3108.0,3134.3,31877800,3447.7,2820.9,3839.9,2896.0,3148.8,32,4,3148.7,4,1,3148.6,7,1,3148.5,72,4,3148.4,3,1,3149.3,77,10,3149.9,123,1,3150.0,268,8,3150.2,80,6,3150.3,481,3
2031,2026-06-16 14:27:09+05:30,3148.8,16,3134.0,2822542,130786.0,201130.0,3163.0,3163.0,3108.0,3134.3,31877800,3447.7,2820.9,3839.9,2896.0,3148.8,32,4,3148.7,4,1,3148.6,7,1,3148.5,72,4,3148.4,3,1,3149.3,77,10,3149.9,123,1,3150.0,268,8,3150.2,80,6,3150.3,481,3
2031,2026-06-16 14:27:09+05:30,3148.8,65,3134.0,2822779,129050.0,201619.0,3163.0,3163.0,3108.0,3134.3,31877800,3447.7,2820.9,3839.9,2896.0,3148.3,18,1,3148.2,39,4,3148.1,7,1,3148.0,260,3,3147.9,46,3,3148.8,20,1,3149.3,70,8,3149.7,3,1,3149.8,116,3,3149.9,238,3
2031,2026-06-16 14:27:10+05:30,3148.3,5,3134.0,2822779,129050.0,201619.0,3163.0,3163.0,3108.0,3134.3,31877800,3447.7,2820.9,3839.9,2896.0,3148.3,18,1,3148.2,39,4,3148.1,7,1,3148.0,260,3,3147.9,46,3,3148.8,20,1,3149.3,70,8,3149.7,3,1,3149.8,116,3,3149.9,238,3
2031,2026-06-16 14:27:10+05:30,3148.8,5,3134.0,2822809,130627.0,201931.0,3163.0,3163.0,3108.0,3134.3,31877800,3447.7,2820.9,3839.9,2896.0,3148.8,4,1,3148.3,16,2,3148.2,31,3,3148.1,122,3,3148.0,318,5,3149.3,45,4,3149.7,8,1,3149.8,96,2,3149.9,234,6,3150.0,431,11
2031,2026-06-16 14:27:11+05:30,3149.3,13,3134.0,2822809,130627.0,201931.0,3163.0,3163.0,3108.0,3134.3,31877800,3447.7,2820.9,3839.9,2896.0,3148.8,4,1,3148.3,16,2,3148.2,31,3,3148.1,122,3,3148.0,318,5,3149.3,45,4,3149.7,8,1,3149.8,96,2,3149.9,234,6,3150.0,431,11
2031,2026-06-16 14:27:11+05:30,3148.2,77,3134.0,2823039,129442.0,201683.0,3163.0,3163.0,3108.0,3134.3,31877800,3447.7,2820.9,3839.9,2896.0,3148.2,15,3,3148.0,253,2,3147.9,21,2,3147.8,62,3,3147.7,45,4,3148.8,6,1,3149.3,65,4,3149.6,116,3,3149.7,179,4,3149.8,144,4
2031,2026-06-16 14:27:12+05:30,3148.8,1,3134.0,2823039,129442.0,201683.0,3163.0,3163.0,3108.0,3134.3,31877800,3447.7,2820.9,3839.9,2896.0,3148.2,15,3,3148.0,253,2,3147.9,21,2,3147.8,62,3,3147.7,45,4,3148.8,6,1,3149.3,65,4,3149.6,116,3,3149.7,179,4,3149.8,144,4
2031,2026-06-16 14:27:12+05:30,3148.8,6,3134.0,2823080,129542.0,201221.0,3163.0,3163.0,3108.0,3134.3,31877800,3447.7,2820.9,3839.9,2896.0,3148.2,16,4,3148.1,14,2,3148.0,301,4,3147.9,32,4,3147.8,68,3,3148.8,13,2,3149.3,65,4,3149.6,67,2,3149.7,53,2,3149.8,271,4
2031,2026-06-16 14:27:13+05:30,3148.8,6,3134.0,2823080,129542.0,201221.0,3163.0,3163.0,3108.0,3134.3,31877800,3447.7,2820.9,3839.9,2896.0,3148.2,16,4,3148.1,14,2,3148.0,301,4,3147.9,32,4,3147.8,68,3,3148.8,13,2,3149.3,65,4,3149.6,67,2,3149.7,53,2,3149.8,271,4
2031,2026-06-16 14:27:13+05:30,3148.8,1,3134.0,2823081,129672.0,201256.0,3163.0,3163.0,3108.0,3134.3,31877800,3447.7,2820.9,3839.9,2896.0,3148.2,14,4,3148.0,301,4,3147.9,31,3,3147.8,57,3,3147.7,50,4,3148.8,29,3,3149.3,45,3,3149.6,70,3,3149.7,172,2,3149.8,224,3
2031,2026-06-16 14:27:14+05:30,3148.8,1,3134.0,2823081,129672.0,201256.0,3163.0,3163.0,3108.0,3134.3,31877800,3447.7,2820.9,3839.9,2896.0,3148.2,14,4,3148.0,301,4,3147.9,31,3,3147.8,57,3,3147.7,50,4,3148.8,29,3,3149.3,45,3,3149.6,70,3,3149.7,172,2,3149.8,224,3
2031,2026-06-16 14:27:14+05:30,3148.8,1,3134.0,2823083,129736.0,199329.0,3163.0,3163.0,3108.0,3134.3,31877800,3447.7,2820.9,3839.9,2896.0,3148.2,13,3,3148.0,348,5,3147.9,31,3,3147.8,57,3,3147.7,50,4,3148.8,27,3,3149.3,45,3,3149.6,70,3,3149.7,47,1,3149.8,224,3
2031,2026-06-16 14:27:15+05:30,3148.8,1,3134.0,2823083,129736.0,199329.0,3163.0,3163.0,3108.0,3134.3,31877800,3447.7,2820.9,3839.9,2896.0,3148.2,13,3,3148.0,348,5,3147.9,31,3,3147.8,57,3,3147.7,50,4,3148.8,27,3,3149.3,45,3,3149.6,70,3,3149.7,47,1,3149.8,224,3
2031,2026-06-16 14:27:16+05:30,3148.8,1,3134.0,2823083,130157.0,201979.0,3163.0,3163.0,3108.0,3134.3,31877800,3447.7,2820.9,3839.9,2896.0,3148.5,2,2,3148.2,12,3,3148.0,348,5,3147.9,31,3,3147.8,56,2,3148.8,27,3,3149.3,45,3,3149.6,70,3,3149.7,386,5,3149.8,1023,8
2031,2026-06-16 14:27:16+05:30,3148.0,23,3134.0,2823083,130157.0,201979.0,3163.0,3163.0,3108.0,3134.3,31877800,3447.7,2820.9,3839.9,2896.0,3148.5,2,2,3148.2,12,3,3148.0,348,5,3147.9,31,3,3147.8,56,2,3148.8,27,3,3149.3,45,3,3149.6,70,3,3149.7,386,5,3149.8,1023,8
2031,2026-06-16 14:27:17+05:30,3148.0,23,3134.0,2823131,129461.0,201627.0,3163.0,3163.0,3108.0,3134.3,31877800,3447.7,2820.9,3839.9,2896.0,3148.2,47,7,3148.1,22,3,3148.0,337,6,3147.9,25,3,3147.8,57,3,3148.3,1,1,3148.5,3,1,3148.8,38,5,3149.3,39,2,3149.4,21,1
2031,2026-06-16 14:27:17+05:30,3148.5,1,3134.0,2823131,129461.0,201627.0,3163.0,3163.0,3108.0,3134.3,31877800,3447.7,2820.9,3839.9,2896.0,3148.2,47,7,3148.1,22,3,3148.0,337,6,3147.9,25,3,3147.8,57,3,3148.3,1,1,3148.5,3,1,3148.8,38,5,3149.3,39,2,3149.4,21,1
2031,2026-06-16 14:27:18+05:30,3148.5,1,3134.0,2823141,129408.0,201817.0,3163.0,3163.0,3108.0,3134.3,31877800,3447.7,2820.9,3839.9,2896.0,3148.2,60,5,3148.1,22,3,3148.0,337,6,3147.9,25,3,3147.8,57,3,3148.5,2,1,3148.8,38,5,3149.3,39,2,3149.4,21,1,3149.6,223,4
2031,2026-06-16 14:27:18+05:30,3148.5,2,3134.0,2823141,129408.0,201817.0,3163.0,3163.0,3108.0,3134.3,31877800,3447.7,2820.9,3839.9,2896.0,3148.2,60,5,3148.1,22,3,3148.0,337,6,3147.9,25,3,3147.8,57,3,3148.5,2,1,3148.8,38,5,3149.3,39,2,3149.4,21,1,3149.6,223,4
2031,2026-06-16 14:27:19+05:30,3148.5,2,3134.0,2823143,129599.0,201721.0,3163.0,3163.0,3108.0,3134.3,31877800,3447.7,2820.9,3839.9,2896.0,3148.2,59,4,3148.1,20,2,3148.0,325,5,3147.9,25,3,3147.8,57,3,3148.5,19,2,3148.8,14,3,3149.3,24,1,3149.4,21,1,3149.6,220,3
2031,2026-06-16 14:27:20+05:30,3148.5,1,3134.0,2823149,129036.0,202771.0,3163.0,3163.0,3108.0,3134.3,31877800,3447.7,2820.9,3839.9,2896.0,3148.2,52,3,3148.0,274,2,3147.7,6,1,3147.5,29,2,3147.4,86,2,3148.5,46,4,3148.8,43,3,3149.0,68,2,3149.1,65,2,3149.2,77,3
2031,2026-06-16 14:27:20+05:30,3148.5,1,3134.0,2823149,129036.0,202771.0,3163.0,3163.0,3108.0,3134.3,31877800,3447.7,2820.9,3839.9,2896.0,3148.2,52,3,3148.0,274,2,3147.7,6,1,3147.5,29,2,3147.4,86,2,3148.5,46,4,3148.8,43,3,3149.0,68,2,3149.1,65,2,3149.2,77,3
2031,2026-06-16 14:27:21+05:30,3148.2,1,3134.0,2823149,129036.0,202771.0,3163.0,3163.0,3108.0,3134.3,31877800,3447.7,2820.9,3839.9,2896.0,3148.2,52,3,3148.0,274,2,3147.7,6,1,3147.5,29,2,3147.4,86,2,3148.5,46,4,3148.8,43,3,3149.0,68,2,3149.1,65,2,3149.2,77,3
2031,2026-06-16 14:27:21+05:30,3148.2,1,3134.0,2823151,128967.0,202855.0,3163.0,3163.0,3108.0,3134.3,31877800,3447.7,2820.9,3839.9,2896.0,3148.2,51,3,3148.0,274,2,3147.7,6,1,3147.5,20,1,3147.4,86,2,3148.4,1,1,3148.5,50,5,3148.8,46,3,3148.9,193,3,3149.0,110,3
2031,2026-06-16 14:27:22+05:30,3148.4,1,3134.0,2823151,128967.0,202855.0,3163.0,3163.0,3108.0,3134.3,31877800,3447.7,2820.9,3839.9,2896.0,3148.2,51,3,3148.0,274,2,3147.7,6,1,3147.5,20,1,3147.4,86,2,3148.4,1,1,3148.5,50,5,3148.8,46,3,3148.9,193,3,3149.0,110,3
2031,2026-06-16 14:27:22+05:30,3148.4,1,3134.0,2823220,129198.0,202656.0,3163.0,3163.0,3108.0,3134.3,31877800,3447.7,2820.9,3839.9,2896.0,3148.4,15,1,3148.2,1,1,3148.0,274,2,3147.7,20,1,3147.5,20,1,3148.5,20,3,3148.6,26,1,3148.8,77,4,3148.9,46,1,3149.0,110,3
2031,2026-06-16 14:27:23+05:30,3148.4,10,3134.0,2823220,129198.0,202656.0,3163.0,3163.0,3108.0,3134.3,31877800,3447.7,2820.9,3839.9,2896.0,3148.4,15,1,3148.2,1,1,3148.0,274,2,3147.7,20,1,3147.5,20,1,3148.5,20,3,3148.6,26,1,3148.8,77,4,3148.9,46,1,3149.0,110,3
2031,2026-06-16 14:27:23+05:30,3148.4,10,3134.0,2823238,128989.0,202664.0,3163.0,3163.0,3108.0,3134.3,31877800,3447.7,2820.9,3839.9,2896.0,3148.2,1,1,3148.0,274,2,3147.7,20,1,3147.5,20,1,3147.4,79,1,3148.5,43,5,3148.6,21,1,3148.7,25,1,3148.8,44,3,3148.9,46,1
2031,2026-06-16 14:27:24+05:30,3148.5,34,3134.0,2823238,128989.0,202664.0,3163.0,3163.0,3108.0,3134.3,31877800,3447.7,2820.9,3839.9,2896.0,3148.2,1,1,3148.0,274,2,3147.7,20,1,3147.5,20,1,3147.4,79,1,3148.5,43,5,3148.6,21,1,3148.7,25,1,3148.8,44,3,3148.9,46,1
2031,2026-06-16 14:27:24+05:30,3148.5,34,3134.01,2823355,129184.0,202357.0,3163.0,3163.0,3108.0,3134.3,31877800,3447.7,2820.9,3839.9,2896.0,3148.2,17,2,3148.0,274,2,3147.7,20,1,3147.5,245,3,3147.4,97,2,3148.8,5,1,3149.0,42,1,3149.1,46,1,3149.2,84,2,3149.3,243,4
2031,2026-06-16 14:27:25+05:30,3149.2,3,3134.01,2823355,129184.0,202357.0,3163.0,3163.0,3108.0,3134.3,31877800,3447.7,2820.9,3839.9,2896.0,3148.2,17,2,3148.0,274,2,3147.7,20,1,3147.5,245,3,3147.4,97,2,3148.8,5,1,3149.0,42,1,3149.1,46,1,3149.2,84,2,3149.3,243,4
2031,2026-06-16 14:27:25+05:30,3149.2,3,3134.01,2823664,129292.0,202141.0,3163.0,3163.0,3108.0,3134.3,31877800,3447.7,2820.9,3839.9,2896.0,3148.2,22,3,3148.0,274,2,3147.8,3,1,3147.7,20,1,3147.5,67,3,3148.8,49,1,3149.2,43,2,3149.3,568,8,3149.4,518,5,3149.5,336,3
2031,2026-06-16 14:27:26+05:30,3148.8,45,3134.01,2823664,129292.0,202141.0,3163.0,3163.0,3108.0,3134.3,31877800,3447.7,2820.9,3839.9,2896.0,3148.2,22,3,3148.0,274,2,3147.8,3,1,3147.7,20,1,3147.5,67,3,3148.8,49,1,3149.2,43,2,3149.3,568,8,3149.4,518,5,3149.5,336,3
2031,2026-06-16 14:27:27+05:30,3148.9,1,3134.01,2823726,128632.0,202234.0,3163.0,3163.0,3108.0,3134.3,31877800,3447.7,2820.9,3839.9,2896.0,3148.2,17,2,3148.0,274,2,3147.8,3,1,3147.7,21,1,3147.5,20,1,3149.0,72,4,3149.1,92,4,3149.2,248,5,3149.3,786,6,3149.4,141,4
2031,2026-06-16 14:27:27+05:30,3149.0,13,3134.01,2823726,128632.0,202234.0,3163.0,3163.0,3108.0,3134.3,31877800,3447.7,2820.9,3839.9,2896.0,3148.2,17,2,3148.0,274,2,3147.8,3,1,3147.7,21,1,3147.5,20,1,3149.0,72,4,3149.1,92,4,3149.2,248,5,3149.3,786,6,3149.4,141,4
2031,2026-06-16 14:27:28+05:30,3149.0,1,3134.01,2823740,128560.0,202355.0,3163.0,3163.0,3108.0,3134.3,31877800,3447.7,2820.9,3839.9,2896.0,3148.2,17,2,3148.0,274,2,3147.8,3,1,3147.7,21,1,3147.5,20,1,3149.0,58,4,3149.1,92,4,3149.2,94,3,3149.3,215,4,3149.4,866,8
2031,2026-06-16 14:27:28+05:30,3149.0,1,3134.01,2823740,128560.0,202355.0,3163.0,3163.0,3108.0,3134.3,31877800,3447.7,2820.9,3839.9,2896.0,3148.2,17,2,3148.0,274,2,3147.8,3,1,3147.7,21,1,3147.5,20,1,3149.0,58,4,3149.1,92,4,3149.2,94,3,3149.3,215,4,3149.4,866,8
2031,2026-06-16 14:27:29+05:30,3149.0,1,3134.01,2823741,129690.0,202355.0,3163.0,3163.0,3108.0,3134.3,31877800,3447.7,2820.9,3839.9,2896.0,3148.5,32,2,3148.2,1,1,3148.0,274,2,3147.8,3,1,3147.7,21,1,3149.0,78,4,3149.1,64,2,3149.2,46,1,3149.3,226,3,3149.4,838,7
2031,2026-06-16 14:27:30+05:30,3148.6,4,3134.01,2823747,129851.0,202507.0,3163.0,3163.0,3108.0,3134.3,31877800,3447.7,2820.9,3839.9,2896.0,3148.8,15,1,3148.6,1,1,3148.5,19,2,3148.2,18,2,3148.0,274,2,3149.0,93,6,3149.1,64,2,3149.2,207,4,3149.3,772,5,3149.4,120,3
2031,2026-06-16 14:27:30+05:30,3148.9,1,3134.01,2823747,129851.0,202507.0,3163.0,3163.0,3108.0,3134.3,31877800,3447.7,2820.9,3839.9,2896.0,3148.8,15,1,3148.6,1,1,3148.5,19,2,3148.2,18,2,3148.0,274,2,3149.0,93,6,3149.1,64,2,3149.2,207,4,3149.3,772,5,3149.4,120,3
2031,2026-06-16 14:27:31+05:30,3148.8,117,3134.01,2823893,129245.0,202602.0,3163.0,3163.0,3108.0,3134.3,31877800,3447.7,2820.9,3839.9,2896.0,3148.6,1,1,3148.5,19,2,3148.2,17,1,3148.0,227,1,3147.7,21,1,3148.8,102,2,3148.9,16,1,3149.0,99,6,3149.1,27,2,3149.2,74,2
2031,2026-06-16 14:27:31+05:30,3148.8,117,3134.01,2823893,129245.0,202602.0,3163.0,3163.0,3108.0,3134.3,31877800,3447.7,2820.9,3839.9,2896.0,3148.6,1,1,3148.5,19,2,3148.2,17,1,3148.0,227,1,3147.7,21,1,3148.8,102,2,3148.9,16,1,3149.0,99,6,3149.1,27,2,3149.2,74,2
2031,2026-06-16 14:27:32+05:30,3148.6,1,3134.01,2823905,129651.0,202437.0,3163.0,3163.0,3108.0,3134.3,31877800,3447.7,2820.9,3839.9,2896.0,3148.6,17,2,3148.5,19,2,3148.0,227,1,3147.7,21,1,3147.5,197,3,3148.8,91,2,3149.0,73,5,3149.1,53,3,3149.2,46,1,3149.3,182,4
2031,2026-06-16 14:27:32+05:30,3148.6,1,3134.01,2823905,129651.0,202437.0,3163.0,3163.0,3108.0,3134.3,31877800,3447.7,2820.9,3839.9,2896.0,3148.6,17,2,3148.5,19,2,3148.0,227,1,3147.7,21,1,3147.5,197,3,3148.8,91,2,3149.0,73,5,3149.1,53,3,3149.2,46,1,3149.3,182,4
2031,2026-06-16 14:27:32+05:30,3148.6,1,3134.01,2823905,129651.0,202437.0,3163.0,3163.0,3108.0,3134.3,31877800,3447.7,2820.9,3839.9,2896.0,3148.6,17,2,3148.5,19,2,3148.0,227,1,3147.7,21,1,3147.5,197,3,3148.8,91,2,3149.0,73,5,3149.1,53,3,3149.2,46,1,3149.3,182,4
2031,2026-06-16 14:27:33+05:30,3148.8,1,3134.01,2823907,129803.0,202249.0,3163.0,3163.0,3108.0,3134.3,31877800,3447.7,2820.9,3839.9,2896.0,3148.6,61,3,3148.5,19,2,3148.1,4,1,3148.0,227,1,3147.8,12,1,3148.8,67,1,3149.0,73,5,3149.1,17,1,3149.3,174,2,3149.4,818,6
2031,2026-06-16 14:27:33+05:30,3148.8,1,3134.01,2823907,129803.0,202249.0,3163.0,3163.0,3108.0,3134.3,31877800,3447.7,2820.9,3839.9,2896.0,3148.6,61,3,3148.5,19,2,3148.1,4,1,3148.0,227,1,3147.8,12,1,3148.8,67,1,3149.0,73,5,3149.1,17,1,3149.3,174,2,3149.4,818,6
2031,2026-06-16 14:27:34+05:30,3148.8,1,3134.01,2823907,129803.0,202249.0,3163.0,3163.0,3108.0,3134.3,31877800,3447.7,2820.9,3839.9,2896.0,3148.6,61,3,3148.5,19,2,3148.1,4,1,3148.0,227,1,3147.8,12,1,3148.8,67,1,3149.0,73,5,3149.1,17,1,3149.3,174,2,3149.4,818,6
2031,2026-06-16 14:27:34+05:30,3148.6,1,3134.01,2823987,129776.0,202214.0,3163.0,3163.0,3108.0,3134.3,31877800,3447.7,2820.9,3839.9,2896.0,3148.6,17,3,3148.5,19,2,3148.1,4,1,3148.0,227,1,3147.8,12,1,3148.8,94,2,3149.0,58,4,3149.1,17,1,3149.3,200,3,3149.4,819,7
2031,2026-06-16 14:27:34+05:30,3148.6,1,3134.01,2823987,129776.0,202214.0,3163.0,3163.0,3108.0,3134.3,31877800,3447.7,2820.9,3839.9,2896.0,3148.6,17,3,3148.5,19,2,3148.1,4,1,3148.0,227,1,3147.8,12,1,3148.8,94,2,3149.0,58,4,3149.1,17,1,3149.3,200,3,3149.4,819,7
2031,2026-06-16 14:27:35+05:30,3148.6,1,3134.01,2823987,129777.0,202203.0,3163.0,3163.0,3108.0,3134.3,31877800,3447.7,2820.9,3839.9,2896.0,3148.6,18,4,3148.5,19,2,3148.1,4,1,3148.0,227,1,3147.8,12,1,3148.8,94,2,3149.0,44,3,3149.1,17,1,3149.3,200,3,3149.4,819,7
2031,2026-06-16 14:27:36+05:30,3148.6,1,3134.01,2823987,129777.0,202203.0,3163.0,3163.0,3108.0,3134.3,31877800,3447.7,2820.9,3839.9,2896.0,3148.6,18,4,3148.5,19,2,3148.1,4,1,3148.0,227,1,3147.8,12,1,3148.8,94,2,3149.0,44,3,3149.1,17,1,3149.3,200,3,3149.4,819,7
2031,2026-06-16 14:27:36+05:30,3148.6,7,3134.01,2824138,130040.0,202385.0,3163.0,3163.0,3108.0,3134.3,31877800,3447.7,2820.9,3839.9,2896.0,3148.6,10,3,3148.5,19,2,3148.0,257,3,3147.9,21,1,3147.7,67,2,3149.0,44,3,3149.1,17,1,3149.3,179,2,3149.4,725,4,3149.5,253,4
2031,2026-06-16 14:27:36+05:30,3148.6,7,3134.01,2824138,130040.0,202385.0,3163.0,3163.0,3108.0,3134.3,31877800,3447.7,2820.9,3839.9,2896.0,3148.6,10,3,3148.5,19,2,3148.0,257,3,3147.9,21,1,3147.7,67,2,3149.0,44,3,3149.1,17,1,3149.3,179,2,3149.4,725,4,3149.5,253,4
2031,2026-06-16 14:27:37+05:30,3149.0,3,3134.01,2824142,130003.0,202306.0,3163.0,3163.0,3108.0,3134.3,31877800,3447.7,2820.9,3839.9,2896.0,3148.6,15,2,3148.5,19,2,3148.0,239,2,3147.9,39,2,3147.7,21,1,3149.0,40,2,3149.1,17,1,3149.2,31,1,3149.3,153,1,3149.4,726,5
2031,2026-06-16 14:27:37+05:30,3149.0,3,3134.01,2824142,130003.0,202306.0,3163.0,3163.0,3108.0,3134.3,31877800,3447.7,2820.9,3839.9,2896.0,3148.6,15,2,3148.5,19,2,3148.0,239,2,3147.9,39,2,3147.7,21,1,3149.0,40,2,3149.1,17,1,3149.2,31,1,3149.3,153,1,3149.4,726,5
2031,2026-06-16 14:27:38+05:30,3148.8,1,3134.01,2824142,130003.0,202306.0,3163.0,3163.0,3108.0,3134.3,31877800,3447.7,2820.9,3839.9,2896.0,3148.6,15,2,3148.5,19,2,3148.0,239,2,3147.9,39,2,3147.7,21,1,3149.0,40,2,3149.1,17,1,3149.2,31,1,3149.3,153,1,3149.4,726,5
2031,2026-06-16 14:27:38+05:30,3148.8,1,3134.01,2824145,129969.0,202265.0,3163.0,3163.0,3108.0,3134.3,31877800,3447.7,2820.9,3839.9,2896.0,3148.8,2,1,3148.6,15,2,3148.5,15,1,3148.0,239,2,3147.9,21,1,3149.0,39,1,3149.2,31,1,3149.3,154,2,3149.4,725,4,3149.5,235,4
2031,2026-06-16 14:27:39+05:30,3148.8,1,3134.01,2824145,129969.0,202265.0,3163.0,3163.0,3108.0,3134.3,31877800,3447.7,2820.9,3839.9,2896.0,3148.8,2,1,3148.6,15,2,3148.5,15,1,3148.0,239,2,3147.9,21,1,3149.0,39,1,3149.2,31,1,3149.3,154,2,3149.4,725,4,3149.5,235,4
2031,2026-06-16 14:27:39+05:30,3148.8,3,3134.01,2824145,129969.0,202265.0,3163.0,3163.0,3108.0,3134.3,31877800,3447.7,2820.9,3839.9,2896.0,3148.8,2,1,3148.6,15,2,3148.5,15,1,3148.0,239,2,3147.9,21,1,3149.0,39,1,3149.2,31,1,3149.3,154,2,3149.4,725,4,3149.5,235,4
2031,2026-06-16 14:27:39+05:30,3148.8,3,3134.01,2824150,129926.0,202237.0,3163.0,3163.0,3108.0,3134.3,31877800,3447.7,2820.9,3839.9,2896.0,3148.8,4,1,3148.6,1,1,3148.5,15,1,3148.1,180,1,3148.0,239,2,3149.0,38,2,3149.2,31,1,3149.3,179,3,3149.4,725,4,3149.5,234,3
2031,2026-06-16 14:27:40+05:30,3149.0,2,3134.01,2824150,129926.0,202237.0,3163.0,3163.0,3108.0,3134.3,31877800,3447.7,2820.9,3839.9,2896.0,3148.8,4,1,3148.6,1,1,3148.5,15,1,3148.1,180,1,3148.0,239,2,3149.0,38,2,3149.2,31,1,3149.3,179,3,3149.4,725,4,3149.5,234,3
2031,2026-06-16 14:27:40+05:30,3149.0,2,3134.01,2824159,130044.0,202190.0,3163.0,3163.0,3108.0,3134.3,31877800,3447.7,2820.9,3839.9,2896.0,3148.8,19,2,3148.5,15,1,3148.1,13,1,3148.0,227,1,3147.9,39,2,3149.0,43,3,3149.3,180,3,3149.4,725,4,3149.5,234,3,3149.6,534,7
2031,2026-06-16 14:27:41+05:30,3149.0,2,3134.01,2824159,130044.0,202190.0,3163.0,3163.0,3108.0,3134.3,31877800,3447.7,2820.9,3839.9,2896.0,3148.8,19,2,3148.5,15,1,3148.1,13,1,3148.0,227,1,3147.9,39,2,3149.0,43,3,3149.3,180,3,3149.4,725,4,3149.5,234,3,3149.6,534,7
2031,2026-06-16 14:27:41+05:30,3148.8,24,3134.01,2824159,130044.0,202190.0,3163.0,3163.0,3108.0,3134.3,31877800,3447.7,2820.9,3839.9,2896.0,3148.8,19,2,3148.5,15,1,3148.1,13,1,3148.0,227,1,3147.9,39,2,3149.0,43,3,3149.3,180,3,3149.4,725,4,3149.5,234,3,3149.6,534,7
2031,2026-06-16 14:27:41+05:30,3148.8,21,3134.01,2824360,129873.0,201917.0,3163.0,3163.0,3108.0,3134.3,31877800,3447.7,2820.9,3839.9,2896.0,3148.5,24,4,3148.3,14,2,3148.2,13,1,3148.1,190,2,3148.0,227,1,3149.0,42,3,3149.3,154,2,3149.4,725,4,3149.5,203,2,3149.6,273,5
2031,2026-06-16 14:27:42+05:30,3149.0,27,3134.01,2824360,129873.0,201917.0,3163.0,3163.0,3108.0,3134.3,31877800,3447.7,2820.9,3839.9,2896.0,3148.5,24,4,3148.3,14,2,3148.2,13,1,3148.1,190,2,3148.0,227,1,3149.0,42,3,3149.3,154,2,3149.4,725,4,3149.5,203,2,3149.6,273,5
2031,2026-06-16 14:27:42+05:30,3149.0,27,3134.01,2824360,129873.0,201917.0,3163.0,3163.0,3108.0,3134.3,31877800,3447.7,2820.9,3839.9,2896.0,3148.5,24,4,3148.3,14,2,3148.2,13,1,3148.1,190,2,3148.0,227,1,3149.0,42,3,3149.3,154,2,3149.4,725,4,3149.5,203,2,3149.6,273,5
2031,2026-06-16 14:27:42+05:30,3149.0,27,3134.01,2824387,130183.0,202018.0,3163.0,3163.0,3108.0,3134.3,31877800,3447.7,2820.9,3839.9,2896.0,3148.8,29,4,3148.6,14,2,3148.5,34,3,3148.4,20,2,3148.3,8,1,3149.0,15,2,3149.3,154,2,3149.4,725,4,3149.5,203,2,3149.6,466,4
2031,2026-06-16 14:27:43+05:30,3148.5,15,3134.01,2824387,130183.0,202018.0,3163.0,3163.0,3108.0,3134.3,31877800,3447.7,2820.9,3839.9,2896.0,3148.8,29,4,3148.6,14,2,3148.5,34,3,3148.4,20,2,3148.3,8,1,3149.0,15,2,3149.3,154,2,3149.4,725,4,3149.5,203,2,3149.6,466,4
2031,2026-06-16 14:27:43+05:30,3148.8,1,3134.01,2824588,130057.0,201905.0,3163.0,3163.0,3108.0,3134.3,31877800,3447.7,2820.9,3839.9,2896.0,3148.8,53,2,3148.6,10,1,3148.2,26,3,3148.1,174,2,3148.0,242,3,3149.0,15,2,3149.3,154,2,3149.4,725,4,3149.5,203,2,3149.6,466,4
2031,2026-06-16 14:27:44+05:30,3148.8,1,3134.01,2824588,130057.0,201905.0,3163.0,3163.0,3108.0,3134.3,31877800,3447.7,2820.9,3839.9,2896.0,3148.8,53,2,3148.6,10,1,3148.2,26,3,3148.1,174,2,3148.0,242,3,3149.0,15,2,3149.3,154,2,3149.4,725,4,3149.5,203,2,3149.6,466,4
2031,2026-06-16 14:27:44+05:30,3149.0,5,3134.01,2824588,130057.0,201905.0,3163.0,3163.0,3108.0,3134.3,31877800,3447.7,2820.9,3839.9,2896.0,3148.8,53,2,3148.6,10,1,3148.2,26,3,3148.1,174,2,3148.0,242,3,3149.0,15,2,3149.3,154,2,3149.4,725,4,3149.5,203,2,3149.6,466,4
2031,2026-06-16 14:27:44+05:30,3149.0,5,3134.01,2824594,130135.0,201880.0,3163.0,3163.0,3108.0,3134.3,31877800,3447.7,2820.9,3839.9,2896.0,3148.8,54,3,3148.6,10,1,3148.2,26,3,3148.1,174,2,3148.0,288,4,3149.0,11,2,3149.3,154,2,3149.4,725,4,3149.5,203,2,3149.6,466,4
2031,2026-06-16 14:27:45+05:30,3149.0,5,3134.01,2824594,130135.0,201880.0,3163.0,3163.0,3108.0,3134.3,31877800,3447.7,2820.9,3839.9,2896.0,3148.8,54,3,3148.6,10,1,3148.2,26,3,3148.1,174,2,3148.0,288,4,3149.0,11,2,3149.3,154,2,3149.4,725,4,3149.5,203,2,3149.6,466,4
2031,2026-06-16 14:27:45+05:30,3149.0,1,3134.01,2824594,130135.0,201880.0,3163.0,3163.0,3108.0,3134.3,31877800,3447.7,2820.9,3839.9,2896.0,3148.8,54,3,3148.6,10,1,3148.2,26,3,3148.1,174,2,3148.0,288,4,3149.0,11,2,3149.3,154,2,3149.4,725,4,3149.5,203,2,3149.6,466,4
2031,2026-06-16 14:27:45+05:30,3149.0,1,3134.01,2824594,130135.0,201880.0,3163.0,3163.0,3108.0,3134.3,31877800,3447.7,2820.9,3839.9,2896.0,3148.8,54,3,3148.6,10,1,3148.2,26,3,3148.1,174,2,3148.0,288,4,3149.0,11,2,3149.3,154,2,3149.4,725,4,3149.5,203,2,3149.6,466,4
2031,2026-06-16 14:27:45+05:30,3149.0,1,3134.01,2824602,130476.0,201701.0,3163.0,3163.0,3108.0,3134.3,31877800,3447.7,2820.9,3839.9,2896.0,3148.9,2,2,3148.8,61,3,3148.5,13,1,3148.3,4,1,3148.2,26,3,3149.0,39,4,3149.3,154,2,3149.4,725,4,3149.5,203,2,3149.6,400,2
2031,2026-06-16 14:27:46+05:30,3149.0,1,3134.01,2824602,130476.0,201701.0,3163.0,3163.0,3108.0,3134.3,31877800,3447.7,2820.9,3839.9,2896.0,3148.9,2,2,3148.8,61,3,3148.5,13,1,3148.3,4,1,3148.2,26,3,3149.0,39,4,3149.3,154,2,3149.4,725,4,3149.5,203,2,3149.6,400,2
2031,2026-06-16 14:27:46+05:30,3148.8,4,3134.01,2824602,130476.0,201701.0,3163.0,3163.0,3108.0,3134.3,31877800,3447.7,2820.9,3839.9,2896.0,3148.9,2,2,3148.8,61,3,3148.5,13,1,3148.3,4,1,3148.2,26,3,3149.0,39,4,3149.3,154,2,3149.4,725,4,3149.5,203,2,3149.6,400,2
2031,2026-06-16 14:27:46+05:30,3148.8,4,3134.01,2824602,130476.0,201701.0,3163.0,3163.0,3108.0,3134.3,31877800,3447.7,2820.9,3839.9,2896.0,3148.9,2,2,3148.8,61,3,3148.5,13,1,3148.3,4,1,3148.2,26,3,3149.0,39,4,3149.3,154,2,3149.4,725,4,3149.5,203,2,3149.6,400,2
2031,2026-06-16 14:27:46+05:30,3148.8,4,3134.01,2824612,130480.0,201764.0,3163.0,3163.0,3108.0,3134.3,31877800,3447.7,2820.9,3839.9,2896.0,3148.8,51,4,3148.5,13,1,3148.3,4,1,3148.2,13,2,3148.1,174,2,3149.0,53,5,3149.3,154,2,3149.4,725,4,3149.5,203,2,3149.6,400,2
2031,2026-06-16 14:27:47+05:30,3149.0,1,3134.01,2824612,130480.0,201764.0,3163.0,3163.0,3108.0,3134.3,31877800,3447.7,2820.9,3839.9,2896.0,3148.8,51,4,3148.5,13,1,3148.3,4,1,3148.2,13,2,3148.1,174,2,3149.0,53,5,3149.3,154,2,3149.4,725,4,3149.5,203,2,3149.6,400,2
2031,2026-06-16 14:27:47+05:30,3149.0,1,3134.01,2824612,130480.0,201764.0,3163.0,3163.0,3108.0,3134.3,31877800,3447.7,2820.9,3839.9,2896.0,3148.8,51,4,3148.5,13,1,3148.3,4,1,3148.2,13,2,3148.1,174,2,3149.0,53,5,3149.3,154,2,3149.4,725,4,3149.5,203,2,3149.6,400,2
2031,2026-06-16 14:27:47+05:30,3149.0,1,3134.01,2824613,130529.0,201764.0,3163.0,3163.0,3108.0,3134.3,31877800,3447.7,2820.9,3839.9,2896.0,3148.8,87,5,3148.7,3,1,3148.6,13,2,3148.5,24,3,3148.3,21,2,3149.0,52,4,3149.3,154,2,3149.4,725,4,3149.5,203,2,3149.6,400,2
2031,2026-06-16 14:27:48+05:30,3149.0,1,3134.01,2824613,130529.0,201764.0,3163.0,3163.0,3108.0,3134.3,31877800,3447.7,2820.9,3839.9,2896.0,3148.8,87,5,3148.7,3,1,3148.6,13,2,3148.5,24,3,3148.3,21,2,3149.0,52,4,3149.3,154,2,3149.4,725,4,3149.5,203,2,3149.6,400,2
2031,2026-06-16 14:27:48+05:30,3149.0,1,3134.01,2824613,130529.0,201764.0,3163.0,3163.0,3108.0,3134.3,31877800,3447.7,2820.9,3839.9,2896.0,3148.8,87,5,3148.7,3,1,3148.6,13,2,3148.5,24,3,3148.3,21,2,3149.0,52,4,3149.3,154,2,3149.4,725,4,3149.5,203,2,3149.6,400,2
2031,2026-06-16 14:27:48+05:30,3149.0,1,3134.01,2824614,130420.0,201849.0,3163.0,3163.0,3108.0,3134.3,31877800,3447.7,2820.9,3839.9,2896.0,3148.8,86,4,3148.7,3,1,3148.5,32,4,3148.4,7,1,3148.3,29,3,3149.0,131,5,3149.3,154,2,3149.4,725,4,3149.5,203,2,3149.6,400,2
2031,2026-06-16 14:27:49+05:30,3149.0,1,3134.01,2824614,130420.0,201849.0,3163.0,3163.0,3108.0,3134.3,31877800,3447.7,2820.9,3839.9,2896.0,3148.8,86,4,3148.7,3,1,3148.5,32,4,3148.4,7,1,3148.3,29,3,3149.0,131,5,3149.3,154,2,3149.4,725,4,3149.5,203,2,3149.6,400,2
2031,2026-06-16 14:27:49+05:30,3149.0,1,3134.01,2824614,130420.0,201849.0,3163.0,3163.0,3108.0,3134.3,31877800,3447.7,2820.9,3839.9,2896.0,3148.8,86,4,3148.7,3,1,3148.5,32,4,3148.4,7,1,3148.3,29,3,3149.0,131,5,3149.3,154,2,3149.4,725,4,3149.5,203,2,3149.6,400,2
2031,2026-06-16 14:27:49+05:30,3148.8,3,3134.01,2824618,130423.0,201851.0,3163.0,3163.0,3108.0,3134.3,31877800,3447.7,2820.9,3839.9,2896.0,3148.8,99,6,3148.7,3,1,3148.5,32,4,3148.4,7,1,3148.3,29,3,3149.0,130,5,3149.3,154,2,3149.4,725,4,3149.5,203,2,3149.6,400,2
2031,2026-06-16 14:27:50+05:30,3148.8,3,3134.01,2824618,130423.0,201851.0,3163.0,3163.0,3108.0,3134.3,31877800,3447.7,2820.9,3839.9,2896.0,3148.8,99,6,3148.7,3,1,3148.5,32,4,3148.4,7,1,3148.3,29,3,3149.0,130,5,3149.3,154,2,3149.4,725,4,3149.5,203,2,3149.6,400,2
2031,2026-06-16 14:27:50+05:30,3148.8,4,3134.01,2824618,130423.0,201851.0,3163.0,3163.0,3108.0,3134.3,31877800,3447.7,2820.9,3839.9,2896.0,3148.8,99,6,3148.7,3,1,3148.5,32,4,3148.4,7,1,3148.3,29,3,3149.0,130,5,3149.3,154,2,3149.4,725,4,3149.5,203,2,3149.6,400,2
2031,2026-06-16 14:27:50+05:30,3148.8,4,3134.01,2824622,130370.0,201855.0,3163.0,3163.0,3108.0,3134.3,31877800,3447.7,2820.9,3839.9,2896.0,3148.8,96,7,3148.7,3,1,3148.5,32,4,3148.4,7,1,3148.3,29,3,3148.9,1,1,3149.0,129,4,3149.3,154,2,3149.4,725,4,3149.5,203,2
2031,2026-06-16 14:27:50+05:30,3148.8,4,3134.01,2824622,130370.0,201855.0,3163.0,3163.0,3108.0,3134.3,31877800,3447.7,2820.9,3839.9,2896.0,3148.8,96,7,3148.7,3,1,3148.5,32,4,3148.4,7,1,3148.3,29,3,3148.9,1,1,3149.0,129,4,3149.3,154,2,3149.4,725,4,3149.5,203,2
2031,2026-06-16 14:27:51+05:30,3148.9,1,3134.01,2824622,130370.0,201855.0,3163.0,3163.0,3108.0,3134.3,31877800,3447.7,2820.9,3839.9,2896.0,3148.8,96,7,3148.7,3,1,3148.5,32,4,3148.4,7,1,3148.3,29,3,3148.9,1,1,3149.0,129,4,3149.3,154,2,3149.4,725,4,3149.5,203,2
2031,2026-06-16 14:27:51+05:30,3148.9,1,3134.01,2824622,130370.0,201855.0,3163.0,3163.0,3108.0,3134.3,31877800,3447.7,2820.9,3839.9,2896.0,3148.9,2,1,3148.8,95,6,3148.7,6,2,3148.6,5,1,3148.5,35,4,3149.0,129,4,3149.3,1,1,3149.8,33,3,3149.9,263,2,3150.0,1015,15
2031,2026-06-16 14:27:51+05:30,3148.9,1,3134.01,2824623,130405.0,201867.0,3163.0,3163.0,3108.0,3134.3,31877800,3447.7,2820.9,3839.9,2896.0,3148.9,2,1,3148.8,95,6,3148.7,6,2,3148.6,5,1,3148.5,35,4,3149.0,129,4,3149.3,1,1,3149.8,33,3,3149.9,263,2,3150.0,1015,15
2031,2026-06-16 14:27:52+05:30,3149.0,8,3134.01,2824623,130405.0,201867.0,3163.0,3163.0,3108.0,3134.3,31877800,3447.7,2820.9,3839.9,2896.0,3148.9,2,1,3148.8,95,6,3148.7,6,2,3148.6,5,1,3148.5,35,4,3149.0,129,4,3149.3,1,1,3149.8,33,3,3149.9,263,2,3150.0,1015,15
2031,2026-06-16 14:27:52+05:30,3149.0,8,3134.01,2824798,130452.0,201614.0,3163.0,3163.0,3108.0,3134.3,31877800,3447.7,2820.9,3839.9,2896.0,3148.9,2,1,3148.8,40,3,3148.5,24,3,3148.4,7,1,3148.3,33,3,3149.0,27,1,3149.3,1,1,3149.8,79,4,3149.9,263,2,3150.0,1015,15
2031,2026-06-16 14:27:52+05:30,3149.0,8,3134.01,2824798,130452.0,201614.0,3163.0,3163.0,3108.0,3134.3,31877400,3447.7,2820.9,3839.9,2896.0,3148.9,2,1,3148.8,40,3,3148.5,24,3,3148.4,7,1,3148.3,33,3,3149.0,27,1,3149.3,1,1,3149.8,79,4,3149.9,263,2,3150.0,1015,15
2031,2026-06-16 14:27:53+05:30,3149.0,1,3134.01,2824798,130452.0,201614.0,3163.0,3163.0,3108.0,3134.3,31877400,3447.7,2820.9,3839.9,2896.0,3148.9,2,1,3148.8,40,3,3148.5,24,3,3148.4,7,1,3148.3,33,3,3149.0,27,1,3149.3,1,1,3149.8,79,4,3149.9,263,2,3150.0,1015,15
2031,2026-06-16 14:27:53+05:30,3149.0,1,3134.01,2824815,130607.0,201547.0,3163.0,3163.0,3108.0,3134.3,31877400,3447.7,2820.9,3839.9,2896.0,3148.9,48,5,3148.8,39,3,3148.7,6,2,3148.6,13,1,3148.5,24,3,3149.0,10,1,3149.3,1,1,3149.8,33,3,3149.9,153,1,3150.0,1018,16
2031,2026-06-16 14:27:54+05:30,3149.0,22,3134.01,2824837,130958.0,201493.0,3163.0,3163.0,3108.0,3134.3,31877400,3447.7,2820.9,3839.9,2896.0,3149.1,1,1,3149.0,28,3,3148.9,45,4,3148.8,69,4,3148.7,16,2,3149.3,1,1,3149.8,11,2,3149.9,153,1,3150.0,966,14,3150.1,282,2
2031,2026-06-16 14:27:55+05:30,3149.0,5,3134.01,2824837,130958.0,201493.0,3163.0,3163.0,3108.0,3134.3,31877400,3447.7,2820.9,3839.9,2896.0,3149.1,1,1,3149.0,28,3,3148.9,45,4,3148.8,69,4,3148.7,16,2,3149.3,1,1,3149.8,11,2,3149.9,153,1,3150.0,966,14,3150.1,282,2
2031,2026-06-16 14:27:55+05:30,3149.0,5,3134.01,2825054,129794.0,201798.0,3163.0,3163.0,3108.0,3134.3,31877400,3447.7,2820.9,3839.9,2896.0,3149.0,4,1,3148.8,15,1,3148.4,7,1,3148.3,21,2,3148.2,11,2,3149.2,153,1,3149.3,725,4,3149.4,200,1,3149.5,401,3,3149.6,646,4
2031,2026-06-16 14:27:56+05:30,3148.8,9,3134.01,2825054,129794.0,201798.0,3163.0,3163.0,3108.0,3134.3,31877400,3447.7,2820.9,3839.9,2896.0,3149.0,4,1,3148.8,15,1,3148.4,7,1,3148.3,21,2,3148.2,11,2,3149.2,153,1,3149.3,725,4,3149.4,200,1,3149.5,401,3,3149.6,646,4
2031,2026-06-16 14:27:56+05:30,3148.8,9,3134.01,2825093,130136.0,202053.0,3163.0,3163.0,3108.0,3134.3,31877400,3447.7,2820.9,3839.9,2896.0,3148.8,7,2,3148.3,13,1,3148.2,11,2,3148.1,33,2,3148.0,229,2,3149.2,147,2,3149.3,725,4,3149.4,200,1,3149.5,401,3,3149.6,678,6
2031,2026-06-16 14:27:57+05:30,3148.8,5,3134.01,2825093,130136.0,202053.0,3163.0,3163.0,3108.0,3134.3,31877400,3447.7,2820.9,3839.9,2896.0,3148.8,7,2,3148.3,13,1,3148.2,11,2,3148.1,33,2,3148.0,229,2,3149.2,147,2,3149.3,725,4,3149.4,200,1,3149.5,401,3,3149.6,678,6
2031,2026-06-16 14:27:57+05:30,3148.8,5,3134.01,2825104,130110.0,202175.0,3163.0,3163.0,3108.0,3134.3,31877400,3447.7,2820.9,3839.9,2896.0,3148.8,1,1,3148.3,13,1,3148.2,11,2,3148.1,33,2,3148.0,229,2,3149.2,141,2,3149.3,971,6,3149.4,200,1,3149.5,437,4,3149.6,678,6
2031,2026-06-16 14:27:58+05:30,3148.8,5,3134.01,2825104,130137.0,202206.0,3163.0,3163.0,3108.0,3134.3,31877400,3447.7,2820.9,3839.9,2896.0,3148.8,11,2,3148.3,13,1,3148.2,11,2,3148.1,33,2,3148.0,229,2,3149.2,141,2,3149.3,971,6,3149.4,200,1,3149.5,401,3,3149.6,653,5
2031,2026-06-16 14:27:59+05:30,3147.6,2,3134.01,2825104,130137.0,202206.0,3163.0,3163.0,3108.0,3134.3,31877400,3447.7,2820.9,3839.9,2896.0,3148.8,11,2,3148.3,13,1,3148.2,11,2,3148.1,33,2,3148.0,229,2,3149.2,141,2,3149.3,971,6,3149.4,200,1,3149.5,401,3,3149.6,653,5
2031,2026-06-16 14:27:59+05:30,3149.2,1,3134.02,2825694,129683.0,201969.0,3163.0,3163.0,3108.0,3134.3,31877400,3447.7,2820.9,3839.9,2896.0,3148.8,12,1,3148.1,44,5,3148.0,7,1,3147.9,48,3,3147.8,65,2,3149.2,476,5,3149.3,643,4,3149.4,201,2,3149.5,400,2,3149.6,646,4
2031,2026-06-16 14:28:00+05:30,3149.0,2,3134.02,2825694,129683.0,201969.0,3163.0,3163.0,3108.0,3134.3,31877400,3447.7,2820.9,3839.9,2896.0,3148.8,12,1,3148.1,44,5,3148.0,7,1,3147.9,48,3,3147.8,65,2,3149.2,476,5,3149.3,643,4,3149.4,201,2,3149.5,400,2,3149.6,646,4
2031,2026-06-16 14:28:00+05:30,3148.8,1,3134.02,2825739,129231.0,201931.0,3163.0,3163.0,3108.0,3134.3,31877400,3447.7,2820.9,3839.9,2896.0,3148.8,23,4,3148.7,10,1,3148.2,24,2,3148.1,41,4,3148.0,20,2,3149.0,10,1,3149.2,149,4,3149.3,925,5,3149.4,246,2,3149.5,400,2
2031,2026-06-16 14:28:01+05:30,3148.8,1,3134.02,2825739,129231.0,201931.0,3163.0,3163.0,3108.0,3134.3,31877400,3447.7,2820.9,3839.9,2896.0,3148.8,23,4,3148.7,10,1,3148.2,24,2,3148.1,41,4,3148.0,20,2,3149.0,10,1,3149.2,149,4,3149.3,925,5,3149.4,246,2,3149.5,400,2
2031,2026-06-16 14:28:01+05:30,3149.0,1,3134.02,2825750,129422.0,201924.0,3163.0,3163.0,3108.0,3134.3,31877400,3447.7,2820.9,3839.9,2896.0,3149.0,1,1,3148.8,22,4,3148.7,10,1,3148.4,4,1,3148.3,8,1,3149.2,149,4,3149.3,925,5,3149.4,200,1,3149.5,400,2,3149.6,646,4
2031,2026-06-16 14:28:02+05:30,3149.2,4,3134.02,2825750,129422.0,201924.0,3163.0,3163.0,3108.0,3134.3,31877400,3447.7,2820.9,3839.9,2896.0,3149.0,1,1,3148.8,22,4,3148.7,10,1,3148.4,4,1,3148.3,8,1,3149.2,149,4,3149.3,925,5,3149.4,200,1,3149.5,400,2,3149.6,646,4
2031,2026-06-16 14:28:03+05:30,3149.2,4,3134.02,2825757,129455.0,202071.0,3163.0,3163.0,3108.0,3134.3,31877400,3447.7,2820.9,3839.9,2896.0,3148.8,39,6,3148.5,23,2,3148.3,16,2,3148.2,24,2,3148.1,41,4,3149.2,517,7,3149.3,597,3,3149.4,200,1,3149.5,400,2,3149.6,646,4
2031,2026-06-16 14:28:03+05:30,3149.2,1,3134.02,2825757,129455.0,202071.0,3163.0,3163.0,3108.0,3134.3,31877400,3447.7,2820.9,3839.9,2896.0,3148.8,39,6,3148.5,23,2,3148.3,16,2,3148.2,24,2,3148.1,41,4,3149.2,517,7,3149.3,597,3,3149.4,200,1,3149.5,400,2,3149.6,646,4
2031,2026-06-16 14:28:04+05:30,3149.2,1,3134.02,2825758,129644.0,201906.0,3163.0,3163.0,3108.0,3134.3,31877400,3447.7,2820.9,3839.9,2896.0,3148.8,39,6,3148.5,29,3,3148.3,16,2,3148.2,24,2,3148.1,41,4,3149.0,100,1,3149.2,516,7,3149.3,597,3,3149.4,200,1,3149.5,400,2
2031,2026-06-16 14:28:04+05:30,3149.0,7,3134.02,2825758,129644.0,201906.0,3163.0,3163.0,3108.0,3134.3,31877400,3447.7,2820.9,3839.9,2896.0,3148.8,39,6,3148.5,29,3,3148.3,16,2,3148.2,24,2,3148.1,41,4,3149.0,100,1,3149.2,516,7,3149.3,597,3,3149.4,200,1,3149.5,400,2
2031,2026-06-16 14:28:05+05:30,3149.0,2,3134.02,2825767,129685.0,201905.0,3163.0,3163.0,3108.0,3134.3,31877400,3447.7,2820.9,3839.9,2896.0,3148.8,36,5,3148.7,10,1,3148.5,6,1,3148.3,16,2,3148.2,24,2,3149.0,115,2,3149.2,164,4,3149.3,925,5,3149.4,200,1,3149.5,400,2
2031,2026-06-16 14:28:05+05:30,3149.0,24,3134.02,2825767,129685.0,201905.0,3163.0,3163.0,3108.0,3134.3,31877400,3447.7,2820.9,3839.9,2896.0,3148.8,36,5,3148.7,10,1,3148.5,6,1,3148.3,16,2,3148.2,24,2,3149.0,115,2,3149.2,164,4,3149.3,925,5,3149.4,200,1,3149.5,400,2
2031,2026-06-16 14:28:06+05:30,3149.0,1,3134.02,2826083,130243.0,201970.0,3163.0,3163.0,3108.0,3134.3,31877400,3447.7,2820.9,3839.9,2896.0,3148.8,36,5,3148.6,10,1,3148.4,9,1,3148.3,59,3,3148.2,41,3,3149.0,25,1,3149.2,57,3,3149.8,143,4,3149.9,153,2,3150.0,1139,14
2031,2026-06-16 14:28:06+05:30,3148.8,4,3134.02,2826083,130243.0,201970.0,3163.0,3163.0,3108.0,3134.3,31877400,3447.7,2820.9,3839.9,2896.0,3148.8,36,5,3148.6,10,1,3148.4,9,1,3148.3,59,3,3148.2,41,3,3149.0,25,1,3149.2,57,3,3149.8,143,4,3149.9,153,2,3150.0,1139,14
2031,2026-06-16 14:28:07+05:30,3149.2,1,3134.02,2826128,130153.0,201962.0,3163.0,3163.0,3108.0,3134.3,31877400,3447.7,2820.9,3839.9,2896.0,3148.8,31,4,3148.5,10,1,3148.4,9,1,3148.3,59,3,3148.2,41,3,3149.0,38,1,3149.2,48,2,3149.8,166,4,3149.9,481,4,3150.0,885,16
2031,2026-06-16 14:28:07+05:30,3149.2,1,3134.02,2826128,130153.0,201962.0,3163.0,3163.0,3108.0,3134.3,31877400,3447.7,2820.9,3839.9,2896.0,3148.8,31,4,3148.5,10,1,3148.4,9,1,3148.3,59,3,3148.2,41,3,3149.0,38,1,3149.2,48,2,3149.8,166,4,3149.9,481,4,3150.0,885,16
2031,2026-06-16 14:28:08+05:30,3149.0,2,3134.02,2826130,130127.0,202029.0,3163.0,3163.0,3108.0,3134.3,31877400,3447.7,2820.9,3839.9,2896.0,3148.8,26,3,3148.4,9,1,3148.3,72,4,3148.2,11,1,3148.1,79,3,3149.0,36,1,3149.2,48,2,3149.8,35,4,3149.9,153,2,3150.0,1253,19
2031,2026-06-16 14:28:08+05:30,3148.9,1,3134.02,2826130,130127.0,202029.0,3163.0,3163.0,3108.0,3134.3,31877400,3447.7,2820.9,3839.9,2896.0,3148.8,26,3,3148.4,9,1,3148.3,72,4,3148.2,11,1,3148.1,79,3,3149.0,36,1,3149.2,48,2,3149.8,35,4,3149.9,153,2,3150.0,1253,19
2031,2026-06-16 14:28:09+05:30,3149.0,1,3134.02,2826132,130109.0,201882.0,3163.0,3163.0,3108.0,3134.3,31877400,3447.7,2820.9,3839.9,2896.0,3148.9,2,1,3148.8,26,3,3148.4,9,1,3148.3,72,4,3148.2,11,1,3149.0,35,1,3149.2,47,1,3149.7,107,1,3149.8,960,9,3149.9,52,2
2031,2026-06-16 14:28:09+05:30,3149.0,1,3134.02,2826132,130109.0,201882.0,3163.0,3163.0,3108.0,3134.3,31877400,3447.7,2820.9,3839.9,2896.0,3148.9,2,1,3148.8,26,3,3148.4,9,1,3148.3,72,4,3148.2,11,1,3149.0,35,1,3149.2,47,1,3149.7,107,1,3149.8,960,9,3149.9,52,2
2031,2026-06-16 14:28:10+05:30,3149.0,1,3134.02,2826145,129947.0,202002.0,3163.0,3163.0,3108.0,3134.3,31877400,3447.7,2820.9,3839.9,2896.0,3148.9,3,1,3148.8,25,2,3148.3,26,3,3148.2,11,1,3148.1,26,2,3149.0,129,3,3149.2,47,1,3149.6,108,2,3149.7,971,6,3149.8,261,6
2031,2026-06-16 14:28:10+05:30,3149.0,1,3134.02,2826145,129947.0,202002.0,3163.0,3163.0,3108.0,3134.3,31877400,3447.7,2820.9,3839.9,2896.0,3148.9,3,1,3148.8,25,2,3148.3,26,3,3148.2,11,1,3148.1,26,2,3149.0,129,3,3149.2,47,1,3149.6,108,2,3149.7,971,6,3149.8,261,6
2031,2026-06-16 14:28:11+05:30,3149.0,1,3134.02,2826191,129286.0,201954.0,3163.0,3163.0,3108.0,3134.3,31877400,3447.7,2820.9,3839.9,2896.0,3148.9,2,1,3148.8,28,2,3148.3,3,1,3148.1,10,1,3148.0,42,2,3149.0,128,3,3149.5,215,4,3149.6,926,6,3149.7,93,2,3149.8,480,8
2031,2026-06-16 14:28:12+05:30,3149.0,11,3134.02,2826202,129129.0,202111.0,3163.0,3163.0,3108.0,3134.3,31877400,3447.7,2820.9,3839.9,2896.0,3148.9,4,3,3148.8,28,2,3148.3,3,1,3148.1,10,1,3148.0,54,3,3149.0,117,3,3149.3,200,1,3149.4,108,2,3149.5,1008,7,3149.7,493,4
2031,2026-06-16 14:28:12+05:30,3149.0,1,3134.02,2826202,129129.0,202111.0,3163.0,3163.0,3108.0,3134.3,31877400,3447.7,2820.9,3839.9,2896.0,3148.9,4,3,3148.8,28,2,3148.3,3,1,3148.1,10,1,3148.0,54,3,3149.0,117,3,3149.3,200,1,3149.4,108,2,3149.5,1008,7,3149.7,493,4
2031,2026-06-16 14:28:13+05:30,3149.0,1,3134.02,2826206,129946.0,202117.0,3163.0,3163.0,3108.0,3134.3,31877400,3447.7,2820.9,3839.9,2896.0,3148.9,2,1,3148.8,43,3,3148.3,3,1,3148.1,10,1,3148.0,54,3,3149.0,113,3,3149.3,200,1,3149.5,191,4,3149.6,925,5,3149.7,93,2
2031,2026-06-16 14:28:13+05:30,3148.9,1,3134.02,2826206,129946.0,202117.0,3163.0,3163.0,3108.0,3134.3,31877400,3447.7,2820.9,3839.9,2896.0,3148.9,2,1,3148.8,43,3,3148.3,3,1,3148.1,10,1,3148.0,54,3,3149.0,113,3,3149.3,200,1,3149.5,191,4,3149.6,925,5,3149.7,93,2
2031,2026-06-16 14:28:14+05:30,3149.0,50,3134.02,2826320,130107.0,201199.0,3163.0,3163.0,3108.0,3134.3,31877400,3447.7,2820.9,3839.9,2896.0,3148.9,1,1,3148.8,13,1,3148.3,3,1,3148.2,12,1,3148.1,94,3,3149.6,200,1,3149.7,186,4,3149.8,981,9,3149.9,53,3,3150.0,775,17
2031,2026-06-16 14:28:14+05:30,3149.0,50,3134.02,2826320,130107.0,201199.0,3163.0,3163.0,3108.0,3134.3,31877400,3447.7,2820.9,3839.9,2896.0,3148.9,1,1,3148.8,13,1,3148.3,3,1,3148.2,12,1,3148.1,94,3,3149.6,200,1,3149.7,186,4,3149.8,981,9,3149.9,53,3,3150.0,775,17
2031,2026-06-16 14:28:15+05:30,3149.4,3,3134.02,2826323,130183.0,202023.0,3163.0,3163.0,3108.0,3134.3,31877400,3447.7,2820.9,3839.9,2896.0,3149.0,1,1,3148.8,13,1,3148.3,3,1,3148.2,12,1,3148.1,31,2,3149.4,197,1,3149.5,460,4,3149.6,642,4,3149.7,101,4,3149.8,500,8
2031,2026-06-16 14:28:15+05:30,3149.2,1,3134.02,2826323,130183.0,202023.0,3163.0,3163.0,3108.0,3134.3,31877400,3447.7,2820.9,3839.9,2896.0,3149.0,1,1,3148.8,13,1,3148.3,3,1,3148.2,12,1,3148.1,31,2,3149.4,197,1,3149.5,460,4,3149.6,642,4,3149.7,101,4,3149.8,500,8
2031,2026-06-16 14:28:16+05:30,3149.5,1,3134.02,2826568,128960.0,201696.0,3163.0,3163.0,3108.0,3134.3,31877400,3447.7,2820.9,3839.9,2896.0,3149.2,2,2,3148.8,18,1,3148.3,21,1,3148.1,47,3,3148.0,89,3,3149.5,26,2,3149.6,56,2,3149.7,93,2,3149.8,687,12,3149.9,683,6
2031,2026-06-16 14:28:16+05:30,3149.2,1,3134.02,2826568,128960.0,201696.0,3163.0,3163.0,3108.0,3134.3,31877400,3447.7,2820.9,3839.9,2896.0,3149.2,2,2,3148.8,18,1,3148.3,21,1,3148.1,47,3,3148.0,89,3,3149.5,26,2,3149.6,56,2,3149.7,93,2,3149.8,687,12,3149.9,683,6
2031,2026-06-16 14:28:17+05:30,3149.2,1,3134.02,2826572,128942.0,202009.0,3163.0,3163.0,3108.0,3134.3,31877400,3447.7,2820.9,3839.9,2896.0,3148.8,18,1,3148.0,31,1,3147.9,37,2,3147.8,62,2,3147.7,37,2,3149.0,1,1,3149.3,25,1,3149.4,44,3,3149.5,107,5,3149.6,685,8
2031,2026-06-16 14:28:18+05:30,3149.2,1,3134.02,2826572,129155.0,201923.0,3163.0,3163.0,3108.0,3134.3,31877400,3447.7,2820.9,3839.9,2896.0,3148.8,18,1,3148.0,77,2,3147.9,37,2,3147.8,46,1,3147.7,37,2,3149.0,24,3,3149.1,16,1,3149.3,25,1,3149.4,44,3,3149.5,128,6
2031,2026-06-16 14:28:19+05:30,3149.0,1,3134.02,2826576,129109.0,201742.0,3163.0,3163.0,3108.0,3134.3,31877400,3447.7,2820.9,3839.9,2896.0,3148.8,18,2,3148.0,31,1,3147.9,37,2,3147.7,83,3,3147.6,32,3,3149.0,22,2,3149.2,21,1,3149.3,25,1,3149.4,44,3,3149.5,137,6
2031,2026-06-16 14:28:19+05:30,3148.8,7,3134.02,2826576,129109.0,201742.0,3163.0,3163.0,3108.0,3134.3,31877400,3447.7,2820.9,3839.9,2896.0,3148.8,18,2,3148.0,31,1,3147.9,37,2,3147.7,83,3,3147.6,32,3,3149.0,22,2,3149.2,21,1,3149.3,25,1,3149.4,44,3,3149.5,137,6
2031,2026-06-16 14:28:20+05:30,3148.8,7,3134.02,2826733,128408.0,202784.0,3163.0,3163.0,3108.0,3134.3,31877400,3447.7,2820.9,3839.9,2896.0,3148.0,31,1,3147.5,27,2,3147.3,33,2,3147.2,78,3,3147.1,742,9,3148.8,28,2,3148.9,44,3,3149.0,82,6,3149.1,173,2,3149.2,276,6
2031,2026-06-16 14:28:20+05:30,3148.8,7,3134.02,2826733,128408.0,202784.0,3163.0,3163.0,3108.0,3134.3,31877400,3447.7,2820.9,3839.9,2896.0,3148.0,31,1,3147.5,27,2,3147.3,33,2,3147.2,78,3,3147.1,742,9,3148.8,28,2,3148.9,44,3,3149.0,82,6,3149.1,173,2,3149.2,276,6
2031,2026-06-16 14:28:21+05:30,3148.8,19,3134.02,2826752,128409.0,202820.0,3163.0,3163.0,3108.0,3134.3,31877400,3447.7,2820.9,3839.9,2896.0,3148.0,31,1,3147.5,27,2,3147.3,33,2,3147.2,78,3,3147.1,714,7,3148.8,9,2,3148.9,44,3,3149.0,82,6,3149.1,173,2,3149.2,276,6
2031,2026-06-16 14:28:21+05:30,3148.0,9,3134.02,2826752,128409.0,202820.0,3163.0,3163.0,3108.0,3134.3,31877400,3447.7,2820.9,3839.9,2896.0,3148.0,31,1,3147.5,27,2,3147.3,33,2,3147.2,78,3,3147.1,714,7,3148.8,9,2,3148.9,44,3,3149.0,82,6,3149.1,173,2,3149.2,276,6
2031,2026-06-16 14:28:21+05:30,3148.0,9,3134.02,2826762,128568.0,202962.0,3163.0,3163.0,3108.0,3134.3,31877400,3447.7,2820.9,3839.9,2896.0,3148.0,22,1,3147.5,27,2,3147.4,12,1,3147.3,21,1,3147.2,32,2,3148.8,8,2,3148.9,44,3,3149.0,66,4,3149.1,173,2,3149.2,276,6
2031,2026-06-16 14:28:22+05:30,3148.0,9,3134.02,2826762,128631.0,202572.0,3163.0,3163.0,3108.0,3134.3,31877400,3447.7,2820.9,3839.9,2896.0,3148.0,37,2,3147.5,27,2,3147.4,12,1,3147.3,33,2,3147.2,78,3,3148.8,13,3,3148.9,44,3,3149.0,66,4,3149.1,173,2,3149.2,276,6
2031,2026-06-16 14:28:23+05:30,3148.0,45,3134.02,2826762,128631.0,202572.0,3163.0,3163.0,3108.0,3134.3,31877400,3447.7,2820.9,3839.9,2896.0,3148.0,37,2,3147.5,27,2,3147.4,12,1,3147.3,33,2,3147.2,78,3,3148.8,13,3,3148.9,44,3,3149.0,66,4,3149.1,173,2,3149.2,276,6
2031,2026-06-16 14:28:23+05:30,3148.0,45,3134.02,2826845,128190.0,202760.0,3163.0,3163.0,3108.0,3134.3,31877400,3447.7,2820.9,3839.9,2896.0,3148.0,15,1,3147.5,30,2,3147.3,21,1,3147.1,574,7,3147.0,371,9,3148.8,31,5,3148.9,262,6,3149.0,66,3,3149.1,164,2,3149.2,1066,9
2031,2026-06-16 14:28:24+05:30,3148.0,25,3134.02,2826845,128190.0,202760.0,3163.0,3163.0,3108.0,3134.3,31877400,3447.7,2820.9,3839.9,2896.0,3148.0,15,1,3147.5,30,2,3147.3,21,1,3147.1,574,7,3147.0,371,9,3148.8,31,5,3148.9,262,6,3149.0,66,3,3149.1,164,2,3149.2,1066,9
2031,2026-06-16 14:28:24+05:30,3148.7,6,3134.02,2826876,128602.0,202908.0,3163.0,3163.0,3108.0,3134.3,31877400,3447.7,2820.9,3839.9,2896.0,3148.0,15,1,3147.5,20,1,3147.3,21,1,3147.1,558,5,3147.0,371,9,3148.7,68,5,3148.8,90,6,3148.9,292,6,3149.0,251,7,3149.1,982,6
2031,2026-06-16 14:28:25+05:30,3148.7,1,3134.02,2826876,128602.0,202908.0,3163.0,3163.0,3108.0,3134.3,31877400,3447.7,2820.9,3839.9,2896.0,3148.0,15,1,3147.5,20,1,3147.3,21,1,3147.1,558,5,3147.0,371,9,3148.7,68,5,3148.8,90,6,3148.9,292,6,3149.0,251,7,3149.1,982,6
2031,2026-06-16 14:28:25+05:30,3148.7,1,3134.02,2826882,128660.0,202946.0,3163.0,3163.0,3108.0,3134.3,31877400,3447.7,2820.9,3839.9,2896.0,3148.0,15,1,3147.5,20,1,3147.3,21,1,3147.1,585,5,3147.0,371,9,3148.7,390,11,3148.8,1010,10,3148.9,137,5,3149.0,325,6,3149.1,657,4
2031,2026-06-16 14:28:26+05:30,3148.2,1,3134.02,2826882,128660.0,202946.0,3163.0,3163.0,3108.0,3134.3,31877400,3447.7,2820.9,3839.9,2896.0,3148.0,15,1,3147.5,20,1,3147.3,21,1,3147.1,585,5,3147.0,371,9,3148.7,390,11,3148.8,1010,10,3148.9,137,5,3149.0,325,6,3149.1,657,4
2031,2026-06-16 14:28:26+05:30,3148.2,1,3134.02,2826884,128802.0,203095.0,3163.0,3163.0,3108.0,3134.3,31877400,3447.7,2820.9,3839.9,2896.0,3148.0,15,1,3147.3,21,1,3147.1,539,4,3147.0,371,9,3146.9,226,4,3148.2,1,1,3148.5,60,4,3148.6,16,1,3148.7,436,11,3148.8,829,10
2031,2026-06-16 14:28:27+05:30,3148.2,1,3134.02,2826884,128868.0,203508.0,3163.0,3163.0,3108.0,3134.3,31877400,3447.7,2820.9,3839.9,2896.0,3148.0,25,2,3147.3,21,1,3147.1,585,5,3147.0,371,9,3146.9,226,4,3148.2,1,1,3148.5,203,3,3148.6,123,2,3148.7,1064,13,3148.8,10,4
2031,2026-06-16 14:28:28+05:30,3148.2,1,3134.02,2826884,128702.0,203411.0,3163.0,3163.0,3108.0,3134.3,31877400,3447.7,2820.9,3839.9,2896.0,3148.0,25,2,3147.3,67,2,3147.1,585,5,3147.0,383,10,3146.9,83,3,3148.2,21,3,3148.5,57,3,3148.6,16,1,3148.7,135,5,3148.8,199,5
2031,2026-06-16 14:28:29+05:30,3148.2,1,3134.02,2826884,128677.0,203435.0,3163.0,3163.0,3108.0,3134.3,31877400,3447.7,2820.9,3839.9,2896.0,3148.0,30,3,3147.3,67,2,3147.1,585,5,3147.0,383,10,3146.9,83,3,3148.2,28,4,3148.5,64,4,3148.6,16,1,3148.7,135,5,3148.8,224,6
2031,2026-06-16 14:28:30+05:30,3148.2,6,3134.02,2826884,128677.0,203435.0,3163.0,3163.0,3108.0,3134.3,31877400,3447.7,2820.9,3839.9,2896.0,3148.0,30,3,3147.3,67,2,3147.1,585,5,3147.0,383,10,3146.9,83,3,3148.2,28,4,3148.5,64,4,3148.6,16,1,3148.7,135,5,3148.8,224,6
2031,2026-06-16 14:28:30+05:30,3148.2,6,3134.02,2826923,128748.0,203413.0,3163.0,3163.0,3108.0,3134.3,31877400,3447.7,2820.9,3839.9,2896.0,3148.1,2,2,3148.0,48,6,3147.3,21,1,3147.2,15,2,3147.1,539,4,3148.5,50,4,3148.6,188,2,3148.7,242,6,3148.8,934,8,3148.9,98,5
2031,2026-06-16 14:28:31+05:30,3148.2,6,3134.02,2826923,128769.0,203666.0,3163.0,3163.0,3108.0,3134.3,31877400,3447.7,2820.9,3839.9,2896.0,3148.2,2,1,3148.1,2,2,3148.0,21,4,3147.3,21,1,3147.2,15,2,3148.5,73,5,3148.6,188,2,3148.7,242,6,3148.8,934,8,3148.9,116,6
2031,2026-06-16 14:28:32+05:30,3148.2,6,3134.02,2826923,128769.0,203666.0,3163.0,3163.0,3108.0,3134.3,31877400,3447.7,2820.9,3839.9,2896.0,3148.2,2,1,3148.1,2,2,3148.0,21,4,3147.3,21,1,3147.2,15,2,3148.5,73,5,3148.6,188,2,3148.7,242,6,3148.8,934,8,3148.9,116,6
2031,2026-06-16 14:28:32+05:30,3148.2,1,3134.02,2826923,128769.0,203666.0,3163.0,3163.0,3108.0,3134.3,31877400,3447.7,2820.9,3839.9,2896.0,3148.2,2,1,3148.1,2,2,3148.0,21,4,3147.3,21,1,3147.2,15,2,3148.5,73,5,3148.6,188,2,3148.7,242,6,3148.8,934,8,3148.9,116,6
2031,2026-06-16 14:28:32+05:30,3148.2,1,3134.02,2826926,128782.0,203126.0,3163.0,3163.0,3108.0,3134.3,31877400,3447.7,2820.9,3839.9,2896.0,3148.2,18,2,3148.1,2,2,3148.0,11,3,3147.4,12,1,3147.3,33,2,3148.5,59,4,3148.6,188,2,3148.7,98,4,3148.8,116,4,3148.9,998,8
2031,2026-06-16 14:28:33+05:30,3148.2,1,3134.02,2826926,128821.0,203126.0,3163.0,3163.0,3108.0,3134.3,31877400,3447.7,2820.9,3839.9,2896.0,3148.2,18,2,3148.1,2,2,3148.0,11,3,3147.4,12,1,3147.3,33,2,3148.5,59,4,3148.6,188,2,3148.7,98,4,3148.8,117,5,3148.9,998,8
2031,2026-06-16 14:28:34+05:30,3148.2,1,3134.02,2826926,128821.0,203126.0,3163.0,3163.0,3108.0,3134.3,31877400,3447.7,2820.9,3839.9,2896.0,3148.2,18,2,3148.1,2,2,3148.0,11,3,3147.4,12,1,3147.3,33,2,3148.5,59,4,3148.6,188,2,3148.7,98,4,3148.8,117,5,3148.9,998,8
2031,2026-06-16 14:28:34+05:30,3148.2,1,3134.02,2826926,128889.0,202911.0,3163.0,3163.0,3108.0,3134.3,31877400,3447.7,2820.9,3839.9,2896.0,3148.2,20,4,3148.1,2,2,3148.0,11,3,3147.4,12,1,3147.3,33,2,3148.5,59,4,3148.6,188,2,3148.7,98,4,3148.8,116,4,3148.9,999,9
2031,2026-06-16 14:28:35+05:30,3148.2,1,3134.02,2826926,128934.0,203111.0,3163.0,3163.0,3108.0,3134.3,31877400,3447.7,2820.9,3839.9,2896.0,3148.3,2,2,3148.2,20,4,3148.0,11,3,3147.4,12,1,3147.3,33,2,3148.5,60,5,3148.6,188,2,3148.7,98,4,3148.8,115,3,3148.9,999,9
2031,2026-06-16 14:28:36+05:30,3148.2,1,3134.02,2826926,128934.0,203111.0,3163.0,3163.0,3108.0,3134.3,31877400,3447.7,2820.9,3839.9,2896.0,3148.3,2,2,3148.2,20,4,3148.0,11,3,3147.4,12,1,3147.3,33,2,3148.5,60,5,3148.6,188,2,3148.7,98,4,3148.8,115,3,3148.9,999,9
2031,2026-06-16 14:28:36+05:30,3148.2,5,3134.02,2826926,128934.0,203111.0,3163.0,3163.0,3108.0,3134.3,31877400,3447.7,2820.9,3839.9,2896.0,3148.3,2,2,3148.2,20,4,3148.0,11,3,3147.4,12,1,3147.3,33,2,3148.5,60,5,3148.6,188,2,3148.7,98,4,3148.8,115,3,3148.9,999,9
2031,2026-06-16 14:28:36+05:30,3148.6,101,3134.02,2827106,128838.0,202841.0,3163.0,3163.0,3108.0,3134.3,31877400,3447.7,2820.9,3839.9,2896.0,3148.2,19,4,3148.0,11,3,3147.5,20,1,3147.4,12,1,3147.3,33,2,3148.6,71,1,3148.7,64,3,3148.8,115,3,3148.9,999,9,3149.0,74,3
2031,2026-06-16 14:28:37+05:30,3148.6,1,3134.02,2827106,128838.0,202841.0,3163.0,3163.0,3108.0,3134.3,31877400,3447.7,2820.9,3839.9,2896.0,3148.2,19,4,3148.0,11,3,3147.5,20,1,3147.4,12,1,3147.3,33,2,3148.6,71,1,3148.7,64,3,3148.8,115,3,3148.9,999,9,3149.0,74,3
2031,2026-06-16 14:28:37+05:30,3148.2,11,3134.03,2827157,128776.0,202502.0,3163.0,3163.0,3108.0,3134.3,31877400,3447.7,2820.9,3839.9,2896.0,3148.2,6,2,3148.0,11,3,3147.6,3,1,3147.5,32,2,3147.3,33,2,3148.6,65,1,3148.8,141,4,3148.9,946,6,3149.0,145,5,3149.1,257,2
2031,2026-06-16 14:28:38+05:30,3148.6,1,3134.03,2827157,128776.0,202502.0,3163.0,3163.0,3108.0,3134.3,31877400,3447.7,2820.9,3839.9,2896.0,3148.2,6,2,3148.0,11,3,3147.6,3,1,3147.5,32,2,3147.3,33,2,3148.6,65,1,3148.8,141,4,3148.9,946,6,3149.0,145,5,3149.1,257,2
2031,2026-06-16 14:28:38+05:30,3148.6,1,3134.03,2827157,128776.0,202502.0,3163.0,3163.0,3108.0,3134.3,31877400,3447.7,2820.9,3839.9,2896.0,3148.2,6,2,3148.0,11,3,3147.6,3,1,3147.5,32,2,3147.3,33,2,3148.6,65,1,3148.8,141,4,3148.9,946,6,3149.0,145,5,3149.1,257,2
2031,2026-06-16 14:28:38+05:30,3148.6,1,3134.03,2827158,128815.0,202734.0,3163.0,3163.0,3108.0,3134.3,31877400,3447.7,2820.9,3839.9,2896.0,3148.4,5,1,3148.2,44,3,3148.0,6,2,3147.6,3,1,3147.5,32,2,3148.6,99,2,3148.8,109,2,3148.9,972,7,3149.0,121,5,3149.1,457,3
2031,2026-06-16 14:28:39+05:30,3148.6,3,3134.03,2827158,128815.0,202734.0,3163.0,3163.0,3108.0,3134.3,31877400,3447.7,2820.9,3839.9,2896.0,3148.4,5,1,3148.2,44,3,3148.0,6,2,3147.6,3,1,3147.5,32,2,3148.6,99,2,3148.8,109,2,3148.9,972,7,3149.0,121,5,3149.1,457,3
2031,2026-06-16 14:28:39+05:30,3148.6,3,3134.03,2827161,128815.0,202752.0,3163.0,3163.0,3108.0,3134.3,31877400,3447.7,2820.9,3839.9,2896.0,3148.4,5,1,3148.2,44,3,3148.0,6,2,3147.6,3,1,3147.5,32,2,3148.6,121,3,3148.8,109,2,3148.9,972,7,3149.0,121,5,3149.1,457,3
2031,2026-06-16 14:28:40+05:30,3148.6,2,3134.03,2827161,128815.0,202752.0,3163.0,3163.0,3108.0,3134.3,31877400,3447.7,2820.9,3839.9,2896.0,3148.4,5,1,3148.2,44,3,3148.0,6,2,3147.6,3,1,3147.5,32,2,3148.6,121,3,3148.8,109,2,3148.9,972,7,3149.0,121,5,3149.1,457,3
2031,2026-06-16 14:28:40+05:30,3148.6,2,3134.03,2827337,128914.0,202580.0,3163.0,3163.0,3108.0,3134.3,31877400,3447.7,2820.9,3839.9,2896.0,3148.4,8,2,3148.2,44,3,3148.0,5,1,3147.9,8,1,3147.8,9,1,3148.6,6,1,3148.8,2,1,3148.9,21,1,3149.0,68,2,3149.1,200,1
2031,2026-06-16 14:28:41+05:30,3148.6,2,3134.03,2827337,128914.0,202580.0,3163.0,3163.0,3108.0,3134.3,31877400,3447.7,2820.9,3839.9,2896.0,3148.4,8,2,3148.2,44,3,3148.0,5,1,3147.9,8,1,3147.8,9,1,3148.6,6,1,3148.8,2,1,3148.9,21,1,3149.0,68,2,3149.1,200,1
2031,2026-06-16 14:28:41+05:30,3148.6,6,3134.03,2827337,128914.0,202580.0,3163.0,3163.0,3108.0,3134.3,31877400,3447.7,2820.9,3839.9,2896.0,3148.4,8,2,3148.2,44,3,3148.0,5,1,3147.9,8,1,3147.8,9,1,3148.6,6,1,3148.8,2,1,3148.9,21,1,3149.0,68,2,3149.1,200,1
2031,2026-06-16 14:28:41+05:30,3148.9,18,3134.03,2827366,129162.0,202678.0,3163.0,3163.0,3108.0,3134.3,31877400,3447.7,2820.9,3839.9,2896.0,3148.4,42,2,3148.3,10,1,3148.2,42,2,3148.0,5,1,3147.9,48,4,3149.0,21,1,3149.1,200,1,3149.2,107,1,3149.3,1125,6,3149.4,19,1
2031,2026-06-16 14:28:42+05:30,3149.0,1,3134.03,2827366,129162.0,202678.0,3163.0,3163.0,3108.0,3134.3,31877400,3447.7,2820.9,3839.9,2896.0,3148.4,42,2,3148.3,10,1,3148.2,42,2,3148.0,5,1,3147.9,48,4,3149.0,21,1,3149.1,200,1,3149.2,107,1,3149.3,1125,6,3149.4,19,1
2031,2026-06-16 14:28:42+05:30,3148.4,5,3134.03,2827375,129184.0,202701.0,3163.0,3163.0,3108.0,3134.3,31877400,3447.7,2820.9,3839.9,2896.0,3148.4,42,2,3148.2,42,2,3148.1,3,1,3148.0,5,1,3147.9,36,3,3149.0,19,2,3149.1,200,1,3149.2,107,1,3149.3,1125,6,3149.4,19,1
2031,2026-06-16 14:28:42+05:30,3148.4,5,3134.03,2827375,129184.0,202701.0,3163.0,3163.0,3108.0,3134.3,31877400,3447.7,2820.9,3839.9,2896.0,3148.4,42,2,3148.2,42,2,3148.1,3,1,3148.0,5,1,3147.9,36,3,3149.0,19,2,3149.1,200,1,3149.2,107,1,3149.3,1125,6,3149.4,19,1
2031,2026-06-16 14:28:43+05:30,3148.4,9,3134.03,2827375,129184.0,202701.0,3163.0,3163.0,3108.0,3134.3,31877400,3447.7,2820.9,3839.9,2896.0,3148.4,42,2,3148.2,42,2,3148.1,3,1,3148.0,5,1,3147.9,36,3,3149.0,19,2,3149.1,200,1,3149.2,107,1,3149.3,1125,6,3149.4,19,1
2031,2026-06-16 14:28:43+05:30,3149.0,3,3134.03,2827387,129284.0,202374.0,3163.0,3163.0,3108.0,3134.3,31877400,3447.7,2820.9,3839.9,2896.0,3148.4,83,3,3148.2,52,3,3148.1,3,1,3148.0,5,1,3147.9,48,4,3149.0,16,2,3149.1,200,1,3149.2,107,1,3149.3,1125,6,3149.4,19,1
2031,2026-06-16 14:28:44+05:30,3149.0,3,3134.03,2827387,129284.0,202374.0,3163.0,3163.0,3108.0,3134.3,31877400,3447.7,2820.9,3839.9,2896.0,3148.4,83,3,3148.2,52,3,3148.1,3,1,3148.0,5,1,3147.9,48,4,3149.0,16,2,3149.1,200,1,3149.2,107,1,3149.3,1125,6,3149.4,19,1
2031,2026-06-16 14:28:44+05:30,3149.0,3,3134.03,2827387,129284.0,202374.0,3163.0,3163.0,3108.0,3134.3,31877400,3447.7,2820.9,3839.9,2896.0,3148.4,83,3,3148.2,52,3,3148.1,3,1,3148.0,5,1,3147.9,48,4,3149.0,16,2,3149.1,200,1,3149.2,107,1,3149.3,1125,6,3149.4,19,1
2031,2026-06-16 14:28:44+05:30,3149.0,3,3134.03,2827387,129284.0,203054.0,3163.0,3163.0,3108.0,3134.3,31877400,3447.7,2820.9,3839.9,2896.0,3148.4,83,3,3148.2,52,3,3148.1,3,1,3148.0,5,1,3147.9,48,4,3149.0,61,3,3149.1,200,1,3149.2,107,1,3149.3,1125,6,3149.4,19,1
2031,2026-06-16 14:28:45+05:30,3149.0,3,3134.03,2827387,129284.0,203054.0,3163.0,3163.0,3108.0,3134.3,31877400,3447.7,2820.9,3839.9,2896.0,3148.4,83,3,3148.2,52,3,3148.1,3,1,3148.0,5,1,3147.9,48,4,3149.0,61,3,3149.1,200,1,3149.2,107,1,3149.3,1125,6,3149.4,19,1
2031,2026-06-16 14:28:45+05:30,3149.0,45,3134.03,2827387,129284.0,203054.0,3163.0,3163.0,3108.0,3134.3,31877400,3447.7,2820.9,3839.9,2896.0,3148.4,83,3,3148.2,52,3,3148.1,3,1,3148.0,5,1,3147.9,48,4,3149.0,61,3,3149.1,200,1,3149.2,107,1,3149.3,1125,6,3149.4,19,1
2031,2026-06-16 14:28:45+05:30,3149.0,45,3134.03,2827387,129284.0,203054.0,3163.0,3163.0,3108.0,3134.3,31877400,3447.7,2820.9,3839.9,2896.0,3148.4,83,3,3148.2,52,3,3148.1,3,1,3148.0,5,1,3147.9,48,4,3149.0,61,3,3149.1,200,1,3149.2,107,1,3149.3,1125,6,3149.4,19,1
2031,2026-06-16 14:28:45+05:30,3149.0,45,3134.03,2827448,130061.0,202634.0,3163.0,3163.0,3108.0,3134.3,31877400,3447.7,2820.9,3839.9,2896.0,3148.7,2,2,3148.4,82,4,3148.2,56,3,3148.1,3,1,3148.0,7,2,3149.1,200,1,3149.2,107,1,3149.3,1125,6,3149.4,19,1,3149.5,248,4
2031,2026-06-16 14:28:46+05:30,3149.0,45,3134.03,2827448,130061.0,202634.0,3163.0,3163.0,3108.0,3134.3,31877400,3447.7,2820.9,3839.9,2896.0,3148.7,2,2,3148.4,82,4,3148.2,56,3,3148.1,3,1,3148.0,7,2,3149.1,200,1,3149.2,107,1,3149.3,1125,6,3149.4,19,1,3149.5,248,4
2031,2026-06-16 14:28:46+05:30,3149.0,9,3134.03,2827448,130061.0,202634.0,3163.0,3163.0,3108.0,3134.3,31877400,3447.7,2820.9,3839.9,2896.0,3148.7,2,2,3148.4,82,4,3148.2,56,3,3148.1,3,1,3148.0,7,2,3149.1,200,1,3149.2,107,1,3149.3,1125,6,3149.4,19,1,3149.5,248,4
2031,2026-06-16 14:28:46+05:30,3149.1,5,3134.03,2827462,130156.0,202289.0,3163.0,3163.0,3108.0,3134.3,31877400,3447.7,2820.9,3839.9,2896.0,3149.0,3,2,3148.7,44,3,3148.6,17,1,3148.4,82,4,3148.2,52,2,3149.1,196,2,3149.2,435,3,3149.3,797,4,3149.5,232,3,3149.6,615,4
2031,2026-06-16 14:28:46+05:30,3149.1,5,3134.03,2827462,130156.0,202289.0,3163.0,3163.0,3108.0,3134.3,31877400,3447.7,2820.9,3839.9,2896.0,3149.0,3,2,3148.7,44,3,3148.6,17,1,3148.4,82,4,3148.2,52,2,3149.1,196,2,3149.2,435,3,3149.3,797,4,3149.5,232,3,3149.6,615,4
2031,2026-06-16 14:28:47+05:30,3149.1,1,3134.03,2827462,130156.0,202289.0,3163.0,3163.0,3108.0,3134.3,31877400,3447.7,2820.9,3839.9,2896.0,3149.0,3,2,3148.7,44,3,3148.6,17,1,3148.4,82,4,3148.2,52,2,3149.1,196,2,3149.2,435,3,3149.3,797,4,3149.5,232,3,3149.6,615,4
2031,2026-06-16 14:28:47+05:30,3149.1,1,3134.03,2827462,130156.0,202289.0,3163.0,3163.0,3108.0,3134.3,31877400,3447.7,2820.9,3839.9,2896.0,3149.0,3,2,3148.7,44,3,3148.6,17,1,3148.4,82,4,3148.2,52,2,3149.1,196,2,3149.2,435,3,3149.3,797,4,3149.5,232,3,3149.6,615,4
2031,2026-06-16 14:28:47+05:30,3149.1,1,3134.03,2827465,130006.0,202128.0,3163.0,3163.0,3108.0,3134.3,31877400,3447.7,2820.9,3839.9,2896.0,3149.0,2,1,3148.8,15,1,3148.7,44,3,3148.6,12,1,3148.4,79,3,3149.1,193,2,3149.2,435,3,3149.3,797,4,3149.5,232,3,3149.6,615,4
2031,2026-06-16 14:28:48+05:30,3149.1,1,3134.03,2827465,130006.0,202128.0,3163.0,3163.0,3108.0,3134.3,31877400,3447.7,2820.9,3839.9,2896.0,3149.0,2,1,3148.8,15,1,3148.7,44,3,3148.6,12,1,3148.4,79,3,3149.1,193,2,3149.2,435,3,3149.3,797,4,3149.5,232,3,3149.6,615,4
2031,2026-06-16 14:28:48+05:30,3148.8,2,3134.03,2827465,130006.0,202128.0,3163.0,3163.0,3108.0,3134.3,31877400,3447.7,2820.9,3839.9,2896.0,3149.0,2,1,3148.8,15,1,3148.7,44,3,3148.6,12,1,3148.4,79,3,3149.1,193,2,3149.2,435,3,3149.3,797,4,3149.5,232,3,3149.6,615,4
2031,2026-06-16 14:28:48+05:30,3149.1,1,3134.03,2827666,129860.0,202195.0,3163.0,3163.0,3108.0,3134.3,31877400,3447.7,2820.9,3839.9,2896.0,3149.1,3,1,3149.0,6,1,3148.7,44,3,3148.5,3,1,3148.4,78,4,3149.5,224,3,3149.6,435,3,3149.7,597,3,3149.8,294,5,3149.9,301,3
2031,2026-06-16 14:28:49+05:30,3149.1,1,3134.03,2827666,129860.0,202195.0,3163.0,3163.0,3108.0,3134.3,31877400,3447.7,2820.9,3839.9,2896.0,3149.1,3,1,3149.0,6,1,3148.7,44,3,3148.5,3,1,3148.4,78,4,3149.5,224,3,3149.6,435,3,3149.7,597,3,3149.8,294,5,3149.9,301,3
2031,2026-06-16 14:28:49+05:30,3149.5,11,3134.03,2827666,129860.0,202195.0,3163.0,3163.0,3108.0,3134.3,31877400,3447.7,2820.9,3839.9,2896.0,3149.1,3,1,3149.0,6,1,3148.7,44,3,3148.5,3,1,3148.4,78,4,3149.5,224,3,3149.6,435,3,3149.7,597,3,3149.8,294,5,3149.9,301,3
2031,2026-06-16 14:28:49+05:30,3149.5,11,3134.03,2827696,129759.0,202095.0,3163.0,3163.0,3108.0,3134.3,31877400,3447.7,2820.9,3839.9,2896.0,3149.0,8,3,3148.7,44,3,3148.6,16,1,3148.5,3,1,3148.4,63,3,3149.5,368,4,3149.6,283,2,3149.7,597,3,3149.8,294,5,3149.9,301,3
2031,2026-06-16 14:28:50+05:30,3149.5,11,3134.03,2827696,129759.0,202095.0,3163.0,3163.0,3108.0,3134.3,31877400,3447.7,2820.9,3839.9,2896.0,3149.0,8,3,3148.7,44,3,3148.6,16,1,3148.5,3,1,3148.4,63,3,3149.5,368,4,3149.6,283,2,3149.7,597,3,3149.8,294,5,3149.9,301,3
2031,2026-06-16 14:28:50+05:30,3149.5,1,3134.03,2827696,129759.0,202095.0,3163.0,3163.0,3108.0,3134.3,31877400,3447.7,2820.9,3839.9,2896.0,3149.0,8,3,3148.7,44,3,3148.6,16,1,3148.5,3,1,3148.4,63,3,3149.5,368,4,3149.6,283,2,3149.7,597,3,3149.8,294,5,3149.9,301,3
2031,2026-06-16 14:28:50+05:30,3149.5,1,3134.03,2827715,130066.0,201990.0,3163.0,3163.0,3108.0,3134.3,31877400,3447.7,2820.9,3839.9,2896.0,3149.2,2,2,3149.0,3,2,3148.8,17,1,3148.7,42,1,3148.5,160,2,3149.5,214,2,3149.6,466,4,3149.7,597,3,3149.8,294,5,3149.9,300,2
2031,2026-06-16 14:28:50+05:30,3149.5,1,3134.03,2827715,130066.0,201990.0,3163.0,3163.0,3108.0,3134.3,31877400,3447.7,2820.9,3839.9,2896.0,3149.2,2,2,3149.0,3,2,3148.8,17,1,3148.7,42,1,3148.5,160,2,3149.5,214,2,3149.6,466,4,3149.7,597,3,3149.8,294,5,3149.9,300,2
2031,2026-06-16 14:28:51+05:30,3149.5,7,3134.03,2827715,130066.0,201990.0,3163.0,3163.0,3108.0,3134.3,31877400,3447.7,2820.9,3839.9,2896.0,3149.2,2,2,3149.0,3,2,3148.8,17,1,3148.7,42,1,3148.5,160,2,3149.5,214,2,3149.6,466,4,3149.7,597,3,3149.8,294,5,3149.9,300,2
2031,2026-06-16 14:28:51+05:30,3149.5,7,3134.03,2827715,130066.0,201990.0,3163.0,3163.0,3108.0,3134.3,31877400,3447.7,2820.9,3839.9,2896.0,3149.2,2,2,3149.0,3,2,3148.8,17,1,3148.7,42,1,3148.5,160,2,3149.5,214,2,3149.6,466,4,3149.7,597,3,3149.8,294,5,3149.9,300,2
2031,2026-06-16 14:28:51+05:30,3149.5,1,3134.03,2827749,130438.0,202048.0,3163.0,3163.0,3108.0,3134.3,31877400,3447.7,2820.9,3839.9,2896.0,3149.2,2,2,3149.1,15,1,3149.0,3,2,3148.7,42,1,3148.5,175,3,3149.5,7,1,3149.6,175,1,3149.7,435,3,3149.8,445,5,3149.9,300,2
2031,2026-06-16 14:28:52+05:30,3149.0,3,3134.03,2827749,130438.0,202048.0,3163.0,3163.0,3108.0,3134.3,31877400,3447.7,2820.9,3839.9,2896.0,3149.2,2,2,3149.1,15,1,3149.0,3,2,3148.7,42,1,3148.5,175,3,3149.5,7,1,3149.6,175,1,3149.7,435,3,3149.8,445,5,3149.9,300,2
2031,2026-06-16 14:28:52+05:30,3149.0,3,3134.03,2827749,130438.0,202048.0,3163.0,3163.0,3108.0,3134.3,31873000,3447.7,2820.9,3839.9,2896.0,3149.2,2,2,3149.1,15,1,3149.0,3,2,3148.7,42,1,3148.5,175,3,3149.5,7,1,3149.6,175,1,3149.7,435,3,3149.8,445,5,3149.9,300,2
2031,2026-06-16 14:28:52+05:30,3149.0,1,3134.03,2827908,130116.0,201901.0,3163.0,3163.0,3108.0,3134.3,31873000,3447.7,2820.9,3839.9,2896.0,3148.7,45,2,3148.5,160,2,3148.4,13,2,3148.3,3,1,3148.1,3,1,3149.0,358,1,3149.4,175,1,3149.5,130,4,3149.6,946,6,3149.7,27,2
2031,2026-06-16 14:28:53+05:30,3149.0,1,3134.03,2827934,130105.0,201799.0,3163.0,3163.0,3108.0,3134.3,31873000,3447.7,2820.9,3839.9,2896.0,3148.7,42,1,3148.6,16,1,3148.5,167,2,3148.4,1,1,3148.3,11,2,3149.0,332,1,3149.4,282,2,3149.5,945,6,3149.6,21,1,3149.7,204,3
2031,2026-06-16 14:28:53+05:30,3149.0,1,3134.03,2827934,130105.0,201799.0,3163.0,3163.0,3108.0,3134.3,31873000,3447.7,2820.9,3839.9,2896.0,3148.7,42,1,3148.6,16,1,3148.5,167,2,3148.4,1,1,3148.3,11,2,3149.0,332,1,3149.4,282,2,3149.5,945,6,3149.6,21,1,3149.7,204,3
2031,2026-06-16 14:28:54+05:30,3149.0,50,3134.03,2827988,130106.0,201884.0,3163.0,3163.0,3108.0,3134.3,31873000,3447.7,2820.9,3839.9,2896.0,3148.7,43,2,3148.6,16,1,3148.5,167,2,3148.4,1,1,3148.3,11,2,3149.0,292,2,3149.2,175,1,3149.3,107,1,3149.4,925,5,3149.5,20,1
2031,2026-06-16 14:28:54+05:30,3149.0,50,3134.03,2827988,130106.0,201884.0,3163.0,3163.0,3108.0,3134.3,31873000,3447.7,2820.9,3839.9,2896.0,3148.7,43,2,3148.6,16,1,3148.5,167,2,3148.4,1,1,3148.3,11,2,3149.0,292,2,3149.2,175,1,3149.3,107,1,3149.4,925,5,3149.5,20,1
2031,2026-06-16 14:28:55+05:30,3149.0,9,3134.03,2828011,130130.0,201785.0,3163.0,3163.0,3108.0,3134.3,31873000,3447.7,2820.9,3839.9,2896.0,3148.7,43,2,3148.6,20,2,3148.5,172,3,3148.4,6,1,3148.3,11,2,3149.0,291,3,3149.5,195,2,3149.6,128,2,3149.7,928,6,3149.8,77,4
2031,2026-06-16 14:28:55+05:30,3149.0,9,3134.03,2828011,130130.0,201785.0,3163.0,3163.0,3108.0,3134.3,31873000,3447.7,2820.9,3839.9,2896.0,3148.7,43,2,3148.6,20,2,3148.5,172,3,3148.4,6,1,3148.3,11,2,3149.0,291,3,3149.5,195,2,3149.6,128,2,3149.7,928,6,3149.8,77,4
2031,2026-06-16 14:28:56+05:30,3148.7,9,3134.03,2828024,130083.0,201834.0,3163.0,3163.0,3108.0,3134.3,31873000,3447.7,2820.9,3839.9,2896.0,3148.7,34,2,3148.6,20,2,3148.5,172,3,3148.3,11,2,3148.2,30,3,3149.0,387,4,3149.5,302,3,3149.6,946,6,3149.7,4,2,3149.8,277,5
2031,2026-06-16 14:28:56+05:30,3149.0,2,3134.03,2828024,130083.0,201834.0,3163.0,3163.0,3108.0,3134.3,31873000,3447.7,2820.9,3839.9,2896.0,3148.7,34,2,3148.6,20,2,3148.5,172,3,3148.3,11,2,3148.2,30,3,3149.0,387,4,3149.5,302,3,3149.6,946,6,3149.7,4,2,3149.8,277,5
2031,2026-06-16 14:28:57+05:30,3149.0,2,3134.03,2828026,129960.0,201840.0,3163.0,3163.0,3108.0,3134.3,31873000,3447.7,2820.9,3839.9,2896.0,3148.8,17,1,3148.7,33,1,3148.5,167,2,3148.4,6,1,3148.3,11,2,3149.0,390,5,3149.5,302,3,3149.6,946,6,3149.7,3,1,3149.8,278,6
2031,2026-06-16 14:28:58+05:30,3149.0,1,3134.03,2828177,130056.0,201869.0,3163.0,3163.0,3108.0,3134.3,31873000,3447.7,2820.9,3839.9,2896.0,3148.7,33,1,3148.5,157,1,3148.4,6,1,3148.3,11,2,3148.2,30,3,3149.0,239,5,3149.1,175,1,3149.2,107,1,3149.3,925,5,3149.5,420,3
2031,2026-06-16 14:28:58+05:30,3149.0,1,3134.03,2828177,130056.0,201869.0,3163.0,3163.0,3108.0,3134.3,31873000,3447.7,2820.9,3839.9,2896.0,3148.7,33,1,3148.5,157,1,3148.4,6,1,3148.3,11,2,3148.2,30,3,3149.0,239,5,3149.1,175,1,3149.2,107,1,3149.3,925,5,3149.5,420,3
2031,2026-06-16 14:28:59+05:30,3149.0,22,3134.03,2828199,130084.0,201887.0,3163.0,3163.0,3108.0,3134.3,31873000,3447.7,2820.9,3839.9,2896.0,3148.7,33,1,3148.6,15,1,3148.5,157,1,3148.4,6,1,3148.3,11,2,3149.0,254,7,3149.1,175,1,3149.2,107,1,3149.3,925,5,3149.5,420,3
2031,2026-06-16 14:28:59+05:30,3149.0,22,3134.03,2828199,130084.0,201887.0,3163.0,3163.0,3108.0,3134.3,31873000,3447.7,2820.9,3839.9,2896.0,3148.7,33,1,3148.6,15,1,3148.5,157,1,3148.4,6,1,3148.3,11,2,3149.0,254,7,3149.1,175,1,3149.2,107,1,3149.3,925,5,3149.5,420,3
2031,2026-06-16 14:29:00+05:30,3148.5,19,3134.03,2828467,129662.0,201540.0,3163.0,3163.0,3108.0,3134.3,31873000,3447.7,2820.9,3839.9,2896.0,3148.5,138,1,3148.4,18,2,3148.2,42,4,3148.1,13,2,3148.0,67,6,3149.0,252,8,3149.1,175,1,3149.2,107,1,3149.3,925,5,3149.5,221,3
2031,2026-06-16 14:29:00+05:30,3148.5,19,3134.03,2828467,129662.0,201540.0,3163.0,3163.0,3108.0,3134.3,31873000,3447.7,2820.9,3839.9,2896.0,3148.5,138,1,3148.4,18,2,3148.2,42,4,3148.1,13,2,3148.0,67,6,3149.0,252,8,3149.1,175,1,3149.2,107,1,3149.3,925,5,3149.5,221,3
2031,2026-06-16 14:29:01+05:30,3149.0,40,3134.03,2828507,129860.0,199942.0,3163.0,3163.0,3108.0,3134.3,31873000,3447.7,2820.9,3839.9,2896.0,3148.9,3,1,3148.8,10,1,3148.6,10,1,3148.5,138,1,3148.4,12,1,3149.0,239,9,3149.1,175,1,3149.2,107,1,3149.3,925,5,3149.5,420,3
2031,2026-06-16 14:29:01+05:30,3149.0,40,3134.03,2828507,129860.0,199942.0,3163.0,3163.0,3108.0,3134.3,31873000,3447.7,2820.9,3839.9,2896.0,3148.9,3,1,3148.8,10,1,3148.6,10,1,3148.5,138,1,3148.4,12,1,3149.0,239,9,3149.1,175,1,3149.2,107,1,3149.3,925,5,3149.5,420,3
2031,2026-06-16 14:29:02+05:30,3148.5,6,3134.03,2828561,129759.0,202001.0,3163.0,3163.0,3108.0,3134.3,31873000,3447.7,2820.9,3839.9,2896.0,3148.5,136,3,3148.4,12,2,3148.3,8,1,3148.2,45,4,3148.1,13,2,3149.0,286,11,3149.1,175,1,3149.2,107,1,3149.3,925,5,3149.5,420,3
2031,2026-06-16 14:29:02+05:30,3148.5,6,3134.03,2828561,129759.0,202001.0,3163.0,3163.0,3108.0,3134.3,31873000,3447.7,2820.9,3839.9,2896.0,3148.5,136,3,3148.4,12,2,3148.3,8,1,3148.2,45,4,3148.1,13,2,3149.0,286,11,3149.1,175,1,3149.2,107,1,3149.3,925,5,3149.5,420,3
2031,2026-06-16 14:29:03+05:30,3149.0,8,3134.03,2828574,129867.0,202034.0,3163.0,3163.0,3108.0,3134.3,31873000,3447.7,2820.9,3839.9,2896.0,3148.9,3,2,3148.5,135,2,3148.4,6,1,3148.3,8,1,3148.2,45,4,3149.0,273,11,3149.1,175,1,3149.2,107,1,3149.3,925,5,3149.5,420,3
2031,2026-06-16 14:29:03+05:30,3149.0,8,3134.03,2828574,129867.0,202034.0,3163.0,3163.0,3108.0,3134.3,31873000,3447.7,2820.9,3839.9,2896.0,3148.9,3,2,3148.5,135,2,3148.4,6,1,3148.3,8,1,3148.2,45,4,3149.0,273,11,3149.1,175,1,3149.2,107,1,3149.3,925,5,3149.5,420,3
2031,2026-06-16 14:29:04+05:30,3149.0,1,3134.03,2828578,129905.0,201950.0,3163.0,3163.0,3108.0,3134.3,31873000,3447.7,2820.9,3839.9,2896.0,3148.9,2,2,3148.8,10,1,3148.6,10,1,3148.5,164,3,3148.4,16,2,3149.0,269,10,3149.1,175,1,3149.2,107,1,3149.3,925,5,3149.5,420,3
2031,2026-06-16 14:29:04+05:30,3149.0,1,3134.03,2828578,129905.0,201950.0,3163.0,3163.0,3108.0,3134.3,31873000,3447.7,2820.9,3839.9,2896.0,3148.9,2,2,3148.8,10,1,3148.6,10,1,3148.5,164,3,3148.4,16,2,3149.0,269,10,3149.1,175,1,3149.2,107,1,3149.3,925,5,3149.5,420,3
2031,2026-06-16 14:29:05+05:30,3149.0,1,3134.03,2828579,129908.0,201822.0,3163.0,3163.0,3108.0,3134.3,31873000,3447.7,2820.9,3839.9,2896.0,3148.9,3,3,3148.6,10,1,3148.5,164,3,3148.4,16,2,3148.3,20,2,3149.0,268,10,3149.1,175,1,3149.2,107,1,3149.3,925,5,3149.5,420,3
2031,2026-06-16 14:29:05+05:30,3149.0,1,3134.03,2828579,129908.0,201822.0,3163.0,3163.0,3108.0,3134.3,31873000,3447.7,2820.9,3839.9,2896.0,3148.9,3,3,3148.6,10,1,3148.5,164,3,3148.4,16,2,3148.3,20,2,3149.0,268,10,3149.1,175,1,3149.2,107,1,3149.3,925,5,3149.5,420,3
2031,2026-06-16 14:29:06+05:30,3148.9,1,3134.03,2828590,129875.0,201848.0,3163.0,3163.0,3108.0,3134.3,31873000,3447.7,2820.9,3839.9,2896.0,3148.9,4,3,3148.6,10,1,3148.5,164,3,3148.4,10,1,3148.2,21,2,3149.0,268,10,3149.1,175,1,3149.2,107,1,3149.3,925,5,3149.5,420,3
2031,2026-06-16 14:29:06+05:30,3149.0,2,3134.03,2828590,129875.0,201848.0,3163.0,3163.0,3108.0,3134.3,31873000,3447.7,2820.9,3839.9,2896.0,3148.9,4,3,3148.6,10,1,3148.5,164,3,3148.4,10,1,3148.2,21,2,3149.0,268,10,3149.1,175,1,3149.2,107,1,3149.3,925,5,3149.5,420,3
2031,2026-06-16 14:29:07+05:30,3149.0,2,3134.03,2828594,129926.0,201822.0,3163.0,3163.0,3108.0,3134.3,31873000,3447.7,2820.9,3839.9,2896.0,3148.9,2,1,3148.8,28,2,3148.6,10,1,3148.5,147,2,3148.4,10,1,3149.0,264,10,3149.1,175,1,3149.2,107,1,3149.3,925,5,3149.5,420,3
2031,2026-06-16 14:29:07+05:30,3149.0,2,3134.03,2828594,129926.0,201822.0,3163.0,3163.0,3108.0,3134.3,31873000,3447.7,2820.9,3839.9,2896.0,3148.9,2,1,3148.8,28,2,3148.6,10,1,3148.5,147,2,3148.4,10,1,3149.0,264,10,3149.1,175,1,3149.2,107,1,3149.3,925,5,3149.5,420,3
2031,2026-06-16 14:29:08+05:30,3148.8,1,3134.03,2828795,129085.0,201925.0,3163.0,3163.0,3108.0,3134.3,31873000,3447.7,2820.9,3839.9,2896.0,3148.8,2,1,3148.5,140,3,3148.2,21,2,3148.1,47,4,3148.0,48,5,3149.0,277,10,3149.1,175,1,3149.2,110,2,3149.3,969,6,3149.5,421,4
2031,2026-06-16 14:29:08+05:30,3148.9,5,3134.03,2828795,129085.0,201925.0,3163.0,3163.0,3108.0,3134.3,31873000,3447.7,2820.9,3839.9,2896.0,3148.8,2,1,3148.5,140,3,3148.2,21,2,3148.1,47,4,3148.0,48,5,3149.0,277,10,3149.1,175,1,3149.2,110,2,3149.3,969,6,3149.5,421,4
2031,2026-06-16 14:29:09+05:30,3148.8,32,3134.03,2828882,128933.0,201977.0,3163.0,3163.0,3108.0,3134.3,31873000,3447.7,2820.9,3839.9,2896.0,3148.8,18,2,3148.5,122,1,3148.2,12,1,3148.1,23,2,3148.0,48,5,3149.0,248,9,3149.1,175,1,3149.2,110,2,3149.3,969,6,3149.5,421,4
2031,2026-06-16 14:29:09+05:30,3148.8,32,3134.03,2828882,128933.0,201977.0,3163.0,3163.0,3108.0,3134.3,31873000,3447.7,2820.9,3839.9,2896.0,3148.8,18,2,3148.5,122,1,3148.2,12,1,3148.1,23,2,3148.0,48,5,3149.0,248,9,3149.1,175,1,3149.2,110,2,3149.3,969,6,3149.5,421,4
2031,2026-06-16 14:29:10+05:30,3149.0,6,3134.03,2828901,129210.0,201972.0,3163.0,3163.0,3108.0,3134.3,31873000,3447.7,2820.9,3839.9,2896.0,3148.5,123,2,3148.3,11,1,3148.1,23,2,3148.0,48,5,3147.9,8,1,3149.0,236,9,3149.1,175,1,3149.2,110,2,3149.3,969,6,3149.5,421,4
2031,2026-06-16 14:29:10+05:30,3149.0,6,3134.03,2828901,129210.0,201972.0,3163.0,3163.0,3108.0,3134.3,31873000,3447.7,2820.9,3839.9,2896.0,3148.5,123,2,3148.3,11,1,3148.1,23,2,3148.0,48,5,3147.9,8,1,3149.0,236,9,3149.1,175,1,3149.2,110,2,3149.3,969,6,3149.5,421,4
2031,2026-06-16 14:29:11+05:30,3149.0,1,3134.03,2828909,129355.0,201675.0,3163.0,3163.0,3108.0,3134.3,31873000,3447.7,2820.9,3839.9,2896.0,3148.5,184,5,3148.2,9,1,3148.1,35,3,3148.0,62,6,3147.9,8,1,3149.0,250,9,3149.1,175,1,3149.2,110,2,3149.3,969,6,3149.5,220,2
2031,2026-06-16 14:29:11+05:30,3149.0,11,3134.03,2828909,129355.0,201675.0,3163.0,3163.0,3108.0,3134.3,31873000,3447.7,2820.9,3839.9,2896.0,3148.5,184,5,3148.2,9,1,3148.1,35,3,3148.0,62,6,3147.9,8,1,3149.0,250,9,3149.1,175,1,3149.2,110,2,3149.3,969,6,3149.5,220,2
2031,2026-06-16 14:29:12+05:30,3149.0,1,3134.03,2828923,129459.0,201707.0,3163.0,3163.0,3108.0,3134.3,31873000,3447.7,2820.9,3839.9,2896.0,3148.5,183,4,3148.2,9,1,3148.1,35,3,3148.0,46,5,3147.9,8,1,3149.0,261,10,3149.1,175,1,3149.2,110,2,3149.3,925,5,3149.5,220,2
2031,2026-06-16 14:29:12+05:30,3149.0,1,3134.03,2828923,129459.0,201707.0,3163.0,3163.0,3108.0,3134.3,31873000,3447.7,2820.9,3839.9,2896.0,3148.5,183,4,3148.2,9,1,3148.1,35,3,3148.0,46,5,3147.9,8,1,3149.0,261,10,3149.1,175,1,3149.2,110,2,3149.3,925,5,3149.5,220,2
2031,2026-06-16 14:29:13+05:30,3149.0,8,3134.03,2828977,129424.0,201694.0,3163.0,3163.0,3108.0,3134.3,31873000,3447.7,2820.9,3839.9,2896.0,3148.5,134,3,3148.3,11,1,3148.1,23,2,3148.0,32,4,3147.9,8,1,3149.0,207,9,3149.1,175,1,3149.2,110,2,3149.3,969,6,3149.4,1,1
2031,2026-06-16 14:29:13+05:30,3149.0,8,3134.03,2828977,129424.0,201694.0,3163.0,3163.0,3108.0,3134.3,31873000,3447.7,2820.9,3839.9,2896.0,3148.5,134,3,3148.3,11,1,3148.1,23,2,3148.0,32,4,3147.9,8,1,3149.0,207,9,3149.1,175,1,3149.2,110,2,3149.3,969,6,3149.4,1,1
2031,2026-06-16 14:29:14+05:30,3148.5,16,3134.03,2828977,129424.0,201694.0,3163.0,3163.0,3108.0,3134.3,31873000,3447.7,2820.9,3839.9,2896.0,3148.5,134,3,3148.3,11,1,3148.1,23,2,3148.0,32,4,3147.9,8,1,3149.0,207,9,3149.1,175,1,3149.2,110,2,3149.3,969,6,3149.4,1,1
2031,2026-06-16 14:29:14+05:30,3148.5,16,3134.04,2829219,128068.0,202662.0,3163.0,3163.0,3108.0,3134.3,31873000,3447.7,2820.9,3839.9,2896.0,3148.5,5,3,3148.1,3,1,3148.0,5,1,3147.6,12,1,3147.5,36,2,3148.9,257,7,3149.0,441,14,3149.1,969,6,3149.2,64,3,3149.3,486,4
2031,2026-06-16 14:29:15+05:30,3148.5,6,3134.04,2829219,128068.0,202662.0,3163.0,3163.0,3108.0,3134.3,31873000,3447.7,2820.9,3839.9,2896.0,3148.5,5,3,3148.1,3,1,3148.0,5,1,3147.6,12,1,3147.5,36,2,3148.9,257,7,3149.0,441,14,3149.1,969,6,3149.2,64,3,3149.3,486,4
2031,2026-06-16 14:29:15+05:30,3148.5,6,3134.04,2829312,128125.0,202997.0,3163.0,3163.0,3108.0,3134.3,31873000,3447.7,2820.9,3839.9,2896.0,3148.1,3,1,3148.0,5,1,3147.3,21,1,3147.1,588,7,3147.0,382,9,3148.5,63,5,3148.6,213,4,3148.7,166,5,3148.8,816,10,3148.9,287,7
2031,2026-06-16 14:29:16+05:30,3148.0,5,3134.04,2829312,128125.0,202997.0,3163.0,3163.0,3108.0,3134.3,31873000,3447.7,2820.9,3839.9,2896.0,3148.1,3,1,3148.0,5,1,3147.3,21,1,3147.1,588,7,3147.0,382,9,3148.5,63,5,3148.6,213,4,3148.7,166,5,3148.8,816,10,3148.9,287,7
2031,2026-06-16 14:29:16+05:30,3148.0,5,3134.04,2829320,128693.0,204241.0,3163.0,3163.0,3108.0,3134.3,31873000,3447.7,2820.9,3839.9,2896.0,3147.1,557,8,3147.0,370,8,3146.9,73,4,3146.8,77,3,3146.7,99,5,3148.0,1,1,3148.4,112,1,3148.5,36,5,3148.6,48,3,3148.7,95,4
2031,2026-06-16 14:29:17+05:30,3148.0,1,3134.04,2829320,128693.0,204241.0,3163.0,3163.0,3108.0,3134.3,31873000,3447.7,2820.9,3839.9,2896.0,3147.1,557,8,3147.0,370,8,3146.9,73,4,3146.8,77,3,3146.7,99,5,3148.0,1,1,3148.4,112,1,3148.5,36,5,3148.6,48,3,3148.7,95,4
2031,2026-06-16 14:29:17+05:30,3148.0,1,3134.04,2829321,128548.0,204523.0,3163.0,3163.0,3108.0,3134.3,31873000,3447.7,2820.9,3839.9,2896.0,3147.2,12,1,3147.1,556,7,3147.0,370,8,3146.9,72,3,3146.8,78,4,3148.0,28,2,3148.4,112,1,3148.5,35,4,3148.6,441,7,3148.7,1009,8
2031,2026-06-16 14:29:18+05:30,3148.0,1,3134.04,2829321,128548.0,204523.0,3163.0,3163.0,3108.0,3134.3,31873000,3447.7,2820.9,3839.9,2896.0,3147.2,12,1,3147.1,556,7,3147.0,370,8,3146.9,72,3,3146.8,78,4,3148.0,28,2,3148.4,112,1,3148.5,35,4,3148.6,441,7,3148.7,1009,8
2031,2026-06-16 14:29:18+05:30,3148.0,1,3134.04,2829322,128653.0,204727.0,3163.0,3163.0,3108.0,3134.3,31873000,3447.7,2820.9,3839.9,2896.0,3147.2,12,1,3147.1,618,7,3147.0,428,9,3146.9,72,3,3146.8,28,2,3148.0,47,2,3148.2,124,1,3148.3,175,1,3148.4,107,1,3148.5,1009,10
2031,2026-06-16 14:29:19+05:30,3148.0,1,3134.04,2829322,128653.0,204727.0,3163.0,3163.0,3108.0,3134.3,31873000,3447.7,2820.9,3839.9,2896.0,3147.2,12,1,3147.1,618,7,3147.0,428,9,3146.9,72,3,3146.8,28,2,3148.0,47,2,3148.2,124,1,3148.3,175,1,3148.4,107,1,3148.5,1009,10
2031,2026-06-16 14:29:19+05:30,3148.0,1,3134.04,2829323,128675.0,204679.0,3163.0,3163.0,3108.0,3134.3,31873000,3447.7,2820.9,3839.9,2896.0,3147.2,13,2,3147.1,607,6,3147.0,430,9,3146.9,72,3,3146.8,28,2,3148.0,46,2,3148.2,124,1,3148.3,175,1,3148.5,142,5,3148.6,1084,10
2031,2026-06-16 14:29:20+05:30,3148.0,1,3134.04,2829323,128695.0,204680.0,3163.0,3163.0,3108.0,3134.3,31873000,3447.7,2820.9,3839.9,2896.0,3147.2,28,3,3147.1,607,6,3147.0,426,9,3146.9,72,3,3146.8,31,2,3148.0,46,2,3148.2,124,1,3148.3,175,1,3148.5,142,5,3148.6,1084,10
2031,2026-06-16 14:29:21+05:30,3148.0,1,3134.04,2829323,128767.0,204332.0,3163.0,3163.0,3108.0,3134.3,31873000,3447.7,2820.9,3839.9,2896.0,3147.3,12,1,3147.2,50,5,3147.1,598,6,3147.0,426,9,3146.9,73,4,3148.0,46,2,3148.3,175,1,3148.5,142,5,3148.6,1084,10,3148.7,84,3
2031,2026-06-16 14:29:22+05:30,3148.0,5,3134.04,2829323,128767.0,204332.0,3163.0,3163.0,3108.0,3134.3,31873000,3447.7,2820.9,3839.9,2896.0,3147.3,12,1,3147.2,50,5,3147.1,598,6,3147.0,426,9,3146.9,73,4,3148.0,46,2,3148.3,175,1,3148.5,142,5,3148.6,1084,10,3148.7,84,3
2031,2026-06-16 14:29:22+05:30,3148.0,5,3134.04,2829345,129058.0,204220.0,3163.0,3163.0,3108.0,3134.3,31873000,3447.7,2820.9,3839.9,2896.0,3147.3,40,6,3147.2,44,3,3147.1,598,6,3147.0,438,10,3146.9,73,4,3148.0,40,3,3148.3,175,1,3148.5,117,3,3148.6,1040,9,3148.7,84,3
2031,2026-06-16 14:29:23+05:30,3148.0,5,3134.04,2829345,129274.0,204150.0,3163.0,3163.0,3108.0,3134.3,31873000,3447.7,2820.9,3839.9,2896.0,3147.4,18,1,3147.3,38,6,3147.2,191,3,3147.1,584,5,3147.0,438,10,3148.0,48,4,3148.3,175,1,3148.5,110,2,3148.6,1019,8,3148.7,84,3
2031,2026-06-16 14:29:24+05:30,3148.0,1,3134.04,2829345,129274.0,204150.0,3163.0,3163.0,3108.0,3134.3,31873000,3447.7,2820.9,3839.9,2896.0,3147.4,18,1,3147.3,38,6,3147.2,191,3,3147.1,584,5,3147.0,438,10,3148.0,48,4,3148.3,175,1,3148.5,110,2,3148.6,1019,8,3148.7,84,3
2031,2026-06-16 14:29:24+05:30,3148.0,1,3134.04,2829346,128917.0,204121.0,3163.0,3163.0,3108.0,3134.3,31873000,3447.7,2820.9,3839.9,2896.0,3147.4,18,1,3147.3,24,5,3147.2,20,2,3147.1,598,6,3147.0,438,10,3148.0,48,5,3148.3,175,1,3148.5,110,2,3148.6,1019,8,3148.7,84,3
2031,2026-06-16 14:29:25+05:30,3147.4,46,3134.04,2829346,128917.0,204121.0,3163.0,3163.0,3108.0,3134.3,31873000,3447.7,2820.9,3839.9,2896.0,3147.4,18,1,3147.3,24,5,3147.2,20,2,3147.1,598,6,3147.0,438,10,3148.0,48,5,3148.3,175,1,3148.5,110,2,3148.6,1019,8,3148.7,84,3
2031,2026-06-16 14:29:25+05:30,3147.4,46,3134.04,2829415,129041.0,204055.0,3163.0,3163.0,3108.0,3134.3,31873000,3447.7,2820.9,3839.9,2896.0,3147.4,18,1,3147.3,24,5,3147.2,20,2,3147.1,600,6,3147.0,454,11,3148.0,25,3,3148.3,175,1,3148.5,110,2,3148.6,1019,8,3148.7,84,3
2031,2026-06-16 14:29:26+05:30,3147.4,46,3134.04,2829415,129076.0,203940.0,3163.0,3163.0,3108.0,3134.3,31873000,3447.7,2820.9,3839.9,2896.0,3147.4,25,4,3147.3,46,5,3147.2,36,3,3147.1,628,6,3147.0,452,11,3147.5,1,1,3148.0,25,3,3148.3,175,1,3148.5,169,3,3148.6,1019,8
2031,2026-06-16 14:29:27+05:30,3147.5,6,3134.04,2829415,129076.0,203940.0,3163.0,3163.0,3108.0,3134.3,31873000,3447.7,2820.9,3839.9,2896.0,3147.4,25,4,3147.3,46,5,3147.2,36,3,3147.1,628,6,3147.0,452,11,3147.5,1,1,3148.0,25,3,3148.3,175,1,3148.5,169,3,3148.6,1019,8
2031,2026-06-16 14:29:27+05:30,3148.0,1,3134.04,2829474,128849.0,204027.0,3163.0,3163.0,3108.0,3134.3,31873000,3447.7,2820.9,3839.9,2896.0,3147.5,20,5,3147.3,41,4,3147.2,83,5,3147.1,584,5,3147.0,438,10,3148.0,54,4,3148.3,175,1,3148.5,166,2,3148.6,1013,7,3148.7,84,3
2031,2026-06-16 14:29:28+05:30,3147.5,14,3134.04,2829474,128849.0,204027.0,3163.0,3163.0,3108.0,3134.3,31873000,3447.7,2820.9,3839.9,2896.0,3147.5,20,5,3147.3,41,4,3147.2,83,5,3147.1,584,5,3147.0,438,10,3148.0,54,4,3148.3,175,1,3148.5,166,2,3148.6,1013,7,3148.7,84,3
2031,2026-06-16 14:29:28+05:30,3147.5,14,3134.04,2829934,128502.0,203617.0,3163.0,3163.0,3108.0,3134.3,31873000,3447.7,2820.9,3839.9,2896.0,3147.4,50,5,3147.3,23,2,3147.2,65,4,3147.1,507,4,3147.0,414,8,3148.0,54,4,3148.3,175,1,3148.5,107,1,3148.6,946,6,3148.8,276,5
2031,2026-06-16 14:29:29+05:30,3148.0,8,3134.04,2829934,128502.0,203617.0,3163.0,3163.0,3108.0,3134.3,31873000,3447.7,2820.9,3839.9,2896.0,3147.4,50,5,3147.3,23,2,3147.2,65,4,3147.1,507,4,3147.0,414,8,3148.0,54,4,3148.3,175,1,3148.5,107,1,3148.6,946,6,3148.8,276,5
2031,2026-06-16 14:29:29+05:30,3148.0,17,3134.04,2829983,128503.0,203608.0,3163.0,3163.0,3108.0,3134.3,31873000,3447.7,2820.9,3839.9,2896.0,3147.4,51,6,3147.3,23,2,3147.2,65,4,3147.1,507,4,3147.0,414,8,3148.0,5,1,3148.3,175,1,3148.5,107,1,3148.6,946,6,3148.8,276,5
2031,2026-06-16 14:29:30+05:30,3148.0,1,3134.04,2829983,128503.0,203608.0,3163.0,3163.0,3108.0,3134.3,31873000,3447.7,2820.9,3839.9,2896.0,3147.4,51,6,3147.3,23,2,3147.2,65,4,3147.1,507,4,3147.0,414,8,3148.0,5,1,3148.3,175,1,3148.5,107,1,3148.6,946,6,3148.8,276,5
2031,2026-06-16 14:29:30+05:30,3148.0,1,3134.04,2829996,128796.0,203547.0,3163.0,3163.0,3108.0,3134.3,31873000,3447.7,2820.9,3839.9,2896.0,3148.1,1,1,3147.7,3,3,3147.5,2,1,3147.4,105,7,3147.3,34,4,3148.3,175,1,3148.5,107,1,3148.6,925,5,3148.7,1,1,3148.8,450,4
2031,2026-06-16 14:29:31+05:30,3148.0,1,3134.04,2829996,128875.0,203518.0,3163.0,3163.0,3108.0,3134.3,31873000,3447.7,2820.9,3839.9,2896.0,3148.1,1,1,3148.0,2,1,3147.7,2,2,3147.5,2,1,3147.4,119,8,3148.3,195,3,3148.5,107,1,3148.6,925,5,3148.8,451,5,3148.9,600,3
2031,2026-06-16 14:29:32+05:30,3147.4,17,3134.04,2829996,128875.0,203518.0,3163.0,3163.0,3108.0,3134.3,31873000,3447.7,2820.9,3839.9,2896.0,3148.1,1,1,3148.0,2,1,3147.7,2,2,3147.5,2,1,3147.4,119,8,3148.3,195,3,3148.5,107,1,3148.6,925,5,3148.8,451,5,3148.9,600,3
2031,2026-06-16 14:29:32+05:30,3147.4,17,3134.04,2829996,128875.0,203518.0,3163.0,3163.0,3108.0,3134.3,31873000,3447.7,2820.9,3839.9,2896.0,3148.1,1,1,3148.0,2,1,3147.7,2,2,3147.5,2,1,3147.4,119,8,3148.3,195,3,3148.5,107,1,3148.6,925,5,3148.8,451,5,3148.9,600,3
2031,2026-06-16 14:29:32+05:30,3147.4,17,3134.04,2830196,128492.0,203947.0,3163.0,3163.0,3108.0,3134.3,31873000,3447.7,2820.9,3839.9,2896.0,3147.5,14,6,3147.4,35,4,3147.3,55,3,3147.2,12,1,3147.1,489,4,3148.0,1,1,3148.3,195,3,3148.5,107,1,3148.6,945,6,3148.8,221,2
2031,2026-06-16 14:29:33+05:30,3148.3,23,3134.04,2830196,128492.0,203947.0,3163.0,3163.0,3108.0,3134.3,31873000,3447.7,2820.9,3839.9,2896.0,3147.5,14,6,3147.4,35,4,3147.3,55,3,3147.2,12,1,3147.1,489,4,3148.0,1,1,3148.3,195,3,3148.5,107,1,3148.6,945,6,3148.8,221,2
2031,2026-06-16 14:29:33+05:30,3148.3,23,3134.04,2830243,128518.0,204008.0,3163.0,3163.0,3108.0,3134.3,31873000,3447.7,2820.9,3839.9,2896.0,3147.5,9,4,3147.4,21,3,3147.3,34,4,3147.1,465,4,3147.0,380,9,3148.3,154,2,3148.5,107,1,3148.6,925,5,3148.8,401,3,3148.9,693,5
2031,2026-06-16 14:29:34+05:30,3148.3,23,3134.04,2830243,128518.0,204008.0,3163.0,3163.0,3108.0,3134.3,31873000,3447.7,2820.9,3839.9,2896.0,3147.5,9,4,3147.4,21,3,3147.3,34,4,3147.1,465,4,3147.0,380,9,3148.3,154,2,3148.5,107,1,3148.6,925,5,3148.8,401,3,3148.9,693,5
2031,2026-06-16 14:29:34+05:30,3148.3,4,3134.04,2830243,128518.0,204008.0,3163.0,3163.0,3108.0,3134.3,31873000,3447.7,2820.9,3839.9,2896.0,3147.5,9,4,3147.4,21,3,3147.3,34,4,3147.1,465,4,3147.0,380,9,3148.3,154,2,3148.5,107,1,3148.6,925,5,3148.8,401,3,3148.9,693,5
2031,2026-06-16 14:29:34+05:30,3148.3,1,3134.04,2830248,128453.0,204082.0,3163.0,3163.0,3108.0,3134.3,31873000,3447.7,2820.9,3839.9,2896.0,3147.7,16,1,3147.5,4,2,3147.4,18,2,3147.3,22,3,3147.2,22,2,3148.3,174,3,3148.5,107,1,3148.6,925,5,3148.8,472,5,3148.9,644,4
2031,2026-06-16 14:29:35+05:30,3148.3,1,3134.04,2830248,128453.0,204082.0,3163.0,3163.0,3108.0,3134.3,31873000,3447.7,2820.9,3839.9,2896.0,3147.7,16,1,3147.5,4,2,3147.4,18,2,3147.3,22,3,3147.2,22,2,3148.3,174,3,3148.5,107,1,3148.6,925,5,3148.8,472,5,3148.9,644,4
2031,2026-06-16 14:29:35+05:30,3147.3,9,3134.04,2830649,128274.0,203832.0,3163.0,3163.0,3108.0,3134.3,31873000,3447.7,2820.9,3839.9,2896.0,3147.3,2,1,3147.1,472,3,3147.0,370,8,3146.9,48,3,3146.8,31,4,3148.3,173,3,3148.5,107,1,3148.6,969,6,3148.8,248,4,3148.9,644,4
2031,2026-06-16 14:29:36+05:30,3148.3,2,3134.04,2830649,128274.0,203832.0,3163.0,3163.0,3108.0,3134.3,31873000,3447.7,2820.9,3839.9,2896.0,3147.3,2,1,3147.1,472,3,3147.0,370,8,3146.9,48,3,3146.8,31,4,3148.3,173,3,3148.5,107,1,3148.6,969,6,3148.8,248,4,3148.9,644,4
2031,2026-06-16 14:29:36+05:30,3148.3,2,3134.04,2830651,128055.0,203888.0,3163.0,3163.0,3108.0,3134.3,31873000,3447.7,2820.9,3839.9,2896.0,3147.5,2,1,3147.3,13,2,3147.1,423,2,3147.0,370,8,3146.9,43,4,3147.8,1,1,3148.3,171,3,3148.5,126,2,3148.6,990,7,3148.7,52,2
2031,2026-06-16 14:29:36+05:30,3148.3,2,3134.04,2830651,128055.0,203888.0,3163.0,3163.0,3108.0,3134.3,31873000,3447.7,2820.9,3839.9,2896.0,3147.5,2,1,3147.3,13,2,3147.1,423,2,3147.0,370,8,3146.9,43,4,3147.8,1,1,3148.3,171,3,3148.5,126,2,3148.6,990,7,3148.7,52,2
2031,2026-06-16 14:29:37+05:30,3148.3,1,3134.04,2830651,128055.0,203888.0,3163.0,3163.0,3108.0,3134.3,31873000,3447.7,2820.9,3839.9,2896.0,3147.5,2,1,3147.3,13,2,3147.1,423,2,3147.0,370,8,3146.9,43,4,3147.8,1,1,3148.3,171,3,3148.5,126,2,3148.6,990,7,3148.7,52,2
2031,2026-06-16 14:29:37+05:30,3148.1,17,3134.04,2830679,128539.0,203894.0,3163.0,3163.0,3108.0,3134.3,31873000,3447.7,2820.9,3839.9,2896.0,3147.7,13,1,3147.6,12,2,3147.5,45,2,3147.3,14,2,3147.1,435,3,3148.1,109,1,3148.2,107,1,3148.3,969,7,3148.5,400,2,3148.6,645,5
2031,2026-06-16 14:29:38+05:30,3148.1,3,3134.04,2830679,128539.0,203894.0,3163.0,3163.0,3108.0,3134.3,31873000,3447.7,2820.9,3839.9,2896.0,3147.7,13,1,3147.6,12,2,3147.5,45,2,3147.3,14,2,3147.1,435,3,3148.1,109,1,3148.2,107,1,3148.3,969,7,3148.5,400,2,3148.6,645,5
2031,2026-06-16 14:29:38+05:30,3148.1,1,3134.04,2830692,128699.0,203552.0,3163.0,3163.0,3108.0,3134.3,31873000,3447.7,2820.9,3839.9,2896.0,3148.0,13,1,3147.9,13,2,3147.6,12,1,3147.5,43,1,3147.4,12,1,3148.1,125,2,3148.2,107,1,3148.3,925,5,3148.5,400,2,3148.6,644,4
2031,2026-06-16 14:29:38+05:30,3148.1,1,3134.04,2830692,128699.0,203552.0,3163.0,3163.0,3108.0,3134.3,31873000,3447.7,2820.9,3839.9,2896.0,3148.0,13,1,3147.9,13,2,3147.6,12,1,3147.5,43,1,3147.4,12,1,3148.1,125,2,3148.2,107,1,3148.3,925,5,3148.5,400,2,3148.6,644,4
2031,2026-06-16 14:29:39+05:30,3147.3,6,3134.04,2830692,128699.0,203552.0,3163.0,3163.0,3108.0,3134.3,31873000,3447.7,2820.9,3839.9,2896.0,3148.0,13,1,3147.9,13,2,3147.6,12,1,3147.5,43,1,3147.4,12,1,3148.1,125,2,3148.2,107,1,3148.3,925,5,3148.5,400,2,3148.6,644,4
2031,2026-06-16 14:29:39+05:30,3147.3,6,3134.04,2830860,128401.0,203615.0,3163.0,3163.0,3108.0,3134.3,31873000,3447.7,2820.9,3839.9,2896.0,3147.9,7,1,3147.2,70,3,3147.1,450,6,3147.0,358,7,3146.9,48,3,3148.0,142,1,3148.1,30,2,3148.4,86,1,3148.5,113,2,3148.6,926,6
2031,2026-06-16 14:29:40+05:30,3148.0,5,3134.04,2830860,128401.0,203615.0,3163.0,3163.0,3108.0,3134.3,31873000,3447.7,2820.9,3839.9,2896.0,3147.9,7,1,3147.2,70,3,3147.1,450,6,3147.0,358,7,3146.9,48,3,3148.0,142,1,3148.1,30,2,3148.4,86,1,3148.5,113,2,3148.6,926,6
2031,2026-06-16 14:29:40+05:30,3148.0,5,3134.04,2830895,128643.0,203539.0,3163.0,3163.0,3108.0,3134.3,31873000,3447.7,2820.9,3839.9,2896.0,3147.9,7,1,3147.6,16,2,3147.4,6,1,3147.2,59,2,3147.1,447,5,3148.0,136,2,3148.1,1,1,3148.4,86,1,3148.5,107,1,3148.6,925,5
2031,2026-06-16 14:29:41+05:30,3148.0,5,3134.04,2830895,128643.0,203539.0,3163.0,3163.0,3108.0,3134.3,31873000,3447.7,2820.9,3839.9,2896.0,3147.9,7,1,3147.6,16,2,3147.4,6,1,3147.2,59,2,3147.1,447,5,3148.0,136,2,3148.1,1,1,3148.4,86,1,3148.5,107,1,3148.6,925,5
2031,2026-06-16 14:29:41+05:30,3148.0,1,3134.04,2830895,128643.0,203539.0,3163.0,3163.0,3108.0,3134.3,31873000,3447.7,2820.9,3839.9,2896.0,3147.9,7,1,3147.6,16,2,3147.4,6,1,3147.2,59,2,3147.1,447,5,3148.0,136,2,3148.1,1,1,3148.4,86,1,3148.5,107,1,3148.6,925,5
2031,2026-06-16 14:29:41+05:30,3148.0,1,3134.04,2830899,128759.0,203598.0,3163.0,3163.0,3108.0,3134.3,31873000,3447.7,2820.9,3839.9,2896.0,3147.9,9,2,3147.8,2,1,3147.7,11,1,3147.6,16,2,3147.4,20,2,3148.0,215,4,3148.1,1,1,3148.4,86,1,3148.5,107,1,3148.6,925,5
2031,2026-06-16 14:29:42+05:30,3147.8,5,3134.04,2830899,128759.0,203598.0,3163.0,3163.0,3108.0,3134.3,31873000,3447.7,2820.9,3839.9,2896.0,3147.9,9,2,3147.8,2,1,3147.7,11,1,3147.6,16,2,3147.4,20,2,3148.0,215,4,3148.1,1,1,3148.4,86,1,3148.5,107,1,3148.6,925,5
2031,2026-06-16 14:29:42+05:30,3147.8,163,3134.04,2831079,128571.0,203828.0,3163.0,3163.0,3108.0,3134.3,31873000,3447.7,2820.9,3839.9,2896.0,3147.4,14,4,3147.3,6,1,3147.2,72,2,3147.1,450,5,3147.0,433,11,3147.8,20,1,3148.0,215,4,3148.1,1,1,3148.3,20,1,3148.4,86,1
2031,2026-06-16 14:29:43+05:30,3147.8,163,3134.04,2831079,128571.0,203828.0,3163.0,3163.0,3108.0,3134.3,31873000,3447.7,2820.9,3839.9,2896.0,3147.4,14,4,3147.3,6,1,3147.2,72,2,3147.1,450,5,3147.0,433,11,3147.8,20,1,3148.0,215,4,3148.1,1,1,3148.3,20,1,3148.4,86,1
2031,2026-06-16 14:29:43+05:30,3147.8,3,3134.04,2831079,128571.0,203828.0,3163.0,3163.0,3108.0,3134.3,31873000,3447.7,2820.9,3839.9,2896.0,3147.4,14,4,3147.3,6,1,3147.2,72,2,3147.1,450,5,3147.0,433,11,3147.8,20,1,3148.0,215,4,3148.1,1,1,3148.3,20,1,3148.4,86,1
2031,2026-06-16 14:29:43+05:30,3147.8,14,3134.04,2831099,128731.0,203457.0,3163.0,3163.0,3108.0,3134.3,31873000,3447.7,2820.9,3839.9,2896.0,3147.8,3,1,3147.5,22,2,3147.4,39,3,3147.3,6,1,3147.2,108,3,3148.0,215,4,3148.1,1,1,3148.3,20,1,3148.4,86,1,3148.5,107,1
2031,2026-06-16 14:29:44+05:30,3148.0,11,3134.04,2831099,128731.0,203457.0,3163.0,3163.0,3108.0,3134.3,31873000,3447.7,2820.9,3839.9,2896.0,3147.8,3,1,3147.5,22,2,3147.4,39,3,3147.3,6,1,3147.2,108,3,3148.0,215,4,3148.1,1,1,3148.3,20,1,3148.4,86,1,3148.5,107,1
2031,2026-06-16 14:29:44+05:30,3148.0,11,3134.04,2831099,128731.0,203457.0,3163.0,3163.0,3108.0,3134.3,31873000,3447.7,2820.9,3839.9,2896.0,3147.8,3,1,3147.5,22,2,3147.4,39,3,3147.3,6,1,3147.2,108,3,3148.0,215,4,3148.1,1,1,3148.3,20,1,3148.4,86,1,3148.5,107,1
2031,2026-06-16 14:29:44+05:30,3148.0,3,3134.05,2831114,128767.0,203283.0,3163.0,3163.0,3108.0,3134.3,31873000,3447.7,2820.9,3839.9,2896.0,3147.8,1,1,3147.5,28,3,3147.4,39,3,3147.3,21,2,3147.2,108,3,3148.0,200,4,3148.1,1,1,3148.3,20,1,3148.4,86,1,3148.5,107,1
2031,2026-06-16 14:29:45+05:30,3148.0,3,3134.05,2831114,128767.0,203283.0,3163.0,3163.0,3108.0,3134.3,31873000,3447.7,2820.9,3839.9,2896.0,3147.8,1,1,3147.5,28,3,3147.4,39,3,3147.3,21,2,3147.2,108,3,3148.0,200,4,3148.1,1,1,3148.3,20,1,3148.4,86,1,3148.5,107,1
2031,2026-06-16 14:29:45+05:30,3147.5,7,3134.05,2831114,128767.0,203283.0,3163.0,3163.0,3108.0,3134.3,31873000,3447.7,2820.9,3839.9,2896.0,3147.8,1,1,3147.5,28,3,3147.4,39,3,3147.3,21,2,3147.2,108,3,3148.0,200,4,3148.1,1,1,3148.3,20,1,3148.4,86,1,3148.5,107,1
2031,2026-06-16 14:29:45+05:30,3148.0,4,3134.05,2831137,128660.0,203374.0,3163.0,3163.0,3108.0,3134.3,31873000,3447.7,2820.9,3839.9,2896.0,3147.9,4,4,3147.8,1,1,3147.7,4,1,3147.6,14,1,3147.5,11,1,3148.0,196,4,3148.1,1,1,3148.3,20,1,3148.4,86,1,3148.5,107,1
2031,2026-06-16 14:29:46+05:30,3148.0,4,3134.05,2831137,128660.0,203374.0,3163.0,3163.0,3108.0,3134.3,31873000,3447.7,2820.9,3839.9,2896.0,3147.9,4,4,3147.8,1,1,3147.7,4,1,3147.6,14,1,3147.5,11,1,3148.0,196,4,3148.1,1,1,3148.3,20,1,3148.4,86,1,3148.5,107,1
2031,2026-06-16 14:29:46+05:30,3147.9,1,3134.05,2831137,128660.0,203374.0,3163.0,3163.0,3108.0,3134.3,31873000,3447.7,2820.9,3839.9,2896.0,3147.9,4,4,3147.8,1,1,3147.7,4,1,3147.6,14,1,3147.5,11,1,3148.0,196,4,3148.1,1,1,3148.3,20,1,3148.4,86,1,3148.5,107,1
2031,2026-06-16 14:29:46+05:30,3147.9,1,3134.05,2831147,128764.0,203384.0,3163.0,3163.0,3108.0,3134.3,31873000,3447.7,2820.9,3839.9,2896.0,3147.8,4,4,3147.6,5,1,3147.4,39,3,3147.3,36,3,3147.2,53,3,3148.0,195,4,3148.1,1,1,3148.3,20,1,3148.4,193,2,3148.5,952,7
2031,2026-06-16 14:29:47+05:30,3147.9,1,3134.05,2831147,128764.0,203384.0,3163.0,3163.0,3108.0,3134.3,31873000,3447.7,2820.9,3839.9,2896.0,3147.8,4,4,3147.6,5,1,3147.4,39,3,3147.3,36,3,3147.2,53,3,3148.0,195,4,3148.1,1,1,3148.3,20,1,3148.4,193,2,3148.5,952,7
2031,2026-06-16 14:29:47+05:30,3148.0,2,3134.05,2831147,128764.0,203384.0,3163.0,3163.0,3108.0,3134.3,31873000,3447.7,2820.9,3839.9,2896.0,3147.8,4,4,3147.6,5,1,3147.4,39,3,3147.3,36,3,3147.2,53,3,3148.0,195,4,3148.1,1,1,3148.3,20,1,3148.4,193,2,3148.5,952,7
2031,2026-06-16 14:29:47+05:30,3148.0,2,3134.05,2831147,128764.0,203384.0,3163.0,3163.0,3108.0,3134.3,31873000,3447.7,2820.9,3839.9,2896.0,3147.8,4,4,3147.6,5,1,3147.4,39,3,3147.3,36,3,3147.2,53,3,3148.0,195,4,3148.1,1,1,3148.3,20,1,3148.4,193,2,3148.5,952,7
2031,2026-06-16 14:29:47+05:30,3148.0,2,3134.05,2831149,128776.0,203384.0,3163.0,3163.0,3108.0,3134.3,31873000,3447.7,2820.9,3839.9,2896.0,3147.8,2,2,3147.6,5,1,3147.4,39,3,3147.3,44,4,3147.2,53,3,3148.0,193,4,3148.1,1,1,3148.3,20,1,3148.4,193,2,3148.5,952,7
2031,2026-06-16 14:29:48+05:30,3148.0,2,3134.05,2831149,128776.0,203384.0,3163.0,3163.0,3108.0,3134.3,31873000,3447.7,2820.9,3839.9,2896.0,3147.8,2,2,3147.6,5,1,3147.4,39,3,3147.3,44,4,3147.2,53,3,3148.0,193,4,3148.1,1,1,3148.3,20,1,3148.4,193,2,3148.5,952,7
2031,2026-06-16 14:29:48+05:30,3148.0,1,3134.05,2831150,128776.0,203384.0,3163.0,3163.0,3108.0,3134.3,31873000,3447.7,2820.9,3839.9,2896.0,3147.8,2,2,3147.6,5,1,3147.4,53,4,3147.3,30,3,3147.2,53,3,3148.0,192,4,3148.1,1,1,3148.3,20,1,3148.4,193,2,3148.5,952,7
2031,2026-06-16 14:29:49+05:30,3148.0,1,3134.05,2831150,128776.0,203384.0,3163.0,3163.0,3108.0,3134.3,31873000,3447.7,2820.9,3839.9,2896.0,3147.8,2,2,3147.6,5,1,3147.4,53,4,3147.3,30,3,3147.2,53,3,3148.0,192,4,3148.1,1,1,3148.3,20,1,3148.4,193,2,3148.5,952,7
2031,2026-06-16 14:29:49+05:30,3148.0,1,3134.05,2831150,128776.0,203384.0,3163.0,3163.0,3108.0,3134.3,31873000,3447.7,2820.9,3839.9,2896.0,3147.8,2,2,3147.6,5,1,3147.4,53,4,3147.3,30,3,3147.2,53,3,3148.0,192,4,3148.1,1,1,3148.3,20,1,3148.4,193,2,3148.5,952,7
2031,2026-06-16 14:29:49+05:30,3147.8,12,3134.05,2831165,128697.0,203363.0,3163.0,3163.0,3108.0,3134.3,31873000,3447.7,2820.9,3839.9,2896.0,3147.8,10,4,3147.4,39,3,3147.3,30,3,3147.2,53,3,3147.1,436,4,3148.0,192,4,3148.1,1,1,3148.3,20,1,3148.4,193,2,3148.5,925,5
2031,2026-06-16 14:29:50+05:30,3147.8,12,3134.05,2831165,128697.0,203363.0,3163.0,3163.0,3108.0,3134.3,31873000,3447.7,2820.9,3839.9,2896.0,3147.8,10,4,3147.4,39,3,3147.3,30,3,3147.2,53,3,3147.1,436,4,3148.0,192,4,3148.1,1,1,3148.3,20,1,3148.4,193,2,3148.5,925,5
2031,2026-06-16 14:29:50+05:30,3147.8,1,3134.05,2831165,128697.0,203363.0,3163.0,3163.0,3108.0,3134.3,31873000,3447.7,2820.9,3839.9,2896.0,3147.8,10,4,3147.4,39,3,3147.3,30,3,3147.2,53,3,3147.1,436,4,3148.0,192,4,3148.1,1,1,3148.3,20,1,3148.4,193,2,3148.5,925,5
2031,2026-06-16 14:29:50+05:30,3147.8,1,3134.05,2831260,128650.0,203346.0,3163.0,3163.0,3108.0,3134.3,31873000,3447.7,2820.9,3839.9,2896.0,3147.8,20,3,3147.7,11,1,3147.4,52,4,3147.3,22,2,3147.2,104,4,3148.0,152,4,3148.3,20,1,3148.4,193,2,3148.5,925,5,3148.6,46,2
2031,2026-06-16 14:29:51+05:30,3147.8,1,3134.05,2831260,128650.0,203346.0,3163.0,3163.0,3108.0,3134.3,31873000,3447.7,2820.9,3839.9,2896.0,3147.8,20,3,3147.7,11,1,3147.4,52,4,3147.3,22,2,3147.2,104,4,3148.0,152,4,3148.3,20,1,3148.4,193,2,3148.5,925,5,3148.6,46,2
2031,2026-06-16 14:29:51+05:30,3148.0,11,3134.05,2831260,128650.0,203346.0,3163.0,3163.0,3108.0,3134.3,31873000,3447.7,2820.9,3839.9,2896.0,3147.8,20,3,3147.7,11,1,3147.4,52,4,3147.3,22,2,3147.2,104,4,3148.0,152,4,3148.3,20,1,3148.4,193,2,3148.5,925,5,3148.6,46,2
2031,2026-06-16 14:29:51+05:30,3148.0,11,3134.05,2831260,128650.0,203346.0,3163.0,3163.0,3108.0,3134.3,31873000,3447.7,2820.9,3839.9,2896.0,3147.8,20,3,3147.7,11,1,3147.4,52,4,3147.3,22,2,3147.2,104,4,3148.0,152,4,3148.3,20,1,3148.4,193,2,3148.5,925,5,3148.6,46,2
2031,2026-06-16 14:29:51+05:30,3148.0,11,3134.05,2831279,128694.0,203333.0,3163.0,3163.0,3108.0,3134.3,31873000,3447.7,2820.9,3839.9,2896.0,3147.8,22,3,3147.6,14,1,3147.4,52,4,3147.3,22,2,3147.2,104,4,3148.0,133,4,3148.3,20,1,3148.4,193,2,3148.5,925,5,3148.6,46,2
2031,2026-06-16 14:29:52+05:30,3148.0,11,3134.05,2831279,128694.0,203333.0,3163.0,3163.0,3108.0,3134.3,31871400,3447.7,2820.9,3839.9,2896.0,3147.8,22,3,3147.6,14,1,3147.4,52,4,3147.3,22,2,3147.2,104,4,3148.0,133,4,3148.3,20,1,3148.4,193,2,3148.5,925,5,3148.6,46,2
2031,2026-06-16 14:29:52+05:30,3148.0,11,3134.05,2831279,128666.0,203341.0,3163.0,3163.0,3108.0,3134.3,31871400,3447.7,2820.9,3839.9,2896.0,3147.8,22,3,3147.6,30,3,3147.4,65,5,3147.3,8,1,3147.2,104,4,3148.0,136,5,3148.3,20,1,3148.4,193,2,3148.5,925,5,3148.6,2,1
2031,2026-06-16 14:29:53+05:30,3148.0,11,3134.05,2831279,128688.0,203417.0,3163.0,3163.0,3108.0,3134.3,31871400,3447.7,2820.9,3839.9,2896.0,3147.8,29,6,3147.7,4,1,3147.6,35,4,3147.4,65,5,3147.3,8,1,3148.0,136,5,3148.3,20,1,3148.4,86,1,3148.5,136,3,3148.6,927,6
2031,2026-06-16 14:29:54+05:30,3148.0,1,3134.05,2831280,128907.0,203606.0,3163.0,3163.0,3108.0,3134.3,31871400,3447.7,2820.9,3839.9,2896.0,3147.8,23,4,3147.6,19,2,3147.5,6,1,3147.4,52,4,3147.3,16,2,3148.0,181,7,3148.3,106,2,3148.4,107,1,3148.5,954,7,3148.6,2,1
2031,2026-06-16 14:29:55+05:30,3148.0,14,3134.05,2831280,128907.0,203606.0,3163.0,3163.0,3108.0,3134.3,31871400,3447.7,2820.9,3839.9,2896.0,3147.8,23,4,3147.6,19,2,3147.5,6,1,3147.4,52,4,3147.3,16,2,3148.0,181,7,3148.3,106,2,3148.4,107,1,3148.5,954,7,3148.6,2,1
2031,2026-06-16 14:29:55+05:30,3148.0,14,3134.05,2831430,129019.0,203452.0,3163.0,3163.0,3108.0,3134.3,31871400,3447.7,2820.9,3839.9,2896.0,3147.8,24,3,3147.7,4,1,3147.6,19,2,3147.5,6,1,3147.4,24,3,3148.0,44,2,3148.3,106,2,3148.4,107,1,3148.5,925,5,3148.6,2,1
2031,2026-06-16 14:29:56+05:30,3148.5,185,3134.05,2831430,129019.0,203452.0,3163.0,3163.0,3108.0,3134.3,31871400,3447.7,2820.9,3839.9,2896.0,3147.8,24,3,3147.7,4,1,3147.6,19,2,3147.5,6,1,3147.4,24,3,3148.0,44,2,3148.3,106,2,3148.4,107,1,3148.5,925,5,3148.6,2,1
2031,2026-06-16 14:29:56+05:30,3148.5,185,3134.05,2831962,129264.0,202342.0,3163.0,3163.0,3108.0,3134.3,31871400,3447.7,2820.9,3839.9,2896.0,3148.1,3,3,3147.8,19,3,3147.6,63,3,3147.5,96,4,3147.4,177,6,3148.6,2,1,3148.9,1,1,3149.0,271,6,3149.2,83,2,3149.3,826,7
2031,2026-06-16 14:29:57+05:30,3147.8,3,3134.05,2831962,129264.0,202342.0,3163.0,3163.0,3108.0,3134.3,31871400,3447.7,2820.9,3839.9,2896.0,3148.1,3,3,3147.8,19,3,3147.6,63,3,3147.5,96,4,3147.4,177,6,3148.6,2,1,3148.9,1,1,3149.0,271,6,3149.2,83,2,3149.3,826,7
2031,2026-06-16 14:29:57+05:30,3147.8,3,3134.05,2832047,128679.0,202305.0,3163.0,3163.0,3108.0,3134.3,31871400,3447.7,2820.9,3839.9,2896.0,3147.9,20,3,3147.8,11,4,3147.6,46,5,3147.5,50,2,3147.4,11,2,3148.0,21,1,3148.6,105,1,3148.8,21,1,3148.9,1,1,3149.0,223,5
2031,2026-06-16 14:29:58+05:30,3148.0,13,3134.05,2832047,128679.0,202305.0,3163.0,3163.0,3108.0,3134.3,31871400,3447.7,2820.9,3839.9,2896.0,3147.9,20,3,3147.8,11,4,3147.6,46,5,3147.5,50,2,3147.4,11,2,3148.0,21,1,3148.6,105,1,3148.8,21,1,3148.9,1,1,3149.0,223,5
2031,2026-06-16 14:29:58+05:30,3148.0,2,3134.05,2832064,128617.0,202186.0,3163.0,3163.0,3108.0,3134.3,31871400,3447.7,2820.9,3839.9,2896.0,3147.9,16,2,3147.8,7,2,3147.6,46,5,3147.5,50,2,3147.4,11,2,3148.0,60,3,3148.6,105,1,3148.8,21,1,3148.9,1,1,3149.0,223,5
2031,2026-06-16 14:29:59+05:30,3148.0,2,3134.05,2832064,128617.0,202186.0,3163.0,3163.0,3108.0,3134.3,31871400,3447.7,2820.9,3839.9,2896.0,3147.9,16,2,3147.8,7,2,3147.6,46,5,3147.5,50,2,3147.4,11,2,3148.0,60,3,3148.6,105,1,3148.8,21,1,3148.9,1,1,3149.0,223,5
2031,2026-06-16 14:29:59+05:30,3148.0,1,3134.05,2832065,128632.0,202214.0,3163.0,3163.0,3108.0,3134.3,31871400,3447.7,2820.9,3839.9,2896.0,3147.9,16,2,3147.8,5,1,3147.6,22,2,3147.5,50,2,3147.4,11,2,3148.0,97,4,3148.6,105,1,3148.8,21,1,3148.9,1,1,3149.0,223,5
2031,2026-06-16 14:30:00+05:30,3147.8,200,3134.05,2832065,128632.0,202214.0,3163.0,3163.0,3108.0,3134.3,31871400,3447.7,2820.9,3839.9,2896.0,3147.9,16,2,3147.8,5,1,3147.6,22,2,3147.5,50,2,3147.4,11,2,3148.0,97,4,3148.6,105,1,3148.8,21,1,3148.9,1,1,3149.0,223,5
2031,2026-06-16 14:30:00+05:30,3149.0,2,3134.09,2839992,128208.0,198351.0,3163.0,3163.0,3108.0,3134.3,31871400,3447.7,2820.9,3839.9,2896.0,3148.0,28,7,3147.9,65,4,3147.8,273,4,3147.6,69,3,3147.5,21,2,3149.0,14,1,3149.2,11,1,3149.4,44,1,3149.6,204,2,3149.7,47,2
2031,2026-06-16 14:30:01+05:30,3149.5,2,3134.09,2839992,128208.0,198351.0,3163.0,3163.0,3108.0,3134.3,31871400,3447.7,2820.9,3839.9,2896.0,3148.0,28,7,3147.9,65,4,3147.8,273,4,3147.6,69,3,3147.5,21,2,3149.0,14,1,3149.2,11,1,3149.4,44,1,3149.6,204,2,3149.7,47,2
2031,2026-06-16 14:30:01+05:30,3149.5,3,3134.09,2840649,129048.0,199225.0,3163.0,3163.0,3108.0,3134.3,31871400,3447.7,2820.9,3839.9,2896.0,3148.4,1,1,3148.1,36,4,3148.0,290,6,3147.9,30,2,3147.8,68,3,3149.4,11,1,3149.5,21,2,3149.6,22,2,3149.7,22,3,3149.8,237,3
2031,2026-06-16 14:30:02+05:30,3148.1,1,3134.09,2840649,129048.0,199225.0,3163.0,3163.0,3108.0,3134.3,31871400,3447.7,2820.9,3839.9,2896.0,3148.4,1,1,3148.1,36,4,3148.0,290,6,3147.9,30,2,3147.8,68,3,3149.4,11,1,3149.5,21,2,3149.6,22,2,3149.7,22,3,3149.8,237,3
2031,2026-06-16 14:30:03+05:30,3148.1,1,3134.09,2840652,130223.0,199622.0,3163.0,3163.0,3108.0,3134.3,31871400,3447.7,2820.9,3839.9,2896.0,3149.0,24,1,3148.4,1,1,3148.2,14,1,3148.1,112,6,3148.0,290,6,3149.4,47,3,3149.5,22,2,3149.6,22,2,3149.7,54,2,3149.8,217,3
2031,2026-06-16 14:30:03+05:30,3149.3,1,3134.09,2840652,130223.0,199622.0,3163.0,3163.0,3108.0,3134.3,31871400,3447.7,2820.9,3839.9,2896.0,3149.0,24,1,3148.4,1,1,3148.2,14,1,3148.1,112,6,3148.0,290,6,3149.4,47,3,3149.5,22,2,3149.6,22,2,3149.7,54,2,3149.8,217,3
2031,2026-06-16 14:30:04+05:30,3149.0,7,3134.09,2840661,130941.0,199652.0,3163.0,3163.0,3108.0,3134.3,31871400,3447.7,2820.9,3839.9,2896.0,3149.0,261,4,3148.9,16,2,3148.8,20,3,3148.7,7,1,3148.6,56,3,3149.3,81,1,3149.4,72,3,3149.8,200,1,3149.9,66,1,3150.0,421,3
2031,2026-06-16 14:30:04+05:30,3149.0,7,3134.09,2840661,130941.0,199652.0,3163.0,3163.0,3108.0,3134.3,31871400,3447.7,2820.9,3839.9,2896.0,3149.0,261,4,3148.9,16,2,3148.8,20,3,3148.7,7,1,3148.6,56,3,3149.3,81,1,3149.4,72,3,3149.8,200,1,3149.9,66,1,3150.0,421,3
2031,2026-06-16 14:30:05+05:30,3149.3,1,3134.1,2840663,130841.0,199639.0,3163.0,3163.0,3108.0,3134.3,31871400,3447.7,2820.9,3839.9,2896.0,3149.0,258,3,3148.9,11,1,3148.6,4,1,3148.5,96,5,3148.4,14,2,3149.3,79,1,3149.4,45,2,3149.8,200,1,3149.9,66,1,3150.0,421,3
2031,2026-06-16 14:30:05+05:30,3149.3,1,3134.1,2840663,130841.0,199639.0,3163.0,3163.0,3108.0,3134.3,31871400,3447.7,2820.9,3839.9,2896.0,3149.0,258,3,3148.9,11,1,3148.6,4,1,3148.5,96,5,3148.4,14,2,3149.3,79,1,3149.4,45,2,3149.8,200,1,3149.9,66,1,3150.0,421,3
2031,2026-06-16 14:30:06+05:30,3149.3,1,3134.1,2840663,131049.0,199619.0,3163.0,3163.0,3108.0,3134.3,31871400,3447.7,2820.9,3839.9,2896.0,3149.1,2,2,3149.0,258,3,3148.9,16,2,3148.8,6,1,3148.6,12,2,3149.3,104,2,3149.4,45,2,3149.8,200,1,3149.9,66,1,3150.0,421,3
2031,2026-06-16 14:30:06+05:30,3149.0,6,3134.1,2840663,131049.0,199619.0,3163.0,3163.0,3108.0,3134.3,31871400,3447.7,2820.9,3839.9,2896.0,3149.1,2,2,3149.0,258,3,3148.9,16,2,3148.8,6,1,3148.6,12,2,3149.3,104,2,3149.4,45,2,3149.8,200,1,3149.9,66,1,3150.0,421,3
2031,2026-06-16 14:30:07+05:30,3149.3,5,3134.1,2840678,131216.0,199548.0,3163.0,3163.0,3108.0,3134.3,31871400,3447.7,2820.9,3839.9,2896.0,3149.0,251,2,3148.9,16,2,3148.8,50,2,3148.6,4,1,3148.5,82,4,3149.3,113,3,3149.4,45,2,3149.8,200,1,3149.9,66,1,3150.0,421,3
2031,2026-06-16 14:30:07+05:30,3149.3,1,3134.1,2840678,131216.0,199548.0,3163.0,3163.0,3108.0,3134.3,31871400,3447.7,2820.9,3839.9,2896.0,3149.0,251,2,3148.9,16,2,3148.8,50,2,3148.6,4,1,3148.5,82,4,3149.3,113,3,3149.4,45,2,3149.8,200,1,3149.9,66,1,3150.0,421,3
2031,2026-06-16 14:30:08+05:30,3149.3,1,3134.1,2840679,131231.0,199548.0,3163.0,3163.0,3108.0,3134.3,31871400,3447.7,2820.9,3839.9,2896.0,3149.0,251,2,3148.9,16,2,3148.8,65,3,3148.6,4,1,3148.5,82,4,3149.3,112,3,3149.4,45,2,3149.8,200,1,3149.9,66,1,3150.0,421,3
2031,2026-06-16 14:30:09+05:30,3149.3,1,3134.1,2840679,131234.0,199550.0,3163.0,3163.0,3108.0,3134.3,31871400,3447.7,2820.9,3839.9,2896.0,3149.0,251,2,3148.9,5,1,3148.8,65,3,3148.6,4,1,3148.5,68,3,3149.3,112,3,3149.4,45,2,3149.8,200,1,3149.9,66,1,3150.0,421,3
2031,2026-06-16 14:30:09+05:30,3149.0,240,3134.1,2840679,131234.0,199550.0,3163.0,3163.0,3108.0,3134.3,31871400,3447.7,2820.9,3839.9,2896.0,3149.0,251,2,3148.9,5,1,3148.8,65,3,3148.6,4,1,3148.5,68,3,3149.3,112,3,3149.4,45,2,3149.8,200,1,3149.9,66,1,3150.0,421,3
2031,2026-06-16 14:30:10+05:30,3148.4,5,3134.1,2841914,126768.0,203138.0,3163.0,3163.0,3108.0,3134.3,31871400,3447.7,2820.9,3839.9,2896.0,3147.1,170,3,3147.0,355,7,3146.9,54,2,3146.7,22,2,3146.6,106,3,3148.4,195,1,3148.6,33,2,3148.7,74,3,3148.8,179,4,3148.9,145,4
2031,2026-06-16 14:30:10+05:30,3148.4,148,3134.1,2841914,126768.0,203138.0,3163.0,3163.0,3108.0,3134.3,31871400,3447.7,2820.9,3839.9,2896.0,3147.1,170,3,3147.0,355,7,3146.9,54,2,3146.7,22,2,3146.6,106,3,3148.4,195,1,3148.6,33,2,3148.7,74,3,3148.8,179,4,3148.9,145,4
2031,2026-06-16 14:30:11+05:30,3147.1,3,3134.1,2842314,126029.0,203749.0,3163.0,3163.0,3108.0,3134.3,31871400,3447.7,2820.9,3839.9,2896.0,3147.0,207,5,3146.9,4,1,3146.8,13,2,3146.7,26,2,3146.6,19,2,3147.1,395,2,3148.0,21,1,3148.2,59,2,3148.4,268,4,3148.5,6,1
2031,2026-06-16 14:30:11+05:30,3147.1,24,3134.1,2842314,126029.0,203749.0,3163.0,3163.0,3108.0,3134.3,31871400,3447.7,2820.9,3839.9,2896.0,3147.0,207,5,3146.9,4,1,3146.8,13,2,3146.7,26,2,3146.6,19,2,3147.1,395,2,3148.0,21,1,3148.2,59,2,3148.4,268,4,3148.5,6,1
2031,2026-06-16 14:30:12+05:30,3148.4,1,3134.1,2842710,127743.0,201785.0,3163.0,3163.0,3108.0,3134.3,31871400,3447.7,2820.9,3839.9,2896.0,3147.3,124,6,3147.2,156,5,3147.1,35,4,3147.0,317,9,3146.9,354,6,3148.4,24,1,3148.8,36,2,3148.9,44,1,3149.0,222,3,3149.1,119,4
2031,2026-06-16 14:30:12+05:30,3148.4,7,3134.1,2842710,127743.0,201785.0,3163.0,3163.0,3108.0,3134.3,31871400,3447.7,2820.9,3839.9,2896.0,3147.3,124,6,3147.2,156,5,3147.1,35,4,3147.0,317,9,3146.9,354,6,3148.4,24,1,3148.8,36,2,3148.9,44,1,3149.0,222,3,3149.1,119,4
2031,2026-06-16 14:30:13+05:30,3148.4,1,3134.1,2842718,127875.0,201887.0,3163.0,3163.0,3108.0,3134.3,31871400,3447.7,2820.9,3839.9,2896.0,3147.3,276,9,3147.2,156,5,3147.1,71,4,3147.0,395,10,3146.9,76,4,3148.4,17,2,3148.8,40,2,3148.9,44,1,3149.0,222,3,3149.1,119,4
2031,2026-06-16 14:30:13+05:30,3148.4,1,3134.1,2842718,127875.0,201887.0,3163.0,3163.0,3108.0,3134.3,31871400,3447.7,2820.9,3839.9,2896.0,3147.3,276,9,3147.2,156,5,3147.1,71,4,3147.0,395,10,3146.9,76,4,3148.4,17,2,3148.8,40,2,3148.9,44,1,3149.0,222,3,3149.1,119,4
2031,2026-06-16 14:30:14+05:30,3148.4,1,3134.1,2842719,127876.0,202028.0,3163.0,3163.0,3108.0,3134.3,31871400,3447.7,2820.9,3839.9,2896.0,3147.3,275,8,3147.2,157,6,3147.1,71,4,3147.0,334,10,3146.9,154,5,3148.4,16,2,3148.8,40,2,3148.9,183,2,3149.0,222,3,3149.1,119,4
2031,2026-06-16 14:30:14+05:30,3148.4,1,3134.1,2842719,127876.0,202028.0,3163.0,3163.0,3108.0,3134.3,31871400,3447.7,2820.9,3839.9,2896.0,3147.3,275,8,3147.2,157,6,3147.1,71,4,3147.0,334,10,3146.9,154,5,3148.4,16,2,3148.8,40,2,3148.9,183,2,3149.0,222,3,3149.1,119,4
2031,2026-06-16 14:30:15+05:30,3148.4,1,3134.1,2842722,127729.0,201696.0,3163.0,3163.0,3108.0,3134.3,31871400,3447.7,2820.9,3839.9,2896.0,3147.3,267,7,3147.2,130,6,3147.1,34,3,3147.0,317,9,3146.9,154,5,3148.4,14,3,3148.8,40,2,3148.9,182,2,3149.0,222,3,3149.1,119,4
2031,2026-06-16 14:30:15+05:30,3148.4,1,3134.1,2842722,127729.0,201696.0,3163.0,3163.0,3108.0,3134.3,31871400,3447.7,2820.9,3839.9,2896.0,3147.3,267,7,3147.2,130,6,3147.1,34,3,3147.0,317,9,3146.9,154,5,3148.4,14,3,3148.8,40,2,3148.9,182,2,3149.0,222,3,3149.1,119,4
2031,2026-06-16 14:30:16+05:30,3148.4,7,3134.11,2842774,128232.0,202531.0,3163.0,3163.0,3108.0,3134.3,31871400,3447.7,2820.9,3839.9,2896.0,3147.4,18,2,3147.3,209,6,3147.2,49,1,3147.1,29,2,3147.0,331,10,3148.4,21,4,3148.8,121,3,3148.9,127,3,3149.0,286,5,3149.1,165,4
2031,2026-06-16 14:30:16+05:30,3148.4,1,3134.11,2842774,128232.0,202531.0,3163.0,3163.0,3108.0,3134.3,31871400,3447.7,2820.9,3839.9,2896.0,3147.4,18,2,3147.3,209,6,3147.2,49,1,3147.1,29,2,3147.0,331,10,3148.4,21,4,3148.8,121,3,3148.9,127,3,3149.0,286,5,3149.1,165,4
2031,2026-06-16 14:30:17+05:30,3147.9,1,3134.11,2842776,128198.0,203600.0,3163.0,3163.0,3108.0,3134.3,31871400,3447.7,2820.9,3839.9,2896.0,3147.4,23,3,3147.3,217,7,3147.2,47,2,3147.1,41,4,3147.0,330,9,3147.9,1,1,3148.4,31,5,3148.6,22,1,3148.8,176,3,3148.9,129,3
2031,2026-06-16 14:30:17+05:30,3147.4,3,3134.11,2842776,128198.0,203600.0,3163.0,3163.0,3108.0,3134.3,31871400,3447.7,2820.9,3839.9,2896.0,3147.4,23,3,3147.3,217,7,3147.2,47,2,3147.1,41,4,3147.0,330,9,3147.9,1,1,3148.4,31,5,3148.6,22,1,3148.8,176,3,3148.9,129,3
2031,2026-06-16 14:30:18+05:30,3147.9,1,3134.11,2842780,128315.0,203625.0,3163.0,3163.0,3108.0,3134.3,31871400,3447.7,2820.9,3839.9,2896.0,3147.4,109,5,3147.3,194,5,3147.2,9,1,3147.1,85,5,3147.0,348,10,3147.9,14,3,3148.4,12,2,3148.6,22,1,3148.7,63,1,3148.8,176,3
2031,2026-06-16 14:30:18+05:30,3147.8,1,3134.11,2842780,128315.0,203625.0,3163.0,3163.0,3108.0,3134.3,31871400,3447.7,2820.9,3839.9,2896.0,3147.4,109,5,3147.3,194,5,3147.2,9,1,3147.1,85,5,3147.0,348,10,3147.9,14,3,3148.4,12,2,3148.6,22,1,3148.7,63,1,3148.8,176,3
2031,2026-06-16 14:30:19+05:30,3147.9,3,3134.11,2842822,128113.0,203942.0,3163.0,3163.0,3108.0,3134.3,31871400,3447.7,2820.9,3839.9,2896.0,3147.4,91,4,3147.3,219,7,3147.2,9,1,3147.1,41,4,3147.0,315,8,3147.9,26,3,3148.6,22,1,3148.7,107,2,3148.8,176,3,3148.9,129,3
2031,2026-06-16 14:30:19+05:30,3147.4,5,3134.11,2842822,128113.0,203942.0,3163.0,3163.0,3108.0,3134.3,31871400,3447.7,2820.9,3839.9,2896.0,3147.4,91,4,3147.3,219,7,3147.2,9,1,3147.1,41,4,3147.0,315,8,3147.9,26,3,3148.6,22,1,3148.7,107,2,3148.8,176,3,3148.9,129,3
2031,2026-06-16 14:30:20+05:30,3147.4,5,3134.11,2842834,128249.0,203977.0,3163.0,3163.0,3108.0,3134.3,31871400,3447.7,2820.9,3839.9,2896.0,3147.4,81,4,3147.3,219,7,3147.2,9,1,3147.1,40,3,3147.0,316,9,3147.9,24,3,3148.6,22,1,3148.7,107,2,3148.8,214,4,3148.9,129,3
2031,2026-06-16 14:30:20+05:30,3147.4,5,3134.11,2842834,128249.0,203977.0,3163.0,3163.0,3108.0,3134.3,31871400,3447.7,2820.9,3839.9,2896.0,3147.4,81,4,3147.3,219,7,3147.2,9,1,3147.1,40,3,3147.0,316,9,3147.9,24,3,3148.6,22,1,3148.7,107,2,3148.8,214,4,3148.9,129,3
2031,2026-06-16 14:30:21+05:30,3147.9,4,3134.11,2842839,128282.0,203847.0,3163.0,3163.0,3108.0,3134.3,31871400,3447.7,2820.9,3839.9,2896.0,3147.7,15,1,3147.4,77,3,3147.3,209,6,3147.2,9,1,3147.1,85,5,3147.9,33,4,3148.7,44,1,3148.8,177,4,3148.9,129,3,3149.0,521,5
2031,2026-06-16 14:30:21+05:30,3147.9,9,3134.11,2842839,128282.0,203847.0,3163.0,3163.0,3108.0,3134.3,31871400,3447.7,2820.9,3839.9,2896.0,3147.7,15,1,3147.4,77,3,3147.3,209,6,3147.2,9,1,3147.1,85,5,3147.9,33,4,3148.7,44,1,3148.8,177,4,3148.9,129,3,3149.0,521,5
2031,2026-06-16 14:30:22+05:30,3147.9,5,3134.11,2842902,127869.0,203963.0,3163.0,3163.0,3108.0,3134.3,31871400,3447.7,2820.9,3839.9,2896.0,3147.8,16,1,3147.7,16,1,3147.5,15,1,3147.4,76,2,3147.3,159,5,3147.9,16,2,3148.8,106,4,3148.9,129,3,3149.0,484,4,3149.1,208,6
2031,2026-06-16 14:30:22+05:30,3147.9,9,3134.11,2842902,127869.0,203963.0,3163.0,3163.0,3108.0,3134.3,31871400,3447.7,2820.9,3839.9,2896.0,3147.8,16,1,3147.7,16,1,3147.5,15,1,3147.4,76,2,3147.3,159,5,3147.9,16,2,3148.8,106,4,3148.9,129,3,3149.0,484,4,3149.1,208,6
2031,2026-06-16 14:30:23+05:30,3147.9,9,3134.11,2842930,127753.0,203087.0,3163.0,3163.0,3108.0,3134.3,31871400,3447.7,2820.9,3839.9,2896.0,3148.0,1,1,3147.9,8,1,3147.7,16,1,3147.4,76,2,3147.3,105,3,3148.6,11,1,3148.7,71,2,3148.8,49,3,3148.9,248,6,3149.0,484,4
2031,2026-06-16 14:30:23+05:30,3148.2,16,3134.11,2842930,127753.0,203087.0,3163.0,3163.0,3108.0,3134.3,31871400,3447.7,2820.9,3839.9,2896.0,3148.0,1,1,3147.9,8,1,3147.7,16,1,3147.4,76,2,3147.3,105,3,3148.6,11,1,3148.7,71,2,3148.8,49,3,3148.9,248,6,3149.0,484,4
2031,2026-06-16 14:30:24+05:30,3148.2,16,3134.11,2843013,127868.0,202525.0,3163.0,3163.0,3108.0,3134.3,31871400,3447.7,2820.9,3839.9,2896.0,3148.2,16,1,3148.0,37,2,3147.7,16,1,3147.4,32,2,3147.3,24,3,3148.6,32,3,3148.7,66,3,3148.8,26,1,3148.9,175,5,3149.0,500,4
2031,2026-06-16 14:30:25+05:30,3148.5,9,3134.11,2843027,127372.0,202328.0,3163.0,3163.0,3108.0,3134.3,31871400,3447.7,2820.9,3839.9,2896.0,3148.2,57,2,3148.0,51,3,3147.7,16,1,3147.4,16,1,3147.3,23,2,3148.5,186,1,3148.6,32,3,3148.7,22,2,3148.8,26,1,3148.9,121,3
2031,2026-06-16 14:30:25+05:30,3148.5,9,3134.11,2843027,127372.0,202328.0,3163.0,3163.0,3108.0,3134.3,31871400,3447.7,2820.9,3839.9,2896.0,3148.2,57,2,3148.0,51,3,3147.7,16,1,3147.4,16,1,3147.3,23,2,3148.5,186,1,3148.6,32,3,3148.7,22,2,3148.8,26,1,3148.9,121,3
2031,2026-06-16 14:30:26+05:30,3148.3,10,3134.11,2843242,127215.0,202414.0,3163.0,3163.0,3108.0,3134.3,31871400,3447.7,2820.9,3839.9,2896.0,3148.2,1,1,3148.0,50,2,3147.7,16,1,3147.6,15,1,3147.3,20,1,3148.3,67,1,3148.4,11,1,3148.5,53,3,3148.6,10,1,3148.7,38,1
2031,2026-06-16 14:30:26+05:30,3148.3,10,3134.11,2843242,127215.0,202414.0,3163.0,3163.0,3108.0,3134.3,31871400,3447.7,2820.9,3839.9,2896.0,3148.2,1,1,3148.0,50,2,3147.7,16,1,3147.6,15,1,3147.3,20,1,3148.3,67,1,3148.4,11,1,3148.5,53,3,3148.6,10,1,3148.7,38,1
2031,2026-06-16 14:30:27+05:30,3148.3,1,3134.11,2843243,127265.0,202518.0,3163.0,3163.0,3108.0,3134.3,31871400,3447.7,2820.9,3839.9,2896.0,3148.2,1,1,3148.0,50,2,3147.7,16,1,3147.6,15,1,3147.3,20,1,3148.3,66,1,3148.5,42,2,3148.6,10,1,3148.7,38,1,3148.8,70,2
2031,2026-06-16 14:30:27+05:30,3148.3,5,3134.11,2843243,127265.0,202518.0,3163.0,3163.0,3108.0,3134.3,31871400,3447.7,2820.9,3839.9,2896.0,3148.2,1,1,3148.0,50,2,3147.7,16,1,3147.6,15,1,3147.3,20,1,3148.3,66,1,3148.5,42,2,3148.6,10,1,3148.7,38,1,3148.8,70,2
2031,2026-06-16 14:30:28+05:30,3148.4,1,3134.11,2843243,127265.0,202518.0,3163.0,3163.0,3108.0,3134.3,31871400,3447.7,2820.9,3839.9,2896.0,3148.2,1,1,3148.0,50,2,3147.7,16,1,3147.6,15,1,3147.3,20,1,3148.3,66,1,3148.5,42,2,3148.6,10,1,3148.7,38,1,3148.8,70,2
2031,2026-06-16 14:30:28+05:30,3148.4,1,3134.11,2843784,126667.0,202963.0,3163.0,3163.0,3108.0,3134.3,31871400,3447.7,2820.9,3839.9,2896.0,3148.0,13,2,3147.7,16,1,3147.3,21,1,3147.1,26,2,3147.0,203,4,3148.4,32,3,3148.5,76,5,3148.6,140,5,3148.7,1,1,3148.8,324,4
2031,2026-06-16 14:30:29+05:30,3148.6,1,3134.11,2843784,126667.0,202963.0,3163.0,3163.0,3108.0,3134.3,31871400,3447.7,2820.9,3839.9,2896.0,3148.0,13,2,3147.7,16,1,3147.3,21,1,3147.1,26,2,3147.0,203,4,3148.4,32,3,3148.5,76,5,3148.6,140,5,3148.7,1,1,3148.8,324,4
2031,2026-06-16 14:30:29+05:30,3148.6,1,3134.11,2843819,126961.0,202220.0,3163.0,3163.0,3108.0,3134.3,31871400,3447.7,2820.9,3839.9,2896.0,3148.0,10,1,3147.7,16,1,3147.3,21,1,3147.2,15,1,3147.1,186,3,3148.6,42,4,3148.7,10,1,3148.8,281,3,3148.9,135,3,3149.0,870,7
2031,2026-06-16 14:30:30+05:30,3148.1,2,3134.11,2843819,126961.0,202220.0,3163.0,3163.0,3108.0,3134.3,31871400,3447.7,2820.9,3839.9,2896.0,3148.0,10,1,3147.7,16,1,3147.3,21,1,3147.2,15,1,3147.1,186,3,3148.6,42,4,3148.7,10,1,3148.8,281,3,3148.9,135,3,3149.0,870,7
2031,2026-06-16 14:30:30+05:30,3148.1,2,3134.11,2843981,126434.0,203715.0,3163.0,3163.0,3108.0,3134.3,31871400,3447.7,2820.9,3839.9,2896.0,3147.7,17,2,3147.1,186,1,3147.0,203,4,3146.9,65,2,3146.7,35,2,3148.2,21,2,3148.4,42,2,3148.5,68,3,3148.6,43,3,3148.7,63,1
2031,2026-06-16 14:30:31+05:30,3148.1,5,3134.11,2843981,126434.0,203715.0,3163.0,3163.0,3108.0,3134.3,31871400,3447.7,2820.9,3839.9,2896.0,3147.7,17,2,3147.1,186,1,3147.0,203,4,3146.9,65,2,3146.7,35,2,3148.2,21,2,3148.4,42,2,3148.5,68,3,3148.6,43,3,3148.7,63,1
2031,2026-06-16 14:30:31+05:30,3148.1,5,3134.11,2843992,126529.0,203730.0,3163.0,3163.0,3108.0,3134.3,31871400,3447.7,2820.9,3839.9,2896.0,3147.7,17,2,3147.1,158,1,3147.0,203,4,3146.9,102,3,3146.8,18,2,3148.2,10,1,3148.5,30,2,3148.6,11,2,3148.7,90,2,3148.8,69,4
2031,2026-06-16 14:30:32+05:30,3148.1,5,3134.11,2843992,126544.0,203684.0,3163.0,3163.0,3108.0,3134.3,31871400,3447.7,2820.9,3839.9,2896.0,3147.7,32,3,3147.1,158,1,3147.0,203,4,3146.9,102,3,3146.8,18,2,3148.2,10,1,3148.5,30,2,3148.6,11,2,3148.7,90,2,3148.8,68,3
2031,2026-06-16 14:30:33+05:30,3148.1,5,3134.11,2843992,126544.0,203684.0,3163.0,3163.0,3108.0,3134.3,31871400,3447.7,2820.9,3839.9,2896.0,3147.7,32,3,3147.1,158,1,3147.0,203,4,3146.9,102,3,3146.8,18,2,3148.2,10,1,3148.5,30,2,3148.6,11,2,3148.7,90,2,3148.8,68,3
2031,2026-06-16 14:30:34+05:30,3148.2,1,3134.11,2843993,126599.0,203573.0,3163.0,3163.0,3108.0,3134.3,31871400,3447.7,2820.9,3839.9,2896.0,3147.7,33,4,3147.1,202,2,3147.0,203,4,3146.9,102,3,3146.8,33,3,3148.2,9,1,3148.5,20,1,3148.6,1,1,3148.7,53,1,3148.8,68,3
2031,2026-06-16 14:30:34+05:30,3148.2,1,3134.11,2843993,126599.0,203573.0,3163.0,3163.0,3108.0,3134.3,31871400,3447.7,2820.9,3839.9,2896.0,3147.7,33,4,3147.1,202,2,3147.0,203,4,3146.9,102,3,3146.8,33,3,3148.2,9,1,3148.5,20,1,3148.6,1,1,3148.7,53,1,3148.8,68,3
2031,2026-06-16 14:30:34+05:30,3148.2,1,3134.11,2843993,126599.0,203573.0,3163.0,3163.0,3108.0,3134.3,31871400,3447.7,2820.9,3839.9,2896.0,3147.7,33,4,3147.1,202,2,3147.0,203,4,3146.9,102,3,3146.8,33,3,3148.2,9,1,3148.5,20,1,3148.6,1,1,3148.7,53,1,3148.8,68,3
2031,2026-06-16 14:30:35+05:30,3147.7,2,3134.11,2844117,126135.0,203805.0,3163.0,3163.0,3108.0,3134.3,31871400,3447.7,2820.9,3839.9,2896.0,3147.7,11,2,3147.0,203,4,3146.9,21,1,3146.7,20,1,3146.5,22,2,3148.0,11,1,3148.1,81,4,3148.2,82,6,3148.3,77,3,3148.4,130,5
2031,2026-06-16 14:30:35+05:30,3147.7,2,3134.11,2844117,126135.0,203805.0,3163.0,3163.0,3108.0,3134.3,31871400,3447.7,2820.9,3839.9,2896.0,3147.7,11,2,3147.0,203,4,3146.9,21,1,3146.7,20,1,3146.5,22,2,3148.0,11,1,3148.1,81,4,3148.2,82,6,3148.3,77,3,3148.4,130,5
2031,2026-06-16 14:30:36+05:30,3147.0,1,3134.11,2844166,125582.0,204555.0,3163.0,3163.0,3108.0,3134.3,31871400,3447.7,2820.9,3839.9,2896.0,3147.0,203,5,3146.5,24,3,3146.4,3,1,3146.3,96,4,3146.2,185,1,3148.0,90,5,3148.1,145,6,3148.2,172,9,3148.3,42,2,3148.4,102,3
2031,2026-06-16 14:30:36+05:30,3147.6,7,3134.11,2844166,125582.0,204555.0,3163.0,3163.0,3108.0,3134.3,31871400,3447.7,2820.9,3839.9,2896.0,3147.0,203,5,3146.5,24,3,3146.4,3,1,3146.3,96,4,3146.2,185,1,3148.0,90,5,3148.1,145,6,3148.2,172,9,3148.3,42,2,3148.4,102,3
2031,2026-06-16 14:30:37+05:30,3147.6,7,3134.11,2844166,125582.0,204555.0,3163.0,3163.0,3108.0,3134.3,31871400,3447.7,2820.9,3839.9,2896.0,3147.0,203,5,3146.5,24,3,3146.4,3,1,3146.3,96,4,3146.2,185,1,3148.0,90,5,3148.1,145,6,3148.2,172,9,3148.3,42,2,3148.4,102,3
2031,2026-06-16 14:30:37+05:30,3148.0,1,3134.11,2844281,125667.0,204476.0,3163.0,3163.0,3108.0,3134.3,31871400,3447.7,2820.9,3839.9,2896.0,3147.0,246,6,3146.5,67,3,3146.4,159,2,3146.3,111,5,3146.2,18,2,3148.0,19,1,3148.1,31,2,3148.2,53,4,3148.3,356,6,3148.4,130,4
2031,2026-06-16 14:30:37+05:30,3147.9,2,3134.11,2844281,125667.0,204476.0,3163.0,3163.0,3108.0,3134.3,31871400,3447.7,2820.9,3839.9,2896.0,3147.0,246,6,3146.5,67,3,3146.4,159,2,3146.3,111,5,3146.2,18,2,3148.0,19,1,3148.1,31,2,3148.2,53,4,3148.3,356,6,3148.4,130,4
2031,2026-06-16 14:30:38+05:30,3147.0,118,3134.11,2844728,125041.0,204605.0,3163.0,3163.0,3108.0,3134.3,31871400,3447.7,2820.9,3839.9,2896.0,3147.0,18,1,3146.5,23,2,3146.4,15,1,3146.3,96,4,3146.1,210,4,3147.9,30,3,3148.0,135,6,3148.1,124,4,3148.2,230,8,3148.3,232,2
2031,2026-06-16 14:30:38+05:30,3147.0,118,3134.11,2844728,125041.0,204605.0,3163.0,3163.0,3108.0,3134.3,31871400,3447.7,2820.9,3839.9,2896.0,3147.0,18,1,3146.5,23,2,3146.4,15,1,3146.3,96,4,3146.1,210,4,3147.9,30,3,3148.0,135,6,3148.1,124,4,3148.2,230,8,3148.3,232,2
2031,2026-06-16 14:30:39+05:30,3147.0,118,3134.11,2844728,125041.0,204605.0,3163.0,3163.0,3108.0,3134.3,31871400,3447.7,2820.9,3839.9,2896.0,3147.0,18,1,3146.5,23,2,3146.4,15,1,3146.3,96,4,3146.1,210,4,3147.9,30,3,3148.0,135,6,3148.1,124,4,3148.2,230,8,3148.3,232,2
2031,2026-06-16 14:30:39+05:30,3147.8,6,3134.11,2844789,124858.0,204631.0,3163.0,3163.0,3108.0,3134.3,31871400,3447.7,2820.9,3839.9,2896.0,3147.0,1,1,3146.5,1,1,3146.4,165,1,3146.3,69,4,3146.2,60,2,3147.8,14,2,3147.9,118,4,3148.0,61,4,3148.1,314,4,3148.2,139,5
2031,2026-06-16 14:30:39+05:30,3147.8,6,3134.11,2844789,124858.0,204631.0,3163.0,3163.0,3108.0,3134.3,31871400,3447.7,2820.9,3839.9,2896.0,3147.0,1,1,3146.5,1,1,3146.4,165,1,3146.3,69,4,3146.2,60,2,3147.8,14,2,3147.9,118,4,3148.0,61,4,3148.1,314,4,3148.2,139,5
2031,2026-06-16 14:30:40+05:30,3147.8,3,3134.11,2844796,125169.0,204527.0,3163.0,3163.0,3108.0,3134.3,31871400,3447.7,2820.9,3839.9,2896.0,3146.5,2,2,3146.4,209,2,3146.3,20,1,3146.2,75,3,3146.1,58,3,3147.7,200,1,3147.8,14,2,3147.9,118,4,3148.0,77,4,3148.1,251,3
2031,2026-06-16 14:30:40+05:30,3147.8,3,3134.11,2844796,125169.0,204527.0,3163.0,3163.0,3108.0,3134.3,31871400,3447.7,2820.9,3839.9,2896.0,3146.5,2,2,3146.4,209,2,3146.3,20,1,3146.2,75,3,3146.1,58,3,3147.7,200,1,3147.8,14,2,3147.9,118,4,3148.0,77,4,3148.1,251,3
2031,2026-06-16 14:30:41+05:30,3147.8,3,3134.11,2844796,125169.0,204527.0,3163.0,3163.0,3108.0,3134.3,31871400,3447.7,2820.9,3839.9,2896.0,3146.5,2,2,3146.4,209,2,3146.3,20,1,3146.2,75,3,3146.1,58,3,3147.7,200,1,3147.8,14,2,3147.9,118,4,3148.0,77,4,3148.1,251,3
2031,2026-06-16 14:30:41+05:30,3146.4,100,3134.12,2844924,125473.0,204463.0,3163.0,3163.0,3108.0,3134.3,31871400,3447.7,2820.9,3839.9,2896.0,3146.5,235,5,3146.4,64,3,3146.3,44,2,3146.2,60,2,3146.1,104,7,3147.7,198,1,3147.8,14,2,3147.9,69,3,3148.0,41,3,3148.1,254,4
2031,2026-06-16 14:30:41+05:30,3146.4,100,3134.12,2844924,125473.0,204463.0,3163.0,3163.0,3108.0,3134.3,31871400,3447.7,2820.9,3839.9,2896.0,3146.5,235,5,3146.4,64,3,3146.3,44,2,3146.2,60,2,3146.1,104,7,3147.7,198,1,3147.8,14,2,3147.9,69,3,3148.0,41,3,3148.1,254,4
2031,2026-06-16 14:30:42+05:30,3147.7,1,3134.12,2844924,125473.0,204463.0,3163.0,3163.0,3108.0,3134.3,31871400,3447.7,2820.9,3839.9,2896.0,3146.5,235,5,3146.4,64,3,3146.3,44,2,3146.2,60,2,3146.1,104,7,3147.7,198,1,3147.8,14,2,3147.9,69,3,3148.0,41,3,3148.1,254,4
2031,2026-06-16 14:30:42+05:30,3147.7,1,3134.12,2844944,125442.0,202519.0,3163.0,3163.0,3108.0,3134.3,31871400,3447.7,2820.9,3839.9,2896.0,3146.5,220,5,3146.4,64,3,3146.3,63,3,3146.2,65,3,3146.1,104,7,3147.7,178,1,3147.8,9,1,3147.9,11,1,3148.0,41,3,3148.1,233,3
2031,2026-06-16 14:30:43+05:30,3147.7,1,3134.12,2844944,125442.0,202519.0,3163.0,3163.0,3108.0,3134.3,31871400,3447.7,2820.9,3839.9,2896.0,3146.5,220,5,3146.4,64,3,3146.3,63,3,3146.2,65,3,3146.1,104,7,3147.7,178,1,3147.8,9,1,3147.9,11,1,3148.0,41,3,3148.1,233,3
2031,2026-06-16 14:30:43+05:30,3147.7,3,3134.12,2844944,125442.0,202519.0,3163.0,3163.0,3108.0,3134.3,31871400,3447.7,2820.9,3839.9,2896.0,3146.5,220,5,3146.4,64,3,3146.3,63,3,3146.2,65,3,3146.1,104,7,3147.7,178,1,3147.8,9,1,3147.9,11,1,3148.0,41,3,3148.1,233,3
2031,2026-06-16 14:30:43+05:30,3147.7,3,3134.12,2844947,125449.0,202517.0,3163.0,3163.0,3108.0,3134.3,31871400,3447.7,2820.9,3839.9,2896.0,3146.5,263,6,3146.4,64,3,3146.3,63,3,3146.2,65,3,3146.1,68,6,3147.7,175,1,3147.8,9,1,3147.9,11,1,3148.0,41,3,3148.1,233,3
2031,2026-06-16 14:30:44+05:30,3147.7,1,3134.12,2844947,125449.0,202517.0,3163.0,3163.0,3108.0,3134.3,31871400,3447.7,2820.9,3839.9,2896.0,3146.5,263,6,3146.4,64,3,3146.3,63,3,3146.2,65,3,3146.1,68,6,3147.7,175,1,3147.8,9,1,3147.9,11,1,3148.0,41,3,3148.1,233,3
2031,2026-06-16 14:30:44+05:30,3147.7,1,3134.12,2844948,125494.0,204603.0,3163.0,3163.0,3108.0,3134.3,31871400,3447.7,2820.9,3839.9,2896.0,3146.5,126,6,3146.4,49,2,3146.3,84,4,3146.2,60,2,3146.1,249,6,3147.7,174,1,3147.8,9,1,3147.9,211,2,3148.0,41,3,3148.1,882,7
2031,2026-06-16 14:30:44+05:30,3147.7,1,3134.12,2844948,125494.0,204603.0,3163.0,3163.0,3108.0,3134.3,31871400,3447.7,2820.9,3839.9,2896.0,3146.5,126,6,3146.4,49,2,3146.3,84,4,3146.2,60,2,3146.1,249,6,3147.7,174,1,3147.8,9,1,3147.9,211,2,3148.0,41,3,3148.1,882,7
2031,2026-06-16 14:30:45+05:30,3147.7,1,3134.12,2844948,125494.0,204603.0,3163.0,3163.0,3108.0,3134.3,31871400,3447.7,2820.9,3839.9,2896.0,3146.5,126,6,3146.4,49,2,3146.3,84,4,3146.2,60,2,3146.1,249,6,3147.7,174,1,3147.8,9,1,3147.9,211,2,3148.0,41,3,3148.1,882,7
2031,2026-06-16 14:30:45+05:30,3147.7,1,3134.12,2844948,125567.0,204403.0,3163.0,3163.0,3108.0,3134.3,31871400,3447.7,2820.9,3839.9,2896.0,3147.1,2,2,3146.6,182,1,3146.5,122,6,3146.4,49,2,3146.3,87,5,3147.4,174,1,3147.5,19,1,3147.9,200,1,3148.1,834,7,3148.2,103,4
2031,2026-06-16 14:30:46+05:30,3147.7,1,3134.12,2844948,125567.0,204403.0,3163.0,3163.0,3108.0,3134.3,31871400,3447.7,2820.9,3839.9,2896.0,3147.1,2,2,3146.6,182,1,3146.5,122,6,3146.4,49,2,3146.3,87,5,3147.4,174,1,3147.5,19,1,3147.9,200,1,3148.1,834,7,3148.2,103,4
2031,2026-06-16 14:30:46+05:30,3147.1,1,3134.12,2844948,125567.0,204403.0,3163.0,3163.0,3108.0,3134.3,31871400,3447.7,2820.9,3839.9,2896.0,3147.1,2,2,3146.6,182,1,3146.5,122,6,3146.4,49,2,3146.3,87,5,3147.4,174,1,3147.5,19,1,3147.9,200,1,3148.1,834,7,3148.2,103,4
2031,2026-06-16 14:30:46+05:30,3147.1,1,3134.12,2844953,125173.0,203161.0,3163.0,3163.0,3108.0,3134.3,31871400,3447.7,2820.9,3839.9,2896.0,3146.5,27,4,3146.4,99,4,3146.3,42,3,3146.2,230,3,3146.1,85,6,3147.1,169,1,3147.2,1,1,3147.4,29,1,3147.5,19,1,3147.9,203,2
2031,2026-06-16 14:30:46+05:30,3147.1,1,3134.12,2844953,125173.0,203161.0,3163.0,3163.0,3108.0,3134.3,31871400,3447.7,2820.9,3839.9,2896.0,3146.5,27,4,3146.4,99,4,3146.3,42,3,3146.2,230,3,3146.1,85,6,3147.1,169,1,3147.2,1,1,3147.4,29,1,3147.5,19,1,3147.9,203,2
2031,2026-06-16 14:30:47+05:30,3147.1,1,3134.12,2844953,125173.0,203161.0,3163.0,3163.0,3108.0,3134.3,31871400,3447.7,2820.9,3839.9,2896.0,3146.5,27,4,3146.4,99,4,3146.3,42,3,3146.2,230,3,3146.1,85,6,3147.1,169,1,3147.2,1,1,3147.4,29,1,3147.5,19,1,3147.9,203,2
2031,2026-06-16 14:30:47+05:30,3147.1,1,3134.12,2844953,125173.0,203161.0,3163.0,3163.0,3108.0,3134.3,31871400,3447.7,2820.9,3839.9,2896.0,3146.5,27,4,3146.4,99,4,3146.3,42,3,3146.2,230,3,3146.1,85,6,3147.1,169,1,3147.2,1,1,3147.4,29,1,3147.5,19,1,3147.9,203,2
2031,2026-06-16 14:30:47+05:30,3147.1,1,3134.12,2844956,124656.0,204646.0,3163.0,3163.0,3108.0,3134.3,31871400,3447.7,2820.9,3839.9,2896.0,3146.5,27,4,3146.4,20,2,3146.3,23,2,3146.2,16,1,3146.1,32,3,3146.9,566,3,3147.2,1,1,3147.4,29,1,3147.5,19,1,3147.8,67,3
2031,2026-06-16 14:30:48+05:30,3147.1,1,3134.12,2844956,124656.0,204646.0,3163.0,3163.0,3108.0,3134.3,31871400,3447.7,2820.9,3839.9,2896.0,3146.5,27,4,3146.4,20,2,3146.3,23,2,3146.2,16,1,3146.1,32,3,3146.9,566,3,3147.2,1,1,3147.4,29,1,3147.5,19,1,3147.8,67,3
2031,2026-06-16 14:30:48+05:30,3146.5,15,3134.12,2844956,124656.0,204646.0,3163.0,3163.0,3108.0,3134.3,31871400,3447.7,2820.9,3839.9,2896.0,3146.5,27,4,3146.4,20,2,3146.3,23,2,3146.2,16,1,3146.1,32,3,3146.9,566,3,3147.2,1,1,3147.4,29,1,3147.5,19,1,3147.8,67,3
2031,2026-06-16 14:30:49+05:30,3146.9,1,3134.12,2844999,124666.0,204538.0,3163.0,3163.0,3108.0,3134.3,31871400,3447.7,2820.9,3839.9,2896.0,3146.5,4,3,3146.3,11,2,3146.2,184,2,3146.1,47,4,3146.0,163,5,3146.9,637,5,3147.2,1,1,3147.5,19,1,3147.7,7,1,3147.8,67,3
2031,2026-06-16 14:30:49+05:30,3146.9,1,3134.12,2844999,124666.0,204538.0,3163.0,3163.0,3108.0,3134.3,31871400,3447.7,2820.9,3839.9,2896.0,3146.5,4,3,3146.3,11,2,3146.2,184,2,3146.1,47,4,3146.0,163,5,3146.9,637,5,3147.2,1,1,3147.5,19,1,3147.7,7,1,3147.8,67,3
2031,2026-06-16 14:30:49+05:30,3146.9,95,3134.12,2844999,124666.0,204538.0,3163.0,3163.0,3108.0,3134.3,31871400,3447.7,2820.9,3839.9,2896.0,3146.5,4,3,3146.3,11,2,3146.2,184,2,3146.1,47,4,3146.0,163,5,3146.9,637,5,3147.2,1,1,3147.5,19,1,3147.7,7,1,3147.8,67,3
2031,2026-06-16 14:30:50+05:30,3146.9,95,3134.12,2844999,124666.0,204538.0,3163.0,3163.0,3108.0,3134.3,31871400,3447.7,2820.9,3839.9,2896.0,3146.5,4,3,3146.3,11,2,3146.2,184,2,3146.1,47,4,3146.0,163,5,3146.9,637,5,3147.2,1,1,3147.5,19,1,3147.7,7,1,3147.8,67,3
2031,2026-06-16 14:30:50+05:30,3146.9,14,3134.12,2845119,124233.0,204438.0,3163.0,3163.0,3108.0,3134.3,31871400,3447.7,2820.9,3839.9,2896.0,3146.5,52,8,3146.4,7,1,3146.3,54,4,3146.2,196,3,3146.1,43,4,3146.9,521,5,3147.2,1,1,3147.5,19,1,3147.8,22,1,3147.9,200,1
2031,2026-06-16 14:30:50+05:30,3146.9,14,3134.12,2845119,124233.0,204438.0,3163.0,3163.0,3108.0,3134.3,31871400,3447.7,2820.9,3839.9,2896.0,3146.5,52,8,3146.4,7,1,3146.3,54,4,3146.2,196,3,3146.1,43,4,3146.9,521,5,3147.2,1,1,3147.5,19,1,3147.8,22,1,3147.9,200,1
2031,2026-06-16 14:30:50+05:30,3146.9,14,3134.12,2845119,124233.0,204438.0,3163.0,3163.0,3108.0,3134.3,31871400,3447.7,2820.9,3839.9,2896.0,3146.5,52,8,3146.4,7,1,3146.3,54,4,3146.2,196,3,3146.1,43,4,3146.9,521,5,3147.2,1,1,3147.5,19,1,3147.8,22,1,3147.9,200,1
2031,2026-06-16 14:30:51+05:30,3146.9,2,3134.12,2845123,124540.0,204241.0,3163.0,3163.0,3108.0,3134.3,31871400,3447.7,2820.9,3839.9,2896.0,3146.7,18,1,3146.5,34,6,3146.4,7,1,3146.3,98,5,3146.2,196,3,3146.9,517,5,3147.2,1,1,3147.5,19,1,3147.8,22,1,3147.9,200,1
2031,2026-06-16 14:30:51+05:30,3146.9,2,3134.12,2845123,124540.0,204241.0,3163.0,3163.0,3108.0,3134.3,31871400,3447.7,2820.9,3839.9,2896.0,3146.7,18,1,3146.5,34,6,3146.4,7,1,3146.3,98,5,3146.2,196,3,3146.9,517,5,3147.2,1,1,3147.5,19,1,3147.8,22,1,3147.9,200,1
2031,2026-06-16 14:30:51+05:30,3146.9,1,3134.12,2845123,124540.0,204241.0,3163.0,3163.0,3108.0,3134.3,31871400,3447.7,2820.9,3839.9,2896.0,3146.7,18,1,3146.5,34,6,3146.4,7,1,3146.3,98,5,3146.2,196,3,3146.9,517,5,3147.2,1,1,3147.5,19,1,3147.8,22,1,3147.9,200,1
2031,2026-06-16 14:30:52+05:30,3146.9,1,3134.12,2845123,124540.0,204241.0,3163.0,3163.0,3108.0,3134.3,31871400,3447.7,2820.9,3839.9,2896.0,3146.7,6,3,3146.5,27,3,3146.3,34,4,3146.2,48,2,3146.1,214,4,3146.9,508,5,3147.5,19,1,3147.8,22,1,3147.9,245,3,3148.0,26,2
2031,2026-06-16 14:30:52+05:30,3146.9,4,3134.12,2845147,124425.0,204598.0,3163.0,3163.0,3108.0,3134.3,31871400,3447.7,2820.9,3839.9,2896.0,3146.7,6,3,3146.5,27,3,3146.3,34,4,3146.2,48,2,3146.1,214,4,3146.9,508,5,3147.5,19,1,3147.8,22,1,3147.9,245,3,3148.0,26,2
2031,2026-06-16 14:30:52+05:30,3146.7,61,3134.12,2845147,124425.0,204598.0,3163.0,3163.0,3108.0,3134.3,31871400,3447.7,2820.9,3839.9,2896.0,3146.7,6,3,3146.5,27,3,3146.3,34,4,3146.2,48,2,3146.1,214,4,3146.9,508,5,3147.5,19,1,3147.8,22,1,3147.9,245,3,3148.0,26,2
2031,2026-06-16 14:30:53+05:30,3146.7,1,3134.12,2845340,124148.0,204615.0,3163.0,3163.0,3108.0,3134.3,31871400,3447.7,2820.9,3839.9,2896.0,3146.7,3,1,3146.5,44,4,3146.3,34,4,3146.2,48,2,3146.1,214,4,3146.8,20,1,3146.9,342,4,3147.8,69,2,3147.9,276,3,3148.0,26,2
2031,2026-06-16 14:30:53+05:30,3146.7,1,3134.12,2845340,124148.0,204615.0,3163.0,3163.0,3108.0,3134.3,31860600,3447.7,2820.9,3839.9,2896.0,3146.7,3,1,3146.5,44,4,3146.3,34,4,3146.2,48,2,3146.1,214,4,3146.8,20,1,3146.9,342,4,3147.8,69,2,3147.9,276,3,3148.0,26,2
2031,2026-06-16 14:30:53+05:30,3146.7,1,3134.12,2845340,124148.0,204615.0,3163.0,3163.0,3108.0,3134.3,31860600,3447.7,2820.9,3839.9,2896.0,3146.7,3,1,3146.5,44,4,3146.3,34,4,3146.2,48,2,3146.1,214,4,3146.8,20,1,3146.9,342,4,3147.8,69,2,3147.9,276,3,3148.0,26,2
2031,2026-06-16 14:30:54+05:30,3146.8,2,3134.12,2845344,124438.0,204484.0,3163.0,3163.0,3108.0,3134.3,31860600,3447.7,2820.9,3839.9,2896.0,3146.7,46,2,3146.6,15,1,3146.5,45,4,3146.3,63,4,3146.2,16,1,3146.8,28,3,3146.9,73,2,3147.8,69,2,3147.9,301,3,3148.0,54,3
2031,2026-06-16 14:30:54+05:30,3146.8,1,3134.12,2845344,124438.0,204484.0,3163.0,3163.0,3108.0,3134.3,31860600,3447.7,2820.9,3839.9,2896.0,3146.7,46,2,3146.6,15,1,3146.5,45,4,3146.3,63,4,3146.2,16,1,3146.8,28,3,3146.9,73,2,3147.8,69,2,3147.9,301,3,3148.0,54,3
2031,2026-06-16 14:30:55+05:30,3146.8,7,3134.12,2845359,124516.0,204427.0,3163.0,3163.0,3108.0,3134.3,31860600,3447.7,2820.9,3839.9,2896.0,3146.7,43,1,3146.6,15,1,3146.5,44,3,3146.3,55,3,3146.2,52,2,3146.8,32,4,3146.9,44,1,3147.8,69,2,3147.9,301,3,3148.0,54,3
2031,2026-06-16 14:30:55+05:30,3146.7,6,3134.12,2845359,124516.0,204427.0,3163.0,3163.0,3108.0,3134.3,31860600,3447.7,2820.9,3839.9,2896.0,3146.7,43,1,3146.6,15,1,3146.5,44,3,3146.3,55,3,3146.2,52,2,3146.8,32,4,3146.9,44,1,3147.8,69,2,3147.9,301,3,3148.0,54,3
2031,2026-06-16 14:30:56+05:30,3146.8,11,3134.12,2845529,124136.0,204549.0,3163.0,3163.0,3108.0,3134.3,31860600,3447.7,2820.9,3839.9,2896.0,3146.8,3,1,3146.7,27,2,3146.5,23,1,3146.3,3,1,3146.2,16,1,3146.9,44,1,3147.7,3,1,3147.8,69,2,3147.9,311,4,3148.0,749,7
2031,2026-06-16 14:30:56+05:30,3146.8,11,3134.12,2845529,124136.0,204549.0,3163.0,3163.0,3108.0,3134.3,31860600,3447.7,2820.9,3839.9,2896.0,3146.8,3,1,3146.7,27,2,3146.5,23,1,3146.3,3,1,3146.2,16,1,3146.9,44,1,3147.7,3,1,3147.8,69,2,3147.9,311,4,3148.0,749,7
2031,2026-06-16 14:30:57+05:30,3146.9,24,3134.12,2845529,124136.0,204549.0,3163.0,3163.0,3108.0,3134.3,31860600,3447.7,2820.9,3839.9,2896.0,3146.8,3,1,3146.7,27,2,3146.5,23,1,3146.3,3,1,3146.2,16,1,3146.9,44,1,3147.7,3,1,3147.8,69,2,3147.9,311,4,3148.0,749,7
2031,2026-06-16 14:30:57+05:30,3146.9,24,3134.12,2845554,123994.0,204638.0,3163.0,3163.0,3108.0,3134.3,31860600,3447.7,2820.9,3839.9,2896.0,3146.7,26,1,3146.3,3,1,3146.2,16,1,3146.1,191,2,3146.0,165,6,3146.9,45,3,3147.5,236,2,3147.7,682,6,3147.8,69,2,3147.9,387,8
2031,2026-06-16 14:30:58+05:30,3146.9,4,3134.12,2845558,124089.0,204872.0,3163.0,3163.0,3108.0,3134.3,31860600,3447.7,2820.9,3839.9,2896.0,3146.7,43,2,3146.3,3,1,3146.2,16,1,3146.1,191,2,3146.0,181,8,3146.9,41,3,3147.5,200,1,3147.7,3,1,3147.8,794,7,3147.9,180,5
2031,2026-06-16 14:30:58+05:30,3146.9,4,3134.12,2845558,124089.0,204872.0,3163.0,3163.0,3108.0,3134.3,31860600,3447.7,2820.9,3839.9,2896.0,3146.7,43,2,3146.3,3,1,3146.2,16,1,3146.1,191,2,3146.0,181,8,3146.9,41,3,3147.5,200,1,3147.7,3,1,3147.8,794,7,3147.9,180,5
2031,2026-06-16 14:30:59+05:30,3146.9,4,3134.12,2845558,124314.0,204872.0,3163.0,3163.0,3108.0,3134.3,31860600,3447.7,2820.9,3839.9,2896.0,3146.7,43,2,3146.3,18,2,3146.2,75,3,3146.1,191,2,3146.0,181,8,3146.9,41,3,3147.5,200,1,3147.7,3,1,3147.8,794,7,3147.9,180,5
2031,2026-06-16 14:31:00+05:30,3146.8,1,3134.12,2845558,124314.0,204872.0,3163.0,3163.0,3108.0,3134.3,31860600,3447.7,2820.9,3839.9,2896.0,3146.7,43,2,3146.3,18,2,3146.2,75,3,3146.1,191,2,3146.0,181,8,3146.9,41,3,3147.5,200,1,3147.7,3,1,3147.8,794,7,3147.9,180,5
2031,2026-06-16 14:31:00+05:30,3146.8,1,3134.12,2845561,124818.0,203999.0,3163.0,3163.0,3108.0,3134.3,31860600,3447.7,2820.9,3839.9,2896.0,3146.8,4,3,3146.7,624,5,3146.6,19,2,3146.4,22,2,3146.3,49,2,3146.9,40,4,3147.5,200,1,3147.8,738,6,3147.9,111,3,3148.0,280,4
2031,2026-06-16 14:31:01+05:30,3146.8,1,3134.12,2845561,125001.0,204009.0,3163.0,3163.0,3108.0,3134.3,31860600,3447.7,2820.9,3839.9,2896.0,3146.8,2,2,3146.7,639,6,3146.4,15,1,3146.3,49,2,3146.2,41,4,3146.9,40,4,3147.5,200,1,3147.8,738,6,3147.9,111,3,3148.0,280,4
2031,2026-06-16 14:31:02+05:30,3146.9,1,3134.12,2845561,125001.0,204009.0,3163.0,3163.0,3108.0,3134.3,31860600,3447.7,2820.9,3839.9,2896.0,3146.8,2,2,3146.7,639,6,3146.4,15,1,3146.3,49,2,3146.2,41,4,3146.9,40,4,3147.5,200,1,3147.8,738,6,3147.9,111,3,3148.0,280,4
2031,2026-06-16 14:31:02+05:30,3146.9,1,3134.12,2845562,125031.0,203706.0,3163.0,3163.0,3108.0,3134.3,31860600,3447.7,2820.9,3839.9,2896.0,3146.8,52,3,3146.7,639,6,3146.4,15,1,3146.3,49,2,3146.2,41,4,3146.9,39,4,3147.5,200,1,3147.8,738,6,3147.9,111,3,3148.0,280,4
2031,2026-06-16 14:31:03+05:30,3146.9,13,3134.12,2845562,125031.0,203706.0,3163.0,3163.0,3108.0,3134.3,31860600,3447.7,2820.9,3839.9,2896.0,3146.8,52,3,3146.7,639,6,3146.4,15,1,3146.3,49,2,3146.2,41,4,3146.9,39,4,3147.5,200,1,3147.8,738,6,3147.9,111,3,3148.0,280,4
2031,2026-06-16 14:31:03+05:30,3147.7,1,3134.12,2845649,125550.0,203500.0,3163.0,3163.0,3108.0,3134.3,31860600,3447.7,2820.9,3839.9,2896.0,3146.9,3,2,3146.8,96,4,3146.7,622,5,3146.4,15,1,3146.3,24,2,3147.7,195,1,3147.8,718,6,3147.9,111,3,3148.0,258,3,3148.1,522,7
2031,2026-06-16 14:31:04+05:30,3147.7,1,3134.12,2845649,125550.0,203500.0,3163.0,3163.0,3108.0,3134.3,31860600,3447.7,2820.9,3839.9,2896.0,3146.9,3,2,3146.8,96,4,3146.7,622,5,3146.4,15,1,3146.3,24,2,3147.7,195,1,3147.8,718,6,3147.9,111,3,3148.0,258,3,3148.1,522,7
2031,2026-06-16 14:31:04+05:30,3147.7,1,3134.12,2845656,126075.0,203448.0,3163.0,3163.0,3108.0,3134.3,31860600,3447.7,2820.9,3839.9,2896.0,3146.9,2,2,3146.8,96,4,3146.7,622,6,3146.6,15,1,3146.3,24,2,3147.7,188,1,3147.8,715,5,3147.9,111,3,3148.0,258,3,3148.1,522,7
2031,2026-06-16 14:31:05+05:30,3146.7,64,3134.12,2845656,126075.0,203448.0,3163.0,3163.0,3108.0,3134.3,31860600,3447.7,2820.9,3839.9,2896.0,3146.9,2,2,3146.8,96,4,3146.7,622,6,3146.6,15,1,3146.3,24,2,3147.7,188,1,3147.8,715,5,3147.9,111,3,3148.0,258,3,3148.1,522,7
2031,2026-06-16 14:31:06+05:30,3147.7,1,3134.12,2845858,125939.0,203635.0,3163.0,3163.0,3108.0,3134.3,31860600,3447.7,2820.9,3839.9,2896.0,3147.0,1,1,3146.7,532,5,3146.5,15,1,3146.4,68,2,3146.3,26,3,3147.7,211,2,3147.8,715,5,3147.9,54,2,3148.0,237,3,3148.1,547,6
2031,2026-06-16 14:31:06+05:30,3147.7,1,3134.12,2845858,125939.0,203635.0,3163.0,3163.0,3108.0,3134.3,31860600,3447.7,2820.9,3839.9,2896.0,3147.0,1,1,3146.7,532,5,3146.5,15,1,3146.4,68,2,3146.3,26,3,3147.7,211,2,3147.8,715,5,3147.9,54,2,3148.0,237,3,3148.1,547,6
2031,2026-06-16 14:31:07+05:30,3147.2,10,3134.12,2845868,126220.0,203656.0,3163.0,3163.0,3108.0,3134.3,31860600,3447.7,2820.9,3839.9,2896.0,3147.2,3,1,3147.0,1,1,3146.7,532,5,3146.5,36,2,3146.4,19,1,3147.7,211,2,3147.8,669,4,3147.9,54,2,3148.0,200,1,3148.1,506,5
2031,2026-06-16 14:31:07+05:30,3147.7,20,3134.12,2845868,126220.0,203656.0,3163.0,3163.0,3108.0,3134.3,31860600,3447.7,2820.9,3839.9,2896.0,3147.2,3,1,3147.0,1,1,3146.7,532,5,3146.5,36,2,3146.4,19,1,3147.7,211,2,3147.8,669,4,3147.9,54,2,3148.0,200,1,3148.1,506,5
2031,2026-06-16 14:31:08+05:30,3147.7,1,3134.12,2845889,126609.0,202880.0,3163.0,3163.0,3108.0,3134.3,31860600,3447.7,2820.9,3839.9,2896.0,3147.4,6,2,3147.1,33,3,3147.0,47,3,3146.9,21,2,3146.8,214,4,3147.7,24,1,3147.9,10,1,3148.2,8,1,3148.3,32,1,3148.4,210,2
2031,2026-06-16 14:31:08+05:30,3147.7,11,3134.12,2845889,126609.0,202880.0,3163.0,3163.0,3108.0,3134.3,31860600,3447.7,2820.9,3839.9,2896.0,3147.4,6,2,3147.1,33,3,3147.0,47,3,3146.9,21,2,3146.8,214,4,3147.7,24,1,3147.9,10,1,3148.2,8,1,3148.3,32,1,3148.4,210,2
2031,2026-06-16 14:31:09+05:30,3147.7,2,3134.12,2845911,126771.0,202954.0,3163.0,3163.0,3108.0,3134.3,31860600,3447.7,2820.9,3839.9,2896.0,3147.4,4,2,3147.3,15,1,3147.2,15,1,3147.1,30,3,3147.0,14,1,3147.7,10,1,3147.9,10,1,3148.2,8,1,3148.3,32,1,3148.5,293,3
2031,2026-06-16 14:31:09+05:30,3147.1,9,3134.12,2845911,126771.0,202954.0,3163.0,3163.0,3108.0,3134.3,31860600,3447.7,2820.9,3839.9,2896.0,3147.4,4,2,3147.3,15,1,3147.2,15,1,3147.1,30,3,3147.0,14,1,3147.7,10,1,3147.9,10,1,3148.2,8,1,3148.3,32,1,3148.5,293,3
2031,2026-06-16 14:31:10+05:30,3147.9,7,3134.12,2846143,126931.0,202752.0,3163.0,3163.0,3108.0,3134.3,31860600,3447.7,2820.9,3839.9,2896.0,3147.7,10,2,3147.4,2,1,3147.1,16,1,3147.0,276,5,3146.9,97,2,3147.9,3,1,3148.2,8,1,3148.5,108,2,3148.6,230,3,3148.7,113,4
2031,2026-06-16 14:31:10+05:30,3147.9,7,3134.12,2846143,126931.0,202752.0,3163.0,3163.0,3108.0,3134.3,31860600,3447.7,2820.9,3839.9,2896.0,3147.7,10,2,3147.4,2,1,3147.1,16,1,3147.0,276,5,3146.9,97,2,3147.9,3,1,3148.2,8,1,3148.5,108,2,3148.6,230,3,3148.7,113,4
2031,2026-06-16 14:31:11+05:30,3148.3,1,3134.12,2846161,126659.0,202378.0,3163.0,3163.0,3108.0,3134.3,31860600,3447.7,2820.9,3839.9,2896.0,3147.7,6,1,3147.4,2,1,3147.0,18,2,3146.9,97,2,3146.8,12,2,3148.2,11,1,3148.3,52,4,3148.4,50,4,3148.5,32,3,3148.6,318,6
2031,2026-06-16 14:31:11+05:30,3148.2,1,3134.12,2846161,126659.0,202378.0,3163.0,3163.0,3108.0,3134.3,31860600,3447.7,2820.9,3839.9,2896.0,3147.7,6,1,3147.4,2,1,3147.0,18,2,3146.9,97,2,3146.8,12,2,3148.2,11,1,3148.3,52,4,3148.4,50,4,3148.5,32,3,3148.6,318,6
2031,2026-06-16 14:31:12+05:30,3148.2,1,3134.12,2846173,126865.0,202086.0,3163.0,3163.0,3108.0,3134.3,31860600,3447.7,2820.9,3839.9,2896.0,3147.7,6,1,3147.4,18,2,3147.1,21,1,3147.0,64,2,3146.9,97,2,3148.3,22,2,3148.4,32,3,3148.5,32,3,3148.6,287,5,3148.7,89,4
2031,2026-06-16 14:31:13+05:30,3148.3,6,3134.12,2846179,127033.0,201980.0,3163.0,3163.0,3108.0,3134.3,31860600,3447.7,2820.9,3839.9,2896.0,3147.8,17,1,3147.4,2,1,3147.1,205,2,3147.0,134,4,3146.9,97,2,3148.3,16,2,3148.4,32,3,3148.5,32,3,3148.6,195,2,3148.7,63,2
2031,2026-06-16 14:31:13+05:30,3148.3,6,3134.12,2846179,127033.0,201980.0,3163.0,3163.0,3108.0,3134.3,31860600,3447.7,2820.9,3839.9,2896.0,3147.8,17,1,3147.4,2,1,3147.1,205,2,3147.0,134,4,3146.9,97,2,3148.3,16,2,3148.4,32,3,3148.5,32,3,3148.6,195,2,3148.7,63,2
2031,2026-06-16 14:31:14+05:30,3148.3,6,3134.12,2846179,127006.0,202065.0,3163.0,3163.0,3108.0,3134.3,31860600,3447.7,2820.9,3839.9,2896.0,3147.8,17,1,3147.4,2,1,3147.1,205,2,3147.0,110,3,3146.9,97,2,3148.2,11,1,3148.3,23,3,3148.4,70,4,3148.5,32,3,3148.6,233,3
2031,2026-06-16 14:31:15+05:30,3148.2,1,3134.12,2846181,127103.0,202070.0,3163.0,3163.0,3108.0,3134.3,31860600,3447.7,2820.9,3839.9,2896.0,3148.0,2,2,3147.8,18,2,3147.1,84,2,3147.0,125,4,3146.9,97,2,3148.3,34,4,3148.4,32,3,3148.5,32,3,3148.6,195,2,3148.7,71,2
2031,2026-06-16 14:31:15+05:30,3148.3,5,3134.12,2846181,127103.0,202070.0,3163.0,3163.0,3108.0,3134.3,31860600,3447.7,2820.9,3839.9,2896.0,3148.0,2,2,3147.8,18,2,3147.1,84,2,3147.0,125,4,3146.9,97,2,3148.3,34,4,3148.4,32,3,3148.5,32,3,3148.6,195,2,3148.7,71,2
2031,2026-06-16 14:31:16+05:30,3148.2,10,3134.12,2846232,127839.0,200686.0,3163.0,3163.0,3108.0,3134.3,31860600,3447.7,2820.9,3839.9,2896.0,3148.2,6,1,3148.0,2,2,3147.8,15,2,3147.5,21,2,3147.4,49,1,3148.6,185,2,3148.8,672,5,3148.9,78,2,3149.0,201,2,3149.1,307,5
2031,2026-06-16 14:31:16+05:30,3148.2,10,3134.12,2846232,127839.0,200686.0,3163.0,3163.0,3108.0,3134.3,31860600,3447.7,2820.9,3839.9,2896.0,3148.2,6,1,3148.0,2,2,3147.8,15,2,3147.5,21,2,3147.4,49,1,3148.6,185,2,3148.8,672,5,3148.9,78,2,3149.0,201,2,3149.1,307,5
2031,2026-06-16 14:31:17+05:30,3148.5,12,3134.12,2846232,127839.0,200686.0,3163.0,3163.0,3108.0,3134.3,31860600,3447.7,2820.9,3839.9,2896.0,3148.2,6,1,3148.0,2,2,3147.8,15,2,3147.5,21,2,3147.4,49,1,3148.6,185,2,3148.8,672,5,3148.9,78,2,3149.0,201,2,3149.1,307,5
2031,2026-06-16 14:31:17+05:30,3148.5,12,3134.12,2846402,127337.0,201094.0,3163.0,3163.0,3108.0,3134.3,31860600,3447.7,2820.9,3839.9,2896.0,3148.0,2,2,3147.8,15,2,3147.3,22,1,3147.1,21,1,3147.0,153,1,3148.5,39,3,3148.6,363,8,3148.7,11,2,3148.8,748,7,3148.9,78,2
2031,2026-06-16 14:31:18+05:30,3148.0,15,3134.12,2846402,127337.0,201094.0,3163.0,3163.0,3108.0,3134.3,31860600,3447.7,2820.9,3839.9,2896.0,3148.0,2,2,3147.8,15,2,3147.3,22,1,3147.1,21,1,3147.0,153,1,3148.5,39,3,3148.6,363,8,3148.7,11,2,3148.8,748,7,3148.9,78,2
2031,2026-06-16 14:31:18+05:30,3148.0,15,3134.12,2846420,127522.0,201097.0,3163.0,3163.0,3108.0,3134.3,31860600,3447.7,2820.9,3839.9,2896.0,3148.0,17,3,3147.8,1,1,3147.3,22,1,3147.1,21,1,3147.0,156,2,3148.4,11,1,3148.5,48,4,3148.6,279,5,3148.7,39,3,3148.8,709,6
2031,2026-06-16 14:31:20+05:30,3148.0,15,3134.12,2846420,127393.0,201308.0,3163.0,3163.0,3108.0,3134.3,31860600,3447.7,2820.9,3839.9,2896.0,3148.0,18,4,3147.8,1,1,3147.1,21,1,3147.0,156,2,3146.9,171,4,3148.4,64,3,3148.5,48,4,3148.6,279,5,3148.7,49,3,3148.8,737,7
2031,2026-06-16 14:31:20+05:30,3148.0,9,3134.12,2846420,127393.0,201308.0,3163.0,3163.0,3108.0,3134.3,31860600,3447.7,2820.9,3839.9,2896.0,3148.0,18,4,3147.8,1,1,3147.1,21,1,3147.0,156,2,3146.9,171,4,3148.4,64,3,3148.5,48,4,3148.6,279,5,3148.7,49,3,3148.8,737,7
2031,2026-06-16 14:31:21+05:30,3148.4,1,3134.12,2846511,127103.0,201661.0,3163.0,3163.0,3108.0,3134.3,31860600,3447.7,2820.9,3839.9,2896.0,3148.0,4,2,3147.8,1,1,3147.1,21,1,3147.0,168,2,3146.9,22,1,3148.4,85,5,3148.5,89,3,3148.6,389,9,3148.7,45,2,3148.8,736,7
2031,2026-06-16 14:31:21+05:30,3148.2,1,3134.12,2846511,127103.0,201661.0,3163.0,3163.0,3108.0,3134.3,31860600,3447.7,2820.9,3839.9,2896.0,3148.0,4,2,3147.8,1,1,3147.1,21,1,3147.0,168,2,3146.9,22,1,3148.4,85,5,3148.5,89,3,3148.6,389,9,3148.7,45,2,3148.8,736,7
2031,2026-06-16 14:31:22+05:30,3148.2,4,3134.12,2846536,127150.0,201703.0,3163.0,3163.0,3108.0,3134.3,31860600,3447.7,2820.9,3839.9,2896.0,3148.0,15,1,3147.8,16,2,3147.1,21,1,3147.0,3,1,3146.9,22,1,3148.2,5,1,3148.3,56,4,3148.4,38,3,3148.5,161,5,3148.6,340,5
2031,2026-06-16 14:31:22+05:30,3148.2,4,3134.12,2846536,127150.0,201703.0,3163.0,3163.0,3108.0,3134.3,31860600,3447.7,2820.9,3839.9,2896.0,3148.0,15,1,3147.8,16,2,3147.1,21,1,3147.0,3,1,3146.9,22,1,3148.2,5,1,3148.3,56,4,3148.4,38,3,3148.5,161,5,3148.6,340,5
2031,2026-06-16 14:31:23+05:30,3148.2,4,3134.12,2846536,127475.0,201363.0,3163.0,3163.0,3108.0,3134.3,31860600,3447.7,2820.9,3839.9,2896.0,3148.0,15,1,3147.8,16,2,3147.1,21,1,3147.0,49,2,3146.9,85,2,3148.1,11,1,3148.2,14,3,3148.3,75,4,3148.4,29,2,3148.5,68,1
2031,2026-06-16 14:31:23+05:30,3148.3,17,3134.12,2846536,127475.0,201363.0,3163.0,3163.0,3108.0,3134.3,31860600,3447.7,2820.9,3839.9,2896.0,3148.0,15,1,3147.8,16,2,3147.1,21,1,3147.0,49,2,3146.9,85,2,3148.1,11,1,3148.2,14,3,3148.3,75,4,3148.4,29,2,3148.5,68,1
2031,2026-06-16 14:31:24+05:30,3148.3,17,3134.12,2846625,127702.0,201245.0,3163.0,3163.0,3108.0,3134.3,31860600,3447.7,2820.9,3839.9,2896.0,3148.1,16,1,3147.8,1,1,3147.3,49,2,3147.2,6,1,3147.1,172,2,3148.5,22,2,3148.6,223,4,3148.8,672,5,3148.9,105,4,3149.0,221,2
2031,2026-06-16 14:31:24+05:30,3147.8,19,3134.12,2846625,127702.0,201245.0,3163.0,3163.0,3108.0,3134.3,31860600,3447.7,2820.9,3839.9,2896.0,3148.1,16,1,3147.8,1,1,3147.3,49,2,3147.2,6,1,3147.1,172,2,3148.5,22,2,3148.6,223,4,3148.8,672,5,3148.9,105,4,3149.0,221,2
2031,2026-06-16 14:31:25+05:30,3147.8,19,3134.12,2846676,127648.0,201257.0,3163.0,3163.0,3108.0,3134.3,31860600,3447.7,2820.9,3839.9,2896.0,3147.8,20,2,3147.3,49,2,3147.2,6,1,3147.1,21,1,3147.0,79,4,3148.4,50,1,3148.5,49,3,3148.6,196,3,3148.8,673,6,3148.9,78,2
2031,2026-06-16 14:31:25+05:30,3148.4,8,3134.12,2846676,127648.0,201257.0,3163.0,3163.0,3108.0,3134.3,31860600,3447.7,2820.9,3839.9,2896.0,3147.8,20,2,3147.3,49,2,3147.2,6,1,3147.1,21,1,3147.0,79,4,3148.4,50,1,3148.5,49,3,3148.6,196,3,3148.8,673,6,3148.9,78,2
2031,2026-06-16 14:31:26+05:30,3148.3,1,3134.12,2846699,127998.0,201312.0,3163.0,3163.0,3108.0,3134.3,31860600,3447.7,2820.9,3839.9,2896.0,3147.8,20,2,3147.5,29,2,3147.4,23,2,3147.3,49,2,3147.2,71,3,3148.3,9,1,3148.4,40,2,3148.5,49,3,3148.6,176,2,3148.8,672,5
2031,2026-06-16 14:31:26+05:30,3148.0,9,3134.12,2846699,127998.0,201312.0,3163.0,3163.0,3108.0,3134.3,31860600,3447.7,2820.9,3839.9,2896.0,3147.8,20,2,3147.5,29,2,3147.4,23,2,3147.3,49,2,3147.2,71,3,3148.3,9,1,3148.4,40,2,3148.5,49,3,3148.6,176,2,3148.8,672,5
2031,2026-06-16 14:31:27+05:30,3148.3,1,3134.12,2846710,128038.0,201408.0,3163.0,3163.0,3108.0,3134.3,31860600,3447.7,2820.9,3839.9,2896.0,3148.0,9,2,3147.5,5,1,3147.3,65,3,3147.2,70,3,3147.1,38,2,3148.3,24,1,3148.4,40,2,3148.5,55,3,3148.6,165,1,3148.7,35,1
2031,2026-06-16 14:31:27+05:30,3148.4,22,3134.12,2846710,128038.0,201408.0,3163.0,3163.0,3108.0,3134.3,31860600,3447.7,2820.9,3839.9,2896.0,3148.0,9,2,3147.5,5,1,3147.3,65,3,3147.2,70,3,3147.1,38,2,3148.3,24,1,3148.4,40,2,3148.5,55,3,3148.6,165,1,3148.7,35,1
2031,2026-06-16 14:31:28+05:30,3148.0,8,3134.12,2846770,127688.0,202040.0,3163.0,3163.0,3108.0,3134.3,31860600,3447.7,2820.9,3839.9,2896.0,3147.7,17,1,3147.5,11,2,3147.4,16,1,3147.3,49,2,3147.2,15,1,3148.0,17,1,3148.4,7,1,3148.5,19,1,3148.6,165,1,3148.7,35,1
2031,2026-06-16 14:31:28+05:30,3148.0,1,3134.12,2846770,127688.0,202040.0,3163.0,3163.0,3108.0,3134.3,31860600,3447.7,2820.9,3839.9,2896.0,3147.7,17,1,3147.5,11,2,3147.4,16,1,3147.3,49,2,3147.2,15,1,3148.0,17,1,3148.4,7,1,3148.5,19,1,3148.6,165,1,3148.7,35,1
2031,2026-06-16 14:31:29+05:30,3148.0,1,3134.12,2846771,127717.0,202038.0,3163.0,3163.0,3108.0,3134.3,31860600,3447.7,2820.9,3839.9,2896.0,3147.8,15,1,3147.5,27,3,3147.4,31,2,3147.3,49,2,3147.2,15,1,3148.0,21,2,3148.5,19,1,3148.6,165,1,3148.7,35,1,3148.8,740,7
2031,2026-06-16 14:31:30+05:30,3147.8,1,3134.12,2846772,127641.0,201925.0,3163.0,3163.0,3108.0,3134.3,31860600,3447.7,2820.9,3839.9,2896.0,3147.8,6,1,3147.5,27,3,3147.4,15,1,3147.3,65,3,3147.2,15,1,3148.0,21,2,3148.4,21,1,3148.5,19,1,3148.6,165,1,3148.7,704,5
2031,2026-06-16 14:31:30+05:30,3148.0,5,3134.12,2846772,127641.0,201925.0,3163.0,3163.0,3108.0,3134.3,31860600,3447.7,2820.9,3839.9,2896.0,3147.8,6,1,3147.5,27,3,3147.4,15,1,3147.3,65,3,3147.2,15,1,3148.0,21,2,3148.4,21,1,3148.5,19,1,3148.6,165,1,3148.7,704,5
2031,2026-06-16 14:31:31+05:30,3148.5,1,3134.12,2846804,127927.0,202159.0,3163.0,3163.0,3108.0,3134.3,31860600,3447.7,2820.9,3839.9,2896.0,3148.0,7,1,3147.9,2,2,3147.8,7,2,3147.5,27,3,3147.4,15,1,3148.4,11,1,3148.5,18,1,3148.6,165,1,3148.7,704,5,3148.8,41,2
2031,2026-06-16 14:31:31+05:30,3148.5,10,3134.12,2846804,127927.0,202159.0,3163.0,3163.0,3108.0,3134.3,31860600,3447.7,2820.9,3839.9,2896.0,3148.0,7,1,3147.9,2,2,3147.8,7,2,3147.5,27,3,3147.4,15,1,3148.4,11,1,3148.5,18,1,3148.6,165,1,3148.7,704,5,3148.8,41,2
2031,2026-06-16 14:31:32+05:30,3148.5,10,3134.12,2846815,128100.0,201511.0,3163.0,3163.0,3108.0,3134.3,31860600,3447.7,2820.9,3839.9,2896.0,3148.2,18,1,3147.9,2,2,3147.8,7,2,3147.5,27,3,3147.4,15,1,3148.5,11,1,3148.6,165,1,3148.7,669,4,3148.8,3,1,3148.9,232,2
2031,2026-06-16 14:31:32+05:30,3148.2,5,3134.12,2846815,128100.0,201511.0,3163.0,3163.0,3108.0,3134.3,31860600,3447.7,2820.9,3839.9,2896.0,3148.2,18,1,3147.9,2,2,3147.8,7,2,3147.5,27,3,3147.4,15,1,3148.5,11,1,3148.6,165,1,3148.7,669,4,3148.8,3,1,3148.9,232,2
2031,2026-06-16 14:31:33+05:30,3148.2,12,3134.12,2846833,128138.0,201675.0,3163.0,3163.0,3108.0,3134.3,31860600,3447.7,2820.9,3839.9,2896.0,3148.2,1,1,3147.9,2,2,3147.8,22,3,3147.5,27,3,3147.3,70,3,3148.5,22,3,3148.6,207,4,3148.7,669,4,3148.8,4,2,3148.9,265,3
2031,2026-06-16 14:31:33+05:30,3148.2,12,3134.12,2846833,128138.0,201675.0,3163.0,3163.0,3108.0,3134.3,31860600,3447.7,2820.9,3839.9,2896.0,3148.2,1,1,3147.9,2,2,3147.8,22,3,3147.5,27,3,3147.3,70,3,3148.5,22,3,3148.6,207,4,3148.7,669,4,3148.8,4,2,3148.9,265,3
2031,2026-06-16 14:31:33+05:30,3148.2,12,3134.12,2846833,128138.0,201675.0,3163.0,3163.0,3108.0,3134.3,31860600,3447.7,2820.9,3839.9,2896.0,3148.2,1,1,3147.9,2,2,3147.8,22,3,3147.5,27,3,3147.3,70,3,3148.5,22,3,3148.6,207,4,3148.7,669,4,3148.8,4,2,3148.9,265,3
2031,2026-06-16 14:31:34+05:30,3148.2,12,3134.12,2846833,128064.0,201681.0,3163.0,3163.0,3108.0,3134.3,31860600,3447.7,2820.9,3839.9,2896.0,3148.2,2,2,3147.9,2,2,3147.8,22,3,3147.5,27,3,3147.3,21,1,3148.5,11,2,3148.6,187,3,3148.7,694,5,3148.8,4,2,3148.9,232,2
2031,2026-06-16 14:31:34+05:30,3148.5,1,3134.12,2846833,128064.0,201681.0,3163.0,3163.0,3108.0,3134.3,31860600,3447.7,2820.9,3839.9,2896.0,3148.2,2,2,3147.9,2,2,3147.8,22,3,3147.5,27,3,3147.3,21,1,3148.5,11,2,3148.6,187,3,3148.7,694,5,3148.8,4,2,3148.9,232,2
2031,2026-06-16 14:31:35+05:30,3148.5,1,3134.12,2846833,128064.0,201681.0,3163.0,3163.0,3108.0,3134.3,31860600,3447.7,2820.9,3839.9,2896.0,3148.2,2,2,3147.9,2,2,3147.8,22,3,3147.5,27,3,3147.3,21,1,3148.5,11,2,3148.6,187,3,3148.7,694,5,3148.8,4,2,3148.9,232,2
2031,2026-06-16 14:31:35+05:30,3148.5,1,3134.13,2847064,128268.0,201190.0,3163.0,3163.0,3108.0,3134.3,31860600,3447.7,2820.9,3839.9,2896.0,3148.2,1,1,3147.9,2,2,3147.8,37,4,3147.5,5,1,3147.3,70,3,3148.5,18,2,3148.6,28,2,3148.7,694,5,3148.8,36,2,3148.9,236,3
2031,2026-06-16 14:31:35+05:30,3148.5,1,3134.13,2847064,128268.0,201190.0,3163.0,3163.0,3108.0,3134.3,31860600,3447.7,2820.9,3839.9,2896.0,3148.2,1,1,3147.9,2,2,3147.8,37,4,3147.5,5,1,3147.3,70,3,3148.5,18,2,3148.6,28,2,3148.7,694,5,3148.8,36,2,3148.9,236,3
2031,2026-06-16 14:31:36+05:30,3148.5,1,3134.13,2847064,128218.0,201240.0,3163.0,3163.0,3108.0,3134.3,31860600,3447.7,2820.9,3839.9,2896.0,3148.3,2,2,3148.2,1,1,3147.8,37,4,3147.5,5,1,3147.3,70,3,3148.5,21,3,3148.6,28,2,3148.7,694,5,3148.8,3,1,3148.9,261,4
2031,2026-06-16 14:31:36+05:30,3148.2,2,3134.13,2847064,128218.0,201240.0,3163.0,3163.0,3108.0,3134.3,31860600,3447.7,2820.9,3839.9,2896.0,3148.3,2,2,3148.2,1,1,3147.8,37,4,3147.5,5,1,3147.3,70,3,3148.5,21,3,3148.6,28,2,3148.7,694,5,3148.8,3,1,3148.9,261,4
2031,2026-06-16 14:31:37+05:30,3148.0,1,3134.13,2847072,127983.0,201555.0,3163.0,3163.0,3108.0,3134.3,31860600,3447.7,2820.9,3839.9,2896.0,3147.8,7,2,3147.7,16,1,3147.6,32,2,3147.5,42,4,3147.4,19,1,3148.0,2,1,3148.5,14,2,3148.6,28,2,3148.7,669,4,3148.9,200,1
2031,2026-06-16 14:31:37+05:30,3148.0,1,3134.13,2847072,127983.0,201555.0,3163.0,3163.0,3108.0,3134.3,31860600,3447.7,2820.9,3839.9,2896.0,3147.8,7,2,3147.7,16,1,3147.6,32,2,3147.5,42,4,3147.4,19,1,3148.0,2,1,3148.5,14,2,3148.6,28,2,3148.7,669,4,3148.9,200,1
2031,2026-06-16 14:31:37+05:30,3148.0,1,3134.13,2847072,127983.0,201555.0,3163.0,3163.0,3108.0,3134.3,31860600,3447.7,2820.9,3839.9,2896.0,3147.8,7,2,3147.7,16,1,3147.6,32,2,3147.5,42,4,3147.4,19,1,3148.0,2,1,3148.5,14,2,3148.6,28,2,3148.7,669,4,3148.9,200,1
2031,2026-06-16 14:31:38+05:30,3148.0,1,3134.13,2847074,127956.0,201814.0,3163.0,3163.0,3108.0,3134.3,31860600,3447.7,2820.9,3839.9,2896.0,3147.8,55,6,3147.7,8,2,3147.6,48,3,3147.5,49,5,3147.4,38,3,3148.0,1,1,3148.5,10,1,3148.6,17,1,3148.7,669,4,3148.9,200,1
2031,2026-06-16 14:31:38+05:30,3148.0,1,3134.13,2847074,127956.0,201814.0,3163.0,3163.0,3108.0,3134.3,31860600,3447.7,2820.9,3839.9,2896.0,3147.8,55,6,3147.7,8,2,3147.6,48,3,3147.5,49,5,3147.4,38,3,3148.0,1,1,3148.5,10,1,3148.6,17,1,3148.7,669,4,3148.9,200,1
2031,2026-06-16 14:31:39+05:30,3148.0,42,3134.13,2847118,127604.0,202142.0,3163.0,3163.0,3108.0,3134.3,31860600,3447.7,2820.9,3839.9,2896.0,3148.0,16,1,3147.9,6,1,3147.8,51,3,3147.5,5,1,3147.3,16,1,3148.3,17,1,3148.5,881,7,3148.7,200,1,3148.8,256,3,3148.9,1,1
2031,2026-06-16 14:31:39+05:30,3148.0,42,3134.13,2847118,127604.0,202142.0,3163.0,3163.0,3108.0,3134.3,31860600,3447.7,2820.9,3839.9,2896.0,3148.0,16,1,3147.9,6,1,3147.8,51,3,3147.5,5,1,3147.3,16,1,3148.3,17,1,3148.5,881,7,3148.7,200,1,3148.8,256,3,3148.9,1,1
2031,2026-06-16 14:31:39+05:30,3148.0,42,3134.13,2847118,127604.0,202142.0,3163.0,3163.0,3108.0,3134.3,31860600,3447.7,2820.9,3839.9,2896.0,3148.0,16,1,3147.9,6,1,3147.8,51,3,3147.5,5,1,3147.3,16,1,3148.3,17,1,3148.5,881,7,3148.7,200,1,3148.8,256,3,3148.9,1,1
2031,2026-06-16 14:31:40+05:30,3148.3,5,3134.13,2847133,127792.0,201571.0,3163.0,3163.0,3108.0,3134.3,31860600,3447.7,2820.9,3839.9,2896.0,3148.0,54,2,3147.9,6,1,3147.8,70,4,3147.7,8,1,3147.6,15,1,3148.3,5,2,3148.5,12,2,3148.6,869,5,3148.8,200,1,3148.9,210,2
2031,2026-06-16 14:31:40+05:30,3148.5,3,3134.13,2847133,127792.0,201571.0,3163.0,3163.0,3108.0,3134.3,31860600,3447.7,2820.9,3839.9,2896.0,3148.0,54,2,3147.9,6,1,3147.8,70,4,3147.7,8,1,3147.6,15,1,3148.3,5,2,3148.5,12,2,3148.6,869,5,3148.8,200,1,3148.9,210,2
2031,2026-06-16 14:31:41+05:30,3148.4,1,3134.13,2847142,128115.0,201617.0,3163.0,3163.0,3108.0,3134.3,31860600,3447.7,2820.9,3839.9,2896.0,3148.0,54,2,3147.9,6,1,3147.8,84,4,3147.7,32,3,3147.6,10,1,3148.4,199,1,3148.5,2,1,3148.7,869,5,3148.9,200,1,3149.0,230,3
2031,2026-06-16 14:31:41+05:30,3148.2,25,3134.13,2847142,128115.0,201617.0,3163.0,3163.0,3108.0,3134.3,31860600,3447.7,2820.9,3839.9,2896.0,3148.0,54,2,3147.9,6,1,3147.8,84,4,3147.7,32,3,3147.6,10,1,3148.4,199,1,3148.5,2,1,3148.7,869,5,3148.9,200,1,3149.0,230,3
2031,2026-06-16 14:31:42+05:30,3148.2,25,3134.13,2847178,128279.0,201553.0,3163.0,3163.0,3108.0,3134.3,31860600,3447.7,2820.9,3839.9,2896.0,3148.2,16,1,3148.0,38,1,3147.9,6,1,3147.8,84,4,3147.7,24,2,3148.4,198,1,3148.5,2,1,3148.7,869,5,3148.9,200,1,3149.0,230,3
2031,2026-06-16 14:31:42+05:30,3148.2,25,3134.13,2847178,128279.0,201553.0,3163.0,3163.0,3108.0,3134.3,31860600,3447.7,2820.9,3839.9,2896.0,3148.2,16,1,3148.0,38,1,3147.9,6,1,3147.8,84,4,3147.7,24,2,3148.4,198,1,3148.5,2,1,3148.7,869,5,3148.9,200,1,3149.0,230,3
2031,2026-06-16 14:31:43+05:30,3148.0,9,3134.13,2847554,127988.0,201914.0,3163.0,3163.0,3108.0,3134.3,31860600,3447.7,2820.9,3839.9,2896.0,3148.0,19,2,3147.9,22,2,3147.8,37,1,3147.6,44,4,3147.5,5,1,3148.2,24,1,3148.5,2,1,3148.6,198,1,3148.8,869,5,3149.0,369,4
2031,2026-06-16 14:31:43+05:30,3148.0,9,3134.13,2847554,127988.0,201914.0,3163.0,3163.0,3108.0,3134.3,31860600,3447.7,2820.9,3839.9,2896.0,3148.0,19,2,3147.9,22,2,3147.8,37,1,3147.6,44,4,3147.5,5,1,3148.2,24,1,3148.5,2,1,3148.6,198,1,3148.8,869,5,3149.0,369,4
2031,2026-06-16 14:31:44+05:30,3148.2,24,3134.13,2847578,128036.0,201930.0,3163.0,3163.0,3108.0,3134.3,31860600,3447.7,2820.9,3839.9,2896.0,3148.2,6,1,3148.0,36,4,3147.9,6,1,3147.8,37,1,3147.6,21,3,3148.5,2,1,3148.6,198,1,3148.8,869,5,3149.0,349,4,3149.1,210,2
2031,2026-06-16 14:31:44+05:30,3148.2,24,3134.13,2847578,128036.0,201930.0,3163.0,3163.0,3108.0,3134.3,31860600,3447.7,2820.9,3839.9,2896.0,3148.2,6,1,3148.0,36,4,3147.9,6,1,3147.8,37,1,3147.6,21,3,3148.5,2,1,3148.6,198,1,3148.8,869,5,3149.0,349,4,3149.1,210,2
2031,2026-06-16 14:31:44+05:30,3148.5,1,3134.13,2847578,128036.0,201930.0,3163.0,3163.0,3108.0,3134.3,31860600,3447.7,2820.9,3839.9,2896.0,3148.2,6,1,3148.0,36,4,3147.9,6,1,3147.8,37,1,3147.6,21,3,3148.5,2,1,3148.6,198,1,3148.8,869,5,3149.0,349,4,3149.1,210,2
2031,2026-06-16 14:31:45+05:30,3148.6,1,3134.13,2847611,128003.0,201975.0,3163.0,3163.0,3108.0,3134.3,31860600,3447.7,2820.9,3839.9,2896.0,3148.0,24,4,3147.9,10,1,3147.8,37,1,3147.7,12,1,3147.6,59,6,3148.6,189,1,3148.8,869,5,3149.0,348,3,3149.1,211,3,3149.2,68,2
2031,2026-06-16 14:31:45+05:30,3148.6,117,3134.13,2847611,128003.0,201975.0,3163.0,3163.0,3108.0,3134.3,31860600,3447.7,2820.9,3839.9,2896.0,3148.0,24,4,3147.9,10,1,3147.8,37,1,3147.7,12,1,3147.6,59,6,3148.6,189,1,3148.8,869,5,3149.0,348,3,3149.1,211,3,3149.2,68,2
2031,2026-06-16 14:31:46+05:30,3148.6,117,3134.13,2847611,128003.0,201975.0,3163.0,3163.0,3108.0,3134.3,31860600,3447.7,2820.9,3839.9,2896.0,3148.0,24,4,3147.9,10,1,3147.8,37,1,3147.7,12,1,3147.6,59,6,3148.6,189,1,3148.8,869,5,3149.0,348,3,3149.1,211,3,3149.2,68,2
2031,2026-06-16 14:31:46+05:30,3148.6,1,3134.13,2847730,128238.0,201719.0,3163.0,3163.0,3108.0,3134.3,31860600,3447.7,2820.9,3839.9,2896.0,3148.3,2,2,3148.0,20,3,3147.9,14,1,3147.8,37,1,3147.7,35,2,3148.6,70,1,3148.8,869,5,3149.0,302,2,3149.1,211,3,3149.2,68,2
2031,2026-06-16 14:31:46+05:30,3148.3,1,3134.13,2847730,128238.0,201719.0,3163.0,3163.0,3108.0,3134.3,31860600,3447.7,2820.9,3839.9,2896.0,3148.3,2,2,3148.0,20,3,3147.9,14,1,3147.8,37,1,3147.7,35,2,3148.6,70,1,3148.8,869,5,3149.0,302,2,3149.1,211,3,3149.2,68,2
2031,2026-06-16 14:31:46+05:30,3148.3,1,3134.13,2847730,128238.0,201719.0,3163.0,3163.0,3108.0,3134.3,31860600,3447.7,2820.9,3839.9,2896.0,3148.3,2,2,3148.0,20,3,3147.9,14,1,3147.8,37,1,3147.7,35,2,3148.6,70,1,3148.8,869,5,3149.0,302,2,3149.1,211,3,3149.2,68,2
2031,2026-06-16 14:31:47+05:30,3148.3,1,3134.13,2847735,128140.0,201766.0,3163.0,3163.0,3108.0,3134.3,31860600,3447.7,2820.9,3839.9,2896.0,3148.0,24,4,3147.9,3,1,3147.8,56,3,3147.7,23,1,3147.6,24,4,3148.1,1,1,3148.6,70,1,3148.8,869,5,3149.0,368,4,3149.1,210,2
2031,2026-06-16 14:31:47+05:30,3148.3,1,3134.13,2847735,128140.0,201766.0,3163.0,3163.0,3108.0,3134.3,31860600,3447.7,2820.9,3839.9,2896.0,3148.0,24,4,3147.9,3,1,3147.8,56,3,3147.7,23,1,3147.6,24,4,3148.1,1,1,3148.6,70,1,3148.8,869,5,3149.0,368,4,3149.1,210,2
2031,2026-06-16 14:31:48+05:30,3148.1,1,3134.13,2847737,128179.0,201760.0,3163.0,3163.0,3108.0,3134.3,31860600,3447.7,2820.9,3839.9,2896.0,3148.0,20,3,3147.8,68,3,3147.7,29,2,3147.6,8,3,3147.5,15,2,3148.1,1,1,3148.6,70,1,3148.8,869,5,3149.0,368,4,3149.1,210,2
2031,2026-06-16 14:31:48+05:30,3148.1,1,3134.13,2847737,128179.0,201760.0,3163.0,3163.0,3108.0,3134.3,31860600,3447.7,2820.9,3839.9,2896.0,3148.0,20,3,3147.8,68,3,3147.7,29,2,3147.6,8,3,3147.5,15,2,3148.1,1,1,3148.6,70,1,3148.8,869,5,3149.0,368,4,3149.1,210,2
2031,2026-06-16 14:31:48+05:30,3148.1,1,3134.13,2847737,128179.0,201760.0,3163.0,3163.0,3108.0,3134.3,31860600,3447.7,2820.9,3839.9,2896.0,3148.0,20,3,3147.8,68,3,3147.7,29,2,3147.6,8,3,3147.5,15,2,3148.1,1,1,3148.6,70,1,3148.8,869,5,3149.0,368,4,3149.1,210,2
2031,2026-06-16 14:31:49+05:30,3148.1,1,3134.13,2847737,128179.0,201760.0,3163.0,3163.0,3108.0,3134.3,31860600,3447.7,2820.9,3839.9,2896.0,3148.0,20,3,3147.8,68,3,3147.7,29,2,3147.6,8,3,3147.5,15,2,3148.1,1,1,3148.6,70,1,3148.8,869,5,3149.0,368,4,3149.1,210,2
2031,2026-06-16 14:31:49+05:30,3148.1,1,3134.13,2847737,128183.0,201779.0,3163.0,3163.0,3108.0,3134.3,31860600,3447.7,2820.9,3839.9,2896.0,3148.0,21,4,3147.9,19,2,3147.8,52,2,3147.7,29,2,3147.6,24,4,3148.1,14,2,3148.6,72,2,3148.8,874,6,3149.0,370,5,3149.1,210,2
2031,2026-06-16 14:31:50+05:30,3148.1,1,3134.13,2847737,128183.0,201779.0,3163.0,3163.0,3108.0,3134.3,31860600,3447.7,2820.9,3839.9,2896.0,3148.0,21,4,3147.9,19,2,3147.8,52,2,3147.7,29,2,3147.6,24,4,3148.1,14,2,3148.6,72,2,3148.8,874,6,3149.0,370,5,3149.1,210,2
2031,2026-06-16 14:31:50+05:30,3148.1,38,3134.13,2847847,128060.0,201295.0,3163.0,3163.0,3108.0,3134.3,31860600,3447.7,2820.9,3839.9,2896.0,3148.0,17,4,3147.8,37,1,3147.7,6,1,3147.6,8,3,3147.5,19,2,3148.6,72,2,3148.8,874,6,3148.9,47,2,3149.0,304,3,3149.1,301,5
2031,2026-06-16 14:31:50+05:30,3148.1,38,3134.13,2847847,128060.0,201295.0,3163.0,3163.0,3108.0,3134.3,31860600,3447.7,2820.9,3839.9,2896.0,3148.0,17,4,3147.8,37,1,3147.7,6,1,3147.6,8,3,3147.5,19,2,3148.6,72,2,3148.8,874,6,3148.9,47,2,3149.0,304,3,3149.1,301,5
2031,2026-06-16 14:31:51+05:30,3148.1,38,3134.13,2847847,128060.0,201295.0,3163.0,3163.0,3108.0,3134.3,31860600,3447.7,2820.9,3839.9,2896.0,3148.0,17,4,3147.8,37,1,3147.7,6,1,3147.6,8,3,3147.5,19,2,3148.6,72,2,3148.8,874,6,3148.9,47,2,3149.0,304,3,3149.1,301,5
2031,2026-06-16 14:31:51+05:30,3148.1,38,3134.13,2847847,128066.0,201295.0,3163.0,3163.0,3108.0,3134.3,31860600,3447.7,2820.9,3839.9,2896.0,3148.0,17,4,3147.8,37,1,3147.7,6,1,3147.6,8,3,3147.5,19,2,3148.6,72,2,3148.8,874,6,3148.9,47,2,3149.0,304,3,3149.1,301,5
2031,2026-06-16 14:31:51+05:30,3148.1,38,3134.13,2847847,128066.0,201295.0,3163.0,3163.0,3108.0,3134.3,31860600,3447.7,2820.9,3839.9,2896.0,3148.0,17,4,3147.8,37,1,3147.7,6,1,3147.6,8,3,3147.5,19,2,3148.6,72,2,3148.8,874,6,3148.9,47,2,3149.0,304,3,3149.1,301,5
2031,2026-06-16 14:31:52+05:30,3148.6,5,3134.13,2847852,128483.0,201221.0,3163.0,3163.0,3108.0,3134.3,31860600,3447.7,2820.9,3839.9,2896.0,3148.1,56,3,3148.0,16,3,3147.9,38,2,3147.8,64,3,3147.7,6,1,3148.6,67,2,3148.8,874,6,3149.0,202,2,3149.1,210,2,3149.2,68,2
2031,2026-06-16 14:31:52+05:30,3148.6,5,3134.13,2847852,128483.0,201221.0,3163.0,3163.0,3108.0,3134.3,31860600,3447.7,2820.9,3839.9,2896.0,3148.1,56,3,3148.0,16,3,3147.9,38,2,3147.8,64,3,3147.7,6,1,3148.6,67,2,3148.8,874,6,3149.0,202,2,3149.1,210,2,3149.2,68,2
2031,2026-06-16 14:31:52+05:30,3148.6,5,3134.13,2847852,128483.0,201221.0,3163.0,3163.0,3108.0,3134.3,31860600,3447.7,2820.9,3839.9,2896.0,3148.1,56,3,3148.0,16,3,3147.9,38,2,3147.8,64,3,3147.7,6,1,3148.6,67,2,3148.8,874,6,3149.0,202,2,3149.1,210,2,3149.2,68,2
2031,2026-06-16 14:31:53+05:30,3148.6,5,3134.13,2847852,128516.0,201222.0,3163.0,3163.0,3108.0,3134.3,31860600,3447.7,2820.9,3839.9,2896.0,3148.1,53,3,3148.0,16,3,3147.9,54,3,3147.8,64,3,3147.7,6,1,3148.6,68,3,3148.8,874,6,3149.0,202,2,3149.1,210,2,3149.2,68,2
2031,2026-06-16 14:31:53+05:30,3148.6,5,3134.13,2847852,128516.0,201222.0,3163.0,3163.0,3108.0,3134.3,31860600,3447.7,2820.9,3839.9,2896.0,3148.1,53,3,3148.0,16,3,3147.9,54,3,3147.8,64,3,3147.7,6,1,3148.6,68,3,3148.8,874,6,3149.0,202,2,3149.1,210,2,3149.2,68,2
2031,2026-06-16 14:31:53+05:30,3148.6,1,3134.13,2847852,128516.0,201222.0,3163.0,3163.0,3108.0,3134.3,31860600,3447.7,2820.9,3839.9,2896.0,3148.1,53,3,3148.0,16,3,3147.9,54,3,3147.8,64,3,3147.7,6,1,3148.6,68,3,3148.8,874,6,3149.0,202,2,3149.1,210,2,3149.2,68,2
2031,2026-06-16 14:31:54+05:30,3148.6,1,3134.13,2847855,128507.0,201244.0,3163.0,3163.0,3108.0,3134.3,31860600,3447.7,2820.9,3839.9,2896.0,3148.2,18,2,3148.1,52,2,3148.0,16,3,3147.9,22,1,3147.8,37,1,3148.6,90,4,3148.8,874,6,3149.0,202,2,3149.1,210,2,3149.2,68,2
2031,2026-06-16 14:31:54+05:30,3148.6,1,3134.13,2847855,128507.0,201244.0,3163.0,3163.0,3108.0,3134.3,31860000,3447.7,2820.9,3839.9,2896.0,3148.2,18,2,3148.1,52,2,3148.0,16,3,3147.9,22,1,3147.8,37,1,3148.6,90,4,3148.8,874,6,3149.0,202,2,3149.1,210,2,3149.2,68,2
2031,2026-06-16 14:31:54+05:30,3148.1,28,3134.13,2847855,128507.0,201244.0,3163.0,3163.0,3108.0,3134.3,31860000,3447.7,2820.9,3839.9,2896.0,3148.2,18,2,3148.1,52,2,3148.0,16,3,3147.9,22,1,3147.8,37,1,3148.6,90,4,3148.8,874,6,3149.0,202,2,3149.1,210,2,3149.2,68,2
2031,2026-06-16 14:31:55+05:30,3148.6,9,3134.13,2848070,128429.0,201343.0,3163.0,3163.0,3108.0,3134.3,31860000,3447.7,2820.9,3839.9,2896.0,3148.1,25,3,3148.0,15,2,3147.8,37,1,3147.6,37,4,3147.5,5,1,3148.6,113,5,3148.8,874,6,3149.0,249,4,3149.1,242,3,3149.2,71,3
2031,2026-06-16 14:31:55+05:30,3148.6,9,3134.13,2848070,128429.0,201343.0,3163.0,3163.0,3108.0,3134.3,31860000,3447.7,2820.9,3839.9,2896.0,3148.1,25,3,3148.0,15,2,3147.8,37,1,3147.6,37,4,3147.5,5,1,3148.6,113,5,3148.8,874,6,3149.0,249,4,3149.1,242,3,3149.2,71,3
2031,2026-06-16 14:31:56+05:30,3148.1,1,3134.13,2848071,128366.0,201392.0,3163.0,3163.0,3108.0,3134.3,31860000,3447.7,2820.9,3839.9,2896.0,3148.1,24,3,3148.0,15,2,3147.8,37,1,3147.6,37,4,3147.5,5,1,3148.6,113,5,3148.8,920,7,3149.0,249,4,3149.1,242,3,3149.2,71,3
2031,2026-06-16 14:31:56+05:30,3148.6,5,3134.13,2848071,128366.0,201392.0,3163.0,3163.0,3108.0,3134.3,31860000,3447.7,2820.9,3839.9,2896.0,3148.1,24,3,3148.0,15,2,3147.8,37,1,3147.6,37,4,3147.5,5,1,3148.6,113,5,3148.8,920,7,3149.0,249,4,3149.1,242,3,3149.2,71,3
2031,2026-06-16 14:31:57+05:30,3148.6,5,3134.13,2848085,128409.0,201391.0,3163.0,3163.0,3108.0,3134.3,31860000,3447.7,2820.9,3839.9,2896.0,3148.1,15,3,3148.0,15,2,3147.8,37,1,3147.6,37,4,3147.5,5,1,3148.6,108,5,3148.8,920,7,3149.0,249,4,3149.1,242,3,3149.2,71,3
2031,2026-06-16 14:31:58+05:30,3148.6,5,3134.13,2848085,128409.0,201392.0,3163.0,3163.0,3108.0,3134.3,31860000,3447.7,2820.9,3839.9,2896.0,3148.1,15,3,3148.0,15,2,3147.8,37,1,3147.6,37,4,3147.5,5,1,3148.6,108,5,3148.8,920,7,3149.0,249,4,3149.1,242,3,3149.2,71,3
2031,2026-06-16 14:31:58+05:30,3148.0,13,3134.13,2848085,128409.0,201392.0,3163.0,3163.0,3108.0,3134.3,31860000,3447.7,2820.9,3839.9,2896.0,3148.1,15,3,3148.0,15,2,3147.8,37,1,3147.6,37,4,3147.5,5,1,3148.6,108,5,3148.8,920,7,3149.0,249,4,3149.1,242,3,3149.2,71,3
2031,2026-06-16 14:31:59+05:30,3148.6,1,3134.13,2848136,128365.0,201407.0,3163.0,3163.0,3108.0,3134.3,31860000,3447.7,2820.9,3839.9,2896.0,3148.0,32,3,3147.8,37,1,3147.6,37,4,3147.5,5,1,3147.3,47,4,3148.6,118,6,3148.8,874,6,3149.0,249,4,3149.1,242,3,3149.2,117,3
2031,2026-06-16 14:31:59+05:30,3148.6,1,3134.13,2848136,128365.0,201407.0,3163.0,3163.0,3108.0,3134.3,31860000,3447.7,2820.9,3839.9,2896.0,3148.0,32,3,3147.8,37,1,3147.6,37,4,3147.5,5,1,3147.3,47,4,3148.6,118,6,3148.8,874,6,3149.0,249,4,3149.1,242,3,3149.2,117,3
2031,2026-06-16 14:32:00+05:30,3148.6,1,3134.13,2848136,128348.0,201181.0,3163.0,3163.0,3108.0,3134.3,31860000,3447.7,2820.9,3839.9,2896.0,3148.0,19,2,3147.8,55,2,3147.6,37,4,3147.5,5,1,3147.3,47,4,3148.6,169,8,3148.8,874,6,3148.9,47,2,3149.0,248,3,3149.1,297,4
2031,2026-06-16 14:32:01+05:30,3148.3,1,3134.13,2848142,127533.0,201567.0,3163.0,3163.0,3108.0,3134.3,31860000,3447.7,2820.9,3839.9,2896.0,3148.0,20,3,3147.8,55,2,3147.5,5,1,3147.2,15,1,3147.1,51,3,3148.3,11,1,3148.4,80,4,3148.5,22,2,3148.6,1051,14,3148.7,69,2
2031,2026-06-16 14:32:01+05:30,3147.8,64,3134.13,2848142,127533.0,201567.0,3163.0,3163.0,3108.0,3134.3,31860000,3447.7,2820.9,3839.9,2896.0,3148.0,20,3,3147.8,55,2,3147.5,5,1,3147.2,15,1,3147.1,51,3,3148.3,11,1,3148.4,80,4,3148.5,22,2,3148.6,1051,14,3148.7,69,2
2031,2026-06-16 14:32:02+05:30,3148.0,2,3134.13,2848563,126526.0,202222.0,3163.0,3163.0,3108.0,3134.3,31860000,3447.7,2820.9,3839.9,2896.0,3147.5,5,1,3147.1,13,1,3147.0,39,2,3146.9,22,1,3146.7,531,2,3148.2,89,6,3148.3,51,4,3148.4,150,7,3148.5,117,5,3148.6,1068,14
2031,2026-06-16 14:32:02+05:30,3148.0,2,3134.13,2848563,126526.0,202222.0,3163.0,3163.0,3108.0,3134.3,31860000,3447.7,2820.9,3839.9,2896.0,3147.5,5,1,3147.1,13,1,3147.0,39,2,3146.9,22,1,3146.7,531,2,3148.2,89,6,3148.3,51,4,3148.4,150,7,3148.5,117,5,3148.6,1068,14
2031,2026-06-16 14:32:03+05:30,3148.2,2,3134.13,2848596,126841.0,202281.0,3163.0,3163.0,3108.0,3134.3,31860000,3447.7,2820.9,3839.9,2896.0,3147.5,5,1,3147.1,13,1,3147.0,39,2,3146.9,22,1,3146.7,531,2,3148.2,124,8,3148.3,38,4,3148.4,1000,11,3148.5,95,3,3148.6,398,9
2031,2026-06-16 14:32:03+05:30,3148.2,2,3134.13,2848596,126841.0,202281.0,3163.0,3163.0,3108.0,3134.3,31860000,3447.7,2820.9,3839.9,2896.0,3147.5,5,1,3147.1,13,1,3147.0,39,2,3146.9,22,1,3146.7,531,2,3148.2,124,8,3148.3,38,4,3148.4,1000,11,3148.5,95,3,3148.6,398,9
2031,2026-06-16 14:32:04+05:30,3147.5,1,3134.13,2848602,126915.0,202938.0,3163.0,3163.0,3108.0,3134.3,31860000,3447.7,2820.9,3839.9,2896.0,3147.5,1,1,3147.1,13,1,3147.0,39,2,3146.9,22,1,3146.7,531,2,3147.9,54,4,3148.0,48,4,3148.1,22,2,3148.2,1041,13,3148.3,7,1
2031,2026-06-16 14:32:04+05:30,3147.9,1,3134.13,2848602,126915.0,202938.0,3163.0,3163.0,3108.0,3134.3,31860000,3447.7,2820.9,3839.9,2896.0,3147.5,1,1,3147.1,13,1,3147.0,39,2,3146.9,22,1,3146.7,531,2,3147.9,54,4,3148.0,48,4,3148.1,22,2,3148.2,1041,13,3148.3,7,1
2031,2026-06-16 14:32:05+05:30,3147.9,1,3134.13,2848603,126889.0,202915.0,3163.0,3163.0,3108.0,3134.3,31860000,3447.7,2820.9,3839.9,2896.0,3147.5,1,1,3147.1,13,1,3147.0,39,2,3146.9,22,1,3146.7,531,2,3147.9,27,2,3148.0,48,4,3148.1,891,7,3148.2,155,8,3148.3,200,1
2031,2026-06-16 14:32:05+05:30,3147.0,19,3134.13,2848603,126889.0,202915.0,3163.0,3163.0,3108.0,3134.3,31860000,3447.7,2820.9,3839.9,2896.0,3147.5,1,1,3147.1,13,1,3147.0,39,2,3146.9,22,1,3146.7,531,2,3147.9,27,2,3148.0,48,4,3148.1,891,7,3148.2,155,8,3148.3,200,1
2031,2026-06-16 14:32:06+05:30,3147.0,19,3134.13,2848641,126184.0,202632.0,3163.0,3163.0,3108.0,3134.3,31860000,3447.7,2820.9,3839.9,2896.0,3147.4,17,1,3147.0,6,1,3146.7,532,2,3146.6,14,1,3146.5,45,4,3147.8,19,1,3147.9,53,4,3148.0,898,8,3148.1,24,1,3148.2,289,5
2031,2026-06-16 14:32:06+05:30,3147.4,25,3134.13,2848641,126184.0,202632.0,3163.0,3163.0,3108.0,3134.3,31860000,3447.7,2820.9,3839.9,2896.0,3147.4,17,1,3147.0,6,1,3146.7,532,2,3146.6,14,1,3146.5,45,4,3147.8,19,1,3147.9,53,4,3148.0,898,8,3148.1,24,1,3148.2,289,5
2031,2026-06-16 14:32:07+05:30,3147.4,25,3134.13,2848808,124962.0,202758.0,3163.0,3163.0,3108.0,3134.3,31860000,3447.7,2820.9,3839.9,2896.0,3147.0,6,1,3146.7,511,1,3146.6,14,1,3146.5,21,2,3146.4,62,2,3147.3,1,1,3147.6,82,3,3147.7,38,2,3147.8,442,4,3147.9,532,7
2031,2026-06-16 14:32:07+05:30,3146.0,1,3134.13,2848808,124962.0,202758.0,3163.0,3163.0,3108.0,3134.3,31860000,3447.7,2820.9,3839.9,2896.0,3147.0,6,1,3146.7,511,1,3146.6,14,1,3146.5,21,2,3146.4,62,2,3147.3,1,1,3147.6,82,3,3147.7,38,2,3147.8,442,4,3147.9,532,7
2031,2026-06-16 14:32:08+05:30,3146.7,5,3134.14,2849729,124185.0,204513.0,3163.0,3163.0,3108.0,3134.3,31860000,3447.7,2820.9,3839.9,2896.0,3146.0,32,5,3145.7,16,1,3145.5,67,2,3145.4,18,1,3145.3,25,2,3146.7,83,1,3147.2,302,4,3147.3,5,3,3147.4,822,9,3147.5,51,1
2031,2026-06-16 14:32:08+05:30,3146.4,1,3134.14,2849729,124185.0,204513.0,3163.0,3163.0,3108.0,3134.3,31860000,3447.7,2820.9,3839.9,2896.0,3146.0,32,5,3145.7,16,1,3145.5,67,2,3145.4,18,1,3145.3,25,2,3146.7,83,1,3147.2,302,4,3147.3,5,3,3147.4,822,9,3147.5,51,1
2031,2026-06-16 14:32:08+05:30,3146.4,1,3134.14,2849730,124013.0,204895.0,3163.0,3163.0,3108.0,3134.3,31860000,3447.7,2820.9,3839.9,2896.0,3146.4,1,1,3146.0,19,4,3145.5,68,2,3145.4,18,1,3145.3,25,2,3146.7,97,3,3146.9,35,1,3147.0,31,1,3147.1,27,2,3147.2,340,5
2031,2026-06-16 14:32:09+05:30,3146.5,1,3134.14,2849730,124013.0,204895.0,3163.0,3163.0,3108.0,3134.3,31860000,3447.7,2820.9,3839.9,2896.0,3146.4,1,1,3146.0,19,4,3145.5,68,2,3145.4,18,1,3145.3,25,2,3146.7,97,3,3146.9,35,1,3147.0,31,1,3147.1,27,2,3147.2,340,5
2031,2026-06-16 14:32:10+05:30,3146.6,1,3134.14,2849817,123568.0,205150.0,3163.0,3163.0,3108.0,3134.3,31860000,3447.7,2820.9,3839.9,2896.0,3146.4,1,1,3145.5,21,1,3145.3,21,1,3145.2,3,1,3145.1,269,4,3146.6,7,1,3146.7,162,6,3146.8,71,2,3146.9,241,3,3147.0,182,6
2031,2026-06-16 14:32:10+05:30,3146.4,3,3134.14,2849817,123568.0,205150.0,3163.0,3163.0,3108.0,3134.3,31860000,3447.7,2820.9,3839.9,2896.0,3146.4,1,1,3145.5,21,1,3145.3,21,1,3145.2,3,1,3145.1,269,4,3146.6,7,1,3146.7,162,6,3146.8,71,2,3146.9,241,3,3147.0,182,6
2031,2026-06-16 14:32:11+05:30,3146.4,3,3134.14,2849826,122935.0,204877.0,3163.0,3163.0,3108.0,3134.3,31860000,3447.7,2820.9,3839.9,2896.0,3145.3,1,1,3145.2,20,2,3145.1,19,2,3145.0,837,17,3144.9,83,4,3146.4,21,2,3146.6,75,4,3146.7,151,4,3146.8,274,5,3146.9,107,3
2031,2026-06-16 14:32:11+05:30,3145.3,9,3134.14,2849826,122935.0,204877.0,3163.0,3163.0,3108.0,3134.3,31860000,3447.7,2820.9,3839.9,2896.0,3145.3,1,1,3145.2,20,2,3145.1,19,2,3145.0,837,17,3144.9,83,4,3146.4,21,2,3146.6,75,4,3146.7,151,4,3146.8,274,5,3146.9,107,3
2031,2026-06-16 14:32:12+05:30,3145.3,1,3134.14,2849887,122939.0,204744.0,3163.0,3163.0,3108.0,3134.3,31860000,3447.7,2820.9,3839.9,2896.0,3145.3,31,3,3145.2,58,4,3145.1,210,5,3145.0,873,19,3144.9,83,4,3146.6,22,2,3146.7,302,4,3146.8,69,3,3146.9,976,8,3147.0,115,3
2031,2026-06-16 14:32:12+05:30,3146.6,6,3134.14,2849887,122939.0,204744.0,3163.0,3163.0,3108.0,3134.3,31860000,3447.7,2820.9,3839.9,2896.0,3145.3,31,3,3145.2,58,4,3145.1,210,5,3145.0,873,19,3144.9,83,4,3146.6,22,2,3146.7,302,4,3146.8,69,3,3146.9,976,8,3147.0,115,3
2031,2026-06-16 14:32:13+05:30,3146.6,6,3134.14,2849948,122924.0,204743.0,3163.0,3163.0,3108.0,3134.3,31860000,3447.7,2820.9,3839.9,2896.0,3145.3,16,3,3145.2,58,4,3145.1,210,5,3145.0,873,19,3144.9,83,4,3146.6,21,2,3146.7,302,4,3146.8,69,3,3146.9,976,8,3147.0,115,3
2031,2026-06-16 14:32:13+05:30,3146.6,1,3134.14,2849948,122924.0,204743.0,3163.0,3163.0,3108.0,3134.3,31860000,3447.7,2820.9,3839.9,2896.0,3145.3,16,3,3145.2,58,4,3145.1,210,5,3145.0,873,19,3144.9,83,4,3146.6,21,2,3146.7,302,4,3146.8,69,3,3146.9,976,8,3147.0,115,3
2031,2026-06-16 14:32:14+05:30,3146.6,1,3134.14,2849959,122930.0,204742.0,3163.0,3163.0,3108.0,3134.3,31860000,3447.7,2820.9,3839.9,2896.0,3145.3,18,3,3145.2,88,5,3145.1,210,5,3145.0,861,18,3144.9,83,4,3146.6,20,4,3146.7,302,4,3146.8,69,3,3146.9,976,8,3147.0,115,3
2031,2026-06-16 14:32:14+05:30,3145.0,39,3134.14,2849959,122930.0,204742.0,3163.0,3163.0,3108.0,3134.3,31860000,3447.7,2820.9,3839.9,2896.0,3145.3,18,3,3145.2,88,5,3145.1,210,5,3145.0,861,18,3144.9,83,4,3146.6,20,4,3146.7,302,4,3146.8,69,3,3146.9,976,8,3147.0,115,3
2031,2026-06-16 14:32:15+05:30,3145.5,11,3134.15,2851828,122206.0,202660.0,3163.0,3163.0,3108.0,3134.3,31860000,3447.7,2820.9,3839.9,2896.0,3145.5,32,2,3145.4,57,5,3145.3,47,3,3145.2,76,5,3145.1,71,2,3146.3,9,1,3146.6,247,7,3146.7,92,2,3146.8,890,6,3146.9,47,2
2031,2026-06-16 14:32:15+05:30,3146.3,42,3134.15,2851828,122206.0,202660.0,3163.0,3163.0,3108.0,3134.3,31860000,3447.7,2820.9,3839.9,2896.0,3145.5,32,2,3145.4,57,5,3145.3,47,3,3145.2,76,5,3145.1,71,2,3146.3,9,1,3146.6,247,7,3146.7,92,2,3146.8,890,6,3146.9,47,2
2031,2026-06-16 14:32:16+05:30,3146.4,3,3134.15,2852108,122053.0,203262.0,3163.0,3163.0,3108.0,3134.3,31860000,3447.7,2820.9,3839.9,2896.0,3145.9,7,3,3145.5,1,1,3145.0,33,2,3144.9,21,1,3144.8,20,1,3146.3,20,1,3146.4,283,5,3146.5,86,2,3146.6,1013,13,3146.7,253,5
2031,2026-06-16 14:32:16+05:30,3146.3,1,3134.15,2852108,122053.0,203262.0,3163.0,3163.0,3108.0,3134.3,31860000,3447.7,2820.9,3839.9,2896.0,3145.9,7,3,3145.5,1,1,3145.0,33,2,3144.9,21,1,3144.8,20,1,3146.3,20,1,3146.4,283,5,3146.5,86,2,3146.6,1013,13,3146.7,253,5
2031,2026-06-16 14:32:17+05:30,3146.3,1,3134.15,2852154,121340.0,202763.0,3163.0,3163.0,3108.0,3134.3,31860000,3447.7,2820.9,3839.9,2896.0,3146.3,1,1,3145.9,2,2,3145.5,1,1,3145.3,21,1,3145.1,21,1,3146.6,262,4,3146.7,236,5,3146.8,923,7,3146.9,75,4,3147.0,289,3
2031,2026-06-16 14:32:17+05:30,3146.6,6,3134.15,2852154,121340.0,202763.0,3163.0,3163.0,3108.0,3134.3,31860000,3447.7,2820.9,3839.9,2896.0,3146.3,1,1,3145.9,2,2,3145.5,1,1,3145.3,21,1,3145.1,21,1,3146.6,262,4,3146.7,236,5,3146.8,923,7,3146.9,75,4,3147.0,289,3
2031,2026-06-16 14:32:18+05:30,3146.6,6,3134.15,2852161,123027.0,201980.0,3163.0,3163.0,3108.0,3134.3,31860000,3447.7,2820.9,3839.9,2896.0,3146.3,102,1,3146.2,6,1,3146.0,25,2,3145.9,11,2,3145.8,22,2,3146.6,245,4,3146.7,92,2,3146.8,869,5,3146.9,3,1,3147.0,200,1
2031,2026-06-16 14:32:19+05:30,3146.3,5,3134.15,2852468,122716.0,202140.0,3163.0,3163.0,3108.0,3134.3,31860000,3447.7,2820.9,3839.9,2896.0,3145.9,1,1,3145.6,6,2,3145.5,79,4,3145.4,57,3,3145.3,14,1,3146.3,94,1,3146.6,78,3,3146.7,92,2,3147.0,24,2,3147.1,1,1
2031,2026-06-16 14:32:19+05:30,3146.3,46,3134.15,2852468,122716.0,202140.0,3163.0,3163.0,3108.0,3134.3,31860000,3447.7,2820.9,3839.9,2896.0,3145.9,1,1,3145.6,6,2,3145.5,79,4,3145.4,57,3,3145.3,14,1,3146.3,94,1,3146.6,78,3,3146.7,92,2,3147.0,24,2,3147.1,1,1
2031,2026-06-16 14:32:20+05:30,3145.7,46,3134.15,2852562,122598.0,202353.0,3163.0,3163.0,3108.0,3134.3,31860000,3447.7,2820.9,3839.9,2896.0,3145.7,15,1,3145.6,3,1,3145.5,47,2,3145.4,17,1,3145.3,22,1,3146.6,53,2,3146.7,83,1,3147.0,1,1,3147.1,112,2,3147.2,297,4
2031,2026-06-16 14:32:20+05:30,3146.4,14,3134.15,2852562,122598.0,202353.0,3163.0,3163.0,3108.0,3134.3,31860000,3447.7,2820.9,3839.9,2896.0,3145.7,15,1,3145.6,3,1,3145.5,47,2,3145.4,17,1,3145.3,22,1,3146.6,53,2,3146.7,83,1,3147.0,1,1,3147.1,112,2,3147.2,297,4
2031,2026-06-16 14:32:21+05:30,3146.4,14,3134.15,2852577,121819.0,202188.0,3163.0,3163.0,3108.0,3134.3,31860000,3447.7,2820.9,3839.9,2896.0,3145.7,58,3,3145.5,1,1,3145.2,16,1,3145.1,21,1,3145.0,55,3,3146.4,4,1,3146.5,869,5,3146.6,102,5,3146.7,329,3,3146.8,264,3
2031,2026-06-16 14:32:21+05:30,3146.4,2,3134.15,2852577,121819.0,202188.0,3163.0,3163.0,3108.0,3134.3,31860000,3447.7,2820.9,3839.9,2896.0,3145.7,58,3,3145.5,1,1,3145.2,16,1,3145.1,21,1,3145.0,55,3,3146.4,4,1,3146.5,869,5,3146.6,102,5,3146.7,329,3,3146.8,264,3
2031,2026-06-16 14:32:22+05:30,3146.4,2,3134.15,2852579,122071.0,202072.0,3163.0,3163.0,3108.0,3134.3,31860000,3447.7,2820.9,3839.9,2896.0,3145.7,62,4,3145.6,11,1,3145.5,8,2,3145.2,32,2,3145.1,21,1,3146.0,38,1,3146.4,4,2,3146.5,869,5,3146.6,53,2,3146.7,332,4
2031,2026-06-16 14:32:22+05:30,3146.0,1,3134.15,2852579,122071.0,202072.0,3163.0,3163.0,3108.0,3134.3,31860000,3447.7,2820.9,3839.9,2896.0,3145.7,62,4,3145.6,11,1,3145.5,8,2,3145.2,32,2,3145.1,21,1,3146.0,38,1,3146.4,4,2,3146.5,869,5,3146.6,53,2,3146.7,332,4
2031,2026-06-16 14:32:23+05:30,3145.7,1,3134.15,2852581,122085.0,202093.0,3163.0,3163.0,3108.0,3134.3,31860000,3447.7,2820.9,3839.9,2896.0,3145.7,56,2,3145.5,17,2,3145.4,9,1,3145.3,10,1,3145.2,32,2,3146.0,59,2,3146.4,4,2,3146.5,869,5,3146.6,53,2,3146.7,332,4
2031,2026-06-16 14:32:23+05:30,3145.7,1,3134.15,2852581,122085.0,202093.0,3163.0,3163.0,3108.0,3134.3,31860000,3447.7,2820.9,3839.9,2896.0,3145.7,56,2,3145.5,17,2,3145.4,9,1,3145.3,10,1,3145.2,32,2,3146.0,59,2,3146.4,4,2,3146.5,869,5,3146.6,53,2,3146.7,332,4
2031,2026-06-16 14:32:24+05:30,3145.7,1,3134.15,2852581,122085.0,202032.0,3163.0,3163.0,3108.0,3134.3,31860000,3447.7,2820.9,3839.9,2896.0,3145.7,56,2,3145.5,17,2,3145.4,9,1,3145.3,10,1,3145.2,32,2,3146.0,59,2,3146.4,2,1,3146.5,869,5,3146.6,53,2,3146.7,332,4
2031,2026-06-16 14:32:25+05:30,3146.0,9,3134.15,2852638,121978.0,200044.0,3163.0,3163.0,3108.0,3134.3,31860000,3447.7,2820.9,3839.9,2896.0,3145.7,41,4,3145.6,27,3,3145.5,7,1,3145.4,34,3,3145.3,176,3,3146.0,40,2,3146.4,2,1,3146.5,869,5,3146.6,53,2,3146.7,286,3
2031,2026-06-16 14:32:25+05:30,3146.0,9,3134.15,2852638,121978.0,200044.0,3163.0,3163.0,3108.0,3134.3,31860000,3447.7,2820.9,3839.9,2896.0,3145.7,41,4,3145.6,27,3,3145.5,7,1,3145.4,34,3,3145.3,176,3,3146.0,40,2,3146.4,2,1,3146.5,869,5,3146.6,53,2,3146.7,286,3
2031,2026-06-16 14:32:26+05:30,3146.0,9,3134.15,2852648,122462.0,202064.0,3163.0,3163.0,3108.0,3134.3,31860000,3447.7,2820.9,3839.9,2896.0,3145.7,45,5,3145.6,27,3,3145.5,7,1,3145.4,34,3,3145.3,19,2,3146.0,30,2,3146.4,2,1,3146.5,869,5,3146.6,53,2,3146.7,286,3
2031,2026-06-16 14:32:26+05:30,3146.0,2,3134.15,2852648,122462.0,202064.0,3163.0,3163.0,3108.0,3134.3,31860000,3447.7,2820.9,3839.9,2896.0,3145.7,45,5,3145.6,27,3,3145.5,7,1,3145.4,34,3,3145.3,19,2,3146.0,30,2,3146.4,2,1,3146.5,869,5,3146.6,53,2,3146.7,286,3
2031,2026-06-16 14:32:27+05:30,3146.0,1,3134.15,2852660,122496.0,202061.0,3163.0,3163.0,3108.0,3134.3,31860000,3447.7,2820.9,3839.9,2896.0,3145.7,32,4,3145.6,42,4,3145.5,7,1,3145.4,34,3,3145.3,19,2,3146.0,27,2,3146.4,2,1,3146.5,869,5,3146.6,53,2,3146.7,286,3
2031,2026-06-16 14:32:27+05:30,3145.7,16,3134.15,2852660,122496.0,202061.0,3163.0,3163.0,3108.0,3134.3,31860000,3447.7,2820.9,3839.9,2896.0,3145.7,32,4,3145.6,42,4,3145.5,7,1,3145.4,34,3,3145.3,19,2,3146.0,27,2,3146.4,2,1,3146.5,869,5,3146.6,53,2,3146.7,286,3
2031,2026-06-16 14:32:28+05:30,3146.0,1,3134.17,2857079,122704.0,197188.0,3163.0,3163.0,3108.0,3134.3,31860000,3447.7,2820.9,3839.9,2896.0,3146.0,61,6,3145.9,48,5,3145.8,33,4,3145.7,253,8,3145.6,100,3,3146.5,1,1,3147.6,51,1,3147.7,85,2,3147.8,208,2,3147.9,50,2
2031,2026-06-16 14:32:28+05:30,3146.5,1,3134.17,2857079,122704.0,197188.0,3163.0,3163.0,3108.0,3134.3,31860000,3447.7,2820.9,3839.9,2896.0,3146.0,61,6,3145.9,48,5,3145.8,33,4,3145.7,253,8,3145.6,100,3,3146.5,1,1,3147.6,51,1,3147.7,85,2,3147.8,208,2,3147.9,50,2
2031,2026-06-16 14:32:29+05:30,3147.5,9,3134.17,2857207,124949.0,200099.0,3163.0,3163.0,3108.0,3134.3,31860000,3447.7,2820.9,3839.9,2896.0,3147.3,8,3,3147.1,15,1,3146.8,11,4,3146.7,25,2,3146.6,30,3,3147.5,133,1,3147.7,22,1,3147.8,8,1,3147.9,1,1,3148.0,212,2
2031,2026-06-16 14:32:29+05:30,3147.5,9,3134.17,2857207,124949.0,200099.0,3163.0,3163.0,3108.0,3134.3,31860000,3447.7,2820.9,3839.9,2896.0,3147.3,8,3,3147.1,15,1,3146.8,11,4,3146.7,25,2,3146.6,30,3,3147.5,133,1,3147.7,22,1,3147.8,8,1,3147.9,1,1,3148.0,212,2
2031,2026-06-16 14:32:30+05:30,3147.3,6,3134.17,2857223,124972.0,200229.0,3163.0,3163.0,3108.0,3134.3,31860000,3447.7,2820.9,3839.9,2896.0,3147.3,2,2,3147.0,16,1,3146.9,16,1,3146.8,169,3,3146.7,40,3,3147.5,148,3,3147.7,22,1,3147.8,8,1,3147.9,1,1,3148.0,212,2
2031,2026-06-16 14:32:30+05:30,3147.3,6,3134.17,2857223,124972.0,200229.0,3163.0,3163.0,3108.0,3134.3,31860000,3447.7,2820.9,3839.9,2896.0,3147.3,2,2,3147.0,16,1,3146.9,16,1,3146.8,169,3,3146.7,40,3,3147.5,148,3,3147.7,22,1,3147.8,8,1,3147.9,1,1,3148.0,212,2
2031,2026-06-16 14:32:31+05:30,3147.5,9,3134.17,2857233,125030.0,200349.0,3163.0,3163.0,3108.0,3134.3,31860000,3447.7,2820.9,3839.9,2896.0,3147.4,2,2,3147.3,222,4,3147.2,20,2,3147.1,6,1,3147.0,32,2,3147.5,138,3,3147.8,8,1,3147.9,33,2,3148.0,212,2,3148.1,67,1
2031,2026-06-16 14:32:31+05:30,3147.5,1,3134.17,2857233,125030.0,200349.0,3163.0,3163.0,3108.0,3134.3,31860000,3447.7,2820.9,3839.9,2896.0,3147.4,2,2,3147.3,222,4,3147.2,20,2,3147.1,6,1,3147.0,32,2,3147.5,138,3,3147.8,8,1,3147.9,33,2,3148.0,212,2,3148.1,67,1
2031,2026-06-16 14:32:32+05:30,3148.0,22,3134.17,2857393,125637.0,199768.0,3163.0,3163.0,3108.0,3134.3,31860000,3447.7,2820.9,3839.9,2896.0,3147.5,2,1,3147.4,26,4,3147.3,232,5,3147.2,44,2,3147.1,6,1,3148.0,178,1,3148.2,34,2,3148.4,57,1,3148.6,226,4,3148.8,826,6
2031,2026-06-16 14:32:32+05:30,3147.3,1,3134.17,2857393,125637.0,199768.0,3163.0,3163.0,3108.0,3134.3,31860000,3447.7,2820.9,3839.9,2896.0,3147.5,2,1,3147.4,26,4,3147.3,232,5,3147.2,44,2,3147.1,6,1,3148.0,178,1,3148.2,34,2,3148.4,57,1,3148.6,226,4,3148.8,826,6
2031,2026-06-16 14:32:33+05:30,3148.0,1,3134.17,2857656,125694.0,199926.0,3163.0,3163.0,3108.0,3134.3,31860000,3447.7,2820.9,3839.9,2896.0,3147.5,214,4,3147.4,45,2,3147.3,224,6,3147.2,44,2,3147.1,6,1,3148.0,140,1,3148.2,34,2,3148.6,226,4,3148.8,875,7,3149.0,725,5
2031,2026-06-16 14:32:33+05:30,3148.0,1,3134.17,2857656,125694.0,199926.0,3163.0,3163.0,3108.0,3134.3,31860000,3447.7,2820.9,3839.9,2896.0,3147.5,214,4,3147.4,45,2,3147.3,224,6,3147.2,44,2,3147.1,6,1,3148.0,140,1,3148.2,34,2,3148.6,226,4,3148.8,875,7,3149.0,725,5
2031,2026-06-16 14:32:33+05:30,3148.0,1,3134.17,2857656,125694.0,199926.0,3163.0,3163.0,3108.0,3134.3,31860000,3447.7,2820.9,3839.9,2896.0,3147.5,214,4,3147.4,45,2,3147.3,224,6,3147.2,44,2,3147.1,6,1,3148.0,140,1,3148.2,34,2,3148.6,226,4,3148.8,875,7,3149.0,725,5
2031,2026-06-16 14:32:34+05:30,3147.5,38,3134.17,2857700,125661.0,199799.0,3163.0,3163.0,3108.0,3134.3,31860000,3447.7,2820.9,3839.9,2896.0,3147.5,163,2,3147.3,225,6,3147.2,40,2,3147.1,17,2,3147.0,92,4,3147.9,77,1,3148.0,140,1,3148.2,34,2,3148.6,226,4,3148.7,800,4
2031,2026-06-16 14:32:34+05:30,3147.5,38,3134.17,2857700,125661.0,199799.0,3163.0,3163.0,3108.0,3134.3,31860000,3447.7,2820.9,3839.9,2896.0,3147.5,163,2,3147.3,225,6,3147.2,40,2,3147.1,17,2,3147.0,92,4,3147.9,77,1,3148.0,140,1,3148.2,34,2,3148.6,226,4,3148.7,800,4
2031,2026-06-16 14:32:35+05:30,3147.5,38,3134.17,2857700,125661.0,199799.0,3163.0,3163.0,3108.0,3134.3,31860000,3447.7,2820.9,3839.9,2896.0,3147.5,163,2,3147.3,225,6,3147.2,40,2,3147.1,17,2,3147.0,92,4,3147.9,77,1,3148.0,140,1,3148.2,34,2,3148.6,226,4,3148.7,800,4
2031,2026-06-16 14:32:35+05:30,3147.9,6,3134.17,2857706,125668.0,199793.0,3163.0,3163.0,3108.0,3134.3,31860000,3447.7,2820.9,3839.9,2896.0,3147.5,164,3,3147.3,225,6,3147.2,40,2,3147.1,17,2,3147.0,92,4,3147.9,71,1,3148.0,140,1,3148.2,34,2,3148.6,226,4,3148.7,800,4
2031,2026-06-16 14:32:35+05:30,3147.9,6,3134.17,2857706,125668.0,199793.0,3163.0,3163.0,3108.0,3134.3,31860000,3447.7,2820.9,3839.9,2896.0,3147.5,164,3,3147.3,225,6,3147.2,40,2,3147.1,17,2,3147.0,92,4,3147.9,71,1,3148.0,140,1,3148.2,34,2,3148.6,226,4,3148.7,800,4
2031,2026-06-16 14:32:36+05:30,3147.5,10,3134.17,2857718,125522.0,199872.0,3163.0,3163.0,3108.0,3134.3,31860000,3447.7,2820.9,3839.9,2896.0,3147.5,169,5,3147.4,15,1,3147.3,200,3,3147.2,36,1,3147.0,62,2,3147.9,108,4,3148.0,140,1,3148.2,34,2,3148.6,226,4,3148.7,849,5
2031,2026-06-16 14:32:36+05:30,3147.5,10,3134.17,2857718,125522.0,199872.0,3163.0,3163.0,3108.0,3134.3,31860000,3447.7,2820.9,3839.9,2896.0,3147.5,169,5,3147.4,15,1,3147.3,200,3,3147.2,36,1,3147.0,62,2,3147.9,108,4,3148.0,140,1,3148.2,34,2,3148.6,226,4,3148.7,849,5
2031,2026-06-16 14:32:37+05:30,3147.5,10,3134.17,2857718,125522.0,199872.0,3163.0,3163.0,3108.0,3134.3,31860000,3447.7,2820.9,3839.9,2896.0,3147.5,169,5,3147.4,15,1,3147.3,200,3,3147.2,36,1,3147.0,62,2,3147.9,108,4,3148.0,140,1,3148.2,34,2,3148.6,226,4,3148.7,849,5
2031,2026-06-16 14:32:37+05:30,3147.9,6,3134.17,2857718,125522.0,199872.0,3163.0,3163.0,3108.0,3134.3,31860000,3447.7,2820.9,3839.9,2896.0,3147.5,169,5,3147.4,15,1,3147.3,200,3,3147.2,36,1,3147.0,62,2,3147.9,108,4,3148.0,140,1,3148.2,34,2,3148.6,226,4,3148.7,849,5
2031,2026-06-16 14:32:37+05:30,3147.9,6,3134.17,2857767,125548.0,200045.0,3163.0,3163.0,3108.0,3134.3,31860000,3447.7,2820.9,3839.9,2896.0,3147.5,182,5,3147.4,15,1,3147.3,200,3,3146.9,63,3,3146.8,35,4,3147.9,95,4,3148.0,140,1,3148.2,34,2,3148.4,200,1,3148.5,39,2
2031,2026-06-16 14:32:38+05:30,3147.8,130,3134.17,2857767,125548.0,200045.0,3163.0,3163.0,3108.0,3134.3,31860000,3447.7,2820.9,3839.9,2896.0,3147.5,182,5,3147.4,15,1,3147.3,200,3,3146.9,63,3,3146.8,35,4,3147.9,95,4,3148.0,140,1,3148.2,34,2,3148.4,200,1,3148.5,39,2
2031,2026-06-16 14:32:38+05:30,3147.8,130,3134.17,2857899,125749.0,199887.0,3163.0,3163.0,3108.0,3134.3,31860000,3447.7,2820.9,3839.9,2896.0,3147.7,15,1,3147.5,181,4,3147.4,6,1,3147.3,200,3,3147.2,52,2,3147.8,9,1,3147.9,94,4,3148.2,34,2,3148.4,200,1,3148.6,1026,8
2031,2026-06-16 14:32:39+05:30,3147.8,34,3134.17,2857899,125749.0,199887.0,3163.0,3163.0,3108.0,3134.3,31860000,3447.7,2820.9,3839.9,2896.0,3147.7,15,1,3147.5,181,4,3147.4,6,1,3147.3,200,3,3147.2,52,2,3147.8,9,1,3147.9,94,4,3148.2,34,2,3148.4,200,1,3148.6,1026,8
2031,2026-06-16 14:32:39+05:30,3147.8,34,3134.17,2857899,125749.0,199887.0,3163.0,3163.0,3108.0,3134.3,31860000,3447.7,2820.9,3839.9,2896.0,3147.7,15,1,3147.5,181,4,3147.4,6,1,3147.3,200,3,3147.2,52,2,3147.8,9,1,3147.9,94,4,3148.2,34,2,3148.4,200,1,3148.6,1026,8
2031,2026-06-16 14:32:39+05:30,3147.9,1,3134.17,2857991,124925.0,199601.0,3163.0,3163.0,3108.0,3134.3,31860000,3447.7,2820.9,3839.9,2896.0,3147.8,1,1,3147.7,1,1,3147.5,180,3,3147.3,193,2,3147.0,14,1,3147.9,66,2,3148.2,34,2,3148.4,230,2,3148.6,1066,9,3148.8,306,6
2031,2026-06-16 14:32:40+05:30,3147.9,5,3134.17,2857991,124925.0,199601.0,3163.0,3163.0,3108.0,3134.3,31860000,3447.7,2820.9,3839.9,2896.0,3147.8,1,1,3147.7,1,1,3147.5,180,3,3147.3,193,2,3147.0,14,1,3147.9,66,2,3148.2,34,2,3148.4,230,2,3148.6,1066,9,3148.8,306,6
2031,2026-06-16 14:32:40+05:30,3147.9,5,3134.17,2858031,126427.0,199747.0,3163.0,3163.0,3108.0,3134.3,31860000,3447.7,2820.9,3839.9,2896.0,3147.8,145,3,3147.5,180,3,3147.4,17,1,3147.3,192,1,3147.0,14,1,3147.9,45,3,3148.2,34,2,3148.4,200,1,3148.6,1026,8,3148.8,343,7
2031,2026-06-16 14:32:41+05:30,3147.8,174,3134.17,2858031,126427.0,199747.0,3163.0,3163.0,3108.0,3134.3,31860000,3447.7,2820.9,3839.9,2896.0,3147.8,145,3,3147.5,180,3,3147.4,17,1,3147.3,192,1,3147.0,14,1,3147.9,45,3,3148.2,34,2,3148.4,200,1,3148.6,1026,8,3148.8,343,7
2031,2026-06-16 14:32:41+05:30,3147.8,174,3134.18,2858359,125994.0,199551.0,3163.0,3163.0,3108.0,3134.3,31860000,3447.7,2820.9,3839.9,2896.0,3147.5,180,3,3147.3,192,1,3147.0,3,1,3146.9,17,2,3146.8,72,5,3147.6,24,1,3147.9,39,4,3148.2,34,2,3148.4,230,2,3148.5,1000,5
2031,2026-06-16 14:32:42+05:30,3147.8,174,3134.18,2858359,125994.0,199551.0,3163.0,3163.0,3108.0,3134.3,31860000,3447.7,2820.9,3839.9,2896.0,3147.5,180,3,3147.3,192,1,3147.0,3,1,3146.9,17,2,3146.8,72,5,3147.6,24,1,3147.9,39,4,3148.2,34,2,3148.4,230,2,3148.5,1000,5
2031,2026-06-16 14:32:42+05:30,3147.6,24,3134.18,2858359,125994.0,199551.0,3163.0,3163.0,3108.0,3134.3,31860000,3447.7,2820.9,3839.9,2896.0,3147.5,180,3,3147.3,192,1,3147.0,3,1,3146.9,17,2,3146.8,72,5,3147.6,24,1,3147.9,39,4,3148.2,34,2,3148.4,230,2,3148.5,1000,5
2031,2026-06-16 14:32:42+05:30,3147.9,6,3134.18,2858408,126249.0,199562.0,3163.0,3163.0,3108.0,3134.3,31860000,3447.7,2820.9,3839.9,2896.0,3147.5,180,3,3147.3,192,1,3147.0,3,1,3146.9,3,1,3146.8,33,3,3147.9,110,4,3148.2,234,3,3148.3,38,1,3148.4,1030,6,3148.6,345,9
2031,2026-06-16 14:32:43+05:30,3147.9,6,3134.18,2858408,126249.0,199562.0,3163.0,3163.0,3108.0,3134.3,31860000,3447.7,2820.9,3839.9,2896.0,3147.5,180,3,3147.3,192,1,3147.0,3,1,3146.9,3,1,3146.8,33,3,3147.9,110,4,3148.2,234,3,3148.3,38,1,3148.4,1030,6,3148.6,345,9
2031,2026-06-16 14:32:43+05:30,3147.9,6,3134.18,2858408,126249.0,199562.0,3163.0,3163.0,3108.0,3134.3,31860000,3447.7,2820.9,3839.9,2896.0,3147.5,180,3,3147.3,192,1,3147.0,3,1,3146.9,3,1,3146.8,33,3,3147.9,110,4,3148.2,234,3,3148.3,38,1,3148.4,1030,6,3148.6,345,9
2031,2026-06-16 14:32:44+05:30,3147.9,6,3134.18,2858408,126284.0,199615.0,3163.0,3163.0,3108.0,3134.3,31860000,3447.7,2820.9,3839.9,2896.0,3147.5,180,3,3147.4,17,1,3147.3,192,1,3147.0,3,1,3146.9,3,1,3147.9,110,4,3148.2,234,3,3148.3,38,1,3148.4,1030,6,3148.6,345,9
2031,2026-06-16 14:32:45+05:30,3149.0,176,3134.19,2861408,126604.0,196659.0,3163.0,3163.0,3108.0,3134.3,31860000,3447.7,2820.9,3839.9,2896.0,3147.5,225,4,3147.4,17,1,3147.3,223,4,3147.2,57,2,3147.1,71,3,3148.3,49,2,3148.5,200,1,3148.8,522,5,3148.9,2,1,3149.0,298,3
2031,2026-06-16 14:32:45+05:30,3149.0,176,3134.19,2861408,126604.0,196659.0,3163.0,3163.0,3108.0,3134.3,31860000,3447.7,2820.9,3839.9,2896.0,3147.5,225,4,3147.4,17,1,3147.3,223,4,3147.2,57,2,3147.1,71,3,3148.3,49,2,3148.5,200,1,3148.8,522,5,3148.9,2,1,3149.0,298,3
2031,2026-06-16 14:32:45+05:30,3147.9,14,3134.19,2861408,126604.0,196659.0,3163.0,3163.0,3108.0,3134.3,31860000,3447.7,2820.9,3839.9,2896.0,3147.5,225,4,3147.4,17,1,3147.3,223,4,3147.2,57,2,3147.1,71,3,3148.3,49,2,3148.5,200,1,3148.8,522,5,3148.9,2,1,3149.0,298,3
2031,2026-06-16 14:32:46+05:30,3148.3,23,3134.19,2861858,125907.0,197666.0,3163.0,3163.0,3108.0,3134.3,31860000,3447.7,2820.9,3839.9,2896.0,3147.9,2,2,3147.6,3,1,3147.5,131,3,3147.4,17,1,3147.3,207,2,3148.4,11,1,3148.5,49,2,3148.6,32,1,3148.7,45,1,3148.8,83,2
2031,2026-06-16 14:32:46+05:30,3148.3,23,3134.19,2861858,125907.0,197666.0,3163.0,3163.0,3108.0,3134.3,31860000,3447.7,2820.9,3839.9,2896.0,3147.9,2,2,3147.6,3,1,3147.5,131,3,3147.4,17,1,3147.3,207,2,3148.4,11,1,3148.5,49,2,3148.6,32,1,3148.7,45,1,3148.8,83,2
2031,2026-06-16 14:32:46+05:30,3147.9,1,3134.19,2861858,125907.0,197666.0,3163.0,3163.0,3108.0,3134.3,31860000,3447.7,2820.9,3839.9,2896.0,3147.9,2,2,3147.6,3,1,3147.5,131,3,3147.4,17,1,3147.3,207,2,3148.4,11,1,3148.5,49,2,3148.6,32,1,3148.7,45,1,3148.8,83,2
2031,2026-06-16 14:32:47+05:30,3147.9,1,3134.19,2861858,125907.0,197666.0,3163.0,3163.0,3108.0,3134.3,31860000,3447.7,2820.9,3839.9,2896.0,3147.9,2,2,3147.6,3,1,3147.5,131,3,3147.4,17,1,3147.3,207,2,3148.4,11,1,3148.5,49,2,3148.6,32,1,3148.7,45,1,3148.8,83,2
2031,2026-06-16 14:32:47+05:30,3147.9,3,3134.19,2861868,126388.0,198094.0,3163.0,3163.0,3108.0,3134.3,31860000,3447.7,2820.9,3839.9,2896.0,3147.6,39,2,3147.5,131,3,3147.4,76,3,3147.3,201,2,3147.2,47,3,3148.6,43,2,3148.7,200,1,3148.8,38,1,3148.9,80,2,3149.0,1319,9
2031,2026-06-16 14:32:47+05:30,3147.9,3,3134.19,2861868,126388.0,198094.0,3163.0,3163.0,3108.0,3134.3,31860000,3447.7,2820.9,3839.9,2896.0,3147.6,39,2,3147.5,131,3,3147.4,76,3,3147.3,201,2,3147.2,47,3,3148.6,43,2,3148.7,200,1,3148.8,38,1,3148.9,80,2,3149.0,1319,9
2031,2026-06-16 14:32:47+05:30,3148.4,1,3134.19,2861868,126388.0,198094.0,3163.0,3163.0,3108.0,3134.3,31860000,3447.7,2820.9,3839.9,2896.0,3147.6,39,2,3147.5,131,3,3147.4,76,3,3147.3,201,2,3147.2,47,3,3148.6,43,2,3148.7,200,1,3148.8,38,1,3148.9,80,2,3149.0,1319,9
2031,2026-06-16 14:32:48+05:30,3148.4,1,3134.19,2861868,126388.0,198094.0,3163.0,3163.0,3108.0,3134.3,31860000,3447.7,2820.9,3839.9,2896.0,3147.6,39,2,3147.5,131,3,3147.4,76,3,3147.3,201,2,3147.2,47,3,3148.6,43,2,3148.7,200,1,3148.8,38,1,3148.9,80,2,3149.0,1319,9
2031,2026-06-16 14:32:48+05:30,3148.6,8,3134.19,2861937,126629.0,197897.0,3163.0,3163.0,3108.0,3134.3,31860000,3447.7,2820.9,3839.9,2896.0,3147.8,38,1,3147.7,15,1,3147.6,203,2,3147.5,131,3,3147.4,105,3,3148.6,36,2,3148.7,200,1,3148.9,1000,5,3149.0,283,3,3149.1,261,2
2031,2026-06-16 14:32:48+05:30,3148.6,8,3134.19,2861937,126629.0,197897.0,3163.0,3163.0,3108.0,3134.3,31860000,3447.7,2820.9,3839.9,2896.0,3147.8,38,1,3147.7,15,1,3147.6,203,2,3147.5,131,3,3147.4,105,3,3148.6,36,2,3148.7,200,1,3148.9,1000,5,3149.0,283,3,3149.1,261,2
2031,2026-06-16 14:32:49+05:30,3148.6,8,3134.19,2861937,126629.0,197897.0,3163.0,3163.0,3108.0,3134.3,31860000,3447.7,2820.9,3839.9,2896.0,3147.8,38,1,3147.7,15,1,3147.6,203,2,3147.5,131,3,3147.4,105,3,3148.6,36,2,3148.7,200,1,3148.9,1000,5,3149.0,283,3,3149.1,261,2
2031,2026-06-16 14:32:49+05:30,3148.6,29,3134.19,2862170,126571.0,198130.0,3163.0,3163.0,3108.0,3134.3,31860000,3447.7,2820.9,3839.9,2896.0,3148.0,10,1,3147.8,61,3,3147.6,218,2,3147.5,120,3,3147.4,17,1,3148.6,42,3,3148.9,238,2,3149.0,245,2,3149.1,1096,7,3149.2,109,3
2031,2026-06-16 14:32:49+05:30,3148.6,29,3134.19,2862170,126571.0,198130.0,3163.0,3163.0,3108.0,3134.3,31860000,3447.7,2820.9,3839.9,2896.0,3148.0,10,1,3147.8,61,3,3147.6,218,2,3147.5,120,3,3147.4,17,1,3148.6,42,3,3148.9,238,2,3149.0,245,2,3149.1,1096,7,3149.2,109,3
2031,2026-06-16 14:32:50+05:30,3148.6,29,3134.19,2862170,126571.0,198130.0,3163.0,3163.0,3108.0,3134.3,31860000,3447.7,2820.9,3839.9,2896.0,3148.0,10,1,3147.8,61,3,3147.6,218,2,3147.5,120,3,3147.4,17,1,3148.6,42,3,3148.9,238,2,3149.0,245,2,3149.1,1096,7,3149.2,109,3
2031,2026-06-16 14:32:50+05:30,3148.0,5,3134.19,2862179,126673.0,198187.0,3163.0,3163.0,3108.0,3134.3,31860000,3447.7,2820.9,3839.9,2896.0,3148.0,16,2,3147.8,45,2,3147.6,218,2,3147.5,120,3,3147.4,15,1,3148.6,53,4,3148.9,238,2,3149.0,245,2,3149.1,1096,7,3149.2,153,4
2031,2026-06-16 14:32:50+05:30,3148.0,5,3134.19,2862179,126673.0,198187.0,3163.0,3163.0,3108.0,3134.3,31860000,3447.7,2820.9,3839.9,2896.0,3148.0,16,2,3147.8,45,2,3147.6,218,2,3147.5,120,3,3147.4,15,1,3148.6,53,4,3148.9,238,2,3149.0,245,2,3149.1,1096,7,3149.2,153,4
2031,2026-06-16 14:32:50+05:30,3148.0,5,3134.19,2862179,126673.0,198187.0,3163.0,3163.0,3108.0,3134.3,31860000,3447.7,2820.9,3839.9,2896.0,3148.0,16,2,3147.8,45,2,3147.6,218,2,3147.5,120,3,3147.4,15,1,3148.6,53,4,3148.9,238,2,3149.0,245,2,3149.1,1096,7,3149.2,153,4
2031,2026-06-16 14:32:51+05:30,3148.0,5,3134.19,2862179,126673.0,198187.0,3163.0,3163.0,3108.0,3134.3,31860000,3447.7,2820.9,3839.9,2896.0,3148.0,16,2,3147.8,45,2,3147.6,218,2,3147.5,120,3,3147.4,15,1,3148.6,53,4,3148.9,238,2,3149.0,245,2,3149.1,1096,7,3149.2,153,4
2031,2026-06-16 14:32:51+05:30,3148.6,1,3134.19,2862183,126674.0,197977.0,3163.0,3163.0,3108.0,3134.3,31860000,3447.7,2820.9,3839.9,2896.0,3148.2,14,1,3148.0,45,2,3147.8,45,2,3147.6,218,2,3147.5,120,3,3148.6,81,4,3148.7,200,1,3148.9,1000,5,3149.0,224,1,3149.1,303,3
2031,2026-06-16 14:32:51+05:30,3148.6,8,3134.19,2862183,126674.0,197977.0,3163.0,3163.0,3108.0,3134.3,31860000,3447.7,2820.9,3839.9,2896.0,3148.2,14,1,3148.0,45,2,3147.8,45,2,3147.6,218,2,3147.5,120,3,3148.6,81,4,3148.7,200,1,3148.9,1000,5,3149.0,224,1,3149.1,303,3
2031,2026-06-16 14:32:52+05:30,3148.6,8,3134.19,2862183,126674.0,197977.0,3163.0,3163.0,3108.0,3134.3,31860000,3447.7,2820.9,3839.9,2896.0,3148.2,14,1,3148.0,45,2,3147.8,45,2,3147.6,218,2,3147.5,120,3,3148.6,81,4,3148.7,200,1,3148.9,1000,5,3149.0,224,1,3149.1,303,3
2031,2026-06-16 14:32:52+05:30,3148.2,19,3134.2,2862280,126675.0,198117.0,3163.0,3163.0,3108.0,3134.3,31860000,3447.7,2820.9,3839.9,2896.0,3148.2,16,2,3148.0,60,3,3147.8,44,1,3147.6,216,2,3147.5,120,3,3148.5,22,2,3148.6,81,3,3148.7,336,4,3148.8,38,1,3148.9,35,1
2031,2026-06-16 14:32:52+05:30,3148.2,19,3134.2,2862280,126675.0,198117.0,3163.0,3163.0,3108.0,3134.3,31860000,3447.7,2820.9,3839.9,2896.0,3148.2,16,2,3148.0,60,3,3147.8,44,1,3147.6,216,2,3147.5,120,3,3148.5,22,2,3148.6,81,3,3148.7,336,4,3148.8,38,1,3148.9,35,1
2031,2026-06-16 14:32:53+05:30,3148.2,19,3134.2,2862280,126675.0,198117.0,3163.0,3163.0,3108.0,3134.3,31860000,3447.7,2820.9,3839.9,2896.0,3148.2,16,2,3148.0,60,3,3147.8,44,1,3147.6,216,2,3147.5,120,3,3148.5,22,2,3148.6,81,3,3148.7,336,4,3148.8,38,1,3148.9,35,1
2031,2026-06-16 14:32:53+05:30,3147.5,10,3134.2,2862783,124400.0,201045.0,3163.0,3163.0,3108.0,3134.3,31860000,3447.7,2820.9,3839.9,2896.0,3146.7,16,1,3146.5,14,1,3146.4,13,1,3146.3,40,2,3146.1,42,2,3147.5,57,1,3147.6,49,2,3147.7,63,3,3147.8,298,4,3147.9,47,2
2031,2026-06-16 14:32:53+05:30,3147.5,10,3134.2,2862783,124400.0,201045.0,3163.0,3163.0,3108.0,3134.3,31860000,3447.7,2820.9,3839.9,2896.0,3146.7,16,1,3146.5,14,1,3146.4,13,1,3146.3,40,2,3146.1,42,2,3147.5,57,1,3147.6,49,2,3147.7,63,3,3147.8,298,4,3147.9,47,2
2031,2026-06-16 14:32:54+05:30,3147.5,10,3134.2,2862783,124400.0,201045.0,3163.0,3163.0,3108.0,3134.3,31857400,3447.7,2820.9,3839.9,2896.0,3146.7,16,1,3146.5,14,1,3146.4,13,1,3146.3,40,2,3146.1,42,2,3147.5,57,1,3147.6,49,2,3147.7,63,3,3147.8,298,4,3147.9,47,2
2031,2026-06-16 14:32:54+05:30,3147.6,9,3134.2,2862860,124318.0,201291.0,3163.0,3163.0,3108.0,3134.3,31857400,3447.7,2820.9,3839.9,2896.0,3146.7,16,1,3146.6,15,1,3146.5,5,1,3146.4,13,1,3146.3,63,2,3147.6,11,1,3147.7,11,1,3147.8,217,2,3147.9,123,3,3148.0,458,4
2031,2026-06-16 14:32:54+05:30,3147.6,9,3134.2,2862860,124318.0,201291.0,3163.0,3163.0,3108.0,3134.3,31857400,3447.7,2820.9,3839.9,2896.0,3146.7,16,1,3146.6,15,1,3146.5,5,1,3146.4,13,1,3146.3,63,2,3147.6,11,1,3147.7,11,1,3147.8,217,2,3147.9,123,3,3148.0,458,4
2031,2026-06-16 14:32:55+05:30,3147.6,5,3134.2,2862865,124266.0,201312.0,3163.0,3163.0,3108.0,3134.3,31857400,3447.7,2820.9,3839.9,2896.0,3147.5,1,1,3146.7,17,1,3146.6,15,1,3146.5,25,2,3146.4,27,2,3147.6,195,1,3147.7,11,1,3147.8,217,2,3147.9,32,1,3148.0,200,1
2031,2026-06-16 14:32:55+05:30,3147.6,5,3134.2,2862865,124266.0,201312.0,3163.0,3163.0,3108.0,3134.3,31857400,3447.7,2820.9,3839.9,2896.0,3147.5,1,1,3146.7,17,1,3146.6,15,1,3146.5,25,2,3146.4,27,2,3147.6,195,1,3147.7,11,1,3147.8,217,2,3147.9,32,1,3148.0,200,1
2031,2026-06-16 14:32:56+05:30,3147.5,1,3134.2,2862866,124111.0,201830.0,3163.0,3163.0,3108.0,3134.3,31857400,3447.7,2820.9,3839.9,2896.0,3146.7,17,1,3146.6,15,1,3146.5,13,2,3146.4,30,2,3146.3,63,2,3147.0,195,1,3147.1,1,1,3147.8,281,5,3147.9,75,2,3148.0,476,5
2031,2026-06-16 14:32:56+05:30,3147.5,1,3134.2,2862866,124111.0,201830.0,3163.0,3163.0,3108.0,3134.3,31857400,3447.7,2820.9,3839.9,2896.0,3146.7,17,1,3146.6,15,1,3146.5,13,2,3146.4,30,2,3146.3,63,2,3147.0,195,1,3147.1,1,1,3147.8,281,5,3147.9,75,2,3148.0,476,5
2031,2026-06-16 14:32:57+05:30,3147.0,1,3134.2,2862868,124102.0,201831.0,3163.0,3163.0,3108.0,3134.3,31857400,3447.7,2820.9,3839.9,2896.0,3146.7,17,1,3146.6,15,1,3146.5,13,2,3146.4,30,2,3146.3,63,2,3147.0,193,1,3147.1,1,1,3147.8,281,5,3147.9,75,2,3148.0,476,5
2031,2026-06-16 14:32:57+05:30,3147.0,1,3134.2,2862868,124102.0,201831.0,3163.0,3163.0,3108.0,3134.3,31857400,3447.7,2820.9,3839.9,2896.0,3146.7,17,1,3146.6,15,1,3146.5,13,2,3146.4,30,2,3146.3,63,2,3147.0,193,1,3147.1,1,1,3147.8,281,5,3147.9,75,2,3148.0,476,5
2031,2026-06-16 14:32:58+05:30,3147.0,1,3134.2,2862868,124060.0,201936.0,3163.0,3163.0,3108.0,3134.3,31857400,3447.7,2820.9,3839.9,2896.0,3146.7,17,1,3146.4,22,2,3146.3,28,2,3146.1,40,3,3146.0,56,3,3147.0,256,4,3147.1,1,1,3147.8,481,6,3147.9,75,2,3148.0,276,4
2031,2026-06-16 14:32:59+05:30,3147.0,1,3134.2,2862870,124164.0,201936.0,3163.0,3163.0,3108.0,3134.3,31857400,3447.7,2820.9,3839.9,2896.0,3146.7,17,1,3146.4,22,2,3146.3,28,2,3146.1,40,3,3146.0,56,3,3147.0,254,4,3147.1,1,1,3147.8,481,6,3147.9,75,2,3148.0,276,4
2031,2026-06-16 14:32:59+05:30,3147.0,1,3134.2,2862870,124164.0,201936.0,3163.0,3163.0,3108.0,3134.3,31857400,3447.7,2820.9,3839.9,2896.0,3146.7,17,1,3146.4,22,2,3146.3,28,2,3146.1,40,3,3146.0,56,3,3147.0,254,4,3147.1,1,1,3147.8,481,6,3147.9,75,2,3148.0,276,4
2031,2026-06-16 14:33:00+05:30,3147.0,168,3134.2,2863038,124048.0,202042.0,3163.0,3163.0,3108.0,3134.3,31857400,3447.7,2820.9,3839.9,2896.0,3146.9,2,2,3146.7,8,2,3146.4,22,2,3146.3,28,2,3146.1,55,5,3147.0,101,6,3147.1,1,1,3147.8,529,7,3147.9,75,2,3148.0,276,4
2031,2026-06-16 14:33:00+05:30,3147.0,168,3134.2,2863038,124048.0,202042.0,3163.0,3163.0,3108.0,3134.3,31857400,3447.7,2820.9,3839.9,2896.0,3146.9,2,2,3146.7,8,2,3146.4,22,2,3146.3,28,2,3146.1,55,5,3147.0,101,6,3147.1,1,1,3147.8,529,7,3147.9,75,2,3148.0,276,4
2031,2026-06-16 14:33:01+05:30,3146.7,4,3134.2,2863079,124161.0,201829.0,3163.0,3163.0,3108.0,3134.3,31857400,3447.7,2820.9,3839.9,2896.0,3146.7,24,5,3146.6,21,2,3146.5,12,2,3146.4,22,2,3146.3,76,3,3146.9,1,1,3147.0,117,6,3147.8,481,6,3147.9,75,2,3148.0,227,3
2031,2026-06-16 14:33:01+05:30,3146.7,4,3134.2,2863079,124161.0,201829.0,3163.0,3163.0,3108.0,3134.3,31857400,3447.7,2820.9,3839.9,2896.0,3146.7,24,5,3146.6,21,2,3146.5,12,2,3146.4,22,2,3146.3,76,3,3146.9,1,1,3147.0,117,6,3147.8,481,6,3147.9,75,2,3148.0,227,3
2031,2026-06-16 14:33:02+05:30,3147.0,1,3134.2,2863079,124161.0,201829.0,3163.0,3163.0,3108.0,3134.3,31857400,3447.7,2820.9,3839.9,2896.0,3146.7,24,5,3146.6,21,2,3146.5,12,2,3146.4,22,2,3146.3,76,3,3146.9,1,1,3147.0,117,6,3147.8,481,6,3147.9,75,2,3148.0,227,3
2031,2026-06-16 14:33:02+05:30,3147.0,1,3134.2,2863092,124315.0,201518.0,3163.0,3163.0,3108.0,3134.3,31857400,3447.7,2820.9,3839.9,2896.0,3146.7,32,6,3146.6,5,1,3146.5,29,3,3146.4,39,3,3146.3,78,4,3147.0,108,6,3147.8,220,2,3147.9,162,4,3148.0,221,2,3148.1,248,2
2031,2026-06-16 14:33:03+05:30,3146.9,1,3134.2,2863092,124315.0,201518.0,3163.0,3163.0,3108.0,3134.3,31857400,3447.7,2820.9,3839.9,2896.0,3146.7,32,6,3146.6,5,1,3146.5,29,3,3146.4,39,3,3146.3,78,4,3147.0,108,6,3147.8,220,2,3147.9,162,4,3148.0,221,2,3148.1,248,2
2031,2026-06-16 14:33:03+05:30,3146.9,1,3134.2,2863096,124150.0,201555.0,3163.0,3163.0,3108.0,3134.3,31857400,3447.7,2820.9,3839.9,2896.0,3146.7,22,4,3146.6,5,1,3146.5,12,2,3146.4,39,3,3146.3,78,4,3146.9,197,1,3147.0,109,7,3147.8,220,2,3147.9,162,4,3148.0,21,1
2031,2026-06-16 14:33:04+05:30,3146.9,1,3134.2,2863096,124243.0,201623.0,3163.0,3163.0,3108.0,3134.3,31857400,3447.7,2820.9,3839.9,2896.0,3146.7,26,6,3146.6,21,2,3146.5,31,3,3146.4,56,4,3146.3,78,4,3146.9,224,3,3147.0,82,5,3147.8,220,2,3147.9,123,3,3148.0,21,1
2031,2026-06-16 14:33:05+05:30,3146.9,1,3134.2,2863096,124506.0,201656.0,3163.0,3163.0,3108.0,3134.3,31857400,3447.7,2820.9,3839.9,2896.0,3146.7,20,4,3146.5,6,1,3146.4,39,3,3146.3,78,4,3146.2,34,1,3146.9,224,3,3147.0,82,5,3147.8,220,2,3147.9,123,3,3148.0,21,1
2031,2026-06-16 14:33:06+05:30,3146.9,1,3134.2,2863096,124506.0,201656.0,3163.0,3163.0,3108.0,3134.3,31857400,3447.7,2820.9,3839.9,2896.0,3146.7,20,4,3146.5,6,1,3146.4,39,3,3146.3,78,4,3146.2,34,1,3146.9,224,3,3147.0,82,5,3147.8,220,2,3147.9,123,3,3148.0,21,1
2031,2026-06-16 14:33:06+05:30,3146.9,1,3134.2,2863108,124579.0,201654.0,3163.0,3163.0,3108.0,3134.3,31857400,3447.7,2820.9,3839.9,2896.0,3146.7,11,5,3146.5,6,1,3146.4,39,3,3146.3,78,4,3146.2,34,1,3146.9,222,3,3147.0,82,5,3147.8,220,2,3147.9,123,3,3148.0,21,1
2031,2026-06-16 14:33:07+05:30,3146.7,6,3134.2,2863108,124579.0,201654.0,3163.0,3163.0,3108.0,3134.3,31857400,3447.7,2820.9,3839.9,2896.0,3146.7,11,5,3146.5,6,1,3146.4,39,3,3146.3,78,4,3146.2,34,1,3146.9,222,3,3147.0,82,5,3147.8,220,2,3147.9,123,3,3148.0,21,1
2031,2026-06-16 14:33:07+05:30,3146.7,6,3134.2,2863303,124360.0,201420.0,3163.0,3163.0,3108.0,3134.3,31857400,3447.7,2820.9,3839.9,2896.0,3146.7,26,6,3146.5,6,1,3146.4,56,4,3146.3,78,4,3146.2,51,2,3146.8,200,1,3146.9,27,2,3147.0,82,5,3147.8,220,2,3147.9,323,4
2031,2026-06-16 14:33:08+05:30,3146.8,5,3134.2,2863303,124360.0,201420.0,3163.0,3163.0,3108.0,3134.3,31857400,3447.7,2820.9,3839.9,2896.0,3146.7,26,6,3146.5,6,1,3146.4,56,4,3146.3,78,4,3146.2,51,2,3146.8,200,1,3146.9,27,2,3147.0,82,5,3147.8,220,2,3147.9,323,4
2031,2026-06-16 14:33:08+05:30,3146.8,1,3134.2,2863310,124407.0,201416.0,3163.0,3163.0,3108.0,3134.3,31857400,3447.7,2820.9,3839.9,2896.0,3146.7,31,6,3146.6,19,2,3146.5,6,1,3146.4,56,4,3146.3,78,4,3146.8,224,4,3147.0,81,4,3147.8,220,2,3147.9,323,4,3148.0,21,1
2031,2026-06-16 14:33:09+05:30,3147.0,1,3134.2,2863310,124407.0,201416.0,3163.0,3163.0,3108.0,3134.3,31857400,3447.7,2820.9,3839.9,2896.0,3146.7,31,6,3146.6,19,2,3146.5,6,1,3146.4,56,4,3146.3,78,4,3146.8,224,4,3147.0,81,4,3147.8,220,2,3147.9,323,4,3148.0,21,1
2031,2026-06-16 14:33:09+05:30,3147.0,12,3134.2,2863593,124637.0,200905.0,3163.0,3163.0,3108.0,3134.3,31857400,3447.7,2820.9,3839.9,2896.0,3146.7,101,10,3146.6,3,1,3146.5,30,2,3146.4,83,5,3146.3,78,4,3147.0,44,3,3147.8,220,2,3147.9,232,2,3148.0,21,1,3148.2,1109,8
2031,2026-06-16 14:33:10+05:30,3147.0,6,3134.2,2863593,124637.0,200905.0,3163.0,3163.0,3108.0,3134.3,31857400,3447.7,2820.9,3839.9,2896.0,3146.7,101,10,3146.6,3,1,3146.5,30,2,3146.4,83,5,3146.3,78,4,3147.0,44,3,3147.8,220,2,3147.9,232,2,3148.0,21,1,3148.2,1109,8
2031,2026-06-16 14:33:10+05:30,3147.0,1,3134.2,2863612,124685.0,200882.0,3163.0,3163.0,3108.0,3134.3,31857400,3447.7,2820.9,3839.9,2896.0,3146.7,100,9,3146.6,3,1,3146.5,30,2,3146.4,83,5,3146.3,78,4,3147.0,30,2,3147.8,220,2,3147.9,232,2,3148.0,21,1,3148.2,1109,8
2031,2026-06-16 14:33:11+05:30,3147.0,8,3134.2,2863612,124685.0,200882.0,3163.0,3163.0,3108.0,3134.3,31857400,3447.7,2820.9,3839.9,2896.0,3146.7,100,9,3146.6,3,1,3146.5,30,2,3146.4,83,5,3146.3,78,4,3147.0,30,2,3147.8,220,2,3147.9,232,2,3148.0,21,1,3148.2,1109,8
2031,2026-06-16 14:33:11+05:30,3147.0,8,3134.2,2863631,124683.0,200865.0,3163.0,3163.0,3108.0,3134.3,31857400,3447.7,2820.9,3839.9,2896.0,3146.7,53,8,3146.6,3,1,3146.5,30,2,3146.4,83,5,3146.3,78,4,3147.0,11,2,3147.8,220,2,3147.9,232,2,3148.0,21,1,3148.2,1109,8
2031,2026-06-16 14:33:12+05:30,3147.8,3,3134.2,2863631,124683.0,200865.0,3163.0,3163.0,3108.0,3134.3,31857400,3447.7,2820.9,3839.9,2896.0,3146.7,53,8,3146.6,3,1,3146.5,30,2,3146.4,83,5,3146.3,78,4,3147.0,11,2,3147.8,220,2,3147.9,232,2,3148.0,21,1,3148.2,1109,8
2031,2026-06-16 14:33:12+05:30,3146.7,13,3134.2,2863685,124964.0,200966.0,3163.0,3163.0,3108.0,3134.3,31857400,3447.7,2820.9,3839.9,2896.0,3146.7,39,6,3146.6,3,1,3146.5,8,2,3146.4,83,5,3146.3,99,5,3147.8,197,1,3147.9,232,2,3148.2,1109,8,3148.4,317,4,3148.5,450,3
2031,2026-06-16 14:33:13+05:30,3146.7,2,3134.2,2863685,124964.0,200966.0,3163.0,3163.0,3108.0,3134.3,31857400,3447.7,2820.9,3839.9,2896.0,3146.7,39,6,3146.6,3,1,3146.5,8,2,3146.4,83,5,3146.3,99,5,3147.8,197,1,3147.9,232,2,3148.2,1109,8,3148.4,317,4,3148.5,450,3
2031,2026-06-16 14:33:13+05:30,3147.8,8,3134.2,2863696,125224.0,200509.0,3163.0,3163.0,3108.0,3134.3,31857400,3447.7,2820.9,3839.9,2896.0,3146.7,143,8,3146.6,61,4,3146.5,66,4,3146.4,72,4,3146.3,122,6,3147.8,188,1,3147.9,232,2,3148.2,1070,7,3148.4,268,3,3148.5,450,3
2031,2026-06-16 14:33:14+05:30,3147.8,1,3134.2,2863696,125224.0,200509.0,3163.0,3163.0,3108.0,3134.3,31857400,3447.7,2820.9,3839.9,2896.0,3146.7,143,8,3146.6,61,4,3146.5,66,4,3146.4,72,4,3146.3,122,6,3147.8,188,1,3147.9,232,2,3148.2,1070,7,3148.4,268,3,3148.5,450,3
2031,2026-06-16 14:33:14+05:30,3147.8,1,3134.2,2863697,124978.0,200572.0,3163.0,3163.0,3108.0,3134.3,31857400,3447.7,2820.9,3839.9,2896.0,3147.0,37,7,3146.9,21,2,3146.8,12,1,3146.7,139,7,3146.6,56,4,3147.8,187,1,3147.9,232,2,3148.2,1070,7,3148.4,268,3,3148.5,400,2
2031,2026-06-16 14:33:15+05:30,3147.8,113,3134.2,2863697,124978.0,200572.0,3163.0,3163.0,3108.0,3134.3,31857400,3447.7,2820.9,3839.9,2896.0,3147.0,37,7,3146.9,21,2,3146.8,12,1,3146.7,139,7,3146.6,56,4,3147.8,187,1,3147.9,232,2,3148.2,1070,7,3148.4,268,3,3148.5,400,2
2031,2026-06-16 14:33:15+05:30,3147.8,113,3134.2,2863810,125844.0,200356.0,3163.0,3163.0,3108.0,3134.3,31857400,3447.7,2820.9,3839.9,2896.0,3147.4,5,4,3147.3,23,2,3147.2,9,1,3147.1,8,1,3147.0,37,7,3147.8,133,4,3147.9,232,2,3148.2,1000,5,3148.4,268,3,3148.5,400,2
2031,2026-06-16 14:33:16+05:30,3147.3,2,3134.2,2863810,125844.0,200356.0,3163.0,3163.0,3108.0,3134.3,31857400,3447.7,2820.9,3839.9,2896.0,3147.4,5,4,3147.3,23,2,3147.2,9,1,3147.1,8,1,3147.0,37,7,3147.8,133,4,3147.9,232,2,3148.2,1000,5,3148.4,268,3,3148.5,400,2
2031,2026-06-16 14:33:16+05:30,3147.3,2,3134.2,2863820,125678.0,199925.0,3163.0,3163.0,3108.0,3134.3,31857400,3447.7,2820.9,3839.9,2896.0,3147.4,33,6,3147.3,23,3,3147.2,70,3,3147.1,1,1,3147.0,69,7,3147.8,133,4,3148.5,32,1,3148.6,21,1,3148.7,50,2,3148.8,221,2
2031,2026-06-16 14:33:17+05:30,3147.4,39,3134.2,2863820,125678.0,199925.0,3163.0,3163.0,3108.0,3134.3,31857400,3447.7,2820.9,3839.9,2896.0,3147.4,33,6,3147.3,23,3,3147.2,70,3,3147.1,1,1,3147.0,69,7,3147.8,133,4,3148.5,32,1,3148.6,21,1,3148.7,50,2,3148.8,221,2
2031,2026-06-16 14:33:17+05:30,3147.8,1,3134.2,2863895,125921.0,199445.0,3163.0,3163.0,3108.0,3134.3,31857400,3447.7,2820.9,3839.9,2896.0,3147.4,50,6,3147.3,8,3,3147.2,89,5,3147.0,85,8,3146.9,39,4,3147.8,59,4,3148.6,21,1,3148.7,32,1,3148.8,21,1,3149.0,293,3
2031,2026-06-16 14:33:18+05:30,3147.9,1,3134.2,2863895,125921.0,199445.0,3163.0,3163.0,3108.0,3134.3,31857400,3447.7,2820.9,3839.9,2896.0,3147.4,50,6,3147.3,8,3,3147.2,89,5,3147.0,85,8,3146.9,39,4,3147.8,59,4,3148.6,21,1,3148.7,32,1,3148.8,21,1,3149.0,293,3
2031,2026-06-16 14:33:19+05:30,3149.0,13,3134.2,2863994,126864.0,198830.0,3163.0,3163.0,3108.0,3134.3,31857400,3447.7,2820.9,3839.9,2896.0,3147.8,16,1,3147.7,68,2,3147.6,25,3,3147.5,36,2,3147.4,61,6,3148.9,11,1,3149.0,210,1,3149.1,32,1,3149.2,22,1,3149.3,148,2
2031,2026-06-16 14:33:19+05:30,3149.0,13,3134.2,2863994,126864.0,198830.0,3163.0,3163.0,3108.0,3134.3,31857400,3447.7,2820.9,3839.9,2896.0,3147.8,16,1,3147.7,68,2,3147.6,25,3,3147.5,36,2,3147.4,61,6,3148.9,11,1,3149.0,210,1,3149.1,32,1,3149.2,22,1,3149.3,148,2
2031,2026-06-16 14:33:20+05:30,3148.9,2,3134.2,2863996,126616.0,198947.0,3163.0,3163.0,3108.0,3134.3,31857400,3447.7,2820.9,3839.9,2896.0,3148.0,17,1,3147.7,55,2,3147.6,27,3,3147.5,43,2,3147.4,61,6,3148.8,99,2,3148.9,9,1,3149.0,231,2,3149.1,70,2,3149.2,22,1
2031,2026-06-16 14:33:20+05:30,3148.9,2,3134.2,2863996,126616.0,198947.0,3163.0,3163.0,3108.0,3134.3,31857400,3447.7,2820.9,3839.9,2896.0,3148.0,17,1,3147.7,55,2,3147.6,27,3,3147.5,43,2,3147.4,61,6,3148.8,99,2,3148.9,9,1,3149.0,231,2,3149.1,70,2,3149.2,22,1
2031,2026-06-16 14:33:21+05:30,3148.5,1,3134.2,2864009,125913.0,199276.0,3163.0,3163.0,3108.0,3134.3,31857400,3447.7,2820.9,3839.9,2896.0,3148.2,6,1,3147.7,17,1,3147.6,1,1,3147.4,3,1,3147.3,6,1,3148.5,10,1,3148.6,53,4,3148.7,22,2,3148.8,191,4,3148.9,129,3
2031,2026-06-16 14:33:21+05:30,3148.2,159,3134.2,2864009,125913.0,199276.0,3163.0,3163.0,3108.0,3134.3,31857400,3447.7,2820.9,3839.9,2896.0,3148.2,6,1,3147.7,17,1,3147.6,1,1,3147.4,3,1,3147.3,6,1,3148.5,10,1,3148.6,53,4,3148.7,22,2,3148.8,191,4,3148.9,129,3
2031,2026-06-16 14:33:22+05:30,3148.6,13,3134.2,2864009,125913.0,199276.0,3163.0,3163.0,3108.0,3134.3,31857400,3447.7,2820.9,3839.9,2896.0,3148.2,6,1,3147.7,17,1,3147.6,1,1,3147.4,3,1,3147.3,6,1,3148.5,10,1,3148.6,53,4,3148.7,22,2,3148.8,191,4,3148.9,129,3
2031,2026-06-16 14:33:22+05:30,3148.6,13,3134.2,2864240,125887.0,199297.0,3163.0,3163.0,3108.0,3134.3,31857400,3447.7,2820.9,3839.9,2896.0,3147.7,17,1,3147.3,145,5,3147.2,9,1,3147.1,63,1,3147.0,131,9,3148.6,7,1,3148.8,21,1,3148.9,34,1,3149.0,243,4,3149.1,318,4
2031,2026-06-16 14:33:23+05:30,3148.6,10,3134.2,2864251,125828.0,199373.0,3163.0,3163.0,3108.0,3134.3,31857400,3447.7,2820.9,3839.9,2896.0,3147.7,47,2,3147.6,15,1,3147.5,48,2,3147.4,100,3,3147.3,147,6,3148.6,79,1,3148.8,21,1,3149.0,243,4,3149.1,318,4,3149.2,56,2
2031,2026-06-16 14:33:23+05:30,3148.6,10,3134.2,2864251,125828.0,199373.0,3163.0,3163.0,3108.0,3134.3,31857400,3447.7,2820.9,3839.9,2896.0,3147.7,47,2,3147.6,15,1,3147.5,48,2,3147.4,100,3,3147.3,147,6,3148.6,79,1,3148.8,21,1,3149.0,243,4,3149.1,318,4,3149.2,56,2
2031,2026-06-16 14:33:24+05:30,3148.6,1,3134.2,2864253,126027.0,199373.0,3163.0,3163.0,3108.0,3134.3,31857400,3447.7,2820.9,3839.9,2896.0,3148.0,15,1,3147.7,47,2,3147.6,15,1,3147.5,51,3,3147.4,66,2,3148.6,77,1,3149.0,243,4,3149.1,280,3,3149.2,56,2,3149.3,1217,9
2031,2026-06-16 14:33:24+05:30,3148.6,1,3134.2,2864253,126027.0,199373.0,3163.0,3163.0,3108.0,3134.3,31857400,3447.7,2820.9,3839.9,2896.0,3148.0,15,1,3147.7,47,2,3147.6,15,1,3147.5,51,3,3147.4,66,2,3148.6,77,1,3149.0,243,4,3149.1,280,3,3149.2,56,2,3149.3,1217,9
2031,2026-06-16 14:33:25+05:30,3148.6,1,3134.2,2864253,126027.0,199373.0,3163.0,3163.0,3108.0,3134.3,31857400,3447.7,2820.9,3839.9,2896.0,3148.0,15,1,3147.7,47,2,3147.6,15,1,3147.5,51,3,3147.4,66,2,3148.6,77,1,3149.0,243,4,3149.1,280,3,3149.2,56,2,3149.3,1217,9
2031,2026-06-16 14:33:25+05:30,3148.6,1,3134.2,2864269,126263.0,199054.0,3163.0,3163.0,3108.0,3134.3,31857400,3447.7,2820.9,3839.9,2896.0,3148.0,79,6,3147.9,10,1,3147.8,89,4,3147.7,62,4,3147.6,64,4,3148.6,109,3,3149.0,231,2,3149.1,232,2,3149.2,22,1,3149.3,1100,6
2031,2026-06-16 14:33:26+05:30,3148.2,9,3134.2,2864280,126294.0,198967.0,3163.0,3163.0,3108.0,3134.3,31857400,3447.7,2820.9,3839.9,2896.0,3148.2,7,1,3148.0,54,3,3147.9,10,1,3147.8,77,3,3147.7,109,4,3148.6,146,4,3149.0,231,2,3149.1,232,2,3149.2,22,1,3149.3,1100,6
2031,2026-06-16 14:33:26+05:30,3148.2,9,3134.2,2864280,126294.0,198967.0,3163.0,3163.0,3108.0,3134.3,31857400,3447.7,2820.9,3839.9,2896.0,3148.2,7,1,3148.0,54,3,3147.9,10,1,3147.8,77,3,3147.7,109,4,3148.6,146,4,3149.0,231,2,3149.1,232,2,3149.2,22,1,3149.3,1100,6
2031,2026-06-16 14:33:27+05:30,3148.5,118,3134.21,2864402,126937.0,198624.0,3163.0,3163.0,3108.0,3134.3,31857400,3447.7,2820.9,3839.9,2896.0,3148.5,16,1,3148.2,38,1,3148.1,15,1,3148.0,69,4,3147.9,10,1,3148.6,97,4,3149.0,210,1,3149.1,232,2,3149.2,22,1,3149.3,1100,6
2031,2026-06-16 14:33:27+05:30,3148.5,118,3134.21,2864402,126937.0,198624.0,3163.0,3163.0,3108.0,3134.3,31857400,3447.7,2820.9,3839.9,2896.0,3148.5,16,1,3148.2,38,1,3148.1,15,1,3148.0,69,4,3147.9,10,1,3148.6,97,4,3149.0,210,1,3149.1,232,2,3149.2,22,1,3149.3,1100,6
2031,2026-06-16 14:33:28+05:30,3148.5,118,3134.21,2864402,126942.0,198697.0,3163.0,3163.0,3108.0,3134.3,31857400,3447.7,2820.9,3839.9,2896.0,3148.5,16,1,3148.2,38,1,3148.1,15,1,3148.0,69,4,3147.9,10,1,3148.6,122,5,3149.0,210,1,3149.1,232,2,3149.2,22,1,3149.3,1100,6
2031,2026-06-16 14:33:29+05:30,3148.6,1,3134.21,2864403,127265.0,198555.0,3163.0,3163.0,3108.0,3134.3,31857400,3447.7,2820.9,3839.9,2896.0,3148.5,57,2,3148.2,55,2,3148.1,15,1,3148.0,71,4,3147.9,10,1,3148.6,121,5,3149.0,210,1,3149.1,232,2,3149.2,22,1,3149.3,1100,6
2031,2026-06-16 14:33:29+05:30,3148.6,1,3134.21,2864403,127265.0,198555.0,3163.0,3163.0,3108.0,3134.3,31857400,3447.7,2820.9,3839.9,2896.0,3148.5,57,2,3148.2,55,2,3148.1,15,1,3148.0,71,4,3147.9,10,1,3148.6,121,5,3149.0,210,1,3149.1,232,2,3149.2,22,1,3149.3,1100,6
2031,2026-06-16 14:33:30+05:30,3148.6,10,3134.21,2864525,127538.0,197985.0,3163.0,3163.0,3108.0,3134.3,31857400,3447.7,2820.9,3839.9,2896.0,3148.6,2,2,3148.5,61,4,3148.2,53,2,3148.0,124,5,3147.9,13,2,3149.0,210,1,3149.1,232,2,3149.3,1100,6,3149.5,390,2,3149.6,484,5
2031,2026-06-16 14:33:30+05:30,3148.6,1,3134.21,2864525,127538.0,197985.0,3163.0,3163.0,3108.0,3134.3,31857400,3447.7,2820.9,3839.9,2896.0,3148.6,2,2,3148.5,61,4,3148.2,53,2,3148.0,124,5,3147.9,13,2,3149.0,210,1,3149.1,232,2,3149.3,1100,6,3149.5,390,2,3149.6,484,5
2031,2026-06-16 14:33:31+05:30,3148.6,1,3134.21,2864527,127629.0,197959.0,3163.0,3163.0,3108.0,3134.3,31857400,3447.7,2820.9,3839.9,2896.0,3148.6,44,4,3148.5,61,4,3148.2,53,2,3148.1,17,1,3148.0,61,3,3149.0,210,1,3149.1,232,2,3149.3,1100,6,3149.5,390,2,3149.6,500,5
2031,2026-06-16 14:33:32+05:30,3149.0,1,3134.21,2864528,127618.0,195947.0,3163.0,3163.0,3108.0,3134.3,31857400,3447.7,2820.9,3839.9,2896.0,3148.6,44,4,3148.5,61,4,3148.2,53,2,3148.1,17,1,3148.0,78,4,3149.0,209,1,3149.1,232,2,3149.3,1100,6,3149.5,390,2,3149.6,500,5
2031,2026-06-16 14:33:32+05:30,3149.0,1,3134.21,2864528,127618.0,195947.0,3163.0,3163.0,3108.0,3134.3,31857400,3447.7,2820.9,3839.9,2896.0,3148.6,44,4,3148.5,61,4,3148.2,53,2,3148.1,17,1,3148.0,78,4,3149.0,209,1,3149.1,232,2,3149.3,1100,6,3149.5,390,2,3149.6,500,5
2031,2026-06-16 14:33:33+05:30,3149.0,1,3134.21,2864528,127826.0,196947.0,3163.0,3163.0,3108.0,3134.3,31857400,3447.7,2820.9,3839.9,2896.0,3148.6,61,5,3148.5,68,5,3148.4,26,2,3148.3,17,2,3148.2,38,1,3149.0,209,1,3149.1,32,1,3149.3,100,1,3149.5,390,2,3149.6,52,2
2031,2026-06-16 14:33:33+05:30,3148.8,17,3134.21,2864528,127826.0,196947.0,3163.0,3163.0,3108.0,3134.3,31857400,3447.7,2820.9,3839.9,2896.0,3148.6,61,5,3148.5,68,5,3148.4,26,2,3148.3,17,2,3148.2,38,1,3149.0,209,1,3149.1,32,1,3149.3,100,1,3149.5,390,2,3149.6,52,2
2031,2026-06-16 14:33:33+05:30,3148.8,17,3134.21,2864528,127826.0,196947.0,3163.0,3163.0,3108.0,3134.3,31857400,3447.7,2820.9,3839.9,2896.0,3148.6,61,5,3148.5,68,5,3148.4,26,2,3148.3,17,2,3148.2,38,1,3149.0,209,1,3149.1,32,1,3149.3,100,1,3149.5,390,2,3149.6,52,2
2031,2026-06-16 14:33:34+05:30,3149.0,1,3134.21,2864546,127832.0,196492.0,3163.0,3163.0,3108.0,3134.3,31857400,3447.7,2820.9,3839.9,2896.0,3148.8,18,2,3148.6,44,4,3148.5,75,5,3148.2,50,2,3148.1,84,5,3149.0,209,2,3149.1,32,1,3149.3,100,1,3149.5,390,2,3149.6,52,2
2031,2026-06-16 14:33:34+05:30,3149.0,1,3134.21,2864546,127832.0,196492.0,3163.0,3163.0,3108.0,3134.3,31857400,3447.7,2820.9,3839.9,2896.0,3148.8,18,2,3148.6,44,4,3148.5,75,5,3148.2,50,2,3148.1,84,5,3149.0,209,2,3149.1,32,1,3149.3,100,1,3149.5,390,2,3149.6,52,2
2031,2026-06-16 14:33:35+05:30,3149.0,1,3134.21,2864546,127832.0,196492.0,3163.0,3163.0,3108.0,3134.3,31857400,3447.7,2820.9,3839.9,2896.0,3148.8,18,2,3148.6,44,4,3148.5,75,5,3148.2,50,2,3148.1,84,5,3149.0,209,2,3149.1,32,1,3149.3,100,1,3149.5,390,2,3149.6,52,2
2031,2026-06-16 14:33:35+05:30,3149.0,144,3134.21,2864691,127793.0,196408.0,3163.0,3163.0,3108.0,3134.3,31857400,3447.7,2820.9,3839.9,2896.0,3148.9,2,2,3148.8,1,1,3148.6,42,2,3148.5,75,5,3148.2,64,3,3149.0,114,4,3149.1,32,1,3149.3,100,1,3149.5,390,2,3149.6,52,2
2031,2026-06-16 14:33:35+05:30,3149.0,144,3134.21,2864691,127793.0,196408.0,3163.0,3163.0,3108.0,3134.3,31857400,3447.7,2820.9,3839.9,2896.0,3148.9,2,2,3148.8,1,1,3148.6,42,2,3148.5,75,5,3148.2,64,3,3149.0,114,4,3149.1,32,1,3149.3,100,1,3149.5,390,2,3149.6,52,2
2031,2026-06-16 14:33:36+05:30,3148.5,7,3134.21,2864946,126896.0,197463.0,3163.0,3163.0,3108.0,3134.3,31857400,3447.7,2820.9,3839.9,2896.0,3148.5,68,5,3148.1,16,2,3148.0,6,1,3147.9,27,2,3147.7,25,2,3148.9,11,1,3149.0,125,5,3149.1,32,1,3149.3,138,2,3149.4,18,1
2031,2026-06-16 14:33:36+05:30,3148.5,7,3134.21,2864946,126896.0,197463.0,3163.0,3163.0,3108.0,3134.3,31857400,3447.7,2820.9,3839.9,2896.0,3148.5,68,5,3148.1,16,2,3148.0,6,1,3147.9,27,2,3147.7,25,2,3148.9,11,1,3149.0,125,5,3149.1,32,1,3149.3,138,2,3149.4,18,1
2031,2026-06-16 14:33:37+05:30,3147.4,12,3134.21,2865682,125021.0,199295.0,3163.0,3163.0,3108.0,3134.3,31857400,3447.7,2820.9,3839.9,2896.0,3147.4,34,2,3147.3,15,1,3147.2,32,3,3147.1,101,5,3147.0,33,3,3148.3,200,1,3148.4,200,1,3148.5,400,2,3148.6,86,3,3148.8,68,2
2031,2026-06-16 14:33:37+05:30,3147.4,12,3134.21,2865682,125021.0,199295.0,3163.0,3163.0,3108.0,3134.3,31857400,3447.7,2820.9,3839.9,2896.0,3147.4,34,2,3147.3,15,1,3147.2,32,3,3147.1,101,5,3147.0,33,3,3148.3,200,1,3148.4,200,1,3148.5,400,2,3148.6,86,3,3148.8,68,2
2031,2026-06-16 14:33:37+05:30,3147.4,12,3134.21,2865682,125021.0,199295.0,3163.0,3163.0,3108.0,3134.3,31857400,3447.7,2820.9,3839.9,2896.0,3147.4,34,2,3147.3,15,1,3147.2,32,3,3147.1,101,5,3147.0,33,3,3148.3,200,1,3148.4,200,1,3148.5,400,2,3148.6,86,3,3148.8,68,2
2031,2026-06-16 14:33:38+05:30,3148.3,1,3134.21,2865683,125124.0,199595.0,3163.0,3163.0,3108.0,3134.3,31857400,3447.7,2820.9,3839.9,2896.0,3147.4,18,1,3147.2,32,3,3147.1,101,5,3147.0,81,4,3146.9,23,2,3148.3,217,2,3148.4,200,1,3148.5,400,2,3148.6,86,3,3148.7,38,1
2031,2026-06-16 14:33:38+05:30,3148.3,1,3134.21,2865683,125124.0,199595.0,3163.0,3163.0,3108.0,3134.3,31857400,3447.7,2820.9,3839.9,2896.0,3147.4,18,1,3147.2,32,3,3147.1,101,5,3147.0,81,4,3146.9,23,2,3148.3,217,2,3148.4,200,1,3148.5,400,2,3148.6,86,3,3148.7,38,1
2031,2026-06-16 14:33:39+05:30,3148.3,1,3134.21,2865683,125141.0,199599.0,3163.0,3163.0,3108.0,3134.3,31857400,3447.7,2820.9,3839.9,2896.0,3147.2,34,3,3147.1,74,3,3147.0,81,4,3146.9,23,2,3146.8,51,2,3148.3,225,4,3148.4,200,1,3148.5,400,2,3148.6,134,4,3148.7,38,1
2031,2026-06-16 14:33:39+05:30,3148.3,1,3134.21,2865683,125141.0,199599.0,3163.0,3163.0,3108.0,3134.3,31857400,3447.7,2820.9,3839.9,2896.0,3147.2,34,3,3147.1,74,3,3147.0,81,4,3146.9,23,2,3146.8,51,2,3148.3,225,4,3148.4,200,1,3148.5,400,2,3148.6,134,4,3148.7,38,1
2031,2026-06-16 14:33:40+05:30,3148.3,1,3134.21,2865691,125240.0,199508.0,3163.0,3163.0,3108.0,3134.3,31857400,3447.7,2820.9,3839.9,2896.0,3147.2,34,3,3147.1,91,4,3147.0,114,5,3146.9,23,2,3146.8,51,2,3148.3,217,4,3148.4,200,1,3148.5,400,2,3148.6,102,3,3148.7,38,1
2031,2026-06-16 14:33:40+05:30,3148.3,1,3134.21,2865691,125240.0,199508.0,3163.0,3163.0,3108.0,3134.3,31857400,3447.7,2820.9,3839.9,2896.0,3147.2,34,3,3147.1,91,4,3147.0,114,5,3146.9,23,2,3146.8,51,2,3148.3,217,4,3148.4,200,1,3148.5,400,2,3148.6,102,3,3148.7,38,1
2031,2026-06-16 14:33:41+05:30,3148.3,1,3134.21,2865692,125147.0,199539.0,3163.0,3163.0,3108.0,3134.3,31857400,3447.7,2820.9,3839.9,2896.0,3147.2,26,3,3147.1,74,3,3147.0,96,4,3146.9,23,2,3146.8,51,2,3148.3,216,4,3148.4,200,1,3148.5,400,2,3148.6,102,3,3148.7,38,1
2031,2026-06-16 14:33:41+05:30,3148.3,1,3134.21,2865692,125147.0,199539.0,3163.0,3163.0,3108.0,3134.3,31857400,3447.7,2820.9,3839.9,2896.0,3147.2,26,3,3147.1,74,3,3147.0,96,4,3146.9,23,2,3146.8,51,2,3148.3,216,4,3148.4,200,1,3148.5,400,2,3148.6,102,3,3148.7,38,1
2031,2026-06-16 14:33:42+05:30,3148.3,1,3134.21,2865692,125147.0,199539.0,3163.0,3163.0,3108.0,3134.3,31857400,3447.7,2820.9,3839.9,2896.0,3147.2,26,3,3147.1,74,3,3147.0,96,4,3146.9,23,2,3146.8,51,2,3148.3,216,4,3148.4,200,1,3148.5,400,2,3148.6,102,3,3148.7,38,1
2031,2026-06-16 14:33:42+05:30,3148.3,1,3134.21,2865692,125147.0,199539.0,3163.0,3163.0,3108.0,3134.3,31857400,3447.7,2820.9,3839.9,2896.0,3147.2,26,3,3147.1,74,3,3147.0,96,4,3146.9,23,2,3146.8,51,2,3148.3,216,4,3148.4,200,1,3148.5,400,2,3148.6,102,3,3148.7,38,1
2031,2026-06-16 14:33:42+05:30,3148.3,1,3134.21,2865693,125300.0,199526.0,3163.0,3163.0,3108.0,3134.3,31857400,3447.7,2820.9,3839.9,2896.0,3147.2,77,5,3147.1,74,3,3147.0,113,5,3146.9,23,2,3146.8,68,3,3148.3,215,4,3148.4,200,1,3148.5,400,2,3148.6,102,3,3148.8,268,3
2031,2026-06-16 14:33:43+05:30,3148.3,1,3134.21,2865693,125300.0,199526.0,3163.0,3163.0,3108.0,3134.3,31857400,3447.7,2820.9,3839.9,2896.0,3147.2,77,5,3147.1,74,3,3147.0,113,5,3146.9,23,2,3146.8,68,3,3148.3,215,4,3148.4,200,1,3148.5,400,2,3148.6,102,3,3148.8,268,3
2031,2026-06-16 14:33:43+05:30,3148.3,1,3134.21,2865694,125622.0,199556.0,3163.0,3163.0,3108.0,3134.3,31857400,3447.7,2820.9,3839.9,2896.0,3147.2,76,4,3147.1,75,4,3147.0,37,2,3146.9,23,2,3146.8,68,3,3148.3,214,4,3148.4,200,1,3148.5,400,2,3148.6,102,3,3148.7,38,1
2031,2026-06-16 14:33:43+05:30,3148.3,1,3134.21,2865694,125622.0,199556.0,3163.0,3163.0,3108.0,3134.3,31857400,3447.7,2820.9,3839.9,2896.0,3147.2,76,4,3147.1,75,4,3147.0,37,2,3146.9,23,2,3146.8,68,3,3148.3,214,4,3148.4,200,1,3148.5,400,2,3148.6,102,3,3148.7,38,1
2031,2026-06-16 14:33:44+05:30,3147.3,1,3134.21,2865694,125622.0,199556.0,3163.0,3163.0,3108.0,3134.3,31857400,3447.7,2820.9,3839.9,2896.0,3147.2,76,4,3147.1,75,4,3147.0,37,2,3146.9,23,2,3146.8,68,3,3148.3,214,4,3148.4,200,1,3148.5,400,2,3148.6,102,3,3148.7,38,1
2031,2026-06-16 14:33:44+05:30,3147.3,1,3134.21,2865733,125561.0,199563.0,3163.0,3163.0,3108.0,3134.3,31857400,3447.7,2820.9,3839.9,2896.0,3147.3,17,1,3147.2,50,1,3147.1,19,2,3147.0,65,2,3146.9,31,2,3148.3,214,4,3148.4,200,1,3148.5,432,3,3148.6,32,1,3148.7,87,2
2031,2026-06-16 14:33:45+05:30,3147.3,1,3134.21,2865733,125561.0,199563.0,3163.0,3163.0,3108.0,3134.3,31857400,3447.7,2820.9,3839.9,2896.0,3147.3,17,1,3147.2,50,1,3147.1,19,2,3147.0,65,2,3146.9,31,2,3148.3,214,4,3148.4,200,1,3148.5,432,3,3148.6,32,1,3148.7,87,2
2031,2026-06-16 14:33:45+05:30,3148.3,6,3134.21,2865733,125561.0,199563.0,3163.0,3163.0,3108.0,3134.3,31857400,3447.7,2820.9,3839.9,2896.0,3147.3,17,1,3147.2,50,1,3147.1,19,2,3147.0,65,2,3146.9,31,2,3148.3,214,4,3148.4,200,1,3148.5,432,3,3148.6,32,1,3148.7,87,2
2031,2026-06-16 14:33:45+05:30,3148.3,6,3134.21,2865742,125468.0,199521.0,3163.0,3163.0,3108.0,3134.3,31857400,3447.7,2820.9,3839.9,2896.0,3147.8,2,2,3147.4,16,1,3147.3,16,2,3147.2,66,2,3147.1,70,5,3148.3,245,5,3148.4,200,1,3148.5,400,2,3148.6,32,1,3148.7,34,1
2031,2026-06-16 14:33:46+05:30,3148.3,6,3134.21,2865742,125468.0,199521.0,3163.0,3163.0,3108.0,3134.3,31857400,3447.7,2820.9,3839.9,2896.0,3147.8,2,2,3147.4,16,1,3147.3,16,2,3147.2,66,2,3147.1,70,5,3148.3,245,5,3148.4,200,1,3148.5,400,2,3148.6,32,1,3148.7,34,1
2031,2026-06-16 14:33:46+05:30,3147.8,1,3134.21,2865742,125468.0,199521.0,3163.0,3163.0,3108.0,3134.3,31857400,3447.7,2820.9,3839.9,2896.0,3147.8,2,2,3147.4,16,1,3147.3,16,2,3147.2,66,2,3147.1,70,5,3148.3,245,5,3148.4,200,1,3148.5,400,2,3148.6,32,1,3148.7,34,1
2031,2026-06-16 14:33:46+05:30,3147.8,1,3134.21,2865742,125468.0,199521.0,3163.0,3163.0,3108.0,3134.3,31857400,3447.7,2820.9,3839.9,2896.0,3147.8,2,2,3147.4,16,1,3147.3,16,2,3147.2,66,2,3147.1,70,5,3148.3,245,5,3148.4,200,1,3148.5,400,2,3148.6,32,1,3148.7,34,1
2031,2026-06-16 14:33:47+05:30,3147.8,1,3134.21,2865747,125574.0,200426.0,3163.0,3163.0,3108.0,3134.3,31857400,3447.7,2820.9,3839.9,2896.0,3147.4,17,2,3147.3,1,1,3147.2,67,2,3147.1,79,5,3147.0,13,2,3147.8,1,1,3148.3,245,5,3148.4,200,1,3148.5,400,2,3148.6,55,3
2031,2026-06-16 14:33:47+05:30,3147.8,1,3134.21,2865747,125574.0,200426.0,3163.0,3163.0,3108.0,3134.3,31857400,3447.7,2820.9,3839.9,2896.0,3147.4,17,2,3147.3,1,1,3147.2,67,2,3147.1,79,5,3147.0,13,2,3147.8,1,1,3148.3,245,5,3148.4,200,1,3148.5,400,2,3148.6,55,3
2031,2026-06-16 14:33:47+05:30,3147.7,1,3134.21,2865747,125574.0,200426.0,3163.0,3163.0,3108.0,3134.3,31857400,3447.7,2820.9,3839.9,2896.0,3147.4,17,2,3147.3,1,1,3147.2,67,2,3147.1,79,5,3147.0,13,2,3147.8,1,1,3148.3,245,5,3148.4,200,1,3148.5,400,2,3148.6,55,3
2031,2026-06-16 14:33:47+05:30,3147.7,1,3134.21,2865747,125574.0,200426.0,3163.0,3163.0,3108.0,3134.3,31857400,3447.7,2820.9,3839.9,2896.0,3147.4,17,2,3147.3,1,1,3147.2,67,2,3147.1,79,5,3147.0,13,2,3147.8,1,1,3148.3,245,5,3148.4,200,1,3148.5,400,2,3148.6,55,3
2031,2026-06-16 14:33:48+05:30,3147.7,1,3134.21,2865748,125269.0,200500.0,3163.0,3163.0,3108.0,3134.3,31857400,3447.7,2820.9,3839.9,2896.0,3147.4,16,1,3147.3,1,1,3147.2,57,2,3147.0,12,1,3146.9,23,2,3147.7,199,1,3147.8,24,2,3148.3,220,3,3148.4,238,2,3148.5,432,3
2031,2026-06-16 14:33:48+05:30,3147.7,170,3134.21,2865748,125269.0,200500.0,3163.0,3163.0,3108.0,3134.3,31857400,3447.7,2820.9,3839.9,2896.0,3147.4,16,1,3147.3,1,1,3147.2,57,2,3147.0,12,1,3146.9,23,2,3147.7,199,1,3147.8,24,2,3148.3,220,3,3148.4,238,2,3148.5,432,3
2031,2026-06-16 14:33:48+05:30,3147.7,170,3134.21,2865748,125269.0,200500.0,3163.0,3163.0,3108.0,3134.3,31857400,3447.7,2820.9,3839.9,2896.0,3147.4,16,1,3147.3,1,1,3147.2,57,2,3147.0,12,1,3146.9,23,2,3147.7,199,1,3147.8,24,2,3148.3,220,3,3148.4,238,2,3148.5,432,3
2031,2026-06-16 14:33:49+05:30,3147.7,170,3134.21,2865918,125433.0,200351.0,3163.0,3163.0,3108.0,3134.3,31857400,3447.7,2820.9,3839.9,2896.0,3147.4,22,3,3147.3,1,1,3147.2,50,1,3147.1,9,1,3147.0,46,3,3147.7,57,3,3147.8,24,2,3148.3,219,2,3148.4,221,2,3148.5,432,3
2031,2026-06-16 14:33:49+05:30,3147.7,25,3134.21,2865918,125433.0,200351.0,3163.0,3163.0,3108.0,3134.3,31857400,3447.7,2820.9,3839.9,2896.0,3147.4,22,3,3147.3,1,1,3147.2,50,1,3147.1,9,1,3147.0,46,3,3147.7,57,3,3147.8,24,2,3148.3,219,2,3148.4,221,2,3148.5,432,3
2031,2026-06-16 14:33:49+05:30,3147.7,25,3134.21,2865918,125433.0,200351.0,3163.0,3163.0,3108.0,3134.3,31857400,3447.7,2820.9,3839.9,2896.0,3147.4,22,3,3147.3,1,1,3147.2,50,1,3147.1,9,1,3147.0,46,3,3147.7,57,3,3147.8,24,2,3148.3,219,2,3148.4,221,2,3148.5,432,3
2031,2026-06-16 14:33:50+05:30,3147.7,25,3134.21,2865943,125570.0,199904.0,3163.0,3163.0,3108.0,3134.3,31857400,3447.7,2820.9,3839.9,2896.0,3147.4,19,2,3147.3,7,2,3147.2,67,2,3147.1,9,1,3147.0,77,3,3147.7,32,3,3147.8,1,1,3148.3,219,2,3148.4,200,1,3148.5,200,1
2031,2026-06-16 14:33:50+05:30,3147.7,25,3134.21,2865943,125570.0,199904.0,3163.0,3163.0,3108.0,3134.3,31857400,3447.7,2820.9,3839.9,2896.0,3147.4,19,2,3147.3,7,2,3147.2,67,2,3147.1,9,1,3147.0,77,3,3147.7,32,3,3147.8,1,1,3148.3,219,2,3148.4,200,1,3148.5,200,1
2031,2026-06-16 14:33:50+05:30,3147.7,1,3134.21,2865943,125570.0,199904.0,3163.0,3163.0,3108.0,3134.3,31857400,3447.7,2820.9,3839.9,2896.0,3147.4,19,2,3147.3,7,2,3147.2,67,2,3147.1,9,1,3147.0,77,3,3147.7,32,3,3147.8,1,1,3148.3,219,2,3148.4,200,1,3148.5,200,1
2031,2026-06-16 14:33:51+05:30,3147.7,1,3134.21,2865948,125391.0,199984.0,3163.0,3163.0,3108.0,3134.3,31857400,3447.7,2820.9,3839.9,2896.0,3147.4,15,2,3147.3,1,1,3147.2,17,1,3147.1,9,1,3147.0,77,3,3147.7,31,3,3147.8,1,1,3148.3,219,2,3148.4,200,1,3148.5,200,1
2031,2026-06-16 14:33:51+05:30,3147.7,1,3134.21,2865948,125391.0,199984.0,3163.0,3163.0,3108.0,3134.3,31857400,3447.7,2820.9,3839.9,2896.0,3147.4,15,2,3147.3,1,1,3147.2,17,1,3147.1,9,1,3147.0,77,3,3147.7,31,3,3147.8,1,1,3148.3,219,2,3148.4,200,1,3148.5,200,1
2031,2026-06-16 14:33:51+05:30,3147.7,11,3134.21,2865948,125391.0,199984.0,3163.0,3163.0,3108.0,3134.3,31857400,3447.7,2820.9,3839.9,2896.0,3147.4,15,2,3147.3,1,1,3147.2,17,1,3147.1,9,1,3147.0,77,3,3147.7,31,3,3147.8,1,1,3148.3,219,2,3148.4,200,1,3148.5,200,1
2031,2026-06-16 14:33:52+05:30,3147.7,11,3134.21,2866167,124873.0,200036.0,3163.0,3163.0,3108.0,3134.3,31857400,3447.7,2820.9,3839.9,2896.0,3147.3,1,1,3147.1,9,1,3147.0,75,3,3146.9,25,3,3146.8,66,4,3147.7,16,2,3148.3,219,2,3148.4,200,1,3148.6,53,2,3148.8,303,5
2031,2026-06-16 14:33:52+05:30,3147.7,11,3134.21,2866167,124873.0,200036.0,3163.0,3163.0,3108.0,3134.3,31857400,3447.7,2820.9,3839.9,2896.0,3147.3,1,1,3147.1,9,1,3147.0,75,3,3146.9,25,3,3146.8,66,4,3147.7,16,2,3148.3,219,2,3148.4,200,1,3148.6,53,2,3148.8,303,5
2031,2026-06-16 14:33:52+05:30,3147.7,5,3134.21,2866167,124873.0,200036.0,3163.0,3163.0,3108.0,3134.3,31857400,3447.7,2820.9,3839.9,2896.0,3147.3,1,1,3147.1,9,1,3147.0,75,3,3146.9,25,3,3146.8,66,4,3147.7,16,2,3148.3,219,2,3148.4,200,1,3148.6,53,2,3148.8,303,5
2031,2026-06-16 14:33:52+05:30,3147.7,5,3134.21,2866167,124873.0,200036.0,3163.0,3163.0,3108.0,3134.3,31857400,3447.7,2820.9,3839.9,2896.0,3147.3,1,1,3147.1,9,1,3147.0,75,3,3146.9,25,3,3146.8,66,4,3147.7,16,2,3148.3,219,2,3148.4,200,1,3148.6,53,2,3148.8,303,5
2031,2026-06-16 14:33:53+05:30,3147.7,5,3134.21,2866188,125501.0,199934.0,3163.0,3163.0,3108.0,3134.3,31857400,3447.7,2820.9,3839.9,2896.0,3147.7,22,2,3147.3,51,2,3147.1,21,1,3146.9,45,3,3146.8,227,6,3148.3,219,2,3148.4,200,1,3148.6,280,3,3148.8,1137,10,3148.9,6,1
2031,2026-06-16 14:33:53+05:30,3148.3,12,3134.21,2866188,125501.0,199934.0,3163.0,3163.0,3108.0,3134.3,31857400,3447.7,2820.9,3839.9,2896.0,3147.7,22,2,3147.3,51,2,3147.1,21,1,3146.9,45,3,3146.8,227,6,3148.3,219,2,3148.4,200,1,3148.6,280,3,3148.8,1137,10,3148.9,6,1
2031,2026-06-16 14:33:53+05:30,3148.3,12,3134.21,2866188,125501.0,199934.0,3163.0,3163.0,3108.0,3134.3,31854200,3447.7,2820.9,3839.9,2896.0,3147.7,22,2,3147.3,51,2,3147.1,21,1,3146.9,45,3,3146.8,227,6,3148.3,219,2,3148.4,200,1,3148.6,280,3,3148.8,1137,10,3148.9,6,1
2031,2026-06-16 14:33:54+05:30,3147.7,5,3134.21,2866205,125866.0,199658.0,3163.0,3163.0,3108.0,3134.3,31854200,3447.7,2820.9,3839.9,2896.0,3147.7,13,1,3147.3,51,2,3147.1,21,1,3146.9,45,3,3146.8,275,7,3148.3,225,3,3148.4,200,1,3148.6,80,2,3148.8,337,6,3148.9,93,3
2031,2026-06-16 14:33:54+05:30,3147.7,5,3134.21,2866205,125866.0,199658.0,3163.0,3163.0,3108.0,3134.3,31854200,3447.7,2820.9,3839.9,2896.0,3147.7,13,1,3147.3,51,2,3147.1,21,1,3146.9,45,3,3146.8,275,7,3148.3,225,3,3148.4,200,1,3148.6,80,2,3148.8,337,6,3148.9,93,3
2031,2026-06-16 14:33:55+05:30,3147.7,5,3134.21,2866205,125861.0,199706.0,3163.0,3163.0,3108.0,3134.3,31854200,3447.7,2820.9,3839.9,2896.0,3147.7,14,2,3147.3,67,3,3147.1,21,1,3147.0,5,1,3146.9,45,3,3148.3,261,4,3148.4,200,1,3148.6,163,4,3148.7,34,1,3148.8,396,7
2031,2026-06-16 14:33:55+05:30,3148.3,1,3134.21,2866205,125861.0,199706.0,3163.0,3163.0,3108.0,3134.3,31854200,3447.7,2820.9,3839.9,2896.0,3147.7,14,2,3147.3,67,3,3147.1,21,1,3147.0,5,1,3146.9,45,3,3148.3,261,4,3148.4,200,1,3148.6,163,4,3148.7,34,1,3148.8,396,7
2031,2026-06-16 14:33:56+05:30,3147.3,25,3134.21,2866256,125668.0,199786.0,3163.0,3163.0,3108.0,3134.3,31854200,3447.7,2820.9,3839.9,2896.0,3147.3,41,2,3147.2,16,1,3147.1,4,1,3147.0,5,1,3146.9,33,2,3148.3,250,5,3148.4,200,1,3148.5,7,1,3148.6,118,3,3148.7,83,2
2031,2026-06-16 14:33:56+05:30,3147.8,6,3134.21,2866256,125668.0,199786.0,3163.0,3163.0,3108.0,3134.3,31854200,3447.7,2820.9,3839.9,2896.0,3147.3,41,2,3147.2,16,1,3147.1,4,1,3147.0,5,1,3146.9,33,2,3148.3,250,5,3148.4,200,1,3148.5,7,1,3148.6,118,3,3148.7,83,2
2031,2026-06-16 14:33:57+05:30,3147.8,6,3134.21,2866262,125251.0,200321.0,3163.0,3163.0,3108.0,3134.3,31854200,3447.7,2820.9,3839.9,2896.0,3147.3,16,1,3147.2,16,1,3147.1,4,1,3147.0,70,3,3146.9,12,1,3147.8,1,1,3148.3,250,5,3148.4,200,1,3148.5,7,1,3148.6,386,7
2031,2026-06-16 14:33:57+05:30,3147.8,1,3134.21,2866262,125251.0,200321.0,3163.0,3163.0,3108.0,3134.3,31854200,3447.7,2820.9,3839.9,2896.0,3147.3,16,1,3147.2,16,1,3147.1,4,1,3147.0,70,3,3146.9,12,1,3147.8,1,1,3148.3,250,5,3148.4,200,1,3148.5,7,1,3148.6,386,7
2031,2026-06-16 14:33:58+05:30,3147.8,1,3134.21,2866263,125279.0,200310.0,3163.0,3163.0,3108.0,3134.3,31854200,3447.7,2820.9,3839.9,2896.0,3147.3,16,1,3147.2,16,1,3147.1,4,1,3147.0,70,3,3146.9,12,1,3147.8,6,2,3148.3,232,4,3148.4,200,1,3148.5,7,1,3148.6,386,7
2031,2026-06-16 14:33:58+05:30,3147.8,1,3134.21,2866263,125279.0,200310.0,3163.0,3163.0,3108.0,3134.3,31854200,3447.7,2820.9,3839.9,2896.0,3147.3,16,1,3147.2,16,1,3147.1,4,1,3147.0,70,3,3146.9,12,1,3147.8,6,2,3148.3,232,4,3148.4,200,1,3148.5,7,1,3148.6,386,7
2031,2026-06-16 14:33:58+05:30,3147.8,1,3134.21,2866266,125292.0,200331.0,3163.0,3163.0,3108.0,3134.3,31854200,3447.7,2820.9,3839.9,2896.0,3147.3,16,1,3147.2,25,2,3147.1,4,1,3147.0,71,4,3146.9,12,1,3147.8,26,3,3148.3,232,4,3148.4,200,1,3148.5,7,1,3148.6,386,7
2031,2026-06-16 14:33:59+05:30,3147.8,1,3134.21,2866266,125338.0,200550.0,3163.0,3163.0,3108.0,3134.3,31854200,3447.7,2820.9,3839.9,2896.0,3147.4,16,1,3147.0,35,4,3146.9,25,2,3146.8,233,6,3146.7,206,7,3147.8,27,4,3148.3,232,4,3148.4,400,2,3148.5,71,2,3148.6,1186,11
2031,2026-06-16 14:34:00+05:30,3147.8,1,3134.21,2866266,125338.0,200550.0,3163.0,3163.0,3108.0,3134.3,31854200,3447.7,2820.9,3839.9,2896.0,3147.4,16,1,3147.0,35,4,3146.9,25,2,3146.8,233,6,3146.7,206,7,3147.8,27,4,3148.3,232,4,3148.4,400,2,3148.5,71,2,3148.6,1186,11
2031,2026-06-16 14:34:00+05:30,3147.8,1,3134.21,2866310,126675.0,198127.0,3163.0,3163.0,3108.0,3134.3,31854200,3447.7,2820.9,3839.9,2896.0,3147.8,49,6,3147.7,9,1,3147.6,81,6,3147.5,191,3,3147.4,42,5,3148.3,231,3,3148.4,200,1,3148.6,232,2,3148.8,1000,5,3149.0,284,4
2031,2026-06-16 14:34:01+05:30,3147.8,1,3134.21,2866310,126675.0,198127.0,3163.0,3163.0,3108.0,3134.3,31854200,3447.7,2820.9,3839.9,2896.0,3147.8,49,6,3147.7,9,1,3147.6,81,6,3147.5,191,3,3147.4,42,5,3148.3,231,3,3148.4,200,1,3148.6,232,2,3148.8,1000,5,3149.0,284,4
2031,2026-06-16 14:34:01+05:30,3147.8,1,3134.21,2866356,126389.0,198853.0,3163.0,3163.0,3108.0,3134.3,31854200,3447.7,2820.9,3839.9,2896.0,3147.6,6,4,3147.5,42,4,3147.4,30,4,3147.3,103,5,3147.2,54,2,3147.8,110,1,3148.3,91,3,3148.4,200,1,3148.6,232,2,3148.7,1000,5
2031,2026-06-16 14:34:02+05:30,3147.8,110,3134.21,2866356,126389.0,198853.0,3163.0,3163.0,3108.0,3134.3,31854200,3447.7,2820.9,3839.9,2896.0,3147.6,6,4,3147.5,42,4,3147.4,30,4,3147.3,103,5,3147.2,54,2,3147.8,110,1,3148.3,91,3,3148.4,200,1,3148.6,232,2,3148.7,1000,5
2031,2026-06-16 14:34:02+05:30,3147.8,110,3134.22,2866466,126891.0,199042.0,3163.0,3163.0,3108.0,3134.3,31854200,3447.7,2820.9,3839.9,2896.0,3147.8,25,1,3147.6,23,5,3147.5,42,4,3147.4,48,5,3147.3,164,7,3148.3,91,3,3148.4,200,1,3148.6,232,2,3148.8,1000,5,3149.0,332,5
2031,2026-06-16 14:34:03+05:30,3147.7,122,3134.22,2866466,126891.0,199042.0,3163.0,3163.0,3108.0,3134.3,31854200,3447.7,2820.9,3839.9,2896.0,3147.8,25,1,3147.6,23,5,3147.5,42,4,3147.4,48,5,3147.3,164,7,3148.3,91,3,3148.4,200,1,3148.6,232,2,3148.8,1000,5,3149.0,332,5
2031,2026-06-16 14:34:03+05:30,3147.7,122,3134.22,2866666,126702.0,198985.0,3163.0,3163.0,3108.0,3134.3,31854200,3447.7,2820.9,3839.9,2896.0,3147.7,18,1,3147.6,56,6,3147.5,68,3,3147.4,47,5,3147.3,122,5,3148.3,91,3,3148.4,200,1,3148.6,232,2,3148.8,1000,5,3149.0,332,5
2031,2026-06-16 14:34:04+05:30,3148.3,1,3134.22,2866666,126702.0,198985.0,3163.0,3163.0,3108.0,3134.3,31854200,3447.7,2820.9,3839.9,2896.0,3147.7,18,1,3147.6,56,6,3147.5,68,3,3147.4,47,5,3147.3,122,5,3148.3,91,3,3148.4,200,1,3148.6,232,2,3148.8,1000,5,3149.0,332,5
2031,2026-06-16 14:34:05+05:30,3148.3,1,3134.22,2866667,126701.0,198984.0,3163.0,3163.0,3108.0,3134.3,31854200,3447.7,2820.9,3839.9,2896.0,3147.7,33,5,3147.6,22,4,3147.5,68,3,3147.4,60,6,3147.3,122,5,3148.3,90,3,3148.4,200,1,3148.6,232,2,3148.8,1000,5,3149.0,332,5
2031,2026-06-16 14:34:05+05:30,3147.7,6,3134.22,2866667,126701.0,198984.0,3163.0,3163.0,3108.0,3134.3,31854200,3447.7,2820.9,3839.9,2896.0,3147.7,33,5,3147.6,22,4,3147.5,68,3,3147.4,60,6,3147.3,122,5,3148.3,90,3,3148.4,200,1,3148.6,232,2,3148.8,1000,5,3149.0,332,5
2031,2026-06-16 14:34:06+05:30,3147.7,6,3134.22,2866706,126485.0,199026.0,3163.0,3163.0,3108.0,3134.3,31854200,3447.7,2820.9,3839.9,2896.0,3148.0,2,2,3147.9,17,1,3147.8,7,1,3147.7,55,4,3147.6,32,3,3148.3,52,2,3148.4,200,1,3148.6,232,2,3148.8,1000,5,3149.0,332,5
2031,2026-06-16 14:34:06+05:30,3147.9,6,3134.22,2866706,126485.0,199026.0,3163.0,3163.0,3108.0,3134.3,31854200,3447.7,2820.9,3839.9,2896.0,3148.0,2,2,3147.9,17,1,3147.8,7,1,3147.7,55,4,3147.6,32,3,3148.3,52,2,3148.4,200,1,3148.6,232,2,3148.8,1000,5,3149.0,332,5
2031,2026-06-16 14:34:07+05:30,3148.3,4,3134.22,2866721,126646.0,199030.0,3163.0,3163.0,3108.0,3134.3,31854200,3447.7,2820.9,3839.9,2896.0,3147.9,11,1,3147.8,17,1,3147.7,54,3,3147.6,66,5,3147.5,53,3,3148.3,56,3,3148.4,200,1,3148.6,232,2,3148.8,1000,5,3149.0,332,5
2031,2026-06-16 14:34:07+05:30,3148.3,4,3134.22,2866721,126646.0,199030.0,3163.0,3163.0,3108.0,3134.3,31854200,3447.7,2820.9,3839.9,2896.0,3147.9,11,1,3147.8,17,1,3147.7,54,3,3147.6,66,5,3147.5,53,3,3148.3,56,3,3148.4,200,1,3148.6,232,2,3148.8,1000,5,3149.0,332,5
2031,2026-06-16 14:34:08+05:30,3148.3,4,3134.22,2866721,126726.0,199069.0,3163.0,3163.0,3108.0,3134.3,31854200,3447.7,2820.9,3839.9,2896.0,3147.9,39,1,3147.7,86,5,3147.6,63,4,3147.5,53,3,3147.4,43,5,3148.3,89,4,3148.4,206,2,3148.6,232,2,3148.8,1000,5,3149.0,332,5
2031,2026-06-16 14:34:09+05:30,3148.3,1,3134.22,2866722,126732.0,199035.0,3163.0,3163.0,3108.0,3134.3,31854200,3447.7,2820.9,3839.9,2896.0,3148.1,7,1,3147.9,45,2,3147.8,24,2,3147.7,62,3,3147.6,63,4,3148.3,105,5,3148.4,206,2,3148.6,232,2,3148.8,1000,5,3149.0,332,5
2031,2026-06-16 14:34:09+05:30,3148.3,1,3134.22,2866722,126732.0,199035.0,3163.0,3163.0,3108.0,3134.3,31854200,3447.7,2820.9,3839.9,2896.0,3148.1,7,1,3147.9,45,2,3147.8,24,2,3147.7,62,3,3147.6,63,4,3148.3,105,5,3148.4,206,2,3148.6,232,2,3148.8,1000,5,3149.0,332,5
2031,2026-06-16 14:34:10+05:30,3148.1,1,3134.22,2866723,126817.0,198529.0,3163.0,3163.0,3108.0,3134.3,31854200,3447.7,2820.9,3839.9,2896.0,3148.1,57,6,3148.0,22,2,3147.9,68,4,3147.8,7,1,3147.7,45,2,3148.3,119,6,3148.4,274,3,3148.6,232,2,3148.8,1000,5,3149.0,264,3
2031,2026-06-16 14:34:10+05:30,3148.3,8,3134.22,2866723,126817.0,198529.0,3163.0,3163.0,3108.0,3134.3,31854200,3447.7,2820.9,3839.9,2896.0,3148.1,57,6,3148.0,22,2,3147.9,68,4,3147.8,7,1,3147.7,45,2,3148.3,119,6,3148.4,274,3,3148.6,232,2,3148.8,1000,5,3149.0,264,3
2031,2026-06-16 14:34:11+05:30,3148.3,8,3134.22,2866742,126822.0,198517.0,3163.0,3163.0,3108.0,3134.3,31854200,3447.7,2820.9,3839.9,2896.0,3148.1,44,4,3148.0,38,3,3147.9,68,4,3147.8,10,2,3147.7,45,2,3148.3,105,6,3148.4,274,3,3148.6,232,2,3148.8,1000,5,3149.0,264,3
2031,2026-06-16 14:34:11+05:30,3148.4,1,3134.22,2866742,126822.0,198517.0,3163.0,3163.0,3108.0,3134.3,31854200,3447.7,2820.9,3839.9,2896.0,3148.1,44,4,3148.0,38,3,3147.9,68,4,3147.8,10,2,3147.7,45,2,3148.3,105,6,3148.4,274,3,3148.6,232,2,3148.8,1000,5,3149.0,264,3
2031,2026-06-16 14:34:12+05:30,3148.4,1,3134.22,2866855,126835.0,198149.0,3163.0,3163.0,3108.0,3134.3,31854200,3447.7,2820.9,3839.9,2896.0,3148.3,2,1,3148.1,48,4,3148.0,19,2,3147.9,68,4,3147.8,56,3,3148.4,273,3,3148.6,232,2,3148.8,1000,5,3149.0,264,3,3149.1,400,2
2031,2026-06-16 14:34:13+05:30,3148.4,1,3134.22,2866855,127038.0,198133.0,3163.0,3163.0,3108.0,3134.3,31854200,3447.7,2820.9,3839.9,2896.0,3148.3,2,1,3148.1,48,4,3148.0,19,2,3147.9,68,4,3147.8,56,3,3148.4,273,3,3148.6,232,2,3148.8,1000,5,3149.0,264,3,3149.1,400,2
2031,2026-06-16 14:34:14+05:30,3148.3,22,3134.22,2867440,127407.0,196860.0,3163.0,3163.0,3108.0,3134.3,31854200,3447.7,2820.9,3839.9,2896.0,3148.2,38,5,3148.1,84,8,3148.0,121,5,3147.9,134,6,3147.8,382,6,3149.0,64,2,3149.3,132,2,3149.5,190,1,3149.6,31,1,3149.8,270,3
2031,2026-06-16 14:34:14+05:30,3149.3,7,3134.22,2867440,127407.0,196860.0,3163.0,3163.0,3108.0,3134.3,31854200,3447.7,2820.9,3839.9,2896.0,3148.2,38,5,3148.1,84,8,3148.0,121,5,3147.9,134,6,3147.8,382,6,3149.0,64,2,3149.3,132,2,3149.5,190,1,3149.6,31,1,3149.8,270,3
2031,2026-06-16 14:34:15+05:30,3149.3,7,3134.22,2867676,128666.0,197208.0,3163.0,3163.0,3108.0,3134.3,31854200,3447.7,2820.9,3839.9,2896.0,3148.4,38,5,3148.3,51,6,3148.2,82,7,3148.1,128,8,3148.0,54,2,3149.3,25,1,3149.5,190,1,3149.6,31,1,3149.8,222,2,3149.9,655,4
2031,2026-06-16 14:34:15+05:30,3149.3,42,3134.22,2867676,128666.0,197208.0,3163.0,3163.0,3108.0,3134.3,31854200,3447.7,2820.9,3839.9,2896.0,3148.4,38,5,3148.3,51,6,3148.2,82,7,3148.1,128,8,3148.0,54,2,3149.3,25,1,3149.5,190,1,3149.6,31,1,3149.8,222,2,3149.9,655,4
2031,2026-06-16 14:34:16+05:30,3149.3,42,3134.22,2867838,128730.0,197202.0,3163.0,3163.0,3108.0,3134.3,31854200,3447.7,2820.9,3839.9,2896.0,3148.5,29,5,3148.4,10,3,3148.3,62,6,3148.2,172,5,3148.1,117,6,3149.3,63,4,3149.5,190,1,3149.6,31,1,3149.8,800,4,3149.9,400,2
2031,2026-06-16 14:34:16+05:30,3148.8,9,3134.22,2867838,128730.0,197202.0,3163.0,3163.0,3108.0,3134.3,31854200,3447.7,2820.9,3839.9,2896.0,3148.5,29,5,3148.4,10,3,3148.3,62,6,3148.2,172,5,3148.1,117,6,3149.3,63,4,3149.5,190,1,3149.6,31,1,3149.8,800,4,3149.9,400,2
2031,2026-06-16 14:34:17+05:30,3148.5,16,3134.22,2868052,128425.0,197043.0,3163.0,3163.0,3108.0,3134.3,31854200,3447.7,2820.9,3839.9,2896.0,3148.5,25,1,3148.4,1,1,3148.3,4,2,3148.2,29,3,3148.1,62,3,3149.2,11,1,3149.3,114,6,3149.5,190,1,3149.6,272,3,3149.8,1142,9
2031,2026-06-16 14:34:17+05:30,3149.3,1,3134.22,2868052,128425.0,197043.0,3163.0,3163.0,3108.0,3134.3,31854200,3447.7,2820.9,3839.9,2896.0,3148.5,25,1,3148.4,1,1,3148.3,4,2,3148.2,29,3,3148.1,62,3,3149.2,11,1,3149.3,114,6,3149.5,190,1,3149.6,272,3,3149.8,1142,9
2031,2026-06-16 14:34:17+05:30,3149.3,1,3134.22,2868064,128628.0,196978.0,3163.0,3163.0,3108.0,3134.3,31854200,3447.7,2820.9,3839.9,2896.0,3149.2,4,1,3148.5,56,3,3148.4,70,3,3148.3,263,5,3148.2,98,6,3149.3,71,5,3149.4,32,1,3149.5,190,1,3149.6,31,1,3149.8,51,1
2031,2026-06-16 14:34:18+05:30,3149.3,11,3134.22,2868064,128628.0,196978.0,3163.0,3163.0,3108.0,3134.3,31854200,3447.7,2820.9,3839.9,2896.0,3149.2,4,1,3148.5,56,3,3148.4,70,3,3148.3,263,5,3148.2,98,6,3149.3,71,5,3149.4,32,1,3149.5,190,1,3149.6,31,1,3149.8,51,1
2031,2026-06-16 14:34:19+05:30,3149.3,11,3134.22,2868106,128687.0,197017.0,3163.0,3163.0,3108.0,3134.3,31854200,3447.7,2820.9,3839.9,2896.0,3149.2,39,2,3148.5,54,5,3148.4,83,4,3148.3,88,4,3148.2,66,5,3149.3,30,2,3149.4,32,1,3149.5,190,1,3149.6,31,1,3149.8,51,1
2031,2026-06-16 14:34:19+05:30,3149.3,1,3134.22,2868106,128687.0,197017.0,3163.0,3163.0,3108.0,3134.3,31854200,3447.7,2820.9,3839.9,2896.0,3149.2,39,2,3148.5,54,5,3148.4,83,4,3148.3,88,4,3148.2,66,5,3149.3,30,2,3149.4,32,1,3149.5,190,1,3149.6,31,1,3149.8,51,1
2031,2026-06-16 14:34:20+05:30,3149.3,1,3134.22,2868110,128560.0,196893.0,3163.0,3163.0,3108.0,3134.3,31854200,3447.7,2820.9,3839.9,2896.0,3149.2,39,2,3148.5,53,4,3148.4,83,4,3148.3,135,4,3148.2,34,5,3149.3,26,2,3149.4,32,1,3149.5,190,1,3149.6,31,1,3149.7,200,1
2031,2026-06-16 14:34:21+05:30,3149.3,1,3134.22,2868110,128560.0,197013.0,3163.0,3163.0,3108.0,3134.3,31854200,3447.7,2820.9,3839.9,2896.0,3149.2,39,2,3149.1,16,1,3148.5,37,3,3148.4,83,4,3148.3,135,4,3149.3,40,3,3149.4,32,1,3149.5,190,1,3149.6,31,1,3149.9,203,2
2031,2026-06-16 14:34:21+05:30,3149.3,14,3134.22,2868110,128560.0,197013.0,3163.0,3163.0,3108.0,3134.3,31854200,3447.7,2820.9,3839.9,2896.0,3149.2,39,2,3149.1,16,1,3148.5,37,3,3148.4,83,4,3148.3,135,4,3149.3,40,3,3149.4,32,1,3149.5,190,1,3149.6,31,1,3149.9,203,2
2031,2026-06-16 14:34:22+05:30,3149.5,1,3134.22,2868156,128662.0,196818.0,3163.0,3163.0,3108.0,3134.3,31854200,3447.7,2820.9,3839.9,2896.0,3149.2,38,1,3149.1,18,1,3148.5,37,3,3148.4,77,3,3148.3,135,4,3149.5,216,2,3149.6,31,1,3149.7,26,1,3149.8,33,1,3149.9,839,6
2031,2026-06-16 14:34:22+05:30,3149.5,1,3134.22,2868156,128662.0,196818.0,3163.0,3163.0,3108.0,3134.3,31854200,3447.7,2820.9,3839.9,2896.0,3149.2,38,1,3149.1,18,1,3148.5,37,3,3148.4,77,3,3148.3,135,4,3149.5,216,2,3149.6,31,1,3149.7,26,1,3149.8,33,1,3149.9,839,6
2031,2026-06-16 14:34:23+05:30,3149.5,25,3134.22,2868181,128788.0,196575.0,3163.0,3163.0,3108.0,3134.3,31854200,3447.7,2820.9,3839.9,2896.0,3149.2,38,1,3148.5,53,4,3148.4,77,3,3148.3,72,3,3148.2,34,5,3149.5,232,4,3149.6,31,1,3149.7,26,1,3149.8,833,5,3149.9,439,4
2031,2026-06-16 14:34:23+05:30,3149.5,157,3134.22,2868181,128788.0,196575.0,3163.0,3163.0,3108.0,3134.3,31854200,3447.7,2820.9,3839.9,2896.0,3149.2,38,1,3148.5,53,4,3148.4,77,3,3148.3,72,3,3148.2,34,5,3149.5,232,4,3149.6,31,1,3149.7,26,1,3149.8,833,5,3149.9,439,4
2031,2026-06-16 14:34:24+05:30,3149.5,1,3134.22,2868339,128746.0,196455.0,3163.0,3163.0,3108.0,3134.3,31854200,3447.7,2820.9,3839.9,2896.0,3149.2,38,1,3148.5,53,4,3148.4,77,3,3148.3,24,2,3148.2,34,5,3149.5,74,4,3149.6,31,1,3149.7,26,1,3149.8,871,6,3149.9,487,5
2031,2026-06-16 14:34:24+05:30,3149.5,1,3134.22,2868339,128746.0,196455.0,3163.0,3163.0,3108.0,3134.3,31854200,3447.7,2820.9,3839.9,2896.0,3149.2,38,1,3148.5,53,4,3148.4,77,3,3148.3,24,2,3148.2,34,5,3149.5,74,4,3149.6,31,1,3149.7,26,1,3149.8,871,6,3149.9,487,5
2031,2026-06-16 14:34:25+05:30,3149.5,10,3134.22,2868354,128756.0,196410.0,3163.0,3163.0,3108.0,3134.3,31854200,3447.7,2820.9,3839.9,2896.0,3149.2,38,1,3149.1,16,1,3148.5,148,5,3148.4,103,4,3148.3,24,2,3149.5,99,4,3149.6,31,1,3149.7,26,1,3149.9,39,2,3150.0,1443,8
2031,2026-06-16 14:34:25+05:30,3149.5,10,3134.22,2868354,128756.0,196410.0,3163.0,3163.0,3108.0,3134.3,31854200,3447.7,2820.9,3839.9,2896.0,3149.2,38,1,3149.1,16,1,3148.5,148,5,3148.4,103,4,3148.3,24,2,3149.5,99,4,3149.6,31,1,3149.7,26,1,3149.9,39,2,3150.0,1443,8
2031,2026-06-16 14:34:26+05:30,3149.5,10,3134.22,2868354,128724.0,196411.0,3163.0,3163.0,3108.0,3134.3,31854200,3447.7,2820.9,3839.9,2896.0,3149.2,38,1,3149.1,16,1,3148.5,148,5,3148.4,103,4,3148.3,24,2,3149.5,99,4,3149.6,31,1,3149.7,26,1,3149.9,39,2,3150.0,1443,8
2031,2026-06-16 14:34:26+05:30,3149.2,9,3134.22,2868354,128724.0,196411.0,3163.0,3163.0,3108.0,3134.3,31854200,3447.7,2820.9,3839.9,2896.0,3149.2,38,1,3149.1,16,1,3148.5,148,5,3148.4,103,4,3148.3,24,2,3149.5,99,4,3149.6,31,1,3149.7,26,1,3149.9,39,2,3150.0,1443,8
2031,2026-06-16 14:34:27+05:30,3149.5,4,3134.22,2868367,128895.0,196533.0,3163.0,3163.0,3108.0,3134.3,31854200,3447.7,2820.9,3839.9,2896.0,3149.2,39,2,3149.1,16,1,3148.5,148,5,3148.4,13,1,3148.3,76,4,3149.5,80,3,3149.6,51,2,3149.8,200,1,3149.9,671,6,3150.0,1616,8
2031,2026-06-16 14:34:27+05:30,3149.4,1,3134.22,2868367,128895.0,196533.0,3163.0,3163.0,3108.0,3134.3,31854200,3447.7,2820.9,3839.9,2896.0,3149.2,39,2,3149.1,16,1,3148.5,148,5,3148.4,13,1,3148.3,76,4,3149.5,80,3,3149.6,51,2,3149.8,200,1,3149.9,671,6,3150.0,1616,8
2031,2026-06-16 14:34:28+05:30,3149.4,1,3134.23,2868568,128879.0,196613.0,3163.0,3163.0,3108.0,3134.3,31854200,3447.7,2820.9,3839.9,2896.0,3149.1,16,1,3148.5,17,1,3148.3,35,2,3148.2,66,5,3148.1,165,4,3149.5,100,4,3149.6,31,1,3149.7,93,4,3149.8,838,5,3149.9,436,3
2031,2026-06-16 14:34:29+05:30,3149.5,1,3134.23,2868569,129077.0,196663.0,3163.0,3163.0,3108.0,3134.3,31854200,3447.7,2820.9,3839.9,2896.0,3149.1,16,1,3148.5,17,1,3148.3,35,2,3148.2,69,6,3148.1,170,4,3149.5,99,4,3149.6,31,1,3149.7,66,3,3149.8,838,5,3149.9,463,4
2031,2026-06-16 14:34:29+05:30,3149.5,1,3134.23,2868569,129077.0,196663.0,3163.0,3163.0,3108.0,3134.3,31854200,3447.7,2820.9,3839.9,2896.0,3149.1,16,1,3148.5,17,1,3148.3,35,2,3148.2,69,6,3148.1,170,4,3149.5,99,4,3149.6,31,1,3149.7,66,3,3149.8,838,5,3149.9,463,4
2031,2026-06-16 14:34:30+05:30,3149.1,4,3134.23,2868573,129129.0,196696.0,3163.0,3163.0,3108.0,3134.3,31854200,3447.7,2820.9,3839.9,2896.0,3149.1,62,4,3148.5,98,4,3148.4,41,2,3148.3,121,4,3148.2,34,5,3149.5,115,5,3149.6,31,1,3149.7,3,1,3149.8,200,1,3149.9,636,4
2031,2026-06-16 14:34:30+05:30,3149.5,1,3134.23,2868573,129129.0,196696.0,3163.0,3163.0,3108.0,3134.3,31854200,3447.7,2820.9,3839.9,2896.0,3149.1,62,4,3148.5,98,4,3148.4,41,2,3148.3,121,4,3148.2,34,5,3149.5,115,5,3149.6,31,1,3149.7,3,1,3149.8,200,1,3149.9,636,4
2031,2026-06-16 14:34:31+05:30,3149.5,1,3134.23,2868575,129157.0,196669.0,3163.0,3163.0,3108.0,3134.3,31854200,3447.7,2820.9,3839.9,2896.0,3149.3,2,2,3149.1,62,4,3148.6,14,1,3148.5,120,5,3148.3,121,4,3149.5,152,7,3149.6,57,2,3149.7,3,1,3149.8,200,1,3149.9,636,4
2031,2026-06-16 14:34:31+05:30,3149.3,1,3134.23,2868575,129157.0,196669.0,3163.0,3163.0,3108.0,3134.3,31854200,3447.7,2820.9,3839.9,2896.0,3149.3,2,2,3149.1,62,4,3148.6,14,1,3148.5,120,5,3148.3,121,4,3149.5,152,7,3149.6,57,2,3149.7,3,1,3149.8,200,1,3149.9,636,4
2031,2026-06-16 14:34:32+05:30,3149.3,1,3134.23,2868576,129023.0,195706.0,3163.0,3163.0,3108.0,3134.3,31854200,3447.7,2820.9,3839.9,2896.0,3149.3,61,5,3149.1,65,4,3148.6,14,1,3148.5,87,3,3148.3,121,4,3149.5,152,7,3149.6,31,1,3149.7,3,1,3149.8,200,1,3149.9,636,4
2031,2026-06-16 14:34:33+05:30,3149.3,38,3134.23,2868617,128757.0,196597.0,3163.0,3163.0,3108.0,3134.3,31854200,3447.7,2820.9,3839.9,2896.0,3149.3,22,4,3149.1,65,4,3148.5,39,2,3148.4,14,1,3148.3,121,4,3149.5,162,9,3149.6,31,1,3149.7,50,3,3149.8,800,4,3149.9,436,3
2031,2026-06-16 14:34:33+05:30,3149.3,38,3134.23,2868617,128757.0,196597.0,3163.0,3163.0,3108.0,3134.3,31854200,3447.7,2820.9,3839.9,2896.0,3149.3,22,4,3149.1,65,4,3148.5,39,2,3148.4,14,1,3148.3,121,4,3149.5,162,9,3149.6,31,1,3149.7,50,3,3149.8,800,4,3149.9,436,3
2031,2026-06-16 14:34:34+05:30,3149.3,38,3134.23,2868617,128757.0,196597.0,3163.0,3163.0,3108.0,3134.3,31854200,3447.7,2820.9,3839.9,2896.0,3149.3,22,4,3149.1,65,4,3148.5,39,2,3148.4,14,1,3148.3,121,4,3149.5,162,9,3149.6,31,1,3149.7,50,3,3149.8,800,4,3149.9,436,3
2031,2026-06-16 14:34:34+05:30,3149.5,5,3134.23,2868774,129075.0,196550.0,3163.0,3163.0,3108.0,3134.3,31854200,3447.7,2820.9,3839.9,2896.0,3149.3,6,4,3149.1,81,5,3148.5,39,2,3148.4,17,2,3148.3,118,3,3149.5,33,2,3149.6,31,1,3149.7,23,2,3149.8,838,5,3149.9,436,3
2031,2026-06-16 14:34:34+05:30,3149.5,1,3134.23,2868774,129075.0,196550.0,3163.0,3163.0,3108.0,3134.3,31854200,3447.7,2820.9,3839.9,2896.0,3149.3,6,4,3149.1,81,5,3148.5,39,2,3148.4,17,2,3148.3,118,3,3149.5,33,2,3149.6,31,1,3149.7,23,2,3149.8,838,5,3149.9,436,3
2031,2026-06-16 14:34:35+05:30,3149.5,1,3134.23,2868776,129077.0,196623.0,3163.0,3163.0,3108.0,3134.3,31854200,3447.7,2820.9,3839.9,2896.0,3149.3,21,5,3149.1,65,4,3148.5,39,2,3148.4,17,2,3148.3,118,3,3149.5,54,3,3149.6,31,1,3149.7,23,2,3149.8,238,2,3149.9,636,4
2031,2026-06-16 14:34:35+05:30,3149.5,5,3134.23,2868776,129077.0,196623.0,3163.0,3163.0,3108.0,3134.3,31854200,3447.7,2820.9,3839.9,2896.0,3149.3,21,5,3149.1,65,4,3148.5,39,2,3148.4,17,2,3148.3,118,3,3149.5,54,3,3149.6,31,1,3149.7,23,2,3149.8,238,2,3149.9,636,4
2031,2026-06-16 14:34:35+05:30,3149.5,5,3134.23,2868776,129077.0,196623.0,3163.0,3163.0,3108.0,3134.3,31854200,3447.7,2820.9,3839.9,2896.0,3149.3,21,5,3149.1,65,4,3148.5,39,2,3148.4,17,2,3148.3,118,3,3149.5,54,3,3149.6,31,1,3149.7,23,2,3149.8,238,2,3149.9,636,4
2031,2026-06-16 14:34:36+05:30,3149.5,2,3134.23,2868785,128871.0,196568.0,3163.0,3163.0,3108.0,3134.3,31854200,3447.7,2820.9,3839.9,2896.0,3149.4,1,1,3149.3,20,4,3149.1,65,4,3148.5,39,2,3148.4,17,2,3149.5,45,3,3149.6,31,1,3149.7,23,2,3149.8,200,1,3149.9,674,5
2031,2026-06-16 14:34:36+05:30,3149.5,1,3134.23,2868785,128871.0,196568.0,3163.0,3163.0,3108.0,3134.3,31854200,3447.7,2820.9,3839.9,2896.0,3149.4,1,1,3149.3,20,4,3149.1,65,4,3148.5,39,2,3148.4,17,2,3149.5,45,3,3149.6,31,1,3149.7,23,2,3149.8,200,1,3149.9,674,5
2031,2026-06-16 14:34:37+05:30,3149.5,1,3134.23,2868881,128736.0,196523.0,3163.0,3163.0,3108.0,3134.3,31854200,3447.7,2820.9,3839.9,2896.0,3149.4,17,1,3149.3,4,2,3149.2,15,1,3149.1,50,3,3148.5,39,2,3149.5,54,3,3149.6,31,1,3149.7,23,2,3149.8,831,5,3149.9,474,4
2031,2026-06-16 14:34:37+05:30,3149.5,1,3134.23,2868881,128736.0,196523.0,3163.0,3163.0,3108.0,3134.3,31854200,3447.7,2820.9,3839.9,2896.0,3149.4,17,1,3149.3,4,2,3149.2,15,1,3149.1,50,3,3148.5,39,2,3149.5,54,3,3149.6,31,1,3149.7,23,2,3149.8,831,5,3149.9,474,4
2031,2026-06-16 14:34:38+05:30,3149.5,1,3134.23,2868881,128736.0,196523.0,3163.0,3163.0,3108.0,3134.3,31854200,3447.7,2820.9,3839.9,2896.0,3149.4,17,1,3149.3,4,2,3149.2,15,1,3149.1,50,3,3148.5,39,2,3149.5,54,3,3149.6,31,1,3149.7,23,2,3149.8,831,5,3149.9,474,4
2031,2026-06-16 14:34:38+05:30,3149.5,1,3134.23,2868881,128760.0,196534.0,3163.0,3163.0,3108.0,3134.3,31854200,3447.7,2820.9,3839.9,2896.0,3149.4,17,1,3149.3,4,2,3149.2,15,1,3149.1,44,2,3148.5,39,2,3149.5,63,4,3149.6,31,1,3149.7,23,2,3149.8,231,2,3149.9,674,5
2031,2026-06-16 14:34:38+05:30,3149.5,3,3134.23,2868881,128760.0,196534.0,3163.0,3163.0,3108.0,3134.3,31854200,3447.7,2820.9,3839.9,2896.0,3149.4,17,1,3149.3,4,2,3149.2,15,1,3149.1,44,2,3148.5,39,2,3149.5,63,4,3149.6,31,1,3149.7,23,2,3149.8,231,2,3149.9,674,5
2031,2026-06-16 14:34:39+05:30,3149.5,1,3134.23,2868888,128719.0,196573.0,3163.0,3163.0,3108.0,3134.3,31854200,3447.7,2820.9,3839.9,2896.0,3149.4,23,2,3149.3,4,2,3149.2,15,1,3149.1,44,2,3148.5,39,2,3149.5,80,5,3149.6,100,3,3149.7,23,2,3149.8,269,3,3149.9,636,4
2031,2026-06-16 14:34:39+05:30,3149.5,1,3134.23,2868888,128719.0,196573.0,3163.0,3163.0,3108.0,3134.3,31854200,3447.7,2820.9,3839.9,2896.0,3149.4,23,2,3149.3,4,2,3149.2,15,1,3149.1,44,2,3148.5,39,2,3149.5,80,5,3149.6,100,3,3149.7,23,2,3149.8,269,3,3149.9,636,4
2031,2026-06-16 14:34:40+05:30,3149.5,5,3134.23,2868893,128632.0,196569.0,3163.0,3163.0,3108.0,3134.3,31854200,3447.7,2820.9,3839.9,2896.0,3149.4,23,2,3149.3,4,2,3149.2,15,1,3149.1,44,2,3148.5,39,2,3149.5,75,5,3149.6,100,3,3149.7,23,2,3149.8,269,3,3149.9,636,4
2031,2026-06-16 14:34:40+05:30,3149.5,5,3134.23,2868893,128632.0,196569.0,3163.0,3163.0,3108.0,3134.3,31854200,3447.7,2820.9,3839.9,2896.0,3149.4,23,2,3149.3,4,2,3149.2,15,1,3149.1,44,2,3148.5,39,2,3149.5,75,5,3149.6,100,3,3149.7,23,2,3149.8,269,3,3149.9,636,4
2031,2026-06-16 14:34:40+05:30,3149.5,22,3134.23,2868893,128632.0,196569.0,3163.0,3163.0,3108.0,3134.3,31854200,3447.7,2820.9,3839.9,2896.0,3149.4,23,2,3149.3,4,2,3149.2,15,1,3149.1,44,2,3148.5,39,2,3149.5,75,5,3149.6,100,3,3149.7,23,2,3149.8,269,3,3149.9,636,4
2031,2026-06-16 14:34:41+05:30,3149.5,23,3134.23,2869067,128665.0,196491.0,3163.0,3163.0,3108.0,3134.3,31854200,3447.7,2820.9,3839.9,2896.0,3149.4,22,2,3149.3,4,2,3149.2,50,1,3149.1,43,1,3148.5,39,2,3149.5,56,3,3149.6,31,1,3149.8,200,1,3149.9,636,4,3150.0,1675,10
2031,2026-06-16 14:34:41+05:30,3149.5,2,3134.23,2869067,128665.0,196491.0,3163.0,3163.0,3108.0,3134.3,31854200,3447.7,2820.9,3839.9,2896.0,3149.4,22,2,3149.3,4,2,3149.2,50,1,3149.1,43,1,3148.5,39,2,3149.5,56,3,3149.6,31,1,3149.8,200,1,3149.9,636,4,3150.0,1675,10
2031,2026-06-16 14:34:42+05:30,3149.5,5,3134.23,2869083,128678.0,196509.0,3163.0,3163.0,3108.0,3134.3,31854200,3447.7,2820.9,3839.9,2896.0,3149.4,37,3,3149.3,2,1,3149.2,50,1,3149.1,43,1,3148.5,39,2,3149.5,72,2,3149.6,31,1,3149.8,200,1,3149.9,636,4,3150.0,1563,8
2031,2026-06-16 14:34:42+05:30,3149.5,5,3134.23,2869083,128678.0,196509.0,3163.0,3163.0,3108.0,3134.3,31854200,3447.7,2820.9,3839.9,2896.0,3149.4,37,3,3149.3,2,1,3149.2,50,1,3149.1,43,1,3148.5,39,2,3149.5,72,2,3149.6,31,1,3149.8,200,1,3149.9,636,4,3150.0,1563,8
2031,2026-06-16 14:34:42+05:30,3149.5,5,3134.23,2869083,128678.0,196509.0,3163.0,3163.0,3108.0,3134.3,31854200,3447.7,2820.9,3839.9,2896.0,3149.4,37,3,3149.3,2,1,3149.2,50,1,3149.1,43,1,3148.5,39,2,3149.5,72,2,3149.6,31,1,3149.8,200,1,3149.9,636,4,3150.0,1563,8
2031,2026-06-16 14:34:43+05:30,3149.5,1,3134.23,2869084,128678.0,196431.0,3163.0,3163.0,3108.0,3134.3,31854200,3447.7,2820.9,3839.9,2896.0,3149.4,37,3,3149.3,2,1,3149.2,50,1,3149.1,43,1,3148.5,39,2,3149.5,71,2,3149.6,31,1,3149.7,15,1,3149.8,800,4,3149.9,436,3
2031,2026-06-16 14:34:43+05:30,3149.5,1,3134.23,2869084,128678.0,196431.0,3163.0,3163.0,3108.0,3134.3,31854200,3447.7,2820.9,3839.9,2896.0,3149.4,37,3,3149.3,2,1,3149.2,50,1,3149.1,43,1,3148.5,39,2,3149.5,71,2,3149.6,31,1,3149.7,15,1,3149.8,800,4,3149.9,436,3
2031,2026-06-16 14:34:44+05:30,3149.5,1,3134.23,2869084,128678.0,196431.0,3163.0,3163.0,3108.0,3134.3,31854200,3447.7,2820.9,3839.9,2896.0,3149.4,37,3,3149.3,2,1,3149.2,50,1,3149.1,43,1,3148.5,39,2,3149.5,71,2,3149.6,31,1,3149.7,15,1,3149.8,800,4,3149.9,436,3
2031,2026-06-16 14:34:44+05:30,3148.0,1,3134.23,2869726,126489.0,198555.0,3163.0,3163.0,3108.0,3134.3,31854200,3447.7,2820.9,3839.9,2896.0,3147.8,17,1,3147.7,121,2,3147.5,44,2,3147.4,64,1,3147.3,21,1,3148.9,22,2,3149.0,53,3,3149.1,42,3,3149.2,142,6,3149.3,400,2
2031,2026-06-16 14:34:44+05:30,3148.0,1,3134.23,2869726,126489.0,198555.0,3163.0,3163.0,3108.0,3134.3,31854200,3447.7,2820.9,3839.9,2896.0,3147.8,17,1,3147.7,121,2,3147.5,44,2,3147.4,64,1,3147.3,21,1,3148.9,22,2,3149.0,53,3,3149.1,42,3,3149.2,142,6,3149.3,400,2
2031,2026-06-16 14:34:45+05:30,3147.9,35,3134.23,2870230,125362.0,200041.0,3163.0,3163.0,3108.0,3134.3,31854200,3447.7,2820.9,3839.9,2896.0,3147.9,8,1,3147.4,78,4,3147.3,69,2,3147.2,18,2,3147.1,41,3,3148.6,13,2,3148.7,89,2,3148.8,255,2,3148.9,61,1,3149.0,105,4
2031,2026-06-16 14:34:45+05:30,3147.9,35,3134.23,2870230,125362.0,200041.0,3163.0,3163.0,3108.0,3134.3,31854200,3447.7,2820.9,3839.9,2896.0,3147.9,8,1,3147.4,78,4,3147.3,69,2,3147.2,18,2,3147.1,41,3,3148.6,13,2,3148.7,89,2,3148.8,255,2,3148.9,61,1,3149.0,105,4
2031,2026-06-16 14:34:45+05:30,3147.9,35,3134.23,2870230,125362.0,200041.0,3163.0,3163.0,3108.0,3134.3,31854200,3447.7,2820.9,3839.9,2896.0,3147.9,8,1,3147.4,78,4,3147.3,69,2,3147.2,18,2,3147.1,41,3,3148.6,13,2,3148.7,89,2,3148.8,255,2,3148.9,61,1,3149.0,105,4
2031,2026-06-16 14:34:46+05:30,3148.8,1,3134.23,2870267,126006.0,199406.0,3163.0,3163.0,3108.0,3134.3,31854200,3447.7,2820.9,3839.9,2896.0,3148.3,2,2,3147.9,37,1,3147.5,102,4,3147.4,101,5,3147.3,85,3,3148.5,200,1,3148.6,9,1,3148.8,205,2,3148.9,61,1,3149.0,31,1
2031,2026-06-16 14:34:46+05:30,3148.8,1,3134.23,2870267,126006.0,199406.0,3163.0,3163.0,3108.0,3134.3,31854200,3447.7,2820.9,3839.9,2896.0,3148.3,2,2,3147.9,37,1,3147.5,102,4,3147.4,101,5,3147.3,85,3,3148.5,200,1,3148.6,9,1,3148.8,205,2,3148.9,61,1,3149.0,31,1
2031,2026-06-16 14:34:46+05:30,3148.2,5,3134.23,2870267,126006.0,199406.0,3163.0,3163.0,3108.0,3134.3,31854200,3447.7,2820.9,3839.9,2896.0,3148.3,2,2,3147.9,37,1,3147.5,102,4,3147.4,101,5,3147.3,85,3,3148.5,200,1,3148.6,9,1,3148.8,205,2,3148.9,61,1,3149.0,31,1
2031,2026-06-16 14:34:47+05:30,3148.2,5,3134.23,2870267,126006.0,199406.0,3163.0,3163.0,3108.0,3134.3,31854200,3447.7,2820.9,3839.9,2896.0,3148.3,2,2,3147.9,37,1,3147.5,102,4,3147.4,101,5,3147.3,85,3,3148.5,200,1,3148.6,9,1,3148.8,205,2,3148.9,61,1,3149.0,31,1
2031,2026-06-16 14:34:47+05:30,3148.2,6,3134.23,2870288,125786.0,199719.0,3163.0,3163.0,3108.0,3134.3,31854200,3447.7,2820.9,3839.9,2896.0,3147.9,37,1,3147.5,3,1,3147.4,72,3,3147.3,69,2,3147.2,10,1,3148.2,184,1,3148.3,1,1,3148.5,16,1,3148.6,32,2,3148.8,443,4
2031,2026-06-16 14:34:47+05:30,3148.2,6,3134.23,2870288,125786.0,199719.0,3163.0,3163.0,3108.0,3134.3,31854200,3447.7,2820.9,3839.9,2896.0,3147.9,37,1,3147.5,3,1,3147.4,72,3,3147.3,69,2,3147.2,10,1,3148.2,184,1,3148.3,1,1,3148.5,16,1,3148.6,32,2,3148.8,443,4
2031,2026-06-16 14:34:47+05:30,3148.2,6,3134.23,2870288,125786.0,199719.0,3163.0,3163.0,3108.0,3134.3,31854200,3447.7,2820.9,3839.9,2896.0,3147.9,37,1,3147.5,3,1,3147.4,72,3,3147.3,69,2,3147.2,10,1,3148.2,184,1,3148.3,1,1,3148.5,16,1,3148.6,32,2,3148.8,443,4
2031,2026-06-16 14:34:48+05:30,3148.2,6,3134.23,2870288,125786.0,199719.0,3163.0,3163.0,3108.0,3134.3,31854200,3447.7,2820.9,3839.9,2896.0,3147.9,37,1,3147.5,3,1,3147.4,72,3,3147.3,69,2,3147.2,10,1,3148.2,184,1,3148.3,1,1,3148.5,16,1,3148.6,32,2,3148.8,443,4
2031,2026-06-16 14:34:48+05:30,3147.6,188,3134.24,2870872,125497.0,199118.0,3163.0,3163.0,3108.0,3134.3,31854200,3447.7,2820.9,3839.9,2896.0,3147.5,31,3,3147.4,99,5,3147.3,14,2,3147.2,22,2,3147.1,61,3,3147.8,32,1,3148.2,9,1,3148.3,201,2,3148.4,158,1,3148.5,1016,6
2031,2026-06-16 14:34:48+05:30,3147.6,188,3134.24,2870872,125497.0,199118.0,3163.0,3163.0,3108.0,3134.3,31854200,3447.7,2820.9,3839.9,2896.0,3147.5,31,3,3147.4,99,5,3147.3,14,2,3147.2,22,2,3147.1,61,3,3147.8,32,1,3148.2,9,1,3148.3,201,2,3148.4,158,1,3148.5,1016,6
2031,2026-06-16 14:34:48+05:30,3147.6,188,3134.24,2870872,125497.0,199118.0,3163.0,3163.0,3108.0,3134.3,31854200,3447.7,2820.9,3839.9,2896.0,3147.5,31,3,3147.4,99,5,3147.3,14,2,3147.2,22,2,3147.1,61,3,3147.8,32,1,3148.2,9,1,3148.3,201,2,3148.4,158,1,3148.5,1016,6
2031,2026-06-16 14:34:49+05:30,3148.2,9,3134.24,2870922,125529.0,200162.0,3163.0,3163.0,3108.0,3134.3,31854200,3447.7,2820.9,3839.9,2896.0,3148.2,9,1,3147.5,6,2,3147.4,92,5,3147.3,35,3,3147.2,22,2,3148.3,1,1,3148.5,48,2,3148.7,23,1,3148.8,221,2,3148.9,33,1
2031,2026-06-16 14:34:49+05:30,3148.2,9,3134.24,2870922,125529.0,200162.0,3163.0,3163.0,3108.0,3134.3,31854200,3447.7,2820.9,3839.9,2896.0,3148.2,9,1,3147.5,6,2,3147.4,92,5,3147.3,35,3,3147.2,22,2,3148.3,1,1,3148.5,48,2,3148.7,23,1,3148.8,221,2,3148.9,33,1
2031,2026-06-16 14:34:49+05:30,3148.2,9,3134.24,2870922,125529.0,200162.0,3163.0,3163.0,3108.0,3134.3,31854200,3447.7,2820.9,3839.9,2896.0,3148.2,9,1,3147.5,6,2,3147.4,92,5,3147.3,35,3,3147.2,22,2,3148.3,1,1,3148.5,48,2,3148.7,23,1,3148.8,221,2,3148.9,33,1
2031,2026-06-16 14:34:50+05:30,3148.4,1,3134.24,2870962,125691.0,199756.0,3163.0,3163.0,3108.0,3134.3,31854200,3447.7,2820.9,3839.9,2896.0,3147.6,11,1,3147.5,28,5,3147.4,108,6,3147.3,114,6,3147.2,39,4,3148.5,1,1,3148.7,180,1,3148.8,173,1,3148.9,200,1,3149.0,79,2
2031,2026-06-16 14:34:50+05:30,3148.4,1,3134.24,2870962,125691.0,199756.0,3163.0,3163.0,3108.0,3134.3,31854200,3447.7,2820.9,3839.9,2896.0,3147.6,11,1,3147.5,28,5,3147.4,108,6,3147.3,114,6,3147.2,39,4,3148.5,1,1,3148.7,180,1,3148.8,173,1,3148.9,200,1,3149.0,79,2
2031,2026-06-16 14:34:50+05:30,3148.4,1,3134.24,2870962,125691.0,199756.0,3163.0,3163.0,3108.0,3134.3,31854200,3447.7,2820.9,3839.9,2896.0,3147.6,11,1,3147.5,28,5,3147.4,108,6,3147.3,114,6,3147.2,39,4,3148.5,1,1,3148.7,180,1,3148.8,173,1,3148.9,200,1,3149.0,79,2
2031,2026-06-16 14:34:51+05:30,3148.5,3,3134.24,2870967,125809.0,199587.0,3163.0,3163.0,3108.0,3134.3,31854200,3447.7,2820.9,3839.9,2896.0,3148.0,15,1,3147.6,39,1,3147.5,12,3,3147.4,115,6,3147.3,130,7,3148.5,29,1,3148.8,173,1,3148.9,200,1,3149.0,79,2,3149.1,1029,7
2031,2026-06-16 14:34:51+05:30,3148.5,3,3134.24,2870967,125809.0,199587.0,3163.0,3163.0,3108.0,3134.3,31854200,3447.7,2820.9,3839.9,2896.0,3148.0,15,1,3147.6,39,1,3147.5,12,3,3147.4,115,6,3147.3,130,7,3148.5,29,1,3148.8,173,1,3148.9,200,1,3149.0,79,2,3149.1,1029,7
2031,2026-06-16 14:34:51+05:30,3148.5,11,3134.24,2870967,125809.0,199587.0,3163.0,3163.0,3108.0,3134.3,31854200,3447.7,2820.9,3839.9,2896.0,3148.0,15,1,3147.6,39,1,3147.5,12,3,3147.4,115,6,3147.3,130,7,3148.5,29,1,3148.8,173,1,3148.9,200,1,3149.0,79,2,3149.1,1029,7
2031,2026-06-16 14:34:52+05:30,3148.5,11,3134.24,2870967,125809.0,199587.0,3163.0,3163.0,3108.0,3134.3,31854200,3447.7,2820.9,3839.9,2896.0,3148.0,15,1,3147.6,39,1,3147.5,12,3,3147.4,115,6,3147.3,130,7,3148.5,29,1,3148.8,173,1,3148.9,200,1,3149.0,79,2,3149.1,1029,7
2031,2026-06-16 14:34:52+05:30,3148.5,1,3134.24,2870986,125513.0,200087.0,3163.0,3163.0,3108.0,3134.3,31854200,3447.7,2820.9,3839.9,2896.0,3148.0,15,1,3147.7,15,1,3147.6,39,1,3147.5,5,1,3147.4,75,4,3148.5,61,3,3148.7,448,4,3148.8,221,2,3148.9,1000,5,3149.0,149,4
2031,2026-06-16 14:34:52+05:30,3148.5,1,3134.24,2870986,125513.0,200087.0,3163.0,3163.0,3108.0,3134.3,31854200,3447.7,2820.9,3839.9,2896.0,3148.0,15,1,3147.7,15,1,3147.6,39,1,3147.5,5,1,3147.4,75,4,3148.5,61,3,3148.7,448,4,3148.8,221,2,3148.9,1000,5,3149.0,149,4
2031,2026-06-16 14:34:53+05:30,3148.5,1,3134.24,2870986,125513.0,200087.0,3163.0,3163.0,3108.0,3134.3,31854200,3447.7,2820.9,3839.9,2896.0,3148.0,15,1,3147.7,15,1,3147.6,39,1,3147.5,5,1,3147.4,75,4,3148.5,61,3,3148.7,448,4,3148.8,221,2,3148.9,1000,5,3149.0,149,4
2031,2026-06-16 14:34:53+05:30,3148.5,1,3134.24,2870987,126309.0,199625.0,3163.0,3163.0,3108.0,3134.3,31854200,3447.7,2820.9,3839.9,2896.0,3148.0,72,3,3147.6,39,1,3147.5,21,2,3147.4,72,3,3147.3,114,6,3148.5,60,3,3148.8,221,2,3148.9,200,1,3149.0,102,3,3149.1,1006,6
2031,2026-06-16 14:34:53+05:30,3148.5,1,3134.24,2870987,126309.0,199625.0,3163.0,3163.0,3108.0,3134.3,31854200,3447.7,2820.9,3839.9,2896.0,3148.0,72,3,3147.6,39,1,3147.5,21,2,3147.4,72,3,3147.3,114,6,3148.5,60,3,3148.8,221,2,3148.9,200,1,3149.0,102,3,3149.1,1006,6
2031,2026-06-16 14:34:54+05:30,3148.5,1,3134.24,2870987,126309.0,199625.0,3163.0,3163.0,3108.0,3134.3,31858800,3447.7,2820.9,3839.9,2896.0,3148.0,72,3,3147.6,39,1,3147.5,21,2,3147.4,72,3,3147.3,114,6,3148.5,60,3,3148.8,221,2,3148.9,200,1,3149.0,102,3,3149.1,1006,6
2031,2026-06-16 14:34:54+05:30,3148.5,1,3134.24,2870988,126069.0,199711.0,3163.0,3163.0,3108.0,3134.3,31858800,3447.7,2820.9,3839.9,2896.0,3148.0,72,3,3147.6,39,1,3147.5,21,2,3147.4,72,3,3147.3,137,7,3148.5,77,4,3148.8,173,1,3148.9,200,1,3149.0,102,3,3149.1,1038,7
2031,2026-06-16 14:34:54+05:30,3148.5,2,3134.24,2870988,126069.0,199711.0,3163.0,3163.0,3108.0,3134.3,31858800,3447.7,2820.9,3839.9,2896.0,3148.0,72,3,3147.6,39,1,3147.5,21,2,3147.4,72,3,3147.3,137,7,3148.5,77,4,3148.8,173,1,3148.9,200,1,3149.0,102,3,3149.1,1038,7
2031,2026-06-16 14:34:55+05:30,3148.4,9,3134.24,2871004,125971.0,199529.0,3163.0,3163.0,3108.0,3134.3,31858800,3447.7,2820.9,3839.9,2896.0,3148.0,72,3,3147.6,39,1,3147.5,5,1,3147.4,89,3,3147.3,114,6,3148.4,386,2,3148.5,75,4,3148.8,221,2,3148.9,200,1,3149.0,1102,8
2031,2026-06-16 14:34:55+05:30,3148.4,9,3134.24,2871004,125971.0,199529.0,3163.0,3163.0,3108.0,3134.3,31858800,3447.7,2820.9,3839.9,2896.0,3148.0,72,3,3147.6,39,1,3147.5,5,1,3147.4,89,3,3147.3,114,6,3148.4,386,2,3148.5,75,4,3148.8,221,2,3148.9,200,1,3149.0,1102,8
2031,2026-06-16 14:34:56+05:30,3148.0,10,3134.24,2871014,125876.0,199505.0,3163.0,3163.0,3108.0,3134.3,31858800,3447.7,2820.9,3839.9,2896.0,3148.0,62,3,3147.6,39,1,3147.4,89,3,3147.3,114,6,3147.2,26,2,3148.4,393,3,3148.5,43,2,3148.8,221,2,3148.9,200,1,3149.0,702,6
2031,2026-06-16 14:34:56+05:30,3148.4,1,3134.24,2871014,125876.0,199505.0,3163.0,3163.0,3108.0,3134.3,31858800,3447.7,2820.9,3839.9,2896.0,3148.0,62,3,3147.6,39,1,3147.4,89,3,3147.3,114,6,3147.2,26,2,3148.4,393,3,3148.5,43,2,3148.8,221,2,3148.9,200,1,3149.0,702,6
2031,2026-06-16 14:34:57+05:30,3148.4,1,3134.24,2871316,125549.0,199734.0,3163.0,3163.0,3108.0,3134.3,31858800,3447.7,2820.9,3839.9,2896.0,3148.0,17,1,3147.4,9,1,3147.3,7,1,3147.2,16,1,3147.1,44,3,3148.4,420,4,3148.5,125,4,3148.6,36,2,3148.7,232,2,3148.8,1303,10
2031,2026-06-16 14:34:57+05:30,3148.4,1,3134.24,2871316,125549.0,199734.0,3163.0,3163.0,3108.0,3134.3,31858800,3447.7,2820.9,3839.9,2896.0,3148.0,17,1,3147.4,9,1,3147.3,7,1,3147.2,16,1,3147.1,44,3,3148.4,420,4,3148.5,125,4,3148.6,36,2,3148.7,232,2,3148.8,1303,10
2031,2026-06-16 14:34:58+05:30,3148.2,8,3134.24,2871324,125421.0,199929.0,3163.0,3163.0,3108.0,3134.3,31858800,3447.7,2820.9,3839.9,2896.0,3148.0,17,1,3147.4,9,1,3147.3,7,1,3147.1,44,3,3147.0,28,3,3148.2,411,4,3148.3,226,2,3148.4,80,4,3148.5,1087,8,3148.6,113,3
2031,2026-06-16 14:34:59+05:30,3148.2,1,3134.24,2871324,125421.0,199929.0,3163.0,3163.0,3108.0,3134.3,31858800,3447.7,2820.9,3839.9,2896.0,3148.0,17,1,3147.4,9,1,3147.3,7,1,3147.1,44,3,3147.0,28,3,3148.2,411,4,3148.3,226,2,3148.4,80,4,3148.5,1087,8,3148.6,113,3
2031,2026-06-16 14:34:59+05:30,3147.3,200,3134.24,2871900,124837.0,199529.0,3163.0,3163.0,3108.0,3134.3,31858800,3447.7,2820.9,3839.9,2896.0,3147.2,11,1,3147.1,74,7,3147.0,117,8,3146.9,7,2,3146.8,38,2,3148.2,68,2,3148.3,200,1,3148.5,1043,7,3148.6,20,1,3148.7,200,1
2031,2026-06-16 14:35:00+05:30,3148.2,1,3134.24,2871900,124837.0,199529.0,3163.0,3163.0,3108.0,3134.3,31858800,3447.7,2820.9,3839.9,2896.0,3147.2,11,1,3147.1,74,7,3147.0,117,8,3146.9,7,2,3146.8,38,2,3148.2,68,2,3148.3,200,1,3148.5,1043,7,3148.6,20,1,3148.7,200,1
2031,2026-06-16 14:35:00+05:30,3148.2,1,3134.24,2871961,125346.0,200284.0,3163.0,3163.0,3108.0,3134.3,31858800,3447.7,2820.9,3839.9,2896.0,3147.9,6,1,3147.7,2,2,3147.3,4,1,3147.2,9,3,3147.1,66,6,3148.2,18,3,3148.5,243,3,3148.7,1048,6,3148.8,173,1,3148.9,236,3
2031,2026-06-16 14:35:01+05:30,3148.2,2,3134.24,2871961,125346.0,200284.0,3163.0,3163.0,3108.0,3134.3,31858800,3447.7,2820.9,3839.9,2896.0,3147.9,6,1,3147.7,2,2,3147.3,4,1,3147.2,9,3,3147.1,66,6,3148.2,18,3,3148.5,243,3,3148.7,1048,6,3148.8,173,1,3148.9,236,3
2031,2026-06-16 14:35:01+05:30,3148.2,2,3134.24,2871972,125414.0,199823.0,3163.0,3163.0,3108.0,3134.3,31858800,3447.7,2820.9,3839.9,2896.0,3147.9,6,1,3147.7,2,2,3147.4,16,1,3147.3,25,2,3147.2,59,4,3148.5,243,3,3148.7,1048,6,3148.8,173,1,3148.9,203,2,3149.0,551,6
2031,2026-06-16 14:35:02+05:30,3148.5,1,3134.24,2871972,125414.0,199823.0,3163.0,3163.0,3108.0,3134.3,31858800,3447.7,2820.9,3839.9,2896.0,3147.9,6,1,3147.7,2,2,3147.4,16,1,3147.3,25,2,3147.2,59,4,3148.5,243,3,3148.7,1048,6,3148.8,173,1,3148.9,203,2,3149.0,551,6
2031,2026-06-16 14:35:02+05:30,3148.5,1,3134.24,2871973,125426.0,200025.0,3163.0,3163.0,3108.0,3134.3,31858800,3447.7,2820.9,3839.9,2896.0,3147.9,6,1,3147.7,2,2,3147.4,16,1,3147.3,25,2,3147.2,74,5,3148.5,242,3,3148.7,1048,6,3148.8,173,1,3148.9,203,2,3149.0,577,7
2031,2026-06-16 14:35:03+05:30,3148.5,1,3134.24,2871973,125426.0,200025.0,3163.0,3163.0,3108.0,3134.3,31858800,3447.7,2820.9,3839.9,2896.0,3147.9,6,1,3147.7,2,2,3147.4,16,1,3147.3,25,2,3147.2,74,5,3148.5,242,3,3148.7,1048,6,3148.8,173,1,3148.9,203,2,3149.0,577,7
2031,2026-06-16 14:35:03+05:30,3148.5,1,3134.24,2871974,125414.0,200100.0,3163.0,3163.0,3108.0,3134.3,31858800,3447.7,2820.9,3839.9,2896.0,3147.9,6,1,3147.7,2,2,3147.3,41,3,3147.2,59,4,3147.1,40,5,3148.5,267,4,3148.6,74,2,3148.7,1074,7,3148.8,257,3,3148.9,251,3
2031,2026-06-16 14:35:04+05:30,3148.5,1,3134.24,2871974,125414.0,200100.0,3163.0,3163.0,3108.0,3134.3,31858800,3447.7,2820.9,3839.9,2896.0,3147.9,6,1,3147.7,2,2,3147.3,41,3,3147.2,59,4,3147.1,40,5,3148.5,267,4,3148.6,74,2,3148.7,1074,7,3148.8,257,3,3148.9,251,3
2031,2026-06-16 14:35:04+05:30,3148.5,1,3134.24,2871975,125439.0,199818.0,3163.0,3163.0,3108.0,3134.3,31858800,3447.7,2820.9,3839.9,2896.0,3147.9,7,2,3147.8,15,1,3147.7,2,2,3147.5,6,1,3147.3,25,2,3148.5,266,4,3148.6,36,1,3148.7,1048,6,3148.8,252,3,3148.9,241,3
2031,2026-06-16 14:35:05+05:30,3148.5,1,3134.24,2871975,125439.0,199818.0,3163.0,3163.0,3108.0,3134.3,31858800,3447.7,2820.9,3839.9,2896.0,3147.9,7,2,3147.8,15,1,3147.7,2,2,3147.5,6,1,3147.3,25,2,3148.5,266,4,3148.6,36,1,3148.7,1048,6,3148.8,252,3,3148.9,241,3
2031,2026-06-16 14:35:05+05:30,3148.5,1,3134.24,2871976,125686.0,199078.0,3163.0,3163.0,3108.0,3134.3,31858800,3447.7,2820.9,3839.9,2896.0,3148.2,2,2,3148.0,16,1,3147.9,7,2,3147.5,6,1,3147.4,3,1,3148.5,265,4,3148.7,1048,6,3148.8,173,1,3148.9,203,2,3149.0,562,6
2031,2026-06-16 14:35:06+05:30,3148.0,6,3134.24,2871986,125427.0,199126.0,3163.0,3163.0,3108.0,3134.3,31858800,3447.7,2820.9,3839.9,2896.0,3148.2,17,1,3147.9,7,2,3147.4,19,2,3147.3,25,2,3147.2,56,3,3148.5,281,6,3148.7,1073,7,3148.8,173,1,3148.9,241,3,3149.0,562,6
2031,2026-06-16 14:35:06+05:30,3148.0,6,3134.24,2871986,125427.0,199126.0,3163.0,3163.0,3108.0,3134.3,31858800,3447.7,2820.9,3839.9,2896.0,3148.2,17,1,3147.9,7,2,3147.4,19,2,3147.3,25,2,3147.2,56,3,3148.5,281,6,3148.7,1073,7,3148.8,173,1,3148.9,241,3,3149.0,562,6
2031,2026-06-16 14:35:07+05:30,3148.5,3,3134.24,2871986,125427.0,199126.0,3163.0,3163.0,3108.0,3134.3,31858800,3447.7,2820.9,3839.9,2896.0,3148.2,17,1,3147.9,7,2,3147.4,19,2,3147.3,25,2,3147.2,56,3,3148.5,281,6,3148.7,1073,7,3148.8,173,1,3148.9,241,3,3149.0,562,6
2031,2026-06-16 14:35:07+05:30,3148.5,3,3134.24,2871991,125705.0,199072.0,3163.0,3163.0,3108.0,3134.3,31858800,3447.7,2820.9,3839.9,2896.0,3148.2,17,1,3147.9,6,1,3147.4,19,2,3147.3,25,2,3147.2,82,4,3148.5,293,5,3148.7,1073,7,3148.8,203,2,3148.9,203,2,3149.0,562,6
2031,2026-06-16 14:35:08+05:30,3148.5,3,3134.24,2871991,126420.0,196541.0,3163.0,3163.0,3108.0,3134.3,31858800,3447.7,2820.9,3839.9,2896.0,3148.3,6,1,3147.8,16,1,3147.6,79,2,3147.5,214,3,3147.4,114,5,3148.5,293,5,3148.7,1000,5,3148.8,173,1,3148.9,203,2,3149.0,448,3
2031,2026-06-16 14:35:09+05:30,3148.5,3,3134.24,2871991,126514.0,198806.0,3163.0,3163.0,3108.0,3134.3,31858800,3447.7,2820.9,3839.9,2896.0,3148.3,3,1,3147.8,16,1,3147.6,55,3,3147.5,189,2,3147.4,114,5,3148.5,294,6,3148.7,1000,5,3148.8,173,1,3148.9,203,2,3149.0,496,4
2031,2026-06-16 14:35:10+05:30,3148.5,8,3134.24,2872012,126354.0,198783.0,3163.0,3163.0,3108.0,3134.3,31858800,3447.7,2820.9,3839.9,2896.0,3148.3,5,3,3147.8,16,1,3147.6,56,4,3147.5,14,1,3147.4,51,4,3148.5,120,6,3148.7,200,1,3148.8,173,1,3148.9,1003,6,3149.0,48,1
2031,2026-06-16 14:35:10+05:30,3148.5,8,3134.24,2872012,126354.0,198783.0,3163.0,3163.0,3108.0,3134.3,31858800,3447.7,2820.9,3839.9,2896.0,3148.3,5,3,3147.8,16,1,3147.6,56,4,3147.5,14,1,3147.4,51,4,3148.5,120,6,3148.7,200,1,3148.8,173,1,3148.9,1003,6,3149.0,48,1
2031,2026-06-16 14:35:11+05:30,3148.5,5,3134.24,2872035,126298.0,198726.0,3163.0,3163.0,3108.0,3134.3,31858800,3447.7,2820.9,3839.9,2896.0,3148.3,4,2,3147.8,16,1,3147.6,56,4,3147.5,14,1,3147.4,99,5,3148.5,98,6,3148.7,200,1,3148.8,173,1,3148.9,1003,6,3149.0,48,1
2031,2026-06-16 14:35:11+05:30,3148.5,5,3134.24,2872035,126298.0,198726.0,3163.0,3163.0,3108.0,3134.3,31858800,3447.7,2820.9,3839.9,2896.0,3148.3,4,2,3147.8,16,1,3147.6,56,4,3147.5,14,1,3147.4,99,5,3148.5,98,6,3148.7,200,1,3148.8,173,1,3148.9,1003,6,3149.0,48,1
2031,2026-06-16 14:35:12+05:30,3148.4,50,3134.24,2872334,126314.0,198780.0,3163.0,3163.0,3108.0,3134.3,31858800,3447.7,2820.9,3839.9,2896.0,3148.3,3,1,3147.8,18,1,3147.6,56,4,3147.5,14,1,3147.4,83,4,3148.4,32,1,3148.5,181,1,3148.8,1173,6,3148.9,3,1,3149.0,220,2
2031,2026-06-16 14:35:12+05:30,3148.4,50,3134.24,2872334,126314.0,198780.0,3163.0,3163.0,3108.0,3134.3,31858800,3447.7,2820.9,3839.9,2896.0,3148.3,3,1,3147.8,18,1,3147.6,56,4,3147.5,14,1,3147.4,83,4,3148.4,32,1,3148.5,181,1,3148.8,1173,6,3148.9,3,1,3149.0,220,2
2031,2026-06-16 14:35:13+05:30,3148.4,30,3134.25,2872514,126777.0,196730.0,3163.0,3163.0,3108.0,3134.3,31858800,3447.7,2820.9,3839.9,2896.0,3148.3,3,1,3148.1,13,2,3148.0,26,2,3147.8,9,1,3147.7,121,3,3148.4,45,1,3148.7,32,1,3148.8,173,1,3148.9,181,1,3149.0,20,1
2031,2026-06-16 14:35:13+05:30,3148.4,30,3134.25,2872514,126777.0,196730.0,3163.0,3163.0,3108.0,3134.3,31858800,3447.7,2820.9,3839.9,2896.0,3148.3,3,1,3148.1,13,2,3148.0,26,2,3147.8,9,1,3147.7,121,3,3148.4,45,1,3148.7,32,1,3148.8,173,1,3148.9,181,1,3149.0,20,1
2031,2026-06-16 14:35:14+05:30,3148.4,1,3134.25,2872542,126611.0,198869.0,3163.0,3163.0,3108.0,3134.3,31858800,3447.7,2820.9,3839.9,2896.0,3148.3,3,1,3148.0,26,2,3147.9,7,1,3147.8,9,1,3147.7,63,1,3148.4,17,1,3148.7,32,1,3148.8,173,1,3148.9,181,1,3149.0,20,1
2031,2026-06-16 14:35:14+05:30,3148.4,1,3134.25,2872542,126611.0,198869.0,3163.0,3163.0,3108.0,3134.3,31858800,3447.7,2820.9,3839.9,2896.0,3148.3,3,1,3148.0,26,2,3147.9,7,1,3147.8,9,1,3147.7,63,1,3148.4,17,1,3148.7,32,1,3148.8,173,1,3148.9,181,1,3149.0,20,1
2031,2026-06-16 14:35:15+05:30,3148.4,10,3134.25,2872542,126611.0,198869.0,3163.0,3163.0,3108.0,3134.3,31858800,3447.7,2820.9,3839.9,2896.0,3148.3,3,1,3148.0,26,2,3147.9,7,1,3147.8,9,1,3147.7,63,1,3148.4,17,1,3148.7,32,1,3148.8,173,1,3148.9,181,1,3149.0,20,1
2031,2026-06-16 14:35:15+05:30,3148.4,10,3134.25,2872559,127622.0,198111.0,3163.0,3163.0,3108.0,3134.3,31858800,3447.7,2820.9,3839.9,2896.0,3148.5,1,1,3148.4,17,3,3148.3,94,6,3148.2,7,1,3148.0,36,3,3148.7,32,1,3148.8,173,1,3148.9,181,1,3149.0,20,1,3149.2,1000,5
2031,2026-06-16 14:35:16+05:30,3148.4,6,3134.25,2872559,127622.0,198111.0,3163.0,3163.0,3108.0,3134.3,31858800,3447.7,2820.9,3839.9,2896.0,3148.5,1,1,3148.4,17,3,3148.3,94,6,3148.2,7,1,3148.0,36,3,3148.7,32,1,3148.8,173,1,3148.9,181,1,3149.0,20,1,3149.2,1000,5
2031,2026-06-16 14:35:16+05:30,3148.4,6,3134.25,2872569,127587.0,198234.0,3163.0,3163.0,3108.0,3134.3,31858800,3447.7,2820.9,3839.9,2896.0,3148.4,13,4,3148.3,54,4,3148.2,7,1,3148.1,5,1,3148.0,36,3,3148.7,31,1,3148.8,173,1,3148.9,181,1,3149.0,20,1,3149.2,1000,5
2031,2026-06-16 14:35:17+05:30,3148.7,1,3134.25,2872570,126714.0,195379.0,3163.0,3163.0,3108.0,3134.3,31858800,3447.7,2820.9,3839.9,2896.0,3148.4,56,6,3148.3,56,5,3148.2,16,1,3148.1,63,3,3148.0,21,3,3148.5,2,1,3148.8,173,1,3149.0,20,1,3149.3,32,1,3149.4,21,1
2031,2026-06-16 14:35:17+05:30,3148.7,1,3134.25,2872570,126714.0,195379.0,3163.0,3163.0,3108.0,3134.3,31858800,3447.7,2820.9,3839.9,2896.0,3148.4,56,6,3148.3,56,5,3148.2,16,1,3148.1,63,3,3148.0,21,3,3148.5,2,1,3148.8,173,1,3149.0,20,1,3149.3,32,1,3149.4,21,1
2031,2026-06-16 14:35:18+05:30,3148.5,1,3134.25,2872571,126246.0,195476.0,3163.0,3163.0,3108.0,3134.3,31858800,3447.7,2820.9,3839.9,2896.0,3148.4,49,6,3148.3,45,3,3148.2,20,2,3148.1,10,1,3148.0,20,2,3148.5,1,1,3148.8,173,1,3149.0,20,1,3149.3,32,1,3149.4,21,1
2031,2026-06-16 14:35:18+05:30,3148.5,1,3134.25,2872571,126246.0,195476.0,3163.0,3163.0,3108.0,3134.3,31858800,3447.7,2820.9,3839.9,2896.0,3148.4,49,6,3148.3,45,3,3148.2,20,2,3148.1,10,1,3148.0,20,2,3148.5,1,1,3148.8,173,1,3149.0,20,1,3149.3,32,1,3149.4,21,1
2031,2026-06-16 14:35:19+05:30,3148.5,1,3134.25,2872571,126246.0,195476.0,3163.0,3163.0,3108.0,3134.3,31858800,3447.7,2820.9,3839.9,2896.0,3148.4,49,6,3148.3,45,3,3148.2,20,2,3148.1,10,1,3148.0,20,2,3148.5,1,1,3148.8,173,1,3149.0,20,1,3149.3,32,1,3149.4,21,1
2031,2026-06-16 14:35:19+05:30,3148.5,150,3134.25,2872722,125959.0,195720.0,3163.0,3163.0,3108.0,3134.3,31858800,3447.7,2820.9,3839.9,2896.0,3148.4,49,6,3148.3,45,3,3148.2,13,2,3148.1,10,1,3148.0,20,2,3148.5,50,1,3148.8,173,1,3149.0,20,1,3149.3,32,1,3149.4,21,1
2031,2026-06-16 14:35:20+05:30,3148.5,1,3134.25,2872722,125959.0,195720.0,3163.0,3163.0,3108.0,3134.3,31858800,3447.7,2820.9,3839.9,2896.0,3148.4,49,6,3148.3,45,3,3148.2,13,2,3148.1,10,1,3148.0,20,2,3148.5,50,1,3148.8,173,1,3149.0,20,1,3149.3,32,1,3149.4,21,1
2031,2026-06-16 14:35:20+05:30,3148.5,1,3134.25,2872745,125814.0,195987.0,3163.0,3163.0,3108.0,3134.3,31858800,3447.7,2820.9,3839.9,2896.0,3148.4,44,5,3148.3,42,2,3148.2,20,2,3148.1,10,1,3148.0,20,2,3148.5,52,2,3148.8,173,1,3149.0,20,1,3149.3,80,2,3149.4,59,2
2031,2026-06-16 14:35:21+05:30,3148.5,4,3134.25,2872745,125814.0,195987.0,3163.0,3163.0,3108.0,3134.3,31858800,3447.7,2820.9,3839.9,2896.0,3148.4,44,5,3148.3,42,2,3148.2,20,2,3148.1,10,1,3148.0,20,2,3148.5,52,2,3148.8,173,1,3149.0,20,1,3149.3,80,2,3149.4,59,2
2031,2026-06-16 14:35:22+05:30,3148.5,1,3134.25,2872755,125847.0,196002.0,3163.0,3163.0,3108.0,3134.3,31858800,3447.7,2820.9,3839.9,2896.0,3148.4,43,4,3148.3,42,2,3148.2,31,2,3148.1,10,1,3148.0,20,2,3148.5,68,3,3148.8,173,1,3149.0,20,1,3149.2,176,1,3149.3,80,2
2031,2026-06-16 14:35:22+05:30,3148.5,2,3134.25,2872755,125847.0,196002.0,3163.0,3163.0,3108.0,3134.3,31858800,3447.7,2820.9,3839.9,2896.0,3148.4,43,4,3148.3,42,2,3148.2,31,2,3148.1,10,1,3148.0,20,2,3148.5,68,3,3148.8,173,1,3149.0,20,1,3149.2,176,1,3149.3,80,2
2031,2026-06-16 14:35:23+05:30,3148.5,1,3134.25,2872758,125783.0,195658.0,3163.0,3163.0,3108.0,3134.3,31858800,3447.7,2820.9,3839.9,2896.0,3148.4,43,4,3148.3,57,3,3148.2,15,1,3148.1,10,1,3148.0,36,3,3148.5,65,3,3148.8,173,1,3149.0,20,1,3149.3,83,3,3149.4,256,4
2031,2026-06-16 14:35:23+05:30,3148.5,16,3134.25,2872758,125783.0,195658.0,3163.0,3163.0,3108.0,3134.3,31858800,3447.7,2820.9,3839.9,2896.0,3148.4,43,4,3148.3,57,3,3148.2,15,1,3148.1,10,1,3148.0,36,3,3148.5,65,3,3148.8,173,1,3149.0,20,1,3149.3,83,3,3149.4,256,4
2031,2026-06-16 14:35:24+05:30,3148.5,16,3134.25,2872988,125570.0,196010.0,3163.0,3163.0,3108.0,3134.3,31858800,3447.7,2820.9,3839.9,2896.0,3148.2,15,1,3148.0,27,3,3147.9,7,1,3147.8,16,2,3147.7,3,1,3148.5,26,1,3148.8,173,1,3149.0,68,2,3149.2,5,1,3149.3,169,5
2031,2026-06-16 14:35:24+05:30,3148.5,26,3134.25,2872988,125570.0,196010.0,3163.0,3163.0,3108.0,3134.3,31858800,3447.7,2820.9,3839.9,2896.0,3148.2,15,1,3148.0,27,3,3147.9,7,1,3147.8,16,2,3147.7,3,1,3148.5,26,1,3148.8,173,1,3149.0,68,2,3149.2,5,1,3149.3,169,5
2031,2026-06-16 14:35:25+05:30,3148.8,5,3134.25,2873020,126300.0,195685.0,3163.0,3163.0,3108.0,3134.3,31858800,3447.7,2820.9,3839.9,2896.0,3148.5,173,1,3148.2,15,1,3148.0,26,2,3147.9,7,1,3147.8,47,5,3148.8,168,1,3149.0,20,1,3149.2,181,1,3149.3,80,2,3149.5,1000,5
2031,2026-06-16 14:35:25+05:30,3148.8,5,3134.25,2873020,126300.0,195685.0,3163.0,3163.0,3108.0,3134.3,31858800,3447.7,2820.9,3839.9,2896.0,3148.5,173,1,3148.2,15,1,3148.0,26,2,3147.9,7,1,3147.8,47,5,3148.8,168,1,3149.0,20,1,3149.2,181,1,3149.3,80,2,3149.5,1000,5
2031,2026-06-16 14:35:26+05:30,3148.8,1,3134.25,2873021,126418.0,195790.0,3163.0,3163.0,3108.0,3134.3,31858800,3447.7,2820.9,3839.9,2896.0,3148.5,173,1,3148.2,24,2,3148.0,27,3,3147.9,55,2,3147.8,32,3,3148.8,197,2,3149.0,20,1,3149.3,32,1,3149.4,181,1,3149.5,48,1
2031,2026-06-16 14:35:26+05:30,3148.5,9,3134.25,2873021,126418.0,195790.0,3163.0,3163.0,3108.0,3134.3,31858800,3447.7,2820.9,3839.9,2896.0,3148.5,173,1,3148.2,24,2,3148.0,27,3,3147.9,55,2,3147.8,32,3,3148.8,197,2,3149.0,20,1,3149.3,32,1,3149.4,181,1,3149.5,48,1
2031,2026-06-16 14:35:27+05:30,3148.5,9,3134.25,2873030,126409.0,195767.0,3163.0,3163.0,3108.0,3134.3,31858800,3447.7,2820.9,3839.9,2896.0,3148.5,164,1,3148.2,24,2,3148.0,27,3,3147.9,55,2,3147.8,32,3,3148.8,197,2,3149.0,20,1,3149.3,32,1,3149.4,181,1,3149.5,48,1
2031,2026-06-16 14:35:28+05:30,3148.5,9,3134.25,2873030,126444.0,195749.0,3163.0,3163.0,3108.0,3134.3,31858800,3447.7,2820.9,3839.9,2896.0,3148.5,179,2,3148.2,15,1,3148.0,27,3,3147.9,55,2,3147.8,32,3,3148.8,197,2,3149.0,20,1,3149.3,32,1,3149.4,181,1,3149.5,48,1
2031,2026-06-16 14:35:29+05:30,3148.5,9,3134.25,2873030,126440.0,195726.0,3163.0,3163.0,3108.0,3134.3,31858800,3447.7,2820.9,3839.9,2896.0,3148.5,180,3,3148.2,15,1,3148.0,27,3,3147.9,55,2,3147.8,46,4,3148.8,197,2,3149.0,20,1,3149.3,32,1,3149.4,181,1,3149.5,48,1
2031,2026-06-16 14:35:29+05:30,3148.8,13,3134.25,2873030,126440.0,195726.0,3163.0,3163.0,3108.0,3134.3,31858800,3447.7,2820.9,3839.9,2896.0,3148.5,180,3,3148.2,15,1,3148.0,27,3,3147.9,55,2,3147.8,46,4,3148.8,197,2,3149.0,20,1,3149.3,32,1,3149.4,181,1,3149.5,48,1
2031,2026-06-16 14:35:30+05:30,3148.5,4,3134.25,2873093,126250.0,195756.0,3163.0,3163.0,3108.0,3134.3,31858800,3447.7,2820.9,3839.9,2896.0,3148.5,132,4,3148.2,15,1,3148.0,26,2,3147.9,79,4,3147.8,43,3,3148.8,184,3,3149.0,20,1,3149.3,32,1,3149.4,181,1,3149.5,86,2
2031,2026-06-16 14:35:30+05:30,3148.5,4,3134.25,2873093,126250.0,195756.0,3163.0,3163.0,3108.0,3134.3,31858800,3447.7,2820.9,3839.9,2896.0,3148.5,132,4,3148.2,15,1,3148.0,26,2,3147.9,79,4,3147.8,43,3,3148.8,184,3,3149.0,20,1,3149.3,32,1,3149.4,181,1,3149.5,86,2
2031,2026-06-16 14:35:31+05:30,3148.8,1,3134.25,2873099,126113.0,195695.0,3163.0,3163.0,3108.0,3134.3,31858800,3447.7,2820.9,3839.9,2896.0,3148.5,131,4,3148.2,15,1,3148.0,26,2,3147.9,78,3,3147.8,44,4,3148.8,209,4,3149.0,20,1,3149.3,32,1,3149.4,184,2,3149.5,54,2
2031,2026-06-16 14:35:31+05:30,3148.8,6,3134.25,2873099,126113.0,195695.0,3163.0,3163.0,3108.0,3134.3,31858800,3447.7,2820.9,3839.9,2896.0,3148.5,131,4,3148.2,15,1,3148.0,26,2,3147.9,78,3,3147.8,44,4,3148.8,209,4,3149.0,20,1,3149.3,32,1,3149.4,184,2,3149.5,54,2
2031,2026-06-16 14:35:32+05:30,3148.8,6,3134.25,2873257,126133.0,195575.0,3163.0,3163.0,3108.0,3134.3,31858800,3447.7,2820.9,3839.9,2896.0,3148.5,145,5,3148.0,26,2,3147.9,79,4,3147.8,43,3,3147.7,74,4,3148.8,51,3,3149.0,20,1,3149.3,32,1,3149.4,184,2,3149.5,168,2
2031,2026-06-16 14:35:33+05:30,3148.8,9,3134.25,2873467,125340.0,195568.0,3163.0,3163.0,3108.0,3134.3,31858800,3447.7,2820.9,3839.9,2896.0,3148.5,21,3,3148.0,16,1,3147.9,2,1,3147.8,13,1,3147.7,20,1,3148.8,17,1,3149.0,20,1,3149.2,181,1,3149.3,115,4,3149.4,1041,7
2031,2026-06-16 14:35:33+05:30,3148.8,9,3134.25,2873467,125340.0,195568.0,3163.0,3163.0,3108.0,3134.3,31858800,3447.7,2820.9,3839.9,2896.0,3148.5,21,3,3148.0,16,1,3147.9,2,1,3147.8,13,1,3147.7,20,1,3148.8,17,1,3149.0,20,1,3149.2,181,1,3149.3,115,4,3149.4,1041,7
2031,2026-06-16 14:35:34+05:30,3148.8,9,3134.25,2873467,125340.0,195568.0,3163.0,3163.0,3108.0,3134.3,31858800,3447.7,2820.9,3839.9,2896.0,3148.5,21,3,3148.0,16,1,3147.9,2,1,3147.8,13,1,3147.7,20,1,3148.8,17,1,3149.0,20,1,3149.2,181,1,3149.3,115,4,3149.4,1041,7
2031,2026-06-16 14:35:34+05:30,3148.5,10,3134.25,2873482,125339.0,195679.0,3163.0,3163.0,3108.0,3134.3,31858800,3447.7,2820.9,3839.9,2896.0,3148.5,21,4,3148.0,16,1,3147.9,2,1,3147.8,13,1,3147.7,20,1,3148.8,17,1,3149.0,20,1,3149.2,181,1,3149.3,1115,9,3149.4,89,3
2031,2026-06-16 14:35:34+05:30,3148.5,10,3134.25,2873482,125339.0,195679.0,3163.0,3163.0,3108.0,3134.3,31858800,3447.7,2820.9,3839.9,2896.0,3148.5,21,4,3148.0,16,1,3147.9,2,1,3147.8,13,1,3147.7,20,1,3148.8,17,1,3149.0,20,1,3149.2,181,1,3149.3,1115,9,3149.4,89,3
2031,2026-06-16 14:35:35+05:30,3148.5,10,3134.25,2873482,125439.0,195646.0,3163.0,3163.0,3108.0,3134.3,31858800,3447.7,2820.9,3839.9,2896.0,3148.5,22,5,3148.0,16,1,3147.9,2,1,3147.8,13,1,3147.7,68,2,3148.8,17,1,3149.0,20,1,3149.2,181,1,3149.3,85,3,3149.4,51,2
2031,2026-06-16 14:35:36+05:30,3148.5,10,3134.25,2873482,125439.0,195646.0,3163.0,3163.0,3108.0,3134.3,31858800,3447.7,2820.9,3839.9,2896.0,3148.5,22,5,3148.0,16,1,3147.9,2,1,3147.8,13,1,3147.7,68,2,3148.8,17,1,3149.0,20,1,3149.2,181,1,3149.3,85,3,3149.4,51,2
2031,2026-06-16 14:35:36+05:30,3148.8,1,3134.25,2873494,125449.0,195817.0,3163.0,3163.0,3108.0,3134.3,31858800,3447.7,2820.9,3839.9,2896.0,3148.6,16,1,3148.5,29,5,3147.9,2,1,3147.8,13,1,3147.7,20,1,3148.8,51,2,3149.0,20,1,3149.2,181,1,3149.3,207,6,3149.4,128,4
2031,2026-06-16 14:35:36+05:30,3148.8,1,3134.25,2873494,125449.0,195817.0,3163.0,3163.0,3108.0,3134.3,31858800,3447.7,2820.9,3839.9,2896.0,3148.6,16,1,3148.5,29,5,3147.9,2,1,3147.8,13,1,3147.7,20,1,3148.8,51,2,3149.0,20,1,3149.2,181,1,3149.3,207,6,3149.4,128,4
2031,2026-06-16 14:35:37+05:30,3148.6,16,3134.25,2873514,125304.0,195888.0,3163.0,3163.0,3108.0,3134.3,31858800,3447.7,2820.9,3839.9,2896.0,3148.6,16,1,3148.5,28,4,3147.9,2,1,3147.8,13,1,3147.7,20,1,3148.8,80,3,3148.9,44,1,3149.0,88,4,3149.1,30,1,3149.2,219,2
2031,2026-06-16 14:35:37+05:30,3148.6,16,3134.25,2873514,125304.0,195888.0,3163.0,3163.0,3108.0,3134.3,31858800,3447.7,2820.9,3839.9,2896.0,3148.6,16,1,3148.5,28,4,3147.9,2,1,3147.8,13,1,3147.7,20,1,3148.8,80,3,3148.9,44,1,3149.0,88,4,3149.1,30,1,3149.2,219,2
2031,2026-06-16 14:35:38+05:30,3148.6,16,3134.25,2873514,125304.0,195888.0,3163.0,3163.0,3108.0,3134.3,31858800,3447.7,2820.9,3839.9,2896.0,3148.6,16,1,3148.5,28,4,3147.9,2,1,3147.8,13,1,3147.7,20,1,3148.8,80,3,3148.9,44,1,3149.0,88,4,3149.1,30,1,3149.2,219,2
2031,2026-06-16 14:35:38+05:30,3148.6,16,3134.25,2873514,126101.0,195796.0,3163.0,3163.0,3108.0,3134.3,31858800,3447.7,2820.9,3839.9,2896.0,3148.6,16,1,3148.5,43,5,3147.9,2,1,3147.8,13,1,3147.7,20,1,3148.8,80,3,3148.9,44,1,3149.0,20,1,3149.2,181,1,3149.3,125,4
2031,2026-06-16 14:35:39+05:30,3148.5,4,3134.25,2873979,123898.0,196499.0,3163.0,3163.0,3108.0,3134.3,31858800,3447.7,2820.9,3839.9,2896.0,3147.6,3,1,3147.0,6,2,3146.9,21,1,3146.8,14,1,3146.7,140,4,3148.2,73,3,3148.4,172,5,3148.5,26,1,3148.6,184,4,3148.7,274,4
2031,2026-06-16 14:35:39+05:30,3148.5,4,3134.25,2873979,123898.0,196499.0,3163.0,3163.0,3108.0,3134.3,31858800,3447.7,2820.9,3839.9,2896.0,3147.6,3,1,3147.0,6,2,3146.9,21,1,3146.8,14,1,3146.7,140,4,3148.2,73,3,3148.4,172,5,3148.5,26,1,3148.6,184,4,3148.7,274,4
2031,2026-06-16 14:35:40+05:30,3148.5,4,3134.25,2873979,123898.0,196499.0,3163.0,3163.0,3108.0,3134.3,31858800,3447.7,2820.9,3839.9,2896.0,3147.6,3,1,3147.0,6,2,3146.9,21,1,3146.8,14,1,3146.7,140,4,3148.2,73,3,3148.4,172,5,3148.5,26,1,3148.6,184,4,3148.7,274,4
2031,2026-06-16 14:35:40+05:30,3148.0,1,3134.25,2873985,123463.0,197989.0,3163.0,3163.0,3108.0,3134.3,31858800,3447.7,2820.9,3839.9,2896.0,3147.0,7,3,3146.8,44,2,3146.7,120,3,3146.6,28,2,3146.5,94,5,3148.0,4,1,3148.1,48,2,3148.2,30,3,3148.3,229,2,3148.4,191,5
2031,2026-06-16 14:35:40+05:30,3148.0,1,3134.25,2873985,123463.0,197989.0,3163.0,3163.0,3108.0,3134.3,31858800,3447.7,2820.9,3839.9,2896.0,3147.0,7,3,3146.8,44,2,3146.7,120,3,3146.6,28,2,3146.5,94,5,3148.0,4,1,3148.1,48,2,3148.2,30,3,3148.3,229,2,3148.4,191,5
2031,2026-06-16 14:35:41+05:30,3148.1,1,3134.25,2873997,123580.0,198216.0,3163.0,3163.0,3108.0,3134.3,31858800,3447.7,2820.9,3839.9,2896.0,3147.0,6,2,3146.8,245,3,3146.7,104,2,3146.6,29,3,3146.5,109,5,3148.1,36,1,3148.2,21,3,3148.3,260,3,3148.4,81,2,3148.5,1133,8
2031,2026-06-16 14:35:41+05:30,3148.1,1,3134.25,2873997,123580.0,198216.0,3163.0,3163.0,3108.0,3134.3,31858800,3447.7,2820.9,3839.9,2896.0,3147.0,6,2,3146.8,245,3,3146.7,104,2,3146.6,29,3,3146.5,109,5,3148.1,36,1,3148.2,21,3,3148.3,260,3,3148.4,81,2,3148.5,1133,8
2031,2026-06-16 14:35:42+05:30,3148.1,1,3134.25,2873997,123580.0,198216.0,3163.0,3163.0,3108.0,3134.3,31858800,3447.7,2820.9,3839.9,2896.0,3147.0,6,2,3146.8,245,3,3146.7,104,2,3146.6,29,3,3146.5,109,5,3148.1,36,1,3148.2,21,3,3148.3,260,3,3148.4,81,2,3148.5,1133,8
2031,2026-06-16 14:35:42+05:30,3148.0,1,3134.25,2874000,123585.0,198420.0,3163.0,3163.0,3108.0,3134.3,31858800,3447.7,2820.9,3839.9,2896.0,3147.0,6,2,3146.8,14,1,3146.7,119,3,3146.6,28,2,3146.5,109,5,3148.0,24,1,3148.1,61,2,3148.2,35,3,3148.3,347,5,3148.4,1052,7
2031,2026-06-16 14:35:42+05:30,3148.0,1,3134.25,2874000,123585.0,198420.0,3163.0,3163.0,3108.0,3134.3,31858800,3447.7,2820.9,3839.9,2896.0,3147.0,6,2,3146.8,14,1,3146.7,119,3,3146.6,28,2,3146.5,109,5,3148.0,24,1,3148.1,61,2,3148.2,35,3,3148.3,347,5,3148.4,1052,7
2031,2026-06-16 14:35:43+05:30,3148.0,3,3134.25,2874008,123959.0,198423.0,3163.0,3163.0,3108.0,3134.3,31858800,3447.7,2820.9,3839.9,2896.0,3147.4,3,2,3147.0,6,2,3146.8,14,1,3146.7,119,3,3146.6,28,2,3148.0,82,4,3148.1,255,3,3148.2,92,4,3148.3,1079,7,3148.4,52,2
2031,2026-06-16 14:35:43+05:30,3148.0,3,3134.25,2874008,123959.0,198423.0,3163.0,3163.0,3108.0,3134.3,31858800,3447.7,2820.9,3839.9,2896.0,3147.4,3,2,3147.0,6,2,3146.8,14,1,3146.7,119,3,3146.6,28,2,3148.0,82,4,3148.1,255,3,3148.2,92,4,3148.3,1079,7,3148.4,52,2
2031,2026-06-16 14:35:44+05:30,3148.0,3,3134.25,2874008,123959.0,198423.0,3163.0,3163.0,3108.0,3134.3,31858800,3447.7,2820.9,3839.9,2896.0,3147.4,3,2,3147.0,6,2,3146.8,14,1,3146.7,119,3,3146.6,28,2,3148.0,82,4,3148.1,255,3,3148.2,92,4,3148.3,1079,7,3148.4,52,2
2031,2026-06-16 14:35:44+05:30,3148.0,9,3134.25,2874018,123787.0,198418.0,3163.0,3163.0,3108.0,3134.3,31858800,3447.7,2820.9,3839.9,2896.0,3147.4,3,2,3147.0,23,3,3146.8,14,1,3146.7,104,2,3146.6,6,1,3148.0,60,4,3148.1,48,1,3148.2,273,5,3148.3,79,2,3148.4,1052,7
2031,2026-06-16 14:35:44+05:30,3148.0,9,3134.25,2874018,123787.0,198418.0,3163.0,3163.0,3108.0,3134.3,31858800,3447.7,2820.9,3839.9,2896.0,3147.4,3,2,3147.0,23,3,3146.8,14,1,3146.7,104,2,3146.6,6,1,3148.0,60,4,3148.1,48,1,3148.2,273,5,3148.3,79,2,3148.4,1052,7
2031,2026-06-16 14:35:45+05:30,3148.0,2,3134.25,2874020,123859.0,198261.0,3163.0,3163.0,3108.0,3134.3,31858800,3447.7,2820.9,3839.9,2896.0,3147.7,2,2,3147.4,3,2,3147.0,23,3,3146.8,14,1,3146.7,137,3,3148.0,224,5,3148.2,15,2,3148.3,1086,7,3148.4,71,2,3148.5,362,5
2031,2026-06-16 14:35:45+05:30,3148.0,2,3134.25,2874020,123859.0,198261.0,3163.0,3163.0,3108.0,3134.3,31858800,3447.7,2820.9,3839.9,2896.0,3147.7,2,2,3147.4,3,2,3147.0,23,3,3146.8,14,1,3146.7,137,3,3148.0,224,5,3148.2,15,2,3148.3,1086,7,3148.4,71,2,3148.5,362,5
2031,2026-06-16 14:35:45+05:30,3148.0,2,3134.25,2874020,123859.0,198261.0,3163.0,3163.0,3108.0,3134.3,31858800,3447.7,2820.9,3839.9,2896.0,3147.7,2,2,3147.4,3,2,3147.0,23,3,3146.8,14,1,3146.7,137,3,3148.0,224,5,3148.2,15,2,3148.3,1086,7,3148.4,71,2,3148.5,362,5
2031,2026-06-16 14:35:46+05:30,3148.0,2,3134.25,2874020,123859.0,198261.0,3163.0,3163.0,3108.0,3134.3,31858800,3447.7,2820.9,3839.9,2896.0,3147.7,2,2,3147.4,3,2,3147.0,23,3,3146.8,14,1,3146.7,137,3,3148.0,224,5,3148.2,15,2,3148.3,1086,7,3148.4,71,2,3148.5,362,5
2031,2026-06-16 14:35:46+05:30,3147.5,3,3134.25,2874068,123676.0,197759.0,3163.0,3163.0,3108.0,3134.3,31858800,3447.7,2820.9,3839.9,2896.0,3147.5,1,1,3147.4,39,3,3147.0,23,3,3146.9,3,1,3146.8,193,3,3148.0,34,3,3148.3,184,2,3148.4,32,1,3148.5,1036,7,3148.6,69,2
2031,2026-06-16 14:35:46+05:30,3147.5,3,3134.25,2874068,123676.0,197759.0,3163.0,3163.0,3108.0,3134.3,31858800,3447.7,2820.9,3839.9,2896.0,3147.5,1,1,3147.4,39,3,3147.0,23,3,3146.9,3,1,3146.8,193,3,3148.0,34,3,3148.3,184,2,3148.4,32,1,3148.5,1036,7,3148.6,69,2
2031,2026-06-16 14:35:47+05:30,3147.5,3,3134.25,2874068,123676.0,197759.0,3163.0,3163.0,3108.0,3134.3,31858800,3447.7,2820.9,3839.9,2896.0,3147.5,1,1,3147.4,39,3,3147.0,23,3,3146.9,3,1,3146.8,193,3,3148.0,34,3,3148.3,184,2,3148.4,32,1,3148.5,1036,7,3148.6,69,2
2031,2026-06-16 14:35:47+05:30,3148.0,2,3134.25,2874073,123989.0,199620.0,3163.0,3163.0,3108.0,3134.3,31858800,3447.7,2820.9,3839.9,2896.0,3147.4,55,4,3147.0,6,2,3146.9,19,2,3146.8,193,3,3146.7,170,5,3148.0,80,4,3148.3,184,2,3148.4,119,3,3148.5,1065,8,3148.6,107,3
2031,2026-06-16 14:35:47+05:30,3148.0,2,3134.25,2874073,123989.0,199620.0,3163.0,3163.0,3108.0,3134.3,31858800,3447.7,2820.9,3839.9,2896.0,3147.4,55,4,3147.0,6,2,3146.9,19,2,3146.8,193,3,3146.7,170,5,3148.0,80,4,3148.3,184,2,3148.4,119,3,3148.5,1065,8,3148.6,107,3
2031,2026-06-16 14:35:48+05:30,3148.0,2,3134.25,2874073,123989.0,199620.0,3163.0,3163.0,3108.0,3134.3,31858800,3447.7,2820.9,3839.9,2896.0,3147.4,55,4,3147.0,6,2,3146.9,19,2,3146.8,193,3,3146.7,170,5,3148.0,80,4,3148.3,184,2,3148.4,119,3,3148.5,1065,8,3148.6,107,3
2031,2026-06-16 14:35:48+05:30,3147.4,7,3134.25,2874081,123794.0,199634.0,3163.0,3163.0,3108.0,3134.3,31858800,3447.7,2820.9,3839.9,2896.0,3147.4,32,3,3147.2,16,1,3147.0,6,2,3146.9,19,2,3146.8,211,3,3148.0,85,5,3148.3,194,3,3148.4,119,3,3148.5,1026,6,3148.6,156,4
2031,2026-06-16 14:35:48+05:30,3147.4,7,3134.25,2874081,123794.0,199634.0,3163.0,3163.0,3108.0,3134.3,31858800,3447.7,2820.9,3839.9,2896.0,3147.4,32,3,3147.2,16,1,3147.0,6,2,3146.9,19,2,3146.8,211,3,3148.0,85,5,3148.3,194,3,3148.4,119,3,3148.5,1026,6,3148.6,156,4
2031,2026-06-16 14:35:49+05:30,3147.4,7,3134.25,2874081,123794.0,199634.0,3163.0,3163.0,3108.0,3134.3,31858800,3447.7,2820.9,3839.9,2896.0,3147.4,32,3,3147.2,16,1,3147.0,6,2,3146.9,19,2,3146.8,211,3,3148.0,85,5,3148.3,194,3,3148.4,119,3,3148.5,1026,6,3148.6,156,4
2031,2026-06-16 14:35:49+05:30,3148.0,1,3134.25,2874083,124014.0,199536.0,3163.0,3163.0,3108.0,3134.3,31858800,3447.7,2820.9,3839.9,2896.0,3147.7,16,1,3147.4,71,5,3147.1,16,1,3147.0,22,3,3146.9,25,2,3148.0,83,5,3148.3,184,2,3148.4,80,2,3148.5,1026,6,3148.6,69,2
2031,2026-06-16 14:35:49+05:30,3148.0,1,3134.25,2874083,124014.0,199536.0,3163.0,3163.0,3108.0,3134.3,31858800,3447.7,2820.9,3839.9,2896.0,3147.7,16,1,3147.4,71,5,3147.1,16,1,3147.0,22,3,3146.9,25,2,3148.0,83,5,3148.3,184,2,3148.4,80,2,3148.5,1026,6,3148.6,69,2
2031,2026-06-16 14:35:50+05:30,3148.0,1,3134.25,2874083,124014.0,199536.0,3163.0,3163.0,3108.0,3134.3,31858800,3447.7,2820.9,3839.9,2896.0,3147.7,16,1,3147.4,71,5,3147.1,16,1,3147.0,22,3,3146.9,25,2,3148.0,83,5,3148.3,184,2,3148.4,80,2,3148.5,1026,6,3148.6,69,2
2031,2026-06-16 14:35:50+05:30,3148.0,1,3134.25,2874083,124014.0,199536.0,3163.0,3163.0,3108.0,3134.3,31858800,3447.7,2820.9,3839.9,2896.0,3147.8,17,1,3147.4,71,5,3147.3,25,2,3147.2,16,2,3147.1,4,1,3148.0,82,5,3148.3,184,2,3148.4,32,1,3148.5,1026,6,3148.6,69,2
2031,2026-06-16 14:35:50+05:30,3148.0,1,3134.25,2874088,124055.0,199448.0,3163.0,3163.0,3108.0,3134.3,31858800,3447.7,2820.9,3839.9,2896.0,3147.8,17,1,3147.4,71,5,3147.3,25,2,3147.2,16,2,3147.1,4,1,3148.0,82,5,3148.3,184,2,3148.4,32,1,3148.5,1026,6,3148.6,69,2
2031,2026-06-16 14:35:51+05:30,3148.0,1,3134.25,2874088,124055.0,199448.0,3163.0,3163.0,3108.0,3134.3,31858800,3447.7,2820.9,3839.9,2896.0,3147.8,17,1,3147.4,71,5,3147.3,25,2,3147.2,16,2,3147.1,4,1,3148.0,82,5,3148.3,184,2,3148.4,32,1,3148.5,1026,6,3148.6,69,2
2031,2026-06-16 14:35:51+05:30,3148.0,10,3134.25,2874088,124055.0,199448.0,3163.0,3163.0,3108.0,3134.3,31858800,3447.7,2820.9,3839.9,2896.0,3147.8,17,1,3147.4,71,5,3147.3,25,2,3147.2,16,2,3147.1,4,1,3148.0,82,5,3148.3,184,2,3148.4,32,1,3148.5,1026,6,3148.6,69,2
2031,2026-06-16 14:35:51+05:30,3148.0,10,3134.25,2874099,124269.0,199553.0,3163.0,3163.0,3108.0,3134.3,31858800,3447.7,2820.9,3839.9,2896.0,3147.8,23,2,3147.6,6,1,3147.4,104,7,3147.3,10,1,3147.2,16,2,3148.0,71,4,3148.3,184,2,3148.4,32,1,3148.5,1026,6,3148.6,69,2
2031,2026-06-16 14:35:52+05:30,3148.0,10,3134.25,2874099,124269.0,199553.0,3163.0,3163.0,3108.0,3134.3,31858800,3447.7,2820.9,3839.9,2896.0,3147.8,23,2,3147.6,6,1,3147.4,104,7,3147.3,10,1,3147.2,16,2,3148.0,71,4,3148.3,184,2,3148.4,32,1,3148.5,1026,6,3148.6,69,2
2031,2026-06-16 14:35:52+05:30,3148.3,16,3134.25,2874099,124269.0,199553.0,3163.0,3163.0,3108.0,3134.3,31858800,3447.7,2820.9,3839.9,2896.0,3147.8,23,2,3147.6,6,1,3147.4,104,7,3147.3,10,1,3147.2,16,2,3148.0,71,4,3148.3,184,2,3148.4,32,1,3148.5,1026,6,3148.6,69,2
2031,2026-06-16 14:35:53+05:30,3148.3,16,3134.25,2874201,124611.0,199122.0,3163.0,3163.0,3108.0,3134.3,31858800,3447.7,2820.9,3839.9,2896.0,3148.1,1,1,3148.0,15,1,3147.8,6,1,3147.4,94,5,3147.3,10,1,3148.3,165,1,3148.4,32,1,3148.5,1000,5,3148.7,216,3,3148.8,540,6
2031,2026-06-16 14:35:53+05:30,3148.3,16,3134.25,2874201,124611.0,199122.0,3163.0,3163.0,3108.0,3134.3,31858800,3447.7,2820.9,3839.9,2896.0,3148.1,1,1,3148.0,15,1,3147.8,6,1,3147.4,94,5,3147.3,10,1,3148.3,165,1,3148.4,32,1,3148.5,1000,5,3148.7,216,3,3148.8,540,6
2031,2026-06-16 14:35:53+05:30,3148.0,148,3134.25,2874201,124611.0,199122.0,3163.0,3163.0,3108.0,3134.3,31858800,3447.7,2820.9,3839.9,2896.0,3148.1,1,1,3148.0,15,1,3147.8,6,1,3147.4,94,5,3147.3,10,1,3148.3,165,1,3148.4,32,1,3148.5,1000,5,3148.7,216,3,3148.8,540,6
2031,2026-06-16 14:35:54+05:30,3148.4,28,3134.25,2874429,124313.0,198300.0,3163.0,3163.0,3108.0,3134.3,31858800,3447.7,2820.9,3839.9,2896.0,3148.3,1,1,3147.8,6,1,3147.4,34,3,3147.3,29,3,3147.2,79,3,3148.4,4,1,3148.7,10,1,3148.8,219,4,3148.9,1038,6,3149.0,20,1
2031,2026-06-16 14:35:54+05:30,3148.4,28,3134.25,2874429,124313.0,198300.0,3163.0,3163.0,3108.0,3134.3,31859600,3447.7,2820.9,3839.9,2896.0,3148.3,1,1,3147.8,6,1,3147.4,34,3,3147.3,29,3,3147.2,79,3,3148.4,4,1,3148.7,10,1,3148.8,219,4,3148.9,1038,6,3149.0,20,1
2031,2026-06-16 14:35:54+05:30,3148.4,1,3134.25,2874429,124313.0,198300.0,3163.0,3163.0,3108.0,3134.3,31859600,3447.7,2820.9,3839.9,2896.0,3148.3,1,1,3147.8,6,1,3147.4,34,3,3147.3,29,3,3147.2,79,3,3148.4,4,1,3148.7,10,1,3148.8,219,4,3148.9,1038,6,3149.0,20,1
2031,2026-06-16 14:35:55+05:30,3148.4,1,3134.25,2874435,124299.0,198588.0,3163.0,3163.0,3108.0,3134.3,31859600,3447.7,2820.9,3839.9,2896.0,3147.8,6,1,3147.4,21,2,3147.3,3,1,3147.2,11,1,3147.1,22,1,3148.4,67,4,3148.5,41,1,3148.6,244,3,3148.7,1048,6,3148.8,171,6
2031,2026-06-16 14:35:55+05:30,3148.3,1,3134.25,2874435,124299.0,198588.0,3163.0,3163.0,3108.0,3134.3,31859600,3447.7,2820.9,3839.9,2896.0,3147.8,6,1,3147.4,21,2,3147.3,3,1,3147.2,11,1,3147.1,22,1,3148.4,67,4,3148.5,41,1,3148.6,244,3,3148.7,1048,6,3148.8,171,6
2031,2026-06-16 14:35:56+05:30,3148.4,6,3134.25,2874500,124294.0,198496.0,3163.0,3163.0,3108.0,3134.3,31859600,3447.7,2820.9,3839.9,2896.0,3148.0,15,1,3147.8,6,1,3147.3,3,1,3147.2,183,1,3147.1,22,1,3148.4,54,4,3148.6,206,2,3148.7,48,1,3148.8,1174,11,3148.9,94,2
2031,2026-06-16 14:35:56+05:30,3148.0,1,3134.25,2874500,124294.0,198496.0,3163.0,3163.0,3108.0,3134.3,31859600,3447.7,2820.9,3839.9,2896.0,3148.0,15,1,3147.8,6,1,3147.3,3,1,3147.2,183,1,3147.1,22,1,3148.4,54,4,3148.6,206,2,3148.7,48,1,3148.8,1174,11,3148.9,94,2
2031,2026-06-16 14:35:57+05:30,3148.4,21,3134.26,2874534,124237.0,198509.0,3163.0,3163.0,3108.0,3134.3,31859600,3447.7,2820.9,3839.9,2896.0,3148.0,5,1,3147.8,23,2,3147.2,183,1,3147.1,22,1,3147.0,42,4,3148.4,30,3,3148.5,41,1,3148.6,206,2,3148.7,48,1,3148.8,1133,10
2031,2026-06-16 14:35:57+05:30,3148.0,132,3134.26,2874534,124237.0,198509.0,3163.0,3163.0,3108.0,3134.3,31859600,3447.7,2820.9,3839.9,2896.0,3148.0,5,1,3147.8,23,2,3147.2,183,1,3147.1,22,1,3147.0,42,4,3148.4,30,3,3148.5,41,1,3148.6,206,2,3148.7,48,1,3148.8,1133,10
2031,2026-06-16 14:35:58+05:30,3147.9,1,3134.26,2874667,124245.0,199471.0,3163.0,3163.0,3108.0,3134.3,31859600,3447.7,2820.9,3839.9,2896.0,3147.8,20,2,3147.2,15,1,3147.1,162,2,3147.0,46,4,3146.9,62,3,3147.9,67,1,3148.4,243,6,3148.6,1000,5,3148.7,51,2,3148.8,338,6
2031,2026-06-16 14:35:58+05:30,3148.4,4,3134.26,2874667,124245.0,199471.0,3163.0,3163.0,3108.0,3134.3,31859600,3447.7,2820.9,3839.9,2896.0,3147.8,20,2,3147.2,15,1,3147.1,162,2,3147.0,46,4,3146.9,62,3,3147.9,67,1,3148.4,243,6,3148.6,1000,5,3148.7,51,2,3148.8,338,6
2031,2026-06-16 14:35:59+05:30,3148.4,10,3134.26,2874778,124712.0,198302.0,3163.0,3163.0,3108.0,3134.3,31859600,3447.7,2820.9,3839.9,2896.0,3147.9,23,2,3147.8,1,1,3147.4,228,3,3147.3,73,2,3147.2,122,3,3148.4,66,3,3148.6,165,1,3148.7,1003,6,3148.8,51,2,3148.9,331,4
2031,2026-06-16 14:35:59+05:30,3148.4,3,3134.26,2874778,124712.0,198302.0,3163.0,3163.0,3108.0,3134.3,31859600,3447.7,2820.9,3839.9,2896.0,3147.9,23,2,3147.8,1,1,3147.4,228,3,3147.3,73,2,3147.2,122,3,3148.4,66,3,3148.6,165,1,3148.7,1003,6,3148.8,51,2,3148.9,331,4
2031,2026-06-16 14:36:00+05:30,3148.4,1,3134.26,2874786,125074.0,198221.0,3163.0,3163.0,3108.0,3134.3,31859600,3447.7,2820.9,3839.9,2896.0,3148.1,7,1,3147.9,23,2,3147.4,228,3,3147.3,73,2,3147.2,168,4,3148.4,60,4,3148.7,3,1,3148.8,216,3,3148.9,46,1,3149.0,1047,8
2031,2026-06-16 14:36:00+05:30,3148.4,1,3134.26,2874786,125074.0,198221.0,3163.0,3163.0,3108.0,3134.3,31859600,3447.7,2820.9,3839.9,2896.0,3148.1,7,1,3147.9,23,2,3147.4,228,3,3147.3,73,2,3147.2,168,4,3148.4,60,4,3148.7,3,1,3148.8,216,3,3148.9,46,1,3149.0,1047,8
2031,2026-06-16 14:36:01+05:30,3148.4,1,3134.26,2874786,125039.0,198306.0,3163.0,3163.0,3108.0,3134.3,31859600,3447.7,2820.9,3839.9,2896.0,3148.3,2,2,3148.1,8,2,3148.0,16,1,3147.9,7,1,3147.4,277,5,3148.4,60,4,3148.7,3,1,3148.8,216,3,3148.9,1046,6,3149.0,20,1
2031,2026-06-16 14:36:02+05:30,3148.4,1,3134.26,2874787,125039.0,198142.0,3163.0,3163.0,3108.0,3134.3,31859600,3447.7,2820.9,3839.9,2896.0,3148.3,2,2,3148.1,8,2,3148.0,16,1,3147.9,7,1,3147.4,277,5,3148.4,60,5,3148.7,3,1,3148.8,216,3,3148.9,1046,6,3149.0,20,1
2031,2026-06-16 14:36:02+05:30,3148.4,82,3134.26,2874787,125039.0,198142.0,3163.0,3163.0,3108.0,3134.3,31859600,3447.7,2820.9,3839.9,2896.0,3148.3,2,2,3148.1,8,2,3148.0,16,1,3147.9,7,1,3147.4,277,5,3148.4,60,5,3148.7,3,1,3148.8,216,3,3148.9,1046,6,3149.0,20,1
2031,2026-06-16 14:36:03+05:30,3148.4,1,3134.26,2874930,125132.0,198180.0,3163.0,3163.0,3108.0,3134.3,31859600,3447.7,2820.9,3839.9,2896.0,3148.3,2,2,3148.1,8,2,3147.9,7,1,3147.8,15,1,3147.5,63,1,3148.4,21,1,3148.8,216,3,3148.9,1083,7,3149.0,20,1,3149.1,340,4
2031,2026-06-16 14:36:03+05:30,3148.4,1,3134.26,2874930,125132.0,198180.0,3163.0,3163.0,3108.0,3134.3,31859600,3447.7,2820.9,3839.9,2896.0,3148.3,2,2,3148.1,8,2,3147.9,7,1,3147.8,15,1,3147.5,63,1,3148.4,21,1,3148.8,216,3,3148.9,1083,7,3149.0,20,1,3149.1,340,4
2031,2026-06-16 14:36:04+05:30,3148.3,37,3134.26,2874969,125162.0,197911.0,3163.0,3163.0,3108.0,3134.3,31859600,3447.7,2820.9,3839.9,2896.0,3148.3,9,4,3148.2,15,1,3148.1,8,2,3148.0,46,1,3147.9,14,2,3148.4,4,1,3148.5,32,1,3148.8,18,1,3149.0,185,2,3149.2,23,2
2031,2026-06-16 14:36:04+05:30,3148.3,37,3134.26,2874969,125162.0,197911.0,3163.0,3163.0,3108.0,3134.3,31859600,3447.7,2820.9,3839.9,2896.0,3148.3,9,4,3148.2,15,1,3148.1,8,2,3148.0,46,1,3147.9,14,2,3148.4,4,1,3148.5,32,1,3148.8,18,1,3149.0,185,2,3149.2,23,2
2031,2026-06-16 14:36:05+05:30,3148.4,39,3134.26,2875012,125061.0,197897.0,3163.0,3163.0,3108.0,3134.3,31859600,3447.7,2820.9,3839.9,2896.0,3148.4,17,1,3148.3,9,4,3148.1,8,2,3147.9,14,2,3147.8,16,1,3148.5,32,1,3148.8,18,1,3149.0,185,2,3149.2,1023,7,3149.4,269,3
2031,2026-06-16 14:36:05+05:30,3148.4,39,3134.26,2875012,125061.0,197897.0,3163.0,3163.0,3108.0,3134.3,31859600,3447.7,2820.9,3839.9,2896.0,3148.4,17,1,3148.3,9,4,3148.1,8,2,3147.9,14,2,3147.8,16,1,3148.5,32,1,3148.8,18,1,3149.0,185,2,3149.2,1023,7,3149.4,269,3
2031,2026-06-16 14:36:06+05:30,3148.3,1,3134.26,2875022,125035.0,197931.0,3163.0,3163.0,3108.0,3134.3,31859600,3447.7,2820.9,3839.9,2896.0,3148.3,1,1,3148.2,15,1,3148.1,8,2,3147.9,14,2,3147.6,16,1,3148.5,32,1,3148.8,18,1,3149.0,222,3,3149.1,1000,5,3149.2,60,3
2031,2026-06-16 14:36:06+05:30,3148.3,1,3134.26,2875022,125035.0,197931.0,3163.0,3163.0,3108.0,3134.3,31859600,3447.7,2820.9,3839.9,2896.0,3148.3,1,1,3148.2,15,1,3148.1,8,2,3147.9,14,2,3147.6,16,1,3148.5,32,1,3148.8,18,1,3149.0,222,3,3149.1,1000,5,3149.2,60,3
2031,2026-06-16 14:36:07+05:30,3148.5,3,3134.26,2875249,124917.0,197069.0,3163.0,3163.0,3108.0,3134.3,31859600,3447.7,2820.9,3839.9,2896.0,3148.5,1,1,3148.2,3,1,3148.1,8,2,3147.9,7,1,3147.5,186,3,3148.8,50,2,3148.9,165,1,3149.0,45,2,3149.1,800,4,3149.2,36,1
2031,2026-06-16 14:36:07+05:30,3148.5,3,3134.26,2875249,124917.0,197069.0,3163.0,3163.0,3108.0,3134.3,31859600,3447.7,2820.9,3839.9,2896.0,3148.5,1,1,3148.2,3,1,3148.1,8,2,3147.9,7,1,3147.5,186,3,3148.8,50,2,3148.9,165,1,3149.0,45,2,3149.1,800,4,3149.2,36,1
2031,2026-06-16 14:36:08+05:30,3148.6,49,3134.26,2875249,124917.0,197069.0,3163.0,3163.0,3108.0,3134.3,31859600,3447.7,2820.9,3839.9,2896.0,3148.5,1,1,3148.2,3,1,3148.1,8,2,3147.9,7,1,3147.5,186,3,3148.8,50,2,3148.9,165,1,3149.0,45,2,3149.1,800,4,3149.2,36,1
2031,2026-06-16 14:36:08+05:30,3148.6,49,3134.26,2875347,124415.0,198158.0,3163.0,3163.0,3108.0,3134.3,31859600,3447.7,2820.9,3839.9,2896.0,3148.1,2,2,3147.4,13,1,3147.3,36,2,3147.2,16,1,3147.1,39,2,3148.5,219,5,3148.6,231,4,3148.7,1048,8,3148.8,117,4,3148.9,200,1
2031,2026-06-16 14:36:09+05:30,3148.5,1,3134.26,2875347,124415.0,198158.0,3163.0,3163.0,3108.0,3134.3,31859600,3447.7,2820.9,3839.9,2896.0,3148.1,2,2,3147.4,13,1,3147.3,36,2,3147.2,16,1,3147.1,39,2,3148.5,219,5,3148.6,231,4,3148.7,1048,8,3148.8,117,4,3148.9,200,1
2031,2026-06-16 14:36:09+05:30,3148.5,1,3134.26,2875415,124560.0,198153.0,3163.0,3163.0,3108.0,3134.3,31859600,3447.7,2820.9,3839.9,2896.0,3148.1,1,1,3148.0,15,1,3147.5,62,1,3147.4,13,1,3147.3,36,2,3148.5,131,1,3148.6,267,4,3148.7,1022,7,3148.8,97,4,3148.9,200,1
2031,2026-06-16 14:36:10+05:30,3148.5,3,3134.26,2875428,124570.0,198230.0,3163.0,3163.0,3108.0,3134.3,31859600,3447.7,2820.9,3839.9,2896.0,3148.0,15,1,3147.5,62,1,3147.4,13,1,3147.3,36,2,3147.2,16,1,3148.5,123,1,3148.6,356,7,3148.7,1022,7,3148.8,160,6,3148.9,200,1
2031,2026-06-16 14:36:10+05:30,3148.5,3,3134.26,2875428,124570.0,198230.0,3163.0,3163.0,3108.0,3134.3,31859600,3447.7,2820.9,3839.9,2896.0,3148.0,15,1,3147.5,62,1,3147.4,13,1,3147.3,36,2,3147.2,16,1,3148.5,123,1,3148.6,356,7,3148.7,1022,7,3148.8,160,6,3148.9,200,1
2031,2026-06-16 14:36:11+05:30,3148.5,11,3134.26,2875439,124387.0,198388.0,3163.0,3163.0,3108.0,3134.3,31859600,3447.7,2820.9,3839.9,2896.0,3147.4,28,2,3147.3,15,1,3147.1,19,1,3147.0,48,4,3146.9,91,4,3148.5,112,1,3148.6,1318,10,3148.7,83,4,3148.8,354,7,3148.9,449,3
2031,2026-06-16 14:36:11+05:30,3148.5,11,3134.26,2875439,124387.0,198388.0,3163.0,3163.0,3108.0,3134.3,31859600,3447.7,2820.9,3839.9,2896.0,3147.4,28,2,3147.3,15,1,3147.1,19,1,3147.0,48,4,3146.9,91,4,3148.5,112,1,3148.6,1318,10,3148.7,83,4,3148.8,354,7,3148.9,449,3
2031,2026-06-16 14:36:12+05:30,3148.5,2,3134.26,2875441,124324.0,198334.0,3163.0,3163.0,3108.0,3134.3,31859600,3447.7,2820.9,3839.9,2896.0,3147.4,13,1,3147.0,42,4,3146.9,45,3,3146.8,29,3,3146.7,121,2,3148.5,1136,7,3148.6,282,4,3148.7,283,5,3148.8,554,8,3148.9,49,1
2031,2026-06-16 14:36:12+05:30,3148.5,2,3134.26,2875441,124324.0,198334.0,3163.0,3163.0,3108.0,3134.3,31859600,3447.7,2820.9,3839.9,2896.0,3147.4,13,1,3147.0,42,4,3146.9,45,3,3146.8,29,3,3146.7,121,2,3148.5,1136,7,3148.6,282,4,3148.7,283,5,3148.8,554,8,3148.9,49,1
2031,2026-06-16 14:36:13+05:30,3148.5,2,3134.26,2875441,124268.0,198108.0,3163.0,3163.0,3108.0,3134.3,31859600,3447.7,2820.9,3839.9,2896.0,3147.5,5,1,3147.4,31,2,3147.0,26,3,3146.9,58,3,3146.8,75,4,3148.5,110,1,3148.6,282,4,3148.7,1083,9,3148.8,154,6,3148.9,203,2
2031,2026-06-16 14:36:13+05:30,3148.5,1,3134.26,2875441,124268.0,198108.0,3163.0,3163.0,3108.0,3134.3,31859600,3447.7,2820.9,3839.9,2896.0,3147.5,5,1,3147.4,31,2,3147.0,26,3,3146.9,58,3,3146.8,75,4,3148.5,110,1,3148.6,282,4,3148.7,1083,9,3148.8,154,6,3148.9,203,2
2031,2026-06-16 14:36:14+05:30,3148.3,1,3134.26,2875443,124248.0,198174.0,3163.0,3163.0,3108.0,3134.3,31859600,3447.7,2820.9,3839.9,2896.0,3147.5,5,1,3147.4,31,2,3147.0,26,3,3146.9,58,3,3146.8,75,4,3148.3,108,1,3148.4,13,1,3148.5,1026,6,3148.6,226,2,3148.7,261,3
2031,2026-06-16 14:36:14+05:30,3148.3,1,3134.26,2875443,124248.0,198174.0,3163.0,3163.0,3108.0,3134.3,31859600,3447.7,2820.9,3839.9,2896.0,3147.5,5,1,3147.4,31,2,3147.0,26,3,3146.9,58,3,3146.8,75,4,3148.3,108,1,3148.4,13,1,3148.5,1026,6,3148.6,226,2,3148.7,261,3
2031,2026-06-16 14:36:15+05:30,3148.3,1,3134.26,2875444,124169.0,198223.0,3163.0,3163.0,3108.0,3134.3,31859600,3447.7,2820.9,3839.9,2896.0,3147.9,2,2,3147.7,15,1,3147.5,6,2,3147.4,13,1,3147.1,67,1,3148.3,107,1,3148.4,1076,7,3148.6,426,3,3148.7,434,3,3148.8,145,6
2031,2026-06-16 14:36:15+05:30,3148.3,1,3134.26,2875444,124169.0,198223.0,3163.0,3163.0,3108.0,3134.3,31859600,3447.7,2820.9,3839.9,2896.0,3147.9,2,2,3147.7,15,1,3147.5,6,2,3147.4,13,1,3147.1,67,1,3148.3,107,1,3148.4,1076,7,3148.6,426,3,3148.7,434,3,3148.8,145,6
2031,2026-06-16 14:36:16+05:30,3146.8,15,3134.26,2875444,124169.0,198223.0,3163.0,3163.0,3108.0,3134.3,31859600,3447.7,2820.9,3839.9,2896.0,3147.9,2,2,3147.7,15,1,3147.5,6,2,3147.4,13,1,3147.1,67,1,3148.3,107,1,3148.4,1076,7,3148.6,426,3,3148.7,434,3,3148.8,145,6
2031,2026-06-16 14:36:16+05:30,3146.8,15,3134.26,2875953,123142.0,199776.0,3163.0,3163.0,3108.0,3134.3,31859600,3447.7,2820.9,3839.9,2896.0,3146.9,35,1,3146.8,68,7,3146.7,112,2,3146.6,84,3,3146.5,27,2,3148.0,32,1,3148.2,33,2,3148.3,30,1,3148.4,189,5,3148.5,200,1
2031,2026-06-16 14:36:17+05:30,3148.0,17,3134.26,2875953,123142.0,199776.0,3163.0,3163.0,3108.0,3134.3,31859600,3447.7,2820.9,3839.9,2896.0,3146.9,35,1,3146.8,68,7,3146.7,112,2,3146.6,84,3,3146.5,27,2,3148.0,32,1,3148.2,33,2,3148.3,30,1,3148.4,189,5,3148.5,200,1
2031,2026-06-16 14:36:17+05:30,3148.0,17,3134.26,2876028,123173.0,199704.0,3163.0,3163.0,3108.0,3134.3,31859600,3447.7,2820.9,3839.9,2896.0,3146.9,35,1,3146.8,43,4,3146.7,112,2,3146.6,69,3,3146.5,27,2,3148.0,15,1,3148.2,129,2,3148.3,1194,8,3148.4,119,5,3148.5,252,3
2031,2026-06-16 14:36:18+05:30,3147.9,12,3134.26,2876040,123280.0,199853.0,3163.0,3163.0,3108.0,3134.3,31859600,3447.7,2820.9,3839.9,2896.0,3146.9,76,2,3146.8,29,3,3146.7,112,2,3146.6,22,1,3146.5,73,3,3147.9,188,1,3148.0,122,2,3148.1,1038,6,3148.2,68,2,3148.3,255,4
2031,2026-06-16 14:36:19+05:30,3147.7,1,3134.26,2876040,123280.0,199853.0,3163.0,3163.0,3108.0,3134.3,31859600,3447.7,2820.9,3839.9,2896.0,3146.9,76,2,3146.8,29,3,3146.7,112,2,3146.6,22,1,3146.5,73,3,3147.9,188,1,3148.0,122,2,3148.1,1038,6,3148.2,68,2,3148.3,255,4
2031,2026-06-16 14:36:19+05:30,3147.7,1,3134.26,2876041,123465.0,199849.0,3163.0,3163.0,3108.0,3134.3,31859600,3447.7,2820.9,3839.9,2896.0,3146.9,43,3,3146.8,15,2,3146.7,112,2,3146.6,22,1,3146.5,101,4,3147.7,187,1,3147.8,107,1,3148.0,64,3,3148.1,1037,6,3148.2,150,5
2031,2026-06-16 14:36:20+05:30,3147.7,2,3134.26,2876041,123465.0,199849.0,3163.0,3163.0,3108.0,3134.3,31859600,3447.7,2820.9,3839.9,2896.0,3146.9,43,3,3146.8,15,2,3146.7,112,2,3146.6,22,1,3146.5,101,4,3147.7,187,1,3147.8,107,1,3148.0,64,3,3148.1,1037,6,3148.2,150,5
2031,2026-06-16 14:36:20+05:30,3147.7,2,3134.26,2876043,123371.0,199817.0,3163.0,3163.0,3108.0,3134.3,31859600,3447.7,2820.9,3839.9,2896.0,3146.9,92,3,3146.8,15,2,3146.7,112,2,3146.6,22,1,3146.5,55,3,3147.7,185,1,3148.0,217,5,3148.1,37,1,3148.2,1147,9,3148.3,76,5
2031,2026-06-16 14:36:21+05:30,3147.7,1,3134.26,2876043,123371.0,199817.0,3163.0,3163.0,3108.0,3134.3,31859600,3447.7,2820.9,3839.9,2896.0,3146.9,92,3,3146.8,15,2,3146.7,112,2,3146.6,22,1,3146.5,55,3,3147.7,185,1,3148.0,217,5,3148.1,37,1,3148.2,1147,9,3148.3,76,5
2031,2026-06-16 14:36:22+05:30,3147.7,5,3134.26,2876066,123295.0,199906.0,3163.0,3163.0,3108.0,3134.3,31859600,3447.7,2820.9,3839.9,2896.0,3146.9,76,2,3146.8,15,2,3146.7,129,3,3146.6,22,1,3146.5,6,2,3147.7,183,2,3147.8,107,1,3148.0,1110,9,3148.1,65,2,3148.2,396,6
2031,2026-06-16 14:36:22+05:30,3147.7,5,3134.26,2876066,123295.0,199906.0,3163.0,3163.0,3108.0,3134.3,31859600,3447.7,2820.9,3839.9,2896.0,3146.9,76,2,3146.8,15,2,3146.7,129,3,3146.6,22,1,3146.5,6,2,3147.7,183,2,3147.8,107,1,3148.0,1110,9,3148.1,65,2,3148.2,396,6
2031,2026-06-16 14:36:23+05:30,3147.7,1,3134.26,2876067,123301.0,199875.0,3163.0,3163.0,3108.0,3134.3,31859600,3447.7,2820.9,3839.9,2896.0,3146.9,76,2,3146.8,15,2,3146.7,129,3,3146.6,23,2,3146.5,5,1,3147.7,183,3,3147.8,107,1,3148.0,1110,9,3148.1,65,2,3148.2,396,6
2031,2026-06-16 14:36:23+05:30,3147.7,1,3134.26,2876067,123301.0,199875.0,3163.0,3163.0,3108.0,3134.3,31859600,3447.7,2820.9,3839.9,2896.0,3146.9,76,2,3146.8,15,2,3146.7,129,3,3146.6,23,2,3146.5,5,1,3147.7,183,3,3147.8,107,1,3148.0,1110,9,3148.1,65,2,3148.2,396,6
2031,2026-06-16 14:36:24+05:30,3147.7,1,3134.26,2876068,123301.0,199853.0,3163.0,3163.0,3108.0,3134.3,31859600,3447.7,2820.9,3839.9,2896.0,3146.9,76,2,3146.8,15,2,3146.7,129,3,3146.6,22,1,3146.5,5,1,3147.7,223,4,3147.8,107,1,3147.9,200,1,3148.0,910,8,3148.1,65,2
2031,2026-06-16 14:36:24+05:30,3147.7,1,3134.26,2876068,123301.0,199853.0,3163.0,3163.0,3108.0,3134.3,31859600,3447.7,2820.9,3839.9,2896.0,3146.9,76,2,3146.8,15,2,3146.7,129,3,3146.6,22,1,3146.5,5,1,3147.7,223,4,3147.8,107,1,3147.9,200,1,3148.0,910,8,3148.1,65,2
2031,2026-06-16 14:36:25+05:30,3147.7,5,3134.26,2876074,123432.0,199897.0,3163.0,3163.0,3108.0,3134.3,31859600,3447.7,2820.9,3839.9,2896.0,3146.9,76,2,3146.8,15,2,3146.7,129,3,3146.6,38,2,3146.5,72,4,3147.7,217,4,3147.8,107,1,3148.0,64,3,3148.1,1000,5,3148.2,88,3
2031,2026-06-16 14:36:25+05:30,3147.7,5,3134.26,2876074,123432.0,199897.0,3163.0,3163.0,3108.0,3134.3,31859600,3447.7,2820.9,3839.9,2896.0,3146.9,76,2,3146.8,15,2,3146.7,129,3,3146.6,38,2,3146.5,72,4,3147.7,217,4,3147.8,107,1,3148.0,64,3,3148.1,1000,5,3148.2,88,3
2031,2026-06-16 14:36:26+05:30,3147.7,1,3134.26,2876076,124245.0,199535.0,3163.0,3163.0,3108.0,3134.3,31859600,3447.7,2820.9,3839.9,2896.0,3147.4,45,1,3147.3,66,4,3147.2,46,3,3147.1,41,2,3147.0,103,5,3147.7,215,4,3148.0,64,3,3148.2,107,1,3148.3,6,1,3148.4,1020,6
2031,2026-06-16 14:36:26+05:30,3147.5,9,3134.26,2876076,124245.0,199535.0,3163.0,3163.0,3108.0,3134.3,31859600,3447.7,2820.9,3839.9,2896.0,3147.4,45,1,3147.3,66,4,3147.2,46,3,3147.1,41,2,3147.0,103,5,3147.7,215,4,3148.0,64,3,3148.2,107,1,3148.3,6,1,3148.4,1020,6
2031,2026-06-16 14:36:27+05:30,3147.7,36,3134.26,2876121,124329.0,199289.0,3163.0,3163.0,3108.0,3134.3,31859600,3447.7,2820.9,3839.9,2896.0,3147.5,66,5,3147.4,83,4,3147.3,6,1,3147.2,77,5,3147.1,9,1,3147.7,183,5,3148.0,64,3,3148.2,107,1,3148.3,6,1,3148.5,1100,6
2031,2026-06-16 14:36:27+05:30,3147.7,36,3134.26,2876121,124329.0,199289.0,3163.0,3163.0,3108.0,3134.3,31859600,3447.7,2820.9,3839.9,2896.0,3147.5,66,5,3147.4,83,4,3147.3,6,1,3147.2,77,5,3147.1,9,1,3147.7,183,5,3148.0,64,3,3148.2,107,1,3148.3,6,1,3148.5,1100,6
2031,2026-06-16 14:36:28+05:30,3147.7,44,3134.26,2876381,124218.0,199133.0,3163.0,3163.0,3108.0,3134.3,31859600,3447.7,2820.9,3839.9,2896.0,3147.7,16,1,3147.4,75,2,3147.3,16,1,3147.2,39,2,3147.1,42,4,3148.0,64,3,3148.4,107,1,3148.5,106,2,3148.6,1021,6,3148.7,85,2
2031,2026-06-16 14:36:28+05:30,3147.7,44,3134.26,2876381,124218.0,199133.0,3163.0,3163.0,3108.0,3134.3,31859600,3447.7,2820.9,3839.9,2896.0,3147.7,16,1,3147.4,75,2,3147.3,16,1,3147.2,39,2,3147.1,42,4,3148.0,64,3,3148.4,107,1,3148.5,106,2,3148.6,1021,6,3148.7,85,2
2031,2026-06-16 14:36:29+05:30,3148.0,5,3134.26,2876450,124689.0,198999.0,3163.0,3163.0,3108.0,3134.3,31859600,3447.7,2820.9,3839.9,2896.0,3147.8,35,1,3147.7,64,3,3147.6,12,2,3147.5,39,2,3147.4,47,2,3148.0,27,1,3148.4,107,1,3148.5,100,1,3148.6,1000,5,3148.8,238,3
2031,2026-06-16 14:36:29+05:30,3148.0,26,3134.26,2876450,124689.0,198999.0,3163.0,3163.0,3108.0,3134.3,31859600,3447.7,2820.9,3839.9,2896.0,3147.8,35,1,3147.7,64,3,3147.6,12,2,3147.5,39,2,3147.4,47,2,3148.0,27,1,3148.4,107,1,3148.5,100,1,3148.6,1000,5,3148.8,238,3
2031,2026-06-16 14:36:30+05:30,3147.9,4,3134.26,2876481,124712.0,198909.0,3163.0,3163.0,3108.0,3134.3,31859600,3447.7,2820.9,3839.9,2896.0,3147.9,28,1,3147.8,39,3,3147.7,68,2,3147.6,6,1,3147.5,55,3,3148.0,33,2,3148.5,100,1,3148.6,107,1,3148.7,1000,5,3148.8,38,2
2031,2026-06-16 14:36:30+05:30,3148.0,2,3134.26,2876481,124712.0,198909.0,3163.0,3163.0,3108.0,3134.3,31859600,3447.7,2820.9,3839.9,2896.0,3147.9,28,1,3147.8,39,3,3147.7,68,2,3147.6,6,1,3147.5,55,3,3148.0,33,2,3148.5,100,1,3148.6,107,1,3148.7,1000,5,3148.8,38,2
2031,2026-06-16 14:36:31+05:30,3148.2,26,3134.26,2876544,124843.0,198822.0,3163.0,3163.0,3108.0,3134.3,31859600,3447.7,2820.9,3839.9,2896.0,3148.0,31,1,3147.9,74,3,3147.8,61,5,3147.7,84,3,3147.6,22,2,3148.2,32,1,3148.5,100,1,3148.8,124,2,3148.9,162,1,3149.0,1041,7
2031,2026-06-16 14:36:31+05:30,3148.2,11,3134.26,2876544,124843.0,198822.0,3163.0,3163.0,3108.0,3134.3,31859600,3447.7,2820.9,3839.9,2896.0,3148.0,31,1,3147.9,74,3,3147.8,61,5,3147.7,84,3,3147.6,22,2,3148.2,32,1,3148.5,100,1,3148.8,124,2,3148.9,162,1,3149.0,1041,7
2031,2026-06-16 14:36:32+05:30,3148.2,43,3134.27,2876631,124978.0,198479.0,3163.0,3163.0,3108.0,3134.3,31859600,3447.7,2820.9,3839.9,2896.0,3148.2,7,1,3148.1,37,3,3148.0,68,4,3147.9,74,3,3147.8,107,6,3148.4,32,1,3148.5,100,1,3148.8,17,1,3149.0,127,2,3149.2,1021,6
2031,2026-06-16 14:36:32+05:30,3148.4,28,3134.27,2876631,124978.0,198479.0,3163.0,3163.0,3108.0,3134.3,31859600,3447.7,2820.9,3839.9,2896.0,3148.2,7,1,3148.1,37,3,3148.0,68,4,3147.9,74,3,3147.8,107,6,3148.4,32,1,3148.5,100,1,3148.8,17,1,3149.0,127,2,3149.2,1021,6
2031,2026-06-16 14:36:33+05:30,3148.4,45,3134.27,2876806,124969.0,198485.0,3163.0,3163.0,3108.0,3134.3,31859600,3447.7,2820.9,3839.9,2896.0,3148.2,59,4,3148.1,64,4,3148.0,20,2,3147.9,113,5,3147.8,75,5,3148.4,18,1,3148.5,100,1,3148.8,17,1,3149.0,127,2,3149.2,1021,6
2031,2026-06-16 14:36:33+05:30,3148.5,100,3134.27,2876806,124969.0,198485.0,3163.0,3163.0,3108.0,3134.3,31859600,3447.7,2820.9,3839.9,2896.0,3148.2,59,4,3148.1,64,4,3148.0,20,2,3147.9,113,5,3147.8,75,5,3148.4,18,1,3148.5,100,1,3148.8,17,1,3149.0,127,2,3149.2,1021,6
2031,2026-06-16 14:36:34+05:30,3148.5,100,3134.27,2876806,124969.0,198485.0,3163.0,3163.0,3108.0,3134.3,31859600,3447.7,2820.9,3839.9,2896.0,3148.2,59,4,3148.1,64,4,3148.0,20,2,3147.9,113,5,3147.8,75,5,3148.4,18,1,3148.5,100,1,3148.8,17,1,3149.0,127,2,3149.2,1021,6
2031,2026-06-16 14:36:34+05:30,3148.6,1,3134.27,2877239,125375.0,197609.0,3163.0,3163.0,3108.0,3134.3,31859600,3447.7,2820.9,3839.9,2896.0,3148.4,11,1,3148.2,56,3,3148.0,82,3,3147.9,93,5,3147.8,53,4,3148.6,10,1,3148.7,50,1,3148.8,41,2,3149.0,20,1,3149.1,3,1
2031,2026-06-16 14:36:34+05:30,3148.6,1,3134.27,2877239,125375.0,197609.0,3163.0,3163.0,3108.0,3134.3,31859600,3447.7,2820.9,3839.9,2896.0,3148.4,11,1,3148.2,56,3,3148.0,82,3,3147.9,93,5,3147.8,53,4,3148.6,10,1,3148.7,50,1,3148.8,41,2,3149.0,20,1,3149.1,3,1
2031,2026-06-16 14:36:35+05:30,3148.6,37,3134.27,2877375,125894.0,197671.0,3163.0,3163.0,3108.0,3134.3,31859600,3447.7,2820.9,3839.9,2896.0,3148.4,61,3,3148.3,4,1,3148.2,86,7,3148.1,33,2,3148.0,151,6,3148.6,27,1,3148.8,47,2,3149.0,20,1,3149.4,107,1,3149.5,1009,6
2031,2026-06-16 14:36:35+05:30,3148.6,37,3134.27,2877375,125894.0,197671.0,3163.0,3163.0,3108.0,3134.3,31859600,3447.7,2820.9,3839.9,2896.0,3148.4,61,3,3148.3,4,1,3148.2,86,7,3148.1,33,2,3148.0,151,6,3148.6,27,1,3148.8,47,2,3149.0,20,1,3149.4,107,1,3149.5,1009,6
2031,2026-06-16 14:36:36+05:30,3148.6,37,3134.27,2877375,125894.0,197671.0,3163.0,3163.0,3108.0,3134.3,31859600,3447.7,2820.9,3839.9,2896.0,3148.4,61,3,3148.3,4,1,3148.2,86,7,3148.1,33,2,3148.0,151,6,3148.6,27,1,3148.8,47,2,3149.0,20,1,3149.4,107,1,3149.5,1009,6
2031,2026-06-16 14:36:36+05:30,3148.4,3,3134.27,2877466,126016.0,197575.0,3163.0,3163.0,3108.0,3134.3,31859600,3447.7,2820.9,3839.9,2896.0,3148.4,86,3,3148.2,64,5,3148.1,42,2,3148.0,125,4,3147.9,110,7,3148.8,22,2,3149.0,20,1,3149.2,107,1,3149.4,1000,5,3149.5,55,2
2031,2026-06-16 14:36:36+05:30,3148.4,3,3134.27,2877466,126016.0,197575.0,3163.0,3163.0,3108.0,3134.3,31859600,3447.7,2820.9,3839.9,2896.0,3148.4,86,3,3148.2,64,5,3148.1,42,2,3148.0,125,4,3147.9,110,7,3148.8,22,2,3149.0,20,1,3149.2,107,1,3149.4,1000,5,3149.5,55,2
2031,2026-06-16 14:36:37+05:30,3148.8,7,3134.27,2877510,126247.0,197364.0,3163.0,3163.0,3108.0,3134.3,31859600,3447.7,2820.9,3839.9,2896.0,3148.7,42,1,3148.5,48,2,3148.4,54,2,3148.2,93,5,3148.1,10,1,3148.8,42,3,3149.0,20,1,3149.2,107,1,3149.4,1000,5,3149.5,12,2
2031,2026-06-16 14:36:37+05:30,3148.8,7,3134.27,2877510,126247.0,197364.0,3163.0,3163.0,3108.0,3134.3,31859600,3447.7,2820.9,3839.9,2896.0,3148.7,42,1,3148.5,48,2,3148.4,54,2,3148.2,93,5,3148.1,10,1,3148.8,42,3,3149.0,20,1,3149.2,107,1,3149.4,1000,5,3149.5,12,2
2031,2026-06-16 14:36:38+05:30,3148.8,7,3134.27,2877510,126247.0,197364.0,3163.0,3163.0,3108.0,3134.3,31859600,3447.7,2820.9,3839.9,2896.0,3148.7,42,1,3148.5,48,2,3148.4,54,2,3148.2,93,5,3148.1,10,1,3148.8,42,3,3149.0,20,1,3149.2,107,1,3149.4,1000,5,3149.5,12,2
2031,2026-06-16 14:36:38+05:30,3148.8,10,3134.27,2877510,126247.0,197364.0,3163.0,3163.0,3108.0,3134.3,31859600,3447.7,2820.9,3839.9,2896.0,3148.7,42,1,3148.5,48,2,3148.4,54,2,3148.2,93,5,3148.1,10,1,3148.8,42,3,3149.0,20,1,3149.2,107,1,3149.4,1000,5,3149.5,12,2
2031,2026-06-16 14:36:38+05:30,3148.8,10,3134.27,2877762,126091.0,197394.0,3163.0,3163.0,3108.0,3134.3,31859600,3447.7,2820.9,3839.9,2896.0,3148.7,6,1,3148.4,60,3,3148.3,32,1,3148.2,23,1,3148.0,29,6,3148.8,32,1,3149.0,20,1,3149.4,107,1,3149.5,15,2,3149.6,1052,7
2031,2026-06-16 14:36:39+05:30,3148.8,4,3134.27,2877762,126091.0,197394.0,3163.0,3163.0,3108.0,3134.3,31859600,3447.7,2820.9,3839.9,2896.0,3148.7,6,1,3148.4,60,3,3148.3,32,1,3148.2,23,1,3148.0,29,6,3148.8,32,1,3149.0,20,1,3149.4,107,1,3149.5,15,2,3149.6,1052,7
2031,2026-06-16 14:36:39+05:30,3148.8,1,3134.27,2877833,126180.0,197414.0,3163.0,3163.0,3108.0,3134.3,31859600,3447.7,2820.9,3839.9,2896.0,3148.7,75,3,3148.6,20,3,3148.5,14,1,3148.4,53,3,3148.3,47,2,3148.8,31,1,3149.0,20,1,3149.4,107,1,3149.5,1015,7,3149.6,31,1
2031,2026-06-16 14:36:40+05:30,3149.0,26,3134.27,2877833,126180.0,197414.0,3163.0,3163.0,3108.0,3134.3,31859600,3447.7,2820.9,3839.9,2896.0,3148.7,75,3,3148.6,20,3,3148.5,14,1,3148.4,53,3,3148.3,47,2,3148.8,31,1,3149.0,20,1,3149.4,107,1,3149.5,1015,7,3149.6,31,1
2031,2026-06-16 14:36:40+05:30,3149.0,26,3134.27,2877833,126180.0,197414.0,3163.0,3163.0,3108.0,3134.3,31859600,3447.7,2820.9,3839.9,2896.0,3148.7,75,3,3148.6,20,3,3148.5,14,1,3148.4,53,3,3148.3,47,2,3148.8,31,1,3149.0,20,1,3149.4,107,1,3149.5,1015,7,3149.6,31,1
2031,2026-06-16 14:36:40+05:30,3149.0,12,3134.27,2877940,126612.0,197140.0,3163.0,3163.0,3108.0,3134.3,31859600,3447.7,2820.9,3839.9,2896.0,3148.9,1,1,3148.8,9,2,3148.7,95,5,3148.6,8,2,3148.5,33,2,3149.0,2,1,3149.2,26,1,3149.5,9,1,3149.6,31,1,3149.7,133,3
2031,2026-06-16 14:36:41+05:30,3149.2,25,3134.27,2877940,126612.0,197140.0,3163.0,3163.0,3108.0,3134.3,31859600,3447.7,2820.9,3839.9,2896.0,3148.9,1,1,3148.8,9,2,3148.7,95,5,3148.6,8,2,3148.5,33,2,3149.0,2,1,3149.2,26,1,3149.5,9,1,3149.6,31,1,3149.7,133,3
2031,2026-06-16 14:36:42+05:30,3149.1,1,3134.27,2877968,126820.0,197151.0,3163.0,3163.0,3108.0,3134.3,31859600,3447.7,2820.9,3839.9,2896.0,3149.1,44,1,3148.9,33,2,3148.8,41,3,3148.7,95,5,3148.6,40,3,3149.2,1,1,3149.5,9,1,3149.6,31,1,3149.7,133,3,3149.9,600,3
2031,2026-06-16 14:36:42+05:30,3149.2,44,3134.27,2877968,126820.0,197151.0,3163.0,3163.0,3108.0,3134.3,31859600,3447.7,2820.9,3839.9,2896.0,3149.1,44,1,3148.9,33,2,3148.8,41,3,3148.7,95,5,3148.6,40,3,3149.2,1,1,3149.5,9,1,3149.6,31,1,3149.7,133,3,3149.9,600,3
2031,2026-06-16 14:36:43+05:30,3149.2,26,3134.27,2878089,126873.0,197151.0,3163.0,3163.0,3108.0,3134.3,31859600,3447.7,2820.9,3839.9,2896.0,3149.1,84,1,3149.0,32,1,3148.9,47,3,3148.8,41,4,3148.7,113,5,3149.2,6,1,3149.5,9,1,3149.6,31,1,3149.7,133,3,3149.9,600,3
2031,2026-06-16 14:36:43+05:30,3149.2,26,3134.27,2878089,126873.0,197151.0,3163.0,3163.0,3108.0,3134.3,31859600,3447.7,2820.9,3839.9,2896.0,3149.1,84,1,3149.0,32,1,3148.9,47,3,3148.8,41,4,3148.7,113,5,3149.2,6,1,3149.5,9,1,3149.6,31,1,3149.7,133,3,3149.9,600,3
2031,2026-06-16 14:36:43+05:30,3149.4,26,3134.27,2878089,126873.0,197151.0,3163.0,3163.0,3108.0,3134.3,31859600,3447.7,2820.9,3839.9,2896.0,3149.1,84,1,3149.0,32,1,3148.9,47,3,3148.8,41,4,3148.7,113,5,3149.2,6,1,3149.5,9,1,3149.6,31,1,3149.7,133,3,3149.9,600,3
2031,2026-06-16 14:36:44+05:30,3149.2,1,3134.27,2878189,127028.0,196865.0,3163.0,3163.0,3108.0,3134.3,31859600,3447.7,2820.9,3839.9,2896.0,3149.2,2,1,3149.1,99,2,3149.0,38,2,3148.9,41,3,3148.8,14,1,3149.4,32,1,3149.5,9,1,3149.6,31,1,3149.7,14,1,3149.9,107,1
2031,2026-06-16 14:36:44+05:30,3149.2,1,3134.27,2878189,127028.0,196865.0,3163.0,3163.0,3108.0,3134.3,31859600,3447.7,2820.9,3839.9,2896.0,3149.2,2,1,3149.1,99,2,3149.0,38,2,3148.9,41,3,3148.8,14,1,3149.4,32,1,3149.5,9,1,3149.6,31,1,3149.7,14,1,3149.9,107,1
2031,2026-06-16 14:36:44+05:30,3149.4,26,3134.27,2878189,127028.0,196865.0,3163.0,3163.0,3108.0,3134.3,31859600,3447.7,2820.9,3839.9,2896.0,3149.2,2,1,3149.1,99,2,3149.0,38,2,3148.9,41,3,3148.8,14,1,3149.4,32,1,3149.5,9,1,3149.6,31,1,3149.7,14,1,3149.9,107,1
2031,2026-06-16 14:36:45+05:30,3149.4,3,3134.27,2878244,127235.0,196913.0,3163.0,3163.0,3108.0,3134.3,31859600,3447.7,2820.9,3839.9,2896.0,3149.2,30,2,3149.1,131,3,3149.0,6,1,3148.9,41,3,3148.8,14,1,3149.4,46,2,3149.5,9,1,3149.6,31,1,3149.7,14,1,3149.9,107,1
2031,2026-06-16 14:36:45+05:30,3149.6,7,3134.27,2878244,127235.0,196913.0,3163.0,3163.0,3108.0,3134.3,31859600,3447.7,2820.9,3839.9,2896.0,3149.2,30,2,3149.1,131,3,3149.0,6,1,3148.9,41,3,3148.8,14,1,3149.4,46,2,3149.5,9,1,3149.6,31,1,3149.7,14,1,3149.9,107,1
2031,2026-06-16 14:36:46+05:30,3149.6,7,3134.27,2878244,127235.0,196913.0,3163.0,3163.0,3108.0,3134.3,31859600,3447.7,2820.9,3839.9,2896.0,3149.2,30,2,3149.1,131,3,3149.0,6,1,3148.9,41,3,3148.8,14,1,3149.4,46,2,3149.5,9,1,3149.6,31,1,3149.7,14,1,3149.9,107,1
2031,2026-06-16 14:36:46+05:30,3149.5,1,3134.27,2878462,127696.0,194981.0,3163.0,3163.0,3108.0,3134.3,31859600,3447.7,2820.9,3839.9,2896.0,3149.5,10,1,3149.4,17,1,3149.3,2,2,3149.2,163,5,3149.1,100,2,3149.6,10,2,3149.7,15,2,3150.0,250,8,3150.1,707,4,3150.2,400,2
2031,2026-06-16 14:36:46+05:30,3149.6,1,3134.27,2878462,127696.0,194981.0,3163.0,3163.0,3108.0,3134.3,31859600,3447.7,2820.9,3839.9,2896.0,3149.5,10,1,3149.4,17,1,3149.3,2,2,3149.2,163,5,3149.1,100,2,3149.6,10,2,3149.7,15,2,3150.0,250,8,3150.1,707,4,3150.2,400,2
2031,2026-06-16 14:36:47+05:30,3149.6,1,3134.27,2878462,127696.0,194981.0,3163.0,3163.0,3108.0,3134.3,31859600,3447.7,2820.9,3839.9,2896.0,3149.5,10,1,3149.4,17,1,3149.3,2,2,3149.2,163,5,3149.1,100,2,3149.6,10,2,3149.7,15,2,3150.0,250,8,3150.1,707,4,3150.2,400,2
2031,2026-06-16 14:36:47+05:30,3148.7,1,3134.28,2879570,124743.0,197496.0,3163.0,3163.0,3108.0,3134.3,31859600,3447.7,2820.9,3839.9,2896.0,3148.6,17,2,3148.0,5,1,3147.9,28,1,3147.7,30,2,3147.5,27,2,3148.7,10,1,3148.8,121,4,3148.9,21,2,3149.0,555,5,3149.2,101,3
2031,2026-06-16 14:36:47+05:30,3148.7,1,3134.28,2879570,124743.0,197496.0,3163.0,3163.0,3108.0,3134.3,31859600,3447.7,2820.9,3839.9,2896.0,3148.6,17,2,3148.0,5,1,3147.9,28,1,3147.7,30,2,3147.5,27,2,3148.7,10,1,3148.8,121,4,3148.9,21,2,3149.0,555,5,3149.2,101,3
2031,2026-06-16 14:36:47+05:30,3148.7,1,3134.28,2879570,124743.0,197496.0,3163.0,3163.0,3108.0,3134.3,31859600,3447.7,2820.9,3839.9,2896.0,3148.6,17,2,3148.0,5,1,3147.9,28,1,3147.7,30,2,3147.5,27,2,3148.7,10,1,3148.8,121,4,3148.9,21,2,3149.0,555,5,3149.2,101,3
2031,2026-06-16 14:36:48+05:30,3148.7,1,3134.28,2879570,124743.0,197496.0,3163.0,3163.0,3108.0,3134.3,31859600,3447.7,2820.9,3839.9,2896.0,3148.6,17,2,3148.0,5,1,3147.9,28,1,3147.7,30,2,3147.5,27,2,3148.7,10,1,3148.8,121,4,3148.9,21,2,3149.0,555,5,3149.2,101,3
2031,2026-06-16 14:36:48+05:30,3148.6,60,3134.28,2879827,124672.0,198345.0,3163.0,3163.0,3108.0,3134.3,31859600,3447.7,2820.9,3839.9,2896.0,3148.4,42,1,3148.0,5,1,3147.9,28,1,3147.7,30,2,3147.5,20,1,3148.6,140,1,3148.7,8,2,3148.8,43,2,3148.9,48,2,3149.0,341,4
2031,2026-06-16 14:36:48+05:30,3148.6,60,3134.28,2879827,124672.0,198345.0,3163.0,3163.0,3108.0,3134.3,31859600,3447.7,2820.9,3839.9,2896.0,3148.4,42,1,3148.0,5,1,3147.9,28,1,3147.7,30,2,3147.5,20,1,3148.6,140,1,3148.7,8,2,3148.8,43,2,3148.9,48,2,3149.0,341,4
2031,2026-06-16 14:36:48+05:30,3148.6,60,3134.28,2879827,124672.0,198345.0,3163.0,3163.0,3108.0,3134.3,31859600,3447.7,2820.9,3839.9,2896.0,3148.4,42,1,3148.0,5,1,3147.9,28,1,3147.7,30,2,3147.5,20,1,3148.6,140,1,3148.7,8,2,3148.8,43,2,3148.9,48,2,3149.0,341,4
2031,2026-06-16 14:36:49+05:30,3148.6,60,3134.28,2879827,124672.0,198345.0,3163.0,3163.0,3108.0,3134.3,31859600,3447.7,2820.9,3839.9,2896.0,3148.4,42,1,3148.0,5,1,3147.9,28,1,3147.7,30,2,3147.5,20,1,3148.6,140,1,3148.7,8,2,3148.8,43,2,3148.9,48,2,3149.0,341,4
2031,2026-06-16 14:36:49+05:30,3148.6,9,3134.28,2879836,124751.0,198601.0,3163.0,3163.0,3108.0,3134.3,31859600,3447.7,2820.9,3839.9,2896.0,3148.4,33,2,3148.3,32,1,3148.1,32,1,3148.0,5,1,3147.9,28,1,3148.6,197,3,3148.7,7,1,3148.8,32,1,3148.9,25,1,3149.0,386,4
2031,2026-06-16 14:36:49+05:30,3148.6,9,3134.28,2879836,124751.0,198601.0,3163.0,3163.0,3108.0,3134.3,31859600,3447.7,2820.9,3839.9,2896.0,3148.4,33,2,3148.3,32,1,3148.1,32,1,3148.0,5,1,3147.9,28,1,3148.6,197,3,3148.7,7,1,3148.8,32,1,3148.9,25,1,3149.0,386,4
2031,2026-06-16 14:36:50+05:30,3148.6,9,3134.28,2879836,124751.0,198601.0,3163.0,3163.0,3108.0,3134.3,31859600,3447.7,2820.9,3839.9,2896.0,3148.4,33,2,3148.3,32,1,3148.1,32,1,3148.0,5,1,3147.9,28,1,3148.6,197,3,3148.7,7,1,3148.8,32,1,3148.9,25,1,3149.0,386,4
2031,2026-06-16 14:36:50+05:30,3148.4,28,3134.28,2879910,124704.0,198758.0,3163.0,3163.0,3108.0,3134.3,31859600,3447.7,2820.9,3839.9,2896.0,3148.4,1,1,3148.3,32,1,3148.1,32,1,3148.0,5,1,3147.9,28,1,3148.6,283,6,3148.8,1032,6,3148.9,92,3,3149.0,509,5,3149.1,400,2
2031,2026-06-16 14:36:50+05:30,3148.6,13,3134.28,2879910,124704.0,198758.0,3163.0,3163.0,3108.0,3134.3,31859600,3447.7,2820.9,3839.9,2896.0,3148.4,1,1,3148.3,32,1,3148.1,32,1,3148.0,5,1,3147.9,28,1,3148.6,283,6,3148.8,1032,6,3148.9,92,3,3149.0,509,5,3149.1,400,2
2031,2026-06-16 14:36:51+05:30,3148.6,13,3134.28,2879910,124704.0,198758.0,3163.0,3163.0,3108.0,3134.3,31859600,3447.7,2820.9,3839.9,2896.0,3148.4,1,1,3148.3,32,1,3148.1,32,1,3148.0,5,1,3147.9,28,1,3148.6,283,6,3148.8,1032,6,3148.9,92,3,3149.0,509,5,3149.1,400,2
2031,2026-06-16 14:36:51+05:30,3148.4,11,3134.28,2880135,124342.0,198941.0,3163.0,3163.0,3108.0,3134.3,31859600,3447.7,2820.9,3839.9,2896.0,3147.7,22,2,3147.4,49,1,3147.3,10,1,3147.2,17,1,3147.1,67,5,3148.4,64,1,3148.6,232,6,3148.7,5,1,3148.8,1070,7,3148.9,28,2
2031,2026-06-16 14:36:51+05:30,3148.1,43,3134.28,2880135,124342.0,198941.0,3163.0,3163.0,3108.0,3134.3,31859600,3447.7,2820.9,3839.9,2896.0,3147.7,22,2,3147.4,49,1,3147.3,10,1,3147.2,17,1,3147.1,67,5,3148.4,64,1,3148.6,232,6,3148.7,5,1,3148.8,1070,7,3148.9,28,2
2031,2026-06-16 14:36:51+05:30,3148.1,43,3134.28,2880135,124342.0,198941.0,3163.0,3163.0,3108.0,3134.3,31859600,3447.7,2820.9,3839.9,2896.0,3147.7,22,2,3147.4,49,1,3147.3,10,1,3147.2,17,1,3147.1,67,5,3148.4,64,1,3148.6,232,6,3148.7,5,1,3148.8,1070,7,3148.9,28,2
2031,2026-06-16 14:36:52+05:30,3148.1,43,3134.28,2880135,124342.0,198941.0,3163.0,3163.0,3108.0,3134.3,31859600,3447.7,2820.9,3839.9,2896.0,3147.7,22,2,3147.4,49,1,3147.3,10,1,3147.2,17,1,3147.1,67,5,3148.4,64,1,3148.6,232,6,3148.7,5,1,3148.8,1070,7,3148.9,28,2
2031,2026-06-16 14:36:52+05:30,3147.9,45,3134.28,2880233,124461.0,199726.0,3163.0,3163.0,3108.0,3134.3,31859600,3447.7,2820.9,3839.9,2896.0,3147.8,32,1,3147.7,54,3,3147.6,32,1,3147.4,32,1,3147.1,17,1,3148.0,86,2,3148.1,200,1,3148.3,5,1,3148.4,178,4,3148.6,1185,10
2031,2026-06-16 14:36:52+05:30,3147.9,45,3134.28,2880233,124461.0,199726.0,3163.0,3163.0,3108.0,3134.3,31859600,3447.7,2820.9,3839.9,2896.0,3147.8,32,1,3147.7,54,3,3147.6,32,1,3147.4,32,1,3147.1,17,1,3148.0,86,2,3148.1,200,1,3148.3,5,1,3148.4,178,4,3148.6,1185,10
2031,2026-06-16 14:36:53+05:30,3147.9,45,3134.28,2880233,124461.0,199726.0,3163.0,3163.0,3108.0,3134.3,31859600,3447.7,2820.9,3839.9,2896.0,3147.8,32,1,3147.7,54,3,3147.6,32,1,3147.4,32,1,3147.1,17,1,3148.0,86,2,3148.1,200,1,3148.3,5,1,3148.4,178,4,3148.6,1185,10
2031,2026-06-16 14:36:53+05:30,3147.7,10,3134.28,2880310,124445.0,199611.0,3163.0,3163.0,3108.0,3134.3,31859600,3447.7,2820.9,3839.9,2896.0,3147.9,3,1,3147.7,24,2,3147.6,32,1,3147.4,32,1,3147.3,27,2,3148.0,9,1,3148.1,200,1,3148.3,5,1,3148.4,132,2,3148.5,1000,5
2031,2026-06-16 14:36:53+05:30,3147.7,10,3134.28,2880310,124445.0,199611.0,3163.0,3163.0,3108.0,3134.3,31859600,3447.7,2820.9,3839.9,2896.0,3147.9,3,1,3147.7,24,2,3147.6,32,1,3147.4,32,1,3147.3,27,2,3148.0,9,1,3148.1,200,1,3148.3,5,1,3148.4,132,2,3148.5,1000,5
2031,2026-06-16 14:36:54+05:30,3148.0,2,3134.28,2880313,124341.0,200004.0,3163.0,3163.0,3108.0,3134.3,31859600,3447.7,2820.9,3839.9,2896.0,3147.7,20,2,3147.3,10,1,3147.2,22,2,3147.1,29,2,3147.0,19,2,3148.0,6,1,3148.1,200,1,3148.3,5,1,3148.4,132,2,3148.5,1046,6
2031,2026-06-16 14:36:54+05:30,3148.0,2,3134.28,2880313,124341.0,200004.0,3163.0,3163.0,3108.0,3134.3,31860200,3447.7,2820.9,3839.9,2896.0,3147.7,20,2,3147.3,10,1,3147.2,22,2,3147.1,29,2,3147.0,19,2,3148.0,6,1,3148.1,200,1,3148.3,5,1,3148.4,132,2,3148.5,1046,6
2031,2026-06-16 14:36:54+05:30,3148.0,1,3134.28,2880313,124341.0,200004.0,3163.0,3163.0,3108.0,3134.3,31860200,3447.7,2820.9,3839.9,2896.0,3147.7,20,2,3147.3,10,1,3147.2,22,2,3147.1,29,2,3147.0,19,2,3148.0,6,1,3148.1,200,1,3148.3,5,1,3148.4,132,2,3148.5,1046,6
2031,2026-06-16 14:36:55+05:30,3148.0,5,3134.28,2880319,124120.0,199984.0,3163.0,3163.0,3108.0,3134.3,31860200,3447.7,2820.9,3839.9,2896.0,3147.7,2,1,3147.4,18,1,3147.1,13,1,3147.0,33,3,3146.9,21,1,3148.0,36,2,3148.1,200,1,3148.2,107,1,3148.3,5,1,3148.4,1038,6
2031,2026-06-16 14:36:55+05:30,3148.0,5,3134.28,2880319,124120.0,199984.0,3163.0,3163.0,3108.0,3134.3,31860200,3447.7,2820.9,3839.9,2896.0,3147.7,2,1,3147.4,18,1,3147.1,13,1,3147.0,33,3,3146.9,21,1,3148.0,36,2,3148.1,200,1,3148.2,107,1,3148.3,5,1,3148.4,1038,6
2031,2026-06-16 14:36:56+05:30,3147.8,1,3134.28,2880330,123617.0,200304.0,3163.0,3163.0,3108.0,3134.3,31860200,3447.7,2820.9,3839.9,2896.0,3147.8,8,1,3147.0,5,1,3146.8,177,2,3146.7,152,5,3146.6,25,2,3148.0,206,6,3148.1,223,2,3148.2,1137,8,3148.3,28,1,3148.4,273,3
2031,2026-06-16 14:36:56+05:30,3147.8,1,3134.28,2880330,123617.0,200304.0,3163.0,3163.0,3108.0,3134.3,31860200,3447.7,2820.9,3839.9,2896.0,3147.8,8,1,3147.0,5,1,3146.8,177,2,3146.7,152,5,3146.6,25,2,3148.0,206,6,3148.1,223,2,3148.2,1137,8,3148.3,28,1,3148.4,273,3
2031,2026-06-16 14:36:57+05:30,3147.8,42,3134.28,2880492,123110.0,201154.0,3163.0,3163.0,3108.0,3134.3,31860200,3447.7,2820.9,3839.9,2896.0,3147.0,8,2,3146.7,100,1,3146.5,25,2,3146.3,21,1,3146.1,81,5,3147.9,307,5,3148.0,277,8,3148.1,1223,7,3148.2,217,5,3148.3,200,1
2031,2026-06-16 14:36:57+05:30,3147.8,42,3134.28,2880492,123110.0,201154.0,3163.0,3163.0,3108.0,3134.3,31860200,3447.7,2820.9,3839.9,2896.0,3147.0,8,2,3146.7,100,1,3146.5,25,2,3146.3,21,1,3146.1,81,5,3147.9,307,5,3148.0,277,8,3148.1,1223,7,3148.2,217,5,3148.3,200,1
2031,2026-06-16 14:36:58+05:30,3146.7,95,3134.29,2880711,122924.0,201841.0,3163.0,3163.0,3108.0,3134.3,31860200,3447.7,2820.9,3839.9,2896.0,3146.7,5,1,3146.5,27,3,3146.4,10,1,3146.3,10,1,3146.2,11,1,3147.1,31,1,3147.6,107,1,3147.7,159,2,3147.8,400,2,3147.9,816,5
2031,2026-06-16 14:36:58+05:30,3146.7,95,3134.29,2880711,122924.0,201841.0,3163.0,3163.0,3108.0,3134.3,31860200,3447.7,2820.9,3839.9,2896.0,3146.7,5,1,3146.5,27,3,3146.4,10,1,3146.3,10,1,3146.2,11,1,3147.1,31,1,3147.6,107,1,3147.7,159,2,3147.8,400,2,3147.9,816,5
2031,2026-06-16 14:36:59+05:30,3147.1,1,3134.29,2880777,123244.0,200769.0,3163.0,3163.0,3108.0,3134.3,31860200,3447.7,2820.9,3839.9,2896.0,3147.0,26,4,3146.9,6,2,3146.8,21,2,3146.7,27,3,3146.5,61,4,3147.1,31,1,3147.6,107,1,3147.7,3,1,3147.8,400,2,3147.9,816,5
2031,2026-06-16 14:36:59+05:30,3147.1,1,3134.29,2880777,123244.0,200769.0,3163.0,3163.0,3108.0,3134.3,31860200,3447.7,2820.9,3839.9,2896.0,3147.0,26,4,3146.9,6,2,3146.8,21,2,3146.7,27,3,3146.5,61,4,3147.1,31,1,3147.6,107,1,3147.7,3,1,3147.8,400,2,3147.9,816,5
2031,2026-06-16 14:37:00+05:30,3147.1,14,3134.29,2880889,123508.0,200192.0,3163.0,3163.0,3108.0,3134.3,31860200,3447.7,2820.9,3839.9,2896.0,3147.0,79,6,3146.9,6,2,3146.8,16,1,3146.7,27,3,3146.6,16,1,3147.1,9,1,3147.6,107,1,3147.8,400,2,3147.9,787,4,3148.0,111,3
2031,2026-06-16 14:37:00+05:30,3147.1,14,3134.29,2880889,123508.0,200192.0,3163.0,3163.0,3108.0,3134.3,31860200,3447.7,2820.9,3839.9,2896.0,3147.0,79,6,3146.9,6,2,3146.8,16,1,3146.7,27,3,3146.6,16,1,3147.1,9,1,3147.6,107,1,3147.8,400,2,3147.9,787,4,3148.0,111,3
2031,2026-06-16 14:37:01+05:30,3147.0,11,3134.29,2880889,123508.0,200192.0,3163.0,3163.0,3108.0,3134.3,31860200,3447.7,2820.9,3839.9,2896.0,3147.0,79,6,3146.9,6,2,3146.8,16,1,3146.7,27,3,3146.6,16,1,3147.1,9,1,3147.6,107,1,3147.8,400,2,3147.9,787,4,3148.0,111,3
2031,2026-06-16 14:37:01+05:30,3147.0,11,3134.29,2881143,123387.0,200102.0,3163.0,3163.0,3108.0,3134.3,31860200,3447.7,2820.9,3839.9,2896.0,3147.0,23,6,3146.9,4,2,3146.8,55,4,3146.7,11,2,3146.6,31,2,3147.5,32,1,3147.6,107,1,3147.8,1000,5,3147.9,187,1,3148.0,243,2
2031,2026-06-16 14:37:02+05:30,3147.5,6,3134.29,2881143,123387.0,200102.0,3163.0,3163.0,3108.0,3134.3,31860200,3447.7,2820.9,3839.9,2896.0,3147.0,23,6,3146.9,4,2,3146.8,55,4,3146.7,11,2,3146.6,31,2,3147.5,32,1,3147.6,107,1,3147.8,1000,5,3147.9,187,1,3148.0,243,2
2031,2026-06-16 14:37:02+05:30,3147.5,6,3134.29,2881181,123408.0,200246.0,3163.0,3163.0,3108.0,3134.3,31860200,3447.7,2820.9,3839.9,2896.0,3147.0,20,6,3146.9,4,2,3146.8,55,4,3146.7,11,2,3146.6,31,2,3147.5,113,4,3147.6,107,1,3147.8,1000,5,3147.9,233,2,3148.0,243,2
2031,2026-06-16 14:37:03+05:30,3147.4,6,3134.29,2881181,123408.0,200246.0,3163.0,3163.0,3108.0,3134.3,31860200,3447.7,2820.9,3839.9,2896.0,3147.0,20,6,3146.9,4,2,3146.8,55,4,3146.7,11,2,3146.6,31,2,3147.5,113,4,3147.6,107,1,3147.8,1000,5,3147.9,233,2,3148.0,243,2
2031,2026-06-16 14:37:03+05:30,3147.4,6,3134.29,2881192,123405.0,200417.0,3163.0,3163.0,3108.0,3134.3,31860200,3447.7,2820.9,3839.9,2896.0,3147.0,20,6,3146.9,4,2,3146.8,26,2,3146.7,11,2,3146.6,15,1,3147.4,189,1,3147.5,113,4,3147.6,107,1,3147.7,1000,5,3147.9,433,3
2031,2026-06-16 14:37:04+05:30,3147.4,1,3134.29,2881193,123126.0,198452.0,3163.0,3163.0,3108.0,3134.3,31860200,3447.7,2820.9,3839.9,2896.0,3147.0,34,7,3146.9,4,2,3146.8,26,2,3146.7,11,2,3146.6,15,1,3147.4,308,3,3147.5,1100,8,3147.7,200,1,3147.8,400,2,3147.9,233,2
2031,2026-06-16 14:37:04+05:30,3147.4,1,3134.29,2881193,123126.0,198452.0,3163.0,3163.0,3108.0,3134.3,31860200,3447.7,2820.9,3839.9,2896.0,3147.0,34,7,3146.9,4,2,3146.8,26,2,3146.7,11,2,3146.6,15,1,3147.4,308,3,3147.5,1100,8,3147.7,200,1,3147.8,400,2,3147.9,233,2
2031,2026-06-16 14:37:05+05:30,3147.4,7,3134.29,2881193,123126.0,198452.0,3163.0,3163.0,3108.0,3134.3,31860200,3447.7,2820.9,3839.9,2896.0,3147.0,34,7,3146.9,4,2,3146.8,26,2,3146.7,11,2,3146.6,15,1,3147.4,308,3,3147.5,1100,8,3147.7,200,1,3147.8,400,2,3147.9,233,2
2031,2026-06-16 14:37:05+05:30,3147.4,7,3134.29,2881251,123072.0,200532.0,3163.0,3163.0,3108.0,3134.3,31860200,3447.7,2820.9,3839.9,2896.0,3147.0,30,7,3146.9,7,1,3146.8,32,2,3146.7,21,3,3146.6,42,3,3147.4,300,3,3147.5,1100,8,3147.7,246,2,3147.8,400,2,3147.9,236,3
2031,2026-06-16 14:37:06+05:30,3147.0,6,3134.29,2881251,123072.0,200532.0,3163.0,3163.0,3108.0,3134.3,31860200,3447.7,2820.9,3839.9,2896.0,3147.0,30,7,3146.9,7,1,3146.8,32,2,3146.7,21,3,3146.6,42,3,3147.4,300,3,3147.5,1100,8,3147.7,246,2,3147.8,400,2,3147.9,236,3
2031,2026-06-16 14:37:06+05:30,3147.4,1,3134.29,2881310,122887.0,200581.0,3163.0,3163.0,3108.0,3134.3,31860200,3447.7,2820.9,3839.9,2896.0,3147.0,41,6,3146.8,14,1,3146.7,21,3,3146.6,27,2,3146.5,21,3,3147.4,324,4,3147.5,1100,8,3147.7,246,2,3147.8,400,2,3147.9,236,3
2031,2026-06-16 14:37:07+05:30,3147.4,1,3134.29,2881310,122887.0,200581.0,3163.0,3163.0,3108.0,3134.3,31860200,3447.7,2820.9,3839.9,2896.0,3147.0,41,6,3146.8,14,1,3146.7,21,3,3146.6,27,2,3146.5,21,3,3147.4,324,4,3147.5,1100,8,3147.7,246,2,3147.8,400,2,3147.9,236,3
2031,2026-06-16 14:37:07+05:30,3147.4,1,3134.29,2881322,122937.0,200538.0,3163.0,3163.0,3108.0,3134.3,31860200,3447.7,2820.9,3839.9,2896.0,3147.0,40,5,3146.8,14,1,3146.7,21,3,3146.6,27,2,3146.5,21,3,3147.4,312,4,3147.5,1100,8,3147.7,246,2,3147.8,400,2,3147.9,236,3
2031,2026-06-16 14:37:08+05:30,3147.4,2,3134.29,2881322,122937.0,200538.0,3163.0,3163.0,3108.0,3134.3,31860200,3447.7,2820.9,3839.9,2896.0,3147.0,40,5,3146.8,14,1,3146.7,21,3,3146.6,27,2,3146.5,21,3,3147.4,312,4,3147.5,1100,8,3147.7,246,2,3147.8,400,2,3147.9,236,3
2031,2026-06-16 14:37:09+05:30,3147.4,2,3134.29,2881324,123093.0,200563.0,3163.0,3163.0,3108.0,3134.3,31860200,3447.7,2820.9,3839.9,2896.0,3147.2,21,2,3147.0,1,1,3146.9,16,1,3146.7,11,2,3146.6,27,2,3147.4,354,5,3147.5,1100,8,3147.7,246,2,3147.8,400,2,3147.9,236,3
2031,2026-06-16 14:37:10+05:30,3146.7,5,3134.29,2881529,123566.0,200408.0,3163.0,3163.0,3108.0,3134.3,31860200,3447.7,2820.9,3839.9,2896.0,3147.0,17,1,3146.7,49,6,3146.6,11,1,3146.5,21,3,3146.4,64,4,3147.2,164,1,3147.3,32,1,3147.4,83,3,3147.5,68,2,3147.7,107,1
2031,2026-06-16 14:37:10+05:30,3147.2,30,3134.29,2881529,123566.0,200408.0,3163.0,3163.0,3108.0,3134.3,31860200,3447.7,2820.9,3839.9,2896.0,3147.0,17,1,3146.7,49,6,3146.6,11,1,3146.5,21,3,3146.4,64,4,3147.2,164,1,3147.3,32,1,3147.4,83,3,3147.5,68,2,3147.7,107,1
2031,2026-06-16 14:37:10+05:30,3147.2,6,3134.29,2881604,123633.0,200113.0,3163.0,3163.0,3108.0,3134.3,31860200,3447.7,2820.9,3839.9,2896.0,3147.0,32,6,3146.9,4,1,3146.8,32,2,3146.7,28,3,3146.6,22,2,3147.2,118,2,3147.3,33,2,3147.4,44,1,3147.5,68,2,3147.7,107,1
2031,2026-06-16 14:37:11+05:30,3147.0,53,3134.29,2881604,123633.0,200113.0,3163.0,3163.0,3108.0,3134.3,31860200,3447.7,2820.9,3839.9,2896.0,3147.0,32,6,3146.9,4,1,3146.8,32,2,3146.7,28,3,3146.6,22,2,3147.2,118,2,3147.3,33,2,3147.4,44,1,3147.5,68,2,3147.7,107,1
2031,2026-06-16 14:37:12+05:30,3147.2,31,3134.29,2881835,123685.0,199886.0,3163.0,3163.0,3108.0,3134.3,31860200,3447.7,2820.9,3839.9,2896.0,3147.0,33,6,3146.9,4,1,3146.8,37,3,3146.7,28,3,3146.6,38,3,3147.2,101,3,3147.3,33,2,3147.4,44,1,3147.5,68,2,3147.7,107,1
2031,2026-06-16 14:37:12+05:30,3147.2,1,3134.29,2881835,123685.0,199886.0,3163.0,3163.0,3108.0,3134.3,31860200,3447.7,2820.9,3839.9,2896.0,3147.0,33,6,3146.9,4,1,3146.8,37,3,3146.7,28,3,3146.6,38,3,3147.2,101,3,3147.3,33,2,3147.4,44,1,3147.5,68,2,3147.7,107,1
2031,2026-06-16 14:37:13+05:30,3147.2,5,3134.29,2881841,123685.0,200039.0,3163.0,3163.0,3108.0,3134.3,31860200,3447.7,2820.9,3839.9,2896.0,3147.0,33,6,3146.9,4,1,3146.8,37,3,3146.7,28,3,3146.6,38,3,3147.2,95,3,3147.3,33,2,3147.4,44,1,3147.5,68,2,3147.7,107,1
2031,2026-06-16 14:37:13+05:30,3147.2,1,3134.29,2881841,123685.0,200039.0,3163.0,3163.0,3108.0,3134.3,31860200,3447.7,2820.9,3839.9,2896.0,3147.0,33,6,3146.9,4,1,3146.8,37,3,3146.7,28,3,3146.6,38,3,3147.2,95,3,3147.3,33,2,3147.4,44,1,3147.5,68,2,3147.7,107,1
2031,2026-06-16 14:37:14+05:30,3147.2,1,3134.29,2881843,123658.0,199847.0,3163.0,3163.0,3108.0,3134.3,31860200,3447.7,2820.9,3839.9,2896.0,3147.0,33,6,3146.9,4,1,3146.8,37,3,3146.7,28,3,3146.6,38,3,3147.2,93,3,3147.3,33,2,3147.4,44,1,3147.5,68,2,3147.7,107,1
2031,2026-06-16 14:37:14+05:30,3147.2,2,3134.29,2881843,123658.0,199847.0,3163.0,3163.0,3108.0,3134.3,31860200,3447.7,2820.9,3839.9,2896.0,3147.0,33,6,3146.9,4,1,3146.8,37,3,3146.7,28,3,3146.6,38,3,3147.2,93,3,3147.3,33,2,3147.4,44,1,3147.5,68,2,3147.7,107,1
2031,2026-06-16 14:37:15+05:30,3147.2,2,3134.29,2881875,123670.0,199842.0,3163.0,3163.0,3108.0,3134.3,31860200,3447.7,2820.9,3839.9,2896.0,3147.0,19,5,3146.9,4,1,3146.8,37,3,3146.7,28,3,3146.6,38,3,3147.2,131,5,3147.3,33,2,3147.4,44,1,3147.7,107,1,3147.9,1190,7
2031,2026-06-16 14:37:16+05:30,3147.0,5,3134.29,2881920,123755.0,199899.0,3163.0,3163.0,3108.0,3134.3,31860200,3447.7,2820.9,3839.9,2896.0,3146.6,15,2,3146.5,23,4,3146.4,26,2,3146.3,32,2,3146.2,27,2,3146.9,43,1,3147.0,960,1,3147.2,83,4,3147.3,33,2,3147.4,44,1
2031,2026-06-16 14:37:16+05:30,3147.0,126,3134.29,2881920,123755.0,199899.0,3163.0,3163.0,3108.0,3134.3,31860200,3447.7,2820.9,3839.9,2896.0,3146.6,15,2,3146.5,23,4,3146.4,26,2,3146.3,32,2,3146.2,27,2,3146.9,43,1,3147.0,960,1,3147.2,83,4,3147.3,33,2,3147.4,44,1
2031,2026-06-16 14:37:17+05:30,3146.7,9,3134.29,2882112,123651.0,200211.0,3163.0,3163.0,3108.0,3134.3,31860200,3447.7,2820.9,3839.9,2896.0,3146.7,4,1,3146.5,9,3,3146.3,18,2,3146.2,27,2,3146.1,29,3,3146.9,29,1,3147.0,834,1,3147.2,54,3,3147.3,33,2,3147.4,44,1
2031,2026-06-16 14:37:17+05:30,3146.9,24,3134.29,2882112,123651.0,200211.0,3163.0,3163.0,3108.0,3134.3,31860200,3447.7,2820.9,3839.9,2896.0,3146.7,4,1,3146.5,9,3,3146.3,18,2,3146.2,27,2,3146.1,29,3,3146.9,29,1,3147.0,834,1,3147.2,54,3,3147.3,33,2,3147.4,44,1
2031,2026-06-16 14:37:18+05:30,3146.9,24,3134.29,2882137,123669.0,200335.0,3163.0,3163.0,3108.0,3134.3,31860200,3447.7,2820.9,3839.9,2896.0,3146.5,10,4,3146.3,8,1,3146.2,27,2,3146.1,29,3,3146.0,26,3,3146.9,4,1,3147.0,859,2,3147.2,54,3,3147.3,33,2,3147.4,44,1
2031,2026-06-16 14:37:18+05:30,3146.9,4,3134.29,2882137,123669.0,200335.0,3163.0,3163.0,3108.0,3134.3,31860200,3447.7,2820.9,3839.9,2896.0,3146.5,10,4,3146.3,8,1,3146.2,27,2,3146.1,29,3,3146.0,26,3,3146.9,4,1,3147.0,859,2,3147.2,54,3,3147.3,33,2,3147.4,44,1
2031,2026-06-16 14:37:19+05:30,3146.9,4,3134.29,2882141,123700.0,198515.0,3163.0,3163.0,3108.0,3134.3,31860200,3447.7,2820.9,3839.9,2896.0,3146.5,10,4,3146.4,8,1,3146.3,8,1,3146.2,43,3,3146.1,29,3,3147.0,859,2,3147.2,54,3,3147.3,33,2,3147.4,44,1,3147.5,153,2
2031,2026-06-16 14:37:20+05:30,3147.0,1,3134.29,2882147,123681.0,200510.0,3163.0,3163.0,3108.0,3134.3,31860200,3447.7,2820.9,3839.9,2896.0,3146.5,5,3,3146.3,18,2,3146.2,27,2,3146.1,29,3,3146.0,26,3,3147.0,879,3,3147.2,54,3,3147.3,32,1,3147.4,44,1,3147.5,153,2
2031,2026-06-16 14:37:20+05:30,3147.0,1,3134.29,2882147,123681.0,200510.0,3163.0,3163.0,3108.0,3134.3,31860200,3447.7,2820.9,3839.9,2896.0,3146.5,5,3,3146.3,18,2,3146.2,27,2,3146.1,29,3,3146.0,26,3,3147.0,879,3,3147.2,54,3,3147.3,32,1,3147.4,44,1,3147.5,153,2
2031,2026-06-16 14:37:21+05:30,3146.2,43,3134.29,2882220,122773.0,201009.0,3163.0,3163.0,3108.0,3134.3,31860200,3447.7,2820.9,3839.9,2896.0,3146.0,15,4,3145.8,24,3,3145.7,26,3,3145.6,36,3,3145.5,77,6,3146.7,45,1,3146.8,32,1,3146.9,32,1,3147.0,957,5,3147.2,95,5
2031,2026-06-16 14:37:21+05:30,3145.1,12,3134.29,2882220,122773.0,201009.0,3163.0,3163.0,3108.0,3134.3,31860200,3447.7,2820.9,3839.9,2896.0,3146.0,15,4,3145.8,24,3,3145.7,26,3,3145.6,36,3,3145.5,77,6,3146.7,45,1,3146.8,32,1,3146.9,32,1,3147.0,957,5,3147.2,95,5
2031,2026-06-16 14:37:22+05:30,3146.4,2,3134.29,2882511,121465.0,201926.0,3163.0,3163.0,3108.0,3134.3,31860200,3447.7,2820.9,3839.9,2896.0,3145.1,25,2,3145.0,351,6,3144.9,23,2,3144.8,32,2,3144.7,81,4,3146.5,64,2,3146.6,35,2,3146.7,135,5,3146.8,52,2,3146.9,68,3
2031,2026-06-16 14:37:22+05:30,3145.1,1,3134.29,2882511,121465.0,201926.0,3163.0,3163.0,3108.0,3134.3,31860200,3447.7,2820.9,3839.9,2896.0,3145.1,25,2,3145.0,351,6,3144.9,23,2,3144.8,32,2,3144.7,81,4,3146.5,64,2,3146.6,35,2,3146.7,135,5,3146.8,52,2,3146.9,68,3
2031,2026-06-16 14:37:23+05:30,3145.4,32,3134.29,2882596,121520.0,202352.0,3163.0,3163.0,3108.0,3134.3,31860200,3447.7,2820.9,3839.9,2896.0,3145.2,11,1,3145.1,22,5,3145.0,315,5,3144.9,14,3,3144.8,41,3,3145.5,32,1,3145.6,32,1,3145.7,65,2,3145.8,32,1,3146.3,119,3
2031,2026-06-16 14:37:23+05:30,3145.0,1,3134.29,2882596,121520.0,202352.0,3163.0,3163.0,3108.0,3134.3,31860200,3447.7,2820.9,3839.9,2896.0,3145.2,11,1,3145.1,22,5,3145.0,315,5,3144.9,14,3,3144.8,41,3,3145.5,32,1,3145.6,32,1,3145.7,65,2,3145.8,32,1,3146.3,119,3
2031,2026-06-16 14:37:24+05:30,3146.2,28,3134.29,2882779,123151.0,200648.0,3163.0,3163.0,3108.0,3134.3,31860200,3447.7,2820.9,3839.9,2896.0,3145.9,11,1,3145.8,73,7,3145.7,33,4,3145.6,50,5,3145.5,84,5,3146.2,4,1,3146.7,37,2,3146.8,107,1,3146.9,1,1,3147.0,1924,9
2031,2026-06-16 14:37:24+05:30,3145.8,4,3134.29,2882779,123151.0,200648.0,3163.0,3163.0,3108.0,3134.3,31860200,3447.7,2820.9,3839.9,2896.0,3145.9,11,1,3145.8,73,7,3145.7,33,4,3145.6,50,5,3145.5,84,5,3146.2,4,1,3146.7,37,2,3146.8,107,1,3146.9,1,1,3147.0,1924,9
2031,2026-06-16 14:37:25+05:30,3145.8,4,3134.29,2882848,122863.0,200970.0,3163.0,3163.0,3108.0,3134.3,31860200,3447.7,2820.9,3839.9,2896.0,3145.9,41,1,3145.7,37,5,3145.6,62,4,3145.5,54,3,3145.4,88,6,3146.1,25,1,3146.2,48,4,3146.3,32,1,3146.5,32,1,3146.8,107,1
2031,2026-06-16 14:37:25+05:30,3145.8,4,3134.29,2882848,122863.0,200970.0,3163.0,3163.0,3108.0,3134.3,31860200,3447.7,2820.9,3839.9,2896.0,3145.9,41,1,3145.7,37,5,3145.6,62,4,3145.5,54,3,3145.4,88,6,3146.1,25,1,3146.2,48,4,3146.3,32,1,3146.5,32,1,3146.8,107,1
2031,2026-06-16 14:37:26+05:30,3145.9,9,3134.29,2882888,122817.0,200960.0,3163.0,3163.0,3108.0,3134.3,31860200,3447.7,2820.9,3839.9,2896.0,3145.9,14,4,3145.8,14,2,3145.7,33,4,3145.6,24,2,3145.5,70,4,3146.1,77,3,3146.2,48,4,3146.4,32,1,3146.8,107,1,3146.9,13,3
2031,2026-06-16 14:37:26+05:30,3145.8,9,3134.29,2882888,122817.0,200960.0,3163.0,3163.0,3108.0,3134.3,31860200,3447.7,2820.9,3839.9,2896.0,3145.9,14,4,3145.8,14,2,3145.7,33,4,3145.6,24,2,3145.5,70,4,3146.1,77,3,3146.2,48,4,3146.4,32,1,3146.8,107,1,3146.9,13,3
2031,2026-06-16 14:37:27+05:30,3145.7,4,3134.3,2882949,122643.0,200760.0,3163.0,3163.0,3108.0,3134.3,31860200,3447.7,2820.9,3839.9,2896.0,3145.7,17,3,3145.6,38,3,3145.5,8,2,3145.4,102,6,3145.3,64,2,3146.0,24,1,3146.1,83,4,3146.2,14,2,3146.3,32,1,3146.6,107,1
2031,2026-06-16 14:37:27+05:30,3145.7,4,3134.3,2882949,122643.0,200760.0,3163.0,3163.0,3108.0,3134.3,31860200,3447.7,2820.9,3839.9,2896.0,3145.7,17,3,3145.6,38,3,3145.5,8,2,3145.4,102,6,3145.3,64,2,3146.0,24,1,3146.1,83,4,3146.2,14,2,3146.3,32,1,3146.6,107,1
2031,2026-06-16 14:37:28+05:30,3146.0,15,3134.3,2882999,123287.0,199987.0,3163.0,3163.0,3108.0,3134.3,31860200,3447.7,2820.9,3839.9,2896.0,3145.9,11,1,3145.8,35,7,3145.7,47,4,3145.6,62,4,3145.5,44,4,3146.1,83,4,3146.2,10,1,3146.3,32,1,3146.6,32,1,3146.7,107,1
2031,2026-06-16 14:37:28+05:30,3146.0,15,3134.3,2882999,123287.0,199987.0,3163.0,3163.0,3108.0,3134.3,31860200,3447.7,2820.9,3839.9,2896.0,3145.9,11,1,3145.8,35,7,3145.7,47,4,3145.6,62,4,3145.5,44,4,3146.1,83,4,3146.2,10,1,3146.3,32,1,3146.6,32,1,3146.7,107,1
2031,2026-06-16 14:37:29+05:30,3145.8,2,3134.3,2883058,123141.0,200179.0,3163.0,3163.0,3108.0,3134.3,31860200,3447.7,2820.9,3839.9,2896.0,3145.8,1,1,3145.7,46,5,3145.6,62,4,3145.5,28,3,3145.4,123,5,3146.1,44,3,3146.2,42,2,3146.4,32,1,3146.6,32,1,3146.7,107,1
2031,2026-06-16 14:37:29+05:30,3145.8,2,3134.3,2883058,123141.0,200179.0,3163.0,3163.0,3108.0,3134.3,31860200,3447.7,2820.9,3839.9,2896.0,3145.8,1,1,3145.7,46,5,3145.6,62,4,3145.5,28,3,3145.4,123,5,3146.1,44,3,3146.2,42,2,3146.4,32,1,3146.6,32,1,3146.7,107,1
2031,2026-06-16 14:37:30+05:30,3146.1,14,3134.3,2883153,123388.0,200221.0,3163.0,3163.0,3108.0,3134.3,31860200,3447.7,2820.9,3839.9,2896.0,3146.1,3,1,3146.0,36,6,3145.9,6,2,3145.8,94,6,3145.7,24,3,3146.2,4,1,3146.3,32,1,3146.4,32,1,3146.6,64,2,3146.8,107,1
2031,2026-06-16 14:37:30+05:30,3146.1,14,3134.3,2883153,123388.0,200221.0,3163.0,3163.0,3108.0,3134.3,31860200,3447.7,2820.9,3839.9,2896.0,3146.1,3,1,3146.0,36,6,3145.9,6,2,3145.8,94,6,3145.7,24,3,3146.2,4,1,3146.3,32,1,3146.4,32,1,3146.6,64,2,3146.8,107,1
2031,2026-06-16 14:37:31+05:30,3146.3,2,3134.3,2883279,124191.0,200045.0,3163.0,3163.0,3108.0,3134.3,31860200,3447.7,2820.9,3839.9,2896.0,3146.2,11,1,3146.1,49,9,3146.0,16,5,3145.9,23,3,3145.8,93,8,3146.3,30,1,3146.4,32,1,3146.6,64,2,3146.9,1,1,3147.0,940,2
2031,2026-06-16 14:37:31+05:30,3146.3,2,3134.3,2883279,124191.0,200045.0,3163.0,3163.0,3108.0,3134.3,31860200,3447.7,2820.9,3839.9,2896.0,3146.2,11,1,3146.1,49,9,3146.0,16,5,3145.9,23,3,3145.8,93,8,3146.3,30,1,3146.4,32,1,3146.6,64,2,3146.9,1,1,3147.0,940,2
2031,2026-06-16 14:37:32+05:30,3146.1,2,3134.3,2883357,124270.0,199813.0,3163.0,3163.0,3108.0,3134.3,31860200,3447.7,2820.9,3839.9,2896.0,3146.1,26,5,3146.0,16,5,3145.9,22,3,3145.8,74,6,3145.7,58,4,3146.3,4,1,3146.4,32,1,3146.6,64,2,3146.9,1,1,3147.0,940,2
2031,2026-06-16 14:37:32+05:30,3146.1,2,3134.3,2883357,124270.0,199813.0,3163.0,3163.0,3108.0,3134.3,31860200,3447.7,2820.9,3839.9,2896.0,3146.1,26,5,3146.0,16,5,3145.9,22,3,3145.8,74,6,3145.7,58,4,3146.3,4,1,3146.4,32,1,3146.6,64,2,3146.9,1,1,3147.0,940,2
2031,2026-06-16 14:37:33+05:30,3146.3,46,3134.3,2883438,124394.0,199816.0,3163.0,3163.0,3108.0,3134.3,31860200,3447.7,2820.9,3839.9,2896.0,3146.1,25,4,3146.0,22,5,3145.9,28,3,3145.8,105,8,3145.7,22,4,3146.4,32,1,3146.6,64,2,3146.9,1,1,3147.0,940,2,3147.2,1036,7
2031,2026-06-16 14:37:33+05:30,3146.3,46,3134.3,2883438,124394.0,199816.0,3163.0,3163.0,3108.0,3134.3,31860200,3447.7,2820.9,3839.9,2896.0,3146.1,25,4,3146.0,22,5,3145.9,28,3,3145.8,105,8,3145.7,22,4,3146.4,32,1,3146.6,64,2,3146.9,1,1,3147.0,940,2,3147.2,1036,7
2031,2026-06-16 14:37:34+05:30,3146.4,17,3134.3,2883496,125015.0,199800.0,3163.0,3163.0,3108.0,3134.3,31860200,3447.7,2820.9,3839.9,2896.0,3146.3,1,1,3146.2,34,5,3146.1,62,8,3146.0,40,6,3145.9,37,4,3146.7,32,1,3146.9,33,2,3147.0,833,1,3147.2,14,1,3147.3,46,1
2031,2026-06-16 14:37:34+05:30,3146.1,5,3134.3,2883496,125015.0,199800.0,3163.0,3163.0,3108.0,3134.3,31860200,3447.7,2820.9,3839.9,2896.0,3146.3,1,1,3146.2,34,5,3146.1,62,8,3146.0,40,6,3145.9,37,4,3146.7,32,1,3146.9,33,2,3147.0,833,1,3147.2,14,1,3147.3,46,1
2031,2026-06-16 14:37:34+05:30,3146.1,5,3134.3,2883496,125015.0,199800.0,3163.0,3163.0,3108.0,3134.3,31860200,3447.7,2820.9,3839.9,2896.0,3146.3,1,1,3146.2,34,5,3146.1,62,8,3146.0,40,6,3145.9,37,4,3146.7,32,1,3146.9,33,2,3147.0,833,1,3147.2,14,1,3147.3,46,1
2031,2026-06-16 14:37:35+05:30,3146.4,5,3134.3,2883496,125015.0,199800.0,3163.0,3163.0,3108.0,3134.3,31860200,3447.7,2820.9,3839.9,2896.0,3146.1,41,8,3146.0,40,4,3145.9,31,4,3145.8,90,7,3145.7,9,2,3146.4,17,1,3146.5,32,1,3146.7,26,1,3146.8,32,1,3146.9,33,2
2031,2026-06-16 14:37:35+05:30,3146.4,5,3134.3,2883563,124831.0,200223.0,3163.0,3163.0,3108.0,3134.3,31860200,3447.7,2820.9,3839.9,2896.0,3146.1,41,8,3146.0,40,4,3145.9,31,4,3145.8,90,7,3145.7,9,2,3146.4,17,1,3146.5,32,1,3146.7,26,1,3146.8,32,1,3146.9,33,2
2031,2026-06-16 14:37:36+05:30,3146.4,5,3134.3,2883563,124831.0,200223.0,3163.0,3163.0,3108.0,3134.3,31860200,3447.7,2820.9,3839.9,2896.0,3146.1,41,8,3146.0,40,4,3145.9,31,4,3145.8,90,7,3145.7,9,2,3146.4,17,1,3146.5,32,1,3146.7,26,1,3146.8,32,1,3146.9,33,2
2031,2026-06-16 14:37:36+05:30,3146.4,6,3134.3,2883563,124831.0,200223.0,3163.0,3163.0,3108.0,3134.3,31860200,3447.7,2820.9,3839.9,2896.0,3146.1,41,8,3146.0,40,4,3145.9,31,4,3145.8,90,7,3145.7,9,2,3146.4,17,1,3146.5,32,1,3146.7,26,1,3146.8,32,1,3146.9,33,2
2031,2026-06-16 14:37:36+05:30,3146.4,6,3134.3,2883605,123890.0,200589.0,3163.0,3163.0,3108.0,3134.3,31860200,3447.7,2820.9,3839.9,2896.0,3146.1,20,3,3146.0,27,4,3145.9,54,4,3145.8,85,5,3145.7,9,2,3146.4,43,2,3146.5,32,1,3146.7,127,3,3146.9,33,2,3147.0,879,2
2031,2026-06-16 14:37:37+05:30,3146.1,3,3134.3,2883605,123890.0,200589.0,3163.0,3163.0,3108.0,3134.3,31860200,3447.7,2820.9,3839.9,2896.0,3146.1,20,3,3146.0,27,4,3145.9,54,4,3145.8,85,5,3145.7,9,2,3146.4,43,2,3146.5,32,1,3146.7,127,3,3146.9,33,2,3147.0,879,2
2031,2026-06-16 14:37:37+05:30,3146.1,3,3134.3,2883659,123814.0,200734.0,3163.0,3163.0,3108.0,3134.3,31860200,3447.7,2820.9,3839.9,2896.0,3146.1,47,5,3146.0,33,4,3145.9,29,2,3145.8,93,6,3145.7,9,2,3146.4,69,4,3146.5,32,1,3146.7,101,2,3146.9,32,1,3147.0,879,2
2031,2026-06-16 14:37:38+05:30,3146.4,1,3134.3,2883659,123814.0,200734.0,3163.0,3163.0,3108.0,3134.3,31860200,3447.7,2820.9,3839.9,2896.0,3146.1,47,5,3146.0,33,4,3145.9,29,2,3145.8,93,6,3145.7,9,2,3146.4,69,4,3146.5,32,1,3146.7,101,2,3146.9,32,1,3147.0,879,2
2031,2026-06-16 14:37:38+05:30,3146.4,1,3134.3,2883687,123718.0,200689.0,3163.0,3163.0,3108.0,3134.3,31860200,3447.7,2820.9,3839.9,2896.0,3146.2,7,1,3146.1,49,4,3146.0,30,3,3145.9,29,2,3145.8,93,6,3146.4,57,3,3146.5,32,1,3146.7,101,2,3146.9,32,1,3147.0,879,2
2031,2026-06-16 14:37:38+05:30,3146.4,1,3134.3,2883687,123718.0,200689.0,3163.0,3163.0,3108.0,3134.3,31860200,3447.7,2820.9,3839.9,2896.0,3146.2,7,1,3146.1,49,4,3146.0,30,3,3145.9,29,2,3145.8,93,6,3146.4,57,3,3146.5,32,1,3146.7,101,2,3146.9,32,1,3147.0,879,2
2031,2026-06-16 14:37:39+05:30,3146.4,26,3134.3,2883687,123718.0,200689.0,3163.0,3163.0,3108.0,3134.3,31860200,3447.7,2820.9,3839.9,2896.0,3146.2,7,1,3146.1,49,4,3146.0,30,3,3145.9,29,2,3145.8,93,6,3146.4,57,3,3146.5,32,1,3146.7,101,2,3146.9,32,1,3147.0,879,2
2031,2026-06-16 14:37:39+05:30,3146.4,26,3134.3,2883744,124070.0,200526.0,3163.0,3163.0,3108.0,3134.3,31860200,3447.7,2820.9,3839.9,2896.0,3146.6,1,1,3146.2,22,3,3146.1,14,1,3146.0,32,3,3145.9,29,2,3146.7,101,2,3146.9,64,2,3147.0,833,1,3147.2,127,3,3147.3,46,1
2031,2026-06-16 14:37:40+05:30,3146.7,1,3134.3,2883744,124070.0,200526.0,3163.0,3163.0,3108.0,3134.3,31860200,3447.7,2820.9,3839.9,2896.0,3146.6,1,1,3146.2,22,3,3146.1,14,1,3146.0,32,3,3145.9,29,2,3146.7,101,2,3146.9,64,2,3147.0,833,1,3147.2,127,3,3147.3,46,1
2031,2026-06-16 14:37:40+05:30,3146.7,1,3134.3,2883759,124099.0,200626.0,3163.0,3163.0,3108.0,3134.3,31860200,3447.7,2820.9,3839.9,2896.0,3146.6,1,1,3146.4,31,2,3146.2,21,2,3146.1,14,1,3146.0,32,3,3146.7,130,3,3146.8,32,1,3146.9,64,2,3147.0,833,1,3147.1,32,1
2031,2026-06-16 14:37:41+05:30,3146.7,1,3134.3,2883759,124099.0,200626.0,3163.0,3163.0,3108.0,3134.3,31860200,3447.7,2820.9,3839.9,2896.0,3146.6,1,1,3146.4,31,2,3146.2,21,2,3146.1,14,1,3146.0,32,3,3146.7,130,3,3146.8,32,1,3146.9,64,2,3147.0,833,1,3147.1,32,1
2031,2026-06-16 14:37:41+05:30,3146.7,15,3134.3,2883759,124099.0,200626.0,3163.0,3163.0,3108.0,3134.3,31860200,3447.7,2820.9,3839.9,2896.0,3146.6,1,1,3146.4,31,2,3146.2,21,2,3146.1,14,1,3146.0,32,3,3146.7,130,3,3146.8,32,1,3146.9,64,2,3147.0,833,1,3147.1,32,1
2031,2026-06-16 14:37:41+05:30,3146.7,15,3134.3,2883919,124382.0,200732.0,3163.0,3163.0,3108.0,3134.3,31860200,3447.7,2820.9,3839.9,2896.0,3146.7,35,1,3146.6,15,2,3146.4,19,2,3146.2,32,3,3146.1,38,3,3146.8,32,1,3146.9,32,1,3147.0,833,1,3147.1,32,1,3147.2,46,2
2031,2026-06-16 14:37:42+05:30,3146.9,1,3134.3,2883919,124382.0,200732.0,3163.0,3163.0,3108.0,3134.3,31860200,3447.7,2820.9,3839.9,2896.0,3146.7,35,1,3146.6,15,2,3146.4,19,2,3146.2,32,3,3146.1,38,3,3146.8,32,1,3146.9,32,1,3147.0,833,1,3147.1,32,1,3147.2,46,2
2031,2026-06-16 14:37:42+05:30,3146.9,1,3134.3,2883929,124443.0,200717.0,3163.0,3163.0,3108.0,3134.3,31860200,3447.7,2820.9,3839.9,2896.0,3146.7,35,1,3146.6,14,1,3146.4,19,2,3146.2,35,3,3146.1,36,3,3146.9,22,1,3147.0,865,2,3147.2,78,3,3147.4,20,1,3147.5,128,2
2031,2026-06-16 14:37:43+05:30,3146.9,1,3134.3,2883929,124443.0,200717.0,3163.0,3163.0,3108.0,3134.3,31860200,3447.7,2820.9,3839.9,2896.0,3146.7,35,1,3146.6,14,1,3146.4,19,2,3146.2,35,3,3146.1,36,3,3146.9,22,1,3147.0,865,2,3147.2,78,3,3147.4,20,1,3147.5,128,2
2031,2026-06-16 14:37:43+05:30,3146.8,26,3134.3,2884160,123921.0,200864.0,3163.0,3163.0,3108.0,3134.3,31860200,3447.7,2820.9,3839.9,2896.0,3146.7,5,1,3146.2,11,2,3146.1,22,2,3146.0,30,3,3145.8,15,2,3146.8,6,1,3146.9,22,1,3147.0,865,2,3147.2,92,3,3147.4,66,2
2031,2026-06-16 14:37:43+05:30,3146.8,26,3134.3,2884160,123921.0,200864.0,3163.0,3163.0,3108.0,3134.3,31860200,3447.7,2820.9,3839.9,2896.0,3146.7,5,1,3146.2,11,2,3146.1,22,2,3146.0,30,3,3145.8,15,2,3146.8,6,1,3146.9,22,1,3147.0,865,2,3147.2,92,3,3147.4,66,2
2031,2026-06-16 14:37:44+05:30,3146.9,12,3134.3,2884178,123922.0,200826.0,3163.0,3163.0,3108.0,3134.3,31860200,3447.7,2820.9,3839.9,2896.0,3146.7,5,1,3146.2,1,1,3146.1,22,2,3146.0,41,4,3145.8,15,2,3146.9,10,1,3147.0,833,1,3147.2,124,4,3147.4,66,2,3147.5,110,2
2031,2026-06-16 14:37:44+05:30,3146.9,12,3134.3,2884178,123922.0,200826.0,3163.0,3163.0,3108.0,3134.3,31860200,3447.7,2820.9,3839.9,2896.0,3146.7,5,1,3146.2,1,1,3146.1,22,2,3146.0,41,4,3145.8,15,2,3146.9,10,1,3147.0,833,1,3147.2,124,4,3147.4,66,2,3147.5,110,2
2031,2026-06-16 14:37:45+05:30,3146.9,12,3134.3,2884178,123922.0,200826.0,3163.0,3163.0,3108.0,3134.3,31860200,3447.7,2820.9,3839.9,2896.0,3146.7,5,1,3146.2,1,1,3146.1,22,2,3146.0,41,4,3145.8,15,2,3146.9,10,1,3147.0,833,1,3147.2,124,4,3147.4,66,2,3147.5,110,2
2031,2026-06-16 14:37:45+05:30,3146.9,14,3134.3,2884178,123922.0,200826.0,3163.0,3163.0,3108.0,3134.3,31860200,3447.7,2820.9,3839.9,2896.0,3146.7,5,1,3146.2,1,1,3146.1,22,2,3146.0,41,4,3145.8,15,2,3146.9,10,1,3147.0,833,1,3147.2,124,4,3147.4,66,2,3147.5,110,2
2031,2026-06-16 14:37:45+05:30,3146.9,14,3134.3,2884234,124492.0,200571.0,3163.0,3163.0,3108.0,3134.3,31860200,3447.7,2820.9,3839.9,2896.0,3146.8,2,2,3146.7,34,4,3146.6,10,1,3146.5,5,1,3146.4,13,1,3146.9,12,1,3147.0,833,1,3147.2,46,2,3147.3,32,1,3147.5,110,2
2031,2026-06-16 14:37:46+05:30,3146.9,14,3134.3,2884234,124492.0,200571.0,3163.0,3163.0,3108.0,3134.3,31860200,3447.7,2820.9,3839.9,2896.0,3146.8,2,2,3146.7,34,4,3146.6,10,1,3146.5,5,1,3146.4,13,1,3146.9,12,1,3147.0,833,1,3147.2,46,2,3147.3,32,1,3147.5,110,2
2031,2026-06-16 14:37:46+05:30,3146.9,32,3134.3,2884234,124492.0,200571.0,3163.0,3163.0,3108.0,3134.3,31860200,3447.7,2820.9,3839.9,2896.0,3146.8,2,2,3146.7,34,4,3146.6,10,1,3146.5,5,1,3146.4,13,1,3146.9,12,1,3147.0,833,1,3147.2,46,2,3147.3,32,1,3147.5,110,2
2031,2026-06-16 14:37:46+05:30,3146.9,32,3134.3,2884319,124133.0,200202.0,3163.0,3163.0,3108.0,3134.3,31860200,3447.7,2820.9,3839.9,2896.0,3146.7,19,3,3146.2,27,2,3146.1,15,1,3146.0,44,5,3145.8,30,3,3147.0,865,2,3147.2,103,4,3147.4,82,2,3147.5,110,2,3147.6,21,1
2031,2026-06-16 14:37:47+05:30,3146.9,32,3134.3,2884319,124133.0,200202.0,3163.0,3163.0,3108.0,3134.3,31860200,3447.7,2820.9,3839.9,2896.0,3146.7,19,3,3146.2,27,2,3146.1,15,1,3146.0,44,5,3145.8,30,3,3147.0,865,2,3147.2,103,4,3147.4,82,2,3147.5,110,2,3147.6,21,1
2031,2026-06-16 14:37:47+05:30,3146.9,32,3134.3,2884319,124110.0,200254.0,3163.0,3163.0,3108.0,3134.3,31860200,3447.7,2820.9,3839.9,2896.0,3146.7,19,3,3146.2,27,2,3146.0,26,3,3145.8,30,3,3145.7,41,3,3146.9,187,1,3147.0,865,2,3147.2,78,3,3147.4,82,2,3147.5,110,2
2031,2026-06-16 14:37:47+05:30,3146.9,32,3134.3,2884319,124110.0,200254.0,3163.0,3163.0,3108.0,3134.3,31860200,3447.7,2820.9,3839.9,2896.0,3146.7,19,3,3146.2,27,2,3146.0,26,3,3145.8,30,3,3145.7,41,3,3146.9,187,1,3147.0,865,2,3147.2,78,3,3147.4,82,2,3147.5,110,2
2031,2026-06-16 14:37:48+05:30,3146.9,32,3134.3,2884319,124110.0,200254.0,3163.0,3163.0,3108.0,3134.3,31860200,3447.7,2820.9,3839.9,2896.0,3146.7,19,3,3146.2,27,2,3146.0,26,3,3145.8,30,3,3145.7,41,3,3146.9,187,1,3147.0,865,2,3147.2,78,3,3147.4,82,2,3147.5,110,2
2031,2026-06-16 14:37:48+05:30,3146.9,17,3134.3,2884319,124110.0,200254.0,3163.0,3163.0,3108.0,3134.3,31860200,3447.7,2820.9,3839.9,2896.0,3146.7,19,3,3146.2,27,2,3146.0,26,3,3145.8,30,3,3145.7,41,3,3146.9,187,1,3147.0,865,2,3147.2,78,3,3147.4,82,2,3147.5,110,2
2031,2026-06-16 14:37:48+05:30,3147.0,88,3134.3,2884594,124376.0,199424.0,3163.0,3163.0,3108.0,3134.3,31860200,3447.7,2820.9,3839.9,2896.0,3146.7,2,2,3146.0,26,3,3145.9,5,1,3145.8,15,2,3145.7,104,4,3147.0,777,2,3147.2,78,3,3147.4,67,2,3147.5,110,2,3147.6,151,5
2031,2026-06-16 14:37:48+05:30,3147.0,88,3134.3,2884594,124376.0,199424.0,3163.0,3163.0,3108.0,3134.3,31860200,3447.7,2820.9,3839.9,2896.0,3146.7,2,2,3146.0,26,3,3145.9,5,1,3145.8,15,2,3145.7,104,4,3147.0,777,2,3147.2,78,3,3147.4,67,2,3147.5,110,2,3147.6,151,5
2031,2026-06-16 14:37:49+05:30,3147.0,1,3134.3,2884595,124401.0,199504.0,3163.0,3163.0,3108.0,3134.3,31860200,3447.7,2820.9,3839.9,2896.0,3146.7,3,3,3146.0,26,3,3145.9,5,1,3145.8,193,3,3145.7,104,4,3147.0,744,1,3147.1,32,1,3147.2,46,2,3147.3,32,1,3147.4,113,3
2031,2026-06-16 14:37:49+05:30,3147.0,1,3134.3,2884595,124401.0,199504.0,3163.0,3163.0,3108.0,3134.3,31860200,3447.7,2820.9,3839.9,2896.0,3146.7,3,3,3146.0,26,3,3145.9,5,1,3145.8,193,3,3145.7,104,4,3147.0,744,1,3147.1,32,1,3147.2,46,2,3147.3,32,1,3147.4,113,3
2031,2026-06-16 14:37:49+05:30,3147.0,1,3134.3,2884595,124401.0,199504.0,3163.0,3163.0,3108.0,3134.3,31860200,3447.7,2820.9,3839.9,2896.0,3146.7,3,3,3146.0,26,3,3145.9,5,1,3145.8,193,3,3145.7,104,4,3147.0,744,1,3147.1,32,1,3147.2,46,2,3147.3,32,1,3147.4,113,3
2031,2026-06-16 14:37:50+05:30,3147.0,1,3134.3,2884595,124401.0,199504.0,3163.0,3163.0,3108.0,3134.3,31860200,3447.7,2820.9,3839.9,2896.0,3146.7,3,3,3146.0,26,3,3145.9,5,1,3145.8,193,3,3145.7,104,4,3147.0,744,1,3147.1,32,1,3147.2,46,2,3147.3,32,1,3147.4,113,3
2031,2026-06-16 14:37:50+05:30,3146.7,1,3134.3,2884595,124401.0,199504.0,3163.0,3163.0,3108.0,3134.3,31860200,3447.7,2820.9,3839.9,2896.0,3146.7,3,3,3146.0,26,3,3145.9,5,1,3145.8,193,3,3145.7,104,4,3147.0,744,1,3147.1,32,1,3147.2,46,2,3147.3,32,1,3147.4,113,3
2031,2026-06-16 14:37:50+05:30,3146.7,1,3134.3,2884609,124369.0,199786.0,3163.0,3163.0,3108.0,3134.3,31860200,3447.7,2820.9,3839.9,2896.0,3146.7,28,4,3146.5,14,1,3146.4,7,1,3146.3,8,1,3146.2,15,1,3146.9,32,1,3147.0,766,2,3147.1,32,1,3147.2,46,2,3147.3,32,1
2031,2026-06-16 14:37:51+05:30,3146.7,1,3134.3,2884609,124369.0,199786.0,3163.0,3163.0,3108.0,3134.3,31860200,3447.7,2820.9,3839.9,2896.0,3146.7,28,4,3146.5,14,1,3146.4,7,1,3146.3,8,1,3146.2,15,1,3146.9,32,1,3147.0,766,2,3147.1,32,1,3147.2,46,2,3147.3,32,1
2031,2026-06-16 14:37:52+05:30,3146.8,4,3134.3,2884613,124587.0,200325.0,3163.0,3163.0,3108.0,3134.3,31860200,3447.7,2820.9,3839.9,2896.0,3146.7,33,5,3146.5,4,1,3146.4,23,3,3146.3,15,2,3146.2,30,2,3146.8,28,1,3146.9,32,1,3147.0,766,2,3147.2,78,3,3147.4,46,1
2031,2026-06-16 14:37:52+05:30,3146.8,4,3134.3,2884613,124587.0,200325.0,3163.0,3163.0,3108.0,3134.3,31860200,3447.7,2820.9,3839.9,2896.0,3146.7,33,5,3146.5,4,1,3146.4,23,3,3146.3,15,2,3146.2,30,2,3146.8,28,1,3146.9,32,1,3147.0,766,2,3147.2,78,3,3147.4,46,1
2031,2026-06-16 14:37:52+05:30,3146.8,17,3134.3,2884613,124587.0,200325.0,3163.0,3163.0,3108.0,3134.3,31860200,3447.7,2820.9,3839.9,2896.0,3146.7,33,5,3146.5,4,1,3146.4,23,3,3146.3,15,2,3146.2,30,2,3146.8,28,1,3146.9,32,1,3147.0,766,2,3147.2,78,3,3147.4,46,1
2031,2026-06-16 14:37:52+05:30,3146.8,17,3134.3,2884613,124587.0,200325.0,3163.0,3163.0,3108.0,3134.3,31860200,3447.7,2820.9,3839.9,2896.0,3146.7,33,5,3146.5,4,1,3146.4,23,3,3146.3,15,2,3146.2,30,2,3146.8,28,1,3146.9,32,1,3147.0,766,2,3147.2,78,3,3147.4,46,1
2031,2026-06-16 14:37:53+05:30,3146.8,17,3134.3,2884631,124596.0,200232.0,3163.0,3163.0,3108.0,3134.3,31860200,3447.7,2820.9,3839.9,2896.0,3146.7,33,5,3146.5,4,1,3146.4,23,3,3146.3,15,2,3146.2,30,2,3146.8,10,1,3146.9,32,1,3147.0,766,2,3147.2,78,3,3147.5,107,1
2031,2026-06-16 14:37:53+05:30,3146.8,17,3134.3,2884631,124596.0,200232.0,3163.0,3163.0,3108.0,3134.3,31860200,3447.7,2820.9,3839.9,2896.0,3146.7,33,5,3146.5,4,1,3146.4,23,3,3146.3,15,2,3146.2,30,2,3146.8,10,1,3146.9,32,1,3147.0,766,2,3147.2,78,3,3147.5,107,1
2031,2026-06-16 14:37:53+05:30,3146.8,40,3134.3,2884631,124596.0,200232.0,3163.0,3163.0,3108.0,3134.3,31860200,3447.7,2820.9,3839.9,2896.0,3146.7,33,5,3146.5,4,1,3146.4,23,3,3146.3,15,2,3146.2,30,2,3146.8,10,1,3146.9,32,1,3147.0,766,2,3147.2,78,3,3147.5,107,1
2031,2026-06-16 14:37:54+05:30,3147.0,58,3134.3,2884771,124732.0,200166.0,3163.0,3163.0,3108.0,3134.3,31860200,3447.7,2820.9,3839.9,2896.0,3146.7,40,6,3146.6,5,1,3146.4,22,3,3146.3,23,2,3146.2,23,2,3147.0,708,2,3147.2,78,3,3147.5,107,1,3147.6,27,2,3147.7,1000,5
2031,2026-06-16 14:37:54+05:30,3147.0,58,3134.3,2884771,124732.0,200166.0,3163.0,3163.0,3108.0,3134.3,31859600,3447.7,2820.9,3839.9,2896.0,3146.7,40,6,3146.6,5,1,3146.4,22,3,3146.3,23,2,3146.2,23,2,3147.0,708,2,3147.2,78,3,3147.5,107,1,3147.6,27,2,3147.7,1000,5
2031,2026-06-16 14:37:54+05:30,3147.0,1,3134.3,2884771,124732.0,200166.0,3163.0,3163.0,3108.0,3134.3,31859600,3447.7,2820.9,3839.9,2896.0,3146.7,40,6,3146.6,5,1,3146.4,22,3,3146.3,23,2,3146.2,23,2,3147.0,708,2,3147.2,78,3,3147.5,107,1,3147.6,27,2,3147.7,1000,5
2031,2026-06-16 14:37:54+05:30,3147.0,1,3134.3,2884793,124783.0,200173.0,3163.0,3163.0,3108.0,3134.3,31859600,3447.7,2820.9,3839.9,2896.0,3146.7,79,6,3146.5,7,1,3146.4,15,2,3146.3,32,3,3146.2,23,2,3147.0,674,1,3147.1,32,1,3147.2,46,2,3147.3,32,1,3147.5,107,1
2031,2026-06-16 14:37:55+05:30,3147.0,3,3134.3,2884793,124783.0,200173.0,3163.0,3163.0,3108.0,3134.3,31859600,3447.7,2820.9,3839.9,2896.0,3146.7,79,6,3146.5,7,1,3146.4,15,2,3146.3,32,3,3146.2,23,2,3147.0,674,1,3147.1,32,1,3147.2,46,2,3147.3,32,1,3147.5,107,1
2031,2026-06-16 14:37:55+05:30,3147.0,3,3134.3,2884807,125057.0,200072.0,3163.0,3163.0,3108.0,3134.3,31859600,3447.7,2820.9,3839.9,2896.0,3146.7,78,5,3146.4,15,2,3146.3,8,1,3146.2,23,2,3146.1,20,2,3147.0,685,2,3147.2,46,2,3147.5,107,1,3147.6,27,2,3147.7,1046,6
2031,2026-06-16 14:37:56+05:30,3147.0,17,3134.3,2884807,125057.0,200072.0,3163.0,3163.0,3108.0,3134.3,31859600,3447.7,2820.9,3839.9,2896.0,3146.7,78,5,3146.4,15,2,3146.3,8,1,3146.2,23,2,3146.1,20,2,3147.0,685,2,3147.2,46,2,3147.5,107,1,3147.6,27,2,3147.7,1046,6
2031,2026-06-16 14:37:56+05:30,3147.0,17,3134.3,2884835,125048.0,200068.0,3163.0,3163.0,3108.0,3134.3,31859600,3447.7,2820.9,3839.9,2896.0,3146.7,69,5,3146.5,14,1,3146.4,1,1,3146.3,8,1,3146.2,23,2,3147.0,666,2,3147.2,46,2,3147.5,107,1,3147.6,27,2,3147.7,1046,6
2031,2026-06-16 14:37:57+05:30,3147.0,1,3134.3,2884835,125048.0,200068.0,3163.0,3163.0,3108.0,3134.3,31859600,3447.7,2820.9,3839.9,2896.0,3146.7,69,5,3146.5,14,1,3146.4,1,1,3146.3,8,1,3146.2,23,2,3147.0,666,2,3147.2,46,2,3147.5,107,1,3147.6,27,2,3147.7,1046,6
2031,2026-06-16 14:37:57+05:30,3147.0,1,3134.3,2884838,125083.0,200044.0,3163.0,3163.0,3108.0,3134.3,31859600,3447.7,2820.9,3839.9,2896.0,3146.7,69,5,3146.6,14,1,3146.4,11,2,3146.3,8,1,3146.2,23,2,3147.0,663,2,3147.2,46,2,3147.5,107,1,3147.6,27,2,3147.7,1046,6
2031,2026-06-16 14:37:58+05:30,3147.0,141,3134.3,2884838,125083.0,200044.0,3163.0,3163.0,3108.0,3134.3,31859600,3447.7,2820.9,3839.9,2896.0,3146.7,69,5,3146.6,14,1,3146.4,11,2,3146.3,8,1,3146.2,23,2,3147.0,663,2,3147.2,46,2,3147.5,107,1,3147.6,27,2,3147.7,1046,6
2031,2026-06-16 14:37:58+05:30,3147.0,141,3134.3,2884980,125083.0,199844.0,3163.0,3163.0,3108.0,3134.3,31859600,3447.7,2820.9,3839.9,2896.0,3146.7,69,5,3146.6,14,1,3146.4,11,2,3146.3,23,2,3146.2,69,3,3147.0,555,3,3147.2,46,2,3147.5,107,1,3147.6,27,2,3147.7,1000,5
2031,2026-06-16 14:37:59+05:30,3147.0,1,3134.3,2884980,125083.0,199844.0,3163.0,3163.0,3108.0,3134.3,31859600,3447.7,2820.9,3839.9,2896.0,3146.7,69,5,3146.6,14,1,3146.4,11,2,3146.3,23,2,3146.2,69,3,3147.0,555,3,3147.2,46,2,3147.5,107,1,3147.6,27,2,3147.7,1000,5
2031,2026-06-16 14:37:59+05:30,3147.0,1,3134.3,2885002,125026.0,199896.0,3163.0,3163.0,3108.0,3134.3,31859600,3447.7,2820.9,3839.9,2896.0,3146.7,84,6,3146.6,19,2,3146.5,14,2,3146.4,19,3,3146.3,32,3,3147.0,533,3,3147.2,46,2,3147.5,107,1,3147.6,27,2,3147.7,1046,6
2031,2026-06-16 14:38:00+05:30,3147.0,17,3134.3,2885027,125059.0,199898.0,3163.0,3163.0,3108.0,3134.3,31859600,3447.7,2820.9,3839.9,2896.0,3146.9,2,2,3146.7,96,10,3146.6,5,1,3146.5,14,2,3146.4,19,3,3147.0,509,4,3147.2,46,2,3147.5,107,1,3147.6,6,1,3147.7,1046,6
2031,2026-06-16 14:38:00+05:30,3147.0,17,3134.3,2885027,125059.0,199898.0,3163.0,3163.0,3108.0,3134.3,31859600,3447.7,2820.9,3839.9,2896.0,3146.9,2,2,3146.7,96,10,3146.6,5,1,3146.5,14,2,3146.4,19,3,3147.0,509,4,3147.2,46,2,3147.5,107,1,3147.6,6,1,3147.7,1046,6
2031,2026-06-16 14:38:01+05:30,3147.0,9,3134.3,2885040,124795.0,199829.0,3163.0,3163.0,3108.0,3134.3,31859600,3447.7,2820.9,3839.9,2896.0,3146.9,40,3,3146.7,89,7,3146.5,7,1,3146.4,9,2,3146.3,8,1,3147.0,543,5,3147.2,46,2,3147.5,153,2,3147.6,6,1,3147.7,1077,7
2031,2026-06-16 14:38:01+05:30,3147.0,9,3134.3,2885040,124795.0,199829.0,3163.0,3163.0,3108.0,3134.3,31859600,3447.7,2820.9,3839.9,2896.0,3146.9,40,3,3146.7,89,7,3146.5,7,1,3146.4,9,2,3146.3,8,1,3147.0,543,5,3147.2,46,2,3147.5,153,2,3147.6,6,1,3147.7,1077,7
2031,2026-06-16 14:38:02+05:30,3146.7,14,3134.3,2885040,124795.0,199829.0,3163.0,3163.0,3108.0,3134.3,31859600,3447.7,2820.9,3839.9,2896.0,3146.9,40,3,3146.7,89,7,3146.5,7,1,3146.4,9,2,3146.3,8,1,3147.0,543,5,3147.2,46,2,3147.5,153,2,3147.6,6,1,3147.7,1077,7
2031,2026-06-16 14:38:02+05:30,3146.7,14,3134.3,2885240,123412.0,199005.0,3163.0,3163.0,3108.0,3134.3,31859600,3447.7,2820.9,3839.9,2896.0,3146.7,41,6,3146.2,2,1,3146.0,11,2,3145.9,35,2,3145.8,51,2,3147.0,569,7,3147.2,102,4,3147.3,38,2,3147.4,23,1,3147.5,194,3
2031,2026-06-16 14:38:03+05:30,3146.7,12,3134.3,2885240,123412.0,199005.0,3163.0,3163.0,3108.0,3134.3,31859600,3447.7,2820.9,3839.9,2896.0,3146.7,41,6,3146.2,2,1,3146.0,11,2,3145.9,35,2,3145.8,51,2,3147.0,569,7,3147.2,102,4,3147.3,38,2,3147.4,23,1,3147.5,194,3
2031,2026-06-16 14:38:03+05:30,3146.7,12,3134.31,2885674,123075.0,199450.0,3163.0,3163.0,3108.0,3134.3,31859600,3447.7,2820.9,3839.9,2896.0,3146.7,25,3,3145.8,2,1,3145.7,21,1,3145.6,14,1,3145.5,21,1,3146.8,45,3,3146.9,301,5,3147.0,564,7,3147.1,20,1,3147.2,151,6
2031,2026-06-16 14:38:04+05:30,3146.8,1,3134.31,2885674,123075.0,199450.0,3163.0,3163.0,3108.0,3134.3,31859600,3447.7,2820.9,3839.9,2896.0,3146.7,25,3,3145.8,2,1,3145.7,21,1,3145.6,14,1,3145.5,21,1,3146.8,45,3,3146.9,301,5,3147.0,564,7,3147.1,20,1,3147.2,151,6
2031,2026-06-16 14:38:04+05:30,3146.8,1,3134.31,2885735,123191.0,199371.0,3163.0,3163.0,3108.0,3134.3,31859600,3447.7,2820.9,3839.9,2896.0,3146.7,21,4,3145.8,2,1,3145.7,22,2,3145.6,14,1,3145.5,36,2,3146.8,22,1,3146.9,200,1,3147.0,489,5,3147.1,44,2,3147.2,95,4
2031,2026-06-16 14:38:05+05:30,3146.8,1,3134.31,2885735,123191.0,199371.0,3163.0,3163.0,3108.0,3134.3,31859600,3447.7,2820.9,3839.9,2896.0,3146.7,21,4,3145.8,2,1,3145.7,22,2,3145.6,14,1,3145.5,36,2,3146.8,22,1,3146.9,200,1,3147.0,489,5,3147.1,44,2,3147.2,95,4
2031,2026-06-16 14:38:05+05:30,3146.8,1,3134.31,2885746,123709.0,199421.0,3163.0,3163.0,3108.0,3134.3,31859600,3447.7,2820.9,3839.9,2896.0,3146.7,71,5,3145.8,2,1,3145.7,88,4,3145.6,14,1,3145.5,210,4,3146.8,23,2,3146.9,200,1,3147.0,489,5,3147.2,95,4,3147.3,31,1
2031,2026-06-16 14:38:06+05:30,3146.7,10,3134.31,2885746,123709.0,199421.0,3163.0,3163.0,3108.0,3134.3,31859600,3447.7,2820.9,3839.9,2896.0,3146.7,71,5,3145.8,2,1,3145.7,88,4,3145.6,14,1,3145.5,210,4,3146.8,23,2,3146.9,200,1,3147.0,489,5,3147.2,95,4,3147.3,31,1
2031,2026-06-16 14:38:07+05:30,3146.8,6,3134.31,2885764,123803.0,199487.0,3163.0,3163.0,3108.0,3134.3,31859600,3447.7,2820.9,3839.9,2896.0,3146.7,59,3,3145.8,79,3,3145.7,88,4,3145.6,32,3,3145.5,195,3,3146.8,20,3,3146.9,200,1,3147.0,489,5,3147.2,49,3,3147.4,167,3
2031,2026-06-16 14:38:07+05:30,3146.8,3,3134.31,2885764,123803.0,199487.0,3163.0,3163.0,3108.0,3134.3,31859600,3447.7,2820.9,3839.9,2896.0,3146.7,59,3,3145.8,79,3,3145.7,88,4,3145.6,32,3,3145.5,195,3,3146.8,20,3,3146.9,200,1,3147.0,489,5,3147.2,49,3,3147.4,167,3
2031,2026-06-16 14:38:08+05:30,3146.8,3,3134.31,2885767,123951.0,199487.0,3163.0,3163.0,3108.0,3134.3,31859600,3447.7,2820.9,3839.9,2896.0,3146.7,59,3,3145.8,79,3,3145.7,88,4,3145.6,32,3,3145.5,195,3,3146.8,19,3,3146.9,200,1,3147.0,489,5,3147.2,49,3,3147.4,167,3
2031,2026-06-16 14:38:08+05:30,3146.8,1,3134.31,2885767,123951.0,199487.0,3163.0,3163.0,3108.0,3134.3,31859600,3447.7,2820.9,3839.9,2896.0,3146.7,59,3,3145.8,79,3,3145.7,88,4,3145.6,32,3,3145.5,195,3,3146.8,19,3,3146.9,200,1,3147.0,489,5,3147.2,49,3,3147.4,167,3
2031,2026-06-16 14:38:09+05:30,3146.8,1,3134.31,2885837,123832.0,199330.0,3163.0,3163.0,3108.0,3134.3,31859600,3447.7,2820.9,3839.9,2896.0,3146.7,25,3,3145.8,2,1,3145.7,25,3,3145.6,14,1,3145.5,51,3,3146.8,2,1,3146.9,200,1,3147.0,488,4,3147.1,51,2,3147.2,72,4
2031,2026-06-16 14:38:10+05:30,3146.7,3,3134.31,2885844,123834.0,199349.0,3163.0,3163.0,3108.0,3134.3,31859600,3447.7,2820.9,3839.9,2896.0,3146.8,5,1,3146.7,22,3,3145.8,2,1,3145.7,25,3,3145.6,14,1,3146.9,200,1,3147.0,455,4,3147.2,49,3,3147.3,46,1,3147.4,198,4
2031,2026-06-16 14:38:10+05:30,3146.9,1,3134.31,2885844,123834.0,199349.0,3163.0,3163.0,3108.0,3134.3,31859600,3447.7,2820.9,3839.9,2896.0,3146.8,5,1,3146.7,22,3,3145.8,2,1,3145.7,25,3,3145.6,14,1,3146.9,200,1,3147.0,455,4,3147.2,49,3,3147.3,46,1,3147.4,198,4
2031,2026-06-16 14:38:11+05:30,3146.7,1,3134.31,2886053,123676.0,199216.0,3163.0,3163.0,3108.0,3134.3,31859600,3447.7,2820.9,3839.9,2896.0,3146.7,5,2,3145.8,2,1,3145.7,24,2,3145.6,14,1,3145.5,21,1,3146.9,85,1,3147.0,524,7,3147.2,128,6,3147.3,46,1,3147.4,198,4
2031,2026-06-16 14:38:11+05:30,3146.9,6,3134.31,2886053,123676.0,199216.0,3163.0,3163.0,3108.0,3134.3,31859600,3447.7,2820.9,3839.9,2896.0,3146.7,5,2,3145.8,2,1,3145.7,24,2,3145.6,14,1,3145.5,21,1,3146.9,85,1,3147.0,524,7,3147.2,128,6,3147.3,46,1,3147.4,198,4
2031,2026-06-16 14:38:12+05:30,3146.8,5,3134.31,2886064,124135.0,199050.0,3163.0,3163.0,3108.0,3134.3,31859600,3447.7,2820.9,3839.9,2896.0,3146.8,1,1,3146.7,6,3,3145.8,226,4,3145.7,34,3,3145.6,65,3,3146.9,79,1,3147.0,470,5,3147.2,74,4,3147.3,69,2,3147.4,107,1
2031,2026-06-16 14:38:12+05:30,3146.9,1,3134.31,2886064,124135.0,199050.0,3163.0,3163.0,3108.0,3134.3,31859600,3447.7,2820.9,3839.9,2896.0,3146.8,1,1,3146.7,6,3,3145.8,226,4,3145.7,34,3,3145.6,65,3,3146.9,79,1,3147.0,470,5,3147.2,74,4,3147.3,69,2,3147.4,107,1
2031,2026-06-16 14:38:13+05:30,3146.9,1,3134.31,2886067,124263.0,199162.0,3163.0,3163.0,3108.0,3134.3,31859600,3447.7,2820.9,3839.9,2896.0,3146.7,22,4,3145.9,166,1,3145.8,68,3,3145.7,38,4,3145.6,80,4,3146.9,90,2,3147.0,455,4,3147.2,60,3,3147.3,53,2,3147.4,107,1
2031,2026-06-16 14:38:13+05:30,3146.9,1,3134.31,2886067,124263.0,199162.0,3163.0,3163.0,3108.0,3134.3,31859600,3447.7,2820.9,3839.9,2896.0,3146.7,22,4,3145.9,166,1,3145.8,68,3,3145.7,38,4,3145.6,80,4,3146.9,90,2,3147.0,455,4,3147.2,60,3,3147.3,53,2,3147.4,107,1
2031,2026-06-16 14:38:14+05:30,3146.9,1,3134.31,2886068,124262.0,199134.0,3163.0,3163.0,3108.0,3134.3,31859600,3447.7,2820.9,3839.9,2896.0,3146.7,21,3,3145.9,166,1,3145.8,68,3,3145.7,38,4,3145.6,80,4,3146.9,89,2,3147.0,470,5,3147.2,91,4,3147.3,23,1,3147.4,138,2
2031,2026-06-16 14:38:14+05:30,3146.9,1,3134.31,2886068,124262.0,199134.0,3163.0,3163.0,3108.0,3134.3,31859600,3447.7,2820.9,3839.9,2896.0,3146.7,21,3,3145.9,166,1,3145.8,68,3,3145.7,38,4,3145.6,80,4,3146.9,89,2,3147.0,470,5,3147.2,91,4,3147.3,23,1,3147.4,138,2
2031,2026-06-16 14:38:15+05:30,3146.9,1,3134.31,2886069,124264.0,199187.0,3163.0,3163.0,3108.0,3134.3,31859600,3447.7,2820.9,3839.9,2896.0,3146.7,22,4,3145.9,166,1,3145.8,68,3,3145.7,34,3,3145.6,80,4,3146.9,114,3,3147.0,455,4,3147.2,91,4,3147.3,53,2,3147.4,138,2
2031,2026-06-16 14:38:15+05:30,3146.9,5,3134.31,2886069,124264.0,199187.0,3163.0,3163.0,3108.0,3134.3,31859600,3447.7,2820.9,3839.9,2896.0,3146.7,22,4,3145.9,166,1,3145.8,68,3,3145.7,34,3,3145.6,80,4,3146.9,114,3,3147.0,455,4,3147.2,91,4,3147.3,53,2,3147.4,138,2
2031,2026-06-16 14:38:16+05:30,3146.9,1,3134.31,2886107,124182.0,198952.0,3163.0,3163.0,3108.0,3134.3,31859600,3447.7,2820.9,3839.9,2896.0,3146.8,2,2,3146.7,19,3,3146.3,8,1,3146.2,5,1,3146.1,3,1,3146.9,76,3,3147.0,455,4,3147.2,35,2,3147.4,107,1,3147.5,87,2
2031,2026-06-16 14:38:16+05:30,3146.9,10,3134.31,2886107,124182.0,198952.0,3163.0,3163.0,3108.0,3134.3,31859600,3447.7,2820.9,3839.9,2896.0,3146.8,2,2,3146.7,19,3,3146.3,8,1,3146.2,5,1,3146.1,3,1,3146.9,76,3,3147.0,455,4,3147.2,35,2,3147.4,107,1,3147.5,87,2
2031,2026-06-16 14:38:17+05:30,3146.9,10,3134.31,2886193,124360.0,198774.0,3163.0,3163.0,3108.0,3134.3,31859600,3447.7,2820.9,3839.9,2896.0,3146.8,2,2,3146.7,18,3,3146.3,8,1,3146.2,5,1,3146.1,211,4,3147.0,455,4,3147.2,32,1,3147.4,107,1,3147.6,1023,7,3147.7,51,1
2031,2026-06-16 14:38:18+05:30,3146.9,10,3134.31,2886193,124336.0,198808.0,3163.0,3163.0,3108.0,3134.3,31859600,3447.7,2820.9,3839.9,2896.0,3146.8,2,2,3146.7,18,3,3146.2,5,1,3146.1,18,2,3146.0,59,2,3147.0,456,5,3147.2,32,1,3147.4,107,1,3147.6,1043,7,3147.7,97,2
2031,2026-06-16 14:38:19+05:30,3147.0,1,3134.31,2886194,124017.0,198687.0,3163.0,3163.0,3108.0,3134.3,31859600,3447.7,2820.9,3839.9,2896.0,3146.8,3,3,3146.7,18,3,3146.2,5,1,3146.1,3,1,3146.0,13,1,3147.0,455,5,3147.2,32,1,3147.4,107,1,3147.5,1100,8,3147.6,20,1
2031,2026-06-16 14:38:19+05:30,3147.0,1,3134.31,2886194,124017.0,198687.0,3163.0,3163.0,3108.0,3134.3,31859600,3447.7,2820.9,3839.9,2896.0,3146.8,3,3,3146.7,18,3,3146.2,5,1,3146.1,3,1,3146.0,13,1,3147.0,455,5,3147.2,32,1,3147.4,107,1,3147.5,1100,8,3147.6,20,1
2031,2026-06-16 14:38:20+05:30,3147.0,1,3134.31,2886194,124296.0,198889.0,3163.0,3163.0,3108.0,3134.3,31859600,3447.7,2820.9,3839.9,2896.0,3146.8,3,3,3146.7,18,3,3146.2,5,1,3146.1,3,1,3146.0,13,1,3147.0,455,5,3147.2,32,1,3147.4,107,1,3147.5,100,3,3147.6,1020,6
2031,2026-06-16 14:38:20+05:30,3146.7,10,3134.31,2886194,124296.0,198889.0,3163.0,3163.0,3108.0,3134.3,31859600,3447.7,2820.9,3839.9,2896.0,3146.8,3,3,3146.7,18,3,3146.2,5,1,3146.1,3,1,3146.0,13,1,3147.0,455,5,3147.2,32,1,3147.4,107,1,3147.5,100,3,3147.6,1020,6
2031,2026-06-16 14:38:21+05:30,3147.0,1,3134.31,2886403,124060.0,198781.0,3163.0,3163.0,3108.0,3134.3,31859600,3447.7,2820.9,3839.9,2896.0,3146.7,8,3,3146.1,3,1,3146.0,59,2,3145.9,36,2,3145.8,97,3,3147.0,287,5,3147.1,51,2,3147.2,32,1,3147.3,43,2,3147.4,138,2
2031,2026-06-16 14:38:21+05:30,3147.0,7,3134.31,2886403,124060.0,198781.0,3163.0,3163.0,3108.0,3134.3,31859600,3447.7,2820.9,3839.9,2896.0,3146.7,8,3,3146.1,3,1,3146.0,59,2,3145.9,36,2,3145.8,97,3,3147.0,287,5,3147.1,51,2,3147.2,32,1,3147.3,43,2,3147.4,138,2
2031,2026-06-16 14:38:22+05:30,3147.0,7,3134.31,2886410,124310.0,198703.0,3163.0,3163.0,3108.0,3134.3,31859600,3447.7,2820.9,3839.9,2896.0,3146.7,48,3,3146.1,3,1,3146.0,59,2,3145.9,40,3,3145.8,97,3,3147.0,280,5,3147.2,32,1,3147.3,43,2,3147.4,107,1,3147.5,30,1
2031,2026-06-16 14:38:22+05:30,3147.0,100,3134.31,2886410,124310.0,198703.0,3163.0,3163.0,3108.0,3134.3,31859600,3447.7,2820.9,3839.9,2896.0,3146.7,48,3,3146.1,3,1,3146.0,59,2,3145.9,40,3,3145.8,97,3,3147.0,280,5,3147.2,32,1,3147.3,43,2,3147.4,107,1,3147.5,30,1
2031,2026-06-16 14:38:23+05:30,3147.0,100,3134.31,2886510,124300.0,198731.0,3163.0,3163.0,3108.0,3134.3,31859600,3447.7,2820.9,3839.9,2896.0,3146.7,48,3,3146.1,3,1,3146.0,59,2,3145.9,36,2,3145.8,112,4,3147.0,180,5,3147.2,32,1,3147.4,107,1,3147.5,30,1,3147.6,1054,7
2031,2026-06-16 14:38:24+05:30,3147.0,100,3134.31,2886510,124334.0,198668.0,3163.0,3163.0,3108.0,3134.3,31859600,3447.7,2820.9,3839.9,2896.0,3146.7,48,3,3146.1,3,1,3146.0,59,2,3145.9,248,5,3145.8,97,3,3147.0,180,5,3147.2,32,1,3147.4,107,1,3147.5,30,1,3147.6,1023,6
2031,2026-06-16 14:38:24+05:30,3146.0,9,3134.31,2886510,124334.0,198668.0,3163.0,3163.0,3108.0,3134.3,31859600,3447.7,2820.9,3839.9,2896.0,3146.7,48,3,3146.1,3,1,3146.0,59,2,3145.9,248,5,3145.8,97,3,3147.0,180,5,3147.2,32,1,3147.4,107,1,3147.5,30,1,3147.6,1023,6
2031,2026-06-16 14:38:25+05:30,3147.0,1,3134.31,2886783,124223.0,198852.0,3163.0,3163.0,3108.0,3134.3,31859600,3447.7,2820.9,3839.9,2896.0,3146.0,29,4,3145.9,198,5,3145.8,129,7,3145.7,11,2,3145.6,57,4,3147.0,171,6,3147.2,32,1,3147.4,153,4,3147.5,161,4,3147.6,1044,7
2031,2026-06-16 14:38:25+05:30,3147.0,1,3134.31,2886783,124223.0,198852.0,3163.0,3163.0,3108.0,3134.3,31859600,3447.7,2820.9,3839.9,2896.0,3146.0,29,4,3145.9,198,5,3145.8,129,7,3145.7,11,2,3145.6,57,4,3147.0,171,6,3147.2,32,1,3147.4,153,4,3147.5,161,4,3147.6,1044,7
2031,2026-06-16 14:38:26+05:30,3146.5,1,3134.31,2886787,124288.0,198580.0,3163.0,3163.0,3108.0,3134.3,31859600,3447.7,2820.9,3839.9,2896.0,3146.2,9,1,3146.1,57,7,3146.0,51,6,3145.9,203,4,3145.8,306,8,3146.5,1,1,3147.0,169,6,3147.2,32,1,3147.4,195,4,3147.5,1111,7
2031,2026-06-16 14:38:26+05:30,3146.5,1,3134.31,2886787,124288.0,198580.0,3163.0,3163.0,3108.0,3134.3,31859600,3447.7,2820.9,3839.9,2896.0,3146.2,9,1,3146.1,57,7,3146.0,51,6,3145.9,203,4,3145.8,306,8,3146.5,1,1,3147.0,169,6,3147.2,32,1,3147.4,195,4,3147.5,1111,7
2031,2026-06-16 14:38:27+05:30,3146.5,1,3134.31,2886815,124654.0,198438.0,3163.0,3163.0,3108.0,3134.3,31859600,3447.7,2820.9,3839.9,2896.0,3146.5,11,1,3146.4,61,7,3146.3,45,5,3146.2,58,6,3146.1,174,4,3147.0,142,5,3147.2,32,1,3147.4,172,2,3147.5,65,1,3147.6,1021,6
2031,2026-06-16 14:38:27+05:30,3146.4,2,3134.31,2886815,124654.0,198438.0,3163.0,3163.0,3108.0,3134.3,31859600,3447.7,2820.9,3839.9,2896.0,3146.5,11,1,3146.4,61,7,3146.3,45,5,3146.2,58,6,3146.1,174,4,3147.0,142,5,3147.2,32,1,3147.4,172,2,3147.5,65,1,3147.6,1021,6
2031,2026-06-16 14:38:28+05:30,3146.4,10,3134.31,2887331,124622.0,198702.0,3163.0,3163.0,3108.0,3134.3,31859600,3447.7,2820.9,3839.9,2896.0,3146.4,26,4,3146.3,35,3,3146.2,50,3,3146.1,32,2,3146.0,90,4,3147.0,148,6,3147.2,32,1,3147.4,128,2,3147.6,1021,6,3147.7,47,2
2031,2026-06-16 14:38:28+05:30,3146.4,10,3134.31,2887331,124622.0,198702.0,3163.0,3163.0,3108.0,3134.3,31859600,3447.7,2820.9,3839.9,2896.0,3146.4,26,4,3146.3,35,3,3146.2,50,3,3146.1,32,2,3146.0,90,4,3147.0,148,6,3147.2,32,1,3147.4,128,2,3147.6,1021,6,3147.7,47,2
2031,2026-06-16 14:38:29+05:30,3147.0,82,3134.31,2887413,124496.0,198602.0,3163.0,3163.0,3108.0,3134.3,31859600,3447.7,2820.9,3839.9,2896.0,3146.4,33,6,3146.3,59,4,3146.2,50,3,3146.1,32,2,3146.0,95,4,3147.0,66,6,3147.2,32,1,3147.4,107,1,3147.6,1021,6,3147.7,46,1
2031,2026-06-16 14:38:29+05:30,3147.0,82,3134.31,2887413,124496.0,198602.0,3163.0,3163.0,3108.0,3134.3,31859600,3447.7,2820.9,3839.9,2896.0,3146.4,33,6,3146.3,59,4,3146.2,50,3,3146.1,32,2,3146.0,95,4,3147.0,66,6,3147.2,32,1,3147.4,107,1,3147.6,1021,6,3147.7,46,1
2031,2026-06-16 14:38:30+05:30,3146.4,4,3134.31,2887469,124377.0,198656.0,3163.0,3163.0,3108.0,3134.3,31859600,3447.7,2820.9,3839.9,2896.0,3146.4,12,6,3146.3,18,2,3146.2,31,3,3146.1,39,3,3146.0,114,6,3147.0,55,6,3147.2,32,1,3147.4,107,1,3147.6,1021,6,3147.7,47,2
2031,2026-06-16 14:38:30+05:30,3147.0,8,3134.31,2887469,124377.0,198656.0,3163.0,3163.0,3108.0,3134.3,31859600,3447.7,2820.9,3839.9,2896.0,3146.4,12,6,3146.3,18,2,3146.2,31,3,3146.1,39,3,3146.0,114,6,3147.0,55,6,3147.2,32,1,3147.4,107,1,3147.6,1021,6,3147.7,47,2
2031,2026-06-16 14:38:31+05:30,3147.0,8,3134.31,2887477,124377.0,198657.0,3163.0,3163.0,3108.0,3134.3,31859600,3447.7,2820.9,3839.9,2896.0,3146.7,7,5,3146.4,69,8,3146.3,27,3,3146.2,31,3,3146.1,24,2,3147.0,47,6,3147.2,32,1,3147.4,107,1,3147.6,1021,6,3147.7,46,1
2031,2026-06-16 14:38:31+05:30,3147.0,1,3134.31,2887477,124377.0,198657.0,3163.0,3163.0,3108.0,3134.3,31859600,3447.7,2820.9,3839.9,2896.0,3146.7,7,5,3146.4,69,8,3146.3,27,3,3146.2,31,3,3146.1,24,2,3147.0,47,6,3147.2,32,1,3147.4,107,1,3147.6,1021,6,3147.7,46,1
2031,2026-06-16 14:38:32+05:30,3147.0,1,3134.31,2887507,124368.0,198650.0,3163.0,3163.0,3108.0,3134.3,31859600,3447.7,2820.9,3839.9,2896.0,3146.7,36,1,3146.4,70,10,3146.3,18,2,3146.2,61,4,3146.1,24,2,3147.0,34,6,3147.2,32,1,3147.4,107,1,3147.6,1021,6,3147.7,46,1
2031,2026-06-16 14:38:32+05:30,3147.0,1,3134.31,2887507,124368.0,198650.0,3163.0,3163.0,3108.0,3134.3,31859600,3447.7,2820.9,3839.9,2896.0,3146.7,36,1,3146.4,70,10,3146.3,18,2,3146.2,61,4,3146.1,24,2,3147.0,34,6,3147.2,32,1,3147.4,107,1,3147.6,1021,6,3147.7,46,1
2031,2026-06-16 14:38:33+05:30,3147.0,1,3134.31,2887511,124366.0,198545.0,3163.0,3163.0,3108.0,3134.3,31859600,3447.7,2820.9,3839.9,2896.0,3146.7,36,1,3146.4,68,8,3146.3,18,2,3146.2,61,4,3146.1,24,2,3147.0,30,6,3147.2,32,1,3147.4,107,1,3147.6,1021,6,3147.7,46,1
2031,2026-06-16 14:38:33+05:30,3146.7,4,3134.31,2887511,124366.0,198545.0,3163.0,3163.0,3108.0,3134.3,31859600,3447.7,2820.9,3839.9,2896.0,3146.7,36,1,3146.4,68,8,3146.3,18,2,3146.2,61,4,3146.1,24,2,3147.0,30,6,3147.2,32,1,3147.4,107,1,3147.6,1021,6,3147.7,46,1
2031,2026-06-16 14:38:34+05:30,3147.0,1,3134.31,2887528,124548.0,198190.0,3163.0,3163.0,3108.0,3134.3,31859600,3447.7,2820.9,3839.9,2896.0,3146.7,61,6,3146.6,14,3,3146.5,6,1,3146.4,52,7,3146.3,9,1,3147.0,53,7,3147.2,32,1,3147.4,107,1,3147.6,1021,6,3147.7,46,1
2031,2026-06-16 14:38:34+05:30,3147.0,1,3134.31,2887528,124548.0,198190.0,3163.0,3163.0,3108.0,3134.3,31859600,3447.7,2820.9,3839.9,2896.0,3146.7,61,6,3146.6,14,3,3146.5,6,1,3146.4,52,7,3146.3,9,1,3147.0,53,7,3147.2,32,1,3147.4,107,1,3147.6,1021,6,3147.7,46,1
2031,2026-06-16 14:38:35+05:30,3147.0,1,3134.31,2887528,124548.0,198190.0,3163.0,3163.0,3108.0,3134.3,31859600,3447.7,2820.9,3839.9,2896.0,3146.7,61,6,3146.6,14,3,3146.5,6,1,3146.4,52,7,3146.3,9,1,3147.0,53,7,3147.2,32,1,3147.4,107,1,3147.6,1021,6,3147.7,46,1
2031,2026-06-16 14:38:35+05:30,3147.0,1,3134.31,2887529,124634.0,198217.0,3163.0,3163.0,3108.0,3134.3,31859600,3447.7,2820.9,3839.9,2896.0,3146.7,57,5,3146.6,23,3,3146.5,6,1,3146.4,72,8,3146.3,9,1,3147.0,77,8,3147.2,32,1,3147.4,107,1,3147.6,1021,6,3147.7,46,1
2031,2026-06-16 14:38:35+05:30,3147.0,16,3134.31,2887529,124634.0,198217.0,3163.0,3163.0,3108.0,3134.3,31859600,3447.7,2820.9,3839.9,2896.0,3146.7,57,5,3146.6,23,3,3146.5,6,1,3146.4,72,8,3146.3,9,1,3147.0,77,8,3147.2,32,1,3147.4,107,1,3147.6,1021,6,3147.7,46,1
2031,2026-06-16 14:38:36+05:30,3147.2,14,3134.32,2887636,124699.0,197497.0,3163.0,3163.0,3108.0,3134.3,31859600,3447.7,2820.9,3839.9,2896.0,3146.7,57,5,3146.5,19,2,3146.4,69,7,3146.3,18,2,3146.2,31,3,3147.2,18,1,3147.4,107,1,3147.6,1000,5,3147.8,274,5,3147.9,400,2
2031,2026-06-16 14:38:36+05:30,3146.7,10,3134.32,2887636,124699.0,197497.0,3163.0,3163.0,3108.0,3134.3,31859600,3447.7,2820.9,3839.9,2896.0,3146.7,57,5,3146.5,19,2,3146.4,69,7,3146.3,18,2,3146.2,31,3,3147.2,18,1,3147.4,107,1,3147.6,1000,5,3147.8,274,5,3147.9,400,2
2031,2026-06-16 14:38:37+05:30,3146.7,10,3134.32,2887636,124699.0,197497.0,3163.0,3163.0,3108.0,3134.3,31859600,3447.7,2820.9,3839.9,2896.0,3146.7,57,5,3146.5,19,2,3146.4,69,7,3146.3,18,2,3146.2,31,3,3147.2,18,1,3147.4,107,1,3147.6,1000,5,3147.8,274,5,3147.9,400,2
2031,2026-06-16 14:38:37+05:30,3147.2,1,3134.32,2887652,124977.0,197498.0,3163.0,3163.0,3108.0,3134.3,31859600,3447.7,2820.9,3839.9,2896.0,3146.9,5,1,3146.7,42,3,3146.5,6,1,3146.4,69,7,3146.3,18,2,3147.2,12,1,3147.4,107,1,3147.6,1000,5,3147.8,274,5,3147.9,400,2
2031,2026-06-16 14:38:37+05:30,3147.2,1,3134.32,2887652,124977.0,197498.0,3163.0,3163.0,3108.0,3134.3,31859600,3447.7,2820.9,3839.9,2896.0,3146.9,5,1,3146.7,42,3,3146.5,6,1,3146.4,69,7,3146.3,18,2,3147.2,12,1,3147.4,107,1,3147.6,1000,5,3147.8,274,5,3147.9,400,2
2031,2026-06-16 14:38:38+05:30,3147.2,1,3134.32,2887653,124986.0,196909.0,3163.0,3163.0,3108.0,3134.3,31859600,3447.7,2820.9,3839.9,2896.0,3147.0,15,1,3146.9,59,4,3146.8,25,2,3146.7,22,1,3146.6,35,3,3147.2,11,1,3147.4,107,1,3147.6,1000,5,3147.8,267,3,3147.9,400,2
2031,2026-06-16 14:38:38+05:30,3147.2,1,3134.32,2887653,124986.0,196909.0,3163.0,3163.0,3108.0,3134.3,31859600,3447.7,2820.9,3839.9,2896.0,3147.0,15,1,3146.9,59,4,3146.8,25,2,3146.7,22,1,3146.6,35,3,3147.2,11,1,3147.4,107,1,3147.6,1000,5,3147.8,267,3,3147.9,400,2
2031,2026-06-16 14:38:39+05:30,3147.2,1,3134.32,2887653,124986.0,196909.0,3163.0,3163.0,3108.0,3134.3,31859600,3447.7,2820.9,3839.9,2896.0,3147.0,15,1,3146.9,59,4,3146.8,25,2,3146.7,22,1,3146.6,35,3,3147.2,11,1,3147.4,107,1,3147.6,1000,5,3147.8,267,3,3147.9,400,2
2031,2026-06-16 14:38:39+05:30,3147.0,2,3134.32,2887854,124011.0,197167.0,3163.0,3163.0,3108.0,3134.3,31859600,3447.7,2820.9,3839.9,2896.0,3147.0,14,2,3146.9,45,2,3146.7,39,2,3146.6,2,1,3146.4,43,3,3147.2,23,2,3147.4,107,1,3147.6,1046,6,3147.8,307,4,3147.9,435,5
2031,2026-06-16 14:38:39+05:30,3147.2,7,3134.32,2887854,124011.0,197167.0,3163.0,3163.0,3108.0,3134.3,31859600,3447.7,2820.9,3839.9,2896.0,3147.0,14,2,3146.9,45,2,3146.7,39,2,3146.6,2,1,3146.4,43,3,3147.2,23,2,3147.4,107,1,3147.6,1046,6,3147.8,307,4,3147.9,435,5
2031,2026-06-16 14:38:40+05:30,3147.2,8,3134.32,2887897,124413.0,197258.0,3163.0,3163.0,3108.0,3134.3,31859600,3447.7,2820.9,3839.9,2896.0,3147.0,70,4,3146.9,45,2,3146.7,22,1,3146.6,2,1,3146.5,15,1,3147.2,44,3,3147.4,107,1,3147.6,1063,7,3147.8,267,3,3147.9,403,3
2031,2026-06-16 14:38:40+05:30,3147.2,6,3134.32,2887897,124413.0,197258.0,3163.0,3163.0,3108.0,3134.3,31859600,3447.7,2820.9,3839.9,2896.0,3147.0,70,4,3146.9,45,2,3146.7,22,1,3146.6,2,1,3146.5,15,1,3147.2,44,3,3147.4,107,1,3147.6,1063,7,3147.8,267,3,3147.9,403,3
2031,2026-06-16 14:38:41+05:30,3147.2,6,3134.32,2887897,124413.0,197258.0,3163.0,3163.0,3108.0,3134.3,31859600,3447.7,2820.9,3839.9,2896.0,3147.0,70,4,3146.9,45,2,3146.7,22,1,3146.6,2,1,3146.5,15,1,3147.2,44,3,3147.4,107,1,3147.6,1063,7,3147.8,267,3,3147.9,403,3
2031,2026-06-16 14:38:41+05:30,3147.2,6,3134.32,2887903,124469.0,197246.0,3163.0,3163.0,3108.0,3134.3,31859600,3447.7,2820.9,3839.9,2896.0,3147.0,71,5,3146.9,45,2,3146.8,15,1,3146.7,22,1,3146.6,40,4,3147.2,38,3,3147.4,107,1,3147.6,1017,6,3147.8,221,2,3147.9,403,3
2031,2026-06-16 14:38:42+05:30,3147.2,1,3134.32,2887905,124494.0,197290.0,3163.0,3163.0,3108.0,3134.3,31859600,3447.7,2820.9,3839.9,2896.0,3147.0,75,6,3146.9,62,4,3146.8,20,2,3146.7,28,2,3146.6,40,4,3147.2,36,3,3147.4,107,1,3147.6,1017,6,3147.8,221,2,3147.9,403,3
2031,2026-06-16 14:38:42+05:30,3147.2,1,3134.32,2887905,124494.0,197290.0,3163.0,3163.0,3108.0,3134.3,31859600,3447.7,2820.9,3839.9,2896.0,3147.0,75,6,3146.9,62,4,3146.8,20,2,3146.7,28,2,3146.6,40,4,3147.2,36,3,3147.4,107,1,3147.6,1017,6,3147.8,221,2,3147.9,403,3
2031,2026-06-16 14:38:43+05:30,3147.2,18,3134.32,2887905,124494.0,197290.0,3163.0,3163.0,3108.0,3134.3,31859600,3447.7,2820.9,3839.9,2896.0,3147.0,75,6,3146.9,62,4,3146.8,20,2,3146.7,28,2,3146.6,40,4,3147.2,36,3,3147.4,107,1,3147.6,1017,6,3147.8,221,2,3147.9,403,3
2031,2026-06-16 14:38:43+05:30,3147.2,18,3134.32,2888075,124686.0,197192.0,3163.0,3163.0,3108.0,3134.3,31859600,3447.7,2820.9,3839.9,2896.0,3147.0,46,3,3146.9,45,2,3146.8,15,1,3146.7,45,3,3146.6,33,4,3147.2,44,3,3147.4,107,1,3147.6,1017,6,3147.8,221,2,3147.9,403,3
2031,2026-06-16 14:38:43+05:30,3147.2,18,3134.32,2888075,124686.0,197192.0,3163.0,3163.0,3108.0,3134.3,31859600,3447.7,2820.9,3839.9,2896.0,3147.0,46,3,3146.9,45,2,3146.8,15,1,3146.7,45,3,3146.6,33,4,3147.2,44,3,3147.4,107,1,3147.6,1017,6,3147.8,221,2,3147.9,403,3
2031,2026-06-16 14:38:44+05:30,3147.2,6,3134.32,2888075,124686.0,197192.0,3163.0,3163.0,3108.0,3134.3,31859600,3447.7,2820.9,3839.9,2896.0,3147.0,46,3,3146.9,45,2,3146.8,15,1,3146.7,45,3,3146.6,33,4,3147.2,44,3,3147.4,107,1,3147.6,1017,6,3147.8,221,2,3147.9,403,3
2031,2026-06-16 14:38:44+05:30,3147.2,6,3134.32,2888100,124673.0,197202.0,3163.0,3163.0,3108.0,3134.3,31859600,3447.7,2820.9,3839.9,2896.0,3147.0,59,4,3146.9,45,2,3146.8,15,1,3146.7,28,2,3146.6,33,4,3147.2,51,2,3147.4,107,1,3147.6,1017,6,3147.8,221,2,3147.9,403,3
2031,2026-06-16 14:38:45+05:30,3147.2,6,3134.32,2888100,124673.0,197202.0,3163.0,3163.0,3108.0,3134.3,31859600,3447.7,2820.9,3839.9,2896.0,3147.0,59,4,3146.9,45,2,3146.8,15,1,3146.7,28,2,3146.6,33,4,3147.2,51,2,3147.4,107,1,3147.6,1017,6,3147.8,221,2,3147.9,403,3
2031,2026-06-16 14:38:45+05:30,3147.2,40,3134.32,2888100,124673.0,197202.0,3163.0,3163.0,3108.0,3134.3,31859600,3447.7,2820.9,3839.9,2896.0,3147.0,59,4,3146.9,45,2,3146.8,15,1,3146.7,28,2,3146.6,33,4,3147.2,51,2,3147.4,107,1,3147.6,1017,6,3147.8,221,2,3147.9,403,3
2031,2026-06-16 14:38:45+05:30,3147.2,40,3134.32,2888159,124623.0,196975.0,3163.0,3163.0,3108.0,3134.3,31859600,3447.7,2820.9,3839.9,2896.0,3147.1,5,4,3147.0,108,5,3146.9,45,2,3146.8,45,4,3146.7,43,3,3147.3,32,1,3147.4,107,1,3147.6,1017,6,3147.8,200,1,3147.9,400,2
2031,2026-06-16 14:38:46+05:30,3147.0,6,3134.32,2888159,124623.0,196975.0,3163.0,3163.0,3108.0,3134.3,31859600,3447.7,2820.9,3839.9,2896.0,3147.1,5,4,3147.0,108,5,3146.9,45,2,3146.8,45,4,3146.7,43,3,3147.3,32,1,3147.4,107,1,3147.6,1017,6,3147.8,200,1,3147.9,400,2
2031,2026-06-16 14:38:46+05:30,3147.3,7,3134.32,2888237,124817.0,197064.0,3163.0,3163.0,3108.0,3134.3,31859600,3447.7,2820.9,3839.9,2896.0,3147.0,64,5,3146.9,45,2,3146.8,15,1,3146.7,22,1,3146.6,33,4,3147.3,43,2,3147.4,107,1,3147.6,1017,6,3147.8,246,2,3147.9,400,2
2031,2026-06-16 14:38:47+05:30,3147.3,7,3134.32,2888237,124817.0,197064.0,3163.0,3163.0,3108.0,3134.3,31859600,3447.7,2820.9,3839.9,2896.0,3147.0,64,5,3146.9,45,2,3146.8,15,1,3146.7,22,1,3146.6,33,4,3147.3,43,2,3147.4,107,1,3147.6,1017,6,3147.8,246,2,3147.9,400,2
2031,2026-06-16 14:38:47+05:30,3147.3,1,3134.32,2888237,124817.0,197064.0,3163.0,3163.0,3108.0,3134.3,31859600,3447.7,2820.9,3839.9,2896.0,3147.0,64,5,3146.9,45,2,3146.8,15,1,3146.7,22,1,3146.6,33,4,3147.3,43,2,3147.4,107,1,3147.6,1017,6,3147.8,246,2,3147.9,400,2
2031,2026-06-16 14:38:48+05:30,3147.3,1,3134.32,2888242,125487.0,196840.0,3163.0,3163.0,3108.0,3134.3,31859600,3447.7,2820.9,3839.9,2896.0,3147.2,23,4,3147.0,126,6,3146.9,45,2,3146.8,36,3,3146.7,41,2,3147.3,38,2,3147.4,107,1,3147.6,1017,6,3147.8,246,2,3147.9,400,2
2031,2026-06-16 14:38:48+05:30,3147.3,1,3134.32,2888242,125487.0,196840.0,3163.0,3163.0,3108.0,3134.3,31859600,3447.7,2820.9,3839.9,2896.0,3147.2,23,4,3147.0,126,6,3146.9,45,2,3146.8,36,3,3146.7,41,2,3147.3,38,2,3147.4,107,1,3147.6,1017,6,3147.8,246,2,3147.9,400,2
2031,2026-06-16 14:38:48+05:30,3146.7,22,3134.32,2888242,125487.0,196840.0,3163.0,3163.0,3108.0,3134.3,31859600,3447.7,2820.9,3839.9,2896.0,3147.2,23,4,3147.0,126,6,3146.9,45,2,3146.8,36,3,3146.7,41,2,3147.3,38,2,3147.4,107,1,3147.6,1017,6,3147.8,246,2,3147.9,400,2
2031,2026-06-16 14:38:49+05:30,3147.3,40,3134.32,2888656,124325.0,196815.0,3163.0,3163.0,3108.0,3134.3,31859600,3447.7,2820.9,3839.9,2896.0,3147.3,6,1,3146.4,79,5,3146.3,44,3,3146.2,82,3,3146.1,97,4,3147.4,32,1,3147.6,17,1,3147.8,49,2,3147.9,60,1,3148.0,1203,6
2031,2026-06-16 14:38:49+05:30,3147.3,40,3134.32,2888656,124325.0,196815.0,3163.0,3163.0,3108.0,3134.3,31859600,3447.7,2820.9,3839.9,2896.0,3147.3,6,1,3146.4,79,5,3146.3,44,3,3146.2,82,3,3146.1,97,4,3147.4,32,1,3147.6,17,1,3147.8,49,2,3147.9,60,1,3148.0,1203,6
2031,2026-06-16 14:38:49+05:30,3147.4,16,3134.32,2888656,124325.0,196815.0,3163.0,3163.0,3108.0,3134.3,31859600,3447.7,2820.9,3839.9,2896.0,3147.3,6,1,3146.4,79,5,3146.3,44,3,3146.2,82,3,3146.1,97,4,3147.4,32,1,3147.6,17,1,3147.8,49,2,3147.9,60,1,3148.0,1203,6
2031,2026-06-16 14:38:50+05:30,3147.4,16,3134.32,2888656,124325.0,196815.0,3163.0,3163.0,3108.0,3134.3,31859600,3447.7,2820.9,3839.9,2896.0,3147.3,6,1,3146.4,79,5,3146.3,44,3,3146.2,82,3,3146.1,97,4,3147.4,32,1,3147.6,17,1,3147.8,49,2,3147.9,60,1,3148.0,1203,6
2031,2026-06-16 14:38:50+05:30,3147.4,16,3134.32,2888672,124572.0,196982.0,3163.0,3163.0,3108.0,3134.3,31859600,3447.7,2820.9,3839.9,2896.0,3146.5,6,3,3146.4,71,7,3146.3,79,5,3146.2,143,5,3146.1,33,2,3147.3,1,1,3147.4,16,1,3147.6,17,1,3147.8,3,1,3147.9,60,1
2031,2026-06-16 14:38:50+05:30,3147.3,2,3134.32,2888672,124572.0,196982.0,3163.0,3163.0,3108.0,3134.3,31859600,3447.7,2820.9,3839.9,2896.0,3146.5,6,3,3146.4,71,7,3146.3,79,5,3146.2,143,5,3146.1,33,2,3147.3,1,1,3147.4,16,1,3147.6,17,1,3147.8,3,1,3147.9,60,1
2031,2026-06-16 14:38:51+05:30,3147.3,2,3134.32,2888672,124572.0,196982.0,3163.0,3163.0,3108.0,3134.3,31859600,3447.7,2820.9,3839.9,2896.0,3146.5,6,3,3146.4,71,7,3146.3,79,5,3146.2,143,5,3146.1,33,2,3147.3,1,1,3147.4,16,1,3147.6,17,1,3147.8,3,1,3147.9,60,1
2031,2026-06-16 14:38:51+05:30,3147.3,1,3134.32,2888675,124647.0,197004.0,3163.0,3163.0,3108.0,3134.3,31859600,3447.7,2820.9,3839.9,2896.0,3146.5,6,3,3146.4,45,5,3146.3,79,5,3146.2,128,4,3146.1,96,3,3147.3,2,2,3147.4,16,1,3147.6,17,1,3147.8,3,1,3147.9,237,2
2031,2026-06-16 14:38:51+05:30,3147.3,1,3134.32,2888675,124647.0,197004.0,3163.0,3163.0,3108.0,3134.3,31859600,3447.7,2820.9,3839.9,2896.0,3146.5,6,3,3146.4,45,5,3146.3,79,5,3146.2,128,4,3146.1,96,3,3147.3,2,2,3147.4,16,1,3147.6,17,1,3147.8,3,1,3147.9,237,2
2031,2026-06-16 14:38:51+05:30,3147.3,1,3134.32,2888675,124647.0,197004.0,3163.0,3163.0,3108.0,3134.3,31859600,3447.7,2820.9,3839.9,2896.0,3146.5,6,3,3146.4,45,5,3146.3,79,5,3146.2,128,4,3146.1,96,3,3147.3,2,2,3147.4,16,1,3147.6,17,1,3147.8,3,1,3147.9,237,2
2031,2026-06-16 14:38:52+05:30,3146.1,115,3134.32,2889409,124755.0,197113.0,3163.0,3163.0,3108.0,3134.3,31859600,3447.7,2820.9,3839.9,2896.0,3146.5,29,4,3146.3,67,5,3146.2,68,3,3146.1,17,1,3146.0,115,6,3147.4,11,1,3147.6,17,1,3147.8,4,2,3147.9,123,2,3148.0,1223,7
2031,2026-06-16 14:38:52+05:30,3146.1,115,3134.32,2889409,124755.0,197113.0,3163.0,3163.0,3108.0,3134.3,31859600,3447.7,2820.9,3839.9,2896.0,3146.5,29,4,3146.3,67,5,3146.2,68,3,3146.1,17,1,3146.0,115,6,3147.4,11,1,3147.6,17,1,3147.8,4,2,3147.9,123,2,3148.0,1223,7
2031,2026-06-16 14:38:52+05:30,3147.4,110,3134.32,2889409,124755.0,197113.0,3163.0,3163.0,3108.0,3134.3,31859600,3447.7,2820.9,3839.9,2896.0,3146.5,29,4,3146.3,67,5,3146.2,68,3,3146.1,17,1,3146.0,115,6,3147.4,11,1,3147.6,17,1,3147.8,4,2,3147.9,123,2,3148.0,1223,7
2031,2026-06-16 14:38:53+05:30,3147.4,17,3134.32,2889537,124669.0,197253.0,3163.0,3163.0,3108.0,3134.3,31859600,3447.7,2820.9,3839.9,2896.0,3146.5,26,3,3146.4,18,2,3146.3,54,4,3146.2,79,3,3146.1,17,1,3147.4,14,1,3147.6,17,1,3147.8,24,3,3147.9,230,2,3148.0,1223,7
2031,2026-06-16 14:38:53+05:30,3147.4,17,3134.32,2889537,124669.0,197253.0,3163.0,3163.0,3108.0,3134.3,31859600,3447.7,2820.9,3839.9,2896.0,3146.5,26,3,3146.4,18,2,3146.3,54,4,3146.2,79,3,3146.1,17,1,3147.4,14,1,3147.6,17,1,3147.8,24,3,3147.9,230,2,3148.0,1223,7
2031,2026-06-16 14:38:53+05:30,3147.4,17,3134.32,2889537,124669.0,197253.0,3163.0,3163.0,3108.0,3134.3,31859600,3447.7,2820.9,3839.9,2896.0,3146.5,26,3,3146.4,18,2,3146.3,54,4,3146.2,79,3,3146.1,17,1,3147.4,14,1,3147.6,17,1,3147.8,24,3,3147.9,230,2,3148.0,1223,7
2031,2026-06-16 14:38:54+05:30,3147.4,17,3134.32,2889537,124669.0,197253.0,3163.0,3163.0,3108.0,3134.3,31859600,3447.7,2820.9,3839.9,2896.0,3146.5,26,3,3146.4,18,2,3146.3,54,4,3146.2,79,3,3146.1,17,1,3147.4,14,1,3147.6,17,1,3147.8,24,3,3147.9,230,2,3148.0,1223,7
2031,2026-06-16 14:38:54+05:30,3147.4,2,3134.32,2889539,124665.0,197262.0,3163.0,3163.0,3108.0,3134.3,31859600,3447.7,2820.9,3839.9,2896.0,3146.5,22,2,3146.4,18,2,3146.3,54,4,3146.2,79,3,3146.1,17,1,3147.4,21,2,3147.6,17,1,3147.8,24,3,3147.9,230,2,3148.0,1223,7
2031,2026-06-16 14:38:54+05:30,3147.4,1,3134.32,2889539,124665.0,197262.0,3163.0,3163.0,3108.0,3134.3,31859600,3447.7,2820.9,3839.9,2896.0,3146.5,22,2,3146.4,18,2,3146.3,54,4,3146.2,79,3,3146.1,17,1,3147.4,21,2,3147.6,17,1,3147.8,24,3,3147.9,230,2,3148.0,1223,7
2031,2026-06-16 14:38:55+05:30,3147.4,5,3134.32,2889545,124625.0,197377.0,3163.0,3163.0,3108.0,3134.3,31859600,3447.7,2820.9,3839.9,2896.0,3146.5,11,2,3146.4,18,2,3146.3,11,2,3146.2,110,3,3146.1,17,1,3147.4,36,3,3147.6,17,1,3147.8,70,4,3147.9,265,3,3148.0,1223,7
2031,2026-06-16 14:38:55+05:30,3147.4,5,3134.32,2889545,124625.0,197377.0,3163.0,3163.0,3108.0,3134.3,31862800,3447.7,2820.9,3839.9,2896.0,3146.5,11,2,3146.4,18,2,3146.3,11,2,3146.2,110,3,3146.1,17,1,3147.4,36,3,3147.6,17,1,3147.8,70,4,3147.9,265,3,3148.0,1223,7
2031,2026-06-16 14:38:55+05:30,3147.4,1,3134.32,2889545,124625.0,197377.0,3163.0,3163.0,3108.0,3134.3,31862800,3447.7,2820.9,3839.9,2896.0,3146.5,11,2,3146.4,18,2,3146.3,11,2,3146.2,110,3,3146.1,17,1,3147.4,36,3,3147.6,17,1,3147.8,70,4,3147.9,265,3,3148.0,1223,7
2031,2026-06-16 14:38:56+05:30,3147.4,1,3134.32,2889547,124552.0,197487.0,3163.0,3163.0,3108.0,3134.3,31862800,3447.7,2820.9,3839.9,2896.0,3146.5,17,1,3146.3,1,1,3146.2,49,1,3146.0,54,4,3145.9,22,1,3147.4,60,5,3147.5,59,2,3147.6,125,5,3147.7,225,2,3147.8,151,6
2031,2026-06-16 14:38:56+05:30,3147.4,1,3134.32,2889547,124552.0,197487.0,3163.0,3163.0,3108.0,3134.3,31862800,3447.7,2820.9,3839.9,2896.0,3146.5,17,1,3146.3,1,1,3146.2,49,1,3146.0,54,4,3145.9,22,1,3147.4,60,5,3147.5,59,2,3147.6,125,5,3147.7,225,2,3147.8,151,6
2031,2026-06-16 14:38:57+05:30,3146.5,2,3134.32,2889560,124042.0,197827.0,3163.0,3163.0,3108.0,3134.3,31862800,3447.7,2820.9,3839.9,2896.0,3146.5,15,1,3145.9,107,4,3145.8,27,3,3145.7,77,3,3145.6,228,4,3147.3,19,1,3147.4,66,6,3147.5,78,2,3147.6,99,4,3147.7,101,3
2031,2026-06-16 14:38:57+05:30,3147.3,2,3134.32,2889560,124042.0,197827.0,3163.0,3163.0,3108.0,3134.3,31862800,3447.7,2820.9,3839.9,2896.0,3146.5,15,1,3145.9,107,4,3145.8,27,3,3145.7,77,3,3145.6,228,4,3147.3,19,1,3147.4,66,6,3147.5,78,2,3147.6,99,4,3147.7,101,3
2031,2026-06-16 14:38:58+05:30,3147.3,1,3134.32,2889564,124149.0,197853.0,3163.0,3163.0,3108.0,3134.3,31862800,3447.7,2820.9,3839.9,2896.0,3146.5,15,1,3145.9,44,3,3145.8,27,3,3145.7,241,4,3145.6,228,4,3147.3,15,1,3147.4,103,7,3147.5,78,2,3147.6,99,4,3147.7,94,2
2031,2026-06-16 14:38:58+05:30,3147.3,1,3134.32,2889564,124149.0,197853.0,3163.0,3163.0,3108.0,3134.3,31862800,3447.7,2820.9,3839.9,2896.0,3146.5,15,1,3145.9,44,3,3145.8,27,3,3145.7,241,4,3145.6,228,4,3147.3,15,1,3147.4,103,7,3147.5,78,2,3147.6,99,4,3147.7,94,2
2031,2026-06-16 14:38:59+05:30,3147.3,1,3134.32,2889564,124206.0,197861.0,3163.0,3163.0,3108.0,3134.3,31862800,3447.7,2820.9,3839.9,2896.0,3146.5,15,1,3145.9,44,3,3145.8,90,4,3145.7,441,5,3145.6,28,3,3147.3,34,3,3147.4,78,4,3147.5,78,2,3147.6,99,4,3147.7,94,2
2031,2026-06-16 14:39:00+05:30,3147.3,1,3134.32,2889564,124445.0,197694.0,3163.0,3163.0,3108.0,3134.3,31862800,3447.7,2820.9,3839.9,2896.0,3146.7,21,3,3146.5,15,1,3146.1,112,2,3146.0,176,1,3145.9,90,4,3147.3,32,4,3147.4,62,3,3147.5,52,1,3147.6,63,2,3147.7,94,2
2031,2026-06-16 14:39:00+05:30,3147.0,1,3134.32,2889564,124445.0,197694.0,3163.0,3163.0,3108.0,3134.3,31862800,3447.7,2820.9,3839.9,2896.0,3146.7,21,3,3146.5,15,1,3146.1,112,2,3146.0,176,1,3145.9,90,4,3147.3,32,4,3147.4,62,3,3147.5,52,1,3147.6,63,2,3147.7,94,2
2031,2026-06-16 14:39:01+05:30,3147.0,1,3134.32,2889568,124561.0,197691.0,3163.0,3163.0,3108.0,3134.3,31862800,3447.7,2820.9,3839.9,2896.0,3146.7,21,3,3146.5,28,2,3146.4,8,1,3146.2,80,3,3146.1,84,2,3147.3,32,4,3147.4,62,3,3147.6,17,1,3147.7,36,1,3147.8,119,5
2031,2026-06-16 14:39:01+05:30,3147.0,1,3134.32,2889568,124561.0,197691.0,3163.0,3163.0,3108.0,3134.3,31862800,3447.7,2820.9,3839.9,2896.0,3146.7,21,3,3146.5,28,2,3146.4,8,1,3146.2,80,3,3146.1,84,2,3147.3,32,4,3147.4,62,3,3147.6,17,1,3147.7,36,1,3147.8,119,5
2031,2026-06-16 14:39:02+05:30,3146.7,7,3134.32,2889575,124343.0,197812.0,3163.0,3163.0,3108.0,3134.3,31862800,3447.7,2820.9,3839.9,2896.0,3146.7,15,4,3146.5,32,2,3146.2,3,1,3146.1,21,1,3146.0,3,1,3147.3,57,6,3147.4,96,4,3147.5,44,2,3147.6,121,5,3147.7,36,1
2031,2026-06-16 14:39:02+05:30,3146.7,7,3134.32,2889575,124343.0,197812.0,3163.0,3163.0,3108.0,3134.3,31862800,3447.7,2820.9,3839.9,2896.0,3146.7,15,4,3146.5,32,2,3146.2,3,1,3146.1,21,1,3146.0,3,1,3147.3,57,6,3147.4,96,4,3147.5,44,2,3147.6,121,5,3147.7,36,1
2031,2026-06-16 14:39:03+05:30,3147.0,3,3134.32,2889579,123993.0,197570.0,3163.0,3163.0,3108.0,3134.3,31862800,3447.7,2820.9,3839.9,2896.0,3147.0,13,1,3146.7,7,3,3146.5,32,2,3145.9,22,1,3145.8,27,3,3147.3,89,9,3147.4,87,4,3147.5,55,4,3147.6,120,4,3147.7,143,2
2031,2026-06-16 14:39:03+05:30,3147.3,1,3134.32,2889579,123993.0,197570.0,3163.0,3163.0,3108.0,3134.3,31862800,3447.7,2820.9,3839.9,2896.0,3147.0,13,1,3146.7,7,3,3146.5,32,2,3145.9,22,1,3145.8,27,3,3147.3,89,9,3147.4,87,4,3147.5,55,4,3147.6,120,4,3147.7,143,2
2031,2026-06-16 14:39:04+05:30,3147.3,1,3134.32,2889581,124129.0,197915.0,3163.0,3163.0,3108.0,3134.3,31862800,3447.7,2820.9,3839.9,2896.0,3147.0,14,2,3146.7,22,3,3146.5,15,1,3145.9,42,2,3145.8,27,3,3147.3,91,9,3147.4,169,4,3147.5,67,3,3147.6,1061,7,3147.7,36,1
2031,2026-06-16 14:39:04+05:30,3147.3,1,3134.32,2889581,124129.0,197915.0,3163.0,3163.0,3108.0,3134.3,31862800,3447.7,2820.9,3839.9,2896.0,3147.0,14,2,3146.7,22,3,3146.5,15,1,3145.9,42,2,3145.8,27,3,3147.3,91,9,3147.4,169,4,3147.5,67,3,3147.6,1061,7,3147.7,36,1
2031,2026-06-16 14:39:05+05:30,3147.2,15,3134.32,2889637,124604.0,197277.0,3163.0,3163.0,3108.0,3134.3,31862800,3447.7,2820.9,3839.9,2896.0,3147.2,17,2,3147.0,1,1,3146.7,36,4,3146.1,44,2,3146.0,63,1,3147.3,81,9,3147.4,194,5,3147.5,41,1,3147.6,1091,8,3147.7,70,3
2031,2026-06-16 14:39:05+05:30,3147.2,15,3134.32,2889637,124604.0,197277.0,3163.0,3163.0,3108.0,3134.3,31862800,3447.7,2820.9,3839.9,2896.0,3147.2,17,2,3147.0,1,1,3146.7,36,4,3146.1,44,2,3146.0,63,1,3147.3,81,9,3147.4,194,5,3147.5,41,1,3147.6,1091,8,3147.7,70,3
2031,2026-06-16 14:39:06+05:30,3147.2,141,3134.33,2889978,124123.0,197290.0,3163.0,3163.0,3108.0,3134.3,31862800,3447.7,2820.9,3839.9,2896.0,3146.7,55,7,3146.6,17,1,3146.4,20,2,3146.3,15,1,3146.2,15,1,3146.8,17,2,3147.2,32,1,3147.3,47,6,3147.4,165,3,3147.6,1017,6
2031,2026-06-16 14:39:06+05:30,3146.8,8,3134.33,2889978,124123.0,197290.0,3163.0,3163.0,3108.0,3134.3,31862800,3447.7,2820.9,3839.9,2896.0,3146.7,55,7,3146.6,17,1,3146.4,20,2,3146.3,15,1,3146.2,15,1,3146.8,17,2,3147.2,32,1,3147.3,47,6,3147.4,165,3,3147.6,1017,6
2031,2026-06-16 14:39:07+05:30,3147.2,1,3134.33,2890035,124477.0,197394.0,3163.0,3163.0,3108.0,3134.3,31862800,3447.7,2820.9,3839.9,2896.0,3146.7,22,3,3146.6,13,1,3146.4,124,7,3146.3,20,1,3146.2,15,1,3147.2,1,1,3147.3,47,6,3147.4,165,3,3147.6,1017,6,3147.7,44,1
2031,2026-06-16 14:39:07+05:30,3147.2,1,3134.33,2890035,124477.0,197394.0,3163.0,3163.0,3108.0,3134.3,31862800,3447.7,2820.9,3839.9,2896.0,3146.7,22,3,3146.6,13,1,3146.4,124,7,3146.3,20,1,3146.2,15,1,3147.2,1,1,3147.3,47,6,3147.4,165,3,3147.6,1017,6,3147.7,44,1
2031,2026-06-16 14:39:08+05:30,3147.2,5,3134.33,2890040,124764.0,197239.0,3163.0,3163.0,3108.0,3134.3,31862800,3447.7,2820.9,3839.9,2896.0,3146.7,33,6,3146.6,215,6,3146.5,121,4,3146.4,35,3,3146.3,44,1,3147.2,23,1,3147.3,2,2,3147.4,165,3,3147.6,1017,6,3147.8,206,2
2031,2026-06-16 14:39:08+05:30,3147.2,5,3134.33,2890040,124764.0,197239.0,3163.0,3163.0,3108.0,3134.3,31862800,3447.7,2820.9,3839.9,2896.0,3146.7,33,6,3146.6,215,6,3146.5,121,4,3146.4,35,3,3146.3,44,1,3147.2,23,1,3147.3,2,2,3147.4,165,3,3147.6,1017,6,3147.8,206,2
2031,2026-06-16 14:39:09+05:30,3147.2,13,3134.33,2890502,124686.0,197268.0,3163.0,3163.0,3108.0,3134.3,31862800,3447.7,2820.9,3839.9,2896.0,3146.7,34,3,3146.6,21,2,3146.5,58,4,3146.4,18,2,3146.3,12,1,3147.1,70,2,3147.2,76,3,3147.3,1,1,3147.4,128,2,3147.6,1017,6
2031,2026-06-16 14:39:09+05:30,3147.1,12,3134.33,2890502,124686.0,197268.0,3163.0,3163.0,3108.0,3134.3,31862800,3447.7,2820.9,3839.9,2896.0,3146.7,34,3,3146.6,21,2,3146.5,58,4,3146.4,18,2,3146.3,12,1,3147.1,70,2,3147.2,76,3,3147.3,1,1,3147.4,128,2,3147.6,1017,6
2031,2026-06-16 14:39:10+05:30,3147.5,32,3134.33,2891248,126703.0,195440.0,3163.0,3163.0,3108.0,3134.3,31862800,3447.7,2820.9,3839.9,2896.0,3147.3,227,11,3147.2,5,1,3147.1,45,5,3147.0,315,10,3146.9,10,4,3147.5,32,1,3147.6,17,1,3148.0,1121,4,3148.3,1000,5,3148.5,200,1
2031,2026-06-16 14:39:10+05:30,3147.5,32,3134.33,2891248,126703.0,195440.0,3163.0,3163.0,3108.0,3134.3,31862800,3447.7,2820.9,3839.9,2896.0,3147.3,227,11,3147.2,5,1,3147.1,45,5,3147.0,315,10,3146.9,10,4,3147.5,32,1,3147.6,17,1,3148.0,1121,4,3148.3,1000,5,3148.5,200,1
2031,2026-06-16 14:39:11+05:30,3147.9,3,3134.33,2892138,126678.0,195132.0,3163.0,3163.0,3108.0,3134.3,31862800,3447.7,2820.9,3839.9,2896.0,3147.8,89,5,3147.7,8,2,3147.6,19,3,3147.5,16,2,3147.4,22,3,3147.9,75,1,3148.0,938,4,3148.4,32,1,3148.7,1044,6,3148.8,211,2
2031,2026-06-16 14:39:11+05:30,3147.9,3,3134.33,2892138,126678.0,195132.0,3163.0,3163.0,3108.0,3134.3,31862800,3447.7,2820.9,3839.9,2896.0,3147.8,89,5,3147.7,8,2,3147.6,19,3,3147.5,16,2,3147.4,22,3,3147.9,75,1,3148.0,938,4,3148.4,32,1,3148.7,1044,6,3148.8,211,2
2031,2026-06-16 14:39:12+05:30,3147.9,2,3134.34,2892278,126350.0,194895.0,3163.0,3163.0,3108.0,3134.3,31862800,3447.7,2820.9,3839.9,2896.0,3147.8,82,6,3147.7,24,2,3147.6,23,4,3147.5,21,3,3147.4,22,3,3147.9,77,3,3148.0,938,4,3148.4,32,1,3148.7,1000,5,3148.8,211,2
2031,2026-06-16 14:39:12+05:30,3147.9,2,3134.34,2892278,126350.0,194895.0,3163.0,3163.0,3108.0,3134.3,31862800,3447.7,2820.9,3839.9,2896.0,3147.8,82,6,3147.7,24,2,3147.6,23,4,3147.5,21,3,3147.4,22,3,3147.9,77,3,3148.0,938,4,3148.4,32,1,3148.7,1000,5,3148.8,211,2
2031,2026-06-16 14:39:13+05:30,3147.9,4,3134.34,2892287,127773.0,196237.0,3163.0,3163.0,3108.0,3134.3,31862800,3447.7,2820.9,3839.9,2896.0,3147.8,218,9,3147.6,33,5,3147.5,17,3,3147.4,39,4,3147.3,151,5,3147.9,68,3,3148.0,938,4,3148.4,32,1,3148.7,1000,5,3148.8,211,2
2031,2026-06-16 14:39:13+05:30,3147.9,4,3134.34,2892287,127773.0,196237.0,3163.0,3163.0,3108.0,3134.3,31862800,3447.7,2820.9,3839.9,2896.0,3147.8,218,9,3147.6,33,5,3147.5,17,3,3147.4,39,4,3147.3,151,5,3147.9,68,3,3148.0,938,4,3148.4,32,1,3148.7,1000,5,3148.8,211,2
2031,2026-06-16 14:39:14+05:30,3147.9,1,3134.34,2892296,127784.0,196231.0,3163.0,3163.0,3108.0,3134.3,31862800,3447.7,2820.9,3839.9,2896.0,3147.8,231,9,3147.7,16,2,3147.6,32,4,3147.5,17,3,3147.4,36,4,3147.9,59,3,3148.0,938,4,3148.4,32,1,3148.7,1000,5,3148.8,211,2
2031,2026-06-16 14:39:14+05:30,3147.9,1,3134.34,2892296,127784.0,196231.0,3163.0,3163.0,3108.0,3134.3,31862800,3447.7,2820.9,3839.9,2896.0,3147.8,231,9,3147.7,16,2,3147.6,32,4,3147.5,17,3,3147.4,36,4,3147.9,59,3,3148.0,938,4,3148.4,32,1,3148.7,1000,5,3148.8,211,2
2031,2026-06-16 14:39:15+05:30,3149.0,1,3134.34,2893460,129624.0,193662.0,3163.0,3163.0,3108.0,3134.3,31862800,3447.7,2820.9,3839.9,2896.0,3148.9,60,4,3148.7,51,1,3148.1,37,3,3148.0,106,4,3147.9,287,8,3149.0,91,2,3149.2,15,1,3149.5,40,2,3149.7,955,9,3149.8,200,1
2031,2026-06-16 14:39:15+05:30,3149.0,1,3134.34,2893460,129624.0,193662.0,3163.0,3163.0,3108.0,3134.3,31862800,3447.7,2820.9,3839.9,2896.0,3148.9,60,4,3148.7,51,1,3148.1,37,3,3148.0,106,4,3147.9,287,8,3149.0,91,2,3149.2,15,1,3149.5,40,2,3149.7,955,9,3149.8,200,1
2031,2026-06-16 14:39:16+05:30,3149.0,29,3134.34,2893597,129480.0,193845.0,3163.0,3163.0,3108.0,3134.3,31862800,3447.7,2820.9,3839.9,2896.0,3148.9,74,5,3148.8,16,1,3148.2,18,1,3148.1,88,4,3148.0,88,3,3149.0,111,3,3149.2,15,1,3149.3,21,1,3149.5,31,1,3149.7,870,8
2031,2026-06-16 14:39:16+05:30,3149.0,29,3134.34,2893597,129480.0,193845.0,3163.0,3163.0,3108.0,3134.3,31862800,3447.7,2820.9,3839.9,2896.0,3148.9,74,5,3148.8,16,1,3148.2,18,1,3148.1,88,4,3148.0,88,3,3149.0,111,3,3149.2,15,1,3149.3,21,1,3149.5,31,1,3149.7,870,8
2031,2026-06-16 14:39:17+05:30,3149.0,1,3134.34,2893597,129480.0,193845.0,3163.0,3163.0,3108.0,3134.3,31862800,3447.7,2820.9,3839.9,2896.0,3148.9,74,5,3148.8,16,1,3148.2,18,1,3148.1,88,4,3148.0,88,3,3149.0,111,3,3149.2,15,1,3149.3,21,1,3149.5,31,1,3149.7,870,8
2031,2026-06-16 14:39:18+05:30,3149.0,4,3134.34,2893731,129227.0,193315.0,3163.0,3163.0,3108.0,3134.3,31862800,3447.7,2820.9,3839.9,2896.0,3148.9,266,6,3148.2,76,3,3148.1,88,4,3148.0,288,4,3147.9,93,9,3149.0,85,3,3149.2,15,1,3149.3,21,1,3149.5,31,1,3149.7,869,7
2031,2026-06-16 14:39:18+05:30,3149.0,4,3134.34,2893731,129227.0,193315.0,3163.0,3163.0,3108.0,3134.3,31862800,3447.7,2820.9,3839.9,2896.0,3148.9,266,6,3148.2,76,3,3148.1,88,4,3148.0,288,4,3147.9,93,9,3149.0,85,3,3149.2,15,1,3149.3,21,1,3149.5,31,1,3149.7,869,7
2031,2026-06-16 14:39:18+05:30,3149.0,4,3134.34,2893852,129285.0,193346.0,3163.0,3163.0,3108.0,3134.3,31862800,3447.7,2820.9,3839.9,2896.0,3148.9,286,7,3148.2,76,3,3148.1,88,4,3148.0,288,4,3147.9,93,9,3149.0,122,3,3149.2,15,1,3149.3,21,1,3149.5,31,1,3149.7,869,7
2031,2026-06-16 14:39:19+05:30,3149.2,1,3134.34,2893852,129285.0,193346.0,3163.0,3163.0,3108.0,3134.3,31862800,3447.7,2820.9,3839.9,2896.0,3148.9,286,7,3148.2,76,3,3148.1,88,4,3148.0,288,4,3147.9,93,9,3149.0,122,3,3149.2,15,1,3149.3,21,1,3149.5,31,1,3149.7,869,7
2031,2026-06-16 14:39:20+05:30,3149.2,1,3134.35,2894338,129137.0,194173.0,3163.0,3163.0,3108.0,3134.3,31862800,3447.7,2820.9,3839.9,2896.0,3149.0,85,5,3148.9,45,3,3148.3,25,2,3148.2,16,2,3148.1,320,5,3149.2,17,1,3149.3,29,2,3149.4,11,1,3149.5,17,2,3149.7,70,3
2031,2026-06-16 14:39:20+05:30,3149.4,34,3134.35,2894338,129137.0,194173.0,3163.0,3163.0,3108.0,3134.3,31862800,3447.7,2820.9,3839.9,2896.0,3149.0,85,5,3148.9,45,3,3148.3,25,2,3148.2,16,2,3148.1,320,5,3149.2,17,1,3149.3,29,2,3149.4,11,1,3149.5,17,2,3149.7,70,3
2031,2026-06-16 14:39:21+05:30,3149.3,34,3134.35,2894539,128431.0,193899.0,3163.0,3163.0,3108.0,3134.3,31862800,3447.7,2820.9,3839.9,2896.0,3149.1,2,2,3149.0,59,1,3148.9,28,2,3148.8,16,1,3148.3,25,2,3149.2,18,1,3149.3,69,4,3149.4,122,6,3149.5,11,1,3149.6,116,6
2031,2026-06-16 14:39:21+05:30,3149.3,34,3134.35,2894539,128431.0,193899.0,3163.0,3163.0,3108.0,3134.3,31862800,3447.7,2820.9,3839.9,2896.0,3149.1,2,2,3149.0,59,1,3148.9,28,2,3148.8,16,1,3148.3,25,2,3149.2,18,1,3149.3,69,4,3149.4,122,6,3149.5,11,1,3149.6,116,6
2031,2026-06-16 14:39:22+05:30,3149.2,5,3134.35,2894544,128742.0,194168.0,3163.0,3163.0,3108.0,3134.3,31862800,3447.7,2820.9,3839.9,2896.0,3149.1,56,6,3149.0,59,1,3148.9,27,1,3148.8,16,1,3148.3,25,2,3149.2,47,2,3149.3,22,2,3149.4,84,5,3149.6,41,3,3149.7,83,4
2031,2026-06-16 14:39:22+05:30,3149.2,26,3134.35,2894544,128742.0,194168.0,3163.0,3163.0,3108.0,3134.3,31862800,3447.7,2820.9,3839.9,2896.0,3149.1,56,6,3149.0,59,1,3148.9,27,1,3148.8,16,1,3148.3,25,2,3149.2,47,2,3149.3,22,2,3149.4,84,5,3149.6,41,3,3149.7,83,4
2031,2026-06-16 14:39:23+05:30,3149.2,26,3134.35,2894617,128971.0,194250.0,3163.0,3163.0,3108.0,3134.3,31862800,3447.7,2820.9,3839.9,2896.0,3149.2,85,5,3149.1,84,4,3149.0,59,1,3148.9,27,1,3148.8,14,1,3149.3,11,1,3149.4,29,2,3149.6,29,2,3149.7,1,1,3149.9,177,3
2031,2026-06-16 14:39:23+05:30,3149.3,27,3134.35,2894617,128971.0,194250.0,3163.0,3163.0,3108.0,3134.3,31862800,3447.7,2820.9,3839.9,2896.0,3149.2,85,5,3149.1,84,4,3149.0,59,1,3148.9,27,1,3148.8,14,1,3149.3,11,1,3149.4,29,2,3149.6,29,2,3149.7,1,1,3149.9,177,3
2031,2026-06-16 14:39:24+05:30,3149.3,27,3134.35,2894828,128916.0,194108.0,3163.0,3163.0,3108.0,3134.3,31862800,3447.7,2820.9,3839.9,2896.0,3149.3,73,4,3149.2,17,1,3149.1,84,4,3149.0,59,1,3148.9,27,1,3149.4,196,1,3149.6,11,1,3149.7,1,1,3149.8,20,1,3149.9,736,5
2031,2026-06-16 14:39:24+05:30,3149.7,17,3134.35,2894828,128916.0,194108.0,3163.0,3163.0,3108.0,3134.3,31862800,3447.7,2820.9,3839.9,2896.0,3149.3,73,4,3149.2,17,1,3149.1,84,4,3149.0,59,1,3148.9,27,1,3149.4,196,1,3149.6,11,1,3149.7,1,1,3149.8,20,1,3149.9,736,5
2031,2026-06-16 14:39:25+05:30,3149.7,2,3134.36,2897130,129321.0,191502.0,3163.0,3163.0,3108.0,3134.3,31862800,3447.7,2820.9,3839.9,2896.0,3149.4,34,2,3149.3,134,4,3149.1,67,3,3149.0,62,2,3148.9,41,2,3149.8,11,1,3149.9,30,3,3150.0,43,2,3150.1,36,1,3150.2,228,2
2031,2026-06-16 14:39:25+05:30,3149.0,3,3134.36,2897130,129321.0,191502.0,3163.0,3163.0,3108.0,3134.3,31862800,3447.7,2820.9,3839.9,2896.0,3149.4,34,2,3149.3,134,4,3149.1,67,3,3149.0,62,2,3148.9,41,2,3149.8,11,1,3149.9,30,3,3150.0,43,2,3150.1,36,1,3150.2,228,2
2031,2026-06-16 14:39:26+05:30,3148.7,15,3134.37,2898148,127072.0,194890.0,3163.0,3163.0,3108.0,3134.3,31862800,3447.7,2820.9,3839.9,2896.0,3147.9,31,2,3147.8,5,1,3147.7,21,1,3147.6,4,1,3147.5,59,4,3149.2,60,4,3149.3,144,5,3149.4,124,2,3149.5,933,7,3149.6,322,5
2031,2026-06-16 14:39:26+05:30,3148.7,1,3134.37,2898148,127072.0,194890.0,3163.0,3163.0,3108.0,3134.3,31862800,3447.7,2820.9,3839.9,2896.0,3147.9,31,2,3147.8,5,1,3147.7,21,1,3147.6,4,1,3147.5,59,4,3149.2,60,4,3149.3,144,5,3149.4,124,2,3149.5,933,7,3149.6,322,5
2031,2026-06-16 14:39:27+05:30,3148.7,29,3134.37,2898178,127188.0,194883.0,3163.0,3163.0,3108.0,3134.3,31862800,3447.7,2820.9,3839.9,2896.0,3148.6,84,6,3147.8,19,2,3147.7,68,3,3147.6,46,3,3147.5,106,6,3148.7,187,2,3148.8,1,1,3149.0,12,1,3149.3,101,3,3149.4,67,2
2031,2026-06-16 14:39:27+05:30,3148.6,42,3134.37,2898178,127188.0,194883.0,3163.0,3163.0,3108.0,3134.3,31862800,3447.7,2820.9,3839.9,2896.0,3148.6,84,6,3147.8,19,2,3147.7,68,3,3147.6,46,3,3147.5,106,6,3148.7,187,2,3148.8,1,1,3149.0,12,1,3149.3,101,3,3149.4,67,2
2031,2026-06-16 14:39:28+05:30,3148.5,4,3134.37,2898315,127709.0,195254.0,3163.0,3163.0,3108.0,3134.3,31862800,3447.7,2820.9,3839.9,2896.0,3147.8,24,5,3147.7,30,2,3147.6,112,5,3147.5,106,6,3147.4,70,3,3148.5,176,2,3148.6,74,1,3148.8,1,1,3149.2,233,3,3149.3,883,6
2031,2026-06-16 14:39:28+05:30,3148.5,21,3134.37,2898315,127709.0,195254.0,3163.0,3163.0,3108.0,3134.3,31862800,3447.7,2820.9,3839.9,2896.0,3147.8,24,5,3147.7,30,2,3147.6,112,5,3147.5,106,6,3147.4,70,3,3148.5,176,2,3148.6,74,1,3148.8,1,1,3149.2,233,3,3149.3,883,6
2031,2026-06-16 14:39:29+05:30,3148.5,21,3134.37,2898336,127688.0,195006.0,3163.0,3163.0,3108.0,3134.3,31862800,3447.7,2820.9,3839.9,2896.0,3148.2,50,1,3148.1,184,6,3148.0,67,3,3147.8,79,7,3147.7,10,1,3148.5,155,2,3148.6,74,1,3148.8,1,1,3149.3,883,6,3149.4,265,3
2031,2026-06-16 14:39:29+05:30,3148.6,24,3134.37,2898336,127688.0,195006.0,3163.0,3163.0,3108.0,3134.3,31862800,3447.7,2820.9,3839.9,2896.0,3148.2,50,1,3148.1,184,6,3148.0,67,3,3147.8,79,7,3147.7,10,1,3148.5,155,2,3148.6,74,1,3148.8,1,1,3149.3,883,6,3149.4,265,3
2031,2026-06-16 14:39:30+05:30,3148.8,41,3134.37,2898657,127528.0,194357.0,3163.0,3163.0,3108.0,3134.3,31862800,3447.7,2820.9,3839.9,2896.0,3148.4,40,3,3148.3,17,1,3148.1,17,1,3148.0,44,1,3147.9,23,2,3149.3,101,3,3149.4,135,4,3149.5,22,2,3149.6,1131,8,3149.7,300,6
2031,2026-06-16 14:39:30+05:30,3149.3,1,3134.37,2898657,127528.0,194357.0,3163.0,3163.0,3108.0,3134.3,31862800,3447.7,2820.9,3839.9,2896.0,3148.4,40,3,3148.3,17,1,3148.1,17,1,3148.0,44,1,3147.9,23,2,3149.3,101,3,3149.4,135,4,3149.5,22,2,3149.6,1131,8,3149.7,300,6
2031,2026-06-16 14:39:30+05:30,3149.3,1,3134.37,2898690,129076.0,193714.0,3163.0,3163.0,3108.0,3134.3,31862800,3447.7,2820.9,3839.9,2896.0,3149.2,95,6,3148.9,2,2,3148.4,19,3,3148.3,21,1,3148.2,6,2,3149.3,73,1,3149.6,200,1,3149.7,20,2,3149.9,649,5,3150.0,502,7
2031,2026-06-16 14:39:31+05:30,3149.3,11,3134.37,2898690,129076.0,193714.0,3163.0,3163.0,3108.0,3134.3,31862800,3447.7,2820.9,3839.9,2896.0,3149.2,95,6,3148.9,2,2,3148.4,19,3,3148.3,21,1,3148.2,6,2,3149.3,73,1,3149.6,200,1,3149.7,20,2,3149.9,649,5,3150.0,502,7
2031,2026-06-16 14:39:31+05:30,3149.3,11,3134.37,2898884,128452.0,193672.0,3163.0,3163.0,3108.0,3134.3,31862800,3447.7,2820.9,3839.9,2896.0,3148.9,2,2,3148.8,68,4,3148.7,17,1,3148.4,8,2,3148.3,21,1,3149.3,57,3,3149.4,12,1,3149.5,67,4,3149.6,200,1,3149.7,20,2
2031,2026-06-16 14:39:32+05:30,3149.3,29,3134.37,2898884,128452.0,193672.0,3163.0,3163.0,3108.0,3134.3,31862800,3447.7,2820.9,3839.9,2896.0,3148.9,2,2,3148.8,68,4,3148.7,17,1,3148.4,8,2,3148.3,21,1,3149.3,57,3,3149.4,12,1,3149.5,67,4,3149.6,200,1,3149.7,20,2
2031,2026-06-16 14:39:32+05:30,3149.3,29,3134.37,2898913,128838.0,193703.0,3163.0,3163.0,3108.0,3134.3,31862800,3447.7,2820.9,3839.9,2896.0,3149.0,102,3,3148.9,71,6,3148.6,38,2,3148.5,55,2,3148.4,8,2,3149.3,31,2,3149.4,11,1,3149.5,11,1,3149.6,200,1,3149.7,20,2
2031,2026-06-16 14:39:33+05:30,3148.6,9,3134.37,2898913,128838.0,193703.0,3163.0,3163.0,3108.0,3134.3,31862800,3447.7,2820.9,3839.9,2896.0,3149.0,102,3,3148.9,71,6,3148.6,38,2,3148.5,55,2,3148.4,8,2,3149.3,31,2,3149.4,11,1,3149.5,11,1,3149.6,200,1,3149.7,20,2
2031,2026-06-16 14:39:34+05:30,3148.6,9,3134.37,2899119,128443.0,193998.0,3163.0,3163.0,3108.0,3134.3,31862800,3447.7,2820.9,3839.9,2896.0,3149.2,52,4,3149.0,37,1,3148.5,5,1,3148.4,8,2,3148.3,25,2,3149.3,61,3,3149.4,11,1,3149.5,11,1,3149.6,200,1,3149.7,10,1
2031,2026-06-16 14:39:35+05:30,3148.6,9,3134.37,2899119,128779.0,193844.0,3163.0,3163.0,3108.0,3134.3,31862800,3447.7,2820.9,3839.9,2896.0,3149.2,103,7,3149.0,37,1,3148.6,1,1,3148.5,47,4,3148.4,67,4,3149.3,61,3,3149.5,11,1,3149.6,200,1,3149.7,10,1,3149.8,3,1
2031,2026-06-16 14:39:35+05:30,3148.6,9,3134.37,2899119,128779.0,193844.0,3163.0,3163.0,3108.0,3134.3,31862800,3447.7,2820.9,3839.9,2896.0,3149.2,103,7,3149.0,37,1,3148.6,1,1,3148.5,47,4,3148.4,67,4,3149.3,61,3,3149.5,11,1,3149.6,200,1,3149.7,10,1,3149.8,3,1
2031,2026-06-16 14:39:35+05:30,3149.4,2,3134.37,2899119,128779.0,193844.0,3163.0,3163.0,3108.0,3134.3,31862800,3447.7,2820.9,3839.9,2896.0,3149.2,103,7,3149.0,37,1,3148.6,1,1,3148.5,47,4,3148.4,67,4,3149.3,61,3,3149.5,11,1,3149.6,200,1,3149.7,10,1,3149.8,3,1
2031,2026-06-16 14:39:36+05:30,3149.4,2,3134.37,2899353,129292.0,192841.0,3163.0,3163.0,3108.0,3134.3,31862800,3447.7,2820.9,3839.9,2896.0,3149.4,56,3,3149.3,17,1,3149.2,1,1,3149.0,37,1,3148.8,17,1,3149.5,40,2,3149.6,211,2,3149.7,10,1,3149.8,3,1,3149.9,21,1
2031,2026-06-16 14:39:36+05:30,3149.5,5,3134.37,2899353,129292.0,192841.0,3163.0,3163.0,3108.0,3134.3,31862800,3447.7,2820.9,3839.9,2896.0,3149.4,56,3,3149.3,17,1,3149.2,1,1,3149.0,37,1,3148.8,17,1,3149.5,40,2,3149.6,211,2,3149.7,10,1,3149.8,3,1,3149.9,21,1
2031,2026-06-16 14:39:37+05:30,3149.6,1,3134.37,2899388,129383.0,193000.0,3163.0,3163.0,3108.0,3134.3,31862800,3447.7,2820.9,3839.9,2896.0,3149.4,105,5,3149.3,52,3,3149.0,37,1,3148.7,20,1,3148.6,18,3,3149.6,249,2,3149.7,10,1,3149.8,3,1,3150.0,43,2,3150.1,801,5
2031,2026-06-16 14:39:37+05:30,3149.6,1,3134.37,2899388,129383.0,193000.0,3163.0,3163.0,3108.0,3134.3,31862800,3447.7,2820.9,3839.9,2896.0,3149.4,105,5,3149.3,52,3,3149.0,37,1,3148.7,20,1,3148.6,18,3,3149.6,249,2,3149.7,10,1,3149.8,3,1,3150.0,43,2,3150.1,801,5
2031,2026-06-16 14:39:37+05:30,3149.6,1,3134.37,2899388,129383.0,193000.0,3163.0,3163.0,3108.0,3134.3,31862800,3447.7,2820.9,3839.9,2896.0,3149.4,105,5,3149.3,52,3,3149.0,37,1,3148.7,20,1,3148.6,18,3,3149.6,249,2,3149.7,10,1,3149.8,3,1,3150.0,43,2,3150.1,801,5
2031,2026-06-16 14:39:38+05:30,3149.6,1,3134.37,2899388,130542.0,193704.0,3163.0,3163.0,3108.0,3134.3,31862800,3447.7,2820.9,3839.9,2896.0,3149.5,200,8,3149.4,42,1,3149.0,37,1,3148.8,22,2,3148.7,64,2,3149.6,249,2,3149.7,10,1,3149.8,3,1,3150.0,43,2,3150.1,800,4
2031,2026-06-16 14:39:38+05:30,3149.6,173,3134.37,2899388,130542.0,193704.0,3163.0,3163.0,3108.0,3134.3,31862800,3447.7,2820.9,3839.9,2896.0,3149.5,200,8,3149.4,42,1,3149.0,37,1,3148.8,22,2,3148.7,64,2,3149.6,249,2,3149.7,10,1,3149.8,3,1,3150.0,43,2,3150.1,800,4
2031,2026-06-16 14:39:39+05:30,3148.8,32,3134.38,2900084,129702.0,193151.0,3163.0,3163.0,3108.0,3134.3,31862800,3447.7,2820.9,3839.9,2896.0,3149.2,68,1,3148.8,17,1,3148.6,4,2,3148.5,27,2,3148.4,14,2,3149.6,22,2,3149.7,171,3,3149.8,58,2,3149.9,30,3,3150.0,44,3
2031,2026-06-16 14:39:39+05:30,3148.8,32,3134.38,2900084,129702.0,193151.0,3163.0,3163.0,3108.0,3134.3,31862800,3447.7,2820.9,3839.9,2896.0,3149.2,68,1,3148.8,17,1,3148.6,4,2,3148.5,27,2,3148.4,14,2,3149.6,22,2,3149.7,171,3,3149.8,58,2,3149.9,30,3,3150.0,44,3
2031,2026-06-16 14:39:39+05:30,3149.7,11,3134.38,2900084,129702.0,193151.0,3163.0,3163.0,3108.0,3134.3,31862800,3447.7,2820.9,3839.9,2896.0,3149.2,68,1,3148.8,17,1,3148.6,4,2,3148.5,27,2,3148.4,14,2,3149.6,22,2,3149.7,171,3,3149.8,58,2,3149.9,30,3,3150.0,44,3
2031,2026-06-16 14:39:40+05:30,3149.7,5,3134.38,2900275,130324.0,193034.0,3163.0,3163.0,3108.0,3134.3,31862800,3447.7,2820.9,3839.9,2896.0,3149.6,65,5,3149.5,2,1,3148.9,10,1,3148.8,31,2,3148.7,79,4,3149.7,17,1,3149.9,11,1,3150.0,43,2,3150.1,600,3,3150.2,400,2
2031,2026-06-16 14:39:40+05:30,3149.7,1,3134.38,2900275,130324.0,193034.0,3163.0,3163.0,3108.0,3134.3,31862800,3447.7,2820.9,3839.9,2896.0,3149.6,65,5,3149.5,2,1,3148.9,10,1,3148.8,31,2,3148.7,79,4,3149.7,17,1,3149.9,11,1,3150.0,43,2,3150.1,600,3,3150.2,400,2
2031,2026-06-16 14:39:41+05:30,3149.7,1,3134.38,2900387,130706.0,193108.0,3163.0,3163.0,3108.0,3134.3,31862800,3447.7,2820.9,3839.9,2896.0,3149.6,88,6,3149.5,2,1,3148.9,21,1,3148.8,31,2,3148.7,26,3,3149.7,122,3,3149.8,62,1,3150.0,59,3,3150.1,626,4,3150.2,401,3
2031,2026-06-16 14:39:41+05:30,3149.7,1,3134.38,2900387,130706.0,193108.0,3163.0,3163.0,3108.0,3134.3,31862800,3447.7,2820.9,3839.9,2896.0,3149.6,88,6,3149.5,2,1,3148.9,21,1,3148.8,31,2,3148.7,26,3,3149.7,122,3,3149.8,62,1,3150.0,59,3,3150.1,626,4,3150.2,401,3
2031,2026-06-16 14:39:42+05:30,3149.7,1,3134.38,2900387,130824.0,193115.0,3163.0,3163.0,3108.0,3134.3,31862800,3447.7,2820.9,3839.9,2896.0,3149.6,105,7,3149.5,17,2,3148.9,65,2,3148.8,14,1,3148.7,90,5,3149.7,144,3,3149.8,6,1,3150.0,43,2,3150.1,600,3,3150.2,400,2
2031,2026-06-16 14:39:42+05:30,3149.7,1,3134.38,2900387,130824.0,193115.0,3163.0,3163.0,3108.0,3134.3,31862800,3447.7,2820.9,3839.9,2896.0,3149.6,105,7,3149.5,17,2,3148.9,65,2,3148.8,14,1,3148.7,90,5,3149.7,144,3,3149.8,6,1,3150.0,43,2,3150.1,600,3,3150.2,400,2
2031,2026-06-16 14:39:42+05:30,3149.7,26,3134.38,2900387,130824.0,193115.0,3163.0,3163.0,3108.0,3134.3,31862800,3447.7,2820.9,3839.9,2896.0,3149.6,105,7,3149.5,17,2,3148.9,65,2,3148.8,14,1,3148.7,90,5,3149.7,144,3,3149.8,6,1,3150.0,43,2,3150.1,600,3,3150.2,400,2
2031,2026-06-16 14:39:43+05:30,3149.7,26,3134.38,2900593,130896.0,192971.0,3163.0,3163.0,3108.0,3134.3,31862800,3447.7,2820.9,3839.9,2896.0,3149.6,86,6,3149.5,17,2,3148.9,35,2,3148.8,14,1,3148.7,70,4,3149.7,66,2,3149.8,6,1,3150.0,43,2,3150.1,600,3,3150.2,400,2
2031,2026-06-16 14:39:43+05:30,3149.7,1,3134.38,2900593,130896.0,192971.0,3163.0,3163.0,3108.0,3134.3,31862800,3447.7,2820.9,3839.9,2896.0,3149.6,86,6,3149.5,17,2,3148.9,35,2,3148.8,14,1,3148.7,70,4,3149.7,66,2,3149.8,6,1,3150.0,43,2,3150.1,600,3,3150.2,400,2
2031,2026-06-16 14:39:44+05:30,3149.7,1,3134.38,2900594,130913.0,192794.0,3163.0,3163.0,3108.0,3134.3,31862800,3447.7,2820.9,3839.9,2896.0,3149.6,103,7,3149.5,17,2,3148.9,79,3,3148.7,70,4,3148.6,33,3,3149.7,91,3,3149.8,6,1,3150.0,43,2,3150.1,600,3,3150.2,400,2
2031,2026-06-16 14:39:44+05:30,3149.7,1,3134.38,2900594,130913.0,192794.0,3163.0,3163.0,3108.0,3134.3,31862800,3447.7,2820.9,3839.9,2896.0,3149.6,103,7,3149.5,17,2,3148.9,79,3,3148.7,70,4,3148.6,33,3,3149.7,91,3,3149.8,6,1,3150.0,43,2,3150.1,600,3,3150.2,400,2
2031,2026-06-16 14:39:44+05:30,3149.5,9,3134.38,2900594,130913.0,192794.0,3163.0,3163.0,3108.0,3134.3,31862800,3447.7,2820.9,3839.9,2896.0,3149.6,103,7,3149.5,17,2,3148.9,79,3,3148.7,70,4,3148.6,33,3,3149.7,91,3,3149.8,6,1,3150.0,43,2,3150.1,600,3,3150.2,400,2
2031,2026-06-16 14:39:45+05:30,3149.5,9,3134.38,2901041,130290.0,192894.0,3163.0,3163.0,3108.0,3134.3,31862800,3447.7,2820.9,3839.9,2896.0,3149.5,5,2,3148.7,20,1,3148.6,16,1,3148.5,22,1,3148.4,71,3,3149.6,45,2,3149.7,140,3,3149.9,86,5,3150.0,81,3,3150.1,635,5
2031,2026-06-16 14:39:45+05:30,3149.7,1,3134.38,2901041,130290.0,192894.0,3163.0,3163.0,3108.0,3134.3,31862800,3447.7,2820.9,3839.9,2896.0,3149.5,5,2,3148.7,20,1,3148.6,16,1,3148.5,22,1,3148.4,71,3,3149.6,45,2,3149.7,140,3,3149.9,86,5,3150.0,81,3,3150.1,635,5
2031,2026-06-16 14:39:46+05:30,3149.7,1,3134.38,2901126,130760.0,192791.0,3163.0,3163.0,3108.0,3134.3,31862800,3447.7,2820.9,3839.9,2896.0,3149.6,89,9,3149.5,17,2,3149.3,28,2,3149.1,7,1,3149.0,24,2,3149.7,136,3,3150.0,43,2,3150.1,600,3,3150.2,400,2,3150.3,3,1
2031,2026-06-16 14:39:46+05:30,3149.7,1,3134.38,2901126,130760.0,192791.0,3163.0,3163.0,3108.0,3134.3,31862800,3447.7,2820.9,3839.9,2896.0,3149.6,89,9,3149.5,17,2,3149.3,28,2,3149.1,7,1,3149.0,24,2,3149.7,136,3,3150.0,43,2,3150.1,600,3,3150.2,400,2,3150.3,3,1
2031,2026-06-16 14:39:46+05:30,3149.6,7,3134.38,2901126,130760.0,192791.0,3163.0,3163.0,3108.0,3134.3,31862800,3447.7,2820.9,3839.9,2896.0,3149.6,89,9,3149.5,17,2,3149.3,28,2,3149.1,7,1,3149.0,24,2,3149.7,136,3,3150.0,43,2,3150.1,600,3,3150.2,400,2,3150.3,3,1
2031,2026-06-16 14:39:47+05:30,3149.6,7,3134.38,2901135,130754.0,192791.0,3163.0,3163.0,3108.0,3134.3,31862800,3447.7,2820.9,3839.9,2896.0,3149.6,83,10,3149.5,17,2,3149.3,28,2,3149.1,7,1,3149.0,24,2,3149.7,136,3,3150.0,43,2,3150.1,600,3,3150.2,400,2,3150.3,3,1
2031,2026-06-16 14:39:47+05:30,3149.5,13,3134.38,2901135,130754.0,192791.0,3163.0,3163.0,3108.0,3134.3,31862800,3447.7,2820.9,3839.9,2896.0,3149.6,83,10,3149.5,17,2,3149.3,28,2,3149.1,7,1,3149.0,24,2,3149.7,136,3,3150.0,43,2,3150.1,600,3,3150.2,400,2,3150.3,3,1
2031,2026-06-16 14:39:47+05:30,3149.5,13,3134.38,2901135,130754.0,192791.0,3163.0,3163.0,3108.0,3134.3,31862800,3447.7,2820.9,3839.9,2896.0,3149.6,83,10,3149.5,17,2,3149.3,28,2,3149.1,7,1,3149.0,24,2,3149.7,136,3,3150.0,43,2,3150.1,600,3,3150.2,400,2,3150.3,3,1
2031,2026-06-16 14:39:48+05:30,3149.5,13,3134.38,2901437,130924.0,192568.0,3163.0,3163.0,3108.0,3134.3,31862800,3447.7,2820.9,3839.9,2896.0,3149.6,39,2,3149.5,55,4,3149.4,34,2,3149.1,3,1,3149.0,14,1,3149.9,45,2,3150.0,54,3,3150.2,600,3,3150.3,200,1,3150.4,200,1
2031,2026-06-16 14:39:48+05:30,3149.5,13,3134.38,2901437,130924.0,192568.0,3163.0,3163.0,3108.0,3134.3,31862800,3447.7,2820.9,3839.9,2896.0,3149.6,39,2,3149.5,55,4,3149.4,34,2,3149.1,3,1,3149.0,14,1,3149.9,45,2,3150.0,54,3,3150.2,600,3,3150.3,200,1,3150.4,200,1
2031,2026-06-16 14:39:48+05:30,3149.5,8,3134.38,2901437,130924.0,192568.0,3163.0,3163.0,3108.0,3134.3,31862800,3447.7,2820.9,3839.9,2896.0,3149.6,39,2,3149.5,55,4,3149.4,34,2,3149.1,3,1,3149.0,14,1,3149.9,45,2,3150.0,54,3,3150.2,600,3,3150.3,200,1,3150.4,200,1
2031,2026-06-16 14:39:49+05:30,3149.5,8,3134.38,2901733,131394.0,193021.0,3163.0,3163.0,3108.0,3134.3,31862800,3447.7,2820.9,3839.9,2896.0,3149.6,85,5,3149.5,15,4,3149.3,14,1,3149.0,14,1,3148.9,35,2,3149.8,1,1,3149.9,11,1,3150.0,103,3,3150.2,600,3,3150.3,200,1
2031,2026-06-16 14:39:49+05:30,3149.5,8,3134.38,2901733,131394.0,193021.0,3163.0,3163.0,3108.0,3134.3,31862800,3447.7,2820.9,3839.9,2896.0,3149.6,85,5,3149.5,15,4,3149.3,14,1,3149.0,14,1,3148.9,35,2,3149.8,1,1,3149.9,11,1,3150.0,103,3,3150.2,600,3,3150.3,200,1
2031,2026-06-16 14:39:49+05:30,3149.9,11,3134.38,2901733,131394.0,193021.0,3163.0,3163.0,3108.0,3134.3,31862800,3447.7,2820.9,3839.9,2896.0,3149.6,85,5,3149.5,15,4,3149.3,14,1,3149.0,14,1,3148.9,35,2,3149.8,1,1,3149.9,11,1,3150.0,103,3,3150.2,600,3,3150.3,200,1
2031,2026-06-16 14:39:50+05:30,3149.8,1,3134.39,2901985,130495.0,193950.0,3163.0,3163.0,3108.0,3134.3,31862800,3447.7,2820.9,3839.9,2896.0,3148.5,87,4,3148.4,31,3,3148.3,41,2,3148.2,199,4,3148.1,162,7,3149.8,27,2,3149.9,36,3,3150.0,142,6,3150.1,1,1,3150.2,686,6
2031,2026-06-16 14:39:50+05:30,3149.8,1,3134.39,2901985,130495.0,193950.0,3163.0,3163.0,3108.0,3134.3,31862800,3447.7,2820.9,3839.9,2896.0,3148.5,87,4,3148.4,31,3,3148.3,41,2,3148.2,199,4,3148.1,162,7,3149.8,27,2,3149.9,36,3,3150.0,142,6,3150.1,1,1,3150.2,686,6
2031,2026-06-16 14:39:50+05:30,3149.7,10,3134.39,2901985,130495.0,193950.0,3163.0,3163.0,3108.0,3134.3,31862800,3447.7,2820.9,3839.9,2896.0,3148.5,87,4,3148.4,31,3,3148.3,41,2,3148.2,199,4,3148.1,162,7,3149.8,27,2,3149.9,36,3,3150.0,142,6,3150.1,1,1,3150.2,686,6
2031,2026-06-16 14:39:51+05:30,3149.7,10,3134.39,2902023,131562.0,193817.0,3163.0,3163.0,3108.0,3134.3,31862800,3447.7,2820.9,3839.9,2896.0,3149.6,97,6,3149.4,14,1,3149.0,58,2,3148.9,14,1,3148.8,69,2,3149.7,1,1,3149.8,52,2,3149.9,11,1,3150.0,125,5,3150.2,600,3
2031,2026-06-16 14:39:51+05:30,3149.7,10,3134.39,2902023,131562.0,193817.0,3163.0,3163.0,3108.0,3134.3,31862800,3447.7,2820.9,3839.9,2896.0,3149.6,97,6,3149.4,14,1,3149.0,58,2,3148.9,14,1,3148.8,69,2,3149.7,1,1,3149.8,52,2,3149.9,11,1,3150.0,125,5,3150.2,600,3
2031,2026-06-16 14:39:51+05:30,3149.7,1,3134.39,2902023,131562.0,193817.0,3163.0,3163.0,3108.0,3134.3,31862800,3447.7,2820.9,3839.9,2896.0,3149.6,97,6,3149.4,14,1,3149.0,58,2,3148.9,14,1,3148.8,69,2,3149.7,1,1,3149.8,52,2,3149.9,11,1,3150.0,125,5,3150.2,600,3
2031,2026-06-16 14:39:52+05:30,3149.7,1,3134.39,2902091,131535.0,193539.0,3163.0,3163.0,3108.0,3134.3,31862800,3447.7,2820.9,3839.9,2896.0,3149.7,99,6,3149.6,39,1,3149.4,16,1,3149.0,59,3,3148.9,21,1,3149.8,30,2,3149.9,11,1,3150.0,114,4,3150.2,626,4,3150.3,200,1
2031,2026-06-16 14:39:52+05:30,3149.7,1,3134.39,2902091,131535.0,193539.0,3163.0,3163.0,3108.0,3134.3,31862800,3447.7,2820.9,3839.9,2896.0,3149.7,99,6,3149.6,39,1,3149.4,16,1,3149.0,59,3,3148.9,21,1,3149.8,30,2,3149.9,11,1,3150.0,114,4,3150.2,626,4,3150.3,200,1
2031,2026-06-16 14:39:52+05:30,3149.8,8,3134.39,2902091,131535.0,193539.0,3163.0,3163.0,3108.0,3134.3,31862800,3447.7,2820.9,3839.9,2896.0,3149.7,99,6,3149.6,39,1,3149.4,16,1,3149.0,59,3,3148.9,21,1,3149.8,30,2,3149.9,11,1,3150.0,114,4,3150.2,626,4,3150.3,200,1
2031,2026-06-16 14:39:52+05:30,3149.8,8,3134.39,2902091,131535.0,193539.0,3163.0,3163.0,3108.0,3134.3,31862800,3447.7,2820.9,3839.9,2896.0,3149.7,99,6,3149.6,39,1,3149.4,16,1,3149.0,59,3,3148.9,21,1,3149.8,30,2,3149.9,11,1,3150.0,114,4,3150.2,626,4,3150.3,200,1
2031,2026-06-16 14:39:53+05:30,3149.7,17,3134.39,2902341,131259.0,193579.0,3163.0,3163.0,3108.0,3134.3,31862800,3447.7,2820.9,3839.9,2896.0,3149.7,94,6,3149.6,23,3,3149.4,16,1,3149.2,14,1,3149.0,16,2,3149.9,11,1,3150.0,114,4,3150.2,600,3,3150.3,200,1,3150.4,272,4
2031,2026-06-16 14:39:53+05:30,3149.7,17,3134.39,2902341,131259.0,193579.0,3163.0,3163.0,3108.0,3134.3,31862800,3447.7,2820.9,3839.9,2896.0,3149.7,94,6,3149.6,23,3,3149.4,16,1,3149.2,14,1,3149.0,16,2,3149.9,11,1,3150.0,114,4,3150.2,600,3,3150.3,200,1,3150.4,272,4
2031,2026-06-16 14:39:53+05:30,3149.5,12,3134.39,2902341,131259.0,193579.0,3163.0,3163.0,3108.0,3134.3,31862800,3447.7,2820.9,3839.9,2896.0,3149.7,94,6,3149.6,23,3,3149.4,16,1,3149.2,14,1,3149.0,16,2,3149.9,11,1,3150.0,114,4,3150.2,600,3,3150.3,200,1,3150.4,272,4
2031,2026-06-16 14:39:54+05:30,3149.5,12,3134.39,2902555,131016.0,193518.0,3163.0,3163.0,3108.0,3134.3,31862800,3447.7,2820.9,3839.9,2896.0,3149.5,3,1,3149.4,17,1,3148.8,3,1,3148.7,20,1,3148.5,28,2,3149.8,28,2,3149.9,11,1,3150.0,140,5,3150.1,1,1,3150.2,637,4
2031,2026-06-16 14:39:54+05:30,3149.5,12,3134.39,2902555,131016.0,193518.0,3163.0,3163.0,3108.0,3134.3,31862800,3447.7,2820.9,3839.9,2896.0,3149.5,3,1,3149.4,17,1,3148.8,3,1,3148.7,20,1,3148.5,28,2,3149.8,28,2,3149.9,11,1,3150.0,140,5,3150.1,1,1,3150.2,637,4
2031,2026-06-16 14:39:55+05:30,3149.5,12,3134.39,2902555,131302.0,193555.0,3163.0,3163.0,3108.0,3134.3,31862800,3447.7,2820.9,3839.9,2896.0,3149.5,153,8,3149.4,14,1,3149.1,14,1,3149.0,58,2,3148.9,9,1,3149.6,49,2,3149.7,11,1,3149.9,11,1,3150.0,103,3,3150.2,600,3
2031,2026-06-16 14:39:55+05:30,3149.5,12,3134.39,2902555,131302.0,193555.0,3163.0,3163.0,3108.0,3134.3,31862800,3447.7,2820.9,3839.9,2896.0,3149.5,153,8,3149.4,14,1,3149.1,14,1,3149.0,58,2,3148.9,9,1,3149.6,49,2,3149.7,11,1,3149.9,11,1,3150.0,103,3,3150.2,600,3
2031,2026-06-16 14:39:55+05:30,3149.6,2,3134.39,2902555,131302.0,193555.0,3163.0,3163.0,3108.0,3134.3,31862800,3447.7,2820.9,3839.9,2896.0,3149.5,153,8,3149.4,14,1,3149.1,14,1,3149.0,58,2,3148.9,9,1,3149.6,49,2,3149.7,11,1,3149.9,11,1,3150.0,103,3,3150.2,600,3
2031,2026-06-16 14:39:56+05:30,3149.6,2,3134.39,2902568,131425.0,193546.0,3163.0,3163.0,3108.0,3134.3,31862800,3447.7,2820.9,3839.9,2896.0,3149.5,153,8,3149.4,14,1,3149.2,14,1,3149.0,70,4,3148.9,9,1,3149.6,36,2,3149.7,11,1,3149.9,11,1,3150.0,103,3,3150.2,600,3
2031,2026-06-16 14:39:56+05:30,3149.6,2,3134.39,2902568,131425.0,193546.0,3163.0,3163.0,3108.0,3134.3,31858400,3447.7,2820.9,3839.9,2896.0,3149.5,153,8,3149.4,14,1,3149.2,14,1,3149.0,70,4,3148.9,9,1,3149.6,36,2,3149.7,11,1,3149.9,11,1,3150.0,103,3,3150.2,600,3
2031,2026-06-16 14:39:56+05:30,3149.6,1,3134.39,2902568,131425.0,193546.0,3163.0,3163.0,3108.0,3134.3,31858400,3447.7,2820.9,3839.9,2896.0,3149.5,153,8,3149.4,14,1,3149.2,14,1,3149.0,70,4,3148.9,9,1,3149.6,36,2,3149.7,11,1,3149.9,11,1,3150.0,103,3,3150.2,600,3
2031,2026-06-16 14:39:57+05:30,3149.7,11,3134.39,2902822,131821.0,193286.0,3163.0,3163.0,3108.0,3134.3,31858400,3447.7,2820.9,3839.9,2896.0,3149.8,82,4,3149.5,85,4,3149.2,14,1,3149.0,49,3,3148.9,65,4,3149.9,63,3,3150.0,114,4,3150.2,600,3,3150.3,200,1,3150.4,203,2
2031,2026-06-16 14:39:57+05:30,3149.9,2,3134.39,2902822,131821.0,193286.0,3163.0,3163.0,3108.0,3134.3,31858400,3447.7,2820.9,3839.9,2896.0,3149.8,82,4,3149.5,85,4,3149.2,14,1,3149.0,49,3,3148.9,65,4,3149.9,63,3,3150.0,114,4,3150.2,600,3,3150.3,200,1,3150.4,203,2
2031,2026-06-16 14:39:58+05:30,3149.9,2,3134.39,2902875,131790.0,193210.0,3163.0,3163.0,3108.0,3134.3,31858400,3447.7,2820.9,3839.9,2896.0,3149.8,80,5,3149.5,68,3,3149.0,5,2,3148.9,65,4,3148.8,180,3,3149.9,61,3,3150.0,114,4,3150.2,600,3,3150.3,226,2,3150.4,203,2
2031,2026-06-16 14:39:58+05:30,3149.9,32,3134.39,2902875,131790.0,193210.0,3163.0,3163.0,3108.0,3134.3,31858400,3447.7,2820.9,3839.9,2896.0,3149.8,80,5,3149.5,68,3,3149.0,5,2,3148.9,65,4,3148.8,180,3,3149.9,61,3,3150.0,114,4,3150.2,600,3,3150.3,226,2,3150.4,203,2
2031,2026-06-16 14:39:59+05:30,3149.9,32,3134.39,2903080,132003.0,193193.0,3163.0,3163.0,3108.0,3134.3,31858400,3447.7,2820.9,3839.9,2896.0,3149.8,115,7,3149.5,51,2,3149.0,19,3,3148.9,123,6,3148.8,152,1,3149.9,26,2,3150.0,114,4,3150.2,600,3,3150.3,226,2,3150.4,204,3
2031,2026-06-16 14:39:59+05:30,3149.8,56,3134.39,2903080,132003.0,193193.0,3163.0,3163.0,3108.0,3134.3,31858400,3447.7,2820.9,3839.9,2896.0,3149.8,115,7,3149.5,51,2,3149.0,19,3,3148.9,123,6,3148.8,152,1,3149.9,26,2,3150.0,114,4,3150.2,600,3,3150.3,226,2,3150.4,204,3
2031,2026-06-16 14:40:00+05:30,3149.8,56,3134.39,2903306,132340.0,192520.0,3163.0,3163.0,3108.0,3134.3,31858400,3447.7,2820.9,3839.9,2896.0,3149.9,109,8,3149.8,54,2,3149.6,14,1,3149.5,50,1,3149.4,20,2,3150.0,135,4,3150.6,600,3,3150.7,400,2,3150.8,93,2,3150.9,207,3
2031,2026-06-16 14:40:00+05:30,3150.0,34,3134.39,2903306,132340.0,192520.0,3163.0,3163.0,3108.0,3134.3,31858400,3447.7,2820.9,3839.9,2896.0,3149.9,109,8,3149.8,54,2,3149.6,14,1,3149.5,50,1,3149.4,20,2,3150.0,135,4,3150.6,600,3,3150.7,400,2,3150.8,93,2,3150.9,207,3
2031,2026-06-16 14:40:01+05:30,3149.9,8,3134.39,2903658,132294.0,192718.0,3163.0,3163.0,3108.0,3134.3,31858400,3447.7,2820.9,3839.9,2896.0,3149.9,52,7,3149.8,54,2,3149.5,64,2,3149.4,70,3,3149.2,84,4,3150.0,25,2,3150.8,600,3,3150.9,201,2,3151.0,230,7,3151.1,540,4
2031,2026-06-16 14:40:01+05:30,3149.9,1,3134.39,2903658,132294.0,192718.0,3163.0,3163.0,3108.0,3134.3,31858400,3447.7,2820.9,3839.9,2896.0,3149.9,52,7,3149.8,54,2,3149.5,64,2,3149.4,70,3,3149.2,84,4,3150.0,25,2,3150.8,600,3,3150.9,201,2,3151.0,230,7,3151.1,540,4
2031,2026-06-16 14:40:02+05:30,3149.9,1,3134.4,2903747,132285.0,192788.0,3163.0,3163.0,3108.0,3134.3,31858400,3447.7,2820.9,3839.9,2896.0,3149.9,146,11,3149.8,54,2,3149.7,14,1,3149.5,50,1,3149.4,83,4,3150.0,105,3,3150.6,600,3,3150.7,200,1,3150.8,200,1,3150.9,201,2
2031,2026-06-16 14:40:02+05:30,3150.0,13,3134.4,2903747,132285.0,192788.0,3163.0,3163.0,3108.0,3134.3,31858400,3447.7,2820.9,3839.9,2896.0,3149.9,146,11,3149.8,54,2,3149.7,14,1,3149.5,50,1,3149.4,83,4,3150.0,105,3,3150.6,600,3,3150.7,200,1,3150.8,200,1,3150.9,201,2
2031,2026-06-16 14:40:03+05:30,3150.0,13,3134.4,2903867,132361.0,193022.0,3163.0,3163.0,3108.0,3134.3,31858400,3447.7,2820.9,3839.9,2896.0,3149.9,130,9,3149.8,54,2,3149.5,50,1,3149.2,24,2,3149.1,69,2,3150.0,154,4,3150.5,632,4,3150.6,235,2,3150.7,42,1,3150.8,487,6
2031,2026-06-16 14:40:03+05:30,3150.0,6,3134.4,2903867,132361.0,193022.0,3163.0,3163.0,3108.0,3134.3,31858400,3447.7,2820.9,3839.9,2896.0,3149.9,130,9,3149.8,54,2,3149.5,50,1,3149.2,24,2,3149.1,69,2,3150.0,154,4,3150.5,632,4,3150.6,235,2,3150.7,42,1,3150.8,487,6
2031,2026-06-16 14:40:04+05:30,3150.0,5,3134.4,2903997,132252.0,192979.0,3163.0,3163.0,3108.0,3134.3,31858400,3447.7,2820.9,3839.9,2896.0,3149.9,132,10,3149.8,54,2,3149.3,14,1,3149.2,24,2,3149.1,120,4,3150.0,142,3,3150.5,632,4,3150.6,200,1,3150.7,43,2,3150.8,451,4
2031,2026-06-16 14:40:04+05:30,3150.0,2,3134.4,2903997,132252.0,192979.0,3163.0,3163.0,3108.0,3134.3,31858400,3447.7,2820.9,3839.9,2896.0,3149.9,132,10,3149.8,54,2,3149.3,14,1,3149.2,24,2,3149.1,120,4,3150.0,142,3,3150.5,632,4,3150.6,200,1,3150.7,43,2,3150.8,451,4
2031,2026-06-16 14:40:05+05:30,3150.0,34,3134.4,2904167,132227.0,192904.0,3163.0,3163.0,3108.0,3134.3,31858400,3447.7,2820.9,3839.9,2896.0,3149.9,81,7,3149.8,54,2,3149.4,62,2,3149.2,34,3,3149.1,106,3,3150.0,94,2,3150.5,600,3,3150.6,200,1,3150.7,42,1,3150.8,404,4
2031,2026-06-16 14:40:05+05:30,3150.0,52,3134.4,2904167,132227.0,192904.0,3163.0,3163.0,3108.0,3134.3,31858400,3447.7,2820.9,3839.9,2896.0,3149.9,81,7,3149.8,54,2,3149.4,62,2,3149.2,34,3,3149.1,106,3,3150.0,94,2,3150.5,600,3,3150.6,200,1,3150.7,42,1,3150.8,404,4
2031,2026-06-16 14:40:06+05:30,3149.8,8,3134.4,2904713,130612.0,193850.0,3163.0,3163.0,3108.0,3134.3,31858400,3447.7,2820.9,3839.9,2896.0,3149.8,8,1,3148.9,37,2,3148.7,20,1,3148.5,28,2,3148.4,21,2,3149.9,70,7,3150.0,238,5,3150.1,60,4,3150.2,117,3,3150.3,616,4
2031,2026-06-16 14:40:06+05:30,3149.8,2,3134.4,2904713,130612.0,193850.0,3163.0,3163.0,3108.0,3134.3,31858400,3447.7,2820.9,3839.9,2896.0,3149.8,8,1,3148.9,37,2,3148.7,20,1,3148.5,28,2,3148.4,21,2,3149.9,70,7,3150.0,238,5,3150.1,60,4,3150.2,117,3,3150.3,616,4
2031,2026-06-16 14:40:07+05:30,3149.8,2,3134.4,2904744,131355.0,193574.0,3163.0,3163.0,3108.0,3134.3,31858400,3447.7,2820.9,3839.9,2896.0,3149.8,153,8,3148.9,37,2,3148.8,17,2,3148.7,20,1,3148.6,191,3,3149.9,26,4,3150.0,256,3,3150.1,54,3,3150.3,616,4,3150.4,320,4
2031,2026-06-16 14:40:07+05:30,3148.9,5,3134.4,2904744,131355.0,193574.0,3163.0,3163.0,3108.0,3134.3,31858400,3447.7,2820.9,3839.9,2896.0,3149.8,153,8,3148.9,37,2,3148.8,17,2,3148.7,20,1,3148.6,191,3,3149.9,26,4,3150.0,256,3,3150.1,54,3,3150.3,616,4,3150.4,320,4
2031,2026-06-16 14:40:08+05:30,3148.9,5,3134.4,2904943,131070.0,194311.0,3163.0,3163.0,3108.0,3134.3,31858400,3447.7,2820.9,3839.9,2896.0,3149.0,17,1,3148.9,62,4,3148.8,47,3,3148.7,17,1,3148.6,14,1,3149.7,8,1,3149.9,17,3,3150.0,256,3,3150.1,7,1,3150.2,36,2
2031,2026-06-16 14:40:08+05:30,3148.8,17,3134.4,2904943,131070.0,194311.0,3163.0,3163.0,3108.0,3134.3,31858400,3447.7,2820.9,3839.9,2896.0,3149.0,17,1,3148.9,62,4,3148.8,47,3,3148.7,17,1,3148.6,14,1,3149.7,8,1,3149.9,17,3,3150.0,256,3,3150.1,7,1,3150.2,36,2
2031,2026-06-16 14:40:09+05:30,3148.8,17,3134.4,2905204,129491.0,195648.0,3163.0,3163.0,3108.0,3134.3,31858400,3447.7,2820.9,3839.9,2896.0,3148.4,13,1,3148.1,17,1,3147.9,20,1,3147.7,49,3,3147.6,191,2,3149.1,53,3,3149.2,52,4,3149.3,48,2,3149.4,1043,11,3149.5,111,2
2031,2026-06-16 14:40:09+05:30,3148.7,1,3134.4,2905204,129491.0,195648.0,3163.0,3163.0,3108.0,3134.3,31858400,3447.7,2820.9,3839.9,2896.0,3148.4,13,1,3148.1,17,1,3147.9,20,1,3147.7,49,3,3147.6,191,2,3149.1,53,3,3149.2,52,4,3149.3,48,2,3149.4,1043,11,3149.5,111,2
2031,2026-06-16 14:40:10+05:30,3148.7,2,3134.4,2905272,129181.0,196589.0,3163.0,3163.0,3108.0,3134.3,31858400,3447.7,2820.9,3839.9,2896.0,3147.3,23,2,3147.2,16,1,3147.1,116,5,3147.0,238,3,3146.9,68,2,3148.7,151,6,3148.8,838,6,3148.9,28,2,3149.0,579,8,3149.1,425,6
2031,2026-06-16 14:40:10+05:30,3148.4,17,3134.4,2905272,129181.0,196589.0,3163.0,3163.0,3108.0,3134.3,31858400,3447.7,2820.9,3839.9,2896.0,3147.3,23,2,3147.2,16,1,3147.1,116,5,3147.0,238,3,3146.9,68,2,3148.7,151,6,3148.8,838,6,3148.9,28,2,3149.0,579,8,3149.1,425,6
2031,2026-06-16 14:40:11+05:30,3148.2,34,3134.4,2905362,128351.0,196716.0,3163.0,3163.0,3108.0,3134.3,31858400,3447.7,2820.9,3839.9,2896.0,3148.1,68,2,3148.0,51,2,3147.5,22,1,3147.3,21,1,3147.1,46,2,3148.4,236,2,3148.5,100,2,3148.6,863,5,3148.7,252,4,3148.8,203,2
2031,2026-06-16 14:40:11+05:30,3147.1,1,3134.4,2905362,128351.0,196716.0,3163.0,3163.0,3108.0,3134.3,31858400,3447.7,2820.9,3839.9,2896.0,3148.1,68,2,3148.0,51,2,3147.5,22,1,3147.3,21,1,3147.1,46,2,3148.4,236,2,3148.5,100,2,3148.6,863,5,3148.7,252,4,3148.8,203,2
2031,2026-06-16 14:40:12+05:30,3147.1,1,3134.4,2905493,127441.0,197450.0,3163.0,3163.0,3108.0,3134.3,31858400,3447.7,2820.9,3839.9,2896.0,3147.1,16,1,3146.9,85,3,3146.8,51,3,3146.7,96,5,3146.6,23,2,3148.2,225,2,3148.3,99,5,3148.4,874,6,3148.5,386,5,3148.6,286,4
2031,2026-06-16 14:40:12+05:30,3148.0,1,3134.4,2905493,127441.0,197450.0,3163.0,3163.0,3108.0,3134.3,31858400,3447.7,2820.9,3839.9,2896.0,3147.1,16,1,3146.9,85,3,3146.8,51,3,3146.7,96,5,3146.6,23,2,3148.2,225,2,3148.3,99,5,3148.4,874,6,3148.5,386,5,3148.6,286,4
2031,2026-06-16 14:40:13+05:30,3148.0,100,3134.41,2905729,126967.0,199106.0,3163.0,3163.0,3108.0,3134.3,31858400,3447.7,2820.9,3839.9,2896.0,3147.1,38,1,3146.9,17,1,3146.7,63,5,3146.6,42,3,3146.5,74,5,3148.0,141,3,3148.1,27,2,3148.2,885,8,3148.3,221,2,3148.4,263,3
2031,2026-06-16 14:40:13+05:30,3148.0,100,3134.41,2905729,126967.0,199106.0,3163.0,3163.0,3108.0,3134.3,31858400,3447.7,2820.9,3839.9,2896.0,3147.1,38,1,3146.9,17,1,3146.7,63,5,3146.6,42,3,3146.5,74,5,3148.0,141,3,3148.1,27,2,3148.2,885,8,3148.3,221,2,3148.4,263,3
2031,2026-06-16 14:40:14+05:30,3147.0,8,3134.41,2905850,127575.0,198964.0,3163.0,3163.0,3108.0,3134.3,31858400,3447.7,2820.9,3839.9,2896.0,3147.1,33,1,3147.0,40,2,3146.9,51,2,3146.8,47,2,3146.7,77,4,3148.0,114,3,3148.1,14,1,3148.2,800,4,3148.3,222,3,3148.4,234,2
2031,2026-06-16 14:40:14+05:30,3147.1,1,3134.41,2905850,127575.0,198964.0,3163.0,3163.0,3108.0,3134.3,31858400,3447.7,2820.9,3839.9,2896.0,3147.1,33,1,3147.0,40,2,3146.9,51,2,3146.8,47,2,3146.7,77,4,3148.0,114,3,3148.1,14,1,3148.2,800,4,3148.3,222,3,3148.4,234,2
2031,2026-06-16 14:40:15+05:30,3147.1,1,3134.41,2905981,126353.0,199431.0,3163.0,3163.0,3108.0,3134.3,31858400,3447.7,2820.9,3839.9,2896.0,3147.0,43,5,3146.9,34,2,3146.8,8,1,3146.7,9,1,3146.6,14,1,3147.4,121,2,3148.0,870,8,3148.1,229,3,3148.2,344,4,3148.3,438,5
2031,2026-06-16 14:40:16+05:30,3147.8,35,3134.41,2906282,127074.0,198805.0,3163.0,3163.0,3108.0,3134.3,31858400,3447.7,2820.9,3839.9,2896.0,3147.3,1,1,3147.2,2,2,3147.0,16,4,3146.7,21,1,3146.6,29,2,3147.4,55,2,3147.9,14,1,3148.0,6,1,3148.2,67,3,3148.3,110,3
2031,2026-06-16 14:40:16+05:30,3147.3,8,3134.41,2906282,127074.0,198805.0,3163.0,3163.0,3108.0,3134.3,31858400,3447.7,2820.9,3839.9,2896.0,3147.3,1,1,3147.2,2,2,3147.0,16,4,3146.7,21,1,3146.6,29,2,3147.4,55,2,3147.9,14,1,3148.0,6,1,3148.2,67,3,3148.3,110,3
2031,2026-06-16 14:40:17+05:30,3147.4,12,3134.41,2906368,127176.0,198735.0,3163.0,3163.0,3108.0,3134.3,31858400,3447.7,2820.9,3839.9,2896.0,3147.2,104,8,3147.1,14,1,3147.0,9,3,3146.8,70,3,3146.6,10,1,3147.4,30,1,3148.0,806,5,3148.2,403,3,3148.3,516,6,3148.4,69,2
2031,2026-06-16 14:40:17+05:30,3147.3,40,3134.41,2906368,127176.0,198735.0,3163.0,3163.0,3108.0,3134.3,31858400,3447.7,2820.9,3839.9,2896.0,3147.2,104,8,3147.1,14,1,3147.0,9,3,3146.8,70,3,3146.6,10,1,3147.4,30,1,3148.0,806,5,3148.2,403,3,3148.3,516,6,3148.4,69,2
2031,2026-06-16 14:40:18+05:30,3147.6,1,3134.41,2906541,126710.0,198863.0,3163.0,3163.0,3108.0,3134.3,31858400,3447.7,2820.9,3839.9,2896.0,3147.3,32,2,3147.2,106,7,3147.0,25,4,3146.7,58,2,3146.6,13,1,3147.6,216,2,3147.9,800,4,3148.0,223,3,3148.1,262,3,3148.2,438,5
2031,2026-06-16 14:40:18+05:30,3147.0,6,3134.41,2906541,126710.0,198863.0,3163.0,3163.0,3108.0,3134.3,31858400,3447.7,2820.9,3839.9,2896.0,3147.3,32,2,3147.2,106,7,3147.0,25,4,3146.7,58,2,3146.6,13,1,3147.6,216,2,3147.9,800,4,3148.0,223,3,3148.1,262,3,3148.2,438,5
2031,2026-06-16 14:40:19+05:30,3147.0,6,3134.41,2906853,126903.0,198872.0,3163.0,3163.0,3108.0,3134.3,31858400,3447.7,2820.9,3839.9,2896.0,3147.0,21,4,3146.9,116,7,3146.8,6,1,3146.7,16,2,3146.6,14,1,3147.3,129,2,3147.6,46,2,3147.9,803,5,3148.0,200,1,3148.1,254,3
2031,2026-06-16 14:40:19+05:30,3147.3,17,3134.41,2906853,126903.0,198872.0,3163.0,3163.0,3108.0,3134.3,31858400,3447.7,2820.9,3839.9,2896.0,3147.0,21,4,3146.9,116,7,3146.8,6,1,3146.7,16,2,3146.6,14,1,3147.3,129,2,3147.6,46,2,3147.9,803,5,3148.0,200,1,3148.1,254,3
2031,2026-06-16 14:40:20+05:30,3147.0,30,3134.41,2907564,125998.0,199898.0,3163.0,3163.0,3108.0,3134.3,31858400,3447.7,2820.9,3839.9,2896.0,3146.5,37,2,3146.4,18,2,3146.3,9,1,3146.2,10,1,3146.1,47,3,3147.0,164,2,3147.5,135,3,3147.6,1051,7,3147.8,497,4,3147.9,401,3
2031,2026-06-16 14:40:20+05:30,3146.5,1,3134.41,2907564,125998.0,199898.0,3163.0,3163.0,3108.0,3134.3,31858400,3447.7,2820.9,3839.9,2896.0,3146.5,37,2,3146.4,18,2,3146.3,9,1,3146.2,10,1,3146.1,47,3,3147.0,164,2,3147.5,135,3,3147.6,1051,7,3147.8,497,4,3147.9,401,3
2031,2026-06-16 14:40:21+05:30,3146.5,55,3134.41,2907726,125135.0,201171.0,3163.0,3163.0,3108.0,3134.3,31858400,3447.7,2820.9,3839.9,2896.0,3145.4,3,1,3145.3,21,1,3145.2,38,2,3145.1,116,5,3145.0,400,8,3146.5,200,1,3146.6,12,1,3146.7,84,3,3146.8,152,1,3146.9,73,3
2031,2026-06-16 14:40:21+05:30,3146.5,34,3134.41,2907726,125135.0,201171.0,3163.0,3163.0,3108.0,3134.3,31858400,3447.7,2820.9,3839.9,2896.0,3145.4,3,1,3145.3,21,1,3145.2,38,2,3145.1,116,5,3145.0,400,8,3146.5,200,1,3146.6,12,1,3146.7,84,3,3146.8,152,1,3146.9,73,3
2031,2026-06-16 14:40:22+05:30,3146.5,34,3134.42,2907960,125919.0,200507.0,3163.0,3163.0,3108.0,3134.3,31858400,3447.7,2820.9,3839.9,2896.0,3145.6,87,7,3145.5,356,9,3145.4,71,3,3145.3,99,6,3145.2,71,7,3146.7,32,1,3146.9,174,1,3147.0,155,2,3147.2,800,4,3147.3,200,1
2031,2026-06-16 14:40:22+05:30,3146.7,1,3134.42,2907960,125919.0,200507.0,3163.0,3163.0,3108.0,3134.3,31858400,3447.7,2820.9,3839.9,2896.0,3145.6,87,7,3145.5,356,9,3145.4,71,3,3145.3,99,6,3145.2,71,7,3146.7,32,1,3146.9,174,1,3147.0,155,2,3147.2,800,4,3147.3,200,1
2031,2026-06-16 14:40:23+05:30,3146.7,1,3134.42,2907961,126955.0,199898.0,3163.0,3163.0,3108.0,3134.3,31858400,3447.7,2820.9,3839.9,2896.0,3146.8,1,1,3146.1,21,1,3146.0,46,4,3145.9,75,3,3145.8,81,5,3147.0,155,2,3147.2,800,4,3147.3,200,1,3147.4,248,2,3147.5,400,2
2031,2026-06-16 14:40:24+05:30,3146.7,1,3134.42,2907961,127070.0,199604.0,3163.0,3163.0,3108.0,3134.3,31858400,3447.7,2820.9,3839.9,2896.0,3146.8,56,2,3146.6,14,1,3146.5,6,1,3146.4,48,5,3146.2,10,1,3147.0,155,2,3147.6,848,5,3147.7,203,2,3147.8,248,2,3147.9,400,2
2031,2026-06-16 14:40:25+05:30,3147.0,25,3134.42,2908116,126995.0,199149.0,3163.0,3163.0,3108.0,3134.3,31858400,3447.7,2820.9,3839.9,2896.0,3146.8,69,5,3146.7,8,2,3146.6,19,2,3146.5,31,3,3146.4,32,3,3147.0,130,1,3147.6,800,4,3147.7,200,1,3147.8,200,1,3147.9,400,2
2031,2026-06-16 14:40:25+05:30,3147.0,25,3134.42,2908116,126995.0,199149.0,3163.0,3163.0,3108.0,3134.3,31858400,3447.7,2820.9,3839.9,2896.0,3146.8,69,5,3146.7,8,2,3146.6,19,2,3146.5,31,3,3146.4,32,3,3147.0,130,1,3147.6,800,4,3147.7,200,1,3147.8,200,1,3147.9,400,2
2031,2026-06-16 14:40:26+05:30,3146.8,9,3134.42,2908116,126995.0,199149.0,3163.0,3163.0,3108.0,3134.3,31858400,3447.7,2820.9,3839.9,2896.0,3146.8,69,5,3146.7,8,2,3146.6,19,2,3146.5,31,3,3146.4,32,3,3147.0,130,1,3147.6,800,4,3147.7,200,1,3147.8,200,1,3147.9,400,2
2031,2026-06-16 14:40:26+05:30,3146.8,9,3134.42,2908126,126988.0,199736.0,3163.0,3163.0,3108.0,3134.3,31858400,3447.7,2820.9,3839.9,2896.0,3146.8,46,1,3146.7,14,1,3146.6,5,1,3146.5,31,3,3146.4,30,3,3147.0,130,2,3147.6,800,4,3147.7,200,1,3147.8,248,2,3147.9,400,2
2031,2026-06-16 14:40:27+05:30,3146.8,9,3134.42,2908126,127003.0,199643.0,3163.0,3163.0,3108.0,3134.3,31858400,3447.7,2820.9,3839.9,2896.0,3146.8,46,1,3146.3,19,2,3146.2,14,2,3146.1,113,7,3146.0,150,5,3147.0,131,3,3147.6,849,6,3147.7,200,1,3147.8,248,2,3147.9,440,3
2031,2026-06-16 14:40:28+05:30,3147.0,1,3134.42,2908127,126981.0,199743.0,3163.0,3163.0,3108.0,3134.3,31858400,3447.7,2820.9,3839.9,2896.0,3146.8,46,1,3146.3,19,2,3146.2,14,2,3146.1,113,7,3146.0,150,5,3147.0,130,3,3147.6,849,6,3147.7,200,1,3147.8,248,2,3147.9,440,3
2031,2026-06-16 14:40:28+05:30,3147.0,1,3134.42,2908127,126981.0,199743.0,3163.0,3163.0,3108.0,3134.3,31858400,3447.7,2820.9,3839.9,2896.0,3146.8,46,1,3146.3,19,2,3146.2,14,2,3146.1,113,7,3146.0,150,5,3147.0,130,3,3147.6,849,6,3147.7,200,1,3147.8,248,2,3147.9,440,3
2031,2026-06-16 14:40:29+05:30,3147.0,1,3134.42,2908129,127270.0,199816.0,3163.0,3163.0,3108.0,3134.3,31858400,3447.7,2820.9,3839.9,2896.0,3146.8,46,1,3146.7,17,1,3146.3,33,3,3146.2,14,2,3146.1,99,6,3147.0,113,4,3147.6,48,1,3147.7,800,4,3147.8,249,3,3147.9,200,1
2031,2026-06-16 14:40:29+05:30,3147.0,1,3134.42,2908129,127270.0,199816.0,3163.0,3163.0,3108.0,3134.3,31858400,3447.7,2820.9,3839.9,2896.0,3146.8,46,1,3146.7,17,1,3146.3,33,3,3146.2,14,2,3146.1,99,6,3147.0,113,4,3147.6,48,1,3147.7,800,4,3147.8,249,3,3147.9,200,1
2031,2026-06-16 14:40:30+05:30,3146.9,1,3134.42,2908129,127270.0,199816.0,3163.0,3163.0,3108.0,3134.3,31858400,3447.7,2820.9,3839.9,2896.0,3146.8,46,1,3146.7,17,1,3146.3,33,3,3146.2,14,2,3146.1,99,6,3147.0,113,4,3147.6,48,1,3147.7,800,4,3147.8,249,3,3147.9,200,1
2031,2026-06-16 14:40:30+05:30,3146.9,1,3134.42,2908513,127647.0,199246.0,3163.0,3163.0,3108.0,3134.3,31858400,3447.7,2820.9,3839.9,2896.0,3146.9,2,2,3146.8,46,2,3146.6,14,1,3146.5,14,1,3146.4,11,2,3147.0,43,3,3148.0,858,6,3148.1,364,5,3148.2,221,2,3148.3,520,4
2031,2026-06-16 14:40:31+05:30,3147.0,69,3134.42,2908513,127647.0,199246.0,3163.0,3163.0,3108.0,3134.3,31858400,3447.7,2820.9,3839.9,2896.0,3146.9,2,2,3146.8,46,2,3146.6,14,1,3146.5,14,1,3146.4,11,2,3147.0,43,3,3148.0,858,6,3148.1,364,5,3148.2,221,2,3148.3,520,4
2031,2026-06-16 14:40:32+05:30,3147.0,69,3134.42,2908636,127605.0,199267.0,3163.0,3163.0,3108.0,3134.3,31858400,3447.7,2820.9,3839.9,2896.0,3146.9,3,3,3146.8,46,2,3146.7,14,1,3146.6,14,1,3146.5,12,2,3147.0,80,1,3147.9,224,2,3148.0,821,5,3148.1,325,3,3148.2,221,2
2031,2026-06-16 14:40:33+05:30,3147.0,69,3134.42,2908636,127455.0,199350.0,3163.0,3163.0,3108.0,3134.3,31858400,3447.7,2820.9,3839.9,2896.0,3146.9,3,3,3146.8,46,2,3146.7,16,1,3146.5,20,2,3146.4,1,1,3147.0,138,3,3147.7,800,4,3147.8,203,2,3147.9,248,2,3148.0,458,4
2031,2026-06-16 14:40:34+05:30,3147.0,1,3134.42,2908637,127658.0,199112.0,3163.0,3163.0,3108.0,3134.3,31858400,3447.7,2820.9,3839.9,2896.0,3146.9,45,5,3146.8,63,4,3146.7,16,1,3146.6,33,3,3146.5,6,1,3147.0,137,3,3147.7,800,4,3147.8,203,2,3147.9,248,2,3148.0,421,3
2031,2026-06-16 14:40:34+05:30,3147.0,1,3134.42,2908637,127658.0,199112.0,3163.0,3163.0,3108.0,3134.3,31858400,3447.7,2820.9,3839.9,2896.0,3146.9,45,5,3146.8,63,4,3146.7,16,1,3146.6,33,3,3146.5,6,1,3147.0,137,3,3147.7,800,4,3147.8,203,2,3147.9,248,2,3148.0,421,3
2031,2026-06-16 14:40:35+05:30,3147.0,1,3134.42,2908638,127643.0,199148.0,3163.0,3163.0,3108.0,3134.3,31858400,3447.7,2820.9,3839.9,2896.0,3146.9,45,5,3146.8,63,4,3146.7,16,1,3146.6,19,2,3146.5,6,1,3147.0,136,3,3147.7,800,4,3147.8,203,2,3147.9,248,2,3148.0,421,3
2031,2026-06-16 14:40:35+05:30,3147.0,24,3134.42,2908638,127643.0,199148.0,3163.0,3163.0,3108.0,3134.3,31858400,3447.7,2820.9,3839.9,2896.0,3146.9,45,5,3146.8,63,4,3146.7,16,1,3146.6,19,2,3146.5,6,1,3147.0,136,3,3147.7,800,4,3147.8,203,2,3147.9,248,2,3148.0,421,3
2031,2026-06-16 14:40:35+05:30,3147.0,24,3134.42,2908638,127643.0,199148.0,3163.0,3163.0,3108.0,3134.3,31858400,3447.7,2820.9,3839.9,2896.0,3146.9,45,5,3146.8,63,4,3146.7,16,1,3146.6,19,2,3146.5,6,1,3147.0,136,3,3147.7,800,4,3147.8,203,2,3147.9,248,2,3148.0,421,3
2031,2026-06-16 14:40:36+05:30,3147.0,24,3134.42,2908982,128207.0,199407.0,3163.0,3163.0,3108.0,3134.3,31858400,3447.7,2820.9,3839.9,2896.0,3146.9,50,6,3146.8,49,3,3146.6,57,4,3146.5,54,2,3146.4,237,5,3147.0,87,2,3147.7,200,1,3147.9,186,1,3148.0,621,4,3148.1,328,4
2031,2026-06-16 14:40:36+05:30,3146.9,7,3134.42,2908982,128207.0,199407.0,3163.0,3163.0,3108.0,3134.3,31858400,3447.7,2820.9,3839.9,2896.0,3146.9,50,6,3146.8,49,3,3146.6,57,4,3146.5,54,2,3146.4,237,5,3147.0,87,2,3147.7,200,1,3147.9,186,1,3148.0,621,4,3148.1,328,4
2031,2026-06-16 14:40:37+05:30,3147.0,7,3134.42,2909079,128210.0,199152.0,3163.0,3163.0,3108.0,3134.3,31858400,3447.7,2820.9,3839.9,2896.0,3146.9,41,4,3146.8,49,3,3146.6,57,4,3146.5,54,2,3146.4,237,5,3147.0,80,1,3147.7,200,1,3148.0,621,4,3148.1,328,4,3148.2,221,2
2031,2026-06-16 14:40:37+05:30,3147.0,7,3134.42,2909079,128210.0,199152.0,3163.0,3163.0,3108.0,3134.3,31858400,3447.7,2820.9,3839.9,2896.0,3146.9,41,4,3146.8,49,3,3146.6,57,4,3146.5,54,2,3146.4,237,5,3147.0,80,1,3147.7,200,1,3148.0,621,4,3148.1,328,4,3148.2,221,2
2031,2026-06-16 14:40:37+05:30,3146.6,22,3134.42,2909079,128210.0,199152.0,3163.0,3163.0,3108.0,3134.3,31858400,3447.7,2820.9,3839.9,2896.0,3146.9,41,4,3146.8,49,3,3146.6,57,4,3146.5,54,2,3146.4,237,5,3147.0,80,1,3147.7,200,1,3148.0,621,4,3148.1,328,4,3148.2,221,2
2031,2026-06-16 14:40:38+05:30,3146.6,22,3134.42,2909235,128129.0,199117.0,3163.0,3163.0,3108.0,3134.3,31858400,3447.7,2820.9,3839.9,2896.0,3146.8,2,1,3146.5,26,3,3146.4,17,3,3146.3,56,3,3146.2,238,5,3147.0,79,1,3147.7,200,1,3147.9,85,2,3148.0,659,5,3148.1,325,3
2031,2026-06-16 14:40:39+05:30,3146.6,22,3134.42,2909235,128126.0,199322.0,3163.0,3163.0,3108.0,3134.3,31858400,3447.7,2820.9,3839.9,2896.0,3146.9,2,1,3146.5,6,1,3146.3,47,2,3146.2,38,4,3146.1,287,6,3147.0,90,3,3147.7,248,2,3147.8,3,1,3147.9,85,2,3148.0,660,6
2031,2026-06-16 14:40:39+05:30,3146.9,5,3134.42,2909235,128126.0,199322.0,3163.0,3163.0,3108.0,3134.3,31858400,3447.7,2820.9,3839.9,2896.0,3146.9,2,1,3146.5,6,1,3146.3,47,2,3146.2,38,4,3146.1,287,6,3147.0,90,3,3147.7,248,2,3147.8,3,1,3147.9,85,2,3148.0,660,6
2031,2026-06-16 14:40:40+05:30,3147.0,5,3134.42,2909246,128005.0,199751.0,3163.0,3163.0,3108.0,3134.3,31858400,3447.7,2820.9,3839.9,2896.0,3146.9,2,1,3146.5,16,1,3146.3,47,2,3146.2,18,2,3146.1,83,4,3147.0,84,3,3147.7,286,3,3147.8,4,2,3147.9,85,2,3148.0,709,7
2031,2026-06-16 14:40:40+05:30,3147.0,5,3134.42,2909246,128005.0,199751.0,3163.0,3163.0,3108.0,3134.3,31858400,3447.7,2820.9,3839.9,2896.0,3146.9,2,1,3146.5,16,1,3146.3,47,2,3146.2,18,2,3146.1,83,4,3147.0,84,3,3147.7,286,3,3147.8,4,2,3147.9,85,2,3148.0,709,7
2031,2026-06-16 14:40:40+05:30,3147.0,5,3134.42,2909246,128005.0,199751.0,3163.0,3163.0,3108.0,3134.3,31858400,3447.7,2820.9,3839.9,2896.0,3146.9,2,1,3146.5,16,1,3146.3,47,2,3146.2,18,2,3146.1,83,4,3147.0,84,3,3147.7,286,3,3147.8,4,2,3147.9,85,2,3148.0,709,7
2031,2026-06-16 14:40:41+05:30,3147.0,5,3134.42,2909246,127606.0,198388.0,3163.0,3163.0,3108.0,3134.3,31858400,3447.7,2820.9,3839.9,2896.0,3146.9,2,1,3146.5,16,1,3146.3,10,1,3146.2,4,1,3146.1,69,2,3147.0,150,5,3147.4,38,1,3147.5,67,2,3147.6,23,2,3147.7,890,6
2031,2026-06-16 14:40:41+05:30,3147.0,14,3134.42,2909246,127606.0,198388.0,3163.0,3163.0,3108.0,3134.3,31858400,3447.7,2820.9,3839.9,2896.0,3146.9,2,1,3146.5,16,1,3146.3,10,1,3146.2,4,1,3146.1,69,2,3147.0,150,5,3147.4,38,1,3147.5,67,2,3147.6,23,2,3147.7,890,6
2031,2026-06-16 14:40:42+05:30,3146.5,91,3134.42,2909360,127694.0,198549.0,3163.0,3163.0,3108.0,3134.3,31858400,3447.7,2820.9,3839.9,2896.0,3146.5,16,1,3146.3,10,1,3146.2,4,1,3146.1,48,1,3146.0,177,3,3147.0,136,5,3147.4,86,2,3147.5,67,2,3147.6,95,3,3147.7,891,7
2031,2026-06-16 14:40:42+05:30,3146.5,91,3134.42,2909360,127694.0,198549.0,3163.0,3163.0,3108.0,3134.3,31858400,3447.7,2820.9,3839.9,2896.0,3146.5,16,1,3146.3,10,1,3146.2,4,1,3146.1,48,1,3146.0,177,3,3147.0,136,5,3147.4,86,2,3147.5,67,2,3147.6,95,3,3147.7,891,7
2031,2026-06-16 14:40:42+05:30,3147.0,1,3134.42,2909360,127694.0,198549.0,3163.0,3163.0,3108.0,3134.3,31858400,3447.7,2820.9,3839.9,2896.0,3146.5,16,1,3146.3,10,1,3146.2,4,1,3146.1,48,1,3146.0,177,3,3147.0,136,5,3147.4,86,2,3147.5,67,2,3147.6,95,3,3147.7,891,7
2031,2026-06-16 14:40:43+05:30,3147.0,1,3134.42,2909362,127644.0,198381.0,3163.0,3163.0,3108.0,3134.3,31858400,3447.7,2820.9,3839.9,2896.0,3146.9,7,1,3146.5,16,1,3146.4,8,1,3146.3,24,2,3146.2,180,2,3147.0,134,5,3147.7,848,5,3147.8,223,3,3147.9,423,6,3148.0,517,6
2031,2026-06-16 14:40:43+05:30,3147.0,3,3134.42,2909362,127644.0,198381.0,3163.0,3163.0,3108.0,3134.3,31858400,3447.7,2820.9,3839.9,2896.0,3146.9,7,1,3146.5,16,1,3146.4,8,1,3146.3,24,2,3146.2,180,2,3147.0,134,5,3147.7,848,5,3147.8,223,3,3147.9,423,6,3148.0,517,6
2031,2026-06-16 14:40:44+05:30,3147.0,3,3134.42,2909365,127820.0,198414.0,3163.0,3163.0,3108.0,3134.3,31858400,3447.7,2820.9,3839.9,2896.0,3146.9,7,1,3146.7,16,1,3146.3,10,1,3146.2,180,2,3146.1,80,3,3147.0,157,6,3147.6,35,1,3147.7,849,6,3147.8,258,4,3147.9,388,5
2031,2026-06-16 14:40:44+05:30,3147.0,1,3134.42,2909365,127820.0,198414.0,3163.0,3163.0,3108.0,3134.3,31858400,3447.7,2820.9,3839.9,2896.0,3146.9,7,1,3146.7,16,1,3146.3,10,1,3146.2,180,2,3146.1,80,3,3147.0,157,6,3147.6,35,1,3147.7,849,6,3147.8,258,4,3147.9,388,5
2031,2026-06-16 14:40:45+05:30,3147.0,1,3134.42,2909365,127820.0,198414.0,3163.0,3163.0,3108.0,3134.3,31858400,3447.7,2820.9,3839.9,2896.0,3146.9,7,1,3146.7,16,1,3146.3,10,1,3146.2,180,2,3146.1,80,3,3147.0,157,6,3147.6,35,1,3147.7,849,6,3147.8,258,4,3147.9,388,5
2031,2026-06-16 14:40:45+05:30,3147.0,12,3134.42,2909378,127922.0,198289.0,3163.0,3163.0,3108.0,3134.3,31858400,3447.7,2820.9,3839.9,2896.0,3146.9,1,1,3146.8,5,1,3146.7,16,1,3146.4,38,3,3146.3,10,1,3147.0,144,6,3147.7,848,5,3147.8,223,3,3147.9,352,4,3148.0,515,6
2031,2026-06-16 14:40:45+05:30,3147.0,2,3134.42,2909378,127922.0,198289.0,3163.0,3163.0,3108.0,3134.3,31858400,3447.7,2820.9,3839.9,2896.0,3146.9,1,1,3146.8,5,1,3146.7,16,1,3146.4,38,3,3146.3,10,1,3147.0,144,6,3147.7,848,5,3147.8,223,3,3147.9,352,4,3148.0,515,6
2031,2026-06-16 14:40:46+05:30,3147.0,2,3134.42,2909383,127907.0,198286.0,3163.0,3163.0,3108.0,3134.3,31858400,3447.7,2820.9,3839.9,2896.0,3146.9,2,2,3146.8,5,1,3146.7,16,1,3146.5,14,1,3146.4,24,2,3147.0,140,7,3147.7,848,5,3147.8,223,3,3147.9,352,4,3148.0,515,6
2031,2026-06-16 14:40:46+05:30,3147.0,2,3134.42,2909383,127907.0,198286.0,3163.0,3163.0,3108.0,3134.3,31858400,3447.7,2820.9,3839.9,2896.0,3146.9,2,2,3146.8,5,1,3146.7,16,1,3146.5,14,1,3146.4,24,2,3147.0,140,7,3147.7,848,5,3147.8,223,3,3147.9,352,4,3148.0,515,6
2031,2026-06-16 14:40:46+05:30,3146.9,5,3134.42,2909383,127907.0,198286.0,3163.0,3163.0,3108.0,3134.3,31858400,3447.7,2820.9,3839.9,2896.0,3146.9,2,2,3146.8,5,1,3146.7,16,1,3146.5,14,1,3146.4,24,2,3147.0,140,7,3147.7,848,5,3147.8,223,3,3147.9,352,4,3148.0,515,6
2031,2026-06-16 14:40:47+05:30,3146.9,5,3134.42,2909392,127896.0,198289.0,3163.0,3163.0,3108.0,3134.3,31858400,3447.7,2820.9,3839.9,2896.0,3146.9,1,1,3146.8,5,1,3146.7,16,1,3146.5,14,1,3146.4,14,1,3147.0,140,7,3147.7,848,5,3147.8,223,3,3147.9,352,4,3148.0,514,5
2031,2026-06-16 14:40:47+05:30,3147.0,16,3134.42,2909392,127896.0,198289.0,3163.0,3163.0,3108.0,3134.3,31858400,3447.7,2820.9,3839.9,2896.0,3146.9,1,1,3146.8,5,1,3146.7,16,1,3146.5,14,1,3146.4,14,1,3147.0,140,7,3147.7,848,5,3147.8,223,3,3147.9,352,4,3148.0,514,5
2031,2026-06-16 14:40:48+05:30,3147.0,16,3134.42,2909392,127896.0,198289.0,3163.0,3163.0,3108.0,3134.3,31858400,3447.7,2820.9,3839.9,2896.0,3146.9,1,1,3146.8,5,1,3146.7,16,1,3146.5,14,1,3146.4,14,1,3147.0,140,7,3147.7,848,5,3147.8,223,3,3147.9,352,4,3148.0,514,5
2031,2026-06-16 14:40:48+05:30,3147.0,16,3134.42,2909548,127884.0,198246.0,3163.0,3163.0,3108.0,3134.3,31858400,3447.7,2820.9,3839.9,2896.0,3146.9,3,2,3146.8,5,1,3146.6,14,1,3146.5,14,1,3146.4,19,2,3147.0,64,1,3147.7,800,4,3147.8,223,3,3147.9,352,4,3148.0,514,5
2031,2026-06-16 14:40:48+05:30,3147.0,1,3134.42,2909548,127884.0,198246.0,3163.0,3163.0,3108.0,3134.3,31858400,3447.7,2820.9,3839.9,2896.0,3146.9,3,2,3146.8,5,1,3146.6,14,1,3146.5,14,1,3146.4,19,2,3147.0,64,1,3147.7,800,4,3147.8,223,3,3147.9,352,4,3148.0,514,5
2031,2026-06-16 14:40:48+05:30,3147.0,1,3134.42,2909548,127884.0,198246.0,3163.0,3163.0,3108.0,3134.3,31858400,3447.7,2820.9,3839.9,2896.0,3146.9,3,2,3146.8,5,1,3146.6,14,1,3146.5,14,1,3146.4,19,2,3147.0,64,1,3147.7,800,4,3147.8,223,3,3147.9,352,4,3148.0,514,5
2031,2026-06-16 14:40:49+05:30,3147.0,1,3134.42,2909549,127728.0,198307.0,3163.0,3163.0,3108.0,3134.3,31858400,3447.7,2820.9,3839.9,2896.0,3146.9,4,3,3146.8,5,1,3146.5,15,1,3146.4,11,1,3146.3,58,2,3147.0,73,2,3147.8,23,2,3147.9,952,7,3148.0,314,4,3148.1,325,3
2031,2026-06-16 14:40:49+05:30,3147.0,1,3134.42,2909549,127728.0,198307.0,3163.0,3163.0,3108.0,3134.3,31858400,3447.7,2820.9,3839.9,2896.0,3146.9,4,3,3146.8,5,1,3146.5,15,1,3146.4,11,1,3146.3,58,2,3147.0,73,2,3147.8,23,2,3147.9,952,7,3148.0,314,4,3148.1,325,3
2031,2026-06-16 14:40:50+05:30,3147.0,1,3134.42,2909549,127728.0,198307.0,3163.0,3163.0,3108.0,3134.3,31858400,3447.7,2820.9,3839.9,2896.0,3146.9,4,3,3146.8,5,1,3146.5,15,1,3146.4,11,1,3146.3,58,2,3147.0,73,2,3147.8,23,2,3147.9,952,7,3148.0,314,4,3148.1,325,3
2031,2026-06-16 14:40:50+05:30,3147.0,1,3134.42,2909550,127694.0,198219.0,3163.0,3163.0,3108.0,3134.3,31858400,3447.7,2820.9,3839.9,2896.0,3146.9,4,3,3146.8,5,1,3146.7,16,1,3146.4,11,1,3146.3,58,2,3147.0,62,1,3147.8,823,6,3147.9,190,4,3148.0,514,5,3148.1,525,4
2031,2026-06-16 14:40:50+05:30,3147.0,1,3134.42,2909550,127694.0,198219.0,3163.0,3163.0,3108.0,3134.3,31858400,3447.7,2820.9,3839.9,2896.0,3146.9,4,3,3146.8,5,1,3146.7,16,1,3146.4,11,1,3146.3,58,2,3147.0,62,1,3147.8,823,6,3147.9,190,4,3148.0,514,5,3148.1,525,4
2031,2026-06-16 14:40:50+05:30,3147.0,1,3134.42,2909550,127694.0,198219.0,3163.0,3163.0,3108.0,3134.3,31858400,3447.7,2820.9,3839.9,2896.0,3146.9,4,3,3146.8,5,1,3146.7,16,1,3146.4,11,1,3146.3,58,2,3147.0,62,1,3147.8,823,6,3147.9,190,4,3148.0,514,5,3148.1,525,4
2031,2026-06-16 14:40:51+05:30,3147.0,1,3134.42,2909550,127565.0,198700.0,3163.0,3163.0,3108.0,3134.3,31858400,3447.7,2820.9,3839.9,2896.0,3146.9,4,3,3146.8,5,1,3146.7,16,1,3146.3,10,1,3146.2,4,1,3147.0,125,3,3147.4,826,5,3147.5,267,4,3147.6,238,2,3147.7,511,4
2031,2026-06-16 14:40:51+05:30,3147.0,1,3134.42,2909550,127565.0,198700.0,3163.0,3163.0,3108.0,3134.3,31858400,3447.7,2820.9,3839.9,2896.0,3146.9,4,3,3146.8,5,1,3146.7,16,1,3146.3,10,1,3146.2,4,1,3147.0,125,3,3147.4,826,5,3147.5,267,4,3147.6,238,2,3147.7,511,4
2031,2026-06-16 14:40:51+05:30,3147.0,11,3134.42,2909550,127565.0,198700.0,3163.0,3163.0,3108.0,3134.3,31858400,3447.7,2820.9,3839.9,2896.0,3146.9,4,3,3146.8,5,1,3146.7,16,1,3146.3,10,1,3146.2,4,1,3147.0,125,3,3147.4,826,5,3147.5,267,4,3147.6,238,2,3147.7,511,4
2031,2026-06-16 14:40:52+05:30,3147.0,5,3134.42,2909566,127571.0,198741.0,3163.0,3163.0,3108.0,3134.3,31858400,3447.7,2820.9,3839.9,2896.0,3146.9,3,2,3146.8,5,1,3146.7,16,1,3146.3,10,1,3146.2,4,1,3147.0,143,4,3147.4,861,6,3147.5,231,2,3147.6,311,5,3147.7,511,4
2031,2026-06-16 14:40:52+05:30,3147.0,5,3134.42,2909566,127571.0,198741.0,3163.0,3163.0,3108.0,3134.3,31858400,3447.7,2820.9,3839.9,2896.0,3146.9,3,2,3146.8,5,1,3146.7,16,1,3146.3,10,1,3146.2,4,1,3147.0,143,4,3147.4,861,6,3147.5,231,2,3147.6,311,5,3147.7,511,4
2031,2026-06-16 14:40:52+05:30,3146.7,4,3134.42,2909566,127571.0,198741.0,3163.0,3163.0,3108.0,3134.3,31858400,3447.7,2820.9,3839.9,2896.0,3146.9,3,2,3146.8,5,1,3146.7,16,1,3146.3,10,1,3146.2,4,1,3147.0,143,4,3147.4,861,6,3147.5,231,2,3147.6,311,5,3147.7,511,4
2031,2026-06-16 14:40:53+05:30,3146.7,4,3134.42,2909566,127571.0,198741.0,3163.0,3163.0,3108.0,3134.3,31858400,3447.7,2820.9,3839.9,2896.0,3146.9,3,2,3146.8,5,1,3146.7,16,1,3146.3,10,1,3146.2,4,1,3147.0,143,4,3147.4,861,6,3147.5,231,2,3147.6,311,5,3147.7,511,4
2031,2026-06-16 14:40:53+05:30,3146.7,4,3134.42,2909734,125513.0,200492.0,3163.0,3163.0,3108.0,3134.3,31858400,3447.7,2820.9,3839.9,2896.0,3146.0,1,1,3145.3,21,1,3145.2,165,2,3145.1,39,2,3145.0,353,8,3146.5,842,6,3146.6,50,2,3146.7,457,5,3146.8,536,6,3146.9,38,2
2031,2026-06-16 14:40:53+05:30,3146.7,4,3134.42,2909734,125513.0,200492.0,3163.0,3163.0,3108.0,3134.3,31858400,3447.7,2820.9,3839.9,2896.0,3146.0,1,1,3145.3,21,1,3145.2,165,2,3145.1,39,2,3145.0,353,8,3146.5,842,6,3146.6,50,2,3146.7,457,5,3146.8,536,6,3146.9,38,2
2031,2026-06-16 14:40:54+05:30,3146.7,4,3134.42,2909734,125676.0,200492.0,3163.0,3163.0,3108.0,3134.3,31858400,3447.7,2820.9,3839.9,2896.0,3146.0,38,2,3145.3,21,1,3145.2,165,2,3145.1,39,2,3145.0,353,8,3146.5,867,7,3146.6,50,2,3146.7,457,5,3146.8,536,6,3146.9,38,2
2031,2026-06-16 14:40:54+05:30,3146.7,4,3134.42,2909734,125676.0,200492.0,3163.0,3163.0,3108.0,3134.3,31858400,3447.7,2820.9,3839.9,2896.0,3146.0,38,2,3145.3,21,1,3145.2,165,2,3145.1,39,2,3145.0,353,8,3146.5,867,7,3146.6,50,2,3146.7,457,5,3146.8,536,6,3146.9,38,2
2031,2026-06-16 14:40:54+05:30,3146.5,1,3134.42,2909734,125676.0,200492.0,3163.0,3163.0,3108.0,3134.3,31858400,3447.7,2820.9,3839.9,2896.0,3146.0,38,2,3145.3,21,1,3145.2,165,2,3145.1,39,2,3145.0,353,8,3146.5,867,7,3146.6,50,2,3146.7,457,5,3146.8,536,6,3146.9,38,2
2031,2026-06-16 14:40:55+05:30,3146.5,1,3134.42,2909738,125720.0,200439.0,3163.0,3163.0,3108.0,3134.3,31858400,3447.7,2820.9,3839.9,2896.0,3146.0,38,2,3145.3,21,1,3145.2,165,2,3145.1,87,3,3145.0,356,9,3146.5,863,7,3146.6,17,1,3146.7,490,6,3146.8,536,6,3146.9,38,2
2031,2026-06-16 14:40:55+05:30,3146.5,1,3134.42,2909738,125720.0,200439.0,3163.0,3163.0,3108.0,3134.3,31858400,3447.7,2820.9,3839.9,2896.0,3146.0,38,2,3145.3,21,1,3145.2,165,2,3145.1,87,3,3145.0,356,9,3146.5,863,7,3146.6,17,1,3146.7,490,6,3146.8,536,6,3146.9,38,2
2031,2026-06-16 14:40:55+05:30,3146.5,1,3134.42,2909738,125720.0,200439.0,3163.0,3163.0,3108.0,3134.3,31858400,3447.7,2820.9,3839.9,2896.0,3146.0,38,2,3145.3,21,1,3145.2,165,2,3145.1,87,3,3145.0,356,9,3146.5,863,7,3146.6,17,1,3146.7,490,6,3146.8,536,6,3146.9,38,2
2031,2026-06-16 14:40:56+05:30,3146.5,1,3134.42,2909738,126633.0,200017.0,3163.0,3163.0,3108.0,3134.3,31858400,3447.7,2820.9,3839.9,2896.0,3146.0,38,2,3145.3,69,2,3145.2,165,2,3145.1,87,3,3145.0,556,10,3146.5,46,2,3146.6,17,1,3146.7,8,1,3146.8,81,3,3146.9,806,5
2031,2026-06-16 14:40:56+05:30,3146.5,1,3134.42,2909738,126633.0,200017.0,3163.0,3163.0,3108.0,3134.3,31859800,3447.7,2820.9,3839.9,2896.0,3146.0,38,2,3145.3,69,2,3145.2,165,2,3145.1,87,3,3145.0,556,10,3146.5,46,2,3146.6,17,1,3146.7,8,1,3146.8,81,3,3146.9,806,5
2031,2026-06-16 14:40:56+05:30,3146.0,8,3134.42,2909738,126633.0,200017.0,3163.0,3163.0,3108.0,3134.3,31859800,3447.7,2820.9,3839.9,2896.0,3146.0,38,2,3145.3,69,2,3145.2,165,2,3145.1,87,3,3145.0,556,10,3146.5,46,2,3146.6,17,1,3146.7,8,1,3146.8,81,3,3146.9,806,5
2031,2026-06-16 14:40:57+05:30,3146.0,8,3134.42,2909747,126643.0,199983.0,3163.0,3163.0,3108.0,3134.3,31859800,3447.7,2820.9,3839.9,2896.0,3146.0,29,1,3145.4,173,1,3145.3,69,2,3145.2,6,1,3145.1,87,3,3146.5,46,2,3146.6,17,1,3146.7,38,1,3146.8,81,3,3146.9,806,5
2031,2026-06-16 14:40:58+05:30,3145.9,8,3134.42,2909789,126178.0,200073.0,3163.0,3163.0,3108.0,3134.3,31859800,3447.7,2820.9,3839.9,2896.0,3145.9,9,1,3145.4,152,1,3145.3,70,2,3145.2,6,1,3145.1,20,1,3146.5,25,1,3146.6,89,3,3146.8,120,5,3146.9,887,7,3147.0,426,7
2031,2026-06-16 14:40:58+05:30,3145.9,8,3134.42,2909789,126178.0,200073.0,3163.0,3163.0,3108.0,3134.3,31859800,3447.7,2820.9,3839.9,2896.0,3145.9,9,1,3145.4,152,1,3145.3,70,2,3145.2,6,1,3145.1,20,1,3146.5,25,1,3146.6,89,3,3146.8,120,5,3146.9,887,7,3147.0,426,7
2031,2026-06-16 14:40:59+05:30,3145.9,8,3134.42,2909789,125662.0,200558.0,3163.0,3163.0,3108.0,3134.3,31859800,3447.7,2820.9,3839.9,2896.0,3145.5,17,1,3145.4,170,1,3145.3,49,1,3145.2,13,2,3145.1,20,1,3146.5,25,1,3146.6,72,2,3146.7,63,1,3146.8,120,5,3146.9,890,8
2031,2026-06-16 14:41:00+05:30,3146.5,1,3134.42,2909790,126365.0,200221.0,3163.0,3163.0,3108.0,3134.3,31859800,3447.7,2820.9,3839.9,2896.0,3146.0,8,3,3145.6,15,1,3145.5,1,1,3145.4,158,1,3145.3,20,1,3146.5,25,2,3146.6,34,1,3146.8,81,3,3146.9,858,8,3147.0,526,8
2031,2026-06-16 14:41:00+05:30,3145.6,147,3134.42,2909790,126365.0,200221.0,3163.0,3163.0,3108.0,3134.3,31859800,3447.7,2820.9,3839.9,2896.0,3146.0,8,3,3145.6,15,1,3145.5,1,1,3145.4,158,1,3145.3,20,1,3146.5,25,2,3146.6,34,1,3146.8,81,3,3146.9,858,8,3147.0,526,8
2031,2026-06-16 14:41:01+05:30,3145.6,147,3134.42,2909992,125675.0,200614.0,3163.0,3163.0,3108.0,3134.3,31859800,3447.7,2820.9,3839.9,2896.0,3145.6,3,2,3145.5,1,1,3145.3,17,1,3145.2,185,2,3145.1,20,1,3146.4,81,6,3146.5,954,11,3146.6,413,6,3146.7,280,3,3146.8,555,6
2031,2026-06-16 14:41:01+05:30,3146.4,1,3134.42,2909992,125675.0,200614.0,3163.0,3163.0,3108.0,3134.3,31859800,3447.7,2820.9,3839.9,2896.0,3145.6,3,2,3145.5,1,1,3145.3,17,1,3145.2,185,2,3145.1,20,1,3146.4,81,6,3146.5,954,11,3146.6,413,6,3146.7,280,3,3146.8,555,6
2031,2026-06-16 14:41:02+05:30,3145.6,1,3134.42,2909997,125147.0,200479.0,3163.0,3163.0,3108.0,3134.3,31859800,3447.7,2820.9,3839.9,2896.0,3145.5,16,2,3145.2,6,1,3145.0,315,6,3144.9,25,2,3144.8,4,1,3145.9,25,2,3146.0,112,4,3146.1,23,2,3146.2,109,3,3146.3,844,5
2031,2026-06-16 14:41:02+05:30,3145.6,1,3134.42,2909997,125147.0,200479.0,3163.0,3163.0,3108.0,3134.3,31859800,3447.7,2820.9,3839.9,2896.0,3145.5,16,2,3145.2,6,1,3145.0,315,6,3144.9,25,2,3144.8,4,1,3145.9,25,2,3146.0,112,4,3146.1,23,2,3146.2,109,3,3146.3,844,5
2031,2026-06-16 14:41:03+05:30,3145.9,10,3134.42,2910008,125242.0,200502.0,3163.0,3163.0,3108.0,3134.3,31859800,3447.7,2820.9,3839.9,2896.0,3145.5,16,2,3145.2,6,1,3145.0,315,6,3144.9,25,2,3144.8,4,1,3145.9,36,4,3146.0,92,3,3146.1,23,2,3146.2,140,4,3146.3,796,4
2031,2026-06-16 14:41:03+05:30,3145.9,10,3134.42,2910008,125242.0,200502.0,3163.0,3163.0,3108.0,3134.3,31859800,3447.7,2820.9,3839.9,2896.0,3145.5,16,2,3145.2,6,1,3145.0,315,6,3144.9,25,2,3144.8,4,1,3145.9,36,4,3146.0,92,3,3146.1,23,2,3146.2,140,4,3146.3,796,4
2031,2026-06-16 14:41:04+05:30,3145.9,10,3134.42,2910008,125089.0,200556.0,3163.0,3163.0,3108.0,3134.3,31859800,3447.7,2820.9,3839.9,2896.0,3145.5,17,3,3145.2,6,1,3145.0,315,6,3144.9,25,2,3144.8,4,1,3145.9,53,5,3146.0,92,3,3146.1,23,2,3146.2,140,4,3146.3,796,4
2031,2026-06-16 14:41:05+05:30,3145.9,1,3134.42,2910008,125089.0,200556.0,3163.0,3163.0,3108.0,3134.3,31859800,3447.7,2820.9,3839.9,2896.0,3145.5,17,3,3145.2,6,1,3145.0,315,6,3144.9,25,2,3144.8,4,1,3145.9,53,5,3146.0,92,3,3146.1,23,2,3146.2,140,4,3146.3,796,4
2031,2026-06-16 14:41:05+05:30,3145.9,1,3134.42,2910009,125492.0,200358.0,3163.0,3163.0,3108.0,3134.3,31859800,3447.7,2820.9,3839.9,2896.0,3145.5,17,3,3145.2,6,1,3145.1,165,1,3145.0,315,6,3144.9,73,3,3145.9,66,6,3146.0,54,2,3146.1,23,2,3146.2,140,4,3146.3,796,4
2031,2026-06-16 14:41:06+05:30,3145.2,6,3134.42,2910009,125492.0,200358.0,3163.0,3163.0,3108.0,3134.3,31859800,3447.7,2820.9,3839.9,2896.0,3145.5,17,3,3145.2,6,1,3145.1,165,1,3145.0,315,6,3144.9,73,3,3145.9,66,6,3146.0,54,2,3146.1,23,2,3146.2,140,4,3146.3,796,4
2031,2026-06-16 14:41:07+05:30,3145.2,6,3134.42,2910207,124738.0,200710.0,3163.0,3163.0,3108.0,3134.3,31859800,3447.7,2820.9,3839.9,2896.0,3145.0,315,6,3144.9,4,1,3144.8,4,1,3144.7,27,2,3144.5,36,2,3145.7,12,1,3145.8,186,7,3145.9,54,6,3146.0,134,4,3146.1,996,5
2031,2026-06-16 14:41:07+05:30,3145.0,127,3134.42,2910207,124738.0,200710.0,3163.0,3163.0,3108.0,3134.3,31859800,3447.7,2820.9,3839.9,2896.0,3145.0,315,6,3144.9,4,1,3144.8,4,1,3144.7,27,2,3144.5,36,2,3145.7,12,1,3145.8,186,7,3145.9,54,6,3146.0,134,4,3146.1,996,5
2031,2026-06-16 14:41:08+05:30,3145.0,127,3134.43,2910454,124484.0,200692.0,3163.0,3163.0,3108.0,3134.3,31859800,3447.7,2820.9,3839.9,2896.0,3145.0,107,4,3144.9,4,1,3144.8,4,1,3144.7,27,2,3144.5,20,1,3145.7,12,1,3145.8,104,5,3145.9,84,7,3146.0,145,4,3146.1,1044,6
2031,2026-06-16 14:41:08+05:30,3145.0,33,3134.43,2910454,124484.0,200692.0,3163.0,3163.0,3108.0,3134.3,31859800,3447.7,2820.9,3839.9,2896.0,3145.0,107,4,3144.9,4,1,3144.8,4,1,3144.7,27,2,3144.5,20,1,3145.7,12,1,3145.8,104,5,3145.9,84,7,3146.0,145,4,3146.1,1044,6
2031,2026-06-16 14:41:09+05:30,3145.0,33,3134.43,2910556,124558.0,201413.0,3163.0,3163.0,3108.0,3134.3,31859800,3447.7,2820.9,3839.9,2896.0,3145.0,6,1,3144.9,20,2,3144.8,4,1,3144.7,6,1,3144.5,20,1,3145.5,12,1,3145.6,79,5,3145.7,63,5,3145.8,178,5,3145.9,1056,7
2031,2026-06-16 14:41:09+05:30,3144.7,6,3134.43,2910556,124558.0,201413.0,3163.0,3163.0,3108.0,3134.3,31859800,3447.7,2820.9,3839.9,2896.0,3145.0,6,1,3144.9,20,2,3144.8,4,1,3144.7,6,1,3144.5,20,1,3145.5,12,1,3145.6,79,5,3145.7,63,5,3145.8,178,5,3145.9,1056,7
2031,2026-06-16 14:41:10+05:30,3144.7,6,3134.43,2910736,123209.0,202146.0,3163.0,3163.0,3108.0,3134.3,31859800,3447.7,2820.9,3839.9,2896.0,3144.4,4,1,3144.0,30,3,3143.9,26,3,3143.8,4,1,3143.7,121,2,3144.8,36,2,3144.9,250,3,3145.0,77,3,3145.1,997,6,3145.2,298,4
2031,2026-06-16 14:41:11+05:30,3144.5,1,3134.43,2910860,122739.0,201822.0,3163.0,3163.0,3108.0,3134.3,31859800,3447.7,2820.9,3839.9,2896.0,3143.7,94,1,3143.6,31,3,3143.5,25,3,3143.4,52,2,3143.3,67,3,3144.5,2,1,3144.6,24,1,3144.8,1,1,3144.9,226,2,3145.0,48,1
2031,2026-06-16 14:41:11+05:30,3143.7,26,3134.43,2910860,122739.0,201822.0,3163.0,3163.0,3108.0,3134.3,31859800,3447.7,2820.9,3839.9,2896.0,3143.7,94,1,3143.6,31,3,3143.5,25,3,3143.4,52,2,3143.3,67,3,3144.5,2,1,3144.6,24,1,3144.8,1,1,3144.9,226,2,3145.0,48,1
2031,2026-06-16 14:41:12+05:30,3143.7,26,3134.43,2910886,122793.0,201697.0,3163.0,3163.0,3108.0,3134.3,31859800,3447.7,2820.9,3839.9,2896.0,3143.7,70,2,3143.6,31,3,3143.5,27,2,3143.4,52,2,3143.3,22,1,3144.5,23,2,3144.6,24,1,3144.8,1,1,3144.9,1222,7,3145.0,297,4
2031,2026-06-16 14:41:12+05:30,3143.4,4,3134.43,2910886,122793.0,201697.0,3163.0,3163.0,3108.0,3134.3,31859800,3447.7,2820.9,3839.9,2896.0,3143.7,70,2,3143.6,31,3,3143.5,27,2,3143.4,52,2,3143.3,22,1,3144.5,23,2,3144.6,24,1,3144.8,1,1,3144.9,1222,7,3145.0,297,4
2031,2026-06-16 14:41:13+05:30,3143.4,4,3134.43,2911306,123133.0,200730.0,3163.0,3163.0,3108.0,3134.3,31859800,3447.7,2820.9,3839.9,2896.0,3143.4,23,2,3143.3,160,5,3143.2,61,1,3143.1,50,4,3143.0,21,3,3144.5,22,2,3144.7,800,4,3144.8,254,3,3144.9,465,5,3145.0,504,4
2031,2026-06-16 14:41:13+05:30,3144.4,200,3134.43,2911306,123133.0,200730.0,3163.0,3163.0,3108.0,3134.3,31859800,3447.7,2820.9,3839.9,2896.0,3143.4,23,2,3143.3,160,5,3143.2,61,1,3143.1,50,4,3143.0,21,3,3144.5,22,2,3144.7,800,4,3144.8,254,3,3144.9,465,5,3145.0,504,4
2031,2026-06-16 14:41:14+05:30,3144.4,200,3134.43,2911506,123170.0,200872.0,3163.0,3163.0,3108.0,3134.3,31859800,3447.7,2820.9,3839.9,2896.0,3143.4,78,4,3143.3,184,7,3143.2,77,2,3143.1,50,4,3143.0,26,3,3144.5,1023,8,3144.6,200,1,3144.7,248,2,3144.8,407,4,3144.9,64,2
2031,2026-06-16 14:41:14+05:30,3144.5,1,3134.43,2911506,123170.0,200872.0,3163.0,3163.0,3108.0,3134.3,31859800,3447.7,2820.9,3839.9,2896.0,3143.4,78,4,3143.3,184,7,3143.2,77,2,3143.1,50,4,3143.0,26,3,3144.5,1023,8,3144.6,200,1,3144.7,248,2,3144.8,407,4,3144.9,64,2
2031,2026-06-16 14:41:15+05:30,3144.5,1,3134.43,2911508,123260.0,201046.0,3163.0,3163.0,3108.0,3134.3,31859800,3447.7,2820.9,3839.9,2896.0,3144.0,2,2,3143.5,21,1,3143.4,98,4,3143.3,118,6,3143.2,46,2,3144.5,1051,9,3144.6,200,1,3144.7,248,2,3144.8,406,3,3144.9,1,1
2031,2026-06-16 14:41:16+05:30,3144.0,1,3134.43,2911516,123066.0,201516.0,3163.0,3163.0,3108.0,3134.3,31859800,3447.7,2820.9,3839.9,2896.0,3143.4,119,6,3143.3,35,3,3143.2,46,2,3143.1,54,4,3143.0,36,3,3144.0,1,1,3144.5,1051,9,3144.6,200,1,3144.7,248,2,3144.8,406,3
2031,2026-06-16 14:41:16+05:30,3144.0,1,3134.43,2911516,123066.0,201516.0,3163.0,3163.0,3108.0,3134.3,31859800,3447.7,2820.9,3839.9,2896.0,3143.4,119,6,3143.3,35,3,3143.2,46,2,3143.1,54,4,3143.0,36,3,3144.0,1,1,3144.5,1051,9,3144.6,200,1,3144.7,248,2,3144.8,406,3
2031,2026-06-16 14:41:17+05:30,3143.4,3,3134.43,2911574,123003.0,201511.0,3163.0,3163.0,3108.0,3134.3,31859800,3447.7,2820.9,3839.9,2896.0,3143.4,40,2,3143.3,28,2,3143.2,14,1,3143.1,24,2,3143.0,22,2,3144.0,21,3,3144.5,1015,7,3144.6,200,1,3144.7,248,2,3144.8,406,3
2031,2026-06-16 14:41:17+05:30,3143.4,3,3134.43,2911574,123003.0,201511.0,3163.0,3163.0,3108.0,3134.3,31859800,3447.7,2820.9,3839.9,2896.0,3143.4,40,2,3143.3,28,2,3143.2,14,1,3143.1,24,2,3143.0,22,2,3144.0,21,3,3144.5,1015,7,3144.6,200,1,3144.7,248,2,3144.8,406,3
2031,2026-06-16 14:41:19+05:30,3143.4,3,3134.43,2911574,123038.0,201513.0,3163.0,3163.0,3108.0,3134.3,31859800,3447.7,2820.9,3839.9,2896.0,3143.4,41,3,3143.3,28,2,3143.2,14,1,3143.1,38,3,3143.0,49,4,3144.0,30,5,3144.5,1015,7,3144.6,200,1,3144.7,248,2,3144.8,406,3
2031,2026-06-16 14:41:19+05:30,3144.0,1,3134.43,2911574,123038.0,201513.0,3163.0,3163.0,3108.0,3134.3,31859800,3447.7,2820.9,3839.9,2896.0,3143.4,41,3,3143.3,28,2,3143.2,14,1,3143.1,38,3,3143.0,49,4,3144.0,30,5,3144.5,1015,7,3144.6,200,1,3144.7,248,2,3144.8,406,3
2031,2026-06-16 14:41:19+05:30,3144.0,1,3134.43,2911674,123070.0,201289.0,3163.0,3163.0,3108.0,3134.3,31859800,3447.7,2820.9,3839.9,2896.0,3143.3,69,7,3143.2,46,3,3143.1,24,2,3143.0,104,6,3142.9,179,3,3144.0,20,1,3144.5,1015,7,3144.6,200,1,3144.7,248,2,3144.8,406,3
2031,2026-06-16 14:41:20+05:30,3144.0,1,3134.43,2911674,123135.0,201478.0,3163.0,3163.0,3108.0,3134.3,31859800,3447.7,2820.9,3839.9,2896.0,3143.5,29,1,3143.4,79,5,3143.3,117,8,3143.2,21,2,3143.1,38,3,3144.0,20,1,3144.5,1015,7,3144.6,200,1,3144.7,200,1,3144.8,400,2
2031,2026-06-16 14:41:21+05:30,3144.1,13,3134.43,2911933,124121.0,200242.0,3163.0,3163.0,3108.0,3134.3,31859800,3447.7,2820.9,3839.9,2896.0,3144.1,48,5,3144.0,78,6,3143.9,51,4,3143.8,38,3,3143.7,90,5,3144.5,15,2,3145.1,1000,5,3145.2,200,1,3145.3,200,1,3145.4,400,2
2031,2026-06-16 14:41:21+05:30,3144.1,13,3134.43,2911933,124121.0,200242.0,3163.0,3163.0,3108.0,3134.3,31859800,3447.7,2820.9,3839.9,2896.0,3144.1,48,5,3144.0,78,6,3143.9,51,4,3143.8,38,3,3143.7,90,5,3144.5,15,2,3145.1,1000,5,3145.2,200,1,3145.3,200,1,3145.4,400,2
2031,2026-06-16 14:41:22+05:30,3144.1,13,3134.43,2911933,124125.0,200075.0,3163.0,3163.0,3108.0,3134.3,31859800,3447.7,2820.9,3839.9,2896.0,3144.1,53,6,3144.0,66,5,3143.9,83,5,3143.8,38,3,3143.7,120,7,3144.5,17,3,3145.1,800,4,3145.2,200,1,3145.3,200,1,3145.4,400,2
2031,2026-06-16 14:41:23+05:30,3144.1,13,3134.43,2911933,124158.0,200012.0,3163.0,3163.0,3108.0,3134.3,31859800,3447.7,2820.9,3839.9,2896.0,3144.1,53,6,3144.0,34,3,3143.9,83,5,3143.8,67,4,3143.7,120,7,3144.5,17,3,3145.1,800,4,3145.2,200,1,3145.3,200,1,3145.4,400,2
2031,2026-06-16 14:41:24+05:30,3144.5,1,3134.43,2911933,124158.0,200012.0,3163.0,3163.0,3108.0,3134.3,31859800,3447.7,2820.9,3839.9,2896.0,3144.1,53,6,3144.0,34,3,3143.9,83,5,3143.8,67,4,3143.7,120,7,3144.5,17,3,3145.1,800,4,3145.2,200,1,3145.3,200,1,3145.4,400,2
2031,2026-06-16 14:41:24+05:30,3144.5,1,3134.43,2911938,123977.0,200249.0,3163.0,3163.0,3108.0,3134.3,31859800,3447.7,2820.9,3839.9,2896.0,3144.1,48,5,3144.0,34,3,3143.9,83,5,3143.8,67,4,3143.7,120,7,3144.5,16,2,3145.1,800,4,3145.2,200,1,3145.3,200,1,3145.4,400,2
2031,2026-06-16 14:41:25+05:30,3144.2,42,3134.43,2911980,123869.0,200262.0,3163.0,3163.0,3108.0,3134.3,31859800,3447.7,2820.9,3839.9,2896.0,3144.2,17,1,3144.1,84,6,3144.0,34,3,3143.9,71,4,3143.8,52,4,3144.5,16,2,3145.1,800,4,3145.2,229,2,3145.3,200,1,3145.4,400,2
2031,2026-06-16 14:41:25+05:30,3144.2,42,3134.43,2911980,123869.0,200262.0,3163.0,3163.0,3108.0,3134.3,31859800,3447.7,2820.9,3839.9,2896.0,3144.2,17,1,3144.1,84,6,3144.0,34,3,3143.9,71,4,3143.8,52,4,3144.5,16,2,3145.1,800,4,3145.2,229,2,3145.3,200,1,3145.4,400,2
2031,2026-06-16 14:41:26+05:30,3144.2,9,3134.43,2911980,123869.0,200262.0,3163.0,3163.0,3108.0,3134.3,31859800,3447.7,2820.9,3839.9,2896.0,3144.2,17,1,3144.1,84,6,3144.0,34,3,3143.9,71,4,3143.8,52,4,3144.5,16,2,3145.1,800,4,3145.2,229,2,3145.3,200,1,3145.4,400,2
2031,2026-06-16 14:41:26+05:30,3144.2,9,3134.43,2912032,123874.0,200299.0,3163.0,3163.0,3108.0,3134.3,31859800,3447.7,2820.9,3839.9,2896.0,3144.2,8,1,3144.1,74,4,3144.0,34,3,3143.9,71,4,3143.8,52,4,3144.5,16,2,3145.1,800,4,3145.2,229,2,3145.3,200,1,3145.4,448,3
2031,2026-06-16 14:41:27+05:30,3144.5,1,3134.43,2912032,123874.0,200299.0,3163.0,3163.0,3108.0,3134.3,31859800,3447.7,2820.9,3839.9,2896.0,3144.2,8,1,3144.1,74,4,3144.0,34,3,3143.9,71,4,3143.8,52,4,3144.5,16,2,3145.1,800,4,3145.2,229,2,3145.3,200,1,3145.4,448,3
2031,2026-06-16 14:41:28+05:30,3144.5,1,3134.43,2912034,123936.0,200468.0,3163.0,3163.0,3108.0,3134.3,31859800,3447.7,2820.9,3839.9,2896.0,3144.2,8,1,3144.1,94,6,3144.0,85,5,3143.9,71,4,3143.8,38,3,3144.5,2,2,3145.1,800,4,3145.2,229,2,3145.3,200,1,3145.4,448,3
2031,2026-06-16 14:41:28+05:30,3144.2,45,3134.43,2912034,123936.0,200468.0,3163.0,3163.0,3108.0,3134.3,31859800,3447.7,2820.9,3839.9,2896.0,3144.2,8,1,3144.1,94,6,3144.0,85,5,3143.9,71,4,3143.8,38,3,3144.5,2,2,3145.1,800,4,3145.2,229,2,3145.3,200,1,3145.4,448,3
2031,2026-06-16 14:41:29+05:30,3144.2,23,3134.43,2912199,123609.0,200170.0,3163.0,3163.0,3108.0,3134.3,31859800,3447.7,2820.9,3839.9,2896.0,3144.1,66,3,3144.0,51,2,3143.7,35,2,3143.5,61,4,3143.4,224,4,3144.5,705,4,3144.6,200,1,3144.7,200,1,3144.8,429,3,3145.1,1,1
2031,2026-06-16 14:41:29+05:30,3144.2,23,3134.43,2912199,123609.0,200170.0,3163.0,3163.0,3108.0,3134.3,31859800,3447.7,2820.9,3839.9,2896.0,3144.1,66,3,3144.0,51,2,3143.7,35,2,3143.5,61,4,3143.4,224,4,3144.5,705,4,3144.6,200,1,3144.7,200,1,3144.8,429,3,3145.1,1,1
2031,2026-06-16 14:41:30+05:30,3144.2,23,3134.43,2912199,123591.0,200192.0,3163.0,3163.0,3108.0,3134.3,31859800,3447.7,2820.9,3839.9,2896.0,3144.2,18,2,3144.1,57,3,3144.0,51,2,3143.7,21,1,3143.5,61,4,3144.5,706,5,3144.6,200,1,3144.7,200,1,3144.8,429,3,3145.1,1,1
2031,2026-06-16 14:41:31+05:30,3144.2,23,3134.43,2912199,123605.0,200194.0,3163.0,3163.0,3108.0,3134.3,31859800,3447.7,2820.9,3839.9,2896.0,3144.4,3,3,3144.2,74,4,3144.1,42,2,3144.0,51,2,3143.9,14,1,3144.5,706,5,3144.6,200,1,3144.7,200,1,3144.8,400,2,3145.1,1,1
2031,2026-06-16 14:41:32+05:30,3144.2,23,3134.43,2912199,123604.0,200167.0,3163.0,3163.0,3108.0,3134.3,31859800,3447.7,2820.9,3839.9,2896.0,3144.4,3,3,3144.3,15,1,3144.2,44,3,3144.1,58,3,3144.0,65,3,3144.5,706,5,3144.6,200,1,3144.7,200,1,3144.8,400,2,3145.2,51,2
2031,2026-06-16 14:41:32+05:30,3144.4,1,3134.43,2912199,123604.0,200167.0,3163.0,3163.0,3108.0,3134.3,31859800,3447.7,2820.9,3839.9,2896.0,3144.4,3,3,3144.3,15,1,3144.2,44,3,3144.1,58,3,3144.0,65,3,3144.5,706,5,3144.6,200,1,3144.7,200,1,3144.8,400,2,3145.2,51,2
2031,2026-06-16 14:41:33+05:30,3144.4,35,3134.43,2912282,123763.0,200094.0,3163.0,3163.0,3108.0,3134.3,31859800,3447.7,2820.9,3839.9,2896.0,3144.3,15,1,3144.2,44,3,3144.1,72,4,3144.0,51,2,3143.9,6,1,3144.4,118,1,3144.5,28,2,3144.8,704,4,3144.9,200,1,3145.0,200,1
2031,2026-06-16 14:41:33+05:30,3144.4,118,3134.43,2912282,123763.0,200094.0,3163.0,3163.0,3108.0,3134.3,31859800,3447.7,2820.9,3839.9,2896.0,3144.3,15,1,3144.2,44,3,3144.1,72,4,3144.0,51,2,3143.9,6,1,3144.4,118,1,3144.5,28,2,3144.8,704,4,3144.9,200,1,3145.0,200,1
2031,2026-06-16 14:41:34+05:30,3144.4,118,3134.43,2912400,124095.0,200012.0,3163.0,3163.0,3108.0,3134.3,31859800,3447.7,2820.9,3839.9,2896.0,3144.4,1,1,3144.3,30,2,3144.2,60,4,3144.1,61,4,3144.0,71,4,3144.5,28,2,3144.8,704,4,3144.9,200,1,3145.0,200,1,3145.1,400,2
2031,2026-06-16 14:41:34+05:30,3144.2,23,3134.43,2912400,124095.0,200012.0,3163.0,3163.0,3108.0,3134.3,31859800,3447.7,2820.9,3839.9,2896.0,3144.4,1,1,3144.3,30,2,3144.2,60,4,3144.1,61,4,3144.0,71,4,3144.5,28,2,3144.8,704,4,3144.9,200,1,3145.0,200,1,3145.1,400,2
2031,2026-06-16 14:41:35+05:30,3144.2,23,3134.43,2912443,123944.0,200041.0,3163.0,3163.0,3108.0,3134.3,31859800,3447.7,2820.9,3839.9,2896.0,3144.4,1,1,3144.2,62,7,3144.1,56,3,3144.0,71,4,3143.9,36,3,3144.5,28,2,3144.8,704,4,3144.9,200,1,3145.0,200,1,3145.1,400,2
2031,2026-06-16 14:41:36+05:30,3144.2,23,3134.43,2912443,123944.0,200041.0,3163.0,3163.0,3108.0,3134.3,31859800,3447.7,2820.9,3839.9,2896.0,3144.4,1,1,3144.2,62,7,3144.1,56,3,3144.0,71,4,3143.9,36,3,3144.5,28,2,3144.8,704,4,3144.9,200,1,3145.0,200,1,3145.1,400,2
2031,2026-06-16 14:41:36+05:30,3144.2,23,3134.43,2912443,124004.0,199901.0,3163.0,3163.0,3108.0,3134.3,31859800,3447.7,2820.9,3839.9,2896.0,3144.4,1,1,3144.3,17,1,3144.2,21,3,3144.1,56,3,3144.0,57,3,3144.5,73,6,3144.8,704,4,3144.9,200,1,3145.0,200,1,3145.1,400,2
2031,2026-06-16 14:41:36+05:30,3144.5,9,3134.43,2912443,124004.0,199901.0,3163.0,3163.0,3108.0,3134.3,31859800,3447.7,2820.9,3839.9,2896.0,3144.4,1,1,3144.3,17,1,3144.2,21,3,3144.1,56,3,3144.0,57,3,3144.5,73,6,3144.8,704,4,3144.9,200,1,3145.0,200,1,3145.1,400,2
2031,2026-06-16 14:41:37+05:30,3144.5,9,3134.43,2912576,124070.0,199850.0,3163.0,3163.0,3108.0,3134.3,31859800,3447.7,2820.9,3839.9,2896.0,3144.4,1,1,3144.2,54,6,3144.1,63,3,3144.0,51,2,3143.9,44,3,3144.8,704,4,3144.9,200,1,3145.0,200,1,3145.1,400,2,3145.3,4,2
2031,2026-06-16 14:41:37+05:30,3144.5,9,3134.43,2912576,124070.0,199850.0,3163.0,3163.0,3108.0,3134.3,31859800,3447.7,2820.9,3839.9,2896.0,3144.4,1,1,3144.2,54,6,3144.1,63,3,3144.0,51,2,3143.9,44,3,3144.8,704,4,3144.9,200,1,3145.0,200,1,3145.1,400,2,3145.3,4,2
2031,2026-06-16 14:41:37+05:30,3144.4,9,3134.43,2912576,124070.0,199850.0,3163.0,3163.0,3108.0,3134.3,31859800,3447.7,2820.9,3839.9,2896.0,3144.4,1,1,3144.2,54,6,3144.1,63,3,3144.0,51,2,3143.9,44,3,3144.8,704,4,3144.9,200,1,3145.0,200,1,3145.1,400,2,3145.3,4,2
2031,2026-06-16 14:41:38+05:30,3144.4,9,3134.43,2912587,123896.0,199751.0,3163.0,3163.0,3108.0,3134.3,31859800,3447.7,2820.9,3839.9,2896.0,3144.6,6,1,3144.3,17,1,3144.2,27,4,3144.1,71,3,3144.0,51,2,3144.8,703,4,3144.9,200,1,3145.0,200,1,3145.1,400,2,3145.3,4,2
2031,2026-06-16 14:41:39+05:30,3144.4,9,3134.43,2912587,123899.0,199808.0,3163.0,3163.0,3108.0,3134.3,31859800,3447.7,2820.9,3839.9,2896.0,3144.6,6,1,3144.2,36,4,3144.1,87,4,3144.0,51,2,3143.9,44,3,3144.8,746,5,3144.9,200,1,3145.0,300,2,3145.1,400,2,3145.3,32,3
2031,2026-06-16 14:41:40+05:30,3144.4,9,3134.43,2912587,123899.0,199808.0,3163.0,3163.0,3108.0,3134.3,31859800,3447.7,2820.9,3839.9,2896.0,3144.6,6,1,3144.2,36,4,3144.1,87,4,3144.0,51,2,3143.9,44,3,3144.8,746,5,3144.9,200,1,3145.0,300,2,3145.1,400,2,3145.3,32,3
2031,2026-06-16 14:41:40+05:30,3144.8,7,3134.43,2912594,123897.0,199775.0,3163.0,3163.0,3108.0,3134.3,31859800,3447.7,2820.9,3839.9,2896.0,3144.6,6,1,3144.2,49,4,3144.1,71,3,3144.0,51,2,3143.9,44,3,3144.8,739,5,3144.9,200,1,3145.0,300,2,3145.1,400,2,3145.3,4,2
2031,2026-06-16 14:41:40+05:30,3144.8,7,3134.43,2912594,123897.0,199775.0,3163.0,3163.0,3108.0,3134.3,31859800,3447.7,2820.9,3839.9,2896.0,3144.6,6,1,3144.2,49,4,3144.1,71,3,3144.0,51,2,3143.9,44,3,3144.8,739,5,3144.9,200,1,3145.0,300,2,3145.1,400,2,3145.3,4,2
2031,2026-06-16 14:41:41+05:30,3144.8,1,3134.43,2912595,123897.0,199777.0,3163.0,3163.0,3108.0,3134.3,31859800,3447.7,2820.9,3839.9,2896.0,3144.6,6,1,3144.2,49,4,3144.1,57,2,3144.0,51,2,3143.9,44,3,3144.8,738,5,3144.9,200,1,3145.0,300,2,3145.1,400,2,3145.3,4,2
2031,2026-06-16 14:41:41+05:30,3144.8,11,3134.43,2912595,123897.0,199777.0,3163.0,3163.0,3108.0,3134.3,31859800,3447.7,2820.9,3839.9,2896.0,3144.6,6,1,3144.2,49,4,3144.1,57,2,3144.0,51,2,3143.9,44,3,3144.8,738,5,3144.9,200,1,3145.0,300,2,3145.1,400,2,3145.3,4,2
2031,2026-06-16 14:41:42+05:30,3144.8,11,3134.43,2912606,124276.0,199663.0,3163.0,3163.0,3108.0,3134.3,31859800,3447.7,2820.9,3839.9,2896.0,3144.6,22,2,3144.2,18,1,3144.1,86,4,3144.0,77,3,3143.9,47,4,3144.8,727,5,3144.9,200,1,3145.0,300,2,3145.1,400,2,3145.3,4,2
2031,2026-06-16 14:41:42+05:30,3144.8,11,3134.43,2912606,124276.0,199663.0,3163.0,3163.0,3108.0,3134.3,31859800,3447.7,2820.9,3839.9,2896.0,3144.6,22,2,3144.2,18,1,3144.1,86,4,3144.0,77,3,3143.9,47,4,3144.8,727,5,3144.9,200,1,3145.0,300,2,3145.1,400,2,3145.3,4,2
2031,2026-06-16 14:41:43+05:30,3144.6,42,3134.43,2912649,124144.0,199662.0,3163.0,3163.0,3108.0,3134.3,31859800,3447.7,2820.9,3839.9,2896.0,3144.6,6,1,3144.3,17,1,3144.2,31,2,3144.1,57,2,3144.0,51,2,3144.8,726,5,3144.9,200,1,3145.0,300,2,3145.1,400,2,3145.3,4,2
2031,2026-06-16 14:41:43+05:30,3144.2,8,3134.43,2912649,124144.0,199662.0,3163.0,3163.0,3108.0,3134.3,31859800,3447.7,2820.9,3839.9,2896.0,3144.6,6,1,3144.3,17,1,3144.2,31,2,3144.1,57,2,3144.0,51,2,3144.8,726,5,3144.9,200,1,3145.0,300,2,3145.1,400,2,3145.3,4,2
2031,2026-06-16 14:41:44+05:30,3144.2,8,3134.43,2912828,124669.0,199068.0,3163.0,3163.0,3108.0,3134.3,31859800,3447.7,2820.9,3839.9,2896.0,3144.6,19,2,3144.2,26,2,3144.1,49,2,3144.0,91,4,3143.9,281,5,3144.8,69,2,3145.0,100,1,3145.6,108,3,3145.7,35,2,3145.8,101,3
2031,2026-06-16 14:41:45+05:30,3144.2,8,3134.43,2912828,124609.0,200163.0,3163.0,3163.0,3108.0,3134.3,31859800,3447.7,2820.9,3839.9,2896.0,3144.6,34,4,3144.2,10,1,3144.1,36,1,3144.0,51,2,3143.9,33,3,3144.7,200,1,3144.8,71,3,3145.0,102,2,3145.2,70,2,3145.3,1,1
2031,2026-06-16 14:41:45+05:30,3144.2,8,3134.43,2912828,124609.0,200163.0,3163.0,3163.0,3108.0,3134.3,31859800,3447.7,2820.9,3839.9,2896.0,3144.6,34,4,3144.2,10,1,3144.1,36,1,3144.0,51,2,3143.9,33,3,3144.7,200,1,3144.8,71,3,3145.0,102,2,3145.2,70,2,3145.3,1,1
2031,2026-06-16 14:41:45+05:30,3144.7,2,3134.43,2912828,124609.0,200163.0,3163.0,3163.0,3108.0,3134.3,31859800,3447.7,2820.9,3839.9,2896.0,3144.6,34,4,3144.2,10,1,3144.1,36,1,3144.0,51,2,3143.9,33,3,3144.7,200,1,3144.8,71,3,3145.0,102,2,3145.2,70,2,3145.3,1,1
2031,2026-06-16 14:41:46+05:30,3144.6,1,3134.43,2912889,124770.0,200018.0,3163.0,3163.0,3108.0,3134.3,31859800,3447.7,2820.9,3839.9,2896.0,3144.6,31,4,3144.2,10,1,3144.1,36,1,3144.0,125,4,3143.9,33,3,3144.7,166,2,3144.8,45,2,3145.0,102,2,3145.2,38,1,3145.4,70,2
2031,2026-06-16 14:41:46+05:30,3144.4,53,3134.43,2912889,124770.0,200018.0,3163.0,3163.0,3108.0,3134.3,31859800,3447.7,2820.9,3839.9,2896.0,3144.6,31,4,3144.2,10,1,3144.1,36,1,3144.0,125,4,3143.9,33,3,3144.7,166,2,3144.8,45,2,3145.0,102,2,3145.2,38,1,3145.4,70,2
2031,2026-06-16 14:41:47+05:30,3144.4,53,3134.43,2912889,124770.0,200018.0,3163.0,3163.0,3108.0,3134.3,31859800,3447.7,2820.9,3839.9,2896.0,3144.6,31,4,3144.2,10,1,3144.1,36,1,3144.0,125,4,3143.9,33,3,3144.7,166,2,3144.8,45,2,3145.0,102,2,3145.2,38,1,3145.4,70,2
2031,2026-06-16 14:41:47+05:30,3144.4,53,3134.43,2913211,125166.0,199959.0,3163.0,3163.0,3108.0,3134.3,31859800,3447.7,2820.9,3839.9,2896.0,3144.4,13,3,3144.3,6,1,3144.2,103,7,3144.1,253,4,3144.0,210,11,3144.8,1,1,3145.0,102,2,3145.5,3,1,3145.6,25,2,3145.7,177,2
2031,2026-06-16 14:41:47+05:30,3144.8,1,3134.43,2913211,125166.0,199959.0,3163.0,3163.0,3108.0,3134.3,31859800,3447.7,2820.9,3839.9,2896.0,3144.4,13,3,3144.3,6,1,3144.2,103,7,3144.1,253,4,3144.0,210,11,3144.8,1,1,3145.0,102,2,3145.5,3,1,3145.6,25,2,3145.7,177,2
2031,2026-06-16 14:41:48+05:30,3144.8,1,3134.43,2913213,125208.0,200061.0,3163.0,3163.0,3108.0,3134.3,31859800,3447.7,2820.9,3839.9,2896.0,3144.4,8,2,3144.3,6,1,3144.2,103,7,3144.1,106,3,3144.0,357,12,3145.0,102,2,3145.6,25,2,3145.7,225,3,3145.8,704,4,3145.9,248,2
2031,2026-06-16 14:41:48+05:30,3144.8,1,3134.43,2913213,125208.0,200061.0,3163.0,3163.0,3108.0,3134.3,31859800,3447.7,2820.9,3839.9,2896.0,3144.4,8,2,3144.3,6,1,3144.2,103,7,3144.1,106,3,3144.0,357,12,3145.0,102,2,3145.6,25,2,3145.7,225,3,3145.8,704,4,3145.9,248,2
2031,2026-06-16 14:41:48+05:30,3144.8,1,3134.43,2913213,125208.0,200061.0,3163.0,3163.0,3108.0,3134.3,31859800,3447.7,2820.9,3839.9,2896.0,3144.4,8,2,3144.3,6,1,3144.2,103,7,3144.1,106,3,3144.0,357,12,3145.0,102,2,3145.6,25,2,3145.7,225,3,3145.8,704,4,3145.9,248,2
2031,2026-06-16 14:41:49+05:30,3144.2,7,3134.43,2913253,124710.0,199880.0,3163.0,3163.0,3108.0,3134.3,31859800,3447.7,2820.9,3839.9,2896.0,3144.2,69,5,3144.1,139,5,3144.0,352,11,3143.9,93,3,3143.8,155,7,3145.0,102,2,3145.6,25,2,3145.7,225,3,3145.8,704,4,3145.9,248,2
2031,2026-06-16 14:41:49+05:30,3144.2,7,3134.43,2913253,124710.0,199880.0,3163.0,3163.0,3108.0,3134.3,31859800,3447.7,2820.9,3839.9,2896.0,3144.2,69,5,3144.1,139,5,3144.0,352,11,3143.9,93,3,3143.8,155,7,3145.0,102,2,3145.6,25,2,3145.7,225,3,3145.8,704,4,3145.9,248,2
2031,2026-06-16 14:41:49+05:30,3144.2,7,3134.43,2913253,124710.0,199880.0,3163.0,3163.0,3108.0,3134.3,31859800,3447.7,2820.9,3839.9,2896.0,3144.2,69,5,3144.1,139,5,3144.0,352,11,3143.9,93,3,3143.8,155,7,3145.0,102,2,3145.6,25,2,3145.7,225,3,3145.8,704,4,3145.9,248,2
2031,2026-06-16 14:41:50+05:30,3144.2,7,3134.43,2913253,124710.0,199880.0,3163.0,3163.0,3108.0,3134.3,31859800,3447.7,2820.9,3839.9,2896.0,3144.2,69,5,3144.1,139,5,3144.0,352,11,3143.9,93,3,3143.8,155,7,3145.0,102,2,3145.6,25,2,3145.7,225,3,3145.8,704,4,3145.9,248,2
2031,2026-06-16 14:41:50+05:30,3144.2,7,3134.43,2913253,124906.0,199918.0,3163.0,3163.0,3108.0,3134.3,31859800,3447.7,2820.9,3839.9,2896.0,3144.2,90,6,3144.1,187,6,3144.0,352,11,3143.9,93,3,3143.8,155,7,3145.0,102,2,3145.6,25,2,3145.7,207,3,3145.8,704,4,3145.9,248,2
2031,2026-06-16 14:41:50+05:30,3144.2,7,3134.43,2913253,124906.0,199918.0,3163.0,3163.0,3108.0,3134.3,31859800,3447.7,2820.9,3839.9,2896.0,3144.2,90,6,3144.1,187,6,3144.0,352,11,3143.9,93,3,3143.8,155,7,3145.0,102,2,3145.6,25,2,3145.7,207,3,3145.8,704,4,3145.9,248,2
2031,2026-06-16 14:41:51+05:30,3144.2,7,3134.43,2913253,124906.0,199918.0,3163.0,3163.0,3108.0,3134.3,31859800,3447.7,2820.9,3839.9,2896.0,3144.2,90,6,3144.1,187,6,3144.0,352,11,3143.9,93,3,3143.8,155,7,3145.0,102,2,3145.6,25,2,3145.7,207,3,3145.8,704,4,3145.9,248,2
2031,2026-06-16 14:41:51+05:30,3145.0,50,3134.44,2913303,124756.0,199820.0,3163.0,3163.0,3108.0,3134.3,31859800,3447.7,2820.9,3839.9,2896.0,3144.2,92,6,3144.1,347,8,3144.0,210,10,3143.9,93,3,3143.8,155,7,3145.0,52,2,3145.6,25,2,3145.7,207,3,3145.8,704,4,3145.9,248,2
2031,2026-06-16 14:41:51+05:30,3145.0,11,3134.44,2913303,124756.0,199820.0,3163.0,3163.0,3108.0,3134.3,31859800,3447.7,2820.9,3839.9,2896.0,3144.2,92,6,3144.1,347,8,3144.0,210,10,3143.9,93,3,3143.8,155,7,3145.0,52,2,3145.6,25,2,3145.7,207,3,3145.8,704,4,3145.9,248,2
2031,2026-06-16 14:41:51+05:30,3145.0,11,3134.44,2913303,124756.0,199820.0,3163.0,3163.0,3108.0,3134.3,31859800,3447.7,2820.9,3839.9,2896.0,3144.2,92,6,3144.1,347,8,3144.0,210,10,3143.9,93,3,3143.8,155,7,3145.0,52,2,3145.6,25,2,3145.7,207,3,3145.8,704,4,3145.9,248,2
2031,2026-06-16 14:41:52+05:30,3145.0,11,3134.44,2913314,124906.0,199884.0,3163.0,3163.0,3108.0,3134.3,31859800,3447.7,2820.9,3839.9,2896.0,3144.2,92,6,3144.1,200,7,3144.0,357,11,3143.9,94,4,3143.8,154,6,3145.0,41,2,3145.6,25,2,3145.7,911,7,3145.9,448,3,3146.0,571,8
2031,2026-06-16 14:41:52+05:30,3145.0,11,3134.44,2913314,124906.0,199884.0,3163.0,3163.0,3108.0,3134.3,31859800,3447.7,2820.9,3839.9,2896.0,3144.2,92,6,3144.1,200,7,3144.0,357,11,3143.9,94,4,3143.8,154,6,3145.0,41,2,3145.6,25,2,3145.7,911,7,3145.9,448,3,3146.0,571,8
2031,2026-06-16 14:41:52+05:30,3144.2,13,3134.44,2913314,124906.0,199884.0,3163.0,3163.0,3108.0,3134.3,31859800,3447.7,2820.9,3839.9,2896.0,3144.2,92,6,3144.1,200,7,3144.0,357,11,3143.9,94,4,3143.8,154,6,3145.0,41,2,3145.6,25,2,3145.7,911,7,3145.9,448,3,3146.0,571,8
2031,2026-06-16 14:41:53+05:30,3144.2,13,3134.44,2913357,124508.0,199997.0,3163.0,3163.0,3108.0,3134.3,31859800,3447.7,2820.9,3839.9,2896.0,3144.2,54,4,3144.1,57,2,3144.0,115,7,3143.9,55,3,3143.8,121,5,3145.0,41,2,3145.5,164,1,3145.6,767,7,3145.7,249,3,3145.8,204,3
2031,2026-06-16 14:41:53+05:30,3144.2,13,3134.44,2913357,124508.0,199997.0,3163.0,3163.0,3108.0,3134.3,31859800,3447.7,2820.9,3839.9,2896.0,3144.2,54,4,3144.1,57,2,3144.0,115,7,3143.9,55,3,3143.8,121,5,3145.0,41,2,3145.5,164,1,3145.6,767,7,3145.7,249,3,3145.8,204,3
2031,2026-06-16 14:41:53+05:30,3145.0,1,3134.44,2913357,124508.0,199997.0,3163.0,3163.0,3108.0,3134.3,31859800,3447.7,2820.9,3839.9,2896.0,3144.2,54,4,3144.1,57,2,3144.0,115,7,3143.9,55,3,3143.8,121,5,3145.0,41,2,3145.5,164,1,3145.6,767,7,3145.7,249,3,3145.8,204,3
2031,2026-06-16 14:41:54+05:30,3145.0,1,3134.44,2913389,124535.0,200136.0,3163.0,3163.0,3108.0,3134.3,31859800,3447.7,2820.9,3839.9,2896.0,3144.2,67,2,3144.1,71,3,3144.0,83,4,3143.9,30,2,3143.8,120,4,3145.0,34,3,3145.2,204,2,3145.3,38,1,3145.4,304,2,3145.5,652,6
2031,2026-06-16 14:41:54+05:30,3145.0,1,3134.44,2913389,124535.0,200136.0,3163.0,3163.0,3108.0,3134.3,31859800,3447.7,2820.9,3839.9,2896.0,3144.2,67,2,3144.1,71,3,3144.0,83,4,3143.9,30,2,3143.8,120,4,3145.0,34,3,3145.2,204,2,3145.3,38,1,3145.4,304,2,3145.5,652,6
2031,2026-06-16 14:41:54+05:30,3145.0,2,3134.44,2913389,124535.0,200136.0,3163.0,3163.0,3108.0,3134.3,31859800,3447.7,2820.9,3839.9,2896.0,3144.2,67,2,3144.1,71,3,3144.0,83,4,3143.9,30,2,3143.8,120,4,3145.0,34,3,3145.2,204,2,3145.3,38,1,3145.4,304,2,3145.5,652,6
2031,2026-06-16 14:41:55+05:30,3145.0,2,3134.44,2913389,124535.0,200136.0,3163.0,3163.0,3108.0,3134.3,31859800,3447.7,2820.9,3839.9,2896.0,3144.2,67,2,3144.1,71,3,3144.0,83,4,3143.9,30,2,3143.8,120,4,3145.0,34,3,3145.2,204,2,3145.3,38,1,3145.4,304,2,3145.5,652,6
2031,2026-06-16 14:41:55+05:30,3145.2,43,3134.44,2913471,124679.0,200354.0,3163.0,3163.0,3108.0,3134.3,31859800,3447.7,2820.9,3839.9,2896.0,3144.3,18,1,3144.2,50,1,3144.1,71,3,3144.0,66,3,3143.9,30,2,3145.2,188,2,3145.3,46,3,3145.4,25,1,3145.5,956,8,3145.6,106,4
2031,2026-06-16 14:41:55+05:30,3145.2,43,3134.44,2913471,124679.0,200354.0,3163.0,3163.0,3108.0,3134.3,31859800,3447.7,2820.9,3839.9,2896.0,3144.3,18,1,3144.2,50,1,3144.1,71,3,3144.0,66,3,3143.9,30,2,3145.2,188,2,3145.3,46,3,3145.4,25,1,3145.5,956,8,3145.6,106,4
2031,2026-06-16 14:41:55+05:30,3145.2,43,3134.44,2913471,124679.0,200354.0,3163.0,3163.0,3108.0,3134.3,31859800,3447.7,2820.9,3839.9,2896.0,3144.3,18,1,3144.2,50,1,3144.1,71,3,3144.0,66,3,3143.9,30,2,3145.2,188,2,3145.3,46,3,3145.4,25,1,3145.5,956,8,3145.6,106,4
2031,2026-06-16 14:41:56+05:30,3145.2,43,3134.44,2913471,124671.0,200358.0,3163.0,3163.0,3108.0,3134.3,31859800,3447.7,2820.9,3839.9,2896.0,3144.3,18,1,3144.2,64,2,3144.1,57,2,3144.0,66,3,3143.9,30,2,3145.2,188,2,3145.3,46,3,3145.4,729,5,3145.5,252,4,3145.6,306,5
2031,2026-06-16 14:41:56+05:30,3144.7,9,3134.44,2913471,124671.0,200358.0,3163.0,3163.0,3108.0,3134.3,31859800,3447.7,2820.9,3839.9,2896.0,3144.3,18,1,3144.2,64,2,3144.1,57,2,3144.0,66,3,3143.9,30,2,3145.2,188,2,3145.3,46,3,3145.4,729,5,3145.5,252,4,3145.6,306,5
2031,2026-06-16 14:41:56+05:30,3144.7,9,3134.44,2913471,124671.0,200358.0,3163.0,3163.0,3108.0,3134.3,31859000,3447.7,2820.9,3839.9,2896.0,3144.3,18,1,3144.2,64,2,3144.1,57,2,3144.0,66,3,3143.9,30,2,3145.2,188,2,3145.3,46,3,3145.4,729,5,3145.5,252,4,3145.6,306,5
2031,2026-06-16 14:41:57+05:30,3144.7,9,3134.44,2913480,125296.0,199758.0,3163.0,3163.0,3108.0,3134.3,31859000,3447.7,2820.9,3839.9,2896.0,3145.0,191,1,3144.3,52,3,3144.2,64,2,3144.1,74,3,3144.0,56,2,3145.1,200,1,3145.3,704,4,3145.5,400,2,3145.6,458,5,3145.7,80,3
2031,2026-06-16 14:41:58+05:30,3144.7,9,3134.44,2913480,125310.0,198039.0,3163.0,3163.0,3108.0,3134.3,31859000,3447.7,2820.9,3839.9,2896.0,3145.0,232,2,3144.3,52,3,3144.2,64,2,3144.1,56,4,3144.0,1,1,3145.1,400,2,3145.3,735,5,3145.4,222,2,3145.5,200,1,3145.6,489,6
2031,2026-06-16 14:41:58+05:30,3145.1,144,3134.44,2913480,125310.0,198039.0,3163.0,3163.0,3108.0,3134.3,31859000,3447.7,2820.9,3839.9,2896.0,3145.0,232,2,3144.3,52,3,3144.2,64,2,3144.1,56,4,3144.0,1,1,3145.1,400,2,3145.3,735,5,3145.4,222,2,3145.5,200,1,3145.6,489,6
2031,2026-06-16 14:41:59+05:30,3145.1,1,3134.44,2913625,125382.0,199785.0,3163.0,3163.0,3108.0,3134.3,31859000,3447.7,2820.9,3839.9,2896.0,3145.0,232,2,3144.3,50,3,3144.2,64,2,3144.1,56,4,3144.0,49,2,3145.1,294,3,3145.3,735,5,3145.4,222,2,3145.5,200,1,3145.6,489,6
2031,2026-06-16 14:41:59+05:30,3145.1,1,3134.44,2913625,125382.0,199785.0,3163.0,3163.0,3108.0,3134.3,31859000,3447.7,2820.9,3839.9,2896.0,3145.0,232,2,3144.3,50,3,3144.2,64,2,3144.1,56,4,3144.0,49,2,3145.1,294,3,3145.3,735,5,3145.4,222,2,3145.5,200,1,3145.6,489,6
2031,2026-06-16 14:42:00+05:30,3145.1,1,3134.44,2913625,125405.0,199786.0,3163.0,3163.0,3108.0,3134.3,31859000,3447.7,2820.9,3839.9,2896.0,3145.0,239,4,3144.3,50,3,3144.2,64,2,3144.1,56,4,3144.0,49,2,3145.1,295,4,3145.3,735,5,3145.4,222,2,3145.5,200,1,3145.6,489,6
2031,2026-06-16 14:42:00+05:30,3145.7,1,3134.44,2913625,125405.0,199786.0,3163.0,3163.0,3108.0,3134.3,31859000,3447.7,2820.9,3839.9,2896.0,3145.0,239,4,3144.3,50,3,3144.2,64,2,3144.1,56,4,3144.0,49,2,3145.1,295,4,3145.3,735,5,3145.4,222,2,3145.5,200,1,3145.6,489,6
2031,2026-06-16 14:42:01+05:30,3145.7,1,3134.44,2914856,127617.0,197268.0,3163.0,3163.0,3108.0,3134.3,31859000,3447.7,2820.9,3839.9,2896.0,3145.5,46,5,3145.4,187,4,3145.3,34,3,3145.2,55,7,3145.1,84,6,3146.0,28,2,3146.9,161,1,3147.0,220,2,3147.1,246,2,3147.2,177,4
2031,2026-06-16 14:42:02+05:30,3145.7,1,3134.44,2914856,127703.0,197989.0,3163.0,3163.0,3108.0,3134.3,31859000,3447.7,2820.9,3839.9,2896.0,3145.5,110,5,3145.4,191,4,3145.3,78,5,3145.2,40,5,3145.1,99,8,3146.0,28,2,3146.9,207,2,3147.0,454,4,3147.1,246,2,3147.2,377,5
2031,2026-06-16 14:42:02+05:30,3145.6,42,3134.44,2914856,127703.0,197989.0,3163.0,3163.0,3108.0,3134.3,31859000,3447.7,2820.9,3839.9,2896.0,3145.5,110,5,3145.4,191,4,3145.3,78,5,3145.2,40,5,3145.1,99,8,3146.0,28,2,3146.9,207,2,3147.0,454,4,3147.1,246,2,3147.2,377,5
2031,2026-06-16 14:42:03+05:30,3145.6,42,3134.44,2914928,127856.0,198057.0,3163.0,3163.0,3108.0,3134.3,31859000,3447.7,2820.9,3839.9,2896.0,3145.6,16,1,3145.5,110,5,3145.4,19,1,3145.3,205,4,3145.2,35,4,3146.0,28,2,3146.9,207,2,3147.0,454,4,3147.1,246,2,3147.2,400,6
2031,2026-06-16 14:42:03+05:30,3146.0,1,3134.44,2914928,127856.0,198057.0,3163.0,3163.0,3108.0,3134.3,31859000,3447.7,2820.9,3839.9,2896.0,3145.6,16,1,3145.5,110,5,3145.4,19,1,3145.3,205,4,3145.2,35,4,3146.0,28,2,3146.9,207,2,3147.0,454,4,3147.1,246,2,3147.2,400,6
2031,2026-06-16 14:42:04+05:30,3146.0,1,3134.44,2915000,127847.0,197858.0,3163.0,3163.0,3108.0,3134.3,31859000,3447.7,2820.9,3839.9,2896.0,3145.6,11,2,3145.5,110,5,3145.4,19,1,3145.3,58,3,3145.2,87,6,3146.0,45,3,3146.9,648,6,3147.0,54,2,3147.1,449,4,3147.2,600,7
2031,2026-06-16 14:42:04+05:30,3146.0,1,3134.44,2915000,127847.0,197858.0,3163.0,3163.0,3108.0,3134.3,31859000,3447.7,2820.9,3839.9,2896.0,3145.6,11,2,3145.5,110,5,3145.4,19,1,3145.3,58,3,3145.2,87,6,3146.0,45,3,3146.9,648,6,3147.0,54,2,3147.1,449,4,3147.2,600,7
2031,2026-06-16 14:42:05+05:30,3146.0,5,3134.44,2915050,127776.0,197627.0,3163.0,3163.0,3108.0,3134.3,31859000,3447.7,2820.9,3839.9,2896.0,3145.6,80,3,3145.5,86,3,3145.4,36,3,3145.3,44,2,3145.2,34,3,3146.0,23,2,3146.6,12,1,3146.7,173,1,3146.8,477,4,3146.9,241,3
2031,2026-06-16 14:42:05+05:30,3146.0,5,3134.44,2915050,127776.0,197627.0,3163.0,3163.0,3108.0,3134.3,31859000,3447.7,2820.9,3839.9,2896.0,3145.6,80,3,3145.5,86,3,3145.4,36,3,3145.3,44,2,3145.2,34,3,3146.0,23,2,3146.6,12,1,3146.7,173,1,3146.8,477,4,3146.9,241,3
2031,2026-06-16 14:42:06+05:30,3146.0,5,3134.44,2915050,127499.0,197852.0,3163.0,3163.0,3108.0,3134.3,31859000,3447.7,2820.9,3839.9,2896.0,3145.8,2,2,3145.6,96,4,3145.5,69,2,3145.4,14,1,3145.1,64,3,3146.0,29,3,3146.2,57,2,3146.3,65,2,3146.4,34,1,3146.5,438,3
2031,2026-06-16 14:42:06+05:30,3145.7,2,3134.44,2915050,127499.0,197852.0,3163.0,3163.0,3108.0,3134.3,31859000,3447.7,2820.9,3839.9,2896.0,3145.8,2,2,3145.6,96,4,3145.5,69,2,3145.4,14,1,3145.1,64,3,3146.0,29,3,3146.2,57,2,3146.3,65,2,3146.4,34,1,3146.5,438,3
2031,2026-06-16 14:42:07+05:30,3145.9,1,3134.44,2915139,127180.0,198649.0,3163.0,3163.0,3108.0,3134.3,31859000,3447.7,2820.9,3839.9,2896.0,3145.7,14,1,3145.6,69,1,3145.5,69,2,3145.4,14,1,3145.1,32,2,3145.9,18,2,3146.0,125,8,3146.2,100,2,3146.3,27,1,3146.4,834,5
2031,2026-06-16 14:42:07+05:30,3145.9,1,3134.44,2915139,127180.0,198649.0,3163.0,3163.0,3108.0,3134.3,31859000,3447.7,2820.9,3839.9,2896.0,3145.7,14,1,3145.6,69,1,3145.5,69,2,3145.4,14,1,3145.1,32,2,3145.9,18,2,3146.0,125,8,3146.2,100,2,3146.3,27,1,3146.4,834,5
2031,2026-06-16 14:42:08+05:30,3145.9,1,3134.44,2915139,127123.0,198508.0,3163.0,3163.0,3108.0,3134.3,31859000,3447.7,2820.9,3839.9,2896.0,3145.7,57,2,3145.6,69,1,3145.5,69,2,3145.4,14,1,3145.3,11,1,3145.9,19,3,3146.0,53,5,3146.2,38,1,3146.3,60,2,3146.4,838,5
2031,2026-06-16 14:42:08+05:30,3145.6,49,3134.44,2915139,127123.0,198508.0,3163.0,3163.0,3108.0,3134.3,31859000,3447.7,2820.9,3839.9,2896.0,3145.7,57,2,3145.6,69,1,3145.5,69,2,3145.4,14,1,3145.3,11,1,3145.9,19,3,3146.0,53,5,3146.2,38,1,3146.3,60,2,3146.4,838,5
2031,2026-06-16 14:42:09+05:30,3145.6,49,3134.44,2915897,125130.0,200662.0,3163.0,3163.0,3108.0,3134.3,31859000,3447.7,2820.9,3839.9,2896.0,3145.0,88,2,3144.5,28,2,3144.4,5,1,3144.3,20,1,3144.2,19,2,3145.6,405,4,3145.7,215,2,3145.8,249,4,3145.9,256,4,3146.0,96,6
2031,2026-06-16 14:42:09+05:30,3145.4,1,3134.44,2915897,125130.0,200662.0,3163.0,3163.0,3108.0,3134.3,31859000,3447.7,2820.9,3839.9,2896.0,3145.0,88,2,3144.5,28,2,3144.4,5,1,3144.3,20,1,3144.2,19,2,3145.6,405,4,3145.7,215,2,3145.8,249,4,3145.9,256,4,3146.0,96,6
2031,2026-06-16 14:42:10+05:30,3145.4,8,3134.44,2915906,125676.0,200829.0,3163.0,3163.0,3108.0,3134.3,31859000,3447.7,2820.9,3839.9,2896.0,3145.0,87,1,3144.5,28,2,3144.4,5,1,3144.3,23,2,3144.2,19,2,3145.4,142,1,3145.5,47,2,3145.6,227,2,3145.7,215,2,3145.8,284,5
2031,2026-06-16 14:42:10+05:30,3144.4,5,3134.44,2915906,125676.0,200829.0,3163.0,3163.0,3108.0,3134.3,31859000,3447.7,2820.9,3839.9,2896.0,3145.0,87,1,3144.5,28,2,3144.4,5,1,3144.3,23,2,3144.2,19,2,3145.4,142,1,3145.5,47,2,3145.6,227,2,3145.7,215,2,3145.8,284,5
2031,2026-06-16 14:42:11+05:30,3144.4,5,3134.45,2916004,123913.0,199846.0,3163.0,3163.0,3108.0,3134.3,31859000,3447.7,2820.9,3839.9,2896.0,3144.2,5,1,3144.1,15,1,3144.0,7,2,3143.8,4,1,3143.7,36,3,3144.4,50,1,3144.5,194,1,3145.2,9,2,3145.3,1022,7,3145.4,93,3
2031,2026-06-16 14:42:11+05:30,3144.4,11,3134.45,2916004,123913.0,199846.0,3163.0,3163.0,3108.0,3134.3,31859000,3447.7,2820.9,3839.9,2896.0,3144.2,5,1,3144.1,15,1,3144.0,7,2,3143.8,4,1,3143.7,36,3,3144.4,50,1,3144.5,194,1,3145.2,9,2,3145.3,1022,7,3145.4,93,3
2031,2026-06-16 14:42:12+05:30,3144.4,1,3134.45,2916016,123812.0,201880.0,3163.0,3163.0,3108.0,3134.3,31859000,3447.7,2820.9,3839.9,2896.0,3144.2,5,1,3144.0,7,2,3143.8,4,1,3143.7,36,3,3143.6,14,2,3144.4,38,1,3144.5,194,1,3145.0,38,1,3145.2,93,4,3145.3,1022,8
2031,2026-06-16 14:42:12+05:30,3143.6,42,3134.45,2916016,123812.0,201880.0,3163.0,3163.0,3108.0,3134.3,31859000,3447.7,2820.9,3839.9,2896.0,3144.2,5,1,3144.0,7,2,3143.8,4,1,3143.7,36,3,3143.6,14,2,3144.4,38,1,3144.5,194,1,3145.0,38,1,3145.2,93,4,3145.3,1022,8
2031,2026-06-16 14:42:13+05:30,3144.4,1,3134.45,2916449,124041.0,201058.0,3163.0,3163.0,3108.0,3134.3,31859000,3447.7,2820.9,3839.9,2896.0,3143.9,70,5,3143.8,47,4,3143.7,65,4,3143.6,74,5,3143.5,126,6,3144.4,39,2,3145.2,179,1,3145.3,1046,6,3145.4,21,1,3145.5,254,3
2031,2026-06-16 14:42:13+05:30,3144.4,1,3134.45,2916449,124041.0,201058.0,3163.0,3163.0,3108.0,3134.3,31859000,3447.7,2820.9,3839.9,2896.0,3143.9,70,5,3143.8,47,4,3143.7,65,4,3143.6,74,5,3143.5,126,6,3144.4,39,2,3145.2,179,1,3145.3,1046,6,3145.4,21,1,3145.5,254,3
2031,2026-06-16 14:42:14+05:30,3144.4,1,3134.45,2916492,123760.0,201065.0,3163.0,3163.0,3108.0,3134.3,31859000,3447.7,2820.9,3839.9,2896.0,3143.9,18,2,3143.8,45,3,3143.7,70,4,3143.6,33,3,3143.5,160,7,3144.4,54,3,3145.1,109,2,3145.2,206,2,3145.3,1046,6,3145.4,24,2
2031,2026-06-16 14:42:14+05:30,3144.4,1,3134.45,2916492,123760.0,201065.0,3163.0,3163.0,3108.0,3134.3,31859000,3447.7,2820.9,3839.9,2896.0,3143.9,18,2,3143.8,45,3,3143.7,70,4,3143.6,33,3,3143.5,160,7,3144.4,54,3,3145.1,109,2,3145.2,206,2,3145.3,1046,6,3145.4,24,2
2031,2026-06-16 14:42:15+05:30,3144.4,1,3134.45,2916493,123976.0,201758.0,3163.0,3163.0,3108.0,3134.3,31859000,3447.7,2820.9,3839.9,2896.0,3144.2,2,2,3144.0,7,1,3143.9,35,4,3143.8,28,2,3143.7,105,6,3144.4,95,5,3145.1,109,2,3145.2,206,2,3145.3,1046,6,3145.4,132,4
2031,2026-06-16 14:42:16+05:30,3143.9,9,3134.45,2916550,124025.0,201420.0,3163.0,3163.0,3108.0,3134.3,31859000,3447.7,2820.9,3839.9,2896.0,3143.9,45,6,3143.8,28,2,3143.7,127,7,3143.6,33,3,3143.5,144,7,3144.4,85,5,3145.0,63,1,3145.1,109,2,3145.2,179,1,3145.3,1046,6
2031,2026-06-16 14:42:16+05:30,3143.9,9,3134.45,2916550,124025.0,201420.0,3163.0,3163.0,3108.0,3134.3,31859000,3447.7,2820.9,3839.9,2896.0,3143.9,45,6,3143.8,28,2,3143.7,127,7,3143.6,33,3,3143.5,144,7,3144.4,85,5,3145.0,63,1,3145.1,109,2,3145.2,179,1,3145.3,1046,6
2031,2026-06-16 14:42:18+05:30,3143.9,9,3134.45,2916550,124035.0,201419.0,3163.0,3163.0,3108.0,3134.3,31859000,3447.7,2820.9,3839.9,2896.0,3143.9,50,7,3143.8,28,2,3143.7,113,6,3143.6,47,4,3143.5,144,7,3144.4,85,5,3145.0,63,1,3145.1,109,2,3145.2,167,1,3145.3,1046,6
2031,2026-06-16 14:42:19+05:30,3143.9,9,3134.45,2916550,124031.0,201392.0,3163.0,3163.0,3108.0,3134.3,31859000,3447.7,2820.9,3839.9,2896.0,3143.9,52,8,3143.8,41,3,3143.7,113,6,3143.6,47,4,3143.5,144,7,3144.4,85,5,3145.0,63,1,3145.1,109,2,3145.2,167,1,3145.3,1046,6
2031,2026-06-16 14:42:19+05:30,3143.9,6,3134.45,2916550,124031.0,201392.0,3163.0,3163.0,3108.0,3134.3,31859000,3447.7,2820.9,3839.9,2896.0,3143.9,52,8,3143.8,41,3,3143.7,113,6,3143.6,47,4,3143.5,144,7,3144.4,85,5,3145.0,63,1,3145.1,109,2,3145.2,167,1,3145.3,1046,6
2031,2026-06-16 14:42:20+05:30,3144.4,1,3134.45,2916582,123853.0,201930.0,3163.0,3163.0,3108.0,3134.3,31859000,3447.7,2820.9,3839.9,2896.0,3143.9,48,7,3143.8,41,3,3143.7,113,6,3143.6,47,4,3143.5,144,7,3144.4,84,6,3145.0,63,1,3145.1,109,2,3145.2,167,1,3145.3,1046,6
2031,2026-06-16 14:42:20+05:30,3144.4,1,3134.45,2916582,123853.0,201930.0,3163.0,3163.0,3108.0,3134.3,31859000,3447.7,2820.9,3839.9,2896.0,3143.9,48,7,3143.8,41,3,3143.7,113,6,3143.6,47,4,3143.5,144,7,3144.4,84,6,3145.0,63,1,3145.1,109,2,3145.2,167,1,3145.3,1046,6
2031,2026-06-16 14:42:21+05:30,3144.4,1,3134.45,2916582,123963.0,201896.0,3163.0,3163.0,3108.0,3134.3,31859000,3447.7,2820.9,3839.9,2896.0,3143.9,48,7,3143.8,41,3,3143.7,113,6,3143.6,47,4,3143.5,145,8,3144.4,48,5,3145.0,63,1,3145.1,109,2,3145.2,167,1,3145.3,1046,6
2031,2026-06-16 14:42:22+05:30,3144.4,1,3134.45,2916630,124269.0,200957.0,3163.0,3163.0,3108.0,3134.3,31859000,3447.7,2820.9,3839.9,2896.0,3144.3,17,1,3144.0,22,2,3143.9,73,7,3143.8,77,4,3143.7,118,6,3144.4,44,1,3145.1,3,1,3145.3,1156,9,3145.4,54,1,3145.5,361,4
2031,2026-06-16 14:42:22+05:30,3144.4,1,3134.45,2916630,124269.0,200957.0,3163.0,3163.0,3108.0,3134.3,31859000,3447.7,2820.9,3839.9,2896.0,3144.3,17,1,3144.0,22,2,3143.9,73,7,3143.8,77,4,3143.7,118,6,3144.4,44,1,3145.1,3,1,3145.3,1156,9,3145.4,54,1,3145.5,361,4
2031,2026-06-16 14:42:23+05:30,3144.4,1,3134.45,2916630,123974.0,201162.0,3163.0,3163.0,3108.0,3134.3,31859000,3447.7,2820.9,3839.9,2896.0,3144.3,17,1,3143.9,43,5,3143.8,49,2,3143.7,53,2,3143.6,10,1,3144.4,73,2,3145.1,63,1,3145.2,250,3,3145.3,163,5,3145.4,102,3
2031,2026-06-16 14:42:24+05:30,3144.4,1,3134.45,2916707,124159.0,201156.0,3163.0,3163.0,3108.0,3134.3,31859000,3447.7,2820.9,3839.9,2896.0,3144.2,15,1,3144.1,20,1,3144.0,26,2,3143.9,61,6,3143.8,17,2,3145.2,34,1,3145.3,95,2,3145.4,185,1,3145.5,762,7,3145.6,488,5
2031,2026-06-16 14:42:24+05:30,3144.4,1,3134.45,2916707,124159.0,201156.0,3163.0,3163.0,3108.0,3134.3,31859000,3447.7,2820.9,3839.9,2896.0,3144.2,15,1,3144.1,20,1,3144.0,26,2,3143.9,61,6,3143.8,17,2,3145.2,34,1,3145.3,95,2,3145.4,185,1,3145.5,762,7,3145.6,488,5
2031,2026-06-16 14:42:25+05:30,3145.1,1,3134.45,2916715,124301.0,201135.0,3163.0,3163.0,3108.0,3134.3,31859000,3447.7,2820.9,3839.9,2896.0,3144.2,15,1,3144.1,20,1,3144.0,26,2,3143.9,60,5,3143.8,17,2,3145.2,27,1,3145.3,133,3,3145.4,151,1,3145.5,827,8,3145.6,458,5
2031,2026-06-16 14:42:25+05:30,3145.1,1,3134.45,2916715,124301.0,201135.0,3163.0,3163.0,3108.0,3134.3,31859000,3447.7,2820.9,3839.9,2896.0,3144.2,15,1,3144.1,20,1,3144.0,26,2,3143.9,60,5,3143.8,17,2,3145.2,27,1,3145.3,133,3,3145.4,151,1,3145.5,827,8,3145.6,458,5
2031,2026-06-16 14:42:26+05:30,3144.7,1,3134.45,2916718,124114.0,200712.0,3163.0,3163.0,3108.0,3134.3,31859000,3447.7,2820.9,3839.9,2896.0,3144.3,16,1,3144.0,46,3,3143.9,51,4,3143.8,63,3,3143.7,53,2,3144.7,1,1,3145.2,25,1,3145.3,133,3,3145.4,3,1,3145.5,737,7
2031,2026-06-16 14:42:26+05:30,3144.7,1,3134.45,2916718,124114.0,200712.0,3163.0,3163.0,3108.0,3134.3,31859000,3447.7,2820.9,3839.9,2896.0,3144.3,16,1,3144.0,46,3,3143.9,51,4,3143.8,63,3,3143.7,53,2,3144.7,1,1,3145.2,25,1,3145.3,133,3,3145.4,3,1,3145.5,737,7
2031,2026-06-16 14:42:27+05:30,3144.7,1,3134.45,2916718,124094.0,200778.0,3163.0,3163.0,3108.0,3134.3,31859000,3447.7,2820.9,3839.9,2896.0,3144.3,16,1,3143.9,56,5,3143.8,89,4,3143.7,53,2,3143.6,15,2,3144.7,3,3,3145.1,33,1,3145.3,87,2,3145.4,3,1,3145.5,737,7
2031,2026-06-16 14:42:28+05:30,3144.3,39,3134.45,2916918,123828.0,200645.0,3163.0,3163.0,3108.0,3134.3,31859000,3447.7,2820.9,3839.9,2896.0,3144.0,8,1,3143.9,71,5,3143.8,42,2,3143.7,53,2,3143.5,149,5,3144.7,3,3,3144.9,33,1,3145.0,38,1,3145.1,43,1,3145.2,33,1
2031,2026-06-16 14:42:28+05:30,3144.3,39,3134.45,2916918,123828.0,200645.0,3163.0,3163.0,3108.0,3134.3,31859000,3447.7,2820.9,3839.9,2896.0,3144.0,8,1,3143.9,71,5,3143.8,42,2,3143.7,53,2,3143.5,149,5,3144.7,3,3,3144.9,33,1,3145.0,38,1,3145.1,43,1,3145.2,33,1
2031,2026-06-16 14:42:29+05:30,3144.3,39,3134.45,2916918,124050.0,200607.0,3163.0,3163.0,3108.0,3134.3,31859000,3447.7,2820.9,3839.9,2896.0,3144.3,30,1,3144.0,8,1,3143.9,71,5,3143.8,42,2,3143.7,53,2,3144.7,3,3,3144.9,33,1,3145.0,38,1,3145.1,43,1,3145.2,33,1
2031,2026-06-16 14:42:30+05:30,3144.2,1,3134.45,2917040,123634.0,201792.0,3163.0,3163.0,3108.0,3134.3,31859000,3447.7,2820.9,3839.9,2896.0,3143.9,17,1,3143.8,14,1,3143.7,35,2,3143.5,90,4,3143.4,44,3,3144.2,93,1,3144.7,17,2,3145.1,66,2,3145.2,79,2,3145.3,113,3
2031,2026-06-16 14:42:30+05:30,3144.2,30,3134.45,2917040,123634.0,201792.0,3163.0,3163.0,3108.0,3134.3,31859000,3447.7,2820.9,3839.9,2896.0,3143.9,17,1,3143.8,14,1,3143.7,35,2,3143.5,90,4,3143.4,44,3,3144.2,93,1,3144.7,17,2,3145.1,66,2,3145.2,79,2,3145.3,113,3
2031,2026-06-16 14:42:31+05:30,3143.9,4,3134.45,2917339,123711.0,201383.0,3163.0,3163.0,3108.0,3134.3,31859000,3447.7,2820.9,3839.9,2896.0,3143.9,21,2,3143.8,26,3,3143.7,34,2,3143.6,21,3,3143.5,108,4,3144.7,16,1,3145.2,232,3,3145.3,133,3,3145.4,634,5,3145.5,102,2
2031,2026-06-16 14:42:31+05:30,3143.9,4,3134.45,2917339,123711.0,201383.0,3163.0,3163.0,3108.0,3134.3,31859000,3447.7,2820.9,3839.9,2896.0,3143.9,21,2,3143.8,26,3,3143.7,34,2,3143.6,21,3,3143.5,108,4,3144.7,16,1,3145.2,232,3,3145.3,133,3,3145.4,634,5,3145.5,102,2
2031,2026-06-16 14:42:32+05:30,3143.9,27,3134.45,2917449,124401.0,201422.0,3163.0,3163.0,3108.0,3134.3,31859000,3447.7,2820.9,3839.9,2896.0,3143.9,33,2,3143.8,33,3,3143.7,69,4,3143.6,21,3,3143.5,157,5,3144.7,16,1,3145.1,165,1,3145.2,66,2,3145.3,133,3,3145.4,634,5
2031,2026-06-16 14:42:32+05:30,3143.9,27,3134.45,2917449,124401.0,201422.0,3163.0,3163.0,3108.0,3134.3,31859000,3447.7,2820.9,3839.9,2896.0,3143.9,33,2,3143.8,33,3,3143.7,69,4,3143.6,21,3,3143.5,157,5,3144.7,16,1,3145.1,165,1,3145.2,66,2,3145.3,133,3,3145.4,634,5
2031,2026-06-16 14:42:33+05:30,3144.7,1,3134.45,2917450,124401.0,201743.0,3163.0,3163.0,3108.0,3134.3,31859000,3447.7,2820.9,3839.9,2896.0,3143.9,33,2,3143.8,33,3,3143.7,69,4,3143.6,21,3,3143.5,157,5,3144.7,42,3,3145.2,66,2,3145.3,133,3,3145.4,633,4,3145.5,103,3
2031,2026-06-16 14:42:33+05:30,3144.7,1,3134.45,2917450,124401.0,201743.0,3163.0,3163.0,3108.0,3134.3,31859000,3447.7,2820.9,3839.9,2896.0,3143.9,33,2,3143.8,33,3,3143.7,69,4,3143.6,21,3,3143.5,157,5,3144.7,42,3,3145.2,66,2,3145.3,133,3,3145.4,633,4,3145.5,103,3
2031,2026-06-16 14:42:34+05:30,3144.7,1,3134.45,2917451,124403.0,201727.0,3163.0,3163.0,3108.0,3134.3,31859000,3447.7,2820.9,3839.9,2896.0,3143.9,34,3,3143.8,20,2,3143.7,69,4,3143.6,21,3,3143.5,171,6,3144.7,26,1,3145.2,66,2,3145.3,133,3,3145.4,633,4,3145.5,103,3
2031,2026-06-16 14:42:34+05:30,3144.7,1,3134.45,2917451,124403.0,201727.0,3163.0,3163.0,3108.0,3134.3,31859000,3447.7,2820.9,3839.9,2896.0,3143.9,34,3,3143.8,20,2,3143.7,69,4,3143.6,21,3,3143.5,171,6,3144.7,26,1,3145.2,66,2,3145.3,133,3,3145.4,633,4,3145.5,103,3
2031,2026-06-16 14:42:35+05:30,3144.7,1,3134.45,2917451,124891.0,201625.0,3163.0,3163.0,3108.0,3134.3,31859000,3447.7,2820.9,3839.9,2896.0,3143.9,34,3,3143.8,20,2,3143.7,55,3,3143.6,21,3,3143.5,171,6,3144.7,26,1,3145.2,66,2,3145.3,133,3,3145.4,633,4,3145.5,103,3
2031,2026-06-16 14:42:36+05:30,3144.7,1,3134.45,2917451,124891.0,201625.0,3163.0,3163.0,3108.0,3134.3,31859000,3447.7,2820.9,3839.9,2896.0,3143.9,34,3,3143.8,20,2,3143.7,55,3,3143.6,21,3,3143.5,171,6,3144.7,26,1,3145.2,66,2,3145.3,133,3,3145.4,633,4,3145.5,103,3
2031,2026-06-16 14:42:36+05:30,3144.7,1,3134.45,2917452,124768.0,202312.0,3163.0,3163.0,3108.0,3134.3,31859000,3447.7,2820.9,3839.9,2896.0,3143.9,17,2,3143.8,20,2,3143.7,34,2,3143.6,21,3,3143.5,122,5,3144.2,1,1,3144.7,55,3,3145.1,33,1,3145.2,188,2,3145.3,133,3
2031,2026-06-16 14:42:36+05:30,3144.7,1,3134.45,2917452,124768.0,202312.0,3163.0,3163.0,3108.0,3134.3,31859000,3447.7,2820.9,3839.9,2896.0,3143.9,17,2,3143.8,20,2,3143.7,34,2,3143.6,21,3,3143.5,122,5,3144.2,1,1,3144.7,55,3,3145.1,33,1,3145.2,188,2,3145.3,133,3
2031,2026-06-16 14:42:37+05:30,3144.2,5,3134.45,2917457,124786.0,202352.0,3163.0,3163.0,3108.0,3134.3,31859000,3447.7,2820.9,3839.9,2896.0,3143.9,16,1,3143.8,20,2,3143.7,34,2,3143.6,21,3,3143.5,108,4,3144.2,1,1,3144.7,55,3,3145.1,33,1,3145.2,226,3,3145.3,95,2
2031,2026-06-16 14:42:37+05:30,3144.2,5,3134.45,2917457,124786.0,202352.0,3163.0,3163.0,3108.0,3134.3,31859000,3447.7,2820.9,3839.9,2896.0,3143.9,16,1,3143.8,20,2,3143.7,34,2,3143.6,21,3,3143.5,108,4,3144.2,1,1,3144.7,55,3,3145.1,33,1,3145.2,226,3,3145.3,95,2
2031,2026-06-16 14:42:37+05:30,3144.2,5,3134.45,2917457,124786.0,202352.0,3163.0,3163.0,3108.0,3134.3,31859000,3447.7,2820.9,3839.9,2896.0,3143.9,16,1,3143.8,20,2,3143.7,34,2,3143.6,21,3,3143.5,108,4,3144.2,1,1,3144.7,55,3,3145.1,33,1,3145.2,226,3,3145.3,95,2
2031,2026-06-16 14:42:38+05:30,3144.2,5,3134.45,2917457,124790.0,202326.0,3163.0,3163.0,3108.0,3134.3,31859000,3447.7,2820.9,3839.9,2896.0,3143.9,16,1,3143.8,14,1,3143.7,13,1,3143.6,7,2,3143.5,99,3,3144.2,26,2,3144.7,30,2,3144.9,38,1,3145.0,39,2,3145.1,46,1
2031,2026-06-16 14:42:38+05:30,3144.2,25,3134.45,2917457,124790.0,202326.0,3163.0,3163.0,3108.0,3134.3,31859000,3447.7,2820.9,3839.9,2896.0,3143.9,16,1,3143.8,14,1,3143.7,13,1,3143.6,7,2,3143.5,99,3,3144.2,26,2,3144.7,30,2,3144.9,38,1,3145.0,39,2,3145.1,46,1
2031,2026-06-16 14:42:39+05:30,3144.2,1,3134.45,2917684,124551.0,202669.0,3163.0,3163.0,3108.0,3134.3,31859000,3447.7,2820.9,3839.9,2896.0,3143.8,14,1,3143.5,53,2,3143.4,77,2,3143.3,83,3,3143.2,175,2,3144.2,1,1,3144.7,197,3,3144.8,66,2,3144.9,725,6,3145.0,46,1
2031,2026-06-16 14:42:39+05:30,3144.2,1,3134.45,2917684,124551.0,202669.0,3163.0,3163.0,3108.0,3134.3,31859000,3447.7,2820.9,3839.9,2896.0,3143.8,14,1,3143.5,53,2,3143.4,77,2,3143.3,83,3,3143.2,175,2,3144.2,1,1,3144.7,197,3,3144.8,66,2,3144.9,725,6,3145.0,46,1
2031,2026-06-16 14:42:40+05:30,3144.2,1,3134.45,2917684,124551.0,202669.0,3163.0,3163.0,3108.0,3134.3,31859000,3447.7,2820.9,3839.9,2896.0,3143.8,14,1,3143.5,53,2,3143.4,77,2,3143.3,83,3,3143.2,175,2,3144.2,1,1,3144.7,197,3,3144.8,66,2,3144.9,725,6,3145.0,46,1
2031,2026-06-16 14:42:40+05:30,3144.2,19,3134.45,2917921,124542.0,202682.0,3163.0,3163.0,3108.0,3134.3,31859000,3447.7,2820.9,3839.9,2896.0,3143.5,14,1,3143.3,44,2,3143.2,170,1,3143.1,170,5,3143.0,740,8,3144.2,39,2,3144.6,63,1,3144.7,153,4,3144.8,108,4,3144.9,694,5
2031,2026-06-16 14:42:40+05:30,3144.2,19,3134.45,2917921,124542.0,202682.0,3163.0,3163.0,3108.0,3134.3,31859000,3447.7,2820.9,3839.9,2896.0,3143.5,14,1,3143.3,44,2,3143.2,170,1,3143.1,170,5,3143.0,740,8,3144.2,39,2,3144.6,63,1,3144.7,153,4,3144.8,108,4,3144.9,694,5
2031,2026-06-16 14:42:41+05:30,3143.5,2,3134.45,2917924,124611.0,202677.0,3163.0,3163.0,3108.0,3134.3,31859000,3447.7,2820.9,3839.9,2896.0,3143.5,12,1,3143.3,44,2,3143.2,170,1,3143.1,216,6,3143.0,749,9,3144.2,37,1,3144.6,219,2,3144.7,153,4,3144.8,108,4,3144.9,694,5
2031,2026-06-16 14:42:41+05:30,3143.5,2,3134.45,2917924,124611.0,202677.0,3163.0,3163.0,3108.0,3134.3,31859000,3447.7,2820.9,3839.9,2896.0,3143.5,12,1,3143.3,44,2,3143.2,170,1,3143.1,216,6,3143.0,749,9,3144.2,37,1,3144.6,219,2,3144.7,153,4,3144.8,108,4,3144.9,694,5
2031,2026-06-16 14:42:42+05:30,3143.5,2,3134.45,2917924,124611.0,202677.0,3163.0,3163.0,3108.0,3134.3,31859000,3447.7,2820.9,3839.9,2896.0,3143.5,12,1,3143.3,44,2,3143.2,170,1,3143.1,216,6,3143.0,749,9,3144.2,37,1,3144.6,219,2,3144.7,153,4,3144.8,108,4,3144.9,694,5
2031,2026-06-16 14:42:42+05:30,3143.5,41,3134.45,2918041,124773.0,201895.0,3163.0,3163.0,3108.0,3134.3,31859000,3447.7,2820.9,3839.9,2896.0,3143.5,21,2,3143.4,32,2,3143.3,200,2,3143.2,237,4,3143.1,171,6,3144.7,1,1,3144.8,3,1,3144.9,656,4,3145.1,506,5,3145.2,484,4
2031,2026-06-16 14:42:42+05:30,3143.5,41,3134.45,2918041,124773.0,201895.0,3163.0,3163.0,3108.0,3134.3,31859000,3447.7,2820.9,3839.9,2896.0,3143.5,21,2,3143.4,32,2,3143.3,200,2,3143.2,237,4,3143.1,171,6,3144.7,1,1,3144.8,3,1,3144.9,656,4,3145.1,506,5,3145.2,484,4
2031,2026-06-16 14:42:43+05:30,3144.7,1,3134.45,2918042,124938.0,201849.0,3163.0,3163.0,3108.0,3134.3,31859000,3447.7,2820.9,3839.9,2896.0,3143.5,41,3,3143.4,32,2,3143.3,202,2,3143.2,232,3,3143.1,171,6,3144.7,13,3,3144.8,36,2,3144.9,740,6,3145.1,473,4,3145.2,517,5
2031,2026-06-16 14:42:43+05:30,3144.7,1,3134.45,2918042,124938.0,201849.0,3163.0,3163.0,3108.0,3134.3,31859000,3447.7,2820.9,3839.9,2896.0,3143.5,41,3,3143.4,32,2,3143.3,202,2,3143.2,232,3,3143.1,171,6,3144.7,13,3,3144.8,36,2,3144.9,740,6,3145.1,473,4,3145.2,517,5
2031,2026-06-16 14:42:44+05:30,3144.7,1,3134.45,2918042,124751.0,201855.0,3163.0,3163.0,3108.0,3134.3,31859000,3447.7,2820.9,3839.9,2896.0,3143.5,41,3,3143.4,32,2,3143.3,20,1,3143.2,186,2,3143.1,171,6,3144.7,39,4,3144.8,36,2,3144.9,740,6,3145.1,473,4,3145.2,517,5
2031,2026-06-16 14:42:45+05:30,3144.7,1,3134.45,2918042,124751.0,201855.0,3163.0,3163.0,3108.0,3134.3,31859000,3447.7,2820.9,3839.9,2896.0,3143.5,41,3,3143.4,32,2,3143.3,20,1,3143.2,186,2,3143.1,171,6,3144.7,39,4,3144.8,36,2,3144.9,740,6,3145.1,473,4,3145.2,517,5
2031,2026-06-16 14:42:45+05:30,3143.5,7,3134.45,2918057,124834.0,201625.0,3163.0,3163.0,3108.0,3134.3,31859000,3447.7,2820.9,3839.9,2896.0,3144.1,2,2,3143.7,21,1,3143.5,34,4,3143.4,57,2,3143.3,226,4,3144.7,40,5,3144.8,13,2,3144.9,735,6,3145.0,1,1,3145.1,472,3
2031,2026-06-16 14:42:45+05:30,3143.5,7,3134.45,2918057,124834.0,201625.0,3163.0,3163.0,3108.0,3134.3,31859000,3447.7,2820.9,3839.9,2896.0,3144.1,2,2,3143.7,21,1,3143.5,34,4,3143.4,57,2,3143.3,226,4,3144.7,40,5,3144.8,13,2,3144.9,735,6,3145.0,1,1,3145.1,472,3
2031,2026-06-16 14:42:46+05:30,3143.5,7,3134.45,2918057,124834.0,201625.0,3163.0,3163.0,3108.0,3134.3,31859000,3447.7,2820.9,3839.9,2896.0,3144.1,2,2,3143.7,21,1,3143.5,34,4,3143.4,57,2,3143.3,226,4,3144.7,40,5,3144.8,13,2,3144.9,735,6,3145.0,1,1,3145.1,472,3
2031,2026-06-16 14:42:46+05:30,3144.2,1,3134.45,2918059,124972.0,202060.0,3163.0,3163.0,3108.0,3134.3,31859000,3447.7,2820.9,3839.9,2896.0,3144.1,2,2,3143.5,21,2,3143.4,8,1,3143.3,57,3,3143.2,189,3,3144.2,1,1,3144.7,73,6,3144.9,740,6,3145.0,1,1,3145.1,484,5
2031,2026-06-16 14:42:46+05:30,3144.2,1,3134.45,2918059,124972.0,202060.0,3163.0,3163.0,3108.0,3134.3,31859000,3447.7,2820.9,3839.9,2896.0,3144.1,2,2,3143.5,21,2,3143.4,8,1,3143.3,57,3,3143.2,189,3,3144.2,1,1,3144.7,73,6,3144.9,740,6,3145.0,1,1,3145.1,484,5
2031,2026-06-16 14:42:47+05:30,3144.2,1,3134.45,2918059,124929.0,202060.0,3163.0,3163.0,3108.0,3134.3,31859000,3447.7,2820.9,3839.9,2896.0,3144.1,2,2,3143.5,21,2,3143.4,8,1,3143.3,57,3,3143.2,189,3,3144.2,2,2,3144.7,72,5,3144.9,740,6,3145.0,1,1,3145.1,484,5
2031,2026-06-16 14:42:48+05:30,3144.2,1,3134.45,2918059,124929.0,202060.0,3163.0,3163.0,3108.0,3134.3,31859000,3447.7,2820.9,3839.9,2896.0,3144.1,2,2,3143.5,21,2,3143.4,8,1,3143.3,57,3,3143.2,189,3,3144.2,2,2,3144.7,72,5,3144.9,740,6,3145.0,1,1,3145.1,484,5
2031,2026-06-16 14:42:48+05:30,3144.2,1,3134.45,2918059,124740.0,202131.0,3163.0,3163.0,3108.0,3134.3,31859000,3447.7,2820.9,3839.9,2896.0,3144.1,2,2,3143.5,21,2,3143.4,8,1,3143.3,57,3,3143.2,189,3,3144.2,19,3,3144.7,46,4,3144.9,140,3,3145.0,601,4,3145.1,284,4
2031,2026-06-16 14:42:49+05:30,3144.2,1,3134.45,2918059,124740.0,202131.0,3163.0,3163.0,3108.0,3134.3,31859000,3447.7,2820.9,3839.9,2896.0,3144.1,2,2,3143.5,21,2,3143.4,8,1,3143.3,57,3,3143.2,189,3,3144.2,19,3,3144.7,46,4,3144.9,140,3,3145.0,601,4,3145.1,284,4
2031,2026-06-16 14:42:49+05:30,3143.3,3,3134.45,2918109,124826.0,202384.0,3163.0,3163.0,3108.0,3134.3,31859000,3447.7,2820.9,3839.9,2896.0,3143.3,30,2,3143.2,194,2,3143.1,181,6,3143.0,758,9,3142.9,267,3,3144.2,85,5,3144.7,76,4,3144.8,98,3,3144.9,746,7,3145.1,472,3
2031,2026-06-16 14:42:49+05:30,3143.3,3,3134.45,2918109,124826.0,202384.0,3163.0,3163.0,3108.0,3134.3,31859000,3447.7,2820.9,3839.9,2896.0,3143.3,30,2,3143.2,194,2,3143.1,181,6,3143.0,758,9,3142.9,267,3,3144.2,85,5,3144.7,76,4,3144.8,98,3,3144.9,746,7,3145.1,472,3
2031,2026-06-16 14:42:50+05:30,3143.3,3,3134.45,2918109,124826.0,202384.0,3163.0,3163.0,3108.0,3134.3,31859000,3447.7,2820.9,3839.9,2896.0,3143.3,30,2,3143.2,194,2,3143.1,181,6,3143.0,758,9,3142.9,267,3,3144.2,85,5,3144.7,76,4,3144.8,98,3,3144.9,746,7,3145.1,472,3
2031,2026-06-16 14:42:50+05:30,3144.2,60,3134.45,2918194,125108.0,202355.0,3163.0,3163.0,3108.0,3134.3,31859000,3447.7,2820.9,3839.9,2896.0,3144.0,1,1,3143.7,2,1,3143.6,18,1,3143.5,36,2,3143.4,112,2,3144.2,1,1,3144.7,13,3,3144.8,3,1,3144.9,600,3,3145.1,400,2
2031,2026-06-16 14:42:50+05:30,3144.2,60,3134.45,2918194,125108.0,202355.0,3163.0,3163.0,3108.0,3134.3,31859000,3447.7,2820.9,3839.9,2896.0,3144.0,1,1,3143.7,2,1,3143.6,18,1,3143.5,36,2,3143.4,112,2,3144.2,1,1,3144.7,13,3,3144.8,3,1,3144.9,600,3,3145.1,400,2
2031,2026-06-16 14:42:51+05:30,3144.2,60,3134.45,2918194,125108.0,202355.0,3163.0,3163.0,3108.0,3134.3,31859000,3447.7,2820.9,3839.9,2896.0,3144.0,1,1,3143.7,2,1,3143.6,18,1,3143.5,36,2,3143.4,112,2,3144.2,1,1,3144.7,13,3,3144.8,3,1,3144.9,600,3,3145.1,400,2
2031,2026-06-16 14:42:51+05:30,3144.2,1,3134.45,2918194,125108.0,202355.0,3163.0,3163.0,3108.0,3134.3,31859000,3447.7,2820.9,3839.9,2896.0,3144.0,1,1,3143.7,2,1,3143.6,18,1,3143.5,36,2,3143.4,112,2,3144.2,1,1,3144.7,13,3,3144.8,3,1,3144.9,600,3,3145.1,400,2
2031,2026-06-16 14:42:51+05:30,3144.2,1,3134.45,2918202,125329.0,201535.0,3163.0,3163.0,3108.0,3134.3,31859000,3447.7,2820.9,3839.9,2896.0,3144.2,1,1,3143.8,17,1,3143.7,23,2,3143.6,91,2,3143.5,68,2,3144.7,13,3,3144.9,632,4,3145.0,89,2,3145.1,461,6,3145.2,521,5
2031,2026-06-16 14:42:51+05:30,3144.2,1,3134.45,2918202,125329.0,201535.0,3163.0,3163.0,3108.0,3134.3,31859000,3447.7,2820.9,3839.9,2896.0,3144.2,1,1,3143.8,17,1,3143.7,23,2,3143.6,91,2,3143.5,68,2,3144.7,13,3,3144.9,632,4,3145.0,89,2,3145.1,461,6,3145.2,521,5
2031,2026-06-16 14:42:52+05:30,3144.6,1,3134.45,2918202,125329.0,201535.0,3163.0,3163.0,3108.0,3134.3,31859000,3447.7,2820.9,3839.9,2896.0,3143.6,17,1,3143.5,100,4,3143.4,125,3,3143.3,101,4,3143.2,229,3,3144.6,1,1,3144.7,15,4,3144.9,600,3,3145.0,89,2,3145.1,525,7
2031,2026-06-16 14:42:52+05:30,3144.6,1,3134.45,2918404,125161.0,201432.0,3163.0,3163.0,3108.0,3134.3,31859000,3447.7,2820.9,3839.9,2896.0,3143.6,17,1,3143.5,100,4,3143.4,125,3,3143.3,101,4,3143.2,229,3,3144.6,1,1,3144.7,15,4,3144.9,600,3,3145.0,89,2,3145.1,525,7
2031,2026-06-16 14:42:52+05:30,3144.6,1,3134.45,2918404,125161.0,201432.0,3163.0,3163.0,3108.0,3134.3,31859000,3447.7,2820.9,3839.9,2896.0,3143.6,17,1,3143.5,100,4,3143.4,125,3,3143.3,101,4,3143.2,229,3,3144.6,1,1,3144.7,15,4,3144.9,600,3,3145.0,89,2,3145.1,525,7
2031,2026-06-16 14:42:53+05:30,3144.6,1,3134.45,2918404,125161.0,201432.0,3163.0,3163.0,3108.0,3134.3,31859000,3447.7,2820.9,3839.9,2896.0,3143.6,17,1,3143.5,100,4,3143.4,125,3,3143.3,101,4,3143.2,229,3,3144.6,1,1,3144.7,15,4,3144.9,600,3,3145.0,89,2,3145.1,525,7
2031,2026-06-16 14:42:53+05:30,3144.6,1,3134.45,2918404,125207.0,201990.0,3163.0,3163.0,3108.0,3134.3,31859000,3447.7,2820.9,3839.9,2896.0,3143.6,17,1,3143.5,110,4,3143.4,125,3,3143.3,137,6,3143.2,275,4,3144.6,20,2,3144.7,15,4,3144.9,632,4,3145.0,89,2,3145.1,493,6
2031,2026-06-16 14:42:54+05:30,3144.6,1,3134.45,2918404,125207.0,201990.0,3163.0,3163.0,3108.0,3134.3,31859000,3447.7,2820.9,3839.9,2896.0,3143.6,17,1,3143.5,110,4,3143.4,125,3,3143.3,137,6,3143.2,275,4,3144.6,20,2,3144.7,15,4,3144.9,632,4,3145.0,89,2,3145.1,493,6
2031,2026-06-16 14:42:54+05:30,3144.2,1,3134.45,2918404,125207.0,201990.0,3163.0,3163.0,3108.0,3134.3,31859000,3447.7,2820.9,3839.9,2896.0,3143.6,17,1,3143.5,110,4,3143.4,125,3,3143.3,137,6,3143.2,275,4,3144.6,20,2,3144.7,15,4,3144.9,632,4,3145.0,89,2,3145.1,493,6
2031,2026-06-16 14:42:54+05:30,3144.2,1,3134.45,2918457,124364.0,203600.0,3163.0,3163.0,3108.0,3134.3,31859000,3447.7,2820.9,3839.9,2896.0,3143.3,16,1,3143.2,170,1,3143.1,137,2,3143.0,674,5,3142.9,21,1,3144.2,994,1,3144.5,183,8,3144.6,96,5,3144.7,814,9,3144.8,157,3
2031,2026-06-16 14:42:55+05:30,3144.2,1,3134.45,2918457,124364.0,203600.0,3163.0,3163.0,3108.0,3134.3,31859000,3447.7,2820.9,3839.9,2896.0,3143.3,16,1,3143.2,170,1,3143.1,137,2,3143.0,674,5,3142.9,21,1,3144.2,994,1,3144.5,183,8,3144.6,96,5,3144.7,814,9,3144.8,157,3
2031,2026-06-16 14:42:55+05:30,3144.2,1,3134.45,2918457,124354.0,203634.0,3163.0,3163.0,3108.0,3134.3,31859000,3447.7,2820.9,3839.9,2896.0,3143.3,16,1,3143.2,170,1,3143.1,137,2,3143.0,674,5,3142.9,21,1,3144.2,1120,5,3144.4,76,2,3144.5,749,9,3144.6,115,5,3144.7,614,8
2031,2026-06-16 14:42:55+05:30,3144.2,1,3134.45,2918457,124354.0,203634.0,3163.0,3163.0,3108.0,3134.3,31859000,3447.7,2820.9,3839.9,2896.0,3143.3,16,1,3143.2,170,1,3143.1,137,2,3143.0,674,5,3142.9,21,1,3144.2,1120,5,3144.4,76,2,3144.5,749,9,3144.6,115,5,3144.7,614,8
2031,2026-06-16 14:42:56+05:30,3144.2,1,3134.45,2918457,124194.0,203715.0,3163.0,3163.0,3108.0,3134.3,31859000,3447.7,2820.9,3839.9,2896.0,3143.3,16,1,3143.2,170,1,3143.1,137,2,3143.0,674,5,3142.9,21,1,3143.7,1,1,3144.2,1089,4,3144.3,3,1,3144.4,76,2,3144.5,738,7
2031,2026-06-16 14:42:56+05:30,3144.2,1,3134.45,2918457,124194.0,203715.0,3163.0,3163.0,3108.0,3134.3,31859000,3447.7,2820.9,3839.9,2896.0,3143.3,16,1,3143.2,170,1,3143.1,137,2,3143.0,674,5,3142.9,21,1,3143.7,1,1,3144.2,1089,4,3144.3,3,1,3144.4,76,2,3144.5,738,7
2031,2026-06-16 14:42:57+05:30,3143.7,1,3134.45,2918457,124194.0,203715.0,3163.0,3163.0,3108.0,3134.3,31859000,3447.7,2820.9,3839.9,2896.0,3143.3,16,1,3143.2,170,1,3143.1,137,2,3143.0,674,5,3142.9,21,1,3143.7,1,1,3144.2,1089,4,3144.3,3,1,3144.4,76,2,3144.5,738,7
2031,2026-06-16 14:42:57+05:30,3143.7,1,3134.45,2918459,124712.0,203735.0,3163.0,3163.0,3108.0,3134.3,31859000,3447.7,2820.9,3839.9,2896.0,3143.6,15,1,3143.3,16,1,3143.2,170,1,3143.1,137,2,3143.0,674,5,3143.7,4,3,3143.8,32,1,3144.0,21,1,3144.1,638,4,3144.2,1111,5
2031,2026-06-16 14:42:58+05:30,3143.7,5,3134.45,2918459,124712.0,203735.0,3163.0,3163.0,3108.0,3134.3,31859000,3447.7,2820.9,3839.9,2896.0,3143.6,15,1,3143.3,16,1,3143.2,170,1,3143.1,137,2,3143.0,674,5,3143.7,4,3,3143.8,32,1,3144.0,21,1,3144.1,638,4,3144.2,1111,5
2031,2026-06-16 14:42:59+05:30,3143.9,1,3134.45,2918496,124724.0,203800.0,3163.0,3163.0,3108.0,3134.3,31859000,3447.7,2820.9,3839.9,2896.0,3143.7,10,1,3143.3,16,1,3143.2,170,1,3143.1,137,2,3143.0,674,5,3143.9,198,1,3144.0,53,2,3144.1,638,4,3144.2,1135,5,3144.3,467,5
2031,2026-06-16 14:42:59+05:30,3143.9,1,3134.45,2918496,124724.0,203800.0,3163.0,3163.0,3108.0,3134.3,31859000,3447.7,2820.9,3839.9,2896.0,3143.7,10,1,3143.3,16,1,3143.2,170,1,3143.1,137,2,3143.0,674,5,3143.9,198,1,3144.0,53,2,3144.1,638,4,3144.2,1135,5,3144.3,467,5
2031,2026-06-16 14:43:00+05:30,3143.9,1,3134.45,2918513,124699.0,203922.0,3163.0,3163.0,3108.0,3134.3,31859000,3447.7,2820.9,3839.9,2896.0,3143.8,22,2,3143.3,16,1,3143.2,170,1,3143.1,150,3,3143.0,674,5,3143.9,221,2,3144.0,52,2,3144.1,38,1,3144.2,1714,7,3144.3,267,4
2031,2026-06-16 14:43:00+05:30,3143.9,2,3134.45,2918513,124699.0,203922.0,3163.0,3163.0,3108.0,3134.3,31859000,3447.7,2820.9,3839.9,2896.0,3143.8,22,2,3143.3,16,1,3143.2,170,1,3143.1,150,3,3143.0,674,5,3143.9,221,2,3144.0,52,2,3144.1,38,1,3144.2,1714,7,3144.3,267,4
2031,2026-06-16 14:43:01+05:30,3143.9,2,3134.45,2918517,124805.0,203648.0,3163.0,3163.0,3108.0,3134.3,31859000,3447.7,2820.9,3839.9,2896.0,3143.8,523,4,3143.3,16,1,3143.2,170,1,3143.1,150,3,3143.0,174,4,3143.9,270,4,3144.2,1041,2,3144.3,3,1,3144.4,31,1,3144.5,673,5
2031,2026-06-16 14:43:01+05:30,3143.9,180,3134.45,2918517,124805.0,203648.0,3163.0,3163.0,3108.0,3134.3,31859000,3447.7,2820.9,3839.9,2896.0,3143.8,523,4,3143.3,16,1,3143.2,170,1,3143.1,150,3,3143.0,174,4,3143.9,270,4,3144.2,1041,2,3144.3,3,1,3144.4,31,1,3144.5,673,5
2031,2026-06-16 14:43:02+05:30,3143.9,10,3134.45,2918707,124968.0,203464.0,3163.0,3163.0,3108.0,3134.3,31859000,3447.7,2820.9,3839.9,2896.0,3143.8,578,4,3143.3,16,1,3143.2,170,1,3143.1,150,3,3143.0,277,6,3143.9,80,4,3144.2,1041,2,3144.3,3,1,3144.4,31,1,3144.5,627,4
2031,2026-06-16 14:43:02+05:30,3143.7,1,3134.45,2918707,124968.0,203464.0,3163.0,3163.0,3108.0,3134.3,31859000,3447.7,2820.9,3839.9,2896.0,3143.8,578,4,3143.3,16,1,3143.2,170,1,3143.1,150,3,3143.0,277,6,3143.9,80,4,3144.2,1041,2,3144.3,3,1,3144.4,31,1,3144.5,627,4
2031,2026-06-16 14:43:03+05:30,3143.7,26,3134.46,2919392,124264.0,203949.0,3163.0,3163.0,3108.0,3134.3,31859000,3447.7,2820.9,3839.9,2896.0,3143.3,16,1,3143.2,170,1,3143.1,130,2,3143.0,274,5,3142.9,37,2,3143.7,174,1,3143.9,140,5,3144.0,109,3,3144.2,1700,7,3144.3,308,5
2031,2026-06-16 14:43:03+05:30,3143.3,1,3134.46,2919392,124264.0,203949.0,3163.0,3163.0,3108.0,3134.3,31859000,3447.7,2820.9,3839.9,2896.0,3143.3,16,1,3143.2,170,1,3143.1,130,2,3143.0,274,5,3142.9,37,2,3143.7,174,1,3143.9,140,5,3144.0,109,3,3144.2,1700,7,3144.3,308,5
2031,2026-06-16 14:43:04+05:30,3143.3,5,3134.46,2919398,124289.0,201989.0,3163.0,3163.0,3108.0,3134.3,31859000,3447.7,2820.9,3839.9,2896.0,3143.3,11,2,3143.2,170,1,3143.1,130,2,3143.0,274,5,3142.9,37,2,3143.7,185,2,3143.9,116,4,3144.0,71,2,3144.2,1700,7,3144.3,329,6
2031,2026-06-16 14:43:04+05:30,3143.3,5,3134.46,2919398,124289.0,201989.0,3163.0,3163.0,3108.0,3134.3,31859000,3447.7,2820.9,3839.9,2896.0,3143.3,11,2,3143.2,170,1,3143.1,130,2,3143.0,274,5,3142.9,37,2,3143.7,185,2,3143.9,116,4,3144.0,71,2,3144.2,1700,7,3144.3,329,6
2031,2026-06-16 14:43:05+05:30,3143.3,5,3134.46,2919398,124278.0,204000.0,3163.0,3163.0,3108.0,3134.3,31859000,3447.7,2820.9,3839.9,2896.0,3143.3,11,2,3143.2,170,1,3143.1,117,1,3143.0,274,5,3142.9,21,1,3143.7,210,4,3143.9,134,4,3144.0,38,1,3144.2,1700,7,3144.3,329,6
2031,2026-06-16 14:43:05+05:30,3143.7,1,3134.46,2919398,124278.0,204000.0,3163.0,3163.0,3108.0,3134.3,31859000,3447.7,2820.9,3839.9,2896.0,3143.3,11,2,3143.2,170,1,3143.1,117,1,3143.0,274,5,3142.9,21,1,3143.7,210,4,3143.9,134,4,3144.0,38,1,3144.2,1700,7,3144.3,329,6
2031,2026-06-16 14:43:06+05:30,3143.6,47,3134.46,2919575,123667.0,204145.0,3163.0,3163.0,3108.0,3134.3,31859000,3447.7,2820.9,3839.9,2896.0,3143.3,16,2,3143.2,170,1,3143.1,117,1,3143.0,274,5,3142.9,21,1,3143.7,275,7,3143.8,27,1,3143.9,102,3,3144.0,736,7,3144.1,243,2
2031,2026-06-16 14:43:06+05:30,3143.3,9,3134.46,2919575,123667.0,204145.0,3163.0,3163.0,3108.0,3134.3,31859000,3447.7,2820.9,3839.9,2896.0,3143.3,16,2,3143.2,170,1,3143.1,117,1,3143.0,274,5,3142.9,21,1,3143.7,275,7,3143.8,27,1,3143.9,102,3,3144.0,736,7,3144.1,243,2
2031,2026-06-16 14:43:07+05:30,3143.7,1,3134.46,2919593,124085.0,204136.0,3163.0,3163.0,3108.0,3134.3,31859000,3447.7,2820.9,3839.9,2896.0,3143.3,6,1,3143.2,170,1,3143.1,117,1,3143.0,274,5,3142.9,21,1,3143.7,267,7,3143.8,27,1,3143.9,102,3,3144.0,736,7,3144.1,200,1
2031,2026-06-16 14:43:07+05:30,3144.6,31,3134.46,2919593,124085.0,204136.0,3163.0,3163.0,3108.0,3134.3,31859000,3447.7,2820.9,3839.9,2896.0,3143.3,6,1,3143.2,170,1,3143.1,117,1,3143.0,274,5,3142.9,21,1,3143.7,267,7,3143.8,27,1,3143.9,102,3,3144.0,736,7,3144.1,200,1
2031,2026-06-16 14:43:08+05:30,3144.7,1,3134.47,2922625,125058.0,200599.0,3163.0,3163.0,3108.0,3134.3,31859000,3447.7,2820.9,3839.9,2896.0,3143.7,21,1,3143.6,70,2,3143.5,75,4,3143.4,193,4,3143.3,278,7,3145.0,24,1,3145.1,56,2,3145.2,184,2,3145.3,243,3,3145.4,107,5
2031,2026-06-16 14:43:08+05:30,3144.7,1,3134.47,2922625,125058.0,200599.0,3163.0,3163.0,3108.0,3134.3,31859000,3447.7,2820.9,3839.9,2896.0,3143.7,21,1,3143.6,70,2,3143.5,75,4,3143.4,193,4,3143.3,278,7,3145.0,24,1,3145.1,56,2,3145.2,184,2,3145.3,243,3,3145.4,107,5
2031,2026-06-16 14:43:09+05:30,3144.7,1,3134.47,2922625,125158.0,200975.0,3163.0,3163.0,3108.0,3134.3,31859000,3447.7,2820.9,3839.9,2896.0,3143.7,120,3,3143.6,40,2,3143.5,63,2,3143.4,15,1,3143.3,40,4,3145.0,83,4,3145.1,431,4,3145.2,187,4,3145.3,227,2,3145.4,322,6
2031,2026-06-16 14:43:10+05:30,3144.7,1,3134.47,2922625,125324.0,201059.0,3163.0,3163.0,3108.0,3134.3,31859000,3447.7,2820.9,3839.9,2896.0,3143.8,49,1,3143.7,266,4,3143.6,40,2,3143.5,79,3,3143.4,15,1,3145.0,50,2,3145.1,430,3,3145.2,74,3,3145.3,227,2,3145.4,308,5
2031,2026-06-16 14:43:11+05:30,3144.7,1,3134.47,2922625,125340.0,201199.0,3163.0,3163.0,3108.0,3134.3,31859000,3447.7,2820.9,3839.9,2896.0,3143.8,71,3,3143.7,302,6,3143.6,72,4,3143.5,63,2,3143.4,49,3,3145.1,400,2,3145.2,27,1,3145.3,227,2,3145.4,312,6,3145.5,59,2
2031,2026-06-16 14:43:11+05:30,3144.7,1,3134.47,2922625,125008.0,201483.0,3163.0,3163.0,3108.0,3134.3,31859000,3447.7,2820.9,3839.9,2896.0,3144.7,2,1,3143.9,21,1,3143.8,15,1,3143.7,220,3,3143.5,63,2,3145.0,70,4,3145.1,426,3,3145.2,190,5,3145.3,227,2,3145.4,270,4
2031,2026-06-16 14:43:12+05:30,3144.8,1,3134.47,2922625,125008.0,201483.0,3163.0,3163.0,3108.0,3134.3,31859000,3447.7,2820.9,3839.9,2896.0,3144.7,2,1,3143.9,21,1,3143.8,15,1,3143.7,220,3,3143.5,63,2,3145.0,70,4,3145.1,426,3,3145.2,190,5,3145.3,227,2,3145.4,270,4
2031,2026-06-16 14:43:12+05:30,3144.8,1,3134.47,2922769,124587.0,201721.0,3163.0,3163.0,3108.0,3134.3,31859000,3447.7,2820.9,3839.9,2896.0,3144.0,1,1,3143.8,15,1,3143.7,63,2,3143.5,39,2,3143.4,13,1,3144.5,40,1,3144.6,83,2,3144.8,228,3,3144.9,41,2,3145.0,478,5
2031,2026-06-16 14:43:13+05:30,3144.1,12,3134.47,2922769,124587.0,201721.0,3163.0,3163.0,3108.0,3134.3,31859000,3447.7,2820.9,3839.9,2896.0,3144.0,1,1,3143.8,15,1,3143.7,63,2,3143.5,39,2,3143.4,13,1,3144.5,40,1,3144.6,83,2,3144.8,228,3,3144.9,41,2,3145.0,478,5
2031,2026-06-16 14:43:14+05:30,3144.1,12,3134.47,2922782,124844.0,202315.0,3163.0,3163.0,3108.0,3134.3,31859000,3447.7,2820.9,3839.9,2896.0,3144.1,5,1,3144.0,1,1,3143.7,63,2,3143.5,39,2,3143.4,13,1,3144.5,225,2,3144.6,40,1,3144.7,32,1,3144.8,24,2,3144.9,121,3
2031,2026-06-16 14:43:15+05:30,3144.1,12,3134.47,2922782,124976.0,202259.0,3163.0,3163.0,3108.0,3134.3,31859000,3447.7,2820.9,3839.9,2896.0,3144.3,18,1,3144.1,42,2,3144.0,1,1,3143.7,63,2,3143.5,39,2,3144.5,280,3,3144.6,40,1,3144.8,23,1,3144.9,83,2,3145.0,423,3
2031,2026-06-16 14:43:15+05:30,3144.4,1,3134.47,2922782,124976.0,202259.0,3163.0,3163.0,3108.0,3134.3,31859000,3447.7,2820.9,3839.9,2896.0,3144.3,18,1,3144.1,42,2,3144.0,1,1,3143.7,63,2,3143.5,39,2,3144.5,280,3,3144.6,40,1,3144.8,23,1,3144.9,83,2,3145.0,423,3
2031,2026-06-16 14:43:15+05:30,3144.4,1,3134.47,2922925,124761.0,202139.0,3163.0,3163.0,3108.0,3134.3,31859000,3447.7,2820.9,3839.9,2896.0,3144.4,2,2,3144.3,1,1,3144.1,42,2,3144.0,1,1,3143.9,14,1,3144.5,140,3,3144.7,16,1,3144.8,23,1,3144.9,83,2,3145.0,24,2
2031,2026-06-16 14:43:16+05:30,3144.4,33,3134.47,2922925,124761.0,202139.0,3163.0,3163.0,3108.0,3134.3,31859000,3447.7,2820.9,3839.9,2896.0,3144.4,2,2,3144.3,1,1,3144.1,42,2,3144.0,1,1,3143.9,14,1,3144.5,140,3,3144.7,16,1,3144.8,23,1,3144.9,83,2,3145.0,24,2
2031,2026-06-16 14:43:16+05:30,3144.4,33,3134.47,2922968,125190.0,202205.0,3163.0,3163.0,3108.0,3134.3,31859000,3447.7,2820.9,3839.9,2896.0,3144.3,18,2,3144.1,42,2,3144.0,1,1,3143.7,84,3,3143.6,3,1,3144.5,140,3,3144.8,90,3,3145.0,61,3,3145.1,589,4,3145.2,172,6
2031,2026-06-16 14:43:17+05:30,3144.5,1,3134.47,2922968,125190.0,202205.0,3163.0,3163.0,3108.0,3134.3,31859000,3447.7,2820.9,3839.9,2896.0,3144.3,18,2,3144.1,42,2,3144.0,1,1,3143.7,84,3,3143.6,3,1,3144.5,140,3,3144.8,90,3,3145.0,61,3,3145.1,589,4,3145.2,172,6
2031,2026-06-16 14:43:17+05:30,3144.5,1,3134.47,2922969,125140.0,202209.0,3163.0,3163.0,3108.0,3134.3,31859000,3447.7,2820.9,3839.9,2896.0,3144.3,18,2,3144.1,42,2,3144.0,1,1,3143.7,34,2,3143.6,3,1,3144.5,140,4,3144.8,90,3,3145.0,61,3,3145.1,589,4,3145.2,172,6
2031,2026-06-16 14:43:18+05:30,3144.1,1,3134.47,2922969,125140.0,202209.0,3163.0,3163.0,3108.0,3134.3,31859000,3447.7,2820.9,3839.9,2896.0,3144.3,18,2,3144.1,42,2,3144.0,1,1,3143.7,34,2,3143.6,3,1,3144.5,140,4,3144.8,90,3,3145.0,61,3,3145.1,589,4,3145.2,172,6
2031,2026-06-16 14:43:18+05:30,3144.1,1,3134.47,2923188,124641.0,202968.0,3163.0,3163.0,3108.0,3134.3,31859000,3447.7,2820.9,3839.9,2896.0,3144.0,1,1,3143.7,13,1,3143.5,18,1,3143.4,13,1,3143.3,20,1,3144.1,56,1,3144.2,111,4,3144.4,67,3,3144.5,82,3,3144.6,694,6
2031,2026-06-16 14:43:19+05:30,3144.1,50,3134.47,2923188,124641.0,202968.0,3163.0,3163.0,3108.0,3134.3,31859000,3447.7,2820.9,3839.9,2896.0,3144.0,1,1,3143.7,13,1,3143.5,18,1,3143.4,13,1,3143.3,20,1,3144.1,56,1,3144.2,111,4,3144.4,67,3,3144.5,82,3,3144.6,694,6
2031,2026-06-16 14:43:19+05:30,3144.1,50,3134.47,2923244,124607.0,203054.0,3163.0,3163.0,3108.0,3134.3,31859000,3447.7,2820.9,3839.9,2896.0,3144.0,2,2,3143.9,17,1,3143.7,13,1,3143.5,18,1,3143.4,13,1,3144.1,26,1,3144.2,22,1,3144.4,24,1,3144.5,229,3,3144.6,656,5
2031,2026-06-16 14:43:20+05:30,3144.0,1,3134.47,2923244,124607.0,203054.0,3163.0,3163.0,3108.0,3134.3,31859000,3447.7,2820.9,3839.9,2896.0,3144.0,2,2,3143.9,17,1,3143.7,13,1,3143.5,18,1,3143.4,13,1,3144.1,26,1,3144.2,22,1,3144.4,24,1,3144.5,229,3,3144.6,656,5
2031,2026-06-16 14:43:20+05:30,3144.0,1,3134.47,2923246,124677.0,203173.0,3163.0,3163.0,3108.0,3134.3,31859000,3447.7,2820.9,3839.9,2896.0,3144.0,1,1,3143.9,17,1,3143.7,13,1,3143.5,18,1,3143.4,13,1,3144.1,26,1,3144.2,99,3,3144.3,16,1,3144.4,90,3,3144.5,829,6
2031,2026-06-16 14:43:21+05:30,3144.0,2,3134.47,2923246,124677.0,203173.0,3163.0,3163.0,3108.0,3134.3,31859000,3447.7,2820.9,3839.9,2896.0,3144.0,1,1,3143.9,17,1,3143.7,13,1,3143.5,18,1,3143.4,13,1,3144.1,26,1,3144.2,99,3,3144.3,16,1,3144.4,90,3,3144.5,829,6
2031,2026-06-16 14:43:21+05:30,3144.0,2,3134.47,2923248,124715.0,203059.0,3163.0,3163.0,3108.0,3134.3,31859000,3447.7,2820.9,3839.9,2896.0,3144.0,1,1,3143.9,17,1,3143.8,16,1,3143.7,13,1,3143.5,18,1,3144.1,64,2,3144.2,22,1,3144.3,55,2,3144.4,45,2,3144.5,229,3
2031,2026-06-16 14:43:22+05:30,3144.1,38,3134.47,2923248,124715.0,203059.0,3163.0,3163.0,3108.0,3134.3,31859000,3447.7,2820.9,3839.9,2896.0,3144.0,1,1,3143.9,17,1,3143.8,16,1,3143.7,13,1,3143.5,18,1,3144.1,64,2,3144.2,22,1,3144.3,55,2,3144.4,45,2,3144.5,229,3
2031,2026-06-16 14:43:22+05:30,3144.1,38,3134.47,2923328,124694.0,202600.0,3163.0,3163.0,3108.0,3134.3,31859000,3447.7,2820.9,3839.9,2896.0,3143.9,18,1,3143.8,16,1,3143.7,13,1,3143.5,18,1,3143.4,13,1,3144.1,24,1,3144.2,38,2,3144.3,38,1,3144.4,89,3,3144.5,656,5
2031,2026-06-16 14:43:23+05:30,3143.8,1,3134.47,2923328,124694.0,202600.0,3163.0,3163.0,3108.0,3134.3,31859000,3447.7,2820.9,3839.9,2896.0,3143.9,18,1,3143.8,16,1,3143.7,13,1,3143.5,18,1,3143.4,13,1,3144.1,24,1,3144.2,38,2,3144.3,38,1,3144.4,89,3,3144.5,656,5
2031,2026-06-16 14:43:23+05:30,3143.8,1,3134.47,2923331,124867.0,202795.0,3163.0,3163.0,3108.0,3134.3,31859000,3447.7,2820.9,3839.9,2896.0,3143.8,31,2,3143.7,13,1,3143.5,18,1,3143.4,13,1,3143.3,20,1,3144.1,24,2,3144.2,22,1,3144.3,38,1,3144.4,51,2,3144.5,219,3
2031,2026-06-16 14:43:24+05:30,3143.7,4,3134.47,2923331,124867.0,202795.0,3163.0,3163.0,3108.0,3134.3,31859000,3447.7,2820.9,3839.9,2896.0,3143.8,31,2,3143.7,13,1,3143.5,18,1,3143.4,13,1,3143.3,20,1,3144.1,24,2,3144.2,22,1,3144.3,38,1,3144.4,51,2,3144.5,219,3
2031,2026-06-16 14:43:24+05:30,3143.7,4,3134.47,2923397,124672.0,202764.0,3163.0,3163.0,3108.0,3134.3,31859000,3447.7,2820.9,3839.9,2896.0,3143.7,13,1,3143.6,15,1,3143.5,18,1,3143.3,20,1,3143.2,170,1,3144.1,17,3,3144.2,49,2,3144.4,117,4,3144.5,219,3,3144.6,693,6
2031,2026-06-16 14:43:25+05:30,3143.8,1,3134.47,2923401,124991.0,202942.0,3163.0,3163.0,3108.0,3134.3,31859000,3447.7,2820.9,3839.9,2896.0,3143.8,14,1,3143.6,16,1,3143.3,20,1,3143.2,170,1,3143.1,162,3,3144.1,1,1,3144.2,22,1,3144.3,6,1,3144.4,24,1,3144.5,221,3
2031,2026-06-16 14:43:25+05:30,3143.8,1,3134.47,2923401,124991.0,202942.0,3163.0,3163.0,3108.0,3134.3,31859000,3447.7,2820.9,3839.9,2896.0,3143.8,14,1,3143.6,16,1,3143.3,20,1,3143.2,170,1,3143.1,162,3,3144.1,1,1,3144.2,22,1,3144.3,6,1,3144.4,24,1,3144.5,221,3
2031,2026-06-16 14:43:26+05:30,3143.6,9,3134.47,2923410,125024.0,203120.0,3163.0,3163.0,3108.0,3134.3,31859000,3447.7,2820.9,3839.9,2896.0,3143.6,17,1,3143.3,16,1,3143.2,170,1,3143.1,162,3,3143.0,328,6,3144.1,1,1,3144.4,183,2,3144.5,56,2,3144.6,682,6,3144.7,203,2
2031,2026-06-16 14:43:26+05:30,3143.6,9,3134.47,2923410,125024.0,203120.0,3163.0,3163.0,3108.0,3134.3,31859000,3447.7,2820.9,3839.9,2896.0,3143.6,17,1,3143.3,16,1,3143.2,170,1,3143.1,162,3,3143.0,328,6,3144.1,1,1,3144.4,183,2,3144.5,56,2,3144.6,682,6,3144.7,203,2
2031,2026-06-16 14:43:27+05:30,3143.6,1,3134.47,2923411,124964.0,203260.0,3163.0,3163.0,3108.0,3134.3,31859000,3447.7,2820.9,3839.9,2896.0,3143.3,33,2,3143.2,170,1,3143.1,162,3,3143.0,300,5,3142.9,38,2,3144.1,1,1,3144.4,285,4,3144.5,656,5,3144.6,119,4,3144.7,452,4
2031,2026-06-16 14:43:27+05:30,3143.6,1,3134.47,2923411,124964.0,203260.0,3163.0,3163.0,3108.0,3134.3,31859000,3447.7,2820.9,3839.9,2896.0,3143.3,33,2,3143.2,170,1,3143.1,162,3,3143.0,300,5,3142.9,38,2,3144.1,1,1,3144.4,285,4,3144.5,656,5,3144.6,119,4,3144.7,452,4
2031,2026-06-16 14:43:28+05:30,3144.0,15,3134.47,2923426,124833.0,203483.0,3163.0,3163.0,3108.0,3134.3,31859000,3447.7,2820.9,3839.9,2896.0,3143.3,18,1,3143.2,170,1,3143.1,176,4,3143.0,254,4,3142.9,21,1,3144.0,67,4,3144.1,92,4,3144.2,114,2,3144.3,871,6,3144.4,358,5
2031,2026-06-16 14:43:28+05:30,3144.0,15,3134.47,2923426,124833.0,203483.0,3163.0,3163.0,3108.0,3134.3,31859000,3447.7,2820.9,3839.9,2896.0,3143.3,18,1,3143.2,170,1,3143.1,176,4,3143.0,254,4,3142.9,21,1,3144.0,67,4,3144.1,92,4,3144.2,114,2,3144.3,871,6,3144.4,358,5
2031,2026-06-16 14:43:29+05:30,3143.2,136,3134.47,2923965,123026.0,204010.0,3163.0,3163.0,3108.0,3134.3,31859000,3447.7,2820.9,3839.9,2896.0,3143.1,71,1,3143.0,254,4,3142.8,18,1,3142.5,40,2,3142.3,61,3,3143.2,264,2,3143.3,61,2,3143.4,51,1,3143.5,28,1,3143.6,61,2
2031,2026-06-16 14:43:29+05:30,3143.2,136,3134.47,2923965,123026.0,204010.0,3163.0,3163.0,3108.0,3134.3,31859000,3447.7,2820.9,3839.9,2896.0,3143.1,71,1,3143.0,254,4,3142.8,18,1,3142.5,40,2,3142.3,61,3,3143.2,264,2,3143.3,61,2,3143.4,51,1,3143.5,28,1,3143.6,61,2
2031,2026-06-16 14:43:30+05:30,3143.2,2,3134.47,2923969,122799.0,203982.0,3163.0,3163.0,3108.0,3134.3,31859000,3447.7,2820.9,3839.9,2896.0,3143.1,77,3,3143.0,269,5,3142.8,18,1,3142.5,40,2,3142.4,3,1,3143.2,287,5,3143.3,61,2,3143.4,51,1,3143.5,28,1,3143.6,61,2
2031,2026-06-16 14:43:30+05:30,3143.2,2,3134.47,2923969,122799.0,203982.0,3163.0,3163.0,3108.0,3134.3,31859000,3447.7,2820.9,3839.9,2896.0,3143.1,77,3,3143.0,269,5,3142.8,18,1,3142.5,40,2,3142.4,3,1,3143.2,287,5,3143.3,61,2,3143.4,51,1,3143.5,28,1,3143.6,61,2
2031,2026-06-16 14:43:31+05:30,3143.0,1,3134.47,2923969,122799.0,203982.0,3163.0,3163.0,3108.0,3134.3,31859000,3447.7,2820.9,3839.9,2896.0,3143.1,77,3,3143.0,269,5,3142.8,18,1,3142.5,40,2,3142.4,3,1,3143.2,287,5,3143.3,61,2,3143.4,51,1,3143.5,28,1,3143.6,61,2
2031,2026-06-16 14:43:31+05:30,3143.0,1,3134.47,2924512,121785.0,204794.0,3163.0,3163.0,3108.0,3134.3,31859000,3447.7,2820.9,3839.9,2896.0,3142.5,20,1,3142.3,27,1,3142.2,120,2,3142.1,56,3,3142.0,137,8,3143.0,199,1,3143.1,50,2,3143.2,124,5,3143.3,51,2,3143.4,134,3
2031,2026-06-16 14:43:32+05:30,3142.5,5,3134.47,2924512,121785.0,204794.0,3163.0,3163.0,3108.0,3134.3,31859000,3447.7,2820.9,3839.9,2896.0,3142.5,20,1,3142.3,27,1,3142.2,120,2,3142.1,56,3,3142.0,137,8,3143.0,199,1,3143.1,50,2,3143.2,124,5,3143.3,51,2,3143.4,134,3
2031,2026-06-16 14:43:33+05:30,3143.0,4,3134.47,2924600,122014.0,204847.0,3163.0,3163.0,3108.0,3134.3,31859000,3447.7,2820.9,3839.9,2896.0,3142.5,10,1,3142.3,27,1,3142.2,117,1,3142.1,34,2,3142.0,137,8,3143.0,172,3,3143.1,515,6,3143.2,261,3,3143.3,224,2,3143.4,351,5
2031,2026-06-16 14:43:33+05:30,3142.1,11,3134.47,2924600,122014.0,204847.0,3163.0,3163.0,3108.0,3134.3,31859000,3447.7,2820.9,3839.9,2896.0,3142.5,10,1,3142.3,27,1,3142.2,117,1,3142.1,34,2,3142.0,137,8,3143.0,172,3,3143.1,515,6,3143.2,261,3,3143.3,224,2,3143.4,351,5
2031,2026-06-16 14:43:34+05:30,3142.1,11,3134.47,2924846,122857.0,205132.0,3163.0,3163.0,3108.0,3134.3,31859000,3447.7,2820.9,3839.9,2896.0,3142.5,37,2,3142.1,1,1,3142.0,115,7,3141.9,20,1,3141.8,30,1,3142.7,121,1,3142.8,18,1,3143.0,652,6,3143.1,83,3,3143.2,512,6
2031,2026-06-16 14:43:34+05:30,3142.5,5,3134.47,2924846,122857.0,205132.0,3163.0,3163.0,3108.0,3134.3,31859000,3447.7,2820.9,3839.9,2896.0,3142.5,37,2,3142.1,1,1,3142.0,115,7,3141.9,20,1,3141.8,30,1,3142.7,121,1,3142.8,18,1,3143.0,652,6,3143.1,83,3,3143.2,512,6
2031,2026-06-16 14:43:35+05:30,3142.7,10,3134.47,2924862,122897.0,205145.0,3163.0,3163.0,3108.0,3134.3,31859000,3447.7,2820.9,3839.9,2896.0,3142.5,32,2,3142.1,2,2,3142.0,115,7,3141.9,20,1,3141.8,30,1,3142.7,135,2,3142.8,18,1,3143.0,627,5,3143.1,83,3,3143.2,512,6
2031,2026-06-16 14:43:35+05:30,3142.7,1,3134.47,2924862,122897.0,205145.0,3163.0,3163.0,3108.0,3134.3,31859000,3447.7,2820.9,3839.9,2896.0,3142.5,32,2,3142.1,2,2,3142.0,115,7,3141.9,20,1,3141.8,30,1,3142.7,135,2,3142.8,18,1,3143.0,627,5,3143.1,83,3,3143.2,512,6
2031,2026-06-16 14:43:36+05:30,3142.7,1,3134.47,2925076,121586.0,205296.0,3163.0,3163.0,3108.0,3134.3,31859000,3447.7,2820.9,3839.9,2896.0,3141.8,30,1,3141.7,21,1,3141.6,4,1,3141.5,60,3,3141.4,19,1,3142.7,135,3,3142.8,18,1,3142.9,189,2,3143.0,702,6,3143.1,56,2
2031,2026-06-16 14:43:36+05:30,3142.7,1,3134.47,2925076,121586.0,205296.0,3163.0,3163.0,3108.0,3134.3,31859000,3447.7,2820.9,3839.9,2896.0,3141.8,30,1,3141.7,21,1,3141.6,4,1,3141.5,60,3,3141.4,19,1,3142.7,135,3,3142.8,18,1,3142.9,189,2,3143.0,702,6,3143.1,56,2
2031,2026-06-16 14:43:36+05:30,3142.2,1,3134.47,2925076,121586.0,205296.0,3163.0,3163.0,3108.0,3134.3,31859000,3447.7,2820.9,3839.9,2896.0,3141.8,30,1,3141.7,21,1,3141.6,4,1,3141.5,60,3,3141.4,19,1,3142.7,135,3,3142.8,18,1,3142.9,189,2,3143.0,702,6,3143.1,56,2
2031,2026-06-16 14:43:37+05:30,3142.2,1,3134.47,2925186,122100.0,204357.0,3163.0,3163.0,3108.0,3134.3,31859000,3447.7,2820.9,3839.9,2896.0,3141.9,12,1,3141.8,83,8,3141.7,59,4,3141.6,21,2,3141.5,94,4,3142.2,1,1,3142.7,26,2,3142.8,3,1,3143.0,626,4,3143.2,507,5
2031,2026-06-16 14:43:37+05:30,3143.0,19,3134.47,2925186,122100.0,204357.0,3163.0,3163.0,3108.0,3134.3,31859000,3447.7,2820.9,3839.9,2896.0,3141.9,12,1,3141.8,83,8,3141.7,59,4,3141.6,21,2,3141.5,94,4,3142.2,1,1,3142.7,26,2,3142.8,3,1,3143.0,626,4,3143.2,507,5
2031,2026-06-16 14:43:38+05:30,3143.0,19,3134.47,2925286,122911.0,204457.0,3163.0,3163.0,3108.0,3134.3,31859000,3447.7,2820.9,3839.9,2896.0,3141.9,101,7,3141.8,81,6,3141.7,80,5,3141.6,43,4,3141.5,94,4,3142.7,36,1,3143.0,607,4,3143.2,507,5,3143.3,216,2,3143.4,95,2
2031,2026-06-16 14:43:38+05:30,3143.0,19,3134.47,2925286,122911.0,204457.0,3163.0,3163.0,3108.0,3134.3,31859000,3447.7,2820.9,3839.9,2896.0,3141.9,101,7,3141.8,81,6,3141.7,80,5,3141.6,43,4,3141.5,94,4,3142.7,36,1,3143.0,607,4,3143.2,507,5,3143.3,216,2,3143.4,95,2
2031,2026-06-16 14:43:38+05:30,3143.0,69,3134.47,2925286,122911.0,204457.0,3163.0,3163.0,3108.0,3134.3,31859000,3447.7,2820.9,3839.9,2896.0,3141.9,101,7,3141.8,81,6,3141.7,80,5,3141.6,43,4,3141.5,94,4,3142.7,36,1,3143.0,607,4,3143.2,507,5,3143.3,216,2,3143.4,95,2
2031,2026-06-16 14:43:39+05:30,3143.0,69,3134.48,2925397,122917.0,203745.0,3163.0,3163.0,3108.0,3134.3,31859000,3447.7,2820.9,3839.9,2896.0,3142.1,40,2,3142.0,1,1,3141.9,115,5,3141.8,86,5,3141.7,21,1,3142.7,25,1,3143.0,538,4,3143.2,460,3,3143.3,219,3,3143.4,46,1
2031,2026-06-16 14:43:39+05:30,3142.1,5,3134.48,2925397,122917.0,203745.0,3163.0,3163.0,3108.0,3134.3,31859000,3447.7,2820.9,3839.9,2896.0,3142.1,40,2,3142.0,1,1,3141.9,115,5,3141.8,86,5,3141.7,21,1,3142.7,25,1,3143.0,538,4,3143.2,460,3,3143.3,219,3,3143.4,46,1
2031,2026-06-16 14:43:40+05:30,3142.1,5,3134.48,2925409,122247.0,203889.0,3163.0,3163.0,3108.0,3134.3,31859000,3447.7,2820.9,3839.9,2896.0,3142.1,59,2,3142.0,1,1,3141.9,88,4,3141.8,46,2,3141.7,21,1,3142.7,19,1,3142.8,400,2,3143.0,338,3,3143.1,201,2,3143.2,322,4
2031,2026-06-16 14:43:40+05:30,3142.1,5,3134.48,2925409,122247.0,203889.0,3163.0,3163.0,3108.0,3134.3,31859000,3447.7,2820.9,3839.9,2896.0,3142.1,59,2,3142.0,1,1,3141.9,88,4,3141.8,46,2,3141.7,21,1,3142.7,19,1,3142.8,400,2,3143.0,338,3,3143.1,201,2,3143.2,322,4
2031,2026-06-16 14:43:40+05:30,3142.1,46,3134.48,2925409,122247.0,203889.0,3163.0,3163.0,3108.0,3134.3,31859000,3447.7,2820.9,3839.9,2896.0,3142.1,59,2,3142.0,1,1,3141.9,88,4,3141.8,46,2,3141.7,21,1,3142.7,19,1,3142.8,400,2,3143.0,338,3,3143.1,201,2,3143.2,322,4
2031,2026-06-16 14:43:41+05:30,3142.1,46,3134.48,2925514,122319.0,203925.0,3163.0,3163.0,3108.0,3134.3,31859000,3447.7,2820.9,3839.9,2896.0,3142.1,14,1,3142.0,1,1,3141.9,60,2,3141.8,36,2,3141.7,45,3,3142.2,10,1,3142.7,19,1,3142.8,512,3,3143.0,426,3,3143.1,200,1
2031,2026-06-16 14:43:41+05:30,3142.1,4,3134.48,2925514,122319.0,203925.0,3163.0,3163.0,3108.0,3134.3,31859000,3447.7,2820.9,3839.9,2896.0,3142.1,14,1,3142.0,1,1,3141.9,60,2,3141.8,36,2,3141.7,45,3,3142.2,10,1,3142.7,19,1,3142.8,512,3,3143.0,426,3,3143.1,200,1
2031,2026-06-16 14:43:42+05:30,3142.1,4,3134.48,2925518,122066.0,203062.0,3163.0,3163.0,3108.0,3134.3,31859000,3447.7,2820.9,3839.9,2896.0,3142.1,10,1,3142.0,1,1,3141.9,60,2,3141.8,30,1,3141.6,4,1,3142.2,11,2,3142.7,59,2,3142.8,712,4,3142.9,75,2,3143.0,426,3
2031,2026-06-16 14:43:42+05:30,3142.1,4,3134.48,2925518,122066.0,203062.0,3163.0,3163.0,3108.0,3134.3,31859000,3447.7,2820.9,3839.9,2896.0,3142.1,10,1,3142.0,1,1,3141.9,60,2,3141.8,30,1,3141.6,4,1,3142.2,11,2,3142.7,59,2,3142.8,712,4,3142.9,75,2,3143.0,426,3
2031,2026-06-16 14:43:43+05:30,3142.1,4,3134.48,2925518,121898.0,203243.0,3163.0,3163.0,3108.0,3134.3,31859000,3447.7,2820.9,3839.9,2896.0,3142.1,10,1,3142.0,1,1,3141.9,37,1,3141.8,45,2,3141.6,4,1,3142.2,19,4,3142.3,75,2,3142.6,750,5,3142.7,200,1,3142.8,313,4
2031,2026-06-16 14:43:43+05:30,3142.2,46,3134.48,2925518,121898.0,203243.0,3163.0,3163.0,3108.0,3134.3,31859000,3447.7,2820.9,3839.9,2896.0,3142.1,10,1,3142.0,1,1,3141.9,37,1,3141.8,45,2,3141.6,4,1,3142.2,19,4,3142.3,75,2,3142.6,750,5,3142.7,200,1,3142.8,313,4
2031,2026-06-16 14:43:44+05:30,3142.2,46,3134.48,2925587,122435.0,202716.0,3163.0,3163.0,3108.0,3134.3,31859000,3447.7,2820.9,3839.9,2896.0,3142.1,66,2,3142.0,1,1,3141.9,37,1,3141.8,30,1,3141.7,21,1,3142.2,12,1,3142.6,512,3,3142.7,200,1,3142.8,200,1,3142.9,282,3
2031,2026-06-16 14:43:44+05:30,3142.2,1,3134.48,2925587,122435.0,202716.0,3163.0,3163.0,3108.0,3134.3,31859000,3447.7,2820.9,3839.9,2896.0,3142.1,66,2,3142.0,1,1,3141.9,37,1,3141.8,30,1,3141.7,21,1,3142.2,12,1,3142.6,512,3,3142.7,200,1,3142.8,200,1,3142.9,282,3
2031,2026-06-16 14:43:45+05:30,3142.2,1,3134.48,2925587,122435.0,202716.0,3163.0,3163.0,3108.0,3134.3,31859000,3447.7,2820.9,3839.9,2896.0,3142.1,66,2,3142.0,1,1,3141.9,37,1,3141.8,30,1,3141.7,21,1,3142.2,12,1,3142.6,512,3,3142.7,200,1,3142.8,200,1,3142.9,282,3
2031,2026-06-16 14:43:45+05:30,3142.1,2,3134.48,2925594,122216.0,202800.0,3163.0,3163.0,3108.0,3134.3,31859000,3447.7,2820.9,3839.9,2896.0,3142.1,63,4,3142.0,1,1,3141.9,37,1,3141.8,30,1,3141.7,21,1,3142.2,10,1,3142.4,512,3,3142.5,238,2,3142.6,200,1,3142.7,264,3
2031,2026-06-16 14:43:45+05:30,3142.2,2,3134.48,2925594,122216.0,202800.0,3163.0,3163.0,3108.0,3134.3,31859000,3447.7,2820.9,3839.9,2896.0,3142.1,63,4,3142.0,1,1,3141.9,37,1,3141.8,30,1,3141.7,21,1,3142.2,10,1,3142.4,512,3,3142.5,238,2,3142.6,200,1,3142.7,264,3
2031,2026-06-16 14:43:46+05:30,3142.2,2,3134.48,2925599,122069.0,202768.0,3163.0,3163.0,3108.0,3134.3,31859000,3447.7,2820.9,3839.9,2896.0,3142.1,63,4,3142.0,1,1,3141.9,37,1,3141.8,30,1,3141.7,21,1,3142.2,5,1,3142.4,512,3,3142.5,238,2,3142.6,200,1,3142.7,236,2
2031,2026-06-16 14:43:46+05:30,3142.2,10,3134.48,2925599,122069.0,202768.0,3163.0,3163.0,3108.0,3134.3,31859000,3447.7,2820.9,3839.9,2896.0,3142.1,63,4,3142.0,1,1,3141.9,37,1,3141.8,30,1,3141.7,21,1,3142.2,5,1,3142.4,512,3,3142.5,238,2,3142.6,200,1,3142.7,236,2
2031,2026-06-16 14:43:47+05:30,3142.2,10,3134.48,2925599,122069.0,202768.0,3163.0,3163.0,3108.0,3134.3,31859000,3447.7,2820.9,3839.9,2896.0,3142.1,63,4,3142.0,1,1,3141.9,37,1,3141.8,30,1,3141.7,21,1,3142.2,5,1,3142.4,512,3,3142.5,238,2,3142.6,200,1,3142.7,236,2
2031,2026-06-16 14:43:47+05:30,3142.2,62,3134.48,2925938,122758.0,202343.0,3163.0,3163.0,3108.0,3134.3,31859000,3447.7,2820.9,3839.9,2896.0,3142.1,68,4,3142.0,16,2,3141.9,57,2,3141.8,42,2,3141.7,51,3,3143.0,26,1,3143.2,106,2,3143.3,203,2,3143.4,332,4,3143.5,270,2
2031,2026-06-16 14:43:47+05:30,3142.2,62,3134.48,2925938,122758.0,202343.0,3163.0,3163.0,3108.0,3134.3,31859000,3447.7,2820.9,3839.9,2896.0,3142.1,68,4,3142.0,16,2,3141.9,57,2,3141.8,42,2,3141.7,51,3,3143.0,26,1,3143.2,106,2,3143.3,203,2,3143.4,332,4,3143.5,270,2
2031,2026-06-16 14:43:48+05:30,3142.2,62,3134.48,2925938,122910.0,202281.0,3163.0,3163.0,3108.0,3134.3,31859000,3447.7,2820.9,3839.9,2896.0,3142.1,106,5,3142.0,21,3,3141.9,54,2,3141.8,93,5,3141.7,37,3,3142.2,1,1,3143.0,44,2,3143.2,60,1,3143.3,470,4,3143.4,259,2
2031,2026-06-16 14:43:48+05:30,3142.2,62,3134.48,2925938,122910.0,202281.0,3163.0,3163.0,3108.0,3134.3,31859000,3447.7,2820.9,3839.9,2896.0,3142.1,106,5,3142.0,21,3,3141.9,54,2,3141.8,93,5,3141.7,37,3,3142.2,1,1,3143.0,44,2,3143.2,60,1,3143.3,470,4,3143.4,259,2
2031,2026-06-16 14:43:48+05:30,3142.1,3,3134.48,2925938,122910.0,202281.0,3163.0,3163.0,3108.0,3134.3,31859000,3447.7,2820.9,3839.9,2896.0,3142.1,106,5,3142.0,21,3,3141.9,54,2,3141.8,93,5,3141.7,37,3,3142.2,1,1,3143.0,44,2,3143.2,60,1,3143.3,470,4,3143.4,259,2
2031,2026-06-16 14:43:49+05:30,3142.1,3,3134.48,2925941,122656.0,202451.0,3163.0,3163.0,3108.0,3134.3,31859000,3447.7,2820.9,3839.9,2896.0,3142.1,104,6,3142.0,35,3,3141.9,41,2,3141.8,154,7,3141.7,37,3,3142.2,1,1,3143.0,44,2,3143.1,63,1,3143.2,121,2,3143.3,470,4
2031,2026-06-16 14:43:49+05:30,3142.1,3,3134.48,2925941,122656.0,202451.0,3163.0,3163.0,3108.0,3134.3,31859000,3447.7,2820.9,3839.9,2896.0,3142.1,104,6,3142.0,35,3,3141.9,41,2,3141.8,154,7,3141.7,37,3,3142.2,1,1,3143.0,44,2,3143.1,63,1,3143.2,121,2,3143.3,470,4
2031,2026-06-16 14:43:49+05:30,3143.2,1,3134.48,2925941,122656.0,202451.0,3163.0,3163.0,3108.0,3134.3,31859000,3447.7,2820.9,3839.9,2896.0,3142.1,104,6,3142.0,35,3,3141.9,41,2,3141.8,154,7,3141.7,37,3,3142.2,1,1,3143.0,44,2,3143.1,63,1,3143.2,121,2,3143.3,470,4
2031,2026-06-16 14:43:50+05:30,3143.2,1,3134.48,2925941,122656.0,202451.0,3163.0,3163.0,3108.0,3134.3,31859000,3447.7,2820.9,3839.9,2896.0,3142.1,104,6,3142.0,35,3,3141.9,41,2,3141.8,154,7,3141.7,37,3,3142.2,1,1,3143.0,44,2,3143.1,63,1,3143.2,121,2,3143.3,470,4
2031,2026-06-16 14:43:50+05:30,3142.5,1,3134.48,2927630,124417.0,200653.0,3163.0,3163.0,3108.0,3134.3,31859000,3447.7,2820.9,3839.9,2896.0,3142.5,1,1,3142.4,3,1,3142.3,59,3,3142.2,11,1,3142.1,95,6,3143.7,23,1,3143.8,102,2,3143.9,214,7,3144.0,79,2,3144.1,248,4
2031,2026-06-16 14:43:50+05:30,3142.5,1,3134.48,2927630,124417.0,200653.0,3163.0,3163.0,3108.0,3134.3,31859000,3447.7,2820.9,3839.9,2896.0,3142.5,1,1,3142.4,3,1,3142.3,59,3,3142.2,11,1,3142.1,95,6,3143.7,23,1,3143.8,102,2,3143.9,214,7,3144.0,79,2,3144.1,248,4
2031,2026-06-16 14:43:50+05:30,3144.7,75,3134.48,2927630,124417.0,200653.0,3163.0,3163.0,3108.0,3134.3,31859000,3447.7,2820.9,3839.9,2896.0,3142.5,1,1,3142.4,3,1,3142.3,59,3,3142.2,11,1,3142.1,95,6,3143.7,23,1,3143.8,102,2,3143.9,214,7,3144.0,79,2,3144.1,248,4
2031,2026-06-16 14:43:51+05:30,3144.7,75,3134.48,2927630,124417.0,200653.0,3163.0,3163.0,3108.0,3134.3,31859000,3447.7,2820.9,3839.9,2896.0,3142.5,1,1,3142.4,3,1,3142.3,59,3,3142.2,11,1,3142.1,95,6,3143.7,23,1,3143.8,102,2,3143.9,214,7,3144.0,79,2,3144.1,248,4
2031,2026-06-16 14:43:51+05:30,3145.0,1,3134.49,2930377,125375.0,198835.0,3163.0,3163.0,3108.0,3134.3,31859000,3447.7,2820.9,3839.9,2896.0,3143.4,11,1,3143.3,41,2,3143.2,32,3,3143.1,42,2,3143.0,58,2,3144.9,49,1,3145.0,111,3,3145.1,474,4,3145.2,276,4,3145.3,48,1
2031,2026-06-16 14:43:51+05:30,3143.5,18,3134.49,2930377,125375.0,198835.0,3163.0,3163.0,3108.0,3134.3,31859000,3447.7,2820.9,3839.9,2896.0,3143.4,11,1,3143.3,41,2,3143.2,32,3,3143.1,42,2,3143.0,58,2,3144.9,49,1,3145.0,111,3,3145.1,474,4,3145.2,276,4,3145.3,48,1
2031,2026-06-16 14:43:52+05:30,3143.5,18,3134.49,2930377,125375.0,198835.0,3163.0,3163.0,3108.0,3134.3,31859000,3447.7,2820.9,3839.9,2896.0,3143.4,11,1,3143.3,41,2,3143.2,32,3,3143.1,42,2,3143.0,58,2,3144.9,49,1,3145.0,111,3,3145.1,474,4,3145.2,276,4,3145.3,48,1
2031,2026-06-16 14:43:52+05:30,3144.7,125,3134.5,2933471,125963.0,198361.0,3163.0,3163.0,3108.0,3134.3,31859000,3447.7,2820.9,3839.9,2896.0,3143.6,23,1,3143.5,32,2,3143.4,186,3,3143.3,92,4,3143.2,40,3,3144.7,75,1,3144.8,49,1,3144.9,38,2,3145.0,200,1,3145.1,407,4
2031,2026-06-16 14:43:52+05:30,3145.0,19,3134.5,2933471,125963.0,198361.0,3163.0,3163.0,3108.0,3134.3,31859000,3447.7,2820.9,3839.9,2896.0,3143.6,23,1,3143.5,32,2,3143.4,186,3,3143.3,92,4,3143.2,40,3,3144.7,75,1,3144.8,49,1,3144.9,38,2,3145.0,200,1,3145.1,407,4
2031,2026-06-16 14:43:53+05:30,3145.0,19,3134.5,2933471,125963.0,198361.0,3163.0,3163.0,3108.0,3134.3,31859000,3447.7,2820.9,3839.9,2896.0,3143.6,23,1,3143.5,32,2,3143.4,186,3,3143.3,92,4,3143.2,40,3,3144.7,75,1,3144.8,49,1,3144.9,38,2,3145.0,200,1,3145.1,407,4
2031,2026-06-16 14:43:53+05:30,3145.0,1,3134.51,2936254,126086.0,198520.0,3163.0,3163.0,3108.0,3134.3,31859000,3447.7,2820.9,3839.9,2896.0,3145.0,6,2,3143.7,63,1,3143.6,152,1,3143.5,23,1,3143.4,80,2,3145.1,12,1,3145.2,142,5,3145.3,54,2,3145.4,87,2,3145.5,544,5
2031,2026-06-16 14:43:53+05:30,3145.0,1,3134.51,2936254,126086.0,198520.0,3163.0,3163.0,3108.0,3134.3,31859000,3447.7,2820.9,3839.9,2896.0,3145.0,6,2,3143.7,63,1,3143.6,152,1,3143.5,23,1,3143.4,80,2,3145.1,12,1,3145.2,142,5,3145.3,54,2,3145.4,87,2,3145.5,544,5
2031,2026-06-16 14:43:53+05:30,3145.0,5,3134.51,2936254,126086.0,198520.0,3163.0,3163.0,3108.0,3134.3,31859000,3447.7,2820.9,3839.9,2896.0,3145.0,6,2,3143.7,63,1,3143.6,152,1,3143.5,23,1,3143.4,80,2,3145.1,12,1,3145.2,142,5,3145.3,54,2,3145.4,87,2,3145.5,544,5
2031,2026-06-16 14:43:54+05:30,3145.0,5,3134.51,2936254,126086.0,198520.0,3163.0,3163.0,3108.0,3134.3,31859000,3447.7,2820.9,3839.9,2896.0,3145.0,6,2,3143.7,63,1,3143.6,152,1,3143.5,23,1,3143.4,80,2,3145.1,12,1,3145.2,142,5,3145.3,54,2,3145.4,87,2,3145.5,544,5
2031,2026-06-16 14:43:54+05:30,3145.0,1,3134.51,2936722,126493.0,198691.0,3163.0,3163.0,3108.0,3134.3,31859000,3447.7,2820.9,3839.9,2896.0,3145.0,35,7,3143.9,68,2,3143.8,20,2,3143.7,20,1,3143.6,223,4,3145.1,214,2,3145.2,454,3,3145.3,67,3,3145.4,498,5,3145.5,259,4
2031,2026-06-16 14:43:54+05:30,3145.0,2,3134.51,2936722,126493.0,198691.0,3163.0,3163.0,3108.0,3134.3,31859000,3447.7,2820.9,3839.9,2896.0,3145.0,35,7,3143.9,68,2,3143.8,20,2,3143.7,20,1,3143.6,223,4,3145.1,214,2,3145.2,454,3,3145.3,67,3,3145.4,498,5,3145.5,259,4
2031,2026-06-16 14:43:55+05:30,3145.0,2,3134.51,2936722,126493.0,198691.0,3163.0,3163.0,3108.0,3134.3,31859000,3447.7,2820.9,3839.9,2896.0,3145.0,35,7,3143.9,68,2,3143.8,20,2,3143.7,20,1,3143.6,223,4,3145.1,214,2,3145.2,454,3,3145.3,67,3,3145.4,498,5,3145.5,259,4
2031,2026-06-16 14:43:55+05:30,3145.0,8,3134.52,2937653,125225.0,198607.0,3163.0,3163.0,3108.0,3134.3,31859000,3447.7,2820.9,3839.9,2896.0,3145.0,29,7,3144.5,9,1,3144.3,11,1,3144.2,6,1,3144.1,17,1,3145.1,392,2,3145.3,48,1,3145.4,65,1,3145.5,64,1,3145.6,66,2
2031,2026-06-16 14:43:55+05:30,3145.0,11,3134.52,2937653,125225.0,198607.0,3163.0,3163.0,3108.0,3134.3,31859000,3447.7,2820.9,3839.9,2896.0,3145.0,29,7,3144.5,9,1,3144.3,11,1,3144.2,6,1,3144.1,17,1,3145.1,392,2,3145.3,48,1,3145.4,65,1,3145.5,64,1,3145.6,66,2
2031,2026-06-16 14:43:56+05:30,3145.0,11,3134.52,2937653,125225.0,198607.0,3163.0,3163.0,3108.0,3134.3,31859000,3447.7,2820.9,3839.9,2896.0,3145.0,29,7,3144.5,9,1,3144.3,11,1,3144.2,6,1,3144.1,17,1,3145.1,392,2,3145.3,48,1,3145.4,65,1,3145.5,64,1,3145.6,66,2
2031,2026-06-16 14:43:56+05:30,3145.0,1,3134.52,2938010,126461.0,198719.0,3163.0,3163.0,3108.0,3134.3,31859000,3447.7,2820.9,3839.9,2896.0,3145.0,36,7,3144.0,14,1,3143.9,129,3,3143.8,23,3,3143.7,70,4,3145.1,396,3,3145.3,48,1,3145.4,87,2,3145.5,547,5,3145.6,92,2
2031,2026-06-16 14:43:56+05:30,3145.0,15,3134.52,2938010,126461.0,198719.0,3163.0,3163.0,3108.0,3134.3,31859000,3447.7,2820.9,3839.9,2896.0,3145.0,36,7,3144.0,14,1,3143.9,129,3,3143.8,23,3,3143.7,70,4,3145.1,396,3,3145.3,48,1,3145.4,87,2,3145.5,547,5,3145.6,92,2
2031,2026-06-16 14:43:57+05:30,3145.0,15,3134.52,2938010,126461.0,198719.0,3163.0,3163.0,3108.0,3134.3,31857000,3447.7,2820.9,3839.9,2896.0,3145.0,36,7,3144.0,14,1,3143.9,129,3,3143.8,23,3,3143.7,70,4,3145.1,396,3,3145.3,48,1,3145.4,87,2,3145.5,547,5,3145.6,92,2
2031,2026-06-16 14:43:57+05:30,3145.0,7,3134.52,2938939,126757.0,198313.0,3163.0,3163.0,3108.0,3134.3,31857000,3447.7,2820.9,3839.9,2896.0,3145.0,30,7,3144.3,17,1,3144.1,20,1,3144.0,36,3,3143.9,98,4,3145.1,71,3,3145.3,64,2,3145.4,65,1,3145.5,64,1,3145.6,492,4
2031,2026-06-16 14:43:57+05:30,3145.1,1,3134.52,2938939,126757.0,198313.0,3163.0,3163.0,3108.0,3134.3,31857000,3447.7,2820.9,3839.9,2896.0,3145.0,30,7,3144.3,17,1,3144.1,20,1,3144.0,36,3,3143.9,98,4,3145.1,71,3,3145.3,64,2,3145.4,65,1,3145.5,64,1,3145.6,492,4
2031,2026-06-16 14:43:58+05:30,3145.1,1,3134.52,2939140,127419.0,197997.0,3163.0,3163.0,3108.0,3134.3,31857000,3447.7,2820.9,3839.9,2896.0,3145.0,32,7,3144.4,10,1,3144.3,29,2,3144.1,20,1,3144.0,65,4,3145.1,65,2,3145.3,48,1,3145.4,65,1,3145.5,64,1,3145.6,92,2
2031,2026-06-16 14:43:59+05:30,3145.0,1,3134.52,2939490,127377.0,198241.0,3163.0,3163.0,3108.0,3134.3,31857000,3447.7,2820.9,3839.9,2896.0,3145.0,36,7,3144.3,10,1,3144.2,61,3,3144.1,81,5,3144.0,42,3,3145.1,79,3,3145.3,48,1,3145.4,65,1,3145.5,91,2,3145.6,63,2
2031,2026-06-16 14:43:59+05:30,3145.0,1,3134.52,2939490,127377.0,198241.0,3163.0,3163.0,3108.0,3134.3,31857000,3447.7,2820.9,3839.9,2896.0,3145.0,36,7,3144.3,10,1,3144.2,61,3,3144.1,81,5,3144.0,42,3,3145.1,79,3,3145.3,48,1,3145.4,65,1,3145.5,91,2,3145.6,63,2
2031,2026-06-16 14:44:00+05:30,3144.9,44,3134.52,2939857,127175.0,197821.0,3163.0,3163.0,3108.0,3134.3,31857000,3447.7,2820.9,3839.9,2896.0,3145.0,37,7,3144.3,17,1,3144.2,6,1,3144.1,52,3,3144.0,19,2,3145.1,41,4,3145.3,48,1,3145.4,87,2,3145.5,91,2,3145.6,463,4
2031,2026-06-16 14:44:00+05:30,3144.9,44,3134.52,2939857,127175.0,197821.0,3163.0,3163.0,3108.0,3134.3,31857000,3447.7,2820.9,3839.9,2896.0,3145.0,37,7,3144.3,17,1,3144.2,6,1,3144.1,52,3,3144.0,19,2,3145.1,41,4,3145.3,48,1,3145.4,87,2,3145.5,91,2,3145.6,463,4
2031,2026-06-16 14:44:01+05:30,3145.1,108,3134.53,2940033,127711.0,197534.0,3163.0,3163.0,3108.0,3134.3,31857000,3447.7,2820.9,3839.9,2896.0,3145.0,78,8,3144.3,67,3,3144.2,70,3,3144.1,73,4,3144.0,19,2,3145.4,87,2,3145.5,91,2,3145.6,460,3,3145.7,238,3,3145.8,206,2
2031,2026-06-16 14:44:01+05:30,3145.0,3,3134.53,2940033,127711.0,197534.0,3163.0,3163.0,3108.0,3134.3,31857000,3447.7,2820.9,3839.9,2896.0,3145.0,78,8,3144.3,67,3,3144.2,70,3,3144.1,73,4,3144.0,19,2,3145.4,87,2,3145.5,91,2,3145.6,460,3,3145.7,238,3,3145.8,206,2
2031,2026-06-16 14:44:02+05:30,3145.0,2,3134.53,2940506,126493.0,198235.0,3163.0,3163.0,3108.0,3134.3,31857000,3447.7,2820.9,3839.9,2896.0,3145.0,35,7,3144.2,3,1,3144.1,80,3,3144.0,44,3,3143.9,82,3,3145.1,200,1,3145.4,87,2,3145.5,666,5,3145.6,92,2,3145.7,230,3
2031,2026-06-16 14:44:02+05:30,3145.0,2,3134.53,2940506,126493.0,198235.0,3163.0,3163.0,3108.0,3134.3,31857000,3447.7,2820.9,3839.9,2896.0,3145.0,35,7,3144.2,3,1,3144.1,80,3,3144.0,44,3,3143.9,82,3,3145.1,200,1,3145.4,87,2,3145.5,666,5,3145.6,92,2,3145.7,230,3
2031,2026-06-16 14:44:03+05:30,3145.0,1,3134.53,2940545,127411.0,198037.0,3163.0,3163.0,3108.0,3134.3,31857000,3447.7,2820.9,3839.9,2896.0,3145.0,72,8,3144.9,18,1,3144.3,17,1,3144.2,90,2,3144.1,80,3,3145.1,200,1,3145.4,87,2,3145.5,666,5,3145.6,92,2,3145.7,257,3
2031,2026-06-16 14:44:03+05:30,3145.0,1,3134.53,2940545,127411.0,198037.0,3163.0,3163.0,3108.0,3134.3,31857000,3447.7,2820.9,3839.9,2896.0,3145.0,72,8,3144.9,18,1,3144.3,17,1,3144.2,90,2,3144.1,80,3,3145.1,200,1,3145.4,87,2,3145.5,666,5,3145.6,92,2,3145.7,257,3
2031,2026-06-16 14:44:04+05:30,3145.0,25,3134.53,2941436,126667.0,199115.0,3163.0,3163.0,3108.0,3134.3,31857000,3447.7,2820.9,3839.9,2896.0,3144.2,2,1,3144.1,31,2,3144.0,27,2,3143.9,65,2,3143.8,33,2,3144.9,200,1,3145.0,63,1,3145.1,90,2,3145.4,65,1,3145.5,64,1
2031,2026-06-16 14:44:04+05:30,3145.0,63,3134.53,2941436,126667.0,199115.0,3163.0,3163.0,3108.0,3134.3,31857000,3447.7,2820.9,3839.9,2896.0,3144.2,2,1,3144.1,31,2,3144.0,27,2,3143.9,65,2,3143.8,33,2,3144.9,200,1,3145.0,63,1,3145.1,90,2,3145.4,65,1,3145.5,64,1
2031,2026-06-16 14:44:05+05:30,3145.0,63,3134.53,2941699,127560.0,198453.0,3163.0,3163.0,3108.0,3134.3,31857000,3447.7,2820.9,3839.9,2896.0,3145.0,37,7,3144.8,11,1,3144.7,23,2,3144.6,12,1,3144.4,10,1,3145.1,90,2,3145.4,65,1,3145.5,64,1,3145.6,60,1,3145.7,1,1
2031,2026-06-16 14:44:06+05:30,3145.1,26,3134.53,2941699,127560.0,198453.0,3163.0,3163.0,3108.0,3134.3,31857000,3447.7,2820.9,3839.9,2896.0,3145.0,37,7,3144.8,11,1,3144.7,23,2,3144.6,12,1,3144.4,10,1,3145.1,90,2,3145.4,65,1,3145.5,64,1,3145.6,60,1,3145.7,1,1
2031,2026-06-16 14:44:07+05:30,3145.1,26,3134.53,2941825,128387.0,194249.0,3163.0,3163.0,3108.0,3134.3,31857000,3447.7,2820.9,3839.9,2896.0,3145.1,96,6,3145.0,80,9,3144.9,28,3,3144.8,71,4,3144.7,29,2,3145.8,599,3,3146.0,233,3,3146.1,141,2,3146.4,21,1,3146.5,3,1
2031,2026-06-16 14:44:07+05:30,3145.8,65,3134.53,2941825,128387.0,194249.0,3163.0,3163.0,3108.0,3134.3,31857000,3447.7,2820.9,3839.9,2896.0,3145.1,96,6,3145.0,80,9,3144.9,28,3,3144.8,71,4,3144.7,29,2,3145.8,599,3,3146.0,233,3,3146.1,141,2,3146.4,21,1,3146.5,3,1
2031,2026-06-16 14:44:08+05:30,3145.8,65,3134.53,2941890,128572.0,196846.0,3163.0,3163.0,3108.0,3134.3,31857000,3447.7,2820.9,3839.9,2896.0,3145.1,96,6,3145.0,98,10,3144.9,83,5,3144.8,187,7,3144.7,29,2,3145.8,7,1,3146.0,33,2,3146.2,400,2,3146.3,134,1,3146.4,221,2
2031,2026-06-16 14:44:08+05:30,3145.1,5,3134.53,2941890,128572.0,196846.0,3163.0,3163.0,3108.0,3134.3,31857000,3447.7,2820.9,3839.9,2896.0,3145.1,96,6,3145.0,98,10,3144.9,83,5,3144.8,187,7,3144.7,29,2,3145.8,7,1,3146.0,33,2,3146.2,400,2,3146.3,134,1,3146.4,221,2
2031,2026-06-16 14:44:09+05:30,3145.1,5,3134.53,2941898,128726.0,196997.0,3163.0,3163.0,3108.0,3134.3,31857000,3447.7,2820.9,3839.9,2896.0,3145.1,123,7,3145.0,98,10,3144.9,83,5,3144.8,144,6,3144.7,29,2,3145.8,7,1,3146.0,33,2,3146.2,400,2,3146.3,134,1,3146.4,221,2
2031,2026-06-16 14:44:09+05:30,3145.1,5,3134.53,2941898,128726.0,196997.0,3163.0,3163.0,3108.0,3134.3,31857000,3447.7,2820.9,3839.9,2896.0,3145.1,123,7,3145.0,98,10,3144.9,83,5,3144.8,144,6,3144.7,29,2,3145.8,7,1,3146.0,33,2,3146.2,400,2,3146.3,134,1,3146.4,221,2
2031,2026-06-16 14:44:10+05:30,3145.1,5,3134.53,2941936,128736.0,196828.0,3163.0,3163.0,3108.0,3134.3,31857000,3447.7,2820.9,3839.9,2896.0,3145.2,28,1,3145.1,108,6,3145.0,137,11,3144.9,55,3,3144.8,95,5,3145.8,7,1,3146.0,33,2,3146.2,400,2,3146.3,134,1,3146.4,221,2
2031,2026-06-16 14:44:10+05:30,3145.8,1,3134.53,2941936,128736.0,196828.0,3163.0,3163.0,3108.0,3134.3,31857000,3447.7,2820.9,3839.9,2896.0,3145.2,28,1,3145.1,108,6,3145.0,137,11,3144.9,55,3,3144.8,95,5,3145.8,7,1,3146.0,33,2,3146.2,400,2,3146.3,134,1,3146.4,221,2
2031,2026-06-16 14:44:11+05:30,3145.8,1,3134.53,2941986,128823.0,196646.0,3163.0,3163.0,3108.0,3134.3,31857000,3447.7,2820.9,3839.9,2896.0,3145.2,107,5,3145.1,101,4,3145.0,153,12,3144.9,72,5,3144.8,94,4,3145.8,20,2,3146.0,33,2,3146.2,400,2,3146.3,134,1,3146.4,221,2
2031,2026-06-16 14:44:11+05:30,3145.8,1,3134.53,2941986,128823.0,196646.0,3163.0,3163.0,3108.0,3134.3,31857000,3447.7,2820.9,3839.9,2896.0,3145.2,107,5,3145.1,101,4,3145.0,153,12,3144.9,72,5,3144.8,94,4,3145.8,20,2,3146.0,33,2,3146.2,400,2,3146.3,134,1,3146.4,221,2
2031,2026-06-16 14:44:12+05:30,3145.8,1,3134.53,2941998,128358.0,196631.0,3163.0,3163.0,3108.0,3134.3,31857000,3447.7,2820.9,3839.9,2896.0,3145.3,18,1,3145.2,155,6,3145.1,84,3,3145.0,114,11,3144.9,72,5,3145.8,8,1,3146.0,33,2,3146.2,400,2,3146.3,134,1,3146.4,200,1
2031,2026-06-16 14:44:13+05:30,3145.8,1,3134.53,2941998,128475.0,196661.0,3163.0,3163.0,3108.0,3134.3,31857000,3447.7,2820.9,3839.9,2896.0,3145.4,15,1,3145.3,107,5,3145.2,193,5,3145.1,84,3,3145.0,114,11,3145.8,8,1,3146.0,33,2,3146.2,400,2,3146.3,134,1,3146.4,200,1
2031,2026-06-16 14:44:14+05:30,3145.4,200,3134.55,2946110,127953.0,194400.0,3163.0,3163.0,3108.0,3134.3,31857000,3447.7,2820.9,3839.9,2896.0,3145.3,442,7,3145.2,105,3,3145.1,153,5,3145.0,109,11,3144.9,72,4,3146.7,200,1,3146.9,28,1,3147.0,600,3,3147.2,29,2,3147.3,4,1
2031,2026-06-16 14:44:14+05:30,3146.7,15,3134.55,2946110,127953.0,194400.0,3163.0,3163.0,3108.0,3134.3,31857000,3447.7,2820.9,3839.9,2896.0,3145.3,442,7,3145.2,105,3,3145.1,153,5,3145.0,109,11,3144.9,72,4,3146.7,200,1,3146.9,28,1,3147.0,600,3,3147.2,29,2,3147.3,4,1
2031,2026-06-16 14:44:15+05:30,3145.3,21,3134.55,2946335,128659.0,196559.0,3163.0,3163.0,3108.0,3134.3,31857000,3447.7,2820.9,3839.9,2896.0,3145.3,253,5,3145.2,105,3,3145.1,403,7,3145.0,167,12,3144.9,56,3,3146.6,28,1,3146.7,36,2,3146.9,215,4,3147.0,600,3,3147.1,3,1
2031,2026-06-16 14:44:15+05:30,3146.0,1,3134.55,2946335,128659.0,196559.0,3163.0,3163.0,3108.0,3134.3,31857000,3447.7,2820.9,3839.9,2896.0,3145.3,253,5,3145.2,105,3,3145.1,403,7,3145.0,167,12,3144.9,56,3,3146.6,28,1,3146.7,36,2,3146.9,215,4,3147.0,600,3,3147.1,3,1
2031,2026-06-16 14:44:16+05:30,3146.0,1,3134.55,2946336,129380.0,196829.0,3163.0,3163.0,3108.0,3134.3,31857000,3447.7,2820.9,3839.9,2896.0,3146.0,7,4,3145.9,6,1,3145.8,23,2,3145.7,9,1,3145.6,32,2,3146.3,200,1,3146.6,28,1,3146.7,36,2,3146.9,29,2,3147.0,420,3
2031,2026-06-16 14:44:16+05:30,3145.8,8,3134.55,2946336,129380.0,196829.0,3163.0,3163.0,3108.0,3134.3,31857000,3447.7,2820.9,3839.9,2896.0,3146.0,7,4,3145.9,6,1,3145.8,23,2,3145.7,9,1,3145.6,32,2,3146.3,200,1,3146.6,28,1,3146.7,36,2,3146.9,29,2,3147.0,420,3
2031,2026-06-16 14:44:17+05:30,3147.0,96,3134.55,2946967,129340.0,196188.0,3163.0,3163.0,3108.0,3134.3,31857000,3447.7,2820.9,3839.9,2896.0,3146.0,232,1,3145.6,103,5,3145.5,93,3,3145.4,31,4,3145.3,286,6,3147.0,104,1,3147.2,180,2,3147.3,204,2,3147.4,344,5,3147.5,254,3
2031,2026-06-16 14:44:17+05:30,3146.9,1,3134.55,2946967,129340.0,196188.0,3163.0,3163.0,3108.0,3134.3,31857000,3447.7,2820.9,3839.9,2896.0,3146.0,232,1,3145.6,103,5,3145.5,93,3,3145.4,31,4,3145.3,286,6,3147.0,104,1,3147.2,180,2,3147.3,204,2,3147.4,344,5,3147.5,254,3
2031,2026-06-16 14:44:18+05:30,3146.9,1,3134.55,2946968,129335.0,196392.0,3163.0,3163.0,3108.0,3134.3,31857000,3447.7,2820.9,3839.9,2896.0,3146.0,232,1,3145.6,87,4,3145.5,35,2,3145.4,31,4,3145.3,144,6,3146.9,11,1,3147.0,159,3,3147.1,12,1,3147.2,484,4,3147.3,5,2
2031,2026-06-16 14:44:19+05:30,3146.0,50,3134.55,2947168,128664.0,197126.0,3163.0,3163.0,3108.0,3134.3,31857000,3447.7,2820.9,3839.9,2896.0,3146.0,182,1,3145.4,6,1,3145.3,79,4,3145.2,14,1,3145.1,290,5,3146.4,104,1,3146.5,12,1,3146.6,45,2,3146.7,12,1,3146.8,50,2
2031,2026-06-16 14:44:19+05:30,3146.0,50,3134.55,2947168,128664.0,197126.0,3163.0,3163.0,3108.0,3134.3,31857000,3447.7,2820.9,3839.9,2896.0,3146.0,182,1,3145.4,6,1,3145.3,79,4,3145.2,14,1,3145.1,290,5,3146.4,104,1,3146.5,12,1,3146.6,45,2,3146.7,12,1,3146.8,50,2
2031,2026-06-16 14:44:20+05:30,3146.0,22,3134.55,2947190,129293.0,197483.0,3163.0,3163.0,3108.0,3134.3,31857000,3447.7,2820.9,3839.9,2896.0,3146.0,160,1,3145.9,18,1,3145.6,11,1,3145.5,63,2,3145.4,22,2,3146.4,144,3,3146.8,38,1,3146.9,19,1,3147.0,247,4,3147.1,662,5
2031,2026-06-16 14:44:20+05:30,3145.9,32,3134.55,2947190,129293.0,197483.0,3163.0,3163.0,3108.0,3134.3,31857000,3447.7,2820.9,3839.9,2896.0,3146.0,160,1,3145.9,18,1,3145.6,11,1,3145.5,63,2,3145.4,22,2,3146.4,144,3,3146.8,38,1,3146.9,19,1,3147.0,247,4,3147.1,662,5
2031,2026-06-16 14:44:21+05:30,3145.9,32,3134.55,2947547,127048.0,199254.0,3163.0,3163.0,3108.0,3134.3,31857000,3447.7,2820.9,3839.9,2896.0,3145.3,1,1,3145.0,32,8,3144.7,27,2,3144.6,22,1,3144.5,70,2,3145.8,104,1,3145.9,123,3,3146.1,257,4,3146.2,99,2,3146.3,172,4
2031,2026-06-16 14:44:22+05:30,3145.8,1,3134.55,2947557,126993.0,199035.0,3163.0,3163.0,3108.0,3134.3,31857000,3447.7,2820.9,3839.9,2896.0,3145.3,49,1,3145.1,16,1,3145.0,32,8,3144.5,70,2,3144.4,10,1,3145.8,104,2,3145.9,61,2,3146.0,600,3,3146.1,338,5,3146.2,261,2
2031,2026-06-16 14:44:22+05:30,3145.8,1,3134.55,2947557,126993.0,199035.0,3163.0,3163.0,3108.0,3134.3,31857000,3447.7,2820.9,3839.9,2896.0,3145.3,49,1,3145.1,16,1,3145.0,32,8,3144.5,70,2,3144.4,10,1,3145.8,104,2,3145.9,61,2,3146.0,600,3,3146.1,338,5,3146.2,261,2
2031,2026-06-16 14:44:23+05:30,3145.8,1,3134.55,2947557,126937.0,199526.0,3163.0,3163.0,3108.0,3134.3,31857000,3447.7,2820.9,3839.9,2896.0,3145.3,49,1,3145.1,16,1,3145.0,32,8,3144.5,70,2,3144.4,10,1,3145.8,119,4,3145.9,126,3,3146.0,600,3,3146.1,272,3,3146.2,262,3
2031,2026-06-16 14:44:23+05:30,3145.1,101,3134.55,2947557,126937.0,199526.0,3163.0,3163.0,3108.0,3134.3,31857000,3447.7,2820.9,3839.9,2896.0,3145.3,49,1,3145.1,16,1,3145.0,32,8,3144.5,70,2,3144.4,10,1,3145.8,119,4,3145.9,126,3,3146.0,600,3,3146.1,272,3,3146.2,262,3
2031,2026-06-16 14:44:24+05:30,3145.6,1,3134.56,2947758,127239.0,199527.0,3163.0,3163.0,3108.0,3134.3,31857000,3447.7,2820.9,3839.9,2896.0,3145.3,37,1,3145.1,16,1,3145.0,32,8,3144.5,27,2,3144.4,14,1,3145.6,103,2,3145.7,40,2,3145.8,42,4,3145.9,62,3,3146.0,661,4
2031,2026-06-16 14:44:24+05:30,3145.6,1,3134.56,2947758,127239.0,199527.0,3163.0,3163.0,3108.0,3134.3,31857000,3447.7,2820.9,3839.9,2896.0,3145.3,37,1,3145.1,16,1,3145.0,32,8,3144.5,27,2,3144.4,14,1,3145.6,103,2,3145.7,40,2,3145.8,42,4,3145.9,62,3,3146.0,661,4
2031,2026-06-16 14:44:25+05:30,3145.4,2,3134.56,2948221,126302.0,200096.0,3163.0,3163.0,3108.0,3134.3,31857000,3447.7,2820.9,3839.9,2896.0,3145.0,36,7,3144.3,21,1,3144.1,74,4,3144.0,77,3,3143.9,37,2,3145.3,12,1,3145.4,26,1,3145.5,259,3,3145.6,49,3,3145.7,731,6
2031,2026-06-16 14:44:25+05:30,3145.4,2,3134.56,2948221,126302.0,200096.0,3163.0,3163.0,3108.0,3134.3,31857000,3447.7,2820.9,3839.9,2896.0,3145.0,36,7,3144.3,21,1,3144.1,74,4,3144.0,77,3,3143.9,37,2,3145.3,12,1,3145.4,26,1,3145.5,259,3,3145.6,49,3,3145.7,731,6
2031,2026-06-16 14:44:26+05:30,3145.0,5,3134.56,2949617,124787.0,200485.0,3163.0,3163.0,3108.0,3134.3,31857000,3447.7,2820.9,3839.9,2896.0,3145.0,37,7,3144.1,18,1,3144.0,44,3,3143.9,38,2,3143.8,25,1,3145.1,200,1,3145.5,229,2,3145.6,70,4,3145.7,704,6,3145.8,311,6
2031,2026-06-16 14:44:26+05:30,3145.0,5,3134.56,2949617,124787.0,200485.0,3163.0,3163.0,3108.0,3134.3,31857000,3447.7,2820.9,3839.9,2896.0,3145.0,37,7,3144.1,18,1,3144.0,44,3,3143.9,38,2,3143.8,25,1,3145.1,200,1,3145.5,229,2,3145.6,70,4,3145.7,704,6,3145.8,311,6
2031,2026-06-16 14:44:27+05:30,3145.0,3,3134.56,2950003,124976.0,200341.0,3163.0,3163.0,3108.0,3134.3,31857000,3447.7,2820.9,3839.9,2896.0,3145.0,37,7,3144.4,10,1,3144.1,39,2,3144.0,14,1,3143.9,103,4,3145.1,241,5,3145.6,651,6,3145.7,110,4,3145.8,531,5,3145.9,682,5
2031,2026-06-16 14:44:27+05:30,3145.0,3,3134.56,2950003,124976.0,200341.0,3163.0,3163.0,3108.0,3134.3,31857000,3447.7,2820.9,3839.9,2896.0,3145.0,37,7,3144.4,10,1,3144.1,39,2,3144.0,14,1,3143.9,103,4,3145.1,241,5,3145.6,651,6,3145.7,110,4,3145.8,531,5,3145.9,682,5
2031,2026-06-16 14:44:28+05:30,3145.0,1,3134.56,2950232,125358.0,200304.0,3163.0,3163.0,3108.0,3134.3,31857000,3447.7,2820.9,3839.9,2896.0,3145.0,36,7,3144.1,39,2,3144.0,17,2,3143.9,135,5,3143.8,14,1,3145.1,307,5,3145.4,22,1,3145.6,652,7,3145.7,170,4,3145.8,515,4
2031,2026-06-16 14:44:28+05:30,3145.0,1,3134.56,2950232,125358.0,200304.0,3163.0,3163.0,3108.0,3134.3,31857000,3447.7,2820.9,3839.9,2896.0,3145.0,36,7,3144.1,39,2,3144.0,17,2,3143.9,135,5,3143.8,14,1,3145.1,307,5,3145.4,22,1,3145.6,652,7,3145.7,170,4,3145.8,515,4
2031,2026-06-16 14:44:29+05:30,3145.0,13,3134.57,2950771,125130.0,200563.0,3163.0,3163.0,3108.0,3134.3,31857000,3447.7,2820.9,3839.9,2896.0,3145.0,62,8,3144.1,18,1,3144.0,14,1,3143.9,54,3,3143.7,22,1,3145.1,307,5,3145.2,11,1,3145.4,72,2,3145.5,64,1,3145.6,702,8
2031,2026-06-16 14:44:29+05:30,3145.0,13,3134.57,2950771,125130.0,200563.0,3163.0,3163.0,3108.0,3134.3,31857000,3447.7,2820.9,3839.9,2896.0,3145.0,62,8,3144.1,18,1,3144.0,14,1,3143.9,54,3,3143.7,22,1,3145.1,307,5,3145.2,11,1,3145.4,72,2,3145.5,64,1,3145.6,702,8
2031,2026-06-16 14:44:30+05:30,3145.1,2,3134.57,2950776,126071.0,200245.0,3163.0,3163.0,3108.0,3134.3,31857000,3447.7,2820.9,3839.9,2896.0,3145.0,70,11,3144.1,39,2,3144.0,64,2,3143.9,81,4,3143.8,16,1,3145.1,314,7,3145.4,22,1,3145.5,27,1,3145.6,651,6,3145.7,171,5
2031,2026-06-16 14:44:30+05:30,3145.1,2,3134.57,2950776,126071.0,200245.0,3163.0,3163.0,3108.0,3134.3,31857000,3447.7,2820.9,3839.9,2896.0,3145.0,70,11,3144.1,39,2,3144.0,64,2,3143.9,81,4,3143.8,16,1,3145.1,314,7,3145.4,22,1,3145.5,27,1,3145.6,651,6,3145.7,171,5
2031,2026-06-16 14:44:31+05:30,3145.0,13,3134.57,2951785,124717.0,200260.0,3163.0,3163.0,3108.0,3134.3,31857000,3447.7,2820.9,3839.9,2896.0,3145.0,28,7,3144.1,22,2,3144.0,14,1,3143.9,38,2,3143.8,16,1,3145.1,125,7,3145.3,16,1,3145.5,627,4,3145.6,251,4,3145.7,348,6
2031,2026-06-16 14:44:31+05:30,3145.0,13,3134.57,2951785,124717.0,200260.0,3163.0,3163.0,3108.0,3134.3,31857000,3447.7,2820.9,3839.9,2896.0,3145.0,28,7,3144.1,22,2,3144.0,14,1,3143.9,38,2,3143.8,16,1,3145.1,125,7,3145.3,16,1,3145.5,627,4,3145.6,251,4,3145.7,348,6
2031,2026-06-16 14:44:32+05:30,3145.1,1,3134.57,2952393,124652.0,200638.0,3163.0,3163.0,3108.0,3134.3,31857000,3447.7,2820.9,3839.9,2896.0,3145.0,36,7,3144.1,18,1,3144.0,32,2,3143.9,37,2,3143.7,22,1,3145.1,113,6,3145.2,61,1,3145.3,16,1,3145.4,400,2,3145.5,291,3
2031,2026-06-16 14:44:32+05:30,3145.1,1,3134.57,2952393,124652.0,200638.0,3163.0,3163.0,3108.0,3134.3,31857000,3447.7,2820.9,3839.9,2896.0,3145.0,36,7,3144.1,18,1,3144.0,32,2,3143.9,37,2,3143.7,22,1,3145.1,113,6,3145.2,61,1,3145.3,16,1,3145.4,400,2,3145.5,291,3
2031,2026-06-16 14:44:33+05:30,3145.0,5,3134.58,2953592,123868.0,201029.0,3163.0,3163.0,3108.0,3134.3,31857000,3447.7,2820.9,3839.9,2896.0,3143.5,47,2,3143.4,19,1,3143.3,43,2,3143.1,95,3,3143.0,36,3,3145.1,386,11,3145.2,679,5,3145.3,233,4,3145.4,260,3,3145.5,790,7
2031,2026-06-16 14:44:33+05:30,3145.0,5,3134.58,2953592,123868.0,201029.0,3163.0,3163.0,3108.0,3134.3,31857000,3447.7,2820.9,3839.9,2896.0,3143.5,47,2,3143.4,19,1,3143.3,43,2,3143.1,95,3,3143.0,36,3,3145.1,386,11,3145.2,679,5,3145.3,233,4,3145.4,260,3,3145.5,790,7
2031,2026-06-16 14:44:34+05:30,3145.0,22,3134.58,2954607,124981.0,201278.0,3163.0,3163.0,3108.0,3134.3,31857000,3447.7,2820.9,3839.9,2896.0,3144.0,1,1,3143.5,47,2,3143.3,93,3,3143.1,63,3,3143.0,99,4,3145.1,1043,17,3145.3,583,6,3145.4,660,5,3145.5,168,4,3145.6,139,5
2031,2026-06-16 14:44:34+05:30,3145.0,22,3134.58,2954607,124981.0,201278.0,3163.0,3163.0,3108.0,3134.3,31857000,3447.7,2820.9,3839.9,2896.0,3144.0,1,1,3143.5,47,2,3143.3,93,3,3143.1,63,3,3143.0,99,4,3145.1,1043,17,3145.3,583,6,3145.4,660,5,3145.5,168,4,3145.6,139,5
2031,2026-06-16 14:44:35+05:30,3145.0,15,3134.58,2954607,124981.0,201278.0,3163.0,3163.0,3108.0,3134.3,31857000,3447.7,2820.9,3839.9,2896.0,3144.0,1,1,3143.5,47,2,3143.3,93,3,3143.1,63,3,3143.0,99,4,3145.1,1043,17,3145.3,583,6,3145.4,660,5,3145.5,168,4,3145.6,139,5
2031,2026-06-16 14:44:35+05:30,3145.0,15,3134.59,2957532,123273.0,200801.0,3163.0,3163.0,3108.0,3134.3,31857000,3447.7,2820.9,3839.9,2896.0,3143.5,59,2,3143.4,52,2,3143.3,33,2,3143.2,14,1,3143.1,12,2,3145.0,10,1,3145.1,403,13,3145.2,465,5,3145.3,345,4,3145.4,3,1
2031,2026-06-16 14:44:36+05:30,3145.0,15,3134.59,2957532,123273.0,200801.0,3163.0,3163.0,3108.0,3134.3,31857000,3447.7,2820.9,3839.9,2896.0,3143.5,59,2,3143.4,52,2,3143.3,33,2,3143.2,14,1,3143.1,12,2,3145.0,10,1,3145.1,403,13,3145.2,465,5,3145.3,345,4,3145.4,3,1
2031,2026-06-16 14:44:36+05:30,3145.0,1,3134.59,2958073,125910.0,200140.0,3163.0,3163.0,3108.0,3134.3,31857000,3447.7,2820.9,3839.9,2896.0,3145.0,31,7,3143.9,56,2,3143.7,66,2,3143.6,66,2,3143.5,275,3,3145.1,340,10,3145.2,454,4,3145.3,200,1,3145.4,225,3,3145.5,627,4
2031,2026-06-16 14:44:36+05:30,3145.0,3,3134.59,2958073,125910.0,200140.0,3163.0,3163.0,3108.0,3134.3,31857000,3447.7,2820.9,3839.9,2896.0,3145.0,31,7,3143.9,56,2,3143.7,66,2,3143.6,66,2,3143.5,275,3,3145.1,340,10,3145.2,454,4,3145.3,200,1,3145.4,225,3,3145.5,627,4
2031,2026-06-16 14:44:37+05:30,3145.1,9,3134.59,2958170,126536.0,198161.0,3163.0,3163.0,3108.0,3134.3,31857000,3447.7,2820.9,3839.9,2896.0,3145.0,35,7,3144.0,122,4,3143.9,126,4,3143.7,50,3,3143.6,134,3,3145.1,336,8,3145.2,11,1,3145.3,652,4,3145.4,25,2,3145.5,200,1
2031,2026-06-16 14:44:37+05:30,3145.1,9,3134.59,2958170,126536.0,198161.0,3163.0,3163.0,3108.0,3134.3,31857000,3447.7,2820.9,3839.9,2896.0,3145.0,35,7,3144.0,122,4,3143.9,126,4,3143.7,50,3,3143.6,134,3,3145.1,336,8,3145.2,11,1,3145.3,652,4,3145.4,25,2,3145.5,200,1
2031,2026-06-16 14:44:38+05:30,3145.1,9,3134.59,2958170,126536.0,198161.0,3163.0,3163.0,3108.0,3134.3,31857000,3447.7,2820.9,3839.9,2896.0,3145.0,35,7,3144.0,122,4,3143.9,126,4,3143.7,50,3,3143.6,134,3,3145.1,336,8,3145.2,11,1,3145.3,652,4,3145.4,25,2,3145.5,200,1
2031,2026-06-16 14:44:38+05:30,3145.0,28,3134.6,2960413,125260.0,199409.0,3163.0,3163.0,3108.0,3134.3,31857000,3447.7,2820.9,3839.9,2896.0,3143.5,98,4,3143.4,94,4,3143.3,56,2,3143.2,49,4,3143.1,52,2,3145.0,424,3,3145.1,197,8,3145.2,459,4,3145.3,668,4,3145.4,126,3
2031,2026-06-16 14:44:38+05:30,3145.0,10,3134.6,2960413,125260.0,199409.0,3163.0,3163.0,3108.0,3134.3,31857000,3447.7,2820.9,3839.9,2896.0,3143.5,98,4,3143.4,94,4,3143.3,56,2,3143.2,49,4,3143.1,52,2,3145.0,424,3,3145.1,197,8,3145.2,459,4,3145.3,668,4,3145.4,126,3
2031,2026-06-16 14:44:39+05:30,3145.0,1,3134.61,2963618,124921.0,199384.0,3163.0,3163.0,3108.0,3134.3,31857000,3447.7,2820.9,3839.9,2896.0,3143.5,33,2,3143.4,14,1,3143.3,47,2,3143.1,79,4,3142.9,21,1,3144.9,12,1,3145.0,619,4,3145.1,190,7,3145.2,430,4,3145.3,661,4
2031,2026-06-16 14:44:39+05:30,3144.7,15,3134.61,2963618,124921.0,199384.0,3163.0,3163.0,3108.0,3134.3,31857000,3447.7,2820.9,3839.9,2896.0,3143.5,33,2,3143.4,14,1,3143.3,47,2,3143.1,79,4,3142.9,21,1,3144.9,12,1,3145.0,619,4,3145.1,190,7,3145.2,430,4,3145.3,661,4
2031,2026-06-16 14:44:40+05:30,3144.7,15,3134.61,2963618,124921.0,199384.0,3163.0,3163.0,3108.0,3134.3,31857000,3447.7,2820.9,3839.9,2896.0,3143.5,33,2,3143.4,14,1,3143.3,47,2,3143.1,79,4,3142.9,21,1,3144.9,12,1,3145.0,619,4,3145.1,190,7,3145.2,430,4,3145.3,661,4
2031,2026-06-16 14:44:40+05:30,3144.9,50,3134.62,2966373,125357.0,199213.0,3163.0,3163.0,3108.0,3134.3,31857000,3447.7,2820.9,3839.9,2896.0,3143.6,26,1,3143.5,179,2,3143.3,96,3,3143.1,80,4,3143.0,50,1,3144.8,12,1,3144.9,231,4,3145.0,24,2,3145.1,903,12,3145.2,263,4
2031,2026-06-16 14:44:40+05:30,3143.5,13,3134.62,2966373,125357.0,199213.0,3163.0,3163.0,3108.0,3134.3,31857000,3447.7,2820.9,3839.9,2896.0,3143.6,26,1,3143.5,179,2,3143.3,96,3,3143.1,80,4,3143.0,50,1,3144.8,12,1,3144.9,231,4,3145.0,24,2,3145.1,903,12,3145.2,263,4
2031,2026-06-16 14:44:41+05:30,3145.0,1,3134.63,2968688,124534.0,199187.0,3163.0,3163.0,3108.0,3134.3,31857000,3447.7,2820.9,3839.9,2896.0,3143.6,76,2,3143.5,116,1,3143.3,92,3,3143.1,49,3,3143.0,50,1,3145.1,376,9,3145.2,39,2,3145.3,16,1,3145.4,642,5,3145.5,152,3
2031,2026-06-16 14:44:41+05:30,3144.9,50,3134.63,2968688,124534.0,199187.0,3163.0,3163.0,3108.0,3134.3,31857000,3447.7,2820.9,3839.9,2896.0,3143.6,76,2,3143.5,116,1,3143.3,92,3,3143.1,49,3,3143.0,50,1,3145.1,376,9,3145.2,39,2,3145.3,16,1,3145.4,642,5,3145.5,152,3
2031,2026-06-16 14:44:42+05:30,3145.0,2,3134.63,2970338,125765.0,198863.0,3163.0,3163.0,3108.0,3134.3,31857000,3447.7,2820.9,3839.9,2896.0,3145.0,30,5,3143.9,37,2,3143.8,26,1,3143.7,20,1,3143.6,265,2,3145.1,278,6,3145.2,20,1,3145.3,16,1,3145.4,901,6,3145.6,206,2
2031,2026-06-16 14:44:42+05:30,3145.0,2,3134.63,2970338,125765.0,198863.0,3163.0,3163.0,3108.0,3134.3,31857000,3447.7,2820.9,3839.9,2896.0,3145.0,30,5,3143.9,37,2,3143.8,26,1,3143.7,20,1,3143.6,265,2,3145.1,278,6,3145.2,20,1,3145.3,16,1,3145.4,901,6,3145.6,206,2
2031,2026-06-16 14:44:43+05:30,3145.0,2,3134.63,2970338,125765.0,198863.0,3163.0,3163.0,3108.0,3134.3,31857000,3447.7,2820.9,3839.9,2896.0,3145.0,30,5,3143.9,37,2,3143.8,26,1,3143.7,20,1,3143.6,265,2,3145.1,278,6,3145.2,20,1,3145.3,16,1,3145.4,901,6,3145.6,206,2
2031,2026-06-16 14:44:43+05:30,3145.1,1,3134.63,2970383,126755.0,198711.0,3163.0,3163.0,3108.0,3134.3,31857000,3447.7,2820.9,3839.9,2896.0,3145.0,28,5,3144.1,86,3,3144.0,16,1,3143.9,91,4,3143.8,47,3,3145.1,276,5,3145.2,20,1,3145.3,16,1,3145.4,5,1,3145.6,100,3
2031,2026-06-16 14:44:43+05:30,3145.1,1,3134.63,2970383,126755.0,198711.0,3163.0,3163.0,3108.0,3134.3,31857000,3447.7,2820.9,3839.9,2896.0,3145.0,28,5,3144.1,86,3,3144.0,16,1,3143.9,91,4,3143.8,47,3,3145.1,276,5,3145.2,20,1,3145.3,16,1,3145.4,5,1,3145.6,100,3
2031,2026-06-16 14:44:44+05:30,3145.0,5,3134.64,2971139,126262.0,199211.0,3163.0,3163.0,3108.0,3134.3,31857000,3447.7,2820.9,3839.9,2896.0,3145.0,21,3,3144.1,104,4,3144.0,11,1,3143.9,111,3,3143.8,69,3,3145.1,276,5,3145.2,20,1,3145.6,133,4,3145.7,638,4,3145.8,250,2
2031,2026-06-16 14:44:44+05:30,3145.0,5,3134.64,2971139,126262.0,199211.0,3163.0,3163.0,3108.0,3134.3,31857000,3447.7,2820.9,3839.9,2896.0,3145.0,21,3,3144.1,104,4,3144.0,11,1,3143.9,111,3,3143.8,69,3,3145.1,276,5,3145.2,20,1,3145.6,133,4,3145.7,638,4,3145.8,250,2
2031,2026-06-16 14:44:45+05:30,3145.0,5,3134.64,2971139,126262.0,199211.0,3163.0,3163.0,3108.0,3134.3,31857000,3447.7,2820.9,3839.9,2896.0,3145.0,21,3,3144.1,104,4,3144.0,11,1,3143.9,111,3,3143.8,69,3,3145.1,276,5,3145.2,20,1,3145.6,133,4,3145.7,638,4,3145.8,250,2
2031,2026-06-16 14:44:45+05:30,3144.9,5,3134.64,2971863,125916.0,200809.0,3163.0,3163.0,3108.0,3134.3,31857000,3447.7,2820.9,3839.9,2896.0,3144.0,11,1,3143.5,43,2,3143.3,57,3,3143.1,46,2,3143.0,192,2,3144.8,438,4,3144.9,49,1,3145.0,834,1,3145.1,87,5,3145.2,20,1
2031,2026-06-16 14:44:45+05:30,3144.9,5,3134.64,2971863,125916.0,200809.0,3163.0,3163.0,3108.0,3134.3,31857000,3447.7,2820.9,3839.9,2896.0,3144.0,11,1,3143.5,43,2,3143.3,57,3,3143.1,46,2,3143.0,192,2,3144.8,438,4,3144.9,49,1,3145.0,834,1,3145.1,87,5,3145.2,20,1
2031,2026-06-16 14:44:46+05:30,3144.8,52,3134.64,2971863,125916.0,200809.0,3163.0,3163.0,3108.0,3134.3,31857000,3447.7,2820.9,3839.9,2896.0,3144.0,11,1,3143.5,43,2,3143.3,57,3,3143.1,46,2,3143.0,192,2,3144.8,438,4,3144.9,49,1,3145.0,834,1,3145.1,87,5,3145.2,20,1
2031,2026-06-16 14:44:46+05:30,3144.8,52,3134.64,2972014,125184.0,202137.0,3163.0,3163.0,3108.0,3134.3,31857000,3447.7,2820.9,3839.9,2896.0,3143.3,78,3,3143.1,56,2,3143.0,136,4,3142.9,48,3,3142.8,16,1,3144.7,12,1,3144.8,396,5,3144.9,282,2,3145.0,1771,8,3145.1,171,6
2031,2026-06-16 14:44:47+05:30,3144.8,52,3134.64,2972014,125184.0,202137.0,3163.0,3163.0,3108.0,3134.3,31857000,3447.7,2820.9,3839.9,2896.0,3143.3,78,3,3143.1,56,2,3143.0,136,4,3142.9,48,3,3142.8,16,1,3144.7,12,1,3144.8,396,5,3144.9,282,2,3145.0,1771,8,3145.1,171,6
2031,2026-06-16 14:44:47+05:30,3143.5,50,3134.64,2972279,125235.0,202349.0,3163.0,3163.0,3108.0,3134.3,31857000,3447.7,2820.9,3839.9,2896.0,3143.3,104,3,3143.1,62,3,3143.0,136,4,3142.9,21,1,3142.8,16,1,3144.6,12,1,3144.7,50,3,3144.8,1077,10,3144.9,294,3,3145.0,1310,5
2031,2026-06-16 14:44:47+05:30,3143.5,50,3134.64,2972279,125235.0,202349.0,3163.0,3163.0,3108.0,3134.3,31857000,3447.7,2820.9,3839.9,2896.0,3143.3,104,3,3143.1,62,3,3143.0,136,4,3142.9,21,1,3142.8,16,1,3144.6,12,1,3144.7,50,3,3144.8,1077,10,3144.9,294,3,3145.0,1310,5
2031,2026-06-16 14:44:48+05:30,3144.6,1,3134.64,2972280,125281.0,202279.0,3163.0,3163.0,3108.0,3134.3,31857000,3447.7,2820.9,3839.9,2896.0,3143.5,8,1,3143.3,104,3,3143.1,62,3,3143.0,136,4,3142.9,21,1,3144.6,11,1,3144.7,55,4,3144.8,1058,9,3144.9,313,4,3145.0,1310,5
2031,2026-06-16 14:44:48+05:30,3144.6,1,3134.64,2972280,125281.0,202279.0,3163.0,3163.0,3108.0,3134.3,31857000,3447.7,2820.9,3839.9,2896.0,3143.5,8,1,3143.3,104,3,3143.1,62,3,3143.0,136,4,3142.9,21,1,3144.6,11,1,3144.7,55,4,3144.8,1058,9,3144.9,313,4,3145.0,1310,5
2031,2026-06-16 14:44:49+05:30,3144.6,1,3134.64,2972280,125281.0,202279.0,3163.0,3163.0,3108.0,3134.3,31857000,3447.7,2820.9,3839.9,2896.0,3143.5,8,1,3143.3,104,3,3143.1,62,3,3143.0,136,4,3142.9,21,1,3144.6,11,1,3144.7,55,4,3144.8,1058,9,3144.9,313,4,3145.0,1310,5
2031,2026-06-16 14:44:49+05:30,3143.6,5,3134.64,2972280,125281.0,202279.0,3163.0,3163.0,3108.0,3134.3,31857000,3447.7,2820.9,3839.9,2896.0,3143.5,8,1,3143.3,104,3,3143.1,62,3,3143.0,136,4,3142.9,21,1,3144.6,11,1,3144.7,55,4,3144.8,1058,9,3144.9,313,4,3145.0,1310,5
2031,2026-06-16 14:44:49+05:30,3143.6,5,3134.64,2972285,125335.0,202789.0,3163.0,3163.0,3108.0,3134.3,31857000,3447.7,2820.9,3839.9,2896.0,3143.6,3,1,3143.5,43,2,3143.3,104,3,3143.1,62,3,3143.0,92,3,3144.4,12,1,3144.5,73,3,3144.6,110,4,3144.7,55,4,3144.8,1171,8
2031,2026-06-16 14:44:50+05:30,3143.6,5,3134.64,2972285,125335.0,202789.0,3163.0,3163.0,3108.0,3134.3,31857000,3447.7,2820.9,3839.9,2896.0,3143.6,3,1,3143.5,43,2,3143.3,104,3,3143.1,62,3,3143.0,92,3,3144.4,12,1,3144.5,73,3,3144.6,110,4,3144.7,55,4,3144.8,1171,8
2031,2026-06-16 14:44:50+05:30,3143.0,24,3134.64,2972285,125335.0,202789.0,3163.0,3163.0,3108.0,3134.3,31857000,3447.7,2820.9,3839.9,2896.0,3143.6,3,1,3143.5,43,2,3143.3,104,3,3143.1,62,3,3143.0,92,3,3144.4,12,1,3144.5,73,3,3144.6,110,4,3144.7,55,4,3144.8,1171,8
2031,2026-06-16 14:44:50+05:30,3143.0,24,3134.64,2972638,123511.0,204067.0,3163.0,3163.0,3108.0,3134.3,31857000,3447.7,2820.9,3839.9,2896.0,3143.0,33,1,3142.8,30,1,3142.5,100,1,3142.3,88,3,3142.2,22,1,3143.3,87,1,3143.4,200,1,3143.5,600,3,3143.6,499,3,3143.7,240,3
2031,2026-06-16 14:44:51+05:30,3143.0,24,3134.64,2972638,123511.0,204067.0,3163.0,3163.0,3108.0,3134.3,31857000,3447.7,2820.9,3839.9,2896.0,3143.0,33,1,3142.8,30,1,3142.5,100,1,3142.3,88,3,3142.2,22,1,3143.3,87,1,3143.4,200,1,3143.5,600,3,3143.6,499,3,3143.7,240,3
2031,2026-06-16 14:44:52+05:30,3143.0,24,3134.64,2972638,123443.0,204235.0,3163.0,3163.0,3108.0,3134.3,31857000,3447.7,2820.9,3839.9,2896.0,3143.0,35,2,3142.8,30,1,3142.5,100,1,3142.3,88,3,3142.2,22,1,3143.3,102,2,3143.4,200,1,3143.5,600,3,3143.6,499,3,3143.7,240,3
2031,2026-06-16 14:44:52+05:30,3143.0,24,3134.64,2972638,123443.0,204235.0,3163.0,3163.0,3108.0,3134.3,31857000,3447.7,2820.9,3839.9,2896.0,3143.0,35,2,3142.8,30,1,3142.5,100,1,3142.3,88,3,3142.2,22,1,3143.3,102,2,3143.4,200,1,3143.5,600,3,3143.6,499,3,3143.7,240,3
2031,2026-06-16 14:44:53+05:30,3143.0,24,3134.64,2972638,123495.0,204381.0,3163.0,3163.0,3108.0,3134.3,31857000,3447.7,2820.9,3839.9,2896.0,3143.0,35,2,3142.8,30,1,3142.5,100,1,3142.3,50,1,3142.1,119,3,3143.1,111,3,3143.3,50,4,3143.4,222,2,3143.5,661,4,3143.6,532,4
2031,2026-06-16 14:44:53+05:30,3143.0,24,3134.64,2972638,123495.0,204381.0,3163.0,3163.0,3108.0,3134.3,31857000,3447.7,2820.9,3839.9,2896.0,3143.0,35,2,3142.8,30,1,3142.5,100,1,3142.3,50,1,3142.1,119,3,3143.1,111,3,3143.3,50,4,3143.4,222,2,3143.5,661,4,3143.6,532,4
2031,2026-06-16 14:44:53+05:30,3143.1,5,3134.64,2972638,123495.0,204381.0,3163.0,3163.0,3108.0,3134.3,31857000,3447.7,2820.9,3839.9,2896.0,3143.0,35,2,3142.8,30,1,3142.5,100,1,3142.3,50,1,3142.1,119,3,3143.1,111,3,3143.3,50,4,3143.4,222,2,3143.5,661,4,3143.6,532,4
2031,2026-06-16 14:44:54+05:30,3143.1,1,3134.64,2972880,123176.0,204842.0,3163.0,3163.0,3108.0,3134.3,31857000,3447.7,2820.9,3839.9,2896.0,3142.8,6,1,3142.5,100,1,3142.1,48,1,3142.0,51,2,3141.9,20,1,3142.9,213,2,3143.0,11,1,3143.1,29,1,3143.2,72,2,3143.3,5,1
2031,2026-06-16 14:44:54+05:30,3143.1,1,3134.64,2972880,123176.0,204842.0,3163.0,3163.0,3108.0,3134.3,31857000,3447.7,2820.9,3839.9,2896.0,3142.8,6,1,3142.5,100,1,3142.1,48,1,3142.0,51,2,3141.9,20,1,3142.9,213,2,3143.0,11,1,3143.1,29,1,3143.2,72,2,3143.3,5,1
2031,2026-06-16 14:44:54+05:30,3142.9,1,3134.64,2972880,123176.0,204842.0,3163.0,3163.0,3108.0,3134.3,31857000,3447.7,2820.9,3839.9,2896.0,3142.8,6,1,3142.5,100,1,3142.1,48,1,3142.0,51,2,3141.9,20,1,3142.9,213,2,3143.0,11,1,3143.1,29,1,3143.2,72,2,3143.3,5,1
2031,2026-06-16 14:44:55+05:30,3142.9,3,3134.64,2972887,123142.0,204274.0,3163.0,3163.0,3108.0,3134.3,31857000,3447.7,2820.9,3839.9,2896.0,3142.8,3,1,3142.7,16,1,3142.5,100,1,3142.1,48,1,3142.0,51,2,3142.9,209,2,3143.0,11,1,3143.1,29,1,3143.2,72,2,3143.3,5,1
2031,2026-06-16 14:44:55+05:30,3142.9,3,3134.64,2972887,123142.0,204274.0,3163.0,3163.0,3108.0,3134.3,31857000,3447.7,2820.9,3839.9,2896.0,3142.8,3,1,3142.7,16,1,3142.5,100,1,3142.1,48,1,3142.0,51,2,3142.9,209,2,3143.0,11,1,3143.1,29,1,3143.2,72,2,3143.3,5,1
2031,2026-06-16 14:44:55+05:30,3142.7,174,3134.64,2972887,123142.0,204274.0,3163.0,3163.0,3108.0,3134.3,31857000,3447.7,2820.9,3839.9,2896.0,3142.8,3,1,3142.7,16,1,3142.5,100,1,3142.1,48,1,3142.0,51,2,3142.9,209,2,3143.0,11,1,3143.1,29,1,3143.2,72,2,3143.3,5,1
2031,2026-06-16 14:44:56+05:30,3142.7,174,3134.64,2972887,123142.0,204274.0,3163.0,3163.0,3108.0,3134.3,31857000,3447.7,2820.9,3839.9,2896.0,3142.8,3,1,3142.7,16,1,3142.5,100,1,3142.1,48,1,3142.0,51,2,3142.9,209,2,3143.0,11,1,3143.1,29,1,3143.2,72,2,3143.3,5,1
2031,2026-06-16 14:44:56+05:30,3141.9,200,3134.64,2973837,122099.0,204735.0,3163.0,3163.0,3108.0,3134.3,31857000,3447.7,2820.9,3839.9,2896.0,3141.6,26,1,3141.5,12,1,3141.4,33,2,3141.3,16,1,3141.2,61,2,3142.2,2,1,3142.5,1000,5,3142.7,203,2,3142.8,489,3,3142.9,229,2
2031,2026-06-16 14:44:56+05:30,3142.2,1,3134.64,2973837,122099.0,204735.0,3163.0,3163.0,3108.0,3134.3,31857000,3447.7,2820.9,3839.9,2896.0,3141.6,26,1,3141.5,12,1,3141.4,33,2,3141.3,16,1,3141.2,61,2,3142.2,2,1,3142.5,1000,5,3142.7,203,2,3142.8,489,3,3142.9,229,2
2031,2026-06-16 14:44:57+05:30,3142.2,1,3134.64,2973837,122099.0,204735.0,3163.0,3163.0,3108.0,3134.3,31851000,3447.7,2820.9,3839.9,2896.0,3141.6,26,1,3141.5,12,1,3141.4,33,2,3141.3,16,1,3141.2,61,2,3142.2,2,1,3142.5,1000,5,3142.7,203,2,3142.8,489,3,3142.9,229,2
2031,2026-06-16 14:44:57+05:30,3141.7,13,3134.64,2973915,121880.0,204948.0,3163.0,3163.0,3108.0,3134.3,31851000,3447.7,2820.9,3839.9,2896.0,3141.6,40,1,3141.2,13,2,3141.1,10,3,3141.0,27,5,3140.9,101,5,3142.1,26,1,3142.2,6,2,3142.5,1000,5,3142.6,18,1,3142.7,200,1
2031,2026-06-16 14:44:57+05:30,3141.7,13,3134.64,2973915,121880.0,204948.0,3163.0,3163.0,3108.0,3134.3,31851000,3447.7,2820.9,3839.9,2896.0,3141.6,40,1,3141.2,13,2,3141.1,10,3,3141.0,27,5,3140.9,101,5,3142.1,26,1,3142.2,6,2,3142.5,1000,5,3142.6,18,1,3142.7,200,1
2031,2026-06-16 14:44:58+05:30,3141.7,38,3134.64,2973978,121724.0,204148.0,3163.0,3163.0,3108.0,3134.3,31851000,3447.7,2820.9,3839.9,2896.0,3141.6,40,1,3141.5,16,2,3141.3,18,1,3141.2,13,2,3141.1,226,5,3141.7,13,1,3141.8,1,1,3142.2,6,2,3142.5,1000,5,3142.6,3,1
2031,2026-06-16 14:44:58+05:30,3141.8,1,3134.64,2973978,121724.0,204148.0,3163.0,3163.0,3108.0,3134.3,31851000,3447.7,2820.9,3839.9,2896.0,3141.6,40,1,3141.5,16,2,3141.3,18,1,3141.2,13,2,3141.1,226,5,3141.7,13,1,3141.8,1,1,3142.2,6,2,3142.5,1000,5,3142.6,3,1
2031,2026-06-16 14:44:59+05:30,3142.1,17,3134.64,2974057,122001.0,204100.0,3163.0,3163.0,3108.0,3134.3,31851000,3447.7,2820.9,3839.9,2896.0,3141.6,105,3,3141.5,13,1,3141.4,4,1,3141.3,18,1,3141.2,14,3,3142.1,7,1,3142.2,6,2,3142.5,1000,5,3142.6,3,1,3142.7,200,1
2031,2026-06-16 14:44:59+05:30,3141.7,1,3134.64,2974057,122001.0,204100.0,3163.0,3163.0,3108.0,3134.3,31851000,3447.7,2820.9,3839.9,2896.0,3141.6,105,3,3141.5,13,1,3141.4,4,1,3141.3,18,1,3141.2,14,3,3142.1,7,1,3142.2,6,2,3142.5,1000,5,3142.6,3,1,3142.7,200,1
2031,2026-06-16 14:45:00+05:30,3141.7,1,3134.64,2974058,122152.0,204556.0,3163.0,3163.0,3108.0,3134.3,31851000,3447.7,2820.9,3839.9,2896.0,3141.9,2,2,3141.6,112,5,3141.5,31,2,3141.2,2,1,3141.1,32,4,3142.0,200,1,3142.1,34,3,3142.2,6,2,3142.5,800,4,3142.6,3,1
2031,2026-06-16 14:45:00+05:30,3141.6,1,3134.64,2974058,122152.0,204556.0,3163.0,3163.0,3108.0,3134.3,31851000,3447.7,2820.9,3839.9,2896.0,3141.9,2,2,3141.6,112,5,3141.5,31,2,3141.2,2,1,3141.1,32,4,3142.0,200,1,3142.1,34,3,3142.2,6,2,3142.5,800,4,3142.6,3,1
2031,2026-06-16 14:45:01+05:30,3141.6,10,3134.64,2974113,122177.0,204376.0,3163.0,3163.0,3108.0,3134.3,31851000,3447.7,2820.9,3839.9,2896.0,3141.6,61,4,3141.5,13,1,3141.2,2,1,3141.1,7,2,3141.0,40,5,3142.0,223,3,3142.1,34,3,3142.2,8,2,3142.4,44,1,3142.5,850,5
2031,2026-06-16 14:45:01+05:30,3141.6,2,3134.64,2974113,122177.0,204376.0,3163.0,3163.0,3108.0,3134.3,31851000,3447.7,2820.9,3839.9,2896.0,3141.6,61,4,3141.5,13,1,3141.2,2,1,3141.1,7,2,3141.0,40,5,3142.0,223,3,3142.1,34,3,3142.2,8,2,3142.4,44,1,3142.5,850,5
2031,2026-06-16 14:45:02+05:30,3141.5,26,3134.65,2974430,120593.0,205668.0,3163.0,3163.0,3108.0,3134.3,31851000,3447.7,2820.9,3839.9,2896.0,3141.1,6,2,3141.0,9,3,3140.9,47,1,3140.8,238,3,3140.7,38,2,3141.5,174,1,3141.6,111,1,3142.0,49,3,3142.1,8,2,3142.2,5,1
2031,2026-06-16 14:45:02+05:30,3141.5,53,3134.65,2974430,120593.0,205668.0,3163.0,3163.0,3108.0,3134.3,31851000,3447.7,2820.9,3839.9,2896.0,3141.1,6,2,3141.0,9,3,3140.9,47,1,3140.8,238,3,3140.7,38,2,3141.5,174,1,3141.6,111,1,3142.0,49,3,3142.1,8,2,3142.2,5,1
2031,2026-06-16 14:45:03+05:30,3141.5,1,3134.65,2974484,121160.0,204666.0,3163.0,3163.0,3108.0,3134.3,31851000,3447.7,2820.9,3839.9,2896.0,3141.1,6,2,3141.0,9,3,3140.9,72,2,3140.8,320,4,3140.7,22,1,3141.5,147,3,3141.6,111,1,3142.0,27,2,3142.1,8,2,3142.4,24,2
2031,2026-06-16 14:45:03+05:30,3141.5,1,3134.65,2974484,121160.0,204666.0,3163.0,3163.0,3108.0,3134.3,31851000,3447.7,2820.9,3839.9,2896.0,3141.1,6,2,3141.0,9,3,3140.9,72,2,3140.8,320,4,3140.7,22,1,3141.5,147,3,3141.6,111,1,3142.0,27,2,3142.1,8,2,3142.4,24,2
2031,2026-06-16 14:45:04+05:30,3141.5,1,3134.65,2974484,121074.0,205233.0,3163.0,3163.0,3108.0,3134.3,31851000,3447.7,2820.9,3839.9,2896.0,3141.1,2,2,3141.0,2,2,3140.9,8,1,3140.8,232,3,3140.7,27,2,3141.5,179,5,3141.6,111,1,3142.0,1,1,3142.1,1,1,3142.4,624,5
2031,2026-06-16 14:45:04+05:30,3141.5,1,3134.65,2974484,121074.0,205233.0,3163.0,3163.0,3108.0,3134.3,31851000,3447.7,2820.9,3839.9,2896.0,3141.1,2,2,3141.0,2,2,3140.9,8,1,3140.8,232,3,3140.7,27,2,3141.5,179,5,3141.6,111,1,3142.0,1,1,3142.1,1,1,3142.4,624,5
2031,2026-06-16 14:45:05+05:30,3141.5,1,3134.65,2974485,121074.0,204707.0,3163.0,3163.0,3108.0,3134.3,31851000,3447.7,2820.9,3839.9,2896.0,3141.1,2,2,3141.0,2,2,3140.9,8,1,3140.8,232,3,3140.7,27,2,3141.5,178,5,3141.6,111,1,3142.0,1,1,3142.1,1,1,3142.4,624,5
2031,2026-06-16 14:45:06+05:30,3141.4,1,3134.65,2974726,121938.0,204171.0,3163.0,3163.0,3108.0,3134.3,31851000,3447.7,2820.9,3839.9,2896.0,3141.1,103,7,3141.0,53,4,3140.9,45,5,3140.8,235,5,3140.7,27,2,3141.5,113,5,3142.1,1,1,3142.4,621,4,3142.5,256,2,3142.6,259,3
2031,2026-06-16 14:45:06+05:30,3141.4,1,3134.65,2974726,121938.0,204171.0,3163.0,3163.0,3108.0,3134.3,31851000,3447.7,2820.9,3839.9,2896.0,3141.1,103,7,3141.0,53,4,3140.9,45,5,3140.8,235,5,3140.7,27,2,3141.5,113,5,3142.1,1,1,3142.4,621,4,3142.5,256,2,3142.6,259,3
2031,2026-06-16 14:45:07+05:30,3141.5,1,3134.65,2974828,122008.0,204719.0,3163.0,3163.0,3108.0,3134.3,31851000,3447.7,2820.9,3839.9,2896.0,3141.1,79,6,3141.0,53,4,3140.9,45,5,3140.8,291,6,3140.7,27,2,3141.5,141,6,3142.1,1,1,3142.4,621,4,3142.5,256,2,3142.6,259,3
2031,2026-06-16 14:45:07+05:30,3141.5,1,3134.65,2974828,122008.0,204719.0,3163.0,3163.0,3108.0,3134.3,31851000,3447.7,2820.9,3839.9,2896.0,3141.1,79,6,3141.0,53,4,3140.9,45,5,3140.8,291,6,3140.7,27,2,3141.5,141,6,3142.1,1,1,3142.4,621,4,3142.5,256,2,3142.6,259,3
2031,2026-06-16 14:45:08+05:30,3141.5,2,3134.65,2975083,123361.0,203292.0,3163.0,3163.0,3108.0,3134.3,31851000,3447.7,2820.9,3839.9,2896.0,3141.4,93,7,3141.3,71,3,3141.2,127,7,3141.1,83,5,3141.0,212,9,3142.4,600,3,3142.5,200,1,3142.6,200,1,3142.7,401,3,3142.8,200,1
2031,2026-06-16 14:45:08+05:30,3141.5,2,3134.65,2975083,123361.0,203292.0,3163.0,3163.0,3108.0,3134.3,31851000,3447.7,2820.9,3839.9,2896.0,3141.4,93,7,3141.3,71,3,3141.2,127,7,3141.1,83,5,3141.0,212,9,3142.4,600,3,3142.5,200,1,3142.6,200,1,3142.7,401,3,3142.8,200,1
2031,2026-06-16 14:45:09+05:30,3142.4,1,3134.65,2975085,123307.0,202966.0,3163.0,3163.0,3108.0,3134.3,31851000,3447.7,2820.9,3839.9,2896.0,3141.5,103,6,3141.4,139,8,3141.3,70,3,3141.2,62,4,3141.1,65,3,3142.4,625,4,3142.5,200,1,3142.6,200,1,3142.7,401,3,3142.8,200,1
2031,2026-06-16 14:45:09+05:30,3142.4,1,3134.65,2975085,123307.0,202966.0,3163.0,3163.0,3108.0,3134.3,31851000,3447.7,2820.9,3839.9,2896.0,3141.5,103,6,3141.4,139,8,3141.3,70,3,3141.2,62,4,3141.1,65,3,3142.4,625,4,3142.5,200,1,3142.6,200,1,3142.7,401,3,3142.8,200,1
2031,2026-06-16 14:45:10+05:30,3141.5,140,3134.65,2975286,123319.0,202579.0,3163.0,3163.0,3108.0,3134.3,31851000,3447.7,2820.9,3839.9,2896.0,3141.4,177,9,3141.3,12,1,3141.2,62,4,3141.1,65,3,3141.0,222,11,3142.4,625,5,3142.5,200,1,3142.6,200,1,3142.7,457,4,3142.8,200,1
2031,2026-06-16 14:45:10+05:30,3141.5,140,3134.65,2975286,123319.0,202579.0,3163.0,3163.0,3108.0,3134.3,31851000,3447.7,2820.9,3839.9,2896.0,3141.4,177,9,3141.3,12,1,3141.2,62,4,3141.1,65,3,3141.0,222,11,3142.4,625,5,3142.5,200,1,3142.6,200,1,3142.7,457,4,3142.8,200,1
2031,2026-06-16 14:45:11+05:30,3141.5,140,3134.65,2975286,123519.0,203140.0,3163.0,3163.0,3108.0,3134.3,31851000,3447.7,2820.9,3839.9,2896.0,3141.6,46,1,3141.5,93,5,3141.4,60,4,3141.3,12,1,3141.2,62,4,3142.4,625,5,3142.5,200,1,3142.6,200,1,3142.7,401,3,3142.8,200,1
2031,2026-06-16 14:45:12+05:30,3141.5,140,3134.65,2975286,123733.0,203243.0,3163.0,3163.0,3108.0,3134.3,31851000,3447.7,2820.9,3839.9,2896.0,3141.7,18,1,3141.6,95,3,3141.5,47,3,3141.4,61,4,3141.2,62,4,3142.4,669,6,3142.5,200,1,3142.6,200,1,3142.7,401,3,3142.8,200,1
2031,2026-06-16 14:45:13+05:30,3142.4,108,3134.65,2975394,123905.0,202289.0,3163.0,3163.0,3108.0,3134.3,31851000,3447.7,2820.9,3839.9,2896.0,3141.8,117,7,3141.7,49,2,3141.6,70,3,3141.5,2,1,3141.4,91,6,3142.4,561,6,3142.5,200,1,3142.6,200,1,3142.7,401,3,3142.8,200,1
2031,2026-06-16 14:45:13+05:30,3142.4,108,3134.65,2975394,123905.0,202289.0,3163.0,3163.0,3108.0,3134.3,31851000,3447.7,2820.9,3839.9,2896.0,3141.8,117,7,3141.7,49,2,3141.6,70,3,3141.5,2,1,3141.4,91,6,3142.4,561,6,3142.5,200,1,3142.6,200,1,3142.7,401,3,3142.8,200,1
2031,2026-06-16 14:45:14+05:30,3142.7,1,3134.65,2975956,125913.0,200424.0,3163.0,3163.0,3108.0,3134.3,31851000,3447.7,2820.9,3839.9,2896.0,3142.7,46,1,3142.6,6,1,3142.5,129,5,3142.4,39,3,3142.3,211,3,3143.7,200,1,3143.8,215,2,3144.0,899,3,3144.1,256,2,3144.2,50,1
2031,2026-06-16 14:45:14+05:30,3142.7,1,3134.65,2975956,125913.0,200424.0,3163.0,3163.0,3108.0,3134.3,31851000,3447.7,2820.9,3839.9,2896.0,3142.7,46,1,3142.6,6,1,3142.5,129,5,3142.4,39,3,3142.3,211,3,3143.7,200,1,3143.8,215,2,3144.0,899,3,3144.1,256,2,3144.2,50,1
2031,2026-06-16 14:45:15+05:30,3142.3,2,3134.65,2976509,123133.0,203638.0,3163.0,3163.0,3108.0,3134.3,31851000,3447.7,2820.9,3839.9,2896.0,3141.6,1,1,3141.5,2,1,3141.4,44,2,3141.3,21,1,3141.1,37,2,3142.3,27,1,3142.4,246,2,3142.5,17,1,3142.6,55,1,3142.8,920,7
2031,2026-06-16 14:45:15+05:30,3142.3,2,3134.65,2976509,123133.0,203638.0,3163.0,3163.0,3108.0,3134.3,31851000,3447.7,2820.9,3839.9,2896.0,3141.6,1,1,3141.5,2,1,3141.4,44,2,3141.3,21,1,3141.1,37,2,3142.3,27,1,3142.4,246,2,3142.5,17,1,3142.6,55,1,3142.8,920,7
2031,2026-06-16 14:45:16+05:30,3142.3,1,3134.65,2976510,121991.0,205166.0,3163.0,3163.0,3108.0,3134.3,31851000,3447.7,2820.9,3839.9,2896.0,3141.6,1,1,3141.5,2,1,3141.4,44,2,3141.3,7,1,3141.2,8,1,3141.8,1,1,3142.4,200,1,3142.5,17,1,3142.6,61,1,3142.8,915,7
2031,2026-06-16 14:45:16+05:30,3142.3,1,3134.65,2976510,121991.0,205166.0,3163.0,3163.0,3108.0,3134.3,31851000,3447.7,2820.9,3839.9,2896.0,3141.6,1,1,3141.5,2,1,3141.4,44,2,3141.3,7,1,3141.2,8,1,3141.8,1,1,3142.4,200,1,3142.5,17,1,3142.6,61,1,3142.8,915,7
2031,2026-06-16 14:45:17+05:30,3142.3,1,3134.65,2976510,122735.0,204370.0,3163.0,3163.0,3108.0,3134.3,31851000,3447.7,2820.9,3839.9,2896.0,3141.6,1,1,3141.5,2,1,3141.4,60,3,3141.3,51,2,3141.2,25,3,3141.8,1,1,3142.4,200,1,3142.5,17,1,3142.8,859,6,3143.0,568,7
2031,2026-06-16 14:45:17+05:30,3141.8,2,3134.65,2976510,122735.0,204370.0,3163.0,3163.0,3108.0,3134.3,31851000,3447.7,2820.9,3839.9,2896.0,3141.6,1,1,3141.5,2,1,3141.4,60,3,3141.3,51,2,3141.2,25,3,3141.8,1,1,3142.4,200,1,3142.5,17,1,3142.8,859,6,3143.0,568,7
2031,2026-06-16 14:45:18+05:30,3141.4,2,3134.65,2976582,122018.0,205291.0,3163.0,3163.0,3108.0,3134.3,31851000,3447.7,2820.9,3839.9,2896.0,3140.8,220,3,3140.7,35,2,3140.6,66,2,3140.5,203,3,3140.4,204,7,3141.7,200,1,3141.8,50,5,3142.4,241,3,3142.5,662,5,3142.6,280,5
2031,2026-06-16 14:45:18+05:30,3141.7,37,3134.65,2976582,122018.0,205291.0,3163.0,3163.0,3108.0,3134.3,31851000,3447.7,2820.9,3839.9,2896.0,3140.8,220,3,3140.7,35,2,3140.6,66,2,3140.5,203,3,3140.4,204,7,3141.7,200,1,3141.8,50,5,3142.4,241,3,3142.5,662,5,3142.6,280,5
2031,2026-06-16 14:45:19+05:30,3141.7,37,3134.65,2976619,122346.0,204954.0,3163.0,3163.0,3108.0,3134.3,31851000,3447.7,2820.9,3839.9,2896.0,3140.8,207,3,3140.7,76,3,3140.6,113,4,3140.5,220,4,3140.4,332,7,3141.7,163,1,3141.8,50,5,3142.3,4,2,3142.4,297,4,3142.5,662,5
2031,2026-06-16 14:45:20+05:30,3141.7,1,3134.65,2977233,122962.0,203574.0,3163.0,3163.0,3108.0,3134.3,31851000,3447.7,2820.9,3839.9,2896.0,3141.0,48,6,3140.9,82,4,3140.8,290,6,3140.7,151,6,3140.6,298,7,3141.7,26,1,3141.8,23,4,3142.4,200,1,3142.5,352,2,3142.6,331,4
2031,2026-06-16 14:45:20+05:30,3141.7,1,3134.65,2977233,122962.0,203574.0,3163.0,3163.0,3108.0,3134.3,31851000,3447.7,2820.9,3839.9,2896.0,3141.0,48,6,3140.9,82,4,3140.8,290,6,3140.7,151,6,3140.6,298,7,3141.7,26,1,3141.8,23,4,3142.4,200,1,3142.5,352,2,3142.6,331,4
2031,2026-06-16 14:45:21+05:30,3141.0,7,3134.65,2977240,123158.0,204804.0,3163.0,3163.0,3108.0,3134.3,31851000,3447.7,2820.9,3839.9,2896.0,3141.0,94,7,3140.9,82,4,3140.8,290,6,3140.7,151,6,3140.6,316,8,3141.7,111,3,3141.8,22,3,3142.4,200,1,3142.5,352,2,3142.6,311,3
2031,2026-06-16 14:45:21+05:30,3141.7,10,3134.65,2977240,123158.0,204804.0,3163.0,3163.0,3108.0,3134.3,31851000,3447.7,2820.9,3839.9,2896.0,3141.0,94,7,3140.9,82,4,3140.8,290,6,3140.7,151,6,3140.6,316,8,3141.7,111,3,3141.8,22,3,3142.4,200,1,3142.5,352,2,3142.6,311,3
2031,2026-06-16 14:45:22+05:30,3142.0,78,3134.65,2977450,123433.0,202925.0,3163.0,3163.0,3108.0,3134.3,31851000,3447.7,2820.9,3839.9,2896.0,3141.8,1,1,3141.3,37,2,3141.2,57,2,3141.1,34,2,3141.0,59,2,3142.4,200,1,3142.7,16,1,3142.8,553,4,3142.9,203,3,3143.0,335,3
2031,2026-06-16 14:45:22+05:30,3142.0,78,3134.65,2977450,123433.0,202925.0,3163.0,3163.0,3108.0,3134.3,31851000,3447.7,2820.9,3839.9,2896.0,3141.8,1,1,3141.3,37,2,3141.2,57,2,3141.1,34,2,3141.0,59,2,3142.4,200,1,3142.7,16,1,3142.8,553,4,3142.9,203,3,3143.0,335,3
2031,2026-06-16 14:45:23+05:30,3141.3,5,3134.65,2977480,123884.0,204057.0,3163.0,3163.0,3108.0,3134.3,31851000,3447.7,2820.9,3839.9,2896.0,3141.3,225,4,3141.2,193,4,3141.1,49,3,3141.0,59,2,3140.9,94,4,3142.4,248,2,3142.7,16,1,3142.8,552,3,3142.9,118,3,3143.0,335,3
2031,2026-06-16 14:45:23+05:30,3141.3,5,3134.65,2977480,123884.0,204057.0,3163.0,3163.0,3108.0,3134.3,31851000,3447.7,2820.9,3839.9,2896.0,3141.3,225,4,3141.2,193,4,3141.1,49,3,3141.0,59,2,3140.9,94,4,3142.4,248,2,3142.7,16,1,3142.8,552,3,3142.9,118,3,3143.0,335,3
2031,2026-06-16 14:45:25+05:30,3141.3,5,3134.65,2977480,124208.0,203613.0,3163.0,3163.0,3108.0,3134.3,31851000,3447.7,2820.9,3839.9,2896.0,3141.4,63,2,3141.3,44,2,3141.2,153,4,3141.1,34,2,3141.0,459,3,3142.4,248,2,3142.7,568,4,3142.9,318,4,3143.0,535,4,3143.1,342,3
2031,2026-06-16 14:45:26+05:30,3142.4,1,3134.65,2977481,124000.0,204160.0,3163.0,3163.0,3108.0,3134.3,31851000,3447.7,2820.9,3839.9,2896.0,3141.5,1,1,3141.4,52,2,3141.3,44,2,3141.2,49,1,3141.1,21,1,3142.4,277,3,3142.6,664,5,3142.7,125,3,3142.8,200,1,3142.9,462,4
2031,2026-06-16 14:45:26+05:30,3141.3,36,3134.65,2977481,124000.0,204160.0,3163.0,3163.0,3108.0,3134.3,31851000,3447.7,2820.9,3839.9,2896.0,3141.5,1,1,3141.4,52,2,3141.3,44,2,3141.2,49,1,3141.1,21,1,3142.4,277,3,3142.6,664,5,3142.7,125,3,3142.8,200,1,3142.9,462,4
2031,2026-06-16 14:45:27+05:30,3141.3,36,3134.65,2977719,123525.0,204109.0,3163.0,3163.0,3108.0,3134.3,31851000,3447.7,2820.9,3839.9,2896.0,3141.2,16,1,3141.0,443,2,3140.9,21,1,3140.7,21,1,3140.5,74,4,3141.9,52,2,3142.0,60,1,3142.1,18,1,3142.2,74,3,3142.3,46,1
2031,2026-06-16 14:45:28+05:30,3141.3,36,3134.65,2977719,123525.0,204635.0,3163.0,3163.0,3108.0,3134.3,31851000,3447.7,2820.9,3839.9,2896.0,3141.2,16,1,3141.0,443,2,3140.9,21,1,3140.7,21,1,3140.5,74,4,3141.9,53,3,3142.0,60,1,3142.1,18,1,3142.2,74,3,3142.3,46,1
2031,2026-06-16 14:45:29+05:30,3141.7,1,3134.65,2977720,123511.0,204234.0,3163.0,3163.0,3108.0,3134.3,31851000,3447.7,2820.9,3839.9,2896.0,3141.2,66,2,3141.0,456,3,3140.9,81,3,3140.8,16,1,3140.7,77,2,3141.7,9,1,3141.9,34,5,3142.2,74,3,3142.4,889,7,3142.5,3,1
2031,2026-06-16 14:45:29+05:30,3141.7,17,3134.65,2977720,123511.0,204234.0,3163.0,3163.0,3108.0,3134.3,31851000,3447.7,2820.9,3839.9,2896.0,3141.2,66,2,3141.0,456,3,3140.9,81,3,3140.8,16,1,3140.7,77,2,3141.7,9,1,3141.9,34,5,3142.2,74,3,3142.4,889,7,3142.5,3,1
2031,2026-06-16 14:45:30+05:30,3141.7,17,3134.65,2977737,123405.0,203795.0,3163.0,3163.0,3108.0,3134.3,31851000,3447.7,2820.9,3839.9,2896.0,3141.2,73,4,3141.0,456,3,3140.9,81,3,3140.8,16,1,3140.7,77,2,3141.7,11,2,3141.9,34,5,3142.2,74,3,3142.4,889,7,3142.5,89,2
2031,2026-06-16 14:45:31+05:30,3141.5,1,3134.65,2977742,123338.0,203292.0,3163.0,3163.0,3108.0,3134.3,31851000,3447.7,2820.9,3839.9,2896.0,3141.4,16,1,3141.2,73,4,3141.0,456,3,3140.9,81,3,3140.8,103,3,3141.5,1,1,3141.7,61,5,3141.9,1,1,3142.2,24,1,3142.4,829,6
2031,2026-06-16 14:45:31+05:30,3141.5,4,3134.65,2977742,123338.0,203292.0,3163.0,3163.0,3108.0,3134.3,31851000,3447.7,2820.9,3839.9,2896.0,3141.4,16,1,3141.2,73,4,3141.0,456,3,3140.9,81,3,3140.8,103,3,3141.5,1,1,3141.7,61,5,3141.9,1,1,3142.2,24,1,3142.4,829,6
2031,2026-06-16 14:45:32+05:30,3141.7,8,3134.65,2977924,123539.0,203143.0,3163.0,3163.0,3108.0,3134.3,31851000,3447.7,2820.9,3839.9,2896.0,3141.5,2,1,3141.2,90,5,3141.1,16,1,3141.0,558,4,3140.9,163,5,3141.7,2,1,3141.9,1,1,3142.2,24,1,3142.4,277,3,3142.5,59,1
2031,2026-06-16 14:45:32+05:30,3141.2,45,3134.65,2977924,123539.0,203143.0,3163.0,3163.0,3108.0,3134.3,31851000,3447.7,2820.9,3839.9,2896.0,3141.5,2,1,3141.2,90,5,3141.1,16,1,3141.0,558,4,3140.9,163,5,3141.7,2,1,3141.9,1,1,3142.2,24,1,3142.4,277,3,3142.5,59,1
2031,2026-06-16 14:45:33+05:30,3141.2,45,3134.65,2977972,123429.0,203563.0,3163.0,3163.0,3108.0,3134.3,31851000,3447.7,2820.9,3839.9,2896.0,3141.2,45,5,3141.0,558,4,3140.9,81,3,3140.8,51,1,3140.7,77,2,3141.7,3,2,3141.9,1,1,3142.2,24,1,3142.3,17,1,3142.4,784,6
2031,2026-06-16 14:45:34+05:30,3141.2,45,3134.65,2977972,123337.0,203753.0,3163.0,3163.0,3108.0,3134.3,31851000,3447.7,2820.9,3839.9,2896.0,3141.2,46,6,3141.0,443,2,3140.9,21,1,3140.7,77,2,3140.6,18,2,3141.7,27,3,3141.9,1,1,3142.1,725,4,3142.2,24,1,3142.3,218,3
2031,2026-06-16 14:45:35+05:30,3141.6,1,3134.65,2978073,123305.0,203784.0,3163.0,3163.0,3108.0,3134.3,31851000,3447.7,2820.9,3839.9,2896.0,3141.2,47,7,3141.0,443,2,3140.7,21,1,3140.6,3,1,3140.5,54,3,3141.6,46,2,3141.7,98,5,3141.8,132,3,3141.9,41,2,3142.0,590,4
2031,2026-06-16 14:45:35+05:30,3141.6,1,3134.65,2978073,123305.0,203784.0,3163.0,3163.0,3108.0,3134.3,31851000,3447.7,2820.9,3839.9,2896.0,3141.2,47,7,3141.0,443,2,3140.7,21,1,3140.6,3,1,3140.5,54,3,3141.6,46,2,3141.7,98,5,3141.8,132,3,3141.9,41,2,3142.0,590,4
2031,2026-06-16 14:45:36+05:30,3141.5,1,3134.66,2978571,122531.0,204477.0,3163.0,3163.0,3108.0,3134.3,31851000,3447.7,2820.9,3839.9,2896.0,3141.0,345,2,3140.7,21,1,3140.5,37,2,3140.3,20,1,3140.2,25,1,3141.5,55,3,3141.6,65,4,3141.7,146,4,3141.8,97,2,3141.9,593,5
2031,2026-06-16 14:45:36+05:30,3141.5,1,3134.66,2978571,122531.0,204477.0,3163.0,3163.0,3108.0,3134.3,31851000,3447.7,2820.9,3839.9,2896.0,3141.0,345,2,3140.7,21,1,3140.5,37,2,3140.3,20,1,3140.2,25,1,3141.5,55,3,3141.6,65,4,3141.7,146,4,3141.8,97,2,3141.9,593,5
2031,2026-06-16 14:45:37+05:30,3141.5,1,3134.66,2978571,122531.0,204477.0,3163.0,3163.0,3108.0,3134.3,31851000,3447.7,2820.9,3839.9,2896.0,3141.0,345,2,3140.7,21,1,3140.5,37,2,3140.3,20,1,3140.2,25,1,3141.5,55,3,3141.6,65,4,3141.7,146,4,3141.8,97,2,3141.9,593,5
2031,2026-06-16 14:45:37+05:30,3141.5,1,3134.66,2978572,123220.0,204387.0,3163.0,3163.0,3108.0,3134.3,31851000,3447.7,2820.9,3839.9,2896.0,3141.2,4,1,3141.0,345,2,3140.7,21,1,3140.5,37,2,3140.3,83,3,3141.5,29,1,3141.6,36,2,3141.7,65,3,3141.9,41,2,3142.0,552,3
2031,2026-06-16 14:45:37+05:30,3141.5,1,3134.66,2978572,123220.0,204387.0,3163.0,3163.0,3108.0,3134.3,31851000,3447.7,2820.9,3839.9,2896.0,3141.2,4,1,3141.0,345,2,3140.7,21,1,3140.5,37,2,3140.3,83,3,3141.5,29,1,3141.6,36,2,3141.7,65,3,3141.9,41,2,3142.0,552,3
2031,2026-06-16 14:45:38+05:30,3141.5,1,3134.66,2978572,123434.0,204689.0,3163.0,3163.0,3108.0,3134.3,31851000,3447.7,2820.9,3839.9,2896.0,3141.3,4,1,3141.2,117,2,3141.0,345,2,3140.7,21,1,3140.5,53,3,3141.5,49,2,3141.6,11,1,3141.7,67,3,3141.9,41,2,3142.0,552,3
2031,2026-06-16 14:45:38+05:30,3141.5,1,3134.66,2978572,123434.0,204689.0,3163.0,3163.0,3108.0,3134.3,31851000,3447.7,2820.9,3839.9,2896.0,3141.3,4,1,3141.2,117,2,3141.0,345,2,3140.7,21,1,3140.5,53,3,3141.5,49,2,3141.6,11,1,3141.7,67,3,3141.9,41,2,3142.0,552,3
2031,2026-06-16 14:45:39+05:30,3141.5,1,3134.66,2978572,123464.0,204685.0,3163.0,3163.0,3108.0,3134.3,31851000,3447.7,2820.9,3839.9,2896.0,3141.3,4,1,3141.2,117,2,3141.0,345,2,3140.8,16,1,3140.7,32,2,3141.5,20,1,3141.6,11,1,3141.7,44,2,3141.9,41,2,3142.0,552,3
2031,2026-06-16 14:45:40+05:30,3141.5,1,3134.66,2978572,123396.0,205101.0,3163.0,3163.0,3108.0,3134.3,31851000,3447.7,2820.9,3839.9,2896.0,3141.3,4,1,3141.2,117,2,3141.0,345,2,3140.8,16,1,3140.7,21,1,3141.5,35,3,3141.6,11,1,3141.7,44,2,3141.9,40,1,3142.0,552,3
2031,2026-06-16 14:45:41+05:30,3141.5,1,3134.66,2978572,123396.0,205101.0,3163.0,3163.0,3108.0,3134.3,31851000,3447.7,2820.9,3839.9,2896.0,3141.3,4,1,3141.2,117,2,3141.0,345,2,3140.8,16,1,3140.7,21,1,3141.5,35,3,3141.6,11,1,3141.7,44,2,3141.9,40,1,3142.0,552,3
2031,2026-06-16 14:45:41+05:30,3141.7,1,3134.66,2978623,123621.0,204943.0,3163.0,3163.0,3108.0,3134.3,31851000,3447.7,2820.9,3839.9,2896.0,3141.3,4,1,3141.2,117,2,3141.0,345,2,3140.7,21,1,3140.6,110,3,3141.7,39,2,3141.9,40,1,3142.0,552,3,3142.1,51,1,3142.2,262,3
2031,2026-06-16 14:45:41+05:30,3141.7,1,3134.66,2978623,123621.0,204943.0,3163.0,3163.0,3108.0,3134.3,31851000,3447.7,2820.9,3839.9,2896.0,3141.3,4,1,3141.2,117,2,3141.0,345,2,3140.7,21,1,3140.6,110,3,3141.7,39,2,3141.9,40,1,3142.0,552,3,3142.1,51,1,3142.2,262,3
2031,2026-06-16 14:45:42+05:30,3141.4,25,3134.66,2978623,123621.0,204943.0,3163.0,3163.0,3108.0,3134.3,31851000,3447.7,2820.9,3839.9,2896.0,3141.3,4,1,3141.2,117,2,3141.0,345,2,3140.7,21,1,3140.6,110,3,3141.7,39,2,3141.9,40,1,3142.0,552,3,3142.1,51,1,3142.2,262,3
2031,2026-06-16 14:45:43+05:30,3141.4,25,3134.66,2978649,123645.0,205155.0,3163.0,3163.0,3108.0,3134.3,31851000,3447.7,2820.9,3839.9,2896.0,3141.4,15,1,3141.3,4,1,3141.2,100,1,3141.0,345,2,3140.7,77,2,3141.7,43,3,3142.0,552,3,3142.1,109,2,3142.2,254,3,3142.3,206,2
2031,2026-06-16 14:45:43+05:30,3141.4,25,3134.66,2978649,123645.0,205155.0,3163.0,3163.0,3108.0,3134.3,31851000,3447.7,2820.9,3839.9,2896.0,3141.4,15,1,3141.3,4,1,3141.2,100,1,3141.0,345,2,3140.7,77,2,3141.7,43,3,3142.0,552,3,3142.1,109,2,3142.2,254,3,3142.3,206,2
2031,2026-06-16 14:45:43+05:30,3141.4,1,3134.66,2978649,123645.0,205155.0,3163.0,3163.0,3108.0,3134.3,31851000,3447.7,2820.9,3839.9,2896.0,3141.4,15,1,3141.3,4,1,3141.2,100,1,3141.0,345,2,3140.7,77,2,3141.7,43,3,3142.0,552,3,3142.1,109,2,3142.2,254,3,3142.3,206,2
2031,2026-06-16 14:45:44+05:30,3141.4,1,3134.66,2978773,123464.0,205486.0,3163.0,3163.0,3108.0,3134.3,31851000,3447.7,2820.9,3839.9,2896.0,3141.3,4,1,3141.2,100,1,3141.0,345,2,3140.7,21,1,3140.6,29,2,3141.4,76,1,3141.7,43,3,3141.8,91,1,3142.0,552,3,3142.1,165,3
2031,2026-06-16 14:45:44+05:30,3141.4,17,3134.66,2978773,123464.0,205486.0,3163.0,3163.0,3108.0,3134.3,31851000,3447.7,2820.9,3839.9,2896.0,3141.3,4,1,3141.2,100,1,3141.0,345,2,3140.7,21,1,3140.6,29,2,3141.4,76,1,3141.7,43,3,3141.8,91,1,3142.0,552,3,3142.1,165,3
2031,2026-06-16 14:45:45+05:30,3141.4,17,3134.66,2978790,123554.0,205268.0,3163.0,3163.0,3108.0,3134.3,31851000,3447.7,2820.9,3839.9,2896.0,3141.3,5,2,3141.2,116,2,3141.0,345,2,3140.7,21,1,3140.6,29,2,3141.4,95,4,3141.7,38,2,3141.9,34,1,3142.0,610,4,3142.1,107,2
2031,2026-06-16 14:45:45+05:30,3141.4,17,3134.66,2978790,123554.0,205268.0,3163.0,3163.0,3108.0,3134.3,31851000,3447.7,2820.9,3839.9,2896.0,3141.3,5,2,3141.2,116,2,3141.0,345,2,3140.7,21,1,3140.6,29,2,3141.4,95,4,3141.7,38,2,3141.9,34,1,3142.0,610,4,3142.1,107,2
2031,2026-06-16 14:45:45+05:30,3141.4,2,3134.66,2978790,123554.0,205268.0,3163.0,3163.0,3108.0,3134.3,31851000,3447.7,2820.9,3839.9,2896.0,3141.3,5,2,3141.2,116,2,3141.0,345,2,3140.7,21,1,3140.6,29,2,3141.4,95,4,3141.7,38,2,3141.9,34,1,3142.0,610,4,3142.1,107,2
2031,2026-06-16 14:45:46+05:30,3141.4,2,3134.66,2978870,123645.0,204872.0,3163.0,3163.0,3108.0,3134.3,31851000,3447.7,2820.9,3839.9,2896.0,3141.3,1,1,3141.2,116,2,3141.0,345,2,3140.7,21,1,3140.6,47,3,3141.4,61,4,3141.7,38,2,3142.0,552,3,3142.1,51,1,3142.2,278,3
2031,2026-06-16 14:45:46+05:30,3141.3,9,3134.66,2978870,123645.0,204872.0,3163.0,3163.0,3108.0,3134.3,31851000,3447.7,2820.9,3839.9,2896.0,3141.3,1,1,3141.2,116,2,3141.0,345,2,3140.7,21,1,3140.6,47,3,3141.4,61,4,3141.7,38,2,3142.0,552,3,3142.1,51,1,3142.2,278,3
2031,2026-06-16 14:45:47+05:30,3141.3,1,3134.66,2978880,123716.0,204809.0,3163.0,3163.0,3108.0,3134.3,31851000,3447.7,2820.9,3839.9,2896.0,3141.2,116,2,3141.0,345,2,3140.7,21,1,3140.6,31,2,3140.5,168,4,3141.3,12,1,3141.4,61,4,3141.7,38,2,3142.0,552,3,3142.1,51,1
2031,2026-06-16 14:45:47+05:30,3141.3,1,3134.66,2978880,123716.0,204809.0,3163.0,3163.0,3108.0,3134.3,31851000,3447.7,2820.9,3839.9,2896.0,3141.2,116,2,3141.0,345,2,3140.7,21,1,3140.6,31,2,3140.5,168,4,3141.3,12,1,3141.4,61,4,3141.7,38,2,3142.0,552,3,3142.1,51,1
2031,2026-06-16 14:45:47+05:30,3141.3,1,3134.66,2978880,123716.0,204809.0,3163.0,3163.0,3108.0,3134.3,31851000,3447.7,2820.9,3839.9,2896.0,3141.2,116,2,3141.0,345,2,3140.7,21,1,3140.6,31,2,3140.5,168,4,3141.3,12,1,3141.4,61,4,3141.7,38,2,3142.0,552,3,3142.1,51,1
2031,2026-06-16 14:45:48+05:30,3141.3,8,3134.66,2978901,123642.0,205219.0,3163.0,3163.0,3108.0,3134.3,31851000,3447.7,2820.9,3839.9,2896.0,3141.3,17,1,3141.2,100,1,3141.0,345,2,3140.7,21,1,3140.6,13,1,3141.4,178,5,3141.7,10,1,3141.9,57,1,3142.0,552,3,3142.1,51,1
2031,2026-06-16 14:45:48+05:30,3141.3,8,3134.66,2978901,123642.0,205219.0,3163.0,3163.0,3108.0,3134.3,31851000,3447.7,2820.9,3839.9,2896.0,3141.3,17,1,3141.2,100,1,3141.0,345,2,3140.7,21,1,3140.6,13,1,3141.4,178,5,3141.7,10,1,3141.9,57,1,3142.0,552,3,3142.1,51,1
2031,2026-06-16 14:45:48+05:30,3141.4,1,3134.66,2978901,123642.0,205219.0,3163.0,3163.0,3108.0,3134.3,31851000,3447.7,2820.9,3839.9,2896.0,3141.3,17,1,3141.2,100,1,3141.0,345,2,3140.7,21,1,3140.6,13,1,3141.4,178,5,3141.7,10,1,3141.9,57,1,3142.0,552,3,3142.1,51,1
2031,2026-06-16 14:45:49+05:30,3141.4,1,3134.66,2978919,123633.0,204946.0,3163.0,3163.0,3108.0,3134.3,31851000,3447.7,2820.9,3839.9,2896.0,3141.3,1,1,3141.2,117,2,3141.0,345,2,3140.7,21,1,3140.6,13,1,3141.4,146,5,3141.7,10,1,3141.9,34,1,3142.0,552,3,3142.1,51,1
2031,2026-06-16 14:45:49+05:30,3141.4,1,3134.66,2978919,123633.0,204946.0,3163.0,3163.0,3108.0,3134.3,31851000,3447.7,2820.9,3839.9,2896.0,3141.3,1,1,3141.2,117,2,3141.0,345,2,3140.7,21,1,3140.6,13,1,3141.4,146,5,3141.7,10,1,3141.9,34,1,3142.0,552,3,3142.1,51,1
2031,2026-06-16 14:45:49+05:30,3142.0,9,3134.66,2978919,123633.0,204946.0,3163.0,3163.0,3108.0,3134.3,31851000,3447.7,2820.9,3839.9,2896.0,3141.3,1,1,3141.2,117,2,3141.0,345,2,3140.7,21,1,3140.6,13,1,3141.4,146,5,3141.7,10,1,3141.9,34,1,3142.0,552,3,3142.1,51,1
2031,2026-06-16 14:45:50+05:30,3142.0,9,3134.66,2978919,123633.0,204946.0,3163.0,3163.0,3108.0,3134.3,31851000,3447.7,2820.9,3839.9,2896.0,3141.3,1,1,3141.2,117,2,3141.0,345,2,3140.7,21,1,3140.6,13,1,3141.4,146,5,3141.7,10,1,3141.9,34,1,3142.0,552,3,3142.1,51,1
2031,2026-06-16 14:45:50+05:30,3141.9,40,3134.66,2980323,125370.0,201266.0,3163.0,3163.0,3108.0,3134.3,31851000,3447.7,2820.9,3839.9,2896.0,3141.9,85,3,3141.8,65,4,3141.7,54,3,3141.6,149,4,3141.5,90,3,3143.3,347,2,3143.5,33,1,3143.6,1,1,3143.7,400,2,3143.8,221,4
2031,2026-06-16 14:45:50+05:30,3141.9,40,3134.66,2980323,125370.0,201266.0,3163.0,3163.0,3108.0,3134.3,31851000,3447.7,2820.9,3839.9,2896.0,3141.9,85,3,3141.8,65,4,3141.7,54,3,3141.6,149,4,3141.5,90,3,3143.3,347,2,3143.5,33,1,3143.6,1,1,3143.7,400,2,3143.8,221,4
2031,2026-06-16 14:45:50+05:30,3143.1,6,3134.66,2980323,125370.0,201266.0,3163.0,3163.0,3108.0,3134.3,31851000,3447.7,2820.9,3839.9,2896.0,3141.9,85,3,3141.8,65,4,3141.7,54,3,3141.6,149,4,3141.5,90,3,3143.3,347,2,3143.5,33,1,3143.6,1,1,3143.7,400,2,3143.8,221,4
2031,2026-06-16 14:45:51+05:30,3143.1,6,3134.66,2980323,125370.0,201266.0,3163.0,3163.0,3108.0,3134.3,31851000,3447.7,2820.9,3839.9,2896.0,3141.9,85,3,3141.8,65,4,3141.7,54,3,3141.6,149,4,3141.5,90,3,3143.3,347,2,3143.5,33,1,3143.6,1,1,3143.7,400,2,3143.8,221,4
2031,2026-06-16 14:45:51+05:30,3143.8,9,3134.66,2981791,126768.0,200760.0,3163.0,3163.0,3108.0,3134.3,31851000,3447.7,2820.9,3839.9,2896.0,3143.1,2,1,3142.5,21,1,3142.4,3,1,3142.3,106,4,3142.2,92,3,3143.9,400,2,3144.0,674,2,3144.1,241,5,3144.2,460,4,3144.3,58,2
2031,2026-06-16 14:45:51+05:30,3143.1,1,3134.66,2981791,126768.0,200760.0,3163.0,3163.0,3108.0,3134.3,31851000,3447.7,2820.9,3839.9,2896.0,3143.1,2,1,3142.5,21,1,3142.4,3,1,3142.3,106,4,3142.2,92,3,3143.9,400,2,3144.0,674,2,3144.1,241,5,3144.2,460,4,3144.3,58,2
2031,2026-06-16 14:45:52+05:30,3143.1,1,3134.66,2981791,126768.0,200760.0,3163.0,3163.0,3108.0,3134.3,31851000,3447.7,2820.9,3839.9,2896.0,3143.1,2,1,3142.5,21,1,3142.4,3,1,3142.3,106,4,3142.2,92,3,3143.9,400,2,3144.0,674,2,3144.1,241,5,3144.2,460,4,3144.3,58,2
2031,2026-06-16 14:45:52+05:30,3143.9,1,3134.67,2982700,126824.0,200688.0,3163.0,3163.0,3108.0,3134.3,31851000,3447.7,2820.9,3839.9,2896.0,3143.1,1,1,3142.6,56,2,3142.5,61,2,3142.4,63,2,3142.3,144,4,3143.9,46,1,3144.0,844,4,3144.1,115,2,3144.2,301,3,3144.3,562,5
2031,2026-06-16 14:45:52+05:30,3144.8,18,3134.67,2982700,126824.0,200688.0,3163.0,3163.0,3108.0,3134.3,31851000,3447.7,2820.9,3839.9,2896.0,3143.1,1,1,3142.6,56,2,3142.5,61,2,3142.4,63,2,3142.3,144,4,3143.9,46,1,3144.0,844,4,3144.1,115,2,3144.2,301,3,3144.3,562,5
2031,2026-06-16 14:45:53+05:30,3144.8,18,3134.67,2982700,126824.0,200688.0,3163.0,3163.0,3108.0,3134.3,31851000,3447.7,2820.9,3839.9,2896.0,3143.1,1,1,3142.6,56,2,3142.5,61,2,3142.4,63,2,3142.3,144,4,3143.9,46,1,3144.0,844,4,3144.1,115,2,3144.2,301,3,3144.3,562,5
2031,2026-06-16 14:45:53+05:30,3144.9,20,3134.69,2990055,125260.0,200801.0,3163.0,3163.0,3108.0,3134.3,31851000,3447.7,2820.9,3839.9,2896.0,3143.1,12,1,3143.0,120,8,3142.9,15,2,3142.8,65,3,3142.7,117,6,3143.9,10,1,3144.8,108,1,3144.9,261,3,3145.0,1456,8,3145.1,401,3
2031,2026-06-16 14:45:53+05:30,3144.9,20,3134.69,2990055,125260.0,200801.0,3163.0,3163.0,3108.0,3134.3,31851000,3447.7,2820.9,3839.9,2896.0,3143.1,12,1,3143.0,120,8,3142.9,15,2,3142.8,65,3,3142.7,117,6,3143.9,10,1,3144.8,108,1,3144.9,261,3,3145.0,1456,8,3145.1,401,3
2031,2026-06-16 14:45:53+05:30,3144.9,10,3134.69,2990055,125260.0,200801.0,3163.0,3163.0,3108.0,3134.3,31851000,3447.7,2820.9,3839.9,2896.0,3143.1,12,1,3143.0,120,8,3142.9,15,2,3142.8,65,3,3142.7,117,6,3143.9,10,1,3144.8,108,1,3144.9,261,3,3145.0,1456,8,3145.1,401,3
2031,2026-06-16 14:45:54+05:30,3144.9,10,3134.69,2990055,125260.0,200801.0,3163.0,3163.0,3108.0,3134.3,31851000,3447.7,2820.9,3839.9,2896.0,3143.2,16,1,3142.9,159,4,3142.8,122,3,3142.7,91,4,3142.5,357,7,3144.8,172,2,3144.9,593,5,3145.0,1365,10,3145.1,201,2,3145.2,222,2
2031,2026-06-16 14:45:54+05:30,3144.8,1,3134.7,2991330,126333.0,200849.0,3163.0,3163.0,3108.0,3134.3,31851000,3447.7,2820.9,3839.9,2896.0,3143.2,16,1,3142.9,159,4,3142.8,122,3,3142.7,91,4,3142.5,357,7,3144.8,172,2,3144.9,593,5,3145.0,1365,10,3145.1,201,2,3145.2,222,2
2031,2026-06-16 14:45:54+05:30,3144.8,6,3134.7,2991330,126333.0,200849.0,3163.0,3163.0,3108.0,3134.3,31851000,3447.7,2820.9,3839.9,2896.0,3143.2,16,1,3142.9,159,4,3142.8,122,3,3142.7,91,4,3142.5,357,7,3144.8,172,2,3144.9,593,5,3145.0,1365,10,3145.1,201,2,3145.2,222,2
2031,2026-06-16 14:45:55+05:30,3144.8,6,3134.7,2991330,126333.0,200849.0,3163.0,3163.0,3108.0,3134.3,31851000,3447.7,2820.9,3839.9,2896.0,3143.2,16,1,3142.9,159,4,3142.8,122,3,3142.7,91,4,3142.5,357,7,3144.8,172,2,3144.9,593,5,3145.0,1365,10,3145.1,201,2,3145.2,222,2
2031,2026-06-16 14:45:55+05:30,3144.6,10,3134.7,2992738,127538.0,199357.0,3163.0,3163.0,3108.0,3134.3,31851000,3447.7,2820.9,3839.9,2896.0,3143.3,99,8,3143.2,384,5,3143.1,43,2,3143.0,14,1,3142.9,81,3,3144.6,52,1,3145.0,1162,7,3145.1,1,1,3145.2,309,3,3145.3,679,5
2031,2026-06-16 14:45:55+05:30,3144.6,6,3134.7,2992738,127538.0,199357.0,3163.0,3163.0,3108.0,3134.3,31851000,3447.7,2820.9,3839.9,2896.0,3143.3,99,8,3143.2,384,5,3143.1,43,2,3143.0,14,1,3142.9,81,3,3144.6,52,1,3145.0,1162,7,3145.1,1,1,3145.2,309,3,3145.3,679,5
2031,2026-06-16 14:45:56+05:30,3144.6,6,3134.7,2992738,127538.0,199357.0,3163.0,3163.0,3108.0,3134.3,31851000,3447.7,2820.9,3839.9,2896.0,3143.3,99,8,3143.2,384,5,3143.1,43,2,3143.0,14,1,3142.9,81,3,3144.6,52,1,3145.0,1162,7,3145.1,1,1,3145.2,309,3,3145.3,679,5
2031,2026-06-16 14:45:56+05:30,3145.0,20,3134.7,2994113,128198.0,198473.0,3163.0,3163.0,3108.0,3134.3,31851000,3447.7,2820.9,3839.9,2896.0,3143.7,42,2,3143.6,107,2,3143.5,93,3,3143.4,39,2,3143.3,100,5,3145.0,259,2,3145.1,1,1,3145.2,288,2,3145.3,679,5,3145.4,108,2
2031,2026-06-16 14:45:56+05:30,3145.0,20,3134.7,2994113,128198.0,198473.0,3163.0,3163.0,3108.0,3134.3,31851000,3447.7,2820.9,3839.9,2896.0,3143.7,42,2,3143.6,107,2,3143.5,93,3,3143.4,39,2,3143.3,100,5,3145.0,259,2,3145.1,1,1,3145.2,288,2,3145.3,679,5,3145.4,108,2
2031,2026-06-16 14:45:57+05:30,3145.0,20,3134.7,2994113,128198.0,198473.0,3163.0,3163.0,3108.0,3134.3,31845800,3447.7,2820.9,3839.9,2896.0,3143.7,42,2,3143.6,107,2,3143.5,93,3,3143.4,39,2,3143.3,100,5,3145.0,259,2,3145.1,1,1,3145.2,288,2,3145.3,679,5,3145.4,108,2
2031,2026-06-16 14:45:57+05:30,3145.0,9,3134.7,2994113,128198.0,198473.0,3163.0,3163.0,3108.0,3134.3,31845800,3447.7,2820.9,3839.9,2896.0,3143.7,42,2,3143.6,107,2,3143.5,93,3,3143.4,39,2,3143.3,100,5,3145.0,259,2,3145.1,1,1,3145.2,288,2,3145.3,679,5,3145.4,108,2
2031,2026-06-16 14:45:58+05:30,3145.0,4,3134.71,2995416,128370.0,197609.0,3163.0,3163.0,3108.0,3134.3,31845800,3447.7,2820.9,3839.9,2896.0,3143.9,17,1,3143.7,261,2,3143.5,76,2,3143.3,43,3,3143.2,314,3,3145.1,34,4,3145.2,64,2,3145.3,67,2,3145.4,83,3,3145.5,693,5
2031,2026-06-16 14:45:58+05:30,3144.7,30,3134.71,2995416,128370.0,197609.0,3163.0,3163.0,3108.0,3134.3,31845800,3447.7,2820.9,3839.9,2896.0,3143.9,17,1,3143.7,261,2,3143.5,76,2,3143.3,43,3,3143.2,314,3,3145.1,34,4,3145.2,64,2,3145.3,67,2,3145.4,83,3,3145.5,693,5
2031,2026-06-16 14:45:59+05:30,3144.7,20,3134.71,2996763,127853.0,198363.0,3163.0,3163.0,3108.0,3134.3,31845800,3447.7,2820.9,3839.9,2896.0,3143.7,210,3,3143.6,14,1,3143.3,23,2,3143.2,316,3,3143.1,39,2,3144.7,90,1,3144.9,47,1,3145.1,19,3,3145.2,735,7,3145.3,50,1
2031,2026-06-16 14:45:59+05:30,3145.0,5,3134.71,2996763,127853.0,198363.0,3163.0,3163.0,3108.0,3134.3,31845800,3447.7,2820.9,3839.9,2896.0,3143.7,210,3,3143.6,14,1,3143.3,23,2,3143.2,316,3,3143.1,39,2,3144.7,90,1,3144.9,47,1,3145.1,19,3,3145.2,735,7,3145.3,50,1
2031,2026-06-16 14:46:00+05:30,3144.9,10,3134.72,2998017,127900.0,197848.0,3163.0,3163.0,3108.0,3134.3,31845800,3447.7,2820.9,3839.9,2896.0,3143.9,23,3,3143.7,189,1,3143.5,56,1,3143.4,3,1,3143.3,21,1,3144.9,95,2,3145.1,696,9,3145.2,53,1,3145.3,250,2,3145.4,587,6
2031,2026-06-16 14:46:01+05:30,3144.4,10,3134.72,2998017,127900.0,197848.0,3163.0,3163.0,3108.0,3134.3,31845800,3447.7,2820.9,3839.9,2896.0,3143.9,23,3,3143.7,189,1,3143.5,56,1,3143.4,3,1,3143.3,21,1,3144.9,95,2,3145.1,696,9,3145.2,53,1,3145.3,250,2,3145.4,587,6
2031,2026-06-16 14:46:01+05:30,3143.5,6,3134.73,3000935,127044.0,201202.0,3163.0,3163.0,3108.0,3134.3,31845800,3447.7,2820.9,3839.9,2896.0,3142.3,199,9,3142.2,54,2,3142.1,167,5,3142.0,418,5,3141.9,62,3,3143.5,64,1,3143.7,468,3,3144.0,24,1,3144.1,19,1,3144.2,3,1
2031,2026-06-16 14:46:02+05:30,3143.7,1,3134.73,3000935,127044.0,201202.0,3163.0,3163.0,3108.0,3134.3,31845800,3447.7,2820.9,3839.9,2896.0,3142.3,199,9,3142.2,54,2,3142.1,167,5,3142.0,418,5,3141.9,62,3,3143.5,64,1,3143.7,468,3,3144.0,24,1,3144.1,19,1,3144.2,3,1
2031,2026-06-16 14:46:02+05:30,3143.7,1,3134.73,3001015,125865.0,202323.0,3163.0,3163.0,3108.0,3134.3,31845800,3447.7,2820.9,3839.9,2896.0,3142.3,59,2,3142.2,14,1,3142.1,80,2,3142.0,337,5,3141.9,86,5,3143.4,200,1,3143.5,61,3,3143.7,452,3,3143.8,30,2,3144.0,558,5
2031,2026-06-16 14:46:03+05:30,3142.7,1,3134.73,3001017,125013.0,202200.0,3163.0,3163.0,3108.0,3134.3,31845800,3447.7,2820.9,3839.9,2896.0,3142.2,25,1,3142.1,9,1,3142.0,260,3,3141.9,17,2,3141.8,74,2,3142.6,199,1,3142.7,199,1,3143.4,19,1,3143.5,61,3,3143.6,20,1
2031,2026-06-16 14:46:04+05:30,3142.0,12,3134.73,3001017,125013.0,202200.0,3163.0,3163.0,3108.0,3134.3,31845800,3447.7,2820.9,3839.9,2896.0,3142.2,25,1,3142.1,9,1,3142.0,260,3,3141.9,17,2,3141.8,74,2,3142.6,199,1,3142.7,199,1,3143.4,19,1,3143.5,61,3,3143.6,20,1
2031,2026-06-16 14:46:04+05:30,3141.2,2,3134.73,3001665,123317.0,201238.0,3163.0,3163.0,3108.0,3134.3,31845800,3447.7,2820.9,3839.9,2896.0,3141.4,17,1,3141.2,199,6,3141.1,200,6,3141.0,356,5,3140.9,134,5,3142.4,13,1,3142.5,200,1,3142.6,74,3,3142.9,670,6,3143.0,22,2
2031,2026-06-16 14:46:05+05:30,3141.2,2,3134.73,3001665,123317.0,201238.0,3163.0,3163.0,3108.0,3134.3,31845800,3447.7,2820.9,3839.9,2896.0,3141.4,17,1,3141.2,199,6,3141.1,200,6,3141.0,356,5,3140.9,134,5,3142.4,13,1,3142.5,200,1,3142.6,74,3,3142.9,670,6,3143.0,22,2
2031,2026-06-16 14:46:05+05:30,3141.3,9,3134.73,3001934,123050.0,203488.0,3163.0,3163.0,3108.0,3134.3,31845800,3447.7,2820.9,3839.9,2896.0,3141.1,29,1,3141.0,402,5,3140.9,66,2,3140.8,20,2,3140.7,39,2,3141.5,110,1,3142.4,197,3,3142.5,336,4,3142.6,155,5,3142.7,577,4
2031,2026-06-16 14:46:06+05:30,3141.3,9,3134.73,3001934,123050.0,203488.0,3163.0,3163.0,3108.0,3134.3,31845800,3447.7,2820.9,3839.9,2896.0,3141.1,29,1,3141.0,402,5,3140.9,66,2,3140.8,20,2,3140.7,39,2,3141.5,110,1,3142.4,197,3,3142.5,336,4,3142.6,155,5,3142.7,577,4
2031,2026-06-16 14:46:06+05:30,3141.1,10,3134.73,3001945,124033.0,203337.0,3163.0,3163.0,3108.0,3134.3,31845800,3447.7,2820.9,3839.9,2896.0,3141.1,582,5,3141.0,377,6,3140.9,159,3,3140.8,21,3,3140.7,57,3,3141.5,135,3,3142.4,81,2,3142.5,256,3,3142.6,129,3,3142.7,577,4
2031,2026-06-16 14:46:07+05:30,3141.1,10,3134.73,3001945,124033.0,203337.0,3163.0,3163.0,3108.0,3134.3,31845800,3447.7,2820.9,3839.9,2896.0,3141.1,582,5,3141.0,377,6,3140.9,159,3,3140.8,21,3,3140.7,57,3,3141.5,135,3,3142.4,81,2,3142.5,256,3,3142.6,129,3,3142.7,577,4
2031,2026-06-16 14:46:07+05:30,3141.0,109,3134.73,3002586,122917.0,201898.0,3163.0,3163.0,3108.0,3134.3,31845800,3447.7,2820.9,3839.9,2896.0,3141.0,223,2,3140.8,20,2,3140.6,13,1,3140.5,16,2,3140.4,126,5,3141.1,211,2,3141.5,26,2,3141.9,55,1,3142.1,3,1,3142.2,109,3
2031,2026-06-16 14:46:08+05:30,3141.0,109,3134.73,3002586,122917.0,201898.0,3163.0,3163.0,3108.0,3134.3,31845800,3447.7,2820.9,3839.9,2896.0,3141.0,223,2,3140.8,20,2,3140.6,13,1,3140.5,16,2,3140.4,126,5,3141.1,211,2,3141.5,26,2,3141.9,55,1,3142.1,3,1,3142.2,109,3
2031,2026-06-16 14:46:08+05:30,3141.1,1,3134.73,3002600,123084.0,202702.0,3163.0,3163.0,3108.0,3134.3,31845800,3447.7,2820.9,3839.9,2896.0,3141.0,211,2,3140.8,12,1,3140.7,6,1,3140.6,13,1,3140.5,16,2,3141.1,235,4,3141.9,55,1,3142.1,3,1,3142.2,109,3,3142.3,101,1
2031,2026-06-16 14:46:09+05:30,3141.1,1,3134.73,3002600,123084.0,202702.0,3163.0,3163.0,3108.0,3134.3,31845800,3447.7,2820.9,3839.9,2896.0,3141.0,211,2,3140.8,12,1,3140.7,6,1,3140.6,13,1,3140.5,16,2,3141.1,235,4,3141.9,55,1,3142.1,3,1,3142.2,109,3,3142.3,101,1
2031,2026-06-16 14:46:10+05:30,3141.1,1,3134.73,3002600,123152.0,202742.0,3163.0,3163.0,3108.0,3134.3,31845800,3447.7,2820.9,3839.9,2896.0,3141.0,221,4,3140.9,3,1,3140.8,17,2,3140.7,24,2,3140.6,132,4,3141.1,222,3,3141.9,68,2,3142.1,3,1,3142.2,60,1,3142.3,101,1
2031,2026-06-16 14:46:11+05:30,3141.1,5,3134.73,3002600,123152.0,202742.0,3163.0,3163.0,3108.0,3134.3,31845800,3447.7,2820.9,3839.9,2896.0,3141.0,221,4,3140.9,3,1,3140.8,17,2,3140.7,24,2,3140.6,132,4,3141.1,222,3,3141.9,68,2,3142.1,3,1,3142.2,60,1,3142.3,101,1
2031,2026-06-16 14:46:11+05:30,3141.0,2,3134.73,3002844,122393.0,202954.0,3163.0,3163.0,3108.0,3134.3,31845800,3447.7,2820.9,3839.9,2896.0,3140.5,73,4,3140.4,106,4,3140.3,38,2,3140.2,83,3,3140.1,61,4,3141.0,13,1,3141.1,241,5,3141.9,55,1,3142.1,3,1,3142.2,80,2
2031,2026-06-16 14:46:12+05:30,3140.7,11,3134.73,3002844,122393.0,202954.0,3163.0,3163.0,3108.0,3134.3,31845800,3447.7,2820.9,3839.9,2896.0,3140.5,73,4,3140.4,106,4,3140.3,38,2,3140.2,83,3,3140.1,61,4,3141.0,13,1,3141.1,241,5,3141.9,55,1,3142.1,3,1,3142.2,80,2
2031,2026-06-16 14:46:12+05:30,3140.7,11,3134.73,3002855,122684.0,202694.0,3163.0,3163.0,3108.0,3134.3,31845800,3447.7,2820.9,3839.9,2896.0,3140.5,81,5,3140.4,74,3,3140.3,36,2,3140.2,142,4,3140.1,43,3,3140.7,154,1,3141.0,40,2,3141.1,24,2,3141.9,115,2,3142.0,21,1
2031,2026-06-16 14:46:13+05:30,3140.5,33,3134.73,3002904,122555.0,202198.0,3163.0,3163.0,3108.0,3134.3,31845800,3447.7,2820.9,3839.9,2896.0,3140.5,17,1,3140.2,46,2,3140.1,48,3,3140.0,1302,35,3139.9,98,3,3140.7,193,4,3141.0,27,1,3141.1,23,1,3141.8,18,1,3141.9,158,3
2031,2026-06-16 14:46:14+05:30,3140.7,2,3134.73,3002904,122555.0,202198.0,3163.0,3163.0,3108.0,3134.3,31845800,3447.7,2820.9,3839.9,2896.0,3140.5,17,1,3140.2,46,2,3140.1,48,3,3140.0,1302,35,3139.9,98,3,3140.7,193,4,3141.0,27,1,3141.1,23,1,3141.8,18,1,3141.9,158,3
2031,2026-06-16 14:46:14+05:30,3140.5,18,3134.73,3002998,122748.0,202286.0,3163.0,3163.0,3108.0,3134.3,31845800,3447.7,2820.9,3839.9,2896.0,3140.5,17,1,3140.2,120,5,3140.1,127,3,3140.0,1302,35,3139.9,294,5,3140.7,204,4,3141.1,13,1,3141.8,18,1,3141.9,158,3,3142.0,21,1
2031,2026-06-16 14:46:15+05:30,3140.7,1,3134.73,3002998,122748.0,202286.0,3163.0,3163.0,3108.0,3134.3,31845800,3447.7,2820.9,3839.9,2896.0,3140.5,17,1,3140.2,120,5,3140.1,127,3,3140.0,1302,35,3139.9,294,5,3140.7,204,4,3141.1,13,1,3141.8,18,1,3141.9,158,3,3142.0,21,1
2031,2026-06-16 14:46:15+05:30,3140.2,3,3134.73,3003099,122698.0,202982.0,3163.0,3163.0,3108.0,3134.3,31845800,3447.7,2820.9,3839.9,2896.0,3140.5,2,1,3140.2,29,3,3140.1,30,2,3140.0,1324,35,3139.9,168,3,3140.7,203,4,3141.7,60,1,3141.8,118,2,3141.9,203,4,3142.0,78,3
2031,2026-06-16 14:46:16+05:30,3140.5,11,3134.73,3003099,122698.0,202982.0,3163.0,3163.0,3108.0,3134.3,31845800,3447.7,2820.9,3839.9,2896.0,3140.5,2,1,3140.2,29,3,3140.1,30,2,3140.0,1324,35,3139.9,168,3,3140.7,203,4,3141.7,60,1,3141.8,118,2,3141.9,203,4,3142.0,78,3
2031,2026-06-16 14:46:16+05:30,3140.1,10,3134.73,3003138,122366.0,202796.0,3163.0,3163.0,3108.0,3134.3,31845800,3447.7,2820.9,3839.9,2896.0,3140.1,105,6,3140.0,1371,35,3139.9,89,3,3139.8,63,5,3139.7,36,2,3140.5,139,1,3140.6,45,1,3140.7,52,4,3141.7,60,1,3141.8,118,2
2031,2026-06-16 14:46:17+05:30,3140.1,10,3134.73,3003138,122366.0,202796.0,3163.0,3163.0,3108.0,3134.3,31845800,3447.7,2820.9,3839.9,2896.0,3140.1,105,6,3140.0,1371,35,3139.9,89,3,3139.8,63,5,3139.7,36,2,3140.5,139,1,3140.6,45,1,3140.7,52,4,3141.7,60,1,3141.8,118,2
2031,2026-06-16 14:46:17+05:30,3140.5,1,3134.73,3003139,122423.0,202508.0,3163.0,3163.0,3108.0,3134.3,31845800,3447.7,2820.9,3839.9,2896.0,3140.1,98,5,3140.0,1284,34,3139.9,89,3,3139.8,230,7,3139.7,36,2,3140.5,180,4,3140.6,45,1,3140.7,1,1,3141.7,60,1,3141.8,172,2
2031,2026-06-16 14:46:18+05:30,3140.5,3,3134.73,3003139,122423.0,202508.0,3163.0,3163.0,3108.0,3134.3,31845800,3447.7,2820.9,3839.9,2896.0,3140.1,98,5,3140.0,1284,34,3139.9,89,3,3139.8,230,7,3139.7,36,2,3140.5,180,4,3140.6,45,1,3140.7,1,1,3141.7,60,1,3141.8,172,2
2031,2026-06-16 14:46:18+05:30,3140.7,1,3134.73,3003510,124128.0,201773.0,3163.0,3163.0,3108.0,3134.3,31845800,3447.7,2820.9,3839.9,2896.0,3140.8,63,4,3140.7,105,5,3140.6,29,2,3140.5,76,6,3140.4,346,8,3141.9,55,1,3142.2,98,2,3142.3,200,1,3142.4,358,4,3142.5,299,4
2031,2026-06-16 14:46:19+05:30,3140.4,5,3134.73,3003510,124128.0,201773.0,3163.0,3163.0,3108.0,3134.3,31845800,3447.7,2820.9,3839.9,2896.0,3140.8,63,4,3140.7,105,5,3140.6,29,2,3140.5,76,6,3140.4,346,8,3141.9,55,1,3142.2,98,2,3142.3,200,1,3142.4,358,4,3142.5,299,4
2031,2026-06-16 14:46:19+05:30,3141.9,15,3134.73,3003826,123516.0,201728.0,3163.0,3163.0,3108.0,3134.3,31845800,3447.7,2820.9,3839.9,2896.0,3140.8,49,4,3140.7,68,2,3140.6,103,2,3140.4,154,8,3140.3,304,4,3141.9,39,1,3142.2,99,3,3142.3,200,1,3142.4,495,4,3142.5,298,3
2031,2026-06-16 14:46:20+05:30,3141.9,15,3134.73,3003826,123516.0,201728.0,3163.0,3163.0,3108.0,3134.3,31845800,3447.7,2820.9,3839.9,2896.0,3140.8,49,4,3140.7,68,2,3140.6,103,2,3140.4,154,8,3140.3,304,4,3141.9,39,1,3142.2,99,3,3142.3,200,1,3142.4,495,4,3142.5,298,3
2031,2026-06-16 14:46:20+05:30,3141.9,15,3134.73,3003826,123523.0,202386.0,3163.0,3163.0,3108.0,3134.3,31845800,3447.7,2820.9,3839.9,2896.0,3140.8,24,2,3140.7,69,2,3140.6,54,1,3140.5,21,1,3140.4,146,7,3141.9,48,2,3142.0,1,1,3142.1,63,1,3142.2,98,2,3142.3,98,1
2031,2026-06-16 14:46:21+05:30,3140.6,34,3134.73,3003977,123738.0,202105.0,3163.0,3163.0,3108.0,3134.3,31845800,3447.7,2820.9,3839.9,2896.0,3140.7,49,1,3140.6,127,4,3140.5,61,2,3140.4,88,5,3140.3,322,5,3141.9,124,3,3142.1,1,1,3142.2,98,2,3142.4,98,2,3142.5,347,4
2031,2026-06-16 14:46:22+05:30,3140.6,34,3134.73,3003977,123738.0,202105.0,3163.0,3163.0,3108.0,3134.3,31845800,3447.7,2820.9,3839.9,2896.0,3140.7,49,1,3140.6,127,4,3140.5,61,2,3140.4,88,5,3140.3,322,5,3141.9,124,3,3142.1,1,1,3142.2,98,2,3142.4,98,2,3142.5,347,4
2031,2026-06-16 14:46:22+05:30,3141.9,5,3134.73,3004030,124271.0,201590.0,3163.0,3163.0,3108.0,3134.3,31845800,3447.7,2820.9,3839.9,2896.0,3140.9,105,5,3140.8,115,4,3140.7,47,4,3140.6,13,1,3140.5,174,2,3141.9,119,3,3142.4,60,1,3142.5,334,3,3142.6,726,7,3142.7,57,2
2031,2026-06-16 14:46:23+05:30,3141.9,5,3134.73,3004030,124271.0,201590.0,3163.0,3163.0,3108.0,3134.3,31845800,3447.7,2820.9,3839.9,2896.0,3140.9,105,5,3140.8,115,4,3140.7,47,4,3140.6,13,1,3140.5,174,2,3141.9,119,3,3142.4,60,1,3142.5,334,3,3142.6,726,7,3142.7,57,2
2031,2026-06-16 14:46:23+05:30,3140.9,10,3134.73,3004040,124135.0,201982.0,3163.0,3163.0,3108.0,3134.3,31845800,3447.7,2820.9,3839.9,2896.0,3140.9,87,4,3140.8,102,3,3140.7,155,7,3140.6,13,1,3140.5,221,2,3141.9,119,3,3142.4,60,1,3142.5,334,3,3142.6,726,7,3142.7,57,2
2031,2026-06-16 14:46:24+05:30,3140.9,10,3134.73,3004040,124135.0,201982.0,3163.0,3163.0,3108.0,3134.3,31845800,3447.7,2820.9,3839.9,2896.0,3140.9,87,4,3140.8,102,3,3140.7,155,7,3140.6,13,1,3140.5,221,2,3141.9,119,3,3142.4,60,1,3142.5,334,3,3142.6,726,7,3142.7,57,2
2031,2026-06-16 14:46:24+05:30,3141.1,25,3134.73,3004066,124320.0,201831.0,3163.0,3163.0,3108.0,3134.3,31845800,3447.7,2820.9,3839.9,2896.0,3141.1,17,1,3141.0,64,4,3140.9,83,4,3140.8,18,1,3140.7,160,6,3141.9,120,4,3142.4,60,1,3142.5,335,4,3142.6,705,5,3142.7,57,2
2031,2026-06-16 14:46:25+05:30,3141.1,25,3134.73,3004066,124320.0,201831.0,3163.0,3163.0,3108.0,3134.3,31845800,3447.7,2820.9,3839.9,2896.0,3141.1,17,1,3141.0,64,4,3140.9,83,4,3140.8,18,1,3140.7,160,6,3141.9,120,4,3142.4,60,1,3142.5,335,4,3142.6,705,5,3142.7,57,2
2031,2026-06-16 14:46:25+05:30,3141.1,25,3134.73,3004066,124406.0,202381.0,3163.0,3163.0,3108.0,3134.3,31845800,3447.7,2820.9,3839.9,2896.0,3141.2,15,1,3141.0,264,5,3140.9,83,4,3140.8,18,1,3140.7,160,6,3141.9,145,5,3142.4,60,1,3142.5,335,4,3142.6,766,6,3142.7,57,2
2031,2026-06-16 14:46:26+05:30,3141.1,25,3134.73,3004066,124334.0,200835.0,3163.0,3163.0,3108.0,3134.3,31845800,3447.7,2820.9,3839.9,2896.0,3141.2,15,1,3141.0,247,4,3140.9,48,3,3140.8,18,1,3140.7,173,6,3141.4,1,1,3141.9,145,5,3142.4,161,2,3142.5,334,3,3142.6,786,7
2031,2026-06-16 14:46:27+05:30,3141.2,100,3134.73,3004167,124296.0,201590.0,3163.0,3163.0,3108.0,3134.3,31845800,3447.7,2820.9,3839.9,2896.0,3141.2,15,1,3141.0,235,3,3140.9,9,2,3140.8,26,2,3140.7,208,6,3141.3,12,1,3141.4,1,1,3141.9,145,5,3142.4,173,3,3142.5,931,6
2031,2026-06-16 14:46:28+05:30,3141.2,20,3134.73,3004167,124296.0,201590.0,3163.0,3163.0,3108.0,3134.3,31845800,3447.7,2820.9,3839.9,2896.0,3141.2,15,1,3141.0,235,3,3140.9,9,2,3140.8,26,2,3140.7,208,6,3141.3,12,1,3141.4,1,1,3141.9,145,5,3142.4,173,3,3142.5,931,6
2031,2026-06-16 14:46:28+05:30,3141.3,6,3134.73,3004217,124368.0,201864.0,3163.0,3163.0,3108.0,3134.3,31845800,3447.7,2820.9,3839.9,2896.0,3141.2,15,1,3141.0,217,2,3140.9,1,1,3140.8,24,2,3140.7,268,7,3141.3,2,1,3141.4,1,1,3141.9,120,4,3142.4,173,3,3142.5,931,6
2031,2026-06-16 14:46:29+05:30,3141.3,6,3134.73,3004217,124368.0,201864.0,3163.0,3163.0,3108.0,3134.3,31845800,3447.7,2820.9,3839.9,2896.0,3141.2,15,1,3141.0,217,2,3140.9,1,1,3140.8,24,2,3140.7,268,7,3141.3,2,1,3141.4,1,1,3141.9,120,4,3142.4,173,3,3142.5,931,6
2031,2026-06-16 14:46:29+05:30,3141.9,8,3134.73,3004236,124722.0,201166.0,3163.0,3163.0,3108.0,3134.3,31845800,3447.7,2820.9,3839.9,2896.0,3141.5,1,1,3141.3,15,1,3141.2,15,1,3141.1,5,1,3141.0,200,1,3141.8,13,1,3141.9,112,4,3142.4,3,1,3142.5,250,3,3142.6,866,7
2031,2026-06-16 14:46:30+05:30,3141.5,13,3134.73,3004236,124722.0,201166.0,3163.0,3163.0,3108.0,3134.3,31845800,3447.7,2820.9,3839.9,2896.0,3141.5,1,1,3141.3,15,1,3141.2,15,1,3141.1,5,1,3141.0,200,1,3141.8,13,1,3141.9,112,4,3142.4,3,1,3142.5,250,3,3142.6,866,7
2031,2026-06-16 14:46:30+05:30,3141.7,1,3134.73,3004329,124593.0,200851.0,3163.0,3163.0,3108.0,3134.3,31845800,3447.7,2820.9,3839.9,2896.0,3141.6,5,1,3141.5,7,2,3141.3,18,1,3141.2,15,1,3141.1,21,1,3141.8,9,1,3141.9,72,2,3142.5,249,2,3142.6,705,5,3142.7,55,2
2031,2026-06-16 14:46:31+05:30,3141.7,1,3134.73,3004329,124593.0,200851.0,3163.0,3163.0,3108.0,3134.3,31845800,3447.7,2820.9,3839.9,2896.0,3141.6,5,1,3141.5,7,2,3141.3,18,1,3141.2,15,1,3141.1,21,1,3141.8,9,1,3141.9,72,2,3142.5,249,2,3142.6,705,5,3142.7,55,2
2031,2026-06-16 14:46:31+05:30,3141.4,2,3134.73,3004472,124130.0,201009.0,3163.0,3163.0,3108.0,3134.3,31845800,3447.7,2820.9,3839.9,2896.0,3141.4,15,1,3141.2,15,1,3141.0,200,1,3140.9,22,2,3140.8,8,1,3141.5,148,1,3141.9,2,1,3142.4,3,1,3142.5,367,4,3142.6,798,6
2031,2026-06-16 14:46:32+05:30,3141.5,148,3134.73,3004472,124130.0,201009.0,3163.0,3163.0,3108.0,3134.3,31845800,3447.7,2820.9,3839.9,2896.0,3141.4,15,1,3141.2,15,1,3141.0,200,1,3140.9,22,2,3140.8,8,1,3141.5,148,1,3141.9,2,1,3142.4,3,1,3142.5,367,4,3142.6,798,6
2031,2026-06-16 14:46:32+05:30,3141.5,13,3134.73,3004664,124604.0,201670.0,3163.0,3163.0,3108.0,3134.3,31845800,3447.7,2820.9,3839.9,2896.0,3141.5,3,1,3141.2,15,1,3141.0,200,1,3140.9,67,3,3140.7,94,4,3141.6,20,2,3141.9,2,1,3142.2,39,2,3142.3,61,1,3142.4,98,2
2031,2026-06-16 14:46:33+05:30,3141.5,3,3134.73,3004664,124604.0,201670.0,3163.0,3163.0,3108.0,3134.3,31845800,3447.7,2820.9,3839.9,2896.0,3141.5,3,1,3141.2,15,1,3141.0,200,1,3140.9,67,3,3140.7,94,4,3141.6,20,2,3141.9,2,1,3142.2,39,2,3142.3,61,1,3142.4,98,2
2031,2026-06-16 14:46:33+05:30,3141.6,17,3134.73,3004714,124850.0,200778.0,3163.0,3163.0,3108.0,3134.3,31845800,3447.7,2820.9,3839.9,2896.0,3141.5,200,1,3141.2,61,5,3141.1,26,2,3141.0,265,3,3140.9,89,5,3141.6,4,1,3141.9,2,1,3142.4,59,1,3142.5,257,2,3142.6,705,5
2031,2026-06-16 14:46:34+05:30,3141.6,17,3134.73,3004714,124850.0,200778.0,3163.0,3163.0,3108.0,3134.3,31845800,3447.7,2820.9,3839.9,2896.0,3141.5,200,1,3141.2,61,5,3141.1,26,2,3141.0,265,3,3140.9,89,5,3141.6,4,1,3141.9,2,1,3142.4,59,1,3142.5,257,2,3142.6,705,5
2031,2026-06-16 14:46:34+05:30,3141.6,3,3134.74,3004794,125120.0,201074.0,3163.0,3163.0,3108.0,3134.3,31845800,3447.7,2820.9,3839.9,2896.0,3141.6,48,2,3141.5,135,3,3141.2,32,3,3141.1,36,3,3141.0,296,3,3141.9,15,2,3142.4,99,2,3142.5,257,2,3142.6,705,5,3142.7,1,1
2031,2026-06-16 14:46:35+05:30,3141.8,1,3134.74,3004794,125120.0,201074.0,3163.0,3163.0,3108.0,3134.3,31845800,3447.7,2820.9,3839.9,2896.0,3141.6,48,2,3141.5,135,3,3141.2,32,3,3141.1,36,3,3141.0,296,3,3141.9,15,2,3142.4,99,2,3142.5,257,2,3142.6,705,5,3142.7,1,1
2031,2026-06-16 14:46:35+05:30,3141.6,26,3134.74,3004821,125371.0,201166.0,3163.0,3163.0,3108.0,3134.3,31845800,3447.7,2820.9,3839.9,2896.0,3141.6,22,2,3141.5,135,3,3141.2,32,3,3141.1,20,1,3141.0,220,3,3141.7,25,1,3141.9,8,2,3142.0,122,2,3142.1,38,1,3142.3,636,5
2031,2026-06-16 14:46:36+05:30,3141.6,26,3134.74,3004821,125371.0,201166.0,3163.0,3163.0,3108.0,3134.3,31845800,3447.7,2820.9,3839.9,2896.0,3141.6,22,2,3141.5,135,3,3141.2,32,3,3141.1,20,1,3141.0,220,3,3141.7,25,1,3141.9,8,2,3142.0,122,2,3142.1,38,1,3142.3,636,5
2031,2026-06-16 14:46:36+05:30,3141.6,11,3134.74,3004832,125519.0,201054.0,3163.0,3163.0,3108.0,3134.3,31845800,3447.7,2820.9,3839.9,2896.0,3141.6,11,2,3141.5,135,3,3141.4,16,1,3141.2,27,3,3141.1,20,1,3141.7,37,2,3141.9,8,2,3142.0,122,2,3142.1,38,1,3142.3,636,5
2031,2026-06-16 14:46:37+05:30,3141.6,5,3134.74,3004832,125519.0,201054.0,3163.0,3163.0,3108.0,3134.3,31845800,3447.7,2820.9,3839.9,2896.0,3141.6,11,2,3141.5,135,3,3141.4,16,1,3141.2,27,3,3141.1,20,1,3141.7,37,2,3141.9,8,2,3142.0,122,2,3142.1,38,1,3142.3,636,5
2031,2026-06-16 14:46:37+05:30,3141.6,5,3134.74,3004832,125519.0,201054.0,3163.0,3163.0,3108.0,3134.3,31845800,3447.7,2820.9,3839.9,2896.0,3141.6,11,2,3141.5,135,3,3141.4,16,1,3141.2,27,3,3141.1,20,1,3141.7,37,2,3141.9,8,2,3142.0,122,2,3142.1,38,1,3142.3,636,5
2031,2026-06-16 14:46:37+05:30,3141.6,25,3134.74,3004875,125448.0,201148.0,3163.0,3163.0,3108.0,3134.3,31845800,3447.7,2820.9,3839.9,2896.0,3141.6,18,1,3141.5,134,3,3141.2,26,2,3141.0,200,1,3140.9,23,2,3141.7,95,2,3141.9,8,2,3142.0,180,3,3142.1,28,1,3142.3,636,5
2031,2026-06-16 14:46:38+05:30,3141.6,25,3134.74,3004875,125448.0,201148.0,3163.0,3163.0,3108.0,3134.3,31845800,3447.7,2820.9,3839.9,2896.0,3141.6,18,1,3141.5,134,3,3141.2,26,2,3141.0,200,1,3140.9,23,2,3141.7,95,2,3141.9,8,2,3142.0,180,3,3142.1,28,1,3142.3,636,5
2031,2026-06-16 14:46:38+05:30,3141.6,13,3134.74,3004924,125507.0,201231.0,3163.0,3163.0,3108.0,3134.3,31845800,3447.7,2820.9,3839.9,2896.0,3141.6,10,1,3141.5,139,3,3141.4,13,1,3141.2,26,2,3141.0,200,1,3141.7,81,2,3141.9,2,1,3142.0,100,1,3142.3,693,6,3142.4,248,4
2031,2026-06-16 14:46:39+05:30,3141.5,38,3134.74,3004924,125507.0,201231.0,3163.0,3163.0,3108.0,3134.3,31845800,3447.7,2820.9,3839.9,2896.0,3141.6,10,1,3141.5,139,3,3141.4,13,1,3141.2,26,2,3141.0,200,1,3141.7,81,2,3141.9,2,1,3142.0,100,1,3142.3,693,6,3142.4,248,4
2031,2026-06-16 14:46:39+05:30,3141.5,38,3134.74,3004924,125507.0,201231.0,3163.0,3163.0,3108.0,3134.3,31845800,3447.7,2820.9,3839.9,2896.0,3141.6,10,1,3141.5,139,3,3141.4,13,1,3141.2,26,2,3141.0,200,1,3141.7,81,2,3141.9,2,1,3142.0,100,1,3142.3,693,6,3142.4,248,4
2031,2026-06-16 14:46:39+05:30,3141.5,38,3134.74,3004972,125672.0,201225.0,3163.0,3163.0,3108.0,3134.3,31845800,3447.7,2820.9,3839.9,2896.0,3141.6,5,1,3141.5,116,4,3141.4,13,1,3141.2,11,1,3141.0,200,1,3141.7,81,2,3141.9,2,1,3142.0,128,2,3142.3,693,6,3142.4,248,4
2031,2026-06-16 14:46:40+05:30,3141.6,5,3134.74,3004972,125672.0,201225.0,3163.0,3163.0,3108.0,3134.3,31845800,3447.7,2820.9,3839.9,2896.0,3141.6,5,1,3141.5,116,4,3141.4,13,1,3141.2,11,1,3141.0,200,1,3141.7,81,2,3141.9,2,1,3142.0,128,2,3142.3,693,6,3142.4,248,4
2031,2026-06-16 14:46:40+05:30,3141.7,1,3134.74,3004985,125711.0,201178.0,3163.0,3163.0,3108.0,3134.3,31845800,3447.7,2820.9,3839.9,2896.0,3141.6,15,1,3141.5,113,4,3141.3,15,1,3141.0,200,1,3140.9,22,1,3141.7,105,3,3141.9,2,1,3142.0,100,1,3142.2,1,1,3142.3,635,4
2031,2026-06-16 14:46:41+05:30,3141.7,1,3134.74,3004985,125711.0,201178.0,3163.0,3163.0,3108.0,3134.3,31845800,3447.7,2820.9,3839.9,2896.0,3141.6,15,1,3141.5,113,4,3141.3,15,1,3141.0,200,1,3140.9,22,1,3141.7,105,3,3141.9,2,1,3142.0,100,1,3142.2,1,1,3142.3,635,4
2031,2026-06-16 14:46:41+05:30,3141.7,1,3134.74,3004985,125711.0,201178.0,3163.0,3163.0,3108.0,3134.3,31845800,3447.7,2820.9,3839.9,2896.0,3141.6,15,1,3141.5,113,4,3141.3,15,1,3141.0,200,1,3140.9,22,1,3141.7,105,3,3141.9,2,1,3142.0,100,1,3142.2,1,1,3142.3,635,4
2031,2026-06-16 14:46:41+05:30,3141.6,1,3134.74,3005001,125658.0,201316.0,3163.0,3163.0,3108.0,3134.3,31845800,3447.7,2820.9,3839.9,2896.0,3141.6,17,1,3141.5,127,5,3141.0,200,1,3140.9,22,1,3140.8,38,2,3141.7,134,5,3141.9,1,1,3142.0,102,2,3142.1,28,1,3142.2,85,3
2031,2026-06-16 14:46:42+05:30,3141.6,1,3134.74,3005001,125658.0,201316.0,3163.0,3163.0,3108.0,3134.3,31845800,3447.7,2820.9,3839.9,2896.0,3141.6,17,1,3141.5,127,5,3141.0,200,1,3140.9,22,1,3140.8,38,2,3141.7,134,5,3141.9,1,1,3142.0,102,2,3142.1,28,1,3142.2,85,3
2031,2026-06-16 14:46:42+05:30,3141.6,1,3134.74,3005001,125737.0,201032.0,3163.0,3163.0,3108.0,3134.3,31845800,3447.7,2820.9,3839.9,2896.0,3141.6,17,1,3141.5,127,5,3141.0,200,1,3140.9,22,1,3140.8,38,2,3141.7,134,5,3141.9,1,1,3142.0,102,2,3142.2,2,2,3142.3,634,4
2031,2026-06-16 14:46:43+05:30,3141.6,1,3134.74,3005001,125737.0,201032.0,3163.0,3163.0,3108.0,3134.3,31845800,3447.7,2820.9,3839.9,2896.0,3141.6,17,1,3141.5,127,5,3141.0,200,1,3140.9,22,1,3140.8,38,2,3141.7,134,5,3141.9,1,1,3142.0,102,2,3142.2,2,2,3142.3,634,4
2031,2026-06-16 14:46:43+05:30,3141.6,1,3134.74,3005001,125635.0,201128.0,3163.0,3163.0,3108.0,3134.3,31845800,3447.7,2820.9,3839.9,2896.0,3141.6,17,1,3141.5,127,5,3141.0,200,1,3140.9,22,1,3140.8,38,2,3141.7,148,6,3141.9,1,1,3142.0,102,2,3142.2,2,2,3142.3,634,4
2031,2026-06-16 14:46:44+05:30,3141.6,13,3134.74,3005001,125635.0,201128.0,3163.0,3163.0,3108.0,3134.3,31845800,3447.7,2820.9,3839.9,2896.0,3141.6,17,1,3141.5,127,5,3141.0,200,1,3140.9,22,1,3140.8,38,2,3141.7,148,6,3141.9,1,1,3142.0,102,2,3142.2,2,2,3142.3,634,4
2031,2026-06-16 14:46:44+05:30,3141.7,18,3134.74,3005173,126358.0,200925.0,3163.0,3163.0,3108.0,3134.3,31845800,3447.7,2820.9,3839.9,2896.0,3141.6,518,2,3141.5,127,5,3141.4,19,1,3141.2,27,2,3141.1,91,3,3141.7,4,1,3141.9,8,2,3142.0,102,2,3142.2,1,1,3142.4,696,5
2031,2026-06-16 14:46:45+05:30,3141.7,18,3134.74,3005173,126358.0,200925.0,3163.0,3163.0,3108.0,3134.3,31845800,3447.7,2820.9,3839.9,2896.0,3141.6,518,2,3141.5,127,5,3141.4,19,1,3141.2,27,2,3141.1,91,3,3141.7,4,1,3141.9,8,2,3142.0,102,2,3142.2,1,1,3142.4,696,5
2031,2026-06-16 14:46:45+05:30,3141.7,1,3134.74,3005180,126301.0,200765.0,3163.0,3163.0,3108.0,3134.3,31845800,3447.7,2820.9,3839.9,2896.0,3141.6,534,4,3141.5,113,4,3141.4,38,2,3141.3,7,1,3141.2,68,3,3141.7,19,1,3141.9,8,2,3142.0,102,2,3142.2,1,1,3142.4,696,5
2031,2026-06-16 14:46:45+05:30,3141.7,1,3134.74,3005180,126301.0,200765.0,3163.0,3163.0,3108.0,3134.3,31845800,3447.7,2820.9,3839.9,2896.0,3141.6,534,4,3141.5,113,4,3141.4,38,2,3141.3,7,1,3141.2,68,3,3141.7,19,1,3141.9,8,2,3142.0,102,2,3142.2,1,1,3142.4,696,5
2031,2026-06-16 14:46:46+05:30,3141.6,12,3134.74,3005180,126301.0,200765.0,3163.0,3163.0,3108.0,3134.3,31845800,3447.7,2820.9,3839.9,2896.0,3141.6,534,4,3141.5,113,4,3141.4,38,2,3141.3,7,1,3141.2,68,3,3141.7,19,1,3141.9,8,2,3142.0,102,2,3142.2,1,1,3142.4,696,5
2031,2026-06-16 14:46:46+05:30,3141.6,48,3134.74,3005452,126078.0,200647.0,3163.0,3163.0,3108.0,3134.3,31845800,3447.7,2820.9,3839.9,2896.0,3141.6,262,4,3141.5,113,4,3141.4,38,2,3141.2,10,2,3141.1,91,3,3141.7,19,1,3141.9,8,2,3142.0,102,2,3142.2,1,1,3142.4,696,5
2031,2026-06-16 14:46:47+05:30,3141.6,48,3134.74,3005452,126078.0,200647.0,3163.0,3163.0,3108.0,3134.3,31845800,3447.7,2820.9,3839.9,2896.0,3141.6,262,4,3141.5,113,4,3141.4,38,2,3141.2,10,2,3141.1,91,3,3141.7,19,1,3141.9,8,2,3142.0,102,2,3142.2,1,1,3142.4,696,5
2031,2026-06-16 14:46:47+05:30,3141.6,48,3134.74,3005452,126078.0,200647.0,3163.0,3163.0,3108.0,3134.3,31845800,3447.7,2820.9,3839.9,2896.0,3141.6,262,4,3141.5,113,4,3141.4,38,2,3141.2,10,2,3141.1,91,3,3141.7,19,1,3141.9,8,2,3142.0,102,2,3142.2,1,1,3142.4,696,5
2031,2026-06-16 14:46:47+05:30,3141.7,1,3134.74,3005454,126085.0,198856.0,3163.0,3163.0,3108.0,3134.3,31845800,3447.7,2820.9,3839.9,2896.0,3141.6,261,4,3141.5,113,4,3141.4,38,2,3141.2,10,2,3141.1,31,2,3141.7,24,2,3141.9,8,2,3142.0,102,2,3142.2,1,1,3142.4,696,5
2031,2026-06-16 14:46:48+05:30,3141.7,49,3134.74,3005454,126085.0,198856.0,3163.0,3163.0,3108.0,3134.3,31845800,3447.7,2820.9,3839.9,2896.0,3141.6,261,4,3141.5,113,4,3141.4,38,2,3141.2,10,2,3141.1,31,2,3141.7,24,2,3141.9,8,2,3142.0,102,2,3142.2,1,1,3142.4,696,5
2031,2026-06-16 14:46:48+05:30,3141.7,49,3134.74,3005551,126133.0,199084.0,3163.0,3163.0,3108.0,3134.3,31845800,3447.7,2820.9,3839.9,2896.0,3141.6,258,4,3141.5,113,4,3141.2,8,1,3141.1,21,1,3141.0,210,2,3141.9,8,2,3142.0,102,2,3142.2,1,1,3142.4,696,5,3142.5,343,5
2031,2026-06-16 14:46:49+05:30,3141.7,49,3134.74,3005551,126133.0,199084.0,3163.0,3163.0,3108.0,3134.3,31845800,3447.7,2820.9,3839.9,2896.0,3141.6,258,4,3141.5,113,4,3141.2,8,1,3141.1,21,1,3141.0,210,2,3141.9,8,2,3142.0,102,2,3142.2,1,1,3142.4,696,5,3142.5,343,5
2031,2026-06-16 14:46:49+05:30,3141.5,112,3134.74,3006294,124856.0,203189.0,3163.0,3163.0,3108.0,3134.3,31845800,3447.7,2820.9,3839.9,2896.0,3141.0,200,1,3140.5,21,1,3140.3,39,3,3140.2,69,4,3140.1,60,4,3141.3,19,1,3141.4,13,1,3141.5,1,1,3141.6,1000,5,3141.7,75,2
2031,2026-06-16 14:46:49+05:30,3141.5,112,3134.74,3006294,124856.0,203189.0,3163.0,3163.0,3108.0,3134.3,31845800,3447.7,2820.9,3839.9,2896.0,3141.0,200,1,3140.5,21,1,3140.3,39,3,3140.2,69,4,3140.1,60,4,3141.3,19,1,3141.4,13,1,3141.5,1,1,3141.6,1000,5,3141.7,75,2
2031,2026-06-16 14:46:50+05:30,3141.5,112,3134.74,3006294,124856.0,203189.0,3163.0,3163.0,3108.0,3134.3,31845800,3447.7,2820.9,3839.9,2896.0,3141.0,200,1,3140.5,21,1,3140.3,39,3,3140.2,69,4,3140.1,60,4,3141.3,19,1,3141.4,13,1,3141.5,1,1,3141.6,1000,5,3141.7,75,2
2031,2026-06-16 14:46:50+05:30,3141.5,112,3134.74,3006294,124856.0,203189.0,3163.0,3163.0,3108.0,3134.3,31845800,3447.7,2820.9,3839.9,2896.0,3141.0,200,1,3140.5,21,1,3140.3,39,3,3140.2,69,4,3140.1,60,4,3141.3,19,1,3141.4,13,1,3141.5,1,1,3141.6,1000,5,3141.7,75,2
2031,2026-06-16 14:46:50+05:30,3141.0,200,3134.74,3006494,123838.0,203342.0,3163.0,3163.0,3108.0,3134.3,31845800,3447.7,2820.9,3839.9,2896.0,3140.3,13,1,3140.2,49,2,3140.1,40,2,3140.0,1012,34,3139.9,105,3,3141.1,19,1,3141.2,13,1,3141.3,4,1,3141.4,38,1,3141.5,1,1
2031,2026-06-16 14:46:50+05:30,3141.0,200,3134.74,3006494,123838.0,203342.0,3163.0,3163.0,3108.0,3134.3,31845800,3447.7,2820.9,3839.9,2896.0,3140.3,13,1,3140.2,49,2,3140.1,40,2,3140.0,1012,34,3139.9,105,3,3141.1,19,1,3141.2,13,1,3141.3,4,1,3141.4,38,1,3141.5,1,1
2031,2026-06-16 14:46:51+05:30,3141.1,1,3134.74,3006494,123838.0,203342.0,3163.0,3163.0,3108.0,3134.3,31845800,3447.7,2820.9,3839.9,2896.0,3140.3,13,1,3140.2,49,2,3140.1,40,2,3140.0,1012,34,3139.9,105,3,3141.1,19,1,3141.2,13,1,3141.3,4,1,3141.4,38,1,3141.5,1,1
2031,2026-06-16 14:46:51+05:30,3141.1,1,3134.74,3006494,123838.0,203342.0,3163.0,3163.0,3108.0,3134.3,31845800,3447.7,2820.9,3839.9,2896.0,3140.3,13,1,3140.2,49,2,3140.1,40,2,3140.0,1012,34,3139.9,105,3,3141.1,19,1,3141.2,13,1,3141.3,4,1,3141.4,38,1,3141.5,1,1
2031,2026-06-16 14:46:51+05:30,3141.1,11,3134.74,3006506,124229.0,203060.0,3163.0,3163.0,3108.0,3134.3,31845800,3447.7,2820.9,3839.9,2896.0,3140.3,13,1,3140.2,36,1,3140.1,40,2,3140.0,1222,36,3139.9,105,3,3140.9,7,1,3141.0,26,1,3141.3,4,1,3141.6,838,5,3141.7,151,3
2031,2026-06-16 14:46:52+05:30,3141.1,11,3134.74,3006506,124229.0,203060.0,3163.0,3163.0,3108.0,3134.3,31845800,3447.7,2820.9,3839.9,2896.0,3140.3,13,1,3140.2,36,1,3140.1,40,2,3140.0,1222,36,3139.9,105,3,3140.9,7,1,3141.0,26,1,3141.3,4,1,3141.6,838,5,3141.7,151,3
2031,2026-06-16 14:46:52+05:30,3141.1,11,3134.74,3006506,124229.0,203060.0,3163.0,3163.0,3108.0,3134.3,31845800,3447.7,2820.9,3839.9,2896.0,3140.3,13,1,3140.2,36,1,3140.1,40,2,3140.0,1222,36,3139.9,105,3,3140.9,7,1,3141.0,26,1,3141.3,4,1,3141.6,838,5,3141.7,151,3
2031,2026-06-16 14:46:52+05:30,3141.1,11,3134.74,3006506,124331.0,203165.0,3163.0,3163.0,3108.0,3134.3,31845800,3447.7,2820.9,3839.9,2896.0,3140.3,63,2,3140.2,36,1,3140.1,40,2,3140.0,1222,36,3139.9,20,1,3140.9,7,1,3141.0,26,1,3141.2,16,1,3141.3,4,1,3141.5,66,2
2031,2026-06-16 14:46:53+05:30,3141.1,11,3134.74,3006506,124331.0,203165.0,3163.0,3163.0,3108.0,3134.3,31845800,3447.7,2820.9,3839.9,2896.0,3140.3,63,2,3140.2,36,1,3140.1,40,2,3140.0,1222,36,3139.9,20,1,3140.9,7,1,3141.0,26,1,3141.2,16,1,3141.3,4,1,3141.5,66,2
2031,2026-06-16 14:46:53+05:30,3140.0,86,3134.74,3007044,122728.0,203414.0,3163.0,3163.0,3108.0,3134.3,31845800,3447.7,2820.9,3839.9,2896.0,3140.0,780,18,3139.6,10,1,3139.5,94,3,3139.4,34,2,3139.3,246,3,3140.1,207,2,3140.2,8,1,3140.7,10,1,3140.8,26,2,3140.9,42,2
2031,2026-06-16 14:46:54+05:30,3140.1,1,3134.74,3007044,122728.0,203414.0,3163.0,3163.0,3108.0,3134.3,31845800,3447.7,2820.9,3839.9,2896.0,3140.0,780,18,3139.6,10,1,3139.5,94,3,3139.4,34,2,3139.3,246,3,3140.1,207,2,3140.2,8,1,3140.7,10,1,3140.8,26,2,3140.9,42,2
2031,2026-06-16 14:46:54+05:30,3140.1,1,3134.74,3007044,122728.0,203414.0,3163.0,3163.0,3108.0,3134.3,31845800,3447.7,2820.9,3839.9,2896.0,3140.0,780,18,3139.6,10,1,3139.5,94,3,3139.4,34,2,3139.3,246,3,3140.1,207,2,3140.2,8,1,3140.7,10,1,3140.8,26,2,3140.9,42,2
2031,2026-06-16 14:46:54+05:30,3140.1,1,3134.74,3007067,122944.0,203323.0,3163.0,3163.0,3108.0,3134.3,31845800,3447.7,2820.9,3839.9,2896.0,3140.0,774,17,3139.6,10,1,3139.5,113,4,3139.4,34,2,3139.3,246,3,3140.1,205,2,3140.7,10,1,3140.8,26,2,3140.9,4,1,3141.2,101,3
2031,2026-06-16 14:46:54+05:30,3140.1,1,3134.74,3007067,122944.0,203323.0,3163.0,3163.0,3108.0,3134.3,31845800,3447.7,2820.9,3839.9,2896.0,3140.0,774,17,3139.6,10,1,3139.5,113,4,3139.4,34,2,3139.3,246,3,3140.1,205,2,3140.7,10,1,3140.8,26,2,3140.9,4,1,3141.2,101,3
2031,2026-06-16 14:46:55+05:30,3140.1,1,3134.74,3007067,122944.0,203323.0,3163.0,3163.0,3108.0,3134.3,31845800,3447.7,2820.9,3839.9,2896.0,3140.0,774,17,3139.6,10,1,3139.5,113,4,3139.4,34,2,3139.3,246,3,3140.1,205,2,3140.7,10,1,3140.8,26,2,3140.9,4,1,3141.2,101,3
2031,2026-06-16 14:46:55+05:30,3140.1,1,3134.74,3007067,122944.0,203323.0,3163.0,3163.0,3108.0,3134.3,31845800,3447.7,2820.9,3839.9,2896.0,3140.0,774,17,3139.6,10,1,3139.5,113,4,3139.4,34,2,3139.3,246,3,3140.1,205,2,3140.7,10,1,3140.8,26,2,3140.9,4,1,3141.2,101,3
2031,2026-06-16 14:46:55+05:30,3140.0,8,3134.74,3007097,123017.0,203508.0,3163.0,3163.0,3108.0,3134.3,31845800,3447.7,2820.9,3839.9,2896.0,3140.0,744,14,3139.5,94,3,3139.4,25,2,3139.3,73,4,3139.2,79,2,3140.1,210,3,3140.7,10,1,3140.8,26,2,3141.2,752,7,3141.3,1,1
2031,2026-06-16 14:46:56+05:30,3140.0,13,3134.74,3007097,123017.0,203508.0,3163.0,3163.0,3108.0,3134.3,31845800,3447.7,2820.9,3839.9,2896.0,3140.0,744,14,3139.5,94,3,3139.4,25,2,3139.3,73,4,3139.2,79,2,3140.1,210,3,3140.7,10,1,3140.8,26,2,3141.2,752,7,3141.3,1,1
2031,2026-06-16 14:46:56+05:30,3140.0,13,3134.74,3007097,123017.0,203508.0,3163.0,3163.0,3108.0,3134.3,31845800,3447.7,2820.9,3839.9,2896.0,3140.0,744,14,3139.5,94,3,3139.4,25,2,3139.3,73,4,3139.2,79,2,3140.1,210,3,3140.7,10,1,3140.8,26,2,3141.2,752,7,3141.3,1,1
2031,2026-06-16 14:46:56+05:30,3139.1,15,3134.74,3008008,122144.0,203449.0,3163.0,3163.0,3108.0,3134.3,31845800,3447.7,2820.9,3839.9,2896.0,3139.1,17,1,3139.0,650,3,3138.8,269,3,3138.7,22,1,3138.6,142,6,3139.3,172,1,3139.4,12,1,3139.6,1,1,3140.1,35,2,3140.3,3,1
2031,2026-06-16 14:46:57+05:30,3139.0,1,3134.74,3008008,122144.0,203449.0,3163.0,3163.0,3108.0,3134.3,31845800,3447.7,2820.9,3839.9,2896.0,3139.1,17,1,3139.0,650,3,3138.8,269,3,3138.7,22,1,3138.6,142,6,3139.3,172,1,3139.4,12,1,3139.6,1,1,3140.1,35,2,3140.3,3,1
2031,2026-06-16 14:46:57+05:30,3139.0,1,3134.74,3008008,122144.0,203449.0,3163.0,3163.0,3108.0,3134.3,31846600,3447.7,2820.9,3839.9,2896.0,3139.1,17,1,3139.0,650,3,3138.8,269,3,3138.7,22,1,3138.6,142,6,3139.3,172,1,3139.4,12,1,3139.6,1,1,3140.1,35,2,3140.3,3,1
2031,2026-06-16 14:46:57+05:30,3139.0,100,3134.74,3008372,121076.0,203610.0,3163.0,3163.0,3108.0,3134.3,31846600,3447.7,2820.9,3839.9,2896.0,3139.0,306,3,3138.8,209,2,3138.5,20,1,3138.4,86,2,3138.3,91,5,3139.1,181,2,3139.3,9,1,3139.6,1,1,3139.9,16,1,3140.0,3,1
2031,2026-06-16 14:46:58+05:30,3139.0,100,3134.74,3008372,121076.0,203610.0,3163.0,3163.0,3108.0,3134.3,31846600,3447.7,2820.9,3839.9,2896.0,3139.0,306,3,3138.8,209,2,3138.5,20,1,3138.4,86,2,3138.3,91,5,3139.1,181,2,3139.3,9,1,3139.6,1,1,3139.9,16,1,3140.0,3,1
2031,2026-06-16 14:46:58+05:30,3139.0,43,3134.74,3008440,121390.0,203540.0,3163.0,3163.0,3108.0,3134.3,31846600,3447.7,2820.9,3839.9,2896.0,3139.0,263,3,3138.8,209,2,3138.7,38,2,3138.5,20,1,3138.4,105,3,3139.1,265,4,3139.3,9,1,3139.6,1,1,3139.9,16,1,3140.0,3,1
2031,2026-06-16 14:46:59+05:30,3139.0,43,3134.74,3008440,121390.0,203540.0,3163.0,3163.0,3108.0,3134.3,31846600,3447.7,2820.9,3839.9,2896.0,3139.0,263,3,3138.8,209,2,3138.7,38,2,3138.5,20,1,3138.4,105,3,3139.1,265,4,3139.3,9,1,3139.6,1,1,3139.9,16,1,3140.0,3,1
2031,2026-06-16 14:47:00+05:30,3139.1,17,3134.74,3008470,121158.0,203626.0,3163.0,3163.0,3108.0,3134.3,31846600,3447.7,2820.9,3839.9,2896.0,3139.0,256,3,3138.8,209,2,3138.5,20,1,3138.4,19,1,3138.3,91,5,3139.1,263,6,3139.6,1,1,3139.9,673,5,3140.0,4,2,3140.1,298,3
2031,2026-06-16 14:47:00+05:30,3139.1,17,3134.74,3008470,121158.0,203626.0,3163.0,3163.0,3108.0,3134.3,31846600,3447.7,2820.9,3839.9,2896.0,3139.0,256,3,3138.8,209,2,3138.5,20,1,3138.4,19,1,3138.3,91,5,3139.1,263,6,3139.6,1,1,3139.9,673,5,3140.0,4,2,3140.1,298,3
2031,2026-06-16 14:47:01+05:30,3139.1,2,3134.74,3008475,121632.0,203251.0,3163.0,3163.0,3108.0,3134.3,31846600,3447.7,2820.9,3839.9,2896.0,3139.0,257,4,3138.9,38,2,3138.8,209,2,3138.7,14,2,3138.6,38,2,3139.1,259,7,3139.6,1,1,3139.9,16,1,3140.0,3,1,3140.1,60,1
2031,2026-06-16 14:47:01+05:30,3139.1,2,3134.74,3008475,121632.0,203251.0,3163.0,3163.0,3108.0,3134.3,31846600,3447.7,2820.9,3839.9,2896.0,3139.0,257,4,3138.9,38,2,3138.8,209,2,3138.7,14,2,3138.6,38,2,3139.1,259,7,3139.6,1,1,3139.9,16,1,3140.0,3,1,3140.1,60,1
2031,2026-06-16 14:47:02+05:30,3139.1,1,3134.74,3008490,121695.0,203096.0,3163.0,3163.0,3108.0,3134.3,31846600,3447.7,2820.9,3839.9,2896.0,3139.0,243,4,3138.9,53,3,3138.8,209,2,3138.7,7,1,3138.6,38,2,3139.1,258,7,3140.0,8,2,3140.1,60,1,3140.3,16,1,3140.4,84,3
2031,2026-06-16 14:47:02+05:30,3139.1,1,3134.74,3008490,121695.0,203096.0,3163.0,3163.0,3108.0,3134.3,31846600,3447.7,2820.9,3839.9,2896.0,3139.0,243,4,3138.9,53,3,3138.8,209,2,3138.7,7,1,3138.6,38,2,3139.1,258,7,3140.0,8,2,3140.1,60,1,3140.3,16,1,3140.4,84,3
2031,2026-06-16 14:47:03+05:30,3139.5,1,3134.74,3008490,121695.0,203096.0,3163.0,3163.0,3108.0,3134.3,31846600,3447.7,2820.9,3839.9,2896.0,3139.0,243,4,3138.9,53,3,3138.8,209,2,3138.7,7,1,3138.6,38,2,3139.1,258,7,3140.0,8,2,3140.1,60,1,3140.3,16,1,3140.4,84,3
2031,2026-06-16 14:47:03+05:30,3139.5,1,3134.74,3008837,123867.0,202491.0,3163.0,3163.0,3108.0,3134.3,31846600,3447.7,2820.9,3839.9,2896.0,3139.6,14,1,3139.5,31,4,3139.4,44,4,3139.3,39,3,3139.2,261,6,3140.0,5,1,3140.5,597,3,3140.7,337,3,3140.8,200,1,3140.9,498,6
2031,2026-06-16 14:47:04+05:30,3139.5,1,3134.74,3008837,123414.0,202870.0,3163.0,3163.0,3108.0,3134.3,31846600,3447.7,2820.9,3839.9,2896.0,3139.6,1,1,3139.5,45,5,3139.4,35,3,3139.3,27,2,3139.2,118,6,3140.0,31,3,3140.7,137,2,3140.8,597,3,3140.9,95,3,3141.0,200,1
2031,2026-06-16 14:47:05+05:30,3139.5,1,3134.74,3008837,123357.0,202719.0,3163.0,3163.0,3108.0,3134.3,31846600,3447.7,2820.9,3839.9,2896.0,3139.6,1,1,3139.5,13,2,3139.2,64,4,3139.1,103,4,3139.0,295,8,3139.9,200,1,3140.0,31,3,3140.7,137,2,3140.8,598,4,3140.9,98,4
2031,2026-06-16 14:47:06+05:30,3139.5,5,3134.74,3008847,123251.0,202842.0,3163.0,3163.0,3108.0,3134.3,31846600,3447.7,2820.9,3839.9,2896.0,3139.5,2,1,3139.2,91,5,3139.1,122,5,3139.0,276,7,3138.9,225,6,3139.7,200,1,3139.8,13,1,3139.9,26,1,3140.0,15,3,3140.5,1,1
2031,2026-06-16 14:47:07+05:30,3139.3,1,3134.74,3008847,123251.0,202842.0,3163.0,3163.0,3108.0,3134.3,31846600,3447.7,2820.9,3839.9,2896.0,3139.5,2,1,3139.2,91,5,3139.1,122,5,3139.0,276,7,3138.9,225,6,3139.7,200,1,3139.8,13,1,3139.9,26,1,3140.0,15,3,3140.5,1,1
2031,2026-06-16 14:47:07+05:30,3139.0,65,3134.74,3009295,121947.0,202937.0,3163.0,3163.0,3108.0,3134.3,31846600,3447.7,2820.9,3839.9,2896.0,3139.0,224,7,3138.9,52,2,3138.8,315,6,3138.7,84,3,3138.6,70,4,3139.1,300,1,3139.3,195,1,3139.7,1,1,3139.9,35,2,3140.0,14,2
2031,2026-06-16 14:47:08+05:30,3139.0,65,3134.74,3009295,121947.0,202937.0,3163.0,3163.0,3108.0,3134.3,31846600,3447.7,2820.9,3839.9,2896.0,3139.0,224,7,3138.9,52,2,3138.8,315,6,3138.7,84,3,3138.6,70,4,3139.1,300,1,3139.3,195,1,3139.7,1,1,3139.9,35,2,3140.0,14,2
2031,2026-06-16 14:47:08+05:30,3139.0,65,3134.74,3009295,122067.0,203024.0,3163.0,3163.0,3108.0,3134.3,31846600,3447.7,2820.9,3839.9,2896.0,3139.0,237,8,3138.9,52,2,3138.8,315,6,3138.7,128,4,3138.6,128,5,3139.1,327,3,3139.3,195,1,3139.9,9,1,3140.0,14,2,3140.6,24,2
2031,2026-06-16 14:47:09+05:30,3139.0,3,3134.74,3009508,121758.0,202919.0,3163.0,3163.0,3108.0,3134.3,31846600,3447.7,2820.9,3839.9,2896.0,3139.0,77,7,3138.9,52,2,3138.8,287,6,3138.7,106,3,3138.6,70,4,3139.1,361,4,3139.3,195,1,3139.9,9,1,3140.0,14,2,3140.5,61,1
2031,2026-06-16 14:47:10+05:30,3139.0,3,3134.74,3009508,121758.0,202919.0,3163.0,3163.0,3108.0,3134.3,31846600,3447.7,2820.9,3839.9,2896.0,3139.0,77,7,3138.9,52,2,3138.8,287,6,3138.7,106,3,3138.6,70,4,3139.1,361,4,3139.3,195,1,3139.9,9,1,3140.0,14,2,3140.5,61,1
2031,2026-06-16 14:47:10+05:30,3140.7,1,3134.74,3010088,124525.0,200987.0,3163.0,3163.0,3108.0,3134.3,31846600,3447.7,2820.9,3839.9,2896.0,3139.7,49,1,3139.6,14,2,3139.5,58,5,3139.4,98,6,3139.3,230,5,3140.6,12,1,3140.7,1,1,3140.8,669,4,3140.9,51,2,3141.0,210,2
2031,2026-06-16 14:47:11+05:30,3140.7,1,3134.74,3010088,124525.0,200987.0,3163.0,3163.0,3108.0,3134.3,31846600,3447.7,2820.9,3839.9,2896.0,3139.7,49,1,3139.6,14,2,3139.5,58,5,3139.4,98,6,3139.3,230,5,3140.6,12,1,3140.7,1,1,3140.8,669,4,3140.9,51,2,3141.0,210,2
2031,2026-06-16 14:47:11+05:30,3140.3,11,3134.74,3010099,124996.0,200062.0,3163.0,3163.0,3108.0,3134.3,31846600,3447.7,2820.9,3839.9,2896.0,3140.0,200,1,3139.7,68,4,3139.6,176,3,3139.5,115,7,3139.4,141,7,3140.3,14,2,3140.8,597,3,3140.9,13,1,3141.0,200,1,3141.1,261,3
2031,2026-06-16 14:47:12+05:30,3140.3,11,3134.74,3010099,124996.0,200062.0,3163.0,3163.0,3108.0,3134.3,31846600,3447.7,2820.9,3839.9,2896.0,3140.0,200,1,3139.7,68,4,3139.6,176,3,3139.5,115,7,3139.4,141,7,3140.3,14,2,3140.8,597,3,3140.9,13,1,3141.0,200,1,3141.1,261,3
2031,2026-06-16 14:47:12+05:30,3140.2,1,3134.74,3010100,124927.0,200681.0,3163.0,3163.0,3108.0,3134.3,31846600,3447.7,2820.9,3839.9,2896.0,3140.0,252,2,3139.9,7,1,3139.8,56,4,3139.7,30,2,3139.6,13,2,3140.2,1,1,3140.3,139,2,3140.5,30,1,3140.8,597,3,3140.9,13,1
2031,2026-06-16 14:47:13+05:30,3140.0,8,3134.74,3010100,124927.0,200681.0,3163.0,3163.0,3108.0,3134.3,31846600,3447.7,2820.9,3839.9,2896.0,3140.0,252,2,3139.9,7,1,3139.8,56,4,3139.7,30,2,3139.6,13,2,3140.2,1,1,3140.3,139,2,3140.5,30,1,3140.8,597,3,3140.9,13,1
2031,2026-06-16 14:47:13+05:30,3140.1,1,3134.74,3010109,124289.0,201607.0,3163.0,3163.0,3108.0,3134.3,31846600,3447.7,2820.9,3839.9,2896.0,3140.0,244,2,3139.6,13,2,3139.5,94,6,3139.4,56,5,3139.3,69,5,3140.1,25,2,3140.2,112,2,3140.3,24,1,3140.5,30,1,3140.7,1,1
2031,2026-06-16 14:47:14+05:30,3140.1,1,3134.74,3010109,124289.0,201607.0,3163.0,3163.0,3108.0,3134.3,31846600,3447.7,2820.9,3839.9,2896.0,3140.0,244,2,3139.6,13,2,3139.5,94,6,3139.4,56,5,3139.3,69,5,3140.1,25,2,3140.2,112,2,3140.3,24,1,3140.5,30,1,3140.7,1,1
2031,2026-06-16 14:47:14+05:30,3140.1,1,3134.74,3010111,124295.0,201897.0,3163.0,3163.0,3108.0,3134.3,31846600,3447.7,2820.9,3839.9,2896.0,3140.0,244,2,3139.6,1,1,3139.5,38,3,3139.4,37,3,3139.3,54,4,3140.1,129,4,3140.2,32,2,3140.3,25,2,3140.5,38,1,3140.6,86,2
2031,2026-06-16 14:47:15+05:30,3140.0,5,3134.74,3010111,124295.0,201897.0,3163.0,3163.0,3108.0,3134.3,31846600,3447.7,2820.9,3839.9,2896.0,3140.0,244,2,3139.6,1,1,3139.5,38,3,3139.4,37,3,3139.3,54,4,3140.1,129,4,3140.2,32,2,3140.3,25,2,3140.5,38,1,3140.6,86,2
2031,2026-06-16 14:47:15+05:30,3140.1,14,3134.75,3010519,123865.0,202061.0,3163.0,3163.0,3108.0,3134.3,31846600,3447.7,2820.9,3839.9,2896.0,3140.1,2,2,3140.0,293,4,3139.6,11,2,3139.5,93,4,3139.4,144,4,3140.2,31,1,3140.3,25,2,3140.8,629,4,3140.9,73,2,3141.0,201,2
2031,2026-06-16 14:47:16+05:30,3140.1,14,3134.75,3010519,123865.0,202061.0,3163.0,3163.0,3108.0,3134.3,31846600,3447.7,2820.9,3839.9,2896.0,3140.1,2,2,3140.0,293,4,3139.6,11,2,3139.5,93,4,3139.4,144,4,3140.2,31,1,3140.3,25,2,3140.8,629,4,3140.9,73,2,3141.0,201,2
2031,2026-06-16 14:47:16+05:30,3140.0,4,3134.75,3010528,124311.0,202028.0,3163.0,3163.0,3108.0,3134.3,31846600,3447.7,2820.9,3839.9,2896.0,3140.0,289,4,3139.7,38,2,3139.6,11,2,3139.5,74,3,3139.4,144,4,3140.1,12,1,3140.2,31,1,3140.3,25,2,3140.8,629,4,3140.9,73,2
2031,2026-06-16 14:47:17+05:30,3140.0,4,3134.75,3010528,124311.0,202028.0,3163.0,3163.0,3108.0,3134.3,31846600,3447.7,2820.9,3839.9,2896.0,3140.0,289,4,3139.7,38,2,3139.6,11,2,3139.5,74,3,3139.4,144,4,3140.1,12,1,3140.2,31,1,3140.3,25,2,3140.8,629,4,3140.9,73,2
2031,2026-06-16 14:47:17+05:30,3140.1,1,3134.75,3010543,124128.0,202050.0,3163.0,3163.0,3108.0,3134.3,31846600,3447.7,2820.9,3839.9,2896.0,3140.0,340,6,3139.7,38,2,3139.6,1,1,3139.5,141,4,3139.4,151,5,3140.1,55,3,3140.2,31,1,3140.3,25,2,3140.9,13,1,3141.1,72,1
2031,2026-06-16 14:47:18+05:30,3140.1,1,3134.75,3010543,124128.0,202050.0,3163.0,3163.0,3108.0,3134.3,31846600,3447.7,2820.9,3839.9,2896.0,3140.0,340,6,3139.7,38,2,3139.6,1,1,3139.5,141,4,3139.4,151,5,3140.1,55,3,3140.2,31,1,3140.3,25,2,3140.9,13,1,3141.1,72,1
2031,2026-06-16 14:47:18+05:30,3140.0,1,3134.75,3010544,124127.0,202082.0,3163.0,3163.0,3108.0,3134.3,31846600,3447.7,2820.9,3839.9,2896.0,3140.0,339,6,3139.7,38,2,3139.6,1,1,3139.5,141,4,3139.4,151,5,3140.1,55,3,3140.2,31,1,3140.3,25,2,3140.9,13,1,3141.1,72,1
2031,2026-06-16 14:47:19+05:30,3140.0,1,3134.75,3010544,124127.0,202082.0,3163.0,3163.0,3108.0,3134.3,31846600,3447.7,2820.9,3839.9,2896.0,3140.0,339,6,3139.7,38,2,3139.6,1,1,3139.5,141,4,3139.4,151,5,3140.1,55,3,3140.2,31,1,3140.3,25,2,3140.9,13,1,3141.1,72,1
2031,2026-06-16 14:47:19+05:30,3140.0,12,3134.75,3010586,124110.0,202066.0,3163.0,3163.0,3108.0,3134.3,31846600,3447.7,2820.9,3839.9,2896.0,3140.0,328,7,3139.7,38,2,3139.6,1,1,3139.5,141,4,3139.4,151,5,3140.1,38,2,3140.2,31,1,3140.3,25,2,3140.9,13,1,3141.1,72,1
2031,2026-06-16 14:47:20+05:30,3140.1,1,3134.75,3010586,124110.0,202066.0,3163.0,3163.0,3108.0,3134.3,31846600,3447.7,2820.9,3839.9,2896.0,3140.0,328,7,3139.7,38,2,3139.6,1,1,3139.5,141,4,3139.4,151,5,3140.1,38,2,3140.2,31,1,3140.3,25,2,3140.9,13,1,3141.1,72,1
2031,2026-06-16 14:47:20+05:30,3140.1,44,3134.75,3010651,124148.0,202238.0,3163.0,3163.0,3108.0,3134.3,31846600,3447.7,2820.9,3839.9,2896.0,3140.0,330,7,3139.6,19,1,3139.5,141,4,3139.4,167,6,3139.3,104,5,3140.2,31,1,3140.3,25,2,3140.9,13,1,3141.1,75,2,3141.2,723,5
2031,2026-06-16 14:47:21+05:30,3140.2,25,3134.75,3010651,124148.0,202238.0,3163.0,3163.0,3108.0,3134.3,31846600,3447.7,2820.9,3839.9,2896.0,3140.0,330,7,3139.6,19,1,3139.5,141,4,3139.4,167,6,3139.3,104,5,3140.2,31,1,3140.3,25,2,3140.9,13,1,3141.1,75,2,3141.2,723,5
2031,2026-06-16 14:47:21+05:30,3142.8,27,3134.76,3016845,126168.0,193701.0,3163.0,3163.0,3108.0,3134.3,31846600,3447.7,2820.9,3839.9,2896.0,3140.6,71,5,3140.5,104,3,3140.4,105,4,3140.3,53,3,3140.2,103,4,3141.7,200,1,3142.0,200,1,3142.1,260,2,3142.3,60,1,3142.4,68,1
2031,2026-06-16 14:47:22+05:30,3141.5,5,3134.76,3016845,126168.0,193701.0,3163.0,3163.0,3108.0,3134.3,31846600,3447.7,2820.9,3839.9,2896.0,3140.6,71,5,3140.5,104,3,3140.4,105,4,3140.3,53,3,3140.2,103,4,3141.7,200,1,3142.0,200,1,3142.1,260,2,3142.3,60,1,3142.4,68,1
2031,2026-06-16 14:47:22+05:30,3141.5,1,3134.76,3016983,126663.0,196242.0,3163.0,3163.0,3108.0,3134.3,31846600,3447.7,2820.9,3839.9,2896.0,3140.8,86,5,3140.7,46,2,3140.6,82,4,3140.5,24,2,3140.4,125,6,3141.4,13,1,3141.5,191,1,3141.7,26,1,3142.4,260,2,3142.5,106,2
2031,2026-06-16 14:47:23+05:30,3141.5,1,3134.76,3016983,126663.0,196242.0,3163.0,3163.0,3108.0,3134.3,31846600,3447.7,2820.9,3839.9,2896.0,3140.8,86,5,3140.7,46,2,3140.6,82,4,3140.5,24,2,3140.4,125,6,3141.4,13,1,3141.5,191,1,3141.7,26,1,3142.4,260,2,3142.5,106,2
2031,2026-06-16 14:47:23+05:30,3140.8,5,3134.76,3016988,127016.0,196641.0,3163.0,3163.0,3108.0,3134.3,31846600,3447.7,2820.9,3839.9,2896.0,3140.8,266,3,3140.7,31,2,3140.6,63,3,3140.5,78,2,3140.4,127,6,3141.0,12,1,3141.1,13,1,3141.4,239,2,3141.5,17,1,3141.7,26,1
2031,2026-06-16 14:47:24+05:30,3140.8,128,3134.76,3016988,127016.0,196641.0,3163.0,3163.0,3108.0,3134.3,31846600,3447.7,2820.9,3839.9,2896.0,3140.8,266,3,3140.7,31,2,3140.6,63,3,3140.5,78,2,3140.4,127,6,3141.0,12,1,3141.1,13,1,3141.4,239,2,3141.5,17,1,3141.7,26,1
2031,2026-06-16 14:47:24+05:30,3140.8,100,3134.76,3017245,126377.0,196779.0,3163.0,3163.0,3108.0,3134.3,31846600,3447.7,2820.9,3839.9,2896.0,3140.8,1,1,3140.7,16,1,3140.6,59,2,3140.5,8,1,3140.4,124,5,3140.9,12,1,3141.0,87,1,3141.4,43,1,3141.7,26,1,3142.2,84,2
2031,2026-06-16 14:47:25+05:30,3140.8,1,3134.76,3017245,126377.0,196779.0,3163.0,3163.0,3108.0,3134.3,31846600,3447.7,2820.9,3839.9,2896.0,3140.8,1,1,3140.7,16,1,3140.6,59,2,3140.5,8,1,3140.4,124,5,3140.9,12,1,3141.0,87,1,3141.4,43,1,3141.7,26,1,3142.2,84,2
2031,2026-06-16 14:47:25+05:30,3140.9,9,3134.76,3017255,126457.0,196793.0,3163.0,3163.0,3108.0,3134.3,31846600,3447.7,2820.9,3839.9,2896.0,3140.8,154,1,3140.7,16,1,3140.6,19,1,3140.5,27,2,3140.4,65,4,3140.9,102,3,3141.0,16,1,3141.4,43,1,3142.2,105,3,3142.3,202,3
2031,2026-06-16 14:47:26+05:30,3142.7,68,3134.76,3017255,126457.0,196793.0,3163.0,3163.0,3108.0,3134.3,31846600,3447.7,2820.9,3839.9,2896.0,3140.8,154,1,3140.7,16,1,3140.6,19,1,3140.5,27,2,3140.4,65,4,3140.9,102,3,3141.0,16,1,3141.4,43,1,3142.2,105,3,3142.3,202,3
2031,2026-06-16 14:47:26+05:30,3141.6,1,3134.76,3018756,126326.0,197056.0,3163.0,3163.0,3108.0,3134.3,31846600,3447.7,2820.9,3839.9,2896.0,3141.1,17,1,3140.9,38,1,3140.8,154,1,3140.7,25,2,3140.5,50,4,3141.5,13,1,3141.6,11,1,3141.7,1,1,3142.2,17,1,3142.3,81,2
2031,2026-06-16 14:47:27+05:30,3141.6,1,3134.76,3018756,126326.0,197056.0,3163.0,3163.0,3108.0,3134.3,31846600,3447.7,2820.9,3839.9,2896.0,3141.1,17,1,3140.9,38,1,3140.8,154,1,3140.7,25,2,3140.5,50,4,3141.5,13,1,3141.6,11,1,3141.7,1,1,3142.2,17,1,3142.3,81,2
2031,2026-06-16 14:47:27+05:30,3141.2,4,3134.76,3018773,126224.0,197063.0,3163.0,3163.0,3108.0,3134.3,31846600,3447.7,2820.9,3839.9,2896.0,3141.2,17,1,3140.9,38,1,3140.8,154,1,3140.7,3,1,3140.5,30,2,3141.3,11,1,3141.4,76,1,3141.5,5,1,3141.7,1,1,3142.0,25,1
2031,2026-06-16 14:47:28+05:30,3141.2,4,3134.76,3018773,126224.0,197063.0,3163.0,3163.0,3108.0,3134.3,31846600,3447.7,2820.9,3839.9,2896.0,3141.2,17,1,3140.9,38,1,3140.8,154,1,3140.7,3,1,3140.5,30,2,3141.3,11,1,3141.4,76,1,3141.5,5,1,3141.7,1,1,3142.0,25,1
2031,2026-06-16 14:47:28+05:30,3141.4,38,3134.77,3019040,127327.0,197267.0,3163.0,3163.0,3108.0,3134.3,31846600,3447.7,2820.9,3839.9,2896.0,3141.3,5,1,3141.2,225,1,3140.8,174,3,3140.7,100,4,3140.6,87,2,3141.4,38,1,3141.5,5,1,3141.7,1,1,3142.0,25,1,3142.2,78,2
2031,2026-06-16 14:47:29+05:30,3141.4,38,3134.77,3019040,127327.0,197267.0,3163.0,3163.0,3108.0,3134.3,31846600,3447.7,2820.9,3839.9,2896.0,3141.3,5,1,3141.2,225,1,3140.8,174,3,3140.7,100,4,3140.6,87,2,3141.4,38,1,3141.5,5,1,3141.7,1,1,3142.0,25,1,3142.2,78,2
2031,2026-06-16 14:47:29+05:30,3141.4,4,3134.77,3019258,127064.0,197136.0,3163.0,3163.0,3108.0,3134.3,31846600,3447.7,2820.9,3839.9,2896.0,3141.2,29,1,3140.8,162,2,3140.7,40,3,3140.5,50,4,3140.4,84,5,3141.3,9,1,3141.4,45,3,3141.7,1,1,3141.9,61,1,3142.0,25,1
2031,2026-06-16 14:47:30+05:30,3141.4,4,3134.77,3019258,127064.0,197136.0,3163.0,3163.0,3108.0,3134.3,31846600,3447.7,2820.9,3839.9,2896.0,3141.2,29,1,3140.8,162,2,3140.7,40,3,3140.5,50,4,3140.4,84,5,3141.3,9,1,3141.4,45,3,3141.7,1,1,3141.9,61,1,3142.0,25,1
2031,2026-06-16 14:47:31+05:30,3141.3,2,3134.77,3019258,127064.0,197136.0,3163.0,3163.0,3108.0,3134.3,31846600,3447.7,2820.9,3839.9,2896.0,3141.2,29,1,3140.8,162,2,3140.7,40,3,3140.5,50,4,3140.4,84,5,3141.3,9,1,3141.4,45,3,3141.7,1,1,3141.9,61,1,3142.0,25,1
2031,2026-06-16 14:47:31+05:30,3141.3,2,3134.77,3019282,126905.0,197365.0,3163.0,3163.0,3108.0,3134.3,31846600,3447.7,2820.9,3839.9,2896.0,3141.3,32,1,3141.2,23,3,3140.8,154,1,3140.7,40,3,3140.5,49,3,3141.4,45,3,3141.7,1,1,3141.9,61,1,3142.0,25,1,3142.2,116,3
2031,2026-06-16 14:47:32+05:30,3141.3,2,3134.77,3019282,126905.0,197365.0,3163.0,3163.0,3108.0,3134.3,31846600,3447.7,2820.9,3839.9,2896.0,3141.3,32,1,3141.2,23,3,3140.8,154,1,3140.7,40,3,3140.5,49,3,3141.4,45,3,3141.7,1,1,3141.9,61,1,3142.0,25,1,3142.2,116,3
2031,2026-06-16 14:47:32+05:30,3141.3,2,3134.77,3019316,126811.0,197389.0,3163.0,3163.0,3108.0,3134.3,31846600,3447.7,2820.9,3839.9,2896.0,3141.3,2,1,3141.2,39,4,3140.8,154,1,3140.7,24,2,3140.5,30,2,3141.4,67,4,3141.9,81,2,3142.0,25,1,3142.1,20,1,3142.2,78,2
2031,2026-06-16 14:47:33+05:30,3141.4,1,3134.77,3019316,126811.0,197389.0,3163.0,3163.0,3108.0,3134.3,31846600,3447.7,2820.9,3839.9,2896.0,3141.3,2,1,3141.2,39,4,3140.8,154,1,3140.7,24,2,3140.5,30,2,3141.4,67,4,3141.9,81,2,3142.0,25,1,3142.1,20,1,3142.2,78,2
2031,2026-06-16 14:47:33+05:30,3141.4,1,3134.77,3019472,127081.0,197128.0,3163.0,3163.0,3108.0,3134.3,31846600,3447.7,2820.9,3839.9,2896.0,3141.3,33,2,3141.2,48,4,3140.8,173,2,3140.7,40,3,3140.6,20,2,3141.4,6,1,3142.2,104,3,3142.3,23,1,3142.4,21,3,3142.5,353,4
2031,2026-06-16 14:47:34+05:30,3141.3,15,3134.77,3019472,127081.0,197128.0,3163.0,3163.0,3108.0,3134.3,31846600,3447.7,2820.9,3839.9,2896.0,3141.3,33,2,3141.2,48,4,3140.8,173,2,3140.7,40,3,3140.6,20,2,3141.4,6,1,3142.2,104,3,3142.3,23,1,3142.4,21,3,3142.5,353,4
2031,2026-06-16 14:47:34+05:30,3141.3,15,3134.77,3019488,126720.0,195656.0,3163.0,3163.0,3108.0,3134.3,31846600,3447.7,2820.9,3839.9,2896.0,3141.3,19,3,3141.2,66,5,3140.8,173,2,3140.7,24,2,3140.6,20,2,3141.4,22,4,3141.5,73,1,3142.2,104,3,3142.4,21,3,3142.5,533,4
2031,2026-06-16 14:47:35+05:30,3140.8,31,3134.77,3019828,127108.0,197567.0,3163.0,3163.0,3108.0,3134.3,31846600,3447.7,2820.9,3839.9,2896.0,3140.8,123,1,3140.7,24,2,3140.6,19,1,3140.5,89,4,3140.4,190,5,3141.3,12,1,3141.4,10,3,3141.5,73,1,3142.1,61,1,3142.2,43,2
2031,2026-06-16 14:47:36+05:30,3140.0,191,3134.77,3019828,127108.0,197567.0,3163.0,3163.0,3108.0,3134.3,31846600,3447.7,2820.9,3839.9,2896.0,3140.8,123,1,3140.7,24,2,3140.6,19,1,3140.5,89,4,3140.4,190,5,3141.3,12,1,3141.4,10,3,3141.5,73,1,3142.1,61,1,3142.2,43,2
2031,2026-06-16 14:47:36+05:30,3138.8,99,3134.77,3021009,118069.0,200585.0,3163.0,3163.0,3108.0,3134.3,31846600,3447.7,2820.9,3839.9,2896.0,3138.8,111,2,3138.7,21,1,3138.6,62,2,3138.5,57,2,3138.4,106,3,3139.6,200,1,3139.7,1,1,3140.2,38,1,3140.3,63,2,3140.4,38,1
2031,2026-06-16 14:47:37+05:30,3138.0,5,3134.77,3021009,118069.0,200585.0,3163.0,3163.0,3108.0,3134.3,31846600,3447.7,2820.9,3839.9,2896.0,3138.8,111,2,3138.7,21,1,3138.6,62,2,3138.5,57,2,3138.4,106,3,3139.6,200,1,3139.7,1,1,3140.2,38,1,3140.3,63,2,3140.4,38,1
2031,2026-06-16 14:47:37+05:30,3138.2,197,3134.77,3021765,118053.0,198985.0,3163.0,3163.0,3108.0,3134.3,31846600,3447.7,2820.9,3839.9,2896.0,3138.6,13,1,3138.5,121,5,3138.4,23,2,3138.3,69,5,3138.2,20,3,3139.5,12,1,3139.6,38,1,3139.7,1,1,3140.1,14,1,3140.2,40,1
2031,2026-06-16 14:47:37+05:30,3138.2,197,3134.77,3021765,118053.0,198985.0,3163.0,3163.0,3108.0,3134.3,31846600,3447.7,2820.9,3839.9,2896.0,3138.6,13,1,3138.5,121,5,3138.4,23,2,3138.3,69,5,3138.2,20,3,3139.5,12,1,3139.6,38,1,3139.7,1,1,3140.1,14,1,3140.2,40,1
2031,2026-06-16 14:47:38+05:30,3138.2,197,3134.77,3021765,118053.0,198985.0,3163.0,3163.0,3108.0,3134.3,31846600,3447.7,2820.9,3839.9,2896.0,3138.6,13,1,3138.5,121,5,3138.4,23,2,3138.3,69,5,3138.2,20,3,3139.5,12,1,3139.6,38,1,3139.7,1,1,3140.1,14,1,3140.2,40,1
2031,2026-06-16 14:47:38+05:30,3138.2,197,3134.77,3021765,118892.0,198778.0,3163.0,3163.0,3108.0,3134.3,31846600,3447.7,2820.9,3839.9,2896.0,3138.6,35,3,3138.5,132,6,3138.4,23,2,3138.3,110,6,3138.2,235,6,3139.5,17,3,3139.6,47,2,3139.7,1,1,3140.2,14,1,3140.3,63,2
2031,2026-06-16 14:47:39+05:30,3139.5,1,3134.77,3021765,118892.0,198778.0,3163.0,3163.0,3108.0,3134.3,31846600,3447.7,2820.9,3839.9,2896.0,3138.6,35,3,3138.5,132,6,3138.4,23,2,3138.3,110,6,3138.2,235,6,3139.5,17,3,3139.6,47,2,3139.7,1,1,3140.2,14,1,3140.3,63,2
2031,2026-06-16 14:47:39+05:30,3139.5,1,3134.77,3021765,118892.0,198778.0,3163.0,3163.0,3108.0,3134.3,31846600,3447.7,2820.9,3839.9,2896.0,3138.6,35,3,3138.5,132,6,3138.4,23,2,3138.3,110,6,3138.2,235,6,3139.5,17,3,3139.6,47,2,3139.7,1,1,3140.2,14,1,3140.3,63,2
2031,2026-06-16 14:47:39+05:30,3139.4,1,3134.77,3021767,118707.0,199420.0,3163.0,3163.0,3108.0,3134.3,31846600,3447.7,2820.9,3839.9,2896.0,3138.6,13,1,3138.5,98,4,3138.4,53,2,3138.3,75,4,3138.2,33,2,3139.4,23,1,3139.5,5,2,3139.6,47,2,3139.7,30,2,3139.9,61,1
2031,2026-06-16 14:47:40+05:30,3138.6,8,3134.77,3021767,118707.0,199420.0,3163.0,3163.0,3108.0,3134.3,31846600,3447.7,2820.9,3839.9,2896.0,3138.6,13,1,3138.5,98,4,3138.4,53,2,3138.3,75,4,3138.2,33,2,3139.4,23,1,3139.5,5,2,3139.6,47,2,3139.7,30,2,3139.9,61,1
2031,2026-06-16 14:47:40+05:30,3138.5,13,3134.77,3021793,118002.0,199612.0,3163.0,3163.0,3108.0,3134.3,31846600,3447.7,2820.9,3839.9,2896.0,3138.3,18,2,3138.2,20,2,3138.1,65,4,3138.0,175,3,3137.9,30,2,3138.5,200,1,3138.6,18,1,3139.4,21,2,3139.5,18,1,3139.6,47,2
2031,2026-06-16 14:47:41+05:30,3138.5,9,3134.77,3021793,118002.0,199612.0,3163.0,3163.0,3108.0,3134.3,31846600,3447.7,2820.9,3839.9,2896.0,3138.3,18,2,3138.2,20,2,3138.1,65,4,3138.0,175,3,3137.9,30,2,3138.5,200,1,3138.6,18,1,3139.4,21,2,3139.5,18,1,3139.6,47,2
2031,2026-06-16 14:47:41+05:30,3138.5,9,3134.77,3021793,118002.0,199612.0,3163.0,3163.0,3108.0,3134.3,31846600,3447.7,2820.9,3839.9,2896.0,3138.3,18,2,3138.2,20,2,3138.1,65,4,3138.0,175,3,3137.9,30,2,3138.5,200,1,3138.6,18,1,3139.4,21,2,3139.5,18,1,3139.6,47,2
2031,2026-06-16 14:47:41+05:30,3138.5,10,3134.77,3022140,118526.0,198718.0,3163.0,3163.0,3108.0,3134.3,31846600,3447.7,2820.9,3839.9,2896.0,3138.6,15,1,3138.4,32,2,3138.3,85,6,3138.2,54,3,3138.1,40,3,3138.9,12,1,3139.0,12,1,3139.3,14,1,3139.4,20,1,3139.6,38,1
2031,2026-06-16 14:47:42+05:30,3138.5,10,3134.77,3022140,118526.0,198718.0,3163.0,3163.0,3108.0,3134.3,31846600,3447.7,2820.9,3839.9,2896.0,3138.6,15,1,3138.4,32,2,3138.3,85,6,3138.2,54,3,3138.1,40,3,3138.9,12,1,3139.0,12,1,3139.3,14,1,3139.4,20,1,3139.6,38,1
2031,2026-06-16 14:47:42+05:30,3139.0,6,3134.77,3022158,118718.0,198808.0,3163.0,3163.0,3108.0,3134.3,31846600,3447.7,2820.9,3839.9,2896.0,3138.6,28,2,3138.4,46,3,3138.3,96,7,3138.2,39,2,3138.1,118,4,3138.9,32,2,3139.4,20,1,3139.6,38,1,3139.8,34,1,3140.4,108,4
2031,2026-06-16 14:47:43+05:30,3139.0,6,3134.77,3022158,118718.0,198808.0,3163.0,3163.0,3108.0,3134.3,31846600,3447.7,2820.9,3839.9,2896.0,3138.6,28,2,3138.4,46,3,3138.3,96,7,3138.2,39,2,3138.1,118,4,3138.9,32,2,3139.4,20,1,3139.6,38,1,3139.8,34,1,3140.4,108,4
2031,2026-06-16 14:47:43+05:30,3139.0,6,3134.77,3022158,118718.0,198808.0,3163.0,3163.0,3108.0,3134.3,31846600,3447.7,2820.9,3839.9,2896.0,3138.6,28,2,3138.4,46,3,3138.3,96,7,3138.2,39,2,3138.1,118,4,3138.9,32,2,3139.4,20,1,3139.6,38,1,3139.8,34,1,3140.4,108,4
2031,2026-06-16 14:47:44+05:30,3138.7,13,3134.77,3022171,118600.0,198761.0,3163.0,3163.0,3108.0,3134.3,31846600,3447.7,2820.9,3839.9,2896.0,3138.7,13,1,3138.6,63,6,3138.5,10,2,3138.4,39,3,3138.3,96,7,3138.8,32,2,3138.9,20,1,3139.6,38,1,3139.8,34,1,3140.3,22,1
2031,2026-06-16 14:47:44+05:30,3138.8,1,3134.77,3022171,118600.0,198761.0,3163.0,3163.0,3108.0,3134.3,31846600,3447.7,2820.9,3839.9,2896.0,3138.7,13,1,3138.6,63,6,3138.5,10,2,3138.4,39,3,3138.3,96,7,3138.8,32,2,3138.9,20,1,3139.6,38,1,3139.8,34,1,3140.3,22,1
2031,2026-06-16 14:47:45+05:30,3139.0,1,3134.77,3022171,118600.0,198761.0,3163.0,3163.0,3108.0,3134.3,31846600,3447.7,2820.9,3839.9,2896.0,3138.7,13,1,3138.6,63,6,3138.5,10,2,3138.4,39,3,3138.3,96,7,3138.8,32,2,3138.9,20,1,3139.6,38,1,3139.8,34,1,3140.3,22,1
2031,2026-06-16 14:47:45+05:30,3139.0,1,3134.77,3022224,119787.0,198702.0,3163.0,3163.0,3108.0,3134.3,31846600,3447.7,2820.9,3839.9,2896.0,3139.0,32,1,3138.9,40,4,3138.8,37,3,3138.7,86,7,3138.6,46,5,3139.6,38,1,3140.4,40,1,3140.5,14,1,3140.6,40,1,3140.7,21,1
2031,2026-06-16 14:47:46+05:30,3139.3,1,3134.77,3022224,119787.0,198702.0,3163.0,3163.0,3108.0,3134.3,31846600,3447.7,2820.9,3839.9,2896.0,3139.0,32,1,3138.9,40,4,3138.8,37,3,3138.7,86,7,3138.6,46,5,3139.6,38,1,3140.4,40,1,3140.5,14,1,3140.6,40,1,3140.7,21,1
2031,2026-06-16 14:47:46+05:30,3139.3,1,3134.77,3022282,119441.0,198944.0,3163.0,3163.0,3108.0,3134.3,31846600,3447.7,2820.9,3839.9,2896.0,3139.1,13,1,3139.0,39,3,3138.9,17,1,3138.8,32,2,3138.7,47,3,3139.3,381,2,3139.4,12,1,3139.6,12,1,3140.6,76,3,3140.7,25,1
2031,2026-06-16 14:47:46+05:30,3139.3,1,3134.77,3022282,119441.0,198944.0,3163.0,3163.0,3108.0,3134.3,31846600,3447.7,2820.9,3839.9,2896.0,3139.1,13,1,3139.0,39,3,3138.9,17,1,3138.8,32,2,3138.7,47,3,3139.3,381,2,3139.4,12,1,3139.6,12,1,3140.6,76,3,3140.7,25,1
2031,2026-06-16 14:47:47+05:30,3139.3,2,3134.77,3022282,119441.0,198944.0,3163.0,3163.0,3108.0,3134.3,31846600,3447.7,2820.9,3839.9,2896.0,3139.1,13,1,3139.0,39,3,3138.9,17,1,3138.8,32,2,3138.7,47,3,3139.3,381,2,3139.4,12,1,3139.6,12,1,3140.6,76,3,3140.7,25,1
2031,2026-06-16 14:47:47+05:30,3139.3,2,3134.77,3022293,119779.0,198725.0,3163.0,3163.0,3108.0,3134.3,31846600,3447.7,2820.9,3839.9,2896.0,3139.2,17,1,3139.0,44,4,3138.9,7,1,3138.8,44,2,3138.7,64,3,3139.3,379,2,3139.4,12,1,3140.6,78,4,3140.7,29,2,3140.8,1085,8
2031,2026-06-16 14:47:47+05:30,3139.3,2,3134.77,3022293,119779.0,198725.0,3163.0,3163.0,3108.0,3134.3,31846600,3447.7,2820.9,3839.9,2896.0,3139.2,17,1,3139.0,44,4,3138.9,7,1,3138.8,44,2,3138.7,64,3,3139.3,379,2,3139.4,12,1,3140.6,78,4,3140.7,29,2,3140.8,1085,8
2031,2026-06-16 14:47:48+05:30,3139.2,25,3134.77,3022293,119779.0,198725.0,3163.0,3163.0,3108.0,3134.3,31846600,3447.7,2820.9,3839.9,2896.0,3139.2,17,1,3139.0,44,4,3138.9,7,1,3138.8,44,2,3138.7,64,3,3139.3,379,2,3139.4,12,1,3140.6,78,4,3140.7,29,2,3140.8,1085,8
2031,2026-06-16 14:47:48+05:30,3139.2,25,3134.77,3022463,119778.0,198702.0,3163.0,3163.0,3108.0,3134.3,31846600,3447.7,2820.9,3839.9,2896.0,3139.2,25,1,3139.0,44,4,3138.9,7,1,3138.8,88,3,3138.7,64,3,3139.3,246,3,3140.6,76,3,3140.7,23,1,3140.8,485,5,3140.9,971,7
2031,2026-06-16 14:47:49+05:30,3139.1,5,3134.77,3022463,119778.0,198702.0,3163.0,3163.0,3108.0,3134.3,31846600,3447.7,2820.9,3839.9,2896.0,3139.2,25,1,3139.0,44,4,3138.9,7,1,3138.8,88,3,3138.7,64,3,3139.3,246,3,3140.6,76,3,3140.7,23,1,3140.8,485,5,3140.9,971,7
2031,2026-06-16 14:47:49+05:30,3139.1,5,3134.77,3022463,119778.0,198702.0,3163.0,3163.0,3108.0,3134.3,31846600,3447.7,2820.9,3839.9,2896.0,3139.2,25,1,3139.0,44,4,3138.9,7,1,3138.8,88,3,3138.7,64,3,3139.3,246,3,3140.6,76,3,3140.7,23,1,3140.8,485,5,3140.9,971,7
2031,2026-06-16 14:47:49+05:30,3139.1,90,3134.77,3022650,119321.0,198717.0,3163.0,3163.0,3108.0,3134.3,31846600,3447.7,2820.9,3839.9,2896.0,3139.0,197,3,3138.9,15,1,3138.8,63,3,3138.7,7,1,3138.6,1,1,3139.1,110,1,3139.3,88,4,3140.0,5,1,3140.4,25,1,3140.5,40,1
2031,2026-06-16 14:47:50+05:30,3139.0,13,3134.77,3022650,119321.0,198717.0,3163.0,3163.0,3108.0,3134.3,31846600,3447.7,2820.9,3839.9,2896.0,3139.0,197,3,3138.9,15,1,3138.8,63,3,3138.7,7,1,3138.6,1,1,3139.1,110,1,3139.3,88,4,3140.0,5,1,3140.4,25,1,3140.5,40,1
2031,2026-06-16 14:47:50+05:30,3139.0,13,3134.77,3022650,119321.0,198717.0,3163.0,3163.0,3108.0,3134.3,31846600,3447.7,2820.9,3839.9,2896.0,3139.0,197,3,3138.9,15,1,3138.8,63,3,3138.7,7,1,3138.6,1,1,3139.1,110,1,3139.3,88,4,3140.0,5,1,3140.4,25,1,3140.5,40,1
2031,2026-06-16 14:47:50+05:30,3139.0,13,3134.77,3022663,119297.0,198011.0,3163.0,3163.0,3108.0,3134.3,31846600,3447.7,2820.9,3839.9,2896.0,3139.0,230,6,3138.9,18,2,3138.8,49,3,3138.7,22,1,3138.6,38,3,3139.1,152,2,3139.2,22,1,3139.3,88,4,3140.0,5,1,3140.4,25,1
2031,2026-06-16 14:47:50+05:30,3139.0,13,3134.77,3022663,119297.0,198011.0,3163.0,3163.0,3108.0,3134.3,31846600,3447.7,2820.9,3839.9,2896.0,3139.0,230,6,3138.9,18,2,3138.8,49,3,3138.7,22,1,3138.6,38,3,3139.1,152,2,3139.2,22,1,3139.3,88,4,3140.0,5,1,3140.4,25,1
2031,2026-06-16 14:47:51+05:30,3138.9,13,3134.77,3022663,119297.0,198011.0,3163.0,3163.0,3108.0,3134.3,31846600,3447.7,2820.9,3839.9,2896.0,3139.0,230,6,3138.9,18,2,3138.8,49,3,3138.7,22,1,3138.6,38,3,3139.1,152,2,3139.2,22,1,3139.3,88,4,3140.0,5,1,3140.4,25,1
2031,2026-06-16 14:47:51+05:30,3138.9,13,3134.77,3022663,119297.0,198011.0,3163.0,3163.0,3108.0,3134.3,31846600,3447.7,2820.9,3839.9,2896.0,3139.0,230,6,3138.9,18,2,3138.8,49,3,3138.7,22,1,3138.6,38,3,3139.1,152,2,3139.2,22,1,3139.3,88,4,3140.0,5,1,3140.4,25,1
2031,2026-06-16 14:47:51+05:30,3138.9,13,3134.77,3023053,118746.0,197729.0,3163.0,3163.0,3108.0,3134.3,31846600,3447.7,2820.9,3839.9,2896.0,3138.9,19,2,3138.8,25,1,3138.7,22,1,3138.6,19,2,3138.5,91,3,3139.0,25,2,3139.1,69,2,3139.2,22,1,3139.3,61,3,3140.0,5,1
2031,2026-06-16 14:47:51+05:30,3138.9,13,3134.77,3023053,118746.0,197729.0,3163.0,3163.0,3108.0,3134.3,31846600,3447.7,2820.9,3839.9,2896.0,3138.9,19,2,3138.8,25,1,3138.7,22,1,3138.6,19,2,3138.5,91,3,3139.0,25,2,3139.1,69,2,3139.2,22,1,3139.3,61,3,3140.0,5,1
2031,2026-06-16 14:47:52+05:30,3138.9,13,3134.77,3023053,118746.0,197729.0,3163.0,3163.0,3108.0,3134.3,31846600,3447.7,2820.9,3839.9,2896.0,3138.9,19,2,3138.8,25,1,3138.7,22,1,3138.6,19,2,3138.5,91,3,3139.0,25,2,3139.1,69,2,3139.2,22,1,3139.3,61,3,3140.0,5,1
2031,2026-06-16 14:47:52+05:30,3138.9,13,3134.77,3023053,118773.0,197731.0,3163.0,3163.0,3108.0,3134.3,31846600,3447.7,2820.9,3839.9,2896.0,3138.9,27,4,3138.8,25,1,3138.7,22,1,3138.6,38,3,3138.5,91,3,3139.0,25,2,3139.1,69,2,3139.2,22,1,3139.3,61,3,3140.0,5,1
2031,2026-06-16 14:47:52+05:30,3138.9,13,3134.77,3023053,118773.0,197731.0,3163.0,3163.0,3108.0,3134.3,31846600,3447.7,2820.9,3839.9,2896.0,3138.9,27,4,3138.8,25,1,3138.7,22,1,3138.6,38,3,3138.5,91,3,3139.0,25,2,3139.1,69,2,3139.2,22,1,3139.3,61,3,3140.0,5,1
2031,2026-06-16 14:47:53+05:30,3139.9,10,3134.77,3023053,118773.0,197731.0,3163.0,3163.0,3108.0,3134.3,31846600,3447.7,2820.9,3839.9,2896.0,3138.9,27,4,3138.8,25,1,3138.7,22,1,3138.6,38,3,3138.5,91,3,3139.0,25,2,3139.1,69,2,3139.2,22,1,3139.3,61,3,3140.0,5,1
2031,2026-06-16 14:47:53+05:30,3139.9,10,3134.77,3023300,120603.0,198036.0,3163.0,3163.0,3108.0,3134.3,31846600,3447.7,2820.9,3839.9,2896.0,3139.2,10,1,3139.1,33,3,3139.0,84,9,3138.9,25,3,3138.8,64,3,3139.9,3,1,3140.0,5,1,3140.3,61,1,3140.5,34,2,3140.6,39,2
2031,2026-06-16 14:47:53+05:30,3139.9,10,3134.77,3023300,120603.0,198036.0,3163.0,3163.0,3108.0,3134.3,31846600,3447.7,2820.9,3839.9,2896.0,3139.2,10,1,3139.1,33,3,3139.0,84,9,3138.9,25,3,3138.8,64,3,3139.9,3,1,3140.0,5,1,3140.3,61,1,3140.5,34,2,3140.6,39,2
2031,2026-06-16 14:47:54+05:30,3139.9,10,3134.77,3023300,120603.0,198036.0,3163.0,3163.0,3108.0,3134.3,31846600,3447.7,2820.9,3839.9,2896.0,3139.2,10,1,3139.1,33,3,3139.0,84,9,3138.9,25,3,3138.8,64,3,3139.9,3,1,3140.0,5,1,3140.3,61,1,3140.5,34,2,3140.6,39,2
2031,2026-06-16 14:47:54+05:30,3139.9,10,3134.77,3023300,120656.0,198152.0,3163.0,3163.0,3108.0,3134.3,31846600,3447.7,2820.9,3839.9,2896.0,3139.1,34,2,3139.0,95,10,3138.9,38,4,3138.8,83,4,3138.7,178,7,3139.7,3,1,3139.8,13,1,3139.9,85,1,3140.0,5,1,3140.6,3,2
2031,2026-06-16 14:47:55+05:30,3139.8,4,3134.77,3023300,120656.0,198152.0,3163.0,3163.0,3108.0,3134.3,31846600,3447.7,2820.9,3839.9,2896.0,3139.1,34,2,3139.0,95,10,3138.9,38,4,3138.8,83,4,3138.7,178,7,3139.7,3,1,3139.8,13,1,3139.9,85,1,3140.0,5,1,3140.6,3,2
2031,2026-06-16 14:47:55+05:30,3139.8,4,3134.77,3023300,120656.0,198152.0,3163.0,3163.0,3108.0,3134.3,31846600,3447.7,2820.9,3839.9,2896.0,3139.1,34,2,3139.0,95,10,3138.9,38,4,3138.8,83,4,3138.7,178,7,3139.7,3,1,3139.8,13,1,3139.9,85,1,3140.0,5,1,3140.6,3,2
2031,2026-06-16 14:47:55+05:30,3139.0,5,3134.77,3023317,119647.0,198360.0,3163.0,3163.0,3108.0,3134.3,31846600,3447.7,2820.9,3839.9,2896.0,3139.2,16,1,3139.0,55,7,3138.9,44,4,3138.8,25,1,3138.7,60,5,3139.4,13,1,3139.5,9,1,3139.8,73,1,3139.9,85,1,3140.0,5,1
2031,2026-06-16 14:47:55+05:30,3139.0,5,3134.77,3023317,119647.0,198360.0,3163.0,3163.0,3108.0,3134.3,31846600,3447.7,2820.9,3839.9,2896.0,3139.2,16,1,3139.0,55,7,3138.9,44,4,3138.8,25,1,3138.7,60,5,3139.4,13,1,3139.5,9,1,3139.8,73,1,3139.9,85,1,3140.0,5,1
2031,2026-06-16 14:47:56+05:30,3139.4,13,3134.77,3023317,119647.0,198360.0,3163.0,3163.0,3108.0,3134.3,31846600,3447.7,2820.9,3839.9,2896.0,3139.2,16,1,3139.0,55,7,3138.9,44,4,3138.8,25,1,3138.7,60,5,3139.4,13,1,3139.5,9,1,3139.8,73,1,3139.9,85,1,3140.0,5,1
2031,2026-06-16 14:47:56+05:30,3139.4,9,3134.77,3023521,120831.0,198379.0,3163.0,3163.0,3108.0,3134.3,31846600,3447.7,2820.9,3839.9,2896.0,3139.4,15,1,3139.1,49,3,3139.0,71,9,3138.9,533,5,3138.8,95,4,3139.5,12,1,3139.6,21,1,3140.0,5,1,3140.2,43,1,3140.6,3,2
2031,2026-06-16 14:47:56+05:30,3139.4,9,3134.77,3023521,120831.0,198379.0,3163.0,3163.0,3108.0,3134.3,31846600,3447.7,2820.9,3839.9,2896.0,3139.4,15,1,3139.1,49,3,3139.0,71,9,3138.9,533,5,3138.8,95,4,3139.5,12,1,3139.6,21,1,3140.0,5,1,3140.2,43,1,3140.6,3,2
2031,2026-06-16 14:47:57+05:30,3139.4,9,3134.77,3023521,120831.0,198379.0,3163.0,3163.0,3108.0,3134.3,31846600,3447.7,2820.9,3839.9,2896.0,3139.4,15,1,3139.1,49,3,3139.0,71,9,3138.9,533,5,3138.8,95,4,3139.5,12,1,3139.6,21,1,3140.0,5,1,3140.2,43,1,3140.6,3,2
2031,2026-06-16 14:47:57+05:30,3140.8,10,3134.77,3023569,122306.0,197155.0,3163.0,3163.0,3108.0,3134.3,31846600,3447.7,2820.9,3839.9,2896.0,3139.7,77,5,3139.6,218,6,3139.5,184,14,3139.4,66,4,3139.3,104,4,3140.5,13,1,3140.6,13,1,3140.8,190,1,3141.3,620,4,3141.4,13,1
2031,2026-06-16 14:47:57+05:30,3140.8,10,3134.77,3023569,122306.0,197155.0,3163.0,3163.0,3108.0,3134.3,31843600,3447.7,2820.9,3839.9,2896.0,3139.7,77,5,3139.6,218,6,3139.5,184,14,3139.4,66,4,3139.3,104,4,3140.5,13,1,3140.6,13,1,3140.8,190,1,3141.3,620,4,3141.4,13,1
2031,2026-06-16 14:47:58+05:30,3139.7,4,3134.77,3023569,122306.0,197155.0,3163.0,3163.0,3108.0,3134.3,31843600,3447.7,2820.9,3839.9,2896.0,3139.7,77,5,3139.6,218,6,3139.5,184,14,3139.4,66,4,3139.3,104,4,3140.5,13,1,3140.6,13,1,3140.8,190,1,3141.3,620,4,3141.4,13,1
2031,2026-06-16 14:47:58+05:30,3139.7,4,3134.77,3023603,121913.0,197265.0,3163.0,3163.0,3108.0,3134.3,31843600,3447.7,2820.9,3839.9,2896.0,3139.8,14,1,3139.7,99,6,3139.6,81,3,3139.5,134,14,3139.4,80,4,3140.3,26,2,3140.4,191,1,3140.5,18,1,3140.8,190,1,3141.3,620,4
2031,2026-06-16 14:47:59+05:30,3140.3,2,3134.77,3023603,121913.0,197265.0,3163.0,3163.0,3108.0,3134.3,31843600,3447.7,2820.9,3839.9,2896.0,3139.8,14,1,3139.7,99,6,3139.6,81,3,3139.5,134,14,3139.4,80,4,3140.3,26,2,3140.4,191,1,3140.5,18,1,3140.8,190,1,3141.3,620,4
2031,2026-06-16 14:47:59+05:30,3140.3,1,3134.77,3023773,121461.0,197942.0,3163.0,3163.0,3108.0,3134.3,31843600,3447.7,2820.9,3839.9,2896.0,3139.6,13,1,3139.5,93,11,3139.4,81,4,3139.3,21,1,3139.2,208,3,3140.3,130,3,3140.4,15,1,3140.5,18,1,3140.6,65,1,3140.8,190,1
2031,2026-06-16 14:48:00+05:30,3140.3,1,3134.77,3023773,121461.0,197942.0,3163.0,3163.0,3108.0,3134.3,31843600,3447.7,2820.9,3839.9,2896.0,3139.6,13,1,3139.5,93,11,3139.4,81,4,3139.3,21,1,3139.2,208,3,3140.3,130,3,3140.4,15,1,3140.5,18,1,3140.6,65,1,3140.8,190,1
2031,2026-06-16 14:48:00+05:30,3139.6,67,3134.77,3023981,121480.0,197652.0,3163.0,3163.0,3108.0,3134.3,31843600,3447.7,2820.9,3839.9,2896.0,3140.0,6,3,3139.9,7,1,3139.8,51,4,3139.7,24,2,3139.6,17,4,3140.3,134,3,3140.4,15,1,3141.3,620,4,3141.4,23,2,3141.5,220,2
2031,2026-06-16 14:48:01+05:30,3140.4,15,3134.77,3023981,121480.0,197652.0,3163.0,3163.0,3108.0,3134.3,31843600,3447.7,2820.9,3839.9,2896.0,3140.0,6,3,3139.9,7,1,3139.8,51,4,3139.7,24,2,3139.6,17,4,3140.3,134,3,3140.4,15,1,3141.3,620,4,3141.4,23,2,3141.5,220,2
2031,2026-06-16 14:48:01+05:30,3141.2,11,3134.77,3024277,123494.0,195404.0,3163.0,3163.0,3108.0,3134.3,31843600,3447.7,2820.9,3839.9,2896.0,3140.4,27,2,3140.3,34,2,3140.2,61,2,3140.1,84,3,3140.0,223,6,3141.3,600,3,3141.5,200,1,3141.6,132,1,3141.7,470,3,3142.0,204,5
2031,2026-06-16 14:48:02+05:30,3141.2,11,3134.77,3024277,123494.0,195404.0,3163.0,3163.0,3108.0,3134.3,31843600,3447.7,2820.9,3839.9,2896.0,3140.4,27,2,3140.3,34,2,3140.2,61,2,3140.1,84,3,3140.0,223,6,3141.3,600,3,3141.5,200,1,3141.6,132,1,3141.7,470,3,3142.0,204,5
2031,2026-06-16 14:48:02+05:30,3140.6,10,3134.77,3024810,122903.0,195380.0,3163.0,3163.0,3108.0,3134.3,31843600,3447.7,2820.9,3839.9,2896.0,3140.6,34,1,3140.5,21,1,3140.3,66,2,3140.2,217,3,3140.1,40,2,3141.9,48,2,3142.0,252,6,3142.1,11,2,3142.2,38,2,3142.3,29,1
2031,2026-06-16 14:48:03+05:30,3140.6,10,3134.77,3024810,122903.0,195380.0,3163.0,3163.0,3108.0,3134.3,31843600,3447.7,2820.9,3839.9,2896.0,3140.6,34,1,3140.5,21,1,3140.3,66,2,3140.2,217,3,3140.1,40,2,3141.9,48,2,3142.0,252,6,3142.1,11,2,3142.2,38,2,3142.3,29,1
2031,2026-06-16 14:48:03+05:30,3140.6,10,3134.77,3024810,123984.0,195999.0,3163.0,3163.0,3108.0,3134.3,31843600,3447.7,2820.9,3839.9,2896.0,3140.6,65,1,3140.4,15,1,3140.3,67,3,3140.2,215,3,3140.1,135,3,3141.3,1,1,3141.9,156,4,3142.0,194,5,3142.2,58,3,3142.4,652,6
2031,2026-06-16 14:48:04+05:30,3140.6,10,3134.77,3024810,124169.0,195839.0,3163.0,3163.0,3108.0,3134.3,31843600,3447.7,2820.9,3839.9,2896.0,3140.6,66,2,3140.5,48,2,3140.3,67,3,3140.2,253,5,3140.1,135,3,3141.3,1,1,3141.9,16,3,3142.0,194,5,3142.2,38,2,3142.4,652,6
2031,2026-06-16 14:48:06+05:30,3141.3,1,3134.77,3024811,127188.0,195198.0,3163.0,3163.0,3108.0,3134.3,31843600,3447.7,2820.9,3839.9,2896.0,3141.4,1,1,3141.3,38,1,3141.0,14,1,3140.9,42,5,3140.8,237,3,3141.9,8,2,3142.0,103,3,3142.4,28,1,3142.5,130,2,3142.6,40,1
2031,2026-06-16 14:48:06+05:30,3141.3,1,3134.77,3024811,127188.0,195198.0,3163.0,3163.0,3108.0,3134.3,31843600,3447.7,2820.9,3839.9,2896.0,3141.4,1,1,3141.3,38,1,3141.0,14,1,3140.9,42,5,3140.8,237,3,3141.9,8,2,3142.0,103,3,3142.4,28,1,3142.5,130,2,3142.6,40,1
2031,2026-06-16 14:48:07+05:30,3141.7,5,3134.77,3024811,127188.0,195198.0,3163.0,3163.0,3108.0,3134.3,31843600,3447.7,2820.9,3839.9,2896.0,3141.4,1,1,3141.3,38,1,3141.0,14,1,3140.9,42,5,3140.8,237,3,3141.9,8,2,3142.0,103,3,3142.4,28,1,3142.5,130,2,3142.6,40,1
2031,2026-06-16 14:48:07+05:30,3141.7,5,3134.77,3024826,127520.0,195378.0,3163.0,3163.0,3108.0,3134.3,31843600,3447.7,2820.9,3839.9,2896.0,3141.4,67,2,3141.3,38,1,3141.0,40,1,3140.9,26,4,3140.8,235,3,3141.7,8,1,3141.8,141,1,3141.9,6,1,3142.0,86,2,3142.4,86,2
2031,2026-06-16 14:48:08+05:30,3141.6,5,3134.77,3024826,127520.0,195378.0,3163.0,3163.0,3108.0,3134.3,31843600,3447.7,2820.9,3839.9,2896.0,3141.4,67,2,3141.3,38,1,3141.0,40,1,3140.9,26,4,3140.8,235,3,3141.7,8,1,3141.8,141,1,3141.9,6,1,3142.0,86,2,3142.4,86,2
2031,2026-06-16 14:48:08+05:30,3141.6,5,3134.77,3024844,127366.0,195300.0,3163.0,3163.0,3108.0,3134.3,31843600,3447.7,2820.9,3839.9,2896.0,3141.6,18,1,3141.4,60,1,3141.3,38,1,3141.0,40,1,3140.9,26,4,3141.7,175,3,3141.8,17,1,3141.9,6,1,3142.0,107,3,3142.2,78,2
2031,2026-06-16 14:48:09+05:30,3141.7,3,3134.77,3024844,127366.0,195300.0,3163.0,3163.0,3108.0,3134.3,31843600,3447.7,2820.9,3839.9,2896.0,3141.6,18,1,3141.4,60,1,3141.3,38,1,3141.0,40,1,3140.9,26,4,3141.7,175,3,3141.8,17,1,3141.9,6,1,3142.0,107,3,3142.2,78,2
2031,2026-06-16 14:48:09+05:30,3141.7,3,3134.78,3025097,127417.0,195283.0,3163.0,3163.0,3108.0,3134.3,31843600,3447.7,2820.9,3839.9,2896.0,3141.6,4,1,3141.2,18,1,3140.9,26,4,3140.7,21,1,3140.5,97,3,3141.7,59,3,3141.8,27,2,3141.9,6,1,3142.0,164,4,3142.1,1,1
2031,2026-06-16 14:48:10+05:30,3141.7,12,3134.78,3025097,127417.0,195283.0,3163.0,3163.0,3108.0,3134.3,31843600,3447.7,2820.9,3839.9,2896.0,3141.6,4,1,3141.2,18,1,3140.9,26,4,3140.7,21,1,3140.5,97,3,3141.7,59,3,3141.8,27,2,3141.9,6,1,3142.0,164,4,3142.1,1,1
2031,2026-06-16 14:48:10+05:30,3141.6,3,3134.78,3025210,127437.0,195081.0,3163.0,3163.0,3108.0,3134.3,31843600,3447.7,2820.9,3839.9,2896.0,3141.6,1,1,3140.9,26,4,3140.8,171,1,3140.7,146,3,3140.6,3,1,3141.8,9,1,3141.9,6,1,3142.0,127,4,3142.2,21,1,3142.3,94,2
2031,2026-06-16 14:48:11+05:30,3141.8,1,3134.78,3025210,127437.0,195081.0,3163.0,3163.0,3108.0,3134.3,31843600,3447.7,2820.9,3839.9,2896.0,3141.6,1,1,3140.9,26,4,3140.8,171,1,3140.7,146,3,3140.6,3,1,3141.8,9,1,3141.9,6,1,3142.0,127,4,3142.2,21,1,3142.3,94,2
2031,2026-06-16 14:48:11+05:30,3140.7,13,3134.78,3025363,126630.0,195709.0,3163.0,3163.0,3108.0,3134.3,31843600,3447.7,2820.9,3839.9,2896.0,3141.6,16,1,3140.7,4,2,3140.6,48,1,3140.5,75,4,3140.4,22,1,3141.8,28,2,3141.9,6,1,3142.0,106,3,3142.2,39,2,3142.3,136,3
2031,2026-06-16 14:48:12+05:30,3140.7,13,3134.78,3025363,126630.0,195709.0,3163.0,3163.0,3108.0,3134.3,31843600,3447.7,2820.9,3839.9,2896.0,3141.6,16,1,3140.7,4,2,3140.6,48,1,3140.5,75,4,3140.4,22,1,3141.8,28,2,3141.9,6,1,3142.0,106,3,3142.2,39,2,3142.3,136,3
2031,2026-06-16 14:48:12+05:30,3141.8,17,3134.78,3025592,127173.0,194971.0,3163.0,3163.0,3108.0,3134.3,31843600,3447.7,2820.9,3839.9,2896.0,3141.8,39,6,3141.6,74,3,3141.1,60,3,3141.0,34,2,3140.9,202,3,3141.9,5,1,3142.0,106,3,3142.6,65,1,3142.7,473,3,3142.9,257,3
2031,2026-06-16 14:48:13+05:30,3141.8,17,3134.78,3025592,127173.0,194971.0,3163.0,3163.0,3108.0,3134.3,31843600,3447.7,2820.9,3839.9,2896.0,3141.8,39,6,3141.6,74,3,3141.1,60,3,3141.0,34,2,3140.9,202,3,3141.9,5,1,3142.0,106,3,3142.6,65,1,3142.7,473,3,3142.9,257,3
2031,2026-06-16 14:48:13+05:30,3142.0,6,3134.78,3025679,127402.0,194808.0,3163.0,3163.0,3108.0,3134.3,31843600,3447.7,2820.9,3839.9,2896.0,3141.8,95,8,3141.6,58,2,3141.4,38,2,3141.2,12,1,3141.1,122,4,3141.9,13,1,3142.0,70,2,3142.7,400,2,3142.8,14,1,3142.9,256,2
2031,2026-06-16 14:48:14+05:30,3142.0,6,3134.78,3025679,127402.0,194808.0,3163.0,3163.0,3108.0,3134.3,31843600,3447.7,2820.9,3839.9,2896.0,3141.8,95,8,3141.6,58,2,3141.4,38,2,3141.2,12,1,3141.1,122,4,3141.9,13,1,3142.0,70,2,3142.7,400,2,3142.8,14,1,3142.9,256,2
2031,2026-06-16 14:48:14+05:30,3141.9,70,3134.78,3025894,127527.0,194824.0,3163.0,3163.0,3108.0,3134.3,31843600,3447.7,2820.9,3839.9,2896.0,3141.8,80,7,3141.7,25,1,3141.6,58,2,3141.2,12,1,3141.1,86,3,3141.9,6,1,3142.0,70,2,3142.7,400,2,3142.8,14,1,3142.9,310,3
2031,2026-06-16 14:48:15+05:30,3141.9,1,3134.78,3025894,127527.0,194824.0,3163.0,3163.0,3108.0,3134.3,31843600,3447.7,2820.9,3839.9,2896.0,3141.8,80,7,3141.7,25,1,3141.6,58,2,3141.2,12,1,3141.1,86,3,3141.9,6,1,3142.0,70,2,3142.7,400,2,3142.8,14,1,3142.9,310,3
2031,2026-06-16 14:48:15+05:30,3141.9,2,3134.78,3025900,127486.0,194822.0,3163.0,3163.0,3108.0,3134.3,31843600,3447.7,2820.9,3839.9,2896.0,3141.8,81,8,3141.7,25,1,3141.6,65,2,3141.2,12,1,3141.1,132,4,3142.0,70,2,3142.7,400,2,3142.8,14,1,3142.9,310,3,3143.0,352,3
2031,2026-06-16 14:48:16+05:30,3141.8,13,3134.78,3025900,127486.0,194822.0,3163.0,3163.0,3108.0,3134.3,31843600,3447.7,2820.9,3839.9,2896.0,3141.8,81,8,3141.7,25,1,3141.6,65,2,3141.2,12,1,3141.1,132,4,3142.0,70,2,3142.7,400,2,3142.8,14,1,3142.9,310,3,3143.0,352,3
2031,2026-06-16 14:48:16+05:30,3141.8,5,3134.78,3026036,127687.0,194926.0,3163.0,3163.0,3108.0,3134.3,31843600,3447.7,2820.9,3839.9,2896.0,3141.8,69,8,3141.7,25,1,3141.6,50,1,3141.1,86,3,3141.0,19,1,3141.9,13,1,3142.0,95,3,3142.5,74,2,3142.7,459,4,3142.8,68,3
2031,2026-06-16 14:48:17+05:30,3141.9,8,3134.78,3026036,127687.0,194926.0,3163.0,3163.0,3108.0,3134.3,31843600,3447.7,2820.9,3839.9,2896.0,3141.8,69,8,3141.7,25,1,3141.6,50,1,3141.1,86,3,3141.0,19,1,3141.9,13,1,3142.0,95,3,3142.5,74,2,3142.7,459,4,3142.8,68,3
2031,2026-06-16 14:48:17+05:30,3141.9,8,3134.78,3026049,127909.0,194713.0,3163.0,3163.0,3108.0,3134.3,31843600,3447.7,2820.9,3839.9,2896.0,3141.9,56,6,3141.8,13,2,3141.7,25,1,3141.6,50,1,3141.1,24,2,3142.0,95,3,3142.5,66,2,3142.7,422,4,3142.8,53,1,3142.9,279,3
2031,2026-06-16 14:48:18+05:30,3141.9,8,3134.78,3026049,128034.0,194688.0,3163.0,3163.0,3108.0,3134.3,31843600,3447.7,2820.9,3839.9,2896.0,3141.9,107,7,3141.8,13,2,3141.7,25,1,3141.6,69,2,3141.4,29,2,3142.0,95,3,3142.5,13,1,3142.7,400,2,3142.8,53,1,3142.9,256,2
2031,2026-06-16 14:48:19+05:30,3141.9,12,3134.78,3026049,128034.0,194688.0,3163.0,3163.0,3108.0,3134.3,31843600,3447.7,2820.9,3839.9,2896.0,3141.9,107,7,3141.8,13,2,3141.7,25,1,3141.6,69,2,3141.4,29,2,3142.0,95,3,3142.5,13,1,3142.7,400,2,3142.8,53,1,3142.9,256,2
2031,2026-06-16 14:48:19+05:30,3141.9,12,3134.78,3026100,128015.0,194823.0,3163.0,3163.0,3108.0,3134.3,31843600,3447.7,2820.9,3839.9,2896.0,3141.9,95,8,3141.8,13,2,3141.7,25,1,3141.6,50,1,3141.4,29,2,3142.0,165,4,3142.5,13,1,3142.7,400,2,3142.8,53,1,3142.9,256,2
2031,2026-06-16 14:48:20+05:30,3141.9,12,3134.78,3026100,127991.0,194822.0,3163.0,3163.0,3108.0,3134.3,31843600,3447.7,2820.9,3839.9,2896.0,3141.9,95,8,3141.8,13,2,3141.6,50,1,3141.4,29,2,3141.3,78,3,3142.0,165,4,3142.5,13,1,3142.7,400,2,3142.8,53,1,3142.9,256,2
2031,2026-06-16 14:48:21+05:30,3142.0,38,3134.78,3026100,127991.0,194822.0,3163.0,3163.0,3108.0,3134.3,31843600,3447.7,2820.9,3839.9,2896.0,3141.9,95,8,3141.8,13,2,3141.6,50,1,3141.4,29,2,3141.3,78,3,3142.0,165,4,3142.5,13,1,3142.7,400,2,3142.8,53,1,3142.9,256,2
2031,2026-06-16 14:48:21+05:30,3142.0,11,3134.78,3026329,128482.0,192714.0,3163.0,3163.0,3108.0,3134.3,31843600,3447.7,2820.9,3839.9,2896.0,3141.9,102,8,3141.8,13,2,3141.5,19,1,3141.3,85,3,3141.2,33,2,3142.0,17,1,3142.7,413,3,3142.9,200,1,3143.0,352,3,3143.1,387,5
2031,2026-06-16 14:48:22+05:30,3142.6,5,3134.78,3026329,128482.0,192714.0,3163.0,3163.0,3108.0,3134.3,31843600,3447.7,2820.9,3839.9,2896.0,3141.9,102,8,3141.8,13,2,3141.5,19,1,3141.3,85,3,3141.2,33,2,3142.0,17,1,3142.7,413,3,3142.9,200,1,3143.0,352,3,3143.1,387,5
2031,2026-06-16 14:48:22+05:30,3142.6,5,3134.78,3026351,128973.0,194450.0,3163.0,3163.0,3108.0,3134.3,31843600,3447.7,2820.9,3839.9,2896.0,3142.0,84,7,3141.9,40,1,3141.8,32,3,3141.7,13,1,3141.6,15,2,3142.5,21,2,3142.7,400,2,3142.9,200,1,3143.0,352,3,3143.1,325,4
2031,2026-06-16 14:48:23+05:30,3142.4,16,3134.78,3026351,128973.0,194450.0,3163.0,3163.0,3108.0,3134.3,31843600,3447.7,2820.9,3839.9,2896.0,3142.0,84,7,3141.9,40,1,3141.8,32,3,3141.7,13,1,3141.6,15,2,3142.5,21,2,3142.7,400,2,3142.9,200,1,3143.0,352,3,3143.1,325,4
2031,2026-06-16 14:48:23+05:30,3142.4,16,3134.78,3026380,129134.0,194471.0,3163.0,3163.0,3108.0,3134.3,31843600,3447.7,2820.9,3839.9,2896.0,3142.0,55,6,3141.9,40,1,3141.8,13,2,3141.7,27,2,3141.6,3,1,3142.3,8,1,3142.4,91,1,3142.7,400,2,3142.9,200,1,3143.0,352,3
2031,2026-06-16 14:48:24+05:30,3142.0,1,3134.78,3026380,129134.0,194471.0,3163.0,3163.0,3108.0,3134.3,31843600,3447.7,2820.9,3839.9,2896.0,3142.0,55,6,3141.9,40,1,3141.8,13,2,3141.7,27,2,3141.6,3,1,3142.3,8,1,3142.4,91,1,3142.7,400,2,3142.9,200,1,3143.0,352,3
2031,2026-06-16 14:48:24+05:30,3142.0,1,3134.78,3026431,129053.0,194851.0,3163.0,3163.0,3108.0,3134.3,31843600,3447.7,2820.9,3839.9,2896.0,3142.0,97,7,3141.9,54,2,3141.8,13,2,3141.3,21,1,3141.2,14,1,3142.2,12,1,3142.3,126,2,3142.4,49,1,3142.5,49,1,3142.6,483,4
2031,2026-06-16 14:48:25+05:30,3141.9,102,3134.78,3027054,126919.0,195143.0,3163.0,3163.0,3108.0,3134.3,31843600,3447.7,2820.9,3839.9,2896.0,3141.1,27,2,3141.0,240,1,3140.9,37,2,3140.7,1,1,3140.5,83,2,3142.1,151,6,3142.2,109,3,3142.3,43,2,3142.4,103,4,3142.5,61,2
2031,2026-06-16 14:48:26+05:30,3142.1,8,3134.78,3027054,126919.0,195143.0,3163.0,3163.0,3108.0,3134.3,31843600,3447.7,2820.9,3839.9,2896.0,3141.1,27,2,3141.0,240,1,3140.9,37,2,3140.7,1,1,3140.5,83,2,3142.1,151,6,3142.2,109,3,3142.3,43,2,3142.4,103,4,3142.5,61,2
2031,2026-06-16 14:48:27+05:30,3142.1,7,3134.78,3027128,128327.0,195099.0,3163.0,3163.0,3108.0,3134.3,31843600,3447.7,2820.9,3839.9,2896.0,3141.1,24,1,3141.0,305,3,3140.9,86,3,3140.8,30,1,3140.7,21,3,3142.1,91,2,3142.2,77,1,3142.3,19,2,3142.4,49,1,3142.5,54,2
2031,2026-06-16 14:48:27+05:30,3142.1,7,3134.78,3027128,128327.0,195099.0,3163.0,3163.0,3108.0,3134.3,31843600,3447.7,2820.9,3839.9,2896.0,3141.1,24,1,3141.0,305,3,3140.9,86,3,3140.8,30,1,3140.7,21,3,3142.1,91,2,3142.2,77,1,3142.3,19,2,3142.4,49,1,3142.5,54,2
2031,2026-06-16 14:48:28+05:30,3142.1,7,3134.78,3027128,128699.0,195083.0,3163.0,3163.0,3108.0,3134.3,31843600,3447.7,2820.9,3839.9,2896.0,3141.2,13,1,3141.1,66,4,3141.0,424,7,3140.9,107,5,3140.8,71,3,3142.1,91,2,3142.2,77,1,3142.3,17,1,3142.4,49,1,3142.6,426,3
2031,2026-06-16 14:48:29+05:30,3142.0,1,3134.78,3027128,128699.0,195083.0,3163.0,3163.0,3108.0,3134.3,31843600,3447.7,2820.9,3839.9,2896.0,3141.2,13,1,3141.1,66,4,3141.0,424,7,3140.9,107,5,3140.8,71,3,3142.1,91,2,3142.2,77,1,3142.3,17,1,3142.4,49,1,3142.6,426,3
2031,2026-06-16 14:48:29+05:30,3142.0,1,3134.78,3027129,128789.0,195002.0,3163.0,3163.0,3108.0,3134.3,31843600,3447.7,2820.9,3839.9,2896.0,3141.2,2,1,3141.1,46,2,3141.0,324,4,3140.9,168,5,3140.8,50,3,3142.1,91,2,3142.2,77,1,3142.3,17,1,3142.4,49,1,3142.6,400,2
2031,2026-06-16 14:48:30+05:30,3142.1,17,3134.78,3027129,128789.0,195002.0,3163.0,3163.0,3108.0,3134.3,31843600,3447.7,2820.9,3839.9,2896.0,3141.2,2,1,3141.1,46,2,3141.0,324,4,3140.9,168,5,3140.8,50,3,3142.1,91,2,3142.2,77,1,3142.3,17,1,3142.4,49,1,3142.6,400,2
2031,2026-06-16 14:48:30+05:30,3142.1,17,3134.78,3027146,128691.0,195187.0,3163.0,3163.0,3108.0,3134.3,31843600,3447.7,2820.9,3839.9,2896.0,3141.4,13,1,3141.3,77,6,3141.2,61,7,3141.1,63,3,3141.0,397,8,3142.1,89,4,3142.2,77,1,3142.3,17,1,3142.4,49,1,3142.6,400,2
2031,2026-06-16 14:48:31+05:30,3142.1,39,3134.78,3027146,128691.0,195187.0,3163.0,3163.0,3108.0,3134.3,31843600,3447.7,2820.9,3839.9,2896.0,3141.4,13,1,3141.3,77,6,3141.2,61,7,3141.1,63,3,3141.0,397,8,3142.1,89,4,3142.2,77,1,3142.3,17,1,3142.4,49,1,3142.6,400,2
2031,2026-06-16 14:48:31+05:30,3141.3,6,3134.78,3027285,128417.0,195097.0,3163.0,3163.0,3108.0,3134.3,31843600,3447.7,2820.9,3839.9,2896.0,3141.3,80,5,3141.2,49,6,3141.1,219,4,3141.0,381,7,3140.9,91,4,3142.1,51,5,3142.2,77,1,3142.3,17,1,3142.4,49,1,3142.6,400,2
2031,2026-06-16 14:48:32+05:30,3142.0,11,3134.78,3027285,128417.0,195097.0,3163.0,3163.0,3108.0,3134.3,31843600,3447.7,2820.9,3839.9,2896.0,3141.3,80,5,3141.2,49,6,3141.1,219,4,3141.0,381,7,3140.9,91,4,3142.1,51,5,3142.2,77,1,3142.3,17,1,3142.4,49,1,3142.6,400,2
2031,2026-06-16 14:48:32+05:30,3142.0,11,3134.78,3027298,128688.0,194939.0,3163.0,3163.0,3108.0,3134.3,31843600,3447.7,2820.9,3839.9,2896.0,3142.0,289,8,3141.9,19,1,3141.8,11,1,3141.6,38,3,3141.5,21,1,3142.1,122,6,3142.2,77,1,3142.3,17,1,3142.4,49,1,3142.6,400,2
2031,2026-06-16 14:48:33+05:30,3142.8,1,3134.78,3027298,128688.0,194939.0,3163.0,3163.0,3108.0,3134.3,31843600,3447.7,2820.9,3839.9,2896.0,3142.0,289,8,3141.9,19,1,3141.8,11,1,3141.6,38,3,3141.5,21,1,3142.1,122,6,3142.2,77,1,3142.3,17,1,3142.4,49,1,3142.6,400,2
2031,2026-06-16 14:48:33+05:30,3142.8,1,3134.78,3028459,129455.0,194444.0,3163.0,3163.0,3108.0,3134.3,31843600,3447.7,2820.9,3839.9,2896.0,3142.0,129,8,3141.8,62,1,3141.6,62,3,3141.5,28,3,3141.4,31,2,3142.1,27,1,3142.8,73,2,3143.0,420,2,3143.2,412,3,3143.3,120,2
2031,2026-06-16 14:48:34+05:30,3142.1,10,3134.78,3028459,129455.0,194444.0,3163.0,3163.0,3108.0,3134.3,31843600,3447.7,2820.9,3839.9,2896.0,3142.0,129,8,3141.8,62,1,3141.6,62,3,3141.5,28,3,3141.4,31,2,3142.1,27,1,3142.8,73,2,3143.0,420,2,3143.2,412,3,3143.3,120,2
2031,2026-06-16 14:48:34+05:30,3142.1,14,3134.78,3028486,128249.0,193978.0,3163.0,3163.0,3108.0,3134.3,31843600,3447.7,2820.9,3839.9,2896.0,3142.1,2,1,3142.0,171,10,3141.5,21,1,3141.4,57,3,3141.3,41,3,3142.3,400,2,3142.5,86,1,3142.6,132,1,3142.7,412,3,3142.9,1,1
2031,2026-06-16 14:48:35+05:30,3142.1,55,3134.78,3028486,128249.0,193978.0,3163.0,3163.0,3108.0,3134.3,31843600,3447.7,2820.9,3839.9,2896.0,3142.1,2,1,3142.0,171,10,3141.5,21,1,3141.4,57,3,3141.3,41,3,3142.3,400,2,3142.5,86,1,3142.6,132,1,3142.7,412,3,3142.9,1,1
2031,2026-06-16 14:48:35+05:30,3142.0,1,3134.78,3028649,128149.0,194165.0,3163.0,3163.0,3108.0,3134.3,31843600,3447.7,2820.9,3839.9,2896.0,3142.0,101,9,3141.8,14,1,3141.5,21,1,3141.4,12,1,3141.3,22,2,3142.3,411,3,3142.5,86,1,3142.6,132,1,3142.7,413,4,3142.8,22,1
2031,2026-06-16 14:48:36+05:30,3142.3,38,3134.78,3028649,128149.0,194165.0,3163.0,3163.0,3108.0,3134.3,31843600,3447.7,2820.9,3839.9,2896.0,3142.0,101,9,3141.8,14,1,3141.5,21,1,3141.4,12,1,3141.3,22,2,3142.3,411,3,3142.5,86,1,3142.6,132,1,3142.7,413,4,3142.8,22,1
2031,2026-06-16 14:48:36+05:30,3142.0,3,3134.78,3028697,129939.0,194173.0,3163.0,3163.0,3108.0,3134.3,31843600,3447.7,2820.9,3839.9,2896.0,3142.1,16,1,3142.0,99,9,3141.5,21,1,3141.3,22,2,3141.2,36,4,3142.2,38,1,3142.3,362,2,3142.5,86,1,3142.6,132,1,3142.7,400,2
2031,2026-06-16 14:48:37+05:30,3142.2,33,3134.78,3028697,129939.0,194173.0,3163.0,3163.0,3108.0,3134.3,31843600,3447.7,2820.9,3839.9,2896.0,3142.1,16,1,3142.0,99,9,3141.5,21,1,3141.3,22,2,3141.2,36,4,3142.2,38,1,3142.3,362,2,3142.5,86,1,3142.6,132,1,3142.7,400,2
2031,2026-06-16 14:48:37+05:30,3142.2,33,3134.78,3028697,129939.0,194173.0,3163.0,3163.0,3108.0,3134.3,31843600,3447.7,2820.9,3839.9,2896.0,3142.1,16,1,3142.0,99,9,3141.5,21,1,3141.3,22,2,3141.2,36,4,3142.2,38,1,3142.3,362,2,3142.5,86,1,3142.6,132,1,3142.7,400,2
2031,2026-06-16 14:48:37+05:30,3142.3,5,3134.78,3028741,130113.0,194198.0,3163.0,3163.0,3108.0,3134.3,31843600,3447.7,2820.9,3839.9,2896.0,3142.2,72,8,3142.0,41,1,3141.5,40,2,3141.3,36,3,3141.2,64,6,3142.3,391,3,3142.5,97,2,3142.6,132,1,3142.7,400,2,3142.9,42,2
2031,2026-06-16 14:48:38+05:30,3142.3,5,3134.78,3028741,130113.0,194198.0,3163.0,3163.0,3108.0,3134.3,31843600,3447.7,2820.9,3839.9,2896.0,3142.2,72,8,3142.0,41,1,3141.5,40,2,3141.3,36,3,3141.2,64,6,3142.3,391,3,3142.5,97,2,3142.6,132,1,3142.7,400,2,3142.9,42,2
2031,2026-06-16 14:48:38+05:30,3142.2,5,3134.78,3028919,130145.0,194257.0,3163.0,3163.0,3108.0,3134.3,31843600,3447.7,2820.9,3839.9,2896.0,3142.2,99,8,3142.0,41,1,3141.8,36,2,3141.7,30,2,3141.6,31,2,3142.3,35,1,3142.4,51,1,3142.5,11,1,3143.0,420,2,3143.1,391,2
2031,2026-06-16 14:48:39+05:30,3142.2,5,3134.78,3028919,130145.0,194257.0,3163.0,3163.0,3108.0,3134.3,31843600,3447.7,2820.9,3839.9,2896.0,3142.2,99,8,3142.0,41,1,3141.8,36,2,3141.7,30,2,3141.6,31,2,3142.3,35,1,3142.4,51,1,3142.5,11,1,3143.0,420,2,3143.1,391,2
2031,2026-06-16 14:48:39+05:30,3142.2,5,3134.78,3028919,130145.0,194257.0,3163.0,3163.0,3108.0,3134.3,31843600,3447.7,2820.9,3839.9,2896.0,3142.2,99,8,3142.0,41,1,3141.8,36,2,3141.7,30,2,3141.6,31,2,3142.3,35,1,3142.4,51,1,3142.5,11,1,3143.0,420,2,3143.1,391,2
2031,2026-06-16 14:48:40+05:30,3142.2,5,3134.78,3028919,130143.0,194216.0,3163.0,3163.0,3108.0,3134.3,31843600,3447.7,2820.9,3839.9,2896.0,3142.2,99,8,3142.0,41,1,3141.8,36,2,3141.7,30,2,3141.6,31,2,3142.3,35,1,3142.4,51,1,3142.5,11,1,3143.0,420,2,3143.1,391,2
2031,2026-06-16 14:48:41+05:30,3142.3,11,3134.78,3028919,130143.0,194216.0,3163.0,3163.0,3108.0,3134.3,31843600,3447.7,2820.9,3839.9,2896.0,3142.2,99,8,3142.0,41,1,3141.8,36,2,3141.7,30,2,3141.6,31,2,3142.3,35,1,3142.4,51,1,3142.5,11,1,3143.0,420,2,3143.1,391,2
2031,2026-06-16 14:48:41+05:30,3142.3,11,3134.78,3028938,130244.0,194171.0,3163.0,3163.0,3108.0,3134.3,31843600,3447.7,2820.9,3839.9,2896.0,3142.3,28,1,3142.2,99,8,3142.0,41,1,3141.8,36,2,3141.7,84,3,3142.4,51,1,3143.0,420,2,3143.1,391,2,3143.2,51,1,3143.3,142,2
2031,2026-06-16 14:48:41+05:30,3142.3,11,3134.78,3028938,130244.0,194171.0,3163.0,3163.0,3108.0,3134.3,31843600,3447.7,2820.9,3839.9,2896.0,3142.3,28,1,3142.2,99,8,3142.0,41,1,3141.8,36,2,3141.7,84,3,3142.4,51,1,3143.0,420,2,3143.1,391,2,3143.2,51,1,3143.3,142,2
2031,2026-06-16 14:48:42+05:30,3142.4,13,3134.78,3028938,130244.0,194171.0,3163.0,3163.0,3108.0,3134.3,31843600,3447.7,2820.9,3839.9,2896.0,3142.3,28,1,3142.2,99,8,3142.0,41,1,3141.8,36,2,3141.7,84,3,3142.4,51,1,3143.0,420,2,3143.1,391,2,3143.2,51,1,3143.3,142,2
2031,2026-06-16 14:48:42+05:30,3142.4,13,3134.79,3029039,130673.0,193532.0,3163.0,3163.0,3108.0,3134.3,31843600,3447.7,2820.9,3839.9,2896.0,3142.4,41,4,3142.3,89,3,3142.2,49,2,3142.0,60,2,3141.9,63,2,3143.0,420,2,3143.4,391,2,3143.5,59,1,3143.6,155,3,3143.7,297,4
2031,2026-06-16 14:48:43+05:30,3142.4,5,3134.79,3029039,130673.0,193532.0,3163.0,3163.0,3108.0,3134.3,31843600,3447.7,2820.9,3839.9,2896.0,3142.4,41,4,3142.3,89,3,3142.2,49,2,3142.0,60,2,3141.9,63,2,3143.0,420,2,3143.4,391,2,3143.5,59,1,3143.6,155,3,3143.7,297,4
2031,2026-06-16 14:48:43+05:30,3142.4,5,3134.79,3029045,130577.0,194269.0,3163.0,3163.0,3108.0,3134.3,31843600,3447.7,2820.9,3839.9,2896.0,3142.4,36,4,3142.3,123,3,3142.2,49,2,3142.0,41,1,3141.9,63,2,3142.8,12,1,3142.9,71,1,3143.0,445,3,3143.1,78,3,3143.3,212,2
2031,2026-06-16 14:48:44+05:30,3142.8,16,3134.79,3029045,130577.0,194269.0,3163.0,3163.0,3108.0,3134.3,31843600,3447.7,2820.9,3839.9,2896.0,3142.4,36,4,3142.3,123,3,3142.2,49,2,3142.0,41,1,3141.9,63,2,3142.8,12,1,3142.9,71,1,3143.0,445,3,3143.1,78,3,3143.3,212,2
2031,2026-06-16 14:48:44+05:30,3142.8,16,3134.79,3029045,130577.0,194269.0,3163.0,3163.0,3108.0,3134.3,31843600,3447.7,2820.9,3839.9,2896.0,3142.4,36,4,3142.3,123,3,3142.2,49,2,3142.0,41,1,3141.9,63,2,3142.8,12,1,3142.9,71,1,3143.0,445,3,3143.1,78,3,3143.3,212,2
2031,2026-06-16 14:48:44+05:30,3142.7,5,3134.79,3029078,130021.0,194309.0,3163.0,3163.0,3108.0,3134.3,31843600,3447.7,2820.9,3839.9,2896.0,3142.6,16,1,3142.4,88,5,3142.3,95,2,3142.2,49,2,3142.0,41,1,3142.7,8,1,3142.8,8,1,3142.9,71,1,3143.0,446,4,3143.1,78,3
2031,2026-06-16 14:48:45+05:30,3142.7,1,3134.79,3029078,130021.0,194309.0,3163.0,3163.0,3108.0,3134.3,31843600,3447.7,2820.9,3839.9,2896.0,3142.6,16,1,3142.4,88,5,3142.3,95,2,3142.2,49,2,3142.0,41,1,3142.7,8,1,3142.8,8,1,3142.9,71,1,3143.0,446,4,3143.1,78,3
2031,2026-06-16 14:48:45+05:30,3142.7,2,3134.79,3029084,129473.0,193877.0,3163.0,3163.0,3108.0,3134.3,31843600,3447.7,2820.9,3839.9,2896.0,3142.6,1,1,3142.4,88,5,3142.3,95,2,3142.2,42,1,3142.0,41,1,3142.7,25,2,3142.8,148,5,3142.9,116,2,3143.0,479,5,3143.2,448,3
2031,2026-06-16 14:48:46+05:30,3142.7,1,3134.79,3029084,129473.0,193877.0,3163.0,3163.0,3108.0,3134.3,31843600,3447.7,2820.9,3839.9,2896.0,3142.6,1,1,3142.4,88,5,3142.3,95,2,3142.2,42,1,3142.0,41,1,3142.7,25,2,3142.8,148,5,3142.9,116,2,3143.0,479,5,3143.2,448,3
2031,2026-06-16 14:48:46+05:30,3142.7,1,3134.79,3029084,129473.0,193877.0,3163.0,3163.0,3108.0,3134.3,31843600,3447.7,2820.9,3839.9,2896.0,3142.6,1,1,3142.4,88,5,3142.3,95,2,3142.2,42,1,3142.0,41,1,3142.7,25,2,3142.8,148,5,3142.9,116,2,3143.0,479,5,3143.2,448,3
2031,2026-06-16 14:48:46+05:30,3142.5,3,3134.79,3029505,129534.0,194680.0,3163.0,3163.0,3108.0,3134.3,31843600,3447.7,2820.9,3839.9,2896.0,3142.5,3,1,3142.4,39,4,3142.3,110,3,3142.2,42,1,3141.9,21,1,3142.6,7,1,3142.7,363,7,3142.8,78,1,3142.9,71,1,3143.0,942,9
2031,2026-06-16 14:48:47+05:30,3142.6,5,3134.79,3029505,129534.0,194680.0,3163.0,3163.0,3108.0,3134.3,31843600,3447.7,2820.9,3839.9,2896.0,3142.5,3,1,3142.4,39,4,3142.3,110,3,3142.2,42,1,3141.9,21,1,3142.6,7,1,3142.7,363,7,3142.8,78,1,3142.9,71,1,3143.0,942,9
2031,2026-06-16 14:48:47+05:30,3142.6,1,3134.79,3029527,129677.0,194363.0,3163.0,3163.0,3108.0,3134.3,31843600,3447.7,2820.9,3839.9,2896.0,3142.6,30,3,3142.5,3,1,3142.3,110,3,3142.2,42,1,3141.9,21,1,3142.7,215,3,3142.8,78,1,3142.9,71,1,3143.0,420,3,3143.3,22,2
2031,2026-06-16 14:48:48+05:30,3142.7,1,3134.79,3029527,129677.0,194363.0,3163.0,3163.0,3108.0,3134.3,31843600,3447.7,2820.9,3839.9,2896.0,3142.6,30,3,3142.5,3,1,3142.3,110,3,3142.2,42,1,3141.9,21,1,3142.7,215,3,3142.8,78,1,3142.9,71,1,3143.0,420,3,3143.3,22,2
2031,2026-06-16 14:48:48+05:30,3142.7,1,3134.79,3029527,129677.0,194363.0,3163.0,3163.0,3108.0,3134.3,31843600,3447.7,2820.9,3839.9,2896.0,3142.6,30,3,3142.5,3,1,3142.3,110,3,3142.2,42,1,3141.9,21,1,3142.7,215,3,3142.8,78,1,3142.9,71,1,3143.0,420,3,3143.3,22,2
2031,2026-06-16 14:48:48+05:30,3142.6,1,3134.79,3029554,130091.0,194296.0,3163.0,3163.0,3108.0,3134.3,31843600,3447.7,2820.9,3839.9,2896.0,3142.6,41,4,3142.5,3,1,3142.3,95,2,3142.2,42,1,3142.0,12,1,3142.7,203,3,3142.8,78,1,3142.9,71,1,3143.0,419,2,3143.2,43,1
2031,2026-06-16 14:48:49+05:30,3142.6,1,3134.79,3029554,130091.0,194296.0,3163.0,3163.0,3108.0,3134.3,31843600,3447.7,2820.9,3839.9,2896.0,3142.6,41,4,3142.5,3,1,3142.3,95,2,3142.2,42,1,3142.0,12,1,3142.7,203,3,3142.8,78,1,3142.9,71,1,3143.0,419,2,3143.2,43,1
2031,2026-06-16 14:48:49+05:30,3142.7,148,3134.79,3029764,130192.0,194246.0,3163.0,3163.0,3108.0,3134.3,31843600,3447.7,2820.9,3839.9,2896.0,3142.6,37,4,3142.5,3,1,3142.3,95,2,3142.2,42,1,3141.9,86,3,3142.7,149,6,3142.8,78,1,3142.9,71,1,3143.0,462,3,3143.1,21,1
2031,2026-06-16 14:48:49+05:30,3142.7,148,3134.79,3029764,130192.0,194246.0,3163.0,3163.0,3108.0,3134.3,31843600,3447.7,2820.9,3839.9,2896.0,3142.6,37,4,3142.5,3,1,3142.3,95,2,3142.2,42,1,3141.9,86,3,3142.7,149,6,3142.8,78,1,3142.9,71,1,3143.0,462,3,3143.1,21,1
2031,2026-06-16 14:48:50+05:30,3142.7,148,3134.79,3029764,130192.0,194246.0,3163.0,3163.0,3108.0,3134.3,31843600,3447.7,2820.9,3839.9,2896.0,3142.6,37,4,3142.5,3,1,3142.3,95,2,3142.2,42,1,3141.9,86,3,3142.7,149,6,3142.8,78,1,3142.9,71,1,3143.0,462,3,3143.1,21,1
2031,2026-06-16 14:48:50+05:30,3142.7,148,3134.79,3029764,130192.0,194246.0,3163.0,3163.0,3108.0,3134.3,31843600,3447.7,2820.9,3839.9,2896.0,3142.6,37,4,3142.5,3,1,3142.3,95,2,3142.2,42,1,3141.9,86,3,3142.7,149,6,3142.8,78,1,3142.9,71,1,3143.0,462,3,3143.1,21,1
2031,2026-06-16 14:48:50+05:30,3142.6,10,3134.79,3029776,130547.0,194136.0,3163.0,3163.0,3108.0,3134.3,31843600,3447.7,2820.9,3839.9,2896.0,3142.6,34,4,3142.5,3,1,3142.3,95,2,3142.2,57,2,3142.1,30,2,3142.7,136,5,3142.8,78,1,3142.9,71,1,3143.0,419,2,3143.7,610,8
2031,2026-06-16 14:48:51+05:30,3142.6,10,3134.79,3029776,130547.0,194136.0,3163.0,3163.0,3108.0,3134.3,31843600,3447.7,2820.9,3839.9,2896.0,3142.6,34,4,3142.5,3,1,3142.3,95,2,3142.2,57,2,3142.1,30,2,3142.7,136,5,3142.8,78,1,3142.9,71,1,3143.0,419,2,3143.7,610,8
2031,2026-06-16 14:48:51+05:30,3142.7,38,3134.79,3029776,130547.0,194136.0,3163.0,3163.0,3108.0,3134.3,31843600,3447.7,2820.9,3839.9,2896.0,3142.6,34,4,3142.5,3,1,3142.3,95,2,3142.2,57,2,3142.1,30,2,3142.7,136,5,3142.8,78,1,3142.9,71,1,3143.0,419,2,3143.7,610,8
2031,2026-06-16 14:48:51+05:30,3142.7,38,3134.79,3029776,130547.0,194136.0,3163.0,3163.0,3108.0,3134.3,31843600,3447.7,2820.9,3839.9,2896.0,3142.6,34,4,3142.5,3,1,3142.3,95,2,3142.2,57,2,3142.1,30,2,3142.7,136,5,3142.8,78,1,3142.9,71,1,3143.0,419,2,3143.7,610,8
2031,2026-06-16 14:48:51+05:30,3142.7,11,3134.79,3029839,129492.0,194224.0,3163.0,3163.0,3108.0,3134.3,31843600,3447.7,2820.9,3839.9,2896.0,3142.6,60,5,3142.5,3,1,3142.3,45,1,3142.2,42,1,3142.1,20,1,3142.7,188,7,3142.8,91,2,3142.9,71,1,3143.0,419,2,3143.4,491,4
2031,2026-06-16 14:48:52+05:30,3142.9,44,3134.79,3029839,129492.0,194224.0,3163.0,3163.0,3108.0,3134.3,31843600,3447.7,2820.9,3839.9,2896.0,3142.6,60,5,3142.5,3,1,3142.3,45,1,3142.2,42,1,3142.1,20,1,3142.7,188,7,3142.8,91,2,3142.9,71,1,3143.0,419,2,3143.4,491,4
2031,2026-06-16 14:48:52+05:30,3142.9,44,3134.79,3029839,129492.0,194224.0,3163.0,3163.0,3108.0,3134.3,31843600,3447.7,2820.9,3839.9,2896.0,3142.6,60,5,3142.5,3,1,3142.3,45,1,3142.2,42,1,3142.1,20,1,3142.7,188,7,3142.8,91,2,3142.9,71,1,3143.0,419,2,3143.4,491,4
2031,2026-06-16 14:48:52+05:30,3142.9,44,3134.79,3030349,130500.0,193787.0,3163.0,3163.0,3108.0,3134.3,31843600,3447.7,2820.9,3839.9,2896.0,3142.7,45,5,3142.6,17,1,3142.5,3,1,3142.3,45,1,3142.2,42,1,3142.9,64,1,3143.0,419,2,3143.6,57,1,3143.7,118,3,3143.8,468,5
2031,2026-06-16 14:48:53+05:30,3142.9,1,3134.79,3030349,130500.0,193787.0,3163.0,3163.0,3108.0,3134.3,31843600,3447.7,2820.9,3839.9,2896.0,3142.7,45,5,3142.6,17,1,3142.5,3,1,3142.3,45,1,3142.2,42,1,3142.9,64,1,3143.0,419,2,3143.6,57,1,3143.7,118,3,3143.8,468,5
2031,2026-06-16 14:48:53+05:30,3142.9,1,3134.79,3030349,130500.0,193787.0,3163.0,3163.0,3108.0,3134.3,31843600,3447.7,2820.9,3839.9,2896.0,3142.7,45,5,3142.6,17,1,3142.5,3,1,3142.3,45,1,3142.2,42,1,3142.9,64,1,3143.0,419,2,3143.6,57,1,3143.7,118,3,3143.8,468,5
2031,2026-06-16 14:48:53+05:30,3142.8,10,3134.79,3030360,130702.0,193790.0,3163.0,3163.0,3108.0,3134.3,31843600,3447.7,2820.9,3839.9,2896.0,3142.7,137,7,3142.6,17,1,3142.5,3,1,3142.4,46,3,3142.3,55,2,3142.8,3,1,3142.9,63,1,3143.0,419,2,3143.6,57,1,3143.7,118,3
2031,2026-06-16 14:48:54+05:30,3142.7,10,3134.79,3030360,130702.0,193790.0,3163.0,3163.0,3108.0,3134.3,31843600,3447.7,2820.9,3839.9,2896.0,3142.7,137,7,3142.6,17,1,3142.5,3,1,3142.4,46,3,3142.3,55,2,3142.8,3,1,3142.9,63,1,3143.0,419,2,3143.6,57,1,3143.7,118,3
2031,2026-06-16 14:48:54+05:30,3142.7,10,3134.79,3030360,130702.0,193790.0,3163.0,3163.0,3108.0,3134.3,31843600,3447.7,2820.9,3839.9,2896.0,3142.7,137,7,3142.6,17,1,3142.5,3,1,3142.4,46,3,3142.3,55,2,3142.8,3,1,3142.9,63,1,3143.0,419,2,3143.6,57,1,3143.7,118,3
2031,2026-06-16 14:48:55+05:30,3142.9,52,3134.79,3030425,130685.0,193743.0,3163.0,3163.0,3108.0,3134.3,31843600,3447.7,2820.9,3839.9,2896.0,3142.7,146,9,3142.5,19,1,3142.4,25,1,3142.3,45,1,3142.2,144,5,3142.9,11,1,3143.0,419,2,3143.7,2,1,3143.8,401,3,3143.9,85,1
2031,2026-06-16 14:48:55+05:30,3142.9,52,3134.79,3030425,130685.0,193743.0,3163.0,3163.0,3108.0,3134.3,31843600,3447.7,2820.9,3839.9,2896.0,3142.7,146,9,3142.5,19,1,3142.4,25,1,3142.3,45,1,3142.2,144,5,3142.9,11,1,3143.0,419,2,3143.7,2,1,3143.8,401,3,3143.9,85,1
2031,2026-06-16 14:48:55+05:30,3142.9,52,3134.79,3030425,130685.0,193743.0,3163.0,3163.0,3108.0,3134.3,31843600,3447.7,2820.9,3839.9,2896.0,3142.7,146,9,3142.5,19,1,3142.4,25,1,3142.3,45,1,3142.2,144,5,3142.9,11,1,3143.0,419,2,3143.7,2,1,3143.8,401,3,3143.9,85,1
2031,2026-06-16 14:48:56+05:30,3142.9,13,3134.79,3030425,130685.0,193743.0,3163.0,3163.0,3108.0,3134.3,31843600,3447.7,2820.9,3839.9,2896.0,3142.7,146,9,3142.5,19,1,3142.4,25,1,3142.3,45,1,3142.2,144,5,3142.9,11,1,3143.0,419,2,3143.7,2,1,3143.8,401,3,3143.9,85,1
2031,2026-06-16 14:48:56+05:30,3142.9,13,3134.79,3030461,130709.0,193225.0,3163.0,3163.0,3108.0,3134.3,31843600,3447.7,2820.9,3839.9,2896.0,3142.9,2,1,3142.7,78,7,3142.6,15,1,3142.3,138,4,3142.2,71,3,3143.0,419,2,3143.8,59,4,3143.9,514,4,3144.0,137,3,3144.1,166,2
2031,2026-06-16 14:48:56+05:30,3142.9,13,3134.79,3030461,130709.0,193225.0,3163.0,3163.0,3108.0,3134.3,31843600,3447.7,2820.9,3839.9,2896.0,3142.9,2,1,3142.7,78,7,3142.6,15,1,3142.3,138,4,3142.2,71,3,3143.0,419,2,3143.8,59,4,3143.9,514,4,3144.0,137,3,3144.1,166,2
2031,2026-06-16 14:48:57+05:30,3143.0,31,3134.79,3030461,130709.0,193225.0,3163.0,3163.0,3108.0,3134.3,31843600,3447.7,2820.9,3839.9,2896.0,3142.9,2,1,3142.7,78,7,3142.6,15,1,3142.3,138,4,3142.2,71,3,3143.0,419,2,3143.8,59,4,3143.9,514,4,3144.0,137,3,3144.1,166,2
2031,2026-06-16 14:48:57+05:30,3143.0,31,3134.79,3030461,130709.0,193225.0,3163.0,3163.0,3108.0,3134.3,31843600,3447.7,2820.9,3839.9,2896.0,3142.9,2,1,3142.7,78,7,3142.6,15,1,3142.3,138,4,3142.2,71,3,3143.0,419,2,3143.8,59,4,3143.9,514,4,3144.0,137,3,3144.1,166,2
2031,2026-06-16 14:48:57+05:30,3143.0,31,3134.79,3030533,130596.0,193235.0,3163.0,3163.0,3108.0,3134.3,31843600,3447.7,2820.9,3839.9,2896.0,3142.9,102,6,3142.7,63,3,3142.3,39,2,3142.2,43,3,3142.1,130,4,3143.0,383,2,3143.1,52,1,3143.7,1,1,3143.8,407,4,3143.9,85,1
2031,2026-06-16 14:48:58+05:30,3143.0,148,3134.79,3030533,130596.0,193235.0,3163.0,3163.0,3108.0,3134.3,31843600,3447.7,2820.9,3839.9,2896.0,3142.9,102,6,3142.7,63,3,3142.3,39,2,3142.2,43,3,3142.1,130,4,3143.0,383,2,3143.1,52,1,3143.7,1,1,3143.8,407,4,3143.9,85,1
2031,2026-06-16 14:48:58+05:30,3143.0,148,3134.79,3030533,130596.0,193235.0,3163.0,3163.0,3108.0,3134.3,31844600,3447.7,2820.9,3839.9,2896.0,3142.9,102,6,3142.7,63,3,3142.3,39,2,3142.2,43,3,3142.1,130,4,3143.0,383,2,3143.1,52,1,3143.7,1,1,3143.8,407,4,3143.9,85,1
2031,2026-06-16 14:48:58+05:30,3143.0,148,3134.79,3030737,130510.0,193285.0,3163.0,3163.0,3108.0,3134.3,31844600,3447.7,2820.9,3839.9,2896.0,3142.9,40,5,3142.7,59,3,3142.3,20,1,3142.2,29,2,3142.1,68,3,3143.0,391,3,3143.1,65,2,3143.5,1,1,3143.6,38,1,3143.7,41,1
2031,2026-06-16 14:48:59+05:30,3142.9,13,3134.79,3030737,130510.0,193285.0,3163.0,3163.0,3108.0,3134.3,31844600,3447.7,2820.9,3839.9,2896.0,3142.9,40,5,3142.7,59,3,3142.3,20,1,3142.2,29,2,3142.1,68,3,3143.0,391,3,3143.1,65,2,3143.5,1,1,3143.6,38,1,3143.7,41,1
2031,2026-06-16 14:48:59+05:30,3142.9,13,3134.79,3030785,130459.0,193299.0,3163.0,3163.0,3108.0,3134.3,31844600,3447.7,2820.9,3839.9,2896.0,3142.9,27,5,3142.7,59,3,3142.3,20,1,3142.2,10,1,3142.1,32,2,3143.0,362,4,3143.1,65,2,3143.3,79,2,3143.4,21,1,3143.5,1,1
2031,2026-06-16 14:49:00+05:30,3143.0,2,3134.79,3030785,130459.0,193299.0,3163.0,3163.0,3108.0,3134.3,31844600,3447.7,2820.9,3839.9,2896.0,3142.9,27,5,3142.7,59,3,3142.3,20,1,3142.2,10,1,3142.1,32,2,3143.0,362,4,3143.1,65,2,3143.3,79,2,3143.4,21,1,3143.5,1,1
2031,2026-06-16 14:49:00+05:30,3143.0,2,3134.79,3030804,130597.0,193322.0,3163.0,3163.0,3108.0,3134.3,31844600,3447.7,2820.9,3839.9,2896.0,3142.9,36,7,3142.7,42,1,3142.3,20,1,3142.1,32,2,3142.0,81,5,3143.0,370,6,3143.1,65,2,3143.4,61,2,3143.5,1,1,3143.6,100,3
2031,2026-06-16 14:49:01+05:30,3143.0,39,3134.79,3030804,130597.0,193322.0,3163.0,3163.0,3108.0,3134.3,31844600,3447.7,2820.9,3839.9,2896.0,3142.9,36,7,3142.7,42,1,3142.3,20,1,3142.1,32,2,3142.0,81,5,3143.0,370,6,3143.1,65,2,3143.4,61,2,3143.5,1,1,3143.6,100,3
2031,2026-06-16 14:49:01+05:30,3143.0,39,3134.79,3031031,130555.0,193069.0,3163.0,3163.0,3108.0,3134.3,31844600,3447.7,2820.9,3839.9,2896.0,3142.9,36,6,3142.7,42,1,3142.3,20,1,3142.1,32,2,3142.0,101,7,3143.0,202,5,3143.1,52,1,3143.4,40,1,3143.5,38,1,3143.6,62,2
2031,2026-06-16 14:49:02+05:30,3143.0,42,3134.79,3031031,130555.0,193069.0,3163.0,3163.0,3108.0,3134.3,31844600,3447.7,2820.9,3839.9,2896.0,3142.9,36,6,3142.7,42,1,3142.3,20,1,3142.1,32,2,3142.0,101,7,3143.0,202,5,3143.1,52,1,3143.4,40,1,3143.5,38,1,3143.6,62,2
2031,2026-06-16 14:49:02+05:30,3143.0,42,3134.79,3031287,130520.0,192873.0,3163.0,3163.0,3108.0,3134.3,31844600,3447.7,2820.9,3839.9,2896.0,3142.9,9,2,3142.7,42,1,3142.3,20,1,3142.1,32,2,3142.0,82,6,3143.0,6,1,3143.1,52,1,3143.4,40,1,3143.5,38,1,3143.6,62,2
2031,2026-06-16 14:49:03+05:30,3143.0,42,3134.79,3031287,130577.0,192814.0,3163.0,3163.0,3108.0,3134.3,31844600,3447.7,2820.9,3839.9,2896.0,3142.9,47,3,3142.7,42,1,3142.3,20,1,3142.1,32,2,3142.0,82,6,3143.0,6,1,3143.1,52,1,3143.6,41,1,3143.8,508,8,3143.9,139,2
2031,2026-06-16 14:49:04+05:30,3143.0,1,3134.79,3031287,130577.0,192814.0,3163.0,3163.0,3108.0,3134.3,31844600,3447.7,2820.9,3839.9,2896.0,3142.9,47,3,3142.7,42,1,3142.3,20,1,3142.1,32,2,3142.0,82,6,3143.0,6,1,3143.1,52,1,3143.6,41,1,3143.8,508,8,3143.9,139,2
2031,2026-06-16 14:49:04+05:30,3142.9,4,3134.79,3031302,130242.0,193223.0,3163.0,3163.0,3108.0,3134.3,31844600,3447.7,2820.9,3839.9,2896.0,3142.9,44,4,3142.7,60,2,3142.3,20,1,3142.1,20,1,3142.0,19,3,3143.0,274,7,3143.1,52,1,3143.2,136,4,3143.4,87,3,3143.5,392,3
2031,2026-06-16 14:49:05+05:30,3142.9,38,3134.79,3031302,130242.0,193223.0,3163.0,3163.0,3108.0,3134.3,31844600,3447.7,2820.9,3839.9,2896.0,3142.9,44,4,3142.7,60,2,3142.3,20,1,3142.1,20,1,3142.0,19,3,3143.0,274,7,3143.1,52,1,3143.2,136,4,3143.4,87,3,3143.5,392,3
2031,2026-06-16 14:49:05+05:30,3142.9,37,3134.79,3031496,129977.0,193406.0,3163.0,3163.0,3108.0,3134.3,31844600,3447.7,2820.9,3839.9,2896.0,3142.7,60,2,3142.1,20,1,3142.0,16,2,3141.9,33,2,3141.7,20,1,3142.9,71,1,3143.0,302,8,3143.1,127,2,3143.2,499,5,3143.3,1,1
2031,2026-06-16 14:49:06+05:30,3142.9,28,3134.79,3031496,129977.0,193406.0,3163.0,3163.0,3108.0,3134.3,31844600,3447.7,2820.9,3839.9,2896.0,3142.7,60,2,3142.1,20,1,3142.0,16,2,3141.9,33,2,3141.7,20,1,3142.9,71,1,3143.0,302,8,3143.1,127,2,3143.2,499,5,3143.3,1,1
2031,2026-06-16 14:49:06+05:30,3142.3,1,3134.79,3031752,128691.0,194228.0,3163.0,3163.0,3108.0,3134.3,31844600,3447.7,2820.9,3839.9,2896.0,3142.0,15,2,3141.9,12,1,3141.5,21,1,3141.4,21,1,3141.3,58,3,3142.3,1,1,3142.8,38,3,3142.9,62,3,3143.0,764,10,3143.1,151,5
2031,2026-06-16 14:49:07+05:30,3142.3,1,3134.79,3031752,128691.0,194228.0,3163.0,3163.0,3108.0,3134.3,31844600,3447.7,2820.9,3839.9,2896.0,3142.0,15,2,3141.9,12,1,3141.5,21,1,3141.4,21,1,3141.3,58,3,3142.3,1,1,3142.8,38,3,3142.9,62,3,3143.0,764,10,3143.1,151,5
2031,2026-06-16 14:49:07+05:30,3142.3,1,3134.79,3031753,129218.0,194412.0,3163.0,3163.0,3108.0,3134.3,31844600,3447.7,2820.9,3839.9,2896.0,3142.0,15,2,3141.9,12,1,3141.5,21,1,3141.4,77,2,3141.3,58,3,3142.3,2,2,3142.8,24,2,3142.9,452,4,3143.0,403,9,3143.1,110,4
2031,2026-06-16 14:49:08+05:30,3142.3,38,3134.79,3031801,129419.0,194337.0,3163.0,3163.0,3108.0,3134.3,31844600,3447.7,2820.9,3839.9,2896.0,3142.3,2,1,3142.0,29,3,3141.9,12,1,3141.7,22,1,3141.5,21,1,3142.7,200,1,3142.8,10,1,3142.9,61,2,3143.0,507,8,3143.1,62,4
2031,2026-06-16 14:49:09+05:30,3142.2,1,3134.79,3031801,129419.0,194337.0,3163.0,3163.0,3108.0,3134.3,31844600,3447.7,2820.9,3839.9,2896.0,3142.3,2,1,3142.0,29,3,3141.9,12,1,3141.7,22,1,3141.5,21,1,3142.7,200,1,3142.8,10,1,3142.9,61,2,3143.0,507,8,3143.1,62,4
2031,2026-06-16 14:49:09+05:30,3142.2,1,3134.79,3031992,128659.0,194636.0,3163.0,3163.0,3108.0,3134.3,31844600,3447.7,2820.9,3839.9,2896.0,3141.4,19,2,3141.3,61,2,3141.2,54,3,3141.1,155,4,3141.0,43,5,3142.2,199,1,3142.3,2,1,3142.6,5,1,3142.7,44,2,3142.8,392,3
2031,2026-06-16 14:49:10+05:30,3142.2,1,3134.79,3031992,128705.0,194633.0,3163.0,3163.0,3108.0,3134.3,31844600,3447.7,2820.9,3839.9,2896.0,3141.4,30,2,3141.3,125,5,3141.2,35,2,3141.1,106,3,3141.0,62,6,3142.2,199,1,3142.3,2,1,3142.7,44,2,3142.8,391,2,3142.9,48,4
2031,2026-06-16 14:49:11+05:30,3142.2,38,3134.79,3031992,128705.0,194633.0,3163.0,3163.0,3108.0,3134.3,31844600,3447.7,2820.9,3839.9,2896.0,3141.4,30,2,3141.3,125,5,3141.2,35,2,3141.1,106,3,3141.0,62,6,3142.2,199,1,3142.3,2,1,3142.7,44,2,3142.8,391,2,3142.9,48,4
2031,2026-06-16 14:49:11+05:30,3141.8,11,3134.79,3032042,127539.0,195398.0,3163.0,3163.0,3108.0,3134.3,31844600,3447.7,2820.9,3839.9,2896.0,3141.4,17,1,3141.0,2,2,3140.9,21,1,3140.7,1,1,3140.5,21,1,3141.8,149,1,3141.9,48,2,3142.0,20,1,3142.1,68,5,3142.2,107,4
2031,2026-06-16 14:49:12+05:30,3141.8,111,3134.79,3032042,127539.0,195398.0,3163.0,3163.0,3108.0,3134.3,31844600,3447.7,2820.9,3839.9,2896.0,3141.4,17,1,3141.0,2,2,3140.9,21,1,3140.7,1,1,3140.5,21,1,3141.8,149,1,3141.9,48,2,3142.0,20,1,3142.1,68,5,3142.2,107,4
2031,2026-06-16 14:49:12+05:30,3141.8,111,3134.79,3032191,127789.0,194873.0,3163.0,3163.0,3108.0,3134.3,31844600,3447.7,2820.9,3839.9,2896.0,3141.8,56,6,3141.4,17,1,3141.1,21,1,3141.0,2,2,3140.9,40,2,3142.1,10,1,3142.2,24,1,3142.3,2,1,3142.4,23,1,3142.5,391,2
2031,2026-06-16 14:49:13+05:30,3141.8,16,3134.79,3032191,127789.0,194873.0,3163.0,3163.0,3108.0,3134.3,31844600,3447.7,2820.9,3839.9,2896.0,3141.8,56,6,3141.4,17,1,3141.1,21,1,3141.0,2,2,3140.9,40,2,3142.1,10,1,3142.2,24,1,3142.3,2,1,3142.4,23,1,3142.5,391,2
2031,2026-06-16 14:49:13+05:30,3141.8,16,3134.79,3032307,127902.0,195012.0,3163.0,3163.0,3108.0,3134.3,31844600,3447.7,2820.9,3839.9,2896.0,3141.8,27,5,3141.4,17,1,3141.1,21,1,3141.0,62,3,3140.9,40,2,3142.1,10,1,3142.2,24,1,3142.5,391,2,3142.7,133,2,3142.8,248,6
2031,2026-06-16 14:49:14+05:30,3142.2,1,3134.79,3032308,128366.0,194707.0,3163.0,3163.0,3108.0,3134.3,31844600,3447.7,2820.9,3839.9,2896.0,3141.8,28,6,3141.4,36,2,3141.2,94,3,3141.1,105,4,3141.0,81,4,3142.1,5,1,3142.5,391,2,3142.7,87,2,3142.8,132,1,3142.9,483,5
2031,2026-06-16 14:49:15+05:30,3141.8,1,3134.79,3032308,128366.0,194707.0,3163.0,3163.0,3108.0,3134.3,31844600,3447.7,2820.9,3839.9,2896.0,3141.8,28,6,3141.4,36,2,3141.2,94,3,3141.1,105,4,3141.0,81,4,3142.1,5,1,3142.5,391,2,3142.7,87,2,3142.8,132,1,3142.9,483,5
2031,2026-06-16 14:49:15+05:30,3141.8,1,3134.79,3032509,128048.0,194639.0,3163.0,3163.0,3108.0,3134.3,31844600,3447.7,2820.9,3839.9,2896.0,3142.0,2,2,3141.8,58,7,3141.5,19,1,3141.4,19,1,3141.3,20,1,3142.1,5,1,3142.6,2,1,3142.7,23,1,3142.8,391,2,3142.9,43,1
2031,2026-06-16 14:49:16+05:30,3142.1,21,3134.79,3032509,128048.0,194639.0,3163.0,3163.0,3108.0,3134.3,31844600,3447.7,2820.9,3839.9,2896.0,3142.0,2,2,3141.8,58,7,3141.5,19,1,3141.4,19,1,3141.3,20,1,3142.1,5,1,3142.6,2,1,3142.7,23,1,3142.8,391,2,3142.9,43,1
2031,2026-06-16 14:49:16+05:30,3142.1,13,3134.79,3032548,128734.0,194611.0,3163.0,3163.0,3108.0,3134.3,31844600,3447.7,2820.9,3839.9,2896.0,3142.0,2,2,3141.8,58,7,3141.3,20,1,3141.1,59,4,3141.0,116,7,3142.1,10,1,3142.3,1,1,3142.4,391,2,3142.6,86,1,3142.7,133,2
2031,2026-06-16 14:49:17+05:30,3142.1,59,3134.79,3032548,128734.0,194611.0,3163.0,3163.0,3108.0,3134.3,31844600,3447.7,2820.9,3839.9,2896.0,3142.0,2,2,3141.8,58,7,3141.3,20,1,3141.1,59,4,3141.0,116,7,3142.1,10,1,3142.3,1,1,3142.4,391,2,3142.6,86,1,3142.7,133,2
2031,2026-06-16 14:49:17+05:30,3142.3,1,3134.79,3032626,128991.0,194558.0,3163.0,3163.0,3108.0,3134.3,31844600,3447.7,2820.9,3839.9,2896.0,3142.1,25,3,3142.0,41,3,3141.8,1,1,3141.3,20,1,3141.2,3,1,3142.3,1,1,3142.4,391,2,3142.6,86,1,3142.7,133,2,3142.8,220,2
2031,2026-06-16 14:49:18+05:30,3142.1,1,3134.79,3032626,128991.0,194558.0,3163.0,3163.0,3108.0,3134.3,31844600,3447.7,2820.9,3839.9,2896.0,3142.1,25,3,3142.0,41,3,3141.8,1,1,3141.3,20,1,3141.2,3,1,3142.3,1,1,3142.4,391,2,3142.6,86,1,3142.7,133,2,3142.8,220,2
2031,2026-06-16 14:49:19+05:30,3142.3,76,3134.79,3032784,128515.0,194564.0,3163.0,3163.0,3108.0,3134.3,31844600,3447.7,2820.9,3839.9,2896.0,3142.1,48,3,3142.0,41,3,3141.8,17,2,3141.3,34,2,3141.2,63,2,3142.3,2,2,3142.4,391,2,3142.6,86,1,3142.7,132,1,3142.8,201,2
2031,2026-06-16 14:49:19+05:30,3142.3,76,3134.79,3032784,128515.0,194564.0,3163.0,3163.0,3108.0,3134.3,31844600,3447.7,2820.9,3839.9,2896.0,3142.1,48,3,3142.0,41,3,3141.8,17,2,3141.3,34,2,3141.2,63,2,3142.3,2,2,3142.4,391,2,3142.6,86,1,3142.7,132,1,3142.8,201,2
2031,2026-06-16 14:49:20+05:30,3142.3,1,3134.79,3032785,128516.0,194629.0,3163.0,3163.0,3108.0,3134.3,31844600,3447.7,2820.9,3839.9,2896.0,3142.1,48,3,3142.0,41,3,3141.8,17,2,3141.3,20,1,3141.2,17,2,3142.3,2,2,3142.4,391,2,3142.6,86,1,3142.7,132,1,3142.8,201,2
2031,2026-06-16 14:49:20+05:30,3142.3,1,3134.79,3032785,128516.0,194629.0,3163.0,3163.0,3108.0,3134.3,31844600,3447.7,2820.9,3839.9,2896.0,3142.1,48,3,3142.0,41,3,3141.8,17,2,3141.3,20,1,3141.2,17,2,3142.3,2,2,3142.4,391,2,3142.6,86,1,3142.7,132,1,3142.8,201,2
2031,2026-06-16 14:49:21+05:30,3142.3,5,3134.79,3032792,128729.0,194380.0,3163.0,3163.0,3108.0,3134.3,31844600,3447.7,2820.9,3839.9,2896.0,3142.3,31,1,3142.2,17,3,3142.1,48,3,3142.0,39,1,3141.8,1,1,3142.4,391,2,3142.6,86,1,3142.7,132,1,3142.8,200,1,3142.9,282,3
2031,2026-06-16 14:49:21+05:30,3142.3,5,3134.79,3032792,128729.0,194380.0,3163.0,3163.0,3108.0,3134.3,31844600,3447.7,2820.9,3839.9,2896.0,3142.3,31,1,3142.2,17,3,3142.1,48,3,3142.0,39,1,3141.8,1,1,3142.4,391,2,3142.6,86,1,3142.7,132,1,3142.8,200,1,3142.9,282,3
2031,2026-06-16 14:49:21+05:30,3142.3,30,3134.79,3032822,128979.0,194214.0,3163.0,3163.0,3108.0,3134.3,31844600,3447.7,2820.9,3839.9,2896.0,3142.3,40,2,3142.2,17,3,3142.1,48,3,3142.0,39,1,3141.9,15,1,3142.4,15,2,3142.5,391,2,3142.7,86,1,3142.8,132,1,3142.9,443,3
2031,2026-06-16 14:49:22+05:30,3142.4,11,3134.79,3032822,128979.0,194214.0,3163.0,3163.0,3108.0,3134.3,31844600,3447.7,2820.9,3839.9,2896.0,3142.3,40,2,3142.2,17,3,3142.1,48,3,3142.0,39,1,3141.9,15,1,3142.4,15,2,3142.5,391,2,3142.7,86,1,3142.8,132,1,3142.9,443,3
2031,2026-06-16 14:49:23+05:30,3142.4,143,3134.8,3032991,128684.0,194232.0,3163.0,3163.0,3108.0,3134.3,31844600,3447.7,2820.9,3839.9,2896.0,3142.3,40,2,3142.2,2,2,3142.1,55,2,3142.0,39,1,3141.9,15,1,3142.4,46,1,3142.5,470,3,3142.7,124,2,3142.8,132,1,3142.9,501,5
2031,2026-06-16 14:49:23+05:30,3142.4,143,3134.8,3032991,128684.0,194232.0,3163.0,3163.0,3108.0,3134.3,31844600,3447.7,2820.9,3839.9,2896.0,3142.3,40,2,3142.2,2,2,3142.1,55,2,3142.0,39,1,3141.9,15,1,3142.4,46,1,3142.5,470,3,3142.7,124,2,3142.8,132,1,3142.9,501,5
2031,2026-06-16 14:49:24+05:30,3142.4,1,3134.8,3032993,128621.0,194384.0,3163.0,3163.0,3108.0,3134.3,31844600,3447.7,2820.9,3839.9,2896.0,3142.3,39,1,3142.2,2,2,3142.1,55,2,3142.0,39,1,3141.9,15,1,3142.4,117,2,3142.5,470,3,3142.7,124,2,3142.8,132,1,3142.9,501,5
2031,2026-06-16 14:49:24+05:30,3142.4,1,3134.8,3032993,128621.0,194384.0,3163.0,3163.0,3108.0,3134.3,31844600,3447.7,2820.9,3839.9,2896.0,3142.3,39,1,3142.2,2,2,3142.1,55,2,3142.0,39,1,3141.9,15,1,3142.4,117,2,3142.5,470,3,3142.7,124,2,3142.8,132,1,3142.9,501,5
2031,2026-06-16 14:49:25+05:30,3142.4,1,3134.8,3032994,128641.0,194425.0,3163.0,3163.0,3108.0,3134.3,31844600,3447.7,2820.9,3839.9,2896.0,3142.3,55,2,3142.2,2,2,3142.1,52,2,3142.0,39,1,3141.8,1,1,3142.4,176,4,3142.5,470,3,3142.7,86,1,3142.8,132,1,3142.9,443,3
2031,2026-06-16 14:49:25+05:30,3142.4,1,3134.8,3032994,128641.0,194425.0,3163.0,3163.0,3108.0,3134.3,31844600,3447.7,2820.9,3839.9,2896.0,3142.3,55,2,3142.2,2,2,3142.1,52,2,3142.0,39,1,3141.8,1,1,3142.4,176,4,3142.5,470,3,3142.7,86,1,3142.8,132,1,3142.9,443,3
2031,2026-06-16 14:49:26+05:30,3142.4,1,3134.8,3033215,128606.0,194130.0,3163.0,3163.0,3108.0,3134.3,31844600,3447.7,2820.9,3839.9,2896.0,3142.3,57,4,3142.1,38,1,3142.0,39,1,3141.6,19,1,3141.5,28,1,3142.4,72,1,3142.5,470,3,3142.7,86,1,3142.8,132,1,3142.9,443,3
2031,2026-06-16 14:49:26+05:30,3142.4,1,3134.8,3033215,128606.0,194130.0,3163.0,3163.0,3108.0,3134.3,31844600,3447.7,2820.9,3839.9,2896.0,3142.3,57,4,3142.1,38,1,3142.0,39,1,3141.6,19,1,3141.5,28,1,3142.4,72,1,3142.5,470,3,3142.7,86,1,3142.8,132,1,3142.9,443,3
2031,2026-06-16 14:49:27+05:30,3142.3,9,3134.8,3033224,128562.0,194166.0,3163.0,3163.0,3108.0,3134.3,31844600,3447.7,2820.9,3839.9,2896.0,3142.3,32,3,3142.1,63,3,3142.0,39,1,3141.6,19,1,3141.5,31,2,3142.4,72,1,3142.5,470,3,3142.7,86,1,3142.8,132,1,3142.9,443,3
2031,2026-06-16 14:49:27+05:30,3142.3,9,3134.8,3033224,128562.0,194166.0,3163.0,3163.0,3108.0,3134.3,31844600,3447.7,2820.9,3839.9,2896.0,3142.3,32,3,3142.1,63,3,3142.0,39,1,3141.6,19,1,3141.5,31,2,3142.4,72,1,3142.5,470,3,3142.7,86,1,3142.8,132,1,3142.9,443,3
2031,2026-06-16 14:49:28+05:30,3142.3,9,3134.8,3033224,128622.0,194115.0,3163.0,3163.0,3108.0,3134.3,31844600,3447.7,2820.9,3839.9,2896.0,3142.3,46,4,3142.1,49,2,3142.0,39,1,3141.6,19,1,3141.5,31,2,3142.4,72,1,3142.5,470,3,3142.7,86,1,3142.8,132,1,3142.9,443,3
2031,2026-06-16 14:49:29+05:30,3142.3,9,3134.8,3033224,128617.0,194115.0,3163.0,3163.0,3108.0,3134.3,31844600,3447.7,2820.9,3839.9,2896.0,3142.3,32,3,3142.2,11,1,3142.1,52,2,3142.0,39,1,3141.6,19,1,3142.4,112,2,3142.5,470,3,3142.7,86,1,3142.8,132,1,3142.9,443,3
2031,2026-06-16 14:49:30+05:30,3142.4,18,3134.8,3033384,128614.0,194441.0,3163.0,3163.0,3108.0,3134.3,31844600,3447.7,2820.9,3839.9,2896.0,3142.3,45,2,3142.1,52,2,3142.0,39,1,3141.6,10,1,3141.5,3,1,3142.4,95,3,3142.5,670,4,3142.7,86,1,3142.8,132,1,3142.9,463,4
2031,2026-06-16 14:49:30+05:30,3142.4,18,3134.8,3033384,128614.0,194441.0,3163.0,3163.0,3108.0,3134.3,31844600,3447.7,2820.9,3839.9,2896.0,3142.3,45,2,3142.1,52,2,3142.0,39,1,3141.6,10,1,3141.5,3,1,3142.4,95,3,3142.5,670,4,3142.7,86,1,3142.8,132,1,3142.9,463,4
2031,2026-06-16 14:49:31+05:30,3142.4,39,3134.8,3033384,128614.0,194441.0,3163.0,3163.0,3108.0,3134.3,31844600,3447.7,2820.9,3839.9,2896.0,3142.3,45,2,3142.1,52,2,3142.0,39,1,3141.6,10,1,3141.5,3,1,3142.4,95,3,3142.5,670,4,3142.7,86,1,3142.8,132,1,3142.9,463,4
2031,2026-06-16 14:49:31+05:30,3142.4,39,3134.8,3033429,128691.0,194370.0,3163.0,3163.0,3108.0,3134.3,31844600,3447.7,2820.9,3839.9,2896.0,3142.3,46,3,3142.1,52,2,3142.0,39,1,3141.9,19,1,3141.8,19,1,3142.4,50,3,3142.5,670,4,3142.7,86,1,3142.8,132,1,3142.9,443,3
2031,2026-06-16 14:49:32+05:30,3142.4,1,3134.8,3033429,128691.0,194370.0,3163.0,3163.0,3108.0,3134.3,31844600,3447.7,2820.9,3839.9,2896.0,3142.3,46,3,3142.1,52,2,3142.0,39,1,3141.9,19,1,3141.8,19,1,3142.4,50,3,3142.5,670,4,3142.7,86,1,3142.8,132,1,3142.9,443,3
2031,2026-06-16 14:49:32+05:30,3142.4,1,3134.8,3033486,129194.0,194293.0,3163.0,3163.0,3108.0,3134.3,31844600,3447.7,2820.9,3839.9,2896.0,3142.4,59,7,3142.3,70,5,3142.2,19,1,3142.1,38,1,3142.0,39,1,3142.5,279,2,3142.8,591,3,3142.9,43,1,3143.0,100,2,3143.1,132,1
2031,2026-06-16 14:49:33+05:30,3142.5,1,3134.8,3033487,129242.0,194410.0,3163.0,3163.0,3108.0,3134.3,31844600,3447.7,2820.9,3839.9,2896.0,3142.4,59,7,3142.3,70,5,3142.2,19,1,3142.1,38,1,3142.0,39,1,3142.5,303,3,3142.8,591,3,3142.9,43,1,3143.0,100,2,3143.1,132,1
2031,2026-06-16 14:49:34+05:30,3142.5,76,3134.8,3033487,129242.0,194410.0,3163.0,3163.0,3108.0,3134.3,31844600,3447.7,2820.9,3839.9,2896.0,3142.4,59,7,3142.3,70,5,3142.2,19,1,3142.1,38,1,3142.0,39,1,3142.5,303,3,3142.8,591,3,3142.9,43,1,3143.0,100,2,3143.1,132,1
2031,2026-06-16 14:49:34+05:30,3142.5,76,3134.8,3033641,129282.0,194544.0,3163.0,3163.0,3108.0,3134.3,31844600,3447.7,2820.9,3839.9,2896.0,3142.4,103,10,3142.3,39,3,3142.2,19,1,3142.1,54,2,3142.0,39,1,3142.5,227,3,3142.8,591,3,3142.9,43,1,3143.0,100,2,3143.1,132,1
2031,2026-06-16 14:49:35+05:30,3142.4,5,3134.8,3033641,129282.0,194544.0,3163.0,3163.0,3108.0,3134.3,31844600,3447.7,2820.9,3839.9,2896.0,3142.4,103,10,3142.3,39,3,3142.2,19,1,3142.1,54,2,3142.0,39,1,3142.5,227,3,3142.8,591,3,3142.9,43,1,3143.0,100,2,3143.1,132,1
2031,2026-06-16 14:49:35+05:30,3142.4,5,3134.8,3033651,129852.0,194587.0,3163.0,3163.0,3108.0,3134.3,31844600,3447.7,2820.9,3839.9,2896.0,3142.4,129,10,3142.3,72,5,3142.1,57,2,3142.0,58,2,3141.8,87,4,3142.5,257,4,3142.8,591,3,3142.9,43,1,3143.0,100,2,3143.1,132,1
2031,2026-06-16 14:49:36+05:30,3142.5,38,3134.8,3033651,129852.0,194587.0,3163.0,3163.0,3108.0,3134.3,31844600,3447.7,2820.9,3839.9,2896.0,3142.4,129,10,3142.3,72,5,3142.1,57,2,3142.0,58,2,3141.8,87,4,3142.5,257,4,3142.8,591,3,3142.9,43,1,3143.0,100,2,3143.1,132,1
2031,2026-06-16 14:49:36+05:30,3142.4,10,3134.8,3033800,129672.0,194551.0,3163.0,3163.0,3108.0,3134.3,31844600,3447.7,2820.9,3839.9,2896.0,3142.4,75,8,3142.3,73,5,3142.1,38,1,3142.0,58,2,3141.8,147,5,3142.5,219,5,3142.8,591,3,3142.9,43,1,3143.0,100,2,3143.1,132,1
2031,2026-06-16 14:49:37+05:30,3142.5,3,3134.8,3033800,129672.0,194551.0,3163.0,3163.0,3108.0,3134.3,31844600,3447.7,2820.9,3839.9,2896.0,3142.4,75,8,3142.3,73,5,3142.1,38,1,3142.0,58,2,3141.8,147,5,3142.5,219,5,3142.8,591,3,3142.9,43,1,3143.0,100,2,3143.1,132,1
2031,2026-06-16 14:49:37+05:30,3142.5,3,3134.8,3034032,129705.0,194231.0,3163.0,3163.0,3108.0,3134.3,31844600,3447.7,2820.9,3839.9,2896.0,3142.5,46,5,3142.4,66,2,3142.3,54,4,3142.2,38,2,3142.1,81,2,3142.8,591,3,3142.9,43,1,3143.0,100,2,3143.1,132,1,3143.2,400,2
2031,2026-06-16 14:49:38+05:30,3142.5,3,3134.8,3034032,129705.0,194231.0,3163.0,3163.0,3108.0,3134.3,31844600,3447.7,2820.9,3839.9,2896.0,3142.5,46,5,3142.4,66,2,3142.3,54,4,3142.2,38,2,3142.1,81,2,3142.8,591,3,3142.9,43,1,3143.0,100,2,3143.1,132,1,3143.2,400,2
2031,2026-06-16 14:49:38+05:30,3142.5,3,3134.8,3034032,129694.0,194395.0,3163.0,3163.0,3108.0,3134.3,31844600,3447.7,2820.9,3839.9,2896.0,3142.6,25,2,3142.5,27,4,3142.4,50,1,3142.3,64,4,3142.2,38,2,3142.8,731,6,3142.9,43,1,3143.0,100,2,3143.1,132,1,3143.2,400,2
2031,2026-06-16 14:49:39+05:30,3142.5,3,3134.8,3034032,129690.0,194401.0,3163.0,3163.0,3108.0,3134.3,31844600,3447.7,2820.9,3839.9,2896.0,3142.6,25,2,3142.5,27,4,3142.4,65,2,3142.3,48,3,3142.1,38,1,3142.8,737,7,3142.9,43,1,3143.0,100,2,3143.1,132,1,3143.2,400,2
2031,2026-06-16 14:49:39+05:30,3142.5,3,3134.8,3034032,129690.0,194401.0,3163.0,3163.0,3108.0,3134.3,31844600,3447.7,2820.9,3839.9,2896.0,3142.6,25,2,3142.5,27,4,3142.4,65,2,3142.3,48,3,3142.1,38,1,3142.8,737,7,3142.9,43,1,3143.0,100,2,3143.1,132,1,3143.2,400,2
2031,2026-06-16 14:49:40+05:30,3142.8,8,3134.8,3034040,130036.0,194264.0,3163.0,3163.0,3108.0,3134.3,31844600,3447.7,2820.9,3839.9,2896.0,3142.6,25,2,3142.5,27,4,3142.4,65,2,3142.3,47,2,3142.1,38,1,3142.7,51,1,3142.8,138,4,3142.9,43,1,3143.0,14,1,3143.2,591,3
2031,2026-06-16 14:49:41+05:30,3142.6,1,3134.8,3034040,130036.0,194264.0,3163.0,3163.0,3108.0,3134.3,31844600,3447.7,2820.9,3839.9,2896.0,3142.6,25,2,3142.5,27,4,3142.4,65,2,3142.3,47,2,3142.1,38,1,3142.7,51,1,3142.8,138,4,3142.9,43,1,3143.0,14,1,3143.2,591,3
2031,2026-06-16 14:49:41+05:30,3142.6,1,3134.8,3034080,129968.0,194332.0,3163.0,3163.0,3108.0,3134.3,31844600,3447.7,2820.9,3839.9,2896.0,3142.6,24,2,3142.5,27,4,3142.4,65,2,3142.3,47,2,3142.1,38,1,3142.7,129,4,3142.8,88,3,3142.9,43,1,3143.0,14,1,3143.2,627,4
2031,2026-06-16 14:49:42+05:30,3142.7,34,3134.8,3034080,129968.0,194332.0,3163.0,3163.0,3108.0,3134.3,31844600,3447.7,2820.9,3839.9,2896.0,3142.6,24,2,3142.5,27,4,3142.4,65,2,3142.3,47,2,3142.1,38,1,3142.7,129,4,3142.8,88,3,3142.9,43,1,3143.0,14,1,3143.2,627,4
2031,2026-06-16 14:49:42+05:30,3142.7,34,3134.8,3034080,129968.0,194332.0,3163.0,3163.0,3108.0,3134.3,31844600,3447.7,2820.9,3839.9,2896.0,3142.6,24,2,3142.5,27,4,3142.4,65,2,3142.3,47,2,3142.1,38,1,3142.7,129,4,3142.8,88,3,3142.9,43,1,3143.0,14,1,3143.2,627,4
2031,2026-06-16 14:49:42+05:30,3142.7,16,3134.8,3034502,130044.0,194099.0,3163.0,3163.0,3108.0,3134.3,31844600,3447.7,2820.9,3839.9,2896.0,3142.7,20,4,3142.6,37,3,3142.4,50,1,3142.3,32,1,3142.1,68,2,3142.8,95,3,3142.9,43,1,3143.0,14,1,3143.2,591,3,3143.4,86,1
2031,2026-06-16 14:49:43+05:30,3142.7,16,3134.8,3034502,130044.0,194099.0,3163.0,3163.0,3108.0,3134.3,31844600,3447.7,2820.9,3839.9,2896.0,3142.7,20,4,3142.6,37,3,3142.4,50,1,3142.3,32,1,3142.1,68,2,3142.8,95,3,3142.9,43,1,3143.0,14,1,3143.2,591,3,3143.4,86,1
2031,2026-06-16 14:49:43+05:30,3142.7,16,3134.8,3034502,130108.0,194130.0,3163.0,3163.0,3108.0,3134.3,31844600,3447.7,2820.9,3839.9,2896.0,3142.7,20,4,3142.6,20,2,3142.4,50,1,3142.3,47,2,3142.1,68,2,3142.8,126,4,3142.9,43,1,3143.0,14,1,3143.2,591,3,3143.4,86,1
2031,2026-06-16 14:49:44+05:30,3142.8,1,3134.8,3034502,130108.0,194130.0,3163.0,3163.0,3108.0,3134.3,31844600,3447.7,2820.9,3839.9,2896.0,3142.7,20,4,3142.6,20,2,3142.4,50,1,3142.3,47,2,3142.1,68,2,3142.8,126,4,3142.9,43,1,3143.0,14,1,3143.2,591,3,3143.4,86,1
2031,2026-06-16 14:49:44+05:30,3142.8,1,3134.8,3034502,130108.0,194130.0,3163.0,3163.0,3108.0,3134.3,31844600,3447.7,2820.9,3839.9,2896.0,3142.7,20,4,3142.6,20,2,3142.4,50,1,3142.3,47,2,3142.1,68,2,3142.8,126,4,3142.9,43,1,3143.0,14,1,3143.2,591,3,3143.4,86,1
2031,2026-06-16 14:49:44+05:30,3142.8,1,3134.8,3034503,130107.0,194179.0,3163.0,3163.0,3108.0,3134.3,31844600,3447.7,2820.9,3839.9,2896.0,3142.7,58,5,3142.6,20,2,3142.4,50,1,3142.3,47,2,3142.0,21,2,3142.8,125,4,3142.9,43,1,3143.0,64,2,3143.2,591,3,3143.3,36,1
2031,2026-06-16 14:49:45+05:30,3142.8,8,3134.8,3034503,130107.0,194179.0,3163.0,3163.0,3108.0,3134.3,31844600,3447.7,2820.9,3839.9,2896.0,3142.7,58,5,3142.6,20,2,3142.4,50,1,3142.3,47,2,3142.0,21,2,3142.8,125,4,3142.9,43,1,3143.0,64,2,3143.2,591,3,3143.3,36,1
2031,2026-06-16 14:49:45+05:30,3142.8,1,3134.8,3035007,130374.0,192438.0,3163.0,3163.0,3108.0,3134.3,31844600,3447.7,2820.9,3839.9,2896.0,3142.7,72,7,3142.6,24,2,3142.5,32,1,3142.4,92,4,3142.3,82,3,3142.8,11,1,3143.0,64,2,3143.2,591,3,3143.4,86,1,3143.5,132,1
2031,2026-06-16 14:49:46+05:30,3142.8,11,3134.8,3035007,130374.0,192438.0,3163.0,3163.0,3108.0,3134.3,31844600,3447.7,2820.9,3839.9,2896.0,3142.7,72,7,3142.6,24,2,3142.5,32,1,3142.4,92,4,3142.3,82,3,3142.8,11,1,3143.0,64,2,3143.2,591,3,3143.4,86,1,3143.5,132,1
2031,2026-06-16 14:49:46+05:30,3142.8,8,3134.8,3035027,130704.0,192635.0,3163.0,3163.0,3108.0,3134.3,31844600,3447.7,2820.9,3839.9,2896.0,3142.8,36,3,3142.7,66,7,3142.6,82,6,3142.5,40,2,3142.4,42,3,3143.0,64,2,3143.2,591,3,3143.4,86,1,3143.5,132,1,3143.6,400,2
2031,2026-06-16 14:49:46+05:30,3142.8,8,3134.8,3035027,130704.0,192635.0,3163.0,3163.0,3108.0,3134.3,31844600,3447.7,2820.9,3839.9,2896.0,3142.8,36,3,3142.7,66,7,3142.6,82,6,3142.5,40,2,3142.4,42,3,3143.0,64,2,3143.2,591,3,3143.4,86,1,3143.5,132,1,3143.6,400,2
2031,2026-06-16 14:49:47+05:30,3143.0,4,3134.8,3035027,130704.0,192635.0,3163.0,3163.0,3108.0,3134.3,31844600,3447.7,2820.9,3839.9,2896.0,3142.8,36,3,3142.7,66,7,3142.6,82,6,3142.5,40,2,3142.4,42,3,3143.0,64,2,3143.2,591,3,3143.4,86,1,3143.5,132,1,3143.6,400,2
2031,2026-06-16 14:49:47+05:30,3143.0,17,3134.8,3035108,130899.0,192561.0,3163.0,3163.0,3108.0,3134.3,31844600,3447.7,2820.9,3839.9,2896.0,3143.0,1,1,3142.8,28,2,3142.7,59,4,3142.6,66,5,3142.4,42,3,3143.2,591,3,3143.4,86,1,3143.5,332,2,3143.6,200,1,3143.7,1,1
2031,2026-06-16 14:49:48+05:30,3143.0,17,3134.8,3035108,130899.0,192561.0,3163.0,3163.0,3108.0,3134.3,31844600,3447.7,2820.9,3839.9,2896.0,3143.0,1,1,3142.8,28,2,3142.7,59,4,3142.6,66,5,3142.4,42,3,3143.2,591,3,3143.4,86,1,3143.5,332,2,3143.6,200,1,3143.7,1,1
2031,2026-06-16 14:49:48+05:30,3143.0,17,3134.8,3035108,130899.0,192561.0,3163.0,3163.0,3108.0,3134.3,31844600,3447.7,2820.9,3839.9,2896.0,3143.0,1,1,3142.8,28,2,3142.7,59,4,3142.6,66,5,3142.4,42,3,3143.2,591,3,3143.4,86,1,3143.5,332,2,3143.6,200,1,3143.7,1,1
2031,2026-06-16 14:49:48+05:30,3143.0,24,3134.8,3035133,130708.0,192476.0,3163.0,3163.0,3108.0,3134.3,31844600,3447.7,2820.9,3839.9,2896.0,3143.0,34,2,3142.9,18,1,3142.8,54,3,3142.7,62,4,3142.6,54,4,3143.2,693,4,3143.4,86,1,3143.5,332,2,3143.6,200,1,3143.8,10,1
2031,2026-06-16 14:49:49+05:30,3143.1,20,3134.8,3035133,130708.0,192476.0,3163.0,3163.0,3108.0,3134.3,31844600,3447.7,2820.9,3839.9,2896.0,3143.0,34,2,3142.9,18,1,3142.8,54,3,3142.7,62,4,3142.6,54,4,3143.2,693,4,3143.4,86,1,3143.5,332,2,3143.6,200,1,3143.8,10,1
2031,2026-06-16 14:49:49+05:30,3143.1,20,3134.8,3035153,130717.0,192554.0,3163.0,3163.0,3108.0,3134.3,31844600,3447.7,2820.9,3839.9,2896.0,3143.0,77,3,3142.9,36,2,3142.7,62,4,3142.6,69,5,3142.5,22,2,3143.1,77,2,3143.2,693,4,3143.4,86,1,3143.5,332,2,3143.6,200,1
2031,2026-06-16 14:49:50+05:30,3143.1,20,3134.8,3035153,130717.0,192554.0,3163.0,3163.0,3108.0,3134.3,31844600,3447.7,2820.9,3839.9,2896.0,3143.0,77,3,3142.9,36,2,3142.7,62,4,3142.6,69,5,3142.5,22,2,3143.1,77,2,3143.2,693,4,3143.4,86,1,3143.5,332,2,3143.6,200,1
2031,2026-06-16 14:49:50+05:30,3143.1,44,3134.8,3035153,130717.0,192554.0,3163.0,3163.0,3108.0,3134.3,31844600,3447.7,2820.9,3839.9,2896.0,3143.0,77,3,3142.9,36,2,3142.7,62,4,3142.6,69,5,3142.5,22,2,3143.1,77,2,3143.2,693,4,3143.4,86,1,3143.5,332,2,3143.6,200,1
2031,2026-06-16 14:49:50+05:30,3143.1,44,3134.8,3035153,130717.0,192554.0,3163.0,3163.0,3108.0,3134.3,31844600,3447.7,2820.9,3839.9,2896.0,3143.0,77,3,3142.9,36,2,3142.7,62,4,3142.6,69,5,3142.5,22,2,3143.1,77,2,3143.2,693,4,3143.4,86,1,3143.5,332,2,3143.6,200,1
2031,2026-06-16 14:49:50+05:30,3143.1,13,3134.8,3035364,130790.0,192340.0,3163.0,3163.0,3108.0,3134.3,31844600,3447.7,2820.9,3839.9,2896.0,3143.0,51,2,3142.8,15,1,3142.7,57,3,3142.6,26,2,3142.5,71,2,3143.1,13,1,3143.2,693,4,3143.4,86,1,3143.5,332,2,3143.6,200,1
2031,2026-06-16 14:49:51+05:30,3143.1,13,3134.8,3035364,130790.0,192340.0,3163.0,3163.0,3108.0,3134.3,31844600,3447.7,2820.9,3839.9,2896.0,3143.0,51,2,3142.8,15,1,3142.7,57,3,3142.6,26,2,3142.5,71,2,3143.1,13,1,3143.2,693,4,3143.4,86,1,3143.5,332,2,3143.6,200,1
2031,2026-06-16 14:49:51+05:30,3143.1,13,3134.8,3035364,130790.0,192340.0,3163.0,3163.0,3108.0,3134.3,31844600,3447.7,2820.9,3839.9,2896.0,3143.0,51,2,3142.8,15,1,3142.7,57,3,3142.6,26,2,3142.5,71,2,3143.1,13,1,3143.2,693,4,3143.4,86,1,3143.5,332,2,3143.6,200,1
2031,2026-06-16 14:49:51+05:30,3143.2,1,3134.8,3035455,130410.0,192639.0,3163.0,3163.0,3108.0,3134.3,31844600,3447.7,2820.9,3839.9,2896.0,3143.1,2,1,3143.0,48,2,3142.8,15,1,3142.7,39,2,3142.6,8,1,3143.2,301,2,3143.6,391,2,3143.8,96,2,3143.9,369,4,3144.0,380,2
2031,2026-06-16 14:49:52+05:30,3143.2,44,3134.8,3035455,130410.0,192639.0,3163.0,3163.0,3108.0,3134.3,31844600,3447.7,2820.9,3839.9,2896.0,3143.1,2,1,3143.0,48,2,3142.8,15,1,3142.7,39,2,3142.6,8,1,3143.2,301,2,3143.6,391,2,3143.8,96,2,3143.9,369,4,3144.0,380,2
2031,2026-06-16 14:49:52+05:30,3143.2,44,3134.8,3035455,130410.0,192639.0,3163.0,3163.0,3108.0,3134.3,31844600,3447.7,2820.9,3839.9,2896.0,3143.1,2,1,3143.0,48,2,3142.8,15,1,3142.7,39,2,3142.6,8,1,3143.2,301,2,3143.6,391,2,3143.8,96,2,3143.9,369,4,3144.0,380,2
2031,2026-06-16 14:49:53+05:30,3143.2,44,3134.8,3035857,130639.0,192253.0,3163.0,3163.0,3108.0,3134.3,31844600,3447.7,2820.9,3839.9,2896.0,3143.2,21,1,3143.1,61,2,3143.0,94,3,3142.9,29,2,3142.8,57,2,3143.6,591,3,3143.8,96,2,3143.9,332,2,3144.0,380,2,3144.2,81,3
2031,2026-06-16 14:49:53+05:30,3143.2,44,3134.8,3035857,130639.0,192253.0,3163.0,3163.0,3108.0,3134.3,31844600,3447.7,2820.9,3839.9,2896.0,3143.2,21,1,3143.1,61,2,3143.0,94,3,3142.9,29,2,3142.8,57,2,3143.6,591,3,3143.8,96,2,3143.9,332,2,3144.0,380,2,3144.2,81,3
2031,2026-06-16 14:49:54+05:30,3143.2,44,3134.8,3035857,131367.0,192232.0,3163.0,3163.0,3108.0,3134.3,31844600,3447.7,2820.9,3839.9,2896.0,3143.4,12,1,3143.3,21,1,3143.2,21,1,3143.1,115,4,3143.0,81,3,3143.6,597,4,3143.7,59,1,3143.8,96,2,3143.9,332,2,3144.0,380,2
2031,2026-06-16 14:49:54+05:30,3143.2,44,3134.8,3035857,131367.0,192232.0,3163.0,3163.0,3108.0,3134.3,31844600,3447.7,2820.9,3839.9,2896.0,3143.4,12,1,3143.3,21,1,3143.2,21,1,3143.1,115,4,3143.0,81,3,3143.6,597,4,3143.7,59,1,3143.8,96,2,3143.9,332,2,3144.0,380,2
2031,2026-06-16 14:49:55+05:30,3143.2,44,3134.8,3035857,131412.0,192377.0,3163.0,3163.0,3108.0,3134.3,31844600,3447.7,2820.9,3839.9,2896.0,3143.4,13,1,3143.3,25,1,3143.2,22,2,3143.1,115,4,3143.0,63,2,3143.6,650,7,3143.7,59,1,3143.8,86,1,3143.9,332,2,3144.0,380,2
2031,2026-06-16 14:49:55+05:30,3143.2,44,3134.8,3035857,131412.0,192377.0,3163.0,3163.0,3108.0,3134.3,31844600,3447.7,2820.9,3839.9,2896.0,3143.4,13,1,3143.3,25,1,3143.2,22,2,3143.1,115,4,3143.0,63,2,3143.6,650,7,3143.7,59,1,3143.8,86,1,3143.9,332,2,3144.0,380,2
2031,2026-06-16 14:49:56+05:30,3143.4,2,3134.8,3035907,131412.0,189778.0,3163.0,3163.0,3108.0,3134.3,31844600,3447.7,2820.9,3839.9,2896.0,3143.4,93,2,3143.3,25,1,3143.2,22,2,3143.1,133,5,3143.0,117,3,3143.6,98,3,3143.7,59,1,3144.0,180,1,3144.3,616,4,3144.4,40,1
2031,2026-06-16 14:49:56+05:30,3143.6,13,3134.8,3035907,131412.0,189778.0,3163.0,3163.0,3108.0,3134.3,31844600,3447.7,2820.9,3839.9,2896.0,3143.4,93,2,3143.3,25,1,3143.2,22,2,3143.1,133,5,3143.0,117,3,3143.6,98,3,3143.7,59,1,3144.0,180,1,3144.3,616,4,3144.4,40,1
2031,2026-06-16 14:49:56+05:30,3143.6,13,3134.8,3035907,131412.0,189778.0,3163.0,3163.0,3108.0,3134.3,31844600,3447.7,2820.9,3839.9,2896.0,3143.4,93,2,3143.3,25,1,3143.2,22,2,3143.1,133,5,3143.0,117,3,3143.6,98,3,3143.7,59,1,3144.0,180,1,3144.3,616,4,3144.4,40,1
2031,2026-06-16 14:49:57+05:30,3143.6,1,3134.8,3035969,131369.0,192158.0,3163.0,3163.0,3108.0,3134.3,31844600,3447.7,2820.9,3839.9,2896.0,3143.4,96,2,3143.2,22,2,3143.1,115,4,3143.0,117,3,3142.8,80,5,3143.6,46,2,3143.7,59,1,3144.0,180,1,3144.2,34,1,3144.3,581,3
2031,2026-06-16 14:49:57+05:30,3143.6,35,3134.8,3035969,131369.0,192158.0,3163.0,3163.0,3108.0,3134.3,31844600,3447.7,2820.9,3839.9,2896.0,3143.4,96,2,3143.2,22,2,3143.1,115,4,3143.0,117,3,3142.8,80,5,3143.6,46,2,3143.7,59,1,3144.0,180,1,3144.2,34,1,3144.3,581,3
2031,2026-06-16 14:49:57+05:30,3143.6,35,3134.8,3035969,131369.0,192158.0,3163.0,3163.0,3108.0,3134.3,31844600,3447.7,2820.9,3839.9,2896.0,3143.4,96,2,3143.2,22,2,3143.1,115,4,3143.0,117,3,3142.8,80,5,3143.6,46,2,3143.7,59,1,3144.0,180,1,3144.2,34,1,3144.3,581,3
2031,2026-06-16 14:49:58+05:30,3143.7,28,3134.8,3036162,131378.0,192351.0,3163.0,3163.0,3108.0,3134.3,31844600,3447.7,2820.9,3839.9,2896.0,3143.6,30,2,3143.4,96,2,3143.3,6,1,3143.2,1,1,3143.1,61,2,3143.7,218,2,3144.0,180,1,3144.3,581,3,3144.4,75,3,3144.5,88,2
2031,2026-06-16 14:49:58+05:30,3143.7,28,3134.8,3036162,131378.0,192351.0,3163.0,3163.0,3108.0,3134.3,31844600,3447.7,2820.9,3839.9,2896.0,3143.6,30,2,3143.4,96,2,3143.3,6,1,3143.2,1,1,3143.1,61,2,3143.7,218,2,3144.0,180,1,3144.3,581,3,3144.4,75,3,3144.5,88,2
2031,2026-06-16 14:49:58+05:30,3143.7,28,3134.8,3036162,131378.0,192351.0,3163.0,3163.0,3108.0,3134.3,31849600,3447.7,2820.9,3839.9,2896.0,3143.6,30,2,3143.4,96,2,3143.3,6,1,3143.2,1,1,3143.1,61,2,3143.7,218,2,3144.0,180,1,3144.3,581,3,3144.4,75,3,3144.5,88,2
2031,2026-06-16 14:49:59+05:30,3143.7,128,3134.8,3036308,131295.0,192317.0,3163.0,3163.0,3108.0,3134.3,31849600,3447.7,2820.9,3839.9,2896.0,3143.6,110,2,3143.4,80,1,3143.3,31,2,3143.2,1,1,3143.1,61,2,3143.7,235,5,3144.0,180,1,3144.2,58,2,3144.3,581,3,3144.4,74,2
2031,2026-06-16 14:49:59+05:30,3143.7,128,3134.8,3036308,131295.0,192317.0,3163.0,3163.0,3108.0,3134.3,31849600,3447.7,2820.9,3839.9,2896.0,3143.6,110,2,3143.4,80,1,3143.3,31,2,3143.2,1,1,3143.1,61,2,3143.7,235,5,3144.0,180,1,3144.2,58,2,3144.3,581,3,3144.4,74,2
2031,2026-06-16 14:50:00+05:30,3143.7,1,3134.8,3036308,131295.0,192317.0,3163.0,3163.0,3108.0,3134.3,31849600,3447.7,2820.9,3839.9,2896.0,3143.6,110,2,3143.4,80,1,3143.3,31,2,3143.2,1,1,3143.1,61,2,3143.7,235,5,3144.0,180,1,3144.2,58,2,3144.3,581,3,3144.4,74,2
2031,2026-06-16 14:50:00+05:30,3143.7,1,3134.8,3036339,131460.0,192436.0,3163.0,3163.0,3108.0,3134.3,31849600,3447.7,2820.9,3839.9,2896.0,3143.6,117,3,3143.4,80,1,3143.3,31,2,3143.1,61,2,3142.9,53,2,3143.7,205,6,3143.8,80,1,3144.0,180,1,3144.3,615,4,3144.4,40,1
2031,2026-06-16 14:50:01+05:30,3143.6,38,3134.8,3036339,131460.0,192436.0,3163.0,3163.0,3108.0,3134.3,31849600,3447.7,2820.9,3839.9,2896.0,3143.6,117,3,3143.4,80,1,3143.3,31,2,3143.1,61,2,3142.9,53,2,3143.7,205,6,3143.8,80,1,3144.0,180,1,3144.3,615,4,3144.4,40,1
2031,2026-06-16 14:50:01+05:30,3143.6,38,3134.8,3036405,131531.0,192595.0,3163.0,3163.0,3108.0,3134.3,31849600,3447.7,2820.9,3839.9,2896.0,3143.6,85,4,3143.4,109,3,3143.1,61,2,3142.9,53,2,3142.8,76,3,3143.7,389,7,3143.8,80,1,3144.0,180,1,3144.1,57,2,3144.3,605,4
2031,2026-06-16 14:50:02+05:30,3143.7,1,3134.8,3036405,131531.0,192595.0,3163.0,3163.0,3108.0,3134.3,31849600,3447.7,2820.9,3839.9,2896.0,3143.6,85,4,3143.4,109,3,3143.1,61,2,3142.9,53,2,3142.8,76,3,3143.7,389,7,3143.8,80,1,3144.0,180,1,3144.1,57,2,3144.3,605,4
2031,2026-06-16 14:50:02+05:30,3143.7,1,3134.8,3036417,131308.0,192720.0,3163.0,3163.0,3108.0,3134.3,31849600,3447.7,2820.9,3839.9,2896.0,3143.6,84,4,3143.4,80,1,3143.3,17,1,3143.1,59,1,3142.9,14,1,3143.7,453,8,3143.8,80,1,3143.9,33,1,3144.0,180,1,3144.1,24,1
2031,2026-06-16 14:50:03+05:30,3143.7,1,3134.8,3036417,131308.0,192720.0,3163.0,3163.0,3108.0,3134.3,31849600,3447.7,2820.9,3839.9,2896.0,3143.6,84,4,3143.4,80,1,3143.3,17,1,3143.1,59,1,3142.9,14,1,3143.7,453,8,3143.8,80,1,3143.9,33,1,3144.0,180,1,3144.1,24,1
2031,2026-06-16 14:50:03+05:30,3143.7,1,3134.8,3036580,131660.0,192583.0,3163.0,3163.0,3108.0,3134.3,31849600,3447.7,2820.9,3839.9,2896.0,3143.6,68,3,3143.4,97,2,3143.1,59,1,3142.8,117,5,3142.7,67,4,3143.7,290,4,3143.8,80,1,3144.0,180,1,3144.3,605,4,3144.4,72,3
2031,2026-06-16 14:50:04+05:30,3143.7,1,3134.8,3036580,131731.0,192569.0,3163.0,3163.0,3108.0,3134.3,31849600,3447.7,2820.9,3839.9,2896.0,3143.6,85,5,3143.4,93,2,3143.1,59,1,3142.9,50,3,3142.8,117,5,3143.7,290,4,3143.8,80,1,3144.0,180,1,3144.3,581,3,3144.4,1,1
2031,2026-06-16 14:50:05+05:30,3143.6,10,3134.81,3036743,131248.0,192533.0,3163.0,3163.0,3108.0,3134.3,31849600,3447.7,2820.9,3839.9,2896.0,3143.6,17,4,3143.4,110,3,3143.1,59,1,3142.8,114,4,3142.7,38,3,3143.7,287,4,3143.8,91,2,3144.0,180,1,3144.1,24,1,3144.2,72,3
2031,2026-06-16 14:50:05+05:30,3143.6,10,3134.81,3036743,131248.0,192533.0,3163.0,3163.0,3108.0,3134.3,31849600,3447.7,2820.9,3839.9,2896.0,3143.6,17,4,3143.4,110,3,3143.1,59,1,3142.8,114,4,3142.7,38,3,3143.7,287,4,3143.8,91,2,3144.0,180,1,3144.1,24,1,3144.2,72,3
2031,2026-06-16 14:50:05+05:30,3143.6,4,3134.81,3036930,130791.0,193069.0,3163.0,3163.0,3108.0,3134.3,31849600,3447.7,2820.9,3839.9,2896.0,3143.6,4,1,3143.4,97,2,3143.1,72,2,3142.7,21,1,3142.6,16,1,3143.7,487,5,3143.8,163,4,3144.0,262,4,3144.1,605,4,3144.2,71,2
2031,2026-06-16 14:50:06+05:30,3143.6,4,3134.81,3036930,130791.0,193069.0,3163.0,3163.0,3108.0,3134.3,31849600,3447.7,2820.9,3839.9,2896.0,3143.6,4,1,3143.4,97,2,3143.1,72,2,3142.7,21,1,3142.6,16,1,3143.7,487,5,3143.8,163,4,3144.0,262,4,3144.1,605,4,3144.2,71,2
2031,2026-06-16 14:50:07+05:30,3143.4,12,3134.81,3037162,130451.0,193050.0,3163.0,3163.0,3108.0,3134.3,31849600,3447.7,2820.9,3839.9,2896.0,3143.4,67,1,3143.1,72,2,3142.7,8,1,3142.6,16,1,3142.5,35,2,3143.6,58,3,3143.7,326,6,3143.8,162,4,3144.0,260,3,3144.1,632,6
2031,2026-06-16 14:50:07+05:30,3143.4,12,3134.81,3037162,130451.0,193050.0,3163.0,3163.0,3108.0,3134.3,31849600,3447.7,2820.9,3839.9,2896.0,3143.4,67,1,3143.1,72,2,3142.7,8,1,3142.6,16,1,3142.5,35,2,3143.6,58,3,3143.7,326,6,3143.8,162,4,3144.0,260,3,3144.1,632,6
2031,2026-06-16 14:50:07+05:30,3143.7,39,3134.81,3037213,130545.0,192699.0,3163.0,3163.0,3108.0,3134.3,31849600,3447.7,2820.9,3839.9,2896.0,3143.5,2,1,3143.4,67,1,3143.1,59,1,3143.0,50,1,3142.7,21,1,3143.7,325,7,3143.8,91,2,3143.9,59,2,3144.0,222,2,3144.1,631,5
2031,2026-06-16 14:50:08+05:30,3143.6,1,3134.81,3037213,130545.0,192699.0,3163.0,3163.0,3108.0,3134.3,31849600,3447.7,2820.9,3839.9,2896.0,3143.5,2,1,3143.4,67,1,3143.1,59,1,3143.0,50,1,3142.7,21,1,3143.7,325,7,3143.8,91,2,3143.9,59,2,3144.0,222,2,3144.1,631,5
2031,2026-06-16 14:50:09+05:30,3143.6,1,3134.81,3037214,131055.0,192457.0,3163.0,3163.0,3108.0,3134.3,31849600,3447.7,2820.9,3839.9,2896.0,3143.5,2,1,3143.4,67,1,3143.1,59,1,3143.0,88,2,3142.7,24,2,3143.7,285,4,3143.8,96,2,3143.9,33,1,3144.0,180,1,3144.1,62,2
2031,2026-06-16 14:50:10+05:30,3143.7,1,3134.81,3037215,131166.0,192406.0,3163.0,3163.0,3108.0,3134.3,31849600,3447.7,2820.9,3839.9,2896.0,3143.5,2,1,3143.4,67,1,3143.1,59,1,3143.0,88,2,3142.7,84,3,3143.7,262,4,3143.8,80,1,3143.9,54,2,3144.0,180,1,3144.1,24,1
2031,2026-06-16 14:50:10+05:30,3143.7,1,3134.81,3037215,131166.0,192406.0,3163.0,3163.0,3108.0,3134.3,31849600,3447.7,2820.9,3839.9,2896.0,3143.5,2,1,3143.4,67,1,3143.1,59,1,3143.0,88,2,3142.7,84,3,3143.7,262,4,3143.8,80,1,3143.9,54,2,3144.0,180,1,3144.1,24,1
2031,2026-06-16 14:50:11+05:30,3143.3,10,3134.81,3037294,130056.0,193410.0,3163.0,3163.0,3108.0,3134.3,31849600,3447.7,2820.9,3839.9,2896.0,3143.1,59,1,3143.0,50,1,3142.6,16,1,3142.3,20,1,3142.2,46,3,3143.4,400,2,3143.5,116,5,3143.6,10,1,3143.7,108,5,3143.8,198,6
2031,2026-06-16 14:50:11+05:30,3143.3,10,3134.81,3037294,130056.0,193410.0,3163.0,3163.0,3108.0,3134.3,31849600,3447.7,2820.9,3839.9,2896.0,3143.1,59,1,3143.0,50,1,3142.6,16,1,3142.3,20,1,3142.2,46,3,3143.4,400,2,3143.5,116,5,3143.6,10,1,3143.7,108,5,3143.8,198,6
2031,2026-06-16 14:50:11+05:30,3143.3,2,3134.81,3037296,130324.0,193450.0,3163.0,3163.0,3108.0,3134.3,31849600,3447.7,2820.9,3839.9,2896.0,3143.3,2,1,3143.1,59,1,3143.0,65,2,3142.6,16,1,3142.4,14,1,3143.4,426,4,3143.5,78,4,3143.6,10,1,3143.7,83,4,3143.8,118,5
2031,2026-06-16 14:50:12+05:30,3143.4,25,3134.81,3037296,130324.0,193450.0,3163.0,3163.0,3108.0,3134.3,31849600,3447.7,2820.9,3839.9,2896.0,3143.3,2,1,3143.1,59,1,3143.0,65,2,3142.6,16,1,3142.4,14,1,3143.4,426,4,3143.5,78,4,3143.6,10,1,3143.7,83,4,3143.8,118,5
2031,2026-06-16 14:50:13+05:30,3143.5,1,3134.81,3037723,131259.0,192387.0,3163.0,3163.0,3108.0,3134.3,31849600,3447.7,2820.9,3839.9,2896.0,3143.4,21,1,3143.3,2,1,3143.1,59,1,3143.0,65,2,3142.9,77,2,3143.5,23,2,3143.7,73,3,3144.0,213,2,3144.1,42,1,3144.2,658,6
2031,2026-06-16 14:50:13+05:30,3143.5,1,3134.81,3037723,131259.0,192387.0,3163.0,3163.0,3108.0,3134.3,31849600,3447.7,2820.9,3839.9,2896.0,3143.4,21,1,3143.3,2,1,3143.1,59,1,3143.0,65,2,3142.9,77,2,3143.5,23,2,3143.7,73,3,3144.0,213,2,3144.1,42,1,3144.2,658,6
2031,2026-06-16 14:50:14+05:30,3143.4,1,3134.81,3037724,131226.0,192478.0,3163.0,3163.0,3108.0,3134.3,31849600,3447.7,2820.9,3839.9,2896.0,3143.4,20,1,3143.3,2,1,3143.1,59,1,3143.0,65,2,3142.9,77,2,3143.5,22,1,3143.6,77,1,3143.7,73,3,3144.0,213,2,3144.2,77,3
2031,2026-06-16 14:50:14+05:30,3143.4,1,3134.81,3037724,131226.0,192478.0,3163.0,3163.0,3108.0,3134.3,31849600,3447.7,2820.9,3839.9,2896.0,3143.4,20,1,3143.3,2,1,3143.1,59,1,3143.0,65,2,3142.9,77,2,3143.5,22,1,3143.6,77,1,3143.7,73,3,3144.0,213,2,3144.2,77,3
2031,2026-06-16 14:50:15+05:30,3143.4,1,3134.81,3037724,131269.0,192151.0,3163.0,3163.0,3108.0,3134.3,31849600,3447.7,2820.9,3839.9,2896.0,3143.4,21,2,3143.3,19,2,3143.1,59,1,3143.0,69,2,3142.9,68,2,3143.5,37,2,3143.6,77,1,3143.7,73,3,3144.0,180,1,3144.2,35,2
2031,2026-06-16 14:50:16+05:30,3143.5,1,3134.81,3037730,131127.0,192204.0,3163.0,3163.0,3108.0,3134.3,31849600,3447.7,2820.9,3839.9,2896.0,3143.4,22,3,3143.3,19,2,3143.1,59,1,3143.0,50,1,3142.9,68,2,3143.5,89,2,3143.6,77,1,3143.7,73,3,3144.0,180,1,3144.2,35,2
2031,2026-06-16 14:50:16+05:30,3143.5,1,3134.81,3037730,131127.0,192204.0,3163.0,3163.0,3108.0,3134.3,31849600,3447.7,2820.9,3839.9,2896.0,3143.4,22,3,3143.3,19,2,3143.1,59,1,3143.0,50,1,3142.9,68,2,3143.5,89,2,3143.6,77,1,3143.7,73,3,3144.0,180,1,3144.2,35,2
2031,2026-06-16 14:50:17+05:30,3143.4,9,3134.81,3037744,131076.0,192247.0,3163.0,3163.0,3108.0,3134.3,31849600,3447.7,2820.9,3839.9,2896.0,3143.4,8,3,3143.3,19,2,3143.1,59,1,3143.0,50,1,3142.9,58,1,3143.5,99,3,3143.6,77,1,3143.7,73,3,3143.9,33,1,3144.0,180,1
2031,2026-06-16 14:50:17+05:30,3143.5,23,3134.81,3037744,131076.0,192247.0,3163.0,3163.0,3108.0,3134.3,31849600,3447.7,2820.9,3839.9,2896.0,3143.4,8,3,3143.3,19,2,3143.1,59,1,3143.0,50,1,3142.9,58,1,3143.5,99,3,3143.6,77,1,3143.7,73,3,3143.9,33,1,3144.0,180,1
2031,2026-06-16 14:50:18+05:30,3143.6,1,3134.81,3037744,131076.0,192247.0,3163.0,3163.0,3108.0,3134.3,31849600,3447.7,2820.9,3839.9,2896.0,3143.4,8,3,3143.3,19,2,3143.1,59,1,3143.0,50,1,3142.9,58,1,3143.5,99,3,3143.6,77,1,3143.7,73,3,3143.9,33,1,3144.0,180,1
2031,2026-06-16 14:50:18+05:30,3143.6,1,3134.81,3037983,131217.0,192474.0,3163.0,3163.0,3108.0,3134.3,31849600,3447.7,2820.9,3839.9,2896.0,3143.3,4,2,3143.1,59,1,3143.0,50,1,3142.7,3,1,3142.6,16,1,3143.6,76,1,3143.7,94,4,3143.8,33,1,3143.9,23,1,3144.0,251,3
2031,2026-06-16 14:50:22+05:30,3143.2,56,3134.81,3037983,131217.0,192474.0,3163.0,3163.0,3108.0,3134.3,31849600,3447.7,2820.9,3839.9,2896.0,3143.3,4,2,3143.1,59,1,3143.0,50,1,3142.7,3,1,3142.6,16,1,3143.6,76,1,3143.7,94,4,3143.8,33,1,3143.9,23,1,3144.0,251,3
2031,2026-06-16 14:50:23+05:30,3143.2,1,3134.81,3038205,130552.0,192951.0,3163.0,3163.0,3108.0,3134.3,31849600,3447.7,2820.9,3839.9,2896.0,3143.1,39,1,3143.0,50,1,3142.6,16,1,3142.3,20,1,3142.2,10,1,3143.2,199,1,3143.5,435,4,3143.6,173,6,3143.7,158,3,3143.8,415,5
2031,2026-06-16 14:50:26+05:30,3143.0,153,3134.81,3038205,130552.0,192951.0,3163.0,3163.0,3108.0,3134.3,31849600,3447.7,2820.9,3839.9,2896.0,3143.1,39,1,3143.0,50,1,3142.6,16,1,3142.3,20,1,3142.2,10,1,3143.2,199,1,3143.5,435,4,3143.6,173,6,3143.7,158,3,3143.8,415,5
2031,2026-06-16 14:50:28+05:30,3143.2,114,3134.81,3038934,129641.0,193152.0,3163.0,3163.0,3108.0,3134.3,31849600,3447.7,2820.9,3839.9,2896.0,3142.6,1,1,3142.0,17,2,3141.9,20,1,3141.7,81,2,3141.6,7,1,3143.2,327,5,3143.3,62,3,3143.4,201,5,3143.5,332,2,3143.6,188,7
2031,2026-06-16 14:50:30+05:30,3142.6,7,3134.81,3038934,129641.0,193152.0,3163.0,3163.0,3108.0,3134.3,31849600,3447.7,2820.9,3839.9,2896.0,3142.6,1,1,3142.0,17,2,3141.9,20,1,3141.7,81,2,3141.6,7,1,3143.2,327,5,3143.3,62,3,3143.4,201,5,3143.5,332,2,3143.6,188,7
2031,2026-06-16 14:50:34+05:30,3143.0,1,3134.81,3038934,129641.0,193152.0,3163.0,3163.0,3108.0,3134.3,31849600,3447.7,2820.9,3839.9,2896.0,3142.6,1,1,3142.0,17,2,3141.9,20,1,3141.7,81,2,3141.6,7,1,3143.2,327,5,3143.3,62,3,3143.4,201,5,3143.5,332,2,3143.6,188,7
2031,2026-06-16 14:50:34+05:30,3143.0,1,3134.81,3039486,130890.0,193486.0,3163.0,3163.0,3108.0,3134.3,31849600,3447.7,2820.9,3839.9,2896.0,3142.9,64,8,3142.8,19,1,3142.7,5,1,3142.6,90,4,3142.5,71,4,3143.1,92,1,3143.2,69,5,3143.3,88,1,3143.4,400,2,3143.6,161,3
2031,2026-06-16 14:50:38+05:30,3143.1,91,3134.81,3039486,130890.0,193486.0,3163.0,3163.0,3108.0,3134.3,31849600,3447.7,2820.9,3839.9,2896.0,3142.9,64,8,3142.8,19,1,3142.7,5,1,3142.6,90,4,3142.5,71,4,3143.1,92,1,3143.2,69,5,3143.3,88,1,3143.4,400,2,3143.6,161,3
2031,2026-06-16 14:50:38+05:30,3143.1,91,3134.81,3039486,130890.0,193486.0,3163.0,3163.0,3108.0,3134.3,31849600,3447.7,2820.9,3839.9,2896.0,3142.9,64,8,3142.8,19,1,3142.7,5,1,3142.6,90,4,3142.5,71,4,3143.1,92,1,3143.2,69,5,3143.3,88,1,3143.4,400,2,3143.6,161,3
2031,2026-06-16 14:50:40+05:30,3143.1,1,3134.81,3039802,130771.0,193290.0,3163.0,3163.0,3108.0,3134.3,31849600,3447.7,2820.9,3839.9,2896.0,3143.1,43,6,3142.6,65,2,3142.4,10,2,3142.3,90,3,3142.2,32,2,3143.2,243,5,3143.3,89,2,3143.4,400,2,3143.6,161,3,3143.7,391,5
2031,2026-06-16 14:50:40+05:30,3143.1,1,3134.81,3039802,130771.0,193290.0,3163.0,3163.0,3108.0,3134.3,31849600,3447.7,2820.9,3839.9,2896.0,3143.1,43,6,3142.6,65,2,3142.4,10,2,3142.3,90,3,3142.2,32,2,3143.2,243,5,3143.3,89,2,3143.4,400,2,3143.6,161,3,3143.7,391,5
2031,2026-06-16 14:50:42+05:30,3143.2,1,3134.81,3039802,130771.0,193290.0,3163.0,3163.0,3108.0,3134.3,31849600,3447.7,2820.9,3839.9,2896.0,3143.1,43,6,3142.6,65,2,3142.4,10,2,3142.3,90,3,3142.2,32,2,3143.2,243,5,3143.3,89,2,3143.4,400,2,3143.6,161,3,3143.7,391,5
2031,2026-06-16 14:50:42+05:30,3143.2,1,3134.81,3039802,130771.0,193290.0,3163.0,3163.0,3108.0,3134.3,31849600,3447.7,2820.9,3839.9,2896.0,3143.1,43,6,3142.6,65,2,3142.4,10,2,3142.3,90,3,3142.2,32,2,3143.2,243,5,3143.3,89,2,3143.4,400,2,3143.6,161,3,3143.7,391,5
2031,2026-06-16 14:50:44+05:30,3143.2,1,3134.81,3039802,130771.0,193290.0,3163.0,3163.0,3108.0,3134.3,31849600,3447.7,2820.9,3839.9,2896.0,3143.1,43,6,3142.6,65,2,3142.4,10,2,3142.3,90,3,3142.2,32,2,3143.2,243,5,3143.3,89,2,3143.4,400,2,3143.6,161,3,3143.7,391,5
2031,2026-06-16 14:50:45+05:30,3142.5,2,3134.82,3040391,129146.0,194223.0,3163.0,3163.0,3108.0,3134.3,31849600,3447.7,2820.9,3839.9,2896.0,3142.3,19,2,3142.0,100,1,3141.6,18,1,3141.5,82,5,3141.4,110,5,3142.5,144,1,3142.9,10,1,3143.0,234,2,3143.2,600,11,3143.3,89,2
2031,2026-06-16 14:50:46+05:30,3142.3,9,3134.82,3040391,129146.0,194223.0,3163.0,3163.0,3108.0,3134.3,31849600,3447.7,2820.9,3839.9,2896.0,3142.3,19,2,3142.0,100,1,3141.6,18,1,3141.5,82,5,3141.4,110,5,3142.5,144,1,3142.9,10,1,3143.0,234,2,3143.2,600,11,3143.3,89,2
2031,2026-06-16 14:50:47+05:30,3142.3,9,3134.82,3040391,129146.0,194223.0,3163.0,3163.0,3108.0,3134.3,31849600,3447.7,2820.9,3839.9,2896.0,3142.3,19,2,3142.0,100,1,3141.6,18,1,3141.5,82,5,3141.4,110,5,3142.5,144,1,3142.9,10,1,3143.0,234,2,3143.2,600,11,3143.3,89,2
2031,2026-06-16 14:50:48+05:30,3142.3,9,3134.82,3040391,129146.0,194223.0,3163.0,3163.0,3108.0,3134.3,31849600,3447.7,2820.9,3839.9,2896.0,3142.3,19,2,3142.0,100,1,3141.6,18,1,3141.5,82,5,3141.4,110,5,3142.5,144,1,3142.9,10,1,3143.0,234,2,3143.2,600,11,3143.3,89,2
2031,2026-06-16 14:50:50+05:30,3142.5,1,3134.82,3040391,129146.0,194223.0,3163.0,3163.0,3108.0,3134.3,31849600,3447.7,2820.9,3839.9,2896.0,3142.3,19,2,3142.0,100,1,3141.6,18,1,3141.5,82,5,3141.4,110,5,3142.5,144,1,3142.9,10,1,3143.0,234,2,3143.2,600,11,3143.3,89,2
2031,2026-06-16 14:50:50+05:30,3142.5,1,3134.82,3040391,129146.0,194223.0,3163.0,3163.0,3108.0,3134.3,31849600,3447.7,2820.9,3839.9,2896.0,3142.3,19,2,3142.0,100,1,3141.6,18,1,3141.5,82,5,3141.4,110,5,3142.5,144,1,3142.9,10,1,3143.0,234,2,3143.2,600,11,3143.3,89,2
2031,2026-06-16 14:50:51+05:30,3141.4,57,3134.82,3040685,129081.0,195017.0,3163.0,3163.0,3108.0,3134.3,31849600,3447.7,2820.9,3839.9,2896.0,3141.6,27,2,3141.5,13,1,3141.4,148,5,3141.3,147,5,3141.2,32,2,3142.5,26,2,3142.8,400,2,3142.9,63,1,3143.0,320,4,3143.1,154,2
2031,2026-06-16 14:50:51+05:30,3141.4,57,3134.82,3040685,129081.0,195017.0,3163.0,3163.0,3108.0,3134.3,31849600,3447.7,2820.9,3839.9,2896.0,3141.6,27,2,3141.5,13,1,3141.4,148,5,3141.3,147,5,3141.2,32,2,3142.5,26,2,3142.8,400,2,3142.9,63,1,3143.0,320,4,3143.1,154,2
2031,2026-06-16 14:50:52+05:30,3141.4,57,3134.82,3040685,129081.0,195017.0,3163.0,3163.0,3108.0,3134.3,31849600,3447.7,2820.9,3839.9,2896.0,3141.6,27,2,3141.5,13,1,3141.4,148,5,3141.3,147,5,3141.2,32,2,3142.5,26,2,3142.8,400,2,3142.9,63,1,3143.0,320,4,3143.1,154,2
2031,2026-06-16 14:50:53+05:30,3141.4,57,3134.82,3040685,129081.0,195017.0,3163.0,3163.0,3108.0,3134.3,31849600,3447.7,2820.9,3839.9,2896.0,3141.6,27,2,3141.5,13,1,3141.4,148,5,3141.3,147,5,3141.2,32,2,3142.5,26,2,3142.8,400,2,3142.9,63,1,3143.0,320,4,3143.1,154,2
2031,2026-06-16 14:50:54+05:30,3142.5,19,3134.82,3040685,129081.0,195017.0,3163.0,3163.0,3108.0,3134.3,31849600,3447.7,2820.9,3839.9,2896.0,3141.6,27,2,3141.5,13,1,3141.4,148,5,3141.3,147,5,3141.2,32,2,3142.5,26,2,3142.8,400,2,3142.9,63,1,3143.0,320,4,3143.1,154,2
2031,2026-06-16 14:50:54+05:30,3142.5,19,3134.82,3040685,129081.0,195017.0,3163.0,3163.0,3108.0,3134.3,31849600,3447.7,2820.9,3839.9,2896.0,3141.6,27,2,3141.5,13,1,3141.4,148,5,3141.3,147,5,3141.2,32,2,3142.5,26,2,3142.8,400,2,3142.9,63,1,3143.0,320,4,3143.1,154,2
2031,2026-06-16 14:50:55+05:30,3142.5,19,3134.82,3040685,129081.0,195017.0,3163.0,3163.0,3108.0,3134.3,31849600,3447.7,2820.9,3839.9,2896.0,3141.6,27,2,3141.5,13,1,3141.4,148,5,3141.3,147,5,3141.2,32,2,3142.5,26,2,3142.8,400,2,3142.9,63,1,3143.0,320,4,3143.1,154,2
2031,2026-06-16 14:50:56+05:30,3142.5,19,3134.82,3040685,129081.0,195017.0,3163.0,3163.0,3108.0,3134.3,31849600,3447.7,2820.9,3839.9,2896.0,3141.6,27,2,3141.5,13,1,3141.4,148,5,3141.3,147,5,3141.2,32,2,3142.5,26,2,3142.8,400,2,3142.9,63,1,3143.0,320,4,3143.1,154,2
2031,2026-06-16 14:50:56+05:30,3142.0,9,3134.82,3041443,129456.0,195335.0,3163.0,3163.0,3108.0,3134.3,31849600,3447.7,2820.9,3839.9,2896.0,3142.0,1,1,3141.8,17,1,3141.7,10,1,3141.6,131,5,3141.5,31,1,3142.3,200,1,3142.4,19,1,3142.5,66,3,3142.8,400,2,3143.0,297,4
2031,2026-06-16 14:50:56+05:30,3142.0,9,3134.82,3041443,129456.0,195335.0,3163.0,3163.0,3108.0,3134.3,31849600,3447.7,2820.9,3839.9,2896.0,3142.0,1,1,3141.8,17,1,3141.7,10,1,3141.6,131,5,3141.5,31,1,3142.3,200,1,3142.4,19,1,3142.5,66,3,3142.8,400,2,3143.0,297,4
2031,2026-06-16 14:50:57+05:30,3142.0,9,3134.82,3041443,129456.0,195335.0,3163.0,3163.0,3108.0,3134.3,31849600,3447.7,2820.9,3839.9,2896.0,3142.0,1,1,3141.8,17,1,3141.7,10,1,3141.6,131,5,3141.5,31,1,3142.3,200,1,3142.4,19,1,3142.5,66,3,3142.8,400,2,3143.0,297,4
2031,2026-06-16 14:50:58+05:30,3142.5,26,3134.82,3041443,129456.0,195335.0,3163.0,3163.0,3108.0,3134.3,31849600,3447.7,2820.9,3839.9,2896.0,3142.0,1,1,3141.8,17,1,3141.7,10,1,3141.6,131,5,3141.5,31,1,3142.3,200,1,3142.4,19,1,3142.5,66,3,3142.8,400,2,3143.0,297,4
2031,2026-06-16 14:50:58+05:30,3142.5,26,3134.82,3041443,129456.0,195335.0,3163.0,3163.0,3108.0,3134.3,31847800,3447.7,2820.9,3839.9,2896.0,3142.0,1,1,3141.8,17,1,3141.7,10,1,3141.6,131,5,3141.5,31,1,3142.3,200,1,3142.4,19,1,3142.5,66,3,3142.8,400,2,3143.0,297,4
2031,2026-06-16 14:51:02+05:30,3143.2,1,3134.82,3041443,129456.0,195335.0,3163.0,3163.0,3108.0,3134.3,31847800,3447.7,2820.9,3839.9,2896.0,3142.0,1,1,3141.8,17,1,3141.7,10,1,3141.6,131,5,3141.5,31,1,3142.3,200,1,3142.4,19,1,3142.5,66,3,3142.8,400,2,3143.0,297,4
2031,2026-06-16 14:51:02+05:30,3143.2,1,3134.82,3042260,131161.0,191548.0,3163.0,3163.0,3108.0,3134.3,31847800,3447.7,2820.9,3839.9,2896.0,3143.1,23,1,3143.0,52,4,3142.9,57,2,3142.8,33,6,3142.7,79,4,3143.2,1,1,3143.3,1,1,3143.5,200,1,3143.6,75,2,3143.7,86,1
2031,2026-06-16 14:51:06+05:30,3143.2,1,3134.82,3042260,131161.0,191548.0,3163.0,3163.0,3108.0,3134.3,31847800,3447.7,2820.9,3839.9,2896.0,3143.1,23,1,3143.0,52,4,3142.9,57,2,3142.8,33,6,3142.7,79,4,3143.2,1,1,3143.3,1,1,3143.5,200,1,3143.6,75,2,3143.7,86,1
2031,2026-06-16 14:51:08+05:30,3143.2,15,3134.82,3042637,131118.0,192322.0,3163.0,3163.0,3108.0,3134.3,31847800,3447.7,2820.9,3839.9,2896.0,3143.1,29,3,3143.0,34,2,3142.8,4,2,3142.7,16,1,3142.4,102,5,3143.2,7,1,3143.3,84,1,3143.5,400,2,3143.6,75,2,3143.7,86,1
2031,2026-06-16 14:51:10+05:30,3143.3,16,3134.82,3042637,131118.0,192322.0,3163.0,3163.0,3108.0,3134.3,31847800,3447.7,2820.9,3839.9,2896.0,3143.1,29,3,3143.0,34,2,3142.8,4,2,3142.7,16,1,3142.4,102,5,3143.2,7,1,3143.3,84,1,3143.5,400,2,3143.6,75,2,3143.7,86,1
2031,2026-06-16 14:51:14+05:30,3143.2,15,3134.82,3042637,131118.0,192322.0,3163.0,3163.0,3108.0,3134.3,31847800,3447.7,2820.9,3839.9,2896.0,3143.1,29,3,3143.0,34,2,3142.8,4,2,3142.7,16,1,3142.4,102,5,3143.2,7,1,3143.3,84,1,3143.5,400,2,3143.6,75,2,3143.7,86,1
2031,2026-06-16 14:51:14+05:30,3143.2,14,3134.82,3043090,131324.0,192290.0,3163.0,3163.0,3108.0,3134.3,31847800,3447.7,2820.9,3839.9,2896.0,3143.2,57,7,3143.1,40,2,3143.0,12,1,3142.6,25,2,3142.4,45,4,3143.5,392,2,3143.6,25,1,3143.7,86,1,3143.8,332,2,3143.9,200,1
2031,2026-06-16 14:51:18+05:30,3143.4,4,3134.82,3043090,131324.0,192290.0,3163.0,3163.0,3108.0,3134.3,31847800,3447.7,2820.9,3839.9,2896.0,3143.2,57,7,3143.1,40,2,3143.0,12,1,3142.6,25,2,3142.4,45,4,3143.5,392,2,3143.6,25,1,3143.7,86,1,3143.8,332,2,3143.9,200,1
2031,2026-06-16 14:51:19+05:30,3141.5,6,3134.83,3045605,130652.0,193067.0,3163.0,3163.0,3108.0,3134.3,31847800,3447.7,2820.9,3839.9,2896.0,3143.2,16,2,3142.4,46,2,3142.3,22,1,3142.2,21,1,3142.1,38,2,3143.3,201,2,3143.4,4,1,3143.5,662,6,3143.6,46,2,3143.7,124,2
2031,2026-06-16 14:51:19+05:30,3141.5,6,3134.83,3045605,130652.0,193067.0,3163.0,3163.0,3108.0,3134.3,31847800,3447.7,2820.9,3839.9,2896.0,3143.2,16,2,3142.4,46,2,3142.3,22,1,3142.2,21,1,3142.1,38,2,3143.3,201,2,3143.4,4,1,3143.5,662,6,3143.6,46,2,3143.7,124,2
2031,2026-06-16 14:51:20+05:30,3143.1,5,3134.83,3045774,129466.0,194580.0,3163.0,3163.0,3108.0,3134.3,31847800,3447.7,2820.9,3839.9,2896.0,3141.9,49,1,3141.8,85,3,3141.7,22,1,3141.6,48,3,3141.5,89,3,3143.1,6,2,3143.2,29,1,3143.3,260,4,3143.4,74,3,3143.5,738,6
2031,2026-06-16 14:51:20+05:30,3143.1,5,3134.83,3045774,129466.0,194580.0,3163.0,3163.0,3108.0,3134.3,31847800,3447.7,2820.9,3839.9,2896.0,3141.9,49,1,3141.8,85,3,3141.7,22,1,3141.6,48,3,3141.5,89,3,3143.1,6,2,3143.2,29,1,3143.3,260,4,3143.4,74,3,3143.5,738,6
2031,2026-06-16 14:51:20+05:30,3143.1,5,3134.83,3045774,130257.0,194826.0,3163.0,3163.0,3108.0,3134.3,31847800,3447.7,2820.9,3839.9,2896.0,3141.9,147,2,3141.8,63,2,3141.7,44,2,3141.6,79,4,3141.5,89,3,3143.0,200,1,3143.1,6,2,3143.2,1,1,3143.3,59,2,3143.4,101,4
2031,2026-06-16 14:51:22+05:30,3143.0,1,3134.83,3046177,129796.0,194240.0,3163.0,3163.0,3108.0,3134.3,31847800,3447.7,2820.9,3839.9,2896.0,3142.3,13,1,3142.2,70,6,3142.1,69,5,3142.0,85,5,3141.9,111,4,3143.0,29,2,3143.4,391,2,3143.5,48,1,3143.6,170,4,3143.7,332,2
2031,2026-06-16 14:51:22+05:30,3143.0,1,3134.83,3046177,129796.0,194240.0,3163.0,3163.0,3108.0,3134.3,31847800,3447.7,2820.9,3839.9,2896.0,3142.3,13,1,3142.2,70,6,3142.1,69,5,3142.0,85,5,3141.9,111,4,3143.0,29,2,3143.4,391,2,3143.5,48,1,3143.6,170,4,3143.7,332,2
2031,2026-06-16 14:51:23+05:30,3143.0,1,3134.83,3046177,129752.0,194222.0,3163.0,3163.0,3108.0,3134.3,31847800,3447.7,2820.9,3839.9,2896.0,3142.2,53,5,3142.1,75,5,3142.0,85,5,3141.9,76,2,3141.8,188,7,3143.0,34,3,3143.4,391,2,3143.5,48,1,3143.6,191,5,3143.7,332,2
2031,2026-06-16 14:51:24+05:30,3143.0,1,3134.83,3046177,130385.0,194491.0,3163.0,3163.0,3108.0,3134.3,31847800,3447.7,2820.9,3839.9,2896.0,3142.6,1,1,3142.2,67,3,3142.1,48,3,3142.0,59,3,3141.9,97,3,3143.0,35,4,3143.1,58,1,3143.3,1,1,3143.4,31,1,3143.5,439,3
2031,2026-06-16 14:51:25+05:30,3142.2,43,3134.83,3046177,130385.0,194491.0,3163.0,3163.0,3108.0,3134.3,31847800,3447.7,2820.9,3839.9,2896.0,3142.6,1,1,3142.2,67,3,3142.1,48,3,3142.0,59,3,3141.9,97,3,3143.0,35,4,3143.1,58,1,3143.3,1,1,3143.4,31,1,3143.5,439,3
2031,2026-06-16 14:51:25+05:30,3142.2,43,3134.83,3046222,129303.0,195167.0,3163.0,3163.0,3108.0,3134.3,31847800,3447.7,2820.9,3839.9,2896.0,3141.9,36,1,3141.8,44,2,3141.7,24,2,3141.6,105,4,3141.5,93,4,3142.2,156,1,3143.0,27,3,3143.1,58,1,3143.2,53,2,3143.3,58,1
2031,2026-06-16 14:51:26+05:30,3141.8,9,3134.83,3046222,129303.0,195167.0,3163.0,3163.0,3108.0,3134.3,31847800,3447.7,2820.9,3839.9,2896.0,3141.9,36,1,3141.8,44,2,3141.7,24,2,3141.6,105,4,3141.5,93,4,3142.2,156,1,3143.0,27,3,3143.1,58,1,3143.2,53,2,3143.3,58,1
2031,2026-06-16 14:51:26+05:30,3141.8,9,3134.83,3046267,127952.0,195956.0,3163.0,3163.0,3108.0,3134.3,31847800,3447.7,2820.9,3839.9,2896.0,3141.8,8,1,3141.1,21,1,3141.0,29,4,3140.9,79,2,3140.8,51,3,3142.2,186,3,3142.3,1,1,3142.4,66,2,3142.6,36,1,3142.8,106,4
2031,2026-06-16 14:51:27+05:30,3142.2,1,3134.83,3046267,127952.0,195956.0,3163.0,3163.0,3108.0,3134.3,31847800,3447.7,2820.9,3839.9,2896.0,3141.8,8,1,3141.1,21,1,3141.0,29,4,3140.9,79,2,3140.8,51,3,3142.2,186,3,3142.3,1,1,3142.4,66,2,3142.6,36,1,3142.8,106,4
2031,2026-06-16 14:51:27+05:30,3142.2,1,3134.83,3046373,128125.0,196054.0,3163.0,3163.0,3108.0,3134.3,31847800,3447.7,2820.9,3839.9,2896.0,3141.7,13,1,3141.2,16,1,3141.1,21,1,3141.0,17,3,3140.9,79,2,3142.2,201,3,3142.3,1,1,3142.4,36,1,3142.6,75,2,3142.7,84,2
2031,2026-06-16 14:51:28+05:30,3142.1,1,3134.83,3046373,128125.0,196054.0,3163.0,3163.0,3108.0,3134.3,31847800,3447.7,2820.9,3839.9,2896.0,3141.7,13,1,3141.2,16,1,3141.1,21,1,3141.0,17,3,3140.9,79,2,3142.2,201,3,3142.3,1,1,3142.4,36,1,3142.6,75,2,3142.7,84,2
2031,2026-06-16 14:51:28+05:30,3142.1,1,3134.83,3046415,127781.0,196474.0,3163.0,3163.0,3108.0,3134.3,31847800,3447.7,2820.9,3839.9,2896.0,3141.2,14,2,3141.0,2,2,3140.9,104,3,3140.8,36,2,3140.7,1,1,3142.2,201,3,3142.3,5,1,3142.4,36,1,3142.5,59,2,3142.6,39,1
2031,2026-06-16 14:51:29+05:30,3142.2,100,3134.83,3046415,127781.0,196474.0,3163.0,3163.0,3108.0,3134.3,31847800,3447.7,2820.9,3839.9,2896.0,3141.2,14,2,3141.0,2,2,3140.9,104,3,3140.8,36,2,3140.7,1,1,3142.2,201,3,3142.3,5,1,3142.4,36,1,3142.5,59,2,3142.6,39,1
2031,2026-06-16 14:51:29+05:30,3142.2,17,3134.83,3046532,127993.0,196159.0,3163.0,3163.0,3108.0,3134.3,31847800,3447.7,2820.9,3839.9,2896.0,3141.5,14,1,3141.4,15,1,3141.3,53,4,3141.2,14,2,3141.1,21,1,3142.2,84,3,3142.7,7,1,3142.8,109,3,3142.9,105,3,3143.0,82,4
2031,2026-06-16 14:51:30+05:30,3142.2,17,3134.83,3046532,127993.0,196159.0,3163.0,3163.0,3108.0,3134.3,31847800,3447.7,2820.9,3839.9,2896.0,3141.5,14,1,3141.4,15,1,3141.3,53,4,3141.2,14,2,3141.1,21,1,3142.2,84,3,3142.7,7,1,3142.8,109,3,3142.9,105,3,3143.0,82,4
2031,2026-06-16 14:51:30+05:30,3141.8,19,3134.83,3046555,127981.0,196053.0,3163.0,3163.0,3108.0,3134.3,31847800,3447.7,2820.9,3839.9,2896.0,3141.8,7,1,3141.6,16,1,3141.5,1,1,3141.4,73,2,3141.3,34,2,3142.2,85,4,3142.7,7,1,3142.8,49,1,3142.9,65,2,3143.0,121,5
2031,2026-06-16 14:51:31+05:30,3141.8,19,3134.83,3046555,127981.0,196053.0,3163.0,3163.0,3108.0,3134.3,31847800,3447.7,2820.9,3839.9,2896.0,3141.8,7,1,3141.6,16,1,3141.5,1,1,3141.4,73,2,3141.3,34,2,3142.2,85,4,3142.7,7,1,3142.8,49,1,3142.9,65,2,3143.0,121,5
2031,2026-06-16 14:51:31+05:30,3141.8,19,3134.83,3046555,128020.0,196031.0,3163.0,3163.0,3108.0,3134.3,31847800,3447.7,2820.9,3839.9,2896.0,3141.8,9,2,3141.6,16,1,3141.5,1,1,3141.4,104,3,3141.3,34,2,3142.2,85,4,3142.7,7,1,3142.8,49,1,3142.9,65,2,3143.0,121,5
2031,2026-06-16 14:51:32+05:30,3142.2,1,3134.83,3046555,128020.0,196031.0,3163.0,3163.0,3108.0,3134.3,31847800,3447.7,2820.9,3839.9,2896.0,3141.8,9,2,3141.6,16,1,3141.5,1,1,3141.4,104,3,3141.3,34,2,3142.2,85,4,3142.7,7,1,3142.8,49,1,3142.9,65,2,3143.0,121,5
2031,2026-06-16 14:51:32+05:30,3143.0,1,3134.83,3046641,130015.0,194737.0,3163.0,3163.0,3108.0,3134.3,31847800,3447.7,2820.9,3839.9,2896.0,3142.2,78,8,3142.0,37,2,3141.9,136,5,3141.8,158,7,3141.7,101,3,3143.2,391,2,3143.3,58,1,3143.4,86,1,3143.5,380,3,3143.6,372,7
2031,2026-06-16 14:51:33+05:30,3143.0,1,3134.83,3046641,130015.0,194737.0,3163.0,3163.0,3108.0,3134.3,31847800,3447.7,2820.9,3839.9,2896.0,3142.2,78,8,3142.0,37,2,3141.9,136,5,3141.8,158,7,3141.7,101,3,3143.2,391,2,3143.3,58,1,3143.4,86,1,3143.5,380,3,3143.6,372,7
2031,2026-06-16 14:51:33+05:30,3142.2,2,3134.83,3046643,129893.0,194922.0,3163.0,3163.0,3108.0,3134.3,31847800,3447.7,2820.9,3839.9,2896.0,3142.3,16,1,3142.2,63,6,3142.0,37,2,3141.9,73,4,3141.8,161,8,3143.1,140,1,3143.2,1,1,3143.3,58,1,3143.4,391,2,3143.5,48,1
2031,2026-06-16 14:51:34+05:30,3142.2,2,3134.83,3046643,129893.0,194922.0,3163.0,3163.0,3108.0,3134.3,31847800,3447.7,2820.9,3839.9,2896.0,3142.3,16,1,3142.2,63,6,3142.0,37,2,3141.9,73,4,3141.8,161,8,3143.1,140,1,3143.2,1,1,3143.3,58,1,3143.4,391,2,3143.5,48,1
2031,2026-06-16 14:51:34+05:30,3143.1,1,3134.83,3046644,130140.0,194514.0,3163.0,3163.0,3108.0,3134.3,31847800,3447.7,2820.9,3839.9,2896.0,3142.7,17,1,3142.3,1,1,3142.2,51,6,3142.0,27,1,3141.9,91,5,3143.1,140,2,3143.2,38,1,3143.3,58,1,3143.4,391,2,3143.5,48,1
2031,2026-06-16 14:51:35+05:30,3142.7,121,3134.83,3046644,130140.0,194514.0,3163.0,3163.0,3108.0,3134.3,31847800,3447.7,2820.9,3839.9,2896.0,3142.7,17,1,3142.3,1,1,3142.2,51,6,3142.0,27,1,3141.9,91,5,3143.1,140,2,3143.2,38,1,3143.3,58,1,3143.4,391,2,3143.5,48,1
2031,2026-06-16 14:51:35+05:30,3142.7,121,3134.83,3046765,129908.0,194479.0,3163.0,3163.0,3108.0,3134.3,31847800,3447.7,2820.9,3839.9,2896.0,3142.7,17,1,3142.3,19,2,3142.2,51,6,3141.9,38,2,3141.8,99,6,3143.1,140,2,3143.2,38,1,3143.3,481,4,3143.4,38,1,3143.5,204,5
2031,2026-06-16 14:51:36+05:30,3142.7,11,3134.83,3046776,129901.0,194517.0,3163.0,3163.0,3108.0,3134.3,31847800,3447.7,2820.9,3839.9,2896.0,3142.7,6,1,3142.5,15,1,3142.3,1,1,3142.2,51,6,3141.9,38,2,3143.1,140,2,3143.2,38,1,3143.3,449,3,3143.5,204,5,3143.6,306,5
2031,2026-06-16 14:51:37+05:30,3143.1,8,3134.83,3046776,129901.0,194517.0,3163.0,3163.0,3108.0,3134.3,31847800,3447.7,2820.9,3839.9,2896.0,3142.7,6,1,3142.5,15,1,3142.3,1,1,3142.2,51,6,3141.9,38,2,3143.1,140,2,3143.2,38,1,3143.3,449,3,3143.5,204,5,3143.6,306,5
2031,2026-06-16 14:51:37+05:30,3143.1,1,3134.83,3047320,129797.0,194322.0,3163.0,3163.0,3108.0,3134.3,31847800,3447.7,2820.9,3839.9,2896.0,3142.7,16,1,3142.2,1,1,3141.9,21,1,3141.8,89,5,3141.7,21,1,3143.1,43,3,3143.2,141,4,3143.3,508,5,3143.4,92,2,3143.5,216,5
2031,2026-06-16 14:51:38+05:30,3143.1,1,3134.83,3047320,129797.0,194322.0,3163.0,3163.0,3108.0,3134.3,31847800,3447.7,2820.9,3839.9,2896.0,3142.7,16,1,3142.2,1,1,3141.9,21,1,3141.8,89,5,3141.7,21,1,3143.1,43,3,3143.2,141,4,3143.3,508,5,3143.4,92,2,3143.5,216,5
2031,2026-06-16 14:51:38+05:30,3142.7,23,3134.83,3047402,129856.0,194329.0,3163.0,3163.0,3108.0,3134.3,31847800,3447.7,2820.9,3839.9,2896.0,3142.5,18,1,3142.2,1,1,3141.9,61,2,3141.8,55,3,3141.7,54,2,3143.1,33,2,3143.2,74,2,3143.3,482,4,3143.4,96,3,3143.5,254,6
2031,2026-06-16 14:51:38+05:30,3142.7,23,3134.83,3047402,129856.0,194329.0,3163.0,3163.0,3108.0,3134.3,31847800,3447.7,2820.9,3839.9,2896.0,3142.5,18,1,3142.2,1,1,3141.9,61,2,3141.8,55,3,3141.7,54,2,3143.1,33,2,3143.2,74,2,3143.3,482,4,3143.4,96,3,3143.5,254,6
2031,2026-06-16 14:51:39+05:30,3142.7,23,3134.83,3047402,129856.0,194329.0,3163.0,3163.0,3108.0,3134.3,31847800,3447.7,2820.9,3839.9,2896.0,3142.5,18,1,3142.2,1,1,3141.9,61,2,3141.8,55,3,3141.7,54,2,3143.1,33,2,3143.2,74,2,3143.3,482,4,3143.4,96,3,3143.5,254,6
2031,2026-06-16 14:51:39+05:30,3143.1,1,3134.83,3047403,129771.0,194095.0,3163.0,3163.0,3108.0,3134.3,31847800,3447.7,2820.9,3839.9,2896.0,3142.8,3,1,3142.6,18,1,3142.3,7,1,3142.0,182,1,3141.9,61,2,3143.1,32,2,3143.2,38,1,3143.3,475,4,3143.5,174,4,3143.6,508,7
2031,2026-06-16 14:51:40+05:30,3143.1,1,3134.83,3047403,129771.0,194095.0,3163.0,3163.0,3108.0,3134.3,31847800,3447.7,2820.9,3839.9,2896.0,3142.8,3,1,3142.6,18,1,3142.3,7,1,3142.0,182,1,3141.9,61,2,3143.1,32,2,3143.2,38,1,3143.3,475,4,3143.5,174,4,3143.6,508,7
2031,2026-06-16 14:51:40+05:30,3143.1,1,3134.83,3047403,129771.0,194095.0,3163.0,3163.0,3108.0,3134.3,31847800,3447.7,2820.9,3839.9,2896.0,3142.8,3,1,3142.6,18,1,3142.3,7,1,3142.0,182,1,3141.9,61,2,3143.1,32,2,3143.2,38,1,3143.3,475,4,3143.5,174,4,3143.6,508,7
2031,2026-06-16 14:51:40+05:30,3143.1,12,3134.83,3047449,130073.0,193954.0,3163.0,3163.0,3108.0,3134.3,31847800,3447.7,2820.9,3839.9,2896.0,3143.1,1,1,3143.0,14,1,3142.8,3,1,3142.1,21,1,3142.0,82,2,3143.2,38,1,3143.3,449,3,3143.5,204,4,3143.6,465,7,3143.7,53,1
2031,2026-06-16 14:51:41+05:30,3143.2,1,3134.83,3047449,130073.0,193954.0,3163.0,3163.0,3108.0,3134.3,31847800,3447.7,2820.9,3839.9,2896.0,3143.1,1,1,3143.0,14,1,3142.8,3,1,3142.1,21,1,3142.0,82,2,3143.2,38,1,3143.3,449,3,3143.5,204,4,3143.6,465,7,3143.7,53,1
2031,2026-06-16 14:51:41+05:30,3143.2,11,3134.83,3047461,130110.0,193970.0,3163.0,3163.0,3108.0,3134.3,31847800,3447.7,2820.9,3839.9,2896.0,3143.1,1,1,3143.0,14,1,3142.8,3,1,3142.1,21,1,3142.0,82,2,3143.2,90,3,3143.3,449,3,3143.5,204,4,3143.6,465,7,3143.7,91,2
2031,2026-06-16 14:51:42+05:30,3143.2,59,3134.83,3047461,130110.0,193970.0,3163.0,3163.0,3108.0,3134.3,31847800,3447.7,2820.9,3839.9,2896.0,3143.1,1,1,3143.0,14,1,3142.8,3,1,3142.1,21,1,3142.0,82,2,3143.2,90,3,3143.3,449,3,3143.5,204,4,3143.6,465,7,3143.7,91,2
2031,2026-06-16 14:51:42+05:30,3143.2,37,3134.83,3047660,130139.0,193788.0,3163.0,3163.0,3108.0,3134.3,31847800,3447.7,2820.9,3839.9,2896.0,3143.2,1,1,3142.8,3,1,3142.7,17,1,3142.3,20,1,3142.1,52,2,3143.3,291,4,3143.4,34,1,3143.5,493,5,3143.6,73,3,3143.7,86,1
2031,2026-06-16 14:51:42+05:30,3143.2,37,3134.83,3047660,130139.0,193788.0,3163.0,3163.0,3108.0,3134.3,31847800,3447.7,2820.9,3839.9,2896.0,3143.2,1,1,3142.8,3,1,3142.7,17,1,3142.3,20,1,3142.1,52,2,3143.3,291,4,3143.4,34,1,3143.5,493,5,3143.6,73,3,3143.7,86,1
2031,2026-06-16 14:51:43+05:30,3143.3,1,3134.83,3047660,130139.0,193788.0,3163.0,3163.0,3108.0,3134.3,31847800,3447.7,2820.9,3839.9,2896.0,3143.2,1,1,3142.8,3,1,3142.7,17,1,3142.3,20,1,3142.1,52,2,3143.3,291,4,3143.4,34,1,3143.5,493,5,3143.6,73,3,3143.7,86,1
2031,2026-06-16 14:51:43+05:30,3143.3,1,3134.83,3047662,130041.0,194013.0,3163.0,3163.0,3108.0,3134.3,31847800,3447.7,2820.9,3839.9,2896.0,3142.8,3,1,3142.7,17,1,3142.1,52,2,3141.9,21,1,3141.8,61,2,3143.2,1,1,3143.3,290,4,3143.4,35,2,3143.5,493,5,3143.6,72,2
2031,2026-06-16 14:51:44+05:30,3143.3,1,3134.83,3047662,130191.0,193720.0,3163.0,3163.0,3108.0,3134.3,31847800,3447.7,2820.9,3839.9,2896.0,3143.0,16,1,3142.8,40,2,3142.4,25,2,3142.3,15,1,3142.1,52,2,3143.2,1,1,3143.3,256,2,3143.5,493,5,3143.6,61,2,3143.7,145,3
2031,2026-06-16 14:51:45+05:30,3143.0,45,3134.83,3047662,130191.0,193720.0,3163.0,3163.0,3108.0,3134.3,31847800,3447.7,2820.9,3839.9,2896.0,3143.0,16,1,3142.8,40,2,3142.4,25,2,3142.3,15,1,3142.1,52,2,3143.2,1,1,3143.3,256,2,3143.5,493,5,3143.6,61,2,3143.7,145,3
2031,2026-06-16 14:51:45+05:30,3143.0,45,3134.83,3047662,130191.0,193720.0,3163.0,3163.0,3108.0,3134.3,31847800,3447.7,2820.9,3839.9,2896.0,3143.0,16,1,3142.8,40,2,3142.4,25,2,3142.3,15,1,3142.1,52,2,3143.2,1,1,3143.3,256,2,3143.5,493,5,3143.6,61,2,3143.7,145,3
2031,2026-06-16 14:51:45+05:30,3143.0,45,3134.83,3047707,130247.0,193809.0,3163.0,3163.0,3108.0,3134.3,31847800,3447.7,2820.9,3839.9,2896.0,3143.1,2,2,3143.0,17,2,3142.8,37,1,3142.4,13,1,3142.3,45,2,3143.2,1,1,3143.3,256,2,3143.5,439,3,3143.6,25,1,3143.7,86,1
2031,2026-06-16 14:51:46+05:30,3143.3,6,3134.83,3047707,130247.0,193809.0,3163.0,3163.0,3108.0,3134.3,31847800,3447.7,2820.9,3839.9,2896.0,3143.1,2,2,3143.0,17,2,3142.8,37,1,3142.4,13,1,3142.3,45,2,3143.2,1,1,3143.3,256,2,3143.5,439,3,3143.6,25,1,3143.7,86,1
2031,2026-06-16 14:51:47+05:30,3143.2,9,3134.83,3047724,130315.0,194804.0,3163.0,3163.0,3108.0,3134.3,31847800,3447.7,2820.9,3839.9,2896.0,3143.2,6,1,3143.1,39,3,3143.0,1,1,3142.8,37,1,3142.3,15,1,3143.3,1315,4,3143.5,460,4,3143.6,35,2,3143.7,145,3,3143.8,640,6
2031,2026-06-16 14:51:47+05:30,3143.2,9,3134.83,3047724,130315.0,194804.0,3163.0,3163.0,3108.0,3134.3,31847800,3447.7,2820.9,3839.9,2896.0,3143.2,6,1,3143.1,39,3,3143.0,1,1,3142.8,37,1,3142.3,15,1,3143.3,1315,4,3143.5,460,4,3143.6,35,2,3143.7,145,3,3143.8,640,6
2031,2026-06-16 14:51:48+05:30,3143.3,107,3134.83,3047881,130328.0,194565.0,3163.0,3163.0,3108.0,3134.3,31847800,3447.7,2820.9,3839.9,2896.0,3143.1,39,3,3143.0,1,1,3142.8,37,1,3142.7,16,1,3142.3,96,3,3143.3,1191,5,3143.5,460,4,3143.6,35,2,3143.7,124,3,3143.8,602,5
2031,2026-06-16 14:51:48+05:30,3143.1,1,3134.83,3047881,130328.0,194565.0,3163.0,3163.0,3108.0,3134.3,31847800,3447.7,2820.9,3839.9,2896.0,3143.1,39,3,3143.0,1,1,3142.8,37,1,3142.7,16,1,3142.3,96,3,3143.3,1191,5,3143.5,460,4,3143.6,35,2,3143.7,124,3,3143.8,602,5
2031,2026-06-16 14:51:48+05:30,3143.1,1,3134.83,3047881,130328.0,194565.0,3163.0,3163.0,3108.0,3134.3,31847800,3447.7,2820.9,3839.9,2896.0,3143.1,39,3,3143.0,1,1,3142.8,37,1,3142.7,16,1,3142.3,96,3,3143.3,1191,5,3143.5,460,4,3143.6,35,2,3143.7,124,3,3143.8,602,5
2031,2026-06-16 14:51:49+05:30,3143.0,33,3134.83,3048102,130216.0,194935.0,3163.0,3163.0,3108.0,3134.3,31847800,3447.7,2820.9,3839.9,2896.0,3142.8,38,2,3142.1,31,1,3142.0,7,1,3141.9,77,4,3141.8,28,2,3142.9,92,1,3143.0,22,1,3143.3,1153,6,3143.4,1,1,3143.5,460,4
2031,2026-06-16 14:51:49+05:30,3143.0,33,3134.83,3048102,130216.0,194935.0,3163.0,3163.0,3108.0,3134.3,31847800,3447.7,2820.9,3839.9,2896.0,3142.8,38,2,3142.1,31,1,3142.0,7,1,3141.9,77,4,3141.8,28,2,3142.9,92,1,3143.0,22,1,3143.3,1153,6,3143.4,1,1,3143.5,460,4
2031,2026-06-16 14:51:50+05:30,3143.0,33,3134.83,3048102,130293.0,194847.0,3163.0,3163.0,3108.0,3134.3,31847800,3447.7,2820.9,3839.9,2896.0,3142.8,38,2,3142.1,31,1,3141.9,77,4,3141.8,28,2,3141.7,21,1,3142.9,120,3,3143.0,61,3,3143.1,16,1,3143.2,99,2,3143.3,1076,5
2031,2026-06-16 14:51:50+05:30,3143.0,33,3134.83,3048102,130293.0,194847.0,3163.0,3163.0,3108.0,3134.3,31847800,3447.7,2820.9,3839.9,2896.0,3142.8,38,2,3142.1,31,1,3141.9,77,4,3141.8,28,2,3141.7,21,1,3142.9,120,3,3143.0,61,3,3143.1,16,1,3143.2,99,2,3143.3,1076,5
2031,2026-06-16 14:51:51+05:30,3143.0,33,3134.83,3048102,130299.0,194844.0,3163.0,3163.0,3108.0,3134.3,31847800,3447.7,2820.9,3839.9,2896.0,3142.8,38,2,3142.1,31,1,3141.9,58,3,3141.8,28,2,3141.7,21,1,3142.9,121,4,3143.0,61,3,3143.1,16,1,3143.2,136,3,3143.3,1039,4
2031,2026-06-16 14:51:51+05:30,3143.0,33,3134.83,3048102,130299.0,194844.0,3163.0,3163.0,3108.0,3134.3,31847800,3447.7,2820.9,3839.9,2896.0,3142.8,38,2,3142.1,31,1,3141.9,58,3,3141.8,28,2,3141.7,21,1,3142.9,121,4,3143.0,61,3,3143.1,16,1,3143.2,136,3,3143.3,1039,4
2031,2026-06-16 14:51:52+05:30,3142.9,3,3134.84,3048227,130590.0,194598.0,3163.0,3163.0,3108.0,3134.3,31847800,3447.7,2820.9,3839.9,2896.0,3142.9,52,6,3142.8,36,1,3142.2,38,2,3142.1,31,1,3142.0,96,3,3143.0,23,2,3143.2,61,1,3143.3,1013,3,3143.4,1,1,3143.5,439,3
2031,2026-06-16 14:51:52+05:30,3142.9,3,3134.84,3048227,130590.0,194598.0,3163.0,3163.0,3108.0,3134.3,31847800,3447.7,2820.9,3839.9,2896.0,3142.9,52,6,3142.8,36,1,3142.2,38,2,3142.1,31,1,3142.0,96,3,3143.0,23,2,3143.2,61,1,3143.3,1013,3,3143.4,1,1,3143.5,439,3
2031,2026-06-16 14:51:52+05:30,3142.9,3,3134.84,3048227,130590.0,194598.0,3163.0,3163.0,3108.0,3134.3,31847800,3447.7,2820.9,3839.9,2896.0,3142.9,52,6,3142.8,36,1,3142.2,38,2,3142.1,31,1,3142.0,96,3,3143.0,23,2,3143.2,61,1,3143.3,1013,3,3143.4,1,1,3143.5,439,3
2031,2026-06-16 14:51:53+05:30,3142.9,2,3134.84,3048227,130590.0,194598.0,3163.0,3163.0,3108.0,3134.3,31847800,3447.7,2820.9,3839.9,2896.0,3142.9,90,7,3142.8,36,1,3142.2,19,1,3142.1,48,3,3142.0,91,3,3143.0,98,3,3143.2,461,2,3143.3,1013,3,3143.4,1,1,3143.5,439,3
2031,2026-06-16 14:51:53+05:30,3142.9,2,3134.84,3048229,130493.0,195195.0,3163.0,3163.0,3108.0,3134.3,31847800,3447.7,2820.9,3839.9,2896.0,3142.9,90,7,3142.8,36,1,3142.2,19,1,3142.1,48,3,3142.0,91,3,3143.0,98,3,3143.2,461,2,3143.3,1013,3,3143.4,1,1,3143.5,439,3
2031,2026-06-16 14:51:53+05:30,3142.9,2,3134.84,3048229,130493.0,195195.0,3163.0,3163.0,3108.0,3134.3,31847800,3447.7,2820.9,3839.9,2896.0,3142.9,90,7,3142.8,36,1,3142.2,19,1,3142.1,48,3,3142.0,91,3,3143.0,98,3,3143.2,461,2,3143.3,1013,3,3143.4,1,1,3143.5,439,3
2031,2026-06-16 14:51:54+05:30,3142.9,2,3134.84,3048229,130493.0,195195.0,3163.0,3163.0,3108.0,3134.3,31847800,3447.7,2820.9,3839.9,2896.0,3142.9,90,7,3142.8,36,1,3142.2,19,1,3142.1,48,3,3142.0,91,3,3143.0,98,3,3143.2,461,2,3143.3,1013,3,3143.4,1,1,3143.5,439,3
2031,2026-06-16 14:51:54+05:30,3143.0,1,3134.84,3048288,130419.0,195220.0,3163.0,3163.0,3108.0,3134.3,31847800,3447.7,2820.9,3839.9,2896.0,3142.9,88,7,3142.8,36,1,3142.7,16,1,3142.2,7,1,3142.1,48,3,3143.0,88,4,3143.2,461,2,3143.3,1006,2,3143.4,1,1,3143.5,439,3
2031,2026-06-16 14:51:54+05:30,3142.9,8,3134.84,3048288,130419.0,195220.0,3163.0,3163.0,3108.0,3134.3,31847800,3447.7,2820.9,3839.9,2896.0,3142.9,88,7,3142.8,36,1,3142.7,16,1,3142.2,7,1,3142.1,48,3,3143.0,88,4,3143.2,461,2,3143.3,1006,2,3143.4,1,1,3143.5,439,3
2031,2026-06-16 14:51:54+05:30,3142.9,8,3134.84,3048288,130419.0,195220.0,3163.0,3163.0,3108.0,3134.3,31847800,3447.7,2820.9,3839.9,2896.0,3142.9,88,7,3142.8,36,1,3142.7,16,1,3142.2,7,1,3142.1,48,3,3143.0,88,4,3143.2,461,2,3143.3,1006,2,3143.4,1,1,3143.5,439,3
2031,2026-06-16 14:51:55+05:30,3143.0,1,3134.84,3048457,130423.0,195180.0,3163.0,3163.0,3108.0,3134.3,31847800,3447.7,2820.9,3839.9,2896.0,3142.9,47,7,3142.8,36,1,3142.7,16,1,3142.1,33,2,3141.9,58,3,3143.0,87,4,3143.2,477,3,3143.3,1080,4,3143.4,27,2,3143.5,439,3
2031,2026-06-16 14:51:55+05:30,3143.0,1,3134.84,3048457,130423.0,195180.0,3163.0,3163.0,3108.0,3134.3,31847800,3447.7,2820.9,3839.9,2896.0,3142.9,47,7,3142.8,36,1,3142.7,16,1,3142.1,33,2,3141.9,58,3,3143.0,87,4,3143.2,477,3,3143.3,1080,4,3143.4,27,2,3143.5,439,3
2031,2026-06-16 14:51:55+05:30,3143.0,1,3134.84,3048457,130423.0,195180.0,3163.0,3163.0,3108.0,3134.3,31847800,3447.7,2820.9,3839.9,2896.0,3142.9,47,7,3142.8,36,1,3142.7,16,1,3142.1,33,2,3141.9,58,3,3143.0,87,4,3143.2,477,3,3143.3,1080,4,3143.4,27,2,3143.5,439,3
2031,2026-06-16 14:51:56+05:30,3143.0,1,3134.84,3048457,130458.0,195480.0,3163.0,3163.0,3108.0,3134.3,31847800,3447.7,2820.9,3839.9,2896.0,3142.9,47,7,3142.8,36,1,3142.7,16,1,3142.1,64,3,3141.9,58,3,3143.0,149,6,3143.2,477,3,3143.3,1042,3,3143.4,27,2,3143.5,439,3
2031,2026-06-16 14:51:56+05:30,3143.0,1,3134.84,3048457,130458.0,195480.0,3163.0,3163.0,3108.0,3134.3,31847800,3447.7,2820.9,3839.9,2896.0,3142.9,47,7,3142.8,36,1,3142.7,16,1,3142.1,64,3,3141.9,58,3,3143.0,149,6,3143.2,477,3,3143.3,1042,3,3143.4,27,2,3143.5,439,3
2031,2026-06-16 14:51:57+05:30,3143.0,2,3134.84,3048457,130458.0,195480.0,3163.0,3163.0,3108.0,3134.3,31847800,3447.7,2820.9,3839.9,2896.0,3142.9,47,7,3142.8,36,1,3142.7,16,1,3142.1,64,3,3141.9,58,3,3143.0,149,6,3143.2,477,3,3143.3,1042,3,3143.4,27,2,3143.5,439,3
2031,2026-06-16 14:51:57+05:30,3143.0,2,3134.84,3048457,130458.0,195480.0,3163.0,3163.0,3108.0,3134.3,31847800,3447.7,2820.9,3839.9,2896.0,3142.9,47,7,3142.8,36,1,3142.7,16,1,3142.1,64,3,3141.9,58,3,3143.0,149,6,3143.2,477,3,3143.3,1042,3,3143.4,27,2,3143.5,439,3
2031,2026-06-16 14:51:57+05:30,3143.0,2,3134.84,3048737,130489.0,195324.0,3163.0,3163.0,3108.0,3134.3,31847800,3447.7,2820.9,3839.9,2896.0,3142.8,36,1,3142.7,16,1,3142.1,33,2,3142.0,31,1,3141.9,116,4,3143.0,3,1,3143.2,482,3,3143.3,1044,3,3143.4,27,2,3143.5,498,5
2031,2026-06-16 14:51:57+05:30,3143.0,2,3134.84,3048737,130489.0,195324.0,3163.0,3163.0,3108.0,3134.3,31847800,3447.7,2820.9,3839.9,2896.0,3142.8,36,1,3142.7,16,1,3142.1,33,2,3142.0,31,1,3141.9,116,4,3143.0,3,1,3143.2,482,3,3143.3,1044,3,3143.4,27,2,3143.5,498,5
2031,2026-06-16 14:51:58+05:30,3142.8,3,3134.84,3048737,130489.0,195324.0,3163.0,3163.0,3108.0,3134.3,31847800,3447.7,2820.9,3839.9,2896.0,3142.8,36,1,3142.7,16,1,3142.1,33,2,3142.0,31,1,3141.9,116,4,3143.0,3,1,3143.2,482,3,3143.3,1044,3,3143.4,27,2,3143.5,498,5
2031,2026-06-16 14:51:58+05:30,3143.0,43,3134.84,3048784,130476.0,195277.0,3163.0,3163.0,3108.0,3134.3,31847800,3447.7,2820.9,3839.9,2896.0,3143.0,18,1,3142.8,32,1,3142.1,53,3,3141.9,116,4,3141.8,224,4,3143.2,482,3,3143.3,1044,3,3143.4,27,2,3143.5,514,6,3143.6,99,3
2031,2026-06-16 14:51:58+05:30,3143.0,43,3134.84,3048784,130476.0,195277.0,3163.0,3163.0,3108.0,3134.3,31847800,3447.7,2820.9,3839.9,2896.0,3143.0,18,1,3142.8,32,1,3142.1,53,3,3141.9,116,4,3141.8,224,4,3143.2,482,3,3143.3,1044,3,3143.4,27,2,3143.5,514,6,3143.6,99,3
2031,2026-06-16 14:51:59+05:30,3143.0,1,3134.84,3048784,130476.0,195277.0,3163.0,3163.0,3108.0,3134.3,31847800,3447.7,2820.9,3839.9,2896.0,3143.0,18,1,3142.8,32,1,3142.1,53,3,3141.9,116,4,3141.8,224,4,3143.2,482,3,3143.3,1044,3,3143.4,27,2,3143.5,514,6,3143.6,99,3
2031,2026-06-16 14:51:59+05:30,3143.0,1,3134.84,3048845,130481.0,195223.0,3163.0,3163.0,3108.0,3134.3,31847800,3447.7,2820.9,3839.9,2896.0,3142.8,32,1,3142.7,16,1,3142.1,53,3,3142.0,7,1,3141.9,116,4,3143.2,482,3,3143.3,1006,2,3143.4,27,2,3143.5,476,5,3143.6,99,3
2031,2026-06-16 14:51:59+05:30,3143.0,1,3134.84,3048845,130481.0,195223.0,3163.0,3163.0,3108.0,3134.3,31846200,3447.7,2820.9,3839.9,2896.0,3142.8,32,1,3142.7,16,1,3142.1,53,3,3142.0,7,1,3141.9,116,4,3143.2,482,3,3143.3,1006,2,3143.4,27,2,3143.5,476,5,3143.6,99,3
2031,2026-06-16 14:52:00+05:30,3143.2,17,3134.84,3048845,130481.0,195223.0,3163.0,3163.0,3108.0,3134.3,31846200,3447.7,2820.9,3839.9,2896.0,3142.8,32,1,3142.7,16,1,3142.1,53,3,3142.0,7,1,3141.9,116,4,3143.2,482,3,3143.3,1006,2,3143.4,27,2,3143.5,476,5,3143.6,99,3
2031,2026-06-16 14:52:00+05:30,3143.2,1,3134.84,3048907,130159.0,195486.0,3163.0,3163.0,3108.0,3134.3,31846200,3447.7,2820.9,3839.9,2896.0,3142.8,8,1,3142.7,5,2,3141.9,98,4,3141.8,47,3,3141.7,100,3,3143.2,532,6,3143.3,1042,3,3143.4,75,4,3143.5,497,4,3143.6,135,4
2031,2026-06-16 14:52:01+05:30,3142.8,4,3134.84,3048907,130159.0,195486.0,3163.0,3163.0,3108.0,3134.3,31846200,3447.7,2820.9,3839.9,2896.0,3142.8,8,1,3142.7,5,2,3141.9,98,4,3141.8,47,3,3141.7,100,3,3143.2,532,6,3143.3,1042,3,3143.4,75,4,3143.5,497,4,3143.6,135,4
2031,2026-06-16 14:52:01+05:30,3142.8,2,3134.84,3049474,129481.0,197129.0,3163.0,3163.0,3108.0,3134.3,31846200,3447.7,2820.9,3839.9,2896.0,3142.8,2,1,3141.5,205,2,3141.4,35,2,3141.3,44,2,3141.2,559,5,3142.9,92,5,3143.0,14,1,3143.1,15,2,3143.2,636,7,3143.3,1397,4
2031,2026-06-16 14:52:02+05:30,3142.8,4,3134.84,3049474,129481.0,197129.0,3163.0,3163.0,3108.0,3134.3,31846200,3447.7,2820.9,3839.9,2896.0,3142.8,2,1,3141.5,205,2,3141.4,35,2,3141.3,44,2,3141.2,559,5,3142.9,92,5,3143.0,14,1,3143.1,15,2,3143.2,636,7,3143.3,1397,4
2031,2026-06-16 14:52:02+05:30,3141.5,6,3134.84,3049535,129005.0,197335.0,3163.0,3163.0,3108.0,3134.3,31846200,3447.7,2820.9,3839.9,2896.0,3141.4,29,2,3141.3,44,2,3141.2,107,5,3141.1,69,3,3141.0,216,8,3142.8,59,2,3142.9,14,1,3143.0,62,4,3143.1,224,5,3143.2,914,7
2031,2026-06-16 14:52:03+05:30,3141.4,33,3134.84,3049535,129005.0,197335.0,3163.0,3163.0,3108.0,3134.3,31846200,3447.7,2820.9,3839.9,2896.0,3141.4,29,2,3141.3,44,2,3141.2,107,5,3141.1,69,3,3141.0,216,8,3142.8,59,2,3142.9,14,1,3143.0,62,4,3143.1,224,5,3143.2,914,7
2031,2026-06-16 14:52:03+05:30,3141.4,33,3134.84,3049581,128574.0,197867.0,3163.0,3163.0,3108.0,3134.3,31846200,3447.7,2820.9,3839.9,2896.0,3141.3,13,1,3141.2,13,1,3141.1,21,1,3141.0,41,5,3140.9,79,2,3142.6,18,1,3142.7,130,4,3142.8,81,3,3142.9,441,4,3143.0,94,3
2031,2026-06-16 14:52:04+05:30,3142.6,1,3134.84,3049581,128574.0,197867.0,3163.0,3163.0,3108.0,3134.3,31846200,3447.7,2820.9,3839.9,2896.0,3141.3,13,1,3141.2,13,1,3141.1,21,1,3141.0,41,5,3140.9,79,2,3142.6,18,1,3142.7,130,4,3142.8,81,3,3142.9,441,4,3143.0,94,3
2031,2026-06-16 14:52:04+05:30,3142.6,1,3134.84,3049583,128628.0,197818.0,3163.0,3163.0,3108.0,3134.3,31846200,3447.7,2820.9,3839.9,2896.0,3141.4,18,2,3141.3,13,1,3141.1,21,1,3141.0,41,5,3140.9,79,2,3142.6,118,5,3142.7,50,2,3142.8,147,4,3142.9,427,3,3143.0,94,3
2031,2026-06-16 14:52:05+05:30,3142.6,1,3134.84,3049583,128628.0,197818.0,3163.0,3163.0,3108.0,3134.3,31846200,3447.7,2820.9,3839.9,2896.0,3141.4,18,2,3141.3,13,1,3141.1,21,1,3141.0,41,5,3140.9,79,2,3142.6,118,5,3142.7,50,2,3142.8,147,4,3142.9,427,3,3143.0,94,3
2031,2026-06-16 14:52:05+05:30,3142.6,1,3134.84,3049583,128809.0,197867.0,3163.0,3163.0,3108.0,3134.3,31846200,3447.7,2820.9,3839.9,2896.0,3141.4,18,2,3141.1,21,1,3141.0,41,5,3140.9,79,2,3140.8,57,3,3142.5,43,1,3142.6,118,5,3142.7,50,2,3142.8,147,4,3142.9,427,3
2031,2026-06-16 14:52:06+05:30,3142.5,1,3134.84,3049583,128809.0,197867.0,3163.0,3163.0,3108.0,3134.3,31846200,3447.7,2820.9,3839.9,2896.0,3141.4,18,2,3141.1,21,1,3141.0,41,5,3140.9,79,2,3140.8,57,3,3142.5,43,1,3142.6,118,5,3142.7,50,2,3142.8,147,4,3142.9,427,3
2031,2026-06-16 14:52:06+05:30,3142.5,1,3134.84,3049584,128526.0,196977.0,3163.0,3163.0,3108.0,3134.3,31846200,3447.7,2820.9,3839.9,2896.0,3141.4,23,3,3141.3,25,2,3141.2,38,2,3141.0,61,7,3140.9,79,2,3142.0,1,1,3142.5,69,3,3142.6,16,1,3142.7,2,1,3142.8,123,4
2031,2026-06-16 14:52:07+05:30,3142.5,2,3134.84,3049584,128526.0,196977.0,3163.0,3163.0,3108.0,3134.3,31846200,3447.7,2820.9,3839.9,2896.0,3141.4,23,3,3141.3,25,2,3141.2,38,2,3141.0,61,7,3140.9,79,2,3142.0,1,1,3142.5,69,3,3142.6,16,1,3142.7,2,1,3142.8,123,4
2031,2026-06-16 14:52:07+05:30,3142.5,2,3134.84,3049596,129266.0,196702.0,3163.0,3163.0,3108.0,3134.3,31846200,3447.7,2820.9,3839.9,2896.0,3141.8,13,1,3141.7,72,5,3141.6,59,4,3141.5,52,5,3141.4,53,4,3142.5,67,3,3143.2,54,3,3143.3,1455,5,3143.4,52,3,3143.5,230,4
2031,2026-06-16 14:52:08+05:30,3141.8,1,3134.84,3049596,129266.0,196702.0,3163.0,3163.0,3108.0,3134.3,31846200,3447.7,2820.9,3839.9,2896.0,3141.8,13,1,3141.7,72,5,3141.6,59,4,3141.5,52,5,3141.4,53,4,3142.5,67,3,3143.2,54,3,3143.3,1455,5,3143.4,52,3,3143.5,230,4
2031,2026-06-16 14:52:08+05:30,3141.8,1,3134.84,3049644,128522.0,196981.0,3163.0,3163.0,3108.0,3134.3,31846200,3447.7,2820.9,3839.9,2896.0,3141.8,17,1,3141.6,13,1,3141.4,37,2,3141.3,30,1,3141.2,60,3,3142.2,1,1,3142.5,67,3,3143.0,108,3,3143.1,425,3,3143.2,117,4
2031,2026-06-16 14:52:09+05:30,3141.8,30,3134.84,3049644,128522.0,196981.0,3163.0,3163.0,3108.0,3134.3,31846200,3447.7,2820.9,3839.9,2896.0,3141.8,17,1,3141.6,13,1,3141.4,37,2,3141.3,30,1,3141.2,60,3,3142.2,1,1,3142.5,67,3,3143.0,108,3,3143.1,425,3,3143.2,117,4
2031,2026-06-16 14:52:09+05:30,3142.2,1,3134.84,3049845,128575.0,197265.0,3163.0,3163.0,3108.0,3134.3,31846200,3447.7,2820.9,3839.9,2896.0,3141.3,54,2,3141.2,156,7,3141.1,108,4,3141.0,59,8,3140.9,96,4,3142.5,67,3,3142.9,34,1,3143.0,493,7,3143.1,2,1,3143.2,146,3
2031,2026-06-16 14:52:10+05:30,3142.2,1,3134.84,3049845,128575.0,197265.0,3163.0,3163.0,3108.0,3134.3,31846200,3447.7,2820.9,3839.9,2896.0,3141.3,54,2,3141.2,156,7,3141.1,108,4,3141.0,59,8,3140.9,96,4,3142.5,67,3,3142.9,34,1,3143.0,493,7,3143.1,2,1,3143.2,146,3
2031,2026-06-16 14:52:10+05:30,3142.2,1,3134.84,3049845,128665.0,197371.0,3163.0,3163.0,3108.0,3134.3,31846200,3447.7,2820.9,3839.9,2896.0,3141.4,30,2,3141.3,76,3,3141.2,107,6,3141.1,108,4,3141.0,32,6,3142.5,67,3,3142.9,34,1,3143.0,493,7,3143.1,2,1,3143.2,146,3
2031,2026-06-16 14:52:11+05:30,3142.2,1,3134.84,3049845,129115.0,197389.0,3163.0,3163.0,3108.0,3134.3,31846200,3447.7,2820.9,3839.9,2896.0,3141.5,14,1,3141.4,210,7,3141.3,97,4,3141.2,126,7,3141.1,89,3,3142.5,67,3,3142.9,31,1,3143.0,472,5,3143.1,2,1,3143.2,108,2
2031,2026-06-16 14:52:12+05:30,3142.5,1,3134.84,3049845,129115.0,197389.0,3163.0,3163.0,3108.0,3134.3,31846200,3447.7,2820.9,3839.9,2896.0,3141.5,14,1,3141.4,210,7,3141.3,97,4,3141.2,126,7,3141.1,89,3,3142.5,67,3,3142.9,31,1,3143.0,472,5,3143.1,2,1,3143.2,108,2
2031,2026-06-16 14:52:12+05:30,3142.5,1,3134.84,3049968,130293.0,195956.0,3163.0,3163.0,3108.0,3134.3,31846200,3447.7,2820.9,3839.9,2896.0,3142.5,45,4,3142.2,27,3,3142.1,27,2,3142.0,16,2,3141.9,30,2,3142.6,59,1,3143.0,2,1,3143.2,29,1,3143.3,1397,4,3143.4,1,1
2031,2026-06-16 14:52:13+05:30,3142.5,2,3134.84,3049968,130293.0,195956.0,3163.0,3163.0,3108.0,3134.3,31846200,3447.7,2820.9,3839.9,2896.0,3142.5,45,4,3142.2,27,3,3142.1,27,2,3142.0,16,2,3141.9,30,2,3142.6,59,1,3143.0,2,1,3143.2,29,1,3143.3,1397,4,3143.4,1,1
2031,2026-06-16 14:52:13+05:30,3142.6,1,3134.84,3049997,130476.0,195844.0,3163.0,3163.0,3108.0,3134.3,31846200,3447.7,2820.9,3839.9,2896.0,3142.5,71,6,3142.4,21,2,3142.3,6,1,3142.2,8,2,3142.1,27,2,3142.6,58,1,3143.0,2,1,3143.3,1397,4,3143.4,1,1,3143.5,134,2
2031,2026-06-16 14:52:14+05:30,3142.6,1,3134.84,3049997,130476.0,195844.0,3163.0,3163.0,3108.0,3134.3,31846200,3447.7,2820.9,3839.9,2896.0,3142.5,71,6,3142.4,21,2,3142.3,6,1,3142.2,8,2,3142.1,27,2,3142.6,58,1,3143.0,2,1,3143.3,1397,4,3143.4,1,1,3143.5,134,2
2031,2026-06-16 14:52:14+05:30,3142.6,1,3134.84,3049997,130459.0,195799.0,3163.0,3163.0,3108.0,3134.3,31846200,3447.7,2820.9,3839.9,2896.0,3142.5,71,6,3142.4,24,3,3142.3,6,1,3142.2,8,2,3142.1,27,2,3142.6,58,1,3143.0,2,1,3143.3,1397,4,3143.4,1,1,3143.5,86,1
2031,2026-06-16 14:52:15+05:30,3142.6,1,3134.84,3049997,130459.0,195799.0,3163.0,3163.0,3108.0,3134.3,31846200,3447.7,2820.9,3839.9,2896.0,3142.5,71,6,3142.4,24,3,3142.3,6,1,3142.2,8,2,3142.1,27,2,3142.6,58,1,3143.0,2,1,3143.3,1397,4,3143.4,1,1,3143.5,86,1
2031,2026-06-16 14:52:15+05:30,3142.6,2,3134.84,3050050,130015.0,193997.0,3163.0,3163.0,3108.0,3134.3,31846200,3447.7,2820.9,3839.9,2896.0,3142.5,72,7,3142.2,26,3,3142.1,27,2,3142.0,68,2,3141.9,50,3,3142.6,51,1,3143.0,2,1,3143.3,1397,4,3143.4,1,1,3143.5,86,1
2031,2026-06-16 14:52:16+05:30,3142.6,2,3134.84,3050050,130015.0,193997.0,3163.0,3163.0,3108.0,3134.3,31846200,3447.7,2820.9,3839.9,2896.0,3142.5,72,7,3142.2,26,3,3142.1,27,2,3142.0,68,2,3141.9,50,3,3142.6,51,1,3143.0,2,1,3143.3,1397,4,3143.4,1,1,3143.5,86,1
2031,2026-06-16 14:52:16+05:30,3142.6,9,3134.84,3050168,130262.0,195877.0,3163.0,3163.0,3108.0,3134.3,31846200,3447.7,2820.9,3839.9,2896.0,3142.5,72,7,3142.2,20,2,3142.1,27,2,3142.0,58,1,3141.9,79,4,3143.0,2,1,3143.3,1397,4,3143.4,1,1,3143.5,86,1,3143.6,439,5
2031,2026-06-16 14:52:17+05:30,3142.5,5,3134.84,3050168,130262.0,195877.0,3163.0,3163.0,3108.0,3134.3,31846200,3447.7,2820.9,3839.9,2896.0,3142.5,72,7,3142.2,20,2,3142.1,27,2,3142.0,58,1,3141.9,79,4,3143.0,2,1,3143.3,1397,4,3143.4,1,1,3143.5,86,1,3143.6,439,5
2031,2026-06-16 14:52:17+05:30,3142.6,3,3134.84,3050176,130195.0,196039.0,3163.0,3163.0,3108.0,3134.3,31846200,3447.7,2820.9,3839.9,2896.0,3142.6,43,4,3142.5,37,4,3142.2,2,1,3142.1,8,1,3142.0,58,1,3142.9,88,1,3143.0,2,1,3143.3,1397,4,3143.4,1,1,3143.5,87,2
2031,2026-06-16 14:52:18+05:30,3142.6,3,3134.84,3050176,130195.0,196039.0,3163.0,3163.0,3108.0,3134.3,31846200,3447.7,2820.9,3839.9,2896.0,3142.6,43,4,3142.5,37,4,3142.2,2,1,3142.1,8,1,3142.0,58,1,3142.9,88,1,3143.0,2,1,3143.3,1397,4,3143.4,1,1,3143.5,87,2
2031,2026-06-16 14:52:18+05:30,3142.6,3,3134.84,3050223,130165.0,195771.0,3163.0,3163.0,3108.0,3134.3,31846200,3447.7,2820.9,3839.9,2896.0,3142.6,42,4,3142.5,37,4,3142.2,2,1,3142.1,8,1,3141.9,31,2,3142.9,88,1,3143.0,39,2,3143.3,1433,5,3143.4,39,2,3143.5,215,5
2031,2026-06-16 14:52:19+05:30,3142.5,10,3134.84,3050759,129267.0,195362.0,3163.0,3163.0,3108.0,3134.3,31846200,3447.7,2820.9,3839.9,2896.0,3142.2,2,1,3142.1,15,1,3141.8,13,2,3141.7,13,1,3141.6,34,3,3142.5,464,1,3142.9,160,5,3143.0,195,3,3143.2,38,1,3143.3,455,4
2031,2026-06-16 14:52:20+05:30,3142.5,1,3134.84,3050759,129267.0,195362.0,3163.0,3163.0,3108.0,3134.3,31846200,3447.7,2820.9,3839.9,2896.0,3142.2,2,1,3142.1,15,1,3141.8,13,2,3141.7,13,1,3141.6,34,3,3142.5,464,1,3142.9,160,5,3143.0,195,3,3143.2,38,1,3143.3,455,4
2031,2026-06-16 14:52:20+05:30,3142.2,12,3134.84,3050773,129466.0,195699.0,3163.0,3163.0,3108.0,3134.3,31846200,3447.7,2820.9,3839.9,2896.0,3142.1,15,1,3141.6,3,1,3141.5,32,2,3141.4,50,1,3141.3,21,1,3142.2,26,1,3142.5,552,3,3142.6,20,1,3142.7,34,1,3142.8,62,3
2031,2026-06-16 14:52:21+05:30,3142.5,29,3134.84,3050773,129466.0,195699.0,3163.0,3163.0,3108.0,3134.3,31846200,3447.7,2820.9,3839.9,2896.0,3142.1,15,1,3141.6,3,1,3141.5,32,2,3141.4,50,1,3141.3,21,1,3142.2,26,1,3142.5,552,3,3142.6,20,1,3142.7,34,1,3142.8,62,3
2031,2026-06-16 14:52:21+05:30,3142.1,17,3134.84,3050918,129530.0,195625.0,3163.0,3163.0,3108.0,3134.3,31846200,3447.7,2820.9,3839.9,2896.0,3142.1,52,3,3141.6,3,1,3141.5,11,1,3141.4,19,1,3141.3,79,2,3142.2,23,2,3142.5,495,2,3142.9,43,3,3143.0,327,6,3143.1,40,2
2031,2026-06-16 14:52:22+05:30,3142.2,5,3134.84,3050918,129530.0,195625.0,3163.0,3163.0,3108.0,3134.3,31846200,3447.7,2820.9,3839.9,2896.0,3142.1,52,3,3141.6,3,1,3141.5,11,1,3141.4,19,1,3141.3,79,2,3142.2,23,2,3142.5,495,2,3142.9,43,3,3143.0,327,6,3143.1,40,2
2031,2026-06-16 14:52:22+05:30,3142.2,5,3134.84,3050946,129663.0,195433.0,3163.0,3163.0,3108.0,3134.3,31846200,3447.7,2820.9,3839.9,2896.0,3142.2,22,1,3142.1,52,3,3141.8,30,2,3141.7,13,1,3141.6,3,1,3142.5,495,2,3142.9,6,1,3143.0,195,3,3143.1,2,1,3143.2,49,2
2031,2026-06-16 14:52:23+05:30,3142.2,2,3134.84,3050946,129663.0,195433.0,3163.0,3163.0,3108.0,3134.3,31846200,3447.7,2820.9,3839.9,2896.0,3142.2,22,1,3142.1,52,3,3141.8,30,2,3141.7,13,1,3141.6,3,1,3142.5,495,2,3142.9,6,1,3143.0,195,3,3143.1,2,1,3143.2,49,2
2031,2026-06-16 14:52:23+05:30,3142.2,2,3134.84,3050948,129525.0,195597.0,3163.0,3163.0,3108.0,3134.3,31846200,3447.7,2820.9,3839.9,2896.0,3142.2,20,1,3142.1,52,3,3141.8,11,1,3141.7,13,1,3141.6,3,1,3142.4,63,1,3142.5,501,3,3143.0,195,3,3143.1,2,1,3143.2,49,2
2031,2026-06-16 14:52:24+05:30,3142.4,19,3134.84,3050968,129604.0,195423.0,3163.0,3163.0,3108.0,3134.3,31846200,3447.7,2820.9,3839.9,2896.0,3142.1,52,3,3141.6,36,3,3141.5,88,3,3141.4,13,1,3141.3,79,2,3142.4,44,1,3142.5,501,3,3142.9,1,1,3143.0,195,3,3143.1,2,1
2031,2026-06-16 14:52:25+05:30,3142.4,19,3134.84,3050968,129604.0,195423.0,3163.0,3163.0,3108.0,3134.3,31846200,3447.7,2820.9,3839.9,2896.0,3142.1,52,3,3141.6,36,3,3141.5,88,3,3141.4,13,1,3141.3,79,2,3142.4,44,1,3142.5,501,3,3142.9,1,1,3143.0,195,3,3143.1,2,1
2031,2026-06-16 14:52:25+05:30,3142.4,1,3134.84,3050969,129608.0,195423.0,3163.0,3163.0,3108.0,3134.3,31846200,3447.7,2820.9,3839.9,2896.0,3142.2,16,1,3142.1,38,2,3141.6,36,3,3141.5,88,3,3141.4,13,1,3142.4,44,2,3142.5,501,3,3142.9,1,1,3143.0,195,3,3143.1,35,2
2031,2026-06-16 14:52:26+05:30,3142.4,1,3134.84,3050969,129608.0,195423.0,3163.0,3163.0,3108.0,3134.3,31846200,3447.7,2820.9,3839.9,2896.0,3142.2,16,1,3142.1,38,2,3141.6,36,3,3141.5,88,3,3141.4,13,1,3142.4,44,2,3142.5,501,3,3142.9,1,1,3143.0,195,3,3143.1,35,2
2031,2026-06-16 14:52:27+05:30,3142.4,1,3134.84,3050979,129595.0,195424.0,3163.0,3163.0,3108.0,3134.3,31846200,3447.7,2820.9,3839.9,2896.0,3142.2,7,1,3142.1,38,2,3141.6,23,2,3141.5,108,4,3141.4,13,1,3142.4,43,2,3142.5,501,3,3142.9,1,1,3143.0,195,3,3143.1,35,2
2031,2026-06-16 14:52:27+05:30,3142.4,1,3134.84,3050979,129595.0,195424.0,3163.0,3163.0,3108.0,3134.3,31846200,3447.7,2820.9,3839.9,2896.0,3142.2,7,1,3142.1,38,2,3141.6,23,2,3141.5,108,4,3141.4,13,1,3142.4,43,2,3142.5,501,3,3142.9,1,1,3143.0,195,3,3143.1,35,2
2031,2026-06-16 14:52:27+05:30,3142.3,50,3134.84,3051029,129617.0,195394.0,3163.0,3163.0,3108.0,3134.3,31846200,3447.7,2820.9,3839.9,2896.0,3142.3,16,1,3142.1,38,2,3141.6,23,2,3141.5,127,5,3141.4,13,1,3142.4,69,3,3142.5,501,3,3142.9,1,1,3143.0,195,3,3143.1,35,2
2031,2026-06-16 14:52:28+05:30,3142.3,2,3134.84,3051029,129617.0,195394.0,3163.0,3163.0,3108.0,3134.3,31846200,3447.7,2820.9,3839.9,2896.0,3142.3,16,1,3142.1,38,2,3141.6,23,2,3141.5,127,5,3141.4,13,1,3142.4,69,3,3142.5,501,3,3142.9,1,1,3143.0,195,3,3143.1,35,2
2031,2026-06-16 14:52:29+05:30,3142.1,63,3134.84,3051221,129450.0,195637.0,3163.0,3163.0,3108.0,3134.3,31846200,3447.7,2820.9,3839.9,2896.0,3142.1,15,1,3142.0,3,1,3141.6,3,1,3141.5,31,2,3141.3,21,1,3142.4,61,4,3142.5,521,4,3142.7,59,3,3142.8,32,1,3142.9,31,1
2031,2026-06-16 14:52:29+05:30,3142.1,63,3134.84,3051221,129450.0,195637.0,3163.0,3163.0,3108.0,3134.3,31846200,3447.7,2820.9,3839.9,2896.0,3142.1,15,1,3142.0,3,1,3141.6,3,1,3141.5,31,2,3141.3,21,1,3142.4,61,4,3142.5,521,4,3142.7,59,3,3142.8,32,1,3142.9,31,1
2031,2026-06-16 14:52:30+05:30,3142.4,17,3134.84,3051238,129515.0,195616.0,3163.0,3163.0,3108.0,3134.3,31846200,3447.7,2820.9,3839.9,2896.0,3142.1,40,3,3142.0,3,1,3141.6,3,1,3141.5,31,2,3141.3,21,1,3142.4,45,5,3142.5,501,3,3142.8,1,1,3142.9,31,1,3143.0,639,6
2031,2026-06-16 14:52:30+05:30,3142.4,17,3134.84,3051238,129515.0,195616.0,3163.0,3163.0,3108.0,3134.3,31846200,3447.7,2820.9,3839.9,2896.0,3142.1,40,3,3142.0,3,1,3141.6,3,1,3141.5,31,2,3141.3,21,1,3142.4,45,5,3142.5,501,3,3142.8,1,1,3142.9,31,1,3143.0,639,6
2031,2026-06-16 14:52:31+05:30,3142.1,7,3134.84,3051238,129515.0,195616.0,3163.0,3163.0,3108.0,3134.3,31846200,3447.7,2820.9,3839.9,2896.0,3142.1,40,3,3142.0,3,1,3141.6,3,1,3141.5,31,2,3141.3,21,1,3142.4,45,5,3142.5,501,3,3142.8,1,1,3142.9,31,1,3143.0,639,6
2031,2026-06-16 14:52:31+05:30,3142.1,7,3134.84,3051265,129571.0,195420.0,3163.0,3163.0,3108.0,3134.3,31846200,3447.7,2820.9,3839.9,2896.0,3142.1,26,4,3142.0,3,1,3141.6,35,3,3141.5,31,2,3141.4,55,3,3142.4,43,4,3142.5,501,3,3142.9,1,1,3143.0,216,3,3143.1,393,3
2031,2026-06-16 14:52:32+05:30,3142.4,1,3134.84,3051265,129571.0,195420.0,3163.0,3163.0,3108.0,3134.3,31846200,3447.7,2820.9,3839.9,2896.0,3142.1,26,4,3142.0,3,1,3141.6,35,3,3141.5,31,2,3141.4,55,3,3142.4,43,4,3142.5,501,3,3142.9,1,1,3143.0,216,3,3143.1,393,3
2031,2026-06-16 14:52:32+05:30,3142.4,1,3134.84,3051341,130220.0,195146.0,3163.0,3163.0,3108.0,3134.3,31846200,3447.7,2820.9,3839.9,2896.0,3142.4,62,7,3142.3,3,1,3142.2,43,3,3142.1,34,6,3142.0,4,2,3142.5,501,3,3143.0,158,2,3143.3,397,3,3143.4,21,2,3143.5,144,2
2031,2026-06-16 14:52:33+05:30,3142.5,200,3134.84,3051341,130220.0,195146.0,3163.0,3163.0,3108.0,3134.3,31846200,3447.7,2820.9,3839.9,2896.0,3142.4,62,7,3142.3,3,1,3142.2,43,3,3142.1,34,6,3142.0,4,2,3142.5,501,3,3143.0,158,2,3143.3,397,3,3143.4,21,2,3143.5,144,2
2031,2026-06-16 14:52:33+05:30,3142.4,10,3134.84,3051866,129887.0,194933.0,3163.0,3163.0,3108.0,3134.3,31846200,3447.7,2820.9,3839.9,2896.0,3142.4,41,5,3142.2,15,1,3142.1,17,4,3142.0,12,3,3141.9,38,2,3142.5,300,3,3143.0,158,2,3143.3,397,3,3143.4,21,2,3143.5,130,3
2031,2026-06-16 14:52:34+05:30,3142.4,10,3134.84,3051866,129887.0,194933.0,3163.0,3163.0,3108.0,3134.3,31846200,3447.7,2820.9,3839.9,2896.0,3142.4,41,5,3142.2,15,1,3142.1,17,4,3142.0,12,3,3141.9,38,2,3142.5,300,3,3143.0,158,2,3143.3,397,3,3143.4,21,2,3143.5,130,3
2031,2026-06-16 14:52:34+05:30,3142.5,6,3134.84,3052166,130214.0,194346.0,3163.0,3163.0,3108.0,3134.3,31846200,3447.7,2820.9,3839.9,2896.0,3142.4,60,10,3142.3,3,1,3142.2,48,4,3142.1,17,4,3142.0,112,7,3142.5,67,2,3143.0,158,2,3143.3,397,3,3143.4,21,2,3143.5,86,1
2031,2026-06-16 14:52:35+05:30,3142.5,1,3134.84,3052166,130214.0,194346.0,3163.0,3163.0,3108.0,3134.3,31846200,3447.7,2820.9,3839.9,2896.0,3142.4,60,10,3142.3,3,1,3142.2,48,4,3142.1,17,4,3142.0,112,7,3142.5,67,2,3143.0,158,2,3143.3,397,3,3143.4,21,2,3143.5,86,1
2031,2026-06-16 14:52:35+05:30,3142.4,3,3134.84,3052212,130331.0,194660.0,3163.0,3163.0,3108.0,3134.3,31846200,3447.7,2820.9,3839.9,2896.0,3142.4,94,8,3142.3,3,1,3142.2,24,2,3142.1,34,5,3142.0,112,7,3142.5,132,3,3143.0,158,2,3143.3,397,3,3143.4,21,2,3143.5,144,2
2031,2026-06-16 14:52:36+05:30,3142.5,1,3134.84,3052212,130331.0,194660.0,3163.0,3163.0,3108.0,3134.3,31846200,3447.7,2820.9,3839.9,2896.0,3142.4,94,8,3142.3,3,1,3142.2,24,2,3142.1,34,5,3142.0,112,7,3142.5,132,3,3143.0,158,2,3143.3,397,3,3143.4,21,2,3143.5,144,2
2031,2026-06-16 14:52:36+05:30,3142.4,10,3134.85,3052223,130302.0,194758.0,3163.0,3163.0,3108.0,3134.3,31846200,3447.7,2820.9,3839.9,2896.0,3142.4,84,8,3142.3,3,1,3142.2,42,3,3142.1,17,4,3142.0,93,6,3142.5,157,4,3142.6,70,1,3143.0,158,2,3143.3,397,3,3143.4,21,2
2031,2026-06-16 14:52:37+05:30,3142.5,34,3134.85,3052223,130302.0,194758.0,3163.0,3163.0,3108.0,3134.3,31846200,3447.7,2820.9,3839.9,2896.0,3142.4,84,8,3142.3,3,1,3142.2,42,3,3142.1,17,4,3142.0,93,6,3142.5,157,4,3142.6,70,1,3143.0,158,2,3143.3,397,3,3143.4,21,2
2031,2026-06-16 14:52:37+05:30,3142.5,34,3134.85,3052384,130303.0,194840.0,3163.0,3163.0,3108.0,3134.3,31846200,3447.7,2820.9,3839.9,2896.0,3142.4,43,1,3142.3,15,1,3142.1,36,5,3142.0,31,4,3141.9,24,1,3142.5,43,3,3142.6,70,1,3143.0,158,2,3143.3,397,3,3143.4,21,2
2031,2026-06-16 14:52:38+05:30,3142.4,3,3134.85,3052384,130303.0,194840.0,3163.0,3163.0,3108.0,3134.3,31846200,3447.7,2820.9,3839.9,2896.0,3142.4,43,1,3142.3,15,1,3142.1,36,5,3142.0,31,4,3141.9,24,1,3142.5,43,3,3142.6,70,1,3143.0,158,2,3143.3,397,3,3143.4,21,2
2031,2026-06-16 14:52:38+05:30,3142.4,3,3134.85,3052388,130265.0,194791.0,3163.0,3163.0,3108.0,3134.3,31846200,3447.7,2820.9,3839.9,2896.0,3142.4,46,2,3142.3,15,1,3142.2,19,1,3142.1,10,3,3142.0,45,5,3142.5,44,4,3142.6,70,1,3143.0,158,2,3143.3,397,3,3143.4,21,2
2031,2026-06-16 14:52:39+05:30,3142.4,3,3134.85,3052388,130265.0,194791.0,3163.0,3163.0,3108.0,3134.3,31846200,3447.7,2820.9,3839.9,2896.0,3142.4,46,2,3142.3,15,1,3142.2,19,1,3142.1,10,3,3142.0,45,5,3142.5,44,4,3142.6,70,1,3143.0,158,2,3143.3,397,3,3143.4,21,2
2031,2026-06-16 14:52:39+05:30,3142.5,1,3134.85,3052539,130271.0,194734.0,3163.0,3163.0,3108.0,3134.3,31846200,3447.7,2820.9,3839.9,2896.0,3142.4,46,2,3142.2,18,1,3142.1,10,3,3142.0,25,4,3141.9,21,1,3142.5,6,1,3142.6,78,2,3143.0,161,3,3143.3,397,3,3143.4,1,1
2031,2026-06-16 14:52:40+05:30,3142.5,8,3134.85,3052539,130271.0,194734.0,3163.0,3163.0,3108.0,3134.3,31846200,3447.7,2820.9,3839.9,2896.0,3142.4,46,2,3142.2,18,1,3142.1,10,3,3142.0,25,4,3141.9,21,1,3142.5,6,1,3142.6,78,2,3143.0,161,3,3143.3,397,3,3143.4,1,1
2031,2026-06-16 14:52:41+05:30,3142.5,8,3134.85,3052547,130122.0,194692.0,3163.0,3163.0,3108.0,3134.3,31846200,3447.7,2820.9,3839.9,2896.0,3142.4,46,2,3142.1,26,3,3142.0,12,3,3141.9,21,1,3141.8,107,4,3142.5,64,1,3142.6,78,2,3143.0,161,3,3143.3,455,4,3143.4,2,2
2031,2026-06-16 14:52:41+05:30,3142.5,8,3134.85,3052547,130122.0,194692.0,3163.0,3163.0,3108.0,3134.3,31846200,3447.7,2820.9,3839.9,2896.0,3142.4,46,2,3142.1,26,3,3142.0,12,3,3141.9,21,1,3141.8,107,4,3142.5,64,1,3142.6,78,2,3143.0,161,3,3143.3,455,4,3143.4,2,2
2031,2026-06-16 14:52:42+05:30,3142.5,11,3134.85,3052559,130120.0,194709.0,3163.0,3163.0,3108.0,3134.3,31846200,3447.7,2820.9,3839.9,2896.0,3142.4,46,2,3142.1,24,2,3142.0,12,3,3141.9,21,1,3141.8,107,4,3142.5,52,1,3142.6,105,3,3143.0,161,3,3143.3,455,4,3143.4,1,1
2031,2026-06-16 14:52:42+05:30,3142.5,11,3134.85,3052559,130120.0,194709.0,3163.0,3163.0,3108.0,3134.3,31846200,3447.7,2820.9,3839.9,2896.0,3142.4,46,2,3142.1,24,2,3142.0,12,3,3141.9,21,1,3141.8,107,4,3142.5,52,1,3142.6,105,3,3143.0,161,3,3143.3,455,4,3143.4,1,1
2031,2026-06-16 14:52:43+05:30,3142.4,2,3134.85,3052559,130120.0,194709.0,3163.0,3163.0,3108.0,3134.3,31846200,3447.7,2820.9,3839.9,2896.0,3142.4,46,2,3142.1,24,2,3142.0,12,3,3141.9,21,1,3141.8,107,4,3142.5,52,1,3142.6,105,3,3143.0,161,3,3143.3,455,4,3143.4,1,1
2031,2026-06-16 14:52:43+05:30,3142.4,2,3134.85,3052561,130136.0,194711.0,3163.0,3163.0,3108.0,3134.3,31846200,3447.7,2820.9,3839.9,2896.0,3142.4,44,2,3142.3,18,1,3142.1,24,2,3142.0,12,3,3141.9,21,1,3142.5,52,1,3142.6,105,3,3143.0,161,3,3143.3,455,4,3143.4,1,1
2031,2026-06-16 14:52:43+05:30,3142.4,2,3134.85,3052561,130136.0,194711.0,3163.0,3163.0,3108.0,3134.3,31846200,3447.7,2820.9,3839.9,2896.0,3142.4,44,2,3142.3,18,1,3142.1,24,2,3142.0,12,3,3141.9,21,1,3142.5,52,1,3142.6,105,3,3143.0,161,3,3143.3,455,4,3143.4,1,1
2031,2026-06-16 14:52:44+05:30,3142.4,1,3134.85,3052562,130096.0,194738.0,3163.0,3163.0,3108.0,3134.3,31846200,3447.7,2820.9,3839.9,2896.0,3142.4,43,2,3142.3,18,1,3142.1,7,1,3142.0,12,3,3141.8,88,3,3142.5,104,3,3142.6,80,3,3143.0,161,3,3143.3,455,4,3143.4,1,1
2031,2026-06-16 14:52:45+05:30,3142.5,6,3134.85,3052562,130096.0,194738.0,3163.0,3163.0,3108.0,3134.3,31846200,3447.7,2820.9,3839.9,2896.0,3142.4,43,2,3142.3,18,1,3142.1,7,1,3142.0,12,3,3141.8,88,3,3142.5,104,3,3142.6,80,3,3143.0,161,3,3143.3,455,4,3143.4,1,1
2031,2026-06-16 14:52:45+05:30,3142.5,6,3134.85,3052695,130043.0,194750.0,3163.0,3163.0,3108.0,3134.3,31846200,3447.7,2820.9,3839.9,2896.0,3142.4,1,1,3142.3,15,1,3142.1,7,1,3142.0,4,2,3141.9,18,1,3142.6,80,3,3143.0,161,3,3143.3,541,6,3143.4,1,1,3143.5,193,4
2031,2026-06-16 14:52:45+05:30,3142.5,6,3134.85,3052695,130043.0,194750.0,3163.0,3163.0,3108.0,3134.3,31846200,3447.7,2820.9,3839.9,2896.0,3142.4,1,1,3142.3,15,1,3142.1,7,1,3142.0,4,2,3141.9,18,1,3142.6,80,3,3143.0,161,3,3143.3,541,6,3143.4,1,1,3143.5,193,4
2031,2026-06-16 14:52:46+05:30,3142.6,1,3134.85,3052695,130043.0,194750.0,3163.0,3163.0,3108.0,3134.3,31846200,3447.7,2820.9,3839.9,2896.0,3142.4,1,1,3142.3,15,1,3142.1,7,1,3142.0,4,2,3141.9,18,1,3142.6,80,3,3143.0,161,3,3143.3,541,6,3143.4,1,1,3143.5,193,4
2031,2026-06-16 14:52:46+05:30,3142.6,1,3134.85,3052696,130013.0,194694.0,3163.0,3163.0,3108.0,3134.3,31846200,3447.7,2820.9,3839.9,2896.0,3142.5,13,4,3142.4,1,1,3142.3,15,1,3142.2,48,4,3142.1,7,1,3142.6,133,4,3143.0,161,3,3143.3,397,3,3143.4,1,1,3143.5,144,2
2031,2026-06-16 14:52:47+05:30,3142.4,30,3134.85,3052696,130013.0,194694.0,3163.0,3163.0,3108.0,3134.3,31846200,3447.7,2820.9,3839.9,2896.0,3142.5,13,4,3142.4,1,1,3142.3,15,1,3142.2,48,4,3142.1,7,1,3142.6,133,4,3143.0,161,3,3143.3,397,3,3143.4,1,1,3143.5,144,2
2031,2026-06-16 14:52:47+05:30,3142.4,30,3134.85,3052915,130028.0,194996.0,3163.0,3163.0,3108.0,3134.3,31846200,3447.7,2820.9,3839.9,2896.0,3142.3,15,1,3142.1,24,2,3142.0,13,3,3141.8,29,2,3141.7,15,3,3142.4,70,1,3142.6,132,4,3143.0,161,3,3143.3,455,4,3143.4,63,4
2031,2026-06-16 14:52:48+05:30,3142.4,30,3134.85,3052915,130028.0,194996.0,3163.0,3163.0,3108.0,3134.3,31846200,3447.7,2820.9,3839.9,2896.0,3142.3,15,1,3142.1,24,2,3142.0,13,3,3141.8,29,2,3141.7,15,3,3142.4,70,1,3142.6,132,4,3143.0,161,3,3143.3,455,4,3143.4,63,4
2031,2026-06-16 14:52:48+05:30,3142.3,2,3134.85,3052915,130028.0,194996.0,3163.0,3163.0,3108.0,3134.3,31846200,3447.7,2820.9,3839.9,2896.0,3142.3,15,1,3142.1,24,2,3142.0,13,3,3141.8,29,2,3141.7,15,3,3142.4,70,1,3142.6,132,4,3143.0,161,3,3143.3,455,4,3143.4,63,4
2031,2026-06-16 14:52:48+05:30,3142.3,2,3134.85,3052947,129720.0,194787.0,3163.0,3163.0,3108.0,3134.3,31846200,3447.7,2820.9,3839.9,2896.0,3142.3,13,1,3142.1,7,1,3142.0,4,2,3141.8,11,1,3141.7,15,3,3142.4,40,1,3142.6,132,4,3143.0,161,3,3143.2,3,2,3143.3,455,4
2031,2026-06-16 14:52:49+05:30,3142.3,2,3134.85,3052947,129860.0,194713.0,3163.0,3163.0,3108.0,3134.3,31846200,3447.7,2820.9,3839.9,2896.0,3142.3,21,4,3142.2,6,2,3142.1,30,3,3142.0,28,4,3141.8,52,4,3142.4,40,1,3142.6,132,4,3143.0,161,3,3143.2,2,1,3143.3,455,4
2031,2026-06-16 14:52:49+05:30,3142.3,2,3134.85,3052947,129860.0,194713.0,3163.0,3163.0,3108.0,3134.3,31846200,3447.7,2820.9,3839.9,2896.0,3142.3,21,4,3142.2,6,2,3142.1,30,3,3142.0,28,4,3141.8,52,4,3142.4,40,1,3142.6,132,4,3143.0,161,3,3143.2,2,1,3143.3,455,4
2031,2026-06-16 14:52:50+05:30,3142.3,2,3134.85,3052993,129591.0,194993.0,3163.0,3163.0,3108.0,3134.3,31846200,3447.7,2820.9,3839.9,2896.0,3142.3,1,1,3142.1,7,1,3142.0,4,2,3141.8,11,1,3141.7,15,3,3142.4,40,1,3142.6,132,4,3143.0,161,3,3143.1,39,2,3143.2,105,3
2031,2026-06-16 14:52:50+05:30,3142.3,2,3134.85,3052993,129591.0,194993.0,3163.0,3163.0,3108.0,3134.3,31846200,3447.7,2820.9,3839.9,2896.0,3142.3,1,1,3142.1,7,1,3142.0,4,2,3141.8,11,1,3141.7,15,3,3142.4,40,1,3142.6,132,4,3143.0,161,3,3143.1,39,2,3143.2,105,3
2031,2026-06-16 14:52:51+05:30,3142.3,2,3134.85,3052993,129931.0,194636.0,3163.0,3163.0,3108.0,3134.3,31846200,3447.7,2820.9,3839.9,2896.0,3142.3,65,4,3142.2,1,1,3142.1,12,2,3142.0,40,4,3141.9,8,1,3142.4,49,2,3142.6,132,4,3143.0,161,3,3143.3,455,4,3143.4,22,2
2031,2026-06-16 14:52:51+05:30,3142.3,2,3134.85,3052993,129931.0,194636.0,3163.0,3163.0,3108.0,3134.3,31846200,3447.7,2820.9,3839.9,2896.0,3142.3,65,4,3142.2,1,1,3142.1,12,2,3142.0,40,4,3141.9,8,1,3142.4,49,2,3142.6,132,4,3143.0,161,3,3143.3,455,4,3143.4,22,2
2031,2026-06-16 14:52:52+05:30,3142.4,26,3134.85,3053068,130135.0,194517.0,3163.0,3163.0,3108.0,3134.3,31846200,3447.7,2820.9,3839.9,2896.0,3142.5,1,1,3142.4,97,10,3142.3,68,3,3142.2,46,5,3142.1,12,2,3142.6,132,4,3143.0,161,3,3143.3,397,3,3143.4,1,1,3143.5,86,1
2031,2026-06-16 14:52:52+05:30,3142.4,26,3134.85,3053068,130135.0,194517.0,3163.0,3163.0,3108.0,3134.3,31846200,3447.7,2820.9,3839.9,2896.0,3142.5,1,1,3142.4,97,10,3142.3,68,3,3142.2,46,5,3142.1,12,2,3142.6,132,4,3143.0,161,3,3143.3,397,3,3143.4,1,1,3143.5,86,1
2031,2026-06-16 14:52:52+05:30,3142.4,26,3134.85,3053068,130135.0,194517.0,3163.0,3163.0,3108.0,3134.3,31846200,3447.7,2820.9,3839.9,2896.0,3142.5,1,1,3142.4,97,10,3142.3,68,3,3142.2,46,5,3142.1,12,2,3142.6,132,4,3143.0,161,3,3143.3,397,3,3143.4,1,1,3143.5,86,1
2031,2026-06-16 14:52:53+05:30,3142.5,1,3134.85,3053068,130135.0,194517.0,3163.0,3163.0,3108.0,3134.3,31846200,3447.7,2820.9,3839.9,2896.0,3142.5,1,1,3142.4,97,10,3142.3,68,3,3142.2,46,5,3142.1,12,2,3142.6,132,4,3143.0,161,3,3143.3,397,3,3143.4,1,1,3143.5,86,1
2031,2026-06-16 14:52:53+05:30,3142.5,1,3134.85,3053070,130162.0,194438.0,3163.0,3163.0,3108.0,3134.3,31846200,3447.7,2820.9,3839.9,2896.0,3142.4,99,11,3142.3,68,3,3142.2,46,5,3142.1,38,3,3142.0,74,5,3142.5,1,1,3142.6,132,5,3143.0,161,3,3143.3,397,3,3143.4,1,1
2031,2026-06-16 14:52:53+05:30,3142.5,1,3134.85,3053070,130162.0,194438.0,3163.0,3163.0,3108.0,3134.3,31846200,3447.7,2820.9,3839.9,2896.0,3142.4,99,11,3142.3,68,3,3142.2,46,5,3142.1,38,3,3142.0,74,5,3142.5,1,1,3142.6,132,5,3143.0,161,3,3143.3,397,3,3143.4,1,1
2031,2026-06-16 14:52:54+05:30,3142.5,1,3134.85,3053070,130162.0,194438.0,3163.0,3163.0,3108.0,3134.3,31846200,3447.7,2820.9,3839.9,2896.0,3142.4,99,11,3142.3,68,3,3142.2,46,5,3142.1,38,3,3142.0,74,5,3142.5,1,1,3142.6,132,5,3143.0,161,3,3143.3,397,3,3143.4,1,1
2031,2026-06-16 14:52:54+05:30,3142.5,1,3134.85,3053070,130169.0,194463.0,3163.0,3163.0,3108.0,3134.3,31846200,3447.7,2820.9,3839.9,2896.0,3142.4,77,8,3142.3,68,3,3142.2,46,5,3142.1,38,3,3142.0,74,5,3142.5,1,1,3142.6,131,4,3143.0,161,3,3143.3,397,3,3143.4,1,1
2031,2026-06-16 14:52:54+05:30,3142.5,1,3134.85,3053070,130169.0,194463.0,3163.0,3163.0,3108.0,3134.3,31846200,3447.7,2820.9,3839.9,2896.0,3142.4,77,8,3142.3,68,3,3142.2,46,5,3142.1,38,3,3142.0,74,5,3142.5,1,1,3142.6,131,4,3143.0,161,3,3143.3,397,3,3143.4,1,1
2031,2026-06-16 14:52:55+05:30,3142.5,1,3134.85,3053070,130169.0,194463.0,3163.0,3163.0,3108.0,3134.3,31846200,3447.7,2820.9,3839.9,2896.0,3142.4,77,8,3142.3,68,3,3142.2,46,5,3142.1,38,3,3142.0,74,5,3142.5,1,1,3142.6,131,4,3143.0,161,3,3143.3,397,3,3143.4,1,1
2031,2026-06-16 14:52:55+05:30,3142.4,10,3134.85,3053312,129767.0,194669.0,3163.0,3163.0,3108.0,3134.3,31846200,3447.7,2820.9,3839.9,2896.0,3142.4,92,8,3142.3,68,3,3142.2,1,1,3142.1,12,2,3142.0,22,3,3142.5,74,2,3142.6,131,4,3143.0,161,3,3143.3,397,3,3143.4,59,2
2031,2026-06-16 14:52:55+05:30,3142.4,10,3134.85,3053312,129767.0,194669.0,3163.0,3163.0,3108.0,3134.3,31846200,3447.7,2820.9,3839.9,2896.0,3142.4,92,8,3142.3,68,3,3142.2,1,1,3142.1,12,2,3142.0,22,3,3142.5,74,2,3142.6,131,4,3143.0,161,3,3143.3,397,3,3143.4,59,2
2031,2026-06-16 14:52:56+05:30,3142.4,10,3134.85,3053312,129767.0,194669.0,3163.0,3163.0,3108.0,3134.3,31846200,3447.7,2820.9,3839.9,2896.0,3142.4,92,8,3142.3,68,3,3142.2,1,1,3142.1,12,2,3142.0,22,3,3142.5,74,2,3142.6,131,4,3143.0,161,3,3143.3,397,3,3143.4,59,2
2031,2026-06-16 14:52:56+05:30,3142.4,10,3134.85,3053312,129767.0,194669.0,3163.0,3163.0,3108.0,3134.3,31846200,3447.7,2820.9,3839.9,2896.0,3142.4,92,8,3142.3,68,3,3142.2,1,1,3142.1,12,2,3142.0,22,3,3142.5,74,2,3142.6,131,4,3143.0,161,3,3143.3,397,3,3143.4,59,2
2031,2026-06-16 14:52:56+05:30,3142.5,9,3134.85,3053512,130245.0,194659.0,3163.0,3163.0,3108.0,3134.3,31846200,3447.7,2820.9,3839.9,2896.0,3142.5,9,1,3142.4,73,8,3142.3,52,2,3142.2,1,1,3142.1,7,1,3142.6,131,4,3143.0,161,3,3143.3,397,3,3143.4,80,3,3143.5,123,2
2031,2026-06-16 14:52:57+05:30,3142.5,15,3134.85,3053512,130245.0,194659.0,3163.0,3163.0,3108.0,3134.3,31846200,3447.7,2820.9,3839.9,2896.0,3142.5,9,1,3142.4,73,8,3142.3,52,2,3142.2,1,1,3142.1,7,1,3142.6,131,4,3143.0,161,3,3143.3,397,3,3143.4,80,3,3143.5,123,2
2031,2026-06-16 14:52:57+05:30,3142.5,15,3134.85,3053512,130245.0,194659.0,3163.0,3163.0,3108.0,3134.3,31846200,3447.7,2820.9,3839.9,2896.0,3142.5,9,1,3142.4,73,8,3142.3,52,2,3142.2,1,1,3142.1,7,1,3142.6,131,4,3143.0,161,3,3143.3,397,3,3143.4,80,3,3143.5,123,2
2031,2026-06-16 14:52:57+05:30,3142.6,1,3134.85,3053550,130337.0,194658.0,3163.0,3163.0,3108.0,3134.3,31846200,3447.7,2820.9,3839.9,2896.0,3142.5,41,6,3142.4,13,1,3142.3,70,3,3142.2,1,1,3142.1,25,2,3142.6,130,4,3143.0,161,3,3143.3,397,3,3143.4,59,2,3143.5,86,1
2031,2026-06-16 14:52:57+05:30,3142.6,1,3134.85,3053550,130337.0,194658.0,3163.0,3163.0,3108.0,3134.3,31846200,3447.7,2820.9,3839.9,2896.0,3142.5,41,6,3142.4,13,1,3142.3,70,3,3142.2,1,1,3142.1,25,2,3142.6,130,4,3143.0,161,3,3143.3,397,3,3143.4,59,2,3143.5,86,1
2031,2026-06-16 14:52:58+05:30,3142.5,3,3134.85,3053550,130337.0,194658.0,3163.0,3163.0,3108.0,3134.3,31846200,3447.7,2820.9,3839.9,2896.0,3142.5,41,6,3142.4,13,1,3142.3,70,3,3142.2,1,1,3142.1,25,2,3142.6,130,4,3143.0,161,3,3143.3,397,3,3143.4,59,2,3143.5,86,1
2031,2026-06-16 14:52:58+05:30,3142.5,3,3134.85,3053553,130338.0,194662.0,3163.0,3163.0,3108.0,3134.3,31846200,3447.7,2820.9,3839.9,2896.0,3142.5,38,6,3142.4,13,1,3142.3,70,3,3142.2,1,1,3142.1,25,2,3142.6,130,4,3143.0,161,3,3143.3,397,3,3143.4,59,2,3143.5,86,1
2031,2026-06-16 14:52:58+05:30,3142.5,3,3134.85,3053553,130338.0,194662.0,3163.0,3163.0,3108.0,3134.3,31846200,3447.7,2820.9,3839.9,2896.0,3142.5,38,6,3142.4,13,1,3142.3,70,3,3142.2,1,1,3142.1,25,2,3142.6,130,4,3143.0,161,3,3143.3,397,3,3143.4,59,2,3143.5,86,1
2031,2026-06-16 14:52:59+05:30,3142.6,1,3134.85,3053553,130338.0,194662.0,3163.0,3163.0,3108.0,3134.3,31846200,3447.7,2820.9,3839.9,2896.0,3142.5,38,6,3142.4,13,1,3142.3,70,3,3142.2,1,1,3142.1,25,2,3142.6,130,4,3143.0,161,3,3143.3,397,3,3143.4,59,2,3143.5,86,1
2031,2026-06-16 14:52:59+05:30,3142.6,17,3134.85,3053571,130338.0,194874.0,3163.0,3163.0,3108.0,3134.3,31846200,3447.7,2820.9,3839.9,2896.0,3142.5,53,7,3142.4,13,1,3142.3,52,2,3142.2,1,1,3142.1,25,2,3142.6,140,5,3143.0,161,3,3143.3,397,3,3143.4,59,2,3143.5,86,1
2031,2026-06-16 14:52:59+05:30,3142.6,17,3134.85,3053571,130338.0,194874.0,3163.0,3163.0,3108.0,3134.3,31844200,3447.7,2820.9,3839.9,2896.0,3142.5,53,7,3142.4,13,1,3142.3,52,2,3142.2,1,1,3142.1,25,2,3142.6,140,5,3143.0,161,3,3143.3,397,3,3143.4,59,2,3143.5,86,1
2031,2026-06-16 14:53:00+05:30,3142.6,17,3134.85,3053571,130338.0,194874.0,3163.0,3163.0,3108.0,3134.3,31844200,3447.7,2820.9,3839.9,2896.0,3142.5,53,7,3142.4,13,1,3142.3,52,2,3142.2,1,1,3142.1,25,2,3142.6,140,5,3143.0,161,3,3143.3,397,3,3143.4,59,2,3143.5,86,1
2031,2026-06-16 14:53:00+05:30,3142.6,2,3134.85,3053575,130323.0,194873.0,3163.0,3163.0,3108.0,3134.3,31844200,3447.7,2820.9,3839.9,2896.0,3142.5,65,10,3142.4,13,1,3142.3,2,1,3142.2,1,1,3142.1,25,2,3142.6,137,6,3143.0,161,3,3143.3,397,3,3143.4,59,2,3143.5,87,2
2031,2026-06-16 14:53:01+05:30,3142.6,2,3134.85,3053575,130323.0,194873.0,3163.0,3163.0,3108.0,3134.3,31844200,3447.7,2820.9,3839.9,2896.0,3142.5,65,10,3142.4,13,1,3142.3,2,1,3142.2,1,1,3142.1,25,2,3142.6,137,6,3143.0,161,3,3143.3,397,3,3143.4,59,2,3143.5,87,2
2031,2026-06-16 14:53:01+05:30,3142.6,11,3134.85,3053738,130299.0,194843.0,3163.0,3163.0,3108.0,3134.3,31844200,3447.7,2820.9,3839.9,2896.0,3142.5,50,9,3142.4,13,1,3142.2,1,1,3142.1,25,2,3142.0,15,3,3142.6,107,4,3143.0,161,3,3143.3,397,3,3143.4,57,2,3143.5,86,1
2031,2026-06-16 14:53:02+05:30,3142.6,34,3134.85,3053738,130299.0,194843.0,3163.0,3163.0,3108.0,3134.3,31844200,3447.7,2820.9,3839.9,2896.0,3142.5,50,9,3142.4,13,1,3142.2,1,1,3142.1,25,2,3142.0,15,3,3142.6,107,4,3143.0,161,3,3143.3,397,3,3143.4,57,2,3143.5,86,1
2031,2026-06-16 14:53:02+05:30,3143.0,1,3134.85,3053950,130664.0,194748.0,3163.0,3163.0,3108.0,3134.3,31844200,3447.7,2820.9,3839.9,2896.0,3142.6,30,3,3142.5,69,4,3142.4,55,4,3142.3,28,2,3142.2,37,3,3143.0,160,3,3143.3,397,3,3143.4,1,1,3143.5,86,1,3143.6,357,3
2031,2026-06-16 14:53:03+05:30,3142.6,2,3134.85,3053950,130664.0,194748.0,3163.0,3163.0,3108.0,3134.3,31844200,3447.7,2820.9,3839.9,2896.0,3142.6,30,3,3142.5,69,4,3142.4,55,4,3142.3,28,2,3142.2,37,3,3143.0,160,3,3143.3,397,3,3143.4,1,1,3143.5,86,1,3143.6,357,3
2031,2026-06-16 14:53:03+05:30,3142.9,13,3134.85,3054010,130631.0,194379.0,3163.0,3163.0,3108.0,3134.3,31844200,3447.7,2820.9,3839.9,2896.0,3142.6,14,2,3142.5,68,4,3142.4,13,1,3142.3,1,1,3142.2,23,1,3142.9,68,1,3143.0,160,3,3143.3,397,3,3143.4,1,1,3143.5,86,1
2031,2026-06-16 14:53:04+05:30,3143.3,1,3134.85,3054010,130631.0,194379.0,3163.0,3163.0,3108.0,3134.3,31844200,3447.7,2820.9,3839.9,2896.0,3142.6,14,2,3142.5,68,4,3142.4,13,1,3142.3,1,1,3142.2,23,1,3142.9,68,1,3143.0,160,3,3143.3,397,3,3143.4,1,1,3143.5,86,1
2031,2026-06-16 14:53:05+05:30,3142.9,1,3134.85,3054575,131426.0,192420.0,3163.0,3163.0,3108.0,3134.3,31844200,3447.7,2820.9,3839.9,2896.0,3142.9,13,1,3142.8,45,4,3142.7,34,2,3142.6,98,7,3142.5,80,5,3143.3,5,1,3143.4,1,1,3143.6,25,1,3143.7,192,1,3143.9,86,1
2031,2026-06-16 14:53:05+05:30,3142.9,1,3134.85,3054575,131426.0,192420.0,3163.0,3163.0,3108.0,3134.3,31844200,3447.7,2820.9,3839.9,2896.0,3142.9,13,1,3142.8,45,4,3142.7,34,2,3142.6,98,7,3142.5,80,5,3143.3,5,1,3143.4,1,1,3143.6,25,1,3143.7,192,1,3143.9,86,1
2031,2026-06-16 14:53:06+05:30,3142.8,14,3134.85,3054621,131382.0,192621.0,3163.0,3163.0,3108.0,3134.3,31844200,3447.7,2820.9,3839.9,2896.0,3142.8,13,3,3142.7,9,1,3142.6,88,6,3142.5,52,3,3142.4,48,4,3143.3,109,3,3143.4,1,1,3143.6,25,1,3143.7,192,1,3143.9,87,2
2031,2026-06-16 14:53:06+05:30,3142.8,14,3134.85,3054621,131382.0,192621.0,3163.0,3163.0,3108.0,3134.3,31844200,3447.7,2820.9,3839.9,2896.0,3142.8,13,3,3142.7,9,1,3142.6,88,6,3142.5,52,3,3142.4,48,4,3143.3,109,3,3143.4,1,1,3143.6,25,1,3143.7,192,1,3143.9,87,2
2031,2026-06-16 14:53:07+05:30,3143.3,70,3134.85,3054712,131290.0,192850.0,3163.0,3163.0,3108.0,3134.3,31844200,3447.7,2820.9,3839.9,2896.0,3142.8,72,5,3142.7,24,2,3142.6,73,3,3142.5,77,4,3142.4,48,4,3143.3,34,3,3143.4,65,2,3143.6,25,1,3143.7,192,1,3143.9,86,1
2031,2026-06-16 14:53:07+05:30,3143.3,70,3134.85,3054712,131290.0,192850.0,3163.0,3163.0,3108.0,3134.3,31844200,3447.7,2820.9,3839.9,2896.0,3142.8,72,5,3142.7,24,2,3142.6,73,3,3142.5,77,4,3142.4,48,4,3143.3,34,3,3143.4,65,2,3143.6,25,1,3143.7,192,1,3143.9,86,1
2031,2026-06-16 14:53:08+05:30,3142.9,3,3134.85,3054712,131290.0,192850.0,3163.0,3163.0,3108.0,3134.3,31844200,3447.7,2820.9,3839.9,2896.0,3142.8,72,5,3142.7,24,2,3142.6,73,3,3142.5,77,4,3142.4,48,4,3143.3,34,3,3143.4,65,2,3143.6,25,1,3143.7,192,1,3143.9,86,1
2031,2026-06-16 14:53:08+05:30,3142.9,3,3134.85,3054716,132093.0,192577.0,3163.0,3163.0,3108.0,3134.3,31844200,3447.7,2820.9,3839.9,2896.0,3142.9,50,6,3142.8,133,7,3142.7,24,2,3142.6,123,4,3142.5,61,3,3143.3,91,4,3143.4,7,2,3143.6,25,1,3144.0,201,4,3144.1,11,1
2031,2026-06-16 14:53:09+05:30,3142.9,3,3134.85,3054716,132157.0,192660.0,3163.0,3163.0,3108.0,3134.3,31844200,3447.7,2820.9,3839.9,2896.0,3143.0,16,1,3142.9,50,6,3142.8,108,6,3142.7,9,1,3142.6,148,5,3143.3,117,6,3143.4,91,4,3143.6,25,1,3144.0,201,4,3144.1,11,1
2031,2026-06-16 14:53:10+05:30,3143.3,8,3134.85,3054716,132157.0,192660.0,3163.0,3163.0,3108.0,3134.3,31844200,3447.7,2820.9,3839.9,2896.0,3143.0,16,1,3142.9,50,6,3142.8,108,6,3142.7,9,1,3142.6,148,5,3143.3,117,6,3143.4,91,4,3143.6,25,1,3144.0,201,4,3144.1,11,1
2031,2026-06-16 14:53:10+05:30,3143.3,66,3134.85,3054899,132421.0,192702.0,3163.0,3163.0,3108.0,3134.3,31844200,3447.7,2820.9,3839.9,2896.0,3143.0,49,1,3142.9,8,1,3142.8,63,3,3142.7,35,2,3142.6,91,4,3143.3,97,4,3143.4,91,4,3143.6,25,1,3144.0,201,4,3144.1,11,1
2031,2026-06-16 14:53:11+05:30,3143.3,66,3134.85,3054899,132421.0,192702.0,3163.0,3163.0,3108.0,3134.3,31844200,3447.7,2820.9,3839.9,2896.0,3143.0,49,1,3142.9,8,1,3142.8,63,3,3142.7,35,2,3142.6,91,4,3143.3,97,4,3143.4,91,4,3143.6,25,1,3144.0,201,4,3144.1,11,1
2031,2026-06-16 14:53:11+05:30,3143.3,11,3134.85,3054910,132478.0,192522.0,3163.0,3163.0,3108.0,3134.3,31844200,3447.7,2820.9,3839.9,2896.0,3143.1,13,1,3143.0,49,1,3142.9,8,1,3142.8,53,3,3142.7,26,2,3143.3,189,7,3143.4,68,4,3143.6,25,1,3144.0,201,4,3144.1,11,1
2031,2026-06-16 14:53:12+05:30,3143.4,4,3134.85,3054910,132478.0,192522.0,3163.0,3163.0,3108.0,3134.3,31844200,3447.7,2820.9,3839.9,2896.0,3143.1,13,1,3143.0,49,1,3142.9,8,1,3142.8,53,3,3142.7,26,2,3143.3,189,7,3143.4,68,4,3143.6,25,1,3144.0,201,4,3144.1,11,1
2031,2026-06-16 14:53:12+05:30,3143.3,6,3134.85,3055301,133159.0,192354.0,3163.0,3163.0,3108.0,3134.3,31844200,3447.7,2820.9,3839.9,2896.0,3143.3,23,4,3143.2,17,1,3143.1,81,3,3143.0,160,5,3142.9,14,2,3143.4,49,3,3143.6,25,1,3144.0,201,4,3144.1,11,1,3144.2,14,1
2031,2026-06-16 14:53:13+05:30,3143.3,2,3134.85,3055301,133159.0,192354.0,3163.0,3163.0,3108.0,3134.3,31844200,3447.7,2820.9,3839.9,2896.0,3143.3,23,4,3143.2,17,1,3143.1,81,3,3143.0,160,5,3142.9,14,2,3143.4,49,3,3143.6,25,1,3144.0,201,4,3144.1,11,1,3144.2,14,1
2031,2026-06-16 14:53:13+05:30,3143.3,12,3134.85,3055349,132147.0,192715.0,3163.0,3163.0,3108.0,3134.3,31844200,3447.7,2820.9,3839.9,2896.0,3143.3,15,3,3143.2,15,1,3143.1,64,2,3143.0,105,2,3142.9,14,2,3143.4,48,3,3143.6,25,1,3144.0,201,4,3144.2,14,1,3144.3,39,2
2031,2026-06-16 14:53:14+05:30,3143.3,12,3134.85,3055349,132147.0,192715.0,3163.0,3163.0,3108.0,3134.3,31844200,3447.7,2820.9,3839.9,2896.0,3143.3,15,3,3143.2,15,1,3143.1,64,2,3143.0,105,2,3142.9,14,2,3143.4,48,3,3143.6,25,1,3144.0,201,4,3144.2,14,1,3144.3,39,2
2031,2026-06-16 14:53:14+05:30,3143.4,58,3134.85,3055455,132442.0,192460.0,3163.0,3163.0,3108.0,3134.3,31844200,3447.7,2820.9,3839.9,2896.0,3143.3,99,5,3143.2,6,1,3143.1,85,3,3143.0,145,5,3142.9,28,3,3143.6,25,1,3144.0,201,4,3144.2,14,1,3144.3,1,1,3144.5,122,2
2031,2026-06-16 14:53:15+05:30,3143.6,25,3134.85,3055455,132442.0,192460.0,3163.0,3163.0,3108.0,3134.3,31844200,3447.7,2820.9,3839.9,2896.0,3143.3,99,5,3143.2,6,1,3143.1,85,3,3143.0,145,5,3142.9,28,3,3143.6,25,1,3144.0,201,4,3144.2,14,1,3144.3,1,1,3144.5,122,2
2031,2026-06-16 14:53:16+05:30,3143.4,14,3134.85,3055494,132584.0,192215.0,3163.0,3163.0,3108.0,3134.3,31844200,3447.7,2820.9,3839.9,2896.0,3143.6,6,1,3143.5,2,2,3143.3,157,8,3143.2,46,3,3143.1,90,4,3144.0,201,4,3144.2,14,1,3144.3,1,1,3144.6,56,1,3144.7,69,2
2031,2026-06-16 14:53:16+05:30,3143.4,14,3134.85,3055494,132584.0,192215.0,3163.0,3163.0,3108.0,3134.3,31844200,3447.7,2820.9,3839.9,2896.0,3143.6,6,1,3143.5,2,2,3143.3,157,8,3143.2,46,3,3143.1,90,4,3144.0,201,4,3144.2,14,1,3144.3,1,1,3144.6,56,1,3144.7,69,2
2031,2026-06-16 14:53:17+05:30,3143.6,10,3134.85,3055504,132551.0,192304.0,3163.0,3163.0,3108.0,3134.3,31844200,3447.7,2820.9,3839.9,2896.0,3143.6,6,1,3143.5,2,2,3143.3,165,8,3143.2,6,1,3143.1,105,5,3143.9,88,1,3144.0,201,4,3144.2,38,1,3144.3,1,1,3144.4,38,1
2031,2026-06-16 14:53:17+05:30,3143.9,56,3134.85,3055504,132551.0,192304.0,3163.0,3163.0,3108.0,3134.3,31844200,3447.7,2820.9,3839.9,2896.0,3143.6,6,1,3143.5,2,2,3143.3,165,8,3143.2,6,1,3143.1,105,5,3143.9,88,1,3144.0,201,4,3144.2,38,1,3144.3,1,1,3144.4,38,1
2031,2026-06-16 14:53:18+05:30,3143.9,56,3134.85,3055661,132388.0,192377.0,3163.0,3163.0,3108.0,3134.3,31844200,3447.7,2820.9,3839.9,2896.0,3143.6,95,2,3143.5,2,2,3143.3,150,5,3143.1,97,4,3143.0,6,1,3143.9,44,2,3144.0,201,4,3144.2,15,1,3144.3,1,1,3144.4,55,2
2031,2026-06-16 14:53:18+05:30,3143.6,3,3134.85,3055661,132388.0,192377.0,3163.0,3163.0,3108.0,3134.3,31844200,3447.7,2820.9,3839.9,2896.0,3143.6,95,2,3143.5,2,2,3143.3,150,5,3143.1,97,4,3143.0,6,1,3143.9,44,2,3144.0,201,4,3144.2,15,1,3144.3,1,1,3144.4,55,2
2031,2026-06-16 14:53:19+05:30,3143.9,14,3134.85,3055661,132388.0,192377.0,3163.0,3163.0,3108.0,3134.3,31844200,3447.7,2820.9,3839.9,2896.0,3143.6,95,2,3143.5,2,2,3143.3,150,5,3143.1,97,4,3143.0,6,1,3143.9,44,2,3144.0,201,4,3144.2,15,1,3144.3,1,1,3144.4,55,2
2031,2026-06-16 14:53:19+05:30,3143.9,14,3134.85,3055696,132523.0,192321.0,3163.0,3163.0,3108.0,3134.3,31844200,3447.7,2820.9,3839.9,2896.0,3143.8,16,1,3143.7,1,1,3143.6,92,2,3143.5,2,2,3143.3,148,5,3143.9,13,2,3144.0,201,4,3144.3,1,1,3144.4,24,1,3144.6,74,2
2031,2026-06-16 14:53:20+05:30,3143.8,4,3134.85,3055696,132523.0,192321.0,3163.0,3163.0,3108.0,3134.3,31844200,3447.7,2820.9,3839.9,2896.0,3143.8,16,1,3143.7,1,1,3143.6,92,2,3143.5,2,2,3143.3,148,5,3143.9,13,2,3144.0,201,4,3144.3,1,1,3144.4,24,1,3144.6,74,2
2031,2026-06-16 14:53:20+05:30,3144.0,135,3134.85,3055848,132120.0,191876.0,3163.0,3163.0,3108.0,3134.3,31844200,3447.7,2820.9,3839.9,2896.0,3143.8,103,3,3143.7,1,1,3143.6,122,4,3143.3,190,4,3143.1,61,4,3144.0,66,4,3144.3,1,1,3144.4,29,1,3144.6,73,2,3144.8,176,4
2031,2026-06-16 14:53:21+05:30,3143.8,41,3134.85,3055848,132120.0,191876.0,3163.0,3163.0,3108.0,3134.3,31844200,3447.7,2820.9,3839.9,2896.0,3143.8,103,3,3143.7,1,1,3143.6,122,4,3143.3,190,4,3143.1,61,4,3144.0,66,4,3144.3,1,1,3144.4,29,1,3144.6,73,2,3144.8,176,4
2031,2026-06-16 14:53:21+05:30,3143.8,41,3134.85,3055889,131707.0,192036.0,3163.0,3163.0,3108.0,3134.3,31844200,3447.7,2820.9,3839.9,2896.0,3143.8,62,3,3143.7,16,2,3143.6,107,3,3143.3,210,5,3143.1,23,2,3144.0,181,7,3144.2,58,2,3144.3,25,2,3144.4,127,4,3144.6,73,2
2031,2026-06-16 14:53:22+05:30,3144.0,5,3134.85,3055889,131707.0,192036.0,3163.0,3163.0,3108.0,3134.3,31844200,3447.7,2820.9,3839.9,2896.0,3143.8,62,3,3143.7,16,2,3143.6,107,3,3143.3,210,5,3143.1,23,2,3144.0,181,7,3144.2,58,2,3144.3,25,2,3144.4,127,4,3144.6,73,2
2031,2026-06-16 14:53:22+05:30,3144.0,5,3134.85,3055894,131712.0,192027.0,3163.0,3163.0,3108.0,3134.3,31844200,3447.7,2820.9,3839.9,2896.0,3143.8,78,4,3143.6,107,3,3143.3,154,4,3143.1,23,2,3143.0,56,1,3144.0,176,7,3144.2,58,2,3144.3,56,3,3144.4,96,3,3144.6,74,3
2031,2026-06-16 14:53:23+05:30,3143.8,2,3134.85,3055894,131712.0,192027.0,3163.0,3163.0,3108.0,3134.3,31844200,3447.7,2820.9,3839.9,2896.0,3143.8,78,4,3143.6,107,3,3143.3,154,4,3143.1,23,2,3143.0,56,1,3144.0,176,7,3144.2,58,2,3144.3,56,3,3144.4,96,3,3144.6,74,3
2031,2026-06-16 14:53:23+05:30,3143.8,2,3134.85,3055896,131717.0,192062.0,3163.0,3163.0,3108.0,3134.3,31844200,3447.7,2820.9,3839.9,2896.0,3143.8,92,5,3143.6,92,2,3143.3,154,4,3143.1,23,2,3143.0,56,1,3144.0,176,7,3144.2,58,2,3144.3,32,2,3144.4,67,2,3144.5,29,1
2031,2026-06-16 14:53:24+05:30,3143.9,92,3134.85,3055896,131717.0,192062.0,3163.0,3163.0,3108.0,3134.3,31844200,3447.7,2820.9,3839.9,2896.0,3143.8,92,5,3143.6,92,2,3143.3,154,4,3143.1,23,2,3143.0,56,1,3144.0,176,7,3144.2,58,2,3144.3,32,2,3144.4,67,2,3144.5,29,1
2031,2026-06-16 14:53:24+05:30,3143.9,92,3134.86,3055991,131714.0,191955.0,3163.0,3163.0,3108.0,3134.3,31844200,3447.7,2820.9,3839.9,2896.0,3143.8,76,4,3143.6,105,2,3143.3,154,4,3143.1,48,3,3143.0,56,1,3143.9,28,1,3144.0,201,8,3144.2,88,3,3144.3,1,1,3144.4,97,3
2031,2026-06-16 14:53:25+05:30,3143.9,9,3134.86,3055991,131714.0,191955.0,3163.0,3163.0,3108.0,3134.3,31844200,3447.7,2820.9,3839.9,2896.0,3143.8,76,4,3143.6,105,2,3143.3,154,4,3143.1,48,3,3143.0,56,1,3143.9,28,1,3144.0,201,8,3144.2,88,3,3144.3,1,1,3144.4,97,3
2031,2026-06-16 14:53:25+05:30,3144.0,64,3134.86,3056284,132392.0,191080.0,3163.0,3163.0,3108.0,3134.3,31844200,3447.7,2820.9,3839.9,2896.0,3144.0,217,1,3143.8,76,4,3143.6,105,2,3143.5,59,3,3143.4,15,2,3144.3,1,1,3144.7,29,1,3144.8,41,2,3144.9,44,1,3145.0,606,6
2031,2026-06-16 14:53:26+05:30,3144.3,1,3134.86,3056284,132392.0,191080.0,3163.0,3163.0,3108.0,3134.3,31844200,3447.7,2820.9,3839.9,2896.0,3144.0,217,1,3143.8,76,4,3143.6,105,2,3143.5,59,3,3143.4,15,2,3144.3,1,1,3144.7,29,1,3144.8,41,2,3144.9,44,1,3145.0,606,6
2031,2026-06-16 14:53:26+05:30,3144.3,1,3134.86,3056286,132656.0,191304.0,3163.0,3163.0,3108.0,3134.3,31844200,3447.7,2820.9,3839.9,2896.0,3144.3,11,1,3144.2,15,1,3144.1,2,2,3144.0,335,2,3143.9,5,1,3144.5,1,1,3144.9,93,1,3145.0,566,6,3145.1,33,2,3145.2,195,4
2031,2026-06-16 14:53:27+05:30,3144.2,98,3134.86,3056286,132656.0,191304.0,3163.0,3163.0,3108.0,3134.3,31844200,3447.7,2820.9,3839.9,2896.0,3144.3,11,1,3144.2,15,1,3144.1,2,2,3144.0,335,2,3143.9,5,1,3144.5,1,1,3144.9,93,1,3145.0,566,6,3145.1,33,2,3145.2,195,4
2031,2026-06-16 14:53:27+05:30,3144.2,98,3134.86,3056445,132308.0,191320.0,3163.0,3163.0,3108.0,3134.3,31844200,3447.7,2820.9,3839.9,2896.0,3144.2,15,1,3144.1,2,2,3144.0,335,2,3143.9,18,1,3143.8,72,2,3144.4,13,1,3144.5,17,3,3144.7,50,2,3144.8,38,1,3145.0,634,8
2031,2026-06-16 14:53:28+05:30,3144.2,41,3134.86,3056445,132308.0,191320.0,3163.0,3163.0,3108.0,3134.3,31844200,3447.7,2820.9,3839.9,2896.0,3144.2,15,1,3144.1,2,2,3144.0,335,2,3143.9,18,1,3143.8,72,2,3144.4,13,1,3144.5,17,3,3144.7,50,2,3144.8,38,1,3145.0,634,8
2031,2026-06-16 14:53:28+05:30,3144.2,41,3134.86,3056488,132689.0,191132.0,3163.0,3163.0,3108.0,3134.3,31844200,3447.7,2820.9,3839.9,2896.0,3144.2,102,2,3144.1,18,3,3144.0,335,2,3143.8,72,2,3143.6,13,1,3144.4,20,2,3144.5,2,2,3144.7,50,2,3144.8,29,1,3145.0,596,7
2031,2026-06-16 14:53:29+05:30,3144.4,1,3134.86,3056488,132689.0,191132.0,3163.0,3163.0,3108.0,3134.3,31844200,3447.7,2820.9,3839.9,2896.0,3144.2,102,2,3144.1,18,3,3144.0,335,2,3143.8,72,2,3143.6,13,1,3144.4,20,2,3144.5,2,2,3144.7,50,2,3144.8,29,1,3145.0,596,7
2031,2026-06-16 14:53:29+05:30,3144.4,1,3134.86,3056506,132678.0,191261.0,3163.0,3163.0,3108.0,3134.3,31844200,3447.7,2820.9,3839.9,2896.0,3144.3,15,1,3144.2,102,2,3144.1,2,2,3144.0,335,2,3143.8,72,2,3144.4,64,2,3144.5,2,2,3144.7,50,2,3144.8,10,1,3144.9,66,2
2031,2026-06-16 14:53:30+05:30,3144.4,15,3134.86,3056506,132678.0,191261.0,3163.0,3163.0,3108.0,3134.3,31844200,3447.7,2820.9,3839.9,2896.0,3144.3,15,1,3144.2,102,2,3144.1,2,2,3144.0,335,2,3143.8,72,2,3144.4,64,2,3144.5,2,2,3144.7,50,2,3144.8,10,1,3144.9,66,2
2031,2026-06-16 14:53:30+05:30,3144.4,1,3134.86,3056588,132841.0,191181.0,3163.0,3163.0,3108.0,3134.3,31844200,3447.7,2820.9,3839.9,2896.0,3144.4,18,1,3144.3,99,2,3144.2,117,3,3144.1,2,2,3144.0,335,2,3144.5,1,1,3145.0,596,7,3145.2,169,4,3145.3,560,5,3145.4,168,5
2031,2026-06-16 14:53:31+05:30,3144.5,13,3134.86,3056588,132841.0,191181.0,3163.0,3163.0,3108.0,3134.3,31844200,3447.7,2820.9,3839.9,2896.0,3144.4,18,1,3144.3,99,2,3144.2,117,3,3144.1,2,2,3144.0,335,2,3144.5,1,1,3145.0,596,7,3145.2,169,4,3145.3,560,5,3145.4,168,5
2031,2026-06-16 14:53:31+05:30,3144.5,13,3134.86,3056617,133707.0,190893.0,3163.0,3163.0,3108.0,3134.3,31844200,3447.7,2820.9,3839.9,2896.0,3144.4,2,2,3144.3,120,4,3144.2,410,3,3144.0,338,3,3143.8,114,2,3144.5,38,1,3145.0,532,5,3145.2,158,3,3145.3,545,4,3145.4,109,4
2031,2026-06-16 14:53:32+05:30,3144.5,32,3134.86,3056617,133707.0,190893.0,3163.0,3163.0,3108.0,3134.3,31844200,3447.7,2820.9,3839.9,2896.0,3144.4,2,2,3144.3,120,4,3144.2,410,3,3144.0,338,3,3143.8,114,2,3144.5,38,1,3145.0,532,5,3145.2,158,3,3145.3,545,4,3145.4,109,4
2031,2026-06-16 14:53:32+05:30,3144.5,32,3134.86,3056753,133539.0,190825.0,3163.0,3163.0,3108.0,3134.3,31844200,3447.7,2820.9,3839.9,2896.0,3144.5,63,6,3144.4,104,3,3144.3,103,3,3144.2,410,3,3144.0,394,4,3145.0,532,5,3145.2,86,1,3145.3,545,4,3145.4,42,1,3145.5,70,2
2031,2026-06-16 14:53:33+05:30,3144.5,2,3134.86,3056753,133539.0,190825.0,3163.0,3163.0,3108.0,3134.3,31844200,3447.7,2820.9,3839.9,2896.0,3144.5,63,6,3144.4,104,3,3144.3,103,3,3144.2,410,3,3144.0,394,4,3145.0,532,5,3145.2,86,1,3145.3,545,4,3145.4,42,1,3145.5,70,2
2031,2026-06-16 14:53:33+05:30,3144.5,2,3134.86,3056905,134116.0,190841.0,3163.0,3163.0,3108.0,3134.3,31844200,3447.7,2820.9,3839.9,2896.0,3144.5,163,6,3144.4,104,3,3144.3,119,4,3144.2,410,3,3144.0,394,4,3145.0,539,6,3145.2,86,1,3145.3,545,4,3145.4,42,1,3145.5,14,1
2031,2026-06-16 14:53:34+05:30,3144.5,2,3134.86,3056905,134272.0,190805.0,3163.0,3163.0,3108.0,3134.3,31844200,3447.7,2820.9,3839.9,2896.0,3144.7,14,1,3144.5,164,7,3144.4,119,4,3144.3,103,3,3144.2,395,2,3144.9,91,1,3145.0,539,6,3145.1,25,1,3145.2,86,1,3145.3,545,4
2031,2026-06-16 14:53:35+05:30,3144.9,1,3134.86,3056905,134272.0,190805.0,3163.0,3163.0,3108.0,3134.3,31844200,3447.7,2820.9,3839.9,2896.0,3144.7,14,1,3144.5,164,7,3144.4,119,4,3144.3,103,3,3144.2,395,2,3144.9,91,1,3145.0,539,6,3145.1,25,1,3145.2,86,1,3145.3,545,4
2031,2026-06-16 14:53:35+05:30,3144.2,59,3134.86,3058972,131477.0,193504.0,3163.0,3163.0,3108.0,3134.3,31844200,3447.7,2820.9,3839.9,2896.0,3142.7,49,1,3142.6,14,1,3142.5,83,5,3142.4,13,1,3142.3,35,2,3144.2,70,4,3144.3,48,2,3144.4,127,3,3144.5,113,5,3144.6,530,6
2031,2026-06-16 14:53:36+05:30,3142.2,15,3134.86,3058972,131477.0,193504.0,3163.0,3163.0,3108.0,3134.3,31844200,3447.7,2820.9,3839.9,2896.0,3142.7,49,1,3142.6,14,1,3142.5,83,5,3142.4,13,1,3142.3,35,2,3144.2,70,4,3144.3,48,2,3144.4,127,3,3144.5,113,5,3144.6,530,6
2031,2026-06-16 14:53:36+05:30,3142.2,15,3134.86,3059256,129722.0,194409.0,3163.0,3163.0,3108.0,3134.3,31844200,3447.7,2820.9,3839.9,2896.0,3142.4,110,5,3142.3,57,3,3142.2,74,3,3142.1,76,5,3142.0,58,5,3143.7,200,1,3143.8,10,1,3143.9,24,2,3144.0,41,2,3144.1,2,1
2031,2026-06-16 14:53:37+05:30,3143.4,62,3134.86,3059256,129722.0,194409.0,3163.0,3163.0,3108.0,3134.3,31844200,3447.7,2820.9,3839.9,2896.0,3142.4,110,5,3142.3,57,3,3142.2,74,3,3142.1,76,5,3142.0,58,5,3143.7,200,1,3143.8,10,1,3143.9,24,2,3144.0,41,2,3144.1,2,1
2031,2026-06-16 14:53:37+05:30,3143.4,62,3134.87,3059318,130041.0,194294.0,3163.0,3163.0,3108.0,3134.3,31844200,3447.7,2820.9,3839.9,2896.0,3143.1,150,1,3142.5,86,6,3142.4,125,4,3142.3,52,3,3142.2,92,4,3143.4,138,1,3143.5,1,1,3144.1,2,1,3144.2,172,6,3144.3,47,1
2031,2026-06-16 14:53:38+05:30,3143.1,1,3134.87,3059318,130041.0,194294.0,3163.0,3163.0,3108.0,3134.3,31844200,3447.7,2820.9,3839.9,2896.0,3143.1,150,1,3142.5,86,6,3142.4,125,4,3142.3,52,3,3142.2,92,4,3143.4,138,1,3143.5,1,1,3144.1,2,1,3144.2,172,6,3144.3,47,1
2031,2026-06-16 14:53:38+05:30,3143.1,1,3134.87,3059657,129869.0,193525.0,3163.0,3163.0,3108.0,3134.3,31844200,3447.7,2820.9,3839.9,2896.0,3142.8,44,5,3142.7,61,5,3142.6,83,5,3142.5,64,5,3142.4,70,4,3143.1,1,1,3143.4,26,1,3143.5,1,1,3144.0,1,1,3144.2,82,3
2031,2026-06-16 14:53:39+05:30,3143.1,1,3134.87,3059657,129869.0,193525.0,3163.0,3163.0,3108.0,3134.3,31844200,3447.7,2820.9,3839.9,2896.0,3142.8,44,5,3142.7,61,5,3142.6,83,5,3142.5,64,5,3142.4,70,4,3143.1,1,1,3143.4,26,1,3143.5,1,1,3144.0,1,1,3144.2,82,3
2031,2026-06-16 14:53:39+05:30,3143.1,1,3134.87,3059657,129744.0,193569.0,3163.0,3163.0,3108.0,3134.3,31844200,3447.7,2820.9,3839.9,2896.0,3142.8,27,2,3142.7,37,3,3142.6,27,2,3142.5,21,2,3142.4,51,2,3143.1,1,1,3143.4,62,3,3143.5,1,1,3144.0,57,2,3144.2,82,3
2031,2026-06-16 14:53:40+05:30,3142.7,14,3134.87,3059657,129744.0,193569.0,3163.0,3163.0,3108.0,3134.3,31844200,3447.7,2820.9,3839.9,2896.0,3142.8,27,2,3142.7,37,3,3142.6,27,2,3142.5,21,2,3142.4,51,2,3143.1,1,1,3143.4,62,3,3143.5,1,1,3144.0,57,2,3144.2,82,3
2031,2026-06-16 14:53:40+05:30,3142.7,14,3134.87,3059932,128959.0,195365.0,3163.0,3163.0,3108.0,3134.3,31844200,3447.7,2820.9,3839.9,2896.0,3142.3,14,1,3142.1,55,5,3142.0,19,3,3141.9,44,3,3141.8,74,2,3142.7,186,1,3143.1,26,2,3143.8,44,3,3143.9,165,4,3144.0,32,3
2031,2026-06-16 14:53:41+05:30,3142.3,14,3134.87,3059932,128959.0,195365.0,3163.0,3163.0,3108.0,3134.3,31844200,3447.7,2820.9,3839.9,2896.0,3142.3,14,1,3142.1,55,5,3142.0,19,3,3141.9,44,3,3141.8,74,2,3142.7,186,1,3143.1,26,2,3143.8,44,3,3143.9,165,4,3144.0,32,3
2031,2026-06-16 14:53:41+05:30,3142.3,14,3134.87,3059932,128959.0,195365.0,3163.0,3163.0,3108.0,3134.3,31844200,3447.7,2820.9,3839.9,2896.0,3142.3,14,1,3142.1,55,5,3142.0,19,3,3141.9,44,3,3141.8,74,2,3142.7,186,1,3143.1,26,2,3143.8,44,3,3143.9,165,4,3144.0,32,3
2031,2026-06-16 14:53:41+05:30,3142.3,14,3134.87,3059947,128576.0,196191.0,3163.0,3163.0,3108.0,3134.3,31844200,3447.7,2820.9,3839.9,2896.0,3142.3,15,1,3142.1,7,1,3142.0,4,2,3141.9,4,1,3141.8,18,1,3142.7,191,2,3143.1,19,1,3143.4,48,3,3143.5,49,1,3143.6,204,6
2031,2026-06-16 14:53:42+05:30,3142.3,41,3134.87,3059947,128576.0,196191.0,3163.0,3163.0,3108.0,3134.3,31844200,3447.7,2820.9,3839.9,2896.0,3142.3,15,1,3142.1,7,1,3142.0,4,2,3141.9,4,1,3141.8,18,1,3142.7,191,2,3143.1,19,1,3143.4,48,3,3143.5,49,1,3143.6,204,6
2031,2026-06-16 14:53:42+05:30,3142.3,41,3134.87,3059988,128350.0,196573.0,3163.0,3163.0,3108.0,3134.3,31844200,3447.7,2820.9,3839.9,2896.0,3142.3,15,1,3142.1,7,1,3142.0,4,2,3141.9,4,1,3141.7,21,1,3142.7,250,4,3143.2,11,2,3143.3,113,3,3143.4,47,2,3143.5,114,3
2031,2026-06-16 14:53:43+05:30,3142.3,100,3134.87,3059988,128350.0,196573.0,3163.0,3163.0,3108.0,3134.3,31844200,3447.7,2820.9,3839.9,2896.0,3142.3,15,1,3142.1,7,1,3142.0,4,2,3141.9,4,1,3141.7,21,1,3142.7,250,4,3143.2,11,2,3143.3,113,3,3143.4,47,2,3143.5,114,3
2031,2026-06-16 14:53:43+05:30,3142.3,100,3134.87,3060088,128171.0,196390.0,3163.0,3163.0,3108.0,3134.3,31844200,3447.7,2820.9,3839.9,2896.0,3142.1,24,3,3142.0,20,3,3141.9,4,1,3141.8,34,3,3141.7,30,2,3142.3,1,1,3142.7,250,4,3143.3,56,1,3143.4,68,3,3143.5,66,1
2031,2026-06-16 14:53:43+05:30,3142.3,100,3134.87,3060088,128171.0,196390.0,3163.0,3163.0,3108.0,3134.3,31844200,3447.7,2820.9,3839.9,2896.0,3142.1,24,3,3142.0,20,3,3141.9,4,1,3141.8,34,3,3141.7,30,2,3142.3,1,1,3142.7,250,4,3143.3,56,1,3143.4,68,3,3143.5,66,1
2031,2026-06-16 14:53:44+05:30,3142.3,1,3134.87,3060092,128140.0,196385.0,3163.0,3163.0,3108.0,3134.3,31844200,3447.7,2820.9,3839.9,2896.0,3142.1,23,3,3142.0,20,3,3141.9,4,1,3141.8,66,4,3141.7,30,2,3142.3,32,4,3142.7,225,2,3143.3,56,1,3143.4,68,3,3143.5,66,1
2031,2026-06-16 14:53:45+05:30,3142.3,1,3134.87,3060092,128140.0,196385.0,3163.0,3163.0,3108.0,3134.3,31844200,3447.7,2820.9,3839.9,2896.0,3142.1,23,3,3142.0,20,3,3141.9,4,1,3141.8,66,4,3141.7,30,2,3142.3,32,4,3142.7,225,2,3143.3,56,1,3143.4,68,3,3143.5,66,1
2031,2026-06-16 14:53:45+05:30,3142.3,1,3134.87,3060093,128206.0,196532.0,3163.0,3163.0,3108.0,3134.3,31844200,3447.7,2820.9,3839.9,2896.0,3142.2,9,4,3142.1,22,4,3142.0,25,4,3141.9,22,2,3141.8,66,4,3142.3,31,4,3142.7,225,2,3143.3,56,1,3143.4,37,3,3143.5,66,1
2031,2026-06-16 14:53:46+05:30,3142.3,1,3134.87,3060093,128206.0,196532.0,3163.0,3163.0,3108.0,3134.3,31844200,3447.7,2820.9,3839.9,2896.0,3142.2,9,4,3142.1,22,4,3142.0,25,4,3141.9,22,2,3141.8,66,4,3142.3,31,4,3142.7,225,2,3143.3,56,1,3143.4,37,3,3143.5,66,1
2031,2026-06-16 14:53:46+05:30,3142.3,3,3134.87,3060093,128206.0,196532.0,3163.0,3163.0,3108.0,3134.3,31844200,3447.7,2820.9,3839.9,2896.0,3142.2,9,4,3142.1,22,4,3142.0,25,4,3141.9,22,2,3141.8,66,4,3142.3,31,4,3142.7,225,2,3143.3,56,1,3143.4,37,3,3143.5,66,1
2031,2026-06-16 14:53:46+05:30,3142.3,2,3134.87,3060180,128969.0,196102.0,3163.0,3163.0,3108.0,3134.3,31844200,3447.7,2820.9,3839.9,2896.0,3142.3,14,3,3142.2,44,6,3142.1,138,6,3142.0,56,6,3141.9,43,3,3142.7,225,2,3143.6,62,2,3143.7,8,1,3143.8,614,4,3143.9,209,4
2031,2026-06-16 14:53:47+05:30,3142.3,2,3134.87,3060180,128969.0,196102.0,3163.0,3163.0,3108.0,3134.3,31844200,3447.7,2820.9,3839.9,2896.0,3142.3,14,3,3142.2,44,6,3142.1,138,6,3142.0,56,6,3141.9,43,3,3142.7,225,2,3143.6,62,2,3143.7,8,1,3143.8,614,4,3143.9,209,4
2031,2026-06-16 14:53:47+05:30,3142.3,2,3134.87,3060180,129126.0,196153.0,3163.0,3163.0,3108.0,3134.3,31844200,3447.7,2820.9,3839.9,2896.0,3142.4,49,6,3142.3,6,1,3142.2,62,7,3142.1,169,7,3142.0,56,6,3142.7,225,2,3143.6,62,2,3143.8,614,4,3143.9,209,4,3144.0,112,3
2031,2026-06-16 14:53:48+05:30,3142.4,2,3134.87,3060180,129126.0,196153.0,3163.0,3163.0,3108.0,3134.3,31844200,3447.7,2820.9,3839.9,2896.0,3142.4,49,6,3142.3,6,1,3142.2,62,7,3142.1,169,7,3142.0,56,6,3142.7,225,2,3143.6,62,2,3143.8,614,4,3143.9,209,4,3144.0,112,3
2031,2026-06-16 14:53:48+05:30,3142.4,2,3134.87,3060180,129126.0,196153.0,3163.0,3163.0,3108.0,3134.3,31844200,3447.7,2820.9,3839.9,2896.0,3142.4,49,6,3142.3,6,1,3142.2,62,7,3142.1,169,7,3142.0,56,6,3142.7,225,2,3143.6,62,2,3143.8,614,4,3143.9,209,4,3144.0,112,3
2031,2026-06-16 14:53:48+05:30,3142.4,2,3134.87,3060182,129323.0,196231.0,3163.0,3163.0,3108.0,3134.3,31844200,3447.7,2820.9,3839.9,2896.0,3142.4,47,6,3142.3,6,1,3142.2,79,8,3142.1,153,6,3142.0,56,6,3142.7,263,3,3143.6,62,2,3143.8,614,4,3143.9,209,4,3144.0,112,3
2031,2026-06-16 14:53:49+05:30,3142.7,38,3134.87,3060445,130377.0,194498.0,3163.0,3163.0,3108.0,3134.3,31844200,3447.7,2820.9,3839.9,2896.0,3142.8,14,1,3142.7,33,3,3142.6,97,4,3142.5,139,5,3142.4,29,4,3143.8,592,3,3144.0,142,2,3144.1,154,2,3144.2,445,4,3144.3,32,2
2031,2026-06-16 14:53:50+05:30,3142.7,38,3134.87,3060445,130377.0,194498.0,3163.0,3163.0,3108.0,3134.3,31844200,3447.7,2820.9,3839.9,2896.0,3142.8,14,1,3142.7,33,3,3142.6,97,4,3142.5,139,5,3142.4,29,4,3143.8,592,3,3144.0,142,2,3144.1,154,2,3144.2,445,4,3144.3,32,2
2031,2026-06-16 14:53:50+05:30,3142.7,38,3134.87,3060445,130377.0,194498.0,3163.0,3163.0,3108.0,3134.3,31844200,3447.7,2820.9,3839.9,2896.0,3142.8,14,1,3142.7,33,3,3142.6,97,4,3142.5,139,5,3142.4,29,4,3143.8,592,3,3144.0,142,2,3144.1,154,2,3144.2,445,4,3144.3,32,2
2031,2026-06-16 14:53:50+05:30,3142.5,52,3134.87,3060646,129981.0,194623.0,3163.0,3163.0,3108.0,3134.3,31844200,3447.7,2820.9,3839.9,2896.0,3143.3,2,2,3142.6,14,1,3142.5,103,5,3142.4,11,3,3142.3,29,3,3143.8,647,4,3143.9,70,2,3144.0,175,3,3144.1,154,2,3144.2,486,4
2031,2026-06-16 14:53:51+05:30,3143.8,1,3134.87,3060646,129981.0,194623.0,3163.0,3163.0,3108.0,3134.3,31844200,3447.7,2820.9,3839.9,2896.0,3143.3,2,2,3142.6,14,1,3142.5,103,5,3142.4,11,3,3142.3,29,3,3143.8,647,4,3143.9,70,2,3144.0,175,3,3144.1,154,2,3144.2,486,4
2031,2026-06-16 14:53:51+05:30,3143.8,1,3134.87,3060646,129981.0,194623.0,3163.0,3163.0,3108.0,3134.3,31844200,3447.7,2820.9,3839.9,2896.0,3143.3,2,2,3142.6,14,1,3142.5,103,5,3142.4,11,3,3142.3,29,3,3143.8,647,4,3143.9,70,2,3144.0,175,3,3144.1,154,2,3144.2,486,4
2031,2026-06-16 14:53:51+05:30,3143.8,11,3134.87,3060658,129942.0,194356.0,3163.0,3163.0,3108.0,3134.3,31844200,3447.7,2820.9,3839.9,2896.0,3143.3,2,2,3142.7,15,1,3142.6,14,1,3142.5,88,4,3142.4,11,3,3143.8,635,4,3143.9,69,1,3144.0,143,3,3144.1,392,4,3144.2,286,3
2031,2026-06-16 14:53:52+05:30,3143.8,182,3134.87,3060658,129942.0,194356.0,3163.0,3163.0,3108.0,3134.3,31844200,3447.7,2820.9,3839.9,2896.0,3143.3,2,2,3142.7,15,1,3142.6,14,1,3142.5,88,4,3142.4,11,3,3143.8,635,4,3143.9,69,1,3144.0,143,3,3144.1,392,4,3144.2,286,3
2031,2026-06-16 14:53:52+05:30,3143.8,182,3134.87,3060658,129942.0,194356.0,3163.0,3163.0,3108.0,3134.3,31844200,3447.7,2820.9,3839.9,2896.0,3143.3,2,2,3142.7,15,1,3142.6,14,1,3142.5,88,4,3142.4,11,3,3143.8,635,4,3143.9,69,1,3144.0,143,3,3144.1,392,4,3144.2,286,3
2031,2026-06-16 14:53:52+05:30,3143.8,182,3134.87,3061333,131084.0,193617.0,3163.0,3163.0,3108.0,3134.3,31844200,3447.7,2820.9,3839.9,2896.0,3143.3,23,1,3142.8,49,4,3142.7,70,5,3142.6,79,3,3142.5,259,4,3143.8,90,2,3143.9,69,1,3144.2,400,2,3144.4,87,2,3144.5,364,4
2031,2026-06-16 14:53:53+05:30,3143.8,182,3134.87,3061333,131084.0,193617.0,3163.0,3163.0,3108.0,3134.3,31844200,3447.7,2820.9,3839.9,2896.0,3143.3,23,1,3142.8,49,4,3142.7,70,5,3142.6,79,3,3142.5,259,4,3143.8,90,2,3143.9,69,1,3144.2,400,2,3144.4,87,2,3144.5,364,4
2031,2026-06-16 14:53:53+05:30,3143.3,2,3134.87,3061333,131084.0,193617.0,3163.0,3163.0,3108.0,3134.3,31844200,3447.7,2820.9,3839.9,2896.0,3143.3,23,1,3142.8,49,4,3142.7,70,5,3142.6,79,3,3142.5,259,4,3143.8,90,2,3143.9,69,1,3144.2,400,2,3144.4,87,2,3144.5,364,4
2031,2026-06-16 14:53:53+05:30,3143.3,2,3134.87,3061333,131084.0,193617.0,3163.0,3163.0,3108.0,3134.3,31844200,3447.7,2820.9,3839.9,2896.0,3143.3,23,1,3142.8,49,4,3142.7,70,5,3142.6,79,3,3142.5,259,4,3143.8,90,2,3143.9,69,1,3144.2,400,2,3144.4,87,2,3144.5,364,4
2031,2026-06-16 14:53:53+05:30,3143.3,2,3134.87,3061336,130899.0,193929.0,3163.0,3163.0,3108.0,3134.3,31844200,3447.7,2820.9,3839.9,2896.0,3143.3,21,1,3142.8,71,3,3142.7,37,3,3142.6,135,4,3142.5,59,3,3143.8,99,2,3143.9,96,2,3144.1,417,3,3144.2,1,1,3144.3,124,2
2031,2026-06-16 14:53:54+05:30,3143.3,2,3134.87,3061336,130899.0,193929.0,3163.0,3163.0,3108.0,3134.3,31844200,3447.7,2820.9,3839.9,2896.0,3143.3,21,1,3142.8,71,3,3142.7,37,3,3142.6,135,4,3142.5,59,3,3143.8,99,2,3143.9,96,2,3144.1,417,3,3144.2,1,1,3144.3,124,2
2031,2026-06-16 14:53:54+05:30,3143.3,2,3134.87,3061336,130904.0,193785.0,3163.0,3163.0,3108.0,3134.3,31844200,3447.7,2820.9,3839.9,2896.0,3143.3,39,3,3142.8,71,3,3142.7,22,2,3142.6,135,4,3142.5,59,3,3143.8,99,2,3143.9,96,2,3144.2,418,4,3144.3,56,1,3144.4,86,1
2031,2026-06-16 14:53:55+05:30,3143.3,2,3134.87,3061336,130904.0,193785.0,3163.0,3163.0,3108.0,3134.3,31844200,3447.7,2820.9,3839.9,2896.0,3143.3,39,3,3142.8,71,3,3142.7,22,2,3142.6,135,4,3142.5,59,3,3143.8,99,2,3143.9,96,2,3144.2,418,4,3144.3,56,1,3144.4,86,1
2031,2026-06-16 14:53:55+05:30,3143.8,10,3134.87,3061336,130904.0,193785.0,3163.0,3163.0,3108.0,3134.3,31844200,3447.7,2820.9,3839.9,2896.0,3143.3,39,3,3142.8,71,3,3142.7,22,2,3142.6,135,4,3142.5,59,3,3143.8,99,2,3143.9,96,2,3144.2,418,4,3144.3,56,1,3144.4,86,1
2031,2026-06-16 14:53:55+05:30,3143.3,1,3134.87,3061537,130366.0,193212.0,3163.0,3163.0,3108.0,3134.3,31844200,3447.7,2820.9,3839.9,2896.0,3142.8,26,3,3142.7,38,3,3142.6,60,3,3142.5,59,3,3142.4,28,2,3143.3,9,1,3143.8,90,3,3143.9,96,2,3144.1,2,1,3144.2,417,3
2031,2026-06-16 14:53:56+05:30,3143.3,1,3134.87,3061537,130366.0,193212.0,3163.0,3163.0,3108.0,3134.3,31844200,3447.7,2820.9,3839.9,2896.0,3142.8,26,3,3142.7,38,3,3142.6,60,3,3142.5,59,3,3142.4,28,2,3143.3,9,1,3143.8,90,3,3143.9,96,2,3144.1,2,1,3144.2,417,3
2031,2026-06-16 14:53:56+05:30,3142.7,7,3134.87,3061537,130366.0,193212.0,3163.0,3163.0,3108.0,3134.3,31844200,3447.7,2820.9,3839.9,2896.0,3142.8,26,3,3142.7,38,3,3142.6,60,3,3142.5,59,3,3142.4,28,2,3143.3,9,1,3143.8,90,3,3143.9,96,2,3144.1,2,1,3144.2,417,3
2031,2026-06-16 14:53:56+05:30,3142.8,1,3134.87,3061597,130513.0,193025.0,3163.0,3163.0,3108.0,3134.3,31844200,3447.7,2820.9,3839.9,2896.0,3143.0,14,1,3142.9,39,5,3142.8,95,6,3142.7,56,6,3142.6,66,3,3143.3,30,2,3143.8,15,2,3144.2,417,3,3144.3,56,1,3144.4,107,2
2031,2026-06-16 14:53:57+05:30,3142.8,1,3134.87,3061597,130513.0,193025.0,3163.0,3163.0,3108.0,3134.3,31844200,3447.7,2820.9,3839.9,2896.0,3143.0,14,1,3142.9,39,5,3142.8,95,6,3142.7,56,6,3142.6,66,3,3143.3,30,2,3143.8,15,2,3144.2,417,3,3144.3,56,1,3144.4,107,2
2031,2026-06-16 14:53:57+05:30,3142.8,1,3134.87,3061597,130513.0,193025.0,3163.0,3163.0,3108.0,3134.3,31844200,3447.7,2820.9,3839.9,2896.0,3143.0,14,1,3142.9,39,5,3142.8,95,6,3142.7,56,6,3142.6,66,3,3143.3,30,2,3143.8,15,2,3144.2,417,3,3144.3,56,1,3144.4,107,2
2031,2026-06-16 14:53:57+05:30,3142.8,1,3134.87,3061597,130513.0,193025.0,3163.0,3163.0,3108.0,3134.3,31844200,3447.7,2820.9,3839.9,2896.0,3143.0,14,1,3142.9,39,5,3142.8,95,6,3142.7,56,6,3142.6,66,3,3143.3,30,2,3143.8,15,2,3144.2,417,3,3144.3,56,1,3144.4,107,2
2031,2026-06-16 14:53:58+05:30,3143.3,1,3134.87,3061598,130120.0,193327.0,3163.0,3163.0,3108.0,3134.3,31844200,3447.7,2820.9,3839.9,2896.0,3142.9,14,1,3142.8,24,2,3142.7,73,6,3142.6,55,3,3142.5,62,4,3143.3,51,3,3143.8,15,2,3144.1,71,2,3144.2,417,3,3144.3,56,1
2031,2026-06-16 14:53:58+05:30,3142.9,3,3134.87,3061598,130120.0,193327.0,3163.0,3163.0,3108.0,3134.3,31844200,3447.7,2820.9,3839.9,2896.0,3142.9,14,1,3142.8,24,2,3142.7,73,6,3142.6,55,3,3142.5,62,4,3143.3,51,3,3143.8,15,2,3144.1,71,2,3144.2,417,3,3144.3,56,1
2031,2026-06-16 14:53:58+05:30,3142.9,3,3134.87,3061598,130120.0,193327.0,3163.0,3163.0,3108.0,3134.3,31844200,3447.7,2820.9,3839.9,2896.0,3142.9,14,1,3142.8,24,2,3142.7,73,6,3142.6,55,3,3142.5,62,4,3143.3,51,3,3143.8,15,2,3144.1,71,2,3144.2,417,3,3144.3,56,1
2031,2026-06-16 14:53:59+05:30,3142.9,3,3134.87,3061601,130213.0,193445.0,3163.0,3163.0,3108.0,3134.3,31844200,3447.7,2820.9,3839.9,2896.0,3143.0,100,1,3142.8,50,4,3142.7,37,3,3142.6,41,3,3142.5,62,4,3143.3,57,4,3143.4,71,1,3143.8,15,2,3144.1,71,2,3144.2,417,3
2031,2026-06-16 14:53:59+05:30,3142.9,3,3134.87,3061601,130213.0,193445.0,3163.0,3163.0,3108.0,3134.3,31844200,3447.7,2820.9,3839.9,2896.0,3143.0,100,1,3142.8,50,4,3142.7,37,3,3142.6,41,3,3142.5,62,4,3143.3,57,4,3143.4,71,1,3143.8,15,2,3144.1,71,2,3144.2,417,3
2031,2026-06-16 14:54:00+05:30,3143.3,9,3134.87,3061618,130168.0,193432.0,3163.0,3163.0,3108.0,3134.3,31844200,3447.7,2820.9,3839.9,2896.0,3143.0,108,2,3142.8,34,3,3142.7,37,3,3142.6,23,2,3142.5,80,5,3143.3,41,4,3143.4,71,1,3143.8,15,2,3144.1,71,2,3144.2,417,3
2031,2026-06-16 14:54:00+05:30,3143.3,9,3134.87,3061618,130168.0,193432.0,3163.0,3163.0,3108.0,3134.3,31844200,3447.7,2820.9,3839.9,2896.0,3143.0,108,2,3142.8,34,3,3142.7,37,3,3142.6,23,2,3142.5,80,5,3143.3,41,4,3143.4,71,1,3143.8,15,2,3144.1,71,2,3144.2,417,3
2031,2026-06-16 14:54:00+05:30,3143.3,9,3134.87,3061618,130168.0,193432.0,3163.0,3163.0,3108.0,3134.3,31855000,3447.7,2820.9,3839.9,2896.0,3143.0,108,2,3142.8,34,3,3142.7,37,3,3142.6,23,2,3142.5,80,5,3143.3,41,4,3143.4,71,1,3143.8,15,2,3144.1,71,2,3144.2,417,3
2031,2026-06-16 14:54:01+05:30,3143.3,1,3134.87,3061860,130139.0,193111.0,3163.0,3163.0,3108.0,3134.3,31855000,3447.7,2820.9,3839.9,2896.0,3143.2,5,3,3143.0,55,6,3142.9,17,2,3142.8,34,4,3142.7,51,3,3143.3,21,1,3143.4,71,1,3143.8,15,2,3144.2,417,3,3144.3,56,1
2031,2026-06-16 14:54:01+05:30,3143.3,1,3134.87,3061860,130139.0,193111.0,3163.0,3163.0,3108.0,3134.3,31855000,3447.7,2820.9,3839.9,2896.0,3143.2,5,3,3143.0,55,6,3142.9,17,2,3142.8,34,4,3142.7,51,3,3143.3,21,1,3143.4,71,1,3143.8,15,2,3144.2,417,3,3144.3,56,1
2031,2026-06-16 14:54:02+05:30,3143.0,1,3134.87,3062036,130083.0,193645.0,3163.0,3163.0,3108.0,3134.3,31855000,3447.7,2820.9,3839.9,2896.0,3143.0,120,5,3142.9,1,1,3142.8,3,1,3142.7,38,2,3142.6,81,4,3143.3,96,2,3143.4,71,1,3143.8,15,2,3144.2,417,3,3144.3,56,1
2031,2026-06-16 14:54:02+05:30,3143.0,1,3134.87,3062036,130083.0,193645.0,3163.0,3163.0,3108.0,3134.3,31855000,3447.7,2820.9,3839.9,2896.0,3143.0,120,5,3142.9,1,1,3142.8,3,1,3142.7,38,2,3142.6,81,4,3143.3,96,2,3143.4,71,1,3143.8,15,2,3144.2,417,3,3144.3,56,1
2031,2026-06-16 14:54:03+05:30,3143.0,72,3134.87,3062116,130005.0,193712.0,3163.0,3163.0,3108.0,3134.3,31855000,3447.7,2820.9,3839.9,2896.0,3143.0,61,5,3142.9,1,1,3142.8,3,1,3142.7,21,1,3142.6,81,4,3143.3,163,6,3143.4,71,1,3143.8,15,2,3144.2,417,3,3144.3,56,1
2031,2026-06-16 14:54:03+05:30,3143.0,2,3134.87,3062116,130005.0,193712.0,3163.0,3163.0,3108.0,3134.3,31855000,3447.7,2820.9,3839.9,2896.0,3143.0,61,5,3142.9,1,1,3142.8,3,1,3142.7,21,1,3142.6,81,4,3143.3,163,6,3143.4,71,1,3143.8,15,2,3144.2,417,3,3144.3,56,1
2031,2026-06-16 14:54:04+05:30,3143.0,2,3134.87,3062118,130050.0,193743.0,3163.0,3163.0,3108.0,3134.3,31855000,3447.7,2820.9,3839.9,2896.0,3143.1,2,1,3143.0,69,6,3142.9,6,2,3142.8,18,1,3142.6,27,3,3143.2,65,1,3143.3,163,6,3143.4,71,1,3143.8,15,2,3144.0,2,1
2031,2026-06-16 14:54:04+05:30,3143.2,1,3134.87,3062118,130050.0,193743.0,3163.0,3163.0,3108.0,3134.3,31855000,3447.7,2820.9,3839.9,2896.0,3143.1,2,1,3143.0,69,6,3142.9,6,2,3142.8,18,1,3142.6,27,3,3143.2,65,1,3143.3,163,6,3143.4,71,1,3143.8,15,2,3144.0,2,1
2031,2026-06-16 14:54:05+05:30,3143.2,1,3134.87,3062119,130051.0,193734.0,3163.0,3163.0,3108.0,3134.3,31855000,3447.7,2820.9,3839.9,2896.0,3143.1,2,1,3143.0,69,6,3142.9,1,1,3142.8,24,2,3142.6,27,3,3143.2,90,3,3143.3,137,4,3143.4,71,1,3143.8,15,2,3144.0,2,1
2031,2026-06-16 14:54:06+05:30,3143.2,1,3134.87,3062268,130020.0,193646.0,3163.0,3163.0,3108.0,3134.3,31855000,3447.7,2820.9,3839.9,2896.0,3143.1,2,1,3143.0,36,4,3142.7,18,1,3142.6,23,2,3142.5,114,4,3143.2,6,1,3143.3,137,4,3143.4,71,1,3143.8,15,2,3144.0,2,1
2031,2026-06-16 14:54:06+05:30,3143.2,1,3134.87,3062268,130020.0,193646.0,3163.0,3163.0,3108.0,3134.3,31855000,3447.7,2820.9,3839.9,2896.0,3143.1,2,1,3143.0,36,4,3142.7,18,1,3142.6,23,2,3142.5,114,4,3143.2,6,1,3143.3,137,4,3143.4,71,1,3143.8,15,2,3144.0,2,1
2031,2026-06-16 14:54:07+05:30,3143.2,5,3134.87,3062284,130031.0,193675.0,3163.0,3163.0,3108.0,3134.3,31855000,3447.7,2820.9,3839.9,2896.0,3143.0,27,3,3142.8,16,1,3142.6,36,3,3142.5,114,4,3142.4,196,4,3143.2,1,1,3143.3,137,4,3143.4,71,1,3143.8,14,1,3144.0,2,1
2031,2026-06-16 14:54:07+05:30,3143.2,5,3134.87,3062284,130031.0,193675.0,3163.0,3163.0,3108.0,3134.3,31855000,3447.7,2820.9,3839.9,2896.0,3143.0,27,3,3142.8,16,1,3142.6,36,3,3142.5,114,4,3142.4,196,4,3143.2,1,1,3143.3,137,4,3143.4,71,1,3143.8,14,1,3144.0,2,1
2031,2026-06-16 14:54:08+05:30,3143.0,5,3134.87,3062322,129799.0,193624.0,3163.0,3163.0,3108.0,3134.3,31855000,3447.7,2820.9,3839.9,2896.0,3143.0,122,5,3142.9,5,1,3142.8,24,2,3142.6,49,4,3142.5,96,3,3143.2,60,2,3143.3,137,4,3143.4,71,1,3143.8,14,1,3144.0,2,1
2031,2026-06-16 14:54:08+05:30,3143.0,2,3134.87,3062322,129799.0,193624.0,3163.0,3163.0,3108.0,3134.3,31855000,3447.7,2820.9,3839.9,2896.0,3143.0,122,5,3142.9,5,1,3142.8,24,2,3142.6,49,4,3142.5,96,3,3143.2,60,2,3143.3,137,4,3143.4,71,1,3143.8,14,1,3144.0,2,1
2031,2026-06-16 14:54:09+05:30,3143.0,2,3134.87,3062324,130191.0,193638.0,3163.0,3163.0,3108.0,3134.3,31855000,3447.7,2820.9,3839.9,2896.0,3143.1,7,1,3143.0,112,4,3142.9,5,1,3142.8,66,4,3142.6,54,4,3143.2,74,3,3143.3,137,4,3143.4,71,1,3143.8,14,1,3144.0,2,1
2031,2026-06-16 14:54:10+05:30,3143.4,70,3134.87,3062880,131751.0,192754.0,3163.0,3163.0,3108.0,3134.3,31855000,3447.7,2820.9,3839.9,2896.0,3143.3,45,4,3143.2,31,2,3143.1,78,6,3143.0,218,9,3142.9,62,3,3143.8,14,1,3144.2,417,3,3144.4,86,1,3144.5,332,2,3144.6,200,1
2031,2026-06-16 14:54:10+05:30,3143.8,5,3134.87,3062880,131751.0,192754.0,3163.0,3163.0,3108.0,3134.3,31855000,3447.7,2820.9,3839.9,2896.0,3143.3,45,4,3143.2,31,2,3143.1,78,6,3143.0,218,9,3142.9,62,3,3143.8,14,1,3144.2,417,3,3144.4,86,1,3144.5,332,2,3144.6,200,1
2031,2026-06-16 14:54:11+05:30,3143.8,1,3134.87,3062887,132400.0,192805.0,3163.0,3163.0,3108.0,3134.3,31855000,3447.7,2820.9,3839.9,2896.0,3143.4,68,4,3143.3,95,5,3143.2,113,5,3143.1,213,7,3143.0,234,8,3144.2,417,3,3144.4,86,1,3144.5,332,2,3144.6,256,2,3144.7,30,3
2031,2026-06-16 14:54:11+05:30,3143.8,1,3134.87,3062887,132400.0,192805.0,3163.0,3163.0,3108.0,3134.3,31855000,3447.7,2820.9,3839.9,2896.0,3143.4,68,4,3143.3,95,5,3143.2,113,5,3143.1,213,7,3143.0,234,8,3144.2,417,3,3144.4,86,1,3144.5,332,2,3144.6,256,2,3144.7,30,3
2031,2026-06-16 14:54:12+05:30,3144.2,24,3134.87,3062988,133021.0,191541.0,3163.0,3163.0,3108.0,3134.3,31855000,3447.7,2820.9,3839.9,2896.0,3144.2,60,7,3143.8,19,2,3143.7,24,2,3143.6,17,1,3143.5,83,3,3144.7,29,2,3144.8,213,2,3145.0,140,3,3145.1,4,1,3145.2,56,1
2031,2026-06-16 14:54:12+05:30,3144.2,24,3134.87,3062988,133021.0,191541.0,3163.0,3163.0,3108.0,3134.3,31855000,3447.7,2820.9,3839.9,2896.0,3144.2,60,7,3143.8,19,2,3143.7,24,2,3143.6,17,1,3143.5,83,3,3144.7,29,2,3144.8,213,2,3145.0,140,3,3145.1,4,1,3145.2,56,1
2031,2026-06-16 14:54:13+05:30,3144.6,12,3134.88,3063025,133126.0,191163.0,3163.0,3163.0,3108.0,3134.3,31855000,3447.7,2820.9,3839.9,2896.0,3144.4,13,1,3144.2,77,8,3144.0,18,2,3143.9,21,1,3143.8,122,6,3144.6,96,1,3144.7,29,2,3144.8,213,2,3145.0,140,3,3145.1,4,1
2031,2026-06-16 14:54:13+05:30,3144.6,13,3134.88,3063025,133126.0,191163.0,3163.0,3163.0,3108.0,3134.3,31855000,3447.7,2820.9,3839.9,2896.0,3144.4,13,1,3144.2,77,8,3144.0,18,2,3143.9,21,1,3143.8,122,6,3144.6,96,1,3144.7,29,2,3144.8,213,2,3145.0,140,3,3145.1,4,1
2031,2026-06-16 14:54:14+05:30,3144.6,13,3134.88,3063166,132688.0,191115.0,3163.0,3163.0,3108.0,3134.3,31855000,3447.7,2820.9,3839.9,2896.0,3144.5,38,2,3144.2,58,7,3144.0,1,1,3143.9,82,4,3143.8,67,3,3144.6,83,1,3144.7,29,2,3144.8,213,2,3145.0,140,3,3145.1,4,1
2031,2026-06-16 14:54:14+05:30,3144.5,1,3134.88,3063166,132688.0,191115.0,3163.0,3163.0,3108.0,3134.3,31855000,3447.7,2820.9,3839.9,2896.0,3144.5,38,2,3144.2,58,7,3144.0,1,1,3143.9,82,4,3143.8,67,3,3144.6,83,1,3144.7,29,2,3144.8,213,2,3145.0,140,3,3145.1,4,1
2031,2026-06-16 14:54:14+05:30,3144.5,1,3134.88,3063167,132681.0,189113.0,3163.0,3163.0,3108.0,3134.3,31855000,3447.7,2820.9,3839.9,2896.0,3144.5,38,3,3144.2,74,8,3144.0,1,1,3143.9,38,2,3143.8,67,3,3144.6,83,1,3144.8,200,1,3145.0,140,3,3145.1,4,1,3145.3,417,3
2031,2026-06-16 14:54:16+05:30,3144.6,84,3134.88,3063408,132682.0,190618.0,3163.0,3163.0,3108.0,3134.3,31855000,3447.7,2820.9,3839.9,2896.0,3144.6,16,3,3144.5,14,3,3144.4,2,1,3144.2,58,7,3144.1,11,1,3144.8,200,1,3145.0,140,3,3145.1,4,1,3145.6,454,5,3145.7,94,2
2031,2026-06-16 14:54:16+05:30,3144.6,84,3134.88,3063408,132682.0,190618.0,3163.0,3163.0,3108.0,3134.3,31855000,3447.7,2820.9,3839.9,2896.0,3144.6,16,3,3144.5,14,3,3144.4,2,1,3144.2,58,7,3144.1,11,1,3144.8,200,1,3145.0,140,3,3145.1,4,1,3145.6,454,5,3145.7,94,2
2031,2026-06-16 14:54:16+05:30,3144.6,9,3134.88,3063417,133180.0,190739.0,3163.0,3163.0,3108.0,3134.3,31855000,3447.7,2820.9,3839.9,2896.0,3144.6,10,4,3144.5,14,3,3144.4,2,1,3144.2,75,8,3144.1,28,2,3144.8,261,2,3145.0,140,3,3145.1,4,1,3145.6,418,4,3145.7,56,1
2031,2026-06-16 14:54:17+05:30,3144.8,10,3134.88,3063417,133180.0,190739.0,3163.0,3163.0,3108.0,3134.3,31855000,3447.7,2820.9,3839.9,2896.0,3144.6,10,4,3144.5,14,3,3144.4,2,1,3144.2,75,8,3144.1,28,2,3144.8,261,2,3145.0,140,3,3145.1,4,1,3145.6,418,4,3145.7,56,1
2031,2026-06-16 14:54:18+05:30,3144.8,10,3134.88,3063847,133309.0,190619.0,3163.0,3163.0,3108.0,3134.3,31855000,3447.7,2820.9,3839.9,2896.0,3144.8,8,2,3144.7,2,1,3144.6,21,4,3144.5,2,2,3144.4,11,2,3145.0,69,1,3145.1,4,1,3145.6,417,3,3145.8,143,3,3145.9,583,5
2031,2026-06-16 14:54:18+05:30,3144.8,2,3134.88,3063847,133309.0,190619.0,3163.0,3163.0,3108.0,3134.3,31855000,3447.7,2820.9,3839.9,2896.0,3144.8,8,2,3144.7,2,1,3144.6,21,4,3144.5,2,2,3144.4,11,2,3145.0,69,1,3145.1,4,1,3145.6,417,3,3145.8,143,3,3145.9,583,5
2031,2026-06-16 14:54:19+05:30,3144.8,2,3134.88,3063926,133164.0,190779.0,3163.0,3163.0,3108.0,3134.3,31855000,3447.7,2820.9,3839.9,2896.0,3144.8,12,2,3144.7,20,2,3144.6,5,3,3144.5,2,2,3144.4,2,1,3145.0,142,2,3145.1,45,3,3145.4,29,1,3145.5,75,3,3145.6,512,5
2031,2026-06-16 14:54:20+05:30,3145.0,10,3134.88,3063926,133164.0,190779.0,3163.0,3163.0,3108.0,3134.3,31855000,3447.7,2820.9,3839.9,2896.0,3144.8,12,2,3144.7,20,2,3144.6,5,3,3144.5,2,2,3144.4,2,1,3145.0,142,2,3145.1,45,3,3145.4,29,1,3145.5,75,3,3145.6,512,5
2031,2026-06-16 14:54:20+05:30,3145.0,10,3134.88,3064111,133338.0,190729.0,3163.0,3163.0,3108.0,3134.3,31855000,3447.7,2820.9,3839.9,2896.0,3144.8,12,2,3144.7,2,1,3144.6,5,3,3144.5,1,1,3144.4,16,2,3145.0,56,3,3145.1,30,2,3145.2,19,1,3145.4,29,1,3145.5,75,3
2031,2026-06-16 14:54:21+05:30,3145.0,2,3134.88,3064164,132752.0,190550.0,3163.0,3163.0,3108.0,3134.3,31855000,3447.7,2820.9,3839.9,2896.0,3144.6,17,2,3144.5,1,1,3144.4,15,1,3143.9,21,1,3143.8,58,2,3144.9,14,1,3145.0,64,4,3145.1,43,3,3145.2,57,2,3145.4,103,3
2031,2026-06-16 14:54:21+05:30,3145.0,2,3134.88,3064164,132752.0,190550.0,3163.0,3163.0,3108.0,3134.3,31855000,3447.7,2820.9,3839.9,2896.0,3144.6,17,2,3144.5,1,1,3144.4,15,1,3143.9,21,1,3143.8,58,2,3144.9,14,1,3145.0,64,4,3145.1,43,3,3145.2,57,2,3145.4,103,3
2031,2026-06-16 14:54:22+05:30,3144.9,34,3134.88,3064409,132548.0,190861.0,3163.0,3163.0,3108.0,3134.3,31855000,3447.7,2820.9,3839.9,2896.0,3144.4,16,1,3143.7,84,2,3143.6,94,4,3143.5,95,4,3143.4,46,2,3145.0,70,5,3145.1,5,2,3145.2,93,3,3145.3,38,1,3145.4,106,5
2031,2026-06-16 14:54:22+05:30,3144.9,34,3134.88,3064409,132548.0,190861.0,3163.0,3163.0,3108.0,3134.3,31855000,3447.7,2820.9,3839.9,2896.0,3144.4,16,1,3143.7,84,2,3143.6,94,4,3143.5,95,4,3143.4,46,2,3145.0,70,5,3145.1,5,2,3145.2,93,3,3145.3,38,1,3145.4,106,5
2031,2026-06-16 14:54:23+05:30,3145.0,1,3134.88,3064409,132548.0,190861.0,3163.0,3163.0,3108.0,3134.3,31855000,3447.7,2820.9,3839.9,2896.0,3144.4,16,1,3143.7,84,2,3143.6,94,4,3143.5,95,4,3143.4,46,2,3145.0,70,5,3145.1,5,2,3145.2,93,3,3145.3,38,1,3145.4,106,5
2031,2026-06-16 14:54:23+05:30,3145.0,1,3134.88,3064410,132680.0,190757.0,3163.0,3163.0,3108.0,3134.3,31855000,3447.7,2820.9,3839.9,2896.0,3143.6,121,6,3143.5,124,5,3143.4,33,3,3143.3,109,4,3143.2,99,4,3144.4,1,1,3144.8,2,1,3145.0,59,4,3145.1,65,3,3145.2,113,4
2031,2026-06-16 14:54:24+05:30,3145.0,26,3134.88,3064410,132680.0,190757.0,3163.0,3163.0,3108.0,3134.3,31855000,3447.7,2820.9,3839.9,2896.0,3143.6,121,6,3143.5,124,5,3143.4,33,3,3143.3,109,4,3143.2,99,4,3144.4,1,1,3144.8,2,1,3145.0,59,4,3145.1,65,3,3145.2,113,4
2031,2026-06-16 14:54:24+05:30,3145.0,26,3134.88,3064466,133006.0,191264.0,3163.0,3163.0,3108.0,3134.3,31855000,3447.7,2820.9,3839.9,2896.0,3143.7,68,2,3143.6,121,6,3143.5,125,6,3143.4,215,3,3143.3,109,4,3145.0,6,1,3145.1,4,1,3145.2,57,2,3145.4,129,6,3145.5,15,2
2031,2026-06-16 14:54:25+05:30,3143.8,10,3134.88,3064466,133006.0,191264.0,3163.0,3163.0,3108.0,3134.3,31855000,3447.7,2820.9,3839.9,2896.0,3143.7,68,2,3143.6,121,6,3143.5,125,6,3143.4,215,3,3143.3,109,4,3145.0,6,1,3145.1,4,1,3145.2,57,2,3145.4,129,6,3145.5,15,2
2031,2026-06-16 14:54:25+05:30,3143.8,10,3134.88,3064476,134236.0,190107.0,3163.0,3163.0,3108.0,3134.3,31855000,3447.7,2820.9,3839.9,2896.0,3144.8,290,1,3144.2,21,3,3144.1,34,2,3144.0,31,2,3143.9,21,1,3145.0,92,2,3145.1,4,1,3145.5,7,1,3145.6,417,3,3145.7,6,1
2031,2026-06-16 14:54:26+05:30,3143.8,10,3134.88,3064476,134290.0,190208.0,3163.0,3163.0,3108.0,3134.3,31855000,3447.7,2820.9,3839.9,2896.0,3144.8,327,2,3144.2,21,3,3144.1,90,3,3144.0,31,2,3143.9,21,1,3145.0,130,3,3145.1,4,1,3145.5,7,1,3145.6,417,3,3145.7,6,1
2031,2026-06-16 14:54:27+05:30,3145.7,35,3134.88,3065185,134638.0,190101.0,3163.0,3163.0,3108.0,3134.3,31855000,3447.7,2820.9,3839.9,2896.0,3144.8,318,2,3144.5,21,1,3144.4,46,3,3144.3,38,2,3144.1,113,4,3145.9,50,3,3146.0,249,5,3146.1,62,4,3146.2,659,7,3146.4,291,6
2031,2026-06-16 14:54:27+05:30,3145.7,35,3134.88,3065185,134638.0,190101.0,3163.0,3163.0,3108.0,3134.3,31855000,3447.7,2820.9,3839.9,2896.0,3144.8,318,2,3144.5,21,1,3144.4,46,3,3144.3,38,2,3144.1,113,4,3145.9,50,3,3146.0,249,5,3146.1,62,4,3146.2,659,7,3146.4,291,6
2031,2026-06-16 14:54:28+05:30,3144.8,2,3134.88,3065264,134569.0,190213.0,3163.0,3163.0,3108.0,3134.3,31855000,3447.7,2820.9,3839.9,2896.0,3144.8,240,2,3144.5,21,1,3144.4,3,1,3144.3,22,1,3144.1,76,2,3145.9,124,7,3146.0,212,4,3146.1,42,2,3146.2,660,8,3146.3,200,1
2031,2026-06-16 14:54:28+05:30,3144.8,2,3134.88,3065264,134569.0,190213.0,3163.0,3163.0,3108.0,3134.3,31855000,3447.7,2820.9,3839.9,2896.0,3144.8,240,2,3144.5,21,1,3144.4,3,1,3144.3,22,1,3144.1,76,2,3145.9,124,7,3146.0,212,4,3146.1,42,2,3146.2,660,8,3146.3,200,1
2031,2026-06-16 14:54:29+05:30,3145.7,22,3134.88,3065300,134554.0,190507.0,3163.0,3163.0,3108.0,3134.3,31855000,3447.7,2820.9,3839.9,2896.0,3144.8,240,2,3144.5,21,1,3144.4,3,1,3144.3,70,2,3144.1,80,3,3145.7,204,3,3145.8,37,1,3145.9,166,6,3146.0,268,8,3146.1,667,5
2031,2026-06-16 14:54:30+05:30,3144.8,44,3134.88,3065300,134554.0,190507.0,3163.0,3163.0,3108.0,3134.3,31855000,3447.7,2820.9,3839.9,2896.0,3144.8,240,2,3144.5,21,1,3144.4,3,1,3144.3,70,2,3144.1,80,3,3145.7,204,3,3145.8,37,1,3145.9,166,6,3146.0,268,8,3146.1,667,5
2031,2026-06-16 14:54:30+05:30,3145.6,1,3134.88,3065363,134564.0,190132.0,3163.0,3163.0,3108.0,3134.3,31855000,3447.7,2820.9,3839.9,2896.0,3144.8,203,4,3144.5,21,1,3144.4,3,1,3144.3,92,3,3144.1,94,4,3145.6,34,3,3145.7,211,4,3145.8,37,1,3145.9,141,5,3146.0,249,7
2031,2026-06-16 14:54:31+05:30,3145.6,1,3134.88,3065363,134564.0,190132.0,3163.0,3163.0,3108.0,3134.3,31855000,3447.7,2820.9,3839.9,2896.0,3144.8,203,4,3144.5,21,1,3144.4,3,1,3144.3,92,3,3144.1,94,4,3145.6,34,3,3145.7,211,4,3145.8,37,1,3145.9,141,5,3146.0,249,7
2031,2026-06-16 14:54:31+05:30,3145.6,1,3134.88,3065363,133781.0,190675.0,3163.0,3163.0,3108.0,3134.3,31855000,3447.7,2820.9,3839.9,2896.0,3145.2,2,2,3145.1,1,1,3144.8,221,5,3144.5,21,1,3144.4,3,1,3145.6,141,5,3145.7,124,4,3145.8,66,2,3145.9,124,6,3146.0,213,6
2031,2026-06-16 14:54:32+05:30,3145.6,2,3134.88,3065363,133781.0,190675.0,3163.0,3163.0,3108.0,3134.3,31855000,3447.7,2820.9,3839.9,2896.0,3145.2,2,2,3145.1,1,1,3144.8,221,5,3144.5,21,1,3144.4,3,1,3145.6,141,5,3145.7,124,4,3145.8,66,2,3145.9,124,6,3146.0,213,6
2031,2026-06-16 14:54:32+05:30,3145.6,2,3134.88,3065636,134312.0,189613.0,3163.0,3163.0,3108.0,3134.3,31855000,3447.7,2820.9,3839.9,2896.0,3145.6,35,4,3145.2,44,3,3145.1,1,1,3145.0,6,1,3144.9,36,2,3145.7,71,2,3145.9,46,3,3146.0,101,2,3146.2,29,1,3146.3,668,5
2031,2026-06-16 14:54:33+05:30,3145.6,1,3134.88,3065636,134312.0,189613.0,3163.0,3163.0,3108.0,3134.3,31855000,3447.7,2820.9,3839.9,2896.0,3145.6,35,4,3145.2,44,3,3145.1,1,1,3145.0,6,1,3144.9,36,2,3145.7,71,2,3145.9,46,3,3146.0,101,2,3146.2,29,1,3146.3,668,5
2031,2026-06-16 14:54:33+05:30,3145.6,1,3134.88,3065639,134556.0,189659.0,3163.0,3163.0,3108.0,3134.3,31855000,3447.7,2820.9,3839.9,2896.0,3145.6,36,4,3145.5,15,1,3145.2,44,3,3145.1,10,2,3145.0,9,2,3145.7,70,2,3145.9,12,1,3146.0,101,2,3146.5,15,1,3146.6,49,1
2031,2026-06-16 14:54:34+05:30,3145.6,1,3134.88,3065639,134581.0,189861.0,3163.0,3163.0,3108.0,3134.3,31855000,3447.7,2820.9,3839.9,2896.0,3145.6,80,6,3145.5,15,1,3145.2,44,3,3145.1,27,3,3145.0,26,3,3145.7,227,4,3145.9,12,1,3146.0,101,2,3146.5,16,2,3146.6,49,1
2031,2026-06-16 14:54:35+05:30,3145.6,2,3134.88,3065639,134581.0,189861.0,3163.0,3163.0,3108.0,3134.3,31855000,3447.7,2820.9,3839.9,2896.0,3145.6,80,6,3145.5,15,1,3145.2,44,3,3145.1,27,3,3145.0,26,3,3145.7,227,4,3145.9,12,1,3146.0,101,2,3146.5,16,2,3146.6,49,1
2031,2026-06-16 14:54:35+05:30,3145.6,2,3134.88,3065810,134598.0,189825.0,3163.0,3163.0,3108.0,3134.3,31855000,3447.7,2820.9,3839.9,2896.0,3145.6,79,7,3145.2,44,3,3145.1,31,3,3145.0,26,3,3144.9,90,3,3145.7,128,3,3145.8,58,1,3145.9,12,1,3146.0,101,2,3146.5,72,3
2031,2026-06-16 14:54:36+05:30,3145.6,4,3134.88,3065810,134598.0,189825.0,3163.0,3163.0,3108.0,3134.3,31855000,3447.7,2820.9,3839.9,2896.0,3145.6,79,7,3145.2,44,3,3145.1,31,3,3145.0,26,3,3144.9,90,3,3145.7,128,3,3145.8,58,1,3145.9,12,1,3146.0,101,2,3146.5,72,3
2031,2026-06-16 14:54:36+05:30,3145.6,1,3134.88,3065822,134584.0,189843.0,3163.0,3163.0,3108.0,3134.3,31855000,3447.7,2820.9,3839.9,2896.0,3145.6,83,9,3145.2,42,1,3145.1,47,3,3145.0,9,2,3144.9,90,3,3145.7,127,3,3145.8,58,1,3145.9,12,1,3146.0,101,2,3146.5,72,3
2031,2026-06-16 14:54:37+05:30,3145.7,62,3134.89,3066133,134698.0,189492.0,3163.0,3163.0,3108.0,3134.3,31855000,3447.7,2820.9,3839.9,2896.0,3145.7,12,2,3145.6,62,5,3145.2,42,1,3145.1,14,1,3145.0,6,2,3145.8,58,1,3145.9,12,1,3146.0,101,2,3146.3,29,1,3146.4,38,1
2031,2026-06-16 14:54:37+05:30,3145.7,62,3134.89,3066133,134698.0,189492.0,3163.0,3163.0,3108.0,3134.3,31855000,3447.7,2820.9,3839.9,2896.0,3145.7,12,2,3145.6,62,5,3145.2,42,1,3145.1,14,1,3145.0,6,2,3145.8,58,1,3145.9,12,1,3146.0,101,2,3146.3,29,1,3146.4,38,1
2031,2026-06-16 14:54:38+05:30,3145.8,36,3134.89,3066133,134698.0,189492.0,3163.0,3163.0,3108.0,3134.3,31855000,3447.7,2820.9,3839.9,2896.0,3145.7,12,2,3145.6,62,5,3145.2,42,1,3145.1,14,1,3145.0,6,2,3145.8,58,1,3145.9,12,1,3146.0,101,2,3146.3,29,1,3146.4,38,1
2031,2026-06-16 14:54:38+05:30,3145.8,57,3134.89,3066293,134711.0,189376.0,3163.0,3163.0,3108.0,3134.3,31855000,3447.7,2820.9,3839.9,2896.0,3145.8,16,1,3145.7,52,3,3145.6,46,4,3145.4,13,1,3145.2,42,1,3145.9,12,1,3146.0,101,2,3146.3,29,1,3146.5,54,2,3146.6,85,2
2031,2026-06-16 14:54:39+05:30,3145.7,28,3134.89,3066369,135689.0,189493.0,3163.0,3163.0,3108.0,3134.3,31855000,3447.7,2820.9,3839.9,2896.0,3145.7,26,3,3145.6,63,5,3145.4,13,1,3145.2,42,1,3145.1,77,2,3145.9,12,1,3146.0,101,2,3146.1,19,1,3146.3,29,1,3146.4,36,1
2031,2026-06-16 14:54:39+05:30,3145.7,28,3134.89,3066369,135689.0,189493.0,3163.0,3163.0,3108.0,3134.3,31855000,3447.7,2820.9,3839.9,2896.0,3145.7,26,3,3145.6,63,5,3145.4,13,1,3145.2,42,1,3145.1,77,2,3145.9,12,1,3146.0,101,2,3146.1,19,1,3146.3,29,1,3146.4,36,1
2031,2026-06-16 14:54:39+05:30,3145.7,28,3134.89,3066369,135689.0,189493.0,3163.0,3163.0,3108.0,3134.3,31855000,3447.7,2820.9,3839.9,2896.0,3145.7,26,3,3145.6,63,5,3145.4,13,1,3145.2,42,1,3145.1,77,2,3145.9,12,1,3146.0,101,2,3146.1,19,1,3146.3,29,1,3146.4,36,1
2031,2026-06-16 14:54:40+05:30,3145.9,8,3134.89,3066428,135563.0,189612.0,3163.0,3163.0,3108.0,3134.3,31855000,3447.7,2820.9,3839.9,2896.0,3145.7,6,1,3145.6,62,4,3145.4,13,1,3145.2,42,1,3145.1,21,1,3145.9,3,1,3146.0,126,3,3146.4,36,1,3146.5,92,3,3146.6,285,3
2031,2026-06-16 14:54:40+05:30,3145.9,8,3134.89,3066428,135563.0,189612.0,3163.0,3163.0,3108.0,3134.3,31855000,3447.7,2820.9,3839.9,2896.0,3145.7,6,1,3145.6,62,4,3145.4,13,1,3145.2,42,1,3145.1,21,1,3145.9,3,1,3146.0,126,3,3146.4,36,1,3146.5,92,3,3146.6,285,3
2031,2026-06-16 14:54:41+05:30,3145.9,8,3134.89,3066428,135843.0,189570.0,3163.0,3163.0,3108.0,3134.3,31855000,3447.7,2820.9,3839.9,2896.0,3145.8,2,2,3145.7,113,4,3145.6,43,1,3145.4,13,1,3145.2,52,2,3145.9,9,2,3146.0,126,3,3146.5,15,1,3146.7,63,2,3146.8,106,3
2031,2026-06-16 14:54:41+05:30,3145.9,8,3134.89,3066428,135843.0,189570.0,3163.0,3163.0,3108.0,3134.3,31855000,3447.7,2820.9,3839.9,2896.0,3145.8,2,2,3145.7,113,4,3145.6,43,1,3145.4,13,1,3145.2,52,2,3145.9,9,2,3146.0,126,3,3146.5,15,1,3146.7,63,2,3146.8,106,3
2031,2026-06-16 14:54:42+05:30,3145.9,8,3134.89,3066428,135832.0,189498.0,3163.0,3163.0,3108.0,3134.3,31855000,3447.7,2820.9,3839.9,2896.0,3145.8,43,3,3145.7,113,4,3145.6,43,1,3145.4,13,1,3145.2,10,1,3145.9,9,2,3146.0,126,3,3146.5,15,1,3146.8,91,3,3146.9,732,6
2031,2026-06-16 14:54:43+05:30,3145.7,15,3134.89,3066628,135603.0,189639.0,3163.0,3163.0,3108.0,3134.3,31855000,3447.7,2820.9,3839.9,2896.0,3145.7,21,2,3145.6,43,1,3145.4,13,1,3145.1,89,3,3145.0,35,5,3145.8,1,1,3145.9,9,2,3146.0,127,4,3146.5,51,2,3146.7,123,4
2031,2026-06-16 14:54:43+05:30,3145.7,4,3134.89,3066628,135603.0,189639.0,3163.0,3163.0,3108.0,3134.3,31855000,3447.7,2820.9,3839.9,2896.0,3145.7,21,2,3145.6,43,1,3145.4,13,1,3145.1,89,3,3145.0,35,5,3145.8,1,1,3145.9,9,2,3146.0,127,4,3146.5,51,2,3146.7,123,4
2031,2026-06-16 14:54:43+05:30,3145.7,4,3134.89,3066628,135603.0,189639.0,3163.0,3163.0,3108.0,3134.3,31855000,3447.7,2820.9,3839.9,2896.0,3145.7,21,2,3145.6,43,1,3145.4,13,1,3145.1,89,3,3145.0,35,5,3145.8,1,1,3145.9,9,2,3146.0,127,4,3146.5,51,2,3146.7,123,4
2031,2026-06-16 14:54:44+05:30,3145.8,1,3134.89,3066685,135605.0,189400.0,3163.0,3163.0,3108.0,3134.3,31855000,3447.7,2820.9,3839.9,2896.0,3145.7,14,2,3145.6,43,1,3145.4,13,1,3145.1,21,1,3145.0,8,3,3145.9,18,3,3146.0,102,3,3146.2,24,1,3146.3,36,1,3146.4,98,3
2031,2026-06-16 14:54:44+05:30,3145.8,1,3134.89,3066685,135605.0,189400.0,3163.0,3163.0,3108.0,3134.3,31855000,3447.7,2820.9,3839.9,2896.0,3145.7,14,2,3145.6,43,1,3145.4,13,1,3145.1,21,1,3145.0,8,3,3145.9,18,3,3146.0,102,3,3146.2,24,1,3146.3,36,1,3146.4,98,3
2031,2026-06-16 14:54:45+05:30,3145.9,1,3134.89,3066850,135403.0,189386.0,3163.0,3163.0,3108.0,3134.3,31855000,3447.7,2820.9,3839.9,2896.0,3145.7,11,1,3145.6,43,1,3145.4,13,1,3145.1,21,1,3145.0,8,3,3146.0,186,5,3146.2,24,1,3146.3,111,3,3146.4,98,3,3146.5,72,3
2031,2026-06-16 14:54:45+05:30,3145.9,1,3134.89,3066850,135403.0,189386.0,3163.0,3163.0,3108.0,3134.3,31855000,3447.7,2820.9,3839.9,2896.0,3145.7,11,1,3145.6,43,1,3145.4,13,1,3145.1,21,1,3145.0,8,3,3146.0,186,5,3146.2,24,1,3146.3,111,3,3146.4,98,3,3146.5,72,3
2031,2026-06-16 14:54:46+05:30,3145.9,1,3134.89,3066852,136059.0,189522.0,3163.0,3163.0,3108.0,3134.3,31855000,3447.7,2820.9,3839.9,2896.0,3145.9,2,2,3145.8,2,1,3145.7,26,3,3145.6,45,2,3145.4,13,1,3146.0,172,4,3146.2,14,1,3146.4,60,2,3146.5,43,2,3146.6,80,3
2031,2026-06-16 14:54:46+05:30,3145.9,1,3134.89,3066852,136059.0,189522.0,3163.0,3163.0,3108.0,3134.3,31855000,3447.7,2820.9,3839.9,2896.0,3145.9,2,2,3145.8,2,1,3145.7,26,3,3145.6,45,2,3145.4,13,1,3146.0,172,4,3146.2,14,1,3146.4,60,2,3146.5,43,2,3146.6,80,3
2031,2026-06-16 14:54:46+05:30,3145.9,1,3134.89,3066852,136059.0,189522.0,3163.0,3163.0,3108.0,3134.3,31855000,3447.7,2820.9,3839.9,2896.0,3145.9,2,2,3145.8,2,1,3145.7,26,3,3145.6,45,2,3145.4,13,1,3146.0,172,4,3146.2,14,1,3146.4,60,2,3146.5,43,2,3146.6,80,3
2031,2026-06-16 14:54:47+05:30,3145.8,2,3134.89,3066852,136059.0,189522.0,3163.0,3163.0,3108.0,3134.3,31855000,3447.7,2820.9,3839.9,2896.0,3145.8,2,1,3145.7,15,2,3145.6,45,2,3145.4,13,1,3145.1,21,1,3146.0,206,6,3146.2,49,2,3146.4,101,3,3146.5,94,4,3146.6,43,1
2031,2026-06-16 14:54:47+05:30,3145.8,2,3134.89,3066993,135373.0,189480.0,3163.0,3163.0,3108.0,3134.3,31855000,3447.7,2820.9,3839.9,2896.0,3145.8,2,1,3145.7,15,2,3145.6,45,2,3145.4,13,1,3145.1,21,1,3146.0,206,6,3146.2,49,2,3146.4,101,3,3146.5,94,4,3146.6,43,1
2031,2026-06-16 14:54:48+05:30,3145.8,1,3134.89,3066993,135373.0,189480.0,3163.0,3163.0,3108.0,3134.3,31855000,3447.7,2820.9,3839.9,2896.0,3145.8,2,1,3145.7,15,2,3145.6,45,2,3145.4,13,1,3145.1,21,1,3146.0,206,6,3146.2,49,2,3146.4,101,3,3146.5,94,4,3146.6,43,1
2031,2026-06-16 14:54:48+05:30,3145.8,1,3134.89,3066996,135364.0,189712.0,3163.0,3163.0,3108.0,3134.3,31855000,3447.7,2820.9,3839.9,2896.0,3145.8,1,1,3145.7,15,2,3145.6,45,2,3145.4,13,1,3145.1,21,1,3146.0,251,7,3146.2,49,2,3146.4,101,3,3146.5,94,4,3146.6,643,4
2031,2026-06-16 14:54:48+05:30,3145.8,1,3134.89,3066996,135364.0,189712.0,3163.0,3163.0,3108.0,3134.3,31855000,3447.7,2820.9,3839.9,2896.0,3145.8,1,1,3145.7,15,2,3145.6,45,2,3145.4,13,1,3145.1,21,1,3146.0,251,7,3146.2,49,2,3146.4,101,3,3146.5,94,4,3146.6,643,4
2031,2026-06-16 14:54:49+05:30,3146.0,1,3134.89,3066996,135364.0,189712.0,3163.0,3163.0,3108.0,3134.3,31855000,3447.7,2820.9,3839.9,2896.0,3145.8,1,1,3145.7,15,2,3145.6,45,2,3145.4,13,1,3145.1,21,1,3146.0,251,7,3146.2,49,2,3146.4,101,3,3146.5,94,4,3146.6,643,4
2031,2026-06-16 14:54:49+05:30,3146.0,1,3134.89,3066997,135653.0,189492.0,3163.0,3163.0,3108.0,3134.3,31855000,3447.7,2820.9,3839.9,2896.0,3145.8,2,2,3145.7,15,2,3145.6,45,2,3145.4,13,1,3145.1,77,2,3146.0,241,5,3146.2,14,1,3146.4,33,1,3146.5,16,2,3146.6,678,5
2031,2026-06-16 14:54:50+05:30,3146.0,1,3134.89,3066997,135653.0,189492.0,3163.0,3163.0,3108.0,3134.3,31855000,3447.7,2820.9,3839.9,2896.0,3145.8,2,2,3145.7,15,2,3145.6,45,2,3145.4,13,1,3145.1,77,2,3146.0,241,5,3146.2,14,1,3146.4,33,1,3146.5,16,2,3146.6,678,5
2031,2026-06-16 14:54:50+05:30,3146.0,1,3134.89,3067038,135570.0,189400.0,3163.0,3163.0,3108.0,3134.3,31855000,3447.7,2820.9,3839.9,2896.0,3145.8,18,3,3145.7,15,2,3145.6,45,2,3145.3,10,1,3145.2,12,1,3146.0,200,5,3146.5,15,1,3146.6,44,2,3146.7,2,1,3146.8,95,4
2031,2026-06-16 14:54:50+05:30,3146.0,1,3134.89,3067038,135570.0,189400.0,3163.0,3163.0,3108.0,3134.3,31855000,3447.7,2820.9,3839.9,2896.0,3145.8,18,3,3145.7,15,2,3145.6,45,2,3145.3,10,1,3145.2,12,1,3146.0,200,5,3146.5,15,1,3146.6,44,2,3146.7,2,1,3146.8,95,4
2031,2026-06-16 14:54:51+05:30,3146.0,2,3134.89,3067038,135570.0,189400.0,3163.0,3163.0,3108.0,3134.3,31855000,3447.7,2820.9,3839.9,2896.0,3145.8,18,3,3145.7,15,2,3145.6,45,2,3145.3,10,1,3145.2,12,1,3146.0,200,5,3146.5,15,1,3146.6,44,2,3146.7,2,1,3146.8,95,4
2031,2026-06-16 14:54:51+05:30,3146.0,2,3134.89,3067040,135765.0,189361.0,3163.0,3163.0,3108.0,3134.3,31855000,3447.7,2820.9,3839.9,2896.0,3145.8,2,2,3145.7,32,3,3145.6,43,1,3145.4,17,1,3145.3,10,1,3146.0,198,5,3146.5,15,1,3146.6,43,1,3146.7,2,1,3146.8,90,4
2031,2026-06-16 14:54:52+05:30,3146.0,2,3134.89,3067040,135765.0,189361.0,3163.0,3163.0,3108.0,3134.3,31855000,3447.7,2820.9,3839.9,2896.0,3145.8,2,2,3145.7,32,3,3145.6,43,1,3145.4,17,1,3145.3,10,1,3146.0,198,5,3146.5,15,1,3146.6,43,1,3146.7,2,1,3146.8,90,4
2031,2026-06-16 14:54:52+05:30,3146.0,26,3134.89,3067040,135765.0,189361.0,3163.0,3163.0,3108.0,3134.3,31855000,3447.7,2820.9,3839.9,2896.0,3146.0,56,6,3145.8,16,2,3145.7,2,2,3145.6,79,3,3145.5,21,1,3146.5,15,1,3146.8,4,1,3147.0,14,2,3147.1,73,1,3147.2,678,5
2031,2026-06-16 14:54:52+05:30,3146.0,26,3134.89,3067265,137122.0,188629.0,3163.0,3163.0,3108.0,3134.3,31855000,3447.7,2820.9,3839.9,2896.0,3146.0,56,6,3145.8,16,2,3145.7,2,2,3145.6,79,3,3145.5,21,1,3146.5,15,1,3146.8,4,1,3147.0,14,2,3147.1,73,1,3147.2,678,5
2031,2026-06-16 14:54:52+05:30,3146.0,26,3134.89,3067265,137122.0,188629.0,3163.0,3163.0,3108.0,3134.3,31855000,3447.7,2820.9,3839.9,2896.0,3146.0,56,6,3145.8,16,2,3145.7,2,2,3145.6,79,3,3145.5,21,1,3146.5,15,1,3146.8,4,1,3147.0,14,2,3147.1,73,1,3147.2,678,5
2031,2026-06-16 14:54:53+05:30,3146.0,1,3134.89,3067265,137122.0,188629.0,3163.0,3163.0,3108.0,3134.3,31855000,3447.7,2820.9,3839.9,2896.0,3146.0,56,6,3145.8,16,2,3145.7,2,2,3145.6,79,3,3145.5,21,1,3146.5,15,1,3146.8,4,1,3147.0,14,2,3147.1,73,1,3147.2,678,5
2031,2026-06-16 14:54:53+05:30,3146.0,1,3134.89,3067361,136944.0,189344.0,3163.0,3163.0,3108.0,3134.3,31855000,3447.7,2820.9,3839.9,2896.0,3146.0,49,6,3145.8,1,1,3145.7,19,3,3145.6,99,2,3145.5,21,1,3146.4,82,1,3146.5,15,1,3146.8,4,1,3146.9,97,2,3147.0,7,1
2031,2026-06-16 14:54:53+05:30,3146.0,1,3134.89,3067361,136944.0,189344.0,3163.0,3163.0,3108.0,3134.3,31855000,3447.7,2820.9,3839.9,2896.0,3146.0,49,6,3145.8,1,1,3145.7,19,3,3145.6,99,2,3145.5,21,1,3146.4,82,1,3146.5,15,1,3146.8,4,1,3146.9,97,2,3147.0,7,1
2031,2026-06-16 14:54:54+05:30,3146.4,100,3134.89,3067462,136894.0,189335.0,3163.0,3163.0,3108.0,3134.3,31855000,3447.7,2820.9,3839.9,2896.0,3146.0,49,6,3145.8,17,1,3145.7,19,3,3145.6,43,1,3145.5,21,1,3146.4,62,1,3146.5,15,1,3146.8,4,1,3146.9,97,2,3147.0,14,2
2031,2026-06-16 14:54:54+05:30,3146.4,100,3134.89,3067462,136894.0,189335.0,3163.0,3163.0,3108.0,3134.3,31855000,3447.7,2820.9,3839.9,2896.0,3146.0,49,6,3145.8,17,1,3145.7,19,3,3145.6,43,1,3145.5,21,1,3146.4,62,1,3146.5,15,1,3146.8,4,1,3146.9,97,2,3147.0,14,2
2031,2026-06-16 14:54:54+05:30,3146.4,100,3134.89,3067462,136894.0,189335.0,3163.0,3163.0,3108.0,3134.3,31855000,3447.7,2820.9,3839.9,2896.0,3146.0,49,6,3145.8,17,1,3145.7,19,3,3145.6,43,1,3145.5,21,1,3146.4,62,1,3146.5,15,1,3146.8,4,1,3146.9,97,2,3147.0,14,2
2031,2026-06-16 14:54:55+05:30,3146.4,5,3134.89,3067462,136894.0,189335.0,3163.0,3163.0,3108.0,3134.3,31855000,3447.7,2820.9,3839.9,2896.0,3146.0,49,6,3145.8,17,1,3145.7,19,3,3145.6,43,1,3145.5,21,1,3146.4,62,1,3146.5,15,1,3146.8,4,1,3146.9,97,2,3147.0,14,2
2031,2026-06-16 14:54:55+05:30,3146.4,5,3134.89,3067488,136938.0,189287.0,3163.0,3163.0,3108.0,3134.3,31855000,3447.7,2820.9,3839.9,2896.0,3146.0,49,6,3145.7,18,2,3145.6,55,2,3145.5,52,3,3145.4,91,4,3146.4,62,3,3146.5,15,1,3146.8,4,1,3146.9,41,2,3147.0,607,4
2031,2026-06-16 14:54:55+05:30,3146.4,5,3134.89,3067488,136938.0,189287.0,3163.0,3163.0,3108.0,3134.3,31855000,3447.7,2820.9,3839.9,2896.0,3146.0,49,6,3145.7,18,2,3145.6,55,2,3145.5,52,3,3145.4,91,4,3146.4,62,3,3146.5,15,1,3146.8,4,1,3146.9,41,2,3147.0,607,4
2031,2026-06-16 14:54:56+05:30,3146.4,5,3134.89,3067488,136938.0,189287.0,3163.0,3163.0,3108.0,3134.3,31855000,3447.7,2820.9,3839.9,2896.0,3146.0,49,6,3145.7,18,2,3145.6,55,2,3145.5,52,3,3145.4,91,4,3146.4,62,3,3146.5,15,1,3146.8,4,1,3146.9,41,2,3147.0,607,4
2031,2026-06-16 14:54:56+05:30,3146.4,5,3134.89,3067488,137030.0,189435.0,3163.0,3163.0,3108.0,3134.3,31855000,3447.7,2820.9,3839.9,2896.0,3146.0,49,6,3145.9,30,2,3145.7,26,2,3145.6,43,1,3145.5,21,1,3146.4,107,4,3146.5,62,3,3146.8,4,1,3146.9,34,1,3147.0,607,4
2031,2026-06-16 14:54:56+05:30,3146.4,5,3134.89,3067488,137030.0,189435.0,3163.0,3163.0,3108.0,3134.3,31855000,3447.7,2820.9,3839.9,2896.0,3146.0,49,6,3145.9,30,2,3145.7,26,2,3145.6,43,1,3145.5,21,1,3146.4,107,4,3146.5,62,3,3146.8,4,1,3146.9,34,1,3147.0,607,4
2031,2026-06-16 14:54:57+05:30,3146.4,9,3134.89,3067488,137030.0,189435.0,3163.0,3163.0,3108.0,3134.3,31855000,3447.7,2820.9,3839.9,2896.0,3146.0,49,6,3145.9,30,2,3145.7,26,2,3145.6,43,1,3145.5,21,1,3146.4,107,4,3146.5,62,3,3146.8,4,1,3146.9,34,1,3147.0,607,4
2031,2026-06-16 14:54:57+05:30,3146.4,9,3134.89,3067627,137200.0,189194.0,3163.0,3163.0,3108.0,3134.3,31855000,3447.7,2820.9,3839.9,2896.0,3146.4,43,3,3146.1,5,1,3145.9,13,1,3145.7,26,2,3145.6,43,1,3146.5,62,3,3146.8,70,3,3146.9,24,1,3147.0,108,4,3147.1,833,5
2031,2026-06-16 14:54:57+05:30,3146.4,9,3134.89,3067627,137200.0,189194.0,3163.0,3163.0,3108.0,3134.3,31855000,3447.7,2820.9,3839.9,2896.0,3146.4,43,3,3146.1,5,1,3145.9,13,1,3145.7,26,2,3145.6,43,1,3146.5,62,3,3146.8,70,3,3146.9,24,1,3147.0,108,4,3147.1,833,5
2031,2026-06-16 14:54:58+05:30,3146.4,3,3134.89,3067627,137200.0,189194.0,3163.0,3163.0,3108.0,3134.3,31855000,3447.7,2820.9,3839.9,2896.0,3146.4,43,3,3146.1,5,1,3145.9,13,1,3145.7,26,2,3145.6,43,1,3146.5,62,3,3146.8,70,3,3146.9,24,1,3147.0,108,4,3147.1,833,5
2031,2026-06-16 14:54:58+05:30,3146.4,3,3134.89,3067630,137334.0,189453.0,3163.0,3163.0,3108.0,3134.3,31855000,3447.7,2820.9,3839.9,2896.0,3146.4,40,3,3146.1,5,1,3145.9,13,1,3145.7,26,2,3145.6,43,1,3146.5,143,4,3146.8,70,3,3146.9,24,1,3147.0,709,8,3147.1,271,3
2031,2026-06-16 14:54:58+05:30,3146.4,3,3134.89,3067630,137334.0,189453.0,3163.0,3163.0,3108.0,3134.3,31855000,3447.7,2820.9,3839.9,2896.0,3146.4,40,3,3146.1,5,1,3145.9,13,1,3145.7,26,2,3145.6,43,1,3146.5,143,4,3146.8,70,3,3146.9,24,1,3147.0,709,8,3147.1,271,3
2031,2026-06-16 14:54:59+05:30,3146.4,3,3134.89,3067630,137334.0,189453.0,3163.0,3163.0,3108.0,3134.3,31855000,3447.7,2820.9,3839.9,2896.0,3146.4,40,3,3146.1,5,1,3145.9,13,1,3145.7,26,2,3145.6,43,1,3146.5,143,4,3146.8,70,3,3146.9,24,1,3147.0,709,8,3147.1,271,3
2031,2026-06-16 14:54:59+05:30,3146.4,3,3134.89,3067630,137334.0,189453.0,3163.0,3163.0,3108.0,3134.3,31855000,3447.7,2820.9,3839.9,2896.0,3146.4,40,3,3146.1,5,1,3145.9,13,1,3145.7,26,2,3145.6,43,1,3146.5,143,4,3146.8,70,3,3146.9,24,1,3147.0,709,8,3147.1,271,3
2031,2026-06-16 14:54:59+05:30,3146.5,1,3134.89,3067634,137304.0,189756.0,3163.0,3163.0,3108.0,3134.3,31855000,3447.7,2820.9,3839.9,2896.0,3146.4,37,3,3146.1,14,1,3145.7,43,3,3145.6,16,1,3145.5,34,2,3146.5,142,4,3146.6,9,1,3146.8,70,3,3147.0,709,8,3147.1,294,3
2031,2026-06-16 14:55:00+05:30,3146.2,7,3134.89,3067634,137304.0,189756.0,3163.0,3163.0,3108.0,3134.3,31855000,3447.7,2820.9,3839.9,2896.0,3146.4,37,3,3146.1,14,1,3145.7,43,3,3145.6,16,1,3145.5,34,2,3146.5,142,4,3146.6,9,1,3146.8,70,3,3147.0,709,8,3147.1,294,3
2031,2026-06-16 14:55:00+05:30,3146.2,7,3134.89,3067634,137304.0,189756.0,3163.0,3163.0,3108.0,3134.3,31855200,3447.7,2820.9,3839.9,2896.0,3146.4,37,3,3146.1,14,1,3145.7,43,3,3145.6,16,1,3145.5,34,2,3146.5,142,4,3146.6,9,1,3146.8,70,3,3147.0,709,8,3147.1,294,3
2031,2026-06-16 14:55:00+05:30,3146.2,7,3134.89,3068341,135958.0,191145.0,3163.0,3163.0,3108.0,3134.3,31855200,3447.7,2820.9,3839.9,2896.0,3145.7,17,1,3145.6,16,1,3145.5,13,1,3145.1,21,1,3145.0,2,1,3146.1,48,5,3146.2,26,1,3146.3,439,4,3146.4,1315,9,3146.5,375,7
2031,2026-06-16 14:55:01+05:30,3145.8,1,3134.89,3068341,135958.0,191145.0,3163.0,3163.0,3108.0,3134.3,31855200,3447.7,2820.9,3839.9,2896.0,3145.7,17,1,3145.6,16,1,3145.5,13,1,3145.1,21,1,3145.0,2,1,3146.1,48,5,3146.2,26,1,3146.3,439,4,3146.4,1315,9,3146.5,375,7
2031,2026-06-16 14:55:01+05:30,3145.5,1,3134.89,3068613,134503.0,192124.0,3163.0,3163.0,3108.0,3134.3,31855200,3447.7,2820.9,3839.9,2896.0,3145.5,12,1,3145.0,2,1,3144.7,34,2,3144.5,21,1,3144.3,22,1,3145.6,277,5,3145.7,1,1,3145.8,112,3,3145.9,9,1,3146.0,122,3
2031,2026-06-16 14:55:02+05:30,3145.6,3,3134.89,3068613,134503.0,192124.0,3163.0,3163.0,3108.0,3134.3,31855200,3447.7,2820.9,3839.9,2896.0,3145.5,12,1,3145.0,2,1,3144.7,34,2,3144.5,21,1,3144.3,22,1,3145.6,277,5,3145.7,1,1,3145.8,112,3,3145.9,9,1,3146.0,122,3
2031,2026-06-16 14:55:02+05:30,3145.6,3,3134.89,3068616,134685.0,192330.0,3163.0,3163.0,3108.0,3134.3,31855200,3447.7,2820.9,3839.9,2896.0,3145.4,15,1,3145.3,7,1,3145.0,2,1,3144.7,34,2,3144.5,21,1,3145.6,251,4,3145.8,112,3,3145.9,9,1,3146.0,147,5,3146.1,632,6
2031,2026-06-16 14:55:03+05:30,3145.3,55,3134.89,3068616,134685.0,192330.0,3163.0,3163.0,3108.0,3134.3,31855200,3447.7,2820.9,3839.9,2896.0,3145.4,15,1,3145.3,7,1,3145.0,2,1,3144.7,34,2,3144.5,21,1,3145.6,251,4,3145.8,112,3,3145.9,9,1,3146.0,147,5,3146.1,632,6
2031,2026-06-16 14:55:03+05:30,3145.3,55,3134.9,3068865,134127.0,192584.0,3163.0,3163.0,3108.0,3134.3,31855200,3447.7,2820.9,3839.9,2896.0,3145.0,2,1,3144.3,22,1,3144.2,136,1,3144.1,26,2,3144.0,73,2,3145.3,141,1,3145.4,64,1,3145.6,38,1,3145.7,35,2,3145.8,139,4
2031,2026-06-16 14:55:04+05:30,3145.3,55,3134.9,3068865,134262.0,192925.0,3163.0,3163.0,3108.0,3134.3,31855200,3447.7,2820.9,3839.9,2896.0,3145.0,3,2,3144.3,22,1,3144.1,20,1,3144.0,73,2,3143.9,64,4,3145.3,167,2,3145.4,64,1,3145.6,39,2,3145.7,34,1,3145.8,139,4
2031,2026-06-16 14:55:05+05:30,3145.3,1,3134.9,3068865,134262.0,192925.0,3163.0,3163.0,3108.0,3134.3,31855200,3447.7,2820.9,3839.9,2896.0,3145.0,3,2,3144.3,22,1,3144.1,20,1,3144.0,73,2,3143.9,64,4,3145.3,167,2,3145.4,64,1,3145.6,39,2,3145.7,34,1,3145.8,139,4
2031,2026-06-16 14:55:05+05:30,3145.3,1,3134.9,3068866,134447.0,192729.0,3163.0,3163.0,3108.0,3134.3,31855200,3447.7,2820.9,3839.9,2896.0,3145.0,53,3,3144.5,12,1,3144.4,4,1,3144.3,78,2,3144.2,17,1,3145.3,166,2,3145.4,64,1,3145.7,34,1,3146.0,92,3,3146.1,670,7
2031,2026-06-16 14:55:06+05:30,3144.3,45,3134.9,3068866,134447.0,192729.0,3163.0,3163.0,3108.0,3134.3,31855200,3447.7,2820.9,3839.9,2896.0,3145.0,53,3,3144.5,12,1,3144.4,4,1,3144.3,78,2,3144.2,17,1,3145.3,166,2,3145.4,64,1,3145.7,34,1,3146.0,92,3,3146.1,670,7
2031,2026-06-16 14:55:06+05:30,3144.9,10,3134.9,3069016,134675.0,192832.0,3163.0,3163.0,3108.0,3134.3,31855200,3447.7,2820.9,3839.9,2896.0,3144.8,16,3,3144.7,27,2,3144.6,60,5,3144.5,43,3,3144.4,63,4,3145.3,33,2,3145.4,64,1,3145.9,2,1,3146.0,83,2,3146.1,126,3
2031,2026-06-16 14:55:07+05:30,3144.9,10,3134.9,3069016,134675.0,192832.0,3163.0,3163.0,3108.0,3134.3,31855200,3447.7,2820.9,3839.9,2896.0,3144.8,16,3,3144.7,27,2,3144.6,60,5,3144.5,43,3,3144.4,63,4,3145.3,33,2,3145.4,64,1,3145.9,2,1,3146.0,83,2,3146.1,126,3
2031,2026-06-16 14:55:07+05:30,3144.9,10,3134.9,3069016,134547.0,192798.0,3163.0,3163.0,3108.0,3134.3,31855200,3447.7,2820.9,3839.9,2896.0,3144.8,6,1,3144.6,6,1,3144.4,29,2,3144.3,108,4,3144.2,35,3,3145.3,33,2,3145.4,64,1,3145.9,99,3,3146.0,122,4,3146.1,726,6
2031,2026-06-16 14:55:08+05:30,3144.8,2,3134.9,3069016,134547.0,192798.0,3163.0,3163.0,3108.0,3134.3,31855200,3447.7,2820.9,3839.9,2896.0,3144.8,6,1,3144.6,6,1,3144.4,29,2,3144.3,108,4,3144.2,35,3,3145.3,33,2,3145.4,64,1,3145.9,99,3,3146.0,122,4,3146.1,726,6
2031,2026-06-16 14:55:08+05:30,3144.8,2,3134.9,3069018,134281.0,192839.0,3163.0,3163.0,3108.0,3134.3,31855200,3447.7,2820.9,3839.9,2896.0,3144.8,4,1,3144.6,6,1,3144.4,29,2,3144.3,108,4,3144.2,35,3,3145.1,1,1,3145.3,33,2,3145.4,64,1,3145.9,705,7,3146.0,258,3
2031,2026-06-16 14:55:09+05:30,3145.3,22,3134.9,3069018,134281.0,192839.0,3163.0,3163.0,3108.0,3134.3,31855200,3447.7,2820.9,3839.9,2896.0,3144.8,4,1,3144.6,6,1,3144.4,29,2,3144.3,108,4,3144.2,35,3,3145.1,1,1,3145.3,33,2,3145.4,64,1,3145.9,705,7,3146.0,258,3
2031,2026-06-16 14:55:09+05:30,3145.1,1,3134.9,3069069,134477.0,192862.0,3163.0,3163.0,3108.0,3134.3,31855200,3447.7,2820.9,3839.9,2896.0,3144.8,4,1,3144.6,6,1,3144.4,29,2,3144.3,92,3,3144.2,35,3,3145.1,7,1,3145.3,7,1,3145.4,64,1,3145.8,26,1,3145.9,105,4
2031,2026-06-16 14:55:10+05:30,3145.0,1,3134.9,3069069,134477.0,192862.0,3163.0,3163.0,3108.0,3134.3,31855200,3447.7,2820.9,3839.9,2896.0,3144.8,4,1,3144.6,6,1,3144.4,29,2,3144.3,92,3,3144.2,35,3,3145.1,7,1,3145.3,7,1,3145.4,64,1,3145.8,26,1,3145.9,105,4
2031,2026-06-16 14:55:10+05:30,3145.0,1,3134.9,3069090,133941.0,192848.0,3163.0,3163.0,3108.0,3134.3,31855200,3447.7,2820.9,3839.9,2896.0,3144.4,6,1,3144.3,84,3,3144.2,52,4,3144.1,32,2,3144.0,133,5,3145.0,199,1,3145.1,7,1,3145.3,7,1,3145.4,64,1,3145.8,63,2
2031,2026-06-16 14:55:11+05:30,3145.0,11,3134.9,3069147,133911.0,193061.0,3163.0,3163.0,3108.0,3134.3,31855200,3447.7,2820.9,3839.9,2896.0,3144.6,18,1,3144.2,3,1,3144.1,32,2,3144.0,88,3,3143.9,54,3,3145.0,235,3,3145.3,7,1,3145.4,64,1,3145.6,1,1,3145.7,65,2
2031,2026-06-16 14:55:12+05:30,3145.0,1,3134.9,3069147,133911.0,193061.0,3163.0,3163.0,3108.0,3134.3,31855200,3447.7,2820.9,3839.9,2896.0,3144.6,18,1,3144.2,3,1,3144.1,32,2,3144.0,88,3,3143.9,54,3,3145.0,235,3,3145.3,7,1,3145.4,64,1,3145.6,1,1,3145.7,65,2
2031,2026-06-16 14:55:12+05:30,3145.0,2,3134.9,3069517,134851.0,192669.0,3163.0,3163.0,3108.0,3134.3,31855200,3447.7,2820.9,3839.9,2896.0,3145.0,28,4,3144.6,18,1,3144.5,98,4,3144.4,13,1,3144.3,58,4,3145.3,7,1,3145.4,64,1,3145.9,66,2,3146.0,34,1,3146.1,69,3
2031,2026-06-16 14:55:13+05:30,3145.0,2,3134.9,3069517,134851.0,192669.0,3163.0,3163.0,3108.0,3134.3,31855200,3447.7,2820.9,3839.9,2896.0,3145.0,28,4,3144.6,18,1,3144.5,98,4,3144.4,13,1,3144.3,58,4,3145.3,7,1,3145.4,64,1,3145.9,66,2,3146.0,34,1,3146.1,69,3
2031,2026-06-16 14:55:13+05:30,3145.0,1,3134.9,3069644,134668.0,192461.0,3163.0,3163.0,3108.0,3134.3,31855200,3447.7,2820.9,3839.9,2896.0,3145.0,29,4,3144.6,18,1,3144.5,74,2,3144.3,26,2,3144.2,63,3,3145.2,64,1,3145.3,7,1,3145.7,33,1,3145.9,101,4,3146.0,33,1
2031,2026-06-16 14:55:14+05:30,3145.0,1,3134.9,3069644,134668.0,192461.0,3163.0,3163.0,3108.0,3134.3,31855200,3447.7,2820.9,3839.9,2896.0,3145.0,29,4,3144.6,18,1,3144.5,74,2,3144.3,26,2,3144.2,63,3,3145.2,64,1,3145.3,7,1,3145.7,33,1,3145.9,101,4,3146.0,33,1
2031,2026-06-16 14:55:14+05:30,3145.0,1,3134.9,3069708,134111.0,192507.0,3163.0,3163.0,3108.0,3134.3,31855200,3447.7,2820.9,3839.9,2896.0,3145.0,29,4,3144.6,18,1,3144.5,20,1,3144.3,43,3,3144.2,46,3,3145.1,200,1,3145.3,7,1,3145.8,1,1,3145.9,100,3,3146.0,33,1
2031,2026-06-16 14:55:15+05:30,3145.0,1,3134.9,3069708,134111.0,192507.0,3163.0,3163.0,3108.0,3134.3,31855200,3447.7,2820.9,3839.9,2896.0,3145.0,29,4,3144.6,18,1,3144.5,20,1,3144.3,43,3,3144.2,46,3,3145.1,200,1,3145.3,7,1,3145.8,1,1,3145.9,100,3,3146.0,33,1
2031,2026-06-16 14:55:15+05:30,3145.8,35,3134.9,3069995,134984.0,191687.0,3163.0,3163.0,3108.0,3134.3,31855200,3447.7,2820.9,3839.9,2896.0,3145.0,30,5,3144.7,21,1,3144.5,72,2,3144.4,29,2,3144.3,109,4,3145.9,98,2,3146.0,27,1,3146.1,153,3,3146.2,33,1,3146.3,908,8
2031,2026-06-16 14:55:16+05:30,3145.8,1,3134.9,3069995,134984.0,191687.0,3163.0,3163.0,3108.0,3134.3,31855200,3447.7,2820.9,3839.9,2896.0,3145.0,30,5,3144.7,21,1,3144.5,72,2,3144.4,29,2,3144.3,109,4,3145.9,98,2,3146.0,27,1,3146.1,153,3,3146.2,33,1,3146.3,908,8
2031,2026-06-16 14:55:16+05:30,3145.8,1,3134.9,3069996,134961.0,192038.0,3163.0,3163.0,3108.0,3134.3,31855200,3447.7,2820.9,3839.9,2896.0,3145.0,30,5,3144.9,2,1,3144.7,21,1,3144.6,3,1,3144.5,72,2,3145.5,1,1,3145.8,77,1,3146.0,27,1,3146.1,153,3,3146.2,34,2
2031,2026-06-16 14:55:17+05:30,3145.5,1,3134.9,3069996,134961.0,192038.0,3163.0,3163.0,3108.0,3134.3,31855200,3447.7,2820.9,3839.9,2896.0,3145.0,30,5,3144.9,2,1,3144.7,21,1,3144.6,3,1,3144.5,72,2,3145.5,1,1,3145.8,77,1,3146.0,27,1,3146.1,153,3,3146.2,34,2
2031,2026-06-16 14:55:17+05:30,3145.5,1,3134.9,3070107,135101.0,192216.0,3163.0,3163.0,3108.0,3134.3,31855200,3447.7,2820.9,3839.9,2896.0,3145.5,1,1,3145.0,1,1,3144.9,23,2,3144.7,21,1,3144.6,35,3,3145.8,65,1,3146.0,60,3,3146.1,102,2,3146.2,69,4,3146.3,894,6
2031,2026-06-16 14:55:18+05:30,3145.5,1,3134.9,3070107,135101.0,192216.0,3163.0,3163.0,3108.0,3134.3,31855200,3447.7,2820.9,3839.9,2896.0,3145.5,1,1,3145.0,1,1,3144.9,23,2,3144.7,21,1,3144.6,35,3,3145.8,65,1,3146.0,60,3,3146.1,102,2,3146.2,69,4,3146.3,894,6
2031,2026-06-16 14:55:18+05:30,3145.5,1,3134.9,3070108,134938.0,192195.0,3163.0,3163.0,3108.0,3134.3,31855200,3447.7,2820.9,3839.9,2896.0,3145.0,1,1,3144.9,18,2,3144.7,21,1,3144.6,3,1,3144.5,74,2,3145.5,1,1,3145.8,65,1,3146.0,113,4,3146.1,103,3,3146.2,639,5
2031,2026-06-16 14:55:19+05:30,3145.0,5,3134.9,3070108,134938.0,192195.0,3163.0,3163.0,3108.0,3134.3,31855200,3447.7,2820.9,3839.9,2896.0,3145.0,1,1,3144.9,18,2,3144.7,21,1,3144.6,3,1,3144.5,74,2,3145.5,1,1,3145.8,65,1,3146.0,113,4,3146.1,103,3,3146.2,639,5
2031,2026-06-16 14:55:19+05:30,3145.0,5,3134.9,3070123,134028.0,192405.0,3163.0,3163.0,3108.0,3134.3,31855200,3447.7,2820.9,3839.9,2896.0,3144.9,18,2,3144.6,3,1,3144.5,54,1,3144.3,95,4,3144.2,16,1,3145.0,185,1,3145.5,1,1,3145.6,71,1,3145.8,79,2,3146.0,86,3
2031,2026-06-16 14:55:20+05:30,3145.0,3,3134.9,3070123,134028.0,192405.0,3163.0,3163.0,3108.0,3134.3,31855200,3447.7,2820.9,3839.9,2896.0,3144.9,18,2,3144.6,3,1,3144.5,54,1,3144.3,95,4,3144.2,16,1,3145.0,185,1,3145.5,1,1,3145.6,71,1,3145.8,79,2,3146.0,86,3
2031,2026-06-16 14:55:20+05:30,3145.0,2,3134.9,3070271,133912.0,192055.0,3163.0,3163.0,3108.0,3134.3,31855200,3447.7,2820.9,3839.9,2896.0,3144.9,37,1,3144.6,3,1,3144.3,76,2,3144.2,33,2,3144.1,43,4,3145.0,37,1,3145.5,1,1,3145.8,14,1,3145.9,1,1,3146.0,88,4
2031,2026-06-16 14:55:21+05:30,3145.0,2,3134.9,3070271,133912.0,192055.0,3163.0,3163.0,3108.0,3134.3,31855200,3447.7,2820.9,3839.9,2896.0,3144.9,37,1,3144.6,3,1,3144.3,76,2,3144.2,33,2,3144.1,43,4,3145.0,37,1,3145.5,1,1,3145.8,14,1,3145.9,1,1,3146.0,88,4
2031,2026-06-16 14:55:21+05:30,3145.0,8,3134.9,3070316,133887.0,192054.0,3163.0,3163.0,3108.0,3134.3,31855200,3447.7,2820.9,3839.9,2896.0,3144.9,37,1,3144.6,3,1,3144.3,76,2,3144.2,33,2,3144.1,43,4,3145.0,35,3,3145.5,1,1,3145.8,14,1,3145.9,34,2,3146.0,55,3
2031,2026-06-16 14:55:22+05:30,3145.0,8,3134.9,3070316,133887.0,192054.0,3163.0,3163.0,3108.0,3134.3,31855200,3447.7,2820.9,3839.9,2896.0,3144.9,37,1,3144.6,3,1,3144.3,76,2,3144.2,33,2,3144.1,43,4,3145.0,35,3,3145.5,1,1,3145.8,14,1,3145.9,34,2,3146.0,55,3
2031,2026-06-16 14:55:22+05:30,3145.0,1,3134.9,3070317,133943.0,192098.0,3163.0,3163.0,3108.0,3134.3,31855200,3447.7,2820.9,3839.9,2896.0,3144.9,37,1,3144.6,3,1,3144.3,76,2,3144.2,33,2,3144.1,43,4,3145.0,57,4,3145.5,1,1,3145.8,14,1,3145.9,62,4,3146.0,53,2
2031,2026-06-16 14:55:23+05:30,3144.9,2,3134.9,3070317,133943.0,192098.0,3163.0,3163.0,3108.0,3134.3,31855200,3447.7,2820.9,3839.9,2896.0,3144.9,37,1,3144.6,3,1,3144.3,76,2,3144.2,33,2,3144.1,43,4,3145.0,57,4,3145.5,1,1,3145.8,14,1,3145.9,62,4,3146.0,53,2
2031,2026-06-16 14:55:23+05:30,3144.9,2,3134.9,3070321,134040.0,192071.0,3163.0,3163.0,3108.0,3134.3,31855200,3447.7,2820.9,3839.9,2896.0,3144.9,49,2,3144.6,3,1,3144.3,76,2,3144.2,33,2,3144.1,227,5,3145.0,57,4,3145.8,14,1,3145.9,35,2,3146.0,54,3,3146.1,702,5
2031,2026-06-16 14:55:24+05:30,3144.9,2,3134.9,3070321,134555.0,192081.0,3163.0,3163.0,3108.0,3134.3,31855200,3447.7,2820.9,3839.9,2896.0,3144.9,49,2,3144.3,20,1,3144.1,42,3,3144.0,122,5,3143.9,36,2,3145.0,303,6,3145.4,38,1,3145.5,1,1,3145.6,76,3,3145.8,144,4
2031,2026-06-16 14:55:25+05:30,3144.9,2,3134.9,3070321,134569.0,192128.0,3163.0,3163.0,3108.0,3134.3,31855200,3447.7,2820.9,3839.9,2896.0,3144.9,49,2,3144.3,20,1,3144.1,42,3,3144.0,122,5,3143.9,36,2,3145.0,317,7,3145.4,38,1,3145.5,33,2,3145.6,44,2,3145.8,144,4
2031,2026-06-16 14:55:26+05:30,3145.0,1,3134.9,3070321,134569.0,192128.0,3163.0,3163.0,3108.0,3134.3,31855200,3447.7,2820.9,3839.9,2896.0,3144.9,49,2,3144.3,20,1,3144.1,42,3,3144.0,122,5,3143.9,36,2,3145.0,317,7,3145.4,38,1,3145.5,33,2,3145.6,44,2,3145.8,144,4
2031,2026-06-16 14:55:27+05:30,3144.9,9,3134.9,3070331,134695.0,192186.0,3163.0,3163.0,3108.0,3134.3,31855200,3447.7,2820.9,3839.9,2896.0,3144.9,40,2,3144.3,20,1,3144.1,26,2,3144.0,122,5,3143.9,36,2,3145.0,316,7,3145.4,38,1,3145.5,32,1,3145.6,44,2,3145.7,38,2
2031,2026-06-16 14:55:27+05:30,3144.9,9,3134.9,3070331,134695.0,192186.0,3163.0,3163.0,3108.0,3134.3,31855200,3447.7,2820.9,3839.9,2896.0,3144.9,40,2,3144.3,20,1,3144.1,26,2,3144.0,122,5,3143.9,36,2,3145.0,316,7,3145.4,38,1,3145.5,32,1,3145.6,44,2,3145.7,38,2
2031,2026-06-16 14:55:28+05:30,3144.9,1,3134.9,3070332,134693.0,192125.0,3163.0,3163.0,3108.0,3134.3,31855200,3447.7,2820.9,3839.9,2896.0,3144.9,39,2,3144.3,20,1,3144.1,26,2,3144.0,122,5,3143.9,36,2,3145.0,316,7,3145.4,38,1,3145.5,33,2,3145.6,44,2,3145.7,37,1
2031,2026-06-16 14:55:28+05:30,3144.9,2,3134.9,3070332,134693.0,192125.0,3163.0,3163.0,3108.0,3134.3,31855200,3447.7,2820.9,3839.9,2896.0,3144.9,39,2,3144.3,20,1,3144.1,26,2,3144.0,122,5,3143.9,36,2,3145.0,316,7,3145.4,38,1,3145.5,33,2,3145.6,44,2,3145.7,37,1
2031,2026-06-16 14:55:29+05:30,3145.0,1,3134.9,3070533,134464.0,192109.0,3163.0,3163.0,3108.0,3134.3,31855200,3447.7,2820.9,3839.9,2896.0,3144.9,21,1,3144.3,76,2,3144.2,3,1,3144.1,20,1,3144.0,241,7,3145.0,117,2,3145.7,37,1,3145.8,130,3,3145.9,30,4,3146.0,187,5
2031,2026-06-16 14:55:29+05:30,3145.0,1,3134.9,3070533,134464.0,192109.0,3163.0,3163.0,3108.0,3134.3,31855200,3447.7,2820.9,3839.9,2896.0,3144.9,21,1,3144.3,76,2,3144.2,3,1,3144.1,20,1,3144.0,241,7,3145.0,117,2,3145.7,37,1,3145.8,130,3,3145.9,30,4,3146.0,187,5
2031,2026-06-16 14:55:30+05:30,3144.3,6,3134.9,3070597,133459.0,192645.0,3163.0,3163.0,3108.0,3134.3,31855200,3447.7,2820.9,3839.9,2896.0,3144.9,9,2,3144.2,3,1,3144.1,23,2,3143.9,53,3,3143.8,23,1,3145.0,101,3,3145.1,82,1,3145.2,38,1,3145.4,38,1,3145.5,88,2
2031,2026-06-16 14:55:30+05:30,3144.3,6,3134.9,3070597,133459.0,192645.0,3163.0,3163.0,3108.0,3134.3,31855200,3447.7,2820.9,3839.9,2896.0,3144.9,9,2,3144.2,3,1,3144.1,23,2,3143.9,53,3,3143.8,23,1,3145.0,101,3,3145.1,82,1,3145.2,38,1,3145.4,38,1,3145.5,88,2
2031,2026-06-16 14:55:31+05:30,3144.9,1,3134.9,3070597,133459.0,192645.0,3163.0,3163.0,3108.0,3134.3,31855200,3447.7,2820.9,3839.9,2896.0,3144.9,9,2,3144.2,3,1,3144.1,23,2,3143.9,53,3,3143.8,23,1,3145.0,101,3,3145.1,82,1,3145.2,38,1,3145.4,38,1,3145.5,88,2
2031,2026-06-16 14:55:31+05:30,3144.9,1,3134.9,3070686,133950.0,192577.0,3163.0,3163.0,3108.0,3134.3,31855200,3447.7,2820.9,3839.9,2896.0,3144.9,24,3,3144.8,1,1,3144.1,99,5,3144.0,17,1,3143.9,221,3,3145.0,92,2,3145.1,82,1,3145.7,39,2,3145.8,133,3,3145.9,147,3
2031,2026-06-16 14:55:32+05:30,3145.0,32,3134.9,3070686,133950.0,192577.0,3163.0,3163.0,3108.0,3134.3,31855200,3447.7,2820.9,3839.9,2896.0,3144.9,24,3,3144.8,1,1,3144.1,99,5,3144.0,17,1,3143.9,221,3,3145.0,92,2,3145.1,82,1,3145.7,39,2,3145.8,133,3,3145.9,147,3
2031,2026-06-16 14:55:32+05:30,3145.0,32,3134.9,3070842,134698.0,192222.0,3163.0,3163.0,3108.0,3134.3,31855200,3447.7,2820.9,3839.9,2896.0,3145.0,47,5,3144.9,26,4,3144.8,35,3,3144.6,38,3,3144.5,36,2,3145.1,82,1,3145.9,66,1,3146.0,82,3,3146.1,656,4,3146.2,265,4
2031,2026-06-16 14:55:33+05:30,3145.0,2,3134.9,3070842,134698.0,192222.0,3163.0,3163.0,3108.0,3134.3,31855200,3447.7,2820.9,3839.9,2896.0,3145.0,47,5,3144.9,26,4,3144.8,35,3,3144.6,38,3,3144.5,36,2,3145.1,82,1,3145.9,66,1,3146.0,82,3,3146.1,656,4,3146.2,265,4
2031,2026-06-16 14:55:33+05:30,3145.0,2,3134.9,3070969,135077.0,191533.0,3163.0,3163.0,3108.0,3134.3,31855200,3447.7,2820.9,3839.9,2896.0,3145.0,97,8,3144.9,26,4,3144.8,39,4,3144.7,13,3,3144.6,78,4,3145.1,44,2,3146.0,15,1,3146.1,1,1,3146.2,47,3,3146.3,929,6
2031,2026-06-16 14:55:34+05:30,3146.0,13,3134.9,3070969,135077.0,191533.0,3163.0,3163.0,3108.0,3134.3,31855200,3447.7,2820.9,3839.9,2896.0,3145.0,97,8,3144.9,26,4,3144.8,39,4,3144.7,13,3,3144.6,78,4,3145.1,44,2,3146.0,15,1,3146.1,1,1,3146.2,47,3,3146.3,929,6
2031,2026-06-16 14:55:34+05:30,3146.0,13,3134.9,3071072,135951.0,190475.0,3163.0,3163.0,3108.0,3134.3,31855200,3447.7,2820.9,3839.9,2896.0,3145.3,15,1,3145.2,68,4,3145.1,67,4,3145.0,144,10,3144.9,63,7,3146.0,2,1,3146.2,13,1,3146.3,800,4,3146.4,235,3,3146.5,86,1
2031,2026-06-16 14:55:35+05:30,3146.0,1,3134.9,3071072,135951.0,190475.0,3163.0,3163.0,3108.0,3134.3,31855200,3447.7,2820.9,3839.9,2896.0,3145.3,15,1,3145.2,68,4,3145.1,67,4,3145.0,144,10,3144.9,63,7,3146.0,2,1,3146.2,13,1,3146.3,800,4,3146.4,235,3,3146.5,86,1
2031,2026-06-16 14:55:35+05:30,3146.0,1,3134.9,3071100,135665.0,190510.0,3163.0,3163.0,3108.0,3134.3,31855200,3447.7,2820.9,3839.9,2896.0,3145.3,42,1,3145.2,7,1,3145.1,31,2,3145.0,118,9,3144.9,77,8,3146.0,1,1,3146.2,13,1,3146.3,800,4,3146.4,235,3,3146.5,87,2
2031,2026-06-16 14:55:36+05:30,3145.9,1,3134.9,3071100,135665.0,190510.0,3163.0,3163.0,3108.0,3134.3,31855200,3447.7,2820.9,3839.9,2896.0,3145.3,42,1,3145.2,7,1,3145.1,31,2,3145.0,118,9,3144.9,77,8,3146.0,1,1,3146.2,13,1,3146.3,800,4,3146.4,235,3,3146.5,87,2
2031,2026-06-16 14:55:36+05:30,3145.9,1,3134.9,3071102,135266.0,190830.0,3163.0,3163.0,3108.0,3134.3,31855200,3447.7,2820.9,3839.9,2896.0,3145.3,71,4,3145.2,3,1,3145.1,18,2,3145.0,118,9,3144.9,57,7,3145.4,1,1,3145.9,120,1,3146.0,36,3,3146.1,20,1,3146.3,800,4
2031,2026-06-16 14:55:37+05:30,3145.4,4,3134.9,3071102,135266.0,190830.0,3163.0,3163.0,3108.0,3134.3,31855200,3447.7,2820.9,3839.9,2896.0,3145.3,71,4,3145.2,3,1,3145.1,18,2,3145.0,118,9,3144.9,57,7,3145.4,1,1,3145.9,120,1,3146.0,36,3,3146.1,20,1,3146.3,800,4
2031,2026-06-16 14:55:37+05:30,3145.4,4,3134.9,3071112,135676.0,190549.0,3163.0,3163.0,3108.0,3134.3,31855200,3447.7,2820.9,3839.9,2896.0,3145.4,41,5,3145.3,49,2,3145.2,17,1,3145.1,14,1,3145.0,155,5,3146.0,36,3,3146.3,800,4,3146.4,223,2,3146.5,86,1,3146.6,389,4
2031,2026-06-16 14:55:38+05:30,3145.4,2,3134.9,3071112,135676.0,190549.0,3163.0,3163.0,3108.0,3134.3,31855200,3447.7,2820.9,3839.9,2896.0,3145.4,41,5,3145.3,49,2,3145.2,17,1,3145.1,14,1,3145.0,155,5,3146.0,36,3,3146.3,800,4,3146.4,223,2,3146.5,86,1,3146.6,389,4
2031,2026-06-16 14:55:38+05:30,3145.4,2,3134.9,3071115,136025.0,190702.0,3163.0,3163.0,3108.0,3134.3,31855200,3447.7,2820.9,3839.9,2896.0,3145.6,18,1,3145.4,94,8,3145.3,52,2,3145.2,58,4,3145.1,40,2,3146.0,201,4,3146.1,21,1,3146.3,800,4,3146.4,223,2,3146.5,86,1
2031,2026-06-16 14:55:39+05:30,3145.6,45,3134.9,3071115,136025.0,190702.0,3163.0,3163.0,3108.0,3134.3,31855200,3447.7,2820.9,3839.9,2896.0,3145.6,18,1,3145.4,94,8,3145.3,52,2,3145.2,58,4,3145.1,40,2,3146.0,201,4,3146.1,21,1,3146.3,800,4,3146.4,223,2,3146.5,86,1
2031,2026-06-16 14:55:39+05:30,3145.6,45,3134.9,3071287,135558.0,191283.0,3163.0,3163.0,3108.0,3134.3,31855200,3447.7,2820.9,3839.9,2896.0,3145.4,80,6,3145.3,42,1,3145.2,7,1,3145.1,31,2,3145.0,98,2,3145.6,155,1,3146.0,201,4,3146.1,21,1,3146.3,856,5,3146.4,248,3
2031,2026-06-16 14:55:40+05:30,3145.6,45,3134.9,3071287,135558.0,191283.0,3163.0,3163.0,3108.0,3134.3,31855200,3447.7,2820.9,3839.9,2896.0,3145.4,80,6,3145.3,42,1,3145.2,7,1,3145.1,31,2,3145.0,98,2,3145.6,155,1,3146.0,201,4,3146.1,21,1,3146.3,856,5,3146.4,248,3
2031,2026-06-16 14:55:40+05:30,3145.6,6,3134.9,3071287,135558.0,191283.0,3163.0,3163.0,3108.0,3134.3,31855200,3447.7,2820.9,3839.9,2896.0,3145.4,80,6,3145.3,42,1,3145.2,7,1,3145.1,31,2,3145.0,98,2,3145.6,155,1,3146.0,201,4,3146.1,21,1,3146.3,856,5,3146.4,248,3
2031,2026-06-16 14:55:40+05:30,3145.6,6,3134.9,3071377,135247.0,191238.0,3163.0,3163.0,3108.0,3134.3,31855200,3447.7,2820.9,3839.9,2896.0,3145.4,43,5,3145.3,60,2,3145.2,7,1,3145.0,98,2,3144.9,5,2,3145.6,174,2,3146.0,636,6,3146.1,234,2,3146.2,86,1,3146.3,669,6
2031,2026-06-16 14:55:41+05:30,3145.6,1,3134.9,3071377,135247.0,191238.0,3163.0,3163.0,3108.0,3134.3,31855200,3447.7,2820.9,3839.9,2896.0,3145.4,43,5,3145.3,60,2,3145.2,7,1,3145.0,98,2,3144.9,5,2,3145.6,174,2,3146.0,636,6,3146.1,234,2,3146.2,86,1,3146.3,669,6
2031,2026-06-16 14:55:41+05:30,3145.6,1,3134.9,3071378,135502.0,189311.0,3163.0,3163.0,3108.0,3134.3,31855200,3447.7,2820.9,3839.9,2896.0,3145.4,60,6,3145.3,42,1,3145.2,7,1,3145.0,98,2,3144.9,5,2,3145.6,233,3,3146.0,636,6,3146.1,234,2,3146.2,86,1,3146.3,699,7
2031,2026-06-16 14:55:41+05:30,3145.6,1,3134.9,3071378,135502.0,189311.0,3163.0,3163.0,3108.0,3134.3,31855200,3447.7,2820.9,3839.9,2896.0,3145.4,60,6,3145.3,42,1,3145.2,7,1,3145.0,98,2,3144.9,5,2,3145.6,233,3,3146.0,636,6,3146.1,234,2,3146.2,86,1,3146.3,699,7
2031,2026-06-16 14:55:42+05:30,3145.6,77,3134.9,3071378,135502.0,189311.0,3163.0,3163.0,3108.0,3134.3,31855200,3447.7,2820.9,3839.9,2896.0,3145.4,60,6,3145.3,42,1,3145.2,7,1,3145.0,98,2,3144.9,5,2,3145.6,233,3,3146.0,636,6,3146.1,234,2,3146.2,86,1,3146.3,699,7
2031,2026-06-16 14:55:42+05:30,3145.6,77,3134.9,3071671,135727.0,190546.0,3163.0,3163.0,3108.0,3134.3,31855200,3447.7,2820.9,3839.9,2896.0,3145.6,21,1,3145.4,17,1,3145.3,42,1,3145.2,7,1,3145.0,98,2,3146.0,636,6,3146.1,200,1,3146.2,86,1,3146.3,661,6,3146.4,48,2
2031,2026-06-16 14:55:43+05:30,3145.6,2,3134.9,3071671,135727.0,190546.0,3163.0,3163.0,3108.0,3134.3,31855200,3447.7,2820.9,3839.9,2896.0,3145.6,21,1,3145.4,17,1,3145.3,42,1,3145.2,7,1,3145.0,98,2,3146.0,636,6,3146.1,200,1,3146.2,86,1,3146.3,661,6,3146.4,48,2
2031,2026-06-16 14:55:43+05:30,3145.6,2,3134.9,3071673,135627.0,190790.0,3163.0,3163.0,3108.0,3134.3,31855200,3447.7,2820.9,3839.9,2896.0,3145.6,61,2,3145.4,17,1,3145.3,42,1,3145.2,7,1,3145.0,60,1,3145.9,63,1,3146.0,666,7,3146.1,200,1,3146.2,86,1,3146.3,661,6
2031,2026-06-16 14:55:44+05:30,3145.6,2,3134.9,3071673,135627.0,190790.0,3163.0,3163.0,3108.0,3134.3,31855200,3447.7,2820.9,3839.9,2896.0,3145.6,61,2,3145.4,17,1,3145.3,42,1,3145.2,7,1,3145.0,60,1,3145.9,63,1,3146.0,666,7,3146.1,200,1,3146.2,86,1,3146.3,661,6
2031,2026-06-16 14:55:44+05:30,3145.6,2,3134.9,3071673,135702.0,190692.0,3163.0,3163.0,3108.0,3134.3,31855200,3447.7,2820.9,3839.9,2896.0,3145.6,77,3,3145.3,42,1,3145.2,7,1,3145.0,60,1,3144.9,23,2,3145.9,63,1,3146.0,667,8,3146.1,200,1,3146.2,86,1,3146.3,661,6
2031,2026-06-16 14:55:45+05:30,3145.9,125,3134.91,3071799,135639.0,190597.0,3163.0,3163.0,3108.0,3134.3,31855200,3447.7,2820.9,3839.9,2896.0,3145.6,77,4,3145.3,52,2,3145.2,12,1,3145.0,60,1,3144.9,23,2,3146.0,667,8,3146.1,200,1,3146.2,86,1,3146.3,532,3,3146.4,23,1
2031,2026-06-16 14:55:46+05:30,3145.6,8,3134.91,3071799,135639.0,190597.0,3163.0,3163.0,3108.0,3134.3,31855200,3447.7,2820.9,3839.9,2896.0,3145.6,77,4,3145.3,52,2,3145.2,12,1,3145.0,60,1,3144.9,23,2,3146.0,667,8,3146.1,200,1,3146.2,86,1,3146.3,532,3,3146.4,23,1
2031,2026-06-16 14:55:46+05:30,3145.5,2,3134.91,3072155,135298.0,191326.0,3163.0,3163.0,3108.0,3134.3,31855200,3447.7,2820.9,3839.9,2896.0,3145.3,59,2,3145.0,60,1,3144.8,17,1,3144.7,28,3,3144.6,57,3,3145.5,1,1,3145.9,14,1,3146.0,663,7,3146.1,200,1,3146.2,138,2
2031,2026-06-16 14:55:46+05:30,3145.5,2,3134.91,3072155,135298.0,191326.0,3163.0,3163.0,3108.0,3134.3,31855200,3447.7,2820.9,3839.9,2896.0,3145.3,59,2,3145.0,60,1,3144.8,17,1,3144.7,28,3,3144.6,57,3,3145.5,1,1,3145.9,14,1,3146.0,663,7,3146.1,200,1,3146.2,138,2
2031,2026-06-16 14:55:47+05:30,3145.6,1,3134.91,3072155,135298.0,191326.0,3163.0,3163.0,3108.0,3134.3,31855200,3447.7,2820.9,3839.9,2896.0,3145.3,59,2,3145.0,60,1,3144.8,17,1,3144.7,28,3,3144.6,57,3,3145.5,1,1,3145.9,14,1,3146.0,663,7,3146.1,200,1,3146.2,138,2
2031,2026-06-16 14:55:47+05:30,3145.6,1,3134.91,3072173,135466.0,191451.0,3163.0,3163.0,3108.0,3134.3,31855200,3447.7,2820.9,3839.9,2896.0,3145.3,59,2,3145.0,60,1,3144.9,21,1,3144.7,28,3,3144.6,32,2,3145.5,1,1,3145.6,19,1,3146.0,588,5,3146.1,256,2,3146.2,138,2
2031,2026-06-16 14:55:48+05:30,3145.3,2,3134.91,3072173,135466.0,191451.0,3163.0,3163.0,3108.0,3134.3,31855200,3447.7,2820.9,3839.9,2896.0,3145.3,59,2,3145.0,60,1,3144.9,21,1,3144.7,28,3,3144.6,32,2,3145.5,1,1,3145.6,19,1,3146.0,588,5,3146.1,256,2,3146.2,138,2
2031,2026-06-16 14:55:48+05:30,3145.5,1,3134.91,3072222,134909.0,191536.0,3163.0,3163.0,3108.0,3134.3,31855200,3447.7,2820.9,3839.9,2896.0,3145.4,16,1,3145.0,60,1,3144.7,28,3,3144.6,32,2,3144.5,29,2,3145.5,24,1,3145.6,19,1,3146.0,567,4,3146.1,256,2,3146.2,168,4
2031,2026-06-16 14:55:49+05:30,3145.5,1,3134.91,3072222,134909.0,191536.0,3163.0,3163.0,3108.0,3134.3,31855200,3447.7,2820.9,3839.9,2896.0,3145.4,16,1,3145.0,60,1,3144.7,28,3,3144.6,32,2,3144.5,29,2,3145.5,24,1,3145.6,19,1,3146.0,567,4,3146.1,256,2,3146.2,168,4
2031,2026-06-16 14:55:49+05:30,3145.5,1,3134.91,3072222,134909.0,191536.0,3163.0,3163.0,3108.0,3134.3,31855200,3447.7,2820.9,3839.9,2896.0,3145.4,16,1,3145.0,60,1,3144.7,28,3,3144.6,32,2,3144.5,29,2,3145.5,24,1,3145.6,19,1,3146.0,567,4,3146.1,256,2,3146.2,168,4
2031,2026-06-16 14:55:49+05:30,3145.5,17,3134.91,3072249,135246.0,191785.0,3163.0,3163.0,3108.0,3134.3,31855200,3447.7,2820.9,3839.9,2896.0,3145.1,11,1,3145.0,60,1,3144.7,25,2,3144.6,32,2,3144.5,54,3,3145.5,27,2,3145.6,19,1,3146.0,666,5,3146.1,256,2,3146.2,168,4
2031,2026-06-16 14:55:50+05:30,3145.5,17,3134.91,3072249,135246.0,191785.0,3163.0,3163.0,3108.0,3134.3,31855200,3447.7,2820.9,3839.9,2896.0,3145.1,11,1,3145.0,60,1,3144.7,25,2,3144.6,32,2,3144.5,54,3,3145.5,27,2,3145.6,19,1,3146.0,666,5,3146.1,256,2,3146.2,168,4
2031,2026-06-16 14:55:50+05:30,3145.4,166,3134.91,3072415,135112.0,191564.0,3163.0,3163.0,3108.0,3134.3,31855200,3447.7,2820.9,3839.9,2896.0,3145.0,60,1,3144.7,40,3,3144.6,15,1,3144.5,71,4,3144.4,94,4,3145.4,34,1,3145.5,33,3,3145.6,19,1,3146.0,666,5,3146.1,257,3
2031,2026-06-16 14:55:50+05:30,3145.4,166,3134.91,3072415,135112.0,191564.0,3163.0,3163.0,3108.0,3134.3,31855200,3447.7,2820.9,3839.9,2896.0,3145.0,60,1,3144.7,40,3,3144.6,15,1,3144.5,71,4,3144.4,94,4,3145.4,34,1,3145.5,33,3,3145.6,19,1,3146.0,666,5,3146.1,257,3
2031,2026-06-16 14:55:51+05:30,3145.4,166,3134.91,3072415,135112.0,191564.0,3163.0,3163.0,3108.0,3134.3,31855200,3447.7,2820.9,3839.9,2896.0,3145.0,60,1,3144.7,40,3,3144.6,15,1,3144.5,71,4,3144.4,94,4,3145.4,34,1,3145.5,33,3,3145.6,19,1,3146.0,666,5,3146.1,257,3
2031,2026-06-16 14:55:51+05:30,3145.0,44,3134.91,3072470,135208.0,191246.0,3163.0,3163.0,3108.0,3134.3,31855200,3447.7,2820.9,3839.9,2896.0,3145.0,36,2,3144.9,16,1,3144.8,17,1,3144.7,12,2,3144.6,40,4,3145.2,23,1,3145.3,10,1,3145.5,33,3,3145.6,19,1,3146.0,666,5
2031,2026-06-16 14:55:52+05:30,3145.3,10,3134.91,3072470,135208.0,191246.0,3163.0,3163.0,3108.0,3134.3,31855200,3447.7,2820.9,3839.9,2896.0,3145.0,36,2,3144.9,16,1,3144.8,17,1,3144.7,12,2,3144.6,40,4,3145.2,23,1,3145.3,10,1,3145.5,33,3,3145.6,19,1,3146.0,666,5
2031,2026-06-16 14:55:52+05:30,3145.3,10,3134.91,3072470,135208.0,191246.0,3163.0,3163.0,3108.0,3134.3,31855200,3447.7,2820.9,3839.9,2896.0,3145.0,36,2,3144.9,16,1,3144.8,17,1,3144.7,12,2,3144.6,40,4,3145.2,23,1,3145.3,10,1,3145.5,33,3,3145.6,19,1,3146.0,666,5
2031,2026-06-16 14:55:52+05:30,3145.2,4,3134.91,3072512,135246.0,191021.0,3163.0,3163.0,3108.0,3134.3,31855200,3447.7,2820.9,3839.9,2896.0,3145.2,70,9,3145.1,3,1,3145.0,74,5,3144.9,45,3,3144.8,17,1,3145.5,26,2,3145.6,19,1,3146.0,666,5,3146.1,200,1,3146.2,86,1
2031,2026-06-16 14:55:53+05:30,3145.2,4,3134.91,3072512,135246.0,191021.0,3163.0,3163.0,3108.0,3134.3,31855200,3447.7,2820.9,3839.9,2896.0,3145.2,70,9,3145.1,3,1,3145.0,74,5,3144.9,45,3,3144.8,17,1,3145.5,26,2,3145.6,19,1,3146.0,666,5,3146.1,200,1,3146.2,86,1
2031,2026-06-16 14:55:53+05:30,3145.2,1,3134.91,3072512,135246.0,191021.0,3163.0,3163.0,3108.0,3134.3,31855200,3447.7,2820.9,3839.9,2896.0,3145.2,70,9,3145.1,3,1,3145.0,74,5,3144.9,45,3,3144.8,17,1,3145.5,26,2,3145.6,19,1,3146.0,666,5,3146.1,200,1,3146.2,86,1
2031,2026-06-16 14:55:53+05:30,3145.2,1,3134.91,3072512,135246.0,191021.0,3163.0,3163.0,3108.0,3134.3,31855200,3447.7,2820.9,3839.9,2896.0,3145.2,70,9,3145.1,3,1,3145.0,74,5,3144.9,45,3,3144.8,17,1,3145.5,26,2,3145.6,19,1,3146.0,666,5,3146.1,200,1,3146.2,86,1
2031,2026-06-16 14:55:53+05:30,3145.2,1,3134.91,3072531,135315.0,190886.0,3163.0,3163.0,3108.0,3134.3,31855200,3447.7,2820.9,3839.9,2896.0,3145.2,77,10,3145.1,9,2,3145.0,74,5,3144.9,45,3,3144.8,17,1,3145.5,9,2,3145.6,19,1,3146.0,666,5,3146.1,200,1,3146.2,86,1
2031,2026-06-16 14:55:54+05:30,3145.2,1,3134.91,3072531,135315.0,190886.0,3163.0,3163.0,3108.0,3134.3,31855200,3447.7,2820.9,3839.9,2896.0,3145.2,77,10,3145.1,9,2,3145.0,74,5,3144.9,45,3,3144.8,17,1,3145.5,9,2,3145.6,19,1,3146.0,666,5,3146.1,200,1,3146.2,86,1
2031,2026-06-16 14:55:55+05:30,3145.2,1,3134.91,3072531,135321.0,190988.0,3163.0,3163.0,3108.0,3134.3,31855200,3447.7,2820.9,3839.9,2896.0,3145.2,78,11,3145.1,24,3,3145.0,74,5,3144.9,29,2,3144.8,17,1,3145.5,64,3,3145.6,19,1,3146.0,665,4,3146.1,200,1,3146.2,86,1
2031,2026-06-16 14:55:55+05:30,3145.5,1,3134.91,3072531,135321.0,190988.0,3163.0,3163.0,3108.0,3134.3,31855200,3447.7,2820.9,3839.9,2896.0,3145.2,78,11,3145.1,24,3,3145.0,74,5,3144.9,29,2,3144.8,17,1,3145.5,64,3,3145.6,19,1,3146.0,665,4,3146.1,200,1,3146.2,86,1
2031,2026-06-16 14:55:55+05:30,3145.5,1,3134.91,3072531,135321.0,190988.0,3163.0,3163.0,3108.0,3134.3,31855200,3447.7,2820.9,3839.9,2896.0,3145.2,78,11,3145.1,24,3,3145.0,74,5,3144.9,29,2,3144.8,17,1,3145.5,64,3,3145.6,19,1,3146.0,665,4,3146.1,200,1,3146.2,86,1
2031,2026-06-16 14:55:55+05:30,3145.5,1,3134.91,3072532,134971.0,189129.0,3163.0,3163.0,3108.0,3134.3,31855200,3447.7,2820.9,3839.9,2896.0,3145.2,128,12,3145.1,24,3,3145.0,74,5,3144.9,29,2,3144.8,17,1,3145.5,63,3,3145.6,19,1,3146.0,665,4,3146.1,200,1,3146.2,86,1
2031,2026-06-16 14:55:56+05:30,3145.2,3,3134.91,3072532,134971.0,189129.0,3163.0,3163.0,3108.0,3134.3,31855200,3447.7,2820.9,3839.9,2896.0,3145.2,128,12,3145.1,24,3,3145.0,74,5,3144.9,29,2,3144.8,17,1,3145.5,63,3,3145.6,19,1,3146.0,665,4,3146.1,200,1,3146.2,86,1
2031,2026-06-16 14:55:56+05:30,3145.2,3,3134.91,3072532,134971.0,189129.0,3163.0,3163.0,3108.0,3134.3,31855200,3447.7,2820.9,3839.9,2896.0,3145.2,128,12,3145.1,24,3,3145.0,74,5,3144.9,29,2,3144.8,17,1,3145.5,63,3,3145.6,19,1,3146.0,665,4,3146.1,200,1,3146.2,86,1
2031,2026-06-16 14:55:56+05:30,3145.3,9,3134.91,3072546,135030.0,190991.0,3163.0,3163.0,3108.0,3134.3,31855200,3447.7,2820.9,3839.9,2896.0,3145.3,7,1,3145.2,122,11,3145.1,9,2,3145.0,74,5,3144.9,6,1,3145.5,63,3,3145.6,19,1,3146.0,665,4,3146.1,200,1,3146.2,86,1
2031,2026-06-16 14:55:57+05:30,3145.5,44,3134.91,3072546,135030.0,190991.0,3163.0,3163.0,3108.0,3134.3,31855200,3447.7,2820.9,3839.9,2896.0,3145.3,7,1,3145.2,122,11,3145.1,9,2,3145.0,74,5,3144.9,6,1,3145.5,63,3,3145.6,19,1,3146.0,665,4,3146.1,200,1,3146.2,86,1
2031,2026-06-16 14:55:57+05:30,3145.5,44,3134.91,3072546,135030.0,190991.0,3163.0,3163.0,3108.0,3134.3,31855200,3447.7,2820.9,3839.9,2896.0,3145.3,7,1,3145.2,122,11,3145.1,9,2,3145.0,74,5,3144.9,6,1,3145.5,63,3,3145.6,19,1,3146.0,665,4,3146.1,200,1,3146.2,86,1
2031,2026-06-16 14:55:57+05:30,3145.6,1,3134.91,3072799,135204.0,190856.0,3163.0,3163.0,3108.0,3134.3,31855200,3447.7,2820.9,3839.9,2896.0,3145.5,66,8,3145.4,15,1,3145.3,4,1,3145.2,110,5,3145.1,9,2,3145.6,1,1,3145.7,3,1,3146.0,665,4,3146.1,200,1,3146.2,86,1
2031,2026-06-16 14:55:58+05:30,3145.6,1,3134.91,3072799,135204.0,190856.0,3163.0,3163.0,3108.0,3134.3,31855200,3447.7,2820.9,3839.9,2896.0,3145.5,66,8,3145.4,15,1,3145.3,4,1,3145.2,110,5,3145.1,9,2,3145.6,1,1,3145.7,3,1,3146.0,665,4,3146.1,200,1,3146.2,86,1
2031,2026-06-16 14:55:58+05:30,3145.5,3,3134.91,3072799,135204.0,190856.0,3163.0,3163.0,3108.0,3134.3,31855200,3447.7,2820.9,3839.9,2896.0,3145.5,66,8,3145.4,15,1,3145.3,4,1,3145.2,110,5,3145.1,9,2,3145.6,1,1,3145.7,3,1,3146.0,665,4,3146.1,200,1,3146.2,86,1
2031,2026-06-16 14:55:58+05:30,3145.5,3,3134.91,3072799,135204.0,190856.0,3163.0,3163.0,3108.0,3134.3,31855200,3447.7,2820.9,3839.9,2896.0,3145.5,66,8,3145.4,15,1,3145.3,4,1,3145.2,110,5,3145.1,9,2,3145.6,1,1,3145.7,3,1,3146.0,665,4,3146.1,200,1,3146.2,86,1
2031,2026-06-16 14:55:58+05:30,3145.5,3,3134.91,3072802,135401.0,190859.0,3163.0,3163.0,3108.0,3134.3,31855200,3447.7,2820.9,3839.9,2896.0,3145.6,15,1,3145.5,63,8,3145.3,4,1,3145.2,110,5,3145.1,24,3,3145.7,3,1,3146.0,665,4,3146.1,200,1,3146.2,86,1,3146.3,332,2
2031,2026-06-16 14:55:59+05:30,3145.6,136,3134.91,3072802,135401.0,190859.0,3163.0,3163.0,3108.0,3134.3,31855200,3447.7,2820.9,3839.9,2896.0,3145.6,15,1,3145.5,63,8,3145.3,4,1,3145.2,110,5,3145.1,24,3,3145.7,3,1,3146.0,665,4,3146.1,200,1,3146.2,86,1,3146.3,332,2
2031,2026-06-16 14:55:59+05:30,3145.6,136,3134.91,3072802,135401.0,190859.0,3163.0,3163.0,3108.0,3134.3,31855200,3447.7,2820.9,3839.9,2896.0,3145.6,15,1,3145.5,63,8,3145.3,4,1,3145.2,110,5,3145.1,24,3,3145.7,3,1,3146.0,665,4,3146.1,200,1,3146.2,86,1,3146.3,332,2
2031,2026-06-16 14:55:59+05:30,3146.0,14,3134.91,3072955,135280.0,190394.0,3163.0,3163.0,3108.0,3134.3,31855200,3447.7,2820.9,3839.9,2896.0,3145.7,1,1,3145.5,48,5,3145.2,50,1,3145.1,15,1,3145.0,88,7,3146.0,651,4,3146.1,200,1,3146.2,86,1,3146.3,332,2,3146.4,79,2
2031,2026-06-16 14:56:00+05:30,3145.7,1,3134.91,3072955,135280.0,190394.0,3163.0,3163.0,3108.0,3134.3,31855200,3447.7,2820.9,3839.9,2896.0,3145.7,1,1,3145.5,48,5,3145.2,50,1,3145.1,15,1,3145.0,88,7,3146.0,651,4,3146.1,200,1,3146.2,86,1,3146.3,332,2,3146.4,79,2
2031,2026-06-16 14:56:00+05:30,3145.7,1,3134.91,3072955,135280.0,190394.0,3163.0,3163.0,3108.0,3134.3,31855200,3447.7,2820.9,3839.9,2896.0,3145.7,1,1,3145.5,48,5,3145.2,50,1,3145.1,15,1,3145.0,88,7,3146.0,651,4,3146.1,200,1,3146.2,86,1,3146.3,332,2,3146.4,79,2
2031,2026-06-16 14:56:01+05:30,3145.9,1,3134.91,3072960,135135.0,190545.0,3163.0,3163.0,3108.0,3134.3,31855200,3447.7,2820.9,3839.9,2896.0,3145.7,2,2,3145.6,9,2,3145.5,64,6,3145.3,17,1,3145.2,50,1,3145.9,58,1,3146.0,681,6,3146.1,200,1,3146.2,86,1,3146.3,332,2
2031,2026-06-16 14:56:01+05:30,3145.7,1,3134.91,3072960,135135.0,190545.0,3163.0,3163.0,3108.0,3134.3,31855200,3447.7,2820.9,3839.9,2896.0,3145.7,2,2,3145.6,9,2,3145.5,64,6,3145.3,17,1,3145.2,50,1,3145.9,58,1,3146.0,681,6,3146.1,200,1,3146.2,86,1,3146.3,332,2
2031,2026-06-16 14:56:02+05:30,3145.6,7,3134.91,3073170,135111.0,190580.0,3163.0,3163.0,3108.0,3134.3,31855200,3447.7,2820.9,3839.9,2896.0,3145.6,1,1,3145.5,48,5,3145.2,61,2,3145.1,20,1,3145.0,85,7,3145.9,57,1,3146.0,681,6,3146.1,200,1,3146.2,86,1,3146.3,332,2
2031,2026-06-16 14:56:02+05:30,3145.9,12,3134.91,3073170,135111.0,190580.0,3163.0,3163.0,3108.0,3134.3,31855200,3447.7,2820.9,3839.9,2896.0,3145.6,1,1,3145.5,48,5,3145.2,61,2,3145.1,20,1,3145.0,85,7,3145.9,57,1,3146.0,681,6,3146.1,200,1,3146.2,86,1,3146.3,332,2
2031,2026-06-16 14:56:03+05:30,3145.9,13,3134.91,3073487,134880.0,190169.0,3163.0,3163.0,3108.0,3134.3,31855200,3447.7,2820.9,3839.9,2896.0,3145.6,1,1,3145.2,50,1,3145.1,33,2,3145.0,51,5,3144.9,35,2,3146.0,700,7,3146.1,277,4,3146.2,86,1,3146.3,371,5,3146.4,146,4
2031,2026-06-16 14:56:03+05:30,3145.9,1,3134.91,3073487,134880.0,190169.0,3163.0,3163.0,3108.0,3134.3,31855200,3447.7,2820.9,3839.9,2896.0,3145.6,1,1,3145.2,50,1,3145.1,33,2,3145.0,51,5,3144.9,35,2,3146.0,700,7,3146.1,277,4,3146.2,86,1,3146.3,371,5,3146.4,146,4
2031,2026-06-16 14:56:04+05:30,3145.9,1,3134.91,3073534,135222.0,190502.0,3163.0,3163.0,3108.0,3134.3,31855200,3447.7,2820.9,3839.9,2896.0,3145.6,4,1,3145.2,131,3,3145.1,30,2,3145.0,51,5,3144.9,35,2,3145.9,35,1,3146.0,682,7,3146.1,306,4,3146.2,86,1,3146.3,399,5
2031,2026-06-16 14:56:05+05:30,3145.9,26,3134.91,3073560,135407.0,190699.0,3163.0,3163.0,3108.0,3134.3,31855200,3447.7,2820.9,3839.9,2896.0,3145.6,55,3,3145.2,101,2,3145.1,27,2,3145.0,51,5,3144.9,37,3,3146.0,794,9,3146.1,295,3,3146.2,86,1,3146.3,351,3,3146.4,153,4
2031,2026-06-16 14:56:05+05:30,3146.0,26,3134.91,3073560,135407.0,190699.0,3163.0,3163.0,3108.0,3134.3,31855200,3447.7,2820.9,3839.9,2896.0,3145.6,55,3,3145.2,101,2,3145.1,27,2,3145.0,51,5,3144.9,37,3,3146.0,794,9,3146.1,295,3,3146.2,86,1,3146.3,351,3,3146.4,153,4
2031,2026-06-16 14:56:06+05:30,3145.6,7,3134.91,3073812,135115.0,188630.0,3163.0,3163.0,3108.0,3134.3,31855200,3447.7,2820.9,3839.9,2896.0,3145.6,12,2,3145.2,101,2,3145.1,47,3,3145.0,51,5,3144.9,37,3,3146.0,787,11,3146.1,272,3,3146.2,115,2,3146.3,332,2,3146.4,183,6
2031,2026-06-16 14:56:06+05:30,3145.9,30,3134.91,3073812,135115.0,188630.0,3163.0,3163.0,3108.0,3134.3,31855200,3447.7,2820.9,3839.9,2896.0,3145.6,12,2,3145.2,101,2,3145.1,47,3,3145.0,51,5,3144.9,37,3,3146.0,787,11,3146.1,272,3,3146.2,115,2,3146.3,332,2,3146.4,183,6
2031,2026-06-16 14:56:07+05:30,3145.6,16,3134.91,3073934,135290.0,191782.0,3163.0,3163.0,3108.0,3134.3,31855200,3447.7,2820.9,3839.9,2896.0,3145.4,14,1,3145.2,100,1,3145.0,51,5,3144.9,23,2,3144.7,20,1,3145.6,104,2,3145.8,169,1,3145.9,200,1,3146.0,824,13,3146.1,273,4
2031,2026-06-16 14:56:07+05:30,3145.2,44,3134.91,3073934,135290.0,191782.0,3163.0,3163.0,3108.0,3134.3,31855200,3447.7,2820.9,3839.9,2896.0,3145.4,14,1,3145.2,100,1,3145.0,51,5,3144.9,23,2,3144.7,20,1,3145.6,104,2,3145.8,169,1,3145.9,200,1,3146.0,824,13,3146.1,273,4
2031,2026-06-16 14:56:08+05:30,3145.4,2,3134.91,3074174,135544.0,191578.0,3163.0,3163.0,3108.0,3134.3,31855200,3447.7,2820.9,3839.9,2896.0,3145.4,43,1,3145.3,32,1,3145.2,86,2,3145.1,32,1,3145.0,151,6,3145.8,143,1,3145.9,200,1,3146.0,667,7,3146.1,200,1,3146.2,169,3
2031,2026-06-16 14:56:08+05:30,3145.4,3,3134.91,3074174,135544.0,191578.0,3163.0,3163.0,3108.0,3134.3,31855200,3447.7,2820.9,3839.9,2896.0,3145.4,43,1,3145.3,32,1,3145.2,86,2,3145.1,32,1,3145.0,151,6,3145.8,143,1,3145.9,200,1,3146.0,667,7,3146.1,200,1,3146.2,169,3
2031,2026-06-16 14:56:09+05:30,3145.7,15,3134.91,3074290,134941.0,191865.0,3163.0,3163.0,3108.0,3134.3,31855200,3447.7,2820.9,3839.9,2896.0,3145.4,26,1,3145.2,86,2,3145.1,18,1,3145.0,151,6,3144.9,22,1,3145.8,215,4,3145.9,261,3,3146.0,694,8,3146.1,233,2,3146.2,234,6
2031,2026-06-16 14:56:09+05:30,3145.7,15,3134.91,3074290,134941.0,191865.0,3163.0,3163.0,3108.0,3134.3,31855200,3447.7,2820.9,3839.9,2896.0,3145.4,26,1,3145.2,86,2,3145.1,18,1,3145.0,151,6,3144.9,22,1,3145.8,215,4,3145.9,261,3,3146.0,694,8,3146.1,233,2,3146.2,234,6
2031,2026-06-16 14:56:10+05:30,3145.4,10,3134.91,3074395,135097.0,191994.0,3163.0,3163.0,3108.0,3134.3,31855200,3447.7,2820.9,3839.9,2896.0,3145.4,26,2,3145.2,86,2,3145.0,151,6,3144.9,22,1,3144.7,21,2,3145.8,167,5,3145.9,224,2,3146.0,730,9,3146.1,233,2,3146.2,232,5
2031,2026-06-16 14:56:10+05:30,3145.8,26,3134.91,3074395,135097.0,191994.0,3163.0,3163.0,3108.0,3134.3,31855200,3447.7,2820.9,3839.9,2896.0,3145.4,26,2,3145.2,86,2,3145.0,151,6,3144.9,22,1,3144.7,21,2,3145.8,167,5,3145.9,224,2,3146.0,730,9,3146.1,233,2,3146.2,232,5
2031,2026-06-16 14:56:11+05:30,3145.7,26,3134.91,3074536,134965.0,192278.0,3163.0,3163.0,3108.0,3134.3,31855200,3447.7,2820.9,3839.9,2896.0,3145.4,17,1,3145.2,86,2,3145.0,151,6,3144.9,22,1,3144.7,21,2,3145.7,174,1,3145.8,177,6,3145.9,284,4,3146.0,703,8,3146.1,233,2
2031,2026-06-16 14:56:11+05:30,3145.7,26,3134.91,3074536,134965.0,192278.0,3163.0,3163.0,3108.0,3134.3,31855200,3447.7,2820.9,3839.9,2896.0,3145.4,17,1,3145.2,86,2,3145.0,151,6,3144.9,22,1,3144.7,21,2,3145.7,174,1,3145.8,177,6,3145.9,284,4,3146.0,703,8,3146.1,233,2
2031,2026-06-16 14:56:12+05:30,3145.6,1,3134.91,3074574,135105.0,192322.0,3163.0,3163.0,3108.0,3134.3,31855200,3447.7,2820.9,3839.9,2896.0,3145.6,44,1,3145.4,17,1,3145.2,54,1,3145.1,32,1,3145.0,151,6,3145.7,325,4,3145.8,141,5,3145.9,320,5,3146.0,666,6,3146.1,233,2
2031,2026-06-16 14:56:12+05:30,3145.6,44,3134.91,3074574,135105.0,192322.0,3163.0,3163.0,3108.0,3134.3,31855200,3447.7,2820.9,3839.9,2896.0,3145.6,44,1,3145.4,17,1,3145.2,54,1,3145.1,32,1,3145.0,151,6,3145.7,325,4,3145.8,141,5,3145.9,320,5,3146.0,666,6,3146.1,233,2
2031,2026-06-16 14:56:13+05:30,3145.8,1,3134.92,3075293,135172.0,192089.0,3163.0,3163.0,3108.0,3134.3,31855200,3447.7,2820.9,3839.9,2896.0,3145.5,32,1,3145.4,49,2,3145.3,32,1,3145.2,54,1,3145.1,32,1,3145.8,196,8,3145.9,200,1,3146.0,740,9,3146.1,224,2,3146.2,249,5
2031,2026-06-16 14:56:13+05:30,3145.4,14,3134.92,3075293,135172.0,192089.0,3163.0,3163.0,3108.0,3134.3,31855200,3447.7,2820.9,3839.9,2896.0,3145.5,32,1,3145.4,49,2,3145.3,32,1,3145.2,54,1,3145.1,32,1,3145.8,196,8,3145.9,200,1,3146.0,740,9,3146.1,224,2,3146.2,249,5
2031,2026-06-16 14:56:14+05:30,3145.8,13,3134.92,3075405,135260.0,192077.0,3163.0,3163.0,3108.0,3134.3,31855200,3447.7,2820.9,3839.9,2896.0,3145.4,35,2,3145.3,32,1,3145.2,54,1,3145.1,32,1,3145.0,151,6,3145.8,216,9,3145.9,200,1,3146.0,740,9,3146.1,278,3,3146.2,249,5
2031,2026-06-16 14:56:14+05:30,3145.8,13,3134.92,3075405,135260.0,192077.0,3163.0,3163.0,3108.0,3134.3,31855200,3447.7,2820.9,3839.9,2896.0,3145.4,35,2,3145.3,32,1,3145.2,54,1,3145.1,32,1,3145.0,151,6,3145.8,216,9,3145.9,200,1,3146.0,740,9,3146.1,278,3,3146.2,249,5
2031,2026-06-16 14:56:15+05:30,3145.7,14,3134.92,3075584,135104.0,192007.0,3163.0,3163.0,3108.0,3134.3,31855200,3447.7,2820.9,3839.9,2896.0,3145.4,36,1,3145.3,32,1,3145.2,54,1,3145.1,32,1,3145.0,151,6,3145.8,166,8,3145.9,200,1,3146.0,711,8,3146.1,278,3,3146.2,249,5
2031,2026-06-16 14:56:15+05:30,3145.7,14,3134.92,3075584,135104.0,192007.0,3163.0,3163.0,3108.0,3134.3,31855200,3447.7,2820.9,3839.9,2896.0,3145.4,36,1,3145.3,32,1,3145.2,54,1,3145.1,32,1,3145.0,151,6,3145.8,166,8,3145.9,200,1,3146.0,711,8,3146.1,278,3,3146.2,249,5
2031,2026-06-16 14:56:16+05:30,3145.2,17,3134.92,3075884,134673.0,191996.0,3163.0,3163.0,3108.0,3134.3,31855200,3447.7,2820.9,3839.9,2896.0,3145.2,37,1,3145.1,32,1,3145.0,151,6,3144.7,21,2,3144.5,20,1,3145.7,14,1,3145.8,210,10,3145.9,254,2,3146.0,710,8,3146.1,254,2
2031,2026-06-16 14:56:16+05:30,3145.8,12,3134.92,3075884,134673.0,191996.0,3163.0,3163.0,3108.0,3134.3,31855200,3447.7,2820.9,3839.9,2896.0,3145.2,37,1,3145.1,32,1,3145.0,151,6,3144.7,21,2,3144.5,20,1,3145.7,14,1,3145.8,210,10,3145.9,254,2,3146.0,710,8,3146.1,254,2
2031,2026-06-16 14:56:17+05:30,3145.8,17,3134.92,3075951,135063.0,191967.0,3163.0,3163.0,3108.0,3134.3,31855200,3447.7,2820.9,3839.9,2896.0,3145.2,75,2,3145.1,32,1,3145.0,151,6,3144.7,20,1,3144.6,1,1,3145.7,214,2,3145.8,167,9,3146.0,710,8,3146.1,200,1,3146.2,250,6
2031,2026-06-16 14:56:17+05:30,3145.8,17,3134.92,3075951,135063.0,191967.0,3163.0,3163.0,3108.0,3134.3,31855200,3447.7,2820.9,3839.9,2896.0,3145.2,75,2,3145.1,32,1,3145.0,151,6,3144.7,20,1,3144.6,1,1,3145.7,214,2,3145.8,167,9,3146.0,710,8,3146.1,200,1,3146.2,250,6
2031,2026-06-16 14:56:18+05:30,3145.5,45,3134.92,3076022,135319.0,191960.0,3163.0,3163.0,3108.0,3134.3,31855200,3447.7,2820.9,3839.9,2896.0,3145.2,75,2,3145.0,183,7,3144.7,20,1,3144.6,1,1,3144.5,20,1,3145.5,143,1,3145.6,14,1,3145.7,75,3,3145.8,131,8,3146.0,709,8
2031,2026-06-16 14:56:18+05:30,3145.4,3,3134.92,3076022,135319.0,191960.0,3163.0,3163.0,3108.0,3134.3,31855200,3447.7,2820.9,3839.9,2896.0,3145.2,75,2,3145.0,183,7,3144.7,20,1,3144.6,1,1,3144.5,20,1,3145.5,143,1,3145.6,14,1,3145.7,75,3,3145.8,131,8,3146.0,709,8
2031,2026-06-16 14:56:19+05:30,3145.5,26,3134.92,3076119,135367.0,191541.0,3163.0,3163.0,3108.0,3134.3,31855200,3447.7,2820.9,3839.9,2896.0,3145.4,33,2,3145.3,32,1,3145.2,107,3,3145.0,183,7,3144.7,20,1,3145.5,55,2,3145.7,96,2,3145.8,92,5,3146.0,547,5,3146.1,227,2
2031,2026-06-16 14:56:19+05:30,3145.5,1,3134.92,3076119,135367.0,191541.0,3163.0,3163.0,3108.0,3134.3,31855200,3447.7,2820.9,3839.9,2896.0,3145.4,33,2,3145.3,32,1,3145.2,107,3,3145.0,183,7,3144.7,20,1,3145.5,55,2,3145.7,96,2,3145.8,92,5,3146.0,547,5,3146.1,227,2
2031,2026-06-16 14:56:20+05:30,3145.5,17,3134.92,3076191,135538.0,191634.0,3163.0,3163.0,3108.0,3134.3,31855200,3447.7,2820.9,3839.9,2896.0,3145.4,33,2,3145.3,32,1,3145.2,107,3,3145.0,183,7,3144.7,74,2,3145.5,14,2,3145.6,63,1,3145.7,71,1,3145.8,92,5,3146.0,533,4
2031,2026-06-16 14:56:20+05:30,3145.5,17,3134.92,3076191,135538.0,191634.0,3163.0,3163.0,3108.0,3134.3,31855200,3447.7,2820.9,3839.9,2896.0,3145.4,33,2,3145.3,32,1,3145.2,107,3,3145.0,183,7,3144.7,74,2,3145.5,14,2,3145.6,63,1,3145.7,71,1,3145.8,92,5,3146.0,533,4
2031,2026-06-16 14:56:21+05:30,3145.5,1,3134.92,3076268,135582.0,191618.0,3163.0,3163.0,3108.0,3134.3,31855200,3447.7,2820.9,3839.9,2896.0,3145.4,38,1,3145.3,23,1,3145.2,107,3,3145.0,183,7,3144.7,20,1,3145.5,1,1,3145.6,63,1,3145.7,71,1,3145.8,92,5,3146.0,566,5
2031,2026-06-16 14:56:21+05:30,3145.6,1,3134.92,3076268,135582.0,191618.0,3163.0,3163.0,3108.0,3134.3,31855200,3447.7,2820.9,3839.9,2896.0,3145.4,38,1,3145.3,23,1,3145.2,107,3,3145.0,183,7,3144.7,20,1,3145.5,1,1,3145.6,63,1,3145.7,71,1,3145.8,92,5,3146.0,566,5
2031,2026-06-16 14:56:22+05:30,3145.6,16,3134.92,3076355,135630.0,191525.0,3163.0,3163.0,3108.0,3134.3,31855200,3447.7,2820.9,3839.9,2896.0,3145.4,38,1,3145.3,55,2,3145.2,75,2,3145.1,50,2,3145.0,151,6,3145.6,1,1,3145.7,71,1,3145.8,92,5,3146.0,566,5,3146.1,200,1
2031,2026-06-16 14:56:22+05:30,3145.6,16,3134.92,3076355,135630.0,191525.0,3163.0,3163.0,3108.0,3134.3,31855200,3447.7,2820.9,3839.9,2896.0,3145.4,38,1,3145.3,55,2,3145.2,75,2,3145.1,50,2,3145.0,151,6,3145.6,1,1,3145.7,71,1,3145.8,92,5,3146.0,566,5,3146.1,200,1
2031,2026-06-16 14:56:23+05:30,3145.5,2,3134.92,3076412,135482.0,190947.0,3163.0,3163.0,3108.0,3134.3,31855200,3447.7,2820.9,3839.9,2896.0,3145.5,30,1,3145.4,54,2,3145.3,55,2,3145.2,75,2,3145.1,32,1,3145.6,9,1,3145.7,71,1,3145.8,92,5,3146.0,533,4,3146.1,200,1
2031,2026-06-16 14:56:23+05:30,3145.5,2,3134.92,3076412,135482.0,190947.0,3163.0,3163.0,3108.0,3134.3,31855200,3447.7,2820.9,3839.9,2896.0,3145.5,30,1,3145.4,54,2,3145.3,55,2,3145.2,75,2,3145.1,32,1,3145.6,9,1,3145.7,71,1,3145.8,92,5,3146.0,533,4,3146.1,200,1
2031,2026-06-16 14:56:24+05:30,3145.6,9,3134.92,3076421,135587.0,190945.0,3163.0,3163.0,3108.0,3134.3,31855200,3447.7,2820.9,3839.9,2896.0,3145.6,34,1,3145.5,30,1,3145.4,54,2,3145.3,55,2,3145.2,75,2,3145.7,71,1,3145.8,92,5,3146.0,533,4,3146.1,200,1,3146.2,179,4
2031,2026-06-16 14:56:24+05:30,3145.6,9,3134.92,3076421,135587.0,190945.0,3163.0,3163.0,3108.0,3134.3,31855200,3447.7,2820.9,3839.9,2896.0,3145.6,34,1,3145.5,30,1,3145.4,54,2,3145.3,55,2,3145.2,75,2,3145.7,71,1,3145.8,92,5,3146.0,533,4,3146.1,200,1,3146.2,179,4
2031,2026-06-16 14:56:25+05:30,3145.7,1,3134.92,3076422,135839.0,191058.0,3163.0,3163.0,3108.0,3134.3,31855200,3447.7,2820.9,3839.9,2896.0,3145.6,99,2,3145.5,45,2,3145.4,70,2,3145.3,23,1,3145.2,107,3,3145.7,106,2,3145.8,92,5,3146.0,533,4,3146.1,200,1,3146.2,86,1
2031,2026-06-16 14:56:25+05:30,3145.7,1,3134.92,3076422,135839.0,191058.0,3163.0,3163.0,3108.0,3134.3,31855200,3447.7,2820.9,3839.9,2896.0,3145.6,99,2,3145.5,45,2,3145.4,70,2,3145.3,23,1,3145.2,107,3,3145.7,106,2,3145.8,92,5,3146.0,533,4,3146.1,200,1,3146.2,86,1
2031,2026-06-16 14:56:26+05:30,3145.0,42,3134.92,3077022,133336.0,192230.0,3163.0,3163.0,3108.0,3134.3,31855200,3447.7,2820.9,3839.9,2896.0,3145.0,71,2,3144.3,21,1,3144.1,63,3,3144.0,36,2,3143.9,57,3,3145.1,177,1,3145.4,176,3,3145.5,44,2,3145.6,913,7,3145.7,337,6
2031,2026-06-16 14:56:26+05:30,3145.0,6,3134.92,3077022,133336.0,192230.0,3163.0,3163.0,3108.0,3134.3,31855200,3447.7,2820.9,3839.9,2896.0,3145.0,71,2,3144.3,21,1,3144.1,63,3,3144.0,36,2,3143.9,57,3,3145.1,177,1,3145.4,176,3,3145.5,44,2,3145.6,913,7,3145.7,337,6
2031,2026-06-16 14:56:27+05:30,3144.6,9,3134.93,3078125,131708.0,193666.0,3163.0,3163.0,3108.0,3134.3,31855200,3447.7,2820.9,3839.9,2896.0,3143.3,17,1,3143.2,14,2,3143.1,193,4,3143.0,531,5,3142.9,43,3,3144.8,43,3,3144.9,157,3,3145.0,598,6,3145.1,258,3,3145.2,220,5
2031,2026-06-16 14:56:27+05:30,3144.6,9,3134.93,3078125,131708.0,193666.0,3163.0,3163.0,3108.0,3134.3,31855200,3447.7,2820.9,3839.9,2896.0,3143.3,17,1,3143.2,14,2,3143.1,193,4,3143.0,531,5,3142.9,43,3,3144.8,43,3,3144.9,157,3,3145.0,598,6,3145.1,258,3,3145.2,220,5
2031,2026-06-16 14:56:28+05:30,3143.3,3,3134.93,3078317,131011.0,194613.0,3163.0,3163.0,3108.0,3134.3,31855200,3447.7,2820.9,3839.9,2896.0,3143.1,83,4,3143.0,439,1,3142.9,38,2,3142.7,131,5,3142.6,17,1,3144.6,52,5,3144.7,45,2,3144.8,565,6,3144.9,369,4,3145.0,200,4
2031,2026-06-16 14:56:28+05:30,3143.3,3,3134.93,3078317,131011.0,194613.0,3163.0,3163.0,3108.0,3134.3,31855200,3447.7,2820.9,3839.9,2896.0,3143.1,83,4,3143.0,439,1,3142.9,38,2,3142.7,131,5,3142.6,17,1,3144.6,52,5,3144.7,45,2,3144.8,565,6,3144.9,369,4,3145.0,200,4
2031,2026-06-16 14:56:29+05:30,3144.3,1,3134.93,3078318,131021.0,195014.0,3163.0,3163.0,3108.0,3134.3,31855200,3447.7,2820.9,3839.9,2896.0,3143.1,22,2,3143.0,439,1,3142.9,21,1,3142.7,108,4,3142.5,144,4,3144.3,110,5,3144.4,41,2,3144.5,82,4,3144.6,636,9,3144.7,297,3
2031,2026-06-16 14:56:29+05:30,3144.3,1,3134.93,3078318,131021.0,195014.0,3163.0,3163.0,3108.0,3134.3,31855200,3447.7,2820.9,3839.9,2896.0,3143.1,22,2,3143.0,439,1,3142.9,21,1,3142.7,108,4,3142.5,144,4,3144.3,110,5,3144.4,41,2,3144.5,82,4,3144.6,636,9,3144.7,297,3
2031,2026-06-16 14:56:30+05:30,3144.2,1,3134.93,3078362,131166.0,195040.0,3163.0,3163.0,3108.0,3134.3,31855200,3447.7,2820.9,3839.9,2896.0,3143.1,42,2,3143.0,508,2,3142.9,21,1,3142.8,1,1,3142.7,54,3,3144.2,32,4,3144.3,63,4,3144.4,579,5,3144.5,329,5,3144.6,195,6
2031,2026-06-16 14:56:30+05:30,3143.1,26,3134.93,3078362,131166.0,195040.0,3163.0,3163.0,3108.0,3134.3,31855200,3447.7,2820.9,3839.9,2896.0,3143.1,42,2,3143.0,508,2,3142.9,21,1,3142.8,1,1,3142.7,54,3,3144.2,32,4,3144.3,63,4,3144.4,579,5,3144.5,329,5,3144.6,195,6
2031,2026-06-16 14:56:31+05:30,3143.1,4,3134.93,3078414,130831.0,195231.0,3163.0,3163.0,3108.0,3134.3,31855200,3447.7,2820.9,3839.9,2896.0,3143.2,37,3,3143.1,122,8,3143.0,611,6,3142.9,40,2,3142.8,35,3,3144.2,2,2,3144.3,25,1,3144.6,503,5,3144.7,201,2,3144.8,164,3
2031,2026-06-16 14:56:31+05:30,3143.1,4,3134.93,3078414,130831.0,195231.0,3163.0,3163.0,3108.0,3134.3,31855200,3447.7,2820.9,3839.9,2896.0,3143.2,37,3,3143.1,122,8,3143.0,611,6,3142.9,40,2,3142.8,35,3,3144.2,2,2,3144.3,25,1,3144.6,503,5,3144.7,201,2,3144.8,164,3
2031,2026-06-16 14:56:32+05:30,3144.2,1,3134.93,3078693,131941.0,193406.0,3163.0,3163.0,3108.0,3134.3,31855200,3447.7,2820.9,3839.9,2896.0,3144.2,57,7,3143.8,17,1,3143.6,1,1,3143.5,21,1,3143.4,34,2,3144.6,489,4,3144.7,200,1,3144.8,87,2,3144.9,388,4,3145.0,75,1
2031,2026-06-16 14:56:32+05:30,3144.2,1,3134.93,3078693,131941.0,193406.0,3163.0,3163.0,3108.0,3134.3,31855200,3447.7,2820.9,3839.9,2896.0,3144.2,57,7,3143.8,17,1,3143.6,1,1,3143.5,21,1,3143.4,34,2,3144.6,489,4,3144.7,200,1,3144.8,87,2,3144.9,388,4,3145.0,75,1
2031,2026-06-16 14:56:33+05:30,3144.2,20,3134.93,3079256,130519.0,194986.0,3163.0,3163.0,3108.0,3134.3,31855200,3447.7,2820.9,3839.9,2896.0,3143.3,13,1,3143.2,31,3,3143.1,77,5,3143.0,509,3,3142.9,21,1,3144.3,282,4,3144.4,42,3,3144.5,80,3,3144.6,68,3,3144.7,140,4
2031,2026-06-16 14:56:33+05:30,3143.3,17,3134.93,3079256,130519.0,194986.0,3163.0,3163.0,3108.0,3134.3,31855200,3447.7,2820.9,3839.9,2896.0,3143.3,13,1,3143.2,31,3,3143.1,77,5,3143.0,509,3,3142.9,21,1,3144.3,282,4,3144.4,42,3,3144.5,80,3,3144.6,68,3,3144.7,140,4
2031,2026-06-16 14:56:34+05:30,3143.6,1,3134.93,3079405,129947.0,195619.0,3163.0,3163.0,3108.0,3134.3,31855200,3447.7,2820.9,3839.9,2896.0,3143.1,10,4,3143.0,508,2,3142.7,22,1,3142.6,55,2,3142.5,169,4,3143.6,199,1,3143.7,54,2,3143.8,32,1,3143.9,32,1,3144.0,32,1
2031,2026-06-16 14:56:34+05:30,3143.6,1,3134.93,3079405,129947.0,195619.0,3163.0,3163.0,3108.0,3134.3,31855200,3447.7,2820.9,3839.9,2896.0,3143.1,10,4,3143.0,508,2,3142.7,22,1,3142.6,55,2,3142.5,169,4,3143.6,199,1,3143.7,54,2,3143.8,32,1,3143.9,32,1,3144.0,32,1
2031,2026-06-16 14:56:35+05:30,3143.0,197,3134.93,3079405,129947.0,195619.0,3163.0,3163.0,3108.0,3134.3,31855200,3447.7,2820.9,3839.9,2896.0,3143.1,10,4,3143.0,508,2,3142.7,22,1,3142.6,55,2,3142.5,169,4,3143.6,199,1,3143.7,54,2,3143.8,32,1,3143.9,32,1,3144.0,32,1
2031,2026-06-16 14:56:35+05:30,3143.0,197,3134.93,3079770,129463.0,194902.0,3163.0,3163.0,3108.0,3134.3,31855200,3447.7,2820.9,3839.9,2896.0,3143.0,237,2,3142.8,4,1,3142.5,166,4,3142.4,71,2,3142.3,71,3,3143.1,18,1,3143.2,32,1,3143.3,32,1,3143.4,32,1,3143.6,88,4
2031,2026-06-16 14:56:36+05:30,3143.0,26,3134.93,3079770,129463.0,194902.0,3163.0,3163.0,3108.0,3134.3,31855200,3447.7,2820.9,3839.9,2896.0,3143.0,237,2,3142.8,4,1,3142.5,166,4,3142.4,71,2,3142.3,71,3,3143.1,18,1,3143.2,32,1,3143.3,32,1,3143.4,32,1,3143.6,88,4
2031,2026-06-16 14:56:36+05:30,3143.1,2,3134.93,3079946,129298.0,195032.0,3163.0,3163.0,3108.0,3134.3,31855200,3447.7,2820.9,3839.9,2896.0,3143.0,98,2,3142.6,9,1,3142.5,193,6,3142.4,56,2,3142.3,84,4,3143.1,26,1,3143.2,32,1,3143.3,32,1,3143.5,32,1,3143.6,30,2
2031,2026-06-16 14:56:37+05:30,3143.0,37,3134.93,3079946,129298.0,195032.0,3163.0,3163.0,3108.0,3134.3,31855200,3447.7,2820.9,3839.9,2896.0,3143.0,98,2,3142.6,9,1,3142.5,193,6,3142.4,56,2,3142.3,84,4,3143.1,26,1,3143.2,32,1,3143.3,32,1,3143.5,32,1,3143.6,30,2
2031,2026-06-16 14:56:37+05:30,3143.0,37,3134.93,3080022,129029.0,195016.0,3163.0,3163.0,3108.0,3134.3,31855200,3447.7,2820.9,3839.9,2896.0,3143.0,24,1,3142.6,9,1,3142.5,193,6,3142.4,56,2,3142.3,84,4,3143.1,24,1,3143.2,32,1,3143.3,32,1,3143.5,32,1,3143.6,30,2
2031,2026-06-16 14:56:38+05:30,3143.0,45,3134.93,3080022,129029.0,195016.0,3163.0,3163.0,3108.0,3134.3,31855200,3447.7,2820.9,3839.9,2896.0,3143.0,24,1,3142.6,9,1,3142.5,193,6,3142.4,56,2,3142.3,84,4,3143.1,24,1,3143.2,32,1,3143.3,32,1,3143.5,32,1,3143.6,30,2
2031,2026-06-16 14:56:38+05:30,3143.0,45,3134.93,3080093,128938.0,195685.0,3163.0,3163.0,3108.0,3134.3,31855200,3447.7,2820.9,3839.9,2896.0,3142.8,13,1,3142.7,77,6,3142.6,41,4,3142.5,113,2,3142.4,99,5,3143.0,1,1,3143.1,48,2,3143.2,32,1,3143.3,32,1,3143.5,32,1
2031,2026-06-16 14:56:39+05:30,3143.1,2,3134.93,3080093,128938.0,195685.0,3163.0,3163.0,3108.0,3134.3,31855200,3447.7,2820.9,3839.9,2896.0,3142.8,13,1,3142.7,77,6,3142.6,41,4,3142.5,113,2,3142.4,99,5,3143.0,1,1,3143.1,48,2,3143.2,32,1,3143.3,32,1,3143.5,32,1
2031,2026-06-16 14:56:39+05:30,3143.1,2,3134.93,3080231,131298.0,194802.0,3163.0,3163.0,3108.0,3134.3,31855200,3447.7,2820.9,3839.9,2896.0,3143.0,1916,1,3142.6,50,5,3142.5,150,3,3142.4,46,4,3142.3,158,4,3143.1,78,3,3143.3,32,1,3143.6,6,1,3144.1,20,1,3144.2,67,2
2031,2026-06-16 14:56:40+05:30,3143.1,2,3134.93,3080231,131298.0,194802.0,3163.0,3163.0,3108.0,3134.3,31855200,3447.7,2820.9,3839.9,2896.0,3143.0,1916,1,3142.6,50,5,3142.5,150,3,3142.4,46,4,3142.3,158,4,3143.1,78,3,3143.3,32,1,3143.6,6,1,3144.1,20,1,3144.2,67,2
2031,2026-06-16 14:56:40+05:30,3143.0,26,3134.93,3080231,131298.0,194802.0,3163.0,3163.0,3108.0,3134.3,31855200,3447.7,2820.9,3839.9,2896.0,3143.0,1916,1,3142.6,50,5,3142.5,150,3,3142.4,46,4,3142.3,158,4,3143.1,78,3,3143.3,32,1,3143.6,6,1,3144.1,20,1,3144.2,67,2
2031,2026-06-16 14:56:40+05:30,3143.0,26,3134.93,3080372,131708.0,194903.0,3163.0,3163.0,3108.0,3134.3,31855200,3447.7,2820.9,3839.9,2896.0,3143.0,2016,2,3142.8,44,2,3142.7,52,2,3142.6,31,3,3142.5,120,2,3143.1,89,4,3143.3,32,1,3143.5,32,1,3144.1,20,1,3144.2,67,2
2031,2026-06-16 14:56:41+05:30,3143.1,1,3134.93,3080372,131708.0,194903.0,3163.0,3163.0,3108.0,3134.3,31855200,3447.7,2820.9,3839.9,2896.0,3143.0,2016,2,3142.8,44,2,3142.7,52,2,3142.6,31,3,3142.5,120,2,3143.1,89,4,3143.3,32,1,3143.5,32,1,3144.1,20,1,3144.2,67,2
2031,2026-06-16 14:56:41+05:30,3143.0,26,3134.93,3080930,131639.0,194344.0,3163.0,3163.0,3108.0,3134.3,31855200,3447.7,2820.9,3839.9,2896.0,3143.0,1870,4,3142.8,94,4,3142.7,38,2,3142.6,89,6,3142.5,120,2,3143.1,25,2,3143.2,32,1,3143.3,32,1,3143.5,32,1,3144.2,28,2
2031,2026-06-16 14:56:41+05:30,3143.0,26,3134.93,3080930,131639.0,194344.0,3163.0,3163.0,3108.0,3134.3,31855200,3447.7,2820.9,3839.9,2896.0,3143.0,1870,4,3142.8,94,4,3142.7,38,2,3142.6,89,6,3142.5,120,2,3143.1,25,2,3143.2,32,1,3143.3,32,1,3143.5,32,1,3144.2,28,2
2031,2026-06-16 14:56:42+05:30,3143.0,22,3134.93,3080930,131639.0,194344.0,3163.0,3163.0,3108.0,3134.3,31855200,3447.7,2820.9,3839.9,2896.0,3143.0,1870,4,3142.8,94,4,3142.7,38,2,3142.6,89,6,3142.5,120,2,3143.1,25,2,3143.2,32,1,3143.3,32,1,3143.5,32,1,3144.2,28,2
2031,2026-06-16 14:56:42+05:30,3143.1,9,3134.93,3081094,131530.0,194083.0,3163.0,3163.0,3108.0,3134.3,31855200,3447.7,2820.9,3839.9,2896.0,3143.1,13,1,3143.0,1777,9,3142.9,6,1,3142.8,120,5,3142.7,8,1,3143.2,32,1,3143.3,32,1,3143.5,32,1,3144.2,14,1,3144.3,54,1
2031,2026-06-16 14:56:43+05:30,3143.2,2,3134.93,3081094,131530.0,194083.0,3163.0,3163.0,3108.0,3134.3,31855200,3447.7,2820.9,3839.9,2896.0,3143.1,13,1,3143.0,1777,9,3142.9,6,1,3142.8,120,5,3142.7,8,1,3143.2,32,1,3143.3,32,1,3143.5,32,1,3144.2,14,1,3144.3,54,1
2031,2026-06-16 14:56:43+05:30,3143.5,10,3134.93,3081241,132358.0,193712.0,3163.0,3163.0,3108.0,3134.3,31855200,3447.7,2820.9,3839.9,2896.0,3143.4,90,5,3143.3,48,5,3143.2,68,4,3143.1,73,4,3143.0,1747,7,3143.5,16,1,3143.6,32,1,3144.0,32,1,3144.2,14,1,3144.4,16,1
2031,2026-06-16 14:56:44+05:30,3143.5,10,3134.93,3081241,132358.0,193712.0,3163.0,3163.0,3108.0,3134.3,31855200,3447.7,2820.9,3839.9,2896.0,3143.4,90,5,3143.3,48,5,3143.2,68,4,3143.1,73,4,3143.0,1747,7,3143.5,16,1,3143.6,32,1,3144.0,32,1,3144.2,14,1,3144.4,16,1
2031,2026-06-16 14:56:44+05:30,3143.4,6,3134.93,3081241,132358.0,193712.0,3163.0,3163.0,3108.0,3134.3,31855200,3447.7,2820.9,3839.9,2896.0,3143.4,90,5,3143.3,48,5,3143.2,68,4,3143.1,73,4,3143.0,1747,7,3143.5,16,1,3143.6,32,1,3144.0,32,1,3144.2,14,1,3144.4,16,1
2031,2026-06-16 14:56:44+05:30,3143.4,6,3134.93,3081306,132057.0,192017.0,3163.0,3163.0,3108.0,3134.3,31855200,3447.7,2820.9,3839.9,2896.0,3143.3,59,4,3143.1,69,3,3143.0,1779,7,3142.9,42,3,3142.8,97,5,3143.4,3,1,3143.5,54,2,3143.6,33,2,3143.7,32,1,3143.9,32,1
2031,2026-06-16 14:56:45+05:30,3143.4,7,3134.93,3081306,132057.0,192017.0,3163.0,3163.0,3108.0,3134.3,31855200,3447.7,2820.9,3839.9,2896.0,3143.3,59,4,3143.1,69,3,3143.0,1779,7,3142.9,42,3,3142.8,97,5,3143.4,3,1,3143.5,54,2,3143.6,33,2,3143.7,32,1,3143.9,32,1
2031,2026-06-16 14:56:45+05:30,3143.5,9,3134.94,3081541,131942.0,193917.0,3163.0,3163.0,3108.0,3134.3,31855200,3447.7,2820.9,3839.9,2896.0,3143.3,70,3,3143.2,22,1,3143.1,77,4,3143.0,1772,8,3142.9,10,2,3143.4,31,1,3143.5,45,2,3143.6,33,2,3143.7,32,1,3143.9,32,1
2031,2026-06-16 14:56:46+05:30,3143.1,13,3134.94,3081541,131942.0,193917.0,3163.0,3163.0,3108.0,3134.3,31855200,3447.7,2820.9,3839.9,2896.0,3143.3,70,3,3143.2,22,1,3143.1,77,4,3143.0,1772,8,3142.9,10,2,3143.4,31,1,3143.5,45,2,3143.6,33,2,3143.7,32,1,3143.9,32,1
2031,2026-06-16 14:56:46+05:30,3143.1,13,3134.94,3081541,131942.0,193917.0,3163.0,3163.0,3108.0,3134.3,31855200,3447.7,2820.9,3839.9,2896.0,3143.3,70,3,3143.2,22,1,3143.1,77,4,3143.0,1772,8,3142.9,10,2,3143.4,31,1,3143.5,45,2,3143.6,33,2,3143.7,32,1,3143.9,32,1
2031,2026-06-16 14:56:46+05:30,3143.0,26,3134.94,3081704,131726.0,194094.0,3163.0,3163.0,3108.0,3134.3,31855200,3447.7,2820.9,3839.9,2896.0,3143.0,1651,6,3142.8,22,1,3142.7,40,2,3142.6,29,2,3142.5,133,3,3143.2,36,1,3143.4,58,3,3143.5,77,3,3143.6,1,1,3143.7,32,1
2031,2026-06-16 14:56:47+05:30,3143.2,1,3134.94,3081704,131726.0,194094.0,3163.0,3163.0,3108.0,3134.3,31855200,3447.7,2820.9,3839.9,2896.0,3143.0,1651,6,3142.8,22,1,3142.7,40,2,3142.6,29,2,3142.5,133,3,3143.2,36,1,3143.4,58,3,3143.5,77,3,3143.6,1,1,3143.7,32,1
2031,2026-06-16 14:56:47+05:30,3143.2,1,3134.94,3081721,131860.0,194329.0,3163.0,3163.0,3108.0,3134.3,31855200,3447.7,2820.9,3839.9,2896.0,3143.0,1648,6,3142.9,22,1,3142.8,22,1,3142.6,83,4,3142.5,133,3,3143.2,31,1,3143.3,32,1,3143.4,26,2,3143.5,77,3,3143.6,1,1
2031,2026-06-16 14:56:48+05:30,3143.0,2,3134.94,3081721,131860.0,194329.0,3163.0,3163.0,3108.0,3134.3,31855200,3447.7,2820.9,3839.9,2896.0,3143.0,1648,6,3142.9,22,1,3142.8,22,1,3142.6,83,4,3142.5,133,3,3143.2,31,1,3143.3,32,1,3143.4,26,2,3143.5,77,3,3143.6,1,1
2031,2026-06-16 14:56:48+05:30,3143.0,2,3134.94,3081758,131776.0,194356.0,3163.0,3163.0,3108.0,3134.3,31855200,3447.7,2820.9,3839.9,2896.0,3143.0,1611,6,3142.8,30,2,3142.7,9,1,3142.6,83,4,3142.5,133,3,3143.2,53,3,3143.3,32,1,3143.4,25,1,3143.5,77,3,3143.6,1,1
2031,2026-06-16 14:56:49+05:30,3143.2,1,3134.94,3081758,131776.0,194356.0,3163.0,3163.0,3108.0,3134.3,31855200,3447.7,2820.9,3839.9,2896.0,3143.0,1611,6,3142.8,30,2,3142.7,9,1,3142.6,83,4,3142.5,133,3,3143.2,53,3,3143.3,32,1,3143.4,25,1,3143.5,77,3,3143.6,1,1
2031,2026-06-16 14:56:49+05:30,3143.2,1,3134.94,3081758,131776.0,194356.0,3163.0,3163.0,3108.0,3134.3,31855200,3447.7,2820.9,3839.9,2896.0,3143.0,1611,6,3142.8,30,2,3142.7,9,1,3142.6,83,4,3142.5,133,3,3143.2,53,3,3143.3,32,1,3143.4,25,1,3143.5,77,3,3143.6,1,1
2031,2026-06-16 14:56:49+05:30,3143.3,1,3134.94,3081857,131940.0,194096.0,3163.0,3163.0,3108.0,3134.3,31855200,3447.7,2820.9,3839.9,2896.0,3143.1,42,3,3143.0,1570,7,3142.8,85,4,3142.7,9,1,3142.6,118,5,3143.3,31,1,3143.4,25,1,3143.5,77,3,3143.6,1,1,3144.0,1,1
2031,2026-06-16 14:56:50+05:30,3143.1,13,3134.94,3081857,131940.0,194096.0,3163.0,3163.0,3108.0,3134.3,31855200,3447.7,2820.9,3839.9,2896.0,3143.1,42,3,3143.0,1570,7,3142.8,85,4,3142.7,9,1,3142.6,118,5,3143.3,31,1,3143.4,25,1,3143.5,77,3,3143.6,1,1,3144.0,1,1
2031,2026-06-16 14:56:50+05:30,3143.1,13,3134.94,3081870,132028.0,194061.0,3163.0,3163.0,3108.0,3134.3,31855200,3447.7,2820.9,3839.9,2896.0,3143.2,101,4,3143.1,36,1,3143.0,1598,9,3142.8,85,4,3142.7,9,1,3143.3,35,2,3143.4,25,1,3143.5,45,2,3143.6,33,2,3144.0,1,1
2031,2026-06-16 14:56:50+05:30,3143.1,13,3134.94,3081870,132028.0,194061.0,3163.0,3163.0,3108.0,3134.3,31855200,3447.7,2820.9,3839.9,2896.0,3143.2,101,4,3143.1,36,1,3143.0,1598,9,3142.8,85,4,3142.7,9,1,3143.3,35,2,3143.4,25,1,3143.5,45,2,3143.6,33,2,3144.0,1,1
2031,2026-06-16 14:56:51+05:30,3143.4,1,3134.94,3081870,132028.0,194061.0,3163.0,3163.0,3108.0,3134.3,31855200,3447.7,2820.9,3839.9,2896.0,3143.2,101,4,3143.1,36,1,3143.0,1598,9,3142.8,85,4,3142.7,9,1,3143.3,35,2,3143.4,25,1,3143.5,45,2,3143.6,33,2,3144.0,1,1
2031,2026-06-16 14:56:51+05:30,3143.4,1,3134.94,3081930,132349.0,193901.0,3163.0,3163.0,3108.0,3134.3,31855200,3447.7,2820.9,3839.9,2896.0,3143.3,25,2,3143.2,101,4,3143.1,36,1,3143.0,1580,8,3142.8,139,5,3143.4,14,1,3143.5,77,3,3143.6,1,1,3143.8,32,1,3144.0,6,2
2031,2026-06-16 14:56:52+05:30,3143.4,26,3134.94,3081930,132349.0,193901.0,3163.0,3163.0,3108.0,3134.3,31855200,3447.7,2820.9,3839.9,2896.0,3143.3,25,2,3143.2,101,4,3143.1,36,1,3143.0,1580,8,3142.8,139,5,3143.4,14,1,3143.5,77,3,3143.6,1,1,3143.8,32,1,3144.0,6,2
2031,2026-06-16 14:56:52+05:30,3143.4,26,3134.94,3082206,133058.0,193806.0,3163.0,3163.0,3108.0,3134.3,31855200,3447.7,2820.9,3839.9,2896.0,3143.4,92,9,3143.3,41,1,3143.2,66,5,3143.1,44,2,3143.0,1581,7,3143.5,22,1,3143.6,1,1,3144.0,6,2,3144.2,15,2,3144.4,16,1
2031,2026-06-16 14:56:52+05:30,3143.4,26,3134.94,3082206,133058.0,193806.0,3163.0,3163.0,3108.0,3134.3,31855200,3447.7,2820.9,3839.9,2896.0,3143.4,92,9,3143.3,41,1,3143.2,66,5,3143.1,44,2,3143.0,1581,7,3143.5,22,1,3143.6,1,1,3144.0,6,2,3144.2,15,2,3144.4,16,1
2031,2026-06-16 14:56:53+05:30,3143.4,26,3134.94,3082206,133058.0,193806.0,3163.0,3163.0,3108.0,3134.3,31855200,3447.7,2820.9,3839.9,2896.0,3143.4,92,9,3143.3,41,1,3143.2,66,5,3143.1,44,2,3143.0,1581,7,3143.5,22,1,3143.6,1,1,3144.0,6,2,3144.2,15,2,3144.4,16,1
2031,2026-06-16 14:56:53+05:30,3143.4,2,3134.94,3082206,133058.0,193806.0,3163.0,3163.0,3108.0,3134.3,31855200,3447.7,2820.9,3839.9,2896.0,3143.4,92,9,3143.3,41,1,3143.2,66,5,3143.1,44,2,3143.0,1581,7,3143.5,22,1,3143.6,1,1,3144.0,6,2,3144.2,15,2,3144.4,16,1
2031,2026-06-16 14:56:53+05:30,3143.4,2,3134.94,3082208,133078.0,191962.0,3163.0,3163.0,3108.0,3134.3,31855200,3447.7,2820.9,3839.9,2896.0,3143.4,90,9,3143.3,41,1,3143.2,66,5,3143.1,44,2,3143.0,1581,7,3143.5,42,2,3143.6,28,2,3144.0,6,2,3144.2,15,2,3144.4,70,2
2031,2026-06-16 14:56:53+05:30,3143.4,2,3134.94,3082208,133078.0,191962.0,3163.0,3163.0,3108.0,3134.3,31855200,3447.7,2820.9,3839.9,2896.0,3143.4,90,9,3143.3,41,1,3143.2,66,5,3143.1,44,2,3143.0,1581,7,3143.5,42,2,3143.6,28,2,3144.0,6,2,3144.2,15,2,3144.4,70,2
2031,2026-06-16 14:56:54+05:30,3143.5,1,3134.94,3082208,133078.0,191962.0,3163.0,3163.0,3108.0,3134.3,31855200,3447.7,2820.9,3839.9,2896.0,3143.4,90,9,3143.3,41,1,3143.2,66,5,3143.1,44,2,3143.0,1581,7,3143.5,42,2,3143.6,28,2,3144.0,6,2,3144.2,15,2,3144.4,70,2
2031,2026-06-16 14:56:54+05:30,3143.5,1,3134.94,3082208,133078.0,191962.0,3163.0,3163.0,3108.0,3134.3,31855200,3447.7,2820.9,3839.9,2896.0,3143.4,90,9,3143.3,41,1,3143.2,66,5,3143.1,44,2,3143.0,1581,7,3143.5,42,2,3143.6,28,2,3144.0,6,2,3144.2,15,2,3144.4,70,2
2031,2026-06-16 14:56:54+05:30,3143.5,1,3134.94,3082255,133143.0,194023.0,3163.0,3163.0,3108.0,3134.3,31855200,3447.7,2820.9,3839.9,2896.0,3143.4,81,9,3143.3,41,1,3143.2,77,5,3143.1,36,1,3143.0,1573,6,3143.5,41,2,3143.6,28,2,3144.0,6,2,3144.2,15,2,3144.4,70,2
2031,2026-06-16 14:56:54+05:30,3143.5,1,3134.94,3082255,133143.0,194023.0,3163.0,3163.0,3108.0,3134.3,31855200,3447.7,2820.9,3839.9,2896.0,3143.4,81,9,3143.3,41,1,3143.2,77,5,3143.1,36,1,3143.0,1573,6,3143.5,41,2,3143.6,28,2,3144.0,6,2,3144.2,15,2,3144.4,70,2
2031,2026-06-16 14:56:55+05:30,3143.5,1,3134.94,3082255,133143.0,194023.0,3163.0,3163.0,3108.0,3134.3,31855200,3447.7,2820.9,3839.9,2896.0,3143.4,81,9,3143.3,41,1,3143.2,77,5,3143.1,36,1,3143.0,1573,6,3143.5,41,2,3143.6,28,2,3144.0,6,2,3144.2,15,2,3144.4,70,2
2031,2026-06-16 14:56:55+05:30,3143.5,1,3134.94,3082296,133094.0,193850.0,3163.0,3163.0,3108.0,3134.3,31855200,3447.7,2820.9,3839.9,2896.0,3143.4,172,12,3143.3,60,3,3143.2,67,4,3143.1,52,3,3143.0,1573,6,3143.5,45,2,3143.6,3,2,3144.0,6,2,3144.2,15,2,3144.4,70,2
2031,2026-06-16 14:56:55+05:30,3143.5,1,3134.94,3082296,133094.0,193850.0,3163.0,3163.0,3108.0,3134.3,31855200,3447.7,2820.9,3839.9,2896.0,3143.4,172,12,3143.3,60,3,3143.2,67,4,3143.1,52,3,3143.0,1573,6,3143.5,45,2,3143.6,3,2,3144.0,6,2,3144.2,15,2,3144.4,70,2
2031,2026-06-16 14:56:56+05:30,3143.5,1,3134.94,3082296,133094.0,193850.0,3163.0,3163.0,3108.0,3134.3,31855200,3447.7,2820.9,3839.9,2896.0,3143.4,172,12,3143.3,60,3,3143.2,67,4,3143.1,52,3,3143.0,1573,6,3143.5,45,2,3143.6,3,2,3144.0,6,2,3144.2,15,2,3144.4,70,2
2031,2026-06-16 14:56:56+05:30,3143.4,7,3134.94,3082376,132985.0,194035.0,3163.0,3163.0,3108.0,3134.3,31855200,3447.7,2820.9,3839.9,2896.0,3143.4,141,10,3143.3,56,2,3143.2,51,3,3143.1,66,3,3143.0,1560,6,3143.5,19,1,3143.6,3,2,3144.0,6,2,3144.2,15,2,3144.4,70,2
2031,2026-06-16 14:56:56+05:30,3143.4,7,3134.94,3082376,132985.0,194035.0,3163.0,3163.0,3108.0,3134.3,31855200,3447.7,2820.9,3839.9,2896.0,3143.4,141,10,3143.3,56,2,3143.2,51,3,3143.1,66,3,3143.0,1560,6,3143.5,19,1,3143.6,3,2,3144.0,6,2,3144.2,15,2,3144.4,70,2
2031,2026-06-16 14:56:57+05:30,3143.5,22,3134.94,3082376,132985.0,194035.0,3163.0,3163.0,3108.0,3134.3,31855200,3447.7,2820.9,3839.9,2896.0,3143.4,141,10,3143.3,56,2,3143.2,51,3,3143.1,66,3,3143.0,1560,6,3143.5,19,1,3143.6,3,2,3144.0,6,2,3144.2,15,2,3144.4,70,2
2031,2026-06-16 14:56:57+05:30,3143.5,22,3134.94,3082376,132985.0,194035.0,3163.0,3163.0,3108.0,3134.3,31855200,3447.7,2820.9,3839.9,2896.0,3143.4,141,10,3143.3,56,2,3143.2,51,3,3143.1,66,3,3143.0,1560,6,3143.5,19,1,3143.6,3,2,3144.0,6,2,3144.2,15,2,3144.4,70,2
2031,2026-06-16 14:56:57+05:30,3143.5,22,3134.94,3082426,132679.0,194197.0,3163.0,3163.0,3108.0,3134.3,31855200,3447.7,2820.9,3839.9,2896.0,3143.5,117,10,3143.4,56,2,3143.3,47,2,3143.2,60,3,3143.1,45,2,3143.6,3,2,3144.0,6,2,3144.2,15,2,3144.4,16,1,3144.6,21,1
2031,2026-06-16 14:56:58+05:30,3143.5,22,3134.94,3082426,132679.0,194197.0,3163.0,3163.0,3108.0,3134.3,31855200,3447.7,2820.9,3839.9,2896.0,3143.5,117,10,3143.4,56,2,3143.3,47,2,3143.2,60,3,3143.1,45,2,3143.6,3,2,3144.0,6,2,3144.2,15,2,3144.4,16,1,3144.6,21,1
2031,2026-06-16 14:56:58+05:30,3143.5,3,3134.94,3082426,132679.0,194197.0,3163.0,3163.0,3108.0,3134.3,31855200,3447.7,2820.9,3839.9,2896.0,3143.5,117,10,3143.4,56,2,3143.3,47,2,3143.2,60,3,3143.1,45,2,3143.6,3,2,3144.0,6,2,3144.2,15,2,3144.4,16,1,3144.6,21,1
2031,2026-06-16 14:56:58+05:30,3143.6,1,3134.94,3082489,132780.0,194386.0,3163.0,3163.0,3108.0,3134.3,31855200,3447.7,2820.9,3839.9,2896.0,3143.6,37,3,3143.5,86,6,3143.4,78,3,3143.3,63,2,3143.2,38,2,3144.0,6,2,3144.2,15,2,3144.4,16,1,3144.7,118,2,3144.8,82,2
2031,2026-06-16 14:56:58+05:30,3143.6,1,3134.94,3082489,132780.0,194386.0,3163.0,3163.0,3108.0,3134.3,31855200,3447.7,2820.9,3839.9,2896.0,3143.6,37,3,3143.5,86,6,3143.4,78,3,3143.3,63,2,3143.2,38,2,3144.0,6,2,3144.2,15,2,3144.4,16,1,3144.7,118,2,3144.8,82,2
2031,2026-06-16 14:56:59+05:30,3143.6,1,3134.94,3082489,132780.0,194386.0,3163.0,3163.0,3108.0,3134.3,31855200,3447.7,2820.9,3839.9,2896.0,3143.6,37,3,3143.5,86,6,3143.4,78,3,3143.3,63,2,3143.2,38,2,3144.0,6,2,3144.2,15,2,3144.4,16,1,3144.7,118,2,3144.8,82,2
2031,2026-06-16 14:56:59+05:30,3143.6,1,3134.94,3082489,132764.0,194483.0,3163.0,3163.0,3108.0,3134.3,31855200,3447.7,2820.9,3839.9,2896.0,3143.6,10,1,3143.5,86,6,3143.4,56,2,3143.3,41,1,3143.2,22,1,3144.0,31,4,3144.2,15,2,3144.4,53,2,3144.5,87,2,3144.6,46,1
2031,2026-06-16 14:56:59+05:30,3143.6,1,3134.94,3082489,132764.0,194483.0,3163.0,3163.0,3108.0,3134.3,31855200,3447.7,2820.9,3839.9,2896.0,3143.6,10,1,3143.5,86,6,3143.4,56,2,3143.3,41,1,3143.2,22,1,3144.0,31,4,3144.2,15,2,3144.4,53,2,3144.5,87,2,3144.6,46,1
2031,2026-06-16 14:57:00+05:30,3144.0,1,3134.94,3082489,132764.0,194483.0,3163.0,3163.0,3108.0,3134.3,31855200,3447.7,2820.9,3839.9,2896.0,3143.6,10,1,3143.5,86,6,3143.4,56,2,3143.3,41,1,3143.2,22,1,3144.0,31,4,3144.2,15,2,3144.4,53,2,3144.5,87,2,3144.6,46,1
2031,2026-06-16 14:57:00+05:30,3144.0,1,3134.94,3082507,132644.0,194542.0,3163.0,3163.0,3108.0,3134.3,31855200,3447.7,2820.9,3839.9,2896.0,3143.7,24,3,3143.6,42,1,3143.5,86,6,3143.4,43,1,3143.3,41,1,3144.0,118,6,3144.2,24,2,3144.4,70,2,3144.5,54,1,3144.6,105,4
2031,2026-06-16 14:57:00+05:30,3144.0,1,3134.94,3082507,132644.0,194542.0,3163.0,3163.0,3108.0,3134.3,31854800,3447.7,2820.9,3839.9,2896.0,3143.7,24,3,3143.6,42,1,3143.5,86,6,3143.4,43,1,3143.3,41,1,3144.0,118,6,3144.2,24,2,3144.4,70,2,3144.5,54,1,3144.6,105,4
2031,2026-06-16 14:57:01+05:30,3143.9,18,3134.94,3082507,132644.0,194542.0,3163.0,3163.0,3108.0,3134.3,31854800,3447.7,2820.9,3839.9,2896.0,3143.7,24,3,3143.6,42,1,3143.5,86,6,3143.4,43,1,3143.3,41,1,3144.0,118,6,3144.2,24,2,3144.4,70,2,3144.5,54,1,3144.6,105,4
2031,2026-06-16 14:57:01+05:30,3143.9,18,3134.94,3082581,132617.0,194331.0,3163.0,3163.0,3108.0,3134.3,31854800,3447.7,2820.9,3839.9,2896.0,3143.9,18,1,3143.8,1,1,3143.7,49,3,3143.6,42,1,3143.5,86,6,3144.0,128,7,3144.2,1,1,3144.3,19,1,3144.4,81,3,3144.5,54,1
2031,2026-06-16 14:57:02+05:30,3144.0,6,3134.94,3082581,132617.0,194331.0,3163.0,3163.0,3108.0,3134.3,31854800,3447.7,2820.9,3839.9,2896.0,3143.9,18,1,3143.8,1,1,3143.7,49,3,3143.6,42,1,3143.5,86,6,3144.0,128,7,3144.2,1,1,3144.3,19,1,3144.4,81,3,3144.5,54,1
2031,2026-06-16 14:57:02+05:30,3144.0,6,3134.94,3082867,132984.0,194109.0,3163.0,3163.0,3108.0,3134.3,31854800,3447.7,2820.9,3839.9,2896.0,3144.0,13,1,3143.9,18,1,3143.8,1,1,3143.7,65,4,3143.6,42,1,3144.2,1,1,3144.3,19,1,3144.4,9,1,3144.5,54,1,3144.6,71,2
2031,2026-06-16 14:57:03+05:30,3144.0,2,3134.94,3082867,132984.0,194109.0,3163.0,3163.0,3108.0,3134.3,31854800,3447.7,2820.9,3839.9,2896.0,3144.0,13,1,3143.9,18,1,3143.8,1,1,3143.7,65,4,3143.6,42,1,3144.2,1,1,3144.3,19,1,3144.4,9,1,3144.5,54,1,3144.6,71,2
2031,2026-06-16 14:57:03+05:30,3144.0,2,3134.94,3082869,133253.0,194189.0,3163.0,3163.0,3108.0,3134.3,31854800,3447.7,2820.9,3839.9,2896.0,3144.0,11,1,3143.9,18,1,3143.8,16,2,3143.7,49,3,3143.6,42,1,3144.2,67,3,3144.3,19,1,3144.4,9,1,3144.5,54,1,3144.6,105,3
2031,2026-06-16 14:57:04+05:30,3144.0,38,3134.94,3082869,133253.0,194189.0,3163.0,3163.0,3108.0,3134.3,31854800,3447.7,2820.9,3839.9,2896.0,3144.0,11,1,3143.9,18,1,3143.8,16,2,3143.7,49,3,3143.6,42,1,3144.2,67,3,3144.3,19,1,3144.4,9,1,3144.5,54,1,3144.6,105,3
2031,2026-06-16 14:57:04+05:30,3144.0,38,3134.94,3082918,133198.0,194030.0,3163.0,3163.0,3108.0,3134.3,31854800,3447.7,2820.9,3839.9,2896.0,3144.0,40,3,3143.9,18,1,3143.8,1,1,3143.7,49,3,3143.6,58,2,3144.2,76,4,3144.4,9,1,3144.5,33,1,3144.6,46,1,3144.7,144,4
2031,2026-06-16 14:57:05+05:30,3144.0,6,3134.94,3082918,133198.0,194030.0,3163.0,3163.0,3108.0,3134.3,31854800,3447.7,2820.9,3839.9,2896.0,3144.0,40,3,3143.9,18,1,3143.8,1,1,3143.7,49,3,3143.6,58,2,3144.2,76,4,3144.4,9,1,3144.5,33,1,3144.6,46,1,3144.7,144,4
2031,2026-06-16 14:57:05+05:30,3144.0,6,3134.94,3083065,133150.0,194098.0,3163.0,3163.0,3108.0,3134.3,31854800,3447.7,2820.9,3839.9,2896.0,3144.0,34,3,3143.9,18,1,3143.8,1,1,3143.7,49,3,3143.6,58,2,3144.2,1,1,3144.7,191,5,3144.8,141,3,3144.9,561,7,3145.0,355,6
2031,2026-06-16 14:57:06+05:30,3144.2,1,3134.94,3083065,133150.0,194098.0,3163.0,3163.0,3108.0,3134.3,31854800,3447.7,2820.9,3839.9,2896.0,3144.0,34,3,3143.9,18,1,3143.8,1,1,3143.7,49,3,3143.6,58,2,3144.2,1,1,3144.7,191,5,3144.8,141,3,3144.9,561,7,3145.0,355,6
2031,2026-06-16 14:57:06+05:30,3144.0,10,3134.94,3083076,133067.0,194268.0,3163.0,3163.0,3108.0,3134.3,31854800,3447.7,2820.9,3839.9,2896.0,3144.0,24,3,3143.9,18,1,3143.7,49,3,3143.6,58,2,3143.5,50,1,3144.4,22,1,3144.5,144,6,3144.6,100,5,3144.7,141,3,3144.8,230,5
2031,2026-06-16 14:57:07+05:30,3144.4,11,3134.94,3083076,133067.0,194268.0,3163.0,3163.0,3108.0,3134.3,31854800,3447.7,2820.9,3839.9,2896.0,3144.0,24,3,3143.9,18,1,3143.7,49,3,3143.6,58,2,3143.5,50,1,3144.4,22,1,3144.5,144,6,3144.6,100,5,3144.7,141,3,3144.8,230,5
2031,2026-06-16 14:57:07+05:30,3144.3,3,3134.94,3083866,131849.0,194340.0,3163.0,3163.0,3108.0,3134.3,31854800,3447.7,2820.9,3839.9,2896.0,3143.6,25,1,3143.5,50,1,3143.1,22,1,3143.0,1288,3,3142.9,22,2,3144.2,40,1,3144.3,96,3,3144.4,113,4,3144.5,511,4,3144.6,325,8
2031,2026-06-16 14:57:08+05:30,3143.6,20,3134.94,3083866,131849.0,194340.0,3163.0,3163.0,3108.0,3134.3,31854800,3447.7,2820.9,3839.9,2896.0,3143.6,25,1,3143.5,50,1,3143.1,22,1,3143.0,1288,3,3142.9,22,2,3144.2,40,1,3144.3,96,3,3144.4,113,4,3144.5,511,4,3144.6,325,8
2031,2026-06-16 14:57:08+05:30,3143.6,20,3134.94,3083915,131905.0,194671.0,3163.0,3163.0,3108.0,3134.3,31854800,3447.7,2820.9,3839.9,2896.0,3143.7,2,1,3143.6,5,1,3143.5,50,1,3143.1,22,1,3143.0,1288,3,3144.0,61,5,3144.1,9,1,3144.2,236,6,3144.3,96,3,3144.4,163,7
2031,2026-06-16 14:57:09+05:30,3144.0,7,3134.94,3083915,131905.0,194671.0,3163.0,3163.0,3108.0,3134.3,31854800,3447.7,2820.9,3839.9,2896.0,3143.7,2,1,3143.6,5,1,3143.5,50,1,3143.1,22,1,3143.0,1288,3,3144.0,61,5,3144.1,9,1,3144.2,236,6,3144.3,96,3,3144.4,163,7
2031,2026-06-16 14:57:09+05:30,3144.0,7,3134.94,3083927,132239.0,194692.0,3163.0,3163.0,3108.0,3134.3,31854800,3447.7,2820.9,3839.9,2896.0,3143.7,2,1,3143.6,5,1,3143.5,50,1,3143.1,22,1,3143.0,1288,3,3144.0,82,5,3144.1,9,1,3144.2,236,6,3144.3,96,3,3144.4,163,7
2031,2026-06-16 14:57:10+05:30,3144.0,7,3134.94,3083927,132375.0,194680.0,3163.0,3163.0,3108.0,3134.3,31854800,3447.7,2820.9,3839.9,2896.0,3143.7,2,1,3143.6,5,1,3143.5,50,1,3143.1,22,1,3143.0,1288,3,3144.0,88,5,3144.1,9,1,3144.2,208,5,3144.3,77,2,3144.4,163,7
2031,2026-06-16 14:57:11+05:30,3144.0,11,3134.94,3083943,132358.0,194247.0,3163.0,3163.0,3108.0,3134.3,31854800,3447.7,2820.9,3839.9,2896.0,3143.7,13,2,3143.6,5,1,3143.5,50,1,3143.1,22,1,3143.0,1288,3,3144.0,58,4,3144.1,9,1,3144.2,208,5,3144.3,77,2,3144.4,163,7
2031,2026-06-16 14:57:12+05:30,3144.3,1,3134.94,3083943,132358.0,194247.0,3163.0,3163.0,3108.0,3134.3,31854800,3447.7,2820.9,3839.9,2896.0,3143.7,13,2,3143.6,5,1,3143.5,50,1,3143.1,22,1,3143.0,1288,3,3144.0,58,4,3144.1,9,1,3144.2,208,5,3144.3,77,2,3144.4,163,7
2031,2026-06-16 14:57:12+05:30,3144.3,1,3134.94,3084155,132629.0,194038.0,3163.0,3163.0,3108.0,3134.3,31854800,3447.7,2820.9,3839.9,2896.0,3144.0,34,5,3143.8,2,1,3143.7,11,1,3143.6,5,1,3143.5,50,1,3144.3,76,2,3144.4,55,3,3144.5,35,1,3144.6,51,3,3144.7,143,4
2031,2026-06-16 14:57:13+05:30,3144.0,2,3134.94,3084155,132629.0,194038.0,3163.0,3163.0,3108.0,3134.3,31854800,3447.7,2820.9,3839.9,2896.0,3144.0,34,5,3143.8,2,1,3143.7,11,1,3143.6,5,1,3143.5,50,1,3144.3,76,2,3144.4,55,3,3144.5,35,1,3144.6,51,3,3144.7,143,4
2031,2026-06-16 14:57:13+05:30,3144.3,1,3134.94,3084158,132855.0,194056.0,3163.0,3163.0,3108.0,3134.3,31854800,3447.7,2820.9,3839.9,2896.0,3144.0,32,5,3143.8,2,1,3143.7,11,1,3143.6,5,1,3143.5,50,1,3144.3,95,3,3144.4,55,3,3144.6,51,3,3144.7,143,4,3144.8,205,7
2031,2026-06-16 14:57:14+05:30,3144.0,15,3134.94,3084158,132855.0,194056.0,3163.0,3163.0,3108.0,3134.3,31854800,3447.7,2820.9,3839.9,2896.0,3144.0,32,5,3143.8,2,1,3143.7,11,1,3143.6,5,1,3143.5,50,1,3144.3,95,3,3144.4,55,3,3144.6,51,3,3144.7,143,4,3144.8,205,7
2031,2026-06-16 14:57:14+05:30,3144.0,15,3134.94,3084205,133056.0,194033.0,3163.0,3163.0,3108.0,3134.3,31854800,3447.7,2820.9,3839.9,2896.0,3144.0,29,6,3143.8,2,1,3143.6,22,2,3143.5,50,1,3143.3,21,2,3144.3,124,4,3144.4,55,3,3144.5,34,1,3144.6,36,3,3144.7,143,4
2031,2026-06-16 14:57:15+05:30,3144.3,13,3134.94,3084205,133056.0,194033.0,3163.0,3163.0,3108.0,3134.3,31854800,3447.7,2820.9,3839.9,2896.0,3144.0,29,6,3143.8,2,1,3143.6,22,2,3143.5,50,1,3143.3,21,2,3144.3,124,4,3144.4,55,3,3144.5,34,1,3144.6,36,3,3144.7,143,4
2031,2026-06-16 14:57:15+05:30,3144.3,13,3134.94,3084218,133307.0,193703.0,3163.0,3163.0,3108.0,3134.3,31854800,3447.7,2820.9,3839.9,2896.0,3144.2,2,2,3144.1,2,1,3144.0,30,7,3143.9,16,1,3143.6,5,1,3144.3,137,5,3144.4,14,1,3144.6,10,2,3144.7,626,7,3144.8,141,5
2031,2026-06-16 14:57:16+05:30,3144.0,2,3134.94,3084218,133307.0,193703.0,3163.0,3163.0,3108.0,3134.3,31854800,3447.7,2820.9,3839.9,2896.0,3144.2,2,2,3144.1,2,1,3144.0,30,7,3143.9,16,1,3143.6,5,1,3144.3,137,5,3144.4,14,1,3144.6,10,2,3144.7,626,7,3144.8,141,5
2031,2026-06-16 14:57:16+05:30,3144.1,9,3134.94,3084345,132927.0,193887.0,3163.0,3163.0,3108.0,3134.3,31854800,3447.7,2820.9,3839.9,2896.0,3144.1,7,1,3144.0,42,6,3143.6,5,1,3143.5,50,1,3143.3,21,2,3144.3,161,6,3144.4,23,2,3144.5,26,1,3144.6,55,3,3144.7,603,6
2031,2026-06-16 14:57:17+05:30,3144.3,16,3134.94,3084345,132927.0,193887.0,3163.0,3163.0,3108.0,3134.3,31854800,3447.7,2820.9,3839.9,2896.0,3144.1,7,1,3144.0,42,6,3143.6,5,1,3143.5,50,1,3143.3,21,2,3144.3,161,6,3144.4,23,2,3144.5,26,1,3144.6,55,3,3144.7,603,6
2031,2026-06-16 14:57:17+05:30,3144.3,1,3134.94,3084547,132518.0,193896.0,3163.0,3163.0,3108.0,3134.3,31854800,3447.7,2820.9,3839.9,2896.0,3144.0,1,1,3143.6,5,1,3143.3,20,1,3143.2,3,1,3143.1,22,1,3144.3,69,4,3144.4,36,3,3144.5,54,2,3144.6,586,8,3144.7,120,3
2031,2026-06-16 14:57:18+05:30,3144.0,3,3134.94,3084547,132518.0,193896.0,3163.0,3163.0,3108.0,3134.3,31854800,3447.7,2820.9,3839.9,2896.0,3144.0,1,1,3143.6,5,1,3143.3,20,1,3143.2,3,1,3143.1,22,1,3144.3,69,4,3144.4,36,3,3144.5,54,2,3144.6,586,8,3144.7,120,3
2031,2026-06-16 14:57:18+05:30,3144.0,3,3134.94,3084709,132923.0,193655.0,3163.0,3163.0,3108.0,3134.3,31854800,3447.7,2820.9,3839.9,2896.0,3144.0,45,2,3143.9,17,1,3143.6,5,1,3143.3,20,1,3143.2,1,1,3144.3,36,2,3144.4,14,1,3144.5,22,1,3144.7,603,6,3144.8,87,3
2031,2026-06-16 14:57:19+05:30,3144.0,3,3134.94,3084709,132930.0,193736.0,3163.0,3163.0,3108.0,3134.3,31854800,3447.7,2820.9,3839.9,2896.0,3144.0,46,3,3143.9,17,1,3143.6,5,1,3143.3,20,1,3143.2,1,1,3144.3,36,2,3144.4,39,2,3144.5,22,1,3144.7,638,7,3144.8,88,4
2031,2026-06-16 14:57:20+05:30,3144.3,1,3134.94,3084709,132930.0,193736.0,3163.0,3163.0,3108.0,3134.3,31854800,3447.7,2820.9,3839.9,2896.0,3144.0,46,3,3143.9,17,1,3143.6,5,1,3143.3,20,1,3143.2,1,1,3144.3,36,2,3144.4,39,2,3144.5,22,1,3144.7,638,7,3144.8,88,4
2031,2026-06-16 14:57:20+05:30,3143.9,62,3134.95,3084926,132246.0,194312.0,3163.0,3163.0,3108.0,3134.3,31854800,3447.7,2820.9,3839.9,2896.0,3143.6,5,1,3143.2,1,1,3143.1,48,2,3143.0,1288,3,3142.9,21,1,3144.0,148,1,3144.3,370,9,3144.4,76,4,3144.5,76,2,3144.6,544,5
2031,2026-06-16 14:57:21+05:30,3143.1,23,3134.95,3084926,132246.0,194312.0,3163.0,3163.0,3108.0,3134.3,31854800,3447.7,2820.9,3839.9,2896.0,3143.6,5,1,3143.2,1,1,3143.1,48,2,3143.0,1288,3,3142.9,21,1,3144.0,148,1,3144.3,370,9,3144.4,76,4,3144.5,76,2,3144.6,544,5
2031,2026-06-16 14:57:21+05:30,3143.0,47,3134.95,3085024,131284.0,195102.0,3163.0,3163.0,3108.0,3134.3,31854800,3447.7,2820.9,3839.9,2896.0,3143.0,1241,3,3142.7,35,2,3142.6,1,1,3142.5,146,3,3142.3,70,2,3143.9,256,4,3144.0,250,3,3144.1,68,2,3144.2,62,3,3144.3,611,10
2031,2026-06-16 14:57:22+05:30,3143.0,47,3134.95,3085024,131284.0,195102.0,3163.0,3163.0,3108.0,3134.3,31854800,3447.7,2820.9,3839.9,2896.0,3143.0,1241,3,3142.7,35,2,3142.6,1,1,3142.5,146,3,3142.3,70,2,3143.9,256,4,3144.0,250,3,3144.1,68,2,3144.2,62,3,3144.3,611,10
2031,2026-06-16 14:57:23+05:30,3143.9,1,3134.95,3085025,131876.0,195129.0,3163.0,3163.0,3108.0,3134.3,31854800,3447.7,2820.9,3839.9,2896.0,3143.0,1413,4,3142.7,35,2,3142.6,1,1,3142.5,200,4,3142.3,100,3,3143.9,276,6,3144.0,250,3,3144.1,49,1,3144.2,62,3,3144.3,576,8
2031,2026-06-16 14:57:23+05:30,3143.0,2,3134.95,3085025,131876.0,195129.0,3163.0,3163.0,3108.0,3134.3,31854800,3447.7,2820.9,3839.9,2896.0,3143.0,1413,4,3142.7,35,2,3142.6,1,1,3142.5,200,4,3142.3,100,3,3143.9,276,6,3144.0,250,3,3144.1,49,1,3144.2,62,3,3144.3,576,8
2031,2026-06-16 14:57:24+05:30,3143.0,2,3134.95,3085049,131813.0,195135.0,3163.0,3163.0,3108.0,3134.3,31854800,3447.7,2820.9,3839.9,2896.0,3143.0,1411,4,3142.7,35,2,3142.6,1,1,3142.5,200,4,3142.3,70,2,3143.9,279,6,3144.0,196,2,3144.1,532,4,3144.2,62,3,3144.3,179,6
2031,2026-06-16 14:57:25+05:30,3143.0,1,3134.95,3085050,131775.0,195118.0,3163.0,3163.0,3108.0,3134.3,31854800,3447.7,2820.9,3839.9,2896.0,3143.0,1460,5,3142.7,21,1,3142.6,1,1,3142.5,200,4,3142.3,87,3,3143.9,285,7,3144.0,196,2,3144.1,532,4,3144.2,62,3,3144.3,222,6
2031,2026-06-16 14:57:25+05:30,3143.0,1,3134.95,3085050,131775.0,195118.0,3163.0,3163.0,3108.0,3134.3,31854800,3447.7,2820.9,3839.9,2896.0,3143.0,1460,5,3142.7,21,1,3142.6,1,1,3142.5,200,4,3142.3,87,3,3143.9,285,7,3144.0,196,2,3144.1,532,4,3144.2,62,3,3144.3,222,6
2031,2026-06-16 14:57:26+05:30,3143.0,1,3134.95,3085050,132050.0,195272.0,3163.0,3163.0,3108.0,3134.3,31854800,3447.7,2820.9,3839.9,2896.0,3143.0,1460,5,3142.7,21,1,3142.6,1,1,3142.5,174,3,3142.3,87,3,3143.8,77,4,3143.9,744,9,3144.0,336,5,3144.1,135,2,3144.2,443,6
2031,2026-06-16 14:57:27+05:30,3143.8,1,3134.95,3085051,131859.0,195291.0,3163.0,3163.0,3108.0,3134.3,31854800,3447.7,2820.9,3839.9,2896.0,3143.0,1478,6,3142.6,1,1,3142.5,120,2,3142.3,70,2,3142.2,71,2,3143.4,1,1,3143.7,74,2,3143.8,570,9,3143.9,235,4,3144.0,423,7
2031,2026-06-16 14:57:27+05:30,3143.8,1,3134.95,3085051,131859.0,195291.0,3163.0,3163.0,3108.0,3134.3,31854800,3447.7,2820.9,3839.9,2896.0,3143.0,1478,6,3142.6,1,1,3142.5,120,2,3142.3,70,2,3142.2,71,2,3143.4,1,1,3143.7,74,2,3143.8,570,9,3143.9,235,4,3144.0,423,7
2031,2026-06-16 14:57:28+05:30,3143.8,1,3134.95,3085051,131873.0,195272.0,3163.0,3163.0,3108.0,3134.3,31854800,3447.7,2820.9,3839.9,2896.0,3143.0,1478,6,3142.6,1,1,3142.5,120,2,3142.3,70,2,3142.2,71,2,3143.4,1,1,3143.7,74,2,3143.8,570,9,3143.9,215,3,3144.0,423,7
2031,2026-06-16 14:57:28+05:30,3143.0,1,3134.95,3085051,131873.0,195272.0,3163.0,3163.0,3108.0,3134.3,31854800,3447.7,2820.9,3839.9,2896.0,3143.0,1478,6,3142.6,1,1,3142.5,120,2,3142.3,70,2,3142.2,71,2,3143.4,1,1,3143.7,74,2,3143.8,570,9,3143.9,215,3,3144.0,423,7
2031,2026-06-16 14:57:29+05:30,3143.0,42,3134.95,3086726,130293.0,196058.0,3163.0,3163.0,3108.0,3134.3,31854800,3447.7,2820.9,3839.9,2896.0,3142.5,100,1,3142.3,50,1,3142.1,28,3,3141.9,22,2,3141.7,21,1,3143.3,74,2,3143.4,92,5,3143.5,45,1,3143.6,91,3,3143.7,648,7
2031,2026-06-16 14:57:29+05:30,3142.5,70,3134.95,3086726,130293.0,196058.0,3163.0,3163.0,3108.0,3134.3,31854800,3447.7,2820.9,3839.9,2896.0,3142.5,100,1,3142.3,50,1,3142.1,28,3,3141.9,22,2,3141.7,21,1,3143.3,74,2,3143.4,92,5,3143.5,45,1,3143.6,91,3,3143.7,648,7
2031,2026-06-16 14:57:30+05:30,3142.6,61,3134.95,3086899,129623.0,197179.0,3163.0,3163.0,3108.0,3134.3,31854800,3447.7,2820.9,3839.9,2896.0,3142.5,30,1,3142.3,50,1,3142.1,7,2,3141.9,1,1,3141.7,21,1,3142.6,114,1,3143.1,39,2,3143.2,1,1,3143.3,56,3,3143.4,101,5
2031,2026-06-16 14:57:30+05:30,3142.6,60,3134.95,3086899,129623.0,197179.0,3163.0,3163.0,3108.0,3134.3,31854800,3447.7,2820.9,3839.9,2896.0,3142.5,30,1,3142.3,50,1,3142.1,7,2,3141.9,1,1,3141.7,21,1,3142.6,114,1,3143.1,39,2,3143.2,1,1,3143.3,56,3,3143.4,101,5
2031,2026-06-16 14:57:31+05:30,3142.5,90,3134.95,3087193,129397.0,196894.0,3163.0,3163.0,3108.0,3134.3,31854800,3447.7,2820.9,3839.9,2896.0,3142.5,2,2,3142.4,1,1,3142.3,50,1,3142.1,7,2,3141.9,22,2,3142.6,65,2,3143.2,1,1,3143.3,26,2,3143.4,63,4,3143.5,521,4
2031,2026-06-16 14:57:31+05:30,3142.5,90,3134.95,3087193,129397.0,196894.0,3163.0,3163.0,3108.0,3134.3,31854800,3447.7,2820.9,3839.9,2896.0,3142.5,2,2,3142.4,1,1,3142.3,50,1,3142.1,7,2,3141.9,22,2,3142.6,65,2,3143.2,1,1,3143.3,26,2,3143.4,63,4,3143.5,521,4
2031,2026-06-16 14:57:32+05:30,3142.6,23,3134.95,3087420,130125.0,196280.0,3163.0,3163.0,3108.0,3134.3,31854800,3447.7,2820.9,3839.9,2896.0,3142.6,85,9,3142.5,33,5,3142.4,76,4,3142.3,50,1,3142.2,52,2,3143.2,1,1,3143.5,483,3,3143.6,78,2,3143.7,186,3,3143.8,150,3
2031,2026-06-16 14:57:32+05:30,3142.6,23,3134.95,3087420,130125.0,196280.0,3163.0,3163.0,3108.0,3134.3,31854800,3447.7,2820.9,3839.9,2896.0,3142.6,85,9,3142.5,33,5,3142.4,76,4,3142.3,50,1,3142.2,52,2,3143.2,1,1,3143.5,483,3,3143.6,78,2,3143.7,186,3,3143.8,150,3
2031,2026-06-16 14:57:33+05:30,3143.2,1,3134.95,3087421,130253.0,196771.0,3163.0,3163.0,3108.0,3134.3,31854800,3447.7,2820.9,3839.9,2896.0,3142.6,60,7,3142.5,33,5,3142.4,29,2,3142.3,50,1,3142.2,28,1,3143.2,44,2,3143.4,483,3,3143.6,203,5,3143.7,432,4,3143.8,55,2
2031,2026-06-16 14:57:33+05:30,3142.6,2,3134.95,3087421,130253.0,196771.0,3163.0,3163.0,3108.0,3134.3,31854800,3447.7,2820.9,3839.9,2896.0,3142.6,60,7,3142.5,33,5,3142.4,29,2,3142.3,50,1,3142.2,28,1,3143.2,44,2,3143.4,483,3,3143.6,203,5,3143.7,432,4,3143.8,55,2
2031,2026-06-16 14:57:34+05:30,3142.9,1,3134.95,3087424,130015.0,197005.0,3163.0,3163.0,3108.0,3134.3,31854800,3447.7,2820.9,3839.9,2896.0,3142.6,59,8,3142.5,20,4,3142.4,1,1,3142.3,50,1,3142.1,7,2,3142.9,482,3,3143.0,38,1,3143.1,86,1,3143.2,392,5,3143.3,28,2
2031,2026-06-16 14:57:34+05:30,3142.6,13,3134.95,3087424,130015.0,197005.0,3163.0,3163.0,3108.0,3134.3,31854800,3447.7,2820.9,3839.9,2896.0,3142.6,59,8,3142.5,20,4,3142.4,1,1,3142.3,50,1,3142.1,7,2,3142.9,482,3,3143.0,38,1,3143.1,86,1,3143.2,392,5,3143.3,28,2
2031,2026-06-16 14:57:35+05:30,3142.6,1,3134.95,3087484,130199.0,196803.0,3163.0,3163.0,3108.0,3134.3,31854800,3447.7,2820.9,3839.9,2896.0,3142.6,126,11,3142.5,4,3,3142.4,29,2,3142.3,50,1,3142.2,28,1,3142.9,482,3,3143.1,86,1,3143.2,176,3,3143.3,200,1,3143.4,54,1
2031,2026-06-16 14:57:35+05:30,3142.6,1,3134.95,3087484,130199.0,196803.0,3163.0,3163.0,3108.0,3134.3,31854800,3447.7,2820.9,3839.9,2896.0,3142.6,126,11,3142.5,4,3,3142.4,29,2,3142.3,50,1,3142.2,28,1,3142.9,482,3,3143.1,86,1,3143.2,176,3,3143.3,200,1,3143.4,54,1
2031,2026-06-16 14:57:36+05:30,3142.9,1,3134.95,3087534,129879.0,196805.0,3163.0,3163.0,3108.0,3134.3,31854800,3447.7,2820.9,3839.9,2896.0,3142.6,118,11,3142.5,4,3,3142.3,50,1,3142.1,35,3,3141.9,78,4,3142.9,479,3,3143.1,87,2,3143.2,375,3,3143.4,54,1,3143.6,116,3
2031,2026-06-16 14:57:36+05:30,3142.9,1,3134.95,3087534,129879.0,196805.0,3163.0,3163.0,3108.0,3134.3,31854800,3447.7,2820.9,3839.9,2896.0,3142.6,118,11,3142.5,4,3,3142.3,50,1,3142.1,35,3,3141.9,78,4,3142.9,479,3,3143.1,87,2,3143.2,375,3,3143.4,54,1,3143.6,116,3
2031,2026-06-16 14:57:37+05:30,3142.7,137,3134.95,3087753,129759.0,196796.0,3163.0,3163.0,3108.0,3134.3,31854800,3447.7,2820.9,3839.9,2896.0,3142.7,48,4,3142.6,65,2,3142.5,4,3,3142.3,50,1,3142.1,35,3,3142.9,471,3,3143.1,86,1,3143.2,176,3,3143.3,200,1,3143.4,54,1
2031,2026-06-16 14:57:37+05:30,3142.7,137,3134.95,3087753,129759.0,196796.0,3163.0,3163.0,3108.0,3134.3,31854800,3447.7,2820.9,3839.9,2896.0,3142.7,48,4,3142.6,65,2,3142.5,4,3,3142.3,50,1,3142.1,35,3,3142.9,471,3,3143.1,86,1,3143.2,176,3,3143.3,200,1,3143.4,54,1
2031,2026-06-16 14:57:38+05:30,3142.7,137,3134.95,3087753,129798.0,196796.0,3163.0,3163.0,3108.0,3134.3,31854800,3447.7,2820.9,3839.9,2896.0,3142.7,65,5,3142.6,50,1,3142.5,4,3,3142.3,50,1,3142.2,28,1,3142.9,471,3,3143.1,86,1,3143.2,175,2,3143.3,201,2,3143.4,54,1
2031,2026-06-16 14:57:38+05:30,3142.7,4,3134.95,3087753,129798.0,196796.0,3163.0,3163.0,3108.0,3134.3,31854800,3447.7,2820.9,3839.9,2896.0,3142.7,65,5,3142.6,50,1,3142.5,4,3,3142.3,50,1,3142.2,28,1,3142.9,471,3,3143.1,86,1,3143.2,175,2,3143.3,201,2,3143.4,54,1
2031,2026-06-16 14:57:39+05:30,3142.9,1,3134.95,3088046,129810.0,196514.0,3163.0,3163.0,3108.0,3134.3,31854800,3447.7,2820.9,3839.9,2896.0,3142.8,13,1,3142.7,38,4,3142.6,64,2,3142.5,4,3,3142.3,50,1,3142.9,517,3,3143.1,86,1,3143.2,375,3,3143.5,55,2,3143.6,78,2
2031,2026-06-16 14:57:39+05:30,3142.9,1,3134.95,3088046,129810.0,196514.0,3163.0,3163.0,3108.0,3134.3,31854800,3447.7,2820.9,3839.9,2896.0,3142.8,13,1,3142.7,38,4,3142.6,64,2,3142.5,4,3,3142.3,50,1,3142.9,517,3,3143.1,86,1,3143.2,375,3,3143.5,55,2,3143.6,78,2
2031,2026-06-16 14:57:40+05:30,3142.9,1,3134.95,3088047,129631.0,196669.0,3163.0,3163.0,3108.0,3134.3,31854800,3447.7,2820.9,3839.9,2896.0,3142.7,38,4,3142.6,64,2,3142.5,4,3,3142.3,50,1,3142.2,38,2,3142.9,522,5,3143.1,86,1,3143.2,375,3,3143.5,93,3,3143.6,78,2
2031,2026-06-16 14:57:40+05:30,3142.7,8,3134.95,3088047,129631.0,196669.0,3163.0,3163.0,3108.0,3134.3,31854800,3447.7,2820.9,3839.9,2896.0,3142.7,38,4,3142.6,64,2,3142.5,4,3,3142.3,50,1,3142.2,38,2,3142.9,522,5,3143.1,86,1,3143.2,375,3,3143.5,93,3,3143.6,78,2
2031,2026-06-16 14:57:40+05:30,3142.7,8,3134.95,3088047,129631.0,196669.0,3163.0,3163.0,3108.0,3134.3,31854800,3447.7,2820.9,3839.9,2896.0,3142.7,38,4,3142.6,64,2,3142.5,4,3,3142.3,50,1,3142.2,38,2,3142.9,522,5,3143.1,86,1,3143.2,375,3,3143.5,93,3,3143.6,78,2
2031,2026-06-16 14:57:41+05:30,3142.7,30,3134.95,3088200,129766.0,195908.0,3163.0,3163.0,3108.0,3134.3,31854800,3447.7,2820.9,3839.9,2896.0,3142.7,13,1,3142.6,78,3,3142.5,3,2,3142.3,50,1,3142.2,27,1,3142.9,546,6,3143.1,86,1,3143.2,176,3,3143.3,200,1,3143.5,128,3
2031,2026-06-16 14:57:41+05:30,3142.7,30,3134.95,3088200,129766.0,195908.0,3163.0,3163.0,3108.0,3134.3,31854800,3447.7,2820.9,3839.9,2896.0,3142.7,13,1,3142.6,78,3,3142.5,3,2,3142.3,50,1,3142.2,27,1,3142.9,546,6,3143.1,86,1,3143.2,176,3,3143.3,200,1,3143.5,128,3
2031,2026-06-16 14:57:42+05:30,3142.7,30,3134.95,3088200,129766.0,195908.0,3163.0,3163.0,3108.0,3134.3,31854800,3447.7,2820.9,3839.9,2896.0,3142.7,13,1,3142.6,78,3,3142.5,3,2,3142.3,50,1,3142.2,27,1,3142.9,546,6,3143.1,86,1,3143.2,176,3,3143.3,200,1,3143.5,128,3
2031,2026-06-16 14:57:42+05:30,3142.6,34,3134.95,3088558,130211.0,196637.0,3163.0,3163.0,3108.0,3134.3,31854800,3447.7,2820.9,3839.9,2896.0,3142.6,44,3,3142.5,37,3,3142.4,12,1,3142.3,50,1,3142.2,73,4,3142.9,35,3,3143.2,643,4,3143.4,86,1,3143.5,132,1,3143.6,278,3
2031,2026-06-16 14:57:42+05:30,3142.6,34,3134.95,3088558,130211.0,196637.0,3163.0,3163.0,3108.0,3134.3,31854800,3447.7,2820.9,3839.9,2896.0,3142.6,44,3,3142.5,37,3,3142.4,12,1,3142.3,50,1,3142.2,73,4,3142.9,35,3,3143.2,643,4,3143.4,86,1,3143.5,132,1,3143.6,278,3
2031,2026-06-16 14:57:43+05:30,3142.7,2,3134.95,3088558,130211.0,196637.0,3163.0,3163.0,3108.0,3134.3,31854800,3447.7,2820.9,3839.9,2896.0,3142.6,44,3,3142.5,37,3,3142.4,12,1,3142.3,50,1,3142.2,73,4,3142.9,35,3,3143.2,643,4,3143.4,86,1,3143.5,132,1,3143.6,278,3
2031,2026-06-16 14:57:43+05:30,3142.7,2,3134.95,3088652,130422.0,196566.0,3163.0,3163.0,3108.0,3134.3,31854800,3447.7,2820.9,3839.9,2896.0,3142.7,11,1,3142.6,71,4,3142.5,1,1,3142.4,39,2,3142.3,91,3,3142.9,14,1,3143.2,587,3,3143.4,86,1,3143.5,133,2,3143.6,278,3
2031,2026-06-16 14:57:44+05:30,3142.9,1,3134.95,3088652,130422.0,196566.0,3163.0,3163.0,3108.0,3134.3,31854800,3447.7,2820.9,3839.9,2896.0,3142.7,11,1,3142.6,71,4,3142.5,1,1,3142.4,39,2,3142.3,91,3,3142.9,14,1,3143.2,587,3,3143.4,86,1,3143.5,133,2,3143.6,278,3
2031,2026-06-16 14:57:44+05:30,3142.9,1,3134.95,3088652,130422.0,196566.0,3163.0,3163.0,3108.0,3134.3,31854800,3447.7,2820.9,3839.9,2896.0,3142.8,14,1,3142.7,38,3,3142.6,13,1,3142.5,1,1,3142.4,39,2,3142.9,14,1,3143.2,526,3,3143.4,86,1,3143.5,332,2,3143.6,79,3
2031,2026-06-16 14:57:44+05:30,3142.9,1,3134.96,3088728,130318.0,196395.0,3163.0,3163.0,3108.0,3134.3,31854800,3447.7,2820.9,3839.9,2896.0,3142.8,14,1,3142.7,38,3,3142.6,13,1,3142.5,1,1,3142.4,39,2,3142.9,14,1,3143.2,526,3,3143.4,86,1,3143.5,332,2,3143.6,79,3
2031,2026-06-16 14:57:45+05:30,3142.7,1,3134.96,3088728,130318.0,196395.0,3163.0,3163.0,3108.0,3134.3,31854800,3447.7,2820.9,3839.9,2896.0,3142.8,14,1,3142.7,38,3,3142.6,13,1,3142.5,1,1,3142.4,39,2,3142.9,14,1,3143.2,526,3,3143.4,86,1,3143.5,332,2,3143.6,79,3
2031,2026-06-16 14:57:45+05:30,3142.9,9,3134.96,3088782,130171.0,196171.0,3163.0,3163.0,3108.0,3134.3,31854800,3447.7,2820.9,3839.9,2896.0,3142.8,13,1,3142.7,63,5,3142.6,20,2,3142.5,19,3,3142.4,66,3,3142.9,29,2,3143.2,526,3,3143.4,86,1,3143.5,332,2,3143.6,78,2
2031,2026-06-16 14:57:46+05:30,3142.9,3,3134.96,3088782,130171.0,196171.0,3163.0,3163.0,3108.0,3134.3,31854800,3447.7,2820.9,3839.9,2896.0,3142.8,13,1,3142.7,63,5,3142.6,20,2,3142.5,19,3,3142.4,66,3,3142.9,29,2,3143.2,526,3,3143.4,86,1,3143.5,332,2,3143.6,78,2
2031,2026-06-16 14:57:46+05:30,3142.9,9,3134.96,3088840,130119.0,194167.0,3163.0,3163.0,3108.0,3134.3,31854800,3447.7,2820.9,3839.9,2896.0,3142.9,69,6,3142.8,31,4,3142.7,35,5,3142.6,61,3,3142.5,19,3,3143.0,110,2,3143.2,526,3,3143.4,86,1,3143.5,332,2,3143.6,78,2
2031,2026-06-16 14:57:46+05:30,3142.9,9,3134.96,3088840,130119.0,194167.0,3163.0,3163.0,3108.0,3134.3,31854800,3447.7,2820.9,3839.9,2896.0,3142.9,69,6,3142.8,31,4,3142.7,35,5,3142.6,61,3,3142.5,19,3,3143.0,110,2,3143.2,526,3,3143.4,86,1,3143.5,332,2,3143.6,78,2
2031,2026-06-16 14:57:47+05:30,3143.0,30,3134.96,3088840,130119.0,194167.0,3163.0,3163.0,3108.0,3134.3,31854800,3447.7,2820.9,3839.9,2896.0,3142.9,69,6,3142.8,31,4,3142.7,35,5,3142.6,61,3,3142.5,19,3,3143.0,110,2,3143.2,526,3,3143.4,86,1,3143.5,332,2,3143.6,78,2
2031,2026-06-16 14:57:47+05:30,3143.0,30,3134.96,3089023,130122.0,195910.0,3163.0,3163.0,3108.0,3134.3,31854800,3447.7,2820.9,3839.9,2896.0,3142.9,32,3,3142.8,27,2,3142.7,47,5,3142.6,27,1,3142.5,10,2,3143.0,29,1,3143.2,526,3,3143.4,86,1,3143.5,332,2,3143.6,79,3
2031,2026-06-16 14:57:48+05:30,3142.9,2,3134.96,3089023,130122.0,195910.0,3163.0,3163.0,3108.0,3134.3,31854800,3447.7,2820.9,3839.9,2896.0,3142.9,32,3,3142.8,27,2,3142.7,47,5,3142.6,27,1,3142.5,10,2,3143.0,29,1,3143.2,526,3,3143.4,86,1,3143.5,332,2,3143.6,79,3
2031,2026-06-16 14:57:48+05:30,3143.0,1,3134.96,3089026,130203.0,194109.0,3163.0,3163.0,3108.0,3134.3,31854800,3447.7,2820.9,3839.9,2896.0,3142.9,30,3,3142.8,27,2,3142.7,47,5,3142.6,27,1,3142.5,1,1,3143.0,28,1,3143.2,526,3,3143.4,86,1,3143.5,332,2,3143.6,79,3
2031,2026-06-16 14:57:49+05:30,3143.0,1,3134.96,3089026,130203.0,194109.0,3163.0,3163.0,3108.0,3134.3,31854800,3447.7,2820.9,3839.9,2896.0,3142.9,30,3,3142.8,27,2,3142.7,47,5,3142.6,27,1,3142.5,1,1,3143.0,28,1,3143.2,526,3,3143.4,86,1,3143.5,332,2,3143.6,79,3
2031,2026-06-16 14:57:49+05:30,3143.0,1,3134.96,3089026,130203.0,194109.0,3163.0,3163.0,3108.0,3134.3,31854800,3447.7,2820.9,3839.9,2896.0,3142.9,30,3,3142.8,27,2,3142.7,47,5,3142.6,27,1,3142.5,1,1,3143.0,28,1,3143.2,526,3,3143.4,86,1,3143.5,332,2,3143.6,79,3
2031,2026-06-16 14:57:49+05:30,3143.0,1,3134.96,3089027,130171.0,195997.0,3163.0,3163.0,3108.0,3134.3,31854800,3447.7,2820.9,3839.9,2896.0,3142.9,5,2,3142.8,40,2,3142.7,33,4,3142.6,27,1,3142.5,1,1,3143.0,77,3,3143.2,526,3,3143.4,86,1,3143.5,332,2,3143.6,79,3
2031,2026-06-16 14:57:50+05:30,3143.0,1,3134.96,3089027,130171.0,195997.0,3163.0,3163.0,3108.0,3134.3,31854800,3447.7,2820.9,3839.9,2896.0,3142.9,5,2,3142.8,40,2,3142.7,33,4,3142.6,27,1,3142.5,1,1,3143.0,77,3,3143.2,526,3,3143.4,86,1,3143.5,332,2,3143.6,79,3
2031,2026-06-16 14:57:50+05:30,3143.0,1,3134.96,3089027,130175.0,194256.0,3163.0,3163.0,3108.0,3134.3,31854800,3447.7,2820.9,3839.9,2896.0,3142.9,5,2,3142.8,40,2,3142.7,33,4,3142.6,27,1,3142.5,1,1,3143.0,77,3,3143.1,59,1,3143.2,526,3,3143.4,86,1,3143.5,333,3
2031,2026-06-16 14:57:51+05:30,3143.0,1,3134.96,3089027,130175.0,194256.0,3163.0,3163.0,3108.0,3134.3,31854800,3447.7,2820.9,3839.9,2896.0,3142.9,5,2,3142.8,40,2,3142.7,33,4,3142.6,27,1,3142.5,1,1,3143.0,77,3,3143.1,59,1,3143.2,526,3,3143.4,86,1,3143.5,333,3
2031,2026-06-16 14:57:51+05:30,3143.0,2,3134.96,3089027,130175.0,194256.0,3163.0,3163.0,3108.0,3134.3,31854800,3447.7,2820.9,3839.9,2896.0,3142.9,5,2,3142.8,40,2,3142.7,33,4,3142.6,27,1,3142.5,1,1,3143.0,77,3,3143.1,59,1,3143.2,526,3,3143.4,86,1,3143.5,333,3
2031,2026-06-16 14:57:51+05:30,3143.0,2,3134.96,3089052,129741.0,196489.0,3163.0,3163.0,3108.0,3134.3,31854800,3447.7,2820.9,3839.9,2896.0,3142.7,18,2,3142.5,1,1,3142.3,50,1,3142.2,30,2,3142.1,48,4,3143.0,75,3,3143.1,59,1,3143.2,526,3,3143.4,87,2,3143.5,406,4
2031,2026-06-16 14:57:52+05:30,3143.0,29,3134.96,3089052,129741.0,196489.0,3163.0,3163.0,3108.0,3134.3,31854800,3447.7,2820.9,3839.9,2896.0,3142.7,18,2,3142.5,1,1,3142.3,50,1,3142.2,30,2,3142.1,48,4,3143.0,75,3,3143.1,59,1,3143.2,526,3,3143.4,87,2,3143.5,406,4
2031,2026-06-16 14:57:52+05:30,3143.1,1,3134.96,3089280,130191.0,196140.0,3163.0,3163.0,3108.0,3134.3,31854800,3447.7,2820.9,3839.9,2896.0,3143.0,39,3,3142.7,18,2,3142.5,1,1,3142.4,27,1,3142.3,104,4,3143.1,58,1,3143.2,526,3,3143.4,87,2,3143.5,332,2,3143.6,132,3
2031,2026-06-16 14:57:52+05:30,3143.1,1,3134.96,3089280,130191.0,196140.0,3163.0,3163.0,3108.0,3134.3,31854800,3447.7,2820.9,3839.9,2896.0,3143.0,39,3,3142.7,18,2,3142.5,1,1,3142.4,27,1,3142.3,104,4,3143.1,58,1,3143.2,526,3,3143.4,87,2,3143.5,332,2,3143.6,132,3
2031,2026-06-16 14:57:53+05:30,3143.0,2,3134.96,3089280,130191.0,196140.0,3163.0,3163.0,3108.0,3134.3,31854800,3447.7,2820.9,3839.9,2896.0,3143.0,39,3,3142.7,18,2,3142.5,1,1,3142.4,27,1,3142.3,104,4,3143.1,58,1,3143.2,526,3,3143.4,87,2,3143.5,332,2,3143.6,132,3
2031,2026-06-16 14:57:53+05:30,3143.0,2,3134.96,3089280,130191.0,196140.0,3163.0,3163.0,3108.0,3134.3,31854800,3447.7,2820.9,3839.9,2896.0,3143.0,39,3,3142.7,18,2,3142.5,1,1,3142.4,27,1,3142.3,104,4,3143.1,58,1,3143.2,526,3,3143.4,87,2,3143.5,332,2,3143.6,132,3
2031,2026-06-16 14:57:53+05:30,3143.1,1,3134.96,3089338,130236.0,196256.0,3163.0,3163.0,3108.0,3134.3,31854800,3447.7,2820.9,3839.9,2896.0,3143.0,56,4,3142.8,27,1,3142.7,1,1,3142.6,27,2,3142.5,1,1,3143.1,57,1,3143.2,526,3,3143.4,86,1,3143.5,332,2,3143.6,78,2
2031,2026-06-16 14:57:53+05:30,3143.1,1,3134.96,3089338,130236.0,196256.0,3163.0,3163.0,3108.0,3134.3,31854800,3447.7,2820.9,3839.9,2896.0,3143.0,56,4,3142.8,27,1,3142.7,1,1,3142.6,27,2,3142.5,1,1,3143.1,57,1,3143.2,526,3,3143.4,86,1,3143.5,332,2,3143.6,78,2
2031,2026-06-16 14:57:54+05:30,3143.1,1,3134.96,3089338,130236.0,196256.0,3163.0,3163.0,3108.0,3134.3,31854800,3447.7,2820.9,3839.9,2896.0,3143.0,56,4,3142.8,27,1,3142.7,1,1,3142.6,27,2,3142.5,1,1,3143.1,57,1,3143.2,526,3,3143.4,86,1,3143.5,332,2,3143.6,78,2
2031,2026-06-16 14:57:54+05:30,3143.1,1,3134.96,3089338,130236.0,196256.0,3163.0,3163.0,3108.0,3134.3,31854800,3447.7,2820.9,3839.9,2896.0,3143.0,56,4,3142.8,27,1,3142.7,1,1,3142.6,27,2,3142.5,1,1,3143.1,57,1,3143.2,526,3,3143.4,86,1,3143.5,332,2,3143.6,78,2
2031,2026-06-16 14:57:54+05:30,3143.1,115,3134.96,3089453,130173.0,195669.0,3163.0,3163.0,3108.0,3134.3,31854800,3447.7,2820.9,3839.9,2896.0,3143.0,39,3,3142.7,16,2,3142.6,12,1,3142.5,22,3,3142.4,43,2,3143.5,526,3,3143.6,79,3,3143.7,132,2,3143.8,349,3,3143.9,186,1
2031,2026-06-16 14:57:55+05:30,3143.1,115,3134.96,3089453,130173.0,195669.0,3163.0,3163.0,3108.0,3134.3,31854800,3447.7,2820.9,3839.9,2896.0,3143.0,39,3,3142.7,16,2,3142.6,12,1,3142.5,22,3,3142.4,43,2,3143.5,526,3,3143.6,79,3,3143.7,132,2,3143.8,349,3,3143.9,186,1
2031,2026-06-16 14:57:55+05:30,3143.5,9,3134.96,3089453,130173.0,195669.0,3163.0,3163.0,3108.0,3134.3,31854800,3447.7,2820.9,3839.9,2896.0,3143.0,39,3,3142.7,16,2,3142.6,12,1,3142.5,22,3,3142.4,43,2,3143.5,526,3,3143.6,79,3,3143.7,132,2,3143.8,349,3,3143.9,186,1
2031,2026-06-16 14:57:55+05:30,3143.5,9,3134.96,3089506,130125.0,195799.0,3163.0,3163.0,3108.0,3134.3,31854800,3447.7,2820.9,3839.9,2896.0,3143.0,36,3,3142.5,2,2,3142.3,74,3,3142.2,33,2,3142.1,82,5,3143.2,516,3,3143.3,52,2,3143.4,87,2,3143.5,381,4,3143.6,272,6
2031,2026-06-16 14:57:55+05:30,3143.5,9,3134.96,3089506,130125.0,195799.0,3163.0,3163.0,3108.0,3134.3,31854800,3447.7,2820.9,3839.9,2896.0,3143.0,36,3,3142.5,2,2,3142.3,74,3,3142.2,33,2,3142.1,82,5,3143.2,516,3,3143.3,52,2,3143.4,87,2,3143.5,381,4,3143.6,272,6
2031,2026-06-16 14:57:56+05:30,3143.0,9,3134.96,3089515,130116.0,196311.0,3163.0,3163.0,3108.0,3134.3,31854800,3447.7,2820.9,3839.9,2896.0,3143.0,44,4,3142.5,17,3,3142.3,101,4,3142.2,6,1,3142.1,76,4,3143.2,74,3,3143.3,14,1,3143.5,540,5,3143.6,78,2,3143.7,202,4
2031,2026-06-16 14:57:56+05:30,3143.0,9,3134.96,3089515,130116.0,196311.0,3163.0,3163.0,3108.0,3134.3,31854800,3447.7,2820.9,3839.9,2896.0,3143.0,44,4,3142.5,17,3,3142.3,101,4,3142.2,6,1,3142.1,76,4,3143.2,74,3,3143.3,14,1,3143.5,540,5,3143.6,78,2,3143.7,202,4
2031,2026-06-16 14:57:57+05:30,3143.2,6,3134.96,3089515,130116.0,196311.0,3163.0,3163.0,3108.0,3134.3,31854800,3447.7,2820.9,3839.9,2896.0,3143.0,44,4,3142.5,17,3,3142.3,101,4,3142.2,6,1,3142.1,76,4,3143.2,74,3,3143.3,14,1,3143.5,540,5,3143.6,78,2,3143.7,202,4
2031,2026-06-16 14:57:57+05:30,3143.2,6,3134.96,3089752,129732.0,197025.0,3163.0,3163.0,3108.0,3134.3,31854800,3447.7,2820.9,3839.9,2896.0,3143.0,17,1,3142.5,17,3,3142.3,98,3,3142.2,6,1,3142.1,76,4,3143.2,60,1,3143.5,578,6,3143.6,78,2,3143.7,193,4,3143.8,441,5
2031,2026-06-16 14:57:57+05:30,3143.2,6,3134.96,3089752,129732.0,197025.0,3163.0,3163.0,3108.0,3134.3,31854800,3447.7,2820.9,3839.9,2896.0,3143.0,17,1,3142.5,17,3,3142.3,98,3,3142.2,6,1,3142.1,76,4,3143.2,60,1,3143.5,578,6,3143.6,78,2,3143.7,193,4,3143.8,441,5
2031,2026-06-16 14:57:58+05:30,3143.0,3,3134.96,3089752,129732.0,197025.0,3163.0,3163.0,3108.0,3134.3,31854800,3447.7,2820.9,3839.9,2896.0,3143.0,17,1,3142.5,17,3,3142.3,98,3,3142.2,6,1,3142.1,76,4,3143.2,60,1,3143.5,578,6,3143.6,78,2,3143.7,193,4,3143.8,441,5
2031,2026-06-16 14:57:58+05:30,3143.0,3,3134.96,3089752,129732.0,197025.0,3163.0,3163.0,3108.0,3134.3,31854800,3447.7,2820.9,3839.9,2896.0,3143.0,17,1,3142.5,17,3,3142.3,98,3,3142.2,6,1,3142.1,76,4,3143.2,60,1,3143.5,578,6,3143.6,78,2,3143.7,193,4,3143.8,441,5
2031,2026-06-16 14:57:58+05:30,3143.0,3,3134.96,3089855,129697.0,196270.0,3163.0,3163.0,3108.0,3134.3,31854800,3447.7,2820.9,3839.9,2896.0,3143.0,52,2,3142.5,38,4,3142.3,98,3,3142.2,6,1,3142.1,76,4,3143.5,540,5,3143.6,104,2,3143.7,193,4,3143.8,441,5,3143.9,227,2
2031,2026-06-16 14:57:59+05:30,3143.0,3,3134.96,3089855,129697.0,196270.0,3163.0,3163.0,3108.0,3134.3,31854800,3447.7,2820.9,3839.9,2896.0,3143.0,52,2,3142.5,38,4,3142.3,98,3,3142.2,6,1,3142.1,76,4,3143.5,540,5,3143.6,104,2,3143.7,193,4,3143.8,441,5,3143.9,227,2
2031,2026-06-16 14:57:59+05:30,3143.0,58,3134.96,3089855,129697.0,196270.0,3163.0,3163.0,3108.0,3134.3,31854800,3447.7,2820.9,3839.9,2896.0,3143.0,52,2,3142.5,38,4,3142.3,98,3,3142.2,6,1,3142.1,76,4,3143.5,540,5,3143.6,104,2,3143.7,193,4,3143.8,441,5,3143.9,227,2
2031,2026-06-16 14:57:59+05:30,3143.0,58,3134.96,3089949,129684.0,196526.0,3163.0,3163.0,3108.0,3134.3,31854800,3447.7,2820.9,3839.9,2896.0,3143.0,17,1,3142.5,38,4,3142.3,98,3,3142.2,6,1,3142.1,43,3,3143.4,70,1,3143.5,578,6,3143.6,149,3,3143.7,196,4,3143.8,506,7
2031,2026-06-16 14:57:59+05:30,3143.0,58,3134.96,3089949,129684.0,196526.0,3163.0,3163.0,3108.0,3134.3,31854800,3447.7,2820.9,3839.9,2896.0,3143.0,17,1,3142.5,38,4,3142.3,98,3,3142.2,6,1,3142.1,43,3,3143.4,70,1,3143.5,578,6,3143.6,149,3,3143.7,196,4,3143.8,506,7
2031,2026-06-16 14:58:00+05:30,3143.4,1,3134.96,3089949,129684.0,196526.0,3163.0,3163.0,3108.0,3134.3,31854800,3447.7,2820.9,3839.9,2896.0,3143.0,17,1,3142.5,38,4,3142.3,98,3,3142.2,6,1,3142.1,43,3,3143.4,70,1,3143.5,578,6,3143.6,149,3,3143.7,196,4,3143.8,506,7
2031,2026-06-16 14:58:00+05:30,3143.4,1,3134.96,3089967,130010.0,196301.0,3163.0,3163.0,3108.0,3134.3,31854800,3447.7,2820.9,3839.9,2896.0,3143.0,74,4,3142.8,14,1,3142.6,7,1,3142.5,23,3,3142.4,27,1,3143.4,53,2,3143.5,516,3,3143.6,66,1,3143.7,164,3,3143.8,404,5
2031,2026-06-16 14:58:00+05:30,3143.4,1,3134.96,3089967,130010.0,196301.0,3163.0,3163.0,3108.0,3134.3,31865400,3447.7,2820.9,3839.9,2896.0,3143.0,74,4,3142.8,14,1,3142.6,7,1,3142.5,23,3,3142.4,27,1,3143.4,53,2,3143.5,516,3,3143.6,66,1,3143.7,164,3,3143.8,404,5
2031,2026-06-16 14:58:01+05:30,3143.2,1,3134.96,3089967,130010.0,196301.0,3163.0,3163.0,3108.0,3134.3,31865400,3447.7,2820.9,3839.9,2896.0,3143.0,74,4,3142.8,14,1,3142.6,7,1,3142.5,23,3,3142.4,27,1,3143.4,53,2,3143.5,516,3,3143.6,66,1,3143.7,164,3,3143.8,404,5
2031,2026-06-16 14:58:01+05:30,3143.2,1,3134.96,3089968,130077.0,196124.0,3163.0,3163.0,3108.0,3134.3,31865400,3447.7,2820.9,3839.9,2896.0,3143.2,2,2,3143.0,74,4,3142.9,1,1,3142.8,14,1,3142.7,16,1,3143.4,53,2,3143.5,516,3,3143.6,66,1,3143.7,132,2,3143.8,349,3
2031,2026-06-16 14:58:02+05:30,3143.2,1,3134.96,3089968,130002.0,196328.0,3163.0,3163.0,3108.0,3134.3,31865400,3447.7,2820.9,3839.9,2896.0,3143.2,18,3,3143.0,75,5,3142.9,1,1,3142.8,14,1,3142.5,23,3,3143.4,569,5,3143.5,75,2,3143.6,191,4,3143.7,401,4,3143.8,109,3
2031,2026-06-16 14:58:03+05:30,3143.3,17,3134.96,3089968,130002.0,196328.0,3163.0,3163.0,3108.0,3134.3,31865400,3447.7,2820.9,3839.9,2896.0,3143.2,18,3,3143.0,75,5,3142.9,1,1,3142.8,14,1,3142.5,23,3,3143.4,569,5,3143.5,75,2,3143.6,191,4,3143.7,401,4,3143.8,109,3
2031,2026-06-16 14:58:03+05:30,3143.3,146,3134.96,3090148,130062.0,196411.0,3163.0,3163.0,3108.0,3134.3,31865400,3447.7,2820.9,3839.9,2896.0,3143.0,75,5,3142.9,1,1,3142.8,14,1,3142.5,23,3,3142.4,27,1,3143.3,22,1,3143.4,53,2,3143.5,577,4,3143.6,67,2,3143.7,155,3
2031,2026-06-16 14:58:04+05:30,3143.3,146,3134.96,3090148,130062.0,196411.0,3163.0,3163.0,3108.0,3134.3,31865400,3447.7,2820.9,3839.9,2896.0,3143.0,75,5,3142.9,1,1,3142.8,14,1,3142.5,23,3,3142.4,27,1,3143.3,22,1,3143.4,53,2,3143.5,577,4,3143.6,67,2,3143.7,155,3
2031,2026-06-16 14:58:04+05:30,3143.0,26,3134.96,3090191,129983.0,196376.0,3163.0,3163.0,3108.0,3134.3,31865400,3447.7,2820.9,3839.9,2896.0,3143.0,50,6,3142.9,1,1,3142.8,14,1,3142.5,23,3,3142.4,27,1,3143.3,22,1,3143.4,91,4,3143.5,577,4,3143.6,67,2,3143.7,155,3
2031,2026-06-16 14:58:05+05:30,3143.8,50,3134.96,3090191,129983.0,196376.0,3163.0,3163.0,3108.0,3134.3,31865400,3447.7,2820.9,3839.9,2896.0,3143.0,50,6,3142.9,1,1,3142.8,14,1,3142.5,23,3,3142.4,27,1,3143.3,22,1,3143.4,91,4,3143.5,577,4,3143.6,67,2,3143.7,155,3
2031,2026-06-16 14:58:05+05:30,3143.8,1,3134.96,3091737,131708.0,194872.0,3163.0,3163.0,3108.0,3134.3,31865400,3447.7,2820.9,3839.9,2896.0,3143.4,1,1,3143.1,37,2,3143.0,183,8,3142.9,105,5,3142.8,67,4,3143.8,4,1,3143.9,186,1,3144.0,13,1,3144.3,70,1,3144.4,13,1
2031,2026-06-16 14:58:06+05:30,3143.9,148,3134.96,3091737,131708.0,194872.0,3163.0,3163.0,3108.0,3134.3,31865400,3447.7,2820.9,3839.9,2896.0,3143.4,1,1,3143.1,37,2,3143.0,183,8,3142.9,105,5,3142.8,67,4,3143.8,4,1,3143.9,186,1,3144.0,13,1,3144.3,70,1,3144.4,13,1
2031,2026-06-16 14:58:06+05:30,3143.4,9,3134.96,3091948,132231.0,194905.0,3163.0,3163.0,3108.0,3134.3,31865400,3447.7,2820.9,3839.9,2896.0,3143.4,55,1,3143.1,43,2,3143.0,81,7,3142.9,104,4,3142.8,41,4,3143.9,38,1,3144.0,13,1,3144.4,51,2,3144.5,46,3,3144.6,504,5
2031,2026-06-16 14:58:07+05:30,3143.9,5,3134.96,3091948,132231.0,194905.0,3163.0,3163.0,3108.0,3134.3,31865400,3447.7,2820.9,3839.9,2896.0,3143.4,55,1,3143.1,43,2,3143.0,81,7,3142.9,104,4,3142.8,41,4,3143.9,38,1,3144.0,13,1,3144.4,51,2,3144.5,46,3,3144.6,504,5
2031,2026-06-16 14:58:07+05:30,3143.9,5,3134.96,3092082,130860.0,195719.0,3163.0,3163.0,3108.0,3134.3,31865400,3447.7,2820.9,3839.9,2896.0,3143.4,38,1,3143.0,49,5,3142.9,22,1,3142.8,14,1,3142.7,20,1,3143.9,115,5,3144.0,543,6,3144.2,361,6,3144.3,295,3,3144.4,84,3
2031,2026-06-16 14:58:08+05:30,3143.4,2,3134.96,3092082,130860.0,195719.0,3163.0,3163.0,3108.0,3134.3,31865400,3447.7,2820.9,3839.9,2896.0,3143.4,38,1,3143.0,49,5,3142.9,22,1,3142.8,14,1,3142.7,20,1,3143.9,115,5,3144.0,543,6,3144.2,361,6,3144.3,295,3,3144.4,84,3
2031,2026-06-16 14:58:08+05:30,3142.8,14,3134.96,3092317,129386.0,196814.0,3163.0,3163.0,3108.0,3134.3,31865400,3447.7,2820.9,3839.9,2896.0,3142.8,14,1,3142.5,1,1,3142.3,71,2,3142.2,1,1,3142.1,21,2,3143.2,200,1,3143.3,108,4,3143.4,36,2,3143.5,32,1,3143.6,674,7
2031,2026-06-16 14:58:09+05:30,3142.8,14,3134.96,3092317,129386.0,196814.0,3163.0,3163.0,3108.0,3134.3,31865400,3447.7,2820.9,3839.9,2896.0,3142.8,14,1,3142.5,1,1,3142.3,71,2,3142.2,1,1,3142.1,21,2,3143.2,200,1,3143.3,108,4,3143.4,36,2,3143.5,32,1,3143.6,674,7
2031,2026-06-16 14:58:09+05:30,3142.7,14,3134.96,3092402,129518.0,197065.0,3163.0,3163.0,3108.0,3134.3,31865400,3447.7,2820.9,3839.9,2896.0,3142.7,1,1,3142.5,14,2,3142.3,50,1,3142.1,21,2,3142.0,16,2,3143.2,251,3,3143.3,70,3,3143.4,84,3,3143.5,86,2,3143.6,472,5
2031,2026-06-16 14:58:10+05:30,3142.7,14,3134.96,3092402,129518.0,197065.0,3163.0,3163.0,3108.0,3134.3,31865400,3447.7,2820.9,3839.9,2896.0,3142.7,1,1,3142.5,14,2,3142.3,50,1,3142.1,21,2,3142.0,16,2,3143.2,251,3,3143.3,70,3,3143.4,84,3,3143.5,86,2,3143.6,472,5
2031,2026-06-16 14:58:10+05:30,3143.2,1,3134.96,3092403,129284.0,197614.0,3163.0,3163.0,3108.0,3134.3,31865400,3447.7,2820.9,3839.9,2896.0,3142.7,1,1,3142.5,1,1,3142.3,64,2,3142.1,21,2,3142.0,16,2,3142.9,199,1,3143.0,1,1,3143.1,18,1,3143.2,51,2,3143.3,70,3
2031,2026-06-16 14:58:11+05:30,3143.2,1,3134.96,3092403,129284.0,197614.0,3163.0,3163.0,3108.0,3134.3,31865400,3447.7,2820.9,3839.9,2896.0,3142.7,1,1,3142.5,1,1,3142.3,64,2,3142.1,21,2,3142.0,16,2,3142.9,199,1,3143.0,1,1,3143.1,18,1,3143.2,51,2,3143.3,70,3
2031,2026-06-16 14:58:11+05:30,3142.6,11,3134.97,3092711,129367.0,197709.0,3163.0,3163.0,3108.0,3134.3,31865400,3447.7,2820.9,3839.9,2896.0,3142.5,18,2,3142.3,50,1,3142.1,1,1,3142.0,70,3,3141.9,69,3,3142.6,22,1,3142.9,23,1,3143.0,1,1,3143.3,23,1,3143.4,22,1
2031,2026-06-16 14:58:12+05:30,3142.6,1,3134.97,3092711,129367.0,197709.0,3163.0,3163.0,3108.0,3134.3,31865400,3447.7,2820.9,3839.9,2896.0,3142.5,18,2,3142.3,50,1,3142.1,1,1,3142.0,70,3,3141.9,69,3,3142.6,22,1,3142.9,23,1,3143.0,1,1,3143.3,23,1,3143.4,22,1
2031,2026-06-16 14:58:13+05:30,3143.5,31,3134.97,3092912,130335.0,196517.0,3163.0,3163.0,3108.0,3134.3,31865400,3447.7,2820.9,3839.9,2896.0,3142.6,66,8,3142.5,55,3,3142.4,37,2,3142.3,158,5,3142.2,80,5,3143.6,600,3,3143.8,201,2,3143.9,400,2,3144.0,99,2,3144.1,14,1
2031,2026-06-16 14:58:13+05:30,3142.6,2,3134.97,3092912,130335.0,196517.0,3163.0,3163.0,3108.0,3134.3,31865400,3447.7,2820.9,3839.9,2896.0,3142.6,66,8,3142.5,55,3,3142.4,37,2,3142.3,158,5,3142.2,80,5,3143.6,600,3,3143.8,201,2,3143.9,400,2,3144.0,99,2,3144.1,14,1
2031,2026-06-16 14:58:14+05:30,3142.6,2,3134.97,3092914,130242.0,196522.0,3163.0,3163.0,3108.0,3134.3,31865400,3447.7,2820.9,3839.9,2896.0,3142.6,130,10,3142.5,104,5,3142.4,112,4,3142.3,136,4,3142.2,72,5,3143.6,685,5,3143.8,200,1,3143.9,201,2,3144.0,299,3,3144.1,14,1
2031,2026-06-16 14:58:15+05:30,3142.6,2,3134.97,3092914,130324.0,196487.0,3163.0,3163.0,3108.0,3134.3,31865400,3447.7,2820.9,3839.9,2896.0,3142.7,16,1,3142.6,175,13,3142.5,89,4,3142.4,155,6,3142.3,136,4,3143.6,685,5,3143.8,200,1,3143.9,201,2,3144.0,254,2,3144.1,14,1
2031,2026-06-16 14:58:16+05:30,3143.6,1,3134.97,3092915,130812.0,196129.0,3163.0,3163.0,3108.0,3134.3,31865400,3447.7,2820.9,3839.9,2896.0,3143.2,25,4,3143.0,66,3,3142.9,23,2,3142.8,51,2,3142.7,55,3,3143.6,684,5,3143.8,200,1,3143.9,400,2,3144.1,14,1,3144.3,54,1
2031,2026-06-16 14:58:16+05:30,3143.6,1,3134.97,3092915,130812.0,196129.0,3163.0,3163.0,3108.0,3134.3,31865400,3447.7,2820.9,3839.9,2896.0,3143.2,25,4,3143.0,66,3,3142.9,23,2,3142.8,51,2,3142.7,55,3,3143.6,684,5,3143.8,200,1,3143.9,400,2,3144.1,14,1,3144.3,54,1
2031,2026-06-16 14:58:17+05:30,3143.6,98,3134.97,3093340,131259.0,195579.0,3163.0,3163.0,3108.0,3134.3,31865400,3447.7,2820.9,3839.9,2896.0,3143.5,8,2,3142.8,29,2,3142.7,116,7,3142.6,110,8,3142.5,273,6,3143.6,85,2,3144.4,15,2,3144.5,562,5,3144.6,196,5,3144.7,327,5
2031,2026-06-16 14:58:17+05:30,3143.6,98,3134.97,3093340,131259.0,195579.0,3163.0,3163.0,3108.0,3134.3,31865400,3447.7,2820.9,3839.9,2896.0,3143.5,8,2,3142.8,29,2,3142.7,116,7,3142.6,110,8,3142.5,273,6,3143.6,85,2,3144.4,15,2,3144.5,562,5,3144.6,196,5,3144.7,327,5
2031,2026-06-16 14:58:18+05:30,3143.5,3,3134.97,3093386,131145.0,195586.0,3163.0,3163.0,3108.0,3134.3,31865400,3447.7,2820.9,3839.9,2896.0,3143.5,39,1,3142.8,114,4,3142.7,72,5,3142.6,91,6,3142.5,191,5,3143.6,131,3,3144.2,31,1,3144.3,46,1,3144.4,581,5,3144.5,73,3
2031,2026-06-16 14:58:18+05:30,3143.5,3,3134.97,3093386,131145.0,195586.0,3163.0,3163.0,3108.0,3134.3,31865400,3447.7,2820.9,3839.9,2896.0,3143.5,39,1,3142.8,114,4,3142.7,72,5,3142.6,91,6,3142.5,191,5,3143.6,131,3,3144.2,31,1,3144.3,46,1,3144.4,581,5,3144.5,73,3
2031,2026-06-16 14:58:19+05:30,3143.6,1,3134.97,3093386,131145.0,195586.0,3163.0,3163.0,3108.0,3134.3,31865400,3447.7,2820.9,3839.9,2896.0,3143.5,39,1,3142.8,114,4,3142.7,72,5,3142.6,91,6,3142.5,191,5,3143.6,131,3,3144.2,31,1,3144.3,46,1,3144.4,581,5,3144.5,73,3
2031,2026-06-16 14:58:19+05:30,3143.6,1,3134.97,3093387,131211.0,195593.0,3163.0,3163.0,3108.0,3134.3,31865400,3447.7,2820.9,3839.9,2896.0,3143.5,40,2,3142.8,114,4,3142.7,72,5,3142.6,91,6,3142.5,36,4,3143.6,130,3,3144.2,31,1,3144.3,48,2,3144.4,133,3,3144.5,575,6
2031,2026-06-16 14:58:20+05:30,3143.6,2,3134.97,3093387,131211.0,195593.0,3163.0,3163.0,3108.0,3134.3,31865400,3447.7,2820.9,3839.9,2896.0,3143.5,40,2,3142.8,114,4,3142.7,72,5,3142.6,91,6,3142.5,36,4,3143.6,130,3,3144.2,31,1,3144.3,48,2,3144.4,133,3,3144.5,575,6
2031,2026-06-16 14:58:20+05:30,3143.6,2,3134.97,3093389,131539.0,195522.0,3163.0,3163.0,3108.0,3134.3,31865400,3447.7,2820.9,3839.9,2896.0,3143.5,90,3,3143.3,15,1,3143.2,9,1,3143.1,104,3,3142.9,21,1,3143.6,128,3,3144.3,46,1,3144.4,79,2,3144.5,2,1,3144.6,632,6
2031,2026-06-16 14:58:21+05:30,3143.6,1,3134.97,3093389,131539.0,195522.0,3163.0,3163.0,3108.0,3134.3,31865400,3447.7,2820.9,3839.9,2896.0,3143.5,90,3,3143.3,15,1,3143.2,9,1,3143.1,104,3,3142.9,21,1,3143.6,128,3,3144.3,46,1,3144.4,79,2,3144.5,2,1,3144.6,632,6
2031,2026-06-16 14:58:21+05:30,3143.5,4,3134.97,3093655,131335.0,195281.0,3163.0,3163.0,3108.0,3134.3,31865400,3447.7,2820.9,3839.9,2896.0,3142.9,26,1,3142.8,70,3,3142.7,56,4,3142.6,105,5,3142.5,32,3,3143.5,106,1,3143.6,15,1,3144.3,550,5,3144.4,246,6,3144.5,233,2
2031,2026-06-16 14:58:22+05:30,3143.5,4,3134.97,3093655,131335.0,195281.0,3163.0,3163.0,3108.0,3134.3,31865400,3447.7,2820.9,3839.9,2896.0,3142.9,26,1,3142.8,70,3,3142.7,56,4,3142.6,105,5,3142.5,32,3,3143.5,106,1,3143.6,15,1,3144.3,550,5,3144.4,246,6,3144.5,233,2
2031,2026-06-16 14:58:22+05:30,3143.5,4,3134.97,3093655,131477.0,195513.0,3163.0,3163.0,3108.0,3134.3,31865400,3447.7,2820.9,3839.9,2896.0,3142.9,41,1,3142.8,129,5,3142.7,35,3,3142.6,97,5,3142.5,74,4,3143.5,131,2,3143.6,15,1,3144.3,48,2,3144.4,246,6,3144.5,535,4
2031,2026-06-16 14:58:23+05:30,3142.9,2,3134.97,3093655,131477.0,195513.0,3163.0,3163.0,3108.0,3134.3,31865400,3447.7,2820.9,3839.9,2896.0,3142.9,41,1,3142.8,129,5,3142.7,35,3,3142.6,97,5,3142.5,74,4,3143.5,131,2,3143.6,15,1,3144.3,48,2,3144.4,246,6,3144.5,535,4
2031,2026-06-16 14:58:23+05:30,3142.9,2,3134.97,3093657,131456.0,195472.0,3163.0,3163.0,3108.0,3134.3,31865400,3447.7,2820.9,3839.9,2896.0,3142.9,39,1,3142.8,98,4,3142.7,35,3,3142.6,130,6,3142.5,32,3,3143.5,131,2,3143.6,15,1,3144.3,48,2,3144.4,246,6,3144.5,535,4
2031,2026-06-16 14:58:24+05:30,3142.9,2,3134.97,3093657,131455.0,195610.0,3163.0,3163.0,3108.0,3134.3,31865400,3447.7,2820.9,3839.9,2896.0,3142.9,39,1,3142.8,98,4,3142.7,35,3,3142.6,146,7,3142.5,47,4,3143.5,181,3,3143.6,15,1,3144.3,48,2,3144.4,246,6,3144.5,535,4
2031,2026-06-16 14:58:25+05:30,3143.5,10,3134.97,3093657,131455.0,195610.0,3163.0,3163.0,3108.0,3134.3,31865400,3447.7,2820.9,3839.9,2896.0,3142.9,39,1,3142.8,98,4,3142.7,35,3,3142.6,146,7,3142.5,47,4,3143.5,181,3,3143.6,15,1,3144.3,48,2,3144.4,246,6,3144.5,535,4
2031,2026-06-16 14:58:25+05:30,3143.5,10,3134.97,3093668,131577.0,195586.0,3163.0,3163.0,3108.0,3134.3,31865400,3447.7,2820.9,3839.9,2896.0,3142.9,124,5,3142.8,104,4,3142.7,34,2,3142.6,113,6,3142.5,89,5,3143.5,170,3,3143.6,26,2,3144.3,48,2,3144.4,208,5,3144.5,33,1
2031,2026-06-16 14:58:26+05:30,3142.9,4,3134.97,3093668,131577.0,195586.0,3163.0,3163.0,3108.0,3134.3,31865400,3447.7,2820.9,3839.9,2896.0,3142.9,124,5,3142.8,104,4,3142.7,34,2,3142.6,113,6,3142.5,89,5,3143.5,170,3,3143.6,26,2,3144.3,48,2,3144.4,208,5,3144.5,33,1
2031,2026-06-16 14:58:26+05:30,3143.5,1,3134.97,3093721,131534.0,195705.0,3163.0,3163.0,3108.0,3134.3,31865400,3447.7,2820.9,3839.9,2896.0,3143.0,76,5,3142.9,63,3,3142.8,179,7,3142.7,34,2,3142.6,94,5,3143.5,169,3,3143.6,86,3,3144.3,46,1,3144.4,210,6,3144.5,85,2
2031,2026-06-16 14:58:27+05:30,3144.4,26,3134.97,3093721,131534.0,195705.0,3163.0,3163.0,3108.0,3134.3,31865400,3447.7,2820.9,3839.9,2896.0,3143.0,76,5,3142.9,63,3,3142.8,179,7,3142.7,34,2,3142.6,94,5,3143.5,169,3,3143.6,86,3,3144.3,46,1,3144.4,210,6,3144.5,85,2
2031,2026-06-16 14:58:28+05:30,3144.4,26,3134.97,3094121,132100.0,194556.0,3163.0,3163.0,3108.0,3134.3,31865400,3447.7,2820.9,3839.9,2896.0,3143.1,20,2,3143.0,38,2,3142.9,56,3,3142.8,85,4,3142.7,54,3,3143.5,46,1,3144.4,13,1,3144.5,504,4,3144.6,130,3,3144.7,213,2
2031,2026-06-16 14:58:28+05:30,3143.1,2,3134.97,3094121,132100.0,194556.0,3163.0,3163.0,3108.0,3134.3,31865400,3447.7,2820.9,3839.9,2896.0,3143.1,20,2,3143.0,38,2,3142.9,56,3,3142.8,85,4,3142.7,54,3,3143.5,46,1,3144.4,13,1,3144.5,504,4,3144.6,130,3,3144.7,213,2
2031,2026-06-16 14:58:29+05:30,3143.1,2,3134.97,3094123,131942.0,194757.0,3163.0,3163.0,3108.0,3134.3,31865400,3447.7,2820.9,3839.9,2896.0,3143.2,15,1,3143.1,52,5,3143.0,43,2,3142.9,77,4,3142.8,136,6,3143.5,46,1,3144.5,504,4,3144.6,130,3,3144.7,213,2,3144.8,514,7
2031,2026-06-16 14:58:30+05:30,3143.5,1,3134.97,3094141,131976.0,194698.0,3163.0,3163.0,3108.0,3134.3,31865400,3447.7,2820.9,3839.9,2896.0,3143.3,21,2,3143.1,40,4,3143.0,69,3,3142.9,44,3,3142.8,151,7,3143.5,78,3,3144.6,632,6,3144.7,13,1,3144.8,314,6,3144.9,503,5
2031,2026-06-16 14:58:30+05:30,3143.5,1,3134.97,3094141,131976.0,194698.0,3163.0,3163.0,3108.0,3134.3,31865400,3447.7,2820.9,3839.9,2896.0,3143.3,21,2,3143.1,40,4,3143.0,69,3,3142.9,44,3,3142.8,151,7,3143.5,78,3,3144.6,632,6,3144.7,13,1,3144.8,314,6,3144.9,503,5
2031,2026-06-16 14:58:31+05:30,3143.5,52,3134.97,3094219,132526.0,194966.0,3163.0,3163.0,3108.0,3134.3,31865400,3447.7,2820.9,3839.9,2896.0,3143.4,2,2,3143.3,24,4,3143.1,41,3,3143.0,32,1,3142.9,38,3,3144.5,22,1,3144.6,143,3,3144.7,516,5,3144.8,55,3,3144.9,303,4
2031,2026-06-16 14:58:31+05:30,3143.5,52,3134.97,3094219,132526.0,194966.0,3163.0,3163.0,3108.0,3134.3,31865400,3447.7,2820.9,3839.9,2896.0,3143.4,2,2,3143.3,24,4,3143.1,41,3,3143.0,32,1,3142.9,38,3,3144.5,22,1,3144.6,143,3,3144.7,516,5,3144.8,55,3,3144.9,303,4
2031,2026-06-16 14:58:32+05:30,3144.4,9,3134.97,3094578,132697.0,193308.0,3163.0,3163.0,3108.0,3134.3,31865400,3447.7,2820.9,3839.9,2896.0,3144.4,23,3,3143.7,21,1,3143.5,23,2,3143.4,65,3,3143.3,163,8,3144.5,200,1,3144.6,109,2,3144.8,52,2,3144.9,39,2,3145.0,418,7
2031,2026-06-16 14:58:32+05:30,3144.4,4,3134.97,3094578,132697.0,193308.0,3163.0,3163.0,3108.0,3134.3,31865400,3447.7,2820.9,3839.9,2896.0,3144.4,23,3,3143.7,21,1,3143.5,23,2,3143.4,65,3,3143.3,163,8,3144.5,200,1,3144.6,109,2,3144.8,52,2,3144.9,39,2,3145.0,418,7
2031,2026-06-16 14:58:33+05:30,3144.4,5,3134.97,3094706,132768.0,193167.0,3163.0,3163.0,3108.0,3134.3,31865400,3447.7,2820.9,3839.9,2896.0,3144.4,18,3,3143.7,79,3,3143.6,17,1,3143.5,77,3,3143.4,28,3,3144.5,232,3,3144.6,89,3,3144.8,19,1,3145.0,73,5,3145.1,31,1
2031,2026-06-16 14:58:33+05:30,3144.4,5,3134.97,3094706,132768.0,193167.0,3163.0,3163.0,3108.0,3134.3,31865400,3447.7,2820.9,3839.9,2896.0,3144.4,18,3,3143.7,79,3,3143.6,17,1,3143.5,77,3,3143.4,28,3,3144.5,232,3,3144.6,89,3,3144.8,19,1,3145.0,73,5,3145.1,31,1
2031,2026-06-16 14:58:34+05:30,3144.4,5,3134.97,3094706,132864.0,193512.0,3163.0,3163.0,3108.0,3134.3,31865400,3447.7,2820.9,3839.9,2896.0,3144.4,19,4,3144.3,15,1,3143.7,61,2,3143.5,77,3,3143.4,28,3,3144.5,315,5,3144.6,71,3,3144.8,52,2,3144.9,503,4,3145.0,72,4
2031,2026-06-16 14:58:35+05:30,3144.4,5,3134.97,3094706,132870.0,193313.0,3163.0,3163.0,3108.0,3134.3,31865400,3447.7,2820.9,3839.9,2896.0,3144.4,22,7,3144.3,15,1,3143.7,61,2,3143.5,77,3,3143.4,26,1,3144.5,316,6,3144.6,71,3,3144.8,19,1,3144.9,503,4,3145.0,72,4
2031,2026-06-16 14:58:36+05:30,3144.5,1,3134.97,3094706,132870.0,193313.0,3163.0,3163.0,3108.0,3134.3,31865400,3447.7,2820.9,3839.9,2896.0,3144.4,22,7,3144.3,15,1,3143.7,61,2,3143.5,77,3,3143.4,26,1,3144.5,316,6,3144.6,71,3,3144.8,19,1,3144.9,503,4,3145.0,72,4
2031,2026-06-16 14:58:36+05:30,3144.4,12,3134.97,3094741,132840.0,193740.0,3163.0,3163.0,3108.0,3134.3,31865400,3447.7,2820.9,3839.9,2896.0,3144.4,13,5,3144.3,15,1,3143.7,75,3,3143.6,15,1,3143.5,77,3,3144.5,315,6,3144.6,104,4,3144.8,52,2,3144.9,502,3,3145.0,75,6
2031,2026-06-16 14:58:37+05:30,3144.3,11,3134.97,3094741,132840.0,193740.0,3163.0,3163.0,3108.0,3134.3,31865400,3447.7,2820.9,3839.9,2896.0,3144.4,13,5,3144.3,15,1,3143.7,75,3,3143.6,15,1,3143.5,77,3,3144.5,315,6,3144.6,104,4,3144.8,52,2,3144.9,502,3,3145.0,75,6
2031,2026-06-16 14:58:37+05:30,3144.2,15,3134.97,3095174,133322.0,193835.0,3163.0,3163.0,3108.0,3134.3,31865400,3447.7,2820.9,3839.9,2896.0,3144.2,15,1,3143.7,14,1,3143.6,18,2,3143.5,77,3,3143.4,251,4,3144.5,16,2,3144.6,62,2,3145.0,41,4,3145.2,172,5,3145.3,531,6
2031,2026-06-16 14:58:38+05:30,3144.2,3,3134.97,3095174,133322.0,193835.0,3163.0,3163.0,3108.0,3134.3,31865400,3447.7,2820.9,3839.9,2896.0,3144.2,15,1,3143.7,14,1,3143.6,18,2,3143.5,77,3,3143.4,251,4,3144.5,16,2,3144.6,62,2,3145.0,41,4,3145.2,172,5,3145.3,531,6
2031,2026-06-16 14:58:38+05:30,3144.2,3,3134.97,3095178,133216.0,193980.0,3163.0,3163.0,3108.0,3134.3,31865400,3447.7,2820.9,3839.9,2896.0,3144.2,37,1,3143.7,29,2,3143.6,49,3,3143.5,103,4,3143.4,170,1,3144.5,55,4,3144.6,62,2,3144.8,27,1,3145.0,74,5,3145.2,682,8
2031,2026-06-16 14:58:39+05:30,3143.7,8,3134.97,3095178,133216.0,193980.0,3163.0,3163.0,3108.0,3134.3,31865400,3447.7,2820.9,3839.9,2896.0,3144.2,37,1,3143.7,29,2,3143.6,49,3,3143.5,103,4,3143.4,170,1,3144.5,55,4,3144.6,62,2,3144.8,27,1,3145.0,74,5,3145.2,682,8
2031,2026-06-16 14:58:39+05:30,3143.7,8,3134.97,3095223,133210.0,194077.0,3163.0,3163.0,3108.0,3134.3,31865400,3447.7,2820.9,3839.9,2896.0,3144.0,6,1,3143.7,21,2,3143.6,33,3,3143.5,77,3,3143.4,178,2,3144.5,82,5,3144.6,62,2,3145.0,14,3,3145.1,55,2,3145.2,703,9
2031,2026-06-16 14:58:40+05:30,3144.5,8,3134.97,3095223,133210.0,194077.0,3163.0,3163.0,3108.0,3134.3,31865400,3447.7,2820.9,3839.9,2896.0,3144.0,6,1,3143.7,21,2,3143.6,33,3,3143.5,77,3,3143.4,178,2,3144.5,82,5,3144.6,62,2,3145.0,14,3,3145.1,55,2,3145.2,703,9
2031,2026-06-16 14:58:40+05:30,3144.5,8,3134.97,3095223,133210.0,194077.0,3163.0,3163.0,3108.0,3134.3,31865400,3447.7,2820.9,3839.9,2896.0,3144.0,6,1,3143.7,21,2,3143.6,33,3,3143.5,77,3,3143.4,178,2,3144.5,82,5,3144.6,62,2,3145.0,14,3,3145.1,55,2,3145.2,703,9
2031,2026-06-16 14:58:41+05:30,3143.7,48,3134.97,3095331,133259.0,193732.0,3163.0,3163.0,3108.0,3134.3,31865400,3447.7,2820.9,3839.9,2896.0,3144.0,3,1,3143.7,15,1,3143.6,18,2,3143.5,77,3,3143.4,188,2,3144.5,104,6,3144.6,62,2,3144.9,38,1,3145.0,14,3,3145.1,590,6
2031,2026-06-16 14:58:41+05:30,3143.7,48,3134.97,3095331,133259.0,193732.0,3163.0,3163.0,3108.0,3134.3,31865400,3447.7,2820.9,3839.9,2896.0,3144.0,3,1,3143.7,15,1,3143.6,18,2,3143.5,77,3,3143.4,188,2,3144.5,104,6,3144.6,62,2,3144.9,38,1,3145.0,14,3,3145.1,590,6
2031,2026-06-16 14:58:42+05:30,3144.5,4,3134.97,3095342,133317.0,192396.0,3163.0,3163.0,3108.0,3134.3,31865400,3447.7,2820.9,3839.9,2896.0,3144.0,3,1,3143.7,15,1,3143.6,18,2,3143.5,75,2,3143.4,188,2,3144.5,163,5,3144.6,62,2,3144.9,38,1,3145.0,12,2,3145.1,590,6
2031,2026-06-16 14:58:42+05:30,3144.5,4,3134.97,3095342,133317.0,192396.0,3163.0,3163.0,3108.0,3134.3,31865400,3447.7,2820.9,3839.9,2896.0,3144.0,3,1,3143.7,15,1,3143.6,18,2,3143.5,75,2,3143.4,188,2,3144.5,163,5,3144.6,62,2,3144.9,38,1,3145.0,12,2,3145.1,590,6
2031,2026-06-16 14:58:42+05:30,3144.5,4,3134.97,3095342,133317.0,192396.0,3163.0,3163.0,3108.0,3134.3,31865400,3447.7,2820.9,3839.9,2896.0,3144.0,3,1,3143.7,15,1,3143.6,18,2,3143.5,75,2,3143.4,188,2,3144.5,163,5,3144.6,62,2,3144.9,38,1,3145.0,12,2,3145.1,590,6
2031,2026-06-16 14:58:43+05:30,3144.0,2,3134.97,3095345,133301.0,194397.0,3163.0,3163.0,3108.0,3134.3,31865400,3447.7,2820.9,3839.9,2896.0,3144.0,1,1,3143.7,15,1,3143.6,18,2,3143.5,75,2,3143.4,26,1,3144.5,162,5,3144.6,62,2,3144.9,39,2,3145.0,45,3,3145.1,556,4
2031,2026-06-16 14:58:43+05:30,3144.0,2,3134.97,3095345,133301.0,194397.0,3163.0,3163.0,3108.0,3134.3,31865400,3447.7,2820.9,3839.9,2896.0,3144.0,1,1,3143.7,15,1,3143.6,18,2,3143.5,75,2,3143.4,26,1,3144.5,162,5,3144.6,62,2,3144.9,39,2,3145.0,45,3,3145.1,556,4
2031,2026-06-16 14:58:44+05:30,3144.0,2,3134.97,3095345,132796.0,194647.0,3163.0,3163.0,3108.0,3134.3,31865400,3447.7,2820.9,3839.9,2896.0,3144.1,18,1,3144.0,1,1,3143.8,14,1,3143.7,15,1,3143.5,21,1,3144.4,108,3,3144.5,194,7,3144.6,145,4,3144.7,52,2,3144.8,658,8
2031,2026-06-16 14:58:44+05:30,3144.0,2,3134.97,3095345,132796.0,194647.0,3163.0,3163.0,3108.0,3134.3,31865400,3447.7,2820.9,3839.9,2896.0,3144.1,18,1,3144.0,1,1,3143.8,14,1,3143.7,15,1,3143.5,21,1,3144.4,108,3,3144.5,194,7,3144.6,145,4,3144.7,52,2,3144.8,658,8
2031,2026-06-16 14:58:45+05:30,3144.4,49,3134.97,3095395,132801.0,194526.0,3163.0,3163.0,3108.0,3134.3,31865400,3447.7,2820.9,3839.9,2896.0,3144.2,18,2,3143.8,14,1,3143.7,15,1,3143.5,21,1,3143.3,22,2,3144.4,71,5,3144.5,153,5,3144.6,145,4,3144.7,528,4,3144.8,156,5
2031,2026-06-16 14:58:45+05:30,3144.4,49,3134.97,3095395,132801.0,194526.0,3163.0,3163.0,3108.0,3134.3,31865400,3447.7,2820.9,3839.9,2896.0,3144.2,18,2,3143.8,14,1,3143.7,15,1,3143.5,21,1,3143.3,22,2,3144.4,71,5,3144.5,153,5,3144.6,145,4,3144.7,528,4,3144.8,156,5
2031,2026-06-16 14:58:46+05:30,3143.9,2,3134.97,3095594,132149.0,194935.0,3163.0,3163.0,3108.0,3134.3,31865400,3447.7,2820.9,3839.9,2896.0,3143.8,14,1,3143.7,15,1,3143.3,21,1,3143.1,22,1,3143.0,86,4,3143.9,12,1,3144.4,42,4,3144.5,135,4,3144.6,113,3,3144.7,502,3
2031,2026-06-16 14:58:46+05:30,3143.9,2,3134.97,3095594,132149.0,194935.0,3163.0,3163.0,3108.0,3134.3,31865400,3447.7,2820.9,3839.9,2896.0,3143.8,14,1,3143.7,15,1,3143.3,21,1,3143.1,22,1,3143.0,86,4,3143.9,12,1,3144.4,42,4,3144.5,135,4,3144.6,113,3,3144.7,502,3
2031,2026-06-16 14:58:46+05:30,3143.9,2,3134.97,3095594,132149.0,194935.0,3163.0,3163.0,3108.0,3134.3,31865400,3447.7,2820.9,3839.9,2896.0,3143.8,14,1,3143.7,15,1,3143.3,21,1,3143.1,22,1,3143.0,86,4,3143.9,12,1,3144.4,42,4,3144.5,135,4,3144.6,113,3,3144.7,502,3
2031,2026-06-16 14:58:47+05:30,3143.8,15,3134.97,3095712,131574.0,195467.0,3163.0,3163.0,3108.0,3134.3,31865400,3447.7,2820.9,3839.9,2896.0,3143.8,15,1,3143.6,16,1,3143.1,20,1,3143.0,5,1,3142.9,21,1,3143.9,51,5,3144.1,585,6,3144.3,295,5,3144.4,525,6,3144.5,142,5
2031,2026-06-16 14:58:47+05:30,3143.8,15,3134.97,3095712,131574.0,195467.0,3163.0,3163.0,3108.0,3134.3,31865400,3447.7,2820.9,3839.9,2896.0,3143.8,15,1,3143.6,16,1,3143.1,20,1,3143.0,5,1,3142.9,21,1,3143.9,51,5,3144.1,585,6,3144.3,295,5,3144.4,525,6,3144.5,142,5
2031,2026-06-16 14:58:48+05:30,3142.8,39,3134.97,3095712,131574.0,195467.0,3163.0,3163.0,3108.0,3134.3,31865400,3447.7,2820.9,3839.9,2896.0,3143.8,15,1,3143.6,16,1,3143.1,20,1,3143.0,5,1,3142.9,21,1,3143.9,51,5,3144.1,585,6,3144.3,295,5,3144.4,525,6,3144.5,142,5
2031,2026-06-16 14:58:48+05:30,3142.8,39,3134.97,3095903,130905.0,195408.0,3163.0,3163.0,3108.0,3134.3,31865400,3447.7,2820.9,3839.9,2896.0,3142.8,13,1,3142.7,36,2,3142.6,43,3,3142.5,49,3,3142.4,14,1,3143.7,11,1,3143.8,478,4,3143.9,36,4,3144.0,200,1,3144.1,239,3
2031,2026-06-16 14:58:49+05:30,3142.8,39,3134.97,3095903,130905.0,195408.0,3163.0,3163.0,3108.0,3134.3,31865400,3447.7,2820.9,3839.9,2896.0,3142.8,13,1,3142.7,36,2,3142.6,43,3,3142.5,49,3,3142.4,14,1,3143.7,11,1,3143.8,478,4,3143.9,36,4,3144.0,200,1,3144.1,239,3
2031,2026-06-16 14:58:49+05:30,3142.8,3,3134.97,3095903,130905.0,195408.0,3163.0,3163.0,3108.0,3134.3,31865400,3447.7,2820.9,3839.9,2896.0,3142.8,13,1,3142.7,36,2,3142.6,43,3,3142.5,49,3,3142.4,14,1,3143.7,11,1,3143.8,478,4,3143.9,36,4,3144.0,200,1,3144.1,239,3
2031,2026-06-16 14:58:49+05:30,3142.8,3,3134.97,3095906,131119.0,195243.0,3163.0,3163.0,3108.0,3134.3,31865400,3447.7,2820.9,3839.9,2896.0,3142.8,19,3,3142.7,58,3,3142.6,47,3,3142.5,23,2,3142.4,269,4,3143.7,11,1,3143.8,478,4,3143.9,35,3,3144.0,201,2,3144.1,239,3
2031,2026-06-16 14:58:50+05:30,3142.8,3,3134.97,3095906,131641.0,195189.0,3163.0,3163.0,3108.0,3134.3,31865400,3447.7,2820.9,3839.9,2896.0,3142.9,15,1,3142.8,179,8,3142.7,58,3,3142.6,102,5,3142.5,72,3,3143.7,39,3,3143.8,478,4,3143.9,6,1,3144.0,200,1,3144.1,226,2
2031,2026-06-16 14:58:50+05:30,3142.8,3,3134.97,3095906,131641.0,195189.0,3163.0,3163.0,3108.0,3134.3,31865400,3447.7,2820.9,3839.9,2896.0,3142.9,15,1,3142.8,179,8,3142.7,58,3,3142.6,102,5,3142.5,72,3,3143.7,39,3,3143.8,478,4,3143.9,6,1,3144.0,200,1,3144.1,226,2
2031,2026-06-16 14:58:51+05:30,3143.7,1,3134.97,3095906,131641.0,195189.0,3163.0,3163.0,3108.0,3134.3,31865400,3447.7,2820.9,3839.9,2896.0,3142.9,15,1,3142.8,179,8,3142.7,58,3,3142.6,102,5,3142.5,72,3,3143.7,39,3,3143.8,478,4,3143.9,6,1,3144.0,200,1,3144.1,226,2
2031,2026-06-16 14:58:51+05:30,3143.7,1,3134.97,3095907,131688.0,195192.0,3163.0,3163.0,3108.0,3134.3,31865400,3447.7,2820.9,3839.9,2896.0,3142.9,58,2,3142.8,179,8,3142.7,58,3,3142.6,102,5,3142.5,72,3,3143.7,38,3,3143.8,478,4,3143.9,6,1,3144.0,200,1,3144.1,426,3
2031,2026-06-16 14:58:52+05:30,3143.7,18,3134.97,3095907,131688.0,195192.0,3163.0,3163.0,3108.0,3134.3,31865400,3447.7,2820.9,3839.9,2896.0,3142.9,58,2,3142.8,179,8,3142.7,58,3,3142.6,102,5,3142.5,72,3,3143.7,38,3,3143.8,478,4,3143.9,6,1,3144.0,200,1,3144.1,426,3
2031,2026-06-16 14:58:52+05:30,3143.7,18,3134.98,3096440,132724.0,194411.0,3163.0,3163.0,3108.0,3134.3,31865400,3447.7,2820.9,3839.9,2896.0,3143.7,33,4,3143.4,61,3,3143.3,64,3,3143.2,71,5,3143.1,73,3,3143.8,1,1,3143.9,6,1,3144.0,15,1,3144.4,7,2,3144.5,55,2
2031,2026-06-16 14:58:52+05:30,3143.7,18,3134.98,3096440,132724.0,194411.0,3163.0,3163.0,3108.0,3134.3,31865400,3447.7,2820.9,3839.9,2896.0,3143.7,33,4,3143.4,61,3,3143.3,64,3,3143.2,71,5,3143.1,73,3,3143.8,1,1,3143.9,6,1,3144.0,15,1,3144.4,7,2,3144.5,55,2
2031,2026-06-16 14:58:53+05:30,3143.3,11,3134.98,3096440,132724.0,194411.0,3163.0,3163.0,3108.0,3134.3,31865400,3447.7,2820.9,3839.9,2896.0,3143.7,33,4,3143.4,61,3,3143.3,64,3,3143.2,71,5,3143.1,73,3,3143.8,1,1,3143.9,6,1,3144.0,15,1,3144.4,7,2,3144.5,55,2
2031,2026-06-16 14:58:53+05:30,3143.3,11,3134.98,3096540,132864.0,194688.0,3163.0,3163.0,3108.0,3134.3,31865400,3447.7,2820.9,3839.9,2896.0,3143.7,44,1,3143.5,76,3,3143.4,14,1,3143.3,68,4,3143.2,64,5,3143.9,6,1,3144.0,15,1,3144.4,7,2,3144.5,55,2,3144.7,39,1
2031,2026-06-16 14:58:53+05:30,3143.3,11,3134.98,3096540,132864.0,194688.0,3163.0,3163.0,3108.0,3134.3,31865400,3447.7,2820.9,3839.9,2896.0,3143.7,44,1,3143.5,76,3,3143.4,14,1,3143.3,68,4,3143.2,64,5,3143.9,6,1,3144.0,15,1,3144.4,7,2,3144.5,55,2,3144.7,39,1
2031,2026-06-16 14:58:54+05:30,3143.3,11,3134.98,3096540,132864.0,194688.0,3163.0,3163.0,3108.0,3134.3,31865400,3447.7,2820.9,3839.9,2896.0,3143.7,44,1,3143.5,76,3,3143.4,14,1,3143.3,68,4,3143.2,64,5,3143.9,6,1,3144.0,15,1,3144.4,7,2,3144.5,55,2,3144.7,39,1
2031,2026-06-16 14:58:54+05:30,3143.3,11,3134.98,3096540,132977.0,194741.0,3163.0,3163.0,3108.0,3134.3,31865400,3447.7,2820.9,3839.9,2896.0,3143.7,44,1,3143.5,50,2,3143.4,14,1,3143.3,68,4,3143.2,79,5,3143.9,69,3,3144.0,15,1,3144.4,7,2,3144.5,55,2,3144.7,39,1
2031,2026-06-16 14:58:54+05:30,3143.3,11,3134.98,3096540,132977.0,194741.0,3163.0,3163.0,3108.0,3134.3,31865400,3447.7,2820.9,3839.9,2896.0,3143.7,44,1,3143.5,50,2,3143.4,14,1,3143.3,68,4,3143.2,79,5,3143.9,69,3,3144.0,15,1,3144.4,7,2,3144.5,55,2,3144.7,39,1
2031,2026-06-16 14:58:55+05:30,3143.3,11,3134.98,3096540,132977.0,194741.0,3163.0,3163.0,3108.0,3134.3,31865400,3447.7,2820.9,3839.9,2896.0,3143.7,44,1,3143.5,50,2,3143.4,14,1,3143.3,68,4,3143.2,79,5,3143.9,69,3,3144.0,15,1,3144.4,7,2,3144.5,55,2,3144.7,39,1
2031,2026-06-16 14:58:55+05:30,3143.3,11,3134.98,3096540,132986.0,194742.0,3163.0,3163.0,3108.0,3134.3,31865400,3447.7,2820.9,3839.9,2896.0,3143.7,44,1,3143.5,50,2,3143.3,55,4,3143.2,79,5,3143.1,34,2,3143.9,69,3,3144.0,15,1,3144.4,7,2,3144.5,55,2,3144.7,39,1
2031,2026-06-16 14:58:56+05:30,3143.3,11,3134.98,3096540,132986.0,194742.0,3163.0,3163.0,3108.0,3134.3,31865400,3447.7,2820.9,3839.9,2896.0,3143.7,44,1,3143.5,50,2,3143.3,55,4,3143.2,79,5,3143.1,34,2,3143.9,69,3,3144.0,15,1,3144.4,7,2,3144.5,55,2,3144.7,39,1
2031,2026-06-16 14:58:56+05:30,3143.7,9,3134.98,3096549,132843.0,194672.0,3163.0,3163.0,3108.0,3134.3,31865400,3447.7,2820.9,3839.9,2896.0,3143.7,35,1,3143.5,24,1,3143.3,81,5,3143.2,55,4,3143.1,34,2,3143.9,98,4,3144.0,15,1,3144.4,7,2,3144.5,55,2,3144.7,39,1
2031,2026-06-16 14:58:56+05:30,3143.7,9,3134.98,3096549,132843.0,194672.0,3163.0,3163.0,3108.0,3134.3,31865400,3447.7,2820.9,3839.9,2896.0,3143.7,35,1,3143.5,24,1,3143.3,81,5,3143.2,55,4,3143.1,34,2,3143.9,98,4,3144.0,15,1,3144.4,7,2,3144.5,55,2,3144.7,39,1
2031,2026-06-16 14:58:57+05:30,3143.7,9,3134.98,3096549,132843.0,194672.0,3163.0,3163.0,3108.0,3134.3,31865400,3447.7,2820.9,3839.9,2896.0,3143.7,35,1,3143.5,24,1,3143.3,81,5,3143.2,55,4,3143.1,34,2,3143.9,98,4,3144.0,15,1,3144.4,7,2,3144.5,55,2,3144.7,39,1
2031,2026-06-16 14:58:57+05:30,3143.9,45,3134.98,3096698,132779.0,194595.0,3163.0,3163.0,3108.0,3134.3,31865400,3447.7,2820.9,3839.9,2896.0,3143.7,35,1,3143.5,24,1,3143.3,55,4,3143.2,55,4,3143.1,236,5,3143.9,20,2,3144.0,15,1,3144.4,7,2,3144.5,55,2,3144.7,39,1
2031,2026-06-16 14:58:57+05:30,3143.9,45,3134.98,3096698,132779.0,194595.0,3163.0,3163.0,3108.0,3134.3,31865400,3447.7,2820.9,3839.9,2896.0,3143.7,35,1,3143.5,24,1,3143.3,55,4,3143.2,55,4,3143.1,236,5,3143.9,20,2,3144.0,15,1,3144.4,7,2,3144.5,55,2,3144.7,39,1
2031,2026-06-16 14:58:58+05:30,3143.7,3,3134.98,3096698,132779.0,194595.0,3163.0,3163.0,3108.0,3134.3,31865400,3447.7,2820.9,3839.9,2896.0,3143.7,35,1,3143.5,24,1,3143.3,55,4,3143.2,55,4,3143.1,236,5,3143.9,20,2,3144.0,15,1,3144.4,7,2,3144.5,55,2,3144.7,39,1
2031,2026-06-16 14:58:58+05:30,3143.7,3,3134.98,3096698,132779.0,194595.0,3163.0,3163.0,3108.0,3134.3,31865400,3447.7,2820.9,3839.9,2896.0,3143.7,35,1,3143.5,24,1,3143.3,55,4,3143.2,55,4,3143.1,236,5,3143.9,20,2,3144.0,15,1,3144.4,7,2,3144.5,55,2,3144.7,39,1
2031,2026-06-16 14:58:58+05:30,3143.9,1,3134.98,3096703,132788.0,194625.0,3163.0,3163.0,3108.0,3134.3,31865400,3447.7,2820.9,3839.9,2896.0,3143.7,32,1,3143.5,24,1,3143.3,55,4,3143.2,39,3,3143.1,236,5,3143.9,18,2,3144.0,37,2,3144.4,7,2,3144.5,55,2,3144.7,39,1
2031,2026-06-16 14:58:59+05:30,3143.9,1,3134.98,3096703,132788.0,194625.0,3163.0,3163.0,3108.0,3134.3,31865400,3447.7,2820.9,3839.9,2896.0,3143.7,32,1,3143.5,24,1,3143.3,55,4,3143.2,39,3,3143.1,236,5,3143.9,18,2,3144.0,37,2,3144.4,7,2,3144.5,55,2,3144.7,39,1
2031,2026-06-16 14:58:59+05:30,3143.7,9,3134.98,3096703,132788.0,194625.0,3163.0,3163.0,3108.0,3134.3,31865400,3447.7,2820.9,3839.9,2896.0,3143.7,32,1,3143.5,24,1,3143.3,55,4,3143.2,39,3,3143.1,236,5,3143.9,18,2,3144.0,37,2,3144.4,7,2,3144.5,55,2,3144.7,39,1
2031,2026-06-16 14:58:59+05:30,3143.9,5,3134.98,3096775,132894.0,195181.0,3163.0,3163.0,3108.0,3134.3,31865400,3447.7,2820.9,3839.9,2896.0,3143.7,64,2,3143.4,15,1,3143.3,1,1,3143.2,82,3,3143.1,21,1,3143.9,1,1,3144.0,37,2,3144.4,7,2,3144.5,655,5,3144.7,370,6
2031,2026-06-16 14:59:00+05:30,3143.9,5,3134.98,3096775,132894.0,195181.0,3163.0,3163.0,3108.0,3134.3,31865400,3447.7,2820.9,3839.9,2896.0,3143.7,64,2,3143.4,15,1,3143.3,1,1,3143.2,82,3,3143.1,21,1,3143.9,1,1,3144.0,37,2,3144.4,7,2,3144.5,655,5,3144.7,370,6
2031,2026-06-16 14:59:00+05:30,3143.9,9,3134.98,3096775,132894.0,195181.0,3163.0,3163.0,3108.0,3134.3,31865400,3447.7,2820.9,3839.9,2896.0,3143.7,64,2,3143.4,15,1,3143.3,1,1,3143.2,82,3,3143.1,21,1,3143.9,1,1,3144.0,37,2,3144.4,7,2,3144.5,655,5,3144.7,370,6
2031,2026-06-16 14:59:00+05:30,3143.9,9,3134.98,3096826,132916.0,195480.0,3163.0,3163.0,3108.0,3134.3,31865400,3447.7,2820.9,3839.9,2896.0,3143.8,2,2,3143.7,53,4,3143.6,14,1,3143.3,16,1,3143.2,2,1,3143.9,56,3,3144.0,16,2,3144.3,602,4,3144.4,7,2,3144.5,255,3
2031,2026-06-16 14:59:01+05:30,3143.9,9,3134.98,3096826,132916.0,195480.0,3163.0,3163.0,3108.0,3134.3,31871000,3447.7,2820.9,3839.9,2896.0,3143.8,2,2,3143.7,53,4,3143.6,14,1,3143.3,16,1,3143.2,2,1,3143.9,56,3,3144.0,16,2,3144.3,602,4,3144.4,7,2,3144.5,255,3
2031,2026-06-16 14:59:01+05:30,3143.9,1,3134.98,3096826,132916.0,195480.0,3163.0,3163.0,3108.0,3134.3,31871000,3447.7,2820.9,3839.9,2896.0,3143.8,2,2,3143.7,53,4,3143.6,14,1,3143.3,16,1,3143.2,2,1,3143.9,56,3,3144.0,16,2,3144.3,602,4,3144.4,7,2,3144.5,255,3
2031,2026-06-16 14:59:01+05:30,3143.7,1,3134.98,3096904,132895.0,195380.0,3163.0,3163.0,3108.0,3134.3,31871000,3447.7,2820.9,3839.9,2896.0,3143.7,25,3,3143.6,40,2,3143.4,52,2,3143.3,13,1,3143.2,54,3,3143.9,55,3,3144.0,16,2,3144.3,602,4,3144.4,7,2,3144.5,255,3
2031,2026-06-16 14:59:02+05:30,3143.7,12,3134.98,3096904,132895.0,195380.0,3163.0,3163.0,3108.0,3134.3,31871000,3447.7,2820.9,3839.9,2896.0,3143.7,25,3,3143.6,40,2,3143.4,52,2,3143.3,13,1,3143.2,54,3,3143.9,55,3,3144.0,16,2,3144.3,602,4,3144.4,7,2,3144.5,255,3
2031,2026-06-16 14:59:02+05:30,3143.7,12,3134.98,3097019,132553.0,194814.0,3163.0,3163.0,3108.0,3134.3,31871000,3447.7,2820.9,3839.9,2896.0,3143.7,14,3,3143.6,14,1,3143.1,21,1,3143.0,29,3,3142.9,61,3,3143.9,57,4,3144.0,16,2,3144.4,45,3,3144.5,58,4,3144.6,109,3
2031,2026-06-16 14:59:03+05:30,3143.7,2,3134.98,3097019,132553.0,194814.0,3163.0,3163.0,3108.0,3134.3,31871000,3447.7,2820.9,3839.9,2896.0,3143.7,14,3,3143.6,14,1,3143.1,21,1,3143.0,29,3,3142.9,61,3,3143.9,57,4,3144.0,16,2,3144.4,45,3,3144.5,58,4,3144.6,109,3
2031,2026-06-16 14:59:03+05:30,3143.7,2,3134.98,3097021,132615.0,194796.0,3163.0,3163.0,3108.0,3134.3,31871000,3447.7,2820.9,3839.9,2896.0,3143.7,12,3,3143.6,14,1,3143.1,21,1,3143.0,85,5,3142.9,61,3,3143.9,50,3,3144.0,16,2,3144.4,7,2,3144.5,57,3,3144.6,79,3
2031,2026-06-16 14:59:04+05:30,3143.9,1,3134.98,3097021,132615.0,194796.0,3163.0,3163.0,3108.0,3134.3,31871000,3447.7,2820.9,3839.9,2896.0,3143.7,12,3,3143.6,14,1,3143.1,21,1,3143.0,85,5,3142.9,61,3,3143.9,50,3,3144.0,16,2,3144.4,7,2,3144.5,57,3,3144.6,79,3
2031,2026-06-16 14:59:04+05:30,3143.9,1,3134.98,3097023,132447.0,194863.0,3163.0,3163.0,3108.0,3134.3,31871000,3447.7,2820.9,3839.9,2896.0,3143.7,13,4,3143.6,14,1,3143.1,47,2,3143.0,60,4,3142.9,35,2,3143.9,73,4,3144.0,101,4,3144.4,7,2,3144.5,55,2,3144.6,41,2
2031,2026-06-16 14:59:05+05:30,3143.7,1,3134.98,3097023,132447.0,194863.0,3163.0,3163.0,3108.0,3134.3,31871000,3447.7,2820.9,3839.9,2896.0,3143.7,13,4,3143.6,14,1,3143.1,47,2,3143.0,60,4,3142.9,35,2,3143.9,73,4,3144.0,101,4,3144.4,7,2,3144.5,55,2,3144.6,41,2
2031,2026-06-16 14:59:05+05:30,3143.7,1,3134.98,3097032,132655.0,194864.0,3163.0,3163.0,3108.0,3134.3,31871000,3447.7,2820.9,3839.9,2896.0,3143.7,21,4,3143.6,31,2,3143.5,26,1,3143.4,37,2,3143.3,55,3,3143.9,73,4,3144.0,101,4,3144.4,7,2,3144.5,55,2,3144.7,41,2
2031,2026-06-16 14:59:06+05:30,3143.7,6,3134.98,3097042,132495.0,194923.0,3163.0,3163.0,3108.0,3134.3,31871000,3447.7,2820.9,3839.9,2896.0,3143.7,21,4,3143.6,31,2,3143.2,42,2,3143.1,57,3,3143.0,83,5,3143.9,159,6,3144.0,76,4,3144.4,7,2,3144.5,55,2,3144.7,41,2
2031,2026-06-16 14:59:07+05:30,3143.7,4,3134.98,3097042,132495.0,194923.0,3163.0,3163.0,3108.0,3134.3,31871000,3447.7,2820.9,3839.9,2896.0,3143.7,21,4,3143.6,31,2,3143.2,42,2,3143.1,57,3,3143.0,83,5,3143.9,159,6,3144.0,76,4,3144.4,7,2,3144.5,55,2,3144.7,41,2
2031,2026-06-16 14:59:07+05:30,3143.7,4,3134.98,3097364,132043.0,194784.0,3163.0,3163.0,3108.0,3134.3,31871000,3447.7,2820.9,3839.9,2896.0,3143.7,20,2,3143.6,14,1,3143.1,21,1,3143.0,71,4,3142.9,77,4,3143.9,157,6,3144.0,76,4,3144.4,8,3,3144.5,55,2,3144.6,54,1
2031,2026-06-16 14:59:08+05:30,3143.8,1,3134.98,3097364,132043.0,194784.0,3163.0,3163.0,3108.0,3134.3,31871000,3447.7,2820.9,3839.9,2896.0,3143.7,20,2,3143.6,14,1,3143.1,21,1,3143.0,71,4,3142.9,77,4,3143.9,157,6,3144.0,76,4,3144.4,8,3,3144.5,55,2,3144.6,54,1
2031,2026-06-16 14:59:08+05:30,3143.8,1,3134.98,3097469,132036.0,194856.0,3163.0,3163.0,3108.0,3134.3,31871000,3447.7,2820.9,3839.9,2896.0,3143.8,1,1,3143.6,14,1,3143.1,21,1,3143.0,43,4,3142.9,134,5,3143.9,172,6,3144.0,76,4,3144.4,38,3,3144.5,26,2,3144.6,94,2
2031,2026-06-16 14:59:09+05:30,3143.9,17,3134.98,3097469,132036.0,194856.0,3163.0,3163.0,3108.0,3134.3,31871000,3447.7,2820.9,3839.9,2896.0,3143.8,1,1,3143.6,14,1,3143.1,21,1,3143.0,43,4,3142.9,134,5,3143.9,172,6,3144.0,76,4,3144.4,38,3,3144.5,26,2,3144.6,94,2
2031,2026-06-16 14:59:09+05:30,3143.9,17,3134.98,3097531,132255.0,194647.0,3163.0,3163.0,3108.0,3134.3,31871000,3447.7,2820.9,3839.9,2896.0,3143.8,1,1,3143.6,14,1,3143.3,26,1,3143.1,84,2,3143.0,103,5,3143.9,168,5,3144.0,76,4,3144.4,7,2,3144.5,26,2,3144.6,2,1
2031,2026-06-16 14:59:10+05:30,3143.9,1,3134.98,3097582,132281.0,194232.0,3163.0,3163.0,3108.0,3134.3,31871000,3447.7,2820.9,3839.9,2896.0,3143.8,42,2,3143.6,14,1,3143.3,26,1,3143.1,46,2,3143.0,103,5,3143.9,117,4,3144.0,76,4,3144.4,7,2,3144.5,25,1,3144.6,2,1
2031,2026-06-16 14:59:11+05:30,3143.8,3,3134.98,3097582,132281.0,194232.0,3163.0,3163.0,3108.0,3134.3,31871000,3447.7,2820.9,3839.9,2896.0,3143.8,42,2,3143.6,14,1,3143.3,26,1,3143.1,46,2,3143.0,103,5,3143.9,117,4,3144.0,76,4,3144.4,7,2,3144.5,25,1,3144.6,2,1
2031,2026-06-16 14:59:11+05:30,3143.8,3,3134.98,3097627,132149.0,194674.0,3163.0,3163.0,3108.0,3134.3,31871000,3447.7,2820.9,3839.9,2896.0,3143.8,4,2,3143.6,14,1,3143.2,25,1,3143.1,21,1,3143.0,69,5,3143.9,142,5,3144.0,76,4,3144.4,7,2,3144.5,26,2,3144.6,2,1
2031,2026-06-16 14:59:12+05:30,3143.9,6,3134.98,3097627,132149.0,194674.0,3163.0,3163.0,3108.0,3134.3,31871000,3447.7,2820.9,3839.9,2896.0,3143.8,4,2,3143.6,14,1,3143.2,25,1,3143.1,21,1,3143.0,69,5,3143.9,142,5,3144.0,76,4,3144.4,7,2,3144.5,26,2,3144.6,2,1
2031,2026-06-16 14:59:12+05:30,3143.9,6,3134.98,3097836,132287.0,194523.0,3163.0,3163.0,3108.0,3134.3,31871000,3447.7,2820.9,3839.9,2896.0,3143.9,37,3,3143.8,4,2,3143.6,14,1,3143.5,11,1,3143.4,50,2,3144.0,76,4,3144.4,7,2,3144.5,25,1,3144.7,39,1,3144.8,49,2
2031,2026-06-16 14:59:13+05:30,3143.9,2,3134.98,3097836,132287.0,194523.0,3163.0,3163.0,3108.0,3134.3,31871000,3447.7,2820.9,3839.9,2896.0,3143.9,37,3,3143.8,4,2,3143.6,14,1,3143.5,11,1,3143.4,50,2,3144.0,76,4,3144.4,7,2,3144.5,25,1,3144.7,39,1,3144.8,49,2
2031,2026-06-16 14:59:13+05:30,3143.9,2,3134.98,3097838,132543.0,194642.0,3163.0,3163.0,3108.0,3134.3,31871000,3447.7,2820.9,3839.9,2896.0,3143.9,35,3,3143.8,21,3,3143.6,14,1,3143.5,11,1,3143.4,75,2,3144.0,125,5,3144.4,7,2,3144.5,25,1,3144.7,39,1,3144.8,49,2
2031,2026-06-16 14:59:14+05:30,3144.0,1,3134.98,3097838,132543.0,194642.0,3163.0,3163.0,3108.0,3134.3,31871000,3447.7,2820.9,3839.9,2896.0,3143.9,35,3,3143.8,21,3,3143.6,14,1,3143.5,11,1,3143.4,75,2,3144.0,125,5,3144.4,7,2,3144.5,25,1,3144.7,39,1,3144.8,49,2
2031,2026-06-16 14:59:14+05:30,3144.0,1,3134.98,3097839,132406.0,194627.0,3163.0,3163.0,3108.0,3134.3,31871000,3447.7,2820.9,3839.9,2896.0,3143.9,86,5,3143.8,46,4,3143.6,25,2,3143.5,22,2,3143.4,25,1,3144.0,124,5,3144.4,7,2,3144.5,25,1,3144.7,39,1,3144.8,49,2
2031,2026-06-16 14:59:15+05:30,3144.0,16,3134.98,3097839,132406.0,194627.0,3163.0,3163.0,3108.0,3134.3,31871000,3447.7,2820.9,3839.9,2896.0,3143.9,86,5,3143.8,46,4,3143.6,25,2,3143.5,22,2,3143.4,25,1,3144.0,124,5,3144.4,7,2,3144.5,25,1,3144.7,39,1,3144.8,49,2
2031,2026-06-16 14:59:15+05:30,3144.0,2,3134.98,3097875,132212.0,194386.0,3163.0,3163.0,3108.0,3134.3,31871000,3447.7,2820.9,3839.9,2896.0,3143.9,123,8,3143.8,2,1,3143.7,7,1,3143.6,25,2,3143.5,47,3,3144.0,89,4,3144.4,7,2,3144.5,25,1,3144.8,2,1,3144.9,854,5
2031,2026-06-16 14:59:16+05:30,3144.0,2,3134.98,3097875,132212.0,194386.0,3163.0,3163.0,3108.0,3134.3,31871000,3447.7,2820.9,3839.9,2896.0,3143.9,123,8,3143.8,2,1,3143.7,7,1,3143.6,25,2,3143.5,47,3,3144.0,89,4,3144.4,7,2,3144.5,25,1,3144.8,2,1,3144.9,854,5
2031,2026-06-16 14:59:16+05:30,3143.9,4,3134.98,3097884,132376.0,194451.0,3163.0,3163.0,3108.0,3134.3,31871000,3447.7,2820.9,3839.9,2896.0,3143.9,91,6,3143.8,21,3,3143.6,14,1,3143.5,36,2,3143.3,62,3,3144.0,90,5,3144.4,7,2,3144.5,25,1,3144.7,92,2,3144.8,2,1
2031,2026-06-16 14:59:17+05:30,3144.0,1,3134.98,3097884,132376.0,194451.0,3163.0,3163.0,3108.0,3134.3,31871000,3447.7,2820.9,3839.9,2896.0,3143.9,91,6,3143.8,21,3,3143.6,14,1,3143.5,36,2,3143.3,62,3,3144.0,90,5,3144.4,7,2,3144.5,25,1,3144.7,92,2,3144.8,2,1
2031,2026-06-16 14:59:17+05:30,3144.4,2,3134.98,3098035,132525.0,194571.0,3163.0,3163.0,3108.0,3134.3,31871000,3447.7,2820.9,3839.9,2896.0,3144.1,1,1,3144.0,48,3,3143.9,55,4,3143.8,4,2,3143.6,39,2,3144.4,7,2,3144.5,25,1,3144.7,54,1,3144.9,892,6,3145.0,92,7
2031,2026-06-16 14:59:18+05:30,3144.1,1,3134.98,3098035,132525.0,194571.0,3163.0,3163.0,3108.0,3134.3,31871000,3447.7,2820.9,3839.9,2896.0,3144.1,1,1,3144.0,48,3,3143.9,55,4,3143.8,4,2,3143.6,39,2,3144.4,7,2,3144.5,25,1,3144.7,54,1,3144.9,892,6,3145.0,92,7
2031,2026-06-16 14:59:18+05:30,3144.1,2,3134.98,3098038,132365.0,194662.0,3163.0,3163.0,3108.0,3134.3,31871000,3447.7,2820.9,3839.9,2896.0,3144.1,13,1,3144.0,33,2,3143.9,55,4,3143.8,4,2,3143.6,39,2,3144.3,61,1,3144.4,11,3,3144.5,25,1,3144.7,54,1,3144.9,892,6
2031,2026-06-16 14:59:19+05:30,3144.3,18,3134.98,3098038,132365.0,194662.0,3163.0,3163.0,3108.0,3134.3,31871000,3447.7,2820.9,3839.9,2896.0,3144.1,13,1,3144.0,33,2,3143.9,55,4,3143.8,4,2,3143.6,39,2,3144.3,61,1,3144.4,11,3,3144.5,25,1,3144.7,54,1,3144.9,892,6
2031,2026-06-16 14:59:20+05:30,3144.3,13,3134.98,3098153,132486.0,193852.0,3163.0,3163.0,3108.0,3134.3,31871000,3447.7,2820.9,3839.9,2896.0,3144.2,17,1,3144.1,1,1,3144.0,33,2,3143.9,54,3,3143.8,4,2,3144.3,56,2,3144.4,7,2,3144.5,25,1,3144.7,825,5,3144.8,92,2
2031,2026-06-16 14:59:20+05:30,3144.2,16,3134.98,3098153,132486.0,193852.0,3163.0,3163.0,3108.0,3134.3,31871000,3447.7,2820.9,3839.9,2896.0,3144.2,17,1,3144.1,1,1,3144.0,33,2,3143.9,54,3,3143.8,4,2,3144.3,56,2,3144.4,7,2,3144.5,25,1,3144.7,825,5,3144.8,92,2
2031,2026-06-16 14:59:20+05:30,3144.3,2,3134.98,3098210,132178.0,194716.0,3163.0,3163.0,3108.0,3134.3,31871000,3447.7,2820.9,3839.9,2896.0,3144.2,1,1,3144.1,1,1,3144.0,33,2,3143.9,71,4,3143.8,2,1,3144.3,93,5,3144.4,94,4,3144.5,38,2,3144.6,138,4,3144.7,225,2
2031,2026-06-16 14:59:21+05:30,3144.3,2,3134.98,3098210,132178.0,194716.0,3163.0,3163.0,3108.0,3134.3,31871000,3447.7,2820.9,3839.9,2896.0,3144.2,1,1,3144.1,1,1,3144.0,33,2,3143.9,71,4,3143.8,2,1,3144.3,93,5,3144.4,94,4,3144.5,38,2,3144.6,138,4,3144.7,225,2
2031,2026-06-16 14:59:21+05:30,3144.3,2,3134.98,3098336,132141.0,194420.0,3163.0,3163.0,3108.0,3134.3,31871000,3447.7,2820.9,3839.9,2896.0,3144.3,1,1,3144.1,1,1,3144.0,33,2,3143.9,71,4,3143.6,14,1,3144.4,79,4,3144.5,38,2,3144.6,67,2,3144.7,242,3,3144.8,667,5
2031,2026-06-16 14:59:22+05:30,3144.4,1,3134.98,3098336,132141.0,194420.0,3163.0,3163.0,3108.0,3134.3,31871000,3447.7,2820.9,3839.9,2896.0,3144.3,1,1,3144.1,1,1,3144.0,33,2,3143.9,71,4,3143.6,14,1,3144.4,79,4,3144.5,38,2,3144.6,67,2,3144.7,242,3,3144.8,667,5
2031,2026-06-16 14:59:22+05:30,3144.4,1,3134.98,3098516,132268.0,194159.0,3163.0,3163.0,3108.0,3134.3,31871000,3447.7,2820.9,3839.9,2896.0,3144.4,19,1,3144.3,41,1,3144.1,18,1,3143.9,54,3,3143.7,19,1,3144.5,52,3,3144.6,29,1,3144.7,25,1,3144.8,83,2,3144.9,863,6
2031,2026-06-16 14:59:23+05:30,3144.4,9,3134.98,3098516,132268.0,194159.0,3163.0,3163.0,3108.0,3134.3,31871000,3447.7,2820.9,3839.9,2896.0,3144.4,19,1,3144.3,41,1,3144.1,18,1,3143.9,54,3,3143.7,19,1,3144.5,52,3,3144.6,29,1,3144.7,25,1,3144.8,83,2,3144.9,863,6
2031,2026-06-16 14:59:24+05:30,3144.5,1,3134.98,3098528,132284.0,191966.0,3163.0,3163.0,3108.0,3134.3,31871000,3447.7,2820.9,3839.9,2896.0,3144.4,8,1,3144.3,41,1,3143.9,71,4,3143.7,19,1,3143.6,14,1,3144.5,51,3,3144.6,89,2,3144.7,63,2,3144.8,83,2,3144.9,1063,7
2031,2026-06-16 14:59:24+05:30,3144.5,1,3134.98,3098528,132284.0,191966.0,3163.0,3163.0,3108.0,3134.3,31871000,3447.7,2820.9,3839.9,2896.0,3144.4,8,1,3144.3,41,1,3143.9,71,4,3143.7,19,1,3143.6,14,1,3144.5,51,3,3144.6,89,2,3144.7,63,2,3144.8,83,2,3144.9,1063,7
2031,2026-06-16 14:59:25+05:30,3144.6,1,3134.98,3098567,132925.0,193635.0,3163.0,3163.0,3108.0,3134.3,31871000,3447.7,2820.9,3839.9,2896.0,3144.4,46,2,3144.3,56,2,3143.9,54,3,3143.7,22,2,3143.6,41,2,3144.6,59,1,3144.9,238,2,3145.0,857,10,3145.1,130,3,3145.2,270,3
2031,2026-06-16 14:59:25+05:30,3144.6,9,3134.98,3098567,132925.0,193635.0,3163.0,3163.0,3108.0,3134.3,31871000,3447.7,2820.9,3839.9,2896.0,3144.4,46,2,3144.3,56,2,3143.9,54,3,3143.7,22,2,3143.6,41,2,3144.6,59,1,3144.9,238,2,3145.0,857,10,3145.1,130,3,3145.2,270,3
2031,2026-06-16 14:59:26+05:30,3144.6,9,3134.98,3098576,133034.0,193102.0,3163.0,3163.0,3108.0,3134.3,31871000,3447.7,2820.9,3839.9,2896.0,3144.4,46,2,3144.3,56,2,3143.9,53,2,3143.7,22,2,3143.6,14,1,3144.6,79,2,3144.9,238,2,3145.0,895,11,3145.1,130,3,3145.2,308,4
2031,2026-06-16 14:59:26+05:30,3144.6,7,3134.98,3098576,133034.0,193102.0,3163.0,3163.0,3108.0,3134.3,31871000,3447.7,2820.9,3839.9,2896.0,3144.4,46,2,3144.3,56,2,3143.9,53,2,3143.7,22,2,3143.6,14,1,3144.6,79,2,3144.9,238,2,3145.0,895,11,3145.1,130,3,3145.2,308,4
2031,2026-06-16 14:59:27+05:30,3144.4,37,3134.98,3098629,132953.0,193919.0,3163.0,3163.0,3108.0,3134.3,31871000,3447.7,2820.9,3839.9,2896.0,3144.3,56,2,3143.9,53,2,3143.7,19,1,3143.6,14,1,3143.5,20,1,3144.4,163,1,3144.6,110,3,3144.7,13,1,3144.8,66,2,3144.9,238,2
2031,2026-06-16 14:59:27+05:30,3144.4,37,3134.98,3098629,132953.0,193919.0,3163.0,3163.0,3108.0,3134.3,31871000,3447.7,2820.9,3839.9,2896.0,3144.3,56,2,3143.9,53,2,3143.7,19,1,3143.6,14,1,3143.5,20,1,3144.4,163,1,3144.6,110,3,3144.7,13,1,3144.8,66,2,3144.9,238,2
2031,2026-06-16 14:59:28+05:30,3144.3,2,3134.98,3098629,132953.0,193919.0,3163.0,3163.0,3108.0,3134.3,31871000,3447.7,2820.9,3839.9,2896.0,3144.3,56,2,3143.9,53,2,3143.7,19,1,3143.6,14,1,3143.5,20,1,3144.4,163,1,3144.6,110,3,3144.7,13,1,3144.8,66,2,3144.9,238,2
2031,2026-06-16 14:59:28+05:30,3144.3,2,3134.98,3098785,132974.0,191625.0,3163.0,3163.0,3108.0,3134.3,31871000,3447.7,2820.9,3839.9,2896.0,3144.3,54,2,3143.9,53,2,3143.7,19,1,3143.6,14,1,3143.5,20,1,3144.4,98,3,3144.6,43,1,3144.8,38,1,3144.9,238,2,3145.0,724,12
2031,2026-06-16 14:59:29+05:30,3144.3,39,3134.98,3098785,132974.0,191625.0,3163.0,3163.0,3108.0,3134.3,31871000,3447.7,2820.9,3839.9,2896.0,3144.3,54,2,3143.9,53,2,3143.7,19,1,3143.6,14,1,3143.5,20,1,3144.4,98,3,3144.6,43,1,3144.8,38,1,3144.9,238,2,3145.0,724,12
2031,2026-06-16 14:59:29+05:30,3144.3,39,3134.98,3098824,132890.0,194626.0,3163.0,3163.0,3108.0,3134.3,31871000,3447.7,2820.9,3839.9,2896.0,3143.9,53,2,3143.7,37,2,3143.4,26,2,3143.3,20,1,3143.2,25,1,3144.4,118,4,3144.6,81,2,3144.8,39,2,3144.9,292,3,3145.0,723,11
2031,2026-06-16 14:59:30+05:30,3144.4,1,3134.98,3098824,132890.0,194626.0,3163.0,3163.0,3108.0,3134.3,31871000,3447.7,2820.9,3839.9,2896.0,3143.9,53,2,3143.7,37,2,3143.4,26,2,3143.3,20,1,3143.2,25,1,3144.4,118,4,3144.6,81,2,3144.8,39,2,3144.9,292,3,3145.0,723,11
2031,2026-06-16 14:59:30+05:30,3144.4,1,3134.98,3098844,132974.0,194346.0,3163.0,3163.0,3108.0,3134.3,31871000,3447.7,2820.9,3839.9,2896.0,3144.2,2,2,3143.9,76,5,3143.8,14,1,3143.7,19,1,3143.4,26,2,3144.4,145,5,3144.6,43,1,3144.9,293,4,3145.0,657,9,3145.1,101,2
2031,2026-06-16 14:59:31+05:30,3144.4,11,3134.98,3098855,132997.0,194450.0,3163.0,3163.0,3108.0,3134.3,31871000,3447.7,2820.9,3839.9,2896.0,3144.2,2,2,3144.1,1,1,3143.9,76,5,3143.8,14,1,3143.7,19,1,3144.4,141,7,3144.6,43,1,3144.9,292,3,3145.0,686,11,3145.1,101,2
2031,2026-06-16 14:59:32+05:30,3144.4,11,3134.98,3098855,132997.0,194450.0,3163.0,3163.0,3108.0,3134.3,31871000,3447.7,2820.9,3839.9,2896.0,3144.2,2,2,3144.1,1,1,3143.9,76,5,3143.8,14,1,3143.7,19,1,3144.4,141,7,3144.6,43,1,3144.9,292,3,3145.0,686,11,3145.1,101,2
2031,2026-06-16 14:59:32+05:30,3144.4,11,3134.98,3098855,133001.0,194455.0,3163.0,3163.0,3108.0,3134.3,31871000,3447.7,2820.9,3839.9,2896.0,3144.2,2,2,3144.1,1,1,3143.9,76,5,3143.8,14,1,3143.7,19,1,3144.4,141,7,3144.6,43,1,3144.9,292,3,3145.0,686,11,3145.1,101,2
2031,2026-06-16 14:59:33+05:30,3144.4,1,3134.98,3098855,133001.0,194455.0,3163.0,3163.0,3108.0,3134.3,31871000,3447.7,2820.9,3839.9,2896.0,3144.2,2,2,3144.1,1,1,3143.9,76,5,3143.8,14,1,3143.7,19,1,3144.4,141,7,3144.6,43,1,3144.9,292,3,3145.0,686,11,3145.1,101,2
2031,2026-06-16 14:59:33+05:30,3144.4,1,3134.98,3099004,132910.0,194300.0,3163.0,3163.0,3108.0,3134.3,31871000,3447.7,2820.9,3839.9,2896.0,3144.2,2,2,3144.1,1,1,3143.9,75,5,3143.8,14,1,3143.7,19,1,3144.4,107,5,3144.6,60,2,3144.9,275,3,3145.0,686,11,3145.1,47,1
2031,2026-06-16 14:59:34+05:30,3144.4,1,3134.98,3099004,133147.0,194554.0,3163.0,3163.0,3108.0,3134.3,31871000,3447.7,2820.9,3839.9,2896.0,3144.2,3,3,3144.1,15,2,3143.9,60,4,3143.8,14,1,3143.7,19,1,3144.3,67,1,3144.4,143,6,3144.6,43,1,3144.9,292,3,3145.0,686,11
2031,2026-06-16 14:59:35+05:30,3144.3,1,3134.98,3099004,133147.0,194554.0,3163.0,3163.0,3108.0,3134.3,31871000,3447.7,2820.9,3839.9,2896.0,3144.2,3,3,3144.1,15,2,3143.9,60,4,3143.8,14,1,3143.7,19,1,3144.3,67,1,3144.4,143,6,3144.6,43,1,3144.9,292,3,3145.0,686,11
2031,2026-06-16 14:59:35+05:30,3144.3,1,3134.98,3099006,133180.0,193952.0,3163.0,3163.0,3108.0,3134.3,31871000,3447.7,2820.9,3839.9,2896.0,3144.2,18,4,3144.1,16,2,3143.9,60,4,3143.7,19,1,3143.5,25,1,3144.3,86,2,3144.4,122,5,3144.6,43,1,3144.9,893,7,3145.0,85,7
2031,2026-06-16 14:59:36+05:30,3144.3,1,3134.98,3099006,133180.0,193952.0,3163.0,3163.0,3108.0,3134.3,31871000,3447.7,2820.9,3839.9,2896.0,3144.2,18,4,3144.1,16,2,3143.9,60,4,3143.7,19,1,3143.5,25,1,3144.3,86,2,3144.4,122,5,3144.6,43,1,3144.9,893,7,3145.0,85,7
2031,2026-06-16 14:59:36+05:30,3144.2,5,3134.98,3099155,132836.0,194459.0,3163.0,3163.0,3108.0,3134.3,31871000,3447.7,2820.9,3839.9,2896.0,3144.2,25,2,3143.9,60,4,3143.7,19,1,3143.4,1,1,3143.3,45,2,3144.3,85,2,3144.4,122,5,3144.6,60,2,3144.7,21,1,3144.8,1,1
2031,2026-06-16 14:59:37+05:30,3144.0,8,3134.98,3099155,132836.0,194459.0,3163.0,3163.0,3108.0,3134.3,31871000,3447.7,2820.9,3839.9,2896.0,3144.2,25,2,3143.9,60,4,3143.7,19,1,3143.4,1,1,3143.3,45,2,3144.3,85,2,3144.4,122,5,3144.6,60,2,3144.7,21,1,3144.8,1,1
2031,2026-06-16 14:59:37+05:30,3144.0,8,3135.03,3111694,133261.0,188746.0,3163.0,3163.0,3108.0,3134.3,31871000,3447.7,2820.9,3839.9,2896.0,3144.2,131,7,3144.1,43,3,3144.0,79,4,3143.9,109,9,3143.8,130,5,3145.5,15,1,3145.6,78,3,3145.7,14,1,3145.9,94,3,3146.0,600,3
2031,2026-06-16 14:59:38+05:30,3144.8,15,3135.03,3111694,133261.0,188746.0,3163.0,3163.0,3108.0,3134.3,31871000,3447.7,2820.9,3839.9,2896.0,3144.2,131,7,3144.1,43,3,3144.0,79,4,3143.9,109,9,3143.8,130,5,3145.5,15,1,3145.6,78,3,3145.7,14,1,3145.9,94,3,3146.0,600,3
2031,2026-06-16 14:59:38+05:30,3143.4,11,3135.03,3113160,130502.0,192762.0,3163.0,3163.0,3108.0,3134.3,31871000,3447.7,2820.9,3839.9,2896.0,3143.2,307,6,3143.1,106,5,3143.0,20,1,3142.9,68,4,3142.8,716,6,3144.7,10,1,3144.8,69,2,3145.1,1,1,3145.2,49,1,3145.4,151,3
2031,2026-06-16 14:59:39+05:30,3143.6,10,3135.03,3113160,130502.0,192762.0,3163.0,3163.0,3108.0,3134.3,31871000,3447.7,2820.9,3839.9,2896.0,3143.2,307,6,3143.1,106,5,3143.0,20,1,3142.9,68,4,3142.8,716,6,3144.7,10,1,3144.8,69,2,3145.1,1,1,3145.2,49,1,3145.4,151,3
2031,2026-06-16 14:59:39+05:30,3143.6,10,3135.03,3113279,131688.0,193242.0,3163.0,3163.0,3108.0,3134.3,31871000,3447.7,2820.9,3839.9,2896.0,3143.5,76,5,3143.4,21,1,3143.3,230,4,3143.2,268,4,3143.1,118,4,3144.7,200,1,3144.8,38,2,3145.0,39,2,3145.1,49,1,3145.2,117,1
2031,2026-06-16 14:59:40+05:30,3144.7,109,3135.03,3113279,131688.0,193242.0,3163.0,3163.0,3108.0,3134.3,31871000,3447.7,2820.9,3839.9,2896.0,3143.5,76,5,3143.4,21,1,3143.3,230,4,3143.2,268,4,3143.1,118,4,3144.7,200,1,3144.8,38,2,3145.0,39,2,3145.1,49,1,3145.2,117,1
2031,2026-06-16 14:59:40+05:30,3144.7,109,3135.03,3113829,132003.0,190833.0,3163.0,3163.0,3108.0,3134.3,31871000,3447.7,2820.9,3839.9,2896.0,3144.7,13,1,3143.9,92,4,3143.8,6,1,3143.7,83,2,3143.6,106,7,3144.8,28,1,3145.3,2,1,3145.4,25,1,3145.5,7,1,3145.6,54,1
2031,2026-06-16 14:59:40+05:30,3144.7,109,3135.03,3113829,132003.0,190833.0,3163.0,3163.0,3108.0,3134.3,31871000,3447.7,2820.9,3839.9,2896.0,3144.7,13,1,3143.9,92,4,3143.8,6,1,3143.7,83,2,3143.6,106,7,3144.8,28,1,3145.3,2,1,3145.4,25,1,3145.5,7,1,3145.6,54,1
2031,2026-06-16 14:59:41+05:30,3144.8,1,3135.03,3113829,132003.0,190833.0,3163.0,3163.0,3108.0,3134.3,31871000,3447.7,2820.9,3839.9,2896.0,3144.7,13,1,3143.9,92,4,3143.8,6,1,3143.7,83,2,3143.6,106,7,3144.8,28,1,3145.3,2,1,3145.4,25,1,3145.5,7,1,3145.6,54,1
2031,2026-06-16 14:59:41+05:30,3144.7,39,3135.03,3114069,131783.0,193029.0,3163.0,3163.0,3108.0,3134.3,31871000,3447.7,2820.9,3839.9,2896.0,3144.7,14,2,3143.9,40,2,3143.7,46,2,3143.6,106,7,3143.5,196,3,3144.8,46,2,3145.4,26,2,3145.5,45,2,3145.6,54,1,3145.7,17,1
2031,2026-06-16 14:59:42+05:30,3144.7,39,3135.03,3114069,131783.0,193029.0,3163.0,3163.0,3108.0,3134.3,31871000,3447.7,2820.9,3839.9,2896.0,3144.7,14,2,3143.9,40,2,3143.7,46,2,3143.6,106,7,3143.5,196,3,3144.8,46,2,3145.4,26,2,3145.5,45,2,3145.6,54,1,3145.7,17,1
2031,2026-06-16 14:59:42+05:30,3144.7,39,3135.03,3114069,131783.0,193029.0,3163.0,3163.0,3108.0,3134.3,31871000,3447.7,2820.9,3839.9,2896.0,3144.7,14,2,3143.9,40,2,3143.7,46,2,3143.6,106,7,3143.5,196,3,3144.8,46,2,3145.4,26,2,3145.5,45,2,3145.6,54,1,3145.7,17,1
2031,2026-06-16 14:59:42+05:30,3144.7,39,3135.03,3114069,132051.0,192936.0,3163.0,3163.0,3108.0,3134.3,31871000,3447.7,2820.9,3839.9,2896.0,3144.7,14,2,3144.0,15,2,3143.9,331,5,3143.8,6,1,3143.7,20,1,3144.8,46,2,3145.4,26,2,3145.5,7,1,3145.6,54,1,3145.7,17,1
2031,2026-06-16 14:59:43+05:30,3144.8,1,3135.03,3114069,132051.0,192936.0,3163.0,3163.0,3108.0,3134.3,31871000,3447.7,2820.9,3839.9,2896.0,3144.7,14,2,3144.0,15,2,3143.9,331,5,3143.8,6,1,3143.7,20,1,3144.8,46,2,3145.4,26,2,3145.5,7,1,3145.6,54,1,3145.7,17,1
2031,2026-06-16 14:59:43+05:30,3144.8,1,3135.03,3114072,132499.0,193011.0,3163.0,3163.0,3108.0,3134.3,31871000,3447.7,2820.9,3839.9,2896.0,3144.7,12,2,3144.0,15,2,3143.9,359,5,3143.8,6,1,3143.7,20,1,3144.8,81,4,3145.4,26,2,3145.5,45,2,3145.6,54,1,3145.7,17,1
2031,2026-06-16 14:59:44+05:30,3144.8,9,3135.03,3114227,132729.0,193075.0,3163.0,3163.0,3108.0,3134.3,31871000,3447.7,2820.9,3839.9,2896.0,3144.7,12,2,3144.0,256,3,3143.9,359,5,3143.8,6,1,3143.7,20,1,3144.8,13,2,3144.9,67,1,3145.4,80,3,3145.5,93,3,3145.6,54,1
2031,2026-06-16 14:59:44+05:30,3144.8,9,3135.03,3114227,132729.0,193075.0,3163.0,3163.0,3108.0,3134.3,31871000,3447.7,2820.9,3839.9,2896.0,3144.7,12,2,3144.0,256,3,3143.9,359,5,3143.8,6,1,3143.7,20,1,3144.8,13,2,3144.9,67,1,3145.4,80,3,3145.5,93,3,3145.6,54,1
2031,2026-06-16 14:59:45+05:30,3144.8,3,3135.03,3114227,132729.0,193075.0,3163.0,3163.0,3108.0,3134.3,31871000,3447.7,2820.9,3839.9,2896.0,3144.7,12,2,3144.0,256,3,3143.9,359,5,3143.8,6,1,3143.7,20,1,3144.8,13,2,3144.9,67,1,3145.4,80,3,3145.5,93,3,3145.6,54,1
2031,2026-06-16 14:59:45+05:30,3144.8,1,3135.04,3114235,132729.0,193190.0,3163.0,3163.0,3108.0,3134.3,31871000,3447.7,2820.9,3839.9,2896.0,3144.7,10,2,3144.0,256,3,3143.9,359,5,3143.8,6,1,3143.7,20,1,3144.8,67,2,3144.9,87,2,3145.4,80,3,3145.5,93,3,3145.6,54,1
2031,2026-06-16 14:59:46+05:30,3144.8,1,3135.04,3114235,132729.0,193190.0,3163.0,3163.0,3108.0,3134.3,31871000,3447.7,2820.9,3839.9,2896.0,3144.7,10,2,3144.0,256,3,3143.9,359,5,3143.8,6,1,3143.7,20,1,3144.8,67,2,3144.9,87,2,3145.4,80,3,3145.5,93,3,3145.6,54,1
2031,2026-06-16 14:59:46+05:30,3144.7,9,3135.04,3114245,132997.0,193113.0,3163.0,3163.0,3108.0,3134.3,31871000,3447.7,2820.9,3839.9,2896.0,3144.7,238,2,3144.6,18,2,3144.4,9,1,3144.0,256,3,3143.9,385,6,3144.8,87,4,3144.9,87,2,3145.4,25,1,3145.5,55,2,3145.7,135,2
2031,2026-06-16 14:59:47+05:30,3144.7,9,3135.04,3114245,132997.0,193113.0,3163.0,3163.0,3108.0,3134.3,31871000,3447.7,2820.9,3839.9,2896.0,3144.7,238,2,3144.6,18,2,3144.4,9,1,3144.0,256,3,3143.9,385,6,3144.8,87,4,3144.9,87,2,3145.4,25,1,3145.5,55,2,3145.7,135,2
2031,2026-06-16 14:59:47+05:30,3144.7,40,3135.04,3114245,132997.0,193113.0,3163.0,3163.0,3108.0,3134.3,31871000,3447.7,2820.9,3839.9,2896.0,3144.7,238,2,3144.6,18,2,3144.4,9,1,3144.0,256,3,3143.9,385,6,3144.8,87,4,3144.9,87,2,3145.4,25,1,3145.5,55,2,3145.7,135,2
2031,2026-06-16 14:59:47+05:30,3144.7,40,3135.04,3114336,133045.0,193175.0,3163.0,3163.0,3108.0,3134.3,31871000,3447.7,2820.9,3839.9,2896.0,3144.7,213,3,3144.6,2,1,3144.2,67,2,3144.0,256,3,3143.9,444,7,3144.8,82,5,3144.9,68,2,3145.4,25,1,3145.5,55,2,3145.7,184,3
2031,2026-06-16 14:59:48+05:30,3144.8,35,3135.04,3114336,133045.0,193175.0,3163.0,3163.0,3108.0,3134.3,31871000,3447.7,2820.9,3839.9,2896.0,3144.7,213,3,3144.6,2,1,3144.2,67,2,3144.0,256,3,3143.9,444,7,3144.8,82,5,3144.9,68,2,3145.4,25,1,3145.5,55,2,3145.7,184,3
2031,2026-06-16 14:59:48+05:30,3144.8,1,3135.04,3114549,132609.0,192982.0,3163.0,3163.0,3108.0,3134.3,31871000,3447.7,2820.9,3839.9,2896.0,3144.7,196,2,3144.6,2,1,3144.1,25,2,3144.0,16,3,3143.9,179,5,3144.8,199,1,3144.9,94,3,3145.4,26,2,3145.5,133,4,3145.7,17,1
2031,2026-06-16 14:59:49+05:30,3144.7,39,3135.04,3114549,132609.0,192982.0,3163.0,3163.0,3108.0,3134.3,31871000,3447.7,2820.9,3839.9,2896.0,3144.7,196,2,3144.6,2,1,3144.1,25,2,3144.0,16,3,3143.9,179,5,3144.8,199,1,3144.9,94,3,3145.4,26,2,3145.5,133,4,3145.7,17,1
2031,2026-06-16 14:59:49+05:30,3144.7,39,3135.04,3114549,132609.0,192982.0,3163.0,3163.0,3108.0,3134.3,31871000,3447.7,2820.9,3839.9,2896.0,3144.7,196,2,3144.6,2,1,3144.1,25,2,3144.0,16,3,3143.9,179,5,3144.8,199,1,3144.9,94,3,3145.4,26,2,3145.5,133,4,3145.7,17,1
2031,2026-06-16 14:59:49+05:30,3144.7,94,3135.04,3114839,132529.0,192833.0,3163.0,3163.0,3108.0,3134.3,31871000,3447.7,2820.9,3839.9,2896.0,3144.7,144,2,3144.6,2,1,3144.0,42,4,3143.9,94,3,3143.8,231,3,3144.8,1,1,3144.9,71,3,3145.4,27,2,3145.5,83,4,3145.6,49,1
2031,2026-06-16 14:59:50+05:30,3144.8,1,3135.04,3114839,132529.0,192833.0,3163.0,3163.0,3108.0,3134.3,31871000,3447.7,2820.9,3839.9,2896.0,3144.7,144,2,3144.6,2,1,3144.0,42,4,3143.9,94,3,3143.8,231,3,3144.8,1,1,3144.9,71,3,3145.4,27,2,3145.5,83,4,3145.6,49,1
2031,2026-06-16 14:59:50+05:30,3144.8,1,3135.04,3114840,132627.0,192894.0,3163.0,3163.0,3108.0,3134.3,31871000,3447.7,2820.9,3839.9,2896.0,3144.7,144,2,3144.6,2,1,3144.0,16,3,3143.9,94,3,3143.8,257,4,3144.9,71,3,3145.4,27,2,3145.5,83,4,3145.6,49,1,3145.7,140,2
2031,2026-06-16 14:59:51+05:30,3144.8,1,3135.04,3114840,132627.0,192894.0,3163.0,3163.0,3108.0,3134.3,31871000,3447.7,2820.9,3839.9,2896.0,3144.7,144,2,3144.6,2,1,3144.0,16,3,3143.9,94,3,3143.8,257,4,3144.9,71,3,3145.4,27,2,3145.5,83,4,3145.6,49,1,3145.7,140,2
2031,2026-06-16 14:59:51+05:30,3144.9,2,3135.04,3114840,132627.0,192894.0,3163.0,3163.0,3108.0,3134.3,31871000,3447.7,2820.9,3839.9,2896.0,3144.7,144,2,3144.6,2,1,3144.0,16,3,3143.9,94,3,3143.8,257,4,3144.9,71,3,3145.4,27,2,3145.5,83,4,3145.6,49,1,3145.7,140,2
2031,2026-06-16 14:59:51+05:30,3144.9,11,3135.04,3114854,132581.0,192951.0,3163.0,3163.0,3108.0,3134.3,31871000,3447.7,2820.9,3839.9,2896.0,3144.7,144,2,3144.0,16,3,3143.9,94,3,3143.8,76,3,3143.7,54,2,3144.9,57,3,3145.3,1,1,3145.4,27,2,3145.5,210,4,3145.6,649,4
2031,2026-06-16 14:59:52+05:30,3144.9,11,3135.04,3114854,132581.0,192951.0,3163.0,3163.0,3108.0,3134.3,31871000,3447.7,2820.9,3839.9,2896.0,3144.7,144,2,3144.0,16,3,3143.9,94,3,3143.8,76,3,3143.7,54,2,3144.9,57,3,3145.3,1,1,3145.4,27,2,3145.5,210,4,3145.6,649,4
2031,2026-06-16 14:59:52+05:30,3144.9,11,3135.04,3114854,132581.0,192951.0,3163.0,3163.0,3108.0,3134.3,31871000,3447.7,2820.9,3839.9,2896.0,3144.7,159,3,3144.0,16,3,3143.9,94,3,3143.8,76,3,3143.7,54,2,3144.8,200,1,3144.9,88,4,3145.0,50,1,3145.3,1,1,3145.4,27,2
2031,2026-06-16 14:59:52+05:30,3144.9,11,3135.04,3114854,132172.0,192859.0,3163.0,3163.0,3108.0,3134.3,31871000,3447.7,2820.9,3839.9,2896.0,3144.7,159,3,3144.0,16,3,3143.9,94,3,3143.8,76,3,3143.7,54,2,3144.8,200,1,3144.9,88,4,3145.0,50,1,3145.3,1,1,3145.4,27,2
2031,2026-06-16 14:59:53+05:30,3144.7,2,3135.04,3114854,132172.0,192859.0,3163.0,3163.0,3108.0,3134.3,31871000,3447.7,2820.9,3839.9,2896.0,3144.7,159,3,3144.0,16,3,3143.9,94,3,3143.8,76,3,3143.7,54,2,3144.8,200,1,3144.9,88,4,3145.0,50,1,3145.3,1,1,3145.4,27,2
2031,2026-06-16 14:59:53+05:30,3144.7,2,3135.04,3114854,132172.0,192859.0,3163.0,3163.0,3108.0,3134.3,31871000,3447.7,2820.9,3839.9,2896.0,3144.7,159,3,3144.0,16,3,3143.9,94,3,3143.8,76,3,3143.7,54,2,3144.8,200,1,3144.9,88,4,3145.0,50,1,3145.3,1,1,3145.4,27,2
2031,2026-06-16 14:59:53+05:30,3144.7,2,3135.04,3114856,132165.0,193009.0,3163.0,3163.0,3108.0,3134.3,31871000,3447.7,2820.9,3839.9,2896.0,3144.7,157,3,3144.0,16,3,3143.9,94,3,3143.8,50,2,3143.7,54,2,3144.8,274,2,3144.9,88,4,3145.0,50,1,3145.1,1,1,3145.2,38,1
2031,2026-06-16 14:59:54+05:30,3144.7,2,3135.04,3114856,132165.0,193009.0,3163.0,3163.0,3108.0,3134.3,31871000,3447.7,2820.9,3839.9,2896.0,3144.7,157,3,3144.0,16,3,3143.9,94,3,3143.8,50,2,3143.7,54,2,3144.8,274,2,3144.9,88,4,3145.0,50,1,3145.1,1,1,3145.2,38,1
2031,2026-06-16 14:59:54+05:30,3144.8,149,3135.04,3115005,132727.0,192617.0,3163.0,3163.0,3108.0,3134.3,31871000,3447.7,2820.9,3839.9,2896.0,3144.7,193,4,3144.3,26,1,3144.2,67,2,3144.0,118,7,3143.9,94,3,3144.8,125,2,3144.9,88,4,3145.0,50,1,3145.4,27,2,3145.5,7,1
2031,2026-06-16 14:59:55+05:30,3144.8,149,3135.04,3115005,132727.0,192617.0,3163.0,3163.0,3108.0,3134.3,31871000,3447.7,2820.9,3839.9,2896.0,3144.7,193,4,3144.3,26,1,3144.2,67,2,3144.0,118,7,3143.9,94,3,3144.8,125,2,3144.9,88,4,3145.0,50,1,3145.4,27,2,3145.5,7,1
2031,2026-06-16 14:59:55+05:30,3144.8,8,3135.04,3115005,132727.0,192617.0,3163.0,3163.0,3108.0,3134.3,31871000,3447.7,2820.9,3839.9,2896.0,3144.7,193,4,3144.3,26,1,3144.2,67,2,3144.0,118,7,3143.9,94,3,3144.8,125,2,3144.9,88,4,3145.0,50,1,3145.4,27,2,3145.5,7,1
2031,2026-06-16 14:59:55+05:30,3144.8,8,3135.04,3115013,132771.0,192685.0,3163.0,3163.0,3108.0,3134.3,31871000,3447.7,2820.9,3839.9,2896.0,3144.7,192,3,3144.2,67,2,3144.1,26,1,3144.0,34,4,3143.9,94,3,3144.8,148,4,3144.9,88,4,3145.0,50,1,3145.4,28,3,3145.5,7,1
2031,2026-06-16 14:59:56+05:30,3144.8,8,3135.04,3115013,132771.0,192685.0,3163.0,3163.0,3108.0,3134.3,31871000,3447.7,2820.9,3839.9,2896.0,3144.7,192,3,3144.2,67,2,3144.1,26,1,3144.0,34,4,3143.9,94,3,3144.8,148,4,3144.9,88,4,3145.0,50,1,3145.4,28,3,3145.5,7,1
2031,2026-06-16 14:59:56+05:30,3144.8,1,3135.04,3115013,132771.0,192685.0,3163.0,3163.0,3108.0,3134.3,31871000,3447.7,2820.9,3839.9,2896.0,3144.7,192,3,3144.2,67,2,3144.1,26,1,3144.0,34,4,3143.9,94,3,3144.8,148,4,3144.9,88,4,3145.0,50,1,3145.4,28,3,3145.5,7,1
2031,2026-06-16 14:59:56+05:30,3144.7,1,3135.04,3115202,132713.0,192682.0,3163.0,3163.0,3108.0,3134.3,31871000,3447.7,2820.9,3839.9,2896.0,3144.7,33,3,3144.3,26,1,3144.2,79,2,3144.1,157,1,3144.0,99,7,3144.8,146,4,3144.9,88,4,3145.0,50,1,3145.3,1,1,3145.4,25,1
2031,2026-06-16 14:59:57+05:30,3144.7,1,3135.04,3115202,132713.0,192682.0,3163.0,3163.0,3108.0,3134.3,31871000,3447.7,2820.9,3839.9,2896.0,3144.7,33,3,3144.3,26,1,3144.2,79,2,3144.1,157,1,3144.0,99,7,3144.8,146,4,3144.9,88,4,3145.0,50,1,3145.3,1,1,3145.4,25,1
2031,2026-06-16 14:59:57+05:30,3144.8,1,3135.04,3115202,132713.0,192682.0,3163.0,3163.0,3108.0,3134.3,31871000,3447.7,2820.9,3839.9,2896.0,3144.7,33,3,3144.3,26,1,3144.2,79,2,3144.1,157,1,3144.0,99,7,3144.8,146,4,3144.9,88,4,3145.0,50,1,3145.3,1,1,3145.4,25,1
2031,2026-06-16 14:59:57+05:30,3144.8,1,3135.04,3115202,132713.0,192682.0,3163.0,3163.0,3108.0,3134.3,31871000,3447.7,2820.9,3839.9,2896.0,3144.7,33,3,3144.3,26,1,3144.2,79,2,3144.1,157,1,3144.0,99,7,3144.8,146,4,3144.9,88,4,3145.0,50,1,3145.3,1,1,3145.4,25,1
2031,2026-06-16 14:59:57+05:30,3144.8,1,3135.04,3115203,132736.0,192714.0,3163.0,3163.0,3108.0,3134.3,31871000,3447.7,2820.9,3839.9,2896.0,3144.7,45,3,3144.1,26,1,3144.0,116,6,3143.9,78,3,3143.8,104,3,3144.8,145,4,3144.9,88,4,3145.0,50,1,3145.4,25,1,3145.5,895,7
2031,2026-06-16 14:59:58+05:30,3144.7,2,3135.04,3115203,132736.0,192714.0,3163.0,3163.0,3108.0,3134.3,31871000,3447.7,2820.9,3839.9,2896.0,3144.7,45,3,3144.1,26,1,3144.0,116,6,3143.9,78,3,3143.8,104,3,3144.8,145,4,3144.9,88,4,3145.0,50,1,3145.4,25,1,3145.5,895,7
2031,2026-06-16 14:59:58+05:30,3144.7,2,3135.04,3115203,132736.0,192714.0,3163.0,3163.0,3108.0,3134.3,31871000,3447.7,2820.9,3839.9,2896.0,3144.7,45,3,3144.1,26,1,3144.0,116,6,3143.9,78,3,3143.8,104,3,3144.8,145,4,3144.9,88,4,3145.0,50,1,3145.4,25,1,3145.5,895,7
2031,2026-06-16 14:59:58+05:30,3144.7,2,3135.04,3115206,132822.0,192714.0,3163.0,3163.0,3108.0,3134.3,31871000,3447.7,2820.9,3839.9,2896.0,3144.7,42,2,3144.0,130,7,3143.9,52,2,3143.8,104,3,3143.7,20,1,3144.8,145,4,3144.9,88,4,3145.0,50,1,3145.3,1,1,3145.4,25,1
2031,2026-06-16 14:59:59+05:30,3144.7,2,3135.04,3115206,132822.0,192714.0,3163.0,3163.0,3108.0,3134.3,31871000,3447.7,2820.9,3839.9,2896.0,3144.7,42,2,3144.0,130,7,3143.9,52,2,3143.8,104,3,3143.7,20,1,3144.8,145,4,3144.9,88,4,3145.0,50,1,3145.3,1,1,3145.4,25,1
2031,2026-06-16 14:59:59+05:30,3144.8,17,3135.04,3115223,132711.0,192774.0,3163.0,3163.0,3108.0,3134.3,31871000,3447.7,2820.9,3839.9,2896.0,3144.7,42,2,3144.0,90,6,3143.9,20,1,3143.8,104,3,3143.7,20,1,3144.8,128,4,3144.9,88,4,3145.0,50,1,3145.3,1,1,3145.4,63,2
2031,2026-06-16 15:00:00+05:30,3144.8,17,3135.04,3115223,132711.0,192774.0,3163.0,3163.0,3108.0,3134.3,31871000,3447.7,2820.9,3839.9,2896.0,3144.7,42,2,3144.0,90,6,3143.9,20,1,3143.8,104,3,3143.7,20,1,3144.8,128,4,3144.9,88,4,3145.0,50,1,3145.3,1,1,3145.4,63,2
2031,2026-06-16 15:00:00+05:30,3144.8,1,3135.04,3115223,132711.0,192774.0,3163.0,3163.0,3108.0,3134.3,31871000,3447.7,2820.9,3839.9,2896.0,3144.7,42,2,3144.0,90,6,3143.9,20,1,3143.8,104,3,3143.7,20,1,3144.8,128,4,3144.9,88,4,3145.0,50,1,3145.3,1,1,3145.4,63,2
2031,2026-06-16 15:00:00+05:30,3145.5,63,3135.04,3115825,133943.0,190265.0,3163.0,3163.0,3108.0,3134.3,31871000,3447.7,2820.9,3839.9,2896.0,3145.0,87,3,3144.9,98,4,3144.8,76,9,3144.7,218,15,3144.6,54,3,3145.5,137,1,3145.6,600,3,3145.7,3,1,3145.8,220,2,3145.9,600,3
2031,2026-06-16 15:00:01+05:30,3145.5,63,3135.04,3115825,133943.0,190265.0,3163.0,3163.0,3108.0,3134.3,31873800,3447.7,2820.9,3839.9,2896.0,3145.0,87,3,3144.9,98,4,3144.8,76,9,3144.7,218,15,3144.6,54,3,3145.5,137,1,3145.6,600,3,3145.7,3,1,3145.8,220,2,3145.9,600,3
2031,2026-06-16 15:00:01+05:30,3145.2,23,3135.04,3115825,133943.0,190265.0,3163.0,3163.0,3108.0,3134.3,31873800,3447.7,2820.9,3839.9,2896.0,3145.0,87,3,3144.9,98,4,3144.8,76,9,3144.7,218,15,3144.6,54,3,3145.5,137,1,3145.6,600,3,3145.7,3,1,3145.8,220,2,3145.9,600,3
2031,2026-06-16 15:00:01+05:30,3145.2,7,3135.04,3116022,134211.0,189314.0,3163.0,3163.0,3108.0,3134.3,31873800,3447.7,2820.9,3839.9,2896.0,3144.8,39,10,3144.7,270,17,3144.6,61,4,3144.5,28,2,3144.4,103,5,3145.4,13,1,3145.5,222,6,3145.6,618,4,3145.7,4,2,3145.8,200,1
2031,2026-06-16 15:00:02+05:30,3144.9,13,3135.04,3116022,134211.0,189314.0,3163.0,3163.0,3108.0,3134.3,31873800,3447.7,2820.9,3839.9,2896.0,3144.8,39,10,3144.7,270,17,3144.6,61,4,3144.5,28,2,3144.4,103,5,3145.4,13,1,3145.5,222,6,3145.6,618,4,3145.7,4,2,3145.8,200,1
2031,2026-06-16 15:00:02+05:30,3144.9,1,3135.04,3116146,134254.0,191706.0,3163.0,3163.0,3108.0,3134.3,31873800,3447.7,2820.9,3839.9,2896.0,3144.8,213,4,3144.7,216,15,3144.6,15,1,3144.5,12,2,3144.4,3,1,3144.9,279,8,3145.0,144,1,3145.2,16,3,3145.3,40,2,3145.4,54,2
2031,2026-06-16 15:00:03+05:30,3144.8,2,3135.04,3116146,134254.0,191706.0,3163.0,3163.0,3108.0,3134.3,31873800,3447.7,2820.9,3839.9,2896.0,3144.8,213,4,3144.7,216,15,3144.6,15,1,3144.5,12,2,3144.4,3,1,3144.9,279,8,3145.0,144,1,3145.2,16,3,3145.3,40,2,3145.4,54,2
2031,2026-06-16 15:00:03+05:30,3144.7,4,3135.04,3116727,132607.0,192096.0,3163.0,3163.0,3108.0,3134.3,31873800,3447.7,2820.9,3839.9,2896.0,3144.7,17,3,3144.6,15,1,3144.3,21,1,3144.1,21,1,3144.0,16,3,3144.8,341,7,3144.9,309,8,3145.0,261,5,3145.1,23,3,3145.2,685,9
2031,2026-06-16 15:00:04+05:30,3143.5,21,3135.04,3116727,132607.0,192096.0,3163.0,3163.0,3108.0,3134.3,31873800,3447.7,2820.9,3839.9,2896.0,3144.7,17,3,3144.6,15,1,3144.3,21,1,3144.1,21,1,3144.0,16,3,3144.8,341,7,3144.9,309,8,3145.0,261,5,3145.1,23,3,3145.2,685,9
2031,2026-06-16 15:00:05+05:30,3144.3,6,3135.04,3117406,131323.0,193676.0,3163.0,3163.0,3108.0,3134.3,31873800,3447.7,2820.9,3839.9,2896.0,3143.3,71,2,3143.1,73,4,3143.0,179,3,3142.9,29,2,3142.7,97,3,3144.3,61,3,3144.5,173,3,3144.6,112,4,3144.7,69,3,3144.8,797,10
2031,2026-06-16 15:00:05+05:30,3143.4,6,3135.04,3117406,131323.0,193676.0,3163.0,3163.0,3108.0,3134.3,31873800,3447.7,2820.9,3839.9,2896.0,3143.3,71,2,3143.1,73,4,3143.0,179,3,3142.9,29,2,3142.7,97,3,3144.3,61,3,3144.5,173,3,3144.6,112,4,3144.7,69,3,3144.8,797,10
2031,2026-06-16 15:00:06+05:30,3142.9,14,3135.05,3118396,129452.0,193816.0,3163.0,3163.0,3108.0,3134.3,31873800,3447.7,2820.9,3839.9,2896.0,3142.9,9,1,3142.5,35,4,3142.4,76,2,3142.3,151,6,3142.2,108,2,3143.0,115,5,3143.2,9,1,3143.3,13,1,3143.4,23,1,3143.9,2,1
2031,2026-06-16 15:00:06+05:30,3142.5,161,3135.05,3118396,129452.0,193816.0,3163.0,3163.0,3108.0,3134.3,31873800,3447.7,2820.9,3839.9,2896.0,3142.9,9,1,3142.5,35,4,3142.4,76,2,3142.3,151,6,3142.2,108,2,3143.0,115,5,3143.2,9,1,3143.3,13,1,3143.4,23,1,3143.9,2,1
2031,2026-06-16 15:00:07+05:30,3142.6,17,3135.05,3118839,129608.0,194066.0,3163.0,3163.0,3108.0,3134.3,31873800,3447.7,2820.9,3839.9,2896.0,3142.7,490,1,3142.5,14,2,3142.4,2,1,3142.3,71,3,3142.1,30,3,3143.0,28,2,3143.1,26,2,3143.2,11,1,3143.3,13,1,3143.4,2,1
2031,2026-06-16 15:00:07+05:30,3142.6,17,3135.05,3118839,129608.0,194066.0,3163.0,3163.0,3108.0,3134.3,31873800,3447.7,2820.9,3839.9,2896.0,3142.7,490,1,3142.5,14,2,3142.4,2,1,3142.3,71,3,3142.1,30,3,3143.0,28,2,3143.1,26,2,3143.2,11,1,3143.3,13,1,3143.4,2,1
2031,2026-06-16 15:00:08+05:30,3142.8,16,3135.05,3118917,129845.0,194320.0,3163.0,3163.0,3108.0,3134.3,31873800,3447.7,2820.9,3839.9,2896.0,3142.7,539,2,3142.5,29,2,3142.4,3,2,3142.3,107,5,3142.2,18,1,3143.0,68,4,3143.1,60,4,3143.2,11,1,3143.3,13,1,3143.4,2,1
2031,2026-06-16 15:00:08+05:30,3142.7,33,3135.05,3118917,129845.0,194320.0,3163.0,3163.0,3108.0,3134.3,31873800,3447.7,2820.9,3839.9,2896.0,3142.7,539,2,3142.5,29,2,3142.4,3,2,3142.3,107,5,3142.2,18,1,3143.0,68,4,3143.1,60,4,3143.2,11,1,3143.3,13,1,3143.4,2,1
2031,2026-06-16 15:00:09+05:30,3142.7,34,3135.05,3119054,129845.0,194410.0,3163.0,3163.0,3108.0,3134.3,31873800,3447.7,2820.9,3839.9,2896.0,3142.7,544,4,3142.5,29,2,3142.4,2,1,3142.3,71,3,3142.1,30,3,3142.8,102,4,3142.9,20,1,3143.0,60,3,3143.1,25,2,3143.4,2,1
2031,2026-06-16 15:00:09+05:30,3142.8,1,3135.05,3119054,129845.0,194410.0,3163.0,3163.0,3108.0,3134.3,31873800,3447.7,2820.9,3839.9,2896.0,3142.7,544,4,3142.5,29,2,3142.4,2,1,3142.3,71,3,3142.1,30,3,3142.8,102,4,3142.9,20,1,3143.0,60,3,3143.1,25,2,3143.4,2,1
2031,2026-06-16 15:00:10+05:30,3142.8,1,3135.05,3119381,129640.0,194560.0,3163.0,3163.0,3108.0,3134.3,31873800,3447.7,2820.9,3839.9,2896.0,3142.7,318,5,3142.5,29,2,3142.3,71,3,3142.1,34,4,3142.0,335,6,3142.8,137,9,3142.9,20,1,3143.0,44,5,3143.1,22,2,3143.2,38,1
2031,2026-06-16 15:00:10+05:30,3142.8,7,3135.05,3119381,129640.0,194560.0,3163.0,3163.0,3108.0,3134.3,31873800,3447.7,2820.9,3839.9,2896.0,3142.7,318,5,3142.5,29,2,3142.3,71,3,3142.1,34,4,3142.0,335,6,3142.8,137,9,3142.9,20,1,3143.0,44,5,3143.1,22,2,3143.2,38,1
2031,2026-06-16 15:00:11+05:30,3142.8,7,3135.05,3119388,129671.0,194689.0,3163.0,3163.0,3108.0,3134.3,31873800,3447.7,2820.9,3839.9,2896.0,3142.7,319,6,3142.5,45,3,3142.3,72,4,3142.1,50,5,3142.0,330,5,3142.8,187,12,3142.9,4,1,3143.0,15,4,3143.1,3,1,3143.2,38,1
2031,2026-06-16 15:00:11+05:30,3142.7,24,3135.05,3119388,129671.0,194689.0,3163.0,3163.0,3108.0,3134.3,31873800,3447.7,2820.9,3839.9,2896.0,3142.7,319,6,3142.5,45,3,3142.3,72,4,3142.1,50,5,3142.0,330,5,3142.8,187,12,3142.9,4,1,3143.0,15,4,3143.1,3,1,3143.2,38,1
2031,2026-06-16 15:00:12+05:30,3141.6,16,3135.05,3120742,127456.0,195122.0,3163.0,3163.0,3108.0,3134.3,31873800,3447.7,2820.9,3839.9,2896.0,3141.5,65,2,3141.3,59,2,3141.1,6,1,3141.0,52,3,3140.9,100,4,3141.6,153,6,3141.7,61,2,3141.8,12,1,3142.0,58,2,3142.1,47,1
2031,2026-06-16 15:00:12+05:30,3141.4,39,3135.05,3120742,127456.0,195122.0,3163.0,3163.0,3108.0,3134.3,31873800,3447.7,2820.9,3839.9,2896.0,3141.5,65,2,3141.3,59,2,3141.1,6,1,3141.0,52,3,3140.9,100,4,3141.6,153,6,3141.7,61,2,3141.8,12,1,3142.0,58,2,3142.1,47,1
2031,2026-06-16 15:00:13+05:30,3141.5,2,3135.05,3120742,127456.0,195122.0,3163.0,3163.0,3108.0,3134.3,31873800,3447.7,2820.9,3839.9,2896.0,3141.5,65,2,3141.3,59,2,3141.1,6,1,3141.0,52,3,3140.9,100,4,3141.6,153,6,3141.7,61,2,3141.8,12,1,3142.0,58,2,3142.1,47,1
2031,2026-06-16 15:00:13+05:30,3141.5,2,3135.05,3121207,128280.0,195597.0,3163.0,3163.0,3108.0,3134.3,31873800,3447.7,2820.9,3839.9,2896.0,3141.5,24,2,3140.8,49,2,3140.7,4,2,3140.6,62,1,3140.5,21,1,3141.6,132,6,3141.7,28,2,3141.8,12,1,3141.9,42,2,3142.0,70,2
2031,2026-06-16 15:00:14+05:30,3141.5,4,3135.05,3121207,128280.0,195597.0,3163.0,3163.0,3108.0,3134.3,31873800,3447.7,2820.9,3839.9,2896.0,3141.5,24,2,3140.8,49,2,3140.7,4,2,3140.6,62,1,3140.5,21,1,3141.6,132,6,3141.7,28,2,3141.8,12,1,3141.9,42,2,3142.0,70,2
2031,2026-06-16 15:00:14+05:30,3141.5,13,3135.05,3121257,127270.0,196098.0,3163.0,3163.0,3108.0,3134.3,31873800,3447.7,2820.9,3839.9,2896.0,3140.5,10,2,3140.3,15,1,3140.2,112,4,3140.1,266,5,3140.0,1655,12,3140.6,161,6,3140.7,17,1,3141.5,11,2,3141.6,878,13,3141.7,1,1
2031,2026-06-16 15:00:15+05:30,3140.5,14,3135.05,3121257,127270.0,196098.0,3163.0,3163.0,3108.0,3134.3,31873800,3447.7,2820.9,3839.9,2896.0,3140.5,10,2,3140.3,15,1,3140.2,112,4,3140.1,266,5,3140.0,1655,12,3140.6,161,6,3140.7,17,1,3141.5,11,2,3141.6,878,13,3141.7,1,1
2031,2026-06-16 15:00:15+05:30,3140.6,1,3135.06,3121744,126038.0,196628.0,3163.0,3163.0,3108.0,3134.3,31873800,3447.7,2820.9,3839.9,2896.0,3140.6,2,2,3140.5,1,1,3140.2,91,2,3140.1,220,2,3140.0,1655,12,3140.9,40,3,3141.0,86,6,3141.1,41,2,3141.2,89,3,3141.4,118,2
2031,2026-06-16 15:00:16+05:30,3139.3,7,3135.06,3121744,126038.0,196628.0,3163.0,3163.0,3108.0,3134.3,31873800,3447.7,2820.9,3839.9,2896.0,3140.6,2,2,3140.5,1,1,3140.2,91,2,3140.1,220,2,3140.0,1655,12,3140.9,40,3,3141.0,86,6,3141.1,41,2,3141.2,89,3,3141.4,118,2
2031,2026-06-16 15:00:16+05:30,3139.3,12,3135.06,3123752,122784.0,197563.0,3163.0,3163.0,3108.0,3134.3,31873800,3447.7,2820.9,3839.9,2896.0,3139.2,16,1,3139.0,107,3,3138.8,200,1,3138.7,23,2,3138.6,112,3,3139.3,87,5,3139.9,22,1,3140.0,51,3,3140.1,2,1,3140.2,15,1
2031,2026-06-16 15:00:17+05:30,3139.0,34,3135.06,3123752,122784.0,197563.0,3163.0,3163.0,3108.0,3134.3,31873800,3447.7,2820.9,3839.9,2896.0,3139.2,16,1,3139.0,107,3,3138.8,200,1,3138.7,23,2,3138.6,112,3,3139.3,87,5,3139.9,22,1,3140.0,51,3,3140.1,2,1,3140.2,15,1
2031,2026-06-16 15:00:17+05:30,3139.0,34,3135.06,3123872,122544.0,198772.0,3163.0,3163.0,3108.0,3134.3,31873800,3447.7,2820.9,3839.9,2896.0,3139.0,18,3,3138.8,200,1,3138.6,7,1,3138.5,21,1,3138.4,4,2,3139.1,138,10,3139.2,62,5,3139.3,752,5,3139.4,65,2,3139.5,20,1
2031,2026-06-16 15:00:18+05:30,3138.2,24,3135.06,3123872,122544.0,198772.0,3163.0,3163.0,3108.0,3134.3,31873800,3447.7,2820.9,3839.9,2896.0,3139.0,18,3,3138.8,200,1,3138.6,7,1,3138.5,21,1,3138.4,4,2,3139.1,138,10,3139.2,62,5,3139.3,752,5,3139.4,65,2,3139.5,20,1
2031,2026-06-16 15:00:18+05:30,3138.0,45,3135.06,3124326,121749.0,198742.0,3163.0,3163.0,3108.0,3134.3,31873800,3447.7,2820.9,3839.9,2896.0,3138.0,398,10,3137.7,22,1,3137.6,18,1,3137.5,158,5,3137.4,74,3,3138.4,13,5,3138.5,29,1,3138.7,38,2,3138.8,51,3,3139.0,1,1
2031,2026-06-16 15:00:19+05:30,3138.6,1,3135.06,3124326,121749.0,198742.0,3163.0,3163.0,3108.0,3134.3,31873800,3447.7,2820.9,3839.9,2896.0,3138.0,398,10,3137.7,22,1,3137.6,18,1,3137.5,158,5,3137.4,74,3,3138.4,13,5,3138.5,29,1,3138.7,38,2,3138.8,51,3,3139.0,1,1
2031,2026-06-16 15:00:19+05:30,3138.6,1,3135.06,3124518,123580.0,198348.0,3163.0,3163.0,3108.0,3134.3,31873800,3447.7,2820.9,3839.9,2896.0,3138.6,20,3,3138.5,36,3,3138.4,24,2,3138.2,6,3,3138.1,107,3,3139.0,1,1,3139.1,85,4,3139.2,81,7,3139.3,1273,8,3139.5,274,2
2031,2026-06-16 15:00:20+05:30,3139.1,8,3135.06,3124518,123580.0,198348.0,3163.0,3163.0,3108.0,3134.3,31873800,3447.7,2820.9,3839.9,2896.0,3138.6,20,3,3138.5,36,3,3138.4,24,2,3138.2,6,3,3138.1,107,3,3139.0,1,1,3139.1,85,4,3139.2,81,7,3139.3,1273,8,3139.5,274,2
2031,2026-06-16 15:00:20+05:30,3138.9,16,3135.06,3124942,124699.0,197756.0,3163.0,3163.0,3108.0,3134.3,31873800,3447.7,2820.9,3839.9,2896.0,3138.9,10,2,3138.8,24,3,3138.7,35,2,3138.6,125,1,3138.5,71,4,3139.1,3,1,3139.2,56,4,3139.3,717,5,3140.0,75,2,3140.2,391,2
2031,2026-06-16 15:00:21+05:30,3138.9,1,3135.06,3124942,124699.0,197756.0,3163.0,3163.0,3108.0,3134.3,31873800,3447.7,2820.9,3839.9,2896.0,3138.9,10,2,3138.8,24,3,3138.7,35,2,3138.6,125,1,3138.5,71,4,3139.1,3,1,3139.2,56,4,3139.3,717,5,3140.0,75,2,3140.2,391,2
2031,2026-06-16 15:00:21+05:30,3138.7,27,3135.06,3125556,124070.0,198363.0,3163.0,3163.0,3108.0,3134.3,31873800,3447.7,2820.9,3839.9,2896.0,3138.7,22,1,3138.6,97,1,3138.5,32,2,3138.3,1,1,3138.2,19,3,3138.9,25,4,3139.0,344,8,3139.1,12,1,3139.2,16,1,3139.3,38,1
2031,2026-06-16 15:00:22+05:30,3138.7,23,3135.06,3125556,124070.0,198363.0,3163.0,3163.0,3108.0,3134.3,31873800,3447.7,2820.9,3839.9,2896.0,3138.7,22,1,3138.6,97,1,3138.5,32,2,3138.3,1,1,3138.2,19,3,3138.9,25,4,3139.0,344,8,3139.1,12,1,3139.2,16,1,3139.3,38,1
2031,2026-06-16 15:00:22+05:30,3138.7,14,3135.06,3125784,123727.0,198341.0,3163.0,3163.0,3108.0,3134.3,31873800,3447.7,2820.9,3839.9,2896.0,3138.7,3,1,3138.6,97,1,3138.4,1,1,3138.2,18,2,3138.1,209,2,3138.8,207,6,3138.9,68,7,3139.0,255,3,3139.1,12,1,3139.4,28,1
2031,2026-06-16 15:00:23+05:30,3138.6,2,3135.06,3125784,123727.0,198341.0,3163.0,3163.0,3108.0,3134.3,31873800,3447.7,2820.9,3839.9,2896.0,3138.7,3,1,3138.6,97,1,3138.4,1,1,3138.2,18,2,3138.1,209,2,3138.8,207,6,3138.9,68,7,3139.0,255,3,3139.1,12,1,3139.4,28,1
2031,2026-06-16 15:00:23+05:30,3139.1,43,3135.06,3126627,125813.0,196823.0,3163.0,3163.0,3108.0,3134.3,31873800,3447.7,2820.9,3839.9,2896.0,3139.2,84,7,3139.1,95,7,3139.0,69,5,3138.9,260,7,3138.8,101,6,3139.8,11,1,3140.0,17,1,3140.3,599,4,3140.5,200,1,3140.6,489,4
2031,2026-06-16 15:00:24+05:30,3139.1,43,3135.06,3126627,125813.0,196823.0,3163.0,3163.0,3108.0,3134.3,31873800,3447.7,2820.9,3839.9,2896.0,3139.2,84,7,3139.1,95,7,3139.0,69,5,3138.9,260,7,3138.8,101,6,3139.8,11,1,3140.0,17,1,3140.3,599,4,3140.5,200,1,3140.6,489,4
2031,2026-06-16 15:00:25+05:30,3139.5,7,3135.06,3126757,124803.0,196346.0,3163.0,3163.0,3108.0,3134.3,31873800,3447.7,2820.9,3839.9,2896.0,3139.1,51,6,3139.0,42,3,3138.9,23,3,3138.8,108,7,3138.7,39,3,3139.4,77,4,3139.5,32,2,3139.8,21,3,3140.3,599,4,3140.5,200,1
2031,2026-06-16 15:00:25+05:30,3139.4,1,3135.06,3126757,124803.0,196346.0,3163.0,3163.0,3108.0,3134.3,31873800,3447.7,2820.9,3839.9,2896.0,3139.1,51,6,3139.0,42,3,3138.9,23,3,3138.8,108,7,3138.7,39,3,3139.4,77,4,3139.5,32,2,3139.8,21,3,3140.3,599,4,3140.5,200,1
2031,2026-06-16 15:00:26+05:30,3139.3,5,3135.06,3127246,125779.0,196364.0,3163.0,3163.0,3108.0,3134.3,31873800,3447.7,2820.9,3839.9,2896.0,3139.2,56,7,3139.1,43,6,3139.0,262,5,3138.9,40,3,3138.8,218,8,3139.4,29,1,3139.5,17,1,3139.8,11,1,3140.7,599,4,3140.9,274,2
2031,2026-06-16 15:00:26+05:30,3139.3,5,3135.06,3127246,125779.0,196364.0,3163.0,3163.0,3108.0,3134.3,31873800,3447.7,2820.9,3839.9,2896.0,3139.2,56,7,3139.1,43,6,3139.0,262,5,3138.9,40,3,3138.8,218,8,3139.4,29,1,3139.5,17,1,3139.8,11,1,3140.7,599,4,3140.9,274,2
2031,2026-06-16 15:00:27+05:30,3139.5,37,3135.06,3127671,126642.0,195916.0,3163.0,3163.0,3108.0,3134.3,31873800,3447.7,2820.9,3839.9,2896.0,3139.5,77,7,3139.4,9,1,3139.3,179,3,3139.2,214,8,3139.1,96,6,3139.8,11,1,3139.9,66,4,3140.7,599,4,3140.9,274,2,3141.0,399,2
2031,2026-06-16 15:00:27+05:30,3139.5,37,3135.06,3127671,126642.0,195916.0,3163.0,3163.0,3108.0,3134.3,31873800,3447.7,2820.9,3839.9,2896.0,3139.5,77,7,3139.4,9,1,3139.3,179,3,3139.2,214,8,3139.1,96,6,3139.8,11,1,3139.9,66,4,3140.7,599,4,3140.9,274,2,3141.0,399,2
2031,2026-06-16 15:00:28+05:30,3139.8,1,3135.06,3127867,126977.0,196344.0,3163.0,3163.0,3108.0,3134.3,31873800,3447.7,2820.9,3839.9,2896.0,3139.6,18,2,3139.5,66,5,3139.4,27,2,3139.3,15,3,3139.2,147,6,3139.8,77,3,3139.9,34,2,3140.7,525,3,3140.9,200,1,3141.0,473,3
2031,2026-06-16 15:00:28+05:30,3139.8,1,3135.06,3127867,126977.0,196344.0,3163.0,3163.0,3108.0,3134.3,31873800,3447.7,2820.9,3839.9,2896.0,3139.6,18,2,3139.5,66,5,3139.4,27,2,3139.3,15,3,3139.2,147,6,3139.8,77,3,3139.9,34,2,3140.7,525,3,3140.9,200,1,3141.0,473,3
2031,2026-06-16 15:00:29+05:30,3139.7,56,3135.06,3127867,126977.0,196344.0,3163.0,3163.0,3108.0,3134.3,31873800,3447.7,2820.9,3839.9,2896.0,3139.6,18,2,3139.5,66,5,3139.4,27,2,3139.3,15,3,3139.2,147,6,3139.8,77,3,3139.9,34,2,3140.7,525,3,3140.9,200,1,3141.0,473,3
2031,2026-06-16 15:00:29+05:30,3139.7,56,3135.06,3128333,128114.0,195793.0,3163.0,3163.0,3108.0,3134.3,31873800,3447.7,2820.9,3839.9,2896.0,3139.8,37,1,3139.7,21,1,3139.6,44,2,3139.5,197,8,3139.4,27,2,3140.6,34,2,3140.7,559,5,3140.8,32,1,3140.9,274,2,3141.0,439,3
2031,2026-06-16 15:00:30+05:30,3139.7,10,3135.06,3128333,128114.0,195793.0,3163.0,3163.0,3108.0,3134.3,31873800,3447.7,2820.9,3839.9,2896.0,3139.8,37,1,3139.7,21,1,3139.6,44,2,3139.5,197,8,3139.4,27,2,3140.6,34,2,3140.7,559,5,3140.8,32,1,3140.9,274,2,3141.0,439,3
2031,2026-06-16 15:00:30+05:30,3139.7,10,3135.06,3128577,127608.0,196657.0,3163.0,3163.0,3108.0,3134.3,31873800,3447.7,2820.9,3839.9,2896.0,3140.3,26,1,3140.2,13,1,3140.1,5,1,3139.9,20,3,3139.8,88,3,3140.6,164,12,3140.7,571,5,3140.9,305,3,3141.0,399,2,3141.1,200,1
2031,2026-06-16 15:00:31+05:30,3140.4,13,3135.06,3128577,127608.0,196657.0,3163.0,3163.0,3108.0,3134.3,31873800,3447.7,2820.9,3839.9,2896.0,3140.3,26,1,3140.2,13,1,3140.1,5,1,3139.9,20,3,3139.8,88,3,3140.6,164,12,3140.7,571,5,3140.9,305,3,3141.0,399,2,3141.1,200,1
2031,2026-06-16 15:00:31+05:30,3140.4,13,3135.06,3128760,128151.0,196190.0,3163.0,3163.0,3108.0,3134.3,31873800,3447.7,2820.9,3839.9,2896.0,3140.3,50,1,3140.0,18,1,3139.9,56,5,3139.8,118,5,3139.7,22,1,3140.4,76,6,3140.6,14,5,3140.7,539,4,3140.8,20,1,3140.9,200,1
2031,2026-06-16 15:00:32+05:30,3140.3,32,3135.06,3128760,128151.0,196190.0,3163.0,3163.0,3108.0,3134.3,31873800,3447.7,2820.9,3839.9,2896.0,3140.3,50,1,3140.0,18,1,3139.9,56,5,3139.8,118,5,3139.7,22,1,3140.4,76,6,3140.6,14,5,3140.7,539,4,3140.8,20,1,3140.9,200,1
2031,2026-06-16 15:00:32+05:30,3140.4,4,3135.07,3128924,127962.0,196242.0,3163.0,3163.0,3108.0,3134.3,31873800,3447.7,2820.9,3839.9,2896.0,3140.4,2,1,3140.3,19,2,3140.0,1,1,3139.9,37,4,3139.8,103,4,3140.5,105,6,3140.6,23,5,3140.7,539,4,3140.8,20,1,3140.9,285,3
2031,2026-06-16 15:00:33+05:30,3140.4,9,3135.07,3128924,127962.0,196242.0,3163.0,3163.0,3108.0,3134.3,31873800,3447.7,2820.9,3839.9,2896.0,3140.4,2,1,3140.3,19,2,3140.0,1,1,3139.9,37,4,3139.8,103,4,3140.5,105,6,3140.6,23,5,3140.7,539,4,3140.8,20,1,3140.9,285,3
2031,2026-06-16 15:00:33+05:30,3140.4,9,3135.07,3128981,127943.0,196609.0,3163.0,3163.0,3108.0,3134.3,31873800,3447.7,2820.9,3839.9,2896.0,3140.3,50,2,3140.2,17,1,3140.0,1,1,3139.9,20,3,3139.8,56,3,3140.4,108,10,3140.5,130,6,3140.6,446,6,3140.7,134,1,3140.8,326,4
2031,2026-06-16 15:00:34+05:30,3140.2,58,3135.07,3128981,127943.0,196609.0,3163.0,3163.0,3108.0,3134.3,31873800,3447.7,2820.9,3839.9,2896.0,3140.3,50,2,3140.2,17,1,3140.0,1,1,3139.9,20,3,3139.8,56,3,3140.4,108,10,3140.5,130,6,3140.6,446,6,3140.7,134,1,3140.8,326,4
2031,2026-06-16 15:00:34+05:30,3140.3,40,3135.07,3129143,127739.0,196823.0,3163.0,3163.0,3108.0,3134.3,31873800,3447.7,2820.9,3839.9,2896.0,3140.2,18,2,3139.9,37,5,3139.8,56,3,3139.7,15,1,3139.6,14,2,3140.3,317,8,3140.4,111,9,3140.5,50,2,3140.6,446,6,3140.7,134,1
2031,2026-06-16 15:00:35+05:30,3140.2,39,3135.07,3129143,127739.0,196823.0,3163.0,3163.0,3108.0,3134.3,31873800,3447.7,2820.9,3839.9,2896.0,3140.2,18,2,3139.9,37,5,3139.8,56,3,3139.7,15,1,3139.6,14,2,3140.3,317,8,3140.4,111,9,3140.5,50,2,3140.6,446,6,3140.7,134,1
2031,2026-06-16 15:00:35+05:30,3139.9,32,3135.07,3129765,126869.0,196940.0,3163.0,3163.0,3108.0,3134.3,31873800,3447.7,2820.9,3839.9,2896.0,3139.9,31,2,3139.8,56,3,3139.7,16,2,3139.6,14,2,3139.5,56,2,3140.0,233,3,3140.2,32,1,3140.3,173,7,3140.4,113,8,3140.6,97,3
2031,2026-06-16 15:00:36+05:30,3139.9,1,3135.07,3129765,126869.0,196940.0,3163.0,3163.0,3108.0,3134.3,31873800,3447.7,2820.9,3839.9,2896.0,3139.9,31,2,3139.8,56,3,3139.7,16,2,3139.6,14,2,3139.5,56,2,3140.0,233,3,3140.2,32,1,3140.3,173,7,3140.4,113,8,3140.6,97,3
2031,2026-06-16 15:00:36+05:30,3139.9,8,3135.07,3130152,126679.0,196864.0,3163.0,3163.0,3108.0,3134.3,31873800,3447.7,2820.9,3839.9,2896.0,3139.9,58,3,3139.8,56,3,3139.7,16,2,3139.6,14,2,3139.5,56,2,3140.0,193,11,3140.1,8,1,3140.2,14,1,3140.3,224,7,3140.4,64,4
2031,2026-06-16 15:00:37+05:30,3139.9,8,3135.07,3130152,126679.0,196864.0,3163.0,3163.0,3108.0,3134.3,31873800,3447.7,2820.9,3839.9,2896.0,3139.9,58,3,3139.8,56,3,3139.7,16,2,3139.6,14,2,3139.5,56,2,3140.0,193,11,3140.1,8,1,3140.2,14,1,3140.3,224,7,3140.4,64,4
2031,2026-06-16 15:00:38+05:30,3139.9,34,3135.07,3130203,127262.0,196937.0,3163.0,3163.0,3108.0,3134.3,31873800,3447.7,2820.9,3839.9,2896.0,3139.9,182,4,3139.8,42,3,3139.7,15,1,3139.6,14,2,3139.5,56,2,3140.0,325,16,3140.2,14,1,3140.3,137,5,3140.4,11,3,3140.5,24,1
2031,2026-06-16 15:00:38+05:30,3139.9,51,3135.07,3130203,127262.0,196937.0,3163.0,3163.0,3108.0,3134.3,31873800,3447.7,2820.9,3839.9,2896.0,3139.9,182,4,3139.8,42,3,3139.7,15,1,3139.6,14,2,3139.5,56,2,3140.0,325,16,3140.2,14,1,3140.3,137,5,3140.4,11,3,3140.5,24,1
2031,2026-06-16 15:00:39+05:30,3139.8,1,3135.07,3130631,126633.0,197025.0,3163.0,3163.0,3108.0,3134.3,31873800,3447.7,2820.9,3839.9,2896.0,3139.7,25,3,3139.6,14,2,3139.5,56,2,3139.2,14,1,3139.1,77,5,3139.8,63,3,3139.9,17,1,3140.0,325,17,3140.2,26,2,3140.3,105,3
2031,2026-06-16 15:00:39+05:30,3139.9,13,3135.07,3130631,126633.0,197025.0,3163.0,3163.0,3108.0,3134.3,31873800,3447.7,2820.9,3839.9,2896.0,3139.7,25,3,3139.6,14,2,3139.5,56,2,3139.2,14,1,3139.1,77,5,3139.8,63,3,3139.9,17,1,3140.0,325,17,3140.2,26,2,3140.3,105,3
2031,2026-06-16 15:00:40+05:30,3139.8,1,3135.07,3131413,127822.0,195973.0,3163.0,3163.0,3108.0,3134.3,31873800,3447.7,2820.9,3839.9,2896.0,3139.8,83,6,3139.7,84,9,3139.6,79,5,3139.5,163,7,3139.4,115,3,3140.7,518,3,3140.8,32,1,3140.9,200,1,3141.0,283,3,3141.1,200,1
2031,2026-06-16 15:00:40+05:30,3139.8,1,3135.07,3131413,127822.0,195973.0,3163.0,3163.0,3108.0,3134.3,31873800,3447.7,2820.9,3839.9,2896.0,3139.8,83,6,3139.7,84,9,3139.6,79,5,3139.5,163,7,3139.4,115,3,3140.7,518,3,3140.8,32,1,3140.9,200,1,3141.0,283,3,3141.1,200,1
2031,2026-06-16 15:00:41+05:30,3139.8,1,3135.07,3131413,127822.0,195973.0,3163.0,3163.0,3108.0,3134.3,31873800,3447.7,2820.9,3839.9,2896.0,3139.8,83,6,3139.7,84,9,3139.6,79,5,3139.5,163,7,3139.4,115,3,3140.7,518,3,3140.8,32,1,3140.9,200,1,3141.0,283,3,3141.1,200,1
2031,2026-06-16 15:00:41+05:30,3139.7,18,3135.07,3131565,127499.0,196759.0,3163.0,3163.0,3108.0,3134.3,31873800,3447.7,2820.9,3839.9,2896.0,3140.2,5,2,3139.8,42,2,3139.7,20,1,3139.6,14,2,3139.5,117,6,3140.7,760,13,3140.8,95,4,3140.9,244,3,3141.0,363,4,3141.1,235,2
2031,2026-06-16 15:00:41+05:30,3139.7,18,3135.07,3131565,127499.0,196759.0,3163.0,3163.0,3108.0,3134.3,31873800,3447.7,2820.9,3839.9,2896.0,3140.2,5,2,3139.8,42,2,3139.7,20,1,3139.6,14,2,3139.5,117,6,3140.7,760,13,3140.8,95,4,3140.9,244,3,3141.0,363,4,3141.1,235,2
2031,2026-06-16 15:00:42+05:30,3140.6,1,3135.07,3131565,127499.0,196759.0,3163.0,3163.0,3108.0,3134.3,31873800,3447.7,2820.9,3839.9,2896.0,3140.2,5,2,3139.8,42,2,3139.7,20,1,3139.6,14,2,3139.5,117,6,3140.7,760,13,3140.8,95,4,3140.9,244,3,3141.0,363,4,3141.1,235,2
2031,2026-06-16 15:00:42+05:30,3140.6,1,3135.07,3131566,127288.0,197317.0,3163.0,3163.0,3108.0,3134.3,31873800,3447.7,2820.9,3839.9,2896.0,3140.2,7,2,3139.8,40,2,3139.6,14,2,3139.5,117,6,3139.4,18,1,3140.3,246,8,3140.4,55,1,3140.5,12,1,3140.6,113,3,3140.7,847,17
2031,2026-06-16 15:00:43+05:30,3140.6,1,3135.07,3131566,127288.0,197317.0,3163.0,3163.0,3108.0,3134.3,31873800,3447.7,2820.9,3839.9,2896.0,3140.2,7,2,3139.8,40,2,3139.6,14,2,3139.5,117,6,3139.4,18,1,3140.3,246,8,3140.4,55,1,3140.5,12,1,3140.6,113,3,3140.7,847,17
2031,2026-06-16 15:00:43+05:30,3139.9,26,3135.07,3131566,127288.0,197317.0,3163.0,3163.0,3108.0,3134.3,31873800,3447.7,2820.9,3839.9,2896.0,3140.2,7,2,3139.8,40,2,3139.6,14,2,3139.5,117,6,3139.4,18,1,3140.3,246,8,3140.4,55,1,3140.5,12,1,3140.6,113,3,3140.7,847,17
2031,2026-06-16 15:00:43+05:30,3139.9,26,3135.07,3131914,127080.0,197343.0,3163.0,3163.0,3108.0,3134.3,31873800,3447.7,2820.9,3839.9,2896.0,3139.6,88,6,3139.5,95,5,3139.4,43,2,3139.3,49,3,3139.2,40,3,3140.1,28,1,3140.2,1,1,3140.3,161,6,3140.4,3,1,3140.5,7,1
2031,2026-06-16 15:00:44+05:30,3140.5,9,3135.07,3131914,127080.0,197343.0,3163.0,3163.0,3108.0,3134.3,31873800,3447.7,2820.9,3839.9,2896.0,3139.6,88,6,3139.5,95,5,3139.4,43,2,3139.3,49,3,3139.2,40,3,3140.1,28,1,3140.2,1,1,3140.3,161,6,3140.4,3,1,3140.5,7,1
2031,2026-06-16 15:00:44+05:30,3140.1,24,3135.07,3134358,128895.0,193518.0,3163.0,3163.0,3108.0,3134.3,31873800,3447.7,2820.9,3839.9,2896.0,3140.1,56,2,3140.0,108,3,3139.9,89,4,3139.8,75,2,3139.7,67,4,3141.1,29,2,3141.2,40,2,3141.3,95,3,3141.4,92,3,3141.5,38,2
2031,2026-06-16 15:00:45+05:30,3140.8,32,3135.07,3134358,128895.0,193518.0,3163.0,3163.0,3108.0,3134.3,31873800,3447.7,2820.9,3839.9,2896.0,3140.1,56,2,3140.0,108,3,3139.9,89,4,3139.8,75,2,3139.7,67,4,3141.1,29,2,3141.2,40,2,3141.3,95,3,3141.4,92,3,3141.5,38,2
2031,2026-06-16 15:00:45+05:30,3140.1,65,3135.07,3134676,128431.0,195173.0,3163.0,3163.0,3108.0,3134.3,31873800,3447.7,2820.9,3839.9,2896.0,3140.1,82,2,3140.0,3,2,3139.9,24,2,3139.8,121,3,3139.7,38,2,3140.9,17,1,3141.0,41,3,3141.1,85,6,3141.2,39,2,3141.3,90,3
2031,2026-06-16 15:00:45+05:30,3140.1,65,3135.07,3134676,128431.0,195173.0,3163.0,3163.0,3108.0,3134.3,31873800,3447.7,2820.9,3839.9,2896.0,3140.1,82,2,3140.0,3,2,3139.9,24,2,3139.8,121,3,3139.7,38,2,3140.9,17,1,3141.0,41,3,3141.1,85,6,3141.2,39,2,3141.3,90,3
2031,2026-06-16 15:00:46+05:30,3140.1,19,3135.07,3134676,128431.0,195173.0,3163.0,3163.0,3108.0,3134.3,31873800,3447.7,2820.9,3839.9,2896.0,3140.1,82,2,3140.0,3,2,3139.9,24,2,3139.8,121,3,3139.7,38,2,3140.9,17,1,3141.0,41,3,3141.1,85,6,3141.2,39,2,3141.3,90,3
2031,2026-06-16 15:00:46+05:30,3140.1,19,3135.07,3134695,127708.0,196631.0,3163.0,3163.0,3108.0,3134.3,31873800,3447.7,2820.9,3839.9,2896.0,3140.1,104,4,3140.0,120,4,3139.9,3,1,3139.7,15,1,3139.6,46,5,3140.3,171,7,3140.8,16,1,3140.9,17,2,3141.0,97,3,3141.1,22,2
2031,2026-06-16 15:00:47+05:30,3140.1,26,3135.07,3134695,127708.0,196631.0,3163.0,3163.0,3108.0,3134.3,31873800,3447.7,2820.9,3839.9,2896.0,3140.1,104,4,3140.0,120,4,3139.9,3,1,3139.7,15,1,3139.6,46,5,3140.3,171,7,3140.8,16,1,3140.9,17,2,3141.0,97,3,3141.1,22,2
2031,2026-06-16 15:00:47+05:30,3140.1,24,3135.08,3134990,128012.0,195800.0,3163.0,3163.0,3108.0,3134.3,31873800,3447.7,2820.9,3839.9,2896.0,3140.1,116,3,3140.0,108,4,3139.9,3,1,3139.7,31,2,3139.6,15,3,3140.2,49,4,3140.3,108,7,3140.5,10,1,3140.9,44,1,3141.0,90,2
2031,2026-06-16 15:00:48+05:30,3140.1,24,3135.08,3134990,128012.0,195800.0,3163.0,3163.0,3108.0,3134.3,31873800,3447.7,2820.9,3839.9,2896.0,3140.1,116,3,3140.0,108,4,3139.9,3,1,3139.7,31,2,3139.6,15,3,3140.2,49,4,3140.3,108,7,3140.5,10,1,3140.9,44,1,3141.0,90,2
2031,2026-06-16 15:00:48+05:30,3140.1,2,3135.08,3134990,128012.0,195800.0,3163.0,3163.0,3108.0,3134.3,31873800,3447.7,2820.9,3839.9,2896.0,3140.1,116,3,3140.0,108,4,3139.9,3,1,3139.7,31,2,3139.6,15,3,3140.2,49,4,3140.3,108,7,3140.5,10,1,3140.9,44,1,3141.0,90,2
2031,2026-06-16 15:00:48+05:30,3140.2,1,3135.08,3134993,127980.0,195872.0,3163.0,3163.0,3108.0,3134.3,31873800,3447.7,2820.9,3839.9,2896.0,3140.1,131,5,3140.0,103,3,3139.9,20,2,3139.6,15,3,3139.5,216,7,3140.2,158,11,3140.3,53,3,3140.5,10,1,3141.0,90,2,3141.1,45,1
2031,2026-06-16 15:00:49+05:30,3140.1,5,3135.08,3134993,127980.0,195872.0,3163.0,3163.0,3108.0,3134.3,31873800,3447.7,2820.9,3839.9,2896.0,3140.1,131,5,3140.0,103,3,3139.9,20,2,3139.6,15,3,3139.5,216,7,3140.2,158,11,3140.3,53,3,3140.5,10,1,3141.0,90,2,3141.1,45,1
2031,2026-06-16 15:00:49+05:30,3140.1,14,3135.08,3135278,127972.0,195914.0,3163.0,3163.0,3108.0,3134.3,31873800,3447.7,2820.9,3839.9,2896.0,3140.0,169,6,3139.6,14,2,3139.5,162,5,3139.4,8,2,3139.3,113,4,3140.1,23,1,3140.2,89,8,3140.3,33,2,3140.5,10,1,3140.9,38,1
2031,2026-06-16 15:00:50+05:30,3140.1,7,3135.08,3135278,127972.0,195914.0,3163.0,3163.0,3108.0,3134.3,31873800,3447.7,2820.9,3839.9,2896.0,3140.0,169,6,3139.6,14,2,3139.5,162,5,3139.4,8,2,3139.3,113,4,3140.1,23,1,3140.2,89,8,3140.3,33,2,3140.5,10,1,3140.9,38,1
2031,2026-06-16 15:00:50+05:30,3140.1,7,3135.08,3135278,127972.0,195914.0,3163.0,3163.0,3108.0,3134.3,31873800,3447.7,2820.9,3839.9,2896.0,3140.0,169,6,3139.6,14,2,3139.5,162,5,3139.4,8,2,3139.3,113,4,3140.1,23,1,3140.2,89,8,3140.3,33,2,3140.5,10,1,3140.9,38,1
2031,2026-06-16 15:00:50+05:30,3140.1,2,3135.08,3135293,127718.0,196489.0,3163.0,3163.0,3108.0,3134.3,31873800,3447.7,2820.9,3839.9,2896.0,3140.0,211,8,3139.6,15,3,3139.5,88,4,3139.4,8,2,3139.3,61,2,3140.1,150,9,3140.2,134,8,3140.3,33,2,3140.4,38,1,3140.5,75,3
2031,2026-06-16 15:00:51+05:30,3140.0,2,3135.08,3135293,127718.0,196489.0,3163.0,3163.0,3108.0,3134.3,31873800,3447.7,2820.9,3839.9,2896.0,3140.0,211,8,3139.6,15,3,3139.5,88,4,3139.4,8,2,3139.3,61,2,3140.1,150,9,3140.2,134,8,3140.3,33,2,3140.4,38,1,3140.5,75,3
2031,2026-06-16 15:00:51+05:30,3140.0,11,3135.08,3135817,126409.0,196922.0,3163.0,3163.0,3108.0,3134.3,31873800,3447.7,2820.9,3839.9,2896.0,3139.6,19,3,3139.5,56,2,3139.2,15,2,3139.1,47,3,3139.0,200,1,3139.8,132,5,3139.9,51,3,3140.0,45,3,3140.1,90,4,3140.2,204,6
2031,2026-06-16 15:00:52+05:30,3140.0,11,3135.08,3135817,126409.0,196922.0,3163.0,3163.0,3108.0,3134.3,31873800,3447.7,2820.9,3839.9,2896.0,3139.6,19,3,3139.5,56,2,3139.2,15,2,3139.1,47,3,3139.0,200,1,3139.8,132,5,3139.9,51,3,3140.0,45,3,3140.1,90,4,3140.2,204,6
2031,2026-06-16 15:00:52+05:30,3139.4,25,3135.08,3135817,126409.0,196922.0,3163.0,3163.0,3108.0,3134.3,31873800,3447.7,2820.9,3839.9,2896.0,3139.6,19,3,3139.5,56,2,3139.2,15,2,3139.1,47,3,3139.0,200,1,3139.8,132,5,3139.9,51,3,3140.0,45,3,3140.1,90,4,3140.2,204,6
2031,2026-06-16 15:00:53+05:30,3139.4,5,3135.08,3136166,125216.0,197605.0,3163.0,3163.0,3108.0,3134.3,31873800,3447.7,2820.9,3839.9,2896.0,3139.3,35,3,3139.1,21,1,3139.0,201,2,3138.9,23,2,3138.7,20,1,3139.8,145,5,3139.9,112,4,3140.0,17,1,3140.1,54,5,3140.2,11,2
2031,2026-06-16 15:00:53+05:30,3139.8,17,3135.08,3136166,125216.0,197605.0,3163.0,3163.0,3108.0,3134.3,31873800,3447.7,2820.9,3839.9,2896.0,3139.3,35,3,3139.1,21,1,3139.0,201,2,3138.9,23,2,3138.7,20,1,3139.8,145,5,3139.9,112,4,3140.0,17,1,3140.1,54,5,3140.2,11,2
2031,2026-06-16 15:00:53+05:30,3139.8,17,3135.08,3136166,125216.0,197605.0,3163.0,3163.0,3108.0,3134.3,31873800,3447.7,2820.9,3839.9,2896.0,3139.3,35,3,3139.1,21,1,3139.0,201,2,3138.9,23,2,3138.7,20,1,3139.8,145,5,3139.9,112,4,3140.0,17,1,3140.1,54,5,3140.2,11,2
2031,2026-06-16 15:00:54+05:30,3139.8,6,3135.08,3136494,125455.0,197072.0,3163.0,3163.0,3108.0,3134.3,31873800,3447.7,2820.9,3839.9,2896.0,3139.5,1,1,3139.4,39,2,3139.3,3,1,3139.2,1,1,3139.1,8,1,3139.8,25,4,3139.9,78,2,3140.1,20,3,3140.2,1,1,3140.3,96,2
2031,2026-06-16 15:00:54+05:30,3139.8,6,3135.08,3136494,125455.0,197072.0,3163.0,3163.0,3108.0,3134.3,31873800,3447.7,2820.9,3839.9,2896.0,3139.5,1,1,3139.4,39,2,3139.3,3,1,3139.2,1,1,3139.1,8,1,3139.8,25,4,3139.9,78,2,3140.1,20,3,3140.2,1,1,3140.3,96,2
2031,2026-06-16 15:00:54+05:30,3139.8,6,3135.08,3136494,125455.0,197072.0,3163.0,3163.0,3108.0,3134.3,31873800,3447.7,2820.9,3839.9,2896.0,3139.5,1,1,3139.4,39,2,3139.3,3,1,3139.2,1,1,3139.1,8,1,3139.8,25,4,3139.9,78,2,3140.1,20,3,3140.2,1,1,3140.3,96,2
2031,2026-06-16 15:00:55+05:30,3139.8,6,3135.08,3136494,125455.0,197072.0,3163.0,3163.0,3108.0,3134.3,31873800,3447.7,2820.9,3839.9,2896.0,3139.5,1,1,3139.4,39,2,3139.3,3,1,3139.2,1,1,3139.1,8,1,3139.8,25,4,3139.9,78,2,3140.1,20,3,3140.2,1,1,3140.3,96,2
2031,2026-06-16 15:00:55+05:30,3139.2,1,3135.08,3137120,124588.0,197915.0,3163.0,3163.0,3108.0,3134.3,31873800,3447.7,2820.9,3839.9,2896.0,3139.1,7,2,3139.0,200,1,3138.9,18,1,3138.7,20,1,3138.5,21,1,3139.2,135,6,3139.5,52,1,3139.6,193,1,3139.8,117,6,3139.9,61,1
2031,2026-06-16 15:00:55+05:30,3139.1,6,3135.08,3137120,124588.0,197915.0,3163.0,3163.0,3108.0,3134.3,31873800,3447.7,2820.9,3839.9,2896.0,3139.1,7,2,3139.0,200,1,3138.9,18,1,3138.7,20,1,3138.5,21,1,3139.2,135,6,3139.5,52,1,3139.6,193,1,3139.8,117,6,3139.9,61,1
2031,2026-06-16 15:00:55+05:30,3139.1,6,3135.08,3137120,124588.0,197915.0,3163.0,3163.0,3108.0,3134.3,31873800,3447.7,2820.9,3839.9,2896.0,3139.1,7,2,3139.0,200,1,3138.9,18,1,3138.7,20,1,3138.5,21,1,3139.2,135,6,3139.5,52,1,3139.6,193,1,3139.8,117,6,3139.9,61,1
2031,2026-06-16 15:00:56+05:30,3139.1,6,3135.08,3137120,124588.0,197915.0,3163.0,3163.0,3108.0,3134.3,31873800,3447.7,2820.9,3839.9,2896.0,3139.1,7,2,3139.0,200,1,3138.9,18,1,3138.7,20,1,3138.5,21,1,3139.2,135,6,3139.5,52,1,3139.6,193,1,3139.8,117,6,3139.9,61,1
2031,2026-06-16 15:00:56+05:30,3138.3,10,3135.08,3138080,123143.0,198301.0,3163.0,3163.0,3108.0,3134.3,31873800,3447.7,2820.9,3839.9,2896.0,3139.1,59,2,3138.4,3,2,3138.3,11,1,3138.2,3,1,3138.1,25,1,3139.2,295,7,3139.3,6,3,3139.5,69,3,3139.6,67,2,3139.7,34,3
2031,2026-06-16 15:00:56+05:30,3138.3,10,3135.08,3138080,123143.0,198301.0,3163.0,3163.0,3108.0,3134.3,31873800,3447.7,2820.9,3839.9,2896.0,3139.1,59,2,3138.4,3,2,3138.3,11,1,3138.2,3,1,3138.1,25,1,3139.2,295,7,3139.3,6,3,3139.5,69,3,3139.6,67,2,3139.7,34,3
2031,2026-06-16 15:00:57+05:30,3138.3,10,3135.08,3138080,123143.0,198301.0,3163.0,3163.0,3108.0,3134.3,31873800,3447.7,2820.9,3839.9,2896.0,3139.1,59,2,3138.4,3,2,3138.3,11,1,3138.2,3,1,3138.1,25,1,3139.2,295,7,3139.3,6,3,3139.5,69,3,3139.6,67,2,3139.7,34,3
2031,2026-06-16 15:00:57+05:30,3139.5,5,3135.08,3138080,123143.0,198301.0,3163.0,3163.0,3108.0,3134.3,31873800,3447.7,2820.9,3839.9,2896.0,3139.1,59,2,3138.4,3,2,3138.3,11,1,3138.2,3,1,3138.1,25,1,3139.2,295,7,3139.3,6,3,3139.5,69,3,3139.6,67,2,3139.7,34,3
2031,2026-06-16 15:00:57+05:30,3139.5,5,3135.08,3138555,124425.0,197741.0,3163.0,3163.0,3108.0,3134.3,31873800,3447.7,2820.9,3839.9,2896.0,3139.5,42,3,3139.1,41,1,3138.9,21,2,3138.7,23,2,3138.6,25,1,3139.8,5,2,3139.9,85,5,3140.0,82,3,3140.1,36,3,3140.2,104,4
2031,2026-06-16 15:00:58+05:30,3139.5,5,3135.08,3138555,124425.0,197741.0,3163.0,3163.0,3108.0,3134.3,31873800,3447.7,2820.9,3839.9,2896.0,3139.5,42,3,3139.1,41,1,3138.9,21,2,3138.7,23,2,3138.6,25,1,3139.8,5,2,3139.9,85,5,3140.0,82,3,3140.1,36,3,3140.2,104,4
2031,2026-06-16 15:00:58+05:30,3139.1,23,3135.08,3138555,124425.0,197741.0,3163.0,3163.0,3108.0,3134.3,31873800,3447.7,2820.9,3839.9,2896.0,3139.5,42,3,3139.1,41,1,3138.9,21,2,3138.7,23,2,3138.6,25,1,3139.8,5,2,3139.9,85,5,3140.0,82,3,3140.1,36,3,3140.2,104,4
2031,2026-06-16 15:00:58+05:30,3139.1,23,3135.08,3138614,124246.0,197750.0,3163.0,3163.0,3108.0,3134.3,31873800,3447.7,2820.9,3839.9,2896.0,3139.1,38,3,3138.5,20,1,3138.4,16,1,3138.3,107,4,3138.2,51,3,3139.2,135,6,3139.6,18,1,3139.7,88,2,3139.8,48,6,3139.9,5,1
2031,2026-06-16 15:00:58+05:30,3139.1,23,3135.08,3138614,124246.0,197750.0,3163.0,3163.0,3108.0,3134.3,31873800,3447.7,2820.9,3839.9,2896.0,3139.1,38,3,3138.5,20,1,3138.4,16,1,3138.3,107,4,3138.2,51,3,3139.2,135,6,3139.6,18,1,3139.7,88,2,3139.8,48,6,3139.9,5,1
2031,2026-06-16 15:00:59+05:30,3139.1,20,3135.08,3138614,124246.0,197750.0,3163.0,3163.0,3108.0,3134.3,31873800,3447.7,2820.9,3839.9,2896.0,3139.1,38,3,3138.5,20,1,3138.4,16,1,3138.3,107,4,3138.2,51,3,3139.2,135,6,3139.6,18,1,3139.7,88,2,3139.8,48,6,3139.9,5,1
2031,2026-06-16 15:00:59+05:30,3139.1,16,3135.08,3139468,124331.0,197198.0,3163.0,3163.0,3108.0,3134.3,31873800,3447.7,2820.9,3839.9,2896.0,3139.1,19,1,3138.7,21,1,3138.6,2,1,3138.5,41,3,3138.4,1,1,3139.3,88,2,3139.9,32,1,3140.0,112,2,3140.1,2,1,3140.2,69,4
2031,2026-06-16 15:00:59+05:30,3139.1,16,3135.08,3139468,124331.0,197198.0,3163.0,3163.0,3108.0,3134.3,31873800,3447.7,2820.9,3839.9,2896.0,3139.1,19,1,3138.7,21,1,3138.6,2,1,3138.5,41,3,3138.4,1,1,3139.3,88,2,3139.9,32,1,3140.0,112,2,3140.1,2,1,3140.2,69,4
2031,2026-06-16 15:01:00+05:30,3139.3,17,3135.08,3139468,124331.0,197198.0,3163.0,3163.0,3108.0,3134.3,31873800,3447.7,2820.9,3839.9,2896.0,3139.1,19,1,3138.7,21,1,3138.6,2,1,3138.5,41,3,3138.4,1,1,3139.3,88,2,3139.9,32,1,3140.0,112,2,3140.1,2,1,3140.2,69,4
2031,2026-06-16 15:01:00+05:30,3139.3,17,3135.08,3139468,124331.0,197198.0,3163.0,3163.0,3108.0,3134.3,31873800,3447.7,2820.9,3839.9,2896.0,3139.1,19,1,3138.7,21,1,3138.6,2,1,3138.5,41,3,3138.4,1,1,3139.3,88,2,3139.9,32,1,3140.0,112,2,3140.1,2,1,3140.2,69,4
2031,2026-06-16 15:01:00+05:30,3139.7,1,3135.08,3139924,123739.0,197678.0,3163.0,3163.0,3108.0,3134.3,31873800,3447.7,2820.9,3839.9,2896.0,3139.3,4,1,3138.9,6,2,3138.5,21,1,3138.4,1,1,3138.3,32,2,3139.8,15,1,3139.9,147,6,3140.0,72,4,3140.1,105,7,3140.2,59,3
2031,2026-06-16 15:01:01+05:30,3139.7,1,3135.08,3139924,123739.0,197678.0,3163.0,3163.0,3108.0,3134.3,31873800,3447.7,2820.9,3839.9,2896.0,3139.3,4,1,3138.9,6,2,3138.5,21,1,3138.4,1,1,3138.3,32,2,3139.8,15,1,3139.9,147,6,3140.0,72,4,3140.1,105,7,3140.2,59,3
2031,2026-06-16 15:01:01+05:30,3139.3,5,3135.08,3139924,123739.0,197678.0,3163.0,3163.0,3108.0,3134.3,31873800,3447.7,2820.9,3839.9,2896.0,3139.3,4,1,3138.9,6,2,3138.5,21,1,3138.4,1,1,3138.3,32,2,3139.8,15,1,3139.9,147,6,3140.0,72,4,3140.1,105,7,3140.2,59,3
2031,2026-06-16 15:01:01+05:30,3138.4,3,3135.08,3140154,123717.0,198530.0,3163.0,3163.0,3108.0,3134.3,31873800,3447.7,2820.9,3839.9,2896.0,3138.1,14,1,3138.0,636,8,3137.9,57,2,3137.8,13,1,3137.7,110,3,3138.4,96,4,3138.5,51,3,3139.0,2,1,3139.3,112,2,3139.4,28,2
2031,2026-06-16 15:01:02+05:30,3138.4,3,3135.08,3140154,123717.0,198530.0,3163.0,3163.0,3108.0,3134.3,31876000,3447.7,2820.9,3839.9,2896.0,3138.1,14,1,3138.0,636,8,3137.9,57,2,3137.8,13,1,3137.7,110,3,3138.4,96,4,3138.5,51,3,3139.0,2,1,3139.3,112,2,3139.4,28,2
2031,2026-06-16 15:01:02+05:30,3138.2,16,3135.08,3140154,123717.0,198530.0,3163.0,3163.0,3108.0,3134.3,31876000,3447.7,2820.9,3839.9,2896.0,3138.1,14,1,3138.0,636,8,3137.9,57,2,3137.8,13,1,3137.7,110,3,3138.4,96,4,3138.5,51,3,3139.0,2,1,3139.3,112,2,3139.4,28,2
2031,2026-06-16 15:01:03+05:30,3138.5,20,3135.08,3140474,123957.0,195043.0,3163.0,3163.0,3108.0,3134.3,31876000,3447.7,2820.9,3839.9,2896.0,3138.4,89,7,3138.3,193,3,3138.2,70,3,3138.1,95,6,3138.0,751,16,3139.0,18,2,3139.7,5,1,3139.8,41,2,3140.1,42,3,3140.2,3,2
2031,2026-06-16 15:01:03+05:30,3138.4,2,3135.08,3140474,123957.0,195043.0,3163.0,3163.0,3108.0,3134.3,31876000,3447.7,2820.9,3839.9,2896.0,3138.4,89,7,3138.3,193,3,3138.2,70,3,3138.1,95,6,3138.0,751,16,3139.0,18,2,3139.7,5,1,3139.8,41,2,3140.1,42,3,3140.2,3,2
2031,2026-06-16 15:01:04+05:30,3138.6,7,3135.08,3140546,124369.0,195912.0,3163.0,3163.0,3108.0,3134.3,31876000,3447.7,2820.9,3839.9,2896.0,3138.4,101,8,3138.3,15,3,3138.2,274,3,3138.1,47,2,3138.0,793,17,3138.6,94,6,3138.9,14,1,3139.0,75,5,3139.1,2,1,3139.8,43,3
2031,2026-06-16 15:01:04+05:30,3138.6,7,3135.08,3140546,124369.0,195912.0,3163.0,3163.0,3108.0,3134.3,31876000,3447.7,2820.9,3839.9,2896.0,3138.4,101,8,3138.3,15,3,3138.2,274,3,3138.1,47,2,3138.0,793,17,3138.6,94,6,3138.9,14,1,3139.0,75,5,3139.1,2,1,3139.8,43,3
2031,2026-06-16 15:01:05+05:30,3138.8,3,3135.08,3140776,124848.0,197663.0,3163.0,3163.0,3108.0,3134.3,31876000,3447.7,2820.9,3839.9,2896.0,3138.8,15,3,3138.7,25,1,3138.6,25,1,3138.5,11,2,3138.4,108,5,3139.0,74,4,3139.1,19,2,3139.2,17,1,3139.8,42,2,3140.1,59,3
2031,2026-06-16 15:01:05+05:30,3138.8,7,3135.08,3140776,124848.0,197663.0,3163.0,3163.0,3108.0,3134.3,31876000,3447.7,2820.9,3839.9,2896.0,3138.8,15,3,3138.7,25,1,3138.6,25,1,3138.5,11,2,3138.4,108,5,3139.0,74,4,3139.1,19,2,3139.2,17,1,3139.8,42,2,3140.1,59,3
2031,2026-06-16 15:01:06+05:30,3138.8,1,3135.08,3140871,124295.0,198004.0,3163.0,3163.0,3108.0,3134.3,31876000,3447.7,2820.9,3839.9,2896.0,3138.5,34,3,3138.4,43,1,3138.3,25,1,3138.2,263,4,3138.1,32,2,3138.6,120,7,3138.8,116,1,3138.9,64,1,3139.0,115,6,3139.1,31,1
2031,2026-06-16 15:01:06+05:30,3138.6,10,3135.08,3140871,124295.0,198004.0,3163.0,3163.0,3108.0,3134.3,31876000,3447.7,2820.9,3839.9,2896.0,3138.5,34,3,3138.4,43,1,3138.3,25,1,3138.2,263,4,3138.1,32,2,3138.6,120,7,3138.8,116,1,3138.9,64,1,3139.0,115,6,3139.1,31,1
2031,2026-06-16 15:01:07+05:30,3138.6,17,3135.08,3141113,124360.0,197910.0,3163.0,3163.0,3108.0,3134.3,31876000,3447.7,2820.9,3839.9,2896.0,3138.5,68,4,3138.4,58,2,3138.2,286,5,3138.1,47,3,3138.0,711,13,3138.6,106,7,3138.7,32,1,3138.8,102,2,3138.9,64,1,3139.0,46,4
2031,2026-06-16 15:01:07+05:30,3138.5,19,3135.08,3141113,124360.0,197910.0,3163.0,3163.0,3108.0,3134.3,31876000,3447.7,2820.9,3839.9,2896.0,3138.5,68,4,3138.4,58,2,3138.2,286,5,3138.1,47,3,3138.0,711,13,3138.6,106,7,3138.7,32,1,3138.8,102,2,3138.9,64,1,3139.0,46,4
2031,2026-06-16 15:01:08+05:30,3138.3,17,3135.08,3141113,124360.0,197910.0,3163.0,3163.0,3108.0,3134.3,31876000,3447.7,2820.9,3839.9,2896.0,3138.5,68,4,3138.4,58,2,3138.2,286,5,3138.1,47,3,3138.0,711,13,3138.6,106,7,3138.7,32,1,3138.8,102,2,3138.9,64,1,3139.0,46,4
2031,2026-06-16 15:01:08+05:30,3138.3,17,3135.08,3141461,124199.0,198084.0,3163.0,3163.0,3108.0,3134.3,31876000,3447.7,2820.9,3839.9,2896.0,3138.4,28,2,3138.3,14,1,3138.2,177,3,3138.0,682,11,3137.9,93,4,3138.6,146,7,3138.7,66,3,3138.8,98,1,3138.9,64,1,3139.0,77,3
2031,2026-06-16 15:01:09+05:30,3138.4,8,3135.08,3141461,124199.0,198084.0,3163.0,3163.0,3108.0,3134.3,31876000,3447.7,2820.9,3839.9,2896.0,3138.4,28,2,3138.3,14,1,3138.2,177,3,3138.0,682,11,3137.9,93,4,3138.6,146,7,3138.7,66,3,3138.8,98,1,3138.9,64,1,3139.0,77,3
2031,2026-06-16 15:01:09+05:30,3138.4,8,3135.08,3141469,124065.0,197799.0,3163.0,3163.0,3108.0,3134.3,31876000,3447.7,2820.9,3839.9,2896.0,3138.4,43,4,3138.3,14,1,3138.2,155,1,3138.0,650,9,3137.9,36,2,3138.5,137,9,3138.6,173,7,3138.8,98,1,3138.9,125,2,3139.0,16,2
2031,2026-06-16 15:01:10+05:30,3138.5,29,3135.08,3141469,124065.0,197799.0,3163.0,3163.0,3108.0,3134.3,31876000,3447.7,2820.9,3839.9,2896.0,3138.4,43,4,3138.3,14,1,3138.2,155,1,3138.0,650,9,3137.9,36,2,3138.5,137,9,3138.6,173,7,3138.8,98,1,3138.9,125,2,3139.0,16,2
2031,2026-06-16 15:01:10+05:30,3138.5,29,3135.08,3141662,124103.0,198134.0,3163.0,3163.0,3108.0,3134.3,31876000,3447.7,2820.9,3839.9,2896.0,3138.4,39,2,3138.2,155,1,3138.0,652,9,3137.9,36,2,3137.7,41,3,3138.5,257,12,3138.6,140,5,3138.8,98,1,3139.0,16,2,3139.2,155,2
2031,2026-06-16 15:01:11+05:30,3138.2,17,3135.08,3141662,124103.0,198134.0,3163.0,3163.0,3108.0,3134.3,31876000,3447.7,2820.9,3839.9,2896.0,3138.4,39,2,3138.2,155,1,3138.0,652,9,3137.9,36,2,3137.7,41,3,3138.5,257,12,3138.6,140,5,3138.8,98,1,3139.0,16,2,3139.2,155,2
2031,2026-06-16 15:01:11+05:30,3138.5,5,3135.08,3141990,123993.0,197669.0,3163.0,3163.0,3108.0,3134.3,31876000,3447.7,2820.9,3839.9,2896.0,3138.4,17,1,3138.2,2,1,3138.0,637,9,3137.9,36,2,3137.8,15,1,3138.5,192,12,3138.6,106,3,3138.8,98,1,3139.0,14,1,3139.1,88,2
2031,2026-06-16 15:01:12+05:30,3138.4,17,3135.08,3141990,123993.0,197669.0,3163.0,3163.0,3108.0,3134.3,31876000,3447.7,2820.9,3839.9,2896.0,3138.4,17,1,3138.2,2,1,3138.0,637,9,3137.9,36,2,3137.8,15,1,3138.5,192,12,3138.6,106,3,3138.8,98,1,3139.0,14,1,3139.1,88,2
2031,2026-06-16 15:01:12+05:30,3138.3,40,3135.08,3142460,124002.0,197631.0,3163.0,3163.0,3108.0,3134.3,31876000,3447.7,2820.9,3839.9,2896.0,3138.3,44,2,3138.2,2,1,3138.0,672,11,3137.9,36,2,3137.8,26,1,3138.4,68,3,3138.5,196,11,3138.6,110,3,3138.8,98,1,3139.0,14,1
2031,2026-06-16 15:01:13+05:30,3138.3,9,3135.08,3142460,124002.0,197631.0,3163.0,3163.0,3108.0,3134.3,31876000,3447.7,2820.9,3839.9,2896.0,3138.3,44,2,3138.2,2,1,3138.0,672,11,3137.9,36,2,3137.8,26,1,3138.4,68,3,3138.5,196,11,3138.6,110,3,3138.8,98,1,3139.0,14,1
2031,2026-06-16 15:01:13+05:30,3138.2,3,3135.08,3142553,124121.0,197588.0,3163.0,3163.0,3108.0,3134.3,31876000,3447.7,2820.9,3839.9,2896.0,3138.2,9,3,3138.0,636,8,3137.9,37,3,3137.8,11,1,3137.7,24,2,3138.3,121,5,3138.4,91,6,3138.5,135,7,3138.6,90,3,3138.7,19,1
2031,2026-06-16 15:01:14+05:30,3138.1,6,3135.08,3142553,124121.0,197588.0,3163.0,3163.0,3108.0,3134.3,31876000,3447.7,2820.9,3839.9,2896.0,3138.2,9,3,3138.0,636,8,3137.9,37,3,3137.8,11,1,3137.7,24,2,3138.3,121,5,3138.4,91,6,3138.5,135,7,3138.6,90,3,3138.7,19,1
2031,2026-06-16 15:01:14+05:30,3138.0,9,3135.09,3142924,124215.0,197378.0,3163.0,3163.0,3108.0,3134.3,31876000,3447.7,2820.9,3839.9,2896.0,3138.1,14,2,3138.0,581,7,3137.9,14,1,3137.8,1,1,3137.7,24,2,3138.3,39,2,3138.4,216,10,3138.5,87,7,3138.6,90,3,3138.7,19,1
2031,2026-06-16 15:01:15+05:30,3138.1,8,3135.09,3142924,124215.0,197378.0,3163.0,3163.0,3108.0,3134.3,31876000,3447.7,2820.9,3839.9,2896.0,3138.1,14,2,3138.0,581,7,3137.9,14,1,3137.8,1,1,3137.7,24,2,3138.3,39,2,3138.4,216,10,3138.5,87,7,3138.6,90,3,3138.7,19,1
2031,2026-06-16 15:01:15+05:30,3138.1,43,3135.09,3143126,120364.0,195200.0,3163.0,3163.0,3108.0,3134.3,31876000,3447.7,2820.9,3839.9,2896.0,3138.0,663,10,3137.8,1,1,3137.5,21,1,3137.4,14,1,3137.3,33,2,3138.1,272,7,3138.2,32,1,3138.3,151,7,3138.4,170,8,3138.5,51,5
2031,2026-06-16 15:01:16+05:30,3138.0,23,3135.09,3143126,120364.0,195200.0,3163.0,3163.0,3108.0,3134.3,31876000,3447.7,2820.9,3839.9,2896.0,3138.0,663,10,3137.8,1,1,3137.5,21,1,3137.4,14,1,3137.3,33,2,3138.1,272,7,3138.2,32,1,3138.3,151,7,3138.4,170,8,3138.5,51,5
2031,2026-06-16 15:01:17+05:30,3138.0,14,3135.09,3143592,120271.0,195614.0,3163.0,3163.0,3108.0,3134.3,31876000,3447.7,2820.9,3839.9,2896.0,3138.0,435,9,3137.8,1,1,3137.5,75,2,3137.4,14,1,3137.3,107,3,3138.1,182,11,3138.2,32,1,3138.3,128,5,3138.4,95,5,3138.5,67,2
2031,2026-06-16 15:01:17+05:30,3138.1,4,3135.09,3143592,120271.0,195614.0,3163.0,3163.0,3108.0,3134.3,31876000,3447.7,2820.9,3839.9,2896.0,3138.0,435,9,3137.8,1,1,3137.5,75,2,3137.4,14,1,3137.3,107,3,3138.1,182,11,3138.2,32,1,3138.3,128,5,3138.4,95,5,3138.5,67,2
2031,2026-06-16 15:01:18+05:30,3138.0,39,3135.09,3143695,120417.0,193621.0,3163.0,3163.0,3108.0,3134.3,31876000,3447.7,2820.9,3839.9,2896.0,3138.0,362,9,3137.7,46,2,3137.6,233,3,3137.5,88,3,3137.4,66,3,3138.1,281,14,3138.2,32,1,3138.3,92,2,3138.4,88,4,3138.5,8,1
2031,2026-06-16 15:01:18+05:30,3138.0,80,3135.09,3143695,120417.0,193621.0,3163.0,3163.0,3108.0,3134.3,31876000,3447.7,2820.9,3839.9,2896.0,3138.0,362,9,3137.7,46,2,3137.6,233,3,3137.5,88,3,3137.4,66,3,3138.1,281,14,3138.2,32,1,3138.3,92,2,3138.4,88,4,3138.5,8,1
2031,2026-06-16 15:01:19+05:30,3138.0,28,3135.09,3144102,118909.0,196052.0,3163.0,3163.0,3108.0,3134.3,31876000,3447.7,2820.9,3839.9,2896.0,3138.0,48,3,3137.7,20,1,3137.6,40,1,3137.5,21,1,3137.4,14,1,3138.1,396,19,3138.2,32,1,3138.3,103,3,3138.4,133,4,3138.5,27,2
2031,2026-06-16 15:01:19+05:30,3138.0,28,3135.09,3144102,118909.0,196052.0,3163.0,3163.0,3108.0,3134.3,31876000,3447.7,2820.9,3839.9,2896.0,3138.0,48,3,3137.7,20,1,3137.6,40,1,3137.5,21,1,3137.4,14,1,3138.1,396,19,3138.2,32,1,3138.3,103,3,3138.4,133,4,3138.5,27,2
2031,2026-06-16 15:01:20+05:30,3138.0,9,3135.09,3144219,119101.0,194361.0,3163.0,3163.0,3108.0,3134.3,31876000,3447.7,2820.9,3839.9,2896.0,3138.0,34,3,3137.9,2,1,3137.8,238,2,3137.7,29,2,3137.6,40,1,3138.1,360,17,3138.2,61,1,3138.3,92,2,3138.4,140,4,3138.5,27,2
2031,2026-06-16 15:01:20+05:30,3138.0,9,3135.09,3144219,119101.0,194361.0,3163.0,3163.0,3108.0,3134.3,31876000,3447.7,2820.9,3839.9,2896.0,3138.0,34,3,3137.9,2,1,3137.8,238,2,3137.7,29,2,3137.6,40,1,3138.1,360,17,3138.2,61,1,3138.3,92,2,3138.4,140,4,3138.5,27,2
2031,2026-06-16 15:01:21+05:30,3138.1,1,3135.09,3144417,119534.0,194308.0,3163.0,3163.0,3108.0,3134.3,31876000,3447.7,2820.9,3839.9,2896.0,3138.0,77,3,3137.9,2,1,3137.8,238,2,3137.7,20,1,3137.6,41,2,3138.1,405,15,3138.2,61,1,3138.3,92,2,3138.4,140,4,3138.5,27,2
2031,2026-06-16 15:01:21+05:30,3138.0,39,3135.09,3144417,119534.0,194308.0,3163.0,3163.0,3108.0,3134.3,31876000,3447.7,2820.9,3839.9,2896.0,3138.0,77,3,3137.9,2,1,3137.8,238,2,3137.7,20,1,3137.6,41,2,3138.1,405,15,3138.2,61,1,3138.3,92,2,3138.4,140,4,3138.5,27,2
2031,2026-06-16 15:01:22+05:30,3138.0,4,3135.09,3144815,119251.0,194734.0,3163.0,3163.0,3108.0,3134.3,31876000,3447.7,2820.9,3839.9,2896.0,3137.8,227,3,3137.6,40,1,3137.5,21,1,3137.4,15,2,3137.3,33,2,3138.0,505,5,3138.1,409,17,3138.2,111,3,3138.3,92,2,3138.4,518,6
2031,2026-06-16 15:01:22+05:30,3138.0,4,3135.09,3144815,119251.0,194734.0,3163.0,3163.0,3108.0,3134.3,31876000,3447.7,2820.9,3839.9,2896.0,3137.8,227,3,3137.6,40,1,3137.5,21,1,3137.4,15,2,3137.3,33,2,3138.0,505,5,3138.1,409,17,3138.2,111,3,3138.3,92,2,3138.4,518,6
2031,2026-06-16 15:01:23+05:30,3137.8,2,3135.09,3144815,119251.0,194734.0,3163.0,3163.0,3108.0,3134.3,31876000,3447.7,2820.9,3839.9,2896.0,3137.8,227,3,3137.6,40,1,3137.5,21,1,3137.4,15,2,3137.3,33,2,3138.0,505,5,3138.1,409,17,3138.2,111,3,3138.3,92,2,3138.4,518,6
2031,2026-06-16 15:01:23+05:30,3137.8,2,3135.09,3144817,119638.0,194666.0,3163.0,3163.0,3108.0,3134.3,31876000,3447.7,2820.9,3839.9,2896.0,3137.8,229,4,3137.6,40,1,3137.5,22,2,3137.4,14,1,3137.3,33,2,3137.9,73,4,3138.0,585,9,3138.1,323,11,3138.2,10,2,3138.3,128,3
2031,2026-06-16 15:01:24+05:30,3137.9,27,3135.09,3144817,119638.0,194666.0,3163.0,3163.0,3108.0,3134.3,31876000,3447.7,2820.9,3839.9,2896.0,3137.8,229,4,3137.6,40,1,3137.5,22,2,3137.4,14,1,3137.3,33,2,3137.9,73,4,3138.0,585,9,3138.1,323,11,3138.2,10,2,3138.3,128,3
2031,2026-06-16 15:01:24+05:30,3137.9,27,3135.09,3144887,119540.0,194014.0,3163.0,3163.0,3108.0,3134.3,31876000,3447.7,2820.9,3839.9,2896.0,3137.8,251,5,3137.6,40,1,3137.5,22,2,3137.4,14,1,3137.3,33,2,3137.9,178,12,3138.0,657,9,3138.1,227,7,3138.2,10,2,3138.4,473,4
2031,2026-06-16 15:01:25+05:30,3137.8,39,3135.09,3144887,119540.0,194014.0,3163.0,3163.0,3108.0,3134.3,31876000,3447.7,2820.9,3839.9,2896.0,3137.8,251,5,3137.6,40,1,3137.5,22,2,3137.4,14,1,3137.3,33,2,3137.9,178,12,3138.0,657,9,3138.1,227,7,3138.2,10,2,3138.4,473,4
2031,2026-06-16 15:01:25+05:30,3137.8,14,3135.09,3145201,119055.0,194354.0,3163.0,3163.0,3108.0,3134.3,31876000,3447.7,2820.9,3839.9,2896.0,3137.8,1,1,3137.6,41,2,3137.5,37,2,3137.4,14,1,3137.3,33,2,3137.9,346,17,3138.0,530,7,3138.1,192,6,3138.2,158,5,3138.4,35,1
2031,2026-06-16 15:01:26+05:30,3137.8,3,3135.09,3145201,119055.0,194354.0,3163.0,3163.0,3108.0,3134.3,31876000,3447.7,2820.9,3839.9,2896.0,3137.8,1,1,3137.6,41,2,3137.5,37,2,3137.4,14,1,3137.3,33,2,3137.9,346,17,3138.0,530,7,3138.1,192,6,3138.2,158,5,3138.4,35,1
2031,2026-06-16 15:01:26+05:30,3137.6,9,3135.09,3145322,119358.0,195076.0,3163.0,3163.0,3108.0,3134.3,31876000,3447.7,2820.9,3839.9,2896.0,3137.6,31,1,3137.5,16,1,3137.4,1,1,3137.3,21,1,3137.1,42,2,3137.8,9,3,3137.9,331,15,3138.0,494,5,3138.1,192,6,3138.2,89,4
2031,2026-06-16 15:01:27+05:30,3137.8,1,3135.09,3145322,119358.0,195076.0,3163.0,3163.0,3108.0,3134.3,31876000,3447.7,2820.9,3839.9,2896.0,3137.6,31,1,3137.5,16,1,3137.4,1,1,3137.3,21,1,3137.1,42,2,3137.8,9,3,3137.9,331,15,3138.0,494,5,3138.1,192,6,3138.2,89,4
2031,2026-06-16 15:01:27+05:30,3137.5,50,3135.09,3145647,119640.0,195146.0,3163.0,3163.0,3108.0,3134.3,31876000,3447.7,2820.9,3839.9,2896.0,3137.5,16,1,3137.4,1,1,3137.3,21,1,3137.1,42,2,3137.0,405,3,3137.8,15,3,3137.9,427,17,3138.0,1428,7,3138.1,186,5,3138.2,87,3
2031,2026-06-16 15:01:28+05:30,3137.5,25,3135.09,3145647,119640.0,195146.0,3163.0,3163.0,3108.0,3134.3,31876000,3447.7,2820.9,3839.9,2896.0,3137.5,16,1,3137.4,1,1,3137.3,21,1,3137.1,42,2,3137.0,405,3,3137.8,15,3,3137.9,427,17,3138.0,1428,7,3138.1,186,5,3138.2,87,3
2031,2026-06-16 15:01:28+05:30,3137.5,25,3135.09,3145690,119298.0,195118.0,3163.0,3163.0,3108.0,3134.3,31876000,3447.7,2820.9,3839.9,2896.0,3137.5,31,3,3137.1,42,2,3137.0,405,3,3136.9,39,4,3136.8,200,1,3137.8,335,15,3137.9,126,6,3138.0,1428,7,3138.1,186,5,3138.2,87,3
2031,2026-06-16 15:01:30+05:30,3137.7,2,3135.09,3145714,119419.0,195348.0,3163.0,3163.0,3108.0,3134.3,31876000,3447.7,2820.9,3839.9,2896.0,3137.6,16,3,3137.5,67,4,3137.1,42,2,3137.0,405,3,3136.9,36,3,3137.7,84,4,3137.8,336,17,3137.9,124,4,3138.0,1428,7,3138.1,186,5
2031,2026-06-16 15:01:30+05:30,3137.7,29,3135.09,3145714,119419.0,195348.0,3163.0,3163.0,3108.0,3134.3,31876000,3447.7,2820.9,3839.9,2896.0,3137.6,16,3,3137.5,67,4,3137.1,42,2,3137.0,405,3,3136.9,36,3,3137.7,84,4,3137.8,336,17,3137.9,124,4,3138.0,1428,7,3138.1,186,5
2031,2026-06-16 15:01:31+05:30,3137.5,13,3135.09,3146044,118587.0,195101.0,3163.0,3163.0,3108.0,3134.3,31876000,3447.7,2820.9,3839.9,2896.0,3137.5,19,2,3137.1,42,2,3137.0,405,3,3136.9,36,3,3136.8,200,1,3137.6,9,4,3137.7,261,12,3137.8,219,10,3137.9,90,4,3138.0,1417,7
2031,2026-06-16 15:01:31+05:30,3137.5,13,3135.09,3146044,118587.0,195101.0,3163.0,3163.0,3108.0,3134.3,31876000,3447.7,2820.9,3839.9,2896.0,3137.5,19,2,3137.1,42,2,3137.0,405,3,3136.9,36,3,3136.8,200,1,3137.6,9,4,3137.7,261,12,3137.8,219,10,3137.9,90,4,3138.0,1417,7
2031,2026-06-16 15:01:32+05:30,3137.5,4,3135.09,3146140,118806.0,195203.0,3163.0,3163.0,3108.0,3134.3,31876000,3447.7,2820.9,3839.9,2896.0,3137.5,21,3,3137.4,14,1,3137.1,42,2,3137.0,405,3,3136.9,36,3,3137.6,255,13,3137.7,312,13,3137.8,55,5,3137.9,52,3,3138.0,1450,7
2031,2026-06-16 15:01:32+05:30,3137.6,1,3135.09,3146140,118806.0,195203.0,3163.0,3163.0,3108.0,3134.3,31876000,3447.7,2820.9,3839.9,2896.0,3137.5,21,3,3137.4,14,1,3137.1,42,2,3137.0,405,3,3136.9,36,3,3137.6,255,13,3137.7,312,13,3137.8,55,5,3137.9,52,3,3138.0,1450,7
2031,2026-06-16 15:01:33+05:30,3137.4,45,3135.09,3146406,118821.0,195099.0,3163.0,3163.0,3108.0,3134.3,31876000,3447.7,2820.9,3839.9,2896.0,3137.4,15,2,3137.1,42,2,3137.0,405,3,3136.9,35,2,3136.8,200,1,3137.5,68,1,3137.6,244,14,3137.7,183,8,3137.8,21,3,3137.9,52,3
2031,2026-06-16 15:01:33+05:30,3137.4,2,3135.09,3146406,118821.0,195099.0,3163.0,3163.0,3108.0,3134.3,31876000,3447.7,2820.9,3839.9,2896.0,3137.4,15,2,3137.1,42,2,3137.0,405,3,3136.9,35,2,3136.8,200,1,3137.5,68,1,3137.6,244,14,3137.7,183,8,3137.8,21,3,3137.9,52,3
2031,2026-06-16 15:01:34+05:30,3137.0,104,3135.09,3146785,118869.0,194814.0,3163.0,3163.0,3108.0,3134.3,31876000,3447.7,2820.9,3839.9,2896.0,3137.0,237,2,3136.9,35,2,3136.8,216,2,3136.7,50,3,3136.6,23,3,3137.5,513,23,3137.6,64,1,3137.7,75,4,3137.8,15,2,3137.9,74,3
2031,2026-06-16 15:01:34+05:30,3137.5,27,3135.09,3146785,118869.0,194814.0,3163.0,3163.0,3108.0,3134.3,31876000,3447.7,2820.9,3839.9,2896.0,3137.0,237,2,3136.9,35,2,3136.8,216,2,3136.7,50,3,3136.6,23,3,3137.5,513,23,3137.6,64,1,3137.7,75,4,3137.8,15,2,3137.9,74,3
2031,2026-06-16 15:01:35+05:30,3137.0,2,3135.09,3146785,118869.0,194814.0,3163.0,3163.0,3108.0,3134.3,31876000,3447.7,2820.9,3839.9,2896.0,3137.0,237,2,3136.9,35,2,3136.8,216,2,3136.7,50,3,3136.6,23,3,3137.5,513,23,3137.6,64,1,3137.7,75,4,3137.8,15,2,3137.9,74,3
2031,2026-06-16 15:01:35+05:30,3137.0,2,3135.09,3146863,118820.0,195057.0,3163.0,3163.0,3108.0,3134.3,31876000,3447.7,2820.9,3839.9,2896.0,3137.0,234,2,3136.9,35,2,3136.8,200,1,3136.7,32,2,3136.6,3,2,3137.4,7,4,3137.5,482,20,3137.6,64,1,3137.7,144,5,3137.8,15,2
2031,2026-06-16 15:01:36+05:30,3137.0,43,3135.09,3146863,118820.0,195057.0,3163.0,3163.0,3108.0,3134.3,31876000,3447.7,2820.9,3839.9,2896.0,3137.0,234,2,3136.9,35,2,3136.8,200,1,3136.7,32,2,3136.6,3,2,3137.4,7,4,3137.5,482,20,3137.6,64,1,3137.7,144,5,3137.8,15,2
2031,2026-06-16 15:01:36+05:30,3137.0,10,3135.09,3146918,119476.0,194872.0,3163.0,3163.0,3108.0,3134.3,31876000,3447.7,2820.9,3839.9,2896.0,3137.0,240,4,3136.9,33,2,3136.8,200,1,3136.7,32,2,3136.5,143,5,3137.4,244,12,3137.5,276,13,3137.6,87,2,3137.7,48,3,3137.8,45,3
2031,2026-06-16 15:01:37+05:30,3137.0,35,3135.09,3146918,119476.0,194872.0,3163.0,3163.0,3108.0,3134.3,31876000,3447.7,2820.9,3839.9,2896.0,3137.0,240,4,3136.9,33,2,3136.8,200,1,3136.7,32,2,3136.5,143,5,3137.4,244,12,3137.5,276,13,3137.6,87,2,3137.7,48,3,3137.8,45,3
2031,2026-06-16 15:01:37+05:30,3137.0,35,3135.09,3146953,119501.0,195345.0,3163.0,3163.0,3108.0,3134.3,31876000,3447.7,2820.9,3839.9,2896.0,3137.0,245,5,3136.9,13,1,3136.8,200,1,3136.7,46,3,3136.5,143,5,3137.3,63,2,3137.4,476,19,3137.5,60,5,3137.6,87,2,3137.7,118,5
2031,2026-06-16 15:01:38+05:30,3137.0,28,3135.09,3146953,119501.0,195345.0,3163.0,3163.0,3108.0,3134.3,31876000,3447.7,2820.9,3839.9,2896.0,3137.0,245,5,3136.9,13,1,3136.8,200,1,3136.7,46,3,3136.5,143,5,3137.3,63,2,3137.4,476,19,3137.5,60,5,3137.6,87,2,3137.7,118,5
2031,2026-06-16 15:01:38+05:30,3137.0,15,3135.09,3147011,118472.0,195242.0,3163.0,3163.0,3108.0,3134.3,31876000,3447.7,2820.9,3839.9,2896.0,3137.0,189,5,3136.8,200,1,3136.7,35,2,3136.5,49,4,3136.4,14,2,3137.2,57,2,3137.3,89,5,3137.4,467,18,3137.5,92,6,3137.6,156,3
2031,2026-06-16 15:01:39+05:30,3137.1,1,3135.09,3147011,118472.0,195242.0,3163.0,3163.0,3108.0,3134.3,31876000,3447.7,2820.9,3839.9,2896.0,3137.0,189,5,3136.8,200,1,3136.7,35,2,3136.5,49,4,3136.4,14,2,3137.2,57,2,3137.3,89,5,3137.4,467,18,3137.5,92,6,3137.6,156,3
2031,2026-06-16 15:01:39+05:30,3137.0,43,3135.09,3147055,119590.0,195341.0,3163.0,3163.0,3108.0,3134.3,31876000,3447.7,2820.9,3839.9,2896.0,3137.0,457,8,3136.8,200,1,3136.7,35,2,3136.5,49,4,3136.4,14,2,3137.1,231,2,3137.2,211,10,3137.3,63,3,3137.4,432,14,3137.5,124,6
2031,2026-06-16 15:01:40+05:30,3137.1,1,3135.09,3147055,119590.0,195341.0,3163.0,3163.0,3108.0,3134.3,31876000,3447.7,2820.9,3839.9,2896.0,3137.0,457,8,3136.8,200,1,3136.7,35,2,3136.5,49,4,3136.4,14,2,3137.1,231,2,3137.2,211,10,3137.3,63,3,3137.4,432,14,3137.5,124,6
2031,2026-06-16 15:01:40+05:30,3137.0,17,3135.09,3147430,119359.0,195324.0,3163.0,3163.0,3108.0,3134.3,31876000,3447.7,2820.9,3839.9,2896.0,3137.0,234,2,3136.8,200,1,3136.7,35,2,3136.6,1,1,3136.5,49,4,3137.1,236,10,3137.2,323,14,3137.3,132,4,3137.4,342,9,3137.5,34,2
2031,2026-06-16 15:01:41+05:30,3137.0,17,3135.09,3147430,119359.0,195324.0,3163.0,3163.0,3108.0,3134.3,31876000,3447.7,2820.9,3839.9,2896.0,3137.0,234,2,3136.8,200,1,3136.7,35,2,3136.6,1,1,3136.5,49,4,3137.1,236,10,3137.2,323,14,3137.3,132,4,3137.4,342,9,3137.5,34,2
2031,2026-06-16 15:01:41+05:30,3137.0,17,3135.09,3147430,119359.0,195324.0,3163.0,3163.0,3108.0,3134.3,31876000,3447.7,2820.9,3839.9,2896.0,3137.0,234,2,3136.8,200,1,3136.7,35,2,3136.6,1,1,3136.5,49,4,3137.1,236,10,3137.2,323,14,3137.3,132,4,3137.4,342,9,3137.5,34,2
2031,2026-06-16 15:01:41+05:30,3137.0,45,3135.09,3147502,119829.0,195353.0,3163.0,3163.0,3108.0,3134.3,31876000,3447.7,2820.9,3839.9,2896.0,3137.0,257,4,3136.8,200,1,3136.7,35,2,3136.6,1,1,3136.5,49,4,3137.1,455,16,3137.2,325,14,3137.3,63,3,3137.4,214,5,3137.5,34,2
2031,2026-06-16 15:01:42+05:30,3137.0,14,3135.09,3147502,119829.0,195353.0,3163.0,3163.0,3108.0,3134.3,31876000,3447.7,2820.9,3839.9,2896.0,3137.0,257,4,3136.8,200,1,3136.7,35,2,3136.6,1,1,3136.5,49,4,3137.1,455,16,3137.2,325,14,3137.3,63,3,3137.4,214,5,3137.5,34,2
2031,2026-06-16 15:01:42+05:30,3137.0,14,3135.09,3147516,119750.0,195428.0,3163.0,3163.0,3108.0,3134.3,31876000,3447.7,2820.9,3839.9,2896.0,3137.0,340,7,3136.8,200,1,3136.7,35,2,3136.6,1,1,3136.5,49,4,3137.1,515,18,3137.2,331,15,3137.3,63,3,3137.4,222,6,3137.5,34,2
2031,2026-06-16 15:01:43+05:30,3137.0,14,3135.09,3147516,119750.0,195428.0,3163.0,3163.0,3108.0,3134.3,31876000,3447.7,2820.9,3839.9,2896.0,3137.0,340,7,3136.8,200,1,3136.7,35,2,3136.6,1,1,3136.5,49,4,3137.1,515,18,3137.2,331,15,3137.3,63,3,3137.4,222,6,3137.5,34,2
2031,2026-06-16 15:01:43+05:30,3137.0,2,3135.09,3147516,119750.0,195428.0,3163.0,3163.0,3108.0,3134.3,31876000,3447.7,2820.9,3839.9,2896.0,3137.0,340,7,3136.8,200,1,3136.7,35,2,3136.6,1,1,3136.5,49,4,3137.1,515,18,3137.2,331,15,3137.3,63,3,3137.4,222,6,3137.5,34,2
2031,2026-06-16 15:01:43+05:30,3137.0,1,3135.09,3147601,119872.0,195400.0,3163.0,3163.0,3108.0,3134.3,31876000,3447.7,2820.9,3839.9,2896.0,3137.0,264,7,3136.8,200,1,3136.7,36,3,3136.5,49,4,3136.4,14,2,3137.1,750,27,3137.2,194,10,3137.3,63,3,3137.4,116,4,3137.5,34,2
2031,2026-06-16 15:01:44+05:30,3137.1,42,3135.09,3147601,119872.0,195400.0,3163.0,3163.0,3108.0,3134.3,31876000,3447.7,2820.9,3839.9,2896.0,3137.0,264,7,3136.8,200,1,3136.7,36,3,3136.5,49,4,3136.4,14,2,3137.1,750,27,3137.2,194,10,3137.3,63,3,3137.4,116,4,3137.5,34,2
2031,2026-06-16 15:01:44+05:30,3137.0,4,3135.09,3147920,119382.0,195196.0,3163.0,3163.0,3108.0,3134.3,31876000,3447.7,2820.9,3839.9,2896.0,3137.0,40,2,3136.8,200,1,3136.7,36,3,3136.5,49,4,3136.4,14,2,3137.1,641,20,3137.2,127,6,3137.3,63,3,3137.4,86,3,3137.5,34,2
2031,2026-06-16 15:01:45+05:30,3136.8,44,3135.09,3147920,119382.0,195196.0,3163.0,3163.0,3108.0,3134.3,31876000,3447.7,2820.9,3839.9,2896.0,3137.0,40,2,3136.8,200,1,3136.7,36,3,3136.5,49,4,3136.4,14,2,3137.1,641,20,3137.2,127,6,3137.3,63,3,3137.4,86,3,3137.5,34,2
2031,2026-06-16 15:01:45+05:30,3136.8,44,3135.09,3147920,119382.0,195196.0,3163.0,3163.0,3108.0,3134.3,31876000,3447.7,2820.9,3839.9,2896.0,3137.0,40,2,3136.8,200,1,3136.7,36,3,3136.5,49,4,3136.4,14,2,3137.1,641,20,3137.2,127,6,3137.3,63,3,3137.4,86,3,3137.5,34,2
2031,2026-06-16 15:01:45+05:30,3137.0,1,3135.09,3148189,119026.0,194439.0,3163.0,3163.0,3108.0,3134.3,31876000,3447.7,2820.9,3839.9,2896.0,3136.8,156,1,3136.7,14,1,3136.6,1,1,3136.5,49,4,3136.4,13,1,3137.0,4,2,3137.1,684,22,3137.2,120,5,3137.3,61,2,3137.4,71,2
2031,2026-06-16 15:01:46+05:30,3136.8,9,3135.09,3148189,119026.0,194439.0,3163.0,3163.0,3108.0,3134.3,31876000,3447.7,2820.9,3839.9,2896.0,3136.8,156,1,3136.7,14,1,3136.6,1,1,3136.5,49,4,3136.4,13,1,3137.0,4,2,3137.1,684,22,3137.2,120,5,3137.3,61,2,3137.4,71,2
2031,2026-06-16 15:01:46+05:30,3136.2,45,3135.09,3148832,118627.0,195463.0,3163.0,3163.0,3108.0,3134.3,31876000,3447.7,2820.9,3839.9,2896.0,3136.1,21,1,3136.0,572,9,3135.9,22,2,3135.7,23,3,3135.6,8,2,3136.7,31,1,3136.9,81,3,3137.0,342,17,3137.1,419,12,3137.2,205,9
2031,2026-06-16 15:01:47+05:30,3136.7,13,3135.09,3148832,118627.0,195463.0,3163.0,3163.0,3108.0,3134.3,31876000,3447.7,2820.9,3839.9,2896.0,3136.1,21,1,3136.0,572,9,3135.9,22,2,3135.7,23,3,3135.6,8,2,3136.7,31,1,3136.9,81,3,3137.0,342,17,3137.1,419,12,3137.2,205,9
2031,2026-06-16 15:01:47+05:30,3136.7,45,3135.09,3148988,119449.0,195224.0,3163.0,3163.0,3108.0,3134.3,31876000,3447.7,2820.9,3839.9,2896.0,3136.1,39,3,3136.0,637,10,3135.9,40,3,3135.8,140,3,3135.7,69,5,3136.7,260,6,3136.8,118,2,3136.9,11,1,3137.0,328,14,3137.1,84,4
2031,2026-06-16 15:01:47+05:30,3136.7,45,3135.09,3148988,119449.0,195224.0,3163.0,3163.0,3108.0,3134.3,31876000,3447.7,2820.9,3839.9,2896.0,3136.1,39,3,3136.0,637,10,3135.9,40,3,3135.8,140,3,3135.7,69,5,3136.7,260,6,3136.8,118,2,3136.9,11,1,3137.0,328,14,3137.1,84,4
2031,2026-06-16 15:01:48+05:30,3136.5,1,3135.09,3148988,119449.0,195224.0,3163.0,3163.0,3108.0,3134.3,31876000,3447.7,2820.9,3839.9,2896.0,3136.1,39,3,3136.0,637,10,3135.9,40,3,3135.8,140,3,3135.7,69,5,3136.7,260,6,3136.8,118,2,3136.9,11,1,3137.0,328,14,3137.1,84,4
2031,2026-06-16 15:01:48+05:30,3136.7,2,3135.09,3149039,119343.0,194680.0,3163.0,3163.0,3108.0,3134.3,31876000,3447.7,2820.9,3839.9,2896.0,3136.1,102,5,3136.0,734,12,3135.9,39,2,3135.8,151,4,3135.7,23,3,3136.7,374,12,3136.8,118,2,3137.0,289,12,3137.1,84,4,3137.2,13,3
2031,2026-06-16 15:01:49+05:30,3136.7,8,3135.09,3149039,119343.0,194680.0,3163.0,3163.0,3108.0,3134.3,31876000,3447.7,2820.9,3839.9,2896.0,3136.1,102,5,3136.0,734,12,3135.9,39,2,3135.8,151,4,3135.7,23,3,3136.7,374,12,3136.8,118,2,3137.0,289,12,3137.1,84,4,3137.2,13,3
2031,2026-06-16 15:01:50+05:30,3136.7,8,3135.09,3149068,119715.0,195140.0,3163.0,3163.0,3108.0,3134.3,31876000,3447.7,2820.9,3839.9,2896.0,3136.5,6,1,3136.4,2,2,3136.1,40,2,3136.0,718,11,3135.9,114,4,3136.6,136,5,3136.7,534,19,3136.8,118,2,3137.0,169,6,3137.1,84,4
2031,2026-06-16 15:01:50+05:30,3136.0,56,3135.09,3149068,119715.0,195140.0,3163.0,3163.0,3108.0,3134.3,31876000,3447.7,2820.9,3839.9,2896.0,3136.5,6,1,3136.4,2,2,3136.1,40,2,3136.0,718,11,3135.9,114,4,3136.6,136,5,3136.7,534,19,3136.8,118,2,3137.0,169,6,3137.1,84,4
2031,2026-06-16 15:01:51+05:30,3136.8,56,3135.09,3150218,122416.0,193504.0,3163.0,3163.0,3108.0,3134.3,31876000,3447.7,2820.9,3839.9,2896.0,3136.6,104,6,3136.5,102,5,3136.4,68,4,3136.3,24,2,3136.2,75,5,3136.8,118,2,3137.0,74,2,3137.1,84,4,3137.2,7,2,3137.3,5,2
2031,2026-06-16 15:01:51+05:30,3136.8,56,3135.09,3150218,122416.0,193504.0,3163.0,3163.0,3108.0,3134.3,31876000,3447.7,2820.9,3839.9,2896.0,3136.6,104,6,3136.5,102,5,3136.4,68,4,3136.3,24,2,3136.2,75,5,3136.8,118,2,3137.0,74,2,3137.1,84,4,3137.2,7,2,3137.3,5,2
2031,2026-06-16 15:01:51+05:30,3136.8,15,3135.09,3150218,122416.0,193504.0,3163.0,3163.0,3108.0,3134.3,31876000,3447.7,2820.9,3839.9,2896.0,3136.6,104,6,3136.5,102,5,3136.4,68,4,3136.3,24,2,3136.2,75,5,3136.8,118,2,3137.0,74,2,3137.1,84,4,3137.2,7,2,3137.3,5,2
2031,2026-06-16 15:01:52+05:30,3136.8,1,3135.09,3150545,122531.0,193802.0,3163.0,3163.0,3108.0,3134.3,31876000,3447.7,2820.9,3839.9,2896.0,3136.6,104,4,3136.5,94,4,3136.4,61,3,3136.3,42,3,3136.2,56,4,3136.8,19,3,3137.0,74,2,3137.1,84,4,3137.2,7,2,3137.3,5,2
2031,2026-06-16 15:01:52+05:30,3136.4,21,3135.09,3150545,122531.0,193802.0,3163.0,3163.0,3108.0,3134.3,31876000,3447.7,2820.9,3839.9,2896.0,3136.6,104,4,3136.5,94,4,3136.4,61,3,3136.3,42,3,3136.2,56,4,3136.8,19,3,3137.0,74,2,3137.1,84,4,3137.2,7,2,3137.3,5,2
2031,2026-06-16 15:01:52+05:30,3136.4,21,3135.09,3150545,122531.0,193802.0,3163.0,3163.0,3108.0,3134.3,31876000,3447.7,2820.9,3839.9,2896.0,3136.6,104,4,3136.5,94,4,3136.4,61,3,3136.3,42,3,3136.2,56,4,3136.8,19,3,3137.0,74,2,3137.1,84,4,3137.2,7,2,3137.3,5,2
2031,2026-06-16 15:01:53+05:30,3136.6,1,3135.09,3152276,120893.0,193667.0,3163.0,3163.0,3108.0,3134.3,31876000,3447.7,2820.9,3839.9,2896.0,3136.5,49,5,3136.4,5,1,3136.3,13,1,3136.2,84,4,3136.1,44,3,3136.8,35,3,3137.0,77,3,3137.1,84,4,3137.2,7,2,3137.3,5,2
2031,2026-06-16 15:01:53+05:30,3136.6,1,3135.09,3152276,120893.0,193667.0,3163.0,3163.0,3108.0,3134.3,31876000,3447.7,2820.9,3839.9,2896.0,3136.5,49,5,3136.4,5,1,3136.3,13,1,3136.2,84,4,3136.1,44,3,3136.8,35,3,3137.0,77,3,3137.1,84,4,3137.2,7,2,3137.3,5,2
2031,2026-06-16 15:01:54+05:30,3136.5,36,3135.09,3152735,121192.0,192155.0,3163.0,3163.0,3108.0,3134.3,31876000,3447.7,2820.9,3839.9,2896.0,3136.3,24,2,3136.2,34,2,3136.1,37,2,3136.0,130,4,3135.9,63,3,3137.0,67,3,3137.1,84,4,3137.2,7,2,3137.3,31,3,3137.4,8,1
2031,2026-06-16 15:01:54+05:30,3136.5,36,3135.09,3152735,121192.0,192155.0,3163.0,3163.0,3108.0,3134.3,31876000,3447.7,2820.9,3839.9,2896.0,3136.3,24,2,3136.2,34,2,3136.1,37,2,3136.0,130,4,3135.9,63,3,3137.0,67,3,3137.1,84,4,3137.2,7,2,3137.3,31,3,3137.4,8,1
2031,2026-06-16 15:01:54+05:30,3136.3,1,3135.09,3152735,121192.0,192155.0,3163.0,3163.0,3108.0,3134.3,31876000,3447.7,2820.9,3839.9,2896.0,3136.3,24,2,3136.2,34,2,3136.1,37,2,3136.0,130,4,3135.9,63,3,3137.0,67,3,3137.1,84,4,3137.2,7,2,3137.3,31,3,3137.4,8,1
2031,2026-06-16 15:01:55+05:30,3136.3,1,3135.09,3152736,121549.0,194194.0,3163.0,3163.0,3108.0,3134.3,31876000,3447.7,2820.9,3839.9,2896.0,3136.6,8,1,3136.5,1,1,3136.3,2,1,3136.2,26,1,3136.1,50,3,3136.9,66,1,3137.0,137,6,3137.1,141,5,3137.2,29,3,3137.3,5,2
2031,2026-06-16 15:01:55+05:30,3136.3,1,3135.09,3152736,121549.0,194194.0,3163.0,3163.0,3108.0,3134.3,31876000,3447.7,2820.9,3839.9,2896.0,3136.6,8,1,3136.5,1,1,3136.3,2,1,3136.2,26,1,3136.1,50,3,3136.9,66,1,3137.0,137,6,3137.1,141,5,3137.2,29,3,3137.3,5,2
2031,2026-06-16 15:01:55+05:30,3136.6,37,3135.09,3152736,121549.0,194194.0,3163.0,3163.0,3108.0,3134.3,31876000,3447.7,2820.9,3839.9,2896.0,3136.6,8,1,3136.5,1,1,3136.3,2,1,3136.2,26,1,3136.1,50,3,3136.9,66,1,3137.0,137,6,3137.1,141,5,3137.2,29,3,3137.3,5,2
2031,2026-06-16 15:01:55+05:30,3136.6,37,3135.09,3152736,121549.0,194194.0,3163.0,3163.0,3108.0,3134.3,31876000,3447.7,2820.9,3839.9,2896.0,3136.6,8,1,3136.5,1,1,3136.3,2,1,3136.2,26,1,3136.1,50,3,3136.9,66,1,3137.0,137,6,3137.1,141,5,3137.2,29,3,3137.3,5,2
2031,2026-06-16 15:01:56+05:30,3136.6,37,3135.09,3152736,121549.0,194194.0,3163.0,3163.0,3108.0,3134.3,31876000,3447.7,2820.9,3839.9,2896.0,3136.6,8,1,3136.5,1,1,3136.3,2,1,3136.2,26,1,3136.1,50,3,3136.9,66,1,3137.0,137,6,3137.1,141,5,3137.2,29,3,3137.3,5,2
2031,2026-06-16 15:01:56+05:30,3136.8,1,3135.09,3152815,121685.0,193976.0,3163.0,3163.0,3108.0,3134.3,31876000,3447.7,2820.9,3839.9,2896.0,3136.6,59,2,3136.5,52,3,3136.4,13,1,3136.2,40,2,3136.1,63,3,3136.8,69,2,3136.9,187,6,3137.0,174,5,3137.1,141,5,3137.2,7,2
2031,2026-06-16 15:01:56+05:30,3136.6,9,3135.09,3152815,121685.0,193976.0,3163.0,3163.0,3108.0,3134.3,31876000,3447.7,2820.9,3839.9,2896.0,3136.6,59,2,3136.5,52,3,3136.4,13,1,3136.2,40,2,3136.1,63,3,3136.8,69,2,3136.9,187,6,3137.0,174,5,3137.1,141,5,3137.2,7,2
2031,2026-06-16 15:01:56+05:30,3136.6,9,3135.09,3152815,121685.0,193976.0,3163.0,3163.0,3108.0,3134.3,31876000,3447.7,2820.9,3839.9,2896.0,3136.6,59,2,3136.5,52,3,3136.4,13,1,3136.2,40,2,3136.1,63,3,3136.8,69,2,3136.9,187,6,3137.0,174,5,3137.1,141,5,3137.2,7,2
2031,2026-06-16 15:01:57+05:30,3136.6,9,3135.09,3152824,121704.0,194173.0,3163.0,3163.0,3108.0,3134.3,31876000,3447.7,2820.9,3839.9,2896.0,3136.6,50,2,3136.5,26,2,3136.4,13,1,3136.1,36,2,3136.0,126,4,3136.7,91,3,3136.8,165,7,3136.9,151,6,3137.0,150,5,3137.1,160,6
2031,2026-06-16 15:01:57+05:30,3136.5,1,3135.09,3152824,121704.0,194173.0,3163.0,3163.0,3108.0,3134.3,31876000,3447.7,2820.9,3839.9,2896.0,3136.6,50,2,3136.5,26,2,3136.4,13,1,3136.1,36,2,3136.0,126,4,3136.7,91,3,3136.8,165,7,3136.9,151,6,3137.0,150,5,3137.1,160,6
2031,2026-06-16 15:01:57+05:30,3136.5,1,3135.09,3152824,121704.0,194173.0,3163.0,3163.0,3108.0,3134.3,31876000,3447.7,2820.9,3839.9,2896.0,3136.6,50,2,3136.5,26,2,3136.4,13,1,3136.1,36,2,3136.0,126,4,3136.7,91,3,3136.8,165,7,3136.9,151,6,3137.0,150,5,3137.1,160,6
2031,2026-06-16 15:01:58+05:30,3136.6,7,3135.09,3152824,121704.0,194173.0,3163.0,3163.0,3108.0,3134.3,31876000,3447.7,2820.9,3839.9,2896.0,3136.6,50,2,3136.5,26,2,3136.4,13,1,3136.1,36,2,3136.0,126,4,3136.7,91,3,3136.8,165,7,3136.9,151,6,3137.0,150,5,3137.1,160,6
2031,2026-06-16 15:01:58+05:30,3136.6,7,3135.09,3153109,121883.0,194539.0,3163.0,3163.0,3108.0,3134.3,31876000,3447.7,2820.9,3839.9,2896.0,3136.6,17,2,3136.5,28,2,3136.1,21,1,3136.0,108,3,3135.9,23,2,3136.7,168,7,3136.8,84,2,3136.9,162,7,3137.0,213,6,3137.1,103,5
2031,2026-06-16 15:01:58+05:30,3136.6,7,3135.09,3153109,121883.0,194539.0,3163.0,3163.0,3108.0,3134.3,31876000,3447.7,2820.9,3839.9,2896.0,3136.6,17,2,3136.5,28,2,3136.1,21,1,3136.0,108,3,3135.9,23,2,3136.7,168,7,3136.8,84,2,3136.9,162,7,3137.0,213,6,3137.1,103,5
2031,2026-06-16 15:01:59+05:30,3136.6,10,3135.09,3153109,121883.0,194539.0,3163.0,3163.0,3108.0,3134.3,31876000,3447.7,2820.9,3839.9,2896.0,3136.6,17,2,3136.5,28,2,3136.1,21,1,3136.0,108,3,3135.9,23,2,3136.7,168,7,3136.8,84,2,3136.9,162,7,3137.0,213,6,3137.1,103,5
2031,2026-06-16 15:01:59+05:30,3136.7,17,3135.09,3153209,121783.0,194577.0,3163.0,3163.0,3108.0,3134.3,31876000,3447.7,2820.9,3839.9,2896.0,3136.6,28,2,3136.5,41,3,3136.1,21,1,3136.0,108,3,3135.9,23,2,3136.7,248,14,3136.8,84,2,3136.9,85,4,3137.0,150,5,3137.1,103,5
2031,2026-06-16 15:01:59+05:30,3136.7,17,3135.09,3153209,121783.0,194577.0,3163.0,3163.0,3108.0,3134.3,31876000,3447.7,2820.9,3839.9,2896.0,3136.6,28,2,3136.5,41,3,3136.1,21,1,3136.0,108,3,3135.9,23,2,3136.7,248,14,3136.8,84,2,3136.9,85,4,3137.0,150,5,3137.1,103,5
2031,2026-06-16 15:02:00+05:30,3136.7,17,3135.09,3153209,121783.0,194577.0,3163.0,3163.0,3108.0,3134.3,31876000,3447.7,2820.9,3839.9,2896.0,3136.6,28,2,3136.5,41,3,3136.1,21,1,3136.0,108,3,3135.9,23,2,3136.7,248,14,3136.8,84,2,3136.9,85,4,3137.0,150,5,3137.1,103,5
2031,2026-06-16 15:02:00+05:30,3136.7,1,3135.09,3153209,121783.0,194577.0,3163.0,3163.0,3108.0,3134.3,31876000,3447.7,2820.9,3839.9,2896.0,3136.6,28,2,3136.5,41,3,3136.1,21,1,3136.0,108,3,3135.9,23,2,3136.7,248,14,3136.8,84,2,3136.9,85,4,3137.0,150,5,3137.1,103,5
2031,2026-06-16 15:02:00+05:30,3136.6,1,3135.09,3153313,121730.0,195595.0,3163.0,3163.0,3108.0,3134.3,31876000,3447.7,2820.9,3839.9,2896.0,3136.5,32,4,3136.4,234,1,3136.1,21,1,3136.0,105,2,3135.9,23,2,3136.6,149,2,3136.7,313,16,3136.8,92,4,3136.9,85,4,3137.0,211,6
2031,2026-06-16 15:02:01+05:30,3136.6,1,3135.09,3153313,121730.0,195595.0,3163.0,3163.0,3108.0,3134.3,31876000,3447.7,2820.9,3839.9,2896.0,3136.5,32,4,3136.4,234,1,3136.1,21,1,3136.0,105,2,3135.9,23,2,3136.6,149,2,3136.7,313,16,3136.8,92,4,3136.9,85,4,3137.0,211,6
2031,2026-06-16 15:02:01+05:30,3136.5,10,3135.09,3153313,121730.0,195595.0,3163.0,3163.0,3108.0,3134.3,31876000,3447.7,2820.9,3839.9,2896.0,3136.5,32,4,3136.4,234,1,3136.1,21,1,3136.0,105,2,3135.9,23,2,3136.6,149,2,3136.7,313,16,3136.8,92,4,3136.9,85,4,3137.0,211,6
2031,2026-06-16 15:02:01+05:30,3136.5,10,3135.09,3153439,121955.0,195121.0,3163.0,3163.0,3108.0,3134.3,31876000,3447.7,2820.9,3839.9,2896.0,3136.5,115,7,3136.4,235,2,3136.3,10,1,3136.1,22,2,3136.0,105,2,3136.6,267,7,3136.7,272,15,3136.8,84,2,3136.9,85,4,3137.0,71,3
2031,2026-06-16 15:02:01+05:30,3136.5,10,3135.09,3153439,121955.0,195121.0,3163.0,3163.0,3108.0,3134.3,31876000,3447.7,2820.9,3839.9,2896.0,3136.5,115,7,3136.4,235,2,3136.3,10,1,3136.1,22,2,3136.0,105,2,3136.6,267,7,3136.7,272,15,3136.8,84,2,3136.9,85,4,3137.0,71,3
2031,2026-06-16 15:02:02+05:30,3136.5,24,3135.09,3153439,121955.0,195121.0,3163.0,3163.0,3108.0,3134.3,31876000,3447.7,2820.9,3839.9,2896.0,3136.5,115,7,3136.4,235,2,3136.3,10,1,3136.1,22,2,3136.0,105,2,3136.6,267,7,3136.7,272,15,3136.8,84,2,3136.9,85,4,3137.0,71,3
2031,2026-06-16 15:02:02+05:30,3136.5,1,3135.09,3153701,121473.0,195481.0,3163.0,3163.0,3108.0,3134.3,31876000,3447.7,2820.9,3839.9,2896.0,3136.5,45,4,3136.4,235,2,3136.3,41,2,3136.2,1,1,3136.1,21,1,3136.6,325,11,3136.7,228,11,3136.8,120,3,3136.9,146,5,3137.0,105,4
2031,2026-06-16 15:02:02+05:30,3136.5,1,3135.09,3153701,121473.0,195481.0,3163.0,3163.0,3108.0,3134.3,31880000,3447.7,2820.9,3839.9,2896.0,3136.5,45,4,3136.4,235,2,3136.3,41,2,3136.2,1,1,3136.1,21,1,3136.6,325,11,3136.7,228,11,3136.8,120,3,3136.9,146,5,3137.0,105,4
2031,2026-06-16 15:02:03+05:30,3136.5,7,3135.09,3153701,121473.0,195481.0,3163.0,3163.0,3108.0,3134.3,31880000,3447.7,2820.9,3839.9,2896.0,3136.5,45,4,3136.4,235,2,3136.3,41,2,3136.2,1,1,3136.1,21,1,3136.6,325,11,3136.7,228,11,3136.8,120,3,3136.9,146,5,3137.0,105,4
2031,2026-06-16 15:02:03+05:30,3136.5,6,3135.09,3153865,121221.0,195562.0,3163.0,3163.0,3108.0,3134.3,31880000,3447.7,2820.9,3839.9,2896.0,3136.5,29,3,3136.4,235,2,3136.3,41,2,3136.2,1,1,3136.1,21,1,3136.6,444,17,3136.7,230,9,3136.8,100,3,3136.9,124,5,3137.0,143,5
2031,2026-06-16 15:02:04+05:30,3136.5,15,3135.09,3153865,121221.0,195562.0,3163.0,3163.0,3108.0,3134.3,31880000,3447.7,2820.9,3839.9,2896.0,3136.5,29,3,3136.4,235,2,3136.3,41,2,3136.2,1,1,3136.1,21,1,3136.6,444,17,3136.7,230,9,3136.8,100,3,3136.9,124,5,3137.0,143,5
2031,2026-06-16 15:02:04+05:30,3136.5,15,3135.09,3153946,121231.0,193722.0,3163.0,3163.0,3108.0,3134.3,31880000,3447.7,2820.9,3839.9,2896.0,3136.5,10,2,3136.4,235,2,3136.3,41,2,3136.2,1,1,3136.0,305,3,3136.6,408,17,3136.7,169,8,3136.8,100,3,3136.9,143,5,3137.0,223,6
2031,2026-06-16 15:02:05+05:30,3136.5,15,3135.09,3153946,121231.0,193722.0,3163.0,3163.0,3108.0,3134.3,31880000,3447.7,2820.9,3839.9,2896.0,3136.5,10,2,3136.4,235,2,3136.3,41,2,3136.2,1,1,3136.0,305,3,3136.6,408,17,3136.7,169,8,3136.8,100,3,3136.9,143,5,3137.0,223,6
2031,2026-06-16 15:02:06+05:30,3136.4,1,3135.09,3154110,121007.0,195255.0,3163.0,3163.0,3108.0,3134.3,31880000,3447.7,2820.9,3839.9,2896.0,3136.4,255,2,3136.3,41,2,3136.2,1,1,3136.0,305,3,3135.9,22,1,3136.6,370,17,3136.7,111,8,3136.8,7,2,3136.9,183,6,3137.0,151,4
2031,2026-06-16 15:02:06+05:30,3136.5,6,3135.09,3154110,121007.0,195255.0,3163.0,3163.0,3108.0,3134.3,31880000,3447.7,2820.9,3839.9,2896.0,3136.4,255,2,3136.3,41,2,3136.2,1,1,3136.0,305,3,3135.9,22,1,3136.6,370,17,3136.7,111,8,3136.8,7,2,3136.9,183,6,3137.0,151,4
2031,2026-06-16 15:02:07+05:30,3136.4,21,3135.09,3154203,121009.0,195179.0,3163.0,3163.0,3108.0,3134.3,31880000,3447.7,2820.9,3839.9,2896.0,3136.5,23,3,3136.4,227,3,3136.3,41,2,3136.2,26,1,3136.0,331,4,3136.6,406,19,3136.7,104,7,3136.8,7,2,3136.9,74,3,3137.0,151,4
2031,2026-06-16 15:02:07+05:30,3136.4,21,3135.09,3154203,121009.0,195179.0,3163.0,3163.0,3108.0,3134.3,31880000,3447.7,2820.9,3839.9,2896.0,3136.5,23,3,3136.4,227,3,3136.3,41,2,3136.2,26,1,3136.0,331,4,3136.6,406,19,3136.7,104,7,3136.8,7,2,3136.9,74,3,3137.0,151,4
2031,2026-06-16 15:02:08+05:30,3136.5,2,3135.09,3154208,122282.0,195151.0,3163.0,3163.0,3108.0,3134.3,31880000,3447.7,2820.9,3839.9,2896.0,3136.5,79,6,3136.4,226,2,3136.3,41,2,3136.2,26,1,3136.0,357,5,3136.6,399,20,3136.7,104,7,3136.8,7,2,3136.9,74,3,3137.0,151,4
2031,2026-06-16 15:02:08+05:30,3136.5,2,3135.09,3154208,122282.0,195151.0,3163.0,3163.0,3108.0,3134.3,31880000,3447.7,2820.9,3839.9,2896.0,3136.5,79,6,3136.4,226,2,3136.3,41,2,3136.2,26,1,3136.0,357,5,3136.6,399,20,3136.7,104,7,3136.8,7,2,3136.9,74,3,3137.0,151,4
2031,2026-06-16 15:02:09+05:30,3136.4,7,3135.09,3154444,122827.0,194522.0,3163.0,3163.0,3108.0,3134.3,31880000,3447.7,2820.9,3839.9,2896.0,3136.4,235,3,3136.3,56,3,3136.1,26,1,3136.0,305,3,3135.9,22,1,3136.6,393,20,3136.7,132,6,3136.8,7,2,3136.9,74,3,3137.0,151,4
2031,2026-06-16 15:02:09+05:30,3136.4,7,3135.09,3154444,122827.0,194522.0,3163.0,3163.0,3108.0,3134.3,31880000,3447.7,2820.9,3839.9,2896.0,3136.4,235,3,3136.3,56,3,3136.1,26,1,3136.0,305,3,3135.9,22,1,3136.6,393,20,3136.7,132,6,3136.8,7,2,3136.9,74,3,3137.0,151,4
2031,2026-06-16 15:02:10+05:30,3136.5,7,3135.09,3154708,123082.0,192644.0,3163.0,3163.0,3108.0,3134.3,31880000,3447.7,2820.9,3839.9,2896.0,3136.5,29,2,3136.4,255,3,3136.3,41,2,3136.2,24,1,3136.0,331,4,3136.6,456,22,3136.7,132,6,3136.8,7,2,3136.9,74,3,3137.0,151,4
2031,2026-06-16 15:02:10+05:30,3136.5,21,3135.09,3154708,123082.0,192644.0,3163.0,3163.0,3108.0,3134.3,31880000,3447.7,2820.9,3839.9,2896.0,3136.5,29,2,3136.4,255,3,3136.3,41,2,3136.2,24,1,3136.0,331,4,3136.6,456,22,3136.7,132,6,3136.8,7,2,3136.9,74,3,3137.0,151,4
2031,2026-06-16 15:02:11+05:30,3136.6,1,3135.09,3154708,123082.0,192644.0,3163.0,3163.0,3108.0,3134.3,31880000,3447.7,2820.9,3839.9,2896.0,3136.5,29,2,3136.4,255,3,3136.3,41,2,3136.2,24,1,3136.0,331,4,3136.6,456,22,3136.7,132,6,3136.8,7,2,3136.9,74,3,3137.0,151,4
2031,2026-06-16 15:02:11+05:30,3136.6,1,3135.09,3154738,123204.0,194539.0,3163.0,3163.0,3108.0,3134.3,31880000,3447.7,2820.9,3839.9,2896.0,3136.5,37,3,3136.4,255,3,3136.3,68,3,3136.1,1,1,3136.0,331,4,3136.6,548,24,3136.7,132,6,3136.8,7,2,3136.9,74,3,3137.0,151,4
2031,2026-06-16 15:02:12+05:30,3136.5,12,3135.09,3154738,123204.0,194539.0,3163.0,3163.0,3108.0,3134.3,31880000,3447.7,2820.9,3839.9,2896.0,3136.5,37,3,3136.4,255,3,3136.3,68,3,3136.1,1,1,3136.0,331,4,3136.6,548,24,3136.7,132,6,3136.8,7,2,3136.9,74,3,3137.0,151,4
2031,2026-06-16 15:02:12+05:30,3136.5,12,3135.09,3154835,123273.0,194733.0,3163.0,3163.0,3108.0,3134.3,31880000,3447.7,2820.9,3839.9,2896.0,3136.5,21,3,3136.4,255,3,3136.3,68,3,3136.1,1,1,3136.0,357,5,3136.6,543,24,3136.7,132,6,3136.8,7,2,3136.9,74,3,3137.0,151,4
2031,2026-06-16 15:02:13+05:30,3136.5,14,3135.09,3154835,123273.0,194733.0,3163.0,3163.0,3108.0,3134.3,31880000,3447.7,2820.9,3839.9,2896.0,3136.5,21,3,3136.4,255,3,3136.3,68,3,3136.1,1,1,3136.0,357,5,3136.6,543,24,3136.7,132,6,3136.8,7,2,3136.9,74,3,3137.0,151,4
2031,2026-06-16 15:02:13+05:30,3136.5,14,3135.09,3155040,123310.0,193469.0,3163.0,3163.0,3108.0,3134.3,31880000,3447.7,2820.9,3839.9,2896.0,3136.5,10,2,3136.4,282,4,3136.3,41,2,3136.2,30,3,3136.1,12,1,3136.6,493,21,3136.7,132,6,3136.8,7,2,3136.9,74,3,3137.0,148,3
2031,2026-06-16 15:02:14+05:30,3136.6,1,3135.09,3155040,123310.0,193469.0,3163.0,3163.0,3108.0,3134.3,31880000,3447.7,2820.9,3839.9,2896.0,3136.5,10,2,3136.4,282,4,3136.3,41,2,3136.2,30,3,3136.1,12,1,3136.6,493,21,3136.7,132,6,3136.8,7,2,3136.9,74,3,3137.0,148,3
2031,2026-06-16 15:02:14+05:30,3136.6,1,3135.09,3155374,123505.0,193735.0,3163.0,3163.0,3108.0,3134.3,31880000,3447.7,2820.9,3839.9,2896.0,3136.5,77,4,3136.4,179,6,3136.3,41,2,3136.2,28,2,3136.0,357,5,3136.6,471,17,3136.7,132,6,3136.8,7,2,3136.9,74,3,3137.0,148,3
2031,2026-06-16 15:02:15+05:30,3136.4,20,3135.09,3155374,123505.0,193735.0,3163.0,3163.0,3108.0,3134.3,31880000,3447.7,2820.9,3839.9,2896.0,3136.5,77,4,3136.4,179,6,3136.3,41,2,3136.2,28,2,3136.0,357,5,3136.6,471,17,3136.7,132,6,3136.8,7,2,3136.9,74,3,3137.0,148,3
2031,2026-06-16 15:02:15+05:30,3136.6,2,3135.09,3155500,122810.0,193386.0,3163.0,3163.0,3108.0,3134.3,31880000,3447.7,2820.9,3839.9,2896.0,3136.5,24,4,3136.4,155,6,3136.3,42,3,3136.2,27,1,3136.0,305,3,3136.6,406,15,3136.7,132,6,3136.8,10,3,3136.9,74,3,3137.0,248,4
2031,2026-06-16 15:02:16+05:30,3136.5,9,3135.09,3155500,122810.0,193386.0,3163.0,3163.0,3108.0,3134.3,31880000,3447.7,2820.9,3839.9,2896.0,3136.5,24,4,3136.4,155,6,3136.3,42,3,3136.2,27,1,3136.0,305,3,3136.6,406,15,3136.7,132,6,3136.8,10,3,3136.9,74,3,3137.0,248,4
2031,2026-06-16 15:02:16+05:30,3136.4,20,3135.09,3155691,123104.0,194109.0,3163.0,3163.0,3108.0,3134.3,31880000,3447.7,2820.9,3839.9,2896.0,3136.4,107,6,3136.3,41,2,3136.2,28,2,3136.0,319,4,3135.9,22,1,3136.6,361,10,3136.7,132,6,3136.8,7,2,3136.9,74,3,3137.0,148,3
2031,2026-06-16 15:02:17+05:30,3136.4,20,3135.09,3155691,123104.0,194109.0,3163.0,3163.0,3108.0,3134.3,31880000,3447.7,2820.9,3839.9,2896.0,3136.4,107,6,3136.3,41,2,3136.2,28,2,3136.0,319,4,3135.9,22,1,3136.6,361,10,3136.7,132,6,3136.8,7,2,3136.9,74,3,3137.0,148,3
2031,2026-06-16 15:02:18+05:30,3136.4,20,3135.09,3155691,123196.0,194247.0,3163.0,3163.0,3108.0,3134.3,31880000,3447.7,2820.9,3839.9,2896.0,3136.4,108,6,3136.3,67,4,3136.2,27,1,3136.0,332,4,3135.9,22,1,3136.5,57,1,3136.6,434,13,3136.7,140,8,3136.8,7,2,3136.9,74,3
2031,2026-06-16 15:02:18+05:30,3136.5,18,3135.09,3155691,123196.0,194247.0,3163.0,3163.0,3108.0,3134.3,31880000,3447.7,2820.9,3839.9,2896.0,3136.4,108,6,3136.3,67,4,3136.2,27,1,3136.0,332,4,3135.9,22,1,3136.5,57,1,3136.6,434,13,3136.7,140,8,3136.8,7,2,3136.9,74,3
2031,2026-06-16 15:02:19+05:30,3136.5,8,3135.09,3155855,123543.0,194270.0,3163.0,3163.0,3108.0,3134.3,31880000,3447.7,2820.9,3839.9,2896.0,3136.4,114,7,3136.3,66,3,3136.0,544,6,3135.9,48,2,3135.8,32,3,3136.5,115,5,3136.6,321,8,3136.7,135,7,3136.8,7,2,3137.0,148,3
2031,2026-06-16 15:02:19+05:30,3136.4,12,3135.09,3155855,123543.0,194270.0,3163.0,3163.0,3108.0,3134.3,31880000,3447.7,2820.9,3839.9,2896.0,3136.4,114,7,3136.3,66,3,3136.0,544,6,3135.9,48,2,3135.8,32,3,3136.5,115,5,3136.6,321,8,3136.7,135,7,3136.8,7,2,3137.0,148,3
2031,2026-06-16 15:02:20+05:30,3136.4,3,3135.09,3155975,123429.0,194292.0,3163.0,3163.0,3108.0,3134.3,31880000,3447.7,2820.9,3839.9,2896.0,3136.4,72,4,3136.3,80,4,3136.0,517,5,3135.9,22,1,3135.8,21,3,3136.5,126,9,3136.6,342,9,3136.7,132,6,3136.8,7,2,3137.0,148,3
2031,2026-06-16 15:02:20+05:30,3136.4,3,3135.09,3155975,123429.0,194292.0,3163.0,3163.0,3108.0,3134.3,31880000,3447.7,2820.9,3839.9,2896.0,3136.4,72,4,3136.3,80,4,3136.0,517,5,3135.9,22,1,3135.8,21,3,3136.5,126,9,3136.6,342,9,3136.7,132,6,3136.8,7,2,3137.0,148,3
2031,2026-06-16 15:02:21+05:30,3136.4,15,3135.09,3155975,123429.0,194292.0,3163.0,3163.0,3108.0,3134.3,31880000,3447.7,2820.9,3839.9,2896.0,3136.4,72,4,3136.3,80,4,3136.0,517,5,3135.9,22,1,3135.8,21,3,3136.5,126,9,3136.6,342,9,3136.7,132,6,3136.8,7,2,3137.0,148,3
2031,2026-06-16 15:02:21+05:30,3136.4,15,3135.09,3156047,122941.0,194647.0,3163.0,3163.0,3108.0,3134.3,31880000,3447.7,2820.9,3839.9,2896.0,3136.4,86,5,3136.3,80,4,3136.0,517,5,3135.9,49,2,3135.8,47,4,3136.5,150,11,3136.6,324,8,3136.7,132,6,3136.8,7,2,3136.9,55,1
2031,2026-06-16 15:02:22+05:30,3136.4,4,3135.09,3156047,122941.0,194647.0,3163.0,3163.0,3108.0,3134.3,31880000,3447.7,2820.9,3839.9,2896.0,3136.4,86,5,3136.3,80,4,3136.0,517,5,3135.9,49,2,3135.8,47,4,3136.5,150,11,3136.6,324,8,3136.7,132,6,3136.8,7,2,3136.9,55,1
2031,2026-06-16 15:02:22+05:30,3136.4,4,3135.09,3156106,123096.0,194850.0,3163.0,3163.0,3108.0,3134.3,31880000,3447.7,2820.9,3839.9,2896.0,3136.4,117,5,3136.3,80,4,3136.0,455,3,3135.9,22,1,3135.8,21,3,3136.5,323,14,3136.6,205,5,3136.7,132,6,3136.8,7,2,3136.9,18,1
2031,2026-06-16 15:02:23+05:30,3136.5,5,3135.09,3156106,123096.0,194850.0,3163.0,3163.0,3108.0,3134.3,31880000,3447.7,2820.9,3839.9,2896.0,3136.4,117,5,3136.3,80,4,3136.0,455,3,3135.9,22,1,3135.8,21,3,3136.5,323,14,3136.6,205,5,3136.7,132,6,3136.8,7,2,3136.9,18,1
2031,2026-06-16 15:02:23+05:30,3136.4,10,3135.09,3156378,122363.0,194972.0,3163.0,3163.0,3108.0,3134.3,31880000,3447.7,2820.9,3839.9,2896.0,3136.4,5,1,3136.3,80,4,3136.0,455,3,3135.9,22,1,3135.7,36,4,3136.5,366,17,3136.6,205,5,3136.7,199,8,3136.8,35,3,3136.9,59,2
2031,2026-06-16 15:02:24+05:30,3136.4,5,3135.09,3156378,122363.0,194972.0,3163.0,3163.0,3108.0,3134.3,31880000,3447.7,2820.9,3839.9,2896.0,3136.4,5,1,3136.3,80,4,3136.0,455,3,3135.9,22,1,3135.7,36,4,3136.5,366,17,3136.6,205,5,3136.7,199,8,3136.8,35,3,3136.9,59,2
2031,2026-06-16 15:02:24+05:30,3136.5,1,3135.09,3156542,122595.0,194966.0,3163.0,3163.0,3108.0,3134.3,31880000,3447.7,2820.9,3839.9,2896.0,3136.4,13,1,3136.3,80,4,3136.0,455,3,3135.9,22,1,3135.7,36,4,3136.5,310,15,3136.6,233,6,3136.7,143,7,3136.8,91,4,3136.9,18,1
2031,2026-06-16 15:02:25+05:30,3136.4,25,3135.09,3156542,122595.0,194966.0,3163.0,3163.0,3108.0,3134.3,31880000,3447.7,2820.9,3839.9,2896.0,3136.4,13,1,3136.3,80,4,3136.0,455,3,3135.9,22,1,3135.7,36,4,3136.5,310,15,3136.6,233,6,3136.7,143,7,3136.8,91,4,3136.9,18,1
2031,2026-06-16 15:02:25+05:30,3136.4,8,3135.09,3156654,122529.0,195053.0,3163.0,3163.0,3108.0,3134.3,31880000,3447.7,2820.9,3839.9,2896.0,3136.3,80,4,3136.0,455,3,3135.9,22,1,3135.7,36,4,3135.6,2,2,3136.5,430,21,3136.6,261,6,3136.7,143,7,3136.8,72,4,3136.9,18,1
2031,2026-06-16 15:02:26+05:30,3136.4,9,3135.09,3156654,122529.0,195053.0,3163.0,3163.0,3108.0,3134.3,31880000,3447.7,2820.9,3839.9,2896.0,3136.3,80,4,3136.0,455,3,3135.9,22,1,3135.7,36,4,3135.6,2,2,3136.5,430,21,3136.6,261,6,3136.7,143,7,3136.8,72,4,3136.9,18,1
2031,2026-06-16 15:02:27+05:30,3136.4,146,3135.09,3156815,123002.0,195117.0,3163.0,3163.0,3108.0,3134.3,31880000,3447.7,2820.9,3839.9,2896.0,3136.3,118,5,3136.0,455,3,3135.9,22,1,3135.7,36,4,3135.6,2,2,3136.4,24,1,3136.5,294,17,3136.6,232,6,3136.7,143,7,3136.8,72,4
2031,2026-06-16 15:02:27+05:30,3136.4,1,3135.09,3156815,123002.0,195117.0,3163.0,3163.0,3108.0,3134.3,31880000,3447.7,2820.9,3839.9,2896.0,3136.3,118,5,3136.0,455,3,3135.9,22,1,3135.7,36,4,3135.6,2,2,3136.4,24,1,3136.5,294,17,3136.6,232,6,3136.7,143,7,3136.8,72,4
2031,2026-06-16 15:02:27+05:30,3136.4,1,3135.09,3156822,123022.0,194952.0,3163.0,3163.0,3108.0,3134.3,31880000,3447.7,2820.9,3839.9,2896.0,3136.3,118,5,3136.0,535,5,3135.9,22,1,3135.7,36,4,3135.6,2,2,3136.4,66,3,3136.5,272,14,3136.6,185,5,3136.7,194,7,3136.9,18,1
2031,2026-06-16 15:02:28+05:30,3136.3,2,3135.09,3156822,123022.0,194952.0,3163.0,3163.0,3108.0,3134.3,31880000,3447.7,2820.9,3839.9,2896.0,3136.3,118,5,3136.0,535,5,3135.9,22,1,3135.7,36,4,3135.6,2,2,3136.4,66,3,3136.5,272,14,3136.6,185,5,3136.7,194,7,3136.9,18,1
2031,2026-06-16 15:02:28+05:30,3136.3,7,3135.09,3157080,123420.0,194534.0,3163.0,3163.0,3108.0,3134.3,31880000,3447.7,2820.9,3839.9,2896.0,3136.3,70,3,3136.0,535,5,3135.9,22,1,3135.7,36,4,3135.6,2,2,3136.4,42,3,3136.5,209,10,3136.6,212,6,3136.7,188,6,3136.8,27,1
2031,2026-06-16 15:02:29+05:30,3136.4,5,3135.09,3157080,123420.0,194534.0,3163.0,3163.0,3108.0,3134.3,31880000,3447.7,2820.9,3839.9,2896.0,3136.3,70,3,3136.0,535,5,3135.9,22,1,3135.7,36,4,3135.6,2,2,3136.4,42,3,3136.5,209,10,3136.6,212,6,3136.7,188,6,3136.8,27,1
2031,2026-06-16 15:02:29+05:30,3136.3,45,3135.09,3157284,123674.0,194358.0,3163.0,3163.0,3108.0,3134.3,31880000,3447.7,2820.9,3839.9,2896.0,3136.3,14,1,3136.0,535,5,3135.9,22,1,3135.7,36,4,3135.6,2,2,3136.4,150,6,3136.5,220,11,3136.6,212,6,3136.7,203,7,3136.8,63,2
2031,2026-06-16 15:02:30+05:30,3136.4,6,3135.09,3157284,123674.0,194358.0,3163.0,3163.0,3108.0,3134.3,31880000,3447.7,2820.9,3839.9,2896.0,3136.3,14,1,3136.0,535,5,3135.9,22,1,3135.7,36,4,3135.6,2,2,3136.4,150,6,3136.5,220,11,3136.6,212,6,3136.7,203,7,3136.8,63,2
2031,2026-06-16 15:02:30+05:30,3136.4,1,3135.09,3157300,123703.0,194580.0,3163.0,3163.0,3108.0,3134.3,31880000,3447.7,2820.9,3839.9,2896.0,3136.3,69,6,3136.2,1,1,3136.0,535,5,3135.9,23,2,3135.7,36,4,3136.4,298,11,3136.5,141,8,3136.6,154,5,3136.7,189,6,3136.9,49,2
2031,2026-06-16 15:02:31+05:30,3136.4,1,3135.09,3157300,123703.0,194580.0,3163.0,3163.0,3108.0,3134.3,31880000,3447.7,2820.9,3839.9,2896.0,3136.3,69,6,3136.2,1,1,3136.0,535,5,3135.9,23,2,3135.7,36,4,3136.4,298,11,3136.5,141,8,3136.6,154,5,3136.7,189,6,3136.9,49,2
2031,2026-06-16 15:02:31+05:30,3136.3,7,3135.09,3157332,123687.0,194406.0,3163.0,3163.0,3108.0,3134.3,31880000,3447.7,2820.9,3839.9,2896.0,3136.3,79,8,3136.2,1,1,3136.0,535,5,3135.9,23,2,3135.8,26,1,3136.4,347,11,3136.5,141,8,3136.6,154,5,3136.7,131,5,3137.0,148,3
2031,2026-06-16 15:02:32+05:30,3136.3,1,3135.09,3157332,123687.0,194406.0,3163.0,3163.0,3108.0,3134.3,31880000,3447.7,2820.9,3839.9,2896.0,3136.3,79,8,3136.2,1,1,3136.0,535,5,3135.9,23,2,3135.8,26,1,3136.4,347,11,3136.5,141,8,3136.6,154,5,3136.7,131,5,3137.0,148,3
2031,2026-06-16 15:02:32+05:30,3136.3,13,3135.09,3157407,123702.0,194529.0,3163.0,3163.0,3108.0,3134.3,31880000,3447.7,2820.9,3839.9,2896.0,3136.3,37,7,3136.2,18,2,3136.1,201,1,3136.0,536,6,3135.9,60,3,3136.4,493,14,3136.5,141,8,3136.6,154,5,3136.7,131,5,3137.0,148,3
2031,2026-06-16 15:02:33+05:30,3136.4,27,3135.09,3157407,123702.0,194529.0,3163.0,3163.0,3108.0,3134.3,31880000,3447.7,2820.9,3839.9,2896.0,3136.3,37,7,3136.2,18,2,3136.1,201,1,3136.0,536,6,3135.9,60,3,3136.4,493,14,3136.5,141,8,3136.6,154,5,3136.7,131,5,3137.0,148,3
2031,2026-06-16 15:02:33+05:30,3136.3,39,3135.09,3157666,122967.0,193441.0,3163.0,3163.0,3108.0,3134.3,31880000,3447.7,2820.9,3839.9,2896.0,3136.3,42,4,3136.2,18,2,3136.1,201,1,3136.0,536,6,3135.9,22,1,3136.4,465,14,3136.5,141,8,3136.6,154,5,3136.7,131,5,3136.9,59,1
2031,2026-06-16 15:02:34+05:30,3136.4,10,3135.09,3157666,122967.0,193441.0,3163.0,3163.0,3108.0,3134.3,31880000,3447.7,2820.9,3839.9,2896.0,3136.3,42,4,3136.2,18,2,3136.1,201,1,3136.0,536,6,3135.9,22,1,3136.4,465,14,3136.5,141,8,3136.6,154,5,3136.7,131,5,3136.9,59,1
2031,2026-06-16 15:02:34+05:30,3136.3,2,3135.09,3157746,123212.0,194208.0,3163.0,3163.0,3108.0,3134.3,31880000,3447.7,2820.9,3839.9,2896.0,3136.3,29,3,3136.2,18,2,3136.1,201,1,3136.0,536,6,3135.9,22,1,3136.4,549,16,3136.5,167,9,3136.6,154,5,3136.7,190,6,3136.8,26,1
2031,2026-06-16 15:02:35+05:30,3136.4,10,3135.09,3157746,123212.0,194208.0,3163.0,3163.0,3108.0,3134.3,31880000,3447.7,2820.9,3839.9,2896.0,3136.3,29,3,3136.2,18,2,3136.1,201,1,3136.0,536,6,3135.9,22,1,3136.4,549,16,3136.5,167,9,3136.6,154,5,3136.7,190,6,3136.8,26,1
2031,2026-06-16 15:02:35+05:30,3136.3,44,3135.09,3157911,122241.0,194401.0,3163.0,3163.0,3108.0,3134.3,31880000,3447.7,2820.9,3839.9,2896.0,3136.3,7,1,3136.1,202,2,3136.0,535,5,3135.9,22,1,3135.7,36,4,3136.4,554,16,3136.5,146,9,3136.6,154,5,3136.7,156,6,3136.9,59,1
2031,2026-06-16 15:02:36+05:30,3136.1,4,3135.09,3157911,122241.0,194401.0,3163.0,3163.0,3108.0,3134.3,31880000,3447.7,2820.9,3839.9,2896.0,3136.3,7,1,3136.1,202,2,3136.0,535,5,3135.9,22,1,3135.7,36,4,3136.4,554,16,3136.5,146,9,3136.6,154,5,3136.7,156,6,3136.9,59,1
2031,2026-06-16 15:02:36+05:30,3136.4,2,3135.09,3158161,123479.0,194622.0,3163.0,3163.0,3108.0,3134.3,31880000,3447.7,2820.9,3839.9,2896.0,3136.3,4,1,3136.2,1,1,3136.1,198,2,3136.0,535,5,3135.9,22,1,3136.4,421,13,3136.5,146,9,3136.6,154,5,3136.7,131,5,3136.9,59,1
2031,2026-06-16 15:02:37+05:30,3136.3,5,3135.09,3158161,123479.0,194622.0,3163.0,3163.0,3108.0,3134.3,31880000,3447.7,2820.9,3839.9,2896.0,3136.3,4,1,3136.2,1,1,3136.1,198,2,3136.0,535,5,3135.9,22,1,3136.4,421,13,3136.5,146,9,3136.6,154,5,3136.7,131,5,3136.9,59,1
2031,2026-06-16 15:02:37+05:30,3136.1,50,3135.09,3158286,123134.0,195048.0,3163.0,3163.0,3108.0,3134.3,31880000,3447.7,2820.9,3839.9,2896.0,3136.1,147,1,3136.0,535,5,3135.9,22,1,3135.7,36,4,3135.6,1,1,3136.4,536,15,3136.5,146,9,3136.6,154,5,3136.7,131,5,3136.9,92,2
2031,2026-06-16 15:02:38+05:30,3136.0,44,3135.09,3158286,123134.0,195048.0,3163.0,3163.0,3108.0,3134.3,31880000,3447.7,2820.9,3839.9,2896.0,3136.1,147,1,3136.0,535,5,3135.9,22,1,3135.7,36,4,3135.6,1,1,3136.4,536,15,3136.5,146,9,3136.6,154,5,3136.7,131,5,3136.9,92,2
2031,2026-06-16 15:02:38+05:30,3136.1,19,3135.09,3158524,123126.0,195080.0,3163.0,3163.0,3108.0,3134.3,31880000,3447.7,2820.9,3839.9,2896.0,3136.1,61,2,3136.0,575,6,3135.7,36,4,3135.6,26,2,3135.5,124,2,3136.3,75,4,3136.4,464,15,3136.5,146,9,3136.6,154,5,3136.7,131,5
2031,2026-06-16 15:02:39+05:30,3136.3,1,3135.09,3158524,123126.0,195080.0,3163.0,3163.0,3108.0,3134.3,31880000,3447.7,2820.9,3839.9,2896.0,3136.1,61,2,3136.0,575,6,3135.7,36,4,3135.6,26,2,3135.5,124,2,3136.3,75,4,3136.4,464,15,3136.5,146,9,3136.6,154,5,3136.7,131,5
2031,2026-06-16 15:02:39+05:30,3136.3,29,3135.09,3158742,123155.0,195167.0,3163.0,3163.0,3108.0,3134.3,31880000,3447.7,2820.9,3839.9,2896.0,3136.0,600,7,3135.9,19,1,3135.7,36,4,3135.6,1,1,3135.5,37,2,3136.3,267,10,3136.4,383,10,3136.5,146,9,3136.6,212,7,3136.7,14,1
2031,2026-06-16 15:02:40+05:30,3136.0,38,3135.09,3158742,123155.0,195167.0,3163.0,3163.0,3108.0,3134.3,31880000,3447.7,2820.9,3839.9,2896.0,3136.0,600,7,3135.9,19,1,3135.7,36,4,3135.6,1,1,3135.5,37,2,3136.3,267,10,3136.4,383,10,3136.5,146,9,3136.6,212,7,3136.7,14,1
2031,2026-06-16 15:02:40+05:30,3136.3,27,3135.09,3158807,123239.0,195245.0,3163.0,3163.0,3108.0,3134.3,31880000,3447.7,2820.9,3839.9,2896.0,3136.1,6,1,3136.0,656,10,3135.9,19,1,3135.7,37,5,3135.6,1,1,3136.3,325,15,3136.4,324,9,3136.5,171,10,3136.6,246,7,3136.7,14,1
2031,2026-06-16 15:02:41+05:30,3136.2,1,3135.09,3158807,123239.0,195245.0,3163.0,3163.0,3108.0,3134.3,31880000,3447.7,2820.9,3839.9,2896.0,3136.1,6,1,3136.0,656,10,3135.9,19,1,3135.7,37,5,3135.6,1,1,3136.3,325,15,3136.4,324,9,3136.5,171,10,3136.6,246,7,3136.7,14,1
2031,2026-06-16 15:02:41+05:30,3136.2,1,3135.09,3158807,123239.0,195245.0,3163.0,3163.0,3108.0,3134.3,31880000,3447.7,2820.9,3839.9,2896.0,3136.1,6,1,3136.0,656,10,3135.9,19,1,3135.7,37,5,3135.6,1,1,3136.3,325,15,3136.4,324,9,3136.5,171,10,3136.6,246,7,3136.7,14,1
2031,2026-06-16 15:02:42+05:30,3136.0,38,3135.09,3158855,123168.0,195254.0,3163.0,3163.0,3108.0,3134.3,31880000,3447.7,2820.9,3839.9,2896.0,3136.0,634,11,3135.9,19,1,3135.7,36,4,3135.6,2,2,3135.5,37,2,3136.2,187,4,3136.3,298,15,3136.4,368,11,3136.5,126,9,3136.6,190,6
2031,2026-06-16 15:02:42+05:30,3136.0,38,3135.09,3158855,123168.0,195254.0,3163.0,3163.0,3108.0,3134.3,31880000,3447.7,2820.9,3839.9,2896.0,3136.0,634,11,3135.9,19,1,3135.7,36,4,3135.6,2,2,3135.5,37,2,3136.2,187,4,3136.3,298,15,3136.4,368,11,3136.5,126,9,3136.6,190,6
2031,2026-06-16 15:02:43+05:30,3136.1,1,3135.09,3158991,122893.0,195088.0,3163.0,3163.0,3108.0,3134.3,31880000,3447.7,2820.9,3839.9,2896.0,3136.0,521,10,3135.9,19,1,3135.7,37,5,3135.6,1,1,3135.5,37,2,3136.2,419,17,3136.3,129,6,3136.4,343,9,3136.5,152,10,3136.6,24,1
2031,2026-06-16 15:02:43+05:30,3136.0,2,3135.09,3158991,122893.0,195088.0,3163.0,3163.0,3108.0,3134.3,31880000,3447.7,2820.9,3839.9,2896.0,3136.0,521,10,3135.9,19,1,3135.7,37,5,3135.6,1,1,3135.5,37,2,3136.2,419,17,3136.3,129,6,3136.4,343,9,3136.5,152,10,3136.6,24,1
2031,2026-06-16 15:02:43+05:30,3136.0,2,3135.09,3158991,122893.0,195088.0,3163.0,3163.0,3108.0,3134.3,31880000,3447.7,2820.9,3839.9,2896.0,3136.0,521,10,3135.9,19,1,3135.7,37,5,3135.6,1,1,3135.5,37,2,3136.2,419,17,3136.3,129,6,3136.4,343,9,3136.5,152,10,3136.6,24,1
2031,2026-06-16 15:02:44+05:30,3136.0,4,3135.09,3159044,122944.0,195167.0,3163.0,3163.0,3108.0,3134.3,31880000,3447.7,2820.9,3839.9,2896.0,3136.0,478,10,3135.9,19,1,3135.7,37,5,3135.6,1,1,3135.5,37,2,3136.2,435,18,3136.3,153,7,3136.4,343,9,3136.5,152,10,3136.6,56,2
2031,2026-06-16 15:02:44+05:30,3136.2,10,3135.09,3159044,122944.0,195167.0,3163.0,3163.0,3108.0,3134.3,31880000,3447.7,2820.9,3839.9,2896.0,3136.0,478,10,3135.9,19,1,3135.7,37,5,3135.6,1,1,3135.5,37,2,3136.2,435,18,3136.3,153,7,3136.4,343,9,3136.5,152,10,3136.6,56,2
2031,2026-06-16 15:02:45+05:30,3136.1,7,3135.09,3159313,122909.0,195009.0,3163.0,3163.0,3108.0,3134.3,31880000,3447.7,2820.9,3839.9,2896.0,3136.1,1,1,3136.0,400,12,3135.9,20,2,3135.7,53,5,3135.6,1,1,3136.2,390,16,3136.3,120,5,3136.4,343,9,3136.5,152,10,3136.7,39,2
2031,2026-06-16 15:02:45+05:30,3136.0,9,3135.09,3159313,122909.0,195009.0,3163.0,3163.0,3108.0,3134.3,31880000,3447.7,2820.9,3839.9,2896.0,3136.1,1,1,3136.0,400,12,3135.9,20,2,3135.7,53,5,3135.6,1,1,3136.2,390,16,3136.3,120,5,3136.4,343,9,3136.5,152,10,3136.7,39,2
2031,2026-06-16 15:02:45+05:30,3136.0,9,3135.09,3159313,122909.0,195009.0,3163.0,3163.0,3108.0,3134.3,31880000,3447.7,2820.9,3839.9,2896.0,3136.1,1,1,3136.0,400,12,3135.9,20,2,3135.7,53,5,3135.6,1,1,3136.2,390,16,3136.3,120,5,3136.4,343,9,3136.5,152,10,3136.7,39,2
2031,2026-06-16 15:02:46+05:30,3136.0,9,3135.09,3159838,121637.0,193197.0,3163.0,3163.0,3108.0,3134.3,31880000,3447.7,2820.9,3839.9,2896.0,3136.0,56,5,3135.9,21,2,3135.8,1,1,3135.7,53,5,3135.6,1,1,3136.2,491,21,3136.3,186,6,3136.4,401,11,3136.5,154,11,3136.6,101,3
2031,2026-06-16 15:02:46+05:30,3136.0,9,3135.09,3159838,121637.0,193197.0,3163.0,3163.0,3108.0,3134.3,31880000,3447.7,2820.9,3839.9,2896.0,3136.0,56,5,3135.9,21,2,3135.8,1,1,3135.7,53,5,3135.6,1,1,3136.2,491,21,3136.3,186,6,3136.4,401,11,3136.5,154,11,3136.6,101,3
2031,2026-06-16 15:02:47+05:30,3136.0,6,3135.09,3159960,122101.0,195229.0,3163.0,3163.0,3108.0,3134.3,31880000,3447.7,2820.9,3839.9,2896.0,3136.0,34,4,3135.9,22,3,3135.7,53,5,3135.6,1,1,3135.5,37,2,3136.1,79,1,3136.2,510,20,3136.3,130,5,3136.4,399,11,3136.5,146,10
2031,2026-06-16 15:02:47+05:30,3136.0,6,3135.09,3159960,122101.0,195229.0,3163.0,3163.0,3108.0,3134.3,31880000,3447.7,2820.9,3839.9,2896.0,3136.0,34,4,3135.9,22,3,3135.7,53,5,3135.6,1,1,3135.5,37,2,3136.1,79,1,3136.2,510,20,3136.3,130,5,3136.4,399,11,3136.5,146,10
2031,2026-06-16 15:02:48+05:30,3136.0,6,3135.09,3159960,122101.0,195229.0,3163.0,3163.0,3108.0,3134.3,31880000,3447.7,2820.9,3839.9,2896.0,3136.0,34,4,3135.9,22,3,3135.7,53,5,3135.6,1,1,3135.5,37,2,3136.1,79,1,3136.2,510,20,3136.3,130,5,3136.4,399,11,3136.5,146,10
2031,2026-06-16 15:02:48+05:30,3136.0,14,3135.09,3159960,122101.0,195229.0,3163.0,3163.0,3108.0,3134.3,31880000,3447.7,2820.9,3839.9,2896.0,3136.0,34,4,3135.9,22,3,3135.7,53,5,3135.6,1,1,3135.5,37,2,3136.1,79,1,3136.2,510,20,3136.3,130,5,3136.4,399,11,3136.5,146,10
2031,2026-06-16 15:02:48+05:30,3136.0,14,3135.09,3160122,122124.0,195057.0,3163.0,3163.0,3108.0,3134.3,31880000,3447.7,2820.9,3839.9,2896.0,3136.0,74,7,3135.9,21,2,3135.7,53,5,3135.6,1,1,3135.5,37,2,3136.1,166,11,3136.2,367,11,3136.3,130,5,3136.4,423,11,3136.5,22,2
2031,2026-06-16 15:02:49+05:30,3136.0,13,3135.09,3160122,122124.0,195057.0,3163.0,3163.0,3108.0,3134.3,31880000,3447.7,2820.9,3839.9,2896.0,3136.0,74,7,3135.9,21,2,3135.7,53,5,3135.6,1,1,3135.5,37,2,3136.1,166,11,3136.2,367,11,3136.3,130,5,3136.4,423,11,3136.5,22,2
2031,2026-06-16 15:02:49+05:30,3136.0,13,3135.09,3160168,122300.0,195105.0,3163.0,3163.0,3108.0,3134.3,31880000,3447.7,2820.9,3839.9,2896.0,3136.0,71,5,3135.9,23,3,3135.7,53,5,3135.6,1,1,3135.5,37,2,3136.1,458,17,3136.2,175,4,3136.3,130,5,3136.4,367,10,3136.5,122,4
2031,2026-06-16 15:02:50+05:30,3136.1,4,3135.09,3160168,122300.0,195105.0,3163.0,3163.0,3108.0,3134.3,31880000,3447.7,2820.9,3839.9,2896.0,3136.0,71,5,3135.9,23,3,3135.7,53,5,3135.6,1,1,3135.5,37,2,3136.1,458,17,3136.2,175,4,3136.3,130,5,3136.4,367,10,3136.5,122,4
2031,2026-06-16 15:02:50+05:30,3136.1,4,3135.09,3160168,122300.0,195105.0,3163.0,3163.0,3108.0,3134.3,31880000,3447.7,2820.9,3839.9,2896.0,3136.0,71,5,3135.9,23,3,3135.7,53,5,3135.6,1,1,3135.5,37,2,3136.1,458,17,3136.2,175,4,3136.3,130,5,3136.4,367,10,3136.5,122,4
2031,2026-06-16 15:02:50+05:30,3136.0,25,3135.09,3160206,122393.0,194800.0,3163.0,3163.0,3108.0,3134.3,31880000,3447.7,2820.9,3839.9,2896.0,3136.0,60,6,3135.9,21,2,3135.7,53,5,3135.6,2,2,3135.5,37,2,3136.1,421,15,3136.2,198,5,3136.3,130,5,3136.4,398,11,3136.5,22,2
2031,2026-06-16 15:02:51+05:30,3136.0,51,3135.09,3160206,122393.0,194800.0,3163.0,3163.0,3108.0,3134.3,31880000,3447.7,2820.9,3839.9,2896.0,3136.0,60,6,3135.9,21,2,3135.7,53,5,3135.6,2,2,3135.5,37,2,3136.1,421,15,3136.2,198,5,3136.3,130,5,3136.4,398,11,3136.5,22,2
2031,2026-06-16 15:02:51+05:30,3136.0,8,3135.09,3160400,121816.0,195146.0,3163.0,3163.0,3108.0,3134.3,31880000,3447.7,2820.9,3839.9,2896.0,3136.0,9,2,3135.9,19,1,3135.7,32,4,3135.6,2,2,3135.5,37,2,3136.1,458,18,3136.2,198,5,3136.3,184,6,3136.4,392,10,3136.5,67,3
2031,2026-06-16 15:02:52+05:30,3136.0,8,3135.09,3160400,121816.0,195146.0,3163.0,3163.0,3108.0,3134.3,31880000,3447.7,2820.9,3839.9,2896.0,3136.0,9,2,3135.9,19,1,3135.7,32,4,3135.6,2,2,3135.5,37,2,3136.1,458,18,3136.2,198,5,3136.3,184,6,3136.4,392,10,3136.5,67,3
2031,2026-06-16 15:02:52+05:30,3136.1,1,3135.09,3160400,121816.0,195146.0,3163.0,3163.0,3108.0,3134.3,31880000,3447.7,2820.9,3839.9,2896.0,3136.0,9,2,3135.9,19,1,3135.7,32,4,3135.6,2,2,3135.5,37,2,3136.1,458,18,3136.2,198,5,3136.3,184,6,3136.4,392,10,3136.5,67,3
2031,2026-06-16 15:02:52+05:30,3136.1,1,3135.09,3160568,121707.0,195082.0,3163.0,3163.0,3108.0,3134.3,31880000,3447.7,2820.9,3839.9,2896.0,3136.0,10,1,3135.8,1,1,3135.6,1,1,3135.5,35,2,3135.4,105,4,3136.1,422,16,3136.2,175,4,3136.3,119,4,3136.4,361,9,3136.5,22,2
2031,2026-06-16 15:02:53+05:30,3136.0,106,3135.09,3160568,121707.0,195082.0,3163.0,3163.0,3108.0,3134.3,31880000,3447.7,2820.9,3839.9,2896.0,3136.0,10,1,3135.8,1,1,3135.6,1,1,3135.5,35,2,3135.4,105,4,3136.1,422,16,3136.2,175,4,3136.3,119,4,3136.4,361,9,3136.5,22,2
2031,2026-06-16 15:02:53+05:30,3136.0,106,3135.09,3160568,121707.0,195082.0,3163.0,3163.0,3108.0,3134.3,31880000,3447.7,2820.9,3839.9,2896.0,3136.0,10,1,3135.8,1,1,3135.6,1,1,3135.5,35,2,3135.4,105,4,3136.1,422,16,3136.2,175,4,3136.3,119,4,3136.4,361,9,3136.5,22,2
2031,2026-06-16 15:02:54+05:30,3136.0,106,3135.09,3160684,122562.0,195125.0,3163.0,3163.0,3108.0,3134.3,31880000,3447.7,2820.9,3839.9,2896.0,3136.0,300,4,3135.8,224,1,3135.7,51,2,3135.5,58,3,3135.4,132,5,3136.1,422,16,3136.2,180,5,3136.3,119,4,3136.4,337,8,3136.5,4,1
2031,2026-06-16 15:02:54+05:30,3136.0,26,3135.09,3160684,122562.0,195125.0,3163.0,3163.0,3108.0,3134.3,31880000,3447.7,2820.9,3839.9,2896.0,3136.0,300,4,3135.8,224,1,3135.7,51,2,3135.5,58,3,3135.4,132,5,3136.1,422,16,3136.2,180,5,3136.3,119,4,3136.4,337,8,3136.5,4,1
2031,2026-06-16 15:02:54+05:30,3136.0,26,3135.09,3160684,122562.0,195125.0,3163.0,3163.0,3108.0,3134.3,31880000,3447.7,2820.9,3839.9,2896.0,3136.0,300,4,3135.8,224,1,3135.7,51,2,3135.5,58,3,3135.4,132,5,3136.1,422,16,3136.2,180,5,3136.3,119,4,3136.4,337,8,3136.5,4,1
2031,2026-06-16 15:02:55+05:30,3136.1,45,3135.09,3161316,123195.0,194196.0,3163.0,3163.0,3108.0,3134.3,31880000,3447.7,2820.9,3839.9,2896.0,3136.0,313,8,3135.9,25,1,3135.8,231,2,3135.7,74,3,3135.6,27,1,3136.1,239,7,3136.2,206,5,3136.3,119,4,3136.4,337,8,3136.5,4,1
2031,2026-06-16 15:02:55+05:30,3136.1,45,3135.09,3161316,123195.0,194196.0,3163.0,3163.0,3108.0,3134.3,31880000,3447.7,2820.9,3839.9,2896.0,3136.0,313,8,3135.9,25,1,3135.8,231,2,3135.7,74,3,3135.6,27,1,3136.1,239,7,3136.2,206,5,3136.3,119,4,3136.4,337,8,3136.5,4,1
2031,2026-06-16 15:02:55+05:30,3136.0,2,3135.09,3161316,123195.0,194196.0,3163.0,3163.0,3108.0,3134.3,31880000,3447.7,2820.9,3839.9,2896.0,3136.0,313,8,3135.9,25,1,3135.8,231,2,3135.7,74,3,3135.6,27,1,3136.1,239,7,3136.2,206,5,3136.3,119,4,3136.4,337,8,3136.5,4,1
2031,2026-06-16 15:02:55+05:30,3136.0,2,3135.09,3161316,123195.0,194196.0,3163.0,3163.0,3108.0,3134.3,31880000,3447.7,2820.9,3839.9,2896.0,3136.0,313,8,3135.9,25,1,3135.8,231,2,3135.7,74,3,3135.6,27,1,3136.1,239,7,3136.2,206,5,3136.3,119,4,3136.4,337,8,3136.5,4,1
2031,2026-06-16 15:02:56+05:30,3136.0,16,3135.09,3161389,122713.0,193969.0,3163.0,3163.0,3108.0,3134.3,31880000,3447.7,2820.9,3839.9,2896.0,3136.0,286,9,3135.9,49,2,3135.8,225,2,3135.7,50,1,3135.6,24,1,3136.1,366,11,3136.2,206,5,3136.3,319,5,3136.4,319,8,3136.5,4,1
2031,2026-06-16 15:02:56+05:30,3136.0,16,3135.09,3161389,122713.0,193969.0,3163.0,3163.0,3108.0,3134.3,31880000,3447.7,2820.9,3839.9,2896.0,3136.0,286,9,3135.9,49,2,3135.8,225,2,3135.7,50,1,3135.6,24,1,3136.1,366,11,3136.2,206,5,3136.3,319,5,3136.4,319,8,3136.5,4,1
2031,2026-06-16 15:02:56+05:30,3136.0,9,3135.09,3161389,122713.0,193969.0,3163.0,3163.0,3108.0,3134.3,31880000,3447.7,2820.9,3839.9,2896.0,3136.0,286,9,3135.9,49,2,3135.8,225,2,3135.7,50,1,3135.6,24,1,3136.1,366,11,3136.2,206,5,3136.3,319,5,3136.4,319,8,3136.5,4,1
2031,2026-06-16 15:02:57+05:30,3136.0,9,3135.09,3161389,122713.0,193969.0,3163.0,3163.0,3108.0,3134.3,31880000,3447.7,2820.9,3839.9,2896.0,3136.0,286,9,3135.9,49,2,3135.8,225,2,3135.7,50,1,3135.6,24,1,3136.1,366,11,3136.2,206,5,3136.3,319,5,3136.4,319,8,3136.5,4,1
2031,2026-06-16 15:02:57+05:30,3136.0,13,3135.09,3161552,122703.0,193991.0,3163.0,3163.0,3108.0,3134.3,31880000,3447.7,2820.9,3839.9,2896.0,3136.0,219,7,3135.9,26,2,3135.8,238,2,3135.7,50,1,3135.5,35,2,3136.1,288,12,3136.2,206,5,3136.3,119,4,3136.4,316,7,3136.5,4,1
2031,2026-06-16 15:02:57+05:30,3136.0,10,3135.09,3161552,122703.0,193991.0,3163.0,3163.0,3108.0,3134.3,31880000,3447.7,2820.9,3839.9,2896.0,3136.0,219,7,3135.9,26,2,3135.8,238,2,3135.7,50,1,3135.5,35,2,3136.1,288,12,3136.2,206,5,3136.3,119,4,3136.4,316,7,3136.5,4,1
2031,2026-06-16 15:02:58+05:30,3136.0,10,3135.09,3161552,122703.0,193991.0,3163.0,3163.0,3108.0,3134.3,31880000,3447.7,2820.9,3839.9,2896.0,3136.0,219,7,3135.9,26,2,3135.8,238,2,3135.7,50,1,3135.5,35,2,3136.1,288,12,3136.2,206,5,3136.3,119,4,3136.4,316,7,3136.5,4,1
2031,2026-06-16 15:02:58+05:30,3136.0,5,3135.09,3161702,122905.0,194202.0,3163.0,3163.0,3108.0,3134.3,31880000,3447.7,2820.9,3839.9,2896.0,3136.0,184,8,3135.9,25,1,3135.8,224,1,3135.7,66,2,3135.5,35,2,3136.1,406,14,3136.2,206,5,3136.3,182,6,3136.4,426,10,3136.5,22,2
2031,2026-06-16 15:02:58+05:30,3136.0,5,3135.09,3161702,122905.0,194202.0,3163.0,3163.0,3108.0,3134.3,31880000,3447.7,2820.9,3839.9,2896.0,3136.0,184,8,3135.9,25,1,3135.8,224,1,3135.7,66,2,3135.5,35,2,3136.1,406,14,3136.2,206,5,3136.3,182,6,3136.4,426,10,3136.5,22,2
2031,2026-06-16 15:02:58+05:30,3136.0,5,3135.09,3161702,122905.0,194202.0,3163.0,3163.0,3108.0,3134.3,31880000,3447.7,2820.9,3839.9,2896.0,3136.0,184,8,3135.9,25,1,3135.8,224,1,3135.7,66,2,3135.5,35,2,3136.1,406,14,3136.2,206,5,3136.3,182,6,3136.4,426,10,3136.5,22,2
2031,2026-06-16 15:02:59+05:30,3136.1,1,3135.09,3161791,122777.0,194306.0,3163.0,3163.0,3108.0,3134.3,31880000,3447.7,2820.9,3839.9,2896.0,3136.0,164,7,3135.9,25,1,3135.8,224,1,3135.7,50,1,3135.5,35,2,3136.1,466,18,3136.2,206,5,3136.3,130,5,3136.4,450,10,3136.5,22,2
2031,2026-06-16 15:02:59+05:30,3136.1,1,3135.09,3161791,122777.0,194306.0,3163.0,3163.0,3108.0,3134.3,31880000,3447.7,2820.9,3839.9,2896.0,3136.0,164,7,3135.9,25,1,3135.8,224,1,3135.7,50,1,3135.5,35,2,3136.1,466,18,3136.2,206,5,3136.3,130,5,3136.4,450,10,3136.5,22,2
2031,2026-06-16 15:02:59+05:30,3136.1,1,3135.09,3161791,122777.0,194306.0,3163.0,3163.0,3108.0,3134.3,31880000,3447.7,2820.9,3839.9,2896.0,3136.0,164,7,3135.9,25,1,3135.8,224,1,3135.7,50,1,3135.5,35,2,3136.1,466,18,3136.2,206,5,3136.3,130,5,3136.4,450,10,3136.5,22,2
2031,2026-06-16 15:03:00+05:30,3136.0,6,3135.09,3161791,122777.0,194306.0,3163.0,3163.0,3108.0,3134.3,31880000,3447.7,2820.9,3839.9,2896.0,3136.0,164,7,3135.9,25,1,3135.8,224,1,3135.7,50,1,3135.5,35,2,3136.1,466,18,3136.2,206,5,3136.3,130,5,3136.4,450,10,3136.5,22,2
2031,2026-06-16 15:03:00+05:30,3136.0,6,3135.09,3162377,120490.0,194274.0,3163.0,3163.0,3108.0,3134.3,31880000,3447.7,2820.9,3839.9,2896.0,3136.0,44,4,3135.9,25,1,3135.8,224,1,3135.7,50,1,3135.5,35,2,3136.1,281,15,3136.2,206,5,3136.3,130,5,3136.4,427,10,3136.5,22,2
2031,2026-06-16 15:03:00+05:30,3136.0,6,3135.09,3162377,120490.0,194274.0,3163.0,3163.0,3108.0,3134.3,31880000,3447.7,2820.9,3839.9,2896.0,3136.0,44,4,3135.9,25,1,3135.8,224,1,3135.7,50,1,3135.5,35,2,3136.1,281,15,3136.2,206,5,3136.3,130,5,3136.4,427,10,3136.5,22,2
2031,2026-06-16 15:03:01+05:30,3136.0,1,3135.09,3162377,120490.0,194274.0,3163.0,3163.0,3108.0,3134.3,31880000,3447.7,2820.9,3839.9,2896.0,3136.0,44,4,3135.9,25,1,3135.8,224,1,3135.7,50,1,3135.5,35,2,3136.1,281,15,3136.2,206,5,3136.3,130,5,3136.4,427,10,3136.5,22,2
2031,2026-06-16 15:03:01+05:30,3136.0,1,3135.09,3162377,120490.0,194274.0,3163.0,3163.0,3108.0,3134.3,31880000,3447.7,2820.9,3839.9,2896.0,3136.0,44,4,3135.9,25,1,3135.8,224,1,3135.7,50,1,3135.5,35,2,3136.1,281,15,3136.2,206,5,3136.3,130,5,3136.4,427,10,3136.5,22,2
2031,2026-06-16 15:03:01+05:30,3136.0,1,3135.1,3162738,121048.0,194127.0,3163.0,3163.0,3108.0,3134.3,31880000,3447.7,2820.9,3839.9,2896.0,3136.0,62,3,3135.9,1,1,3135.8,239,2,3135.7,50,1,3135.5,35,2,3136.1,184,13,3136.2,200,5,3136.3,130,5,3136.4,363,8,3136.5,22,2
2031,2026-06-16 15:03:02+05:30,3136.0,6,3135.1,3162738,121048.0,194127.0,3163.0,3163.0,3108.0,3134.3,31880000,3447.7,2820.9,3839.9,2896.0,3136.0,62,3,3135.9,1,1,3135.8,239,2,3135.7,50,1,3135.5,35,2,3136.1,184,13,3136.2,200,5,3136.3,130,5,3136.4,363,8,3136.5,22,2
2031,2026-06-16 15:03:02+05:30,3136.0,6,3135.1,3162738,121048.0,194127.0,3163.0,3163.0,3108.0,3134.3,31883400,3447.7,2820.9,3839.9,2896.0,3136.0,62,3,3135.9,1,1,3135.8,239,2,3135.7,50,1,3135.5,35,2,3136.1,184,13,3136.2,200,5,3136.3,130,5,3136.4,363,8,3136.5,22,2
2031,2026-06-16 15:03:02+05:30,3136.0,8,3135.1,3162770,122268.0,194121.0,3163.0,3163.0,3108.0,3134.3,31883400,3447.7,2820.9,3839.9,2896.0,3136.0,475,8,3135.9,284,2,3135.8,507,2,3135.7,134,1,3135.5,35,2,3136.1,242,15,3136.2,178,5,3136.3,119,4,3136.4,339,7,3136.5,22,2
2031,2026-06-16 15:03:03+05:30,3136.0,2,3135.1,3162770,122268.0,194121.0,3163.0,3163.0,3108.0,3134.3,31883400,3447.7,2820.9,3839.9,2896.0,3136.0,475,8,3135.9,284,2,3135.8,507,2,3135.7,134,1,3135.5,35,2,3136.1,242,15,3136.2,178,5,3136.3,119,4,3136.4,339,7,3136.5,22,2
2031,2026-06-16 15:03:03+05:30,3136.0,2,3135.1,3162809,122514.0,194367.0,3163.0,3163.0,3108.0,3134.3,31883400,3447.7,2820.9,3839.9,2896.0,3136.0,484,9,3135.9,284,2,3135.8,507,2,3135.7,134,1,3135.5,35,2,3136.1,287,17,3136.2,187,6,3136.3,144,5,3136.4,363,8,3136.5,22,2
2031,2026-06-16 15:03:04+05:30,3136.1,23,3135.1,3162809,122514.0,194367.0,3163.0,3163.0,3108.0,3134.3,31883400,3447.7,2820.9,3839.9,2896.0,3136.0,484,9,3135.9,284,2,3135.8,507,2,3135.7,134,1,3135.5,35,2,3136.1,287,17,3136.2,187,6,3136.3,144,5,3136.4,363,8,3136.5,22,2
2031,2026-06-16 15:03:04+05:30,3136.0,6,3135.1,3162950,122903.0,194250.0,3163.0,3163.0,3108.0,3134.3,31883400,3447.7,2820.9,3839.9,2896.0,3136.0,480,10,3135.9,284,2,3135.8,587,3,3135.7,134,1,3135.5,35,2,3136.1,261,16,3136.2,184,5,3136.3,144,5,3136.4,285,6,3136.5,22,2
2031,2026-06-16 15:03:05+05:30,3136.1,1,3135.1,3162950,122903.0,194250.0,3163.0,3163.0,3108.0,3134.3,31883400,3447.7,2820.9,3839.9,2896.0,3136.0,480,10,3135.9,284,2,3135.8,587,3,3135.7,134,1,3135.5,35,2,3136.1,261,16,3136.2,184,5,3136.3,144,5,3136.4,285,6,3136.5,22,2
2031,2026-06-16 15:03:05+05:30,3136.0,24,3135.1,3163461,121789.0,194249.0,3163.0,3163.0,3108.0,3134.3,31883400,3447.7,2820.9,3839.9,2896.0,3136.0,71,5,3135.9,284,2,3135.8,587,3,3135.7,134,1,3135.5,35,2,3136.1,264,17,3136.2,184,5,3136.3,144,5,3136.4,285,6,3136.5,22,2
2031,2026-06-16 15:03:06+05:30,3136.0,7,3135.1,3163461,121789.0,194249.0,3163.0,3163.0,3108.0,3134.3,31883400,3447.7,2820.9,3839.9,2896.0,3136.0,71,5,3135.9,284,2,3135.8,587,3,3135.7,134,1,3135.5,35,2,3136.1,264,17,3136.2,184,5,3136.3,144,5,3136.4,285,6,3136.5,22,2
2031,2026-06-16 15:03:06+05:30,3136.0,8,3135.1,3163875,121354.0,194352.0,3163.0,3163.0,3108.0,3134.3,31883400,3447.7,2820.9,3839.9,2896.0,3136.0,19,2,3135.9,283,1,3135.8,587,3,3135.7,134,1,3135.5,35,2,3136.1,336,20,3136.2,209,6,3136.3,155,6,3136.4,310,7,3136.5,109,4
2031,2026-06-16 15:03:07+05:30,3136.0,8,3135.1,3163875,121354.0,194352.0,3163.0,3163.0,3108.0,3134.3,31883400,3447.7,2820.9,3839.9,2896.0,3136.0,19,2,3135.9,283,1,3135.8,587,3,3135.7,134,1,3135.5,35,2,3136.1,336,20,3136.2,209,6,3136.3,155,6,3136.4,310,7,3136.5,109,4
2031,2026-06-16 15:03:07+05:30,3136.0,11,3135.1,3163964,121621.0,194493.0,3163.0,3163.0,3108.0,3134.3,31883400,3447.7,2820.9,3839.9,2896.0,3136.0,5,1,3135.9,283,1,3135.8,587,3,3135.7,134,1,3135.5,35,2,3136.1,382,22,3136.2,218,6,3136.3,155,6,3136.4,398,9,3136.5,68,3
2031,2026-06-16 15:03:08+05:30,3136.0,1,3135.1,3163964,121621.0,194493.0,3163.0,3163.0,3108.0,3134.3,31883400,3447.7,2820.9,3839.9,2896.0,3136.0,5,1,3135.9,283,1,3135.8,587,3,3135.7,134,1,3135.5,35,2,3136.1,382,22,3136.2,218,6,3136.3,155,6,3136.4,398,9,3136.5,68,3
2031,2026-06-16 15:03:09+05:30,3135.9,19,3135.1,3164018,121700.0,194571.0,3163.0,3163.0,3108.0,3134.3,31883400,3447.7,2820.9,3839.9,2896.0,3136.0,3,1,3135.9,264,1,3135.8,587,3,3135.7,134,1,3135.5,35,2,3136.1,430,24,3136.2,243,7,3136.3,155,6,3136.4,398,9,3136.5,68,3
2031,2026-06-16 15:03:09+05:30,3136.1,20,3135.1,3164018,121700.0,194571.0,3163.0,3163.0,3108.0,3134.3,31883400,3447.7,2820.9,3839.9,2896.0,3136.0,3,1,3135.9,264,1,3135.8,587,3,3135.7,134,1,3135.5,35,2,3136.1,430,24,3136.2,243,7,3136.3,155,6,3136.4,398,9,3136.5,68,3
2031,2026-06-16 15:03:10+05:30,3136.1,6,3135.1,3164271,121293.0,194411.0,3163.0,3163.0,3108.0,3134.3,31883400,3447.7,2820.9,3839.9,2896.0,3136.0,7,2,3135.9,72,1,3135.8,587,3,3135.7,134,1,3135.5,35,2,3136.1,408,25,3136.2,184,5,3136.3,144,5,3136.4,398,9,3136.5,22,2
2031,2026-06-16 15:03:10+05:30,3136.1,6,3135.1,3164271,121293.0,194411.0,3163.0,3163.0,3108.0,3134.3,31883400,3447.7,2820.9,3839.9,2896.0,3136.0,7,2,3135.9,72,1,3135.8,587,3,3135.7,134,1,3135.5,35,2,3136.1,408,25,3136.2,184,5,3136.3,144,5,3136.4,398,9,3136.5,22,2
2031,2026-06-16 15:03:11+05:30,3136.1,1,3135.1,3164536,121135.0,194265.0,3163.0,3163.0,3108.0,3134.3,31883400,3447.7,2820.9,3839.9,2896.0,3136.0,3,1,3135.8,560,3,3135.7,134,1,3135.6,1,1,3135.5,35,2,3136.1,495,26,3136.2,191,6,3136.3,133,4,3136.4,185,5,3136.5,55,3
2031,2026-06-16 15:03:11+05:30,3135.8,113,3135.1,3164536,121135.0,194265.0,3163.0,3163.0,3108.0,3134.3,31883400,3447.7,2820.9,3839.9,2896.0,3136.0,3,1,3135.8,560,3,3135.7,134,1,3135.6,1,1,3135.5,35,2,3136.1,495,26,3136.2,191,6,3136.3,133,4,3136.4,185,5,3136.5,55,3
2031,2026-06-16 15:03:12+05:30,3136.1,1,3135.1,3164653,121746.0,194170.0,3163.0,3163.0,3108.0,3134.3,31883400,3447.7,2820.9,3839.9,2896.0,3136.0,1,1,3135.8,449,4,3135.7,134,1,3135.6,1,1,3135.5,35,2,3136.1,487,26,3136.2,184,5,3136.3,133,4,3136.4,185,5,3136.5,22,2
2031,2026-06-16 15:03:12+05:30,3135.8,19,3135.1,3164653,121746.0,194170.0,3163.0,3163.0,3108.0,3134.3,31883400,3447.7,2820.9,3839.9,2896.0,3136.0,1,1,3135.8,449,4,3135.7,134,1,3135.6,1,1,3135.5,35,2,3136.1,487,26,3136.2,184,5,3136.3,133,4,3136.4,185,5,3136.5,22,2
2031,2026-06-16 15:03:13+05:30,3136.0,1,3135.1,3164894,121765.0,194151.0,3163.0,3163.0,3108.0,3134.3,31883400,3447.7,2820.9,3839.9,2896.0,3135.8,404,4,3135.7,158,2,3135.5,36,3,3135.4,132,5,3135.3,199,5,3136.0,2,2,3136.1,416,16,3136.2,184,5,3136.3,133,4,3136.4,185,5
2031,2026-06-16 15:03:13+05:30,3136.0,1,3135.1,3164894,121765.0,194151.0,3163.0,3163.0,3108.0,3134.3,31883400,3447.7,2820.9,3839.9,2896.0,3135.8,404,4,3135.7,158,2,3135.5,36,3,3135.4,132,5,3135.3,199,5,3136.0,2,2,3136.1,416,16,3136.2,184,5,3136.3,133,4,3136.4,185,5
2031,2026-06-16 15:03:14+05:30,3135.8,28,3135.1,3164894,121765.0,194151.0,3163.0,3163.0,3108.0,3134.3,31883400,3447.7,2820.9,3839.9,2896.0,3135.8,404,4,3135.7,158,2,3135.5,36,3,3135.4,132,5,3135.3,199,5,3136.0,2,2,3136.1,416,16,3136.2,184,5,3136.3,133,4,3136.4,185,5
2031,2026-06-16 15:03:14+05:30,3135.8,28,3135.1,3164922,121501.0,194104.0,3163.0,3163.0,3108.0,3134.3,31883400,3447.7,2820.9,3839.9,2896.0,3135.9,1,1,3135.8,376,4,3135.7,134,1,3135.6,1,1,3135.5,35,2,3136.0,134,8,3136.1,348,10,3136.2,184,5,3136.3,133,4,3136.4,22,1
2031,2026-06-16 15:03:15+05:30,3136.0,1,3135.1,3164922,121501.0,194104.0,3163.0,3163.0,3108.0,3134.3,31883400,3447.7,2820.9,3839.9,2896.0,3135.9,1,1,3135.8,376,4,3135.7,134,1,3135.6,1,1,3135.5,35,2,3136.0,134,8,3136.1,348,10,3136.2,184,5,3136.3,133,4,3136.4,22,1
2031,2026-06-16 15:03:15+05:30,3136.1,1,3135.1,3166095,122804.0,192193.0,3163.0,3163.0,3108.0,3134.3,31883400,3447.7,2820.9,3839.9,2896.0,3135.9,119,9,3135.8,551,8,3135.7,181,4,3135.6,53,2,3135.5,113,4,3136.2,17,2,3136.3,113,3,3136.4,22,1,3136.5,4,1,3137.0,80,1
2031,2026-06-16 15:03:16+05:30,3135.9,9,3135.1,3166095,122804.0,192193.0,3163.0,3163.0,3108.0,3134.3,31883400,3447.7,2820.9,3839.9,2896.0,3135.9,119,9,3135.8,551,8,3135.7,181,4,3135.6,53,2,3135.5,113,4,3136.2,17,2,3136.3,113,3,3136.4,22,1,3136.5,4,1,3137.0,80,1
2031,2026-06-16 15:03:16+05:30,3135.9,9,3135.1,3166256,122161.0,192800.0,3163.0,3163.0,3108.0,3134.3,31883400,3447.7,2820.9,3839.9,2896.0,3135.9,102,2,3135.8,403,7,3135.7,170,3,3135.6,56,2,3135.5,85,3,3136.2,5,1,3136.3,118,4,3136.4,22,1,3136.5,4,1,3137.0,80,1
2031,2026-06-16 15:03:17+05:30,3136.0,3,3135.1,3166256,122161.0,192800.0,3163.0,3163.0,3108.0,3134.3,31883400,3447.7,2820.9,3839.9,2896.0,3135.9,102,2,3135.8,403,7,3135.7,170,3,3135.6,56,2,3135.5,85,3,3136.2,5,1,3136.3,118,4,3136.4,22,1,3136.5,4,1,3137.0,80,1
2031,2026-06-16 15:03:17+05:30,3136.0,3,3135.1,3166280,122107.0,193016.0,3163.0,3163.0,3108.0,3134.3,31883400,3447.7,2820.9,3839.9,2896.0,3135.9,55,1,3135.8,380,7,3135.7,149,2,3135.5,111,4,3135.4,61,2,3136.0,101,2,3136.2,34,3,3136.3,118,4,3136.4,22,1,3136.5,4,1
2031,2026-06-16 15:03:18+05:30,3135.9,3,3135.1,3166280,122107.0,193016.0,3163.0,3163.0,3108.0,3134.3,31883400,3447.7,2820.9,3839.9,2896.0,3135.9,55,1,3135.8,380,7,3135.7,149,2,3135.5,111,4,3135.4,61,2,3136.0,101,2,3136.2,34,3,3136.3,118,4,3136.4,22,1,3136.5,4,1
2031,2026-06-16 15:03:18+05:30,3136.3,1,3135.1,3166484,122381.0,193343.0,3163.0,3163.0,3108.0,3134.3,31883400,3447.7,2820.9,3839.9,2896.0,3136.1,1,1,3135.9,102,2,3135.8,394,8,3135.7,170,3,3135.5,85,3,3136.3,136,5,3136.4,22,1,3136.5,4,1,3136.8,35,1,3136.9,27,1
2031,2026-06-16 15:03:19+05:30,3136.3,8,3135.1,3166484,122381.0,193343.0,3163.0,3163.0,3108.0,3134.3,31883400,3447.7,2820.9,3839.9,2896.0,3136.1,1,1,3135.9,102,2,3135.8,394,8,3135.7,170,3,3135.5,85,3,3136.3,136,5,3136.4,22,1,3136.5,4,1,3136.8,35,1,3136.9,27,1
2031,2026-06-16 15:03:19+05:30,3136.3,10,3135.1,3166632,122178.0,192962.0,3163.0,3163.0,3108.0,3134.3,31883400,3447.7,2820.9,3839.9,2896.0,3135.9,65,2,3135.8,393,7,3135.7,170,3,3135.5,85,3,3135.4,63,3,3136.3,49,4,3136.4,22,1,3136.5,4,1,3136.6,11,1,3136.7,26,1
2031,2026-06-16 15:03:20+05:30,3136.4,5,3135.1,3166632,122178.0,192962.0,3163.0,3163.0,3108.0,3134.3,31883400,3447.7,2820.9,3839.9,2896.0,3135.9,65,2,3135.8,393,7,3135.7,170,3,3135.5,85,3,3135.4,63,3,3136.3,49,4,3136.4,22,1,3136.5,4,1,3136.6,11,1,3136.7,26,1
2031,2026-06-16 15:03:20+05:30,3136.3,2,3135.1,3166999,122597.0,192423.0,3163.0,3163.0,3108.0,3134.3,31883400,3447.7,2820.9,3839.9,2896.0,3136.2,385,1,3136.0,72,3,3135.9,97,4,3135.8,548,11,3135.7,155,2,3136.3,22,1,3136.4,17,1,3136.5,4,1,3137.0,80,1,3137.1,59,3
2031,2026-06-16 15:03:21+05:30,3136.3,1,3135.1,3166999,122597.0,192423.0,3163.0,3163.0,3108.0,3134.3,31883400,3447.7,2820.9,3839.9,2896.0,3136.2,385,1,3136.0,72,3,3135.9,97,4,3135.8,548,11,3135.7,155,2,3136.3,22,1,3136.4,17,1,3136.5,4,1,3137.0,80,1,3137.1,59,3
2031,2026-06-16 15:03:22+05:30,3136.3,11,3135.1,3167011,122681.0,192401.0,3163.0,3163.0,3108.0,3134.3,31883400,3447.7,2820.9,3839.9,2896.0,3136.2,470,2,3136.0,46,2,3135.9,97,4,3135.8,530,8,3135.7,183,4,3136.3,37,4,3136.4,17,1,3136.5,4,1,3137.0,80,1,3137.1,53,3
2031,2026-06-16 15:03:22+05:30,3136.3,11,3135.1,3167011,122681.0,192401.0,3163.0,3163.0,3108.0,3134.3,31883400,3447.7,2820.9,3839.9,2896.0,3136.2,470,2,3136.0,46,2,3135.9,97,4,3135.8,530,8,3135.7,183,4,3136.3,37,4,3136.4,17,1,3136.5,4,1,3137.0,80,1,3137.1,53,3
2031,2026-06-16 15:03:23+05:30,3136.3,74,3135.1,3167180,122673.0,192443.0,3163.0,3163.0,3108.0,3134.3,31883400,3447.7,2820.9,3839.9,2896.0,3136.2,470,2,3135.9,97,4,3135.8,530,8,3135.7,173,4,3135.6,29,1,3136.3,42,1,3136.4,34,2,3136.5,4,1,3137.0,98,2,3137.1,53,3
2031,2026-06-16 15:03:23+05:30,3136.2,1,3135.1,3167180,122673.0,192443.0,3163.0,3163.0,3108.0,3134.3,31883400,3447.7,2820.9,3839.9,2896.0,3136.2,470,2,3135.9,97,4,3135.8,530,8,3135.7,173,4,3135.6,29,1,3136.3,42,1,3136.4,34,2,3136.5,4,1,3137.0,98,2,3137.1,53,3
2031,2026-06-16 15:03:23+05:30,3136.2,1,3135.1,3167184,122517.0,192648.0,3163.0,3163.0,3108.0,3134.3,31883400,3447.7,2820.9,3839.9,2896.0,3136.2,474,5,3135.9,78,4,3135.8,390,5,3135.7,171,3,3135.5,87,4,3136.3,186,7,3136.4,129,4,3136.5,4,1,3136.9,26,1,3137.0,208,3
2031,2026-06-16 15:03:24+05:30,3136.3,1,3135.1,3167184,122517.0,192648.0,3163.0,3163.0,3108.0,3134.3,31883400,3447.7,2820.9,3839.9,2896.0,3136.2,474,5,3135.9,78,4,3135.8,390,5,3135.7,171,3,3135.5,87,4,3136.3,186,7,3136.4,129,4,3136.5,4,1,3136.9,26,1,3137.0,208,3
2031,2026-06-16 15:03:25+05:30,3136.3,1,3135.1,3167230,122686.0,192863.0,3163.0,3163.0,3108.0,3134.3,31883400,3447.7,2820.9,3839.9,2896.0,3136.2,495,8,3136.0,200,1,3135.9,37,3,3135.8,390,5,3135.7,155,2,3136.3,273,10,3136.4,129,4,3136.5,4,1,3136.8,26,1,3137.0,234,4
2031,2026-06-16 15:03:25+05:30,3136.3,5,3135.1,3167230,122686.0,192863.0,3163.0,3163.0,3108.0,3134.3,31883400,3447.7,2820.9,3839.9,2896.0,3136.2,495,8,3136.0,200,1,3135.9,37,3,3135.8,390,5,3135.7,155,2,3136.3,273,10,3136.4,129,4,3136.5,4,1,3136.8,26,1,3137.0,234,4
2031,2026-06-16 15:03:26+05:30,3136.3,5,3135.1,3167247,122811.0,192553.0,3163.0,3163.0,3108.0,3134.3,31883400,3447.7,2820.9,3839.9,2896.0,3136.2,580,10,3136.1,14,1,3136.0,269,5,3135.9,21,1,3135.8,443,7,3136.3,256,10,3136.4,129,4,3136.5,4,1,3137.0,208,3,3137.1,5,2
2031,2026-06-16 15:03:26+05:30,3136.3,7,3135.1,3167247,122811.0,192553.0,3163.0,3163.0,3108.0,3134.3,31883400,3447.7,2820.9,3839.9,2896.0,3136.2,580,10,3136.1,14,1,3136.0,269,5,3135.9,21,1,3135.8,443,7,3136.3,256,10,3136.4,129,4,3136.5,4,1,3137.0,208,3,3137.1,5,2
2031,2026-06-16 15:03:27+05:30,3136.3,7,3135.1,3167547,123119.0,192444.0,3163.0,3163.0,3108.0,3134.3,31883400,3447.7,2820.9,3839.9,2896.0,3136.2,417,9,3136.1,14,1,3136.0,469,6,3135.9,21,1,3135.8,553,8,3136.3,126,5,3136.4,129,4,3136.5,4,1,3137.0,98,2,3137.1,5,2
2031,2026-06-16 15:03:27+05:30,3136.2,1,3135.1,3167547,123119.0,192444.0,3163.0,3163.0,3108.0,3134.3,31883400,3447.7,2820.9,3839.9,2896.0,3136.2,417,9,3136.1,14,1,3136.0,469,6,3135.9,21,1,3135.8,553,8,3136.3,126,5,3136.4,129,4,3136.5,4,1,3137.0,98,2,3137.1,5,2
2031,2026-06-16 15:03:28+05:30,3136.2,31,3135.1,3167579,122475.0,192668.0,3163.0,3163.0,3108.0,3134.3,31883400,3447.7,2820.9,3839.9,2896.0,3136.2,334,7,3136.1,15,2,3136.0,414,3,3135.8,389,5,3135.7,171,4,3136.3,202,11,3136.4,129,4,3136.5,4,1,3136.9,11,1,3137.0,98,2
2031,2026-06-16 15:03:28+05:30,3136.3,1,3135.1,3167579,122475.0,192668.0,3163.0,3163.0,3108.0,3134.3,31883400,3447.7,2820.9,3839.9,2896.0,3136.2,334,7,3136.1,15,2,3136.0,414,3,3135.8,389,5,3135.7,171,4,3136.3,202,11,3136.4,129,4,3136.5,4,1,3136.9,11,1,3137.0,98,2
2031,2026-06-16 15:03:29+05:30,3136.3,5,3135.1,3167597,122462.0,192818.0,3163.0,3163.0,3108.0,3134.3,31883400,3447.7,2820.9,3839.9,2896.0,3136.2,322,6,3136.1,14,1,3136.0,485,5,3135.8,383,4,3135.7,171,4,3136.3,225,13,3136.4,129,4,3136.5,4,1,3136.9,11,1,3137.0,123,3
2031,2026-06-16 15:03:29+05:30,3136.3,16,3135.1,3167597,122462.0,192818.0,3163.0,3163.0,3108.0,3134.3,31883400,3447.7,2820.9,3839.9,2896.0,3136.2,322,6,3136.1,14,1,3136.0,485,5,3135.8,383,4,3135.7,171,4,3136.3,225,13,3136.4,129,4,3136.5,4,1,3136.9,11,1,3137.0,123,3
2031,2026-06-16 15:03:30+05:30,3136.3,17,3135.1,3167652,122463.0,192885.0,3163.0,3163.0,3108.0,3134.3,31883400,3447.7,2820.9,3839.9,2896.0,3136.2,323,7,3136.1,14,1,3136.0,485,5,3135.8,383,4,3135.7,171,4,3136.3,236,15,3136.4,129,4,3136.5,4,1,3136.7,24,1,3136.9,11,1
2031,2026-06-16 15:03:30+05:30,3136.3,6,3135.1,3167652,122463.0,192885.0,3163.0,3163.0,3108.0,3134.3,31883400,3447.7,2820.9,3839.9,2896.0,3136.2,323,7,3136.1,14,1,3136.0,485,5,3135.8,383,4,3135.7,171,4,3136.3,236,15,3136.4,129,4,3136.5,4,1,3136.7,24,1,3136.9,11,1
2031,2026-06-16 15:03:31+05:30,3136.3,1,3135.1,3167684,122457.0,192773.0,3163.0,3163.0,3108.0,3134.3,31883400,3447.7,2820.9,3839.9,2896.0,3136.2,315,10,3136.1,15,2,3136.0,485,5,3135.8,384,5,3135.7,156,3,3136.3,247,17,3136.4,133,5,3136.5,4,1,3136.8,20,1,3137.0,259,5
2031,2026-06-16 15:03:31+05:30,3136.3,4,3135.1,3167684,122457.0,192773.0,3163.0,3163.0,3108.0,3134.3,31883400,3447.7,2820.9,3839.9,2896.0,3136.2,315,10,3136.1,15,2,3136.0,485,5,3135.8,384,5,3135.7,156,3,3136.3,247,17,3136.4,133,5,3136.5,4,1,3136.8,20,1,3137.0,259,5
2031,2026-06-16 15:03:32+05:30,3136.3,3,3135.1,3167926,122557.0,192786.0,3163.0,3163.0,3108.0,3134.3,31883400,3447.7,2820.9,3839.9,2896.0,3136.2,295,10,3136.1,15,2,3136.0,485,5,3135.8,384,5,3135.7,179,4,3136.3,139,8,3136.4,133,5,3136.5,4,1,3137.0,232,4,3137.1,56,3
2031,2026-06-16 15:03:32+05:30,3136.3,4,3135.1,3167926,122557.0,192786.0,3163.0,3163.0,3108.0,3134.3,31883400,3447.7,2820.9,3839.9,2896.0,3136.2,295,10,3136.1,15,2,3136.0,485,5,3135.8,384,5,3135.7,179,4,3136.3,139,8,3136.4,133,5,3136.5,4,1,3137.0,232,4,3137.1,56,3
2031,2026-06-16 15:03:33+05:30,3136.2,17,3135.1,3168330,122110.0,192679.0,3163.0,3163.0,3108.0,3134.3,31883400,3447.7,2820.9,3839.9,2896.0,3136.2,30,4,3136.1,15,2,3136.0,485,5,3135.9,1,1,3135.8,383,4,3136.3,18,4,3136.4,200,8,3136.5,4,1,3136.6,38,2,3136.8,75,3
2031,2026-06-16 15:03:33+05:30,3136.2,2,3135.1,3168330,122110.0,192679.0,3163.0,3163.0,3108.0,3134.3,31883400,3447.7,2820.9,3839.9,2896.0,3136.2,30,4,3136.1,15,2,3136.0,485,5,3135.9,1,1,3135.8,383,4,3136.3,18,4,3136.4,200,8,3136.5,4,1,3136.6,38,2,3136.8,75,3
2031,2026-06-16 15:03:34+05:30,3136.2,8,3135.1,3168368,122752.0,192686.0,3163.0,3163.0,3108.0,3134.3,31883400,3447.7,2820.9,3839.9,2896.0,3136.2,45,6,3136.1,15,2,3136.0,485,5,3135.9,1,1,3135.8,383,4,3136.3,26,3,3136.4,169,6,3136.5,4,1,3136.8,43,2,3137.0,341,7
2031,2026-06-16 15:03:34+05:30,3136.3,1,3135.1,3168368,122752.0,192686.0,3163.0,3163.0,3108.0,3134.3,31883400,3447.7,2820.9,3839.9,2896.0,3136.2,45,6,3136.1,15,2,3136.0,485,5,3135.9,1,1,3135.8,383,4,3136.3,26,3,3136.4,169,6,3136.5,4,1,3136.8,43,2,3137.0,341,7
2031,2026-06-16 15:03:35+05:30,3136.3,1,3135.1,3168445,122860.0,192672.0,3163.0,3163.0,3108.0,3134.3,31883400,3447.7,2820.9,3839.9,2896.0,3136.2,50,6,3136.1,15,2,3136.0,486,6,3135.8,383,4,3135.7,156,3,3136.3,12,4,3136.4,169,6,3136.5,4,1,3137.0,258,5,3137.1,56,3
2031,2026-06-16 15:03:35+05:30,3136.3,4,3135.1,3168445,122860.0,192672.0,3163.0,3163.0,3108.0,3134.3,31883400,3447.7,2820.9,3839.9,2896.0,3136.2,50,6,3136.1,15,2,3136.0,486,6,3135.8,383,4,3135.7,156,3,3136.3,12,4,3136.4,169,6,3136.5,4,1,3137.0,258,5,3137.1,56,3
2031,2026-06-16 15:03:36+05:30,3136.3,1,3135.1,3168732,122094.0,192172.0,3163.0,3163.0,3108.0,3134.3,31883400,3447.7,2820.9,3839.9,2896.0,3136.2,68,7,3136.1,14,1,3136.0,492,7,3135.8,377,3,3135.7,156,3,3136.3,19,1,3136.4,169,6,3136.5,4,1,3136.8,23,1,3137.0,340,7
2031,2026-06-16 15:03:36+05:30,3136.2,5,3135.1,3168732,122094.0,192172.0,3163.0,3163.0,3108.0,3134.3,31883400,3447.7,2820.9,3839.9,2896.0,3136.2,68,7,3136.1,14,1,3136.0,492,7,3135.8,377,3,3135.7,156,3,3136.3,19,1,3136.4,169,6,3136.5,4,1,3136.8,23,1,3137.0,340,7
2031,2026-06-16 15:03:36+05:30,3136.2,6,3135.1,3168783,122043.0,192730.0,3163.0,3163.0,3108.0,3134.3,31883400,3447.7,2820.9,3839.9,2896.0,3136.2,52,6,3136.1,14,1,3136.0,492,7,3135.8,377,3,3135.7,156,3,3136.3,152,6,3136.4,212,9,3136.5,55,2,3136.6,68,3,3136.8,74,3
2031,2026-06-16 15:03:37+05:30,3136.2,6,3135.1,3168783,122043.0,192730.0,3163.0,3163.0,3108.0,3134.3,31883400,3447.7,2820.9,3839.9,2896.0,3136.2,52,6,3136.1,14,1,3136.0,492,7,3135.8,377,3,3135.7,156,3,3136.3,152,6,3136.4,212,9,3136.5,55,2,3136.6,68,3,3136.8,74,3
2031,2026-06-16 15:03:37+05:30,3136.2,16,3135.1,3168799,121097.0,192614.0,3163.0,3163.0,3108.0,3134.3,31883400,3447.7,2820.9,3839.9,2896.0,3136.2,37,7,3136.1,15,2,3136.0,491,6,3135.8,377,3,3135.7,156,3,3136.3,207,9,3136.4,259,9,3136.5,4,1,3136.6,69,4,3136.8,94,4
2031,2026-06-16 15:03:38+05:30,3136.2,6,3135.1,3168799,121097.0,192614.0,3163.0,3163.0,3108.0,3134.3,31883400,3447.7,2820.9,3839.9,2896.0,3136.2,37,7,3136.1,15,2,3136.0,491,6,3135.8,377,3,3135.7,156,3,3136.3,207,9,3136.4,259,9,3136.5,4,1,3136.6,69,4,3136.8,94,4
2031,2026-06-16 15:03:38+05:30,3136.2,6,3135.1,3168921,121411.0,192868.0,3163.0,3163.0,3108.0,3134.3,31883400,3447.7,2820.9,3839.9,2896.0,3136.2,17,4,3136.1,14,1,3136.0,491,6,3135.8,377,3,3135.7,156,3,3136.3,200,8,3136.4,253,9,3136.5,4,1,3136.6,69,4,3136.8,145,5
2031,2026-06-16 15:03:39+05:30,3136.3,1,3135.1,3169185,121369.0,193284.0,3163.0,3163.0,3108.0,3134.3,31883400,3447.7,2820.9,3839.9,2896.0,3136.2,2,1,3136.0,466,6,3135.8,377,3,3135.7,135,2,3135.5,35,2,3136.3,326,12,3136.4,253,9,3136.5,4,1,3136.6,120,5,3136.8,94,4
2031,2026-06-16 15:03:40+05:30,3136.3,1,3135.1,3169185,121369.0,193284.0,3163.0,3163.0,3108.0,3134.3,31883400,3447.7,2820.9,3839.9,2896.0,3136.2,2,1,3136.0,466,6,3135.8,377,3,3135.7,135,2,3135.5,35,2,3136.3,326,12,3136.4,253,9,3136.5,4,1,3136.6,120,5,3136.8,94,4
2031,2026-06-16 15:03:40+05:30,3136.0,4,3135.1,3169845,120871.0,193324.0,3163.0,3163.0,3108.0,3134.3,31883400,3447.7,2820.9,3839.9,2896.0,3136.2,3,1,3136.0,16,2,3135.8,377,3,3135.7,135,2,3135.6,1,1,3136.3,313,12,3136.4,255,9,3136.5,4,1,3136.6,69,4,3136.8,76,4
2031,2026-06-16 15:03:41+05:30,3136.1,2,3135.1,3169845,120871.0,193324.0,3163.0,3163.0,3108.0,3134.3,31883400,3447.7,2820.9,3839.9,2896.0,3136.2,3,1,3136.0,16,2,3135.8,377,3,3135.7,135,2,3135.6,1,1,3136.3,313,12,3136.4,255,9,3136.5,4,1,3136.6,69,4,3136.8,76,4
2031,2026-06-16 15:03:41+05:30,3136.0,7,3135.1,3169936,120874.0,193954.0,3163.0,3163.0,3108.0,3134.3,31883400,3447.7,2820.9,3839.9,2896.0,3136.0,26,3,3135.8,377,3,3135.7,135,2,3135.6,1,1,3135.5,35,2,3136.3,380,14,3136.4,255,9,3136.5,54,2,3136.6,71,4,3136.8,76,4
2031,2026-06-16 15:03:42+05:30,3136.0,7,3135.1,3169936,120874.0,193954.0,3163.0,3163.0,3108.0,3134.3,31883400,3447.7,2820.9,3839.9,2896.0,3136.0,26,3,3135.8,377,3,3135.7,135,2,3135.6,1,1,3135.5,35,2,3136.3,380,14,3136.4,255,9,3136.5,54,2,3136.6,71,4,3136.8,76,4
2031,2026-06-16 15:03:42+05:30,3136.0,10,3135.1,3169936,120874.0,193954.0,3163.0,3163.0,3108.0,3134.3,31883400,3447.7,2820.9,3839.9,2896.0,3136.0,26,3,3135.8,377,3,3135.7,135,2,3135.6,1,1,3135.5,35,2,3136.3,380,14,3136.4,255,9,3136.5,54,2,3136.6,71,4,3136.8,76,4
2031,2026-06-16 15:03:42+05:30,3136.3,8,3135.1,3170195,121353.0,193749.0,3163.0,3163.0,3108.0,3134.3,31883400,3447.7,2820.9,3839.9,2896.0,3136.1,1,1,3136.0,61,3,3135.8,378,4,3135.7,135,2,3135.5,35,2,3136.3,344,15,3136.4,216,7,3136.5,4,1,3136.6,39,3,3136.8,78,4
2031,2026-06-16 15:03:43+05:30,3136.0,7,3135.1,3170195,121353.0,193749.0,3163.0,3163.0,3108.0,3134.3,31883400,3447.7,2820.9,3839.9,2896.0,3136.1,1,1,3136.0,61,3,3135.8,378,4,3135.7,135,2,3135.5,35,2,3136.3,344,15,3136.4,216,7,3136.5,4,1,3136.6,39,3,3136.8,78,4
2031,2026-06-16 15:03:43+05:30,3136.0,7,3135.1,3170321,121405.0,193808.0,3163.0,3163.0,3108.0,3134.3,31883400,3447.7,2820.9,3839.9,2896.0,3136.0,70,3,3135.8,377,3,3135.7,136,3,3135.5,35,2,3135.4,62,3,3136.1,1,1,3136.2,101,3,3136.3,343,16,3136.4,215,9,3136.5,4,1
2031,2026-06-16 15:03:44+05:30,3136.0,7,3135.1,3170321,121405.0,193808.0,3163.0,3163.0,3108.0,3134.3,31883400,3447.7,2820.9,3839.9,2896.0,3136.0,70,3,3135.8,377,3,3135.7,136,3,3135.5,35,2,3135.4,62,3,3136.1,1,1,3136.2,101,3,3136.3,343,16,3136.4,215,9,3136.5,4,1
2031,2026-06-16 15:03:45+05:30,3136.0,11,3135.1,3170403,121098.0,194051.0,3163.0,3163.0,3108.0,3134.3,31883400,3447.7,2820.9,3839.9,2896.0,3136.0,6,2,3135.8,377,3,3135.7,136,3,3135.5,35,2,3135.4,62,3,3136.1,204,7,3136.2,79,3,3136.3,360,18,3136.4,223,9,3136.5,4,1
2031,2026-06-16 15:03:45+05:30,3136.1,1,3135.1,3170403,121098.0,194051.0,3163.0,3163.0,3108.0,3134.3,31883400,3447.7,2820.9,3839.9,2896.0,3136.0,6,2,3135.8,377,3,3135.7,136,3,3135.5,35,2,3135.4,62,3,3136.1,204,7,3136.2,79,3,3136.3,360,18,3136.4,223,9,3136.5,4,1
2031,2026-06-16 15:03:46+05:30,3135.8,8,3135.1,3170730,121327.0,193924.0,3163.0,3163.0,3108.0,3134.3,31883400,3447.7,2820.9,3839.9,2896.0,3136.0,1,1,3135.8,505,6,3135.7,135,2,3135.5,17,1,3135.4,62,3,3136.1,322,14,3136.2,86,4,3136.3,155,4,3136.4,184,8,3136.5,36,2
2031,2026-06-16 15:03:46+05:30,3135.8,8,3135.1,3170730,121327.0,193924.0,3163.0,3163.0,3108.0,3134.3,31883400,3447.7,2820.9,3839.9,2896.0,3136.0,1,1,3135.8,505,6,3135.7,135,2,3135.5,17,1,3135.4,62,3,3136.1,322,14,3136.2,86,4,3136.3,155,4,3136.4,184,8,3136.5,36,2
2031,2026-06-16 15:03:46+05:30,3135.8,9,3135.1,3170730,121327.0,193924.0,3163.0,3163.0,3108.0,3134.3,31883400,3447.7,2820.9,3839.9,2896.0,3136.0,1,1,3135.8,505,6,3135.7,135,2,3135.5,17,1,3135.4,62,3,3136.1,322,14,3136.2,86,4,3136.3,155,4,3136.4,184,8,3136.5,36,2
2031,2026-06-16 15:03:47+05:30,3136.0,20,3135.1,3171238,120911.0,194073.0,3163.0,3163.0,3108.0,3134.3,31883400,3447.7,2820.9,3839.9,2896.0,3136.0,22,2,3135.8,42,4,3135.7,135,2,3135.5,17,1,3135.4,62,3,3136.1,350,17,3136.2,86,4,3136.3,154,3,3136.4,217,9,3136.5,4,1
2031,2026-06-16 15:03:47+05:30,3136.0,20,3135.1,3171238,120911.0,194073.0,3163.0,3163.0,3108.0,3134.3,31883400,3447.7,2820.9,3839.9,2896.0,3136.0,22,2,3135.8,42,4,3135.7,135,2,3135.5,17,1,3135.4,62,3,3136.1,350,17,3136.2,86,4,3136.3,154,3,3136.4,217,9,3136.5,4,1
2031,2026-06-16 15:03:48+05:30,3136.0,17,3135.1,3171296,120452.0,194426.0,3163.0,3163.0,3108.0,3134.3,31883400,3447.7,2820.9,3839.9,2896.0,3136.0,17,1,3135.9,1,1,3135.8,41,3,3135.7,135,2,3135.5,17,1,3136.1,522,22,3136.2,206,6,3136.3,129,2,3136.4,241,10,3136.5,68,2
2031,2026-06-16 15:03:48+05:30,3136.0,1,3135.1,3171296,120452.0,194426.0,3163.0,3163.0,3108.0,3134.3,31883400,3447.7,2820.9,3839.9,2896.0,3136.0,17,1,3135.9,1,1,3135.8,41,3,3135.7,135,2,3135.5,17,1,3136.1,522,22,3136.2,206,6,3136.3,129,2,3136.4,241,10,3136.5,68,2
2031,2026-06-16 15:03:48+05:30,3136.0,1,3135.1,3171296,120452.0,194426.0,3163.0,3163.0,3108.0,3134.3,31883400,3447.7,2820.9,3839.9,2896.0,3136.0,17,1,3135.9,1,1,3135.8,41,3,3135.7,135,2,3135.5,17,1,3136.1,522,22,3136.2,206,6,3136.3,129,2,3136.4,241,10,3136.5,68,2
2031,2026-06-16 15:03:49+05:30,3135.8,51,3135.1,3171513,120634.0,194353.0,3163.0,3163.0,3108.0,3134.3,31883400,3447.7,2820.9,3839.9,2896.0,3135.7,135,2,3135.5,17,1,3135.4,62,3,3135.3,90,2,3135.2,49,2,3135.8,52,1,3136.0,66,3,3136.1,434,18,3136.2,154,7,3136.3,129,2
2031,2026-06-16 15:03:49+05:30,3136.0,4,3135.1,3171513,120634.0,194353.0,3163.0,3163.0,3108.0,3134.3,31883400,3447.7,2820.9,3839.9,2896.0,3135.7,135,2,3135.5,17,1,3135.4,62,3,3135.3,90,2,3135.2,49,2,3135.8,52,1,3136.0,66,3,3136.1,434,18,3136.2,154,7,3136.3,129,2
2031,2026-06-16 15:03:50+05:30,3135.7,40,3135.1,3171668,120593.0,194012.0,3163.0,3163.0,3108.0,3134.3,31883400,3447.7,2820.9,3839.9,2896.0,3135.7,54,2,3135.5,17,1,3135.4,62,3,3135.3,90,2,3135.2,1,1,3135.8,185,11,3136.0,66,3,3136.1,342,9,3136.2,44,4,3136.4,244,9
2031,2026-06-16 15:03:50+05:30,3135.7,40,3135.1,3171668,120593.0,194012.0,3163.0,3163.0,3108.0,3134.3,31883400,3447.7,2820.9,3839.9,2896.0,3135.7,54,2,3135.5,17,1,3135.4,62,3,3135.3,90,2,3135.2,1,1,3135.8,185,11,3136.0,66,3,3136.1,342,9,3136.2,44,4,3136.4,244,9
2031,2026-06-16 15:03:51+05:30,3135.7,40,3135.1,3171668,120593.0,194012.0,3163.0,3163.0,3108.0,3134.3,31883400,3447.7,2820.9,3839.9,2896.0,3135.7,54,2,3135.5,17,1,3135.4,62,3,3135.3,90,2,3135.2,1,1,3135.8,185,11,3136.0,66,3,3136.1,342,9,3136.2,44,4,3136.4,244,9
2031,2026-06-16 15:03:51+05:30,3135.8,1,3135.1,3171696,120839.0,194211.0,3163.0,3163.0,3108.0,3134.3,31883400,3447.7,2820.9,3839.9,2896.0,3135.7,114,5,3135.5,17,1,3135.4,62,3,3135.3,90,2,3135.2,1,1,3135.8,371,18,3136.0,34,2,3136.1,261,7,3136.2,68,5,3136.4,195,8
2031,2026-06-16 15:03:51+05:30,3135.7,27,3135.1,3171696,120839.0,194211.0,3163.0,3163.0,3108.0,3134.3,31883400,3447.7,2820.9,3839.9,2896.0,3135.7,114,5,3135.5,17,1,3135.4,62,3,3135.3,90,2,3135.2,1,1,3135.8,371,18,3136.0,34,2,3136.1,261,7,3136.2,68,5,3136.4,195,8
2031,2026-06-16 15:03:52+05:30,3135.4,21,3135.1,3171953,119560.0,194268.0,3163.0,3163.0,3108.0,3134.3,31883400,3447.7,2820.9,3839.9,2896.0,3135.7,36,1,3135.4,41,3,3135.3,90,2,3135.2,1,1,3135.1,93,3,3135.8,469,18,3136.0,65,3,3136.1,189,4,3136.2,136,6,3136.4,144,7
2031,2026-06-16 15:03:52+05:30,3135.4,21,3135.1,3171953,119560.0,194268.0,3163.0,3163.0,3108.0,3134.3,31883400,3447.7,2820.9,3839.9,2896.0,3135.7,36,1,3135.4,41,3,3135.3,90,2,3135.2,1,1,3135.1,93,3,3135.8,469,18,3136.0,65,3,3136.1,189,4,3136.2,136,6,3136.4,144,7
2031,2026-06-16 15:03:52+05:30,3135.4,21,3135.1,3171953,119560.0,194268.0,3163.0,3163.0,3108.0,3134.3,31883400,3447.7,2820.9,3839.9,2896.0,3135.7,36,1,3135.4,41,3,3135.3,90,2,3135.2,1,1,3135.1,93,3,3135.8,469,18,3136.0,65,3,3136.1,189,4,3136.2,136,6,3136.4,144,7
2031,2026-06-16 15:03:53+05:30,3135.7,2,3135.1,3171953,119560.0,194268.0,3163.0,3163.0,3108.0,3134.3,31883400,3447.7,2820.9,3839.9,2896.0,3135.7,36,1,3135.4,41,3,3135.3,90,2,3135.2,1,1,3135.1,93,3,3135.8,469,18,3136.0,65,3,3136.1,189,4,3136.2,136,6,3136.4,144,7
2031,2026-06-16 15:03:53+05:30,3135.7,2,3135.1,3171973,120248.0,194127.0,3163.0,3163.0,3108.0,3134.3,31883400,3447.7,2820.9,3839.9,2896.0,3135.7,16,1,3135.4,55,4,3135.3,90,2,3135.2,1,1,3135.1,95,4,3135.8,438,17,3136.0,65,3,3136.1,189,4,3136.2,136,6,3136.4,120,6
2031,2026-06-16 15:03:54+05:30,3135.7,2,3135.1,3171973,120248.0,194127.0,3163.0,3163.0,3108.0,3134.3,31883400,3447.7,2820.9,3839.9,2896.0,3135.7,16,1,3135.4,55,4,3135.3,90,2,3135.2,1,1,3135.1,95,4,3135.8,438,17,3136.0,65,3,3136.1,189,4,3136.2,136,6,3136.4,120,6
2031,2026-06-16 15:03:54+05:30,3135.7,2,3135.1,3171973,120026.0,194409.0,3163.0,3163.0,3108.0,3134.3,31883400,3447.7,2820.9,3839.9,2896.0,3135.7,33,3,3135.6,16,1,3135.4,55,4,3135.3,90,2,3135.2,1,1,3135.8,537,19,3135.9,8,2,3136.0,34,2,3136.1,183,3,3136.2,104,5
2031,2026-06-16 15:03:55+05:30,3135.7,2,3135.1,3171973,120026.0,194409.0,3163.0,3163.0,3108.0,3134.3,31883400,3447.7,2820.9,3839.9,2896.0,3135.7,33,3,3135.6,16,1,3135.4,55,4,3135.3,90,2,3135.2,1,1,3135.8,537,19,3135.9,8,2,3136.0,34,2,3136.1,183,3,3136.2,104,5
2031,2026-06-16 15:03:55+05:30,3135.8,6,3135.1,3171973,120026.0,194409.0,3163.0,3163.0,3108.0,3134.3,31883400,3447.7,2820.9,3839.9,2896.0,3135.7,33,3,3135.6,16,1,3135.4,55,4,3135.3,90,2,3135.2,1,1,3135.8,537,19,3135.9,8,2,3136.0,34,2,3136.1,183,3,3136.2,104,5
2031,2026-06-16 15:03:55+05:30,3135.8,6,3135.1,3172059,119847.0,194213.0,3163.0,3163.0,3108.0,3134.3,31883400,3447.7,2820.9,3839.9,2896.0,3135.7,16,1,3135.6,16,1,3135.4,55,4,3135.3,90,2,3135.2,1,1,3135.8,520,20,3135.9,8,2,3136.0,34,2,3136.1,183,3,3136.2,67,5
2031,2026-06-16 15:03:55+05:30,3135.8,6,3135.1,3172059,119847.0,194213.0,3163.0,3163.0,3108.0,3134.3,31883400,3447.7,2820.9,3839.9,2896.0,3135.7,16,1,3135.6,16,1,3135.4,55,4,3135.3,90,2,3135.2,1,1,3135.8,520,20,3135.9,8,2,3136.0,34,2,3136.1,183,3,3136.2,67,5
2031,2026-06-16 15:03:56+05:30,3135.8,6,3135.1,3172059,119847.0,194213.0,3163.0,3163.0,3108.0,3134.3,31883400,3447.7,2820.9,3839.9,2896.0,3135.7,16,1,3135.6,16,1,3135.4,55,4,3135.3,90,2,3135.2,1,1,3135.8,520,20,3135.9,8,2,3136.0,34,2,3136.1,183,3,3136.2,67,5
2031,2026-06-16 15:03:56+05:30,3135.4,7,3135.1,3172059,119847.0,194213.0,3163.0,3163.0,3108.0,3134.3,31883400,3447.7,2820.9,3839.9,2896.0,3135.7,16,1,3135.6,16,1,3135.4,55,4,3135.3,90,2,3135.2,1,1,3135.8,520,20,3135.9,8,2,3136.0,34,2,3136.1,183,3,3136.2,67,5
2031,2026-06-16 15:03:56+05:30,3135.3,44,3135.1,3172652,118674.0,194987.0,3163.0,3163.0,3108.0,3134.3,31883400,3447.7,2820.9,3839.9,2896.0,3135.3,3,1,3135.2,1,1,3135.1,35,3,3135.0,1916,22,3134.9,22,1,3135.8,583,24,3135.9,79,2,3136.0,188,4,3136.1,149,3,3136.2,167,7
2031,2026-06-16 15:03:56+05:30,3135.3,44,3135.1,3172652,118674.0,194987.0,3163.0,3163.0,3108.0,3134.3,31883400,3447.7,2820.9,3839.9,2896.0,3135.3,3,1,3135.2,1,1,3135.1,35,3,3135.0,1916,22,3134.9,22,1,3135.8,583,24,3135.9,79,2,3136.0,188,4,3136.1,149,3,3136.2,167,7
2031,2026-06-16 15:03:57+05:30,3135.1,24,3135.1,3172652,118674.0,194987.0,3163.0,3163.0,3108.0,3134.3,31883400,3447.7,2820.9,3839.9,2896.0,3135.3,3,1,3135.2,1,1,3135.1,35,3,3135.0,1916,22,3134.9,22,1,3135.8,583,24,3135.9,79,2,3136.0,188,4,3136.1,149,3,3136.2,167,7
2031,2026-06-16 15:03:57+05:30,3135.1,24,3135.1,3172652,118674.0,194987.0,3163.0,3163.0,3108.0,3134.3,31883400,3447.7,2820.9,3839.9,2896.0,3135.3,3,1,3135.2,1,1,3135.1,35,3,3135.0,1916,22,3134.9,22,1,3135.8,583,24,3135.9,79,2,3136.0,188,4,3136.1,149,3,3136.2,167,7
2031,2026-06-16 15:03:57+05:30,3135.1,6,3135.1,3172784,119109.0,194925.0,3163.0,3163.0,3108.0,3134.3,31883400,3447.7,2820.9,3839.9,2896.0,3135.1,30,1,3135.0,1916,22,3134.8,200,1,3134.7,68,2,3134.6,7,1,3135.6,91,1,3135.7,103,1,3135.8,443,22,3135.9,130,3,3136.0,187,4
2031,2026-06-16 15:03:58+05:30,3135.1,2,3135.1,3172784,119109.0,194925.0,3163.0,3163.0,3108.0,3134.3,31883400,3447.7,2820.9,3839.9,2896.0,3135.1,30,1,3135.0,1916,22,3134.8,200,1,3134.7,68,2,3134.6,7,1,3135.6,91,1,3135.7,103,1,3135.8,443,22,3135.9,130,3,3136.0,187,4
2031,2026-06-16 15:03:58+05:30,3135.1,2,3135.1,3172784,119109.0,194925.0,3163.0,3163.0,3108.0,3134.3,31883400,3447.7,2820.9,3839.9,2896.0,3135.1,30,1,3135.0,1916,22,3134.8,200,1,3134.7,68,2,3134.6,7,1,3135.6,91,1,3135.7,103,1,3135.8,443,22,3135.9,130,3,3136.0,187,4
2031,2026-06-16 15:03:58+05:30,3135.6,1,3135.1,3172828,119922.0,195123.0,3163.0,3163.0,3108.0,3134.3,31883400,3447.7,2820.9,3839.9,2896.0,3135.1,34,1,3135.0,2218,23,3134.8,200,1,3134.7,68,2,3134.6,7,1,3135.6,544,15,3135.7,184,3,3135.8,119,9,3135.9,18,2,3136.0,186,4
2031,2026-06-16 15:03:59+05:30,3135.6,1,3135.1,3172828,119922.0,195123.0,3163.0,3163.0,3108.0,3134.3,31883400,3447.7,2820.9,3839.9,2896.0,3135.1,34,1,3135.0,2218,23,3134.8,200,1,3134.7,68,2,3134.6,7,1,3135.6,544,15,3135.7,184,3,3135.8,119,9,3135.9,18,2,3136.0,186,4
2031,2026-06-16 15:03:59+05:30,3135.6,1,3135.1,3172828,119922.0,195123.0,3163.0,3163.0,3108.0,3134.3,31883400,3447.7,2820.9,3839.9,2896.0,3135.1,34,1,3135.0,2218,23,3134.8,200,1,3134.7,68,2,3134.6,7,1,3135.6,544,15,3135.7,184,3,3135.8,119,9,3135.9,18,2,3136.0,186,4
2031,2026-06-16 15:03:59+05:30,3135.1,32,3135.1,3172877,119808.0,195084.0,3163.0,3163.0,3108.0,3134.3,31883400,3447.7,2820.9,3839.9,2896.0,3135.1,2,1,3135.0,2218,23,3134.8,200,1,3134.7,68,2,3134.6,7,1,3135.5,110,3,3135.6,566,18,3135.7,137,4,3135.8,140,7,3135.9,18,2
2031,2026-06-16 15:04:00+05:30,3135.5,1,3135.1,3172877,119808.0,195084.0,3163.0,3163.0,3108.0,3134.3,31883400,3447.7,2820.9,3839.9,2896.0,3135.1,2,1,3135.0,2218,23,3134.8,200,1,3134.7,68,2,3134.6,7,1,3135.5,110,3,3135.6,566,18,3135.7,137,4,3135.8,140,7,3135.9,18,2
2031,2026-06-16 15:04:00+05:30,3135.5,1,3135.1,3172877,119808.0,195084.0,3163.0,3163.0,3108.0,3134.3,31883400,3447.7,2820.9,3839.9,2896.0,3135.1,2,1,3135.0,2218,23,3134.8,200,1,3134.7,68,2,3134.6,7,1,3135.5,110,3,3135.6,566,18,3135.7,137,4,3135.8,140,7,3135.9,18,2
2031,2026-06-16 15:04:01+05:30,3135.4,63,3135.1,3173312,120086.0,194957.0,3163.0,3163.0,3108.0,3134.3,31883400,3447.7,2820.9,3839.9,2896.0,3135.2,1,1,3135.1,11,3,3135.0,2291,25,3134.8,201,2,3134.7,68,2,3135.4,28,1,3135.5,297,10,3135.6,408,14,3135.7,117,3,3135.8,121,6
2031,2026-06-16 15:04:01+05:30,3135.4,63,3135.1,3173312,120086.0,194957.0,3163.0,3163.0,3108.0,3134.3,31883400,3447.7,2820.9,3839.9,2896.0,3135.2,1,1,3135.1,11,3,3135.0,2291,25,3134.8,201,2,3134.7,68,2,3135.4,28,1,3135.5,297,10,3135.6,408,14,3135.7,117,3,3135.8,121,6
2031,2026-06-16 15:04:01+05:30,3135.4,1,3135.1,3173312,120086.0,194957.0,3163.0,3163.0,3108.0,3134.3,31883400,3447.7,2820.9,3839.9,2896.0,3135.2,1,1,3135.1,11,3,3135.0,2291,25,3134.8,201,2,3134.7,68,2,3135.4,28,1,3135.5,297,10,3135.6,408,14,3135.7,117,3,3135.8,121,6
2031,2026-06-16 15:04:02+05:30,3135.1,16,3135.1,3173382,119878.0,194167.0,3163.0,3163.0,3108.0,3134.3,31883400,3447.7,2820.9,3839.9,2896.0,3135.1,3,2,3135.0,2339,26,3134.8,200,1,3134.7,48,2,3134.5,21,2,3135.2,3,1,3135.4,374,12,3135.5,186,8,3135.6,210,9,3135.7,66,2
2031,2026-06-16 15:04:02+05:30,3135.1,16,3135.1,3173382,119878.0,194167.0,3163.0,3163.0,3108.0,3134.3,31883400,3447.7,2820.9,3839.9,2896.0,3135.1,3,2,3135.0,2339,26,3134.8,200,1,3134.7,48,2,3134.5,21,2,3135.2,3,1,3135.4,374,12,3135.5,186,8,3135.6,210,9,3135.7,66,2
2031,2026-06-16 15:04:02+05:30,3135.1,16,3135.1,3173382,119878.0,194167.0,3163.0,3163.0,3108.0,3134.3,31883400,3447.7,2820.9,3839.9,2896.0,3135.1,3,2,3135.0,2339,26,3134.8,200,1,3134.7,48,2,3134.5,21,2,3135.2,3,1,3135.4,374,12,3135.5,186,8,3135.6,210,9,3135.7,66,2
2031,2026-06-16 15:04:03+05:30,3135.1,18,3135.1,3173422,119488.0,192966.0,3163.0,3163.0,3108.0,3134.3,31883400,3447.7,2820.9,3839.9,2896.0,3135.1,49,3,3135.0,2339,26,3134.8,201,2,3134.7,47,1,3134.5,21,2,3135.2,329,10,3135.3,32,1,3135.4,501,19,3135.5,78,5,3135.6,37,3
2031,2026-06-16 15:04:03+05:30,3135.2,5,3135.1,3173422,119488.0,192966.0,3163.0,3163.0,3108.0,3134.3,31883400,3447.7,2820.9,3839.9,2896.0,3135.1,49,3,3135.0,2339,26,3134.8,201,2,3134.7,47,1,3134.5,21,2,3135.2,329,10,3135.3,32,1,3135.4,501,19,3135.5,78,5,3135.6,37,3
2031,2026-06-16 15:04:03+05:30,3135.2,5,3135.1,3173422,119488.0,192966.0,3163.0,3163.0,3108.0,3134.3,31887600,3447.7,2820.9,3839.9,2896.0,3135.1,49,3,3135.0,2339,26,3134.8,201,2,3134.7,47,1,3134.5,21,2,3135.2,329,10,3135.3,32,1,3135.4,501,19,3135.5,78,5,3135.6,37,3
2031,2026-06-16 15:04:04+05:30,3135.1,1,3135.1,3173662,119081.0,194191.0,3163.0,3163.0,3108.0,3134.3,31887600,3447.7,2820.9,3839.9,2896.0,3135.1,56,2,3135.0,2323,25,3134.8,201,2,3134.7,47,1,3134.5,21,2,3135.2,412,15,3135.3,98,2,3135.4,427,18,3135.5,49,4,3135.6,37,3
2031,2026-06-16 15:04:04+05:30,3135.1,18,3135.1,3173662,119081.0,194191.0,3163.0,3163.0,3108.0,3134.3,31887600,3447.7,2820.9,3839.9,2896.0,3135.1,56,2,3135.0,2323,25,3134.8,201,2,3134.7,47,1,3134.5,21,2,3135.2,412,15,3135.3,98,2,3135.4,427,18,3135.5,49,4,3135.6,37,3
2031,2026-06-16 15:04:05+05:30,3135.1,2,3135.1,3173982,120040.0,194244.0,3163.0,3163.0,3108.0,3134.3,31887600,3447.7,2820.9,3839.9,2896.0,3135.0,2578,26,3134.9,137,1,3134.8,201,2,3134.7,47,1,3134.4,30,1,3135.1,234,7,3135.2,304,10,3135.3,98,2,3135.4,212,11,3135.5,49,4
2031,2026-06-16 15:04:05+05:30,3135.1,3,3135.1,3173982,120040.0,194244.0,3163.0,3163.0,3108.0,3134.3,31887600,3447.7,2820.9,3839.9,2896.0,3135.0,2578,26,3134.9,137,1,3134.8,201,2,3134.7,47,1,3134.4,30,1,3135.1,234,7,3135.2,304,10,3135.3,98,2,3135.4,212,11,3135.5,49,4
2031,2026-06-16 15:04:06+05:30,3135.0,5,3135.1,3174097,119344.0,194689.0,3163.0,3163.0,3108.0,3134.3,31887600,3447.7,2820.9,3839.9,2896.0,3135.0,2467,22,3134.9,137,1,3134.8,201,2,3134.7,47,1,3134.3,26,2,3135.1,597,19,3135.2,270,11,3135.3,67,2,3135.4,59,5,3135.5,1,1
2031,2026-06-16 15:04:06+05:30,3135.0,10,3135.1,3174097,119344.0,194689.0,3163.0,3163.0,3108.0,3134.3,31887600,3447.7,2820.9,3839.9,2896.0,3135.0,2467,22,3134.9,137,1,3134.8,201,2,3134.7,47,1,3134.3,26,2,3135.1,597,19,3135.2,270,11,3135.3,67,2,3135.4,59,5,3135.5,1,1
2031,2026-06-16 15:04:06+05:30,3135.1,1,3135.1,3174138,119140.0,194859.0,3163.0,3163.0,3108.0,3134.3,31887600,3447.7,2820.9,3839.9,2896.0,3135.0,2476,20,3134.9,137,1,3134.8,201,2,3134.7,47,1,3134.3,26,2,3135.1,630,21,3135.2,270,11,3135.3,67,2,3135.4,89,6,3135.5,1,1
2031,2026-06-16 15:04:07+05:30,3135.0,121,3135.1,3174138,119140.0,194859.0,3163.0,3163.0,3108.0,3134.3,31887600,3447.7,2820.9,3839.9,2896.0,3135.0,2476,20,3134.9,137,1,3134.8,201,2,3134.7,47,1,3134.3,26,2,3135.1,630,21,3135.2,270,11,3135.3,67,2,3135.4,89,6,3135.5,1,1
2031,2026-06-16 15:04:08+05:30,3135.1,50,3135.1,3174353,119269.0,194632.0,3163.0,3163.0,3108.0,3134.3,31887600,3447.7,2820.9,3839.9,2896.0,3135.0,2355,20,3134.9,138,2,3134.8,200,1,3134.7,96,2,3134.3,56,3,3135.1,550,18,3135.2,270,11,3135.3,67,2,3135.4,27,3,3135.5,1,1
2031,2026-06-16 15:04:08+05:30,3135.0,3,3135.1,3174353,119269.0,194632.0,3163.0,3163.0,3108.0,3134.3,31887600,3447.7,2820.9,3839.9,2896.0,3135.0,2355,20,3134.9,138,2,3134.8,200,1,3134.7,96,2,3134.3,56,3,3135.1,550,18,3135.2,270,11,3135.3,67,2,3135.4,27,3,3135.5,1,1
2031,2026-06-16 15:04:09+05:30,3135.1,1,3135.1,3174399,119158.0,194588.0,3163.0,3163.0,3108.0,3134.3,31887600,3447.7,2820.9,3839.9,2896.0,3135.0,2345,23,3134.9,137,1,3134.8,200,1,3134.7,47,1,3134.3,26,2,3135.1,673,26,3135.2,112,5,3135.3,67,2,3135.4,79,5,3135.6,123,5
2031,2026-06-16 15:04:09+05:30,3135.0,25,3135.1,3174399,119158.0,194588.0,3163.0,3163.0,3108.0,3134.3,31887600,3447.7,2820.9,3839.9,2896.0,3135.0,2345,23,3134.9,137,1,3134.8,200,1,3134.7,47,1,3134.3,26,2,3135.1,673,26,3135.2,112,5,3135.3,67,2,3135.4,79,5,3135.6,123,5
2031,2026-06-16 15:04:10+05:30,3135.0,1,3135.1,3174425,118954.0,194661.0,3163.0,3163.0,3108.0,3134.3,31887600,3447.7,2820.9,3839.9,2896.0,3135.0,2319,23,3134.9,137,1,3134.8,200,1,3134.7,47,1,3134.3,26,2,3135.1,721,28,3135.2,142,6,3135.3,67,2,3135.4,186,7,3135.6,74,4
2031,2026-06-16 15:04:10+05:30,3135.1,6,3135.1,3174425,118954.0,194661.0,3163.0,3163.0,3108.0,3134.3,31887600,3447.7,2820.9,3839.9,2896.0,3135.0,2319,23,3134.9,137,1,3134.8,200,1,3134.7,47,1,3134.3,26,2,3135.1,721,28,3135.2,142,6,3135.3,67,2,3135.4,186,7,3135.6,74,4
2031,2026-06-16 15:04:11+05:30,3135.0,41,3135.1,3174789,119025.0,194480.0,3163.0,3163.0,3108.0,3134.3,31887600,3447.7,2820.9,3839.9,2896.0,3135.0,2105,22,3134.9,137,1,3134.8,200,1,3134.7,47,1,3134.6,1,1,3135.1,657,25,3135.2,135,6,3135.3,67,2,3135.4,127,6,3135.6,74,4
2031,2026-06-16 15:04:11+05:30,3135.0,41,3135.1,3174789,119025.0,194480.0,3163.0,3163.0,3108.0,3134.3,31887600,3447.7,2820.9,3839.9,2896.0,3135.0,2105,22,3134.9,137,1,3134.8,200,1,3134.7,47,1,3134.6,1,1,3135.1,657,25,3135.2,135,6,3135.3,67,2,3135.4,127,6,3135.6,74,4
2031,2026-06-16 15:04:12+05:30,3135.1,1,3135.1,3174790,119236.0,194540.0,3163.0,3163.0,3108.0,3134.3,31887600,3447.7,2820.9,3839.9,2896.0,3135.0,2107,23,3134.9,137,1,3134.8,200,1,3134.7,47,1,3134.6,1,1,3135.1,708,26,3135.2,112,5,3135.3,67,2,3135.4,127,6,3135.6,74,4
2031,2026-06-16 15:04:12+05:30,3135.1,1,3135.1,3174790,119236.0,194540.0,3163.0,3163.0,3108.0,3134.3,31887600,3447.7,2820.9,3839.9,2896.0,3135.0,2107,23,3134.9,137,1,3134.8,200,1,3134.7,47,1,3134.6,1,1,3135.1,708,26,3135.2,112,5,3135.3,67,2,3135.4,127,6,3135.6,74,4
2031,2026-06-16 15:04:12+05:30,3135.0,27,3135.1,3174822,119522.0,194632.0,3163.0,3163.0,3108.0,3134.3,31887600,3447.7,2820.9,3839.9,2896.0,3135.0,2080,23,3134.9,137,1,3134.8,200,1,3134.7,48,2,3134.3,26,2,3135.1,755,28,3135.2,112,5,3135.3,67,2,3135.4,49,4,3135.6,122,5
2031,2026-06-16 15:04:13+05:30,3135.0,3,3135.1,3174822,119522.0,194632.0,3163.0,3163.0,3108.0,3134.3,31887600,3447.7,2820.9,3839.9,2896.0,3135.0,2080,23,3134.9,137,1,3134.8,200,1,3134.7,48,2,3134.3,26,2,3135.1,755,28,3135.2,112,5,3135.3,67,2,3135.4,49,4,3135.6,122,5
2031,2026-06-16 15:04:13+05:30,3135.1,4,3135.1,3175027,119773.0,194491.0,3163.0,3163.0,3108.0,3134.3,31887600,3447.7,2820.9,3839.9,2896.0,3135.0,1911,23,3134.9,137,1,3134.8,200,1,3134.7,48,2,3134.3,26,2,3135.1,751,27,3135.2,112,5,3135.3,67,2,3135.4,49,4,3135.6,74,4
2031,2026-06-16 15:04:14+05:30,3135.0,41,3135.1,3175027,119773.0,194491.0,3163.0,3163.0,3108.0,3134.3,31887600,3447.7,2820.9,3839.9,2896.0,3135.0,1911,23,3134.9,137,1,3134.8,200,1,3134.7,48,2,3134.3,26,2,3135.1,751,27,3135.2,112,5,3135.3,67,2,3135.4,49,4,3135.6,74,4
2031,2026-06-16 15:04:14+05:30,3135.0,202,3135.1,3175290,119775.0,192358.0,3163.0,3163.0,3108.0,3134.3,31887600,3447.7,2820.9,3839.9,2896.0,3135.0,1727,28,3134.9,160,2,3134.8,200,1,3134.7,48,2,3134.6,53,2,3135.1,714,27,3135.2,105,4,3135.3,67,2,3135.4,14,2,3135.6,1,1
2031,2026-06-16 15:04:15+05:30,3135.1,69,3135.1,3175290,119775.0,192358.0,3163.0,3163.0,3108.0,3134.3,31887600,3447.7,2820.9,3839.9,2896.0,3135.0,1727,28,3134.9,160,2,3134.8,200,1,3134.7,48,2,3134.6,53,2,3135.1,714,27,3135.2,105,4,3135.3,67,2,3135.4,14,2,3135.6,1,1
2031,2026-06-16 15:04:15+05:30,3135.0,29,3135.1,3175522,119636.0,193724.0,3163.0,3163.0,3108.0,3134.3,31887600,3447.7,2820.9,3839.9,2896.0,3135.0,1650,29,3134.9,162,3,3134.8,201,2,3134.7,47,1,3134.6,23,1,3135.1,631,24,3135.2,105,4,3135.3,67,2,3135.4,14,2,3135.6,1,1
2031,2026-06-16 15:04:16+05:30,3135.0,9,3135.1,3175522,119636.0,193724.0,3163.0,3163.0,3108.0,3134.3,31887600,3447.7,2820.9,3839.9,2896.0,3135.0,1650,29,3134.9,162,3,3134.8,201,2,3134.7,47,1,3134.6,23,1,3135.1,631,24,3135.2,105,4,3135.3,67,2,3135.4,14,2,3135.6,1,1
2031,2026-06-16 15:04:16+05:30,3135.0,20,3135.1,3175703,119657.0,194403.0,3163.0,3163.0,3108.0,3134.3,31887600,3447.7,2820.9,3839.9,2896.0,3135.0,1596,29,3134.9,139,2,3134.8,224,3,3134.7,47,1,3134.6,23,1,3135.1,541,20,3135.2,164,5,3135.3,67,2,3135.4,14,2,3135.6,1,1
2031,2026-06-16 15:04:17+05:30,3135.0,41,3135.1,3175703,119657.0,194403.0,3163.0,3163.0,3108.0,3134.3,31887600,3447.7,2820.9,3839.9,2896.0,3135.0,1596,29,3134.9,139,2,3134.8,224,3,3134.7,47,1,3134.6,23,1,3135.1,541,20,3135.2,164,5,3135.3,67,2,3135.4,14,2,3135.6,1,1
2031,2026-06-16 15:04:17+05:30,3135.0,41,3135.1,3175746,119536.0,194100.0,3163.0,3163.0,3108.0,3134.3,31887600,3447.7,2820.9,3839.9,2896.0,3135.0,1555,29,3134.9,140,3,3134.8,223,2,3134.7,47,1,3134.6,23,1,3135.1,540,21,3135.2,164,5,3135.3,67,2,3135.4,14,2,3135.6,1,1
2031,2026-06-16 15:04:18+05:30,3135.0,41,3135.1,3175746,119536.0,194100.0,3163.0,3163.0,3108.0,3134.3,31887600,3447.7,2820.9,3839.9,2896.0,3135.0,1555,29,3134.9,140,3,3134.8,223,2,3134.7,47,1,3134.6,23,1,3135.1,540,21,3135.2,164,5,3135.3,67,2,3135.4,14,2,3135.6,1,1
2031,2026-06-16 15:04:18+05:30,3135.0,43,3135.1,3175840,119554.0,192358.0,3163.0,3163.0,3108.0,3134.3,31887600,3447.7,2820.9,3839.9,2896.0,3135.0,1486,30,3134.9,139,2,3134.8,252,3,3134.7,47,1,3134.6,52,2,3135.1,565,22,3135.2,164,5,3135.3,67,2,3135.4,14,2,3135.6,49,2
2031,2026-06-16 15:04:19+05:30,3135.1,4,3135.1,3175840,119554.0,192358.0,3163.0,3163.0,3108.0,3134.3,31887600,3447.7,2820.9,3839.9,2896.0,3135.0,1486,30,3134.9,139,2,3134.8,252,3,3134.7,47,1,3134.6,52,2,3135.1,565,22,3135.2,164,5,3135.3,67,2,3135.4,14,2,3135.6,49,2
2031,2026-06-16 15:04:20+05:30,3135.0,17,3135.1,3175893,119360.0,194383.0,3163.0,3163.0,3108.0,3134.3,31887600,3447.7,2820.9,3839.9,2896.0,3135.0,1468,29,3134.9,139,2,3134.8,200,1,3134.7,47,1,3134.6,22,1,3135.1,612,23,3135.2,171,6,3135.3,92,3,3135.4,14,2,3135.6,48,1
2031,2026-06-16 15:04:20+05:30,3135.0,84,3135.1,3175893,119360.0,194383.0,3163.0,3163.0,3108.0,3134.3,31887600,3447.7,2820.9,3839.9,2896.0,3135.0,1468,29,3134.9,139,2,3134.8,200,1,3134.7,47,1,3134.6,22,1,3135.1,612,23,3135.2,171,6,3135.3,92,3,3135.4,14,2,3135.6,48,1
2031,2026-06-16 15:04:20+05:30,3135.1,2,3135.1,3176612,118340.0,194264.0,3163.0,3163.0,3108.0,3134.3,31887600,3447.7,2820.9,3839.9,2896.0,3135.0,760,20,3134.9,137,1,3134.8,200,1,3134.7,47,1,3134.6,1,1,3135.1,596,22,3135.2,171,6,3135.3,92,3,3135.4,14,2,3135.5,16,1
2031,2026-06-16 15:04:21+05:30,3135.1,80,3135.1,3176612,118340.0,194264.0,3163.0,3163.0,3108.0,3134.3,31887600,3447.7,2820.9,3839.9,2896.0,3135.0,760,20,3134.9,137,1,3134.8,200,1,3134.7,47,1,3134.6,1,1,3135.1,596,22,3135.2,171,6,3135.3,92,3,3135.4,14,2,3135.5,16,1
2031,2026-06-16 15:04:21+05:30,3135.0,41,3135.1,3176835,118852.0,194247.0,3163.0,3163.0,3108.0,3134.3,31887600,3447.7,2820.9,3839.9,2896.0,3135.0,741,19,3134.9,161,2,3134.8,231,2,3134.7,47,1,3134.6,55,3,3135.1,560,18,3135.2,171,6,3135.3,92,3,3135.4,14,2,3135.7,36,1
2031,2026-06-16 15:04:22+05:30,3135.1,1,3135.1,3176835,118852.0,194247.0,3163.0,3163.0,3108.0,3134.3,31887600,3447.7,2820.9,3839.9,2896.0,3135.0,741,19,3134.9,161,2,3134.8,231,2,3134.7,47,1,3134.6,55,3,3135.1,560,18,3135.2,171,6,3135.3,92,3,3135.4,14,2,3135.7,36,1
2031,2026-06-16 15:04:23+05:30,3135.1,1,3135.1,3176878,118863.0,194406.0,3163.0,3163.0,3108.0,3134.3,31887600,3447.7,2820.9,3839.9,2896.0,3135.0,702,20,3134.9,137,1,3134.8,200,1,3134.7,72,3,3134.5,47,1,3135.1,628,20,3135.2,171,6,3135.3,92,3,3135.4,14,2,3135.7,36,1
2031,2026-06-16 15:04:23+05:30,3135.0,2,3135.1,3176878,118863.0,194406.0,3163.0,3163.0,3108.0,3134.3,31887600,3447.7,2820.9,3839.9,2896.0,3135.0,702,20,3134.9,137,1,3134.8,200,1,3134.7,72,3,3134.5,47,1,3135.1,628,20,3135.2,171,6,3135.3,92,3,3135.4,14,2,3135.7,36,1
2031,2026-06-16 15:04:24+05:30,3135.0,39,3135.1,3176989,118529.0,194675.0,3163.0,3163.0,3108.0,3134.3,31887600,3447.7,2820.9,3839.9,2896.0,3135.0,592,19,3134.9,137,1,3134.8,200,1,3134.7,48,2,3134.4,24,1,3135.1,628,21,3135.2,251,7,3135.3,92,3,3135.4,14,2,3135.6,19,1
2031,2026-06-16 15:04:24+05:30,3135.0,39,3135.1,3176989,118529.0,194675.0,3163.0,3163.0,3108.0,3134.3,31887600,3447.7,2820.9,3839.9,2896.0,3135.0,592,19,3134.9,137,1,3134.8,200,1,3134.7,48,2,3134.4,24,1,3135.1,628,21,3135.2,251,7,3135.3,92,3,3135.4,14,2,3135.6,19,1
2031,2026-06-16 15:04:25+05:30,3135.1,6,3135.1,3177010,118668.0,194501.0,3163.0,3163.0,3108.0,3134.3,31887600,3447.7,2820.9,3839.9,2896.0,3135.0,592,19,3134.9,137,1,3134.8,201,2,3134.7,47,1,3134.6,23,1,3135.1,577,20,3135.2,251,7,3135.3,92,3,3135.4,14,2,3135.6,19,1
2031,2026-06-16 15:04:25+05:30,3135.0,1,3135.1,3177010,118668.0,194501.0,3163.0,3163.0,3108.0,3134.3,31887600,3447.7,2820.9,3839.9,2896.0,3135.0,592,19,3134.9,137,1,3134.8,201,2,3134.7,47,1,3134.6,23,1,3135.1,577,20,3135.2,251,7,3135.3,92,3,3135.4,14,2,3135.6,19,1
2031,2026-06-16 15:04:26+05:30,3135.0,132,3135.1,3177210,118008.0,194667.0,3163.0,3163.0,3108.0,3134.3,31887600,3447.7,2820.9,3839.9,2896.0,3135.0,401,16,3134.9,137,1,3134.8,201,2,3134.7,47,1,3134.3,273,4,3135.1,619,22,3135.2,251,7,3135.3,102,4,3135.4,81,5,3135.6,73,3
2031,2026-06-16 15:04:26+05:30,3135.0,9,3135.1,3177210,118008.0,194667.0,3163.0,3163.0,3108.0,3134.3,31887600,3447.7,2820.9,3839.9,2896.0,3135.0,401,16,3134.9,137,1,3134.8,201,2,3134.7,47,1,3134.3,273,4,3135.1,619,22,3135.2,251,7,3135.3,102,4,3135.4,81,5,3135.6,73,3
2031,2026-06-16 15:04:27+05:30,3135.1,4,3135.1,3177602,118448.0,194027.0,3163.0,3163.0,3108.0,3134.3,31887600,3447.7,2820.9,3839.9,2896.0,3135.0,362,16,3134.9,137,1,3134.8,201,2,3134.7,94,2,3134.5,24,1,3135.1,398,14,3135.2,251,7,3135.3,92,3,3135.4,27,3,3135.6,19,1
2031,2026-06-16 15:04:27+05:30,3135.1,14,3135.1,3177602,118448.0,194027.0,3163.0,3163.0,3108.0,3134.3,31887600,3447.7,2820.9,3839.9,2896.0,3135.0,362,16,3134.9,137,1,3134.8,201,2,3134.7,94,2,3134.5,24,1,3135.1,398,14,3135.2,251,7,3135.3,92,3,3135.4,27,3,3135.6,19,1
2031,2026-06-16 15:04:28+05:30,3135.0,17,3135.1,3177919,117969.0,194232.0,3163.0,3163.0,3108.0,3134.3,31887600,3447.7,2820.9,3839.9,2896.0,3135.0,198,13,3134.9,138,2,3134.8,200,1,3134.7,47,1,3134.3,50,3,3135.1,465,17,3135.2,251,7,3135.3,92,3,3135.4,27,3,3135.6,51,2
2031,2026-06-16 15:04:28+05:30,3135.1,1,3135.1,3177919,117969.0,194232.0,3163.0,3163.0,3108.0,3134.3,31887600,3447.7,2820.9,3839.9,2896.0,3135.0,198,13,3134.9,138,2,3134.8,200,1,3134.7,47,1,3134.3,50,3,3135.1,465,17,3135.2,251,7,3135.3,92,3,3135.4,27,3,3135.6,51,2
2031,2026-06-16 15:04:29+05:30,3135.1,5,3135.1,3178102,117856.0,194214.0,3163.0,3163.0,3108.0,3134.3,31887600,3447.7,2820.9,3839.9,2896.0,3135.0,180,12,3134.9,137,1,3134.8,200,1,3134.7,94,2,3134.5,24,1,3135.1,376,12,3135.2,251,7,3135.3,92,3,3135.4,46,3,3135.6,51,2
2031,2026-06-16 15:04:29+05:30,3135.1,4,3135.1,3178102,117856.0,194214.0,3163.0,3163.0,3108.0,3134.3,31887600,3447.7,2820.9,3839.9,2896.0,3135.0,180,12,3134.9,137,1,3134.8,200,1,3134.7,94,2,3134.5,24,1,3135.1,376,12,3135.2,251,7,3135.3,92,3,3135.4,46,3,3135.6,51,2
2031,2026-06-16 15:04:30+05:30,3135.1,6,3135.1,3178171,118154.0,192460.0,3163.0,3163.0,3108.0,3134.3,31887600,3447.7,2820.9,3839.9,2896.0,3135.0,452,10,3134.9,137,1,3134.8,200,1,3134.7,47,1,3134.5,24,1,3135.1,370,13,3135.2,201,7,3135.3,92,3,3135.4,46,3,3135.6,32,1
2031,2026-06-16 15:04:30+05:30,3135.0,3,3135.1,3178171,118154.0,192460.0,3163.0,3163.0,3108.0,3134.3,31887600,3447.7,2820.9,3839.9,2896.0,3135.0,452,10,3134.9,137,1,3134.8,200,1,3134.7,47,1,3134.5,24,1,3135.1,370,13,3135.2,201,7,3135.3,92,3,3135.4,46,3,3135.6,32,1
2031,2026-06-16 15:04:31+05:30,3135.0,9,3135.1,3178232,117842.0,193876.0,3163.0,3163.0,3108.0,3134.3,31887600,3447.7,2820.9,3839.9,2896.0,3135.0,403,12,3134.9,138,2,3134.8,200,1,3134.7,47,1,3134.6,24,2,3135.1,546,16,3135.2,219,8,3135.3,92,3,3135.4,14,2,3135.6,32,1
2031,2026-06-16 15:04:31+05:30,3135.0,12,3135.1,3178232,117842.0,193876.0,3163.0,3163.0,3108.0,3134.3,31887600,3447.7,2820.9,3839.9,2896.0,3135.0,403,12,3134.9,138,2,3134.8,200,1,3134.7,47,1,3134.6,24,2,3135.1,546,16,3135.2,219,8,3135.3,92,3,3135.4,14,2,3135.6,32,1
2031,2026-06-16 15:04:32+05:30,3135.0,21,3135.1,3178411,118198.0,192475.0,3163.0,3163.0,3108.0,3134.3,31887600,3447.7,2820.9,3839.9,2896.0,3135.0,491,13,3134.9,138,2,3134.8,200,1,3134.7,70,2,3134.6,1,1,3135.1,665,20,3135.2,192,8,3135.3,92,3,3135.4,14,2,3135.7,36,1
2031,2026-06-16 15:04:32+05:30,3135.0,21,3135.1,3178411,118198.0,192475.0,3163.0,3163.0,3108.0,3134.3,31887600,3447.7,2820.9,3839.9,2896.0,3135.0,491,13,3134.9,138,2,3134.8,200,1,3134.7,70,2,3134.6,1,1,3135.1,665,20,3135.2,192,8,3135.3,92,3,3135.4,14,2,3135.7,36,1
2031,2026-06-16 15:04:33+05:30,3135.1,1,3135.1,3178424,118607.0,193949.0,3163.0,3163.0,3108.0,3134.3,31887600,3447.7,2820.9,3839.9,2896.0,3135.0,680,19,3134.9,138,2,3134.8,223,2,3134.7,48,2,3134.6,23,1,3135.1,700,21,3135.2,192,8,3135.3,92,3,3135.4,14,2,3135.7,36,1
2031,2026-06-16 15:04:33+05:30,3135.1,35,3135.1,3178424,118607.0,193949.0,3163.0,3163.0,3108.0,3134.3,31887600,3447.7,2820.9,3839.9,2896.0,3135.0,680,19,3134.9,138,2,3134.8,223,2,3134.7,48,2,3134.6,23,1,3135.1,700,21,3135.2,192,8,3135.3,92,3,3135.4,14,2,3135.7,36,1
2031,2026-06-16 15:04:34+05:30,3135.1,35,3135.1,3178614,118375.0,194734.0,3163.0,3163.0,3108.0,3134.3,31887600,3447.7,2820.9,3839.9,2896.0,3135.0,606,18,3134.9,150,3,3134.8,200,1,3134.7,48,2,3134.4,71,2,3135.1,692,23,3135.2,189,7,3135.3,92,3,3135.4,45,3,3135.6,31,1
2031,2026-06-16 15:04:34+05:30,3135.1,14,3135.1,3178614,118375.0,194734.0,3163.0,3163.0,3108.0,3134.3,31887600,3447.7,2820.9,3839.9,2896.0,3135.0,606,18,3134.9,150,3,3134.8,200,1,3134.7,48,2,3134.4,71,2,3135.1,692,23,3135.2,189,7,3135.3,92,3,3135.4,45,3,3135.6,31,1
2031,2026-06-16 15:04:35+05:30,3135.0,39,3135.1,3178690,118284.0,194687.0,3163.0,3163.0,3108.0,3134.3,31887600,3447.7,2820.9,3839.9,2896.0,3135.0,656,21,3134.9,150,3,3134.8,200,1,3134.7,48,2,3134.6,23,1,3135.1,683,23,3135.2,189,7,3135.3,92,3,3135.4,14,2,3135.6,31,1
2031,2026-06-16 15:04:35+05:30,3135.1,16,3135.1,3178690,118284.0,194687.0,3163.0,3163.0,3108.0,3134.3,31887600,3447.7,2820.9,3839.9,2896.0,3135.0,656,21,3134.9,150,3,3134.8,200,1,3134.7,48,2,3134.6,23,1,3135.1,683,23,3135.2,189,7,3135.3,92,3,3135.4,14,2,3135.6,31,1
2031,2026-06-16 15:04:36+05:30,3135.1,1,3135.1,3178907,118407.0,194808.0,3163.0,3163.0,3108.0,3134.3,31887600,3447.7,2820.9,3839.9,2896.0,3135.0,581,19,3134.9,149,2,3134.8,406,3,3134.7,47,1,3134.4,23,1,3135.1,627,23,3135.2,189,7,3135.3,92,3,3135.4,68,4,3135.6,73,3
2031,2026-06-16 15:04:36+05:30,3135.0,7,3135.1,3178907,118407.0,194808.0,3163.0,3163.0,3108.0,3134.3,31887600,3447.7,2820.9,3839.9,2896.0,3135.0,581,19,3134.9,149,2,3134.8,406,3,3134.7,47,1,3134.4,23,1,3135.1,627,23,3135.2,189,7,3135.3,92,3,3135.4,68,4,3135.6,73,3
2031,2026-06-16 15:04:37+05:30,3135.1,1,3135.1,3179545,117400.0,194734.0,3163.0,3163.0,3108.0,3134.3,31887600,3447.7,2820.9,3839.9,2896.0,3135.0,99,10,3134.9,149,2,3134.8,465,4,3134.7,47,1,3134.3,5,1,3135.1,644,24,3135.2,213,8,3135.3,102,4,3135.4,70,4,3135.5,16,1
2031,2026-06-16 15:04:37+05:30,3135.0,2,3135.1,3179545,117400.0,194734.0,3163.0,3163.0,3108.0,3134.3,31887600,3447.7,2820.9,3839.9,2896.0,3135.0,99,10,3134.9,149,2,3134.8,465,4,3134.7,47,1,3134.3,5,1,3135.1,644,24,3135.2,213,8,3135.3,102,4,3135.4,70,4,3135.5,16,1
2031,2026-06-16 15:04:38+05:30,3135.0,23,3135.1,3179954,117337.0,194901.0,3163.0,3163.0,3108.0,3134.3,31887600,3447.7,2820.9,3839.9,2896.0,3135.0,15,1,3134.9,150,3,3134.8,464,3,3134.7,47,1,3134.3,5,1,3135.1,696,26,3135.2,262,8,3135.3,150,5,3135.4,70,4,3135.6,77,4
2031,2026-06-16 15:04:38+05:30,3135.1,1,3135.1,3179954,117337.0,194901.0,3163.0,3163.0,3108.0,3134.3,31887600,3447.7,2820.9,3839.9,2896.0,3135.0,15,1,3134.9,150,3,3134.8,464,3,3134.7,47,1,3134.3,5,1,3135.1,696,26,3135.2,262,8,3135.3,150,5,3135.4,70,4,3135.6,77,4
2031,2026-06-16 15:04:39+05:30,3135.0,2,3135.1,3180012,117338.0,195121.0,3163.0,3163.0,3108.0,3134.3,31887600,3447.7,2820.9,3839.9,2896.0,3135.0,38,3,3134.9,149,2,3134.8,464,3,3134.7,47,1,3134.3,5,1,3135.1,669,23,3135.2,309,10,3135.3,102,4,3135.4,73,5,3135.5,96,1
2031,2026-06-16 15:04:39+05:30,3135.0,5,3135.1,3180012,117338.0,195121.0,3163.0,3163.0,3108.0,3134.3,31887600,3447.7,2820.9,3839.9,2896.0,3135.0,38,3,3134.9,149,2,3134.8,464,3,3134.7,47,1,3134.3,5,1,3135.1,669,23,3135.2,309,10,3135.3,102,4,3135.4,73,5,3135.5,96,1
2031,2026-06-16 15:04:40+05:30,3134.7,4,3135.1,3180981,116156.0,195196.0,3163.0,3163.0,3108.0,3134.3,31887600,3447.7,2820.9,3839.9,2896.0,3134.9,1,1,3134.8,7,1,3134.7,43,1,3134.3,5,1,3134.2,18,3,3135.1,786,26,3135.2,261,8,3135.3,102,4,3135.4,96,5,3135.5,98,2
2031,2026-06-16 15:04:40+05:30,3135.0,28,3135.1,3180981,116156.0,195196.0,3163.0,3163.0,3108.0,3134.3,31887600,3447.7,2820.9,3839.9,2896.0,3134.9,1,1,3134.8,7,1,3134.7,43,1,3134.3,5,1,3134.2,18,3,3135.1,786,26,3135.2,261,8,3135.3,102,4,3135.4,96,5,3135.5,98,2
2031,2026-06-16 15:04:41+05:30,3134.2,3,3135.1,3181193,117399.0,194930.0,3163.0,3163.0,3108.0,3134.3,31887600,3447.7,2820.9,3839.9,2896.0,3134.2,12,1,3134.1,186,5,3134.0,241,6,3133.9,118,3,3133.8,108,4,3135.0,41,1,3135.1,714,24,3135.2,203,7,3135.3,92,3,3135.4,50,3
2031,2026-06-16 15:04:41+05:30,3134.2,20,3135.1,3181193,117399.0,194930.0,3163.0,3163.0,3108.0,3134.3,31887600,3447.7,2820.9,3839.9,2896.0,3134.2,12,1,3134.1,186,5,3134.0,241,6,3133.9,118,3,3133.8,108,4,3135.0,41,1,3135.1,714,24,3135.2,203,7,3135.3,92,3,3135.4,50,3
2031,2026-06-16 15:04:42+05:30,3134.2,20,3135.1,3181225,117488.0,194961.0,3163.0,3163.0,3108.0,3134.3,31887600,3447.7,2820.9,3839.9,2896.0,3134.3,2,1,3134.1,84,2,3134.0,208,5,3133.9,20,1,3133.8,76,3,3135.0,311,12,3135.1,549,17,3135.2,239,8,3135.3,248,7,3135.4,36,1
2031,2026-06-16 15:04:42+05:30,3134.2,20,3135.1,3181225,117488.0,194961.0,3163.0,3163.0,3108.0,3134.3,31887600,3447.7,2820.9,3839.9,2896.0,3134.3,2,1,3134.1,84,2,3134.0,208,5,3133.9,20,1,3133.8,76,3,3135.0,311,12,3135.1,549,17,3135.2,239,8,3135.3,248,7,3135.4,36,1
2031,2026-06-16 15:04:42+05:30,3134.1,1,3135.1,3181225,117488.0,194961.0,3163.0,3163.0,3108.0,3134.3,31887600,3447.7,2820.9,3839.9,2896.0,3134.3,2,1,3134.1,84,2,3134.0,208,5,3133.9,20,1,3133.8,76,3,3135.0,311,12,3135.1,549,17,3135.2,239,8,3135.3,248,7,3135.4,36,1
2031,2026-06-16 15:04:43+05:30,3134.1,1,3135.1,3181293,117206.0,195175.0,3163.0,3163.0,3108.0,3134.3,31887600,3447.7,2820.9,3839.9,2896.0,3134.3,1,1,3134.1,21,1,3134.0,202,5,3133.8,76,3,3133.7,60,2,3134.9,141,3,3135.0,487,19,3135.1,362,13,3135.2,265,9,3135.3,198,6
2031,2026-06-16 15:04:43+05:30,3134.3,1,3135.1,3181293,117206.0,195175.0,3163.0,3163.0,3108.0,3134.3,31887600,3447.7,2820.9,3839.9,2896.0,3134.3,1,1,3134.1,21,1,3134.0,202,5,3133.8,76,3,3133.7,60,2,3134.9,141,3,3135.0,487,19,3135.1,362,13,3135.2,265,9,3135.3,198,6
2031,2026-06-16 15:04:44+05:30,3134.3,1,3135.1,3181293,117206.0,195175.0,3163.0,3163.0,3108.0,3134.3,31887600,3447.7,2820.9,3839.9,2896.0,3134.3,1,1,3134.1,21,1,3134.0,202,5,3133.8,76,3,3133.7,60,2,3134.9,141,3,3135.0,487,19,3135.1,362,13,3135.2,265,9,3135.3,198,6
2031,2026-06-16 15:04:44+05:30,3134.3,1,3135.1,3181309,117627.0,194647.0,3163.0,3163.0,3108.0,3134.3,31887600,3447.7,2820.9,3839.9,2896.0,3134.1,21,1,3134.0,202,5,3133.9,36,2,3133.7,61,2,3133.6,223,6,3134.8,1,1,3134.9,259,6,3135.0,445,16,3135.1,270,11,3135.2,205,8
2031,2026-06-16 15:04:44+05:30,3134.1,1,3135.1,3181309,117627.0,194647.0,3163.0,3163.0,3108.0,3134.3,31887600,3447.7,2820.9,3839.9,2896.0,3134.1,21,1,3134.0,202,5,3133.9,36,2,3133.7,61,2,3133.6,223,6,3134.8,1,1,3134.9,259,6,3135.0,445,16,3135.1,270,11,3135.2,205,8
2031,2026-06-16 15:04:45+05:30,3133.7,17,3135.1,3181579,117622.0,194773.0,3163.0,3163.0,3108.0,3134.3,31887600,3447.7,2820.9,3839.9,2896.0,3133.8,79,4,3133.7,62,3,3133.6,240,4,3133.5,193,4,3133.4,258,3,3134.7,10,1,3134.8,247,8,3134.9,134,8,3135.0,414,12,3135.1,264,10
2031,2026-06-16 15:04:45+05:30,3133.7,17,3135.1,3181579,117622.0,194773.0,3163.0,3163.0,3108.0,3134.3,31887600,3447.7,2820.9,3839.9,2896.0,3133.8,79,4,3133.7,62,3,3133.6,240,4,3133.5,193,4,3133.4,258,3,3134.7,10,1,3134.8,247,8,3134.9,134,8,3135.0,414,12,3135.1,264,10
2031,2026-06-16 15:04:46+05:30,3134.5,13,3135.1,3181645,116741.0,194944.0,3163.0,3163.0,3108.0,3134.3,31887600,3447.7,2820.9,3839.9,2896.0,3134.3,2,1,3133.9,27,2,3133.8,1,1,3133.7,43,3,3133.6,58,2,3134.5,26,1,3134.6,105,1,3134.7,165,7,3134.8,161,10,3134.9,44,5
2031,2026-06-16 15:04:46+05:30,3134.5,13,3135.1,3181645,116741.0,194944.0,3163.0,3163.0,3108.0,3134.3,31887600,3447.7,2820.9,3839.9,2896.0,3134.3,2,1,3133.9,27,2,3133.8,1,1,3133.7,43,3,3133.6,58,2,3134.5,26,1,3134.6,105,1,3134.7,165,7,3134.8,161,10,3134.9,44,5
2031,2026-06-16 15:04:46+05:30,3134.0,3,3135.1,3181645,116741.0,194944.0,3163.0,3163.0,3108.0,3134.3,31887600,3447.7,2820.9,3839.9,2896.0,3134.3,2,1,3133.9,27,2,3133.8,1,1,3133.7,43,3,3133.6,58,2,3134.5,26,1,3134.6,105,1,3134.7,165,7,3134.8,161,10,3134.9,44,5
2031,2026-06-16 15:04:47+05:30,3133.9,21,3135.1,3181711,117770.0,192943.0,3163.0,3163.0,3108.0,3134.3,31887600,3447.7,2820.9,3839.9,2896.0,3134.1,1,1,3133.9,93,5,3133.8,1,1,3133.7,43,3,3133.6,58,2,3134.3,2,1,3134.5,176,5,3134.6,13,1,3134.7,246,8,3134.8,161,10
2031,2026-06-16 15:04:47+05:30,3133.9,21,3135.1,3181711,117770.0,192943.0,3163.0,3163.0,3108.0,3134.3,31887600,3447.7,2820.9,3839.9,2896.0,3134.1,1,1,3133.9,93,5,3133.8,1,1,3133.7,43,3,3133.6,58,2,3134.3,2,1,3134.5,176,5,3134.6,13,1,3134.7,246,8,3134.8,161,10
2031,2026-06-16 15:04:48+05:30,3134.0,2,3135.1,3181961,117254.0,194766.0,3163.0,3163.0,3108.0,3134.3,31887600,3447.7,2820.9,3839.9,2896.0,3134.0,19,1,3133.9,62,3,3133.8,1,1,3133.7,110,5,3133.6,96,3,3134.1,1,1,3134.3,95,5,3134.5,85,5,3134.6,17,2,3134.7,246,8
2031,2026-06-16 15:04:48+05:30,3134.1,1,3135.1,3181961,117254.0,194766.0,3163.0,3163.0,3108.0,3134.3,31887600,3447.7,2820.9,3839.9,2896.0,3134.0,19,1,3133.9,62,3,3133.8,1,1,3133.7,110,5,3133.6,96,3,3134.1,1,1,3134.3,95,5,3134.5,85,5,3134.6,17,2,3134.7,246,8
2031,2026-06-16 15:04:48+05:30,3134.1,1,3135.1,3181961,117254.0,194766.0,3163.0,3163.0,3108.0,3134.3,31887600,3447.7,2820.9,3839.9,2896.0,3134.0,19,1,3133.9,62,3,3133.8,1,1,3133.7,110,5,3133.6,96,3,3134.1,1,1,3134.3,95,5,3134.5,85,5,3134.6,17,2,3134.7,246,8
2031,2026-06-16 15:04:49+05:30,3134.1,1,3135.1,3182252,117032.0,194394.0,3163.0,3163.0,3108.0,3134.3,31887600,3447.7,2820.9,3839.9,2896.0,3134.0,21,1,3133.8,46,2,3133.7,29,3,3133.6,25,1,3133.5,38,1,3134.1,130,7,3134.5,25,1,3134.6,4,1,3134.7,114,4,3134.8,7,2
2031,2026-06-16 15:04:49+05:30,3134.0,6,3135.1,3182252,117032.0,194394.0,3163.0,3163.0,3108.0,3134.3,31887600,3447.7,2820.9,3839.9,2896.0,3134.0,21,1,3133.8,46,2,3133.7,29,3,3133.6,25,1,3133.5,38,1,3134.1,130,7,3134.5,25,1,3134.6,4,1,3134.7,114,4,3134.8,7,2
2031,2026-06-16 15:04:50+05:30,3134.1,40,3135.1,3182578,117076.0,194078.0,3163.0,3163.0,3108.0,3134.3,31887600,3447.7,2820.9,3839.9,2896.0,3133.9,10,1,3133.8,113,4,3133.7,65,5,3133.6,58,2,3133.4,273,4,3134.1,140,9,3134.2,5,1,3134.6,4,1,3134.9,114,1,3135.0,81,2
2031,2026-06-16 15:04:50+05:30,3134.1,40,3135.1,3182578,117076.0,194078.0,3163.0,3163.0,3108.0,3134.3,31887600,3447.7,2820.9,3839.9,2896.0,3133.9,10,1,3133.8,113,4,3133.7,65,5,3133.6,58,2,3133.4,273,4,3134.1,140,9,3134.2,5,1,3134.6,4,1,3134.9,114,1,3135.0,81,2
2031,2026-06-16 15:04:51+05:30,3134.1,40,3135.1,3182578,117076.0,194078.0,3163.0,3163.0,3108.0,3134.3,31887600,3447.7,2820.9,3839.9,2896.0,3133.9,10,1,3133.8,113,4,3133.7,65,5,3133.6,58,2,3133.4,273,4,3134.1,140,9,3134.2,5,1,3134.6,4,1,3134.9,114,1,3135.0,81,2
2031,2026-06-16 15:04:51+05:30,3134.0,8,3135.1,3182578,117076.0,194078.0,3163.0,3163.0,3108.0,3134.3,31887600,3447.7,2820.9,3839.9,2896.0,3133.9,10,1,3133.8,113,4,3133.7,65,5,3133.6,58,2,3133.4,273,4,3134.1,140,9,3134.2,5,1,3134.6,4,1,3134.9,114,1,3135.0,81,2
2031,2026-06-16 15:04:51+05:30,3134.0,8,3135.1,3182777,117033.0,194930.0,3163.0,3163.0,3108.0,3134.3,31887600,3447.7,2820.9,3839.9,2896.0,3133.9,43,1,3133.8,51,2,3133.7,44,4,3133.6,58,2,3133.5,203,4,3134.1,117,9,3134.2,5,1,3134.3,400,1,3134.6,4,1,3134.9,114,1
2031,2026-06-16 15:04:52+05:30,3134.0,2,3135.1,3182777,117033.0,194930.0,3163.0,3163.0,3108.0,3134.3,31887600,3447.7,2820.9,3839.9,2896.0,3133.9,43,1,3133.8,51,2,3133.7,44,4,3133.6,58,2,3133.5,203,4,3134.1,117,9,3134.2,5,1,3134.3,400,1,3134.6,4,1,3134.9,114,1
2031,2026-06-16 15:04:52+05:30,3134.0,2,3135.1,3182793,116980.0,194753.0,3163.0,3163.0,3108.0,3134.3,31887600,3447.7,2820.9,3839.9,2896.0,3134.0,75,6,3133.9,110,3,3133.8,77,3,3133.7,44,4,3133.6,59,3,3134.1,147,11,3134.2,68,1,3134.3,400,1,3134.6,4,1,3134.9,114,1
2031,2026-06-16 15:04:52+05:30,3134.0,2,3135.1,3182793,116980.0,194753.0,3163.0,3163.0,3108.0,3134.3,31887600,3447.7,2820.9,3839.9,2896.0,3134.0,75,6,3133.9,110,3,3133.8,77,3,3133.7,44,4,3133.6,59,3,3134.1,147,11,3134.2,68,1,3134.3,400,1,3134.6,4,1,3134.9,114,1
2031,2026-06-16 15:04:53+05:30,3134.1,6,3135.1,3182793,116980.0,194753.0,3163.0,3163.0,3108.0,3134.3,31887600,3447.7,2820.9,3839.9,2896.0,3134.0,75,6,3133.9,110,3,3133.8,77,3,3133.7,44,4,3133.6,59,3,3134.1,147,11,3134.2,68,1,3134.3,400,1,3134.6,4,1,3134.9,114,1
2031,2026-06-16 15:04:53+05:30,3134.1,6,3135.1,3183521,117134.0,194875.0,3163.0,3163.0,3108.0,3134.3,31887600,3447.7,2820.9,3839.9,2896.0,3134.0,74,4,3133.9,32,2,3133.8,61,2,3133.7,62,4,3133.6,59,2,3134.1,236,8,3134.2,68,1,3134.3,400,1,3134.6,4,1,3134.9,114,1
2031,2026-06-16 15:04:54+05:30,3134.1,6,3135.1,3183521,117134.0,194875.0,3163.0,3163.0,3108.0,3134.3,31887600,3447.7,2820.9,3839.9,2896.0,3134.0,74,4,3133.9,32,2,3133.8,61,2,3133.7,62,4,3133.6,59,2,3134.1,236,8,3134.2,68,1,3134.3,400,1,3134.6,4,1,3134.9,114,1
2031,2026-06-16 15:04:54+05:30,3134.1,1,3135.1,3183521,117134.0,194875.0,3163.0,3163.0,3108.0,3134.3,31887600,3447.7,2820.9,3839.9,2896.0,3134.0,74,4,3133.9,32,2,3133.8,61,2,3133.7,62,4,3133.6,59,2,3134.1,236,8,3134.2,68,1,3134.3,400,1,3134.6,4,1,3134.9,114,1
2031,2026-06-16 15:04:54+05:30,3134.1,10,3135.1,3183608,117099.0,195186.0,3163.0,3163.0,3108.0,3134.3,31887600,3447.7,2820.9,3839.9,2896.0,3134.0,62,3,3133.9,45,2,3133.8,28,1,3133.7,15,1,3133.6,102,3,3134.1,253,9,3134.2,71,2,3134.3,400,1,3134.6,4,1,3134.9,116,2
2031,2026-06-16 15:04:55+05:30,3134.1,10,3135.1,3183608,117099.0,195186.0,3163.0,3163.0,3108.0,3134.3,31887600,3447.7,2820.9,3839.9,2896.0,3134.0,62,3,3133.9,45,2,3133.8,28,1,3133.7,15,1,3133.6,102,3,3134.1,253,9,3134.2,71,2,3134.3,400,1,3134.6,4,1,3134.9,116,2
2031,2026-06-16 15:04:55+05:30,3133.9,14,3135.1,3183608,117099.0,195186.0,3163.0,3163.0,3108.0,3134.3,31887600,3447.7,2820.9,3839.9,2896.0,3134.0,62,3,3133.9,45,2,3133.8,28,1,3133.7,15,1,3133.6,102,3,3134.1,253,9,3134.2,71,2,3134.3,400,1,3134.6,4,1,3134.9,116,2
2031,2026-06-16 15:04:55+05:30,3133.9,14,3135.1,3183811,116511.0,195215.0,3163.0,3163.0,3108.0,3134.3,31887600,3447.7,2820.9,3839.9,2896.0,3134.0,12,1,3133.9,28,2,3133.6,27,1,3133.5,10,1,3133.4,75,3,3134.1,282,10,3134.2,71,2,3134.3,400,1,3134.6,4,1,3134.7,112,2
2031,2026-06-16 15:04:55+05:30,3133.9,14,3135.1,3183811,116511.0,195215.0,3163.0,3163.0,3108.0,3134.3,31887600,3447.7,2820.9,3839.9,2896.0,3134.0,12,1,3133.9,28,2,3133.6,27,1,3133.5,10,1,3133.4,75,3,3134.1,282,10,3134.2,71,2,3134.3,400,1,3134.6,4,1,3134.7,112,2
2031,2026-06-16 15:04:56+05:30,3133.9,14,3135.1,3183811,116511.0,195215.0,3163.0,3163.0,3108.0,3134.3,31887600,3447.7,2820.9,3839.9,2896.0,3134.0,12,1,3133.9,28,2,3133.6,27,1,3133.5,10,1,3133.4,75,3,3134.1,282,10,3134.2,71,2,3134.3,400,1,3134.6,4,1,3134.7,112,2
2031,2026-06-16 15:04:56+05:30,3133.9,3,3135.1,3183811,116511.0,195215.0,3163.0,3163.0,3108.0,3134.3,31887600,3447.7,2820.9,3839.9,2896.0,3134.0,12,1,3133.9,28,2,3133.6,27,1,3133.5,10,1,3133.4,75,3,3134.1,282,10,3134.2,71,2,3134.3,400,1,3134.6,4,1,3134.7,112,2
2031,2026-06-16 15:04:56+05:30,3133.9,3,3135.1,3183996,116293.0,195249.0,3163.0,3163.0,3108.0,3134.3,31887600,3447.7,2820.9,3839.9,2896.0,3133.9,12,1,3133.7,20,1,3133.5,27,1,3133.4,69,3,3133.3,21,2,3134.1,281,10,3134.2,71,2,3134.3,400,1,3134.6,4,1,3134.7,90,1
2031,2026-06-16 15:04:56+05:30,3133.9,3,3135.1,3183996,116293.0,195249.0,3163.0,3163.0,3108.0,3134.3,31887600,3447.7,2820.9,3839.9,2896.0,3133.9,12,1,3133.7,20,1,3133.5,27,1,3133.4,69,3,3133.3,21,2,3134.1,281,10,3134.2,71,2,3134.3,400,1,3134.6,4,1,3134.7,90,1
2031,2026-06-16 15:04:57+05:30,3133.9,13,3135.1,3183996,116293.0,195249.0,3163.0,3163.0,3108.0,3134.3,31887600,3447.7,2820.9,3839.9,2896.0,3133.9,12,1,3133.7,20,1,3133.5,27,1,3133.4,69,3,3133.3,21,2,3134.1,281,10,3134.2,71,2,3134.3,400,1,3134.6,4,1,3134.7,90,1
2031,2026-06-16 15:04:57+05:30,3133.9,13,3135.1,3183996,116293.0,195249.0,3163.0,3163.0,3108.0,3134.3,31887600,3447.7,2820.9,3839.9,2896.0,3133.9,12,1,3133.7,20,1,3133.5,27,1,3133.4,69,3,3133.3,21,2,3134.1,281,10,3134.2,71,2,3134.3,400,1,3134.6,4,1,3134.7,90,1
2031,2026-06-16 15:04:57+05:30,3133.9,4,3135.1,3184086,115895.0,195559.0,3163.0,3163.0,3108.0,3134.3,31887600,3447.7,2820.9,3839.9,2896.0,3133.9,56,2,3133.7,38,2,3133.4,16,1,3133.3,48,3,3133.2,129,2,3134.1,385,14,3134.2,133,3,3134.3,400,1,3134.6,42,3,3134.7,115,2
2031,2026-06-16 15:04:58+05:30,3134.1,1,3135.1,3184086,115895.0,195559.0,3163.0,3163.0,3108.0,3134.3,31887600,3447.7,2820.9,3839.9,2896.0,3133.9,56,2,3133.7,38,2,3133.4,16,1,3133.3,48,3,3133.2,129,2,3134.1,385,14,3134.2,133,3,3134.3,400,1,3134.6,42,3,3134.7,115,2
2031,2026-06-16 15:04:58+05:30,3134.1,1,3135.1,3184086,115895.0,195559.0,3163.0,3163.0,3108.0,3134.3,31887600,3447.7,2820.9,3839.9,2896.0,3133.9,56,2,3133.7,38,2,3133.4,16,1,3133.3,48,3,3133.2,129,2,3134.1,385,14,3134.2,133,3,3134.3,400,1,3134.6,42,3,3134.7,115,2
2031,2026-06-16 15:04:58+05:30,3134.1,2,3135.1,3184128,116982.0,195375.0,3163.0,3163.0,3108.0,3134.3,31887600,3447.7,2820.9,3839.9,2896.0,3134.0,9,2,3133.9,107,4,3133.8,111,3,3133.7,238,3,3133.6,59,2,3134.1,397,15,3134.2,133,3,3134.3,400,1,3134.6,4,1,3134.7,90,1
2031,2026-06-16 15:04:59+05:30,3134.1,2,3135.1,3184128,116982.0,195375.0,3163.0,3163.0,3108.0,3134.3,31887600,3447.7,2820.9,3839.9,2896.0,3134.0,9,2,3133.9,107,4,3133.8,111,3,3133.7,238,3,3133.6,59,2,3134.1,397,15,3134.2,133,3,3134.3,400,1,3134.6,4,1,3134.7,90,1
2031,2026-06-16 15:04:59+05:30,3134.1,18,3135.1,3184128,116982.0,195375.0,3163.0,3163.0,3108.0,3134.3,31887600,3447.7,2820.9,3839.9,2896.0,3134.0,9,2,3133.9,107,4,3133.8,111,3,3133.7,238,3,3133.6,59,2,3134.1,397,15,3134.2,133,3,3134.3,400,1,3134.6,4,1,3134.7,90,1
2031,2026-06-16 15:04:59+05:30,3134.1,5,3135.1,3184346,116787.0,195418.0,3163.0,3163.0,3108.0,3134.3,31887600,3447.7,2820.9,3839.9,2896.0,3134.0,73,5,3133.9,91,3,3133.8,76,2,3133.7,220,2,3133.6,59,2,3134.1,379,15,3134.2,163,4,3134.3,400,1,3134.6,4,1,3134.9,116,2
2031,2026-06-16 15:05:00+05:30,3134.1,5,3135.1,3184346,116787.0,195418.0,3163.0,3163.0,3108.0,3134.3,31887600,3447.7,2820.9,3839.9,2896.0,3134.0,73,5,3133.9,91,3,3133.8,76,2,3133.7,220,2,3133.6,59,2,3134.1,379,15,3134.2,163,4,3134.3,400,1,3134.6,4,1,3134.9,116,2
2031,2026-06-16 15:05:00+05:30,3134.1,16,3135.1,3184346,116787.0,195418.0,3163.0,3163.0,3108.0,3134.3,31887600,3447.7,2820.9,3839.9,2896.0,3134.0,73,5,3133.9,91,3,3133.8,76,2,3133.7,220,2,3133.6,59,2,3134.1,379,15,3134.2,163,4,3134.3,400,1,3134.6,4,1,3134.9,116,2
2031,2026-06-16 15:05:00+05:30,3134.1,4,3135.1,3185327,116578.0,194446.0,3163.0,3163.0,3108.0,3134.3,31887600,3447.7,2820.9,3839.9,2896.0,3134.0,54,3,3133.9,32,1,3133.8,32,1,3133.7,28,2,3133.6,33,2,3134.1,321,14,3134.2,163,4,3134.3,400,1,3134.6,4,1,3134.9,116,2
2031,2026-06-16 15:05:00+05:30,3134.1,4,3135.1,3185327,116578.0,194446.0,3163.0,3163.0,3108.0,3134.3,31887600,3447.7,2820.9,3839.9,2896.0,3134.0,54,3,3133.9,32,1,3133.8,32,1,3133.7,28,2,3133.6,33,2,3134.1,321,14,3134.2,163,4,3134.3,400,1,3134.6,4,1,3134.9,116,2
2031,2026-06-16 15:05:01+05:30,3134.0,1,3135.1,3185327,116578.0,194446.0,3163.0,3163.0,3108.0,3134.3,31887600,3447.7,2820.9,3839.9,2896.0,3134.0,54,3,3133.9,32,1,3133.8,32,1,3133.7,28,2,3133.6,33,2,3134.1,321,14,3134.2,163,4,3134.3,400,1,3134.6,4,1,3134.9,116,2
2031,2026-06-16 15:05:01+05:30,3134.0,2,3135.1,3186408,117861.0,193514.0,3163.0,3163.0,3108.0,3134.3,31887600,3447.7,2820.9,3839.9,2896.0,3133.9,34,1,3133.8,130,5,3133.7,108,4,3133.6,195,7,3133.5,67,4,3134.0,2,1,3134.1,32,1,3134.2,160,3,3134.3,400,1,3135.0,81,2
2031,2026-06-16 15:05:01+05:30,3134.0,2,3135.1,3186408,117861.0,193514.0,3163.0,3163.0,3108.0,3134.3,31887600,3447.7,2820.9,3839.9,2896.0,3133.9,34,1,3133.8,130,5,3133.7,108,4,3133.6,195,7,3133.5,67,4,3134.0,2,1,3134.1,32,1,3134.2,160,3,3134.3,400,1,3135.0,81,2
2031,2026-06-16 15:05:02+05:30,3134.4,10,3135.1,3186408,117861.0,193514.0,3163.0,3163.0,3108.0,3134.3,31887600,3447.7,2820.9,3839.9,2896.0,3133.9,34,1,3133.8,130,5,3133.7,108,4,3133.6,195,7,3133.5,67,4,3134.0,2,1,3134.1,32,1,3134.2,160,3,3134.3,400,1,3135.0,81,2
2031,2026-06-16 15:05:02+05:30,3134.4,10,3135.1,3187396,118161.0,193408.0,3163.0,3163.0,3108.0,3134.3,31887600,3447.7,2820.9,3839.9,2896.0,3134.4,11,1,3134.2,75,3,3134.1,25,1,3134.0,67,3,3133.9,183,5,3135.0,94,3,3135.1,140,4,3135.2,18,1,3135.3,10,1,3135.4,14,1
2031,2026-06-16 15:05:02+05:30,3134.4,10,3135.1,3187396,118161.0,193408.0,3163.0,3163.0,3108.0,3134.3,31879200,3447.7,2820.9,3839.9,2896.0,3134.4,11,1,3134.2,75,3,3134.1,25,1,3134.0,67,3,3133.9,183,5,3135.0,94,3,3135.1,140,4,3135.2,18,1,3135.3,10,1,3135.4,14,1
2031,2026-06-16 15:05:03+05:30,3133.9,5,3135.1,3187396,118161.0,193408.0,3163.0,3163.0,3108.0,3134.3,31879200,3447.7,2820.9,3839.9,2896.0,3134.4,11,1,3134.2,75,3,3134.1,25,1,3134.0,67,3,3133.9,183,5,3135.0,94,3,3135.1,140,4,3135.2,18,1,3135.3,10,1,3135.4,14,1
2031,2026-06-16 15:05:03+05:30,3133.9,5,3135.1,3187527,116931.0,193446.0,3163.0,3163.0,3108.0,3134.3,31879200,3447.7,2820.9,3839.9,2896.0,3134.0,23,2,3133.9,79,2,3133.7,81,4,3133.6,206,3,3133.5,205,4,3134.9,34,2,3135.0,200,6,3135.1,189,5,3135.2,18,1,3135.3,44,1
2031,2026-06-16 15:05:04+05:30,3134.8,27,3135.1,3187527,116931.0,193446.0,3163.0,3163.0,3108.0,3134.3,31879200,3447.7,2820.9,3839.9,2896.0,3134.0,23,2,3133.9,79,2,3133.7,81,4,3133.6,206,3,3133.5,205,4,3134.9,34,2,3135.0,200,6,3135.1,189,5,3135.2,18,1,3135.3,44,1
2031,2026-06-16 15:05:04+05:30,3134.8,27,3135.1,3187561,117245.0,193267.0,3163.0,3163.0,3108.0,3134.3,31879200,3447.7,2820.9,3839.9,2896.0,3134.3,23,1,3134.2,85,3,3134.1,3,1,3134.0,255,7,3133.9,68,2,3134.8,42,2,3134.9,25,2,3135.0,200,6,3135.1,127,3,3135.2,18,1
2031,2026-06-16 15:05:05+05:30,3134.8,6,3135.1,3187561,117245.0,193267.0,3163.0,3163.0,3108.0,3134.3,31879200,3447.7,2820.9,3839.9,2896.0,3134.3,23,1,3134.2,85,3,3134.1,3,1,3134.0,255,7,3133.9,68,2,3134.8,42,2,3134.9,25,2,3135.0,200,6,3135.1,127,3,3135.2,18,1
2031,2026-06-16 15:05:05+05:30,3134.8,6,3135.1,3187627,117840.0,192806.0,3163.0,3163.0,3108.0,3134.3,31879200,3447.7,2820.9,3839.9,2896.0,3134.7,35,2,3134.3,62,2,3134.2,51,1,3134.1,81,3,3134.0,153,4,3134.8,138,7,3134.9,1,1,3135.0,176,4,3135.1,127,3,3135.2,55,2
2031,2026-06-16 15:05:06+05:30,3135.8,2,3135.1,3187627,117840.0,192806.0,3163.0,3163.0,3108.0,3134.3,31879200,3447.7,2820.9,3839.9,2896.0,3134.7,35,2,3134.3,62,2,3134.2,51,1,3134.1,81,3,3134.0,153,4,3134.8,138,7,3134.9,1,1,3135.0,176,4,3135.1,127,3,3135.2,55,2
2031,2026-06-16 15:05:06+05:30,3135.3,2,3135.1,3200016,120980.0,186187.0,3163.0,3163.0,3108.0,3134.3,31879200,3447.7,2820.9,3839.9,2896.0,3135.3,34,2,3135.2,88,2,3135.1,225,3,3135.0,149,5,3134.9,123,3,3136.2,1,1,3136.6,1,1,3136.7,37,1,3136.8,179,3,3137.0,238,4
2031,2026-06-16 15:05:07+05:30,3134.5,4,3135.1,3200016,120980.0,186187.0,3163.0,3163.0,3108.0,3134.3,31879200,3447.7,2820.9,3839.9,2896.0,3135.3,34,2,3135.2,88,2,3135.1,225,3,3135.0,149,5,3134.9,123,3,3136.2,1,1,3136.6,1,1,3136.7,37,1,3136.8,179,3,3137.0,238,4
2031,2026-06-16 15:05:07+05:30,3134.7,21,3135.1,3201022,119547.0,187627.0,3163.0,3163.0,3108.0,3134.3,31879200,3447.7,2820.9,3839.9,2896.0,3134.4,159,6,3134.3,63,4,3134.2,81,3,3134.1,166,7,3134.0,167,5,3134.8,40,2,3135.7,32,1,3135.8,33,1,3135.9,147,2,3136.0,40,1
2031,2026-06-16 15:05:08+05:30,3134.8,105,3135.1,3201022,119547.0,187627.0,3163.0,3163.0,3108.0,3134.3,31879200,3447.7,2820.9,3839.9,2896.0,3134.4,159,6,3134.3,63,4,3134.2,81,3,3134.1,166,7,3134.0,167,5,3134.8,40,2,3135.7,32,1,3135.8,33,1,3135.9,147,2,3136.0,40,1
2031,2026-06-16 15:05:08+05:30,3134.8,105,3135.1,3201449,121254.0,186440.0,3163.0,3163.0,3108.0,3134.3,31879200,3447.7,2820.9,3839.9,2896.0,3134.8,115,5,3134.7,79,4,3134.6,162,8,3134.5,158,5,3134.4,901,7,3135.7,7,1,3136.1,7,1,3136.2,139,5,3136.4,49,1,3136.7,18,1
2031,2026-06-16 15:05:09+05:30,3135.7,1,3135.1,3201449,121254.0,186440.0,3163.0,3163.0,3108.0,3134.3,31879200,3447.7,2820.9,3839.9,2896.0,3134.8,115,5,3134.7,79,4,3134.6,162,8,3134.5,158,5,3134.4,901,7,3135.7,7,1,3136.1,7,1,3136.2,139,5,3136.4,49,1,3136.7,18,1
2031,2026-06-16 15:05:09+05:30,3135.7,1,3135.1,3201596,121343.0,187124.0,3163.0,3163.0,3108.0,3134.3,31879200,3447.7,2820.9,3839.9,2896.0,3134.8,62,3,3134.7,69,3,3134.6,72,3,3134.5,265,4,3134.4,657,4,3135.7,227,6,3135.8,8,1,3135.9,8,1,3136.2,139,5,3136.3,116,3
2031,2026-06-16 15:05:10+05:30,3134.8,13,3135.1,3201596,121343.0,187124.0,3163.0,3163.0,3108.0,3134.3,31879200,3447.7,2820.9,3839.9,2896.0,3134.8,62,3,3134.7,69,3,3134.6,72,3,3134.5,265,4,3134.4,657,4,3135.7,227,6,3135.8,8,1,3135.9,8,1,3136.2,139,5,3136.3,116,3
2031,2026-06-16 15:05:10+05:30,3134.8,13,3135.1,3201735,121820.0,187699.0,3163.0,3163.0,3108.0,3134.3,31879200,3447.7,2820.9,3839.9,2896.0,3134.8,604,2,3134.7,3,1,3134.6,2,1,3134.5,22,1,3134.4,666,4,3135.6,41,2,3135.7,224,6,3135.9,8,1,3136.0,74,2,3136.1,70,1
2031,2026-06-16 15:05:11+05:30,3134.8,8,3135.1,3201735,121820.0,187699.0,3163.0,3163.0,3108.0,3134.3,31879200,3447.7,2820.9,3839.9,2896.0,3134.8,604,2,3134.7,3,1,3134.6,2,1,3134.5,22,1,3134.4,666,4,3135.6,41,2,3135.7,224,6,3135.9,8,1,3136.0,74,2,3136.1,70,1
2031,2026-06-16 15:05:12+05:30,3134.8,8,3135.1,3201905,122252.0,187376.0,3163.0,3163.0,3108.0,3134.3,31879200,3447.7,2820.9,3839.9,2896.0,3134.8,611,3,3134.7,3,1,3134.6,35,2,3134.5,22,1,3134.4,733,6,3135.5,94,2,3135.6,122,5,3135.7,106,5,3135.9,8,1,3136.0,74,2
2031,2026-06-16 15:05:13+05:30,3134.8,38,3135.1,3202011,122191.0,187851.0,3163.0,3163.0,3108.0,3134.3,31879200,3447.7,2820.9,3839.9,2896.0,3134.8,588,6,3134.7,3,1,3134.6,2,1,3134.5,122,4,3134.4,630,3,3135.5,138,5,3135.6,109,5,3135.7,106,5,3135.8,14,1,3135.9,8,1
2031,2026-06-16 15:05:13+05:30,3135.5,3,3135.1,3202011,122191.0,187851.0,3163.0,3163.0,3108.0,3134.3,31879200,3447.7,2820.9,3839.9,2896.0,3134.8,588,6,3134.7,3,1,3134.6,2,1,3134.5,122,4,3134.4,630,3,3135.5,138,5,3135.6,109,5,3135.7,106,5,3135.8,14,1,3135.9,8,1
2031,2026-06-16 15:05:14+05:30,3135.2,14,3135.1,3202030,122213.0,187908.0,3163.0,3163.0,3108.0,3134.3,31879200,3447.7,2820.9,3839.9,2896.0,3135.2,4,1,3134.9,1,1,3134.8,587,7,3134.7,21,1,3134.6,62,2,3135.5,211,9,3135.6,80,3,3135.7,85,3,3135.9,64,3,3136.0,38,1
2031,2026-06-16 15:05:14+05:30,3135.4,1,3135.1,3202030,122213.0,187908.0,3163.0,3163.0,3108.0,3134.3,31879200,3447.7,2820.9,3839.9,2896.0,3135.2,4,1,3134.9,1,1,3134.8,587,7,3134.7,21,1,3134.6,62,2,3135.5,211,9,3135.6,80,3,3135.7,85,3,3135.9,64,3,3136.0,38,1
2031,2026-06-16 15:05:15+05:30,3135.6,9,3135.1,3202925,121991.0,187566.0,3163.0,3163.0,3108.0,3134.3,31879200,3447.7,2820.9,3839.9,2896.0,3135.3,5,1,3135.2,396,2,3135.0,1,1,3134.8,601,8,3134.7,21,1,3135.6,97,2,3135.7,85,3,3135.9,8,1,3136.0,38,1,3136.2,313,6
2031,2026-06-16 15:05:15+05:30,3135.5,1,3135.1,3202925,121991.0,187566.0,3163.0,3163.0,3108.0,3134.3,31879200,3447.7,2820.9,3839.9,2896.0,3135.3,5,1,3135.2,396,2,3135.0,1,1,3134.8,601,8,3134.7,21,1,3135.6,97,2,3135.7,85,3,3135.9,8,1,3136.0,38,1,3136.2,313,6
2031,2026-06-16 15:05:16+05:30,3135.4,16,3135.1,3203035,122067.0,188964.0,3163.0,3163.0,3108.0,3134.3,31879200,3447.7,2820.9,3839.9,2896.0,3135.4,2,2,3135.3,409,2,3135.2,350,2,3135.1,2,1,3134.8,601,8,3135.5,121,5,3135.6,127,4,3135.7,85,3,3135.8,167,5,3135.9,8,1
2031,2026-06-16 15:05:16+05:30,3135.3,9,3135.1,3203035,122067.0,188964.0,3163.0,3163.0,3108.0,3134.3,31879200,3447.7,2820.9,3839.9,2896.0,3135.4,2,2,3135.3,409,2,3135.2,350,2,3135.1,2,1,3134.8,601,8,3135.5,121,5,3135.6,127,4,3135.7,85,3,3135.8,167,5,3135.9,8,1
2031,2026-06-16 15:05:17+05:30,3135.4,2,3135.1,3203293,122144.0,188929.0,3163.0,3163.0,3108.0,3134.3,31879200,3447.7,2820.9,3839.9,2896.0,3135.3,316,2,3135.2,349,1,3135.1,3,2,3134.9,17,1,3134.8,600,8,3135.4,47,5,3135.5,135,7,3135.6,146,4,3135.7,85,3,3135.8,84,3
2031,2026-06-16 15:05:17+05:30,3135.2,17,3135.1,3203293,122144.0,188929.0,3163.0,3163.0,3108.0,3134.3,31879200,3447.7,2820.9,3839.9,2896.0,3135.3,316,2,3135.2,349,1,3135.1,3,2,3134.9,17,1,3134.8,600,8,3135.4,47,5,3135.5,135,7,3135.6,146,4,3135.7,85,3,3135.8,84,3
2031,2026-06-16 15:05:18+05:30,3135.2,6,3135.1,3204652,120852.0,189134.0,3163.0,3163.0,3108.0,3134.3,31879200,3447.7,2820.9,3839.9,2896.0,3135.2,11,1,3134.8,216,9,3134.7,14,1,3134.6,60,1,3134.5,34,2,3135.3,161,6,3135.4,67,8,3135.5,81,6,3135.6,273,6,3135.7,103,5
2031,2026-06-16 15:05:18+05:30,3135.2,8,3135.1,3204652,120852.0,189134.0,3163.0,3163.0,3108.0,3134.3,31879200,3447.7,2820.9,3839.9,2896.0,3135.2,11,1,3134.8,216,9,3134.7,14,1,3134.6,60,1,3134.5,34,2,3135.3,161,6,3135.4,67,8,3135.5,81,6,3135.6,273,6,3135.7,103,5
2031,2026-06-16 15:05:19+05:30,3135.3,8,3135.1,3204809,120966.0,188927.0,3163.0,3163.0,3108.0,3134.3,31879200,3447.7,2820.9,3839.9,2896.0,3134.8,184,6,3134.7,14,1,3134.6,60,1,3134.5,34,2,3134.3,21,2,3135.3,160,13,3135.4,59,4,3135.5,123,6,3135.6,145,5,3135.7,69,3
2031,2026-06-16 15:05:19+05:30,3135.3,8,3135.1,3204809,120966.0,188927.0,3163.0,3163.0,3108.0,3134.3,31879200,3447.7,2820.9,3839.9,2896.0,3134.8,184,6,3134.7,14,1,3134.6,60,1,3134.5,34,2,3134.3,21,2,3135.3,160,13,3135.4,59,4,3135.5,123,6,3135.6,145,5,3135.7,69,3
2031,2026-06-16 15:05:20+05:30,3135.3,5,3135.1,3204875,121042.0,189697.0,3163.0,3163.0,3108.0,3134.3,31879200,3447.7,2820.9,3839.9,2896.0,3135.0,1,1,3134.8,183,8,3134.7,14,1,3134.6,349,2,3134.5,14,1,3135.3,212,12,3135.4,98,3,3135.5,93,5,3135.6,143,4,3135.7,55,3
2031,2026-06-16 15:05:20+05:30,3134.8,25,3135.1,3204875,121042.0,189697.0,3163.0,3163.0,3108.0,3134.3,31879200,3447.7,2820.9,3839.9,2896.0,3135.0,1,1,3134.8,183,8,3134.7,14,1,3134.6,349,2,3134.5,14,1,3135.3,212,12,3135.4,98,3,3135.5,93,5,3135.6,143,4,3135.7,55,3
2031,2026-06-16 15:05:21+05:30,3135.3,1,3135.1,3204960,120963.0,189769.0,3163.0,3163.0,3108.0,3134.3,31879200,3447.7,2820.9,3839.9,2896.0,3134.9,31,1,3134.8,114,6,3134.7,14,1,3134.6,349,2,3134.5,14,1,3135.3,338,15,3135.4,62,2,3135.5,93,5,3135.6,143,4,3135.7,55,3
2031,2026-06-16 15:05:21+05:30,3134.9,10,3135.1,3204960,120963.0,189769.0,3163.0,3163.0,3108.0,3134.3,31879200,3447.7,2820.9,3839.9,2896.0,3134.9,31,1,3134.8,114,6,3134.7,14,1,3134.6,349,2,3134.5,14,1,3135.3,338,15,3135.4,62,2,3135.5,93,5,3135.6,143,4,3135.7,55,3
2031,2026-06-16 15:05:22+05:30,3135.2,9,3135.1,3204979,120950.0,189904.0,3163.0,3163.0,3108.0,3134.3,31879200,3447.7,2820.9,3839.9,2896.0,3134.9,21,1,3134.8,112,5,3134.7,14,1,3134.6,349,2,3134.5,14,1,3135.2,169,6,3135.3,346,15,3135.4,134,4,3135.5,37,5,3135.6,256,6
2031,2026-06-16 15:05:22+05:30,3135.2,1,3135.1,3204979,120950.0,189904.0,3163.0,3163.0,3108.0,3134.3,31879200,3447.7,2820.9,3839.9,2896.0,3134.9,21,1,3134.8,112,5,3134.7,14,1,3134.6,349,2,3134.5,14,1,3135.2,169,6,3135.3,346,15,3135.4,134,4,3135.5,37,5,3135.6,256,6
2031,2026-06-16 15:05:23+05:30,3134.9,2,3135.1,3205013,121015.0,189869.0,3163.0,3163.0,3108.0,3134.3,31879200,3447.7,2820.9,3839.9,2896.0,3135.0,1,1,3134.9,47,2,3134.8,87,4,3134.6,349,2,3134.3,21,2,3135.1,170,4,3135.2,175,8,3135.3,186,7,3135.4,134,4,3135.5,37,5
2031,2026-06-16 15:05:23+05:30,3134.9,114,3135.1,3205013,121015.0,189869.0,3163.0,3163.0,3108.0,3134.3,31879200,3447.7,2820.9,3839.9,2896.0,3135.0,1,1,3134.9,47,2,3134.8,87,4,3134.6,349,2,3134.3,21,2,3135.1,170,4,3135.2,175,8,3135.3,186,7,3135.4,134,4,3135.5,37,5
2031,2026-06-16 15:05:24+05:30,3135.1,27,3135.1,3205302,121205.0,189806.0,3163.0,3163.0,3108.0,3134.3,31879200,3447.7,2820.9,3839.9,2896.0,3134.9,17,1,3134.8,90,5,3134.6,349,2,3134.3,21,2,3134.1,45,3,3135.1,243,10,3135.2,219,8,3135.3,86,2,3135.4,150,5,3135.5,71,6
2031,2026-06-16 15:05:24+05:30,3134.9,25,3135.1,3205302,121205.0,189806.0,3163.0,3163.0,3108.0,3134.3,31879200,3447.7,2820.9,3839.9,2896.0,3134.9,17,1,3134.8,90,5,3134.6,349,2,3134.3,21,2,3134.1,45,3,3135.1,243,10,3135.2,219,8,3135.3,86,2,3135.4,150,5,3135.5,71,6
2031,2026-06-16 15:05:25+05:30,3135.1,3,3135.1,3205374,121302.0,189782.0,3163.0,3163.0,3108.0,3134.3,31879200,3447.7,2820.9,3839.9,2896.0,3135.0,2,1,3134.9,10,2,3134.8,89,4,3134.6,349,2,3134.3,21,2,3135.1,296,15,3135.2,216,8,3135.3,18,2,3135.4,199,5,3135.5,11,4
2031,2026-06-16 15:05:25+05:30,3135.0,3,3135.1,3205374,121302.0,189782.0,3163.0,3163.0,3108.0,3134.3,31879200,3447.7,2820.9,3839.9,2896.0,3135.0,2,1,3134.9,10,2,3134.8,89,4,3134.6,349,2,3134.3,21,2,3135.1,296,15,3135.2,216,8,3135.3,18,2,3135.4,199,5,3135.5,11,4
2031,2026-06-16 15:05:26+05:30,3134.0,39,3135.1,3206419,120129.0,187607.0,3163.0,3163.0,3108.0,3134.3,31879200,3447.7,2820.9,3839.9,2896.0,3134.0,161,1,3133.9,83,3,3133.8,101,4,3133.7,131,4,3133.6,7,1,3135.1,407,22,3135.2,159,5,3135.3,18,2,3135.4,134,4,3135.5,9,3
2031,2026-06-16 15:05:26+05:30,3134.8,9,3135.1,3206419,120129.0,187607.0,3163.0,3163.0,3108.0,3134.3,31879200,3447.7,2820.9,3839.9,2896.0,3134.0,161,1,3133.9,83,3,3133.8,101,4,3133.7,131,4,3133.6,7,1,3135.1,407,22,3135.2,159,5,3135.3,18,2,3135.4,134,4,3135.5,9,3
2031,2026-06-16 15:05:27+05:30,3135.1,3,3135.1,3206515,120453.0,189791.0,3163.0,3163.0,3108.0,3134.3,31879200,3447.7,2820.9,3839.9,2896.0,3134.8,15,2,3134.0,119,1,3133.9,33,2,3133.8,35,3,3133.7,159,4,3135.1,395,23,3135.2,162,5,3135.3,46,3,3135.4,199,5,3135.5,9,3
2031,2026-06-16 15:05:27+05:30,3135.1,3,3135.1,3206515,120453.0,189791.0,3163.0,3163.0,3108.0,3134.3,31879200,3447.7,2820.9,3839.9,2896.0,3134.8,15,2,3134.0,119,1,3133.9,33,2,3133.8,35,3,3133.7,159,4,3135.1,395,23,3135.2,162,5,3135.3,46,3,3135.4,199,5,3135.5,9,3
2031,2026-06-16 15:05:28+05:30,3133.9,1,3135.1,3206754,120005.0,189974.0,3163.0,3163.0,3108.0,3134.3,31879200,3447.7,2820.9,3839.9,2896.0,3133.9,11,1,3133.8,16,3,3133.7,94,3,3133.6,57,2,3133.5,200,3,3134.8,1,1,3135.0,138,8,3135.1,271,15,3135.2,200,7,3135.3,111,4
2031,2026-06-16 15:05:28+05:30,3135.0,18,3135.1,3206754,120005.0,189974.0,3163.0,3163.0,3108.0,3134.3,31879200,3447.7,2820.9,3839.9,2896.0,3133.9,11,1,3133.8,16,3,3133.7,94,3,3133.6,57,2,3133.5,200,3,3134.8,1,1,3135.0,138,8,3135.1,271,15,3135.2,200,7,3135.3,111,4
2031,2026-06-16 15:05:29+05:30,3135.0,18,3135.1,3206774,120505.0,189982.0,3163.0,3163.0,3108.0,3134.3,31879200,3447.7,2820.9,3839.9,2896.0,3134.9,1,1,3134.7,18,2,3134.4,14,1,3134.3,21,1,3134.1,20,1,3135.0,112,8,3135.1,273,16,3135.2,26,2,3135.3,36,1,3135.4,96,4
2031,2026-06-16 15:05:29+05:30,3134.9,1,3135.1,3206774,120505.0,189982.0,3163.0,3163.0,3108.0,3134.3,31879200,3447.7,2820.9,3839.9,2896.0,3134.9,1,1,3134.7,18,2,3134.4,14,1,3134.3,21,1,3134.1,20,1,3135.0,112,8,3135.1,273,16,3135.2,26,2,3135.3,36,1,3135.4,96,4
2031,2026-06-16 15:05:30+05:30,3134.7,19,3135.1,3206834,120402.0,190214.0,3163.0,3163.0,3108.0,3134.3,31879200,3447.7,2820.9,3839.9,2896.0,3134.7,21,3,3134.4,14,1,3134.3,21,1,3134.0,10,1,3133.9,21,1,3134.9,110,9,3135.0,144,8,3135.1,274,12,3135.2,98,4,3135.4,132,5
2031,2026-06-16 15:05:30+05:30,3134.9,16,3135.1,3206834,120402.0,190214.0,3163.0,3163.0,3108.0,3134.3,31879200,3447.7,2820.9,3839.9,2896.0,3134.7,21,3,3134.4,14,1,3134.3,21,1,3134.0,10,1,3133.9,21,1,3134.9,110,9,3135.0,144,8,3135.1,274,12,3135.2,98,4,3135.4,132,5
2031,2026-06-16 15:05:31+05:30,3134.9,1,3135.1,3206926,120390.0,190199.0,3163.0,3163.0,3108.0,3134.3,31879200,3447.7,2820.9,3839.9,2896.0,3134.8,2,2,3134.7,14,5,3134.4,15,2,3134.3,21,1,3134.0,10,1,3134.9,95,12,3135.0,149,6,3135.1,230,11,3135.2,101,5,3135.4,132,5
2031,2026-06-16 15:05:31+05:30,3134.7,12,3135.1,3206926,120390.0,190199.0,3163.0,3163.0,3108.0,3134.3,31879200,3447.7,2820.9,3839.9,2896.0,3134.8,2,2,3134.7,14,5,3134.4,15,2,3134.3,21,1,3134.0,10,1,3134.9,95,12,3135.0,149,6,3135.1,230,11,3135.2,101,5,3135.4,132,5
2031,2026-06-16 15:05:32+05:30,3134.8,2,3135.1,3207073,120313.0,190189.0,3163.0,3163.0,3108.0,3134.3,31879200,3447.7,2820.9,3839.9,2896.0,3134.7,10,1,3134.4,14,1,3134.3,22,2,3134.0,10,1,3133.9,21,1,3134.8,2,1,3134.9,265,21,3135.0,122,6,3135.1,200,6,3135.2,101,5
2031,2026-06-16 15:05:32+05:30,3134.7,42,3135.1,3207073,120313.0,190189.0,3163.0,3163.0,3108.0,3134.3,31879200,3447.7,2820.9,3839.9,2896.0,3134.7,10,1,3134.4,14,1,3134.3,22,2,3134.0,10,1,3133.9,21,1,3134.8,2,1,3134.9,265,21,3135.0,122,6,3135.1,200,6,3135.2,101,5
2031,2026-06-16 15:05:33+05:30,3134.7,2,3135.1,3207117,120341.0,190332.0,3163.0,3163.0,3108.0,3134.3,31879200,3447.7,2820.9,3839.9,2896.0,3134.7,8,1,3134.4,15,2,3134.3,21,1,3134.0,10,1,3133.9,21,1,3134.8,117,11,3134.9,237,13,3135.0,224,7,3135.1,143,6,3135.2,101,5
2031,2026-06-16 15:05:33+05:30,3134.7,2,3135.1,3207117,120341.0,190332.0,3163.0,3163.0,3108.0,3134.3,31879200,3447.7,2820.9,3839.9,2896.0,3134.7,8,1,3134.4,15,2,3134.3,21,1,3134.0,10,1,3133.9,21,1,3134.8,117,11,3134.9,237,13,3135.0,224,7,3135.1,143,6,3135.2,101,5
2031,2026-06-16 15:05:34+05:30,3134.7,11,3135.1,3207202,120572.0,190342.0,3163.0,3163.0,3108.0,3134.3,31879200,3447.7,2820.9,3839.9,2896.0,3134.6,3,1,3134.5,1,1,3134.4,31,3,3134.3,22,2,3134.0,15,2,3134.7,27,5,3134.8,266,10,3134.9,94,9,3135.0,154,6,3135.1,199,6
2031,2026-06-16 15:05:34+05:30,3134.7,3,3135.1,3207202,120572.0,190342.0,3163.0,3163.0,3108.0,3134.3,31879200,3447.7,2820.9,3839.9,2896.0,3134.6,3,1,3134.5,1,1,3134.4,31,3,3134.3,22,2,3134.0,15,2,3134.7,27,5,3134.8,266,10,3134.9,94,9,3135.0,154,6,3135.1,199,6
2031,2026-06-16 15:05:35+05:30,3134.7,1,3135.1,3207335,121158.0,189997.0,3163.0,3163.0,3108.0,3134.3,31879200,3447.7,2820.9,3839.9,2896.0,3134.5,15,1,3134.4,37,2,3134.3,1,1,3134.2,66,2,3134.1,12,1,3134.7,254,13,3134.8,216,7,3134.9,11,3,3135.0,82,3,3135.1,26,2
2031,2026-06-16 15:05:35+05:30,3134.7,1,3135.1,3207335,121158.0,189997.0,3163.0,3163.0,3108.0,3134.3,31879200,3447.7,2820.9,3839.9,2896.0,3134.5,15,1,3134.4,37,2,3134.3,1,1,3134.2,66,2,3134.1,12,1,3134.7,254,13,3134.8,216,7,3134.9,11,3,3135.0,82,3,3135.1,26,2
2031,2026-06-16 15:05:36+05:30,3134.0,10,3135.1,3207335,121158.0,189997.0,3163.0,3163.0,3108.0,3134.3,31879200,3447.7,2820.9,3839.9,2896.0,3134.5,15,1,3134.4,37,2,3134.3,1,1,3134.2,66,2,3134.1,12,1,3134.7,254,13,3134.8,216,7,3134.9,11,3,3135.0,82,3,3135.1,26,2
2031,2026-06-16 15:05:36+05:30,3134.0,10,3135.1,3207543,120156.0,189853.0,3163.0,3163.0,3108.0,3134.3,31879200,3447.7,2820.9,3839.9,2896.0,3134.0,55,2,3133.8,138,3,3133.7,60,1,3133.6,133,4,3133.5,22,2,3134.6,141,7,3134.7,272,11,3134.8,102,5,3134.9,11,3,3135.0,84,4
2031,2026-06-16 15:05:37+05:30,3134.6,2,3135.1,3207543,120156.0,189853.0,3163.0,3163.0,3108.0,3134.3,31879200,3447.7,2820.9,3839.9,2896.0,3134.0,55,2,3133.8,138,3,3133.7,60,1,3133.6,133,4,3133.5,22,2,3134.6,141,7,3134.7,272,11,3134.8,102,5,3134.9,11,3,3135.0,84,4
2031,2026-06-16 15:05:37+05:30,3134.6,2,3135.1,3207546,120221.0,189757.0,3163.0,3163.0,3108.0,3134.3,31879200,3447.7,2820.9,3839.9,2896.0,3134.0,121,4,3133.9,19,2,3133.8,195,4,3133.7,93,2,3133.6,133,4,3134.6,209,11,3134.7,251,13,3134.8,15,2,3134.9,11,3,3135.0,14,2
2031,2026-06-16 15:05:38+05:30,3134.3,2,3135.1,3207546,120221.0,189757.0,3163.0,3163.0,3108.0,3134.3,31879200,3447.7,2820.9,3839.9,2896.0,3134.0,121,4,3133.9,19,2,3133.8,195,4,3133.7,93,2,3133.6,133,4,3134.6,209,11,3134.7,251,13,3134.8,15,2,3134.9,11,3,3135.0,14,2
2031,2026-06-16 15:05:38+05:30,3134.3,2,3135.1,3207591,120268.0,189969.0,3163.0,3163.0,3108.0,3134.3,31879200,3447.7,2820.9,3839.9,2896.0,3134.2,22,1,3134.1,3,1,3134.0,79,3,3133.9,16,1,3133.8,171,4,3134.3,1,1,3134.5,3,1,3134.6,359,19,3134.7,130,7,3134.8,14,1
2031,2026-06-16 15:05:39+05:30,3134.3,1,3135.1,3207591,120268.0,189969.0,3163.0,3163.0,3108.0,3134.3,31879200,3447.7,2820.9,3839.9,2896.0,3134.2,22,1,3134.1,3,1,3134.0,79,3,3133.9,16,1,3133.8,171,4,3134.3,1,1,3134.5,3,1,3134.6,359,19,3134.7,130,7,3134.8,14,1
2031,2026-06-16 15:05:39+05:30,3134.3,1,3135.1,3207698,120815.0,189958.0,3163.0,3163.0,3108.0,3134.3,31879200,3447.7,2820.9,3839.9,2896.0,3134.2,40,1,3134.0,86,4,3133.9,16,1,3133.8,339,4,3133.7,93,2,3134.3,16,6,3134.4,33,2,3134.6,275,11,3134.7,116,5,3134.9,1,1
2031,2026-06-16 15:05:40+05:30,3134.3,3,3135.1,3207698,120815.0,189958.0,3163.0,3163.0,3108.0,3134.3,31879200,3447.7,2820.9,3839.9,2896.0,3134.2,40,1,3134.0,86,4,3133.9,16,1,3133.8,339,4,3133.7,93,2,3134.3,16,6,3134.4,33,2,3134.6,275,11,3134.7,116,5,3134.9,1,1
2031,2026-06-16 15:05:40+05:30,3134.3,3,3135.1,3207840,121307.0,189855.0,3163.0,3163.0,3108.0,3134.3,31879200,3447.7,2820.9,3839.9,2896.0,3134.2,54,3,3134.1,2,1,3134.0,86,4,3133.9,16,1,3133.8,453,6,3134.3,205,13,3134.4,112,2,3134.6,245,9,3134.7,12,1,3134.9,1,1
2031,2026-06-16 15:05:41+05:30,3134.0,6,3135.1,3207840,121307.0,189855.0,3163.0,3163.0,3108.0,3134.3,31879200,3447.7,2820.9,3839.9,2896.0,3134.2,54,3,3134.1,2,1,3134.0,86,4,3133.9,16,1,3133.8,453,6,3134.3,205,13,3134.4,112,2,3134.6,245,9,3134.7,12,1,3134.9,1,1
2031,2026-06-16 15:05:41+05:30,3134.0,6,3135.1,3207883,120856.0,190008.0,3163.0,3163.0,3108.0,3134.3,31879200,3447.7,2820.9,3839.9,2896.0,3134.2,35,2,3134.1,21,1,3134.0,80,4,3133.9,16,1,3133.8,222,4,3134.3,455,22,3134.4,171,3,3134.6,135,3,3134.7,12,1,3134.9,1,1
2031,2026-06-16 15:05:42+05:30,3134.2,20,3135.1,3207883,120856.0,190008.0,3163.0,3163.0,3108.0,3134.3,31879200,3447.7,2820.9,3839.9,2896.0,3134.2,35,2,3134.1,21,1,3134.0,80,4,3133.9,16,1,3133.8,222,4,3134.3,455,22,3134.4,171,3,3134.6,135,3,3134.7,12,1,3134.9,1,1
2031,2026-06-16 15:05:42+05:30,3134.1,18,3135.1,3207949,120605.0,190012.0,3163.0,3163.0,3108.0,3134.3,31879200,3447.7,2820.9,3839.9,2896.0,3134.1,17,1,3134.0,63,3,3133.9,16,1,3133.8,221,3,3133.7,61,2,3134.3,442,22,3134.4,171,3,3134.6,135,3,3134.7,12,1,3134.9,1,1
2031,2026-06-16 15:05:43+05:30,3134.1,18,3135.1,3207949,120605.0,190012.0,3163.0,3163.0,3108.0,3134.3,31879200,3447.7,2820.9,3839.9,2896.0,3134.1,17,1,3134.0,63,3,3133.9,16,1,3133.8,221,3,3133.7,61,2,3134.3,442,22,3134.4,171,3,3134.6,135,3,3134.7,12,1,3134.9,1,1
2031,2026-06-16 15:05:43+05:30,3134.1,1,3135.1,3207949,120605.0,190012.0,3163.0,3163.0,3108.0,3134.3,31879200,3447.7,2820.9,3839.9,2896.0,3134.1,17,1,3134.0,63,3,3133.9,16,1,3133.8,221,3,3133.7,61,2,3134.3,442,22,3134.4,171,3,3134.6,135,3,3134.7,12,1,3134.9,1,1
2031,2026-06-16 15:05:43+05:30,3134.1,14,3135.1,3208221,120810.0,189929.0,3163.0,3163.0,3108.0,3134.3,31879200,3447.7,2820.9,3839.9,2896.0,3134.1,11,1,3134.0,63,3,3133.9,16,1,3133.8,219,3,3133.7,60,1,3134.2,85,8,3134.3,402,19,3134.4,44,3,3134.6,135,3,3134.7,12,1
2031,2026-06-16 15:05:44+05:30,3134.0,6,3135.1,3208221,120810.0,189929.0,3163.0,3163.0,3108.0,3134.3,31879200,3447.7,2820.9,3839.9,2896.0,3134.1,11,1,3134.0,63,3,3133.9,16,1,3133.8,219,3,3133.7,60,1,3134.2,85,8,3134.3,402,19,3134.4,44,3,3134.6,135,3,3134.7,12,1
2031,2026-06-16 15:05:44+05:30,3134.0,6,3135.1,3208221,120810.0,189929.0,3163.0,3163.0,3108.0,3134.3,31879200,3447.7,2820.9,3839.9,2896.0,3134.1,11,1,3134.0,63,3,3133.9,16,1,3133.8,219,3,3133.7,60,1,3134.2,85,8,3134.3,402,19,3134.4,44,3,3134.6,135,3,3134.7,12,1
2031,2026-06-16 15:05:45+05:30,3134.0,6,3135.1,3208264,120759.0,189864.0,3163.0,3163.0,3108.0,3134.3,31879200,3447.7,2820.9,3839.9,2896.0,3134.0,16,1,3133.9,16,1,3133.8,218,2,3133.7,61,2,3133.6,20,2,3134.2,367,19,3134.3,206,8,3134.4,44,3,3134.5,15,1,3134.6,49,2
2031,2026-06-16 15:05:45+05:30,3134.2,1,3135.1,3208264,120759.0,189864.0,3163.0,3163.0,3108.0,3134.3,31879200,3447.7,2820.9,3839.9,2896.0,3134.0,16,1,3133.9,16,1,3133.8,218,2,3133.7,61,2,3133.6,20,2,3134.2,367,19,3134.3,206,8,3134.4,44,3,3134.5,15,1,3134.6,49,2
2031,2026-06-16 15:05:46+05:30,3134.2,1,3135.1,3208711,121221.0,187846.0,3163.0,3163.0,3108.0,3134.3,31879200,3447.7,2820.9,3839.9,2896.0,3134.1,23,3,3134.0,23,3,3133.9,19,3,3133.8,218,2,3133.7,61,2,3134.2,299,13,3134.3,100,3,3134.4,44,3,3134.6,14,1,3134.7,20,2
2031,2026-06-16 15:05:46+05:30,3134.1,7,3135.1,3208711,121221.0,187846.0,3163.0,3163.0,3108.0,3134.3,31879200,3447.7,2820.9,3839.9,2896.0,3134.1,23,3,3134.0,23,3,3133.9,19,3,3133.8,218,2,3133.7,61,2,3134.2,299,13,3134.3,100,3,3134.4,44,3,3134.6,14,1,3134.7,20,2
2031,2026-06-16 15:05:47+05:30,3134.1,7,3135.1,3208711,121221.0,187846.0,3163.0,3163.0,3108.0,3134.3,31879200,3447.7,2820.9,3839.9,2896.0,3134.1,23,3,3134.0,23,3,3133.9,19,3,3133.8,218,2,3133.7,61,2,3134.2,299,13,3134.3,100,3,3134.4,44,3,3134.6,14,1,3134.7,20,2
2031,2026-06-16 15:05:47+05:30,3134.1,1,3135.1,3208832,122915.0,189841.0,3163.0,3163.0,3108.0,3134.3,31879200,3447.7,2820.9,3839.9,2896.0,3134.0,54,5,3133.9,52,4,3133.8,218,2,3133.7,60,1,3133.6,53,3,3134.1,2,1,3134.2,276,13,3134.3,100,3,3134.4,44,3,3134.6,14,1
2031,2026-06-16 15:05:47+05:30,3134.1,1,3135.1,3208832,122915.0,189841.0,3163.0,3163.0,3108.0,3134.3,31879200,3447.7,2820.9,3839.9,2896.0,3134.0,54,5,3133.9,52,4,3133.8,218,2,3133.7,60,1,3133.6,53,3,3134.1,2,1,3134.2,276,13,3134.3,100,3,3134.4,44,3,3134.6,14,1
2031,2026-06-16 15:05:48+05:30,3134.0,2,3135.1,3209047,122819.0,189409.0,3163.0,3163.0,3108.0,3134.3,31879200,3447.7,2820.9,3839.9,2896.0,3134.0,69,6,3133.9,18,2,3133.8,218,2,3133.7,60,1,3133.6,20,2,3134.1,54,5,3134.2,219,8,3134.3,100,3,3134.4,44,3,3134.6,14,1
2031,2026-06-16 15:05:48+05:30,3134.1,11,3135.1,3209047,122819.0,189409.0,3163.0,3163.0,3108.0,3134.3,31879200,3447.7,2820.9,3839.9,2896.0,3134.0,69,6,3133.9,18,2,3133.8,218,2,3133.7,60,1,3133.6,20,2,3134.1,54,5,3134.2,219,8,3134.3,100,3,3134.4,44,3,3134.6,14,1
2031,2026-06-16 15:05:49+05:30,3134.1,11,3135.1,3209047,122819.0,189409.0,3163.0,3163.0,3108.0,3134.3,31879200,3447.7,2820.9,3839.9,2896.0,3134.0,69,6,3133.9,18,2,3133.8,218,2,3133.7,60,1,3133.6,20,2,3134.1,54,5,3134.2,219,8,3134.3,100,3,3134.4,44,3,3134.6,14,1
2031,2026-06-16 15:05:49+05:30,3134.1,18,3135.1,3209160,123017.0,189247.0,3163.0,3163.0,3108.0,3134.3,31879200,3447.7,2820.9,3839.9,2896.0,3134.0,69,6,3133.9,18,2,3133.8,218,2,3133.7,60,1,3133.6,20,2,3134.1,163,11,3134.2,80,3,3134.3,100,3,3134.4,44,3,3134.6,32,2
2031,2026-06-16 15:05:49+05:30,3134.1,18,3135.1,3209160,123017.0,189247.0,3163.0,3163.0,3108.0,3134.3,31879200,3447.7,2820.9,3839.9,2896.0,3134.0,69,6,3133.9,18,2,3133.8,218,2,3133.7,60,1,3133.6,20,2,3134.1,163,11,3134.2,80,3,3134.3,100,3,3134.4,44,3,3134.6,32,2
2031,2026-06-16 15:05:50+05:30,3134.2,11,3135.1,3209160,123017.0,189247.0,3163.0,3163.0,3108.0,3134.3,31879200,3447.7,2820.9,3839.9,2896.0,3134.0,69,6,3133.9,18,2,3133.8,218,2,3133.7,60,1,3133.6,20,2,3134.1,163,11,3134.2,80,3,3134.3,100,3,3134.4,44,3,3134.6,32,2
2031,2026-06-16 15:05:50+05:30,3134.2,11,3135.1,3209433,123258.0,189405.0,3163.0,3163.0,3108.0,3134.3,31879200,3447.7,2820.9,3839.9,2896.0,3134.1,38,3,3134.0,39,3,3133.9,51,3,3133.8,218,2,3133.7,60,1,3134.2,67,3,3134.3,100,3,3134.4,44,3,3134.6,17,2,3134.7,20,2
2031,2026-06-16 15:05:51+05:30,3134.1,11,3135.1,3209433,123258.0,189405.0,3163.0,3163.0,3108.0,3134.3,31879200,3447.7,2820.9,3839.9,2896.0,3134.1,38,3,3134.0,39,3,3133.9,51,3,3133.8,218,2,3133.7,60,1,3134.2,67,3,3134.3,100,3,3134.4,44,3,3134.6,17,2,3134.7,20,2
2031,2026-06-16 15:05:51+05:30,3134.1,11,3135.1,3209521,123214.0,189246.0,3163.0,3163.0,3108.0,3134.3,31879200,3447.7,2820.9,3839.9,2896.0,3134.0,42,4,3133.9,16,1,3133.8,218,2,3133.7,60,1,3133.6,21,3,3134.1,7,1,3134.2,104,5,3134.3,100,3,3134.4,44,3,3134.6,17,2
2031,2026-06-16 15:05:51+05:30,3134.1,11,3135.1,3209521,123214.0,189246.0,3163.0,3163.0,3108.0,3134.3,31879200,3447.7,2820.9,3839.9,2896.0,3134.0,42,4,3133.9,16,1,3133.8,218,2,3133.7,60,1,3133.6,21,3,3134.1,7,1,3134.2,104,5,3134.3,100,3,3134.4,44,3,3134.6,17,2
2031,2026-06-16 15:05:52+05:30,3133.9,39,3135.1,3209521,123214.0,189246.0,3163.0,3163.0,3108.0,3134.3,31879200,3447.7,2820.9,3839.9,2896.0,3134.0,42,4,3133.9,16,1,3133.8,218,2,3133.7,60,1,3133.6,21,3,3134.1,7,1,3134.2,104,5,3134.3,100,3,3134.4,44,3,3134.6,17,2
2031,2026-06-16 15:05:52+05:30,3133.9,39,3135.1,3209713,123289.0,189186.0,3163.0,3163.0,3108.0,3134.3,31879200,3447.7,2820.9,3839.9,2896.0,3134.0,21,1,3133.9,37,2,3133.8,218,2,3133.7,93,2,3133.6,21,3,3134.1,63,2,3134.2,156,5,3134.3,100,3,3134.4,44,3,3134.6,17,2
2031,2026-06-16 15:05:53+05:30,3133.9,7,3135.1,3209713,123289.0,189186.0,3163.0,3163.0,3108.0,3134.3,31879200,3447.7,2820.9,3839.9,2896.0,3134.0,21,1,3133.9,37,2,3133.8,218,2,3133.7,93,2,3133.6,21,3,3134.1,63,2,3134.2,156,5,3134.3,100,3,3134.4,44,3,3134.6,17,2
2031,2026-06-16 15:05:53+05:30,3133.9,7,3135.1,3209770,123189.0,189183.0,3163.0,3163.0,3108.0,3134.3,31879200,3447.7,2820.9,3839.9,2896.0,3134.0,17,1,3133.9,30,2,3133.8,218,2,3133.7,61,2,3133.6,20,2,3134.1,85,5,3134.2,147,5,3134.3,100,3,3134.4,44,3,3134.5,53,1
2031,2026-06-16 15:05:53+05:30,3133.9,7,3135.1,3209770,123189.0,189183.0,3163.0,3163.0,3108.0,3134.3,31879200,3447.7,2820.9,3839.9,2896.0,3134.0,17,1,3133.9,30,2,3133.8,218,2,3133.7,61,2,3133.6,20,2,3134.1,85,5,3134.2,147,5,3134.3,100,3,3134.4,44,3,3134.5,53,1
2031,2026-06-16 15:05:54+05:30,3134.0,11,3135.1,3209770,123189.0,189183.0,3163.0,3163.0,3108.0,3134.3,31879200,3447.7,2820.9,3839.9,2896.0,3134.0,17,1,3133.9,30,2,3133.8,218,2,3133.7,61,2,3133.6,20,2,3134.1,85,5,3134.2,147,5,3134.3,100,3,3134.4,44,3,3134.5,53,1
2031,2026-06-16 15:05:54+05:30,3134.0,11,3135.1,3209895,123094.0,189336.0,3163.0,3163.0,3108.0,3134.3,31879200,3447.7,2820.9,3839.9,2896.0,3134.0,31,4,3133.9,30,2,3133.8,218,2,3133.7,61,2,3133.6,20,2,3134.1,191,8,3134.2,147,5,3134.3,100,3,3134.4,44,3,3134.5,53,1
2031,2026-06-16 15:05:55+05:30,3134.0,11,3135.1,3209895,123094.0,189336.0,3163.0,3163.0,3108.0,3134.3,31879200,3447.7,2820.9,3839.9,2896.0,3134.0,31,4,3133.9,30,2,3133.8,218,2,3133.7,61,2,3133.6,20,2,3134.1,191,8,3134.2,147,5,3134.3,100,3,3134.4,44,3,3134.5,53,1
2031,2026-06-16 15:05:55+05:30,3134.1,5,3135.1,3209895,123094.0,189336.0,3163.0,3163.0,3108.0,3134.3,31879200,3447.7,2820.9,3839.9,2896.0,3134.0,31,4,3133.9,30,2,3133.8,218,2,3133.7,61,2,3133.6,20,2,3134.1,191,8,3134.2,147,5,3134.3,100,3,3134.4,44,3,3134.5,53,1
2031,2026-06-16 15:05:55+05:30,3134.1,5,3135.1,3209904,123042.0,189122.0,3163.0,3163.0,3108.0,3134.3,31879200,3447.7,2820.9,3839.9,2896.0,3134.0,65,5,3133.9,30,2,3133.8,219,3,3133.7,60,1,3133.6,20,2,3134.1,241,12,3134.2,177,6,3134.3,100,3,3134.4,44,3,3134.6,14,1
2031,2026-06-16 15:05:56+05:30,3134.1,5,3135.1,3209904,123042.0,189122.0,3163.0,3163.0,3108.0,3134.3,31879200,3447.7,2820.9,3839.9,2896.0,3134.0,65,5,3133.9,30,2,3133.8,219,3,3133.7,60,1,3133.6,20,2,3134.1,241,12,3134.2,177,6,3134.3,100,3,3134.4,44,3,3134.6,14,1
2031,2026-06-16 15:05:56+05:30,3134.0,2,3135.1,3209904,123042.0,189122.0,3163.0,3163.0,3108.0,3134.3,31879200,3447.7,2820.9,3839.9,2896.0,3134.0,65,5,3133.9,30,2,3133.8,219,3,3133.7,60,1,3133.6,20,2,3134.1,241,12,3134.2,177,6,3134.3,100,3,3134.4,44,3,3134.6,14,1
2031,2026-06-16 15:05:56+05:30,3134.0,2,3135.1,3209904,123042.0,189122.0,3163.0,3163.0,3108.0,3134.3,31879200,3447.7,2820.9,3839.9,2896.0,3134.0,65,5,3133.9,30,2,3133.8,219,3,3133.7,60,1,3133.6,20,2,3134.1,241,12,3134.2,177,6,3134.3,100,3,3134.4,44,3,3134.6,14,1
2031,2026-06-16 15:05:56+05:30,3134.0,2,3135.1,3210042,123068.0,189139.0,3163.0,3163.0,3108.0,3134.3,31879200,3447.7,2820.9,3839.9,2896.0,3134.0,74,5,3133.9,30,2,3133.8,219,3,3133.7,60,1,3133.6,20,2,3134.1,247,12,3134.2,180,7,3134.3,149,4,3134.4,44,3,3134.6,49,2
2031,2026-06-16 15:05:57+05:30,3134.0,2,3135.1,3210042,123068.0,189139.0,3163.0,3163.0,3108.0,3134.3,31879200,3447.7,2820.9,3839.9,2896.0,3134.0,74,5,3133.9,30,2,3133.8,219,3,3133.7,60,1,3133.6,20,2,3134.1,247,12,3134.2,180,7,3134.3,149,4,3134.4,44,3,3134.6,49,2
2031,2026-06-16 15:05:57+05:30,3134.1,2,3135.1,3210042,123068.0,189139.0,3163.0,3163.0,3108.0,3134.3,31879200,3447.7,2820.9,3839.9,2896.0,3134.0,74,5,3133.9,30,2,3133.8,219,3,3133.7,60,1,3133.6,20,2,3134.1,247,12,3134.2,180,7,3134.3,149,4,3134.4,44,3,3134.6,49,2
2031,2026-06-16 15:05:57+05:30,3134.1,2,3135.1,3210042,123068.0,189139.0,3163.0,3163.0,3108.0,3134.3,31879200,3447.7,2820.9,3839.9,2896.0,3134.0,74,5,3133.9,30,2,3133.8,219,3,3133.7,60,1,3133.6,20,2,3134.1,247,12,3134.2,180,7,3134.3,149,4,3134.4,44,3,3134.6,49,2
2031,2026-06-16 15:05:57+05:30,3134.0,23,3135.1,3210088,123130.0,189254.0,3163.0,3163.0,3108.0,3134.3,31879200,3447.7,2820.9,3839.9,2896.0,3134.0,87,5,3133.9,31,3,3133.8,218,2,3133.7,60,1,3133.6,20,2,3134.1,336,16,3134.2,223,9,3134.3,149,4,3134.4,126,6,3134.6,102,4
2031,2026-06-16 15:05:58+05:30,3134.1,25,3135.1,3210088,123130.0,189254.0,3163.0,3163.0,3108.0,3134.3,31879200,3447.7,2820.9,3839.9,2896.0,3134.0,87,5,3133.9,31,3,3133.8,218,2,3133.7,60,1,3133.6,20,2,3134.1,336,16,3134.2,223,9,3134.3,149,4,3134.4,126,6,3134.6,102,4
2031,2026-06-16 15:05:58+05:30,3134.1,25,3135.1,3210088,123130.0,189254.0,3163.0,3163.0,3108.0,3134.3,31879200,3447.7,2820.9,3839.9,2896.0,3134.0,87,5,3133.9,31,3,3133.8,218,2,3133.7,60,1,3133.6,20,2,3134.1,336,16,3134.2,223,9,3134.3,149,4,3134.4,126,6,3134.6,102,4
2031,2026-06-16 15:05:58+05:30,3134.1,25,3135.1,3210339,122835.0,189004.0,3163.0,3163.0,3108.0,3134.3,31879200,3447.7,2820.9,3839.9,2896.0,3134.0,34,1,3133.9,37,2,3133.8,220,3,3133.7,60,1,3133.6,20,2,3134.1,305,16,3134.2,182,7,3134.3,100,3,3134.4,91,5,3134.6,121,6
2031,2026-06-16 15:05:59+05:30,3133.9,4,3135.1,3210339,122835.0,189004.0,3163.0,3163.0,3108.0,3134.3,31879200,3447.7,2820.9,3839.9,2896.0,3134.0,34,1,3133.9,37,2,3133.8,220,3,3133.7,60,1,3133.6,20,2,3134.1,305,16,3134.2,182,7,3134.3,100,3,3134.4,91,5,3134.6,121,6
2031,2026-06-16 15:05:59+05:30,3133.9,4,3135.1,3210339,122835.0,189004.0,3163.0,3163.0,3108.0,3134.3,31879200,3447.7,2820.9,3839.9,2896.0,3134.0,34,1,3133.9,37,2,3133.8,220,3,3133.7,60,1,3133.6,20,2,3134.1,305,16,3134.2,182,7,3134.3,100,3,3134.4,91,5,3134.6,121,6
2031,2026-06-16 15:05:59+05:30,3133.8,11,3135.1,3210540,122549.0,189052.0,3163.0,3163.0,3108.0,3134.3,31879200,3447.7,2820.9,3839.9,2896.0,3133.8,207,2,3133.7,60,1,3133.6,13,1,3133.5,21,2,3133.3,20,1,3134.1,297,15,3134.2,226,9,3134.3,100,3,3134.4,128,7,3134.5,51,1
2031,2026-06-16 15:06:00+05:30,3133.8,11,3135.1,3210540,122549.0,189052.0,3163.0,3163.0,3108.0,3134.3,31879200,3447.7,2820.9,3839.9,2896.0,3133.8,207,2,3133.7,60,1,3133.6,13,1,3133.5,21,2,3133.3,20,1,3134.1,297,15,3134.2,226,9,3134.3,100,3,3134.4,128,7,3134.5,51,1
2031,2026-06-16 15:06:00+05:30,3134.1,1,3135.1,3210540,122549.0,189052.0,3163.0,3163.0,3108.0,3134.3,31879200,3447.7,2820.9,3839.9,2896.0,3133.8,207,2,3133.7,60,1,3133.6,13,1,3133.5,21,2,3133.3,20,1,3134.1,297,15,3134.2,226,9,3134.3,100,3,3134.4,128,7,3134.5,51,1
2031,2026-06-16 15:06:00+05:30,3134.1,3,3135.1,3210808,123228.0,188584.0,3163.0,3163.0,3108.0,3134.3,31879200,3447.7,2820.9,3839.9,2896.0,3134.0,71,7,3133.9,15,3,3133.8,274,5,3133.7,75,2,3133.6,161,6,3134.1,141,7,3134.2,76,6,3134.3,100,3,3134.4,44,3,3134.6,14,1
2031,2026-06-16 15:06:01+05:30,3134.1,3,3135.1,3210808,123228.0,188584.0,3163.0,3163.0,3108.0,3134.3,31879200,3447.7,2820.9,3839.9,2896.0,3134.0,71,7,3133.9,15,3,3133.8,274,5,3133.7,75,2,3133.6,161,6,3134.1,141,7,3134.2,76,6,3134.3,100,3,3134.4,44,3,3134.6,14,1
2031,2026-06-16 15:06:01+05:30,3134.1,1,3135.1,3210808,123228.0,188584.0,3163.0,3163.0,3108.0,3134.3,31879200,3447.7,2820.9,3839.9,2896.0,3134.0,71,7,3133.9,15,3,3133.8,274,5,3133.7,75,2,3133.6,161,6,3134.1,141,7,3134.2,76,6,3134.3,100,3,3134.4,44,3,3134.6,14,1
2031,2026-06-16 15:06:02+05:30,3134.0,21,3135.1,3210879,123072.0,188796.0,3163.0,3163.0,3108.0,3134.3,31879200,3447.7,2820.9,3839.9,2896.0,3134.0,65,5,3133.9,15,3,3133.8,241,4,3133.7,90,3,3133.6,94,5,3134.1,198,11,3134.2,25,3,3134.3,100,3,3134.4,14,2,3134.6,14,1
2031,2026-06-16 15:06:02+05:30,3134.0,21,3135.1,3210879,123072.0,188796.0,3163.0,3163.0,3108.0,3134.3,31879200,3447.7,2820.9,3839.9,2896.0,3134.0,65,5,3133.9,15,3,3133.8,241,4,3133.7,90,3,3133.6,94,5,3134.1,198,11,3134.2,25,3,3134.3,100,3,3134.4,14,2,3134.6,14,1
2031,2026-06-16 15:06:02+05:30,3134.0,21,3135.1,3210879,123072.0,188796.0,3163.0,3163.0,3108.0,3134.3,31879200,3447.7,2820.9,3839.9,2896.0,3134.0,65,5,3133.9,15,3,3133.8,241,4,3133.7,90,3,3133.6,94,5,3134.1,198,11,3134.2,25,3,3134.3,100,3,3134.4,14,2,3134.6,14,1
2031,2026-06-16 15:06:02+05:30,3134.0,21,3135.1,3210879,123072.0,188796.0,3163.0,3163.0,3108.0,3134.3,31879200,3447.7,2820.9,3839.9,2896.0,3134.0,65,5,3133.9,15,3,3133.8,241,4,3133.7,90,3,3133.6,94,5,3134.1,198,11,3134.2,25,3,3134.3,100,3,3134.4,14,2,3134.6,14,1
2031,2026-06-16 15:06:03+05:30,3134.1,31,3135.1,3211635,124411.0,188182.0,3163.0,3163.0,3108.0,3134.3,31879200,3447.7,2820.9,3839.9,2896.0,3134.1,10,1,3134.0,115,7,3133.9,45,4,3133.8,243,6,3133.7,230,7,3134.6,14,1,3134.7,8,1,3135.0,10,1,3135.1,21,1,3135.2,18,1
2031,2026-06-16 15:06:03+05:30,3134.6,1,3135.1,3211635,124411.0,188182.0,3163.0,3163.0,3108.0,3134.3,31879200,3447.7,2820.9,3839.9,2896.0,3134.1,10,1,3134.0,115,7,3133.9,45,4,3133.8,243,6,3133.7,230,7,3134.6,14,1,3134.7,8,1,3135.0,10,1,3135.1,21,1,3135.2,18,1
2031,2026-06-16 15:06:03+05:30,3134.6,1,3135.1,3211635,124411.0,188182.0,3163.0,3163.0,3108.0,3134.3,31878400,3447.7,2820.9,3839.9,2896.0,3134.1,10,1,3134.0,115,7,3133.9,45,4,3133.8,243,6,3133.7,230,7,3134.6,14,1,3134.7,8,1,3135.0,10,1,3135.1,21,1,3135.2,18,1
2031,2026-06-16 15:06:04+05:30,3134.6,7,3135.1,3211689,124698.0,188550.0,3163.0,3163.0,3108.0,3134.3,31878400,3447.7,2820.9,3839.9,2896.0,3134.2,71,3,3134.1,21,1,3134.0,135,8,3133.9,92,6,3133.8,244,6,3134.6,132,4,3134.7,8,1,3135.0,21,2,3135.1,21,1,3135.2,21,2
2031,2026-06-16 15:06:04+05:30,3134.6,26,3135.1,3211689,124698.0,188550.0,3163.0,3163.0,3108.0,3134.3,31878400,3447.7,2820.9,3839.9,2896.0,3134.2,71,3,3134.1,21,1,3134.0,135,8,3133.9,92,6,3133.8,244,6,3134.6,132,4,3134.7,8,1,3135.0,21,2,3135.1,21,1,3135.2,21,2
2031,2026-06-16 15:06:05+05:30,3134.5,4,3135.1,3211737,125031.0,188524.0,3163.0,3163.0,3108.0,3134.3,31878400,3447.7,2820.9,3839.9,2896.0,3134.4,73,4,3134.3,17,1,3134.2,137,6,3134.1,39,2,3134.0,131,7,3134.5,4,1,3134.6,105,3,3134.7,88,3,3135.0,10,1,3135.1,21,1
2031,2026-06-16 15:06:05+05:30,3134.6,47,3135.1,3211737,125031.0,188524.0,3163.0,3163.0,3108.0,3134.3,31878400,3447.7,2820.9,3839.9,2896.0,3134.4,73,4,3134.3,17,1,3134.2,137,6,3134.1,39,2,3134.0,131,7,3134.5,4,1,3134.6,105,3,3134.7,88,3,3135.0,10,1,3135.1,21,1
2031,2026-06-16 15:06:06+05:30,3134.5,1,3135.1,3212268,125336.0,188666.0,3163.0,3163.0,3108.0,3134.3,31878400,3447.7,2820.9,3839.9,2896.0,3134.4,55,3,3134.3,16,1,3134.2,27,2,3134.1,26,3,3134.0,62,6,3134.5,42,2,3135.0,10,1,3135.1,21,1,3135.2,69,3,3135.3,14,1
2031,2026-06-16 15:06:06+05:30,3134.6,10,3135.1,3212268,125336.0,188666.0,3163.0,3163.0,3108.0,3134.3,31878400,3447.7,2820.9,3839.9,2896.0,3134.4,55,3,3134.3,16,1,3134.2,27,2,3134.1,26,3,3134.0,62,6,3134.5,42,2,3135.0,10,1,3135.1,21,1,3135.2,69,3,3135.3,14,1
2031,2026-06-16 15:06:07+05:30,3135.0,3,3135.1,3212368,125600.0,188649.0,3163.0,3163.0,3108.0,3134.3,31878400,3447.7,2820.9,3839.9,2896.0,3134.6,1,1,3134.5,1,1,3134.4,33,2,3134.3,21,1,3134.2,216,2,3135.0,9,2,3135.1,21,1,3135.2,34,2,3135.3,49,2,3135.4,135,2
2031,2026-06-16 15:06:07+05:30,3135.0,3,3135.1,3212368,125600.0,188649.0,3163.0,3163.0,3108.0,3134.3,31878400,3447.7,2820.9,3839.9,2896.0,3134.6,1,1,3134.5,1,1,3134.4,33,2,3134.3,21,1,3134.2,216,2,3135.0,9,2,3135.1,21,1,3135.2,34,2,3135.3,49,2,3135.4,135,2
2031,2026-06-16 15:06:08+05:30,3134.6,2,3135.1,3212388,125615.0,188521.0,3163.0,3163.0,3108.0,3134.3,31878400,3447.7,2820.9,3839.9,2896.0,3134.8,1,1,3134.7,12,1,3134.6,16,1,3134.4,16,1,3134.3,36,2,3135.0,19,2,3135.1,21,1,3135.2,18,1,3135.3,71,3,3135.5,57,2
2031,2026-06-16 15:06:08+05:30,3134.7,40,3135.1,3212388,125615.0,188521.0,3163.0,3163.0,3108.0,3134.3,31878400,3447.7,2820.9,3839.9,2896.0,3134.8,1,1,3134.7,12,1,3134.6,16,1,3134.4,16,1,3134.3,36,2,3135.0,19,2,3135.1,21,1,3135.2,18,1,3135.3,71,3,3135.5,57,2
2031,2026-06-16 15:06:09+05:30,3134.7,4,3135.1,3212574,125722.0,188530.0,3163.0,3163.0,3108.0,3134.3,31878400,3447.7,2820.9,3839.9,2896.0,3134.7,11,1,3134.6,16,1,3134.5,21,1,3134.4,36,3,3134.3,21,1,3135.0,4,1,3135.2,10,1,3135.3,49,2,3135.5,27,2,3135.6,81,2
2031,2026-06-16 15:06:09+05:30,3135.0,4,3135.1,3212574,125722.0,188530.0,3163.0,3163.0,3108.0,3134.3,31878400,3447.7,2820.9,3839.9,2896.0,3134.7,11,1,3134.6,16,1,3134.5,21,1,3134.4,36,3,3134.3,21,1,3135.0,4,1,3135.2,10,1,3135.3,49,2,3135.5,27,2,3135.6,81,2
2031,2026-06-16 15:06:10+05:30,3135.2,37,3135.1,3212679,126599.0,188366.0,3163.0,3163.0,3108.0,3134.3,31878400,3447.7,2820.9,3839.9,2896.0,3135.1,15,2,3135.0,89,1,3134.9,37,2,3134.7,21,2,3134.6,16,1,3136.0,102,6,3136.1,121,1,3136.2,170,6,3136.3,130,2,3136.4,148,4
2031,2026-06-16 15:06:10+05:30,3135.2,37,3135.1,3212679,126599.0,188366.0,3163.0,3163.0,3108.0,3134.3,31878400,3447.7,2820.9,3839.9,2896.0,3135.1,15,2,3135.0,89,1,3134.9,37,2,3134.7,21,2,3134.6,16,1,3136.0,102,6,3136.1,121,1,3136.2,170,6,3136.3,130,2,3136.4,148,4
2031,2026-06-16 15:06:11+05:30,3135.2,37,3135.1,3212679,127508.0,188837.0,3163.0,3163.0,3108.0,3134.3,31878400,3447.7,2820.9,3839.9,2896.0,3135.5,1,1,3135.4,5,1,3135.2,18,1,3135.1,315,2,3135.0,372,2,3135.8,32,1,3135.9,341,6,3136.0,40,5,3136.2,155,5,3136.3,179,3
2031,2026-06-16 15:06:12+05:30,3135.1,43,3135.1,3212679,127508.0,188837.0,3163.0,3163.0,3108.0,3134.3,31878400,3447.7,2820.9,3839.9,2896.0,3135.5,1,1,3135.4,5,1,3135.2,18,1,3135.1,315,2,3135.0,372,2,3135.8,32,1,3135.9,341,6,3136.0,40,5,3136.2,155,5,3136.3,179,3
2031,2026-06-16 15:06:12+05:30,3135.1,43,3135.1,3212969,126742.0,188953.0,3163.0,3163.0,3108.0,3134.3,31878400,3447.7,2820.9,3839.9,2896.0,3135.2,1,1,3135.1,205,1,3135.0,372,2,3134.9,283,1,3134.7,290,4,3135.4,1,1,3135.7,137,3,3135.8,215,5,3135.9,53,5,3136.0,110,7
2031,2026-06-16 15:06:13+05:30,3135.1,38,3135.1,3212969,126742.0,188953.0,3163.0,3163.0,3108.0,3134.3,31878400,3447.7,2820.9,3839.9,2896.0,3135.2,1,1,3135.1,205,1,3135.0,372,2,3134.9,283,1,3134.7,290,4,3135.4,1,1,3135.7,137,3,3135.8,215,5,3135.9,53,5,3136.0,110,7
2031,2026-06-16 15:06:13+05:30,3135.1,38,3135.1,3213088,127053.0,189424.0,3163.0,3163.0,3108.0,3134.3,31878400,3447.7,2820.9,3839.9,2896.0,3135.1,170,2,3135.0,388,3,3134.9,283,1,3134.7,288,4,3134.6,16,1,3135.2,1,1,3135.4,112,6,3135.6,122,4,3135.7,67,1,3135.8,116,5
2031,2026-06-16 15:06:14+05:30,3135.5,90,3135.1,3213088,127053.0,189424.0,3163.0,3163.0,3108.0,3134.3,31878400,3447.7,2820.9,3839.9,2896.0,3135.1,170,2,3135.0,388,3,3134.9,283,1,3134.7,288,4,3134.6,16,1,3135.2,1,1,3135.4,112,6,3135.6,122,4,3135.7,67,1,3135.8,116,5
2031,2026-06-16 15:06:14+05:30,3135.5,90,3135.1,3213575,127009.0,188667.0,3163.0,3163.0,3108.0,3134.3,31878400,3447.7,2820.9,3839.9,2896.0,3135.1,170,2,3135.0,402,4,3134.9,283,1,3134.7,288,4,3134.6,16,1,3135.5,92,2,3135.6,35,1,3135.8,98,4,3135.9,3,1,3136.0,100,5
2031,2026-06-16 15:06:15+05:30,3135.5,10,3135.1,3213575,127009.0,188667.0,3163.0,3163.0,3108.0,3134.3,31878400,3447.7,2820.9,3839.9,2896.0,3135.1,170,2,3135.0,402,4,3134.9,283,1,3134.7,288,4,3134.6,16,1,3135.5,92,2,3135.6,35,1,3135.8,98,4,3135.9,3,1,3136.0,100,5
2031,2026-06-16 15:06:15+05:30,3135.5,10,3135.1,3213862,128133.0,188167.0,3163.0,3163.0,3108.0,3134.3,31878400,3447.7,2820.9,3839.9,2896.0,3135.3,2,2,3135.1,546,6,3135.0,1052,5,3134.9,306,3,3134.7,320,4,3135.9,3,1,3136.0,5,1,3136.2,38,2,3136.3,35,1,3136.4,35,1
2031,2026-06-16 15:06:16+05:30,3135.5,9,3135.1,3214140,127763.0,187229.0,3163.0,3163.0,3108.0,3134.3,31878400,3447.7,2820.9,3839.9,2896.0,3135.5,1,1,3135.4,2,1,3135.3,44,3,3135.1,153,6,3135.0,1022,3,3135.9,6,1,3136.0,5,1,3136.1,53,2,3136.2,73,3,3136.3,24,1
2031,2026-06-16 15:06:16+05:30,3135.5,9,3135.1,3214140,127763.0,187229.0,3163.0,3163.0,3108.0,3134.3,31878400,3447.7,2820.9,3839.9,2896.0,3135.5,1,1,3135.4,2,1,3135.3,44,3,3135.1,153,6,3135.0,1022,3,3135.9,6,1,3136.0,5,1,3136.1,53,2,3136.2,73,3,3136.3,24,1
2031,2026-06-16 15:06:17+05:30,3135.9,2,3135.1,3214140,127763.0,187229.0,3163.0,3163.0,3108.0,3134.3,31878400,3447.7,2820.9,3839.9,2896.0,3135.5,1,1,3135.4,2,1,3135.3,44,3,3135.1,153,6,3135.0,1022,3,3135.9,6,1,3136.0,5,1,3136.1,53,2,3136.2,73,3,3136.3,24,1
2031,2026-06-16 15:06:17+05:30,3135.9,2,3135.1,3214162,127925.0,187401.0,3163.0,3163.0,3108.0,3134.3,31878400,3447.7,2820.9,3839.9,2896.0,3135.5,81,4,3135.4,2,1,3135.3,44,3,3135.1,153,6,3135.0,1038,4,3135.8,4,1,3135.9,51,4,3136.0,5,1,3136.2,73,3,3136.3,59,2
2031,2026-06-16 15:06:18+05:30,3135.8,2,3135.1,3214162,127925.0,187401.0,3163.0,3163.0,3108.0,3134.3,31878400,3447.7,2820.9,3839.9,2896.0,3135.5,81,4,3135.4,2,1,3135.3,44,3,3135.1,153,6,3135.0,1038,4,3135.8,4,1,3135.9,51,4,3136.0,5,1,3136.2,73,3,3136.3,59,2
2031,2026-06-16 15:06:18+05:30,3135.8,2,3135.1,3214278,128844.0,187840.0,3163.0,3163.0,3108.0,3134.3,31878400,3447.7,2820.9,3839.9,2896.0,3135.5,53,3,3135.4,17,2,3135.3,297,5,3135.1,483,5,3135.0,1038,4,3135.8,8,2,3135.9,121,5,3136.0,5,1,3136.1,35,1,3136.2,108,4
2031,2026-06-16 15:06:19+05:30,3135.8,1,3135.1,3214278,128844.0,187840.0,3163.0,3163.0,3108.0,3134.3,31878400,3447.7,2820.9,3839.9,2896.0,3135.5,53,3,3135.4,17,2,3135.3,297,5,3135.1,483,5,3135.0,1038,4,3135.8,8,2,3135.9,121,5,3136.0,5,1,3136.1,35,1,3136.2,108,4
2031,2026-06-16 15:06:19+05:30,3135.9,5,3135.1,3214347,128891.0,187854.0,3163.0,3163.0,3108.0,3134.3,31878400,3447.7,2820.9,3839.9,2896.0,3135.6,4,2,3135.5,57,3,3135.4,33,3,3135.3,282,4,3135.1,488,6,3135.9,117,4,3136.0,5,1,3136.1,53,2,3136.2,73,3,3136.3,54,2
2031,2026-06-16 15:06:20+05:30,3135.5,79,3135.1,3214347,128891.0,187854.0,3163.0,3163.0,3108.0,3134.3,31878400,3447.7,2820.9,3839.9,2896.0,3135.6,4,2,3135.5,57,3,3135.4,33,3,3135.3,282,4,3135.1,488,6,3135.9,117,4,3136.0,5,1,3136.1,53,2,3136.2,73,3,3136.3,54,2
2031,2026-06-16 15:06:20+05:30,3135.8,2,3135.1,3214521,128895.0,187884.0,3163.0,3163.0,3108.0,3134.3,31878400,3447.7,2820.9,3839.9,2896.0,3135.7,2,2,3135.6,5,2,3135.5,37,3,3135.4,15,1,3135.3,281,3,3135.8,76,3,3135.9,126,4,3136.0,5,1,3136.1,25,2,3136.2,38,2
2031,2026-06-16 15:06:21+05:30,3135.8,1,3135.1,3214521,128895.0,187884.0,3163.0,3163.0,3108.0,3134.3,31878400,3447.7,2820.9,3839.9,2896.0,3135.7,2,2,3135.6,5,2,3135.5,37,3,3135.4,15,1,3135.3,281,3,3135.8,76,3,3135.9,126,4,3136.0,5,1,3136.1,25,2,3136.2,38,2
2031,2026-06-16 15:06:22+05:30,3135.5,15,3135.1,3214711,128623.0,188417.0,3163.0,3163.0,3108.0,3134.3,31878400,3447.7,2820.9,3839.9,2896.0,3135.5,6,2,3135.4,31,2,3135.3,280,2,3135.1,470,6,3135.0,1023,4,3135.7,255,5,3135.8,198,6,3135.9,134,6,3136.0,75,3,3136.1,25,2
2031,2026-06-16 15:06:22+05:30,3135.5,39,3135.1,3214711,128623.0,188417.0,3163.0,3163.0,3108.0,3134.3,31878400,3447.7,2820.9,3839.9,2896.0,3135.5,6,2,3135.4,31,2,3135.3,280,2,3135.1,470,6,3135.0,1023,4,3135.7,255,5,3135.8,198,6,3135.9,134,6,3136.0,75,3,3136.1,25,2
2031,2026-06-16 15:06:22+05:30,3135.7,39,3135.1,3214840,128674.0,188456.0,3163.0,3163.0,3108.0,3134.3,31878400,3447.7,2820.9,3839.9,2896.0,3135.5,112,2,3135.4,45,3,3135.3,280,2,3135.1,470,6,3135.0,1023,4,3135.7,264,7,3135.8,198,6,3135.9,134,6,3136.0,75,3,3136.1,90,3
2031,2026-06-16 15:06:23+05:30,3135.6,10,3135.1,3214840,128674.0,188456.0,3163.0,3163.0,3108.0,3134.3,31878400,3447.7,2820.9,3839.9,2896.0,3135.5,112,2,3135.4,45,3,3135.3,280,2,3135.1,470,6,3135.0,1023,4,3135.7,264,7,3135.8,198,6,3135.9,134,6,3136.0,75,3,3136.1,90,3
2031,2026-06-16 15:06:24+05:30,3135.6,1,3135.1,3214872,128305.0,188509.0,3163.0,3163.0,3108.0,3134.3,31878400,3447.7,2820.9,3839.9,2896.0,3135.5,119,3,3135.4,46,3,3135.3,280,2,3135.2,1,1,3135.1,101,4,3135.6,68,4,3135.7,376,14,3135.8,190,5,3135.9,132,5,3136.0,75,3
2031,2026-06-16 15:06:24+05:30,3135.6,1,3135.1,3214872,128305.0,188509.0,3163.0,3163.0,3108.0,3134.3,31878400,3447.7,2820.9,3839.9,2896.0,3135.5,119,3,3135.4,46,3,3135.3,280,2,3135.2,1,1,3135.1,101,4,3135.6,68,4,3135.7,376,14,3135.8,190,5,3135.9,132,5,3136.0,75,3
2031,2026-06-16 15:06:25+05:30,3135.6,9,3135.1,3215191,128689.0,188272.0,3163.0,3163.0,3108.0,3134.3,31878400,3447.7,2820.9,3839.9,2896.0,3135.5,234,4,3135.4,48,5,3135.3,281,3,3135.1,464,4,3135.0,1023,4,3135.6,136,8,3135.7,376,12,3135.8,94,5,3135.9,120,3,3136.0,75,3
2031,2026-06-16 15:06:25+05:30,3135.6,9,3135.1,3215191,128689.0,188272.0,3163.0,3163.0,3108.0,3134.3,31878400,3447.7,2820.9,3839.9,2896.0,3135.5,234,4,3135.4,48,5,3135.3,281,3,3135.1,464,4,3135.0,1023,4,3135.6,136,8,3135.7,376,12,3135.8,94,5,3135.9,120,3,3136.0,75,3
2031,2026-06-16 15:06:26+05:30,3135.5,8,3135.1,3215199,128835.0,188529.0,3163.0,3163.0,3108.0,3134.3,31878400,3447.7,2820.9,3839.9,2896.0,3135.5,243,6,3135.4,16,2,3135.3,281,3,3135.2,21,1,3135.1,464,4,3135.6,400,17,3135.7,308,8,3135.8,94,5,3135.9,120,3,3136.0,75,3
2031,2026-06-16 15:06:26+05:30,3135.6,19,3135.1,3215199,128835.0,188529.0,3163.0,3163.0,3108.0,3134.3,31878400,3447.7,2820.9,3839.9,2896.0,3135.5,243,6,3135.4,16,2,3135.3,281,3,3135.2,21,1,3135.1,464,4,3135.6,400,17,3135.7,308,8,3135.8,94,5,3135.9,120,3,3136.0,75,3
2031,2026-06-16 15:06:27+05:30,3135.6,4,3135.1,3215414,129039.0,188350.0,3163.0,3163.0,3108.0,3134.3,31878400,3447.7,2820.9,3839.9,2896.0,3135.5,378,4,3135.4,42,4,3135.3,280,2,3135.2,21,1,3135.1,464,4,3135.6,336,13,3135.7,308,8,3135.8,94,5,3135.9,120,3,3136.0,75,3
2031,2026-06-16 15:06:27+05:30,3135.6,4,3135.1,3215414,129039.0,188350.0,3163.0,3163.0,3108.0,3134.3,31878400,3447.7,2820.9,3839.9,2896.0,3135.5,378,4,3135.4,42,4,3135.3,280,2,3135.2,21,1,3135.1,464,4,3135.6,336,13,3135.7,308,8,3135.8,94,5,3135.9,120,3,3136.0,75,3
2031,2026-06-16 15:06:28+05:30,3135.5,123,3135.1,3215414,129039.0,188350.0,3163.0,3163.0,3108.0,3134.3,31878400,3447.7,2820.9,3839.9,2896.0,3135.5,378,4,3135.4,42,4,3135.3,280,2,3135.2,21,1,3135.1,464,4,3135.6,336,13,3135.7,308,8,3135.8,94,5,3135.9,120,3,3136.0,75,3
2031,2026-06-16 15:06:28+05:30,3135.5,123,3135.1,3215737,128099.0,188591.0,3163.0,3163.0,3108.0,3134.3,31878400,3447.7,2820.9,3839.9,2896.0,3135.5,99,5,3135.4,41,3,3135.3,280,2,3135.2,21,1,3135.1,464,4,3135.6,448,18,3135.7,269,6,3135.8,94,5,3135.9,120,3,3136.0,75,3
2031,2026-06-16 15:06:29+05:30,3135.6,10,3135.1,3215737,128099.0,188591.0,3163.0,3163.0,3108.0,3134.3,31878400,3447.7,2820.9,3839.9,2896.0,3135.5,99,5,3135.4,41,3,3135.3,280,2,3135.2,21,1,3135.1,464,4,3135.6,448,18,3135.7,269,6,3135.8,94,5,3135.9,120,3,3136.0,75,3
2031,2026-06-16 15:06:29+05:30,3135.6,17,3135.1,3215848,128977.0,188450.0,3163.0,3163.0,3108.0,3134.3,31878400,3447.7,2820.9,3839.9,2896.0,3135.5,71,5,3135.4,41,3,3135.3,280,2,3135.2,21,1,3135.1,464,4,3135.6,400,19,3135.7,269,6,3135.8,94,5,3135.9,120,3,3136.0,90,4
2031,2026-06-16 15:06:30+05:30,3135.6,1,3135.1,3215848,128977.0,188450.0,3163.0,3163.0,3108.0,3134.3,31878400,3447.7,2820.9,3839.9,2896.0,3135.5,71,5,3135.4,41,3,3135.3,280,2,3135.2,21,1,3135.1,464,4,3135.6,400,19,3135.7,269,6,3135.8,94,5,3135.9,120,3,3136.0,90,4
2031,2026-06-16 15:06:30+05:30,3135.6,5,3135.1,3216046,128764.0,188302.0,3163.0,3163.0,3108.0,3134.3,31878400,3447.7,2820.9,3839.9,2896.0,3135.5,29,4,3135.4,56,4,3135.3,280,2,3135.2,21,1,3135.1,464,4,3135.6,313,15,3135.7,269,6,3135.8,24,3,3135.9,132,4,3136.0,40,2
2031,2026-06-16 15:06:31+05:30,3135.5,14,3135.1,3216046,128764.0,188302.0,3163.0,3163.0,3108.0,3134.3,31878400,3447.7,2820.9,3839.9,2896.0,3135.5,29,4,3135.4,56,4,3135.3,280,2,3135.2,21,1,3135.1,464,4,3135.6,313,15,3135.7,269,6,3135.8,24,3,3135.9,132,4,3136.0,40,2
2031,2026-06-16 15:06:31+05:30,3135.5,1,3135.1,3216129,128746.0,188369.0,3163.0,3163.0,3108.0,3134.3,31878400,3447.7,2820.9,3839.9,2896.0,3135.5,37,6,3135.4,32,4,3135.3,280,2,3135.2,21,1,3135.1,465,5,3135.6,298,16,3135.7,288,7,3135.8,15,2,3135.9,197,5,3136.0,38,2
2031,2026-06-16 15:06:32+05:30,3135.5,4,3135.1,3216129,128746.0,188369.0,3163.0,3163.0,3108.0,3134.3,31878400,3447.7,2820.9,3839.9,2896.0,3135.5,37,6,3135.4,32,4,3135.3,280,2,3135.2,21,1,3135.1,465,5,3135.6,298,16,3135.7,288,7,3135.8,15,2,3135.9,197,5,3136.0,38,2
2031,2026-06-16 15:06:32+05:30,3135.5,4,3135.1,3216270,128730.0,188214.0,3163.0,3163.0,3108.0,3134.3,31878400,3447.7,2820.9,3839.9,2896.0,3135.5,159,8,3135.4,33,4,3135.3,280,2,3135.2,22,2,3135.1,466,4,3135.6,310,14,3135.7,253,6,3135.8,15,2,3135.9,120,3,3136.0,5,1
2031,2026-06-16 15:06:33+05:30,3135.5,2,3135.1,3216270,128730.0,188214.0,3163.0,3163.0,3108.0,3134.3,31878400,3447.7,2820.9,3839.9,2896.0,3135.5,159,8,3135.4,33,4,3135.3,280,2,3135.2,22,2,3135.1,466,4,3135.6,310,14,3135.7,253,6,3135.8,15,2,3135.9,120,3,3136.0,5,1
2031,2026-06-16 15:06:34+05:30,3135.6,7,3135.1,3216382,128711.0,188366.0,3163.0,3163.0,3108.0,3134.3,31878400,3447.7,2820.9,3839.9,2896.0,3135.5,508,9,3135.4,17,3,3135.3,280,2,3135.2,22,2,3135.1,466,4,3135.6,329,14,3135.7,253,6,3135.8,47,3,3135.9,197,5,3136.0,72,3
2031,2026-06-16 15:06:34+05:30,3135.5,9,3135.1,3216382,128711.0,188366.0,3163.0,3163.0,3108.0,3134.3,31878400,3447.7,2820.9,3839.9,2896.0,3135.5,508,9,3135.4,17,3,3135.3,280,2,3135.2,22,2,3135.1,466,4,3135.6,329,14,3135.7,253,6,3135.8,47,3,3135.9,197,5,3136.0,72,3
2031,2026-06-16 15:06:35+05:30,3135.5,168,3135.1,3216688,128261.0,188235.0,3163.0,3163.0,3108.0,3134.3,31878400,3447.7,2820.9,3839.9,2896.0,3135.5,286,8,3135.4,20,4,3135.3,281,3,3135.2,21,1,3135.1,466,4,3135.6,301,13,3135.7,259,7,3135.8,47,3,3135.9,132,4,3136.0,72,3
2031,2026-06-16 15:06:35+05:30,3135.6,1,3135.1,3216688,128261.0,188235.0,3163.0,3163.0,3108.0,3134.3,31878400,3447.7,2820.9,3839.9,2896.0,3135.5,286,8,3135.4,20,4,3135.3,281,3,3135.2,21,1,3135.1,466,4,3135.6,301,13,3135.7,259,7,3135.8,47,3,3135.9,132,4,3136.0,72,3
2031,2026-06-16 15:06:36+05:30,3135.6,1,3135.1,3216730,128383.0,188283.0,3163.0,3163.0,3108.0,3134.3,31878400,3447.7,2820.9,3839.9,2896.0,3135.5,265,10,3135.4,19,3,3135.3,281,3,3135.2,21,1,3135.1,466,4,3135.6,328,15,3135.7,259,7,3135.8,50,3,3135.9,163,5,3136.0,40,2
2031,2026-06-16 15:06:36+05:30,3135.5,11,3135.1,3216730,128383.0,188283.0,3163.0,3163.0,3108.0,3134.3,31878400,3447.7,2820.9,3839.9,2896.0,3135.5,265,10,3135.4,19,3,3135.3,281,3,3135.2,21,1,3135.1,466,4,3135.6,328,15,3135.7,259,7,3135.8,50,3,3135.9,163,5,3136.0,40,2
2031,2026-06-16 15:06:37+05:30,3135.5,14,3135.1,3216803,127915.0,188311.0,3163.0,3163.0,3108.0,3134.3,31878400,3447.7,2820.9,3839.9,2896.0,3135.5,194,9,3135.4,19,3,3135.3,319,4,3135.2,21,1,3135.1,466,4,3135.6,372,17,3135.7,284,7,3135.8,50,3,3135.9,194,5,3136.0,71,3
2031,2026-06-16 15:06:37+05:30,3135.6,66,3135.1,3216803,127915.0,188311.0,3163.0,3163.0,3108.0,3134.3,31878400,3447.7,2820.9,3839.9,2896.0,3135.5,194,9,3135.4,19,3,3135.3,319,4,3135.2,21,1,3135.1,466,4,3135.6,372,17,3135.7,284,7,3135.8,50,3,3135.9,194,5,3136.0,71,3
2031,2026-06-16 15:06:38+05:30,3135.6,30,3135.1,3217222,128466.0,187859.0,3163.0,3163.0,3108.0,3134.3,31878400,3447.7,2820.9,3839.9,2896.0,3135.6,399,2,3135.5,147,6,3135.4,16,2,3135.3,318,3,3135.2,21,1,3135.7,253,6,3135.8,15,2,3135.9,120,3,3136.0,36,2,3136.1,25,2
2031,2026-06-16 15:06:38+05:30,3135.6,4,3135.1,3217222,128466.0,187859.0,3163.0,3163.0,3108.0,3134.3,31878400,3447.7,2820.9,3839.9,2896.0,3135.6,399,2,3135.5,147,6,3135.4,16,2,3135.3,318,3,3135.2,21,1,3135.7,253,6,3135.8,15,2,3135.9,120,3,3136.0,36,2,3136.1,25,2
2031,2026-06-16 15:06:39+05:30,3135.6,8,3135.1,3217285,128449.0,187960.0,3163.0,3163.0,3108.0,3134.3,31878400,3447.7,2820.9,3839.9,2896.0,3135.6,390,3,3135.5,154,6,3135.4,16,2,3135.3,318,3,3135.2,21,1,3135.7,242,6,3135.8,15,2,3135.9,120,3,3136.0,85,3,3136.1,25,2
2031,2026-06-16 15:06:39+05:30,3135.6,23,3135.1,3217285,128449.0,187960.0,3163.0,3163.0,3108.0,3134.3,31878400,3447.7,2820.9,3839.9,2896.0,3135.6,390,3,3135.5,154,6,3135.4,16,2,3135.3,318,3,3135.2,21,1,3135.7,242,6,3135.8,15,2,3135.9,120,3,3136.0,85,3,3136.1,25,2
2031,2026-06-16 15:06:40+05:30,3135.7,4,3135.1,3217513,127531.0,188021.0,3163.0,3163.0,3108.0,3134.3,31878400,3447.7,2820.9,3839.9,2896.0,3135.6,183,5,3135.5,136,4,3135.4,35,3,3135.3,318,3,3135.2,21,1,3135.7,336,10,3135.8,52,4,3135.9,121,4,3136.0,71,3,3136.1,25,2
2031,2026-06-16 15:06:40+05:30,3135.7,1,3135.1,3217513,127531.0,188021.0,3163.0,3163.0,3108.0,3134.3,31878400,3447.7,2820.9,3839.9,2896.0,3135.6,183,5,3135.5,136,4,3135.4,35,3,3135.3,318,3,3135.2,21,1,3135.7,336,10,3135.8,52,4,3135.9,121,4,3136.0,71,3,3136.1,25,2
2031,2026-06-16 15:06:40+05:30,3135.6,43,3135.1,3217601,128192.0,188117.0,3163.0,3163.0,3108.0,3134.3,31878400,3447.7,2820.9,3839.9,2896.0,3135.6,173,6,3135.5,135,3,3135.4,35,3,3135.3,318,3,3135.2,1,1,3135.7,378,12,3135.8,51,4,3135.9,121,4,3136.0,132,4,3136.1,25,2
2031,2026-06-16 15:06:41+05:30,3135.6,2,3135.1,3217601,128192.0,188117.0,3163.0,3163.0,3108.0,3134.3,31878400,3447.7,2820.9,3839.9,2896.0,3135.6,173,6,3135.5,135,3,3135.4,35,3,3135.3,318,3,3135.2,1,1,3135.7,378,12,3135.8,51,4,3135.9,121,4,3136.0,132,4,3136.1,25,2
2031,2026-06-16 15:06:41+05:30,3135.7,3,3135.1,3217694,127947.0,188333.0,3163.0,3163.0,3108.0,3134.3,31878400,3447.7,2820.9,3839.9,2896.0,3135.6,105,5,3135.5,133,2,3135.4,35,3,3135.3,318,3,3135.2,1,1,3135.7,389,16,3135.8,55,4,3135.9,121,4,3136.0,132,4,3136.1,25,2
2031,2026-06-16 15:06:42+05:30,3135.6,8,3135.1,3217694,127947.0,188333.0,3163.0,3163.0,3108.0,3134.3,31878400,3447.7,2820.9,3839.9,2896.0,3135.6,105,5,3135.5,133,2,3135.4,35,3,3135.3,318,3,3135.2,1,1,3135.7,389,16,3135.8,55,4,3135.9,121,4,3136.0,132,4,3136.1,25,2
2031,2026-06-16 15:06:42+05:30,3135.6,8,3135.1,3217694,127947.0,188333.0,3163.0,3163.0,3108.0,3134.3,31878400,3447.7,2820.9,3839.9,2896.0,3135.6,105,5,3135.5,133,2,3135.4,35,3,3135.3,318,3,3135.2,1,1,3135.7,389,16,3135.8,55,4,3135.9,121,4,3136.0,132,4,3136.1,25,2
2031,2026-06-16 15:06:42+05:30,3135.5,52,3135.1,3218121,127369.0,188031.0,3163.0,3163.0,3108.0,3134.3,31878400,3447.7,2820.9,3839.9,2896.0,3135.5,81,2,3135.4,35,3,3135.3,318,3,3135.2,1,1,3135.1,466,4,3135.7,494,19,3135.8,22,4,3135.9,178,6,3136.0,71,4,3136.1,104,4
2031,2026-06-16 15:06:43+05:30,3135.6,6,3135.1,3218121,127369.0,188031.0,3163.0,3163.0,3108.0,3134.3,31878400,3447.7,2820.9,3839.9,2896.0,3135.5,81,2,3135.4,35,3,3135.3,318,3,3135.2,1,1,3135.1,466,4,3135.7,494,19,3135.8,22,4,3135.9,178,6,3136.0,71,4,3136.1,104,4
2031,2026-06-16 15:06:43+05:30,3135.5,38,3135.1,3218288,127339.0,187985.0,3163.0,3163.0,3108.0,3134.3,31878400,3447.7,2820.9,3839.9,2896.0,3135.5,28,4,3135.4,35,3,3135.3,318,3,3135.2,1,1,3135.1,100,3,3135.7,433,17,3135.8,22,4,3135.9,122,5,3136.0,71,4,3136.1,25,2
2031,2026-06-16 15:06:44+05:30,3135.5,7,3135.1,3218288,127339.0,187985.0,3163.0,3163.0,3108.0,3134.3,31878400,3447.7,2820.9,3839.9,2896.0,3135.5,28,4,3135.4,35,3,3135.3,318,3,3135.2,1,1,3135.1,100,3,3135.7,433,17,3135.8,22,4,3135.9,122,5,3136.0,71,4,3136.1,25,2
2031,2026-06-16 15:06:44+05:30,3135.5,7,3135.1,3218288,127339.0,187985.0,3163.0,3163.0,3108.0,3134.3,31878400,3447.7,2820.9,3839.9,2896.0,3135.5,28,4,3135.4,35,3,3135.3,318,3,3135.2,1,1,3135.1,100,3,3135.7,433,17,3135.8,22,4,3135.9,122,5,3136.0,71,4,3136.1,25,2
2031,2026-06-16 15:06:44+05:30,3135.5,7,3135.1,3218323,127867.0,188046.0,3163.0,3163.0,3108.0,3134.3,31878400,3447.7,2820.9,3839.9,2896.0,3135.5,19,3,3135.4,35,3,3135.3,318,3,3135.2,1,1,3135.1,472,4,3135.6,57,7,3135.7,350,13,3135.8,150,7,3135.9,122,5,3136.0,71,4
2031,2026-06-16 15:06:45+05:30,3135.6,68,3135.1,3218323,127867.0,188046.0,3163.0,3163.0,3108.0,3134.3,31878400,3447.7,2820.9,3839.9,2896.0,3135.5,19,3,3135.4,35,3,3135.3,318,3,3135.2,1,1,3135.1,472,4,3135.6,57,7,3135.7,350,13,3135.8,150,7,3135.9,122,5,3136.0,71,4
2031,2026-06-16 15:06:45+05:30,3135.5,4,3135.1,3218634,127651.0,187974.0,3163.0,3163.0,3108.0,3134.3,31878400,3447.7,2820.9,3839.9,2896.0,3135.5,48,4,3135.4,35,3,3135.3,319,4,3135.1,465,4,3135.0,284,2,3135.6,67,7,3135.7,301,10,3135.8,90,6,3135.9,185,7,3136.0,71,4
2031,2026-06-16 15:06:46+05:30,3135.5,9,3135.1,3218634,127651.0,187974.0,3163.0,3163.0,3108.0,3134.3,31878400,3447.7,2820.9,3839.9,2896.0,3135.5,48,4,3135.4,35,3,3135.3,319,4,3135.1,465,4,3135.0,284,2,3135.6,67,7,3135.7,301,10,3135.8,90,6,3135.9,185,7,3136.0,71,4
2031,2026-06-16 15:06:47+05:30,3135.6,1,3135.1,3218892,128364.0,188133.0,3163.0,3163.0,3108.0,3134.3,31878400,3447.7,2820.9,3839.9,2896.0,3135.4,15,2,3135.3,318,3,3135.2,1,1,3135.1,461,4,3135.0,1284,3,3135.6,218,11,3135.7,274,10,3135.8,90,6,3135.9,125,6,3136.0,131,5
2031,2026-06-16 15:06:47+05:30,3135.6,1,3135.1,3218892,128364.0,188133.0,3163.0,3163.0,3108.0,3134.3,31878400,3447.7,2820.9,3839.9,2896.0,3135.4,15,2,3135.3,318,3,3135.2,1,1,3135.1,461,4,3135.0,1284,3,3135.6,218,11,3135.7,274,10,3135.8,90,6,3135.9,125,6,3136.0,131,5
2031,2026-06-16 15:06:47+05:30,3135.6,4,3135.1,3218892,128364.0,188133.0,3163.0,3163.0,3108.0,3134.3,31878400,3447.7,2820.9,3839.9,2896.0,3135.4,15,2,3135.3,318,3,3135.2,1,1,3135.1,461,4,3135.0,1284,3,3135.6,218,11,3135.7,274,10,3135.8,90,6,3135.9,125,6,3136.0,131,5
2031,2026-06-16 15:06:48+05:30,3135.5,5,3135.1,3218907,127341.0,188216.0,3163.0,3163.0,3108.0,3134.3,31878400,3447.7,2820.9,3839.9,2896.0,3135.4,10,2,3135.3,319,4,3135.1,100,3,3135.0,1284,3,3134.9,314,3,3135.5,85,7,3135.6,273,10,3135.7,237,8,3135.8,90,6,3135.9,125,6
2031,2026-06-16 15:06:48+05:30,3135.4,5,3135.1,3218907,127341.0,188216.0,3163.0,3163.0,3108.0,3134.3,31878400,3447.7,2820.9,3839.9,2896.0,3135.4,10,2,3135.3,319,4,3135.1,100,3,3135.0,1284,3,3134.9,314,3,3135.5,85,7,3135.6,273,10,3135.7,237,8,3135.8,90,6,3135.9,125,6
2031,2026-06-16 15:06:49+05:30,3135.4,8,3135.1,3219499,127320.0,188448.0,3163.0,3163.0,3108.0,3134.3,31878400,3447.7,2820.9,3839.9,2896.0,3135.2,1,1,3135.1,466,4,3135.0,1284,3,3134.9,294,2,3134.8,16,2,3135.4,58,3,3135.5,194,9,3135.6,344,12,3135.7,237,8,3135.8,110,7
2031,2026-06-16 15:06:49+05:30,3135.4,8,3135.1,3219499,127320.0,188448.0,3163.0,3163.0,3108.0,3134.3,31878400,3447.7,2820.9,3839.9,2896.0,3135.2,1,1,3135.1,466,4,3135.0,1284,3,3134.9,294,2,3134.8,16,2,3135.4,58,3,3135.5,194,9,3135.6,344,12,3135.7,237,8,3135.8,110,7
2031,2026-06-16 15:06:49+05:30,3135.1,40,3135.1,3219499,127320.0,188448.0,3163.0,3163.0,3108.0,3134.3,31878400,3447.7,2820.9,3839.9,2896.0,3135.2,1,1,3135.1,466,4,3135.0,1284,3,3134.9,294,2,3134.8,16,2,3135.4,58,3,3135.5,194,9,3135.6,344,12,3135.7,237,8,3135.8,110,7
2031,2026-06-16 15:06:50+05:30,3135.0,43,3135.1,3219744,126496.0,187788.0,3163.0,3163.0,3108.0,3134.3,31878400,3447.7,2820.9,3839.9,2896.0,3135.0,1309,5,3134.9,294,2,3134.8,16,2,3134.7,272,2,3134.5,22,2,3135.2,54,4,3135.4,219,10,3135.5,204,9,3135.6,234,9,3135.7,221,7
2031,2026-06-16 15:06:50+05:30,3135.0,43,3135.1,3219744,126496.0,187788.0,3163.0,3163.0,3108.0,3134.3,31878400,3447.7,2820.9,3839.9,2896.0,3135.0,1309,5,3134.9,294,2,3134.8,16,2,3134.7,272,2,3134.5,22,2,3135.2,54,4,3135.4,219,10,3135.5,204,9,3135.6,234,9,3135.7,221,7
2031,2026-06-16 15:06:51+05:30,3135.1,11,3135.1,3220048,126770.0,187512.0,3163.0,3163.0,3108.0,3134.3,31878400,3447.7,2820.9,3839.9,2896.0,3135.1,64,2,3135.0,1306,4,3134.9,283,1,3134.8,16,2,3134.7,273,3,3135.2,81,8,3135.4,243,9,3135.5,84,3,3135.6,146,6,3135.7,104,5
2031,2026-06-16 15:06:51+05:30,3135.1,11,3135.1,3220048,126770.0,187512.0,3163.0,3163.0,3108.0,3134.3,31878400,3447.7,2820.9,3839.9,2896.0,3135.1,64,2,3135.0,1306,4,3134.9,283,1,3134.8,16,2,3134.7,273,3,3135.2,81,8,3135.4,243,9,3135.5,84,3,3135.6,146,6,3135.7,104,5
2031,2026-06-16 15:06:51+05:30,3135.1,11,3135.1,3220048,126770.0,187512.0,3163.0,3163.0,3108.0,3134.3,31878400,3447.7,2820.9,3839.9,2896.0,3135.1,64,2,3135.0,1306,4,3134.9,283,1,3134.8,16,2,3134.7,273,3,3135.2,81,8,3135.4,243,9,3135.5,84,3,3135.6,146,6,3135.7,104,5
2031,2026-06-16 15:06:52+05:30,3135.1,11,3135.1,3220048,126778.0,186178.0,3163.0,3163.0,3108.0,3134.3,31878400,3447.7,2820.9,3839.9,2896.0,3135.1,66,3,3135.0,1306,4,3134.9,283,1,3134.8,16,2,3134.7,273,3,3135.2,85,9,3135.3,39,2,3135.4,243,9,3135.5,84,3,3135.6,146,6
2031,2026-06-16 15:06:52+05:30,3135.1,2,3135.1,3220048,126778.0,186178.0,3163.0,3163.0,3108.0,3134.3,31878400,3447.7,2820.9,3839.9,2896.0,3135.1,66,3,3135.0,1306,4,3134.9,283,1,3134.8,16,2,3134.7,273,3,3135.2,85,9,3135.3,39,2,3135.4,243,9,3135.5,84,3,3135.6,146,6
2031,2026-06-16 15:06:53+05:30,3135.1,2,3135.1,3220095,126784.0,186128.0,3163.0,3163.0,3108.0,3134.3,31878400,3447.7,2820.9,3839.9,2896.0,3135.1,72,5,3135.0,1306,4,3134.9,283,1,3134.8,17,3,3134.7,272,2,3135.2,274,18,3135.3,74,4,3135.4,96,3,3135.5,84,3,3135.6,87,5
2031,2026-06-16 15:06:53+05:30,3135.3,7,3135.1,3220095,126784.0,186128.0,3163.0,3163.0,3108.0,3134.3,31878400,3447.7,2820.9,3839.9,2896.0,3135.1,72,5,3135.0,1306,4,3134.9,283,1,3134.8,17,3,3134.7,272,2,3135.2,274,18,3135.3,74,4,3135.4,96,3,3135.5,84,3,3135.6,87,5
2031,2026-06-16 15:06:53+05:30,3135.3,7,3135.1,3220095,126784.0,186128.0,3163.0,3163.0,3108.0,3134.3,31878400,3447.7,2820.9,3839.9,2896.0,3135.1,72,5,3135.0,1306,4,3134.9,283,1,3134.8,17,3,3134.7,272,2,3135.2,274,18,3135.3,74,4,3135.4,96,3,3135.5,84,3,3135.6,87,5
2031,2026-06-16 15:06:54+05:30,3135.3,1,3135.1,3220673,126720.0,187986.0,3163.0,3163.0,3108.0,3134.3,31878400,3447.7,2820.9,3839.9,2896.0,3135.1,12,3,3135.0,1305,3,3134.9,283,1,3134.8,16,2,3134.7,272,2,3135.3,151,5,3135.4,68,2,3135.5,84,3,3135.6,131,4,3135.7,36,4
2031,2026-06-16 15:06:54+05:30,3135.3,1,3135.1,3220673,126720.0,187986.0,3163.0,3163.0,3108.0,3134.3,31878400,3447.7,2820.9,3839.9,2896.0,3135.1,12,3,3135.0,1305,3,3134.9,283,1,3134.8,16,2,3134.7,272,2,3135.3,151,5,3135.4,68,2,3135.5,84,3,3135.6,131,4,3135.7,36,4
2031,2026-06-16 15:06:55+05:30,3135.3,1,3135.1,3220673,126720.0,187986.0,3163.0,3163.0,3108.0,3134.3,31878400,3447.7,2820.9,3839.9,2896.0,3135.1,12,3,3135.0,1305,3,3134.9,283,1,3134.8,16,2,3134.7,272,2,3135.3,151,5,3135.4,68,2,3135.5,84,3,3135.6,131,4,3135.7,36,4
2031,2026-06-16 15:06:55+05:30,3135.1,28,3135.1,3220714,123834.0,187550.0,3163.0,3163.0,3108.0,3134.3,31878400,3447.7,2820.9,3839.9,2896.0,3135.1,11,2,3135.0,1620,5,3134.9,283,1,3134.8,16,2,3134.7,272,2,3135.3,178,7,3135.4,68,2,3135.5,84,3,3135.6,72,3,3135.7,77,4
2031,2026-06-16 15:06:55+05:30,3135.1,28,3135.1,3220714,123834.0,187550.0,3163.0,3163.0,3108.0,3134.3,31878400,3447.7,2820.9,3839.9,2896.0,3135.1,11,2,3135.0,1620,5,3134.9,283,1,3134.8,16,2,3134.7,272,2,3135.3,178,7,3135.4,68,2,3135.5,84,3,3135.6,72,3,3135.7,77,4
2031,2026-06-16 15:06:55+05:30,3135.1,28,3135.1,3220714,123834.0,187550.0,3163.0,3163.0,3108.0,3134.3,31878400,3447.7,2820.9,3839.9,2896.0,3135.1,11,2,3135.0,1620,5,3134.9,283,1,3134.8,16,2,3134.7,272,2,3135.3,178,7,3135.4,68,2,3135.5,84,3,3135.6,72,3,3135.7,77,4
2031,2026-06-16 15:06:56+05:30,3135.3,1,3135.1,3220758,123236.0,187577.0,3163.0,3163.0,3108.0,3134.3,31878400,3447.7,2820.9,3839.9,2896.0,3135.1,5,3,3135.0,1635,6,3134.9,284,2,3134.8,15,1,3134.7,272,2,3135.3,222,9,3135.4,68,2,3135.5,84,3,3135.6,131,4,3135.7,18,3
2031,2026-06-16 15:06:56+05:30,3135.3,1,3135.1,3220758,123236.0,187577.0,3163.0,3163.0,3108.0,3134.3,31878400,3447.7,2820.9,3839.9,2896.0,3135.1,5,3,3135.0,1635,6,3134.9,284,2,3134.8,15,1,3134.7,272,2,3135.3,222,9,3135.4,68,2,3135.5,84,3,3135.6,131,4,3135.7,18,3
2031,2026-06-16 15:06:56+05:30,3135.0,1,3135.1,3220758,123236.0,187577.0,3163.0,3163.0,3108.0,3134.3,31878400,3447.7,2820.9,3839.9,2896.0,3135.1,5,3,3135.0,1635,6,3134.9,284,2,3134.8,15,1,3134.7,272,2,3135.3,222,9,3135.4,68,2,3135.5,84,3,3135.6,131,4,3135.7,18,3
2031,2026-06-16 15:06:56+05:30,3135.0,1,3135.1,3220758,123236.0,187577.0,3163.0,3163.0,3108.0,3134.3,31878400,3447.7,2820.9,3839.9,2896.0,3135.1,5,3,3135.0,1635,6,3134.9,284,2,3134.8,15,1,3134.7,272,2,3135.3,222,9,3135.4,68,2,3135.5,84,3,3135.6,131,4,3135.7,18,3
2031,2026-06-16 15:06:57+05:30,3135.2,23,3135.1,3220798,123582.0,190192.0,3163.0,3163.0,3108.0,3134.3,31878400,3447.7,2820.9,3839.9,2896.0,3135.2,17,1,3135.1,47,1,3135.0,1615,6,3134.9,283,1,3134.8,15,1,3135.3,211,8,3135.4,68,2,3135.5,84,3,3135.6,126,3,3135.7,18,3
2031,2026-06-16 15:06:57+05:30,3135.2,23,3135.1,3220798,123582.0,190192.0,3163.0,3163.0,3108.0,3134.3,31878400,3447.7,2820.9,3839.9,2896.0,3135.2,17,1,3135.1,47,1,3135.0,1615,6,3134.9,283,1,3134.8,15,1,3135.3,211,8,3135.4,68,2,3135.5,84,3,3135.6,126,3,3135.7,18,3
2031,2026-06-16 15:06:57+05:30,3135.2,23,3135.1,3220798,123582.0,190192.0,3163.0,3163.0,3108.0,3134.3,31878400,3447.7,2820.9,3839.9,2896.0,3135.2,17,1,3135.1,47,1,3135.0,1615,6,3134.9,283,1,3134.8,15,1,3135.3,211,8,3135.4,68,2,3135.5,84,3,3135.6,126,3,3135.7,18,3
2031,2026-06-16 15:06:58+05:30,3135.2,23,3135.1,3220798,123582.0,190192.0,3163.0,3163.0,3108.0,3134.3,31878400,3447.7,2820.9,3839.9,2896.0,3135.2,17,1,3135.1,47,1,3135.0,1615,6,3134.9,283,1,3134.8,15,1,3135.3,211,8,3135.4,68,2,3135.5,84,3,3135.6,126,3,3135.7,18,3
2031,2026-06-16 15:06:58+05:30,3135.3,1,3135.1,3220956,125760.0,192626.0,3163.0,3163.0,3108.0,3134.3,31878400,3447.7,2820.9,3839.9,2896.0,3135.0,1620,6,3134.9,284,2,3134.8,15,1,3134.7,252,1,3134.5,34,2,3135.3,235,10,3135.4,68,2,3135.5,84,3,3135.6,67,2,3135.7,35,4
2031,2026-06-16 15:06:58+05:30,3135.3,1,3135.1,3220956,125760.0,192626.0,3163.0,3163.0,3108.0,3134.3,31878400,3447.7,2820.9,3839.9,2896.0,3135.0,1620,6,3134.9,284,2,3134.8,15,1,3134.7,252,1,3134.5,34,2,3135.3,235,10,3135.4,68,2,3135.5,84,3,3135.6,67,2,3135.7,35,4
2031,2026-06-16 15:06:59+05:30,3135.3,1,3135.1,3220956,125760.0,192626.0,3163.0,3163.0,3108.0,3134.3,31878400,3447.7,2820.9,3839.9,2896.0,3135.0,1620,6,3134.9,284,2,3134.8,15,1,3134.7,252,1,3134.5,34,2,3135.3,235,10,3135.4,68,2,3135.5,84,3,3135.6,67,2,3135.7,35,4
2031,2026-06-16 15:06:59+05:30,3135.0,23,3135.1,3221020,125571.0,192755.0,3163.0,3163.0,3108.0,3134.3,31878400,3447.7,2820.9,3839.9,2896.0,3135.0,1600,7,3134.9,283,1,3134.8,15,1,3134.7,252,1,3134.5,34,2,3135.3,280,13,3135.4,68,2,3135.5,99,4,3135.6,144,4,3135.7,35,4
2031,2026-06-16 15:06:59+05:30,3135.0,23,3135.1,3221020,125571.0,192755.0,3163.0,3163.0,3108.0,3134.3,31878400,3447.7,2820.9,3839.9,2896.0,3135.0,1600,7,3134.9,283,1,3134.8,15,1,3134.7,252,1,3134.5,34,2,3135.3,280,13,3135.4,68,2,3135.5,99,4,3135.6,144,4,3135.7,35,4
2031,2026-06-16 15:07:00+05:30,3135.0,23,3135.1,3221020,125571.0,192755.0,3163.0,3163.0,3108.0,3134.3,31878400,3447.7,2820.9,3839.9,2896.0,3135.0,1600,7,3134.9,283,1,3134.8,15,1,3134.7,252,1,3134.5,34,2,3135.3,280,13,3135.4,68,2,3135.5,99,4,3135.6,144,4,3135.7,35,4
2031,2026-06-16 15:07:00+05:30,3135.3,16,3135.1,3221142,125780.0,192528.0,3163.0,3163.0,3108.0,3134.3,31878400,3447.7,2820.9,3839.9,2896.0,3135.2,2,2,3135.0,1620,13,3134.9,283,1,3134.8,15,1,3134.7,252,1,3135.3,151,11,3135.4,71,3,3135.5,78,2,3135.7,18,3,3135.8,61,4
2031,2026-06-16 15:07:00+05:30,3135.3,16,3135.1,3221142,125780.0,192528.0,3163.0,3163.0,3108.0,3134.3,31878400,3447.7,2820.9,3839.9,2896.0,3135.2,2,2,3135.0,1620,13,3134.9,283,1,3134.8,15,1,3134.7,252,1,3135.3,151,11,3135.4,71,3,3135.5,78,2,3135.7,18,3,3135.8,61,4
2031,2026-06-16 15:07:00+05:30,3135.3,16,3135.1,3221142,125780.0,192528.0,3163.0,3163.0,3108.0,3134.3,31878400,3447.7,2820.9,3839.9,2896.0,3135.2,2,2,3135.0,1620,13,3134.9,283,1,3134.8,15,1,3134.7,252,1,3135.3,151,11,3135.4,71,3,3135.5,78,2,3135.7,18,3,3135.8,61,4
2031,2026-06-16 15:07:01+05:30,3135.3,1,3135.1,3221215,125848.0,192824.0,3163.0,3163.0,3108.0,3134.3,31878400,3447.7,2820.9,3839.9,2896.0,3135.2,33,1,3135.1,2,1,3135.0,1624,14,3134.9,283,1,3134.8,15,1,3135.3,179,10,3135.4,71,3,3135.5,78,2,3135.6,28,1,3135.7,75,4
2031,2026-06-16 15:07:01+05:30,3135.3,1,3135.1,3221215,125848.0,192824.0,3163.0,3163.0,3108.0,3134.3,31878400,3447.7,2820.9,3839.9,2896.0,3135.2,33,1,3135.1,2,1,3135.0,1624,14,3134.9,283,1,3134.8,15,1,3135.3,179,10,3135.4,71,3,3135.5,78,2,3135.6,28,1,3135.7,75,4
2031,2026-06-16 15:07:01+05:30,3135.3,1,3135.1,3221215,125848.0,192824.0,3163.0,3163.0,3108.0,3134.3,31878400,3447.7,2820.9,3839.9,2896.0,3135.2,33,1,3135.1,2,1,3135.0,1624,14,3134.9,283,1,3134.8,15,1,3135.3,179,10,3135.4,71,3,3135.5,78,2,3135.6,28,1,3135.7,75,4
2031,2026-06-16 15:07:02+05:30,3135.3,1,3135.1,3221215,125848.0,192824.0,3163.0,3163.0,3108.0,3134.3,31878400,3447.7,2820.9,3839.9,2896.0,3135.2,33,1,3135.1,2,1,3135.0,1624,14,3134.9,283,1,3134.8,15,1,3135.3,179,10,3135.4,71,3,3135.5,78,2,3135.6,28,1,3135.7,75,4
2031,2026-06-16 15:07:02+05:30,3135.2,20,3135.1,3221236,125706.0,192911.0,3163.0,3163.0,3108.0,3134.3,31878400,3447.7,2820.9,3839.9,2896.0,3135.2,16,3,3135.0,1624,14,3134.9,283,1,3134.8,15,1,3134.7,252,1,3135.3,197,11,3135.4,98,4,3135.5,78,2,3135.6,62,2,3135.7,18,3
2031,2026-06-16 15:07:02+05:30,3135.2,20,3135.1,3221236,125706.0,192911.0,3163.0,3163.0,3108.0,3134.3,31878400,3447.7,2820.9,3839.9,2896.0,3135.2,16,3,3135.0,1624,14,3134.9,283,1,3134.8,15,1,3134.7,252,1,3135.3,197,11,3135.4,98,4,3135.5,78,2,3135.6,62,2,3135.7,18,3
2031,2026-06-16 15:07:03+05:30,3135.2,20,3135.1,3221236,125706.0,192911.0,3163.0,3163.0,3108.0,3134.3,31881800,3447.7,2820.9,3839.9,2896.0,3135.2,16,3,3135.0,1624,14,3134.9,283,1,3134.8,15,1,3134.7,252,1,3135.3,197,11,3135.4,98,4,3135.5,78,2,3135.6,62,2,3135.7,18,3
2031,2026-06-16 15:07:03+05:30,3135.2,77,3135.1,3221394,125829.0,192659.0,3163.0,3163.0,3108.0,3134.3,31881800,3447.7,2820.9,3839.9,2896.0,3135.0,1524,13,3134.9,181,1,3134.8,15,1,3134.7,252,1,3134.5,34,2,3135.2,355,3,3135.3,231,10,3135.4,98,4,3135.5,78,2,3135.6,62,2
2031,2026-06-16 15:07:03+05:30,3135.2,77,3135.1,3221394,125829.0,192659.0,3163.0,3163.0,3108.0,3134.3,31881800,3447.7,2820.9,3839.9,2896.0,3135.0,1524,13,3134.9,181,1,3134.8,15,1,3134.7,252,1,3134.5,34,2,3135.2,355,3,3135.3,231,10,3135.4,98,4,3135.5,78,2,3135.6,62,2
2031,2026-06-16 15:07:04+05:30,3135.2,27,3135.1,3221536,126160.0,193129.0,3163.0,3163.0,3108.0,3134.3,31881800,3447.7,2820.9,3839.9,2896.0,3135.0,1467,13,3134.9,181,1,3134.8,16,2,3134.7,252,1,3134.5,34,2,3135.2,295,8,3135.3,169,8,3135.4,192,6,3135.5,150,4,3135.6,62,2
2031,2026-06-16 15:07:04+05:30,3135.2,27,3135.1,3221536,126160.0,193129.0,3163.0,3163.0,3108.0,3134.3,31881800,3447.7,2820.9,3839.9,2896.0,3135.0,1467,13,3134.9,181,1,3134.8,16,2,3134.7,252,1,3134.5,34,2,3135.2,295,8,3135.3,169,8,3135.4,192,6,3135.5,150,4,3135.6,62,2
2031,2026-06-16 15:07:05+05:30,3135.1,1,3135.1,3221654,125920.0,193156.0,3163.0,3163.0,3108.0,3134.3,31881800,3447.7,2820.9,3839.9,2896.0,3135.0,1354,12,3134.9,181,1,3134.8,16,2,3134.7,252,1,3134.5,34,2,3135.1,85,3,3135.2,206,6,3135.3,159,6,3135.4,192,6,3135.5,93,3
2031,2026-06-16 15:07:05+05:30,3135.1,1,3135.1,3221654,125920.0,193156.0,3163.0,3163.0,3108.0,3134.3,31881800,3447.7,2820.9,3839.9,2896.0,3135.0,1354,12,3134.9,181,1,3134.8,16,2,3134.7,252,1,3134.5,34,2,3135.1,85,3,3135.2,206,6,3135.3,159,6,3135.4,192,6,3135.5,93,3
2031,2026-06-16 15:07:06+05:30,3135.0,26,3135.1,3221928,126669.0,193122.0,3163.0,3163.0,3108.0,3134.3,31881800,3447.7,2820.9,3839.9,2896.0,3135.0,1343,14,3134.9,181,1,3134.8,16,2,3134.7,252,1,3134.5,34,2,3135.1,272,11,3135.2,158,4,3135.3,128,6,3135.4,192,6,3135.5,83,3
2031,2026-06-16 15:07:06+05:30,3135.0,10,3135.1,3221928,126669.0,193122.0,3163.0,3163.0,3108.0,3134.3,31881800,3447.7,2820.9,3839.9,2896.0,3135.0,1343,14,3134.9,181,1,3134.8,16,2,3134.7,252,1,3134.5,34,2,3135.1,272,11,3135.2,158,4,3135.3,128,6,3135.4,192,6,3135.5,83,3
2031,2026-06-16 15:07:07+05:30,3135.1,1,3135.1,3222126,125012.0,191200.0,3163.0,3163.0,3108.0,3134.3,31881800,3447.7,2820.9,3839.9,2896.0,3135.0,1203,16,3134.9,181,1,3134.8,16,2,3134.7,252,1,3134.5,34,2,3135.1,232,9,3135.2,133,4,3135.3,119,5,3135.4,158,5,3135.5,26,2
2031,2026-06-16 15:07:07+05:30,3135.1,1,3135.1,3222126,125012.0,191200.0,3163.0,3163.0,3108.0,3134.3,31881800,3447.7,2820.9,3839.9,2896.0,3135.0,1203,16,3134.9,181,1,3134.8,16,2,3134.7,252,1,3134.5,34,2,3135.1,232,9,3135.2,133,4,3135.3,119,5,3135.4,158,5,3135.5,26,2
2031,2026-06-16 15:07:08+05:30,3135.0,40,3135.1,3222170,124976.0,191327.0,3163.0,3163.0,3108.0,3134.3,31881800,3447.7,2820.9,3839.9,2896.0,3135.0,1157,16,3134.9,181,1,3134.8,16,2,3134.7,252,1,3134.5,34,2,3135.1,309,14,3135.2,166,4,3135.3,127,5,3135.4,249,7,3135.5,26,2
2031,2026-06-16 15:07:08+05:30,3135.0,40,3135.1,3222170,124976.0,191327.0,3163.0,3163.0,3108.0,3134.3,31881800,3447.7,2820.9,3839.9,2896.0,3135.0,1157,16,3134.9,181,1,3134.8,16,2,3134.7,252,1,3134.5,34,2,3135.1,309,14,3135.2,166,4,3135.3,127,5,3135.4,249,7,3135.5,26,2
2031,2026-06-16 15:07:09+05:30,3135.1,5,3135.1,3222207,124484.0,191235.0,3163.0,3163.0,3108.0,3134.3,31881800,3447.7,2820.9,3839.9,2896.0,3135.0,633,17,3134.9,181,1,3134.8,16,2,3134.7,252,1,3134.5,34,2,3135.1,286,12,3135.2,132,3,3135.3,118,4,3135.4,158,5,3135.5,60,3
2031,2026-06-16 15:07:09+05:30,3135.1,1,3135.1,3222207,124484.0,191235.0,3163.0,3163.0,3108.0,3134.3,31881800,3447.7,2820.9,3839.9,2896.0,3135.0,633,17,3134.9,181,1,3134.8,16,2,3134.7,252,1,3134.5,34,2,3135.1,286,12,3135.2,132,3,3135.3,118,4,3135.4,158,5,3135.5,60,3
2031,2026-06-16 15:07:10+05:30,3135.1,5,3135.1,3222687,124289.0,191121.0,3163.0,3163.0,3108.0,3134.3,31881800,3447.7,2820.9,3839.9,2896.0,3135.0,444,13,3134.9,181,1,3134.8,16,2,3134.7,252,1,3134.5,34,2,3135.1,193,11,3135.2,166,5,3135.3,127,5,3135.4,158,5,3135.5,26,2
2031,2026-06-16 15:07:10+05:30,3135.1,5,3135.1,3222687,124289.0,191121.0,3163.0,3163.0,3108.0,3134.3,31881800,3447.7,2820.9,3839.9,2896.0,3135.0,444,13,3134.9,181,1,3134.8,16,2,3134.7,252,1,3134.5,34,2,3135.1,193,11,3135.2,166,5,3135.3,127,5,3135.4,158,5,3135.5,26,2
2031,2026-06-16 15:07:11+05:30,3135.0,40,3135.1,3222728,124423.0,191062.0,3163.0,3163.0,3108.0,3134.3,31881800,3447.7,2820.9,3839.9,2896.0,3135.0,423,15,3134.9,181,1,3134.8,216,3,3134.7,252,1,3134.6,1,1,3135.1,170,11,3135.2,166,5,3135.3,118,4,3135.4,131,4,3135.5,11,1
2031,2026-06-16 15:07:11+05:30,3135.0,40,3135.1,3222728,124423.0,191062.0,3163.0,3163.0,3108.0,3134.3,31881800,3447.7,2820.9,3839.9,2896.0,3135.0,423,15,3134.9,181,1,3134.8,216,3,3134.7,252,1,3134.6,1,1,3135.1,170,11,3135.2,166,5,3135.3,118,4,3135.4,131,4,3135.5,11,1
2031,2026-06-16 15:07:12+05:30,3135.1,1,3135.1,3222840,124746.0,190990.0,3163.0,3163.0,3108.0,3134.3,31881800,3447.7,2820.9,3839.9,2896.0,3135.0,466,17,3134.9,181,1,3134.8,216,3,3134.7,252,1,3134.6,1,1,3135.1,104,8,3135.2,166,5,3135.3,118,4,3135.4,131,4,3135.5,11,1
2031,2026-06-16 15:07:12+05:30,3135.1,1,3135.1,3222840,124746.0,190990.0,3163.0,3163.0,3108.0,3134.3,31881800,3447.7,2820.9,3839.9,2896.0,3135.0,466,17,3134.9,181,1,3134.8,216,3,3134.7,252,1,3134.6,1,1,3135.1,104,8,3135.2,166,5,3135.3,118,4,3135.4,131,4,3135.5,11,1
2031,2026-06-16 15:07:13+05:30,3135.0,47,3135.1,3222924,124604.0,191059.0,3163.0,3163.0,3108.0,3134.3,31881800,3447.7,2820.9,3839.9,2896.0,3135.0,394,17,3134.9,194,2,3134.8,216,3,3134.7,253,2,3134.5,34,2,3135.1,93,9,3135.2,166,5,3135.3,118,4,3135.4,131,4,3135.5,92,3
2031,2026-06-16 15:07:13+05:30,3135.1,3,3135.1,3222924,124604.0,191059.0,3163.0,3163.0,3108.0,3134.3,31881800,3447.7,2820.9,3839.9,2896.0,3135.0,394,17,3134.9,194,2,3134.8,216,3,3134.7,253,2,3134.5,34,2,3135.1,93,9,3135.2,166,5,3135.3,118,4,3135.4,131,4,3135.5,92,3
2031,2026-06-16 15:07:14+05:30,3135.1,2,3135.1,3223152,124807.0,190874.0,3163.0,3163.0,3108.0,3134.3,31881800,3447.7,2820.9,3839.9,2896.0,3135.0,348,12,3134.9,194,2,3134.8,216,3,3134.7,253,2,3134.5,130,3,3135.1,40,3,3135.2,157,4,3135.3,117,3,3135.4,131,4,3135.5,11,1
2031,2026-06-16 15:07:14+05:30,3135.1,2,3135.1,3223152,124807.0,190874.0,3163.0,3163.0,3108.0,3134.3,31881800,3447.7,2820.9,3839.9,2896.0,3135.0,348,12,3134.9,194,2,3134.8,216,3,3134.7,253,2,3134.5,130,3,3135.1,40,3,3135.2,157,4,3135.3,117,3,3135.4,131,4,3135.5,11,1
2031,2026-06-16 15:07:15+05:30,3135.1,58,3135.1,3223462,124827.0,190448.0,3163.0,3163.0,3108.0,3134.3,31881800,3447.7,2820.9,3839.9,2896.0,3135.0,334,14,3134.9,182,2,3134.8,274,6,3134.7,263,2,3134.6,46,2,3135.1,63,4,3135.2,157,4,3135.3,117,3,3135.4,131,4,3135.5,11,1
2031,2026-06-16 15:07:15+05:30,3135.1,2,3135.1,3223462,124827.0,190448.0,3163.0,3163.0,3108.0,3134.3,31881800,3447.7,2820.9,3839.9,2896.0,3135.0,334,14,3134.9,182,2,3134.8,274,6,3134.7,263,2,3134.6,46,2,3135.1,63,4,3135.2,157,4,3135.3,117,3,3135.4,131,4,3135.5,11,1
2031,2026-06-16 15:07:16+05:30,3135.0,6,3135.1,3223876,124459.0,190606.0,3163.0,3163.0,3108.0,3134.3,31881800,3447.7,2820.9,3839.9,2896.0,3135.0,50,6,3134.9,184,3,3134.8,278,6,3134.7,252,1,3134.6,58,2,3135.1,58,4,3135.2,157,4,3135.3,117,3,3135.4,131,4,3135.5,11,1
2031,2026-06-16 15:07:16+05:30,3135.0,6,3135.1,3223876,124459.0,190606.0,3163.0,3163.0,3108.0,3134.3,31881800,3447.7,2820.9,3839.9,2896.0,3135.0,50,6,3134.9,184,3,3134.8,278,6,3134.7,252,1,3134.6,58,2,3135.1,58,4,3135.2,157,4,3135.3,117,3,3135.4,131,4,3135.5,11,1
2031,2026-06-16 15:07:17+05:30,3135.0,7,3135.1,3223876,124459.0,190606.0,3163.0,3163.0,3108.0,3134.3,31881800,3447.7,2820.9,3839.9,2896.0,3135.0,24,4,3134.9,185,4,3134.8,216,3,3134.7,252,1,3134.5,34,2,3135.1,114,8,3135.2,178,5,3135.3,117,3,3135.4,131,4,3135.5,11,1
2031,2026-06-16 15:07:17+05:30,3135.0,7,3135.1,3223939,124408.0,190858.0,3163.0,3163.0,3108.0,3134.3,31881800,3447.7,2820.9,3839.9,2896.0,3135.0,24,4,3134.9,185,4,3134.8,216,3,3134.7,252,1,3134.5,34,2,3135.1,114,8,3135.2,178,5,3135.3,117,3,3135.4,131,4,3135.5,11,1
2031,2026-06-16 15:07:18+05:30,3135.0,3,3135.1,3223939,124408.0,190858.0,3163.0,3163.0,3108.0,3134.3,31881800,3447.7,2820.9,3839.9,2896.0,3135.0,24,4,3134.9,185,4,3134.8,216,3,3134.7,252,1,3134.5,34,2,3135.1,114,8,3135.2,178,5,3135.3,117,3,3135.4,131,4,3135.5,11,1
2031,2026-06-16 15:07:18+05:30,3135.1,1,3135.1,3223944,124546.0,190855.0,3163.0,3163.0,3108.0,3134.3,31881800,3447.7,2820.9,3839.9,2896.0,3135.0,74,7,3134.9,184,3,3134.8,216,3,3134.7,252,1,3134.6,32,1,3135.1,175,11,3135.2,178,5,3135.3,117,3,3135.4,131,4,3135.5,11,1
2031,2026-06-16 15:07:19+05:30,3135.0,2,3135.1,3223944,124546.0,190855.0,3163.0,3163.0,3108.0,3134.3,31881800,3447.7,2820.9,3839.9,2896.0,3135.0,81,6,3134.9,184,3,3134.8,248,4,3134.7,277,2,3134.6,32,1,3135.1,256,13,3135.2,178,5,3135.3,117,3,3135.4,131,4,3135.5,11,1
2031,2026-06-16 15:07:19+05:30,3135.0,2,3135.1,3223975,124610.0,190939.0,3163.0,3163.0,3108.0,3134.3,31881800,3447.7,2820.9,3839.9,2896.0,3135.0,81,6,3134.9,184,3,3134.8,248,4,3134.7,277,2,3134.6,32,1,3135.1,256,13,3135.2,178,5,3135.3,117,3,3135.4,131,4,3135.5,11,1
2031,2026-06-16 15:07:20+05:30,3135.1,4,3135.1,3223975,124610.0,190939.0,3163.0,3163.0,3108.0,3134.3,31881800,3447.7,2820.9,3839.9,2896.0,3135.0,81,6,3134.9,184,3,3134.8,248,4,3134.7,277,2,3134.6,32,1,3135.1,256,13,3135.2,178,5,3135.3,117,3,3135.4,131,4,3135.5,11,1
2031,2026-06-16 15:07:20+05:30,3135.1,4,3135.1,3224044,124590.0,191038.0,3163.0,3163.0,3108.0,3134.3,31881800,3447.7,2820.9,3839.9,2896.0,3135.0,61,8,3134.9,184,3,3134.8,248,4,3134.7,277,2,3134.6,32,1,3135.1,276,13,3135.2,238,6,3135.3,117,3,3135.4,131,4,3135.5,11,1
2031,2026-06-16 15:07:21+05:30,3135.1,2,3135.1,3224044,124590.0,191038.0,3163.0,3163.0,3108.0,3134.3,31881800,3447.7,2820.9,3839.9,2896.0,3135.0,61,8,3134.9,184,3,3134.8,248,4,3134.7,277,2,3134.6,32,1,3135.1,276,13,3135.2,238,6,3135.3,117,3,3135.4,131,4,3135.5,11,1
2031,2026-06-16 15:07:21+05:30,3135.1,2,3135.1,3224202,124286.0,191073.0,3163.0,3163.0,3108.0,3134.3,31881800,3447.7,2820.9,3839.9,2896.0,3135.0,33,2,3134.9,182,2,3134.8,216,3,3134.7,252,1,3134.6,33,2,3135.1,339,14,3135.2,238,6,3135.3,117,3,3135.4,128,3,3135.5,11,1
2031,2026-06-16 15:07:22+05:30,3135.0,6,3135.1,3224249,124156.0,191105.0,3163.0,3163.0,3108.0,3134.3,31881800,3447.7,2820.9,3839.9,2896.0,3135.0,33,2,3134.9,182,2,3134.8,216,3,3134.7,252,1,3134.6,1,1,3135.1,365,15,3135.2,270,7,3135.3,117,3,3135.4,128,3,3135.5,11,1
2031,2026-06-16 15:07:23+05:30,3135.0,6,3135.1,3224249,124156.0,191105.0,3163.0,3163.0,3108.0,3134.3,31881800,3447.7,2820.9,3839.9,2896.0,3135.0,33,2,3134.9,182,2,3134.8,216,3,3134.7,252,1,3134.6,1,1,3135.1,365,15,3135.2,270,7,3135.3,117,3,3135.4,128,3,3135.5,11,1
2031,2026-06-16 15:07:23+05:30,3135.0,6,3135.1,3224289,124417.0,191309.0,3163.0,3163.0,3108.0,3134.3,31881800,3447.7,2820.9,3839.9,2896.0,3135.0,24,2,3134.9,185,3,3134.8,216,3,3134.7,253,2,3134.5,34,2,3135.1,464,17,3135.2,233,6,3135.3,117,3,3135.4,128,3,3135.5,11,1
2031,2026-06-16 15:07:24+05:30,3135.0,6,3135.1,3224289,124417.0,191309.0,3163.0,3163.0,3108.0,3134.3,31881800,3447.7,2820.9,3839.9,2896.0,3135.0,24,2,3134.9,185,3,3134.8,216,3,3134.7,253,2,3134.5,34,2,3135.1,464,17,3135.2,233,6,3135.3,117,3,3135.4,128,3,3135.5,11,1
2031,2026-06-16 15:07:24+05:30,3135.0,13,3135.1,3224505,123965.0,191175.0,3163.0,3163.0,3108.0,3134.3,31881800,3447.7,2820.9,3839.9,2896.0,3135.0,19,2,3134.9,185,3,3134.8,216,3,3134.7,253,2,3134.5,34,2,3135.1,412,18,3135.2,233,6,3135.3,117,3,3135.4,128,3,3135.5,11,1
2031,2026-06-16 15:07:25+05:30,3135.1,4,3135.1,3224505,123965.0,191175.0,3163.0,3163.0,3108.0,3134.3,31881800,3447.7,2820.9,3839.9,2896.0,3135.0,19,2,3134.9,185,3,3134.8,216,3,3134.7,253,2,3134.5,34,2,3135.1,412,18,3135.2,233,6,3135.3,117,3,3135.4,128,3,3135.5,11,1
2031,2026-06-16 15:07:25+05:30,3134.9,63,3135.1,3224758,124003.0,191218.0,3163.0,3163.0,3108.0,3134.3,31881800,3447.7,2820.9,3839.9,2896.0,3134.9,89,2,3134.8,216,3,3134.7,253,2,3134.5,34,2,3134.3,130,3,3135.1,404,19,3135.2,233,6,3135.3,170,4,3135.4,128,3,3135.5,36,2
2031,2026-06-16 15:07:26+05:30,3134.9,9,3135.1,3224758,124003.0,191218.0,3163.0,3163.0,3108.0,3134.3,31881800,3447.7,2820.9,3839.9,2896.0,3134.9,89,2,3134.8,216,3,3134.7,253,2,3134.5,34,2,3134.3,130,3,3135.1,404,19,3135.2,233,6,3135.3,170,4,3135.4,128,3,3135.5,36,2
2031,2026-06-16 15:07:27+05:30,3135.1,5,3135.1,3224802,124199.0,191413.0,3163.0,3163.0,3108.0,3134.3,31881800,3447.7,2820.9,3839.9,2896.0,3135.0,1,1,3134.9,89,3,3134.8,217,4,3134.7,477,2,3134.5,13,1,3135.1,482,21,3135.2,110,6,3135.3,117,3,3135.4,220,6,3135.5,644,5
2031,2026-06-16 15:07:27+05:30,3135.1,3,3135.1,3224802,124199.0,191413.0,3163.0,3163.0,3108.0,3134.3,31881800,3447.7,2820.9,3839.9,2896.0,3135.0,1,1,3134.9,89,3,3134.8,217,4,3134.7,477,2,3134.5,13,1,3135.1,482,21,3135.2,110,6,3135.3,117,3,3135.4,220,6,3135.5,644,5
2031,2026-06-16 15:07:28+05:30,3134.9,37,3135.1,3224843,124197.0,191437.0,3163.0,3163.0,3108.0,3134.3,31881800,3447.7,2820.9,3839.9,2896.0,3134.9,53,4,3134.8,216,3,3134.7,477,2,3134.5,13,1,3134.3,155,4,3135.1,484,22,3135.2,105,5,3135.3,117,3,3135.4,181,4,3135.5,611,4
2031,2026-06-16 15:07:28+05:30,3135.1,1,3135.1,3224843,124197.0,191437.0,3163.0,3163.0,3108.0,3134.3,31881800,3447.7,2820.9,3839.9,2896.0,3134.9,53,4,3134.8,216,3,3134.7,477,2,3134.5,13,1,3134.3,155,4,3135.1,484,22,3135.2,105,5,3135.3,117,3,3135.4,181,4,3135.5,611,4
2031,2026-06-16 15:07:29+05:30,3135.0,1,3135.1,3224897,124373.0,191352.0,3163.0,3163.0,3108.0,3134.3,31881800,3447.7,2820.9,3839.9,2896.0,3134.8,216,3,3134.7,565,4,3134.5,13,1,3134.3,155,4,3134.2,2,2,3135.0,4,1,3135.1,468,20,3135.2,110,6,3135.3,170,4,3135.4,128,3
2031,2026-06-16 15:07:29+05:30,3134.8,156,3135.1,3224897,124373.0,191352.0,3163.0,3163.0,3108.0,3134.3,31881800,3447.7,2820.9,3839.9,2896.0,3134.8,216,3,3134.7,565,4,3134.5,13,1,3134.3,155,4,3134.2,2,2,3135.0,4,1,3135.1,468,20,3135.2,110,6,3135.3,170,4,3135.4,128,3
2031,2026-06-16 15:07:30+05:30,3134.8,10,3135.1,3225160,124244.0,191351.0,3163.0,3163.0,3108.0,3134.3,31881800,3447.7,2820.9,3839.9,2896.0,3134.8,67,6,3134.7,565,4,3134.5,13,1,3134.4,24,1,3134.3,130,3,3135.0,187,8,3135.1,312,13,3135.2,110,6,3135.3,117,3,3135.4,121,3
2031,2026-06-16 15:07:30+05:30,3135.0,16,3135.1,3225160,124244.0,191351.0,3163.0,3163.0,3108.0,3134.3,31881800,3447.7,2820.9,3839.9,2896.0,3134.8,67,6,3134.7,565,4,3134.5,13,1,3134.4,24,1,3134.3,130,3,3135.0,187,8,3135.1,312,13,3135.2,110,6,3135.3,117,3,3135.4,121,3
2031,2026-06-16 15:07:31+05:30,3134.9,3,3135.1,3225208,124292.0,190877.0,3163.0,3163.0,3108.0,3134.3,31881800,3447.7,2820.9,3839.9,2896.0,3134.9,22,3,3134.8,54,7,3134.7,565,4,3134.6,56,2,3134.5,28,3,3135.0,233,12,3135.1,311,12,3135.2,110,6,3135.3,117,3,3135.4,68,2
2031,2026-06-16 15:07:31+05:30,3134.9,3,3135.1,3225208,124292.0,190877.0,3163.0,3163.0,3108.0,3134.3,31881800,3447.7,2820.9,3839.9,2896.0,3134.9,22,3,3134.8,54,7,3134.7,565,4,3134.6,56,2,3134.5,28,3,3135.0,233,12,3135.1,311,12,3135.2,110,6,3135.3,117,3,3135.4,68,2
2031,2026-06-16 15:07:32+05:30,3134.9,14,3135.1,3225245,124428.0,191281.0,3163.0,3163.0,3108.0,3134.3,31881800,3447.7,2820.9,3839.9,2896.0,3134.9,4,3,3134.8,94,8,3134.7,573,5,3134.6,56,2,3134.5,28,3,3135.0,447,18,3135.1,176,8,3135.2,110,6,3135.3,117,3,3135.4,68,2
2031,2026-06-16 15:07:32+05:30,3134.8,10,3135.1,3225245,124428.0,191281.0,3163.0,3163.0,3108.0,3134.3,31881800,3447.7,2820.9,3839.9,2896.0,3134.9,4,3,3134.8,94,8,3134.7,573,5,3134.6,56,2,3134.5,28,3,3135.0,447,18,3135.1,176,8,3135.2,110,6,3135.3,117,3,3135.4,68,2
2031,2026-06-16 15:07:33+05:30,3134.9,1,3135.1,3225492,124172.0,191761.0,3163.0,3163.0,3108.0,3134.3,31881800,3447.7,2820.9,3839.9,2896.0,3134.8,26,5,3134.7,565,4,3134.5,38,3,3134.4,14,1,3134.3,167,6,3134.9,53,3,3135.0,368,17,3135.1,176,8,3135.2,110,6,3135.3,117,3
2031,2026-06-16 15:07:33+05:30,3134.9,1,3135.1,3225492,124172.0,191761.0,3163.0,3163.0,3108.0,3134.3,31881800,3447.7,2820.9,3839.9,2896.0,3134.8,26,5,3134.7,565,4,3134.5,38,3,3134.4,14,1,3134.3,167,6,3134.9,53,3,3135.0,368,17,3135.1,176,8,3135.2,110,6,3135.3,117,3
2031,2026-06-16 15:07:34+05:30,3134.8,16,3135.1,3225586,124223.0,191676.0,3163.0,3163.0,3108.0,3134.3,31881800,3447.7,2820.9,3839.9,2896.0,3134.8,34,3,3134.7,565,4,3134.5,14,2,3134.3,147,4,3134.2,58,4,3134.9,195,11,3135.0,163,8,3135.1,176,8,3135.2,110,6,3135.3,94,4
2031,2026-06-16 15:07:34+05:30,3134.9,4,3135.1,3225586,124223.0,191676.0,3163.0,3163.0,3108.0,3134.3,31881800,3447.7,2820.9,3839.9,2896.0,3134.8,34,3,3134.7,565,4,3134.5,14,2,3134.3,147,4,3134.2,58,4,3134.9,195,11,3135.0,163,8,3135.1,176,8,3135.2,110,6,3135.3,94,4
2031,2026-06-16 15:07:35+05:30,3134.9,1,3135.1,3225669,124145.0,191833.0,3163.0,3163.0,3108.0,3134.3,31881800,3447.7,2820.9,3839.9,2896.0,3134.8,21,3,3134.7,565,4,3134.6,1,1,3134.5,13,1,3134.3,147,4,3134.9,370,17,3135.0,74,5,3135.1,176,8,3135.2,156,6,3135.3,33,3
2031,2026-06-16 15:07:35+05:30,3134.9,7,3135.1,3225669,124145.0,191833.0,3163.0,3163.0,3108.0,3134.3,31881800,3447.7,2820.9,3839.9,2896.0,3134.8,21,3,3134.7,565,4,3134.6,1,1,3134.5,13,1,3134.3,147,4,3134.9,370,17,3135.0,74,5,3135.1,176,8,3135.2,156,6,3135.3,33,3
2031,2026-06-16 15:07:36+05:30,3134.8,6,3135.1,3225690,124357.0,191881.0,3163.0,3163.0,3108.0,3134.3,31881800,3447.7,2820.9,3839.9,2896.0,3134.8,120,7,3134.7,565,4,3134.6,1,1,3134.5,44,2,3134.4,37,2,3134.9,446,16,3135.0,62,5,3135.1,176,8,3135.2,105,5,3135.3,19,2
2031,2026-06-16 15:07:36+05:30,3134.8,9,3135.1,3225690,124357.0,191881.0,3163.0,3163.0,3108.0,3134.3,31881800,3447.7,2820.9,3839.9,2896.0,3134.8,120,7,3134.7,565,4,3134.6,1,1,3134.5,44,2,3134.4,37,2,3134.9,446,16,3135.0,62,5,3135.1,176,8,3135.2,105,5,3135.3,19,2
2031,2026-06-16 15:07:37+05:30,3134.9,34,3135.1,3225690,124357.0,191881.0,3163.0,3163.0,3108.0,3134.3,31881800,3447.7,2820.9,3839.9,2896.0,3134.8,120,7,3134.7,565,4,3134.6,1,1,3134.5,44,2,3134.4,37,2,3134.9,446,16,3135.0,62,5,3135.1,176,8,3135.2,105,5,3135.3,19,2
2031,2026-06-16 15:07:37+05:30,3134.9,34,3135.1,3225910,124307.0,191725.0,3163.0,3163.0,3108.0,3134.3,31881800,3447.7,2820.9,3839.9,2896.0,3134.8,70,6,3134.7,566,5,3134.5,13,1,3134.4,68,3,3134.3,147,4,3134.9,291,12,3135.0,62,5,3135.1,176,8,3135.2,105,5,3135.3,19,2
2031,2026-06-16 15:07:38+05:30,3134.8,5,3135.1,3225910,124307.0,191725.0,3163.0,3163.0,3108.0,3134.3,31881800,3447.7,2820.9,3839.9,2896.0,3134.8,70,6,3134.7,566,5,3134.5,13,1,3134.4,68,3,3134.3,147,4,3134.9,291,12,3135.0,62,5,3135.1,176,8,3135.2,105,5,3135.3,19,2
2031,2026-06-16 15:07:38+05:30,3134.9,1,3135.1,3226071,124377.0,191681.0,3163.0,3163.0,3108.0,3134.3,31881800,3447.7,2820.9,3839.9,2896.0,3134.8,54,6,3134.7,565,4,3134.6,23,1,3134.5,13,1,3134.4,54,2,3134.9,419,14,3135.0,76,4,3135.1,176,8,3135.2,705,8,3135.3,19,2
2031,2026-06-16 15:07:39+05:30,3134.7,105,3135.1,3226071,124377.0,191681.0,3163.0,3163.0,3108.0,3134.3,31881800,3447.7,2820.9,3839.9,2896.0,3134.8,54,6,3134.7,565,4,3134.6,23,1,3134.5,13,1,3134.4,54,2,3134.9,419,14,3135.0,76,4,3135.1,176,8,3135.2,705,8,3135.3,19,2
2031,2026-06-16 15:07:39+05:30,3134.7,105,3135.1,3226482,124115.0,191610.0,3163.0,3163.0,3108.0,3134.3,31881800,3447.7,2820.9,3839.9,2896.0,3134.8,4,1,3134.7,460,4,3134.5,13,1,3134.3,171,5,3134.2,34,3,3134.9,413,13,3135.0,76,4,3135.1,176,8,3135.2,705,8,3135.3,19,2
2031,2026-06-16 15:07:40+05:30,3134.8,38,3135.1,3226482,124115.0,191610.0,3163.0,3163.0,3108.0,3134.3,31881800,3447.7,2820.9,3839.9,2896.0,3134.8,4,1,3134.7,460,4,3134.5,13,1,3134.3,171,5,3134.2,34,3,3134.9,413,13,3135.0,76,4,3135.1,176,8,3135.2,705,8,3135.3,19,2
2031,2026-06-16 15:07:40+05:30,3134.8,38,3135.1,3226536,124179.0,191896.0,3163.0,3163.0,3108.0,3134.3,31881800,3447.7,2820.9,3839.9,2896.0,3134.8,50,4,3134.7,462,5,3134.5,13,1,3134.3,126,3,3134.2,26,3,3134.9,432,15,3135.0,106,5,3135.1,176,8,3135.2,705,8,3135.3,21,3
2031,2026-06-16 15:07:41+05:30,3134.9,12,3135.1,3226536,124179.0,191896.0,3163.0,3163.0,3108.0,3134.3,31881800,3447.7,2820.9,3839.9,2896.0,3134.8,50,4,3134.7,462,5,3134.5,13,1,3134.3,126,3,3134.2,26,3,3134.9,432,15,3135.0,106,5,3135.1,176,8,3135.2,705,8,3135.3,21,3
2031,2026-06-16 15:07:41+05:30,3134.9,12,3135.1,3226977,124003.0,191866.0,3163.0,3163.0,3108.0,3134.3,31881800,3447.7,2820.9,3839.9,2896.0,3134.8,77,4,3134.7,144,3,3134.6,24,1,3134.5,13,1,3134.4,24,1,3134.9,445,15,3135.0,106,5,3135.1,176,8,3135.2,105,5,3135.3,19,2
2031,2026-06-16 15:07:42+05:30,3134.7,46,3135.1,3226977,124003.0,191866.0,3163.0,3163.0,3108.0,3134.3,31881800,3447.7,2820.9,3839.9,2896.0,3134.8,77,4,3134.7,144,3,3134.6,24,1,3134.5,13,1,3134.4,24,1,3134.9,445,15,3135.0,106,5,3135.1,176,8,3135.2,105,5,3135.3,19,2
2031,2026-06-16 15:07:42+05:30,3134.7,46,3135.1,3227081,123736.0,192146.0,3163.0,3163.0,3108.0,3134.3,31881800,3447.7,2820.9,3839.9,2896.0,3134.8,44,3,3134.7,96,3,3134.6,25,1,3134.5,13,1,3134.4,56,2,3134.9,482,17,3135.0,106,5,3135.1,181,9,3135.2,161,6,3135.3,21,3
2031,2026-06-16 15:07:43+05:30,3134.7,46,3135.1,3227081,123736.0,192146.0,3163.0,3163.0,3108.0,3134.3,31881800,3447.7,2820.9,3839.9,2896.0,3134.8,44,3,3134.7,96,3,3134.6,25,1,3134.5,13,1,3134.4,56,2,3134.9,482,17,3135.0,106,5,3135.1,181,9,3135.2,161,6,3135.3,21,3
2031,2026-06-16 15:07:43+05:30,3134.8,4,3135.1,3227081,123736.0,192146.0,3163.0,3163.0,3108.0,3134.3,31881800,3447.7,2820.9,3839.9,2896.0,3134.8,44,3,3134.7,96,3,3134.6,25,1,3134.5,13,1,3134.4,56,2,3134.9,482,17,3135.0,106,5,3135.1,181,9,3135.2,161,6,3135.3,21,3
2031,2026-06-16 15:07:43+05:30,3134.8,4,3135.1,3227163,123735.0,192233.0,3163.0,3163.0,3108.0,3134.3,31881800,3447.7,2820.9,3839.9,2896.0,3134.8,13,2,3134.7,96,3,3134.6,24,1,3134.5,13,1,3134.4,24,1,3134.9,627,19,3135.0,106,5,3135.1,181,9,3135.2,161,6,3135.3,21,3
2031,2026-06-16 15:07:44+05:30,3134.7,60,3135.1,3227163,123735.0,192233.0,3163.0,3163.0,3108.0,3134.3,31881800,3447.7,2820.9,3839.9,2896.0,3134.8,13,2,3134.7,96,3,3134.6,24,1,3134.5,13,1,3134.4,24,1,3134.9,627,19,3135.0,106,5,3135.1,181,9,3135.2,161,6,3135.3,21,3
2031,2026-06-16 15:07:44+05:30,3134.7,60,3135.1,3227424,123841.0,192076.0,3163.0,3163.0,3108.0,3134.3,31881800,3447.7,2820.9,3839.9,2896.0,3134.7,13,1,3134.5,69,3,3134.3,126,3,3134.2,238,4,3134.1,98,3,3134.8,2,1,3134.9,577,17,3135.0,106,5,3135.1,181,9,3135.2,107,6
2031,2026-06-16 15:07:44+05:30,3134.7,60,3135.1,3227424,123841.0,192076.0,3163.0,3163.0,3108.0,3134.3,31881800,3447.7,2820.9,3839.9,2896.0,3134.7,13,1,3134.5,69,3,3134.3,126,3,3134.2,238,4,3134.1,98,3,3134.8,2,1,3134.9,577,17,3135.0,106,5,3135.1,181,9,3135.2,107,6
2031,2026-06-16 15:07:45+05:30,3134.8,2,3135.1,3227424,123841.0,192076.0,3163.0,3163.0,3108.0,3134.3,31881800,3447.7,2820.9,3839.9,2896.0,3134.7,13,1,3134.5,69,3,3134.3,126,3,3134.2,238,4,3134.1,98,3,3134.8,2,1,3134.9,577,17,3135.0,106,5,3135.1,181,9,3135.2,107,6
2031,2026-06-16 15:07:45+05:30,3134.8,1,3135.1,3227515,123662.0,192037.0,3163.0,3163.0,3108.0,3134.3,31881800,3447.7,2820.9,3839.9,2896.0,3134.7,31,4,3134.6,33,2,3134.5,13,1,3134.4,56,2,3134.3,126,3,3134.8,68,6,3134.9,524,15,3135.0,106,5,3135.1,169,7,3135.2,31,2
2031,2026-06-16 15:07:46+05:30,3134.5,9,3135.1,3227515,123662.0,192037.0,3163.0,3163.0,3108.0,3134.3,31881800,3447.7,2820.9,3839.9,2896.0,3134.7,31,4,3134.6,33,2,3134.5,13,1,3134.4,56,2,3134.3,126,3,3134.8,68,6,3134.9,524,15,3135.0,106,5,3135.1,169,7,3135.2,31,2
2031,2026-06-16 15:07:46+05:30,3134.5,9,3135.1,3227551,123695.0,192221.0,3163.0,3163.0,3108.0,3134.3,31881800,3447.7,2820.9,3839.9,2896.0,3134.5,13,1,3134.3,126,3,3134.1,114,3,3134.0,123,2,3133.9,21,2,3134.7,130,4,3134.8,290,13,3134.9,335,6,3135.0,106,5,3135.1,162,9
2031,2026-06-16 15:07:47+05:30,3134.4,65,3135.1,3227551,123695.0,192221.0,3163.0,3163.0,3108.0,3134.3,31881800,3447.7,2820.9,3839.9,2896.0,3134.5,13,1,3134.3,126,3,3134.1,114,3,3134.0,123,2,3133.9,21,2,3134.7,130,4,3134.8,290,13,3134.9,335,6,3135.0,106,5,3135.1,162,9
2031,2026-06-16 15:07:47+05:30,3134.4,65,3135.1,3227551,123695.0,192221.0,3163.0,3163.0,3108.0,3134.3,31881800,3447.7,2820.9,3839.9,2896.0,3134.5,13,1,3134.3,126,3,3134.1,114,3,3134.0,123,2,3133.9,21,2,3134.7,130,4,3134.8,290,13,3134.9,335,6,3135.0,106,5,3135.1,162,9
2031,2026-06-16 15:07:47+05:30,3134.4,65,3135.1,3227654,123368.0,192170.0,3163.0,3163.0,3108.0,3134.3,31881800,3447.7,2820.9,3839.9,2896.0,3134.4,16,1,3134.3,126,3,3134.1,76,2,3134.0,123,2,3133.9,21,2,3134.7,284,9,3134.8,261,11,3134.9,334,5,3135.0,213,8,3135.1,33,2
2031,2026-06-16 15:07:48+05:30,3134.5,6,3135.1,3227654,123368.0,192170.0,3163.0,3163.0,3108.0,3134.3,31881800,3447.7,2820.9,3839.9,2896.0,3134.4,16,1,3134.3,126,3,3134.1,76,2,3134.0,123,2,3133.9,21,2,3134.7,284,9,3134.8,261,11,3134.9,334,5,3135.0,213,8,3135.1,33,2
2031,2026-06-16 15:07:48+05:30,3134.5,6,3135.1,3227664,123939.0,192585.0,3163.0,3163.0,3108.0,3134.3,31881800,3447.7,2820.9,3839.9,2896.0,3134.3,126,3,3134.1,98,3,3134.0,100,1,3133.8,56,3,3133.7,101,3,3134.5,121,5,3134.6,74,1,3134.7,189,7,3134.8,231,9,3134.9,334,5
2031,2026-06-16 15:07:49+05:30,3134.3,20,3135.1,3227664,123939.0,192585.0,3163.0,3163.0,3108.0,3134.3,31881800,3447.7,2820.9,3839.9,2896.0,3134.3,126,3,3134.1,98,3,3134.0,100,1,3133.8,56,3,3133.7,101,3,3134.5,121,5,3134.6,74,1,3134.7,189,7,3134.8,231,9,3134.9,334,5
2031,2026-06-16 15:07:49+05:30,3134.3,20,3135.1,3227664,123939.0,192585.0,3163.0,3163.0,3108.0,3134.3,31881800,3447.7,2820.9,3839.9,2896.0,3134.3,126,3,3134.1,98,3,3134.0,100,1,3133.8,56,3,3133.7,101,3,3134.5,121,5,3134.6,74,1,3134.7,189,7,3134.8,231,9,3134.9,334,5
2031,2026-06-16 15:07:49+05:30,3134.3,20,3135.1,3227779,123904.0,192467.0,3163.0,3163.0,3108.0,3134.3,31881800,3447.7,2820.9,3839.9,2896.0,3134.3,37,4,3134.2,14,1,3134.1,76,2,3134.0,100,1,3133.8,23,1,3134.5,485,16,3134.6,77,2,3134.7,163,4,3134.8,5,2,3134.9,163,2
2031,2026-06-16 15:07:50+05:30,3134.3,1,3135.1,3227779,123904.0,192467.0,3163.0,3163.0,3108.0,3134.3,31881800,3447.7,2820.9,3839.9,2896.0,3134.3,37,4,3134.2,14,1,3134.1,76,2,3134.0,100,1,3133.8,23,1,3134.5,485,16,3134.6,77,2,3134.7,163,4,3134.8,5,2,3134.9,163,2
2031,2026-06-16 15:07:50+05:30,3134.3,1,3135.1,3227902,123497.0,192455.0,3163.0,3163.0,3108.0,3134.3,31881800,3447.7,2820.9,3839.9,2896.0,3134.3,19,2,3134.2,14,1,3134.1,76,2,3134.0,122,2,3133.9,1,1,3134.5,549,21,3134.6,77,2,3134.7,83,1,3134.9,163,2,3135.0,140,4
2031,2026-06-16 15:07:51+05:30,3134.4,1,3135.1,3227902,123497.0,192455.0,3163.0,3163.0,3108.0,3134.3,31881800,3447.7,2820.9,3839.9,2896.0,3134.3,19,2,3134.2,14,1,3134.1,76,2,3134.0,122,2,3133.9,1,1,3134.5,549,21,3134.6,77,2,3134.7,83,1,3134.9,163,2,3135.0,140,4
2031,2026-06-16 15:07:52+05:30,3134.4,4,3135.1,3228085,123328.0,192167.0,3163.0,3163.0,3108.0,3134.3,31881800,3447.7,2820.9,3839.9,2896.0,3134.4,2,1,3134.3,101,3,3134.2,4,1,3134.1,114,3,3134.0,153,4,3134.5,517,19,3134.6,77,2,3134.7,83,1,3134.9,165,3,3135.0,88,3
2031,2026-06-16 15:07:52+05:30,3134.4,4,3135.1,3228085,123328.0,192167.0,3163.0,3163.0,3108.0,3134.3,31881800,3447.7,2820.9,3839.9,2896.0,3134.4,2,1,3134.3,101,3,3134.2,4,1,3134.1,114,3,3134.0,153,4,3134.5,517,19,3134.6,77,2,3134.7,83,1,3134.9,165,3,3135.0,88,3
2031,2026-06-16 15:07:52+05:30,3134.5,1,3135.1,3228085,123328.0,192167.0,3163.0,3163.0,3108.0,3134.3,31881800,3447.7,2820.9,3839.9,2896.0,3134.4,2,1,3134.3,101,3,3134.2,4,1,3134.1,114,3,3134.0,153,4,3134.5,517,19,3134.6,77,2,3134.7,83,1,3134.9,165,3,3135.0,88,3
2031,2026-06-16 15:07:53+05:30,3134.5,1,3135.1,3228086,123281.0,191959.0,3163.0,3163.0,3108.0,3134.3,31881800,3447.7,2820.9,3839.9,2896.0,3134.4,2,1,3134.3,141,4,3134.2,4,1,3134.1,76,2,3134.0,153,4,3134.5,516,19,3134.6,77,2,3134.7,83,1,3134.9,163,2,3135.0,91,5
2031,2026-06-16 15:07:53+05:30,3134.4,2,3135.1,3228086,123281.0,191959.0,3163.0,3163.0,3108.0,3134.3,31881800,3447.7,2820.9,3839.9,2896.0,3134.4,2,1,3134.3,141,4,3134.2,4,1,3134.1,76,2,3134.0,153,4,3134.5,516,19,3134.6,77,2,3134.7,83,1,3134.9,163,2,3135.0,91,5
2031,2026-06-16 15:07:54+05:30,3134.4,2,3135.1,3228086,123281.0,191959.0,3163.0,3163.0,3108.0,3134.3,31881800,3447.7,2820.9,3839.9,2896.0,3134.4,2,1,3134.3,141,4,3134.2,4,1,3134.1,76,2,3134.0,153,4,3134.5,516,19,3134.6,77,2,3134.7,83,1,3134.9,163,2,3135.0,91,5
2031,2026-06-16 15:07:54+05:30,3134.3,27,3135.1,3228189,123429.0,194192.0,3163.0,3163.0,3108.0,3134.3,31881800,3447.7,2820.9,3839.9,2896.0,3134.3,63,2,3134.2,26,2,3134.1,114,3,3134.0,153,4,3133.8,69,3,3134.4,127,5,3134.5,435,16,3134.6,82,3,3134.7,83,1,3134.9,165,3
2031,2026-06-16 15:07:54+05:30,3134.3,4,3135.1,3228189,123429.0,194192.0,3163.0,3163.0,3108.0,3134.3,31881800,3447.7,2820.9,3839.9,2896.0,3134.3,63,2,3134.2,26,2,3134.1,114,3,3134.0,153,4,3133.8,69,3,3134.4,127,5,3134.5,435,16,3134.6,82,3,3134.7,83,1,3134.9,165,3
2031,2026-06-16 15:07:55+05:30,3134.3,23,3135.1,3228241,123053.0,194716.0,3163.0,3163.0,3108.0,3134.3,31881800,3447.7,2820.9,3839.9,2896.0,3134.3,18,2,3134.2,4,1,3134.1,76,2,3134.0,101,2,3133.8,21,1,3134.4,263,10,3134.5,355,12,3134.6,77,2,3134.7,83,1,3134.8,2,1
2031,2026-06-16 15:07:55+05:30,3134.3,20,3135.1,3228241,123053.0,194716.0,3163.0,3163.0,3108.0,3134.3,31881800,3447.7,2820.9,3839.9,2896.0,3134.3,18,2,3134.2,4,1,3134.1,76,2,3134.0,101,2,3133.8,21,1,3134.4,263,10,3134.5,355,12,3134.6,77,2,3134.7,83,1,3134.8,2,1
2031,2026-06-16 15:07:55+05:30,3134.3,20,3135.1,3228241,123053.0,194716.0,3163.0,3163.0,3108.0,3134.3,31881800,3447.7,2820.9,3839.9,2896.0,3134.3,18,2,3134.2,4,1,3134.1,76,2,3134.0,101,2,3133.8,21,1,3134.4,263,10,3134.5,355,12,3134.6,77,2,3134.7,83,1,3134.8,2,1
2031,2026-06-16 15:07:56+05:30,3134.3,4,3135.1,3228505,123664.0,194044.0,3163.0,3163.0,3108.0,3134.3,31881800,3447.7,2820.9,3839.9,2896.0,3134.2,58,4,3134.1,114,3,3134.0,122,3,3133.8,21,1,3133.7,84,4,3134.3,47,3,3134.4,443,14,3134.5,97,4,3134.6,77,2,3134.7,83,1
2031,2026-06-16 15:07:56+05:30,3134.3,4,3135.1,3228505,123664.0,194044.0,3163.0,3163.0,3108.0,3134.3,31881800,3447.7,2820.9,3839.9,2896.0,3134.2,58,4,3134.1,114,3,3134.0,122,3,3133.8,21,1,3133.7,84,4,3134.3,47,3,3134.4,443,14,3134.5,97,4,3134.6,77,2,3134.7,83,1
2031,2026-06-16 15:07:56+05:30,3134.1,9,3135.1,3228505,123664.0,194044.0,3163.0,3163.0,3108.0,3134.3,31881800,3447.7,2820.9,3839.9,2896.0,3134.2,58,4,3134.1,114,3,3134.0,122,3,3133.8,21,1,3133.7,84,4,3134.3,47,3,3134.4,443,14,3134.5,97,4,3134.6,77,2,3134.7,83,1
2031,2026-06-16 15:07:56+05:30,3134.1,9,3135.1,3228505,123664.0,194044.0,3163.0,3163.0,3108.0,3134.3,31881800,3447.7,2820.9,3839.9,2896.0,3134.2,58,4,3134.1,114,3,3134.0,122,3,3133.8,21,1,3133.7,84,4,3134.3,47,3,3134.4,443,14,3134.5,97,4,3134.6,77,2,3134.7,83,1
2031,2026-06-16 15:07:56+05:30,3134.3,1,3135.1,3228668,122893.0,194078.0,3163.0,3163.0,3108.0,3134.3,31881800,3447.7,2820.9,3839.9,2896.0,3134.1,4,2,3134.0,100,1,3133.9,1,1,3133.7,16,2,3133.6,9,2,3134.3,254,8,3134.4,421,14,3134.5,33,3,3134.6,77,2,3134.7,2,1
2031,2026-06-16 15:07:57+05:30,3134.3,1,3135.1,3228668,122893.0,194078.0,3163.0,3163.0,3108.0,3134.3,31881800,3447.7,2820.9,3839.9,2896.0,3134.1,4,2,3134.0,100,1,3133.9,1,1,3133.7,16,2,3133.6,9,2,3134.3,254,8,3134.4,421,14,3134.5,33,3,3134.6,77,2,3134.7,2,1
2031,2026-06-16 15:07:57+05:30,3134.3,2,3135.1,3228668,122893.0,194078.0,3163.0,3163.0,3108.0,3134.3,31881800,3447.7,2820.9,3839.9,2896.0,3134.1,4,2,3134.0,100,1,3133.9,1,1,3133.7,16,2,3133.6,9,2,3134.3,254,8,3134.4,421,14,3134.5,33,3,3134.6,77,2,3134.7,2,1
2031,2026-06-16 15:07:58+05:30,3134.3,2,3135.1,3228668,122893.0,194078.0,3163.0,3163.0,3108.0,3134.3,31881800,3447.7,2820.9,3839.9,2896.0,3134.1,4,2,3134.0,100,1,3133.9,1,1,3133.7,16,2,3133.6,9,2,3134.3,254,8,3134.4,421,14,3134.5,33,3,3134.6,77,2,3134.7,2,1
2031,2026-06-16 15:07:58+05:30,3134.3,8,3135.1,3228769,122955.0,194135.0,3163.0,3163.0,3108.0,3134.3,31881800,3447.7,2820.9,3839.9,2896.0,3134.0,94,1,3133.9,22,2,3133.7,16,2,3133.6,45,3,3133.5,180,3,3134.3,347,10,3134.4,321,13,3134.5,33,3,3134.6,77,2,3134.8,2,1
2031,2026-06-16 15:07:58+05:30,3134.0,3,3135.1,3228769,122955.0,194135.0,3163.0,3163.0,3108.0,3134.3,31881800,3447.7,2820.9,3839.9,2896.0,3134.0,94,1,3133.9,22,2,3133.7,16,2,3133.6,45,3,3133.5,180,3,3134.3,347,10,3134.4,321,13,3134.5,33,3,3134.6,77,2,3134.8,2,1
2031,2026-06-16 15:07:58+05:30,3134.0,3,3135.1,3228769,122955.0,194135.0,3163.0,3163.0,3108.0,3134.3,31881800,3447.7,2820.9,3839.9,2896.0,3134.0,94,1,3133.9,22,2,3133.7,16,2,3133.6,45,3,3133.5,180,3,3134.3,347,10,3134.4,321,13,3134.5,33,3,3134.6,77,2,3134.8,2,1
2031,2026-06-16 15:07:59+05:30,3134.0,19,3135.1,3228971,122780.0,193435.0,3163.0,3163.0,3108.0,3134.3,31881800,3447.7,2820.9,3839.9,2896.0,3134.0,32,2,3133.8,38,2,3133.6,28,2,3133.5,327,4,3133.4,181,5,3134.2,165,3,3134.3,396,18,3134.4,38,2,3134.5,33,3,3134.6,77,2
2031,2026-06-16 15:07:59+05:30,3134.2,17,3135.1,3228971,122780.0,193435.0,3163.0,3163.0,3108.0,3134.3,31881800,3447.7,2820.9,3839.9,2896.0,3134.0,32,2,3133.8,38,2,3133.6,28,2,3133.5,327,4,3133.4,181,5,3134.2,165,3,3134.3,396,18,3134.4,38,2,3134.5,33,3,3134.6,77,2
2031,2026-06-16 15:07:59+05:30,3134.2,17,3135.1,3228971,122780.0,193435.0,3163.0,3163.0,3108.0,3134.3,31881800,3447.7,2820.9,3839.9,2896.0,3134.0,32,2,3133.8,38,2,3133.6,28,2,3133.5,327,4,3133.4,181,5,3134.2,165,3,3134.3,396,18,3134.4,38,2,3134.5,33,3,3134.6,77,2
2031,2026-06-16 15:08:00+05:30,3134.1,16,3135.1,3229056,122600.0,193257.0,3163.0,3163.0,3108.0,3134.3,31881800,3447.7,2820.9,3839.9,2896.0,3134.0,21,4,3133.7,21,1,3133.6,7,1,3133.5,196,4,3133.4,181,5,3134.1,48,3,3134.2,175,8,3134.3,391,15,3134.4,13,1,3134.5,30,2
2031,2026-06-16 15:08:00+05:30,3134.1,16,3135.1,3229056,122600.0,193257.0,3163.0,3163.0,3108.0,3134.3,31881800,3447.7,2820.9,3839.9,2896.0,3134.0,21,4,3133.7,21,1,3133.6,7,1,3133.5,196,4,3133.4,181,5,3134.1,48,3,3134.2,175,8,3134.3,391,15,3134.4,13,1,3134.5,30,2
2031,2026-06-16 15:08:00+05:30,3134.1,1,3135.1,3229056,122600.0,193257.0,3163.0,3163.0,3108.0,3134.3,31881800,3447.7,2820.9,3839.9,2896.0,3134.0,21,4,3133.7,21,1,3133.6,7,1,3133.5,196,4,3133.4,181,5,3134.1,48,3,3134.2,175,8,3134.3,391,15,3134.4,13,1,3134.5,30,2
2031,2026-06-16 15:08:01+05:30,3134.1,1,3135.1,3229056,122600.0,193257.0,3163.0,3163.0,3108.0,3134.3,31881800,3447.7,2820.9,3839.9,2896.0,3134.0,21,4,3133.7,21,1,3133.6,7,1,3133.5,196,4,3133.4,181,5,3134.1,48,3,3134.2,175,8,3134.3,391,15,3134.4,13,1,3134.5,30,2
2031,2026-06-16 15:08:01+05:30,3134.0,12,3135.1,3229608,122424.0,193224.0,3163.0,3163.0,3108.0,3134.3,31881800,3447.7,2820.9,3839.9,2896.0,3133.9,1,1,3133.6,74,3,3133.5,23,3,3133.4,129,2,3133.3,234,4,3134.0,36,3,3134.1,40,1,3134.2,154,7,3134.3,391,15,3134.4,13,1
2031,2026-06-16 15:08:01+05:30,3134.0,1,3135.1,3229608,122424.0,193224.0,3163.0,3163.0,3108.0,3134.3,31881800,3447.7,2820.9,3839.9,2896.0,3133.9,1,1,3133.6,74,3,3133.5,23,3,3133.4,129,2,3133.3,234,4,3134.0,36,3,3134.1,40,1,3134.2,154,7,3134.3,391,15,3134.4,13,1
2031,2026-06-16 15:08:02+05:30,3134.0,1,3135.1,3229608,122424.0,193224.0,3163.0,3163.0,3108.0,3134.3,31881800,3447.7,2820.9,3839.9,2896.0,3133.9,1,1,3133.6,74,3,3133.5,23,3,3133.4,129,2,3133.3,234,4,3134.0,36,3,3134.1,40,1,3134.2,154,7,3134.3,391,15,3134.4,13,1
2031,2026-06-16 15:08:02+05:30,3133.8,3,3135.1,3229958,123182.0,193526.0,3163.0,3163.0,3108.0,3134.3,31881800,3447.7,2820.9,3839.9,2896.0,3133.9,40,2,3133.8,19,1,3133.7,22,1,3133.6,29,2,3133.5,604,4,3134.0,263,12,3134.1,68,2,3134.2,125,6,3134.3,232,8,3134.5,17,1
2031,2026-06-16 15:08:02+05:30,3133.9,22,3135.1,3229958,123182.0,193526.0,3163.0,3163.0,3108.0,3134.3,31881800,3447.7,2820.9,3839.9,2896.0,3133.9,40,2,3133.8,19,1,3133.7,22,1,3133.6,29,2,3133.5,604,4,3134.0,263,12,3134.1,68,2,3134.2,125,6,3134.3,232,8,3134.5,17,1
2031,2026-06-16 15:08:02+05:30,3133.9,22,3135.1,3229958,123182.0,193526.0,3163.0,3163.0,3108.0,3134.3,31881800,3447.7,2820.9,3839.9,2896.0,3133.9,40,2,3133.8,19,1,3133.7,22,1,3133.6,29,2,3133.5,604,4,3134.0,263,12,3134.1,68,2,3134.2,125,6,3134.3,232,8,3134.5,17,1
2031,2026-06-16 15:08:03+05:30,3133.9,2,3135.1,3229983,122760.0,193582.0,3163.0,3163.0,3108.0,3134.3,31881800,3447.7,2820.9,3839.9,2896.0,3133.9,15,1,3133.8,19,1,3133.6,8,2,3133.5,501,2,3133.4,122,2,3134.0,577,22,3134.1,71,3,3134.2,120,4,3134.3,43,3,3134.5,17,1
2031,2026-06-16 15:08:03+05:30,3133.9,33,3135.1,3229983,122760.0,193582.0,3163.0,3163.0,3108.0,3134.3,31881800,3447.7,2820.9,3839.9,2896.0,3133.9,15,1,3133.8,19,1,3133.6,8,2,3133.5,501,2,3133.4,122,2,3134.0,577,22,3134.1,71,3,3134.2,120,4,3134.3,43,3,3134.5,17,1
2031,2026-06-16 15:08:03+05:30,3133.9,33,3135.1,3229983,122760.0,193582.0,3163.0,3163.0,3108.0,3134.3,31882400,3447.7,2820.9,3839.9,2896.0,3133.9,15,1,3133.8,19,1,3133.6,8,2,3133.5,501,2,3133.4,122,2,3134.0,577,22,3134.1,71,3,3134.2,120,4,3134.3,43,3,3134.5,17,1
2031,2026-06-16 15:08:04+05:30,3134.4,10,3135.1,3233089,124651.0,191772.0,3163.0,3163.0,3108.0,3134.3,31882400,3447.7,2820.9,3839.9,2896.0,3134.4,101,3,3134.3,252,3,3134.2,255,5,3134.1,73,3,3134.0,183,6,3135.4,69,3,3135.5,11,1,3135.7,2,1,3135.8,31,1,3135.9,16,1
2031,2026-06-16 15:08:04+05:30,3134.2,28,3135.1,3233089,124651.0,191772.0,3163.0,3163.0,3108.0,3134.3,31882400,3447.7,2820.9,3839.9,2896.0,3134.4,101,3,3134.3,252,3,3134.2,255,5,3134.1,73,3,3134.0,183,6,3135.4,69,3,3135.5,11,1,3135.7,2,1,3135.8,31,1,3135.9,16,1
2031,2026-06-16 15:08:05+05:30,3134.2,28,3135.1,3233254,124685.0,192473.0,3163.0,3163.0,3108.0,3134.3,31882400,3447.7,2820.9,3839.9,2896.0,3134.5,5,1,3134.4,279,4,3134.3,33,2,3134.2,63,2,3134.1,155,5,3135.3,269,5,3135.4,82,4,3135.5,11,1,3135.7,2,1,3135.8,113,2
2031,2026-06-16 15:08:05+05:30,3135.3,1,3135.1,3233254,124685.0,192473.0,3163.0,3163.0,3108.0,3134.3,31882400,3447.7,2820.9,3839.9,2896.0,3134.5,5,1,3134.4,279,4,3134.3,33,2,3134.2,63,2,3134.1,155,5,3135.3,269,5,3135.4,82,4,3135.5,11,1,3135.7,2,1,3135.8,113,2
2031,2026-06-16 15:08:06+05:30,3134.4,113,3135.1,3233448,124718.0,192828.0,3163.0,3163.0,3108.0,3134.3,31882400,3447.7,2820.9,3839.9,2896.0,3134.5,43,1,3134.4,20,1,3134.3,32,3,3134.2,63,2,3134.1,132,3,3135.3,368,11,3135.4,205,4,3135.5,11,1,3135.7,2,1,3135.8,146,3
2031,2026-06-16 15:08:06+05:30,3134.5,7,3135.1,3233448,124718.0,192828.0,3163.0,3163.0,3108.0,3134.3,31882400,3447.7,2820.9,3839.9,2896.0,3134.5,43,1,3134.4,20,1,3134.3,32,3,3134.2,63,2,3134.1,132,3,3135.3,368,11,3135.4,205,4,3135.5,11,1,3135.7,2,1,3135.8,146,3
2031,2026-06-16 15:08:07+05:30,3134.8,3,3135.1,3233459,125047.0,193204.0,3163.0,3163.0,3108.0,3134.3,31882400,3447.7,2820.9,3839.9,2896.0,3134.5,115,3,3134.4,21,2,3134.3,35,2,3134.2,59,3,3134.1,97,3,3134.8,2,2,3135.2,39,1,3135.3,356,13,3135.4,212,5,3135.5,11,1
2031,2026-06-16 15:08:07+05:30,3134.5,9,3135.1,3233459,125047.0,193204.0,3163.0,3163.0,3108.0,3134.3,31882400,3447.7,2820.9,3839.9,2896.0,3134.5,115,3,3134.4,21,2,3134.3,35,2,3134.2,59,3,3134.1,97,3,3134.8,2,2,3135.2,39,1,3135.3,356,13,3135.4,212,5,3135.5,11,1
2031,2026-06-16 15:08:08+05:30,3134.1,21,3135.1,3233593,123621.0,193133.0,3163.0,3163.0,3108.0,3134.3,31882400,3447.7,2820.9,3839.9,2896.0,3134.1,13,1,3134.0,110,2,3133.9,22,1,3133.8,169,4,3133.7,104,5,3134.7,107,2,3134.8,161,7,3135.3,155,9,3135.4,327,6,3135.5,41,2
2031,2026-06-16 15:08:08+05:30,3134.1,21,3135.1,3233593,123621.0,193133.0,3163.0,3163.0,3108.0,3134.3,31882400,3447.7,2820.9,3839.9,2896.0,3134.1,13,1,3134.0,110,2,3133.9,22,1,3133.8,169,4,3133.7,104,5,3134.7,107,2,3134.8,161,7,3135.3,155,9,3135.4,327,6,3135.5,41,2
2031,2026-06-16 15:08:09+05:30,3134.4,7,3135.1,3233631,123728.0,194084.0,3163.0,3163.0,3108.0,3134.3,31882400,3447.7,2820.9,3839.9,2896.0,3134.4,8,1,3134.2,14,1,3133.7,219,4,3133.6,70,4,3133.5,566,4,3134.6,175,3,3134.7,175,9,3134.8,219,9,3134.9,10,1,3135.0,36,2
2031,2026-06-16 15:08:09+05:30,3134.4,7,3135.1,3233631,123728.0,194084.0,3163.0,3163.0,3108.0,3134.3,31882400,3447.7,2820.9,3839.9,2896.0,3134.4,8,1,3134.2,14,1,3133.7,219,4,3133.6,70,4,3133.5,566,4,3134.6,175,3,3134.7,175,9,3134.8,219,9,3134.9,10,1,3135.0,36,2
2031,2026-06-16 15:08:10+05:30,3134.2,8,3135.1,3233631,123728.0,194084.0,3163.0,3163.0,3108.0,3134.3,31882400,3447.7,2820.9,3839.9,2896.0,3134.4,8,1,3134.2,14,1,3133.7,219,4,3133.6,70,4,3133.5,566,4,3134.6,175,3,3134.7,175,9,3134.8,219,9,3134.9,10,1,3135.0,36,2
2031,2026-06-16 15:08:10+05:30,3134.2,8,3135.1,3233772,124182.0,194051.0,3163.0,3163.0,3108.0,3134.3,31882400,3447.7,2820.9,3839.9,2896.0,3134.2,6,1,3133.7,21,1,3133.6,166,2,3133.5,522,3,3133.4,138,2,3134.5,47,3,3134.6,206,8,3134.7,138,9,3134.8,218,9,3135.0,33,1
2031,2026-06-16 15:08:11+05:30,3134.2,6,3135.1,3233772,124182.0,194051.0,3163.0,3163.0,3108.0,3134.3,31882400,3447.7,2820.9,3839.9,2896.0,3134.2,6,1,3133.7,21,1,3133.6,166,2,3133.5,522,3,3133.4,138,2,3134.5,47,3,3134.6,206,8,3134.7,138,9,3134.8,218,9,3135.0,33,1
2031,2026-06-16 15:08:11+05:30,3134.2,6,3135.1,3233779,124233.0,193918.0,3163.0,3163.0,3108.0,3134.3,31882400,3447.7,2820.9,3839.9,2896.0,3134.3,1,1,3134.2,39,2,3133.9,1,1,3133.7,50,2,3133.6,166,2,3134.5,321,11,3134.6,91,5,3134.7,28,6,3134.8,185,7,3135.0,82,2
2031,2026-06-16 15:08:12+05:30,3134.3,6,3135.1,3233779,124233.0,193918.0,3163.0,3163.0,3108.0,3134.3,31882400,3447.7,2820.9,3839.9,2896.0,3134.3,1,1,3134.2,39,2,3133.9,1,1,3133.7,50,2,3133.6,166,2,3134.5,321,11,3134.6,91,5,3134.7,28,6,3134.8,185,7,3135.0,82,2
2031,2026-06-16 15:08:12+05:30,3134.2,6,3135.1,3233830,124154.0,194142.0,3163.0,3163.0,3108.0,3134.3,31882400,3447.7,2820.9,3839.9,2896.0,3134.2,48,3,3133.9,1,1,3133.6,177,2,3133.5,525,4,3133.4,299,4,3134.4,223,9,3134.5,339,15,3134.6,65,2,3134.7,14,2,3134.8,114,3
2031,2026-06-16 15:08:13+05:30,3134.2,1,3135.1,3233830,124154.0,194142.0,3163.0,3163.0,3108.0,3134.3,31882400,3447.7,2820.9,3839.9,2896.0,3134.2,48,3,3133.9,1,1,3133.6,177,2,3133.5,525,4,3133.4,299,4,3134.4,223,9,3134.5,339,15,3134.6,65,2,3134.7,14,2,3134.8,114,3
2031,2026-06-16 15:08:13+05:30,3134.2,1,3135.1,3233832,124440.0,193992.0,3163.0,3163.0,3108.0,3134.3,31882400,3447.7,2820.9,3839.9,2896.0,3134.2,47,3,3133.9,1,1,3133.6,305,3,3133.5,603,5,3133.4,269,3,3134.4,271,12,3134.5,261,10,3134.6,65,2,3134.7,14,2,3134.8,25,2
2031,2026-06-16 15:08:14+05:30,3134.2,22,3135.1,3233832,124440.0,193992.0,3163.0,3163.0,3108.0,3134.3,31882400,3447.7,2820.9,3839.9,2896.0,3134.2,47,3,3133.9,1,1,3133.6,305,3,3133.5,603,5,3133.4,269,3,3134.4,271,12,3134.5,261,10,3134.6,65,2,3134.7,14,2,3134.8,25,2
2031,2026-06-16 15:08:14+05:30,3134.2,22,3135.1,3234037,124334.0,194010.0,3163.0,3163.0,3108.0,3134.3,31882400,3447.7,2820.9,3839.9,2896.0,3134.2,21,2,3134.0,14,1,3133.9,38,3,3133.8,29,1,3133.7,16,1,3134.3,106,2,3134.4,265,12,3134.5,174,10,3134.6,65,2,3134.7,14,2
2031,2026-06-16 15:08:15+05:30,3134.3,2,3135.1,3234037,124334.0,194010.0,3163.0,3163.0,3108.0,3134.3,31882400,3447.7,2820.9,3839.9,2896.0,3134.2,21,2,3134.0,14,1,3133.9,38,3,3133.8,29,1,3133.7,16,1,3134.3,106,2,3134.4,265,12,3134.5,174,10,3134.6,65,2,3134.7,14,2
2031,2026-06-16 15:08:15+05:30,3134.3,2,3135.1,3234313,123689.0,193838.0,3163.0,3163.0,3108.0,3134.3,31882400,3447.7,2820.9,3839.9,2896.0,3134.2,26,2,3134.1,2,1,3134.0,99,3,3133.9,4,1,3133.8,61,2,3134.3,32,2,3134.4,333,16,3134.5,53,4,3134.6,65,2,3134.7,7,1
2031,2026-06-16 15:08:16+05:30,3134.2,2,3135.1,3234313,123689.0,193838.0,3163.0,3163.0,3108.0,3134.3,31882400,3447.7,2820.9,3839.9,2896.0,3134.2,26,2,3134.1,2,1,3134.0,99,3,3133.9,4,1,3133.8,61,2,3134.3,32,2,3134.4,333,16,3134.5,53,4,3134.6,65,2,3134.7,7,1
2031,2026-06-16 15:08:16+05:30,3134.2,20,3135.1,3234363,124160.0,193870.0,3163.0,3163.0,3108.0,3134.3,31882400,3447.7,2820.9,3839.9,2896.0,3134.2,70,7,3134.1,37,3,3134.0,87,3,3133.9,4,1,3133.8,91,4,3134.3,172,6,3134.4,260,16,3134.5,30,3,3134.6,65,2,3134.7,7,1
2031,2026-06-16 15:08:17+05:30,3134.3,4,3135.1,3234363,124160.0,193870.0,3163.0,3163.0,3108.0,3134.3,31882400,3447.7,2820.9,3839.9,2896.0,3134.2,70,7,3134.1,37,3,3134.0,87,3,3133.9,4,1,3133.8,91,4,3134.3,172,6,3134.4,260,16,3134.5,30,3,3134.6,65,2,3134.7,7,1
2031,2026-06-16 15:08:17+05:30,3134.3,4,3135.1,3234419,123947.0,193923.0,3163.0,3163.0,3108.0,3134.3,31882400,3447.7,2820.9,3839.9,2896.0,3134.2,126,3,3134.1,18,2,3134.0,57,2,3133.9,71,3,3133.8,47,2,3134.3,175,8,3134.4,273,17,3134.5,30,3,3134.6,65,2,3134.7,7,1
2031,2026-06-16 15:08:18+05:30,3134.3,1,3135.1,3234419,123947.0,193923.0,3163.0,3163.0,3108.0,3134.3,31882400,3447.7,2820.9,3839.9,2896.0,3134.2,126,3,3134.1,18,2,3134.0,57,2,3133.9,71,3,3133.8,47,2,3134.3,175,8,3134.4,273,17,3134.5,30,3,3134.6,65,2,3134.7,7,1
2031,2026-06-16 15:08:19+05:30,3134.2,23,3135.1,3234659,123400.0,194075.0,3163.0,3163.0,3108.0,3134.3,31882400,3447.7,2820.9,3839.9,2896.0,3134.2,22,1,3134.1,16,1,3134.0,57,2,3133.9,4,1,3133.6,159,2,3134.3,414,24,3134.4,123,4,3134.5,41,4,3134.6,65,2,3134.7,7,1
2031,2026-06-16 15:08:19+05:30,3134.2,23,3135.1,3234659,123400.0,194075.0,3163.0,3163.0,3108.0,3134.3,31882400,3447.7,2820.9,3839.9,2896.0,3134.2,22,1,3134.1,16,1,3134.0,57,2,3133.9,4,1,3133.6,159,2,3134.3,414,24,3134.4,123,4,3134.5,41,4,3134.6,65,2,3134.7,7,1
2031,2026-06-16 15:08:20+05:30,3134.2,3,3135.1,3234705,123563.0,193793.0,3163.0,3163.0,3108.0,3134.3,31882400,3447.7,2820.9,3839.9,2896.0,3134.2,90,5,3134.1,16,1,3134.0,136,5,3133.9,18,2,3133.8,33,1,3134.3,394,23,3134.4,123,4,3134.5,30,3,3134.6,65,2,3134.7,7,1
2031,2026-06-16 15:08:20+05:30,3134.2,3,3135.1,3234705,123563.0,193793.0,3163.0,3163.0,3108.0,3134.3,31882400,3447.7,2820.9,3839.9,2896.0,3134.2,90,5,3134.1,16,1,3134.0,136,5,3133.9,18,2,3133.8,33,1,3134.3,394,23,3134.4,123,4,3134.5,30,3,3134.6,65,2,3134.7,7,1
2031,2026-06-16 15:08:21+05:30,3134.3,1,3135.1,3234755,124052.0,193917.0,3163.0,3163.0,3108.0,3134.3,31882400,3447.7,2820.9,3839.9,2896.0,3134.2,90,4,3134.1,16,1,3134.0,153,6,3133.9,18,2,3133.8,34,2,3134.3,367,18,3134.4,123,4,3134.5,30,3,3134.6,65,2,3134.7,7,1
2031,2026-06-16 15:08:21+05:30,3134.3,1,3135.1,3234755,124052.0,193917.0,3163.0,3163.0,3108.0,3134.3,31882400,3447.7,2820.9,3839.9,2896.0,3134.2,90,4,3134.1,16,1,3134.0,153,6,3133.9,18,2,3133.8,34,2,3134.3,367,18,3134.4,123,4,3134.5,30,3,3134.6,65,2,3134.7,7,1
2031,2026-06-16 15:08:22+05:30,3134.3,6,3135.1,3235266,124396.0,193788.0,3163.0,3163.0,3108.0,3134.3,31882400,3447.7,2820.9,3839.9,2896.0,3134.2,101,6,3134.1,16,1,3134.0,238,6,3133.9,18,2,3133.8,67,3,3134.3,63,3,3134.4,123,4,3134.5,30,3,3134.6,65,2,3134.7,7,1
2031,2026-06-16 15:08:22+05:30,3134.3,6,3135.1,3235266,124396.0,193788.0,3163.0,3163.0,3108.0,3134.3,31882400,3447.7,2820.9,3839.9,2896.0,3134.2,101,6,3134.1,16,1,3134.0,238,6,3133.9,18,2,3133.8,67,3,3134.3,63,3,3134.4,123,4,3134.5,30,3,3134.6,65,2,3134.7,7,1
2031,2026-06-16 15:08:23+05:30,3134.2,2,3135.1,3235273,124278.0,193766.0,3163.0,3163.0,3108.0,3134.3,31882400,3447.7,2820.9,3839.9,2896.0,3134.2,125,8,3134.1,16,1,3134.0,238,6,3133.9,71,4,3133.8,66,2,3134.3,58,3,3134.4,123,4,3134.5,30,3,3134.6,65,2,3134.7,7,1
2031,2026-06-16 15:08:23+05:30,3134.2,2,3135.1,3235273,124278.0,193766.0,3163.0,3163.0,3108.0,3134.3,31882400,3447.7,2820.9,3839.9,2896.0,3134.2,125,8,3134.1,16,1,3134.0,238,6,3133.9,71,4,3133.8,66,2,3134.3,58,3,3134.4,123,4,3134.5,30,3,3134.6,65,2,3134.7,7,1
2031,2026-06-16 15:08:24+05:30,3134.3,1,3135.1,3235341,124055.0,193768.0,3163.0,3163.0,3108.0,3134.3,31882400,3447.7,2820.9,3839.9,2896.0,3134.2,39,4,3134.1,16,1,3134.0,101,4,3133.9,74,4,3133.8,116,3,3134.3,57,3,3134.4,123,4,3134.5,31,4,3134.6,65,2,3134.7,7,1
2031,2026-06-16 15:08:24+05:30,3134.3,1,3135.1,3235341,124055.0,193768.0,3163.0,3163.0,3108.0,3134.3,31882400,3447.7,2820.9,3839.9,2896.0,3134.2,39,4,3134.1,16,1,3134.0,101,4,3133.9,74,4,3133.8,116,3,3134.3,57,3,3134.4,123,4,3134.5,31,4,3134.6,65,2,3134.7,7,1
2031,2026-06-16 15:08:25+05:30,3134.3,5,3135.1,3235341,124055.0,193768.0,3163.0,3163.0,3108.0,3134.3,31882400,3447.7,2820.9,3839.9,2896.0,3134.2,39,4,3134.1,16,1,3134.0,101,4,3133.9,74,4,3133.8,116,3,3134.3,57,3,3134.4,123,4,3134.5,31,4,3134.6,65,2,3134.7,7,1
2031,2026-06-16 15:08:25+05:30,3134.3,5,3135.1,3235349,124160.0,193706.0,3163.0,3163.0,3108.0,3134.3,31882400,3447.7,2820.9,3839.9,2896.0,3134.2,136,7,3134.1,16,1,3134.0,121,5,3133.9,58,2,3133.8,116,3,3134.3,51,4,3134.4,123,4,3134.5,31,4,3134.6,65,2,3134.7,7,1
2031,2026-06-16 15:08:26+05:30,3134.2,9,3135.1,3235349,124160.0,193706.0,3163.0,3163.0,3108.0,3134.3,31882400,3447.7,2820.9,3839.9,2896.0,3134.2,136,7,3134.1,16,1,3134.0,121,5,3133.9,58,2,3133.8,116,3,3134.3,51,4,3134.4,123,4,3134.5,31,4,3134.6,65,2,3134.7,7,1
2031,2026-06-16 15:08:26+05:30,3134.3,1,3135.1,3235398,123765.0,193868.0,3163.0,3163.0,3108.0,3134.3,31882400,3447.7,2820.9,3839.9,2896.0,3134.2,150,5,3134.1,49,2,3134.0,185,5,3133.9,41,3,3133.8,66,2,3134.3,197,7,3134.4,143,5,3134.5,31,4,3134.6,65,2,3134.7,7,1
2031,2026-06-16 15:08:27+05:30,3134.3,3,3135.1,3235398,123765.0,193868.0,3163.0,3163.0,3108.0,3134.3,31882400,3447.7,2820.9,3839.9,2896.0,3134.2,150,5,3134.1,49,2,3134.0,185,5,3133.9,41,3,3133.8,66,2,3134.3,197,7,3134.4,143,5,3134.5,31,4,3134.6,65,2,3134.7,7,1
2031,2026-06-16 15:08:27+05:30,3134.3,3,3135.1,3235544,123813.0,193982.0,3163.0,3163.0,3108.0,3134.3,31882400,3447.7,2820.9,3839.9,2896.0,3134.1,17,2,3134.0,190,6,3133.9,17,1,3133.7,17,1,3133.6,37,3,3134.3,241,10,3134.4,143,5,3134.5,31,4,3134.6,65,2,3134.7,7,1
2031,2026-06-16 15:08:28+05:30,3134.1,1,3135.1,3235544,123813.0,193982.0,3163.0,3163.0,3108.0,3134.3,31882400,3447.7,2820.9,3839.9,2896.0,3134.1,17,2,3134.0,190,6,3133.9,17,1,3133.7,17,1,3133.6,37,3,3134.3,241,10,3134.4,143,5,3134.5,31,4,3134.6,65,2,3134.7,7,1
2031,2026-06-16 15:08:28+05:30,3134.3,1,3135.1,3235548,123857.0,194036.0,3163.0,3163.0,3108.0,3134.3,31882400,3447.7,2820.9,3839.9,2896.0,3134.1,14,2,3134.0,232,6,3133.9,17,1,3133.7,43,2,3133.6,10,2,3134.3,260,11,3134.4,143,5,3134.5,31,4,3134.6,65,2,3134.7,7,1
2031,2026-06-16 15:08:29+05:30,3134.2,17,3135.1,3235548,123857.0,194036.0,3163.0,3163.0,3108.0,3134.3,31882400,3447.7,2820.9,3839.9,2896.0,3134.1,14,2,3134.0,232,6,3133.9,17,1,3133.7,43,2,3133.6,10,2,3134.3,260,11,3134.4,143,5,3134.5,31,4,3134.6,65,2,3134.7,7,1
2031,2026-06-16 15:08:29+05:30,3134.2,17,3135.1,3235662,123416.0,193871.0,3163.0,3163.0,3108.0,3134.3,31882400,3447.7,2820.9,3839.9,2896.0,3134.1,115,2,3134.0,294,6,3133.9,17,1,3133.8,26,1,3133.6,36,3,3134.2,5,2,3134.3,233,11,3134.4,168,5,3134.5,31,4,3134.6,60,1
2031,2026-06-16 15:08:30+05:30,3134.2,2,3135.1,3235662,123416.0,193871.0,3163.0,3163.0,3108.0,3134.3,31882400,3447.7,2820.9,3839.9,2896.0,3134.1,115,2,3134.0,294,6,3133.9,17,1,3133.8,26,1,3133.6,36,3,3134.2,5,2,3134.3,233,11,3134.4,168,5,3134.5,31,4,3134.6,60,1
2031,2026-06-16 15:08:30+05:30,3134.2,5,3135.1,3236014,123500.0,194015.0,3163.0,3163.0,3108.0,3134.3,31882400,3447.7,2820.9,3839.9,2896.0,3134.1,52,5,3134.0,295,7,3133.9,17,1,3133.6,35,3,3133.5,650,4,3134.2,126,5,3134.3,147,9,3134.4,168,5,3134.5,31,4,3134.7,7,1
2031,2026-06-16 15:08:31+05:30,3134.2,1,3135.1,3236014,123500.0,194015.0,3163.0,3163.0,3108.0,3134.3,31882400,3447.7,2820.9,3839.9,2896.0,3134.1,52,5,3134.0,295,7,3133.9,17,1,3133.6,35,3,3133.5,650,4,3134.2,126,5,3134.3,147,9,3134.4,168,5,3134.5,31,4,3134.7,7,1
2031,2026-06-16 15:08:31+05:30,3134.2,1,3135.1,3236048,123016.0,194058.0,3163.0,3163.0,3108.0,3134.3,31882400,3447.7,2820.9,3839.9,2896.0,3134.1,50,7,3134.0,295,7,3133.9,231,2,3133.6,7,1,3133.5,522,3,3134.2,193,8,3134.3,113,7,3134.4,168,5,3134.5,31,4,3134.6,32,1
2031,2026-06-16 15:08:32+05:30,3134.2,5,3135.1,3236048,123016.0,194058.0,3163.0,3163.0,3108.0,3134.3,31882400,3447.7,2820.9,3839.9,2896.0,3134.1,50,7,3134.0,295,7,3133.9,231,2,3133.6,7,1,3133.5,522,3,3134.2,193,8,3134.3,113,7,3134.4,168,5,3134.5,31,4,3134.6,32,1
2031,2026-06-16 15:08:33+05:30,3134.2,5,3135.1,3236118,123146.0,194084.0,3163.0,3163.0,3108.0,3134.3,31882400,3447.7,2820.9,3839.9,2896.0,3134.1,49,5,3134.0,295,7,3133.9,231,2,3133.6,7,1,3133.5,522,3,3134.2,225,11,3134.3,112,6,3134.4,168,5,3134.5,42,5,3134.6,32,1
2031,2026-06-16 15:08:33+05:30,3134.1,2,3135.1,3236118,123146.0,194084.0,3163.0,3163.0,3108.0,3134.3,31882400,3447.7,2820.9,3839.9,2896.0,3134.1,49,5,3134.0,295,7,3133.9,231,2,3133.6,7,1,3133.5,522,3,3134.2,225,11,3134.3,112,6,3134.4,168,5,3134.5,42,5,3134.6,32,1
2031,2026-06-16 15:08:34+05:30,3134.2,7,3135.1,3236189,123567.0,193937.0,3163.0,3163.0,3108.0,3134.3,31882400,3447.7,2820.9,3839.9,2896.0,3134.1,86,6,3134.0,295,7,3133.9,231,2,3133.6,7,1,3133.5,522,3,3134.2,281,13,3134.3,111,5,3134.4,168,5,3134.5,42,5,3134.7,47,1
2031,2026-06-16 15:08:34+05:30,3134.2,25,3135.1,3236189,123567.0,193937.0,3163.0,3163.0,3108.0,3134.3,31882400,3447.7,2820.9,3839.9,2896.0,3134.1,86,6,3134.0,295,7,3133.9,231,2,3133.6,7,1,3133.5,522,3,3134.2,281,13,3134.3,111,5,3134.4,168,5,3134.5,42,5,3134.7,47,1
2031,2026-06-16 15:08:35+05:30,3134.2,4,3135.1,3236271,123672.0,194128.0,3163.0,3163.0,3108.0,3134.3,31882400,3447.7,2820.9,3839.9,2896.0,3134.1,57,5,3134.0,295,7,3133.9,231,2,3133.6,7,1,3133.5,522,3,3134.2,353,14,3134.3,111,5,3134.4,168,5,3134.5,89,6,3134.6,14,1
2031,2026-06-16 15:08:35+05:30,3134.2,10,3135.1,3236271,123672.0,194128.0,3163.0,3163.0,3108.0,3134.3,31882400,3447.7,2820.9,3839.9,2896.0,3134.1,57,5,3134.0,295,7,3133.9,231,2,3133.6,7,1,3133.5,522,3,3134.2,353,14,3134.3,111,5,3134.4,168,5,3134.5,89,6,3134.6,14,1
2031,2026-06-16 15:08:36+05:30,3134.1,2,3135.1,3236651,122544.0,194418.0,3163.0,3163.0,3108.0,3134.3,31882400,3447.7,2820.9,3839.9,2896.0,3134.1,34,2,3134.0,294,6,3133.9,231,2,3133.6,7,1,3133.5,522,3,3134.2,383,17,3134.3,117,6,3134.4,168,5,3134.5,89,6,3134.6,38,1
2031,2026-06-16 15:08:36+05:30,3134.1,10,3135.1,3236651,122544.0,194418.0,3163.0,3163.0,3108.0,3134.3,31882400,3447.7,2820.9,3839.9,2896.0,3134.1,34,2,3134.0,294,6,3133.9,231,2,3133.6,7,1,3133.5,522,3,3134.2,383,17,3134.3,117,6,3134.4,168,5,3134.5,89,6,3134.6,38,1
2031,2026-06-16 15:08:37+05:30,3134.2,1,3135.1,3236664,122651.0,194433.0,3163.0,3163.0,3108.0,3134.3,31882400,3447.7,2820.9,3839.9,2896.0,3134.1,24,2,3134.0,294,6,3133.9,231,2,3133.6,7,1,3133.5,546,4,3134.2,357,17,3134.3,111,5,3134.4,168,5,3134.5,42,5,3134.7,17,1
2031,2026-06-16 15:08:37+05:30,3134.2,1,3135.1,3236664,122651.0,194433.0,3163.0,3163.0,3108.0,3134.3,31882400,3447.7,2820.9,3839.9,2896.0,3134.1,24,2,3134.0,294,6,3133.9,231,2,3133.6,7,1,3133.5,546,4,3134.2,357,17,3134.3,111,5,3134.4,168,5,3134.5,42,5,3134.7,17,1
2031,2026-06-16 15:08:38+05:30,3134.1,8,3135.1,3236704,124190.0,194465.0,3163.0,3163.0,3108.0,3134.3,31882400,3447.7,2820.9,3839.9,2896.0,3134.1,22,2,3134.0,294,6,3133.9,231,2,3133.6,7,1,3133.5,522,3,3134.2,415,18,3134.3,132,8,3134.4,168,5,3134.5,88,5,3134.7,49,2
2031,2026-06-16 15:08:38+05:30,3134.1,7,3135.1,3236704,124190.0,194465.0,3163.0,3163.0,3108.0,3134.3,31882400,3447.7,2820.9,3839.9,2896.0,3134.1,22,2,3134.0,294,6,3133.9,231,2,3133.6,7,1,3133.5,522,3,3134.2,415,18,3134.3,132,8,3134.4,168,5,3134.5,88,5,3134.7,49,2
2031,2026-06-16 15:08:39+05:30,3134.1,23,3135.1,3236995,124395.0,194453.0,3163.0,3163.0,3108.0,3134.3,31882400,3447.7,2820.9,3839.9,2896.0,3134.1,6,2,3134.0,291,6,3133.9,255,3,3133.6,24,1,3133.5,522,3,3134.2,432,19,3134.3,126,7,3134.4,168,5,3134.5,77,4,3134.7,17,1
2031,2026-06-16 15:08:39+05:30,3134.1,23,3135.1,3236995,124395.0,194453.0,3163.0,3163.0,3108.0,3134.3,31882400,3447.7,2820.9,3839.9,2896.0,3134.1,6,2,3134.0,291,6,3133.9,255,3,3133.6,24,1,3133.5,522,3,3134.2,432,19,3134.3,126,7,3134.4,168,5,3134.5,77,4,3134.7,17,1
2031,2026-06-16 15:08:40+05:30,3134.2,5,3135.1,3237000,125289.0,194472.0,3163.0,3163.0,3108.0,3134.3,31882400,3447.7,2820.9,3839.9,2896.0,3134.1,152,7,3134.0,291,6,3133.9,364,4,3133.8,24,1,3133.7,14,1,3134.2,533,23,3134.3,201,8,3134.4,168,5,3134.5,30,3,3134.8,104,2
2031,2026-06-16 15:08:40+05:30,3134.1,2,3135.1,3237000,125289.0,194472.0,3163.0,3163.0,3108.0,3134.3,31882400,3447.7,2820.9,3839.9,2896.0,3134.1,152,7,3134.0,291,6,3133.9,364,4,3133.8,24,1,3133.7,14,1,3134.2,533,23,3134.3,201,8,3134.4,168,5,3134.5,30,3,3134.8,104,2
2031,2026-06-16 15:08:41+05:30,3134.1,2,3135.1,3237154,124802.0,194530.0,3163.0,3163.0,3108.0,3134.3,31882400,3447.7,2820.9,3839.9,2896.0,3134.1,3,1,3134.0,291,6,3133.9,331,3,3133.7,26,2,3133.5,522,3,3134.2,592,24,3134.3,137,8,3134.4,99,5,3134.5,77,4,3134.7,41,1
2031,2026-06-16 15:08:41+05:30,3134.0,12,3135.1,3237154,124802.0,194530.0,3163.0,3163.0,3108.0,3134.3,31882400,3447.7,2820.9,3839.9,2896.0,3134.1,3,1,3134.0,291,6,3133.9,331,3,3133.7,26,2,3133.5,522,3,3134.2,592,24,3134.3,137,8,3134.4,99,5,3134.5,77,4,3134.7,41,1
2031,2026-06-16 15:08:42+05:30,3134.0,7,3135.1,3237244,125432.0,194342.0,3163.0,3163.0,3108.0,3134.3,31882400,3447.7,2820.9,3839.9,2896.0,3134.0,243,4,3133.9,531,4,3133.6,26,2,3133.5,522,3,3133.4,58,2,3134.2,582,24,3134.3,137,8,3134.4,99,5,3134.5,76,4,3134.8,104,2
2031,2026-06-16 15:08:42+05:30,3134.2,1,3135.1,3237244,125432.0,194342.0,3163.0,3163.0,3108.0,3134.3,31882400,3447.7,2820.9,3839.9,2896.0,3134.0,243,4,3133.9,531,4,3133.6,26,2,3133.5,522,3,3133.4,58,2,3134.2,582,24,3134.3,137,8,3134.4,99,5,3134.5,76,4,3134.8,104,2
2031,2026-06-16 15:08:43+05:30,3134.0,2,3135.1,3237296,125737.0,194324.0,3163.0,3163.0,3108.0,3134.3,31882400,3447.7,2820.9,3839.9,2896.0,3134.0,275,7,3133.9,531,4,3133.8,58,2,3133.7,1,1,3133.6,58,2,3134.2,561,23,3134.3,137,8,3134.4,99,5,3134.5,30,3,3134.8,104,2
2031,2026-06-16 15:08:43+05:30,3134.0,2,3135.1,3237296,125737.0,194324.0,3163.0,3163.0,3108.0,3134.3,31882400,3447.7,2820.9,3839.9,2896.0,3134.0,275,7,3133.9,531,4,3133.8,58,2,3133.7,1,1,3133.6,58,2,3134.2,561,23,3134.3,137,8,3134.4,99,5,3134.5,30,3,3134.8,104,2
2031,2026-06-16 15:08:43+05:30,3134.0,2,3135.1,3237296,125737.0,194324.0,3163.0,3163.0,3108.0,3134.3,31882400,3447.7,2820.9,3839.9,2896.0,3134.0,275,7,3133.9,531,4,3133.8,58,2,3133.7,1,1,3133.6,58,2,3134.2,561,23,3134.3,137,8,3134.4,99,5,3134.5,30,3,3134.8,104,2
2031,2026-06-16 15:08:44+05:30,3134.1,1,3135.1,3237521,126285.0,194338.0,3163.0,3163.0,3108.0,3134.3,31882400,3447.7,2820.9,3839.9,2896.0,3134.1,10,2,3134.0,268,8,3133.9,531,4,3133.8,26,2,3133.6,57,2,3134.2,577,20,3134.3,137,8,3134.4,99,5,3134.5,19,2,3134.8,104,2
2031,2026-06-16 15:08:44+05:30,3134.2,1,3135.1,3237521,126285.0,194338.0,3163.0,3163.0,3108.0,3134.3,31882400,3447.7,2820.9,3839.9,2896.0,3134.1,10,2,3134.0,268,8,3133.9,531,4,3133.8,26,2,3133.6,57,2,3134.2,577,20,3134.3,137,8,3134.4,99,5,3134.5,19,2,3134.8,104,2
2031,2026-06-16 15:08:45+05:30,3134.2,1,3135.1,3237521,126285.0,194338.0,3163.0,3163.0,3108.0,3134.3,31882400,3447.7,2820.9,3839.9,2896.0,3134.1,10,2,3134.0,268,8,3133.9,531,4,3133.8,26,2,3133.6,57,2,3134.2,577,20,3134.3,137,8,3134.4,99,5,3134.5,19,2,3134.8,104,2
2031,2026-06-16 15:08:45+05:30,3134.2,2,3135.1,3237644,125905.0,194051.0,3163.0,3163.0,3108.0,3134.3,31882400,3447.7,2820.9,3839.9,2896.0,3134.1,109,1,3134.0,222,6,3133.9,532,5,3133.8,56,2,3133.6,57,2,3134.2,565,21,3134.3,137,8,3134.4,99,5,3134.5,19,2,3134.8,104,2
2031,2026-06-16 15:08:45+05:30,3134.2,2,3135.1,3237644,125905.0,194051.0,3163.0,3163.0,3108.0,3134.3,31882400,3447.7,2820.9,3839.9,2896.0,3134.1,109,1,3134.0,222,6,3133.9,532,5,3133.8,56,2,3133.6,57,2,3134.2,565,21,3134.3,137,8,3134.4,99,5,3134.5,19,2,3134.8,104,2
2031,2026-06-16 15:08:46+05:30,3134.1,9,3135.1,3237671,126022.0,194343.0,3163.0,3163.0,3108.0,3134.3,31882400,3447.7,2820.9,3839.9,2896.0,3134.1,83,1,3134.0,224,7,3133.9,532,5,3133.8,24,1,3133.6,57,2,3134.2,581,24,3134.3,137,8,3134.4,99,5,3134.5,19,2,3134.7,46,1
2031,2026-06-16 15:08:46+05:30,3134.1,9,3135.1,3237671,126022.0,194343.0,3163.0,3163.0,3108.0,3134.3,31882400,3447.7,2820.9,3839.9,2896.0,3134.1,83,1,3134.0,224,7,3133.9,532,5,3133.8,24,1,3133.6,57,2,3134.2,581,24,3134.3,137,8,3134.4,99,5,3134.5,19,2,3134.7,46,1
2031,2026-06-16 15:08:47+05:30,3134.1,9,3135.1,3237671,126022.0,194343.0,3163.0,3163.0,3108.0,3134.3,31882400,3447.7,2820.9,3839.9,2896.0,3134.1,189,7,3134.0,216,6,3133.9,532,5,3133.8,66,3,3133.6,74,3,3134.2,560,24,3134.3,137,8,3134.4,99,5,3134.5,19,2,3134.7,46,1
2031,2026-06-16 15:08:47+05:30,3134.2,3,3135.1,3237695,124215.0,192862.0,3163.0,3163.0,3108.0,3134.3,31882400,3447.7,2820.9,3839.9,2896.0,3134.1,189,7,3134.0,216,6,3133.9,532,5,3133.8,66,3,3133.6,74,3,3134.2,560,24,3134.3,137,8,3134.4,99,5,3134.5,19,2,3134.7,46,1
2031,2026-06-16 15:08:47+05:30,3134.2,3,3135.1,3237695,124215.0,192862.0,3163.0,3163.0,3108.0,3134.3,31882400,3447.7,2820.9,3839.9,2896.0,3134.1,189,7,3134.0,216,6,3133.9,532,5,3133.8,66,3,3133.6,74,3,3134.2,560,24,3134.3,137,8,3134.4,99,5,3134.5,19,2,3134.7,46,1
2031,2026-06-16 15:08:48+05:30,3134.2,24,3135.1,3238041,123863.0,192805.0,3163.0,3163.0,3108.0,3134.3,31882400,3447.7,2820.9,3839.9,2896.0,3134.1,132,8,3134.0,186,6,3133.9,531,4,3133.8,24,1,3133.6,25,1,3134.2,466,16,3134.3,137,8,3134.4,99,5,3134.5,19,2,3134.7,46,1
2031,2026-06-16 15:08:48+05:30,3134.2,24,3135.1,3238041,123863.0,192805.0,3163.0,3163.0,3108.0,3134.3,31882400,3447.7,2820.9,3839.9,2896.0,3134.1,132,8,3134.0,186,6,3133.9,531,4,3133.8,24,1,3133.6,25,1,3134.2,466,16,3134.3,137,8,3134.4,99,5,3134.5,19,2,3134.7,46,1
2031,2026-06-16 15:08:49+05:30,3134.1,23,3135.1,3238041,123863.0,192805.0,3163.0,3163.0,3108.0,3134.3,31882400,3447.7,2820.9,3839.9,2896.0,3134.1,132,8,3134.0,186,6,3133.9,531,4,3133.8,24,1,3133.6,25,1,3134.2,466,16,3134.3,137,8,3134.4,99,5,3134.5,19,2,3134.7,46,1
2031,2026-06-16 15:08:49+05:30,3134.2,1,3135.1,3238119,123928.0,192710.0,3163.0,3163.0,3108.0,3134.3,31882400,3447.7,2820.9,3839.9,2896.0,3134.1,87,6,3134.0,199,6,3133.9,531,4,3133.8,23,1,3133.6,25,1,3134.2,456,16,3134.3,137,8,3134.4,99,5,3134.5,19,2,3134.8,98,1
2031,2026-06-16 15:08:50+05:30,3134.2,1,3135.1,3238119,123928.0,192710.0,3163.0,3163.0,3108.0,3134.3,31882400,3447.7,2820.9,3839.9,2896.0,3134.1,87,6,3134.0,199,6,3133.9,531,4,3133.8,23,1,3133.6,25,1,3134.2,456,16,3134.3,137,8,3134.4,99,5,3134.5,19,2,3134.8,98,1
2031,2026-06-16 15:08:50+05:30,3134.2,9,3135.1,3238119,123928.0,192710.0,3163.0,3163.0,3108.0,3134.3,31882400,3447.7,2820.9,3839.9,2896.0,3134.1,87,6,3134.0,199,6,3133.9,531,4,3133.8,23,1,3133.6,25,1,3134.2,456,16,3134.3,137,8,3134.4,99,5,3134.5,19,2,3134.8,98,1
2031,2026-06-16 15:08:50+05:30,3134.2,9,3135.1,3238143,124097.0,192912.0,3163.0,3163.0,3108.0,3134.3,31882400,3447.7,2820.9,3839.9,2896.0,3134.1,284,10,3134.0,210,6,3133.9,531,4,3133.8,54,2,3133.6,90,4,3134.2,599,21,3134.3,137,8,3134.4,99,5,3134.5,19,2,3134.8,98,1
2031,2026-06-16 15:08:51+05:30,3134.2,22,3135.1,3238143,124097.0,192912.0,3163.0,3163.0,3108.0,3134.3,31882400,3447.7,2820.9,3839.9,2896.0,3134.1,284,10,3134.0,210,6,3133.9,531,4,3133.8,54,2,3133.6,90,4,3134.2,599,21,3134.3,137,8,3134.4,99,5,3134.5,19,2,3134.8,98,1
2031,2026-06-16 15:08:51+05:30,3134.1,40,3135.1,3238596,123425.0,192898.0,3163.0,3163.0,3108.0,3134.3,31882400,3447.7,2820.9,3839.9,2896.0,3134.1,43,2,3134.0,208,5,3133.9,531,4,3133.7,1,1,3133.6,23,1,3134.2,601,22,3134.3,137,8,3134.4,99,5,3134.5,19,2,3134.8,98,1
2031,2026-06-16 15:08:52+05:30,3134.0,13,3135.1,3238596,123425.0,192898.0,3163.0,3163.0,3108.0,3134.3,31882400,3447.7,2820.9,3839.9,2896.0,3134.1,43,2,3134.0,208,5,3133.9,531,4,3133.7,1,1,3133.6,23,1,3134.2,601,22,3134.3,137,8,3134.4,99,5,3134.5,19,2,3134.8,98,1
2031,2026-06-16 15:08:52+05:30,3134.0,13,3135.1,3238596,123425.0,192898.0,3163.0,3163.0,3108.0,3134.3,31882400,3447.7,2820.9,3839.9,2896.0,3134.1,43,2,3134.0,208,5,3133.9,531,4,3133.7,1,1,3133.6,23,1,3134.2,601,22,3134.3,137,8,3134.4,99,5,3134.5,19,2,3134.8,98,1
2031,2026-06-16 15:08:52+05:30,3134.0,13,3135.1,3238732,123299.0,193055.0,3163.0,3163.0,3108.0,3134.3,31882400,3447.7,2820.9,3839.9,2896.0,3134.1,1,1,3134.0,195,5,3133.9,531,4,3133.7,1,1,3133.6,23,1,3134.2,665,23,3134.3,137,8,3134.4,99,5,3134.5,19,2,3134.7,16,1
2031,2026-06-16 15:08:53+05:30,3134.0,1,3135.1,3238732,123299.0,193055.0,3163.0,3163.0,3108.0,3134.3,31882400,3447.7,2820.9,3839.9,2896.0,3134.1,1,1,3134.0,195,5,3133.9,531,4,3133.7,1,1,3133.6,23,1,3134.2,665,23,3134.3,137,8,3134.4,99,5,3134.5,19,2,3134.7,16,1
2031,2026-06-16 15:08:53+05:30,3134.0,1,3135.1,3238811,122666.0,193018.0,3163.0,3163.0,3108.0,3134.3,31882400,3447.7,2820.9,3839.9,2896.0,3134.0,120,4,3133.9,531,4,3133.7,24,2,3133.5,522,3,3133.4,23,1,3134.2,668,24,3134.3,137,8,3134.4,99,5,3134.5,19,2,3134.6,88,1
2031,2026-06-16 15:08:54+05:30,3134.0,1,3135.1,3238811,122666.0,193018.0,3163.0,3163.0,3108.0,3134.3,31882400,3447.7,2820.9,3839.9,2896.0,3134.0,120,4,3133.9,531,4,3133.7,24,2,3133.5,522,3,3133.4,23,1,3134.2,668,24,3134.3,137,8,3134.4,99,5,3134.5,19,2,3134.6,88,1
2031,2026-06-16 15:08:54+05:30,3134.0,13,3135.1,3238811,122666.0,193018.0,3163.0,3163.0,3108.0,3134.3,31882400,3447.7,2820.9,3839.9,2896.0,3134.0,120,4,3133.9,531,4,3133.7,24,2,3133.5,522,3,3133.4,23,1,3134.2,668,24,3134.3,137,8,3134.4,99,5,3134.5,19,2,3134.6,88,1
2031,2026-06-16 15:08:54+05:30,3134.0,13,3135.1,3238846,122488.0,193116.0,3163.0,3163.0,3108.0,3134.3,31882400,3447.7,2820.9,3839.9,2896.0,3134.0,88,6,3133.9,531,4,3133.7,1,1,3133.5,545,4,3133.3,128,6,3134.2,710,28,3134.3,137,8,3134.4,99,5,3134.5,19,2,3134.6,88,1
2031,2026-06-16 15:08:55+05:30,3134.0,36,3135.1,3238846,122488.0,193116.0,3163.0,3163.0,3108.0,3134.3,31882400,3447.7,2820.9,3839.9,2896.0,3134.0,88,6,3133.9,531,4,3133.7,1,1,3133.5,545,4,3133.3,128,6,3134.2,710,28,3134.3,137,8,3134.4,99,5,3134.5,19,2,3134.6,88,1
2031,2026-06-16 15:08:55+05:30,3134.0,36,3135.1,3238846,122488.0,193116.0,3163.0,3163.0,3108.0,3134.3,31882400,3447.7,2820.9,3839.9,2896.0,3134.0,88,6,3133.9,531,4,3133.7,1,1,3133.5,545,4,3133.3,128,6,3134.2,710,28,3134.3,137,8,3134.4,99,5,3134.5,19,2,3134.6,88,1
2031,2026-06-16 15:08:56+05:30,3134.2,1,3135.1,3238892,123216.0,193104.0,3163.0,3163.0,3108.0,3134.3,31882400,3447.7,2820.9,3839.9,2896.0,3134.0,81,7,3133.9,531,4,3133.8,24,2,3133.7,14,1,3133.6,40,2,3134.2,710,29,3134.3,137,8,3134.4,99,5,3134.5,19,2,3135.0,2,1
2031,2026-06-16 15:08:56+05:30,3134.0,9,3135.1,3238892,123216.0,193104.0,3163.0,3163.0,3108.0,3134.3,31882400,3447.7,2820.9,3839.9,2896.0,3134.0,81,7,3133.9,531,4,3133.8,24,2,3133.7,14,1,3133.6,40,2,3134.2,710,29,3134.3,137,8,3134.4,99,5,3134.5,19,2,3135.0,2,1
2031,2026-06-16 15:08:56+05:30,3134.0,9,3135.1,3238892,123216.0,193104.0,3163.0,3163.0,3108.0,3134.3,31882400,3447.7,2820.9,3839.9,2896.0,3134.0,81,7,3133.9,531,4,3133.8,24,2,3133.7,14,1,3133.6,40,2,3134.2,710,29,3134.3,137,8,3134.4,99,5,3134.5,19,2,3135.0,2,1
2031,2026-06-16 15:08:57+05:30,3134.2,2,3135.1,3239094,122964.0,193149.0,3163.0,3163.0,3108.0,3134.3,31882400,3447.7,2820.9,3839.9,2896.0,3134.0,58,3,3133.9,531,4,3133.8,24,2,3133.6,23,1,3133.5,522,3,3134.2,783,30,3134.3,161,9,3134.4,108,6,3134.5,19,2,3134.8,124,2
2031,2026-06-16 15:08:57+05:30,3134.2,2,3135.1,3239094,122964.0,193149.0,3163.0,3163.0,3108.0,3134.3,31882400,3447.7,2820.9,3839.9,2896.0,3134.0,58,3,3133.9,531,4,3133.8,24,2,3133.6,23,1,3133.5,522,3,3134.2,783,30,3134.3,161,9,3134.4,108,6,3134.5,19,2,3134.8,124,2
2031,2026-06-16 15:08:57+05:30,3134.2,1,3135.1,3239094,122964.0,193149.0,3163.0,3163.0,3108.0,3134.3,31882400,3447.7,2820.9,3839.9,2896.0,3134.0,58,3,3133.9,531,4,3133.8,24,2,3133.6,23,1,3133.5,522,3,3134.2,783,30,3134.3,161,9,3134.4,108,6,3134.5,19,2,3134.8,124,2
2031,2026-06-16 15:08:57+05:30,3134.2,1,3135.1,3239094,122964.0,193149.0,3163.0,3163.0,3108.0,3134.3,31882400,3447.7,2820.9,3839.9,2896.0,3134.0,58,3,3133.9,531,4,3133.8,24,2,3133.6,23,1,3133.5,522,3,3134.2,783,30,3134.3,161,9,3134.4,108,6,3134.5,19,2,3134.8,124,2
2031,2026-06-16 15:08:58+05:30,3134.0,3,3135.1,3239098,123467.0,193097.0,3163.0,3163.0,3108.0,3134.3,31882400,3447.7,2820.9,3839.9,2896.0,3134.1,1,1,3134.0,124,5,3133.9,532,5,3133.8,53,2,3133.6,53,2,3134.2,782,30,3134.3,161,9,3134.4,108,6,3134.5,19,2,3134.8,102,1
2031,2026-06-16 15:08:58+05:30,3134.0,3,3135.1,3239098,123467.0,193097.0,3163.0,3163.0,3108.0,3134.3,31882400,3447.7,2820.9,3839.9,2896.0,3134.1,1,1,3134.0,124,5,3133.9,532,5,3133.8,53,2,3133.6,53,2,3134.2,782,30,3134.3,161,9,3134.4,108,6,3134.5,19,2,3134.8,102,1
2031,2026-06-16 15:08:58+05:30,3134.2,1,3135.1,3239098,123467.0,193097.0,3163.0,3163.0,3108.0,3134.3,31882400,3447.7,2820.9,3839.9,2896.0,3134.1,1,1,3134.0,124,5,3133.9,532,5,3133.8,53,2,3133.6,53,2,3134.2,782,30,3134.3,161,9,3134.4,108,6,3134.5,19,2,3134.8,102,1
2031,2026-06-16 15:08:59+05:30,3134.2,1,3135.1,3239098,123467.0,193097.0,3163.0,3163.0,3108.0,3134.3,31882400,3447.7,2820.9,3839.9,2896.0,3134.1,1,1,3134.0,124,5,3133.9,532,5,3133.8,53,2,3133.6,53,2,3134.2,782,30,3134.3,161,9,3134.4,108,6,3134.5,19,2,3134.8,102,1
2031,2026-06-16 15:08:59+05:30,3134.1,24,3135.1,3239167,123644.0,193074.0,3163.0,3163.0,3108.0,3134.3,31882400,3447.7,2820.9,3839.9,2896.0,3134.1,76,1,3134.0,67,4,3133.9,531,4,3133.8,52,2,3133.6,53,2,3134.2,755,30,3134.3,161,9,3134.4,108,6,3134.5,19,2,3134.8,102,1
2031,2026-06-16 15:08:59+05:30,3134.2,17,3135.1,3239167,123644.0,193074.0,3163.0,3163.0,3108.0,3134.3,31882400,3447.7,2820.9,3839.9,2896.0,3134.1,76,1,3134.0,67,4,3133.9,531,4,3133.8,52,2,3133.6,53,2,3134.2,755,30,3134.3,161,9,3134.4,108,6,3134.5,19,2,3134.8,102,1
2031,2026-06-16 15:09:00+05:30,3134.2,17,3135.1,3239167,123644.0,193074.0,3163.0,3163.0,3108.0,3134.3,31882400,3447.7,2820.9,3839.9,2896.0,3134.1,76,1,3134.0,67,4,3133.9,531,4,3133.8,52,2,3133.6,53,2,3134.2,755,30,3134.3,161,9,3134.4,108,6,3134.5,19,2,3134.8,102,1
2031,2026-06-16 15:09:00+05:30,3134.2,2,3135.1,3239284,123645.0,192897.0,3163.0,3163.0,3108.0,3134.3,31882400,3447.7,2820.9,3839.9,2896.0,3134.1,181,8,3134.0,45,3,3133.9,531,4,3133.8,22,1,3133.6,69,3,3134.2,697,31,3134.3,161,9,3134.4,108,6,3134.5,19,2,3135.0,46,2
2031,2026-06-16 15:09:00+05:30,3134.2,1,3135.1,3239284,123645.0,192897.0,3163.0,3163.0,3108.0,3134.3,31882400,3447.7,2820.9,3839.9,2896.0,3134.1,181,8,3134.0,45,3,3133.9,531,4,3133.8,22,1,3133.6,69,3,3134.2,697,31,3134.3,161,9,3134.4,108,6,3134.5,19,2,3135.0,46,2
2031,2026-06-16 15:09:00+05:30,3134.2,1,3135.1,3239284,123645.0,192897.0,3163.0,3163.0,3108.0,3134.3,31882400,3447.7,2820.9,3839.9,2896.0,3134.1,181,8,3134.0,45,3,3133.9,531,4,3133.8,22,1,3133.6,69,3,3134.2,697,31,3134.3,161,9,3134.4,108,6,3134.5,19,2,3135.0,46,2
2031,2026-06-16 15:09:01+05:30,3134.1,2,3135.1,3239601,123790.0,193322.0,3163.0,3163.0,3108.0,3134.3,31882400,3447.7,2820.9,3839.9,2896.0,3134.1,17,3,3134.0,33,3,3133.9,531,4,3133.7,1,1,3133.5,556,5,3134.2,822,28,3134.3,161,9,3134.4,108,6,3134.5,19,2,3134.9,50,1
2031,2026-06-16 15:09:01+05:30,3134.1,2,3135.1,3239601,123790.0,193322.0,3163.0,3163.0,3108.0,3134.3,31882400,3447.7,2820.9,3839.9,2896.0,3134.1,17,3,3134.0,33,3,3133.9,531,4,3133.7,1,1,3133.5,556,5,3134.2,822,28,3134.3,161,9,3134.4,108,6,3134.5,19,2,3134.9,50,1
2031,2026-06-16 15:09:01+05:30,3134.1,17,3135.1,3239601,123790.0,193322.0,3163.0,3163.0,3108.0,3134.3,31882400,3447.7,2820.9,3839.9,2896.0,3134.1,17,3,3134.0,33,3,3133.9,531,4,3133.7,1,1,3133.5,556,5,3134.2,822,28,3134.3,161,9,3134.4,108,6,3134.5,19,2,3134.9,50,1
2031,2026-06-16 15:09:02+05:30,3134.1,17,3135.1,3239601,123790.0,193322.0,3163.0,3163.0,3108.0,3134.3,31882400,3447.7,2820.9,3839.9,2896.0,3134.1,17,3,3134.0,33,3,3133.9,531,4,3133.7,1,1,3133.5,556,5,3134.2,822,28,3134.3,161,9,3134.4,108,6,3134.5,19,2,3134.9,50,1
2031,2026-06-16 15:09:02+05:30,3134.1,45,3135.1,3240025,122892.0,193014.0,3163.0,3163.0,3108.0,3134.3,31882400,3447.7,2820.9,3839.9,2896.0,3134.1,9,1,3134.0,32,3,3133.9,531,4,3133.8,22,1,3133.7,1,1,3134.2,692,27,3134.3,164,10,3134.4,108,6,3134.5,19,2,3134.8,169,3
2031,2026-06-16 15:09:02+05:30,3134.1,45,3135.1,3240025,122892.0,193014.0,3163.0,3163.0,3108.0,3134.3,31882400,3447.7,2820.9,3839.9,2896.0,3134.1,9,1,3134.0,32,3,3133.9,531,4,3133.8,22,1,3133.7,1,1,3134.2,692,27,3134.3,164,10,3134.4,108,6,3134.5,19,2,3134.8,169,3
2031,2026-06-16 15:09:03+05:30,3134.1,45,3135.1,3240025,122892.0,193014.0,3163.0,3163.0,3108.0,3134.3,31882400,3447.7,2820.9,3839.9,2896.0,3134.1,9,1,3134.0,32,3,3133.9,531,4,3133.8,22,1,3133.7,1,1,3134.2,692,27,3134.3,164,10,3134.4,108,6,3134.5,19,2,3134.8,169,3
2031,2026-06-16 15:09:03+05:30,3134.1,2,3135.1,3240025,122892.0,193014.0,3163.0,3163.0,3108.0,3134.3,31882400,3447.7,2820.9,3839.9,2896.0,3134.1,9,1,3134.0,32,3,3133.9,531,4,3133.8,22,1,3133.7,1,1,3134.2,692,27,3134.3,164,10,3134.4,108,6,3134.5,19,2,3134.8,169,3
2031,2026-06-16 15:09:03+05:30,3134.1,2,3135.1,3240029,123535.0,193009.0,3163.0,3163.0,3108.0,3134.3,31882400,3447.7,2820.9,3839.9,2896.0,3134.1,5,1,3134.0,56,4,3133.9,531,4,3133.8,53,3,3133.6,52,2,3134.2,670,27,3134.3,164,10,3134.4,108,6,3134.5,19,2,3134.8,100,1
2031,2026-06-16 15:09:04+05:30,3134.1,2,3135.1,3240029,123535.0,193009.0,3163.0,3163.0,3108.0,3134.3,31885400,3447.7,2820.9,3839.9,2896.0,3134.1,5,1,3134.0,56,4,3133.9,531,4,3133.8,53,3,3133.6,52,2,3134.2,670,27,3134.3,164,10,3134.4,108,6,3134.5,19,2,3134.8,100,1
2031,2026-06-16 15:09:04+05:30,3134.2,19,3135.1,3240029,123535.0,193009.0,3163.0,3163.0,3108.0,3134.3,31885400,3447.7,2820.9,3839.9,2896.0,3134.1,5,1,3134.0,56,4,3133.9,531,4,3133.8,53,3,3133.6,52,2,3134.2,670,27,3134.3,164,10,3134.4,108,6,3134.5,19,2,3134.8,100,1
2031,2026-06-16 15:09:04+05:30,3134.2,19,3135.1,3240255,124219.0,193096.0,3163.0,3163.0,3108.0,3134.3,31885400,3447.7,2820.9,3839.9,2896.0,3134.1,99,5,3134.0,17,2,3133.9,531,4,3133.8,53,3,3133.7,14,1,3134.2,535,24,3134.3,161,9,3134.4,108,6,3134.5,19,2,3134.9,44,1
2031,2026-06-16 15:09:05+05:30,3134.1,9,3135.1,3240255,124219.0,193096.0,3163.0,3163.0,3108.0,3134.3,31885400,3447.7,2820.9,3839.9,2896.0,3134.1,99,5,3134.0,17,2,3133.9,531,4,3133.8,53,3,3133.7,14,1,3134.2,535,24,3134.3,161,9,3134.4,108,6,3134.5,19,2,3134.9,44,1
2031,2026-06-16 15:09:05+05:30,3134.1,9,3135.1,3240301,124102.0,193238.0,3163.0,3163.0,3108.0,3134.3,31885400,3447.7,2820.9,3839.9,2896.0,3134.1,40,4,3134.0,17,2,3133.9,532,5,3133.7,14,1,3133.6,22,1,3134.2,672,25,3134.3,161,9,3134.4,108,6,3134.5,19,2,3134.9,44,1
2031,2026-06-16 15:09:06+05:30,3134.1,10,3135.1,3240301,124102.0,193238.0,3163.0,3163.0,3108.0,3134.3,31885400,3447.7,2820.9,3839.9,2896.0,3134.1,40,4,3134.0,17,2,3133.9,532,5,3133.7,14,1,3133.6,22,1,3134.2,672,25,3134.3,161,9,3134.4,108,6,3134.5,19,2,3134.9,44,1
2031,2026-06-16 15:09:06+05:30,3134.1,10,3135.1,3240359,124314.0,193265.0,3163.0,3163.0,3108.0,3134.3,31885400,3447.7,2820.9,3839.9,2896.0,3134.1,84,5,3134.0,45,2,3133.9,532,5,3133.8,51,2,3133.6,51,2,3134.2,700,27,3134.3,161,9,3134.4,108,6,3134.5,19,2,3134.9,161,2
2031,2026-06-16 15:09:07+05:30,3134.2,5,3135.1,3240359,124314.0,193265.0,3163.0,3163.0,3108.0,3134.3,31885400,3447.7,2820.9,3839.9,2896.0,3134.1,84,5,3134.0,45,2,3133.9,532,5,3133.8,51,2,3133.6,51,2,3134.2,700,27,3134.3,161,9,3134.4,108,6,3134.5,19,2,3134.9,161,2
2031,2026-06-16 15:09:07+05:30,3134.1,6,3135.1,3240523,123960.0,193235.0,3163.0,3163.0,3108.0,3134.3,31885400,3447.7,2820.9,3839.9,2896.0,3134.1,26,3,3134.0,17,2,3133.9,531,4,3133.6,39,2,3133.5,534,4,3134.2,709,28,3134.3,161,9,3134.4,108,6,3134.5,19,2,3134.8,49,1
2031,2026-06-16 15:09:08+05:30,3134.1,2,3135.1,3240523,123960.0,193235.0,3163.0,3163.0,3108.0,3134.3,31885400,3447.7,2820.9,3839.9,2896.0,3134.1,26,3,3134.0,17,2,3133.9,531,4,3133.6,39,2,3133.5,534,4,3134.2,709,28,3134.3,161,9,3134.4,108,6,3134.5,19,2,3134.8,49,1
2031,2026-06-16 15:09:08+05:30,3134.2,1,3135.1,3240557,124246.0,193160.0,3163.0,3163.0,3108.0,3134.3,31885400,3447.7,2820.9,3839.9,2896.0,3134.1,197,6,3134.0,45,2,3133.9,531,4,3133.8,63,3,3133.6,68,3,3134.2,708,28,3134.3,161,9,3134.4,108,6,3134.5,19,2,3134.9,118,1
2031,2026-06-16 15:09:09+05:30,3134.2,25,3135.1,3240557,124246.0,193160.0,3163.0,3163.0,3108.0,3134.3,31885400,3447.7,2820.9,3839.9,2896.0,3134.1,197,6,3134.0,45,2,3133.9,531,4,3133.8,63,3,3133.6,68,3,3134.2,708,28,3134.3,161,9,3134.4,108,6,3134.5,19,2,3134.9,118,1
2031,2026-06-16 15:09:10+05:30,3134.5,10,3135.1,3241983,124589.0,189767.0,3163.0,3163.0,3108.0,3134.3,31885400,3447.7,2820.9,3839.9,2896.0,3134.6,4,1,3134.5,83,4,3134.4,33,3,3134.3,63,2,3134.2,182,6,3135.0,2,1,3135.7,13,2,3136.0,153,2,3136.1,9,1,3136.2,1,1
2031,2026-06-16 15:09:10+05:30,3135.0,1,3135.1,3241983,124589.0,189767.0,3163.0,3163.0,3108.0,3134.3,31885400,3447.7,2820.9,3839.9,2896.0,3134.6,4,1,3134.5,83,4,3134.4,33,3,3134.3,63,2,3134.2,182,6,3135.0,2,1,3135.7,13,2,3136.0,153,2,3136.1,9,1,3136.2,1,1
2031,2026-06-16 15:09:11+05:30,3134.7,4,3135.1,3242039,124695.0,190707.0,3163.0,3163.0,3108.0,3134.3,31885400,3447.7,2820.9,3839.9,2896.0,3134.7,6,1,3134.6,90,4,3134.5,126,7,3134.4,61,3,3134.3,87,4,3135.7,13,2,3136.0,153,2,3136.2,1,1,3136.4,31,1,3136.5,24,2
2031,2026-06-16 15:09:11+05:30,3134.7,4,3135.1,3242039,124695.0,190707.0,3163.0,3163.0,3108.0,3134.3,31885400,3447.7,2820.9,3839.9,2896.0,3134.7,6,1,3134.6,90,4,3134.5,126,7,3134.4,61,3,3134.3,87,4,3135.7,13,2,3136.0,153,2,3136.2,1,1,3136.4,31,1,3136.5,24,2
2031,2026-06-16 15:09:12+05:30,3134.7,4,3135.1,3242039,124522.0,190668.0,3163.0,3163.0,3108.0,3134.3,31885400,3447.7,2820.9,3839.9,2896.0,3134.7,82,5,3134.6,46,2,3134.5,63,4,3134.4,61,3,3134.3,25,4,3135.0,2,1,3135.6,169,1,3135.7,24,4,3136.0,153,2,3136.2,1,1
2031,2026-06-16 15:09:13+05:30,3134.9,2,3135.1,3242041,124643.0,191134.0,3163.0,3163.0,3108.0,3134.3,31885400,3447.7,2820.9,3839.9,2896.0,3134.9,39,4,3134.7,86,5,3134.6,100,4,3134.5,63,4,3134.4,61,3,3135.0,195,7,3135.2,22,2,3135.7,24,4,3136.0,153,2,3136.2,15,2
2031,2026-06-16 15:09:13+05:30,3134.9,2,3135.1,3242041,124643.0,191134.0,3163.0,3163.0,3108.0,3134.3,31885400,3447.7,2820.9,3839.9,2896.0,3134.9,39,4,3134.7,86,5,3134.6,100,4,3134.5,63,4,3134.4,61,3,3135.0,195,7,3135.2,22,2,3135.7,24,4,3136.0,153,2,3136.2,15,2
2031,2026-06-16 15:09:14+05:30,3134.6,11,3135.1,3242236,123882.0,190311.0,3163.0,3163.0,3108.0,3134.3,31885400,3447.7,2820.9,3839.9,2896.0,3134.5,1,1,3134.4,1,1,3134.3,73,5,3134.2,7,2,3134.1,165,6,3134.8,1,1,3134.9,1,1,3135.0,231,11,3135.2,22,2,3135.7,186,4
2031,2026-06-16 15:09:14+05:30,3134.5,3,3135.1,3242236,123882.0,190311.0,3163.0,3163.0,3108.0,3134.3,31885400,3447.7,2820.9,3839.9,2896.0,3134.5,1,1,3134.4,1,1,3134.3,73,5,3134.2,7,2,3134.1,165,6,3134.8,1,1,3134.9,1,1,3135.0,231,11,3135.2,22,2,3135.7,186,4
2031,2026-06-16 15:09:15+05:30,3134.9,13,3135.1,3242331,125050.0,190868.0,3163.0,3163.0,3108.0,3134.3,31885400,3447.7,2820.9,3839.9,2896.0,3134.8,53,4,3134.7,15,1,3134.6,64,3,3134.5,299,4,3134.4,58,3,3134.9,22,4,3135.0,214,8,3135.2,22,2,3135.7,13,2,3136.0,153,2
2031,2026-06-16 15:09:15+05:30,3134.9,2,3135.1,3242331,125050.0,190868.0,3163.0,3163.0,3108.0,3134.3,31885400,3447.7,2820.9,3839.9,2896.0,3134.8,53,4,3134.7,15,1,3134.6,64,3,3134.5,299,4,3134.4,58,3,3134.9,22,4,3135.0,214,8,3135.2,22,2,3135.7,13,2,3136.0,153,2
2031,2026-06-16 15:09:16+05:30,3134.9,15,3135.1,3242530,125569.0,189048.0,3163.0,3163.0,3108.0,3134.3,31885400,3447.7,2820.9,3839.9,2896.0,3134.8,56,5,3134.7,17,2,3134.6,63,3,3134.5,237,2,3134.4,72,3,3134.9,6,1,3135.0,176,5,3135.2,22,2,3135.7,13,2,3135.8,128,1
2031,2026-06-16 15:09:16+05:30,3134.8,8,3135.1,3242530,125569.0,189048.0,3163.0,3163.0,3108.0,3134.3,31885400,3447.7,2820.9,3839.9,2896.0,3134.8,56,5,3134.7,17,2,3134.6,63,3,3134.5,237,2,3134.4,72,3,3134.9,6,1,3135.0,176,5,3135.2,22,2,3135.7,13,2,3135.8,128,1
2031,2026-06-16 15:09:17+05:30,3134.9,2,3135.1,3242563,124821.0,191195.0,3163.0,3163.0,3108.0,3134.3,31885400,3447.7,2820.9,3839.9,2896.0,3134.8,35,4,3134.7,21,4,3134.6,62,2,3134.5,295,4,3134.4,57,2,3134.9,117,6,3135.0,168,6,3135.2,22,2,3135.7,13,2,3135.8,128,1
2031,2026-06-16 15:09:17+05:30,3134.9,2,3135.1,3242563,124821.0,191195.0,3163.0,3163.0,3108.0,3134.3,31885400,3447.7,2820.9,3839.9,2896.0,3134.8,35,4,3134.7,21,4,3134.6,62,2,3134.5,295,4,3134.4,57,2,3134.9,117,6,3135.0,168,6,3135.2,22,2,3135.7,13,2,3135.8,128,1
2031,2026-06-16 15:09:18+05:30,3134.9,53,3135.1,3242771,124718.0,191107.0,3163.0,3163.0,3108.0,3134.3,31885400,3447.7,2820.9,3839.9,2896.0,3134.8,53,5,3134.7,20,3,3134.6,60,2,3134.5,250,3,3134.4,32,1,3134.9,51,4,3135.0,84,6,3135.2,22,2,3135.7,13,2,3135.8,128,1
2031,2026-06-16 15:09:18+05:30,3134.5,103,3135.1,3242771,124718.0,191107.0,3163.0,3163.0,3108.0,3134.3,31885400,3447.7,2820.9,3839.9,2896.0,3134.8,53,5,3134.7,20,3,3134.6,60,2,3134.5,250,3,3134.4,32,1,3134.9,51,4,3135.0,84,6,3135.2,22,2,3135.7,13,2,3135.8,128,1
2031,2026-06-16 15:09:19+05:30,3134.8,5,3135.1,3242771,124718.0,191107.0,3163.0,3163.0,3108.0,3134.3,31885400,3447.7,2820.9,3839.9,2896.0,3134.8,53,5,3134.7,20,3,3134.6,60,2,3134.5,250,3,3134.4,32,1,3134.9,51,4,3135.0,84,6,3135.2,22,2,3135.7,13,2,3135.8,128,1
2031,2026-06-16 15:09:19+05:30,3134.8,5,3135.1,3243407,124619.0,191268.0,3163.0,3163.0,3108.0,3134.3,31885400,3447.7,2820.9,3839.9,2896.0,3134.8,16,1,3134.6,31,1,3134.5,133,1,3134.4,64,1,3134.3,18,3,3134.9,107,8,3135.0,81,5,3135.2,22,2,3135.7,13,2,3135.8,128,1
2031,2026-06-16 15:09:20+05:30,3134.9,4,3135.1,3243407,124619.0,191268.0,3163.0,3163.0,3108.0,3134.3,31885400,3447.7,2820.9,3839.9,2896.0,3134.8,16,1,3134.6,31,1,3134.5,133,1,3134.4,64,1,3134.3,18,3,3134.9,107,8,3135.0,81,5,3135.2,22,2,3135.7,13,2,3135.8,128,1
2031,2026-06-16 15:09:20+05:30,3134.9,4,3135.1,3243447,125072.0,191108.0,3163.0,3163.0,3108.0,3134.3,31885400,3447.7,2820.9,3839.9,2896.0,3134.8,310,6,3134.6,278,3,3134.5,133,1,3134.4,57,2,3134.3,19,4,3134.9,160,9,3135.0,85,6,3135.2,22,2,3135.7,37,3,3135.8,128,1
2031,2026-06-16 15:09:21+05:30,3134.8,90,3135.1,3243447,125072.0,191108.0,3163.0,3163.0,3108.0,3134.3,31885400,3447.7,2820.9,3839.9,2896.0,3134.8,310,6,3134.6,278,3,3134.5,133,1,3134.4,57,2,3134.3,19,4,3134.9,160,9,3135.0,85,6,3135.2,22,2,3135.7,37,3,3135.8,128,1
2031,2026-06-16 15:09:21+05:30,3134.8,148,3135.1,3243696,124390.0,191325.0,3163.0,3163.0,3108.0,3134.3,31885400,3447.7,2820.9,3839.9,2896.0,3134.8,40,2,3134.6,239,2,3134.5,133,1,3134.4,25,1,3134.3,18,3,3134.9,155,8,3135.0,85,6,3135.2,22,2,3135.7,37,3,3135.8,128,1
2031,2026-06-16 15:09:22+05:30,3134.8,10,3135.1,3243696,124390.0,191325.0,3163.0,3163.0,3108.0,3134.3,31885400,3447.7,2820.9,3839.9,2896.0,3134.8,40,2,3134.6,239,2,3134.5,133,1,3134.4,25,1,3134.3,18,3,3134.9,155,8,3135.0,85,6,3135.2,22,2,3135.7,37,3,3135.8,128,1
2031,2026-06-16 15:09:22+05:30,3134.8,10,3135.1,3243790,124655.0,191604.0,3163.0,3163.0,3108.0,3134.3,31885400,3447.7,2820.9,3839.9,2896.0,3134.8,16,1,3134.7,3,1,3134.6,414,2,3134.5,133,1,3134.3,44,4,3134.9,219,10,3135.0,144,7,3135.2,22,2,3135.3,13,1,3135.5,19,1
2031,2026-06-16 15:09:23+05:30,3134.8,2,3135.1,3243790,124655.0,191604.0,3163.0,3163.0,3108.0,3134.3,31885400,3447.7,2820.9,3839.9,2896.0,3134.8,16,1,3134.7,3,1,3134.6,414,2,3134.5,133,1,3134.3,44,4,3134.9,219,10,3135.0,144,7,3135.2,22,2,3135.3,13,1,3135.5,19,1
2031,2026-06-16 15:09:23+05:30,3134.8,12,3135.1,3243912,124765.0,191478.0,3163.0,3163.0,3108.0,3134.3,31885400,3447.7,2820.9,3839.9,2896.0,3134.8,11,2,3134.7,3,1,3134.6,414,2,3134.5,133,1,3134.3,18,3,3134.9,221,11,3135.0,144,7,3135.1,8,1,3135.2,22,2,3135.3,13,1
2031,2026-06-16 15:09:24+05:30,3134.8,21,3135.1,3243912,124765.0,191478.0,3163.0,3163.0,3108.0,3134.3,31885400,3447.7,2820.9,3839.9,2896.0,3134.8,11,2,3134.7,3,1,3134.6,414,2,3134.5,133,1,3134.3,18,3,3134.9,221,11,3135.0,144,7,3135.1,8,1,3135.2,22,2,3135.3,13,1
2031,2026-06-16 15:09:25+05:30,3134.9,17,3135.1,3244020,126390.0,191552.0,3163.0,3163.0,3108.0,3134.3,31885400,3447.7,2820.9,3839.9,2896.0,3134.8,450,7,3134.7,283,1,3134.6,918,6,3134.5,416,2,3134.4,32,1,3134.9,190,7,3135.0,144,7,3135.2,22,2,3135.7,13,2,3135.8,172,2
2031,2026-06-16 15:09:25+05:30,3134.9,4,3135.1,3244020,126390.0,191552.0,3163.0,3163.0,3108.0,3134.3,31885400,3447.7,2820.9,3839.9,2896.0,3134.8,450,7,3134.7,283,1,3134.6,918,6,3134.5,416,2,3134.4,32,1,3134.9,190,7,3135.0,144,7,3135.2,22,2,3135.7,13,2,3135.8,172,2
2031,2026-06-16 15:09:26+05:30,3134.8,47,3135.1,3244072,126392.0,191495.0,3163.0,3163.0,3108.0,3134.3,31885400,3447.7,2820.9,3839.9,2896.0,3134.8,427,8,3134.7,283,1,3134.6,918,6,3134.5,416,2,3134.4,35,2,3134.9,212,7,3135.0,144,7,3135.2,22,2,3135.7,13,2,3135.8,172,2
2031,2026-06-16 15:09:26+05:30,3134.8,4,3135.1,3244072,126392.0,191495.0,3163.0,3163.0,3108.0,3134.3,31885400,3447.7,2820.9,3839.9,2896.0,3134.8,427,8,3134.7,283,1,3134.6,918,6,3134.5,416,2,3134.4,35,2,3134.9,212,7,3135.0,144,7,3135.2,22,2,3135.7,13,2,3135.8,172,2
2031,2026-06-16 15:09:27+05:30,3134.8,1,3135.1,3244093,126466.0,191472.0,3163.0,3163.0,3108.0,3134.3,31885400,3447.7,2820.9,3839.9,2896.0,3134.8,439,8,3134.7,283,1,3134.6,918,6,3134.5,460,3,3134.4,35,2,3134.9,224,7,3135.0,144,7,3135.2,22,2,3135.7,13,2,3135.8,128,1
2031,2026-06-16 15:09:27+05:30,3134.8,145,3135.1,3244093,126466.0,191472.0,3163.0,3163.0,3108.0,3134.3,31885400,3447.7,2820.9,3839.9,2896.0,3134.8,439,8,3134.7,283,1,3134.6,918,6,3134.5,460,3,3134.4,35,2,3134.9,224,7,3135.0,144,7,3135.2,22,2,3135.7,13,2,3135.8,128,1
2031,2026-06-16 15:09:28+05:30,3134.8,2,3135.1,3244289,125987.0,191636.0,3163.0,3163.0,3108.0,3134.3,31885400,3447.7,2820.9,3839.9,2896.0,3134.8,235,5,3134.7,283,1,3134.6,861,4,3134.5,441,3,3134.4,3,1,3134.9,256,9,3135.0,144,7,3135.2,22,2,3135.7,13,2,3135.8,128,1
2031,2026-06-16 15:09:28+05:30,3134.8,2,3135.1,3244289,125987.0,191636.0,3163.0,3163.0,3108.0,3134.3,31885400,3447.7,2820.9,3839.9,2896.0,3134.8,235,5,3134.7,283,1,3134.6,861,4,3134.5,441,3,3134.4,3,1,3134.9,256,9,3135.0,144,7,3135.2,22,2,3135.7,13,2,3135.8,128,1
2031,2026-06-16 15:09:29+05:30,3134.8,23,3135.1,3244359,125917.0,191662.0,3163.0,3163.0,3108.0,3134.3,31885400,3447.7,2820.9,3839.9,2896.0,3134.8,165,5,3134.7,283,1,3134.6,861,4,3134.5,441,3,3134.4,3,1,3134.9,282,10,3135.0,144,7,3135.2,22,2,3135.7,13,2,3135.8,128,1
2031,2026-06-16 15:09:29+05:30,3134.9,18,3135.1,3244359,125917.0,191662.0,3163.0,3163.0,3108.0,3134.3,31885400,3447.7,2820.9,3839.9,2896.0,3134.8,165,5,3134.7,283,1,3134.6,861,4,3134.5,441,3,3134.4,3,1,3134.9,282,10,3135.0,144,7,3135.2,22,2,3135.7,13,2,3135.8,128,1
2031,2026-06-16 15:09:30+05:30,3134.9,16,3135.1,3244476,126497.0,190952.0,3163.0,3163.0,3108.0,3134.3,31885400,3447.7,2820.9,3839.9,2896.0,3134.8,404,15,3134.7,420,3,3134.6,918,6,3134.5,416,2,3134.4,60,3,3134.9,297,14,3135.0,144,7,3135.2,22,2,3135.7,13,2,3135.8,128,1
2031,2026-06-16 15:09:30+05:30,3134.9,1,3135.1,3244476,126497.0,190952.0,3163.0,3163.0,3108.0,3134.3,31885400,3447.7,2820.9,3839.9,2896.0,3134.8,404,15,3134.7,420,3,3134.6,918,6,3134.5,416,2,3134.4,60,3,3134.9,297,14,3135.0,144,7,3135.2,22,2,3135.7,13,2,3135.8,128,1
2031,2026-06-16 15:09:31+05:30,3135.0,43,3135.1,3245189,126820.0,187788.0,3163.0,3163.0,3108.0,3134.3,31885400,3447.7,2820.9,3839.9,2896.0,3135.0,32,1,3134.9,247,5,3134.8,369,12,3134.7,430,6,3134.6,958,8,3135.2,22,2,3135.7,13,2,3136.0,25,1,3136.2,1,1,3136.3,128,1
2031,2026-06-16 15:09:31+05:30,3135.0,43,3135.1,3245189,126820.0,187788.0,3163.0,3163.0,3108.0,3134.3,31885400,3447.7,2820.9,3839.9,2896.0,3135.0,32,1,3134.9,247,5,3134.8,369,12,3134.7,430,6,3134.6,958,8,3135.2,22,2,3135.7,13,2,3136.0,25,1,3136.2,1,1,3136.3,128,1
2031,2026-06-16 15:09:32+05:30,3135.2,1,3135.1,3245210,126758.0,190262.0,3163.0,3163.0,3108.0,3134.3,31885400,3447.7,2820.9,3839.9,2896.0,3135.0,2,1,3134.9,26,1,3134.8,347,11,3134.7,421,4,3134.6,1087,10,3135.2,101,2,3135.7,13,2,3136.0,25,1,3136.1,9,1,3136.2,1,1
2031,2026-06-16 15:09:32+05:30,3135.2,1,3135.1,3245210,126758.0,190262.0,3163.0,3163.0,3108.0,3134.3,31885400,3447.7,2820.9,3839.9,2896.0,3135.0,2,1,3134.9,26,1,3134.8,347,11,3134.7,421,4,3134.6,1087,10,3135.2,101,2,3135.7,13,2,3136.0,25,1,3136.1,9,1,3136.2,1,1
2031,2026-06-16 15:09:33+05:30,3134.9,24,3135.1,3245262,126452.0,190681.0,3163.0,3163.0,3108.0,3134.3,31885400,3447.7,2820.9,3839.9,2896.0,3134.8,347,11,3134.7,421,4,3134.6,921,7,3134.5,519,6,3134.4,58,3,3135.2,241,5,3135.7,13,2,3136.0,25,1,3136.1,128,1,3136.2,43,2
2031,2026-06-16 15:09:33+05:30,3134.9,24,3135.1,3245262,126452.0,190681.0,3163.0,3163.0,3108.0,3134.3,31885400,3447.7,2820.9,3839.9,2896.0,3134.8,347,11,3134.7,421,4,3134.6,921,7,3134.5,519,6,3134.4,58,3,3135.2,241,5,3135.7,13,2,3136.0,25,1,3136.1,128,1,3136.2,43,2
2031,2026-06-16 15:09:34+05:30,3135.1,27,3135.1,3245332,126870.0,190986.0,3163.0,3163.0,3108.0,3134.3,31885400,3447.7,2820.9,3839.9,2896.0,3135.0,3,1,3134.8,574,13,3134.7,422,5,3134.6,921,7,3134.5,565,4,3135.1,204,3,3135.2,119,8,3135.7,13,2,3136.0,25,1,3136.1,128,1
2031,2026-06-16 15:09:34+05:30,3135.1,27,3135.1,3245332,126870.0,190986.0,3163.0,3163.0,3108.0,3134.3,31885400,3447.7,2820.9,3839.9,2896.0,3135.0,3,1,3134.8,574,13,3134.7,422,5,3134.6,921,7,3134.5,565,4,3135.1,204,3,3135.2,119,8,3135.7,13,2,3136.0,25,1,3136.1,128,1
2031,2026-06-16 15:09:35+05:30,3135.1,1,3135.1,3245332,126870.0,190986.0,3163.0,3163.0,3108.0,3134.3,31885400,3447.7,2820.9,3839.9,2896.0,3135.0,3,1,3134.8,574,13,3134.7,422,5,3134.6,921,7,3134.5,565,4,3135.1,204,3,3135.2,119,8,3135.7,13,2,3136.0,25,1,3136.1,128,1
2031,2026-06-16 15:09:35+05:30,3135.1,1,3135.1,3245523,126538.0,191020.0,3163.0,3163.0,3108.0,3134.3,31885400,3447.7,2820.9,3839.9,2896.0,3134.8,608,10,3134.7,635,5,3134.6,705,6,3134.5,544,3,3134.4,57,2,3135.1,287,8,3135.2,89,6,3135.3,10,1,3135.5,6,1,3135.7,61,3
2031,2026-06-16 15:09:36+05:30,3134.8,10,3135.1,3245523,126538.0,191020.0,3163.0,3163.0,3108.0,3134.3,31885400,3447.7,2820.9,3839.9,2896.0,3134.8,608,10,3134.7,635,5,3134.6,705,6,3134.5,544,3,3134.4,57,2,3135.1,287,8,3135.2,89,6,3135.3,10,1,3135.5,6,1,3135.7,61,3
2031,2026-06-16 15:09:36+05:30,3135.1,1,3135.1,3245584,126558.0,190804.0,3163.0,3163.0,3108.0,3134.3,31885400,3447.7,2820.9,3839.9,2896.0,3134.8,628,13,3134.7,659,5,3134.6,680,5,3134.5,416,2,3134.4,57,2,3135.1,306,11,3135.2,62,5,3135.3,10,1,3135.5,6,1,3135.7,13,2
2031,2026-06-16 15:09:37+05:30,3135.1,2,3135.1,3245584,126558.0,190804.0,3163.0,3163.0,3108.0,3134.3,31885400,3447.7,2820.9,3839.9,2896.0,3134.8,628,13,3134.7,659,5,3134.6,680,5,3134.5,416,2,3134.4,57,2,3135.1,306,11,3135.2,62,5,3135.3,10,1,3135.5,6,1,3135.7,13,2
2031,2026-06-16 15:09:37+05:30,3135.1,2,3135.1,3245586,126526.0,190824.0,3163.0,3163.0,3108.0,3134.3,31885400,3447.7,2820.9,3839.9,2896.0,3134.8,628,13,3134.7,660,6,3134.6,647,3,3134.5,416,2,3134.4,99,3,3135.1,325,12,3135.2,62,5,3135.3,10,1,3135.5,6,1,3135.7,13,2
2031,2026-06-16 15:09:38+05:30,3135.1,7,3135.1,3245586,126526.0,190824.0,3163.0,3163.0,3108.0,3134.3,31885400,3447.7,2820.9,3839.9,2896.0,3134.8,628,13,3134.7,660,6,3134.6,647,3,3134.5,416,2,3134.4,99,3,3135.1,325,12,3135.2,62,5,3135.3,10,1,3135.5,6,1,3135.7,13,2
2031,2026-06-16 15:09:39+05:30,3135.1,7,3135.1,3246014,126712.0,190649.0,3163.0,3163.0,3108.0,3134.3,31885400,3447.7,2820.9,3839.9,2896.0,3134.9,59,5,3134.8,623,10,3134.7,676,5,3134.6,704,5,3134.5,544,3,3135.1,128,7,3135.2,62,5,3135.3,10,1,3135.5,6,1,3135.7,13,2
2031,2026-06-16 15:09:39+05:30,3134.9,6,3135.1,3246014,126712.0,190649.0,3163.0,3163.0,3108.0,3134.3,31885400,3447.7,2820.9,3839.9,2896.0,3134.9,59,5,3134.8,623,10,3134.7,676,5,3134.6,704,5,3134.5,544,3,3135.1,128,7,3135.2,62,5,3135.3,10,1,3135.5,6,1,3135.7,13,2
2031,2026-06-16 15:09:40+05:30,3135.1,7,3135.1,3246044,127015.0,190606.0,3163.0,3163.0,3108.0,3134.3,31885400,3447.7,2820.9,3839.9,2896.0,3135.0,4,1,3134.9,362,9,3134.8,589,8,3134.7,692,6,3134.6,704,5,3135.1,121,7,3135.2,62,5,3135.3,10,1,3135.5,6,1,3135.7,13,2
2031,2026-06-16 15:09:40+05:30,3135.1,2,3135.1,3246044,127015.0,190606.0,3163.0,3163.0,3108.0,3134.3,31885400,3447.7,2820.9,3839.9,2896.0,3135.0,4,1,3134.9,362,9,3134.8,589,8,3134.7,692,6,3134.6,704,5,3135.1,121,7,3135.2,62,5,3135.3,10,1,3135.5,6,1,3135.7,13,2
2031,2026-06-16 15:09:41+05:30,3135.1,1,3135.1,3246053,126797.0,191068.0,3163.0,3163.0,3108.0,3134.3,31885400,3447.7,2820.9,3839.9,2896.0,3135.0,5,2,3134.9,309,7,3134.8,666,10,3134.7,650,5,3134.6,705,6,3135.1,154,8,3135.2,62,5,3135.3,10,1,3135.5,6,1,3135.7,13,2
2031,2026-06-16 15:09:41+05:30,3135.1,12,3135.1,3246053,126797.0,191068.0,3163.0,3163.0,3108.0,3134.3,31885400,3447.7,2820.9,3839.9,2896.0,3135.0,5,2,3134.9,309,7,3134.8,666,10,3134.7,650,5,3134.6,705,6,3135.1,154,8,3135.2,62,5,3135.3,10,1,3135.5,6,1,3135.7,13,2
2031,2026-06-16 15:09:42+05:30,3135.0,6,3135.1,3246242,127196.0,190988.0,3163.0,3163.0,3108.0,3134.3,31885400,3447.7,2820.9,3839.9,2896.0,3135.0,95,6,3134.9,357,7,3134.8,653,10,3134.7,664,6,3134.6,706,6,3135.1,70,4,3135.2,62,5,3135.3,10,1,3135.5,6,1,3135.7,14,3
2031,2026-06-16 15:09:42+05:30,3135.0,6,3135.1,3246242,127196.0,190988.0,3163.0,3163.0,3108.0,3134.3,31885400,3447.7,2820.9,3839.9,2896.0,3135.0,95,6,3134.9,357,7,3134.8,653,10,3134.7,664,6,3134.6,706,6,3135.1,70,4,3135.2,62,5,3135.3,10,1,3135.5,6,1,3135.7,14,3
2031,2026-06-16 15:09:43+05:30,3135.0,6,3135.1,3246242,127222.0,191221.0,3163.0,3163.0,3108.0,3134.3,31885400,3447.7,2820.9,3839.9,2896.0,3135.0,96,6,3134.9,360,8,3134.8,633,9,3134.7,664,6,3134.6,707,7,3135.1,190,7,3135.2,62,5,3135.3,10,1,3135.5,6,1,3135.7,14,3
2031,2026-06-16 15:09:43+05:30,3135.1,3,3135.1,3246242,127222.0,191221.0,3163.0,3163.0,3108.0,3134.3,31885400,3447.7,2820.9,3839.9,2896.0,3135.0,96,6,3134.9,360,8,3134.8,633,9,3134.7,664,6,3134.6,707,7,3135.1,190,7,3135.2,62,5,3135.3,10,1,3135.5,6,1,3135.7,14,3
2031,2026-06-16 15:09:43+05:30,3135.1,3,3135.1,3246242,127222.0,191221.0,3163.0,3163.0,3108.0,3134.3,31885400,3447.7,2820.9,3839.9,2896.0,3135.0,96,6,3134.9,360,8,3134.8,633,9,3134.7,664,6,3134.6,707,7,3135.1,190,7,3135.2,62,5,3135.3,10,1,3135.5,6,1,3135.7,14,3
2031,2026-06-16 15:09:44+05:30,3135.0,8,3135.1,3246476,126500.0,190993.0,3163.0,3163.0,3108.0,3134.3,31885400,3447.7,2820.9,3839.9,2896.0,3135.0,26,3,3134.9,341,5,3134.8,575,8,3134.7,665,7,3134.6,648,4,3135.1,210,9,3135.2,62,5,3135.3,10,1,3135.5,6,1,3135.7,56,5
2031,2026-06-16 15:09:44+05:30,3135.1,6,3135.1,3246476,126500.0,190993.0,3163.0,3163.0,3108.0,3134.3,31885400,3447.7,2820.9,3839.9,2896.0,3135.0,26,3,3134.9,341,5,3134.8,575,8,3134.7,665,7,3134.6,648,4,3135.1,210,9,3135.2,62,5,3135.3,10,1,3135.5,6,1,3135.7,56,5
2031,2026-06-16 15:09:45+05:30,3135.1,2,3135.1,3246987,127465.0,190606.0,3163.0,3163.0,3108.0,3134.3,31885400,3447.7,2820.9,3839.9,2896.0,3135.0,462,8,3134.9,337,3,3134.8,765,13,3134.7,664,6,3134.6,602,9,3135.1,15,2,3135.2,62,5,3135.3,10,1,3135.5,6,1,3135.7,14,3
2031,2026-06-16 15:09:45+05:30,3135.1,2,3135.1,3246987,127465.0,190606.0,3163.0,3163.0,3108.0,3134.3,31885400,3447.7,2820.9,3839.9,2896.0,3135.0,462,8,3134.9,337,3,3134.8,765,13,3134.7,664,6,3134.6,602,9,3135.1,15,2,3135.2,62,5,3135.3,10,1,3135.5,6,1,3135.7,14,3
2031,2026-06-16 15:09:45+05:30,3135.1,2,3135.1,3246987,127465.0,190606.0,3163.0,3163.0,3108.0,3134.3,31885400,3447.7,2820.9,3839.9,2896.0,3135.0,462,8,3134.9,337,3,3134.8,765,13,3134.7,664,6,3134.6,602,9,3135.1,15,2,3135.2,62,5,3135.3,10,1,3135.5,6,1,3135.7,14,3
2031,2026-06-16 15:09:46+05:30,3135.0,1,3135.1,3247021,127581.0,190656.0,3163.0,3163.0,3108.0,3134.3,31885400,3447.7,2820.9,3839.9,2896.0,3135.0,553,13,3134.9,326,3,3134.8,750,11,3134.7,690,6,3134.6,602,9,3135.1,50,4,3135.2,62,5,3135.3,10,1,3135.5,6,1,3135.7,14,3
2031,2026-06-16 15:09:46+05:30,3135.0,1,3135.1,3247021,127581.0,190656.0,3163.0,3163.0,3108.0,3134.3,31885400,3447.7,2820.9,3839.9,2896.0,3135.0,553,13,3134.9,326,3,3134.8,750,11,3134.7,690,6,3134.6,602,9,3135.1,50,4,3135.2,62,5,3135.3,10,1,3135.5,6,1,3135.7,14,3
2031,2026-06-16 15:09:47+05:30,3135.1,1,3135.1,3247045,127556.0,190657.0,3163.0,3163.0,3108.0,3134.3,31885400,3447.7,2820.9,3839.9,2896.0,3135.0,553,15,3134.9,326,3,3134.8,767,12,3134.7,648,5,3134.6,601,8,3135.1,66,4,3135.2,62,5,3135.3,10,1,3135.5,6,1,3135.7,14,3
2031,2026-06-16 15:09:47+05:30,3135.1,1,3135.1,3247045,127556.0,190657.0,3163.0,3163.0,3108.0,3134.3,31885400,3447.7,2820.9,3839.9,2896.0,3135.0,553,15,3134.9,326,3,3134.8,767,12,3134.7,648,5,3134.6,601,8,3135.1,66,4,3135.2,62,5,3135.3,10,1,3135.5,6,1,3135.7,14,3
2031,2026-06-16 15:09:47+05:30,3135.1,1,3135.1,3247045,127556.0,190657.0,3163.0,3163.0,3108.0,3134.3,31885400,3447.7,2820.9,3839.9,2896.0,3135.0,553,15,3134.9,326,3,3134.8,767,12,3134.7,648,5,3134.6,601,8,3135.1,66,4,3135.2,62,5,3135.3,10,1,3135.5,6,1,3135.7,14,3
2031,2026-06-16 15:09:48+05:30,3135.0,1,3135.1,3247079,127516.0,190653.0,3163.0,3163.0,3108.0,3134.3,31885400,3447.7,2820.9,3839.9,2896.0,3135.0,530,15,3134.9,327,4,3134.8,749,10,3134.7,648,5,3134.6,601,8,3135.1,28,3,3135.2,62,5,3135.3,10,1,3135.5,6,1,3135.7,14,3
2031,2026-06-16 15:09:48+05:30,3135.1,21,3135.1,3247079,127516.0,190653.0,3163.0,3163.0,3108.0,3134.3,31885400,3447.7,2820.9,3839.9,2896.0,3135.0,530,15,3134.9,327,4,3134.8,749,10,3134.7,648,5,3134.6,601,8,3135.1,28,3,3135.2,62,5,3135.3,10,1,3135.5,6,1,3135.7,14,3
2031,2026-06-16 15:09:49+05:30,3135.1,1,3135.1,3247200,127429.0,190974.0,3163.0,3163.0,3108.0,3134.3,31885400,3447.7,2820.9,3839.9,2896.0,3135.1,1,1,3135.0,549,16,3134.9,326,3,3134.8,631,9,3134.7,648,5,3135.2,62,5,3135.3,10,1,3135.5,6,1,3135.7,14,3,3135.9,20,1
2031,2026-06-16 15:09:49+05:30,3135.1,1,3135.1,3247200,127429.0,190974.0,3163.0,3163.0,3108.0,3134.3,31885400,3447.7,2820.9,3839.9,2896.0,3135.1,1,1,3135.0,549,16,3134.9,326,3,3134.8,631,9,3134.7,648,5,3135.2,62,5,3135.3,10,1,3135.5,6,1,3135.7,14,3,3135.9,20,1
2031,2026-06-16 15:09:50+05:30,3135.1,1,3135.1,3247200,127429.0,190974.0,3163.0,3163.0,3108.0,3134.3,31885400,3447.7,2820.9,3839.9,2896.0,3135.1,1,1,3135.0,549,16,3134.9,326,3,3134.8,631,9,3134.7,648,5,3135.2,62,5,3135.3,10,1,3135.5,6,1,3135.7,14,3,3135.9,20,1
2031,2026-06-16 15:09:50+05:30,3135.1,14,3135.1,3247221,127191.0,191116.0,3163.0,3163.0,3108.0,3134.3,31885400,3447.7,2820.9,3839.9,2896.0,3135.1,69,6,3135.0,529,17,3134.9,540,4,3134.8,613,10,3134.7,409,3,3135.2,156,9,3135.3,10,1,3135.5,6,1,3135.7,14,3,3135.9,20,1
2031,2026-06-16 15:09:50+05:30,3135.1,14,3135.1,3247221,127191.0,191116.0,3163.0,3163.0,3108.0,3134.3,31885400,3447.7,2820.9,3839.9,2896.0,3135.1,69,6,3135.0,529,17,3134.9,540,4,3134.8,613,10,3134.7,409,3,3135.2,156,9,3135.3,10,1,3135.5,6,1,3135.7,14,3,3135.9,20,1
2031,2026-06-16 15:09:51+05:30,3135.2,45,3135.1,3247495,127189.0,191191.0,3163.0,3163.0,3108.0,3134.3,31885400,3447.7,2820.9,3839.9,2896.0,3135.1,530,6,3135.0,481,15,3134.9,362,2,3134.8,580,8,3134.7,322,4,3135.2,190,11,3135.3,46,3,3135.5,6,1,3135.7,14,3,3135.9,20,1
2031,2026-06-16 15:09:51+05:30,3135.2,1,3135.1,3247495,127189.0,191191.0,3163.0,3163.0,3108.0,3134.3,31885400,3447.7,2820.9,3839.9,2896.0,3135.1,530,6,3135.0,481,15,3134.9,362,2,3134.8,580,8,3134.7,322,4,3135.2,190,11,3135.3,46,3,3135.5,6,1,3135.7,14,3,3135.9,20,1
2031,2026-06-16 15:09:52+05:30,3135.2,14,3135.1,3247784,127319.0,190885.0,3163.0,3163.0,3108.0,3134.3,31885400,3447.7,2820.9,3839.9,2896.0,3135.1,541,8,3135.0,463,13,3134.9,562,3,3134.8,604,9,3134.7,299,4,3135.2,97,5,3135.3,41,2,3135.5,6,1,3135.7,14,3,3136.0,48,2
2031,2026-06-16 15:09:52+05:30,3135.2,14,3135.1,3247784,127319.0,190885.0,3163.0,3163.0,3108.0,3134.3,31885400,3447.7,2820.9,3839.9,2896.0,3135.1,541,8,3135.0,463,13,3134.9,562,3,3134.8,604,9,3134.7,299,4,3135.2,97,5,3135.3,41,2,3135.5,6,1,3135.7,14,3,3136.0,48,2
2031,2026-06-16 15:09:52+05:30,3135.2,14,3135.1,3247784,127319.0,190885.0,3163.0,3163.0,3108.0,3134.3,31885400,3447.7,2820.9,3839.9,2896.0,3135.1,541,8,3135.0,463,13,3134.9,562,3,3134.8,604,9,3134.7,299,4,3135.2,97,5,3135.3,41,2,3135.5,6,1,3135.7,14,3,3136.0,48,2
2031,2026-06-16 15:09:53+05:30,3135.2,1,3135.1,3247799,127251.0,190941.0,3163.0,3163.0,3108.0,3134.3,31885400,3447.7,2820.9,3839.9,2896.0,3135.1,483,6,3135.0,512,15,3134.9,562,3,3134.8,459,8,3134.7,321,3,3135.2,148,7,3135.3,41,2,3135.5,6,1,3135.7,14,3,3136.0,48,2
2031,2026-06-16 15:09:53+05:30,3135.2,1,3135.1,3247799,127251.0,190941.0,3163.0,3163.0,3108.0,3134.3,31885400,3447.7,2820.9,3839.9,2896.0,3135.1,483,6,3135.0,512,15,3134.9,562,3,3134.8,459,8,3134.7,321,3,3135.2,148,7,3135.3,41,2,3135.5,6,1,3135.7,14,3,3136.0,48,2
2031,2026-06-16 15:09:54+05:30,3135.2,1,3135.1,3247799,127251.0,190941.0,3163.0,3163.0,3108.0,3134.3,31885400,3447.7,2820.9,3839.9,2896.0,3135.1,483,6,3135.0,512,15,3134.9,562,3,3134.8,459,8,3134.7,321,3,3135.2,148,7,3135.3,41,2,3135.5,6,1,3135.7,14,3,3136.0,48,2
2031,2026-06-16 15:09:54+05:30,3135.3,31,3135.1,3247799,127251.0,190941.0,3163.0,3163.0,3108.0,3134.3,31885400,3447.7,2820.9,3839.9,2896.0,3135.1,483,6,3135.0,512,15,3134.9,562,3,3134.8,459,8,3134.7,321,3,3135.2,148,7,3135.3,41,2,3135.5,6,1,3135.7,14,3,3136.0,48,2
2031,2026-06-16 15:09:54+05:30,3135.3,31,3135.1,3248060,127222.0,190549.0,3163.0,3163.0,3108.0,3134.3,31885400,3447.7,2820.9,3839.9,2896.0,3135.1,508,8,3135.0,461,13,3134.9,600,5,3134.8,632,12,3134.7,284,2,3135.2,14,1,3135.3,40,2,3135.5,6,1,3135.7,14,3,3136.0,25,1
2031,2026-06-16 15:09:55+05:30,3135.3,5,3135.1,3248060,127222.0,190549.0,3163.0,3163.0,3108.0,3134.3,31885400,3447.7,2820.9,3839.9,2896.0,3135.1,508,8,3135.0,461,13,3134.9,600,5,3134.8,632,12,3134.7,284,2,3135.2,14,1,3135.3,40,2,3135.5,6,1,3135.7,14,3,3136.0,25,1
2031,2026-06-16 15:09:55+05:30,3135.3,5,3135.1,3248213,127331.0,190896.0,3163.0,3163.0,3108.0,3134.3,31885400,3447.7,2820.9,3839.9,2896.0,3135.2,25,3,3135.1,560,7,3135.0,522,14,3134.9,638,6,3134.8,607,12,3135.3,139,4,3135.5,6,1,3135.7,14,3,3136.0,25,1,3136.2,16,2
2031,2026-06-16 15:09:56+05:30,3135.3,5,3135.1,3248213,127331.0,190896.0,3163.0,3163.0,3108.0,3134.3,31885400,3447.7,2820.9,3839.9,2896.0,3135.2,25,3,3135.1,560,7,3135.0,522,14,3134.9,638,6,3134.8,607,12,3135.3,139,4,3135.5,6,1,3135.7,14,3,3136.0,25,1,3136.2,16,2
2031,2026-06-16 15:09:56+05:30,3135.1,6,3135.1,3248213,127331.0,190896.0,3163.0,3163.0,3108.0,3134.3,31885400,3447.7,2820.9,3839.9,2896.0,3135.2,25,3,3135.1,560,7,3135.0,522,14,3134.9,638,6,3134.8,607,12,3135.3,139,4,3135.5,6,1,3135.7,14,3,3136.0,25,1,3136.2,16,2
2031,2026-06-16 15:09:56+05:30,3135.1,122,3135.1,3248398,126870.0,191208.0,3163.0,3163.0,3108.0,3134.3,31885400,3447.7,2820.9,3839.9,2896.0,3135.1,347,6,3135.0,455,9,3134.9,639,7,3134.8,427,7,3134.7,303,2,3135.3,150,5,3135.5,6,1,3135.7,14,3,3136.0,55,2,3136.1,160,2
2031,2026-06-16 15:09:56+05:30,3135.1,122,3135.1,3248398,126870.0,191208.0,3163.0,3163.0,3108.0,3134.3,31885400,3447.7,2820.9,3839.9,2896.0,3135.1,347,6,3135.0,455,9,3134.9,639,7,3134.8,427,7,3134.7,303,2,3135.3,150,5,3135.5,6,1,3135.7,14,3,3136.0,55,2,3136.1,160,2
2031,2026-06-16 15:09:57+05:30,3135.1,122,3135.1,3248398,126870.0,191208.0,3163.0,3163.0,3108.0,3134.3,31885400,3447.7,2820.9,3839.9,2896.0,3135.1,347,6,3135.0,455,9,3134.9,639,7,3134.8,427,7,3134.7,303,2,3135.3,150,5,3135.5,6,1,3135.7,14,3,3136.0,55,2,3136.1,160,2
2031,2026-06-16 15:09:57+05:30,3135.3,2,3135.1,3248398,126870.0,191208.0,3163.0,3163.0,3108.0,3134.3,31885400,3447.7,2820.9,3839.9,2896.0,3135.1,347,6,3135.0,455,9,3134.9,639,7,3134.8,427,7,3134.7,303,2,3135.3,150,5,3135.5,6,1,3135.7,14,3,3136.0,55,2,3136.1,160,2
2031,2026-06-16 15:09:57+05:30,3135.3,2,3135.1,3248409,126994.0,191309.0,3163.0,3163.0,3108.0,3134.3,31885400,3447.7,2820.9,3839.9,2896.0,3135.1,339,6,3135.0,455,9,3134.9,639,7,3134.8,427,7,3134.7,303,2,3135.3,147,5,3135.5,6,1,3135.7,14,3,3136.0,55,2,3136.1,160,2
2031,2026-06-16 15:09:57+05:30,3135.3,2,3135.1,3248409,126994.0,191309.0,3163.0,3163.0,3108.0,3134.3,31885400,3447.7,2820.9,3839.9,2896.0,3135.1,339,6,3135.0,455,9,3134.9,639,7,3134.8,427,7,3134.7,303,2,3135.3,147,5,3135.5,6,1,3135.7,14,3,3136.0,55,2,3136.1,160,2
2031,2026-06-16 15:09:58+05:30,3135.3,2,3135.1,3248409,126994.0,191309.0,3163.0,3163.0,3108.0,3134.3,31885400,3447.7,2820.9,3839.9,2896.0,3135.1,339,6,3135.0,455,9,3134.9,639,7,3134.8,427,7,3134.7,303,2,3135.3,147,5,3135.5,6,1,3135.7,14,3,3136.0,55,2,3136.1,160,2
2031,2026-06-16 15:09:58+05:30,3135.2,68,3135.1,3248409,126994.0,191309.0,3163.0,3163.0,3108.0,3134.3,31885400,3447.7,2820.9,3839.9,2896.0,3135.1,339,6,3135.0,455,9,3134.9,639,7,3134.8,427,7,3134.7,303,2,3135.3,147,5,3135.5,6,1,3135.7,14,3,3136.0,55,2,3136.1,160,2
2031,2026-06-16 15:09:58+05:30,3135.3,1,3135.1,3248482,126988.0,191270.0,3163.0,3163.0,3108.0,3134.3,31885400,3447.7,2820.9,3839.9,2896.0,3135.2,15,1,3135.1,336,6,3135.0,439,8,3134.9,638,6,3134.8,427,7,3135.3,174,7,3135.5,6,1,3135.7,3,2,3136.0,25,1,3136.1,128,1
2031,2026-06-16 15:09:59+05:30,3135.3,1,3135.1,3248482,126988.0,191270.0,3163.0,3163.0,3108.0,3134.3,31885400,3447.7,2820.9,3839.9,2896.0,3135.2,15,1,3135.1,336,6,3135.0,439,8,3134.9,638,6,3134.8,427,7,3135.3,174,7,3135.5,6,1,3135.7,3,2,3136.0,25,1,3136.1,128,1
2031,2026-06-16 15:09:59+05:30,3135.0,152,3135.1,3248482,126988.0,191270.0,3163.0,3163.0,3108.0,3134.3,31885400,3447.7,2820.9,3839.9,2896.0,3135.2,15,1,3135.1,336,6,3135.0,439,8,3134.9,638,6,3134.8,427,7,3135.3,174,7,3135.5,6,1,3135.7,3,2,3136.0,25,1,3136.1,128,1
2031,2026-06-16 15:09:59+05:30,3135.0,152,3135.1,3249341,126071.0,190799.0,3163.0,3163.0,3108.0,3134.3,31885400,3447.7,2820.9,3839.9,2896.0,3135.0,161,9,3134.9,619,5,3134.8,425,6,3134.7,283,1,3134.6,299,3,3135.2,7,1,3135.3,312,10,3135.5,31,2,3135.6,43,2,3135.7,3,2
2031,2026-06-16 15:10:00+05:30,3135.0,152,3135.1,3249341,126071.0,190799.0,3163.0,3163.0,3108.0,3134.3,31885400,3447.7,2820.9,3839.9,2896.0,3135.0,161,9,3134.9,619,5,3134.8,425,6,3134.7,283,1,3134.6,299,3,3135.2,7,1,3135.3,312,10,3135.5,31,2,3135.6,43,2,3135.7,3,2
2031,2026-06-16 15:10:00+05:30,3135.2,5,3135.1,3249341,126071.0,190799.0,3163.0,3163.0,3108.0,3134.3,31885400,3447.7,2820.9,3839.9,2896.0,3135.0,161,9,3134.9,619,5,3134.8,425,6,3134.7,283,1,3134.6,299,3,3135.2,7,1,3135.3,312,10,3135.5,31,2,3135.6,43,2,3135.7,3,2
2031,2026-06-16 15:10:00+05:30,3135.3,48,3135.1,3249526,126713.0,190927.0,3163.0,3163.0,3108.0,3134.3,31885400,3447.7,2820.9,3839.9,2896.0,3135.0,151,13,3134.9,619,5,3134.8,592,7,3134.7,283,1,3134.6,303,4,3135.3,278,11,3135.5,6,1,3135.7,3,2,3135.9,116,1,3136.0,90,3
2031,2026-06-16 15:10:00+05:30,3135.3,48,3135.1,3249526,126713.0,190927.0,3163.0,3163.0,3108.0,3134.3,31885400,3447.7,2820.9,3839.9,2896.0,3135.0,151,13,3134.9,619,5,3134.8,592,7,3134.7,283,1,3134.6,303,4,3135.3,278,11,3135.5,6,1,3135.7,3,2,3135.9,116,1,3136.0,90,3
2031,2026-06-16 15:10:01+05:30,3135.5,6,3135.1,3249526,126713.0,190927.0,3163.0,3163.0,3108.0,3134.3,31885400,3447.7,2820.9,3839.9,2896.0,3135.0,151,13,3134.9,619,5,3134.8,592,7,3134.7,283,1,3134.6,303,4,3135.3,278,11,3135.5,6,1,3135.7,3,2,3135.9,116,1,3136.0,90,3
2031,2026-06-16 15:10:01+05:30,3135.5,6,3135.1,3249952,125065.0,185227.0,3163.0,3163.0,3108.0,3134.3,31885400,3447.7,2820.9,3839.9,2896.0,3135.3,31,1,3135.2,90,5,3135.1,157,2,3135.0,311,18,3134.9,684,7,3135.5,6,1,3135.6,1,1,3135.7,3,2,3136.0,25,1,3136.2,16,2
2031,2026-06-16 15:10:01+05:30,3135.5,6,3135.1,3249952,125065.0,185227.0,3163.0,3163.0,3108.0,3134.3,31885400,3447.7,2820.9,3839.9,2896.0,3135.3,31,1,3135.2,90,5,3135.1,157,2,3135.0,311,18,3134.9,684,7,3135.5,6,1,3135.6,1,1,3135.7,3,2,3136.0,25,1,3136.2,16,2
2031,2026-06-16 15:10:02+05:30,3135.5,6,3135.1,3249952,125065.0,185227.0,3163.0,3163.0,3108.0,3134.3,31885400,3447.7,2820.9,3839.9,2896.0,3135.3,31,1,3135.2,90,5,3135.1,157,2,3135.0,311,18,3134.9,684,7,3135.5,6,1,3135.6,1,1,3135.7,3,2,3136.0,25,1,3136.2,16,2
2031,2026-06-16 15:10:02+05:30,3135.3,1,3135.1,3249952,125065.0,185227.0,3163.0,3163.0,3108.0,3134.3,31885400,3447.7,2820.9,3839.9,2896.0,3135.3,31,1,3135.2,90,5,3135.1,157,2,3135.0,311,18,3134.9,684,7,3135.5,6,1,3135.6,1,1,3135.7,3,2,3136.0,25,1,3136.2,16,2
2031,2026-06-16 15:10:02+05:30,3135.3,1,3135.1,3249986,125311.0,185410.0,3163.0,3163.0,3108.0,3134.3,31885400,3447.7,2820.9,3839.9,2896.0,3135.1,64,4,3135.0,251,15,3134.9,619,5,3134.8,857,13,3134.7,340,3,3135.3,5,1,3135.4,1,1,3135.5,46,4,3135.7,3,2,3136.0,26,2
2031,2026-06-16 15:10:03+05:30,3135.3,1,3135.1,3249986,125311.0,185410.0,3163.0,3163.0,3108.0,3134.3,31885400,3447.7,2820.9,3839.9,2896.0,3135.1,64,4,3135.0,251,15,3134.9,619,5,3134.8,857,13,3134.7,340,3,3135.3,5,1,3135.4,1,1,3135.5,46,4,3135.7,3,2,3136.0,26,2
2031,2026-06-16 15:10:03+05:30,3135.1,2,3135.1,3249986,125311.0,185410.0,3163.0,3163.0,3108.0,3134.3,31885400,3447.7,2820.9,3839.9,2896.0,3135.1,64,4,3135.0,251,15,3134.9,619,5,3134.8,857,13,3134.7,340,3,3135.3,5,1,3135.4,1,1,3135.5,46,4,3135.7,3,2,3136.0,26,2
2031,2026-06-16 15:10:03+05:30,3135.1,2,3135.1,3249989,125181.0,185330.0,3163.0,3163.0,3108.0,3134.3,31885400,3447.7,2820.9,3839.9,2896.0,3135.2,3,1,3135.1,60,4,3135.0,251,15,3134.9,619,5,3134.8,857,13,3135.3,8,3,3135.4,6,1,3135.5,48,5,3135.7,3,2,3136.0,26,2
2031,2026-06-16 15:10:04+05:30,3135.1,2,3135.1,3249989,125181.0,185330.0,3163.0,3163.0,3108.0,3134.3,31898000,3447.7,2820.9,3839.9,2896.0,3135.2,3,1,3135.1,60,4,3135.0,251,15,3134.9,619,5,3134.8,857,13,3135.3,8,3,3135.4,6,1,3135.5,48,5,3135.7,3,2,3136.0,26,2
2031,2026-06-16 15:10:04+05:30,3135.0,50,3135.1,3249989,125181.0,185330.0,3163.0,3163.0,3108.0,3134.3,31898000,3447.7,2820.9,3839.9,2896.0,3135.2,3,1,3135.1,60,4,3135.0,251,15,3134.9,619,5,3134.8,857,13,3135.3,8,3,3135.4,6,1,3135.5,48,5,3135.7,3,2,3136.0,26,2
2031,2026-06-16 15:10:04+05:30,3135.0,50,3135.1,3250435,123744.0,186360.0,3163.0,3163.0,3108.0,3134.3,31898000,3447.7,2820.9,3839.9,2896.0,3135.0,64,6,3134.9,619,5,3134.8,459,6,3134.7,285,2,3134.6,308,5,3135.5,108,7,3135.6,142,4,3135.7,3,2,3135.8,76,3,3136.0,178,5
2031,2026-06-16 15:10:05+05:30,3135.5,1,3135.1,3250435,123744.0,186360.0,3163.0,3163.0,3108.0,3134.3,31898000,3447.7,2820.9,3839.9,2896.0,3135.0,64,6,3134.9,619,5,3134.8,459,6,3134.7,285,2,3134.6,308,5,3135.5,108,7,3135.6,142,4,3135.7,3,2,3135.8,76,3,3136.0,178,5
2031,2026-06-16 15:10:05+05:30,3135.5,1,3135.1,3250436,129065.0,188991.0,3163.0,3163.0,3108.0,3134.3,31898000,3447.7,2820.9,3839.9,2896.0,3135.2,18,1,3135.1,5,1,3135.0,66,5,3134.9,619,5,3134.8,459,6,3135.4,117,2,3135.5,79,7,3135.6,67,1,3135.7,3,2,3135.8,118,4
2031,2026-06-16 15:10:06+05:30,3135.2,10,3135.1,3250436,129065.0,188991.0,3163.0,3163.0,3108.0,3134.3,31898000,3447.7,2820.9,3839.9,2896.0,3135.2,18,1,3135.1,5,1,3135.0,66,5,3134.9,619,5,3134.8,459,6,3135.4,117,2,3135.5,79,7,3135.6,67,1,3135.7,3,2,3135.8,118,4
2031,2026-06-16 15:10:06+05:30,3135.2,10,3135.1,3250468,128854.0,188869.0,3163.0,3163.0,3108.0,3134.3,31898000,3447.7,2820.9,3839.9,2896.0,3135.2,5,1,3135.1,5,1,3135.0,82,6,3134.9,619,5,3134.8,473,7,3135.4,214,7,3135.5,44,4,3135.6,55,2,3135.7,3,2,3135.8,118,4
2031,2026-06-16 15:10:07+05:30,3135.4,1,3135.1,3250468,128854.0,188869.0,3163.0,3163.0,3108.0,3134.3,31898000,3447.7,2820.9,3839.9,2896.0,3135.2,5,1,3135.1,5,1,3135.0,82,6,3134.9,619,5,3134.8,473,7,3135.4,214,7,3135.5,44,4,3135.6,55,2,3135.7,3,2,3135.8,118,4
2031,2026-06-16 15:10:07+05:30,3135.4,1,3135.1,3250802,128801.0,191168.0,3163.0,3163.0,3108.0,3134.3,31898000,3447.7,2820.9,3839.9,2896.0,3135.2,75,3,3135.1,5,1,3135.0,66,5,3134.9,619,5,3134.8,473,7,3135.4,42,4,3135.5,40,3,3135.6,10,1,3135.7,3,2,3135.8,63,2
2031,2026-06-16 15:10:08+05:30,3135.4,4,3135.1,3250802,128801.0,191168.0,3163.0,3163.0,3108.0,3134.3,31898000,3447.7,2820.9,3839.9,2896.0,3135.2,75,3,3135.1,5,1,3135.0,66,5,3134.9,619,5,3134.8,473,7,3135.4,42,4,3135.5,40,3,3135.6,10,1,3135.7,3,2,3135.8,63,2
2031,2026-06-16 15:10:08+05:30,3135.3,9,3135.1,3251089,128576.0,191412.0,3163.0,3163.0,3108.0,3134.3,31898000,3447.7,2820.9,3839.9,2896.0,3135.3,3,2,3135.2,15,1,3135.0,47,3,3134.9,619,5,3134.8,473,7,3135.4,190,7,3135.5,54,4,3135.6,36,2,3135.7,3,2,3135.8,144,4
2031,2026-06-16 15:10:09+05:30,3135.4,1,3135.1,3251089,128576.0,191412.0,3163.0,3163.0,3108.0,3134.3,31898000,3447.7,2820.9,3839.9,2896.0,3135.3,3,2,3135.2,15,1,3135.0,47,3,3134.9,619,5,3134.8,473,7,3135.4,190,7,3135.5,54,4,3135.6,36,2,3135.7,3,2,3135.8,144,4
2031,2026-06-16 15:10:09+05:30,3135.4,1,3135.1,3251146,128415.0,191404.0,3163.0,3163.0,3108.0,3134.3,31898000,3447.7,2820.9,3839.9,2896.0,3135.3,20,4,3135.2,32,2,3135.0,34,2,3134.9,620,6,3134.8,472,6,3135.4,193,8,3135.5,6,2,3135.6,36,2,3135.7,45,3,3135.8,144,4
2031,2026-06-16 15:10:10+05:30,3135.4,71,3135.1,3251287,128898.0,191276.0,3163.0,3163.0,3108.0,3134.3,31898000,3447.7,2820.9,3839.9,2896.0,3135.3,37,6,3135.2,91,4,3135.0,107,4,3134.9,662,7,3134.8,671,10,3135.4,84,6,3135.5,6,2,3135.7,3,2,3136.0,26,2,3136.2,16,2
2031,2026-06-16 15:10:10+05:30,3135.4,71,3135.1,3251287,128898.0,191276.0,3163.0,3163.0,3108.0,3134.3,31898000,3447.7,2820.9,3839.9,2896.0,3135.3,37,6,3135.2,91,4,3135.0,107,4,3134.9,662,7,3134.8,671,10,3135.4,84,6,3135.5,6,2,3135.7,3,2,3136.0,26,2,3136.2,16,2
2031,2026-06-16 15:10:11+05:30,3135.3,1,3135.1,3251454,128420.0,190817.0,3163.0,3163.0,3108.0,3134.3,31898000,3447.7,2820.9,3839.9,2896.0,3135.3,33,3,3135.2,32,2,3135.0,48,2,3134.9,634,8,3134.8,472,6,3135.4,177,8,3135.5,65,3,3135.7,13,3,3135.9,41,2,3136.0,140,3
2031,2026-06-16 15:10:12+05:30,3135.4,12,3135.1,3251454,128420.0,190817.0,3163.0,3163.0,3108.0,3134.3,31898000,3447.7,2820.9,3839.9,2896.0,3135.3,33,3,3135.2,32,2,3135.0,48,2,3134.9,634,8,3134.8,472,6,3135.4,177,8,3135.5,65,3,3135.7,13,3,3135.9,41,2,3136.0,140,3
2031,2026-06-16 15:10:12+05:30,3135.4,12,3135.1,3251481,128705.0,190787.0,3163.0,3163.0,3108.0,3134.3,31898000,3447.7,2820.9,3839.9,2896.0,3135.3,33,3,3135.2,32,2,3135.0,62,3,3134.9,634,8,3134.8,458,5,3135.4,211,7,3135.5,65,3,3135.7,13,3,3135.9,41,2,3136.0,140,3
2031,2026-06-16 15:10:13+05:30,3135.3,16,3135.1,3251803,128342.0,190869.0,3163.0,3163.0,3108.0,3134.3,31898000,3447.7,2820.9,3839.9,2896.0,3135.3,3,2,3135.2,15,1,3135.0,63,4,3134.9,633,7,3134.8,458,5,3135.4,70,2,3135.5,65,3,3135.7,176,4,3135.9,24,2,3136.0,116,4
2031,2026-06-16 15:10:13+05:30,3135.3,16,3135.1,3251803,128342.0,190869.0,3163.0,3163.0,3108.0,3134.3,31898000,3447.7,2820.9,3839.9,2896.0,3135.3,3,2,3135.2,15,1,3135.0,63,4,3134.9,633,7,3134.8,458,5,3135.4,70,2,3135.5,65,3,3135.7,176,4,3135.9,24,2,3136.0,116,4
2031,2026-06-16 15:10:14+05:30,3135.3,13,3135.1,3251803,128342.0,190869.0,3163.0,3163.0,3108.0,3134.3,31898000,3447.7,2820.9,3839.9,2896.0,3135.3,3,2,3135.2,15,1,3135.0,63,4,3134.9,633,7,3134.8,458,5,3135.4,70,2,3135.5,65,3,3135.7,176,4,3135.9,24,2,3136.0,116,4
2031,2026-06-16 15:10:14+05:30,3135.3,13,3135.1,3251839,128879.0,191640.0,3163.0,3163.0,3108.0,3134.3,31898000,3447.7,2820.9,3839.9,2896.0,3135.3,35,3,3135.2,17,2,3135.1,200,1,3135.0,49,3,3134.9,659,8,3135.4,205,6,3135.5,65,3,3135.7,166,3,3136.0,68,3,3136.1,148,2
2031,2026-06-16 15:10:15+05:30,3135.3,15,3135.1,3251839,128879.0,191640.0,3163.0,3163.0,3108.0,3134.3,31898000,3447.7,2820.9,3839.9,2896.0,3135.3,35,3,3135.2,17,2,3135.1,200,1,3135.0,49,3,3134.9,659,8,3135.4,205,6,3135.5,65,3,3135.7,166,3,3136.0,68,3,3136.1,148,2
2031,2026-06-16 15:10:15+05:30,3135.3,15,3135.1,3252197,128619.0,191433.0,3163.0,3163.0,3108.0,3134.3,31898000,3447.7,2820.9,3839.9,2896.0,3135.3,119,3,3135.2,32,3,3135.1,280,3,3135.0,48,2,3134.9,633,7,3135.4,264,8,3135.5,65,3,3135.7,176,4,3135.9,111,2,3136.0,26,2
2031,2026-06-16 15:10:16+05:30,3135.3,15,3135.1,3252197,128619.0,191433.0,3163.0,3163.0,3108.0,3134.3,31898000,3447.7,2820.9,3839.9,2896.0,3135.3,119,3,3135.2,32,3,3135.1,280,3,3135.0,48,2,3134.9,633,7,3135.4,264,8,3135.5,65,3,3135.7,176,4,3135.9,111,2,3136.0,26,2
2031,2026-06-16 15:10:16+05:30,3135.3,15,3135.1,3252525,128735.0,191207.0,3163.0,3163.0,3108.0,3134.3,31898000,3447.7,2820.9,3839.9,2896.0,3135.3,16,2,3135.2,30,2,3135.1,280,3,3135.0,53,3,3134.9,633,7,3135.4,137,5,3135.5,6,2,3135.6,7,1,3135.7,166,3,3135.9,134,4
2031,2026-06-16 15:10:17+05:30,3135.3,155,3135.1,3252525,128735.0,191207.0,3163.0,3163.0,3108.0,3134.3,31898000,3447.7,2820.9,3839.9,2896.0,3135.3,16,2,3135.2,30,2,3135.1,280,3,3135.0,53,3,3134.9,633,7,3135.4,137,5,3135.5,6,2,3135.6,7,1,3135.7,166,3,3135.9,134,4
2031,2026-06-16 15:10:17+05:30,3135.3,30,3135.1,3252826,128599.0,191231.0,3163.0,3163.0,3108.0,3134.3,31898000,3447.7,2820.9,3839.9,2896.0,3135.3,167,1,3135.2,314,4,3135.1,380,4,3135.0,53,3,3134.9,595,6,3135.4,120,5,3135.5,6,2,3135.6,7,1,3135.7,166,3,3135.9,15,1
2031,2026-06-16 15:10:18+05:30,3135.4,9,3135.1,3252826,128599.0,191231.0,3163.0,3163.0,3108.0,3134.3,31898000,3447.7,2820.9,3839.9,2896.0,3135.3,167,1,3135.2,314,4,3135.1,380,4,3135.0,53,3,3134.9,595,6,3135.4,120,5,3135.5,6,2,3135.6,7,1,3135.7,166,3,3135.9,15,1
2031,2026-06-16 15:10:18+05:30,3135.4,1,3135.1,3253010,128770.0,190578.0,3163.0,3163.0,3108.0,3134.3,31898000,3447.7,2820.9,3839.9,2896.0,3135.3,185,2,3135.2,298,2,3135.1,380,4,3135.0,553,4,3134.9,629,7,3135.4,48,3,3135.5,6,2,3135.7,166,3,3135.9,15,1,3136.0,1,1
2031,2026-06-16 15:10:19+05:30,3135.3,23,3135.1,3253010,128770.0,190578.0,3163.0,3163.0,3108.0,3134.3,31898000,3447.7,2820.9,3839.9,2896.0,3135.3,185,2,3135.2,298,2,3135.1,380,4,3135.0,553,4,3134.9,629,7,3135.4,48,3,3135.5,6,2,3135.7,166,3,3135.9,15,1,3136.0,1,1
2031,2026-06-16 15:10:19+05:30,3135.3,23,3135.1,3253041,128928.0,190790.0,3163.0,3163.0,3108.0,3134.3,31898000,3447.7,2820.9,3839.9,2896.0,3135.3,307,4,3135.2,416,3,3135.1,380,4,3135.0,553,4,3134.9,595,6,3135.4,83,6,3135.5,6,2,3135.7,184,4,3135.9,15,1,3136.0,1,1
2031,2026-06-16 15:10:20+05:30,3135.3,39,3135.1,3253041,128928.0,190790.0,3163.0,3163.0,3108.0,3134.3,31898000,3447.7,2820.9,3839.9,2896.0,3135.3,307,4,3135.2,416,3,3135.1,380,4,3135.0,553,4,3134.9,595,6,3135.4,83,6,3135.5,6,2,3135.7,184,4,3135.9,15,1,3136.0,1,1
2031,2026-06-16 15:10:20+05:30,3135.3,39,3135.1,3253085,129095.0,191236.0,3163.0,3163.0,3108.0,3134.3,31898000,3447.7,2820.9,3839.9,2896.0,3135.3,270,6,3135.2,416,3,3135.1,584,5,3135.0,767,5,3134.9,382,6,3135.4,78,6,3135.5,6,2,3135.7,184,4,3136.0,1,1,3136.1,62,2
2031,2026-06-16 15:10:21+05:30,3135.3,9,3135.1,3253085,129095.0,191236.0,3163.0,3163.0,3108.0,3134.3,31898000,3447.7,2820.9,3839.9,2896.0,3135.3,270,6,3135.2,416,3,3135.1,584,5,3135.0,767,5,3134.9,382,6,3135.4,78,6,3135.5,6,2,3135.7,184,4,3136.0,1,1,3136.1,62,2
2031,2026-06-16 15:10:21+05:30,3135.4,1,3135.1,3253095,129239.0,191272.0,3163.0,3163.0,3108.0,3134.3,31898000,3447.7,2820.9,3839.9,2896.0,3135.3,313,8,3135.2,433,5,3135.1,584,5,3135.0,792,6,3134.9,416,7,3135.4,184,9,3135.5,6,2,3135.7,184,4,3136.0,1,1,3136.1,20,1
2031,2026-06-16 15:10:22+05:30,3135.4,1,3135.1,3253095,129239.0,191272.0,3163.0,3163.0,3108.0,3134.3,31898000,3447.7,2820.9,3839.9,2896.0,3135.3,313,8,3135.2,433,5,3135.1,584,5,3135.0,792,6,3134.9,416,7,3135.4,184,9,3135.5,6,2,3135.7,184,4,3136.0,1,1,3136.1,20,1
2031,2026-06-16 15:10:22+05:30,3135.4,1,3135.1,3253096,129147.0,191442.0,3163.0,3163.0,3108.0,3134.3,31898000,3447.7,2820.9,3839.9,2896.0,3135.3,313,8,3135.2,430,4,3135.1,603,6,3135.0,968,7,3134.9,162,3,3135.4,230,11,3135.5,89,3,3135.7,184,4,3136.0,1,1,3136.1,45,2
2031,2026-06-16 15:10:23+05:30,3135.4,1,3135.1,3253096,129147.0,191442.0,3163.0,3163.0,3108.0,3134.3,31898000,3447.7,2820.9,3839.9,2896.0,3135.3,313,8,3135.2,430,4,3135.1,603,6,3135.0,968,7,3134.9,162,3,3135.4,230,11,3135.5,89,3,3135.7,184,4,3136.0,1,1,3136.1,45,2
2031,2026-06-16 15:10:24+05:30,3135.4,1,3135.1,3253280,128925.0,191135.0,3163.0,3163.0,3108.0,3134.3,31898000,3447.7,2820.9,3839.9,2896.0,3135.3,136,6,3135.2,430,4,3135.1,603,6,3135.0,968,7,3134.9,162,3,3135.4,355,14,3135.5,89,3,3135.7,184,4,3135.9,15,1,3136.0,26,2
2031,2026-06-16 15:10:24+05:30,3135.4,57,3135.1,3253280,128925.0,191135.0,3163.0,3163.0,3108.0,3134.3,31898000,3447.7,2820.9,3839.9,2896.0,3135.3,136,6,3135.2,430,4,3135.1,603,6,3135.0,968,7,3134.9,162,3,3135.4,355,14,3135.5,89,3,3135.7,184,4,3135.9,15,1,3136.0,26,2
2031,2026-06-16 15:10:25+05:30,3135.4,1,3135.1,3253517,128846.0,191100.0,3163.0,3163.0,3108.0,3134.3,31898000,3447.7,2820.9,3839.9,2896.0,3135.3,74,5,3135.2,416,3,3135.1,603,6,3135.0,968,7,3134.9,162,3,3135.4,281,11,3135.5,84,2,3135.7,209,5,3135.8,9,1,3135.9,15,1
2031,2026-06-16 15:10:25+05:30,3135.2,104,3135.1,3253517,128846.0,191100.0,3163.0,3163.0,3108.0,3134.3,31898000,3447.7,2820.9,3839.9,2896.0,3135.3,74,5,3135.2,416,3,3135.1,603,6,3135.0,968,7,3134.9,162,3,3135.4,281,11,3135.5,84,2,3135.7,209,5,3135.8,9,1,3135.9,15,1
2031,2026-06-16 15:10:25+05:30,3135.2,104,3135.1,3253714,128333.0,191469.0,3163.0,3163.0,3108.0,3134.3,31898000,3447.7,2820.9,3839.9,2896.0,3135.3,2,1,3135.2,312,3,3135.1,604,7,3135.0,967,6,3134.9,162,3,3135.4,317,14,3135.5,84,2,3135.6,61,3,3135.7,184,4,3135.8,54,2
2031,2026-06-16 15:10:26+05:30,3135.2,2,3135.1,3253714,128333.0,191469.0,3163.0,3163.0,3108.0,3134.3,31898000,3447.7,2820.9,3839.9,2896.0,3135.3,2,1,3135.2,312,3,3135.1,604,7,3135.0,967,6,3134.9,162,3,3135.4,317,14,3135.5,84,2,3135.6,61,3,3135.7,184,4,3135.8,54,2
2031,2026-06-16 15:10:26+05:30,3135.2,2,3135.1,3253740,128822.0,191148.0,3163.0,3163.0,3108.0,3134.3,31898000,3447.7,2820.9,3839.9,2896.0,3135.3,129,1,3135.2,314,4,3135.1,607,8,3135.0,967,6,3134.9,162,3,3135.4,324,14,3135.5,84,2,3135.6,32,2,3135.7,194,5,3135.8,54,2
2031,2026-06-16 15:10:27+05:30,3135.4,4,3135.1,3253740,128822.0,191148.0,3163.0,3163.0,3108.0,3134.3,31898000,3447.7,2820.9,3839.9,2896.0,3135.3,129,1,3135.2,314,4,3135.1,607,8,3135.0,967,6,3134.9,162,3,3135.4,324,14,3135.5,84,2,3135.6,32,2,3135.7,194,5,3135.8,54,2
2031,2026-06-16 15:10:27+05:30,3135.3,39,3135.1,3253797,127389.0,189346.0,3163.0,3163.0,3108.0,3134.3,31898000,3447.7,2820.9,3839.9,2896.0,3135.3,79,2,3135.2,332,6,3135.1,603,6,3135.0,967,6,3134.9,162,3,3135.4,372,16,3135.5,84,2,3135.7,184,4,3135.8,25,1,3135.9,58,2
2031,2026-06-16 15:10:28+05:30,3135.4,5,3135.1,3253797,127389.0,189346.0,3163.0,3163.0,3108.0,3134.3,31898000,3447.7,2820.9,3839.9,2896.0,3135.3,79,2,3135.2,332,6,3135.1,603,6,3135.0,967,6,3134.9,162,3,3135.4,372,16,3135.5,84,2,3135.7,184,4,3135.8,25,1,3135.9,58,2
2031,2026-06-16 15:10:28+05:30,3135.4,1,3135.1,3253858,127408.0,189286.0,3163.0,3163.0,3108.0,3134.3,31898000,3447.7,2820.9,3839.9,2896.0,3135.3,73,1,3135.2,331,5,3135.1,603,6,3135.0,967,6,3134.9,162,3,3135.4,359,15,3135.5,84,2,3135.7,184,4,3136.0,25,2,3136.1,148,2
2031,2026-06-16 15:10:29+05:30,3135.4,6,3135.1,3253858,127408.0,189286.0,3163.0,3163.0,3108.0,3134.3,31898000,3447.7,2820.9,3839.9,2896.0,3135.3,73,1,3135.2,331,5,3135.1,603,6,3135.0,967,6,3134.9,162,3,3135.4,359,15,3135.5,84,2,3135.7,184,4,3136.0,25,2,3136.1,148,2
2031,2026-06-16 15:10:30+05:30,3135.4,4,3135.1,3253914,127876.0,189247.0,3163.0,3163.0,3108.0,3134.3,31898000,3447.7,2820.9,3839.9,2896.0,3135.3,223,5,3135.2,331,5,3135.1,603,6,3135.0,1023,8,3134.9,162,3,3135.4,354,16,3135.5,104,3,3135.7,184,4,3136.0,1,1,3136.1,148,2
2031,2026-06-16 15:10:30+05:30,3135.4,1,3135.1,3253914,127876.0,189247.0,3163.0,3163.0,3108.0,3134.3,31898000,3447.7,2820.9,3839.9,2896.0,3135.3,223,5,3135.2,331,5,3135.1,603,6,3135.0,1023,8,3134.9,162,3,3135.4,354,16,3135.5,104,3,3135.7,184,4,3136.0,1,1,3136.1,148,2
2031,2026-06-16 15:10:31+05:30,3135.4,2,3135.1,3254149,127818.0,189278.0,3163.0,3163.0,3108.0,3134.3,31898000,3447.7,2820.9,3839.9,2896.0,3135.3,187,6,3135.2,363,6,3135.1,642,8,3135.0,999,7,3134.9,163,4,3135.4,359,19,3135.5,109,4,3135.7,184,4,3136.2,15,1,3136.3,156,4
2031,2026-06-16 15:10:31+05:30,3135.4,11,3135.1,3254149,127818.0,189278.0,3163.0,3163.0,3108.0,3134.3,31898000,3447.7,2820.9,3839.9,2896.0,3135.3,187,6,3135.2,363,6,3135.1,642,8,3135.0,999,7,3134.9,163,4,3135.4,359,19,3135.5,109,4,3135.7,184,4,3136.2,15,1,3136.3,156,4
2031,2026-06-16 15:10:32+05:30,3135.3,5,3135.1,3254534,127864.0,188842.0,3163.0,3163.0,3108.0,3134.3,31898000,3447.7,2820.9,3839.9,2896.0,3135.3,212,9,3135.2,346,5,3135.1,618,7,3135.0,1151,9,3134.9,163,4,3135.4,178,6,3135.5,109,4,3135.7,184,4,3136.2,15,1,3136.3,156,4
2031,2026-06-16 15:10:32+05:30,3135.3,5,3135.1,3254534,127864.0,188842.0,3163.0,3163.0,3108.0,3134.3,31898000,3447.7,2820.9,3839.9,2896.0,3135.3,212,9,3135.2,346,5,3135.1,618,7,3135.0,1151,9,3134.9,163,4,3135.4,178,6,3135.5,109,4,3135.7,184,4,3136.2,15,1,3136.3,156,4
2031,2026-06-16 15:10:33+05:30,3135.3,2,3135.1,3254593,127935.0,189103.0,3163.0,3163.0,3108.0,3134.3,31898000,3447.7,2820.9,3839.9,2896.0,3135.3,299,10,3135.2,346,5,3135.1,618,7,3135.0,1152,10,3134.9,162,3,3135.4,259,8,3135.5,109,4,3135.7,184,4,3136.2,15,1,3136.3,156,4
2031,2026-06-16 15:10:33+05:30,3135.3,2,3135.1,3254593,127935.0,189103.0,3163.0,3163.0,3108.0,3134.3,31898000,3447.7,2820.9,3839.9,2896.0,3135.3,299,10,3135.2,346,5,3135.1,618,7,3135.0,1152,10,3134.9,162,3,3135.4,259,8,3135.5,109,4,3135.7,184,4,3136.2,15,1,3136.3,156,4
2031,2026-06-16 15:10:34+05:30,3135.4,27,3135.1,3254655,127931.0,189424.0,3163.0,3163.0,3108.0,3134.3,31898000,3447.7,2820.9,3839.9,2896.0,3135.3,309,11,3135.2,331,5,3135.1,618,7,3135.0,1152,10,3134.9,162,3,3135.4,282,11,3135.5,109,4,3135.7,184,4,3136.2,15,1,3136.3,156,4
2031,2026-06-16 15:10:34+05:30,3135.3,9,3135.1,3254655,127931.0,189424.0,3163.0,3163.0,3108.0,3134.3,31898000,3447.7,2820.9,3839.9,2896.0,3135.3,309,11,3135.2,331,5,3135.1,618,7,3135.0,1152,10,3134.9,162,3,3135.4,282,11,3135.5,109,4,3135.7,184,4,3136.2,15,1,3136.3,156,4
2031,2026-06-16 15:10:35+05:30,3135.3,26,3135.1,3254796,127919.0,189429.0,3163.0,3163.0,3108.0,3134.3,31898000,3447.7,2820.9,3839.9,2896.0,3135.3,372,11,3135.2,331,5,3135.1,620,9,3135.0,1041,9,3134.9,162,3,3135.4,303,12,3135.5,109,4,3135.7,184,4,3136.2,15,1,3136.3,156,4
2031,2026-06-16 15:10:35+05:30,3135.3,26,3135.1,3254796,127919.0,189429.0,3163.0,3163.0,3108.0,3134.3,31898000,3447.7,2820.9,3839.9,2896.0,3135.3,372,11,3135.2,331,5,3135.1,620,9,3135.0,1041,9,3134.9,162,3,3135.4,303,12,3135.5,109,4,3135.7,184,4,3136.2,15,1,3136.3,156,4
2031,2026-06-16 15:10:36+05:30,3135.3,10,3135.1,3254952,127803.0,189223.0,3163.0,3163.0,3108.0,3134.3,31898000,3447.7,2820.9,3839.9,2896.0,3135.3,352,10,3135.2,314,4,3135.1,620,9,3135.0,1009,8,3134.9,162,3,3135.4,238,13,3135.5,109,4,3135.7,184,4,3136.1,9,1,3136.2,44,2
2031,2026-06-16 15:10:36+05:30,3135.3,10,3135.1,3254952,127803.0,189223.0,3163.0,3163.0,3108.0,3134.3,31898000,3447.7,2820.9,3839.9,2896.0,3135.3,352,10,3135.2,314,4,3135.1,620,9,3135.0,1009,8,3134.9,162,3,3135.4,238,13,3135.5,109,4,3135.7,184,4,3136.1,9,1,3136.2,44,2
2031,2026-06-16 15:10:37+05:30,3135.3,39,3135.1,3254952,127803.0,189223.0,3163.0,3163.0,3108.0,3134.3,31898000,3447.7,2820.9,3839.9,2896.0,3135.3,352,10,3135.2,314,4,3135.1,620,9,3135.0,1009,8,3134.9,162,3,3135.4,238,13,3135.5,109,4,3135.7,184,4,3136.1,9,1,3136.2,44,2
2031,2026-06-16 15:10:37+05:30,3135.3,39,3135.1,3254993,127760.0,188861.0,3163.0,3163.0,3108.0,3134.3,31898000,3447.7,2820.9,3839.9,2896.0,3135.3,313,10,3135.2,315,5,3135.1,632,9,3135.0,986,7,3134.9,149,2,3135.4,237,14,3135.5,109,4,3135.7,188,5,3136.2,44,2,3136.3,200,6
2031,2026-06-16 15:10:38+05:30,3135.3,3,3135.1,3254993,127760.0,188861.0,3163.0,3163.0,3108.0,3134.3,31898000,3447.7,2820.9,3839.9,2896.0,3135.3,313,10,3135.2,315,5,3135.1,632,9,3135.0,986,7,3134.9,149,2,3135.4,237,14,3135.5,109,4,3135.7,188,5,3136.2,44,2,3136.3,200,6
2031,2026-06-16 15:10:38+05:30,3135.4,1,3135.1,3255007,127713.0,188997.0,3163.0,3163.0,3108.0,3134.3,31898000,3447.7,2820.9,3839.9,2896.0,3135.3,308,10,3135.2,314,4,3135.1,632,9,3135.0,986,7,3134.9,149,2,3135.4,325,19,3135.5,109,4,3135.7,188,5,3135.9,23,1,3136.0,46,2
2031,2026-06-16 15:10:39+05:30,3135.4,1,3135.1,3255007,127713.0,188997.0,3163.0,3163.0,3108.0,3134.3,31898000,3447.7,2820.9,3839.9,2896.0,3135.3,308,10,3135.2,314,4,3135.1,632,9,3135.0,986,7,3134.9,149,2,3135.4,325,19,3135.5,109,4,3135.7,188,5,3135.9,23,1,3136.0,46,2
2031,2026-06-16 15:10:39+05:30,3135.4,1,3135.1,3255032,127798.0,188946.0,3163.0,3163.0,3108.0,3134.3,31898000,3447.7,2820.9,3839.9,2896.0,3135.3,326,13,3135.2,332,5,3135.1,631,8,3135.0,986,7,3134.9,149,2,3135.4,337,20,3135.5,109,4,3135.7,188,5,3136.0,17,1,3136.2,89,4
2031,2026-06-16 15:10:40+05:30,3135.3,20,3135.1,3255032,127798.0,188946.0,3163.0,3163.0,3108.0,3134.3,31898000,3447.7,2820.9,3839.9,2896.0,3135.3,326,13,3135.2,332,5,3135.1,631,8,3135.0,986,7,3134.9,149,2,3135.4,337,20,3135.5,109,4,3135.7,188,5,3136.0,17,1,3136.2,89,4
2031,2026-06-16 15:10:40+05:30,3135.3,20,3135.1,3255275,127774.0,188871.0,3163.0,3163.0,3108.0,3134.3,31898000,3447.7,2820.9,3839.9,2896.0,3135.3,280,12,3135.2,332,5,3135.1,631,8,3135.0,1009,8,3134.9,180,4,3135.4,332,21,3135.5,109,4,3135.7,188,5,3136.0,17,1,3136.2,37,2
2031,2026-06-16 15:10:41+05:30,3135.4,1,3135.1,3255275,127774.0,188871.0,3163.0,3163.0,3108.0,3134.3,31898000,3447.7,2820.9,3839.9,2896.0,3135.3,280,12,3135.2,332,5,3135.1,631,8,3135.0,1009,8,3134.9,180,4,3135.4,332,21,3135.5,109,4,3135.7,188,5,3136.0,17,1,3136.2,37,2
2031,2026-06-16 15:10:42+05:30,3135.4,1,3135.1,3255304,127588.0,189011.0,3163.0,3163.0,3108.0,3134.3,31898000,3447.7,2820.9,3839.9,2896.0,3135.3,297,12,3135.2,332,5,3135.1,662,9,3135.0,986,7,3134.9,173,4,3135.4,333,22,3135.5,114,5,3135.7,188,5,3136.2,15,1,3136.3,156,4
2031,2026-06-16 15:10:42+05:30,3135.3,1,3135.1,3255304,127588.0,189011.0,3163.0,3163.0,3108.0,3134.3,31898000,3447.7,2820.9,3839.9,2896.0,3135.3,297,12,3135.2,332,5,3135.1,662,9,3135.0,986,7,3134.9,173,4,3135.4,333,22,3135.5,114,5,3135.7,188,5,3136.2,15,1,3136.3,156,4
2031,2026-06-16 15:10:43+05:30,3135.3,2,3135.1,3255585,127639.0,189320.0,3163.0,3163.0,3108.0,3134.3,31898000,3447.7,2820.9,3839.9,2896.0,3135.3,359,11,3135.2,332,5,3135.1,618,7,3135.0,1040,10,3134.9,149,2,3135.4,173,12,3135.5,114,5,3135.7,188,5,3136.0,17,1,3136.2,77,3
2031,2026-06-16 15:10:43+05:30,3135.4,80,3135.1,3255585,127639.0,189320.0,3163.0,3163.0,3108.0,3134.3,31898000,3447.7,2820.9,3839.9,2896.0,3135.3,359,11,3135.2,332,5,3135.1,618,7,3135.0,1040,10,3134.9,149,2,3135.4,173,12,3135.5,114,5,3135.7,188,5,3136.0,17,1,3136.2,77,3
2031,2026-06-16 15:10:44+05:30,3135.4,80,3135.1,3255585,127639.0,189320.0,3163.0,3163.0,3108.0,3134.3,31898000,3447.7,2820.9,3839.9,2896.0,3135.3,359,11,3135.2,332,5,3135.1,618,7,3135.0,1040,10,3134.9,149,2,3135.4,173,12,3135.5,114,5,3135.7,188,5,3136.0,17,1,3136.2,77,3
2031,2026-06-16 15:10:44+05:30,3135.3,22,3135.1,3256109,127746.0,188682.0,3163.0,3163.0,3108.0,3134.3,31898000,3447.7,2820.9,3839.9,2896.0,3135.3,577,9,3135.2,314,4,3135.1,618,7,3135.0,987,8,3134.9,173,3,3135.4,143,9,3135.5,109,4,3135.7,188,5,3136.0,17,1,3136.1,128,1
2031,2026-06-16 15:10:44+05:30,3135.3,22,3135.1,3256109,127746.0,188682.0,3163.0,3163.0,3108.0,3134.3,31898000,3447.7,2820.9,3839.9,2896.0,3135.3,577,9,3135.2,314,4,3135.1,618,7,3135.0,987,8,3134.9,173,3,3135.4,143,9,3135.5,109,4,3135.7,188,5,3136.0,17,1,3136.1,128,1
2031,2026-06-16 15:10:45+05:30,3135.4,5,3135.1,3256438,127989.0,186934.0,3163.0,3163.0,3108.0,3134.3,31898000,3447.7,2820.9,3839.9,2896.0,3135.3,683,12,3135.2,314,4,3135.1,628,9,3135.0,1170,10,3134.9,351,5,3135.4,74,5,3135.5,109,4,3135.7,188,5,3136.2,15,1,3136.3,156,4
2031,2026-06-16 15:10:45+05:30,3135.4,2,3135.1,3256438,127989.0,186934.0,3163.0,3163.0,3108.0,3134.3,31898000,3447.7,2820.9,3839.9,2896.0,3135.3,683,12,3135.2,314,4,3135.1,628,9,3135.0,1170,10,3134.9,351,5,3135.4,74,5,3135.5,109,4,3135.7,188,5,3136.2,15,1,3136.3,156,4
2031,2026-06-16 15:10:46+05:30,3135.4,2,3135.1,3256438,127989.0,186934.0,3163.0,3163.0,3108.0,3134.3,31898000,3447.7,2820.9,3839.9,2896.0,3135.3,683,12,3135.2,314,4,3135.1,628,9,3135.0,1170,10,3134.9,351,5,3135.4,74,5,3135.5,109,4,3135.7,188,5,3136.2,15,1,3136.3,156,4
2031,2026-06-16 15:10:46+05:30,3135.3,9,3135.1,3256510,128086.0,188491.0,3163.0,3163.0,3108.0,3134.3,31898000,3447.7,2820.9,3839.9,2896.0,3135.3,637,12,3135.2,364,6,3135.1,619,8,3135.0,1082,10,3134.9,311,4,3135.4,45,5,3135.5,109,4,3135.7,188,5,3136.2,15,1,3136.3,131,3
2031,2026-06-16 15:10:46+05:30,3135.3,9,3135.1,3256510,128086.0,188491.0,3163.0,3163.0,3108.0,3134.3,31898000,3447.7,2820.9,3839.9,2896.0,3135.3,637,12,3135.2,364,6,3135.1,619,8,3135.0,1082,10,3134.9,311,4,3135.4,45,5,3135.5,109,4,3135.7,188,5,3136.2,15,1,3136.3,131,3
2031,2026-06-16 15:10:47+05:30,3135.4,3,3135.1,3256573,127985.0,188407.0,3163.0,3163.0,3108.0,3134.3,31898000,3447.7,2820.9,3839.9,2896.0,3135.3,553,11,3135.2,332,5,3135.1,619,8,3135.0,986,7,3134.9,164,3,3135.4,78,7,3135.5,109,4,3135.7,188,5,3136.2,15,1,3136.3,131,3
2031,2026-06-16 15:10:47+05:30,3135.4,3,3135.1,3256573,127985.0,188407.0,3163.0,3163.0,3108.0,3134.3,31898000,3447.7,2820.9,3839.9,2896.0,3135.3,553,11,3135.2,332,5,3135.1,619,8,3135.0,986,7,3134.9,164,3,3135.4,78,7,3135.5,109,4,3135.7,188,5,3136.2,15,1,3136.3,131,3
2031,2026-06-16 15:10:48+05:30,3135.4,1,3135.1,3256580,127851.0,188984.0,3163.0,3163.0,3108.0,3134.3,31898000,3447.7,2820.9,3839.9,2896.0,3135.3,566,12,3135.2,333,6,3135.1,618,7,3135.0,968,6,3134.9,149,2,3135.4,161,8,3135.5,109,4,3135.7,188,5,3136.2,15,1,3136.3,155,4
2031,2026-06-16 15:10:48+05:30,3135.4,1,3135.1,3256580,127851.0,188984.0,3163.0,3163.0,3108.0,3134.3,31898000,3447.7,2820.9,3839.9,2896.0,3135.3,566,12,3135.2,333,6,3135.1,618,7,3135.0,968,6,3134.9,149,2,3135.4,161,8,3135.5,109,4,3135.7,188,5,3136.2,15,1,3136.3,155,4
2031,2026-06-16 15:10:48+05:30,3135.4,1,3135.1,3256580,127851.0,188984.0,3163.0,3163.0,3108.0,3134.3,31898000,3447.7,2820.9,3839.9,2896.0,3135.3,566,12,3135.2,333,6,3135.1,618,7,3135.0,968,6,3134.9,149,2,3135.4,161,8,3135.5,109,4,3135.7,188,5,3136.2,15,1,3136.3,155,4
2031,2026-06-16 15:10:49+05:30,3135.4,38,3135.1,3256580,127851.0,188984.0,3163.0,3163.0,3108.0,3134.3,31898000,3447.7,2820.9,3839.9,2896.0,3135.3,566,12,3135.2,333,6,3135.1,618,7,3135.0,968,6,3134.9,149,2,3135.4,161,8,3135.5,109,4,3135.7,188,5,3136.2,15,1,3136.3,155,4
2031,2026-06-16 15:10:49+05:30,3135.3,39,3135.1,3256910,128003.0,188648.0,3163.0,3163.0,3108.0,3134.3,31898000,3447.7,2820.9,3839.9,2896.0,3135.3,669,13,3135.2,314,4,3135.1,618,7,3135.0,968,6,3134.9,296,3,3135.4,120,6,3135.5,109,4,3135.7,188,5,3136.2,15,1,3136.3,155,4
2031,2026-06-16 15:10:50+05:30,3135.4,4,3135.1,3256910,128003.0,188648.0,3163.0,3163.0,3108.0,3134.3,31898000,3447.7,2820.9,3839.9,2896.0,3135.3,669,13,3135.2,314,4,3135.1,618,7,3135.0,968,6,3134.9,296,3,3135.4,120,6,3135.5,109,4,3135.7,188,5,3136.2,15,1,3136.3,155,4
2031,2026-06-16 15:10:50+05:30,3135.4,4,3135.1,3256915,128045.0,188719.0,3163.0,3163.0,3108.0,3134.3,31898000,3447.7,2820.9,3839.9,2896.0,3135.3,667,13,3135.2,314,4,3135.1,618,7,3135.0,968,6,3134.9,149,2,3135.4,141,7,3135.5,109,4,3135.7,188,5,3136.2,15,1,3136.3,155,4
2031,2026-06-16 15:10:51+05:30,3135.4,4,3135.1,3256915,128045.0,188719.0,3163.0,3163.0,3108.0,3134.3,31898000,3447.7,2820.9,3839.9,2896.0,3135.3,667,13,3135.2,314,4,3135.1,618,7,3135.0,968,6,3134.9,149,2,3135.4,141,7,3135.5,109,4,3135.7,188,5,3136.2,15,1,3136.3,155,4
2031,2026-06-16 15:10:51+05:30,3135.4,11,3135.1,3256915,128045.0,188719.0,3163.0,3163.0,3108.0,3134.3,31898000,3447.7,2820.9,3839.9,2896.0,3135.3,667,13,3135.2,314,4,3135.1,618,7,3135.0,968,6,3134.9,149,2,3135.4,141,7,3135.5,109,4,3135.7,188,5,3136.2,15,1,3136.3,155,4
2031,2026-06-16 15:10:51+05:30,3135.4,11,3135.1,3256928,128062.0,188709.0,3163.0,3163.0,3108.0,3134.3,31898000,3447.7,2820.9,3839.9,2896.0,3135.3,668,14,3135.2,330,5,3135.1,618,7,3135.0,968,6,3134.9,149,2,3135.4,146,10,3135.5,109,4,3135.7,188,5,3136.1,23,1,3136.2,43,2
2031,2026-06-16 15:10:52+05:30,3135.3,22,3135.1,3256928,128062.0,188709.0,3163.0,3163.0,3108.0,3134.3,31898000,3447.7,2820.9,3839.9,2896.0,3135.3,668,14,3135.2,330,5,3135.1,618,7,3135.0,968,6,3134.9,149,2,3135.4,146,10,3135.5,109,4,3135.7,188,5,3136.1,23,1,3136.2,43,2
2031,2026-06-16 15:10:52+05:30,3135.3,22,3135.1,3257000,127904.0,188606.0,3163.0,3163.0,3108.0,3134.3,31898000,3447.7,2820.9,3839.9,2896.0,3135.3,646,14,3135.2,330,5,3135.1,618,7,3135.0,968,6,3134.9,149,2,3135.4,168,12,3135.5,109,4,3135.7,188,5,3135.9,15,1,3136.0,23,1
2031,2026-06-16 15:10:53+05:30,3135.3,2,3135.1,3257000,127904.0,188606.0,3163.0,3163.0,3108.0,3134.3,31898000,3447.7,2820.9,3839.9,2896.0,3135.3,646,14,3135.2,330,5,3135.1,618,7,3135.0,968,6,3134.9,149,2,3135.4,168,12,3135.5,109,4,3135.7,188,5,3135.9,15,1,3136.0,23,1
2031,2026-06-16 15:10:53+05:30,3135.3,2,3135.1,3257003,128038.0,188600.0,3163.0,3163.0,3108.0,3134.3,31898000,3447.7,2820.9,3839.9,2896.0,3135.3,646,16,3135.2,330,5,3135.1,618,7,3135.0,991,7,3134.9,149,2,3135.4,158,12,3135.5,139,5,3135.7,188,5,3136.0,100,1,3136.1,20,1
2031,2026-06-16 15:10:53+05:30,3135.3,2,3135.1,3257003,128038.0,188600.0,3163.0,3163.0,3108.0,3134.3,31898000,3447.7,2820.9,3839.9,2896.0,3135.3,646,16,3135.2,330,5,3135.1,618,7,3135.0,991,7,3134.9,149,2,3135.4,158,12,3135.5,139,5,3135.7,188,5,3136.0,100,1,3136.1,20,1
2031,2026-06-16 15:10:54+05:30,3135.3,42,3135.1,3257003,128038.0,188600.0,3163.0,3163.0,3108.0,3134.3,31898000,3447.7,2820.9,3839.9,2896.0,3135.3,646,16,3135.2,330,5,3135.1,618,7,3135.0,991,7,3134.9,149,2,3135.4,158,12,3135.5,139,5,3135.7,188,5,3136.0,100,1,3136.1,20,1
2031,2026-06-16 15:10:54+05:30,3135.3,173,3135.1,3257313,127216.0,188860.0,3163.0,3163.0,3108.0,3134.3,31898000,3447.7,2820.9,3839.9,2896.0,3135.3,441,18,3135.2,330,5,3135.1,618,7,3135.0,968,6,3134.9,149,2,3135.4,222,17,3135.5,139,5,3135.7,198,6,3135.9,38,2,3136.0,128,2
2031,2026-06-16 15:10:55+05:30,3135.3,173,3135.1,3257313,127216.0,188860.0,3163.0,3163.0,3108.0,3134.3,31898000,3447.7,2820.9,3839.9,2896.0,3135.3,441,18,3135.2,330,5,3135.1,618,7,3135.0,968,6,3134.9,149,2,3135.4,222,17,3135.5,139,5,3135.7,198,6,3135.9,38,2,3136.0,128,2
2031,2026-06-16 15:10:55+05:30,3135.4,40,3135.1,3257313,127216.0,188860.0,3163.0,3163.0,3108.0,3134.3,31898000,3447.7,2820.9,3839.9,2896.0,3135.3,441,18,3135.2,330,5,3135.1,618,7,3135.0,968,6,3134.9,149,2,3135.4,222,17,3135.5,139,5,3135.7,198,6,3135.9,38,2,3136.0,128,2
2031,2026-06-16 15:10:55+05:30,3135.4,2,3135.1,3257665,127344.0,188500.0,3163.0,3163.0,3108.0,3134.3,31898000,3447.7,2820.9,3839.9,2896.0,3135.3,488,16,3135.2,314,4,3135.1,618,7,3135.0,968,6,3134.9,149,2,3135.4,39,2,3135.5,139,5,3135.7,188,5,3135.9,12,1,3136.0,100,1
2031,2026-06-16 15:10:56+05:30,3135.3,9,3135.1,3257665,127344.0,188500.0,3163.0,3163.0,3108.0,3134.3,31898000,3447.7,2820.9,3839.9,2896.0,3135.3,488,16,3135.2,314,4,3135.1,618,7,3135.0,968,6,3134.9,149,2,3135.4,39,2,3135.5,139,5,3135.7,188,5,3135.9,12,1,3136.0,100,1
2031,2026-06-16 15:10:56+05:30,3135.4,25,3135.1,3257744,127483.0,188648.0,3163.0,3163.0,3108.0,3134.3,31898000,3447.7,2820.9,3839.9,2896.0,3135.3,437,16,3135.2,314,4,3135.1,618,7,3135.0,968,6,3134.9,149,2,3135.4,61,4,3135.5,220,6,3135.6,7,1,3135.7,190,6,3135.8,51,2
2031,2026-06-16 15:10:57+05:30,3135.4,25,3135.1,3257744,127483.0,188648.0,3163.0,3163.0,3108.0,3134.3,31898000,3447.7,2820.9,3839.9,2896.0,3135.3,437,16,3135.2,314,4,3135.1,618,7,3135.0,968,6,3134.9,149,2,3135.4,61,4,3135.5,220,6,3135.6,7,1,3135.7,190,6,3135.8,51,2
2031,2026-06-16 15:10:57+05:30,3135.4,2,3135.1,3257744,127483.0,188648.0,3163.0,3163.0,3108.0,3134.3,31898000,3447.7,2820.9,3839.9,2896.0,3135.3,437,16,3135.2,314,4,3135.1,618,7,3135.0,968,6,3134.9,149,2,3135.4,61,4,3135.5,220,6,3135.6,7,1,3135.7,190,6,3135.8,51,2
2031,2026-06-16 15:10:57+05:30,3135.4,2,3135.1,3257808,127387.0,188904.0,3163.0,3163.0,3108.0,3134.3,31898000,3447.7,2820.9,3839.9,2896.0,3135.3,375,13,3135.2,314,4,3135.1,618,7,3135.0,968,6,3134.9,149,2,3135.4,281,10,3135.5,144,6,3135.6,30,2,3135.7,190,6,3135.8,51,2
2031,2026-06-16 15:10:57+05:30,3135.4,2,3135.1,3257808,127387.0,188904.0,3163.0,3163.0,3108.0,3134.3,31898000,3447.7,2820.9,3839.9,2896.0,3135.3,375,13,3135.2,314,4,3135.1,618,7,3135.0,968,6,3134.9,149,2,3135.4,281,10,3135.5,144,6,3135.6,30,2,3135.7,190,6,3135.8,51,2
2031,2026-06-16 15:10:58+05:30,3135.4,2,3135.1,3257808,127387.0,188904.0,3163.0,3163.0,3108.0,3134.3,31898000,3447.7,2820.9,3839.9,2896.0,3135.3,375,13,3135.2,314,4,3135.1,618,7,3135.0,968,6,3134.9,149,2,3135.4,281,10,3135.5,144,6,3135.6,30,2,3135.7,190,6,3135.8,51,2
2031,2026-06-16 15:10:58+05:30,3135.3,13,3135.1,3257808,127387.0,188904.0,3163.0,3163.0,3108.0,3134.3,31898000,3447.7,2820.9,3839.9,2896.0,3135.3,375,13,3135.2,314,4,3135.1,618,7,3135.0,968,6,3134.9,149,2,3135.4,281,10,3135.5,144,6,3135.6,30,2,3135.7,190,6,3135.8,51,2
2031,2026-06-16 15:10:58+05:30,3135.3,13,3135.1,3257808,127387.0,188904.0,3163.0,3163.0,3108.0,3134.3,31898000,3447.7,2820.9,3839.9,2896.0,3135.3,375,13,3135.2,314,4,3135.1,618,7,3135.0,968,6,3134.9,149,2,3135.4,281,10,3135.5,144,6,3135.6,30,2,3135.7,190,6,3135.8,51,2
2031,2026-06-16 15:10:58+05:30,3135.3,13,3135.1,3257936,127192.0,188894.0,3163.0,3163.0,3108.0,3134.3,31898000,3447.7,2820.9,3839.9,2896.0,3135.3,351,11,3135.2,331,5,3135.1,618,7,3135.0,982,7,3134.9,149,2,3135.4,263,9,3135.5,114,5,3135.6,58,3,3135.7,190,6,3135.8,63,3
2031,2026-06-16 15:10:59+05:30,3135.3,13,3135.1,3257936,127192.0,188894.0,3163.0,3163.0,3108.0,3134.3,31898000,3447.7,2820.9,3839.9,2896.0,3135.3,351,11,3135.2,331,5,3135.1,618,7,3135.0,982,7,3134.9,149,2,3135.4,263,9,3135.5,114,5,3135.6,58,3,3135.7,190,6,3135.8,63,3
2031,2026-06-16 15:10:59+05:30,3135.4,2,3135.1,3257936,127192.0,188894.0,3163.0,3163.0,3108.0,3134.3,31898000,3447.7,2820.9,3839.9,2896.0,3135.3,351,11,3135.2,331,5,3135.1,618,7,3135.0,982,7,3134.9,149,2,3135.4,263,9,3135.5,114,5,3135.6,58,3,3135.7,190,6,3135.8,63,3
2031,2026-06-16 15:10:59+05:30,3135.4,2,3135.1,3258346,127168.0,188962.0,3163.0,3163.0,3108.0,3134.3,31898000,3447.7,2820.9,3839.9,2896.0,3135.3,539,6,3135.2,331,5,3135.1,618,7,3135.0,1031,8,3134.9,149,2,3135.4,318,10,3135.5,114,5,3135.6,58,3,3135.7,200,7,3135.8,63,3
2031,2026-06-16 15:11:00+05:30,3135.4,2,3135.1,3258346,127168.0,188962.0,3163.0,3163.0,3108.0,3134.3,31898000,3447.7,2820.9,3839.9,2896.0,3135.3,539,6,3135.2,331,5,3135.1,618,7,3135.0,1031,8,3134.9,149,2,3135.4,318,10,3135.5,114,5,3135.6,58,3,3135.7,200,7,3135.8,63,3
2031,2026-06-16 15:11:00+05:30,3135.4,1,3135.1,3258346,127168.0,188962.0,3163.0,3163.0,3108.0,3134.3,31898000,3447.7,2820.9,3839.9,2896.0,3135.3,539,6,3135.2,331,5,3135.1,618,7,3135.0,1031,8,3134.9,149,2,3135.4,318,10,3135.5,114,5,3135.6,58,3,3135.7,200,7,3135.8,63,3
2031,2026-06-16 15:11:00+05:30,3135.4,1,3135.1,3258753,127543.0,188656.0,3163.0,3163.0,3108.0,3134.3,31898000,3447.7,2820.9,3839.9,2896.0,3135.3,557,9,3135.2,317,5,3135.1,618,7,3135.0,1031,8,3134.9,150,3,3135.4,2,1,3135.5,114,5,3135.6,23,1,3135.7,190,6,3135.8,23,1
2031,2026-06-16 15:11:01+05:30,3135.4,1,3135.1,3258753,127543.0,188656.0,3163.0,3163.0,3108.0,3134.3,31898000,3447.7,2820.9,3839.9,2896.0,3135.3,557,9,3135.2,317,5,3135.1,618,7,3135.0,1031,8,3134.9,150,3,3135.4,2,1,3135.5,114,5,3135.6,23,1,3135.7,190,6,3135.8,23,1
2031,2026-06-16 15:11:01+05:30,3135.4,1,3135.1,3258753,127543.0,188656.0,3163.0,3163.0,3108.0,3134.3,31898000,3447.7,2820.9,3839.9,2896.0,3135.3,557,9,3135.2,317,5,3135.1,618,7,3135.0,1031,8,3134.9,150,3,3135.4,2,1,3135.5,114,5,3135.6,23,1,3135.7,190,6,3135.8,23,1
2031,2026-06-16 15:11:01+05:30,3135.3,16,3135.1,3258844,127327.0,188447.0,3163.0,3163.0,3108.0,3134.3,31898000,3447.7,2820.9,3839.9,2896.0,3135.3,612,10,3135.2,289,3,3135.1,618,7,3135.0,1031,8,3134.9,150,3,3135.4,70,3,3135.5,114,5,3135.7,188,5,3135.8,24,1,3135.9,12,1
2031,2026-06-16 15:11:02+05:30,3135.3,16,3135.1,3258844,127327.0,188447.0,3163.0,3163.0,3108.0,3134.3,31898000,3447.7,2820.9,3839.9,2896.0,3135.3,612,10,3135.2,289,3,3135.1,618,7,3135.0,1031,8,3134.9,150,3,3135.4,70,3,3135.5,114,5,3135.7,188,5,3135.8,24,1,3135.9,12,1
2031,2026-06-16 15:11:02+05:30,3135.3,1,3135.1,3258844,127327.0,188447.0,3163.0,3163.0,3108.0,3134.3,31898000,3447.7,2820.9,3839.9,2896.0,3135.3,612,10,3135.2,289,3,3135.1,618,7,3135.0,1031,8,3134.9,150,3,3135.4,70,3,3135.5,114,5,3135.7,188,5,3135.8,24,1,3135.9,12,1
2031,2026-06-16 15:11:02+05:30,3135.3,1,3135.1,3258844,127327.0,188447.0,3163.0,3163.0,3108.0,3134.3,31898000,3447.7,2820.9,3839.9,2896.0,3135.3,612,10,3135.2,289,3,3135.1,618,7,3135.0,1031,8,3134.9,150,3,3135.4,70,3,3135.5,114,5,3135.7,188,5,3135.8,24,1,3135.9,12,1
2031,2026-06-16 15:11:03+05:30,3135.3,30,3135.1,3259412,126685.0,188754.0,3163.0,3163.0,3108.0,3134.3,31898000,3447.7,2820.9,3839.9,2896.0,3135.3,254,8,3135.2,338,4,3135.1,618,7,3135.0,1008,9,3134.9,149,2,3135.4,214,8,3135.5,138,6,3135.6,7,1,3135.7,188,5,3135.8,36,2
2031,2026-06-16 15:11:03+05:30,3135.3,30,3135.1,3259412,126685.0,188754.0,3163.0,3163.0,3108.0,3134.3,31898000,3447.7,2820.9,3839.9,2896.0,3135.3,254,8,3135.2,338,4,3135.1,618,7,3135.0,1008,9,3134.9,149,2,3135.4,214,8,3135.5,138,6,3135.6,7,1,3135.7,188,5,3135.8,36,2
2031,2026-06-16 15:11:03+05:30,3135.3,28,3135.1,3259412,126685.0,188754.0,3163.0,3163.0,3108.0,3134.3,31898000,3447.7,2820.9,3839.9,2896.0,3135.3,254,8,3135.2,338,4,3135.1,618,7,3135.0,1008,9,3134.9,149,2,3135.4,214,8,3135.5,138,6,3135.6,7,1,3135.7,188,5,3135.8,36,2
2031,2026-06-16 15:11:04+05:30,3135.3,6,3135.1,3259643,126572.0,189057.0,3163.0,3163.0,3108.0,3134.3,31898000,3447.7,2820.9,3839.9,2896.0,3135.3,241,8,3135.2,338,4,3135.1,618,7,3135.0,1008,9,3134.9,149,2,3135.4,205,9,3135.5,138,6,3135.6,7,1,3135.7,270,6,3135.8,64,3
2031,2026-06-16 15:11:04+05:30,3135.3,6,3135.1,3259643,126572.0,189057.0,3163.0,3163.0,3108.0,3134.3,31898000,3447.7,2820.9,3839.9,2896.0,3135.3,241,8,3135.2,338,4,3135.1,618,7,3135.0,1008,9,3134.9,149,2,3135.4,205,9,3135.5,138,6,3135.6,7,1,3135.7,270,6,3135.8,64,3
2031,2026-06-16 15:11:04+05:30,3135.4,13,3135.1,3259643,126572.0,189057.0,3163.0,3163.0,3108.0,3134.3,31898000,3447.7,2820.9,3839.9,2896.0,3135.3,241,8,3135.2,338,4,3135.1,618,7,3135.0,1008,9,3134.9,149,2,3135.4,205,9,3135.5,138,6,3135.6,7,1,3135.7,270,6,3135.8,64,3
2031,2026-06-16 15:11:05+05:30,3135.4,4,3135.1,3259871,126257.0,188958.0,3163.0,3163.0,3108.0,3134.3,31898000,3447.7,2820.9,3839.9,2896.0,3135.3,262,8,3135.2,355,5,3135.1,619,8,3135.0,1007,8,3134.9,149,2,3135.4,221,11,3135.5,114,5,3135.6,31,2,3135.7,228,6,3135.8,76,4
2031,2026-06-16 15:11:05+05:30,3135.4,4,3135.1,3259871,126257.0,188958.0,3163.0,3163.0,3108.0,3134.3,31907800,3447.7,2820.9,3839.9,2896.0,3135.3,262,8,3135.2,355,5,3135.1,619,8,3135.0,1007,8,3134.9,149,2,3135.4,221,11,3135.5,114,5,3135.6,31,2,3135.7,228,6,3135.8,76,4
2031,2026-06-16 15:11:05+05:30,3135.4,4,3135.1,3259871,126257.0,188958.0,3163.0,3163.0,3108.0,3134.3,31907800,3447.7,2820.9,3839.9,2896.0,3135.3,262,8,3135.2,355,5,3135.1,619,8,3135.0,1007,8,3134.9,149,2,3135.4,221,11,3135.5,114,5,3135.6,31,2,3135.7,228,6,3135.8,76,4
2031,2026-06-16 15:11:06+05:30,3135.3,2,3135.1,3260120,126425.0,188927.0,3163.0,3163.0,3108.0,3134.3,31907800,3447.7,2820.9,3839.9,2896.0,3135.3,247,10,3135.2,355,5,3135.1,619,8,3135.0,1054,9,3134.9,149,2,3135.4,250,10,3135.5,114,5,3135.7,188,5,3135.8,12,1,3135.9,32,2
2031,2026-06-16 15:11:06+05:30,3135.4,87,3135.1,3260120,126425.0,188927.0,3163.0,3163.0,3108.0,3134.3,31907800,3447.7,2820.9,3839.9,2896.0,3135.3,247,10,3135.2,355,5,3135.1,619,8,3135.0,1054,9,3134.9,149,2,3135.4,250,10,3135.5,114,5,3135.7,188,5,3135.8,12,1,3135.9,32,2
2031,2026-06-16 15:11:07+05:30,3135.4,1,3135.1,3260439,126701.0,188901.0,3163.0,3163.0,3108.0,3134.3,31907800,3447.7,2820.9,3839.9,2896.0,3135.3,237,10,3135.2,339,5,3135.1,618,7,3135.0,1054,9,3134.9,150,3,3135.4,134,6,3135.5,114,5,3135.7,213,6,3135.8,12,1,3135.9,15,1
2031,2026-06-16 15:11:07+05:30,3135.4,1,3135.1,3260439,126701.0,188901.0,3163.0,3163.0,3108.0,3134.3,31907800,3447.7,2820.9,3839.9,2896.0,3135.3,237,10,3135.2,339,5,3135.1,618,7,3135.0,1054,9,3134.9,150,3,3135.4,134,6,3135.5,114,5,3135.7,213,6,3135.8,12,1,3135.9,15,1
2031,2026-06-16 15:11:08+05:30,3135.3,1,3135.1,3260461,126758.0,188746.0,3163.0,3163.0,3108.0,3134.3,31907800,3447.7,2820.9,3839.9,2896.0,3135.3,291,12,3135.2,338,4,3135.1,618,7,3135.0,1064,10,3134.9,150,3,3135.4,126,7,3135.5,114,5,3135.7,188,5,3135.8,37,2,3135.9,7,1
2031,2026-06-16 15:11:08+05:30,3135.3,1,3135.1,3260461,126758.0,188746.0,3163.0,3163.0,3108.0,3134.3,31907800,3447.7,2820.9,3839.9,2896.0,3135.3,291,12,3135.2,338,4,3135.1,618,7,3135.0,1064,10,3134.9,150,3,3135.4,126,7,3135.5,114,5,3135.7,188,5,3135.8,37,2,3135.9,7,1
2031,2026-06-16 15:11:09+05:30,3135.3,6,3135.1,3260538,126543.0,188657.0,3163.0,3163.0,3108.0,3134.3,31907800,3447.7,2820.9,3839.9,2896.0,3135.3,290,11,3135.2,338,4,3135.1,618,7,3135.0,1064,10,3134.9,150,3,3135.4,125,7,3135.5,119,6,3135.7,213,6,3135.8,52,2,3135.9,7,1
2031,2026-06-16 15:11:09+05:30,3135.3,6,3135.1,3260538,126543.0,188657.0,3163.0,3163.0,3108.0,3134.3,31907800,3447.7,2820.9,3839.9,2896.0,3135.3,290,11,3135.2,338,4,3135.1,618,7,3135.0,1064,10,3134.9,150,3,3135.4,125,7,3135.5,119,6,3135.7,213,6,3135.8,52,2,3135.9,7,1
2031,2026-06-16 15:11:10+05:30,3135.4,2,3135.1,3260538,126543.0,188657.0,3163.0,3163.0,3108.0,3134.3,31907800,3447.7,2820.9,3839.9,2896.0,3135.3,290,11,3135.2,338,4,3135.1,618,7,3135.0,1064,10,3134.9,150,3,3135.4,125,7,3135.5,119,6,3135.7,213,6,3135.8,52,2,3135.9,7,1
2031,2026-06-16 15:11:10+05:30,3135.4,2,3135.1,3260649,126653.0,188021.0,3163.0,3163.0,3108.0,3134.3,31907800,3447.7,2820.9,3839.9,2896.0,3135.3,289,10,3135.2,354,5,3135.1,618,7,3135.0,1064,10,3134.9,174,4,3135.4,72,8,3135.5,114,5,3135.7,188,5,3136.0,100,1,3136.1,20,1
2031,2026-06-16 15:11:11+05:30,3135.4,4,3135.1,3260649,126653.0,188021.0,3163.0,3163.0,3108.0,3134.3,31907800,3447.7,2820.9,3839.9,2896.0,3135.3,289,10,3135.2,354,5,3135.1,618,7,3135.0,1064,10,3134.9,174,4,3135.4,72,8,3135.5,114,5,3135.7,188,5,3136.0,100,1,3136.1,20,1
2031,2026-06-16 15:11:11+05:30,3135.4,4,3135.1,3260667,127126.0,188012.0,3163.0,3163.0,3108.0,3134.3,31907800,3447.7,2820.9,3839.9,2896.0,3135.3,290,11,3135.2,356,6,3135.1,619,8,3135.0,1264,11,3134.9,150,3,3135.4,79,7,3135.5,114,5,3135.7,188,5,3136.0,100,1,3136.1,20,1
2031,2026-06-16 15:11:12+05:30,3135.3,6,3135.1,3260667,127126.0,188012.0,3163.0,3163.0,3108.0,3134.3,31907800,3447.7,2820.9,3839.9,2896.0,3135.3,290,11,3135.2,356,6,3135.1,619,8,3135.0,1264,11,3134.9,150,3,3135.4,79,7,3135.5,114,5,3135.7,188,5,3136.0,100,1,3136.1,20,1
2031,2026-06-16 15:11:12+05:30,3135.3,6,3135.1,3260831,126419.0,188163.0,3163.0,3163.0,3108.0,3134.3,31907800,3447.7,2820.9,3839.9,2896.0,3135.3,226,11,3135.2,354,5,3135.1,619,8,3135.0,1264,11,3134.9,150,3,3135.4,82,8,3135.5,114,5,3135.7,188,5,3135.8,25,1,3135.9,14,1
2031,2026-06-16 15:11:13+05:30,3135.3,16,3135.1,3260831,126419.0,188163.0,3163.0,3163.0,3108.0,3134.3,31907800,3447.7,2820.9,3839.9,2896.0,3135.3,226,11,3135.2,354,5,3135.1,619,8,3135.0,1264,11,3134.9,150,3,3135.4,82,8,3135.5,114,5,3135.7,188,5,3135.8,25,1,3135.9,14,1
2031,2026-06-16 15:11:13+05:30,3135.3,16,3135.1,3260884,126409.0,188379.0,3163.0,3163.0,3108.0,3134.3,31907800,3447.7,2820.9,3839.9,2896.0,3135.3,191,9,3135.2,354,5,3135.1,619,8,3135.0,1265,12,3134.9,149,2,3135.4,233,11,3135.5,114,5,3135.7,212,6,3136.0,152,3,3136.1,20,1
2031,2026-06-16 15:11:14+05:30,3135.4,25,3135.1,3260884,126409.0,188379.0,3163.0,3163.0,3108.0,3134.3,31907800,3447.7,2820.9,3839.9,2896.0,3135.3,191,9,3135.2,354,5,3135.1,619,8,3135.0,1265,12,3134.9,149,2,3135.4,233,11,3135.5,114,5,3135.7,212,6,3136.0,152,3,3136.1,20,1
2031,2026-06-16 15:11:14+05:30,3135.4,1,3135.1,3261063,126761.0,188312.0,3163.0,3163.0,3108.0,3134.3,31907800,3447.7,2820.9,3839.9,2896.0,3135.3,373,12,3135.2,338,4,3135.1,618,7,3135.0,1251,11,3134.9,149,2,3135.4,158,11,3135.5,114,5,3135.7,212,6,3136.0,152,3,3136.1,20,1
2031,2026-06-16 15:11:15+05:30,3135.4,1,3135.1,3261063,126761.0,188312.0,3163.0,3163.0,3108.0,3134.3,31907800,3447.7,2820.9,3839.9,2896.0,3135.3,373,12,3135.2,338,4,3135.1,618,7,3135.0,1251,11,3134.9,149,2,3135.4,158,11,3135.5,114,5,3135.7,212,6,3136.0,152,3,3136.1,20,1
2031,2026-06-16 15:11:15+05:30,3135.3,19,3135.1,3261808,126463.0,188295.0,3163.0,3163.0,3108.0,3134.3,31907800,3447.7,2820.9,3839.9,2896.0,3135.3,139,7,3135.2,338,4,3135.1,619,8,3135.0,1275,11,3134.9,296,3,3135.4,21,4,3135.5,114,5,3135.7,188,5,3136.0,100,1,3136.2,182,3
2031,2026-06-16 15:11:16+05:30,3135.4,1,3135.1,3261808,126463.0,188295.0,3163.0,3163.0,3108.0,3134.3,31907800,3447.7,2820.9,3839.9,2896.0,3135.3,139,7,3135.2,338,4,3135.1,619,8,3135.0,1275,11,3134.9,296,3,3135.4,21,4,3135.5,114,5,3135.7,188,5,3136.0,100,1,3136.2,182,3
2031,2026-06-16 15:11:16+05:30,3135.3,4,3135.1,3261850,127080.0,187902.0,3163.0,3163.0,3108.0,3134.3,31907800,3447.7,2820.9,3839.9,2896.0,3135.3,230,9,3135.2,375,6,3135.1,619,8,3135.0,1314,13,3134.9,312,4,3135.4,25,5,3135.5,114,5,3135.7,188,5,3136.0,100,1,3136.2,141,2
2031,2026-06-16 15:11:17+05:30,3135.4,1,3135.1,3261850,127080.0,187902.0,3163.0,3163.0,3108.0,3134.3,31907800,3447.7,2820.9,3839.9,2896.0,3135.3,230,9,3135.2,375,6,3135.1,619,8,3135.0,1314,13,3134.9,312,4,3135.4,25,5,3135.5,114,5,3135.7,188,5,3136.0,100,1,3136.2,141,2
2031,2026-06-16 15:11:17+05:30,3135.3,9,3135.1,3261944,126874.0,188453.0,3163.0,3163.0,3108.0,3134.3,31907800,3447.7,2820.9,3839.9,2896.0,3135.3,217,10,3135.2,357,7,3135.1,618,7,3135.0,1253,11,3134.9,149,2,3135.4,33,8,3135.5,114,5,3135.7,188,5,3136.0,100,1,3136.2,141,2
2031,2026-06-16 15:11:18+05:30,3135.3,14,3135.1,3261944,126874.0,188453.0,3163.0,3163.0,3108.0,3134.3,31907800,3447.7,2820.9,3839.9,2896.0,3135.3,217,10,3135.2,357,7,3135.1,618,7,3135.0,1253,11,3134.9,149,2,3135.4,33,8,3135.5,114,5,3135.7,188,5,3136.0,100,1,3136.2,141,2
2031,2026-06-16 15:11:21+05:30,3135.3,21,3135.1,3262326,126586.0,188868.0,3163.0,3163.0,3108.0,3134.3,31907800,3447.7,2820.9,3839.9,2896.0,3135.3,262,11,3135.2,353,5,3135.1,618,7,3135.0,1253,11,3134.9,150,3,3135.4,151,13,3135.5,114,5,3135.7,222,7,3136.0,170,4,3136.2,256,6
2031,2026-06-16 15:11:22+05:30,3135.4,1,3135.1,3262326,126586.0,188868.0,3163.0,3163.0,3108.0,3134.3,31907800,3447.7,2820.9,3839.9,2896.0,3135.3,262,11,3135.2,353,5,3135.1,618,7,3135.0,1253,11,3134.9,150,3,3135.4,151,13,3135.5,114,5,3135.7,222,7,3136.0,170,4,3136.2,256,6
2031,2026-06-16 15:11:29+05:30,3135.6,2,3135.1,3263521,129597.0,187469.0,3163.0,3163.0,3108.0,3134.3,31907800,3447.7,2820.9,3839.9,2896.0,3135.6,53,2,3135.5,74,2,3135.4,124,5,3135.3,742,12,3135.2,739,9,3135.7,196,6,3135.9,10,1,3136.0,100,1,3136.2,15,1,3136.3,3,2
2031,2026-06-16 15:11:30+05:30,3135.7,1,3135.1,3263521,129597.0,187469.0,3163.0,3163.0,3108.0,3134.3,31907800,3447.7,2820.9,3839.9,2896.0,3135.6,53,2,3135.5,74,2,3135.4,124,5,3135.3,742,12,3135.2,739,9,3135.7,196,6,3135.9,10,1,3136.0,100,1,3136.2,15,1,3136.3,3,2
2031,2026-06-16 15:11:36+05:30,3135.6,1,3135.1,3264418,128294.0,188242.0,3163.0,3163.0,3108.0,3134.3,31907800,3447.7,2820.9,3839.9,2896.0,3135.6,270,11,3135.5,280,4,3135.4,356,7,3135.3,635,7,3135.2,601,4,3135.7,356,12,3135.8,9,2,3135.9,39,3,3136.0,110,2,3136.2,66,3
2031,2026-06-16 15:11:38+05:30,3136.2,13,3135.1,3264418,128294.0,188242.0,3163.0,3163.0,3108.0,3134.3,31907800,3447.7,2820.9,3839.9,2896.0,3135.6,270,11,3135.5,280,4,3135.4,356,7,3135.3,635,7,3135.2,601,4,3135.7,356,12,3135.8,9,2,3135.9,39,3,3136.0,110,2,3136.2,66,3
2031,2026-06-16 15:11:42+05:30,3136.5,16,3135.1,3266327,129515.0,187685.0,3163.0,3163.0,3108.0,3134.3,31907800,3447.7,2820.9,3839.9,2896.0,3135.9,20,1,3135.8,21,1,3135.7,138,5,3135.6,429,12,3135.5,540,4,3136.5,481,1,3136.9,6,1,3137.0,127,2,3137.2,129,3,3137.3,85,3
2031,2026-06-16 15:11:44+05:30,3136.5,16,3135.1,3266327,129515.0,187685.0,3163.0,3163.0,3108.0,3134.3,31907800,3447.7,2820.9,3839.9,2896.0,3135.9,20,1,3135.8,21,1,3135.7,138,5,3135.6,429,12,3135.5,540,4,3136.5,481,1,3136.9,6,1,3137.0,127,2,3137.2,129,3,3137.3,85,3
2031,2026-06-16 15:11:45+05:30,3136.2,33,3135.1,3266327,129515.0,187685.0,3163.0,3163.0,3108.0,3134.3,31907800,3447.7,2820.9,3839.9,2896.0,3135.9,20,1,3135.8,21,1,3135.7,138,5,3135.6,429,12,3135.5,540,4,3136.5,481,1,3136.9,6,1,3137.0,127,2,3137.2,129,3,3137.3,85,3
2031,2026-06-16 15:11:46+05:30,3136.2,33,3135.1,3266327,129515.0,187685.0,3163.0,3163.0,3108.0,3134.3,31907800,3447.7,2820.9,3839.9,2896.0,3135.9,20,1,3135.8,21,1,3135.7,138,5,3135.6,429,12,3135.5,540,4,3136.5,481,1,3136.9,6,1,3137.0,127,2,3137.2,129,3,3137.3,85,3
2031,2026-06-16 15:11:48+05:30,3136.2,33,3135.1,3266327,129515.0,187685.0,3163.0,3163.0,3108.0,3134.3,31907800,3447.7,2820.9,3839.9,2896.0,3135.9,20,1,3135.8,21,1,3135.7,138,5,3135.6,429,12,3135.5,540,4,3136.5,481,1,3136.9,6,1,3137.0,127,2,3137.2,129,3,3137.3,85,3
2031,2026-06-16 15:11:49+05:30,3136.0,23,3135.1,3267079,129999.0,188003.0,3163.0,3163.0,3108.0,3134.3,31907800,3447.7,2820.9,3839.9,2896.0,3136.0,79,7,3135.9,418,11,3135.8,380,5,3135.7,57,2,3135.6,252,6,3136.1,7,1,3136.2,180,1,3136.3,2,1,3136.4,130,3,3136.5,188,9
2031,2026-06-16 15:11:50+05:30,3136.0,23,3135.1,3267079,129999.0,188003.0,3163.0,3163.0,3108.0,3134.3,31907800,3447.7,2820.9,3839.9,2896.0,3136.0,79,7,3135.9,418,11,3135.8,380,5,3135.7,57,2,3135.6,252,6,3136.1,7,1,3136.2,180,1,3136.3,2,1,3136.4,130,3,3136.5,188,9
2031,2026-06-16 15:11:52+05:30,3136.0,20,3135.1,3267079,129999.0,188003.0,3163.0,3163.0,3108.0,3134.3,31907800,3447.7,2820.9,3839.9,2896.0,3136.0,79,7,3135.9,418,11,3135.8,380,5,3135.7,57,2,3135.6,252,6,3136.1,7,1,3136.2,180,1,3136.3,2,1,3136.4,130,3,3136.5,188,9
2031,2026-06-16 15:11:53+05:30,3136.0,20,3135.1,3267079,129999.0,188003.0,3163.0,3163.0,3108.0,3134.3,31907800,3447.7,2820.9,3839.9,2896.0,3136.0,79,7,3135.9,418,11,3135.8,380,5,3135.7,57,2,3135.6,252,6,3136.1,7,1,3136.2,180,1,3136.3,2,1,3136.4,130,3,3136.5,188,9
2031,2026-06-16 15:11:55+05:30,3136.0,20,3135.1,3267079,129999.0,188003.0,3163.0,3163.0,3108.0,3134.3,31907800,3447.7,2820.9,3839.9,2896.0,3136.0,79,7,3135.9,418,11,3135.8,380,5,3135.7,57,2,3135.6,252,6,3136.1,7,1,3136.2,180,1,3136.3,2,1,3136.4,130,3,3136.5,188,9
2031,2026-06-16 15:11:56+05:30,3136.0,1,3135.1,3267880,130246.0,186887.0,3163.0,3163.0,3108.0,3134.3,31907800,3447.7,2820.9,3839.9,2896.0,3136.0,742,18,3135.9,749,9,3135.8,851,11,3135.7,82,3,3135.6,205,8,3136.1,81,6,3136.2,189,2,3136.3,2,1,3136.4,127,2,3136.5,152,8
2031,2026-06-16 15:11:57+05:30,3136.0,1,3135.1,3267880,130246.0,186887.0,3163.0,3163.0,3108.0,3134.3,31907800,3447.7,2820.9,3839.9,2896.0,3136.0,742,18,3135.9,749,9,3135.8,851,11,3135.7,82,3,3135.6,205,8,3136.1,81,6,3136.2,189,2,3136.3,2,1,3136.4,127,2,3136.5,152,8
2031,2026-06-16 15:11:58+05:30,3136.0,1,3135.1,3267880,130246.0,186887.0,3163.0,3163.0,3108.0,3134.3,31907800,3447.7,2820.9,3839.9,2896.0,3136.0,742,18,3135.9,749,9,3135.8,851,11,3135.7,82,3,3135.6,205,8,3136.1,81,6,3136.2,189,2,3136.3,2,1,3136.4,127,2,3136.5,152,8
2031,2026-06-16 15:11:59+05:30,3136.0,1,3135.1,3267880,130246.0,186887.0,3163.0,3163.0,3108.0,3134.3,31907800,3447.7,2820.9,3839.9,2896.0,3136.0,742,18,3135.9,749,9,3135.8,851,11,3135.7,82,3,3135.6,205,8,3136.1,81,6,3136.2,189,2,3136.3,2,1,3136.4,127,2,3136.5,152,8
2031,2026-06-16 15:11:59+05:30,3136.1,17,3135.1,3267880,130246.0,186887.0,3163.0,3163.0,3108.0,3134.3,31907800,3447.7,2820.9,3839.9,2896.0,3136.0,742,18,3135.9,749,9,3135.8,851,11,3135.7,82,3,3135.6,205,8,3136.1,81,6,3136.2,189,2,3136.3,2,1,3136.4,127,2,3136.5,152,8
2031,2026-06-16 15:11:59+05:30,3136.1,17,3135.1,3267880,130246.0,186887.0,3163.0,3163.0,3108.0,3134.3,31907800,3447.7,2820.9,3839.9,2896.0,3136.0,742,18,3135.9,749,9,3135.8,851,11,3135.7,82,3,3135.6,205,8,3136.1,81,6,3136.2,189,2,3136.3,2,1,3136.4,127,2,3136.5,152,8
2031,2026-06-16 15:12:00+05:30,3136.1,17,3135.1,3267880,130246.0,186887.0,3163.0,3163.0,3108.0,3134.3,31907800,3447.7,2820.9,3839.9,2896.0,3136.0,742,18,3135.9,749,9,3135.8,851,11,3135.7,82,3,3135.6,205,8,3136.1,81,6,3136.2,189,2,3136.3,2,1,3136.4,127,2,3136.5,152,8
2031,2026-06-16 15:12:01+05:30,3136.1,17,3135.1,3267880,130246.0,186887.0,3163.0,3163.0,3108.0,3134.3,31907800,3447.7,2820.9,3839.9,2896.0,3136.0,742,18,3135.9,749,9,3135.8,851,11,3135.7,82,3,3135.6,205,8,3136.1,81,6,3136.2,189,2,3136.3,2,1,3136.4,127,2,3136.5,152,8
2031,2026-06-16 15:12:02+05:30,3136.1,17,3135.1,3267880,130246.0,186887.0,3163.0,3163.0,3108.0,3134.3,31907800,3447.7,2820.9,3839.9,2896.0,3136.0,742,18,3135.9,749,9,3135.8,851,11,3135.7,82,3,3135.6,205,8,3136.1,81,6,3136.2,189,2,3136.3,2,1,3136.4,127,2,3136.5,152,8
2031,2026-06-16 15:12:03+05:30,3136.1,17,3135.1,3267880,130246.0,186887.0,3163.0,3163.0,3108.0,3134.3,31907800,3447.7,2820.9,3839.9,2896.0,3136.0,742,18,3135.9,749,9,3135.8,851,11,3135.7,82,3,3135.6,205,8,3136.1,81,6,3136.2,189,2,3136.3,2,1,3136.4,127,2,3136.5,152,8
2031,2026-06-16 15:12:03+05:30,3136.0,34,3135.1,3268927,129938.0,188409.0,3163.0,3163.0,3108.0,3134.3,31907800,3447.7,2820.9,3839.9,2896.0,3136.0,805,20,3135.9,733,9,3135.8,613,7,3135.7,27,3,3135.6,83,3,3136.1,319,16,3136.2,203,4,3136.3,2,1,3136.4,127,2,3136.5,52,3
2031,2026-06-16 15:12:04+05:30,3136.0,34,3135.1,3268927,129938.0,188409.0,3163.0,3163.0,3108.0,3134.3,31907800,3447.7,2820.9,3839.9,2896.0,3136.0,805,20,3135.9,733,9,3135.8,613,7,3135.7,27,3,3135.6,83,3,3136.1,319,16,3136.2,203,4,3136.3,2,1,3136.4,127,2,3136.5,52,3
2031,2026-06-16 15:12:05+05:30,3136.0,34,3135.1,3268927,129938.0,188409.0,3163.0,3163.0,3108.0,3134.3,31916200,3447.7,2820.9,3839.9,2896.0,3136.0,805,20,3135.9,733,9,3135.8,613,7,3135.7,27,3,3135.6,83,3,3136.1,319,16,3136.2,203,4,3136.3,2,1,3136.4,127,2,3136.5,52,3
2031,2026-06-16 15:12:07+05:30,3136.1,3,3135.1,3268927,129938.0,188409.0,3163.0,3163.0,3108.0,3134.3,31916200,3447.7,2820.9,3839.9,2896.0,3136.0,805,20,3135.9,733,9,3135.8,613,7,3135.7,27,3,3135.6,83,3,3136.1,319,16,3136.2,203,4,3136.3,2,1,3136.4,127,2,3136.5,52,3
2031,2026-06-16 15:12:11+05:30,3136.1,4,3135.1,3270589,126926.0,187501.0,3163.0,3163.0,3108.0,3134.3,31916200,3447.7,2820.9,3839.9,2896.0,3136.0,401,18,3135.9,722,9,3135.8,572,6,3135.7,1,1,3135.6,84,4,3136.1,382,22,3136.2,203,4,3136.3,2,1,3136.4,127,2,3136.5,52,3
2031,2026-06-16 15:12:15+05:30,3136.1,3,3135.1,3270589,126926.0,187501.0,3163.0,3163.0,3108.0,3134.3,31916200,3447.7,2820.9,3839.9,2896.0,3136.0,401,18,3135.9,722,9,3135.8,572,6,3135.7,1,1,3135.6,84,4,3136.1,382,22,3136.2,203,4,3136.3,2,1,3136.4,127,2,3136.5,52,3
2031,2026-06-16 15:12:18+05:30,3136.1,1,3135.1,3271735,126890.0,187441.0,3163.0,3163.0,3108.0,3134.3,31916200,3447.7,2820.9,3839.9,2896.0,3136.0,299,17,3135.9,722,9,3135.8,548,6,3135.7,1,1,3135.6,82,2,3136.1,279,16,3136.2,294,5,3136.3,25,2,3136.4,67,4,3136.5,42,4
2031,2026-06-16 15:12:19+05:30,3136.1,1,3135.1,3271735,126890.0,187441.0,3163.0,3163.0,3108.0,3134.3,31916200,3447.7,2820.9,3839.9,2896.0,3136.0,299,17,3135.9,722,9,3135.8,548,6,3135.7,1,1,3135.6,82,2,3136.1,279,16,3136.2,294,5,3136.3,25,2,3136.4,67,4,3136.5,42,4
2031,2026-06-16 15:12:19+05:30,3136.1,1,3135.1,3272071,126304.0,187893.0,3163.0,3163.0,3108.0,3134.3,31916200,3447.7,2820.9,3839.9,2896.0,3136.0,195,14,3135.9,722,9,3135.8,548,6,3135.7,1,1,3135.6,82,2,3136.1,433,20,3136.2,345,7,3136.3,25,2,3136.4,95,5,3136.5,47,5
2031,2026-06-16 15:12:20+05:30,3136.1,1,3135.1,3272071,126304.0,187893.0,3163.0,3163.0,3108.0,3134.3,31916200,3447.7,2820.9,3839.9,2896.0,3136.0,195,14,3135.9,722,9,3135.8,548,6,3135.7,1,1,3135.6,82,2,3136.1,433,20,3136.2,345,7,3136.3,25,2,3136.4,95,5,3136.5,47,5
2031,2026-06-16 15:12:20+05:30,3136.1,1,3135.1,3272280,126310.0,187802.0,3163.0,3163.0,3108.0,3134.3,31916200,3447.7,2820.9,3839.9,2896.0,3136.0,105,9,3135.9,723,10,3135.8,548,6,3135.7,1,1,3135.6,82,2,3136.1,437,21,3136.2,317,6,3136.3,25,2,3136.4,95,5,3136.5,47,5
2031,2026-06-16 15:12:21+05:30,3136.1,1,3135.1,3272280,126310.0,187802.0,3163.0,3163.0,3108.0,3134.3,31916200,3447.7,2820.9,3839.9,2896.0,3136.0,105,9,3135.9,723,10,3135.8,548,6,3135.7,1,1,3135.6,82,2,3136.1,437,21,3136.2,317,6,3136.3,25,2,3136.4,95,5,3136.5,47,5
2031,2026-06-16 15:12:21+05:30,3136.1,1,3135.1,3272561,126390.0,187939.0,3163.0,3163.0,3108.0,3134.3,31916200,3447.7,2820.9,3839.9,2896.0,3136.0,101,7,3135.9,722,9,3135.8,548,6,3135.7,1,1,3135.6,82,2,3136.1,466,22,3136.2,337,7,3136.3,25,2,3136.4,163,6,3136.5,47,5
2031,2026-06-16 15:12:22+05:30,3136.1,1,3135.1,3272561,126496.0,187990.0,3163.0,3163.0,3108.0,3134.3,31916200,3447.7,2820.9,3839.9,2896.0,3136.0,327,9,3135.9,722,9,3135.8,348,5,3135.7,1,1,3135.6,82,2,3136.1,503,24,3136.2,365,8,3136.3,25,2,3136.4,95,5,3136.5,35,4
2031,2026-06-16 15:12:23+05:30,3136.0,2,3135.1,3272561,126496.0,187990.0,3163.0,3163.0,3108.0,3134.3,31916200,3447.7,2820.9,3839.9,2896.0,3136.0,327,9,3135.9,722,9,3135.8,348,5,3135.7,1,1,3135.6,82,2,3136.1,503,24,3136.2,365,8,3136.3,25,2,3136.4,95,5,3136.5,35,4
2031,2026-06-16 15:12:23+05:30,3136.1,6,3135.1,3272734,126826.0,187936.0,3163.0,3163.0,3108.0,3134.3,31916200,3447.7,2820.9,3839.9,2896.0,3136.0,418,11,3135.9,722,9,3135.8,348,5,3135.7,1,1,3135.6,82,2,3136.1,702,26,3136.2,185,7,3136.3,25,2,3136.4,95,5,3136.5,35,4
2031,2026-06-16 15:12:24+05:30,3136.0,11,3135.1,3272734,126826.0,187936.0,3163.0,3163.0,3108.0,3134.3,31916200,3447.7,2820.9,3839.9,2896.0,3136.0,418,11,3135.9,722,9,3135.8,348,5,3135.7,1,1,3135.6,82,2,3136.1,702,26,3136.2,185,7,3136.3,25,2,3136.4,95,5,3136.5,35,4
2031,2026-06-16 15:12:24+05:30,3136.0,41,3135.1,3272797,126853.0,187975.0,3163.0,3163.0,3108.0,3134.3,31916200,3447.7,2820.9,3839.9,2896.0,3136.0,301,13,3135.9,722,9,3135.8,495,5,3135.7,1,1,3135.6,82,2,3136.1,675,23,3136.2,190,8,3136.3,25,2,3136.4,95,5,3136.5,30,3
2031,2026-06-16 15:12:25+05:30,3136.1,1,3135.1,3272797,126853.0,187975.0,3163.0,3163.0,3108.0,3134.3,31916200,3447.7,2820.9,3839.9,2896.0,3136.0,301,13,3135.9,722,9,3135.8,495,5,3135.7,1,1,3135.6,82,2,3136.1,675,23,3136.2,190,8,3136.3,25,2,3136.4,95,5,3136.5,30,3
2031,2026-06-16 15:12:25+05:30,3136.1,1,3135.1,3273067,126987.0,188021.0,3163.0,3163.0,3108.0,3134.3,31916200,3447.7,2820.9,3839.9,2896.0,3136.0,337,17,3135.9,722,9,3135.8,495,5,3135.7,1,1,3135.6,82,2,3136.1,547,21,3136.2,157,6,3136.3,25,2,3136.4,67,4,3136.5,42,4
2031,2026-06-16 15:12:26+05:30,3136.1,2,3135.1,3273067,126987.0,188021.0,3163.0,3163.0,3108.0,3134.3,31916200,3447.7,2820.9,3839.9,2896.0,3136.0,337,17,3135.9,722,9,3135.8,495,5,3135.7,1,1,3135.6,82,2,3136.1,547,21,3136.2,157,6,3136.3,25,2,3136.4,67,4,3136.5,42,4
2031,2026-06-16 15:12:26+05:30,3136.1,2,3135.1,3273097,126713.0,187541.0,3163.0,3163.0,3108.0,3134.3,31916200,3447.7,2820.9,3839.9,2896.0,3136.0,367,18,3135.9,722,9,3135.8,495,5,3135.7,1,1,3135.6,82,2,3136.1,638,25,3136.2,185,7,3136.3,25,2,3136.4,95,5,3136.5,77,5
2031,2026-06-16 15:12:27+05:30,3136.1,4,3135.1,3273097,126713.0,187541.0,3163.0,3163.0,3108.0,3134.3,31916200,3447.7,2820.9,3839.9,2896.0,3136.0,367,18,3135.9,722,9,3135.8,495,5,3135.7,1,1,3135.6,82,2,3136.1,638,25,3136.2,185,7,3136.3,25,2,3136.4,95,5,3136.5,77,5
2031,2026-06-16 15:12:27+05:30,3136.1,4,3135.1,3273526,126126.0,187737.0,3163.0,3163.0,3108.0,3134.3,31916200,3447.7,2820.9,3839.9,2896.0,3136.0,353,18,3135.9,722,9,3135.8,495,5,3135.7,1,1,3135.6,82,2,3136.1,415,20,3136.2,157,6,3136.3,25,2,3136.4,95,5,3136.5,35,4
2031,2026-06-16 15:12:28+05:30,3136.0,45,3135.1,3273526,126126.0,187737.0,3163.0,3163.0,3108.0,3134.3,31916200,3447.7,2820.9,3839.9,2896.0,3136.0,353,18,3135.9,722,9,3135.8,495,5,3135.7,1,1,3135.6,82,2,3136.1,415,20,3136.2,157,6,3136.3,25,2,3136.4,95,5,3136.5,35,4
2031,2026-06-16 15:12:28+05:30,3136.0,45,3135.1,3273575,125961.0,187193.0,3163.0,3163.0,3108.0,3134.3,31916200,3447.7,2820.9,3839.9,2896.0,3136.0,319,19,3135.9,722,9,3135.8,495,5,3135.7,1,1,3135.6,82,2,3136.1,460,25,3136.2,185,7,3136.3,67,3,3136.4,95,5,3136.5,35,4
2031,2026-06-16 15:12:29+05:30,3136.1,9,3135.1,3273575,125961.0,187193.0,3163.0,3163.0,3108.0,3134.3,31916200,3447.7,2820.9,3839.9,2896.0,3136.0,319,19,3135.9,722,9,3135.8,495,5,3135.7,1,1,3135.6,82,2,3136.1,460,25,3136.2,185,7,3136.3,67,3,3136.4,95,5,3136.5,35,4
2031,2026-06-16 15:12:29+05:30,3136.1,9,3135.1,3273777,125614.0,187264.0,3163.0,3163.0,3108.0,3134.3,31916200,3447.7,2820.9,3839.9,2896.0,3136.0,214,13,3135.9,722,9,3135.8,495,5,3135.7,1,1,3135.6,82,2,3136.1,442,24,3136.2,190,8,3136.3,23,1,3136.4,95,5,3136.5,188,6
2031,2026-06-16 15:12:30+05:30,3136.1,1,3135.1,3273777,125614.0,187264.0,3163.0,3163.0,3108.0,3134.3,31916200,3447.7,2820.9,3839.9,2896.0,3136.0,214,13,3135.9,722,9,3135.8,495,5,3135.7,1,1,3135.6,82,2,3136.1,442,24,3136.2,190,8,3136.3,23,1,3136.4,95,5,3136.5,188,6
2031,2026-06-16 15:12:30+05:30,3136.1,5,3135.1,3273819,125714.0,187196.0,3163.0,3163.0,3108.0,3134.3,31916200,3447.7,2820.9,3839.9,2896.0,3136.0,319,18,3135.9,722,9,3135.8,495,5,3135.7,1,1,3135.6,83,3,3136.1,463,22,3136.2,162,7,3136.3,51,2,3136.4,108,5,3136.5,134,4
2031,2026-06-16 15:12:31+05:30,3136.0,34,3135.1,3273819,125714.0,187196.0,3163.0,3163.0,3108.0,3134.3,31916200,3447.7,2820.9,3839.9,2896.0,3136.0,319,18,3135.9,722,9,3135.8,495,5,3135.7,1,1,3135.6,83,3,3136.1,463,22,3136.2,162,7,3136.3,51,2,3136.4,108,5,3136.5,134,4
2031,2026-06-16 15:12:31+05:30,3136.0,34,3135.1,3274156,126049.0,187248.0,3163.0,3163.0,3108.0,3134.3,31916200,3447.7,2820.9,3839.9,2896.0,3136.0,170,14,3135.9,722,9,3135.8,495,5,3135.7,1,1,3135.6,83,3,3136.1,466,23,3136.2,163,7,3136.3,23,1,3136.4,67,4,3136.5,71,4
2031,2026-06-16 15:12:32+05:30,3136.0,13,3135.1,3274156,126049.0,187248.0,3163.0,3163.0,3108.0,3134.3,31916200,3447.7,2820.9,3839.9,2896.0,3136.0,170,14,3135.9,722,9,3135.8,495,5,3135.7,1,1,3135.6,83,3,3136.1,466,23,3136.2,163,7,3136.3,23,1,3136.4,67,4,3136.5,71,4
2031,2026-06-16 15:12:32+05:30,3136.1,1,3135.1,3274477,126386.0,187576.0,3163.0,3163.0,3108.0,3134.3,31916200,3447.7,2820.9,3839.9,2896.0,3136.0,160,15,3135.9,722,9,3135.8,495,5,3135.7,2,2,3135.6,82,2,3136.1,225,19,3136.2,164,7,3136.3,25,1,3136.4,97,5,3136.5,32,3
2031,2026-06-16 15:12:33+05:30,3136.1,14,3135.1,3274477,126386.0,187576.0,3163.0,3163.0,3108.0,3134.3,31916200,3447.7,2820.9,3839.9,2896.0,3136.0,160,15,3135.9,722,9,3135.8,495,5,3135.7,2,2,3135.6,82,2,3136.1,225,19,3136.2,164,7,3136.3,25,1,3136.4,97,5,3136.5,32,3
2031,2026-06-16 15:12:33+05:30,3136.1,6,3135.1,3274634,126481.0,185916.0,3163.0,3163.0,3108.0,3134.3,31916200,3447.7,2820.9,3839.9,2896.0,3136.0,389,18,3135.9,722,9,3135.8,553,7,3135.7,27,3,3135.6,107,3,3136.1,191,13,3136.2,23,3,3136.4,34,2,3136.5,7,2,3136.7,603,4
2031,2026-06-16 15:12:34+05:30,3136.1,4,3135.1,3274634,126481.0,185916.0,3163.0,3163.0,3108.0,3134.3,31916200,3447.7,2820.9,3839.9,2896.0,3136.0,389,18,3135.9,722,9,3135.8,553,7,3135.7,27,3,3135.6,107,3,3136.1,191,13,3136.2,23,3,3136.4,34,2,3136.5,7,2,3136.7,603,4
2031,2026-06-16 15:12:35+05:30,3136.1,2,3135.1,3274744,126679.0,187757.0,3163.0,3163.0,3108.0,3134.3,31916200,3447.7,2820.9,3839.9,2896.0,3136.0,344,16,3135.9,697,8,3135.8,496,6,3135.7,1,1,3135.6,82,2,3136.1,260,15,3136.2,47,4,3136.3,25,1,3136.4,87,4,3136.5,32,3
2031,2026-06-16 15:12:35+05:30,3136.0,1,3135.1,3274744,126679.0,187757.0,3163.0,3163.0,3108.0,3134.3,31916200,3447.7,2820.9,3839.9,2896.0,3136.0,344,16,3135.9,697,8,3135.8,496,6,3135.7,1,1,3135.6,82,2,3136.1,260,15,3136.2,47,4,3136.3,25,1,3136.4,87,4,3136.5,32,3
2031,2026-06-16 15:12:36+05:30,3136.0,3,3135.1,3275221,126289.0,187616.0,3163.0,3163.0,3108.0,3134.3,31916200,3447.7,2820.9,3839.9,2896.0,3136.0,122,12,3135.9,697,8,3135.8,452,6,3135.7,1,1,3135.6,82,2,3136.1,206,13,3136.2,23,3,3136.4,34,2,3136.5,32,3,3136.6,53,2
2031,2026-06-16 15:12:36+05:30,3136.0,10,3135.1,3275221,126289.0,187616.0,3163.0,3163.0,3108.0,3134.3,31916200,3447.7,2820.9,3839.9,2896.0,3136.0,122,12,3135.9,697,8,3135.8,452,6,3135.7,1,1,3135.6,82,2,3136.1,206,13,3136.2,23,3,3136.4,34,2,3136.5,32,3,3136.6,53,2
2031,2026-06-16 15:12:37+05:30,3136.1,2,3135.1,3275358,126193.0,187439.0,3163.0,3163.0,3108.0,3134.3,31916200,3447.7,2820.9,3839.9,2896.0,3136.0,254,11,3135.9,698,9,3135.8,303,4,3135.7,1,1,3135.6,82,2,3136.1,227,14,3136.2,23,3,3136.3,1,1,3136.4,34,2,3136.5,144,5
2031,2026-06-16 15:12:37+05:30,3136.1,2,3135.1,3275358,126193.0,187439.0,3163.0,3163.0,3108.0,3134.3,31916200,3447.7,2820.9,3839.9,2896.0,3136.0,254,11,3135.9,698,9,3135.8,303,4,3135.7,1,1,3135.6,82,2,3136.1,227,14,3136.2,23,3,3136.3,1,1,3136.4,34,2,3136.5,144,5
2031,2026-06-16 15:12:38+05:30,3136.0,2,3135.1,3275364,126220.0,187604.0,3163.0,3163.0,3108.0,3134.3,31916200,3447.7,2820.9,3839.9,2896.0,3136.0,281,13,3135.9,697,8,3135.8,303,4,3135.7,2,2,3135.6,82,2,3136.1,325,17,3136.2,140,5,3136.3,32,3,3136.4,58,3,3136.5,144,5
2031,2026-06-16 15:12:38+05:30,3136.0,6,3135.1,3275364,126220.0,187604.0,3163.0,3163.0,3108.0,3134.3,31916200,3447.7,2820.9,3839.9,2896.0,3136.0,281,13,3135.9,697,8,3135.8,303,4,3135.7,2,2,3135.6,82,2,3136.1,325,17,3136.2,140,5,3136.3,32,3,3136.4,58,3,3136.5,144,5
2031,2026-06-16 15:12:39+05:30,3136.1,1,3135.1,3275434,126232.0,186116.0,3163.0,3163.0,3108.0,3134.3,31916200,3447.7,2820.9,3839.9,2896.0,3136.0,447,13,3135.9,697,8,3135.8,303,4,3135.7,2,2,3135.6,82,2,3136.1,556,25,3136.2,189,7,3136.3,73,4,3136.4,86,4,3136.5,205,6
2031,2026-06-16 15:12:39+05:30,3136.1,1,3135.1,3275434,126232.0,186116.0,3163.0,3163.0,3108.0,3134.3,31916200,3447.7,2820.9,3839.9,2896.0,3136.0,447,13,3135.9,697,8,3135.8,303,4,3135.7,2,2,3135.6,82,2,3136.1,556,25,3136.2,189,7,3136.3,73,4,3136.4,86,4,3136.5,205,6
2031,2026-06-16 15:12:40+05:30,3136.0,9,3135.1,3275465,126328.0,187436.0,3163.0,3163.0,3108.0,3134.3,31916200,3447.7,2820.9,3839.9,2896.0,3136.0,446,13,3135.9,697,8,3135.8,303,4,3135.7,2,2,3135.6,82,2,3136.1,546,24,3136.2,161,6,3136.3,32,3,3136.4,58,3,3136.5,144,5
2031,2026-06-16 15:12:40+05:30,3136.0,9,3135.1,3275465,126328.0,187436.0,3163.0,3163.0,3108.0,3134.3,31916200,3447.7,2820.9,3839.9,2896.0,3136.0,446,13,3135.9,697,8,3135.8,303,4,3135.7,2,2,3135.6,82,2,3136.1,546,24,3136.2,161,6,3136.3,32,3,3136.4,58,3,3136.5,144,5
2031,2026-06-16 15:12:41+05:30,3136.1,5,3135.1,3275786,126475.0,185661.0,3163.0,3163.0,3108.0,3134.3,31916200,3447.7,2820.9,3839.9,2896.0,3136.0,279,10,3135.9,697,8,3135.8,303,4,3135.7,2,2,3135.6,83,3,3136.1,474,20,3136.2,161,6,3136.3,32,3,3136.4,86,4,3136.5,44,4
2031,2026-06-16 15:12:41+05:30,3136.1,5,3135.1,3275786,126475.0,185661.0,3163.0,3163.0,3108.0,3134.3,31916200,3447.7,2820.9,3839.9,2896.0,3136.0,279,10,3135.9,697,8,3135.8,303,4,3135.7,2,2,3135.6,83,3,3136.1,474,20,3136.2,161,6,3136.3,32,3,3136.4,86,4,3136.5,44,4
2031,2026-06-16 15:12:42+05:30,3136.0,22,3135.1,3275786,126475.0,185661.0,3163.0,3163.0,3108.0,3134.3,31916200,3447.7,2820.9,3839.9,2896.0,3136.0,279,10,3135.9,697,8,3135.8,303,4,3135.7,2,2,3135.6,83,3,3136.1,474,20,3136.2,161,6,3136.3,32,3,3136.4,86,4,3136.5,44,4
2031,2026-06-16 15:12:42+05:30,3136.0,22,3135.1,3276036,126528.0,187101.0,3163.0,3163.0,3108.0,3134.3,31916200,3447.7,2820.9,3839.9,2896.0,3136.0,123,11,3135.9,697,8,3135.8,752,5,3135.7,2,2,3135.6,83,3,3136.1,552,25,3136.2,162,6,3136.3,73,4,3136.4,58,3,3136.5,44,4
2031,2026-06-16 15:12:43+05:30,3136.0,2,3135.1,3276036,126528.0,187101.0,3163.0,3163.0,3108.0,3134.3,31916200,3447.7,2820.9,3839.9,2896.0,3136.0,123,11,3135.9,697,8,3135.8,752,5,3135.7,2,2,3135.6,83,3,3136.1,552,25,3136.2,162,6,3136.3,73,4,3136.4,58,3,3136.5,44,4
2031,2026-06-16 15:12:43+05:30,3136.0,2,3135.1,3276041,126785.0,187039.0,3163.0,3163.0,3108.0,3134.3,31916200,3447.7,2820.9,3839.9,2896.0,3136.0,119,11,3135.9,697,8,3135.8,752,5,3135.7,15,4,3135.6,82,2,3136.1,519,22,3136.2,119,3,3136.3,7,1,3136.4,53,2,3136.5,44,4
2031,2026-06-16 15:12:44+05:30,3136.0,13,3135.1,3276041,126785.0,187039.0,3163.0,3163.0,3108.0,3134.3,31916200,3447.7,2820.9,3839.9,2896.0,3136.0,119,11,3135.9,697,8,3135.8,752,5,3135.7,15,4,3135.6,82,2,3136.1,519,22,3136.2,119,3,3136.3,7,1,3136.4,53,2,3136.5,44,4
2031,2026-06-16 15:12:44+05:30,3136.0,13,3135.1,3276041,126785.0,187039.0,3163.0,3163.0,3108.0,3134.3,31916200,3447.7,2820.9,3839.9,2896.0,3136.0,119,11,3135.9,697,8,3135.8,752,5,3135.7,15,4,3135.6,82,2,3136.1,519,22,3136.2,119,3,3136.3,7,1,3136.4,53,2,3136.5,44,4
2031,2026-06-16 15:12:44+05:30,3136.0,13,3135.1,3276098,126601.0,186673.0,3163.0,3163.0,3108.0,3134.3,31916200,3447.7,2820.9,3839.9,2896.0,3136.0,186,12,3135.9,697,8,3135.8,752,5,3135.7,15,4,3135.6,82,2,3136.1,519,22,3136.2,119,3,3136.3,24,1,3136.4,53,2,3136.5,32,3
2031,2026-06-16 15:12:45+05:30,3136.1,1,3135.1,3276098,126601.0,186673.0,3163.0,3163.0,3108.0,3134.3,31916200,3447.7,2820.9,3839.9,2896.0,3136.0,186,12,3135.9,697,8,3135.8,752,5,3135.7,15,4,3135.6,82,2,3136.1,519,22,3136.2,119,3,3136.3,24,1,3136.4,53,2,3136.5,32,3
2031,2026-06-16 15:12:45+05:30,3136.0,7,3135.1,3276817,126715.0,186690.0,3163.0,3163.0,3108.0,3134.3,31916200,3447.7,2820.9,3839.9,2896.0,3136.0,104,8,3135.9,697,8,3135.8,753,6,3135.7,14,3,3135.6,106,3,3136.1,466,19,3136.2,119,3,3136.4,29,1,3136.5,7,2,3136.8,137,2
2031,2026-06-16 15:12:46+05:30,3136.0,7,3135.1,3276817,126715.0,186690.0,3163.0,3163.0,3108.0,3134.3,31916200,3447.7,2820.9,3839.9,2896.0,3136.0,104,8,3135.9,697,8,3135.8,753,6,3135.7,14,3,3135.6,106,3,3136.1,466,19,3136.2,119,3,3136.4,29,1,3136.5,7,2,3136.8,137,2
2031,2026-06-16 15:12:46+05:30,3136.0,9,3135.1,3276817,126715.0,186690.0,3163.0,3163.0,3108.0,3134.3,31916200,3447.7,2820.9,3839.9,2896.0,3136.0,104,8,3135.9,697,8,3135.8,753,6,3135.7,14,3,3135.6,106,3,3136.1,466,19,3136.2,119,3,3136.4,29,1,3136.5,7,2,3136.8,137,2
2031,2026-06-16 15:12:46+05:30,3136.0,2,3135.1,3276848,126750.0,186628.0,3163.0,3163.0,3108.0,3134.3,31916200,3447.7,2820.9,3839.9,2896.0,3136.0,74,6,3135.9,697,8,3135.8,753,6,3135.7,14,3,3135.6,82,2,3136.1,490,20,3136.2,119,3,3136.4,29,1,3136.5,28,3,3136.6,25,1
2031,2026-06-16 15:12:47+05:30,3136.0,16,3135.1,3276848,126750.0,186628.0,3163.0,3163.0,3108.0,3134.3,31916200,3447.7,2820.9,3839.9,2896.0,3136.0,74,6,3135.9,697,8,3135.8,753,6,3135.7,14,3,3135.6,82,2,3136.1,490,20,3136.2,119,3,3136.4,29,1,3136.5,28,3,3136.6,25,1
2031,2026-06-16 15:12:47+05:30,3136.0,16,3135.1,3276999,126635.0,186500.0,3163.0,3163.0,3108.0,3134.3,31916200,3447.7,2820.9,3839.9,2896.0,3136.0,69,6,3135.9,698,9,3135.8,752,5,3135.7,14,3,3135.6,82,2,3136.1,512,19,3136.2,144,4,3136.3,32,2,3136.4,114,3,3136.5,40,4
2031,2026-06-16 15:12:48+05:30,3136.0,16,3135.1,3276999,126635.0,186500.0,3163.0,3163.0,3108.0,3134.3,31916200,3447.7,2820.9,3839.9,2896.0,3136.0,69,6,3135.9,698,9,3135.8,752,5,3135.7,14,3,3135.6,82,2,3136.1,512,19,3136.2,144,4,3136.3,32,2,3136.4,114,3,3136.5,40,4
2031,2026-06-16 15:12:48+05:30,3136.0,1,3135.1,3276999,126635.0,186500.0,3163.0,3163.0,3108.0,3134.3,31916200,3447.7,2820.9,3839.9,2896.0,3136.0,69,6,3135.9,698,9,3135.8,752,5,3135.7,14,3,3135.6,82,2,3136.1,512,19,3136.2,144,4,3136.3,32,2,3136.4,114,3,3136.5,40,4
2031,2026-06-16 15:12:48+05:30,3136.0,23,3135.1,3277427,126340.0,186177.0,3163.0,3163.0,3108.0,3134.3,31916200,3447.7,2820.9,3839.9,2896.0,3135.9,695,8,3135.8,767,6,3135.7,14,3,3135.6,82,2,3135.4,1,1,3136.0,366,2,3136.1,481,18,3136.2,119,3,3136.4,29,1,3136.5,15,3
2031,2026-06-16 15:12:49+05:30,3135.9,23,3135.1,3277427,126340.0,186177.0,3163.0,3163.0,3108.0,3134.3,31916200,3447.7,2820.9,3839.9,2896.0,3135.9,695,8,3135.8,767,6,3135.7,14,3,3135.6,82,2,3135.4,1,1,3136.0,366,2,3136.1,481,18,3136.2,119,3,3136.4,29,1,3136.5,15,3
2031,2026-06-16 15:12:49+05:30,3135.9,23,3135.1,3277458,126433.0,186413.0,3163.0,3163.0,3108.0,3134.3,31916200,3447.7,2820.9,3839.9,2896.0,3135.9,713,10,3135.8,767,6,3135.7,14,3,3135.6,82,2,3135.4,1,1,3136.0,517,8,3136.1,432,15,3136.2,144,4,3136.3,35,2,3136.4,25,1
2031,2026-06-16 15:12:50+05:30,3135.9,16,3135.1,3277458,126433.0,186413.0,3163.0,3163.0,3108.0,3134.3,31916200,3447.7,2820.9,3839.9,2896.0,3135.9,713,10,3135.8,767,6,3135.7,14,3,3135.6,82,2,3135.4,1,1,3136.0,517,8,3136.1,432,15,3136.2,144,4,3136.3,35,2,3136.4,25,1
2031,2026-06-16 15:12:50+05:30,3135.9,16,3135.1,3277458,126433.0,186413.0,3163.0,3163.0,3108.0,3134.3,31916200,3447.7,2820.9,3839.9,2896.0,3135.9,713,10,3135.8,767,6,3135.7,14,3,3135.6,82,2,3135.4,1,1,3136.0,517,8,3136.1,432,15,3136.2,144,4,3136.3,35,2,3136.4,25,1
2031,2026-06-16 15:12:51+05:30,3135.9,37,3135.1,3277739,126025.0,187181.0,3163.0,3163.0,3108.0,3134.3,31916200,3447.7,2820.9,3839.9,2896.0,3135.9,507,9,3135.8,767,6,3135.7,54,4,3135.6,82,2,3135.5,1,1,3136.0,710,17,3136.1,344,11,3136.2,185,5,3136.3,36,2,3136.4,25,1
2031,2026-06-16 15:12:51+05:30,3135.9,3,3135.1,3277739,126025.0,187181.0,3163.0,3163.0,3108.0,3134.3,31916200,3447.7,2820.9,3839.9,2896.0,3135.9,507,9,3135.8,767,6,3135.7,54,4,3135.6,82,2,3135.5,1,1,3136.0,710,17,3136.1,344,11,3136.2,185,5,3136.3,36,2,3136.4,25,1
2031,2026-06-16 15:12:52+05:30,3135.9,3,3135.1,3277772,126056.0,187143.0,3163.0,3163.0,3108.0,3134.3,31916200,3447.7,2820.9,3839.9,2896.0,3135.9,485,11,3135.8,767,6,3135.7,70,5,3135.6,82,2,3135.5,1,1,3136.0,708,17,3136.1,344,11,3136.2,144,4,3136.3,36,2,3136.4,25,1
2031,2026-06-16 15:12:52+05:30,3136.0,1,3135.1,3277772,126056.0,187143.0,3163.0,3163.0,3108.0,3134.3,31916200,3447.7,2820.9,3839.9,2896.0,3135.9,485,11,3135.8,767,6,3135.7,70,5,3135.6,82,2,3135.5,1,1,3136.0,708,17,3136.1,344,11,3136.2,144,4,3136.3,36,2,3136.4,25,1
2031,2026-06-16 15:12:53+05:30,3135.9,126,3135.1,3278034,125816.0,187171.0,3163.0,3163.0,3108.0,3134.3,31916200,3447.7,2820.9,3839.9,2896.0,3135.9,225,10,3135.8,767,6,3135.7,70,5,3135.6,83,3,3135.4,1,1,3136.0,810,19,3136.1,294,10,3136.2,144,4,3136.3,78,3,3136.4,25,1
2031,2026-06-16 15:12:53+05:30,3135.9,126,3135.1,3278034,125816.0,187171.0,3163.0,3163.0,3108.0,3134.3,31916200,3447.7,2820.9,3839.9,2896.0,3135.9,225,10,3135.8,767,6,3135.7,70,5,3135.6,83,3,3135.4,1,1,3136.0,810,19,3136.1,294,10,3136.2,144,4,3136.3,78,3,3136.4,25,1
2031,2026-06-16 15:12:53+05:30,3136.0,1,3135.1,3278034,125816.0,187171.0,3163.0,3163.0,3108.0,3134.3,31916200,3447.7,2820.9,3839.9,2896.0,3135.9,225,10,3135.8,767,6,3135.7,70,5,3135.6,83,3,3135.4,1,1,3136.0,810,19,3136.1,294,10,3136.2,144,4,3136.3,78,3,3136.4,25,1
2031,2026-06-16 15:12:53+05:30,3136.0,1,3135.1,3278046,125912.0,185194.0,3163.0,3163.0,3108.0,3134.3,31916200,3447.7,2820.9,3839.9,2896.0,3135.9,352,12,3135.8,767,6,3135.7,70,5,3135.6,83,3,3135.4,1,1,3136.0,813,19,3136.1,294,10,3136.2,144,4,3136.3,36,2,3136.4,25,1
2031,2026-06-16 15:12:54+05:30,3136.0,168,3135.1,3278046,125912.0,185194.0,3163.0,3163.0,3108.0,3134.3,31916200,3447.7,2820.9,3839.9,2896.0,3135.9,352,12,3135.8,767,6,3135.7,70,5,3135.6,83,3,3135.4,1,1,3136.0,813,19,3136.1,294,10,3136.2,144,4,3136.3,36,2,3136.4,25,1
2031,2026-06-16 15:12:54+05:30,3136.0,2,3135.1,3278310,126832.0,186768.0,3163.0,3163.0,3108.0,3134.3,31916200,3447.7,2820.9,3839.9,2896.0,3135.9,259,10,3135.8,767,6,3135.7,896,4,3135.6,83,3,3135.4,1,1,3136.0,618,19,3136.1,294,10,3136.2,144,4,3136.3,35,2,3136.4,25,1
2031,2026-06-16 15:12:54+05:30,3136.0,2,3135.1,3278310,126832.0,186768.0,3163.0,3163.0,3108.0,3134.3,31916200,3447.7,2820.9,3839.9,2896.0,3135.9,259,10,3135.8,767,6,3135.7,896,4,3135.6,83,3,3135.4,1,1,3136.0,618,19,3136.1,294,10,3136.2,144,4,3136.3,35,2,3136.4,25,1
2031,2026-06-16 15:12:55+05:30,3135.9,33,3135.1,3278310,126832.0,186768.0,3163.0,3163.0,3108.0,3134.3,31916200,3447.7,2820.9,3839.9,2896.0,3135.9,259,10,3135.8,767,6,3135.7,896,4,3135.6,83,3,3135.4,1,1,3136.0,618,19,3136.1,294,10,3136.2,144,4,3136.3,35,2,3136.4,25,1
2031,2026-06-16 15:12:55+05:30,3135.9,33,3135.1,3278549,125120.0,186482.0,3163.0,3163.0,3108.0,3134.3,31916200,3447.7,2820.9,3839.9,2896.0,3135.9,64,6,3135.8,767,6,3135.7,897,5,3135.6,82,2,3135.4,1,1,3136.0,1002,22,3136.1,264,8,3136.2,119,3,3136.5,40,4,3136.6,25,1
2031,2026-06-16 15:12:56+05:30,3135.9,33,3135.1,3278549,125120.0,186482.0,3163.0,3163.0,3108.0,3134.3,31916200,3447.7,2820.9,3839.9,2896.0,3135.9,64,6,3135.8,767,6,3135.7,897,5,3135.6,82,2,3135.4,1,1,3136.0,1002,22,3136.1,264,8,3136.2,119,3,3136.5,40,4,3136.6,25,1
2031,2026-06-16 15:12:56+05:30,3135.8,9,3135.1,3278549,125120.0,186482.0,3163.0,3163.0,3108.0,3134.3,31916200,3447.7,2820.9,3839.9,2896.0,3135.9,64,6,3135.8,767,6,3135.7,897,5,3135.6,82,2,3135.4,1,1,3136.0,1002,22,3136.1,264,8,3136.2,119,3,3136.5,40,4,3136.6,25,1
2031,2026-06-16 15:12:56+05:30,3135.8,9,3135.1,3278792,126563.0,186272.0,3163.0,3163.0,3108.0,3134.3,31916200,3447.7,2820.9,3839.9,2896.0,3135.8,790,8,3135.7,942,6,3135.6,108,4,3135.5,25,1,3135.4,60,3,3135.9,4,1,3136.0,738,19,3136.1,264,8,3136.2,119,3,3136.5,3,2
2031,2026-06-16 15:12:57+05:30,3135.8,9,3135.1,3278792,126563.0,186272.0,3163.0,3163.0,3108.0,3134.3,31916200,3447.7,2820.9,3839.9,2896.0,3135.8,790,8,3135.7,942,6,3135.6,108,4,3135.5,25,1,3135.4,60,3,3135.9,4,1,3136.0,738,19,3136.1,264,8,3136.2,119,3,3136.5,3,2
2031,2026-06-16 15:12:57+05:30,3135.9,1,3135.1,3278792,126563.0,186272.0,3163.0,3163.0,3108.0,3134.3,31916200,3447.7,2820.9,3839.9,2896.0,3135.8,790,8,3135.7,942,6,3135.6,108,4,3135.5,25,1,3135.4,60,3,3135.9,4,1,3136.0,738,19,3136.1,264,8,3136.2,119,3,3136.5,3,2
2031,2026-06-16 15:12:57+05:30,3135.9,1,3135.1,3278795,127021.0,186414.0,3163.0,3163.0,3108.0,3134.3,31916200,3447.7,2820.9,3839.9,2896.0,3135.8,801,9,3135.7,1324,8,3135.6,107,3,3135.5,25,1,3135.4,26,2,3135.9,106,4,3136.0,787,19,3136.1,264,8,3136.2,119,3,3136.4,12,1
2031,2026-06-16 15:12:58+05:30,3135.9,1,3135.1,3278795,127021.0,186414.0,3163.0,3163.0,3108.0,3134.3,31916200,3447.7,2820.9,3839.9,2896.0,3135.8,801,9,3135.7,1324,8,3135.6,107,3,3135.5,25,1,3135.4,26,2,3135.9,106,4,3136.0,787,19,3136.1,264,8,3136.2,119,3,3136.4,12,1
2031,2026-06-16 15:12:58+05:30,3135.8,3,3135.1,3278795,127021.0,186414.0,3163.0,3163.0,3108.0,3134.3,31916200,3447.7,2820.9,3839.9,2896.0,3135.8,801,9,3135.7,1324,8,3135.6,107,3,3135.5,25,1,3135.4,26,2,3135.9,106,4,3136.0,787,19,3136.1,264,8,3136.2,119,3,3136.4,12,1
2031,2026-06-16 15:12:58+05:30,3135.9,5,3135.1,3278948,126879.0,186710.0,3163.0,3163.0,3108.0,3134.3,31916200,3447.7,2820.9,3839.9,2896.0,3135.8,695,9,3135.7,1313,7,3135.6,82,2,3135.5,25,1,3135.4,68,3,3135.9,230,12,3136.0,423,9,3136.1,264,8,3136.2,119,3,3136.4,12,1
2031,2026-06-16 15:12:59+05:30,3135.9,5,3135.1,3278948,126879.0,186710.0,3163.0,3163.0,3108.0,3134.3,31916200,3447.7,2820.9,3839.9,2896.0,3135.8,695,9,3135.7,1313,7,3135.6,82,2,3135.5,25,1,3135.4,68,3,3135.9,230,12,3136.0,423,9,3136.1,264,8,3136.2,119,3,3136.4,12,1
2031,2026-06-16 15:12:59+05:30,3135.9,17,3135.1,3278948,126879.0,186710.0,3163.0,3163.0,3108.0,3134.3,31916200,3447.7,2820.9,3839.9,2896.0,3135.8,695,9,3135.7,1313,7,3135.6,82,2,3135.5,25,1,3135.4,68,3,3135.9,230,12,3136.0,423,9,3136.1,264,8,3136.2,119,3,3136.4,12,1
2031,2026-06-16 15:12:59+05:30,3135.9,3,3135.1,3279015,126782.0,186628.0,3163.0,3163.0,3108.0,3134.3,31916200,3447.7,2820.9,3839.9,2896.0,3135.8,673,9,3135.7,1313,7,3135.6,82,2,3135.4,1,1,3135.3,42,5,3135.9,388,16,3136.0,361,7,3136.1,264,8,3136.2,119,3,3136.4,12,1
2031,2026-06-16 15:13:00+05:30,3135.9,3,3135.1,3279015,126782.0,186628.0,3163.0,3163.0,3108.0,3134.3,31916200,3447.7,2820.9,3839.9,2896.0,3135.8,673,9,3135.7,1313,7,3135.6,82,2,3135.4,1,1,3135.3,42,5,3135.9,388,16,3136.0,361,7,3136.1,264,8,3136.2,119,3,3136.4,12,1
2031,2026-06-16 15:13:00+05:30,3135.8,12,3135.1,3279015,126782.0,186628.0,3163.0,3163.0,3108.0,3134.3,31916200,3447.7,2820.9,3839.9,2896.0,3135.8,673,9,3135.7,1313,7,3135.6,82,2,3135.4,1,1,3135.3,42,5,3135.9,388,16,3136.0,361,7,3136.1,264,8,3136.2,119,3,3136.4,12,1
2031,2026-06-16 15:13:00+05:30,3135.9,20,3135.1,3279127,126686.0,186958.0,3163.0,3163.0,3108.0,3134.3,31916200,3447.7,2820.9,3839.9,2896.0,3135.8,677,11,3135.7,1313,7,3135.6,82,2,3135.4,2,2,3135.3,42,5,3135.9,310,15,3136.0,361,7,3136.1,259,7,3136.2,119,3,3136.4,12,1
2031,2026-06-16 15:13:00+05:30,3135.9,20,3135.1,3279127,126686.0,186958.0,3163.0,3163.0,3108.0,3134.3,31916200,3447.7,2820.9,3839.9,2896.0,3135.8,677,11,3135.7,1313,7,3135.6,82,2,3135.4,2,2,3135.3,42,5,3135.9,310,15,3136.0,361,7,3136.1,259,7,3136.2,119,3,3136.4,12,1
2031,2026-06-16 15:13:01+05:30,3135.9,41,3135.1,3279127,126686.0,186958.0,3163.0,3163.0,3108.0,3134.3,31916200,3447.7,2820.9,3839.9,2896.0,3135.8,677,11,3135.7,1313,7,3135.6,82,2,3135.4,2,2,3135.3,42,5,3135.9,310,15,3136.0,361,7,3136.1,259,7,3136.2,119,3,3136.4,12,1
2031,2026-06-16 15:13:01+05:30,3135.9,41,3135.1,3279127,126686.0,186958.0,3163.0,3163.0,3108.0,3134.3,31916200,3447.7,2820.9,3839.9,2896.0,3135.8,677,11,3135.7,1313,7,3135.6,82,2,3135.4,2,2,3135.3,42,5,3135.9,310,15,3136.0,361,7,3136.1,259,7,3136.2,119,3,3136.4,12,1
2031,2026-06-16 15:13:01+05:30,3135.9,1,3135.1,3279449,127320.0,186536.0,3163.0,3163.0,3108.0,3134.3,31916200,3447.7,2820.9,3839.9,2896.0,3135.8,706,13,3135.7,1298,6,3135.6,106,3,3135.5,102,2,3135.4,26,3,3135.9,88,5,3136.0,420,8,3136.1,259,7,3136.2,119,3,3136.4,12,1
2031,2026-06-16 15:13:02+05:30,3135.9,1,3135.1,3279449,127320.0,186536.0,3163.0,3163.0,3108.0,3134.3,31916200,3447.7,2820.9,3839.9,2896.0,3135.8,706,13,3135.7,1298,6,3135.6,106,3,3135.5,102,2,3135.4,26,3,3135.9,88,5,3136.0,420,8,3136.1,259,7,3136.2,119,3,3136.4,12,1
2031,2026-06-16 15:13:02+05:30,3135.9,25,3135.1,3279449,127320.0,186536.0,3163.0,3163.0,3108.0,3134.3,31916200,3447.7,2820.9,3839.9,2896.0,3135.8,706,13,3135.7,1298,6,3135.6,106,3,3135.5,102,2,3135.4,26,3,3135.9,88,5,3136.0,420,8,3136.1,259,7,3136.2,119,3,3136.4,12,1
2031,2026-06-16 15:13:02+05:30,3135.8,45,3135.1,3279575,127600.0,186223.0,3163.0,3163.0,3108.0,3134.3,31916200,3447.7,2820.9,3839.9,2896.0,3135.8,1037,16,3135.7,1199,7,3135.6,139,4,3135.5,103,3,3135.4,58,3,3135.9,94,7,3136.0,480,9,3136.1,259,7,3136.2,119,3,3136.4,54,2
2031,2026-06-16 15:13:03+05:30,3135.8,45,3135.1,3279575,127600.0,186223.0,3163.0,3163.0,3108.0,3134.3,31916200,3447.7,2820.9,3839.9,2896.0,3135.8,1037,16,3135.7,1199,7,3135.6,139,4,3135.5,103,3,3135.4,58,3,3135.9,94,7,3136.0,480,9,3136.1,259,7,3136.2,119,3,3136.4,54,2
2031,2026-06-16 15:13:03+05:30,3135.8,2,3135.1,3279575,127600.0,186223.0,3163.0,3163.0,3108.0,3134.3,31916200,3447.7,2820.9,3839.9,2896.0,3135.8,1037,16,3135.7,1199,7,3135.6,139,4,3135.5,103,3,3135.4,58,3,3135.9,94,7,3136.0,480,9,3136.1,259,7,3136.2,119,3,3136.4,54,2
2031,2026-06-16 15:13:04+05:30,3135.8,2,3135.1,3279618,127356.0,186669.0,3163.0,3163.0,3108.0,3134.3,31916200,3447.7,2820.9,3839.9,2896.0,3135.8,977,15,3135.7,1162,5,3135.6,82,2,3135.5,25,2,3135.4,25,2,3135.9,178,6,3136.0,480,9,3136.1,259,7,3136.2,119,3,3136.4,12,1
2031,2026-06-16 15:13:04+05:30,3135.8,2,3135.1,3279618,127356.0,186669.0,3163.0,3163.0,3108.0,3134.3,31916200,3447.7,2820.9,3839.9,2896.0,3135.8,977,15,3135.7,1162,5,3135.6,82,2,3135.5,25,2,3135.4,25,2,3135.9,178,6,3136.0,480,9,3136.1,259,7,3136.2,119,3,3136.4,12,1
2031,2026-06-16 15:13:04+05:30,3135.9,4,3135.1,3279618,127356.0,186669.0,3163.0,3163.0,3108.0,3134.3,31916200,3447.7,2820.9,3839.9,2896.0,3135.8,977,15,3135.7,1162,5,3135.6,82,2,3135.5,25,2,3135.4,25,2,3135.9,178,6,3136.0,480,9,3136.1,259,7,3136.2,119,3,3136.4,12,1
2031,2026-06-16 15:13:05+05:30,3135.9,5,3135.1,3279707,127553.0,186532.0,3163.0,3163.0,3108.0,3134.3,31916200,3447.7,2820.9,3839.9,2896.0,3135.8,1031,17,3135.7,1186,6,3135.6,140,5,3135.5,36,2,3135.4,58,3,3135.9,112,5,3136.0,605,11,3136.1,259,7,3136.2,119,3,3136.4,12,1
2031,2026-06-16 15:13:05+05:30,3135.9,5,3135.1,3279707,127553.0,186532.0,3163.0,3163.0,3108.0,3134.3,31920400,3447.7,2820.9,3839.9,2896.0,3135.8,1031,17,3135.7,1186,6,3135.6,140,5,3135.5,36,2,3135.4,58,3,3135.9,112,5,3136.0,605,11,3136.1,259,7,3136.2,119,3,3136.4,12,1
2031,2026-06-16 15:13:05+05:30,3135.8,135,3135.1,3279707,127553.0,186532.0,3163.0,3163.0,3108.0,3134.3,31920400,3447.7,2820.9,3839.9,2896.0,3135.8,1031,17,3135.7,1186,6,3135.6,140,5,3135.5,36,2,3135.4,58,3,3135.9,112,5,3136.0,605,11,3136.1,259,7,3136.2,119,3,3136.4,12,1
2031,2026-06-16 15:13:06+05:30,3135.8,12,3135.1,3280299,126949.0,186662.0,3163.0,3163.0,3108.0,3134.3,31920400,3447.7,2820.9,3839.9,2896.0,3135.8,492,13,3135.7,1204,7,3135.6,108,4,3135.5,25,1,3135.4,26,2,3135.9,84,2,3136.0,567,10,3136.1,259,7,3136.2,119,3,3136.4,12,1
2031,2026-06-16 15:13:06+05:30,3135.8,10,3135.1,3280299,126949.0,186662.0,3163.0,3163.0,3108.0,3134.3,31920400,3447.7,2820.9,3839.9,2896.0,3135.8,492,13,3135.7,1204,7,3135.6,108,4,3135.5,25,1,3135.4,26,2,3135.9,84,2,3136.0,567,10,3136.1,259,7,3136.2,119,3,3136.4,12,1
2031,2026-06-16 15:13:07+05:30,3135.9,4,3135.1,3280522,126693.0,186824.0,3163.0,3163.0,3108.0,3134.3,31920400,3447.7,2820.9,3839.9,2896.0,3135.8,307,13,3135.7,1180,7,3135.6,82,2,3135.4,1,1,3135.3,17,4,3135.9,142,7,3136.0,564,9,3136.1,259,7,3136.2,119,3,3136.4,40,2
2031,2026-06-16 15:13:07+05:30,3135.9,8,3135.1,3280522,126693.0,186824.0,3163.0,3163.0,3108.0,3134.3,31920400,3447.7,2820.9,3839.9,2896.0,3135.8,307,13,3135.7,1180,7,3135.6,82,2,3135.4,1,1,3135.3,17,4,3135.9,142,7,3136.0,564,9,3136.1,259,7,3136.2,119,3,3136.4,40,2
2031,2026-06-16 15:13:08+05:30,3135.8,1,3135.1,3280676,126737.0,186649.0,3163.0,3163.0,3108.0,3134.3,31920400,3447.7,2820.9,3839.9,2896.0,3135.8,317,14,3135.7,1163,6,3135.6,82,2,3135.5,14,1,3135.4,1,1,3135.9,163,5,3136.0,594,10,3136.1,259,7,3136.2,119,3,3136.4,12,1
2031,2026-06-16 15:13:08+05:30,3135.8,1,3135.1,3280676,126737.0,186649.0,3163.0,3163.0,3108.0,3134.3,31920400,3447.7,2820.9,3839.9,2896.0,3135.8,317,14,3135.7,1163,6,3135.6,82,2,3135.5,14,1,3135.4,1,1,3135.9,163,5,3136.0,594,10,3136.1,259,7,3136.2,119,3,3136.4,12,1
2031,2026-06-16 15:13:09+05:30,3135.8,13,3135.1,3281552,125387.0,186482.0,3163.0,3163.0,3108.0,3134.3,31920400,3447.7,2820.9,3839.9,2896.0,3135.8,36,4,3135.7,1162,5,3135.6,82,2,3135.5,14,1,3135.4,1,1,3135.9,165,6,3136.0,594,10,3136.1,259,7,3136.2,147,4,3136.3,12,1
2031,2026-06-16 15:13:09+05:30,3135.8,13,3135.1,3281552,125387.0,186482.0,3163.0,3163.0,3108.0,3134.3,31920400,3447.7,2820.9,3839.9,2896.0,3135.8,36,4,3135.7,1162,5,3135.6,82,2,3135.5,14,1,3135.4,1,1,3135.9,165,6,3136.0,594,10,3136.1,259,7,3136.2,147,4,3136.3,12,1
2031,2026-06-16 15:13:10+05:30,3135.8,1,3135.1,3281570,125962.0,186634.0,3163.0,3163.0,3108.0,3134.3,31920400,3447.7,2820.9,3839.9,2896.0,3135.8,122,8,3135.7,1179,6,3135.6,82,2,3135.5,14,1,3135.4,1,1,3135.9,273,10,3136.0,594,10,3136.1,293,9,3136.2,256,6,3136.3,81,3
2031,2026-06-16 15:13:10+05:30,3135.8,1,3135.1,3281570,125962.0,186634.0,3163.0,3163.0,3108.0,3134.3,31920400,3447.7,2820.9,3839.9,2896.0,3135.8,122,8,3135.7,1179,6,3135.6,82,2,3135.5,14,1,3135.4,1,1,3135.9,273,10,3136.0,594,10,3136.1,293,9,3136.2,256,6,3136.3,81,3
2031,2026-06-16 15:13:11+05:30,3135.9,11,3135.1,3281570,125962.0,186634.0,3163.0,3163.0,3108.0,3134.3,31920400,3447.7,2820.9,3839.9,2896.0,3135.8,122,8,3135.7,1179,6,3135.6,82,2,3135.5,14,1,3135.4,1,1,3135.9,273,10,3136.0,594,10,3136.1,293,9,3136.2,256,6,3136.3,81,3
2031,2026-06-16 15:13:11+05:30,3135.9,11,3135.1,3281658,125641.0,186716.0,3163.0,3163.0,3108.0,3134.3,31920400,3447.7,2820.9,3839.9,2896.0,3135.8,83,6,3135.7,1179,6,3135.6,82,2,3135.5,14,1,3135.4,1,1,3135.9,338,15,3136.0,638,12,3136.1,287,9,3136.2,256,6,3136.3,81,3
2031,2026-06-16 15:13:12+05:30,3135.9,3,3135.1,3281658,125641.0,186716.0,3163.0,3163.0,3108.0,3134.3,31920400,3447.7,2820.9,3839.9,2896.0,3135.8,83,6,3135.7,1179,6,3135.6,82,2,3135.5,14,1,3135.4,1,1,3135.9,338,15,3136.0,638,12,3136.1,287,9,3136.2,256,6,3136.3,81,3
2031,2026-06-16 15:13:12+05:30,3135.9,3,3135.1,3281663,124642.0,186720.0,3163.0,3163.0,3108.0,3134.3,31920400,3447.7,2820.9,3839.9,2896.0,3135.8,83,6,3135.7,1179,6,3135.6,82,2,3135.5,14,1,3135.4,1,1,3135.9,340,15,3136.0,638,12,3136.1,287,9,3136.2,256,6,3136.3,39,2
2031,2026-06-16 15:13:13+05:30,3135.9,2,3135.1,3281663,124642.0,186720.0,3163.0,3163.0,3108.0,3134.3,31920400,3447.7,2820.9,3839.9,2896.0,3135.8,83,6,3135.7,1179,6,3135.6,82,2,3135.5,14,1,3135.4,1,1,3135.9,340,15,3136.0,638,12,3136.1,287,9,3136.2,256,6,3136.3,39,2
2031,2026-06-16 15:13:13+05:30,3135.9,2,3135.1,3282046,125038.0,186918.0,3163.0,3163.0,3108.0,3134.3,31920400,3447.7,2820.9,3839.9,2896.0,3135.8,55,5,3135.7,1162,5,3135.6,82,2,3135.5,14,1,3135.4,1,1,3135.9,304,12,3136.0,639,12,3136.1,287,9,3136.2,174,5,3136.3,39,2
2031,2026-06-16 15:13:14+05:30,3135.8,13,3135.1,3282046,125038.0,186918.0,3163.0,3163.0,3108.0,3134.3,31920400,3447.7,2820.9,3839.9,2896.0,3135.8,55,5,3135.7,1162,5,3135.6,82,2,3135.5,14,1,3135.4,1,1,3135.9,304,12,3136.0,639,12,3136.1,287,9,3136.2,174,5,3136.3,39,2
2031,2026-06-16 15:13:14+05:30,3135.8,13,3135.1,3282114,125167.0,186999.0,3163.0,3163.0,3108.0,3134.3,31920400,3447.7,2820.9,3839.9,2896.0,3135.8,50,6,3135.7,1162,5,3135.6,82,2,3135.5,14,1,3135.4,1,1,3135.9,416,16,3136.0,609,11,3136.1,287,9,3136.2,174,5,3136.3,83,3
2031,2026-06-16 15:13:15+05:30,3135.9,2,3135.1,3282114,125167.0,186999.0,3163.0,3163.0,3108.0,3134.3,31920400,3447.7,2820.9,3839.9,2896.0,3135.8,50,6,3135.7,1162,5,3135.6,82,2,3135.5,14,1,3135.4,1,1,3135.9,416,16,3136.0,609,11,3136.1,287,9,3136.2,174,5,3136.3,83,3
2031,2026-06-16 15:13:15+05:30,3135.8,51,3135.1,3282743,124796.0,186540.0,3163.0,3163.0,3108.0,3134.3,31920400,3447.7,2820.9,3839.9,2896.0,3135.7,1122,4,3135.6,82,2,3135.5,14,1,3135.4,1,1,3135.3,5,3,3135.8,149,1,3135.9,397,14,3136.0,582,10,3136.1,253,7,3136.2,174,5
2031,2026-06-16 15:13:16+05:30,3135.7,9,3135.1,3282743,124796.0,186540.0,3163.0,3163.0,3108.0,3134.3,31920400,3447.7,2820.9,3839.9,2896.0,3135.7,1122,4,3135.6,82,2,3135.5,14,1,3135.4,1,1,3135.3,5,3,3135.8,149,1,3135.9,397,14,3136.0,582,10,3136.1,253,7,3136.2,174,5
2031,2026-06-16 15:13:16+05:30,3135.7,46,3135.1,3282821,125040.0,186631.0,3163.0,3163.0,3108.0,3134.3,31920400,3447.7,2820.9,3839.9,2896.0,3135.7,1078,6,3135.6,82,2,3135.5,14,1,3135.4,1,1,3135.3,5,3,3135.8,407,7,3135.9,275,11,3136.0,574,12,3136.1,284,8,3136.2,76,3
2031,2026-06-16 15:13:17+05:30,3135.7,20,3135.1,3282821,125040.0,186631.0,3163.0,3163.0,3108.0,3134.3,31920400,3447.7,2820.9,3839.9,2896.0,3135.7,1078,6,3135.6,82,2,3135.5,14,1,3135.4,1,1,3135.3,5,3,3135.8,407,7,3135.9,275,11,3136.0,574,12,3136.1,284,8,3136.2,76,3
2031,2026-06-16 15:13:18+05:30,3135.7,4,3135.1,3283078,124758.0,186695.0,3163.0,3163.0,3108.0,3134.3,31920400,3447.7,2820.9,3839.9,2896.0,3135.7,904,8,3135.6,82,2,3135.5,14,1,3135.4,1,1,3135.3,5,3,3135.8,509,11,3135.9,224,10,3136.0,558,12,3136.1,284,8,3136.2,120,4
2031,2026-06-16 15:13:18+05:30,3135.8,1,3135.1,3283078,124758.0,186695.0,3163.0,3163.0,3108.0,3134.3,31920400,3447.7,2820.9,3839.9,2896.0,3135.7,904,8,3135.6,82,2,3135.5,14,1,3135.4,1,1,3135.3,5,3,3135.8,509,11,3135.9,224,10,3136.0,558,12,3136.1,284,8,3136.2,120,4
2031,2026-06-16 15:13:19+05:30,3135.7,46,3135.1,3283161,124561.0,186838.0,3163.0,3163.0,3108.0,3134.3,31920400,3447.7,2820.9,3839.9,2896.0,3135.7,831,8,3135.6,82,2,3135.5,14,1,3135.4,1,1,3135.3,5,3,3135.8,586,15,3135.9,279,12,3136.0,558,12,3136.1,339,9,3136.2,76,3
2031,2026-06-16 15:13:19+05:30,3135.8,7,3135.1,3283161,124561.0,186838.0,3163.0,3163.0,3108.0,3134.3,31920400,3447.7,2820.9,3839.9,2896.0,3135.7,831,8,3135.6,82,2,3135.5,14,1,3135.4,1,1,3135.3,5,3,3135.8,586,15,3135.9,279,12,3136.0,558,12,3136.1,339,9,3136.2,76,3
2031,2026-06-16 15:13:20+05:30,3135.7,16,3135.1,3283322,124714.0,186687.0,3163.0,3163.0,3108.0,3134.3,31920400,3447.7,2820.9,3839.9,2896.0,3135.7,816,9,3135.6,82,2,3135.5,14,1,3135.4,1,1,3135.3,5,3,3135.8,431,14,3135.9,203,9,3136.0,573,12,3136.1,339,9,3136.2,48,2
2031,2026-06-16 15:13:20+05:30,3135.7,24,3135.1,3283322,124714.0,186687.0,3163.0,3163.0,3108.0,3134.3,31920400,3447.7,2820.9,3839.9,2896.0,3135.7,816,9,3135.6,82,2,3135.5,14,1,3135.4,1,1,3135.3,5,3,3135.8,431,14,3135.9,203,9,3136.0,573,12,3136.1,339,9,3136.2,48,2
2031,2026-06-16 15:13:21+05:30,3135.8,3,3135.1,3283349,124487.0,187396.0,3163.0,3163.0,3108.0,3134.3,31920400,3447.7,2820.9,3839.9,2896.0,3135.7,792,9,3135.6,82,2,3135.5,14,1,3135.4,1,1,3135.3,6,4,3135.8,505,16,3135.9,234,11,3136.0,529,11,3136.1,367,10,3136.2,48,2
2031,2026-06-16 15:13:21+05:30,3135.8,3,3135.1,3283349,124487.0,187396.0,3163.0,3163.0,3108.0,3134.3,31920400,3447.7,2820.9,3839.9,2896.0,3135.7,792,9,3135.6,82,2,3135.5,14,1,3135.4,1,1,3135.3,6,4,3135.8,505,16,3135.9,234,11,3136.0,529,11,3136.1,367,10,3136.2,48,2
2031,2026-06-16 15:13:22+05:30,3135.7,10,3135.1,3283562,124489.0,187133.0,3163.0,3163.0,3108.0,3134.3,31920400,3447.7,2820.9,3839.9,2896.0,3135.7,618,9,3135.6,84,3,3135.5,14,1,3135.4,1,1,3135.3,6,4,3135.8,489,17,3135.9,278,12,3136.0,529,11,3136.1,367,10,3136.2,48,2
2031,2026-06-16 15:13:22+05:30,3135.7,10,3135.1,3283562,124489.0,187133.0,3163.0,3163.0,3108.0,3134.3,31920400,3447.7,2820.9,3839.9,2896.0,3135.7,618,9,3135.6,84,3,3135.5,14,1,3135.4,1,1,3135.3,6,4,3135.8,489,17,3135.9,278,12,3136.0,529,11,3136.1,367,10,3136.2,48,2
2031,2026-06-16 15:13:23+05:30,3135.7,26,3135.1,3283640,124422.0,185322.0,3163.0,3163.0,3108.0,3134.3,31920400,3447.7,2820.9,3839.9,2896.0,3135.7,553,10,3135.6,84,3,3135.5,14,1,3135.4,2,2,3135.3,5,3,3135.8,464,17,3135.9,203,9,3136.0,529,11,3136.1,339,9,3136.2,92,3
2031,2026-06-16 15:13:23+05:30,3135.7,26,3135.1,3283640,124422.0,185322.0,3163.0,3163.0,3108.0,3134.3,31920400,3447.7,2820.9,3839.9,2896.0,3135.7,553,10,3135.6,84,3,3135.5,14,1,3135.4,2,2,3135.3,5,3,3135.8,464,17,3135.9,203,9,3136.0,529,11,3136.1,339,9,3136.2,92,3
2031,2026-06-16 15:13:24+05:30,3135.8,4,3135.1,3283640,124422.0,185322.0,3163.0,3163.0,3108.0,3134.3,31920400,3447.7,2820.9,3839.9,2896.0,3135.7,553,10,3135.6,84,3,3135.5,14,1,3135.4,2,2,3135.3,5,3,3135.8,464,17,3135.9,203,9,3136.0,529,11,3136.1,339,9,3136.2,92,3
2031,2026-06-16 15:13:24+05:30,3135.8,4,3135.1,3283667,124401.0,187101.0,3163.0,3163.0,3108.0,3134.3,31920400,3447.7,2820.9,3839.9,2896.0,3135.7,531,10,3135.6,82,2,3135.5,14,1,3135.4,2,2,3135.3,5,3,3135.8,631,24,3135.9,199,7,3136.0,488,10,3136.1,339,9,3136.2,48,2
2031,2026-06-16 15:13:25+05:30,3135.7,6,3135.1,3283667,124401.0,187101.0,3163.0,3163.0,3108.0,3134.3,31920400,3447.7,2820.9,3839.9,2896.0,3135.7,531,10,3135.6,82,2,3135.5,14,1,3135.4,2,2,3135.3,5,3,3135.8,631,24,3135.9,199,7,3136.0,488,10,3136.1,339,9,3136.2,48,2
2031,2026-06-16 15:13:25+05:30,3135.7,71,3135.1,3284036,124088.0,187265.0,3163.0,3163.0,3108.0,3134.3,31920400,3447.7,2820.9,3839.9,2896.0,3135.7,318,8,3135.6,82,2,3135.5,15,2,3135.4,1,1,3135.3,5,3,3135.8,601,24,3135.9,204,8,3136.0,487,10,3136.1,323,8,3136.2,48,2
2031,2026-06-16 15:13:26+05:30,3135.7,25,3135.1,3284036,124088.0,187265.0,3163.0,3163.0,3108.0,3134.3,31920400,3447.7,2820.9,3839.9,2896.0,3135.7,318,8,3135.6,82,2,3135.5,15,2,3135.4,1,1,3135.3,5,3,3135.8,601,24,3135.9,204,8,3136.0,487,10,3136.1,323,8,3136.2,48,2
2031,2026-06-16 15:13:26+05:30,3135.8,19,3135.1,3284563,125229.0,186838.0,3163.0,3163.0,3108.0,3134.3,31920400,3447.7,2820.9,3839.9,2896.0,3135.7,641,10,3135.6,365,3,3135.5,298,3,3135.4,298,3,3135.3,5,3,3135.8,388,13,3135.9,174,6,3136.0,462,9,3136.1,332,7,3136.2,21,1
2031,2026-06-16 15:13:27+05:30,3135.7,16,3135.1,3284563,125229.0,186838.0,3163.0,3163.0,3108.0,3134.3,31920400,3447.7,2820.9,3839.9,2896.0,3135.7,641,10,3135.6,365,3,3135.5,298,3,3135.4,298,3,3135.3,5,3,3135.8,388,13,3135.9,174,6,3136.0,462,9,3136.1,332,7,3136.2,21,1
2031,2026-06-16 15:13:27+05:30,3135.7,16,3135.1,3284766,125098.0,186804.0,3163.0,3163.0,3108.0,3134.3,31920400,3447.7,2820.9,3839.9,2896.0,3135.7,453,8,3135.6,365,3,3135.5,298,3,3135.4,298,3,3135.3,5,3,3135.8,381,13,3135.9,174,6,3136.0,462,9,3136.1,326,6,3136.3,12,1
2031,2026-06-16 15:13:28+05:30,3135.8,1,3135.1,3284766,125098.0,186804.0,3163.0,3163.0,3108.0,3134.3,31920400,3447.7,2820.9,3839.9,2896.0,3135.7,453,8,3135.6,365,3,3135.5,298,3,3135.4,298,3,3135.3,5,3,3135.8,381,13,3135.9,174,6,3136.0,462,9,3136.1,326,6,3136.3,12,1
2031,2026-06-16 15:13:28+05:30,3135.8,1,3135.1,3284817,125319.0,186871.0,3163.0,3163.0,3108.0,3134.3,31920400,3447.7,2820.9,3839.9,2896.0,3135.7,468,9,3135.6,365,3,3135.5,323,3,3135.4,359,5,3135.3,31,4,3135.8,380,13,3135.9,174,6,3136.0,462,9,3136.1,282,5,3136.4,12,1
2031,2026-06-16 15:13:29+05:30,3135.8,12,3135.1,3284817,125319.0,186871.0,3163.0,3163.0,3108.0,3134.3,31920400,3447.7,2820.9,3839.9,2896.0,3135.7,468,9,3135.6,365,3,3135.5,323,3,3135.4,359,5,3135.3,31,4,3135.8,380,13,3135.9,174,6,3136.0,462,9,3136.1,282,5,3136.4,12,1
2031,2026-06-16 15:13:29+05:30,3135.8,12,3135.1,3285140,125625.0,186763.0,3163.0,3163.0,3108.0,3134.3,31920400,3447.7,2820.9,3839.9,2896.0,3135.7,432,10,3135.6,589,7,3135.5,454,4,3135.4,359,5,3135.3,32,4,3135.8,388,14,3135.9,174,6,3136.0,462,9,3136.1,282,5,3136.4,12,1
2031,2026-06-16 15:13:30+05:30,3135.7,11,3135.1,3285140,125625.0,186763.0,3163.0,3163.0,3108.0,3134.3,31920400,3447.7,2820.9,3839.9,2896.0,3135.7,432,10,3135.6,589,7,3135.5,454,4,3135.4,359,5,3135.3,32,4,3135.8,388,14,3135.9,174,6,3136.0,462,9,3136.1,282,5,3136.4,12,1
2031,2026-06-16 15:13:30+05:30,3135.8,10,3135.1,3285190,125664.0,186861.0,3163.0,3163.0,3108.0,3134.3,31920400,3447.7,2820.9,3839.9,2896.0,3135.7,511,17,3135.6,554,6,3135.5,454,4,3135.4,358,4,3135.3,33,5,3135.8,409,19,3135.9,174,6,3136.0,462,9,3136.1,282,5,3136.4,56,2
2031,2026-06-16 15:13:31+05:30,3135.7,21,3135.1,3285190,125664.0,186861.0,3163.0,3163.0,3108.0,3134.3,31920400,3447.7,2820.9,3839.9,2896.0,3135.7,511,17,3135.6,554,6,3135.5,454,4,3135.4,358,4,3135.3,33,5,3135.8,409,19,3135.9,174,6,3136.0,462,9,3136.1,282,5,3136.4,56,2
2031,2026-06-16 15:13:31+05:30,3135.7,21,3135.1,3285448,125922.0,186740.0,3163.0,3163.0,3108.0,3134.3,31920400,3447.7,2820.9,3839.9,2896.0,3135.7,550,18,3135.6,554,6,3135.5,440,3,3135.4,371,5,3135.3,77,6,3135.8,252,15,3135.9,174,6,3136.0,462,9,3136.1,482,6,3136.4,12,1
2031,2026-06-16 15:13:32+05:30,3135.8,1,3135.1,3285448,125922.0,186740.0,3163.0,3163.0,3108.0,3134.3,31920400,3447.7,2820.9,3839.9,2896.0,3135.7,550,18,3135.6,554,6,3135.5,440,3,3135.4,371,5,3135.3,77,6,3135.8,252,15,3135.9,174,6,3136.0,462,9,3136.1,482,6,3136.4,12,1
2031,2026-06-16 15:13:33+05:30,3135.8,1,3135.1,3285449,125921.0,186779.0,3163.0,3163.0,3108.0,3134.3,31920400,3447.7,2820.9,3839.9,2896.0,3135.7,522,18,3135.6,589,7,3135.5,440,3,3135.4,359,5,3135.3,32,4,3135.8,385,19,3135.9,174,6,3136.0,366,7,3136.1,482,6,3136.4,12,1
2031,2026-06-16 15:13:33+05:30,3135.7,8,3135.1,3285449,125921.0,186779.0,3163.0,3163.0,3108.0,3134.3,31920400,3447.7,2820.9,3839.9,2896.0,3135.7,522,18,3135.6,589,7,3135.5,440,3,3135.4,359,5,3135.3,32,4,3135.8,385,19,3135.9,174,6,3136.0,366,7,3136.1,482,6,3136.4,12,1
2031,2026-06-16 15:13:34+05:30,3135.8,10,3135.1,3285546,126391.0,186690.0,3163.0,3163.0,3108.0,3134.3,31920400,3447.7,2820.9,3839.9,2896.0,3135.7,462,16,3135.6,589,7,3135.5,440,3,3135.4,359,5,3135.3,32,4,3135.8,317,18,3135.9,174,6,3136.0,366,7,3136.1,482,6,3136.4,12,1
2031,2026-06-16 15:13:34+05:30,3135.8,1,3135.1,3285546,126391.0,186690.0,3163.0,3163.0,3108.0,3134.3,31920400,3447.7,2820.9,3839.9,2896.0,3135.7,462,16,3135.6,589,7,3135.5,440,3,3135.4,359,5,3135.3,32,4,3135.8,317,18,3135.9,174,6,3136.0,366,7,3136.1,482,6,3136.4,12,1
2031,2026-06-16 15:13:35+05:30,3135.8,1,3135.1,3285624,126248.0,186854.0,3163.0,3163.0,3108.0,3134.3,31920400,3447.7,2820.9,3839.9,2896.0,3135.7,495,15,3135.6,528,5,3135.5,440,3,3135.4,324,4,3135.3,32,4,3135.8,333,20,3135.9,174,6,3136.0,366,7,3136.1,482,6,3136.4,12,1
2031,2026-06-16 15:13:35+05:30,3135.8,7,3135.1,3285624,126248.0,186854.0,3163.0,3163.0,3108.0,3134.3,31920400,3447.7,2820.9,3839.9,2896.0,3135.7,495,15,3135.6,528,5,3135.5,440,3,3135.4,324,4,3135.3,32,4,3135.8,333,20,3135.9,174,6,3136.0,366,7,3136.1,482,6,3136.4,12,1
2031,2026-06-16 15:13:36+05:30,3135.7,9,3135.1,3286328,125167.0,186778.0,3163.0,3163.0,3108.0,3134.3,31920400,3447.7,2820.9,3839.9,2896.0,3135.7,133,9,3135.6,601,7,3135.5,441,4,3135.4,356,4,3135.3,32,4,3135.8,295,16,3135.9,174,6,3136.0,366,7,3136.1,482,6,3136.4,12,1
2031,2026-06-16 15:13:36+05:30,3135.7,10,3135.1,3286328,125167.0,186778.0,3163.0,3163.0,3108.0,3134.3,31920400,3447.7,2820.9,3839.9,2896.0,3135.7,133,9,3135.6,601,7,3135.5,441,4,3135.4,356,4,3135.3,32,4,3135.8,295,16,3135.9,174,6,3136.0,366,7,3136.1,482,6,3136.4,12,1
2031,2026-06-16 15:13:36+05:30,3135.7,10,3135.1,3286339,125844.0,186768.0,3163.0,3163.0,3108.0,3134.3,31920400,3447.7,2820.9,3839.9,2896.0,3135.7,186,12,3135.6,553,6,3135.5,441,4,3135.4,356,4,3135.3,32,4,3135.8,331,19,3135.9,174,6,3136.0,366,7,3136.1,482,6,3136.4,12,1
2031,2026-06-16 15:13:37+05:30,3135.7,13,3135.1,3286339,125844.0,186768.0,3163.0,3163.0,3108.0,3134.3,31920400,3447.7,2820.9,3839.9,2896.0,3135.7,186,12,3135.6,553,6,3135.5,441,4,3135.4,356,4,3135.3,32,4,3135.8,331,19,3135.9,174,6,3136.0,366,7,3136.1,482,6,3136.4,12,1
2031,2026-06-16 15:13:37+05:30,3135.8,7,3135.1,3286512,126400.0,186287.0,3163.0,3163.0,3108.0,3134.3,31920400,3447.7,2820.9,3839.9,2896.0,3135.7,293,14,3135.6,574,8,3135.5,467,5,3135.4,367,5,3135.3,48,5,3135.8,226,14,3135.9,174,6,3136.0,366,7,3136.1,482,6,3136.4,12,1
2031,2026-06-16 15:13:38+05:30,3135.8,1,3135.1,3286512,126400.0,186287.0,3163.0,3163.0,3108.0,3134.3,31920400,3447.7,2820.9,3839.9,2896.0,3135.7,293,14,3135.6,574,8,3135.5,467,5,3135.4,367,5,3135.3,48,5,3135.8,226,14,3135.9,174,6,3136.0,366,7,3136.1,482,6,3136.4,12,1
2031,2026-06-16 15:13:38+05:30,3135.8,24,3135.1,3286562,126416.0,186410.0,3163.0,3163.0,3108.0,3134.3,31920400,3447.7,2820.9,3839.9,2896.0,3135.7,447,14,3135.6,573,7,3135.5,457,4,3135.4,334,4,3135.3,32,4,3135.8,354,18,3135.9,174,6,3136.0,366,7,3136.1,482,6,3136.4,12,1
2031,2026-06-16 15:13:39+05:30,3135.8,7,3135.1,3286562,126416.0,186410.0,3163.0,3163.0,3108.0,3134.3,31920400,3447.7,2820.9,3839.9,2896.0,3135.7,447,14,3135.6,573,7,3135.5,457,4,3135.4,334,4,3135.3,32,4,3135.8,354,18,3135.9,174,6,3136.0,366,7,3136.1,482,6,3136.4,12,1
2031,2026-06-16 15:13:40+05:30,3135.8,8,3135.1,3286855,126551.0,186303.0,3163.0,3163.0,3108.0,3134.3,31920400,3447.7,2820.9,3839.9,2896.0,3135.7,506,17,3135.6,613,9,3135.5,457,4,3135.4,381,6,3135.3,32,4,3135.8,203,12,3135.9,174,6,3136.0,383,8,3136.1,482,6,3136.4,12,1
2031,2026-06-16 15:13:40+05:30,3136.1,3,3135.1,3286855,126551.0,186303.0,3163.0,3163.0,3108.0,3134.3,31920400,3447.7,2820.9,3839.9,2896.0,3135.7,506,17,3135.6,613,9,3135.5,457,4,3135.4,381,6,3135.3,32,4,3135.8,203,12,3135.9,174,6,3136.0,383,8,3136.1,482,6,3136.4,12,1
2031,2026-06-16 15:13:41+05:30,3136.5,19,3135.1,3289093,127683.0,183563.0,3163.0,3163.0,3108.0,3134.3,31920400,3447.7,2820.9,3839.9,2896.0,3136.2,268,4,3136.1,377,2,3136.0,156,6,3135.9,127,5,3135.8,134,5,3136.9,1,1,3137.0,27,3,3137.2,11,1,3137.5,136,2,3137.8,154,2
2031,2026-06-16 15:13:41+05:30,3137.0,68,3135.1,3289093,127683.0,183563.0,3163.0,3163.0,3108.0,3134.3,31920400,3447.7,2820.9,3839.9,2896.0,3136.2,268,4,3136.1,377,2,3136.0,156,6,3135.9,127,5,3135.8,134,5,3136.9,1,1,3137.0,27,3,3137.2,11,1,3137.5,136,2,3137.8,154,2
2031,2026-06-16 15:13:42+05:30,3137.5,47,3135.11,3289391,128411.0,183508.0,3163.0,3163.0,3108.0,3134.3,31920400,3447.7,2820.9,3839.9,2896.0,3137.3,41,2,3137.2,32,1,3137.0,9,1,3136.9,63,1,3136.8,250,3,3137.5,7,1,3137.9,10,1,3138.0,569,3,3138.1,1,1,3138.3,558,5
2031,2026-06-16 15:13:42+05:30,3137.5,47,3135.11,3289391,128411.0,183508.0,3163.0,3163.0,3108.0,3134.3,31920400,3447.7,2820.9,3839.9,2896.0,3137.3,41,2,3137.2,32,1,3137.0,9,1,3136.9,63,1,3136.8,250,3,3137.5,7,1,3137.9,10,1,3138.0,569,3,3138.1,1,1,3138.3,558,5
2031,2026-06-16 15:13:43+05:30,3137.3,2,3135.11,3289651,127510.0,184099.0,3163.0,3163.0,3108.0,3134.3,31920400,3447.7,2820.9,3839.9,2896.0,3137.4,12,1,3137.3,69,6,3136.8,5,2,3136.7,68,2,3136.6,18,2,3137.5,46,4,3137.9,54,2,3138.0,686,3,3138.1,1,1,3138.2,154,2
2031,2026-06-16 15:13:43+05:30,3137.3,2,3135.11,3289651,127510.0,184099.0,3163.0,3163.0,3108.0,3134.3,31920400,3447.7,2820.9,3839.9,2896.0,3137.4,12,1,3137.3,69,6,3136.8,5,2,3136.7,68,2,3136.6,18,2,3137.5,46,4,3137.9,54,2,3138.0,686,3,3138.1,1,1,3138.2,154,2
2031,2026-06-16 15:13:44+05:30,3137.4,22,3135.11,3289753,127324.0,183957.0,3163.0,3163.0,3108.0,3134.3,31920400,3447.7,2820.9,3839.9,2896.0,3137.4,87,1,3137.3,69,6,3137.1,14,2,3136.9,53,3,3136.8,46,3,3137.5,40,4,3137.9,54,2,3138.0,560,2,3138.1,1,1,3138.3,573,6
2031,2026-06-16 15:13:44+05:30,3137.5,1,3135.11,3289753,127324.0,183957.0,3163.0,3163.0,3108.0,3134.3,31920400,3447.7,2820.9,3839.9,2896.0,3137.4,87,1,3137.3,69,6,3137.1,14,2,3136.9,53,3,3136.8,46,3,3137.5,40,4,3137.9,54,2,3138.0,560,2,3138.1,1,1,3138.3,573,6
2031,2026-06-16 15:13:44+05:30,3137.5,1,3135.11,3289753,127324.0,183957.0,3163.0,3163.0,3108.0,3134.3,31920400,3447.7,2820.9,3839.9,2896.0,3137.4,87,1,3137.3,69,6,3137.1,14,2,3136.9,53,3,3136.8,46,3,3137.5,40,4,3137.9,54,2,3138.0,560,2,3138.1,1,1,3138.3,573,6
2031,2026-06-16 15:13:45+05:30,3137.5,10,3135.11,3289805,127230.0,183987.0,3163.0,3163.0,3108.0,3134.3,31920400,3447.7,2820.9,3839.9,2896.0,3137.4,185,5,3137.3,69,6,3137.1,14,2,3136.9,16,2,3136.8,15,2,3137.5,160,7,3137.9,38,2,3138.0,588,3,3138.1,1,1,3138.2,182,3
2031,2026-06-16 15:13:45+05:30,3137.5,6,3135.11,3289805,127230.0,183987.0,3163.0,3163.0,3108.0,3134.3,31920400,3447.7,2820.9,3839.9,2896.0,3137.4,185,5,3137.3,69,6,3137.1,14,2,3136.9,16,2,3136.8,15,2,3137.5,160,7,3137.9,38,2,3138.0,588,3,3138.1,1,1,3138.2,182,3
2031,2026-06-16 15:13:46+05:30,3137.5,4,3135.11,3290113,127357.0,184254.0,3163.0,3163.0,3108.0,3134.3,31920400,3447.7,2820.9,3839.9,2896.0,3137.4,242,7,3137.3,69,6,3137.1,393,4,3137.0,29,1,3136.9,16,2,3137.5,80,3,3137.9,11,2,3138.0,560,2,3138.1,1,1,3138.3,546,4
2031,2026-06-16 15:13:46+05:30,3137.4,46,3135.11,3290113,127357.0,184254.0,3163.0,3163.0,3108.0,3134.3,31920400,3447.7,2820.9,3839.9,2896.0,3137.4,242,7,3137.3,69,6,3137.1,393,4,3137.0,29,1,3136.9,16,2,3137.5,80,3,3137.9,11,2,3138.0,560,2,3138.1,1,1,3138.3,546,4
2031,2026-06-16 15:13:46+05:30,3137.4,46,3135.11,3290113,127357.0,184254.0,3163.0,3163.0,3108.0,3134.3,31920400,3447.7,2820.9,3839.9,2896.0,3137.4,242,7,3137.3,69,6,3137.1,393,4,3137.0,29,1,3136.9,16,2,3137.5,80,3,3137.9,11,2,3138.0,560,2,3138.1,1,1,3138.3,546,4
2031,2026-06-16 15:13:47+05:30,3137.5,7,3135.11,3290222,125984.0,183482.0,3163.0,3163.0,3108.0,3134.3,31920400,3447.7,2820.9,3839.9,2896.0,3137.4,243,12,3137.3,29,2,3137.1,393,4,3136.9,16,2,3136.8,73,5,3137.5,89,5,3137.9,11,2,3138.0,588,3,3138.1,29,2,3138.2,154,2
2031,2026-06-16 15:13:47+05:30,3137.5,7,3135.11,3290222,125984.0,183482.0,3163.0,3163.0,3108.0,3134.3,31920400,3447.7,2820.9,3839.9,2896.0,3137.4,243,12,3137.3,29,2,3137.1,393,4,3136.9,16,2,3136.8,73,5,3137.5,89,5,3137.9,11,2,3138.0,588,3,3138.1,29,2,3138.2,154,2
2031,2026-06-16 15:13:48+05:30,3137.5,4,3135.11,3290573,125775.0,183351.0,3163.0,3163.0,3108.0,3134.3,31920400,3447.7,2820.9,3839.9,2896.0,3137.4,257,14,3137.3,13,1,3137.1,393,4,3136.9,16,2,3136.8,30,3,3137.5,38,4,3137.8,56,2,3137.9,11,2,3138.0,616,4,3138.1,18,2
2031,2026-06-16 15:13:48+05:30,3137.5,4,3135.11,3290573,125775.0,183351.0,3163.0,3163.0,3108.0,3134.3,31920400,3447.7,2820.9,3839.9,2896.0,3137.4,257,14,3137.3,13,1,3137.1,393,4,3136.9,16,2,3136.8,30,3,3137.5,38,4,3137.8,56,2,3137.9,11,2,3138.0,616,4,3138.1,18,2
2031,2026-06-16 15:13:48+05:30,3137.5,4,3135.11,3290573,125775.0,183351.0,3163.0,3163.0,3108.0,3134.3,31920400,3447.7,2820.9,3839.9,2896.0,3137.4,257,14,3137.3,13,1,3137.1,393,4,3136.9,16,2,3136.8,30,3,3137.5,38,4,3137.8,56,2,3137.9,11,2,3138.0,616,4,3138.1,18,2
2031,2026-06-16 15:13:49+05:30,3137.5,1,3135.11,3290573,125775.0,183351.0,3163.0,3163.0,3108.0,3134.3,31920400,3447.7,2820.9,3839.9,2896.0,3137.4,257,14,3137.3,13,1,3137.1,393,4,3136.9,16,2,3136.8,30,3,3137.5,38,4,3137.8,56,2,3137.9,11,2,3138.0,616,4,3138.1,18,2
2031,2026-06-16 15:13:49+05:30,3137.5,1,3135.11,3290848,125639.0,182305.0,3163.0,3163.0,3108.0,3134.3,31920400,3447.7,2820.9,3839.9,2896.0,3137.5,1,1,3137.4,102,8,3137.3,27,2,3137.2,9,1,3137.1,49,4,3137.9,1,1,3138.0,588,3,3138.1,29,2,3138.2,154,2,3138.3,584,5
2031,2026-06-16 15:13:50+05:30,3137.6,3,3135.11,3290848,125639.0,182305.0,3163.0,3163.0,3108.0,3134.3,31920400,3447.7,2820.9,3839.9,2896.0,3137.5,1,1,3137.4,102,8,3137.3,27,2,3137.2,9,1,3137.1,49,4,3137.9,1,1,3138.0,588,3,3138.1,29,2,3138.2,154,2,3138.3,584,5
2031,2026-06-16 15:13:50+05:30,3137.6,3,3135.11,3290921,125339.0,180561.0,3163.0,3163.0,3108.0,3134.3,31920400,3447.7,2820.9,3839.9,2896.0,3137.6,3,1,3137.4,105,10,3137.3,29,2,3137.2,1,1,3137.1,49,4,3137.8,146,2,3137.9,2,2,3138.0,110,2,3138.1,1,1,3138.3,45,2
2031,2026-06-16 15:13:51+05:30,3137.6,3,3135.11,3290921,125339.0,180561.0,3163.0,3163.0,3108.0,3134.3,31920400,3447.7,2820.9,3839.9,2896.0,3137.6,3,1,3137.4,105,10,3137.3,29,2,3137.2,1,1,3137.1,49,4,3137.8,146,2,3137.9,2,2,3138.0,110,2,3138.1,1,1,3138.3,45,2
2031,2026-06-16 15:13:51+05:30,3137.8,7,3135.11,3290921,125339.0,180561.0,3163.0,3163.0,3108.0,3134.3,31920400,3447.7,2820.9,3839.9,2896.0,3137.6,3,1,3137.4,105,10,3137.3,29,2,3137.2,1,1,3137.1,49,4,3137.8,146,2,3137.9,2,2,3138.0,110,2,3138.1,1,1,3138.3,45,2
2031,2026-06-16 15:13:51+05:30,3137.8,7,3135.11,3290983,126192.0,180724.0,3163.0,3163.0,3108.0,3134.3,31920400,3447.7,2820.9,3839.9,2896.0,3137.6,74,5,3137.5,8,2,3137.4,89,6,3137.3,29,2,3137.2,29,2,3137.8,210,8,3137.9,2,2,3138.0,110,2,3138.1,1,1,3138.5,126,1
2031,2026-06-16 15:13:52+05:30,3137.6,7,3135.11,3290983,126192.0,180724.0,3163.0,3163.0,3108.0,3134.3,31920400,3447.7,2820.9,3839.9,2896.0,3137.6,74,5,3137.5,8,2,3137.4,89,6,3137.3,29,2,3137.2,29,2,3137.8,210,8,3137.9,2,2,3138.0,110,2,3138.1,1,1,3138.5,126,1
2031,2026-06-16 15:13:52+05:30,3137.8,42,3135.11,3291266,125786.0,181251.0,3163.0,3163.0,3108.0,3134.3,31920400,3447.7,2820.9,3839.9,2896.0,3137.6,136,7,3137.5,33,3,3137.4,44,5,3137.3,1,1,3137.1,32,3,3137.8,247,9,3137.9,11,3,3138.0,138,3,3138.1,1,1,3138.2,28,1
2031,2026-06-16 15:13:53+05:30,3137.8,42,3135.11,3291266,125786.0,181251.0,3163.0,3163.0,3108.0,3134.3,31920400,3447.7,2820.9,3839.9,2896.0,3137.6,136,7,3137.5,33,3,3137.4,44,5,3137.3,1,1,3137.1,32,3,3137.8,247,9,3137.9,11,3,3138.0,138,3,3138.1,1,1,3138.2,28,1
2031,2026-06-16 15:13:53+05:30,3137.6,5,3135.11,3291266,125786.0,181251.0,3163.0,3163.0,3108.0,3134.3,31920400,3447.7,2820.9,3839.9,2896.0,3137.6,136,7,3137.5,33,3,3137.4,44,5,3137.3,1,1,3137.1,32,3,3137.8,247,9,3137.9,11,3,3138.0,138,3,3138.1,1,1,3138.2,28,1
2031,2026-06-16 15:13:53+05:30,3137.6,5,3135.11,3291305,126288.0,180882.0,3163.0,3163.0,3108.0,3134.3,31920400,3447.7,2820.9,3839.9,2896.0,3137.6,420,9,3137.4,43,4,3137.3,20,2,3137.1,32,3,3137.0,154,2,3137.8,235,9,3137.9,12,4,3138.0,138,3,3138.1,1,1,3138.2,28,1
2031,2026-06-16 15:13:54+05:30,3137.8,17,3135.11,3291305,126288.0,180882.0,3163.0,3163.0,3108.0,3134.3,31920400,3447.7,2820.9,3839.9,2896.0,3137.6,420,9,3137.4,43,4,3137.3,20,2,3137.1,32,3,3137.0,154,2,3137.8,235,9,3137.9,12,4,3138.0,138,3,3138.1,1,1,3138.2,28,1
2031,2026-06-16 15:13:54+05:30,3137.8,1,3135.11,3291527,126395.0,181230.0,3163.0,3163.0,3108.0,3134.3,31920400,3447.7,2820.9,3839.9,2896.0,3137.6,482,12,3137.5,15,1,3137.4,4,2,3137.3,1,1,3137.1,60,4,3137.8,209,6,3137.9,11,3,3138.0,138,3,3138.1,1,1,3138.3,28,1
2031,2026-06-16 15:13:55+05:30,3137.8,1,3135.11,3291527,126395.0,181230.0,3163.0,3163.0,3108.0,3134.3,31920400,3447.7,2820.9,3839.9,2896.0,3137.6,482,12,3137.5,15,1,3137.4,4,2,3137.3,1,1,3137.1,60,4,3137.8,209,6,3137.9,11,3,3138.0,138,3,3138.1,1,1,3138.3,28,1
2031,2026-06-16 15:13:55+05:30,3137.8,4,3135.11,3291527,126395.0,181230.0,3163.0,3163.0,3108.0,3134.3,31920400,3447.7,2820.9,3839.9,2896.0,3137.6,482,12,3137.5,15,1,3137.4,4,2,3137.3,1,1,3137.1,60,4,3137.8,209,6,3137.9,11,3,3138.0,138,3,3138.1,1,1,3138.3,28,1
2031,2026-06-16 15:13:56+05:30,3137.8,1,3135.11,3291923,126410.0,181147.0,3163.0,3163.0,3108.0,3134.3,31920400,3447.7,2820.9,3839.9,2896.0,3137.7,46,2,3137.6,361,10,3137.5,55,4,3137.4,3,1,3137.3,135,4,3137.8,85,5,3137.9,11,3,3138.0,138,3,3138.1,29,2,3138.4,73,3
2031,2026-06-16 15:13:56+05:30,3137.8,7,3135.11,3291923,126410.0,181147.0,3163.0,3163.0,3108.0,3134.3,31920400,3447.7,2820.9,3839.9,2896.0,3137.7,46,2,3137.6,361,10,3137.5,55,4,3137.4,3,1,3137.3,135,4,3137.8,85,5,3137.9,11,3,3138.0,138,3,3138.1,29,2,3138.4,73,3
2031,2026-06-16 15:13:56+05:30,3137.8,7,3135.11,3291923,126410.0,181147.0,3163.0,3163.0,3108.0,3134.3,31920400,3447.7,2820.9,3839.9,2896.0,3137.7,46,2,3137.6,361,10,3137.5,55,4,3137.4,3,1,3137.3,135,4,3137.8,85,5,3137.9,11,3,3138.0,138,3,3138.1,29,2,3138.4,73,3
2031,2026-06-16 15:13:57+05:30,3137.8,1,3135.11,3291991,126497.0,181178.0,3163.0,3163.0,3108.0,3134.3,31920400,3447.7,2820.9,3839.9,2896.0,3137.7,37,2,3137.6,362,11,3137.5,54,3,3137.4,3,1,3137.3,135,4,3137.8,89,4,3137.9,39,4,3138.0,173,5,3138.1,1,1,3138.2,68,3
2031,2026-06-16 15:13:57+05:30,3137.8,1,3135.11,3291991,126497.0,181178.0,3163.0,3163.0,3108.0,3134.3,31920400,3447.7,2820.9,3839.9,2896.0,3137.7,37,2,3137.6,362,11,3137.5,54,3,3137.4,3,1,3137.3,135,4,3137.8,89,4,3137.9,39,4,3138.0,173,5,3138.1,1,1,3138.2,68,3
2031,2026-06-16 15:13:57+05:30,3137.8,9,3135.11,3291991,126497.0,181178.0,3163.0,3163.0,3108.0,3134.3,31920400,3447.7,2820.9,3839.9,2896.0,3137.7,37,2,3137.6,362,11,3137.5,54,3,3137.4,3,1,3137.3,135,4,3137.8,89,4,3137.9,39,4,3138.0,173,5,3138.1,1,1,3138.2,68,3
2031,2026-06-16 15:13:58+05:30,3137.8,9,3135.11,3291991,126497.0,181178.0,3163.0,3163.0,3108.0,3134.3,31920400,3447.7,2820.9,3839.9,2896.0,3137.7,37,2,3137.6,362,11,3137.5,54,3,3137.4,3,1,3137.3,135,4,3137.8,89,4,3137.9,39,4,3138.0,173,5,3138.1,1,1,3138.2,68,3
2031,2026-06-16 15:13:58+05:30,3137.7,3,3135.11,3292207,126746.0,181097.0,3163.0,3163.0,3108.0,3134.3,31920400,3447.7,2820.9,3839.9,2896.0,3137.7,359,8,3137.6,303,5,3137.5,54,3,3137.4,3,1,3137.3,120,3,3137.8,2,1,3137.9,11,3,3138.0,138,3,3138.1,1,1,3138.2,28,1
2031,2026-06-16 15:13:58+05:30,3137.8,6,3135.11,3292207,126746.0,181097.0,3163.0,3163.0,3108.0,3134.3,31920400,3447.7,2820.9,3839.9,2896.0,3137.7,359,8,3137.6,303,5,3137.5,54,3,3137.4,3,1,3137.3,120,3,3137.8,2,1,3137.9,11,3,3138.0,138,3,3138.1,1,1,3138.2,28,1
2031,2026-06-16 15:13:58+05:30,3137.8,6,3135.11,3292207,126746.0,181097.0,3163.0,3163.0,3108.0,3134.3,31920400,3447.7,2820.9,3839.9,2896.0,3137.7,359,8,3137.6,303,5,3137.5,54,3,3137.4,3,1,3137.3,120,3,3137.8,2,1,3137.9,11,3,3138.0,138,3,3138.1,1,1,3138.2,28,1
2031,2026-06-16 15:13:59+05:30,3137.8,16,3135.11,3292298,126766.0,180919.0,3163.0,3163.0,3108.0,3134.3,31920400,3447.7,2820.9,3839.9,2896.0,3137.8,25,1,3137.7,380,8,3137.6,303,5,3137.5,55,4,3137.3,121,4,3137.9,12,4,3138.0,138,3,3138.1,28,2,3138.4,73,3,3138.6,78,3
2031,2026-06-16 15:13:59+05:30,3137.8,16,3135.11,3292298,126766.0,180919.0,3163.0,3163.0,3108.0,3134.3,31920400,3447.7,2820.9,3839.9,2896.0,3137.8,25,1,3137.7,380,8,3137.6,303,5,3137.5,55,4,3137.3,121,4,3137.9,12,4,3138.0,138,3,3138.1,28,2,3138.4,73,3,3138.6,78,3
2031,2026-06-16 15:13:59+05:30,3137.9,1,3135.11,3292298,126766.0,180919.0,3163.0,3163.0,3108.0,3134.3,31920400,3447.7,2820.9,3839.9,2896.0,3137.8,25,1,3137.7,380,8,3137.6,303,5,3137.5,55,4,3137.3,121,4,3137.9,12,4,3138.0,138,3,3138.1,28,2,3138.4,73,3,3138.6,78,3
2031,2026-06-16 15:14:00+05:30,3137.9,1,3135.11,3292298,126766.0,180919.0,3163.0,3163.0,3108.0,3134.3,31920400,3447.7,2820.9,3839.9,2896.0,3137.8,25,1,3137.7,380,8,3137.6,303,5,3137.5,55,4,3137.3,121,4,3137.9,12,4,3138.0,138,3,3138.1,28,2,3138.4,73,3,3138.6,78,3
2031,2026-06-16 15:14:00+05:30,3137.8,66,3135.11,3292618,127465.0,181489.0,3163.0,3163.0,3108.0,3134.3,31920400,3447.7,2820.9,3839.9,2896.0,3137.8,396,4,3137.7,377,8,3137.6,301,5,3137.5,55,4,3137.3,121,4,3137.9,4,4,3138.0,323,6,3138.1,1,1,3138.3,49,1,3138.4,43,2
2031,2026-06-16 15:14:00+05:30,3138.0,18,3135.11,3292618,127465.0,181489.0,3163.0,3163.0,3108.0,3134.3,31920400,3447.7,2820.9,3839.9,2896.0,3137.8,396,4,3137.7,377,8,3137.6,301,5,3137.5,55,4,3137.3,121,4,3137.9,4,4,3138.0,323,6,3138.1,1,1,3138.3,49,1,3138.4,43,2
2031,2026-06-16 15:14:01+05:30,3138.0,18,3135.11,3292618,127465.0,181489.0,3163.0,3163.0,3108.0,3134.3,31920400,3447.7,2820.9,3839.9,2896.0,3137.8,396,4,3137.7,377,8,3137.6,301,5,3137.5,55,4,3137.3,121,4,3137.9,4,4,3138.0,323,6,3138.1,1,1,3138.3,49,1,3138.4,43,2
2031,2026-06-16 15:14:01+05:30,3138.0,1,3135.11,3292815,127575.0,181313.0,3163.0,3163.0,3108.0,3134.3,31920400,3447.7,2820.9,3839.9,2896.0,3137.9,508,3,3137.8,37,4,3137.7,377,8,3137.6,286,4,3137.5,157,6,3138.0,187,4,3138.1,1,1,3138.4,26,1,3138.6,56,2,3138.8,187,4
2031,2026-06-16 15:14:01+05:30,3138.0,40,3135.11,3292815,127575.0,181313.0,3163.0,3163.0,3108.0,3134.3,31920400,3447.7,2820.9,3839.9,2896.0,3137.9,508,3,3137.8,37,4,3137.7,377,8,3137.6,286,4,3137.5,157,6,3138.0,187,4,3138.1,1,1,3138.4,26,1,3138.6,56,2,3138.8,187,4
2031,2026-06-16 15:14:01+05:30,3138.0,40,3135.11,3292815,127575.0,181313.0,3163.0,3163.0,3108.0,3134.3,31920400,3447.7,2820.9,3839.9,2896.0,3137.9,508,3,3137.8,37,4,3137.7,377,8,3137.6,286,4,3137.5,157,6,3138.0,187,4,3138.1,1,1,3138.4,26,1,3138.6,56,2,3138.8,187,4
2031,2026-06-16 15:14:02+05:30,3138.0,17,3135.11,3292953,127859.0,181265.0,3163.0,3163.0,3108.0,3134.3,31920400,3447.7,2820.9,3839.9,2896.0,3137.9,573,7,3137.8,111,9,3137.7,521,4,3137.6,271,3,3137.5,16,2,3138.0,252,8,3138.1,27,2,3138.4,26,1,3138.5,43,2,3138.6,50,2
2031,2026-06-16 15:14:02+05:30,3138.0,7,3135.11,3292953,127859.0,181265.0,3163.0,3163.0,3108.0,3134.3,31920400,3447.7,2820.9,3839.9,2896.0,3137.9,573,7,3137.8,111,9,3137.7,521,4,3137.6,271,3,3137.5,16,2,3138.0,252,8,3138.1,27,2,3138.4,26,1,3138.5,43,2,3138.6,50,2
2031,2026-06-16 15:14:02+05:30,3138.0,7,3135.11,3292953,127859.0,181265.0,3163.0,3163.0,3108.0,3134.3,31920400,3447.7,2820.9,3839.9,2896.0,3137.9,573,7,3137.8,111,9,3137.7,521,4,3137.6,271,3,3137.5,16,2,3138.0,252,8,3138.1,27,2,3138.4,26,1,3138.5,43,2,3138.6,50,2
2031,2026-06-16 15:14:03+05:30,3138.0,7,3135.11,3292953,127859.0,181265.0,3163.0,3163.0,3108.0,3134.3,31920400,3447.7,2820.9,3839.9,2896.0,3137.9,573,7,3137.8,111,9,3137.7,521,4,3137.6,271,3,3137.5,16,2,3138.0,252,8,3138.1,27,2,3138.4,26,1,3138.5,43,2,3138.6,50,2
2031,2026-06-16 15:14:03+05:30,3138.0,1,3135.11,3293314,128441.0,181073.0,3163.0,3163.0,3108.0,3134.3,31920400,3447.7,2820.9,3839.9,2896.0,3137.9,1295,14,3137.8,81,5,3137.7,521,4,3137.6,48,2,3137.5,175,2,3138.0,83,5,3138.1,1,1,3138.8,31,2,3138.9,153,2,3139.0,295,6
2031,2026-06-16 15:14:03+05:30,3138.0,1,3135.11,3293314,128441.0,181073.0,3163.0,3163.0,3108.0,3134.3,31920400,3447.7,2820.9,3839.9,2896.0,3137.9,1295,14,3137.8,81,5,3137.7,521,4,3137.6,48,2,3137.5,175,2,3138.0,83,5,3138.1,1,1,3138.8,31,2,3138.9,153,2,3139.0,295,6
2031,2026-06-16 15:14:04+05:30,3138.0,1,3135.11,3293314,128441.0,181073.0,3163.0,3163.0,3108.0,3134.3,31920400,3447.7,2820.9,3839.9,2896.0,3137.9,1295,14,3137.8,81,5,3137.7,521,4,3137.6,48,2,3137.5,175,2,3138.0,83,5,3138.1,1,1,3138.8,31,2,3138.9,153,2,3139.0,295,6
2031,2026-06-16 15:14:04+05:30,3138.8,23,3135.11,3293486,128631.0,181048.0,3163.0,3163.0,3108.0,3134.3,31920400,3447.7,2820.9,3839.9,2896.0,3137.9,1273,14,3137.8,98,7,3137.7,521,4,3137.6,95,3,3137.5,177,2,3138.0,26,1,3138.8,92,4,3138.9,25,1,3139.0,119,4,3139.1,64,1
2031,2026-06-16 15:14:04+05:30,3138.0,1,3135.11,3293486,128631.0,181048.0,3163.0,3163.0,3108.0,3134.3,31920400,3447.7,2820.9,3839.9,2896.0,3137.9,1273,14,3137.8,98,7,3137.7,521,4,3137.6,95,3,3137.5,177,2,3138.0,26,1,3138.8,92,4,3138.9,25,1,3139.0,119,4,3139.1,64,1
2031,2026-06-16 15:14:05+05:30,3138.0,1,3135.11,3293486,128631.0,181048.0,3163.0,3163.0,3108.0,3134.3,31928200,3447.7,2820.9,3839.9,2896.0,3137.9,1273,14,3137.8,98,7,3137.7,521,4,3137.6,95,3,3137.5,177,2,3138.0,26,1,3138.8,92,4,3138.9,25,1,3139.0,119,4,3139.1,64,1
2031,2026-06-16 15:14:05+05:30,3139.2,4,3135.11,3293834,128938.0,180464.0,3163.0,3163.0,3108.0,3134.3,31928200,3447.7,2820.9,3839.9,2896.0,3138.0,417,3,3137.9,1113,18,3137.8,228,6,3137.7,698,6,3137.6,48,2,3139.2,93,4,3139.4,93,3,3139.5,194,2,3139.6,292,7,3139.7,604,5
2031,2026-06-16 15:14:05+05:30,3139.2,4,3135.11,3293834,128938.0,180464.0,3163.0,3163.0,3108.0,3134.3,31928200,3447.7,2820.9,3839.9,2896.0,3138.0,417,3,3137.9,1113,18,3137.8,228,6,3137.7,698,6,3137.6,48,2,3139.2,93,4,3139.4,93,3,3139.5,194,2,3139.6,292,7,3139.7,604,5
2031,2026-06-16 15:14:06+05:30,3138.1,1,3135.11,3293834,128938.0,180464.0,3163.0,3163.0,3108.0,3134.3,31928200,3447.7,2820.9,3839.9,2896.0,3138.0,417,3,3137.9,1113,18,3137.8,228,6,3137.7,698,6,3137.6,48,2,3139.2,93,4,3139.4,93,3,3139.5,194,2,3139.6,292,7,3139.7,604,5
2031,2026-06-16 15:14:06+05:30,3138.1,1,3135.11,3294269,128438.0,181451.0,3163.0,3163.0,3108.0,3134.3,31928200,3447.7,2820.9,3839.9,2896.0,3138.0,57,3,3137.9,980,14,3137.8,82,6,3137.7,510,4,3137.6,95,3,3138.1,18,2,3138.6,27,1,3138.8,55,2,3139.0,60,3,3139.1,91,3
2031,2026-06-16 15:14:07+05:30,3139.0,11,3135.11,3294269,128438.0,181451.0,3163.0,3163.0,3108.0,3134.3,31928200,3447.7,2820.9,3839.9,2896.0,3138.0,57,3,3137.9,980,14,3137.8,82,6,3137.7,510,4,3137.6,95,3,3138.1,18,2,3138.6,27,1,3138.8,55,2,3139.0,60,3,3139.1,91,3
2031,2026-06-16 15:14:07+05:30,3139.0,11,3135.11,3294369,129202.0,181304.0,3163.0,3163.0,3108.0,3134.3,31928200,3447.7,2820.9,3839.9,2896.0,3138.0,284,13,3137.9,854,7,3137.8,183,9,3137.7,551,6,3137.6,48,2,3138.2,5,1,3139.0,41,2,3139.2,146,4,3139.3,128,1,3139.4,98,4
2031,2026-06-16 15:14:08+05:30,3138.2,2,3135.11,3294369,129202.0,181304.0,3163.0,3163.0,3108.0,3134.3,31928200,3447.7,2820.9,3839.9,2896.0,3138.0,284,13,3137.9,854,7,3137.8,183,9,3137.7,551,6,3137.6,48,2,3138.2,5,1,3139.0,41,2,3139.2,146,4,3139.3,128,1,3139.4,98,4
2031,2026-06-16 15:14:08+05:30,3138.2,1,3135.11,3294390,129545.0,180878.0,3163.0,3163.0,3108.0,3134.3,31928200,3447.7,2820.9,3839.9,2896.0,3138.1,543,5,3138.0,631,17,3137.9,537,6,3137.8,393,9,3137.7,384,7,3139.0,1,1,3139.2,92,2,3139.3,155,2,3139.4,71,3,3139.5,31,1
2031,2026-06-16 15:14:09+05:30,3139.0,2,3135.11,3294390,129545.0,180878.0,3163.0,3163.0,3108.0,3134.3,31928200,3447.7,2820.9,3839.9,2896.0,3138.1,543,5,3138.0,631,17,3137.9,537,6,3137.8,393,9,3137.7,384,7,3139.0,1,1,3139.2,92,2,3139.3,155,2,3139.4,71,3,3139.5,31,1
2031,2026-06-16 15:14:10+05:30,3138.9,1,3135.11,3294425,129906.0,180896.0,3163.0,3163.0,3108.0,3134.3,31928200,3447.7,2820.9,3839.9,2896.0,3138.2,13,1,3138.1,1087,14,3138.0,486,11,3137.9,451,5,3137.8,113,5,3138.9,200,2,3139.0,119,4,3139.1,22,1,3139.2,93,3,3139.3,27,1
2031,2026-06-16 15:14:10+05:30,3138.3,50,3135.11,3294425,129906.0,180896.0,3163.0,3163.0,3108.0,3134.3,31928200,3447.7,2820.9,3839.9,2896.0,3138.2,13,1,3138.1,1087,14,3138.0,486,11,3137.9,451,5,3137.8,113,5,3138.9,200,2,3139.0,119,4,3139.1,22,1,3139.2,93,3,3139.3,27,1
2031,2026-06-16 15:14:11+05:30,3138.9,27,3135.11,3294571,129958.0,180722.0,3163.0,3163.0,3108.0,3134.3,31928200,3447.7,2820.9,3839.9,2896.0,3138.4,7,1,3138.3,35,2,3138.2,64,1,3138.1,1101,15,3138.0,469,11,3138.9,135,4,3139.0,75,2,3139.1,1,1,3139.2,39,1,3139.4,117,3
2031,2026-06-16 15:14:11+05:30,3138.9,9,3135.11,3294571,129958.0,180722.0,3163.0,3163.0,3108.0,3134.3,31928200,3447.7,2820.9,3839.9,2896.0,3138.4,7,1,3138.3,35,2,3138.2,64,1,3138.1,1101,15,3138.0,469,11,3138.9,135,4,3139.0,75,2,3139.1,1,1,3139.2,39,1,3139.4,117,3
2031,2026-06-16 15:14:12+05:30,3138.4,17,3135.11,3294917,129992.0,180803.0,3163.0,3163.0,3108.0,3134.3,31928200,3447.7,2820.9,3839.9,2896.0,3138.4,98,5,3138.3,78,4,3138.2,118,4,3138.1,945,9,3138.0,411,10,3138.9,263,8,3139.0,75,2,3139.2,39,1,3139.4,91,2,3139.5,74,2
2031,2026-06-16 15:14:12+05:30,3138.4,17,3135.11,3294917,129992.0,180803.0,3163.0,3163.0,3108.0,3134.3,31928200,3447.7,2820.9,3839.9,2896.0,3138.4,98,5,3138.3,78,4,3138.2,118,4,3138.1,945,9,3138.0,411,10,3138.9,263,8,3139.0,75,2,3139.2,39,1,3139.4,91,2,3139.5,74,2
2031,2026-06-16 15:14:13+05:30,3138.4,2,3135.11,3295041,130132.0,180707.0,3163.0,3163.0,3108.0,3134.3,31928200,3447.7,2820.9,3839.9,2896.0,3138.4,245,7,3138.3,53,4,3138.2,143,5,3138.1,946,10,3138.0,598,12,3138.9,257,7,3139.2,39,1,3139.4,116,3,3139.6,189,5,3139.7,3,1
2031,2026-06-16 15:14:13+05:30,3138.9,21,3135.11,3295041,130132.0,180707.0,3163.0,3163.0,3108.0,3134.3,31928200,3447.7,2820.9,3839.9,2896.0,3138.4,245,7,3138.3,53,4,3138.2,143,5,3138.1,946,10,3138.0,598,12,3138.9,257,7,3139.2,39,1,3139.4,116,3,3139.6,189,5,3139.7,3,1
2031,2026-06-16 15:14:14+05:30,3138.6,22,3135.11,3295351,129789.0,180974.0,3163.0,3163.0,3108.0,3134.3,31928200,3447.7,2820.9,3839.9,2896.0,3138.6,316,2,3138.5,18,1,3138.4,385,11,3138.3,39,4,3138.2,120,2,3138.8,59,1,3138.9,21,1,3139.0,237,3,3139.2,41,2,3139.4,5,1
2031,2026-06-16 15:14:14+05:30,3138.6,22,3135.11,3295351,129789.0,180974.0,3163.0,3163.0,3108.0,3134.3,31928200,3447.7,2820.9,3839.9,2896.0,3138.6,316,2,3138.5,18,1,3138.4,385,11,3138.3,39,4,3138.2,120,2,3138.8,59,1,3138.9,21,1,3139.0,237,3,3139.2,41,2,3139.4,5,1
2031,2026-06-16 15:14:15+05:30,3138.8,6,3135.11,3295580,130059.0,180876.0,3163.0,3163.0,3108.0,3134.3,31928200,3447.7,2820.9,3839.9,2896.0,3138.8,1,1,3138.7,72,4,3138.6,382,7,3138.4,341,13,3138.3,1,1,3138.9,21,1,3139.0,237,3,3139.2,66,3,3139.3,12,1,3139.4,30,2
2031,2026-06-16 15:14:15+05:30,3138.8,1,3135.11,3295580,130059.0,180876.0,3163.0,3163.0,3108.0,3134.3,31928200,3447.7,2820.9,3839.9,2896.0,3138.8,1,1,3138.7,72,4,3138.6,382,7,3138.4,341,13,3138.3,1,1,3138.9,21,1,3139.0,237,3,3139.2,66,3,3139.3,12,1,3139.4,30,2
2031,2026-06-16 15:14:16+05:30,3138.8,9,3135.11,3296188,129963.0,181021.0,3163.0,3163.0,3108.0,3134.3,31928200,3447.7,2820.9,3839.9,2896.0,3138.8,5,1,3138.7,18,2,3138.6,485,13,3138.5,59,1,3138.4,230,7,3138.9,9,1,3139.0,245,4,3139.2,41,2,3139.4,5,1,3139.6,208,4
2031,2026-06-16 15:14:16+05:30,3138.7,7,3135.11,3296188,129963.0,181021.0,3163.0,3163.0,3108.0,3134.3,31928200,3447.7,2820.9,3839.9,2896.0,3138.8,5,1,3138.7,18,2,3138.6,485,13,3138.5,59,1,3138.4,230,7,3138.9,9,1,3139.0,245,4,3139.2,41,2,3139.4,5,1,3139.6,208,4
2031,2026-06-16 15:14:17+05:30,3138.9,34,3135.11,3296339,129623.0,180915.0,3163.0,3163.0,3108.0,3134.3,31928200,3447.7,2820.9,3839.9,2896.0,3138.8,465,9,3138.7,1,1,3138.6,468,11,3138.5,26,1,3138.4,179,5,3138.9,50,2,3139.0,245,4,3139.2,41,2,3139.4,113,2,3139.6,133,2
2031,2026-06-16 15:14:17+05:30,3138.9,34,3135.11,3296339,129623.0,180915.0,3163.0,3163.0,3108.0,3134.3,31928200,3447.7,2820.9,3839.9,2896.0,3138.8,465,9,3138.7,1,1,3138.6,468,11,3138.5,26,1,3138.4,179,5,3138.9,50,2,3139.0,245,4,3139.2,41,2,3139.4,113,2,3139.6,133,2
2031,2026-06-16 15:14:18+05:30,3138.9,17,3135.11,3296561,129819.0,180917.0,3163.0,3163.0,3108.0,3134.3,31928200,3447.7,2820.9,3839.9,2896.0,3138.9,16,1,3138.8,577,15,3138.7,45,3,3138.6,340,4,3138.5,12,1,3139.0,245,4,3139.2,41,2,3139.4,5,1,3139.6,5,1,3139.8,320,3
2031,2026-06-16 15:14:18+05:30,3138.9,17,3135.11,3296561,129819.0,180917.0,3163.0,3163.0,3108.0,3134.3,31928200,3447.7,2820.9,3839.9,2896.0,3138.9,16,1,3138.8,577,15,3138.7,45,3,3138.6,340,4,3138.5,12,1,3139.0,245,4,3139.2,41,2,3139.4,5,1,3139.6,5,1,3139.8,320,3
2031,2026-06-16 15:14:19+05:30,3138.9,17,3135.11,3296631,129920.0,180938.0,3163.0,3163.0,3108.0,3134.3,31928200,3447.7,2820.9,3839.9,2896.0,3138.9,35,1,3138.8,652,17,3138.7,16,1,3138.6,400,6,3138.5,12,1,3139.0,262,5,3139.2,41,2,3139.4,5,1,3139.6,5,1,3139.8,320,3
2031,2026-06-16 15:14:19+05:30,3138.9,17,3135.11,3296631,129920.0,180938.0,3163.0,3163.0,3108.0,3134.3,31928200,3447.7,2820.9,3839.9,2896.0,3138.9,35,1,3138.8,652,17,3138.7,16,1,3138.6,400,6,3138.5,12,1,3139.0,262,5,3139.2,41,2,3139.4,5,1,3139.6,5,1,3139.8,320,3
2031,2026-06-16 15:14:20+05:30,3139.2,2,3135.11,3296631,129920.0,180938.0,3163.0,3163.0,3108.0,3134.3,31928200,3447.7,2820.9,3839.9,2896.0,3138.9,35,1,3138.8,652,17,3138.7,16,1,3138.6,400,6,3138.5,12,1,3139.0,262,5,3139.2,41,2,3139.4,5,1,3139.6,5,1,3139.8,320,3
2031,2026-06-16 15:14:20+05:30,3139.1,1,3135.11,3297208,130203.0,180418.0,3163.0,3163.0,3108.0,3134.3,31928200,3447.7,2820.9,3839.9,2896.0,3138.9,200,9,3138.8,566,12,3138.7,16,1,3138.6,821,8,3138.5,79,5,3139.1,19,1,3139.2,2,1,3139.4,5,1,3139.6,5,1,3139.9,728,5
2031,2026-06-16 15:14:21+05:30,3139.1,5,3135.11,3297208,130203.0,180418.0,3163.0,3163.0,3108.0,3134.3,31928200,3447.7,2820.9,3839.9,2896.0,3138.9,200,9,3138.8,566,12,3138.7,16,1,3138.6,821,8,3138.5,79,5,3139.1,19,1,3139.2,2,1,3139.4,5,1,3139.6,5,1,3139.9,728,5
2031,2026-06-16 15:14:21+05:30,3139.1,5,3135.11,3297418,130096.0,180262.0,3163.0,3163.0,3108.0,3134.3,31928200,3447.7,2820.9,3839.9,2896.0,3138.9,39,4,3138.8,651,14,3138.7,16,1,3138.6,821,8,3138.5,135,5,3139.1,34,2,3139.2,5,2,3139.4,5,1,3139.6,5,1,3139.8,16,1
2031,2026-06-16 15:14:22+05:30,3139.1,20,3135.11,3297418,130096.0,180262.0,3163.0,3163.0,3108.0,3134.3,31928200,3447.7,2820.9,3839.9,2896.0,3138.9,39,4,3138.8,651,14,3138.7,16,1,3138.6,821,8,3138.5,135,5,3139.1,34,2,3139.2,5,2,3139.4,5,1,3139.6,5,1,3139.8,16,1
2031,2026-06-16 15:14:22+05:30,3139.1,1,3135.11,3297476,130107.0,180713.0,3163.0,3163.0,3108.0,3134.3,31928200,3447.7,2820.9,3839.9,2896.0,3138.9,201,11,3138.8,395,4,3138.6,846,9,3138.5,101,3,3138.4,226,7,3139.1,74,2,3139.2,6,3,3139.4,5,1,3139.6,5,1,3139.8,16,1
2031,2026-06-16 15:14:23+05:30,3139.1,1,3135.11,3297476,130107.0,180713.0,3163.0,3163.0,3108.0,3134.3,31928200,3447.7,2820.9,3839.9,2896.0,3138.9,201,11,3138.8,395,4,3138.6,846,9,3138.5,101,3,3138.4,226,7,3139.1,74,2,3139.2,6,3,3139.4,5,1,3139.6,5,1,3139.8,16,1
2031,2026-06-16 15:14:23+05:30,3139.1,17,3135.11,3297593,130729.0,180484.0,3163.0,3163.0,3108.0,3134.3,31928200,3447.7,2820.9,3839.9,2896.0,3139.1,15,1,3139.0,660,5,3138.9,673,12,3138.8,755,9,3138.7,62,2,3139.2,2,1,3139.4,5,1,3139.6,5,1,3139.8,16,1,3139.9,728,5
2031,2026-06-16 15:14:24+05:30,3139.2,8,3135.11,3297593,130729.0,180484.0,3163.0,3163.0,3108.0,3134.3,31928200,3447.7,2820.9,3839.9,2896.0,3139.1,15,1,3139.0,660,5,3138.9,673,12,3138.8,755,9,3138.7,62,2,3139.2,2,1,3139.4,5,1,3139.6,5,1,3139.8,16,1,3139.9,728,5
2031,2026-06-16 15:14:24+05:30,3139.2,8,3135.11,3297662,130805.0,180602.0,3163.0,3163.0,3108.0,3134.3,31928200,3447.7,2820.9,3839.9,2896.0,3139.1,42,1,3139.0,693,6,3138.9,690,13,3138.8,745,8,3138.7,13,1,3139.2,2,1,3139.4,5,1,3139.6,5,1,3139.8,16,1,3139.9,728,5
2031,2026-06-16 15:14:25+05:30,3139.6,36,3135.11,3297662,130805.0,180602.0,3163.0,3163.0,3108.0,3134.3,31928200,3447.7,2820.9,3839.9,2896.0,3139.1,42,1,3139.0,693,6,3138.9,690,13,3138.8,745,8,3138.7,13,1,3139.2,2,1,3139.4,5,1,3139.6,5,1,3139.8,16,1,3139.9,728,5
2031,2026-06-16 15:14:25+05:30,3139.1,19,3135.11,3297952,130890.0,180558.0,3163.0,3163.0,3108.0,3134.3,31928200,3447.7,2820.9,3839.9,2896.0,3139.2,1,1,3139.1,201,9,3139.0,633,5,3138.9,562,7,3138.8,699,5,3139.8,15,1,3139.9,728,5,3140.0,99,5,3140.1,2,1,3140.2,89,2
2031,2026-06-16 15:14:26+05:30,3139.3,2,3135.11,3297952,130890.0,180558.0,3163.0,3163.0,3108.0,3134.3,31928200,3447.7,2820.9,3839.9,2896.0,3139.2,1,1,3139.1,201,9,3139.0,633,5,3138.9,562,7,3138.8,699,5,3139.8,15,1,3139.9,728,5,3140.0,99,5,3140.1,2,1,3140.2,89,2
2031,2026-06-16 15:14:26+05:30,3139.7,45,3135.11,3298077,132109.0,180497.0,3163.0,3163.0,3108.0,3134.3,31928200,3447.7,2820.9,3839.9,2896.0,3139.2,95,3,3139.1,259,9,3139.0,675,6,3138.9,1355,9,3138.8,720,5,3139.7,121,1,3139.8,46,3,3139.9,728,5,3140.0,99,5,3140.1,2,1
2031,2026-06-16 15:14:27+05:30,3139.1,5,3135.11,3298077,132109.0,180497.0,3163.0,3163.0,3108.0,3134.3,31928200,3447.7,2820.9,3839.9,2896.0,3139.2,95,3,3139.1,259,9,3139.0,675,6,3138.9,1355,9,3138.8,720,5,3139.7,121,1,3139.8,46,3,3139.9,728,5,3140.0,99,5,3140.1,2,1
2031,2026-06-16 15:14:27+05:30,3139.6,1,3135.11,3298284,131950.0,180482.0,3163.0,3163.0,3108.0,3134.3,31928200,3447.7,2820.9,3839.9,2896.0,3139.4,44,1,3139.3,1,1,3139.1,235,9,3139.0,599,3,3138.9,1325,6,3139.6,1,1,3139.7,162,4,3139.8,25,2,3139.9,728,5,3140.0,125,6
2031,2026-06-16 15:14:28+05:30,3139.6,14,3135.11,3298284,131950.0,180482.0,3163.0,3163.0,3108.0,3134.3,31928200,3447.7,2820.9,3839.9,2896.0,3139.4,44,1,3139.3,1,1,3139.1,235,9,3139.0,599,3,3138.9,1325,6,3139.6,1,1,3139.7,162,4,3139.8,25,2,3139.9,728,5,3140.0,125,6
2031,2026-06-16 15:14:28+05:30,3139.7,121,3135.11,3298779,132095.0,180440.0,3163.0,3163.0,3108.0,3134.3,31928200,3447.7,2820.9,3839.9,2896.0,3139.5,318,1,3139.4,162,6,3139.1,490,6,3139.0,599,3,3138.9,1348,9,3139.6,1,1,3139.7,44,1,3139.8,15,1,3139.9,728,5,3140.0,99,5
2031,2026-06-16 15:14:29+05:30,3139.5,24,3135.11,3298779,132095.0,180440.0,3163.0,3163.0,3108.0,3134.3,31928200,3447.7,2820.9,3839.9,2896.0,3139.5,318,1,3139.4,162,6,3139.1,490,6,3139.0,599,3,3138.9,1348,9,3139.6,1,1,3139.7,44,1,3139.8,15,1,3139.9,728,5,3140.0,99,5
2031,2026-06-16 15:14:29+05:30,3139.5,24,3135.11,3298844,132714.0,180267.0,3163.0,3163.0,3108.0,3134.3,31928200,3447.7,2820.9,3839.9,2896.0,3139.5,316,4,3139.4,162,6,3139.2,43,1,3139.1,490,6,3139.0,599,3,3139.6,45,4,3139.7,49,2,3139.8,15,1,3139.9,216,3,3140.0,99,5
2031,2026-06-16 15:14:30+05:30,3139.6,1,3135.11,3298844,132714.0,180267.0,3163.0,3163.0,3108.0,3134.3,31928200,3447.7,2820.9,3839.9,2896.0,3139.5,316,4,3139.4,162,6,3139.2,43,1,3139.1,490,6,3139.0,599,3,3139.6,45,4,3139.7,49,2,3139.8,15,1,3139.9,216,3,3140.0,99,5
2031,2026-06-16 15:14:30+05:30,3139.6,5,3135.11,3298929,132788.0,180266.0,3163.0,3163.0,3108.0,3134.3,31928200,3447.7,2820.9,3839.9,2896.0,3139.5,378,8,3139.4,140,5,3139.2,95,4,3139.1,491,7,3139.0,794,7,3139.6,10,3,3139.7,51,3,3139.8,15,1,3139.9,216,3,3140.0,99,5
2031,2026-06-16 15:14:31+05:30,3139.6,1,3135.11,3298929,132788.0,180266.0,3163.0,3163.0,3108.0,3134.3,31928200,3447.7,2820.9,3839.9,2896.0,3139.5,378,8,3139.4,140,5,3139.2,95,4,3139.1,491,7,3139.0,794,7,3139.6,10,3,3139.7,51,3,3139.8,15,1,3139.9,216,3,3140.0,99,5
2031,2026-06-16 15:14:31+05:30,3139.5,20,3135.11,3298961,132981.0,180267.0,3163.0,3163.0,3108.0,3134.3,31928200,3447.7,2820.9,3839.9,2896.0,3139.5,580,16,3139.4,26,1,3139.2,94,4,3139.1,479,7,3139.0,807,8,3139.6,27,4,3139.7,51,3,3139.8,15,1,3139.9,216,3,3140.0,99,5
2031,2026-06-16 15:14:32+05:30,3139.6,39,3135.11,3298961,132981.0,180267.0,3163.0,3163.0,3108.0,3134.3,31928200,3447.7,2820.9,3839.9,2896.0,3139.5,580,16,3139.4,26,1,3139.2,94,4,3139.1,479,7,3139.0,807,8,3139.6,27,4,3139.7,51,3,3139.8,15,1,3139.9,216,3,3140.0,99,5
2031,2026-06-16 15:14:33+05:30,3139.7,1,3135.11,3299181,132710.0,180761.0,3163.0,3163.0,3108.0,3134.3,31928200,3447.7,2820.9,3839.9,2896.0,3139.6,15,1,3139.5,606,16,3139.4,31,3,3139.3,1,1,3139.2,44,2,3139.7,145,4,3139.8,15,1,3139.9,466,4,3140.0,128,7,3140.1,30,2
2031,2026-06-16 15:14:33+05:30,3139.7,38,3135.11,3299181,132710.0,180761.0,3163.0,3163.0,3108.0,3134.3,31928200,3447.7,2820.9,3839.9,2896.0,3139.6,15,1,3139.5,606,16,3139.4,31,3,3139.3,1,1,3139.2,44,2,3139.7,145,4,3139.8,15,1,3139.9,466,4,3140.0,128,7,3140.1,30,2
2031,2026-06-16 15:14:34+05:30,3139.7,7,3135.12,3299294,132363.0,180623.0,3163.0,3163.0,3108.0,3134.3,31928200,3447.7,2820.9,3839.9,2896.0,3139.6,369,1,3139.5,633,18,3139.4,31,3,3139.3,1,1,3139.2,44,2,3139.7,107,6,3139.8,15,1,3139.9,466,4,3140.0,103,6,3140.1,27,2
2031,2026-06-16 15:14:34+05:30,3139.7,27,3135.12,3299294,132363.0,180623.0,3163.0,3163.0,3108.0,3134.3,31928200,3447.7,2820.9,3839.9,2896.0,3139.6,369,1,3139.5,633,18,3139.4,31,3,3139.3,1,1,3139.2,44,2,3139.7,107,6,3139.8,15,1,3139.9,466,4,3140.0,103,6,3140.1,27,2
2031,2026-06-16 15:14:35+05:30,3139.7,2,3135.12,3299348,132352.0,180605.0,3163.0,3163.0,3108.0,3134.3,31928200,3447.7,2820.9,3839.9,2896.0,3139.6,534,8,3139.5,463,10,3139.4,241,5,3139.3,15,1,3139.2,44,2,3139.7,105,8,3139.8,15,1,3139.9,466,4,3140.0,103,6,3140.1,2,1
2031,2026-06-16 15:14:35+05:30,3139.7,39,3135.12,3299348,132352.0,180605.0,3163.0,3163.0,3108.0,3134.3,31928200,3447.7,2820.9,3839.9,2896.0,3139.6,534,8,3139.5,463,10,3139.4,241,5,3139.3,15,1,3139.2,44,2,3139.7,105,8,3139.8,15,1,3139.9,466,4,3140.0,103,6,3140.1,2,1
2031,2026-06-16 15:14:36+05:30,3139.6,1,3135.12,3300094,131904.0,180744.0,3163.0,3163.0,3108.0,3134.3,31928200,3447.7,2820.9,3839.9,2896.0,3139.6,317,10,3139.5,408,8,3139.4,252,5,3139.3,15,1,3139.2,50,3,3139.7,141,7,3139.8,15,1,3139.9,496,6,3140.0,158,8,3140.1,14,2
2031,2026-06-16 15:14:36+05:30,3139.7,1,3135.12,3300094,131904.0,180744.0,3163.0,3163.0,3108.0,3134.3,31928200,3447.7,2820.9,3839.9,2896.0,3139.6,317,10,3139.5,408,8,3139.4,252,5,3139.3,15,1,3139.2,50,3,3139.7,141,7,3139.8,15,1,3139.9,496,6,3140.0,158,8,3140.1,14,2
2031,2026-06-16 15:14:37+05:30,3139.7,30,3135.12,3300145,132153.0,180700.0,3163.0,3163.0,3108.0,3134.3,31928200,3447.7,2820.9,3839.9,2896.0,3139.6,319,11,3139.5,415,10,3139.4,520,8,3139.3,15,1,3139.2,44,2,3139.7,88,8,3139.8,127,2,3139.9,489,5,3140.0,103,6,3140.1,2,1
2031,2026-06-16 15:14:37+05:30,3139.7,2,3135.12,3300145,132153.0,180700.0,3163.0,3163.0,3108.0,3134.3,31928200,3447.7,2820.9,3839.9,2896.0,3139.6,319,11,3139.5,415,10,3139.4,520,8,3139.3,15,1,3139.2,44,2,3139.7,88,8,3139.8,127,2,3139.9,489,5,3140.0,103,6,3140.1,2,1
2031,2026-06-16 15:14:38+05:30,3139.7,1,3135.12,3300297,132703.0,180777.0,3163.0,3163.0,3108.0,3134.3,31928200,3447.7,2820.9,3839.9,2896.0,3139.6,629,18,3139.5,413,8,3139.4,707,10,3139.3,15,1,3139.2,70,3,3139.7,23,4,3139.8,127,2,3139.9,489,5,3140.0,103,6,3140.1,2,1
2031,2026-06-16 15:14:38+05:30,3139.7,1,3135.12,3300297,132703.0,180777.0,3163.0,3163.0,3108.0,3134.3,31928200,3447.7,2820.9,3839.9,2896.0,3139.6,629,18,3139.5,413,8,3139.4,707,10,3139.3,15,1,3139.2,70,3,3139.7,23,4,3139.8,127,2,3139.9,489,5,3140.0,103,6,3140.1,2,1
2031,2026-06-16 15:14:39+05:30,3139.7,2,3135.12,3300666,132650.0,180691.0,3163.0,3163.0,3108.0,3134.3,31928200,3447.7,2820.9,3839.9,2896.0,3139.6,635,19,3139.5,395,7,3139.4,665,8,3139.3,15,1,3139.2,44,2,3139.7,5,2,3139.8,31,2,3139.9,489,5,3140.0,103,6,3140.1,2,1
2031,2026-06-16 15:14:39+05:30,3139.6,25,3135.12,3300666,132650.0,180691.0,3163.0,3163.0,3108.0,3134.3,31928200,3447.7,2820.9,3839.9,2896.0,3139.6,635,19,3139.5,395,7,3139.4,665,8,3139.3,15,1,3139.2,44,2,3139.7,5,2,3139.8,31,2,3139.9,489,5,3140.0,103,6,3140.1,2,1
2031,2026-06-16 15:14:40+05:30,3139.7,1,3135.12,3300801,132952.0,180530.0,3163.0,3163.0,3108.0,3134.3,31928200,3447.7,2820.9,3839.9,2896.0,3139.7,45,2,3139.6,673,20,3139.5,394,6,3139.4,665,8,3139.3,15,1,3139.8,7,1,3139.9,489,5,3140.0,103,6,3140.1,2,1,3140.2,3,1
2031,2026-06-16 15:14:40+05:30,3139.7,9,3135.12,3300801,132952.0,180530.0,3163.0,3163.0,3108.0,3134.3,31928200,3447.7,2820.9,3839.9,2896.0,3139.7,45,2,3139.6,673,20,3139.5,394,6,3139.4,665,8,3139.3,15,1,3139.8,7,1,3139.9,489,5,3140.0,103,6,3140.1,2,1,3140.2,3,1
2031,2026-06-16 15:14:41+05:30,3139.8,11,3135.12,3300854,132999.0,180585.0,3163.0,3163.0,3108.0,3134.3,31928200,3447.7,2820.9,3839.9,2896.0,3139.7,58,3,3139.6,649,18,3139.5,394,6,3139.4,683,9,3139.3,15,1,3139.8,25,2,3139.9,509,5,3140.0,110,7,3140.1,2,1,3140.2,57,3
2031,2026-06-16 15:14:41+05:30,3139.8,11,3135.12,3300854,132999.0,180585.0,3163.0,3163.0,3108.0,3134.3,31928200,3447.7,2820.9,3839.9,2896.0,3139.7,58,3,3139.6,649,18,3139.5,394,6,3139.4,683,9,3139.3,15,1,3139.8,25,2,3139.9,509,5,3140.0,110,7,3140.1,2,1,3140.2,57,3
2031,2026-06-16 15:14:42+05:30,3139.7,13,3135.12,3300867,133133.0,180609.0,3163.0,3163.0,3108.0,3134.3,31928200,3447.7,2820.9,3839.9,2896.0,3139.7,589,16,3139.6,436,11,3139.5,379,5,3139.4,551,7,3139.3,15,1,3139.8,92,5,3139.9,483,4,3140.0,109,7,3140.1,2,1,3140.2,29,2
2031,2026-06-16 15:14:42+05:30,3139.7,13,3135.12,3300867,133133.0,180609.0,3163.0,3163.0,3108.0,3134.3,31928200,3447.7,2820.9,3839.9,2896.0,3139.7,589,16,3139.6,436,11,3139.5,379,5,3139.4,551,7,3139.3,15,1,3139.8,92,5,3139.9,483,4,3140.0,109,7,3140.1,2,1,3140.2,29,2
2031,2026-06-16 15:14:43+05:30,3139.8,1,3135.12,3300867,133133.0,180609.0,3163.0,3163.0,3108.0,3134.3,31928200,3447.7,2820.9,3839.9,2896.0,3139.7,589,16,3139.6,436,11,3139.5,379,5,3139.4,551,7,3139.3,15,1,3139.8,92,5,3139.9,483,4,3140.0,109,7,3140.1,2,1,3140.2,29,2
2031,2026-06-16 15:14:43+05:30,3139.8,3,3135.12,3302237,131689.0,181053.0,3163.0,3163.0,3108.0,3134.3,31928200,3447.7,2820.9,3839.9,2896.0,3139.7,268,11,3139.6,422,9,3139.5,373,4,3139.4,527,5,3139.3,15,1,3139.8,229,9,3139.9,577,5,3140.0,192,11,3140.1,4,2,3140.2,63,4
2031,2026-06-16 15:14:44+05:30,3139.8,1,3135.12,3302237,131689.0,181053.0,3163.0,3163.0,3108.0,3134.3,31928200,3447.7,2820.9,3839.9,2896.0,3139.7,268,11,3139.6,422,9,3139.5,373,4,3139.4,527,5,3139.3,15,1,3139.8,229,9,3139.9,577,5,3140.0,192,11,3140.1,4,2,3140.2,63,4
2031,2026-06-16 15:14:44+05:30,3139.8,1,3135.12,3302327,132407.0,181389.0,3163.0,3163.0,3108.0,3134.3,31928200,3447.7,2820.9,3839.9,2896.0,3139.7,469,14,3139.6,423,9,3139.5,373,4,3139.4,546,6,3139.3,15,1,3139.8,487,14,3139.9,577,5,3140.0,192,11,3140.1,4,2,3140.2,63,4
2031,2026-06-16 15:14:45+05:30,3139.8,1,3135.12,3302327,132407.0,181389.0,3163.0,3163.0,3108.0,3134.3,31928200,3447.7,2820.9,3839.9,2896.0,3139.7,469,14,3139.6,423,9,3139.5,373,4,3139.4,546,6,3139.3,15,1,3139.8,487,14,3139.9,577,5,3140.0,192,11,3140.1,4,2,3140.2,63,4
2031,2026-06-16 15:14:45+05:30,3139.8,106,3135.12,3302327,132407.0,181389.0,3163.0,3163.0,3108.0,3134.3,31928200,3447.7,2820.9,3839.9,2896.0,3139.7,469,14,3139.6,423,9,3139.5,373,4,3139.4,546,6,3139.3,15,1,3139.8,487,14,3139.9,577,5,3140.0,192,11,3140.1,4,2,3140.2,63,4
2031,2026-06-16 15:14:45+05:30,3139.7,4,3135.12,3304339,131060.0,180989.0,3163.0,3163.0,3108.0,3134.3,31928200,3447.7,2820.9,3839.9,2896.0,3139.6,403,7,3139.5,373,4,3139.4,546,6,3139.3,15,1,3139.2,44,2,3139.8,196,9,3139.9,577,5,3140.0,194,11,3140.1,12,2,3140.2,65,4
2031,2026-06-16 15:14:46+05:30,3139.8,10,3135.12,3304339,131060.0,180989.0,3163.0,3163.0,3108.0,3134.3,31928200,3447.7,2820.9,3839.9,2896.0,3139.6,403,7,3139.5,373,4,3139.4,546,6,3139.3,15,1,3139.2,44,2,3139.8,196,9,3139.9,577,5,3140.0,194,11,3140.1,12,2,3140.2,65,4
2031,2026-06-16 15:14:46+05:30,3139.6,7,3135.12,3304417,131698.0,181170.0,3163.0,3163.0,3108.0,3134.3,31928200,3447.7,2820.9,3839.9,2896.0,3139.6,419,7,3139.5,373,4,3139.4,546,6,3139.3,15,1,3139.2,44,2,3139.8,278,11,3139.9,577,5,3140.0,194,11,3140.1,2,1,3140.2,65,4
2031,2026-06-16 15:14:46+05:30,3139.6,7,3135.12,3304417,131698.0,181170.0,3163.0,3163.0,3108.0,3134.3,31928200,3447.7,2820.9,3839.9,2896.0,3139.6,419,7,3139.5,373,4,3139.4,546,6,3139.3,15,1,3139.2,44,2,3139.8,278,11,3139.9,577,5,3140.0,194,11,3140.1,2,1,3140.2,65,4
2031,2026-06-16 15:14:47+05:30,3139.8,2,3135.12,3304417,131698.0,181170.0,3163.0,3163.0,3108.0,3134.3,31928200,3447.7,2820.9,3839.9,2896.0,3139.6,419,7,3139.5,373,4,3139.4,546,6,3139.3,15,1,3139.2,44,2,3139.8,278,11,3139.9,577,5,3140.0,194,11,3140.1,2,1,3140.2,65,4
2031,2026-06-16 15:14:48+05:30,3139.8,12,3135.12,3304452,131806.0,181094.0,3163.0,3163.0,3108.0,3134.3,31928200,3447.7,2820.9,3839.9,2896.0,3139.6,441,8,3139.5,373,4,3139.4,546,6,3139.3,15,1,3139.2,44,2,3139.8,275,11,3139.9,577,5,3140.0,194,11,3140.1,2,1,3140.2,65,4
2031,2026-06-16 15:14:48+05:30,3139.4,4,3135.12,3304452,131806.0,181094.0,3163.0,3163.0,3108.0,3134.3,31928200,3447.7,2820.9,3839.9,2896.0,3139.6,441,8,3139.5,373,4,3139.4,546,6,3139.3,15,1,3139.2,44,2,3139.8,275,11,3139.9,577,5,3140.0,194,11,3140.1,2,1,3140.2,65,4
2031,2026-06-16 15:14:49+05:30,3139.8,8,3135.12,3305848,129551.0,181167.0,3163.0,3163.0,3108.0,3134.3,31928200,3447.7,2820.9,3839.9,2896.0,3139.4,333,5,3139.2,44,2,3139.0,1,1,3138.9,1200,4,3138.8,312,2,3139.6,3,1,3139.8,336,12,3139.9,581,6,3140.0,194,11,3140.1,52,2
2031,2026-06-16 15:14:49+05:30,3139.8,8,3135.12,3305848,129551.0,181167.0,3163.0,3163.0,3108.0,3134.3,31928200,3447.7,2820.9,3839.9,2896.0,3139.4,333,5,3139.2,44,2,3139.0,1,1,3138.9,1200,4,3138.8,312,2,3139.6,3,1,3139.8,336,12,3139.9,581,6,3140.0,194,11,3140.1,52,2
2031,2026-06-16 15:14:49+05:30,3139.5,1,3135.12,3305848,129551.0,181167.0,3163.0,3163.0,3108.0,3134.3,31928200,3447.7,2820.9,3839.9,2896.0,3139.4,333,5,3139.2,44,2,3139.0,1,1,3138.9,1200,4,3138.8,312,2,3139.6,3,1,3139.8,336,12,3139.9,581,6,3140.0,194,11,3140.1,52,2
2031,2026-06-16 15:14:50+05:30,3139.5,108,3135.12,3306077,129812.0,181198.0,3163.0,3163.0,3108.0,3134.3,31928200,3447.7,2820.9,3839.9,2896.0,3139.4,243,6,3139.2,44,2,3139.1,406,3,3139.0,1,1,3138.9,1238,5,3139.5,11,1,3139.6,122,5,3139.8,267,11,3139.9,504,6,3140.0,282,13
2031,2026-06-16 15:14:50+05:30,3139.5,108,3135.12,3306077,129812.0,181198.0,3163.0,3163.0,3108.0,3134.3,31928200,3447.7,2820.9,3839.9,2896.0,3139.4,243,6,3139.2,44,2,3139.1,406,3,3139.0,1,1,3138.9,1238,5,3139.5,11,1,3139.6,122,5,3139.8,267,11,3139.9,504,6,3140.0,282,13
2031,2026-06-16 15:14:51+05:30,3139.4,6,3135.12,3306277,130810.0,181047.0,3163.0,3163.0,3108.0,3134.3,31928200,3447.7,2820.9,3839.9,2896.0,3139.4,59,6,3139.2,44,2,3139.1,405,3,3139.0,22,4,3138.9,1249,6,3139.5,70,6,3139.6,211,6,3139.8,110,3,3139.9,500,5,3140.0,166,10
2031,2026-06-16 15:14:51+05:30,3139.4,6,3135.12,3306277,130810.0,181047.0,3163.0,3163.0,3108.0,3134.3,31928200,3447.7,2820.9,3839.9,2896.0,3139.4,59,6,3139.2,44,2,3139.1,405,3,3139.0,22,4,3138.9,1249,6,3139.5,70,6,3139.6,211,6,3139.8,110,3,3139.9,500,5,3140.0,166,10
2031,2026-06-16 15:14:51+05:30,3139.4,1,3135.12,3306277,130810.0,181047.0,3163.0,3163.0,3108.0,3134.3,31928200,3447.7,2820.9,3839.9,2896.0,3139.4,59,6,3139.2,44,2,3139.1,405,3,3139.0,22,4,3138.9,1249,6,3139.5,70,6,3139.6,211,6,3139.8,110,3,3139.9,500,5,3140.0,166,10
2031,2026-06-16 15:14:52+05:30,3139.1,34,3135.13,3306853,129655.0,181008.0,3163.0,3163.0,3108.0,3134.3,31928200,3447.7,2820.9,3839.9,2896.0,3139.1,392,4,3139.0,21,3,3138.9,1249,6,3138.8,296,2,3138.7,18,3,3139.5,204,9,3139.6,216,7,3139.8,142,5,3139.9,500,5,3140.0,322,12
2031,2026-06-16 15:14:52+05:30,3139.1,34,3135.13,3306853,129655.0,181008.0,3163.0,3163.0,3108.0,3134.3,31928200,3447.7,2820.9,3839.9,2896.0,3139.1,392,4,3139.0,21,3,3138.9,1249,6,3138.8,296,2,3138.7,18,3,3139.5,204,9,3139.6,216,7,3139.8,142,5,3139.9,500,5,3140.0,322,12
2031,2026-06-16 15:14:53+05:30,3139.1,2,3135.13,3306855,129895.0,181259.0,3163.0,3163.0,3108.0,3134.3,31928200,3447.7,2820.9,3839.9,2896.0,3139.4,3,1,3139.2,3,1,3139.1,391,5,3139.0,21,3,3138.9,1249,6,3139.5,276,13,3139.6,188,6,3139.7,3,1,3139.8,142,5,3139.9,500,5
2031,2026-06-16 15:14:53+05:30,3139.4,1,3135.13,3306855,129895.0,181259.0,3163.0,3163.0,3108.0,3134.3,31928200,3447.7,2820.9,3839.9,2896.0,3139.4,3,1,3139.2,3,1,3139.1,391,5,3139.0,21,3,3138.9,1249,6,3139.5,276,13,3139.6,188,6,3139.7,3,1,3139.8,142,5,3139.9,500,5
2031,2026-06-16 15:14:53+05:30,3139.4,1,3135.13,3306855,129895.0,181259.0,3163.0,3163.0,3108.0,3134.3,31928200,3447.7,2820.9,3839.9,2896.0,3139.4,3,1,3139.2,3,1,3139.1,391,5,3139.0,21,3,3138.9,1249,6,3139.5,276,13,3139.6,188,6,3139.7,3,1,3139.8,142,5,3139.9,500,5
2031,2026-06-16 15:14:54+05:30,3139.4,3,3135.13,3306959,130582.0,181055.0,3163.0,3163.0,3108.0,3134.3,31928200,3447.7,2820.9,3839.9,2896.0,3139.2,3,1,3139.1,401,5,3139.0,21,3,3138.9,1237,6,3138.8,297,2,3139.5,417,18,3139.6,105,2,3139.7,61,2,3139.8,142,5,3139.9,500,5
2031,2026-06-16 15:14:54+05:30,3139.1,19,3135.13,3306959,130582.0,181055.0,3163.0,3163.0,3108.0,3134.3,31928200,3447.7,2820.9,3839.9,2896.0,3139.2,3,1,3139.1,401,5,3139.0,21,3,3138.9,1237,6,3138.8,297,2,3139.5,417,18,3139.6,105,2,3139.7,61,2,3139.8,142,5,3139.9,500,5
2031,2026-06-16 15:14:55+05:30,3139.1,21,3135.13,3307388,129165.0,181421.0,3163.0,3163.0,3108.0,3134.3,31928200,3447.7,2820.9,3839.9,2896.0,3139.1,113,4,3139.0,21,3,3138.9,1253,7,3138.8,308,3,3138.7,17,2,3139.4,220,9,3139.5,360,12,3139.6,161,4,3139.7,3,1,3139.8,265,7
2031,2026-06-16 15:14:55+05:30,3139.1,21,3135.13,3307388,129165.0,181421.0,3163.0,3163.0,3108.0,3134.3,31928200,3447.7,2820.9,3839.9,2896.0,3139.1,113,4,3139.0,21,3,3138.9,1253,7,3138.8,308,3,3138.7,17,2,3139.4,220,9,3139.5,360,12,3139.6,161,4,3139.7,3,1,3139.8,265,7
2031,2026-06-16 15:14:55+05:30,3139.1,4,3135.13,3307388,129165.0,181421.0,3163.0,3163.0,3108.0,3134.3,31928200,3447.7,2820.9,3839.9,2896.0,3139.1,113,4,3139.0,21,3,3138.9,1253,7,3138.8,308,3,3138.7,17,2,3139.4,220,9,3139.5,360,12,3139.6,161,4,3139.7,3,1,3139.8,265,7
2031,2026-06-16 15:14:56+05:30,3138.8,18,3135.13,3309239,126796.0,181891.0,3163.0,3163.0,3108.0,3134.3,31928200,3447.7,2820.9,3839.9,2896.0,3138.8,280,3,3138.7,16,1,3138.6,141,1,3138.1,57,3,3138.0,218,3,3139.0,178,1,3139.1,456,6,3139.2,9,2,3139.3,12,1,3139.4,271,11
2031,2026-06-16 15:14:56+05:30,3138.8,143,3135.13,3309239,126796.0,181891.0,3163.0,3163.0,3108.0,3134.3,31928200,3447.7,2820.9,3839.9,2896.0,3138.8,280,3,3138.7,16,1,3138.6,141,1,3138.1,57,3,3138.0,218,3,3139.0,178,1,3139.1,456,6,3139.2,9,2,3139.3,12,1,3139.4,271,11
2031,2026-06-16 15:14:57+05:30,3138.8,143,3135.13,3309239,126796.0,181891.0,3163.0,3163.0,3108.0,3134.3,31928200,3447.7,2820.9,3839.9,2896.0,3138.8,280,3,3138.7,16,1,3138.6,141,1,3138.1,57,3,3138.0,218,3,3139.0,178,1,3139.1,456,6,3139.2,9,2,3139.3,12,1,3139.4,271,11
2031,2026-06-16 15:14:57+05:30,3138.7,80,3135.13,3310243,125495.0,181733.0,3163.0,3163.0,3108.0,3134.3,31928200,3447.7,2820.9,3839.9,2896.0,3138.0,59,2,3137.8,1,1,3137.6,31,2,3137.5,18,1,3137.3,79,1,3138.7,27,1,3138.8,51,4,3139.0,303,13,3139.1,218,2,3139.2,58,3
2031,2026-06-16 15:14:57+05:30,3138.7,80,3135.13,3310243,125495.0,181733.0,3163.0,3163.0,3108.0,3134.3,31928200,3447.7,2820.9,3839.9,2896.0,3138.0,59,2,3137.8,1,1,3137.6,31,2,3137.5,18,1,3137.3,79,1,3138.7,27,1,3138.8,51,4,3139.0,303,13,3139.1,218,2,3139.2,58,3
2031,2026-06-16 15:14:58+05:30,3138.7,80,3135.13,3310243,125495.0,181733.0,3163.0,3163.0,3108.0,3134.3,31928200,3447.7,2820.9,3839.9,2896.0,3138.0,59,2,3137.8,1,1,3137.6,31,2,3137.5,18,1,3137.3,79,1,3138.7,27,1,3138.8,51,4,3139.0,303,13,3139.1,218,2,3139.2,58,3
2031,2026-06-16 15:14:58+05:30,3138.0,3,3135.13,3310243,125495.0,181733.0,3163.0,3163.0,3108.0,3134.3,31928200,3447.7,2820.9,3839.9,2896.0,3138.0,59,2,3137.8,1,1,3137.6,31,2,3137.5,18,1,3137.3,79,1,3138.7,27,1,3138.8,51,4,3139.0,303,13,3139.1,218,2,3139.2,58,3
2031,2026-06-16 15:14:58+05:30,3138.0,3,3135.13,3310246,126573.0,182125.0,3163.0,3163.0,3108.0,3134.3,31928200,3447.7,2820.9,3839.9,2896.0,3138.1,2,1,3138.0,72,3,3137.8,15,2,3137.7,23,2,3137.6,31,2,3138.7,109,6,3138.8,24,3,3139.0,208,9,3139.1,218,2,3139.2,105,4
2031,2026-06-16 15:14:58+05:30,3138.0,3,3135.13,3310246,126573.0,182125.0,3163.0,3163.0,3108.0,3134.3,31928200,3447.7,2820.9,3839.9,2896.0,3138.1,2,1,3138.0,72,3,3137.8,15,2,3137.7,23,2,3137.6,31,2,3138.7,109,6,3138.8,24,3,3139.0,208,9,3139.1,218,2,3139.2,105,4
2031,2026-06-16 15:14:59+05:30,3138.0,3,3135.13,3310246,126573.0,182125.0,3163.0,3163.0,3108.0,3134.3,31928200,3447.7,2820.9,3839.9,2896.0,3138.1,2,1,3138.0,72,3,3137.8,15,2,3137.7,23,2,3137.6,31,2,3138.7,109,6,3138.8,24,3,3139.0,208,9,3139.1,218,2,3139.2,105,4
2031,2026-06-16 15:14:59+05:30,3138.0,12,3135.13,3310246,126573.0,182125.0,3163.0,3163.0,3108.0,3134.3,31928200,3447.7,2820.9,3839.9,2896.0,3138.1,2,1,3138.0,72,3,3137.8,15,2,3137.7,23,2,3137.6,31,2,3138.7,109,6,3138.8,24,3,3139.0,208,9,3139.1,218,2,3139.2,105,4
2031,2026-06-16 15:14:59+05:30,3138.0,4,3135.13,3310387,127137.0,181848.0,3163.0,3163.0,3108.0,3134.3,31928200,3447.7,2820.9,3839.9,2896.0,3138.0,33,3,3137.8,15,2,3137.7,11,1,3137.6,106,4,3137.5,21,1,3138.1,3,1,3138.6,138,1,3138.7,276,14,3138.8,24,3,3138.9,28,1
2031,2026-06-16 15:14:59+05:30,3138.0,4,3135.13,3310387,127137.0,181848.0,3163.0,3163.0,3108.0,3134.3,31928200,3447.7,2820.9,3839.9,2896.0,3138.0,33,3,3137.8,15,2,3137.7,11,1,3137.6,106,4,3137.5,21,1,3138.1,3,1,3138.6,138,1,3138.7,276,14,3138.8,24,3,3138.9,28,1
2031,2026-06-16 15:15:00+05:30,3138.1,15,3135.13,3310387,127137.0,181848.0,3163.0,3163.0,3108.0,3134.3,31928200,3447.7,2820.9,3839.9,2896.0,3138.0,33,3,3137.8,15,2,3137.7,11,1,3137.6,106,4,3137.5,21,1,3138.1,3,1,3138.6,138,1,3138.7,276,14,3138.8,24,3,3138.9,28,1
2031,2026-06-16 15:15:00+05:30,3138.1,1,3135.13,3310593,121277.0,180109.0,3163.0,3163.0,3108.0,3134.3,31928200,3447.7,2820.9,3839.9,2896.0,3138.0,49,4,3137.8,15,2,3137.7,11,1,3137.6,64,3,3137.5,21,1,3138.1,35,6,3138.6,138,1,3138.7,255,13,3139.1,346,3,3139.3,162,2
2031,2026-06-16 15:15:00+05:30,3138.1,1,3135.13,3310593,121277.0,180109.0,3163.0,3163.0,3108.0,3134.3,31928200,3447.7,2820.9,3839.9,2896.0,3138.0,49,4,3137.8,15,2,3137.7,11,1,3137.6,64,3,3137.5,21,1,3138.1,35,6,3138.6,138,1,3138.7,255,13,3139.1,346,3,3139.3,162,2
2031,2026-06-16 15:15:01+05:30,3138.1,15,3135.13,3310593,121277.0,180109.0,3163.0,3163.0,3108.0,3134.3,31928200,3447.7,2820.9,3839.9,2896.0,3138.0,49,4,3137.8,15,2,3137.7,11,1,3137.6,64,3,3137.5,21,1,3138.1,35,6,3138.6,138,1,3138.7,255,13,3139.1,346,3,3139.3,162,2
2031,2026-06-16 15:15:01+05:30,3138.0,9,3135.13,3310684,121359.0,181706.0,3163.0,3163.0,3108.0,3134.3,31928200,3447.7,2820.9,3839.9,2896.0,3138.0,49,5,3137.8,15,2,3137.7,11,1,3137.6,64,3,3137.5,21,1,3138.1,68,8,3138.6,138,1,3138.7,182,9,3139.0,157,1,3139.1,346,3
2031,2026-06-16 15:15:01+05:30,3138.0,9,3135.13,3310684,121359.0,181706.0,3163.0,3163.0,3108.0,3134.3,31928200,3447.7,2820.9,3839.9,2896.0,3138.0,49,5,3137.8,15,2,3137.7,11,1,3137.6,64,3,3137.5,21,1,3138.1,68,8,3138.6,138,1,3138.7,182,9,3139.0,157,1,3139.1,346,3
2031,2026-06-16 15:15:02+05:30,3138.0,9,3135.13,3310684,121359.0,181706.0,3163.0,3163.0,3108.0,3134.3,31928200,3447.7,2820.9,3839.9,2896.0,3138.0,49,5,3137.8,15,2,3137.7,11,1,3137.6,64,3,3137.5,21,1,3138.1,68,8,3138.6,138,1,3138.7,182,9,3139.0,157,1,3139.1,346,3
2031,2026-06-16 15:15:02+05:30,3138.0,2,3135.13,3310684,121359.0,181706.0,3163.0,3163.0,3108.0,3134.3,31928200,3447.7,2820.9,3839.9,2896.0,3138.0,49,5,3137.8,15,2,3137.7,11,1,3137.6,64,3,3137.5,21,1,3138.1,68,8,3138.6,138,1,3138.7,182,9,3139.0,157,1,3139.1,346,3
2031,2026-06-16 15:15:03+05:30,3138.0,2,3135.13,3310752,120325.0,181590.0,3163.0,3163.0,3108.0,3134.3,31928200,3447.7,2820.9,3839.9,2896.0,3138.0,56,5,3137.8,14,1,3137.7,11,1,3137.6,26,2,3137.5,21,1,3138.1,195,12,3138.7,73,6,3139.0,143,2,3139.1,417,4,3139.2,25,2
2031,2026-06-16 15:15:03+05:30,3138.0,2,3135.13,3310752,120325.0,181590.0,3163.0,3163.0,3108.0,3134.3,31928200,3447.7,2820.9,3839.9,2896.0,3138.0,56,5,3137.8,14,1,3137.7,11,1,3137.6,26,2,3137.5,21,1,3138.1,195,12,3138.7,73,6,3139.0,143,2,3139.1,417,4,3139.2,25,2
2031,2026-06-16 15:15:03+05:30,3138.1,1,3135.13,3310752,120325.0,181590.0,3163.0,3163.0,3108.0,3134.3,31928200,3447.7,2820.9,3839.9,2896.0,3138.0,56,5,3137.8,14,1,3137.7,11,1,3137.6,26,2,3137.5,21,1,3138.1,195,12,3138.7,73,6,3139.0,143,2,3139.1,417,4,3139.2,25,2
2031,2026-06-16 15:15:04+05:30,3138.1,4,3135.13,3310794,118256.0,179189.0,3163.0,3163.0,3108.0,3134.3,31928200,3447.7,2820.9,3839.9,2896.0,3138.0,48,6,3137.8,14,1,3137.7,12,2,3137.6,25,1,3137.5,21,1,3138.1,327,21,3138.2,20,1,3138.7,3,1,3139.0,217,2,3139.1,417,4
2031,2026-06-16 15:15:04+05:30,3138.1,4,3135.13,3310794,118256.0,179189.0,3163.0,3163.0,3108.0,3134.3,31928200,3447.7,2820.9,3839.9,2896.0,3138.0,48,6,3137.8,14,1,3137.7,12,2,3137.6,25,1,3137.5,21,1,3138.1,327,21,3138.2,20,1,3138.7,3,1,3139.0,217,2,3139.1,417,4
2031,2026-06-16 15:15:04+05:30,3138.0,1,3135.13,3310794,118256.0,179189.0,3163.0,3163.0,3108.0,3134.3,31928200,3447.7,2820.9,3839.9,2896.0,3138.0,48,6,3137.8,14,1,3137.7,12,2,3137.6,25,1,3137.5,21,1,3138.1,327,21,3138.2,20,1,3138.7,3,1,3139.0,217,2,3139.1,417,4
2031,2026-06-16 15:15:05+05:30,3138.0,1,3135.13,3310794,118256.0,179189.0,3163.0,3163.0,3108.0,3134.3,31928200,3447.7,2820.9,3839.9,2896.0,3138.0,48,6,3137.8,14,1,3137.7,12,2,3137.6,25,1,3137.5,21,1,3138.1,327,21,3138.2,20,1,3138.7,3,1,3139.0,217,2,3139.1,417,4
2031,2026-06-16 15:15:05+05:30,3138.0,1,3135.13,3310909,118529.0,179163.0,3163.0,3163.0,3108.0,3134.3,31928200,3447.7,2820.9,3839.9,2896.0,3138.0,164,6,3137.8,14,1,3137.7,12,2,3137.6,25,1,3137.4,173,2,3138.1,339,22,3138.2,20,1,3138.7,3,1,3139.0,217,2,3139.1,417,4
2031,2026-06-16 15:15:05+05:30,3138.1,15,3135.13,3310909,118529.0,179163.0,3163.0,3163.0,3108.0,3134.3,31928200,3447.7,2820.9,3839.9,2896.0,3138.0,164,6,3137.8,14,1,3137.7,12,2,3137.6,25,1,3137.4,173,2,3138.1,339,22,3138.2,20,1,3138.7,3,1,3139.0,217,2,3139.1,417,4
2031,2026-06-16 15:15:06+05:30,3138.1,15,3135.13,3310909,118529.0,179163.0,3163.0,3163.0,3108.0,3134.3,31928600,3447.7,2820.9,3839.9,2896.0,3138.0,164,6,3137.8,14,1,3137.7,12,2,3137.6,25,1,3137.4,173,2,3138.1,339,22,3138.2,20,1,3138.7,3,1,3139.0,217,2,3139.1,417,4
2031,2026-06-16 15:15:06+05:30,3138.1,5,3135.13,3311115,119311.0,178192.0,3163.0,3163.0,3108.0,3134.3,31928600,3447.7,2820.9,3839.9,2896.0,3138.0,106,5,3137.8,288,5,3137.7,11,1,3137.6,25,1,3137.4,165,2,3138.1,186,16,3138.2,20,1,3138.7,3,1,3139.1,346,3,3139.2,25,2
2031,2026-06-16 15:15:06+05:30,3138.0,3,3135.13,3311115,119311.0,178192.0,3163.0,3163.0,3108.0,3134.3,31928600,3447.7,2820.9,3839.9,2896.0,3138.0,106,5,3137.8,288,5,3137.7,11,1,3137.6,25,1,3137.4,165,2,3138.1,186,16,3138.2,20,1,3138.7,3,1,3139.1,346,3,3139.2,25,2
2031,2026-06-16 15:15:07+05:30,3138.0,4,3135.13,3311134,118971.0,178308.0,3163.0,3163.0,3108.0,3134.3,31928600,3447.7,2820.9,3839.9,2896.0,3138.0,120,6,3137.9,1,1,3137.8,248,3,3137.7,11,1,3137.4,203,3,3138.1,209,17,3138.2,20,1,3138.7,3,1,3139.0,138,1,3139.1,480,6
2031,2026-06-16 15:15:07+05:30,3138.1,1,3135.13,3311134,118971.0,178308.0,3163.0,3163.0,3108.0,3134.3,31928600,3447.7,2820.9,3839.9,2896.0,3138.0,120,6,3137.9,1,1,3137.8,248,3,3137.7,11,1,3137.4,203,3,3138.1,209,17,3138.2,20,1,3138.7,3,1,3139.0,138,1,3139.1,480,6
2031,2026-06-16 15:15:08+05:30,3138.0,8,3135.13,3311893,118507.0,177918.0,3163.0,3163.0,3108.0,3134.3,31928600,3447.7,2820.9,3839.9,2896.0,3138.0,38,5,3137.8,248,3,3137.5,63,1,3137.4,77,2,3137.3,80,2,3138.1,205,12,3138.2,20,1,3138.7,3,1,3139.0,141,1,3139.1,414,4
2031,2026-06-16 15:15:08+05:30,3137.3,21,3135.13,3311893,118507.0,177918.0,3163.0,3163.0,3108.0,3134.3,31928600,3447.7,2820.9,3839.9,2896.0,3138.0,38,5,3137.8,248,3,3137.5,63,1,3137.4,77,2,3137.3,80,2,3138.1,205,12,3138.2,20,1,3138.7,3,1,3139.0,141,1,3139.1,414,4
2031,2026-06-16 15:15:09+05:30,3138.0,1,3135.13,3312884,118538.0,177703.0,3163.0,3163.0,3108.0,3134.3,31928600,3447.7,2820.9,3839.9,2896.0,3137.4,131,3,3137.3,32,2,3137.2,46,1,3137.1,171,5,3137.0,1393,4,3138.0,18,4,3138.1,185,8,3138.2,20,1,3138.7,3,1,3138.9,2,1
2031,2026-06-16 15:15:09+05:30,3137.4,44,3135.13,3312884,118538.0,177703.0,3163.0,3163.0,3108.0,3134.3,31928600,3447.7,2820.9,3839.9,2896.0,3137.4,131,3,3137.3,32,2,3137.2,46,1,3137.1,171,5,3137.0,1393,4,3138.0,18,4,3138.1,185,8,3138.2,20,1,3138.7,3,1,3138.9,2,1
2031,2026-06-16 15:15:10+05:30,3137.4,44,3135.13,3312928,115988.0,177665.0,3163.0,3163.0,3108.0,3134.3,31928600,3447.7,2820.9,3839.9,2896.0,3137.4,156,4,3137.3,13,2,3137.2,59,2,3137.1,305,7,3137.0,192,6,3137.8,35,5,3137.9,13,2,3138.0,141,3,3138.1,167,5,3138.2,21,2
2031,2026-06-16 15:15:11+05:30,3137.3,1,3135.13,3312928,115988.0,177665.0,3163.0,3163.0,3108.0,3134.3,31928600,3447.7,2820.9,3839.9,2896.0,3137.4,156,4,3137.3,13,2,3137.2,59,2,3137.1,305,7,3137.0,192,6,3137.8,35,5,3137.9,13,2,3138.0,141,3,3138.1,167,5,3138.2,21,2
2031,2026-06-16 15:15:11+05:30,3137.3,1,3135.13,3313475,114855.0,178045.0,3163.0,3163.0,3108.0,3134.3,31928600,3447.7,2820.9,3839.9,2896.0,3137.3,12,1,3137.1,26,3,3137.0,108,3,3136.9,67,2,3136.8,55,1,3137.8,236,11,3137.9,12,2,3138.0,141,3,3138.1,187,5,3138.2,81,2
2031,2026-06-16 15:15:12+05:30,3137.3,18,3135.13,3313475,114855.0,178045.0,3163.0,3163.0,3108.0,3134.3,31928600,3447.7,2820.9,3839.9,2896.0,3137.3,12,1,3137.1,26,3,3137.0,108,3,3136.9,67,2,3136.8,55,1,3137.8,236,11,3137.9,12,2,3138.0,141,3,3138.1,187,5,3138.2,81,2
2031,2026-06-16 15:15:12+05:30,3137.3,18,3135.13,3313622,113416.0,177139.0,3163.0,3163.0,3108.0,3134.3,31928600,3447.7,2820.9,3839.9,2896.0,3137.3,19,2,3137.1,26,3,3137.0,59,3,3136.6,46,2,3136.5,42,1,3137.7,108,1,3137.8,308,14,3137.9,12,2,3138.0,235,3,3138.1,179,3
2031,2026-06-16 15:15:13+05:30,3137.8,74,3135.13,3313622,113416.0,177139.0,3163.0,3163.0,3108.0,3134.3,31928600,3447.7,2820.9,3839.9,2896.0,3137.3,19,2,3137.1,26,3,3137.0,59,3,3136.6,46,2,3136.5,42,1,3137.7,108,1,3137.8,308,14,3137.9,12,2,3138.0,235,3,3138.1,179,3
2031,2026-06-16 15:15:14+05:30,3137.8,74,3135.13,3314221,110919.0,174055.0,3163.0,3163.0,3108.0,3134.3,31928600,3447.7,2820.9,3839.9,2896.0,3137.3,59,3,3137.2,2,1,3137.1,26,3,3137.0,59,3,3136.6,49,3,3137.7,23,2,3137.8,59,6,3137.9,12,2,3138.0,117,2,3138.2,121,3
2031,2026-06-16 15:15:14+05:30,3137.8,4,3135.13,3314221,110919.0,174055.0,3163.0,3163.0,3108.0,3134.3,31928600,3447.7,2820.9,3839.9,2896.0,3137.3,59,3,3137.2,2,1,3137.1,26,3,3137.0,59,3,3136.6,49,3,3137.7,23,2,3137.8,59,6,3137.9,12,2,3138.0,117,2,3138.2,121,3
2031,2026-06-16 15:15:15+05:30,3137.4,27,3135.13,3314377,108175.0,171017.0,3163.0,3163.0,3108.0,3134.3,31928600,3447.7,2820.9,3839.9,2896.0,3137.4,13,1,3137.3,144,5,3137.2,1,1,3137.1,26,3,3137.0,47,2,3137.8,45,6,3137.9,12,2,3138.0,12,2,3138.2,1,1,3138.4,152,1
2031,2026-06-16 15:15:15+05:30,3137.3,21,3135.13,3314377,108175.0,171017.0,3163.0,3163.0,3108.0,3134.3,31928600,3447.7,2820.9,3839.9,2896.0,3137.4,13,1,3137.3,144,5,3137.2,1,1,3137.1,26,3,3137.0,47,2,3137.8,45,6,3137.9,12,2,3138.0,12,2,3138.2,1,1,3138.4,152,1
2031,2026-06-16 15:15:16+05:30,3137.3,21,3135.13,3315162,107330.0,169469.0,3163.0,3163.0,3108.0,3134.3,31928600,3447.7,2820.9,3839.9,2896.0,3137.4,268,5,3137.2,1,1,3137.1,92,5,3137.0,140,4,3136.9,3,1,3137.8,70,5,3138.0,9,1,3138.2,1,1,3138.5,132,1,3138.7,343,3
2031,2026-06-16 15:15:16+05:30,3137.4,20,3135.13,3315162,107330.0,169469.0,3163.0,3163.0,3108.0,3134.3,31928600,3447.7,2820.9,3839.9,2896.0,3137.4,268,5,3137.2,1,1,3137.1,92,5,3137.0,140,4,3136.9,3,1,3137.8,70,5,3138.0,9,1,3138.2,1,1,3138.5,132,1,3138.7,343,3
2031,2026-06-16 15:15:17+05:30,3137.8,2,3135.13,3315393,107807.0,169759.0,3163.0,3163.0,3108.0,3134.3,31928600,3447.7,2820.9,3839.9,2896.0,3137.4,137,4,3137.3,1,1,3137.1,55,4,3137.0,129,4,3136.9,97,2,3137.8,102,8,3138.0,10,2,3138.2,1,1,3138.5,13,1,3138.6,276,2
2031,2026-06-16 15:15:17+05:30,3137.4,14,3135.13,3315393,107807.0,169759.0,3163.0,3163.0,3108.0,3134.3,31928600,3447.7,2820.9,3839.9,2896.0,3137.4,137,4,3137.3,1,1,3137.1,55,4,3137.0,129,4,3136.9,97,2,3137.8,102,8,3138.0,10,2,3138.2,1,1,3138.5,13,1,3138.6,276,2
2031,2026-06-16 15:15:18+05:30,3137.6,42,3135.13,3315461,107612.0,169697.0,3163.0,3163.0,3108.0,3134.3,31928600,3447.7,2820.9,3839.9,2896.0,3137.6,119,2,3137.4,116,3,3137.3,54,2,3137.1,26,3,3137.0,51,2,3137.8,139,12,3138.0,10,2,3138.2,1,1,3138.5,13,1,3138.6,133,2
2031,2026-06-16 15:15:18+05:30,3137.6,42,3135.13,3315461,107612.0,169697.0,3163.0,3163.0,3108.0,3134.3,31928600,3447.7,2820.9,3839.9,2896.0,3137.6,119,2,3137.4,116,3,3137.3,54,2,3137.1,26,3,3137.0,51,2,3137.8,139,12,3138.0,10,2,3138.2,1,1,3138.5,13,1,3138.6,133,2
2031,2026-06-16 15:15:19+05:30,3137.6,23,3135.13,3315492,108158.0,169480.0,3163.0,3163.0,3108.0,3134.3,31928600,3447.7,2820.9,3839.9,2896.0,3137.6,473,7,3137.4,224,5,3137.3,18,1,3137.1,7,2,3137.0,124,3,3137.8,166,13,3137.9,20,1,3138.0,10,2,3138.2,1,1,3138.6,133,2
2031,2026-06-16 15:15:19+05:30,3137.8,1,3135.13,3315492,108158.0,169480.0,3163.0,3163.0,3108.0,3134.3,31928600,3447.7,2820.9,3839.9,2896.0,3137.6,473,7,3137.4,224,5,3137.3,18,1,3137.1,7,2,3137.0,124,3,3137.8,166,13,3137.9,20,1,3138.0,10,2,3138.2,1,1,3138.6,133,2
2031,2026-06-16 15:15:20+05:30,3137.6,28,3135.13,3315492,108158.0,169480.0,3163.0,3163.0,3108.0,3134.3,31928600,3447.7,2820.9,3839.9,2896.0,3137.6,473,7,3137.4,224,5,3137.3,18,1,3137.1,7,2,3137.0,124,3,3137.8,166,13,3137.9,20,1,3138.0,10,2,3138.2,1,1,3138.6,133,2
2031,2026-06-16 15:15:20+05:30,3137.6,28,3135.13,3315521,108562.0,169585.0,3163.0,3163.0,3108.0,3134.3,31928600,3447.7,2820.9,3839.9,2896.0,3137.6,436,9,3137.4,224,5,3137.3,18,1,3137.2,1,1,3137.1,70,3,3137.8,229,17,3137.9,20,1,3138.0,10,2,3138.1,2,1,3138.2,14,2
2031,2026-06-16 15:15:21+05:30,3137.6,47,3135.13,3315521,108562.0,169585.0,3163.0,3163.0,3108.0,3134.3,31928600,3447.7,2820.9,3839.9,2896.0,3137.6,436,9,3137.4,224,5,3137.3,18,1,3137.2,1,1,3137.1,70,3,3137.8,229,17,3137.9,20,1,3138.0,10,2,3138.1,2,1,3138.2,14,2
2031,2026-06-16 15:15:21+05:30,3137.8,2,3135.13,3315781,110268.0,169564.0,3163.0,3163.0,3108.0,3134.3,31928600,3447.7,2820.9,3839.9,2896.0,3137.6,398,10,3137.5,25,1,3137.4,224,5,3137.3,36,1,3137.2,1,1,3137.7,20,1,3137.8,202,14,3137.9,20,1,3138.0,10,2,3138.1,2,1
2031,2026-06-16 15:15:22+05:30,3137.7,4,3135.13,3315781,110268.0,169564.0,3163.0,3163.0,3108.0,3134.3,31928600,3447.7,2820.9,3839.9,2896.0,3137.6,398,10,3137.5,25,1,3137.4,224,5,3137.3,36,1,3137.2,1,1,3137.7,20,1,3137.8,202,14,3137.9,20,1,3138.0,10,2,3138.1,2,1
2031,2026-06-16 15:15:22+05:30,3137.8,2,3135.13,3315923,110213.0,169802.0,3163.0,3163.0,3108.0,3134.3,31928600,3447.7,2820.9,3839.9,2896.0,3137.7,12,1,3137.6,401,10,3137.5,25,1,3137.4,261,7,3137.3,15,1,3137.8,267,13,3137.9,20,1,3138.0,10,2,3138.1,2,1,3138.2,14,2
2031,2026-06-16 15:15:23+05:30,3137.6,7,3135.13,3315923,110213.0,169802.0,3163.0,3163.0,3108.0,3134.3,31928600,3447.7,2820.9,3839.9,2896.0,3137.7,12,1,3137.6,401,10,3137.5,25,1,3137.4,261,7,3137.3,15,1,3137.8,267,13,3137.9,20,1,3138.0,10,2,3138.1,2,1,3138.2,14,2
2031,2026-06-16 15:15:24+05:30,3137.8,27,3135.13,3316688,110972.0,168942.0,3163.0,3163.0,3108.0,3134.3,31928600,3447.7,2820.9,3839.9,2896.0,3137.7,175,1,3137.6,469,13,3137.5,25,1,3137.4,448,8,3137.3,1358,4,3138.2,14,2,3138.6,1,1,3138.7,343,3,3138.9,135,2,3139.0,47,3
2031,2026-06-16 15:15:24+05:30,3137.7,14,3135.13,3316688,110972.0,168942.0,3163.0,3163.0,3108.0,3134.3,31928600,3447.7,2820.9,3839.9,2896.0,3137.7,175,1,3137.6,469,13,3137.5,25,1,3137.4,448,8,3137.3,1358,4,3138.2,14,2,3138.6,1,1,3138.7,343,3,3138.9,135,2,3139.0,47,3
2031,2026-06-16 15:15:25+05:30,3137.8,1,3135.13,3316726,110753.0,169462.0,3163.0,3163.0,3108.0,3134.3,31928600,3447.7,2820.9,3839.9,2896.0,3137.7,171,4,3137.6,404,10,3137.5,40,3,3137.4,447,7,3137.3,1296,2,3138.1,31,1,3138.2,236,5,3138.3,68,3,3138.6,1,1,3138.7,348,4
2031,2026-06-16 15:15:25+05:30,3137.7,42,3135.13,3316726,110753.0,169462.0,3163.0,3163.0,3108.0,3134.3,31928600,3447.7,2820.9,3839.9,2896.0,3137.7,171,4,3137.6,404,10,3137.5,40,3,3137.4,447,7,3137.3,1296,2,3138.1,31,1,3138.2,236,5,3138.3,68,3,3138.6,1,1,3138.7,348,4
2031,2026-06-16 15:15:26+05:30,3137.7,42,3135.13,3316770,110592.0,170042.0,3163.0,3163.0,3108.0,3134.3,31928600,3447.7,2820.9,3839.9,2896.0,3137.9,1,1,3137.8,3,1,3137.7,130,5,3137.6,349,6,3137.5,96,3,3138.1,130,5,3138.2,307,7,3138.3,65,2,3138.6,1,1,3138.7,480,5
2031,2026-06-16 15:15:26+05:30,3137.7,3,3135.13,3316770,110592.0,170042.0,3163.0,3163.0,3108.0,3134.3,31928600,3447.7,2820.9,3839.9,2896.0,3137.9,1,1,3137.8,3,1,3137.7,130,5,3137.6,349,6,3137.5,96,3,3138.1,130,5,3138.2,307,7,3138.3,65,2,3138.6,1,1,3138.7,480,5
2031,2026-06-16 15:15:27+05:30,3137.7,1,3135.13,3316904,110130.0,170456.0,3163.0,3163.0,3108.0,3134.3,31928600,3447.7,2820.9,3839.9,2896.0,3137.7,31,3,3137.6,350,7,3137.5,14,1,3137.4,158,4,3137.1,39,3,3138.0,3,1,3138.1,260,8,3138.2,281,6,3138.3,65,2,3138.6,1,1
2031,2026-06-16 15:15:27+05:30,3137.7,2,3135.13,3316904,110130.0,170456.0,3163.0,3163.0,3108.0,3134.3,31928600,3447.7,2820.9,3839.9,2896.0,3137.7,31,3,3137.6,350,7,3137.5,14,1,3137.4,158,4,3137.1,39,3,3138.0,3,1,3138.1,260,8,3138.2,281,6,3138.3,65,2,3138.6,1,1
2031,2026-06-16 15:15:28+05:30,3137.8,2,3135.13,3316952,109877.0,170789.0,3163.0,3163.0,3108.0,3134.3,31928600,3447.7,2820.9,3839.9,2896.0,3137.8,20,3,3137.7,44,4,3137.6,334,5,3137.5,14,1,3137.4,108,3,3138.0,192,3,3138.1,314,10,3138.2,281,6,3138.3,128,3,3138.6,1,1
2031,2026-06-16 15:15:28+05:30,3137.8,22,3135.13,3316952,109877.0,170789.0,3163.0,3163.0,3108.0,3134.3,31928600,3447.7,2820.9,3839.9,2896.0,3137.8,20,3,3137.7,44,4,3137.6,334,5,3137.5,14,1,3137.4,108,3,3138.0,192,3,3138.1,314,10,3138.2,281,6,3138.3,128,3,3138.6,1,1
2031,2026-06-16 15:15:29+05:30,3137.8,23,3135.13,3317221,109624.0,170677.0,3163.0,3163.0,3108.0,3134.3,31928600,3447.7,2820.9,3839.9,2896.0,3137.8,72,2,3137.7,44,4,3137.6,347,6,3137.5,14,1,3137.4,108,3,3137.9,31,1,3138.0,243,10,3138.1,248,4,3138.2,269,5,3138.3,65,2
2031,2026-06-16 15:15:29+05:30,3137.9,17,3135.13,3317221,109624.0,170677.0,3163.0,3163.0,3108.0,3134.3,31928600,3447.7,2820.9,3839.9,2896.0,3137.8,72,2,3137.7,44,4,3137.6,347,6,3137.5,14,1,3137.4,108,3,3137.9,31,1,3138.0,243,10,3138.1,248,4,3138.2,269,5,3138.3,65,2
2031,2026-06-16 15:15:30+05:30,3137.8,9,3135.13,3317479,109567.0,170750.0,3163.0,3163.0,3108.0,3134.3,31928600,3447.7,2820.9,3839.9,2896.0,3137.8,55,7,3137.6,365,7,3137.5,14,1,3137.4,108,3,3137.3,36,1,3137.9,199,7,3138.0,204,10,3138.1,248,4,3138.2,269,5,3138.6,64,2
2031,2026-06-16 15:15:30+05:30,3137.8,9,3135.13,3317479,109567.0,170750.0,3163.0,3163.0,3108.0,3134.3,31928600,3447.7,2820.9,3839.9,2896.0,3137.8,55,7,3137.6,365,7,3137.5,14,1,3137.4,108,3,3137.3,36,1,3137.9,199,7,3138.0,204,10,3138.1,248,4,3138.2,269,5,3138.6,64,2
2031,2026-06-16 15:15:31+05:30,3137.8,15,3135.13,3317479,109567.0,170750.0,3163.0,3163.0,3108.0,3134.3,31928600,3447.7,2820.9,3839.9,2896.0,3137.8,55,7,3137.6,365,7,3137.5,14,1,3137.4,108,3,3137.3,36,1,3137.9,199,7,3138.0,204,10,3138.1,248,4,3138.2,269,5,3138.6,64,2
2031,2026-06-16 15:15:31+05:30,3137.8,15,3135.13,3317688,109629.0,170666.0,3163.0,3163.0,3108.0,3134.3,31928600,3447.7,2820.9,3839.9,2896.0,3137.8,69,9,3137.6,346,6,3137.5,14,1,3137.4,108,3,3137.2,36,1,3137.9,282,11,3138.0,212,5,3138.1,201,3,3138.2,269,5,3138.6,1,1
2031,2026-06-16 15:15:32+05:30,3137.8,15,3135.13,3317688,109629.0,170666.0,3163.0,3163.0,3108.0,3134.3,31928600,3447.7,2820.9,3839.9,2896.0,3137.8,69,9,3137.6,346,6,3137.5,14,1,3137.4,108,3,3137.2,36,1,3137.9,282,11,3138.0,212,5,3138.1,201,3,3138.2,269,5,3138.6,1,1
2031,2026-06-16 15:15:32+05:30,3137.8,15,3135.14,3317864,109833.0,170853.0,3163.0,3163.0,3108.0,3134.3,31928600,3447.7,2820.9,3839.9,2896.0,3137.8,94,10,3137.6,346,6,3137.5,14,1,3137.4,108,3,3137.1,39,3,3137.9,416,14,3138.0,212,5,3138.1,201,3,3138.2,269,5,3138.6,1,1
2031,2026-06-16 15:15:33+05:30,3137.8,8,3135.14,3317864,109833.0,170853.0,3163.0,3163.0,3108.0,3134.3,31928600,3447.7,2820.9,3839.9,2896.0,3137.8,94,10,3137.6,346,6,3137.5,14,1,3137.4,108,3,3137.1,39,3,3137.9,416,14,3138.0,212,5,3138.1,201,3,3138.2,269,5,3138.6,1,1
2031,2026-06-16 15:15:33+05:30,3137.8,8,3135.14,3318167,109536.0,170764.0,3163.0,3163.0,3108.0,3134.3,31928600,3447.7,2820.9,3839.9,2896.0,3137.8,70,8,3137.7,2,1,3137.6,346,6,3137.5,14,1,3137.4,108,3,3137.9,436,15,3138.0,212,5,3138.1,201,3,3138.2,269,5,3138.6,110,3
2031,2026-06-16 15:15:34+05:30,3137.8,41,3135.14,3318167,109536.0,170764.0,3163.0,3163.0,3108.0,3134.3,31928600,3447.7,2820.9,3839.9,2896.0,3137.8,70,8,3137.7,2,1,3137.6,346,6,3137.5,14,1,3137.4,108,3,3137.9,436,15,3138.0,212,5,3138.1,201,3,3138.2,269,5,3138.6,110,3
2031,2026-06-16 15:15:34+05:30,3137.8,5,3135.14,3318438,109684.0,171033.0,3163.0,3163.0,3108.0,3134.3,31928600,3447.7,2820.9,3839.9,2896.0,3137.8,194,6,3137.6,346,6,3137.5,14,1,3137.4,108,3,3137.2,14,1,3137.9,382,14,3138.0,416,6,3138.1,201,3,3138.2,941,9,3138.4,186,2
2031,2026-06-16 15:15:35+05:30,3137.8,65,3135.14,3318438,109684.0,171033.0,3163.0,3163.0,3108.0,3134.3,31928600,3447.7,2820.9,3839.9,2896.0,3137.8,194,6,3137.6,346,6,3137.5,14,1,3137.4,108,3,3137.2,14,1,3137.9,382,14,3138.0,416,6,3138.1,201,3,3138.2,941,9,3138.4,186,2
2031,2026-06-16 15:15:35+05:30,3137.8,65,3135.14,3318796,109406.0,170860.0,3163.0,3163.0,3108.0,3134.3,31928600,3447.7,2820.9,3839.9,2896.0,3137.8,92,7,3137.6,346,6,3137.5,14,1,3137.4,108,3,3137.2,14,1,3137.9,885,14,3138.0,416,6,3138.1,201,3,3138.2,331,6,3138.4,124,1
2031,2026-06-16 15:15:36+05:30,3137.8,31,3135.14,3318796,109406.0,170860.0,3163.0,3163.0,3108.0,3134.3,31928600,3447.7,2820.9,3839.9,2896.0,3137.8,92,7,3137.6,346,6,3137.5,14,1,3137.4,108,3,3137.2,14,1,3137.9,885,14,3138.0,416,6,3138.1,201,3,3138.2,331,6,3138.4,124,1
2031,2026-06-16 15:15:36+05:30,3137.8,3,3135.14,3319254,109591.0,170758.0,3163.0,3163.0,3108.0,3134.3,31928600,3447.7,2820.9,3839.9,2896.0,3137.6,269,6,3137.5,14,1,3137.4,108,3,3137.2,14,1,3137.1,6,2,3137.8,665,6,3137.9,226,10,3138.0,548,7,3138.1,201,3,3138.2,302,6
2031,2026-06-16 15:15:37+05:30,3137.6,5,3135.14,3319254,109591.0,170758.0,3163.0,3163.0,3108.0,3134.3,31928600,3447.7,2820.9,3839.9,2896.0,3137.6,269,6,3137.5,14,1,3137.4,108,3,3137.2,14,1,3137.1,6,2,3137.8,665,6,3137.9,226,10,3138.0,548,7,3138.1,201,3,3138.2,302,6
2031,2026-06-16 15:15:37+05:30,3137.6,44,3135.14,3319723,109760.0,170346.0,3163.0,3163.0,3108.0,3134.3,31928600,3447.7,2820.9,3839.9,2896.0,3137.6,16,1,3137.5,174,3,3137.4,108,3,3137.2,14,1,3137.1,6,2,3137.7,63,2,3137.8,103,6,3137.9,213,6,3138.0,212,5,3138.1,233,4
2031,2026-06-16 15:15:38+05:30,3137.5,44,3135.14,3319723,109760.0,170346.0,3163.0,3163.0,3108.0,3134.3,31928600,3447.7,2820.9,3839.9,2896.0,3137.6,16,1,3137.5,174,3,3137.4,108,3,3137.2,14,1,3137.1,6,2,3137.7,63,2,3137.8,103,6,3137.9,213,6,3138.0,212,5,3138.1,233,4
2031,2026-06-16 15:15:38+05:30,3137.5,44,3135.14,3319924,109679.0,170351.0,3163.0,3163.0,3108.0,3134.3,31928600,3447.7,2820.9,3839.9,2896.0,3137.5,173,4,3137.4,108,3,3137.2,14,1,3137.1,6,2,3137.0,1,1,3137.7,68,5,3137.8,201,7,3137.9,212,5,3138.0,212,5,3138.1,32,1
2031,2026-06-16 15:15:39+05:30,3137.7,2,3135.14,3319924,109679.0,170351.0,3163.0,3163.0,3108.0,3134.3,31928600,3447.7,2820.9,3839.9,2896.0,3137.5,173,4,3137.4,108,3,3137.2,14,1,3137.1,6,2,3137.0,1,1,3137.7,68,5,3137.8,201,7,3137.9,212,5,3138.0,212,5,3138.1,32,1
2031,2026-06-16 15:15:40+05:30,3137.5,9,3135.14,3320201,109502.0,170538.0,3163.0,3163.0,3108.0,3134.3,31928600,3447.7,2820.9,3839.9,2896.0,3137.5,5,1,3137.4,319,7,3137.2,14,1,3137.1,6,2,3137.0,1,1,3137.7,340,16,3137.8,163,5,3137.9,122,1,3138.0,638,9,3138.2,712,7
2031,2026-06-16 15:15:40+05:30,3137.5,9,3135.14,3320201,109502.0,170538.0,3163.0,3163.0,3108.0,3134.3,31928600,3447.7,2820.9,3839.9,2896.0,3137.5,5,1,3137.4,319,7,3137.2,14,1,3137.1,6,2,3137.0,1,1,3137.7,340,16,3137.8,163,5,3137.9,122,1,3138.0,638,9,3138.2,712,7
2031,2026-06-16 15:15:41+05:30,3137.5,33,3135.14,3320353,107751.0,169630.0,3163.0,3163.0,3108.0,3134.3,31928600,3447.7,2820.9,3839.9,2896.0,3137.5,6,1,3137.4,336,8,3137.2,14,1,3137.1,7,3,3137.0,1,1,3137.6,131,3,3137.7,306,14,3137.8,225,6,3137.9,122,1,3138.0,576,8
2031,2026-06-16 15:15:41+05:30,3137.4,36,3135.14,3320353,107751.0,169630.0,3163.0,3163.0,3108.0,3134.3,31928600,3447.7,2820.9,3839.9,2896.0,3137.5,6,1,3137.4,336,8,3137.2,14,1,3137.1,7,3,3137.0,1,1,3137.6,131,3,3137.7,306,14,3137.8,225,6,3137.9,122,1,3138.0,576,8
2031,2026-06-16 15:15:42+05:30,3137.4,9,3135.14,3320472,107702.0,169561.0,3163.0,3163.0,3108.0,3134.3,31928600,3447.7,2820.9,3839.9,2896.0,3137.4,293,8,3137.2,14,1,3137.1,6,2,3137.0,2,2,3136.8,28,1,3137.6,282,13,3137.7,260,8,3137.8,129,3,3137.9,154,2,3138.0,658,6
2031,2026-06-16 15:15:42+05:30,3137.4,45,3135.14,3320472,107702.0,169561.0,3163.0,3163.0,3108.0,3134.3,31928600,3447.7,2820.9,3839.9,2896.0,3137.4,293,8,3137.2,14,1,3137.1,6,2,3137.0,2,2,3136.8,28,1,3137.6,282,13,3137.7,260,8,3137.8,129,3,3137.9,154,2,3138.0,658,6
2031,2026-06-16 15:15:43+05:30,3137.4,2,3135.14,3320714,107827.0,170033.0,3163.0,3163.0,3108.0,3134.3,31928600,3447.7,2820.9,3839.9,2896.0,3137.4,283,8,3137.3,30,1,3137.2,14,1,3137.1,7,3,3137.0,1,1,3137.5,64,3,3137.6,261,13,3137.7,189,6,3137.8,629,4,3137.9,154,2
2031,2026-06-16 15:15:43+05:30,3137.4,11,3135.14,3320714,107827.0,170033.0,3163.0,3163.0,3108.0,3134.3,31928600,3447.7,2820.9,3839.9,2896.0,3137.4,283,8,3137.3,30,1,3137.2,14,1,3137.1,7,3,3137.0,1,1,3137.5,64,3,3137.6,261,13,3137.7,189,6,3137.8,629,4,3137.9,154,2
2031,2026-06-16 15:15:44+05:30,3137.4,22,3135.14,3320890,107822.0,170281.0,3163.0,3163.0,3108.0,3134.3,31928600,3447.7,2820.9,3839.9,2896.0,3137.4,244,7,3137.3,46,2,3137.2,14,1,3137.1,7,3,3137.0,1,1,3137.5,223,8,3137.6,287,13,3137.7,131,3,3137.8,677,4,3137.9,32,1
2031,2026-06-16 15:15:44+05:30,3137.4,4,3135.14,3320890,107822.0,170281.0,3163.0,3163.0,3108.0,3134.3,31928600,3447.7,2820.9,3839.9,2896.0,3137.4,244,7,3137.3,46,2,3137.2,14,1,3137.1,7,3,3137.0,1,1,3137.5,223,8,3137.6,287,13,3137.7,131,3,3137.8,677,4,3137.9,32,1
2031,2026-06-16 15:15:45+05:30,3137.4,9,3135.14,3321880,107256.0,169483.0,3163.0,3163.0,3108.0,3134.3,31928600,3447.7,2820.9,3839.9,2896.0,3136.8,13,1,3136.6,32,2,3136.5,525,2,3136.3,13,1,3136.2,135,4,3137.4,62,2,3137.5,239,12,3137.6,285,10,3137.7,223,5,3137.8,615,3
2031,2026-06-16 15:15:45+05:30,3137.4,9,3135.14,3321880,107256.0,169483.0,3163.0,3163.0,3108.0,3134.3,31928600,3447.7,2820.9,3839.9,2896.0,3136.8,13,1,3136.6,32,2,3136.5,525,2,3136.3,13,1,3136.2,135,4,3137.4,62,2,3137.5,239,12,3137.6,285,10,3137.7,223,5,3137.8,615,3
2031,2026-06-16 15:15:45+05:30,3136.5,16,3135.14,3321880,107256.0,169483.0,3163.0,3163.0,3108.0,3134.3,31928600,3447.7,2820.9,3839.9,2896.0,3136.8,13,1,3136.6,32,2,3136.5,525,2,3136.3,13,1,3136.2,135,4,3137.4,62,2,3137.5,239,12,3137.6,285,10,3137.7,223,5,3137.8,615,3
2031,2026-06-16 15:15:46+05:30,3136.8,39,3135.14,3323181,108265.0,168593.0,3163.0,3163.0,3108.0,3134.3,31928600,3447.7,2820.9,3839.9,2896.0,3136.5,222,3,3136.2,1418,4,3136.1,1293,1,3136.0,380,7,3135.9,83,2,3137.3,90,2,3137.4,29,1,3137.5,177,11,3137.6,195,6,3137.7,136,4
2031,2026-06-16 15:15:46+05:30,3136.5,45,3135.14,3323181,108265.0,168593.0,3163.0,3163.0,3108.0,3134.3,31928600,3447.7,2820.9,3839.9,2896.0,3136.5,222,3,3136.2,1418,4,3136.1,1293,1,3136.0,380,7,3135.9,83,2,3137.3,90,2,3137.4,29,1,3137.5,177,11,3137.6,195,6,3137.7,136,4
2031,2026-06-16 15:15:47+05:30,3136.5,45,3135.14,3323181,108265.0,168593.0,3163.0,3163.0,3108.0,3134.3,31928600,3447.7,2820.9,3839.9,2896.0,3136.5,222,3,3136.2,1418,4,3136.1,1293,1,3136.0,380,7,3135.9,83,2,3137.3,90,2,3137.4,29,1,3137.5,177,11,3137.6,195,6,3137.7,136,4
2031,2026-06-16 15:15:47+05:30,3137.5,101,3135.14,3324610,108891.0,167735.0,3163.0,3163.0,3108.0,3134.3,31928600,3447.7,2820.9,3839.9,2896.0,3137.3,1,1,3136.9,1489,5,3136.8,62,1,3136.7,50,1,3136.6,46,1,3137.5,21,5,3137.6,114,2,3137.7,2,1,3137.8,3,1,3138.0,326,4
2031,2026-06-16 15:15:47+05:30,3136.9,46,3135.14,3324610,108891.0,167735.0,3163.0,3163.0,3108.0,3134.3,31928600,3447.7,2820.9,3839.9,2896.0,3137.3,1,1,3136.9,1489,5,3136.8,62,1,3136.7,50,1,3136.6,46,1,3137.5,21,5,3137.6,114,2,3137.7,2,1,3137.8,3,1,3138.0,326,4
2031,2026-06-16 15:15:48+05:30,3136.9,2,3135.14,3324701,107143.0,168284.0,3163.0,3163.0,3108.0,3134.3,31928600,3447.7,2820.9,3839.9,2896.0,3137.2,1,1,3136.9,86,4,3136.8,1382,3,3136.7,150,2,3136.6,46,1,3137.3,33,5,3137.5,22,4,3137.6,114,2,3137.7,2,1,3137.8,3,1
2031,2026-06-16 15:15:48+05:30,3137.2,1,3135.14,3324701,107143.0,168284.0,3163.0,3163.0,3108.0,3134.3,31928600,3447.7,2820.9,3839.9,2896.0,3137.2,1,1,3136.9,86,4,3136.8,1382,3,3136.7,150,2,3136.6,46,1,3137.3,33,5,3137.5,22,4,3137.6,114,2,3137.7,2,1,3137.8,3,1
2031,2026-06-16 15:15:49+05:30,3137.0,3,3135.14,3324735,107176.0,168708.0,3163.0,3163.0,3108.0,3134.3,31928600,3447.7,2820.9,3839.9,2896.0,3136.9,5,3,3136.8,62,1,3136.7,108,2,3136.6,82,2,3136.5,419,5,3137.0,37,2,3137.1,32,1,3137.2,35,2,3137.3,69,8,3137.5,54,5
2031,2026-06-16 15:15:49+05:30,3137.0,3,3135.14,3324735,107176.0,168708.0,3163.0,3163.0,3108.0,3134.3,31928600,3447.7,2820.9,3839.9,2896.0,3136.9,5,3,3136.8,62,1,3136.7,108,2,3136.6,82,2,3136.5,419,5,3137.0,37,2,3137.1,32,1,3137.2,35,2,3137.3,69,8,3137.5,54,5
2031,2026-06-16 15:15:49+05:30,3136.8,4,3135.14,3324735,107176.0,168708.0,3163.0,3163.0,3108.0,3134.3,31928600,3447.7,2820.9,3839.9,2896.0,3136.9,5,3,3136.8,62,1,3136.7,108,2,3136.6,82,2,3136.5,419,5,3137.0,37,2,3137.1,32,1,3137.2,35,2,3137.3,69,8,3137.5,54,5
2031,2026-06-16 15:15:50+05:30,3137.0,32,3135.14,3324961,106659.0,169013.0,3163.0,3163.0,3108.0,3134.3,31928600,3447.7,2820.9,3839.9,2896.0,3136.9,36,1,3136.7,116,5,3136.6,1338,2,3136.5,481,6,3136.4,94,3,3137.0,28,3,3137.1,32,1,3137.2,35,2,3137.3,19,5,3137.4,32,1
2031,2026-06-16 15:15:50+05:30,3137.0,2,3135.14,3324961,106659.0,169013.0,3163.0,3163.0,3108.0,3134.3,31928600,3447.7,2820.9,3839.9,2896.0,3136.9,36,1,3136.7,116,5,3136.6,1338,2,3136.5,481,6,3136.4,94,3,3137.0,28,3,3137.1,32,1,3137.2,35,2,3137.3,19,5,3137.4,32,1
2031,2026-06-16 15:15:51+05:30,3136.9,13,3135.14,3325018,106817.0,168957.0,3163.0,3163.0,3108.0,3134.3,31928600,3447.7,2820.9,3839.9,2896.0,3136.9,63,2,3136.8,3,1,3136.7,67,3,3136.6,46,1,3136.5,620,7,3137.0,82,11,3137.1,101,2,3137.2,35,2,3137.3,2,2,3137.4,32,1
2031,2026-06-16 15:15:51+05:30,3137.0,1,3135.14,3325018,106817.0,168957.0,3163.0,3163.0,3108.0,3134.3,31928600,3447.7,2820.9,3839.9,2896.0,3136.9,63,2,3136.8,3,1,3136.7,67,3,3136.6,46,1,3136.5,620,7,3137.0,82,11,3137.1,101,2,3137.2,35,2,3137.3,2,2,3137.4,32,1
2031,2026-06-16 15:15:51+05:30,3137.0,1,3135.14,3325018,106817.0,168957.0,3163.0,3163.0,3108.0,3134.3,31928600,3447.7,2820.9,3839.9,2896.0,3136.9,63,2,3136.8,3,1,3136.7,67,3,3136.6,46,1,3136.5,620,7,3137.0,82,11,3137.1,101,2,3137.2,35,2,3137.3,2,2,3137.4,32,1
2031,2026-06-16 15:15:52+05:30,3137.8,3,3135.14,3326115,108246.0,167394.0,3163.0,3163.0,3108.0,3134.3,31928600,3447.7,2820.9,3839.9,2896.0,3137.0,1547,6,3136.9,346,6,3136.8,188,2,3136.7,1635,9,3136.6,264,5,3137.8,3,1,3138.0,314,3,3138.2,13,1,3138.5,12,1,3138.6,1,1
2031,2026-06-16 15:15:52+05:30,3137.3,39,3135.14,3326115,108246.0,167394.0,3163.0,3163.0,3108.0,3134.3,31928600,3447.7,2820.9,3839.9,2896.0,3137.0,1547,6,3136.9,346,6,3136.8,188,2,3136.7,1635,9,3136.6,264,5,3137.8,3,1,3138.0,314,3,3138.2,13,1,3138.5,12,1,3138.6,1,1
2031,2026-06-16 15:15:53+05:30,3137.4,45,3135.14,3326423,107782.0,168617.0,3163.0,3163.0,3108.0,3134.3,31928600,3447.7,2820.9,3839.9,2896.0,3137.2,73,4,3137.0,214,4,3136.9,262,7,3136.8,1313,3,3136.7,1637,9,3137.5,32,1,3137.6,32,1,3137.7,150,2,3137.8,324,5,3137.9,32,1
2031,2026-06-16 15:15:53+05:30,3137.4,45,3135.14,3326423,107782.0,168617.0,3163.0,3163.0,3108.0,3134.3,31928600,3447.7,2820.9,3839.9,2896.0,3137.2,73,4,3137.0,214,4,3136.9,262,7,3136.8,1313,3,3136.7,1637,9,3137.5,32,1,3137.6,32,1,3137.7,150,2,3137.8,324,5,3137.9,32,1
2031,2026-06-16 15:15:54+05:30,3137.4,45,3135.14,3326423,107782.0,168617.0,3163.0,3163.0,3108.0,3134.3,31928600,3447.7,2820.9,3839.9,2896.0,3137.2,73,4,3137.0,214,4,3136.9,262,7,3136.8,1313,3,3136.7,1637,9,3137.5,32,1,3137.6,32,1,3137.7,150,2,3137.8,324,5,3137.9,32,1
2031,2026-06-16 15:15:54+05:30,3137.2,6,3135.14,3326496,108107.0,168538.0,3163.0,3163.0,3108.0,3134.3,31928600,3447.7,2820.9,3839.9,2896.0,3137.2,96,5,3137.0,214,4,3136.9,262,7,3136.8,1313,3,3136.7,317,6,3137.5,155,5,3137.6,62,2,3137.7,118,1,3137.8,356,6,3138.0,314,3
2031,2026-06-16 15:15:54+05:30,3137.2,6,3135.14,3326496,108107.0,168538.0,3163.0,3163.0,3108.0,3134.3,31928600,3447.7,2820.9,3839.9,2896.0,3137.2,96,5,3137.0,214,4,3136.9,262,7,3136.8,1313,3,3136.7,317,6,3137.5,155,5,3137.6,62,2,3137.7,118,1,3137.8,356,6,3138.0,314,3
2031,2026-06-16 15:15:55+05:30,3137.3,1,3135.14,3326542,108462.0,168664.0,3163.0,3163.0,3108.0,3134.3,31928600,3447.7,2820.9,3839.9,2896.0,3137.3,15,1,3137.2,214,6,3137.1,37,2,3137.0,168,3,3136.9,244,5,3137.5,227,9,3137.6,62,2,3137.7,118,1,3137.8,313,4,3138.0,314,3
2031,2026-06-16 15:15:55+05:30,3137.3,2,3135.14,3326542,108462.0,168664.0,3163.0,3163.0,3108.0,3134.3,31928600,3447.7,2820.9,3839.9,2896.0,3137.3,15,1,3137.2,214,6,3137.1,37,2,3137.0,168,3,3136.9,244,5,3137.5,227,9,3137.6,62,2,3137.7,118,1,3137.8,313,4,3138.0,314,3
2031,2026-06-16 15:15:56+05:30,3137.3,2,3135.14,3326542,108462.0,168664.0,3163.0,3163.0,3108.0,3134.3,31928600,3447.7,2820.9,3839.9,2896.0,3137.3,15,1,3137.2,214,6,3137.1,37,2,3137.0,168,3,3136.9,244,5,3137.5,227,9,3137.6,62,2,3137.7,118,1,3137.8,313,4,3138.0,314,3
2031,2026-06-16 15:15:56+05:30,3137.0,9,3135.14,3327039,107527.0,168909.0,3163.0,3163.0,3108.0,3134.3,31928600,3447.7,2820.9,3839.9,2896.0,3137.0,77,3,3136.9,265,4,3136.8,116,4,3136.7,284,4,3136.6,1237,2,3137.2,30,1,3137.4,32,1,3137.5,336,15,3137.6,30,1,3137.7,150,2
2031,2026-06-16 15:15:56+05:30,3137.0,8,3135.14,3327039,107527.0,168909.0,3163.0,3163.0,3108.0,3134.3,31928600,3447.7,2820.9,3839.9,2896.0,3137.0,77,3,3136.9,265,4,3136.8,116,4,3136.7,284,4,3136.6,1237,2,3137.2,30,1,3137.4,32,1,3137.5,336,15,3137.6,30,1,3137.7,150,2
2031,2026-06-16 15:15:57+05:30,3137.2,2,3135.14,3327137,107589.0,169363.0,3163.0,3163.0,3108.0,3134.3,31928600,3447.7,2820.9,3839.9,2896.0,3137.0,213,4,3136.9,77,3,3136.7,227,4,3136.6,71,2,3136.5,206,2,3137.2,179,4,3137.3,32,1,3137.4,280,1,3137.5,336,15,3137.8,250,2
2031,2026-06-16 15:15:57+05:30,3137.2,2,3135.14,3327137,107589.0,169363.0,3163.0,3163.0,3108.0,3134.3,31928600,3447.7,2820.9,3839.9,2896.0,3137.0,213,4,3136.9,77,3,3136.7,227,4,3136.6,71,2,3136.5,206,2,3137.2,179,4,3137.3,32,1,3137.4,280,1,3137.5,336,15,3137.8,250,2
2031,2026-06-16 15:15:57+05:30,3137.2,2,3135.14,3327137,107589.0,169363.0,3163.0,3163.0,3108.0,3134.3,31928600,3447.7,2820.9,3839.9,2896.0,3137.0,213,4,3136.9,77,3,3136.7,227,4,3136.6,71,2,3136.5,206,2,3137.2,179,4,3137.3,32,1,3137.4,280,1,3137.5,336,15,3137.8,250,2
2031,2026-06-16 15:15:58+05:30,3137.2,2,3135.14,3327137,107589.0,169363.0,3163.0,3163.0,3108.0,3134.3,31928600,3447.7,2820.9,3839.9,2896.0,3137.0,213,4,3136.9,77,3,3136.7,227,4,3136.6,71,2,3136.5,206,2,3137.2,179,4,3137.3,32,1,3137.4,280,1,3137.5,336,15,3137.8,250,2
2031,2026-06-16 15:15:58+05:30,3137.2,100,3135.14,3327307,107376.0,168962.0,3163.0,3163.0,3108.0,3134.3,31928600,3447.7,2820.9,3839.9,2896.0,3137.1,3,2,3137.0,172,3,3136.9,76,2,3136.8,36,1,3136.7,224,3,3137.2,127,8,3137.3,32,1,3137.4,280,1,3137.5,240,9,3137.8,250,2
2031,2026-06-16 15:15:58+05:30,3137.2,8,3135.14,3327307,107376.0,168962.0,3163.0,3163.0,3108.0,3134.3,31928600,3447.7,2820.9,3839.9,2896.0,3137.1,3,2,3137.0,172,3,3136.9,76,2,3136.8,36,1,3136.7,224,3,3137.2,127,8,3137.3,32,1,3137.4,280,1,3137.5,240,9,3137.8,250,2
2031,2026-06-16 15:15:58+05:30,3137.2,8,3135.14,3327307,107376.0,168962.0,3163.0,3163.0,3108.0,3134.3,31928600,3447.7,2820.9,3839.9,2896.0,3137.1,3,2,3137.0,172,3,3136.9,76,2,3136.8,36,1,3136.7,224,3,3137.2,127,8,3137.3,32,1,3137.4,280,1,3137.5,240,9,3137.8,250,2
2031,2026-06-16 15:15:59+05:30,3137.2,15,3135.14,3327524,107735.0,169026.0,3163.0,3163.0,3108.0,3134.3,31928600,3447.7,2820.9,3839.9,2896.0,3137.1,9,1,3137.0,122,3,3136.9,76,2,3136.7,224,3,3136.6,36,1,3137.2,207,8,3137.3,34,2,3137.4,280,1,3137.5,240,9,3137.8,250,2
2031,2026-06-16 15:15:59+05:30,3137.2,15,3135.14,3327524,107735.0,169026.0,3163.0,3163.0,3108.0,3134.3,31928600,3447.7,2820.9,3839.9,2896.0,3137.1,9,1,3137.0,122,3,3136.9,76,2,3136.7,224,3,3136.6,36,1,3137.2,207,8,3137.3,34,2,3137.4,280,1,3137.5,240,9,3137.8,250,2
2031,2026-06-16 15:15:59+05:30,3137.1,1,3135.14,3327524,107735.0,169026.0,3163.0,3163.0,3108.0,3134.3,31928600,3447.7,2820.9,3839.9,2896.0,3137.1,9,1,3137.0,122,3,3136.9,76,2,3136.7,224,3,3136.6,36,1,3137.2,207,8,3137.3,34,2,3137.4,280,1,3137.5,240,9,3137.8,250,2
2031,2026-06-16 15:16:00+05:30,3137.1,1,3135.14,3327524,107735.0,169026.0,3163.0,3163.0,3108.0,3134.3,31928600,3447.7,2820.9,3839.9,2896.0,3137.1,9,1,3137.0,122,3,3136.9,76,2,3136.7,224,3,3136.6,36,1,3137.2,207,8,3137.3,34,2,3137.4,280,1,3137.5,240,9,3137.8,250,2
2031,2026-06-16 15:16:00+05:30,3137.1,9,3135.14,3327591,108077.0,169135.0,3163.0,3163.0,3108.0,3134.3,31928600,3447.7,2820.9,3839.9,2896.0,3137.1,55,2,3137.0,124,5,3136.9,76,2,3136.8,14,1,3136.7,239,4,3137.2,304,14,3137.3,2,1,3137.4,312,2,3137.5,153,4,3137.6,32,1
2031,2026-06-16 15:16:00+05:30,3137.1,12,3135.14,3327591,108077.0,169135.0,3163.0,3163.0,3108.0,3134.3,31928600,3447.7,2820.9,3839.9,2896.0,3137.1,55,2,3137.0,124,5,3136.9,76,2,3136.8,14,1,3136.7,239,4,3137.2,304,14,3137.3,2,1,3137.4,312,2,3137.5,153,4,3137.6,32,1
2031,2026-06-16 15:16:00+05:30,3137.1,12,3135.14,3327591,108077.0,169135.0,3163.0,3163.0,3108.0,3134.3,31928600,3447.7,2820.9,3839.9,2896.0,3137.1,55,2,3137.0,124,5,3136.9,76,2,3136.8,14,1,3136.7,239,4,3137.2,304,14,3137.3,2,1,3137.4,312,2,3137.5,153,4,3137.6,32,1
2031,2026-06-16 15:16:01+05:30,3137.1,1,3135.14,3327897,108307.0,169089.0,3163.0,3163.0,3108.0,3134.3,31928600,3447.7,2820.9,3839.9,2896.0,3137.1,201,7,3137.0,175,6,3136.9,74,1,3136.8,14,1,3136.7,212,3,3137.2,115,10,3137.3,111,2,3137.4,280,1,3137.5,157,4,3137.8,250,2
2031,2026-06-16 15:16:01+05:30,3137.1,1,3135.14,3327897,108307.0,169089.0,3163.0,3163.0,3108.0,3134.3,31928600,3447.7,2820.9,3839.9,2896.0,3137.1,201,7,3137.0,175,6,3136.9,74,1,3136.8,14,1,3136.7,212,3,3137.2,115,10,3137.3,111,2,3137.4,280,1,3137.5,157,4,3137.8,250,2
2031,2026-06-16 15:16:02+05:30,3137.1,1,3135.14,3327897,108307.0,169089.0,3163.0,3163.0,3108.0,3134.3,31928600,3447.7,2820.9,3839.9,2896.0,3137.1,201,7,3137.0,175,6,3136.9,74,1,3136.8,14,1,3136.7,212,3,3137.2,115,10,3137.3,111,2,3137.4,280,1,3137.5,157,4,3137.8,250,2
2031,2026-06-16 15:16:02+05:30,3137.2,14,3135.14,3328089,108070.0,169041.0,3163.0,3163.0,3108.0,3134.3,31928600,3447.7,2820.9,3839.9,2896.0,3137.1,186,7,3137.0,110,5,3136.9,74,1,3136.8,14,1,3136.7,212,3,3137.2,169,10,3137.3,112,3,3137.4,280,1,3137.5,157,4,3137.8,250,2
2031,2026-06-16 15:16:02+05:30,3137.2,2,3135.14,3328089,108070.0,169041.0,3163.0,3163.0,3108.0,3134.3,31928600,3447.7,2820.9,3839.9,2896.0,3137.1,186,7,3137.0,110,5,3136.9,74,1,3136.8,14,1,3136.7,212,3,3137.2,169,10,3137.3,112,3,3137.4,280,1,3137.5,157,4,3137.8,250,2
2031,2026-06-16 15:16:02+05:30,3137.2,2,3135.14,3328089,108070.0,169041.0,3163.0,3163.0,3108.0,3134.3,31928600,3447.7,2820.9,3839.9,2896.0,3137.1,186,7,3137.0,110,5,3136.9,74,1,3136.8,14,1,3136.7,212,3,3137.2,169,10,3137.3,112,3,3137.4,280,1,3137.5,157,4,3137.8,250,2
2031,2026-06-16 15:16:03+05:30,3137.1,13,3135.14,3328123,108025.0,169099.0,3163.0,3163.0,3108.0,3134.3,31928600,3447.7,2820.9,3839.9,2896.0,3137.1,238,9,3137.0,182,7,3136.9,74,1,3136.8,1,1,3136.7,211,2,3137.2,167,10,3137.3,172,4,3137.4,280,1,3137.5,157,4,3137.8,318,3
2031,2026-06-16 15:16:03+05:30,3137.1,13,3135.14,3328123,108025.0,169099.0,3163.0,3163.0,3108.0,3134.3,31928600,3447.7,2820.9,3839.9,2896.0,3137.1,238,9,3137.0,182,7,3136.9,74,1,3136.8,1,1,3136.7,211,2,3137.2,167,10,3137.3,172,4,3137.4,280,1,3137.5,157,4,3137.8,318,3
2031,2026-06-16 15:16:03+05:30,3137.1,13,3135.14,3328123,108025.0,169099.0,3163.0,3163.0,3108.0,3134.3,31928600,3447.7,2820.9,3839.9,2896.0,3137.1,238,9,3137.0,182,7,3136.9,74,1,3136.8,1,1,3136.7,211,2,3137.2,167,10,3137.3,172,4,3137.4,280,1,3137.5,157,4,3137.8,318,3
2031,2026-06-16 15:16:04+05:30,3137.1,13,3135.14,3328123,108025.0,169099.0,3163.0,3163.0,3108.0,3134.3,31928600,3447.7,2820.9,3839.9,2896.0,3137.1,238,9,3137.0,182,7,3136.9,74,1,3136.8,1,1,3136.7,211,2,3137.2,167,10,3137.3,172,4,3137.4,280,1,3137.5,157,4,3137.8,318,3
2031,2026-06-16 15:16:04+05:30,3137.1,3,3135.14,3328123,108025.0,169099.0,3163.0,3163.0,3108.0,3134.3,31928600,3447.7,2820.9,3839.9,2896.0,3137.1,238,9,3137.0,182,7,3136.9,74,1,3136.8,1,1,3136.7,211,2,3137.2,167,10,3137.3,172,4,3137.4,280,1,3137.5,157,4,3137.8,318,3
2031,2026-06-16 15:16:04+05:30,3137.1,3,3135.14,3328233,108175.0,169161.0,3163.0,3163.0,3108.0,3134.3,31928600,3447.7,2820.9,3839.9,2896.0,3137.1,189,7,3137.0,110,5,3136.9,351,5,3136.7,211,2,3136.5,206,2,3137.2,121,7,3137.3,175,5,3137.4,280,1,3137.5,157,4,3137.8,250,2
2031,2026-06-16 15:16:05+05:30,3137.1,3,3135.14,3328233,108175.0,169161.0,3163.0,3163.0,3108.0,3134.3,31928600,3447.7,2820.9,3839.9,2896.0,3137.1,189,7,3137.0,110,5,3136.9,351,5,3136.7,211,2,3136.5,206,2,3137.2,121,7,3137.3,175,5,3137.4,280,1,3137.5,157,4,3137.8,250,2
2031,2026-06-16 15:16:05+05:30,3137.2,27,3135.14,3328233,108175.0,169161.0,3163.0,3163.0,3108.0,3134.3,31928600,3447.7,2820.9,3839.9,2896.0,3137.1,189,7,3137.0,110,5,3136.9,351,5,3136.7,211,2,3136.5,206,2,3137.2,121,7,3137.3,175,5,3137.4,280,1,3137.5,157,4,3137.8,250,2
2031,2026-06-16 15:16:05+05:30,3137.1,6,3135.14,3328308,108290.0,168964.0,3163.0,3163.0,3108.0,3134.3,31928600,3447.7,2820.9,3839.9,2896.0,3137.1,169,8,3137.0,146,6,3136.9,279,3,3136.7,211,2,3136.6,36,1,3137.2,100,8,3137.3,172,4,3137.4,280,1,3137.5,157,4,3137.8,250,2
2031,2026-06-16 15:16:06+05:30,3137.1,6,3135.14,3328308,108290.0,168964.0,3163.0,3163.0,3108.0,3134.3,31935000,3447.7,2820.9,3839.9,2896.0,3137.1,169,8,3137.0,146,6,3136.9,279,3,3136.7,211,2,3136.6,36,1,3137.2,100,8,3137.3,172,4,3137.4,280,1,3137.5,157,4,3137.8,250,2
2031,2026-06-16 15:16:06+05:30,3137.2,16,3135.14,3328308,108290.0,168964.0,3163.0,3163.0,3108.0,3134.3,31935000,3447.7,2820.9,3839.9,2896.0,3137.1,169,8,3137.0,146,6,3136.9,279,3,3136.7,211,2,3136.6,36,1,3137.2,100,8,3137.3,172,4,3137.4,280,1,3137.5,157,4,3137.8,250,2
2031,2026-06-16 15:16:06+05:30,3137.2,16,3135.14,3329608,108674.0,168244.0,3163.0,3163.0,3108.0,3134.3,31935000,3447.7,2820.9,3839.9,2896.0,3137.1,1538,11,3137.0,113,6,3136.9,394,4,3136.8,14,1,3136.7,1645,4,3137.3,193,6,3137.4,280,1,3137.5,157,4,3137.8,250,2,3138.0,314,3
2031,2026-06-16 15:16:07+05:30,3137.3,6,3135.14,3329608,108674.0,168244.0,3163.0,3163.0,3108.0,3134.3,31935000,3447.7,2820.9,3839.9,2896.0,3137.1,1538,11,3137.0,113,6,3136.9,394,4,3136.8,14,1,3136.7,1645,4,3137.3,193,6,3137.4,280,1,3137.5,157,4,3137.8,250,2,3138.0,314,3
2031,2026-06-16 15:16:07+05:30,3137.3,6,3135.14,3329619,109003.0,168210.0,3163.0,3163.0,3108.0,3134.3,31935000,3447.7,2820.9,3839.9,2896.0,3137.1,491,12,3137.0,114,7,3136.9,593,4,3136.8,14,1,3136.7,1283,3,3137.3,113,8,3137.4,280,1,3137.5,157,4,3137.8,250,2,3138.0,314,3
2031,2026-06-16 15:16:08+05:30,3137.4,2,3135.14,3329619,109003.0,168210.0,3163.0,3163.0,3108.0,3134.3,31935000,3447.7,2820.9,3839.9,2896.0,3137.1,491,12,3137.0,114,7,3136.9,593,4,3136.8,14,1,3136.7,1283,3,3137.3,113,8,3137.4,280,1,3137.5,157,4,3137.8,250,2,3138.0,314,3
2031,2026-06-16 15:16:08+05:30,3137.4,2,3135.14,3329919,109624.0,168509.0,3163.0,3163.0,3108.0,3134.3,31935000,3447.7,2820.9,3839.9,2896.0,3137.2,50,6,3137.1,407,9,3137.0,112,5,3136.9,795,6,3136.7,1417,4,3137.4,278,1,3137.5,157,4,3137.8,250,2,3138.0,314,3,3138.2,13,1
2031,2026-06-16 15:16:09+05:30,3137.4,1,3135.14,3329919,109624.0,168509.0,3163.0,3163.0,3108.0,3134.3,31935000,3447.7,2820.9,3839.9,2896.0,3137.2,50,6,3137.1,407,9,3137.0,112,5,3136.9,795,6,3136.7,1417,4,3137.4,278,1,3137.5,157,4,3137.8,250,2,3138.0,314,3,3138.2,13,1
2031,2026-06-16 15:16:09+05:30,3137.4,1,3135.14,3330567,109844.0,167780.0,3163.0,3163.0,3108.0,3134.3,31935000,3447.7,2820.9,3839.9,2896.0,3137.3,59,3,3137.2,605,7,3137.1,758,11,3137.0,357,6,3136.9,727,5,3137.8,262,3,3138.0,314,3,3138.2,13,1,3138.5,12,1,3138.6,135,2
2031,2026-06-16 15:16:10+05:30,3137.4,20,3135.14,3330567,109844.0,167780.0,3163.0,3163.0,3108.0,3134.3,31935000,3447.7,2820.9,3839.9,2896.0,3137.3,59,3,3137.2,605,7,3137.1,758,11,3137.0,357,6,3136.9,727,5,3137.8,262,3,3138.0,314,3,3138.2,13,1,3138.5,12,1,3138.6,135,2
2031,2026-06-16 15:16:10+05:30,3137.4,20,3135.14,3330678,109737.0,168080.0,3163.0,3163.0,3108.0,3134.3,31935000,3447.7,2820.9,3839.9,2896.0,3137.6,1,1,3137.4,74,2,3137.3,1,1,3137.2,662,10,3137.1,1072,12,3137.8,324,4,3137.9,29,1,3138.0,322,4,3138.2,13,1,3138.5,12,1
2031,2026-06-16 15:16:11+05:30,3137.8,65,3135.14,3330678,109737.0,168080.0,3163.0,3163.0,3108.0,3134.3,31935000,3447.7,2820.9,3839.9,2896.0,3137.6,1,1,3137.4,74,2,3137.3,1,1,3137.2,662,10,3137.1,1072,12,3137.8,324,4,3137.9,29,1,3138.0,322,4,3138.2,13,1,3138.5,12,1
2031,2026-06-16 15:16:11+05:30,3137.8,92,3135.14,3331194,110025.0,167392.0,3163.0,3163.0,3108.0,3134.3,31935000,3447.7,2820.9,3839.9,2896.0,3137.7,32,1,3137.6,234,10,3137.5,32,1,3137.4,75,2,3137.3,103,4,3137.9,29,1,3138.0,322,4,3138.2,13,1,3138.5,12,1,3138.6,1,1
2031,2026-06-16 15:16:12+05:30,3137.8,15,3135.14,3331194,110025.0,167392.0,3163.0,3163.0,3108.0,3134.3,31935000,3447.7,2820.9,3839.9,2896.0,3137.7,32,1,3137.6,234,10,3137.5,32,1,3137.4,75,2,3137.3,103,4,3137.9,29,1,3138.0,322,4,3138.2,13,1,3138.5,12,1,3138.6,1,1
2031,2026-06-16 15:16:12+05:30,3137.9,20,3135.14,3331358,109381.0,168078.0,3163.0,3163.0,3108.0,3134.3,31935000,3447.7,2820.9,3839.9,2896.0,3137.9,17,1,3137.7,273,4,3137.6,168,10,3137.5,32,1,3137.4,112,3,3138.0,426,5,3138.2,13,1,3138.5,81,2,3138.6,1,1,3138.9,137,2
2031,2026-06-16 15:16:13+05:30,3137.9,57,3135.14,3331358,109381.0,168078.0,3163.0,3163.0,3108.0,3134.3,31935000,3447.7,2820.9,3839.9,2896.0,3137.9,17,1,3137.7,273,4,3137.6,168,10,3137.5,32,1,3137.4,112,3,3138.0,426,5,3138.2,13,1,3138.5,81,2,3138.6,1,1,3138.9,137,2
2031,2026-06-16 15:16:13+05:30,3137.9,193,3135.14,3331947,109297.0,167906.0,3163.0,3163.0,3108.0,3134.3,31935000,3447.7,2820.9,3839.9,2896.0,3137.9,47,3,3137.8,69,2,3137.7,248,3,3137.6,170,9,3137.5,70,2,3138.0,253,4,3138.2,16,2,3138.5,26,2,3138.6,1,1,3138.9,134,1
2031,2026-06-16 15:16:14+05:30,3138.0,23,3135.14,3331947,109297.0,167906.0,3163.0,3163.0,3108.0,3134.3,31935000,3447.7,2820.9,3839.9,2896.0,3137.9,47,3,3137.8,69,2,3137.7,248,3,3137.6,170,9,3137.5,70,2,3138.0,253,4,3138.2,16,2,3138.5,26,2,3138.6,1,1,3138.9,134,1
2031,2026-06-16 15:16:14+05:30,3138.0,2,3135.14,3332271,109085.0,168114.0,3163.0,3163.0,3108.0,3134.3,31935000,3447.7,2820.9,3839.9,2896.0,3137.9,1,1,3137.8,32,1,3137.7,249,4,3137.6,132,7,3137.5,85,3,3138.0,244,5,3138.2,16,2,3138.5,12,1,3138.6,1,1,3138.9,178,3
2031,2026-06-16 15:16:15+05:30,3138.0,2,3135.14,3332271,109085.0,168114.0,3163.0,3163.0,3108.0,3134.3,31935000,3447.7,2820.9,3839.9,2896.0,3137.9,1,1,3137.8,32,1,3137.7,249,4,3137.6,132,7,3137.5,85,3,3138.0,244,5,3138.2,16,2,3138.5,12,1,3138.6,1,1,3138.9,178,3
2031,2026-06-16 15:16:15+05:30,3138.0,1,3135.14,3332804,108749.0,167467.0,3163.0,3163.0,3108.0,3134.3,31935000,3447.7,2820.9,3839.9,2896.0,3137.9,130,8,3137.8,57,2,3137.7,249,4,3137.6,136,5,3137.5,1363,5,3138.0,112,4,3138.2,16,2,3138.5,12,1,3138.6,1,1,3138.9,136,2
2031,2026-06-16 15:16:16+05:30,3137.9,4,3135.14,3332804,108749.0,167467.0,3163.0,3163.0,3108.0,3134.3,31935000,3447.7,2820.9,3839.9,2896.0,3137.9,130,8,3137.8,57,2,3137.7,249,4,3137.6,136,5,3137.5,1363,5,3138.0,112,4,3138.2,16,2,3138.5,12,1,3138.6,1,1,3138.9,136,2
2031,2026-06-16 15:16:16+05:30,3138.5,11,3135.14,3333032,109670.0,167530.0,3163.0,3163.0,3108.0,3134.3,31935000,3447.7,2820.9,3839.9,2896.0,3138.3,45,1,3138.1,70,3,3138.0,32,1,3137.9,166,10,3137.8,72,3,3138.5,1,1,3138.6,1,1,3139.0,32,2,3139.1,543,4,3139.4,139,2
2031,2026-06-16 15:16:17+05:30,3139.1,32,3135.14,3333032,109670.0,167530.0,3163.0,3163.0,3108.0,3134.3,31935000,3447.7,2820.9,3839.9,2896.0,3138.3,45,1,3138.1,70,3,3138.0,32,1,3137.9,166,10,3137.8,72,3,3138.5,1,1,3138.6,1,1,3139.0,32,2,3139.1,543,4,3139.4,139,2
2031,2026-06-16 15:16:17+05:30,3139.1,32,3135.15,3333119,109618.0,167129.0,3163.0,3163.0,3108.0,3134.3,31935000,3447.7,2820.9,3839.9,2896.0,3138.8,25,1,3138.7,33,2,3138.6,32,1,3138.5,32,1,3138.4,184,2,3139.1,517,4,3139.3,3,1,3139.4,175,3,3139.5,1,1,3139.6,2,1
2031,2026-06-16 15:16:18+05:30,3139.0,6,3135.15,3333119,109618.0,167129.0,3163.0,3163.0,3108.0,3134.3,31935000,3447.7,2820.9,3839.9,2896.0,3138.8,25,1,3138.7,33,2,3138.6,32,1,3138.5,32,1,3138.4,184,2,3139.1,517,4,3139.3,3,1,3139.4,175,3,3139.5,1,1,3139.6,2,1
2031,2026-06-16 15:16:18+05:30,3139.0,6,3135.15,3333210,109906.0,167483.0,3163.0,3163.0,3108.0,3134.3,31935000,3447.7,2820.9,3839.9,2896.0,3138.9,32,1,3138.8,181,8,3138.7,34,2,3138.5,79,3,3138.4,172,2,3139.0,81,1,3139.1,545,5,3139.3,3,1,3139.4,7,1,3139.5,1,1
2031,2026-06-16 15:16:19+05:30,3139.0,65,3135.15,3333210,109906.0,167483.0,3163.0,3163.0,3108.0,3134.3,31935000,3447.7,2820.9,3839.9,2896.0,3138.9,32,1,3138.8,181,8,3138.7,34,2,3138.5,79,3,3138.4,172,2,3139.0,81,1,3139.1,545,5,3139.3,3,1,3139.4,7,1,3139.5,1,1
2031,2026-06-16 15:16:20+05:30,3139.0,49,3135.15,3333715,109757.0,168576.0,3163.0,3163.0,3108.0,3134.3,31935000,3447.7,2820.9,3839.9,2896.0,3138.8,63,8,3138.7,2,1,3138.6,32,1,3138.5,10,1,3138.4,218,4,3139.0,112,6,3139.1,593,6,3139.2,14,1,3139.3,7,1,3139.4,10,2
2031,2026-06-16 15:16:20+05:30,3139.0,109,3135.15,3333715,109757.0,168576.0,3163.0,3163.0,3108.0,3134.3,31935000,3447.7,2820.9,3839.9,2896.0,3138.8,63,8,3138.7,2,1,3138.6,32,1,3138.5,10,1,3138.4,218,4,3139.0,112,6,3139.1,593,6,3139.2,14,1,3139.3,7,1,3139.4,10,2
2031,2026-06-16 15:16:21+05:30,3139.0,4,3135.15,3334136,109985.0,167718.0,3163.0,3163.0,3108.0,3134.3,31935000,3447.7,2820.9,3839.9,2896.0,3138.9,69,2,3138.8,46,7,3138.7,34,2,3138.6,245,3,3138.5,32,1,3139.0,30,1,3139.1,583,6,3139.3,7,1,3139.4,7,1,3139.5,15,2
2031,2026-06-16 15:16:21+05:30,3139.1,25,3135.15,3334136,109985.0,167718.0,3163.0,3163.0,3108.0,3134.3,31935000,3447.7,2820.9,3839.9,2896.0,3138.9,69,2,3138.8,46,7,3138.7,34,2,3138.6,245,3,3138.5,32,1,3139.0,30,1,3139.1,583,6,3139.3,7,1,3139.4,7,1,3139.5,15,2
2031,2026-06-16 15:16:21+05:30,3138.9,4,3135.15,3334486,110435.0,167578.0,3163.0,3163.0,3108.0,3134.3,31935000,3447.7,2820.9,3839.9,2896.0,3138.9,404,8,3138.8,51,5,3138.7,18,2,3138.6,278,4,3138.4,162,2,3139.1,491,5,3139.3,7,1,3139.4,10,2,3139.5,15,2,3139.6,2,1
2031,2026-06-16 15:16:22+05:30,3139.1,31,3135.15,3334486,110435.0,167578.0,3163.0,3163.0,3108.0,3134.3,31935000,3447.7,2820.9,3839.9,2896.0,3138.9,404,8,3138.8,51,5,3138.7,18,2,3138.6,278,4,3138.4,162,2,3139.1,491,5,3139.3,7,1,3139.4,10,2,3139.5,15,2,3139.6,2,1
2031,2026-06-16 15:16:23+05:30,3139.1,31,3135.15,3334632,110468.0,167848.0,3163.0,3163.0,3108.0,3134.3,31935000,3447.7,2820.9,3839.9,2896.0,3139.0,2,1,3138.9,724,11,3138.8,76,6,3138.7,256,5,3138.6,263,3,3139.1,182,6,3139.2,527,3,3139.3,7,1,3139.4,7,1,3139.5,1,1
2031,2026-06-16 15:16:23+05:30,3139.1,57,3135.15,3334632,110468.0,167848.0,3163.0,3163.0,3108.0,3134.3,31935000,3447.7,2820.9,3839.9,2896.0,3139.0,2,1,3138.9,724,11,3138.8,76,6,3138.7,256,5,3138.6,263,3,3139.1,182,6,3139.2,527,3,3139.3,7,1,3139.4,7,1,3139.5,1,1
2031,2026-06-16 15:16:24+05:30,3139.1,1,3135.15,3334817,110608.0,167391.0,3163.0,3163.0,3108.0,3134.3,31935000,3447.7,2820.9,3839.9,2896.0,3139.0,146,8,3138.9,752,9,3138.8,61,5,3138.7,308,4,3138.6,279,4,3139.1,129,6,3139.3,7,1,3139.4,7,1,3139.5,1,1,3139.7,3,1
2031,2026-06-16 15:16:24+05:30,3139.0,1,3135.15,3334817,110608.0,167391.0,3163.0,3163.0,3108.0,3134.3,31935000,3447.7,2820.9,3839.9,2896.0,3139.0,146,8,3138.9,752,9,3138.8,61,5,3138.7,308,4,3138.6,279,4,3139.1,129,6,3139.3,7,1,3139.4,7,1,3139.5,1,1,3139.7,3,1
2031,2026-06-16 15:16:25+05:30,3139.1,39,3135.15,3335225,110606.0,167805.0,3163.0,3163.0,3108.0,3134.3,31935000,3447.7,2820.9,3839.9,2896.0,3139.0,57,5,3138.9,715,8,3138.8,60,4,3138.7,238,3,3138.6,279,4,3139.1,185,5,3139.2,31,1,3139.3,7,1,3139.4,7,1,3139.5,1,1
2031,2026-06-16 15:16:25+05:30,3139.0,10,3135.15,3335225,110606.0,167805.0,3163.0,3163.0,3108.0,3134.3,31935000,3447.7,2820.9,3839.9,2896.0,3139.0,57,5,3138.9,715,8,3138.8,60,4,3138.7,238,3,3138.6,279,4,3139.1,185,5,3139.2,31,1,3139.3,7,1,3139.4,7,1,3139.5,1,1
2031,2026-06-16 15:16:26+05:30,3139.2,3,3135.15,3335806,110380.0,167213.0,3163.0,3163.0,3108.0,3134.3,31935000,3447.7,2820.9,3839.9,2896.0,3139.0,95,7,3138.9,715,8,3138.8,27,2,3138.7,307,5,3138.6,204,1,3139.1,26,1,3139.3,7,1,3139.4,7,1,3139.5,1,1,3139.7,3,1
2031,2026-06-16 15:16:26+05:30,3139.0,7,3135.15,3335806,110380.0,167213.0,3163.0,3163.0,3108.0,3134.3,31935000,3447.7,2820.9,3839.9,2896.0,3139.0,95,7,3138.9,715,8,3138.8,27,2,3138.7,307,5,3138.6,204,1,3139.1,26,1,3139.3,7,1,3139.4,7,1,3139.5,1,1,3139.7,3,1
2031,2026-06-16 15:16:27+05:30,3139.1,1,3135.15,3335947,111369.0,167467.0,3163.0,3163.0,3108.0,3134.3,31935000,3447.7,2820.9,3839.9,2896.0,3139.1,141,3,3139.0,626,11,3138.9,715,8,3138.8,113,3,3138.7,275,4,3139.2,37,1,3139.3,3,1,3139.4,3,1,3139.5,1,1,3139.7,3,1
2031,2026-06-16 15:16:27+05:30,3139.2,4,3135.15,3335947,111369.0,167467.0,3163.0,3163.0,3108.0,3134.3,31935000,3447.7,2820.9,3839.9,2896.0,3139.1,141,3,3139.0,626,11,3138.9,715,8,3138.8,113,3,3138.7,275,4,3139.2,37,1,3139.3,3,1,3139.4,3,1,3139.5,1,1,3139.7,3,1
2031,2026-06-16 15:16:28+05:30,3139.1,1,3135.15,3336043,111075.0,167592.0,3163.0,3163.0,3108.0,3134.3,31935000,3447.7,2820.9,3839.9,2896.0,3139.1,287,4,3139.0,626,11,3138.9,556,7,3138.8,15,1,3138.7,270,4,3139.2,115,4,3139.5,1,1,3139.7,3,1,3139.9,249,6,3140.0,104,6
2031,2026-06-16 15:16:28+05:30,3139.2,45,3135.15,3336043,111075.0,167592.0,3163.0,3163.0,3108.0,3134.3,31935000,3447.7,2820.9,3839.9,2896.0,3139.1,287,4,3139.0,626,11,3138.9,556,7,3138.8,15,1,3138.7,270,4,3139.2,115,4,3139.5,1,1,3139.7,3,1,3139.9,249,6,3140.0,104,6
2031,2026-06-16 15:16:29+05:30,3139.2,45,3135.15,3336158,111516.0,167441.0,3163.0,3163.0,3108.0,3134.3,31935000,3447.7,2820.9,3839.9,2896.0,3139.1,403,9,3139.0,626,11,3138.9,534,6,3138.8,37,1,3138.7,445,6,3139.2,24,4,3139.5,1,1,3139.7,3,1,3139.9,249,6,3140.0,104,6
2031,2026-06-16 15:16:29+05:30,3139.2,3,3135.15,3336158,111516.0,167441.0,3163.0,3163.0,3108.0,3134.3,31935000,3447.7,2820.9,3839.9,2896.0,3139.1,403,9,3139.0,626,11,3138.9,534,6,3138.8,37,1,3138.7,445,6,3139.2,24,4,3139.5,1,1,3139.7,3,1,3139.9,249,6,3140.0,104,6
2031,2026-06-16 15:16:30+05:30,3139.4,9,3135.15,3336386,112012.0,167541.0,3163.0,3163.0,3108.0,3134.3,31935000,3447.7,2820.9,3839.9,2896.0,3139.4,14,1,3139.3,69,2,3139.2,49,3,3139.1,563,20,3139.0,538,5,3139.5,1,1,3139.6,8,1,3139.7,3,1,3139.9,249,6,3140.0,104,6
2031,2026-06-16 15:16:30+05:30,3139.4,10,3135.15,3336386,112012.0,167541.0,3163.0,3163.0,3108.0,3134.3,31935000,3447.7,2820.9,3839.9,2896.0,3139.4,14,1,3139.3,69,2,3139.2,49,3,3139.1,563,20,3139.0,538,5,3139.5,1,1,3139.6,8,1,3139.7,3,1,3139.9,249,6,3140.0,104,6
2031,2026-06-16 15:16:31+05:30,3139.5,1,3135.15,3336417,111720.0,167652.0,3163.0,3163.0,3108.0,3134.3,31935000,3447.7,2820.9,3839.9,2896.0,3139.4,608,4,3139.3,32,1,3139.2,49,3,3139.1,531,19,3139.0,534,6,3139.5,124,5,3139.6,535,4,3139.7,3,1,3139.8,75,1,3139.9,249,6
2031,2026-06-16 15:16:31+05:30,3139.5,1,3135.15,3336417,111720.0,167652.0,3163.0,3163.0,3108.0,3134.3,31935000,3447.7,2820.9,3839.9,2896.0,3139.4,608,4,3139.3,32,1,3139.2,49,3,3139.1,531,19,3139.0,534,6,3139.5,124,5,3139.6,535,4,3139.7,3,1,3139.8,75,1,3139.9,249,6
2031,2026-06-16 15:16:32+05:30,3139.4,100,3135.15,3336417,111720.0,167652.0,3163.0,3163.0,3108.0,3134.3,31935000,3447.7,2820.9,3839.9,2896.0,3139.4,608,4,3139.3,32,1,3139.2,49,3,3139.1,531,19,3139.0,534,6,3139.5,124,5,3139.6,535,4,3139.7,3,1,3139.8,75,1,3139.9,249,6
2031,2026-06-16 15:16:32+05:30,3139.4,100,3135.15,3336584,111668.0,167710.0,3163.0,3163.0,3108.0,3134.3,31935000,3447.7,2820.9,3839.9,2896.0,3139.4,780,13,3139.3,32,1,3139.2,87,4,3139.1,300,13,3139.0,570,6,3139.5,153,6,3139.6,535,4,3139.7,3,1,3139.8,75,1,3139.9,252,7
2031,2026-06-16 15:16:33+05:30,3139.5,61,3135.15,3336584,111668.0,167710.0,3163.0,3163.0,3108.0,3134.3,31935000,3447.7,2820.9,3839.9,2896.0,3139.4,780,13,3139.3,32,1,3139.2,87,4,3139.1,300,13,3139.0,570,6,3139.5,153,6,3139.6,535,4,3139.7,3,1,3139.8,75,1,3139.9,252,7
2031,2026-06-16 15:16:33+05:30,3139.5,61,3135.15,3336835,112233.0,167409.0,3163.0,3163.0,3108.0,3134.3,31935000,3447.7,2820.9,3839.9,2896.0,3139.4,769,15,3139.3,32,1,3139.2,87,4,3139.1,263,11,3139.0,570,6,3139.5,60,2,3139.6,535,4,3139.7,3,1,3139.8,75,1,3139.9,252,7
2031,2026-06-16 15:16:34+05:30,3139.4,27,3135.15,3336835,112233.0,167409.0,3163.0,3163.0,3108.0,3134.3,31935000,3447.7,2820.9,3839.9,2896.0,3139.4,769,15,3139.3,32,1,3139.2,87,4,3139.1,263,11,3139.0,570,6,3139.5,60,2,3139.6,535,4,3139.7,3,1,3139.8,75,1,3139.9,252,7
2031,2026-06-16 15:16:34+05:30,3139.5,2,3135.15,3337592,110822.0,167649.0,3163.0,3163.0,3108.0,3134.3,31935000,3447.7,2820.9,3839.9,2896.0,3139.4,305,16,3139.2,56,4,3139.1,252,8,3139.0,460,3,3138.9,178,3,3139.5,71,3,3139.6,627,7,3139.7,3,1,3139.8,75,1,3139.9,249,6
2031,2026-06-16 15:16:35+05:30,3139.4,15,3135.15,3337592,110822.0,167649.0,3163.0,3163.0,3108.0,3134.3,31935000,3447.7,2820.9,3839.9,2896.0,3139.4,305,16,3139.2,56,4,3139.1,252,8,3139.0,460,3,3138.9,178,3,3139.5,71,3,3139.6,627,7,3139.7,3,1,3139.8,75,1,3139.9,249,6
2031,2026-06-16 15:16:35+05:30,3139.4,15,3135.15,3338111,110757.0,167954.0,3163.0,3163.0,3108.0,3134.3,31935000,3447.7,2820.9,3839.9,2896.0,3139.4,403,12,3139.2,266,5,3139.1,232,7,3139.0,460,3,3138.9,166,2,3139.5,575,5,3139.6,190,4,3139.7,3,1,3139.8,75,1,3139.9,249,6
2031,2026-06-16 15:16:36+05:30,3139.4,22,3135.15,3338111,110757.0,167954.0,3163.0,3163.0,3108.0,3134.3,31935000,3447.7,2820.9,3839.9,2896.0,3139.4,403,12,3139.2,266,5,3139.1,232,7,3139.0,460,3,3138.9,166,2,3139.5,575,5,3139.6,190,4,3139.7,3,1,3139.8,75,1,3139.9,249,6
2031,2026-06-16 15:16:37+05:30,3139.4,22,3135.15,3339797,110317.0,168211.0,3163.0,3163.0,3108.0,3134.3,31935000,3447.7,2820.9,3839.9,2896.0,3139.4,264,9,3139.2,389,7,3139.1,232,7,3139.0,330,4,3138.9,39,1,3139.5,51,3,3139.6,736,7,3139.7,3,1,3139.8,75,1,3139.9,249,6
2031,2026-06-16 15:16:37+05:30,3139.5,8,3135.15,3339797,110317.0,168211.0,3163.0,3163.0,3108.0,3134.3,31935000,3447.7,2820.9,3839.9,2896.0,3139.4,264,9,3139.2,389,7,3139.1,232,7,3139.0,330,4,3138.9,39,1,3139.5,51,3,3139.6,736,7,3139.7,3,1,3139.8,75,1,3139.9,249,6
2031,2026-06-16 15:16:38+05:30,3139.5,8,3135.15,3339827,110582.0,168355.0,3163.0,3163.0,3108.0,3134.3,31935000,3447.7,2820.9,3839.9,2896.0,3139.4,266,10,3139.3,1,1,3139.2,607,8,3139.1,232,7,3139.0,330,4,3139.5,363,6,3139.6,773,8,3139.7,3,1,3139.8,75,1,3139.9,318,7
2031,2026-06-16 15:16:38+05:30,3139.5,12,3135.15,3339827,110582.0,168355.0,3163.0,3163.0,3108.0,3134.3,31935000,3447.7,2820.9,3839.9,2896.0,3139.4,266,10,3139.3,1,1,3139.2,607,8,3139.1,232,7,3139.0,330,4,3139.5,363,6,3139.6,773,8,3139.7,3,1,3139.8,75,1,3139.9,318,7
2031,2026-06-16 15:16:39+05:30,3139.4,23,3135.15,3340459,110615.0,167676.0,3163.0,3163.0,3108.0,3134.3,31935000,3447.7,2820.9,3839.9,2896.0,3139.4,290,14,3139.2,626,9,3139.1,167,4,3139.0,330,4,3138.9,39,1,3139.5,79,6,3139.6,736,7,3139.7,31,2,3139.8,75,1,3139.9,318,7
2031,2026-06-16 15:16:39+05:30,3139.5,17,3135.15,3340459,110615.0,167676.0,3163.0,3163.0,3108.0,3134.3,31935000,3447.7,2820.9,3839.9,2896.0,3139.4,290,14,3139.2,626,9,3139.1,167,4,3139.0,330,4,3138.9,39,1,3139.5,79,6,3139.6,736,7,3139.7,31,2,3139.8,75,1,3139.9,318,7
2031,2026-06-16 15:16:40+05:30,3139.5,3,3135.15,3340585,110818.0,167316.0,3163.0,3163.0,3108.0,3134.3,31935000,3447.7,2820.9,3839.9,2896.0,3139.4,294,16,3139.2,625,8,3139.1,167,4,3139.0,330,4,3138.9,39,1,3139.5,23,2,3139.6,736,7,3139.7,31,2,3139.8,75,1,3139.9,318,7
2031,2026-06-16 15:16:40+05:30,3139.5,3,3135.15,3340585,110818.0,167316.0,3163.0,3163.0,3108.0,3134.3,31935000,3447.7,2820.9,3839.9,2896.0,3139.4,294,16,3139.2,625,8,3139.1,167,4,3139.0,330,4,3138.9,39,1,3139.5,23,2,3139.6,736,7,3139.7,31,2,3139.8,75,1,3139.9,318,7
2031,2026-06-16 15:16:41+05:30,3139.5,8,3135.15,3340758,110902.0,167052.0,3163.0,3163.0,3108.0,3134.3,31935000,3447.7,2820.9,3839.9,2896.0,3139.4,333,16,3139.2,625,8,3139.1,167,4,3139.0,331,5,3138.9,39,1,3139.5,26,2,3139.6,740,8,3139.7,31,2,3139.8,75,1,3139.9,249,6
2031,2026-06-16 15:16:41+05:30,3139.5,8,3135.15,3340758,110902.0,167052.0,3163.0,3163.0,3108.0,3134.3,31935000,3447.7,2820.9,3839.9,2896.0,3139.4,333,16,3139.2,625,8,3139.1,167,4,3139.0,331,5,3138.9,39,1,3139.5,26,2,3139.6,740,8,3139.7,31,2,3139.8,75,1,3139.9,249,6
2031,2026-06-16 15:16:42+05:30,3139.4,70,3135.15,3340828,110839.0,167289.0,3163.0,3163.0,3108.0,3134.3,31935000,3447.7,2820.9,3839.9,2896.0,3139.4,263,16,3139.2,625,8,3139.1,167,4,3139.0,331,5,3138.9,39,1,3139.5,135,4,3139.6,797,9,3139.7,31,2,3139.8,75,1,3139.9,249,6
2031,2026-06-16 15:16:42+05:30,3139.4,70,3135.15,3340828,110839.0,167289.0,3163.0,3163.0,3108.0,3134.3,31935000,3447.7,2820.9,3839.9,2896.0,3139.4,263,16,3139.2,625,8,3139.1,167,4,3139.0,331,5,3138.9,39,1,3139.5,135,4,3139.6,797,9,3139.7,31,2,3139.8,75,1,3139.9,249,6
2031,2026-06-16 15:16:43+05:30,3139.4,133,3135.16,3342815,109308.0,168084.0,3163.0,3163.0,3108.0,3134.3,31935000,3447.7,2820.9,3839.9,2896.0,3139.1,167,4,3139.0,330,4,3138.9,39,1,3138.8,13,3,3138.6,9,1,3139.4,68,2,3139.5,263,8,3139.6,802,10,3139.7,31,2,3139.8,73,1
2031,2026-06-16 15:16:43+05:30,3139.4,19,3135.16,3342815,109308.0,168084.0,3163.0,3163.0,3108.0,3134.3,31935000,3447.7,2820.9,3839.9,2896.0,3139.1,167,4,3139.0,330,4,3138.9,39,1,3138.8,13,3,3138.6,9,1,3139.4,68,2,3139.5,263,8,3139.6,802,10,3139.7,31,2,3139.8,73,1
2031,2026-06-16 15:16:44+05:30,3139.4,14,3135.16,3343097,109119.0,167718.0,3163.0,3163.0,3108.0,3134.3,31935000,3447.7,2820.9,3839.9,2896.0,3139.4,9,2,3139.1,146,5,3139.0,330,4,3138.9,39,1,3138.8,12,2,3139.5,231,8,3139.6,802,10,3139.7,31,2,3139.8,15,1,3139.9,353,7
2031,2026-06-16 15:16:44+05:30,3139.4,33,3135.16,3343097,109119.0,167718.0,3163.0,3163.0,3108.0,3134.3,31935000,3447.7,2820.9,3839.9,2896.0,3139.4,9,2,3139.1,146,5,3139.0,330,4,3138.9,39,1,3138.8,12,2,3139.5,231,8,3139.6,802,10,3139.7,31,2,3139.8,15,1,3139.9,353,7
2031,2026-06-16 15:16:45+05:30,3139.5,7,3135.16,3343285,109073.0,168092.0,3163.0,3163.0,3108.0,3134.3,31935000,3447.7,2820.9,3839.9,2896.0,3139.4,1,1,3139.2,1,1,3139.1,145,4,3139.0,346,5,3138.9,39,1,3139.5,286,6,3139.6,833,12,3139.7,32,3,3139.8,74,2,3139.9,400,8
2031,2026-06-16 15:16:45+05:30,3139.5,7,3135.16,3343285,109073.0,168092.0,3163.0,3163.0,3108.0,3134.3,31935000,3447.7,2820.9,3839.9,2896.0,3139.4,1,1,3139.2,1,1,3139.1,145,4,3139.0,346,5,3138.9,39,1,3139.5,286,6,3139.6,833,12,3139.7,32,3,3139.8,74,2,3139.9,400,8
2031,2026-06-16 15:16:45+05:30,3139.5,1,3135.16,3343285,109073.0,168092.0,3163.0,3163.0,3108.0,3134.3,31935000,3447.7,2820.9,3839.9,2896.0,3139.4,1,1,3139.2,1,1,3139.1,145,4,3139.0,346,5,3138.9,39,1,3139.5,286,6,3139.6,833,12,3139.7,32,3,3139.8,74,2,3139.9,400,8
2031,2026-06-16 15:16:46+05:30,3139.4,6,3135.16,3343437,109178.0,168178.0,3163.0,3163.0,3108.0,3134.3,31935000,3447.7,2820.9,3839.9,2896.0,3139.4,8,2,3139.2,1,1,3139.1,143,5,3139.0,346,5,3138.9,39,1,3139.5,533,11,3139.6,833,12,3139.7,32,3,3139.8,74,2,3139.9,353,7
2031,2026-06-16 15:16:46+05:30,3139.4,2,3135.16,3343437,109178.0,168178.0,3163.0,3163.0,3108.0,3134.3,31935000,3447.7,2820.9,3839.9,2896.0,3139.4,8,2,3139.2,1,1,3139.1,143,5,3139.0,346,5,3138.9,39,1,3139.5,533,11,3139.6,833,12,3139.7,32,3,3139.8,74,2,3139.9,353,7
2031,2026-06-16 15:16:47+05:30,3139.4,2,3135.16,3343437,109178.0,168178.0,3163.0,3163.0,3108.0,3134.3,31935000,3447.7,2820.9,3839.9,2896.0,3139.4,8,2,3139.2,1,1,3139.1,143,5,3139.0,346,5,3138.9,39,1,3139.5,533,11,3139.6,833,12,3139.7,32,3,3139.8,74,2,3139.9,353,7
2031,2026-06-16 15:16:47+05:30,3139.4,46,3135.16,3344635,107931.0,167573.0,3163.0,3163.0,3108.0,3134.3,31935000,3447.7,2820.9,3839.9,2896.0,3139.4,143,1,3139.2,46,1,3138.8,24,3,3138.6,206,2,3138.5,72,1,3139.5,342,11,3139.6,833,12,3139.7,32,3,3139.8,1,1,3139.9,249,6
2031,2026-06-16 15:16:47+05:30,3139.4,21,3135.16,3344635,107931.0,167573.0,3163.0,3163.0,3108.0,3134.3,31935000,3447.7,2820.9,3839.9,2896.0,3139.4,143,1,3139.2,46,1,3138.8,24,3,3138.6,206,2,3138.5,72,1,3139.5,342,11,3139.6,833,12,3139.7,32,3,3139.8,1,1,3139.9,249,6
2031,2026-06-16 15:16:48+05:30,3139.4,2,3135.16,3344811,108262.0,167773.0,3163.0,3163.0,3108.0,3134.3,31935000,3447.7,2820.9,3839.9,2896.0,3139.4,7,1,3139.2,35,1,3138.8,24,3,3138.6,222,3,3138.3,11,2,3139.5,381,12,3139.6,833,12,3139.7,106,5,3139.8,130,3,3139.9,249,6
2031,2026-06-16 15:16:48+05:30,3139.4,2,3135.16,3344811,108262.0,167773.0,3163.0,3163.0,3108.0,3134.3,31935000,3447.7,2820.9,3839.9,2896.0,3139.4,7,1,3139.2,35,1,3138.8,24,3,3138.6,222,3,3138.3,11,2,3139.5,381,12,3139.6,833,12,3139.7,106,5,3139.8,130,3,3139.9,249,6
2031,2026-06-16 15:16:49+05:30,3139.5,4,3135.16,3344900,108476.0,167522.0,3163.0,3163.0,3108.0,3134.3,31935000,3447.7,2820.9,3839.9,2896.0,3139.4,9,1,3139.2,49,2,3138.8,24,3,3138.6,304,5,3138.3,11,2,3139.5,342,11,3139.6,833,12,3139.7,33,4,3139.8,83,2,3139.9,249,6
2031,2026-06-16 15:16:49+05:30,3139.5,4,3135.16,3344900,108476.0,167522.0,3163.0,3163.0,3108.0,3134.3,31935000,3447.7,2820.9,3839.9,2896.0,3139.4,9,1,3139.2,49,2,3138.8,24,3,3138.6,304,5,3138.3,11,2,3139.5,342,11,3139.6,833,12,3139.7,33,4,3139.8,83,2,3139.9,249,6
2031,2026-06-16 15:16:49+05:30,3139.2,28,3135.16,3344900,108476.0,167522.0,3163.0,3163.0,3108.0,3134.3,31935000,3447.7,2820.9,3839.9,2896.0,3139.4,9,1,3139.2,49,2,3138.8,24,3,3138.6,304,5,3138.3,11,2,3139.5,342,11,3139.6,833,12,3139.7,33,4,3139.8,83,2,3139.9,249,6
2031,2026-06-16 15:16:50+05:30,3139.2,435,3135.16,3345934,108498.0,167532.0,3163.0,3163.0,3108.0,3134.3,31935000,3447.7,2820.9,3839.9,2896.0,3139.4,4,2,3139.2,157,2,3138.8,24,3,3138.6,233,4,3138.3,11,2,3139.5,331,13,3139.6,833,12,3139.7,33,4,3139.8,74,2,3139.9,296,7
2031,2026-06-16 15:16:50+05:30,3139.2,435,3135.16,3345934,108498.0,167532.0,3163.0,3163.0,3108.0,3134.3,31935000,3447.7,2820.9,3839.9,2896.0,3139.4,4,2,3139.2,157,2,3138.8,24,3,3138.6,233,4,3138.3,11,2,3139.5,331,13,3139.6,833,12,3139.7,33,4,3139.8,74,2,3139.9,296,7
2031,2026-06-16 15:16:51+05:30,3139.4,9,3135.16,3345948,108557.0,167754.0,3163.0,3163.0,3108.0,3134.3,31935000,3447.7,2820.9,3839.9,2896.0,3139.4,29,2,3139.2,173,3,3139.0,1,1,3138.8,24,3,3138.6,233,4,3139.5,312,12,3139.6,833,12,3139.7,33,4,3139.8,1,1,3139.9,326,7
2031,2026-06-16 15:16:51+05:30,3139.4,9,3135.16,3345948,108557.0,167754.0,3163.0,3163.0,3108.0,3134.3,31935000,3447.7,2820.9,3839.9,2896.0,3139.4,29,2,3139.2,173,3,3139.0,1,1,3138.8,24,3,3138.6,233,4,3139.5,312,12,3139.6,833,12,3139.7,33,4,3139.8,1,1,3139.9,326,7
2031,2026-06-16 15:16:51+05:30,3139.4,9,3135.16,3345948,108557.0,167754.0,3163.0,3163.0,3108.0,3134.3,31935000,3447.7,2820.9,3839.9,2896.0,3139.4,29,2,3139.2,173,3,3139.0,1,1,3138.8,24,3,3138.6,233,4,3139.5,312,12,3139.6,833,12,3139.7,33,4,3139.8,1,1,3139.9,326,7
2031,2026-06-16 15:16:52+05:30,3139.4,29,3135.16,3346039,108688.0,167531.0,3163.0,3163.0,3108.0,3134.3,31935000,3447.7,2820.9,3839.9,2896.0,3139.4,16,1,3139.2,277,5,3139.0,1,1,3138.8,24,3,3138.6,233,4,3139.5,553,14,3139.6,833,12,3139.7,33,4,3139.8,79,2,3139.9,96,6
2031,2026-06-16 15:16:52+05:30,3139.4,4,3135.16,3346039,108688.0,167531.0,3163.0,3163.0,3108.0,3134.3,31935000,3447.7,2820.9,3839.9,2896.0,3139.4,16,1,3139.2,277,5,3139.0,1,1,3138.8,24,3,3138.6,233,4,3139.5,553,14,3139.6,833,12,3139.7,33,4,3139.8,79,2,3139.9,96,6
2031,2026-06-16 15:16:53+05:30,3139.4,63,3135.16,3346108,108744.0,167515.0,3163.0,3163.0,3108.0,3134.3,31935000,3447.7,2820.9,3839.9,2896.0,3139.4,128,3,3139.3,3,1,3139.2,133,3,3139.1,1,1,3138.8,24,3,3139.5,537,14,3139.6,833,12,3139.7,33,4,3139.8,79,2,3139.9,49,5
2031,2026-06-16 15:16:53+05:30,3139.4,38,3135.16,3346108,108744.0,167515.0,3163.0,3163.0,3108.0,3134.3,31935000,3447.7,2820.9,3839.9,2896.0,3139.4,128,3,3139.3,3,1,3139.2,133,3,3139.1,1,1,3138.8,24,3,3139.5,537,14,3139.6,833,12,3139.7,33,4,3139.8,79,2,3139.9,49,5
2031,2026-06-16 15:16:54+05:30,3139.4,38,3135.16,3346108,108744.0,167515.0,3163.0,3163.0,3108.0,3134.3,31935000,3447.7,2820.9,3839.9,2896.0,3139.4,128,3,3139.3,3,1,3139.2,133,3,3139.1,1,1,3138.8,24,3,3139.5,537,14,3139.6,833,12,3139.7,33,4,3139.8,79,2,3139.9,49,5
2031,2026-06-16 15:16:54+05:30,3139.4,28,3135.16,3346686,108481.0,167771.0,3163.0,3163.0,3108.0,3134.3,31935000,3447.7,2820.9,3839.9,2896.0,3139.4,125,3,3139.2,133,3,3139.1,1,1,3138.8,24,3,3138.6,206,2,3139.5,614,16,3139.6,836,13,3139.7,33,4,3139.8,1,1,3139.9,49,5
2031,2026-06-16 15:16:54+05:30,3139.4,1,3135.16,3346686,108481.0,167771.0,3163.0,3163.0,3108.0,3134.3,31935000,3447.7,2820.9,3839.9,2896.0,3139.4,125,3,3139.2,133,3,3139.1,1,1,3138.8,24,3,3138.6,206,2,3139.5,614,16,3139.6,836,13,3139.7,33,4,3139.8,1,1,3139.9,49,5
2031,2026-06-16 15:16:55+05:30,3139.5,27,3135.16,3346838,108921.0,167607.0,3163.0,3163.0,3108.0,3134.3,31935000,3447.7,2820.9,3839.9,2896.0,3139.4,198,5,3139.2,134,4,3138.8,37,4,3138.6,222,3,3138.5,3,1,3139.5,583,17,3139.6,836,13,3139.7,33,4,3139.8,61,2,3139.9,38,4
2031,2026-06-16 15:16:55+05:30,3139.4,18,3135.16,3346838,108921.0,167607.0,3163.0,3163.0,3108.0,3134.3,31935000,3447.7,2820.9,3839.9,2896.0,3139.4,198,5,3139.2,134,4,3138.8,37,4,3138.6,222,3,3138.5,3,1,3139.5,583,17,3139.6,836,13,3139.7,33,4,3139.8,61,2,3139.9,38,4
2031,2026-06-16 15:16:56+05:30,3139.4,18,3135.16,3346838,108921.0,167607.0,3163.0,3163.0,3108.0,3134.3,31935000,3447.7,2820.9,3839.9,2896.0,3139.4,198,5,3139.2,134,4,3138.8,37,4,3138.6,222,3,3138.5,3,1,3139.5,583,17,3139.6,836,13,3139.7,33,4,3139.8,61,2,3139.9,38,4
2031,2026-06-16 15:16:56+05:30,3139.2,1,3135.16,3347413,108742.0,167812.0,3163.0,3163.0,3108.0,3134.3,31935000,3447.7,2820.9,3839.9,2896.0,3139.2,124,4,3139.1,14,1,3139.0,6,2,3138.8,37,4,3138.6,222,3,3139.4,243,3,3139.5,600,18,3139.6,833,12,3139.7,33,4,3139.8,61,2
2031,2026-06-16 15:16:56+05:30,3139.2,21,3135.16,3347413,108742.0,167812.0,3163.0,3163.0,3108.0,3134.3,31935000,3447.7,2820.9,3839.9,2896.0,3139.2,124,4,3139.1,14,1,3139.0,6,2,3138.8,37,4,3138.6,222,3,3139.4,243,3,3139.5,600,18,3139.6,833,12,3139.7,33,4,3139.8,61,2
2031,2026-06-16 15:16:57+05:30,3139.2,21,3135.16,3347413,108742.0,167812.0,3163.0,3163.0,3108.0,3134.3,31935000,3447.7,2820.9,3839.9,2896.0,3139.2,124,4,3139.1,14,1,3139.0,6,2,3138.8,37,4,3138.6,222,3,3139.4,243,3,3139.5,600,18,3139.6,833,12,3139.7,33,4,3139.8,61,2
2031,2026-06-16 15:16:57+05:30,3139.4,2,3135.16,3347486,108549.0,167519.0,3163.0,3163.0,3108.0,3134.3,31935000,3447.7,2820.9,3839.9,2896.0,3139.2,90,6,3139.1,15,2,3139.0,5,1,3138.8,37,4,3138.6,222,3,3139.4,388,11,3139.5,442,10,3139.6,967,13,3139.7,110,5,3139.8,61,2
2031,2026-06-16 15:16:57+05:30,3139.2,25,3135.16,3347486,108549.0,167519.0,3163.0,3163.0,3108.0,3134.3,31935000,3447.7,2820.9,3839.9,2896.0,3139.2,90,6,3139.1,15,2,3139.0,5,1,3138.8,37,4,3138.6,222,3,3139.4,388,11,3139.5,442,10,3139.6,967,13,3139.7,110,5,3139.8,61,2
2031,2026-06-16 15:16:58+05:30,3139.2,25,3135.16,3347486,108549.0,167519.0,3163.0,3163.0,3108.0,3134.3,31935000,3447.7,2820.9,3839.9,2896.0,3139.2,90,6,3139.1,15,2,3139.0,5,1,3138.8,37,4,3138.6,222,3,3139.4,388,11,3139.5,442,10,3139.6,967,13,3139.7,110,5,3139.8,61,2
2031,2026-06-16 15:16:58+05:30,3139.4,1,3135.16,3347515,108483.0,165822.0,3163.0,3163.0,3108.0,3134.3,31935000,3447.7,2820.9,3839.9,2896.0,3139.3,2,1,3139.2,65,6,3139.1,14,1,3139.0,5,1,3138.8,37,4,3139.4,581,15,3139.5,399,9,3139.6,967,13,3139.7,110,5,3139.8,61,2
2031,2026-06-16 15:16:58+05:30,3139.4,1,3135.16,3347515,108483.0,165822.0,3163.0,3163.0,3108.0,3134.3,31935000,3447.7,2820.9,3839.9,2896.0,3139.3,2,1,3139.2,65,6,3139.1,14,1,3139.0,5,1,3138.8,37,4,3139.4,581,15,3139.5,399,9,3139.6,967,13,3139.7,110,5,3139.8,61,2
2031,2026-06-16 15:16:58+05:30,3139.4,1,3135.16,3347515,108483.0,165822.0,3163.0,3163.0,3108.0,3134.3,31935000,3447.7,2820.9,3839.9,2896.0,3139.3,2,1,3139.2,65,6,3139.1,14,1,3139.0,5,1,3138.8,37,4,3139.4,581,15,3139.5,399,9,3139.6,967,13,3139.7,110,5,3139.8,61,2
2031,2026-06-16 15:16:59+05:30,3139.4,1,3135.16,3347515,108483.0,165822.0,3163.0,3163.0,3108.0,3134.3,31935000,3447.7,2820.9,3839.9,2896.0,3139.3,2,1,3139.2,65,6,3139.1,14,1,3139.0,5,1,3138.8,37,4,3139.4,581,15,3139.5,399,9,3139.6,967,13,3139.7,110,5,3139.8,61,2
2031,2026-06-16 15:16:59+05:30,3139.1,2,3135.16,3347515,108483.0,165822.0,3163.0,3163.0,3108.0,3134.3,31935000,3447.7,2820.9,3839.9,2896.0,3139.1,12,1,3139.0,5,1,3138.8,37,4,3138.6,206,2,3138.3,11,2,3139.3,14,1,3139.4,600,16,3139.5,924,11,3139.6,440,10,3139.7,33,4
2031,2026-06-16 15:16:59+05:30,3139.1,2,3135.16,3347835,108221.0,167253.0,3163.0,3163.0,3108.0,3134.3,31935000,3447.7,2820.9,3839.9,2896.0,3139.1,12,1,3139.0,5,1,3138.8,37,4,3138.6,206,2,3138.3,11,2,3139.3,14,1,3139.4,600,16,3139.5,924,11,3139.6,440,10,3139.7,33,4
2031,2026-06-16 15:16:59+05:30,3139.1,2,3135.16,3347835,108221.0,167253.0,3163.0,3163.0,3108.0,3134.3,31935000,3447.7,2820.9,3839.9,2896.0,3139.1,12,1,3139.0,5,1,3138.8,37,4,3138.6,206,2,3138.3,11,2,3139.3,14,1,3139.4,600,16,3139.5,924,11,3139.6,440,10,3139.7,33,4
2031,2026-06-16 15:17:00+05:30,3139.1,3,3135.16,3347835,108221.0,167253.0,3163.0,3163.0,3108.0,3134.3,31935000,3447.7,2820.9,3839.9,2896.0,3139.1,12,1,3139.0,5,1,3138.8,37,4,3138.6,206,2,3138.3,11,2,3139.3,14,1,3139.4,600,16,3139.5,924,11,3139.6,440,10,3139.7,33,4
2031,2026-06-16 15:17:00+05:30,3139.1,3,3135.16,3347835,108221.0,167253.0,3163.0,3163.0,3108.0,3134.3,31935000,3447.7,2820.9,3839.9,2896.0,3139.1,12,1,3139.0,5,1,3138.8,37,4,3138.6,206,2,3138.3,11,2,3139.3,14,1,3139.4,600,16,3139.5,924,11,3139.6,440,10,3139.7,33,4
2031,2026-06-16 15:17:00+05:30,3139.3,1,3135.16,3348276,108442.0,167063.0,3163.0,3163.0,3108.0,3134.3,31935000,3447.7,2820.9,3839.9,2896.0,3139.1,53,6,3139.0,5,1,3138.8,37,4,3138.6,217,3,3138.4,87,1,3139.3,5,2,3139.4,316,9,3139.5,390,6,3139.6,833,12,3139.7,33,4
2031,2026-06-16 15:17:01+05:30,3139.1,9,3135.16,3348276,108442.0,167063.0,3163.0,3163.0,3108.0,3134.3,31935000,3447.7,2820.9,3839.9,2896.0,3139.1,53,6,3139.0,5,1,3138.8,37,4,3138.6,217,3,3138.4,87,1,3139.3,5,2,3139.4,316,9,3139.5,390,6,3139.6,833,12,3139.7,33,4
2031,2026-06-16 15:17:01+05:30,3139.1,9,3135.16,3348276,108442.0,167063.0,3163.0,3163.0,3108.0,3134.3,31935000,3447.7,2820.9,3839.9,2896.0,3139.1,53,6,3139.0,5,1,3138.8,37,4,3138.6,217,3,3138.4,87,1,3139.3,5,2,3139.4,316,9,3139.5,390,6,3139.6,833,12,3139.7,33,4
2031,2026-06-16 15:17:01+05:30,3139.1,9,3135.16,3348363,108409.0,167069.0,3163.0,3163.0,3108.0,3134.3,31935000,3447.7,2820.9,3839.9,2896.0,3139.1,47,6,3139.0,5,1,3138.8,37,4,3138.6,217,3,3138.3,88,3,3139.3,105,5,3139.4,169,3,3139.5,917,9,3139.6,306,9,3139.7,154,6
2031,2026-06-16 15:17:02+05:30,3139.1,9,3135.16,3348363,108409.0,167069.0,3163.0,3163.0,3108.0,3134.3,31935000,3447.7,2820.9,3839.9,2896.0,3139.1,47,6,3139.0,5,1,3138.8,37,4,3138.6,217,3,3138.3,88,3,3139.3,105,5,3139.4,169,3,3139.5,917,9,3139.6,306,9,3139.7,154,6
2031,2026-06-16 15:17:02+05:30,3139.1,1,3135.16,3348363,108409.0,167069.0,3163.0,3163.0,3108.0,3134.3,31935000,3447.7,2820.9,3839.9,2896.0,3139.1,47,6,3139.0,5,1,3138.8,37,4,3138.6,217,3,3138.3,88,3,3139.3,105,5,3139.4,169,3,3139.5,917,9,3139.6,306,9,3139.7,154,6
2031,2026-06-16 15:17:03+05:30,3139.1,12,3135.16,3348420,108544.0,167591.0,3163.0,3163.0,3108.0,3134.3,31935000,3447.7,2820.9,3839.9,2896.0,3139.1,44,6,3139.0,5,1,3138.8,37,4,3138.6,217,3,3138.3,11,2,3139.2,5,1,3139.3,122,5,3139.4,177,4,3139.5,917,9,3139.6,306,9
2031,2026-06-16 15:17:03+05:30,3139.1,12,3135.16,3348420,108544.0,167591.0,3163.0,3163.0,3108.0,3134.3,31935000,3447.7,2820.9,3839.9,2896.0,3139.1,44,6,3139.0,5,1,3138.8,37,4,3138.6,217,3,3138.3,11,2,3139.2,5,1,3139.3,122,5,3139.4,177,4,3139.5,917,9,3139.6,306,9
2031,2026-06-16 15:17:03+05:30,3139.1,1,3135.16,3348420,108544.0,167591.0,3163.0,3163.0,3108.0,3134.3,31935000,3447.7,2820.9,3839.9,2896.0,3139.1,44,6,3139.0,5,1,3138.8,37,4,3138.6,217,3,3138.3,11,2,3139.2,5,1,3139.3,122,5,3139.4,177,4,3139.5,917,9,3139.6,306,9
2031,2026-06-16 15:17:04+05:30,3139.1,1,3135.16,3348420,108544.0,167591.0,3163.0,3163.0,3108.0,3134.3,31935000,3447.7,2820.9,3839.9,2896.0,3139.1,44,6,3139.0,5,1,3138.8,37,4,3138.6,217,3,3138.3,11,2,3139.2,5,1,3139.3,122,5,3139.4,177,4,3139.5,917,9,3139.6,306,9
2031,2026-06-16 15:17:04+05:30,3139.1,12,3135.16,3348653,108554.0,167562.0,3163.0,3163.0,3108.0,3134.3,31935000,3447.7,2820.9,3839.9,2896.0,3139.1,98,7,3139.0,5,1,3138.8,37,4,3138.6,217,3,3138.3,11,2,3139.2,5,1,3139.3,126,7,3139.4,703,6,3139.5,390,6,3139.6,97,5
2031,2026-06-16 15:17:04+05:30,3139.1,6,3135.16,3348653,108554.0,167562.0,3163.0,3163.0,3108.0,3134.3,31935000,3447.7,2820.9,3839.9,2896.0,3139.1,98,7,3139.0,5,1,3138.8,37,4,3138.6,217,3,3138.3,11,2,3139.2,5,1,3139.3,126,7,3139.4,703,6,3139.5,390,6,3139.6,97,5
2031,2026-06-16 15:17:05+05:30,3139.1,6,3135.16,3348653,108554.0,167562.0,3163.0,3163.0,3108.0,3134.3,31935000,3447.7,2820.9,3839.9,2896.0,3139.1,98,7,3139.0,5,1,3138.8,37,4,3138.6,217,3,3138.3,11,2,3139.2,5,1,3139.3,126,7,3139.4,703,6,3139.5,390,6,3139.6,97,5
2031,2026-06-16 15:17:05+05:30,3139.1,6,3135.16,3348734,108423.0,167604.0,3163.0,3163.0,3108.0,3134.3,31935000,3447.7,2820.9,3839.9,2896.0,3139.1,169,9,3139.0,5,1,3138.9,17,1,3138.8,37,4,3138.6,217,3,3139.2,118,6,3139.3,73,4,3139.4,703,6,3139.5,390,6,3139.6,97,5
2031,2026-06-16 15:17:06+05:30,3139.1,6,3135.16,3348734,108423.0,167604.0,3163.0,3163.0,3108.0,3134.3,31934000,3447.7,2820.9,3839.9,2896.0,3139.1,169,9,3139.0,5,1,3138.9,17,1,3138.8,37,4,3138.6,217,3,3139.2,118,6,3139.3,73,4,3139.4,703,6,3139.5,390,6,3139.6,97,5
2031,2026-06-16 15:17:06+05:30,3139.1,1,3135.16,3348940,108339.0,167730.0,3163.0,3163.0,3108.0,3134.3,31934000,3447.7,2820.9,3839.9,2896.0,3139.1,73,7,3139.0,5,1,3138.9,17,1,3138.8,37,4,3138.6,217,3,3139.2,470,14,3139.3,2,2,3139.4,176,3,3139.5,917,9,3139.6,97,5
2031,2026-06-16 15:17:06+05:30,3139.1,8,3135.16,3348940,108339.0,167730.0,3163.0,3163.0,3108.0,3134.3,31934000,3447.7,2820.9,3839.9,2896.0,3139.1,73,7,3139.0,5,1,3138.9,17,1,3138.8,37,4,3138.6,217,3,3139.2,470,14,3139.3,2,2,3139.4,176,3,3139.5,917,9,3139.6,97,5
2031,2026-06-16 15:17:07+05:30,3139.2,4,3135.16,3349163,107924.0,167919.0,3163.0,3163.0,3108.0,3134.3,31934000,3447.7,2820.9,3839.9,2896.0,3139.1,52,8,3139.0,5,1,3138.8,37,4,3138.6,217,3,3138.4,1,1,3139.2,486,15,3139.3,1,1,3139.4,703,6,3139.5,390,6,3139.6,97,5
2031,2026-06-16 15:17:07+05:30,3139.2,4,3135.16,3349163,107924.0,167919.0,3163.0,3163.0,3108.0,3134.3,31934000,3447.7,2820.9,3839.9,2896.0,3139.1,52,8,3139.0,5,1,3138.8,37,4,3138.6,217,3,3138.4,1,1,3139.2,486,15,3139.3,1,1,3139.4,703,6,3139.5,390,6,3139.6,97,5
2031,2026-06-16 15:17:08+05:30,3139.1,1,3135.16,3349173,107927.0,167754.0,3163.0,3163.0,3108.0,3134.3,31934000,3447.7,2820.9,3839.9,2896.0,3139.1,63,9,3139.0,5,1,3138.8,37,4,3138.6,217,3,3138.4,1,1,3139.2,487,16,3139.3,1,1,3139.4,703,6,3139.5,390,6,3139.6,97,5
2031,2026-06-16 15:17:08+05:30,3139.1,2,3135.16,3349173,107927.0,167754.0,3163.0,3163.0,3108.0,3134.3,31934000,3447.7,2820.9,3839.9,2896.0,3139.1,63,9,3139.0,5,1,3138.8,37,4,3138.6,217,3,3138.4,1,1,3139.2,487,16,3139.3,1,1,3139.4,703,6,3139.5,390,6,3139.6,97,5
2031,2026-06-16 15:17:09+05:30,3139.1,14,3135.17,3349360,107948.0,167715.0,3163.0,3163.0,3108.0,3134.3,31934000,3447.7,2820.9,3839.9,2896.0,3139.1,68,6,3139.0,5,1,3138.9,17,1,3138.8,37,4,3138.6,217,3,3139.2,454,13,3139.3,4,2,3139.4,703,6,3139.5,520,7,3139.6,97,5
2031,2026-06-16 15:17:09+05:30,3139.1,14,3135.17,3349360,107948.0,167715.0,3163.0,3163.0,3108.0,3134.3,31934000,3447.7,2820.9,3839.9,2896.0,3139.1,68,6,3139.0,5,1,3138.9,17,1,3138.8,37,4,3138.6,217,3,3139.2,454,13,3139.3,4,2,3139.4,703,6,3139.5,520,7,3139.6,97,5
2031,2026-06-16 15:17:10+05:30,3139.2,8,3135.17,3349682,107940.0,167559.0,3163.0,3163.0,3108.0,3134.3,31934000,3447.7,2820.9,3839.9,2896.0,3139.1,81,6,3139.0,5,1,3138.9,17,1,3138.8,37,4,3138.6,253,5,3139.2,498,13,3139.3,4,2,3139.4,503,5,3139.5,520,7,3139.6,97,5
2031,2026-06-16 15:17:10+05:30,3139.1,9,3135.17,3349682,107940.0,167559.0,3163.0,3163.0,3108.0,3134.3,31934000,3447.7,2820.9,3839.9,2896.0,3139.1,81,6,3139.0,5,1,3138.9,17,1,3138.8,37,4,3138.6,253,5,3139.2,498,13,3139.3,4,2,3139.4,503,5,3139.5,520,7,3139.6,97,5
2031,2026-06-16 15:17:11+05:30,3139.1,6,3135.17,3349682,107940.0,167559.0,3163.0,3163.0,3108.0,3134.3,31934000,3447.7,2820.9,3839.9,2896.0,3139.1,81,6,3139.0,5,1,3138.9,17,1,3138.8,37,4,3138.6,253,5,3139.2,498,13,3139.3,4,2,3139.4,503,5,3139.5,520,7,3139.6,97,5
2031,2026-06-16 15:17:11+05:30,3139.1,6,3135.17,3349769,107766.0,167843.0,3163.0,3163.0,3108.0,3134.3,31934000,3447.7,2820.9,3839.9,2896.0,3139.1,44,6,3139.0,5,1,3138.9,17,1,3138.8,37,4,3138.7,1,1,3139.2,510,14,3139.3,4,2,3139.4,534,5,3139.5,689,8,3139.6,97,5
2031,2026-06-16 15:17:12+05:30,3139.1,6,3135.17,3349769,107766.0,167843.0,3163.0,3163.0,3108.0,3134.3,31934000,3447.7,2820.9,3839.9,2896.0,3139.1,44,6,3139.0,5,1,3138.9,17,1,3138.8,37,4,3138.7,1,1,3139.2,510,14,3139.3,4,2,3139.4,534,5,3139.5,689,8,3139.6,97,5
2031,2026-06-16 15:17:12+05:30,3139.1,6,3135.17,3350293,107546.0,167607.0,3163.0,3163.0,3108.0,3134.3,31934000,3447.7,2820.9,3839.9,2896.0,3139.1,142,2,3139.0,293,2,3138.9,41,2,3138.8,38,5,3138.6,206,2,3139.2,153,11,3139.3,632,6,3139.4,176,3,3139.5,390,6,3139.6,97,5
2031,2026-06-16 15:17:13+05:30,3139.2,3,3135.17,3350293,107546.0,167607.0,3163.0,3163.0,3108.0,3134.3,31934000,3447.7,2820.9,3839.9,2896.0,3139.1,142,2,3139.0,293,2,3138.9,41,2,3138.8,38,5,3138.6,206,2,3139.2,153,11,3139.3,632,6,3139.4,176,3,3139.5,390,6,3139.6,97,5
2031,2026-06-16 15:17:13+05:30,3139.2,3,3135.17,3350442,107608.0,167424.0,3163.0,3163.0,3108.0,3134.3,31934000,3447.7,2820.9,3839.9,2896.0,3139.1,134,4,3139.0,322,3,3138.9,38,1,3138.8,38,5,3138.6,250,4,3139.2,227,10,3139.3,537,6,3139.4,176,3,3139.5,390,6,3139.6,97,5
2031,2026-06-16 15:17:14+05:30,3139.2,1,3135.17,3350442,107608.0,167424.0,3163.0,3163.0,3108.0,3134.3,31934000,3447.7,2820.9,3839.9,2896.0,3139.1,134,4,3139.0,322,3,3138.9,38,1,3138.8,38,5,3138.6,250,4,3139.2,227,10,3139.3,537,6,3139.4,176,3,3139.5,390,6,3139.6,97,5
2031,2026-06-16 15:17:14+05:30,3139.2,1,3135.17,3351024,107873.0,167739.0,3163.0,3163.0,3108.0,3134.3,31934000,3447.7,2820.9,3839.9,2896.0,3139.1,150,2,3139.0,469,5,3138.9,38,1,3138.8,38,5,3138.7,50,1,3139.2,42,6,3139.3,537,6,3139.4,176,3,3139.5,390,6,3139.6,97,5
2031,2026-06-16 15:17:15+05:30,3139.0,44,3135.17,3351024,107873.0,167739.0,3163.0,3163.0,3108.0,3134.3,31934000,3447.7,2820.9,3839.9,2896.0,3139.1,150,2,3139.0,469,5,3138.9,38,1,3138.8,38,5,3138.7,50,1,3139.2,42,6,3139.3,537,6,3139.4,176,3,3139.5,390,6,3139.6,97,5
2031,2026-06-16 15:17:16+05:30,3139.0,44,3135.17,3351539,107740.0,167813.0,3163.0,3163.0,3108.0,3134.3,31934000,3447.7,2820.9,3839.9,2896.0,3139.1,36,1,3139.0,249,5,3138.9,39,2,3138.8,37,4,3138.7,50,1,3139.2,23,3,3139.3,633,7,3139.4,66,3,3139.5,390,6,3139.6,97,5
2031,2026-06-16 15:17:16+05:30,3139.2,1,3135.17,3351539,107740.0,167813.0,3163.0,3163.0,3108.0,3134.3,31934000,3447.7,2820.9,3839.9,2896.0,3139.1,36,1,3139.0,249,5,3138.9,39,2,3138.8,37,4,3138.7,50,1,3139.2,23,3,3139.3,633,7,3139.4,66,3,3139.5,390,6,3139.6,97,5
2031,2026-06-16 15:17:17+05:30,3139.2,2,3135.17,3351576,107975.0,168150.0,3163.0,3163.0,3108.0,3134.3,31934000,3447.7,2820.9,3839.9,2896.0,3139.1,102,4,3139.0,250,6,3138.9,54,2,3138.8,37,4,3138.7,281,4,3139.2,193,8,3139.3,638,8,3139.4,66,3,3139.5,390,6,3139.6,63,3
2031,2026-06-16 15:17:17+05:30,3139.2,2,3135.17,3351576,107975.0,168150.0,3163.0,3163.0,3108.0,3134.3,31934000,3447.7,2820.9,3839.9,2896.0,3139.1,102,4,3139.0,250,6,3138.9,54,2,3138.8,37,4,3138.7,281,4,3139.2,193,8,3139.3,638,8,3139.4,66,3,3139.5,390,6,3139.6,63,3
2031,2026-06-16 15:17:18+05:30,3139.1,12,3135.17,3351789,107548.0,168132.0,3163.0,3163.0,3108.0,3134.3,31934000,3447.7,2820.9,3839.9,2896.0,3139.1,4,2,3139.0,249,5,3138.9,54,2,3138.8,37,4,3138.7,231,3,3139.2,240,10,3139.3,111,5,3139.4,593,6,3139.5,390,6,3139.6,63,3
2031,2026-06-16 15:17:18+05:30,3139.1,2,3135.17,3351789,107548.0,168132.0,3163.0,3163.0,3108.0,3134.3,31934000,3447.7,2820.9,3839.9,2896.0,3139.1,4,2,3139.0,249,5,3138.9,54,2,3138.8,37,4,3138.7,231,3,3139.2,240,10,3139.3,111,5,3139.4,593,6,3139.5,390,6,3139.6,63,3
2031,2026-06-16 15:17:19+05:30,3139.0,16,3135.17,3352035,107971.0,168360.0,3163.0,3163.0,3108.0,3134.3,31934000,3447.7,2820.9,3839.9,2896.0,3139.0,233,5,3138.9,54,2,3138.8,37,4,3138.7,231,3,3138.6,25,1,3139.1,3,1,3139.2,277,10,3139.3,111,5,3139.4,593,6,3139.5,390,6
2031,2026-06-16 15:17:19+05:30,3139.0,30,3135.17,3352035,107971.0,168360.0,3163.0,3163.0,3108.0,3134.3,31934000,3447.7,2820.9,3839.9,2896.0,3139.0,233,5,3138.9,54,2,3138.8,37,4,3138.7,231,3,3138.6,25,1,3139.1,3,1,3139.2,277,10,3139.3,111,5,3139.4,593,6,3139.5,390,6
2031,2026-06-16 15:17:20+05:30,3139.1,3,3135.17,3352384,107774.0,168002.0,3163.0,3163.0,3108.0,3134.3,31934000,3447.7,2820.9,3839.9,2896.0,3139.0,219,7,3138.9,38,1,3138.8,37,4,3138.7,231,3,3138.6,25,1,3139.1,3,1,3139.2,234,6,3139.3,111,5,3139.4,66,3,3139.5,789,7
2031,2026-06-16 15:17:20+05:30,3139.0,7,3135.17,3352384,107774.0,168002.0,3163.0,3163.0,3108.0,3134.3,31934000,3447.7,2820.9,3839.9,2896.0,3139.0,219,7,3138.9,38,1,3138.8,37,4,3138.7,231,3,3138.6,25,1,3139.1,3,1,3139.2,234,6,3139.3,111,5,3139.4,66,3,3139.5,789,7
2031,2026-06-16 15:17:21+05:30,3139.0,7,3135.17,3352408,107614.0,167999.0,3163.0,3163.0,3108.0,3134.3,31934000,3447.7,2820.9,3839.9,2896.0,3139.0,196,7,3138.9,38,1,3138.8,37,4,3138.7,231,3,3138.6,26,2,3139.1,44,3,3139.2,187,4,3139.3,111,5,3139.4,66,3,3139.5,789,7
2031,2026-06-16 15:17:21+05:30,3139.1,3,3135.17,3352408,107614.0,167999.0,3163.0,3163.0,3108.0,3134.3,31934000,3447.7,2820.9,3839.9,2896.0,3139.0,196,7,3138.9,38,1,3138.8,37,4,3138.7,231,3,3138.6,26,2,3139.1,44,3,3139.2,187,4,3139.3,111,5,3139.4,66,3,3139.5,789,7
2031,2026-06-16 15:17:22+05:30,3139.0,4,3135.17,3352614,107433.0,168158.0,3163.0,3163.0,3108.0,3134.3,31934000,3447.7,2820.9,3839.9,2896.0,3139.0,52,3,3138.9,38,1,3138.8,37,4,3138.7,232,4,3138.6,25,1,3139.1,181,7,3139.2,146,5,3139.3,111,5,3139.4,66,3,3139.5,789,7
2031,2026-06-16 15:17:22+05:30,3139.0,4,3135.17,3352614,107433.0,168158.0,3163.0,3163.0,3108.0,3134.3,31934000,3447.7,2820.9,3839.9,2896.0,3139.0,52,3,3138.9,38,1,3138.8,37,4,3138.7,232,4,3138.6,25,1,3139.1,181,7,3139.2,146,5,3139.3,111,5,3139.4,66,3,3139.5,789,7
2031,2026-06-16 15:17:23+05:30,3139.0,10,3135.17,3352614,107433.0,168158.0,3163.0,3163.0,3108.0,3134.3,31934000,3447.7,2820.9,3839.9,2896.0,3139.0,52,3,3138.9,38,1,3138.8,37,4,3138.7,232,4,3138.6,25,1,3139.1,181,7,3139.2,146,5,3139.3,111,5,3139.4,66,3,3139.5,789,7
2031,2026-06-16 15:17:23+05:30,3139.0,10,3135.17,3352785,107619.0,168022.0,3163.0,3163.0,3108.0,3134.3,31934000,3447.7,2820.9,3839.9,2896.0,3139.0,78,5,3138.9,55,2,3138.8,37,4,3138.7,232,4,3138.6,25,1,3139.1,258,8,3139.2,143,4,3139.3,111,5,3139.4,66,3,3139.5,789,7
2031,2026-06-16 15:17:24+05:30,3139.1,15,3135.17,3352785,107619.0,168022.0,3163.0,3163.0,3108.0,3134.3,31934000,3447.7,2820.9,3839.9,2896.0,3139.0,78,5,3138.9,55,2,3138.8,37,4,3138.7,232,4,3138.6,25,1,3139.1,258,8,3139.2,143,4,3139.3,111,5,3139.4,66,3,3139.5,789,7
2031,2026-06-16 15:17:24+05:30,3139.1,15,3135.17,3352822,107661.0,168014.0,3163.0,3163.0,3108.0,3134.3,31934000,3447.7,2820.9,3839.9,2896.0,3139.0,103,6,3138.9,55,2,3138.8,37,4,3138.7,232,4,3138.6,25,1,3139.1,250,9,3139.2,143,4,3139.3,111,5,3139.4,66,3,3139.5,789,7
2031,2026-06-16 15:17:25+05:30,3139.0,7,3135.17,3352822,107661.0,168014.0,3163.0,3163.0,3108.0,3134.3,31934000,3447.7,2820.9,3839.9,2896.0,3139.0,103,6,3138.9,55,2,3138.8,37,4,3138.7,232,4,3138.6,25,1,3139.1,250,9,3139.2,143,4,3139.3,111,5,3139.4,66,3,3139.5,789,7
2031,2026-06-16 15:17:25+05:30,3139.0,7,3135.17,3353022,107288.0,166074.0,3163.0,3163.0,3108.0,3134.3,31934000,3447.7,2820.9,3839.9,2896.0,3139.0,28,2,3138.9,55,2,3138.8,38,5,3138.7,231,3,3138.5,14,1,3139.1,250,9,3139.2,143,4,3139.3,111,5,3139.4,66,3,3139.5,927,8
2031,2026-06-16 15:17:26+05:30,3139.0,9,3135.17,3353022,107288.0,166074.0,3163.0,3163.0,3108.0,3134.3,31934000,3447.7,2820.9,3839.9,2896.0,3139.0,28,2,3138.9,55,2,3138.8,38,5,3138.7,231,3,3138.5,14,1,3139.1,250,9,3139.2,143,4,3139.3,111,5,3139.4,66,3,3139.5,927,8
2031,2026-06-16 15:17:26+05:30,3139.0,9,3135.17,3353215,107576.0,167996.0,3163.0,3163.0,3108.0,3134.3,31934000,3447.7,2820.9,3839.9,2896.0,3139.0,34,3,3138.9,38,1,3138.8,38,5,3138.7,231,3,3138.6,25,1,3139.1,219,7,3139.2,143,4,3139.3,111,5,3139.4,66,3,3139.5,789,7
2031,2026-06-16 15:17:27+05:30,3139.1,1,3135.17,3353215,107576.0,167996.0,3163.0,3163.0,3108.0,3134.3,31934000,3447.7,2820.9,3839.9,2896.0,3139.0,34,3,3138.9,38,1,3138.8,38,5,3138.7,231,3,3138.6,25,1,3139.1,219,7,3139.2,143,4,3139.3,111,5,3139.4,66,3,3139.5,789,7
2031,2026-06-16 15:17:28+05:30,3139.1,1,3135.17,3353555,107463.0,165951.0,3163.0,3163.0,3108.0,3134.3,31934000,3447.7,2820.9,3839.9,2896.0,3139.0,16,1,3138.9,39,2,3138.8,37,4,3138.7,231,3,3138.5,14,1,3139.1,209,8,3139.2,143,4,3139.3,111,5,3139.4,66,3,3139.5,789,7
2031,2026-06-16 15:17:28+05:30,3139.1,1,3135.17,3353555,107463.0,165951.0,3163.0,3163.0,3108.0,3134.3,31934000,3447.7,2820.9,3839.9,2896.0,3139.0,16,1,3138.9,39,2,3138.8,37,4,3138.7,231,3,3138.5,14,1,3139.1,209,8,3139.2,143,4,3139.3,111,5,3139.4,66,3,3139.5,789,7
2031,2026-06-16 15:17:29+05:30,3138.7,23,3135.17,3353845,107403.0,167907.0,3163.0,3163.0,3108.0,3134.3,31934000,3447.7,2820.9,3839.9,2896.0,3138.7,208,3,3138.5,14,1,3138.4,1,1,3138.3,11,2,3138.2,19,1,3139.1,294,11,3139.2,143,4,3139.3,111,5,3139.4,116,4,3139.5,839,9
2031,2026-06-16 15:17:29+05:30,3139.1,5,3135.17,3353845,107403.0,167907.0,3163.0,3163.0,3108.0,3134.3,31934000,3447.7,2820.9,3839.9,2896.0,3138.7,208,3,3138.5,14,1,3138.4,1,1,3138.3,11,2,3138.2,19,1,3139.1,294,11,3139.2,143,4,3139.3,111,5,3139.4,116,4,3139.5,839,9
2031,2026-06-16 15:17:30+05:30,3139.1,4,3135.17,3353898,107855.0,166081.0,3163.0,3163.0,3108.0,3134.3,31934000,3447.7,2820.9,3839.9,2896.0,3138.7,396,8,3138.5,14,1,3138.4,1,1,3138.3,26,3,3138.2,22,2,3139.1,366,14,3139.2,150,5,3139.3,111,5,3139.4,58,2,3139.5,789,7
2031,2026-06-16 15:17:30+05:30,3139.1,16,3135.17,3353898,107855.0,166081.0,3163.0,3163.0,3108.0,3134.3,31934000,3447.7,2820.9,3839.9,2896.0,3138.7,396,8,3138.5,14,1,3138.4,1,1,3138.3,26,3,3138.2,22,2,3139.1,366,14,3139.2,150,5,3139.3,111,5,3139.4,58,2,3139.5,789,7
2031,2026-06-16 15:17:31+05:30,3139.0,27,3135.17,3353962,107899.0,165883.0,3163.0,3163.0,3108.0,3134.3,31934000,3447.7,2820.9,3839.9,2896.0,3138.7,450,11,3138.5,36,1,3138.4,1,1,3138.3,52,4,3138.2,22,2,3139.0,37,1,3139.1,368,15,3139.2,150,5,3139.3,111,5,3139.4,58,2
2031,2026-06-16 15:17:31+05:30,3138.7,21,3135.17,3353962,107899.0,165883.0,3163.0,3163.0,3108.0,3134.3,31934000,3447.7,2820.9,3839.9,2896.0,3138.7,450,11,3138.5,36,1,3138.4,1,1,3138.3,52,4,3138.2,22,2,3139.0,37,1,3139.1,368,15,3139.2,150,5,3139.3,111,5,3139.4,58,2
2031,2026-06-16 15:17:32+05:30,3138.7,44,3135.17,3354038,108022.0,167850.0,3163.0,3163.0,3108.0,3134.3,31934000,3447.7,2820.9,3839.9,2896.0,3138.7,398,12,3138.6,14,1,3138.4,1,1,3138.3,30,3,3138.2,93,4,3139.0,129,5,3139.1,259,12,3139.2,150,5,3139.3,111,5,3139.4,42,1
2031,2026-06-16 15:17:32+05:30,3138.7,44,3135.17,3354038,108022.0,167850.0,3163.0,3163.0,3108.0,3134.3,31934000,3447.7,2820.9,3839.9,2896.0,3138.7,398,12,3138.6,14,1,3138.4,1,1,3138.3,30,3,3138.2,93,4,3139.0,129,5,3139.1,259,12,3139.2,150,5,3139.3,111,5,3139.4,42,1
2031,2026-06-16 15:17:33+05:30,3138.7,2,3135.17,3354040,107944.0,166047.0,3163.0,3163.0,3108.0,3134.3,31934000,3447.7,2820.9,3839.9,2896.0,3138.7,454,14,3138.6,14,1,3138.4,2,2,3138.3,29,2,3138.2,22,2,3138.9,58,2,3139.0,315,10,3139.1,215,10,3139.2,150,5,3139.3,111,5
2031,2026-06-16 15:17:33+05:30,3138.7,26,3135.17,3354040,107944.0,166047.0,3163.0,3163.0,3108.0,3134.3,31934000,3447.7,2820.9,3839.9,2896.0,3138.7,454,14,3138.6,14,1,3138.4,2,2,3138.3,29,2,3138.2,22,2,3138.9,58,2,3139.0,315,10,3139.1,215,10,3139.2,150,5,3139.3,111,5
2031,2026-06-16 15:17:34+05:30,3138.9,27,3135.17,3354149,107917.0,168319.0,3163.0,3163.0,3108.0,3134.3,31934000,3447.7,2820.9,3839.9,2896.0,3138.8,16,1,3138.7,361,13,3138.6,14,1,3138.5,1,1,3138.4,1,1,3138.9,211,8,3139.0,257,7,3139.1,215,10,3139.2,144,4,3139.3,8,2
2031,2026-06-16 15:17:34+05:30,3138.8,11,3135.17,3354149,107917.0,168319.0,3163.0,3163.0,3108.0,3134.3,31934000,3447.7,2820.9,3839.9,2896.0,3138.8,16,1,3138.7,361,13,3138.6,14,1,3138.5,1,1,3138.4,1,1,3138.9,211,8,3139.0,257,7,3139.1,215,10,3139.2,144,4,3139.3,8,2
2031,2026-06-16 15:17:35+05:30,3138.8,18,3135.17,3354198,107932.0,168396.0,3163.0,3163.0,3108.0,3134.3,31934000,3447.7,2820.9,3839.9,2896.0,3138.8,26,3,3138.7,360,12,3138.6,15,2,3138.4,1,1,3138.3,1,1,3138.9,333,12,3139.0,214,5,3139.1,213,9,3139.2,144,4,3139.3,8,2
2031,2026-06-16 15:17:35+05:30,3138.7,1,3135.17,3354198,107932.0,168396.0,3163.0,3163.0,3108.0,3134.3,31934000,3447.7,2820.9,3839.9,2896.0,3138.8,26,3,3138.7,360,12,3138.6,15,2,3138.4,1,1,3138.3,1,1,3138.9,333,12,3139.0,214,5,3139.1,213,9,3139.2,144,4,3139.3,8,2
2031,2026-06-16 15:17:36+05:30,3138.8,12,3135.17,3354818,107609.0,168876.0,3163.0,3163.0,3108.0,3134.3,31934000,3447.7,2820.9,3839.9,2896.0,3138.8,32,3,3138.7,227,7,3138.6,15,2,3138.4,1,1,3138.3,1,1,3138.9,521,17,3139.0,133,2,3139.1,200,7,3139.2,144,4,3139.3,8,2
2031,2026-06-16 15:17:36+05:30,3138.9,4,3135.17,3354818,107609.0,168876.0,3163.0,3163.0,3108.0,3134.3,31934000,3447.7,2820.9,3839.9,2896.0,3138.8,32,3,3138.7,227,7,3138.6,15,2,3138.4,1,1,3138.3,1,1,3138.9,521,17,3139.0,133,2,3139.1,200,7,3139.2,144,4,3139.3,8,2
2031,2026-06-16 15:17:37+05:30,3138.9,2,3135.17,3355001,107768.0,166953.0,3163.0,3163.0,3108.0,3134.3,31934000,3447.7,2820.9,3839.9,2896.0,3138.8,57,4,3138.7,228,8,3138.6,14,1,3138.4,1,1,3138.3,13,2,3138.9,581,17,3139.0,139,3,3139.1,200,7,3139.2,144,4,3139.3,8,2
2031,2026-06-16 15:17:37+05:30,3138.8,9,3135.17,3355001,107768.0,166953.0,3163.0,3163.0,3108.0,3134.3,31934000,3447.7,2820.9,3839.9,2896.0,3138.8,57,4,3138.7,228,8,3138.6,14,1,3138.4,1,1,3138.3,13,2,3138.9,581,17,3139.0,139,3,3139.1,200,7,3139.2,144,4,3139.3,8,2
2031,2026-06-16 15:17:38+05:30,3138.8,18,3135.17,3355040,109562.0,168753.0,3163.0,3163.0,3108.0,3134.3,31934000,3447.7,2820.9,3839.9,2896.0,3138.8,54,7,3138.7,226,6,3138.6,14,1,3138.4,1,1,3138.3,13,2,3138.9,581,17,3139.0,139,3,3139.1,200,7,3139.2,144,4,3139.3,8,2
2031,2026-06-16 15:17:38+05:30,3138.9,1,3135.17,3355040,109562.0,168753.0,3163.0,3163.0,3108.0,3134.3,31934000,3447.7,2820.9,3839.9,2896.0,3138.8,54,7,3138.7,226,6,3138.6,14,1,3138.4,1,1,3138.3,13,2,3138.9,581,17,3139.0,139,3,3139.1,200,7,3139.2,144,4,3139.3,8,2
2031,2026-06-16 15:17:39+05:30,3138.8,2,3135.17,3355255,109296.0,168958.0,3163.0,3163.0,3108.0,3134.3,31934000,3447.7,2820.9,3839.9,2896.0,3138.8,56,5,3138.7,198,4,3138.4,1,1,3138.3,13,2,3138.2,19,1,3138.9,608,19,3139.0,139,3,3139.1,199,6,3139.2,216,5,3139.3,8,2
2031,2026-06-16 15:17:39+05:30,3138.8,2,3135.17,3355255,109296.0,168958.0,3163.0,3163.0,3108.0,3134.3,31934000,3447.7,2820.9,3839.9,2896.0,3138.8,56,5,3138.7,198,4,3138.4,1,1,3138.3,13,2,3138.2,19,1,3138.9,608,19,3139.0,139,3,3139.1,199,6,3139.2,216,5,3139.3,8,2
2031,2026-06-16 15:17:40+05:30,3138.9,12,3135.17,3355424,110278.0,168943.0,3163.0,3163.0,3108.0,3134.3,31934000,3447.7,2820.9,3839.9,2896.0,3138.8,311,7,3138.7,280,4,3138.5,35,1,3138.4,1,1,3138.3,48,3,3138.9,527,16,3139.0,139,3,3139.1,199,6,3139.2,144,4,3139.3,8,2
2031,2026-06-16 15:17:40+05:30,3138.8,9,3135.17,3355424,110278.0,168943.0,3163.0,3163.0,3108.0,3134.3,31934000,3447.7,2820.9,3839.9,2896.0,3138.8,311,7,3138.7,280,4,3138.5,35,1,3138.4,1,1,3138.3,48,3,3138.9,527,16,3139.0,139,3,3139.1,199,6,3139.2,144,4,3139.3,8,2
2031,2026-06-16 15:17:41+05:30,3138.8,35,3135.17,3355501,110178.0,168857.0,3163.0,3163.0,3108.0,3134.3,31934000,3447.7,2820.9,3839.9,2896.0,3138.8,284,11,3138.7,296,5,3138.4,2,2,3138.3,48,3,3138.2,54,2,3138.9,500,16,3139.0,139,3,3139.1,140,5,3139.2,144,4,3139.3,8,2
2031,2026-06-16 15:17:41+05:30,3138.8,35,3135.17,3355501,110178.0,168857.0,3163.0,3163.0,3108.0,3134.3,31934000,3447.7,2820.9,3839.9,2896.0,3138.8,284,11,3138.7,296,5,3138.4,2,2,3138.3,48,3,3138.2,54,2,3138.9,500,16,3139.0,139,3,3139.1,140,5,3139.2,144,4,3139.3,8,2
2031,2026-06-16 15:17:42+05:30,3138.8,91,3135.17,3355592,110101.0,168934.0,3163.0,3163.0,3108.0,3134.3,31934000,3447.7,2820.9,3839.9,2896.0,3138.8,266,13,3138.7,311,6,3138.6,70,2,3138.4,2,2,3138.3,13,2,3138.9,597,19,3139.0,139,3,3139.1,120,3,3139.2,144,4,3139.3,8,2
2031,2026-06-16 15:17:42+05:30,3138.8,91,3135.17,3355592,110101.0,168934.0,3163.0,3163.0,3108.0,3134.3,31934000,3447.7,2820.9,3839.9,2896.0,3138.8,266,13,3138.7,311,6,3138.6,70,2,3138.4,2,2,3138.3,13,2,3138.9,597,19,3139.0,139,3,3139.1,120,3,3139.2,144,4,3139.3,8,2
2031,2026-06-16 15:17:43+05:30,3138.8,3,3135.17,3355615,110505.0,169045.0,3163.0,3163.0,3108.0,3134.3,31934000,3447.7,2820.9,3839.9,2896.0,3138.8,407,16,3138.7,296,5,3138.5,1,1,3138.4,1328,3,3138.3,1334,5,3138.9,583,17,3139.0,139,3,3139.1,120,3,3139.2,144,4,3139.3,8,2
2031,2026-06-16 15:17:43+05:30,3138.8,27,3135.17,3355615,110505.0,169045.0,3163.0,3163.0,3108.0,3134.3,31934000,3447.7,2820.9,3839.9,2896.0,3138.8,407,16,3138.7,296,5,3138.5,1,1,3138.4,1328,3,3138.3,1334,5,3138.9,583,17,3139.0,139,3,3139.1,120,3,3139.2,144,4,3139.3,8,2
2031,2026-06-16 15:17:44+05:30,3138.9,6,3135.17,3355908,110293.0,168655.0,3163.0,3163.0,3108.0,3134.3,31934000,3447.7,2820.9,3839.9,2896.0,3138.8,283,13,3138.7,331,6,3138.5,1,1,3138.4,160,3,3138.3,13,2,3138.9,455,14,3139.0,145,4,3139.1,120,3,3139.2,662,7,3139.4,542,1
2031,2026-06-16 15:17:44+05:30,3138.9,6,3135.17,3355908,110293.0,168655.0,3163.0,3163.0,3108.0,3134.3,31934000,3447.7,2820.9,3839.9,2896.0,3138.8,283,13,3138.7,331,6,3138.5,1,1,3138.4,160,3,3138.3,13,2,3138.9,455,14,3139.0,145,4,3139.1,120,3,3139.2,662,7,3139.4,542,1
2031,2026-06-16 15:17:45+05:30,3138.9,10,3135.17,3356220,110819.0,168389.0,3163.0,3163.0,3108.0,3134.3,31934000,3447.7,2820.9,3839.9,2896.0,3138.8,280,13,3138.7,296,5,3138.6,1,1,3138.4,1340,4,3138.3,79,3,3138.9,321,13,3139.0,145,4,3139.1,120,3,3139.2,662,7,3139.4,542,1
2031,2026-06-16 15:17:45+05:30,3138.9,10,3135.17,3356220,110819.0,168389.0,3163.0,3163.0,3108.0,3134.3,31934000,3447.7,2820.9,3839.9,2896.0,3138.8,280,13,3138.7,296,5,3138.6,1,1,3138.4,1340,4,3138.3,79,3,3138.9,321,13,3139.0,145,4,3139.1,120,3,3139.2,662,7,3139.4,542,1
2031,2026-06-16 15:17:46+05:30,3138.9,10,3135.17,3356220,110819.0,168389.0,3163.0,3163.0,3108.0,3134.3,31934000,3447.7,2820.9,3839.9,2896.0,3138.8,280,13,3138.7,296,5,3138.6,1,1,3138.4,1340,4,3138.3,79,3,3138.9,321,13,3139.0,145,4,3139.1,120,3,3139.2,662,7,3139.4,542,1
2031,2026-06-16 15:17:46+05:30,3138.8,20,3135.17,3356446,110770.0,168377.0,3163.0,3163.0,3108.0,3134.3,31934000,3447.7,2820.9,3839.9,2896.0,3138.8,153,9,3138.7,296,5,3138.6,36,2,3138.5,35,1,3138.4,1340,4,3138.9,171,7,3139.0,145,4,3139.1,120,3,3139.2,662,7,3139.4,542,1
2031,2026-06-16 15:17:46+05:30,3138.8,16,3135.17,3356446,110770.0,168377.0,3163.0,3163.0,3108.0,3134.3,31934000,3447.7,2820.9,3839.9,2896.0,3138.8,153,9,3138.7,296,5,3138.6,36,2,3138.5,35,1,3138.4,1340,4,3138.9,171,7,3139.0,145,4,3139.1,120,3,3139.2,662,7,3139.4,542,1
2031,2026-06-16 15:17:47+05:30,3138.9,3,3135.17,3356489,110891.0,168529.0,3163.0,3163.0,3108.0,3134.3,31934000,3447.7,2820.9,3839.9,2896.0,3138.8,333,10,3138.7,297,6,3138.6,35,1,3138.4,129,3,3138.3,115,3,3138.9,323,11,3139.0,145,4,3139.1,120,3,3139.2,662,7,3139.4,542,1
2031,2026-06-16 15:17:47+05:30,3138.9,3,3135.17,3356489,110891.0,168529.0,3163.0,3163.0,3108.0,3134.3,31934000,3447.7,2820.9,3839.9,2896.0,3138.8,333,10,3138.7,297,6,3138.6,35,1,3138.4,129,3,3138.3,115,3,3138.9,323,11,3139.0,145,4,3139.1,120,3,3139.2,662,7,3139.4,542,1
2031,2026-06-16 15:17:47+05:30,3138.9,3,3135.17,3356489,110891.0,168529.0,3163.0,3163.0,3108.0,3134.3,31934000,3447.7,2820.9,3839.9,2896.0,3138.8,333,10,3138.7,297,6,3138.6,35,1,3138.4,129,3,3138.3,115,3,3138.9,323,11,3139.0,145,4,3139.1,120,3,3139.2,662,7,3139.4,542,1
2031,2026-06-16 15:17:48+05:30,3138.8,1,3135.17,3356509,110780.0,168369.0,3163.0,3163.0,3108.0,3134.3,31934000,3447.7,2820.9,3839.9,2896.0,3138.8,316,12,3138.7,296,5,3138.6,35,1,3138.4,94,2,3138.3,13,2,3138.9,363,12,3139.0,145,4,3139.1,120,3,3139.2,662,7,3139.4,542,1
2031,2026-06-16 15:17:48+05:30,3138.8,133,3135.17,3356509,110780.0,168369.0,3163.0,3163.0,3108.0,3134.3,31934000,3447.7,2820.9,3839.9,2896.0,3138.8,316,12,3138.7,296,5,3138.6,35,1,3138.4,94,2,3138.3,13,2,3138.9,363,12,3139.0,145,4,3139.1,120,3,3139.2,662,7,3139.4,542,1
2031,2026-06-16 15:17:49+05:30,3138.8,8,3135.17,3356828,111031.0,168667.0,3163.0,3163.0,3108.0,3134.3,31934000,3447.7,2820.9,3839.9,2896.0,3138.8,574,10,3138.7,296,5,3138.4,94,2,3138.3,48,3,3138.2,32,2,3138.9,342,12,3139.0,145,4,3139.1,120,3,3139.2,662,7,3139.4,542,1
2031,2026-06-16 15:17:49+05:30,3138.8,6,3135.17,3356828,111031.0,168667.0,3163.0,3163.0,3108.0,3134.3,31934000,3447.7,2820.9,3839.9,2896.0,3138.8,574,10,3138.7,296,5,3138.4,94,2,3138.3,48,3,3138.2,32,2,3138.9,342,12,3139.0,145,4,3139.1,120,3,3139.2,662,7,3139.4,542,1
2031,2026-06-16 15:17:50+05:30,3138.8,6,3135.17,3356828,111031.0,168667.0,3163.0,3163.0,3108.0,3134.3,31934000,3447.7,2820.9,3839.9,2896.0,3138.8,574,10,3138.7,296,5,3138.4,94,2,3138.3,48,3,3138.2,32,2,3138.9,342,12,3139.0,145,4,3139.1,120,3,3139.2,662,7,3139.4,542,1
2031,2026-06-16 15:17:50+05:30,3138.9,1,3135.17,3357076,111049.0,168672.0,3163.0,3163.0,3108.0,3134.3,31934000,3447.7,2820.9,3839.9,2896.0,3138.8,676,12,3138.7,296,5,3138.4,94,2,3138.3,13,2,3138.2,67,3,3138.9,296,9,3139.0,176,5,3139.1,106,2,3139.2,662,7,3139.4,542,1
2031,2026-06-16 15:17:50+05:30,3138.9,1,3135.17,3357076,111049.0,168672.0,3163.0,3163.0,3108.0,3134.3,31934000,3447.7,2820.9,3839.9,2896.0,3138.8,676,12,3138.7,296,5,3138.4,94,2,3138.3,13,2,3138.2,67,3,3138.9,296,9,3139.0,176,5,3139.1,106,2,3139.2,662,7,3139.4,542,1
2031,2026-06-16 15:17:51+05:30,3138.9,7,3135.17,3357093,110914.0,168781.0,3163.0,3163.0,3108.0,3134.3,31934000,3447.7,2820.9,3839.9,2896.0,3138.8,670,12,3138.7,296,5,3138.4,94,2,3138.3,13,2,3138.2,32,2,3138.9,336,11,3139.0,176,5,3139.1,112,3,3139.2,725,8,3139.4,542,1
2031,2026-06-16 15:17:51+05:30,3138.9,3,3135.17,3357093,110914.0,168781.0,3163.0,3163.0,3108.0,3134.3,31934000,3447.7,2820.9,3839.9,2896.0,3138.8,670,12,3138.7,296,5,3138.4,94,2,3138.3,13,2,3138.2,32,2,3138.9,336,11,3139.0,176,5,3139.1,112,3,3139.2,725,8,3139.4,542,1
2031,2026-06-16 15:17:52+05:30,3138.9,3,3135.17,3357093,110914.0,168781.0,3163.0,3163.0,3108.0,3134.3,31934000,3447.7,2820.9,3839.9,2896.0,3138.8,670,12,3138.7,296,5,3138.4,94,2,3138.3,13,2,3138.2,32,2,3138.9,336,11,3139.0,176,5,3139.1,112,3,3139.2,725,8,3139.4,542,1
2031,2026-06-16 15:17:52+05:30,3138.9,2,3135.17,3357098,111157.0,168714.0,3163.0,3163.0,3108.0,3134.3,31934000,3447.7,2820.9,3839.9,2896.0,3138.8,727,13,3138.7,296,5,3138.4,94,2,3138.3,48,3,3138.2,67,3,3138.9,332,12,3139.0,176,5,3139.1,112,3,3139.2,662,7,3139.4,542,1
2031,2026-06-16 15:17:52+05:30,3138.9,2,3135.17,3357098,111157.0,168714.0,3163.0,3163.0,3108.0,3134.3,31934000,3447.7,2820.9,3839.9,2896.0,3138.8,727,13,3138.7,296,5,3138.4,94,2,3138.3,48,3,3138.2,67,3,3138.9,332,12,3139.0,176,5,3139.1,112,3,3139.2,662,7,3139.4,542,1
2031,2026-06-16 15:17:53+05:30,3138.8,2,3135.17,3357287,111440.0,168359.0,3163.0,3163.0,3108.0,3134.3,31934000,3447.7,2820.9,3839.9,2896.0,3138.8,806,14,3138.7,296,5,3138.4,129,3,3138.3,13,2,3138.2,1301,4,3138.9,296,11,3139.0,176,5,3139.1,112,3,3139.2,662,7,3139.4,542,1
2031,2026-06-16 15:17:53+05:30,3138.8,2,3135.17,3357287,111440.0,168359.0,3163.0,3163.0,3108.0,3134.3,31934000,3447.7,2820.9,3839.9,2896.0,3138.8,806,14,3138.7,296,5,3138.4,129,3,3138.3,13,2,3138.2,1301,4,3138.9,296,11,3139.0,176,5,3139.1,112,3,3139.2,662,7,3139.4,542,1
2031,2026-06-16 15:17:54+05:30,3138.8,2,3135.17,3357287,111440.0,168359.0,3163.0,3163.0,3108.0,3134.3,31934000,3447.7,2820.9,3839.9,2896.0,3138.8,806,14,3138.7,296,5,3138.4,129,3,3138.3,13,2,3138.2,1301,4,3138.9,296,11,3139.0,176,5,3139.1,112,3,3139.2,662,7,3139.4,542,1
2031,2026-06-16 15:17:54+05:30,3138.8,22,3135.17,3357374,111569.0,168419.0,3163.0,3163.0,3108.0,3134.3,31934000,3447.7,2820.9,3839.9,2896.0,3138.8,786,17,3138.7,296,5,3138.4,94,2,3138.3,115,3,3138.2,104,4,3138.9,356,13,3139.0,176,5,3139.1,112,3,3139.2,662,7,3139.4,542,1
2031,2026-06-16 15:17:54+05:30,3138.8,22,3135.17,3357374,111569.0,168419.0,3163.0,3163.0,3108.0,3134.3,31934000,3447.7,2820.9,3839.9,2896.0,3138.8,786,17,3138.7,296,5,3138.4,94,2,3138.3,115,3,3138.2,104,4,3138.9,356,13,3139.0,176,5,3139.1,112,3,3139.2,662,7,3139.4,542,1
2031,2026-06-16 15:17:55+05:30,3138.9,2,3135.17,3357425,111573.0,168579.0,3163.0,3163.0,3108.0,3134.3,31934000,3447.7,2820.9,3839.9,2896.0,3138.8,806,17,3138.7,296,5,3138.4,94,2,3138.3,13,2,3138.2,102,4,3138.9,401,17,3139.0,176,5,3139.1,112,3,3139.2,662,7,3139.4,542,1
2031,2026-06-16 15:17:55+05:30,3138.8,194,3135.17,3357425,111573.0,168579.0,3163.0,3163.0,3108.0,3134.3,31934000,3447.7,2820.9,3839.9,2896.0,3138.8,806,17,3138.7,296,5,3138.4,94,2,3138.3,13,2,3138.2,102,4,3138.9,401,17,3139.0,176,5,3139.1,112,3,3139.2,662,7,3139.4,542,1
2031,2026-06-16 15:17:56+05:30,3138.8,194,3135.17,3357425,111573.0,168579.0,3163.0,3163.0,3108.0,3134.3,31934000,3447.7,2820.9,3839.9,2896.0,3138.8,806,17,3138.7,296,5,3138.4,94,2,3138.3,13,2,3138.2,102,4,3138.9,401,17,3139.0,176,5,3139.1,112,3,3139.2,662,7,3139.4,542,1
2031,2026-06-16 15:17:56+05:30,3138.9,20,3135.17,3357857,110925.0,168811.0,3163.0,3163.0,3108.0,3134.3,31934000,3447.7,2820.9,3839.9,2896.0,3138.8,621,17,3138.7,296,5,3138.4,94,2,3138.3,13,2,3138.2,32,2,3138.9,427,19,3139.0,176,5,3139.1,112,3,3139.2,662,7,3139.3,3,1
2031,2026-06-16 15:17:56+05:30,3138.8,38,3135.17,3357857,110925.0,168811.0,3163.0,3163.0,3108.0,3134.3,31934000,3447.7,2820.9,3839.9,2896.0,3138.8,621,17,3138.7,296,5,3138.4,94,2,3138.3,13,2,3138.2,32,2,3138.9,427,19,3139.0,176,5,3139.1,112,3,3139.2,662,7,3139.3,3,1
2031,2026-06-16 15:17:57+05:30,3138.9,2,3135.17,3357857,110925.0,168811.0,3163.0,3163.0,3108.0,3134.3,31934000,3447.7,2820.9,3839.9,2896.0,3138.8,621,17,3138.7,296,5,3138.4,94,2,3138.3,13,2,3138.2,32,2,3138.9,427,19,3139.0,176,5,3139.1,112,3,3139.2,662,7,3139.3,3,1
2031,2026-06-16 15:17:57+05:30,3138.9,2,3135.17,3357857,110925.0,168811.0,3163.0,3163.0,3108.0,3134.3,31934000,3447.7,2820.9,3839.9,2896.0,3138.8,621,17,3138.7,296,5,3138.4,94,2,3138.3,13,2,3138.2,32,2,3138.9,427,19,3139.0,176,5,3139.1,112,3,3139.2,662,7,3139.3,3,1
2031,2026-06-16 15:17:57+05:30,3138.9,2,3135.17,3357897,110588.0,168780.0,3163.0,3163.0,3108.0,3134.3,31934000,3447.7,2820.9,3839.9,2896.0,3138.8,583,17,3138.7,296,5,3138.4,94,2,3138.3,13,2,3138.2,32,2,3138.9,396,18,3139.0,176,5,3139.1,112,3,3139.2,662,7,3139.4,542,1
2031,2026-06-16 15:17:58+05:30,3138.9,2,3135.17,3357897,110588.0,168780.0,3163.0,3163.0,3108.0,3134.3,31934000,3447.7,2820.9,3839.9,2896.0,3138.8,583,17,3138.7,296,5,3138.4,94,2,3138.3,13,2,3138.2,32,2,3138.9,396,18,3139.0,176,5,3139.1,112,3,3139.2,662,7,3139.4,542,1
2031,2026-06-16 15:17:58+05:30,3138.8,7,3135.17,3357897,110588.0,168780.0,3163.0,3163.0,3108.0,3134.3,31934000,3447.7,2820.9,3839.9,2896.0,3138.8,583,17,3138.7,296,5,3138.4,94,2,3138.3,13,2,3138.2,32,2,3138.9,396,18,3139.0,176,5,3139.1,112,3,3139.2,662,7,3139.4,542,1
2031,2026-06-16 15:17:58+05:30,3138.8,7,3135.17,3357970,111130.0,168865.0,3163.0,3163.0,3108.0,3134.3,31934000,3447.7,2820.9,3839.9,2896.0,3138.8,960,20,3138.7,296,5,3138.4,94,2,3138.3,13,2,3138.2,67,3,3138.9,461,20,3139.0,181,6,3139.1,141,4,3139.2,648,5,3139.4,542,1
2031,2026-06-16 15:17:59+05:30,3138.8,7,3135.17,3357970,111130.0,168865.0,3163.0,3163.0,3108.0,3134.3,31934000,3447.7,2820.9,3839.9,2896.0,3138.8,960,20,3138.7,296,5,3138.4,94,2,3138.3,13,2,3138.2,67,3,3138.9,461,20,3139.0,181,6,3139.1,141,4,3139.2,648,5,3139.4,542,1
2031,2026-06-16 15:17:59+05:30,3138.9,4,3135.17,3357970,111130.0,168865.0,3163.0,3163.0,3108.0,3134.3,31934000,3447.7,2820.9,3839.9,2896.0,3138.8,960,20,3138.7,296,5,3138.4,94,2,3138.3,13,2,3138.2,67,3,3138.9,461,20,3139.0,181,6,3139.1,141,4,3139.2,648,5,3139.4,542,1
2031,2026-06-16 15:17:59+05:30,3138.9,4,3135.18,3358656,110473.0,168615.0,3163.0,3163.0,3108.0,3134.3,31934000,3447.7,2820.9,3839.9,2896.0,3138.8,743,16,3138.7,280,4,3138.4,94,2,3138.3,13,2,3138.2,1425,5,3138.9,212,12,3139.0,181,6,3139.1,141,4,3139.2,648,5,3139.4,542,1
2031,2026-06-16 15:18:00+05:30,3138.9,4,3135.18,3358656,110473.0,168615.0,3163.0,3163.0,3108.0,3134.3,31934000,3447.7,2820.9,3839.9,2896.0,3138.8,743,16,3138.7,280,4,3138.4,94,2,3138.3,13,2,3138.2,1425,5,3138.9,212,12,3139.0,181,6,3139.1,141,4,3139.2,648,5,3139.4,542,1
2031,2026-06-16 15:18:00+05:30,3138.8,65,3135.18,3358875,110878.0,168247.0,3163.0,3163.0,3108.0,3134.3,31934000,3447.7,2820.9,3839.9,2896.0,3138.8,690,18,3138.7,285,5,3138.5,13,1,3138.4,188,3,3138.3,48,3,3138.9,176,12,3139.0,193,7,3139.1,141,4,3139.2,648,5,3139.4,542,1
2031,2026-06-16 15:18:00+05:30,3138.9,1,3135.18,3358875,110878.0,168247.0,3163.0,3163.0,3108.0,3134.3,31934000,3447.7,2820.9,3839.9,2896.0,3138.8,690,18,3138.7,285,5,3138.5,13,1,3138.4,188,3,3138.3,48,3,3138.9,176,12,3139.0,193,7,3139.1,141,4,3139.2,648,5,3139.4,542,1
2031,2026-06-16 15:18:01+05:30,3138.9,1,3135.18,3358875,110878.0,168247.0,3163.0,3163.0,3108.0,3134.3,31934000,3447.7,2820.9,3839.9,2896.0,3138.8,690,18,3138.7,285,5,3138.5,13,1,3138.4,188,3,3138.3,48,3,3138.9,176,12,3139.0,193,7,3139.1,141,4,3139.2,648,5,3139.4,542,1
2031,2026-06-16 15:18:01+05:30,3138.9,34,3135.18,3358875,110878.0,168247.0,3163.0,3163.0,3108.0,3134.3,31934000,3447.7,2820.9,3839.9,2896.0,3138.8,690,18,3138.7,285,5,3138.5,13,1,3138.4,188,3,3138.3,48,3,3138.9,176,12,3139.0,193,7,3139.1,141,4,3139.2,648,5,3139.4,542,1
2031,2026-06-16 15:18:01+05:30,3138.9,34,3135.18,3359119,111493.0,167739.0,3163.0,3163.0,3108.0,3134.3,31934000,3447.7,2820.9,3839.9,2896.0,3138.8,690,18,3138.7,300,6,3138.4,189,4,3138.3,13,2,3138.2,301,7,3138.9,76,6,3139.0,193,7,3139.1,141,4,3139.2,648,5,3139.4,542,1
2031,2026-06-16 15:18:02+05:30,3138.9,34,3135.18,3359119,111493.0,167739.0,3163.0,3163.0,3108.0,3134.3,31934000,3447.7,2820.9,3839.9,2896.0,3138.8,690,18,3138.7,300,6,3138.4,189,4,3138.3,13,2,3138.2,301,7,3138.9,76,6,3139.0,193,7,3139.1,141,4,3139.2,648,5,3139.4,542,1
2031,2026-06-16 15:18:02+05:30,3138.9,49,3135.18,3359119,111493.0,167739.0,3163.0,3163.0,3108.0,3134.3,31934000,3447.7,2820.9,3839.9,2896.0,3138.8,690,18,3138.7,300,6,3138.4,189,4,3138.3,13,2,3138.2,301,7,3138.9,76,6,3139.0,193,7,3139.1,141,4,3139.2,648,5,3139.4,542,1
2031,2026-06-16 15:18:02+05:30,3138.9,49,3135.18,3359189,111546.0,167960.0,3163.0,3163.0,3108.0,3134.3,31934000,3447.7,2820.9,3839.9,2896.0,3138.8,702,20,3138.7,300,6,3138.5,14,2,3138.4,188,3,3138.3,13,2,3138.9,200,9,3139.0,162,6,3139.1,110,3,3139.2,648,5,3139.4,542,1
2031,2026-06-16 15:18:03+05:30,3138.9,49,3135.18,3359189,111546.0,167960.0,3163.0,3163.0,3108.0,3134.3,31934000,3447.7,2820.9,3839.9,2896.0,3138.8,702,20,3138.7,300,6,3138.5,14,2,3138.4,188,3,3138.3,13,2,3138.9,200,9,3139.0,162,6,3139.1,110,3,3139.2,648,5,3139.4,542,1
2031,2026-06-16 15:18:03+05:30,3138.9,1,3135.18,3359189,111546.0,167960.0,3163.0,3163.0,3108.0,3134.3,31934000,3447.7,2820.9,3839.9,2896.0,3138.8,702,20,3138.7,300,6,3138.5,14,2,3138.4,188,3,3138.3,13,2,3138.9,200,9,3139.0,162,6,3139.1,110,3,3139.2,648,5,3139.4,542,1
2031,2026-06-16 15:18:03+05:30,3138.9,1,3135.18,3359214,111754.0,168158.0,3163.0,3163.0,3108.0,3134.3,31934000,3447.7,2820.9,3839.9,2896.0,3138.8,699,20,3138.7,300,6,3138.6,224,1,3138.5,1,1,3138.4,188,3,3138.9,194,8,3139.0,162,6,3139.1,110,3,3139.2,648,5,3139.4,542,1
2031,2026-06-16 15:18:04+05:30,3138.9,1,3135.18,3359214,111754.0,168158.0,3163.0,3163.0,3108.0,3134.3,31934000,3447.7,2820.9,3839.9,2896.0,3138.8,699,20,3138.7,300,6,3138.6,224,1,3138.5,1,1,3138.4,188,3,3138.9,194,8,3139.0,162,6,3139.1,110,3,3139.2,648,5,3139.4,542,1
2031,2026-06-16 15:18:04+05:30,3138.9,12,3135.18,3359214,111754.0,168158.0,3163.0,3163.0,3108.0,3134.3,31934000,3447.7,2820.9,3839.9,2896.0,3138.8,699,20,3138.7,300,6,3138.6,224,1,3138.5,1,1,3138.4,188,3,3138.9,194,8,3139.0,162,6,3139.1,110,3,3139.2,648,5,3139.4,542,1
2031,2026-06-16 15:18:04+05:30,3138.9,1,3135.18,3359467,111667.0,168081.0,3163.0,3163.0,3108.0,3134.3,31934000,3447.7,2820.9,3839.9,2896.0,3138.8,732,19,3138.7,300,6,3138.6,252,3,3138.4,223,4,3138.3,48,3,3138.9,117,6,3139.0,162,6,3139.1,110,3,3139.2,648,5,3139.4,542,1
2031,2026-06-16 15:18:05+05:30,3138.9,1,3135.18,3359467,111667.0,168081.0,3163.0,3163.0,3108.0,3134.3,31934000,3447.7,2820.9,3839.9,2896.0,3138.8,732,19,3138.7,300,6,3138.6,252,3,3138.4,223,4,3138.3,48,3,3138.9,117,6,3139.0,162,6,3139.1,110,3,3139.2,648,5,3139.4,542,1
2031,2026-06-16 15:18:05+05:30,3138.8,3,3135.18,3359467,111667.0,168081.0,3163.0,3163.0,3108.0,3134.3,31934000,3447.7,2820.9,3839.9,2896.0,3138.8,732,19,3138.7,300,6,3138.6,252,3,3138.4,223,4,3138.3,48,3,3138.9,117,6,3139.0,162,6,3139.1,110,3,3139.2,648,5,3139.4,542,1
2031,2026-06-16 15:18:05+05:30,3138.9,23,3135.18,3360121,110379.0,168352.0,3163.0,3163.0,3108.0,3134.3,31934000,3447.7,2820.9,3839.9,2896.0,3138.8,314,15,3138.7,141,5,3138.6,411,4,3138.4,94,2,3138.3,13,2,3138.9,144,5,3139.0,162,6,3139.1,110,3,3139.2,648,5,3139.4,542,1
2031,2026-06-16 15:18:06+05:30,3138.9,23,3135.18,3360121,110379.0,168352.0,3163.0,3163.0,3108.0,3134.3,31935600,3447.7,2820.9,3839.9,2896.0,3138.8,314,15,3138.7,141,5,3138.6,411,4,3138.4,94,2,3138.3,13,2,3138.9,144,5,3139.0,162,6,3139.1,110,3,3139.2,648,5,3139.4,542,1
2031,2026-06-16 15:18:06+05:30,3138.8,12,3135.18,3360121,110379.0,168352.0,3163.0,3163.0,3108.0,3134.3,31935600,3447.7,2820.9,3839.9,2896.0,3138.8,314,15,3138.7,141,5,3138.6,411,4,3138.4,94,2,3138.3,13,2,3138.9,144,5,3139.0,162,6,3139.1,110,3,3139.2,648,5,3139.4,542,1
2031,2026-06-16 15:18:07+05:30,3138.9,1,3135.18,3360612,111741.0,167948.0,3163.0,3163.0,3108.0,3134.3,31935600,3447.7,2820.9,3839.9,2896.0,3138.8,728,16,3138.7,425,7,3138.6,875,6,3138.5,35,1,3138.4,270,3,3138.9,3,2,3139.0,162,6,3139.1,110,3,3139.2,648,5,3139.4,542,1
2031,2026-06-16 15:18:07+05:30,3138.8,155,3135.18,3360612,111741.0,167948.0,3163.0,3163.0,3108.0,3134.3,31935600,3447.7,2820.9,3839.9,2896.0,3138.8,728,16,3138.7,425,7,3138.6,875,6,3138.5,35,1,3138.4,270,3,3138.9,3,2,3139.0,162,6,3139.1,110,3,3139.2,648,5,3139.4,542,1
2031,2026-06-16 15:18:08+05:30,3138.8,155,3135.18,3361081,111540.0,168263.0,3163.0,3163.0,3108.0,3134.3,31935600,3447.7,2820.9,3839.9,2896.0,3138.8,647,18,3138.7,437,7,3138.6,900,7,3138.4,212,3,3138.3,13,2,3138.9,51,4,3139.0,165,7,3139.1,628,6,3139.2,130,2,3139.4,542,1
2031,2026-06-16 15:18:08+05:30,3138.9,1,3135.18,3361081,111540.0,168263.0,3163.0,3163.0,3108.0,3134.3,31935600,3447.7,2820.9,3839.9,2896.0,3138.8,647,18,3138.7,437,7,3138.6,900,7,3138.4,212,3,3138.3,13,2,3138.9,51,4,3139.0,165,7,3139.1,628,6,3139.2,130,2,3139.4,542,1
2031,2026-06-16 15:18:09+05:30,3138.8,23,3135.18,3361177,111761.0,168463.0,3163.0,3163.0,3108.0,3134.3,31935600,3447.7,2820.9,3839.9,2896.0,3138.8,597,18,3138.7,437,7,3138.6,900,7,3138.4,177,2,3138.3,13,2,3138.9,45,5,3139.0,173,8,3139.1,628,6,3139.2,130,2,3139.4,542,1
2031,2026-06-16 15:18:09+05:30,3138.8,88,3135.18,3361177,111761.0,168463.0,3163.0,3163.0,3108.0,3134.3,31935600,3447.7,2820.9,3839.9,2896.0,3138.8,597,18,3138.7,437,7,3138.6,900,7,3138.4,177,2,3138.3,13,2,3138.9,45,5,3139.0,173,8,3139.1,628,6,3139.2,130,2,3139.4,542,1
2031,2026-06-16 15:18:10+05:30,3138.8,88,3135.18,3361877,111176.0,168759.0,3163.0,3163.0,3108.0,3134.3,31935600,3447.7,2820.9,3839.9,2896.0,3138.8,285,16,3138.7,437,7,3138.6,900,7,3138.4,177,2,3138.3,13,2,3138.9,70,7,3139.0,377,9,3139.1,628,6,3139.2,130,2,3139.4,542,1
2031,2026-06-16 15:18:10+05:30,3138.8,4,3135.18,3361877,111176.0,168759.0,3163.0,3163.0,3108.0,3134.3,31935600,3447.7,2820.9,3839.9,2896.0,3138.8,285,16,3138.7,437,7,3138.6,900,7,3138.4,177,2,3138.3,13,2,3138.9,70,7,3139.0,377,9,3139.1,628,6,3139.2,130,2,3139.4,542,1
2031,2026-06-16 15:18:11+05:30,3139.0,5,3135.18,3362935,111553.0,166384.0,3163.0,3163.0,3108.0,3134.3,31935600,3447.7,2820.9,3839.9,2896.0,3138.8,357,14,3138.7,437,7,3138.6,911,8,3138.4,178,3,3138.3,133,3,3139.0,23,4,3139.1,628,6,3139.2,130,2,3139.4,542,1,3139.5,228,2
2031,2026-06-16 15:18:11+05:30,3139.0,7,3135.18,3362935,111553.0,166384.0,3163.0,3163.0,3108.0,3134.3,31935600,3447.7,2820.9,3839.9,2896.0,3138.8,357,14,3138.7,437,7,3138.6,911,8,3138.4,178,3,3138.3,133,3,3139.0,23,4,3139.1,628,6,3139.2,130,2,3139.4,542,1,3139.5,228,2
2031,2026-06-16 15:18:12+05:30,3139.0,1,3135.18,3362948,111771.0,167685.0,3163.0,3163.0,3108.0,3134.3,31935600,3447.7,2820.9,3839.9,2896.0,3138.8,372,15,3138.7,437,7,3138.6,911,8,3138.4,194,4,3138.3,179,5,3139.0,25,4,3139.1,628,6,3139.2,130,2,3139.4,542,1,3139.5,228,2
2031,2026-06-16 15:18:12+05:30,3138.8,4,3135.18,3362948,111771.0,167685.0,3163.0,3163.0,3108.0,3134.3,31935600,3447.7,2820.9,3839.9,2896.0,3138.8,372,15,3138.7,437,7,3138.6,911,8,3138.4,194,4,3138.3,179,5,3139.0,25,4,3139.1,628,6,3139.2,130,2,3139.4,542,1,3139.5,228,2
2031,2026-06-16 15:18:13+05:30,3139.0,8,3135.18,3362986,111916.0,167526.0,3163.0,3163.0,3108.0,3134.3,31935600,3447.7,2820.9,3839.9,2896.0,3138.8,517,15,3138.7,437,7,3138.6,911,8,3138.5,1,1,3138.4,193,3,3139.0,15,4,3139.1,654,7,3139.2,130,2,3139.4,542,1,3139.5,228,2
2031,2026-06-16 15:18:13+05:30,3139.1,21,3135.18,3362986,111916.0,167526.0,3163.0,3163.0,3108.0,3134.3,31935600,3447.7,2820.9,3839.9,2896.0,3138.8,517,15,3138.7,437,7,3138.6,911,8,3138.5,1,1,3138.4,193,3,3139.0,15,4,3139.1,654,7,3139.2,130,2,3139.4,542,1,3139.5,228,2
2031,2026-06-16 15:18:14+05:30,3138.9,14,3135.18,3363122,111870.0,167647.0,3163.0,3163.0,3108.0,3134.3,31935600,3447.7,2820.9,3839.9,2896.0,3138.9,60,3,3138.8,581,17,3138.7,437,7,3138.6,876,7,3138.5,36,1,3139.0,5,1,3139.1,633,7,3139.2,130,2,3139.4,542,1,3139.5,228,2
2031,2026-06-16 15:18:14+05:30,3138.9,12,3135.18,3363122,111870.0,167647.0,3163.0,3163.0,3108.0,3134.3,31935600,3447.7,2820.9,3839.9,2896.0,3138.9,60,3,3138.8,581,17,3138.7,437,7,3138.6,876,7,3138.5,36,1,3139.0,5,1,3139.1,633,7,3139.2,130,2,3139.4,542,1,3139.5,228,2
2031,2026-06-16 15:18:15+05:30,3138.9,1,3135.18,3363190,111897.0,168024.0,3163.0,3163.0,3108.0,3134.3,31935600,3447.7,2820.9,3839.9,2896.0,3138.9,62,4,3138.8,577,15,3138.7,438,8,3138.6,891,7,3138.4,177,2,3139.0,63,5,3139.1,633,7,3139.2,130,2,3139.4,542,1,3139.5,228,2
2031,2026-06-16 15:18:15+05:30,3138.8,1,3135.18,3363190,111897.0,168024.0,3163.0,3163.0,3108.0,3134.3,31935600,3447.7,2820.9,3839.9,2896.0,3138.9,62,4,3138.8,577,15,3138.7,438,8,3138.6,891,7,3138.4,177,2,3139.0,63,5,3139.1,633,7,3139.2,130,2,3139.4,542,1,3139.5,228,2
2031,2026-06-16 15:18:16+05:30,3139.0,9,3135.18,3363769,111846.0,168159.0,3163.0,3163.0,3108.0,3134.3,31935600,3447.7,2820.9,3839.9,2896.0,3138.8,585,15,3138.7,439,8,3138.6,913,10,3138.4,1448,3,3138.3,16,3,3139.1,683,7,3139.2,130,2,3139.4,542,1,3139.5,228,2,3139.6,57,1
2031,2026-06-16 15:18:16+05:30,3138.8,1,3135.18,3363769,111846.0,168159.0,3163.0,3163.0,3108.0,3134.3,31935600,3447.7,2820.9,3839.9,2896.0,3138.8,585,15,3138.7,439,8,3138.6,913,10,3138.4,1448,3,3138.3,16,3,3139.1,683,7,3139.2,130,2,3139.4,542,1,3139.5,228,2,3139.6,57,1
2031,2026-06-16 15:18:17+05:30,3139.1,2,3135.18,3363841,111906.0,168116.0,3163.0,3163.0,3108.0,3134.3,31935600,3447.7,2820.9,3839.9,2896.0,3139.0,7,2,3138.9,1,1,3138.8,594,16,3138.7,439,8,3138.6,912,9,3139.1,703,8,3139.2,130,2,3139.4,542,1,3139.5,228,2,3139.6,57,1
2031,2026-06-16 15:18:17+05:30,3138.8,54,3135.18,3363841,111906.0,168116.0,3163.0,3163.0,3108.0,3134.3,31935600,3447.7,2820.9,3839.9,2896.0,3139.0,7,2,3138.9,1,1,3138.8,594,16,3138.7,439,8,3138.6,912,9,3139.1,703,8,3139.2,130,2,3139.4,542,1,3139.5,228,2,3139.6,57,1
2031,2026-06-16 15:18:18+05:30,3139.0,3,3135.18,3363906,111952.0,168214.0,3163.0,3163.0,3108.0,3134.3,31935600,3447.7,2820.9,3839.9,2896.0,3139.0,14,2,3138.9,15,3,3138.8,540,16,3138.7,439,8,3138.6,948,10,3139.1,732,9,3139.2,130,2,3139.4,542,1,3139.5,228,2,3139.6,57,1
2031,2026-06-16 15:18:23+05:30,3139.0,23,3135.18,3364946,111153.0,168785.0,3163.0,3163.0,3108.0,3134.3,31935600,3447.7,2820.9,3839.9,2896.0,3139.0,317,8,3138.9,68,6,3138.8,440,8,3138.7,436,9,3138.6,735,10,3139.1,330,11,3139.2,865,8,3139.3,6,1,3139.4,542,1,3139.5,228,2
2031,2026-06-16 15:18:26+05:30,3139.0,9,3135.18,3364946,111153.0,168785.0,3163.0,3163.0,3108.0,3134.3,31935600,3447.7,2820.9,3839.9,2896.0,3139.0,317,8,3138.9,68,6,3138.8,440,8,3138.7,436,9,3138.6,735,10,3139.1,330,11,3139.2,865,8,3139.3,6,1,3139.4,542,1,3139.5,228,2
2031,2026-06-16 15:18:29+05:30,3139.0,22,3135.18,3366065,110980.0,168286.0,3163.0,3163.0,3108.0,3134.3,31935600,3447.7,2820.9,3839.9,2896.0,3139.0,220,12,3138.9,64,3,3138.8,425,7,3138.7,435,8,3138.6,686,8,3139.1,244,6,3139.2,830,8,3139.3,6,1,3139.4,542,1,3139.5,228,2
2031,2026-06-16 15:18:35+05:30,3139.0,2,3135.18,3366065,110980.0,168286.0,3163.0,3163.0,3108.0,3134.3,31935600,3447.7,2820.9,3839.9,2896.0,3139.0,220,12,3138.9,64,3,3138.8,425,7,3138.7,435,8,3138.6,686,8,3139.1,244,6,3139.2,830,8,3139.3,6,1,3139.4,542,1,3139.5,228,2
2031,2026-06-16 15:18:37+05:30,3139.0,77,3135.19,3368477,110406.0,168577.0,3163.0,3163.0,3108.0,3134.3,31935600,3447.7,2820.9,3839.9,2896.0,3139.0,350,9,3138.9,100,4,3138.8,630,9,3138.7,434,7,3138.6,526,7,3139.1,198,12,3139.2,917,9,3139.3,6,1,3139.4,569,2,3139.5,228,2
2031,2026-06-16 15:18:44+05:30,3139.0,10,3135.19,3370698,110679.0,168104.0,3163.0,3163.0,3108.0,3134.3,31935600,3447.7,2820.9,3839.9,2896.0,3139.0,210,5,3138.9,64,3,3138.8,687,10,3138.7,417,5,3138.6,532,8,3139.1,120,9,3139.2,831,9,3139.3,6,1,3139.4,27,1,3139.5,228,2
2031,2026-06-16 15:18:44+05:30,3139.0,43,3135.19,3370698,110679.0,168104.0,3163.0,3163.0,3108.0,3134.3,31935600,3447.7,2820.9,3839.9,2896.0,3139.0,210,5,3138.9,64,3,3138.8,687,10,3138.7,417,5,3138.6,532,8,3139.1,120,9,3139.2,831,9,3139.3,6,1,3139.4,27,1,3139.5,228,2
2031,2026-06-16 15:18:46+05:30,3139.0,43,3135.19,3370698,110679.0,168104.0,3163.0,3163.0,3108.0,3134.3,31935600,3447.7,2820.9,3839.9,2896.0,3139.0,210,5,3138.9,64,3,3138.8,687,10,3138.7,417,5,3138.6,532,8,3139.1,120,9,3139.2,831,9,3139.3,6,1,3139.4,27,1,3139.5,228,2
2031,2026-06-16 15:18:48+05:30,3139.0,43,3135.19,3370698,110679.0,168104.0,3163.0,3163.0,3108.0,3134.3,31935600,3447.7,2820.9,3839.9,2896.0,3139.0,210,5,3138.9,64,3,3138.8,687,10,3138.7,417,5,3138.6,532,8,3139.1,120,9,3139.2,831,9,3139.3,6,1,3139.4,27,1,3139.5,228,2
2031,2026-06-16 15:18:50+05:30,3139.0,43,3135.19,3370698,110679.0,168104.0,3163.0,3163.0,3108.0,3134.3,31935600,3447.7,2820.9,3839.9,2896.0,3139.0,210,5,3138.9,64,3,3138.8,687,10,3138.7,417,5,3138.6,532,8,3139.1,120,9,3139.2,831,9,3139.3,6,1,3139.4,27,1,3139.5,228,2
2031,2026-06-16 15:18:51+05:30,3139.0,14,3135.19,3372380,110622.0,168230.0,3163.0,3163.0,3108.0,3134.3,31935600,3447.7,2820.9,3839.9,2896.0,3138.9,114,6,3138.8,687,10,3138.7,417,5,3138.6,534,8,3138.5,1,1,3139.1,370,17,3139.2,775,9,3139.3,6,1,3139.5,228,2,3139.7,173,3
2031,2026-06-16 15:18:52+05:30,3139.0,14,3135.19,3372380,110622.0,168230.0,3163.0,3163.0,3108.0,3134.3,31935600,3447.7,2820.9,3839.9,2896.0,3138.9,114,6,3138.8,687,10,3138.7,417,5,3138.6,534,8,3138.5,1,1,3139.1,370,17,3139.2,775,9,3139.3,6,1,3139.5,228,2,3139.7,173,3
2031,2026-06-16 15:18:53+05:30,3138.9,3,3135.19,3372380,110622.0,168230.0,3163.0,3163.0,3108.0,3134.3,31935600,3447.7,2820.9,3839.9,2896.0,3138.9,114,6,3138.8,687,10,3138.7,417,5,3138.6,534,8,3138.5,1,1,3139.1,370,17,3139.2,775,9,3139.3,6,1,3139.5,228,2,3139.7,173,3
2031,2026-06-16 15:18:55+05:30,3138.9,3,3135.19,3372380,110622.0,168230.0,3163.0,3163.0,3108.0,3134.3,31935600,3447.7,2820.9,3839.9,2896.0,3138.9,114,6,3138.8,687,10,3138.7,417,5,3138.6,534,8,3138.5,1,1,3139.1,370,17,3139.2,775,9,3139.3,6,1,3139.5,228,2,3139.7,173,3
2031,2026-06-16 15:18:56+05:30,3138.9,3,3135.19,3372380,110622.0,168230.0,3163.0,3163.0,3108.0,3134.3,31935600,3447.7,2820.9,3839.9,2896.0,3138.9,114,6,3138.8,687,10,3138.7,417,5,3138.6,534,8,3138.5,1,1,3139.1,370,17,3139.2,775,9,3139.3,6,1,3139.5,228,2,3139.7,173,3
2031,2026-06-16 15:18:57+05:30,3139.0,9,3135.19,3373789,110533.0,168186.0,3163.0,3163.0,3108.0,3134.3,31935600,3447.7,2820.9,3839.9,2896.0,3138.9,144,7,3138.8,688,11,3138.7,417,5,3138.6,557,8,3138.5,1,1,3139.0,22,2,3139.1,403,17,3139.2,775,9,3139.3,6,1,3139.5,245,3
2031,2026-06-16 15:18:58+05:30,3139.0,9,3135.19,3373789,110533.0,168186.0,3163.0,3163.0,3108.0,3134.3,31935600,3447.7,2820.9,3839.9,2896.0,3138.9,144,7,3138.8,688,11,3138.7,417,5,3138.6,557,8,3138.5,1,1,3139.0,22,2,3139.1,403,17,3139.2,775,9,3139.3,6,1,3139.5,245,3
2031,2026-06-16 15:18:59+05:30,3139.0,9,3135.19,3373789,110533.0,168186.0,3163.0,3163.0,3108.0,3134.3,31935600,3447.7,2820.9,3839.9,2896.0,3138.9,144,7,3138.8,688,11,3138.7,417,5,3138.6,557,8,3138.5,1,1,3139.0,22,2,3139.1,403,17,3139.2,775,9,3139.3,6,1,3139.5,245,3
2031,2026-06-16 15:19:00+05:30,3139.0,9,3135.19,3373789,110533.0,168186.0,3163.0,3163.0,3108.0,3134.3,31935600,3447.7,2820.9,3839.9,2896.0,3138.9,144,7,3138.8,688,11,3138.7,417,5,3138.6,557,8,3138.5,1,1,3139.0,22,2,3139.1,403,17,3139.2,775,9,3139.3,6,1,3139.5,245,3
2031,2026-06-16 15:19:01+05:30,3139.0,9,3135.19,3373789,110533.0,168186.0,3163.0,3163.0,3108.0,3134.3,31935600,3447.7,2820.9,3839.9,2896.0,3138.9,144,7,3138.8,688,11,3138.7,417,5,3138.6,557,8,3138.5,1,1,3139.0,22,2,3139.1,403,17,3139.2,775,9,3139.3,6,1,3139.5,245,3
2031,2026-06-16 15:19:02+05:30,3139.0,9,3135.19,3373789,110533.0,168186.0,3163.0,3163.0,3108.0,3134.3,31935600,3447.7,2820.9,3839.9,2896.0,3138.9,144,7,3138.8,688,11,3138.7,417,5,3138.6,557,8,3138.5,1,1,3139.0,22,2,3139.1,403,17,3139.2,775,9,3139.3,6,1,3139.5,245,3
2031,2026-06-16 15:19:02+05:30,3139.0,7,3135.19,3373789,110533.0,168186.0,3163.0,3163.0,3108.0,3134.3,31935600,3447.7,2820.9,3839.9,2896.0,3138.9,144,7,3138.8,688,11,3138.7,417,5,3138.6,557,8,3138.5,1,1,3139.0,22,2,3139.1,403,17,3139.2,775,9,3139.3,6,1,3139.5,245,3
2031,2026-06-16 15:19:03+05:30,3139.0,7,3135.19,3373789,110533.0,168186.0,3163.0,3163.0,3108.0,3134.3,31935600,3447.7,2820.9,3839.9,2896.0,3138.9,144,7,3138.8,688,11,3138.7,417,5,3138.6,557,8,3138.5,1,1,3139.0,22,2,3139.1,403,17,3139.2,775,9,3139.3,6,1,3139.5,245,3
2031,2026-06-16 15:19:04+05:30,3139.0,7,3135.19,3373789,110533.0,168186.0,3163.0,3163.0,3108.0,3134.3,31935600,3447.7,2820.9,3839.9,2896.0,3138.9,144,7,3138.8,688,11,3138.7,417,5,3138.6,557,8,3138.5,1,1,3139.0,22,2,3139.1,403,17,3139.2,775,9,3139.3,6,1,3139.5,245,3
2031,2026-06-16 15:19:05+05:30,3139.0,7,3135.19,3373789,110533.0,168186.0,3163.0,3163.0,3108.0,3134.3,31935600,3447.7,2820.9,3839.9,2896.0,3138.9,144,7,3138.8,688,11,3138.7,417,5,3138.6,557,8,3138.5,1,1,3139.0,22,2,3139.1,403,17,3139.2,775,9,3139.3,6,1,3139.5,245,3
2031,2026-06-16 15:19:05+05:30,3138.9,3,3135.19,3375295,111285.0,165780.0,3163.0,3163.0,3108.0,3134.3,31935600,3447.7,2820.9,3839.9,2896.0,3138.9,426,18,3138.8,739,12,3138.7,418,6,3138.6,533,7,3138.5,1,1,3139.0,161,10,3139.1,462,11,3139.2,272,4,3139.3,6,1,3139.5,245,3
2031,2026-06-16 15:19:06+05:30,3138.9,3,3135.19,3375295,111285.0,165780.0,3163.0,3163.0,3108.0,3134.3,31936600,3447.7,2820.9,3839.9,2896.0,3138.9,426,18,3138.8,739,12,3138.7,418,6,3138.6,533,7,3138.5,1,1,3139.0,161,10,3139.1,462,11,3139.2,272,4,3139.3,6,1,3139.5,245,3
2031,2026-06-16 15:19:12+05:30,3139.0,1,3135.19,3375295,111285.0,165780.0,3163.0,3163.0,3108.0,3134.3,31936600,3447.7,2820.9,3839.9,2896.0,3138.9,426,18,3138.8,739,12,3138.7,418,6,3138.6,533,7,3138.5,1,1,3139.0,161,10,3139.1,462,11,3139.2,272,4,3139.3,6,1,3139.5,245,3
2031,2026-06-16 15:19:13+05:30,3138.9,2,3135.2,3376530,112121.0,167988.0,3163.0,3163.0,3108.0,3134.3,31936600,3447.7,2820.9,3839.9,2896.0,3138.9,781,31,3138.8,909,14,3138.7,417,5,3138.6,488,7,3138.5,1,1,3139.0,54,3,3139.1,369,9,3139.2,272,4,3139.3,6,1,3139.5,245,3
2031,2026-06-16 15:19:18+05:30,3139.0,1,3135.2,3376530,112121.0,167988.0,3163.0,3163.0,3108.0,3134.3,31936600,3447.7,2820.9,3839.9,2896.0,3138.9,781,31,3138.8,909,14,3138.7,417,5,3138.6,488,7,3138.5,1,1,3139.0,54,3,3139.1,369,9,3139.2,272,4,3139.3,6,1,3139.5,245,3
2031,2026-06-16 15:19:19+05:30,3138.9,34,3135.2,3378662,111525.0,167343.0,3163.0,3163.0,3108.0,3134.3,31936600,3447.7,2820.9,3839.9,2896.0,3138.9,458,16,3138.8,912,15,3138.7,613,6,3138.6,355,5,3138.5,1,1,3139.0,15,1,3139.1,372,9,3139.2,274,4,3139.5,245,3,3139.7,3,1
2031,2026-06-16 15:19:19+05:30,3138.9,29,3135.2,3378662,111525.0,167343.0,3163.0,3163.0,3108.0,3134.3,31936600,3447.7,2820.9,3839.9,2896.0,3138.9,458,16,3138.8,912,15,3138.7,613,6,3138.6,355,5,3138.5,1,1,3139.0,15,1,3139.1,372,9,3139.2,274,4,3139.5,245,3,3139.7,3,1
2031,2026-06-16 15:19:20+05:30,3139.0,5,3135.2,3378824,111270.0,166612.0,3163.0,3163.0,3108.0,3134.3,31936600,3447.7,2820.9,3839.9,2896.0,3138.9,339,17,3138.8,909,14,3138.7,613,6,3138.6,355,5,3138.5,1,1,3139.0,1293,5,3139.1,372,9,3139.2,274,4,3139.5,245,3,3139.7,141,2
2031,2026-06-16 15:19:20+05:30,3139.0,5,3135.2,3378824,111270.0,166612.0,3163.0,3163.0,3108.0,3134.3,31936600,3447.7,2820.9,3839.9,2896.0,3138.9,339,17,3138.8,909,14,3138.7,613,6,3138.6,355,5,3138.5,1,1,3139.0,1293,5,3139.1,372,9,3139.2,274,4,3139.5,245,3,3139.7,141,2
2031,2026-06-16 15:19:21+05:30,3138.9,38,3135.2,3378862,111431.0,166713.0,3163.0,3163.0,3108.0,3134.3,31936600,3447.7,2820.9,3839.9,2896.0,3138.9,360,19,3138.8,909,14,3138.7,629,7,3138.6,342,4,3138.5,1,1,3139.0,1293,5,3139.1,372,9,3139.2,274,4,3139.5,245,3,3139.7,141,2
2031,2026-06-16 15:19:21+05:30,3138.9,1,3135.2,3378862,111431.0,166713.0,3163.0,3163.0,3108.0,3134.3,31936600,3447.7,2820.9,3839.9,2896.0,3138.9,360,19,3138.8,909,14,3138.7,629,7,3138.6,342,4,3138.5,1,1,3139.0,1293,5,3139.1,372,9,3139.2,274,4,3139.5,245,3,3139.7,141,2
2031,2026-06-16 15:19:22+05:30,3139.0,3,3135.2,3378875,111429.0,166881.0,3163.0,3163.0,3108.0,3134.3,31936600,3447.7,2820.9,3839.9,2896.0,3138.9,355,20,3138.8,909,14,3138.7,629,7,3138.6,342,4,3138.5,1,1,3139.0,1332,7,3139.1,500,11,3139.2,274,4,3139.3,18,1,3139.5,228,2
2031,2026-06-16 15:19:22+05:30,3139.0,2,3135.2,3378875,111429.0,166881.0,3163.0,3163.0,3108.0,3134.3,31936600,3447.7,2820.9,3839.9,2896.0,3138.9,355,20,3138.8,909,14,3138.7,629,7,3138.6,342,4,3138.5,1,1,3139.0,1332,7,3139.1,500,11,3139.2,274,4,3139.3,18,1,3139.5,228,2
2031,2026-06-16 15:19:23+05:30,3138.9,1,3135.2,3378911,111432.0,168529.0,3163.0,3163.0,3108.0,3134.3,31936600,3447.7,2820.9,3839.9,2896.0,3138.9,339,19,3138.8,909,14,3138.7,629,7,3138.6,342,4,3138.5,1,1,3139.0,1339,7,3139.1,500,11,3139.2,324,5,3139.3,18,1,3139.5,228,2
2031,2026-06-16 15:19:23+05:30,3138.9,1,3135.2,3378911,111432.0,168529.0,3163.0,3163.0,3108.0,3134.3,31936600,3447.7,2820.9,3839.9,2896.0,3138.9,339,19,3138.8,909,14,3138.7,629,7,3138.6,342,4,3138.5,1,1,3139.0,1339,7,3139.1,500,11,3139.2,324,5,3139.3,18,1,3139.5,228,2
2031,2026-06-16 15:19:24+05:30,3138.9,3,3135.2,3379086,111259.0,168543.0,3163.0,3163.0,3108.0,3134.3,31936600,3447.7,2820.9,3839.9,2896.0,3138.9,338,18,3138.8,909,14,3138.7,629,7,3138.6,342,4,3138.5,1,1,3139.0,1353,8,3139.1,500,11,3139.2,324,5,3139.3,18,1,3139.5,228,2
2031,2026-06-16 15:19:24+05:30,3138.9,3,3135.2,3379086,111259.0,168543.0,3163.0,3163.0,3108.0,3134.3,31936600,3447.7,2820.9,3839.9,2896.0,3138.9,338,18,3138.8,909,14,3138.7,629,7,3138.6,342,4,3138.5,1,1,3139.0,1353,8,3139.1,500,11,3139.2,324,5,3139.3,18,1,3139.5,228,2
2031,2026-06-16 15:19:25+05:30,3139.0,150,3135.2,3379274,111422.0,166669.0,3163.0,3163.0,3108.0,3134.3,31936600,3447.7,2820.9,3839.9,2896.0,3138.9,317,18,3138.8,909,14,3138.7,629,7,3138.6,342,4,3138.5,1,1,3139.0,1289,11,3139.1,500,11,3139.2,324,5,3139.3,18,1,3139.5,366,3
2031,2026-06-16 15:19:25+05:30,3138.9,3,3135.2,3379274,111422.0,166669.0,3163.0,3163.0,3108.0,3134.3,31936600,3447.7,2820.9,3839.9,2896.0,3138.9,317,18,3138.8,909,14,3138.7,629,7,3138.6,342,4,3138.5,1,1,3139.0,1289,11,3139.1,500,11,3139.2,324,5,3139.3,18,1,3139.5,366,3
2031,2026-06-16 15:19:26+05:30,3139.0,136,3135.2,3379897,111511.0,167884.0,3163.0,3163.0,3108.0,3134.3,31936600,3447.7,2820.9,3839.9,2896.0,3138.9,152,11,3138.8,909,14,3138.7,641,8,3138.6,353,5,3138.5,1,1,3139.0,1160,13,3139.1,500,11,3139.2,324,5,3139.3,18,1,3139.5,366,3
2031,2026-06-16 15:19:26+05:30,3139.0,136,3135.2,3379897,111511.0,167884.0,3163.0,3163.0,3108.0,3134.3,31936600,3447.7,2820.9,3839.9,2896.0,3138.9,152,11,3138.8,909,14,3138.7,641,8,3138.6,353,5,3138.5,1,1,3139.0,1160,13,3139.1,500,11,3139.2,324,5,3139.3,18,1,3139.5,366,3
2031,2026-06-16 15:19:27+05:30,3138.9,4,3135.2,3380258,111066.0,167873.0,3163.0,3163.0,3108.0,3134.3,31936600,3447.7,2820.9,3839.9,2896.0,3138.9,68,6,3138.8,909,14,3138.7,641,8,3138.6,353,5,3138.5,1,1,3139.0,1114,11,3139.1,486,9,3139.2,324,5,3139.3,18,1,3139.5,366,3
2031,2026-06-16 15:19:27+05:30,3138.9,4,3135.2,3380258,111066.0,167873.0,3163.0,3163.0,3108.0,3134.3,31936600,3447.7,2820.9,3839.9,2896.0,3138.9,68,6,3138.8,909,14,3138.7,641,8,3138.6,353,5,3138.5,1,1,3139.0,1114,11,3139.1,486,9,3139.2,324,5,3139.3,18,1,3139.5,366,3
2031,2026-06-16 15:19:28+05:30,3138.9,12,3135.2,3380338,111010.0,168628.0,3163.0,3163.0,3108.0,3134.3,31936600,3447.7,2820.9,3839.9,2896.0,3138.9,84,6,3138.8,909,14,3138.7,641,8,3138.6,353,5,3138.5,1,1,3139.0,1127,12,3139.1,591,10,3139.2,324,5,3139.3,18,1,3139.5,366,3
2031,2026-06-16 15:19:28+05:30,3138.9,26,3135.2,3380338,111010.0,168628.0,3163.0,3163.0,3108.0,3134.3,31936600,3447.7,2820.9,3839.9,2896.0,3138.9,84,6,3138.8,909,14,3138.7,641,8,3138.6,353,5,3138.5,1,1,3139.0,1127,12,3139.1,591,10,3139.2,324,5,3139.3,18,1,3139.5,366,3
2031,2026-06-16 15:19:29+05:30,3138.9,3,3135.2,3380338,111010.0,168628.0,3163.0,3163.0,3108.0,3134.3,31936600,3447.7,2820.9,3839.9,2896.0,3138.9,84,6,3138.8,909,14,3138.7,641,8,3138.6,353,5,3138.5,1,1,3139.0,1127,12,3139.1,591,10,3139.2,324,5,3139.3,18,1,3139.5,366,3
2031,2026-06-16 15:19:29+05:30,3138.9,3,3135.2,3380624,110725.0,168570.0,3163.0,3163.0,3108.0,3134.3,31936600,3447.7,2820.9,3839.9,2896.0,3138.9,4,2,3138.8,909,14,3138.7,641,8,3138.6,353,5,3138.5,1,1,3139.0,1069,13,3139.1,591,10,3139.2,324,5,3139.3,18,1,3139.5,366,3
2031,2026-06-16 15:19:30+05:30,3139.0,6,3135.2,3380624,110725.0,168570.0,3163.0,3163.0,3108.0,3134.3,31936600,3447.7,2820.9,3839.9,2896.0,3138.9,4,2,3138.8,909,14,3138.7,641,8,3138.6,353,5,3138.5,1,1,3139.0,1069,13,3139.1,591,10,3139.2,324,5,3139.3,18,1,3139.5,366,3
2031,2026-06-16 15:19:30+05:30,3139.0,80,3135.2,3380770,110895.0,167060.0,3163.0,3163.0,3108.0,3134.3,31936600,3447.7,2820.9,3839.9,2896.0,3138.9,36,6,3138.8,909,14,3138.7,642,9,3138.6,353,5,3138.5,1,1,3139.0,1129,17,3139.1,319,8,3139.2,596,7,3139.3,18,1,3139.5,228,2
2031,2026-06-16 15:19:31+05:30,3138.9,7,3135.2,3380770,110895.0,167060.0,3163.0,3163.0,3108.0,3134.3,31936600,3447.7,2820.9,3839.9,2896.0,3138.9,36,6,3138.8,909,14,3138.7,642,9,3138.6,353,5,3138.5,1,1,3139.0,1129,17,3139.1,319,8,3139.2,596,7,3139.3,18,1,3139.5,228,2
2031,2026-06-16 15:19:32+05:30,3138.9,10,3135.2,3381253,110571.0,168572.0,3163.0,3163.0,3108.0,3134.3,31936600,3447.7,2820.9,3839.9,2896.0,3138.9,53,3,3138.8,909,14,3138.7,642,9,3138.6,353,5,3138.5,1,1,3139.0,1162,19,3139.1,319,8,3139.2,596,7,3139.3,20,2,3139.5,228,2
2031,2026-06-16 15:19:32+05:30,3138.9,10,3135.2,3381253,110571.0,168572.0,3163.0,3163.0,3108.0,3134.3,31936600,3447.7,2820.9,3839.9,2896.0,3138.9,53,3,3138.8,909,14,3138.7,642,9,3138.6,353,5,3138.5,1,1,3139.0,1162,19,3139.1,319,8,3139.2,596,7,3139.3,20,2,3139.5,228,2
2031,2026-06-16 15:19:33+05:30,3138.9,2,3135.2,3381263,110754.0,168572.0,3163.0,3163.0,3108.0,3134.3,31936600,3447.7,2820.9,3839.9,2896.0,3138.9,99,4,3138.8,909,14,3138.7,642,9,3138.6,369,7,3138.4,179,2,3139.0,1162,19,3139.1,319,8,3139.2,596,7,3139.3,18,1,3139.5,366,3
2031,2026-06-16 15:19:33+05:30,3138.9,19,3135.2,3381263,110754.0,168572.0,3163.0,3163.0,3108.0,3134.3,31936600,3447.7,2820.9,3839.9,2896.0,3138.9,99,4,3138.8,909,14,3138.7,642,9,3138.6,369,7,3138.4,179,2,3139.0,1162,19,3139.1,319,8,3139.2,596,7,3139.3,18,1,3139.5,366,3
2031,2026-06-16 15:19:34+05:30,3138.9,15,3135.2,3381352,110941.0,168613.0,3163.0,3163.0,3108.0,3134.3,31936600,3447.7,2820.9,3839.9,2896.0,3138.9,101,6,3138.8,909,14,3138.7,642,9,3138.6,369,7,3138.4,215,3,3139.0,1190,19,3139.1,319,8,3139.2,596,7,3139.3,18,1,3139.5,366,3
2031,2026-06-16 15:19:34+05:30,3138.9,27,3135.2,3381352,110941.0,168613.0,3163.0,3163.0,3108.0,3134.3,31936600,3447.7,2820.9,3839.9,2896.0,3138.9,101,6,3138.8,909,14,3138.7,642,9,3138.6,369,7,3138.4,215,3,3139.0,1190,19,3139.1,319,8,3139.2,596,7,3139.3,18,1,3139.5,366,3
2031,2026-06-16 15:19:35+05:30,3139.0,35,3135.2,3381479,110813.0,168581.0,3163.0,3163.0,3108.0,3134.3,31936600,3447.7,2820.9,3839.9,2896.0,3138.9,44,5,3138.8,909,14,3138.7,643,10,3138.6,368,6,3138.4,179,2,3139.0,1158,22,3139.1,319,8,3139.2,596,7,3139.3,18,1,3139.5,228,2
2031,2026-06-16 15:19:35+05:30,3138.8,63,3135.2,3381479,110813.0,168581.0,3163.0,3163.0,3108.0,3134.3,31936600,3447.7,2820.9,3839.9,2896.0,3138.9,44,5,3138.8,909,14,3138.7,643,10,3138.6,368,6,3138.4,179,2,3139.0,1158,22,3139.1,319,8,3139.2,596,7,3139.3,18,1,3139.5,228,2
2031,2026-06-16 15:19:36+05:30,3138.8,10,3135.2,3382133,110530.0,169073.0,3163.0,3163.0,3108.0,3134.3,31936600,3447.7,2820.9,3839.9,2896.0,3138.8,688,11,3138.7,641,8,3138.6,369,7,3138.5,12,1,3138.4,188,2,3139.0,1214,23,3139.1,319,8,3139.2,604,8,3139.3,20,2,3139.5,228,2
2031,2026-06-16 15:19:36+05:30,3139.0,4,3135.2,3382133,110530.0,169073.0,3163.0,3163.0,3108.0,3134.3,31936600,3447.7,2820.9,3839.9,2896.0,3138.8,688,11,3138.7,641,8,3138.6,369,7,3138.5,12,1,3138.4,188,2,3139.0,1214,23,3139.1,319,8,3139.2,604,8,3139.3,20,2,3139.5,228,2
2031,2026-06-16 15:19:37+05:30,3138.8,25,3135.2,3382770,110091.0,169033.0,3163.0,3163.0,3108.0,3134.3,31936600,3447.7,2820.9,3839.9,2896.0,3138.8,152,8,3138.7,642,9,3138.6,368,6,3138.4,188,2,3138.3,54,3,3138.9,109,2,3139.0,1255,24,3139.1,245,10,3139.2,632,9,3139.4,200,1
2031,2026-06-16 15:19:37+05:30,3138.9,34,3135.2,3382770,110091.0,169033.0,3163.0,3163.0,3108.0,3134.3,31936600,3447.7,2820.9,3839.9,2896.0,3138.8,152,8,3138.7,642,9,3138.6,368,6,3138.4,188,2,3138.3,54,3,3138.9,109,2,3139.0,1255,24,3139.1,245,10,3139.2,632,9,3139.4,200,1
2031,2026-06-16 15:19:38+05:30,3138.8,5,3135.2,3383015,110086.0,168863.0,3163.0,3163.0,3108.0,3134.3,31936600,3447.7,2820.9,3839.9,2896.0,3138.8,177,8,3138.7,641,8,3138.6,368,6,3138.4,224,3,3138.3,65,4,3138.9,128,6,3139.0,1181,17,3139.1,245,10,3139.2,632,9,3139.4,200,1
2031,2026-06-16 15:19:38+05:30,3138.8,5,3135.2,3383015,110086.0,168863.0,3163.0,3163.0,3108.0,3134.3,31936600,3447.7,2820.9,3839.9,2896.0,3138.8,177,8,3138.7,641,8,3138.6,368,6,3138.4,224,3,3138.3,65,4,3138.9,128,6,3139.0,1181,17,3139.1,245,10,3139.2,632,9,3139.4,200,1
2031,2026-06-16 15:19:39+05:30,3138.9,39,3135.2,3383246,110352.0,168870.0,3163.0,3163.0,3108.0,3134.3,31936600,3447.7,2820.9,3839.9,2896.0,3138.8,198,9,3138.7,641,8,3138.6,523,7,3138.4,1422,3,3138.3,29,3,3138.9,267,9,3139.0,1049,12,3139.1,245,10,3139.2,632,9,3139.4,200,1
2031,2026-06-16 15:19:39+05:30,3138.9,39,3135.2,3383246,110352.0,168870.0,3163.0,3163.0,3108.0,3134.3,31936600,3447.7,2820.9,3839.9,2896.0,3138.8,198,9,3138.7,641,8,3138.6,523,7,3138.4,1422,3,3138.3,29,3,3138.9,267,9,3139.0,1049,12,3139.1,245,10,3139.2,632,9,3139.4,200,1
2031,2026-06-16 15:19:40+05:30,3138.8,15,3135.2,3383246,110352.0,168870.0,3163.0,3163.0,3108.0,3134.3,31936600,3447.7,2820.9,3839.9,2896.0,3138.8,198,9,3138.7,641,8,3138.6,523,7,3138.4,1422,3,3138.3,29,3,3138.9,267,9,3139.0,1049,12,3139.1,245,10,3139.2,632,9,3139.4,200,1
2031,2026-06-16 15:19:40+05:30,3138.8,15,3135.2,3383311,110537.0,168930.0,3163.0,3163.0,3108.0,3134.3,31936600,3447.7,2820.9,3839.9,2896.0,3138.8,213,10,3138.7,641,8,3138.6,543,8,3138.4,227,4,3138.3,18,2,3138.9,439,16,3139.0,957,10,3139.1,245,10,3139.2,632,9,3139.4,200,1
2031,2026-06-16 15:19:41+05:30,3138.8,19,3135.2,3383311,110537.0,168930.0,3163.0,3163.0,3108.0,3134.3,31936600,3447.7,2820.9,3839.9,2896.0,3138.8,213,10,3138.7,641,8,3138.6,543,8,3138.4,227,4,3138.3,18,2,3138.9,439,16,3139.0,957,10,3139.1,245,10,3139.2,632,9,3139.4,200,1
2031,2026-06-16 15:19:41+05:30,3138.9,18,3135.2,3383489,110460.0,167430.0,3163.0,3163.0,3108.0,3134.3,31936600,3447.7,2820.9,3839.9,2896.0,3138.8,192,9,3138.7,641,8,3138.6,543,8,3138.4,189,3,3138.3,618,3,3138.9,339,15,3139.0,957,10,3139.1,245,10,3139.2,360,7,3139.3,272,2
2031,2026-06-16 15:19:42+05:30,3138.8,20,3135.2,3383509,109507.0,167523.0,3163.0,3163.0,3108.0,3134.3,31936600,3447.7,2820.9,3839.9,2896.0,3138.8,172,9,3138.7,641,8,3138.6,543,8,3138.5,1,1,3138.4,225,3,3138.9,455,16,3139.0,962,11,3139.1,245,10,3139.2,360,7,3139.3,272,2
2031,2026-06-16 15:19:42+05:30,3138.8,20,3135.2,3383509,109507.0,167523.0,3163.0,3163.0,3108.0,3134.3,31936600,3447.7,2820.9,3839.9,2896.0,3138.8,172,9,3138.7,641,8,3138.6,543,8,3138.5,1,1,3138.4,225,3,3138.9,455,16,3139.0,962,11,3139.1,245,10,3139.2,360,7,3139.3,272,2
2031,2026-06-16 15:19:43+05:30,3138.8,1,3135.2,3383509,109507.0,167523.0,3163.0,3163.0,3108.0,3134.3,31936600,3447.7,2820.9,3839.9,2896.0,3138.8,172,9,3138.7,641,8,3138.6,543,8,3138.5,1,1,3138.4,225,3,3138.9,455,16,3139.0,962,11,3139.1,245,10,3139.2,360,7,3139.3,272,2
2031,2026-06-16 15:19:43+05:30,3138.8,8,3135.2,3383592,109439.0,167690.0,3163.0,3163.0,3108.0,3134.3,31936600,3447.7,2820.9,3839.9,2896.0,3138.8,154,7,3138.7,641,8,3138.6,543,8,3138.5,1,1,3138.4,200,3,3138.9,593,20,3139.0,1010,12,3139.1,230,9,3139.2,360,7,3139.3,272,2
2031,2026-06-16 15:19:44+05:30,3138.8,22,3135.2,3383592,109439.0,167690.0,3163.0,3163.0,3108.0,3134.3,31936600,3447.7,2820.9,3839.9,2896.0,3138.8,154,7,3138.7,641,8,3138.6,543,8,3138.5,1,1,3138.4,200,3,3138.9,593,20,3139.0,1010,12,3139.1,230,9,3139.2,360,7,3139.3,272,2
2031,2026-06-16 15:19:45+05:30,3138.8,22,3135.2,3383614,109782.0,167721.0,3163.0,3163.0,3108.0,3134.3,31936600,3447.7,2820.9,3839.9,2896.0,3138.8,297,10,3138.7,641,8,3138.6,543,8,3138.5,1,1,3138.4,200,3,3138.9,593,20,3139.0,1041,13,3139.1,230,9,3139.2,360,7,3139.3,272,2
2031,2026-06-16 15:19:45+05:30,3138.8,14,3135.2,3383614,109782.0,167721.0,3163.0,3163.0,3108.0,3134.3,31936600,3447.7,2820.9,3839.9,2896.0,3138.8,297,10,3138.7,641,8,3138.6,543,8,3138.5,1,1,3138.4,200,3,3138.9,593,20,3139.0,1041,13,3139.1,230,9,3139.2,360,7,3139.3,272,2
2031,2026-06-16 15:19:46+05:30,3138.8,1,3135.2,3384266,109045.0,169289.0,3163.0,3163.0,3108.0,3134.3,31936600,3447.7,2820.9,3839.9,2896.0,3138.8,79,5,3138.7,641,8,3138.6,519,8,3138.4,200,3,3138.3,18,2,3138.9,416,16,3139.0,1016,14,3139.1,230,9,3139.2,632,9,3139.4,338,2
2031,2026-06-16 15:19:46+05:30,3138.8,1,3135.2,3384266,109045.0,169289.0,3163.0,3163.0,3108.0,3134.3,31936600,3447.7,2820.9,3839.9,2896.0,3138.8,79,5,3138.7,641,8,3138.6,519,8,3138.4,200,3,3138.3,18,2,3138.9,416,16,3139.0,1016,14,3139.1,230,9,3139.2,632,9,3139.4,338,2
2031,2026-06-16 15:19:46+05:30,3138.8,11,3135.2,3384266,109045.0,169289.0,3163.0,3163.0,3108.0,3134.3,31936600,3447.7,2820.9,3839.9,2896.0,3138.8,79,5,3138.7,641,8,3138.6,519,8,3138.4,200,3,3138.3,18,2,3138.9,416,16,3139.0,1016,14,3139.1,230,9,3139.2,632,9,3139.4,338,2
2031,2026-06-16 15:19:47+05:30,3138.8,14,3135.2,3384380,109711.0,169561.0,3163.0,3163.0,3108.0,3134.3,31936600,3447.7,2820.9,3839.9,2896.0,3138.8,57,5,3138.7,642,9,3138.6,518,7,3138.4,237,4,3138.3,1290,4,3138.9,460,17,3139.0,990,13,3139.1,230,9,3139.2,632,9,3139.4,200,1
2031,2026-06-16 15:19:47+05:30,3138.7,63,3135.2,3384380,109711.0,169561.0,3163.0,3163.0,3108.0,3134.3,31936600,3447.7,2820.9,3839.9,2896.0,3138.8,57,5,3138.7,642,9,3138.6,518,7,3138.4,237,4,3138.3,1290,4,3138.9,460,17,3139.0,990,13,3139.1,230,9,3139.2,632,9,3139.4,200,1
2031,2026-06-16 15:19:48+05:30,3138.7,5,3135.2,3384857,107726.0,169527.0,3163.0,3163.0,3108.0,3134.3,31936600,3447.7,2820.9,3839.9,2896.0,3138.7,691,11,3138.6,518,7,3138.4,200,3,3138.3,18,2,3138.2,334,6,3138.8,97,4,3138.9,369,12,3139.0,985,12,3139.1,230,9,3139.2,627,8
2031,2026-06-16 15:19:48+05:30,3138.7,5,3135.2,3384857,107726.0,169527.0,3163.0,3163.0,3108.0,3134.3,31936600,3447.7,2820.9,3839.9,2896.0,3138.7,691,11,3138.6,518,7,3138.4,200,3,3138.3,18,2,3138.2,334,6,3138.8,97,4,3138.9,369,12,3139.0,985,12,3139.1,230,9,3139.2,627,8
2031,2026-06-16 15:19:48+05:30,3138.7,13,3135.2,3384857,107726.0,169527.0,3163.0,3163.0,3108.0,3134.3,31936600,3447.7,2820.9,3839.9,2896.0,3138.7,691,11,3138.6,518,7,3138.4,200,3,3138.3,18,2,3138.2,334,6,3138.8,97,4,3138.9,369,12,3139.0,985,12,3139.1,230,9,3139.2,627,8
2031,2026-06-16 15:19:49+05:30,3138.8,2,3135.2,3384992,108400.0,168982.0,3163.0,3163.0,3108.0,3134.3,31936600,3447.7,2820.9,3839.9,2896.0,3138.7,936,13,3138.6,519,7,3138.5,51,2,3138.4,237,4,3138.3,142,3,3138.8,124,7,3138.9,292,7,3139.0,979,11,3139.1,230,9,3139.2,99,4
2031,2026-06-16 15:19:49+05:30,3138.8,2,3135.2,3384992,108400.0,168982.0,3163.0,3163.0,3108.0,3134.3,31936600,3447.7,2820.9,3839.9,2896.0,3138.7,936,13,3138.6,519,7,3138.5,51,2,3138.4,237,4,3138.3,142,3,3138.8,124,7,3138.9,292,7,3139.0,979,11,3139.1,230,9,3139.2,99,4
2031,2026-06-16 15:19:50+05:30,3138.7,38,3135.2,3385041,108526.0,169052.0,3163.0,3163.0,3108.0,3134.3,31936600,3447.7,2820.9,3839.9,2896.0,3138.7,1009,16,3138.6,519,7,3138.4,1471,5,3138.3,742,4,3138.2,275,4,3138.8,237,9,3138.9,304,7,3139.0,979,11,3139.1,230,9,3139.2,78,2
2031,2026-06-16 15:19:50+05:30,3138.8,6,3135.2,3385041,108526.0,169052.0,3163.0,3163.0,3108.0,3134.3,31936600,3447.7,2820.9,3839.9,2896.0,3138.7,1009,16,3138.6,519,7,3138.4,1471,5,3138.3,742,4,3138.2,275,4,3138.8,237,9,3138.9,304,7,3139.0,979,11,3139.1,230,9,3139.2,78,2
2031,2026-06-16 15:19:50+05:30,3138.8,6,3135.2,3385041,108526.0,169052.0,3163.0,3163.0,3108.0,3134.3,31936600,3447.7,2820.9,3839.9,2896.0,3138.7,1009,16,3138.6,519,7,3138.4,1471,5,3138.3,742,4,3138.2,275,4,3138.8,237,9,3138.9,304,7,3139.0,979,11,3139.1,230,9,3139.2,78,2
2031,2026-06-16 15:19:51+05:30,3138.8,4,3135.21,3385347,108168.0,168781.0,3163.0,3163.0,3108.0,3134.3,31936600,3447.7,2820.9,3839.9,2896.0,3138.7,961,18,3138.6,556,8,3138.5,177,2,3138.4,200,3,3138.3,143,4,3138.8,137,3,3138.9,291,6,3139.0,979,11,3139.1,230,9,3139.2,78,2
2031,2026-06-16 15:19:51+05:30,3138.8,3,3135.21,3385347,108168.0,168781.0,3163.0,3163.0,3108.0,3134.3,31936600,3447.7,2820.9,3839.9,2896.0,3138.7,961,18,3138.6,556,8,3138.5,177,2,3138.4,200,3,3138.3,143,4,3138.8,137,3,3138.9,291,6,3139.0,979,11,3139.1,230,9,3139.2,78,2
2031,2026-06-16 15:19:52+05:30,3138.7,24,3135.21,3385512,108261.0,168542.0,3163.0,3163.0,3108.0,3134.3,31936600,3447.7,2820.9,3839.9,2896.0,3138.7,814,17,3138.6,519,7,3138.5,77,2,3138.4,225,3,3138.3,619,4,3138.8,134,5,3138.9,290,5,3139.0,979,11,3139.1,230,9,3139.2,78,2
2031,2026-06-16 15:19:52+05:30,3138.7,24,3135.21,3385512,108261.0,168542.0,3163.0,3163.0,3108.0,3134.3,31936600,3447.7,2820.9,3839.9,2896.0,3138.7,814,17,3138.6,519,7,3138.5,77,2,3138.4,225,3,3138.3,619,4,3138.8,134,5,3138.9,290,5,3139.0,979,11,3139.1,230,9,3139.2,78,2
2031,2026-06-16 15:19:53+05:30,3138.7,24,3135.21,3385512,108261.0,168542.0,3163.0,3163.0,3108.0,3134.3,31936600,3447.7,2820.9,3839.9,2896.0,3138.7,814,17,3138.6,519,7,3138.5,77,2,3138.4,225,3,3138.3,619,4,3138.8,134,5,3138.9,290,5,3139.0,979,11,3139.1,230,9,3139.2,78,2
2031,2026-06-16 15:19:53+05:30,3138.7,38,3135.21,3385572,108402.0,168220.0,3163.0,3163.0,3108.0,3134.3,31936600,3447.7,2820.9,3839.9,2896.0,3138.7,743,16,3138.6,512,6,3138.5,18,1,3138.4,189,3,3138.3,852,7,3138.8,155,7,3138.9,290,5,3139.0,974,10,3139.1,230,9,3139.2,78,2
2031,2026-06-16 15:19:53+05:30,3138.7,38,3135.21,3385572,108402.0,168220.0,3163.0,3163.0,3108.0,3134.3,31936600,3447.7,2820.9,3839.9,2896.0,3138.7,743,16,3138.6,512,6,3138.5,18,1,3138.4,189,3,3138.3,852,7,3138.8,155,7,3138.9,290,5,3139.0,974,10,3139.1,230,9,3139.2,78,2
2031,2026-06-16 15:19:54+05:30,3138.8,6,3135.21,3385572,108402.0,168220.0,3163.0,3163.0,3108.0,3134.3,31936600,3447.7,2820.9,3839.9,2896.0,3138.7,743,16,3138.6,512,6,3138.5,18,1,3138.4,189,3,3138.3,852,7,3138.8,155,7,3138.9,290,5,3139.0,974,10,3139.1,230,9,3139.2,78,2
2031,2026-06-16 15:19:54+05:30,3138.8,6,3135.21,3385755,108470.0,168670.0,3163.0,3163.0,3108.0,3134.3,31936600,3447.7,2820.9,3839.9,2896.0,3138.7,702,15,3138.6,574,8,3138.5,19,2,3138.4,1047,5,3138.3,215,5,3138.8,188,10,3138.9,290,5,3139.0,974,10,3139.1,230,9,3139.2,78,2
2031,2026-06-16 15:19:55+05:30,3138.8,6,3135.21,3385755,108470.0,168670.0,3163.0,3163.0,3108.0,3134.3,31936600,3447.7,2820.9,3839.9,2896.0,3138.7,702,15,3138.6,574,8,3138.5,19,2,3138.4,1047,5,3138.3,215,5,3138.8,188,10,3138.9,290,5,3139.0,974,10,3139.1,230,9,3139.2,78,2
2031,2026-06-16 15:19:55+05:30,3138.8,10,3135.21,3385755,108470.0,168670.0,3163.0,3163.0,3108.0,3134.3,31936600,3447.7,2820.9,3839.9,2896.0,3138.7,702,15,3138.6,574,8,3138.5,19,2,3138.4,1047,5,3138.3,215,5,3138.8,188,10,3138.9,290,5,3139.0,974,10,3139.1,230,9,3139.2,78,2
2031,2026-06-16 15:19:56+05:30,3138.8,10,3135.21,3385767,108085.0,169185.0,3163.0,3163.0,3108.0,3134.3,31936600,3447.7,2820.9,3839.9,2896.0,3138.7,781,17,3138.6,512,6,3138.5,19,2,3138.4,188,2,3138.3,18,2,3138.8,234,13,3138.9,351,6,3139.0,1014,11,3139.1,230,9,3139.2,78,2
2031,2026-06-16 15:19:56+05:30,3138.7,10,3135.21,3385767,108085.0,169185.0,3163.0,3163.0,3108.0,3134.3,31936600,3447.7,2820.9,3839.9,2896.0,3138.7,781,17,3138.6,512,6,3138.5,19,2,3138.4,188,2,3138.3,18,2,3138.8,234,13,3138.9,351,6,3139.0,1014,11,3139.1,230,9,3139.2,78,2
2031,2026-06-16 15:19:57+05:30,3138.7,10,3135.21,3386045,108173.0,169325.0,3163.0,3163.0,3108.0,3134.3,31936600,3447.7,2820.9,3839.9,2896.0,3138.7,625,17,3138.6,551,8,3138.5,18,1,3138.4,788,3,3138.3,18,2,3138.8,167,11,3138.9,354,7,3139.0,1014,11,3139.1,230,9,3139.2,78,2
2031,2026-06-16 15:19:57+05:30,3138.7,10,3135.21,3386045,108173.0,169325.0,3163.0,3163.0,3108.0,3134.3,31936600,3447.7,2820.9,3839.9,2896.0,3138.7,625,17,3138.6,551,8,3138.5,18,1,3138.4,788,3,3138.3,18,2,3138.8,167,11,3138.9,354,7,3139.0,1014,11,3139.1,230,9,3139.2,78,2
2031,2026-06-16 15:19:57+05:30,3138.7,5,3135.21,3386045,108173.0,169325.0,3163.0,3163.0,3108.0,3134.3,31936600,3447.7,2820.9,3839.9,2896.0,3138.7,625,17,3138.6,551,8,3138.5,18,1,3138.4,788,3,3138.3,18,2,3138.8,167,11,3138.9,354,7,3139.0,1014,11,3139.1,230,9,3139.2,78,2
2031,2026-06-16 15:19:58+05:30,3138.7,19,3135.21,3386354,107655.0,169116.0,3163.0,3163.0,3108.0,3134.3,31936600,3447.7,2820.9,3839.9,2896.0,3138.7,630,23,3138.6,537,7,3138.5,18,1,3138.4,753,6,3138.3,18,2,3138.8,185,12,3138.9,358,8,3139.0,1014,11,3139.1,198,7,3139.2,78,2
2031,2026-06-16 15:19:58+05:30,3138.8,1,3135.21,3386354,107655.0,169116.0,3163.0,3163.0,3108.0,3134.3,31936600,3447.7,2820.9,3839.9,2896.0,3138.7,630,23,3138.6,537,7,3138.5,18,1,3138.4,753,6,3138.3,18,2,3138.8,185,12,3138.9,358,8,3139.0,1014,11,3139.1,198,7,3139.2,78,2
2031,2026-06-16 15:19:58+05:30,3138.8,1,3135.21,3386354,107655.0,169116.0,3163.0,3163.0,3108.0,3134.3,31936600,3447.7,2820.9,3839.9,2896.0,3138.7,630,23,3138.6,537,7,3138.5,18,1,3138.4,753,6,3138.3,18,2,3138.8,185,12,3138.9,358,8,3139.0,1014,11,3139.1,198,7,3139.2,78,2
2031,2026-06-16 15:19:59+05:30,3138.8,1,3135.21,3386721,107835.0,168951.0,3163.0,3163.0,3108.0,3134.3,31936600,3447.7,2820.9,3839.9,2896.0,3138.7,434,18,3138.6,537,7,3138.5,655,3,3138.4,447,4,3138.3,231,4,3138.8,218,14,3138.9,358,8,3139.0,1014,11,3139.1,198,7,3139.2,78,2
2031,2026-06-16 15:19:59+05:30,3138.8,1,3135.21,3386721,107835.0,168951.0,3163.0,3163.0,3108.0,3134.3,31936600,3447.7,2820.9,3839.9,2896.0,3138.7,434,18,3138.6,537,7,3138.5,655,3,3138.4,447,4,3138.3,231,4,3138.8,218,14,3138.9,358,8,3139.0,1014,11,3139.1,198,7,3139.2,78,2
2031,2026-06-16 15:19:59+05:30,3138.8,17,3135.21,3386721,107835.0,168951.0,3163.0,3163.0,3108.0,3134.3,31936600,3447.7,2820.9,3839.9,2896.0,3138.7,434,18,3138.6,537,7,3138.5,655,3,3138.4,447,4,3138.3,231,4,3138.8,218,14,3138.9,358,8,3139.0,1014,11,3139.1,198,7,3139.2,78,2
2031,2026-06-16 15:20:00+05:30,3138.8,1,3135.21,3386962,108106.0,167721.0,3163.0,3163.0,3108.0,3134.3,31936600,3447.7,2820.9,3839.9,2896.0,3138.7,393,18,3138.6,1174,9,3138.5,55,2,3138.4,1881,6,3138.3,1148,4,3138.8,149,9,3138.9,358,8,3139.0,1014,11,3139.1,198,7,3139.2,78,2
2031,2026-06-16 15:20:00+05:30,3138.8,1,3135.21,3386962,108106.0,167721.0,3163.0,3163.0,3108.0,3134.3,31936600,3447.7,2820.9,3839.9,2896.0,3138.7,393,18,3138.6,1174,9,3138.5,55,2,3138.4,1881,6,3138.3,1148,4,3138.8,149,9,3138.9,358,8,3139.0,1014,11,3139.1,198,7,3139.2,78,2
2031,2026-06-16 15:20:00+05:30,3138.8,1,3135.21,3386962,108106.0,167721.0,3163.0,3163.0,3108.0,3134.3,31936600,3447.7,2820.9,3839.9,2896.0,3138.7,393,18,3138.6,1174,9,3138.5,55,2,3138.4,1881,6,3138.3,1148,4,3138.8,149,9,3138.9,358,8,3139.0,1014,11,3139.1,198,7,3139.2,78,2
2031,2026-06-16 15:20:01+05:30,3138.8,34,3135.21,3387248,107901.0,166631.0,3163.0,3163.0,3108.0,3134.3,31936600,3447.7,2820.9,3839.9,2896.0,3138.7,485,19,3138.6,512,6,3138.5,126,4,3138.4,241,3,3138.3,619,4,3138.8,20,1,3138.9,358,8,3139.0,1014,11,3139.1,198,7,3139.2,78,2
2031,2026-06-16 15:20:01+05:30,3138.8,34,3135.21,3387248,107901.0,166631.0,3163.0,3163.0,3108.0,3134.3,31936600,3447.7,2820.9,3839.9,2896.0,3138.7,485,19,3138.6,512,6,3138.5,126,4,3138.4,241,3,3138.3,619,4,3138.8,20,1,3138.9,358,8,3139.0,1014,11,3139.1,198,7,3139.2,78,2
2031,2026-06-16 15:20:01+05:30,3138.7,40,3135.21,3387248,107901.0,166631.0,3163.0,3163.0,3108.0,3134.3,31936600,3447.7,2820.9,3839.9,2896.0,3138.7,485,19,3138.6,512,6,3138.5,126,4,3138.4,241,3,3138.3,619,4,3138.8,20,1,3138.9,358,8,3139.0,1014,11,3139.1,198,7,3139.2,78,2
2031,2026-06-16 15:20:02+05:30,3138.7,40,3135.21,3387248,107901.0,166631.0,3163.0,3163.0,3108.0,3134.3,31936600,3447.7,2820.9,3839.9,2896.0,3138.7,485,19,3138.6,512,6,3138.5,126,4,3138.4,241,3,3138.3,619,4,3138.8,20,1,3138.9,358,8,3139.0,1014,11,3139.1,198,7,3139.2,78,2
2031,2026-06-16 15:20:02+05:30,3138.7,20,3135.21,3387311,107796.0,164855.0,3163.0,3163.0,3108.0,3134.3,31936600,3447.7,2820.9,3839.9,2896.0,3138.7,521,22,3138.6,555,8,3138.5,88,3,3138.4,241,3,3138.3,19,3,3138.8,59,2,3138.9,358,8,3139.0,994,10,3139.1,178,6,3139.2,78,2
2031,2026-06-16 15:20:02+05:30,3138.7,20,3135.21,3387311,107796.0,164855.0,3163.0,3163.0,3108.0,3134.3,31936600,3447.7,2820.9,3839.9,2896.0,3138.7,521,22,3138.6,555,8,3138.5,88,3,3138.4,241,3,3138.3,19,3,3138.8,59,2,3138.9,358,8,3139.0,994,10,3139.1,178,6,3139.2,78,2
2031,2026-06-16 15:20:03+05:30,3138.7,20,3135.21,3387311,107796.0,164855.0,3163.0,3163.0,3108.0,3134.3,31936600,3447.7,2820.9,3839.9,2896.0,3138.7,521,22,3138.6,555,8,3138.5,88,3,3138.4,241,3,3138.3,19,3,3138.8,59,2,3138.9,358,8,3139.0,994,10,3139.1,178,6,3139.2,78,2
2031,2026-06-16 15:20:03+05:30,3138.7,2,3135.21,3387331,110451.0,162449.0,3163.0,3163.0,3108.0,3134.3,31936600,3447.7,2820.9,3839.9,2896.0,3138.7,1077,26,3138.6,518,7,3138.5,55,2,3138.4,315,3,3138.3,1935,5,3138.8,205,5,3138.9,358,8,3139.0,994,10,3139.1,178,6,3139.2,78,2
2031,2026-06-16 15:20:03+05:30,3138.7,2,3135.21,3387331,110451.0,162449.0,3163.0,3163.0,3108.0,3134.3,31936600,3447.7,2820.9,3839.9,2896.0,3138.7,1077,26,3138.6,518,7,3138.5,55,2,3138.4,315,3,3138.3,1935,5,3138.8,205,5,3138.9,358,8,3139.0,994,10,3139.1,178,6,3139.2,78,2
2031,2026-06-16 15:20:03+05:30,3138.8,71,3135.21,3387331,110451.0,162449.0,3163.0,3163.0,3108.0,3134.3,31936600,3447.7,2820.9,3839.9,2896.0,3138.7,1077,26,3138.6,518,7,3138.5,55,2,3138.4,315,3,3138.3,1935,5,3138.8,205,5,3138.9,358,8,3139.0,994,10,3139.1,178,6,3139.2,78,2
2031,2026-06-16 15:20:04+05:30,3138.8,27,3135.21,3387532,106208.0,162986.0,3163.0,3163.0,3108.0,3134.3,31936600,3447.7,2820.9,3839.9,2896.0,3138.7,1333,29,3138.6,543,8,3138.5,18,1,3138.4,927,5,3138.3,1395,5,3138.8,120,6,3138.9,358,8,3139.0,994,10,3139.1,178,6,3139.2,78,2
2031,2026-06-16 15:20:04+05:30,3138.8,27,3135.21,3387532,106208.0,162986.0,3163.0,3163.0,3108.0,3134.3,31936600,3447.7,2820.9,3839.9,2896.0,3138.7,1333,29,3138.6,543,8,3138.5,18,1,3138.4,927,5,3138.3,1395,5,3138.8,120,6,3138.9,358,8,3139.0,994,10,3139.1,178,6,3139.2,78,2
2031,2026-06-16 15:20:04+05:30,3138.7,37,3135.21,3387532,106208.0,162986.0,3163.0,3163.0,3108.0,3134.3,31936600,3447.7,2820.9,3839.9,2896.0,3138.7,1333,29,3138.6,543,8,3138.5,18,1,3138.4,927,5,3138.3,1395,5,3138.8,120,6,3138.9,358,8,3139.0,994,10,3139.1,178,6,3139.2,78,2
2031,2026-06-16 15:20:05+05:30,3138.7,37,3135.21,3387532,106208.0,162986.0,3163.0,3163.0,3108.0,3134.3,31936600,3447.7,2820.9,3839.9,2896.0,3138.7,1333,29,3138.6,543,8,3138.5,18,1,3138.4,927,5,3138.3,1395,5,3138.8,120,6,3138.9,358,8,3139.0,994,10,3139.1,178,6,3139.2,78,2
2031,2026-06-16 15:20:05+05:30,3138.7,1,3135.21,3388094,104763.0,163988.0,3163.0,3163.0,3108.0,3134.3,31936600,3447.7,2820.9,3839.9,2896.0,3138.7,955,21,3138.6,555,8,3138.5,19,2,3138.4,176,1,3138.3,18,2,3138.8,199,7,3138.9,440,9,3139.0,994,10,3139.1,81,6,3139.2,78,2
2031,2026-06-16 15:20:05+05:30,3138.7,1,3135.21,3388094,104763.0,163988.0,3163.0,3163.0,3108.0,3134.3,31936600,3447.7,2820.9,3839.9,2896.0,3138.7,955,21,3138.6,555,8,3138.5,19,2,3138.4,176,1,3138.3,18,2,3138.8,199,7,3138.9,440,9,3139.0,994,10,3139.1,81,6,3139.2,78,2
2031,2026-06-16 15:20:06+05:30,3138.7,1,3135.21,3388094,104763.0,163988.0,3163.0,3163.0,3108.0,3134.3,31936600,3447.7,2820.9,3839.9,2896.0,3138.7,955,21,3138.6,555,8,3138.5,19,2,3138.4,176,1,3138.3,18,2,3138.8,199,7,3138.9,440,9,3139.0,994,10,3139.1,81,6,3139.2,78,2
2031,2026-06-16 15:20:06+05:30,3138.8,3,3135.21,3388142,105096.0,164253.0,3163.0,3163.0,3108.0,3134.3,31936600,3447.7,2820.9,3839.9,2896.0,3138.7,972,22,3138.6,555,8,3138.5,19,2,3138.4,176,1,3138.3,618,3,3138.8,365,10,3138.9,440,9,3139.0,997,11,3139.1,81,6,3139.2,550,5
2031,2026-06-16 15:20:06+05:30,3138.8,3,3135.21,3388142,105096.0,164253.0,3163.0,3163.0,3108.0,3134.3,31936600,3447.7,2820.9,3839.9,2896.0,3138.7,972,22,3138.6,555,8,3138.5,19,2,3138.4,176,1,3138.3,618,3,3138.8,365,10,3138.9,440,9,3139.0,997,11,3139.1,81,6,3139.2,550,5
2031,2026-06-16 15:20:07+05:30,3138.8,3,3135.21,3388142,105096.0,164253.0,3163.0,3163.0,3108.0,3134.3,31943600,3447.7,2820.9,3839.9,2896.0,3138.7,972,22,3138.6,555,8,3138.5,19,2,3138.4,176,1,3138.3,618,3,3138.8,365,10,3138.9,440,9,3139.0,997,11,3139.1,81,6,3139.2,550,5
2031,2026-06-16 15:20:07+05:30,3138.7,12,3135.21,3388322,105133.0,164097.0,3163.0,3163.0,3108.0,3134.3,31943600,3447.7,2820.9,3839.9,2896.0,3138.7,980,22,3138.6,519,8,3138.5,19,2,3138.4,190,2,3138.3,638,3,3138.8,225,8,3138.9,440,9,3139.0,994,10,3139.1,84,7,3139.2,550,5
2031,2026-06-16 15:20:07+05:30,3138.7,12,3135.21,3388322,105133.0,164097.0,3163.0,3163.0,3108.0,3134.3,31943600,3447.7,2820.9,3839.9,2896.0,3138.7,980,22,3138.6,519,8,3138.5,19,2,3138.4,190,2,3138.3,638,3,3138.8,225,8,3138.9,440,9,3139.0,994,10,3139.1,84,7,3139.2,550,5
2031,2026-06-16 15:20:08+05:30,3138.7,40,3135.21,3388322,105133.0,164097.0,3163.0,3163.0,3108.0,3134.3,31943600,3447.7,2820.9,3839.9,2896.0,3138.7,980,22,3138.6,519,8,3138.5,19,2,3138.4,190,2,3138.3,638,3,3138.8,225,8,3138.9,440,9,3139.0,994,10,3139.1,84,7,3139.2,550,5
2031,2026-06-16 15:20:08+05:30,3138.7,40,3135.21,3388611,105334.0,164123.0,3163.0,3163.0,3108.0,3134.3,31943600,3447.7,2820.9,3839.9,2896.0,3138.7,963,23,3138.6,555,8,3138.5,19,2,3138.4,190,2,3138.3,617,2,3138.8,252,9,3138.9,440,9,3139.0,994,10,3139.1,81,6,3139.2,553,6
2031,2026-06-16 15:20:09+05:30,3138.7,4,3135.21,3388611,105334.0,164123.0,3163.0,3163.0,3108.0,3134.3,31943600,3447.7,2820.9,3839.9,2896.0,3138.7,963,23,3138.6,555,8,3138.5,19,2,3138.4,190,2,3138.3,617,2,3138.8,252,9,3138.9,440,9,3139.0,994,10,3139.1,81,6,3139.2,553,6
2031,2026-06-16 15:20:09+05:30,3138.7,9,3135.21,3388717,104937.0,163283.0,3163.0,3163.0,3108.0,3134.3,31943600,3447.7,2820.9,3839.9,2896.0,3138.7,1374,24,3138.6,493,7,3138.5,19,2,3138.4,227,3,3138.3,617,2,3138.8,229,10,3138.9,440,9,3139.0,994,10,3139.1,81,6,3139.2,78,2
2031,2026-06-16 15:20:10+05:30,3138.7,9,3135.21,3388717,104937.0,163283.0,3163.0,3163.0,3108.0,3134.3,31943600,3447.7,2820.9,3839.9,2896.0,3138.7,1374,24,3138.6,493,7,3138.5,19,2,3138.4,227,3,3138.3,617,2,3138.8,229,10,3138.9,440,9,3139.0,994,10,3139.1,81,6,3139.2,78,2
2031,2026-06-16 15:20:11+05:30,3138.7,9,3135.21,3388717,105990.0,163023.0,3163.0,3163.0,3108.0,3134.3,31943600,3447.7,2820.9,3839.9,2896.0,3138.7,1526,28,3138.6,1129,10,3138.5,259,3,3138.4,528,4,3138.3,1171,3,3138.8,255,12,3138.9,440,9,3139.0,994,10,3139.1,81,6,3139.2,78,2
2031,2026-06-16 15:20:11+05:30,3138.7,8,3135.21,3388717,105990.0,163023.0,3163.0,3163.0,3108.0,3134.3,31943600,3447.7,2820.9,3839.9,2896.0,3138.7,1526,28,3138.6,1129,10,3138.5,259,3,3138.4,528,4,3138.3,1171,3,3138.8,255,12,3138.9,440,9,3139.0,994,10,3139.1,81,6,3139.2,78,2
2031,2026-06-16 15:20:12+05:30,3139.1,19,3135.21,3391915,107674.0,160749.0,3163.0,3163.0,3108.0,3134.3,31943600,3447.7,2820.9,3839.9,2896.0,3138.9,3098,6,3138.8,200,1,3138.7,2103,29,3138.6,529,9,3138.5,401,3,3139.2,78,2,3139.5,200,1,3139.6,26,2,3139.7,3,1,3139.8,15,1
2031,2026-06-16 15:20:12+05:30,3139.5,154,3135.21,3391915,107674.0,160749.0,3163.0,3163.0,3108.0,3134.3,31943600,3447.7,2820.9,3839.9,2896.0,3138.9,3098,6,3138.8,200,1,3138.7,2103,29,3138.6,529,9,3138.5,401,3,3139.2,78,2,3139.5,200,1,3139.6,26,2,3139.7,3,1,3139.8,15,1
2031,2026-06-16 15:20:13+05:30,3139.1,2,3135.21,3392247,108145.0,161432.0,3163.0,3163.0,3108.0,3134.3,31943600,3447.7,2820.9,3839.9,2896.0,3139.1,2001,8,3139.0,1817,4,3138.9,323,8,3138.7,2008,20,3138.6,442,5,3139.6,33,3,3139.7,3,1,3139.8,15,1,3139.9,52,4,3140.0,160,10
2031,2026-06-16 15:20:13+05:30,3139.6,1,3135.21,3392247,108145.0,161432.0,3163.0,3163.0,3108.0,3134.3,31943600,3447.7,2820.9,3839.9,2896.0,3139.1,2001,8,3139.0,1817,4,3138.9,323,8,3138.7,2008,20,3138.6,442,5,3139.6,33,3,3139.7,3,1,3139.8,15,1,3139.9,52,4,3140.0,160,10
2031,2026-06-16 15:20:14+05:30,3139.1,23,3135.21,3392325,108612.0,161468.0,3163.0,3163.0,3108.0,3134.3,31943600,3447.7,2820.9,3839.9,2896.0,3139.1,852,7,3139.0,3026,5,3138.9,290,8,3138.7,2033,23,3138.6,433,4,3139.6,56,4,3139.7,3,1,3139.9,52,4,3140.0,160,10,3140.1,2,1
2031,2026-06-16 15:20:14+05:30,3139.1,23,3135.21,3392325,108612.0,161468.0,3163.0,3163.0,3108.0,3134.3,31943600,3447.7,2820.9,3839.9,2896.0,3139.1,852,7,3139.0,3026,5,3138.9,290,8,3138.7,2033,23,3138.6,433,4,3139.6,56,4,3139.7,3,1,3139.9,52,4,3140.0,160,10,3140.1,2,1
2031,2026-06-16 15:20:15+05:30,3139.6,4,3135.21,3392514,109027.0,161470.0,3163.0,3163.0,3108.0,3134.3,31943600,3447.7,2820.9,3839.9,2896.0,3139.1,1624,12,3139.0,2587,5,3138.9,318,10,3138.8,261,3,3138.7,1520,15,3139.6,9,2,3139.7,3,1,3139.9,52,4,3140.0,160,10,3140.1,2,1
2031,2026-06-16 15:20:15+05:30,3139.9,10,3135.21,3392514,109027.0,161470.0,3163.0,3163.0,3108.0,3134.3,31943600,3447.7,2820.9,3839.9,2896.0,3139.1,1624,12,3139.0,2587,5,3138.9,318,10,3138.8,261,3,3138.7,1520,15,3139.6,9,2,3139.7,3,1,3139.9,52,4,3140.0,160,10,3140.1,2,1
2031,2026-06-16 15:20:16+05:30,3139.6,26,3135.21,3393454,108946.0,161697.0,3163.0,3163.0,3108.0,3134.3,31943600,3447.7,2820.9,3839.9,2896.0,3139.6,14,1,3139.3,238,3,3139.2,3126,7,3139.1,1573,12,3139.0,236,5,3140.0,157,9,3140.1,2,1,3140.2,3,1,3140.3,200,1,3140.7,3,1
2031,2026-06-16 15:20:16+05:30,3140.2,3,3135.21,3393454,108946.0,161697.0,3163.0,3163.0,3108.0,3134.3,31943600,3447.7,2820.9,3839.9,2896.0,3139.6,14,1,3139.3,238,3,3139.2,3126,7,3139.1,1573,12,3139.0,236,5,3140.0,157,9,3140.1,2,1,3140.2,3,1,3140.3,200,1,3140.7,3,1
2031,2026-06-16 15:20:17+05:30,3139.7,21,3135.21,3393688,109015.0,161227.0,3163.0,3163.0,3108.0,3134.3,31943600,3447.7,2820.9,3839.9,2896.0,3140.0,287,5,3139.9,484,3,3139.7,1001,3,3139.6,1280,5,3139.5,541,4,3140.8,22,1,3140.9,5,1,3141.0,5,1,3141.3,14,1,3141.4,138,1
2031,2026-06-16 15:20:17+05:30,3140.8,2,3135.21,3393688,109015.0,161227.0,3163.0,3163.0,3108.0,3134.3,31943600,3447.7,2820.9,3839.9,2896.0,3140.0,287,5,3139.9,484,3,3139.7,1001,3,3139.6,1280,5,3139.5,541,4,3140.8,22,1,3140.9,5,1,3141.0,5,1,3141.3,14,1,3141.4,138,1
2031,2026-06-16 15:20:18+05:30,3140.7,27,3135.21,3393805,107954.0,162129.0,3163.0,3163.0,3108.0,3134.3,31943600,3447.7,2820.9,3839.9,2896.0,3140.4,269,5,3140.3,88,2,3140.2,58,3,3140.1,27,1,3140.0,1712,7,3140.7,174,1,3140.8,5,1,3140.9,2,1,3141.0,6,2,3141.3,14,1
2031,2026-06-16 15:20:18+05:30,3140.4,24,3135.21,3393805,107954.0,162129.0,3163.0,3163.0,3108.0,3134.3,31943600,3447.7,2820.9,3839.9,2896.0,3140.4,269,5,3140.3,88,2,3140.2,58,3,3140.1,27,1,3140.0,1712,7,3140.7,174,1,3140.8,5,1,3140.9,2,1,3141.0,6,2,3141.3,14,1
2031,2026-06-16 15:20:19+05:30,3140.4,4,3135.22,3394095,107996.0,162284.0,3163.0,3163.0,3108.0,3134.3,31943600,3447.7,2820.9,3839.9,2896.0,3140.5,14,1,3140.4,862,7,3140.3,237,3,3140.2,41,2,3140.1,84,2,3140.7,99,6,3140.8,40,1,3140.9,118,1,3141.0,6,2,3141.3,14,1
2031,2026-06-16 15:20:19+05:30,3140.7,1,3135.22,3394095,107996.0,162284.0,3163.0,3163.0,3108.0,3134.3,31943600,3447.7,2820.9,3839.9,2896.0,3140.5,14,1,3140.4,862,7,3140.3,237,3,3140.2,41,2,3140.1,84,2,3140.7,99,6,3140.8,40,1,3140.9,118,1,3141.0,6,2,3141.3,14,1
2031,2026-06-16 15:20:20+05:30,3140.6,152,3135.22,3394278,108006.0,162290.0,3163.0,3163.0,3108.0,3134.3,31943600,3447.7,2820.9,3839.9,2896.0,3140.5,469,4,3140.4,1291,13,3140.3,316,4,3140.2,133,3,3140.1,400,2,3140.6,65,5,3140.7,151,6,3140.8,40,1,3140.9,15,1,3141.0,6,2
2031,2026-06-16 15:20:20+05:30,3140.6,152,3135.22,3394278,108006.0,162290.0,3163.0,3163.0,3108.0,3134.3,31943600,3447.7,2820.9,3839.9,2896.0,3140.5,469,4,3140.4,1291,13,3140.3,316,4,3140.2,133,3,3140.1,400,2,3140.6,65,5,3140.7,151,6,3140.8,40,1,3140.9,15,1,3141.0,6,2
2031,2026-06-16 15:20:21+05:30,3140.4,56,3135.22,3395508,106540.0,163452.0,3163.0,3163.0,3108.0,3134.3,31943600,3447.7,2820.9,3839.9,2896.0,3140.4,1208,15,3140.3,335,5,3140.2,14,1,3140.1,401,3,3140.0,166,4,3140.6,170,9,3140.7,103,5,3140.9,15,1,3141.0,6,2,3141.3,614,4
2031,2026-06-16 15:20:21+05:30,3140.4,200,3135.22,3395508,106540.0,163452.0,3163.0,3163.0,3108.0,3134.3,31943600,3447.7,2820.9,3839.9,2896.0,3140.4,1208,15,3140.3,335,5,3140.2,14,1,3140.1,401,3,3140.0,166,4,3140.6,170,9,3140.7,103,5,3140.9,15,1,3141.0,6,2,3141.3,614,4
2031,2026-06-16 15:20:22+05:30,3140.5,11,3135.22,3395722,106423.0,163618.0,3163.0,3163.0,3108.0,3134.3,31943600,3447.7,2820.9,3839.9,2896.0,3140.5,243,1,3140.4,1314,17,3140.3,535,6,3140.2,15,2,3140.1,418,4,3140.6,307,12,3140.7,102,4,3140.9,15,1,3141.0,6,2,3141.2,400,2
2031,2026-06-16 15:20:22+05:30,3140.5,28,3135.22,3395722,106423.0,163618.0,3163.0,3163.0,3108.0,3134.3,31943600,3447.7,2820.9,3839.9,2896.0,3140.5,243,1,3140.4,1314,17,3140.3,535,6,3140.2,15,2,3140.1,418,4,3140.6,307,12,3140.7,102,4,3140.9,15,1,3141.0,6,2,3141.2,400,2
2031,2026-06-16 15:20:23+05:30,3140.5,200,3135.22,3395964,106484.0,163518.0,3163.0,3163.0,3108.0,3134.3,31943600,3447.7,2820.9,3839.9,2896.0,3140.5,384,6,3140.4,1258,15,3140.3,503,7,3140.2,30,3,3140.1,401,3,3140.6,340,15,3140.7,102,4,3140.9,15,1,3141.0,6,2,3141.2,400,2
2031,2026-06-16 15:20:23+05:30,3140.5,200,3135.22,3395964,106484.0,163518.0,3163.0,3163.0,3108.0,3134.3,31943600,3447.7,2820.9,3839.9,2896.0,3140.5,384,6,3140.4,1258,15,3140.3,503,7,3140.2,30,3,3140.1,401,3,3140.6,340,15,3140.7,102,4,3140.9,15,1,3141.0,6,2,3141.2,400,2
2031,2026-06-16 15:20:24+05:30,3140.6,80,3135.22,3396241,106724.0,163339.0,3163.0,3163.0,3108.0,3134.3,31943600,3447.7,2820.9,3839.9,2896.0,3140.5,688,7,3140.4,1137,16,3140.3,504,8,3140.2,14,1,3140.1,401,3,3140.6,96,10,3140.7,102,4,3140.9,15,1,3141.0,6,2,3141.2,400,2
2031,2026-06-16 15:20:24+05:30,3140.6,80,3135.22,3396241,106724.0,163339.0,3163.0,3163.0,3108.0,3134.3,31943600,3447.7,2820.9,3839.9,2896.0,3140.5,688,7,3140.4,1137,16,3140.3,504,8,3140.2,14,1,3140.1,401,3,3140.6,96,10,3140.7,102,4,3140.9,15,1,3141.0,6,2,3141.2,400,2
2031,2026-06-16 15:20:25+05:30,3140.5,93,3135.22,3396588,106522.0,163753.0,3163.0,3163.0,3108.0,3134.3,31943600,3447.7,2820.9,3839.9,2896.0,3140.5,603,8,3140.4,1099,14,3140.3,695,8,3140.2,14,1,3140.1,401,3,3140.6,112,5,3140.7,107,5,3140.9,15,1,3141.0,6,2,3141.2,400,2
2031,2026-06-16 15:20:25+05:30,3140.5,10,3135.22,3396588,106522.0,163753.0,3163.0,3163.0,3108.0,3134.3,31943600,3447.7,2820.9,3839.9,2896.0,3140.5,603,8,3140.4,1099,14,3140.3,695,8,3140.2,14,1,3140.1,401,3,3140.6,112,5,3140.7,107,5,3140.9,15,1,3141.0,6,2,3141.2,400,2
2031,2026-06-16 15:20:26+05:30,3140.7,16,3135.22,3396588,106522.0,163753.0,3163.0,3163.0,3108.0,3134.3,31943600,3447.7,2820.9,3839.9,2896.0,3140.5,603,8,3140.4,1099,14,3140.3,695,8,3140.2,14,1,3140.1,401,3,3140.6,112,5,3140.7,107,5,3140.9,15,1,3141.0,6,2,3141.2,400,2
2031,2026-06-16 15:20:26+05:30,3140.7,16,3135.22,3396912,106967.0,163573.0,3163.0,3163.0,3108.0,3134.3,31943600,3447.7,2820.9,3839.9,2896.0,3140.5,829,18,3140.4,972,9,3140.3,732,8,3140.2,52,2,3140.1,401,3,3140.6,20,1,3140.7,91,5,3140.9,15,1,3141.0,6,2,3141.2,400,2
2031,2026-06-16 15:20:27+05:30,3140.6,1,3135.22,3396912,106967.0,163573.0,3163.0,3163.0,3108.0,3134.3,31943600,3447.7,2820.9,3839.9,2896.0,3140.5,829,18,3140.4,972,9,3140.3,732,8,3140.2,52,2,3140.1,401,3,3140.6,20,1,3140.7,91,5,3140.9,15,1,3141.0,6,2,3141.2,400,2
2031,2026-06-16 15:20:28+05:30,3140.6,10,3135.22,3397267,106844.0,163506.0,3163.0,3163.0,3108.0,3134.3,31943600,3447.7,2820.9,3839.9,2896.0,3140.6,44,3,3140.5,1016,18,3140.4,683,6,3140.3,732,8,3140.2,14,1,3140.7,89,5,3140.9,15,1,3141.0,6,2,3141.2,400,2,3141.3,352,3
2031,2026-06-16 15:20:28+05:30,3140.5,66,3135.22,3397267,106844.0,163506.0,3163.0,3163.0,3108.0,3134.3,31943600,3447.7,2820.9,3839.9,2896.0,3140.6,44,3,3140.5,1016,18,3140.4,683,6,3140.3,732,8,3140.2,14,1,3140.7,89,5,3140.9,15,1,3141.0,6,2,3141.2,400,2,3141.3,352,3
2031,2026-06-16 15:20:29+05:30,3140.5,66,3135.22,3397529,106835.0,161348.0,3163.0,3163.0,3108.0,3134.3,31943600,3447.7,2820.9,3839.9,2896.0,3140.5,916,17,3140.4,683,6,3140.3,751,10,3140.2,14,1,3140.1,385,2,3140.6,3,1,3140.7,93,6,3140.9,15,1,3141.0,6,2,3141.3,752,5
2031,2026-06-16 15:20:29+05:30,3140.7,2,3135.22,3397529,106835.0,161348.0,3163.0,3163.0,3108.0,3134.3,31943600,3447.7,2820.9,3839.9,2896.0,3140.5,916,17,3140.4,683,6,3140.3,751,10,3140.2,14,1,3140.1,385,2,3140.6,3,1,3140.7,93,6,3140.9,15,1,3141.0,6,2,3141.3,752,5
2031,2026-06-16 15:20:30+05:30,3140.6,5,3135.23,3402310,104045.0,163885.0,3163.0,3163.0,3108.0,3134.3,31943600,3447.7,2820.9,3839.9,2896.0,3140.6,10,1,3140.5,153,2,3140.4,38,3,3140.3,751,10,3140.2,14,1,3140.7,302,9,3140.9,15,1,3141.0,6,2,3141.3,152,2,3141.5,142,2
2031,2026-06-16 15:20:30+05:30,3140.7,5,3135.23,3402310,104045.0,163885.0,3163.0,3163.0,3108.0,3134.3,31943600,3447.7,2820.9,3839.9,2896.0,3140.6,10,1,3140.5,153,2,3140.4,38,3,3140.3,751,10,3140.2,14,1,3140.7,302,9,3140.9,15,1,3141.0,6,2,3141.3,152,2,3141.5,142,2
2031,2026-06-16 15:20:31+05:30,3140.5,85,3135.23,3402667,103832.0,163832.0,3163.0,3163.0,3108.0,3134.3,31943600,3447.7,2820.9,3839.9,2896.0,3140.5,82,4,3140.4,38,3,3140.3,776,11,3140.2,14,1,3140.1,1,1,3140.7,368,12,3140.9,15,1,3141.0,6,2,3141.3,152,2,3141.5,144,3
2031,2026-06-16 15:20:31+05:30,3140.6,27,3135.23,3402667,103832.0,163832.0,3163.0,3163.0,3108.0,3134.3,31943600,3447.7,2820.9,3839.9,2896.0,3140.5,82,4,3140.4,38,3,3140.3,776,11,3140.2,14,1,3140.1,1,1,3140.7,368,12,3140.9,15,1,3141.0,6,2,3141.3,152,2,3141.5,144,3
2031,2026-06-16 15:20:32+05:30,3140.7,1,3135.23,3402732,104129.0,164031.0,3163.0,3163.0,3108.0,3134.3,31943600,3447.7,2820.9,3839.9,2896.0,3140.6,9,1,3140.5,84,5,3140.4,52,4,3140.3,776,11,3140.2,1,1,3140.7,436,14,3140.8,115,1,3140.9,15,1,3141.0,6,2,3141.3,152,2
2031,2026-06-16 15:20:32+05:30,3140.7,1,3135.23,3402732,104129.0,164031.0,3163.0,3163.0,3108.0,3134.3,31943600,3447.7,2820.9,3839.9,2896.0,3140.6,9,1,3140.5,84,5,3140.4,52,4,3140.3,776,11,3140.2,1,1,3140.7,436,14,3140.8,115,1,3140.9,15,1,3141.0,6,2,3141.3,152,2
2031,2026-06-16 15:20:33+05:30,3140.7,110,3135.23,3402928,104704.0,163473.0,3163.0,3163.0,3108.0,3134.3,31943600,3447.7,2820.9,3839.9,2896.0,3140.6,17,2,3140.5,403,7,3140.4,68,5,3140.3,777,12,3140.0,15,3,3140.7,456,16,3140.8,137,2,3140.9,15,1,3141.0,6,2,3141.3,14,1
2031,2026-06-16 15:20:33+05:30,3140.6,6,3135.23,3402928,104704.0,163473.0,3163.0,3163.0,3108.0,3134.3,31943600,3447.7,2820.9,3839.9,2896.0,3140.6,17,2,3140.5,403,7,3140.4,68,5,3140.3,777,12,3140.0,15,3,3140.7,456,16,3140.8,137,2,3140.9,15,1,3141.0,6,2,3141.3,14,1
2031,2026-06-16 15:20:34+05:30,3140.7,13,3135.23,3403065,104731.0,162458.0,3163.0,3163.0,3108.0,3134.3,31943600,3447.7,2820.9,3839.9,2896.0,3140.5,504,6,3140.4,68,5,3140.3,776,11,3140.2,1,1,3140.0,15,3,3140.7,441,18,3140.8,137,2,3140.9,15,1,3141.0,6,2,3141.3,14,1
2031,2026-06-16 15:20:34+05:30,3140.7,1,3135.23,3403065,104731.0,162458.0,3163.0,3163.0,3108.0,3134.3,31943600,3447.7,2820.9,3839.9,2896.0,3140.5,504,6,3140.4,68,5,3140.3,776,11,3140.2,1,1,3140.0,15,3,3140.7,441,18,3140.8,137,2,3140.9,15,1,3141.0,6,2,3141.3,14,1
2031,2026-06-16 15:20:35+05:30,3140.5,2,3135.23,3403739,103353.0,162587.0,3163.0,3163.0,3108.0,3134.3,31943600,3447.7,2820.9,3839.9,2896.0,3140.5,79,6,3140.4,68,5,3140.3,777,12,3140.0,12,2,3139.9,14,1,3140.6,100,1,3140.7,440,18,3140.8,137,2,3140.9,15,1,3141.0,106,3
2031,2026-06-16 15:20:35+05:30,3140.6,41,3135.23,3403739,103353.0,162587.0,3163.0,3163.0,3108.0,3134.3,31943600,3447.7,2820.9,3839.9,2896.0,3140.5,79,6,3140.4,68,5,3140.3,777,12,3140.0,12,2,3139.9,14,1,3140.6,100,1,3140.7,440,18,3140.8,137,2,3140.9,15,1,3141.0,106,3
2031,2026-06-16 15:20:36+05:30,3140.6,4,3135.23,3403851,104014.0,162364.0,3163.0,3163.0,3108.0,3134.3,31943600,3447.7,2820.9,3839.9,2896.0,3140.5,152,8,3140.4,54,4,3140.3,777,12,3140.0,12,2,3139.9,14,1,3140.6,89,3,3140.7,349,14,3140.8,137,2,3140.9,15,1,3141.0,106,3
2031,2026-06-16 15:20:36+05:30,3140.6,4,3135.23,3403851,104014.0,162364.0,3163.0,3163.0,3108.0,3134.3,31943600,3447.7,2820.9,3839.9,2896.0,3140.5,152,8,3140.4,54,4,3140.3,777,12,3140.0,12,2,3139.9,14,1,3140.6,89,3,3140.7,349,14,3140.8,137,2,3140.9,15,1,3141.0,106,3
2031,2026-06-16 15:20:37+05:30,3140.6,59,3135.23,3403851,104014.0,162364.0,3163.0,3163.0,3108.0,3134.3,31943600,3447.7,2820.9,3839.9,2896.0,3140.5,152,8,3140.4,54,4,3140.3,777,12,3140.0,12,2,3139.9,14,1,3140.6,89,3,3140.7,349,14,3140.8,137,2,3140.9,15,1,3141.0,106,3
2031,2026-06-16 15:20:37+05:30,3140.6,59,3135.23,3404065,104867.0,162273.0,3163.0,3163.0,3108.0,3134.3,31943600,3447.7,2820.9,3839.9,2896.0,3140.5,158,8,3140.4,48,4,3140.3,776,11,3140.0,150,3,3139.9,14,1,3140.6,175,5,3140.7,300,12,3140.8,137,2,3140.9,15,1,3141.0,106,3
2031,2026-06-16 15:20:38+05:30,3140.7,1,3135.23,3404065,104867.0,162273.0,3163.0,3163.0,3108.0,3134.3,31943600,3447.7,2820.9,3839.9,2896.0,3140.5,158,8,3140.4,48,4,3140.3,776,11,3140.0,150,3,3139.9,14,1,3140.6,175,5,3140.7,300,12,3140.8,137,2,3140.9,15,1,3141.0,106,3
2031,2026-06-16 15:20:39+05:30,3140.6,50,3135.23,3404369,104690.0,161982.0,3163.0,3163.0,3108.0,3134.3,31943600,3447.7,2820.9,3839.9,2896.0,3140.5,219,11,3140.4,47,3,3140.3,776,11,3140.0,208,6,3139.9,61,2,3140.6,56,4,3140.7,188,5,3140.8,137,2,3140.9,15,1,3141.0,106,3
2031,2026-06-16 15:20:39+05:30,3140.6,1,3135.23,3404369,104690.0,161982.0,3163.0,3163.0,3108.0,3134.3,31943600,3447.7,2820.9,3839.9,2896.0,3140.5,219,11,3140.4,47,3,3140.3,776,11,3140.0,208,6,3139.9,61,2,3140.6,56,4,3140.7,188,5,3140.8,137,2,3140.9,15,1,3141.0,106,3
2031,2026-06-16 15:20:40+05:30,3140.5,12,3135.23,3404606,104460.0,162012.0,3163.0,3163.0,3108.0,3134.3,31943600,3447.7,2820.9,3839.9,2896.0,3140.5,45,6,3140.4,47,3,3140.3,776,11,3140.0,32,4,3139.9,14,1,3140.6,76,6,3140.7,188,5,3140.8,143,3,3140.9,15,1,3141.0,106,3
2031,2026-06-16 15:20:40+05:30,3140.5,11,3135.23,3404606,104460.0,162012.0,3163.0,3163.0,3108.0,3134.3,31943600,3447.7,2820.9,3839.9,2896.0,3140.5,45,6,3140.4,47,3,3140.3,776,11,3140.0,32,4,3139.9,14,1,3140.6,76,6,3140.7,188,5,3140.8,143,3,3140.9,15,1,3141.0,106,3
2031,2026-06-16 15:20:41+05:30,3140.5,11,3135.23,3404662,104473.0,162054.0,3163.0,3163.0,3108.0,3134.3,31943600,3447.7,2820.9,3839.9,2896.0,3140.5,54,6,3140.4,47,3,3140.3,776,11,3140.1,1,1,3140.0,32,4,3140.6,100,7,3140.7,214,7,3140.8,143,3,3140.9,15,1,3141.0,106,3
2031,2026-06-16 15:20:41+05:30,3140.6,13,3135.23,3404662,104473.0,162054.0,3163.0,3163.0,3108.0,3134.3,31943600,3447.7,2820.9,3839.9,2896.0,3140.5,54,6,3140.4,47,3,3140.3,776,11,3140.1,1,1,3140.0,32,4,3140.6,100,7,3140.7,214,7,3140.8,143,3,3140.9,15,1,3141.0,106,3
2031,2026-06-16 15:20:42+05:30,3140.5,6,3135.23,3404704,104397.0,162051.0,3163.0,3163.0,3108.0,3134.3,31943600,3447.7,2820.9,3839.9,2896.0,3140.5,78,8,3140.4,47,3,3140.3,776,11,3140.1,1,1,3140.0,29,3,3140.6,234,11,3140.7,73,5,3140.8,143,3,3140.9,15,1,3141.0,115,4
2031,2026-06-16 15:20:42+05:30,3140.5,30,3135.23,3404704,104397.0,162051.0,3163.0,3163.0,3108.0,3134.3,31943600,3447.7,2820.9,3839.9,2896.0,3140.5,78,8,3140.4,47,3,3140.3,776,11,3140.1,1,1,3140.0,29,3,3140.6,234,11,3140.7,73,5,3140.8,143,3,3140.9,15,1,3141.0,115,4
2031,2026-06-16 15:20:43+05:30,3140.6,11,3135.23,3404867,104924.0,162113.0,3163.0,3163.0,3108.0,3134.3,31943600,3447.7,2820.9,3839.9,2896.0,3140.5,386,9,3140.4,50,4,3140.3,776,11,3140.2,1,1,3140.0,29,3,3140.6,270,14,3140.7,73,5,3140.8,143,3,3140.9,15,1,3141.0,115,4
2031,2026-06-16 15:20:43+05:30,3140.6,4,3135.23,3404867,104924.0,162113.0,3163.0,3163.0,3108.0,3134.3,31943600,3447.7,2820.9,3839.9,2896.0,3140.5,386,9,3140.4,50,4,3140.3,776,11,3140.2,1,1,3140.0,29,3,3140.6,270,14,3140.7,73,5,3140.8,143,3,3140.9,15,1,3141.0,115,4
2031,2026-06-16 15:20:44+05:30,3140.5,13,3135.23,3405073,104901.0,162099.0,3163.0,3163.0,3108.0,3134.3,31943600,3447.7,2820.9,3839.9,2896.0,3140.5,444,8,3140.4,47,3,3140.3,776,11,3140.2,1,1,3140.0,167,4,3140.6,210,9,3140.7,73,5,3140.8,143,3,3140.9,15,1,3141.0,115,4
2031,2026-06-16 15:20:44+05:30,3140.6,1,3135.23,3405073,104901.0,162099.0,3163.0,3163.0,3108.0,3134.3,31943600,3447.7,2820.9,3839.9,2896.0,3140.5,444,8,3140.4,47,3,3140.3,776,11,3140.2,1,1,3140.0,167,4,3140.6,210,9,3140.7,73,5,3140.8,143,3,3140.9,15,1,3141.0,115,4
2031,2026-06-16 15:20:45+05:30,3140.6,17,3135.23,3405235,104914.0,162187.0,3163.0,3163.0,3108.0,3134.3,31943600,3447.7,2820.9,3839.9,2896.0,3140.5,445,9,3140.4,47,3,3140.3,777,12,3140.0,29,3,3139.9,14,1,3140.6,316,9,3140.7,73,5,3140.8,143,3,3140.9,15,1,3141.0,115,4
2031,2026-06-16 15:20:45+05:30,3140.5,98,3135.23,3405235,104914.0,162187.0,3163.0,3163.0,3108.0,3134.3,31943600,3447.7,2820.9,3839.9,2896.0,3140.5,445,9,3140.4,47,3,3140.3,777,12,3140.0,29,3,3139.9,14,1,3140.6,316,9,3140.7,73,5,3140.8,143,3,3140.9,15,1,3141.0,115,4
2031,2026-06-16 15:20:46+05:30,3140.5,9,3135.23,3405481,104709.0,162197.0,3163.0,3163.0,3108.0,3134.3,31943600,3447.7,2820.9,3839.9,2896.0,3140.5,228,8,3140.4,47,3,3140.3,777,12,3140.0,29,3,3139.9,14,1,3140.6,331,11,3140.7,76,6,3140.8,143,3,3140.9,15,1,3141.0,114,3
2031,2026-06-16 15:20:46+05:30,3140.5,21,3135.23,3405481,104709.0,162197.0,3163.0,3163.0,3108.0,3134.3,31943600,3447.7,2820.9,3839.9,2896.0,3140.5,228,8,3140.4,47,3,3140.3,777,12,3140.0,29,3,3139.9,14,1,3140.6,331,11,3140.7,76,6,3140.8,143,3,3140.9,15,1,3141.0,114,3
2031,2026-06-16 15:20:47+05:30,3140.5,21,3135.23,3405481,104709.0,162197.0,3163.0,3163.0,3108.0,3134.3,31943600,3447.7,2820.9,3839.9,2896.0,3140.5,228,8,3140.4,47,3,3140.3,777,12,3140.0,29,3,3139.9,14,1,3140.6,331,11,3140.7,76,6,3140.8,143,3,3140.9,15,1,3141.0,114,3
2031,2026-06-16 15:20:47+05:30,3140.5,23,3135.23,3405678,104710.0,162257.0,3163.0,3163.0,3108.0,3134.3,31943600,3447.7,2820.9,3839.9,2896.0,3140.5,226,10,3140.4,48,4,3140.3,775,10,3140.0,29,3,3139.9,14,1,3140.6,380,13,3140.7,76,6,3140.8,143,3,3140.9,15,1,3141.0,414,4
2031,2026-06-16 15:20:47+05:30,3140.6,50,3135.23,3405678,104710.0,162257.0,3163.0,3163.0,3108.0,3134.3,31943600,3447.7,2820.9,3839.9,2896.0,3140.5,226,10,3140.4,48,4,3140.3,775,10,3140.0,29,3,3139.9,14,1,3140.6,380,13,3140.7,76,6,3140.8,143,3,3140.9,15,1,3141.0,414,4
2031,2026-06-16 15:20:48+05:30,3140.6,75,3135.23,3405899,105126.0,162128.0,3163.0,3163.0,3108.0,3134.3,31943600,3447.7,2820.9,3839.9,2896.0,3140.5,374,13,3140.4,47,3,3140.3,775,10,3140.0,67,4,3139.9,14,1,3140.6,257,11,3140.7,76,6,3140.8,143,3,3140.9,15,1,3141.0,414,4
2031,2026-06-16 15:20:48+05:30,3140.6,23,3135.23,3405899,105126.0,162128.0,3163.0,3163.0,3108.0,3134.3,31943600,3447.7,2820.9,3839.9,2896.0,3140.5,374,13,3140.4,47,3,3140.3,775,10,3140.0,67,4,3139.9,14,1,3140.6,257,11,3140.7,76,6,3140.8,143,3,3140.9,15,1,3141.0,414,4
2031,2026-06-16 15:20:48+05:30,3140.6,23,3135.23,3405899,105126.0,162128.0,3163.0,3163.0,3108.0,3134.3,31943600,3447.7,2820.9,3839.9,2896.0,3140.5,374,13,3140.4,47,3,3140.3,775,10,3140.0,67,4,3139.9,14,1,3140.6,257,11,3140.7,76,6,3140.8,143,3,3140.9,15,1,3141.0,414,4
2031,2026-06-16 15:20:49+05:30,3140.5,9,3135.23,3405987,105330.0,162267.0,3163.0,3163.0,3108.0,3134.3,31943600,3447.7,2820.9,3839.9,2896.0,3140.5,487,12,3140.4,47,3,3140.3,775,10,3140.0,29,3,3139.9,17,2,3140.6,256,13,3140.7,76,6,3140.8,143,3,3140.9,15,1,3141.0,414,4
2031,2026-06-16 15:20:49+05:30,3140.5,20,3135.23,3405987,105330.0,162267.0,3163.0,3163.0,3108.0,3134.3,31943600,3447.7,2820.9,3839.9,2896.0,3140.5,487,12,3140.4,47,3,3140.3,775,10,3140.0,29,3,3139.9,17,2,3140.6,256,13,3140.7,76,6,3140.8,143,3,3140.9,15,1,3141.0,414,4
2031,2026-06-16 15:20:50+05:30,3140.6,43,3135.23,3406181,105282.0,162007.0,3163.0,3163.0,3108.0,3134.3,31943600,3447.7,2820.9,3839.9,2896.0,3140.5,451,11,3140.4,47,3,3140.3,775,10,3140.0,167,4,3139.9,64,3,3140.6,228,9,3140.7,76,6,3140.8,143,3,3140.9,15,1,3141.0,414,4
2031,2026-06-16 15:20:50+05:30,3140.6,43,3135.23,3406181,105282.0,162007.0,3163.0,3163.0,3108.0,3134.3,31943600,3447.7,2820.9,3839.9,2896.0,3140.5,451,11,3140.4,47,3,3140.3,775,10,3140.0,167,4,3139.9,64,3,3140.6,228,9,3140.7,76,6,3140.8,143,3,3140.9,15,1,3141.0,414,4
2031,2026-06-16 15:20:51+05:30,3140.6,3,3135.23,3406195,105918.0,162300.0,3163.0,3163.0,3108.0,3134.3,31943600,3447.7,2820.9,3839.9,2896.0,3140.5,451,11,3140.4,47,3,3140.3,775,10,3140.1,1,1,3140.0,167,4,3140.6,294,12,3140.7,76,6,3140.8,143,3,3140.9,15,1,3141.0,414,4
2031,2026-06-16 15:20:51+05:30,3140.6,3,3135.23,3406195,105918.0,162300.0,3163.0,3163.0,3108.0,3134.3,31943600,3447.7,2820.9,3839.9,2896.0,3140.5,451,11,3140.4,47,3,3140.3,775,10,3140.1,1,1,3140.0,167,4,3140.6,294,12,3140.7,76,6,3140.8,143,3,3140.9,15,1,3141.0,414,4
2031,2026-06-16 15:20:51+05:30,3140.6,3,3135.23,3406195,105918.0,162300.0,3163.0,3163.0,3108.0,3134.3,31943600,3447.7,2820.9,3839.9,2896.0,3140.5,451,11,3140.4,47,3,3140.3,775,10,3140.1,1,1,3140.0,167,4,3140.6,294,12,3140.7,76,6,3140.8,143,3,3140.9,15,1,3141.0,414,4
2031,2026-06-16 15:20:52+05:30,3140.5,47,3135.23,3406567,105974.0,162206.0,3163.0,3163.0,3108.0,3134.3,31943600,3447.7,2820.9,3839.9,2896.0,3140.5,446,9,3140.4,47,3,3140.3,775,10,3140.2,1,1,3140.0,167,4,3140.6,320,15,3140.7,76,6,3140.8,143,3,3140.9,15,1,3141.0,314,3
2031,2026-06-16 15:20:52+05:30,3140.5,47,3135.23,3406567,105974.0,162206.0,3163.0,3163.0,3108.0,3134.3,31943600,3447.7,2820.9,3839.9,2896.0,3140.5,446,9,3140.4,47,3,3140.3,775,10,3140.2,1,1,3140.0,167,4,3140.6,320,15,3140.7,76,6,3140.8,143,3,3140.9,15,1,3141.0,314,3
2031,2026-06-16 15:20:53+05:30,3140.5,40,3135.23,3406904,105585.0,162187.0,3163.0,3163.0,3108.0,3134.3,31943600,3447.7,2820.9,3839.9,2896.0,3140.5,277,8,3140.4,47,3,3140.3,775,10,3140.2,14,2,3140.0,18,2,3140.6,315,16,3140.7,76,6,3140.8,143,3,3140.9,15,1,3141.0,314,3
2031,2026-06-16 15:20:53+05:30,3140.5,41,3135.23,3406904,105585.0,162187.0,3163.0,3163.0,3108.0,3134.3,31943600,3447.7,2820.9,3839.9,2896.0,3140.5,277,8,3140.4,47,3,3140.3,775,10,3140.2,14,2,3140.0,18,2,3140.6,315,16,3140.7,76,6,3140.8,143,3,3140.9,15,1,3141.0,314,3
2031,2026-06-16 15:20:54+05:30,3140.5,41,3135.23,3406904,105585.0,162187.0,3163.0,3163.0,3108.0,3134.3,31943600,3447.7,2820.9,3839.9,2896.0,3140.5,277,8,3140.4,47,3,3140.3,775,10,3140.2,14,2,3140.0,18,2,3140.6,315,16,3140.7,76,6,3140.8,143,3,3140.9,15,1,3141.0,314,3
2031,2026-06-16 15:20:54+05:30,3140.6,18,3135.24,3406985,105614.0,162177.0,3163.0,3163.0,3108.0,3134.3,31943600,3447.7,2820.9,3839.9,2896.0,3140.5,292,11,3140.4,47,3,3140.3,775,10,3140.2,14,2,3140.0,18,2,3140.6,297,16,3140.7,76,6,3140.8,143,3,3140.9,15,1,3141.0,314,3
2031,2026-06-16 15:20:54+05:30,3140.6,18,3135.24,3406985,105614.0,162177.0,3163.0,3163.0,3108.0,3134.3,31943600,3447.7,2820.9,3839.9,2896.0,3140.5,292,11,3140.4,47,3,3140.3,775,10,3140.2,14,2,3140.0,18,2,3140.6,297,16,3140.7,76,6,3140.8,143,3,3140.9,15,1,3141.0,314,3
2031,2026-06-16 15:20:55+05:30,3140.4,200,3135.24,3406985,105614.0,162177.0,3163.0,3163.0,3108.0,3134.3,31943600,3447.7,2820.9,3839.9,2896.0,3140.5,292,11,3140.4,47,3,3140.3,775,10,3140.2,14,2,3140.0,18,2,3140.6,297,16,3140.7,76,6,3140.8,143,3,3140.9,15,1,3141.0,314,3
2031,2026-06-16 15:20:55+05:30,3140.4,40,3135.24,3409818,104160.0,162531.0,3163.0,3163.0,3108.0,3134.3,31943600,3447.7,2820.9,3839.9,2896.0,3140.4,21,1,3140.3,775,10,3140.2,14,2,3140.0,18,2,3139.9,14,1,3140.5,200,1,3140.6,331,17,3140.7,76,6,3140.8,143,3,3140.9,15,1
2031,2026-06-16 15:20:56+05:30,3140.4,40,3135.24,3409818,104160.0,162531.0,3163.0,3163.0,3108.0,3134.3,31943600,3447.7,2820.9,3839.9,2896.0,3140.4,21,1,3140.3,775,10,3140.2,14,2,3140.0,18,2,3139.9,14,1,3140.5,200,1,3140.6,331,17,3140.7,76,6,3140.8,143,3,3140.9,15,1
2031,2026-06-16 15:20:56+05:30,3140.5,17,3135.24,3409818,104160.0,162531.0,3163.0,3163.0,3108.0,3134.3,31943600,3447.7,2820.9,3839.9,2896.0,3140.4,21,1,3140.3,775,10,3140.2,14,2,3140.0,18,2,3139.9,14,1,3140.5,200,1,3140.6,331,17,3140.7,76,6,3140.8,143,3,3140.9,15,1
2031,2026-06-16 15:20:56+05:30,3140.5,17,3135.24,3410043,104910.0,162454.0,3163.0,3163.0,3108.0,3134.3,31943600,3447.7,2820.9,3839.9,2896.0,3140.4,76,3,3140.3,775,10,3140.2,14,2,3140.0,18,2,3139.9,14,1,3140.5,182,5,3140.6,278,12,3140.7,76,6,3140.8,143,3,3141.0,314,3
2031,2026-06-16 15:20:57+05:30,3140.6,200,3135.24,3410043,104910.0,162454.0,3163.0,3163.0,3108.0,3134.3,31943600,3447.7,2820.9,3839.9,2896.0,3140.4,76,3,3140.3,775,10,3140.2,14,2,3140.0,18,2,3139.9,14,1,3140.5,182,5,3140.6,278,12,3140.7,76,6,3140.8,143,3,3141.0,314,3
2031,2026-06-16 15:20:58+05:30,3140.6,200,3135.24,3411371,106140.0,161601.0,3163.0,3163.0,3108.0,3134.3,31943600,3447.7,2820.9,3839.9,2896.0,3140.6,100,1,3140.5,1,1,3140.4,101,3,3140.3,775,10,3140.2,26,2,3140.7,76,6,3140.8,143,3,3141.0,314,3,3141.1,200,1,3141.2,400,2
2031,2026-06-16 15:20:58+05:30,3140.6,200,3135.24,3411371,106140.0,161601.0,3163.0,3163.0,3108.0,3134.3,31943600,3447.7,2820.9,3839.9,2896.0,3140.6,100,1,3140.5,1,1,3140.4,101,3,3140.3,775,10,3140.2,26,2,3140.7,76,6,3140.8,143,3,3141.0,314,3,3141.1,200,1,3141.2,400,2
2031,2026-06-16 15:20:58+05:30,3140.7,1,3135.24,3411371,106140.0,161601.0,3163.0,3163.0,3108.0,3134.3,31943600,3447.7,2820.9,3839.9,2896.0,3140.6,100,1,3140.5,1,1,3140.4,101,3,3140.3,775,10,3140.2,26,2,3140.7,76,6,3140.8,143,3,3141.0,314,3,3141.1,200,1,3141.2,400,2
2031,2026-06-16 15:20:59+05:30,3140.6,23,3135.24,3411459,105867.0,161456.0,3163.0,3163.0,3108.0,3134.3,31943600,3447.7,2820.9,3839.9,2896.0,3140.6,184,4,3140.4,101,3,3140.3,775,10,3140.2,26,2,3140.0,15,2,3140.7,45,7,3140.8,143,3,3141.0,314,3,3141.1,200,1,3141.2,400,2
2031,2026-06-16 15:20:59+05:30,3140.6,23,3135.24,3411459,105867.0,161456.0,3163.0,3163.0,3108.0,3134.3,31943600,3447.7,2820.9,3839.9,2896.0,3140.6,184,4,3140.4,101,3,3140.3,775,10,3140.2,26,2,3140.0,15,2,3140.7,45,7,3140.8,143,3,3141.0,314,3,3141.1,200,1,3141.2,400,2
2031,2026-06-16 15:20:59+05:30,3140.7,11,3135.24,3411459,105867.0,161456.0,3163.0,3163.0,3108.0,3134.3,31943600,3447.7,2820.9,3839.9,2896.0,3140.6,184,4,3140.4,101,3,3140.3,775,10,3140.2,26,2,3140.0,15,2,3140.7,45,7,3140.8,143,3,3141.0,314,3,3141.1,200,1,3141.2,400,2
2031,2026-06-16 15:21:00+05:30,3140.7,2,3135.24,3411481,105956.0,161483.0,3163.0,3163.0,3108.0,3134.3,31943600,3447.7,2820.9,3839.9,2896.0,3140.6,239,7,3140.4,101,3,3140.3,775,10,3140.2,26,2,3140.0,15,2,3140.7,77,9,3140.8,143,3,3141.0,314,3,3141.1,200,1,3141.2,400,2
2031,2026-06-16 15:21:00+05:30,3140.7,2,3135.24,3411481,105956.0,161483.0,3163.0,3163.0,3108.0,3134.3,31943600,3447.7,2820.9,3839.9,2896.0,3140.6,239,7,3140.4,101,3,3140.3,775,10,3140.2,26,2,3140.0,15,2,3140.7,77,9,3140.8,143,3,3141.0,314,3,3141.1,200,1,3141.2,400,2
2031,2026-06-16 15:21:00+05:30,3140.7,4,3135.24,3411481,105956.0,161483.0,3163.0,3163.0,3108.0,3134.3,31943600,3447.7,2820.9,3839.9,2896.0,3140.6,239,7,3140.4,101,3,3140.3,775,10,3140.2,26,2,3140.0,15,2,3140.7,77,9,3140.8,143,3,3141.0,314,3,3141.1,200,1,3141.2,400,2
2031,2026-06-16 15:21:01+05:30,3140.7,4,3135.24,3411481,105956.0,161483.0,3163.0,3163.0,3108.0,3134.3,31943600,3447.7,2820.9,3839.9,2896.0,3140.6,239,7,3140.4,101,3,3140.3,775,10,3140.2,26,2,3140.0,15,2,3140.7,77,9,3140.8,143,3,3141.0,314,3,3141.1,200,1,3141.2,400,2
2031,2026-06-16 15:21:01+05:30,3140.7,1,3135.24,3411566,105958.0,161419.0,3163.0,3163.0,3108.0,3134.3,31943600,3447.7,2820.9,3839.9,2896.0,3140.6,239,7,3140.5,3,1,3140.4,119,4,3140.3,775,10,3140.2,26,2,3140.7,7,3,3140.8,143,3,3141.0,314,3,3141.1,200,1,3141.2,400,2
2031,2026-06-16 15:21:01+05:30,3140.7,1,3135.24,3411566,105958.0,161419.0,3163.0,3163.0,3108.0,3134.3,31943600,3447.7,2820.9,3839.9,2896.0,3140.6,239,7,3140.5,3,1,3140.4,119,4,3140.3,775,10,3140.2,26,2,3140.7,7,3,3140.8,143,3,3141.0,314,3,3141.1,200,1,3141.2,400,2
2031,2026-06-16 15:21:01+05:30,3140.6,9,3135.24,3411566,105958.0,161419.0,3163.0,3163.0,3108.0,3134.3,31943600,3447.7,2820.9,3839.9,2896.0,3140.6,239,7,3140.5,3,1,3140.4,119,4,3140.3,775,10,3140.2,26,2,3140.7,7,3,3140.8,143,3,3141.0,314,3,3141.1,200,1,3141.2,400,2
2031,2026-06-16 15:21:02+05:30,3140.6,11,3135.24,3411830,106200.0,161630.0,3163.0,3163.0,3108.0,3134.3,31943600,3447.7,2820.9,3839.9,2896.0,3140.6,408,7,3140.5,21,3,3140.4,153,4,3140.3,775,10,3140.2,26,2,3140.7,12,4,3140.8,143,3,3141.0,314,3,3141.1,200,1,3141.2,400,2
2031,2026-06-16 15:21:02+05:30,3140.6,11,3135.24,3411830,106200.0,161630.0,3163.0,3163.0,3108.0,3134.3,31943600,3447.7,2820.9,3839.9,2896.0,3140.6,408,7,3140.5,21,3,3140.4,153,4,3140.3,775,10,3140.2,26,2,3140.7,12,4,3140.8,143,3,3141.0,314,3,3141.1,200,1,3141.2,400,2
2031,2026-06-16 15:21:02+05:30,3140.6,41,3135.24,3411830,106200.0,161630.0,3163.0,3163.0,3108.0,3134.3,31943600,3447.7,2820.9,3839.9,2896.0,3140.6,408,7,3140.5,21,3,3140.4,153,4,3140.3,775,10,3140.2,26,2,3140.7,12,4,3140.8,143,3,3141.0,314,3,3141.1,200,1,3141.2,400,2
2031,2026-06-16 15:21:03+05:30,3140.6,41,3135.24,3411830,106200.0,161630.0,3163.0,3163.0,3108.0,3134.3,31943600,3447.7,2820.9,3839.9,2896.0,3140.6,408,7,3140.5,21,3,3140.4,153,4,3140.3,775,10,3140.2,26,2,3140.7,12,4,3140.8,143,3,3141.0,314,3,3141.1,200,1,3141.2,400,2
2031,2026-06-16 15:21:03+05:30,3140.6,2,3135.24,3412007,106102.0,161505.0,3163.0,3163.0,3108.0,3134.3,31943600,3447.7,2820.9,3839.9,2896.0,3140.6,602,10,3140.5,18,2,3140.4,167,4,3140.3,776,11,3140.2,26,2,3140.8,97,3,3141.0,314,3,3141.1,200,1,3141.2,400,2,3141.3,14,1
2031,2026-06-16 15:21:03+05:30,3140.8,29,3135.24,3412007,106102.0,161505.0,3163.0,3163.0,3108.0,3134.3,31943600,3447.7,2820.9,3839.9,2896.0,3140.6,602,10,3140.5,18,2,3140.4,167,4,3140.3,776,11,3140.2,26,2,3140.8,97,3,3141.0,314,3,3141.1,200,1,3141.2,400,2,3141.3,14,1
2031,2026-06-16 15:21:03+05:30,3140.8,29,3135.24,3412007,106102.0,161505.0,3163.0,3163.0,3108.0,3134.3,31943600,3447.7,2820.9,3839.9,2896.0,3140.6,602,10,3140.5,18,2,3140.4,167,4,3140.3,776,11,3140.2,26,2,3140.8,97,3,3141.0,314,3,3141.1,200,1,3141.2,400,2,3141.3,14,1
2031,2026-06-16 15:21:04+05:30,3140.6,22,3135.24,3412470,105508.0,161900.0,3163.0,3163.0,3108.0,3134.3,31943600,3447.7,2820.9,3839.9,2896.0,3140.6,446,10,3140.5,18,2,3140.4,167,4,3140.3,776,11,3140.2,26,2,3140.8,84,4,3140.9,5,1,3141.0,314,3,3141.1,200,1,3141.2,400,2
2031,2026-06-16 15:21:04+05:30,3140.6,22,3135.24,3412470,105508.0,161900.0,3163.0,3163.0,3108.0,3134.3,31943600,3447.7,2820.9,3839.9,2896.0,3140.6,446,10,3140.5,18,2,3140.4,167,4,3140.3,776,11,3140.2,26,2,3140.8,84,4,3140.9,5,1,3141.0,314,3,3141.1,200,1,3141.2,400,2
2031,2026-06-16 15:21:04+05:30,3140.7,8,3135.24,3412470,105508.0,161900.0,3163.0,3163.0,3108.0,3134.3,31943600,3447.7,2820.9,3839.9,2896.0,3140.6,446,10,3140.5,18,2,3140.4,167,4,3140.3,776,11,3140.2,26,2,3140.8,84,4,3140.9,5,1,3141.0,314,3,3141.1,200,1,3141.2,400,2
2031,2026-06-16 15:21:05+05:30,3140.7,7,3135.24,3412561,105564.0,162161.0,3163.0,3163.0,3108.0,3134.3,31943600,3447.7,2820.9,3839.9,2896.0,3140.7,83,2,3140.6,446,11,3140.5,1,1,3140.4,167,4,3140.3,776,11,3140.8,181,7,3141.0,314,3,3141.1,200,1,3141.2,400,2,3141.3,14,1
2031,2026-06-16 15:21:05+05:30,3140.7,7,3135.24,3412561,105564.0,162161.0,3163.0,3163.0,3108.0,3134.3,31943600,3447.7,2820.9,3839.9,2896.0,3140.7,83,2,3140.6,446,11,3140.5,1,1,3140.4,167,4,3140.3,776,11,3140.8,181,7,3141.0,314,3,3141.1,200,1,3141.2,400,2,3141.3,14,1
2031,2026-06-16 15:21:05+05:30,3140.7,27,3135.24,3412561,105564.0,162161.0,3163.0,3163.0,3108.0,3134.3,31943600,3447.7,2820.9,3839.9,2896.0,3140.7,83,2,3140.6,446,11,3140.5,1,1,3140.4,167,4,3140.3,776,11,3140.8,181,7,3141.0,314,3,3141.1,200,1,3141.2,400,2,3141.3,14,1
2031,2026-06-16 15:21:06+05:30,3140.7,27,3135.24,3412561,105564.0,162161.0,3163.0,3163.0,3108.0,3134.3,31943600,3447.7,2820.9,3839.9,2896.0,3140.7,83,2,3140.6,446,11,3140.5,1,1,3140.4,167,4,3140.3,776,11,3140.8,181,7,3141.0,314,3,3141.1,200,1,3141.2,400,2,3141.3,14,1
2031,2026-06-16 15:21:06+05:30,3140.7,1,3135.24,3412765,105620.0,162224.0,3163.0,3163.0,3108.0,3134.3,31943600,3447.7,2820.9,3839.9,2896.0,3140.7,100,4,3140.6,648,13,3140.5,1,1,3140.4,167,4,3140.3,776,11,3140.8,357,13,3140.9,92,1,3141.0,314,3,3141.1,200,1,3141.2,400,2
2031,2026-06-16 15:21:06+05:30,3140.8,3,3135.24,3412765,105620.0,162224.0,3163.0,3163.0,3108.0,3134.3,31943600,3447.7,2820.9,3839.9,2896.0,3140.7,100,4,3140.6,648,13,3140.5,1,1,3140.4,167,4,3140.3,776,11,3140.8,357,13,3140.9,92,1,3141.0,314,3,3141.1,200,1,3141.2,400,2
2031,2026-06-16 15:21:07+05:30,3140.8,3,3135.24,3412765,105620.0,162224.0,3163.0,3163.0,3108.0,3134.3,31943600,3447.7,2820.9,3839.9,2896.0,3140.7,100,4,3140.6,648,13,3140.5,1,1,3140.4,167,4,3140.3,776,11,3140.8,357,13,3140.9,92,1,3141.0,314,3,3141.1,200,1,3141.2,400,2
2031,2026-06-16 15:21:07+05:30,3140.7,9,3135.24,3412868,105741.0,162293.0,3163.0,3163.0,3108.0,3134.3,31943600,3447.7,2820.9,3839.9,2896.0,3140.7,118,4,3140.6,648,13,3140.5,253,5,3140.4,117,3,3140.3,532,8,3140.8,405,16,3140.9,114,3,3141.0,514,4,3141.1,200,1,3141.2,400,2
2031,2026-06-16 15:21:07+05:30,3140.8,27,3135.24,3412868,105741.0,162293.0,3163.0,3163.0,3108.0,3134.3,31943600,3447.7,2820.9,3839.9,2896.0,3140.7,118,4,3140.6,648,13,3140.5,253,5,3140.4,117,3,3140.3,532,8,3140.8,405,16,3140.9,114,3,3141.0,514,4,3141.1,200,1,3141.2,400,2
2031,2026-06-16 15:21:08+05:30,3140.8,27,3135.24,3412868,105741.0,162293.0,3163.0,3163.0,3108.0,3134.3,31945800,3447.7,2820.9,3839.9,2896.0,3140.7,118,4,3140.6,648,13,3140.5,253,5,3140.4,117,3,3140.3,532,8,3140.8,405,16,3140.9,114,3,3141.0,514,4,3141.1,200,1,3141.2,400,2
2031,2026-06-16 15:21:08+05:30,3140.7,1,3135.24,3413041,105590.0,162143.0,3163.0,3163.0,3108.0,3134.3,31945800,3447.7,2820.9,3839.9,2896.0,3140.7,265,9,3140.6,511,11,3140.5,253,5,3140.4,101,2,3140.3,532,8,3140.8,272,14,3140.9,114,3,3141.0,514,4,3141.1,200,1,3141.2,400,2
2031,2026-06-16 15:21:08+05:30,3140.8,24,3135.24,3413041,105590.0,162143.0,3163.0,3163.0,3108.0,3134.3,31945800,3447.7,2820.9,3839.9,2896.0,3140.7,265,9,3140.6,511,11,3140.5,253,5,3140.4,101,2,3140.3,532,8,3140.8,272,14,3140.9,114,3,3141.0,514,4,3141.1,200,1,3141.2,400,2
2031,2026-06-16 15:21:09+05:30,3140.8,50,3135.25,3413385,105734.0,162017.0,3163.0,3163.0,3108.0,3134.3,31945800,3447.7,2820.9,3839.9,2896.0,3140.7,177,12,3140.6,480,7,3140.5,268,6,3140.4,101,2,3140.3,532,8,3140.8,174,10,3140.9,114,3,3141.0,514,4,3141.3,14,1,3141.5,764,5
2031,2026-06-16 15:21:09+05:30,3140.8,50,3135.25,3413385,105734.0,162017.0,3163.0,3163.0,3108.0,3134.3,31945800,3447.7,2820.9,3839.9,2896.0,3140.7,177,12,3140.6,480,7,3140.5,268,6,3140.4,101,2,3140.3,532,8,3140.8,174,10,3140.9,114,3,3141.0,514,4,3141.3,14,1,3141.5,764,5
2031,2026-06-16 15:21:10+05:30,3140.8,15,3135.25,3413400,106035.0,162315.0,3163.0,3163.0,3108.0,3134.3,31945800,3447.7,2820.9,3839.9,2896.0,3140.7,709,16,3140.6,731,8,3140.5,268,6,3140.4,101,2,3140.3,1429,6,3140.8,185,11,3140.9,233,4,3141.0,514,4,3141.3,14,1,3141.5,620,4
2031,2026-06-16 15:21:10+05:30,3140.8,3,3135.25,3413400,106035.0,162315.0,3163.0,3163.0,3108.0,3134.3,31945800,3447.7,2820.9,3839.9,2896.0,3140.7,709,16,3140.6,731,8,3140.5,268,6,3140.4,101,2,3140.3,1429,6,3140.8,185,11,3140.9,233,4,3141.0,514,4,3141.3,14,1,3141.5,620,4
2031,2026-06-16 15:21:11+05:30,3140.7,4,3135.25,3413444,106744.0,162132.0,3163.0,3163.0,3108.0,3134.3,31945800,3447.7,2820.9,3839.9,2896.0,3140.7,1371,17,3140.6,731,8,3140.5,268,6,3140.4,90,2,3140.3,293,6,3140.8,279,14,3140.9,233,4,3141.0,514,4,3141.3,14,1,3141.5,620,4
2031,2026-06-16 15:21:11+05:30,3140.7,2,3135.25,3413444,106744.0,162132.0,3163.0,3163.0,3108.0,3134.3,31945800,3447.7,2820.9,3839.9,2896.0,3140.7,1371,17,3140.6,731,8,3140.5,268,6,3140.4,90,2,3140.3,293,6,3140.8,279,14,3140.9,233,4,3141.0,514,4,3141.3,14,1,3141.5,620,4
2031,2026-06-16 15:21:12+05:30,3140.7,26,3135.25,3413493,106633.0,160477.0,3163.0,3163.0,3108.0,3134.3,31945800,3447.7,2820.9,3839.9,2896.0,3140.7,1374,18,3140.6,750,8,3140.5,268,6,3140.4,41,1,3140.3,255,5,3140.8,298,16,3140.9,233,4,3141.0,314,4,3141.3,14,1,3141.5,620,4
2031,2026-06-16 15:21:12+05:30,3140.7,163,3135.25,3413493,106633.0,160477.0,3163.0,3163.0,3108.0,3134.3,31945800,3447.7,2820.9,3839.9,2896.0,3140.7,1374,18,3140.6,750,8,3140.5,268,6,3140.4,41,1,3140.3,255,5,3140.8,298,16,3140.9,233,4,3141.0,314,4,3141.3,14,1,3141.5,620,4
2031,2026-06-16 15:21:13+05:30,3140.7,1,3135.25,3413987,106699.0,160122.0,3163.0,3163.0,3108.0,3134.3,31945800,3447.7,2820.9,3839.9,2896.0,3140.7,1138,15,3140.6,750,8,3140.5,268,6,3140.4,42,2,3140.3,1616,6,3140.8,158,9,3140.9,233,4,3141.0,314,4,3141.3,14,1,3141.5,620,4
2031,2026-06-16 15:21:13+05:30,3140.7,1,3135.25,3413987,106699.0,160122.0,3163.0,3163.0,3108.0,3134.3,31945800,3447.7,2820.9,3839.9,2896.0,3140.7,1138,15,3140.6,750,8,3140.5,268,6,3140.4,42,2,3140.3,1616,6,3140.8,158,9,3140.9,233,4,3141.0,314,4,3141.3,14,1,3141.5,620,4
2031,2026-06-16 15:21:14+05:30,3140.8,14,3135.25,3414129,105712.0,159850.0,3163.0,3163.0,3108.0,3134.3,31945800,3447.7,2820.9,3839.9,2896.0,3140.7,1211,19,3140.6,725,8,3140.5,268,6,3140.4,42,2,3140.3,1660,7,3140.8,52,5,3140.9,244,5,3141.0,314,4,3141.3,14,1,3141.5,620,4
2031,2026-06-16 15:21:14+05:30,3140.8,1,3135.25,3414129,105712.0,159850.0,3163.0,3163.0,3108.0,3134.3,31945800,3447.7,2820.9,3839.9,2896.0,3140.7,1211,19,3140.6,725,8,3140.5,268,6,3140.4,42,2,3140.3,1660,7,3140.8,52,5,3140.9,244,5,3141.0,314,4,3141.3,14,1,3141.5,620,4
2031,2026-06-16 15:21:15+05:30,3140.8,13,3135.25,3414361,107381.0,159620.0,3163.0,3163.0,3108.0,3134.3,31945800,3447.7,2820.9,3839.9,2896.0,3140.7,1151,17,3140.6,1878,10,3140.5,269,7,3140.4,41,1,3140.3,1660,7,3140.9,278,8,3141.0,314,4,3141.3,14,1,3141.5,620,4,3141.6,1,1
2031,2026-06-16 15:21:15+05:30,3140.7,26,3135.25,3414361,107381.0,159620.0,3163.0,3163.0,3108.0,3134.3,31945800,3447.7,2820.9,3839.9,2896.0,3140.7,1151,17,3140.6,1878,10,3140.5,269,7,3140.4,41,1,3140.3,1660,7,3140.9,278,8,3141.0,314,4,3141.3,14,1,3141.5,620,4,3141.6,1,1
2031,2026-06-16 15:21:16+05:30,3140.8,9,3135.25,3414714,106981.0,158623.0,3163.0,3163.0,3108.0,3134.3,31945800,3447.7,2820.9,3839.9,2896.0,3140.8,2,1,3140.7,1041,18,3140.6,726,9,3140.5,421,8,3140.4,31,1,3140.9,261,9,3141.0,314,4,3141.3,14,1,3141.5,620,4,3141.6,1,1
2031,2026-06-16 15:21:16+05:30,3140.8,12,3135.25,3414714,106981.0,158623.0,3163.0,3163.0,3108.0,3134.3,31945800,3447.7,2820.9,3839.9,2896.0,3140.8,2,1,3140.7,1041,18,3140.6,726,9,3140.5,421,8,3140.4,31,1,3140.9,261,9,3141.0,314,4,3141.3,14,1,3141.5,620,4,3141.6,1,1
2031,2026-06-16 15:21:17+05:30,3140.9,6,3135.25,3415317,106435.0,159226.0,3163.0,3163.0,3108.0,3134.3,31945800,3447.7,2820.9,3839.9,2896.0,3140.8,101,7,3140.7,672,13,3140.6,840,12,3140.5,383,7,3140.4,31,1,3140.9,203,8,3141.0,369,6,3141.1,26,1,3141.3,14,1,3141.5,620,4
2031,2026-06-16 15:21:17+05:30,3140.8,11,3135.25,3415317,106435.0,159226.0,3163.0,3163.0,3108.0,3134.3,31945800,3447.7,2820.9,3839.9,2896.0,3140.8,101,7,3140.7,672,13,3140.6,840,12,3140.5,383,7,3140.4,31,1,3140.9,203,8,3141.0,369,6,3141.1,26,1,3141.3,14,1,3141.5,620,4
2031,2026-06-16 15:21:18+05:30,3140.9,1,3135.25,3415337,106686.0,159127.0,3163.0,3163.0,3108.0,3134.3,31945800,3447.7,2820.9,3839.9,2896.0,3140.8,491,15,3140.7,671,12,3140.6,726,8,3140.5,356,5,3140.4,119,3,3140.9,261,12,3141.0,369,6,3141.1,26,1,3141.3,14,1,3141.5,620,4
2031,2026-06-16 15:21:18+05:30,3140.9,1,3135.25,3415337,106686.0,159127.0,3163.0,3163.0,3108.0,3134.3,31945800,3447.7,2820.9,3839.9,2896.0,3140.8,491,15,3140.7,671,12,3140.6,726,8,3140.5,356,5,3140.4,119,3,3140.9,261,12,3141.0,369,6,3141.1,26,1,3141.3,14,1,3141.5,620,4
2031,2026-06-16 15:21:19+05:30,3140.8,4,3135.25,3415368,106696.0,158769.0,3163.0,3163.0,3108.0,3134.3,31945800,3447.7,2820.9,3839.9,2896.0,3140.8,589,18,3140.7,621,10,3140.6,837,10,3140.5,356,5,3140.4,31,1,3140.9,253,12,3141.0,369,6,3141.1,26,1,3141.3,14,1,3141.5,620,4
2031,2026-06-16 15:21:19+05:30,3140.8,4,3135.25,3415368,106696.0,158769.0,3163.0,3163.0,3108.0,3134.3,31945800,3447.7,2820.9,3839.9,2896.0,3140.8,589,18,3140.7,621,10,3140.6,837,10,3140.5,356,5,3140.4,31,1,3140.9,253,12,3141.0,369,6,3141.1,26,1,3141.3,14,1,3141.5,620,4
2031,2026-06-16 15:21:20+05:30,3140.9,28,3135.25,3415686,106556.0,158143.0,3163.0,3163.0,3108.0,3134.3,31945800,3447.7,2820.9,3839.9,2896.0,3140.8,528,17,3140.7,605,9,3140.6,1040,11,3140.5,356,5,3140.4,70,3,3140.9,31,6,3141.0,369,6,3141.1,26,1,3141.3,14,1,3141.5,620,4
2031,2026-06-16 15:21:20+05:30,3140.9,1,3135.25,3415686,106556.0,158143.0,3163.0,3163.0,3108.0,3134.3,31945800,3447.7,2820.9,3839.9,2896.0,3140.8,528,17,3140.7,605,9,3140.6,1040,11,3140.5,356,5,3140.4,70,3,3140.9,31,6,3141.0,369,6,3141.1,26,1,3141.3,14,1,3141.5,620,4
2031,2026-06-16 15:21:21+05:30,3140.9,3,3135.25,3415721,106709.0,158424.0,3163.0,3163.0,3108.0,3134.3,31945800,3447.7,2820.9,3839.9,2896.0,3140.8,1071,20,3140.7,389,7,3140.6,977,11,3140.5,238,4,3140.4,115,3,3140.9,94,4,3141.0,387,7,3141.1,26,1,3141.3,14,1,3141.5,620,4
2031,2026-06-16 15:21:21+05:30,3140.9,3,3135.25,3415721,106709.0,158424.0,3163.0,3163.0,3108.0,3134.3,31945800,3447.7,2820.9,3839.9,2896.0,3140.8,1071,20,3140.7,389,7,3140.6,977,11,3140.5,238,4,3140.4,115,3,3140.9,94,4,3141.0,387,7,3141.1,26,1,3141.3,14,1,3141.5,620,4
2031,2026-06-16 15:21:22+05:30,3140.9,41,3135.25,3416009,106961.0,158203.0,3163.0,3163.0,3108.0,3134.3,31945800,3447.7,2820.9,3839.9,2896.0,3140.8,1314,18,3140.7,389,7,3140.6,928,9,3140.5,309,6,3140.4,48,2,3140.9,21,2,3141.0,387,7,3141.1,26,1,3141.3,14,1,3141.5,620,4
2031,2026-06-16 15:21:22+05:30,3140.8,9,3135.25,3416009,106961.0,158203.0,3163.0,3163.0,3108.0,3134.3,31945800,3447.7,2820.9,3839.9,2896.0,3140.8,1314,18,3140.7,389,7,3140.6,928,9,3140.5,309,6,3140.4,48,2,3140.9,21,2,3141.0,387,7,3141.1,26,1,3141.3,14,1,3141.5,620,4
2031,2026-06-16 15:21:23+05:30,3140.9,20,3135.25,3416156,106882.0,158585.0,3163.0,3163.0,3108.0,3134.3,31945800,3447.7,2820.9,3839.9,2896.0,3140.9,30,1,3140.8,1318,19,3140.7,406,8,3140.6,929,10,3140.5,232,4,3141.0,379,6,3141.1,26,1,3141.3,19,2,3141.5,620,4,3141.6,1,1
2031,2026-06-16 15:21:23+05:30,3140.9,1,3135.25,3416156,106882.0,158585.0,3163.0,3163.0,3108.0,3134.3,31945800,3447.7,2820.9,3839.9,2896.0,3140.9,30,1,3140.8,1318,19,3140.7,406,8,3140.6,929,10,3140.5,232,4,3141.0,379,6,3141.1,26,1,3141.3,19,2,3141.5,620,4,3141.6,1,1
2031,2026-06-16 15:21:24+05:30,3141.0,5,3135.25,3416384,106929.0,158231.0,3163.0,3163.0,3108.0,3134.3,31945800,3447.7,2820.9,3839.9,2896.0,3140.9,139,4,3140.8,1153,18,3140.7,403,7,3140.6,1043,12,3140.5,243,5,3141.0,543,10,3141.1,26,1,3141.3,19,2,3141.5,620,4,3141.6,1,1
2031,2026-06-16 15:21:24+05:30,3140.9,21,3135.25,3416384,106929.0,158231.0,3163.0,3163.0,3108.0,3134.3,31945800,3447.7,2820.9,3839.9,2896.0,3140.9,139,4,3140.8,1153,18,3140.7,403,7,3140.6,1043,12,3140.5,243,5,3141.0,543,10,3141.1,26,1,3141.3,19,2,3141.5,620,4,3141.6,1,1
2031,2026-06-16 15:21:25+05:30,3140.9,19,3135.25,3416643,106302.0,158389.0,3163.0,3163.0,3108.0,3134.3,31945800,3447.7,2820.9,3839.9,2896.0,3140.9,14,1,3140.8,1138,17,3140.7,404,8,3140.6,928,9,3140.5,243,5,3141.0,586,14,3141.1,26,1,3141.3,19,2,3141.5,764,5,3141.6,1,1
2031,2026-06-16 15:21:25+05:30,3140.9,19,3135.25,3416643,106302.0,158389.0,3163.0,3163.0,3108.0,3134.3,31945800,3447.7,2820.9,3839.9,2896.0,3140.9,14,1,3140.8,1138,17,3140.7,404,8,3140.6,928,9,3140.5,243,5,3141.0,586,14,3141.1,26,1,3141.3,19,2,3141.5,764,5,3141.6,1,1
2031,2026-06-16 15:21:26+05:30,3140.9,6,3135.25,3416643,106302.0,158389.0,3163.0,3163.0,3108.0,3134.3,31945800,3447.7,2820.9,3839.9,2896.0,3140.9,14,1,3140.8,1138,17,3140.7,404,8,3140.6,928,9,3140.5,243,5,3141.0,586,14,3141.1,26,1,3141.3,19,2,3141.5,764,5,3141.6,1,1
2031,2026-06-16 15:21:26+05:30,3140.9,6,3135.25,3416958,106422.0,158474.0,3163.0,3163.0,3108.0,3134.3,31945800,3447.7,2820.9,3839.9,2896.0,3140.9,105,8,3140.8,1030,9,3140.7,389,7,3140.6,928,9,3140.5,243,5,3141.0,584,13,3141.1,26,1,3141.3,5,1,3141.5,620,4,3141.6,1,1
2031,2026-06-16 15:21:27+05:30,3141.0,5,3135.25,3416958,106422.0,158474.0,3163.0,3163.0,3108.0,3134.3,31945800,3447.7,2820.9,3839.9,2896.0,3140.9,105,8,3140.8,1030,9,3140.7,389,7,3140.6,928,9,3140.5,243,5,3141.0,584,13,3141.1,26,1,3141.3,5,1,3141.5,620,4,3141.6,1,1
2031,2026-06-16 15:21:27+05:30,3141.0,5,3135.25,3417309,106366.0,158352.0,3163.0,3163.0,3108.0,3134.3,31945800,3447.7,2820.9,3839.9,2896.0,3140.9,627,10,3140.8,607,9,3140.7,265,5,3140.6,873,9,3140.5,243,5,3141.0,298,12,3141.1,26,1,3141.3,5,1,3141.5,620,4,3141.6,1,1
2031,2026-06-16 15:21:28+05:30,3141.0,1,3135.25,3417309,106366.0,158352.0,3163.0,3163.0,3108.0,3134.3,31945800,3447.7,2820.9,3839.9,2896.0,3140.9,627,10,3140.8,607,9,3140.7,265,5,3140.6,873,9,3140.5,243,5,3141.0,298,12,3141.1,26,1,3141.3,5,1,3141.5,620,4,3141.6,1,1
2031,2026-06-16 15:21:28+05:30,3141.0,1,3135.25,3417331,106356.0,158242.0,3163.0,3163.0,3108.0,3134.3,31945800,3447.7,2820.9,3839.9,2896.0,3140.9,761,13,3140.8,544,6,3140.7,193,3,3140.6,846,9,3140.5,244,6,3141.0,353,15,3141.1,27,2,3141.3,5,1,3141.5,620,4,3141.6,1,1
2031,2026-06-16 15:21:29+05:30,3140.9,11,3135.25,3417331,106356.0,158242.0,3163.0,3163.0,3108.0,3134.3,31945800,3447.7,2820.9,3839.9,2896.0,3140.9,761,13,3140.8,544,6,3140.7,193,3,3140.6,846,9,3140.5,244,6,3141.0,353,15,3141.1,27,2,3141.3,5,1,3141.5,620,4,3141.6,1,1
2031,2026-06-16 15:21:29+05:30,3140.9,11,3135.25,3417425,106429.0,158247.0,3163.0,3163.0,3108.0,3134.3,31945800,3447.7,2820.9,3839.9,2896.0,3140.9,825,14,3140.8,544,6,3140.7,209,4,3140.6,884,10,3140.5,244,6,3141.0,358,16,3141.1,27,2,3141.3,5,1,3141.5,620,4,3141.6,1,1
2031,2026-06-16 15:21:30+05:30,3141.0,6,3135.25,3417425,106429.0,158247.0,3163.0,3163.0,3108.0,3134.3,31945800,3447.7,2820.9,3839.9,2896.0,3140.9,825,14,3140.8,544,6,3140.7,209,4,3140.6,884,10,3140.5,244,6,3141.0,358,16,3141.1,27,2,3141.3,5,1,3141.5,620,4,3141.6,1,1
2031,2026-06-16 15:21:30+05:30,3141.0,6,3135.25,3417639,105317.0,158121.0,3163.0,3163.0,3108.0,3134.3,31945800,3447.7,2820.9,3839.9,2896.0,3140.9,822,15,3140.8,544,6,3140.7,209,4,3140.6,846,9,3140.5,245,7,3141.0,390,16,3141.1,27,2,3141.3,5,1,3141.5,620,4,3141.6,1,1
2031,2026-06-16 15:21:31+05:30,3140.9,18,3135.25,3417639,105317.0,158121.0,3163.0,3163.0,3108.0,3134.3,31945800,3447.7,2820.9,3839.9,2896.0,3140.9,822,15,3140.8,544,6,3140.7,209,4,3140.6,846,9,3140.5,245,7,3141.0,390,16,3141.1,27,2,3141.3,5,1,3141.5,620,4,3141.6,1,1
2031,2026-06-16 15:21:31+05:30,3140.9,18,3135.25,3418260,104151.0,158495.0,3163.0,3163.0,3108.0,3134.3,31945800,3447.7,2820.9,3839.9,2896.0,3140.9,654,16,3140.8,544,6,3140.7,209,4,3140.6,846,9,3140.5,245,7,3141.0,611,18,3141.1,27,2,3141.3,605,4,3141.5,364,3,3141.6,1,1
2031,2026-06-16 15:21:32+05:30,3141.0,23,3135.25,3418260,104151.0,158495.0,3163.0,3163.0,3108.0,3134.3,31945800,3447.7,2820.9,3839.9,2896.0,3140.9,654,16,3140.8,544,6,3140.7,209,4,3140.6,846,9,3140.5,245,7,3141.0,611,18,3141.1,27,2,3141.3,605,4,3141.5,364,3,3141.6,1,1
2031,2026-06-16 15:21:33+05:30,3141.0,18,3135.25,3418612,104547.0,158212.0,3163.0,3163.0,3108.0,3134.3,31945800,3447.7,2820.9,3839.9,2896.0,3140.9,718,16,3140.8,544,6,3140.7,193,3,3140.6,847,10,3140.5,244,6,3141.0,320,7,3141.1,27,2,3141.3,605,4,3141.5,364,3,3141.6,1,1
2031,2026-06-16 15:21:33+05:30,3140.9,2,3135.25,3418612,104547.0,158212.0,3163.0,3163.0,3108.0,3134.3,31945800,3447.7,2820.9,3839.9,2896.0,3140.9,718,16,3140.8,544,6,3140.7,193,3,3140.6,847,10,3140.5,244,6,3141.0,320,7,3141.1,27,2,3141.3,605,4,3141.5,364,3,3141.6,1,1
2031,2026-06-16 15:21:34+05:30,3140.9,9,3135.25,3418664,105070.0,157278.0,3163.0,3163.0,3108.0,3134.3,31945800,3447.7,2820.9,3839.9,2896.0,3140.9,731,17,3140.8,556,7,3140.7,207,4,3140.6,847,10,3140.5,244,6,3141.0,365,10,3141.1,27,2,3141.3,605,4,3141.5,220,2,3141.6,1,1
2031,2026-06-16 15:21:34+05:30,3140.9,148,3135.25,3418664,105070.0,157278.0,3163.0,3163.0,3108.0,3134.3,31945800,3447.7,2820.9,3839.9,2896.0,3140.9,731,17,3140.8,556,7,3140.7,207,4,3140.6,847,10,3140.5,244,6,3141.0,365,10,3141.1,27,2,3141.3,605,4,3141.5,220,2,3141.6,1,1
2031,2026-06-16 15:21:35+05:30,3140.9,148,3135.26,3420210,105172.0,155359.0,3163.0,3163.0,3108.0,3134.3,31945800,3447.7,2820.9,3839.9,2896.0,3140.9,605,19,3140.8,594,8,3140.7,225,6,3140.6,990,10,3140.5,1478,7,3141.5,600,3,3141.6,1,1,3141.9,15,2,3142.0,157,5,3142.3,149,2
2031,2026-06-16 15:21:35+05:30,3141.0,1,3135.26,3420210,105172.0,155359.0,3163.0,3163.0,3108.0,3134.3,31945800,3447.7,2820.9,3839.9,2896.0,3140.9,605,19,3140.8,594,8,3140.7,225,6,3140.6,990,10,3140.5,1478,7,3141.5,600,3,3141.6,1,1,3141.9,15,2,3142.0,157,5,3142.3,149,2
2031,2026-06-16 15:21:36+05:30,3140.9,2,3135.26,3420627,104642.0,155869.0,3163.0,3163.0,3108.0,3134.3,31945800,3447.7,2820.9,3839.9,2896.0,3140.9,535,17,3140.8,556,7,3140.7,225,6,3140.6,846,9,3140.5,289,7,3141.0,199,1,3141.4,75,1,3141.5,432,5,3141.6,3,2,3141.7,200,1
2031,2026-06-16 15:21:36+05:30,3141.0,2,3135.26,3420627,104642.0,155869.0,3163.0,3163.0,3108.0,3134.3,31945800,3447.7,2820.9,3839.9,2896.0,3140.9,535,17,3140.8,556,7,3140.7,225,6,3140.6,846,9,3140.5,289,7,3141.0,199,1,3141.4,75,1,3141.5,432,5,3141.6,3,2,3141.7,200,1
2031,2026-06-16 15:21:36+05:30,3141.0,2,3135.26,3420653,104817.0,156162.0,3163.0,3163.0,3108.0,3134.3,31945800,3447.7,2820.9,3839.9,2896.0,3140.9,560,19,3140.8,559,8,3140.7,225,6,3140.6,884,10,3140.5,358,7,3141.0,76,4,3141.1,20,1,3141.4,75,1,3141.5,602,5,3141.6,3,2
2031,2026-06-16 15:21:37+05:30,3141.0,60,3135.26,3420653,104817.0,156162.0,3163.0,3163.0,3108.0,3134.3,31945800,3447.7,2820.9,3839.9,2896.0,3140.9,560,19,3140.8,559,8,3140.7,225,6,3140.6,884,10,3140.5,358,7,3141.0,76,4,3141.1,20,1,3141.4,75,1,3141.5,602,5,3141.6,3,2
2031,2026-06-16 15:21:38+05:30,3141.0,19,3135.26,3420830,104999.0,156034.0,3163.0,3163.0,3108.0,3134.3,31945800,3447.7,2820.9,3839.9,2896.0,3140.9,1014,21,3140.8,330,8,3140.7,401,6,3140.6,846,9,3140.5,128,4,3141.0,27,1,3141.1,45,2,3141.2,28,1,3141.4,75,1,3141.5,602,5
2031,2026-06-16 15:21:38+05:30,3140.9,3,3135.26,3420830,104999.0,156034.0,3163.0,3163.0,3108.0,3134.3,31945800,3447.7,2820.9,3839.9,2896.0,3140.9,1014,21,3140.8,330,8,3140.7,401,6,3140.6,846,9,3140.5,128,4,3141.0,27,1,3141.1,45,2,3141.2,28,1,3141.4,75,1,3141.5,602,5
2031,2026-06-16 15:21:39+05:30,3140.9,3,3135.26,3420911,104996.0,156295.0,3163.0,3163.0,3108.0,3134.3,31945800,3447.7,2820.9,3839.9,2896.0,3140.9,1102,21,3140.8,326,6,3140.7,401,6,3140.6,746,8,3140.5,128,4,3141.0,111,4,3141.1,163,3,3141.2,28,1,3141.4,75,1,3141.5,602,5
2031,2026-06-16 15:21:39+05:30,3141.1,16,3135.26,3420911,104996.0,156295.0,3163.0,3163.0,3108.0,3134.3,31945800,3447.7,2820.9,3839.9,2896.0,3140.9,1102,21,3140.8,326,6,3140.7,401,6,3140.6,746,8,3140.5,128,4,3141.0,111,4,3141.1,163,3,3141.2,28,1,3141.4,75,1,3141.5,602,5
2031,2026-06-16 15:21:40+05:30,3141.0,2,3135.26,3421310,105037.0,155971.0,3163.0,3163.0,3108.0,3134.3,31945800,3447.7,2820.9,3839.9,2896.0,3140.9,1202,25,3140.8,339,6,3140.7,401,6,3140.6,746,8,3140.5,14,3,3141.0,15,1,3141.1,101,1,3141.2,28,1,3141.4,75,1,3141.5,602,5
2031,2026-06-16 15:21:40+05:30,3141.0,26,3135.26,3421310,105037.0,155971.0,3163.0,3163.0,3108.0,3134.3,31945800,3447.7,2820.9,3839.9,2896.0,3140.9,1202,25,3140.8,339,6,3140.7,401,6,3140.6,746,8,3140.5,14,3,3141.0,15,1,3141.1,101,1,3141.2,28,1,3141.4,75,1,3141.5,602,5
2031,2026-06-16 15:21:41+05:30,3141.0,26,3135.26,3421387,105348.0,155708.0,3163.0,3163.0,3108.0,3134.3,31945800,3447.7,2820.9,3839.9,2896.0,3140.9,1202,25,3140.8,339,6,3140.7,401,6,3140.6,855,10,3140.5,130,4,3141.0,1,1,3141.1,76,1,3141.2,28,1,3141.4,75,1,3141.5,602,5
2031,2026-06-16 15:21:41+05:30,3141.1,9,3135.26,3421387,105348.0,155708.0,3163.0,3163.0,3108.0,3134.3,31945800,3447.7,2820.9,3839.9,2896.0,3140.9,1202,25,3140.8,339,6,3140.7,401,6,3140.6,855,10,3140.5,130,4,3141.0,1,1,3141.1,76,1,3141.2,28,1,3141.4,75,1,3141.5,602,5
2031,2026-06-16 15:21:42+05:30,3141.1,9,3135.26,3421400,105574.0,155698.0,3163.0,3163.0,3108.0,3134.3,31945800,3447.7,2820.9,3839.9,2896.0,3140.9,1211,24,3140.8,301,5,3140.7,618,8,3140.6,855,10,3140.5,130,4,3141.1,65,1,3141.2,28,1,3141.4,75,1,3141.5,602,5,3141.6,3,2
2031,2026-06-16 15:21:42+05:30,3141.1,17,3135.26,3421400,105574.0,155698.0,3163.0,3163.0,3108.0,3134.3,31945800,3447.7,2820.9,3839.9,2896.0,3140.9,1211,24,3140.8,301,5,3140.7,618,8,3140.6,855,10,3140.5,130,4,3141.1,65,1,3141.2,28,1,3141.4,75,1,3141.5,602,5,3141.6,3,2
2031,2026-06-16 15:21:43+05:30,3140.9,9,3135.26,3421499,105539.0,155644.0,3163.0,3163.0,3108.0,3134.3,31945800,3447.7,2820.9,3839.9,2896.0,3140.9,1251,26,3140.8,301,5,3140.7,618,8,3140.6,735,7,3140.5,130,4,3141.1,34,4,3141.2,28,1,3141.4,75,1,3141.5,602,5,3141.6,3,2
2031,2026-06-16 15:21:43+05:30,3140.9,2,3135.26,3421499,105539.0,155644.0,3163.0,3163.0,3108.0,3134.3,31945800,3447.7,2820.9,3839.9,2896.0,3140.9,1251,26,3140.8,301,5,3140.7,618,8,3140.6,735,7,3140.5,130,4,3141.1,34,4,3141.2,28,1,3141.4,75,1,3141.5,602,5,3141.6,3,2
2031,2026-06-16 15:21:44+05:30,3140.9,2,3135.26,3421503,105643.0,155658.0,3163.0,3163.0,3108.0,3134.3,31945800,3447.7,2820.9,3839.9,2896.0,3140.9,1248,25,3140.8,301,5,3140.7,618,8,3140.6,746,8,3140.5,201,5,3141.1,36,6,3141.2,28,1,3141.4,75,1,3141.5,602,5,3141.6,3,2
2031,2026-06-16 15:21:44+05:30,3140.9,18,3135.26,3421503,105643.0,155658.0,3163.0,3163.0,3108.0,3134.3,31945800,3447.7,2820.9,3839.9,2896.0,3140.9,1248,25,3140.8,301,5,3140.7,618,8,3140.6,746,8,3140.5,201,5,3141.1,36,6,3141.2,28,1,3141.4,75,1,3141.5,602,5,3141.6,3,2
2031,2026-06-16 15:21:45+05:30,3140.9,18,3135.26,3421525,105655.0,154403.0,3163.0,3163.0,3108.0,3134.3,31945800,3447.7,2820.9,3839.9,2896.0,3140.9,1242,26,3140.8,301,5,3140.7,618,8,3140.6,746,8,3140.5,201,5,3141.1,70,10,3141.2,146,2,3141.4,75,1,3141.5,595,4,3141.6,3,2
2031,2026-06-16 15:21:45+05:30,3140.9,18,3135.26,3421525,105655.0,154403.0,3163.0,3163.0,3108.0,3134.3,31945800,3447.7,2820.9,3839.9,2896.0,3140.9,1242,26,3140.8,301,5,3140.7,618,8,3140.6,746,8,3140.5,201,5,3141.1,70,10,3141.2,146,2,3141.4,75,1,3141.5,595,4,3141.6,3,2
2031,2026-06-16 15:21:46+05:30,3140.9,18,3135.26,3421760,105290.0,156267.0,3163.0,3163.0,3108.0,3134.3,31945800,3447.7,2820.9,3839.9,2896.0,3141.0,16,1,3140.9,1183,24,3140.8,301,5,3140.7,601,7,3140.6,746,8,3141.1,100,11,3141.2,149,3,3141.4,75,1,3141.5,203,2,3141.6,395,4
2031,2026-06-16 15:21:46+05:30,3141.1,16,3135.26,3421760,105290.0,156267.0,3163.0,3163.0,3108.0,3134.3,31945800,3447.7,2820.9,3839.9,2896.0,3141.0,16,1,3140.9,1183,24,3140.8,301,5,3140.7,601,7,3140.6,746,8,3141.1,100,11,3141.2,149,3,3141.4,75,1,3141.5,203,2,3141.6,395,4
2031,2026-06-16 15:21:47+05:30,3141.1,16,3135.26,3422181,105316.0,156211.0,3163.0,3163.0,3108.0,3134.3,31945800,3447.7,2820.9,3839.9,2896.0,3141.0,58,2,3140.9,1079,23,3140.8,339,6,3140.7,602,8,3140.6,708,7,3141.1,201,7,3141.2,149,3,3141.4,75,1,3141.5,203,2,3141.6,395,4
2031,2026-06-16 15:21:47+05:30,3141.1,16,3135.26,3422181,105316.0,156211.0,3163.0,3163.0,3108.0,3134.3,31945800,3447.7,2820.9,3839.9,2896.0,3141.0,58,2,3140.9,1079,23,3140.8,339,6,3140.7,602,8,3140.6,708,7,3141.1,201,7,3141.2,149,3,3141.4,75,1,3141.5,203,2,3141.6,395,4
2031,2026-06-16 15:21:47+05:30,3141.0,14,3135.26,3422181,105316.0,156211.0,3163.0,3163.0,3108.0,3134.3,31945800,3447.7,2820.9,3839.9,2896.0,3141.0,58,2,3140.9,1079,23,3140.8,339,6,3140.7,602,8,3140.6,708,7,3141.1,201,7,3141.2,149,3,3141.4,75,1,3141.5,203,2,3141.6,395,4
2031,2026-06-16 15:21:48+05:30,3141.1,1,3135.26,3422503,104407.0,156147.0,3163.0,3163.0,3108.0,3134.3,31945800,3447.7,2820.9,3839.9,2896.0,3141.0,28,4,3140.9,949,21,3140.8,339,6,3140.7,618,9,3140.6,708,7,3141.1,196,7,3141.2,149,3,3141.4,75,1,3141.5,204,3,3141.6,395,4
2031,2026-06-16 15:21:48+05:30,3141.1,1,3135.26,3422503,104407.0,156147.0,3163.0,3163.0,3108.0,3134.3,31945800,3447.7,2820.9,3839.9,2896.0,3141.0,28,4,3140.9,949,21,3140.8,339,6,3140.7,618,9,3140.6,708,7,3141.1,196,7,3141.2,149,3,3141.4,75,1,3141.5,204,3,3141.6,395,4
2031,2026-06-16 15:21:48+05:30,3141.1,2,3135.26,3422503,104407.0,156147.0,3163.0,3163.0,3108.0,3134.3,31945800,3447.7,2820.9,3839.9,2896.0,3141.0,28,4,3140.9,949,21,3140.8,339,6,3140.7,618,9,3140.6,708,7,3141.1,196,7,3141.2,149,3,3141.4,75,1,3141.5,204,3,3141.6,395,4
2031,2026-06-16 15:21:49+05:30,3141.1,8,3135.26,3422537,105328.0,155421.0,3163.0,3163.0,3108.0,3134.3,31945800,3447.7,2820.9,3839.9,2896.0,3141.0,1096,15,3140.9,797,12,3140.8,252,6,3140.7,519,7,3140.6,722,8,3141.1,194,7,3141.2,149,3,3141.4,75,1,3141.5,204,3,3141.6,195,3
2031,2026-06-16 15:21:49+05:30,3141.0,8,3135.26,3422537,105328.0,155421.0,3163.0,3163.0,3108.0,3134.3,31945800,3447.7,2820.9,3839.9,2896.0,3141.0,1096,15,3140.9,797,12,3140.8,252,6,3140.7,519,7,3140.6,722,8,3141.1,194,7,3141.2,149,3,3141.4,75,1,3141.5,204,3,3141.6,195,3
2031,2026-06-16 15:21:50+05:30,3141.1,5,3135.26,3422601,105731.0,155373.0,3163.0,3163.0,3108.0,3134.3,31945800,3447.7,2820.9,3839.9,2896.0,3141.0,1409,16,3140.9,762,10,3140.8,417,6,3140.7,519,7,3140.6,619,8,3141.1,296,11,3141.2,197,4,3141.4,77,2,3141.5,204,3,3141.6,195,3
2031,2026-06-16 15:21:50+05:30,3141.1,70,3135.26,3422601,105731.0,155373.0,3163.0,3163.0,3108.0,3134.3,31945800,3447.7,2820.9,3839.9,2896.0,3141.0,1409,16,3140.9,762,10,3140.8,417,6,3140.7,519,7,3140.6,619,8,3141.1,296,11,3141.2,197,4,3141.4,77,2,3141.5,204,3,3141.6,195,3
2031,2026-06-16 15:21:51+05:30,3141.1,70,3135.26,3422601,105731.0,155373.0,3163.0,3163.0,3108.0,3134.3,31945800,3447.7,2820.9,3839.9,2896.0,3141.0,1409,16,3140.9,762,10,3140.8,417,6,3140.7,519,7,3140.6,619,8,3141.1,296,11,3141.2,197,4,3141.4,77,2,3141.5,204,3,3141.6,195,3
2031,2026-06-16 15:21:51+05:30,3141.0,80,3135.26,3423117,105194.0,155227.0,3163.0,3163.0,3108.0,3134.3,31945800,3447.7,2820.9,3839.9,2896.0,3141.0,1309,14,3140.9,762,10,3140.8,417,6,3140.7,519,7,3140.6,509,7,3141.1,206,9,3141.2,197,4,3141.4,269,3,3141.5,204,3,3141.6,203,3
2031,2026-06-16 15:21:51+05:30,3141.1,3,3135.26,3423117,105194.0,155227.0,3163.0,3163.0,3108.0,3134.3,31945800,3447.7,2820.9,3839.9,2896.0,3141.0,1309,14,3140.9,762,10,3140.8,417,6,3140.7,519,7,3140.6,509,7,3141.1,206,9,3141.2,197,4,3141.4,269,3,3141.5,204,3,3141.6,203,3
2031,2026-06-16 15:21:52+05:30,3141.1,2,3135.26,3423122,105647.0,155422.0,3163.0,3163.0,3108.0,3134.3,31945800,3447.7,2820.9,3839.9,2896.0,3141.0,1337,18,3140.9,762,10,3140.8,405,5,3140.7,519,7,3140.6,510,8,3141.1,201,9,3141.2,197,4,3141.4,269,3,3141.5,204,3,3141.6,403,4
2031,2026-06-16 15:21:52+05:30,3141.0,8,3135.26,3423122,105647.0,155422.0,3163.0,3163.0,3108.0,3134.3,31945800,3447.7,2820.9,3839.9,2896.0,3141.0,1337,18,3140.9,762,10,3140.8,405,5,3140.7,519,7,3140.6,510,8,3141.1,201,9,3141.2,197,4,3141.4,269,3,3141.5,204,3,3141.6,403,4
2031,2026-06-16 15:21:53+05:30,3141.0,2,3135.26,3423227,105545.0,155556.0,3163.0,3163.0,3108.0,3134.3,31945800,3447.7,2820.9,3839.9,2896.0,3141.0,1247,17,3140.9,762,10,3140.8,405,5,3140.7,520,8,3140.6,509,7,3141.1,360,12,3141.2,197,4,3141.4,269,3,3141.5,204,3,3141.6,403,4
2031,2026-06-16 15:21:53+05:30,3141.0,2,3135.26,3423227,105545.0,155556.0,3163.0,3163.0,3108.0,3134.3,31945800,3447.7,2820.9,3839.9,2896.0,3141.0,1247,17,3140.9,762,10,3140.8,405,5,3140.7,520,8,3140.6,509,7,3141.1,360,12,3141.2,197,4,3141.4,269,3,3141.5,204,3,3141.6,403,4
2031,2026-06-16 15:21:53+05:30,3141.0,2,3135.26,3423227,105545.0,155556.0,3163.0,3163.0,3108.0,3134.3,31945800,3447.7,2820.9,3839.9,2896.0,3141.0,1247,17,3140.9,762,10,3140.8,405,5,3140.7,520,8,3140.6,509,7,3141.1,360,12,3141.2,197,4,3141.4,269,3,3141.5,204,3,3141.6,403,4
2031,2026-06-16 15:21:54+05:30,3141.0,187,3135.26,3423651,104788.0,155916.0,3163.0,3163.0,3108.0,3134.3,31945800,3447.7,2820.9,3839.9,2896.0,3141.0,1009,19,3140.9,761,9,3140.8,405,5,3140.7,530,9,3140.6,387,6,3141.1,576,14,3141.2,197,4,3141.4,269,3,3141.5,204,3,3141.6,547,5
2031,2026-06-16 15:21:54+05:30,3141.0,2,3135.26,3423651,104788.0,155916.0,3163.0,3163.0,3108.0,3134.3,31945800,3447.7,2820.9,3839.9,2896.0,3141.0,1009,19,3140.9,761,9,3140.8,405,5,3140.7,530,9,3140.6,387,6,3141.1,576,14,3141.2,197,4,3141.4,269,3,3141.5,204,3,3141.6,547,5
2031,2026-06-16 15:21:55+05:30,3141.1,1,3135.26,3423763,105044.0,155784.0,3163.0,3163.0,3108.0,3134.3,31945800,3447.7,2820.9,3839.9,2896.0,3141.0,1089,22,3140.9,761,9,3140.8,406,6,3140.7,529,8,3140.6,425,7,3141.1,537,15,3141.2,197,4,3141.4,269,3,3141.5,204,3,3141.6,403,4
2031,2026-06-16 15:21:55+05:30,3141.0,10,3135.26,3423763,105044.0,155784.0,3163.0,3163.0,3108.0,3134.3,31945800,3447.7,2820.9,3839.9,2896.0,3141.0,1089,22,3140.9,761,9,3140.8,406,6,3140.7,529,8,3140.6,425,7,3141.1,537,15,3141.2,197,4,3141.4,269,3,3141.5,204,3,3141.6,403,4
2031,2026-06-16 15:21:56+05:30,3141.0,10,3135.26,3423763,105044.0,155784.0,3163.0,3163.0,3108.0,3134.3,31945800,3447.7,2820.9,3839.9,2896.0,3141.0,1089,22,3140.9,761,9,3140.8,406,6,3140.7,529,8,3140.6,425,7,3141.1,537,15,3141.2,197,4,3141.4,269,3,3141.5,204,3,3141.6,403,4
2031,2026-06-16 15:21:56+05:30,3141.0,9,3135.27,3425627,103621.0,155958.0,3163.0,3163.0,3108.0,3134.3,31945800,3447.7,2820.9,3839.9,2896.0,3141.0,471,12,3140.9,761,9,3140.8,433,7,3140.7,519,7,3140.6,387,6,3141.1,546,17,3141.2,206,5,3141.4,469,4,3141.5,4,2,3141.6,547,5
2031,2026-06-16 15:21:56+05:30,3141.0,19,3135.27,3425627,103621.0,155958.0,3163.0,3163.0,3108.0,3134.3,31945800,3447.7,2820.9,3839.9,2896.0,3141.0,471,12,3140.9,761,9,3140.8,433,7,3140.7,519,7,3140.6,387,6,3141.1,546,17,3141.2,206,5,3141.4,469,4,3141.5,4,2,3141.6,547,5
2031,2026-06-16 15:21:57+05:30,3141.1,2,3135.27,3426918,104271.0,156115.0,3163.0,3163.0,3108.0,3134.3,31945800,3447.7,2820.9,3839.9,2896.0,3141.0,743,11,3140.9,603,9,3140.8,369,6,3140.7,519,7,3140.6,387,6,3141.1,603,18,3141.2,206,5,3141.4,469,4,3141.5,4,2,3141.6,547,5
2031,2026-06-16 15:21:57+05:30,3141.1,2,3135.27,3426918,104271.0,156115.0,3163.0,3163.0,3108.0,3134.3,31945800,3447.7,2820.9,3839.9,2896.0,3141.0,743,11,3140.9,603,9,3140.8,369,6,3140.7,519,7,3140.6,387,6,3141.1,603,18,3141.2,206,5,3141.4,469,4,3141.5,4,2,3141.6,547,5
2031,2026-06-16 15:21:58+05:30,3141.1,2,3135.27,3426918,104271.0,156115.0,3163.0,3163.0,3108.0,3134.3,31945800,3447.7,2820.9,3839.9,2896.0,3141.0,743,11,3140.9,603,9,3140.8,369,6,3140.7,519,7,3140.6,387,6,3141.1,603,18,3141.2,206,5,3141.4,469,4,3141.5,4,2,3141.6,547,5
2031,2026-06-16 15:21:58+05:30,3141.0,2,3135.27,3429066,103002.0,155403.0,3163.0,3163.0,3108.0,3134.3,31945800,3447.7,2820.9,3839.9,2896.0,3141.0,275,1,3140.9,602,8,3140.8,369,6,3140.7,518,6,3140.6,387,6,3141.1,437,14,3141.2,206,5,3141.4,613,5,3141.5,59,3,3141.6,547,5
2031,2026-06-16 15:21:58+05:30,3141.1,5,3135.27,3429066,103002.0,155403.0,3163.0,3163.0,3108.0,3134.3,31945800,3447.7,2820.9,3839.9,2896.0,3141.0,275,1,3140.9,602,8,3140.8,369,6,3140.7,518,6,3140.6,387,6,3141.1,437,14,3141.2,206,5,3141.4,613,5,3141.5,59,3,3141.6,547,5
2031,2026-06-16 15:21:59+05:30,3141.1,17,3135.27,3429111,103411.0,155290.0,3163.0,3163.0,3108.0,3134.3,31945800,3447.7,2820.9,3839.9,2896.0,3141.0,342,4,3140.9,602,8,3140.8,369,6,3140.7,539,7,3140.6,387,6,3141.1,468,16,3141.2,206,5,3141.4,469,4,3141.5,59,3,3141.6,547,5
2031,2026-06-16 15:21:59+05:30,3141.1,17,3135.27,3429111,103411.0,155290.0,3163.0,3163.0,3108.0,3134.3,31945800,3447.7,2820.9,3839.9,2896.0,3141.0,342,4,3140.9,602,8,3140.8,369,6,3140.7,539,7,3140.6,387,6,3141.1,468,16,3141.2,206,5,3141.4,469,4,3141.5,59,3,3141.6,547,5
2031,2026-06-16 15:21:59+05:30,3141.1,17,3135.27,3429111,103411.0,155290.0,3163.0,3163.0,3108.0,3134.3,31945800,3447.7,2820.9,3839.9,2896.0,3141.0,342,4,3140.9,602,8,3140.8,369,6,3140.7,539,7,3140.6,387,6,3141.1,468,16,3141.2,206,5,3141.4,469,4,3141.5,59,3,3141.6,547,5
2031,2026-06-16 15:22:00+05:30,3141.1,17,3135.27,3429111,103411.0,155290.0,3163.0,3163.0,3108.0,3134.3,31945800,3447.7,2820.9,3839.9,2896.0,3141.0,342,4,3140.9,602,8,3140.8,369,6,3140.7,539,7,3140.6,387,6,3141.1,468,16,3141.2,206,5,3141.4,469,4,3141.5,59,3,3141.6,547,5
2031,2026-06-16 15:22:00+05:30,3141.0,79,3135.27,3429367,103539.0,155135.0,3163.0,3163.0,3108.0,3134.3,31945800,3447.7,2820.9,3839.9,2896.0,3141.0,280,6,3140.9,602,8,3140.8,369,6,3140.7,539,7,3140.6,387,6,3141.1,313,16,3141.2,206,5,3141.4,469,4,3141.5,59,3,3141.6,547,5
2031,2026-06-16 15:22:00+05:30,3141.1,11,3135.27,3429367,103539.0,155135.0,3163.0,3163.0,3108.0,3134.3,31945800,3447.7,2820.9,3839.9,2896.0,3141.0,280,6,3140.9,602,8,3140.8,369,6,3140.7,539,7,3140.6,387,6,3141.1,313,16,3141.2,206,5,3141.4,469,4,3141.5,59,3,3141.6,547,5
2031,2026-06-16 15:22:01+05:30,3141.1,11,3135.27,3429367,103539.0,155135.0,3163.0,3163.0,3108.0,3134.3,31945800,3447.7,2820.9,3839.9,2896.0,3141.0,280,6,3140.9,602,8,3140.8,369,6,3140.7,539,7,3140.6,387,6,3141.1,313,16,3141.2,206,5,3141.4,469,4,3141.5,59,3,3141.6,547,5
2031,2026-06-16 15:22:01+05:30,3141.0,38,3135.27,3429601,103468.0,155408.0,3163.0,3163.0,3108.0,3134.3,31945800,3447.7,2820.9,3839.9,2896.0,3141.0,768,10,3140.9,1014,9,3140.8,396,7,3140.7,539,7,3140.6,92,5,3141.1,404,15,3141.2,206,5,3141.4,469,4,3141.5,59,3,3141.6,547,5
2031,2026-06-16 15:22:01+05:30,3141.0,1,3135.27,3429601,103468.0,155408.0,3163.0,3163.0,3108.0,3134.3,31945800,3447.7,2820.9,3839.9,2896.0,3141.0,768,10,3140.9,1014,9,3140.8,396,7,3140.7,539,7,3140.6,92,5,3141.1,404,15,3141.2,206,5,3141.4,469,4,3141.5,59,3,3141.6,547,5
2031,2026-06-16 15:22:02+05:30,3141.0,1,3135.27,3429601,103468.0,155408.0,3163.0,3163.0,3108.0,3134.3,31945800,3447.7,2820.9,3839.9,2896.0,3141.0,768,10,3140.9,1014,9,3140.8,396,7,3140.7,539,7,3140.6,92,5,3141.1,404,15,3141.2,206,5,3141.4,469,4,3141.5,59,3,3141.6,547,5
2031,2026-06-16 15:22:02+05:30,3141.0,9,3135.27,3430696,102618.0,155178.0,3163.0,3163.0,3108.0,3134.3,31945800,3447.7,2820.9,3839.9,2896.0,3141.0,100,4,3140.9,1014,9,3140.8,396,7,3140.7,540,8,3140.6,91,4,3141.1,455,18,3141.2,206,5,3141.3,192,1,3141.4,277,3,3141.5,259,4
2031,2026-06-16 15:22:02+05:30,3141.0,9,3135.27,3430696,102618.0,155178.0,3163.0,3163.0,3108.0,3134.3,31945800,3447.7,2820.9,3839.9,2896.0,3141.0,100,4,3140.9,1014,9,3140.8,396,7,3140.7,540,8,3140.6,91,4,3141.1,455,18,3141.2,206,5,3141.3,192,1,3141.4,277,3,3141.5,259,4
2031,2026-06-16 15:22:02+05:30,3141.0,9,3135.27,3430696,102618.0,155178.0,3163.0,3163.0,3108.0,3134.3,31945800,3447.7,2820.9,3839.9,2896.0,3141.0,100,4,3140.9,1014,9,3140.8,396,7,3140.7,540,8,3140.6,91,4,3141.1,455,18,3141.2,206,5,3141.3,192,1,3141.4,277,3,3141.5,259,4
2031,2026-06-16 15:22:03+05:30,3140.9,61,3135.28,3432128,100344.0,155046.0,3163.0,3163.0,3108.0,3134.3,31945800,3447.7,2820.9,3839.9,2896.0,3140.9,307,5,3140.8,396,7,3140.7,550,8,3140.6,92,5,3140.5,13,2,3141.1,455,18,3141.2,206,5,3141.3,197,2,3141.4,453,5,3141.5,259,4
2031,2026-06-16 15:22:03+05:30,3140.9,26,3135.28,3432128,100344.0,155046.0,3163.0,3163.0,3108.0,3134.3,31945800,3447.7,2820.9,3839.9,2896.0,3140.9,307,5,3140.8,396,7,3140.7,550,8,3140.6,92,5,3140.5,13,2,3141.1,455,18,3141.2,206,5,3141.3,197,2,3141.4,453,5,3141.5,259,4
2031,2026-06-16 15:22:03+05:30,3140.9,26,3135.28,3432128,100344.0,155046.0,3163.0,3163.0,3108.0,3134.3,31945800,3447.7,2820.9,3839.9,2896.0,3140.9,307,5,3140.8,396,7,3140.7,550,8,3140.6,92,5,3140.5,13,2,3141.1,455,18,3141.2,206,5,3141.3,197,2,3141.4,453,5,3141.5,259,4
2031,2026-06-16 15:22:04+05:30,3140.9,26,3135.28,3432128,100344.0,155046.0,3163.0,3163.0,3108.0,3134.3,31945800,3447.7,2820.9,3839.9,2896.0,3140.9,307,5,3140.8,396,7,3140.7,550,8,3140.6,92,5,3140.5,13,2,3141.1,455,18,3141.2,206,5,3141.3,197,2,3141.4,453,5,3141.5,259,4
2031,2026-06-16 15:22:04+05:30,3141.0,96,3135.28,3434645,99035.0,155395.0,3163.0,3163.0,3108.0,3134.3,31945800,3447.7,2820.9,3839.9,2896.0,3139.7,97,3,3139.6,238,2,3139.4,449,3,3139.3,150,2,3139.2,84,2,3141.0,99,1,3141.1,511,19,3141.2,746,9,3141.4,307,4,3141.5,106,4
2031,2026-06-16 15:22:04+05:30,3141.0,39,3135.28,3434645,99035.0,155395.0,3163.0,3163.0,3108.0,3134.3,31945800,3447.7,2820.9,3839.9,2896.0,3139.7,97,3,3139.6,238,2,3139.4,449,3,3139.3,150,2,3139.2,84,2,3141.0,99,1,3141.1,511,19,3141.2,746,9,3141.4,307,4,3141.5,106,4
2031,2026-06-16 15:22:05+05:30,3141.0,39,3135.28,3434645,99035.0,155395.0,3163.0,3163.0,3108.0,3134.3,31945800,3447.7,2820.9,3839.9,2896.0,3139.7,97,3,3139.6,238,2,3139.4,449,3,3139.3,150,2,3139.2,84,2,3141.0,99,1,3141.1,511,19,3141.2,746,9,3141.4,307,4,3141.5,106,4
2031,2026-06-16 15:22:05+05:30,3139.6,35,3135.28,3434797,99348.0,155510.0,3163.0,3163.0,3108.0,3134.3,31945800,3447.7,2820.9,3839.9,2896.0,3139.7,120,3,3139.6,428,4,3139.5,1596,4,3139.4,64,1,3139.3,194,2,3141.0,111,4,3141.1,630,15,3141.2,554,8,3141.3,200,1,3141.4,112,4
2031,2026-06-16 15:22:05+05:30,3139.6,35,3135.28,3434797,99348.0,155510.0,3163.0,3163.0,3108.0,3134.3,31945800,3447.7,2820.9,3839.9,2896.0,3139.7,120,3,3139.6,428,4,3139.5,1596,4,3139.4,64,1,3139.3,194,2,3141.0,111,4,3141.1,630,15,3141.2,554,8,3141.3,200,1,3141.4,112,4
2031,2026-06-16 15:22:06+05:30,3139.6,35,3135.28,3434797,99348.0,155510.0,3163.0,3163.0,3108.0,3134.3,31945800,3447.7,2820.9,3839.9,2896.0,3139.7,120,3,3139.6,428,4,3139.5,1596,4,3139.4,64,1,3139.3,194,2,3141.0,111,4,3141.1,630,15,3141.2,554,8,3141.3,200,1,3141.4,112,4
2031,2026-06-16 15:22:06+05:30,3139.7,28,3135.28,3434839,100359.0,155360.0,3163.0,3163.0,3108.0,3134.3,31945800,3447.7,2820.9,3839.9,2896.0,3139.7,139,5,3139.6,311,2,3139.5,1749,4,3139.4,64,1,3139.3,273,3,3140.4,47,1,3140.5,1,1,3141.0,124,10,3141.1,564,9,3141.2,554,8
2031,2026-06-16 15:22:06+05:30,3139.7,27,3135.28,3434839,100359.0,155360.0,3163.0,3163.0,3108.0,3134.3,31945800,3447.7,2820.9,3839.9,2896.0,3139.7,139,5,3139.6,311,2,3139.5,1749,4,3139.4,64,1,3139.3,273,3,3140.4,47,1,3140.5,1,1,3141.0,124,10,3141.1,564,9,3141.2,554,8
2031,2026-06-16 15:22:07+05:30,3139.7,27,3135.28,3434839,100359.0,155360.0,3163.0,3163.0,3108.0,3134.3,31945800,3447.7,2820.9,3839.9,2896.0,3139.7,139,5,3139.6,311,2,3139.5,1749,4,3139.4,64,1,3139.3,273,3,3140.4,47,1,3140.5,1,1,3141.0,124,10,3141.1,564,9,3141.2,554,8
2031,2026-06-16 15:22:07+05:30,3139.7,9,3135.28,3434839,100359.0,155360.0,3163.0,3163.0,3108.0,3134.3,31945800,3447.7,2820.9,3839.9,2896.0,3139.7,139,5,3139.6,311,2,3139.5,1749,4,3139.4,64,1,3139.3,273,3,3140.4,47,1,3140.5,1,1,3141.0,124,10,3141.1,564,9,3141.2,554,8
2031,2026-06-16 15:22:07+05:30,3139.7,9,3135.28,3434912,100835.0,155197.0,3163.0,3163.0,3108.0,3134.3,31945800,3447.7,2820.9,3839.9,2896.0,3139.7,131,5,3139.5,518,4,3139.3,48,1,3139.1,32,2,3139.0,159,3,3140.4,140,7,3140.5,51,2,3140.6,392,2,3140.8,346,2,3141.0,120,8
2031,2026-06-16 15:22:08+05:30,3139.7,9,3135.28,3434912,100835.0,155197.0,3163.0,3163.0,3108.0,3134.3,31941000,3447.7,2820.9,3839.9,2896.0,3139.7,131,5,3139.5,518,4,3139.3,48,1,3139.1,32,2,3139.0,159,3,3140.4,140,7,3140.5,51,2,3140.6,392,2,3140.8,346,2,3141.0,120,8
2031,2026-06-16 15:22:08+05:30,3139.7,2,3135.28,3434912,100835.0,155197.0,3163.0,3163.0,3108.0,3134.3,31941000,3447.7,2820.9,3839.9,2896.0,3139.7,131,5,3139.5,518,4,3139.3,48,1,3139.1,32,2,3139.0,159,3,3140.4,140,7,3140.5,51,2,3140.6,392,2,3140.8,346,2,3141.0,120,8
2031,2026-06-16 15:22:08+05:30,3139.7,2,3135.28,3435062,99644.0,155571.0,3163.0,3163.0,3108.0,3134.3,31941000,3447.7,2820.9,3839.9,2896.0,3139.7,40,4,3139.5,518,4,3139.3,48,1,3139.1,32,2,3139.0,159,3,3140.0,38,1,3140.1,1,1,3140.3,5,1,3140.4,459,13,3140.5,1,1
2031,2026-06-16 15:22:09+05:30,3139.7,6,3135.28,3435062,99644.0,155571.0,3163.0,3163.0,3108.0,3134.3,31941000,3447.7,2820.9,3839.9,2896.0,3139.7,40,4,3139.5,518,4,3139.3,48,1,3139.1,32,2,3139.0,159,3,3140.0,38,1,3140.1,1,1,3140.3,5,1,3140.4,459,13,3140.5,1,1
2031,2026-06-16 15:22:10+05:30,3139.7,6,3135.28,3435356,99204.0,153569.0,3163.0,3163.0,3108.0,3134.3,31941000,3447.7,2820.9,3839.9,2896.0,3139.7,14,4,3139.5,496,3,3139.1,32,2,3139.0,13,2,3138.9,311,2,3140.0,59,4,3140.1,1,1,3140.4,837,18,3140.5,5,2,3140.6,346,2
2031,2026-06-16 15:22:10+05:30,3139.5,27,3135.28,3435356,99204.0,153569.0,3163.0,3163.0,3108.0,3134.3,31941000,3447.7,2820.9,3839.9,2896.0,3139.7,14,4,3139.5,496,3,3139.1,32,2,3139.0,13,2,3138.9,311,2,3140.0,59,4,3140.1,1,1,3140.4,837,18,3140.5,5,2,3140.6,346,2
2031,2026-06-16 15:22:11+05:30,3139.5,9,3135.28,3435443,99366.0,155649.0,3163.0,3163.0,3108.0,3134.3,31941000,3447.7,2820.9,3839.9,2896.0,3139.5,434,3,3139.1,149,4,3139.0,313,3,3138.9,311,2,3138.7,1382,4,3140.0,114,6,3140.1,1,1,3140.4,816,15,3140.5,5,2,3140.6,346,2
2031,2026-06-16 15:22:11+05:30,3139.7,1,3135.28,3435443,99366.0,155649.0,3163.0,3163.0,3108.0,3134.3,31941000,3447.7,2820.9,3839.9,2896.0,3139.5,434,3,3139.1,149,4,3139.0,313,3,3138.9,311,2,3138.7,1382,4,3140.0,114,6,3140.1,1,1,3140.4,816,15,3140.5,5,2,3140.6,346,2
2031,2026-06-16 15:22:12+05:30,3139.7,1,3135.28,3435453,99263.0,155649.0,3163.0,3163.0,3108.0,3134.3,31941000,3447.7,2820.9,3839.9,2896.0,3139.8,1,1,3139.7,1,1,3139.5,434,3,3139.4,1,1,3139.1,32,2,3140.0,136,10,3140.1,1,1,3140.4,795,12,3140.5,4,1,3140.6,346,2
2031,2026-06-16 15:22:12+05:30,3139.7,10,3135.28,3435453,99263.0,155649.0,3163.0,3163.0,3108.0,3134.3,31941000,3447.7,2820.9,3839.9,2896.0,3139.8,1,1,3139.7,1,1,3139.5,434,3,3139.4,1,1,3139.1,32,2,3140.0,136,10,3140.1,1,1,3140.4,795,12,3140.5,4,1,3140.6,346,2
2031,2026-06-16 15:22:13+05:30,3139.5,37,3135.28,3435501,100462.0,155664.0,3163.0,3163.0,3108.0,3134.3,31941000,3447.7,2820.9,3839.9,2896.0,3139.5,638,5,3139.4,16,1,3139.2,1,1,3139.1,32,2,3139.0,313,3,3139.8,13,1,3140.0,250,17,3140.1,1,1,3140.4,687,4,3140.5,4,1
2031,2026-06-16 15:22:13+05:30,3140.0,9,3135.28,3435501,100462.0,155664.0,3163.0,3163.0,3108.0,3134.3,31941000,3447.7,2820.9,3839.9,2896.0,3139.5,638,5,3139.4,16,1,3139.2,1,1,3139.1,32,2,3139.0,313,3,3139.8,13,1,3140.0,250,17,3140.1,1,1,3140.4,687,4,3140.5,4,1
2031,2026-06-16 15:22:14+05:30,3140.0,9,3135.28,3435596,101014.0,155459.0,3163.0,3163.0,3108.0,3134.3,31941000,3447.7,2820.9,3839.9,2896.0,3139.6,2,1,3139.5,736,5,3139.4,16,1,3139.3,1,1,3139.1,172,3,3139.8,19,1,3140.0,577,15,3140.2,200,1,3140.4,298,3,3140.6,146,1
2031,2026-06-16 15:22:14+05:30,3139.5,18,3135.28,3435596,101014.0,155459.0,3163.0,3163.0,3108.0,3134.3,31941000,3447.7,2820.9,3839.9,2896.0,3139.6,2,1,3139.5,736,5,3139.4,16,1,3139.3,1,1,3139.1,172,3,3139.8,19,1,3140.0,577,15,3140.2,200,1,3140.4,298,3,3140.6,146,1
2031,2026-06-16 15:22:15+05:30,3139.6,4,3135.28,3435894,100566.0,155867.0,3163.0,3163.0,3108.0,3134.3,31941000,3447.7,2820.9,3839.9,2896.0,3139.5,475,5,3139.4,16,1,3139.3,1,1,3139.1,32,2,3139.0,313,3,3139.8,56,7,3139.9,118,1,3140.0,498,7,3140.2,200,1,3140.4,456,5
2031,2026-06-16 15:22:15+05:30,3139.5,96,3135.28,3435894,100566.0,155867.0,3163.0,3163.0,3108.0,3134.3,31941000,3447.7,2820.9,3839.9,2896.0,3139.5,475,5,3139.4,16,1,3139.3,1,1,3139.1,32,2,3139.0,313,3,3139.8,56,7,3139.9,118,1,3140.0,498,7,3140.2,200,1,3140.4,456,5
2031,2026-06-16 15:22:16+05:30,3139.8,2,3135.28,3436927,97154.0,153723.0,3163.0,3163.0,3108.0,3134.3,31941000,3447.7,2820.9,3839.9,2896.0,3139.5,97,2,3139.3,1,1,3139.2,24,1,3139.1,32,2,3139.0,313,3,3139.6,1,1,3139.8,182,10,3139.9,118,1,3140.0,392,2,3140.2,200,1
2031,2026-06-16 15:22:16+05:30,3139.5,9,3135.28,3436927,97154.0,153723.0,3163.0,3163.0,3108.0,3134.3,31941000,3447.7,2820.9,3839.9,2896.0,3139.5,97,2,3139.3,1,1,3139.2,24,1,3139.1,32,2,3139.0,313,3,3139.6,1,1,3139.8,182,10,3139.9,118,1,3140.0,392,2,3140.2,200,1
2031,2026-06-16 15:22:17+05:30,3139.7,2,3135.28,3436961,98179.0,156185.0,3163.0,3163.0,3108.0,3134.3,31941000,3447.7,2820.9,3839.9,2896.0,3139.5,66,2,3139.4,17,2,3139.2,24,1,3139.1,32,2,3139.0,313,3,3139.7,117,1,3139.8,250,12,3139.9,118,1,3140.0,392,2,3140.2,346,2
2031,2026-06-16 15:22:17+05:30,3139.6,10,3135.28,3436961,98179.0,156185.0,3163.0,3163.0,3108.0,3134.3,31941000,3447.7,2820.9,3839.9,2896.0,3139.5,66,2,3139.4,17,2,3139.2,24,1,3139.1,32,2,3139.0,313,3,3139.7,117,1,3139.8,250,12,3139.9,118,1,3140.0,392,2,3140.2,346,2
2031,2026-06-16 15:22:18+05:30,3139.5,3,3135.28,3436974,98029.0,156284.0,3163.0,3163.0,3108.0,3134.3,31941000,3447.7,2820.9,3839.9,2896.0,3139.5,79,4,3139.4,17,2,3139.2,24,1,3139.1,32,2,3139.0,313,3,3139.6,114,1,3139.7,187,6,3139.8,187,8,3139.9,123,2,3140.0,392,2
2031,2026-06-16 15:22:18+05:30,3139.6,1,3135.28,3436974,98029.0,156284.0,3163.0,3163.0,3108.0,3134.3,31941000,3447.7,2820.9,3839.9,2896.0,3139.5,79,4,3139.4,17,2,3139.2,24,1,3139.1,32,2,3139.0,313,3,3139.6,114,1,3139.7,187,6,3139.8,187,8,3139.9,123,2,3140.0,392,2
2031,2026-06-16 15:22:19+05:30,3139.5,8,3135.28,3437083,98098.0,156208.0,3163.0,3163.0,3108.0,3134.3,31941000,3447.7,2820.9,3839.9,2896.0,3139.5,41,4,3139.4,30,2,3139.2,24,1,3139.1,32,2,3139.0,313,3,3139.6,349,13,3139.7,168,4,3139.8,47,1,3139.9,123,2,3140.0,392,2
2031,2026-06-16 15:22:19+05:30,3139.5,11,3135.28,3437083,98098.0,156208.0,3163.0,3163.0,3108.0,3134.3,31941000,3447.7,2820.9,3839.9,2896.0,3139.5,41,4,3139.4,30,2,3139.2,24,1,3139.1,32,2,3139.0,313,3,3139.6,349,13,3139.7,168,4,3139.8,47,1,3139.9,123,2,3140.0,392,2
2031,2026-06-16 15:22:20+05:30,3139.5,11,3135.28,3437327,98170.0,156295.0,3163.0,3163.0,3108.0,3134.3,31941000,3447.7,2820.9,3839.9,2896.0,3139.5,27,3,3139.4,30,2,3139.2,24,1,3139.1,32,2,3139.0,313,3,3139.6,460,17,3139.7,144,3,3139.9,123,2,3140.2,146,1,3140.4,307,3
2031,2026-06-16 15:22:20+05:30,3139.6,30,3135.28,3437327,98170.0,156295.0,3163.0,3163.0,3108.0,3134.3,31941000,3447.7,2820.9,3839.9,2896.0,3139.5,27,3,3139.4,30,2,3139.2,24,1,3139.1,32,2,3139.0,313,3,3139.6,460,17,3139.7,144,3,3139.9,123,2,3140.2,146,1,3140.4,307,3
2031,2026-06-16 15:22:21+05:30,3139.6,18,3135.28,3437521,98461.0,157040.0,3163.0,3163.0,3108.0,3134.3,31941000,3447.7,2820.9,3839.9,2896.0,3139.5,41,4,3139.4,16,1,3139.2,24,1,3139.1,33,3,3139.0,313,3,3139.6,415,14,3139.7,144,3,3139.9,123,2,3140.4,453,4,3140.5,16,2
2031,2026-06-16 15:22:21+05:30,3139.6,2,3135.28,3437521,98461.0,157040.0,3163.0,3163.0,3108.0,3134.3,31941000,3447.7,2820.9,3839.9,2896.0,3139.5,41,4,3139.4,16,1,3139.2,24,1,3139.1,33,3,3139.0,313,3,3139.6,415,14,3139.7,144,3,3139.9,123,2,3140.4,453,4,3140.5,16,2
2031,2026-06-16 15:22:22+05:30,3139.5,4,3135.28,3437577,98085.0,157024.0,3163.0,3163.0,3108.0,3134.3,31941000,3447.7,2820.9,3839.9,2896.0,3139.5,29,3,3139.4,16,1,3139.2,24,1,3139.1,33,3,3139.0,313,3,3139.6,404,13,3139.7,144,3,3139.9,123,2,3140.4,453,4,3140.5,16,2
2031,2026-06-16 15:22:22+05:30,3139.5,11,3135.28,3437577,98085.0,157024.0,3163.0,3163.0,3108.0,3134.3,31941000,3447.7,2820.9,3839.9,2896.0,3139.5,29,3,3139.4,16,1,3139.2,24,1,3139.1,33,3,3139.0,313,3,3139.6,404,13,3139.7,144,3,3139.9,123,2,3140.4,453,4,3140.5,16,2
2031,2026-06-16 15:22:23+05:30,3139.5,2,3135.28,3437640,99713.0,156785.0,3163.0,3163.0,3108.0,3134.3,31941000,3447.7,2820.9,3839.9,2896.0,3139.5,87,4,3139.4,16,1,3139.2,25,2,3139.1,32,2,3139.0,313,3,3139.6,393,13,3139.7,144,3,3139.9,123,2,3140.4,453,4,3140.5,16,2
2031,2026-06-16 15:22:23+05:30,3139.5,6,3135.28,3437640,99713.0,156785.0,3163.0,3163.0,3108.0,3134.3,31941000,3447.7,2820.9,3839.9,2896.0,3139.5,87,4,3139.4,16,1,3139.2,25,2,3139.1,32,2,3139.0,313,3,3139.6,393,13,3139.7,144,3,3139.9,123,2,3140.4,453,4,3140.5,16,2
2031,2026-06-16 15:22:24+05:30,3139.5,11,3135.28,3437674,98657.0,156908.0,3163.0,3163.0,3108.0,3134.3,31941000,3447.7,2820.9,3839.9,2896.0,3139.5,72,4,3139.4,16,1,3139.3,19,1,3139.2,25,2,3139.1,32,2,3139.6,447,16,3139.7,151,4,3139.9,123,2,3140.4,845,6,3140.5,16,2
2031,2026-06-16 15:22:24+05:30,3139.5,11,3135.28,3437674,98657.0,156908.0,3163.0,3163.0,3108.0,3134.3,31941000,3447.7,2820.9,3839.9,2896.0,3139.5,72,4,3139.4,16,1,3139.3,19,1,3139.2,25,2,3139.1,32,2,3139.6,447,16,3139.7,151,4,3139.9,123,2,3140.4,845,6,3140.5,16,2
2031,2026-06-16 15:22:25+05:30,3139.5,11,3135.28,3437674,98343.0,156941.0,3163.0,3163.0,3108.0,3134.3,31941000,3447.7,2820.9,3839.9,2896.0,3139.5,72,4,3139.4,31,2,3139.3,20,2,3139.2,24,1,3139.1,32,2,3139.6,450,18,3139.7,151,4,3139.9,123,2,3140.3,192,1,3140.4,653,5
2031,2026-06-16 15:22:26+05:30,3139.6,17,3135.28,3438176,97199.0,157047.0,3163.0,3163.0,3108.0,3134.3,31941000,3447.7,2820.9,3839.9,2896.0,3139.4,25,2,3139.3,19,1,3139.2,25,2,3139.0,363,4,3138.7,2,2,3139.6,428,17,3139.7,227,5,3139.9,125,3,3140.0,392,2,3140.2,200,1
2031,2026-06-16 15:22:26+05:30,3139.0,50,3135.28,3438176,97199.0,157047.0,3163.0,3163.0,3108.0,3134.3,31941000,3447.7,2820.9,3839.9,2896.0,3139.4,25,2,3139.3,19,1,3139.2,25,2,3139.0,363,4,3138.7,2,2,3139.6,428,17,3139.7,227,5,3139.9,125,3,3140.0,392,2,3140.2,200,1
2031,2026-06-16 15:22:27+05:30,3139.3,81,3135.29,3438779,98031.0,157243.0,3163.0,3163.0,3108.0,3134.3,31941000,3447.7,2820.9,3839.9,2896.0,3138.8,2,1,3138.3,39,1,3138.1,31,2,3138.0,105,4,3137.7,62,1,3139.3,106,1,3139.4,419,4,3139.5,180,2,3139.6,709,21,3139.7,124,2
2031,2026-06-16 15:22:27+05:30,3139.3,81,3135.29,3438779,98031.0,157243.0,3163.0,3163.0,3108.0,3134.3,31941000,3447.7,2820.9,3839.9,2896.0,3138.8,2,1,3138.3,39,1,3138.1,31,2,3138.0,105,4,3137.7,62,1,3139.3,106,1,3139.4,419,4,3139.5,180,2,3139.6,709,21,3139.7,124,2
2031,2026-06-16 15:22:28+05:30,3139.2,3,3135.29,3438938,98761.0,157143.0,3163.0,3163.0,3108.0,3134.3,31941000,3447.7,2820.9,3839.9,2896.0,3139.0,2,1,3138.9,26,1,3138.3,208,2,3138.1,6,1,3138.0,105,4,3139.2,121,2,3139.3,297,9,3139.4,419,4,3139.5,180,2,3139.6,485,10
2031,2026-06-16 15:22:28+05:30,3139.2,3,3135.29,3438938,98761.0,157143.0,3163.0,3163.0,3108.0,3134.3,31941000,3447.7,2820.9,3839.9,2896.0,3139.0,2,1,3138.9,26,1,3138.3,208,2,3138.1,6,1,3138.0,105,4,3139.2,121,2,3139.3,297,9,3139.4,419,4,3139.5,180,2,3139.6,485,10
2031,2026-06-16 15:22:29+05:30,3139.1,17,3135.29,3438938,98761.0,157143.0,3163.0,3163.0,3108.0,3134.3,31941000,3447.7,2820.9,3839.9,2896.0,3139.0,2,1,3138.9,26,1,3138.3,208,2,3138.1,6,1,3138.0,105,4,3139.2,121,2,3139.3,297,9,3139.4,419,4,3139.5,180,2,3139.6,485,10
2031,2026-06-16 15:22:30+05:30,3139.0,12,3135.29,3439052,98694.0,157130.0,3163.0,3163.0,3108.0,3134.3,31941000,3447.7,2820.9,3839.9,2896.0,3139.0,7,3,3138.5,14,1,3138.3,208,2,3138.1,6,1,3138.0,105,4,3139.1,608,8,3139.2,257,8,3139.3,594,9,3139.5,107,2,3139.6,17,2
2031,2026-06-16 15:22:30+05:30,3138.3,27,3135.29,3439052,98694.0,157130.0,3163.0,3163.0,3108.0,3134.3,31941000,3447.7,2820.9,3839.9,2896.0,3139.0,7,3,3138.5,14,1,3138.3,208,2,3138.1,6,1,3138.0,105,4,3139.1,608,8,3139.2,257,8,3139.3,594,9,3139.5,107,2,3139.6,17,2
2031,2026-06-16 15:22:31+05:30,3139.0,45,3135.29,3439540,98533.0,155126.0,3163.0,3163.0,3108.0,3134.3,31941000,3447.7,2820.9,3839.9,2896.0,3139.0,9,1,3138.3,170,2,3138.0,105,4,3137.8,16,1,3137.7,168,1,3139.1,768,12,3139.2,235,7,3139.3,612,9,3139.4,2,1,3139.6,14,1
2031,2026-06-16 15:22:31+05:30,3138.8,11,3135.29,3439540,98533.0,155126.0,3163.0,3163.0,3108.0,3134.3,31941000,3447.7,2820.9,3839.9,2896.0,3139.0,9,1,3138.3,170,2,3138.0,105,4,3137.8,16,1,3137.7,168,1,3139.1,768,12,3139.2,235,7,3139.3,612,9,3139.4,2,1,3139.6,14,1
2031,2026-06-16 15:22:32+05:30,3138.8,11,3135.29,3439762,98639.0,157402.0,3163.0,3163.0,3108.0,3134.3,31941000,3447.7,2820.9,3839.9,2896.0,3139.0,5,1,3138.8,190,1,3138.3,170,2,3138.2,17,1,3138.1,243,3,3139.1,787,12,3139.2,247,8,3139.3,565,8,3139.4,2,1,3139.6,14,1
2031,2026-06-16 15:22:32+05:30,3138.9,3,3135.29,3439762,98639.0,157402.0,3163.0,3163.0,3108.0,3134.3,31941000,3447.7,2820.9,3839.9,2896.0,3139.0,5,1,3138.8,190,1,3138.3,170,2,3138.2,17,1,3138.1,243,3,3139.1,787,12,3139.2,247,8,3139.3,565,8,3139.4,2,1,3139.6,14,1
2031,2026-06-16 15:22:33+05:30,3138.9,50,3135.29,3440461,98201.0,157080.0,3163.0,3163.0,3108.0,3134.3,31941000,3447.7,2820.9,3839.9,2896.0,3138.3,19,2,3138.1,12,1,3138.0,117,5,3137.8,16,1,3137.7,18,1,3138.9,472,3,3139.0,117,7,3139.1,723,18,3139.2,130,4,3139.3,159,3
2031,2026-06-16 15:22:33+05:30,3138.9,50,3135.29,3440461,98201.0,157080.0,3163.0,3163.0,3108.0,3134.3,31941000,3447.7,2820.9,3839.9,2896.0,3138.3,19,2,3138.1,12,1,3138.0,117,5,3137.8,16,1,3137.7,18,1,3138.9,472,3,3139.0,117,7,3139.1,723,18,3139.2,130,4,3139.3,159,3
2031,2026-06-16 15:22:34+05:30,3138.9,27,3135.29,3440598,98348.0,157009.0,3163.0,3163.0,3108.0,3134.3,31941000,3447.7,2820.9,3839.9,2896.0,3138.3,34,2,3138.1,18,2,3138.0,156,6,3137.8,16,1,3137.7,195,2,3138.9,497,7,3139.0,137,8,3139.1,643,13,3139.2,130,4,3139.3,106,1
2031,2026-06-16 15:22:34+05:30,3138.3,8,3135.29,3440598,98348.0,157009.0,3163.0,3163.0,3108.0,3134.3,31941000,3447.7,2820.9,3839.9,2896.0,3138.3,34,2,3138.1,18,2,3138.0,156,6,3137.8,16,1,3137.7,195,2,3138.9,497,7,3139.0,137,8,3139.1,643,13,3139.2,130,4,3139.3,106,1
2031,2026-06-16 15:22:35+05:30,3138.4,1,3135.29,3440635,98240.0,157078.0,3163.0,3163.0,3108.0,3134.3,31941000,3447.7,2820.9,3839.9,2896.0,3138.4,2,1,3138.3,138,4,3138.1,12,1,3138.0,117,5,3137.8,16,1,3138.7,104,1,3138.8,51,2,3138.9,418,10,3139.0,137,8,3139.1,642,12
2031,2026-06-16 15:22:35+05:30,3138.0,1,3135.29,3440635,98240.0,157078.0,3163.0,3163.0,3108.0,3134.3,31941000,3447.7,2820.9,3839.9,2896.0,3138.4,2,1,3138.3,138,4,3138.1,12,1,3138.0,117,5,3137.8,16,1,3138.7,104,1,3138.8,51,2,3138.9,418,10,3139.0,137,8,3139.1,642,12
2031,2026-06-16 15:22:36+05:30,3138.0,2,3135.29,3441481,98320.0,156854.0,3163.0,3163.0,3108.0,3134.3,31941000,3447.7,2820.9,3839.9,2896.0,3138.0,2,2,3137.8,226,3,3137.7,105,3,3137.6,74,4,3137.5,1867,6,3138.7,243,10,3138.8,1,1,3138.9,416,10,3139.0,133,7,3139.1,223,3
2031,2026-06-16 15:22:36+05:30,3138.7,5,3135.29,3441481,98320.0,156854.0,3163.0,3163.0,3108.0,3134.3,31941000,3447.7,2820.9,3839.9,2896.0,3138.0,2,2,3137.8,226,3,3137.7,105,3,3137.6,74,4,3137.5,1867,6,3138.7,243,10,3138.8,1,1,3138.9,416,10,3139.0,133,7,3139.1,223,3
2031,2026-06-16 15:22:37+05:30,3138.7,12,3135.29,3441536,98307.0,156883.0,3163.0,3163.0,3108.0,3134.3,31941000,3447.7,2820.9,3839.9,2896.0,3138.0,25,2,3137.9,235,2,3137.8,97,3,3137.7,35,2,3137.6,35,3,3138.7,268,12,3138.8,1,1,3138.9,391,9,3139.0,133,7,3139.1,223,3
2031,2026-06-16 15:22:37+05:30,3138.7,12,3135.29,3441536,98307.0,156883.0,3163.0,3163.0,3108.0,3134.3,31941000,3447.7,2820.9,3839.9,2896.0,3138.0,25,2,3137.9,235,2,3137.8,97,3,3137.7,35,2,3137.6,35,3,3138.7,268,12,3138.8,1,1,3138.9,391,9,3139.0,133,7,3139.1,223,3
2031,2026-06-16 15:22:38+05:30,3138.2,2,3135.29,3441541,99115.0,156911.0,3163.0,3163.0,3108.0,3134.3,31941000,3447.7,2820.9,3839.9,2896.0,3138.2,2,1,3138.0,79,3,3137.9,534,4,3137.8,97,3,3137.7,141,3,3138.5,1,1,3138.7,281,13,3138.8,1,1,3138.9,391,9,3139.0,132,6
2031,2026-06-16 15:22:38+05:30,3138.0,16,3135.29,3441541,99115.0,156911.0,3163.0,3163.0,3108.0,3134.3,31941000,3447.7,2820.9,3839.9,2896.0,3138.2,2,1,3138.0,79,3,3137.9,534,4,3137.8,97,3,3137.7,141,3,3138.5,1,1,3138.7,281,13,3138.8,1,1,3138.9,391,9,3139.0,132,6
2031,2026-06-16 15:22:39+05:30,3138.0,7,3135.29,3441641,98821.0,156906.0,3163.0,3163.0,3108.0,3134.3,31941000,3447.7,2820.9,3839.9,2896.0,3138.0,18,2,3137.9,299,2,3137.8,58,2,3137.7,35,2,3137.6,44,3,3138.2,3,1,3138.5,351,11,3138.7,136,10,3138.8,1,1,3138.9,206,2
2031,2026-06-16 15:22:39+05:30,3138.0,1,3135.29,3441641,98821.0,156906.0,3163.0,3163.0,3108.0,3134.3,31941000,3447.7,2820.9,3839.9,2896.0,3138.0,18,2,3137.9,299,2,3137.8,58,2,3137.7,35,2,3137.6,44,3,3138.2,3,1,3138.5,351,11,3138.7,136,10,3138.8,1,1,3138.9,206,2
2031,2026-06-16 15:22:40+05:30,3138.0,10,3135.29,3441669,98971.0,157038.0,3163.0,3163.0,3108.0,3134.3,31941000,3447.7,2820.9,3839.9,2896.0,3138.0,123,5,3137.9,432,3,3137.8,58,2,3137.7,138,4,3137.6,45,4,3138.2,49,4,3138.5,351,11,3138.7,23,4,3138.9,406,3,3139.0,112,5
2031,2026-06-16 15:22:40+05:30,3138.0,10,3135.29,3441669,98971.0,157038.0,3163.0,3163.0,3108.0,3134.3,31941000,3447.7,2820.9,3839.9,2896.0,3138.0,123,5,3137.9,432,3,3137.8,58,2,3137.7,138,4,3137.6,45,4,3138.2,49,4,3138.5,351,11,3138.7,23,4,3138.9,406,3,3139.0,112,5
2031,2026-06-16 15:22:41+05:30,3138.0,45,3135.29,3441714,98136.0,157189.0,3163.0,3163.0,3108.0,3134.3,31941000,3447.7,2820.9,3839.9,2896.0,3138.0,96,6,3137.9,432,3,3137.8,97,3,3137.7,35,2,3137.6,45,4,3138.2,58,5,3138.3,150,2,3138.5,351,11,3138.7,15,3,3138.9,406,3
2031,2026-06-16 15:22:41+05:30,3138.0,45,3135.29,3441714,98136.0,157189.0,3163.0,3163.0,3108.0,3134.3,31941000,3447.7,2820.9,3839.9,2896.0,3138.0,96,6,3137.9,432,3,3137.8,97,3,3137.7,35,2,3137.6,45,4,3138.2,58,5,3138.3,150,2,3138.5,351,11,3138.7,15,3,3138.9,406,3
2031,2026-06-16 15:22:42+05:30,3138.1,200,3135.29,3442215,98323.0,157251.0,3163.0,3163.0,3108.0,3134.3,31941000,3447.7,2820.9,3839.9,2896.0,3138.0,42,4,3137.9,171,2,3137.8,74,3,3137.7,35,2,3137.6,243,5,3138.1,50,1,3138.2,517,19,3138.3,150,2,3138.5,1,1,3138.7,13,1
2031,2026-06-16 15:22:42+05:30,3138.0,17,3135.29,3442215,98323.0,157251.0,3163.0,3163.0,3108.0,3134.3,31941000,3447.7,2820.9,3839.9,2896.0,3138.0,42,4,3137.9,171,2,3137.8,74,3,3137.7,35,2,3137.6,243,5,3138.1,50,1,3138.2,517,19,3138.3,150,2,3138.5,1,1,3138.7,13,1
2031,2026-06-16 15:22:43+05:30,3138.0,3,3135.29,3442295,98281.0,157273.0,3163.0,3163.0,3108.0,3134.3,31941000,3447.7,2820.9,3839.9,2896.0,3138.0,104,6,3137.9,171,2,3137.8,74,3,3137.7,36,3,3137.6,56,4,3138.1,128,8,3138.2,441,16,3138.3,150,2,3138.7,13,1,3138.9,400,2
2031,2026-06-16 15:22:43+05:30,3138.0,3,3135.29,3442295,98281.0,157273.0,3163.0,3163.0,3108.0,3134.3,31941000,3447.7,2820.9,3839.9,2896.0,3138.0,104,6,3137.9,171,2,3137.8,74,3,3137.7,36,3,3137.6,56,4,3138.1,128,8,3138.2,441,16,3138.3,150,2,3138.7,13,1,3138.9,400,2
2031,2026-06-16 15:22:44+05:30,3138.1,27,3135.29,3442434,98144.0,157434.0,3163.0,3163.0,3108.0,3134.3,31941000,3447.7,2820.9,3839.9,2896.0,3138.0,60,4,3137.9,174,3,3137.8,74,3,3137.7,36,3,3137.6,31,3,3138.1,442,18,3138.2,260,9,3138.3,150,2,3138.7,13,1,3138.9,400,2
2031,2026-06-16 15:22:44+05:30,3138.1,27,3135.29,3442434,98144.0,157434.0,3163.0,3163.0,3108.0,3134.3,31941000,3447.7,2820.9,3839.9,2896.0,3138.0,60,4,3137.9,174,3,3137.8,74,3,3137.7,36,3,3137.6,31,3,3138.1,442,18,3138.2,260,9,3138.3,150,2,3138.7,13,1,3138.9,400,2
2031,2026-06-16 15:22:45+05:30,3138.1,18,3135.29,3442592,97789.0,157177.0,3163.0,3163.0,3108.0,3134.3,31941000,3447.7,2820.9,3839.9,2896.0,3138.0,251,7,3137.9,171,2,3137.8,75,4,3137.7,35,2,3137.6,31,3,3138.1,632,23,3138.2,84,3,3138.3,120,1,3138.7,13,1,3138.9,400,2
2031,2026-06-16 15:22:45+05:30,3138.1,1,3135.29,3442592,97789.0,157177.0,3163.0,3163.0,3108.0,3134.3,31941000,3447.7,2820.9,3839.9,2896.0,3138.0,251,7,3137.9,171,2,3137.8,75,4,3137.7,35,2,3137.6,31,3,3138.1,632,23,3138.2,84,3,3138.3,120,1,3138.7,13,1,3138.9,400,2
2031,2026-06-16 15:22:46+05:30,3138.0,9,3135.29,3442858,98014.0,157073.0,3163.0,3163.0,3108.0,3134.3,31941000,3447.7,2820.9,3839.9,2896.0,3138.0,336,7,3137.9,171,2,3137.8,75,4,3137.7,35,2,3137.6,7,1,3138.1,664,24,3138.2,84,3,3138.3,120,1,3138.7,13,1,3138.9,400,2
2031,2026-06-16 15:22:46+05:30,3138.0,16,3135.29,3442858,98014.0,157073.0,3163.0,3163.0,3108.0,3134.3,31941000,3447.7,2820.9,3839.9,2896.0,3138.0,336,7,3137.9,171,2,3137.8,75,4,3137.7,35,2,3137.6,7,1,3138.1,664,24,3138.2,84,3,3138.3,120,1,3138.7,13,1,3138.9,400,2
2031,2026-06-16 15:22:47+05:30,3138.0,16,3135.29,3442858,98014.0,157073.0,3163.0,3163.0,3108.0,3134.3,31941000,3447.7,2820.9,3839.9,2896.0,3138.0,336,7,3137.9,171,2,3137.8,75,4,3137.7,35,2,3137.6,7,1,3138.1,664,24,3138.2,84,3,3138.3,120,1,3138.7,13,1,3138.9,400,2
2031,2026-06-16 15:22:47+05:30,3138.1,1,3135.29,3443060,97809.0,157038.0,3163.0,3163.0,3108.0,3134.3,31941000,3447.7,2820.9,3839.9,2896.0,3138.0,277,8,3137.9,172,3,3137.8,74,3,3137.7,35,2,3137.6,7,1,3138.1,729,26,3138.2,84,3,3138.3,120,1,3138.7,13,1,3138.9,400,2
2031,2026-06-16 15:22:47+05:30,3138.1,1,3135.29,3443060,97809.0,157038.0,3163.0,3163.0,3108.0,3134.3,31941000,3447.7,2820.9,3839.9,2896.0,3138.0,277,8,3137.9,172,3,3137.8,74,3,3137.7,35,2,3137.6,7,1,3138.1,729,26,3138.2,84,3,3138.3,120,1,3138.7,13,1,3138.9,400,2
2031,2026-06-16 15:22:48+05:30,3138.1,2,3135.29,3443060,97809.0,157038.0,3163.0,3163.0,3108.0,3134.3,31941000,3447.7,2820.9,3839.9,2896.0,3138.0,277,8,3137.9,172,3,3137.8,74,3,3137.7,35,2,3137.6,7,1,3138.1,729,26,3138.2,84,3,3138.3,120,1,3138.7,13,1,3138.9,400,2
2031,2026-06-16 15:22:49+05:30,3138.1,2,3135.29,3443110,98252.0,157197.0,3163.0,3163.0,3108.0,3134.3,31941000,3447.7,2820.9,3839.9,2896.0,3138.0,407,9,3137.9,171,2,3137.8,274,4,3137.7,35,2,3137.6,46,2,3138.1,743,27,3138.2,212,4,3138.3,120,1,3138.7,13,1,3138.9,400,2
2031,2026-06-16 15:22:49+05:30,3138.1,2,3135.29,3443110,98252.0,157197.0,3163.0,3163.0,3108.0,3134.3,31941000,3447.7,2820.9,3839.9,2896.0,3138.0,407,9,3137.9,171,2,3137.8,274,4,3137.7,35,2,3137.6,46,2,3138.1,743,27,3138.2,212,4,3138.3,120,1,3138.7,13,1,3138.9,400,2
2031,2026-06-16 15:22:49+05:30,3138.0,56,3135.29,3443110,98252.0,157197.0,3163.0,3163.0,3108.0,3134.3,31941000,3447.7,2820.9,3839.9,2896.0,3138.0,407,9,3137.9,171,2,3137.8,274,4,3137.7,35,2,3137.6,46,2,3138.1,743,27,3138.2,212,4,3138.3,120,1,3138.7,13,1,3138.9,400,2
2031,2026-06-16 15:22:50+05:30,3138.2,10,3135.29,3444895,98549.0,155572.0,3163.0,3163.0,3108.0,3134.3,31941000,3447.7,2820.9,3839.9,2896.0,3138.0,1591,16,3137.9,1409,4,3137.8,396,5,3137.7,112,3,3137.6,207,2,3138.2,221,4,3138.3,120,1,3138.7,13,1,3138.9,400,2,3139.0,20,1
2031,2026-06-16 15:22:50+05:30,3138.1,6,3135.29,3444895,98549.0,155572.0,3163.0,3163.0,3108.0,3134.3,31941000,3447.7,2820.9,3839.9,2896.0,3138.0,1591,16,3137.9,1409,4,3137.8,396,5,3137.7,112,3,3137.6,207,2,3138.2,221,4,3138.3,120,1,3138.7,13,1,3138.9,400,2,3139.0,20,1
2031,2026-06-16 15:22:51+05:30,3138.0,28,3135.29,3445578,99417.0,155698.0,3163.0,3163.0,3108.0,3134.3,31941000,3447.7,2820.9,3839.9,2896.0,3138.0,653,14,3137.9,493,5,3137.8,1267,6,3137.7,181,3,3137.6,1281,4,3138.1,6,1,3138.2,85,3,3138.7,13,1,3138.9,400,2,3139.0,20,1
2031,2026-06-16 15:22:51+05:30,3138.0,28,3135.29,3445578,99417.0,155698.0,3163.0,3163.0,3108.0,3134.3,31941000,3447.7,2820.9,3839.9,2896.0,3138.0,653,14,3137.9,493,5,3137.8,1267,6,3137.7,181,3,3137.6,1281,4,3138.1,6,1,3138.2,85,3,3138.7,13,1,3138.9,400,2,3139.0,20,1
2031,2026-06-16 15:22:51+05:30,3138.1,7,3135.29,3445578,99417.0,155698.0,3163.0,3163.0,3108.0,3134.3,31941000,3447.7,2820.9,3839.9,2896.0,3138.0,653,14,3137.9,493,5,3137.8,1267,6,3137.7,181,3,3137.6,1281,4,3138.1,6,1,3138.2,85,3,3138.7,13,1,3138.9,400,2,3139.0,20,1
2031,2026-06-16 15:22:52+05:30,3138.2,2,3135.29,3445593,98944.0,155732.0,3163.0,3163.0,3108.0,3134.3,31941000,3447.7,2820.9,3839.9,2896.0,3138.0,766,17,3137.9,1723,5,3137.8,1333,7,3137.7,223,2,3137.6,51,3,3138.2,83,3,3138.7,13,1,3138.9,407,3,3139.0,20,1,3139.1,213,2
2031,2026-06-16 15:22:52+05:30,3138.2,2,3135.29,3445593,98944.0,155732.0,3163.0,3163.0,3108.0,3134.3,31941000,3447.7,2820.9,3839.9,2896.0,3138.0,766,17,3137.9,1723,5,3137.8,1333,7,3137.7,223,2,3137.6,51,3,3138.2,83,3,3138.7,13,1,3138.9,407,3,3139.0,20,1,3139.1,213,2
2031,2026-06-16 15:22:53+05:30,3138.0,2,3135.29,3445724,98145.0,156112.0,3163.0,3163.0,3108.0,3134.3,31941000,3447.7,2820.9,3839.9,2896.0,3138.0,720,15,3137.9,171,2,3137.8,662,7,3137.7,1272,3,3137.6,46,2,3138.2,112,3,3138.5,400,2,3138.7,213,2,3138.9,7,1,3139.0,20,1
2031,2026-06-16 15:22:53+05:30,3138.0,2,3135.29,3445724,98145.0,156112.0,3163.0,3163.0,3108.0,3134.3,31941000,3447.7,2820.9,3839.9,2896.0,3138.0,720,15,3137.9,171,2,3137.8,662,7,3137.7,1272,3,3137.6,46,2,3138.2,112,3,3138.5,400,2,3138.7,213,2,3138.9,7,1,3139.0,20,1
2031,2026-06-16 15:22:53+05:30,3138.0,45,3135.29,3445724,98145.0,156112.0,3163.0,3163.0,3108.0,3134.3,31941000,3447.7,2820.9,3839.9,2896.0,3138.0,720,15,3137.9,171,2,3137.8,662,7,3137.7,1272,3,3137.6,46,2,3138.2,112,3,3138.5,400,2,3138.7,213,2,3138.9,7,1,3139.0,20,1
2031,2026-06-16 15:22:54+05:30,3138.0,22,3135.29,3445804,98187.0,156099.0,3163.0,3163.0,3108.0,3134.3,31941000,3447.7,2820.9,3839.9,2896.0,3138.0,653,15,3137.9,171,2,3137.8,462,6,3137.7,240,3,3137.6,7,1,3138.2,99,3,3138.5,400,2,3138.7,216,3,3138.9,7,1,3139.0,20,1
2031,2026-06-16 15:22:54+05:30,3138.0,22,3135.29,3445804,98187.0,156099.0,3163.0,3163.0,3108.0,3134.3,31941000,3447.7,2820.9,3839.9,2896.0,3138.0,653,15,3137.9,171,2,3137.8,462,6,3137.7,240,3,3137.6,7,1,3138.2,99,3,3138.5,400,2,3138.7,216,3,3138.9,7,1,3139.0,20,1
2031,2026-06-16 15:22:55+05:30,3138.2,73,3135.29,3446004,98204.0,155894.0,3163.0,3163.0,3108.0,3134.3,31941000,3447.7,2820.9,3839.9,2896.0,3138.0,670,17,3137.9,171,2,3137.8,702,9,3137.7,1234,1,3137.6,7,1,3138.2,85,4,3138.3,5,1,3138.5,400,2,3138.7,213,2,3138.9,7,1
2031,2026-06-16 15:22:55+05:30,3138.2,73,3135.29,3446004,98204.0,155894.0,3163.0,3163.0,3108.0,3134.3,31941000,3447.7,2820.9,3839.9,2896.0,3138.0,670,17,3137.9,171,2,3137.8,702,9,3137.7,1234,1,3137.6,7,1,3138.2,85,4,3138.3,5,1,3138.5,400,2,3138.7,213,2,3138.9,7,1
2031,2026-06-16 15:22:56+05:30,3138.2,73,3135.29,3446004,98204.0,155894.0,3163.0,3163.0,3108.0,3134.3,31941000,3447.7,2820.9,3839.9,2896.0,3138.0,670,17,3137.9,171,2,3137.8,702,9,3137.7,1234,1,3137.6,7,1,3138.2,85,4,3138.3,5,1,3138.5,400,2,3138.7,213,2,3138.9,7,1
2031,2026-06-16 15:22:56+05:30,3138.2,5,3135.29,3446230,98061.0,156122.0,3163.0,3163.0,3108.0,3134.3,31941000,3447.7,2820.9,3839.9,2896.0,3138.0,602,17,3137.9,210,3,3137.8,463,7,3137.7,1234,1,3137.6,7,1,3138.2,105,5,3138.3,5,1,3138.5,400,2,3138.7,213,2,3138.8,3,1
2031,2026-06-16 15:22:56+05:30,3138.2,5,3135.29,3446230,98061.0,156122.0,3163.0,3163.0,3108.0,3134.3,31941000,3447.7,2820.9,3839.9,2896.0,3138.0,602,17,3137.9,210,3,3137.8,463,7,3137.7,1234,1,3137.6,7,1,3138.2,105,5,3138.3,5,1,3138.5,400,2,3138.7,213,2,3138.8,3,1
2031,2026-06-16 15:22:57+05:30,3138.2,2,3135.29,3446232,98556.0,155998.0,3163.0,3163.0,3108.0,3134.3,31941000,3447.7,2820.9,3839.9,2896.0,3138.1,1,1,3138.0,907,20,3137.9,171,2,3137.8,462,6,3137.7,1234,1,3138.2,103,5,3138.3,5,1,3138.5,400,2,3138.7,213,2,3138.8,3,1
2031,2026-06-16 15:22:57+05:30,3138.0,4,3135.29,3446232,98556.0,155998.0,3163.0,3163.0,3108.0,3134.3,31941000,3447.7,2820.9,3839.9,2896.0,3138.1,1,1,3138.0,907,20,3137.9,171,2,3137.8,462,6,3137.7,1234,1,3138.2,103,5,3138.3,5,1,3138.5,400,2,3138.7,213,2,3138.8,3,1
2031,2026-06-16 15:22:58+05:30,3138.0,4,3135.29,3446232,98556.0,155998.0,3163.0,3163.0,3108.0,3134.3,31941000,3447.7,2820.9,3839.9,2896.0,3138.1,1,1,3138.0,907,20,3137.9,171,2,3137.8,462,6,3137.7,1234,1,3138.2,103,5,3138.3,5,1,3138.5,400,2,3138.7,213,2,3138.8,3,1
2031,2026-06-16 15:22:58+05:30,3138.2,1,3135.29,3446232,98556.0,155998.0,3163.0,3163.0,3108.0,3134.3,31941000,3447.7,2820.9,3839.9,2896.0,3138.1,1,1,3138.0,907,20,3137.9,171,2,3137.8,462,6,3137.7,1234,1,3138.2,103,5,3138.3,5,1,3138.5,400,2,3138.7,213,2,3138.8,3,1
2031,2026-06-16 15:22:58+05:30,3138.2,1,3135.29,3446459,98456.0,155787.0,3163.0,3163.0,3108.0,3134.3,31941000,3447.7,2820.9,3839.9,2896.0,3138.1,246,9,3138.0,824,15,3137.9,171,2,3137.8,336,3,3137.7,31,1,3138.2,43,2,3138.3,5,1,3138.5,400,2,3138.7,213,2,3138.9,10,2
2031,2026-06-16 15:22:59+05:30,3138.2,1,3135.29,3446459,98456.0,155787.0,3163.0,3163.0,3108.0,3134.3,31941000,3447.7,2820.9,3839.9,2896.0,3138.1,246,9,3138.0,824,15,3137.9,171,2,3137.8,336,3,3137.7,31,1,3138.2,43,2,3138.3,5,1,3138.5,400,2,3138.7,213,2,3138.9,10,2
2031,2026-06-16 15:22:59+05:30,3138.2,1,3135.29,3446459,98456.0,155787.0,3163.0,3163.0,3108.0,3134.3,31941000,3447.7,2820.9,3839.9,2896.0,3138.1,246,9,3138.0,824,15,3137.9,171,2,3137.8,336,3,3137.7,31,1,3138.2,43,2,3138.3,5,1,3138.5,400,2,3138.7,213,2,3138.9,10,2
2031,2026-06-16 15:23:00+05:30,3138.2,6,3135.29,3446576,98510.0,155752.0,3163.0,3163.0,3108.0,3134.3,31941000,3447.7,2820.9,3839.9,2896.0,3138.2,156,3,3138.1,191,9,3138.0,894,17,3137.9,171,2,3137.8,336,3,3138.3,15,3,3138.5,400,2,3138.7,213,2,3138.9,10,2,3139.0,22,2
2031,2026-06-16 15:23:00+05:30,3138.2,6,3135.29,3446576,98510.0,155752.0,3163.0,3163.0,3108.0,3134.3,31941000,3447.7,2820.9,3839.9,2896.0,3138.2,156,3,3138.1,191,9,3138.0,894,17,3137.9,171,2,3137.8,336,3,3138.3,15,3,3138.5,400,2,3138.7,213,2,3138.9,10,2,3139.0,22,2
2031,2026-06-16 15:23:00+05:30,3138.7,65,3135.29,3446576,98510.0,155752.0,3163.0,3163.0,3108.0,3134.3,31941000,3447.7,2820.9,3839.9,2896.0,3138.2,156,3,3138.1,191,9,3138.0,894,17,3137.9,171,2,3137.8,336,3,3138.3,15,3,3138.5,400,2,3138.7,213,2,3138.9,10,2,3139.0,22,2
2031,2026-06-16 15:23:01+05:30,3138.7,65,3135.29,3446785,100803.0,155381.0,3163.0,3163.0,3108.0,3134.3,31941000,3447.7,2820.9,3839.9,2896.0,3138.4,274,4,3138.3,416,4,3138.2,852,10,3138.1,342,10,3138.0,798,13,3138.7,334,3,3138.9,207,2,3139.0,20,1,3139.1,16,2,3139.4,14,2
2031,2026-06-16 15:23:01+05:30,3138.7,65,3135.29,3446785,100803.0,155381.0,3163.0,3163.0,3108.0,3134.3,31941000,3447.7,2820.9,3839.9,2896.0,3138.4,274,4,3138.3,416,4,3138.2,852,10,3138.1,342,10,3138.0,798,13,3138.7,334,3,3138.9,207,2,3139.0,20,1,3139.1,16,2,3139.4,14,2
2031,2026-06-16 15:23:01+05:30,3138.5,20,3135.29,3446785,100803.0,155381.0,3163.0,3163.0,3108.0,3134.3,31941000,3447.7,2820.9,3839.9,2896.0,3138.4,274,4,3138.3,416,4,3138.2,852,10,3138.1,342,10,3138.0,798,13,3138.7,334,3,3138.9,207,2,3139.0,20,1,3139.1,16,2,3139.4,14,2
2031,2026-06-16 15:23:02+05:30,3138.6,1,3135.29,3447230,100376.0,155767.0,3163.0,3163.0,3108.0,3134.3,31941000,3447.7,2820.9,3839.9,2896.0,3138.5,632,6,3138.4,28,3,3138.3,983,4,3138.2,167,10,3138.1,342,8,3138.6,185,2,3138.7,2,1,3138.9,339,3,3139.0,20,1,3139.1,213,2
2031,2026-06-16 15:23:02+05:30,3138.6,1,3135.29,3447230,100376.0,155767.0,3163.0,3163.0,3108.0,3134.3,31941000,3447.7,2820.9,3839.9,2896.0,3138.5,632,6,3138.4,28,3,3138.3,983,4,3138.2,167,10,3138.1,342,8,3138.6,185,2,3138.7,2,1,3138.9,339,3,3139.0,20,1,3139.1,213,2
2031,2026-06-16 15:23:02+05:30,3138.5,1,3135.29,3447230,100376.0,155767.0,3163.0,3163.0,3108.0,3134.3,31941000,3447.7,2820.9,3839.9,2896.0,3138.5,632,6,3138.4,28,3,3138.3,983,4,3138.2,167,10,3138.1,342,8,3138.6,185,2,3138.7,2,1,3138.9,339,3,3139.0,20,1,3139.1,213,2
2031,2026-06-16 15:23:03+05:30,3138.5,1,3135.29,3447230,100376.0,155767.0,3163.0,3163.0,3108.0,3134.3,31941000,3447.7,2820.9,3839.9,2896.0,3138.5,632,6,3138.4,28,3,3138.3,983,4,3138.2,167,10,3138.1,342,8,3138.6,185,2,3138.7,2,1,3138.9,339,3,3139.0,20,1,3139.1,213,2
2031,2026-06-16 15:23:03+05:30,3138.6,13,3135.29,3447874,100445.0,155636.0,3163.0,3163.0,3108.0,3134.3,31941000,3447.7,2820.9,3839.9,2896.0,3138.5,472,3,3138.4,28,3,3138.3,983,4,3138.2,148,10,3138.1,355,7,3138.6,86,4,3138.7,200,1,3138.9,7,1,3139.0,20,1,3139.1,213,2
2031,2026-06-16 15:23:03+05:30,3138.5,11,3135.29,3447874,100445.0,155636.0,3163.0,3163.0,3108.0,3134.3,31941000,3447.7,2820.9,3839.9,2896.0,3138.5,472,3,3138.4,28,3,3138.3,983,4,3138.2,148,10,3138.1,355,7,3138.6,86,4,3138.7,200,1,3138.9,7,1,3139.0,20,1,3139.1,213,2
2031,2026-06-16 15:23:04+05:30,3138.5,11,3135.29,3447874,100445.0,155636.0,3163.0,3163.0,3108.0,3134.3,31941000,3447.7,2820.9,3839.9,2896.0,3138.5,472,3,3138.4,28,3,3138.3,983,4,3138.2,148,10,3138.1,355,7,3138.6,86,4,3138.7,200,1,3138.9,7,1,3139.0,20,1,3139.1,213,2
2031,2026-06-16 15:23:04+05:30,3139.0,1,3135.29,3448589,100498.0,155037.0,3163.0,3163.0,3108.0,3134.3,31941000,3447.7,2820.9,3839.9,2896.0,3138.6,1426,5,3138.5,604,10,3138.4,679,5,3138.3,722,6,3138.2,422,5,3139.0,19,1,3139.1,213,2,3139.4,14,2,3139.5,3,1,3139.6,100,1
2031,2026-06-16 15:23:04+05:30,3139.0,1,3135.29,3448589,100498.0,155037.0,3163.0,3163.0,3108.0,3134.3,31941000,3447.7,2820.9,3839.9,2896.0,3138.6,1426,5,3138.5,604,10,3138.4,679,5,3138.3,722,6,3138.2,422,5,3139.0,19,1,3139.1,213,2,3139.4,14,2,3139.5,3,1,3139.6,100,1
2031,2026-06-16 15:23:04+05:30,3138.8,159,3135.29,3448589,100498.0,155037.0,3163.0,3163.0,3108.0,3134.3,31941000,3447.7,2820.9,3839.9,2896.0,3138.6,1426,5,3138.5,604,10,3138.4,679,5,3138.3,722,6,3138.2,422,5,3139.0,19,1,3139.1,213,2,3139.4,14,2,3139.5,3,1,3139.6,100,1
2031,2026-06-16 15:23:05+05:30,3138.8,41,3135.29,3448896,102241.0,155311.0,3163.0,3163.0,3108.0,3134.3,31941000,3447.7,2820.9,3839.9,2896.0,3138.8,118,1,3138.7,1441,5,3138.6,137,9,3138.5,838,12,3138.4,1532,5,3138.9,200,1,3139.0,5,1,3139.1,205,2,3139.4,14,2,3139.5,3,1
2031,2026-06-16 15:23:05+05:30,3138.8,41,3135.29,3448896,102241.0,155311.0,3163.0,3163.0,3108.0,3134.3,31941000,3447.7,2820.9,3839.9,2896.0,3138.8,118,1,3138.7,1441,5,3138.6,137,9,3138.5,838,12,3138.4,1532,5,3138.9,200,1,3139.0,5,1,3139.1,205,2,3139.4,14,2,3139.5,3,1
2031,2026-06-16 15:23:05+05:30,3138.7,200,3135.29,3448896,102241.0,155311.0,3163.0,3163.0,3108.0,3134.3,31941000,3447.7,2820.9,3839.9,2896.0,3138.8,118,1,3138.7,1441,5,3138.6,137,9,3138.5,838,12,3138.4,1532,5,3138.9,200,1,3139.0,5,1,3139.1,205,2,3139.4,14,2,3139.5,3,1
2031,2026-06-16 15:23:06+05:30,3138.8,1,3135.29,3449390,101540.0,155528.0,3163.0,3163.0,3108.0,3134.3,31941000,3447.7,2820.9,3839.9,2896.0,3138.8,11,1,3138.7,1377,7,3138.6,153,10,3138.5,631,10,3138.4,1572,4,3138.9,210,3,3139.0,5,1,3139.1,205,2,3139.4,14,2,3139.5,3,1
2031,2026-06-16 15:23:06+05:30,3138.8,1,3135.29,3449390,101540.0,155528.0,3163.0,3163.0,3108.0,3134.3,31941000,3447.7,2820.9,3839.9,2896.0,3138.8,11,1,3138.7,1377,7,3138.6,153,10,3138.5,631,10,3138.4,1572,4,3138.9,210,3,3139.0,5,1,3139.1,205,2,3139.4,14,2,3139.5,3,1
2031,2026-06-16 15:23:06+05:30,3138.7,135,3135.29,3449390,101540.0,155528.0,3163.0,3163.0,3108.0,3134.3,31941000,3447.7,2820.9,3839.9,2896.0,3138.8,11,1,3138.7,1377,7,3138.6,153,10,3138.5,631,10,3138.4,1572,4,3138.9,210,3,3139.0,5,1,3139.1,205,2,3139.4,14,2,3139.5,3,1
2031,2026-06-16 15:23:07+05:30,3138.7,135,3135.29,3449390,101540.0,155528.0,3163.0,3163.0,3108.0,3134.3,31941000,3447.7,2820.9,3839.9,2896.0,3138.8,11,1,3138.7,1377,7,3138.6,153,10,3138.5,631,10,3138.4,1572,4,3138.9,210,3,3139.0,5,1,3139.1,205,2,3139.4,14,2,3139.5,3,1
2031,2026-06-16 15:23:07+05:30,3138.8,121,3135.3,3450211,101749.0,155926.0,3163.0,3163.0,3108.0,3134.3,31941000,3447.7,2820.9,3839.9,2896.0,3138.8,1015,3,3138.7,865,6,3138.6,390,11,3138.5,1323,12,3138.4,1359,3,3139.4,9,2,3139.6,100,1,3139.7,400,2,3139.9,122,1,3140.0,140,2
2031,2026-06-16 15:23:07+05:30,3138.8,196,3135.3,3450211,101749.0,155926.0,3163.0,3163.0,3108.0,3134.3,31941000,3447.7,2820.9,3839.9,2896.0,3138.8,1015,3,3138.7,865,6,3138.6,390,11,3138.5,1323,12,3138.4,1359,3,3139.4,9,2,3139.6,100,1,3139.7,400,2,3139.9,122,1,3140.0,140,2
2031,2026-06-16 15:23:08+05:30,3138.8,196,3135.3,3450211,101749.0,155926.0,3163.0,3163.0,3108.0,3134.3,31943800,3447.7,2820.9,3839.9,2896.0,3138.8,1015,3,3138.7,865,6,3138.6,390,11,3138.5,1323,12,3138.4,1359,3,3139.4,9,2,3139.6,100,1,3139.7,400,2,3139.9,122,1,3140.0,140,2
2031,2026-06-16 15:23:08+05:30,3139.6,11,3135.3,3450619,101882.0,156074.0,3163.0,3163.0,3108.0,3134.3,31943800,3447.7,2820.9,3839.9,2896.0,3139.1,2,1,3139.0,39,1,3138.8,1076,11,3138.7,2369,10,3138.6,108,6,3139.3,167,1,3139.6,89,1,3140.0,140,2,3140.1,400,2,3140.2,30,2
2031,2026-06-16 15:23:08+05:30,3139.3,50,3135.3,3450619,101882.0,156074.0,3163.0,3163.0,3108.0,3134.3,31943800,3447.7,2820.9,3839.9,2896.0,3139.1,2,1,3139.0,39,1,3138.8,1076,11,3138.7,2369,10,3138.6,108,6,3139.3,167,1,3139.6,89,1,3140.0,140,2,3140.1,400,2,3140.2,30,2
2031,2026-06-16 15:23:09+05:30,3139.0,34,3135.3,3451868,100375.0,154709.0,3163.0,3163.0,3108.0,3134.3,31943800,3447.7,2820.9,3839.9,2896.0,3138.8,736,17,3138.7,844,5,3138.6,1569,7,3138.5,391,6,3138.4,400,2,3139.6,3,1,3140.0,40,1,3140.2,30,2,3140.4,393,2,3140.6,200,1
2031,2026-06-16 15:23:09+05:30,3139.0,34,3135.3,3451868,100375.0,154709.0,3163.0,3163.0,3108.0,3134.3,31943800,3447.7,2820.9,3839.9,2896.0,3138.8,736,17,3138.7,844,5,3138.6,1569,7,3138.5,391,6,3138.4,400,2,3139.6,3,1,3140.0,40,1,3140.2,30,2,3140.4,393,2,3140.6,200,1
2031,2026-06-16 15:23:10+05:30,3139.6,3,3135.3,3451871,101593.0,154854.0,3163.0,3163.0,3108.0,3134.3,31943800,3447.7,2820.9,3839.9,2896.0,3138.8,1164,19,3138.7,831,4,3138.6,308,5,3138.5,343,6,3138.4,241,2,3139.4,7,1,3139.6,30,3,3140.0,40,1,3140.4,393,2,3140.5,200,1
2031,2026-06-16 15:23:10+05:30,3139.6,3,3135.3,3451871,101593.0,154854.0,3163.0,3163.0,3108.0,3134.3,31943800,3447.7,2820.9,3839.9,2896.0,3138.8,1164,19,3138.7,831,4,3138.6,308,5,3138.5,343,6,3138.4,241,2,3139.4,7,1,3139.6,30,3,3140.0,40,1,3140.4,393,2,3140.5,200,1
2031,2026-06-16 15:23:11+05:30,3138.8,14,3135.3,3451885,101278.0,154807.0,3163.0,3163.0,3108.0,3134.3,31943800,3447.7,2820.9,3839.9,2896.0,3138.9,30,2,3138.8,1207,19,3138.7,709,4,3138.6,295,4,3138.5,338,6,3139.4,11,2,3139.5,113,1,3139.6,30,3,3140.0,40,1,3140.1,346,2
2031,2026-06-16 15:23:11+05:30,3138.9,2,3135.3,3451885,101278.0,154807.0,3163.0,3163.0,3108.0,3134.3,31943800,3447.7,2820.9,3839.9,2896.0,3138.9,30,2,3138.8,1207,19,3138.7,709,4,3138.6,295,4,3138.5,338,6,3139.4,11,2,3139.5,113,1,3139.6,30,3,3140.0,40,1,3140.1,346,2
2031,2026-06-16 15:23:12+05:30,3138.9,53,3135.3,3452041,100964.0,154666.0,3163.0,3163.0,3108.0,3134.3,31943800,3447.7,2820.9,3839.9,2896.0,3138.9,427,5,3138.8,682,11,3138.7,709,4,3138.6,295,4,3138.5,351,7,3139.4,184,7,3139.5,2,1,3139.6,6,1,3140.0,40,1,3140.1,346,2
2031,2026-06-16 15:23:12+05:30,3138.9,200,3135.3,3452041,100964.0,154666.0,3163.0,3163.0,3108.0,3134.3,31943800,3447.7,2820.9,3839.9,2896.0,3138.9,427,5,3138.8,682,11,3138.7,709,4,3138.6,295,4,3138.5,351,7,3139.4,184,7,3139.5,2,1,3139.6,6,1,3140.0,40,1,3140.1,346,2
2031,2026-06-16 15:23:13+05:30,3139.1,2,3135.3,3452243,100971.0,155143.0,3163.0,3163.0,3108.0,3134.3,31943800,3447.7,2820.9,3839.9,2896.0,3139.1,501,2,3138.9,534,5,3138.8,683,12,3138.7,145,3,3138.6,364,7,3139.4,279,12,3139.5,4,2,3139.6,6,1,3140.0,40,1,3140.1,146,1
2031,2026-06-16 15:23:13+05:30,3139.1,22,3135.3,3452243,100971.0,155143.0,3163.0,3163.0,3108.0,3134.3,31943800,3447.7,2820.9,3839.9,2896.0,3139.1,501,2,3138.9,534,5,3138.8,683,12,3138.7,145,3,3138.6,364,7,3139.4,279,12,3139.5,4,2,3139.6,6,1,3140.0,40,1,3140.1,146,1
2031,2026-06-16 15:23:14+05:30,3139.2,22,3135.3,3452287,101209.0,155264.0,3163.0,3163.0,3108.0,3134.3,31943800,3447.7,2820.9,3839.9,2896.0,3139.2,284,5,3139.1,448,4,3139.0,41,1,3138.9,600,10,3138.8,762,7,3139.4,407,14,3139.5,4,2,3139.6,6,1,3140.0,40,1,3140.2,202,2
2031,2026-06-16 15:23:14+05:30,3139.4,3,3135.3,3452287,101209.0,155264.0,3163.0,3163.0,3108.0,3134.3,31943800,3447.7,2820.9,3839.9,2896.0,3139.2,284,5,3139.1,448,4,3139.0,41,1,3138.9,600,10,3138.8,762,7,3139.4,407,14,3139.5,4,2,3139.6,6,1,3140.0,40,1,3140.2,202,2
2031,2026-06-16 15:23:15+05:30,3139.2,1,3135.3,3452878,100524.0,154604.0,3163.0,3163.0,3108.0,3134.3,31943800,3447.7,2820.9,3839.9,2896.0,3139.2,207,8,3139.1,443,4,3139.0,1,1,3138.9,574,6,3138.8,616,6,3139.3,200,1,3139.4,384,10,3139.5,4,2,3139.6,6,1,3140.0,411,4
2031,2026-06-16 15:23:15+05:30,3139.3,1,3135.3,3452878,100524.0,154604.0,3163.0,3163.0,3108.0,3134.3,31943800,3447.7,2820.9,3839.9,2896.0,3139.2,207,8,3139.1,443,4,3139.0,1,1,3138.9,574,6,3138.8,616,6,3139.3,200,1,3139.4,384,10,3139.5,4,2,3139.6,6,1,3140.0,411,4
2031,2026-06-16 15:23:16+05:30,3139.2,11,3135.3,3453233,101205.0,154808.0,3163.0,3163.0,3108.0,3134.3,31943800,3447.7,2820.9,3839.9,2896.0,3139.2,480,9,3139.1,458,6,3138.9,504,3,3138.8,442,4,3138.7,58,1,3139.3,109,7,3139.4,325,5,3139.5,4,2,3139.9,200,1,3140.0,211,3
2031,2026-06-16 15:23:16+05:30,3139.2,11,3135.3,3453233,101205.0,154808.0,3163.0,3163.0,3108.0,3134.3,31943800,3447.7,2820.9,3839.9,2896.0,3139.2,480,9,3139.1,458,6,3138.9,504,3,3138.8,442,4,3138.7,58,1,3139.3,109,7,3139.4,325,5,3139.5,4,2,3139.9,200,1,3140.0,211,3
2031,2026-06-16 15:23:17+05:30,3139.3,1,3135.3,3453401,101406.0,154674.0,3163.0,3163.0,3108.0,3134.3,31943800,3447.7,2820.9,3839.9,2896.0,3139.2,1138,12,3139.1,221,4,3138.9,406,2,3138.8,158,3,3138.6,242,3,3139.3,138,6,3139.4,325,5,3139.5,4,2,3139.9,200,1,3140.0,211,3
2031,2026-06-16 15:23:17+05:30,3139.3,1,3135.3,3453401,101406.0,154674.0,3163.0,3163.0,3108.0,3134.3,31943800,3447.7,2820.9,3839.9,2896.0,3139.2,1138,12,3139.1,221,4,3138.9,406,2,3138.8,158,3,3138.6,242,3,3139.3,138,6,3139.4,325,5,3139.5,4,2,3139.9,200,1,3140.0,211,3
2031,2026-06-16 15:23:18+05:30,3139.3,1,3135.3,3453401,101406.0,154674.0,3163.0,3163.0,3108.0,3134.3,31943800,3447.7,2820.9,3839.9,2896.0,3139.2,1138,12,3139.1,221,4,3138.9,406,2,3138.8,158,3,3138.6,242,3,3139.3,138,6,3139.4,325,5,3139.5,4,2,3139.9,200,1,3140.0,211,3
2031,2026-06-16 15:23:19+05:30,3139.2,10,3135.3,3453608,101204.0,154761.0,3163.0,3163.0,3108.0,3134.3,31943800,3447.7,2820.9,3839.9,2896.0,3139.2,1146,14,3139.1,212,3,3138.9,261,2,3138.8,39,2,3138.6,241,3,3139.3,333,14,3139.4,232,2,3139.5,4,2,3139.9,200,1,3140.0,211,3
2031,2026-06-16 15:23:19+05:30,3139.2,10,3135.3,3453608,101204.0,154761.0,3163.0,3163.0,3108.0,3134.3,31943800,3447.7,2820.9,3839.9,2896.0,3139.2,1146,14,3139.1,212,3,3138.9,261,2,3138.8,39,2,3138.6,241,3,3139.3,333,14,3139.4,232,2,3139.5,4,2,3139.9,200,1,3140.0,211,3
2031,2026-06-16 15:23:20+05:30,3139.2,10,3135.3,3453608,101217.0,153255.0,3163.0,3163.0,3108.0,3134.3,31943800,3447.7,2820.9,3839.9,2896.0,3139.2,1159,16,3139.1,212,3,3138.9,261,2,3138.8,39,2,3138.6,241,3,3139.3,384,15,3139.4,275,6,3139.5,4,2,3139.9,200,1,3140.0,211,3
2031,2026-06-16 15:23:20+05:30,3139.3,35,3135.3,3453608,101217.0,153255.0,3163.0,3163.0,3108.0,3134.3,31943800,3447.7,2820.9,3839.9,2896.0,3139.2,1159,16,3139.1,212,3,3138.9,261,2,3138.8,39,2,3138.6,241,3,3139.3,384,15,3139.4,275,6,3139.5,4,2,3139.9,200,1,3140.0,211,3
2031,2026-06-16 15:23:21+05:30,3139.2,7,3135.3,3453747,101129.0,152488.0,3163.0,3163.0,3108.0,3134.3,31943800,3447.7,2820.9,3839.9,2896.0,3139.2,1219,19,3139.1,212,3,3138.9,261,2,3138.8,39,2,3138.6,296,5,3139.3,328,12,3139.4,248,4,3139.5,4,2,3140.0,365,4,3140.2,275,4
2031,2026-06-16 15:23:21+05:30,3139.3,3,3135.3,3453747,101129.0,152488.0,3163.0,3163.0,3108.0,3134.3,31943800,3447.7,2820.9,3839.9,2896.0,3139.2,1219,19,3139.1,212,3,3138.9,261,2,3138.8,39,2,3138.6,296,5,3139.3,328,12,3139.4,248,4,3139.5,4,2,3140.0,365,4,3140.2,275,4
2031,2026-06-16 15:23:22+05:30,3139.3,13,3135.3,3454071,101944.0,152677.0,3163.0,3163.0,3108.0,3134.3,31943800,3447.7,2820.9,3839.9,2896.0,3139.2,1301,21,3139.1,132,3,3139.0,506,3,3138.9,1382,3,3138.8,37,1,3139.3,146,6,3139.4,248,4,3139.5,4,2,3140.0,165,3,3140.1,200,1
2031,2026-06-16 15:23:22+05:30,3139.2,5,3135.3,3454071,101944.0,152677.0,3163.0,3163.0,3108.0,3134.3,31943800,3447.7,2820.9,3839.9,2896.0,3139.2,1301,21,3139.1,132,3,3139.0,506,3,3138.9,1382,3,3138.8,37,1,3139.3,146,6,3139.4,248,4,3139.5,4,2,3140.0,165,3,3140.1,200,1
2031,2026-06-16 15:23:23+05:30,3139.3,2,3135.3,3454272,101193.0,151682.0,3163.0,3163.0,3108.0,3134.3,31943800,3447.7,2820.9,3839.9,2896.0,3139.2,1206,18,3139.1,132,3,3139.0,235,2,3138.9,167,3,3138.8,37,1,3139.3,167,4,3139.4,248,4,3139.5,4,2,3140.0,165,3,3140.1,200,1
2031,2026-06-16 15:23:23+05:30,3139.2,10,3135.3,3454272,101193.0,151682.0,3163.0,3163.0,3108.0,3134.3,31943800,3447.7,2820.9,3839.9,2896.0,3139.2,1206,18,3139.1,132,3,3139.0,235,2,3138.9,167,3,3138.8,37,1,3139.3,167,4,3139.4,248,4,3139.5,4,2,3140.0,165,3,3140.1,200,1
2031,2026-06-16 15:23:24+05:30,3139.3,10,3135.3,3454599,101340.0,151536.0,3163.0,3163.0,3108.0,3134.3,31943800,3447.7,2820.9,3839.9,2896.0,3139.2,1207,19,3139.1,132,3,3139.0,235,2,3138.9,167,3,3138.8,37,1,3139.3,7,1,3139.4,260,5,3139.5,4,2,3140.0,368,5,3140.2,270,3
2031,2026-06-16 15:23:24+05:30,3139.3,1,3135.3,3454599,101340.0,151536.0,3163.0,3163.0,3108.0,3134.3,31943800,3447.7,2820.9,3839.9,2896.0,3139.2,1207,19,3139.1,132,3,3139.0,235,2,3138.9,167,3,3138.8,37,1,3139.3,7,1,3139.4,260,5,3139.5,4,2,3140.0,368,5,3140.2,270,3
2031,2026-06-16 15:23:25+05:30,3139.2,4,3135.3,3457403,98604.0,152118.0,3163.0,3163.0,3108.0,3134.3,31943800,3447.7,2820.9,3839.9,2896.0,3139.2,284,8,3139.1,132,3,3139.0,235,2,3138.9,45,1,3138.8,37,1,3139.3,276,6,3139.4,272,6,3139.5,4,2,3139.8,200,1,3140.0,290,5
2031,2026-06-16 15:23:25+05:30,3139.3,5,3135.3,3457403,98604.0,152118.0,3163.0,3163.0,3108.0,3134.3,31943800,3447.7,2820.9,3839.9,2896.0,3139.2,284,8,3139.1,132,3,3139.0,235,2,3138.9,45,1,3138.8,37,1,3139.3,276,6,3139.4,272,6,3139.5,4,2,3139.8,200,1,3140.0,290,5
2031,2026-06-16 15:23:26+05:30,3139.2,1,3135.3,3458038,97921.0,151947.0,3163.0,3163.0,3108.0,3134.3,31943800,3447.7,2820.9,3839.9,2896.0,3139.2,251,9,3139.1,132,3,3139.0,235,2,3138.9,45,1,3138.8,37,1,3139.3,96,4,3139.4,292,7,3139.5,4,2,3140.0,514,6,3140.2,270,3
2031,2026-06-16 15:23:26+05:30,3139.4,81,3135.3,3458038,97921.0,151947.0,3163.0,3163.0,3108.0,3134.3,31943800,3447.7,2820.9,3839.9,2896.0,3139.2,251,9,3139.1,132,3,3139.0,235,2,3138.9,45,1,3138.8,37,1,3139.3,96,4,3139.4,292,7,3139.5,4,2,3140.0,514,6,3140.2,270,3
2031,2026-06-16 15:23:27+05:30,3139.3,3,3135.3,3458365,99363.0,151097.0,3163.0,3163.0,3108.0,3134.3,31943800,3447.7,2820.9,3839.9,2896.0,3139.2,271,11,3139.1,132,3,3139.0,235,2,3138.9,45,1,3138.8,37,1,3139.3,57,4,3139.4,167,4,3139.5,4,2,3140.0,368,5,3140.2,270,3
2031,2026-06-16 15:23:27+05:30,3139.2,1,3135.3,3458365,99363.0,151097.0,3163.0,3163.0,3108.0,3134.3,31943800,3447.7,2820.9,3839.9,2896.0,3139.2,271,11,3139.1,132,3,3139.0,235,2,3138.9,45,1,3138.8,37,1,3139.3,57,4,3139.4,167,4,3139.5,4,2,3140.0,368,5,3140.2,270,3
2031,2026-06-16 15:23:28+05:30,3139.2,2,3135.3,3458450,99531.0,151152.0,3163.0,3163.0,3108.0,3134.3,31943800,3447.7,2820.9,3839.9,2896.0,3139.2,565,15,3139.1,132,3,3139.0,235,2,3138.9,45,1,3138.8,37,1,3139.3,114,7,3139.4,167,4,3139.5,4,2,3140.0,368,5,3140.2,270,3
2031,2026-06-16 15:23:28+05:30,3139.3,17,3135.3,3458450,99531.0,151152.0,3163.0,3163.0,3108.0,3134.3,31943800,3447.7,2820.9,3839.9,2896.0,3139.2,565,15,3139.1,132,3,3139.0,235,2,3138.9,45,1,3138.8,37,1,3139.3,114,7,3139.4,167,4,3139.5,4,2,3140.0,368,5,3140.2,270,3
2031,2026-06-16 15:23:29+05:30,3139.2,4,3135.31,3458644,99798.0,150964.0,3163.0,3163.0,3108.0,3134.3,31943800,3447.7,2820.9,3839.9,2896.0,3139.2,588,16,3139.1,132,3,3139.0,276,3,3138.9,45,1,3138.8,78,2,3139.3,23,4,3139.4,167,4,3139.5,4,2,3140.0,368,5,3140.2,270,3
2031,2026-06-16 15:23:29+05:30,3139.2,1,3135.31,3458644,99798.0,150964.0,3163.0,3163.0,3108.0,3134.3,31943800,3447.7,2820.9,3839.9,2896.0,3139.2,588,16,3139.1,132,3,3139.0,276,3,3138.9,45,1,3138.8,78,2,3139.3,23,4,3139.4,167,4,3139.5,4,2,3140.0,368,5,3140.2,270,3
2031,2026-06-16 15:23:30+05:30,3139.3,4,3135.31,3458676,101155.0,151033.0,3163.0,3163.0,3108.0,3134.3,31943800,3447.7,2820.9,3839.9,2896.0,3139.2,581,16,3139.1,132,3,3139.0,235,2,3138.9,45,1,3138.8,50,2,3139.3,70,6,3139.4,187,5,3139.5,4,2,3140.0,368,5,3140.2,270,3
2031,2026-06-16 15:23:30+05:30,3139.3,6,3135.31,3458676,101155.0,151033.0,3163.0,3163.0,3108.0,3134.3,31943800,3447.7,2820.9,3839.9,2896.0,3139.2,581,16,3139.1,132,3,3139.0,235,2,3138.9,45,1,3138.8,50,2,3139.3,70,6,3139.4,187,5,3139.5,4,2,3140.0,368,5,3140.2,270,3
2031,2026-06-16 15:23:31+05:30,3139.3,6,3135.31,3458698,101471.0,150722.0,3163.0,3163.0,3108.0,3134.3,31943800,3447.7,2820.9,3839.9,2896.0,3139.2,598,18,3139.1,132,3,3139.0,254,3,3138.9,45,1,3138.8,92,4,3139.3,129,9,3139.4,187,5,3139.5,4,2,3140.0,368,5,3140.2,270,3
2031,2026-06-16 15:23:31+05:30,3139.2,41,3135.31,3458698,101471.0,150722.0,3163.0,3163.0,3108.0,3134.3,31943800,3447.7,2820.9,3839.9,2896.0,3139.2,598,18,3139.1,132,3,3139.0,254,3,3138.9,45,1,3138.8,92,4,3139.3,129,9,3139.4,187,5,3139.5,4,2,3140.0,368,5,3140.2,270,3
2031,2026-06-16 15:23:32+05:30,3139.2,14,3135.31,3458954,101577.0,150617.0,3163.0,3163.0,3108.0,3134.3,31943800,3447.7,2820.9,3839.9,2896.0,3139.2,657,21,3139.1,132,3,3139.0,1454,6,3138.9,86,2,3138.8,92,4,3139.3,95,9,3139.4,187,5,3139.5,4,2,3140.0,368,5,3140.2,273,4
2031,2026-06-16 15:23:32+05:30,3139.3,6,3135.31,3458954,101577.0,150617.0,3163.0,3163.0,3108.0,3134.3,31943800,3447.7,2820.9,3839.9,2896.0,3139.2,657,21,3139.1,132,3,3139.0,1454,6,3138.9,86,2,3138.8,92,4,3139.3,95,9,3139.4,187,5,3139.5,4,2,3140.0,368,5,3140.2,273,4
2031,2026-06-16 15:23:33+05:30,3139.2,2,3135.31,3459034,101022.0,148688.0,3163.0,3163.0,3108.0,3134.3,31943800,3447.7,2820.9,3839.9,2896.0,3139.2,669,21,3139.1,132,3,3139.0,1454,6,3138.9,46,2,3138.8,50,2,3139.3,162,10,3139.4,187,5,3139.5,4,2,3139.6,200,1,3139.8,122,1
2031,2026-06-16 15:23:33+05:30,3139.2,8,3135.31,3459034,101022.0,148688.0,3163.0,3163.0,3108.0,3134.3,31943800,3447.7,2820.9,3839.9,2896.0,3139.2,669,21,3139.1,132,3,3139.0,1454,6,3138.9,46,2,3138.8,50,2,3139.3,162,10,3139.4,187,5,3139.5,4,2,3139.6,200,1,3139.8,122,1
2031,2026-06-16 15:23:34+05:30,3139.2,4,3135.31,3459525,100316.0,151379.0,3163.0,3163.0,3108.0,3134.3,31943800,3447.7,2820.9,3839.9,2896.0,3139.2,454,17,3139.1,132,3,3139.0,1320,6,3138.9,246,3,3138.8,37,1,3139.3,153,11,3139.4,187,5,3139.5,4,2,3139.6,200,1,3139.8,122,1
2031,2026-06-16 15:23:34+05:30,3139.3,39,3135.31,3459525,100316.0,151379.0,3163.0,3163.0,3108.0,3134.3,31943800,3447.7,2820.9,3839.9,2896.0,3139.2,454,17,3139.1,132,3,3139.0,1320,6,3138.9,246,3,3138.8,37,1,3139.3,153,11,3139.4,187,5,3139.5,4,2,3139.6,200,1,3139.8,122,1
2031,2026-06-16 15:23:35+05:30,3139.3,39,3135.31,3459725,101042.0,151427.0,3163.0,3163.0,3108.0,3134.3,31943800,3447.7,2820.9,3839.9,2896.0,3139.2,438,17,3139.1,132,3,3139.0,1321,7,3138.9,259,3,3138.8,37,1,3139.3,175,8,3139.4,187,5,3139.5,4,2,3139.6,200,1,3139.8,122,1
2031,2026-06-16 15:23:35+05:30,3139.2,5,3135.31,3459725,101042.0,151427.0,3163.0,3163.0,3108.0,3134.3,31943800,3447.7,2820.9,3839.9,2896.0,3139.2,438,17,3139.1,132,3,3139.0,1321,7,3138.9,259,3,3138.8,37,1,3139.3,175,8,3139.4,187,5,3139.5,4,2,3139.6,200,1,3139.8,122,1
2031,2026-06-16 15:23:36+05:30,3139.2,2,3135.31,3459950,100459.0,151093.0,3163.0,3163.0,3108.0,3134.3,31943800,3447.7,2820.9,3839.9,2896.0,3139.2,340,15,3139.1,132,3,3139.0,1321,7,3138.9,259,3,3138.8,37,1,3139.3,204,10,3139.4,187,5,3139.5,4,2,3139.6,200,1,3139.8,122,1
2031,2026-06-16 15:23:36+05:30,3139.3,30,3135.31,3459950,100459.0,151093.0,3163.0,3163.0,3108.0,3134.3,31943800,3447.7,2820.9,3839.9,2896.0,3139.2,340,15,3139.1,132,3,3139.0,1321,7,3138.9,259,3,3138.8,37,1,3139.3,204,10,3139.4,187,5,3139.5,4,2,3139.6,200,1,3139.8,122,1
2031,2026-06-16 15:23:37+05:30,3139.3,2,3135.31,3460067,100764.0,151103.0,3163.0,3163.0,3108.0,3134.3,31943800,3447.7,2820.9,3839.9,2896.0,3139.2,412,18,3139.1,133,4,3139.0,1331,7,3138.9,245,2,3138.8,78,2,3139.3,214,10,3139.4,187,5,3139.5,4,2,3139.6,200,1,3139.8,122,1
2031,2026-06-16 15:23:37+05:30,3139.3,1,3135.31,3460067,100764.0,151103.0,3163.0,3163.0,3108.0,3134.3,31943800,3447.7,2820.9,3839.9,2896.0,3139.2,412,18,3139.1,133,4,3139.0,1331,7,3138.9,245,2,3138.8,78,2,3139.3,214,10,3139.4,187,5,3139.5,4,2,3139.6,200,1,3139.8,122,1
2031,2026-06-16 15:23:38+05:30,3139.3,2,3135.31,3460290,100834.0,150854.0,3163.0,3163.0,3108.0,3134.3,31943800,3447.7,2820.9,3839.9,2896.0,3139.2,422,21,3139.1,132,3,3139.0,1331,7,3138.9,286,3,3138.8,37,1,3139.3,70,7,3139.4,187,5,3139.5,4,2,3139.6,200,1,3139.8,122,1
2031,2026-06-16 15:23:38+05:30,3139.2,9,3135.31,3460290,100834.0,150854.0,3163.0,3163.0,3108.0,3134.3,31943800,3447.7,2820.9,3839.9,2896.0,3139.2,422,21,3139.1,132,3,3139.0,1331,7,3138.9,286,3,3138.8,37,1,3139.3,70,7,3139.4,187,5,3139.5,4,2,3139.6,200,1,3139.8,122,1
2031,2026-06-16 15:23:39+05:30,3139.2,23,3135.31,3460323,100862.0,151020.0,3163.0,3163.0,3108.0,3134.3,31943800,3447.7,2820.9,3839.9,2896.0,3139.2,447,22,3139.1,173,4,3139.0,1331,7,3138.9,245,2,3138.8,78,2,3139.3,94,8,3139.4,182,4,3139.5,4,2,3139.6,200,1,3139.8,122,1
2031,2026-06-16 15:23:39+05:30,3139.3,1,3135.31,3460323,100862.0,151020.0,3163.0,3163.0,3108.0,3134.3,31943800,3447.7,2820.9,3839.9,2896.0,3139.2,447,22,3139.1,173,4,3139.0,1331,7,3138.9,245,2,3138.8,78,2,3139.3,94,8,3139.4,182,4,3139.5,4,2,3139.6,200,1,3139.8,122,1
2031,2026-06-16 15:23:40+05:30,3139.2,40,3135.31,3461254,100129.0,150453.0,3163.0,3163.0,3108.0,3134.3,31943800,3447.7,2820.9,3839.9,2896.0,3139.2,406,21,3139.1,132,3,3139.0,441,6,3138.9,245,2,3138.8,82,3,3139.3,4,1,3139.8,200,1,3140.0,168,4,3140.2,3,1,3140.3,16,1
2031,2026-06-16 15:23:40+05:30,3139.2,40,3135.31,3461254,100129.0,150453.0,3163.0,3163.0,3108.0,3134.3,31943800,3447.7,2820.9,3839.9,2896.0,3139.2,406,21,3139.1,132,3,3139.0,441,6,3138.9,245,2,3138.8,82,3,3139.3,4,1,3139.8,200,1,3140.0,168,4,3140.2,3,1,3140.3,16,1
2031,2026-06-16 15:23:41+05:30,3139.3,2,3135.31,3461260,100162.0,150950.0,3163.0,3163.0,3108.0,3134.3,31943800,3447.7,2820.9,3839.9,2896.0,3139.2,433,23,3139.1,132,3,3139.0,430,5,3138.9,403,4,3138.8,83,4,3139.3,52,3,3139.4,2,1,3139.6,200,1,3139.8,200,1,3140.0,168,4
2031,2026-06-16 15:23:41+05:30,3139.3,2,3135.31,3461260,100162.0,150950.0,3163.0,3163.0,3108.0,3134.3,31943800,3447.7,2820.9,3839.9,2896.0,3139.2,433,23,3139.1,132,3,3139.0,430,5,3138.9,403,4,3138.8,83,4,3139.3,52,3,3139.4,2,1,3139.6,200,1,3139.8,200,1,3140.0,168,4
2031,2026-06-16 15:23:42+05:30,3139.4,6,3135.31,3461510,100157.0,150802.0,3163.0,3163.0,3108.0,3134.3,31943800,3447.7,2820.9,3839.9,2896.0,3139.2,432,24,3139.1,132,3,3139.0,430,5,3138.9,403,4,3138.8,41,3,3139.4,2,1,3139.8,200,1,3140.0,368,5,3140.2,3,1,3140.3,16,1
2031,2026-06-16 15:23:42+05:30,3139.4,6,3135.31,3461510,100157.0,150802.0,3163.0,3163.0,3108.0,3134.3,31943800,3447.7,2820.9,3839.9,2896.0,3139.2,432,24,3139.1,132,3,3139.0,430,5,3138.9,403,4,3138.8,41,3,3139.4,2,1,3139.8,200,1,3140.0,368,5,3140.2,3,1,3140.3,16,1
2031,2026-06-16 15:23:43+05:30,3139.3,1,3135.31,3461532,100178.0,150981.0,3163.0,3163.0,3108.0,3134.3,31943800,3447.7,2820.9,3839.9,2896.0,3139.3,70,3,3139.2,429,22,3139.1,132,3,3139.0,365,5,3138.9,403,4,3139.4,12,2,3139.8,200,1,3140.0,368,5,3140.1,200,1,3140.2,3,1
2031,2026-06-16 15:23:43+05:30,3139.4,1,3135.31,3461532,100178.0,150981.0,3163.0,3163.0,3108.0,3134.3,31943800,3447.7,2820.9,3839.9,2896.0,3139.3,70,3,3139.2,429,22,3139.1,132,3,3139.0,365,5,3138.9,403,4,3139.4,12,2,3139.8,200,1,3140.0,368,5,3140.1,200,1,3140.2,3,1
2031,2026-06-16 15:23:44+05:30,3139.3,69,3135.31,3461624,100256.0,150885.0,3163.0,3163.0,3108.0,3134.3,31943800,3447.7,2820.9,3839.9,2896.0,3139.3,122,3,3139.2,414,21,3139.1,132,3,3139.0,365,5,3138.9,403,4,3139.4,11,2,3139.8,200,1,3140.0,368,5,3140.1,200,1,3140.2,149,2
2031,2026-06-16 15:23:44+05:30,3139.3,55,3135.31,3461624,100256.0,150885.0,3163.0,3163.0,3108.0,3134.3,31943800,3447.7,2820.9,3839.9,2896.0,3139.3,122,3,3139.2,414,21,3139.1,132,3,3139.0,365,5,3138.9,403,4,3139.4,11,2,3139.8,200,1,3140.0,368,5,3140.1,200,1,3140.2,149,2
2031,2026-06-16 15:23:45+05:30,3139.4,10,3135.31,3461908,99612.0,151171.0,3163.0,3163.0,3108.0,3134.3,31943800,3447.7,2820.9,3839.9,2896.0,3139.2,414,21,3139.1,132,3,3139.0,378,6,3138.9,257,3,3138.8,40,2,3139.3,30,1,3139.4,35,5,3139.6,200,1,3139.8,200,1,3139.9,200,1
2031,2026-06-16 15:23:45+05:30,3139.3,35,3135.31,3461908,99612.0,151171.0,3163.0,3163.0,3108.0,3134.3,31943800,3447.7,2820.9,3839.9,2896.0,3139.2,414,21,3139.1,132,3,3139.0,378,6,3138.9,257,3,3138.8,40,2,3139.3,30,1,3139.4,35,5,3139.6,200,1,3139.8,200,1,3139.9,200,1
2031,2026-06-16 15:23:46+05:30,3139.3,22,3135.31,3462550,99175.0,151080.0,3163.0,3163.0,3108.0,3134.3,31943800,3447.7,2820.9,3839.9,2896.0,3139.4,5,1,3139.3,59,5,3139.2,306,15,3139.1,132,3,3139.0,377,5,3139.8,195,1,3140.0,368,5,3140.1,200,1,3140.2,146,1,3140.3,19,2
2031,2026-06-16 15:23:46+05:30,3139.8,1,3135.31,3462550,99175.0,151080.0,3163.0,3163.0,3108.0,3134.3,31943800,3447.7,2820.9,3839.9,2896.0,3139.4,5,1,3139.3,59,5,3139.2,306,15,3139.1,132,3,3139.0,377,5,3139.8,195,1,3140.0,368,5,3140.1,200,1,3140.2,146,1,3140.3,19,2
2031,2026-06-16 15:23:47+05:30,3139.4,13,3135.31,3462726,99113.0,151213.0,3163.0,3163.0,3108.0,3134.3,31943800,3447.7,2820.9,3839.9,2896.0,3139.4,36,3,3139.3,60,6,3139.2,234,10,3139.1,332,4,3139.0,364,4,3139.8,322,5,3140.0,368,5,3140.1,200,1,3140.2,146,1,3140.3,19,2
2031,2026-06-16 15:23:47+05:30,3139.4,13,3135.31,3462726,99113.0,151213.0,3163.0,3163.0,3108.0,3134.3,31943800,3447.7,2820.9,3839.9,2896.0,3139.4,36,3,3139.3,60,6,3139.2,234,10,3139.1,332,4,3139.0,364,4,3139.8,322,5,3140.0,368,5,3140.1,200,1,3140.2,146,1,3140.3,19,2
2031,2026-06-16 15:23:47+05:30,3139.4,13,3135.31,3462726,99113.0,151213.0,3163.0,3163.0,3108.0,3134.3,31943800,3447.7,2820.9,3839.9,2896.0,3139.4,36,3,3139.3,60,6,3139.2,234,10,3139.1,332,4,3139.0,364,4,3139.8,322,5,3140.0,368,5,3140.1,200,1,3140.2,146,1,3140.3,19,2
2031,2026-06-16 15:23:48+05:30,3139.8,1,3135.31,3462731,99097.0,151261.0,3163.0,3163.0,3108.0,3134.3,31943800,3447.7,2820.9,3839.9,2896.0,3139.6,2,1,3139.4,56,4,3139.3,42,4,3139.2,234,10,3139.1,332,4,3139.8,203,7,3140.0,186,5,3140.1,162,1,3140.2,146,1,3140.3,216,2
2031,2026-06-16 15:23:48+05:30,3139.8,22,3135.31,3462731,99097.0,151261.0,3163.0,3163.0,3108.0,3134.3,31943800,3447.7,2820.9,3839.9,2896.0,3139.6,2,1,3139.4,56,4,3139.3,42,4,3139.2,234,10,3139.1,332,4,3139.8,203,7,3140.0,186,5,3140.1,162,1,3140.2,146,1,3140.3,216,2
2031,2026-06-16 15:23:49+05:30,3139.8,22,3135.31,3462731,99097.0,151261.0,3163.0,3163.0,3108.0,3134.3,31943800,3447.7,2820.9,3839.9,2896.0,3139.6,2,1,3139.4,56,4,3139.3,42,4,3139.2,234,10,3139.1,332,4,3139.8,203,7,3140.0,186,5,3140.1,162,1,3140.2,146,1,3140.3,216,2
2031,2026-06-16 15:23:49+05:30,3139.6,73,3135.31,3462967,99443.0,151980.0,3163.0,3163.0,3108.0,3134.3,31943800,3447.7,2820.9,3839.9,2896.0,3139.6,126,2,3139.4,56,8,3139.3,233,3,3139.2,234,10,3139.1,132,3,3139.8,207,7,3140.0,186,5,3140.2,162,1,3140.3,16,1,3140.4,447,2
2031,2026-06-16 15:23:49+05:30,3139.8,59,3135.31,3462967,99443.0,151980.0,3163.0,3163.0,3108.0,3134.3,31943800,3447.7,2820.9,3839.9,2896.0,3139.6,126,2,3139.4,56,8,3139.3,233,3,3139.2,234,10,3139.1,132,3,3139.8,207,7,3140.0,186,5,3140.2,162,1,3140.3,16,1,3140.4,447,2
2031,2026-06-16 15:23:50+05:30,3139.8,50,3135.31,3463451,99460.0,152117.0,3163.0,3163.0,3108.0,3134.3,31943800,3447.7,2820.9,3839.9,2896.0,3139.7,25,1,3139.6,222,3,3139.4,74,9,3139.3,218,3,3139.2,251,12,3139.8,114,8,3140.0,186,5,3140.2,162,1,3140.3,16,1,3140.4,447,2
2031,2026-06-16 15:23:50+05:30,3139.8,50,3135.31,3463451,99460.0,152117.0,3163.0,3163.0,3108.0,3134.3,31943800,3447.7,2820.9,3839.9,2896.0,3139.7,25,1,3139.6,222,3,3139.4,74,9,3139.3,218,3,3139.2,251,12,3139.8,114,8,3140.0,186,5,3140.2,162,1,3140.3,16,1,3140.4,447,2
2031,2026-06-16 15:23:51+05:30,3139.7,6,3135.31,3464358,99286.0,152324.0,3163.0,3163.0,3108.0,3134.3,31943800,3447.7,2820.9,3839.9,2896.0,3139.7,102,2,3139.6,234,4,3139.5,15,1,3139.4,57,8,3139.3,218,3,3139.8,202,6,3140.0,186,5,3140.2,162,1,3140.3,152,2,3140.4,447,2
2031,2026-06-16 15:23:51+05:30,3139.7,6,3135.31,3464358,99286.0,152324.0,3163.0,3163.0,3108.0,3134.3,31943800,3447.7,2820.9,3839.9,2896.0,3139.7,102,2,3139.6,234,4,3139.5,15,1,3139.4,57,8,3139.3,218,3,3139.8,202,6,3140.0,186,5,3140.2,162,1,3140.3,152,2,3140.4,447,2
2031,2026-06-16 15:23:51+05:30,3139.7,6,3135.31,3464358,99286.0,152324.0,3163.0,3163.0,3108.0,3134.3,31943800,3447.7,2820.9,3839.9,2896.0,3139.7,102,2,3139.6,234,4,3139.5,15,1,3139.4,57,8,3139.3,218,3,3139.8,202,6,3140.0,186,5,3140.2,162,1,3140.3,152,2,3140.4,447,2
2031,2026-06-16 15:23:52+05:30,3139.8,2,3135.31,3464360,99614.0,152118.0,3163.0,3163.0,3108.0,3134.3,31943800,3447.7,2820.9,3839.9,2896.0,3139.7,387,14,3139.6,231,3,3139.5,219,2,3139.4,24,3,3139.3,276,4,3139.8,261,7,3140.0,186,5,3140.2,162,1,3140.3,16,1,3140.4,447,2
2031,2026-06-16 15:23:52+05:30,3139.8,2,3135.31,3464360,99614.0,152118.0,3163.0,3163.0,3108.0,3134.3,31943800,3447.7,2820.9,3839.9,2896.0,3139.7,387,14,3139.6,231,3,3139.5,219,2,3139.4,24,3,3139.3,276,4,3139.8,261,7,3140.0,186,5,3140.2,162,1,3140.3,16,1,3140.4,447,2
2031,2026-06-16 15:23:53+05:30,3139.5,23,3135.31,3464360,99614.0,152118.0,3163.0,3163.0,3108.0,3134.3,31943800,3447.7,2820.9,3839.9,2896.0,3139.7,387,14,3139.6,231,3,3139.5,219,2,3139.4,24,3,3139.3,276,4,3139.8,261,7,3140.0,186,5,3140.2,162,1,3140.3,16,1,3140.4,447,2
2031,2026-06-16 15:23:54+05:30,3139.5,23,3135.31,3465712,97993.0,152227.0,3163.0,3163.0,3108.0,3134.3,31943800,3447.7,2820.9,3839.9,2896.0,3139.7,17,1,3139.5,23,1,3139.4,24,3,3139.3,17,1,3139.2,128,5,3139.8,260,8,3140.0,186,5,3140.1,162,1,3140.3,399,4,3140.4,447,2
2031,2026-06-16 15:23:54+05:30,3139.5,23,3135.31,3465712,97993.0,152227.0,3163.0,3163.0,3108.0,3134.3,31943800,3447.7,2820.9,3839.9,2896.0,3139.7,17,1,3139.5,23,1,3139.4,24,3,3139.3,17,1,3139.2,128,5,3139.8,260,8,3140.0,186,5,3140.1,162,1,3140.3,399,4,3140.4,447,2
2031,2026-06-16 15:23:54+05:30,3139.7,74,3135.31,3465712,97993.0,152227.0,3163.0,3163.0,3108.0,3134.3,31943800,3447.7,2820.9,3839.9,2896.0,3139.7,17,1,3139.5,23,1,3139.4,24,3,3139.3,17,1,3139.2,128,5,3139.8,260,8,3140.0,186,5,3140.1,162,1,3140.3,399,4,3140.4,447,2
2031,2026-06-16 15:23:55+05:30,3139.8,10,3135.31,3466083,98912.0,151811.0,3163.0,3163.0,3108.0,3134.3,31943800,3447.7,2820.9,3839.9,2896.0,3139.7,22,2,3139.5,25,3,3139.4,18,1,3139.3,17,1,3139.2,353,7,3139.8,123,6,3140.0,186,5,3140.3,178,2,3140.4,247,1,3140.5,200,1
2031,2026-06-16 15:23:55+05:30,3139.4,18,3135.31,3466083,98912.0,151811.0,3163.0,3163.0,3108.0,3134.3,31943800,3447.7,2820.9,3839.9,2896.0,3139.7,22,2,3139.5,25,3,3139.4,18,1,3139.3,17,1,3139.2,353,7,3139.8,123,6,3140.0,186,5,3140.3,178,2,3140.4,247,1,3140.5,200,1
2031,2026-06-16 15:23:56+05:30,3139.7,2,3135.31,3466506,98158.0,152872.0,3163.0,3163.0,3108.0,3134.3,31943800,3447.7,2820.9,3839.9,2896.0,3139.3,17,1,3139.2,153,6,3139.0,2,2,3138.6,64,2,3138.5,837,2,3139.7,799,5,3139.8,330,8,3139.9,51,2,3140.0,186,5,3140.2,162,1
2031,2026-06-16 15:23:56+05:30,3139.2,50,3135.31,3466506,98158.0,152872.0,3163.0,3163.0,3108.0,3134.3,31943800,3447.7,2820.9,3839.9,2896.0,3139.3,17,1,3139.2,153,6,3139.0,2,2,3138.6,64,2,3138.5,837,2,3139.7,799,5,3139.8,330,8,3139.9,51,2,3140.0,186,5,3140.2,162,1
2031,2026-06-16 15:23:56+05:30,3139.2,50,3135.31,3466506,98158.0,152872.0,3163.0,3163.0,3108.0,3134.3,31943800,3447.7,2820.9,3839.9,2896.0,3139.3,17,1,3139.2,153,6,3139.0,2,2,3138.6,64,2,3138.5,837,2,3139.7,799,5,3139.8,330,8,3139.9,51,2,3140.0,186,5,3140.2,162,1
2031,2026-06-16 15:23:57+05:30,3139.1,6,3135.31,3466799,98011.0,152907.0,3163.0,3163.0,3108.0,3134.3,31943800,3447.7,2820.9,3839.9,2896.0,3139.1,8,1,3139.0,2,2,3138.6,241,3,3138.5,87,1,3138.4,42,1,3139.2,148,1,3139.3,1,1,3139.6,2,1,3139.7,890,8,3139.8,122,4
2031,2026-06-16 15:23:57+05:30,3138.9,182,3135.31,3466799,98011.0,152907.0,3163.0,3163.0,3108.0,3134.3,31943800,3447.7,2820.9,3839.9,2896.0,3139.1,8,1,3139.0,2,2,3138.6,241,3,3138.5,87,1,3138.4,42,1,3139.2,148,1,3139.3,1,1,3139.6,2,1,3139.7,890,8,3139.8,122,4
2031,2026-06-16 15:23:58+05:30,3139.1,1,3135.32,3467148,98224.0,152400.0,3163.0,3163.0,3108.0,3134.3,31943800,3447.7,2820.9,3839.9,2896.0,3139.1,42,3,3138.8,5,2,3138.7,42,1,3138.6,41,2,3138.5,132,3,3139.2,41,4,3139.3,1,1,3139.7,669,5,3139.8,21,4,3139.9,209,2
2031,2026-06-16 15:23:58+05:30,3139.1,1,3135.32,3467148,98224.0,152400.0,3163.0,3163.0,3108.0,3134.3,31943800,3447.7,2820.9,3839.9,2896.0,3139.1,42,3,3138.8,5,2,3138.7,42,1,3138.6,41,2,3138.5,132,3,3139.2,41,4,3139.3,1,1,3139.7,669,5,3139.8,21,4,3139.9,209,2
2031,2026-06-16 15:23:58+05:30,3139.1,3,3135.32,3467148,98224.0,152400.0,3163.0,3163.0,3108.0,3134.3,31943800,3447.7,2820.9,3839.9,2896.0,3139.1,42,3,3138.8,5,2,3138.7,42,1,3138.6,41,2,3138.5,132,3,3139.2,41,4,3139.3,1,1,3139.7,669,5,3139.8,21,4,3139.9,209,2
2031,2026-06-16 15:23:59+05:30,3139.2,6,3135.32,3467190,98394.0,152572.0,3163.0,3163.0,3108.0,3134.3,31943800,3447.7,2820.9,3839.9,2896.0,3139.1,15,4,3138.8,2,1,3138.6,56,3,3138.5,873,4,3138.4,200,1,3139.2,100,7,3139.3,1,1,3139.7,640,4,3139.8,19,3,3139.9,162,1
2031,2026-06-16 15:23:59+05:30,3139.2,1,3135.32,3467190,98394.0,152572.0,3163.0,3163.0,3108.0,3134.3,31943800,3447.7,2820.9,3839.9,2896.0,3139.1,15,4,3138.8,2,1,3138.6,56,3,3138.5,873,4,3138.4,200,1,3139.2,100,7,3139.3,1,1,3139.7,640,4,3139.8,19,3,3139.9,162,1
2031,2026-06-16 15:24:00+05:30,3139.2,1,3135.32,3467190,98394.0,152572.0,3163.0,3163.0,3108.0,3134.3,31943800,3447.7,2820.9,3839.9,2896.0,3139.1,15,4,3138.8,2,1,3138.6,56,3,3138.5,873,4,3138.4,200,1,3139.2,100,7,3139.3,1,1,3139.7,640,4,3139.8,19,3,3139.9,162,1
2031,2026-06-16 15:24:00+05:30,3139.2,3,3135.32,3467256,96582.0,152528.0,3163.0,3163.0,3108.0,3134.3,31943800,3447.7,2820.9,3839.9,2896.0,3139.1,192,7,3138.8,2,1,3138.7,174,1,3138.6,693,4,3138.5,238,3,3139.2,89,7,3139.3,1,1,3139.4,50,1,3139.7,600,3,3139.8,15,2
2031,2026-06-16 15:24:00+05:30,3139.2,11,3135.32,3467256,96582.0,152528.0,3163.0,3163.0,3108.0,3134.3,31943800,3447.7,2820.9,3839.9,2896.0,3139.1,192,7,3138.8,2,1,3138.7,174,1,3138.6,693,4,3138.5,238,3,3139.2,89,7,3139.3,1,1,3139.4,50,1,3139.7,600,3,3139.8,15,2
2031,2026-06-16 15:24:00+05:30,3139.2,11,3135.32,3467256,96582.0,152528.0,3163.0,3163.0,3108.0,3134.3,31943800,3447.7,2820.9,3839.9,2896.0,3139.1,192,7,3138.8,2,1,3138.7,174,1,3138.6,693,4,3138.5,238,3,3139.2,89,7,3139.3,1,1,3139.4,50,1,3139.7,600,3,3139.8,15,2
2031,2026-06-16 15:24:01+05:30,3139.2,11,3135.32,3467256,96582.0,152528.0,3163.0,3163.0,3108.0,3134.3,31943800,3447.7,2820.9,3839.9,2896.0,3139.1,192,7,3138.8,2,1,3138.7,174,1,3138.6,693,4,3138.5,238,3,3139.2,89,7,3139.3,1,1,3139.4,50,1,3139.7,600,3,3139.8,15,2
2031,2026-06-16 15:24:01+05:30,3139.1,9,3135.32,3467369,100307.0,152563.0,3163.0,3163.0,3108.0,3134.3,31943800,3447.7,2820.9,3839.9,2896.0,3139.1,3513,10,3138.8,90,3,3138.6,178,4,3138.5,90,2,3138.4,852,3,3139.2,91,7,3139.4,50,1,3139.7,600,3,3139.8,1,1,3140.0,90,6
2031,2026-06-16 15:24:01+05:30,3139.1,9,3135.32,3467369,100307.0,152563.0,3163.0,3163.0,3108.0,3134.3,31943800,3447.7,2820.9,3839.9,2896.0,3139.1,3513,10,3138.8,90,3,3138.6,178,4,3138.5,90,2,3138.4,852,3,3139.2,91,7,3139.4,50,1,3139.7,600,3,3139.8,1,1,3140.0,90,6
2031,2026-06-16 15:24:02+05:30,3139.1,9,3135.32,3467369,100307.0,152563.0,3163.0,3163.0,3108.0,3134.3,31943800,3447.7,2820.9,3839.9,2896.0,3139.1,3513,10,3138.8,90,3,3138.6,178,4,3138.5,90,2,3138.4,852,3,3139.2,91,7,3139.4,50,1,3139.7,600,3,3139.8,1,1,3140.0,90,6
2031,2026-06-16 15:24:02+05:30,3139.1,65,3135.32,3472031,93145.0,152544.0,3163.0,3163.0,3108.0,3134.3,31943800,3447.7,2820.9,3839.9,2896.0,3138.9,16,1,3138.8,2,1,3138.6,41,2,3138.5,36,1,3138.4,15,1,3139.2,128,9,3139.4,52,2,3139.7,647,4,3139.8,1,1,3140.0,240,7
2031,2026-06-16 15:24:02+05:30,3138.8,2,3135.32,3472031,93145.0,152544.0,3163.0,3163.0,3108.0,3134.3,31943800,3447.7,2820.9,3839.9,2896.0,3138.9,16,1,3138.8,2,1,3138.6,41,2,3138.5,36,1,3138.4,15,1,3139.2,128,9,3139.4,52,2,3139.7,647,4,3139.8,1,1,3140.0,240,7
2031,2026-06-16 15:24:03+05:30,3138.8,2,3135.32,3472031,93145.0,152544.0,3163.0,3163.0,3108.0,3134.3,31943800,3447.7,2820.9,3839.9,2896.0,3138.9,16,1,3138.8,2,1,3138.6,41,2,3138.5,36,1,3138.4,15,1,3139.2,128,9,3139.4,52,2,3139.7,647,4,3139.8,1,1,3140.0,240,7
2031,2026-06-16 15:24:03+05:30,3138.8,2,3135.32,3472193,95661.0,152864.0,3163.0,3163.0,3108.0,3134.3,31943800,3447.7,2820.9,3839.9,2896.0,3138.7,835,6,3138.6,41,2,3138.5,36,1,3138.4,91,2,3138.2,213,2,3138.9,1,1,3139.2,180,11,3139.3,119,1,3139.4,52,2,3139.7,752,5
2031,2026-06-16 15:24:03+05:30,3138.7,1,3135.32,3472193,95661.0,152864.0,3163.0,3163.0,3108.0,3134.3,31943800,3447.7,2820.9,3839.9,2896.0,3138.7,835,6,3138.6,41,2,3138.5,36,1,3138.4,91,2,3138.2,213,2,3138.9,1,1,3139.2,180,11,3139.3,119,1,3139.4,52,2,3139.7,752,5
2031,2026-06-16 15:24:03+05:30,3138.7,1,3135.32,3472193,95661.0,152864.0,3163.0,3163.0,3108.0,3134.3,31943800,3447.7,2820.9,3839.9,2896.0,3138.7,835,6,3138.6,41,2,3138.5,36,1,3138.4,91,2,3138.2,213,2,3138.9,1,1,3139.2,180,11,3139.3,119,1,3139.4,52,2,3139.7,752,5
2031,2026-06-16 15:24:04+05:30,3139.2,23,3135.32,3472450,96237.0,152750.0,3163.0,3163.0,3108.0,3134.3,31943800,3447.7,2820.9,3839.9,2896.0,3138.7,916,9,3138.6,41,2,3138.5,36,1,3138.4,91,2,3138.3,715,3,3138.9,171,2,3139.2,97,8,3139.4,52,2,3139.7,600,3,3139.8,1,1
2031,2026-06-16 15:24:04+05:30,3139.2,23,3135.32,3472450,96237.0,152750.0,3163.0,3163.0,3108.0,3134.3,31943800,3447.7,2820.9,3839.9,2896.0,3138.7,916,9,3138.6,41,2,3138.5,36,1,3138.4,91,2,3138.3,715,3,3138.9,171,2,3139.2,97,8,3139.4,52,2,3139.7,600,3,3139.8,1,1
2031,2026-06-16 15:24:04+05:30,3138.8,49,3135.32,3472450,96237.0,152750.0,3163.0,3163.0,3108.0,3134.3,31943800,3447.7,2820.9,3839.9,2896.0,3138.7,916,9,3138.6,41,2,3138.5,36,1,3138.4,91,2,3138.3,715,3,3138.9,171,2,3139.2,97,8,3139.4,52,2,3139.7,600,3,3139.8,1,1
2031,2026-06-16 15:24:05+05:30,3138.8,49,3135.32,3472450,96237.0,152750.0,3163.0,3163.0,3108.0,3134.3,31943800,3447.7,2820.9,3839.9,2896.0,3138.7,916,9,3138.6,41,2,3138.5,36,1,3138.4,91,2,3138.3,715,3,3138.9,171,2,3139.2,97,8,3139.4,52,2,3139.7,600,3,3139.8,1,1
2031,2026-06-16 15:24:05+05:30,3138.8,1,3135.32,3472450,96237.0,152750.0,3163.0,3163.0,3108.0,3134.3,31943800,3447.7,2820.9,3839.9,2896.0,3138.7,916,9,3138.6,41,2,3138.5,36,1,3138.4,91,2,3138.3,715,3,3138.9,171,2,3139.2,97,8,3139.4,52,2,3139.7,600,3,3139.8,1,1
2031,2026-06-16 15:24:06+05:30,3138.8,1,3135.32,3472630,96051.0,152986.0,3163.0,3163.0,3108.0,3134.3,31943800,3447.7,2820.9,3839.9,2896.0,3138.8,649,4,3138.7,128,4,3138.6,58,3,3138.5,36,1,3138.4,91,2,3138.9,169,5,3139.1,1,1,3139.2,70,7,3139.4,52,2,3139.7,600,3
2031,2026-06-16 15:24:06+05:30,3138.8,1,3135.32,3472630,96051.0,152986.0,3163.0,3163.0,3108.0,3134.3,31943800,3447.7,2820.9,3839.9,2896.0,3138.8,649,4,3138.7,128,4,3138.6,58,3,3138.5,36,1,3138.4,91,2,3138.9,169,5,3139.1,1,1,3139.2,70,7,3139.4,52,2,3139.7,600,3
2031,2026-06-16 15:24:06+05:30,3138.9,4,3135.32,3472630,96051.0,152986.0,3163.0,3163.0,3108.0,3134.3,31943800,3447.7,2820.9,3839.9,2896.0,3138.8,649,4,3138.7,128,4,3138.6,58,3,3138.5,36,1,3138.4,91,2,3138.9,169,5,3139.1,1,1,3139.2,70,7,3139.4,52,2,3139.7,600,3
2031,2026-06-16 15:24:07+05:30,3138.9,50,3135.32,3473666,94337.0,152823.0,3163.0,3163.0,3108.0,3134.3,31943800,3447.7,2820.9,3839.9,2896.0,3138.8,1,1,3138.7,182,4,3138.6,58,3,3138.5,36,1,3138.4,15,1,3138.9,186,9,3139.1,1,1,3139.2,5,2,3139.4,52,2,3139.7,750,4
2031,2026-06-16 15:24:07+05:30,3138.9,50,3135.32,3473666,94337.0,152823.0,3163.0,3163.0,3108.0,3134.3,31943800,3447.7,2820.9,3839.9,2896.0,3138.8,1,1,3138.7,182,4,3138.6,58,3,3138.5,36,1,3138.4,15,1,3138.9,186,9,3139.1,1,1,3139.2,5,2,3139.4,52,2,3139.7,750,4
2031,2026-06-16 15:24:07+05:30,3138.9,25,3135.32,3473666,94337.0,152823.0,3163.0,3163.0,3108.0,3134.3,31943800,3447.7,2820.9,3839.9,2896.0,3138.8,1,1,3138.7,182,4,3138.6,58,3,3138.5,36,1,3138.4,15,1,3138.9,186,9,3139.1,1,1,3139.2,5,2,3139.4,52,2,3139.7,750,4
2031,2026-06-16 15:24:08+05:30,3138.9,25,3135.32,3473666,94337.0,152823.0,3163.0,3163.0,3108.0,3134.3,31943800,3447.7,2820.9,3839.9,2896.0,3138.8,1,1,3138.7,182,4,3138.6,58,3,3138.5,36,1,3138.4,15,1,3138.9,186,9,3139.1,1,1,3139.2,5,2,3139.4,52,2,3139.7,750,4
2031,2026-06-16 15:24:08+05:30,3138.9,18,3135.32,3473761,95216.0,152935.0,3163.0,3163.0,3108.0,3134.3,31943800,3447.7,2820.9,3839.9,2896.0,3138.8,169,3,3138.7,182,4,3138.6,41,2,3138.5,36,1,3138.4,652,2,3138.9,149,10,3139.0,30,1,3139.1,1,1,3139.2,1,1,3139.4,52,2
2031,2026-06-16 15:24:08+05:30,3138.9,18,3135.32,3473761,95216.0,152935.0,3163.0,3163.0,3108.0,3134.3,31943800,3447.7,2820.9,3839.9,2896.0,3138.8,169,3,3138.7,182,4,3138.6,41,2,3138.5,36,1,3138.4,652,2,3138.9,149,10,3139.0,30,1,3139.1,1,1,3139.2,1,1,3139.4,52,2
2031,2026-06-16 15:24:09+05:30,3138.9,18,3135.32,3473761,95216.0,152935.0,3163.0,3163.0,3108.0,3134.3,31957800,3447.7,2820.9,3839.9,2896.0,3138.8,169,3,3138.7,182,4,3138.6,41,2,3138.5,36,1,3138.4,652,2,3138.9,149,10,3139.0,30,1,3139.1,1,1,3139.2,1,1,3139.4,52,2
2031,2026-06-16 15:24:09+05:30,3138.8,23,3135.32,3473859,95142.0,153148.0,3163.0,3163.0,3108.0,3134.3,31957800,3447.7,2820.9,3839.9,2896.0,3138.8,86,3,3138.7,182,4,3138.6,41,2,3138.5,36,1,3138.4,684,3,3138.9,259,12,3139.0,145,3,3139.1,1,1,3139.4,52,2,3139.7,765,5
2031,2026-06-16 15:24:09+05:30,3138.8,9,3135.32,3473859,95142.0,153148.0,3163.0,3163.0,3108.0,3134.3,31957800,3447.7,2820.9,3839.9,2896.0,3138.8,86,3,3138.7,182,4,3138.6,41,2,3138.5,36,1,3138.4,684,3,3138.9,259,12,3139.0,145,3,3139.1,1,1,3139.4,52,2,3139.7,765,5
2031,2026-06-16 15:24:10+05:30,3138.8,9,3135.32,3474096,94522.0,153423.0,3163.0,3163.0,3108.0,3134.3,31957800,3447.7,2820.9,3839.9,2896.0,3138.8,36,3,3138.7,182,4,3138.6,41,2,3138.5,36,1,3138.4,684,3,3138.9,350,14,3139.0,145,3,3139.1,1,1,3139.4,178,3,3139.7,765,5
2031,2026-06-16 15:24:10+05:30,3138.8,159,3135.32,3474096,94522.0,153423.0,3163.0,3163.0,3108.0,3134.3,31957800,3447.7,2820.9,3839.9,2896.0,3138.8,36,3,3138.7,182,4,3138.6,41,2,3138.5,36,1,3138.4,684,3,3138.9,350,14,3139.0,145,3,3139.1,1,1,3139.4,178,3,3139.7,765,5
2031,2026-06-16 15:24:11+05:30,3138.8,15,3135.32,3474377,92946.0,153257.0,3163.0,3163.0,3108.0,3134.3,31957800,3447.7,2820.9,3839.9,2896.0,3138.7,118,2,3138.6,41,2,3138.5,36,1,3138.4,61,3,3138.3,66,2,3138.8,203,2,3138.9,474,16,3139.0,34,3,3139.1,1,1,3139.4,196,3
2031,2026-06-16 15:24:11+05:30,3138.8,8,3135.32,3474377,92946.0,153257.0,3163.0,3163.0,3108.0,3134.3,31957800,3447.7,2820.9,3839.9,2896.0,3138.7,118,2,3138.6,41,2,3138.5,36,1,3138.4,61,3,3138.3,66,2,3138.8,203,2,3138.9,474,16,3139.0,34,3,3139.1,1,1,3139.4,196,3
2031,2026-06-16 15:24:12+05:30,3138.8,16,3135.32,3474404,94240.0,153259.0,3163.0,3163.0,3108.0,3134.3,31957800,3447.7,2820.9,3839.9,2896.0,3138.7,302,4,3138.6,41,2,3138.5,36,1,3138.4,61,3,3138.3,66,2,3138.8,296,9,3138.9,383,8,3139.0,34,3,3139.1,1,1,3139.4,196,3
2031,2026-06-16 15:24:12+05:30,3138.8,16,3135.32,3474404,94240.0,153259.0,3163.0,3163.0,3108.0,3134.3,31957800,3447.7,2820.9,3839.9,2896.0,3138.7,302,4,3138.6,41,2,3138.5,36,1,3138.4,61,3,3138.3,66,2,3138.8,296,9,3138.9,383,8,3139.0,34,3,3139.1,1,1,3139.4,196,3
2031,2026-06-16 15:24:13+05:30,3138.7,2,3135.32,3474406,94953.0,153295.0,3163.0,3163.0,3108.0,3134.3,31957800,3447.7,2820.9,3839.9,2896.0,3138.7,315,5,3138.6,54,3,3138.5,673,2,3138.4,62,4,3138.3,65,1,3138.8,381,14,3138.9,334,5,3139.0,34,3,3139.1,1,1,3139.4,196,3
2031,2026-06-16 15:24:13+05:30,3138.7,1,3135.32,3474406,94953.0,153295.0,3163.0,3163.0,3108.0,3134.3,31957800,3447.7,2820.9,3839.9,2896.0,3138.7,315,5,3138.6,54,3,3138.5,673,2,3138.4,62,4,3138.3,65,1,3138.8,381,14,3138.9,334,5,3139.0,34,3,3139.1,1,1,3139.4,196,3
2031,2026-06-16 15:24:14+05:30,3138.7,2,3135.32,3474466,93772.0,153314.0,3163.0,3163.0,3108.0,3134.3,31957800,3447.7,2820.9,3839.9,2896.0,3138.7,261,5,3138.6,54,3,3138.5,36,1,3138.4,62,4,3138.3,65,1,3138.8,381,14,3138.9,333,4,3139.0,34,3,3139.1,1,1,3139.4,194,3
2031,2026-06-16 15:24:14+05:30,3138.8,148,3135.32,3474466,93772.0,153314.0,3163.0,3163.0,3108.0,3134.3,31957800,3447.7,2820.9,3839.9,2896.0,3138.7,261,5,3138.6,54,3,3138.5,36,1,3138.4,62,4,3138.3,65,1,3138.8,381,14,3138.9,333,4,3139.0,34,3,3139.1,1,1,3139.4,194,3
2031,2026-06-16 15:24:15+05:30,3138.7,17,3135.32,3474906,93937.0,152653.0,3163.0,3163.0,3108.0,3134.3,31957800,3447.7,2820.9,3839.9,2896.0,3138.6,30,3,3138.5,36,1,3138.4,62,4,3138.3,65,1,3138.2,3,1,3138.7,34,1,3138.8,229,14,3138.9,297,3,3139.0,34,3,3139.1,1,1
2031,2026-06-16 15:24:15+05:30,3138.5,19,3135.32,3474906,93937.0,152653.0,3163.0,3163.0,3108.0,3134.3,31957800,3447.7,2820.9,3839.9,2896.0,3138.6,30,3,3138.5,36,1,3138.4,62,4,3138.3,65,1,3138.2,3,1,3138.7,34,1,3138.8,229,14,3138.9,297,3,3139.0,34,3,3139.1,1,1
2031,2026-06-16 15:24:16+05:30,3138.5,9,3135.32,3475441,93954.0,152905.0,3163.0,3163.0,3108.0,3134.3,31957800,3447.7,2820.9,3839.9,2896.0,3138.5,165,2,3138.4,61,3,3138.3,66,2,3138.1,3,1,3138.0,138,4,3138.6,43,5,3138.7,103,6,3138.8,58,4,3138.9,311,4,3139.0,34,3
2031,2026-06-16 15:24:16+05:30,3138.5,15,3135.32,3475441,93954.0,152905.0,3163.0,3163.0,3108.0,3134.3,31957800,3447.7,2820.9,3839.9,2896.0,3138.5,165,2,3138.4,61,3,3138.3,66,2,3138.1,3,1,3138.0,138,4,3138.6,43,5,3138.7,103,6,3138.8,58,4,3138.9,311,4,3139.0,34,3
2031,2026-06-16 15:24:17+05:30,3138.6,1,3135.32,3476102,93729.0,152774.0,3163.0,3163.0,3108.0,3134.3,31957800,3447.7,2820.9,3839.9,2896.0,3138.4,48,3,3138.3,66,2,3138.1,3,1,3138.0,150,5,3137.9,139,2,3138.6,135,10,3138.7,79,4,3138.8,6,1,3138.9,311,4,3139.0,2,1
2031,2026-06-16 15:24:17+05:30,3138.6,1,3135.32,3476102,93729.0,152774.0,3163.0,3163.0,3108.0,3134.3,31957800,3447.7,2820.9,3839.9,2896.0,3138.4,48,3,3138.3,66,2,3138.1,3,1,3138.0,150,5,3137.9,139,2,3138.6,135,10,3138.7,79,4,3138.8,6,1,3138.9,311,4,3139.0,2,1
2031,2026-06-16 15:24:18+05:30,3138.0,144,3135.33,3476559,93762.0,151230.0,3163.0,3163.0,3108.0,3134.3,31957800,3447.7,2820.9,3839.9,2896.0,3138.3,15,1,3138.0,27,2,3137.8,89,1,3137.5,117,1,3137.4,24,1,3138.4,201,2,3138.6,160,11,3138.7,101,4,3138.8,6,1,3138.9,461,5
2031,2026-06-16 15:24:18+05:30,3138.3,39,3135.33,3476559,93762.0,151230.0,3163.0,3163.0,3108.0,3134.3,31957800,3447.7,2820.9,3839.9,2896.0,3138.3,15,1,3138.0,27,2,3137.8,89,1,3137.5,117,1,3137.4,24,1,3138.4,201,2,3138.6,160,11,3138.7,101,4,3138.8,6,1,3138.9,461,5
2031,2026-06-16 15:24:19+05:30,3137.4,21,3135.33,3477172,93466.0,153305.0,3163.0,3163.0,3108.0,3134.3,31957800,3447.7,2820.9,3839.9,2896.0,3137.4,3,1,3137.2,172,1,3137.1,400,2,3136.9,89,1,3136.8,38,1,3138.3,168,1,3138.4,353,10,3138.6,100,8,3138.7,47,1,3138.8,6,1
2031,2026-06-16 15:24:19+05:30,3137.4,21,3135.33,3477172,93466.0,153305.0,3163.0,3163.0,3108.0,3134.3,31957800,3447.7,2820.9,3839.9,2896.0,3137.4,3,1,3137.2,172,1,3137.1,400,2,3136.9,89,1,3136.8,38,1,3138.3,168,1,3138.4,353,10,3138.6,100,8,3138.7,47,1,3138.8,6,1
2031,2026-06-16 15:24:20+05:30,3137.1,32,3135.33,3477211,94297.0,150614.0,3163.0,3163.0,3108.0,3134.3,31957800,3447.7,2820.9,3839.9,2896.0,3137.4,173,2,3137.1,181,1,3137.0,351,3,3136.9,1014,4,3136.8,51,2,3138.1,19,3,3138.2,21,1,3138.3,217,4,3138.4,333,10,3138.5,144,1
2031,2026-06-16 15:24:20+05:30,3137.1,32,3135.33,3477211,94297.0,150614.0,3163.0,3163.0,3108.0,3134.3,31957800,3447.7,2820.9,3839.9,2896.0,3137.4,173,2,3137.1,181,1,3137.0,351,3,3136.9,1014,4,3136.8,51,2,3138.1,19,3,3138.2,21,1,3138.3,217,4,3138.4,333,10,3138.5,144,1
2031,2026-06-16 15:24:21+05:30,3137.4,9,3135.33,3477223,94341.0,152836.0,3163.0,3163.0,3108.0,3134.3,31957800,3447.7,2820.9,3839.9,2896.0,3137.4,164,2,3137.0,351,3,3136.9,1014,4,3136.8,38,1,3136.7,179,2,3138.0,234,4,3138.1,41,4,3138.2,1,1,3138.3,153,9,3138.4,300,9
2031,2026-06-16 15:24:21+05:30,3137.4,117,3135.33,3477223,94341.0,152836.0,3163.0,3163.0,3108.0,3134.3,31957800,3447.7,2820.9,3839.9,2896.0,3137.4,164,2,3137.0,351,3,3136.9,1014,4,3136.8,38,1,3136.7,179,2,3138.0,234,4,3138.1,41,4,3138.2,1,1,3138.3,153,9,3138.4,300,9
2031,2026-06-16 15:24:22+05:30,3137.5,1,3135.33,3477393,94229.0,152809.0,3163.0,3163.0,3108.0,3134.3,31957800,3447.7,2820.9,3839.9,2896.0,3137.5,2,1,3137.4,103,2,3137.2,1,1,3137.1,177,1,3137.0,200,1,3138.0,395,12,3138.1,20,4,3138.2,1,1,3138.3,104,6,3138.4,331,5
2031,2026-06-16 15:24:22+05:30,3137.5,1,3135.33,3477393,94229.0,152809.0,3163.0,3163.0,3108.0,3134.3,31957800,3447.7,2820.9,3839.9,2896.0,3137.5,2,1,3137.4,103,2,3137.2,1,1,3137.1,177,1,3137.0,200,1,3138.0,395,12,3138.1,20,4,3138.2,1,1,3138.3,104,6,3138.4,331,5
2031,2026-06-16 15:24:23+05:30,3138.0,13,3135.33,3477393,94229.0,152809.0,3163.0,3163.0,3108.0,3134.3,31957800,3447.7,2820.9,3839.9,2896.0,3137.5,2,1,3137.4,103,2,3137.2,1,1,3137.1,177,1,3137.0,200,1,3138.0,395,12,3138.1,20,4,3138.2,1,1,3138.3,104,6,3138.4,331,5
2031,2026-06-16 15:24:24+05:30,3138.0,13,3135.33,3477724,94308.0,152772.0,3163.0,3163.0,3108.0,3134.3,31957800,3447.7,2820.9,3839.9,2896.0,3137.5,4,1,3137.4,16,1,3137.3,15,1,3137.2,1,1,3137.0,159,1,3138.0,260,15,3138.1,123,3,3138.2,1,1,3138.3,102,4,3138.4,427,4
2031,2026-06-16 15:24:24+05:30,3137.3,39,3135.33,3477724,94308.0,152772.0,3163.0,3163.0,3108.0,3134.3,31957800,3447.7,2820.9,3839.9,2896.0,3137.5,4,1,3137.4,16,1,3137.3,15,1,3137.2,1,1,3137.0,159,1,3138.0,260,15,3138.1,123,3,3138.2,1,1,3138.3,102,4,3138.4,427,4
2031,2026-06-16 15:24:25+05:30,3137.3,39,3135.33,3477783,94206.0,152523.0,3163.0,3163.0,3108.0,3134.3,31957800,3447.7,2820.9,3839.9,2896.0,3137.3,32,2,3137.1,1,1,3136.9,1377,7,3136.7,173,4,3136.6,429,2,3137.5,2,1,3138.0,541,23,3138.1,123,3,3138.2,1,1,3138.4,283,3
2031,2026-06-16 15:24:25+05:30,3137.3,169,3135.33,3477783,94206.0,152523.0,3163.0,3163.0,3108.0,3134.3,31957800,3447.7,2820.9,3839.9,2896.0,3137.3,32,2,3137.1,1,1,3136.9,1377,7,3136.7,173,4,3136.6,429,2,3137.5,2,1,3138.0,541,23,3138.1,123,3,3138.2,1,1,3138.4,283,3
2031,2026-06-16 15:24:26+05:30,3137.3,2,3135.33,3478186,93603.0,152886.0,3163.0,3163.0,3108.0,3134.3,31957800,3447.7,2820.9,3839.9,2896.0,3136.9,190,3,3136.7,363,3,3136.6,229,2,3136.4,150,1,3136.2,1206,5,3137.3,229,3,3137.5,231,7,3137.6,2,1,3138.0,498,16,3138.1,130,2
2031,2026-06-16 15:24:26+05:30,3136.9,9,3135.33,3478186,93603.0,152886.0,3163.0,3163.0,3108.0,3134.3,31957800,3447.7,2820.9,3839.9,2896.0,3136.9,190,3,3136.7,363,3,3136.6,229,2,3136.4,150,1,3136.2,1206,5,3137.3,229,3,3137.5,231,7,3137.6,2,1,3138.0,498,16,3138.1,130,2
2031,2026-06-16 15:24:27+05:30,3137.0,4,3135.33,3478230,93715.0,152904.0,3163.0,3163.0,3108.0,3134.3,31957800,3447.7,2820.9,3839.9,2896.0,3136.9,329,6,3136.7,13,1,3136.6,229,2,3136.4,350,2,3136.2,828,4,3137.0,24,1,3137.1,5,1,3137.3,587,18,3137.4,122,1,3137.5,231,7
2031,2026-06-16 15:24:27+05:30,3137.0,1,3135.33,3478230,93715.0,152904.0,3163.0,3163.0,3108.0,3134.3,31957800,3447.7,2820.9,3839.9,2896.0,3136.9,329,6,3136.7,13,1,3136.6,229,2,3136.4,350,2,3136.2,828,4,3137.0,24,1,3137.1,5,1,3137.3,587,18,3137.4,122,1,3137.5,231,7
2031,2026-06-16 15:24:28+05:30,3136.9,86,3135.33,3478483,93323.0,153003.0,3163.0,3163.0,3108.0,3134.3,31957800,3447.7,2820.9,3839.9,2896.0,3136.9,364,7,3136.7,13,1,3136.6,229,2,3136.4,150,1,3136.3,200,1,3137.0,167,3,3137.1,5,1,3137.3,585,17,3137.5,111,6,3138.0,240,1
2031,2026-06-16 15:24:28+05:30,3136.9,86,3135.33,3478483,93323.0,153003.0,3163.0,3163.0,3108.0,3134.3,31957800,3447.7,2820.9,3839.9,2896.0,3136.9,364,7,3136.7,13,1,3136.6,229,2,3136.4,150,1,3136.3,200,1,3137.0,167,3,3137.1,5,1,3137.3,585,17,3137.5,111,6,3138.0,240,1
2031,2026-06-16 15:24:29+05:30,3136.9,6,3135.33,3478553,93697.0,153018.0,3163.0,3163.0,3108.0,3134.3,31957800,3447.7,2820.9,3839.9,2896.0,3136.9,294,7,3136.7,29,2,3136.6,229,2,3136.4,150,1,3136.3,200,1,3137.0,392,16,3137.1,5,1,3137.3,486,10,3138.0,240,1,3138.1,274,3
2031,2026-06-16 15:24:29+05:30,3136.9,1,3135.33,3478553,93697.0,153018.0,3163.0,3163.0,3108.0,3134.3,31957800,3447.7,2820.9,3839.9,2896.0,3136.9,294,7,3136.7,29,2,3136.6,229,2,3136.4,150,1,3136.3,200,1,3137.0,392,16,3137.1,5,1,3137.3,486,10,3138.0,240,1,3138.1,274,3
2031,2026-06-16 15:24:30+05:30,3136.9,1,3135.33,3478604,93985.0,152499.0,3163.0,3163.0,3108.0,3134.3,31957800,3447.7,2820.9,3839.9,2896.0,3136.9,296,6,3136.7,29,2,3136.6,229,2,3136.4,150,1,3136.3,210,2,3137.0,535,22,3137.1,7,2,3137.3,326,2,3137.8,15,1,3138.0,240,1
2031,2026-06-16 15:24:30+05:30,3137.0,5,3135.33,3478604,93985.0,152499.0,3163.0,3163.0,3108.0,3134.3,31957800,3447.7,2820.9,3839.9,2896.0,3136.9,296,6,3136.7,29,2,3136.6,229,2,3136.4,150,1,3136.3,210,2,3137.0,535,22,3137.1,7,2,3137.3,326,2,3137.8,15,1,3138.0,240,1
2031,2026-06-16 15:24:31+05:30,3136.9,1,3135.33,3478677,94069.0,152427.0,3163.0,3163.0,3108.0,3134.3,31957800,3447.7,2820.9,3839.9,2896.0,3136.9,389,8,3136.7,29,2,3136.6,229,2,3136.5,1,1,3136.4,150,1,3137.0,530,22,3137.1,7,2,3137.3,326,2,3137.8,15,1,3138.0,240,1
2031,2026-06-16 15:24:31+05:30,3136.9,20,3135.33,3478677,94069.0,152427.0,3163.0,3163.0,3108.0,3134.3,31957800,3447.7,2820.9,3839.9,2896.0,3136.9,389,8,3136.7,29,2,3136.6,229,2,3136.5,1,1,3136.4,150,1,3137.0,530,22,3137.1,7,2,3137.3,326,2,3137.8,15,1,3138.0,240,1
2031,2026-06-16 15:24:32+05:30,3137.0,3,3135.33,3478700,94047.0,152452.0,3163.0,3163.0,3108.0,3134.3,31957800,3447.7,2820.9,3839.9,2896.0,3136.9,430,10,3136.7,29,2,3136.6,229,2,3136.5,1,1,3136.4,150,1,3137.0,555,24,3137.1,7,2,3137.3,326,2,3137.8,15,1,3138.0,240,1
2031,2026-06-16 15:24:32+05:30,3136.9,33,3135.33,3478700,94047.0,152452.0,3163.0,3163.0,3108.0,3134.3,31957800,3447.7,2820.9,3839.9,2896.0,3136.9,430,10,3136.7,29,2,3136.6,229,2,3136.5,1,1,3136.4,150,1,3137.0,555,24,3137.1,7,2,3137.3,326,2,3137.8,15,1,3138.0,240,1
2031,2026-06-16 15:24:33+05:30,3137.0,1,3135.33,3478777,94051.0,152465.0,3163.0,3163.0,3108.0,3134.3,31957800,3447.7,2820.9,3839.9,2896.0,3136.9,425,12,3136.7,229,3,3136.6,30,2,3136.4,350,2,3136.3,25,3,3137.0,514,24,3137.1,7,2,3137.3,326,2,3137.8,15,1,3138.0,240,1
2031,2026-06-16 15:24:33+05:30,3136.9,14,3135.33,3478777,94051.0,152465.0,3163.0,3163.0,3108.0,3134.3,31957800,3447.7,2820.9,3839.9,2896.0,3136.9,425,12,3136.7,229,3,3136.6,30,2,3136.4,350,2,3136.3,25,3,3137.0,514,24,3137.1,7,2,3137.3,326,2,3137.8,15,1,3138.0,240,1
2031,2026-06-16 15:24:34+05:30,3136.9,42,3135.33,3478917,93877.0,152013.0,3163.0,3163.0,3108.0,3134.3,31957800,3447.7,2820.9,3839.9,2896.0,3136.9,323,12,3136.7,230,4,3136.6,95,2,3136.4,371,3,3136.3,3,1,3137.0,455,24,3137.1,7,2,3137.3,326,2,3137.8,15,1,3138.0,240,1
2031,2026-06-16 15:24:34+05:30,3136.9,42,3135.33,3478917,93877.0,152013.0,3163.0,3163.0,3108.0,3134.3,31957800,3447.7,2820.9,3839.9,2896.0,3136.9,323,12,3136.7,230,4,3136.6,95,2,3136.4,371,3,3136.3,3,1,3137.0,455,24,3137.1,7,2,3137.3,326,2,3137.8,15,1,3138.0,240,1
2031,2026-06-16 15:24:35+05:30,3137.0,6,3135.33,3478917,93877.0,152013.0,3163.0,3163.0,3108.0,3134.3,31957800,3447.7,2820.9,3839.9,2896.0,3136.9,323,12,3136.7,230,4,3136.6,95,2,3136.4,371,3,3136.3,3,1,3137.0,455,24,3137.1,7,2,3137.3,326,2,3137.8,15,1,3138.0,240,1
2031,2026-06-16 15:24:35+05:30,3137.0,6,3135.33,3479155,92813.0,152105.0,3163.0,3163.0,3108.0,3134.3,31957800,3447.7,2820.9,3839.9,2896.0,3136.9,349,11,3136.8,200,1,3136.7,30,3,3136.6,29,1,3136.5,200,1,3137.0,422,19,3137.1,7,2,3137.3,326,2,3137.8,15,1,3138.0,240,1
2031,2026-06-16 15:24:36+05:30,3137.0,5,3135.33,3479155,92813.0,152105.0,3163.0,3163.0,3108.0,3134.3,31957800,3447.7,2820.9,3839.9,2896.0,3136.9,349,11,3136.8,200,1,3136.7,30,3,3136.6,29,1,3136.5,200,1,3137.0,422,19,3137.1,7,2,3137.3,326,2,3137.8,15,1,3138.0,240,1
2031,2026-06-16 15:24:37+05:30,3137.0,1,3135.33,3479174,92928.0,152073.0,3163.0,3163.0,3108.0,3134.3,31957800,3447.7,2820.9,3839.9,2896.0,3136.9,353,11,3136.8,201,2,3136.7,29,2,3136.6,29,1,3136.5,211,2,3137.0,443,20,3137.1,7,2,3137.3,326,2,3137.8,15,1,3138.0,240,1
2031,2026-06-16 15:24:37+05:30,3136.9,42,3135.33,3479174,92928.0,152073.0,3163.0,3163.0,3108.0,3134.3,31957800,3447.7,2820.9,3839.9,2896.0,3136.9,353,11,3136.8,201,2,3136.7,29,2,3136.6,29,1,3136.5,211,2,3137.0,443,20,3137.1,7,2,3137.3,326,2,3137.8,15,1,3138.0,240,1
2031,2026-06-16 15:24:38+05:30,3136.9,29,3135.33,3479271,94548.0,151936.0,3163.0,3163.0,3108.0,3134.3,31957800,3447.7,2820.9,3839.9,2896.0,3136.9,481,12,3136.8,293,3,3136.7,29,2,3136.6,29,1,3136.5,211,2,3137.0,493,22,3137.1,8,3,3137.3,326,2,3137.8,15,1,3138.0,240,1
2031,2026-06-16 15:24:38+05:30,3136.9,187,3135.33,3479271,94548.0,151936.0,3163.0,3163.0,3108.0,3134.3,31957800,3447.7,2820.9,3839.9,2896.0,3136.9,481,12,3136.8,293,3,3136.7,29,2,3136.6,29,1,3136.5,211,2,3137.0,493,22,3137.1,8,3,3137.3,326,2,3137.8,15,1,3138.0,240,1
2031,2026-06-16 15:24:39+05:30,3136.9,23,3135.33,3479734,93955.0,151773.0,3163.0,3163.0,3108.0,3134.3,31957800,3447.7,2820.9,3839.9,2896.0,3136.9,207,11,3136.8,292,2,3136.7,29,2,3136.6,29,1,3136.5,211,2,3137.0,519,22,3137.1,8,3,3137.3,326,2,3137.8,15,1,3138.0,240,1
2031,2026-06-16 15:24:39+05:30,3136.9,1,3135.33,3479734,93955.0,151773.0,3163.0,3163.0,3108.0,3134.3,31957800,3447.7,2820.9,3839.9,2896.0,3136.9,207,11,3136.8,292,2,3136.7,29,2,3136.6,29,1,3136.5,211,2,3137.0,519,22,3137.1,8,3,3137.3,326,2,3137.8,15,1,3138.0,240,1
2031,2026-06-16 15:24:40+05:30,3137.0,4,3135.33,3480189,93960.0,151776.0,3163.0,3163.0,3108.0,3134.3,31957800,3447.7,2820.9,3839.9,2896.0,3136.9,56,8,3136.8,292,2,3136.7,29,2,3136.6,29,1,3136.5,211,2,3137.0,516,21,3137.1,8,3,3137.3,326,2,3137.8,15,1,3138.0,240,1
2031,2026-06-16 15:24:40+05:30,3137.0,18,3135.33,3480189,93960.0,151776.0,3163.0,3163.0,3108.0,3134.3,31957800,3447.7,2820.9,3839.9,2896.0,3136.9,56,8,3136.8,292,2,3136.7,29,2,3136.6,29,1,3136.5,211,2,3137.0,516,21,3137.1,8,3,3137.3,326,2,3137.8,15,1,3138.0,240,1
2031,2026-06-16 15:24:41+05:30,3136.9,21,3135.33,3480496,93884.0,151532.0,3163.0,3163.0,3108.0,3134.3,31957800,3447.7,2820.9,3839.9,2896.0,3136.9,363,4,3136.8,92,1,3136.7,229,3,3136.6,29,1,3136.5,12,2,3137.0,488,21,3137.1,8,3,3137.3,126,1,3137.8,15,1,3138.0,240,1
2031,2026-06-16 15:24:41+05:30,3136.9,70,3135.33,3480496,93884.0,151532.0,3163.0,3163.0,3108.0,3134.3,31957800,3447.7,2820.9,3839.9,2896.0,3136.9,363,4,3136.8,92,1,3136.7,229,3,3136.6,29,1,3136.5,12,2,3137.0,488,21,3137.1,8,3,3137.3,126,1,3137.8,15,1,3138.0,240,1
2031,2026-06-16 15:24:42+05:30,3136.9,2,3135.33,3480755,94192.0,151552.0,3163.0,3163.0,3108.0,3134.3,31957800,3447.7,2820.9,3839.9,2896.0,3136.9,156,4,3136.8,292,2,3136.7,332,4,3136.6,29,1,3136.5,12,2,3137.0,381,12,3137.1,8,3,3137.3,126,1,3137.8,15,1,3138.0,240,1
2031,2026-06-16 15:24:42+05:30,3136.9,4,3135.33,3480755,94192.0,151552.0,3163.0,3163.0,3108.0,3134.3,31957800,3447.7,2820.9,3839.9,2896.0,3136.9,156,4,3136.8,292,2,3136.7,332,4,3136.6,29,1,3136.5,12,2,3137.0,381,12,3137.1,8,3,3137.3,126,1,3137.8,15,1,3138.0,240,1
2031,2026-06-16 15:24:43+05:30,3136.9,2,3135.33,3480828,94184.0,151424.0,3163.0,3163.0,3108.0,3134.3,31957800,3447.7,2820.9,3839.9,2896.0,3136.9,316,4,3136.8,105,2,3136.7,351,5,3136.6,30,2,3136.5,11,1,3137.0,393,12,3137.1,8,3,3137.3,126,1,3137.8,15,1,3138.0,242,2
2031,2026-06-16 15:24:43+05:30,3137.0,6,3135.33,3480828,94184.0,151424.0,3163.0,3163.0,3108.0,3134.3,31957800,3447.7,2820.9,3839.9,2896.0,3136.9,316,4,3136.8,105,2,3136.7,351,5,3136.6,30,2,3136.5,11,1,3137.0,393,12,3137.1,8,3,3137.3,126,1,3137.8,15,1,3138.0,242,2
2031,2026-06-16 15:24:44+05:30,3138.0,27,3135.33,3481655,94101.0,150758.0,3163.0,3163.0,3108.0,3134.3,31957800,3447.7,2820.9,3839.9,2896.0,3136.9,490,8,3136.8,335,4,3136.7,151,4,3136.6,105,4,3136.5,24,2,3137.0,78,1,3138.0,213,1,3138.1,2,1,3138.2,144,1,3138.3,3,1
2031,2026-06-16 15:24:44+05:30,3136.9,7,3135.33,3481655,94101.0,150758.0,3163.0,3163.0,3108.0,3134.3,31957800,3447.7,2820.9,3839.9,2896.0,3136.9,490,8,3136.8,335,4,3136.7,151,4,3136.6,105,4,3136.5,24,2,3137.0,78,1,3138.0,213,1,3138.1,2,1,3138.2,144,1,3138.3,3,1
2031,2026-06-16 15:24:45+05:30,3137.0,17,3135.33,3481990,94498.0,151288.0,3163.0,3163.0,3108.0,3134.3,31957800,3447.7,2820.9,3839.9,2896.0,3137.0,25,2,3136.9,127,4,3136.8,472,6,3136.7,151,4,3136.6,128,3,3138.0,213,1,3138.1,2,1,3138.2,144,1,3138.3,3,1,3138.4,200,1
2031,2026-06-16 15:24:45+05:30,3137.0,17,3135.33,3481990,94498.0,151288.0,3163.0,3163.0,3108.0,3134.3,31957800,3447.7,2820.9,3839.9,2896.0,3137.0,25,2,3136.9,127,4,3136.8,472,6,3136.7,151,4,3136.6,128,3,3138.0,213,1,3138.1,2,1,3138.2,144,1,3138.3,3,1,3138.4,200,1
2031,2026-06-16 15:24:46+05:30,3137.0,3,3135.33,3482139,93883.0,151510.0,3163.0,3163.0,3108.0,3134.3,31957800,3447.7,2820.9,3839.9,2896.0,3137.0,28,3,3136.9,342,6,3136.8,284,6,3136.7,364,6,3136.6,128,3,3137.5,1,1,3137.9,63,2,3138.0,167,5,3138.1,2,1,3138.2,144,1
2031,2026-06-16 15:24:46+05:30,3137.0,10,3135.33,3482139,93883.0,151510.0,3163.0,3163.0,3108.0,3134.3,31957800,3447.7,2820.9,3839.9,2896.0,3137.0,28,3,3136.9,342,6,3136.8,284,6,3136.7,364,6,3136.6,128,3,3137.5,1,1,3137.9,63,2,3138.0,167,5,3138.1,2,1,3138.2,144,1
2031,2026-06-16 15:24:47+05:30,3137.5,1,3135.33,3482139,93883.0,151510.0,3163.0,3163.0,3108.0,3134.3,31957800,3447.7,2820.9,3839.9,2896.0,3137.0,28,3,3136.9,342,6,3136.8,284,6,3136.7,364,6,3136.6,128,3,3137.5,1,1,3137.9,63,2,3138.0,167,5,3138.1,2,1,3138.2,144,1
2031,2026-06-16 15:24:47+05:30,3137.5,1,3135.33,3482291,93925.0,151165.0,3163.0,3163.0,3108.0,3134.3,31957800,3447.7,2820.9,3839.9,2896.0,3137.0,304,8,3136.9,309,5,3136.8,283,5,3136.7,164,5,3136.6,528,4,3137.5,73,3,3138.0,234,7,3138.1,2,1,3138.2,144,1,3138.4,203,2
2031,2026-06-16 15:24:48+05:30,3137.5,1,3135.33,3482291,93925.0,151165.0,3163.0,3163.0,3108.0,3134.3,31957800,3447.7,2820.9,3839.9,2896.0,3137.0,304,8,3136.9,309,5,3136.8,283,5,3136.7,164,5,3136.6,528,4,3137.5,73,3,3138.0,234,7,3138.1,2,1,3138.2,144,1,3138.4,203,2
2031,2026-06-16 15:24:48+05:30,3137.5,23,3135.33,3482291,93925.0,151165.0,3163.0,3163.0,3108.0,3134.3,31957800,3447.7,2820.9,3839.9,2896.0,3137.0,304,8,3136.9,309,5,3136.8,283,5,3136.7,164,5,3136.6,528,4,3137.5,73,3,3138.0,234,7,3138.1,2,1,3138.2,144,1,3138.4,203,2
2031,2026-06-16 15:24:49+05:30,3137.5,8,3135.33,3482327,94651.0,151132.0,3163.0,3163.0,3108.0,3134.3,31957800,3447.7,2820.9,3839.9,2896.0,3137.2,12,2,3137.0,1267,12,3136.9,108,3,3136.8,283,5,3136.7,145,4,3137.5,95,7,3138.0,160,3,3138.1,2,1,3138.2,144,1,3138.4,203,2
2031,2026-06-16 15:24:49+05:30,3137.5,8,3135.33,3482327,94651.0,151132.0,3163.0,3163.0,3108.0,3134.3,31957800,3447.7,2820.9,3839.9,2896.0,3137.2,12,2,3137.0,1267,12,3136.9,108,3,3136.8,283,5,3136.7,145,4,3137.5,95,7,3138.0,160,3,3138.1,2,1,3138.2,144,1,3138.4,203,2
2031,2026-06-16 15:24:49+05:30,3137.5,1,3135.33,3482327,94651.0,151132.0,3163.0,3163.0,3108.0,3134.3,31957800,3447.7,2820.9,3839.9,2896.0,3137.2,12,2,3137.0,1267,12,3136.9,108,3,3136.8,283,5,3136.7,145,4,3137.5,95,7,3138.0,160,3,3138.1,2,1,3138.2,144,1,3138.4,203,2
2031,2026-06-16 15:24:50+05:30,3137.2,2,3135.33,3482358,94291.0,151030.0,3163.0,3163.0,3108.0,3134.3,31957800,3447.7,2820.9,3839.9,2896.0,3137.2,362,6,3137.0,851,9,3136.9,109,4,3136.8,483,6,3136.7,132,3,3137.5,210,12,3138.0,99,1,3138.1,2,1,3138.2,144,1,3138.4,203,2
2031,2026-06-16 15:24:50+05:30,3137.5,1,3135.33,3482358,94291.0,151030.0,3163.0,3163.0,3108.0,3134.3,31957800,3447.7,2820.9,3839.9,2896.0,3137.2,362,6,3137.0,851,9,3136.9,109,4,3136.8,483,6,3136.7,132,3,3137.5,210,12,3138.0,99,1,3138.1,2,1,3138.2,144,1,3138.4,203,2
2031,2026-06-16 15:24:51+05:30,3137.2,41,3135.33,3482400,94937.0,151137.0,3163.0,3163.0,3108.0,3134.3,31957800,3447.7,2820.9,3839.9,2896.0,3137.2,665,8,3137.1,15,1,3137.0,1051,10,3136.9,109,4,3136.8,271,4,3137.4,21,1,3137.5,293,14,3138.0,107,2,3138.1,2,1,3138.2,144,1
2031,2026-06-16 15:24:51+05:30,3137.4,3,3135.33,3482400,94937.0,151137.0,3163.0,3163.0,3108.0,3134.3,31957800,3447.7,2820.9,3839.9,2896.0,3137.2,665,8,3137.1,15,1,3137.0,1051,10,3136.9,109,4,3136.8,271,4,3137.4,21,1,3137.5,293,14,3138.0,107,2,3138.1,2,1,3138.2,144,1
2031,2026-06-16 15:24:51+05:30,3137.4,3,3135.33,3482400,94937.0,151137.0,3163.0,3163.0,3108.0,3134.3,31957800,3447.7,2820.9,3839.9,2896.0,3137.2,665,8,3137.1,15,1,3137.0,1051,10,3136.9,109,4,3136.8,271,4,3137.4,21,1,3137.5,293,14,3138.0,107,2,3138.1,2,1,3138.2,144,1
2031,2026-06-16 15:24:52+05:30,3137.4,4,3135.33,3482546,95144.0,151439.0,3163.0,3163.0,3108.0,3134.3,31957800,3447.7,2820.9,3839.9,2896.0,3137.4,5,1,3137.2,668,10,3137.1,46,3,3137.0,1248,10,3136.9,109,4,3137.5,226,9,3138.0,107,2,3138.1,2,1,3138.3,144,1,3138.5,203,2
2031,2026-06-16 15:24:52+05:30,3137.5,22,3135.33,3482546,95144.0,151439.0,3163.0,3163.0,3108.0,3134.3,31957800,3447.7,2820.9,3839.9,2896.0,3137.4,5,1,3137.2,668,10,3137.1,46,3,3137.0,1248,10,3136.9,109,4,3137.5,226,9,3138.0,107,2,3138.1,2,1,3138.3,144,1,3138.5,203,2
2031,2026-06-16 15:24:53+05:30,3137.4,2,3135.33,3482643,95304.0,150860.0,3163.0,3163.0,3108.0,3134.3,31957800,3447.7,2820.9,3839.9,2896.0,3137.4,38,1,3137.2,714,10,3137.1,246,4,3137.0,1064,10,3136.9,77,2,3137.5,251,5,3138.0,107,2,3138.1,2,1,3138.3,144,1,3138.5,203,2
2031,2026-06-16 15:24:53+05:30,3137.4,2,3135.33,3482643,95304.0,150860.0,3163.0,3163.0,3108.0,3134.3,31957800,3447.7,2820.9,3839.9,2896.0,3137.4,38,1,3137.2,714,10,3137.1,246,4,3137.0,1064,10,3136.9,77,2,3137.5,251,5,3138.0,107,2,3138.1,2,1,3138.3,144,1,3138.5,203,2
2031,2026-06-16 15:24:54+05:30,3137.4,2,3135.33,3482643,95304.0,150860.0,3163.0,3163.0,3108.0,3134.3,31957800,3447.7,2820.9,3839.9,2896.0,3137.4,38,1,3137.2,714,10,3137.1,246,4,3137.0,1064,10,3136.9,77,2,3137.5,251,5,3138.0,107,2,3138.1,2,1,3138.3,144,1,3138.5,203,2
2031,2026-06-16 15:24:54+05:30,3137.4,7,3135.33,3482672,95431.0,150876.0,3163.0,3163.0,3108.0,3134.3,31957800,3447.7,2820.9,3839.9,2896.0,3137.4,124,5,3137.3,18,1,3137.2,687,8,3137.1,46,3,3137.0,1244,9,3137.5,313,10,3138.0,107,2,3138.1,2,1,3138.3,144,1,3138.5,203,2
2031,2026-06-16 15:24:54+05:30,3137.4,1,3135.33,3482672,95431.0,150876.0,3163.0,3163.0,3108.0,3134.3,31957800,3447.7,2820.9,3839.9,2896.0,3137.4,124,5,3137.3,18,1,3137.2,687,8,3137.1,46,3,3137.0,1244,9,3137.5,313,10,3138.0,107,2,3138.1,2,1,3138.3,144,1,3138.5,203,2
2031,2026-06-16 15:24:55+05:30,3137.4,5,3135.33,3482797,95383.0,150882.0,3163.0,3163.0,3108.0,3134.3,31957800,3447.7,2820.9,3839.9,2896.0,3137.4,73,2,3137.3,21,2,3137.2,489,7,3137.1,244,4,3137.0,1244,9,3137.5,240,9,3138.0,107,2,3138.1,2,1,3138.3,144,1,3138.5,203,2
2031,2026-06-16 15:24:55+05:30,3137.3,144,3135.33,3482797,95383.0,150882.0,3163.0,3163.0,3108.0,3134.3,31957800,3447.7,2820.9,3839.9,2896.0,3137.4,73,2,3137.3,21,2,3137.2,489,7,3137.1,244,4,3137.0,1244,9,3137.5,240,9,3138.0,107,2,3138.1,2,1,3138.3,144,1,3138.5,203,2
2031,2026-06-16 15:24:56+05:30,3137.2,56,3135.33,3483479,93894.0,151548.0,3163.0,3163.0,3108.0,3134.3,31957800,3447.7,2820.9,3839.9,2896.0,3137.2,342,6,3137.1,30,2,3137.0,391,6,3136.9,289,4,3136.8,294,4,3137.5,292,12,3137.6,5,1,3138.0,107,2,3138.1,2,1,3138.3,200,1
2031,2026-06-16 15:24:56+05:30,3137.2,56,3135.33,3483479,93894.0,151548.0,3163.0,3163.0,3108.0,3134.3,31957800,3447.7,2820.9,3839.9,2896.0,3137.2,342,6,3137.1,30,2,3137.0,391,6,3136.9,289,4,3136.8,294,4,3137.5,292,12,3137.6,5,1,3138.0,107,2,3138.1,2,1,3138.3,200,1
2031,2026-06-16 15:24:56+05:30,3137.4,5,3135.33,3483479,93894.0,151548.0,3163.0,3163.0,3108.0,3134.3,31957800,3447.7,2820.9,3839.9,2896.0,3137.2,342,6,3137.1,30,2,3137.0,391,6,3136.9,289,4,3136.8,294,4,3137.5,292,12,3137.6,5,1,3138.0,107,2,3138.1,2,1,3138.3,200,1
2031,2026-06-16 15:24:57+05:30,3137.3,13,3135.33,3483515,94476.0,151745.0,3163.0,3163.0,3108.0,3134.3,31957800,3447.7,2820.9,3839.9,2896.0,3137.3,127,3,3137.2,263,7,3137.1,227,3,3137.0,407,7,3136.9,942,6,3137.4,1,1,3137.5,313,14,3138.0,107,2,3138.1,2,1,3138.3,200,1
2031,2026-06-16 15:24:57+05:30,3137.3,13,3135.33,3483515,94476.0,151745.0,3163.0,3163.0,3108.0,3134.3,31957800,3447.7,2820.9,3839.9,2896.0,3137.3,127,3,3137.2,263,7,3137.1,227,3,3137.0,407,7,3136.9,942,6,3137.4,1,1,3137.5,313,14,3138.0,107,2,3138.1,2,1,3138.3,200,1
2031,2026-06-16 15:24:58+05:30,3137.5,1,3135.33,3483559,95189.0,151168.0,3163.0,3163.0,3108.0,3134.3,31957800,3447.7,2820.9,3839.9,2896.0,3137.3,151,6,3137.2,461,8,3137.1,228,3,3137.0,391,6,3136.9,742,5,3137.5,321,14,3138.0,107,2,3138.1,2,1,3138.3,200,1,3138.5,303,3
2031,2026-06-16 15:24:58+05:30,3137.5,1,3135.33,3483559,95189.0,151168.0,3163.0,3163.0,3108.0,3134.3,31957800,3447.7,2820.9,3839.9,2896.0,3137.3,151,6,3137.2,461,8,3137.1,228,3,3137.0,391,6,3136.9,742,5,3137.5,321,14,3138.0,107,2,3138.1,2,1,3138.3,200,1,3138.5,303,3
2031,2026-06-16 15:24:58+05:30,3137.5,1,3135.33,3483559,95189.0,151168.0,3163.0,3163.0,3108.0,3134.3,31957800,3447.7,2820.9,3839.9,2896.0,3137.3,151,6,3137.2,461,8,3137.1,228,3,3137.0,391,6,3136.9,742,5,3137.5,321,14,3138.0,107,2,3138.1,2,1,3138.3,200,1,3138.5,303,3
2031,2026-06-16 15:24:59+05:30,3137.5,17,3135.33,3483599,95153.0,151367.0,3163.0,3163.0,3108.0,3134.3,31957800,3447.7,2820.9,3839.9,2896.0,3137.4,3,1,3137.3,125,5,3137.2,263,7,3137.1,413,3,3137.0,391,6,3137.5,334,17,3138.0,107,2,3138.1,2,1,3138.3,200,1,3138.5,303,3
2031,2026-06-16 15:24:59+05:30,3137.3,13,3135.33,3483599,95153.0,151367.0,3163.0,3163.0,3108.0,3134.3,31957800,3447.7,2820.9,3839.9,2896.0,3137.4,3,1,3137.3,125,5,3137.2,263,7,3137.1,413,3,3137.0,391,6,3137.5,334,17,3138.0,107,2,3138.1,2,1,3138.3,200,1,3138.5,303,3
2031,2026-06-16 15:25:00+05:30,3137.3,13,3135.33,3483599,95153.0,151367.0,3163.0,3163.0,3108.0,3134.3,31957800,3447.7,2820.9,3839.9,2896.0,3137.4,3,1,3137.3,125,5,3137.2,263,7,3137.1,413,3,3137.0,391,6,3137.5,334,17,3138.0,107,2,3138.1,2,1,3138.3,200,1,3138.5,303,3
2031,2026-06-16 15:25:00+05:30,3137.5,3,3135.33,3483804,92482.0,148064.0,3163.0,3163.0,3108.0,3134.3,31957800,3447.7,2820.9,3839.9,2896.0,3137.4,569,6,3137.3,103,6,3137.2,258,6,3137.1,235,3,3137.0,592,8,3137.5,326,17,3138.0,107,2,3138.1,2,1,3138.3,200,1,3138.5,303,3
2031,2026-06-16 15:25:00+05:30,3137.5,14,3135.33,3483804,92482.0,148064.0,3163.0,3163.0,3108.0,3134.3,31957800,3447.7,2820.9,3839.9,2896.0,3137.4,569,6,3137.3,103,6,3137.2,258,6,3137.1,235,3,3137.0,592,8,3137.5,326,17,3138.0,107,2,3138.1,2,1,3138.3,200,1,3138.5,303,3
2031,2026-06-16 15:25:01+05:30,3137.5,14,3135.33,3483804,92482.0,148064.0,3163.0,3163.0,3108.0,3134.3,31957800,3447.7,2820.9,3839.9,2896.0,3137.4,569,6,3137.3,103,6,3137.2,258,6,3137.1,235,3,3137.0,592,8,3137.5,326,17,3138.0,107,2,3138.1,2,1,3138.3,200,1,3138.5,303,3
2031,2026-06-16 15:25:01+05:30,3137.5,11,3135.33,3483918,93036.0,148036.0,3163.0,3163.0,3108.0,3134.3,31957800,3447.7,2820.9,3839.9,2896.0,3137.4,1175,10,3137.3,87,6,3137.2,256,5,3137.1,235,3,3137.0,505,7,3137.5,286,15,3138.0,107,2,3138.1,2,1,3138.2,200,1,3138.4,203,2
2031,2026-06-16 15:25:01+05:30,3137.5,11,3135.33,3483918,93036.0,148036.0,3163.0,3163.0,3108.0,3134.3,31957800,3447.7,2820.9,3839.9,2896.0,3137.4,1175,10,3137.3,87,6,3137.2,256,5,3137.1,235,3,3137.0,505,7,3137.5,286,15,3138.0,107,2,3138.1,2,1,3138.2,200,1,3138.4,203,2
2031,2026-06-16 15:25:01+05:30,3137.4,21,3135.33,3483918,93036.0,148036.0,3163.0,3163.0,3108.0,3134.3,31957800,3447.7,2820.9,3839.9,2896.0,3137.4,1175,10,3137.3,87,6,3137.2,256,5,3137.1,235,3,3137.0,505,7,3137.5,286,15,3138.0,107,2,3138.1,2,1,3138.2,200,1,3138.4,203,2
2031,2026-06-16 15:25:02+05:30,3137.4,21,3135.33,3483918,93036.0,148036.0,3163.0,3163.0,3108.0,3134.3,31957800,3447.7,2820.9,3839.9,2896.0,3137.4,1175,10,3137.3,87,6,3137.2,256,5,3137.1,235,3,3137.0,505,7,3137.5,286,15,3138.0,107,2,3138.1,2,1,3138.2,200,1,3138.4,203,2
2031,2026-06-16 15:25:02+05:30,3137.4,6,3135.33,3483987,93337.0,147849.0,3163.0,3163.0,3108.0,3134.3,31957800,3447.7,2820.9,3839.9,2896.0,3137.4,1470,14,3137.3,93,5,3137.2,256,5,3137.1,235,3,3137.0,505,7,3137.5,312,16,3138.0,107,2,3138.1,2,1,3138.2,200,1,3138.4,203,2
2031,2026-06-16 15:25:02+05:30,3137.4,6,3135.33,3483987,93337.0,147849.0,3163.0,3163.0,3108.0,3134.3,31957800,3447.7,2820.9,3839.9,2896.0,3137.4,1470,14,3137.3,93,5,3137.2,256,5,3137.1,235,3,3137.0,505,7,3137.5,312,16,3138.0,107,2,3138.1,2,1,3138.2,200,1,3138.4,203,2
2031,2026-06-16 15:25:02+05:30,3137.5,1,3135.33,3483987,93337.0,147849.0,3163.0,3163.0,3108.0,3134.3,31957800,3447.7,2820.9,3839.9,2896.0,3137.4,1470,14,3137.3,93,5,3137.2,256,5,3137.1,235,3,3137.0,505,7,3137.5,312,16,3138.0,107,2,3138.1,2,1,3138.2,200,1,3138.4,203,2
2031,2026-06-16 15:25:03+05:30,3137.5,1,3135.33,3483987,93337.0,147849.0,3163.0,3163.0,3108.0,3134.3,31957800,3447.7,2820.9,3839.9,2896.0,3137.4,1470,14,3137.3,93,5,3137.2,256,5,3137.1,235,3,3137.0,505,7,3137.5,312,16,3138.0,107,2,3138.1,2,1,3138.2,200,1,3138.4,203,2
2031,2026-06-16 15:25:03+05:30,3137.4,5,3135.33,3484024,93627.0,149461.0,3163.0,3163.0,3108.0,3134.3,31957800,3447.7,2820.9,3839.9,2896.0,3137.4,1774,18,3137.3,91,4,3137.2,256,5,3137.1,1,1,3137.0,515,7,3137.5,326,14,3137.6,1,1,3138.0,107,2,3138.1,2,1,3138.2,200,1
2031,2026-06-16 15:25:03+05:30,3137.4,14,3135.33,3484024,93627.0,149461.0,3163.0,3163.0,3108.0,3134.3,31957800,3447.7,2820.9,3839.9,2896.0,3137.4,1774,18,3137.3,91,4,3137.2,256,5,3137.1,1,1,3137.0,515,7,3137.5,326,14,3137.6,1,1,3138.0,107,2,3138.1,2,1,3138.2,200,1
2031,2026-06-16 15:25:04+05:30,3137.4,14,3135.33,3484024,93627.0,149461.0,3163.0,3163.0,3108.0,3134.3,31957800,3447.7,2820.9,3839.9,2896.0,3137.4,1774,18,3137.3,91,4,3137.2,256,5,3137.1,1,1,3137.0,515,7,3137.5,326,14,3137.6,1,1,3138.0,107,2,3138.1,2,1,3138.2,200,1
2031,2026-06-16 15:25:04+05:30,3137.4,20,3135.33,3484277,93540.0,149001.0,3163.0,3163.0,3108.0,3134.3,31957800,3447.7,2820.9,3839.9,2896.0,3137.4,1740,19,3137.3,76,3,3137.2,257,6,3137.0,502,6,3136.9,230,3,3137.5,229,12,3137.6,1,1,3138.0,107,2,3138.1,2,1,3138.2,200,1
2031,2026-06-16 15:25:04+05:30,3137.4,20,3135.33,3484277,93540.0,149001.0,3163.0,3163.0,3108.0,3134.3,31957800,3447.7,2820.9,3839.9,2896.0,3137.4,1740,19,3137.3,76,3,3137.2,257,6,3137.0,502,6,3136.9,230,3,3137.5,229,12,3137.6,1,1,3138.0,107,2,3138.1,2,1,3138.2,200,1
2031,2026-06-16 15:25:05+05:30,3137.4,20,3135.33,3484277,93540.0,149001.0,3163.0,3163.0,3108.0,3134.3,31957800,3447.7,2820.9,3839.9,2896.0,3137.4,1740,19,3137.3,76,3,3137.2,257,6,3137.0,502,6,3136.9,230,3,3137.5,229,12,3137.6,1,1,3138.0,107,2,3138.1,2,1,3138.2,200,1
2031,2026-06-16 15:25:05+05:30,3137.4,133,3135.33,3484277,93540.0,149001.0,3163.0,3163.0,3108.0,3134.3,31957800,3447.7,2820.9,3839.9,2896.0,3137.4,1740,19,3137.3,76,3,3137.2,257,6,3137.0,502,6,3136.9,230,3,3137.5,229,12,3137.6,1,1,3138.0,107,2,3138.1,2,1,3138.2,200,1
2031,2026-06-16 15:25:06+05:30,3137.4,133,3135.33,3484616,92147.0,149154.0,3163.0,3163.0,3108.0,3134.3,31957800,3447.7,2820.9,3839.9,2896.0,3137.4,1482,18,3137.3,76,3,3137.2,467,8,3137.0,91,3,3136.9,30,2,3137.5,250,13,3137.6,5,3,3138.0,107,2,3138.1,202,2,3138.3,203,2
2031,2026-06-16 15:25:06+05:30,3137.4,133,3135.33,3484616,92147.0,149154.0,3163.0,3163.0,3108.0,3134.3,31957800,3447.7,2820.9,3839.9,2896.0,3137.4,1482,18,3137.3,76,3,3137.2,467,8,3137.0,91,3,3136.9,30,2,3137.5,250,13,3137.6,5,3,3138.0,107,2,3138.1,202,2,3138.3,203,2
2031,2026-06-16 15:25:06+05:30,3137.5,9,3135.33,3484616,92147.0,149154.0,3163.0,3163.0,3108.0,3134.3,31957800,3447.7,2820.9,3839.9,2896.0,3137.4,1482,18,3137.3,76,3,3137.2,467,8,3137.0,91,3,3136.9,30,2,3137.5,250,13,3137.6,5,3,3138.0,107,2,3138.1,202,2,3138.3,203,2
2031,2026-06-16 15:25:07+05:30,3137.5,1,3135.33,3484718,92937.0,148939.0,3163.0,3163.0,3108.0,3134.3,31957800,3447.7,2820.9,3839.9,2896.0,3137.4,1475,18,3137.3,77,4,3137.2,466,7,3137.0,91,3,3136.9,30,2,3137.5,160,10,3137.6,7,4,3138.0,107,2,3138.1,202,2,3138.3,203,2
2031,2026-06-16 15:25:07+05:30,3137.5,1,3135.33,3484718,92937.0,148939.0,3163.0,3163.0,3108.0,3134.3,31957800,3447.7,2820.9,3839.9,2896.0,3137.4,1475,18,3137.3,77,4,3137.2,466,7,3137.0,91,3,3136.9,30,2,3137.5,160,10,3137.6,7,4,3138.0,107,2,3138.1,202,2,3138.3,203,2
2031,2026-06-16 15:25:07+05:30,3137.5,1,3135.33,3484718,92937.0,148939.0,3163.0,3163.0,3108.0,3134.3,31957800,3447.7,2820.9,3839.9,2896.0,3137.4,1475,18,3137.3,77,4,3137.2,466,7,3137.0,91,3,3136.9,30,2,3137.5,160,10,3137.6,7,4,3138.0,107,2,3138.1,202,2,3138.3,203,2
2031,2026-06-16 15:25:08+05:30,3137.4,1,3135.33,3484780,92851.0,149229.0,3163.0,3163.0,3108.0,3134.3,31957800,3447.7,2820.9,3839.9,2896.0,3137.4,1429,19,3137.3,76,3,3137.2,458,6,3137.0,91,3,3136.9,30,2,3137.5,335,17,3137.6,122,2,3138.0,107,2,3138.1,202,2,3138.3,200,1
2031,2026-06-16 15:25:08+05:30,3137.4,1,3135.33,3484780,92851.0,149229.0,3163.0,3163.0,3108.0,3134.3,31962600,3447.7,2820.9,3839.9,2896.0,3137.4,1429,19,3137.3,76,3,3137.2,458,6,3137.0,91,3,3136.9,30,2,3137.5,335,17,3137.6,122,2,3138.0,107,2,3138.1,202,2,3138.3,200,1
2031,2026-06-16 15:25:08+05:30,3137.5,1,3135.33,3484780,92851.0,149229.0,3163.0,3163.0,3108.0,3134.3,31962600,3447.7,2820.9,3839.9,2896.0,3137.4,1429,19,3137.3,76,3,3137.2,458,6,3137.0,91,3,3136.9,30,2,3137.5,335,17,3137.6,122,2,3138.0,107,2,3138.1,202,2,3138.3,200,1
2031,2026-06-16 15:25:09+05:30,3137.4,23,3135.33,3485282,91624.0,149325.0,3163.0,3163.0,3108.0,3134.3,31962600,3447.7,2820.9,3839.9,2896.0,3137.4,1116,18,3137.3,91,4,3137.2,458,6,3137.0,91,3,3136.9,35,3,3137.5,333,17,3137.6,122,2,3138.0,107,2,3138.1,202,2,3138.3,200,1
2031,2026-06-16 15:25:09+05:30,3137.4,6,3135.33,3485282,91624.0,149325.0,3163.0,3163.0,3108.0,3134.3,31962600,3447.7,2820.9,3839.9,2896.0,3137.4,1116,18,3137.3,91,4,3137.2,458,6,3137.0,91,3,3136.9,35,3,3137.5,333,17,3137.6,122,2,3138.0,107,2,3138.1,202,2,3138.3,200,1
2031,2026-06-16 15:25:10+05:30,3137.4,6,3135.33,3485340,92103.0,149197.0,3163.0,3163.0,3108.0,3134.3,31962600,3447.7,2820.9,3839.9,2896.0,3137.4,1500,23,3137.3,82,4,3137.2,305,5,3137.0,48,2,3136.9,6,2,3137.5,405,19,3137.6,122,2,3138.0,307,3,3138.1,2,1,3138.2,200,1
2031,2026-06-16 15:25:10+05:30,3137.4,2,3135.33,3485340,92103.0,149197.0,3163.0,3163.0,3108.0,3134.3,31962600,3447.7,2820.9,3839.9,2896.0,3137.4,1500,23,3137.3,82,4,3137.2,305,5,3137.0,48,2,3136.9,6,2,3137.5,405,19,3137.6,122,2,3138.0,307,3,3138.1,2,1,3138.2,200,1
2031,2026-06-16 15:25:11+05:30,3137.4,22,3135.33,3485579,92077.0,148894.0,3163.0,3163.0,3108.0,3134.3,31962600,3447.7,2820.9,3839.9,2896.0,3137.4,1427,24,3137.3,67,3,3137.2,305,5,3137.0,49,3,3136.9,6,2,3137.5,369,16,3137.6,122,2,3138.0,307,3,3138.1,2,1,3138.2,200,1
2031,2026-06-16 15:25:11+05:30,3137.5,13,3135.33,3485579,92077.0,148894.0,3163.0,3163.0,3108.0,3134.3,31962600,3447.7,2820.9,3839.9,2896.0,3137.4,1427,24,3137.3,67,3,3137.2,305,5,3137.0,49,3,3136.9,6,2,3137.5,369,16,3137.6,122,2,3138.0,307,3,3138.1,2,1,3138.2,200,1
2031,2026-06-16 15:25:12+05:30,3137.5,13,3135.33,3485723,92537.0,148888.0,3163.0,3163.0,3108.0,3134.3,31962600,3447.7,2820.9,3839.9,2896.0,3137.4,1414,24,3137.3,67,3,3137.2,305,5,3137.0,49,3,3136.9,6,2,3137.5,363,17,3137.6,128,3,3138.0,307,3,3138.2,200,1,3138.4,3,1
2031,2026-06-16 15:25:13+05:30,3137.5,5,3135.33,3485891,92747.0,148347.0,3163.0,3163.0,3108.0,3134.3,31962600,3447.7,2820.9,3839.9,2896.0,3137.4,1412,24,3137.3,28,2,3137.2,428,6,3137.1,1,1,3137.0,52,3,3137.5,273,13,3137.6,128,3,3138.0,307,3,3138.2,200,1,3138.4,3,1
2031,2026-06-16 15:25:13+05:30,3137.4,3,3135.33,3485891,92747.0,148347.0,3163.0,3163.0,3108.0,3134.3,31962600,3447.7,2820.9,3839.9,2896.0,3137.4,1412,24,3137.3,28,2,3137.2,428,6,3137.1,1,1,3137.0,52,3,3137.5,273,13,3137.6,128,3,3138.0,307,3,3138.2,200,1,3138.4,3,1
2031,2026-06-16 15:25:14+05:30,3137.5,7,3135.33,3485963,91786.0,148423.0,3163.0,3163.0,3108.0,3134.3,31962600,3447.7,2820.9,3839.9,2896.0,3137.4,1346,20,3137.3,28,2,3137.2,428,6,3137.1,1,1,3137.0,52,3,3137.5,350,18,3137.6,128,3,3138.0,307,3,3138.2,200,1,3138.4,3,1
2031,2026-06-16 15:25:14+05:30,3137.5,19,3135.33,3485963,91786.0,148423.0,3163.0,3163.0,3108.0,3134.3,31962600,3447.7,2820.9,3839.9,2896.0,3137.4,1346,20,3137.3,28,2,3137.2,428,6,3137.1,1,1,3137.0,52,3,3137.5,350,18,3137.6,128,3,3138.0,307,3,3138.2,200,1,3138.4,3,1
2031,2026-06-16 15:25:15+05:30,3137.5,17,3135.33,3486416,92541.0,147173.0,3163.0,3163.0,3108.0,3134.3,31962600,3447.7,2820.9,3839.9,2896.0,3137.4,1483,22,3137.3,43,3,3137.2,429,7,3137.0,552,6,3136.9,6,2,3137.5,214,9,3137.6,128,3,3138.0,307,3,3138.2,200,1,3138.4,3,1
2031,2026-06-16 15:25:15+05:30,3137.4,5,3135.33,3486416,92541.0,147173.0,3163.0,3163.0,3108.0,3134.3,31962600,3447.7,2820.9,3839.9,2896.0,3137.4,1483,22,3137.3,43,3,3137.2,429,7,3137.0,552,6,3136.9,6,2,3137.5,214,9,3137.6,128,3,3138.0,307,3,3138.2,200,1,3138.4,3,1
2031,2026-06-16 15:25:16+05:30,3137.4,1,3135.33,3486698,92490.0,146552.0,3163.0,3163.0,3108.0,3134.3,31962600,3447.7,2820.9,3839.9,2896.0,3137.4,1514,23,3137.3,43,3,3137.2,429,7,3137.0,270,5,3136.9,6,2,3137.5,193,7,3137.6,128,3,3138.0,307,3,3138.2,200,1,3138.4,3,1
2031,2026-06-16 15:25:16+05:30,3137.5,2,3135.33,3486698,92490.0,146552.0,3163.0,3163.0,3108.0,3134.3,31962600,3447.7,2820.9,3839.9,2896.0,3137.4,1514,23,3137.3,43,3,3137.2,429,7,3137.0,270,5,3136.9,6,2,3137.5,193,7,3137.6,128,3,3138.0,307,3,3138.2,200,1,3138.4,3,1
2031,2026-06-16 15:25:17+05:30,3137.4,11,3135.33,3486912,92725.0,147212.0,3163.0,3163.0,3108.0,3134.3,31962600,3447.7,2820.9,3839.9,2896.0,3137.4,1661,25,3137.3,28,2,3137.2,429,7,3137.0,378,6,3136.9,1,1,3137.5,49,5,3137.6,128,3,3137.9,200,1,3138.0,107,2,3138.1,200,1
2031,2026-06-16 15:25:17+05:30,3137.4,83,3135.33,3486912,92725.0,147212.0,3163.0,3163.0,3108.0,3134.3,31962600,3447.7,2820.9,3839.9,2896.0,3137.4,1661,25,3137.3,28,2,3137.2,429,7,3137.0,378,6,3136.9,1,1,3137.5,49,5,3137.6,128,3,3137.9,200,1,3138.0,107,2,3138.1,200,1
2031,2026-06-16 15:25:18+05:30,3137.4,3,3135.33,3487974,90553.0,148128.0,3163.0,3163.0,3108.0,3134.3,31962600,3447.7,2820.9,3839.9,2896.0,3137.4,908,17,3137.3,29,3,3137.2,428,6,3137.0,466,5,3136.9,1,1,3137.5,211,3,3137.6,128,3,3137.7,200,1,3138.0,110,3,3138.5,100,1
2031,2026-06-16 15:25:18+05:30,3137.5,27,3135.33,3487974,90553.0,148128.0,3163.0,3163.0,3108.0,3134.3,31962600,3447.7,2820.9,3839.9,2896.0,3137.4,908,17,3137.3,29,3,3137.2,428,6,3137.0,466,5,3136.9,1,1,3137.5,211,3,3137.6,128,3,3137.7,200,1,3138.0,110,3,3138.5,100,1
2031,2026-06-16 15:25:19+05:30,3137.4,5,3135.33,3488038,90569.0,148206.0,3163.0,3163.0,3108.0,3134.3,31962600,3447.7,2820.9,3839.9,2896.0,3137.4,921,19,3137.3,28,2,3137.2,428,6,3137.0,480,6,3136.9,1,1,3137.5,279,7,3137.6,128,3,3137.7,210,2,3138.0,110,3,3138.5,100,1
2031,2026-06-16 15:25:19+05:30,3137.4,15,3135.33,3488038,90569.0,148206.0,3163.0,3163.0,3108.0,3134.3,31962600,3447.7,2820.9,3839.9,2896.0,3137.4,921,19,3137.3,28,2,3137.2,428,6,3137.0,480,6,3136.9,1,1,3137.5,279,7,3137.6,128,3,3137.7,210,2,3138.0,110,3,3138.5,100,1
2031,2026-06-16 15:25:20+05:30,3137.4,10,3135.33,3488101,90520.0,148258.0,3163.0,3163.0,3108.0,3134.3,31962600,3447.7,2820.9,3839.9,2896.0,3137.4,872,20,3137.3,28,2,3137.2,428,6,3137.0,67,5,3136.9,414,3,3137.5,330,9,3137.6,128,3,3137.7,210,2,3138.0,111,4,3138.5,100,1
2031,2026-06-16 15:25:20+05:30,3137.4,40,3135.33,3488101,90520.0,148258.0,3163.0,3163.0,3108.0,3134.3,31962600,3447.7,2820.9,3839.9,2896.0,3137.4,872,20,3137.3,28,2,3137.2,428,6,3137.0,67,5,3136.9,414,3,3137.5,330,9,3137.6,128,3,3137.7,210,2,3138.0,111,4,3138.5,100,1
2031,2026-06-16 15:25:21+05:30,3137.5,25,3135.33,3488639,91043.0,148149.0,3163.0,3163.0,3108.0,3134.3,31962600,3447.7,2820.9,3839.9,2896.0,3137.4,872,15,3137.3,45,3,3137.2,428,6,3137.1,400,1,3137.0,67,5,3137.5,224,12,3137.6,128,3,3137.7,210,2,3138.0,108,3,3138.5,100,1
2031,2026-06-16 15:25:21+05:30,3137.4,40,3135.33,3488639,91043.0,148149.0,3163.0,3163.0,3108.0,3134.3,31962600,3447.7,2820.9,3839.9,2896.0,3137.4,872,15,3137.3,45,3,3137.2,428,6,3137.1,400,1,3137.0,67,5,3137.5,224,12,3137.6,128,3,3137.7,210,2,3138.0,108,3,3138.5,100,1
2031,2026-06-16 15:25:22+05:30,3137.5,20,3135.33,3488874,90986.0,147829.0,3163.0,3163.0,3108.0,3134.3,31962600,3447.7,2820.9,3839.9,2896.0,3137.4,777,15,3137.3,45,3,3137.2,428,6,3137.1,439,2,3137.0,53,4,3137.5,102,9,3137.6,131,4,3137.7,210,2,3138.0,111,4,3138.5,100,1
2031,2026-06-16 15:25:22+05:30,3137.4,5,3135.33,3488874,90986.0,147829.0,3163.0,3163.0,3108.0,3134.3,31962600,3447.7,2820.9,3839.9,2896.0,3137.4,777,15,3137.3,45,3,3137.2,428,6,3137.1,439,2,3137.0,53,4,3137.5,102,9,3137.6,131,4,3137.7,210,2,3138.0,111,4,3138.5,100,1
2031,2026-06-16 15:25:23+05:30,3137.4,21,3135.33,3489823,89788.0,148110.0,3163.0,3163.0,3108.0,3134.3,31962600,3447.7,2820.9,3839.9,2896.0,3137.4,480,12,3137.3,28,2,3137.2,428,6,3137.1,40,2,3137.0,52,3,3137.5,389,7,3137.6,128,3,3137.7,210,2,3138.0,108,3,3138.5,100,1
2031,2026-06-16 15:25:23+05:30,3137.4,21,3135.33,3489823,89788.0,148110.0,3163.0,3163.0,3108.0,3134.3,31962600,3447.7,2820.9,3839.9,2896.0,3137.4,480,12,3137.3,28,2,3137.2,428,6,3137.1,40,2,3137.0,52,3,3137.5,389,7,3137.6,128,3,3137.7,210,2,3138.0,108,3,3138.5,100,1
2031,2026-06-16 15:25:24+05:30,3137.4,1,3135.33,3490116,88947.0,148596.0,3163.0,3163.0,3108.0,3134.3,31962600,3447.7,2820.9,3839.9,2896.0,3137.4,245,9,3137.3,28,2,3137.2,428,6,3137.1,40,2,3137.0,452,4,3137.5,464,11,3137.6,128,3,3137.7,210,2,3138.0,312,4,3138.4,3,1
2031,2026-06-16 15:25:24+05:30,3137.4,1,3135.33,3490116,88947.0,148596.0,3163.0,3163.0,3108.0,3134.3,31962600,3447.7,2820.9,3839.9,2896.0,3137.4,245,9,3137.3,28,2,3137.2,428,6,3137.1,40,2,3137.0,452,4,3137.5,464,11,3137.6,128,3,3137.7,210,2,3138.0,312,4,3138.4,3,1
2031,2026-06-16 15:25:25+05:30,3137.4,4,3135.33,3490116,88947.0,148596.0,3163.0,3163.0,3108.0,3134.3,31962600,3447.7,2820.9,3839.9,2896.0,3137.4,245,9,3137.3,28,2,3137.2,428,6,3137.1,40,2,3137.0,452,4,3137.5,464,11,3137.6,128,3,3137.7,210,2,3138.0,312,4,3138.4,3,1
2031,2026-06-16 15:25:26+05:30,3137.4,4,3135.33,3490516,89274.0,148662.0,3163.0,3163.0,3108.0,3134.3,31962600,3447.7,2820.9,3839.9,2896.0,3137.4,259,9,3137.3,28,2,3137.2,429,7,3137.1,39,1,3137.0,471,5,3137.5,530,15,3137.6,128,3,3137.7,210,2,3138.0,312,4,3138.4,3,1
2031,2026-06-16 15:25:26+05:30,3137.4,10,3135.33,3490516,89274.0,148662.0,3163.0,3163.0,3108.0,3134.3,31962600,3447.7,2820.9,3839.9,2896.0,3137.4,259,9,3137.3,28,2,3137.2,429,7,3137.1,39,1,3137.0,471,5,3137.5,530,15,3137.6,128,3,3137.7,210,2,3138.0,312,4,3138.4,3,1
2031,2026-06-16 15:25:27+05:30,3137.4,10,3135.33,3490549,89162.0,148671.0,3163.0,3163.0,3108.0,3134.3,31962600,3447.7,2820.9,3839.9,2896.0,3137.4,249,10,3137.3,28,2,3137.2,429,7,3137.1,39,1,3137.0,471,5,3137.5,547,16,3137.6,128,3,3137.7,210,2,3138.0,304,3,3138.4,3,1
2031,2026-06-16 15:25:27+05:30,3137.4,1,3135.33,3490549,89162.0,148671.0,3163.0,3163.0,3108.0,3134.3,31962600,3447.7,2820.9,3839.9,2896.0,3137.4,249,10,3137.3,28,2,3137.2,429,7,3137.1,39,1,3137.0,471,5,3137.5,547,16,3137.6,128,3,3137.7,210,2,3138.0,304,3,3138.4,3,1
2031,2026-06-16 15:25:28+05:30,3137.5,4,3135.33,3491087,89663.0,148649.0,3163.0,3163.0,3108.0,3134.3,31962600,3447.7,2820.9,3839.9,2896.0,3137.4,239,13,3137.3,28,2,3137.2,428,6,3137.1,439,2,3137.0,71,4,3137.5,520,13,3137.6,128,3,3137.7,210,2,3138.0,304,3,3138.4,3,1
2031,2026-06-16 15:25:28+05:30,3137.5,27,3135.33,3491087,89663.0,148649.0,3163.0,3163.0,3108.0,3134.3,31962600,3447.7,2820.9,3839.9,2896.0,3137.4,239,13,3137.3,28,2,3137.2,428,6,3137.1,439,2,3137.0,71,4,3137.5,520,13,3137.6,128,3,3137.7,210,2,3138.0,304,3,3138.4,3,1
2031,2026-06-16 15:25:29+05:30,3137.5,10,3135.33,3491315,90036.0,148311.0,3163.0,3163.0,3108.0,3134.3,31962600,3447.7,2820.9,3839.9,2896.0,3137.4,204,11,3137.3,43,3,3137.2,428,6,3137.1,439,2,3137.0,71,4,3137.5,386,13,3137.6,128,3,3137.7,210,2,3138.0,100,2,3138.4,3,1
2031,2026-06-16 15:25:29+05:30,3137.5,3,3135.33,3491315,90036.0,148311.0,3163.0,3163.0,3108.0,3134.3,31962600,3447.7,2820.9,3839.9,2896.0,3137.4,204,11,3137.3,43,3,3137.2,428,6,3137.1,439,2,3137.0,71,4,3137.5,386,13,3137.6,128,3,3137.7,210,2,3138.0,100,2,3138.4,3,1
2031,2026-06-16 15:25:30+05:30,3137.5,16,3135.33,3491584,90981.0,147982.0,3163.0,3163.0,3108.0,3134.3,31962600,3447.7,2820.9,3839.9,2896.0,3137.4,262,14,3137.3,28,2,3137.2,428,6,3137.1,439,2,3137.0,97,5,3137.5,195,11,3137.6,128,3,3137.7,210,2,3138.0,100,2,3138.4,3,1
2031,2026-06-16 15:25:30+05:30,3137.5,30,3135.33,3491584,90981.0,147982.0,3163.0,3163.0,3108.0,3134.3,31962600,3447.7,2820.9,3839.9,2896.0,3137.4,262,14,3137.3,28,2,3137.2,428,6,3137.1,439,2,3137.0,97,5,3137.5,195,11,3137.6,128,3,3137.7,210,2,3138.0,100,2,3138.4,3,1
2031,2026-06-16 15:25:31+05:30,3137.4,23,3135.33,3491914,90131.0,148353.0,3163.0,3163.0,3108.0,3134.3,31962600,3447.7,2820.9,3839.9,2896.0,3137.4,219,13,3137.3,28,2,3137.2,428,6,3137.1,439,2,3137.0,98,6,3137.5,274,13,3137.6,133,4,3137.7,210,2,3138.0,304,3,3138.5,100,1
2031,2026-06-16 15:25:31+05:30,3137.5,2,3135.33,3491914,90131.0,148353.0,3163.0,3163.0,3108.0,3134.3,31962600,3447.7,2820.9,3839.9,2896.0,3137.4,219,13,3137.3,28,2,3137.2,428,6,3137.1,439,2,3137.0,98,6,3137.5,274,13,3137.6,133,4,3137.7,210,2,3138.0,304,3,3138.5,100,1
2031,2026-06-16 15:25:32+05:30,3137.5,5,3135.33,3492096,89918.0,148525.0,3163.0,3163.0,3108.0,3134.3,31962600,3447.7,2820.9,3839.9,2896.0,3137.4,134,13,3137.3,28,2,3137.2,428,6,3137.1,440,3,3137.0,97,5,3137.5,420,10,3137.6,133,4,3137.7,210,2,3138.0,304,3,3138.4,3,1
2031,2026-06-16 15:25:32+05:30,3137.4,1,3135.33,3492096,89918.0,148525.0,3163.0,3163.0,3108.0,3134.3,31962600,3447.7,2820.9,3839.9,2896.0,3137.4,134,13,3137.3,28,2,3137.2,428,6,3137.1,440,3,3137.0,97,5,3137.5,420,10,3137.6,133,4,3137.7,210,2,3138.0,304,3,3138.4,3,1
2031,2026-06-16 15:25:33+05:30,3137.4,27,3135.33,3492422,89410.0,146462.0,3163.0,3163.0,3108.0,3134.3,31962600,3447.7,2820.9,3839.9,2896.0,3137.4,138,7,3137.3,44,3,3137.2,428,6,3137.1,440,3,3137.0,97,5,3137.5,357,11,3137.6,133,4,3137.7,210,2,3138.0,304,3,3138.4,3,1
2031,2026-06-16 15:25:33+05:30,3137.4,15,3135.33,3492422,89410.0,146462.0,3163.0,3163.0,3108.0,3134.3,31962600,3447.7,2820.9,3839.9,2896.0,3137.4,138,7,3137.3,44,3,3137.2,428,6,3137.1,440,3,3137.0,97,5,3137.5,357,11,3137.6,133,4,3137.7,210,2,3138.0,304,3,3138.4,3,1
2031,2026-06-16 15:25:34+05:30,3137.4,2,3135.33,3492558,90005.0,146261.0,3163.0,3163.0,3108.0,3134.3,31962600,3447.7,2820.9,3839.9,2896.0,3137.4,225,11,3137.3,44,3,3137.2,829,8,3137.1,39,1,3137.0,97,5,3137.5,360,11,3137.6,133,4,3137.7,210,2,3138.0,100,2,3138.4,3,1
2031,2026-06-16 15:25:34+05:30,3137.4,13,3135.33,3492558,90005.0,146261.0,3163.0,3163.0,3108.0,3134.3,31962600,3447.7,2820.9,3839.9,2896.0,3137.4,225,11,3137.3,44,3,3137.2,829,8,3137.1,39,1,3137.0,97,5,3137.5,360,11,3137.6,133,4,3137.7,210,2,3138.0,100,2,3138.4,3,1
2031,2026-06-16 15:25:35+05:30,3137.4,50,3135.33,3493125,89545.0,148486.0,3163.0,3163.0,3108.0,3134.3,31962600,3447.7,2820.9,3839.9,2896.0,3137.3,324,4,3137.2,828,7,3137.1,40,2,3137.0,97,5,3136.8,201,2,3137.4,81,1,3137.5,162,10,3137.6,333,5,3137.7,10,1,3137.8,200,1
2031,2026-06-16 15:25:35+05:30,3137.4,81,3135.33,3493125,89545.0,148486.0,3163.0,3163.0,3108.0,3134.3,31962600,3447.7,2820.9,3839.9,2896.0,3137.3,324,4,3137.2,828,7,3137.1,40,2,3137.0,97,5,3136.8,201,2,3137.4,81,1,3137.5,162,10,3137.6,333,5,3137.7,10,1,3137.8,200,1
2031,2026-06-16 15:25:36+05:30,3137.4,4,3135.33,3493125,89545.0,148486.0,3163.0,3163.0,3108.0,3134.3,31962600,3447.7,2820.9,3839.9,2896.0,3137.3,324,4,3137.2,828,7,3137.1,40,2,3137.0,97,5,3136.8,201,2,3137.4,81,1,3137.5,162,10,3137.6,333,5,3137.7,10,1,3137.8,200,1
2031,2026-06-16 15:25:37+05:30,3137.4,4,3135.33,3493360,89792.0,148179.0,3163.0,3163.0,3108.0,3134.3,31962600,3447.7,2820.9,3839.9,2896.0,3137.3,712,5,3137.2,429,7,3137.1,39,1,3137.0,97,5,3136.9,200,1,3137.4,196,8,3137.5,60,6,3137.6,333,5,3137.7,10,1,3137.8,200,1
2031,2026-06-16 15:25:37+05:30,3137.4,2,3135.33,3493360,89792.0,148179.0,3163.0,3163.0,3108.0,3134.3,31962600,3447.7,2820.9,3839.9,2896.0,3137.3,712,5,3137.2,429,7,3137.1,39,1,3137.0,97,5,3136.9,200,1,3137.4,196,8,3137.5,60,6,3137.6,333,5,3137.7,10,1,3137.8,200,1
2031,2026-06-16 15:25:38+05:30,3137.3,232,3135.33,3493636,90931.0,148216.0,3163.0,3163.0,3108.0,3134.3,31962600,3447.7,2820.9,3839.9,2896.0,3137.3,97,7,3137.2,828,7,3137.1,39,1,3137.0,71,4,3136.8,201,2,3137.4,233,10,3137.5,60,6,3137.6,333,5,3137.7,10,1,3137.8,200,1
2031,2026-06-16 15:25:38+05:30,3137.4,1,3135.33,3493636,90931.0,148216.0,3163.0,3163.0,3108.0,3134.3,31962600,3447.7,2820.9,3839.9,2896.0,3137.3,97,7,3137.2,828,7,3137.1,39,1,3137.0,71,4,3136.8,201,2,3137.4,233,10,3137.5,60,6,3137.6,333,5,3137.7,10,1,3137.8,200,1
2031,2026-06-16 15:25:39+05:30,3137.4,1,3135.33,3493641,91618.0,148407.0,3163.0,3163.0,3108.0,3134.3,31962600,3447.7,2820.9,3839.9,2896.0,3137.3,174,8,3137.2,863,8,3137.1,39,1,3137.0,52,3,3136.8,213,3,3137.4,251,13,3137.5,34,3,3137.6,333,5,3137.7,10,1,3137.8,200,1
2031,2026-06-16 15:25:39+05:30,3137.3,13,3135.33,3493641,91618.0,148407.0,3163.0,3163.0,3108.0,3134.3,31962600,3447.7,2820.9,3839.9,2896.0,3137.3,174,8,3137.2,863,8,3137.1,39,1,3137.0,52,3,3136.8,213,3,3137.4,251,13,3137.5,34,3,3137.6,333,5,3137.7,10,1,3137.8,200,1
2031,2026-06-16 15:25:40+05:30,3137.3,5,3135.34,3493864,91408.0,148458.0,3163.0,3163.0,3108.0,3134.3,31962600,3447.7,2820.9,3839.9,2896.0,3137.3,103,6,3137.2,463,7,3137.1,439,2,3137.0,52,3,3136.8,1,1,3137.4,291,17,3137.5,245,5,3137.6,133,4,3137.7,210,2,3138.0,100,2
2031,2026-06-16 15:25:40+05:30,3137.3,15,3135.34,3493864,91408.0,148458.0,3163.0,3163.0,3108.0,3134.3,31962600,3447.7,2820.9,3839.9,2896.0,3137.3,103,6,3137.2,463,7,3137.1,439,2,3137.0,52,3,3136.8,1,1,3137.4,291,17,3137.5,245,5,3137.6,133,4,3137.7,210,2,3138.0,100,2
2031,2026-06-16 15:25:41+05:30,3137.3,7,3135.34,3494157,91376.0,148734.0,3163.0,3163.0,3108.0,3134.3,31962600,3447.7,2820.9,3839.9,2896.0,3137.3,25,3,3137.2,463,7,3137.1,439,2,3137.0,52,3,3136.8,1,1,3137.4,363,22,3137.5,245,5,3137.6,133,4,3137.7,210,2,3138.0,304,3
2031,2026-06-16 15:25:41+05:30,3137.2,11,3135.34,3494157,91376.0,148734.0,3163.0,3163.0,3108.0,3134.3,31962600,3447.7,2820.9,3839.9,2896.0,3137.3,25,3,3137.2,463,7,3137.1,439,2,3137.0,52,3,3136.8,1,1,3137.4,363,22,3137.5,245,5,3137.6,133,4,3137.7,210,2,3138.0,304,3
2031,2026-06-16 15:25:42+05:30,3137.4,12,3135.34,3494309,91404.0,148665.0,3163.0,3163.0,3108.0,3134.3,31962600,3447.7,2820.9,3839.9,2896.0,3137.2,852,8,3137.1,39,1,3137.0,52,3,3136.8,201,2,3136.7,2,2,3137.4,302,19,3137.5,237,4,3137.6,133,4,3137.7,210,2,3138.0,304,3
2031,2026-06-16 15:25:42+05:30,3137.4,12,3135.34,3494309,91404.0,148665.0,3163.0,3163.0,3108.0,3134.3,31962600,3447.7,2820.9,3839.9,2896.0,3137.2,852,8,3137.1,39,1,3137.0,52,3,3136.8,201,2,3136.7,2,2,3137.4,302,19,3137.5,237,4,3137.6,133,4,3137.7,210,2,3138.0,304,3
2031,2026-06-16 15:25:43+05:30,3137.2,14,3135.34,3494325,91223.0,147719.0,3163.0,3163.0,3108.0,3134.3,31962600,3447.7,2820.9,3839.9,2896.0,3137.2,450,8,3137.1,439,2,3137.0,52,3,3136.8,1,1,3136.7,202,3,3137.4,328,21,3137.5,237,4,3137.6,133,4,3137.7,210,2,3138.0,304,3
2031,2026-06-16 15:25:43+05:30,3137.2,2,3135.34,3494325,91223.0,147719.0,3163.0,3163.0,3108.0,3134.3,31962600,3447.7,2820.9,3839.9,2896.0,3137.2,450,8,3137.1,439,2,3137.0,52,3,3136.8,1,1,3136.7,202,3,3137.4,328,21,3137.5,237,4,3137.6,133,4,3137.7,210,2,3138.0,304,3
2031,2026-06-16 15:25:44+05:30,3137.2,7,3135.34,3494400,90974.0,147771.0,3163.0,3163.0,3108.0,3134.3,31962600,3447.7,2820.9,3839.9,2896.0,3137.2,427,7,3137.1,454,3,3137.0,52,3,3136.8,1,1,3136.7,202,3,3137.4,379,22,3137.5,237,4,3137.6,133,4,3137.7,210,2,3138.0,304,3
2031,2026-06-16 15:25:44+05:30,3137.2,7,3135.34,3494400,90974.0,147771.0,3163.0,3163.0,3108.0,3134.3,31962600,3447.7,2820.9,3839.9,2896.0,3137.2,427,7,3137.1,454,3,3137.0,52,3,3136.8,1,1,3136.7,202,3,3137.4,379,22,3137.5,237,4,3137.6,133,4,3137.7,210,2,3138.0,304,3
2031,2026-06-16 15:25:45+05:30,3137.4,17,3135.34,3494463,91392.0,147770.0,3163.0,3163.0,3108.0,3134.3,31962600,3447.7,2820.9,3839.9,2896.0,3137.2,385,7,3137.1,454,3,3137.0,67,4,3136.8,1,1,3136.7,202,3,3137.4,378,24,3137.5,237,4,3137.6,133,4,3137.7,210,2,3138.0,304,3
2031,2026-06-16 15:25:45+05:30,3137.4,17,3135.34,3494463,91392.0,147770.0,3163.0,3163.0,3108.0,3134.3,31962600,3447.7,2820.9,3839.9,2896.0,3137.2,385,7,3137.1,454,3,3137.0,67,4,3136.8,1,1,3136.7,202,3,3137.4,378,24,3137.5,237,4,3137.6,133,4,3137.7,210,2,3138.0,304,3
2031,2026-06-16 15:25:46+05:30,3137.2,1,3135.34,3494468,91433.0,147942.0,3163.0,3163.0,3108.0,3134.3,31962600,3447.7,2820.9,3839.9,2896.0,3137.2,384,7,3137.1,68,3,3137.0,467,5,3136.8,1,1,3136.7,2,2,3137.3,533,3,3137.4,349,23,3137.5,237,4,3137.6,133,4,3137.7,10,1
2031,2026-06-16 15:25:46+05:30,3137.2,6,3135.34,3494468,91433.0,147942.0,3163.0,3163.0,3108.0,3134.3,31962600,3447.7,2820.9,3839.9,2896.0,3137.2,384,7,3137.1,68,3,3137.0,467,5,3136.8,1,1,3136.7,2,2,3137.3,533,3,3137.4,349,23,3137.5,237,4,3137.6,133,4,3137.7,10,1
2031,2026-06-16 15:25:47+05:30,3137.2,21,3135.34,3495001,91065.0,146740.0,3163.0,3163.0,3108.0,3134.3,31962600,3447.7,2820.9,3839.9,2896.0,3137.2,92,3,3137.1,68,3,3137.0,452,4,3136.8,1,1,3136.7,2,2,3137.3,408,5,3137.4,294,20,3137.5,237,4,3137.6,133,4,3137.9,3,1
2031,2026-06-16 15:25:47+05:30,3137.2,21,3135.34,3495001,91065.0,146740.0,3163.0,3163.0,3108.0,3134.3,31962600,3447.7,2820.9,3839.9,2896.0,3137.2,92,3,3137.1,68,3,3137.0,452,4,3136.8,1,1,3136.7,2,2,3137.3,408,5,3137.4,294,20,3137.5,237,4,3137.6,133,4,3137.9,3,1
2031,2026-06-16 15:25:48+05:30,3137.2,21,3135.34,3495001,91065.0,146740.0,3163.0,3163.0,3108.0,3134.3,31962600,3447.7,2820.9,3839.9,2896.0,3137.2,92,3,3137.1,68,3,3137.0,452,4,3136.8,1,1,3136.7,2,2,3137.3,408,5,3137.4,294,20,3137.5,237,4,3137.6,133,4,3137.9,3,1
2031,2026-06-16 15:25:48+05:30,3137.3,3,3135.34,3495060,91282.0,145826.0,3163.0,3163.0,3108.0,3134.3,31962600,3447.7,2820.9,3839.9,2896.0,3137.2,159,7,3137.1,68,3,3137.0,674,6,3136.8,1,1,3136.7,2,2,3137.3,596,15,3137.4,192,10,3137.5,237,4,3137.6,133,4,3138.0,307,4
2031,2026-06-16 15:25:48+05:30,3137.3,3,3135.34,3495060,91282.0,145826.0,3163.0,3163.0,3108.0,3134.3,31962600,3447.7,2820.9,3839.9,2896.0,3137.2,159,7,3137.1,68,3,3137.0,674,6,3136.8,1,1,3136.7,2,2,3137.3,596,15,3137.4,192,10,3137.5,237,4,3137.6,133,4,3138.0,307,4
2031,2026-06-16 15:25:49+05:30,3137.2,1,3135.34,3495097,91404.0,145815.0,3163.0,3163.0,3108.0,3134.3,31962600,3447.7,2820.9,3839.9,2896.0,3137.2,283,8,3137.1,468,4,3137.0,274,5,3136.8,1,1,3136.7,202,3,3137.3,585,16,3137.4,192,10,3137.5,237,4,3137.6,133,4,3138.0,307,4
2031,2026-06-16 15:25:49+05:30,3137.2,1,3135.34,3495097,91404.0,145815.0,3163.0,3163.0,3108.0,3134.3,31962600,3447.7,2820.9,3839.9,2896.0,3137.2,283,8,3137.1,468,4,3137.0,274,5,3136.8,1,1,3136.7,202,3,3137.3,585,16,3137.4,192,10,3137.5,237,4,3137.6,133,4,3138.0,307,4
2031,2026-06-16 15:25:50+05:30,3137.2,1,3135.34,3495097,91404.0,145815.0,3163.0,3163.0,3108.0,3134.3,31962600,3447.7,2820.9,3839.9,2896.0,3137.2,283,8,3137.1,468,4,3137.0,274,5,3136.8,1,1,3136.7,202,3,3137.3,585,16,3137.4,192,10,3137.5,237,4,3137.6,133,4,3138.0,307,4
2031,2026-06-16 15:25:50+05:30,3137.2,101,3135.34,3495097,91404.0,145815.0,3163.0,3163.0,3108.0,3134.3,31962600,3447.7,2820.9,3839.9,2896.0,3137.2,283,8,3137.1,468,4,3137.0,274,5,3136.8,1,1,3136.7,202,3,3137.3,585,16,3137.4,192,10,3137.5,237,4,3137.6,133,4,3138.0,307,4
2031,2026-06-16 15:25:51+05:30,3137.3,27,3135.34,3495569,90265.0,147319.0,3163.0,3163.0,3108.0,3134.3,31962600,3447.7,2820.9,3839.9,2896.0,3137.2,43,3,3137.1,68,3,3137.0,674,6,3136.8,2,2,3136.7,202,3,3137.3,814,20,3137.4,166,8,3137.5,237,4,3137.6,133,4,3138.0,309,5
2031,2026-06-16 15:25:51+05:30,3137.2,9,3135.34,3495569,90265.0,147319.0,3163.0,3163.0,3108.0,3134.3,31962600,3447.7,2820.9,3839.9,2896.0,3137.2,43,3,3137.1,68,3,3137.0,674,6,3136.8,2,2,3136.7,202,3,3137.3,814,20,3137.4,166,8,3137.5,237,4,3137.6,133,4,3138.0,309,5
2031,2026-06-16 15:25:52+05:30,3137.2,17,3135.34,3495848,91290.0,147576.0,3163.0,3163.0,3108.0,3134.3,31962600,3447.7,2820.9,3839.9,2896.0,3137.2,120,6,3137.1,468,4,3137.0,277,6,3136.8,2,2,3136.7,402,4,3137.3,809,19,3137.4,166,8,3137.5,237,4,3137.6,128,3,3138.0,309,5
2031,2026-06-16 15:25:52+05:30,3137.2,17,3135.34,3495848,91290.0,147576.0,3163.0,3163.0,3108.0,3134.3,31962600,3447.7,2820.9,3839.9,2896.0,3137.2,120,6,3137.1,468,4,3137.0,277,6,3136.8,2,2,3136.7,402,4,3137.3,809,19,3137.4,166,8,3137.5,237,4,3137.6,128,3,3138.0,309,5
2031,2026-06-16 15:25:52+05:30,3137.2,1,3135.34,3495848,91290.0,147576.0,3163.0,3163.0,3108.0,3134.3,31962600,3447.7,2820.9,3839.9,2896.0,3137.2,120,6,3137.1,468,4,3137.0,277,6,3136.8,2,2,3136.7,402,4,3137.3,809,19,3137.4,166,8,3137.5,237,4,3137.6,128,3,3138.0,309,5
2031,2026-06-16 15:25:53+05:30,3137.2,1,3135.34,3495900,91412.0,147621.0,3163.0,3163.0,3108.0,3134.3,31962600,3447.7,2820.9,3839.9,2896.0,3137.2,217,6,3137.1,468,4,3137.0,302,8,3136.9,1,1,3136.8,201,2,3137.3,854,20,3137.4,166,8,3137.5,237,4,3137.6,128,3,3138.0,309,5
2031,2026-06-16 15:25:53+05:30,3137.2,25,3135.34,3495900,91412.0,147621.0,3163.0,3163.0,3108.0,3134.3,31962600,3447.7,2820.9,3839.9,2896.0,3137.2,217,6,3137.1,468,4,3137.0,302,8,3136.9,1,1,3136.8,201,2,3137.3,854,20,3137.4,166,8,3137.5,237,4,3137.6,128,3,3138.0,309,5
2031,2026-06-16 15:25:54+05:30,3137.2,22,3135.34,3496539,90584.0,147508.0,3163.0,3163.0,3108.0,3134.3,31962600,3447.7,2820.9,3839.9,2896.0,3137.2,71,3,3137.1,468,4,3137.0,302,8,3136.9,1,1,3136.8,1,1,3137.3,755,16,3137.4,152,7,3137.5,237,4,3137.6,128,3,3138.0,309,5
2031,2026-06-16 15:25:54+05:30,3137.2,22,3135.34,3496539,90584.0,147508.0,3163.0,3163.0,3108.0,3134.3,31962600,3447.7,2820.9,3839.9,2896.0,3137.2,71,3,3137.1,468,4,3137.0,302,8,3136.9,1,1,3136.8,1,1,3137.3,755,16,3137.4,152,7,3137.5,237,4,3137.6,128,3,3138.0,309,5
2031,2026-06-16 15:25:54+05:30,3137.3,75,3135.34,3496539,90584.0,147508.0,3163.0,3163.0,3108.0,3134.3,31962600,3447.7,2820.9,3839.9,2896.0,3137.2,71,3,3137.1,468,4,3137.0,302,8,3136.9,1,1,3136.8,1,1,3137.3,755,16,3137.4,152,7,3137.5,237,4,3137.6,128,3,3138.0,309,5
2031,2026-06-16 15:25:55+05:30,3137.3,75,3135.34,3496717,90979.0,147473.0,3163.0,3163.0,3108.0,3134.3,31962600,3447.7,2820.9,3839.9,2896.0,3137.2,41,4,3137.1,468,4,3137.0,288,8,3136.8,1,1,3136.7,202,3,3137.3,720,17,3137.4,160,8,3137.5,237,4,3137.6,120,1,3138.0,309,5
2031,2026-06-16 15:25:55+05:30,3137.0,7,3135.34,3496717,90979.0,147473.0,3163.0,3163.0,3108.0,3134.3,31962600,3447.7,2820.9,3839.9,2896.0,3137.2,41,4,3137.1,468,4,3137.0,288,8,3136.8,1,1,3136.7,202,3,3137.3,720,17,3137.4,160,8,3137.5,237,4,3137.6,120,1,3138.0,309,5
2031,2026-06-16 15:25:56+05:30,3136.5,3,3135.34,3498506,89245.0,147716.0,3163.0,3163.0,3108.0,3134.3,31962600,3447.7,2820.9,3839.9,2896.0,3136.5,266,2,3136.1,400,2,3136.0,144,7,3135.8,840,5,3135.7,158,1,3137.1,55,2,3137.2,61,3,3137.3,791,19,3137.4,160,8,3137.5,284,5
2031,2026-06-16 15:25:56+05:30,3136.5,3,3135.34,3498506,89245.0,147716.0,3163.0,3163.0,3108.0,3134.3,31962600,3447.7,2820.9,3839.9,2896.0,3136.5,266,2,3136.1,400,2,3136.0,144,7,3135.8,840,5,3135.7,158,1,3137.1,55,2,3137.2,61,3,3137.3,791,19,3137.4,160,8,3137.5,284,5
2031,2026-06-16 15:25:56+05:30,3137.1,72,3135.34,3498506,89245.0,147716.0,3163.0,3163.0,3108.0,3134.3,31962600,3447.7,2820.9,3839.9,2896.0,3136.5,266,2,3136.1,400,2,3136.0,144,7,3135.8,840,5,3135.7,158,1,3137.1,55,2,3137.2,61,3,3137.3,791,19,3137.4,160,8,3137.5,284,5
2031,2026-06-16 15:25:57+05:30,3136.5,1,3135.34,3498636,90238.0,147753.0,3163.0,3163.0,3108.0,3134.3,31962600,3447.7,2820.9,3839.9,2896.0,3136.5,269,3,3136.3,200,1,3136.1,668,3,3136.0,159,8,3135.8,494,5,3137.1,287,11,3137.2,120,4,3137.3,661,12,3137.4,160,8,3137.5,231,3
2031,2026-06-16 15:25:57+05:30,3136.5,44,3135.34,3498636,90238.0,147753.0,3163.0,3163.0,3108.0,3134.3,31962600,3447.7,2820.9,3839.9,2896.0,3136.5,269,3,3136.3,200,1,3136.1,668,3,3136.0,159,8,3135.8,494,5,3137.1,287,11,3137.2,120,4,3137.3,661,12,3137.4,160,8,3137.5,231,3
2031,2026-06-16 15:25:58+05:30,3136.5,3,3135.34,3498810,89902.0,147471.0,3163.0,3163.0,3108.0,3134.3,31962600,3447.7,2820.9,3839.9,2896.0,3136.5,175,3,3136.3,200,1,3136.1,468,2,3136.0,159,8,3135.8,494,5,3137.0,3,1,3137.1,308,17,3137.2,102,3,3137.3,660,11,3137.4,130,7
2031,2026-06-16 15:25:58+05:30,3136.5,3,3135.34,3498810,89902.0,147471.0,3163.0,3163.0,3108.0,3134.3,31962600,3447.7,2820.9,3839.9,2896.0,3136.5,175,3,3136.3,200,1,3136.1,468,2,3136.0,159,8,3135.8,494,5,3137.0,3,1,3137.1,308,17,3137.2,102,3,3137.3,660,11,3137.4,130,7
2031,2026-06-16 15:25:58+05:30,3136.5,3,3135.34,3498810,89902.0,147471.0,3163.0,3163.0,3108.0,3134.3,31962600,3447.7,2820.9,3839.9,2896.0,3136.5,175,3,3136.3,200,1,3136.1,468,2,3136.0,159,8,3135.8,494,5,3137.0,3,1,3137.1,308,17,3137.2,102,3,3137.3,660,11,3137.4,130,7
2031,2026-06-16 15:25:59+05:30,3137.0,14,3135.34,3499027,90266.0,147215.0,3163.0,3163.0,3108.0,3134.3,31962600,3447.7,2820.9,3839.9,2896.0,3136.6,200,1,3136.5,175,3,3136.3,200,1,3136.1,468,2,3136.0,162,9,3137.0,319,12,3137.1,146,11,3137.2,102,3,3137.3,601,8,3137.4,42,5
2031,2026-06-16 15:25:59+05:30,3137.0,14,3135.34,3499027,90266.0,147215.0,3163.0,3163.0,3108.0,3134.3,31962600,3447.7,2820.9,3839.9,2896.0,3136.6,200,1,3136.5,175,3,3136.3,200,1,3136.1,468,2,3136.0,162,9,3137.0,319,12,3137.1,146,11,3137.2,102,3,3137.3,601,8,3137.4,42,5
2031,2026-06-16 15:26:00+05:30,3137.0,14,3135.34,3499027,90266.0,147215.0,3163.0,3163.0,3108.0,3134.3,31962600,3447.7,2820.9,3839.9,2896.0,3136.6,200,1,3136.5,175,3,3136.3,200,1,3136.1,468,2,3136.0,162,9,3137.0,319,12,3137.1,146,11,3137.2,102,3,3137.3,601,8,3137.4,42,5
2031,2026-06-16 15:26:00+05:30,3137.0,4,3135.34,3499384,90232.0,146468.0,3163.0,3163.0,3108.0,3134.3,31962600,3447.7,2820.9,3839.9,2896.0,3136.9,1,1,3136.7,324,2,3136.6,150,5,3136.5,235,2,3136.4,400,1,3137.0,95,10,3137.1,58,3,3137.2,89,2,3137.3,552,5,3137.4,38,4
2031,2026-06-16 15:26:00+05:30,3136.9,4,3135.34,3499384,90232.0,146468.0,3163.0,3163.0,3108.0,3134.3,31962600,3447.7,2820.9,3839.9,2896.0,3136.9,1,1,3136.7,324,2,3136.6,150,5,3136.5,235,2,3136.4,400,1,3137.0,95,10,3137.1,58,3,3137.2,89,2,3137.3,552,5,3137.4,38,4
2031,2026-06-16 15:26:01+05:30,3136.9,4,3135.34,3499384,90232.0,146468.0,3163.0,3163.0,3108.0,3134.3,31962600,3447.7,2820.9,3839.9,2896.0,3136.9,1,1,3136.7,324,2,3136.6,150,5,3136.5,235,2,3136.4,400,1,3137.0,95,10,3137.1,58,3,3137.2,89,2,3137.3,552,5,3137.4,38,4
2031,2026-06-16 15:26:01+05:30,3136.9,44,3135.34,3499531,90538.0,146558.0,3163.0,3163.0,3108.0,3134.3,31962600,3447.7,2820.9,3839.9,2896.0,3136.9,20,1,3136.7,323,3,3136.6,299,8,3136.5,58,3,3136.4,200,1,3137.0,188,14,3137.1,251,3,3137.2,89,2,3137.3,152,3,3137.4,38,4
2031,2026-06-16 15:26:01+05:30,3136.9,44,3135.34,3499531,90538.0,146558.0,3163.0,3163.0,3108.0,3134.3,31962600,3447.7,2820.9,3839.9,2896.0,3136.9,20,1,3136.7,323,3,3136.6,299,8,3136.5,58,3,3136.4,200,1,3137.0,188,14,3137.1,251,3,3137.2,89,2,3137.3,152,3,3137.4,38,4
2031,2026-06-16 15:26:01+05:30,3136.9,20,3135.34,3499531,90538.0,146558.0,3163.0,3163.0,3108.0,3134.3,31962600,3447.7,2820.9,3839.9,2896.0,3136.9,20,1,3136.7,323,3,3136.6,299,8,3136.5,58,3,3136.4,200,1,3137.0,188,14,3137.1,251,3,3137.2,89,2,3137.3,152,3,3137.4,38,4
2031,2026-06-16 15:26:02+05:30,3136.9,20,3135.34,3499531,90538.0,146558.0,3163.0,3163.0,3108.0,3134.3,31962600,3447.7,2820.9,3839.9,2896.0,3136.9,20,1,3136.7,323,3,3136.6,299,8,3136.5,58,3,3136.4,200,1,3137.0,188,14,3137.1,251,3,3137.2,89,2,3137.3,152,3,3137.4,38,4
2031,2026-06-16 15:26:02+05:30,3136.9,1,3135.34,3499583,90683.0,146588.0,3163.0,3163.0,3108.0,3134.3,31962600,3447.7,2820.9,3839.9,2896.0,3136.9,165,3,3136.7,323,3,3136.6,285,8,3136.5,272,4,3136.1,400,1,3137.0,218,15,3137.1,251,3,3137.2,89,2,3137.3,152,3,3137.4,38,4
2031,2026-06-16 15:26:02+05:30,3136.9,1,3135.34,3499583,90683.0,146588.0,3163.0,3163.0,3108.0,3134.3,31962600,3447.7,2820.9,3839.9,2896.0,3136.9,165,3,3136.7,323,3,3136.6,285,8,3136.5,272,4,3136.1,400,1,3137.0,218,15,3137.1,251,3,3137.2,89,2,3137.3,152,3,3137.4,38,4
2031,2026-06-16 15:26:03+05:30,3136.9,1,3135.34,3499583,90683.0,146588.0,3163.0,3163.0,3108.0,3134.3,31962600,3447.7,2820.9,3839.9,2896.0,3136.9,165,3,3136.7,323,3,3136.6,285,8,3136.5,272,4,3136.1,400,1,3137.0,218,15,3137.1,251,3,3137.2,89,2,3137.3,152,3,3137.4,38,4
2031,2026-06-16 15:26:03+05:30,3136.9,14,3135.34,3499583,90683.0,146588.0,3163.0,3163.0,3108.0,3134.3,31962600,3447.7,2820.9,3839.9,2896.0,3136.9,165,3,3136.7,323,3,3136.6,285,8,3136.5,272,4,3136.1,400,1,3137.0,218,15,3137.1,251,3,3137.2,89,2,3137.3,152,3,3137.4,38,4
2031,2026-06-16 15:26:04+05:30,3136.9,14,3135.34,3500385,90301.0,146578.0,3163.0,3163.0,3108.0,3134.3,31962600,3447.7,2820.9,3839.9,2896.0,3136.9,21,3,3136.7,123,2,3136.6,275,7,3136.5,196,4,3136.4,226,2,3137.0,25,2,3137.1,251,3,3137.2,89,2,3137.3,152,3,3137.4,38,4
2031,2026-06-16 15:26:04+05:30,3136.9,14,3135.34,3500385,90301.0,146578.0,3163.0,3163.0,3108.0,3134.3,31962600,3447.7,2820.9,3839.9,2896.0,3136.9,21,3,3136.7,123,2,3136.6,275,7,3136.5,196,4,3136.4,226,2,3137.0,25,2,3137.1,251,3,3137.2,89,2,3137.3,152,3,3137.4,38,4
2031,2026-06-16 15:26:04+05:30,3136.9,27,3135.34,3500385,90301.0,146578.0,3163.0,3163.0,3108.0,3134.3,31962600,3447.7,2820.9,3839.9,2896.0,3136.9,21,3,3136.7,123,2,3136.6,275,7,3136.5,196,4,3136.4,226,2,3137.0,25,2,3137.1,251,3,3137.2,89,2,3137.3,152,3,3137.4,38,4
2031,2026-06-16 15:26:05+05:30,3136.9,27,3135.34,3500564,89960.0,146133.0,3163.0,3163.0,3108.0,3134.3,31962600,3447.7,2820.9,3839.9,2896.0,3136.7,387,4,3136.6,198,6,3136.5,89,5,3136.4,226,2,3136.1,13,1,3136.9,80,1,3137.0,41,2,3137.1,51,2,3137.2,89,2,3137.3,152,3
2031,2026-06-16 15:26:05+05:30,3136.9,27,3135.34,3500564,89960.0,146133.0,3163.0,3163.0,3108.0,3134.3,31962600,3447.7,2820.9,3839.9,2896.0,3136.7,387,4,3136.6,198,6,3136.5,89,5,3136.4,226,2,3136.1,13,1,3136.9,80,1,3137.0,41,2,3137.1,51,2,3137.2,89,2,3137.3,152,3
2031,2026-06-16 15:26:05+05:30,3136.7,4,3135.34,3500564,89960.0,146133.0,3163.0,3163.0,3108.0,3134.3,31962600,3447.7,2820.9,3839.9,2896.0,3136.7,387,4,3136.6,198,6,3136.5,89,5,3136.4,226,2,3136.1,13,1,3136.9,80,1,3137.0,41,2,3137.1,51,2,3137.2,89,2,3137.3,152,3
2031,2026-06-16 15:26:06+05:30,3136.7,50,3135.34,3500858,90042.0,144105.0,3163.0,3163.0,3108.0,3134.3,31962600,3447.7,2820.9,3839.9,2896.0,3136.7,63,4,3136.6,90,6,3136.5,382,5,3136.4,226,2,3136.3,221,2,3136.9,215,3,3137.0,65,3,3137.1,51,2,3137.2,89,2,3137.3,15,2
2031,2026-06-16 15:26:06+05:30,3136.7,50,3135.34,3500858,90042.0,144105.0,3163.0,3163.0,3108.0,3134.3,31962600,3447.7,2820.9,3839.9,2896.0,3136.7,63,4,3136.6,90,6,3136.5,382,5,3136.4,226,2,3136.3,221,2,3136.9,215,3,3137.0,65,3,3137.1,51,2,3137.2,89,2,3137.3,15,2
2031,2026-06-16 15:26:06+05:30,3136.9,5,3135.34,3500858,90042.0,144105.0,3163.0,3163.0,3108.0,3134.3,31962600,3447.7,2820.9,3839.9,2896.0,3136.7,63,4,3136.6,90,6,3136.5,382,5,3136.4,226,2,3136.3,221,2,3136.9,215,3,3137.0,65,3,3137.1,51,2,3137.2,89,2,3137.3,15,2
2031,2026-06-16 15:26:07+05:30,3136.9,5,3135.34,3500858,90042.0,144105.0,3163.0,3163.0,3108.0,3134.3,31962600,3447.7,2820.9,3839.9,2896.0,3136.7,63,4,3136.6,90,6,3136.5,382,5,3136.4,226,2,3136.3,221,2,3136.9,215,3,3137.0,65,3,3137.1,51,2,3137.2,89,2,3137.3,15,2
2031,2026-06-16 15:26:07+05:30,3136.9,3,3135.34,3500871,90117.0,146118.0,3163.0,3163.0,3108.0,3134.3,31962600,3447.7,2820.9,3839.9,2896.0,3136.8,12,2,3136.7,99,6,3136.6,90,6,3136.5,271,4,3136.4,150,2,3136.9,252,7,3137.0,41,2,3137.1,51,2,3137.2,89,2,3137.3,15,2
2031,2026-06-16 15:26:07+05:30,3136.9,3,3135.34,3500871,90117.0,146118.0,3163.0,3163.0,3108.0,3134.3,31962600,3447.7,2820.9,3839.9,2896.0,3136.8,12,2,3136.7,99,6,3136.6,90,6,3136.5,271,4,3136.4,150,2,3136.9,252,7,3137.0,41,2,3137.1,51,2,3137.2,89,2,3137.3,15,2
2031,2026-06-16 15:26:07+05:30,3136.9,6,3135.34,3500871,90117.0,146118.0,3163.0,3163.0,3108.0,3134.3,31962600,3447.7,2820.9,3839.9,2896.0,3136.8,12,2,3136.7,99,6,3136.6,90,6,3136.5,271,4,3136.4,150,2,3136.9,252,7,3137.0,41,2,3137.1,51,2,3137.2,89,2,3137.3,15,2
2031,2026-06-16 15:26:08+05:30,3136.8,10,3135.34,3501241,89762.0,146687.0,3163.0,3163.0,3108.0,3134.3,31962600,3447.7,2820.9,3839.9,2896.0,3136.7,98,5,3136.6,76,5,3136.5,271,4,3136.4,26,1,3136.3,235,3,3136.8,130,1,3136.9,284,9,3137.0,43,3,3137.1,51,2,3137.2,89,2
2031,2026-06-16 15:26:08+05:30,3136.8,10,3135.34,3501241,89762.0,146687.0,3163.0,3163.0,3108.0,3134.3,31961800,3447.7,2820.9,3839.9,2896.0,3136.7,98,5,3136.6,76,5,3136.5,271,4,3136.4,26,1,3136.3,235,3,3136.8,130,1,3136.9,284,9,3137.0,43,3,3137.1,51,2,3137.2,89,2
2031,2026-06-16 15:26:08+05:30,3136.8,5,3135.34,3501241,89762.0,146687.0,3163.0,3163.0,3108.0,3134.3,31961800,3447.7,2820.9,3839.9,2896.0,3136.7,98,5,3136.6,76,5,3136.5,271,4,3136.4,26,1,3136.3,235,3,3136.8,130,1,3136.9,284,9,3137.0,43,3,3137.1,51,2,3137.2,89,2
2031,2026-06-16 15:26:09+05:30,3136.8,7,3135.34,3501487,90050.0,146729.0,3163.0,3163.0,3108.0,3134.3,31961800,3447.7,2820.9,3839.9,2896.0,3136.7,124,6,3136.6,59,3,3136.5,397,5,3136.4,226,2,3136.3,235,3,3136.8,124,9,3136.9,405,5,3137.0,43,3,3137.1,46,1,3137.2,30,1
2031,2026-06-16 15:26:09+05:30,3136.8,7,3135.34,3501487,90050.0,146729.0,3163.0,3163.0,3108.0,3134.3,31961800,3447.7,2820.9,3839.9,2896.0,3136.7,124,6,3136.6,59,3,3136.5,397,5,3136.4,226,2,3136.3,235,3,3136.8,124,9,3136.9,405,5,3137.0,43,3,3137.1,46,1,3137.2,30,1
2031,2026-06-16 15:26:10+05:30,3136.7,12,3135.34,3501693,90263.0,146007.0,3163.0,3163.0,3108.0,3134.3,31961800,3447.7,2820.9,3839.9,2896.0,3136.7,126,7,3136.6,47,2,3136.5,616,7,3136.4,226,2,3136.3,235,3,3136.8,25,5,3136.9,394,4,3137.0,43,3,3137.1,46,1,3137.2,30,1
2031,2026-06-16 15:26:10+05:30,3136.8,2,3135.34,3501693,90263.0,146007.0,3163.0,3163.0,3108.0,3134.3,31961800,3447.7,2820.9,3839.9,2896.0,3136.7,126,7,3136.6,47,2,3136.5,616,7,3136.4,226,2,3136.3,235,3,3136.8,25,5,3136.9,394,4,3137.0,43,3,3137.1,46,1,3137.2,30,1
2031,2026-06-16 15:26:11+05:30,3136.8,1,3135.34,3501766,90501.0,145945.0,3163.0,3163.0,3108.0,3134.3,31961800,3447.7,2820.9,3839.9,2896.0,3136.7,146,10,3136.6,264,4,3136.5,616,7,3136.4,26,1,3136.3,236,4,3136.8,13,2,3136.9,394,4,3137.0,43,3,3137.1,46,1,3137.2,30,1
2031,2026-06-16 15:26:11+05:30,3136.8,1,3135.34,3501766,90501.0,145945.0,3163.0,3163.0,3108.0,3134.3,31961800,3447.7,2820.9,3839.9,2896.0,3136.7,146,10,3136.6,264,4,3136.5,616,7,3136.4,26,1,3136.3,236,4,3136.8,13,2,3136.9,394,4,3137.0,43,3,3137.1,46,1,3137.2,30,1
2031,2026-06-16 15:26:12+05:30,3136.8,1,3135.34,3501766,90501.0,145796.0,3163.0,3163.0,3108.0,3134.3,31961800,3447.7,2820.9,3839.9,2896.0,3136.7,146,10,3136.6,64,3,3136.5,416,6,3136.4,426,3,3136.3,236,4,3136.8,64,5,3136.9,394,4,3137.0,43,3,3137.1,46,1,3137.2,30,1
2031,2026-06-16 15:26:13+05:30,3136.8,2,3135.34,3501770,90543.0,145804.0,3163.0,3163.0,3108.0,3134.3,31961800,3447.7,2820.9,3839.9,2896.0,3136.7,186,10,3136.6,64,3,3136.5,416,6,3136.4,442,5,3136.3,221,2,3136.8,75,6,3136.9,394,4,3137.0,43,3,3137.1,46,1,3137.2,30,1
2031,2026-06-16 15:26:13+05:30,3136.8,12,3135.34,3501770,90543.0,145804.0,3163.0,3163.0,3108.0,3134.3,31961800,3447.7,2820.9,3839.9,2896.0,3136.7,186,10,3136.6,64,3,3136.5,416,6,3136.4,442,5,3136.3,221,2,3136.8,75,6,3136.9,394,4,3137.0,43,3,3137.1,46,1,3137.2,30,1
2031,2026-06-16 15:26:14+05:30,3136.8,2,3135.34,3502189,90417.0,145265.0,3163.0,3163.0,3108.0,3134.3,31961800,3447.7,2820.9,3839.9,2896.0,3136.7,53,5,3136.6,61,3,3136.5,816,8,3136.4,42,3,3136.3,221,2,3136.8,140,3,3136.9,394,4,3137.0,43,3,3137.1,46,1,3137.2,30,1
2031,2026-06-16 15:26:14+05:30,3136.8,2,3135.34,3502189,90417.0,145265.0,3163.0,3163.0,3108.0,3134.3,31961800,3447.7,2820.9,3839.9,2896.0,3136.7,53,5,3136.6,61,3,3136.5,816,8,3136.4,42,3,3136.3,221,2,3136.8,140,3,3136.9,394,4,3137.0,43,3,3137.1,46,1,3137.2,30,1
2031,2026-06-16 15:26:15+05:30,3136.6,2,3135.34,3502921,89714.0,145588.0,3163.0,3163.0,3108.0,3134.3,31961800,3447.7,2820.9,3839.9,2896.0,3136.6,12,1,3136.5,216,5,3136.4,242,4,3136.3,221,2,3136.1,1,1,3136.8,71,6,3136.9,413,5,3137.0,43,3,3137.1,46,1,3137.3,103,2
2031,2026-06-16 15:26:15+05:30,3136.6,10,3135.34,3502921,89714.0,145588.0,3163.0,3163.0,3108.0,3134.3,31961800,3447.7,2820.9,3839.9,2896.0,3136.6,12,1,3136.5,216,5,3136.4,242,4,3136.3,221,2,3136.1,1,1,3136.8,71,6,3136.9,413,5,3137.0,43,3,3137.1,46,1,3137.3,103,2
2031,2026-06-16 15:26:16+05:30,3136.7,6,3135.34,3503051,90009.0,145477.0,3163.0,3163.0,3108.0,3134.3,31961800,3447.7,2820.9,3839.9,2896.0,3136.7,102,1,3136.6,402,3,3136.5,217,6,3136.4,241,3,3136.3,21,1,3136.8,119,7,3136.9,413,5,3137.0,43,3,3137.1,46,1,3137.3,103,2
2031,2026-06-16 15:26:16+05:30,3136.8,2,3135.34,3503051,90009.0,145477.0,3163.0,3163.0,3108.0,3134.3,31961800,3447.7,2820.9,3839.9,2896.0,3136.7,102,1,3136.6,402,3,3136.5,217,6,3136.4,241,3,3136.3,21,1,3136.8,119,7,3136.9,413,5,3137.0,43,3,3137.1,46,1,3137.3,103,2
2031,2026-06-16 15:26:17+05:30,3136.8,2,3135.34,3503155,90166.0,145274.0,3163.0,3163.0,3108.0,3134.3,31961800,3447.7,2820.9,3839.9,2896.0,3136.7,200,1,3136.6,241,5,3136.5,216,5,3136.4,241,3,3136.3,21,1,3136.8,45,3,3136.9,413,5,3137.0,118,4,3137.1,46,1,3137.3,103,2
2031,2026-06-16 15:26:17+05:30,3136.8,2,3135.34,3503155,90166.0,145274.0,3163.0,3163.0,3108.0,3134.3,31961800,3447.7,2820.9,3839.9,2896.0,3136.7,200,1,3136.6,241,5,3136.5,216,5,3136.4,241,3,3136.3,21,1,3136.8,45,3,3136.9,413,5,3137.0,118,4,3137.1,46,1,3137.3,103,2
2031,2026-06-16 15:26:18+05:30,3136.8,2,3135.34,3503167,90554.0,145304.0,3163.0,3163.0,3108.0,3134.3,31961800,3447.7,2820.9,3839.9,2896.0,3136.7,453,4,3136.6,357,5,3136.5,232,6,3136.4,41,2,3136.3,221,2,3136.8,75,5,3136.9,413,5,3137.0,118,4,3137.1,46,1,3137.3,103,2
2031,2026-06-16 15:26:21+05:30,3137.3,27,3135.34,3503167,90554.0,145304.0,3163.0,3163.0,3108.0,3134.3,31961800,3447.7,2820.9,3839.9,2896.0,3136.7,453,4,3136.6,357,5,3136.5,232,6,3136.4,41,2,3136.3,221,2,3136.8,75,5,3136.9,413,5,3137.0,118,4,3137.1,46,1,3137.3,103,2
2031,2026-06-16 15:26:22+05:30,3137.3,1,3135.34,3504889,92602.0,144954.0,3163.0,3163.0,3108.0,3134.3,31961800,3447.7,2820.9,3839.9,2896.0,3137.3,629,5,3137.2,158,3,3137.1,353,4,3137.0,56,1,3136.9,13,1,3138.0,102,1,3138.1,363,2,3138.6,25,2,3138.7,3,1,3138.8,305,1
2031,2026-06-16 15:26:30+05:30,3138.0,7,3135.34,3505811,92929.0,144672.0,3163.0,3163.0,3108.0,3134.3,31961800,3447.7,2820.9,3839.9,2896.0,3137.4,117,5,3137.3,1059,11,3137.2,291,3,3137.1,188,4,3137.0,201,2,3138.0,56,5,3138.1,381,3,3138.6,25,2,3138.7,3,1,3138.8,305,1
2031,2026-06-16 15:26:30+05:30,3137.6,68,3135.34,3505811,92929.0,144672.0,3163.0,3163.0,3108.0,3134.3,31961800,3447.7,2820.9,3839.9,2896.0,3137.4,117,5,3137.3,1059,11,3137.2,291,3,3137.1,188,4,3137.0,201,2,3138.0,56,5,3138.1,381,3,3138.6,25,2,3138.7,3,1,3138.8,305,1
2031,2026-06-16 15:26:37+05:30,3137.8,7,3135.34,3506779,92894.0,145059.0,3163.0,3163.0,3108.0,3134.3,31961800,3447.7,2820.9,3839.9,2896.0,3137.7,285,3,3137.6,2,2,3137.5,15,1,3137.4,753,14,3137.3,1069,7,3138.0,239,13,3138.1,384,4,3138.5,11,1,3138.6,25,2,3138.8,305,1
2031,2026-06-16 15:26:40+05:30,3137.9,2,3135.34,3506779,92894.0,145059.0,3163.0,3163.0,3108.0,3134.3,31961800,3447.7,2820.9,3839.9,2896.0,3137.7,285,3,3137.6,2,2,3137.5,15,1,3137.4,753,14,3137.3,1069,7,3138.0,239,13,3138.1,384,4,3138.5,11,1,3138.6,25,2,3138.8,305,1
2031,2026-06-16 15:26:44+05:30,3138.3,6,3135.34,3508786,94464.0,142099.0,3163.0,3163.0,3108.0,3134.3,31961800,3447.7,2820.9,3839.9,2896.0,3138.0,364,2,3137.9,152,4,3137.8,276,4,3137.7,826,12,3137.4,212,6,3138.3,194,1,3138.8,177,1,3139.8,1,1,3139.9,39,3,3140.0,410,16
2031,2026-06-16 15:26:48+05:30,3138.3,6,3135.34,3508786,94464.0,142099.0,3163.0,3163.0,3108.0,3134.3,31961800,3447.7,2820.9,3839.9,2896.0,3138.0,364,2,3137.9,152,4,3137.8,276,4,3137.7,826,12,3137.4,212,6,3138.3,194,1,3138.8,177,1,3139.8,1,1,3139.9,39,3,3140.0,410,16
2031,2026-06-16 15:26:49+05:30,3138.3,54,3135.34,3508786,94464.0,142099.0,3163.0,3163.0,3108.0,3134.3,31961800,3447.7,2820.9,3839.9,2896.0,3138.0,364,2,3137.9,152,4,3137.8,276,4,3137.7,826,12,3137.4,212,6,3138.3,194,1,3138.8,177,1,3139.8,1,1,3139.9,39,3,3140.0,410,16
2031,2026-06-16 15:26:50+05:30,3138.3,54,3135.34,3508786,94464.0,142099.0,3163.0,3163.0,3108.0,3134.3,31961800,3447.7,2820.9,3839.9,2896.0,3138.0,364,2,3137.9,152,4,3137.8,276,4,3137.7,826,12,3137.4,212,6,3138.3,194,1,3138.8,177,1,3139.8,1,1,3139.9,39,3,3140.0,410,16
2031,2026-06-16 15:26:51+05:30,3138.4,1,3135.35,3512278,93645.0,141863.0,3163.0,3163.0,3108.0,3134.3,31961800,3447.7,2820.9,3839.9,2896.0,3138.4,199,1,3138.3,87,3,3138.2,400,2,3138.1,191,2,3138.0,558,12,3139.2,200,1,3139.7,4,1,3139.8,1,1,3139.9,25,2,3140.0,378,15
2031,2026-06-16 15:26:52+05:30,3138.4,1,3135.35,3512278,93645.0,141863.0,3163.0,3163.0,3108.0,3134.3,31961800,3447.7,2820.9,3839.9,2896.0,3138.4,199,1,3138.3,87,3,3138.2,400,2,3138.1,191,2,3138.0,558,12,3139.2,200,1,3139.7,4,1,3139.8,1,1,3139.9,25,2,3140.0,378,15
2031,2026-06-16 15:26:54+05:30,3138.4,1,3135.35,3512278,93645.0,141863.0,3163.0,3163.0,3108.0,3134.3,31961800,3447.7,2820.9,3839.9,2896.0,3138.4,199,1,3138.3,87,3,3138.2,400,2,3138.1,191,2,3138.0,558,12,3139.2,200,1,3139.7,4,1,3139.8,1,1,3139.9,25,2,3140.0,378,15
2031,2026-06-16 15:26:57+05:30,3138.4,1,3135.35,3512278,93645.0,141863.0,3163.0,3163.0,3108.0,3134.3,31961800,3447.7,2820.9,3839.9,2896.0,3138.4,199,1,3138.3,87,3,3138.2,400,2,3138.1,191,2,3138.0,558,12,3139.2,200,1,3139.7,4,1,3139.8,1,1,3139.9,25,2,3140.0,378,15
2031,2026-06-16 15:26:58+05:30,3138.6,8,3135.35,3512278,93645.0,141863.0,3163.0,3163.0,3108.0,3134.3,31961800,3447.7,2820.9,3839.9,2896.0,3138.4,199,1,3138.3,87,3,3138.2,400,2,3138.1,191,2,3138.0,558,12,3139.2,200,1,3139.7,4,1,3139.8,1,1,3139.9,25,2,3140.0,378,15
2031,2026-06-16 15:26:58+05:30,3138.6,8,3135.35,3512278,93645.0,141863.0,3163.0,3163.0,3108.0,3134.3,31961800,3447.7,2820.9,3839.9,2896.0,3138.4,199,1,3138.3,87,3,3138.2,400,2,3138.1,191,2,3138.0,558,12,3139.2,200,1,3139.7,4,1,3139.8,1,1,3139.9,25,2,3140.0,378,15
2031,2026-06-16 15:26:58+05:30,3139.0,20,3135.35,3515703,92442.0,141243.0,3163.0,3163.0,3108.0,3134.3,31961800,3447.7,2820.9,3839.9,2896.0,3138.8,14,2,3138.7,66,1,3138.6,236,3,3138.5,223,3,3138.4,155,5,3139.0,216,1,3139.2,66,3,3139.4,128,1,3139.8,1,1,3139.9,25,2
2031,2026-06-16 15:27:00+05:30,3139.0,20,3135.35,3515703,92442.0,141243.0,3163.0,3163.0,3108.0,3134.3,31961800,3447.7,2820.9,3839.9,2896.0,3138.8,14,2,3138.7,66,1,3138.6,236,3,3138.5,223,3,3138.4,155,5,3139.0,216,1,3139.2,66,3,3139.4,128,1,3139.8,1,1,3139.9,25,2
2031,2026-06-16 15:27:01+05:30,3139.0,20,3135.35,3515703,92442.0,141243.0,3163.0,3163.0,3108.0,3134.3,31961800,3447.7,2820.9,3839.9,2896.0,3138.8,14,2,3138.7,66,1,3138.6,236,3,3138.5,223,3,3138.4,155,5,3139.0,216,1,3139.2,66,3,3139.4,128,1,3139.8,1,1,3139.9,25,2
2031,2026-06-16 15:27:02+05:30,3139.0,20,3135.35,3515703,92442.0,141243.0,3163.0,3163.0,3108.0,3134.3,31961800,3447.7,2820.9,3839.9,2896.0,3138.8,14,2,3138.7,66,1,3138.6,236,3,3138.5,223,3,3138.4,155,5,3139.0,216,1,3139.2,66,3,3139.4,128,1,3139.8,1,1,3139.9,25,2
2031,2026-06-16 15:27:03+05:30,3139.0,20,3135.35,3515703,92442.0,141243.0,3163.0,3163.0,3108.0,3134.3,31961800,3447.7,2820.9,3839.9,2896.0,3138.8,14,2,3138.7,66,1,3138.6,236,3,3138.5,223,3,3138.4,155,5,3139.0,216,1,3139.2,66,3,3139.4,128,1,3139.8,1,1,3139.9,25,2
2031,2026-06-16 15:27:04+05:30,3139.0,20,3135.35,3515703,92442.0,141243.0,3163.0,3163.0,3108.0,3134.3,31961800,3447.7,2820.9,3839.9,2896.0,3138.8,14,2,3138.7,66,1,3138.6,236,3,3138.5,223,3,3138.4,155,5,3139.0,216,1,3139.2,66,3,3139.4,128,1,3139.8,1,1,3139.9,25,2
2031,2026-06-16 15:27:05+05:30,3139.0,20,3135.35,3515703,92442.0,141243.0,3163.0,3163.0,3108.0,3134.3,31961800,3447.7,2820.9,3839.9,2896.0,3138.8,14,2,3138.7,66,1,3138.6,236,3,3138.5,223,3,3138.4,155,5,3139.0,216,1,3139.2,66,3,3139.4,128,1,3139.8,1,1,3139.9,25,2
2031,2026-06-16 15:27:06+05:30,3139.0,20,3135.35,3515703,92442.0,141243.0,3163.0,3163.0,3108.0,3134.3,31961800,3447.7,2820.9,3839.9,2896.0,3138.8,14,2,3138.7,66,1,3138.6,236,3,3138.5,223,3,3138.4,155,5,3139.0,216,1,3139.2,66,3,3139.4,128,1,3139.8,1,1,3139.9,25,2
2031,2026-06-16 15:27:07+05:30,3138.9,5,3135.35,3519384,82395.0,137415.0,3163.0,3163.0,3108.0,3134.3,31961800,3447.7,2820.9,3839.9,2896.0,3138.8,269,2,3138.5,10,1,3138.4,38,2,3138.3,429,4,3138.2,226,2,3138.9,103,3,3139.0,181,12,3139.2,7,1,3139.4,200,1,3139.8,1,1
2031,2026-06-16 15:27:07+05:30,3138.9,5,3135.35,3519384,82395.0,137415.0,3163.0,3163.0,3108.0,3134.3,31961800,3447.7,2820.9,3839.9,2896.0,3138.8,269,2,3138.5,10,1,3138.4,38,2,3138.3,429,4,3138.2,226,2,3138.9,103,3,3139.0,181,12,3139.2,7,1,3139.4,200,1,3139.8,1,1
2031,2026-06-16 15:27:07+05:30,3138.9,5,3135.35,3519384,82395.0,137415.0,3163.0,3163.0,3108.0,3134.3,31961800,3447.7,2820.9,3839.9,2896.0,3138.8,269,2,3138.5,10,1,3138.4,38,2,3138.3,429,4,3138.2,226,2,3138.9,103,3,3139.0,181,12,3139.2,7,1,3139.4,200,1,3139.8,1,1
2031,2026-06-16 15:27:08+05:30,3138.9,5,3135.35,3519384,82395.0,137415.0,3163.0,3163.0,3108.0,3134.3,31959800,3447.7,2820.9,3839.9,2896.0,3138.8,269,2,3138.5,10,1,3138.4,38,2,3138.3,429,4,3138.2,226,2,3138.9,103,3,3139.0,181,12,3139.2,7,1,3139.4,200,1,3139.8,1,1
2031,2026-06-16 15:27:14+05:30,3138.9,1,3135.36,3522815,82019.0,138551.0,3163.0,3163.0,3108.0,3134.3,31959800,3447.7,2820.9,3839.9,2896.0,3138.7,296,2,3138.5,19,1,3138.4,294,6,3138.3,36,2,3138.2,200,1,3138.9,1209,18,3139.0,246,3,3139.3,200,1,3139.7,47,1,3139.8,1,1
2031,2026-06-16 15:27:16+05:30,3138.6,186,3135.36,3522815,82019.0,138551.0,3163.0,3163.0,3108.0,3134.3,31959800,3447.7,2820.9,3839.9,2896.0,3138.7,296,2,3138.5,19,1,3138.4,294,6,3138.3,36,2,3138.2,200,1,3138.9,1209,18,3139.0,246,3,3139.3,200,1,3139.7,47,1,3139.8,1,1
2031,2026-06-16 15:27:19+05:30,3138.5,38,3135.36,3522815,82019.0,138551.0,3163.0,3163.0,3108.0,3134.3,31959800,3447.7,2820.9,3839.9,2896.0,3138.7,296,2,3138.5,19,1,3138.4,294,6,3138.3,36,2,3138.2,200,1,3138.9,1209,18,3139.0,246,3,3139.3,200,1,3139.7,47,1,3139.8,1,1
2031,2026-06-16 15:27:19+05:30,3138.5,8,3135.36,3524424,81775.0,139663.0,3163.0,3163.0,3108.0,3134.3,31959800,3447.7,2820.9,3839.9,2896.0,3138.4,296,4,3138.3,236,3,3138.1,200,1,3138.0,57,5,3137.8,10,1,3138.5,328,3,3138.6,2,1,3138.7,498,5,3138.8,136,1,3138.9,1330,26
2031,2026-06-16 15:27:20+05:30,3138.3,1,3135.36,3524424,81775.0,139663.0,3163.0,3163.0,3108.0,3134.3,31959800,3447.7,2820.9,3839.9,2896.0,3138.4,296,4,3138.3,236,3,3138.1,200,1,3138.0,57,5,3137.8,10,1,3138.5,328,3,3138.6,2,1,3138.7,498,5,3138.8,136,1,3138.9,1330,26
2031,2026-06-16 15:27:20+05:30,3138.4,1,3135.36,3525597,81688.0,138910.0,3163.0,3163.0,3108.0,3134.3,31959800,3447.7,2820.9,3839.9,2896.0,3138.4,303,3,3138.3,111,1,3138.0,44,2,3137.9,200,1,3137.8,10,1,3138.5,748,8,3138.7,698,6,3138.9,230,15,3139.0,416,4,3139.7,39,1
2031,2026-06-16 15:27:21+05:30,3138.4,18,3135.36,3525597,81688.0,138910.0,3163.0,3163.0,3108.0,3134.3,31959800,3447.7,2820.9,3839.9,2896.0,3138.4,303,3,3138.3,111,1,3138.0,44,2,3137.9,200,1,3137.8,10,1,3138.5,748,8,3138.7,698,6,3138.9,230,15,3139.0,416,4,3139.7,39,1
2031,2026-06-16 15:27:21+05:30,3138.0,9,3135.36,3526263,80430.0,139100.0,3163.0,3163.0,3108.0,3134.3,31959800,3447.7,2820.9,3839.9,2896.0,3138.0,311,3,3137.9,220,2,3137.8,10,1,3137.6,1,1,3137.1,14,1,3138.4,117,1,3138.5,894,17,3138.6,47,1,3138.7,498,5,3138.8,200,1
2031,2026-06-16 15:27:22+05:30,3138.4,86,3135.36,3526263,80430.0,139100.0,3163.0,3163.0,3108.0,3134.3,31959800,3447.7,2820.9,3839.9,2896.0,3138.0,311,3,3137.9,220,2,3137.8,10,1,3137.6,1,1,3137.1,14,1,3138.4,117,1,3138.5,894,17,3138.6,47,1,3138.7,498,5,3138.8,200,1
2031,2026-06-16 15:27:22+05:30,3138.4,3,3135.36,3526495,80604.0,137969.0,3163.0,3163.0,3108.0,3134.3,31959800,3447.7,2820.9,3839.9,2896.0,3138.0,285,2,3137.9,20,1,3137.8,210,2,3137.6,1,1,3137.1,14,1,3138.4,808,11,3138.5,173,11,3138.6,47,1,3138.7,498,5,3138.8,200,1
2031,2026-06-16 15:27:23+05:30,3137.9,63,3135.36,3526495,80604.0,137969.0,3163.0,3163.0,3108.0,3134.3,31959800,3447.7,2820.9,3839.9,2896.0,3138.0,285,2,3137.9,20,1,3137.8,210,2,3137.6,1,1,3137.1,14,1,3138.4,808,11,3138.5,173,11,3138.6,47,1,3138.7,498,5,3138.8,200,1
2031,2026-06-16 15:27:23+05:30,3138.0,31,3135.36,3527445,80296.0,137349.0,3163.0,3163.0,3108.0,3134.3,31959800,3447.7,2820.9,3839.9,2896.0,3138.0,173,1,3137.9,19,1,3137.8,233,3,3137.7,1,1,3137.1,14,1,3138.4,1223,22,3138.5,79,3,3138.7,97,2,3138.8,47,1,3138.9,204,3
2031,2026-06-16 15:27:24+05:30,3138.0,94,3135.36,3527445,80296.0,137349.0,3163.0,3163.0,3108.0,3134.3,31959800,3447.7,2820.9,3839.9,2896.0,3138.0,173,1,3137.9,19,1,3137.8,233,3,3137.7,1,1,3137.1,14,1,3138.4,1223,22,3138.5,79,3,3138.7,97,2,3138.8,47,1,3138.9,204,3
2031,2026-06-16 15:27:24+05:30,3138.4,156,3135.36,3528246,80572.0,135507.0,3163.0,3163.0,3108.0,3134.3,31959800,3447.7,2820.9,3839.9,2896.0,3138.1,36,2,3138.0,52,1,3137.9,19,1,3137.8,34,3,3137.1,14,1,3138.4,905,19,3138.5,60,2,3138.9,204,3,3139.0,14,3,3139.1,47,1
2031,2026-06-16 15:27:25+05:30,3138.1,24,3135.36,3528246,80572.0,135507.0,3163.0,3163.0,3108.0,3134.3,31959800,3447.7,2820.9,3839.9,2896.0,3138.1,36,2,3138.0,52,1,3137.9,19,1,3137.8,34,3,3137.1,14,1,3138.4,905,19,3138.5,60,2,3138.9,204,3,3139.0,14,3,3139.1,47,1
2031,2026-06-16 15:27:25+05:30,3138.4,22,3135.36,3528474,81226.0,135626.0,3163.0,3163.0,3108.0,3134.3,31959800,3447.7,2820.9,3839.9,2896.0,3138.1,411,4,3138.0,52,1,3137.9,20,2,3137.8,33,2,3137.4,1,1,3138.4,1009,23,3138.5,58,2,3138.9,1,1,3139.0,234,5,3139.3,200,1
2031,2026-06-16 15:27:26+05:30,3138.1,13,3135.36,3528474,81226.0,135626.0,3163.0,3163.0,3108.0,3134.3,31959800,3447.7,2820.9,3839.9,2896.0,3138.1,411,4,3138.0,52,1,3137.9,20,2,3137.8,33,2,3137.4,1,1,3138.4,1009,23,3138.5,58,2,3138.9,1,1,3139.0,234,5,3139.3,200,1
2031,2026-06-16 15:27:26+05:30,3138.3,9,3135.36,3528687,81470.0,135598.0,3163.0,3163.0,3108.0,3134.3,31959800,3447.7,2820.9,3839.9,2896.0,3138.3,266,1,3138.2,200,1,3138.1,292,4,3138.0,52,1,3137.9,19,1,3138.4,1001,21,3138.5,58,2,3138.9,1,1,3139.0,234,5,3139.3,200,1
2031,2026-06-16 15:27:27+05:30,3138.3,234,3135.36,3528687,81470.0,135598.0,3163.0,3163.0,3108.0,3134.3,31959800,3447.7,2820.9,3839.9,2896.0,3138.3,266,1,3138.2,200,1,3138.1,292,4,3138.0,52,1,3137.9,19,1,3138.4,1001,21,3138.5,58,2,3138.9,1,1,3139.0,234,5,3139.3,200,1
2031,2026-06-16 15:27:27+05:30,3138.3,10,3135.36,3529325,80811.0,135477.0,3163.0,3163.0,3108.0,3134.3,31959800,3447.7,2820.9,3839.9,2896.0,3138.3,215,2,3138.2,222,3,3138.1,291,3,3138.0,52,1,3137.9,19,1,3138.4,880,11,3138.5,58,2,3138.9,1,1,3139.0,265,6,3139.3,200,1
2031,2026-06-16 15:27:28+05:30,3138.3,10,3135.36,3529325,80811.0,135477.0,3163.0,3163.0,3108.0,3134.3,31959800,3447.7,2820.9,3839.9,2896.0,3138.3,215,2,3138.2,222,3,3138.1,291,3,3138.0,52,1,3137.9,19,1,3138.4,880,11,3138.5,58,2,3138.9,1,1,3139.0,265,6,3139.3,200,1
2031,2026-06-16 15:27:29+05:30,3138.4,1,3135.36,3529325,80811.0,135477.0,3163.0,3163.0,3108.0,3134.3,31959800,3447.7,2820.9,3839.9,2896.0,3138.3,501,5,3138.2,325,3,3138.1,425,3,3138.0,52,1,3137.9,33,2,3138.4,821,11,3138.5,58,2,3138.8,200,1,3138.9,1,1,3139.0,65,5
2031,2026-06-16 15:27:29+05:30,3138.4,1,3135.36,3529421,81579.0,135618.0,3163.0,3163.0,3108.0,3134.3,31959800,3447.7,2820.9,3839.9,2896.0,3138.3,501,5,3138.2,325,3,3138.1,425,3,3138.0,52,1,3137.9,33,2,3138.4,821,11,3138.5,58,2,3138.8,200,1,3138.9,1,1,3139.0,65,5
2031,2026-06-16 15:27:30+05:30,3138.4,59,3135.36,3529421,81579.0,135618.0,3163.0,3163.0,3108.0,3134.3,31959800,3447.7,2820.9,3839.9,2896.0,3138.3,501,5,3138.2,325,3,3138.1,425,3,3138.0,52,1,3137.9,33,2,3138.4,821,11,3138.5,58,2,3138.8,200,1,3138.9,1,1,3139.0,65,5
2031,2026-06-16 15:27:30+05:30,3138.4,59,3135.36,3529759,81805.0,135938.0,3163.0,3163.0,3108.0,3134.3,31959800,3447.7,2820.9,3839.9,2896.0,3138.3,755,12,3138.2,337,4,3138.1,416,2,3138.0,67,2,3137.9,19,1,3138.4,937,14,3138.5,58,2,3138.8,200,1,3138.9,1,1,3139.0,65,5
2031,2026-06-16 15:27:31+05:30,3138.4,27,3135.36,3529759,81805.0,135938.0,3163.0,3163.0,3108.0,3134.3,31959800,3447.7,2820.9,3839.9,2896.0,3138.3,755,12,3138.2,337,4,3138.1,416,2,3138.0,67,2,3137.9,19,1,3138.4,937,14,3138.5,58,2,3138.8,200,1,3138.9,1,1,3139.0,65,5
2031,2026-06-16 15:27:31+05:30,3138.3,1,3135.36,3530027,82159.0,135671.0,3163.0,3163.0,3108.0,3134.3,31959800,3447.7,2820.9,3839.9,2896.0,3138.3,1146,16,3138.2,137,3,3138.1,416,2,3138.0,67,2,3137.9,1,1,3138.4,875,10,3138.5,58,2,3138.8,200,1,3138.9,1,1,3139.0,64,4
2031,2026-06-16 15:27:32+05:30,3138.3,13,3135.36,3530027,82159.0,135671.0,3163.0,3163.0,3108.0,3134.3,31959800,3447.7,2820.9,3839.9,2896.0,3138.3,1146,16,3138.2,137,3,3138.1,416,2,3138.0,67,2,3137.9,1,1,3138.4,875,10,3138.5,58,2,3138.8,200,1,3138.9,1,1,3139.0,64,4
2031,2026-06-16 15:27:32+05:30,3138.3,13,3135.36,3530220,82237.0,135426.0,3163.0,3163.0,3108.0,3134.3,31959800,3447.7,2820.9,3839.9,2896.0,3138.3,1202,19,3138.2,137,3,3138.1,416,2,3138.0,15,1,3137.9,1,1,3138.4,830,12,3138.5,58,2,3138.9,1,1,3139.0,264,5,3139.3,250,2
2031,2026-06-16 15:27:33+05:30,3138.4,128,3135.36,3530220,82237.0,135426.0,3163.0,3163.0,3108.0,3134.3,31959800,3447.7,2820.9,3839.9,2896.0,3138.3,1202,19,3138.2,137,3,3138.1,416,2,3138.0,15,1,3137.9,1,1,3138.4,830,12,3138.5,58,2,3138.9,1,1,3139.0,264,5,3139.3,250,2
2031,2026-06-16 15:27:33+05:30,3138.3,2,3135.36,3530437,82012.0,135312.0,3163.0,3163.0,3108.0,3134.3,31959800,3447.7,2820.9,3839.9,2896.0,3138.3,1177,18,3138.2,137,3,3138.1,416,2,3138.0,16,2,3137.8,11,2,3138.4,686,13,3138.5,58,2,3138.9,1,1,3139.0,294,6,3139.3,250,2
2031,2026-06-16 15:27:34+05:30,3138.3,18,3135.36,3530437,82012.0,135312.0,3163.0,3163.0,3108.0,3134.3,31959800,3447.7,2820.9,3839.9,2896.0,3138.3,1177,18,3138.2,137,3,3138.1,416,2,3138.0,16,2,3137.8,11,2,3138.4,686,13,3138.5,58,2,3138.9,1,1,3139.0,294,6,3139.3,250,2
2031,2026-06-16 15:27:34+05:30,3138.3,22,3135.36,3530723,81295.0,135291.0,3163.0,3163.0,3108.0,3134.3,31959800,3447.7,2820.9,3839.9,2896.0,3138.3,1170,17,3138.2,137,3,3138.1,416,2,3138.0,16,2,3137.8,11,2,3138.4,704,14,3138.5,58,2,3138.8,2,1,3138.9,1,1,3139.0,294,6
2031,2026-06-16 15:27:35+05:30,3138.4,1,3135.36,3530723,81295.0,135291.0,3163.0,3163.0,3108.0,3134.3,31959800,3447.7,2820.9,3839.9,2896.0,3138.3,1170,17,3138.2,137,3,3138.1,416,2,3138.0,16,2,3137.8,11,2,3138.4,704,14,3138.5,58,2,3138.8,2,1,3138.9,1,1,3139.0,294,6
2031,2026-06-16 15:27:35+05:30,3138.4,1,3135.36,3530741,81302.0,134990.0,3163.0,3163.0,3108.0,3134.3,31959800,3447.7,2820.9,3839.9,2896.0,3138.3,1837,20,3138.2,33,2,3138.1,105,2,3138.0,15,1,3137.8,11,2,3138.4,708,15,3138.5,58,2,3138.8,2,1,3138.9,1,1,3139.0,294,6
2031,2026-06-16 15:27:36+05:30,3138.3,2,3135.36,3530741,81302.0,134990.0,3163.0,3163.0,3108.0,3134.3,31959800,3447.7,2820.9,3839.9,2896.0,3138.3,1837,20,3138.2,33,2,3138.1,105,2,3138.0,15,1,3137.8,11,2,3138.4,708,15,3138.5,58,2,3138.8,2,1,3138.9,1,1,3139.0,294,6
2031,2026-06-16 15:27:36+05:30,3138.3,21,3135.36,3531420,80978.0,134736.0,3163.0,3163.0,3108.0,3134.3,31959800,3447.7,2820.9,3839.9,2896.0,3138.3,1717,22,3138.2,33,2,3138.1,105,2,3138.0,15,1,3137.8,11,2,3138.4,454,12,3138.5,58,2,3138.8,2,1,3138.9,1,1,3139.0,294,6
2031,2026-06-16 15:27:37+05:30,3138.3,23,3135.36,3531420,80978.0,134736.0,3163.0,3163.0,3108.0,3134.3,31959800,3447.7,2820.9,3839.9,2896.0,3138.3,1717,22,3138.2,33,2,3138.1,105,2,3138.0,15,1,3137.8,11,2,3138.4,454,12,3138.5,58,2,3138.8,2,1,3138.9,1,1,3139.0,294,6
2031,2026-06-16 15:27:37+05:30,3138.4,56,3135.36,3531888,80719.0,134701.0,3163.0,3163.0,3108.0,3134.3,31959800,3447.7,2820.9,3839.9,2896.0,3138.3,1458,19,3138.2,34,3,3138.1,104,1,3138.0,15,1,3137.8,11,2,3138.4,419,9,3138.5,58,2,3138.8,2,1,3138.9,1,1,3139.0,294,6
2031,2026-06-16 15:27:38+05:30,3138.3,45,3135.36,3531888,80719.0,134701.0,3163.0,3163.0,3108.0,3134.3,31959800,3447.7,2820.9,3839.9,2896.0,3138.3,1458,19,3138.2,34,3,3138.1,104,1,3138.0,15,1,3137.8,11,2,3138.4,419,9,3138.5,58,2,3138.8,2,1,3138.9,1,1,3139.0,294,6
2031,2026-06-16 15:27:38+05:30,3138.4,1,3135.36,3531981,80647.0,134701.0,3163.0,3163.0,3108.0,3134.3,31959800,3447.7,2820.9,3839.9,2896.0,3138.3,1387,20,3138.2,33,2,3138.1,104,1,3138.0,15,1,3137.8,11,2,3138.4,419,8,3138.5,58,2,3138.8,2,1,3138.9,1,1,3139.0,294,6
2031,2026-06-16 15:27:39+05:30,3138.4,1,3135.36,3531981,80647.0,134701.0,3163.0,3163.0,3108.0,3134.3,31959800,3447.7,2820.9,3839.9,2896.0,3138.3,1387,20,3138.2,33,2,3138.1,104,1,3138.0,15,1,3137.8,11,2,3138.4,419,8,3138.5,58,2,3138.8,2,1,3138.9,1,1,3139.0,294,6
2031,2026-06-16 15:27:39+05:30,3138.3,24,3135.36,3532011,80659.0,134727.0,3163.0,3163.0,3108.0,3134.3,31959800,3447.7,2820.9,3839.9,2896.0,3138.3,1400,21,3138.2,33,2,3138.1,104,1,3138.0,15,1,3137.8,11,2,3138.4,445,9,3138.5,58,2,3138.8,2,1,3138.9,1,1,3139.0,294,6
2031,2026-06-16 15:27:40+05:30,3138.4,1,3135.36,3532011,80659.0,134727.0,3163.0,3163.0,3108.0,3134.3,31959800,3447.7,2820.9,3839.9,2896.0,3138.3,1400,21,3138.2,33,2,3138.1,104,1,3138.0,15,1,3137.8,11,2,3138.4,445,9,3138.5,58,2,3138.8,2,1,3138.9,1,1,3139.0,294,6
2031,2026-06-16 15:27:40+05:30,3138.3,3,3135.36,3532042,80628.0,134722.0,3163.0,3163.0,3108.0,3134.3,31959800,3447.7,2820.9,3839.9,2896.0,3138.3,1369,20,3138.2,33,2,3138.1,104,1,3138.0,15,1,3137.8,11,2,3138.4,444,9,3138.5,58,2,3138.8,2,1,3138.9,1,1,3139.0,294,6
2031,2026-06-16 15:27:41+05:30,3138.3,3,3135.36,3532042,80628.0,134722.0,3163.0,3163.0,3108.0,3134.3,31959800,3447.7,2820.9,3839.9,2896.0,3138.3,1369,20,3138.2,33,2,3138.1,104,1,3138.0,15,1,3137.8,11,2,3138.4,444,9,3138.5,58,2,3138.8,2,1,3138.9,1,1,3139.0,294,6
2031,2026-06-16 15:27:41+05:30,3138.4,2,3135.36,3532110,80626.0,134804.0,3163.0,3163.0,3108.0,3134.3,31959800,3447.7,2820.9,3839.9,2896.0,3138.3,1303,19,3138.2,33,2,3138.1,157,2,3138.0,35,3,3137.9,1,1,3138.4,458,11,3138.5,58,2,3138.8,2,1,3138.9,66,2,3139.0,297,7
2031,2026-06-16 15:27:42+05:30,3138.4,2,3135.36,3532110,80626.0,134804.0,3163.0,3163.0,3108.0,3134.3,31959800,3447.7,2820.9,3839.9,2896.0,3138.3,1303,19,3138.2,33,2,3138.1,157,2,3138.0,35,3,3137.9,1,1,3138.4,458,11,3138.5,58,2,3138.8,2,1,3138.9,66,2,3139.0,297,7
2031,2026-06-16 15:27:42+05:30,3138.4,73,3135.36,3532414,80319.0,134503.0,3163.0,3163.0,3108.0,3134.3,31959800,3447.7,2820.9,3839.9,2896.0,3138.3,1300,19,3138.2,33,2,3138.1,157,2,3138.0,35,3,3137.9,1,1,3138.4,157,8,3138.5,58,2,3138.8,2,1,3138.9,66,2,3139.0,297,7
2031,2026-06-16 15:27:43+05:30,3138.4,73,3135.36,3532414,80319.0,134503.0,3163.0,3163.0,3108.0,3134.3,31959800,3447.7,2820.9,3839.9,2896.0,3138.3,1300,19,3138.2,33,2,3138.1,157,2,3138.0,35,3,3137.9,1,1,3138.4,157,8,3138.5,58,2,3138.8,2,1,3138.9,66,2,3139.0,297,7
2031,2026-06-16 15:27:43+05:30,3138.4,1,3135.36,3532473,80292.0,134393.0,3163.0,3163.0,3108.0,3134.3,31959800,3447.7,2820.9,3839.9,2896.0,3138.3,1274,17,3138.2,33,2,3138.1,157,2,3138.0,36,4,3137.8,11,2,3138.4,147,9,3138.5,58,2,3138.8,2,1,3138.9,66,2,3139.0,297,7
2031,2026-06-16 15:27:44+05:30,3138.3,1,3135.36,3532473,80292.0,134393.0,3163.0,3163.0,3108.0,3134.3,31959800,3447.7,2820.9,3839.9,2896.0,3138.3,1274,17,3138.2,33,2,3138.1,157,2,3138.0,36,4,3137.8,11,2,3138.4,147,9,3138.5,58,2,3138.8,2,1,3138.9,66,2,3139.0,297,7
2031,2026-06-16 15:27:44+05:30,3138.3,3,3135.36,3532514,80288.0,134473.0,3163.0,3163.0,3108.0,3134.3,31959800,3447.7,2820.9,3839.9,2896.0,3138.3,1270,17,3138.2,33,2,3138.1,157,2,3138.0,36,4,3137.8,11,2,3138.4,228,10,3138.5,57,2,3138.8,2,1,3138.9,66,2,3139.0,297,7
2031,2026-06-16 15:27:45+05:30,3138.3,3,3135.36,3532514,80288.0,134473.0,3163.0,3163.0,3108.0,3134.3,31959800,3447.7,2820.9,3839.9,2896.0,3138.3,1270,17,3138.2,33,2,3138.1,157,2,3138.0,36,4,3137.8,11,2,3138.4,228,10,3138.5,57,2,3138.8,2,1,3138.9,66,2,3139.0,297,7
2031,2026-06-16 15:27:45+05:30,3138.4,2,3135.36,3532773,80345.0,134169.0,3163.0,3163.0,3108.0,3134.3,31959800,3447.7,2820.9,3839.9,2896.0,3138.3,1253,15,3138.2,33,2,3138.1,158,3,3138.0,35,3,3137.8,11,2,3138.4,133,3,3138.5,57,2,3138.8,2,1,3138.9,66,2,3139.0,297,7
2031,2026-06-16 15:27:46+05:30,3138.4,2,3135.36,3532773,80345.0,134169.0,3163.0,3163.0,3108.0,3134.3,31959800,3447.7,2820.9,3839.9,2896.0,3138.3,1253,15,3138.2,33,2,3138.1,158,3,3138.0,35,3,3137.8,11,2,3138.4,133,3,3138.5,57,2,3138.8,2,1,3138.9,66,2,3139.0,297,7
2031,2026-06-16 15:27:46+05:30,3138.3,121,3135.37,3533502,79896.0,134048.0,3163.0,3163.0,3108.0,3134.3,31959800,3447.7,2820.9,3839.9,2896.0,3138.3,878,10,3138.2,33,2,3138.1,158,3,3138.0,35,3,3137.8,11,2,3138.4,12,2,3138.5,57,2,3138.8,2,1,3138.9,66,2,3139.0,297,7
2031,2026-06-16 15:27:47+05:30,3138.3,121,3135.37,3533502,79896.0,134048.0,3163.0,3163.0,3108.0,3134.3,31959800,3447.7,2820.9,3839.9,2896.0,3138.3,878,10,3138.2,33,2,3138.1,158,3,3138.0,35,3,3137.8,11,2,3138.4,12,2,3138.5,57,2,3138.8,2,1,3138.9,66,2,3139.0,297,7
2031,2026-06-16 15:27:47+05:30,3138.3,320,3135.37,3533960,79541.0,134032.0,3163.0,3163.0,3108.0,3134.3,31959800,3447.7,2820.9,3839.9,2896.0,3138.3,523,10,3138.2,34,3,3138.1,157,2,3138.0,35,3,3137.8,11,2,3138.4,51,3,3138.5,2,1,3138.8,2,1,3138.9,66,2,3139.0,297,7
2031,2026-06-16 15:27:48+05:30,3138.3,320,3135.37,3533960,79541.0,134032.0,3163.0,3163.0,3108.0,3134.3,31959800,3447.7,2820.9,3839.9,2896.0,3138.3,523,10,3138.2,34,3,3138.1,157,2,3138.0,35,3,3137.8,11,2,3138.4,51,3,3138.5,2,1,3138.8,2,1,3138.9,66,2,3139.0,297,7
2031,2026-06-16 15:27:48+05:30,3138.3,320,3135.37,3533960,79541.0,134032.0,3163.0,3163.0,3108.0,3134.3,31959800,3447.7,2820.9,3839.9,2896.0,3138.3,523,10,3138.2,34,3,3138.1,157,2,3138.0,35,3,3137.8,11,2,3138.4,51,3,3138.5,2,1,3138.8,2,1,3138.9,66,2,3139.0,297,7
2031,2026-06-16 15:27:48+05:30,3138.3,60,3135.37,3534299,79354.0,133932.0,3163.0,3163.0,3108.0,3134.3,31959800,3447.7,2820.9,3839.9,2896.0,3138.4,22,1,3138.3,315,10,3138.2,33,2,3138.1,157,2,3138.0,35,3,3138.9,66,2,3139.0,466,7,3139.3,305,3,3139.7,47,1,3139.8,1,1
2031,2026-06-16 15:27:49+05:30,3138.4,22,3135.37,3534299,79354.0,133932.0,3163.0,3163.0,3108.0,3134.3,31959800,3447.7,2820.9,3839.9,2896.0,3138.4,22,1,3138.3,315,10,3138.2,33,2,3138.1,157,2,3138.0,35,3,3138.9,66,2,3139.0,466,7,3139.3,305,3,3139.7,47,1,3139.8,1,1
2031,2026-06-16 15:27:49+05:30,3138.4,8,3135.37,3534348,79216.0,134473.0,3163.0,3163.0,3108.0,3134.3,31959800,3447.7,2820.9,3839.9,2896.0,3138.3,204,9,3138.2,33,2,3138.1,157,2,3138.0,35,3,3137.8,11,2,3138.4,66,3,3138.9,110,4,3139.0,466,7,3139.3,305,3,3139.7,47,1
2031,2026-06-16 15:27:50+05:30,3138.4,8,3135.37,3534348,79216.0,134473.0,3163.0,3163.0,3108.0,3134.3,31959800,3447.7,2820.9,3839.9,2896.0,3138.3,204,9,3138.2,33,2,3138.1,157,2,3138.0,35,3,3137.8,11,2,3138.4,66,3,3138.9,110,4,3139.0,466,7,3139.3,305,3,3139.7,47,1
2031,2026-06-16 15:27:50+05:30,3138.4,8,3135.37,3534348,79216.0,134473.0,3163.0,3163.0,3108.0,3134.3,31959800,3447.7,2820.9,3839.9,2896.0,3138.3,204,9,3138.2,33,2,3138.1,157,2,3138.0,35,3,3137.8,11,2,3138.4,66,3,3138.9,110,4,3139.0,466,7,3139.3,305,3,3139.7,47,1
2031,2026-06-16 15:27:50+05:30,3138.4,19,3135.37,3534414,79275.0,134326.0,3163.0,3163.0,3108.0,3134.3,31959800,3447.7,2820.9,3839.9,2896.0,3138.3,262,11,3138.2,33,2,3138.1,157,2,3138.0,35,3,3137.9,1,1,3138.4,86,4,3138.9,93,3,3139.0,516,8,3139.3,305,3,3139.7,47,1
2031,2026-06-16 15:27:51+05:30,3138.4,19,3135.37,3534414,79275.0,134326.0,3163.0,3163.0,3108.0,3134.3,31959800,3447.7,2820.9,3839.9,2896.0,3138.3,262,11,3138.2,33,2,3138.1,157,2,3138.0,35,3,3137.9,1,1,3138.4,86,4,3138.9,93,3,3139.0,516,8,3139.3,305,3,3139.7,47,1
2031,2026-06-16 15:27:51+05:30,3138.4,1,3135.37,3534618,79182.0,134335.0,3163.0,3163.0,3108.0,3134.3,31959800,3447.7,2820.9,3839.9,2896.0,3138.3,166,7,3138.2,33,2,3138.1,157,2,3138.0,35,3,3137.9,1,1,3138.4,122,6,3138.9,66,2,3139.0,516,8,3139.3,305,3,3139.7,47,1
2031,2026-06-16 15:27:52+05:30,3138.4,1,3135.37,3534618,79182.0,134335.0,3163.0,3163.0,3108.0,3134.3,31959800,3447.7,2820.9,3839.9,2896.0,3138.3,166,7,3138.2,33,2,3138.1,157,2,3138.0,35,3,3137.9,1,1,3138.4,122,6,3138.9,66,2,3139.0,516,8,3139.3,305,3,3139.7,47,1
2031,2026-06-16 15:27:52+05:30,3138.4,1,3135.37,3534618,79182.0,134335.0,3163.0,3163.0,3108.0,3134.3,31959800,3447.7,2820.9,3839.9,2896.0,3138.3,166,7,3138.2,33,2,3138.1,157,2,3138.0,35,3,3137.9,1,1,3138.4,122,6,3138.9,66,2,3139.0,516,8,3139.3,305,3,3139.7,47,1
2031,2026-06-16 15:27:53+05:30,3138.4,5,3135.37,3534618,79182.0,134335.0,3163.0,3163.0,3108.0,3134.3,31959800,3447.7,2820.9,3839.9,2896.0,3138.3,166,7,3138.2,33,2,3138.1,157,2,3138.0,35,3,3137.9,1,1,3138.4,122,6,3138.9,66,2,3139.0,516,8,3139.3,305,3,3139.7,47,1
2031,2026-06-16 15:27:53+05:30,3138.4,3,3135.37,3534651,79185.0,134516.0,3163.0,3163.0,3108.0,3134.3,31959800,3447.7,2820.9,3839.9,2896.0,3138.3,179,7,3138.2,33,2,3138.1,157,2,3138.0,36,4,3137.8,11,2,3138.4,99,4,3138.9,66,2,3139.0,516,8,3139.2,47,1,3139.3,305,3
2031,2026-06-16 15:27:54+05:30,3138.3,26,3135.37,3534651,79185.0,134516.0,3163.0,3163.0,3108.0,3134.3,31959800,3447.7,2820.9,3839.9,2896.0,3138.3,179,7,3138.2,33,2,3138.1,157,2,3138.0,36,4,3137.8,11,2,3138.4,99,4,3138.9,66,2,3139.0,516,8,3139.2,47,1,3139.3,305,3
2031,2026-06-16 15:27:54+05:30,3138.3,26,3135.37,3534726,78973.0,134550.0,3163.0,3163.0,3108.0,3134.3,31959800,3447.7,2820.9,3839.9,2896.0,3138.3,171,7,3138.2,33,2,3138.1,157,2,3138.0,36,4,3137.8,11,2,3138.4,133,6,3138.9,66,2,3139.0,516,8,3139.2,47,1,3139.3,305,3
2031,2026-06-16 15:27:55+05:30,3138.3,3,3135.37,3534726,78973.0,134550.0,3163.0,3163.0,3108.0,3134.3,31959800,3447.7,2820.9,3839.9,2896.0,3138.3,171,7,3138.2,33,2,3138.1,157,2,3138.0,36,4,3137.8,11,2,3138.4,133,6,3138.9,66,2,3139.0,516,8,3139.2,47,1,3139.3,305,3
2031,2026-06-16 15:27:55+05:30,3138.3,3,3135.37,3534726,78973.0,134550.0,3163.0,3163.0,3108.0,3134.3,31959800,3447.7,2820.9,3839.9,2896.0,3138.3,171,7,3138.2,33,2,3138.1,157,2,3138.0,36,4,3137.8,11,2,3138.4,133,6,3138.9,66,2,3139.0,516,8,3139.2,47,1,3139.3,305,3
2031,2026-06-16 15:27:55+05:30,3138.4,1,3135.37,3534730,78869.0,132758.0,3163.0,3163.0,3108.0,3134.3,31959800,3447.7,2820.9,3839.9,2896.0,3138.3,169,8,3138.2,33,2,3138.1,157,2,3138.0,36,4,3137.8,11,2,3138.4,142,7,3138.9,66,2,3139.0,516,8,3139.2,47,1,3139.3,305,3
2031,2026-06-16 15:27:56+05:30,3138.3,31,3135.37,3534730,78869.0,132758.0,3163.0,3163.0,3108.0,3134.3,31959800,3447.7,2820.9,3839.9,2896.0,3138.3,169,8,3138.2,33,2,3138.1,157,2,3138.0,36,4,3137.8,11,2,3138.4,142,7,3138.9,66,2,3139.0,516,8,3139.2,47,1,3139.3,305,3
2031,2026-06-16 15:27:56+05:30,3138.3,1,3135.37,3535112,78798.0,134836.0,3163.0,3163.0,3108.0,3134.3,31959800,3447.7,2820.9,3839.9,2896.0,3138.3,83,5,3138.2,33,2,3138.1,173,4,3138.0,35,3,3137.8,11,2,3138.4,16,2,3138.9,66,2,3139.0,720,9,3139.2,47,1,3139.3,305,3
2031,2026-06-16 15:27:57+05:30,3138.3,6,3135.37,3535112,78798.0,134836.0,3163.0,3163.0,3108.0,3134.3,31959800,3447.7,2820.9,3839.9,2896.0,3138.3,83,5,3138.2,33,2,3138.1,173,4,3138.0,35,3,3137.8,11,2,3138.4,16,2,3138.9,66,2,3139.0,720,9,3139.2,47,1,3139.3,305,3
2031,2026-06-16 15:27:57+05:30,3138.3,6,3135.37,3535179,78812.0,135015.0,3163.0,3163.0,3108.0,3134.3,31959800,3447.7,2820.9,3839.9,2896.0,3138.3,112,6,3138.2,33,2,3138.1,158,3,3138.0,35,3,3137.8,11,2,3138.9,66,2,3139.0,720,9,3139.2,47,1,3139.3,305,3,3139.7,39,1
2031,2026-06-16 15:27:57+05:30,3138.3,6,3135.37,3535179,78812.0,135015.0,3163.0,3163.0,3108.0,3134.3,31959800,3447.7,2820.9,3839.9,2896.0,3138.3,112,6,3138.2,33,2,3138.1,158,3,3138.0,35,3,3137.8,11,2,3138.9,66,2,3139.0,720,9,3139.2,47,1,3139.3,305,3,3139.7,39,1
2031,2026-06-16 15:27:58+05:30,3138.3,12,3135.37,3535179,78812.0,135015.0,3163.0,3163.0,3108.0,3134.3,31959800,3447.7,2820.9,3839.9,2896.0,3138.3,112,6,3138.2,33,2,3138.1,158,3,3138.0,35,3,3137.8,11,2,3138.9,66,2,3139.0,720,9,3139.2,47,1,3139.3,305,3,3139.7,39,1
2031,2026-06-16 15:27:58+05:30,3138.3,12,3135.37,3535382,78726.0,134450.0,3163.0,3163.0,3108.0,3134.3,31959800,3447.7,2820.9,3839.9,2896.0,3138.3,26,3,3138.2,34,3,3138.1,157,2,3138.0,35,3,3137.8,11,2,3138.4,411,3,3138.7,200,1,3138.9,153,5,3139.0,320,7,3139.3,105,2
2031,2026-06-16 15:27:59+05:30,3138.2,10,3135.37,3535382,78726.0,134450.0,3163.0,3163.0,3108.0,3134.3,31959800,3447.7,2820.9,3839.9,2896.0,3138.3,26,3,3138.2,34,3,3138.1,157,2,3138.0,35,3,3137.8,11,2,3138.4,411,3,3138.7,200,1,3138.9,153,5,3139.0,320,7,3139.3,105,2
2031,2026-06-16 15:27:59+05:30,3138.2,10,3135.37,3535382,78726.0,134450.0,3163.0,3163.0,3108.0,3134.3,31959800,3447.7,2820.9,3839.9,2896.0,3138.3,26,3,3138.2,34,3,3138.1,157,2,3138.0,35,3,3137.8,11,2,3138.4,411,3,3138.7,200,1,3138.9,153,5,3139.0,320,7,3139.3,105,2
2031,2026-06-16 15:27:59+05:30,3138.3,47,3135.37,3535641,78713.0,134867.0,3163.0,3163.0,3108.0,3134.3,31959800,3447.7,2820.9,3839.9,2896.0,3138.1,157,2,3138.0,35,3,3137.8,11,2,3137.5,5,1,3137.0,1,1,3138.4,55,3,3138.8,47,1,3138.9,479,5,3139.0,320,7,3139.2,200,1
2031,2026-06-16 15:28:00+05:30,3138.1,12,3135.37,3535641,78713.0,134867.0,3163.0,3163.0,3108.0,3134.3,31959800,3447.7,2820.9,3839.9,2896.0,3138.1,157,2,3138.0,35,3,3137.8,11,2,3137.5,5,1,3137.0,1,1,3138.4,55,3,3138.8,47,1,3138.9,479,5,3139.0,320,7,3139.2,200,1
2031,2026-06-16 15:28:00+05:30,3139.3,18,3135.37,3537884,79062.0,133721.0,3163.0,3163.0,3108.0,3134.3,31959800,3447.7,2820.9,3839.9,2896.0,3139.3,35,1,3138.4,58,2,3138.2,74,1,3138.1,164,3,3138.0,20,2,3139.4,190,1,3139.5,200,1,3139.8,1,1,3139.9,25,2,3140.0,592,17
2031,2026-06-16 15:28:00+05:30,3139.3,18,3135.37,3537884,79062.0,133721.0,3163.0,3163.0,3108.0,3134.3,31959800,3447.7,2820.9,3839.9,2896.0,3139.3,35,1,3138.4,58,2,3138.2,74,1,3138.1,164,3,3138.0,20,2,3139.4,190,1,3139.5,200,1,3139.8,1,1,3139.9,25,2,3140.0,592,17
2031,2026-06-16 15:28:01+05:30,3139.2,69,3135.37,3537884,79062.0,133721.0,3163.0,3163.0,3108.0,3134.3,31959800,3447.7,2820.9,3839.9,2896.0,3139.3,35,1,3138.4,58,2,3138.2,74,1,3138.1,164,3,3138.0,20,2,3139.4,190,1,3139.5,200,1,3139.8,1,1,3139.9,25,2,3140.0,592,17
2031,2026-06-16 15:28:01+05:30,3139.2,69,3135.37,3537884,79062.0,133721.0,3163.0,3163.0,3108.0,3134.3,31959800,3447.7,2820.9,3839.9,2896.0,3139.3,35,1,3138.4,58,2,3138.2,74,1,3138.1,164,3,3138.0,20,2,3139.4,190,1,3139.5,200,1,3139.8,1,1,3139.9,25,2,3140.0,592,17
2031,2026-06-16 15:28:01+05:30,3139.5,4,3135.37,3539062,79534.0,133089.0,3163.0,3163.0,3108.0,3134.3,31959800,3447.7,2820.9,3839.9,2896.0,3139.5,257,1,3139.4,5,1,3139.3,2,1,3139.2,137,1,3138.9,47,1,3140.3,357,2,3141.0,617,5,3141.1,21,2,3141.3,15,1,3141.4,75,1
2031,2026-06-16 15:28:01+05:30,3139.5,4,3135.37,3539062,79534.0,133089.0,3163.0,3163.0,3108.0,3134.3,31959800,3447.7,2820.9,3839.9,2896.0,3139.5,257,1,3139.4,5,1,3139.3,2,1,3139.2,137,1,3138.9,47,1,3140.3,357,2,3141.0,617,5,3141.1,21,2,3141.3,15,1,3141.4,75,1
2031,2026-06-16 15:28:02+05:30,3139.5,1,3135.37,3539062,79534.0,133089.0,3163.0,3163.0,3108.0,3134.3,31959800,3447.7,2820.9,3839.9,2896.0,3139.5,257,1,3139.4,5,1,3139.3,2,1,3139.2,137,1,3138.9,47,1,3140.3,357,2,3141.0,617,5,3141.1,21,2,3141.3,15,1,3141.4,75,1
2031,2026-06-16 15:28:02+05:30,3139.5,1,3135.37,3539062,79534.0,133089.0,3163.0,3163.0,3108.0,3134.3,31959800,3447.7,2820.9,3839.9,2896.0,3139.5,257,1,3139.4,5,1,3139.3,2,1,3139.2,137,1,3138.9,47,1,3140.3,357,2,3141.0,617,5,3141.1,21,2,3141.3,15,1,3141.4,75,1
2031,2026-06-16 15:28:02+05:30,3140.3,166,3135.37,3539611,79334.0,133626.0,3163.0,3163.0,3108.0,3134.3,31959800,3447.7,2820.9,3839.9,2896.0,3139.5,153,2,3139.3,2,1,3139.2,137,1,3138.7,1,1,3138.6,1,1,3140.3,434,3,3141.0,617,5,3141.1,110,3,3141.2,200,1,3141.3,39,1
2031,2026-06-16 15:28:03+05:30,3140.3,60,3135.37,3539611,79334.0,133626.0,3163.0,3163.0,3108.0,3134.3,31959800,3447.7,2820.9,3839.9,2896.0,3139.5,153,2,3139.3,2,1,3139.2,137,1,3138.7,1,1,3138.6,1,1,3140.3,434,3,3141.0,617,5,3141.1,110,3,3141.2,200,1,3141.3,39,1
2031,2026-06-16 15:28:03+05:30,3140.3,60,3135.37,3539611,79334.0,133626.0,3163.0,3163.0,3108.0,3134.3,31959800,3447.7,2820.9,3839.9,2896.0,3139.5,153,2,3139.3,2,1,3139.2,137,1,3138.7,1,1,3138.6,1,1,3140.3,434,3,3141.0,617,5,3141.1,110,3,3141.2,200,1,3141.3,39,1
2031,2026-06-16 15:28:03+05:30,3140.9,3,3135.37,3540409,76173.0,132997.0,3163.0,3163.0,3108.0,3134.3,31959800,3447.7,2820.9,3839.9,2896.0,3139.3,15,2,3139.2,137,1,3138.7,1,1,3138.6,1,1,3138.1,21,3,3140.3,4,1,3140.9,119,1,3141.0,617,5,3141.1,60,3,3141.2,400,2
2031,2026-06-16 15:28:04+05:30,3139.3,23,3135.37,3540409,76173.0,132997.0,3163.0,3163.0,3108.0,3134.3,31959800,3447.7,2820.9,3839.9,2896.0,3139.3,15,2,3139.2,137,1,3138.7,1,1,3138.6,1,1,3138.1,21,3,3140.3,4,1,3140.9,119,1,3141.0,617,5,3141.1,60,3,3141.2,400,2
2031,2026-06-16 15:28:04+05:30,3139.3,23,3135.37,3540409,76173.0,132997.0,3163.0,3163.0,3108.0,3134.3,31959800,3447.7,2820.9,3839.9,2896.0,3139.3,15,2,3139.2,137,1,3138.7,1,1,3138.6,1,1,3138.1,21,3,3140.3,4,1,3140.9,119,1,3141.0,617,5,3141.1,60,3,3141.2,400,2
2031,2026-06-16 15:28:04+05:30,3139.3,27,3135.37,3541007,78729.0,132469.0,3163.0,3163.0,3108.0,3134.3,31959800,3447.7,2820.9,3839.9,2896.0,3139.3,184,4,3139.2,137,1,3138.7,1,1,3138.6,1,1,3138.1,68,4,3140.3,15,1,3141.0,272,2,3141.1,21,2,3141.2,400,2,3141.3,39,1
2031,2026-06-16 15:28:05+05:30,3139.3,27,3135.37,3541007,78729.0,132469.0,3163.0,3163.0,3108.0,3134.3,31959800,3447.7,2820.9,3839.9,2896.0,3139.3,184,4,3139.2,137,1,3138.7,1,1,3138.6,1,1,3138.1,68,4,3140.3,15,1,3141.0,272,2,3141.1,21,2,3141.2,400,2,3141.3,39,1
2031,2026-06-16 15:28:05+05:30,3139.3,27,3135.37,3541007,78729.0,132469.0,3163.0,3163.0,3108.0,3134.3,31959800,3447.7,2820.9,3839.9,2896.0,3139.3,184,4,3139.2,137,1,3138.7,1,1,3138.6,1,1,3138.1,68,4,3140.3,15,1,3141.0,272,2,3141.1,21,2,3141.2,400,2,3141.3,39,1
2031,2026-06-16 15:28:05+05:30,3139.2,47,3135.37,3541238,77236.0,131979.0,3163.0,3163.0,3108.0,3134.3,31959800,3447.7,2820.9,3839.9,2896.0,3139.3,182,1,3139.2,176,2,3138.8,47,1,3138.7,1,1,3138.6,1,1,3140.3,15,1,3140.9,122,1,3141.0,311,3,3141.1,21,2,3141.2,400,2
2031,2026-06-16 15:28:06+05:30,3139.2,47,3135.37,3541238,77236.0,131979.0,3163.0,3163.0,3108.0,3134.3,31959800,3447.7,2820.9,3839.9,2896.0,3139.3,182,1,3139.2,176,2,3138.8,47,1,3138.7,1,1,3138.6,1,1,3140.3,15,1,3140.9,122,1,3141.0,311,3,3141.1,21,2,3141.2,400,2
2031,2026-06-16 15:28:06+05:30,3139.2,47,3135.37,3541238,77236.0,131979.0,3163.0,3163.0,3108.0,3134.3,31959800,3447.7,2820.9,3839.9,2896.0,3139.3,182,1,3139.2,176,2,3138.8,47,1,3138.7,1,1,3138.6,1,1,3140.3,15,1,3140.9,122,1,3141.0,311,3,3141.1,21,2,3141.2,400,2
2031,2026-06-16 15:28:07+05:30,3139.2,74,3135.37,3541238,77236.0,131979.0,3163.0,3163.0,3108.0,3134.3,31959800,3447.7,2820.9,3839.9,2896.0,3139.3,182,1,3139.2,176,2,3138.8,47,1,3138.7,1,1,3138.6,1,1,3140.3,15,1,3140.9,122,1,3141.0,311,3,3141.1,21,2,3141.2,400,2
2031,2026-06-16 15:28:07+05:30,3139.2,74,3135.37,3541499,74541.0,129040.0,3163.0,3163.0,3108.0,3134.3,31959800,3447.7,2820.9,3839.9,2896.0,3139.2,102,2,3138.8,127,2,3138.7,79,2,3138.6,1,1,3138.1,276,4,3140.3,54,5,3140.9,400,2,3141.0,272,2,3141.1,21,2,3141.2,200,1
2031,2026-06-16 15:28:07+05:30,3139.2,74,3135.37,3541499,74541.0,129040.0,3163.0,3163.0,3108.0,3134.3,31959800,3447.7,2820.9,3839.9,2896.0,3139.2,102,2,3138.8,127,2,3138.7,79,2,3138.6,1,1,3138.1,276,4,3140.3,54,5,3140.9,400,2,3141.0,272,2,3141.1,21,2,3141.2,200,1
2031,2026-06-16 15:28:08+05:30,3139.2,13,3135.37,3541499,74541.0,129040.0,3163.0,3163.0,3108.0,3134.3,31959800,3447.7,2820.9,3839.9,2896.0,3139.2,102,2,3138.8,127,2,3138.7,79,2,3138.6,1,1,3138.1,276,4,3140.3,54,5,3140.9,400,2,3141.0,272,2,3141.1,21,2,3141.2,200,1
2031,2026-06-16 15:28:08+05:30,3139.2,13,3135.37,3541499,74541.0,129040.0,3163.0,3163.0,3108.0,3134.3,31959800,3447.7,2820.9,3839.9,2896.0,3139.2,102,2,3138.8,127,2,3138.7,79,2,3138.6,1,1,3138.1,276,4,3140.3,54,5,3140.9,400,2,3141.0,272,2,3141.1,21,2,3141.2,200,1
2031,2026-06-16 15:28:08+05:30,3139.7,2,3135.37,3541514,79130.0,134255.0,3163.0,3163.0,3108.0,3134.3,31959800,3447.7,2820.9,3839.9,2896.0,3139.7,17,1,3139.2,93,3,3138.8,80,1,3138.7,79,2,3138.6,1,1,3140.3,69,6,3140.9,400,2,3141.0,272,2,3141.1,21,2,3141.2,200,1
2031,2026-06-16 15:28:09+05:30,3140.0,1,3135.37,3541514,79130.0,134255.0,3163.0,3163.0,3108.0,3134.3,31959800,3447.7,2820.9,3839.9,2896.0,3139.7,17,1,3139.2,93,3,3138.8,80,1,3138.7,79,2,3138.6,1,1,3140.3,69,6,3140.9,400,2,3141.0,272,2,3141.1,21,2,3141.2,200,1
2031,2026-06-16 15:28:09+05:30,3140.0,1,3135.37,3541514,79130.0,134255.0,3163.0,3163.0,3108.0,3134.3,31960600,3447.7,2820.9,3839.9,2896.0,3139.7,17,1,3139.2,93,3,3138.8,80,1,3138.7,79,2,3138.6,1,1,3140.3,69,6,3140.9,400,2,3141.0,272,2,3141.1,21,2,3141.2,200,1
2031,2026-06-16 15:28:09+05:30,3140.0,1,3135.37,3541699,79112.0,134373.0,3163.0,3163.0,3108.0,3134.3,31960600,3447.7,2820.9,3839.9,2896.0,3139.7,7,1,3139.2,93,3,3138.8,266,2,3138.7,142,3,3138.6,1,1,3140.3,66,6,3140.8,161,2,3140.9,400,2,3141.0,272,2,3141.1,21,2
2031,2026-06-16 15:28:10+05:30,3139.7,2,3135.37,3541699,79112.0,134373.0,3163.0,3163.0,3108.0,3134.3,31960600,3447.7,2820.9,3839.9,2896.0,3139.7,7,1,3139.2,93,3,3138.8,266,2,3138.7,142,3,3138.6,1,1,3140.3,66,6,3140.8,161,2,3140.9,400,2,3141.0,272,2,3141.1,21,2
2031,2026-06-16 15:28:10+05:30,3139.7,2,3135.37,3541717,79114.0,134513.0,3163.0,3163.0,3108.0,3134.3,31960600,3447.7,2820.9,3839.9,2896.0,3139.7,13,3,3139.2,89,2,3138.8,11,1,3138.7,15,2,3138.6,1,1,3140.3,121,9,3140.7,91,1,3140.8,122,1,3140.9,39,1,3141.0,472,3
2031,2026-06-16 15:28:11+05:30,3138.5,1,3135.37,3541717,79114.0,134513.0,3163.0,3163.0,3108.0,3134.3,31960600,3447.7,2820.9,3839.9,2896.0,3139.7,13,3,3139.2,89,2,3138.8,11,1,3138.7,15,2,3138.6,1,1,3140.3,121,9,3140.7,91,1,3140.8,122,1,3140.9,39,1,3141.0,472,3
2031,2026-06-16 15:28:11+05:30,3138.5,1,3135.37,3541970,79158.0,134301.0,3163.0,3163.0,3108.0,3134.3,31960600,3447.7,2820.9,3839.9,2896.0,3138.8,112,1,3138.5,306,2,3138.4,139,2,3138.0,43,6,3137.8,10,1,3140.3,122,10,3140.7,39,1,3140.8,400,2,3141.0,272,2,3141.1,221,3
2031,2026-06-16 15:28:12+05:30,3139.3,7,3135.37,3541970,79158.0,134301.0,3163.0,3163.0,3108.0,3134.3,31960600,3447.7,2820.9,3839.9,2896.0,3138.8,112,1,3138.5,306,2,3138.4,139,2,3138.0,43,6,3137.8,10,1,3140.3,122,10,3140.7,39,1,3140.8,400,2,3141.0,272,2,3141.1,221,3
2031,2026-06-16 15:28:12+05:30,3139.3,7,3135.37,3542151,79057.0,134302.0,3163.0,3163.0,3108.0,3134.3,31960600,3447.7,2820.9,3839.9,2896.0,3139.7,1,1,3138.5,307,2,3138.4,12,1,3138.0,43,6,3137.9,47,1,3140.3,123,11,3140.8,39,1,3140.9,619,1,3141.0,672,4,3141.1,21,2
2031,2026-06-16 15:28:13+05:30,3138.6,9,3135.37,3542151,79057.0,134302.0,3163.0,3163.0,3108.0,3134.3,31960600,3447.7,2820.9,3839.9,2896.0,3139.7,1,1,3138.5,307,2,3138.4,12,1,3138.0,43,6,3137.9,47,1,3140.3,123,11,3140.8,39,1,3140.9,619,1,3141.0,672,4,3141.1,21,2
2031,2026-06-16 15:28:13+05:30,3138.6,9,3135.37,3542162,78999.0,134309.0,3163.0,3163.0,3108.0,3134.3,31960600,3447.7,2820.9,3839.9,2896.0,3139.7,4,1,3138.4,12,1,3138.0,43,6,3137.8,10,1,3137.5,5,1,3140.3,110,10,3140.5,20,2,3140.8,39,1,3140.9,619,1,3141.0,272,2
2031,2026-06-16 15:28:14+05:30,3137.3,2,3135.37,3542162,78999.0,134309.0,3163.0,3163.0,3108.0,3134.3,31960600,3447.7,2820.9,3839.9,2896.0,3139.7,4,1,3138.4,12,1,3138.0,43,6,3137.8,10,1,3137.5,5,1,3140.3,110,10,3140.5,20,2,3140.8,39,1,3140.9,619,1,3141.0,272,2
2031,2026-06-16 15:28:14+05:30,3137.3,2,3135.37,3542273,78788.0,134107.0,3163.0,3163.0,3108.0,3134.3,31960600,3447.7,2820.9,3839.9,2896.0,3136.9,47,1,3136.8,20,1,3136.5,39,1,3136.4,662,2,3136.3,282,2,3140.3,119,11,3140.8,48,2,3140.9,619,1,3141.0,272,2,3141.1,221,3
2031,2026-06-16 15:28:15+05:30,3137.7,31,3135.37,3542310,79065.0,134347.0,3163.0,3163.0,3108.0,3134.3,31960600,3447.7,2820.9,3839.9,2896.0,3137.8,122,1,3137.7,72,1,3137.4,47,1,3137.3,1,1,3136.9,112,2,3140.3,127,11,3140.8,85,2,3140.9,619,1,3141.0,672,4,3141.1,21,2
2031,2026-06-16 15:28:16+05:30,3137.4,2,3135.37,3542310,79065.0,134347.0,3163.0,3163.0,3108.0,3134.3,31960600,3447.7,2820.9,3839.9,2896.0,3137.8,122,1,3137.7,72,1,3137.4,47,1,3137.3,1,1,3136.9,112,2,3140.3,127,11,3140.8,85,2,3140.9,619,1,3141.0,672,4,3141.1,21,2
2031,2026-06-16 15:28:16+05:30,3140.3,2,3135.38,3542347,79317.0,134124.0,3163.0,3163.0,3108.0,3134.3,31960600,3447.7,2820.9,3839.9,2896.0,3137.5,169,2,3137.4,196,3,3137.3,1,1,3136.9,112,2,3136.8,20,1,3140.3,108,10,3140.6,43,1,3140.7,39,1,3140.8,200,1,3140.9,619,1
2031,2026-06-16 15:28:17+05:30,3137.6,21,3135.38,3542347,79317.0,134124.0,3163.0,3163.0,3108.0,3134.3,31960600,3447.7,2820.9,3839.9,2896.0,3137.5,169,2,3137.4,196,3,3137.3,1,1,3136.9,112,2,3136.8,20,1,3140.3,108,10,3140.6,43,1,3140.7,39,1,3140.8,200,1,3140.9,619,1
2031,2026-06-16 15:28:17+05:30,3137.6,2,3135.38,3542370,79303.0,134324.0,3163.0,3163.0,3108.0,3134.3,31960600,3447.7,2820.9,3839.9,2896.0,3137.6,99,1,3137.5,122,1,3137.3,1,1,3137.0,44,1,3136.9,159,3,3139.9,82,2,3140.0,619,1,3140.1,400,2,3140.3,108,10,3140.4,200,1
2031,2026-06-16 15:28:18+05:30,3137.6,1,3135.38,3542370,79303.0,134324.0,3163.0,3163.0,3108.0,3134.3,31960600,3447.7,2820.9,3839.9,2896.0,3137.6,99,1,3137.5,122,1,3137.3,1,1,3137.0,44,1,3136.9,159,3,3139.9,82,2,3140.0,619,1,3140.1,400,2,3140.3,108,10,3140.4,200,1
2031,2026-06-16 15:28:18+05:30,3137.7,22,3135.38,3542443,79187.0,133656.0,3163.0,3163.0,3108.0,3134.3,31960600,3447.7,2820.9,3839.9,2896.0,3137.7,50,1,3137.6,98,1,3137.3,1,1,3136.9,112,2,3136.8,67,2,3139.5,43,1,3139.6,400,2,3139.8,619,1,3139.9,288,4,3140.0,3,1
2031,2026-06-16 15:28:19+05:30,3137.7,4,3135.38,3542443,79187.0,133656.0,3163.0,3163.0,3108.0,3134.3,31960600,3447.7,2820.9,3839.9,2896.0,3137.7,50,1,3137.6,98,1,3137.3,1,1,3136.9,112,2,3136.8,67,2,3139.5,43,1,3139.6,400,2,3139.8,619,1,3139.9,288,4,3140.0,3,1
2031,2026-06-16 15:28:19+05:30,3137.7,4,3135.38,3542447,79173.0,134282.0,3163.0,3163.0,3108.0,3134.3,31960600,3447.7,2820.9,3839.9,2896.0,3137.7,46,1,3137.6,98,1,3137.4,47,1,3137.3,1,1,3136.9,112,2,3139.5,22,2,3139.9,133,7,3140.0,1022,4,3140.2,39,1,3140.3,201,2
2031,2026-06-16 15:28:20+05:30,3139.5,1,3135.38,3542447,79173.0,134282.0,3163.0,3163.0,3108.0,3134.3,31960600,3447.7,2820.9,3839.9,2896.0,3137.7,46,1,3137.6,98,1,3137.4,47,1,3137.3,1,1,3136.9,112,2,3139.5,22,2,3139.9,133,7,3140.0,1022,4,3140.2,39,1,3140.3,201,2
2031,2026-06-16 15:28:20+05:30,3140.4,54,3135.38,3543895,79607.0,133583.0,3163.0,3163.0,3108.0,3134.3,31960600,3447.7,2820.9,3839.9,2896.0,3138.9,108,2,3138.8,37,1,3138.7,658,2,3138.6,593,2,3137.9,280,1,3139.5,28,1,3141.0,272,2,3141.1,21,2,3141.4,75,1,3141.6,146,1
2031,2026-06-16 15:28:21+05:30,3138.9,24,3135.38,3543895,79607.0,133583.0,3163.0,3163.0,3108.0,3134.3,31960600,3447.7,2820.9,3839.9,2896.0,3138.9,108,2,3138.8,37,1,3138.7,658,2,3138.6,593,2,3137.9,280,1,3139.5,28,1,3141.0,272,2,3141.1,21,2,3141.4,75,1,3141.6,146,1
2031,2026-06-16 15:28:21+05:30,3139.5,1,3135.38,3543977,79754.0,133767.0,3163.0,3163.0,3108.0,3134.3,31960600,3447.7,2820.9,3839.9,2896.0,3139.0,47,1,3138.9,36,1,3138.8,28,1,3138.7,690,2,3138.6,651,3,3139.5,45,4,3141.0,394,3,3141.1,21,2,3141.4,75,1,3141.5,146,1
2031,2026-06-16 15:28:22+05:30,3139.5,13,3135.38,3543977,79754.0,133767.0,3163.0,3163.0,3108.0,3134.3,31960600,3447.7,2820.9,3839.9,2896.0,3139.0,47,1,3138.9,36,1,3138.8,28,1,3138.7,690,2,3138.6,651,3,3139.5,45,4,3141.0,394,3,3141.1,21,2,3141.4,75,1,3141.5,146,1
2031,2026-06-16 15:28:22+05:30,3139.0,1,3135.38,3543996,79818.0,133628.0,3163.0,3163.0,3108.0,3134.3,31960600,3447.7,2820.9,3839.9,2896.0,3139.0,38,1,3138.9,79,2,3138.8,71,2,3138.7,690,2,3138.6,651,3,3139.5,38,5,3141.0,272,2,3141.1,21,2,3141.4,75,1,3141.5,146,1
2031,2026-06-16 15:28:23+05:30,3139.0,1,3135.38,3543996,79818.0,133628.0,3163.0,3163.0,3108.0,3134.3,31960600,3447.7,2820.9,3839.9,2896.0,3139.0,38,1,3138.9,79,2,3138.8,71,2,3138.7,690,2,3138.6,651,3,3139.5,38,5,3141.0,272,2,3141.1,21,2,3141.4,75,1,3141.5,146,1
2031,2026-06-16 15:28:23+05:30,3139.0,1,3135.38,3543997,79799.0,133628.0,3163.0,3163.0,3108.0,3134.3,31960600,3447.7,2820.9,3839.9,2896.0,3138.9,98,3,3138.8,71,2,3138.7,690,2,3138.6,651,3,3138.0,39,1,3139.5,38,5,3141.0,272,2,3141.1,21,2,3141.4,75,1,3141.5,146,1
2031,2026-06-16 15:28:24+05:30,3139.0,1,3135.38,3543997,79799.0,133628.0,3163.0,3163.0,3108.0,3134.3,31960600,3447.7,2820.9,3839.9,2896.0,3138.9,98,3,3138.8,71,2,3138.7,690,2,3138.6,651,3,3138.0,39,1,3139.5,38,5,3141.0,272,2,3141.1,21,2,3141.4,75,1,3141.5,146,1
2031,2026-06-16 15:28:25+05:30,3139.5,1,3135.38,3543997,79799.0,133628.0,3163.0,3163.0,3108.0,3134.3,31960600,3447.7,2820.9,3839.9,2896.0,3138.9,98,3,3138.8,71,2,3138.7,690,2,3138.6,651,3,3138.0,39,1,3139.5,38,5,3141.0,272,2,3141.1,21,2,3141.4,75,1,3141.5,146,1
2031,2026-06-16 15:28:25+05:30,3139.5,1,3135.38,3544036,80218.0,133854.0,3163.0,3163.0,3108.0,3134.3,31960600,3447.7,2820.9,3839.9,2896.0,3139.3,662,2,3139.2,556,1,3139.0,85,1,3138.9,99,3,3138.8,67,2,3139.5,8,1,3140.7,257,2,3141.0,418,3,3141.1,21,2,3141.4,75,1
2031,2026-06-16 15:28:26+05:30,3139.3,4,3135.38,3544036,80218.0,133854.0,3163.0,3163.0,3108.0,3134.3,31960600,3447.7,2820.9,3839.9,2896.0,3139.3,662,2,3139.2,556,1,3139.0,85,1,3138.9,99,3,3138.8,67,2,3139.5,8,1,3140.7,257,2,3141.0,418,3,3141.1,21,2,3141.4,75,1
2031,2026-06-16 15:28:26+05:30,3139.3,1,3135.38,3544079,80111.0,134171.0,3163.0,3163.0,3108.0,3134.3,31960600,3447.7,2820.9,3839.9,2896.0,3139.3,658,2,3139.2,671,3,3138.9,80,2,3138.8,43,1,3138.7,39,1,3139.5,46,4,3140.0,81,1,3141.0,725,5,3141.1,21,2,3141.3,146,1
2031,2026-06-16 15:28:27+05:30,3139.3,2,3135.38,3544079,80111.0,134171.0,3163.0,3163.0,3108.0,3134.3,31960600,3447.7,2820.9,3839.9,2896.0,3139.3,658,2,3139.2,671,3,3138.9,80,2,3138.8,43,1,3138.7,39,1,3139.5,46,4,3140.0,81,1,3141.0,725,5,3141.1,21,2,3141.3,146,1
2031,2026-06-16 15:28:27+05:30,3139.3,2,3135.38,3544081,80146.0,134198.0,3163.0,3163.0,3108.0,3134.3,31960600,3447.7,2820.9,3839.9,2896.0,3139.4,37,1,3139.3,656,2,3139.2,671,3,3138.9,80,2,3138.7,43,1,3139.5,53,5,3140.0,81,1,3141.0,745,6,3141.1,21,2,3141.3,146,1
2031,2026-06-16 15:28:28+05:30,3139.4,22,3135.38,3544081,80146.0,134198.0,3163.0,3163.0,3108.0,3134.3,31960600,3447.7,2820.9,3839.9,2896.0,3139.4,37,1,3139.3,656,2,3139.2,671,3,3138.9,80,2,3138.7,43,1,3139.5,53,5,3140.0,81,1,3141.0,745,6,3141.1,21,2,3141.3,146,1
2031,2026-06-16 15:28:28+05:30,3139.3,1,3135.38,3544124,80108.0,134234.0,3163.0,3163.0,3108.0,3134.3,31960600,3447.7,2820.9,3839.9,2896.0,3139.3,655,2,3139.2,671,3,3138.9,80,2,3138.7,43,1,3138.6,37,1,3139.5,65,6,3139.9,104,1,3140.0,121,2,3141.0,745,6,3141.1,21,2
2031,2026-06-16 15:28:29+05:30,3139.9,2,3135.38,3544124,80108.0,134234.0,3163.0,3163.0,3108.0,3134.3,31960600,3447.7,2820.9,3839.9,2896.0,3139.3,655,2,3139.2,671,3,3138.9,80,2,3138.7,43,1,3138.6,37,1,3139.5,65,6,3139.9,104,1,3140.0,121,2,3141.0,745,6,3141.1,21,2
2031,2026-06-16 15:28:29+05:30,3139.4,5,3135.38,3544369,80174.0,134545.0,3163.0,3163.0,3108.0,3134.3,31960600,3447.7,2820.9,3839.9,2896.0,3139.4,82,1,3139.3,77,1,3139.2,671,3,3138.9,80,2,3138.4,43,1,3139.9,100,1,3140.0,621,3,3141.0,745,6,3141.1,21,2,3141.3,146,1
2031,2026-06-16 15:28:30+05:30,3139.2,13,3135.38,3544369,80174.0,134545.0,3163.0,3163.0,3108.0,3134.3,31960600,3447.7,2820.9,3839.9,2896.0,3139.4,82,1,3139.3,77,1,3139.2,671,3,3138.9,80,2,3138.4,43,1,3139.9,100,1,3140.0,621,3,3141.0,745,6,3141.1,21,2,3141.3,146,1
2031,2026-06-16 15:28:30+05:30,3139.2,13,3135.38,3544938,79507.0,134587.0,3163.0,3163.0,3108.0,3134.3,31960600,3447.7,2820.9,3839.9,2896.0,3139.6,36,1,3139.5,5,1,3139.4,1,1,3139.2,121,3,3138.9,80,2,3139.9,142,5,3140.0,621,3,3141.0,745,6,3141.1,21,2,3141.2,47,1
2031,2026-06-16 15:28:31+05:30,3139.5,3,3135.38,3544938,79507.0,134587.0,3163.0,3163.0,3108.0,3134.3,31960600,3447.7,2820.9,3839.9,2896.0,3139.6,36,1,3139.5,5,1,3139.4,1,1,3139.2,121,3,3138.9,80,2,3139.9,142,5,3140.0,621,3,3141.0,745,6,3141.1,21,2,3141.2,47,1
2031,2026-06-16 15:28:31+05:30,3139.5,3,3135.38,3544982,79507.0,134720.0,3163.0,3163.0,3108.0,3134.3,31960600,3447.7,2820.9,3839.9,2896.0,3139.4,25,2,3139.2,121,3,3138.9,80,2,3138.6,277,2,3138.4,127,1,3139.9,328,5,3140.0,667,4,3141.0,692,5,3141.1,21,2,3141.2,47,1
2031,2026-06-16 15:28:32+05:30,3139.4,1,3135.38,3544982,79507.0,134720.0,3163.0,3163.0,3108.0,3134.3,31960600,3447.7,2820.9,3839.9,2896.0,3139.4,25,2,3139.2,121,3,3138.9,80,2,3138.6,277,2,3138.4,127,1,3139.9,328,5,3140.0,667,4,3141.0,692,5,3141.1,21,2,3141.2,47,1
2031,2026-06-16 15:28:32+05:30,3139.4,1,3135.38,3544984,79520.0,134720.0,3163.0,3163.0,3108.0,3134.3,31960600,3447.7,2820.9,3839.9,2896.0,3139.4,24,2,3139.2,121,3,3138.9,80,2,3138.6,22,1,3138.4,269,2,3139.9,328,5,3140.0,673,5,3141.0,692,5,3141.1,21,2,3141.2,47,1
2031,2026-06-16 15:28:33+05:30,3139.9,23,3135.38,3544984,79520.0,134720.0,3163.0,3163.0,3108.0,3134.3,31960600,3447.7,2820.9,3839.9,2896.0,3139.4,24,2,3139.2,121,3,3138.9,80,2,3138.6,22,1,3138.4,269,2,3139.9,328,5,3140.0,673,5,3141.0,692,5,3141.1,21,2,3141.2,47,1
2031,2026-06-16 15:28:33+05:30,3139.9,23,3135.38,3545108,79525.0,134571.0,3163.0,3163.0,3108.0,3134.3,31960600,3447.7,2820.9,3839.9,2896.0,3139.6,13,1,3139.4,29,2,3139.2,121,3,3138.9,54,2,3138.6,22,1,3139.9,204,3,3140.0,673,5,3141.0,692,5,3141.1,21,2,3141.3,146,1
2031,2026-06-16 15:28:34+05:30,3139.6,7,3135.38,3545108,79525.0,134571.0,3163.0,3163.0,3108.0,3134.3,31960600,3447.7,2820.9,3839.9,2896.0,3139.6,13,1,3139.4,29,2,3139.2,121,3,3138.9,54,2,3138.6,22,1,3139.9,204,3,3140.0,673,5,3141.0,692,5,3141.1,21,2,3141.3,146,1
2031,2026-06-16 15:28:34+05:30,3139.6,7,3135.38,3545115,79568.0,134646.0,3163.0,3163.0,3108.0,3134.3,31960600,3447.7,2820.9,3839.9,2896.0,3139.6,83,2,3139.4,29,2,3139.2,121,3,3138.9,54,2,3138.6,277,2,3139.9,229,4,3140.0,673,5,3141.0,742,6,3141.1,21,2,3141.2,47,1
2031,2026-06-16 15:28:35+05:30,3139.6,1,3135.38,3545115,79568.0,134646.0,3163.0,3163.0,3108.0,3134.3,31960600,3447.7,2820.9,3839.9,2896.0,3139.6,83,2,3139.4,29,2,3139.2,121,3,3138.9,54,2,3138.6,277,2,3139.9,229,4,3140.0,673,5,3141.0,742,6,3141.1,21,2,3141.2,47,1
2031,2026-06-16 15:28:35+05:30,3139.9,24,3135.38,3545143,79568.0,134420.0,3163.0,3163.0,3108.0,3134.3,31960600,3447.7,2820.9,3839.9,2896.0,3139.6,83,3,3139.4,29,2,3139.2,121,3,3138.9,54,2,3138.6,277,2,3139.9,203,3,3140.0,673,5,3141.0,542,5,3141.1,21,2,3141.2,47,1
2031,2026-06-16 15:28:36+05:30,3139.6,2,3135.38,3545143,79568.0,134420.0,3163.0,3163.0,3108.0,3134.3,31960600,3447.7,2820.9,3839.9,2896.0,3139.6,83,3,3139.4,29,2,3139.2,121,3,3138.9,54,2,3138.6,277,2,3139.9,203,3,3140.0,673,5,3141.0,542,5,3141.1,21,2,3141.2,47,1
2031,2026-06-16 15:28:36+05:30,3139.7,1,3135.38,3545223,79563.0,134359.0,3163.0,3163.0,3108.0,3134.3,31960600,3447.7,2820.9,3839.9,2896.0,3139.7,6,1,3139.6,66,2,3139.4,29,2,3139.2,121,3,3138.9,10,1,3139.9,142,3,3140.0,673,5,3141.0,542,5,3141.1,21,2,3141.2,47,1
2031,2026-06-16 15:28:37+05:30,3139.7,3,3135.38,3545223,79563.0,134359.0,3163.0,3163.0,3108.0,3134.3,31960600,3447.7,2820.9,3839.9,2896.0,3139.7,6,1,3139.6,66,2,3139.4,29,2,3139.2,121,3,3138.9,10,1,3139.9,142,3,3140.0,673,5,3141.0,542,5,3141.1,21,2,3141.2,47,1
2031,2026-06-16 15:28:37+05:30,3139.7,3,3135.38,3545301,79568.0,134286.0,3163.0,3163.0,3108.0,3134.3,31960600,3447.7,2820.9,3839.9,2896.0,3139.7,32,2,3139.6,66,2,3139.4,29,2,3139.2,121,3,3138.9,10,1,3139.9,68,3,3140.0,673,5,3141.0,542,5,3141.1,21,2,3141.2,47,1
2031,2026-06-16 15:28:38+05:30,3139.7,1,3135.38,3545301,79568.0,134286.0,3163.0,3163.0,3108.0,3134.3,31960600,3447.7,2820.9,3839.9,2896.0,3139.7,32,2,3139.6,66,2,3139.4,29,2,3139.2,121,3,3138.9,10,1,3139.9,68,3,3140.0,673,5,3141.0,542,5,3141.1,21,2,3141.2,47,1
2031,2026-06-16 15:28:38+05:30,3139.8,2,3135.38,3545307,79561.0,134335.0,3163.0,3163.0,3108.0,3134.3,31960600,3447.7,2820.9,3839.9,2896.0,3139.8,18,1,3139.7,28,1,3139.6,66,2,3139.4,28,1,3139.2,102,2,3139.9,68,3,3140.0,673,5,3141.0,542,5,3141.1,21,2,3141.2,47,1
2031,2026-06-16 15:28:39+05:30,3139.8,2,3135.38,3545307,79561.0,134335.0,3163.0,3163.0,3108.0,3134.3,31960600,3447.7,2820.9,3839.9,2896.0,3139.8,18,1,3139.7,28,1,3139.6,66,2,3139.4,28,1,3139.2,102,2,3139.9,68,3,3140.0,673,5,3141.0,542,5,3141.1,21,2,3141.2,47,1
2031,2026-06-16 15:28:39+05:30,3139.9,20,3135.38,3545327,79668.0,134315.0,3163.0,3163.0,3108.0,3134.3,31960600,3447.7,2820.9,3839.9,2896.0,3139.8,189,2,3139.7,28,1,3139.6,66,2,3139.4,28,1,3139.2,38,1,3139.9,48,3,3140.0,691,6,3141.0,542,5,3141.1,21,2,3141.3,146,1
2031,2026-06-16 15:28:40+05:30,3139.8,1,3135.38,3545327,79668.0,134315.0,3163.0,3163.0,3108.0,3134.3,31960600,3447.7,2820.9,3839.9,2896.0,3139.8,189,2,3139.7,28,1,3139.6,66,2,3139.4,28,1,3139.2,38,1,3139.9,48,3,3140.0,691,6,3141.0,542,5,3141.1,21,2,3141.3,146,1
2031,2026-06-16 15:28:40+05:30,3139.8,20,3135.38,3545550,79532.0,134293.0,3163.0,3163.0,3108.0,3134.3,31960600,3447.7,2820.9,3839.9,2896.0,3139.8,54,2,3139.7,28,1,3139.6,65,1,3139.4,28,1,3139.2,38,1,3139.9,26,2,3140.0,691,6,3141.0,542,5,3141.1,21,2,3141.2,47,1
2031,2026-06-16 15:28:41+05:30,3139.6,12,3135.38,3545550,79532.0,134293.0,3163.0,3163.0,3108.0,3134.3,31960600,3447.7,2820.9,3839.9,2896.0,3139.8,54,2,3139.7,28,1,3139.6,65,1,3139.4,28,1,3139.2,38,1,3139.9,26,2,3140.0,691,6,3141.0,542,5,3141.1,21,2,3141.2,47,1
2031,2026-06-16 15:28:41+05:30,3139.6,12,3135.38,3546033,79400.0,134270.0,3163.0,3163.0,3108.0,3134.3,31960600,3447.7,2820.9,3839.9,2896.0,3139.8,9,1,3139.6,6,1,3139.4,28,1,3139.2,38,1,3139.0,15,1,3140.0,694,7,3141.0,589,6,3141.1,21,2,3141.3,146,1,3141.4,75,1
2031,2026-06-16 15:28:42+05:30,3139.8,25,3135.38,3546033,79400.0,134270.0,3163.0,3163.0,3108.0,3134.3,31960600,3447.7,2820.9,3839.9,2896.0,3139.8,9,1,3139.6,6,1,3139.4,28,1,3139.2,38,1,3139.0,15,1,3140.0,694,7,3141.0,589,6,3141.1,21,2,3141.3,146,1,3141.4,75,1
2031,2026-06-16 15:28:42+05:30,3139.8,25,3135.38,3546108,79411.0,134294.0,3163.0,3163.0,3108.0,3134.3,31960600,3447.7,2820.9,3839.9,2896.0,3139.8,9,1,3139.6,17,3,3139.4,28,1,3139.2,38,1,3139.0,15,1,3140.0,764,9,3141.0,589,6,3141.1,21,2,3141.3,146,1,3141.4,75,1
2031,2026-06-16 15:28:43+05:30,3139.8,4,3135.38,3546108,79411.0,134294.0,3163.0,3163.0,3108.0,3134.3,31960600,3447.7,2820.9,3839.9,2896.0,3139.8,9,1,3139.6,17,3,3139.4,28,1,3139.2,38,1,3139.0,15,1,3140.0,764,9,3141.0,589,6,3141.1,21,2,3141.3,146,1,3141.4,75,1
2031,2026-06-16 15:28:43+05:30,3139.8,4,3135.38,3546121,79355.0,133666.0,3163.0,3163.0,3108.0,3134.3,31960600,3447.7,2820.9,3839.9,2896.0,3139.8,5,1,3139.6,17,3,3139.4,28,1,3139.2,38,1,3139.0,582,2,3140.0,755,9,3140.6,200,1,3140.8,47,1,3140.9,146,1,3141.0,342,4
2031,2026-06-16 15:28:44+05:30,3139.8,1,3135.38,3546121,79355.0,133666.0,3163.0,3163.0,3108.0,3134.3,31960600,3447.7,2820.9,3839.9,2896.0,3139.8,5,1,3139.6,17,3,3139.4,28,1,3139.2,38,1,3139.0,582,2,3140.0,755,9,3140.6,200,1,3140.8,47,1,3140.9,146,1,3141.0,342,4
2031,2026-06-16 15:28:44+05:30,3139.8,1,3135.38,3546130,79976.0,133692.0,3163.0,3163.0,3108.0,3134.3,31960600,3447.7,2820.9,3839.9,2896.0,3139.8,1,1,3139.6,17,3,3139.4,28,1,3139.2,38,1,3139.0,607,3,3140.0,781,10,3140.6,200,1,3140.8,47,1,3140.9,146,1,3141.0,342,4
2031,2026-06-16 15:28:45+05:30,3140.0,1,3135.38,3546130,79976.0,133692.0,3163.0,3163.0,3108.0,3134.3,31960600,3447.7,2820.9,3839.9,2896.0,3139.8,1,1,3139.6,17,3,3139.4,28,1,3139.2,38,1,3139.0,607,3,3140.0,781,10,3140.6,200,1,3140.8,47,1,3140.9,146,1,3141.0,342,4
2031,2026-06-16 15:28:45+05:30,3140.0,20,3135.38,3546220,79848.0,133392.0,3163.0,3163.0,3108.0,3134.3,31960600,3447.7,2820.9,3839.9,2896.0,3139.6,17,3,3139.5,39,1,3139.4,28,1,3139.2,38,1,3139.0,621,4,3140.0,691,9,3140.6,200,1,3140.9,146,1,3141.0,342,4,3141.1,21,2
2031,2026-06-16 15:28:46+05:30,3139.6,5,3135.38,3546220,79848.0,133392.0,3163.0,3163.0,3108.0,3134.3,31960600,3447.7,2820.9,3839.9,2896.0,3139.6,17,3,3139.5,39,1,3139.4,28,1,3139.2,38,1,3139.0,621,4,3140.0,691,9,3140.6,200,1,3140.9,146,1,3141.0,342,4,3141.1,21,2
2031,2026-06-16 15:28:46+05:30,3139.6,1,3135.38,3546231,79841.0,133408.0,3163.0,3163.0,3108.0,3134.3,31960600,3447.7,2820.9,3839.9,2896.0,3139.6,10,1,3139.5,39,1,3139.4,28,1,3139.2,38,1,3139.0,54,3,3140.0,726,11,3140.5,200,1,3140.8,146,1,3141.0,342,4,3141.1,2,2
2031,2026-06-16 15:28:47+05:30,3139.6,1,3135.38,3546231,79841.0,133408.0,3163.0,3163.0,3108.0,3134.3,31960600,3447.7,2820.9,3839.9,2896.0,3139.6,10,1,3139.5,39,1,3139.4,28,1,3139.2,38,1,3139.0,54,3,3140.0,726,11,3140.5,200,1,3140.8,146,1,3141.0,342,4,3141.1,2,2
2031,2026-06-16 15:28:47+05:30,3140.0,1,3135.38,3546234,79631.0,132606.0,3163.0,3163.0,3108.0,3134.3,31960600,3447.7,2820.9,3839.9,2896.0,3139.6,9,1,3139.5,39,1,3139.4,28,1,3139.2,38,1,3139.0,54,3,3140.0,724,11,3140.5,200,1,3140.8,146,1,3141.0,390,6,3141.1,1,1
2031,2026-06-16 15:28:48+05:30,3139.5,10,3135.38,3546234,79631.0,132606.0,3163.0,3163.0,3108.0,3134.3,31960600,3447.7,2820.9,3839.9,2896.0,3139.6,9,1,3139.5,39,1,3139.4,28,1,3139.2,38,1,3139.0,54,3,3140.0,724,11,3140.5,200,1,3140.8,146,1,3141.0,390,6,3141.1,1,1
2031,2026-06-16 15:28:48+05:30,3139.5,22,3135.38,3546627,79263.0,132266.0,3163.0,3163.0,3108.0,3134.3,31960600,3447.7,2820.9,3839.9,2896.0,3139.5,7,1,3139.4,28,1,3139.2,38,1,3139.0,55,4,3138.9,32,2,3140.0,616,12,3140.4,200,1,3140.7,146,1,3140.8,47,1,3140.9,1,1
2031,2026-06-16 15:28:49+05:30,3139.5,7,3135.38,3546627,79263.0,132266.0,3163.0,3163.0,3108.0,3134.3,31960600,3447.7,2820.9,3839.9,2896.0,3139.5,7,1,3139.4,28,1,3139.2,38,1,3139.0,55,4,3138.9,32,2,3140.0,616,12,3140.4,200,1,3140.7,146,1,3140.8,47,1,3140.9,1,1
2031,2026-06-16 15:28:49+05:30,3139.5,7,3135.38,3546627,79263.0,132266.0,3163.0,3163.0,3108.0,3134.3,31960600,3447.7,2820.9,3839.9,2896.0,3139.5,7,1,3139.4,28,1,3139.2,38,1,3139.0,55,4,3138.9,32,2,3140.0,616,12,3140.4,200,1,3140.7,146,1,3140.8,47,1,3140.9,1,1
2031,2026-06-16 15:28:50+05:30,3139.4,53,3135.38,3546813,79256.0,132021.0,3163.0,3163.0,3108.0,3134.3,31960600,3447.7,2820.9,3839.9,2896.0,3139.4,28,1,3139.2,38,1,3139.0,55,4,3138.9,32,2,3138.8,567,1,3140.0,601,12,3140.5,146,1,3140.9,1,1,3141.0,80,3,3141.1,1,1
2031,2026-06-16 15:28:50+05:30,3139.4,53,3135.38,3546813,79256.0,132021.0,3163.0,3163.0,3108.0,3134.3,31960600,3447.7,2820.9,3839.9,2896.0,3139.4,28,1,3139.2,38,1,3139.0,55,4,3138.9,32,2,3138.8,567,1,3140.0,601,12,3140.5,146,1,3140.9,1,1,3141.0,80,3,3141.1,1,1
2031,2026-06-16 15:28:50+05:30,3139.4,53,3135.38,3546813,79256.0,132021.0,3163.0,3163.0,3108.0,3134.3,31960600,3447.7,2820.9,3839.9,2896.0,3139.4,28,1,3139.2,38,1,3139.0,55,4,3138.9,32,2,3138.8,567,1,3140.0,601,12,3140.5,146,1,3140.9,1,1,3141.0,80,3,3141.1,1,1
2031,2026-06-16 15:28:51+05:30,3139.4,10,3135.38,3546853,79230.0,132021.0,3163.0,3163.0,3108.0,3134.3,31960600,3447.7,2820.9,3839.9,2896.0,3139.0,56,5,3138.9,32,2,3138.7,27,1,3138.4,567,1,3138.3,255,1,3140.0,601,12,3140.4,1,1,3140.5,146,1,3140.9,47,1,3141.0,80,3
2031,2026-06-16 15:28:51+05:30,3139.0,4,3135.38,3546853,79230.0,132021.0,3163.0,3163.0,3108.0,3134.3,31960600,3447.7,2820.9,3839.9,2896.0,3139.0,56,5,3138.9,32,2,3138.7,27,1,3138.4,567,1,3138.3,255,1,3140.0,601,12,3140.4,1,1,3140.5,146,1,3140.9,47,1,3141.0,80,3
2031,2026-06-16 15:28:52+05:30,3139.0,2,3135.38,3546853,79230.0,132021.0,3163.0,3163.0,3108.0,3134.3,31960600,3447.7,2820.9,3839.9,2896.0,3139.0,56,5,3138.9,32,2,3138.7,27,1,3138.4,567,1,3138.3,255,1,3140.0,601,12,3140.4,1,1,3140.5,146,1,3140.9,47,1,3141.0,80,3
2031,2026-06-16 15:28:52+05:30,3139.0,2,3135.38,3546874,79229.0,132002.0,3163.0,3163.0,3108.0,3134.3,31960600,3447.7,2820.9,3839.9,2896.0,3139.0,35,4,3138.9,32,2,3138.7,27,1,3138.4,567,1,3138.3,275,2,3140.0,582,11,3140.4,147,2,3141.0,80,3,3141.1,1,1,3141.3,47,1
2031,2026-06-16 15:28:53+05:30,3139.0,1,3135.38,3546874,79229.0,132002.0,3163.0,3163.0,3108.0,3134.3,31960600,3447.7,2820.9,3839.9,2896.0,3139.0,35,4,3138.9,32,2,3138.7,27,1,3138.4,567,1,3138.3,275,2,3140.0,582,11,3140.4,147,2,3141.0,80,3,3141.1,1,1,3141.3,47,1
2031,2026-06-16 15:28:53+05:30,3139.0,1,3135.38,3546874,79229.0,132002.0,3163.0,3163.0,3108.0,3134.3,31960600,3447.7,2820.9,3839.9,2896.0,3139.0,35,4,3138.9,32,2,3138.7,27,1,3138.4,567,1,3138.3,275,2,3140.0,582,11,3140.4,147,2,3141.0,80,3,3141.1,1,1,3141.3,47,1
2031,2026-06-16 15:28:53+05:30,3139.0,1,3135.38,3546899,79195.0,131981.0,3163.0,3163.0,3108.0,3134.3,31960600,3447.7,2820.9,3839.9,2896.0,3139.0,2,2,3138.9,32,2,3138.7,27,1,3138.4,567,1,3138.3,275,2,3139.8,3,1,3140.0,558,10,3140.4,147,2,3141.0,80,3,3141.1,1,1
2031,2026-06-16 15:28:54+05:30,3139.0,1,3135.38,3546899,79195.0,131981.0,3163.0,3163.0,3108.0,3134.3,31960600,3447.7,2820.9,3839.9,2896.0,3139.0,2,2,3138.9,32,2,3138.7,27,1,3138.4,567,1,3138.3,275,2,3139.8,3,1,3140.0,558,10,3140.4,147,2,3141.0,80,3,3141.1,1,1
2031,2026-06-16 15:28:54+05:30,3139.8,2,3135.38,3546903,79233.0,131976.0,3163.0,3163.0,3108.0,3134.3,31960600,3447.7,2820.9,3839.9,2896.0,3139.3,40,1,3138.9,32,2,3138.7,27,1,3138.4,567,1,3138.3,275,2,3139.8,1,1,3140.0,563,11,3140.3,146,1,3140.9,1,1,3141.0,127,4
2031,2026-06-16 15:28:55+05:30,3139.8,2,3135.38,3546903,79233.0,131976.0,3163.0,3163.0,3108.0,3134.3,31960600,3447.7,2820.9,3839.9,2896.0,3139.3,40,1,3138.9,32,2,3138.7,27,1,3138.4,567,1,3138.3,275,2,3139.8,1,1,3140.0,563,11,3140.3,146,1,3140.9,1,1,3141.0,127,4
2031,2026-06-16 15:28:55+05:30,3139.8,2,3135.38,3546903,79233.0,131976.0,3163.0,3163.0,3108.0,3134.3,31960600,3447.7,2820.9,3839.9,2896.0,3139.3,40,1,3138.9,32,2,3138.7,27,1,3138.4,567,1,3138.3,275,2,3139.8,1,1,3140.0,563,11,3140.3,146,1,3140.9,1,1,3141.0,127,4
2031,2026-06-16 15:28:55+05:30,3138.9,6,3135.38,3546949,79168.0,132494.0,3163.0,3163.0,3108.0,3134.3,31960600,3447.7,2820.9,3839.9,2896.0,3138.9,26,2,3138.7,594,2,3138.6,255,1,3138.5,140,2,3137.7,172,3,3139.0,318,1,3139.8,1,1,3140.0,563,11,3140.2,146,1,3140.6,1,1
2031,2026-06-16 15:28:56+05:30,3139.0,1,3135.38,3546949,79168.0,132494.0,3163.0,3163.0,3108.0,3134.3,31960600,3447.7,2820.9,3839.9,2896.0,3138.9,26,2,3138.7,594,2,3138.6,255,1,3138.5,140,2,3137.7,172,3,3139.0,318,1,3139.8,1,1,3140.0,563,11,3140.2,146,1,3140.6,1,1
2031,2026-06-16 15:28:56+05:30,3139.0,1,3135.38,3546952,79218.0,132493.0,3163.0,3163.0,3108.0,3134.3,31960600,3447.7,2820.9,3839.9,2896.0,3138.9,24,2,3138.7,27,1,3138.5,13,1,3138.4,567,1,3138.3,277,2,3139.0,317,1,3139.8,1,1,3140.0,563,11,3140.1,146,1,3140.6,1,1
2031,2026-06-16 15:28:57+05:30,3138.9,46,3135.38,3546952,79218.0,132493.0,3163.0,3163.0,3108.0,3134.3,31960600,3447.7,2820.9,3839.9,2896.0,3138.9,24,2,3138.7,27,1,3138.5,13,1,3138.4,567,1,3138.3,277,2,3139.0,317,1,3139.8,1,1,3140.0,563,11,3140.1,146,1,3140.6,1,1
2031,2026-06-16 15:28:57+05:30,3138.9,46,3135.38,3547073,79154.0,132187.0,3163.0,3163.0,3108.0,3134.3,31960600,3447.7,2820.9,3839.9,2896.0,3138.4,567,1,3138.3,277,2,3138.1,43,1,3138.0,25,1,3137.7,143,3,3139.0,257,1,3139.8,77,2,3139.9,1,1,3140.0,738,12,3141.0,80,3
2031,2026-06-16 15:28:57+05:30,3138.9,46,3135.38,3547073,79154.0,132187.0,3163.0,3163.0,3108.0,3134.3,31960600,3447.7,2820.9,3839.9,2896.0,3138.4,567,1,3138.3,277,2,3138.1,43,1,3138.0,25,1,3137.7,143,3,3139.0,257,1,3139.8,77,2,3139.9,1,1,3140.0,738,12,3141.0,80,3
2031,2026-06-16 15:28:58+05:30,3138.0,6,3135.38,3547073,79154.0,132187.0,3163.0,3163.0,3108.0,3134.3,31960600,3447.7,2820.9,3839.9,2896.0,3138.4,567,1,3138.3,277,2,3138.1,43,1,3138.0,25,1,3137.7,143,3,3139.0,257,1,3139.8,77,2,3139.9,1,1,3140.0,738,12,3141.0,80,3
2031,2026-06-16 15:28:58+05:30,3138.0,6,3135.38,3547179,79148.0,131687.0,3163.0,3163.0,3108.0,3134.3,31960600,3447.7,2820.9,3839.9,2896.0,3138.0,19,1,3137.9,567,1,3137.8,255,1,3137.7,64,2,3137.6,138,3,3138.3,100,1,3139.0,257,1,3139.7,1,1,3139.8,77,2,3140.0,738,12
2031,2026-06-16 15:28:59+05:30,3138.0,5,3135.38,3547179,79148.0,131687.0,3163.0,3163.0,3108.0,3134.3,31960600,3447.7,2820.9,3839.9,2896.0,3138.0,19,1,3137.9,567,1,3137.8,255,1,3137.7,64,2,3137.6,138,3,3138.3,100,1,3139.0,257,1,3139.7,1,1,3139.8,77,2,3140.0,738,12
2031,2026-06-16 15:28:59+05:30,3138.0,5,3135.38,3547179,79148.0,131687.0,3163.0,3163.0,3108.0,3134.3,31960600,3447.7,2820.9,3839.9,2896.0,3138.0,19,1,3137.9,567,1,3137.8,255,1,3137.7,64,2,3137.6,138,3,3138.3,100,1,3139.0,257,1,3139.7,1,1,3139.8,77,2,3140.0,738,12
2031,2026-06-16 15:28:59+05:30,3138.0,5,3135.38,3547209,78548.0,131662.0,3163.0,3163.0,3108.0,3134.3,31960600,3447.7,2820.9,3839.9,2896.0,3138.0,14,1,3137.7,64,2,3137.6,578,3,3137.5,262,2,3137.3,127,1,3138.3,75,1,3139.0,257,1,3139.7,1,1,3139.8,223,3,3140.0,592,11
2031,2026-06-16 15:29:00+05:30,3138.0,2,3135.38,3547209,78548.0,131662.0,3163.0,3163.0,3108.0,3134.3,31960600,3447.7,2820.9,3839.9,2896.0,3138.0,14,1,3137.7,64,2,3137.6,578,3,3137.5,262,2,3137.3,127,1,3138.3,75,1,3139.0,257,1,3139.7,1,1,3139.8,223,3,3140.0,592,11
2031,2026-06-16 15:29:00+05:30,3138.0,92,3135.38,3547695,77804.0,129289.0,3163.0,3163.0,3108.0,3134.3,31960600,3447.7,2820.9,3839.9,2896.0,3138.0,350,4,3137.8,1,1,3137.7,64,2,3137.6,266,3,3137.5,7,1,3139.7,1,1,3139.8,77,2,3140.0,642,12,3140.4,47,1,3140.9,47,1
2031,2026-06-16 15:29:01+05:30,3138.0,92,3135.38,3547695,77804.0,129289.0,3163.0,3163.0,3108.0,3134.3,31960600,3447.7,2820.9,3839.9,2896.0,3138.0,350,4,3137.8,1,1,3137.7,64,2,3137.6,266,3,3137.5,7,1,3139.7,1,1,3139.8,77,2,3140.0,642,12,3140.4,47,1,3140.9,47,1
2031,2026-06-16 15:29:01+05:30,3138.0,92,3135.38,3547695,77804.0,129289.0,3163.0,3163.0,3108.0,3134.3,31960600,3447.7,2820.9,3839.9,2896.0,3138.0,350,4,3137.8,1,1,3137.7,64,2,3137.6,266,3,3137.5,7,1,3139.7,1,1,3139.8,77,2,3140.0,642,12,3140.4,47,1,3140.9,47,1
2031,2026-06-16 15:29:01+05:30,3139.1,50,3135.38,3547806,77554.0,131231.0,3163.0,3163.0,3108.0,3134.3,31960600,3447.7,2820.9,3839.9,2896.0,3139.1,329,2,3139.0,20,1,3138.7,255,1,3138.5,127,1,3138.3,5,1,3139.7,200,1,3139.8,77,2,3140.0,640,11,3140.4,47,1,3140.9,1,1
2031,2026-06-16 15:29:02+05:30,3139.1,50,3135.38,3547806,77554.0,131231.0,3163.0,3163.0,3108.0,3134.3,31960600,3447.7,2820.9,3839.9,2896.0,3139.1,329,2,3139.0,20,1,3138.7,255,1,3138.5,127,1,3138.3,5,1,3139.7,200,1,3139.8,77,2,3140.0,640,11,3140.4,47,1,3140.9,1,1
2031,2026-06-16 15:29:02+05:30,3139.1,74,3135.38,3547806,77554.0,131231.0,3163.0,3163.0,3108.0,3134.3,31960600,3447.7,2820.9,3839.9,2896.0,3139.1,329,2,3139.0,20,1,3138.7,255,1,3138.5,127,1,3138.3,5,1,3139.7,200,1,3139.8,77,2,3140.0,640,11,3140.4,47,1,3140.9,1,1
2031,2026-06-16 15:29:02+05:30,3139.1,74,3135.38,3547806,77554.0,131231.0,3163.0,3163.0,3108.0,3134.3,31960600,3447.7,2820.9,3839.9,2896.0,3139.1,329,2,3139.0,20,1,3138.7,255,1,3138.5,127,1,3138.3,5,1,3139.7,200,1,3139.8,77,2,3140.0,640,11,3140.4,47,1,3140.9,1,1
2031,2026-06-16 15:29:02+05:30,3139.7,27,3135.38,3548267,77326.0,130979.0,3163.0,3163.0,3108.0,3134.3,31960600,3447.7,2820.9,3839.9,2896.0,3139.1,126,1,3139.0,20,1,3138.7,255,1,3138.5,127,1,3138.3,5,1,3139.7,148,1,3139.8,77,2,3140.0,640,11,3140.4,47,1,3140.8,47,1
2031,2026-06-16 15:29:03+05:30,3139.0,22,3135.38,3548267,77326.0,130979.0,3163.0,3163.0,3108.0,3134.3,31960600,3447.7,2820.9,3839.9,2896.0,3139.1,126,1,3139.0,20,1,3138.7,255,1,3138.5,127,1,3138.3,5,1,3139.7,148,1,3139.8,77,2,3140.0,640,11,3140.4,47,1,3140.8,47,1
2031,2026-06-16 15:29:03+05:30,3139.0,22,3135.38,3548267,77326.0,130979.0,3163.0,3163.0,3108.0,3134.3,31960600,3447.7,2820.9,3839.9,2896.0,3139.1,126,1,3139.0,20,1,3138.7,255,1,3138.5,127,1,3138.3,5,1,3139.7,148,1,3139.8,77,2,3140.0,640,11,3140.4,47,1,3140.8,47,1
2031,2026-06-16 15:29:04+05:30,3139.0,5,3135.38,3548440,74918.0,128515.0,3163.0,3163.0,3108.0,3134.3,31960600,3447.7,2820.9,3839.9,2896.0,3139.0,78,2,3138.7,255,1,3138.4,127,1,3138.3,5,1,3138.0,4,4,3139.8,77,2,3140.0,640,11,3140.3,1,1,3140.4,47,1,3140.9,47,1
2031,2026-06-16 15:29:04+05:30,3139.0,5,3135.38,3548440,74918.0,128515.0,3163.0,3163.0,3108.0,3134.3,31960600,3447.7,2820.9,3839.9,2896.0,3139.0,78,2,3138.7,255,1,3138.4,127,1,3138.3,5,1,3138.0,4,4,3139.8,77,2,3140.0,640,11,3140.3,1,1,3140.4,47,1,3140.9,47,1
2031,2026-06-16 15:29:04+05:30,3139.0,5,3135.38,3548440,74918.0,128515.0,3163.0,3163.0,3108.0,3134.3,31960600,3447.7,2820.9,3839.9,2896.0,3139.0,78,2,3138.7,255,1,3138.4,127,1,3138.3,5,1,3138.0,4,4,3139.8,77,2,3140.0,640,11,3140.3,1,1,3140.4,47,1,3140.9,47,1
2031,2026-06-16 15:29:05+05:30,3139.0,9,3135.38,3548440,74918.0,128515.0,3163.0,3163.0,3108.0,3134.3,31960600,3447.7,2820.9,3839.9,2896.0,3139.0,78,2,3138.7,255,1,3138.4,127,1,3138.3,5,1,3138.0,4,4,3139.8,77,2,3140.0,640,11,3140.3,1,1,3140.4,47,1,3140.9,47,1
2031,2026-06-16 15:29:05+05:30,3139.0,9,3135.38,3548449,74303.0,128301.0,3163.0,3163.0,3108.0,3134.3,31960600,3447.7,2820.9,3839.9,2896.0,3139.0,69,2,3138.7,255,1,3138.5,127,1,3138.3,5,1,3138.0,3,3,3139.8,77,2,3140.0,640,11,3140.3,1,1,3140.4,47,1,3141.0,77,3
2031,2026-06-16 15:29:05+05:30,3139.0,9,3135.38,3548449,74303.0,128301.0,3163.0,3163.0,3108.0,3134.3,31960600,3447.7,2820.9,3839.9,2896.0,3139.0,69,2,3138.7,255,1,3138.5,127,1,3138.3,5,1,3138.0,3,3,3139.8,77,2,3140.0,640,11,3140.3,1,1,3140.4,47,1,3141.0,77,3
2031,2026-06-16 15:29:06+05:30,3139.0,1,3135.38,3548449,74303.0,128301.0,3163.0,3163.0,3108.0,3134.3,31960600,3447.7,2820.9,3839.9,2896.0,3139.0,69,2,3138.7,255,1,3138.5,127,1,3138.3,5,1,3138.0,3,3,3139.8,77,2,3140.0,640,11,3140.3,1,1,3140.4,47,1,3141.0,77,3
2031,2026-06-16 15:29:06+05:30,3139.0,1,3135.38,3548451,74241.0,128216.0,3163.0,3163.0,3108.0,3134.3,31960600,3447.7,2820.9,3839.9,2896.0,3139.0,67,2,3138.8,255,1,3138.5,127,1,3138.3,5,1,3138.1,43,1,3139.8,77,2,3140.0,640,11,3140.3,1,1,3140.4,47,1,3141.0,30,2
2031,2026-06-16 15:29:06+05:30,3139.0,1,3135.38,3548451,74241.0,128216.0,3163.0,3163.0,3108.0,3134.3,31960600,3447.7,2820.9,3839.9,2896.0,3139.0,67,2,3138.8,255,1,3138.5,127,1,3138.3,5,1,3138.1,43,1,3139.8,77,2,3140.0,640,11,3140.3,1,1,3140.4,47,1,3141.0,30,2
2031,2026-06-16 15:29:07+05:30,3139.0,1,3135.38,3548451,74241.0,128216.0,3163.0,3163.0,3108.0,3134.3,31960600,3447.7,2820.9,3839.9,2896.0,3139.0,67,2,3138.8,255,1,3138.5,127,1,3138.3,5,1,3138.1,43,1,3139.8,77,2,3140.0,640,11,3140.3,1,1,3140.4,47,1,3141.0,30,2
2031,2026-06-16 15:29:07+05:30,3139.0,1,3135.38,3548651,74174.0,128241.0,3163.0,3163.0,3108.0,3134.3,31960600,3447.7,2820.9,3839.9,2896.0,3138.6,382,2,3138.3,5,1,3138.0,3,3,3137.7,50,1,3137.6,44,2,3139.8,77,2,3140.0,640,11,3140.3,1,1,3140.4,47,1,3140.9,47,1
2031,2026-06-16 15:29:07+05:30,3139.0,1,3135.38,3548651,74174.0,128241.0,3163.0,3163.0,3108.0,3134.3,31960600,3447.7,2820.9,3839.9,2896.0,3138.6,382,2,3138.3,5,1,3138.0,3,3,3137.7,50,1,3137.6,44,2,3139.8,77,2,3140.0,640,11,3140.3,1,1,3140.4,47,1,3140.9,47,1
2031,2026-06-16 15:29:08+05:30,3139.0,46,3135.38,3548651,74174.0,128241.0,3163.0,3163.0,3108.0,3134.3,31960600,3447.7,2820.9,3839.9,2896.0,3138.6,382,2,3138.3,5,1,3138.0,3,3,3137.7,50,1,3137.6,44,2,3139.8,77,2,3140.0,640,11,3140.3,1,1,3140.4,47,1,3140.9,47,1
2031,2026-06-16 15:29:08+05:30,3139.0,46,3135.38,3548709,74181.0,128195.0,3163.0,3163.0,3108.0,3134.3,31960600,3447.7,2820.9,3839.9,2896.0,3139.4,7,1,3138.9,255,1,3138.6,127,1,3138.3,5,1,3138.0,3,3,3139.8,77,2,3140.0,594,10,3140.4,47,1,3140.9,1,1,3141.0,77,3
2031,2026-06-16 15:29:08+05:30,3139.0,46,3135.38,3548709,74181.0,128195.0,3163.0,3163.0,3108.0,3134.3,31960600,3447.7,2820.9,3839.9,2896.0,3139.4,7,1,3138.9,255,1,3138.6,127,1,3138.3,5,1,3138.0,3,3,3139.8,77,2,3140.0,594,10,3140.4,47,1,3140.9,1,1,3141.0,77,3
2031,2026-06-16 15:29:09+05:30,3139.4,1,3135.38,3548709,74181.0,128195.0,3163.0,3163.0,3108.0,3134.3,31960600,3447.7,2820.9,3839.9,2896.0,3139.4,7,1,3138.9,255,1,3138.6,127,1,3138.3,5,1,3138.0,3,3,3139.8,77,2,3140.0,594,10,3140.4,47,1,3140.9,1,1,3141.0,77,3
2031,2026-06-16 15:29:09+05:30,3139.4,1,3135.38,3548735,71792.0,126069.0,3163.0,3163.0,3108.0,3134.3,31960600,3447.7,2820.9,3839.9,2896.0,3139.4,8,2,3139.3,255,1,3139.1,127,1,3138.3,5,1,3138.0,9,1,3139.8,77,2,3140.0,594,10,3140.4,47,1,3140.9,47,1,3141.0,30,2
2031,2026-06-16 15:29:09+05:30,3139.4,1,3135.38,3548735,71792.0,126069.0,3163.0,3163.0,3108.0,3134.3,31963600,3447.7,2820.9,3839.9,2896.0,3139.4,8,2,3139.3,255,1,3139.1,127,1,3138.3,5,1,3138.0,9,1,3139.8,77,2,3140.0,594,10,3140.4,47,1,3140.9,47,1,3141.0,30,2
2031,2026-06-16 15:29:10+05:30,3139.4,1,3135.38,3548735,71792.0,126069.0,3163.0,3163.0,3108.0,3134.3,31963600,3447.7,2820.9,3839.9,2896.0,3139.4,8,2,3139.3,255,1,3139.1,127,1,3138.3,5,1,3138.0,9,1,3139.8,77,2,3140.0,594,10,3140.4,47,1,3140.9,47,1,3141.0,30,2
2031,2026-06-16 15:29:10+05:30,3139.4,1,3135.38,3549007,71787.0,125898.0,3163.0,3163.0,3108.0,3134.3,31963600,3447.7,2820.9,3839.9,2896.0,3139.4,3,1,3139.1,127,1,3138.8,255,1,3138.3,5,1,3138.0,9,1,3139.8,68,1,3140.0,432,10,3140.4,47,1,3140.9,47,1,3141.0,30,2
2031,2026-06-16 15:29:11+05:30,3139.2,49,3135.38,3549007,71787.0,125898.0,3163.0,3163.0,3108.0,3134.3,31963600,3447.7,2820.9,3839.9,2896.0,3139.4,3,1,3139.1,127,1,3138.8,255,1,3138.3,5,1,3138.0,9,1,3139.8,68,1,3140.0,432,10,3140.4,47,1,3140.9,47,1,3141.0,30,2
2031,2026-06-16 15:29:11+05:30,3139.2,49,3135.38,3549089,71737.0,125830.0,3163.0,3163.0,3108.0,3134.3,31963600,3447.7,2820.9,3839.9,2896.0,3139.4,2,1,3139.2,78,1,3138.9,255,1,3138.3,5,1,3138.1,43,1,3140.0,432,10,3140.4,47,1,3141.0,77,3,3141.1,1,1,3141.9,25,1
2031,2026-06-16 15:29:12+05:30,3139.4,5,3135.38,3549089,71737.0,125830.0,3163.0,3163.0,3108.0,3134.3,31963600,3447.7,2820.9,3839.9,2896.0,3139.4,2,1,3139.2,78,1,3138.9,255,1,3138.3,5,1,3138.1,43,1,3140.0,432,10,3140.4,47,1,3141.0,77,3,3141.1,1,1,3141.9,25,1
2031,2026-06-16 15:29:12+05:30,3140.0,2,3135.38,3549101,71793.0,125748.0,3163.0,3163.0,3108.0,3134.3,31963600,3447.7,2820.9,3839.9,2896.0,3139.4,2,1,3139.1,127,1,3138.9,266,2,3138.3,5,1,3138.1,43,1,3140.0,425,9,3140.4,47,1,3141.0,77,3,3141.1,1,1,3141.9,25,1
2031,2026-06-16 15:29:13+05:30,3139.4,1,3135.38,3549101,71793.0,125748.0,3163.0,3163.0,3108.0,3134.3,31963600,3447.7,2820.9,3839.9,2896.0,3139.4,2,1,3139.1,127,1,3138.9,266,2,3138.3,5,1,3138.1,43,1,3140.0,425,9,3140.4,47,1,3141.0,77,3,3141.1,1,1,3141.9,25,1
2031,2026-06-16 15:29:13+05:30,3139.4,1,3135.38,3549102,71204.0,123948.0,3163.0,3163.0,3108.0,3134.3,31963600,3447.7,2820.9,3839.9,2896.0,3139.4,1,1,3139.2,127,1,3139.0,267,2,3138.9,11,1,3138.3,5,1,3140.0,425,9,3140.4,47,1,3141.0,30,2,3141.1,1,1,3141.8,47,1
2031,2026-06-16 15:29:14+05:30,3140.0,4,3135.38,3549106,71218.0,123744.0,3163.0,3163.0,3108.0,3134.3,31963600,3447.7,2820.9,3839.9,2896.0,3139.4,1,1,3139.3,127,1,3139.1,269,2,3139.0,12,1,3138.9,11,1,3140.0,421,9,3140.4,47,1,3141.0,30,2,3141.1,1,1,3141.8,47,1
2031,2026-06-16 15:29:15+05:30,3140.0,3,3135.38,3549106,71218.0,123744.0,3163.0,3163.0,3108.0,3134.3,31963600,3447.7,2820.9,3839.9,2896.0,3139.4,1,1,3139.3,127,1,3139.1,269,2,3139.0,12,1,3138.9,11,1,3140.0,421,9,3140.4,47,1,3141.0,30,2,3141.1,1,1,3141.8,47,1
2031,2026-06-16 15:29:15+05:30,3140.0,3,3135.38,3549109,71213.0,123741.0,3163.0,3163.0,3108.0,3134.3,31963600,3447.7,2820.9,3839.9,2896.0,3139.4,128,2,3139.1,269,2,3139.0,12,1,3138.9,11,1,3138.3,5,1,3140.0,418,9,3140.4,47,1,3141.0,30,2,3141.1,1,1,3141.8,47,1
2031,2026-06-16 15:29:16+05:30,3140.0,12,3135.38,3549109,71213.0,123741.0,3163.0,3163.0,3108.0,3134.3,31963600,3447.7,2820.9,3839.9,2896.0,3139.4,128,2,3139.1,269,2,3139.0,12,1,3138.9,11,1,3138.3,5,1,3140.0,418,9,3140.4,47,1,3141.0,30,2,3141.1,1,1,3141.8,47,1
2031,2026-06-16 15:29:16+05:30,3140.0,12,3135.38,3549121,71226.0,123729.0,3163.0,3163.0,3108.0,3134.3,31963600,3447.7,2820.9,3839.9,2896.0,3139.4,127,1,3139.2,269,2,3139.1,14,1,3139.0,12,1,3138.9,11,1,3140.0,456,10,3140.4,47,1,3141.0,30,2,3141.1,1,1,3141.9,25,1
2031,2026-06-16 15:29:17+05:30,3139.4,1,3135.38,3549122,70636.0,123729.0,3163.0,3163.0,3108.0,3134.3,31963600,3447.7,2820.9,3839.9,2896.0,3139.4,126,1,3139.3,266,2,3139.2,14,1,3139.1,14,1,3139.0,12,1,3140.0,456,10,3140.4,47,1,3141.0,30,2,3141.1,1,1,3141.9,25,1
2031,2026-06-16 15:29:18+05:30,3139.4,50,3135.38,3549122,70636.0,123729.0,3163.0,3163.0,3108.0,3134.3,31963600,3447.7,2820.9,3839.9,2896.0,3139.4,126,1,3139.3,266,2,3139.2,14,1,3139.1,14,1,3139.0,12,1,3140.0,456,10,3140.4,47,1,3141.0,30,2,3141.1,1,1,3141.9,25,1
2031,2026-06-16 15:29:18+05:30,3140.0,5,3135.38,3549177,70632.0,123729.0,3163.0,3163.0,3108.0,3134.3,31963600,3447.7,2820.9,3839.9,2896.0,3139.4,382,2,3139.3,11,1,3139.2,14,1,3139.1,14,1,3139.0,12,1,3140.0,451,10,3140.4,47,1,3141.0,30,2,3141.1,1,1,3141.9,25,1
2031,2026-06-16 15:29:19+05:30,3140.0,5,3135.38,3549177,70632.0,123729.0,3163.0,3163.0,3108.0,3134.3,31963600,3447.7,2820.9,3839.9,2896.0,3139.4,382,2,3139.3,11,1,3139.2,14,1,3139.1,14,1,3139.0,12,1,3140.0,451,10,3140.4,47,1,3141.0,30,2,3141.1,1,1,3141.9,25,1
2031,2026-06-16 15:29:19+05:30,3139.4,3,3135.38,3549180,70674.0,123729.0,3163.0,3163.0,3108.0,3134.3,31963600,3447.7,2820.9,3839.9,2896.0,3139.4,424,3,3139.3,11,1,3139.2,14,1,3139.1,14,1,3139.0,62,2,3140.0,451,10,3140.4,47,1,3141.0,30,2,3141.1,1,1,3141.9,25,1
2031,2026-06-16 15:29:20+05:30,3139.4,3,3135.38,3549180,70674.0,123729.0,3163.0,3163.0,3108.0,3134.3,31963600,3447.7,2820.9,3839.9,2896.0,3139.4,424,3,3139.3,11,1,3139.2,14,1,3139.1,14,1,3139.0,62,2,3140.0,451,10,3140.4,47,1,3141.0,30,2,3141.1,1,1,3141.9,25,1
2031,2026-06-16 15:29:20+05:30,3139.4,37,3135.38,3549259,69930.0,123145.0,3163.0,3163.0,3108.0,3134.3,31963600,3447.7,2820.9,3839.9,2896.0,3139.4,345,2,3139.3,11,1,3139.2,14,1,3139.1,14,1,3139.0,72,3,3140.0,451,10,3140.4,47,1,3141.0,30,2,3141.1,1,1,3141.9,25,1
2031,2026-06-16 15:29:21+05:30,3139.4,10,3135.38,3549259,69930.0,123145.0,3163.0,3163.0,3108.0,3134.3,31963600,3447.7,2820.9,3839.9,2896.0,3139.4,345,2,3139.3,11,1,3139.2,14,1,3139.1,14,1,3139.0,72,3,3140.0,451,10,3140.4,47,1,3141.0,30,2,3141.1,1,1,3141.9,25,1
2031,2026-06-16 15:29:21+05:30,3139.4,4,3135.38,3549364,69922.0,123145.0,3163.0,3163.0,3108.0,3134.3,31963600,3447.7,2820.9,3839.9,2896.0,3139.4,382,2,3139.3,11,1,3139.2,14,1,3139.1,14,1,3139.0,72,3,3140.0,451,11,3140.4,47,1,3141.0,30,2,3141.1,1,1,3141.9,25,1
2031,2026-06-16 15:29:22+05:30,3139.4,4,3135.38,3549364,69922.0,123145.0,3163.0,3163.0,3108.0,3134.3,31963600,3447.7,2820.9,3839.9,2896.0,3139.4,382,2,3139.3,11,1,3139.2,14,1,3139.1,14,1,3139.0,72,3,3140.0,451,11,3140.4,47,1,3141.0,30,2,3141.1,1,1,3141.9,25,1
2031,2026-06-16 15:29:23+05:30,3139.4,5,3135.38,3549369,69479.0,122695.0,3163.0,3163.0,3108.0,3134.3,31963600,3447.7,2820.9,3839.9,2896.0,3139.4,382,2,3139.3,11,1,3139.2,14,1,3139.1,14,1,3139.0,72,3,3140.0,455,12,3140.4,47,1,3141.0,30,2,3141.1,1,1,3141.9,25,1
2031,2026-06-16 15:29:23+05:30,3139.4,5,3135.38,3549369,69479.0,122695.0,3163.0,3163.0,3108.0,3134.3,31963600,3447.7,2820.9,3839.9,2896.0,3139.4,382,2,3139.3,11,1,3139.2,14,1,3139.1,14,1,3139.0,72,3,3140.0,455,12,3140.4,47,1,3141.0,30,2,3141.1,1,1,3141.9,25,1
2031,2026-06-16 15:29:24+05:30,3139.4,255,3135.38,3549369,69479.0,122695.0,3163.0,3163.0,3108.0,3134.3,31963600,3447.7,2820.9,3839.9,2896.0,3139.4,382,2,3139.3,11,1,3139.2,14,1,3139.1,14,1,3139.0,72,3,3140.0,455,12,3140.4,47,1,3141.0,30,2,3141.1,1,1,3141.9,25,1
2031,2026-06-16 15:29:24+05:30,3139.4,255,3135.38,3549768,69057.0,123480.0,3163.0,3163.0,3108.0,3134.3,31963600,3447.7,2820.9,3839.9,2896.0,3139.0,90,4,3138.9,11,1,3138.3,5,1,3138.0,11,3,3137.7,50,1,3139.4,618,1,3139.5,84,1,3140.0,470,13,3140.4,94,2,3140.5,4,1
2031,2026-06-16 15:29:25+05:30,3139.0,6,3135.38,3549768,69057.0,123480.0,3163.0,3163.0,3108.0,3134.3,31963600,3447.7,2820.9,3839.9,2896.0,3139.0,90,4,3138.9,11,1,3138.3,5,1,3138.0,11,3,3137.7,50,1,3139.4,618,1,3139.5,84,1,3140.0,470,13,3140.4,94,2,3140.5,4,1
2031,2026-06-16 15:29:25+05:30,3139.0,6,3135.38,3549797,69222.0,123479.0,3163.0,3163.0,3108.0,3134.3,31963600,3447.7,2820.9,3839.9,2896.0,3139.0,74,4,3138.9,11,1,3138.4,118,1,3138.3,99,2,3138.0,11,3,3139.4,617,1,3139.5,84,1,3140.0,470,13,3140.4,47,1,3140.5,4,1
2031,2026-06-16 15:29:26+05:30,3139.0,1,3135.38,3549797,69222.0,123479.0,3163.0,3163.0,3108.0,3134.3,31963600,3447.7,2820.9,3839.9,2896.0,3139.0,74,4,3138.9,11,1,3138.4,118,1,3138.3,99,2,3138.0,11,3,3139.4,617,1,3139.5,84,1,3140.0,470,13,3140.4,47,1,3140.5,4,1
2031,2026-06-16 15:29:26+05:30,3139.4,1,3135.38,3549825,69096.0,123460.0,3163.0,3163.0,3108.0,3134.3,31963600,3447.7,2820.9,3839.9,2896.0,3139.0,47,4,3138.9,11,1,3138.5,212,2,3138.3,5,1,3138.0,11,3,3139.4,616,1,3139.5,84,1,3140.0,470,13,3140.4,47,1,3140.5,4,1
2031,2026-06-16 15:29:27+05:30,3139.0,2,3135.38,3549825,69096.0,123460.0,3163.0,3163.0,3108.0,3134.3,31963600,3447.7,2820.9,3839.9,2896.0,3139.0,47,4,3138.9,11,1,3138.5,212,2,3138.3,5,1,3138.0,11,3,3139.4,616,1,3139.5,84,1,3140.0,470,13,3140.4,47,1,3140.5,4,1
2031,2026-06-16 15:29:27+05:30,3138.0,1,3135.38,3550167,67810.0,123417.0,3163.0,3163.0,3108.0,3134.3,31963600,3447.7,2820.9,3839.9,2896.0,3137.7,50,1,3137.6,1,1,3137.5,7,1,3137.0,1303,6,3136.8,20,1,3139.4,612,1,3139.5,85,2,3140.0,470,13,3140.3,47,1,3140.4,47,1
2031,2026-06-16 15:29:28+05:30,3137.7,17,3135.38,3550167,67810.0,123417.0,3163.0,3163.0,3108.0,3134.3,31963600,3447.7,2820.9,3839.9,2896.0,3137.7,50,1,3137.6,1,1,3137.5,7,1,3137.0,1303,6,3136.8,20,1,3139.4,612,1,3139.5,85,2,3140.0,470,13,3140.3,47,1,3140.4,47,1
2031,2026-06-16 15:29:28+05:30,3139.4,5,3135.38,3550189,68897.0,123432.0,3163.0,3163.0,3108.0,3134.3,31963600,3447.7,2820.9,3839.9,2896.0,3137.7,33,1,3137.6,1,1,3137.5,8,2,3137.0,1406,7,3136.8,20,1,3139.4,607,1,3139.5,85,2,3140.0,490,14,3140.3,47,1,3140.4,47,1
2031,2026-06-16 15:29:29+05:30,3137.5,1,3135.38,3550189,68897.0,123432.0,3163.0,3163.0,3108.0,3134.3,31963600,3447.7,2820.9,3839.9,2896.0,3137.7,33,1,3137.6,1,1,3137.5,8,2,3137.0,1406,7,3136.8,20,1,3139.4,607,1,3139.5,85,2,3140.0,490,14,3140.3,47,1,3140.4,47,1
2031,2026-06-16 15:29:29+05:30,3137.5,1,3135.38,3550241,68572.0,123122.0,3163.0,3163.0,3108.0,3134.3,31963600,3447.7,2820.9,3839.9,2896.0,3137.1,43,1,3137.0,1406,7,3136.8,20,1,3136.2,1,1,3136.0,321,8,3139.4,597,1,3139.5,85,2,3139.9,47,1,3140.0,490,14,3140.4,47,1
2031,2026-06-16 15:29:30+05:30,3137.0,3,3135.38,3550296,67611.0,122366.0,3163.0,3163.0,3108.0,3134.3,31963600,3447.7,2820.9,3839.9,2896.0,3137.0,1394,7,3136.8,20,1,3136.2,1,1,3136.0,321,8,3135.8,8,2,3139.0,206,3,3139.4,597,1,3139.5,84,1,3139.9,47,1,3140.0,490,14
2031,2026-06-16 15:29:31+05:30,3137.0,3,3135.38,3550296,67611.0,122366.0,3163.0,3163.0,3108.0,3134.3,31963600,3447.7,2820.9,3839.9,2896.0,3137.0,1394,7,3136.8,20,1,3136.2,1,1,3136.0,321,8,3135.8,8,2,3139.0,206,3,3139.4,597,1,3139.5,84,1,3139.9,47,1,3140.0,490,14
2031,2026-06-16 15:29:31+05:30,3137.0,3,3135.38,3550309,66961.0,121716.0,3163.0,3163.0,3108.0,3134.3,31963600,3447.7,2820.9,3839.9,2896.0,3137.0,1391,7,3136.9,1,1,3136.8,20,1,3136.2,1,1,3136.0,321,8,3139.0,199,2,3139.4,597,1,3139.5,84,1,3139.9,47,1,3140.0,490,14
2031,2026-06-16 15:29:32+05:30,3137.0,1,3135.38,3550309,66961.0,121716.0,3163.0,3163.0,3108.0,3134.3,31963600,3447.7,2820.9,3839.9,2896.0,3137.0,1391,7,3136.9,1,1,3136.8,20,1,3136.2,1,1,3136.0,321,8,3139.0,199,2,3139.4,597,1,3139.5,84,1,3139.9,47,1,3140.0,490,14
2031,2026-06-16 15:29:32+05:30,3137.0,1,3135.38,3550310,66960.0,121716.0,3163.0,3163.0,3108.0,3134.3,31963600,3447.7,2820.9,3839.9,2896.0,3137.0,1390,7,3136.9,1,1,3136.8,20,1,3136.2,1,1,3136.0,321,8,3139.0,199,2,3139.4,597,1,3139.5,84,1,3139.9,47,1,3140.0,490,14
2031,2026-06-16 15:29:33+05:30,3137.0,1,3135.38,3550310,66960.0,121716.0,3163.0,3163.0,3108.0,3134.3,31963600,3447.7,2820.9,3839.9,2896.0,3137.0,1390,7,3136.9,1,1,3136.8,20,1,3136.2,1,1,3136.0,321,8,3139.0,199,2,3139.4,597,1,3139.5,84,1,3139.9,47,1,3140.0,490,14
2031,2026-06-16 15:29:34+05:30,3137.0,1,3135.38,3550310,66770.0,121491.0,3163.0,3163.0,3108.0,3134.3,31963600,3447.7,2820.9,3839.9,2896.0,3137.0,1390,7,3136.9,1,1,3136.8,20,1,3136.2,1,1,3136.0,321,8,3139.0,248,2,3139.4,597,1,3139.5,84,1,3140.0,488,15,3140.5,4,1
2031,2026-06-16 15:29:35+05:30,3137.0,1,3135.38,3550310,66770.0,121491.0,3163.0,3163.0,3108.0,3134.3,31963600,3447.7,2820.9,3839.9,2896.0,3137.0,1390,7,3136.9,1,1,3136.8,20,1,3136.2,1,1,3136.0,321,8,3139.0,248,2,3139.4,597,1,3139.5,84,1,3139.9,47,1,3140.0,488,15
2031,2026-06-16 15:29:37+05:30,3137.0,1,3135.38,3550310,66770.0,121491.0,3163.0,3163.0,3108.0,3134.3,31963600,3447.7,2820.9,3839.9,2896.0,3137.0,1390,7,3136.9,1,1,3136.8,20,1,3136.2,1,1,3136.0,321,8,3139.0,248,2,3139.4,597,1,3139.5,84,1,3139.9,47,1,3140.0,488,15
2031,2026-06-16 15:29:38+05:30,3139.0,34,3135.38,3550310,66770.0,121491.0,3163.0,3163.0,3108.0,3134.3,31963600,3447.7,2820.9,3839.9,2896.0,3137.0,1390,7,3136.9,1,1,3136.8,20,1,3136.2,1,1,3136.0,321,8,3139.0,248,2,3139.4,597,1,3139.5,84,1,3139.9,47,1,3140.0,488,15
2031,2026-06-16 15:29:38+05:30,3139.0,34,3135.38,3550344,67015.0,121429.0,3163.0,3163.0,3108.0,3134.3,31963600,3447.7,2820.9,3839.9,2896.0,3137.0,1390,7,3136.9,1,1,3136.8,20,1,3136.2,1,1,3136.0,321,8,3139.0,214,2,3139.4,597,1,3139.5,84,1,3140.0,490,16,3140.4,47,1
2031,2026-06-16 15:29:39+05:30,3139.0,5,3135.38,3550344,67015.0,121429.0,3163.0,3163.0,3108.0,3134.3,31963600,3447.7,2820.9,3839.9,2896.0,3137.0,1390,7,3136.9,1,1,3136.8,20,1,3136.2,1,1,3136.0,321,8,3139.0,214,2,3139.4,597,1,3139.5,84,1,3140.0,490,16,3140.4,47,1
2031,2026-06-16 15:29:39+05:30,3139.0,5,3135.38,3550350,67029.0,121424.0,3163.0,3163.0,3108.0,3134.3,31963600,3447.7,2820.9,3839.9,2896.0,3137.0,1440,8,3136.9,1,1,3136.8,20,1,3136.2,1,1,3136.0,270,7,3139.0,209,2,3139.4,597,1,3139.5,84,1,3140.0,490,16,3140.4,47,1
2031,2026-06-16 15:29:40+05:30,3137.0,557,3135.38,3550350,67029.0,121424.0,3163.0,3163.0,3108.0,3134.3,31963600,3447.7,2820.9,3839.9,2896.0,3137.0,1440,8,3136.9,1,1,3136.8,20,1,3136.2,1,1,3136.0,270,7,3139.0,209,2,3139.4,597,1,3139.5,84,1,3140.0,490,16,3140.4,47,1
2031,2026-06-16 15:29:40+05:30,3137.0,557,3135.38,3550998,66051.0,120780.0,3163.0,3163.0,3108.0,3134.3,31963600,3447.7,2820.9,3839.9,2896.0,3137.0,897,6,3136.9,1,1,3136.8,20,1,3136.2,1,1,3136.0,270,7,3138.9,1,1,3139.0,161,2,3139.5,84,1,3140.0,490,16,3140.5,14,2
2031,2026-06-16 15:29:41+05:30,3139.0,2,3135.38,3550998,66051.0,120780.0,3163.0,3163.0,3108.0,3134.3,31963600,3447.7,2820.9,3839.9,2896.0,3137.0,897,6,3136.9,1,1,3136.8,20,1,3136.2,1,1,3136.0,270,7,3138.9,1,1,3139.0,161,2,3139.5,84,1,3140.0,490,16,3140.5,14,2
2031,2026-06-16 15:29:41+05:30,3139.0,2,3135.38,3551165,65857.0,120714.0,3163.0,3163.0,3108.0,3134.3,31963600,3447.7,2820.9,3839.9,2896.0,3137.0,736,7,3136.9,1,1,3136.8,20,1,3136.2,1,1,3136.0,270,7,3138.9,1,1,3139.0,159,2,3139.5,84,1,3140.0,431,15,3140.5,14,2
2031,2026-06-16 15:29:42+05:30,3137.0,8,3135.38,3551165,65857.0,120714.0,3163.0,3163.0,3108.0,3134.3,31963600,3447.7,2820.9,3839.9,2896.0,3137.0,736,7,3136.9,1,1,3136.8,20,1,3136.2,1,1,3136.0,270,7,3138.9,1,1,3139.0,159,2,3139.5,84,1,3140.0,431,15,3140.5,14,2
2031,2026-06-16 15:29:42+05:30,3137.0,8,3135.38,3551178,65850.0,120714.0,3163.0,3163.0,3108.0,3134.3,31963600,3447.7,2820.9,3839.9,2896.0,3137.0,728,7,3136.9,2,1,3136.8,20,1,3136.2,1,1,3136.0,270,7,3138.9,1,1,3139.0,159,2,3139.5,84,1,3140.0,431,15,3140.5,14,2
2031,2026-06-16 15:29:43+05:30,3138.8,1,3135.38,3551178,65850.0,120714.0,3163.0,3163.0,3108.0,3134.3,31963600,3447.7,2820.9,3839.9,2896.0,3137.0,728,7,3136.9,2,1,3136.8,20,1,3136.2,1,1,3136.0,270,7,3138.9,1,1,3139.0,159,2,3139.5,84,1,3140.0,431,15,3140.5,14,2
2031,2026-06-16 15:29:43+05:30,3138.8,1,3135.38,3551180,64499.0,120363.0,3163.0,3163.0,3108.0,3134.3,31963600,3447.7,2820.9,3839.9,2896.0,3137.0,727,7,3136.9,2,1,3136.8,20,1,3136.2,1,1,3136.0,270,7,3138.8,1,1,3138.9,1,1,3139.0,159,2,3139.5,84,1,3140.0,431,15
2031,2026-06-16 15:29:44+05:30,3137.0,18,3135.38,3551180,64499.0,120363.0,3163.0,3163.0,3108.0,3134.3,31963600,3447.7,2820.9,3839.9,2896.0,3137.0,727,7,3136.9,2,1,3136.8,20,1,3136.2,1,1,3136.0,270,7,3138.8,1,1,3138.9,1,1,3139.0,159,2,3139.5,84,1,3140.0,431,15
2031,2026-06-16 15:29:44+05:30,3137.0,18,3135.38,3551203,64323.0,120215.0,3163.0,3163.0,3108.0,3134.3,31963600,3447.7,2820.9,3839.9,2896.0,3137.0,709,7,3136.9,2,1,3136.8,20,1,3136.2,1,1,3136.0,270,7,3138.9,1,1,3139.0,258,3,3139.5,84,1,3140.0,347,15,3140.4,47,1
2031,2026-06-16 15:29:45+05:30,3139.0,1,3135.38,3551203,64323.0,120215.0,3163.0,3163.0,3108.0,3134.3,31963600,3447.7,2820.9,3839.9,2896.0,3137.0,709,7,3136.9,2,1,3136.8,20,1,3136.2,1,1,3136.0,270,7,3138.9,1,1,3139.0,258,3,3139.5,84,1,3140.0,347,15,3140.4,47,1
2031,2026-06-16 15:29:45+05:30,3139.0,1,3135.38,3551267,64181.0,120069.0,3163.0,3163.0,3108.0,3134.3,31963600,3447.7,2820.9,3839.9,2896.0,3137.0,661,7,3136.9,3,1,3136.8,20,1,3136.2,1,1,3136.0,270,7,3138.9,2,1,3139.0,253,3,3139.5,84,1,3140.0,347,15,3140.5,14,2
2031,2026-06-16 15:29:46+05:30,3137.0,3,3135.38,3551267,64181.0,120069.0,3163.0,3163.0,3108.0,3134.3,31963600,3447.7,2820.9,3839.9,2896.0,3137.0,661,7,3136.9,3,1,3136.8,20,1,3136.2,1,1,3136.0,270,7,3138.9,2,1,3139.0,253,3,3139.5,84,1,3140.0,347,15,3140.5,14,2
2031,2026-06-16 15:29:46+05:30,3137.0,3,3135.38,3551271,64182.0,120089.0,3163.0,3163.0,3108.0,3134.3,31963600,3447.7,2820.9,3839.9,2896.0,3137.0,663,8,3136.9,4,1,3136.8,20,1,3136.2,1,1,3136.0,270,7,3138.7,84,1,3138.9,2,1,3139.0,273,4,3140.0,347,15,3140.5,14,2
2031,2026-06-16 15:29:47+05:30,3137.0,3,3135.38,3551271,63182.0,120109.0,3163.0,3163.0,3108.0,3134.3,31963600,3447.7,2820.9,3839.9,2896.0,3137.0,663,8,3136.9,4,1,3136.8,20,1,3136.2,1,1,3136.0,270,7,3138.7,84,1,3138.9,2,1,3139.0,273,4,3140.0,347,15,3140.5,14,2
2031,2026-06-16 15:29:48+05:30,3137.0,200,3135.38,3551271,63182.0,120109.0,3163.0,3163.0,3108.0,3134.3,31963600,3447.7,2820.9,3839.9,2896.0,3137.0,663,8,3136.9,4,1,3136.8,20,1,3136.2,1,1,3136.0,270,7,3138.7,84,1,3138.9,2,1,3139.0,273,4,3140.0,347,15,3140.5,14,2
2031,2026-06-16 15:29:48+05:30,3137.0,200,3135.38,3551471,62581.0,120108.0,3163.0,3163.0,3108.0,3134.3,31963600,3447.7,2820.9,3839.9,2896.0,3137.0,463,8,3136.9,3,1,3136.8,20,1,3136.2,1,1,3136.0,270,7,3138.7,84,1,3138.9,1,1,3139.0,273,4,3140.0,347,15,3140.5,14,2
2031,2026-06-16 15:29:49+05:30,3137.0,10,3135.38,3551471,62581.0,120108.0,3163.0,3163.0,3108.0,3134.3,31963600,3447.7,2820.9,3839.9,2896.0,3137.0,463,8,3136.9,3,1,3136.8,20,1,3136.2,1,1,3136.0,270,7,3138.7,84,1,3138.9,1,1,3139.0,273,4,3140.0,347,15,3140.5,14,2
2031,2026-06-16 15:29:49+05:30,3137.0,10,3135.38,3551471,62581.0,120108.0,3163.0,3163.0,3108.0,3134.3,31963600,3447.7,2820.9,3839.9,2896.0,3137.0,463,8,3136.9,3,1,3136.8,20,1,3136.2,1,1,3136.0,270,7,3138.7,84,1,3138.9,1,1,3139.0,273,4,3140.0,347,15,3140.5,14,2
2031,2026-06-16 15:29:49+05:30,3137.0,10,3135.38,3551481,62671.0,120108.0,3163.0,3163.0,3108.0,3134.3,31963600,3447.7,2820.9,3839.9,2896.0,3137.0,453,8,3136.9,3,1,3136.8,20,1,3136.2,1,1,3136.0,270,7,3138.7,84,1,3138.9,1,1,3139.0,273,4,3140.0,347,15,3140.5,14,2
2031,2026-06-16 15:29:50+05:30,3137.0,10,3135.38,3551481,62712.0,120107.0,3163.0,3163.0,3108.0,3134.3,31963600,3447.7,2820.9,3839.9,2896.0,3137.1,21,2,3137.0,453,8,3136.8,20,1,3136.2,1,1,3136.0,243,6,3138.7,84,1,3139.0,277,5,3140.0,343,14,3140.5,14,2,3141.0,50,3
2031,2026-06-16 15:29:51+05:30,3137.0,10,3135.38,3551481,62712.0,120107.0,3163.0,3163.0,3108.0,3134.3,31963600,3447.7,2820.9,3839.9,2896.0,3137.1,21,2,3137.0,453,8,3136.8,20,1,3136.2,1,1,3136.0,243,6,3138.7,84,1,3139.0,277,5,3140.0,343,14,3140.5,14,2,3141.0,50,3
2031,2026-06-16 15:29:51+05:30,3138.7,1,3135.38,3551482,62731.0,120106.0,3163.0,3163.0,3108.0,3134.3,31963600,3447.7,2820.9,3839.9,2896.0,3137.1,21,2,3137.0,1003,9,3136.8,20,1,3136.2,1,1,3136.0,262,7,3138.7,83,1,3139.0,277,5,3140.0,343,14,3140.5,14,2,3141.0,50,3
2031,2026-06-16 15:29:52+05:30,3138.7,5,3135.38,3551482,62731.0,120106.0,3163.0,3163.0,3108.0,3134.3,31963600,3447.7,2820.9,3839.9,2896.0,3137.1,21,2,3137.0,1003,9,3136.8,20,1,3136.2,1,1,3136.0,262,7,3138.7,83,1,3139.0,277,5,3140.0,343,14,3140.5,14,2,3141.0,50,3
2031,2026-06-16 15:29:52+05:30,3138.7,5,3135.38,3551562,62723.0,120101.0,3163.0,3163.0,3108.0,3134.3,31963600,3447.7,2820.9,3839.9,2896.0,3137.1,13,2,3137.0,1003,9,3136.8,20,1,3136.2,1,1,3136.0,262,7,3138.7,78,1,3139.0,277,5,3140.0,343,14,3140.5,14,2,3141.0,50,3
2031,2026-06-16 15:29:53+05:30,3138.7,5,3135.38,3551562,62723.0,120101.0,3163.0,3163.0,3108.0,3134.3,31963600,3447.7,2820.9,3839.9,2896.0,3137.1,13,2,3137.0,1003,9,3136.8,20,1,3136.2,1,1,3136.0,262,7,3138.7,78,1,3139.0,277,5,3140.0,343,14,3140.5,14,2,3141.0,50,3
2031,2026-06-16 15:29:53+05:30,3137.0,20,3135.38,3551606,61572.0,120107.0,3163.0,3163.0,3108.0,3134.3,31963600,3447.7,2820.9,3839.9,2896.0,3137.0,983,9,3136.8,20,1,3136.2,1,1,3136.0,262,7,3135.8,8,2,3138.7,78,1,3139.0,277,5,3140.0,349,15,3140.5,14,2,3141.0,50,3
2031,2026-06-16 15:29:54+05:30,3137.0,20,3135.38,3551606,61572.0,120107.0,3163.0,3163.0,3108.0,3134.3,31963600,3447.7,2820.9,3839.9,2896.0,3137.0,983,9,3136.8,20,1,3136.2,1,1,3136.0,262,7,3135.8,8,2,3138.7,78,1,3139.0,277,5,3140.0,349,15,3140.5,14,2,3141.0,50,3
2031,2026-06-16 15:29:54+05:30,3137.0,2,3135.38,3551608,58904.0,119836.0,3163.0,3163.0,3108.0,3134.3,31963600,3447.7,2820.9,3839.9,2896.0,3137.0,981,9,3136.8,20,1,3136.2,1,1,3136.0,262,7,3135.8,8,2,3138.0,50,1,3138.7,78,1,3139.0,227,4,3140.0,349,15,3140.5,14,2
2031,2026-06-16 15:29:55+05:30,3137.0,2,3135.38,3551608,58904.0,119836.0,3163.0,3163.0,3108.0,3134.3,31963600,3447.7,2820.9,3839.9,2896.0,3137.0,981,9,3136.8,20,1,3136.2,1,1,3136.0,262,7,3135.8,8,2,3138.0,50,1,3138.7,78,1,3139.0,227,4,3140.0,349,15,3140.5,14,2
2031,2026-06-16 15:29:55+05:30,3137.0,2,3135.38,3551608,58904.0,119836.0,3163.0,3163.0,3108.0,3134.3,31963600,3447.7,2820.9,3839.9,2896.0,3137.0,981,9,3136.8,20,1,3136.2,1,1,3136.0,262,7,3135.8,8,2,3138.0,50,1,3138.7,78,1,3139.0,227,4,3140.0,349,15,3140.5,14,2
2031,2026-06-16 15:29:55+05:30,3138.0,10,3135.38,3551643,58879.0,119826.0,3163.0,3163.0,3108.0,3134.3,31963600,3447.7,2820.9,3839.9,2896.0,3137.0,956,9,3136.8,20,1,3136.2,1,1,3136.0,262,7,3135.8,8,2,3138.0,40,1,3138.7,78,1,3139.0,227,4,3140.0,349,15,3140.5,14,2
2031,2026-06-16 15:29:56+05:30,3138.0,1,3135.38,3551643,58879.0,119826.0,3163.0,3163.0,3108.0,3134.3,31963600,3447.7,2820.9,3839.9,2896.0,3137.0,956,9,3136.8,20,1,3136.2,1,1,3136.0,262,7,3135.8,8,2,3138.0,40,1,3138.7,78,1,3139.0,227,4,3140.0,349,15,3140.5,14,2
2031,2026-06-16 15:29:56+05:30,3138.7,11,3135.38,3551696,58877.0,119775.0,3163.0,3163.0,3108.0,3134.3,31963600,3447.7,2820.9,3839.9,2896.0,3137.0,960,10,3136.8,20,1,3136.2,1,1,3136.0,262,7,3135.8,2,1,3138.7,67,1,3139.0,227,4,3140.0,349,15,3140.5,14,2,3141.0,50,3
2031,2026-06-16 15:29:57+05:30,3138.7,11,3135.38,3551696,58877.0,119775.0,3163.0,3163.0,3108.0,3134.3,31963600,3447.7,2820.9,3839.9,2896.0,3137.0,960,10,3136.8,20,1,3136.2,1,1,3136.0,262,7,3135.8,2,1,3138.7,67,1,3139.0,227,4,3140.0,349,15,3140.5,14,2,3141.0,50,3
2031,2026-06-16 15:29:58+05:30,3138.7,11,3135.38,3551696,58877.0,119775.0,3163.0,3163.0,3108.0,3134.3,31963600,3447.7,2820.9,3839.9,2896.0,3137.0,960,10,3136.8,20,1,3136.2,1,1,3136.0,262,7,3135.8,2,1,3138.7,67,1,3139.0,227,4,3140.0,349,15,3140.5,14,2,3141.0,50,3
2031,2026-06-16 15:29:58+05:30,3137.0,2,3135.38,3551698,58477.0,119775.0,3163.0,3163.0,3108.0,3134.3,31963600,3447.7,2820.9,3839.9,2896.0,3137.0,970,12,3136.8,20,1,3136.2,1,1,3136.0,262,7,3135.8,2,1,3138.7,67,1,3139.0,227,4,3140.0,349,15,3140.5,14,2,3141.0,50,3
2031,2026-06-16 15:29:58+05:30,3137.0,2,3135.38,3551698,58477.0,119775.0,3163.0,3163.0,3108.0,3134.3,31963600,3447.7,2820.9,3839.9,2896.0,3137.0,970,12,3136.8,20,1,3136.2,1,1,3136.0,262,7,3135.8,2,1,3138.7,67,1,3139.0,227,4,3140.0,349,15,3140.5,14,2,3141.0,50,3
2031,2026-06-16 15:29:59+05:30,3137.0,2,3135.38,3551698,57877.0,119775.0,3163.0,3163.0,3108.0,3134.3,31963600,3447.7,2820.9,3839.9,2896.0,3137.0,970,12,3136.8,20,1,3136.2,1,1,3136.0,262,7,3135.8,2,1,3138.7,67,1,3139.0,227,4,3140.0,349,15,3140.5,14,2,3141.0,50,3
2031,2026-06-16 15:29:59+05:30,3137.0,2,3135.38,3551698,57877.0,119775.0,3163.0,3163.0,3108.0,3134.3,31963600,3447.7,2820.9,3839.9,2896.0,3137.0,970,12,3136.8,20,1,3136.2,1,1,3136.0,262,7,3135.8,2,1,3138.7,67,1,3139.0,227,4,3140.0,349,15,3140.5,14,2,3141.0,50,3
